Gene A,Gene B,Score
YCR028C-A,YDL165W,0.8478628993034363
YCR028C-A,YGR059W,3.763034692383371e-05
YCR028C-A,YBR109C,5.7449506130069494e-06
YCR028C-A,YJL080C,6.299840720203065e-07
YCR028C-A,YCR093W,6.395026139216498e-05
YCR028C-A,YIL122W,0.000471246283268556
YCR028C-A,YCL029C,0.002926997607573867
YCR028C-A,YNL173C,0.14180880784988403
YCR028C-A,YLR452C,0.0058253309689462185
YCR028C-A,YDL160C,2.1099073421737558e-07
YCR028C-A,YLR229C,0.004242978990077972
YCR028C-A,YML057W,0.2432866096496582
YCR028C-A,YER149C,0.011279178783297539
YCR028C-A,YMR305C,0.001289859414100647
YCR028C-A,YLR433C,0.00023994295042939484
YCR028C-A,YJL073W,0.9964901804924011
YCR028C-A,YGR279C,1.2997655396418395e-08
YCR028C-A,YKL190W,2.2491007257485762e-05
YCR028C-A,YGL089C,0.06655678898096085
YCR028C-A,YJL019W,0.007386511191725731
YCR028C-A,YJL018W,0.2020167112350464
YCR028C-A,YNR032C-A,8.107073057317393e-08
YCR028C-A,YGL178W,0.0001332863757852465
YCR028C-A,YKL116C,5.401723683462478e-06
YCR028C-A,YDL214C,0.9327365159988403
YCR028C-A,YLR362W,4.914418241241947e-07
YCR028C-A,YER068W,0.018485775217413902
YCR028C-A,YHR084W,0.015897393226623535
YCR028C-A,YDR392W,0.0756346806883812
YCR028C-A,YNL053W,0.07444634288549423
YCR028C-A,YGR040W,0.26285481452941895
YCR028C-A,YDL216C,0.9841392636299133
YCR028C-A,YOL117W,0.4782717823982239
YCR028C-A,YJR086W,0.0454350970685482
YCR028C-A,YMR025W,0.39799079298973083
YCR028C-A,YBR081C,0.0013628684682771564
YCR028C-A,YFL026W,5.173224626453532e-10
YCR028C-A,YHL007C,0.2435782551765442
YCR028C-A,YNR044W,0.005572865251451731
YCR028C-A,YNL271C,1.4518078387482092e-05
YCR028C-A,YDR200C,0.03217456862330437
YCR028C-A,YKL178C,0.005046991631388664
YCR028C-A,YOR212W,0.004067528992891312
YCR028C-A,YOL111C,3.4950799090438522e-06
YCR028C-A,YGL032C,0.00010737464617704973
YCR028C-A,YHR005C,0.026184363290667534
YCR028C-A,YDR103W,0.08140021562576294
YCR028C-A,YJR084W,0.08608303219079971
YCR028C-A,YCL032W,0.0024411631748080254
YCR028C-A,YJL170C,5.300441989675164e-05
YCR028C-A,YDR179C,0.0004469590785447508
YCR028C-A,YBR095C,0.9597228169441223
YCR028C-A,YLL021W,0.001347123645246029
YCR028C-A,YDL159W,0.05609183758497238
YCR028C-A,YNL161W,0.5722707509994507
YCR028C-A,YNL188W,0.006920098792761564
YCR028C-A,YJL157C,0.00041708152275532484
YCR028C-A,YJL034W,1.6898813945398494e-11
YCR028C-A,YLR238W,0.9943487048149109
YCR028C-A,YPR141C,6.093890260672197e-05
YCR028C-A,YNL127W,0.44824475049972534
YCR028C-A,YCL055W,0.015791533514857292
YCR028C-A,YPR122W,0.00016149281873367727
YCR028C-A,YMR065W,0.16225169599056244
YCR028C-A,YDR356W,0.0032293994445353746
YCR028C-A,YMR052W,0.33587297797203064
YCR028C-A,YFR008W,0.9993901252746582
YCR028C-A,YLL043W,0.00010105522960657254
YCR028C-A,YMR029C,0.0002807741693686694
YCR028C-A,YJR004C,0.015848804265260696
YCR028C-A,YDL223C,1.8905794985091262e-10
YCR028C-A,YHR158C,0.8555952310562134
YCR028C-A,YGR238C,0.9118221402168274
YCR028C-A,YIL015W,9.052339919435326e-06
YCR028C-A,YGL173C,0.003875689348205924
YCR028C-A,YDL225W,0.017624959349632263
YCR028C-A,YLR330W,0.9910736680030823
YCR028C-A,YBR129C,5.065770892542787e-05
YCR028C-A,YKR095W-A,0.2020167112350464
YCR028C-A,YPR075C,0.18689891695976257
YCR028C-A,YMR198W,4.2022861634904984e-07
YCR028C-A,YOR127W,0.0009967349469661713
YCR028C-A,YDR264C,0.00040453163092024624
YCR028C-A,YLR110C,0.0002640607999637723
YCR028C-A,YDR379W,0.8184537887573242
YCR028C-A,YDL100C,3.930237198801478e-06
YCR028C-A,YHR073W,0.00869747344404459
YCR028C-A,YJR090C,0.00872841477394104
YCR028C-A,YOR208W,0.023423941805958748
YCR028C-A,YBR040W,0.016606222838163376
YCR028C-A,YNL279W,0.1725885570049286
YCR028C-A,YER075C,0.011204688809812069
YCR028C-A,YCR089W,0.00046271385508589447
YCR028C-A,YCR002C,1.9597058553699753e-07
YCR028C-A,YJL108C,0.00013511716679204255
YCR028C-A,YBR200W,0.00011810555588454008
YCR028C-A,YIL026C,0.001786486362107098
YCR028C-A,YJR076C,0.001077698078006506
YCR028C-A,YKR031C,0.02420324645936489
YCR028C-A,YPL192C,0.002409544540569186
YCR028C-A,YHR107C,4.452766916074324e-06
YCR028C-A,YIL037C,0.09401340782642365
YCR028C-A,YPL156C,6.300877430476248e-05
YCR028C-A,YIL117C,0.8080493211746216
YCR028C-A,YHR066W,0.006756826303899288
YCR028C-A,YML085C,0.039021577686071396
YCR028C-A,YML047C,0.026643335819244385
YCR028C-A,YDR312W,1.6417503502452746e-05
YCR028C-A,YFL037W,5.154839072929462e-06
YCR028C-A,YDL038C,0.2020167112350464
YCR028C-A,YDL039C,1.231902899689885e-07
YCR028C-A,YCL027W,3.653472049336415e-07
YCR028C-A,YML124C,0.00025821730378083885
YCR028C-A,YGL053W,0.8869508504867554
YCR028C-A,YMR232W,0.0014448079746216536
YCR028C-A,YNL298W,0.0015597124584019184
YCR028C-A,YGL099W,0.00014167683548294008
YCR028C-A,YBL016W,5.391425474954303e-06
YCR028C-A,YAL041W,0.00031425876659341156
YCR028C-A,YDR085C,0.0008045078138820827
YCR028C-A,YPL187W,0.09982270002365112
YCR028C-A,YPL256C,0.00028454751009121537
YCR028C-A,YDR461W,7.882483186137657e-13
YCR028C-A,YNL145W,1.7281568398530567e-09
YMR241W,YDL165W,0.048386555165052414
YMR241W,YGR059W,4.227985846227966e-05
YMR241W,YBR109C,7.058360562695043e-10
YMR241W,YJL080C,2.6189791242359206e-05
YMR241W,YCR093W,0.5348526239395142
YMR241W,YIL122W,0.00013495532039087266
YMR241W,YCL029C,1.2337526641204022e-05
YMR241W,YNL173C,0.7109814882278442
YMR241W,YLR452C,5.8646403289230875e-09
YMR241W,YDL160C,0.0018300949595868587
YMR241W,YLR229C,1.48559863077935e-07
YMR241W,YML057W,1.661733852818516e-16
YMR241W,YER149C,7.122929357450403e-09
YMR241W,YMR305C,3.871021884115089e-13
YMR241W,YLR433C,6.063833324354562e-10
YMR241W,YJL073W,4.762514320221347e-15
YMR241W,YGR279C,5.88975002102643e-09
YMR241W,YKL190W,0.03851999342441559
YMR241W,YGL089C,0.999944806098938
YMR241W,YJL019W,0.00018249914865009487
YMR241W,YJL018W,0.0003515329153742641
YMR241W,YNR032C-A,0.0023356969468295574
YMR241W,YGL178W,7.799901349803129e-12
YMR241W,YKL116C,9.985406945745012e-11
YMR241W,YDL214C,0.0004948314744979143
YMR241W,YLR362W,1.9313457777503373e-10
YMR241W,YER068W,7.471245302113905e-13
YMR241W,YHR084W,3.2275382366719896e-09
YMR241W,YDR392W,5.601153221790334e-12
YMR241W,YNL053W,3.8937159843044356e-05
YMR241W,YGR040W,3.008272031479464e-08
YMR241W,YDL216C,0.0008412311435677111
YMR241W,YOL117W,1.2262104064575396e-05
YMR241W,YJR086W,4.103106402908452e-05
YMR241W,YMR025W,0.9999125003814697
YMR241W,YBR081C,0.008077128790318966
YMR241W,YFL026W,5.76188199374883e-08
YMR241W,YHL007C,3.7494842786145455e-09
YMR241W,YNR044W,3.8808573776805133e-07
YMR241W,YNL271C,1.0456022714322444e-09
YMR241W,YDR200C,9.794860034162411e-09
YMR241W,YKL178C,0.030335210263729095
YMR241W,YOR212W,4.893547372875062e-11
YMR241W,YOL111C,0.0004361603350844234
YMR241W,YGL032C,4.083690099011811e-16
YMR241W,YHR005C,0.3790265619754791
YMR241W,YDR103W,0.9520778059959412
YMR241W,YJR084W,2.344279936798287e-15
YMR241W,YCL032W,5.09780365973711e-05
YMR241W,YJL170C,7.101767550921068e-06
YMR241W,YDR179C,3.768479972521277e-11
YMR241W,YBR095C,2.8005520107399207e-06
YMR241W,YLL021W,7.082471256580902e-06
YMR241W,YDL159W,8.675440312799765e-07
YMR241W,YNL161W,2.675487849046476e-07
YMR241W,YNL188W,3.065571718252613e-06
YMR241W,YJL157C,1.4617732371768888e-11
YMR241W,YJL034W,1.8932702560109198e-15
YMR241W,YLR238W,0.0007048982079140842
YMR241W,YPR141C,2.724420022914842e-09
YMR241W,YNL127W,6.088552254368551e-05
YMR241W,YCL055W,4.389419939175056e-14
YMR241W,YPR122W,0.4488472044467926
YMR241W,YMR065W,0.0013726491015404463
YMR241W,YDR356W,0.0027282722294330597
YMR241W,YMR052W,0.9961150884628296
YMR241W,YFR008W,2.2590316802961752e-05
YMR241W,YLL043W,2.9098488063539207e-09
YMR241W,YMR029C,9.180070748016078e-08
YMR241W,YJR004C,9.730941052943365e-11
YMR241W,YDL223C,3.6619829391071335e-10
YMR241W,YHR158C,0.9999997615814209
YMR241W,YGR238C,1.8570389637932033e-13
YMR241W,YIL015W,8.625122063676827e-06
YMR241W,YGL173C,0.0033830837346613407
YMR241W,YDL225W,3.6197356223510724e-09
YMR241W,YLR330W,7.417897904815618e-06
YMR241W,YBR129C,0.00032192139769904315
YMR241W,YKR095W-A,0.2020167112350464
YMR241W,YPR075C,4.8908852079421195e-08
YMR241W,YMR198W,2.0025188860017806e-05
YMR241W,YOR127W,4.414345278203058e-11
YMR241W,YDR264C,2.45933624682948e-05
YMR241W,YLR110C,2.219637053713086e-06
YMR241W,YDR379W,0.0007151380414143205
YMR241W,YDL100C,4.8858157103426336e-11
YMR241W,YHR073W,0.0004914960009045899
YMR241W,YJR090C,0.43922191858291626
YMR241W,YOR208W,0.16039146482944489
YMR241W,YBR040W,4.032790101859973e-08
YMR241W,YNL279W,3.0638858561360394e-08
YMR241W,YER075C,0.00042325566755607724
YMR241W,YCR089W,2.7981866423942847e-06
YMR241W,YCR002C,1.6448564110760344e-07
YMR241W,YJL108C,9.309167944593355e-05
YMR241W,YBR200W,2.364216378225592e-08
YMR241W,YIL026C,9.758012993188458e-07
YMR241W,YJR076C,5.63331425951219e-09
YMR241W,YKR031C,8.76174353474932e-15
YMR241W,YPL192C,9.524565393803641e-05
YMR241W,YHR107C,5.946876626694575e-07
YMR241W,YIL037C,1.0981738185478207e-08
YMR241W,YPL156C,0.751736581325531
YMR241W,YIL117C,0.23097029328346252
YMR241W,YHR066W,6.790361339881201e-08
YMR241W,YML085C,2.9997931222380814e-11
YMR241W,YML047C,0.0001313702086918056
YMR241W,YDR312W,1.197210993536535e-11
YMR241W,YFL037W,6.050664526704996e-13
YMR241W,YDL038C,0.2020167112350464
YMR241W,YDL039C,2.7083699866148336e-12
YMR241W,YCL027W,2.5316315545114397e-14
YMR241W,YML124C,1.7061137821499194e-22
YMR241W,YGL053W,0.9880532026290894
YMR241W,YMR232W,0.40770643949508667
YMR241W,YNL298W,3.6633566651289584e-06
YMR241W,YGL099W,4.816354248760035e-08
YMR241W,YBL016W,5.987813123478104e-15
YMR241W,YAL041W,2.6813457225216553e-05
YMR241W,YDR085C,0.9523669481277466
YMR241W,YPL187W,0.01383269764482975
YMR241W,YPL256C,5.750227091862402e-18
YMR241W,YDR461W,4.199795719528332e-11
YMR241W,YNL145W,8.80837243422139e-12
YOL060C,YDL165W,1.3672148537011847e-13
YOL060C,YGR059W,9.286848268175163e-08
YOL060C,YBR109C,1.7950431356439367e-05
YOL060C,YJL080C,0.22790740430355072
YOL060C,YCR093W,1.974958649952896e-06
YOL060C,YIL122W,2.804626086927442e-09
YOL060C,YCL029C,3.38590172067367e-14
YOL060C,YNL173C,0.008706456981599331
YOL060C,YLR452C,0.3819081485271454
YOL060C,YDL160C,1.4682483007177893e-10
YOL060C,YLR229C,5.094785251458234e-07
YOL060C,YML057W,7.32851057616557e-10
YOL060C,YER149C,4.681804810502399e-08
YOL060C,YMR305C,3.375959204277024e-05
YOL060C,YLR433C,2.600810148578603e-06
YOL060C,YJL073W,3.4083285781368045e-13
YOL060C,YGR279C,5.295262894833286e-07
YOL060C,YKL190W,1.5852968999752193e-06
YOL060C,YGL089C,2.4712727524078826e-12
YOL060C,YJL019W,1.2582431736518629e-05
YOL060C,YJL018W,0.00026057372451759875
YOL060C,YNR032C-A,3.3810630384323304e-07
YOL060C,YGL178W,0.0001437786704627797
YOL060C,YKL116C,0.1787339448928833
YOL060C,YDL214C,0.0004997801152057946
YOL060C,YLR362W,0.0006255410262383521
YOL060C,YER068W,0.00046891369856894016
YOL060C,YHR084W,5.718558782064065e-08
YOL060C,YDR392W,5.6443511198267515e-08
YOL060C,YNL053W,6.377547106239945e-05
YOL060C,YGR040W,3.962064779993585e-13
YOL060C,YDL216C,0.006854344625025988
YOL060C,YOL117W,4.257483851688448e-06
YOL060C,YJR086W,2.222275270469254e-07
YOL060C,YMR025W,3.834123708656989e-05
YOL060C,YBR081C,0.008728758431971073
YOL060C,YFL026W,0.026521800085902214
YOL060C,YHL007C,1.3229580764217985e-09
YOL060C,YNR044W,2.906436975536053e-07
YOL060C,YNL271C,2.7203247654483675e-08
YOL060C,YDR200C,1.8509193751015118e-06
YOL060C,YKL178C,0.0023836938198655844
YOL060C,YOR212W,1.182442792924121e-05
YOL060C,YOL111C,1.4215850718812817e-11
YOL060C,YGL032C,3.4470784004980715e-09
YOL060C,YHR005C,0.36382269859313965
YOL060C,YDR103W,0.05568947270512581
YOL060C,YJR084W,1.6038950434449362e-07
YOL060C,YCL032W,7.379383646366477e-07
YOL060C,YJL170C,2.317713096999796e-07
YOL060C,YDR179C,8.132890194634257e-12
YOL060C,YBR095C,2.863531113617146e-11
YOL060C,YLL021W,2.219966432903675e-07
YOL060C,YDL159W,4.5439896894095e-06
YOL060C,YNL161W,0.0586131252348423
YOL060C,YNL188W,1.5894613625277998e-07
YOL060C,YJL157C,1.2169221918156836e-05
YOL060C,YJL034W,1.564856947635588e-14
YOL060C,YLR238W,1.3211860050432733e-08
YOL060C,YPR141C,2.0624471640078024e-13
YOL060C,YNL127W,4.0205830487138883e-07
YOL060C,YCL055W,1.4652276059123892e-09
YOL060C,YPR122W,4.6352688514161855e-06
YOL060C,YMR065W,1.9216826209738497e-13
YOL060C,YDR356W,3.959449074489828e-14
YOL060C,YMR052W,3.9723768718857855e-10
YOL060C,YFR008W,8.698494639247656e-05
YOL060C,YLL043W,5.763311250461811e-08
YOL060C,YMR029C,4.410230030771345e-05
YOL060C,YJR004C,0.004235071130096912
YOL060C,YDL223C,9.102317017522024e-14
YOL060C,YHR158C,0.0002754017186816782
YOL060C,YGR238C,3.252578721912869e-07
YOL060C,YIL015W,0.9983106851577759
YOL060C,YGL173C,2.563460475357715e-05
YOL060C,YDL225W,0.04307888448238373
YOL060C,YLR330W,2.1394265914409516e-08
YOL060C,YBR129C,4.3405912197869156e-10
YOL060C,YKR095W-A,0.2020167112350464
YOL060C,YPR075C,1.8773522242554463e-05
YOL060C,YMR198W,2.9271198773205345e-14
YOL060C,YOR127W,5.439518281491473e-05
YOL060C,YDR264C,1.11129565993906e-06
YOL060C,YLR110C,2.7683964062136246e-12
YOL060C,YDR379W,8.539700890874968e-11
YOL060C,YDL100C,0.0002141162840416655
YOL060C,YHR073W,1.3555213627114426e-06
YOL060C,YJR090C,0.14549905061721802
YOL060C,YOR208W,8.798931230558082e-05
YOL060C,YBR040W,0.03723900020122528
YOL060C,YNL279W,0.00873494427651167
YOL060C,YER075C,0.007021323312073946
YOL060C,YCR089W,4.3706776864382846e-08
YOL060C,YCR002C,0.007649304810911417
YOL060C,YJL108C,8.229253389835378e-10
YOL060C,YBR200W,0.03111608512699604
YOL060C,YIL026C,6.195396196062575e-08
YOL060C,YJR076C,1.523002879366686e-07
YOL060C,YKR031C,0.999760091304779
YOL060C,YPL192C,2.0260500605218112e-05
YOL060C,YHR107C,1.1711692060600853e-08
YOL060C,YIL037C,0.998497486114502
YOL060C,YPL156C,0.5153412222862244
YOL060C,YIL117C,0.29211580753326416
YOL060C,YHR066W,8.758822773241285e-18
YOL060C,YML085C,4.923747465247676e-16
YOL060C,YML047C,2.147369514204911e-06
YOL060C,YDR312W,4.280795717903629e-09
YOL060C,YFL037W,9.983979225580697e-07
YOL060C,YDL038C,0.2020167112350464
YOL060C,YDL039C,1.663238123617017e-11
YOL060C,YCL027W,1.3373725778365042e-05
YOL060C,YML124C,3.24263250799095e-12
YOL060C,YGL053W,6.310090157057857e-06
YOL060C,YMR232W,0.9951528310775757
YOL060C,YNL298W,0.641499400138855
YOL060C,YGL099W,0.005534545052796602
YOL060C,YBL016W,0.0032170270569622517
YOL060C,YAL041W,0.12137498706579208
YOL060C,YDR085C,7.047502731438726e-05
YOL060C,YPL187W,4.5608452637679875e-05
YOL060C,YPL256C,3.1131614832702326e-06
YOL060C,YDR461W,2.7486371512175367e-10
YOL060C,YNL145W,0.12168996036052704
YBR234C,YDL165W,3.821999605690962e-09
YBR234C,YGR059W,1.8780479558652696e-13
YBR234C,YBR109C,5.177493416635981e-12
YBR234C,YJL080C,0.0002504163421690464
YBR234C,YCR093W,0.0001799260644474998
YBR234C,YIL122W,7.344623753624546e-08
YBR234C,YCL029C,1.7686764408608724e-07
YBR234C,YNL173C,0.00015057960990816355
YBR234C,YLR452C,6.121882514809052e-13
YBR234C,YDL160C,0.0023612957447767258
YBR234C,YLR229C,0.0001228896580869332
YBR234C,YML057W,1.2093346413166728e-07
YBR234C,YER149C,1.1003690403299515e-08
YBR234C,YMR305C,7.941810403755412e-12
YBR234C,YLR433C,1.509826397239067e-08
YBR234C,YJL073W,3.105476986675626e-11
YBR234C,YGR279C,0.0026866577100008726
YBR234C,YKL190W,2.749390262124507e-07
YBR234C,YGL089C,1.1142012312781446e-10
YBR234C,YJL019W,4.573141865193975e-08
YBR234C,YJL018W,0.0024864610750228167
YBR234C,YNR032C-A,1.630957484621831e-07
YBR234C,YGL178W,0.0012580695329234004
YBR234C,YKL116C,1.4038082918332861e-09
YBR234C,YDL214C,3.502950130496174e-05
YBR234C,YLR362W,2.945422693301225e-06
YBR234C,YER068W,3.1980914627638413e-06
YBR234C,YHR084W,1.585340669407742e-06
YBR234C,YDR392W,3.2114053083454053e-10
YBR234C,YNL053W,3.472115750469129e-08
YBR234C,YGR040W,0.0051173376850783825
YBR234C,YDL216C,2.771894042422063e-12
YBR234C,YOL117W,2.823335080393008e-06
YBR234C,YJR086W,3.021268651925979e-11
YBR234C,YMR025W,3.1271767397811345e-08
YBR234C,YBR081C,4.7450338797050406e-11
YBR234C,YFL026W,2.794162057284666e-08
YBR234C,YHL007C,1.2909574742536734e-08
YBR234C,YNR044W,1.5490904559101182e-07
YBR234C,YNL271C,0.000582403561566025
YBR234C,YDR200C,7.914652400131672e-08
YBR234C,YKL178C,2.2604522698088658e-08
YBR234C,YOR212W,1.1028467383766838e-07
YBR234C,YOL111C,2.6953597461199795e-22
YBR234C,YGL032C,0.0007899284828454256
YBR234C,YHR005C,4.325024292484159e-06
YBR234C,YDR103W,2.1795387965539703e-06
YBR234C,YJR084W,5.904673416878836e-10
YBR234C,YCL032W,8.293073960885522e-07
YBR234C,YJL170C,1.1703216387104476e-06
YBR234C,YDR179C,3.0413800818085424e-13
YBR234C,YBR095C,4.095518021940414e-11
YBR234C,YLL021W,4.306085443772645e-08
YBR234C,YDL159W,7.959066351759247e-06
YBR234C,YNL161W,0.0016581749077886343
YBR234C,YNL188W,2.6948979159335806e-10
YBR234C,YJL157C,7.171912138301294e-16
YBR234C,YJL034W,1.0842617914619268e-09
YBR234C,YLR238W,3.105697715000133e-06
YBR234C,YPR141C,4.1368824810206206e-08
YBR234C,YNL127W,3.6097385081035327e-09
YBR234C,YCL055W,4.285055643649116e-11
YBR234C,YPR122W,6.967391663614819e-10
YBR234C,YMR065W,5.673858140653465e-06
YBR234C,YDR356W,3.2987679787765956e-07
YBR234C,YMR052W,3.055826596209954e-07
YBR234C,YFR008W,6.093613080793148e-08
YBR234C,YLL043W,8.282464477815665e-06
YBR234C,YMR029C,8.2011479207722e-07
YBR234C,YJR004C,1.7530066287463342e-08
YBR234C,YDL223C,1.656268122795028e-21
YBR234C,YHR158C,1.0202152012084298e-08
YBR234C,YGR238C,7.333055274116873e-10
YBR234C,YIL015W,0.2561296224594116
YBR234C,YGL173C,1.6739075681115878e-09
YBR234C,YDL225W,0.00017606106121093035
YBR234C,YLR330W,4.716050033132246e-12
YBR234C,YBR129C,0.0007555424235761166
YBR234C,YKR095W-A,0.2020167112350464
YBR234C,YPR075C,7.673190379627282e-20
YBR234C,YMR198W,2.912848347941255e-12
YBR234C,YOR127W,1.540768971608486e-05
YBR234C,YDR264C,1.0178633047530639e-08
YBR234C,YLR110C,3.317942101621618e-11
YBR234C,YDR379W,0.00012952383258379996
YBR234C,YDL100C,2.0390370991663076e-05
YBR234C,YHR073W,0.018444806337356567
YBR234C,YJR090C,3.122198680149957e-13
YBR234C,YOR208W,1.842425101372669e-10
YBR234C,YBR040W,5.052042979514226e-07
YBR234C,YNL279W,0.0010956868063658476
YBR234C,YER075C,1.938597025963329e-11
YBR234C,YCR089W,2.3173336103354814e-06
YBR234C,YCR002C,2.5054434900084743e-06
YBR234C,YJL108C,2.8279541766096372e-06
YBR234C,YBR200W,0.0008754964219406247
YBR234C,YIL026C,1.0890081059145018e-09
YBR234C,YJR076C,8.703308935764653e-07
YBR234C,YKR031C,3.303726714420918e-07
YBR234C,YPL192C,1.9534962189537985e-11
YBR234C,YHR107C,0.002309199422597885
YBR234C,YIL037C,0.003123978152871132
YBR234C,YPL156C,2.265076182084158e-05
YBR234C,YIL117C,1.6042286006268114e-06
YBR234C,YHR066W,9.478625662140416e-10
YBR234C,YML085C,9.427197255718056e-06
YBR234C,YML047C,3.7735751448053634e-06
YBR234C,YDR312W,2.0720830606890672e-10
YBR234C,YFL037W,2.468189541637855e-10
YBR234C,YDL038C,0.2020167112350464
YBR234C,YDL039C,2.7143703951182374e-11
YBR234C,YCL027W,4.72511252347374e-10
YBR234C,YML124C,0.00020329823018983006
YBR234C,YGL053W,1.1952573262738464e-12
YBR234C,YMR232W,0.01724054664373398
YBR234C,YNL298W,4.4141838628775076e-08
YBR234C,YGL099W,5.668459035490514e-10
YBR234C,YBL016W,1.3648724234371912e-05
YBR234C,YAL041W,0.000162930489750579
YBR234C,YDR085C,4.801475217419693e-09
YBR234C,YPL187W,0.0007879793993197381
YBR234C,YPL256C,8.445552417135627e-12
YBR234C,YDR461W,3.127143827441614e-06
YBR234C,YNL145W,0.2449461817741394
YNR035C,YDL165W,3.500366771609642e-13
YNR035C,YGR059W,1.577418018428034e-08
YNR035C,YBR109C,1.414239676478246e-07
YNR035C,YJL080C,9.100921261051553e-08
YNR035C,YCR093W,5.5185388191603124e-05
YNR035C,YIL122W,0.02214670740067959
YNR035C,YCL029C,1.3981658712747258e-11
YNR035C,YNL173C,0.006206045858561993
YNR035C,YLR452C,0.00028088607359677553
YNR035C,YDL160C,4.267148501836477e-17
YNR035C,YLR229C,3.267652370908536e-09
YNR035C,YML057W,6.1698157693967914e-09
YNR035C,YER149C,1.9664843421196565e-05
YNR035C,YMR305C,3.6373577927406586e-08
YNR035C,YLR433C,0.024491533637046814
YNR035C,YJL073W,1.3189652278353114e-12
YNR035C,YGR279C,0.0008142075967043638
YNR035C,YKL190W,0.0137332109734416
YNR035C,YGL089C,0.9428222179412842
YNR035C,YJL019W,0.059587836265563965
YNR035C,YJL018W,0.0004979991936124861
YNR035C,YNR032C-A,0.9088032245635986
YNR035C,YGL178W,1.033077023748774e-05
YNR035C,YKL116C,2.9613670456812846e-12
YNR035C,YDL214C,9.43133363762172e-06
YNR035C,YLR362W,9.293252473986657e-14
YNR035C,YER068W,2.242938279550799e-08
YNR035C,YHR084W,0.00013179027882870287
YNR035C,YDR392W,4.5709970208918094e-07
YNR035C,YNL053W,3.134295525342168e-07
YNR035C,YGR040W,0.07578577846288681
YNR035C,YDL216C,9.274230251321569e-06
YNR035C,YOL117W,6.702434607319674e-09
YNR035C,YJR086W,0.0001518803182989359
YNR035C,YMR025W,0.0071753631345927715
YNR035C,YBR081C,0.000290528463665396
YNR035C,YFL026W,0.00015275478654075414
YNR035C,YHL007C,0.05980418622493744
YNR035C,YNR044W,0.24206243455410004
YNR035C,YNL271C,4.157683406447177e-07
YNR035C,YDR200C,7.348246455762819e-10
YNR035C,YKL178C,0.527553915977478
YNR035C,YOR212W,2.239953573734965e-06
YNR035C,YOL111C,1.0813321592306746e-11
YNR035C,YGL032C,0.00018592503329273313
YNR035C,YHR005C,0.042286232113838196
YNR035C,YDR103W,0.0001772455289028585
YNR035C,YJR084W,1.4029425301487208e-06
YNR035C,YCL032W,0.002115453826263547
YNR035C,YJL170C,0.3840571939945221
YNR035C,YDR179C,1.6896590029902292e-11
YNR035C,YBR095C,0.09129954129457474
YNR035C,YLL021W,2.825890780058793e-12
YNR035C,YDL159W,2.328243986493561e-10
YNR035C,YNL161W,0.997357189655304
YNR035C,YNL188W,3.1500776458415203e-06
YNR035C,YJL157C,2.786008090893688e-09
YNR035C,YJL034W,4.59646155772514e-13
YNR035C,YLR238W,8.905293498173705e-07
YNR035C,YPR141C,3.016111249642961e-10
YNR035C,YNL127W,3.5345146898180246e-07
YNR035C,YCL055W,9.001448120216082e-08
YNR035C,YPR122W,0.10546479374170303
YNR035C,YMR065W,0.9818965196609497
YNR035C,YDR356W,1.551768269436593e-09
YNR035C,YMR052W,1.4574414990420337e-06
YNR035C,YFR008W,3.9346181779364997e-07
YNR035C,YLL043W,1.8987184091656673e-07
YNR035C,YMR029C,1.1889668485309812e-06
YNR035C,YJR004C,0.00074797059642151
YNR035C,YDL223C,7.715273461338795e-14
YNR035C,YHR158C,0.00022180686937645078
YNR035C,YGR238C,1.5053255992825143e-06
YNR035C,YIL015W,0.14106790721416473
YNR035C,YGL173C,0.04139572009444237
YNR035C,YDL225W,0.30916234850883484
YNR035C,YLR330W,1.458226779504912e-05
YNR035C,YBR129C,1.5289026578102494e-06
YNR035C,YKR095W-A,0.2020167112350464
YNR035C,YPR075C,5.3964449217236773e-17
YNR035C,YMR198W,3.0372162655112334e-05
YNR035C,YOR127W,2.021396205975634e-08
YNR035C,YDR264C,5.458208761410788e-06
YNR035C,YLR110C,4.4904621687713586e-10
YNR035C,YDR379W,4.1910519144039426e-07
YNR035C,YDL100C,2.0028653735515434e-10
YNR035C,YHR073W,1.1115353117929772e-05
YNR035C,YJR090C,0.02718004211783409
YNR035C,YOR208W,1.3893775303586153e-06
YNR035C,YBR040W,0.12018848210573196
YNR035C,YNL279W,0.0025593829341232777
YNR035C,YER075C,2.8020107492920943e-05
YNR035C,YCR089W,2.333305423873888e-12
YNR035C,YCR002C,0.09822694957256317
YNR035C,YJL108C,0.00023545931617263705
YNR035C,YBR200W,9.844239912126795e-07
YNR035C,YIL026C,2.7570337124416255e-07
YNR035C,YJR076C,8.651140248616684e-09
YNR035C,YKR031C,4.824823190574534e-05
YNR035C,YPL192C,1.0015507541538682e-05
YNR035C,YHR107C,0.8315287232398987
YNR035C,YIL037C,0.002545013092458248
YNR035C,YPL156C,0.9361129403114319
YNR035C,YIL117C,2.2793747689320298e-07
YNR035C,YHR066W,1.2817918393818118e-18
YNR035C,YML085C,4.541709586192155e-08
YNR035C,YML047C,0.00892551988363266
YNR035C,YDR312W,3.5037404089166557e-09
YNR035C,YFL037W,3.1019689572531206e-07
YNR035C,YDL038C,0.2020167112350464
YNR035C,YDL039C,1.4826356288522025e-12
YNR035C,YCL027W,0.04496127367019653
YNR035C,YML124C,0.09670064598321915
YNR035C,YGL053W,1.3351324241739349e-06
YNR035C,YMR232W,0.04570838063955307
YNR035C,YNL298W,0.02912323735654354
YNR035C,YGL099W,1.1241857444943548e-09
YNR035C,YBL016W,3.6394343624124303e-05
YNR035C,YAL041W,7.314221420529066e-06
YNR035C,YDR085C,4.004081347375177e-05
YNR035C,YPL187W,0.008961905725300312
YNR035C,YPL256C,0.2333802580833435
YNR035C,YDR461W,1.3055415593044017e-07
YNR035C,YNL145W,2.88138344330946e-05
YJL063C,YDL165W,5.1562165995222564e-12
YJL063C,YGR059W,2.1257590105960844e-06
YJL063C,YBR109C,2.332221915590793e-10
YJL063C,YJL080C,1.0950972396486813e-15
YJL063C,YCR093W,0.30897122621536255
YJL063C,YIL122W,1.2958210390934255e-05
YJL063C,YCL029C,0.0038035528268665075
YJL063C,YNL173C,3.406809773523478e-12
YJL063C,YLR452C,1.0274887765702317e-13
YJL063C,YDL160C,0.00032781236222945154
YJL063C,YLR229C,1.0933234352583643e-11
YJL063C,YML057W,2.7251399054017966e-11
YJL063C,YER149C,2.5318046270594863e-11
YJL063C,YMR305C,3.1738487706045593e-12
YJL063C,YLR433C,6.595543122073222e-12
YJL063C,YJL073W,2.0271190975806874e-11
YJL063C,YGR279C,1.7732128299030592e-07
YJL063C,YKL190W,0.0006072210962884128
YJL063C,YGL089C,3.369944170117378e-05
YJL063C,YJL019W,5.824050504088518e-07
YJL063C,YJL018W,0.0006038411520421505
YJL063C,YNR032C-A,1.8088698197971098e-05
YJL063C,YGL178W,0.005906699225306511
YJL063C,YKL116C,1.003619786388299e-06
YJL063C,YDL214C,2.4654245311950262e-09
YJL063C,YLR362W,2.6921116872476603e-15
YJL063C,YER068W,2.882682359484079e-08
YJL063C,YHR084W,4.06685405837659e-12
YJL063C,YDR392W,7.920461161936565e-13
YJL063C,YNL053W,0.0011975551024079323
YJL063C,YGR040W,2.4812468382151565e-06
YJL063C,YDL216C,1.899679415509614e-12
YJL063C,YOL117W,3.747392673947303e-11
YJL063C,YJR086W,0.0011538914404809475
YJL063C,YMR025W,7.226961695749878e-09
YJL063C,YBR081C,3.149175112509054e-15
YJL063C,YFL026W,9.067414874497359e-11
YJL063C,YHL007C,2.788174031931323e-11
YJL063C,YNR044W,2.007911392709616e-09
YJL063C,YNL271C,0.1823570281267166
YJL063C,YDR200C,3.2552013168318794e-11
YJL063C,YKL178C,1.1114646980558973e-07
YJL063C,YOR212W,3.3899192402941447e-15
YJL063C,YOL111C,1.127780490730338e-21
YJL063C,YGL032C,2.7252688994394703e-08
YJL063C,YHR005C,1.396436092777095e-15
YJL063C,YDR103W,1.3499543551152154e-13
YJL063C,YJR084W,4.6208725734686595e-09
YJL063C,YCL032W,1.0150322804491907e-09
YJL063C,YJL170C,3.815090167336166e-06
YJL063C,YDR179C,1.3375298047943462e-12
YJL063C,YBR095C,2.197419917138177e-07
YJL063C,YLL021W,5.8192169832826934e-11
YJL063C,YDL159W,5.445735550869968e-13
YJL063C,YNL161W,2.8486839553920618e-09
YJL063C,YNL188W,0.0003873668028973043
YJL063C,YJL157C,1.9036764352386992e-12
YJL063C,YJL034W,1.0218371218126404e-16
YJL063C,YLR238W,3.6527728758395384e-11
YJL063C,YPR141C,2.6053345678761497e-12
YJL063C,YNL127W,1.199100815352011e-15
YJL063C,YCL055W,3.541373140916737e-12
YJL063C,YPR122W,2.461894021976718e-10
YJL063C,YMR065W,0.005059626419097185
YJL063C,YDR356W,2.568823788667157e-13
YJL063C,YMR052W,5.697011751237824e-09
YJL063C,YFR008W,0.003749814350157976
YJL063C,YLL043W,3.891300042607737e-12
YJL063C,YMR029C,7.322010359134268e-11
YJL063C,YJR004C,1.6989230118211185e-12
YJL063C,YDL223C,4.8654843175233164e-12
YJL063C,YHR158C,6.559965765040587e-11
YJL063C,YGR238C,6.263790874871944e-11
YJL063C,YIL015W,2.1584909207228442e-11
YJL063C,YGL173C,1.9261595696207223e-07
YJL063C,YDL225W,2.8295136189626646e-07
YJL063C,YLR330W,2.241014414039455e-07
YJL063C,YBR129C,1.65039527183497e-11
YJL063C,YKR095W-A,0.2020167112350464
YJL063C,YPR075C,2.472919254014271e-15
YJL063C,YMR198W,1.5904662475918485e-08
YJL063C,YOR127W,1.5595042618388177e-12
YJL063C,YDR264C,1.2690759376710048e-07
YJL063C,YLR110C,2.096594946265906e-11
YJL063C,YDR379W,9.659505303716287e-05
YJL063C,YDL100C,6.172837311169133e-05
YJL063C,YHR073W,4.4398950661828085e-12
YJL063C,YJR090C,7.120697920193209e-10
YJL063C,YOR208W,1.2412573596520815e-05
YJL063C,YBR040W,0.9825451374053955
YJL063C,YNL279W,0.9737077355384827
YJL063C,YER075C,7.581793266125958e-14
YJL063C,YCR089W,0.0003393386723473668
YJL063C,YCR002C,3.3475605652049455e-17
YJL063C,YJL108C,3.720854465427692e-06
YJL063C,YBR200W,2.042890440145939e-10
YJL063C,YIL026C,2.1233249533625376e-11
YJL063C,YJR076C,1.0131807357538491e-06
YJL063C,YKR031C,2.9196054462943266e-09
YJL063C,YPL192C,0.008377434685826302
YJL063C,YHR107C,4.916480975225568e-05
YJL063C,YIL037C,1.8728693248704076e-05
YJL063C,YPL156C,2.5587221898604184e-05
YJL063C,YIL117C,1.5043265477743262e-07
YJL063C,YHR066W,7.345419383852914e-09
YJL063C,YML085C,6.0509102069172815e-12
YJL063C,YML047C,0.9933360815048218
YJL063C,YDR312W,0.00016216421499848366
YJL063C,YFL037W,2.319169567499557e-08
YJL063C,YDL038C,0.2020167112350464
YJL063C,YDL039C,0.00046351421042345464
YJL063C,YCL027W,1.9107637347359763e-11
YJL063C,YML124C,7.328583269752831e-13
YJL063C,YGL053W,2.9314182192763383e-09
YJL063C,YMR232W,8.738737733438029e-09
YJL063C,YNL298W,5.630177657423019e-09
YJL063C,YGL099W,6.538276436613506e-16
YJL063C,YBL016W,5.238023732090369e-05
YJL063C,YAL041W,1.3830285361393635e-08
YJL063C,YDR085C,1.502375307493864e-11
YJL063C,YPL187W,2.204814109063591e-06
YJL063C,YPL256C,0.000425145699409768
YJL063C,YDR461W,4.144499684850117e-14
YJL063C,YNL145W,2.8665897780499883e-12
YDR077W,YDL165W,1.063419639258086e-21
YDR077W,YGR059W,1.3986127811449478e-09
YDR077W,YBR109C,4.185134461209827e-09
YDR077W,YJL080C,1.3426006262307055e-06
YDR077W,YCR093W,5.2855870308121666e-05
YDR077W,YIL122W,5.837991068347037e-08
YDR077W,YCL029C,5.8594425274646365e-16
YDR077W,YNL173C,1.794285964251685e-07
YDR077W,YLR452C,5.177453420587245e-16
YDR077W,YDL160C,1.3993346783536253e-06
YDR077W,YLR229C,3.883920740577196e-09
YDR077W,YML057W,1.5394241057679198e-14
YDR077W,YER149C,1.278786104785823e-10
YDR077W,YMR305C,1.1173103187014227e-14
YDR077W,YLR433C,9.905355751122294e-15
YDR077W,YJL073W,1.8320362279494645e-20
YDR077W,YGR279C,0.9118350744247437
YDR077W,YKL190W,3.1202946771394712e-16
YDR077W,YGL089C,0.07541859149932861
YDR077W,YJL019W,1.0049754450847104e-07
YDR077W,YJL018W,0.004573026206344366
YDR077W,YNR032C-A,6.372727767711694e-08
YDR077W,YGL178W,1.5298096719528614e-13
YDR077W,YKL116C,6.210983949372917e-10
YDR077W,YDL214C,5.539135261578565e-10
YDR077W,YLR362W,1.02677777391591e-09
YDR077W,YER068W,1.4777656431874675e-08
YDR077W,YHR084W,1.922979236841066e-18
YDR077W,YDR392W,1.8585194494491475e-10
YDR077W,YNL053W,1.3299388717039062e-12
YDR077W,YGR040W,1.704351521025771e-10
YDR077W,YDL216C,0.001436453079804778
YDR077W,YOL117W,1.203703911718812e-12
YDR077W,YJR086W,5.9804315242217854e-05
YDR077W,YMR025W,0.00033380629611201584
YDR077W,YBR081C,3.0518112481559e-09
YDR077W,YFL026W,1.284254943363617e-16
YDR077W,YHL007C,3.4379727797267945e-12
YDR077W,YNR044W,1.0977898684495432e-13
YDR077W,YNL271C,2.5482779775209963e-10
YDR077W,YDR200C,1.3632517337214267e-09
YDR077W,YKL178C,0.24513864517211914
YDR077W,YOR212W,2.6974650609190576e-05
YDR077W,YOL111C,3.608220171350549e-15
YDR077W,YGL032C,4.117489498228072e-14
YDR077W,YHR005C,1.1732534943575956e-07
YDR077W,YDR103W,7.436339413170734e-14
YDR077W,YJR084W,4.291310796294967e-12
YDR077W,YCL032W,4.653770247387001e-06
YDR077W,YJL170C,2.261115990623286e-12
YDR077W,YDR179C,3.8806582947081836e-11
YDR077W,YBR095C,8.095721568679437e-07
YDR077W,YLL021W,1.6812346328477779e-13
YDR077W,YDL159W,2.1474851722726694e-15
YDR077W,YNL161W,3.618152999429469e-10
YDR077W,YNL188W,5.690843352113006e-09
YDR077W,YJL157C,2.2961668242679073e-16
YDR077W,YJL034W,5.109859150392859e-12
YDR077W,YLR238W,6.85364956688674e-16
YDR077W,YPR141C,9.603050125928103e-12
YDR077W,YNL127W,5.910006439080462e-05
YDR077W,YCL055W,9.579863825105746e-21
YDR077W,YPR122W,3.717948449111219e-10
YDR077W,YMR065W,3.9948765324406e-13
YDR077W,YDR356W,1.9552100383180004e-08
YDR077W,YMR052W,2.5525949240545742e-05
YDR077W,YFR008W,5.752050128648989e-06
YDR077W,YLL043W,0.22387483716011047
YDR077W,YMR029C,0.14440639317035675
YDR077W,YJR004C,1.2195367557539419e-15
YDR077W,YDL223C,1.435553564910208e-09
YDR077W,YHR158C,3.651288807304809e-06
YDR077W,YGR238C,1.345759329152732e-16
YDR077W,YIL015W,3.143249660553238e-09
YDR077W,YGL173C,2.3989983333194687e-08
YDR077W,YDL225W,6.420612486124355e-09
YDR077W,YLR330W,3.723831046502966e-18
YDR077W,YBR129C,2.528411080504611e-08
YDR077W,YKR095W-A,0.2020167112350464
YDR077W,YPR075C,4.507898591939423e-18
YDR077W,YMR198W,1.568663606121845e-06
YDR077W,YOR127W,5.6872053391998634e-05
YDR077W,YDR264C,5.266834060893566e-13
YDR077W,YLR110C,4.497152517046743e-08
YDR077W,YDR379W,3.38992344950384e-06
YDR077W,YDL100C,2.5772504790022577e-13
YDR077W,YHR073W,0.03869934380054474
YDR077W,YJR090C,6.209027042514137e-11
YDR077W,YOR208W,1.602451851767661e-11
YDR077W,YBR040W,1.7112497183169317e-11
YDR077W,YNL279W,2.0713470869071493e-11
YDR077W,YER075C,2.9973649972626915e-13
YDR077W,YCR089W,1.985483999433768e-09
YDR077W,YCR002C,6.477077988537028e-14
YDR077W,YJL108C,9.634137931868736e-10
YDR077W,YBR200W,1.2227328625158407e-06
YDR077W,YIL026C,8.909797270632847e-14
YDR077W,YJR076C,1.2804848847913775e-10
YDR077W,YKR031C,1.4495722400198474e-09
YDR077W,YPL192C,6.375253178703133e-06
YDR077W,YHR107C,1.7961403198096804e-11
YDR077W,YIL037C,0.00013539123756345361
YDR077W,YPL156C,4.4094417006590447e-10
YDR077W,YIL117C,3.4694927570800343e-20
YDR077W,YHR066W,1.6265879676776525e-15
YDR077W,YML085C,5.095565938972868e-06
YDR077W,YML047C,0.008813957683742046
YDR077W,YDR312W,0.0005912663764320314
YDR077W,YFL037W,1.1791329690424845e-08
YDR077W,YDL038C,0.2020167112350464
YDR077W,YDL039C,1.1294414610445278e-15
YDR077W,YCL027W,1.407120947538587e-10
YDR077W,YML124C,5.880665980839694e-07
YDR077W,YGL053W,4.520277349806279e-19
YDR077W,YMR232W,2.1159778498258675e-06
YDR077W,YNL298W,0.00012803589925169945
YDR077W,YGL099W,1.2072011834618479e-08
YDR077W,YBL016W,3.393391904277232e-12
YDR077W,YAL041W,8.099476644929382e-10
YDR077W,YDR085C,2.0277298062865157e-07
YDR077W,YPL187W,1.0589665949689575e-10
YDR077W,YPL256C,8.169550710590556e-05
YDR077W,YDR461W,3.020678450758113e-20
YDR077W,YNL145W,0.9973044395446777
YOR330C,YDL165W,2.2898545637417556e-07
YOR330C,YGR059W,0.00034554675221443176
YOR330C,YBR109C,0.8307356834411621
YOR330C,YJL080C,0.002837914042174816
YOR330C,YCR093W,1.2635304301511496e-05
YOR330C,YIL122W,0.0018292259192094207
YOR330C,YCL029C,8.43700291852656e-08
YOR330C,YNL173C,1.1043575796065852e-06
YOR330C,YLR452C,0.9996882677078247
YOR330C,YDL160C,0.41255784034729004
YOR330C,YLR229C,7.404742063954473e-08
YOR330C,YML057W,5.706302275143571e-08
YOR330C,YER149C,0.008713389746844769
YOR330C,YMR305C,0.00026943162083625793
YOR330C,YLR433C,0.0001802335900720209
YOR330C,YJL073W,1.970116500160657e-05
YOR330C,YGR279C,0.15999415516853333
YOR330C,YKL190W,1.56987289301469e-06
YOR330C,YGL089C,0.8824948072433472
YOR330C,YJL019W,6.258050007090787e-07
YOR330C,YJL018W,0.006149910856038332
YOR330C,YNR032C-A,0.9982507824897766
YOR330C,YGL178W,0.003362996969372034
YOR330C,YKL116C,5.037421215092763e-05
YOR330C,YDL214C,0.9998986721038818
YOR330C,YLR362W,1.0712597941164859e-05
YOR330C,YER068W,0.3216131329536438
YOR330C,YHR084W,0.000326813489664346
YOR330C,YDR392W,0.0003198265330865979
YOR330C,YNL053W,0.009522180072963238
YOR330C,YGR040W,0.00022494442237075418
YOR330C,YDL216C,0.9056190252304077
YOR330C,YOL117W,0.0007986461860127747
YOR330C,YJR086W,1.6059384506661445e-06
YOR330C,YMR025W,7.2751737967280405e-09
YOR330C,YBR081C,1.9314462406327948e-05
YOR330C,YFL026W,0.00039369682781398296
YOR330C,YHL007C,1.5312665709643625e-05
YOR330C,YNR044W,0.6351575255393982
YOR330C,YNL271C,0.8920677304267883
YOR330C,YDR200C,6.075050578147057e-07
YOR330C,YKL178C,0.0019003337947651744
YOR330C,YOR212W,0.05878957360982895
YOR330C,YOL111C,7.468163403245853e-07
YOR330C,YGL032C,0.0006294981576502323
YOR330C,YHR005C,0.19683212041854858
YOR330C,YDR103W,0.00016645394498482347
YOR330C,YJR084W,1.761145396184105e-10
YOR330C,YCL032W,0.4020581543445587
YOR330C,YJL170C,9.228929411619902e-05
YOR330C,YDR179C,0.0008266127551905811
YOR330C,YBR095C,1.5057834445997287e-07
YOR330C,YLL021W,0.00013435108121484518
YOR330C,YDL159W,2.062619387288578e-06
YOR330C,YNL161W,0.08449524641036987
YOR330C,YNL188W,4.008138785138726e-05
YOR330C,YJL157C,0.9999973773956299
YOR330C,YJL034W,2.8767471667605e-14
YOR330C,YLR238W,8.411048838752322e-06
YOR330C,YPR141C,5.542194685403956e-07
YOR330C,YNL127W,2.984682760143187e-05
YOR330C,YCL055W,3.744545562511803e-09
YOR330C,YPR122W,0.9989940524101257
YOR330C,YMR065W,0.02361411042511463
YOR330C,YDR356W,0.0027405519504100084
YOR330C,YMR052W,2.7557612725104264e-07
YOR330C,YFR008W,0.002334926975890994
YOR330C,YLL043W,0.26220762729644775
YOR330C,YMR029C,0.0025063117500394583
YOR330C,YJR004C,6.009836397424806e-07
YOR330C,YDL223C,9.155887426004483e-08
YOR330C,YHR158C,2.383835351338348e-09
YOR330C,YGR238C,0.007578847464174032
YOR330C,YIL015W,0.2541414201259613
YOR330C,YGL173C,2.995129307237221e-06
YOR330C,YDL225W,5.596870687440969e-05
YOR330C,YLR330W,2.285204026009069e-09
YOR330C,YBR129C,0.9895049333572388
YOR330C,YKR095W-A,0.2020167112350464
YOR330C,YPR075C,8.216337477051638e-08
YOR330C,YMR198W,0.004961072932928801
YOR330C,YOR127W,0.0002813073806464672
YOR330C,YDR264C,1.590642682458565e-06
YOR330C,YLR110C,0.9956268072128296
YOR330C,YDR379W,4.9931600187846925e-06
YOR330C,YDL100C,1.0566918895449362e-08
YOR330C,YHR073W,1.443829802383334e-07
YOR330C,YJR090C,2.374615348799125e-08
YOR330C,YOR208W,2.21255213546101e-05
YOR330C,YBR040W,0.1672399491071701
YOR330C,YNL279W,0.007303690537810326
YOR330C,YER075C,0.10298596322536469
YOR330C,YCR089W,5.8580088079907e-05
YOR330C,YCR002C,0.010336061008274555
YOR330C,YJL108C,2.5447127738331687e-10
YOR330C,YBR200W,1.988467192859389e-05
YOR330C,YIL026C,0.009092703461647034
YOR330C,YJR076C,2.721368616565023e-11
YOR330C,YKR031C,0.9986664056777954
YOR330C,YPL192C,0.4927310347557068
YOR330C,YHR107C,7.925305544631556e-05
YOR330C,YIL037C,0.0018712832825258374
YOR330C,YPL156C,0.05077723041176796
YOR330C,YIL117C,0.0667988732457161
YOR330C,YHR066W,4.681099241565789e-08
YOR330C,YML085C,0.9883574843406677
YOR330C,YML047C,0.6016775965690613
YOR330C,YDR312W,0.5141366720199585
YOR330C,YFL037W,2.1245299649308436e-05
YOR330C,YDL038C,0.2020167112350464
YOR330C,YDL039C,4.960472166862663e-16
YOR330C,YCL027W,0.0004309882642701268
YOR330C,YML124C,0.00042431490146555007
YOR330C,YGL053W,5.697938121329571e-08
YOR330C,YMR232W,0.0001782697654562071
YOR330C,YNL298W,0.011754050850868225
YOR330C,YGL099W,6.352618697746948e-08
YOR330C,YBL016W,0.02722613699734211
YOR330C,YAL041W,8.397487363254186e-06
YOR330C,YDR085C,0.6598992943763733
YOR330C,YPL187W,0.0001658077962929383
YOR330C,YPL256C,3.399244774549004e-10
YOR330C,YDR461W,5.091476684704332e-10
YOR330C,YNL145W,5.468142489917227e-07
YOL009C,YDL165W,0.12978340685367584
YOL009C,YGR059W,3.382688475994655e-07
YOL009C,YBR109C,0.005672238767147064
YOL009C,YJL080C,0.7719563245773315
YOL009C,YCR093W,3.692288009915501e-05
YOL009C,YIL122W,0.9998887777328491
YOL009C,YCL029C,1.9679006072692573e-05
YOL009C,YNL173C,4.106740561837796e-06
YOL009C,YLR452C,3.608090992202051e-05
YOL009C,YDL160C,0.0015427792677655816
YOL009C,YLR229C,0.017618611454963684
YOL009C,YML057W,4.835841991734924e-06
YOL009C,YER149C,0.9995287656784058
YOL009C,YMR305C,4.093542884220369e-05
YOL009C,YLR433C,0.08921439945697784
YOL009C,YJL073W,5.904999822448076e-10
YOL009C,YGR279C,8.211719432438258e-06
YOL009C,YKL190W,3.108604929025205e-08
YOL009C,YGL089C,4.846321694645939e-12
YOL009C,YJL019W,1.9618600788362528e-07
YOL009C,YJL018W,0.0007194619975052774
YOL009C,YNR032C-A,0.12180192768573761
YOL009C,YGL178W,4.841596705773554e-07
YOL009C,YKL116C,4.727502016521612e-07
YOL009C,YDL214C,6.472354812103731e-07
YOL009C,YLR362W,9.810632764128968e-05
YOL009C,YER068W,0.0008732665446586907
YOL009C,YHR084W,0.0008349645650014281
YOL009C,YDR392W,4.430697586599308e-09
YOL009C,YNL053W,2.266022602270823e-05
YOL009C,YGR040W,0.007332975976169109
YOL009C,YDL216C,0.0003373621730133891
YOL009C,YOL117W,0.09150247275829315
YOL009C,YJR086W,0.00044899838394485414
YOL009C,YMR025W,7.2319530772801954e-06
YOL009C,YBR081C,0.0009307776344940066
YOL009C,YFL026W,0.0002779591304715723
YOL009C,YHL007C,0.0001607202721061185
YOL009C,YNR044W,2.0905444486629676e-08
YOL009C,YNL271C,0.00672489358112216
YOL009C,YDR200C,1.9565538425525553e-11
YOL009C,YKL178C,1.6041873385219674e-09
YOL009C,YOR212W,0.0003562627825886011
YOL009C,YOL111C,4.891838092171091e-19
YOL009C,YGL032C,0.0010771633824333549
YOL009C,YHR005C,0.0009573203860782087
YOL009C,YDR103W,0.9898918867111206
YOL009C,YJR084W,2.771414801827632e-05
YOL009C,YCL032W,6.0508595197461545e-05
YOL009C,YJL170C,1.5643722761637946e-08
YOL009C,YDR179C,2.3336070853474666e-09
YOL009C,YBR095C,0.00013172657054383308
YOL009C,YLL021W,5.3958750662053134e-11
YOL009C,YDL159W,1.2534268734043508e-08
YOL009C,YNL161W,1.1694683443863596e-08
YOL009C,YNL188W,1.440590722268098e-07
YOL009C,YJL157C,0.0031419084407389164
YOL009C,YJL034W,6.606352687121841e-10
YOL009C,YLR238W,5.819233983572758e-09
YOL009C,YPR141C,0.0023586058523505926
YOL009C,YNL127W,1.3035463553023874e-06
YOL009C,YCL055W,9.406621037655327e-10
YOL009C,YPR122W,8.069907926255837e-05
YOL009C,YMR065W,1.0413770723971538e-05
YOL009C,YDR356W,0.881216287612915
YOL009C,YMR052W,0.00021117077267263085
YOL009C,YFR008W,0.00047736652777530253
YOL009C,YLL043W,0.00011537380487425253
YOL009C,YMR029C,0.00974279548972845
YOL009C,YJR004C,1.0240620440526982e-07
YOL009C,YDL223C,1.1223522555781074e-08
YOL009C,YHR158C,0.0047131795436143875
YOL009C,YGR238C,2.0303821124389998e-10
YOL009C,YIL015W,0.002054003532975912
YOL009C,YGL173C,0.05727957934141159
YOL009C,YDL225W,8.270452767078496e-09
YOL009C,YLR330W,2.6030601674165155e-08
YOL009C,YBR129C,1.0597511757026723e-09
YOL009C,YKR095W-A,0.2020167112350464
YOL009C,YPR075C,3.154268142679939e-06
YOL009C,YMR198W,0.7209267020225525
YOL009C,YOR127W,1.9195904314983636e-06
YOL009C,YDR264C,0.5728947520256042
YOL009C,YLR110C,0.0005916787777096033
YOL009C,YDR379W,0.8461670279502869
YOL009C,YDL100C,4.018822963303137e-08
YOL009C,YHR073W,0.23003724217414856
YOL009C,YJR090C,0.9261886477470398
YOL009C,YOR208W,3.2945621786240054e-09
YOL009C,YBR040W,7.1329291131405625e-06
YOL009C,YNL279W,1.5363057173090056e-06
YOL009C,YER075C,0.7402300238609314
YOL009C,YCR089W,0.0001812406990211457
YOL009C,YCR002C,0.0024836857337504625
YOL009C,YJL108C,0.0012751446338370442
YOL009C,YBR200W,0.003631392726674676
YOL009C,YIL026C,0.49018576741218567
YOL009C,YJR076C,0.1931488960981369
YOL009C,YKR031C,0.9533368349075317
YOL009C,YPL192C,3.024273792107124e-05
YOL009C,YHR107C,0.022629426792263985
YOL009C,YIL037C,0.00013495158054865897
YOL009C,YPL156C,0.001197471865452826
YOL009C,YIL117C,0.00029530999017879367
YOL009C,YHR066W,1.738621283372055e-16
YOL009C,YML085C,6.734556801113456e-10
YOL009C,YML047C,3.3021351555362344e-05
YOL009C,YDR312W,0.018396247178316116
YOL009C,YFL037W,0.0025352209340780973
YOL009C,YDL038C,0.2020167112350464
YOL009C,YDL039C,1.883641680133774e-12
YOL009C,YCL027W,0.0007657044334337115
YOL009C,YML124C,4.3394909880589694e-05
YOL009C,YGL053W,1.2091562666682876e-06
YOL009C,YMR232W,2.68029848315976e-10
YOL009C,YNL298W,0.12331885099411011
YOL009C,YGL099W,1.5945204046019512e-09
YOL009C,YBL016W,5.3795535734368904e-12
YOL009C,YAL041W,0.9989884495735168
YOL009C,YDR085C,0.6557995676994324
YOL009C,YPL187W,0.3497280478477478
YOL009C,YPL256C,1.361743329653109e-06
YOL009C,YDR461W,5.510401912545149e-09
YOL009C,YNL145W,8.667785550642293e-06
YLL006W,YDL165W,0.005192236974835396
YLL006W,YGR059W,0.00010005494550568983
YLL006W,YBR109C,1.0311651706118585e-11
YLL006W,YJL080C,0.13248887658119202
YLL006W,YCR093W,0.9844425320625305
YLL006W,YIL122W,8.042022091103718e-05
YLL006W,YCL029C,0.0007953436579555273
YLL006W,YNL173C,1.8256467910759966e-06
YLL006W,YLR452C,0.005443628411740065
YLL006W,YDL160C,0.019492371007800102
YLL006W,YLR229C,3.523745590428007e-06
YLL006W,YML057W,1.4138976439426187e-05
YLL006W,YER149C,0.0003846001345664263
YLL006W,YMR305C,0.05491285026073456
YLL006W,YLR433C,0.0004543176619336009
YLL006W,YJL073W,2.6796522334393558e-08
YLL006W,YGR279C,4.784078910802236e-09
YLL006W,YKL190W,0.34655511379241943
YLL006W,YGL089C,0.0006606674869544804
YLL006W,YJL019W,0.00048742577200755477
YLL006W,YJL018W,0.19706417620182037
YLL006W,YNR032C-A,1.0010845624686127e-10
YLL006W,YGL178W,5.34405944563332e-06
YLL006W,YKL116C,0.0013519052881747484
YLL006W,YDL214C,0.10551352798938751
YLL006W,YLR362W,4.8752755305025985e-12
YLL006W,YER068W,3.103814982807762e-10
YLL006W,YHR084W,4.24365055096132e-07
YLL006W,YDR392W,3.4233147744089365e-05
YLL006W,YNL053W,3.625113009775305e-08
YLL006W,YGR040W,7.853604984120466e-07
YLL006W,YDL216C,0.001155309728346765
YLL006W,YOL117W,1.3757357919530477e-05
YLL006W,YJR086W,1.668767901641388e-10
YLL006W,YMR025W,8.253700798377395e-06
YLL006W,YBR081C,0.3258775770664215
YLL006W,YFL026W,4.5712549763266e-06
YLL006W,YHL007C,4.964528788065081e-10
YLL006W,YNR044W,0.001861128257587552
YLL006W,YNL271C,0.0004306576447561383
YLL006W,YDR200C,9.135256391346047e-07
YLL006W,YKL178C,0.2758602797985077
YLL006W,YOR212W,2.9858178152153414e-08
YLL006W,YOL111C,5.919905537998815e-11
YLL006W,YGL032C,0.19694991409778595
YLL006W,YHR005C,2.5433264383423193e-09
YLL006W,YDR103W,2.479212612982451e-09
YLL006W,YJR084W,6.555317668244243e-06
YLL006W,YCL032W,3.239588863834797e-07
YLL006W,YJL170C,1.856672156463901e-06
YLL006W,YDR179C,7.443314586907945e-08
YLL006W,YBR095C,0.007920192554593086
YLL006W,YLL021W,5.469602797347761e-07
YLL006W,YDL159W,2.7546531722322243e-09
YLL006W,YNL161W,0.0004233771178405732
YLL006W,YNL188W,0.05902000144124031
YLL006W,YJL157C,7.534197266068077e-09
YLL006W,YJL034W,5.75794700807819e-09
YLL006W,YLR238W,2.1570906028500758e-05
YLL006W,YPR141C,1.495795487471696e-08
YLL006W,YNL127W,0.0012234330642968416
YLL006W,YCL055W,0.00011700890172505751
YLL006W,YPR122W,2.0052875981946272e-07
YLL006W,YMR065W,3.703592255988042e-06
YLL006W,YDR356W,8.611991120233142e-09
YLL006W,YMR052W,0.0004901186912320554
YLL006W,YFR008W,0.005445268005132675
YLL006W,YLL043W,0.0009655471076257527
YLL006W,YMR029C,0.00030990413506515324
YLL006W,YJR004C,1.279479022731067e-10
YLL006W,YDL223C,2.7035030030625462e-12
YLL006W,YHR158C,0.0004019334737677127
YLL006W,YGR238C,1.3289063183208327e-09
YLL006W,YIL015W,2.5970742001391045e-08
YLL006W,YGL173C,0.6297840476036072
YLL006W,YDL225W,0.022190064191818237
YLL006W,YLR330W,0.029165396466851234
YLL006W,YBR129C,4.174859782324347e-07
YLL006W,YKR095W-A,0.2020167112350464
YLL006W,YPR075C,2.583860236882174e-07
YLL006W,YMR198W,5.564694220083766e-06
YLL006W,YOR127W,5.8058553804585245e-06
YLL006W,YDR264C,0.0007563511026091874
YLL006W,YLR110C,0.05367965251207352
YLL006W,YDR379W,6.633847806369886e-05
YLL006W,YDL100C,0.0023029986768960953
YLL006W,YHR073W,0.00158192019443959
YLL006W,YJR090C,0.019929226487874985
YLL006W,YOR208W,2.327033598703565e-06
YLL006W,YBR040W,7.519141576040056e-08
YLL006W,YNL279W,0.009374275803565979
YLL006W,YER075C,3.1188628069056534e-11
YLL006W,YCR089W,4.0342248985858475e-10
YLL006W,YCR002C,6.04655492342232e-10
YLL006W,YJL108C,3.0381968940673687e-07
YLL006W,YBR200W,5.898552046107453e-13
YLL006W,YIL026C,2.4427054086118005e-05
YLL006W,YJR076C,0.9769620895385742
YLL006W,YKR031C,5.00204896525247e-06
YLL006W,YPL192C,7.807798296788349e-10
YLL006W,YHR107C,0.014113493263721466
YLL006W,YIL037C,8.677821655700413e-11
YLL006W,YPL156C,0.0009617561008781195
YLL006W,YIL117C,8.793907682047575e-07
YLL006W,YHR066W,4.249271212675154e-10
YLL006W,YML085C,6.493821160802327e-07
YLL006W,YML047C,4.9706259233062156e-06
YLL006W,YDR312W,0.08591338992118835
YLL006W,YFL037W,0.226403146982193
YLL006W,YDL038C,0.2020167112350464
YLL006W,YDL039C,2.437721552395189e-11
YLL006W,YCL027W,6.130836993634148e-08
YLL006W,YML124C,0.13400739431381226
YLL006W,YGL053W,0.005891498643904924
YLL006W,YMR232W,2.0025832725423243e-07
YLL006W,YNL298W,1.9349029323212363e-11
YLL006W,YGL099W,1.2273663969608606e-06
YLL006W,YBL016W,9.45121719269082e-05
YLL006W,YAL041W,9.69847860687878e-07
YLL006W,YDR085C,0.002832042286172509
YLL006W,YPL187W,0.3708127737045288
YLL006W,YPL256C,1.3710612620343454e-05
YLL006W,YDR461W,5.239495989850518e-11
YLL006W,YNL145W,2.5139234444138125e-11
YNL213C,YDL165W,1.8541379986913853e-08
YNL213C,YGR059W,7.942854608700145e-06
YNL213C,YBR109C,0.0002074342337436974
YNL213C,YJL080C,6.3478580031306464e-12
YNL213C,YCR093W,2.0670074718509568e-07
YNL213C,YIL122W,1.6905285519897006e-05
YNL213C,YCL029C,3.9261122131151183e-10
YNL213C,YNL173C,3.533856367254895e-12
YNL213C,YLR452C,1.487770184827042e-10
YNL213C,YDL160C,2.761917812676984e-06
YNL213C,YLR229C,2.1497454838481644e-07
YNL213C,YML057W,3.5987180032823196e-13
YNL213C,YER149C,0.006592550314962864
YNL213C,YMR305C,1.0183298115862272e-07
YNL213C,YLR433C,6.55745395761187e-07
YNL213C,YJL073W,3.931117931177397e-10
YNL213C,YGR279C,2.0914112610626034e-05
YNL213C,YKL190W,0.005273968912661076
YNL213C,YGL089C,1.4688632532511292e-08
YNL213C,YJL019W,2.2255218112832154e-08
YNL213C,YJL018W,0.023399265483021736
YNL213C,YNR032C-A,0.001209973357617855
YNL213C,YGL178W,1.2837836038670503e-06
YNL213C,YKL116C,1.7688562203507785e-12
YNL213C,YDL214C,1.239037175082558e-07
YNL213C,YLR362W,1.217176993960692e-13
YNL213C,YER068W,1.5552359400317073e-08
YNL213C,YHR084W,1.7496430970709298e-08
YNL213C,YDR392W,9.04408006818791e-11
YNL213C,YNL053W,1.471144039921768e-10
YNL213C,YGR040W,1.0496607501409017e-05
YNL213C,YDL216C,3.2803111355700354e-12
YNL213C,YOL117W,5.899573607415221e-10
YNL213C,YJR086W,4.626922844863657e-09
YNL213C,YMR025W,2.7579778816289036e-07
YNL213C,YBR081C,3.424954897468524e-08
YNL213C,YFL026W,7.639429019934418e-12
YNL213C,YHL007C,4.279571840015706e-06
YNL213C,YNR044W,3.3407648175609594e-11
YNL213C,YNL271C,4.273499143891968e-06
YNL213C,YDR200C,2.3045834041113267e-07
YNL213C,YKL178C,6.259434712774237e-07
YNL213C,YOR212W,1.6679676306807778e-08
YNL213C,YOL111C,1.1662049246297101e-06
YNL213C,YGL032C,2.1341858769119426e-07
YNL213C,YHR005C,6.936360513742912e-11
YNL213C,YDR103W,1.1864575100162256e-07
YNL213C,YJR084W,4.771978865392157e-07
YNL213C,YCL032W,1.836655272313692e-08
YNL213C,YJL170C,1.8969718157402227e-11
YNL213C,YDR179C,5.342072472558357e-05
YNL213C,YBR095C,1.542844607627103e-08
YNL213C,YLL021W,1.1387434745158131e-10
YNL213C,YDL159W,2.3216468747477848e-09
YNL213C,YNL161W,1.7238813043718437e-08
YNL213C,YNL188W,2.875262472556983e-09
YNL213C,YJL157C,2.512657381218233e-15
YNL213C,YJL034W,1.6493435950337698e-08
YNL213C,YLR238W,8.276941632079371e-12
YNL213C,YPR141C,0.0021831546910107136
YNL213C,YNL127W,1.2413352568074743e-09
YNL213C,YCL055W,3.4460889003495865e-11
YNL213C,YPR122W,6.275851394121901e-09
YNL213C,YMR065W,4.266925083661749e-15
YNL213C,YDR356W,6.179755818180865e-09
YNL213C,YMR052W,1.165133311012423e-12
YNL213C,YFR008W,6.035082211752751e-09
YNL213C,YLL043W,3.8963876249908935e-06
YNL213C,YMR029C,0.0008297599270008504
YNL213C,YJR004C,6.279728403946194e-10
YNL213C,YDL223C,1.0976382469607415e-07
YNL213C,YHR158C,6.111746188253164e-06
YNL213C,YGR238C,2.1699510244221898e-10
YNL213C,YIL015W,3.89657110830971e-13
YNL213C,YGL173C,0.5421220064163208
YNL213C,YDL225W,1.9680451712744684e-10
YNL213C,YLR330W,3.223449525829652e-15
YNL213C,YBR129C,4.3608811006734527e-10
YNL213C,YKR095W-A,0.2020167112350464
YNL213C,YPR075C,3.3659505304511894e-12
YNL213C,YMR198W,3.5554861824493855e-05
YNL213C,YOR127W,5.2437973397084087e-14
YNL213C,YDR264C,0.4918908476829529
YNL213C,YLR110C,2.7878510611145657e-10
YNL213C,YDR379W,1.1399798722777632e-06
YNL213C,YDL100C,8.180839686233732e-12
YNL213C,YHR073W,5.939513812336372e-06
YNL213C,YJR090C,9.953140761354007e-06
YNL213C,YOR208W,2.0367625641615206e-10
YNL213C,YBR040W,1.847536701404806e-08
YNL213C,YNL279W,0.0013268794864416122
YNL213C,YER075C,2.5691546112760477e-11
YNL213C,YCR089W,1.646156626809725e-12
YNL213C,YCR002C,1.4754385802007164e-07
YNL213C,YJL108C,1.7337296753794362e-07
YNL213C,YBR200W,4.984181067868576e-09
YNL213C,YIL026C,2.2623548545652739e-07
YNL213C,YJR076C,5.6244082308198884e-11
YNL213C,YKR031C,8.775611058808863e-05
YNL213C,YPL192C,6.378850230248645e-07
YNL213C,YHR107C,7.795915735187009e-06
YNL213C,YIL037C,1.4122949476558233e-09
YNL213C,YPL156C,1.3098493809593492e-06
YNL213C,YIL117C,0.003918020986020565
YNL213C,YHR066W,7.693124010673133e-19
YNL213C,YML085C,1.997891652463779e-12
YNL213C,YML047C,2.3024133042781614e-05
YNL213C,YDR312W,1.412661504218704e-06
YNL213C,YFL037W,0.00022077889298088849
YNL213C,YDL038C,0.2020167112350464
YNL213C,YDL039C,2.2426043227302683e-12
YNL213C,YCL027W,0.00013335514813661575
YNL213C,YML124C,9.57401241619138e-11
YNL213C,YGL053W,0.003418802749365568
YNL213C,YMR232W,2.392108022775119e-08
YNL213C,YNL298W,1.1644096277463323e-11
YNL213C,YGL099W,4.198358105611533e-09
YNL213C,YBL016W,9.931742928070975e-12
YNL213C,YAL041W,6.527837103931233e-05
YNL213C,YDR085C,1.143698682426475e-06
YNL213C,YPL187W,0.0006420451099984348
YNL213C,YPL256C,1.5138416908921926e-10
YNL213C,YDR461W,6.029337050244762e-14
YNL213C,YNL145W,1.929006216913609e-12
YMR012W,YDL165W,4.372995476842334e-08
YMR012W,YGR059W,1.0599118804854868e-11
YMR012W,YBR109C,6.947731018974723e-12
YMR012W,YJL080C,3.5744540660687107e-09
YMR012W,YCR093W,6.391689566953573e-06
YMR012W,YIL122W,8.155336672643898e-08
YMR012W,YCL029C,3.0141917649169833e-24
YMR012W,YNL173C,5.739594598708209e-06
YMR012W,YLR452C,3.566416606481937e-10
YMR012W,YDL160C,1.6839692973391607e-09
YMR012W,YLR229C,4.1978399423214796e-08
YMR012W,YML057W,1.0092335855915735e-08
YMR012W,YER149C,1.4403780369320884e-05
YMR012W,YMR305C,1.9564960762608052e-09
YMR012W,YLR433C,1.947029993829008e-12
YMR012W,YJL073W,1.0210378337303427e-17
YMR012W,YGR279C,5.615316354123934e-07
YMR012W,YKL190W,5.599860486427133e-08
YMR012W,YGL089C,0.6421663165092468
YMR012W,YJL019W,5.311908353178296e-07
YMR012W,YJL018W,0.2020167112350464
YMR012W,YNR032C-A,5.547696855501272e-05
YMR012W,YGL178W,4.609349468949475e-13
YMR012W,YKL116C,7.452079131553546e-08
YMR012W,YDL214C,0.00018112063116859645
YMR012W,YLR362W,5.187636133996421e-07
YMR012W,YER068W,0.0003628796839620918
YMR012W,YHR084W,2.4601399672974367e-06
YMR012W,YDR392W,0.0012556518195196986
YMR012W,YNL053W,4.1915913584489317e-07
YMR012W,YGR040W,4.759253258157514e-08
YMR012W,YDL216C,9.568672965087899e-09
YMR012W,YOL117W,1.5068753782543354e-06
YMR012W,YJR086W,0.0039155748672783375
YMR012W,YMR025W,0.7517173886299133
YMR012W,YBR081C,0.9849776029586792
YMR012W,YFL026W,5.0025370001094416e-05
YMR012W,YHL007C,5.915799192734994e-07
YMR012W,YNR044W,1.1194045157481014e-07
YMR012W,YNL271C,5.6647465385140094e-08
YMR012W,YDR200C,4.841951906087161e-08
YMR012W,YKL178C,2.7411590508563677e-07
YMR012W,YOR212W,1.3991524383527576e-08
YMR012W,YOL111C,8.318434083776083e-06
YMR012W,YGL032C,1.8791390318795287e-11
YMR012W,YHR005C,1.9935994714614935e-05
YMR012W,YDR103W,0.12068086117506027
YMR012W,YJR084W,0.0005680158501490951
YMR012W,YCL032W,5.60796215722803e-05
YMR012W,YJL170C,2.9286307835718617e-05
YMR012W,YDR179C,4.580824253253013e-08
YMR012W,YBR095C,1.038901871197595e-07
YMR012W,YLL021W,1.7871101931632438e-07
YMR012W,YDL159W,1.6157395421600995e-09
YMR012W,YNL161W,1.3671576093443605e-09
YMR012W,YNL188W,0.0014692259719595313
YMR012W,YJL157C,4.743221143144183e-05
YMR012W,YJL034W,3.117640089117666e-17
YMR012W,YLR238W,0.02338435687124729
YMR012W,YPR141C,1.152537515736185e-05
YMR012W,YNL127W,2.9155392766710975e-08
YMR012W,YCL055W,1.00611039499654e-08
YMR012W,YPR122W,0.0003549442335497588
YMR012W,YMR065W,0.18757186830043793
YMR012W,YDR356W,2.007675732329517e-07
YMR012W,YMR052W,0.9267988801002502
YMR012W,YFR008W,2.7583733753999695e-05
YMR012W,YLL043W,0.0014076507650315762
YMR012W,YMR029C,0.09875554591417313
YMR012W,YJR004C,9.917223292577049e-12
YMR012W,YDL223C,6.09526128935598e-20
YMR012W,YHR158C,1.2574519132613204e-06
YMR012W,YGR238C,1.4490365287875284e-12
YMR012W,YIL015W,0.5256397724151611
YMR012W,YGL173C,4.846939294367303e-09
YMR012W,YDL225W,1.954106664925348e-06
YMR012W,YLR330W,2.5014205984330573e-11
YMR012W,YBR129C,5.4451652076181745e-09
YMR012W,YKR095W-A,0.2020167112350464
YMR012W,YPR075C,0.0007028616382740438
YMR012W,YMR198W,2.785471409083584e-09
YMR012W,YOR127W,6.5719066473513e-13
YMR012W,YDR264C,1.338136826234404e-05
YMR012W,YLR110C,8.315484592458233e-05
YMR012W,YDR379W,9.377925016451627e-05
YMR012W,YDL100C,2.6113656376169914e-11
YMR012W,YHR073W,0.02486591599881649
YMR012W,YJR090C,0.07654490321874619
YMR012W,YOR208W,7.739459420008643e-07
YMR012W,YBR040W,0.0010504212696105242
YMR012W,YNL279W,0.0004073826130479574
YMR012W,YER075C,2.3256101044921706e-08
YMR012W,YCR089W,0.023719701915979385
YMR012W,YCR002C,7.717493311076851e-11
YMR012W,YJL108C,0.17055894434452057
YMR012W,YBR200W,3.602768629207276e-05
YMR012W,YIL026C,0.0154727166518569
YMR012W,YJR076C,3.0818582672509365e-06
YMR012W,YKR031C,2.0364616659662715e-08
YMR012W,YPL192C,2.4488024052971014e-08
YMR012W,YHR107C,1.0972485142701771e-05
YMR012W,YIL037C,7.261957080118009e-07
YMR012W,YPL156C,0.001956663094460964
YMR012W,YIL117C,2.582354252309016e-12
YMR012W,YHR066W,7.3618577900447235e-09
YMR012W,YML085C,6.2634148889628705e-06
YMR012W,YML047C,0.0010414718417450786
YMR012W,YDR312W,0.1941317766904831
YMR012W,YFL037W,0.00015728817379567772
YMR012W,YDL038C,0.2020167112350464
YMR012W,YDL039C,0.08895157277584076
YMR012W,YCL027W,3.9768344173296555e-10
YMR012W,YML124C,2.2669068400205106e-08
YMR012W,YGL053W,7.916516886474767e-10
YMR012W,YMR232W,1.1905309637433303e-13
YMR012W,YNL298W,3.712368012998013e-08
YMR012W,YGL099W,0.0006838193512521684
YMR012W,YBL016W,5.8062309108208865e-05
YMR012W,YAL041W,0.016352441161870956
YMR012W,YDR085C,7.384274081090325e-09
YMR012W,YPL187W,0.00530277518555522
YMR012W,YPL256C,3.186005279043336e-11
YMR012W,YDR461W,3.1984398463080765e-10
YMR012W,YNL145W,4.025251052613976e-12
YMR211W,YDL165W,1.6459814560221275e-06
YMR211W,YGR059W,4.5867407649780034e-09
YMR211W,YBR109C,1.1896655678356183e-06
YMR211W,YJL080C,3.9231556892005415e-10
YMR211W,YCR093W,1.5987731103450642e-06
YMR211W,YIL122W,6.299717824731488e-06
YMR211W,YCL029C,4.897688157812219e-13
YMR211W,YNL173C,0.17031355202198029
YMR211W,YLR452C,6.427240961670577e-09
YMR211W,YDL160C,3.7405034625237477e-10
YMR211W,YLR229C,1.0400487844000258e-13
YMR211W,YML057W,1.2697979332506465e-14
YMR211W,YER149C,2.2000419903633883e-06
YMR211W,YMR305C,1.0788312083953588e-11
YMR211W,YLR433C,1.2874209476265719e-09
YMR211W,YJL073W,8.101789378267554e-11
YMR211W,YGR279C,1.0031286124624061e-16
YMR211W,YKL190W,2.2780761355534196e-05
YMR211W,YGL089C,0.004980686120688915
YMR211W,YJL019W,1.6700990590479137e-10
YMR211W,YJL018W,0.0006053451215848327
YMR211W,YNR032C-A,0.6869385838508606
YMR211W,YGL178W,5.640173661447534e-09
YMR211W,YKL116C,8.577098059570076e-11
YMR211W,YDL214C,2.489110695336194e-09
YMR211W,YLR362W,1.1564774240468978e-06
YMR211W,YER068W,2.3905053581074753e-07
YMR211W,YHR084W,1.0304215720680077e-06
YMR211W,YDR392W,6.961337430978765e-13
YMR211W,YNL053W,2.4870901782492183e-08
YMR211W,YGR040W,5.318310414281768e-08
YMR211W,YDL216C,1.9888091173925204e-08
YMR211W,YOL117W,1.5609199977006938e-07
YMR211W,YJR086W,2.903073059723482e-10
YMR211W,YMR025W,9.264927314234228e-08
YMR211W,YBR081C,4.098576198430237e-07
YMR211W,YFL026W,2.2474654082227374e-11
YMR211W,YHL007C,1.4311937412969655e-08
YMR211W,YNR044W,5.231098540448009e-11
YMR211W,YNL271C,1.5692588719833501e-15
YMR211W,YDR200C,1.579067543389101e-08
YMR211W,YKL178C,0.12118814140558243
YMR211W,YOR212W,2.9823898906045088e-09
YMR211W,YOL111C,0.012767455540597439
YMR211W,YGL032C,0.0027212854474782944
YMR211W,YHR005C,2.017359790329465e-08
YMR211W,YDR103W,5.9283968845136314e-09
YMR211W,YJR084W,2.5097242062344094e-09
YMR211W,YCL032W,1.6275951963962143e-07
YMR211W,YJL170C,0.031863436102867126
YMR211W,YDR179C,0.004951196257025003
YMR211W,YBR095C,0.005961382761597633
YMR211W,YLL021W,2.7892127496542685e-10
YMR211W,YDL159W,2.8349905756286375e-10
YMR211W,YNL161W,3.3806859458943624e-15
YMR211W,YNL188W,9.745122224558145e-05
YMR211W,YJL157C,0.007581703364849091
YMR211W,YJL034W,2.285592722028884e-12
YMR211W,YLR238W,1.93066157679056e-13
YMR211W,YPR141C,9.197045347519861e-10
YMR211W,YNL127W,7.571306248621568e-09
YMR211W,YCL055W,3.862603292770217e-11
YMR211W,YPR122W,0.4818934202194214
YMR211W,YMR065W,2.7757736461353488e-05
YMR211W,YDR356W,2.791597231155407e-10
YMR211W,YMR052W,2.3694035178323247e-08
YMR211W,YFR008W,1.1177974990062012e-08
YMR211W,YLL043W,3.6781511864036887e-11
YMR211W,YMR029C,7.67084795683104e-09
YMR211W,YJR004C,4.142102920422566e-15
YMR211W,YDL223C,6.424875298449706e-09
YMR211W,YHR158C,2.811349020248599e-08
YMR211W,YGR238C,9.9934197805851e-07
YMR211W,YIL015W,3.940616277731124e-09
YMR211W,YGL173C,0.0740249827504158
YMR211W,YDL225W,7.710087756229115e-16
YMR211W,YLR330W,5.545976677160603e-17
YMR211W,YBR129C,2.9164608505993783e-09
YMR211W,YKR095W-A,0.2020167112350464
YMR211W,YPR075C,4.795891683784248e-09
YMR211W,YMR198W,1.8975429227907625e-08
YMR211W,YOR127W,9.128981304229455e-08
YMR211W,YDR264C,3.0153430543577997e-06
YMR211W,YLR110C,0.00013645051512867212
YMR211W,YDR379W,3.0501334791210866e-10
YMR211W,YDL100C,0.1556486040353775
YMR211W,YHR073W,4.721447842068183e-13
YMR211W,YJR090C,1.3437436052754492e-08
YMR211W,YOR208W,1.8921308964081618e-10
YMR211W,YBR040W,3.073166832123775e-09
YMR211W,YNL279W,1.1021144885603462e-08
YMR211W,YER075C,2.1108493797328265e-07
YMR211W,YCR089W,6.424578091746014e-10
YMR211W,YCR002C,0.13516387343406677
YMR211W,YJL108C,3.5595738268057175e-07
YMR211W,YBR200W,3.1078026437036943e-13
YMR211W,YIL026C,2.0806302813980437e-07
YMR211W,YJR076C,3.257036640391675e-09
YMR211W,YKR031C,3.6239478085065e-10
YMR211W,YPL192C,1.2768077706226677e-09
YMR211W,YHR107C,4.2012819889691855e-09
YMR211W,YIL037C,4.827418888453394e-05
YMR211W,YPL156C,0.03357803821563721
YMR211W,YIL117C,1.8960629507430715e-12
YMR211W,YHR066W,8.824684272212835e-08
YMR211W,YML085C,1.6030434153435635e-06
YMR211W,YML047C,1.0890879309499724e-07
YMR211W,YDR312W,7.445288309482212e-12
YMR211W,YFL037W,4.975279352947837e-07
YMR211W,YDL038C,0.2020167112350464
YMR211W,YDL039C,2.6860490489276877e-15
YMR211W,YCL027W,2.0914459497589633e-08
YMR211W,YML124C,4.774035333721116e-12
YMR211W,YGL053W,1.6127106160918059e-12
YMR211W,YMR232W,3.331271727802232e-06
YMR211W,YNL298W,2.3036863083802928e-08
YMR211W,YGL099W,1.4990083826993406e-12
YMR211W,YBL016W,9.362001191642877e-13
YMR211W,YAL041W,2.4425736988575864e-09
YMR211W,YDR085C,9.79647083454438e-08
YMR211W,YPL187W,0.0021812422201037407
YMR211W,YPL256C,2.1021928382753243e-15
YMR211W,YDR461W,6.063650470622406e-09
YMR211W,YNL145W,6.193305068791233e-08
YMR072W,YDL165W,6.159350807166675e-09
YMR072W,YGR059W,1.216656414726458e-06
YMR072W,YBR109C,0.007918529212474823
YMR072W,YJL080C,4.9317732120357505e-09
YMR072W,YCR093W,2.111648973368574e-05
YMR072W,YIL122W,0.9994910955429077
YMR072W,YCL029C,7.749450044224605e-24
YMR072W,YNL173C,2.981458635531453e-08
YMR072W,YLR452C,3.560961185668357e-16
YMR072W,YDL160C,0.005651672836393118
YMR072W,YLR229C,0.18802763521671295
YMR072W,YML057W,0.1727028787136078
YMR072W,YER149C,4.696311250995677e-08
YMR072W,YMR305C,1.2466905729979771e-07
YMR072W,YLR433C,5.979228808428161e-05
YMR072W,YJL073W,4.833932733261381e-12
YMR072W,YGR279C,0.892829179763794
YMR072W,YKL190W,4.0008877988384484e-08
YMR072W,YGL089C,1.284256200051459e-06
YMR072W,YJL019W,6.8856578216980324e-09
YMR072W,YJL018W,0.0003355711232870817
YMR072W,YNR032C-A,0.01508988905698061
YMR072W,YGL178W,0.5093556046485901
YMR072W,YKL116C,0.0003144199727103114
YMR072W,YDL214C,0.033051908016204834
YMR072W,YLR362W,2.8364030413285946e-07
YMR072W,YER068W,9.121836619385704e-10
YMR072W,YHR084W,1.0341990446249838e-06
YMR072W,YDR392W,0.00039063816075213253
YMR072W,YNL053W,1.754187724145595e-05
YMR072W,YGR040W,0.0009721840615384281
YMR072W,YDL216C,6.671568186789045e-09
YMR072W,YOL117W,0.17193777859210968
YMR072W,YJR086W,0.0016620876267552376
YMR072W,YMR025W,0.0002427995641482994
YMR072W,YBR081C,7.237101817736402e-05
YMR072W,YFL026W,5.645579056329231e-12
YMR072W,YHL007C,3.8246689655352384e-05
YMR072W,YNR044W,1.0367517511156166e-08
YMR072W,YNL271C,0.000595776888076216
YMR072W,YDR200C,0.00037653936306014657
YMR072W,YKL178C,0.402179479598999
YMR072W,YOR212W,6.175392974760996e-10
YMR072W,YOL111C,6.203256816661451e-06
YMR072W,YGL032C,3.034937969340068e-12
YMR072W,YHR005C,8.908213056102454e-11
YMR072W,YDR103W,0.00015161262126639485
YMR072W,YJR084W,8.518015238223597e-05
YMR072W,YCL032W,0.05190442502498627
YMR072W,YJL170C,1.0363953029113304e-09
YMR072W,YDR179C,6.429695317833328e-12
YMR072W,YBR095C,1.1588980101083501e-13
YMR072W,YLL021W,2.6143259432287458e-11
YMR072W,YDL159W,3.7660999652189275e-08
YMR072W,YNL161W,0.0015155026922002435
YMR072W,YNL188W,0.004441336262971163
YMR072W,YJL157C,1.653720493877131e-10
YMR072W,YJL034W,1.67352354196737e-10
YMR072W,YLR238W,0.007064303383231163
YMR072W,YPR141C,4.2908897057714057e-07
YMR072W,YNL127W,0.7844585180282593
YMR072W,YCL055W,7.804432149366783e-14
YMR072W,YPR122W,4.241441615704389e-07
YMR072W,YMR065W,5.357691179597168e-08
YMR072W,YDR356W,2.095726358675165e-06
YMR072W,YMR052W,0.0006451202789321542
YMR072W,YFR008W,0.001137053593993187
YMR072W,YLL043W,3.613347843156589e-09
YMR072W,YMR029C,4.445282229426084e-06
YMR072W,YJR004C,2.463516648276709e-05
YMR072W,YDL223C,1.238441740269991e-07
YMR072W,YHR158C,4.108685960901859e-11
YMR072W,YGR238C,3.2967898278002394e-07
YMR072W,YIL015W,3.8884743958078616e-07
YMR072W,YGL173C,0.9585502743721008
YMR072W,YDL225W,4.673048863423901e-07
YMR072W,YLR330W,1.6539065950116338e-10
YMR072W,YBR129C,4.73409018150045e-13
YMR072W,YKR095W-A,0.2020167112350464
YMR072W,YPR075C,3.572391142370179e-05
YMR072W,YMR198W,3.4278666016795967e-10
YMR072W,YOR127W,0.740777313709259
YMR072W,YDR264C,4.023898547700355e-09
YMR072W,YLR110C,0.9020879864692688
YMR072W,YDR379W,7.679819100303575e-05
YMR072W,YDL100C,1.143824079008482e-06
YMR072W,YHR073W,0.4785805642604828
YMR072W,YJR090C,0.00977777037769556
YMR072W,YOR208W,0.10965390503406525
YMR072W,YBR040W,1.1847812402265845e-06
YMR072W,YNL279W,0.006146740633994341
YMR072W,YER075C,0.0019895893055945635
YMR072W,YCR089W,6.4662799559300765e-06
YMR072W,YCR002C,1.2310800912018749e-06
YMR072W,YJL108C,2.429468395348522e-07
YMR072W,YBR200W,0.010392844676971436
YMR072W,YIL026C,4.3189724237890914e-05
YMR072W,YJR076C,5.65792745987892e-10
YMR072W,YKR031C,0.0043902164325118065
YMR072W,YPL192C,4.17523697251454e-05
YMR072W,YHR107C,3.4642087030078983e-06
YMR072W,YIL037C,1.6790759005402833e-08
YMR072W,YPL156C,2.0095069430681178e-07
YMR072W,YIL117C,0.2410355508327484
YMR072W,YHR066W,9.542721888161415e-16
YMR072W,YML085C,0.00014690020179841667
YMR072W,YML047C,0.22812116146087646
YMR072W,YDR312W,1.2217025187055697e-06
YMR072W,YFL037W,2.50896300713066e-05
YMR072W,YDL038C,0.2020167112350464
YMR072W,YDL039C,1.0228884406160432e-08
YMR072W,YCL027W,1.0877075282134108e-11
YMR072W,YML124C,2.5765576339153995e-09
YMR072W,YGL053W,9.156573469226714e-06
YMR072W,YMR232W,0.00029305610223673284
YMR072W,YNL298W,1.4363821492224815e-06
YMR072W,YGL099W,2.5730875763407823e-11
YMR072W,YBL016W,1.3112144188198727e-05
YMR072W,YAL041W,0.007796315476298332
YMR072W,YDR085C,0.003751091891899705
YMR072W,YPL187W,1.691854976115792e-07
YMR072W,YPL256C,3.3570929369730607e-10
YMR072W,YDR461W,1.7451457759356387e-13
YMR072W,YNL145W,2.2063235682878712e-09
YML091C,YDL165W,1.1885333606187487e-07
YML091C,YGR059W,1.4981561546889566e-09
YML091C,YBR109C,7.011893467279151e-05
YML091C,YJL080C,4.216049419496014e-18
YML091C,YCR093W,4.925655261445172e-08
YML091C,YIL122W,0.094429150223732
YML091C,YCL029C,4.154435828240821e-06
YML091C,YNL173C,2.662609022152651e-09
YML091C,YLR452C,1.82071677150391e-33
YML091C,YDL160C,2.275463498180308e-11
YML091C,YLR229C,2.3300661268876866e-05
YML091C,YML057W,6.0917741961930005e-09
YML091C,YER149C,4.020257654476509e-15
YML091C,YMR305C,1.2429089875365396e-12
YML091C,YLR433C,2.0019033101398026e-17
YML091C,YJL073W,1.488079889445543e-17
YML091C,YGR279C,1.5628147664870085e-09
YML091C,YKL190W,8.54728000376781e-07
YML091C,YGL089C,9.003113358996284e-12
YML091C,YJL019W,1.9718343711311315e-12
YML091C,YJL018W,0.11985432356595993
YML091C,YNR032C-A,0.18411655724048615
YML091C,YGL178W,1.1711328573582591e-09
YML091C,YKL116C,2.864074266379496e-13
YML091C,YDL214C,0.7782616019248962
YML091C,YLR362W,3.603235805972431e-14
YML091C,YER068W,3.773234155679539e-11
YML091C,YHR084W,7.753013954973503e-20
YML091C,YDR392W,1.0089911484101322e-05
YML091C,YNL053W,1.9583601442718646e-06
YML091C,YGR040W,0.0007416575099341571
YML091C,YDL216C,0.0008906755829229951
YML091C,YOL117W,5.762514354579196e-10
YML091C,YJR086W,1.8421529190959518e-08
YML091C,YMR025W,1.5880857739958287e-09
YML091C,YBR081C,3.758946626186699e-11
YML091C,YFL026W,1.0825013792861703e-20
YML091C,YHL007C,1.141515759370502e-18
YML091C,YNR044W,1.9551072186988622e-14
YML091C,YNL271C,4.1588997425852966e-16
YML091C,YDR200C,8.301285561174154e-06
YML091C,YKL178C,8.035226997660239e-12
YML091C,YOR212W,5.301155493595886e-19
YML091C,YOL111C,1.179381453608741e-10
YML091C,YGL032C,5.522822105105121e-15
YML091C,YHR005C,3.2068969875453934e-12
YML091C,YDR103W,0.00010597406071610749
YML091C,YJR084W,3.1792840360367336e-08
YML091C,YCL032W,1.7980219743640724e-11
YML091C,YJL170C,4.02480992978127e-10
YML091C,YDR179C,0.00013656179362442344
YML091C,YBR095C,2.6653369786799885e-06
YML091C,YLL021W,5.009821116980229e-12
YML091C,YDL159W,2.1621929507248394e-13
YML091C,YNL161W,1.0131517456102301e-06
YML091C,YNL188W,1.158414049363607e-13
YML091C,YJL157C,1.0671176172333704e-21
YML091C,YJL034W,1.6458131535806294e-21
YML091C,YLR238W,3.428800027904799e-06
YML091C,YPR141C,5.088015512383359e-12
YML091C,YNL127W,2.4149194643996452e-08
YML091C,YCL055W,3.0934274239391435e-12
YML091C,YPR122W,1.793326077859092e-06
YML091C,YMR065W,1.642465917939262e-06
YML091C,YDR356W,2.4394335014221724e-06
YML091C,YMR052W,3.409015334909782e-06
YML091C,YFR008W,1.4656832414416954e-09
YML091C,YLL043W,5.747964237912129e-08
YML091C,YMR029C,4.010148316251029e-15
YML091C,YJR004C,1.0511610219435025e-17
YML091C,YDL223C,1.351187506770657e-06
YML091C,YHR158C,3.024221701514694e-14
YML091C,YGR238C,3.494945133297733e-08
YML091C,YIL015W,8.961920832176173e-13
YML091C,YGL173C,5.523952131760053e-14
YML091C,YDL225W,4.018943400296848e-09
YML091C,YLR330W,0.00022221858671400696
YML091C,YBR129C,0.0009591943235136569
YML091C,YKR095W-A,0.2020167112350464
YML091C,YPR075C,9.701859107758004e-12
YML091C,YMR198W,6.912163371453062e-05
YML091C,YOR127W,3.4748774919366983e-16
YML091C,YDR264C,2.549769076432007e-11
YML091C,YLR110C,1.0914898325442568e-11
YML091C,YDR379W,0.005738388746976852
YML091C,YDL100C,1.813320500698712e-11
YML091C,YHR073W,5.1184603222509395e-09
YML091C,YJR090C,0.12105213850736618
YML091C,YOR208W,5.630875765660903e-09
YML091C,YBR040W,1.4727450370344286e-09
YML091C,YNL279W,2.466877333517914e-07
YML091C,YER075C,3.6424571692172947e-10
YML091C,YCR089W,2.608987192953549e-10
YML091C,YCR002C,1.753268190352042e-11
YML091C,YJL108C,1.3554965255704182e-13
YML091C,YBR200W,3.73623663563194e-07
YML091C,YIL026C,3.9838560992396224e-18
YML091C,YJR076C,3.818957303169945e-11
YML091C,YKR031C,0.07709582895040512
YML091C,YPL192C,0.0009046096238307655
YML091C,YHR107C,2.460804893189561e-10
YML091C,YIL037C,6.889016503919265e-07
YML091C,YPL156C,1.9660284684974716e-12
YML091C,YIL117C,0.00012270500883460045
YML091C,YHR066W,9.496334319056574e-19
YML091C,YML085C,5.128413319011038e-11
YML091C,YML047C,0.00040370854549109936
YML091C,YDR312W,7.412425165852221e-13
YML091C,YFL037W,1.0712153820230386e-12
YML091C,YDL038C,0.2020167112350464
YML091C,YDL039C,8.4181974484126145e-19
YML091C,YCL027W,0.005156435072422028
YML091C,YML124C,4.876998457858939e-11
YML091C,YGL053W,6.162567678380526e-10
YML091C,YMR232W,7.030291726550786e-06
YML091C,YNL298W,1.583163204844202e-19
YML091C,YGL099W,6.673413792788747e-24
YML091C,YBL016W,1.7327354828733377e-12
YML091C,YAL041W,3.603174425492739e-10
YML091C,YDR085C,2.4176046906597415e-13
YML091C,YPL187W,6.695154297631234e-08
YML091C,YPL256C,2.3795683034687903e-14
YML091C,YDR461W,8.586877953478678e-13
YML091C,YNL145W,8.805796209558579e-17
YOL027C,YDL165W,0.0006687425193376839
YOL027C,YGR059W,1.6122961596920504e-06
YOL027C,YBR109C,1.1826841728179716e-05
YOL027C,YJL080C,2.1958728666504612e-06
YOL027C,YCR093W,0.24764412641525269
YOL027C,YIL122W,3.1406048037752043e-06
YOL027C,YCL029C,0.00020736955048050731
YOL027C,YNL173C,0.0001642255374463275
YOL027C,YLR452C,1.819087415422249e-12
YOL027C,YDL160C,0.8944464325904846
YOL027C,YLR229C,0.1848619431257248
YOL027C,YML057W,2.6415973408688842e-08
YOL027C,YER149C,2.9455484764184803e-05
YOL027C,YMR305C,7.20489551895298e-05
YOL027C,YLR433C,7.568576299542273e-13
YOL027C,YJL073W,5.299181584228344e-16
YOL027C,YGR279C,5.362522870200337e-07
YOL027C,YKL190W,2.2432459535759453e-12
YOL027C,YGL089C,0.9266690015792847
YOL027C,YJL019W,0.18944108486175537
YOL027C,YJL018W,0.007064775563776493
YOL027C,YNR032C-A,0.001321885036304593
YOL027C,YGL178W,0.005271368194371462
YOL027C,YKL116C,2.1729165688988417e-10
YOL027C,YDL214C,0.01674889586865902
YOL027C,YLR362W,1.1985058128230475e-12
YOL027C,YER068W,1.4807310932951623e-08
YOL027C,YHR084W,2.237952011208133e-11
YOL027C,YDR392W,0.362417608499527
YOL027C,YNL053W,1.2769738608545134e-12
YOL027C,YGR040W,2.949059885182237e-10
YOL027C,YDL216C,2.34154667877462e-10
YOL027C,YOL117W,9.650732408772456e-07
YOL027C,YJR086W,7.254059255501488e-07
YOL027C,YMR025W,2.6985199497175927e-07
YOL027C,YBR081C,0.00011182441812707111
YOL027C,YFL026W,6.785541096024361e-13
YOL027C,YHL007C,0.00021352586918510497
YOL027C,YNR044W,5.2955074353322473e-11
YOL027C,YNL271C,0.8826586604118347
YOL027C,YDR200C,4.986470125700748e-10
YOL027C,YKL178C,0.9912488460540771
YOL027C,YOR212W,3.40368816120718e-18
YOL027C,YOL111C,1.572503606439568e-05
YOL027C,YGL032C,1.6722441487093676e-10
YOL027C,YHR005C,3.3003304712871887e-16
YOL027C,YDR103W,1.5616213183688998e-11
YOL027C,YJR084W,1.6711224759546894e-07
YOL027C,YCL032W,1.7046268396825326e-07
YOL027C,YJL170C,3.33986577061296e-07
YOL027C,YDR179C,2.6091899474334213e-11
YOL027C,YBR095C,7.509320276710696e-09
YOL027C,YLL021W,0.0009091179235838354
YOL027C,YDL159W,5.435930818397815e-16
YOL027C,YNL161W,1.125235282728454e-08
YOL027C,YNL188W,1.7470576096911827e-09
YOL027C,YJL157C,9.98049472400453e-07
YOL027C,YJL034W,1.019397511282244e-13
YOL027C,YLR238W,0.09525260329246521
YOL027C,YPR141C,8.988181070890278e-05
YOL027C,YNL127W,3.9188412870316824e-07
YOL027C,YCL055W,2.4643500781684757e-11
YOL027C,YPR122W,2.049506564461012e-09
YOL027C,YMR065W,4.400764737511054e-06
YOL027C,YDR356W,2.3489145917210408e-07
YOL027C,YMR052W,0.0002133726084139198
YOL027C,YFR008W,1.4209984328772407e-05
YOL027C,YLL043W,0.0023386746179312468
YOL027C,YMR029C,6.521103101952974e-12
YOL027C,YJR004C,1.0720729165525356e-10
YOL027C,YDL223C,2.6071093728319283e-08
YOL027C,YHR158C,1.210610776070098e-07
YOL027C,YGR238C,4.341970634413883e-05
YOL027C,YIL015W,8.078557543847678e-17
YOL027C,YGL173C,2.759534822871501e-08
YOL027C,YDL225W,1.034112684372701e-09
YOL027C,YLR330W,8.371305315613142e-10
YOL027C,YBR129C,6.286055564963533e-10
YOL027C,YKR095W-A,0.2020167112350464
YOL027C,YPR075C,4.082733084942447e-08
YOL027C,YMR198W,5.276140288557052e-11
YOL027C,YOR127W,1.2058572806949996e-08
YOL027C,YDR264C,6.480909178208094e-07
YOL027C,YLR110C,7.368632282123144e-08
YOL027C,YDR379W,1.0840101261067048e-08
YOL027C,YDL100C,3.294146067034376e-10
YOL027C,YHR073W,1.813619547874623e-07
YOL027C,YJR090C,4.05148157590126e-14
YOL027C,YOR208W,7.575136464765819e-07
YOL027C,YBR040W,9.901026487568743e-08
YOL027C,YNL279W,0.052362147718667984
YOL027C,YER075C,4.342078057106846e-07
YOL027C,YCR089W,5.689478257409064e-07
YOL027C,YCR002C,2.6719164452515543e-05
YOL027C,YJL108C,1.1874024494318292e-05
YOL027C,YBR200W,1.7368286364671803e-08
YOL027C,YIL026C,7.665820703550708e-06
YOL027C,YJR076C,3.163682857354466e-12
YOL027C,YKR031C,9.727948935278619e-08
YOL027C,YPL192C,1.1951672149734804e-06
YOL027C,YHR107C,0.0002823281101882458
YOL027C,YIL037C,0.004275286570191383
YOL027C,YPL156C,0.0006384802400134504
YOL027C,YIL117C,0.9015330076217651
YOL027C,YHR066W,3.807915788245353e-11
YOL027C,YML085C,2.8235240279173013e-07
YOL027C,YML047C,0.011127462610602379
YOL027C,YDR312W,4.1115120197332544e-09
YOL027C,YFL037W,0.3339870870113373
YOL027C,YDL038C,0.2020167112350464
YOL027C,YDL039C,3.9186606737295904e-10
YOL027C,YCL027W,1.4608486642586627e-10
YOL027C,YML124C,4.1790191573627504e-15
YOL027C,YGL053W,0.08667273074388504
YOL027C,YMR232W,0.0023627823684364557
YOL027C,YNL298W,1.557557143157251e-12
YOL027C,YGL099W,2.06627354115696e-10
YOL027C,YBL016W,5.26640286935276e-09
YOL027C,YAL041W,0.03288469836115837
YOL027C,YDR085C,1.2072868571522122e-07
YOL027C,YPL187W,0.5770471096038818
YOL027C,YPL256C,1.084386920535696e-11
YOL027C,YDR461W,3.376037449598357e-09
YOL027C,YNL145W,4.8354639668820454e-23
YDL142C,YDL165W,4.844099521505996e-07
YDL142C,YGR059W,1.156135112978518e-05
YDL142C,YBR109C,1.636487126366326e-11
YDL142C,YJL080C,0.8408226370811462
YDL142C,YCR093W,4.9762988396651053e-08
YDL142C,YIL122W,0.48155200481414795
YDL142C,YCL029C,9.973026863008272e-06
YDL142C,YNL173C,2.385334300925024e-05
YDL142C,YLR452C,0.0005496955709531903
YDL142C,YDL160C,0.6895331740379333
YDL142C,YLR229C,0.037626199424266815
YDL142C,YML057W,2.8408648766742317e-09
YDL142C,YER149C,0.6761804223060608
YDL142C,YMR305C,1.7499355919881054e-07
YDL142C,YLR433C,2.1063151507405564e-05
YDL142C,YJL073W,5.847157202865105e-10
YDL142C,YGR279C,0.004716560244560242
YDL142C,YKL190W,3.894470137311146e-05
YDL142C,YGL089C,0.03206004947423935
YDL142C,YJL019W,7.543557778433296e-09
YDL142C,YJL018W,0.0021228722762316465
YDL142C,YNR032C-A,0.9579923152923584
YDL142C,YGL178W,4.299671729768306e-10
YDL142C,YKL116C,1.4315532093078787e-09
YDL142C,YDL214C,0.04110845923423767
YDL142C,YLR362W,0.00026882733800448477
YDL142C,YER068W,6.035610921641121e-13
YDL142C,YHR084W,5.178304149922042e-07
YDL142C,YDR392W,0.0014810184948146343
YDL142C,YNL053W,0.00019921826606150717
YDL142C,YGR040W,0.07451658695936203
YDL142C,YDL216C,9.204481102642603e-06
YDL142C,YOL117W,7.817670422127776e-08
YDL142C,YJR086W,2.051394767477177e-05
YDL142C,YMR025W,0.0039335088804364204
YDL142C,YBR081C,1.966882109627477e-06
YDL142C,YFL026W,0.5034729242324829
YDL142C,YHL007C,0.9439195990562439
YDL142C,YNR044W,3.1943229311659493e-11
YDL142C,YNL271C,1.795862125675285e-08
YDL142C,YDR200C,0.04508895426988602
YDL142C,YKL178C,0.1421971470117569
YDL142C,YOR212W,3.6814949453400914e-06
YDL142C,YOL111C,2.346134397868127e-09
YDL142C,YGL032C,1.1819467930426764e-13
YDL142C,YHR005C,0.7371314764022827
YDL142C,YDR103W,0.0024043519515544176
YDL142C,YJR084W,1.4917653061274905e-05
YDL142C,YCL032W,0.9877339601516724
YDL142C,YJL170C,5.153739834895532e-07
YDL142C,YDR179C,1.2445969255203693e-10
YDL142C,YBR095C,0.00013612471229862422
YDL142C,YLL021W,9.406127355759963e-05
YDL142C,YDL159W,1.590268894346991e-08
YDL142C,YNL161W,0.4626415967941284
YDL142C,YNL188W,0.0018710937583819032
YDL142C,YJL157C,3.5178153792725375e-13
YDL142C,YJL034W,5.02540439817345e-11
YDL142C,YLR238W,6.194502202561125e-05
YDL142C,YPR141C,1.7578739175405644e-07
YDL142C,YNL127W,0.014409473165869713
YDL142C,YCL055W,1.852826514436856e-08
YDL142C,YPR122W,3.946944673316466e-07
YDL142C,YMR065W,0.00031767290784046054
YDL142C,YDR356W,1.5574003555229865e-05
YDL142C,YMR052W,9.430356726625178e-07
YDL142C,YFR008W,0.00019719856209121644
YDL142C,YLL043W,1.5689478232161491e-06
YDL142C,YMR029C,1.1435947271820623e-05
YDL142C,YJR004C,1.4198629116890515e-07
YDL142C,YDL223C,1.976220619440139e-12
YDL142C,YHR158C,1.2694167494942121e-08
YDL142C,YGR238C,0.03152609243988991
YDL142C,YIL015W,0.10233194380998611
YDL142C,YGL173C,0.8381096720695496
YDL142C,YDL225W,0.0001416163140675053
YDL142C,YLR330W,1.4223172986604915e-11
YDL142C,YBR129C,1.1037816420866875e-06
YDL142C,YKR095W-A,0.2020167112350464
YDL142C,YPR075C,9.864510097656876e-09
YDL142C,YMR198W,0.006881078705191612
YDL142C,YOR127W,0.0003040402662009001
YDL142C,YDR264C,8.376910045626573e-07
YDL142C,YLR110C,3.6783012546948157e-07
YDL142C,YDR379W,0.0012247295817360282
YDL142C,YDL100C,0.9998053908348083
YDL142C,YHR073W,1.3990776096761692e-05
YDL142C,YJR090C,5.583623351412825e-05
YDL142C,YOR208W,0.016251375898718834
YDL142C,YBR040W,3.276441930211149e-05
YDL142C,YNL279W,0.0007023393409326673
YDL142C,YER075C,0.0030870186164975166
YDL142C,YCR089W,0.006146064959466457
YDL142C,YCR002C,6.11408322583884e-05
YDL142C,YJL108C,0.994367778301239
YDL142C,YBR200W,1.0496194846609797e-07
YDL142C,YIL026C,1.1766871921281563e-06
YDL142C,YJR076C,0.0006111891125328839
YDL142C,YKR031C,1.4373081569374335e-07
YDL142C,YPL192C,0.0802588239312172
YDL142C,YHR107C,0.017327582463622093
YDL142C,YIL037C,0.0001485187967773527
YDL142C,YPL156C,0.696067214012146
YDL142C,YIL117C,0.9242490530014038
YDL142C,YHR066W,2.2856019299410946e-08
YDL142C,YML085C,3.100652611465193e-05
YDL142C,YML047C,0.09878479689359665
YDL142C,YDR312W,1.5566076854156563e-06
YDL142C,YFL037W,0.10165359079837799
YDL142C,YDL038C,0.2020167112350464
YDL142C,YDL039C,2.488247426925581e-16
YDL142C,YCL027W,0.13362543284893036
YDL142C,YML124C,0.9653969407081604
YDL142C,YGL053W,0.011713464744389057
YDL142C,YMR232W,1.3158856745576486e-05
YDL142C,YNL298W,2.5873250706354156e-06
YDL142C,YGL099W,1.695231367193628e-05
YDL142C,YBL016W,1.3590090164328217e-10
YDL142C,YAL041W,0.009079140610992908
YDL142C,YDR085C,0.0719185397028923
YDL142C,YPL187W,0.0006724153063260019
YDL142C,YPL256C,3.090668485583592e-07
YDL142C,YDR461W,8.213073775763247e-13
YDL142C,YNL145W,4.560863134644294e-14
YHR083W,YDL165W,4.5122094949334723e-10
YHR083W,YGR059W,6.834167720626283e-07
YHR083W,YBR109C,1.1485626902688062e-12
YHR083W,YJL080C,0.00280775036662817
YHR083W,YCR093W,0.3459523320198059
YHR083W,YIL122W,5.556278847507201e-05
YHR083W,YCL029C,5.66492464049162e-10
YHR083W,YNL173C,0.02707833983004093
YHR083W,YLR452C,2.5576047846698202e-05
YHR083W,YDL160C,1.3070420209260192e-05
YHR083W,YLR229C,4.866426706051641e-10
YHR083W,YML057W,2.3624794209808897e-07
YHR083W,YER149C,4.766790961951983e-09
YHR083W,YMR305C,2.823292106768349e-06
YHR083W,YLR433C,2.2967925339401063e-09
YHR083W,YJL073W,5.594011298626356e-08
YHR083W,YGR279C,2.2476882577393553e-07
YHR083W,YKL190W,3.7417749562847213e-13
YHR083W,YGL089C,5.291276791719035e-11
YHR083W,YJL019W,7.6152737165102735e-06
YHR083W,YJL018W,0.0012055087136104703
YHR083W,YNR032C-A,9.224951645592228e-05
YHR083W,YGL178W,0.023452121764421463
YHR083W,YKL116C,2.1631262825394515e-06
YHR083W,YDL214C,1.2366443513656122e-07
YHR083W,YLR362W,6.883667941215421e-11
YHR083W,YER068W,0.00016961683286353946
YHR083W,YHR084W,2.580267022267435e-08
YHR083W,YDR392W,3.5956773669632014e-10
YHR083W,YNL053W,3.140481567243114e-05
YHR083W,YGR040W,2.017605038417969e-05
YHR083W,YDL216C,0.00016814310220070183
YHR083W,YOL117W,9.855917596723884e-06
YHR083W,YJR086W,2.4578318402745936e-07
YHR083W,YMR025W,3.8363241401384585e-06
YHR083W,YBR081C,2.0411090572840804e-15
YHR083W,YFL026W,9.405001777373911e-11
YHR083W,YHL007C,1.4507051189948606e-18
YHR083W,YNR044W,9.012872045910392e-12
YHR083W,YNL271C,0.00011629244545474648
YHR083W,YDR200C,1.0799305893982591e-11
YHR083W,YKL178C,8.095281373243779e-05
YHR083W,YOR212W,0.002772783162072301
YHR083W,YOL111C,1.5086753698265783e-15
YHR083W,YGL032C,6.20969871079069e-08
YHR083W,YHR005C,2.6774005164043047e-05
YHR083W,YDR103W,1.8820294656052283e-08
YHR083W,YJR084W,7.481691655097933e-11
YHR083W,YCL032W,0.00012205686653032899
YHR083W,YJL170C,1.2596984566570768e-09
YHR083W,YDR179C,1.4718406760039215e-07
YHR083W,YBR095C,5.221440005698241e-06
YHR083W,YLL021W,8.961750612435093e-13
YHR083W,YDL159W,0.02232876792550087
YHR083W,YNL161W,1.3379030522342461e-11
YHR083W,YNL188W,3.267483407398686e-05
YHR083W,YJL157C,1.22966348214959e-09
YHR083W,YJL034W,0.03984330594539642
YHR083W,YLR238W,1.2299043191887904e-05
YHR083W,YPR141C,1.0279418427572296e-09
YHR083W,YNL127W,6.305018905550241e-05
YHR083W,YCL055W,6.744905189925987e-10
YHR083W,YPR122W,8.633211837150156e-05
YHR083W,YMR065W,3.869857678751032e-08
YHR083W,YDR356W,5.820007809020922e-10
YHR083W,YMR052W,5.237100753063828e-10
YHR083W,YFR008W,0.0010749476496130228
YHR083W,YLL043W,9.35380037314637e-11
YHR083W,YMR029C,0.025097984820604324
YHR083W,YJR004C,1.7519562467427363e-09
YHR083W,YDL223C,8.541604007011518e-19
YHR083W,YHR158C,3.740879401448183e-05
YHR083W,YGR238C,5.1920383548065274e-09
YHR083W,YIL015W,0.01671421527862549
YHR083W,YGL173C,1.877329793842364e-07
YHR083W,YDL225W,1.70752567640875e-08
YHR083W,YLR330W,3.203133928764146e-06
YHR083W,YBR129C,3.7006618640589295e-06
YHR083W,YKR095W-A,0.2020167112350464
YHR083W,YPR075C,0.00015247146075125784
YHR083W,YMR198W,0.08596576750278473
YHR083W,YOR127W,0.31985074281692505
YHR083W,YDR264C,2.372516905158051e-10
YHR083W,YLR110C,2.877558261116242e-11
YHR083W,YDR379W,0.00021902148728258908
YHR083W,YDL100C,0.00017145919264294207
YHR083W,YHR073W,7.142264024651013e-08
YHR083W,YJR090C,2.1199234367941244e-07
YHR083W,YOR208W,0.6672604084014893
YHR083W,YBR040W,0.6265659928321838
YHR083W,YNL279W,3.785895023611374e-05
YHR083W,YER075C,5.215730191493462e-13
YHR083W,YCR089W,7.4362231650138e-11
YHR083W,YCR002C,1.476357169849507e-08
YHR083W,YJL108C,0.07133924961090088
YHR083W,YBR200W,3.95706578615318e-09
YHR083W,YIL026C,4.671074904649686e-08
YHR083W,YJR076C,1.5778511310016174e-12
YHR083W,YKR031C,0.015126558020710945
YHR083W,YPL192C,5.405166245142645e-11
YHR083W,YHR107C,4.539420326177962e-13
YHR083W,YIL037C,2.2686062948196195e-05
YHR083W,YPL156C,6.863697544351455e-12
YHR083W,YIL117C,0.043524496257305145
YHR083W,YHR066W,2.639262226210947e-18
YHR083W,YML085C,3.1949105050443904e-07
YHR083W,YML047C,7.244578682730207e-06
YHR083W,YDR312W,1.253337700291013e-07
YHR083W,YFL037W,4.363362560155792e-09
YHR083W,YDL038C,0.2020167112350464
YHR083W,YDL039C,3.766881473410422e-09
YHR083W,YCL027W,0.02022061124444008
YHR083W,YML124C,0.00011022002581739798
YHR083W,YGL053W,9.95156224234961e-05
YHR083W,YMR232W,1.3597215229310677e-06
YHR083W,YNL298W,1.3184239255892294e-09
YHR083W,YGL099W,7.364525878017503e-09
YHR083W,YBL016W,3.268747494900026e-10
YHR083W,YAL041W,1.0010531923398958e-06
YHR083W,YDR085C,1.165453866747157e-07
YHR083W,YPL187W,0.0012831258354708552
YHR083W,YPL256C,0.00017833505989983678
YHR083W,YDR461W,6.537268200190738e-05
YHR083W,YNL145W,1.845194570054831e-12
YMR060C,YDL165W,0.0002587572962511331
YMR060C,YGR059W,0.0009239145438186824
YMR060C,YBR109C,0.00039108283817768097
YMR060C,YJL080C,4.983037911188148e-07
YMR060C,YCR093W,0.0005057044909335673
YMR060C,YIL122W,2.1300724029060802e-07
YMR060C,YCL029C,1.0680965090159589e-07
YMR060C,YNL173C,0.00017285019566770643
YMR060C,YLR452C,1.627154522232388e-09
YMR060C,YDL160C,0.007851853966712952
YMR060C,YLR229C,0.008035068400204182
YMR060C,YML057W,4.045316615020056e-08
YMR060C,YER149C,1.4276886617370366e-10
YMR060C,YMR305C,6.122078954895471e-10
YMR060C,YLR433C,1.8345325258906087e-07
YMR060C,YJL073W,5.173979300554521e-12
YMR060C,YGR279C,1.7065852375708346e-07
YMR060C,YKL190W,0.05875173956155777
YMR060C,YGL089C,2.9252254535094835e-05
YMR060C,YJL019W,1.9208794277414398e-10
YMR060C,YJL018W,0.2020167112350464
YMR060C,YNR032C-A,0.39044785499572754
YMR060C,YGL178W,2.9050008834019536e-06
YMR060C,YKL116C,4.392656811208484e-12
YMR060C,YDL214C,0.0022209319286048412
YMR060C,YLR362W,3.2501427103711874e-16
YMR060C,YER068W,4.06361722049553e-10
YMR060C,YHR084W,3.9541183127767e-07
YMR060C,YDR392W,2.312722374719911e-10
YMR060C,YNL053W,2.2674092292618298e-07
YMR060C,YGR040W,0.00010607182775856927
YMR060C,YDL216C,8.114906449918635e-06
YMR060C,YOL117W,6.666788721076955e-08
YMR060C,YJR086W,0.8369032144546509
YMR060C,YMR025W,4.498676935327239e-05
YMR060C,YBR081C,9.416929458438972e-09
YMR060C,YFL026W,6.075969061214437e-09
YMR060C,YHL007C,3.925956892913973e-09
YMR060C,YNR044W,2.6860438993026037e-06
YMR060C,YNL271C,7.193645679137717e-11
YMR060C,YDR200C,5.95433077843488e-11
YMR060C,YKL178C,8.181429755893532e-09
YMR060C,YOR212W,0.012933298945426941
YMR060C,YOL111C,7.585182260072543e-09
YMR060C,YGL032C,3.2205605293711415e-08
YMR060C,YHR005C,2.105153043885366e-06
YMR060C,YDR103W,3.002628146120401e-10
YMR060C,YJR084W,0.00015040856669656932
YMR060C,YCL032W,0.20423546433448792
YMR060C,YJL170C,1.927982884453172e-09
YMR060C,YDR179C,4.0978520132739504e-08
YMR060C,YBR095C,1.562083014050586e-07
YMR060C,YLL021W,7.031030757609358e-10
YMR060C,YDL159W,0.00017208945064339787
YMR060C,YNL161W,0.17666970193386078
YMR060C,YNL188W,1.4734038700225938e-07
YMR060C,YJL157C,2.896453281664435e-07
YMR060C,YJL034W,3.5956711030848965e-07
YMR060C,YLR238W,6.576662769930408e-08
YMR060C,YPR141C,1.5376628789698366e-11
YMR060C,YNL127W,1.7895898452024994e-07
YMR060C,YCL055W,1.1011417555550906e-08
YMR060C,YPR122W,2.5721960672520083e-10
YMR060C,YMR065W,8.862550657795509e-07
YMR060C,YDR356W,4.30484403679543e-09
YMR060C,YMR052W,2.2690260266244877e-06
YMR060C,YFR008W,8.800433992650625e-11
YMR060C,YLL043W,2.191293242503889e-05
YMR060C,YMR029C,0.026046061888337135
YMR060C,YJR004C,1.490109013957408e-08
YMR060C,YDL223C,1.9344527715792204e-11
YMR060C,YHR158C,2.229769052064512e-05
YMR060C,YGR238C,5.666934725923056e-07
YMR060C,YIL015W,2.3932312842589454e-07
YMR060C,YGL173C,3.267417923780158e-05
YMR060C,YDL225W,1.6453208218081272e-07
YMR060C,YLR330W,3.319150110314695e-08
YMR060C,YBR129C,1.0782773784967503e-08
YMR060C,YKR095W-A,0.2020167112350464
YMR060C,YPR075C,7.376097371170824e-16
YMR060C,YMR198W,0.003935865126550198
YMR060C,YOR127W,4.018897215019024e-09
YMR060C,YDR264C,0.0006570121622644365
YMR060C,YLR110C,0.0017341667553409934
YMR060C,YDR379W,1.0905648606396312e-09
YMR060C,YDL100C,0.00016066880198195577
YMR060C,YHR073W,2.192885872887018e-09
YMR060C,YJR090C,9.452897353767753e-10
YMR060C,YOR208W,1.0896111568570177e-08
YMR060C,YBR040W,0.08689405024051666
YMR060C,YNL279W,0.010224001482129097
YMR060C,YER075C,1.237995470027009e-11
YMR060C,YCR089W,1.0270431206882424e-11
YMR060C,YCR002C,4.5697370865127596e-07
YMR060C,YJL108C,9.775806900091943e-12
YMR060C,YBR200W,6.196607671427046e-10
YMR060C,YIL026C,1.9129679394366828e-13
YMR060C,YJR076C,1.0666662092262413e-05
YMR060C,YKR031C,1.3010698012294597e-06
YMR060C,YPL192C,0.07613297551870346
YMR060C,YHR107C,0.015657048672437668
YMR060C,YIL037C,8.360176434507594e-05
YMR060C,YPL156C,0.2529260516166687
YMR060C,YIL117C,0.0024869698099792004
YMR060C,YHR066W,6.8298506939259724e-15
YMR060C,YML085C,0.00015401891141664237
YMR060C,YML047C,1.6796417412479059e-06
YMR060C,YDR312W,9.440478954125808e-11
YMR060C,YFL037W,1.4724975699209608e-05
YMR060C,YDL038C,0.2020167112350464
YMR060C,YDL039C,0.0002491391496732831
YMR060C,YCL027W,1.439250809198711e-06
YMR060C,YML124C,0.00015713706670794636
YMR060C,YGL053W,5.401559064921457e-06
YMR060C,YMR232W,5.381165024687107e-08
YMR060C,YNL298W,8.047815747147524e-09
YMR060C,YGL099W,1.3337021645496577e-14
YMR060C,YBL016W,4.795562613679749e-09
YMR060C,YAL041W,2.37740141528775e-06
YMR060C,YDR085C,0.0024254946038126945
YMR060C,YPL187W,0.5295562148094177
YMR060C,YPL256C,2.549732614712946e-13
YMR060C,YDR461W,1.6530906643552612e-09
YMR060C,YNL145W,2.1699106955708203e-09
YPL098C,YDL165W,2.949743560520801e-08
YPL098C,YGR059W,2.7627022891607567e-10
YPL098C,YBR109C,7.95325031504035e-05
YPL098C,YJL080C,7.85665505986799e-08
YPL098C,YCR093W,0.0033972610253840685
YPL098C,YIL122W,0.0002897193771786988
YPL098C,YCL029C,3.880117747419179e-15
YPL098C,YNL173C,2.6284692738326454e-12
YPL098C,YLR452C,6.104837501404864e-16
YPL098C,YDL160C,5.075645307696386e-13
YPL098C,YLR229C,0.00011518132669152692
YPL098C,YML057W,3.566509727928905e-15
YPL098C,YER149C,3.993305654148571e-06
YPL098C,YMR305C,1.2577000916280667e-06
YPL098C,YLR433C,1.2952898941875901e-05
YPL098C,YJL073W,2.6725250159599645e-13
YPL098C,YGR279C,1.3844181356859053e-10
YPL098C,YKL190W,7.101952359533925e-10
YPL098C,YGL089C,0.00047854078002274036
YPL098C,YJL019W,1.0941406571873813e-06
YPL098C,YJL018W,0.0009712273022159934
YPL098C,YNR032C-A,0.0012785218423232436
YPL098C,YGL178W,1.2729390874710589e-09
YPL098C,YKL116C,6.62521704164476e-10
YPL098C,YDL214C,3.239655370634864e-06
YPL098C,YLR362W,1.4042146612158746e-10
YPL098C,YER068W,3.4373346124993986e-07
YPL098C,YHR084W,1.2967265039520726e-09
YPL098C,YDR392W,2.8129692509537563e-05
YPL098C,YNL053W,1.0057616198211328e-11
YPL098C,YGR040W,8.411403129571227e-09
YPL098C,YDL216C,1.8669266133031215e-09
YPL098C,YOL117W,2.6541354714026966e-07
YPL098C,YJR086W,0.0004185655852779746
YPL098C,YMR025W,0.0009498699218966067
YPL098C,YBR081C,4.2782530990104206e-11
YPL098C,YFL026W,1.5798317786353683e-13
YPL098C,YHL007C,4.647433154460201e-13
YPL098C,YNR044W,2.0102593201176688e-10
YPL098C,YNL271C,6.9559548415308245e-15
YPL098C,YDR200C,1.1513186237710471e-10
YPL098C,YKL178C,3.5765508610285934e-11
YPL098C,YOR212W,5.3366432800627805e-11
YPL098C,YOL111C,6.96324576232761e-14
YPL098C,YGL032C,5.234278432908468e-05
YPL098C,YHR005C,1.1823301940359215e-13
YPL098C,YDR103W,1.6522647694472425e-09
YPL098C,YJR084W,6.710393307685081e-08
YPL098C,YCL032W,0.00018743409600574523
YPL098C,YJL170C,4.668291309073425e-10
YPL098C,YDR179C,1.1701091484628279e-11
YPL098C,YBR095C,0.03679937869310379
YPL098C,YLL021W,1.5841587241993693e-07
YPL098C,YDL159W,5.7861750946131e-09
YPL098C,YNL161W,1.5218899751534565e-10
YPL098C,YNL188W,1.969415825442411e-05
YPL098C,YJL157C,7.314702229338499e-13
YPL098C,YJL034W,1.0675974948526346e-07
YPL098C,YLR238W,1.3833312273447973e-09
YPL098C,YPR141C,2.2043873210099083e-14
YPL098C,YNL127W,1.1797363441701236e-07
YPL098C,YCL055W,3.242346613419045e-09
YPL098C,YPR122W,1.2232264978706553e-08
YPL098C,YMR065W,0.0010785860940814018
YPL098C,YDR356W,2.8393520867808775e-10
YPL098C,YMR052W,2.569859525181073e-08
YPL098C,YFR008W,2.8551719322145175e-10
YPL098C,YLL043W,4.321390572719621e-15
YPL098C,YMR029C,5.200542219085946e-09
YPL098C,YJR004C,4.4149395250769885e-09
YPL098C,YDL223C,7.859813602913157e-13
YPL098C,YHR158C,5.484952492196271e-09
YPL098C,YGR238C,1.5995865396689624e-05
YPL098C,YIL015W,8.669384654602652e-11
YPL098C,YGL173C,1.015708676277427e-05
YPL098C,YDL225W,7.514413397080588e-11
YPL098C,YLR330W,5.549318871089781e-07
YPL098C,YBR129C,3.353177362441784e-07
YPL098C,YKR095W-A,0.2020167112350464
YPL098C,YPR075C,9.506648940282858e-11
YPL098C,YMR198W,3.4442615515217767e-07
YPL098C,YOR127W,6.536307495252913e-08
YPL098C,YDR264C,0.018579741939902306
YPL098C,YLR110C,0.0006152706919237971
YPL098C,YDR379W,2.6095030989381485e-05
YPL098C,YDL100C,1.4378424673111567e-08
YPL098C,YHR073W,9.47898079175502e-05
YPL098C,YJR090C,0.01389793399721384
YPL098C,YOR208W,7.429854065321706e-08
YPL098C,YBR040W,9.752155680220476e-12
YPL098C,YNL279W,7.358365650134147e-08
YPL098C,YER075C,1.4176917493137313e-14
YPL098C,YCR089W,2.8696670040240235e-10
YPL098C,YCR002C,2.1427506879945213e-08
YPL098C,YJL108C,2.651537669984272e-11
YPL098C,YBR200W,1.2209484623326716e-07
YPL098C,YIL026C,4.1107949073193595e-05
YPL098C,YJR076C,8.011245427042013e-07
YPL098C,YKR031C,1.2338752659575916e-14
YPL098C,YPL192C,0.008310455828905106
YPL098C,YHR107C,1.6701770633176238e-08
YPL098C,YIL037C,5.0651058867978715e-12
YPL098C,YPL156C,1.0298963903920821e-09
YPL098C,YIL117C,1.1015412582082718e-07
YPL098C,YHR066W,1.9137032317975353e-15
YPL098C,YML085C,2.86922681169699e-08
YPL098C,YML047C,0.0016751376679167151
YPL098C,YDR312W,1.849157271749391e-09
YPL098C,YFL037W,3.3126132392702345e-10
YPL098C,YDL038C,0.2020167112350464
YPL098C,YDL039C,9.865600090336324e-13
YPL098C,YCL027W,7.260310130874359e-10
YPL098C,YML124C,6.732123125630096e-08
YPL098C,YGL053W,3.668515802246475e-08
YPL098C,YMR232W,1.0911585412998193e-08
YPL098C,YNL298W,3.1068444258236516e-12
YPL098C,YGL099W,1.761670622802478e-20
YPL098C,YBL016W,1.412897715491468e-10
YPL098C,YAL041W,0.004268479533493519
YPL098C,YDR085C,4.481303506054246e-08
YPL098C,YPL187W,0.0002383161918260157
YPL098C,YPL256C,0.0014218714786693454
YPL098C,YDR461W,3.742278709140123e-11
YPL098C,YNL145W,1.8844601434864217e-09
YIL051C,YDL165W,5.724757473624109e-12
YIL051C,YGR059W,2.2550611333826964e-07
YIL051C,YBR109C,2.2034933877534968e-09
YIL051C,YJL080C,0.019391706213355064
YIL051C,YCR093W,2.941349919183267e-08
YIL051C,YIL122W,5.121685171616264e-05
YIL051C,YCL029C,1.1724224435738506e-07
YIL051C,YNL173C,1.1431474690459797e-11
YIL051C,YLR452C,1.9743597476917785e-06
YIL051C,YDL160C,0.00010072937584482133
YIL051C,YLR229C,0.003678123001009226
YIL051C,YML057W,0.0001178816455649212
YIL051C,YER149C,1.806997929065801e-08
YIL051C,YMR305C,7.75993669321906e-09
YIL051C,YLR433C,0.00015805417206138372
YIL051C,YJL073W,0.0003371635975781828
YIL051C,YGR279C,7.152274338295683e-05
YIL051C,YKL190W,2.5003615519381128e-05
YIL051C,YGL089C,6.355269761115778e-06
YIL051C,YJL019W,0.8113192915916443
YIL051C,YJL018W,0.12232457101345062
YIL051C,YNR032C-A,0.00016745607717894018
YIL051C,YGL178W,0.09973356872797012
YIL051C,YKL116C,0.022460680454969406
YIL051C,YDL214C,0.002124669961631298
YIL051C,YLR362W,0.999775230884552
YIL051C,YER068W,3.740283864317462e-05
YIL051C,YHR084W,6.552906661738689e-09
YIL051C,YDR392W,8.951657946454361e-05
YIL051C,YNL053W,0.11099714040756226
YIL051C,YGR040W,3.5075767290670967e-10
YIL051C,YDL216C,4.4901497631144593e-08
YIL051C,YOL117W,1.2533377230283804e-05
YIL051C,YJR086W,0.02310395985841751
YIL051C,YMR025W,5.063099939306426e-11
YIL051C,YBR081C,4.381457141544587e-10
YIL051C,YFL026W,0.0002494971267879009
YIL051C,YHL007C,8.478248325616278e-09
YIL051C,YNR044W,1.5985733625711873e-07
YIL051C,YNL271C,1.5717348560428945e-06
YIL051C,YDR200C,2.9908487704233266e-05
YIL051C,YKL178C,1.7247961739408346e-11
YIL051C,YOR212W,4.517766605260931e-09
YIL051C,YOL111C,7.882035444521738e-16
YIL051C,YGL032C,1.6698444596841e-05
YIL051C,YHR005C,3.906945877929502e-09
YIL051C,YDR103W,0.9958651065826416
YIL051C,YJR084W,0.000763692136388272
YIL051C,YCL032W,0.0002011880569625646
YIL051C,YJL170C,2.159832668269246e-08
YIL051C,YDR179C,2.990862810747785e-07
YIL051C,YBR095C,9.044430204774301e-10
YIL051C,YLL021W,1.8538610317003767e-13
YIL051C,YDL159W,2.2011052702719525e-11
YIL051C,YNL161W,8.374231583729852e-06
YIL051C,YNL188W,6.148796819616109e-05
YIL051C,YJL157C,7.783005173678248e-08
YIL051C,YJL034W,4.297013092569024e-11
YIL051C,YLR238W,0.9973196387290955
YIL051C,YPR141C,1.4068121345189866e-05
YIL051C,YNL127W,0.7639029622077942
YIL051C,YCL055W,7.333959387869054e-15
YIL051C,YPR122W,5.6294698879355565e-05
YIL051C,YMR065W,0.9983899593353271
YIL051C,YDR356W,5.7560065158668294e-08
YIL051C,YMR052W,0.003126910887658596
YIL051C,YFR008W,3.8709044858364905e-09
YIL051C,YLL043W,0.00010707618639571592
YIL051C,YMR029C,3.2394706361849046e-10
YIL051C,YJR004C,0.11430128663778305
YIL051C,YDL223C,2.0984409124529063e-17
YIL051C,YHR158C,1.6643629807688853e-09
YIL051C,YGR238C,1.2092055134971247e-09
YIL051C,YIL015W,0.9252291917800903
YIL051C,YGL173C,4.647640707844403e-06
YIL051C,YDL225W,0.49133098125457764
YIL051C,YLR330W,8.94349068403244e-06
YIL051C,YBR129C,2.5628645872188827e-08
YIL051C,YKR095W-A,0.2020167112350464
YIL051C,YPR075C,2.4212472027329568e-08
YIL051C,YMR198W,0.04256444796919823
YIL051C,YOR127W,0.09697554260492325
YIL051C,YDR264C,1.6350986536961543e-11
YIL051C,YLR110C,1.7373942284848454e-09
YIL051C,YDR379W,0.9450006484985352
YIL051C,YDL100C,1.1986361339241802e-12
YIL051C,YHR073W,0.1197044774889946
YIL051C,YJR090C,0.07240202277898788
YIL051C,YOR208W,0.15278758108615875
YIL051C,YBR040W,0.5335880517959595
YIL051C,YNL279W,0.9995719790458679
YIL051C,YER075C,7.564954884742292e-09
YIL051C,YCR089W,0.5088676810264587
YIL051C,YCR002C,0.004022579174488783
YIL051C,YJL108C,0.8614662885665894
YIL051C,YBR200W,0.10360071808099747
YIL051C,YIL026C,1.8747656440609717e-06
YIL051C,YJR076C,9.730157216836233e-06
YIL051C,YKR031C,0.3735317885875702
YIL051C,YPL192C,0.9999823570251465
YIL051C,YHR107C,1.4849669582872593e-07
YIL051C,YIL037C,0.0708397701382637
YIL051C,YPL156C,0.005475193727761507
YIL051C,YIL117C,3.8571381670766437e-16
YIL051C,YHR066W,1.5038976641790214e-07
YIL051C,YML085C,2.9402489332142068e-09
YIL051C,YML047C,0.03966505080461502
YIL051C,YDR312W,9.984005809593466e-13
YIL051C,YFL037W,5.823328486087576e-10
YIL051C,YDL038C,0.2020167112350464
YIL051C,YDL039C,2.2116651565706746e-10
YIL051C,YCL027W,4.607255965627388e-10
YIL051C,YML124C,2.1657756121840066e-07
YIL051C,YGL053W,1.0550323850111454e-06
YIL051C,YMR232W,0.19755633175373077
YIL051C,YNL298W,0.9967857599258423
YIL051C,YGL099W,6.0353605793594944e-12
YIL051C,YBL016W,0.00014534886577166617
YIL051C,YAL041W,6.320984539343044e-05
YIL051C,YDR085C,0.00017952796770259738
YIL051C,YPL187W,0.002927559893578291
YIL051C,YPL256C,1.661264170931681e-13
YIL051C,YDR461W,2.45901271567206e-10
YIL051C,YNL145W,7.769396688672714e-06
YJR118C,YDL165W,0.0031734490767121315
YJR118C,YGR059W,1.090350698618181e-09
YJR118C,YBR109C,2.9727289074799046e-07
YJR118C,YJL080C,0.02689281664788723
YJR118C,YCR093W,0.05987488850951195
YJR118C,YIL122W,1.405992922087762e-08
YJR118C,YCL029C,5.4689745787595e-11
YJR118C,YNL173C,3.382610025415289e-10
YJR118C,YLR452C,0.12678839266300201
YJR118C,YDL160C,4.2670417199630606e-10
YJR118C,YLR229C,1.4758994026919936e-10
YJR118C,YML057W,1.4998750685890627e-08
YJR118C,YER149C,2.013381163123995e-06
YJR118C,YMR305C,0.0013158820802345872
YJR118C,YLR433C,0.00027980146114714444
YJR118C,YJL073W,9.436851300392846e-09
YJR118C,YGR279C,0.0021383475977927446
YJR118C,YKL190W,0.010323220863938332
YJR118C,YGL089C,0.001009279629215598
YJR118C,YJL019W,4.086160387828386e-08
YJR118C,YJL018W,0.10916437208652496
YJR118C,YNR032C-A,0.0008119990234263241
YJR118C,YGL178W,0.001030320068821311
YJR118C,YKL116C,3.5181105533139967e-13
YJR118C,YDL214C,0.004090961534529924
YJR118C,YLR362W,7.058856135699898e-05
YJR118C,YER068W,0.0027378376107662916
YJR118C,YHR084W,0.057991813868284225
YJR118C,YDR392W,0.0004680096753872931
YJR118C,YNL053W,1.1013611356247566e-06
YJR118C,YGR040W,0.007590671069920063
YJR118C,YDL216C,9.378231311529817e-07
YJR118C,YOL117W,0.8561422824859619
YJR118C,YJR086W,1.8990808925423153e-09
YJR118C,YMR025W,0.025685612112283707
YJR118C,YBR081C,7.326718398648069e-11
YJR118C,YFL026W,3.1258286981028505e-06
YJR118C,YHL007C,5.716832714684761e-13
YJR118C,YNR044W,1.035968921314634e-06
YJR118C,YNL271C,8.530123656036448e-12
YJR118C,YDR200C,2.1641199943189804e-09
YJR118C,YKL178C,0.1364487260580063
YJR118C,YOR212W,2.0435727492440492e-05
YJR118C,YOL111C,6.96935603627935e-05
YJR118C,YGL032C,0.0010313173988834023
YJR118C,YHR005C,0.8661883473396301
YJR118C,YDR103W,0.0199752114713192
YJR118C,YJR084W,3.775836976416258e-09
YJR118C,YCL032W,0.02445235103368759
YJR118C,YJL170C,0.9616615176200867
YJR118C,YDR179C,0.005692834034562111
YJR118C,YBR095C,1.3862604397729683e-09
YJR118C,YLL021W,4.3886416722926924e-10
YJR118C,YDL159W,0.006241969298571348
YJR118C,YNL161W,0.060694679617881775
YJR118C,YNL188W,0.0004701678117271513
YJR118C,YJL157C,1.1470646654743177e-09
YJR118C,YJL034W,6.60770310787484e-05
YJR118C,YLR238W,4.3958967022028617e-10
YJR118C,YPR141C,5.454176789498888e-05
YJR118C,YNL127W,1.6674020741902496e-07
YJR118C,YCL055W,0.6191056370735168
YJR118C,YPR122W,0.9943339824676514
YJR118C,YMR065W,0.8058702349662781
YJR118C,YDR356W,2.9860782735369185e-09
YJR118C,YMR052W,0.005377087742090225
YJR118C,YFR008W,0.6117116212844849
YJR118C,YLL043W,5.395625703386031e-05
YJR118C,YMR029C,0.35104185342788696
YJR118C,YJR004C,0.001539836055599153
YJR118C,YDL223C,1.84495441146737e-09
YJR118C,YHR158C,1.7304904758930206e-05
YJR118C,YGR238C,0.00010069585550809279
YJR118C,YIL015W,0.0011738467728719115
YJR118C,YGL173C,4.4295552470430266e-07
YJR118C,YDL225W,1.241965308373949e-09
YJR118C,YLR330W,6.098789528952153e-11
YJR118C,YBR129C,0.005576724652200937
YJR118C,YKR095W-A,0.2020167112350464
YJR118C,YPR075C,1.2980910147987793e-15
YJR118C,YMR198W,0.3577062487602234
YJR118C,YOR127W,1.0765357956188382e-06
YJR118C,YDR264C,0.0006688693538308144
YJR118C,YLR110C,0.00023811926075723022
YJR118C,YDR379W,4.541057023743633e-06
YJR118C,YDL100C,3.333059623855661e-07
YJR118C,YHR073W,0.001071487320587039
YJR118C,YJR090C,1.7513277271064e-05
YJR118C,YOR208W,6.997122881102769e-08
YJR118C,YBR040W,0.8729234337806702
YJR118C,YNL279W,0.0008153383969329298
YJR118C,YER075C,0.0005269786342978477
YJR118C,YCR089W,7.632255574208102e-07
YJR118C,YCR002C,1.3004532775084954e-06
YJR118C,YJL108C,0.9999681711196899
YJR118C,YBR200W,0.07419508695602417
YJR118C,YIL026C,6.693832710347181e-10
YJR118C,YJR076C,1.3121821407224843e-09
YJR118C,YKR031C,0.00195534760132432
YJR118C,YPL192C,0.026055464521050453
YJR118C,YHR107C,7.696622783548435e-10
YJR118C,YIL037C,0.6297010779380798
YJR118C,YPL156C,0.00021075642143841833
YJR118C,YIL117C,0.9999949932098389
YJR118C,YHR066W,2.7754429538617842e-05
YJR118C,YML085C,0.18030661344528198
YJR118C,YML047C,0.9797817468643188
YJR118C,YDR312W,6.268957076827064e-05
YJR118C,YFL037W,0.4908941984176636
YJR118C,YDL038C,0.2020167112350464
YJR118C,YDL039C,6.38900252147856e-11
YJR118C,YCL027W,0.2825753688812256
YJR118C,YML124C,1.3748988614281643e-08
YJR118C,YGL053W,3.214910611859523e-05
YJR118C,YMR232W,0.9990233182907104
YJR118C,YNL298W,2.0847404812229797e-05
YJR118C,YGL099W,3.736946041499323e-07
YJR118C,YBL016W,0.00034702953416854143
YJR118C,YAL041W,0.0011624586768448353
YJR118C,YDR085C,1.596686342963949e-05
YJR118C,YPL187W,0.9938515424728394
YJR118C,YPL256C,4.7891204890682104e-12
YJR118C,YDR461W,0.019966814666986465
YJR118C,YNL145W,0.023054495453834534
YLR370C,YDL165W,2.2886813971778608e-12
YLR370C,YGR059W,6.948937425477197e-08
YLR370C,YBR109C,1.7595020835869946e-05
YLR370C,YJL080C,1.375241538426053e-07
YLR370C,YCR093W,0.015406878665089607
YLR370C,YIL122W,0.0003566155210137367
YLR370C,YCL029C,8.051139616105374e-11
YLR370C,YNL173C,0.0005226139910519123
YLR370C,YLR452C,7.867991848320433e-12
YLR370C,YDL160C,2.8655276196332125e-07
YLR370C,YLR229C,0.0009077179129235446
YLR370C,YML057W,6.533643071016115e-11
YLR370C,YER149C,0.001268399995751679
YLR370C,YMR305C,6.425337484294857e-10
YLR370C,YLR433C,0.00013453491555992514
YLR370C,YJL073W,5.966351187949032e-17
YLR370C,YGR279C,8.694372809259221e-05
YLR370C,YKL190W,6.637416305466104e-08
YLR370C,YGL089C,0.009494978003203869
YLR370C,YJL019W,2.91016329415604e-14
YLR370C,YJL018W,0.0004804249620065093
YLR370C,YNR032C-A,0.002231404883787036
YLR370C,YGL178W,6.223311288522382e-08
YLR370C,YKL116C,1.39941657835152e-05
YLR370C,YDL214C,0.00840939860790968
YLR370C,YLR362W,5.6718941777944565e-05
YLR370C,YER068W,3.1160504732064e-11
YLR370C,YHR084W,3.673361348432991e-08
YLR370C,YDR392W,9.892909247355419e-08
YLR370C,YNL053W,4.765069024870172e-05
YLR370C,YGR040W,0.0006886054179631174
YLR370C,YDL216C,3.761240634503338e-07
YLR370C,YOL117W,3.272976528023719e-06
YLR370C,YJR086W,1.2215312381158583e-05
YLR370C,YMR025W,0.06766004860401154
YLR370C,YBR081C,0.0006675469339825213
YLR370C,YFL026W,0.005375685170292854
YLR370C,YHL007C,2.3119077923183795e-06
YLR370C,YNR044W,0.004306796006858349
YLR370C,YNL271C,7.560153107988299e-07
YLR370C,YDR200C,1.2287096069485415e-05
YLR370C,YKL178C,0.9848594069480896
YLR370C,YOR212W,0.0006609703996218741
YLR370C,YOL111C,1.1261241716908899e-08
YLR370C,YGL032C,2.8435682907002047e-05
YLR370C,YHR005C,0.1283332258462906
YLR370C,YDR103W,0.0003072262625209987
YLR370C,YJR084W,1.0039217102075781e-07
YLR370C,YCL032W,4.68571776934823e-08
YLR370C,YJL170C,6.797954483772628e-07
YLR370C,YDR179C,1.1535886829117104e-11
YLR370C,YBR095C,4.7327116448059314e-08
YLR370C,YLL021W,2.1071759614965657e-10
YLR370C,YDL159W,3.380355906301702e-08
YLR370C,YNL161W,0.17101086676120758
YLR370C,YNL188W,1.1143478501063342e-10
YLR370C,YJL157C,1.6868300178884965e-07
YLR370C,YJL034W,1.1280593646689763e-11
YLR370C,YLR238W,0.0035795250441879034
YLR370C,YPR141C,5.523047019728722e-10
YLR370C,YNL127W,0.016907144337892532
YLR370C,YCL055W,2.9619582164741587e-07
YLR370C,YPR122W,0.00023206380137708038
YLR370C,YMR065W,2.831953906934359e-07
YLR370C,YDR356W,2.3512705671357992e-11
YLR370C,YMR052W,5.359400802262826e-06
YLR370C,YFR008W,0.0008525621960870922
YLR370C,YLL043W,0.00945313461124897
YLR370C,YMR029C,1.6543079937036964e-06
YLR370C,YJR004C,3.6429365080081766e-10
YLR370C,YDL223C,6.29263524967727e-12
YLR370C,YHR158C,3.5666664066624776e-11
YLR370C,YGR238C,3.386247662481856e-12
YLR370C,YIL015W,0.953935980796814
YLR370C,YGL173C,2.2971974544816476e-07
YLR370C,YDL225W,1.721970344092938e-10
YLR370C,YLR330W,3.319215011288179e-06
YLR370C,YBR129C,0.00926683098077774
YLR370C,YKR095W-A,0.2020167112350464
YLR370C,YPR075C,3.026633943470358e-10
YLR370C,YMR198W,0.0001297069975407794
YLR370C,YOR127W,2.723540837301641e-10
YLR370C,YDR264C,8.093011274468154e-06
YLR370C,YLR110C,2.3373024760076078e-06
YLR370C,YDR379W,0.913993239402771
YLR370C,YDL100C,4.0394538033414553e-17
YLR370C,YHR073W,0.5023981928825378
YLR370C,YJR090C,0.0007237045210786164
YLR370C,YOR208W,3.5289462324561427e-12
YLR370C,YBR040W,3.613546653014055e-07
YLR370C,YNL279W,0.0009194783051498234
YLR370C,YER075C,3.52521318802701e-08
YLR370C,YCR089W,1.264299839931482e-06
YLR370C,YCR002C,0.0001392280391883105
YLR370C,YJL108C,2.0313407276262296e-06
YLR370C,YBR200W,3.176020982209593e-05
YLR370C,YIL026C,1.407767513228464e-06
YLR370C,YJR076C,5.487550325256052e-08
YLR370C,YKR031C,2.62907951764646e-06
YLR370C,YPL192C,5.562239113743317e-09
YLR370C,YHR107C,0.0003603980876505375
YLR370C,YIL037C,5.379053618526086e-06
YLR370C,YPL156C,6.120827947597718e-06
YLR370C,YIL117C,0.9972800016403198
YLR370C,YHR066W,3.697470519365611e-20
YLR370C,YML085C,0.02538466826081276
YLR370C,YML047C,3.646165680493141e-08
YLR370C,YDR312W,5.0218204594720817e-11
YLR370C,YFL037W,0.0009895410621538758
YLR370C,YDL038C,0.2020167112350464
YLR370C,YDL039C,1.5146374821028985e-08
YLR370C,YCL027W,0.003952316474169493
YLR370C,YML124C,2.276766645081807e-05
YLR370C,YGL053W,2.69701486104168e-05
YLR370C,YMR232W,0.001668910845182836
YLR370C,YNL298W,0.05702855810523033
YLR370C,YGL099W,2.0288100965383006e-14
YLR370C,YBL016W,0.00012471126683522016
YLR370C,YAL041W,0.011171855963766575
YLR370C,YDR085C,3.0494945235659543e-07
YLR370C,YPL187W,0.9528083801269531
YLR370C,YPL256C,0.8151190876960754
YLR370C,YDR461W,5.804304237244651e-05
YLR370C,YNL145W,0.9956510663032532
YML058W,YDL165W,8.911395510402542e-10
YML058W,YGR059W,1.3585225815404556e-06
YML058W,YBR109C,1.1241433561792746e-08
YML058W,YJL080C,4.558069546800603e-11
YML058W,YCR093W,0.0032292520627379417
YML058W,YIL122W,2.2634092601947486e-05
YML058W,YCL029C,1.270199057046284e-08
YML058W,YNL173C,2.190658278777846e-06
YML058W,YLR452C,1.751368012203533e-13
YML058W,YDL160C,0.0002176130801672116
YML058W,YLR229C,7.929086132207885e-05
YML058W,YML057W,6.433029284380609e-06
YML058W,YER149C,1.918491216201801e-05
YML058W,YMR305C,0.10704008489847183
YML058W,YLR433C,3.199230559403077e-05
YML058W,YJL073W,6.554269571523719e-09
YML058W,YGR279C,1.78965967734257e-06
YML058W,YKL190W,1.3696171663468704e-05
YML058W,YGL089C,1.925411424963386e-06
YML058W,YJL019W,7.147952487684961e-07
YML058W,YJL018W,0.00041686982149258256
YML058W,YNR032C-A,0.7428394556045532
YML058W,YGL178W,5.074219933121071e-10
YML058W,YKL116C,1.9302246982988436e-06
YML058W,YDL214C,0.000797639659140259
YML058W,YLR362W,1.3958357669707766e-07
YML058W,YER068W,7.786828064126894e-05
YML058W,YHR084W,1.2116323887312319e-05
YML058W,YDR392W,0.01381777599453926
YML058W,YNL053W,6.778656370443059e-06
YML058W,YGR040W,0.9920259118080139
YML058W,YDL216C,1.6733662278056727e-06
YML058W,YOL117W,0.003932195715606213
YML058W,YJR086W,3.4046402849763346e-12
YML058W,YMR025W,3.7159888961468823e-06
YML058W,YBR081C,3.8106198189780116e-05
YML058W,YFL026W,3.629107847569202e-10
YML058W,YHL007C,3.925823875761125e-06
YML058W,YNR044W,1.0853310641323333e-06
YML058W,YNL271C,1.1425796486719264e-07
YML058W,YDR200C,0.004037471488118172
YML058W,YKL178C,0.005206380970776081
YML058W,YOR212W,8.266775935669712e-13
YML058W,YOL111C,9.716105003887421e-11
YML058W,YGL032C,1.3162179124392992e-09
YML058W,YHR005C,1.2335551673459122e-06
YML058W,YDR103W,0.00021448101324494928
YML058W,YJR084W,0.9259472489356995
YML058W,YCL032W,1.2052409147145227e-05
YML058W,YJL170C,6.045822686928659e-08
YML058W,YDR179C,1.0456451349227791e-07
YML058W,YBR095C,0.00046877292334102094
YML058W,YLL021W,6.160219903628139e-13
YML058W,YDL159W,2.778315604246018e-07
YML058W,YNL161W,7.157425763182346e-09
YML058W,YNL188W,0.000817081774584949
YML058W,YJL157C,9.832107252805145e-07
YML058W,YJL034W,2.065769194814493e-06
YML058W,YLR238W,9.206470030775904e-10
YML058W,YPR141C,2.007552438954008e-06
YML058W,YNL127W,2.431415850878693e-06
YML058W,YCL055W,1.1113986175814716e-08
YML058W,YPR122W,0.0373322069644928
YML058W,YMR065W,0.00035425732494331896
YML058W,YDR356W,0.005064592696726322
YML058W,YMR052W,1.5292204125216813e-07
YML058W,YFR008W,1.91125254787039e-05
YML058W,YLL043W,5.627143309538951e-06
YML058W,YMR029C,2.3881849275930733e-10
YML058W,YJR004C,8.62965077175204e-09
YML058W,YDL223C,9.584674387497216e-09
YML058W,YHR158C,4.409631415569493e-08
YML058W,YGR238C,6.993847136982367e-07
YML058W,YIL015W,6.405407475540414e-05
YML058W,YGL173C,3.6539593573081675e-10
YML058W,YDL225W,1.0653680249106401e-07
YML058W,YLR330W,1.713745587039739e-05
YML058W,YBR129C,1.5140574557981346e-11
YML058W,YKR095W-A,0.2020167112350464
YML058W,YPR075C,1.7670156466920162e-06
YML058W,YMR198W,0.003446051385253668
YML058W,YOR127W,0.2834685146808624
YML058W,YDR264C,5.674808956079858e-10
YML058W,YLR110C,1.997103460382732e-08
YML058W,YDR379W,1.2353953580609978e-12
YML058W,YDL100C,1.5468812212052208e-12
YML058W,YHR073W,0.004061283078044653
YML058W,YJR090C,0.016729149967432022
YML058W,YOR208W,0.000682122481521219
YML058W,YBR040W,1.1984463985439953e-12
YML058W,YNL279W,0.0013359045842662454
YML058W,YER075C,0.11407896876335144
YML058W,YCR089W,1.3156020031601656e-05
YML058W,YCR002C,0.05527633801102638
YML058W,YJL108C,8.716884622117504e-06
YML058W,YBR200W,3.3081662409450985e-11
YML058W,YIL026C,0.7061977386474609
YML058W,YJR076C,2.843776103489404e-09
YML058W,YKR031C,0.0004864088841713965
YML058W,YPL192C,0.0022025923244655132
YML058W,YHR107C,0.0009739964734762907
YML058W,YIL037C,0.314988911151886
YML058W,YPL156C,9.618756457996369e-09
YML058W,YIL117C,7.729449862381443e-07
YML058W,YHR066W,7.651789928786457e-06
YML058W,YML085C,1.6012169368195828e-08
YML058W,YML047C,3.387803189980332e-06
YML058W,YDR312W,1.5621886632288806e-05
YML058W,YFL037W,0.0004127764841541648
YML058W,YDL038C,0.2020167112350464
YML058W,YDL039C,1.0757684043960363e-17
YML058W,YCL027W,1.0609595847199671e-05
YML058W,YML124C,2.3530637074248295e-12
YML058W,YGL053W,3.0026739428201665e-10
YML058W,YMR232W,0.008990147151052952
YML058W,YNL298W,0.014873259700834751
YML058W,YGL099W,2.1089441361255012e-05
YML058W,YBL016W,3.823679151082615e-07
YML058W,YAL041W,0.00016237959789577872
YML058W,YDR085C,0.28518620133399963
YML058W,YPL187W,0.7481590509414673
YML058W,YPL256C,1.0554569371268308e-12
YML058W,YDR461W,8.103052950847456e-12
YML058W,YNL145W,2.0403096989696223e-09
YNL304W,YDL165W,0.00020383800438139588
YNL304W,YGR059W,1.6324523954835968e-08
YNL304W,YBR109C,7.785335583321285e-06
YNL304W,YJL080C,0.00013642279373016208
YNL304W,YCR093W,9.660960495239124e-05
YNL304W,YIL122W,0.3475069999694824
YNL304W,YCL029C,7.517709036619635e-06
YNL304W,YNL173C,5.680658432538621e-06
YNL304W,YLR452C,0.007054660934954882
YNL304W,YDL160C,6.839719762785634e-11
YNL304W,YLR229C,0.9785570502281189
YNL304W,YML057W,1.0693623408997155e-07
YNL304W,YER149C,1.0535929817478973e-07
YNL304W,YMR305C,3.460002728772338e-09
YNL304W,YLR433C,0.00029277041903696954
YNL304W,YJL073W,7.436312121633648e-10
YNL304W,YGR279C,8.277821983426747e-09
YNL304W,YKL190W,1.913049452184623e-08
YNL304W,YGL089C,3.3684798381727887e-06
YNL304W,YJL019W,1.3938491974840872e-05
YNL304W,YJL018W,0.00029357822495512664
YNL304W,YNR032C-A,0.01491857971996069
YNL304W,YGL178W,1.3935257356934017e-06
YNL304W,YKL116C,3.917011603959963e-09
YNL304W,YDL214C,8.726991654839367e-05
YNL304W,YLR362W,0.018969574943184853
YNL304W,YER068W,7.899554475443438e-06
YNL304W,YHR084W,4.316279955673963e-05
YNL304W,YDR392W,1.5302694009733386e-06
YNL304W,YNL053W,0.6584419012069702
YNL304W,YGR040W,0.04056389257311821
YNL304W,YDL216C,8.694299822309404e-07
YNL304W,YOL117W,0.00012568554666358978
YNL304W,YJR086W,1.9132909301333711e-07
YNL304W,YMR025W,2.1655793602803897e-07
YNL304W,YBR081C,3.866460610879585e-05
YNL304W,YFL026W,2.2908848429370465e-10
YNL304W,YHL007C,1.2597840850503417e-06
YNL304W,YNR044W,0.9997374415397644
YNL304W,YNL271C,0.007330352906137705
YNL304W,YDR200C,0.00016844655328895897
YNL304W,YKL178C,0.6304687261581421
YNL304W,YOR212W,0.0002616214915178716
YNL304W,YOL111C,8.8975795620172e-08
YNL304W,YGL032C,1.4394228919911711e-08
YNL304W,YHR005C,2.672206164788804e-06
YNL304W,YDR103W,1.2684779903793242e-05
YNL304W,YJR084W,0.0002007511502597481
YNL304W,YCL032W,2.76921559816401e-06
YNL304W,YJL170C,3.898592240147991e-06
YNL304W,YDR179C,7.432219127277934e-16
YNL304W,YBR095C,8.062335837166756e-06
YNL304W,YLL021W,2.1096307136758696e-06
YNL304W,YDL159W,1.2999465504037744e-08
YNL304W,YNL161W,0.002534292871132493
YNL304W,YNL188W,1.544748773341098e-09
YNL304W,YJL157C,1.4655908864985578e-13
YNL304W,YJL034W,7.105915500460469e-08
YNL304W,YLR238W,3.127943045910797e-06
YNL304W,YPR141C,2.8338720312603982e-06
YNL304W,YNL127W,6.246745761018246e-05
YNL304W,YCL055W,0.002830238314345479
YNL304W,YPR122W,3.1469571695197374e-05
YNL304W,YMR065W,1.956347841769457e-05
YNL304W,YDR356W,2.4301152201644527e-09
YNL304W,YMR052W,5.240206519374624e-06
YNL304W,YFR008W,0.00019906219677068293
YNL304W,YLL043W,0.0010270478669553995
YNL304W,YMR029C,5.0303497118875384e-06
YNL304W,YJR004C,9.453630809730384e-06
YNL304W,YDL223C,1.1097944785376512e-09
YNL304W,YHR158C,1.6818344761304616e-07
YNL304W,YGR238C,2.3729258828097954e-05
YNL304W,YIL015W,9.827570011111675e-07
YNL304W,YGL173C,6.180942979661097e-10
YNL304W,YDL225W,2.759406243058038e-06
YNL304W,YLR330W,0.0028520850464701653
YNL304W,YBR129C,6.572433708385006e-09
YNL304W,YKR095W-A,0.2020167112350464
YNL304W,YPR075C,6.362986937347159e-08
YNL304W,YMR198W,2.6027260346950243e-09
YNL304W,YOR127W,9.852465371329444e-11
YNL304W,YDR264C,0.005591133609414101
YNL304W,YLR110C,1.6136406202349463e-06
YNL304W,YDR379W,6.025196489645168e-05
YNL304W,YDL100C,2.985037639291477e-08
YNL304W,YHR073W,2.9408619539594838e-08
YNL304W,YJR090C,6.978349574637832e-06
YNL304W,YOR208W,3.334453867864795e-05
YNL304W,YBR040W,0.2543003559112549
YNL304W,YNL279W,0.870716392993927
YNL304W,YER075C,0.003615580266341567
YNL304W,YCR089W,0.00414777547121048
YNL304W,YCR002C,6.5721246755856555e-06
YNL304W,YJL108C,5.598719781119144e-06
YNL304W,YBR200W,0.9591068029403687
YNL304W,YIL026C,1.0123650184823418e-07
YNL304W,YJR076C,0.35754501819610596
YNL304W,YKR031C,0.6110777854919434
YNL304W,YPL192C,4.898090821825463e-09
YNL304W,YHR107C,0.00011513861682033166
YNL304W,YIL037C,0.10195201635360718
YNL304W,YPL156C,0.11194337904453278
YNL304W,YIL117C,0.6957354545593262
YNL304W,YHR066W,5.790814583406245e-08
YNL304W,YML085C,2.856501737369399e-07
YNL304W,YML047C,0.5342071652412415
YNL304W,YDR312W,6.010265678924043e-06
YNL304W,YFL037W,9.131296963005298e-08
YNL304W,YDL038C,0.2020167112350464
YNL304W,YDL039C,1.9805004617762462e-15
YNL304W,YCL027W,5.156593761057593e-05
YNL304W,YML124C,0.00018796473159454763
YNL304W,YGL053W,3.9203407881105434e-11
YNL304W,YMR232W,3.8228289978015084e-10
YNL304W,YNL298W,5.648223009302455e-07
YNL304W,YGL099W,0.0005147016490809619
YNL304W,YBL016W,7.320715700309677e-10
YNL304W,YAL041W,0.12440607696771622
YNL304W,YDR085C,0.9896613359451294
YNL304W,YPL187W,0.00033263914519920945
YNL304W,YPL256C,9.613474958314328e-07
YNL304W,YDR461W,0.006303077097982168
YNL304W,YNL145W,2.293825396293414e-08
YDR393W,YDL165W,2.5267816283758293e-08
YDR393W,YGR059W,0.11633416265249252
YDR393W,YBR109C,5.991163902763219e-07
YDR393W,YJL080C,0.00010200450924457982
YDR393W,YCR093W,1.6536611155970604e-06
YDR393W,YIL122W,8.373445270493107e-10
YDR393W,YCL029C,5.752416772086821e-12
YDR393W,YNL173C,0.9824311137199402
YDR393W,YLR452C,3.1872069428118266e-08
YDR393W,YDL160C,0.007432800717651844
YDR393W,YLR229C,0.03913721814751625
YDR393W,YML057W,1.7002978580649142e-08
YDR393W,YER149C,6.774204308612752e-08
YDR393W,YMR305C,0.00016208490706048906
YDR393W,YLR433C,1.1625804485770885e-12
YDR393W,YJL073W,3.6452624385674426e-07
YDR393W,YGR279C,7.620696962362672e-09
YDR393W,YKL190W,8.468530876548641e-10
YDR393W,YGL089C,0.012299193069338799
YDR393W,YJL019W,0.0007447383250109851
YDR393W,YJL018W,0.0009786577429622412
YDR393W,YNR032C-A,0.12424229085445404
YDR393W,YGL178W,0.0004508462443482131
YDR393W,YKL116C,2.263147225178841e-09
YDR393W,YDL214C,1.1855735237986664e-06
YDR393W,YLR362W,2.474092042348275e-09
YDR393W,YER068W,0.00018891341460403055
YDR393W,YHR084W,3.950593054469209e-06
YDR393W,YDR392W,1.9786429561463592e-07
YDR393W,YNL053W,2.733388182463159e-09
YDR393W,YGR040W,4.5163404266412854e-11
YDR393W,YDL216C,0.0004707768384832889
YDR393W,YOL117W,1.486291179020327e-08
YDR393W,YJR086W,2.274288453918416e-05
YDR393W,YMR025W,0.0008333001751452684
YDR393W,YBR081C,0.010461910627782345
YDR393W,YFL026W,5.740251296515453e-08
YDR393W,YHL007C,1.3447095659202546e-09
YDR393W,YNR044W,0.0003783901920542121
YDR393W,YNL271C,3.419300842466555e-09
YDR393W,YDR200C,1.864552956476473e-09
YDR393W,YKL178C,2.533739440480076e-09
YDR393W,YOR212W,0.00013557623606175184
YDR393W,YOL111C,6.462541205110028e-05
YDR393W,YGL032C,1.1212085155420937e-05
YDR393W,YHR005C,2.5720416019225922e-08
YDR393W,YDR103W,8.183258870531063e-08
YDR393W,YJR084W,2.824947741009165e-12
YDR393W,YCL032W,7.220988663902972e-06
YDR393W,YJL170C,1.5009639355412219e-05
YDR393W,YDR179C,1.7029946320690215e-05
YDR393W,YBR095C,7.533015322636061e-10
YDR393W,YLL021W,5.490165211341491e-09
YDR393W,YDL159W,4.794519892215021e-09
YDR393W,YNL161W,1.3180055020711734e-06
YDR393W,YNL188W,1.2047055861330591e-05
YDR393W,YJL157C,3.6272393422187577e-10
YDR393W,YJL034W,1.270011011911265e-06
YDR393W,YLR238W,1.9858927657878667e-07
YDR393W,YPR141C,6.418221509818522e-10
YDR393W,YNL127W,0.00027981828316114843
YDR393W,YCL055W,0.00024771399330347776
YDR393W,YPR122W,0.1320922076702118
YDR393W,YMR065W,8.66160831947127e-09
YDR393W,YDR356W,4.089839134024942e-09
YDR393W,YMR052W,2.50353271447068e-09
YDR393W,YFR008W,0.00013427525118459016
YDR393W,YLL043W,1.0665675631571503e-07
YDR393W,YMR029C,2.210840193583863e-06
YDR393W,YJR004C,2.9690181424513185e-09
YDR393W,YDL223C,7.027342235232936e-06
YDR393W,YHR158C,0.0009054003749042749
YDR393W,YGR238C,0.0006087688961997628
YDR393W,YIL015W,0.001188813941553235
YDR393W,YGL173C,1.1436354974136975e-08
YDR393W,YDL225W,1.3169529355927523e-10
YDR393W,YLR330W,5.917362086438338e-12
YDR393W,YBR129C,1.2735896234516986e-05
YDR393W,YKR095W-A,0.2020167112350464
YDR393W,YPR075C,1.0074415968119865e-07
YDR393W,YMR198W,4.3154441825565826e-11
YDR393W,YOR127W,4.81875360947015e-07
YDR393W,YDR264C,1.3721262348553864e-07
YDR393W,YLR110C,9.557560298745216e-10
YDR393W,YDR379W,3.2767929951660335e-06
YDR393W,YDL100C,3.0489120490528876e-06
YDR393W,YHR073W,9.080568270292133e-05
YDR393W,YJR090C,9.78169100562809e-06
YDR393W,YOR208W,4.637504824600569e-10
YDR393W,YBR040W,0.09797213226556778
YDR393W,YNL279W,7.409606261887802e-11
YDR393W,YER075C,7.733831807854585e-06
YDR393W,YCR089W,1.7384797956765397e-07
YDR393W,YCR002C,1.7375011651665773e-08
YDR393W,YJL108C,4.080058351974003e-05
YDR393W,YBR200W,9.239470091415569e-05
YDR393W,YIL026C,2.8827898859162815e-06
YDR393W,YJR076C,4.1955199731047443e-11
YDR393W,YKR031C,3.326013882087864e-07
YDR393W,YPL192C,0.0006534418207593262
YDR393W,YHR107C,0.0019644107669591904
YDR393W,YIL037C,4.38339053943082e-09
YDR393W,YPL156C,0.00020457555365283042
YDR393W,YIL117C,3.2024543319242966e-15
YDR393W,YHR066W,2.524542423998355e-06
YDR393W,YML085C,5.760915655628196e-08
YDR393W,YML047C,0.0718284547328949
YDR393W,YDR312W,0.08927483856678009
YDR393W,YFL037W,0.0005158502608537674
YDR393W,YDL038C,0.2020167112350464
YDR393W,YDL039C,1.4142850446319244e-08
YDR393W,YCL027W,1.9409225338051783e-09
YDR393W,YML124C,0.017896397039294243
YDR393W,YGL053W,1.357531436951831e-05
YDR393W,YMR232W,4.257270120433532e-05
YDR393W,YNL298W,0.3595181405544281
YDR393W,YGL099W,1.097833934871062e-09
YDR393W,YBL016W,7.376768909479319e-17
YDR393W,YAL041W,2.176102640305544e-07
YDR393W,YDR085C,6.832760391262127e-06
YDR393W,YPL187W,0.0005148277268745005
YDR393W,YPL256C,0.9924869537353516
YDR393W,YDR461W,7.284468301804736e-05
YDR393W,YNL145W,8.305807430719625e-11
YER154W,YDL165W,9.193349193026279e-09
YER154W,YGR059W,5.831993377114486e-08
YER154W,YBR109C,4.508348718217786e-13
YER154W,YJL080C,1.2000429946631974e-12
YER154W,YCR093W,0.004747738596051931
YER154W,YIL122W,2.8170478102995666e-13
YER154W,YCL029C,6.371931871029801e-10
YER154W,YNL173C,2.6899255317403004e-05
YER154W,YLR452C,0.00019159255316480994
YER154W,YDL160C,1.0940896117972443e-06
YER154W,YLR229C,0.5319591164588928
YER154W,YML057W,1.0734535656198307e-11
YER154W,YER149C,1.1070529581047595e-05
YER154W,YMR305C,4.867243660555687e-06
YER154W,YLR433C,7.997186246555543e-12
YER154W,YJL073W,2.5476641629662566e-11
YER154W,YGR279C,2.2399215140467277e-06
YER154W,YKL190W,8.755985381192488e-10
YER154W,YGL089C,4.3056084960277016e-16
YER154W,YJL019W,2.6725501811597496e-07
YER154W,YJL018W,0.0007131782476790249
YER154W,YNR032C-A,0.0020915630739182234
YER154W,YGL178W,2.654459768311468e-13
YER154W,YKL116C,1.975325875092082e-10
YER154W,YDL214C,3.3607500427024206e-06
YER154W,YLR362W,3.925543296645628e-06
YER154W,YER068W,8.744288930093158e-13
YER154W,YHR084W,0.0002525678719393909
YER154W,YDR392W,0.0009813223732635379
YER154W,YNL053W,0.003631862113252282
YER154W,YGR040W,4.075961790306337e-09
YER154W,YDL216C,0.0005326890968717635
YER154W,YOL117W,0.1428435742855072
YER154W,YJR086W,4.997067435397184e-07
YER154W,YMR025W,1.602373832579329e-13
YER154W,YBR081C,1.023064942273777e-05
YER154W,YFL026W,6.983995604059601e-07
YER154W,YHL007C,9.525087085716054e-15
YER154W,YNR044W,2.7011283236788586e-05
YER154W,YNL271C,9.14909554367016e-12
YER154W,YDR200C,1.7634299638302764e-06
YER154W,YKL178C,2.5524919955444147e-09
YER154W,YOR212W,0.015102097764611244
YER154W,YOL111C,7.38401423729437e-22
YER154W,YGL032C,0.00016523456724826247
YER154W,YHR005C,4.887376417173073e-05
YER154W,YDR103W,2.5070319153996934e-08
YER154W,YJR084W,0.02442646585404873
YER154W,YCL032W,1.9366956927058254e-09
YER154W,YJL170C,2.266778665216407e-06
YER154W,YDR179C,5.331452257451019e-08
YER154W,YBR095C,9.842805411608424e-06
YER154W,YLL021W,2.6343605075140886e-09
YER154W,YDL159W,2.3243570956843485e-10
YER154W,YNL161W,1.6384175255942489e-18
YER154W,YNL188W,3.582020443057793e-18
YER154W,YJL157C,8.294582382051274e-11
YER154W,YJL034W,1.8618799231262528e-06
YER154W,YLR238W,9.559524699609412e-11
YER154W,YPR141C,1.832879270580179e-08
YER154W,YNL127W,6.090658644097857e-09
YER154W,YCL055W,1.6992463258702628e-07
YER154W,YPR122W,1.5329145526266075e-06
YER154W,YMR065W,0.00018784255371429026
YER154W,YDR356W,1.0980975275742821e-05
YER154W,YMR052W,6.640492529186304e-07
YER154W,YFR008W,1.5949567568895873e-06
YER154W,YLL043W,1.818475512997801e-17
YER154W,YMR029C,3.6934382219300232e-09
YER154W,YJR004C,1.3260166111027458e-14
YER154W,YDL223C,4.511001862577812e-15
YER154W,YHR158C,0.19926907122135162
YER154W,YGR238C,4.556402659144053e-14
YER154W,YIL015W,0.0019019382307305932
YER154W,YGL173C,2.9733873816439882e-05
YER154W,YDL225W,7.0961092904497924e-12
YER154W,YLR330W,3.1802056099650144e-08
YER154W,YBR129C,7.543941364929196e-07
YER154W,YKR095W-A,0.2020167112350464
YER154W,YPR075C,3.748479304732655e-11
YER154W,YMR198W,2.352380988668301e-06
YER154W,YOR127W,3.7900452167202226e-16
YER154W,YDR264C,0.14576409757137299
YER154W,YLR110C,3.6620667609454927e-10
YER154W,YDR379W,0.001415962353348732
YER154W,YDL100C,0.00046088590170256793
YER154W,YHR073W,6.987213652109858e-08
YER154W,YJR090C,0.00030912720831111073
YER154W,YOR208W,1.9903066553802334e-13
YER154W,YBR040W,3.2823102174006635e-06
YER154W,YNL279W,1.5227866470013396e-06
YER154W,YER075C,8.391403891194749e-13
YER154W,YCR089W,1.500465203474466e-11
YER154W,YCR002C,9.275075499304286e-12
YER154W,YJL108C,9.094257465147582e-12
YER154W,YBR200W,1.0304589181941992e-08
YER154W,YIL026C,0.0045022061094641685
YER154W,YJR076C,1.8672121140927977e-12
YER154W,YKR031C,2.3604497911833278e-08
YER154W,YPL192C,4.8512346917384264e-11
YER154W,YHR107C,7.677966095798183e-06
YER154W,YIL037C,1.5475386527796786e-09
YER154W,YPL156C,2.7150379537488334e-05
YER154W,YIL117C,1.1456023685241234e-06
YER154W,YHR066W,3.676097348484674e-18
YER154W,YML085C,0.0023548107128590345
YER154W,YML047C,0.0006996771553531289
YER154W,YDR312W,2.0738344716627818e-14
YER154W,YFL037W,4.1080791561398655e-05
YER154W,YDL038C,0.2020167112350464
YER154W,YDL039C,5.839828620679555e-12
YER154W,YCL027W,3.015219740554187e-10
YER154W,YML124C,5.65516060646587e-08
YER154W,YGL053W,1.1023573720514435e-10
YER154W,YMR232W,7.126987497940718e-07
YER154W,YNL298W,1.789710307037451e-12
YER154W,YGL099W,1.2434084669307281e-17
YER154W,YBL016W,3.09598021885904e-06
YER154W,YAL041W,1.7225408128546853e-15
YER154W,YDR085C,5.51426808215183e-07
YER154W,YPL187W,9.431158105144277e-05
YER154W,YPL256C,0.4456581771373749
YER154W,YDR461W,3.899688749697816e-08
YER154W,YNL145W,4.837093836584927e-09
YNR048W,YDL165W,5.5376964155584574e-05
YNR048W,YGR059W,1.195890192429161e-10
YNR048W,YBR109C,0.00030990297091193497
YNR048W,YJL080C,4.033816534379682e-14
YNR048W,YCR093W,0.048163335770368576
YNR048W,YIL122W,0.0003189985582139343
YNR048W,YCL029C,6.126499840775068e-08
YNR048W,YNL173C,1.2229178025791043e-07
YNR048W,YLR452C,1.3534430536310538e-06
YNR048W,YDL160C,0.9359111189842224
YNR048W,YLR229C,7.354657100222539e-06
YNR048W,YML057W,2.7052557242945863e-13
YNR048W,YER149C,0.00011877346696564928
YNR048W,YMR305C,1.09414062011981e-12
YNR048W,YLR433C,0.989046037197113
YNR048W,YJL073W,5.374427985982422e-11
YNR048W,YGR279C,0.04512348771095276
YNR048W,YKL190W,0.030102062970399857
YNR048W,YGL089C,0.005562423728406429
YNR048W,YJL019W,0.0073410822078585625
YNR048W,YJL018W,0.022346992045640945
YNR048W,YNR032C-A,0.15634985268115997
YNR048W,YGL178W,0.08254942297935486
YNR048W,YKL116C,6.37834533454007e-12
YNR048W,YDL214C,0.0036473555956035852
YNR048W,YLR362W,2.6165534183775208e-09
YNR048W,YER068W,0.09155884385108948
YNR048W,YHR084W,2.2053397970012156e-06
YNR048W,YDR392W,0.01569792442023754
YNR048W,YNL053W,1.4404574244508694e-07
YNR048W,YGR040W,0.003282886231318116
YNR048W,YDL216C,0.001425773138180375
YNR048W,YOL117W,2.3292239347938448e-05
YNR048W,YJR086W,3.1031457958796693e-10
YNR048W,YMR025W,2.751296960923355e-06
YNR048W,YBR081C,0.18164509534835815
YNR048W,YFL026W,5.945147449892829e-07
YNR048W,YHL007C,1.4497946246305737e-11
YNR048W,YNR044W,0.04629197344183922
YNR048W,YNL271C,0.0021804911084473133
YNR048W,YDR200C,8.03079558409081e-09
YNR048W,YKL178C,2.679052215626143e-07
YNR048W,YOR212W,8.579377208661754e-10
YNR048W,YOL111C,7.69617599871708e-06
YNR048W,YGL032C,1.5589296253892826e-07
YNR048W,YHR005C,2.835617851637551e-10
YNR048W,YDR103W,0.3854312002658844
YNR048W,YJR084W,1.0276525586050411e-07
YNR048W,YCL032W,0.0021309147123247385
YNR048W,YJL170C,2.9105532917128585e-07
YNR048W,YDR179C,4.953408350161226e-09
YNR048W,YBR095C,4.5942073256810545e-07
YNR048W,YLL021W,0.0004598861560225487
YNR048W,YDL159W,7.296651347132865e-06
YNR048W,YNL161W,6.181326739351789e-08
YNR048W,YNL188W,3.4321219911231937e-12
YNR048W,YJL157C,6.169312109705061e-05
YNR048W,YJL034W,4.605825269787811e-13
YNR048W,YLR238W,2.605498927721328e-08
YNR048W,YPR141C,7.852587259549182e-06
YNR048W,YNL127W,4.321385915773135e-07
YNR048W,YCL055W,3.717364052135963e-06
YNR048W,YPR122W,0.09618084132671356
YNR048W,YMR065W,4.6385135647142306e-05
YNR048W,YDR356W,1.2453465342288084e-11
YNR048W,YMR052W,2.0126698085931594e-09
YNR048W,YFR008W,0.00679995259270072
YNR048W,YLL043W,6.273842882364988e-05
YNR048W,YMR029C,5.418835280579515e-05
YNR048W,YJR004C,3.526776370943452e-10
YNR048W,YDL223C,4.333642611431543e-10
YNR048W,YHR158C,0.0002399418008280918
YNR048W,YGR238C,4.5531544401455903e-07
YNR048W,YIL015W,5.902204419649948e-11
YNR048W,YGL173C,7.719712812104262e-06
YNR048W,YDL225W,9.390444029122591e-05
YNR048W,YLR330W,9.12767973204609e-06
YNR048W,YBR129C,2.8219491809977626e-07
YNR048W,YKR095W-A,0.2020167112350464
YNR048W,YPR075C,2.937773331268545e-07
YNR048W,YMR198W,4.6403013698181894e-07
YNR048W,YOR127W,2.708347892621532e-05
YNR048W,YDR264C,1.41341317316801e-07
YNR048W,YLR110C,0.9876119494438171
YNR048W,YDR379W,1.4950166755609007e-12
YNR048W,YDL100C,2.289388945087012e-08
YNR048W,YHR073W,2.5718805557461977e-11
YNR048W,YJR090C,8.51617005537264e-06
YNR048W,YOR208W,0.00028554353048093617
YNR048W,YBR040W,8.092641655821353e-05
YNR048W,YNL279W,1.2355404199748676e-10
YNR048W,YER075C,5.003810144010856e-10
YNR048W,YCR089W,0.00022873554553370923
YNR048W,YCR002C,5.851653099853138e-07
YNR048W,YJL108C,2.515169228445302e-08
YNR048W,YBR200W,4.364589939465091e-11
YNR048W,YIL026C,3.736154496891686e-07
YNR048W,YJR076C,3.709002549534546e-10
YNR048W,YKR031C,6.480497631855542e-06
YNR048W,YPL192C,4.929965484734566e-07
YNR048W,YHR107C,8.81335267877148e-07
YNR048W,YIL037C,9.018389391712844e-06
YNR048W,YPL156C,5.927936541638701e-08
YNR048W,YIL117C,1.323867415692348e-08
YNR048W,YHR066W,6.080562702653891e-12
YNR048W,YML085C,0.0007631198968738317
YNR048W,YML047C,2.859171036107e-05
YNR048W,YDR312W,6.510417733807117e-05
YNR048W,YFL037W,2.6326927127229283e-06
YNR048W,YDL038C,0.2020167112350464
YNR048W,YDL039C,4.828685177926673e-06
YNR048W,YCL027W,2.9124140876746196e-09
YNR048W,YML124C,2.237497742640926e-09
YNR048W,YGL053W,0.0012760850368067622
YNR048W,YMR232W,0.0008421085658483207
YNR048W,YNL298W,0.0005081073613837361
YNR048W,YGL099W,2.289987399706206e-08
YNR048W,YBL016W,1.356841750066451e-09
YNR048W,YAL041W,4.576140799628092e-09
YNR048W,YDR085C,5.32773592567537e-05
YNR048W,YPL187W,9.747115825575747e-08
YNR048W,YPL256C,3.1531253625871614e-06
YNR048W,YDR461W,9.756099217383962e-08
YNR048W,YNL145W,5.5797227105358616e-06
YFR052W,YDL165W,4.5080522648177634e-11
YFR052W,YGR059W,3.557005731624763e-11
YFR052W,YBR109C,2.2486122475129378e-07
YFR052W,YJL080C,0.0005104719894006848
YFR052W,YCR093W,9.319252058048733e-06
YFR052W,YIL122W,0.03661423176527023
YFR052W,YCL029C,3.1623554216243636e-16
YFR052W,YNL173C,0.09998229146003723
YFR052W,YLR452C,6.477708325292042e-07
YFR052W,YDL160C,5.6120708904927596e-05
YFR052W,YLR229C,0.0021692963782697916
YFR052W,YML057W,1.2261227311682887e-05
YFR052W,YER149C,0.003130147000774741
YFR052W,YMR305C,1.3377512431134164e-09
YFR052W,YLR433C,0.009056633338332176
YFR052W,YJL073W,8.210600199731743e-09
YFR052W,YGR279C,8.113569549550448e-08
YFR052W,YKL190W,2.82392864647818e-09
YFR052W,YGL089C,7.035929998344681e-13
YFR052W,YJL019W,8.889704083969718e-09
YFR052W,YJL018W,0.00039094063686206937
YFR052W,YNR032C-A,0.9975863695144653
YFR052W,YGL178W,0.0007543258834630251
YFR052W,YKL116C,5.63184450186327e-08
YFR052W,YDL214C,0.00423888536170125
YFR052W,YLR362W,2.0358246644036626e-08
YFR052W,YER068W,4.838731191848236e-15
YFR052W,YHR084W,3.534953885164782e-09
YFR052W,YDR392W,0.0009388970793224871
YFR052W,YNL053W,0.0006471603992395103
YFR052W,YGR040W,0.9923765063285828
YFR052W,YDL216C,1.7847862181952223e-05
YFR052W,YOL117W,1.0625225286275963e-06
YFR052W,YJR086W,0.002657618373632431
YFR052W,YMR025W,2.1772182662971318e-05
YFR052W,YBR081C,1.5494302942897775e-06
YFR052W,YFL026W,0.6217923164367676
YFR052W,YHL007C,0.00016699795378372073
YFR052W,YNR044W,0.00020176186808384955
YFR052W,YNL271C,0.0001081694572349079
YFR052W,YDR200C,7.126185437300592e-07
YFR052W,YKL178C,3.0646772302134195e-06
YFR052W,YOR212W,0.001868142862804234
YFR052W,YOL111C,9.584206597302615e-15
YFR052W,YGL032C,0.005011504050344229
YFR052W,YHR005C,0.8695523738861084
YFR052W,YDR103W,0.05180501192808151
YFR052W,YJR084W,3.314124512598937e-07
YFR052W,YCL032W,0.6197754740715027
YFR052W,YJL170C,3.1345766160484345e-07
YFR052W,YDR179C,1.5769447969660177e-09
YFR052W,YBR095C,1.0543785720074084e-06
YFR052W,YLL021W,6.8965591972034584e-15
YFR052W,YDL159W,0.00021855210070498288
YFR052W,YNL161W,0.18792587518692017
YFR052W,YNL188W,0.4494706690311432
YFR052W,YJL157C,2.372469191588844e-12
YFR052W,YJL034W,5.419878452168937e-18
YFR052W,YLR238W,2.518177780075348e-06
YFR052W,YPR141C,2.2644197088084184e-05
YFR052W,YNL127W,0.001269094878807664
YFR052W,YCL055W,0.00010398154699942097
YFR052W,YPR122W,1.326470933094015e-08
YFR052W,YMR065W,0.057572849094867706
YFR052W,YDR356W,5.9616530052153394e-05
YFR052W,YMR052W,1.145530040957965e-05
YFR052W,YFR008W,9.621767821954563e-05
YFR052W,YLL043W,4.624251502549637e-12
YFR052W,YMR029C,4.7036584760462574e-07
YFR052W,YJR004C,1.0601670930032725e-10
YFR052W,YDL223C,2.1385174227018513e-15
YFR052W,YHR158C,3.592326720536221e-06
YFR052W,YGR238C,4.4597281423364166e-09
YFR052W,YIL015W,0.982382595539093
YFR052W,YGL173C,8.068336114774866e-07
YFR052W,YDL225W,0.0023253087420016527
YFR052W,YLR330W,0.6987963914871216
YFR052W,YBR129C,1.2656818398681935e-05
YFR052W,YKR095W-A,0.2020167112350464
YFR052W,YPR075C,1.0741527703113721e-13
YFR052W,YMR198W,4.265401730663143e-05
YFR052W,YOR127W,0.017188506200909615
YFR052W,YDR264C,0.5848768353462219
YFR052W,YLR110C,1.285605066847495e-09
YFR052W,YDR379W,0.012609479948878288
YFR052W,YDL100C,2.3938474578386612e-15
YFR052W,YHR073W,1.8490420643502148e-06
YFR052W,YJR090C,6.526013294205768e-06
YFR052W,YOR208W,1.0484806125532486e-06
YFR052W,YBR040W,0.008726402185857296
YFR052W,YNL279W,0.18162871897220612
YFR052W,YER075C,1.8231236964538766e-08
YFR052W,YCR089W,3.2905827538343146e-05
YFR052W,YCR002C,4.6918170681919946e-08
YFR052W,YJL108C,0.010106564499437809
YFR052W,YBR200W,0.006201065611094236
YFR052W,YIL026C,2.0329975995991845e-06
YFR052W,YJR076C,8.933229711516333e-10
YFR052W,YKR031C,5.467427968142147e-07
YFR052W,YPL192C,8.775830792728812e-06
YFR052W,YHR107C,0.0013729151105508208
YFR052W,YIL037C,0.02083645761013031
YFR052W,YPL156C,9.588678295813224e-09
YFR052W,YIL117C,4.003116771400528e-08
YFR052W,YHR066W,1.9467721969726432e-21
YFR052W,YML085C,3.664837322503445e-08
YFR052W,YML047C,0.5841795206069946
YFR052W,YDR312W,0.3138046860694885
YFR052W,YFL037W,4.6917116025557704e-11
YFR052W,YDL038C,0.2020167112350464
YFR052W,YDL039C,5.0507441978764334e-11
YFR052W,YCL027W,1.0160380952584092e-05
YFR052W,YML124C,1.5100949894986115e-06
YFR052W,YGL053W,9.598097676644102e-06
YFR052W,YMR232W,1.4625719813921023e-05
YFR052W,YNL298W,0.04990437254309654
YFR052W,YGL099W,2.9944552393246227e-10
YFR052W,YBL016W,2.3957298253662884e-05
YFR052W,YAL041W,0.7980017066001892
YFR052W,YDR085C,3.0211491321097128e-05
YFR052W,YPL187W,1.9544224016954104e-09
YFR052W,YPL256C,6.839671186753549e-06
YFR052W,YDR461W,5.854957976225705e-07
YFR052W,YNL145W,0.017406636849045753
YDR160W,YDL165W,3.322656141335756e-07
YDR160W,YGR059W,1.7637999008002225e-06
YDR160W,YBR109C,1.4141474657947128e-08
YDR160W,YJL080C,0.39515700936317444
YDR160W,YCR093W,0.030899783596396446
YDR160W,YIL122W,0.00016856320144142956
YDR160W,YCL029C,4.327429040107411e-11
YDR160W,YNL173C,0.9274399280548096
YDR160W,YLR452C,0.00023056102509144694
YDR160W,YDL160C,0.0016201880061998963
YDR160W,YLR229C,5.6304041208932176e-05
YDR160W,YML057W,6.714009259667364e-07
YDR160W,YER149C,8.53257515700534e-05
YDR160W,YMR305C,8.063091883059315e-08
YDR160W,YLR433C,0.5553220510482788
YDR160W,YJL073W,2.3267825166595202e-11
YDR160W,YGR279C,0.015061384066939354
YDR160W,YKL190W,7.864632789278403e-05
YDR160W,YGL089C,1.6891722225409467e-06
YDR160W,YJL019W,0.0009076608112081885
YDR160W,YJL018W,0.008714744821190834
YDR160W,YNR032C-A,0.3740135133266449
YDR160W,YGL178W,0.0015153619460761547
YDR160W,YKL116C,0.009364968165755272
YDR160W,YDL214C,4.14752150845743e-07
YDR160W,YLR362W,1.1645251873915186e-07
YDR160W,YER068W,1.4642245105278562e-07
YDR160W,YHR084W,4.004346010333393e-08
YDR160W,YDR392W,3.736928920261562e-05
YDR160W,YNL053W,1.3769078577752225e-05
YDR160W,YGR040W,7.883945585263064e-08
YDR160W,YDL216C,7.212766917064073e-08
YDR160W,YOL117W,1.1670076673908625e-05
YDR160W,YJR086W,0.00030257017351686954
YDR160W,YMR025W,0.8784680366516113
YDR160W,YBR081C,0.007521156221628189
YDR160W,YFL026W,0.9999041557312012
YDR160W,YHL007C,3.441211333665706e-07
YDR160W,YNR044W,0.0038133328780531883
YDR160W,YNL271C,0.5124084949493408
YDR160W,YDR200C,0.001029354752972722
YDR160W,YKL178C,0.9588826894760132
YDR160W,YOR212W,1.0420469820360267e-08
YDR160W,YOL111C,3.965042196796276e-05
YDR160W,YGL032C,1.8624994879701262e-08
YDR160W,YHR005C,1.827221751682373e-07
YDR160W,YDR103W,4.055816589243477e-07
YDR160W,YJR084W,2.863558620447293e-05
YDR160W,YCL032W,0.004818246234208345
YDR160W,YJL170C,0.005976592190563679
YDR160W,YDR179C,0.0005697756423614919
YDR160W,YBR095C,3.1342602124784236e-11
YDR160W,YLL021W,1.1635088031924923e-10
YDR160W,YDL159W,4.090862603334244e-06
YDR160W,YNL161W,0.07954761385917664
YDR160W,YNL188W,1.2917671199375036e-07
YDR160W,YJL157C,9.628605766920373e-05
YDR160W,YJL034W,7.254610689955143e-09
YDR160W,YLR238W,1.4657332940259948e-05
YDR160W,YPR141C,0.8170145750045776
YDR160W,YNL127W,0.01683543249964714
YDR160W,YCL055W,3.466167875656556e-15
YDR160W,YPR122W,0.9718496799468994
YDR160W,YMR065W,1.1946627637371421e-05
YDR160W,YDR356W,4.203470780339558e-06
YDR160W,YMR052W,0.011591935530304909
YDR160W,YFR008W,4.511273073148914e-05
YDR160W,YLL043W,0.0027802560944110155
YDR160W,YMR029C,0.0018115348648279905
YDR160W,YJR004C,0.0001730367075651884
YDR160W,YDL223C,4.762053140439093e-05
YDR160W,YHR158C,0.09284820407629013
YDR160W,YGR238C,9.387676982441917e-05
YDR160W,YIL015W,0.9993933439254761
YDR160W,YGL173C,0.008760745637118816
YDR160W,YDL225W,1.4110671031630773e-07
YDR160W,YLR330W,4.931508760380732e-13
YDR160W,YBR129C,0.005967734847217798
YDR160W,YKR095W-A,0.2020167112350464
YDR160W,YPR075C,3.2086089341021307e-09
YDR160W,YMR198W,6.067975011347926e-10
YDR160W,YOR127W,0.00014364917296916246
YDR160W,YDR264C,5.81939774146889e-10
YDR160W,YLR110C,0.00243172119371593
YDR160W,YDR379W,0.022861238569021225
YDR160W,YDL100C,3.123790520476177e-05
YDR160W,YHR073W,2.4459045899760667e-11
YDR160W,YJR090C,7.512095945294561e-10
YDR160W,YOR208W,8.468467967759352e-06
YDR160W,YBR040W,0.14474022388458252
YDR160W,YNL279W,0.5134232044219971
YDR160W,YER075C,0.8918874263763428
YDR160W,YCR089W,9.96069218217599e-08
YDR160W,YCR002C,0.0005521817365661263
YDR160W,YJL108C,5.2046976634301245e-05
YDR160W,YBR200W,2.911625385237926e-09
YDR160W,YIL026C,4.086460891894461e-10
YDR160W,YJR076C,0.00022727056057192385
YDR160W,YKR031C,0.003188346279785037
YDR160W,YPL192C,0.015876563265919685
YDR160W,YHR107C,7.220315865197335e-07
YDR160W,YIL037C,0.011034604161977768
YDR160W,YPL156C,8.197385795938317e-06
YDR160W,YIL117C,0.6357481479644775
YDR160W,YHR066W,3.094320151127436e-26
YDR160W,YML085C,0.003266300540417433
YDR160W,YML047C,0.01883181743323803
YDR160W,YDR312W,2.7977231642495326e-09
YDR160W,YFL037W,6.257763516259729e-07
YDR160W,YDL038C,0.2020167112350464
YDR160W,YDL039C,1.046070001453625e-11
YDR160W,YCL027W,1.6138150385813788e-05
YDR160W,YML124C,1.1232157565155276e-11
YDR160W,YGL053W,2.82720666291425e-05
YDR160W,YMR232W,7.451131386915222e-05
YDR160W,YNL298W,5.114934538141824e-05
YDR160W,YGL099W,2.2590608203532092e-11
YDR160W,YBL016W,4.916447023800563e-12
YDR160W,YAL041W,3.645731396773044e-07
YDR160W,YDR085C,0.00042879540706053376
YDR160W,YPL187W,1.7451208880747693e-11
YDR160W,YPL256C,4.683443632913509e-10
YDR160W,YDR461W,6.170533417559909e-09
YDR160W,YNL145W,9.608543223293964e-07
YPL061W,YDL165W,1.130501291538022e-12
YPL061W,YGR059W,4.359917646096917e-13
YPL061W,YBR109C,2.1196539634615874e-08
YPL061W,YJL080C,1.6630586969768046e-06
YPL061W,YCR093W,2.1575639038928784e-05
YPL061W,YIL122W,3.060730113801924e-09
YPL061W,YCL029C,7.891500016139248e-19
YPL061W,YNL173C,1.0955194085227049e-07
YPL061W,YLR452C,1.17604093396997e-18
YPL061W,YDL160C,1.1635512925420012e-17
YPL061W,YLR229C,1.8254070130452327e-11
YPL061W,YML057W,2.0423272448222285e-12
YPL061W,YER149C,0.0272146575152874
YPL061W,YMR305C,2.1927978096497602e-13
YPL061W,YLR433C,1.0110556597671405e-13
YPL061W,YJL073W,1.1188298551512155e-12
YPL061W,YGR279C,8.880348713324882e-13
YPL061W,YKL190W,2.5897467221917825e-13
YPL061W,YGL089C,1.7366139776209266e-11
YPL061W,YJL019W,4.420368213686743e-07
YPL061W,YJL018W,0.005420975387096405
YPL061W,YNR032C-A,1.205506350743235e-06
YPL061W,YGL178W,9.812041587217712e-13
YPL061W,YKL116C,6.993126135057537e-06
YPL061W,YDL214C,2.0799981939489953e-05
YPL061W,YLR362W,4.6084220230113715e-05
YPL061W,YER068W,0.00018062669551
YPL061W,YHR084W,1.7550403553100895e-16
YPL061W,YDR392W,2.4026263256796865e-18
YPL061W,YNL053W,1.7118370578828035e-06
YPL061W,YGR040W,9.442729931308236e-11
YPL061W,YDL216C,5.886920284581265e-09
YPL061W,YOL117W,2.7519536671162526e-13
YPL061W,YJR086W,2.2138260669102294e-10
YPL061W,YMR025W,1.908428059679834e-12
YPL061W,YBR081C,1.7546692987480128e-08
YPL061W,YFL026W,1.298651602921197e-10
YPL061W,YHL007C,9.943228532205417e-12
YPL061W,YNR044W,3.4534532758435585e-14
YPL061W,YNL271C,8.569807687308639e-05
YPL061W,YDR200C,3.8914979924075654e-17
YPL061W,YKL178C,0.00542285293340683
YPL061W,YOR212W,3.764539407199313e-13
YPL061W,YOL111C,6.738600649702775e-11
YPL061W,YGL032C,2.9622241074986344e-13
YPL061W,YHR005C,1.5393032334887202e-11
YPL061W,YDR103W,2.2771695284973248e-07
YPL061W,YJR084W,9.01689573701292e-12
YPL061W,YCL032W,3.2279139361435227e-09
YPL061W,YJL170C,0.0005604663165286183
YPL061W,YDR179C,6.4632598318487e-13
YPL061W,YBR095C,1.1339042060853899e-07
YPL061W,YLL021W,6.058769042027734e-10
YPL061W,YDL159W,3.458910945696373e-18
YPL061W,YNL161W,4.243681360094342e-06
YPL061W,YNL188W,2.2232622687301529e-10
YPL061W,YJL157C,7.05525138311458e-10
YPL061W,YJL034W,4.118704905804087e-15
YPL061W,YLR238W,1.373144098426593e-10
YPL061W,YPR141C,0.00026073004119098186
YPL061W,YNL127W,8.771062209866898e-10
YPL061W,YCL055W,1.8564690895672697e-09
YPL061W,YPR122W,1.846911235059423e-10
YPL061W,YMR065W,0.060322605073451996
YPL061W,YDR356W,7.39057722967118e-05
YPL061W,YMR052W,7.661653711465988e-08
YPL061W,YFR008W,2.602479520623457e-19
YPL061W,YLL043W,2.54870627713899e-07
YPL061W,YMR029C,9.984171736730388e-18
YPL061W,YJR004C,2.501651996666965e-09
YPL061W,YDL223C,1.8181810224060513e-13
YPL061W,YHR158C,4.534089839580702e-06
YPL061W,YGR238C,4.4496320517062316e-10
YPL061W,YIL015W,1.8502578213053927e-13
YPL061W,YGL173C,1.3763093193119857e-05
YPL061W,YDL225W,0.023696094751358032
YPL061W,YLR330W,1.220190073113192e-12
YPL061W,YBR129C,6.94842601660639e-05
YPL061W,YKR095W-A,0.2020167112350464
YPL061W,YPR075C,6.289233185890336e-14
YPL061W,YMR198W,1.8599010900288704e-06
YPL061W,YOR127W,1.1901421078579048e-14
YPL061W,YDR264C,2.385079113376154e-11
YPL061W,YLR110C,1.1119052345520686e-08
YPL061W,YDR379W,1.5405736686346927e-09
YPL061W,YDL100C,1.1082826925866302e-19
YPL061W,YHR073W,2.6932134460366797e-06
YPL061W,YJR090C,7.207280106058533e-08
YPL061W,YOR208W,1.7346316576053247e-14
YPL061W,YBR040W,1.4993038061072994e-11
YPL061W,YNL279W,1.550886426660708e-13
YPL061W,YER075C,7.486006259327382e-10
YPL061W,YCR089W,4.641533823956934e-09
YPL061W,YCR002C,1.34899762801316e-12
YPL061W,YJL108C,4.812367393469685e-09
YPL061W,YBR200W,7.848372263197234e-08
YPL061W,YIL026C,0.03649744763970375
YPL061W,YJR076C,7.723299222384128e-10
YPL061W,YKR031C,2.2349040307290124e-07
YPL061W,YPL192C,8.50348101266718e-07
YPL061W,YHR107C,3.763012037388824e-12
YPL061W,YIL037C,1.074830242170366e-11
YPL061W,YPL156C,1.1896163036855673e-13
YPL061W,YIL117C,1.9351133542788723e-11
YPL061W,YHR066W,3.787631666640756e-12
YPL061W,YML085C,1.0384977600086387e-11
YPL061W,YML047C,0.00953621231019497
YPL061W,YDR312W,1.5686418093283083e-12
YPL061W,YFL037W,3.609123833125949e-10
YPL061W,YDL038C,0.2020167112350464
YPL061W,YDL039C,2.327623649378552e-09
YPL061W,YCL027W,9.859156853053719e-05
YPL061W,YML124C,8.98084329126192e-10
YPL061W,YGL053W,3.591233772626311e-15
YPL061W,YMR232W,6.431228598557936e-07
YPL061W,YNL298W,1.5237083816899144e-10
YPL061W,YGL099W,5.321675717283314e-13
YPL061W,YBL016W,1.066795814826018e-14
YPL061W,YAL041W,4.829914246329281e-12
YPL061W,YDR085C,1.9410464555114082e-11
YPL061W,YPL187W,0.005118699744343758
YPL061W,YPL256C,4.692351840418496e-09
YPL061W,YDR461W,3.198542613005507e-18
YPL061W,YNL145W,4.369835222839402e-12
YLR044C,YDL165W,1.3087784189735885e-08
YLR044C,YGR059W,1.6406262219068573e-17
YLR044C,YBR109C,1.77236552190152e-06
YLR044C,YJL080C,0.012060709297657013
YLR044C,YCR093W,1.2564517419377808e-05
YLR044C,YIL122W,0.0004511516890488565
YLR044C,YCL029C,3.493743738758326e-09
YLR044C,YNL173C,2.7140413294546306e-07
YLR044C,YLR452C,1.945392291702319e-09
YLR044C,YDL160C,0.8999397158622742
YLR044C,YLR229C,1.487964684798726e-08
YLR044C,YML057W,1.5154978383336015e-09
YLR044C,YER149C,4.2600360757205635e-05
YLR044C,YMR305C,1.0004704842359047e-09
YLR044C,YLR433C,9.476109994466242e-07
YLR044C,YJL073W,5.869857204743312e-07
YLR044C,YGR279C,0.12399852275848389
YLR044C,YKL190W,0.07528400421142578
YLR044C,YGL089C,7.308803784411566e-09
YLR044C,YJL019W,7.662236747456351e-16
YLR044C,YJL018W,0.004191365092992783
YLR044C,YNR032C-A,0.00872912909835577
YLR044C,YGL178W,4.278948546941434e-14
YLR044C,YKL116C,1.423785026509472e-12
YLR044C,YDL214C,0.0002668315137270838
YLR044C,YLR362W,1.9594760658492305e-07
YLR044C,YER068W,1.957153905607356e-08
YLR044C,YHR084W,7.595193224352315e-11
YLR044C,YDR392W,8.108572840948014e-12
YLR044C,YNL053W,8.982355303999157e-09
YLR044C,YGR040W,0.0007938062772154808
YLR044C,YDL216C,3.148491941828979e-06
YLR044C,YOL117W,3.703603179347481e-13
YLR044C,YJR086W,0.9071062207221985
YLR044C,YMR025W,9.27314322325401e-05
YLR044C,YBR081C,2.975449569930788e-05
YLR044C,YFL026W,2.614650163046406e-11
YLR044C,YHL007C,3.9039201737978146e-07
YLR044C,YNR044W,3.360027847065794e-07
YLR044C,YNL271C,0.03370337560772896
YLR044C,YDR200C,4.1783303162887253e-13
YLR044C,YKL178C,2.2926784367882647e-05
YLR044C,YOR212W,2.1359791713138065e-10
YLR044C,YOL111C,1.1179973640655996e-13
YLR044C,YGL032C,3.7918542261650146e-07
YLR044C,YHR005C,4.587324686777805e-10
YLR044C,YDR103W,0.04972581937909126
YLR044C,YJR084W,5.790770501334919e-06
YLR044C,YCL032W,5.687801944986859e-07
YLR044C,YJL170C,7.23702396498993e-06
YLR044C,YDR179C,4.8054422663312835e-09
YLR044C,YBR095C,0.9598530530929565
YLR044C,YLL021W,2.7851593031869015e-08
YLR044C,YDL159W,2.2862639070808655e-06
YLR044C,YNL161W,3.6970951100556704e-07
YLR044C,YNL188W,0.004050575662404299
YLR044C,YJL157C,1.3705572428079904e-06
YLR044C,YJL034W,4.2207201775428557e-16
YLR044C,YLR238W,0.0030271729920059443
YLR044C,YPR141C,0.0006725960411131382
YLR044C,YNL127W,0.9999783039093018
YLR044C,YCL055W,1.8312187408597148e-20
YLR044C,YPR122W,3.5822372979055217e-07
YLR044C,YMR065W,2.2749157224666305e-08
YLR044C,YDR356W,4.637885285774246e-05
YLR044C,YMR052W,2.1643603759002872e-05
YLR044C,YFR008W,0.01893210969865322
YLR044C,YLL043W,3.3833025554486085e-06
YLR044C,YMR029C,0.00024251823197118938
YLR044C,YJR004C,1.3978120050328613e-10
YLR044C,YDL223C,3.988113597852433e-18
YLR044C,YHR158C,0.0002266244264319539
YLR044C,YGR238C,2.635122717633328e-14
YLR044C,YIL015W,2.5160143195535056e-05
YLR044C,YGL173C,8.350927600986324e-06
YLR044C,YDL225W,0.004436851944774389
YLR044C,YLR330W,6.073317308619153e-06
YLR044C,YBR129C,0.23598413169384003
YLR044C,YKR095W-A,0.2020167112350464
YLR044C,YPR075C,0.00010220683179795742
YLR044C,YMR198W,2.439536905818329e-10
YLR044C,YOR127W,0.0048720757476985455
YLR044C,YDR264C,6.043000821964739e-11
YLR044C,YLR110C,2.610681533384803e-20
YLR044C,YDR379W,5.21062565894681e-06
YLR044C,YDL100C,5.983506658896465e-12
YLR044C,YHR073W,0.996735155582428
YLR044C,YJR090C,4.1165955622091133e-07
YLR044C,YOR208W,0.22146984934806824
YLR044C,YBR040W,9.707319748031296e-08
YLR044C,YNL279W,0.00041536742355674505
YLR044C,YER075C,6.503182714556743e-11
YLR044C,YCR089W,3.447279232204892e-05
YLR044C,YCR002C,5.17158696311526e-07
YLR044C,YJL108C,0.00028511887649074197
YLR044C,YBR200W,3.825225576292723e-06
YLR044C,YIL026C,0.9437205195426941
YLR044C,YJR076C,0.8523189425468445
YLR044C,YKR031C,2.241781294287648e-05
YLR044C,YPL192C,1.5790274361486556e-13
YLR044C,YHR107C,0.0003897866408806294
YLR044C,YIL037C,1.2682943406616687e-07
YLR044C,YPL156C,9.451062979101699e-13
YLR044C,YIL117C,1.8759369595500175e-06
YLR044C,YHR066W,6.9927308388173515e-09
YLR044C,YML085C,0.012683088891208172
YLR044C,YML047C,2.9030459813839116e-07
YLR044C,YDR312W,0.027254804968833923
YLR044C,YFL037W,5.946572491666302e-05
YLR044C,YDL038C,0.2020167112350464
YLR044C,YDL039C,1.5096194939254117e-15
YLR044C,YCL027W,4.0376434640165826e-07
YLR044C,YML124C,8.016510400921106e-05
YLR044C,YGL053W,0.005574377253651619
YLR044C,YMR232W,0.003798091085627675
YLR044C,YNL298W,2.2469046143669402e-06
YLR044C,YGL099W,0.6271644234657288
YLR044C,YBL016W,2.5090685085160658e-09
YLR044C,YAL041W,0.0009075501002371311
YLR044C,YDR085C,1.846855229814537e-05
YLR044C,YPL187W,0.0008955938974395394
YLR044C,YPL256C,5.64042867967629e-10
YLR044C,YDR461W,2.7838327129603435e-11
YLR044C,YNL145W,1.0540502914935246e-09
YFR032C-A,YDL165W,6.361943087540567e-05
YFR032C-A,YGR059W,6.706283528501444e-09
YFR032C-A,YBR109C,5.385020358517068e-07
YFR032C-A,YJL080C,1.4220121613561787e-07
YFR032C-A,YCR093W,0.07558688521385193
YFR032C-A,YIL122W,0.0024947726633399725
YFR032C-A,YCL029C,3.1287021329262643e-07
YFR032C-A,YNL173C,4.948900823364966e-06
YFR032C-A,YLR452C,1.7026758891702798e-09
YFR032C-A,YDL160C,5.693316325050546e-06
YFR032C-A,YLR229C,0.0032817597966641188
YFR032C-A,YML057W,4.37921837681543e-10
YFR032C-A,YER149C,1.4811272421866306e-06
YFR032C-A,YMR305C,1.100785174817931e-11
YFR032C-A,YLR433C,4.507500506178985e-08
YFR032C-A,YJL073W,2.3837583285057917e-06
YFR032C-A,YGR279C,1.3198269698477816e-05
YFR032C-A,YKL190W,2.0090884661289688e-23
YFR032C-A,YGL089C,3.539770887073246e-06
YFR032C-A,YJL019W,1.7980477196033462e-07
YFR032C-A,YJL018W,0.2020167112350464
YFR032C-A,YNR032C-A,4.153319821398327e-08
YFR032C-A,YGL178W,8.954169546369004e-23
YFR032C-A,YKL116C,8.970938836228015e-08
YFR032C-A,YDL214C,1.3217617379268631e-05
YFR032C-A,YLR362W,4.598653049470158e-06
YFR032C-A,YER068W,1.940260972332908e-06
YFR032C-A,YHR084W,9.013592148221505e-07
YFR032C-A,YDR392W,0.001670084660872817
YFR032C-A,YNL053W,4.055504820854594e-09
YFR032C-A,YGR040W,4.389397417980945e-06
YFR032C-A,YDL216C,3.447409113732647e-08
YFR032C-A,YOL117W,5.090821275643975e-08
YFR032C-A,YJR086W,0.035405103117227554
YFR032C-A,YMR025W,7.970470323925838e-05
YFR032C-A,YBR081C,0.22877566516399384
YFR032C-A,YFL026W,1.3203943494133341e-09
YFR032C-A,YHL007C,5.460888132802211e-07
YFR032C-A,YNR044W,2.282167781576111e-13
YFR032C-A,YNL271C,4.449505013326416e-07
YFR032C-A,YDR200C,0.0003335276560392231
YFR032C-A,YKL178C,0.012628628872334957
YFR032C-A,YOR212W,5.358197219251792e-10
YFR032C-A,YOL111C,2.675861287571024e-05
YFR032C-A,YGL032C,2.8517360348145893e-11
YFR032C-A,YHR005C,6.914180994499475e-05
YFR032C-A,YDR103W,3.869470674544573e-05
YFR032C-A,YJR084W,0.008756821043789387
YFR032C-A,YCL032W,0.9858205318450928
YFR032C-A,YJL170C,8.532337147926228e-08
YFR032C-A,YDR179C,0.00010439245670568198
YFR032C-A,YBR095C,0.0007083535310812294
YFR032C-A,YLL021W,4.174620826802311e-08
YFR032C-A,YDL159W,2.950525413325522e-06
YFR032C-A,YNL161W,1.8099980403363247e-09
YFR032C-A,YNL188W,8.092846698500283e-15
YFR032C-A,YJL157C,1.183564964785111e-12
YFR032C-A,YJL034W,7.49594691873412e-11
YFR032C-A,YLR238W,9.076171636479557e-07
YFR032C-A,YPR141C,1.1967715707328352e-09
YFR032C-A,YNL127W,0.01140257902443409
YFR032C-A,YCL055W,1.346504774346613e-07
YFR032C-A,YPR122W,3.9255002775462344e-05
YFR032C-A,YMR065W,1.0472164149177843e-06
YFR032C-A,YDR356W,1.288652015318803e-06
YFR032C-A,YMR052W,2.6024725229945034e-05
YFR032C-A,YFR008W,0.051848217844963074
YFR032C-A,YLL043W,1.986674469378613e-08
YFR032C-A,YMR029C,0.00036627586814574897
YFR032C-A,YJR004C,0.0023480767849832773
YFR032C-A,YDL223C,4.533659905825438e-12
YFR032C-A,YHR158C,0.0023112569469958544
YFR032C-A,YGR238C,3.1512131499766838e-06
YFR032C-A,YIL015W,3.4877174925895815e-07
YFR032C-A,YGL173C,0.03953426331281662
YFR032C-A,YDL225W,0.004227343946695328
YFR032C-A,YLR330W,0.03304861858487129
YFR032C-A,YBR129C,0.00013158973888494074
YFR032C-A,YKR095W-A,0.2020167112350464
YFR032C-A,YPR075C,0.20800185203552246
YFR032C-A,YMR198W,3.9604987177180653e-14
YFR032C-A,YOR127W,6.444576428066284e-08
YFR032C-A,YDR264C,0.00042977655539289117
YFR032C-A,YLR110C,4.435762424037648e-09
YFR032C-A,YDR379W,0.011616694740951061
YFR032C-A,YDL100C,5.496794983628206e-07
YFR032C-A,YHR073W,0.056004393845796585
YFR032C-A,YJR090C,3.81032668883563e-06
YFR032C-A,YOR208W,1.4288582860899623e-05
YFR032C-A,YBR040W,9.867920169881472e-08
YFR032C-A,YNL279W,4.4982073621469e-12
YFR032C-A,YER075C,1.697721430105048e-08
YFR032C-A,YCR089W,4.2538778188827564e-07
YFR032C-A,YCR002C,5.98163580889377e-08
YFR032C-A,YJL108C,9.477781226507886e-09
YFR032C-A,YBR200W,1.117041961151699e-06
YFR032C-A,YIL026C,1.465321474825032e-06
YFR032C-A,YJR076C,3.8837351112874785e-09
YFR032C-A,YKR031C,0.0035580124240368605
YFR032C-A,YPL192C,1.9368766590588393e-09
YFR032C-A,YHR107C,0.0006250326405279338
YFR032C-A,YIL037C,7.344438834877565e-09
YFR032C-A,YPL156C,3.800385456997901e-05
YFR032C-A,YIL117C,2.5669349312806844e-08
YFR032C-A,YHR066W,3.374682130963258e-11
YFR032C-A,YML085C,4.852771227550758e-26
YFR032C-A,YML047C,1.754052680880136e-09
YFR032C-A,YDR312W,1.639079844073521e-11
YFR032C-A,YFL037W,1.3045352716289926e-05
YFR032C-A,YDL038C,0.2020167112350464
YFR032C-A,YDL039C,1.9915332946131292e-13
YFR032C-A,YCL027W,1.0079610319735366e-06
YFR032C-A,YML124C,6.1814512473620184e-21
YFR032C-A,YGL053W,7.272121571588741e-09
YFR032C-A,YMR232W,4.513700787356356e-06
YFR032C-A,YNL298W,4.721466329016266e-09
YFR032C-A,YGL099W,4.4097340362592163e-11
YFR032C-A,YBL016W,2.2095296259294628e-08
YFR032C-A,YAL041W,5.663941919920035e-07
YFR032C-A,YDR085C,2.3019513406552505e-08
YFR032C-A,YPL187W,0.08161072432994843
YFR032C-A,YPL256C,2.6738325686892495e-07
YFR032C-A,YDR461W,1.0940373261459583e-14
YFR032C-A,YNL145W,1.2060073117936554e-07
GRD10,YDL165W,0.2020167112350464
GRD10,YGR059W,0.2020167112350464
GRD10,YBR109C,0.2020167112350464
GRD10,YJL080C,0.2020167112350464
GRD10,YCR093W,0.2020167112350464
GRD10,YIL122W,0.2020167112350464
GRD10,YCL029C,0.2020167112350464
GRD10,YNL173C,0.2020167112350464
GRD10,YLR452C,0.2020167112350464
GRD10,YDL160C,0.2020167112350464
GRD10,YLR229C,0.2020167112350464
GRD10,YML057W,0.2020167112350464
GRD10,YER149C,0.2020167112350464
GRD10,YMR305C,0.2020167112350464
GRD10,YLR433C,0.2020167112350464
GRD10,YJL073W,0.2020167112350464
GRD10,YGR279C,0.2020167112350464
GRD10,YKL190W,0.2020167112350464
GRD10,YGL089C,0.2020167112350464
GRD10,YJL019W,0.2020167112350464
GRD10,YJL018W,0.2020167112350464
GRD10,YNR032C-A,0.2020167112350464
GRD10,YGL178W,0.2020167112350464
GRD10,YKL116C,0.2020167112350464
GRD10,YDL214C,0.2020167112350464
GRD10,YLR362W,0.2020167112350464
GRD10,YER068W,0.2020167112350464
GRD10,YHR084W,0.2020167112350464
GRD10,YDR392W,0.2020167112350464
GRD10,YNL053W,0.2020167112350464
GRD10,YGR040W,0.2020167112350464
GRD10,YDL216C,0.2020167112350464
GRD10,YOL117W,0.2020167112350464
GRD10,YJR086W,0.2020167112350464
GRD10,YMR025W,0.2020167112350464
GRD10,YBR081C,0.2020167112350464
GRD10,YFL026W,0.2020167112350464
GRD10,YHL007C,0.2020167112350464
GRD10,YNR044W,0.2020167112350464
GRD10,YNL271C,0.2020167112350464
GRD10,YDR200C,0.2020167112350464
GRD10,YKL178C,0.2020167112350464
GRD10,YOR212W,0.2020167112350464
GRD10,YOL111C,0.2020167112350464
GRD10,YGL032C,0.2020167112350464
GRD10,YHR005C,0.2020167112350464
GRD10,YDR103W,0.2020167112350464
GRD10,YJR084W,0.2020167112350464
GRD10,YCL032W,0.2020167112350464
GRD10,YJL170C,0.2020167112350464
GRD10,YDR179C,0.2020167112350464
GRD10,YBR095C,0.2020167112350464
GRD10,YLL021W,0.2020167112350464
GRD10,YDL159W,0.2020167112350464
GRD10,YNL161W,0.2020167112350464
GRD10,YNL188W,0.2020167112350464
GRD10,YJL157C,0.2020167112350464
GRD10,YJL034W,0.2020167112350464
GRD10,YLR238W,0.2020167112350464
GRD10,YPR141C,0.2020167112350464
GRD10,YNL127W,0.2020167112350464
GRD10,YCL055W,0.2020167112350464
GRD10,YPR122W,0.2020167112350464
GRD10,YMR065W,0.2020167112350464
GRD10,YDR356W,0.2020167112350464
GRD10,YMR052W,0.2020167112350464
GRD10,YFR008W,0.2020167112350464
GRD10,YLL043W,0.2020167112350464
GRD10,YMR029C,0.2020167112350464
GRD10,YJR004C,0.2020167112350464
GRD10,YDL223C,0.2020167112350464
GRD10,YHR158C,0.2020167112350464
GRD10,YGR238C,0.2020167112350464
GRD10,YIL015W,0.2020167112350464
GRD10,YGL173C,0.2020167112350464
GRD10,YDL225W,0.2020167112350464
GRD10,YLR330W,0.2020167112350464
GRD10,YBR129C,0.2020167112350464
GRD10,YKR095W-A,0.2020167112350464
GRD10,YPR075C,0.2020167112350464
GRD10,YMR198W,0.2020167112350464
GRD10,YOR127W,0.2020167112350464
GRD10,YDR264C,0.2020167112350464
GRD10,YLR110C,0.2020167112350464
GRD10,YDR379W,0.2020167112350464
GRD10,YDL100C,0.2020167112350464
GRD10,YHR073W,0.2020167112350464
GRD10,YJR090C,0.2020167112350464
GRD10,YOR208W,0.2020167112350464
GRD10,YBR040W,0.2020167112350464
GRD10,YNL279W,0.2020167112350464
GRD10,YER075C,0.2020167112350464
GRD10,YCR089W,0.2020167112350464
GRD10,YCR002C,0.2020167112350464
GRD10,YJL108C,0.2020167112350464
GRD10,YBR200W,0.2020167112350464
GRD10,YIL026C,0.2020167112350464
GRD10,YJR076C,0.2020167112350464
GRD10,YKR031C,0.2020167112350464
GRD10,YPL192C,0.2020167112350464
GRD10,YHR107C,0.2020167112350464
GRD10,YIL037C,0.2020167112350464
GRD10,YPL156C,0.2020167112350464
GRD10,YIL117C,0.2020167112350464
GRD10,YHR066W,0.2020167112350464
GRD10,YML085C,0.2020167112350464
GRD10,YML047C,0.2020167112350464
GRD10,YDR312W,0.2020167112350464
GRD10,YFL037W,0.2020167112350464
GRD10,YDL038C,0.2020167112350464
GRD10,YDL039C,0.2020167112350464
GRD10,YCL027W,0.2020167112350464
GRD10,YML124C,0.2020167112350464
GRD10,YGL053W,0.2020167112350464
GRD10,YMR232W,0.2020167112350464
GRD10,YNL298W,0.2020167112350464
GRD10,YGL099W,0.2020167112350464
GRD10,YBL016W,0.2020167112350464
GRD10,YAL041W,0.2020167112350464
GRD10,YDR085C,0.2020167112350464
GRD10,YPL187W,0.2020167112350464
GRD10,YPL256C,0.2020167112350464
GRD10,YDR461W,0.2020167112350464
GRD10,YNL145W,0.2020167112350464
YIL140W,YDL165W,4.6609520154561324e-07
YIL140W,YGR059W,1.7778933880663317e-09
YIL140W,YBR109C,5.543717520595237e-07
YIL140W,YJL080C,6.470096280963844e-08
YIL140W,YCR093W,0.00024157481675501913
YIL140W,YIL122W,0.002972044050693512
YIL140W,YCL029C,0.0011494134087115526
YIL140W,YNL173C,0.00026507987058721483
YIL140W,YLR452C,0.8217742443084717
YIL140W,YDL160C,5.62817774607538e-07
YIL140W,YLR229C,8.474911737721413e-05
YIL140W,YML057W,4.271528408761327e-10
YIL140W,YER149C,5.6743282073057344e-08
YIL140W,YMR305C,9.980199777714915e-09
YIL140W,YLR433C,2.3926566427689977e-05
YIL140W,YJL073W,8.848709512676578e-06
YIL140W,YGR279C,0.02125493437051773
YIL140W,YKL190W,0.011035790666937828
YIL140W,YGL089C,0.009084424003958702
YIL140W,YJL019W,2.719313488341868e-05
YIL140W,YJL018W,0.00032381259370595217
YIL140W,YNR032C-A,0.24309591948986053
YIL140W,YGL178W,0.006976393051445484
YIL140W,YKL116C,5.271568515041736e-09
YIL140W,YDL214C,0.7674208283424377
YIL140W,YLR362W,5.475019881906462e-10
YIL140W,YER068W,0.004316552542150021
YIL140W,YHR084W,0.00020892609609290957
YIL140W,YDR392W,1.0525585736331777e-07
YIL140W,YNL053W,8.907271364932967e-09
YIL140W,YGR040W,0.0003543824714142829
YIL140W,YDL216C,0.0030559219885617495
YIL140W,YOL117W,3.8174402874902036e-12
YIL140W,YJR086W,4.684194436777034e-07
YIL140W,YMR025W,0.004951414652168751
YIL140W,YBR081C,6.769126048311591e-05
YIL140W,YFL026W,6.987291190085898e-09
YIL140W,YHL007C,2.1335133624234004e-06
YIL140W,YNR044W,4.598241048370255e-06
YIL140W,YNL271C,0.00048693374264985323
YIL140W,YDR200C,9.232710908690933e-06
YIL140W,YKL178C,0.00022772715601604432
YIL140W,YOR212W,2.262324017010542e-08
YIL140W,YOL111C,1.0856182797169822e-07
YIL140W,YGL032C,2.2009649910614826e-05
YIL140W,YHR005C,2.020034662564285e-05
YIL140W,YDR103W,2.488951622581226e-06
YIL140W,YJR084W,4.457518989336995e-12
YIL140W,YCL032W,1.6548405701310998e-10
YIL140W,YJL170C,1.640808113734238e-05
YIL140W,YDR179C,5.552055171165193e-08
YIL140W,YBR095C,0.00021817692322656512
YIL140W,YLL021W,0.0023245620541274548
YIL140W,YDL159W,2.7170588695613063e-11
YIL140W,YNL161W,2.7055908503825776e-05
YIL140W,YNL188W,2.673639087902302e-11
YIL140W,YJL157C,1.787278236520251e-08
YIL140W,YJL034W,9.49645917458497e-12
YIL140W,YLR238W,2.4393462808802724e-05
YIL140W,YPR141C,1.668040994218245e-08
YIL140W,YNL127W,3.768713785490263e-09
YIL140W,YCL055W,2.1058548327346216e-07
YIL140W,YPR122W,2.8799111984056935e-09
YIL140W,YMR065W,0.005043516401201487
YIL140W,YDR356W,0.43019986152648926
YIL140W,YMR052W,0.07713146507740021
YIL140W,YFR008W,1.8663205992197618e-05
YIL140W,YLL043W,0.0002279922046000138
YIL140W,YMR029C,4.976583113602828e-06
YIL140W,YJR004C,8.467524099421697e-15
YIL140W,YDL223C,5.203327121928135e-14
YIL140W,YHR158C,0.11150718480348587
YIL140W,YGR238C,6.179062950195657e-08
YIL140W,YIL015W,6.2107390341736846e-09
YIL140W,YGL173C,4.593411722453311e-05
YIL140W,YDL225W,4.146330212506655e-08
YIL140W,YLR330W,1.5106407064927746e-13
YIL140W,YBR129C,2.1596149224478722e-07
YIL140W,YKR095W-A,0.2020167112350464
YIL140W,YPR075C,6.767133982066298e-06
YIL140W,YMR198W,4.567897121887654e-05
YIL140W,YOR127W,2.7851442041537666e-07
YIL140W,YDR264C,4.920922833662189e-07
YIL140W,YLR110C,2.948092325816276e-10
YIL140W,YDR379W,1.2670218606930517e-12
YIL140W,YDL100C,6.557775577675784e-06
YIL140W,YHR073W,0.8425789475440979
YIL140W,YJR090C,2.0214386609040957e-08
YIL140W,YOR208W,1.0055739674643717e-14
YIL140W,YBR040W,2.8078527975594625e-05
YIL140W,YNL279W,6.20922204711688e-13
YIL140W,YER075C,0.0018974437844008207
YIL140W,YCR089W,1.2043854269450094e-07
YIL140W,YCR002C,5.738803156418726e-05
YIL140W,YJL108C,0.0002464157878421247
YIL140W,YBR200W,3.2631380236791685e-12
YIL140W,YIL026C,0.008293398655951023
YIL140W,YJR076C,1.325553694186965e-05
YIL140W,YKR031C,1.2050246596118086e-06
YIL140W,YPL192C,0.1001034677028656
YIL140W,YHR107C,0.9537609815597534
YIL140W,YIL037C,0.00015942534082569182
YIL140W,YPL156C,0.0010329688666388392
YIL140W,YIL117C,2.1245030623617822e-08
YIL140W,YHR066W,2.0861909533209655e-08
YIL140W,YML085C,3.729706676836031e-08
YIL140W,YML047C,0.9055293798446655
YIL140W,YDR312W,9.63941329246154e-06
YIL140W,YFL037W,1.0844270946108736e-05
YIL140W,YDL038C,0.2020167112350464
YIL140W,YDL039C,1.486307410480947e-09
YIL140W,YCL027W,4.499092579339416e-15
YIL140W,YML124C,8.244833982207211e-11
YIL140W,YGL053W,5.270416741920414e-11
YIL140W,YMR232W,4.164544264995129e-08
YIL140W,YNL298W,9.198985935654491e-05
YIL140W,YGL099W,8.536673590242572e-07
YIL140W,YBL016W,2.9303605515451636e-06
YIL140W,YAL041W,5.582624584832274e-09
YIL140W,YDR085C,1.0978114034151942e-12
YIL140W,YPL187W,0.1415448635816574
YIL140W,YPL256C,6.233820369890299e-17
YIL140W,YDR461W,0.26042816042900085
YIL140W,YNL145W,3.605837991926819e-05
YJR084W,YDL165W,0.9962081909179688
YJR084W,YGR059W,0.009946546517312527
YJR084W,YBR109C,0.9970356225967407
YJR084W,YJL080C,1.0
YJR084W,YCR093W,0.9999735355377197
YJR084W,YIL122W,0.9943892359733582
YJR084W,YCL029C,2.3128039927655664e-08
YJR084W,YNL173C,0.9982078075408936
YJR084W,YLR452C,0.9997832179069519
YJR084W,YDL160C,0.9999120235443115
YJR084W,YLR229C,0.9987132549285889
YJR084W,YML057W,0.08753224462270737
YJR084W,YER149C,0.9960867166519165
YJR084W,YMR305C,0.9998726844787598
YJR084W,YLR433C,0.9998236298561096
YJR084W,YJL073W,7.6952458077581e-13
YJR084W,YGR279C,0.9987558126449585
YJR084W,YKL190W,0.9995787739753723
YJR084W,YGL089C,0.9998772144317627
YJR084W,YJL019W,0.997701108455658
YJR084W,YJL018W,0.0005704331560991704
YJR084W,YNR032C-A,0.9829533100128174
YJR084W,YGL178W,0.9999552965164185
YJR084W,YKL116C,0.24224385619163513
YJR084W,YDL214C,0.9995666146278381
YJR084W,YLR362W,0.998767614364624
YJR084W,YER068W,1.2888402844968283e-10
YJR084W,YHR084W,0.10909249633550644
YJR084W,YDR392W,0.9968950748443604
YJR084W,YNL053W,0.9999936819076538
YJR084W,YGR040W,0.9998059868812561
YJR084W,YDL216C,0.9997969269752502
YJR084W,YOL117W,0.9991902709007263
YJR084W,YJR086W,0.9973891377449036
YJR084W,YMR025W,0.998503565788269
YJR084W,YBR081C,1.0
YJR084W,YFL026W,8.398565398692881e-08
YJR084W,YHL007C,1.0
YJR084W,YNR044W,0.9902308583259583
YJR084W,YNL271C,0.9999825954437256
YJR084W,YDR200C,0.9993466734886169
YJR084W,YKL178C,0.9999998807907104
YJR084W,YOR212W,0.9990346431732178
YJR084W,YOL111C,2.8837246190960286e-06
YJR084W,YGL032C,1.3028126488734415e-07
YJR084W,YHR005C,0.9999380111694336
YJR084W,YDR103W,0.9963304400444031
YJR084W,YCL032W,0.999735414981842
YJR084W,YJL170C,0.9872781038284302
YJR084W,YDR179C,8.678271098010259e-18
YJR084W,YBR095C,0.999019980430603
YJR084W,YLL021W,0.9988252520561218
YJR084W,YDL159W,7.236557166834245e-07
YJR084W,YNL161W,0.9983581900596619
YJR084W,YNL188W,0.9996659755706787
YJR084W,YJL157C,0.007621048018336296
YJR084W,YJL034W,3.546686165242785e-12
YJR084W,YLR238W,0.9990203380584717
YJR084W,YPR141C,0.9992577433586121
YJR084W,YNL127W,0.9999973773956299
YJR084W,YCL055W,6.024736649123952e-05
YJR084W,YPR122W,0.998428463935852
YJR084W,YMR065W,0.9573740363121033
YJR084W,YDR356W,0.9992419481277466
YJR084W,YMR052W,0.9995477795600891
YJR084W,YFR008W,0.9369784593582153
YJR084W,YLL043W,0.9992520213127136
YJR084W,YMR029C,0.9994175434112549
YJR084W,YJR004C,7.339636795222759e-05
YJR084W,YDL223C,4.432901189676229e-14
YJR084W,YHR158C,0.9996559619903564
YJR084W,YGR238C,7.925996925450818e-08
YJR084W,YIL015W,0.9999189376831055
YJR084W,YGL173C,0.9998650550842285
YJR084W,YDL225W,0.9999639987945557
YJR084W,YLR330W,0.12314135581254959
YJR084W,YBR129C,0.9973737001419067
YJR084W,YKR095W-A,0.2020167112350464
YJR084W,YPR075C,8.258964953711256e-05
YJR084W,YMR198W,0.9863992929458618
YJR084W,YOR127W,0.9999709129333496
YJR084W,YDR264C,0.9999401569366455
YJR084W,YLR110C,0.998376727104187
YJR084W,YDR379W,0.998481810092926
YJR084W,YDL100C,0.9998360872268677
YJR084W,YHR073W,0.9998615980148315
YJR084W,YJR090C,0.9991932511329651
YJR084W,YOR208W,0.9999698400497437
YJR084W,YBR040W,0.9999979734420776
YJR084W,YNL279W,0.9988910555839539
YJR084W,YER075C,0.9924351572990417
YJR084W,YCR089W,0.2528286278247833
YJR084W,YCR002C,0.9999133348464966
YJR084W,YJL108C,0.9949231743812561
YJR084W,YBR200W,5.990340468997601e-06
YJR084W,YIL026C,0.9999997615814209
YJR084W,YJR076C,0.9996181726455688
YJR084W,YKR031C,0.9998393058776855
YJR084W,YPL192C,0.9962544441223145
YJR084W,YHR107C,0.9995014667510986
YJR084W,YIL037C,0.22493810951709747
YJR084W,YPL156C,0.9992382526397705
YJR084W,YIL117C,0.9999974966049194
YJR084W,YHR066W,8.307002546774356e-13
YJR084W,YML085C,0.9999631643295288
YJR084W,YML047C,0.999146580696106
YJR084W,YDR312W,0.9999959468841553
YJR084W,YFL037W,0.9998854398727417
YJR084W,YDL038C,0.2020167112350464
YJR084W,YDL039C,2.3086163309926633e-06
YJR084W,YCL027W,0.9999915361404419
YJR084W,YML124C,0.20996548235416412
YJR084W,YGL053W,0.9999635219573975
YJR084W,YMR232W,0.9947094917297363
YJR084W,YNL298W,0.9999409914016724
YJR084W,YGL099W,0.9993195533752441
YJR084W,YBL016W,0.00033887699828483164
YJR084W,YAL041W,0.9999994039535522
YJR084W,YDR085C,0.9999911785125732
YJR084W,YPL187W,0.9999316930770874
YJR084W,YPL256C,0.7358114123344421
YJR084W,YDR461W,1.0064649114127633e-09
YJR084W,YNL145W,6.131365080364048e-05
YOL001W,YDL165W,2.062742225916736e-07
YOL001W,YGR059W,2.340001803435854e-10
YOL001W,YBR109C,2.2111310045147547e-06
YOL001W,YJL080C,4.616124371636943e-09
YOL001W,YCR093W,6.113286588060873e-08
YOL001W,YIL122W,1.0040611009287659e-08
YOL001W,YCL029C,3.0889466332006954e-12
YOL001W,YNL173C,0.05316191911697388
YOL001W,YLR452C,0.01469533983618021
YOL001W,YDL160C,0.001358340261504054
YOL001W,YLR229C,4.611893444916859e-08
YOL001W,YML057W,3.2628580726168366e-08
YOL001W,YER149C,4.259994700744896e-12
YOL001W,YMR305C,1.606251842645179e-08
YOL001W,YLR433C,3.219194582015916e-07
YOL001W,YJL073W,9.220216270477977e-06
YOL001W,YGR279C,3.079869202338159e-06
YOL001W,YKL190W,3.135305166532265e-12
YOL001W,YGL089C,0.011298732832074165
YOL001W,YJL019W,1.1753812032111455e-05
YOL001W,YJL018W,0.06773807108402252
YOL001W,YNR032C-A,0.03466108813881874
YOL001W,YGL178W,1.8866934681227576e-09
YOL001W,YKL116C,5.7798795751295984e-05
YOL001W,YDL214C,0.08198349922895432
YOL001W,YLR362W,1.240971073457331e-06
YOL001W,YER068W,2.2567888890989707e-07
YOL001W,YHR084W,0.0014846517005935311
YOL001W,YDR392W,4.4180544023220136e-07
YOL001W,YNL053W,2.068821049761027e-05
YOL001W,YGR040W,0.0002495511434972286
YOL001W,YDL216C,4.529825814577823e-14
YOL001W,YOL117W,2.4602238649085173e-13
YOL001W,YJR086W,0.01952061615884304
YOL001W,YMR025W,2.787364827838701e-08
YOL001W,YBR081C,0.0006745352875441313
YOL001W,YFL026W,0.007840532809495926
YOL001W,YHL007C,0.0005865325219929218
YOL001W,YNR044W,2.56937255471712e-07
YOL001W,YNL271C,0.00024141986796166748
YOL001W,YDR200C,2.9786166422240967e-08
YOL001W,YKL178C,3.6981177231609763e-07
YOL001W,YOR212W,0.057488489896059036
YOL001W,YOL111C,0.00977738294750452
YOL001W,YGL032C,5.645379701491038e-07
YOL001W,YHR005C,2.3425532162946183e-06
YOL001W,YDR103W,5.809821601587828e-08
YOL001W,YJR084W,1.545851091577788e-07
YOL001W,YCL032W,0.06771967560052872
YOL001W,YJL170C,3.175074425598723e-06
YOL001W,YDR179C,2.111735675214277e-09
YOL001W,YBR095C,0.033008065074682236
YOL001W,YLL021W,0.000510451034642756
YOL001W,YDL159W,6.099101312884159e-08
YOL001W,YNL161W,0.0009817889658734202
YOL001W,YNL188W,1.8424628142610366e-11
YOL001W,YJL157C,6.400721098975826e-12
YOL001W,YJL034W,3.2854544799664534e-18
YOL001W,YLR238W,9.478591891820543e-06
YOL001W,YPR141C,3.023389183454128e-07
YOL001W,YNL127W,8.381725820072461e-06
YOL001W,YCL055W,1.2332312948615254e-09
YOL001W,YPR122W,3.0992181043743017e-10
YOL001W,YMR065W,1.4575010709449998e-07
YOL001W,YDR356W,1.3103675655656843e-07
YOL001W,YMR052W,0.001214152667671442
YOL001W,YFR008W,1.2322463589953259e-05
YOL001W,YLL043W,3.639675583144708e-08
YOL001W,YMR029C,1.5041738687937567e-10
YOL001W,YJR004C,0.37131500244140625
YOL001W,YDL223C,8.761595609030337e-07
YOL001W,YHR158C,4.981402526027523e-06
YOL001W,YGR238C,1.1295895092189312e-05
YOL001W,YIL015W,0.9352529048919678
YOL001W,YGL173C,0.00014809059211984277
YOL001W,YDL225W,5.079588845546823e-06
YOL001W,YLR330W,6.560463106097814e-08
YOL001W,YBR129C,0.00025368164642713964
YOL001W,YKR095W-A,0.2020167112350464
YOL001W,YPR075C,6.746893177478341e-08
YOL001W,YMR198W,2.248874807264656e-06
YOL001W,YOR127W,3.6288277271978586e-08
YOL001W,YDR264C,2.993398862116692e-10
YOL001W,YLR110C,0.3338288962841034
YOL001W,YDR379W,1.6065428098954726e-08
YOL001W,YDL100C,1.587645709344443e-10
YOL001W,YHR073W,3.0203367714420892e-05
YOL001W,YJR090C,2.644444219157549e-09
YOL001W,YOR208W,1.1356227958003728e-07
YOL001W,YBR040W,0.9894391894340515
YOL001W,YNL279W,0.0783543512225151
YOL001W,YER075C,0.07679247856140137
YOL001W,YCR089W,0.00991498026996851
YOL001W,YCR002C,0.680345356464386
YOL001W,YJL108C,0.0029827284161001444
YOL001W,YBR200W,1.2418863661878277e-06
YOL001W,YIL026C,0.7434378862380981
YOL001W,YJR076C,2.0156010194227747e-09
YOL001W,YKR031C,1.845615656748123e-06
YOL001W,YPL192C,0.0044977134093642235
YOL001W,YHR107C,0.00026697019347921014
YOL001W,YIL037C,0.9277594685554504
YOL001W,YPL156C,3.3293069634510175e-08
YOL001W,YIL117C,1.9889434543785e-10
YOL001W,YHR066W,4.574224001405456e-19
YOL001W,YML085C,5.7813561937791746e-08
YOL001W,YML047C,0.0005768756382167339
YOL001W,YDR312W,3.624299279181287e-05
YOL001W,YFL037W,8.750207780394703e-05
YOL001W,YDL038C,0.2020167112350464
YOL001W,YDL039C,4.629051468008104e-16
YOL001W,YCL027W,6.286256393650547e-06
YOL001W,YML124C,3.758117657071125e-07
YOL001W,YGL053W,3.2452298626139964e-09
YOL001W,YMR232W,2.1587862647720613e-05
YOL001W,YNL298W,2.4150629542418756e-05
YOL001W,YGL099W,2.2995594144148424e-12
YOL001W,YBL016W,5.502151452674298e-06
YOL001W,YAL041W,1.1360457392584067e-06
YOL001W,YDR085C,2.0590659732810934e-10
YOL001W,YPL187W,7.847896631574258e-05
YOL001W,YPL256C,7.491183851016103e-08
YOL001W,YDR461W,4.3728518583918685e-09
YOL001W,YNL145W,6.996611773502082e-05
tT(CGU)K,YDL165W,0.4006677269935608
tT(CGU)K,YGR059W,3.396161901036976e-06
tT(CGU)K,YBR109C,0.0004924859968014061
tT(CGU)K,YJL080C,6.164235401229234e-06
tT(CGU)K,YCR093W,0.002292825374752283
tT(CGU)K,YIL122W,0.3613848090171814
tT(CGU)K,YCL029C,0.005458521191030741
tT(CGU)K,YNL173C,0.0009728011209517717
tT(CGU)K,YLR452C,6.657291123701725e-06
tT(CGU)K,YDL160C,1.0923483841907e-06
tT(CGU)K,YLR229C,0.25036653876304626
tT(CGU)K,YML057W,0.0021113005932420492
tT(CGU)K,YER149C,0.0008736627642065287
tT(CGU)K,YMR305C,0.04031027480959892
tT(CGU)K,YLR433C,0.00590924546122551
tT(CGU)K,YJL073W,1.4170713257044554e-05
tT(CGU)K,YGR279C,0.0019205276621505618
tT(CGU)K,YKL190W,0.008458614349365234
tT(CGU)K,YGL089C,6.940750608919188e-05
tT(CGU)K,YJL019W,2.2686667762172874e-06
tT(CGU)K,YJL018W,0.2020167112350464
tT(CGU)K,YNR032C-A,0.0004069121787324548
tT(CGU)K,YGL178W,0.107033371925354
tT(CGU)K,YKL116C,0.0004334384575486183
tT(CGU)K,YDL214C,0.0005573329399339855
tT(CGU)K,YLR362W,0.2816477119922638
tT(CGU)K,YER068W,0.0006796789821237326
tT(CGU)K,YHR084W,6.206735997693613e-05
tT(CGU)K,YDR392W,0.013070845976471901
tT(CGU)K,YNL053W,0.00025988719426095486
tT(CGU)K,YGR040W,0.00047685872414149344
tT(CGU)K,YDL216C,0.012449372559785843
tT(CGU)K,YOL117W,0.0001864474907051772
tT(CGU)K,YJR086W,0.00026303535560145974
tT(CGU)K,YMR025W,2.6169245757046156e-05
tT(CGU)K,YBR081C,0.004447841085493565
tT(CGU)K,YFL026W,0.00011639796139206737
tT(CGU)K,YHL007C,0.002450053347274661
tT(CGU)K,YNR044W,0.0003575109294615686
tT(CGU)K,YNL271C,0.0023784993682056665
tT(CGU)K,YDR200C,0.003294308204203844
tT(CGU)K,YKL178C,2.827994649123866e-06
tT(CGU)K,YOR212W,0.00015332084149122238
tT(CGU)K,YOL111C,0.8774161338806152
tT(CGU)K,YGL032C,7.11681366283301e-07
tT(CGU)K,YHR005C,0.000504801981151104
tT(CGU)K,YDR103W,0.010735020972788334
tT(CGU)K,YJR084W,0.15067437291145325
tT(CGU)K,YCL032W,0.05143366754055023
tT(CGU)K,YJL170C,0.0005359212518669665
tT(CGU)K,YDR179C,0.0004832798149436712
tT(CGU)K,YBR095C,0.0146036297082901
tT(CGU)K,YLL021W,8.219217124860734e-05
tT(CGU)K,YDL159W,0.00023554150538984686
tT(CGU)K,YNL161W,0.0002156664850190282
tT(CGU)K,YNL188W,4.903851618109911e-07
tT(CGU)K,YJL157C,6.85508211972774e-06
tT(CGU)K,YJL034W,0.05211864784359932
tT(CGU)K,YLR238W,0.00020190348732285202
tT(CGU)K,YPR141C,0.003558299969881773
tT(CGU)K,YNL127W,0.010383731685578823
tT(CGU)K,YCL055W,0.00036549349897541106
tT(CGU)K,YPR122W,0.04163273796439171
tT(CGU)K,YMR065W,0.0007654246874153614
tT(CGU)K,YDR356W,0.00024733258760534227
tT(CGU)K,YMR052W,9.76173032540828e-06
tT(CGU)K,YFR008W,0.013271370902657509
tT(CGU)K,YLL043W,0.04611712694168091
tT(CGU)K,YMR029C,1.2542883268906735e-05
tT(CGU)K,YJR004C,0.00010032187128672376
tT(CGU)K,YDL223C,0.00029179846751503646
tT(CGU)K,YHR158C,1.7081865735235624e-05
tT(CGU)K,YGR238C,5.521660568774678e-05
tT(CGU)K,YIL015W,5.4219930461840704e-05
tT(CGU)K,YGL173C,0.0012734284391626716
tT(CGU)K,YDL225W,5.909901119593997e-07
tT(CGU)K,YLR330W,1.0081543223350309e-05
tT(CGU)K,YBR129C,1.6374879123759456e-05
tT(CGU)K,YKR095W-A,0.2020167112350464
tT(CGU)K,YPR075C,0.00015985964273568243
tT(CGU)K,YMR198W,0.0008109930204227567
tT(CGU)K,YOR127W,0.27916914224624634
tT(CGU)K,YDR264C,0.2041465789079666
tT(CGU)K,YLR110C,0.011359951458871365
tT(CGU)K,YDR379W,6.514584583783289e-06
tT(CGU)K,YDL100C,6.343990435198066e-07
tT(CGU)K,YHR073W,0.010205026715993881
tT(CGU)K,YJR090C,0.03805414214730263
tT(CGU)K,YOR208W,8.2758444477804e-05
tT(CGU)K,YBR040W,2.417952782707289e-05
tT(CGU)K,YNL279W,4.802165858563967e-05
tT(CGU)K,YER075C,0.03162064403295517
tT(CGU)K,YCR089W,0.09057489037513733
tT(CGU)K,YCR002C,0.026929961517453194
tT(CGU)K,YJL108C,0.005060951225459576
tT(CGU)K,YBR200W,0.0006620974163524806
tT(CGU)K,YIL026C,0.004144011531025171
tT(CGU)K,YJR076C,0.0003141554188914597
tT(CGU)K,YKR031C,0.0009471086086705327
tT(CGU)K,YPL192C,1.0869219977394096e-06
tT(CGU)K,YHR107C,0.00019399051961954683
tT(CGU)K,YIL037C,1.7172511945773294e-07
tT(CGU)K,YPL156C,0.02770887315273285
tT(CGU)K,YIL117C,0.0032943286933004856
tT(CGU)K,YHR066W,0.0015871275682002306
tT(CGU)K,YML085C,0.0004913116572424769
tT(CGU)K,YML047C,3.9754388126311824e-05
tT(CGU)K,YDR312W,6.67439144308446e-06
tT(CGU)K,YFL037W,0.0014399031642824411
tT(CGU)K,YDL038C,0.2020167112350464
tT(CGU)K,YDL039C,0.0015561447944492102
tT(CGU)K,YCL027W,0.00046095685684122145
tT(CGU)K,YML124C,8.194956171792e-05
tT(CGU)K,YGL053W,0.0023481156677007675
tT(CGU)K,YMR232W,0.00025556283071637154
tT(CGU)K,YNL298W,0.03818190097808838
tT(CGU)K,YGL099W,0.00042615365236997604
tT(CGU)K,YBL016W,0.0008822872187010944
tT(CGU)K,YAL041W,0.0005597213748842478
tT(CGU)K,YDR085C,0.00033189254463650286
tT(CGU)K,YPL187W,2.8733245926559903e-05
tT(CGU)K,YPL256C,2.999914613610599e-06
tT(CGU)K,YDR461W,0.00021998964075464755
tT(CGU)K,YNL145W,0.00018234574235975742
YDL045C,YDL165W,3.2957029466595955e-11
YDL045C,YGR059W,2.7979624519502977e-06
YDL045C,YBR109C,1.9443525955953334e-10
YDL045C,YJL080C,5.290874014463043e-06
YDL045C,YCR093W,0.9304459095001221
YDL045C,YIL122W,0.24925069510936737
YDL045C,YCL029C,6.362392213077328e-08
YDL045C,YNL173C,5.083159976493334e-06
YDL045C,YLR452C,7.669505208696137e-08
YDL045C,YDL160C,0.9771665334701538
YDL045C,YLR229C,0.48443353176116943
YDL045C,YML057W,1.0370444947227497e-08
YDL045C,YER149C,0.9716264605522156
YDL045C,YMR305C,0.6993911266326904
YDL045C,YLR433C,0.9948078989982605
YDL045C,YJL073W,3.776347724110396e-13
YDL045C,YGR279C,0.4795316457748413
YDL045C,YKL190W,5.093991603644099e-06
YDL045C,YGL089C,0.38026848435401917
YDL045C,YJL019W,0.00027395089273341
YDL045C,YJL018W,0.002151341177523136
YDL045C,YNR032C-A,0.3728101849555969
YDL045C,YGL178W,0.017626529559493065
YDL045C,YKL116C,3.720340924218135e-09
YDL045C,YDL214C,0.036420006304979324
YDL045C,YLR362W,2.001771370885308e-08
YDL045C,YER068W,5.573543362946687e-11
YDL045C,YHR084W,0.1347983181476593
YDL045C,YDR392W,2.549980422372755e-07
YDL045C,YNL053W,0.0016886988887563348
YDL045C,YGR040W,0.9987391829490662
YDL045C,YDL216C,0.00012425414752215147
YDL045C,YOL117W,0.004039261024445295
YDL045C,YJR086W,4.950391667080112e-05
YDL045C,YMR025W,0.9996066689491272
YDL045C,YBR081C,0.004710482433438301
YDL045C,YFL026W,0.00011067088780691847
YDL045C,YHL007C,0.0003201544750481844
YDL045C,YNR044W,0.0018967015203088522
YDL045C,YNL271C,0.9985389709472656
YDL045C,YDR200C,0.0002170308434870094
YDL045C,YKL178C,0.008756846189498901
YDL045C,YOR212W,4.2037507228087634e-05
YDL045C,YOL111C,0.002573650097474456
YDL045C,YGL032C,3.057812447693209e-09
YDL045C,YHR005C,0.00014059912064112723
YDL045C,YDR103W,0.015997350215911865
YDL045C,YJR084W,0.9831158518791199
YDL045C,YCL032W,0.6980851888656616
YDL045C,YJL170C,0.0001320919836871326
YDL045C,YDR179C,8.420162900257822e-10
YDL045C,YBR095C,3.641360137862648e-07
YDL045C,YLL021W,0.981554388999939
YDL045C,YDL159W,0.33208587765693665
YDL045C,YNL161W,0.0020373070146888494
YDL045C,YNL188W,1.3265891141145403e-07
YDL045C,YJL157C,3.1583588224748382e-06
YDL045C,YJL034W,1.3620956576185228e-12
YDL045C,YLR238W,2.593362466996041e-07
YDL045C,YPR141C,0.5558319687843323
YDL045C,YNL127W,1.1166894964276253e-08
YDL045C,YCL055W,6.249557918636128e-05
YDL045C,YPR122W,0.9997377991676331
YDL045C,YMR065W,0.0003659446374513209
YDL045C,YDR356W,1.1224789560972158e-15
YDL045C,YMR052W,1.6141069636432803e-06
YDL045C,YFR008W,0.005604723934084177
YDL045C,YLL043W,6.093834059583969e-08
YDL045C,YMR029C,3.843176455120556e-05
YDL045C,YJR004C,1.8350137381828446e-11
YDL045C,YDL223C,0.0012909809593111277
YDL045C,YHR158C,0.0014917317312210798
YDL045C,YGR238C,1.0667431524780113e-06
YDL045C,YIL015W,5.304350452206563e-07
YDL045C,YGL173C,0.680665910243988
YDL045C,YDL225W,3.9588536537848995e-07
YDL045C,YLR330W,3.0871822218614398e-06
YDL045C,YBR129C,0.00014049846504349262
YDL045C,YKR095W-A,0.2020167112350464
YDL045C,YPR075C,0.0018593673594295979
YDL045C,YMR198W,0.01270830538123846
YDL045C,YOR127W,0.9766668081283569
YDL045C,YDR264C,0.10931529104709625
YDL045C,YLR110C,0.02863571234047413
YDL045C,YDR379W,1.312501717620762e-05
YDL045C,YDL100C,0.2245565503835678
YDL045C,YHR073W,0.0035111962351948023
YDL045C,YJR090C,0.27092695236206055
YDL045C,YOR208W,1.8951600111449807e-07
YDL045C,YBR040W,0.003055426524952054
YDL045C,YNL279W,0.003364112926647067
YDL045C,YER075C,5.9920148487435654e-05
YDL045C,YCR089W,7.460276378878916e-07
YDL045C,YCR002C,0.00278907991014421
YDL045C,YJL108C,0.17992320656776428
YDL045C,YBR200W,1.8176575622419477e-07
YDL045C,YIL026C,0.1122373417019844
YDL045C,YJR076C,1.854141729040748e-08
YDL045C,YKR031C,0.02937108278274536
YDL045C,YPL192C,0.0031846414785832167
YDL045C,YHR107C,0.0003270525485277176
YDL045C,YIL037C,3.4236853707625414e-07
YDL045C,YPL156C,0.4132100045681
YDL045C,YIL117C,0.00020559492986649275
YDL045C,YHR066W,1.0755257716428592e-18
YDL045C,YML085C,0.9884508848190308
YDL045C,YML047C,0.041705936193466187
YDL045C,YDR312W,3.474438017292414e-07
YDL045C,YFL037W,0.6749618649482727
YDL045C,YDL038C,0.2020167112350464
YDL045C,YDL039C,1.0623232436952901e-13
YDL045C,YCL027W,0.9914023280143738
YDL045C,YML124C,7.08657898940146e-06
YDL045C,YGL053W,1.0270402306389315e-09
YDL045C,YMR232W,0.007743393070995808
YDL045C,YNL298W,5.160105865797959e-05
YDL045C,YGL099W,1.9699386655247508e-07
YDL045C,YBL016W,1.7364732984859188e-09
YDL045C,YAL041W,0.4410400390625
YDL045C,YDR085C,2.099574203384691e-07
YDL045C,YPL187W,0.07153750211000443
YDL045C,YPL256C,5.4966444622550625e-06
YDL045C,YDR461W,2.70528544010773e-10
YDL045C,YNL145W,1.3098341300477045e-09
YBR084C-A,YDL165W,1.3081268923978429e-12
YBR084C-A,YGR059W,3.631142831079029e-14
YBR084C-A,YBR109C,2.1909692804911174e-05
YBR084C-A,YJL080C,7.449919081636835e-08
YBR084C-A,YCR093W,2.717654581374518e-07
YBR084C-A,YIL122W,0.0003627376863732934
YBR084C-A,YCL029C,2.032093417148051e-11
YBR084C-A,YNL173C,0.006440738216042519
YBR084C-A,YLR452C,4.4265985321700896e-10
YBR084C-A,YDL160C,0.00024101762392092496
YBR084C-A,YLR229C,4.114298745444556e-12
YBR084C-A,YML057W,1.946203094516097e-11
YBR084C-A,YER149C,2.3567300888593934e-11
YBR084C-A,YMR305C,5.875454745125908e-13
YBR084C-A,YLR433C,9.786180044102366e-08
YBR084C-A,YJL073W,3.3012983635671844e-07
YBR084C-A,YGR279C,2.2038273983504553e-11
YBR084C-A,YKL190W,9.886503213083802e-18
YBR084C-A,YGL089C,0.000540594570338726
YBR084C-A,YJL019W,1.083083733810497e-09
YBR084C-A,YJL018W,0.000149461833643727
YBR084C-A,YNR032C-A,0.0019180229865014553
YBR084C-A,YGL178W,9.7525255964492e-16
YBR084C-A,YKL116C,3.4905531156453895e-13
YBR084C-A,YDL214C,5.2347080782055855e-05
YBR084C-A,YLR362W,3.0155125087510254e-14
YBR084C-A,YER068W,2.659593878462374e-09
YBR084C-A,YHR084W,5.0535788119303315e-14
YBR084C-A,YDR392W,1.815781205949385e-11
YBR084C-A,YNL053W,3.397078451872204e-11
YBR084C-A,YGR040W,3.591075170561453e-08
YBR084C-A,YDL216C,1.1980498584307497e-06
YBR084C-A,YOL117W,1.654097431941226e-12
YBR084C-A,YJR086W,9.170976795758179e-07
YBR084C-A,YMR025W,2.3273406313251144e-08
YBR084C-A,YBR081C,3.3821851275206427e-07
YBR084C-A,YFL026W,6.319447742875184e-11
YBR084C-A,YHL007C,5.142363757038027e-10
YBR084C-A,YNR044W,0.016250088810920715
YBR084C-A,YNL271C,3.180405983016499e-08
YBR084C-A,YDR200C,3.963039034715621e-07
YBR084C-A,YKL178C,2.2109975308937102e-11
YBR084C-A,YOR212W,3.3963164014494396e-07
YBR084C-A,YOL111C,1.6001053563738377e-12
YBR084C-A,YGL032C,1.371863191934608e-07
YBR084C-A,YHR005C,2.4915498215705156e-05
YBR084C-A,YDR103W,7.51204538573802e-08
YBR084C-A,YJR084W,2.7478523900725804e-09
YBR084C-A,YCL032W,5.2234608999279786e-11
YBR084C-A,YJL170C,7.154894410632551e-05
YBR084C-A,YDR179C,1.3758042448352992e-11
YBR084C-A,YBR095C,1.9064700929050105e-09
YBR084C-A,YLL021W,1.7764349713456085e-10
YBR084C-A,YDL159W,0.00010380005551269278
YBR084C-A,YNL161W,8.74545094120549e-07
YBR084C-A,YNL188W,2.6716836032392166e-07
YBR084C-A,YJL157C,7.028227419535529e-14
YBR084C-A,YJL034W,1.0314773124173171e-12
YBR084C-A,YLR238W,6.163754733279347e-07
YBR084C-A,YPR141C,2.2066609850804434e-16
YBR084C-A,YNL127W,0.0002916471567004919
YBR084C-A,YCL055W,1.637451694621781e-15
YBR084C-A,YPR122W,0.0023448027204722166
YBR084C-A,YMR065W,1.1801369481645452e-07
YBR084C-A,YDR356W,1.794454895787112e-08
YBR084C-A,YMR052W,0.0013744079042226076
YBR084C-A,YFR008W,6.591002943423518e-07
YBR084C-A,YLL043W,1.0669924499495664e-08
YBR084C-A,YMR029C,9.926581778785248e-10
YBR084C-A,YJR004C,1.8034718463495183e-16
YBR084C-A,YDL223C,7.065793049273497e-22
YBR084C-A,YHR158C,1.938841101556399e-11
YBR084C-A,YGR238C,1.0568669634397301e-16
YBR084C-A,YIL015W,1.0245425715159503e-15
YBR084C-A,YGL173C,0.00010166608262807131
YBR084C-A,YDL225W,3.876965593008208e-07
YBR084C-A,YLR330W,1.6639335444429762e-14
YBR084C-A,YBR129C,7.109044020126021e-09
YBR084C-A,YKR095W-A,0.2020167112350464
YBR084C-A,YPR075C,1.1958610371485406e-13
YBR084C-A,YMR198W,1.8836713439052133e-11
YBR084C-A,YOR127W,2.2078044947804187e-10
YBR084C-A,YDR264C,5.1116742783019475e-11
YBR084C-A,YLR110C,7.738903376637574e-13
YBR084C-A,YDR379W,0.0007225402514450252
YBR084C-A,YDL100C,7.449318495389434e-09
YBR084C-A,YHR073W,1.2732048922103889e-11
YBR084C-A,YJR090C,3.5812099952181597e-09
YBR084C-A,YOR208W,0.0005322500946931541
YBR084C-A,YBR040W,2.5611160761607188e-11
YBR084C-A,YNL279W,2.5663292980118403e-18
YBR084C-A,YER075C,2.5172473883117163e-08
YBR084C-A,YCR089W,4.569017473393666e-12
YBR084C-A,YCR002C,1.1439019016409348e-15
YBR084C-A,YJL108C,2.3562888529227166e-08
YBR084C-A,YBR200W,1.6078733011681834e-08
YBR084C-A,YIL026C,2.2694904983078246e-11
YBR084C-A,YJR076C,4.5389903391424014e-08
YBR084C-A,YKR031C,4.477690787596522e-11
YBR084C-A,YPL192C,5.246863921115619e-08
YBR084C-A,YHR107C,0.00046326310257427394
YBR084C-A,YIL037C,7.5088335549367e-09
YBR084C-A,YPL156C,2.779388751150691e-06
YBR084C-A,YIL117C,5.700529702142368e-14
YBR084C-A,YHR066W,1.6452808893063775e-08
YBR084C-A,YML085C,2.130720854647335e-26
YBR084C-A,YML047C,0.9677367210388184
YBR084C-A,YDR312W,9.803180489598162e-08
YBR084C-A,YFL037W,4.6390665374929085e-05
YBR084C-A,YDL038C,0.2020167112350464
YBR084C-A,YDL039C,7.478816285884371e-13
YBR084C-A,YCL027W,1.675752245300366e-11
YBR084C-A,YML124C,9.494245494644292e-24
YBR084C-A,YGL053W,3.575492257823498e-08
YBR084C-A,YMR232W,0.8420396447181702
YBR084C-A,YNL298W,8.119294216157869e-05
YBR084C-A,YGL099W,5.6044252592436e-15
YBR084C-A,YBL016W,8.424980949821009e-18
YBR084C-A,YAL041W,3.7678427133869263e-07
YBR084C-A,YDR085C,0.5221619606018066
YBR084C-A,YPL187W,2.9096506750647677e-06
YBR084C-A,YPL256C,2.0997508176634483e-09
YBR084C-A,YDR461W,1.2937943872342727e-16
YBR084C-A,YNL145W,9.636800905876708e-14
tG(GCC)F1,YDL165W,0.2020167112350464
tG(GCC)F1,YGR059W,0.2020167112350464
tG(GCC)F1,YBR109C,0.2020167112350464
tG(GCC)F1,YJL080C,0.2020167112350464
tG(GCC)F1,YCR093W,0.2020167112350464
tG(GCC)F1,YIL122W,0.2020167112350464
tG(GCC)F1,YCL029C,0.2020167112350464
tG(GCC)F1,YNL173C,0.2020167112350464
tG(GCC)F1,YLR452C,0.2020167112350464
tG(GCC)F1,YDL160C,0.2020167112350464
tG(GCC)F1,YLR229C,0.2020167112350464
tG(GCC)F1,YML057W,0.2020167112350464
tG(GCC)F1,YER149C,0.2020167112350464
tG(GCC)F1,YMR305C,0.2020167112350464
tG(GCC)F1,YLR433C,0.2020167112350464
tG(GCC)F1,YJL073W,0.2020167112350464
tG(GCC)F1,YGR279C,0.2020167112350464
tG(GCC)F1,YKL190W,0.2020167112350464
tG(GCC)F1,YGL089C,0.2020167112350464
tG(GCC)F1,YJL019W,0.2020167112350464
tG(GCC)F1,YJL018W,0.2020167112350464
tG(GCC)F1,YNR032C-A,0.2020167112350464
tG(GCC)F1,YGL178W,0.2020167112350464
tG(GCC)F1,YKL116C,0.2020167112350464
tG(GCC)F1,YDL214C,0.2020167112350464
tG(GCC)F1,YLR362W,0.2020167112350464
tG(GCC)F1,YER068W,0.2020167112350464
tG(GCC)F1,YHR084W,0.2020167112350464
tG(GCC)F1,YDR392W,0.2020167112350464
tG(GCC)F1,YNL053W,0.2020167112350464
tG(GCC)F1,YGR040W,0.2020167112350464
tG(GCC)F1,YDL216C,0.2020167112350464
tG(GCC)F1,YOL117W,0.2020167112350464
tG(GCC)F1,YJR086W,0.2020167112350464
tG(GCC)F1,YMR025W,0.2020167112350464
tG(GCC)F1,YBR081C,0.2020167112350464
tG(GCC)F1,YFL026W,0.2020167112350464
tG(GCC)F1,YHL007C,0.2020167112350464
tG(GCC)F1,YNR044W,0.2020167112350464
tG(GCC)F1,YNL271C,0.2020167112350464
tG(GCC)F1,YDR200C,0.2020167112350464
tG(GCC)F1,YKL178C,0.2020167112350464
tG(GCC)F1,YOR212W,0.2020167112350464
tG(GCC)F1,YOL111C,0.2020167112350464
tG(GCC)F1,YGL032C,0.2020167112350464
tG(GCC)F1,YHR005C,0.2020167112350464
tG(GCC)F1,YDR103W,0.2020167112350464
tG(GCC)F1,YJR084W,0.2020167112350464
tG(GCC)F1,YCL032W,0.2020167112350464
tG(GCC)F1,YJL170C,0.2020167112350464
tG(GCC)F1,YDR179C,0.2020167112350464
tG(GCC)F1,YBR095C,0.2020167112350464
tG(GCC)F1,YLL021W,0.2020167112350464
tG(GCC)F1,YDL159W,0.2020167112350464
tG(GCC)F1,YNL161W,0.2020167112350464
tG(GCC)F1,YNL188W,0.2020167112350464
tG(GCC)F1,YJL157C,0.2020167112350464
tG(GCC)F1,YJL034W,0.2020167112350464
tG(GCC)F1,YLR238W,0.2020167112350464
tG(GCC)F1,YPR141C,0.2020167112350464
tG(GCC)F1,YNL127W,0.2020167112350464
tG(GCC)F1,YCL055W,0.2020167112350464
tG(GCC)F1,YPR122W,0.2020167112350464
tG(GCC)F1,YMR065W,0.2020167112350464
tG(GCC)F1,YDR356W,0.2020167112350464
tG(GCC)F1,YMR052W,0.2020167112350464
tG(GCC)F1,YFR008W,0.2020167112350464
tG(GCC)F1,YLL043W,0.2020167112350464
tG(GCC)F1,YMR029C,0.2020167112350464
tG(GCC)F1,YJR004C,0.2020167112350464
tG(GCC)F1,YDL223C,0.2020167112350464
tG(GCC)F1,YHR158C,0.2020167112350464
tG(GCC)F1,YGR238C,0.2020167112350464
tG(GCC)F1,YIL015W,0.2020167112350464
tG(GCC)F1,YGL173C,0.2020167112350464
tG(GCC)F1,YDL225W,0.2020167112350464
tG(GCC)F1,YLR330W,0.2020167112350464
tG(GCC)F1,YBR129C,0.2020167112350464
tG(GCC)F1,YKR095W-A,0.2020167112350464
tG(GCC)F1,YPR075C,0.2020167112350464
tG(GCC)F1,YMR198W,0.2020167112350464
tG(GCC)F1,YOR127W,0.2020167112350464
tG(GCC)F1,YDR264C,0.2020167112350464
tG(GCC)F1,YLR110C,0.2020167112350464
tG(GCC)F1,YDR379W,0.2020167112350464
tG(GCC)F1,YDL100C,0.2020167112350464
tG(GCC)F1,YHR073W,0.2020167112350464
tG(GCC)F1,YJR090C,0.2020167112350464
tG(GCC)F1,YOR208W,0.2020167112350464
tG(GCC)F1,YBR040W,0.2020167112350464
tG(GCC)F1,YNL279W,0.2020167112350464
tG(GCC)F1,YER075C,0.2020167112350464
tG(GCC)F1,YCR089W,0.2020167112350464
tG(GCC)F1,YCR002C,0.2020167112350464
tG(GCC)F1,YJL108C,0.2020167112350464
tG(GCC)F1,YBR200W,0.2020167112350464
tG(GCC)F1,YIL026C,0.2020167112350464
tG(GCC)F1,YJR076C,0.2020167112350464
tG(GCC)F1,YKR031C,0.2020167112350464
tG(GCC)F1,YPL192C,0.2020167112350464
tG(GCC)F1,YHR107C,0.2020167112350464
tG(GCC)F1,YIL037C,0.2020167112350464
tG(GCC)F1,YPL156C,0.2020167112350464
tG(GCC)F1,YIL117C,0.2020167112350464
tG(GCC)F1,YHR066W,0.2020167112350464
tG(GCC)F1,YML085C,0.2020167112350464
tG(GCC)F1,YML047C,0.2020167112350464
tG(GCC)F1,YDR312W,0.2020167112350464
tG(GCC)F1,YFL037W,0.2020167112350464
tG(GCC)F1,YDL038C,0.2020167112350464
tG(GCC)F1,YDL039C,0.2020167112350464
tG(GCC)F1,YCL027W,0.2020167112350464
tG(GCC)F1,YML124C,0.2020167112350464
tG(GCC)F1,YGL053W,0.2020167112350464
tG(GCC)F1,YMR232W,0.2020167112350464
tG(GCC)F1,YNL298W,0.2020167112350464
tG(GCC)F1,YGL099W,0.2020167112350464
tG(GCC)F1,YBL016W,0.2020167112350464
tG(GCC)F1,YAL041W,0.2020167112350464
tG(GCC)F1,YDR085C,0.2020167112350464
tG(GCC)F1,YPL187W,0.2020167112350464
tG(GCC)F1,YPL256C,0.2020167112350464
tG(GCC)F1,YDR461W,0.2020167112350464
tG(GCC)F1,YNL145W,0.2020167112350464
YJL146W,YDL165W,1.5496018477278994e-06
YJL146W,YGR059W,0.01527402549982071
YJL146W,YBR109C,6.474725466887321e-08
YJL146W,YJL080C,1.0164193930961574e-09
YJL146W,YCR093W,0.006690505892038345
YJL146W,YIL122W,6.407356589743785e-11
YJL146W,YCL029C,1.0016213991548284e-06
YJL146W,YNL173C,5.604338184639346e-07
YJL146W,YLR452C,8.595416875323281e-05
YJL146W,YDL160C,8.98929010872962e-06
YJL146W,YLR229C,0.07080777734518051
YJL146W,YML057W,1.1581777759062106e-09
YJL146W,YER149C,0.006093223579227924
YJL146W,YMR305C,0.23155367374420166
YJL146W,YLR433C,7.922404620330781e-05
YJL146W,YJL073W,7.305915317168399e-10
YJL146W,YGR279C,4.250724217058632e-09
YJL146W,YKL190W,8.757245268498082e-06
YJL146W,YGL089C,0.9999972581863403
YJL146W,YJL019W,3.676345672332104e-09
YJL146W,YJL018W,0.13498711585998535
YJL146W,YNR032C-A,0.0002657122095115483
YJL146W,YGL178W,8.797106602287386e-06
YJL146W,YKL116C,0.9481168389320374
YJL146W,YDL214C,1.466277171857655e-05
YJL146W,YLR362W,2.1420579199293854e-10
YJL146W,YER068W,6.858652534802445e-10
YJL146W,YHR084W,0.0026606253813952208
YJL146W,YDR392W,5.521072310443742e-08
YJL146W,YNL053W,2.7189277496120212e-09
YJL146W,YGR040W,0.16331981122493744
YJL146W,YDL216C,3.813113289652392e-05
YJL146W,YOL117W,1.745508959594133e-09
YJL146W,YJR086W,2.475933615642134e-05
YJL146W,YMR025W,1.5906267435639165e-05
YJL146W,YBR081C,0.05543510243296623
YJL146W,YFL026W,2.3104131940954176e-09
YJL146W,YHL007C,2.9003838790231384e-05
YJL146W,YNR044W,2.9906146664870903e-05
YJL146W,YNL271C,0.008198798634111881
YJL146W,YDR200C,7.3377455009904224e-06
YJL146W,YKL178C,1.7063890481949784e-05
YJL146W,YOR212W,7.509581223530404e-08
YJL146W,YOL111C,8.74464389788443e-12
YJL146W,YGL032C,0.0018016762332990766
YJL146W,YHR005C,1.0397900496172952e-07
YJL146W,YDR103W,6.93291804054752e-05
YJL146W,YJR084W,3.3097556695338426e-08
YJL146W,YCL032W,1.4284265489550307e-05
YJL146W,YJL170C,4.4520914732615324e-11
YJL146W,YDR179C,2.173918683956444e-11
YJL146W,YBR095C,2.808064346027095e-05
YJL146W,YLL021W,0.003204360604286194
YJL146W,YDL159W,0.002103213919326663
YJL146W,YNL161W,0.0008618297288194299
YJL146W,YNL188W,1.7411579122939003e-11
YJL146W,YJL157C,2.873657400925822e-08
YJL146W,YJL034W,3.184434324305513e-13
YJL146W,YLR238W,5.572087583005647e-11
YJL146W,YPR141C,5.416381100076251e-05
YJL146W,YNL127W,0.0014373405138030648
YJL146W,YCL055W,2.9286784410942346e-06
YJL146W,YPR122W,0.0005602497840300202
YJL146W,YMR065W,0.8299967646598816
YJL146W,YDR356W,4.6828012045807554e-07
YJL146W,YMR052W,0.00035060985828749835
YJL146W,YFR008W,1.3054560721542739e-14
YJL146W,YLL043W,7.77413886304118e-14
YJL146W,YMR029C,4.093488769285614e-06
YJL146W,YJR004C,5.914851612942584e-07
YJL146W,YDL223C,4.87019891082241e-09
YJL146W,YHR158C,1.715673533908557e-05
YJL146W,YGR238C,0.018746381625533104
YJL146W,YIL015W,0.4121631383895874
YJL146W,YGL173C,0.0013463206123560667
YJL146W,YDL225W,4.63034630229231e-05
YJL146W,YLR330W,6.6751502905053415e-15
YJL146W,YBR129C,0.004160141572356224
YJL146W,YKR095W-A,0.2020167112350464
YJL146W,YPR075C,1.2935213664078127e-11
YJL146W,YMR198W,8.60372828537237e-10
YJL146W,YOR127W,0.38461530208587646
YJL146W,YDR264C,0.0057529788464307785
YJL146W,YLR110C,1.0777966053865384e-05
YJL146W,YDR379W,0.005040301475673914
YJL146W,YDL100C,1.0948809176625218e-05
YJL146W,YHR073W,0.016459889709949493
YJL146W,YJR090C,2.8479603315645363e-06
YJL146W,YOR208W,2.6003105918492864e-12
YJL146W,YBR040W,9.629331179894507e-05
YJL146W,YNL279W,0.0008623891626484692
YJL146W,YER075C,0.0004577426880132407
YJL146W,YCR089W,3.1317223814220085e-10
YJL146W,YCR002C,0.19724828004837036
YJL146W,YJL108C,9.630260456271189e-14
YJL146W,YBR200W,3.3530664950376377e-05
YJL146W,YIL026C,0.003915018867701292
YJL146W,YJR076C,1.227790107805049e-06
YJL146W,YKR031C,0.0020481650717556477
YJL146W,YPL192C,0.8475233316421509
YJL146W,YHR107C,1.2673172932409216e-05
YJL146W,YIL037C,2.8610538937989816e-10
YJL146W,YPL156C,1.3019806344161111e-09
YJL146W,YIL117C,1.0153532457479741e-05
YJL146W,YHR066W,1.760311505449863e-07
YJL146W,YML085C,2.2209172811926692e-07
YJL146W,YML047C,5.663278443535091e-06
YJL146W,YDR312W,0.6285061240196228
YJL146W,YFL037W,1.6409059000466186e-08
YJL146W,YDL038C,0.2020167112350464
YJL146W,YDL039C,6.408303250028669e-13
YJL146W,YCL027W,0.0004123076796531677
YJL146W,YML124C,0.03235369920730591
YJL146W,YGL053W,1.9872922862873565e-08
YJL146W,YMR232W,6.560474867001176e-05
YJL146W,YNL298W,4.011887540400494e-06
YJL146W,YGL099W,3.5983643442705215e-07
YJL146W,YBL016W,2.1208568341535283e-06
YJL146W,YAL041W,0.0001792554830899462
YJL146W,YDR085C,2.0824354578508064e-05
YJL146W,YPL187W,0.013237456791102886
YJL146W,YPL256C,8.966551945377432e-10
YJL146W,YDR461W,0.0006481838645413518
YJL146W,YNL145W,7.421376358252019e-05
YHL003C,YDL165W,0.007349530700594187
YHL003C,YGR059W,0.0005383495590649545
YHL003C,YBR109C,5.912037352728827e-12
YHL003C,YJL080C,7.263612454566637e-12
YHL003C,YCR093W,0.020217252895236015
YHL003C,YIL122W,2.6203986180917127e-07
YHL003C,YCL029C,1.0744895462266868e-06
YHL003C,YNL173C,1.977306601474993e-05
YHL003C,YLR452C,0.9718969464302063
YHL003C,YDL160C,1.5528118721408468e-11
YHL003C,YLR229C,7.811021873749269e-07
YHL003C,YML057W,4.105560336142844e-11
YHL003C,YER149C,2.7551465109354467e-07
YHL003C,YMR305C,3.2150396234165157e-10
YHL003C,YLR433C,0.0011168156052008271
YHL003C,YJL073W,8.919200013973727e-14
YHL003C,YGR279C,0.0020699105225503445
YHL003C,YKL190W,0.00147726119030267
YHL003C,YGL089C,0.002696970012038946
YHL003C,YJL019W,0.16386599838733673
YHL003C,YJL018W,0.0011662751203402877
YHL003C,YNR032C-A,7.227288006106392e-05
YHL003C,YGL178W,7.2665820880502e-06
YHL003C,YKL116C,2.17085882603385e-09
YHL003C,YDL214C,0.9213243722915649
YHL003C,YLR362W,1.0323688911739737e-05
YHL003C,YER068W,6.801599283789983e-08
YHL003C,YHR084W,0.7992842197418213
YHL003C,YDR392W,3.366421424289001e-06
YHL003C,YNL053W,0.8294776082038879
YHL003C,YGR040W,0.8867995142936707
YHL003C,YDL216C,0.0007930853753350675
YHL003C,YOL117W,7.853514603084477e-07
YHL003C,YJR086W,0.18119743466377258
YHL003C,YMR025W,0.0019607197027653456
YHL003C,YBR081C,0.005677811801433563
YHL003C,YFL026W,0.0010918311309069395
YHL003C,YHL007C,1.8833245007954247e-07
YHL003C,YNR044W,0.8151215314865112
YHL003C,YNL271C,1.5617429127701143e-08
YHL003C,YDR200C,2.949871458213238e-09
YHL003C,YKL178C,9.207506809616461e-05
YHL003C,YOR212W,8.818780042929575e-05
YHL003C,YOL111C,1.4698684935865458e-07
YHL003C,YGL032C,0.5810785293579102
YHL003C,YHR005C,0.9917776584625244
YHL003C,YDR103W,0.6076909899711609
YHL003C,YJR084W,0.034295666962862015
YHL003C,YCL032W,0.029566941782832146
YHL003C,YJL170C,0.031050341203808784
YHL003C,YDR179C,9.397324902238324e-06
YHL003C,YBR095C,0.9999831914901733
YHL003C,YLL021W,1.52484142290632e-06
YHL003C,YDL159W,2.992962890857598e-07
YHL003C,YNL161W,7.052392447803868e-08
YHL003C,YNL188W,1.0988255780830514e-05
YHL003C,YJL157C,0.5904679298400879
YHL003C,YJL034W,5.530620938998254e-08
YHL003C,YLR238W,1.0820713214343414e-06
YHL003C,YPR141C,4.153010735308271e-08
YHL003C,YNL127W,1.7298928014497506e-06
YHL003C,YCL055W,0.00013820664025843143
YHL003C,YPR122W,0.4897864758968353
YHL003C,YMR065W,0.1571827530860901
YHL003C,YDR356W,0.039548903703689575
YHL003C,YMR052W,1.6680600012364266e-08
YHL003C,YFR008W,0.02133440226316452
YHL003C,YLL043W,1.8741994067816847e-11
YHL003C,YMR029C,6.020412183715962e-05
YHL003C,YJR004C,2.0073386508556723e-07
YHL003C,YDL223C,3.0041456654120516e-14
YHL003C,YHR158C,0.0020354483276605606
YHL003C,YGR238C,7.1939960655242885e-09
YHL003C,YIL015W,0.9989691972732544
YHL003C,YGL173C,0.00019164207333233207
YHL003C,YDL225W,0.03038198873400688
YHL003C,YLR330W,5.61813476451789e-06
YHL003C,YBR129C,2.835174382198602e-05
YHL003C,YKR095W-A,0.2020167112350464
YHL003C,YPR075C,2.285679762287511e-16
YHL003C,YMR198W,0.00021917377307545394
YHL003C,YOR127W,3.815503077930771e-05
YHL003C,YDR264C,4.5012558985035866e-05
YHL003C,YLR110C,1.8774581889147157e-08
YHL003C,YDR379W,0.001590430736541748
YHL003C,YDL100C,6.22632917446353e-11
YHL003C,YHR073W,1.9037591414416966e-07
YHL003C,YJR090C,1.1184916881568086e-10
YHL003C,YOR208W,3.226681997148262e-07
YHL003C,YBR040W,0.9910334944725037
YHL003C,YNL279W,0.6024285554885864
YHL003C,YER075C,6.980833688885468e-08
YHL003C,YCR089W,7.538728397094019e-08
YHL003C,YCR002C,1.9580893422244117e-05
YHL003C,YJL108C,0.9993858337402344
YHL003C,YBR200W,0.15384195744991302
YHL003C,YIL026C,1.0969388313242234e-05
YHL003C,YJR076C,1.6530950233573094e-05
YHL003C,YKR031C,0.6687102317810059
YHL003C,YPL192C,1.4205768366082339e-06
YHL003C,YHR107C,2.111138486249331e-10
YHL003C,YIL037C,0.008823677897453308
YHL003C,YPL156C,1.2462292753746135e-13
YHL003C,YIL117C,4.48616699344484e-09
YHL003C,YHR066W,3.2072452561530853e-16
YHL003C,YML085C,4.388861718496173e-09
YHL003C,YML047C,0.18948578834533691
YHL003C,YDR312W,1.3570029544496265e-08
YHL003C,YFL037W,1.1021933232768788e-06
YHL003C,YDL038C,0.2020167112350464
YHL003C,YDL039C,3.579159063853317e-14
YHL003C,YCL027W,0.9971133470535278
YHL003C,YML124C,1.5161410321651303e-11
YHL003C,YGL053W,3.1620718345948262e-06
YHL003C,YMR232W,5.553204562858127e-10
YHL003C,YNL298W,0.9998751878738403
YHL003C,YGL099W,2.77160761008588e-09
YHL003C,YBL016W,0.9675047993659973
YHL003C,YAL041W,0.4624316394329071
YHL003C,YDR085C,0.38876640796661377
YHL003C,YPL187W,0.9837719798088074
YHL003C,YPL256C,1.0698474106618505e-08
YHL003C,YDR461W,9.692592328747196e-08
YHL003C,YNL145W,5.884727705129933e-10
YDR074W,YDL165W,3.0797261274528864e-07
YDR074W,YGR059W,1.3092671391490285e-09
YDR074W,YBR109C,0.7740746140480042
YDR074W,YJL080C,7.809643989276083e-07
YDR074W,YCR093W,4.803790488949744e-06
YDR074W,YIL122W,0.04775845259428024
YDR074W,YCL029C,2.247298354352001e-11
YDR074W,YNL173C,1.2398712279093616e-08
YDR074W,YLR452C,7.08430161466822e-06
YDR074W,YDL160C,0.0003333880740683526
YDR074W,YLR229C,7.356694595728186e-07
YDR074W,YML057W,1.0943633830086744e-13
YDR074W,YER149C,0.005468724761158228
YDR074W,YMR305C,1.469359972361417e-06
YDR074W,YLR433C,0.0005811758455820382
YDR074W,YJL073W,1.5925040385138805e-18
YDR074W,YGR279C,0.0008116934332065284
YDR074W,YKL190W,1.7610385327770928e-07
YDR074W,YGL089C,0.0020243264734745026
YDR074W,YJL019W,1.3351569627673143e-08
YDR074W,YJL018W,0.024785414338111877
YDR074W,YNR032C-A,0.15518668293952942
YDR074W,YGL178W,0.02512640878558159
YDR074W,YKL116C,9.964112024363203e-08
YDR074W,YDL214C,0.7924739718437195
YDR074W,YLR362W,0.0004993948386982083
YDR074W,YER068W,3.8190339779475835e-09
YDR074W,YHR084W,1.9994479535316145e-15
YDR074W,YDR392W,1.0585561073528371e-11
YDR074W,YNL053W,0.01617409661412239
YDR074W,YGR040W,0.22963488101959229
YDR074W,YDL216C,0.317335307598114
YDR074W,YOL117W,0.010731942020356655
YDR074W,YJR086W,1.201138729811646e-06
YDR074W,YMR025W,0.004157418385148048
YDR074W,YBR081C,0.07024599611759186
YDR074W,YFL026W,0.00024164760543499142
YDR074W,YHL007C,3.711160823094417e-10
YDR074W,YNR044W,0.0329316072165966
YDR074W,YNL271C,0.05624239519238472
YDR074W,YDR200C,0.0007374412380158901
YDR074W,YKL178C,0.03118877299129963
YDR074W,YOR212W,3.487254218725866e-08
YDR074W,YOL111C,1.3690452760783955e-05
YDR074W,YGL032C,3.772540058122331e-09
YDR074W,YHR005C,0.027869153767824173
YDR074W,YDR103W,0.003325988771393895
YDR074W,YJR084W,0.00017401904915459454
YDR074W,YCL032W,0.001836906187236309
YDR074W,YJL170C,0.0006331601180136204
YDR074W,YDR179C,1.741353762574338e-11
YDR074W,YBR095C,0.0002878131635952741
YDR074W,YLL021W,6.003408998367377e-06
YDR074W,YDL159W,1.7775349192561407e-08
YDR074W,YNL161W,0.9683691263198853
YDR074W,YNL188W,3.943140536311063e-10
YDR074W,YJL157C,1.8556986664120815e-19
YDR074W,YJL034W,4.0786363002254244e-13
YDR074W,YLR238W,0.0004031157586723566
YDR074W,YPR141C,5.965931416419823e-13
YDR074W,YNL127W,3.2631582143949345e-05
YDR074W,YCL055W,0.00033819457166828215
YDR074W,YPR122W,6.028733992025082e-07
YDR074W,YMR065W,0.3203548192977905
YDR074W,YDR356W,0.00010570327867753804
YDR074W,YMR052W,0.014231005683541298
YDR074W,YFR008W,1.8113087418836216e-11
YDR074W,YLL043W,0.03821127861738205
YDR074W,YMR029C,0.004789343103766441
YDR074W,YJR004C,5.81576387048699e-07
YDR074W,YDL223C,1.3856728264816098e-10
YDR074W,YHR158C,0.0012543895281851292
YDR074W,YGR238C,7.917820994407521e-07
YDR074W,YIL015W,0.08309134840965271
YDR074W,YGL173C,0.1432032436132431
YDR074W,YDL225W,0.15050393342971802
YDR074W,YLR330W,1.1276948264082876e-09
YDR074W,YBR129C,0.08455697447061539
YDR074W,YKR095W-A,0.2020167112350464
YDR074W,YPR075C,2.2904094976183842e-07
YDR074W,YMR198W,1.1403589184055818e-07
YDR074W,YOR127W,2.262133648400777e-06
YDR074W,YDR264C,0.00012442097067832947
YDR074W,YLR110C,9.030803482801275e-08
YDR074W,YDR379W,9.91593515209388e-06
YDR074W,YDL100C,6.982947553524355e-09
YDR074W,YHR073W,0.16554385423660278
YDR074W,YJR090C,0.011610224843025208
YDR074W,YOR208W,7.999246065537591e-08
YDR074W,YBR040W,1.674282543717709e-07
YDR074W,YNL279W,2.2177782454946282e-07
YDR074W,YER075C,0.011989381164312363
YDR074W,YCR089W,9.337242659057665e-07
YDR074W,YCR002C,0.0022541689686477184
YDR074W,YJL108C,1.3958099565059001e-08
YDR074W,YBR200W,2.5362259847838686e-08
YDR074W,YIL026C,3.711798091110552e-10
YDR074W,YJR076C,6.635833074142283e-07
YDR074W,YKR031C,0.44867557287216187
YDR074W,YPL192C,9.792313626633131e-10
YDR074W,YHR107C,0.11360244452953339
YDR074W,YIL037C,5.723371288013368e-08
YDR074W,YPL156C,0.9966452717781067
YDR074W,YIL117C,0.0005485673318617046
YDR074W,YHR066W,1.4026033732638037e-21
YDR074W,YML085C,1.8892320952090813e-07
YDR074W,YML047C,0.006555883213877678
YDR074W,YDR312W,0.07494121044874191
YDR074W,YFL037W,2.965824530409833e-10
YDR074W,YDL038C,0.2020167112350464
YDR074W,YDL039C,4.057572766669182e-08
YDR074W,YCL027W,0.00018315845227334648
YDR074W,YML124C,0.0002038755192188546
YDR074W,YGL053W,3.714560048440063e-10
YDR074W,YMR232W,0.7053250074386597
YDR074W,YNL298W,0.3790700435638428
YDR074W,YGL099W,7.908814391149183e-15
YDR074W,YBL016W,3.85689050141913e-11
YDR074W,YAL041W,0.017629079520702362
YDR074W,YDR085C,0.0011949815088883042
YDR074W,YPL187W,0.008720300160348415
YDR074W,YPL256C,5.385195067653115e-10
YDR074W,YDR461W,4.564785913629618e-15
YDR074W,YNL145W,1.5811054936420987e-06
YNL298W,YDL165W,0.9910701513290405
YNL298W,YGR059W,1.3201444104549154e-10
YNL298W,YBR109C,0.9754586815834045
YNL298W,YJL080C,0.9995429515838623
YNL298W,YCR093W,0.9999141693115234
YNL298W,YIL122W,0.9986439347267151
YNL298W,YCL029C,3.602453375606274e-07
YNL298W,YNL173C,0.9999555349349976
YNL298W,YLR452C,0.9999043941497803
YNL298W,YDL160C,0.9979471564292908
YNL298W,YLR229C,0.9973357319831848
YNL298W,YML057W,0.999975323677063
YNL298W,YER149C,0.9995309114456177
YNL298W,YMR305C,0.9889687299728394
YNL298W,YLR433C,0.997642457485199
YNL298W,YJL073W,7.297646487103293e-09
YNL298W,YGR279C,0.9998217225074768
YNL298W,YKL190W,0.9999605417251587
YNL298W,YGL089C,0.9987169504165649
YNL298W,YJL019W,0.9998998641967773
YNL298W,YJL018W,0.00038534789928235114
YNL298W,YNR032C-A,0.9963067770004272
YNL298W,YGL178W,0.9982105493545532
YNL298W,YKL116C,3.3062079740631134e-09
YNL298W,YDL214C,0.9999912977218628
YNL298W,YLR362W,0.9998612403869629
YNL298W,YER068W,5.0971502787433565e-06
YNL298W,YHR084W,0.9093371629714966
YNL298W,YDR392W,0.9988996982574463
YNL298W,YNL053W,0.999803364276886
YNL298W,YGR040W,0.9921407699584961
YNL298W,YDL216C,0.9800335764884949
YNL298W,YOL117W,0.6043948531150818
YNL298W,YJR086W,0.9988836646080017
YNL298W,YMR025W,0.992171049118042
YNL298W,YBR081C,0.9992467164993286
YNL298W,YFL026W,0.999993085861206
YNL298W,YHL007C,0.9986974596977234
YNL298W,YNR044W,0.9997087121009827
YNL298W,YNL271C,0.9999963045120239
YNL298W,YDR200C,0.98270583152771
YNL298W,YKL178C,0.9999808073043823
YNL298W,YOR212W,0.9992928504943848
YNL298W,YOL111C,2.8016533537567057e-09
YNL298W,YGL032C,0.008736216463148594
YNL298W,YHR005C,0.9971656203269958
YNL298W,YDR103W,0.9963020086288452
YNL298W,YJR084W,0.9999409914016724
YNL298W,YCL032W,0.9963163137435913
YNL298W,YJL170C,0.9990406632423401
YNL298W,YDR179C,1.8026466820988962e-12
YNL298W,YBR095C,0.9941818118095398
YNL298W,YLL021W,0.9999974966049194
YNL298W,YDL159W,5.8105773664829385e-11
YNL298W,YNL161W,0.9999600648880005
YNL298W,YNL188W,0.9999761581420898
YNL298W,YJL157C,0.9510473012924194
YNL298W,YJL034W,1.464160570563422e-09
YNL298W,YLR238W,0.9997101426124573
YNL298W,YPR141C,0.9999655485153198
YNL298W,YNL127W,0.999377965927124
YNL298W,YCL055W,1.0571261921388242e-10
YNL298W,YPR122W,0.9996008276939392
YNL298W,YMR065W,0.9990676045417786
YNL298W,YDR356W,0.9998557567596436
YNL298W,YMR052W,0.9925119876861572
YNL298W,YFR008W,0.997535228729248
YNL298W,YLL043W,0.9999589920043945
YNL298W,YMR029C,0.9992823004722595
YNL298W,YJR004C,9.219822345585271e-07
YNL298W,YDL223C,1.281105141970329e-06
YNL298W,YHR158C,0.9999995231628418
YNL298W,YGR238C,0.0007299988064914942
YNL298W,YIL015W,0.9999942779541016
YNL298W,YGL173C,0.9998206496238708
YNL298W,YDL225W,0.9963067770004272
YNL298W,YLR330W,4.520200945989927e-06
YNL298W,YBR129C,0.9973050355911255
YNL298W,YKR095W-A,0.2020167112350464
YNL298W,YPR075C,0.0054397061467170715
YNL298W,YMR198W,0.9998937845230103
YNL298W,YOR127W,0.9987565279006958
YNL298W,YDR264C,0.9994418025016785
YNL298W,YLR110C,0.9999011754989624
YNL298W,YDR379W,0.9995574355125427
YNL298W,YDL100C,0.9834905862808228
YNL298W,YHR073W,0.9971989393234253
YNL298W,YJR090C,0.9993853569030762
YNL298W,YOR208W,0.999998927116394
YNL298W,YBR040W,0.9991996884346008
YNL298W,YNL279W,0.9999289512634277
YNL298W,YER075C,0.9998133778572083
YNL298W,YCR089W,1.7187815615216095e-09
YNL298W,YCR002C,0.9996293783187866
YNL298W,YJL108C,0.9996770620346069
YNL298W,YBR200W,4.5290970973610456e-08
YNL298W,YIL026C,0.9997841715812683
YNL298W,YJR076C,0.9849633574485779
YNL298W,YKR031C,0.9998898506164551
YNL298W,YPL192C,0.9950205087661743
YNL298W,YHR107C,0.9997574687004089
YNL298W,YIL037C,0.000281786808045581
YNL298W,YPL156C,0.999948263168335
YNL298W,YIL117C,0.9991521835327148
YNL298W,YHR066W,1.572323427012634e-08
YNL298W,YML085C,0.9999982118606567
YNL298W,YML047C,0.9992514252662659
YNL298W,YDR312W,0.99934321641922
YNL298W,YFL037W,0.9999988079071045
YNL298W,YDL038C,0.2020167112350464
YNL298W,YDL039C,3.270156923029788e-10
YNL298W,YCL027W,0.9996249675750732
YNL298W,YML124C,0.0042345160618424416
YNL298W,YGL053W,0.9999922513961792
YNL298W,YMR232W,0.9946080446243286
YNL298W,YGL099W,0.9819061756134033
YNL298W,YBL016W,0.0017326731467619538
YNL298W,YAL041W,0.9971953630447388
YNL298W,YDR085C,0.9990228414535522
YNL298W,YPL187W,0.9953598380088806
YNL298W,YPL256C,0.00021479636779986322
YNL298W,YDR461W,1.5054432145333863e-09
YNL298W,YNL145W,0.004283422138541937
YER159C,YDL165W,6.214094838696838e-08
YER159C,YGR059W,1.002604858513223e-05
YER159C,YBR109C,7.551864911192752e-09
YER159C,YJL080C,1.5708620515475502e-10
YER159C,YCR093W,8.02251452114433e-06
YER159C,YIL122W,3.558925818435664e-15
YER159C,YCL029C,1.5311646504415516e-16
YER159C,YNL173C,5.196613564348078e-21
YER159C,YLR452C,5.58878127776552e-06
YER159C,YDL160C,7.381084632385182e-11
YER159C,YLR229C,6.832219412444829e-08
YER159C,YML057W,1.5771363842719335e-14
YER159C,YER149C,0.004158832132816315
YER159C,YMR305C,9.525611233129894e-08
YER159C,YLR433C,8.239063754444942e-05
YER159C,YJL073W,7.48862985511245e-11
YER159C,YGR279C,1.1886104080149895e-11
YER159C,YKL190W,4.1544758085099165e-12
YER159C,YGL089C,3.0328749289765256e-06
YER159C,YJL019W,8.142225500600009e-14
YER159C,YJL018W,0.00015446453471668065
YER159C,YNR032C-A,0.005192985758185387
YER159C,YGL178W,2.0896563057704043e-07
YER159C,YKL116C,4.1389308647055145e-10
YER159C,YDL214C,7.928628240061464e-12
YER159C,YLR362W,3.161029482612321e-08
YER159C,YER068W,0.011356065049767494
YER159C,YHR084W,1.0018774219133775e-06
YER159C,YDR392W,1.787418454416681e-15
YER159C,YNL053W,5.651200396528111e-09
YER159C,YGR040W,3.010211813148089e-08
YER159C,YDL216C,1.6947228744383148e-15
YER159C,YOL117W,7.013243319420326e-10
YER159C,YJR086W,3.5972238642684173e-12
YER159C,YMR025W,7.258748181519781e-13
YER159C,YBR081C,0.3224475383758545
YER159C,YFL026W,1.1804273469806503e-07
YER159C,YHL007C,2.5583601903633735e-09
YER159C,YNR044W,2.5090780564340776e-09
YER159C,YNL271C,1.6177470474332267e-09
YER159C,YDR200C,4.528828867478296e-08
YER159C,YKL178C,0.003410528413951397
YER159C,YOR212W,3.599167484935606e-06
YER159C,YOL111C,1.3672029126610141e-05
YER159C,YGL032C,0.0005162730230949819
YER159C,YHR005C,8.825142699953048e-11
YER159C,YDR103W,3.873122409459029e-07
YER159C,YJR084W,1.8529073361292395e-16
YER159C,YCL032W,1.846605113216647e-17
YER159C,YJL170C,2.633179576605471e-07
YER159C,YDR179C,7.222875075818536e-11
YER159C,YBR095C,1.997793770691647e-11
YER159C,YLL021W,4.092227001706306e-09
YER159C,YDL159W,2.619714070239282e-13
YER159C,YNL161W,0.6361034512519836
YER159C,YNL188W,0.00010847964585991576
YER159C,YJL157C,8.841538488013612e-07
YER159C,YJL034W,8.635839048692004e-17
YER159C,YLR238W,1.748493572151233e-10
YER159C,YPR141C,4.041191641590558e-05
YER159C,YNL127W,4.12754310730179e-08
YER159C,YCL055W,2.016588743862824e-17
YER159C,YPR122W,0.005672405939549208
YER159C,YMR065W,9.67523010331206e-06
YER159C,YDR356W,0.2646113932132721
YER159C,YMR052W,1.1547097306108256e-10
YER159C,YFR008W,1.038068450642804e-10
YER159C,YLL043W,0.006010127253830433
YER159C,YMR029C,9.09217234834614e-09
YER159C,YJR004C,0.02140175551176071
YER159C,YDL223C,1.420832802523364e-07
YER159C,YHR158C,1.7185190017698915e-06
YER159C,YGR238C,1.6626194110358483e-06
YER159C,YIL015W,0.00012715489719994366
YER159C,YGL173C,0.0002102035068674013
YER159C,YDL225W,5.38333599919838e-10
YER159C,YLR330W,1.6697842397661589e-07
YER159C,YBR129C,6.038581705070101e-05
YER159C,YKR095W-A,0.2020167112350464
YER159C,YPR075C,9.431974515652919e-13
YER159C,YMR198W,2.169738593238435e-07
YER159C,YOR127W,0.004135831259191036
YER159C,YDR264C,8.575229068497059e-12
YER159C,YLR110C,1.0988839004393816e-16
YER159C,YDR379W,0.0031771662179380655
YER159C,YDL100C,0.05464627966284752
YER159C,YHR073W,0.049864061176776886
YER159C,YJR090C,2.9522480460286715e-08
YER159C,YOR208W,7.221441225221687e-15
YER159C,YBR040W,8.342283763340674e-06
YER159C,YNL279W,5.821757298463126e-08
YER159C,YER075C,4.511798579187598e-06
YER159C,YCR089W,5.350599963094282e-07
YER159C,YCR002C,4.494800123211462e-06
YER159C,YJL108C,2.1221985946340283e-08
YER159C,YBR200W,3.586952512790731e-09
YER159C,YIL026C,0.001910121412947774
YER159C,YJR076C,8.292710163004813e-07
YER159C,YKR031C,0.00014198424469213933
YER159C,YPL192C,1.612969754205551e-06
YER159C,YHR107C,9.776771406344587e-13
YER159C,YIL037C,1.8076588048643316e-07
YER159C,YPL156C,1.6609268982392678e-07
YER159C,YIL117C,1.5197146319145816e-10
YER159C,YHR066W,9.92014692613452e-10
YER159C,YML085C,1.0316764947559628e-15
YER159C,YML047C,0.0009595243027433753
YER159C,YDR312W,1.0931657016044483e-05
YER159C,YFL037W,2.79260039385724e-16
YER159C,YDL038C,0.2020167112350464
YER159C,YDL039C,1.2632105084176004e-10
YER159C,YCL027W,2.563859402560098e-10
YER159C,YML124C,2.159280211942304e-16
YER159C,YGL053W,1.1097819719225433e-16
YER159C,YMR232W,1.1719428982814861e-07
YER159C,YNL298W,9.634680253611805e-08
YER159C,YGL099W,7.517619635998072e-16
YER159C,YBL016W,2.4217881218646653e-05
YER159C,YAL041W,6.914865025464678e-06
YER159C,YDR085C,1.3469940540744574e-07
YER159C,YPL187W,1.0804473760117617e-08
YER159C,YPL256C,8.338449830787298e-13
YER159C,YDR461W,3.228578244150828e-17
YER159C,YNL145W,7.214018893364482e-08
YGR140W,YDL165W,2.4816751084677513e-11
YGR140W,YGR059W,1.7162115478752682e-11
YGR140W,YBR109C,3.1950939671787637e-09
YGR140W,YJL080C,5.632328452520596e-07
YGR140W,YCR093W,2.8728121833410114e-05
YGR140W,YIL122W,5.329116314900517e-11
YGR140W,YCL029C,1.312307060978915e-13
YGR140W,YNL173C,2.7224189569352575e-10
YGR140W,YLR452C,0.999961256980896
YGR140W,YDL160C,5.573381827161938e-07
YGR140W,YLR229C,2.973835400155167e-09
YGR140W,YML057W,2.9857377421144138e-12
YGR140W,YER149C,2.1030355128459632e-05
YGR140W,YMR305C,4.934611570206471e-05
YGR140W,YLR433C,0.8057961463928223
YGR140W,YJL073W,3.1472225714423985e-08
YGR140W,YGR279C,4.936589448334416e-07
YGR140W,YKL190W,0.0013444479554891586
YGR140W,YGL089C,1.3113342447468312e-06
YGR140W,YJL019W,2.3693975670369127e-09
YGR140W,YJL018W,0.034725651144981384
YGR140W,YNR032C-A,0.46514683961868286
YGR140W,YGL178W,1.468494247092167e-06
YGR140W,YKL116C,3.377128086867742e-05
YGR140W,YDL214C,2.4337936110896408e-09
YGR140W,YLR362W,4.027768341074989e-09
YGR140W,YER068W,5.322747711034026e-06
YGR140W,YHR084W,0.8807836174964905
YGR140W,YDR392W,0.0010469789849594235
YGR140W,YNL053W,0.0006880058790557086
YGR140W,YGR040W,3.217448352188512e-07
YGR140W,YDL216C,6.979409050700269e-08
YGR140W,YOL117W,4.2824084556247755e-11
YGR140W,YJR086W,2.742599690463976e-06
YGR140W,YMR025W,0.0013748175697401166
YGR140W,YBR081C,0.030404187738895416
YGR140W,YFL026W,0.9981983304023743
YGR140W,YHL007C,1.1551277623311762e-07
YGR140W,YNR044W,0.9999822378158569
YGR140W,YNL271C,0.008703629486262798
YGR140W,YDR200C,3.6053806979907677e-05
YGR140W,YKL178C,3.713345169548132e-12
YGR140W,YOR212W,4.363861989986617e-06
YGR140W,YOL111C,1.5620160720430931e-09
YGR140W,YGL032C,0.9439526796340942
YGR140W,YHR005C,0.02128964103758335
YGR140W,YDR103W,6.160027623991482e-06
YGR140W,YJR084W,2.870447588065872e-06
YGR140W,YCL032W,3.542739712703025e-11
YGR140W,YJL170C,6.059440420358442e-05
YGR140W,YDR179C,1.69930896021242e-08
YGR140W,YBR095C,1.7746356206771452e-07
YGR140W,YLL021W,1.2358807452983456e-06
YGR140W,YDL159W,1.530975866914641e-11
YGR140W,YNL161W,2.0981092418992375e-09
YGR140W,YNL188W,0.9720162153244019
YGR140W,YJL157C,5.0546044803922996e-05
YGR140W,YJL034W,3.712364582408867e-10
YGR140W,YLR238W,0.007424467708915472
YGR140W,YPR141C,0.00926164910197258
YGR140W,YNL127W,3.325712327750807e-07
YGR140W,YCL055W,4.3621542999972007e-07
YGR140W,YPR122W,0.00046167869004420936
YGR140W,YMR065W,0.0642419084906578
YGR140W,YDR356W,3.8922209455449774e-08
YGR140W,YMR052W,4.659564400988359e-10
YGR140W,YFR008W,0.25917187333106995
YGR140W,YLL043W,0.012304581701755524
YGR140W,YMR029C,1.5937053898795739e-09
YGR140W,YJR004C,0.0011706186924129725
YGR140W,YDL223C,2.811347075276638e-13
YGR140W,YHR158C,0.9988180994987488
YGR140W,YGR238C,0.018669305369257927
YGR140W,YIL015W,0.9343797564506531
YGR140W,YGL173C,9.223431463034615e-10
YGR140W,YDL225W,1.0599184030457565e-10
YGR140W,YLR330W,1.78325376509747e-06
YGR140W,YBR129C,1.4474185263679828e-05
YGR140W,YKR095W-A,0.2020167112350464
YGR140W,YPR075C,2.3960520234567184e-09
YGR140W,YMR198W,0.28066936135292053
YGR140W,YOR127W,0.015933973714709282
YGR140W,YDR264C,3.439275531036401e-07
YGR140W,YLR110C,5.948620762641355e-11
YGR140W,YDR379W,4.025287658748766e-09
YGR140W,YDL100C,8.485726010754036e-12
YGR140W,YHR073W,6.797641116662589e-09
YGR140W,YJR090C,3.848178675980307e-05
YGR140W,YOR208W,1.1197756066394504e-05
YGR140W,YBR040W,0.00018733349861577153
YGR140W,YNL279W,0.00035016407491639256
YGR140W,YER075C,3.4159819506385247e-07
YGR140W,YCR089W,6.671317009931954e-08
YGR140W,YCR002C,1.0294037565472536e-05
YGR140W,YJL108C,1.0751773515949026e-06
YGR140W,YBR200W,4.045179469169824e-11
YGR140W,YIL026C,4.3724321585614234e-05
YGR140W,YJR076C,9.220070933224633e-05
YGR140W,YKR031C,1.3766674911153132e-08
YGR140W,YPL192C,0.0013074757298454642
YGR140W,YHR107C,6.664122031985187e-11
YGR140W,YIL037C,1.0445154463578632e-10
YGR140W,YPL156C,0.9988320469856262
YGR140W,YIL117C,0.035028137266635895
YGR140W,YHR066W,4.649576283342026e-14
YGR140W,YML085C,0.0024495066609233618
YGR140W,YML047C,0.0025085194502025843
YGR140W,YDR312W,8.036704457481392e-06
YGR140W,YFL037W,0.0005496549420058727
YGR140W,YDL038C,0.2020167112350464
YGR140W,YDL039C,2.1522044590938094e-08
YGR140W,YCL027W,0.9149847626686096
YGR140W,YML124C,4.934119779420598e-11
YGR140W,YGL053W,3.928368589624365e-13
YGR140W,YMR232W,0.020574025809764862
YGR140W,YNL298W,1.073543671736843e-07
YGR140W,YGL099W,4.3990303311147727e-07
YGR140W,YBL016W,0.002407342428341508
YGR140W,YAL041W,0.012176983058452606
YGR140W,YDR085C,9.156075897465143e-09
YGR140W,YPL187W,4.789573040397954e-07
YGR140W,YPL256C,1.957111180672655e-06
YGR140W,YDR461W,0.00011568634363356978
YGR140W,YNL145W,1.2379214240354486e-06
YIR022W,YDL165W,1.9245660620725857e-09
YIR022W,YGR059W,9.230438679022623e-13
YIR022W,YBR109C,8.983993211586494e-06
YIR022W,YJL080C,5.313238293780387e-09
YIR022W,YCR093W,0.11414498090744019
YIR022W,YIL122W,4.884201487698192e-08
YIR022W,YCL029C,2.7922212068529073e-13
YIR022W,YNL173C,8.653104899281061e-09
YIR022W,YLR452C,5.938571412400506e-09
YIR022W,YDL160C,9.86655209089804e-07
YIR022W,YLR229C,1.595479481864004e-08
YIR022W,YML057W,2.4434882561763516e-08
YIR022W,YER149C,2.7251347012313687e-11
YIR022W,YMR305C,1.2959904260867461e-08
YIR022W,YLR433C,2.643973675731104e-05
YIR022W,YJL073W,2.5528675905661657e-05
YIR022W,YGR279C,1.336585730982165e-09
YIR022W,YKL190W,7.162924475778709e-07
YIR022W,YGL089C,7.255565287778154e-05
YIR022W,YJL019W,1.5805174877203676e-11
YIR022W,YJL018W,0.0003486132191028446
YIR022W,YNR032C-A,0.5663284659385681
YIR022W,YGL178W,1.6387328993783257e-11
YIR022W,YKL116C,9.361975084054563e-11
YIR022W,YDL214C,0.3137369751930237
YIR022W,YLR362W,2.476136160112219e-06
YIR022W,YER068W,9.227706376790934e-10
YIR022W,YHR084W,3.493738501628152e-12
YIR022W,YDR392W,0.03858105465769768
YIR022W,YNL053W,0.04724771901965141
YIR022W,YGR040W,0.999987006187439
YIR022W,YDL216C,0.8023329377174377
YIR022W,YOL117W,0.9994038343429565
YIR022W,YJR086W,0.18627598881721497
YIR022W,YMR025W,0.00015517785504925996
YIR022W,YBR081C,2.565232364304393e-07
YIR022W,YFL026W,0.0002900120452977717
YIR022W,YHL007C,0.000685292121488601
YIR022W,YNR044W,6.41076953892053e-14
YIR022W,YNL271C,4.696074938692618e-06
YIR022W,YDR200C,6.172121732976599e-13
YIR022W,YKL178C,0.7644236087799072
YIR022W,YOR212W,8.575241211561391e-13
YIR022W,YOL111C,2.917022363674998e-13
YIR022W,YGL032C,0.00010721994476625696
YIR022W,YHR005C,2.7754316533901147e-07
YIR022W,YDR103W,0.009421521797776222
YIR022W,YJR084W,0.9664948582649231
YIR022W,YCL032W,1.523158516647527e-06
YIR022W,YJL170C,1.48875378727098e-05
YIR022W,YDR179C,1.9390982153311143e-09
YIR022W,YBR095C,0.7474890947341919
YIR022W,YLL021W,4.224709471145616e-11
YIR022W,YDL159W,5.235312738882669e-10
YIR022W,YNL161W,2.026915899477899e-05
YIR022W,YNL188W,4.2791995641389136e-11
YIR022W,YJL157C,3.528297098931432e-10
YIR022W,YJL034W,2.6374663564254774e-10
YIR022W,YLR238W,0.0005236975848674774
YIR022W,YPR141C,2.714625746413901e-10
YIR022W,YNL127W,0.050259605050086975
YIR022W,YCL055W,1.8257007923239144e-06
YIR022W,YPR122W,3.624076327923831e-07
YIR022W,YMR065W,4.700211502495222e-05
YIR022W,YDR356W,1.2164141693915553e-08
YIR022W,YMR052W,0.009118654765188694
YIR022W,YFR008W,7.284624970295764e-14
YIR022W,YLL043W,0.7745323777198792
YIR022W,YMR029C,3.543715365594835e-07
YIR022W,YJR004C,4.735055426863255e-06
YIR022W,YDL223C,1.5984328932076158e-13
YIR022W,YHR158C,8.880031998614868e-08
YIR022W,YGR238C,3.285595803774108e-16
YIR022W,YIL015W,4.4823295297646837e-07
YIR022W,YGL173C,5.4597169452108574e-08
YIR022W,YDL225W,2.8862681134000923e-09
YIR022W,YLR330W,0.0025291990023106337
YIR022W,YBR129C,6.166130219753541e-07
YIR022W,YKR095W-A,0.2020167112350464
YIR022W,YPR075C,8.022872644009027e-11
YIR022W,YMR198W,2.16187640944554e-06
YIR022W,YOR127W,0.15621696412563324
YIR022W,YDR264C,4.9207632400793955e-05
YIR022W,YLR110C,7.86659074947238e-05
YIR022W,YDR379W,4.921246272715507e-07
YIR022W,YDL100C,5.185718521261151e-11
YIR022W,YHR073W,5.0157930672867224e-05
YIR022W,YJR090C,0.00697539234533906
YIR022W,YOR208W,7.641455823659271e-08
YIR022W,YBR040W,9.012783408479663e-09
YIR022W,YNL279W,3.8870201279905814e-08
YIR022W,YER075C,1.4633681636247453e-12
YIR022W,YCR089W,1.3531330012028775e-07
YIR022W,YCR002C,1.105104615817254e-06
YIR022W,YJL108C,0.0001611493353266269
YIR022W,YBR200W,0.0001247091277036816
YIR022W,YIL026C,2.3718948582995836e-08
YIR022W,YJR076C,5.183481248394184e-12
YIR022W,YKR031C,0.9262250065803528
YIR022W,YPL192C,0.0003401722351554781
YIR022W,YHR107C,6.650264250756773e-16
YIR022W,YIL037C,3.2797349831525935e-06
YIR022W,YPL156C,4.670656039706955e-08
YIR022W,YIL117C,2.0718914583994774e-08
YIR022W,YHR066W,7.302529070329911e-07
YIR022W,YML085C,1.515356018444436e-07
YIR022W,YML047C,1.9987123067721768e-11
YIR022W,YDR312W,4.635013076473293e-13
YIR022W,YFL037W,1.2102587161610945e-11
YIR022W,YDL038C,0.2020167112350464
YIR022W,YDL039C,1.8112376561681826e-13
YIR022W,YCL027W,2.640612450921509e-10
YIR022W,YML124C,9.240990134565252e-13
YIR022W,YGL053W,1.608944574793547e-11
YIR022W,YMR232W,0.13570143282413483
YIR022W,YNL298W,4.557561439355595e-09
YIR022W,YGL099W,4.7497832333931456e-09
YIR022W,YBL016W,4.72833193043698e-07
YIR022W,YAL041W,1.3346053719942574e-06
YIR022W,YDR085C,5.3649137043976225e-06
YIR022W,YPL187W,0.47713208198547363
YIR022W,YPL256C,2.2950420230927193e-08
YIR022W,YDR461W,1.2286143658002402e-07
YIR022W,YNL145W,0.01092702616006136
YGR284C,YDL165W,7.089210640742749e-08
YGR284C,YGR059W,3.3350555650457636e-10
YGR284C,YBR109C,9.192182431894125e-11
YGR284C,YJL080C,4.965589606165111e-10
YGR284C,YCR093W,0.0022206264548003674
YGR284C,YIL122W,2.897354578479394e-09
YGR284C,YCL029C,4.451394883530106e-15
YGR284C,YNL173C,4.775201887241565e-07
YGR284C,YLR452C,0.08138865977525711
YGR284C,YDL160C,2.257362829993781e-08
YGR284C,YLR229C,0.00011036010982934386
YGR284C,YML057W,2.9298532489008267e-09
YGR284C,YER149C,8.34323054732522e-06
YGR284C,YMR305C,1.5684435900661237e-13
YGR284C,YLR433C,2.4163876737211265e-13
YGR284C,YJL073W,3.0915195403657947e-10
YGR284C,YGR279C,1.2712908503687004e-10
YGR284C,YKL190W,4.066270875568989e-09
YGR284C,YGL089C,2.670768672885515e-08
YGR284C,YJL019W,6.971539456834819e-10
YGR284C,YJL018W,0.2020167112350464
YGR284C,YNR032C-A,7.78731846367009e-05
YGR284C,YGL178W,1.6852718545123935e-06
YGR284C,YKL116C,4.593893709881058e-09
YGR284C,YDL214C,0.0002967668988276273
YGR284C,YLR362W,3.673021331529469e-10
YGR284C,YER068W,7.032548371768699e-13
YGR284C,YHR084W,6.421570475367844e-08
YGR284C,YDR392W,4.288074617608828e-10
YGR284C,YNL053W,1.2871944818471093e-05
YGR284C,YGR040W,6.958637823117897e-05
YGR284C,YDL216C,3.7722254546679324e-06
YGR284C,YOL117W,9.79834453573858e-07
YGR284C,YJR086W,1.2741162436213926e-06
YGR284C,YMR025W,1.4326528798846994e-05
YGR284C,YBR081C,6.685984885734797e-07
YGR284C,YFL026W,1.968607221680685e-11
YGR284C,YHL007C,1.7221680082002422e-07
YGR284C,YNR044W,5.117162249490548e-09
YGR284C,YNL271C,0.00013031817798037082
YGR284C,YDR200C,1.086526146831801e-10
YGR284C,YKL178C,2.4327460934614464e-08
YGR284C,YOR212W,8.028682607630344e-09
YGR284C,YOL111C,9.631335659565643e-12
YGR284C,YGL032C,0.021178657189011574
YGR284C,YHR005C,3.96720906792325e-06
YGR284C,YDR103W,3.262658765379456e-08
YGR284C,YJR084W,5.2550164740539085e-12
YGR284C,YCL032W,5.46748271657016e-11
YGR284C,YJL170C,3.0427534511545673e-05
YGR284C,YDR179C,4.2300901670344615e-10
YGR284C,YBR095C,1.0521329585344574e-07
YGR284C,YLL021W,1.3702837475815244e-11
YGR284C,YDL159W,1.9720280963753112e-10
YGR284C,YNL161W,8.958969743844136e-08
YGR284C,YNL188W,9.453988525365276e-08
YGR284C,YJL157C,2.2885797532241903e-13
YGR284C,YJL034W,1.0018087796206287e-17
YGR284C,YLR238W,2.9387985378548365e-08
YGR284C,YPR141C,1.1592628441393915e-13
YGR284C,YNL127W,1.3047610991634429e-07
YGR284C,YCL055W,1.2196358056826284e-07
YGR284C,YPR122W,6.479089487143597e-11
YGR284C,YMR065W,5.88206830798299e-07
YGR284C,YDR356W,1.3705018836376176e-13
YGR284C,YMR052W,3.83556071028579e-05
YGR284C,YFR008W,7.624719744470099e-10
YGR284C,YLL043W,2.4151440847219874e-09
YGR284C,YMR029C,5.05225652980279e-11
YGR284C,YJR004C,1.5437584544031324e-10
YGR284C,YDL223C,5.6115492298464825e-15
YGR284C,YHR158C,8.305072469738661e-07
YGR284C,YGR238C,3.692186313630774e-12
YGR284C,YIL015W,0.007580659817904234
YGR284C,YGL173C,1.7312348177256354e-07
YGR284C,YDL225W,4.1406688978895545e-05
YGR284C,YLR330W,9.702553205315212e-10
YGR284C,YBR129C,1.816370422602631e-05
YGR284C,YKR095W-A,0.2020167112350464
YGR284C,YPR075C,4.313165102853844e-11
YGR284C,YMR198W,2.1523897047955086e-15
YGR284C,YOR127W,0.028515098616480827
YGR284C,YDR264C,3.475266566965729e-05
YGR284C,YLR110C,1.0073960083900602e-06
YGR284C,YDR379W,3.2017510420701e-08
YGR284C,YDL100C,1.8008408653180652e-10
YGR284C,YHR073W,5.359973783924943e-06
YGR284C,YJR090C,2.348981009703266e-10
YGR284C,YOR208W,1.3334649106211318e-15
YGR284C,YBR040W,0.025241926312446594
YGR284C,YNL279W,0.15741309523582458
YGR284C,YER075C,0.00012263914686627686
YGR284C,YCR089W,3.375751020939788e-06
YGR284C,YCR002C,5.13365648657782e-07
YGR284C,YJL108C,8.562311450077686e-06
YGR284C,YBR200W,0.0008553690277040005
YGR284C,YIL026C,5.064261232590184e-10
YGR284C,YJR076C,1.8939905430670478e-06
YGR284C,YKR031C,2.854464982524757e-13
YGR284C,YPL192C,0.0019339841092005372
YGR284C,YHR107C,2.1681120415451005e-05
YGR284C,YIL037C,0.0012852111831307411
YGR284C,YPL156C,1.6503726385508344e-08
YGR284C,YIL117C,1.532181499730445e-12
YGR284C,YHR066W,9.424541903184716e-14
YGR284C,YML085C,3.6682612858385255e-07
YGR284C,YML047C,2.686190043732495e-07
YGR284C,YDR312W,3.871142122136018e-12
YGR284C,YFL037W,3.078882571116992e-08
YGR284C,YDL038C,0.2020167112350464
YGR284C,YDL039C,1.0142369166743492e-09
YGR284C,YCL027W,0.0004627253219950944
YGR284C,YML124C,2.6036827181037323e-14
YGR284C,YGL053W,3.4846527885434853e-09
YGR284C,YMR232W,5.810778384329751e-05
YGR284C,YNL298W,0.0005051182233728468
YGR284C,YGL099W,1.605362571393057e-13
YGR284C,YBL016W,1.0835605053216568e-06
YGR284C,YAL041W,5.0942785492225084e-06
YGR284C,YDR085C,2.5399582881391325e-08
YGR284C,YPL187W,0.9664452075958252
YGR284C,YPL256C,1.4836344234936405e-05
YGR284C,YDR461W,2.5642335477193967e-12
YGR284C,YNL145W,1.471298499700069e-10
YHR132C,YDL165W,3.553613936446709e-08
YHR132C,YGR059W,4.389046015518261e-09
YHR132C,YBR109C,0.006556731648743153
YHR132C,YJL080C,3.2955248828005006e-16
YHR132C,YCR093W,0.00023603631416335702
YHR132C,YIL122W,3.006711324360367e-08
YHR132C,YCL029C,2.2833839707914194e-08
YHR132C,YNL173C,4.931032162858173e-05
YHR132C,YLR452C,0.0020842815283685923
YHR132C,YDL160C,5.5415787514334625e-09
YHR132C,YLR229C,1.3306757864484098e-06
YHR132C,YML057W,3.390946545778206e-08
YHR132C,YER149C,3.163877840273166e-11
YHR132C,YMR305C,4.2055495441672974e-07
YHR132C,YLR433C,0.5035441517829895
YHR132C,YJL073W,6.696903448455416e-12
YHR132C,YGR279C,5.024112568574428e-14
YHR132C,YKL190W,5.1355559804733275e-08
YHR132C,YGL089C,0.2757876515388489
YHR132C,YJL019W,3.893579035574302e-12
YHR132C,YJL018W,0.00031473039416596293
YHR132C,YNR032C-A,0.4508263170719147
YHR132C,YGL178W,1.4190931324264966e-05
YHR132C,YKL116C,3.155836481028018e-08
YHR132C,YDL214C,0.0001887373364297673
YHR132C,YLR362W,3.96040945815912e-07
YHR132C,YER068W,3.1501382058429783e-10
YHR132C,YHR084W,0.0035847367253154516
YHR132C,YDR392W,5.435981165646808e-06
YHR132C,YNL053W,0.00015293434262275696
YHR132C,YGR040W,0.0006149778491817415
YHR132C,YDL216C,0.000287833740003407
YHR132C,YOL117W,6.82462050463073e-05
YHR132C,YJR086W,3.2557803675281605e-10
YHR132C,YMR025W,2.5378107948448303e-10
YHR132C,YBR081C,0.017003225162625313
YHR132C,YFL026W,5.697021630488019e-13
YHR132C,YHL007C,0.3551156520843506
YHR132C,YNR044W,2.274371837529543e-07
YHR132C,YNL271C,0.9826215505599976
YHR132C,YDR200C,3.6454082419368206e-07
YHR132C,YKL178C,4.4750198867404833e-05
YHR132C,YOR212W,5.8135018576876973e-08
YHR132C,YOL111C,5.3060018184725166e-11
YHR132C,YGL032C,3.1262256672270894e-10
YHR132C,YHR005C,1.3927025065640919e-05
YHR132C,YDR103W,4.24526973574757e-07
YHR132C,YJR084W,1.341458983006305e-06
YHR132C,YCL032W,1.7797354701087897e-07
YHR132C,YJL170C,6.5525820325262885e-09
YHR132C,YDR179C,2.8333983209449798e-05
YHR132C,YBR095C,1.78330756170908e-05
YHR132C,YLL021W,1.254101267278429e-08
YHR132C,YDL159W,9.03276595636271e-05
YHR132C,YNL161W,1.534614398224221e-06
YHR132C,YNL188W,0.0030741712544113398
YHR132C,YJL157C,0.7440251708030701
YHR132C,YJL034W,3.783072466401194e-10
YHR132C,YLR238W,0.00018622842617332935
YHR132C,YPR141C,5.565308924815326e-07
YHR132C,YNL127W,0.5198106169700623
YHR132C,YCL055W,3.680627003177506e-08
YHR132C,YPR122W,0.0007434088038280606
YHR132C,YMR065W,5.252562118585047e-08
YHR132C,YDR356W,6.69515998197312e-07
YHR132C,YMR052W,0.11405079811811447
YHR132C,YFR008W,1.4618200872007492e-08
YHR132C,YLL043W,2.431569945393619e-10
YHR132C,YMR029C,1.3159302640619597e-11
YHR132C,YJR004C,8.879742381395772e-06
YHR132C,YDL223C,1.2028451568113496e-09
YHR132C,YHR158C,2.9442950300051507e-09
YHR132C,YGR238C,2.4912916781610894e-12
YHR132C,YIL015W,4.921086316223011e-10
YHR132C,YGL173C,6.927244151563872e-13
YHR132C,YDL225W,0.03238135576248169
YHR132C,YLR330W,1.5437767331150098e-07
YHR132C,YBR129C,0.0550566092133522
YHR132C,YKR095W-A,0.2020167112350464
YHR132C,YPR075C,2.4529545061824365e-11
YHR132C,YMR198W,1.1630028884379584e-10
YHR132C,YOR127W,0.0008284943178296089
YHR132C,YDR264C,1.1668640879924919e-11
YHR132C,YLR110C,3.015449874510523e-05
YHR132C,YDR379W,0.10513777285814285
YHR132C,YDL100C,4.7554503737612386e-12
YHR132C,YHR073W,0.0003704042173922062
YHR132C,YJR090C,2.742776632658206e-05
YHR132C,YOR208W,2.4479572147129147e-08
YHR132C,YBR040W,1.5504384234810153e-11
YHR132C,YNL279W,6.055794443682316e-08
YHR132C,YER075C,3.408450720598921e-05
YHR132C,YCR089W,1.3105868674756493e-05
YHR132C,YCR002C,1.779483504993351e-10
YHR132C,YJL108C,1.0316141690891456e-10
YHR132C,YBR200W,0.00030209857504814863
YHR132C,YIL026C,1.613351230389526e-07
YHR132C,YJR076C,4.0021930658440397e-08
YHR132C,YKR031C,0.00021399238903541118
YHR132C,YPL192C,2.985726723636617e-06
YHR132C,YHR107C,1.584081701366813e-07
YHR132C,YIL037C,2.6696690724747896e-07
YHR132C,YPL156C,8.50953422310008e-12
YHR132C,YIL117C,4.005564278486418e-06
YHR132C,YHR066W,3.0694985753143555e-07
YHR132C,YML085C,4.4144999833406473e-07
YHR132C,YML047C,1.7777305183486192e-09
YHR132C,YDR312W,0.0005870215827599168
YHR132C,YFL037W,1.3756340422332869e-06
YHR132C,YDL038C,0.2020167112350464
YHR132C,YDL039C,3.4485176280947975e-17
YHR132C,YCL027W,8.641644910767354e-08
YHR132C,YML124C,1.99417149460146e-09
YHR132C,YGL053W,5.629632369164028e-07
YHR132C,YMR232W,2.8118402042309754e-06
YHR132C,YNL298W,2.8662854674621485e-05
YHR132C,YGL099W,0.0036785576958209276
YHR132C,YBL016W,1.0029589958548968e-07
YHR132C,YAL041W,0.00014816121256444603
YHR132C,YDR085C,7.04839694662951e-05
YHR132C,YPL187W,1.6058372409588628e-07
YHR132C,YPL256C,0.2646169364452362
YHR132C,YDR461W,1.470268906622607e-10
YHR132C,YNL145W,2.699254631388561e-14
YDL216C,YDL165W,0.9995672106742859
YDL216C,YGR059W,3.106024735188839e-07
YDL216C,YBR109C,0.9902102947235107
YDL216C,YJL080C,0.9993181228637695
YDL216C,YCR093W,0.9986274242401123
YDL216C,YIL122W,0.9999403953552246
YDL216C,YCL029C,6.4509799813095015e-06
YDL216C,YNL173C,0.9997643828392029
YDL216C,YLR452C,0.9966577291488647
YDL216C,YDL160C,0.987824559211731
YDL216C,YLR229C,0.9977154731750488
YDL216C,YML057W,0.0020447575952857733
YDL216C,YER149C,0.9975994229316711
YDL216C,YMR305C,0.9999872446060181
YDL216C,YLR433C,0.9943023920059204
YDL216C,YJL073W,0.0006143103819340467
YDL216C,YGR279C,0.999953031539917
YDL216C,YKL190W,0.9928833246231079
YDL216C,YGL089C,0.9927343130111694
YDL216C,YJL019W,0.9941651225090027
YDL216C,YJL018W,0.00029393081786110997
YDL216C,YNR032C-A,0.9959362745285034
YDL216C,YGL178W,0.9998931884765625
YDL216C,YKL116C,0.0032563568092882633
YDL216C,YDL214C,0.9999915361404419
YDL216C,YLR362W,0.9999549388885498
YDL216C,YER068W,8.32247395998742e-11
YDL216C,YHR084W,0.5955343246459961
YDL216C,YDR392W,0.9974547028541565
YDL216C,YNL053W,0.9983269572257996
YDL216C,YGR040W,0.9999915361404419
YDL216C,YOL117W,0.9943856000900269
YDL216C,YJR086W,0.9996376037597656
YDL216C,YMR025W,0.9989989399909973
YDL216C,YBR081C,0.9958279728889465
YDL216C,YFL026W,0.9999969005584717
YDL216C,YHL007C,0.9969051480293274
YDL216C,YNR044W,0.9988910555839539
YDL216C,YNL271C,0.9960001111030579
YDL216C,YDR200C,0.9992656111717224
YDL216C,YKL178C,0.9998682737350464
YDL216C,YOR212W,0.9999786615371704
YDL216C,YOL111C,0.9915796518325806
YDL216C,YGL032C,0.1231478676199913
YDL216C,YHR005C,0.999967098236084
YDL216C,YDR103W,0.9978796243667603
YDL216C,YJR084W,0.9997969269752502
YDL216C,YCL032W,0.9981175661087036
YDL216C,YJL170C,0.9875016212463379
YDL216C,YDR179C,1.5445316137174814e-08
YDL216C,YBR095C,0.9874305725097656
YDL216C,YLL021W,0.9997108578681946
YDL216C,YDL159W,2.041408379227505e-06
YDL216C,YNL161W,0.9926550388336182
YDL216C,YNL188W,0.9993901252746582
YDL216C,YJL157C,0.9896949529647827
YDL216C,YJL034W,3.293541794846533e-06
YDL216C,YLR238W,0.9966358542442322
YDL216C,YPR141C,0.9995525479316711
YDL216C,YNL127W,0.9958885312080383
YDL216C,YCL055W,0.0017969042528420687
YDL216C,YPR122W,0.9969661831855774
YDL216C,YMR065W,0.9995951056480408
YDL216C,YDR356W,0.9996651411056519
YDL216C,YMR052W,0.9999892711639404
YDL216C,YFR008W,0.9946115016937256
YDL216C,YLL043W,0.9997510313987732
YDL216C,YMR029C,0.9683974981307983
YDL216C,YJR004C,0.0035294070839881897
YDL216C,YDL223C,1.6255738728432334e-06
YDL216C,YHR158C,0.9911115765571594
YDL216C,YGR238C,1.0483226731139439e-08
YDL216C,YIL015W,0.9997026324272156
YDL216C,YGL173C,0.9966525435447693
YDL216C,YDL225W,0.9935665726661682
YDL216C,YLR330W,2.7195781626687676e-07
YDL216C,YBR129C,0.9905977845191956
YDL216C,YKR095W-A,0.2020167112350464
YDL216C,YPR075C,0.3955076336860657
YDL216C,YMR198W,0.9973838925361633
YDL216C,YOR127W,0.994041383266449
YDL216C,YDR264C,0.998217761516571
YDL216C,YLR110C,0.9991734623908997
YDL216C,YDR379W,0.9899740815162659
YDL216C,YDL100C,0.9999010562896729
YDL216C,YHR073W,0.989840567111969
YDL216C,YJR090C,0.9992868304252625
YDL216C,YOR208W,0.9998782873153687
YDL216C,YBR040W,0.9976929426193237
YDL216C,YNL279W,0.9911898374557495
YDL216C,YER075C,0.9997134804725647
YDL216C,YCR089W,0.00030966493068262935
YDL216C,YCR002C,0.9981874823570251
YDL216C,YJL108C,0.9998960494995117
YDL216C,YBR200W,0.9933644533157349
YDL216C,YIL026C,0.9976498484611511
YDL216C,YJR076C,0.9982094764709473
YDL216C,YKR031C,0.9998518228530884
YDL216C,YPL192C,0.9982829093933105
YDL216C,YHR107C,0.9988049268722534
YDL216C,YIL037C,0.0009046114282682538
YDL216C,YPL156C,0.9995191097259521
YDL216C,YIL117C,0.999561607837677
YDL216C,YHR066W,4.6866720367688686e-05
YDL216C,YML085C,0.998999297618866
YDL216C,YML047C,0.9969527721405029
YDL216C,YDR312W,0.9999603033065796
YDL216C,YFL037W,0.9987457990646362
YDL216C,YDL038C,0.2020167112350464
YDL216C,YDL039C,1.9371242387933307e-09
YDL216C,YCL027W,0.9876070618629456
YDL216C,YML124C,1.4968600581255487e-08
YDL216C,YGL053W,0.9992490410804749
YDL216C,YMR232W,0.9508569240570068
YDL216C,YNL298W,0.9800335764884949
YDL216C,YGL099W,0.9958504438400269
YDL216C,YBL016W,0.039439890533685684
YDL216C,YAL041W,0.9999203681945801
YDL216C,YDR085C,0.999448835849762
YDL216C,YPL187W,0.9945882558822632
YDL216C,YPL256C,0.2763211131095886
YDL216C,YDR461W,1.2842648402511259e-06
YDL216C,YNL145W,0.5002996325492859
snR189,YDL165W,5.0697628466878086e-05
snR189,YGR059W,0.0005826595006510615
snR189,YBR109C,0.0018702468369156122
snR189,YJL080C,0.00015772070037201047
snR189,YCR093W,0.00011830798757728189
snR189,YIL122W,0.0020008771680295467
snR189,YCL029C,0.0015274559846147895
snR189,YNL173C,0.016226748004555702
snR189,YLR452C,0.0021006723400205374
snR189,YDL160C,0.00020106800366193056
snR189,YLR229C,0.0003020925505552441
snR189,YML057W,0.1039980798959732
snR189,YER149C,0.0011123096337541938
snR189,YMR305C,0.0007896571769379079
snR189,YLR433C,0.5674997568130493
snR189,YJL073W,0.0012717805802822113
snR189,YGR279C,0.0001500388461863622
snR189,YKL190W,4.326796988607384e-05
snR189,YGL089C,4.775928391609341e-05
snR189,YJL019W,1.5993936131053488e-06
snR189,YJL018W,0.2020167112350464
snR189,YNR032C-A,5.661123850586591e-06
snR189,YGL178W,4.143931801081635e-05
snR189,YKL116C,2.4557339202146977e-05
snR189,YDL214C,0.00451873242855072
snR189,YLR362W,0.16731663048267365
snR189,YER068W,0.03138839453458786
snR189,YHR084W,1.424353513357346e-06
snR189,YDR392W,0.14793874323368073
snR189,YNL053W,0.0005824146792292595
snR189,YGR040W,0.0018539397278800607
snR189,YDL216C,0.6167593598365784
snR189,YOL117W,0.0008270941907539964
snR189,YJR086W,0.000872038013767451
snR189,YMR025W,3.0173539926181547e-05
snR189,YBR081C,0.0001466049434384331
snR189,YFL026W,0.0004979612422175705
snR189,YHL007C,0.00036967030609957874
snR189,YNR044W,4.82546747662127e-05
snR189,YNL271C,0.02863459289073944
snR189,YDR200C,0.10600081086158752
snR189,YKL178C,3.83051265089307e-05
snR189,YOR212W,0.00018313208420295268
snR189,YOL111C,0.003467617789283395
snR189,YGL032C,0.00027939866413362324
snR189,YHR005C,2.210506318078842e-05
snR189,YDR103W,0.07984815537929535
snR189,YJR084W,0.0005673933192156255
snR189,YCL032W,0.06551089137792587
snR189,YJL170C,0.029005954042077065
snR189,YDR179C,2.4658413167344406e-05
snR189,YBR095C,0.015418021939694881
snR189,YLL021W,4.551447636913508e-05
snR189,YDL159W,0.03367206081748009
snR189,YNL161W,4.535900734481402e-05
snR189,YNL188W,1.3688665490008134e-07
snR189,YJL157C,8.225792669236398e-08
snR189,YJL034W,0.003792248433455825
snR189,YLR238W,0.0011860851664096117
snR189,YPR141C,0.0011859952937811613
snR189,YNL127W,0.0004576353821903467
snR189,YCL055W,0.00498898746445775
snR189,YPR122W,0.44291481375694275
snR189,YMR065W,2.567724914115388e-05
snR189,YDR356W,0.00010404413478681818
snR189,YMR052W,3.964237112086266e-05
snR189,YFR008W,0.005404449068009853
snR189,YLL043W,0.00039402308175340295
snR189,YMR029C,0.00019012269331142306
snR189,YJR004C,0.0007481680368073285
snR189,YDL223C,0.03444630652666092
snR189,YHR158C,0.0009620118071325123
snR189,YGR238C,0.3230452835559845
snR189,YIL015W,0.0002296973834745586
snR189,YGL173C,2.9588934921775945e-05
snR189,YDL225W,0.0024271253496408463
snR189,YLR330W,0.00027007871540263295
snR189,YBR129C,8.933621575124562e-05
snR189,YKR095W-A,0.2020167112350464
snR189,YPR075C,0.02826998010277748
snR189,YMR198W,0.00015753657498862594
snR189,YOR127W,0.07324028015136719
snR189,YDR264C,0.00016006447549443692
snR189,YLR110C,0.001387185649946332
snR189,YDR379W,0.06478069722652435
snR189,YDL100C,1.1246027042943751e-07
snR189,YHR073W,0.017082715407013893
snR189,YJR090C,0.005855110008269548
snR189,YOR208W,0.02110281027853489
snR189,YBR040W,2.132622512363014e-06
snR189,YNL279W,0.004736884031444788
snR189,YER075C,0.008927874267101288
snR189,YCR089W,0.0012285396223887801
snR189,YCR002C,0.053826577961444855
snR189,YJL108C,0.09901796281337738
snR189,YBR200W,0.0029393001459538937
snR189,YIL026C,0.00010897325410041958
snR189,YJR076C,0.000306819099932909
snR189,YKR031C,0.0003858930431306362
snR189,YPL192C,1.964482407856849e-06
snR189,YHR107C,0.0011074570938944817
snR189,YIL037C,0.00011549378541531041
snR189,YPL156C,0.0019871832337230444
snR189,YIL117C,0.004205559380352497
snR189,YHR066W,0.0001851143315434456
snR189,YML085C,6.551205842697527e-06
snR189,YML047C,0.00010384261986473575
snR189,YDR312W,5.234921900409972e-06
snR189,YFL037W,2.0015184418298304e-05
snR189,YDL038C,0.2020167112350464
snR189,YDL039C,5.0611593906069174e-05
snR189,YCL027W,0.00022052013082429767
snR189,YML124C,1.4406294212676585e-05
snR189,YGL053W,0.0007388551020994782
snR189,YMR232W,0.004193764179944992
snR189,YNL298W,0.0015003163134679198
snR189,YGL099W,2.7843794669024646e-05
snR189,YBL016W,0.0011376028414815664
snR189,YAL041W,8.221209100156557e-06
snR189,YDR085C,0.0001156385987997055
snR189,YPL187W,3.485671913949773e-05
snR189,YPL256C,2.7285272153676488e-05
snR189,YDR461W,0.003096177475526929
snR189,YNL145W,0.00010202474368270487
YLL042C,YDL165W,0.38440313935279846
YLL042C,YGR059W,0.00037267603329382837
YLL042C,YBR109C,1.7998833357069088e-07
YLL042C,YJL080C,1.1069835471183825e-15
YLL042C,YCR093W,2.7757118914450984e-06
YLL042C,YIL122W,1.320053434028523e-05
YLL042C,YCL029C,1.4874402057274416e-11
YLL042C,YNL173C,7.538602381229609e-11
YLL042C,YLR452C,1.4574183873627966e-12
YLL042C,YDL160C,9.110099896680879e-10
YLL042C,YLR229C,5.174760966952796e-11
YLL042C,YML057W,3.304731210906908e-10
YLL042C,YER149C,0.00010265457240166143
YLL042C,YMR305C,1.2713089045032766e-12
YLL042C,YLR433C,5.324501728409814e-08
YLL042C,YJL073W,1.24087401862109e-16
YLL042C,YGR279C,2.410220604709087e-16
YLL042C,YKL190W,2.9221611241858625e-10
YLL042C,YGL089C,3.5488030292185613e-09
YLL042C,YJL019W,6.7330984165892e-07
YLL042C,YJL018W,0.019661569967865944
YLL042C,YNR032C-A,1.5736436154156763e-08
YLL042C,YGL178W,0.00034545239759609103
YLL042C,YKL116C,1.1148830990348468e-11
YLL042C,YDL214C,1.6121300475124833e-11
YLL042C,YLR362W,2.520491454438556e-11
YLL042C,YER068W,4.1035952413892574e-11
YLL042C,YHR084W,0.005857913754880428
YLL042C,YDR392W,4.100123078387696e-06
YLL042C,YNL053W,3.049946059596742e-11
YLL042C,YGR040W,1.896083956509642e-09
YLL042C,YDL216C,1.6286954007682652e-08
YLL042C,YOL117W,3.98015648217509e-11
YLL042C,YJR086W,1.7578574151855264e-09
YLL042C,YMR025W,4.106925928226701e-07
YLL042C,YBR081C,0.00018190118134953082
YLL042C,YFL026W,1.6668312809997587e-06
YLL042C,YHL007C,1.171677477262989e-10
YLL042C,YNR044W,1.3811258560425532e-11
YLL042C,YNL271C,1.6659601897117682e-05
YLL042C,YDR200C,9.159744513453916e-05
YLL042C,YKL178C,3.310793615174737e-14
YLL042C,YOR212W,1.8258197176379554e-09
YLL042C,YOL111C,2.723492611989009e-11
YLL042C,YGL032C,1.2607655719421018e-07
YLL042C,YHR005C,7.390026013354145e-08
YLL042C,YDR103W,2.5847481083474122e-05
YLL042C,YJR084W,1.565360861766063e-11
YLL042C,YCL032W,6.592358214874139e-09
YLL042C,YJL170C,2.187818836318911e-06
YLL042C,YDR179C,4.184313183941413e-06
YLL042C,YBR095C,7.875499363763083e-08
YLL042C,YLL021W,3.1141728085160025e-11
YLL042C,YDL159W,1.1785881781634089e-07
YLL042C,YNL161W,6.097088545847784e-12
YLL042C,YNL188W,1.2894646488348371e-06
YLL042C,YJL157C,5.994638286210829e-06
YLL042C,YJL034W,7.748769616407192e-13
YLL042C,YLR238W,0.053458087146282196
YLL042C,YPR141C,2.004218180307049e-10
YLL042C,YNL127W,5.112144208396785e-06
YLL042C,YCL055W,0.0005588260828517377
YLL042C,YPR122W,1.0622291313211463e-07
YLL042C,YMR065W,6.827322067692876e-05
YLL042C,YDR356W,3.1151020607467217e-07
YLL042C,YMR052W,1.1687847911723281e-10
YLL042C,YFR008W,0.00013797462452203035
YLL042C,YLL043W,0.000393808470107615
YLL042C,YMR029C,1.6612826392314872e-10
YLL042C,YJR004C,2.970024781667746e-10
YLL042C,YDL223C,1.6786607368902973e-14
YLL042C,YHR158C,9.890777437249199e-05
YLL042C,YGR238C,8.766638615043121e-08
YLL042C,YIL015W,1.4628408706585105e-08
YLL042C,YGL173C,0.000174030166817829
YLL042C,YDL225W,9.347042464469268e-07
YLL042C,YLR330W,0.00958993099629879
YLL042C,YBR129C,2.3300092379940907e-06
YLL042C,YKR095W-A,0.2020167112350464
YLL042C,YPR075C,5.673759240210074e-10
YLL042C,YMR198W,7.161549729062244e-05
YLL042C,YOR127W,2.6945158992930374e-07
YLL042C,YDR264C,6.740667402027611e-08
YLL042C,YLR110C,1.1802139852079563e-06
YLL042C,YDR379W,4.294377076163869e-10
YLL042C,YDL100C,4.125440682400949e-06
YLL042C,YHR073W,1.46955669855231e-10
YLL042C,YJR090C,0.8667791485786438
YLL042C,YOR208W,3.9915154047776014e-05
YLL042C,YBR040W,5.7290479027471974e-09
YLL042C,YNL279W,1.385982884016812e-09
YLL042C,YER075C,0.0024909793864935637
YLL042C,YCR089W,7.972875692985326e-09
YLL042C,YCR002C,4.773113870294721e-13
YLL042C,YJL108C,7.823263738215847e-12
YLL042C,YBR200W,7.771949316753846e-13
YLL042C,YIL026C,4.038439328724053e-06
YLL042C,YJR076C,2.4244388896477176e-07
YLL042C,YKR031C,0.00027658871840685606
YLL042C,YPL192C,1.077624574463698e-06
YLL042C,YHR107C,8.1867248979961e-08
YLL042C,YIL037C,1.736445848221635e-10
YLL042C,YPL156C,3.908251983375521e-06
YLL042C,YIL117C,1.514484893050394e-07
YLL042C,YHR066W,4.572918785175975e-14
YLL042C,YML085C,5.388598096379982e-13
YLL042C,YML047C,0.0005538814584724605
YLL042C,YDR312W,2.726378151018949e-14
YLL042C,YFL037W,2.4493758132848598e-09
YLL042C,YDL038C,0.2020167112350464
YLL042C,YDL039C,1.944760372434972e-14
YLL042C,YCL027W,5.726254244109441e-07
YLL042C,YML124C,2.179762446929967e-13
YLL042C,YGL053W,1.0728513188951183e-08
YLL042C,YMR232W,2.3811258520467504e-10
YLL042C,YNL298W,9.575995107979907e-09
YLL042C,YGL099W,7.229462627232185e-15
YLL042C,YBL016W,9.892758612295438e-08
YLL042C,YAL041W,1.9056081157486915e-07
YLL042C,YDR085C,6.26952460152097e-05
YLL042C,YPL187W,2.4351829146923576e-12
YLL042C,YPL256C,1.467759147999459e-06
YLL042C,YDR461W,1.0481515655413887e-10
YLL042C,YNL145W,2.1486214196730913e-10
YLR318W,YDL165W,1.6256110484391684e-06
YLR318W,YGR059W,8.628591818913428e-14
YLR318W,YBR109C,1.2857002730015665e-05
YLR318W,YJL080C,1.4818857607679092e-07
YLR318W,YCR093W,8.513023638853764e-16
YLR318W,YIL122W,1.2387578962602674e-08
YLR318W,YCL029C,1.0747036593983239e-10
YLR318W,YNL173C,4.41861445210634e-08
YLR318W,YLR452C,0.052315566688776016
YLR318W,YDL160C,2.276101298548383e-07
YLR318W,YLR229C,1.5743542007840006e-06
YLR318W,YML057W,2.4676143073332213e-11
YLR318W,YER149C,5.129133569425903e-06
YLR318W,YMR305C,5.538081992995103e-09
YLR318W,YLR433C,4.4088910300388306e-08
YLR318W,YJL073W,3.658547909068943e-10
YLR318W,YGR279C,1.7793987117098453e-10
YLR318W,YKL190W,4.0191292072222495e-08
YLR318W,YGL089C,0.00872352346777916
YLR318W,YJL019W,2.105549583575339e-07
YLR318W,YJL018W,0.2020167112350464
YLR318W,YNR032C-A,0.05672457441687584
YLR318W,YGL178W,3.05613173656738e-10
YLR318W,YKL116C,1.7304327970535383e-09
YLR318W,YDL214C,1.6320263966917992e-06
YLR318W,YLR362W,0.00010764488979475573
YLR318W,YER068W,9.215965837938711e-05
YLR318W,YHR084W,2.0377228793222457e-05
YLR318W,YDR392W,2.4993408942464157e-07
YLR318W,YNL053W,6.65233113039676e-09
YLR318W,YGR040W,3.020912799911457e-06
YLR318W,YDL216C,6.25524215758233e-11
YLR318W,YOL117W,1.302054436491673e-10
YLR318W,YJR086W,0.015907399356365204
YLR318W,YMR025W,0.0009228636045008898
YLR318W,YBR081C,4.106615221488585e-12
YLR318W,YFL026W,3.201185791112948e-06
YLR318W,YHL007C,5.8765449466591235e-06
YLR318W,YNR044W,2.4488504095643293e-06
YLR318W,YNL271C,4.588515025716333e-07
YLR318W,YDR200C,4.655013071896974e-06
YLR318W,YKL178C,0.169285386800766
YLR318W,YOR212W,0.18770350515842438
YLR318W,YOL111C,3.03260026157659e-06
YLR318W,YGL032C,8.551841347070877e-06
YLR318W,YHR005C,8.730978606763529e-08
YLR318W,YDR103W,6.859050336061046e-05
YLR318W,YJR084W,3.0662461458774715e-09
YLR318W,YCL032W,1.4046150681679137e-05
YLR318W,YJL170C,9.908685569826048e-06
YLR318W,YDR179C,5.468397869939912e-12
YLR318W,YBR095C,0.7551277279853821
YLR318W,YLL021W,0.0029498557560145855
YLR318W,YDL159W,2.591544201457907e-10
YLR318W,YNL161W,3.262551784288803e-09
YLR318W,YNL188W,4.7786343770894746e-09
YLR318W,YJL157C,6.579046640808883e-08
YLR318W,YJL034W,2.393612863471617e-09
YLR318W,YLR238W,0.00014616972475778311
YLR318W,YPR141C,0.0003668655699584633
YLR318W,YNL127W,0.0008338112966157496
YLR318W,YCL055W,9.60916167969117e-06
YLR318W,YPR122W,2.3217813577502966e-05
YLR318W,YMR065W,4.883377755504625e-07
YLR318W,YDR356W,5.315126472282827e-08
YLR318W,YMR052W,0.004800583701580763
YLR318W,YFR008W,0.17344965040683746
YLR318W,YLL043W,1.186924425411462e-08
YLR318W,YMR029C,2.1195710464549933e-10
YLR318W,YJR004C,8.437431461061351e-06
YLR318W,YDL223C,6.111244776255251e-16
YLR318W,YHR158C,1.797718596208142e-07
YLR318W,YGR238C,1.7926096234077704e-06
YLR318W,YIL015W,4.1508570802761824e-07
YLR318W,YGL173C,3.58356317065045e-07
YLR318W,YDL225W,7.724218833993213e-12
YLR318W,YLR330W,7.605780865560519e-06
YLR318W,YBR129C,0.11413092166185379
YLR318W,YKR095W-A,0.2020167112350464
YLR318W,YPR075C,2.2447698810879047e-08
YLR318W,YMR198W,1.0939936601062072e-06
YLR318W,YOR127W,0.00012737710494548082
YLR318W,YDR264C,3.3493338378320914e-06
YLR318W,YLR110C,1.3823508560051323e-08
YLR318W,YDR379W,0.003405062947422266
YLR318W,YDL100C,5.343796942725021e-07
YLR318W,YHR073W,4.566050483845174e-05
YLR318W,YJR090C,3.92335368815111e-06
YLR318W,YOR208W,2.0014752355468346e-10
YLR318W,YBR040W,0.014254999347031116
YLR318W,YNL279W,2.6574134004420102e-09
YLR318W,YER075C,0.012226292863488197
YLR318W,YCR089W,3.964645293308422e-05
YLR318W,YCR002C,1.715891595477359e-10
YLR318W,YJL108C,2.135490149157704e-06
YLR318W,YBR200W,2.7180740289622918e-05
YLR318W,YIL026C,1.8002579427189858e-09
YLR318W,YJR076C,1.9790195957686274e-12
YLR318W,YKR031C,0.008477560244500637
YLR318W,YPL192C,1.2047192576858379e-08
YLR318W,YHR107C,1.7354683222947642e-05
YLR318W,YIL037C,0.048798516392707825
YLR318W,YPL156C,2.4033857570771033e-08
YLR318W,YIL117C,7.81787932169209e-08
YLR318W,YHR066W,2.126885476627649e-07
YLR318W,YML085C,5.85969189836888e-11
YLR318W,YML047C,1.4589656984753674e-06
YLR318W,YDR312W,0.0005117947584949434
YLR318W,YFL037W,3.4187377999069304e-14
YLR318W,YDL038C,0.2020167112350464
YLR318W,YDL039C,2.613135818840817e-10
YLR318W,YCL027W,1.6502126527484506e-06
YLR318W,YML124C,7.272474113260811e-15
YLR318W,YGL053W,9.555098934299622e-10
YLR318W,YMR232W,0.0051491823978722095
YLR318W,YNL298W,1.5192814117881426e-08
YLR318W,YGL099W,1.6538309610680813e-10
YLR318W,YBL016W,2.6051715394714847e-05
YLR318W,YAL041W,8.349086419912055e-05
YLR318W,YDR085C,1.0657181387374592e-10
YLR318W,YPL187W,3.248075072792567e-11
YLR318W,YPL256C,1.7870267765562886e-11
YLR318W,YDR461W,0.021170977503061295
YLR318W,YNL145W,0.00011141356662847102
YLL048C,YDL165W,4.278841515770182e-06
YLL048C,YGR059W,1.1009384337512529e-07
YLL048C,YBR109C,1.2481675415454418e-10
YLL048C,YJL080C,2.2512602892987843e-09
YLL048C,YCR093W,0.0003021314332727343
YLL048C,YIL122W,0.8147864937782288
YLL048C,YCL029C,2.638827307707703e-12
YLL048C,YNL173C,1.7627087345317705e-07
YLL048C,YLR452C,0.000880077772308141
YLL048C,YDL160C,0.0005833015311509371
YLL048C,YLR229C,2.3071379473549314e-08
YLL048C,YML057W,1.3321907596161586e-12
YLL048C,YER149C,3.254676750330532e-09
YLL048C,YMR305C,5.019893796998076e-05
YLL048C,YLR433C,4.812493181738375e-10
YLL048C,YJL073W,4.709315604145559e-09
YLL048C,YGR279C,1.1197792503360796e-13
YLL048C,YKL190W,5.019372110837139e-05
YLL048C,YGL089C,0.23009134829044342
YLL048C,YJL019W,6.4538598962826654e-06
YLL048C,YJL018W,0.2020167112350464
YLL048C,YNR032C-A,0.996473491191864
YLL048C,YGL178W,0.012327062897384167
YLL048C,YKL116C,2.4103652206955795e-18
YLL048C,YDL214C,0.0015038693090900779
YLL048C,YLR362W,0.12357444316148758
YLL048C,YER068W,0.0002595875412225723
YLL048C,YHR084W,2.4285051400396718e-11
YLL048C,YDR392W,1.0893820290291956e-09
YLL048C,YNL053W,0.8978899717330933
YLL048C,YGR040W,0.0008684127824380994
YLL048C,YDL216C,0.0005638196016661823
YLL048C,YOL117W,2.2392235621282452e-08
YLL048C,YJR086W,0.40808695554733276
YLL048C,YMR025W,1.003221603013138e-10
YLL048C,YBR081C,0.9411729574203491
YLL048C,YFL026W,6.528447102027712e-06
YLL048C,YHL007C,3.573412854507296e-08
YLL048C,YNR044W,0.9976861476898193
YLL048C,YNL271C,4.5490654883906245e-05
YLL048C,YDR200C,0.0002228311204817146
YLL048C,YKL178C,0.0009711060556583107
YLL048C,YOR212W,1.5409033641070047e-12
YLL048C,YOL111C,3.2798727727264252e-16
YLL048C,YGL032C,3.049685544788232e-14
YLL048C,YHR005C,0.0014643525937572122
YLL048C,YDR103W,1.4940724213374779e-07
YLL048C,YJR084W,0.00016247530584223568
YLL048C,YCL032W,5.9396606957307085e-06
YLL048C,YJL170C,0.029547512531280518
YLL048C,YDR179C,5.270718247629702e-05
YLL048C,YBR095C,0.011703120544552803
YLL048C,YLL021W,0.004952814895659685
YLL048C,YDL159W,1.2525478917946309e-11
YLL048C,YNL161W,0.002051988150924444
YLL048C,YNL188W,0.000981888733804226
YLL048C,YJL157C,2.0453175153534175e-08
YLL048C,YJL034W,8.78974319909715e-27
YLL048C,YLR238W,0.004879961255937815
YLL048C,YPR141C,0.03139032423496246
YLL048C,YNL127W,1.011008984863615e-10
YLL048C,YCL055W,0.0004421579942572862
YLL048C,YPR122W,0.9927459359169006
YLL048C,YMR065W,0.016893936321139336
YLL048C,YDR356W,1.1584384651541768e-07
YLL048C,YMR052W,0.00017482116527389735
YLL048C,YFR008W,1.6930234778556041e-06
YLL048C,YLL043W,0.07564602047204971
YLL048C,YMR029C,0.1880946308374405
YLL048C,YJR004C,0.009082470089197159
YLL048C,YDL223C,2.03374429474934e-06
YLL048C,YHR158C,5.3996277529222425e-06
YLL048C,YGR238C,2.2426884527249058e-07
YLL048C,YIL015W,0.49967333674430847
YLL048C,YGL173C,0.062005266547203064
YLL048C,YDL225W,3.5073274146091293e-11
YLL048C,YLR330W,0.011057284660637379
YLL048C,YBR129C,4.937220410283771e-07
YLL048C,YKR095W-A,0.2020167112350464
YLL048C,YPR075C,0.19467416405677795
YLL048C,YMR198W,0.6478840112686157
YLL048C,YOR127W,0.00019826057541649789
YLL048C,YDR264C,0.00016495876479893923
YLL048C,YLR110C,3.6100981145453792e-12
YLL048C,YDR379W,2.0383968148962595e-06
YLL048C,YDL100C,4.334045275444787e-11
YLL048C,YHR073W,5.297031080431225e-08
YLL048C,YJR090C,3.0646264349343255e-05
YLL048C,YOR208W,4.35690235462971e-05
YLL048C,YBR040W,0.02634935826063156
YLL048C,YNL279W,3.3486310712760314e-05
YLL048C,YER075C,0.0025025559589266777
YLL048C,YCR089W,1.878540558664099e-07
YLL048C,YCR002C,3.3526274023643055e-07
YLL048C,YJL108C,5.5811589845689014e-05
YLL048C,YBR200W,2.574112478725965e-08
YLL048C,YIL026C,2.341748485661793e-13
YLL048C,YJR076C,5.419387735542346e-16
YLL048C,YKR031C,0.008389861322939396
YLL048C,YPL192C,7.005009683780372e-05
YLL048C,YHR107C,2.629807260845496e-09
YLL048C,YIL037C,5.650682214763947e-05
YLL048C,YPL156C,0.4171488583087921
YLL048C,YIL117C,1.5856806173691245e-15
YLL048C,YHR066W,1.48820719636511e-10
YLL048C,YML085C,2.2299766200273297e-10
YLL048C,YML047C,4.9761969421524554e-05
YLL048C,YDR312W,0.19690020382404327
YLL048C,YFL037W,3.543626370529178e-14
YLL048C,YDL038C,0.2020167112350464
YLL048C,YDL039C,2.778891959699317e-16
YLL048C,YCL027W,8.758561875765736e-09
YLL048C,YML124C,4.929425974126069e-15
YLL048C,YGL053W,0.0010525083635002375
YLL048C,YMR232W,7.159455805982873e-10
YLL048C,YNL298W,0.9730917811393738
YLL048C,YGL099W,4.494586480774387e-09
YLL048C,YBL016W,3.733402476058245e-11
YLL048C,YAL041W,0.9227215051651001
YLL048C,YDR085C,3.826816282526124e-06
YLL048C,YPL187W,0.010963226668536663
YLL048C,YPL256C,1.4403366321857902e-07
YLL048C,YDR461W,3.4428518369544747e-10
YLL048C,YNL145W,1.4689559066027869e-05
YML031W,YDL165W,5.647470516123576e-06
YML031W,YGR059W,6.916326622530278e-09
YML031W,YBR109C,6.455451853071281e-07
YML031W,YJL080C,0.01113907527178526
YML031W,YCR093W,0.021468332037329674
YML031W,YIL122W,0.8622480034828186
YML031W,YCL029C,6.894067565085815e-13
YML031W,YNL173C,9.553887281299467e-08
YML031W,YLR452C,0.00029152483330108225
YML031W,YDL160C,0.9999526739120483
YML031W,YLR229C,2.123931786002231e-08
YML031W,YML057W,7.253918354876987e-09
YML031W,YER149C,9.763005436980166e-06
YML031W,YMR305C,1.920186150528025e-05
YML031W,YLR433C,1.5144073586270679e-05
YML031W,YJL073W,3.689375086241253e-17
YML031W,YGR279C,0.9852972626686096
YML031W,YKL190W,9.887255600915523e-07
YML031W,YGL089C,0.9935792684555054
YML031W,YJL019W,3.262720937868835e-08
YML031W,YJL018W,0.00527055561542511
YML031W,YNR032C-A,0.0011610365472733974
YML031W,YGL178W,0.024720532819628716
YML031W,YKL116C,2.5212737713581346e-12
YML031W,YDL214C,0.2319924384355545
YML031W,YLR362W,5.121598078972056e-08
YML031W,YER068W,8.996161682262027e-08
YML031W,YHR084W,3.7120840715942904e-05
YML031W,YDR392W,0.5701403021812439
YML031W,YNL053W,0.058651600033044815
YML031W,YGR040W,0.666380763053894
YML031W,YDL216C,4.97244946018327e-05
YML031W,YOL117W,1.7052375136938913e-12
YML031W,YJR086W,8.569382430323458e-07
YML031W,YMR025W,2.6378311090979878e-08
YML031W,YBR081C,0.7253369092941284
YML031W,YFL026W,6.267486605793238e-05
YML031W,YHL007C,1.4272762527411942e-08
YML031W,YNR044W,0.014242716133594513
YML031W,YNL271C,6.852982915006578e-05
YML031W,YDR200C,1.4140476345403385e-08
YML031W,YKL178C,0.8720278739929199
YML031W,YOR212W,0.9928512573242188
YML031W,YOL111C,2.26305543749028e-10
YML031W,YGL032C,1.531763871298608e-08
YML031W,YHR005C,0.00010456541349412873
YML031W,YDR103W,2.6866850021178834e-05
YML031W,YJR084W,0.09970586001873016
YML031W,YCL032W,5.28302783464607e-11
YML031W,YJL170C,1.0
YML031W,YDR179C,3.2789238311277044e-15
YML031W,YBR095C,4.4068190163670806e-07
YML031W,YLL021W,0.0002316941536264494
YML031W,YDL159W,1.336964983167377e-10
YML031W,YNL161W,0.9696160554885864
YML031W,YNL188W,0.00012323488772381097
YML031W,YJL157C,7.418291261274135e-07
YML031W,YJL034W,4.774787232264543e-10
YML031W,YLR238W,1.4224841038412706e-07
YML031W,YPR141C,0.9706370234489441
YML031W,YNL127W,2.75672363159174e-07
YML031W,YCL055W,0.8672042489051819
YML031W,YPR122W,2.520887392165605e-05
YML031W,YMR065W,0.9997829794883728
YML031W,YDR356W,0.0002834517217706889
YML031W,YMR052W,7.178814292151114e-15
YML031W,YFR008W,3.7435052036016714e-06
YML031W,YLL043W,2.444814350965885e-10
YML031W,YMR029C,1.2694873475993518e-05
YML031W,YJR004C,2.98739365689471e-07
YML031W,YDL223C,3.352255972810525e-10
YML031W,YHR158C,0.9994664788246155
YML031W,YGR238C,0.013293725438416004
YML031W,YIL015W,0.06159501150250435
YML031W,YGL173C,8.05730859809728e-09
YML031W,YDL225W,1.1617812560871243e-06
YML031W,YLR330W,4.4010248778647565e-09
YML031W,YBR129C,0.0009526745416224003
YML031W,YKR095W-A,0.2020167112350464
YML031W,YPR075C,2.65066657859081e-12
YML031W,YMR198W,0.5619567036628723
YML031W,YOR127W,8.911207411083436e-14
YML031W,YDR264C,1.0500596090423642e-06
YML031W,YLR110C,0.977042019367218
YML031W,YDR379W,0.8803783059120178
YML031W,YDL100C,1.7338221880436322e-07
YML031W,YHR073W,4.3501856339389633e-07
YML031W,YJR090C,0.002709470223635435
YML031W,YOR208W,7.057519013642377e-08
YML031W,YBR040W,0.9998273253440857
YML031W,YNL279W,0.9942763447761536
YML031W,YER075C,0.011377718299627304
YML031W,YCR089W,1.0290327736584004e-05
YML031W,YCR002C,0.8867943286895752
YML031W,YJL108C,0.9996077418327332
YML031W,YBR200W,2.980419383513677e-11
YML031W,YIL026C,5.1729111874010414e-05
YML031W,YJR076C,0.2412256896495819
YML031W,YKR031C,0.08189203590154648
YML031W,YPL192C,0.033602919429540634
YML031W,YHR107C,2.8724229661492018e-09
YML031W,YIL037C,7.558275683550164e-05
YML031W,YPL156C,0.9999865293502808
YML031W,YIL117C,1.7527830777908093e-06
YML031W,YHR066W,1.954509087909173e-08
YML031W,YML085C,2.7209193831367884e-06
YML031W,YML047C,0.9964516162872314
YML031W,YDR312W,2.911402134486707e-06
YML031W,YFL037W,4.686826216016016e-08
YML031W,YDL038C,0.2020167112350464
YML031W,YDL039C,1.174748121002267e-07
YML031W,YCL027W,0.9665534496307373
YML031W,YML124C,1.4386832003498995e-10
YML031W,YGL053W,0.0006097255391068757
YML031W,YMR232W,0.007890252396464348
YML031W,YNL298W,0.0005593437817879021
YML031W,YGL099W,1.572536412197678e-08
YML031W,YBL016W,0.0001713116216706112
YML031W,YAL041W,2.4265812044177437e-06
YML031W,YDR085C,0.12445366382598877
YML031W,YPL187W,0.7636796236038208
YML031W,YPL256C,0.0003175275633111596
YML031W,YDR461W,1.3392350379712314e-12
YML031W,YNL145W,0.005111233331263065
YPR184W,YDL165W,5.700047950085718e-06
YPR184W,YGR059W,1.0040069886585457e-09
YPR184W,YBR109C,1.4763949784946107e-10
YPR184W,YJL080C,7.316617711694562e-08
YPR184W,YCR093W,0.9837005734443665
YPR184W,YIL122W,0.5029711723327637
YPR184W,YCL029C,2.950401722046081e-06
YPR184W,YNL173C,7.697257942140823e-09
YPR184W,YLR452C,0.00011801470100181177
YPR184W,YDL160C,0.002221234142780304
YPR184W,YLR229C,1.9256610195306223e-12
YPR184W,YML057W,2.9046134386589983e-07
YPR184W,YER149C,2.5482070363771407e-16
YPR184W,YMR305C,1.7961890308448858e-10
YPR184W,YLR433C,6.1133422768477885e-09
YPR184W,YJL073W,5.195191589176311e-19
YPR184W,YGR279C,5.323368532117456e-05
YPR184W,YKL190W,3.728857564055943e-06
YPR184W,YGL089C,0.0014222750905901194
YPR184W,YJL019W,8.81085924220315e-08
YPR184W,YJL018W,0.054376646876335144
YPR184W,YNR032C-A,0.0010120595106855035
YPR184W,YGL178W,0.007465355098247528
YPR184W,YKL116C,1.638231976290594e-12
YPR184W,YDL214C,0.2063264548778534
YPR184W,YLR362W,2.979369355671224e-06
YPR184W,YER068W,5.0015418473492446e-09
YPR184W,YHR084W,8.334885004401826e-10
YPR184W,YDR392W,5.916016374701849e-13
YPR184W,YNL053W,6.145512543298537e-07
YPR184W,YGR040W,2.5270974219893105e-05
YPR184W,YDL216C,0.0009119769674725831
YPR184W,YOL117W,2.332049007236492e-05
YPR184W,YJR086W,1.9456187771993427e-09
YPR184W,YMR025W,1.7908547533806995e-06
YPR184W,YBR081C,0.0001032247964758426
YPR184W,YFL026W,1.1212811841687653e-05
YPR184W,YHL007C,0.0016663054702803493
YPR184W,YNR044W,4.666684958465339e-07
YPR184W,YNL271C,1.548653358440788e-06
YPR184W,YDR200C,9.871229167401907e-09
YPR184W,YKL178C,0.00016188595327548683
YPR184W,YOR212W,4.1829651721558836e-12
YPR184W,YOL111C,0.0001105103874579072
YPR184W,YGL032C,0.0001844100042944774
YPR184W,YHR005C,3.5218978844397952e-09
YPR184W,YDR103W,8.484024647259503e-07
YPR184W,YJR084W,4.741680186270969e-06
YPR184W,YCL032W,0.0032608017791062593
YPR184W,YJL170C,9.727806900627911e-05
YPR184W,YDR179C,2.9081085397950225e-19
YPR184W,YBR095C,1.5972557884614755e-14
YPR184W,YLL021W,6.368675586898576e-10
YPR184W,YDL159W,3.3114930949825795e-15
YPR184W,YNL161W,0.020935140550136566
YPR184W,YNL188W,8.50982739136752e-12
YPR184W,YJL157C,9.363479991364443e-10
YPR184W,YJL034W,7.896303714518237e-15
YPR184W,YLR238W,2.960360063752887e-07
YPR184W,YPR141C,0.9906801581382751
YPR184W,YNL127W,0.0025453423149883747
YPR184W,YCL055W,1.0051048882075975e-09
YPR184W,YPR122W,0.00010637692321324721
YPR184W,YMR065W,0.04985104128718376
YPR184W,YDR356W,3.67267205092503e-07
YPR184W,YMR052W,1.6390119816911408e-10
YPR184W,YFR008W,1.3418867794712241e-08
YPR184W,YLL043W,0.0005414193728938699
YPR184W,YMR029C,0.0015031233197078109
YPR184W,YJR004C,8.461722131869465e-07
YPR184W,YDL223C,5.0458506706263506e-08
YPR184W,YHR158C,7.906823863723135e-15
YPR184W,YGR238C,9.61603158211588e-11
YPR184W,YIL015W,0.00012732026516459882
YPR184W,YGL173C,0.0157550610601902
YPR184W,YDL225W,5.332874142283117e-09
YPR184W,YLR330W,2.1239639821230005e-12
YPR184W,YBR129C,2.4544908228563145e-05
YPR184W,YKR095W-A,0.2020167112350464
YPR184W,YPR075C,2.2307132894638926e-05
YPR184W,YMR198W,3.958807610615622e-06
YPR184W,YOR127W,1.1744301087190934e-09
YPR184W,YDR264C,7.206232567114057e-06
YPR184W,YLR110C,6.924545843407098e-14
YPR184W,YDR379W,0.0002789174614008516
YPR184W,YDL100C,0.00010339630534872413
YPR184W,YHR073W,0.0003763912827707827
YPR184W,YJR090C,3.4048912311845925e-07
YPR184W,YOR208W,1.4222453614820552e-07
YPR184W,YBR040W,0.7307390570640564
YPR184W,YNL279W,3.0039613158061584e-11
YPR184W,YER075C,0.9699695706367493
YPR184W,YCR089W,0.00013677643437404186
YPR184W,YCR002C,1.1464784677173157e-07
YPR184W,YJL108C,0.07409211248159409
YPR184W,YBR200W,1.220841312488119e-07
YPR184W,YIL026C,1.502866570075541e-17
YPR184W,YJR076C,3.2142930539436065e-09
YPR184W,YKR031C,0.004607776179909706
YPR184W,YPL192C,2.87063630821649e-06
YPR184W,YHR107C,9.485113389162692e-11
YPR184W,YIL037C,0.00028540825587697327
YPR184W,YPL156C,0.005469393916428089
YPR184W,YIL117C,7.168822827030574e-12
YPR184W,YHR066W,1.820672085317554e-10
YPR184W,YML085C,6.077571015339345e-05
YPR184W,YML047C,0.0007285809842869639
YPR184W,YDR312W,8.050041210884429e-13
YPR184W,YFL037W,3.19608062682164e-07
YPR184W,YDL038C,0.2020167112350464
YPR184W,YDL039C,6.376724235451769e-13
YPR184W,YCL027W,1.1906468699862671e-07
YPR184W,YML124C,1.9708584739794137e-14
YPR184W,YGL053W,3.865635838772724e-13
YPR184W,YMR232W,0.0017137073446065187
YPR184W,YNL298W,2.76799405618533e-09
YPR184W,YGL099W,1.580517316280899e-15
YPR184W,YBL016W,2.422904799459502e-06
YPR184W,YAL041W,0.01801704801619053
YPR184W,YDR085C,3.173040308149591e-14
YPR184W,YPL187W,0.002134911250323057
YPR184W,YPL256C,1.211196837269668e-10
YPR184W,YDR461W,1.697470052921986e-18
YPR184W,YNL145W,4.3755797596300994e-13
YLR010C,YDL165W,8.072047563700835e-08
YLR010C,YGR059W,4.3637271573970793e-07
YLR010C,YBR109C,0.008165040984749794
YLR010C,YJL080C,4.686239145596162e-18
YLR010C,YCR093W,5.160230749645667e-12
YLR010C,YIL122W,2.039962979354798e-13
YLR010C,YCL029C,5.987251059519361e-12
YLR010C,YNL173C,4.080366977632366e-07
YLR010C,YLR452C,1.8480844632406956e-10
YLR010C,YDL160C,3.8270130175988015e-08
YLR010C,YLR229C,6.470735058883292e-09
YLR010C,YML057W,3.9940407751959395e-12
YLR010C,YER149C,5.784954806853371e-11
YLR010C,YMR305C,5.088867153189847e-13
YLR010C,YLR433C,0.006661391817033291
YLR010C,YJL073W,1.0751450840729149e-09
YLR010C,YGR279C,1.8472606200248265e-07
YLR010C,YKL190W,3.6787881185773585e-08
YLR010C,YGL089C,0.013146969489753246
YLR010C,YJL019W,2.2827444754879196e-15
YLR010C,YJL018W,0.004249083809554577
YLR010C,YNR032C-A,6.806388228142168e-06
YLR010C,YGL178W,0.0016881403280422091
YLR010C,YKL116C,1.3248137925539092e-17
YLR010C,YDL214C,5.795004753839095e-11
YLR010C,YLR362W,4.8533934168685025e-14
YLR010C,YER068W,7.363205077126622e-05
YLR010C,YHR084W,0.7963906526565552
YLR010C,YDR392W,1.8780564232656616e-06
YLR010C,YNL053W,0.00024333166948053986
YLR010C,YGR040W,1.003441752800427e-06
YLR010C,YDL216C,1.3881158444917219e-08
YLR010C,YOL117W,9.443477999582228e-09
YLR010C,YJR086W,1.4710184025740203e-13
YLR010C,YMR025W,2.738340665331407e-09
YLR010C,YBR081C,3.867159023562827e-11
YLR010C,YFL026W,2.6692815069395692e-08
YLR010C,YHL007C,6.808342223330044e-10
YLR010C,YNR044W,7.731827703853344e-15
YLR010C,YNL271C,6.958980019701943e-15
YLR010C,YDR200C,2.275977800322848e-13
YLR010C,YKL178C,7.80777220654727e-09
YLR010C,YOR212W,9.291619562645792e-07
YLR010C,YOL111C,1.279121923703256e-15
YLR010C,YGL032C,3.668674793209231e-13
YLR010C,YHR005C,7.75751414039405e-06
YLR010C,YDR103W,3.031180312973447e-05
YLR010C,YJR084W,8.51982751015612e-09
YLR010C,YCL032W,1.692755091653453e-08
YLR010C,YJL170C,4.531050024070282e-08
YLR010C,YDR179C,9.972037332772743e-06
YLR010C,YBR095C,7.658321893311282e-12
YLR010C,YLL021W,1.3515329704190133e-14
YLR010C,YDL159W,8.29365409682481e-10
YLR010C,YNL161W,4.578004988986528e-11
YLR010C,YNL188W,2.351388773304682e-17
YLR010C,YJL157C,2.539815302515791e-10
YLR010C,YJL034W,1.4353453050685444e-13
YLR010C,YLR238W,6.548279578083224e-14
YLR010C,YPR141C,0.0020278224255889654
YLR010C,YNL127W,0.0026370009873062372
YLR010C,YCL055W,0.00016167045396286994
YLR010C,YPR122W,3.107188106810099e-08
YLR010C,YMR065W,0.0017943154089152813
YLR010C,YDR356W,5.009723105103836e-13
YLR010C,YMR052W,3.4949436678033408e-09
YLR010C,YFR008W,1.4460661883764479e-15
YLR010C,YLL043W,2.128416554114665e-06
YLR010C,YMR029C,9.981589528251789e-07
YLR010C,YJR004C,2.6665134100767318e-08
YLR010C,YDL223C,8.850481002557061e-18
YLR010C,YHR158C,9.601283101901004e-10
YLR010C,YGR238C,8.913811325328425e-05
YLR010C,YIL015W,2.0836921055776558e-13
YLR010C,YGL173C,5.140157188776584e-10
YLR010C,YDL225W,7.144077192224349e-19
YLR010C,YLR330W,2.97696914862422e-12
YLR010C,YBR129C,1.8540283974743943e-08
YLR010C,YKR095W-A,0.2020167112350464
YLR010C,YPR075C,1.5130918029626628e-07
YLR010C,YMR198W,0.0006590729462914169
YLR010C,YOR127W,3.938331323387334e-13
YLR010C,YDR264C,5.604559927263608e-09
YLR010C,YLR110C,7.15334125267475e-10
YLR010C,YDR379W,0.0005068028112873435
YLR010C,YDL100C,2.4363751435885206e-05
YLR010C,YHR073W,1.0346552503648354e-09
YLR010C,YJR090C,2.6471489036339335e-06
YLR010C,YOR208W,2.9375620994942855e-14
YLR010C,YBR040W,4.5791377800696864e-08
YLR010C,YNL279W,0.6156123280525208
YLR010C,YER075C,5.083020937490801e-08
YLR010C,YCR089W,1.5206013813440222e-05
YLR010C,YCR002C,1.3146483013315446e-07
YLR010C,YJL108C,1.0662142813089304e-06
YLR010C,YBR200W,7.067662721738088e-08
YLR010C,YIL026C,1.807559237931855e-05
YLR010C,YJR076C,2.1540553785115435e-09
YLR010C,YKR031C,1.8527045175797952e-10
YLR010C,YPL192C,0.1858532875776291
YLR010C,YHR107C,1.7576373920746846e-06
YLR010C,YIL037C,5.594104290906898e-09
YLR010C,YPL156C,0.0010732592782005668
YLR010C,YIL117C,0.0002753505250439048
YLR010C,YHR066W,1.2424086040934985e-16
YLR010C,YML085C,7.413806417714748e-18
YLR010C,YML047C,0.0006059434963390231
YLR010C,YDR312W,1.198099516529238e-15
YLR010C,YFL037W,1.037355444599708e-11
YLR010C,YDL038C,0.2020167112350464
YLR010C,YDL039C,3.4512540394993074e-14
YLR010C,YCL027W,2.3058719307300635e-05
YLR010C,YML124C,1.1596474136410572e-17
YLR010C,YGL053W,5.51870300569135e-08
YLR010C,YMR232W,1.6355789986266522e-11
YLR010C,YNL298W,3.473291099176379e-10
YLR010C,YGL099W,3.1788794793095875e-22
YLR010C,YBL016W,9.090181732340774e-12
YLR010C,YAL041W,6.773577254648444e-10
YLR010C,YDR085C,1.2358739809315011e-08
YLR010C,YPL187W,3.7327083646232495e-09
YLR010C,YPL256C,1.047711739007905e-14
YLR010C,YDR461W,6.211647862741643e-10
YLR010C,YNL145W,6.642177368121338e-07
YML058W-A,YDL165W,9.998748282669112e-07
YML058W-A,YGR059W,0.008298458531498909
YML058W-A,YBR109C,0.2865055203437805
YML058W-A,YJL080C,0.8075599670410156
YML058W-A,YCR093W,0.1279183030128479
YML058W-A,YIL122W,0.00012547778896987438
YML058W-A,YCL029C,6.094825948821381e-05
YML058W-A,YNL173C,2.75314038233887e-09
YML058W-A,YLR452C,1.5195921605482e-06
YML058W-A,YDL160C,0.020205965265631676
YML058W-A,YLR229C,2.017255837927223e-06
YML058W-A,YML057W,6.075165970287344e-07
YML058W-A,YER149C,7.869117325753905e-06
YML058W-A,YMR305C,1.7069471141439863e-05
YML058W-A,YLR433C,0.0199788399040699
YML058W-A,YJL073W,0.0122529910877347
YML058W-A,YGR279C,1.527293761682813e-06
YML058W-A,YKL190W,0.0002834652259480208
YML058W-A,YGL089C,9.210434654960409e-06
YML058W-A,YJL019W,0.0003123512724414468
YML058W-A,YJL018W,0.2020167112350464
YML058W-A,YNR032C-A,0.2269635647535324
YML058W-A,YGL178W,0.0024537083227187395
YML058W-A,YKL116C,1.3062106063443935e-06
YML058W-A,YDL214C,0.0029572350904345512
YML058W-A,YLR362W,1.8172636373492423e-06
YML058W-A,YER068W,0.015286639332771301
YML058W-A,YHR084W,0.000949090113863349
YML058W-A,YDR392W,0.39890390634536743
YML058W-A,YNL053W,3.065515193156898e-05
YML058W-A,YGR040W,0.06742725521326065
YML058W-A,YDL216C,0.06800121068954468
YML058W-A,YOL117W,0.6273585557937622
YML058W-A,YJR086W,0.022129375487565994
YML058W-A,YMR025W,0.6021692752838135
YML058W-A,YBR081C,0.0006722785183228552
YML058W-A,YFL026W,9.263669085157744e-07
YML058W-A,YHL007C,5.225999484537169e-05
YML058W-A,YNR044W,4.285248451196821e-06
YML058W-A,YNL271C,6.993560930368403e-08
YML058W-A,YDR200C,1.8918795831268653e-05
YML058W-A,YKL178C,6.133365241112188e-05
YML058W-A,YOR212W,1.9848166166180903e-10
YML058W-A,YOL111C,1.1958306913584238e-06
YML058W-A,YGL032C,0.007171868812292814
YML058W-A,YHR005C,2.778011366899591e-05
YML058W-A,YDR103W,0.016004761680960655
YML058W-A,YJR084W,0.000296419661026448
YML058W-A,YCL032W,0.31078657507896423
YML058W-A,YJL170C,0.04267061874270439
YML058W-A,YDR179C,0.24929046630859375
YML058W-A,YBR095C,0.05394839122891426
YML058W-A,YLL021W,6.84132771766599e-07
YML058W-A,YDL159W,0.000980239361524582
YML058W-A,YNL161W,0.01046670600771904
YML058W-A,YNL188W,0.00034006184432655573
YML058W-A,YJL157C,4.721058544099321e-10
YML058W-A,YJL034W,6.696138825645903e-06
YML058W-A,YLR238W,1.4387320334208198e-05
YML058W-A,YPR141C,0.3534696102142334
YML058W-A,YNL127W,6.495348497992381e-05
YML058W-A,YCL055W,2.359850623179227e-05
YML058W-A,YPR122W,0.09100928902626038
YML058W-A,YMR065W,6.151025445433334e-05
YML058W-A,YDR356W,5.257149678072892e-05
YML058W-A,YMR052W,0.11823100596666336
YML058W-A,YFR008W,0.0029885508120059967
YML058W-A,YLL043W,0.047454044222831726
YML058W-A,YMR029C,0.011827155947685242
YML058W-A,YJR004C,5.574566919186452e-10
YML058W-A,YDL223C,0.0006507938960567117
YML058W-A,YHR158C,0.0015142413321882486
YML058W-A,YGR238C,2.0198574929963797e-05
YML058W-A,YIL015W,6.739355740137398e-05
YML058W-A,YGL173C,0.030297083780169487
YML058W-A,YDL225W,0.0006723118131048977
YML058W-A,YLR330W,0.0005651038372889161
YML058W-A,YBR129C,4.790856067415916e-08
YML058W-A,YKR095W-A,0.2020167112350464
YML058W-A,YPR075C,1.4991271200415213e-05
YML058W-A,YMR198W,0.0001752223470248282
YML058W-A,YOR127W,0.00031292621861211956
YML058W-A,YDR264C,0.0035107857547700405
YML058W-A,YLR110C,0.0006196428439579904
YML058W-A,YDR379W,7.722847658442333e-05
YML058W-A,YDL100C,0.0073793791234493256
YML058W-A,YHR073W,0.000863374094478786
YML058W-A,YJR090C,0.0034746872261166573
YML058W-A,YOR208W,0.007381908595561981
YML058W-A,YBR040W,0.02563127875328064
YML058W-A,YNL279W,8.042838089750148e-06
YML058W-A,YER075C,0.0011462904512882233
YML058W-A,YCR089W,1.162434637080878e-05
YML058W-A,YCR002C,0.4119860529899597
YML058W-A,YJL108C,2.446802511713031e-07
YML058W-A,YBR200W,0.7471275925636292
YML058W-A,YIL026C,5.2686662144196816e-08
YML058W-A,YJR076C,0.00014042734983377159
YML058W-A,YKR031C,0.003339187940582633
YML058W-A,YPL192C,0.0008305367664434016
YML058W-A,YHR107C,1.9026287191081792e-05
YML058W-A,YIL037C,0.0004813857958652079
YML058W-A,YPL156C,0.41385844349861145
YML058W-A,YIL117C,2.903693484768155e-06
YML058W-A,YHR066W,8.595006484313217e-09
YML058W-A,YML085C,0.004237756598740816
YML058W-A,YML047C,0.0005479559185914695
YML058W-A,YDR312W,5.94533012190368e-05
YML058W-A,YFL037W,6.333716009976342e-05
YML058W-A,YDL038C,0.2020167112350464
YML058W-A,YDL039C,9.585278348822612e-09
YML058W-A,YCL027W,0.00776530709117651
YML058W-A,YML124C,2.8090500563848764e-05
YML058W-A,YGL053W,0.15859603881835938
YML058W-A,YMR232W,0.0050802151672542095
YML058W-A,YNL298W,0.00023175291426014155
YML058W-A,YGL099W,0.0001652794744586572
YML058W-A,YBL016W,5.997263485824078e-08
YML058W-A,YAL041W,4.377351069706492e-05
YML058W-A,YDR085C,0.3147858679294586
YML058W-A,YPL187W,0.0012062243185937405
YML058W-A,YPL256C,0.0001162980988738127
YML058W-A,YDR461W,7.422205072771249e-08
YML058W-A,YNL145W,0.0006841116701252759
YDL083C,YDL165W,0.0003357964160386473
YDL083C,YGR059W,2.8570126543421906e-14
YDL083C,YBR109C,1.964855300684576e-06
YDL083C,YJL080C,3.1223561336446437e-07
YDL083C,YCR093W,7.739888729929589e-10
YDL083C,YIL122W,1.705476279312279e-05
YDL083C,YCL029C,1.733031104148193e-14
YDL083C,YNL173C,4.685657404479571e-05
YDL083C,YLR452C,7.48163365299221e-15
YDL083C,YDL160C,0.00026000168872997165
YDL083C,YLR229C,1.1741140951926354e-05
YDL083C,YML057W,1.8632861367110648e-14
YDL083C,YER149C,1.0815178796974578e-07
YDL083C,YMR305C,3.819918268824869e-15
YDL083C,YLR433C,4.027475313250761e-07
YDL083C,YJL073W,2.2395099222194403e-05
YDL083C,YGR279C,1.123579629336291e-08
YDL083C,YKL190W,4.200951851433841e-21
YDL083C,YGL089C,3.794856979766337e-07
YDL083C,YJL019W,6.345228342752307e-09
YDL083C,YJL018W,0.0001777641155058518
YDL083C,YNR032C-A,7.552072929684073e-05
YDL083C,YGL178W,1.2392227793030453e-24
YDL083C,YKL116C,5.173822931496194e-15
YDL083C,YDL214C,0.07010214030742645
YDL083C,YLR362W,1.4956848259917166e-11
YDL083C,YER068W,0.18859681487083435
YDL083C,YHR084W,7.240041011158382e-09
YDL083C,YDR392W,0.0010973649332299829
YDL083C,YNL053W,1.3094749893791113e-12
YDL083C,YGR040W,1.0079292955822439e-08
YDL083C,YDL216C,1.221540628648654e-06
YDL083C,YOL117W,9.50208978167666e-09
YDL083C,YJR086W,0.01525774598121643
YDL083C,YMR025W,0.9757723808288574
YDL083C,YBR081C,1.5327728760894388e-05
YDL083C,YFL026W,1.0356153552493197e-06
YDL083C,YHL007C,4.5067838073009625e-05
YDL083C,YNR044W,8.094128839397641e-11
YDL083C,YNL271C,5.765978926831127e-17
YDL083C,YDR200C,0.8492428660392761
YDL083C,YKL178C,1.0526589733217406e-07
YDL083C,YOR212W,2.6778110436519176e-13
YDL083C,YOL111C,1.7328466031669243e-17
YDL083C,YGL032C,2.545370443840511e-05
YDL083C,YHR005C,0.8683853149414062
YDL083C,YDR103W,0.007830108515918255
YDL083C,YJR084W,3.273677293691435e-07
YDL083C,YCL032W,6.237576373382264e-14
YDL083C,YJL170C,0.000387718144338578
YDL083C,YDR179C,5.289040245770593e-07
YDL083C,YBR095C,0.0004663156869355589
YDL083C,YLL021W,2.1231489899520284e-09
YDL083C,YDL159W,0.0002342454536119476
YDL083C,YNL161W,8.692734865256568e-10
YDL083C,YNL188W,6.954167020012392e-06
YDL083C,YJL157C,3.78051539726143e-12
YDL083C,YJL034W,1.9740897054357523e-22
YDL083C,YLR238W,2.3139644866887465e-08
YDL083C,YPR141C,1.3000288345832445e-11
YDL083C,YNL127W,1.1908733767995727e-06
YDL083C,YCL055W,1.5747871119229441e-16
YDL083C,YPR122W,1.7069814930437133e-05
YDL083C,YMR065W,9.014055649458896e-06
YDL083C,YDR356W,5.242122824711259e-07
YDL083C,YMR052W,8.769813462095044e-07
YDL083C,YFR008W,0.0002587432391010225
YDL083C,YLL043W,0.00040782344876788557
YDL083C,YMR029C,1.4289739530548573e-11
YDL083C,YJR004C,1.4749939225566777e-07
YDL083C,YDL223C,6.985120802783926e-31
YDL083C,YHR158C,1.1595784599194303e-06
YDL083C,YGR238C,9.565130806525517e-17
YDL083C,YIL015W,1.2891146980109625e-05
YDL083C,YGL173C,1.2453471587292597e-10
YDL083C,YDL225W,2.264917355887519e-07
YDL083C,YLR330W,2.97560275031028e-11
YDL083C,YBR129C,0.0028168889693915844
YDL083C,YKR095W-A,0.2020167112350464
YDL083C,YPR075C,7.785526676690812e-20
YDL083C,YMR198W,0.0015174348372966051
YDL083C,YOR127W,3.607887869737429e-16
YDL083C,YDR264C,4.664645380638506e-16
YDL083C,YLR110C,2.353328686435785e-12
YDL083C,YDR379W,0.7688617706298828
YDL083C,YDL100C,2.55105416723013e-18
YDL083C,YHR073W,1.5758091720385892e-08
YDL083C,YJR090C,0.0016548029379919171
YDL083C,YOR208W,0.0008822489762678742
YDL083C,YBR040W,4.8523837904212996e-05
YDL083C,YNL279W,6.92702357696362e-08
YDL083C,YER075C,1.5629198239427988e-12
YDL083C,YCR089W,2.4577104795753257e-09
YDL083C,YCR002C,2.4220467821578495e-05
YDL083C,YJL108C,7.041974754429248e-07
YDL083C,YBR200W,1.618230688338329e-10
YDL083C,YIL026C,1.0821857708498962e-16
YDL083C,YJR076C,3.3256317692575976e-05
YDL083C,YKR031C,1.240031542693032e-05
YDL083C,YPL192C,1.8101560528283045e-10
YDL083C,YHR107C,2.8586911867023446e-05
YDL083C,YIL037C,2.83677650259051e-07
YDL083C,YPL156C,6.380601553246379e-05
YDL083C,YIL117C,9.549449447344982e-18
YDL083C,YHR066W,8.017188021585634e-17
YDL083C,YML085C,3.2136854750809903e-32
YDL083C,YML047C,0.9999997615814209
YDL083C,YDR312W,1.1463675342326951e-08
YDL083C,YFL037W,3.458894060059947e-09
YDL083C,YDL038C,0.2020167112350464
YDL083C,YDL039C,3.8581937157127104e-18
YDL083C,YCL027W,2.2593773962853447e-07
YDL083C,YML124C,1.249117856067685e-25
YDL083C,YGL053W,2.5908856657319568e-11
YDL083C,YMR232W,0.9449623823165894
YDL083C,YNL298W,0.0003526468062773347
YDL083C,YGL099W,2.3806102488616032e-12
YDL083C,YBL016W,2.5337726685136414e-17
YDL083C,YAL041W,4.9485194608678285e-08
YDL083C,YDR085C,6.097635463220286e-08
YDL083C,YPL187W,8.992490307946355e-08
YDL083C,YPL256C,1.2620612888092353e-11
YDL083C,YDR461W,2.5206645798414584e-11
YDL083C,YNL145W,2.5667279412999733e-09
YLR157C,YDL165W,3.080065653193742e-06
YLR157C,YGR059W,1.2506496283037905e-08
YLR157C,YBR109C,7.40242640517863e-08
YLR157C,YJL080C,1.5355482185265557e-13
YLR157C,YCR093W,0.0014744384679943323
YLR157C,YIL122W,6.684200002382568e-07
YLR157C,YCL029C,2.9812140169699353e-12
YLR157C,YNL173C,5.301700412019272e-07
YLR157C,YLR452C,8.993317895944486e-11
YLR157C,YDL160C,2.1257195840007626e-05
YLR157C,YLR229C,5.567352134860926e-10
YLR157C,YML057W,2.788389741326114e-09
YLR157C,YER149C,3.052960428272201e-15
YLR157C,YMR305C,8.600746781439739e-09
YLR157C,YLR433C,6.684344407403842e-05
YLR157C,YJL073W,2.7267527089882247e-14
YLR157C,YGR279C,8.002174581633881e-05
YLR157C,YKL190W,9.590544358673014e-09
YLR157C,YGL089C,5.192306140600067e-09
YLR157C,YJL019W,5.556452009614077e-08
YLR157C,YJL018W,0.0001775200362317264
YLR157C,YNR032C-A,0.0011028532171621919
YLR157C,YGL178W,0.0411435104906559
YLR157C,YKL116C,6.108321315423382e-08
YLR157C,YDL214C,7.981704186477145e-08
YLR157C,YLR362W,2.79057257301929e-08
YLR157C,YER068W,2.6995019650091594e-14
YLR157C,YHR084W,1.3603610113932518e-06
YLR157C,YDR392W,1.752724710968323e-05
YLR157C,YNL053W,0.0007190562319010496
YLR157C,YGR040W,8.63599416334182e-05
YLR157C,YDL216C,9.344038858216663e-07
YLR157C,YOL117W,2.120661702065263e-05
YLR157C,YJR086W,7.247248455652042e-14
YLR157C,YMR025W,4.254999019792649e-09
YLR157C,YBR081C,1.9305254284063267e-07
YLR157C,YFL026W,4.209861799608916e-06
YLR157C,YHL007C,5.132637804355911e-12
YLR157C,YNR044W,0.002502917777746916
YLR157C,YNL271C,6.553753095772663e-10
YLR157C,YDR200C,4.171030013822019e-06
YLR157C,YKL178C,3.570899571059272e-05
YLR157C,YOR212W,1.385404124754075e-09
YLR157C,YOL111C,5.156418625418269e-10
YLR157C,YGL032C,2.570584989314284e-08
YLR157C,YHR005C,2.3669574633622403e-10
YLR157C,YDR103W,8.950503911364649e-07
YLR157C,YJR084W,1.4741459608558216e-07
YLR157C,YCL032W,8.304439234052552e-07
YLR157C,YJL170C,3.8026520599032665e-08
YLR157C,YDR179C,4.359500260786575e-10
YLR157C,YBR095C,2.0717339570085333e-15
YLR157C,YLL021W,4.677642209571786e-06
YLR157C,YDL159W,2.2387916942534503e-06
YLR157C,YNL161W,2.566694274719339e-05
YLR157C,YNL188W,4.6579240006394684e-05
YLR157C,YJL157C,1.0193456745355434e-08
YLR157C,YJL034W,1.1153982265262909e-14
YLR157C,YLR238W,1.691818951599089e-08
YLR157C,YPR141C,2.948216115683522e-10
YLR157C,YNL127W,1.8925188527418868e-08
YLR157C,YCL055W,2.461409374932e-11
YLR157C,YPR122W,3.5163330038522067e-13
YLR157C,YMR065W,6.9140469349804334e-06
YLR157C,YDR356W,6.17094508825744e-09
YLR157C,YMR052W,3.1254818733117418e-09
YLR157C,YFR008W,4.8728684305388015e-06
YLR157C,YLL043W,6.905879340601828e-11
YLR157C,YMR029C,1.8393748746348138e-09
YLR157C,YJR004C,2.8935903628735105e-07
YLR157C,YDL223C,3.777185161868424e-12
YLR157C,YHR158C,5.5621953833906446e-06
YLR157C,YGR238C,1.1001960046996828e-05
YLR157C,YIL015W,0.048870909959077835
YLR157C,YGL173C,0.007161242887377739
YLR157C,YDL225W,7.580999954370782e-05
YLR157C,YLR330W,3.7173125747358426e-05
YLR157C,YBR129C,0.0002008120354730636
YLR157C,YKR095W-A,0.2020167112350464
YLR157C,YPR075C,0.00011317986354697496
YLR157C,YMR198W,0.1482563465833664
YLR157C,YOR127W,4.398096109525795e-09
YLR157C,YDR264C,5.01967304528117e-12
YLR157C,YLR110C,2.359780773986131e-05
YLR157C,YDR379W,2.7267199698144395e-07
YLR157C,YDL100C,2.4820043798001734e-09
YLR157C,YHR073W,2.661523345465211e-12
YLR157C,YJR090C,1.3741519921950385e-07
YLR157C,YOR208W,2.808891849781503e-06
YLR157C,YBR040W,9.188865135456581e-08
YLR157C,YNL279W,6.967696890569641e-07
YLR157C,YER075C,1.4116788626949983e-08
YLR157C,YCR089W,1.514784435130423e-05
YLR157C,YCR002C,0.006930245086550713
YLR157C,YJL108C,1.288181020187018e-11
YLR157C,YBR200W,6.651698924997618e-08
YLR157C,YIL026C,0.002529310993850231
YLR157C,YJR076C,4.896072277915664e-05
YLR157C,YKR031C,0.9991242289543152
YLR157C,YPL192C,0.0023346818052232265
YLR157C,YHR107C,9.743469126988202e-05
YLR157C,YIL037C,8.96270194061799e-07
YLR157C,YPL156C,7.090514486662869e-07
YLR157C,YIL117C,0.016900457441806793
YLR157C,YHR066W,1.129131926846938e-10
YLR157C,YML085C,1.5863789231893022e-12
YLR157C,YML047C,1.488625343881722e-06
YLR157C,YDR312W,9.09824393602321e-09
YLR157C,YFL037W,0.0003967168158851564
YLR157C,YDL038C,0.2020167112350464
YLR157C,YDL039C,5.07622388568052e-10
YLR157C,YCL027W,3.89353863283759e-06
YLR157C,YML124C,7.425908221669886e-10
YLR157C,YGL053W,2.240352348081842e-11
YLR157C,YMR232W,2.1577353948032396e-07
YLR157C,YNL298W,0.19055743515491486
YLR157C,YGL099W,8.045452304372702e-09
YLR157C,YBL016W,3.1533029225955245e-12
YLR157C,YAL041W,1.746196416629875e-11
YLR157C,YDR085C,1.9281133063486777e-05
YLR157C,YPL187W,4.46004975174219e-07
YLR157C,YPL256C,2.8899802373416605e-07
YLR157C,YDR461W,9.71670299776406e-10
YLR157C,YNL145W,3.172711160459585e-08
YDR380W,YDL165W,3.1080370915814726e-11
YDR380W,YGR059W,6.393057402367085e-16
YDR380W,YBR109C,1.2158539453022144e-10
YDR380W,YJL080C,3.267948064933357e-11
YDR380W,YCR093W,0.06198021024465561
YDR380W,YIL122W,5.359726173992385e-07
YDR380W,YCL029C,1.7731551144166333e-17
YDR380W,YNL173C,7.772642529602081e-10
YDR380W,YLR452C,6.956076958886115e-06
YDR380W,YDL160C,3.47450708204633e-08
YDR380W,YLR229C,6.861804286018014e-05
YDR380W,YML057W,4.0125571722182094e-27
YDR380W,YER149C,5.442316139874744e-18
YDR380W,YMR305C,5.756866879903788e-14
YDR380W,YLR433C,6.677050947735685e-14
YDR380W,YJL073W,8.465018197512109e-08
YDR380W,YGR279C,0.023746848106384277
YDR380W,YKL190W,3.639783197062485e-10
YDR380W,YGL089C,0.0003658858477137983
YDR380W,YJL019W,1.8093256927420587e-12
YDR380W,YJL018W,9.973278793040663e-05
YDR380W,YNR032C-A,0.0016044375952333212
YDR380W,YGL178W,1.710895958240144e-05
YDR380W,YKL116C,3.7751942727481946e-05
YDR380W,YDL214C,0.001385179697535932
YDR380W,YLR362W,1.242651814781226e-10
YDR380W,YER068W,0.008302968926727772
YDR380W,YHR084W,5.154838681592163e-20
YDR380W,YDR392W,6.704524435630077e-11
YDR380W,YNL053W,4.195910818793891e-08
YDR380W,YGR040W,3.727870063422595e-13
YDR380W,YDL216C,6.804629637535697e-10
YDR380W,YOL117W,1.2213910993708055e-09
YDR380W,YJR086W,4.114512092715178e-15
YDR380W,YMR025W,1.176928021186241e-13
YDR380W,YBR081C,2.0831251390518446e-08
YDR380W,YFL026W,9.745721590848078e-12
YDR380W,YHL007C,7.140553475110459e-14
YDR380W,YNR044W,2.3006139144854387e-06
YDR380W,YNL271C,1.798471441216698e-11
YDR380W,YDR200C,3.4786180012902346e-12
YDR380W,YKL178C,0.6530843377113342
YDR380W,YOR212W,3.278640026138646e-09
YDR380W,YOL111C,0.009815177880227566
YDR380W,YGL032C,2.659259257242752e-09
YDR380W,YHR005C,1.818261985420122e-08
YDR380W,YDR103W,6.93347388391885e-08
YDR380W,YJR084W,1.3597326430864065e-17
YDR380W,YCL032W,5.499274646769692e-12
YDR380W,YJL170C,6.7220399168829714e-15
YDR380W,YDR179C,5.120693913340801e-07
YDR380W,YBR095C,3.0201991307876597e-07
YDR380W,YLL021W,1.8830694382271362e-13
YDR380W,YDL159W,9.6625262778519e-19
YDR380W,YNL161W,6.013223810441559e-06
YDR380W,YNL188W,6.0714766547675936e-12
YDR380W,YJL157C,3.5836234153763247e-12
YDR380W,YJL034W,1.2399412566751508e-17
YDR380W,YLR238W,7.475194685468978e-09
YDR380W,YPR141C,3.0400219657167327e-06
YDR380W,YNL127W,1.837694163508985e-10
YDR380W,YCL055W,1.4141912467457995e-11
YDR380W,YPR122W,0.09803435206413269
YDR380W,YMR065W,1.3161085068991163e-11
YDR380W,YDR356W,2.5536006432957947e-05
YDR380W,YMR052W,9.899898262277773e-11
YDR380W,YFR008W,3.366062853796259e-14
YDR380W,YLL043W,2.495364014976076e-06
YDR380W,YMR029C,6.532590912655678e-09
YDR380W,YJR004C,0.9847143292427063
YDR380W,YDL223C,4.91726993324948e-13
YDR380W,YHR158C,8.734082257433329e-07
YDR380W,YGR238C,9.600519490504666e-09
YDR380W,YIL015W,6.942203973139827e-13
YDR380W,YGL173C,2.844719119821093e-06
YDR380W,YDL225W,1.123461101926182e-09
YDR380W,YLR330W,1.1562494745919024e-19
YDR380W,YBR129C,2.4033833256886794e-10
YDR380W,YKR095W-A,0.2020167112350464
YDR380W,YPR075C,1.0241004203174835e-16
YDR380W,YMR198W,2.9337354590097675e-06
YDR380W,YOR127W,2.960041172173078e-07
YDR380W,YDR264C,9.737179812452368e-11
YDR380W,YLR110C,0.000429190433351323
YDR380W,YDR379W,7.628198728470937e-17
YDR380W,YDL100C,5.351025178512714e-11
YDR380W,YHR073W,3.909646650868126e-08
YDR380W,YJR090C,3.1812999168323586e-06
YDR380W,YOR208W,1.135225213766617e-15
YDR380W,YBR040W,6.188070944546098e-09
YDR380W,YNL279W,6.356827564335532e-11
YDR380W,YER075C,0.0002547896292526275
YDR380W,YCR089W,5.150823562871665e-05
YDR380W,YCR002C,2.3122079255699646e-06
YDR380W,YJL108C,4.312948869572564e-12
YDR380W,YBR200W,9.716143267723965e-07
YDR380W,YIL026C,9.741368600657552e-09
YDR380W,YJR076C,0.11701580882072449
YDR380W,YKR031C,4.18133616619798e-09
YDR380W,YPL192C,2.4082737540287447e-11
YDR380W,YHR107C,1.5361401040081546e-09
YDR380W,YIL037C,3.13937427165456e-08
YDR380W,YPL156C,4.619916255110823e-11
YDR380W,YIL117C,1.362076370010107e-21
YDR380W,YHR066W,2.705551653320334e-19
YDR380W,YML085C,6.173714837132138e-07
YDR380W,YML047C,0.6149755120277405
YDR380W,YDR312W,1.0333352182007472e-14
YDR380W,YFL037W,5.682494702341501e-06
YDR380W,YDL038C,0.2020167112350464
YDR380W,YDL039C,1.3202731500174219e-17
YDR380W,YCL027W,1.6714669648365543e-09
YDR380W,YML124C,1.29228374134982e-06
YDR380W,YGL053W,1.8648559259315522e-12
YDR380W,YMR232W,8.983956634178725e-11
YDR380W,YNL298W,5.011415282751841e-09
YDR380W,YGL099W,9.26552065205139e-21
YDR380W,YBL016W,2.4896187824197114e-05
YDR380W,YAL041W,1.76986458821915e-09
YDR380W,YDR085C,3.573924090005676e-08
YDR380W,YPL187W,9.103467762602846e-13
YDR380W,YPL256C,4.5441879592544865e-08
YDR380W,YDR461W,2.1583379446571507e-19
YDR380W,YNL145W,0.0002934799704235047
YBR093C,YDL165W,8.891196223714815e-09
YBR093C,YGR059W,5.265845629764954e-06
YBR093C,YBR109C,1.3002614984714e-08
YBR093C,YJL080C,6.458420170191159e-12
YBR093C,YCR093W,6.502860055990212e-11
YBR093C,YIL122W,4.794631056724151e-16
YBR093C,YCL029C,1.829759987970192e-08
YBR093C,YNL173C,8.643429721955087e-11
YBR093C,YLR452C,9.991445865109583e-11
YBR093C,YDL160C,7.329942945943912e-07
YBR093C,YLR229C,1.7916367174575232e-12
YBR093C,YML057W,6.313447316753495e-15
YBR093C,YER149C,2.636435236791357e-10
YBR093C,YMR305C,4.447694990084017e-11
YBR093C,YLR433C,1.572172836361574e-09
YBR093C,YJL073W,7.710088643919644e-12
YBR093C,YGR279C,5.4399501803149494e-14
YBR093C,YKL190W,3.1634646013856127e-09
YBR093C,YGL089C,6.074085123221849e-15
YBR093C,YJL019W,6.793301281504682e-07
YBR093C,YJL018W,0.0002668503439053893
YBR093C,YNR032C-A,0.0002285439259139821
YBR093C,YGL178W,0.014103882946074009
YBR093C,YKL116C,4.1972627630448844e-12
YBR093C,YDL214C,2.329909876142011e-10
YBR093C,YLR362W,5.462830467220243e-16
YBR093C,YER068W,0.002545434283092618
YBR093C,YHR084W,3.104974630450499e-18
YBR093C,YDR392W,3.008865379072745e-10
YBR093C,YNL053W,5.082358978114598e-09
YBR093C,YGR040W,4.970383997715544e-06
YBR093C,YDL216C,8.09812448210323e-08
YBR093C,YOL117W,1.8212942136531368e-17
YBR093C,YJR086W,3.418277956307778e-16
YBR093C,YMR025W,6.875193889754883e-07
YBR093C,YBR081C,1.2885188521629537e-13
YBR093C,YFL026W,1.4196713466266275e-12
YBR093C,YHL007C,3.294045314294891e-10
YBR093C,YNR044W,9.434563986428717e-17
YBR093C,YNL271C,6.305607078149755e-13
YBR093C,YDR200C,2.1586390661076926e-11
YBR093C,YKL178C,8.913739293348044e-06
YBR093C,YOR212W,1.768707846849793e-08
YBR093C,YOL111C,3.7942075154472066e-14
YBR093C,YGL032C,2.504805706848856e-06
YBR093C,YHR005C,2.7149266657033877e-07
YBR093C,YDR103W,0.00044977074139751494
YBR093C,YJR084W,3.914331532517412e-12
YBR093C,YCL032W,2.959160059250264e-19
YBR093C,YJL170C,1.9600105360950693e-07
YBR093C,YDR179C,7.762519793619305e-11
YBR093C,YBR095C,2.9270908613598934e-11
YBR093C,YLL021W,5.333494063064492e-13
YBR093C,YDL159W,5.295732186105795e-10
YBR093C,YNL161W,1.0191336706835696e-12
YBR093C,YNL188W,2.4662672078179515e-12
YBR093C,YJL157C,1.1035453800767314e-11
YBR093C,YJL034W,3.393963235454045e-11
YBR093C,YLR238W,2.5168308184220223e-06
YBR093C,YPR141C,1.3594943482075905e-07
YBR093C,YNL127W,1.9834391074002866e-10
YBR093C,YCL055W,3.1816849564650117e-20
YBR093C,YPR122W,0.00019072041322942823
YBR093C,YMR065W,1.4411639659428488e-09
YBR093C,YDR356W,5.621039690595353e-06
YBR093C,YMR052W,2.274084181408398e-06
YBR093C,YFR008W,1.203083712653097e-07
YBR093C,YLL043W,1.802371298254002e-05
YBR093C,YMR029C,7.781698485587185e-08
YBR093C,YJR004C,2.322622998402889e-15
YBR093C,YDL223C,5.649176127429413e-16
YBR093C,YHR158C,2.4744984330027364e-05
YBR093C,YGR238C,5.9266817231673485e-08
YBR093C,YIL015W,2.7514997225086546e-11
YBR093C,YGL173C,7.359813935181592e-06
YBR093C,YDL225W,6.532992029295581e-12
YBR093C,YLR330W,9.753857471055463e-14
YBR093C,YBR129C,6.445935452070728e-10
YBR093C,YKR095W-A,0.2020167112350464
YBR093C,YPR075C,1.2511481628507681e-08
YBR093C,YMR198W,3.528797242324799e-05
YBR093C,YOR127W,2.7581464889792073e-11
YBR093C,YDR264C,7.319087558244064e-07
YBR093C,YLR110C,7.197942883521073e-18
YBR093C,YDR379W,1.4542637203004158e-16
YBR093C,YDL100C,1.5410509807738874e-15
YBR093C,YHR073W,4.128178687778927e-09
YBR093C,YJR090C,6.179227702435286e-12
YBR093C,YOR208W,3.693549077699032e-10
YBR093C,YBR040W,0.0013721151044592261
YBR093C,YNL279W,6.727663276251405e-05
YBR093C,YER075C,2.1582369299721904e-05
YBR093C,YCR089W,4.245658544732578e-07
YBR093C,YCR002C,7.969923583128844e-17
YBR093C,YJL108C,1.774518976205286e-09
YBR093C,YBR200W,3.4492304845645805e-12
YBR093C,YIL026C,3.839108393167978e-14
YBR093C,YJR076C,5.805973648902174e-13
YBR093C,YKR031C,1.4335826969968934e-10
YBR093C,YPL192C,0.054730094969272614
YBR093C,YHR107C,9.703247627612654e-08
YBR093C,YIL037C,0.7147879004478455
YBR093C,YPL156C,2.117378754967758e-12
YBR093C,YIL117C,3.886007591017912e-14
YBR093C,YHR066W,2.74482853113156e-10
YBR093C,YML085C,3.4666185770817414e-22
YBR093C,YML047C,0.011612742207944393
YBR093C,YDR312W,3.406874245859775e-16
YBR093C,YFL037W,7.523602400805185e-12
YBR093C,YDL038C,0.2020167112350464
YBR093C,YDL039C,2.4002615006679662e-08
YBR093C,YCL027W,2.9211025776021415e-06
YBR093C,YML124C,2.641195967687943e-18
YBR093C,YGL053W,6.703363179209193e-14
YBR093C,YMR232W,7.1834042500995565e-06
YBR093C,YNL298W,1.0231893457501862e-11
YBR093C,YGL099W,5.716907746263232e-21
YBR093C,YBL016W,2.0247764496161835e-06
YBR093C,YAL041W,6.446002487336955e-08
YBR093C,YDR085C,3.936998643760958e-11
YBR093C,YPL187W,0.0003846210311166942
YBR093C,YPL256C,1.2695581382232788e-14
YBR093C,YDR461W,2.368923279760793e-09
YBR093C,YNL145W,4.445559588853176e-14
YBL088C,YDL165W,1.4144206943456084e-06
YBL088C,YGR059W,5.432687544271175e-08
YBL088C,YBR109C,1.1842901585623622e-05
YBL088C,YJL080C,1.2917246439148045e-10
YBL088C,YCR093W,4.5185097525838297e-23
YBL088C,YIL122W,1.1320964998784433e-11
YBL088C,YCL029C,3.0881228834950952e-15
YBL088C,YNL173C,1.9702883768957236e-09
YBL088C,YLR452C,0.030798641964793205
YBL088C,YDL160C,1.9158080677428302e-10
YBL088C,YLR229C,1.1079411024184083e-06
YBL088C,YML057W,2.8453886382479032e-12
YBL088C,YER149C,5.969558885838416e-14
YBL088C,YMR305C,4.571285444399109e-06
YBL088C,YLR433C,7.58651867727167e-06
YBL088C,YJL073W,1.2462531628898432e-07
YBL088C,YGR279C,1.7056154320016503e-06
YBL088C,YKL190W,0.0011297829914838076
YBL088C,YGL089C,0.9689741730690002
YBL088C,YJL019W,2.0445429527171655e-06
YBL088C,YJL018W,0.2020167112350464
YBL088C,YNR032C-A,0.9616833329200745
YBL088C,YGL178W,9.91408022343876e-09
YBL088C,YKL116C,1.410514300914656e-06
YBL088C,YDL214C,7.556734793467967e-09
YBL088C,YLR362W,1.4277439230880873e-09
YBL088C,YER068W,2.8594484419164345e-11
YBL088C,YHR084W,4.952791510248744e-10
YBL088C,YDR392W,9.091062125321514e-09
YBL088C,YNL053W,2.011660615863775e-09
YBL088C,YGR040W,7.877137250034139e-05
YBL088C,YDL216C,0.013461454771459103
YBL088C,YOL117W,2.427267631333052e-08
YBL088C,YJR086W,1.25712699798608e-14
YBL088C,YMR025W,7.775876292726025e-05
YBL088C,YBR081C,5.719594753372803e-08
YBL088C,YFL026W,0.9835530519485474
YBL088C,YHL007C,5.556896454095295e-08
YBL088C,YNR044W,0.9868075251579285
YBL088C,YNL271C,0.00036793944309465587
YBL088C,YDR200C,0.7162131071090698
YBL088C,YKL178C,4.8770619542892746e-08
YBL088C,YOR212W,0.000571780139580369
YBL088C,YOL111C,2.3468510335078463e-06
YBL088C,YGL032C,4.4256776927020444e-14
YBL088C,YHR005C,0.0004004946385975927
YBL088C,YDR103W,0.00026998165412805974
YBL088C,YJR084W,1.8247046928987487e-10
YBL088C,YCL032W,9.366172420977037e-11
YBL088C,YJL170C,5.247695256116458e-08
YBL088C,YDR179C,0.00025882909540086985
YBL088C,YBR095C,1.2249570602307358e-07
YBL088C,YLL021W,0.08503825217485428
YBL088C,YDL159W,2.5685105153883114e-09
YBL088C,YNL161W,0.01942269876599312
YBL088C,YNL188W,5.394340041675605e-05
YBL088C,YJL157C,0.000868776929564774
YBL088C,YJL034W,4.0650601818015275e-07
YBL088C,YLR238W,4.071223429491511e-06
YBL088C,YPR141C,5.407636116672165e-09
YBL088C,YNL127W,6.939265606575873e-09
YBL088C,YCL055W,1.808387573021264e-08
YBL088C,YPR122W,0.06899388879537582
YBL088C,YMR065W,1.2844020602642559e-06
YBL088C,YDR356W,2.007475086429622e-05
YBL088C,YMR052W,2.461634949213476e-06
YBL088C,YFR008W,0.005540566053241491
YBL088C,YLL043W,0.004944280255585909
YBL088C,YMR029C,3.9361033543627855e-08
YBL088C,YJR004C,1.4468187932437093e-12
YBL088C,YDL223C,3.5668143785749784e-12
YBL088C,YHR158C,0.8688852190971375
YBL088C,YGR238C,6.586382369277999e-05
YBL088C,YIL015W,0.01581134833395481
YBL088C,YGL173C,0.00019289289775770158
YBL088C,YDL225W,1.348608030804499e-10
YBL088C,YLR330W,5.685177328906832e-10
YBL088C,YBR129C,4.498816608133893e-08
YBL088C,YKR095W-A,0.2020167112350464
YBL088C,YPR075C,4.58968330008247e-08
YBL088C,YMR198W,1.1184330794833386e-08
YBL088C,YOR127W,1.7945161744137295e-05
YBL088C,YDR264C,1.7444919819809002e-07
YBL088C,YLR110C,8.637223965560215e-13
YBL088C,YDR379W,0.0001506746921222657
YBL088C,YDL100C,8.695770702615846e-06
YBL088C,YHR073W,9.825924962569843e-08
YBL088C,YJR090C,0.0045546735636889935
YBL088C,YOR208W,1.1907263797183987e-07
YBL088C,YBR040W,0.006629332900047302
YBL088C,YNL279W,0.0480605773627758
YBL088C,YER075C,3.9389735320582986e-05
YBL088C,YCR089W,2.5589588702689368e-14
YBL088C,YCR002C,1.048842956929974e-11
YBL088C,YJL108C,2.4235188789134554e-07
YBL088C,YBR200W,9.931444555633107e-11
YBL088C,YIL026C,4.676482603827026e-06
YBL088C,YJR076C,5.488032547873445e-05
YBL088C,YKR031C,4.008926043752581e-05
YBL088C,YPL192C,1.1270700518706267e-11
YBL088C,YHR107C,8.240198212661198e-07
YBL088C,YIL037C,0.0010887826792895794
YBL088C,YPL156C,0.025326743721961975
YBL088C,YIL117C,7.036436727503315e-05
YBL088C,YHR066W,8.122627570550378e-12
YBL088C,YML085C,0.9763298034667969
YBL088C,YML047C,2.2940099597690278e-07
YBL088C,YDR312W,0.16375762224197388
YBL088C,YFL037W,3.3285148942630016e-11
YBL088C,YDL038C,0.2020167112350464
YBL088C,YDL039C,7.319744810274642e-08
YBL088C,YCL027W,3.827547306878287e-11
YBL088C,YML124C,2.9657064715138404e-07
YBL088C,YGL053W,7.065452223287139e-08
YBL088C,YMR232W,3.0923272333893692e-06
YBL088C,YNL298W,2.280786975461524e-05
YBL088C,YGL099W,2.897846407279303e-09
YBL088C,YBL016W,3.47599851124869e-08
YBL088C,YAL041W,0.07658930867910385
YBL088C,YDR085C,8.191186986507282e-13
YBL088C,YPL187W,0.6588128805160522
YBL088C,YPL256C,1.0644504300216795e-06
YBL088C,YDR461W,0.15424498915672302
YBL088C,YNL145W,6.0380527244774385e-09
YML051W,YDL165W,8.766730388742872e-06
YML051W,YGR059W,4.6292686350923873e-10
YML051W,YBR109C,6.179402589623351e-06
YML051W,YJL080C,0.013983329758048058
YML051W,YCR093W,4.873797720961193e-08
YML051W,YIL122W,0.043549515306949615
YML051W,YCL029C,5.063510616309941e-05
YML051W,YNL173C,9.98984006628234e-08
YML051W,YLR452C,7.538855425082147e-05
YML051W,YDL160C,0.008599466644227505
YML051W,YLR229C,3.014400107304027e-08
YML051W,YML057W,1.7021842722897418e-05
YML051W,YER149C,0.05947365611791611
YML051W,YMR305C,1.4439638037977066e-18
YML051W,YLR433C,9.444838156014157e-07
YML051W,YJL073W,6.510773806211751e-16
YML051W,YGR279C,4.616885053110309e-05
YML051W,YKL190W,6.867272617228082e-08
YML051W,YGL089C,0.9959192872047424
YML051W,YJL019W,2.222489274572581e-05
YML051W,YJL018W,0.07077328860759735
YML051W,YNR032C-A,0.09107031673192978
YML051W,YGL178W,0.0005058436072431505
YML051W,YKL116C,0.20627610385417938
YML051W,YDL214C,0.0006538049201481044
YML051W,YLR362W,1.1702451956807636e-05
YML051W,YER068W,3.5562017728807405e-05
YML051W,YHR084W,2.9609981311295996e-07
YML051W,YDR392W,3.098825374081571e-08
YML051W,YNL053W,0.0008680135942995548
YML051W,YGR040W,1.3020954980902388e-08
YML051W,YDL216C,2.2875191518778593e-07
YML051W,YOL117W,2.1820781057613203e-06
YML051W,YJR086W,0.008723193779587746
YML051W,YMR025W,3.4828753996407613e-06
YML051W,YBR081C,0.21666525304317474
YML051W,YFL026W,2.267575780479092e-07
YML051W,YHL007C,1.9003844331511033e-10
YML051W,YNR044W,2.0516868914910447e-07
YML051W,YNL271C,0.002145972801372409
YML051W,YDR200C,1.4266402104112785e-06
YML051W,YKL178C,0.012993713840842247
YML051W,YOR212W,2.1977311916998588e-06
YML051W,YOL111C,5.7595436373958364e-05
YML051W,YGL032C,1.4071624718781095e-05
YML051W,YHR005C,6.150655826786533e-05
YML051W,YDR103W,0.0044530704617500305
YML051W,YJR084W,0.00408361479640007
YML051W,YCL032W,8.597613287975037e-09
YML051W,YJL170C,3.4576964935695287e-06
YML051W,YDR179C,0.03380553796887398
YML051W,YBR095C,2.356671628678253e-11
YML051W,YLL021W,0.0002928371250163764
YML051W,YDL159W,6.057843165763188e-06
YML051W,YNL161W,1.0594242212391691e-06
YML051W,YNL188W,6.187586887307361e-09
YML051W,YJL157C,4.850413959367472e-10
YML051W,YJL034W,1.4478435811371426e-15
YML051W,YLR238W,4.2249803300364874e-06
YML051W,YPR141C,0.0018909528153017163
YML051W,YNL127W,0.4799678325653076
YML051W,YCL055W,3.539170096312355e-13
YML051W,YPR122W,1.1338728711507429e-07
YML051W,YMR065W,5.534747060664813e-07
YML051W,YDR356W,1.9276217244623695e-06
YML051W,YMR052W,5.415163073507756e-08
YML051W,YFR008W,2.3880040167512107e-09
YML051W,YLL043W,5.5871886978087204e-11
YML051W,YMR029C,7.355885463766754e-05
YML051W,YJR004C,5.57748425222826e-09
YML051W,YDL223C,7.825790817150846e-05
YML051W,YHR158C,0.09668507426977158
YML051W,YGR238C,2.3768446766325724e-08
YML051W,YIL015W,5.876494810763688e-07
YML051W,YGL173C,0.9897087216377258
YML051W,YDL225W,0.0007381879258900881
YML051W,YLR330W,1.661024562338298e-08
YML051W,YBR129C,4.55483040173732e-10
YML051W,YKR095W-A,0.2020167112350464
YML051W,YPR075C,3.316519896711355e-14
YML051W,YMR198W,1.9991613697811772e-08
YML051W,YOR127W,5.1216556329336527e-08
YML051W,YDR264C,0.00012111358955735341
YML051W,YLR110C,8.062708366196603e-05
YML051W,YDR379W,1.4131145690043923e-05
YML051W,YDL100C,2.958933662325358e-12
YML051W,YHR073W,2.2058049831130688e-10
YML051W,YJR090C,1.4794621165492572e-05
YML051W,YOR208W,5.007156289593695e-08
YML051W,YBR040W,0.007097423076629639
YML051W,YNL279W,0.2557370960712433
YML051W,YER075C,2.4496021530651113e-11
YML051W,YCR089W,1.0053944343724197e-09
YML051W,YCR002C,3.079540533690306e-08
YML051W,YJL108C,2.40747044699674e-06
YML051W,YBR200W,2.9643771881637804e-07
YML051W,YIL026C,0.0018808802124112844
YML051W,YJR076C,2.059174164514843e-08
YML051W,YKR031C,1.7260592954926324e-08
YML051W,YPL192C,0.001299111871048808
YML051W,YHR107C,2.4108510743303668e-08
YML051W,YIL037C,1.4384588098437234e-07
YML051W,YPL156C,4.0365913736573056e-12
YML051W,YIL117C,0.0009406498284079134
YML051W,YHR066W,1.6122908563787064e-10
YML051W,YML085C,4.853194823795093e-08
YML051W,YML047C,1.7565096641192213e-05
YML051W,YDR312W,1.260448900808342e-08
YML051W,YFL037W,1.1823190249060644e-07
YML051W,YDL038C,0.2020167112350464
YML051W,YDL039C,1.793886653805865e-12
YML051W,YCL027W,0.81170254945755
YML051W,YML124C,3.4648316216134845e-08
YML051W,YGL053W,2.432619661263402e-09
YML051W,YMR232W,1.7281547570746625e-06
YML051W,YNL298W,1.4854076653136872e-06
YML051W,YGL099W,2.839425092618364e-12
YML051W,YBL016W,8.224548304518387e-17
YML051W,YAL041W,4.4592246695174254e-07
YML051W,YDR085C,1.0355471431466867e-06
YML051W,YPL187W,0.4516419470310211
YML051W,YPL256C,1.0925531590544324e-09
YML051W,YDR461W,1.4588285246475152e-08
YML051W,YNL145W,2.918897052950342e-06
YBL103C,YDL165W,0.032382745295763016
YBL103C,YGR059W,1.845902120392595e-12
YBL103C,YBR109C,0.0001988612930290401
YBL103C,YJL080C,1.6690817574271932e-05
YBL103C,YCR093W,0.00012502048048190773
YBL103C,YIL122W,1.834152207891293e-08
YBL103C,YCL029C,4.508344739195813e-11
YBL103C,YNL173C,7.410099442495266e-06
YBL103C,YLR452C,1.7123026907484018e-07
YBL103C,YDL160C,0.014866338111460209
YBL103C,YLR229C,0.0109521159902215
YBL103C,YML057W,1.263641274951155e-11
YBL103C,YER149C,0.0016686066519469023
YBL103C,YMR305C,3.552014149477145e-08
YBL103C,YLR433C,4.4047266101188143e-07
YBL103C,YJL073W,1.157282270014548e-07
YBL103C,YGR279C,3.4711554519617493e-08
YBL103C,YKL190W,3.300784125193079e-12
YBL103C,YGL089C,3.711930048666545e-06
YBL103C,YJL019W,1.39879344218663e-10
YBL103C,YJL018W,0.00013106653932482004
YBL103C,YNR032C-A,0.8438029289245605
YBL103C,YGL178W,2.4720492319829646e-07
YBL103C,YKL116C,6.6114648689108435e-06
YBL103C,YDL214C,0.8375149965286255
YBL103C,YLR362W,2.2116658726645255e-07
YBL103C,YER068W,8.245418143815186e-07
YBL103C,YHR084W,1.423005051466586e-13
YBL103C,YDR392W,0.6093882918357849
YBL103C,YNL053W,3.6584964391295216e-07
YBL103C,YGR040W,2.112460650849357e-09
YBL103C,YDL216C,2.728665720042045e-07
YBL103C,YOL117W,2.423902969894698e-06
YBL103C,YJR086W,1.428223157518005e-07
YBL103C,YMR025W,0.11402437090873718
YBL103C,YBR081C,1.854702532000374e-05
YBL103C,YFL026W,1.991449893878894e-09
YBL103C,YHL007C,0.0005462478147819638
YBL103C,YNR044W,2.6280444834214656e-11
YBL103C,YNL271C,0.9936436414718628
YBL103C,YDR200C,0.0014213556423783302
YBL103C,YKL178C,0.00011723561328835785
YBL103C,YOR212W,4.556450702852821e-12
YBL103C,YOL111C,1.9517141236491398e-09
YBL103C,YGL032C,1.7264675022943266e-08
YBL103C,YHR005C,2.218239569629077e-05
YBL103C,YDR103W,1.0906095582186026e-07
YBL103C,YJR084W,2.8011041836722983e-12
YBL103C,YCL032W,0.1387159377336502
YBL103C,YJL170C,2.493703507577827e-11
YBL103C,YDR179C,3.886178601142376e-10
YBL103C,YBR095C,3.0301862352644093e-06
YBL103C,YLL021W,0.0002981394645757973
YBL103C,YDL159W,3.225433919951115e-09
YBL103C,YNL161W,0.0001707213232293725
YBL103C,YNL188W,3.398496062345657e-08
YBL103C,YJL157C,6.16351103488455e-09
YBL103C,YJL034W,1.4016150906570601e-08
YBL103C,YLR238W,0.009518771432340145
YBL103C,YPR141C,2.067480693312973e-07
YBL103C,YNL127W,0.1734892725944519
YBL103C,YCL055W,9.95499863098992e-11
YBL103C,YPR122W,0.00329003669321537
YBL103C,YMR065W,1.1446153358463107e-08
YBL103C,YDR356W,0.0004532952734734863
YBL103C,YMR052W,3.170291407172954e-08
YBL103C,YFR008W,3.720435870491201e-06
YBL103C,YLL043W,3.226524082633464e-12
YBL103C,YMR029C,1.5692695853886107e-07
YBL103C,YJR004C,0.8419718742370605
YBL103C,YDL223C,1.1483402886369731e-06
YBL103C,YHR158C,6.358834070852026e-06
YBL103C,YGR238C,9.478576430410612e-07
YBL103C,YIL015W,1.0229532421135445e-07
YBL103C,YGL173C,1.6256414880899683e-08
YBL103C,YDL225W,6.5656706738082e-08
YBL103C,YLR330W,1.5725309765457496e-07
YBL103C,YBR129C,1.431084001524141e-05
YBL103C,YKR095W-A,0.2020167112350464
YBL103C,YPR075C,9.372190523659896e-12
YBL103C,YMR198W,0.0006488003418780863
YBL103C,YOR127W,0.9827105402946472
YBL103C,YDR264C,6.616283826588187e-06
YBL103C,YLR110C,0.0005518468678928912
YBL103C,YDR379W,0.6236284375190735
YBL103C,YDL100C,1.6659638113480923e-09
YBL103C,YHR073W,0.9986054301261902
YBL103C,YJR090C,0.03940559923648834
YBL103C,YOR208W,0.0006554004503414035
YBL103C,YBR040W,0.0003808853798545897
YBL103C,YNL279W,0.01633070409297943
YBL103C,YER075C,1.185459979069492e-07
YBL103C,YCR089W,0.1297702044248581
YBL103C,YCR002C,0.027923183515667915
YBL103C,YJL108C,4.8137487052013483e-11
YBL103C,YBR200W,1.1499327712272134e-08
YBL103C,YIL026C,6.884052254463313e-06
YBL103C,YJR076C,4.799954379276772e-13
YBL103C,YKR031C,0.0006897097919136286
YBL103C,YPL192C,0.0011729811085388064
YBL103C,YHR107C,1.3854172253857655e-09
YBL103C,YIL037C,0.0021855970844626427
YBL103C,YPL156C,9.230003428228883e-08
YBL103C,YIL117C,9.641294309403747e-05
YBL103C,YHR066W,3.3767316003552797e-21
YBL103C,YML085C,1.743852529045853e-08
YBL103C,YML047C,0.000578052073251456
YBL103C,YDR312W,0.014332382008433342
YBL103C,YFL037W,0.01414253655821085
YBL103C,YDL038C,0.2020167112350464
YBL103C,YDL039C,2.189005960712206e-22
YBL103C,YCL027W,3.537167714284806e-08
YBL103C,YML124C,1.1161259972345718e-14
YBL103C,YGL053W,4.985426294012996e-09
YBL103C,YMR232W,1.0828367891235757e-07
YBL103C,YNL298W,2.0741360629017436e-07
YBL103C,YGL099W,2.224818941543808e-14
YBL103C,YBL016W,7.961291131550197e-14
YBL103C,YAL041W,7.164617272792384e-06
YBL103C,YDR085C,4.599225948004326e-12
YBL103C,YPL187W,0.00031337348627857864
YBL103C,YPL256C,6.216502185713643e-19
YBL103C,YDR461W,2.8608919819816947e-05
YBL103C,YNL145W,0.0001688038173597306
YOR210W,YDL165W,1.1686516199205244e-09
YOR210W,YGR059W,3.390810418904544e-12
YOR210W,YBR109C,1.7165602628210763e-07
YOR210W,YJL080C,8.388026799366344e-06
YOR210W,YCR093W,4.648335379897617e-05
YOR210W,YIL122W,0.01474736351519823
YOR210W,YCL029C,2.0239970859254122e-15
YOR210W,YNL173C,8.119396284200775e-07
YOR210W,YLR452C,1.447580189051223e-06
YOR210W,YDL160C,0.026560338214039803
YOR210W,YLR229C,8.472915169477346e-07
YOR210W,YML057W,2.4374680876113053e-13
YOR210W,YER149C,5.303131729306187e-07
YOR210W,YMR305C,7.964095857460052e-05
YOR210W,YLR433C,0.0001947384880622849
YOR210W,YJL073W,2.6048584800264507e-07
YOR210W,YGR279C,1.9300670828670263e-05
YOR210W,YKL190W,0.0031336857937276363
YOR210W,YGL089C,0.0003453687240835279
YOR210W,YJL019W,0.00043996766908094287
YOR210W,YJL018W,9.582450002199039e-05
YOR210W,YNR032C-A,0.0022405546624213457
YOR210W,YGL178W,0.00017042190302163363
YOR210W,YKL116C,5.397089372638497e-11
YOR210W,YDL214C,4.4526457521065765e-10
YOR210W,YLR362W,2.074481564307007e-08
YOR210W,YER068W,5.523226320747199e-10
YOR210W,YHR084W,6.815387365577408e-09
YOR210W,YDR392W,3.1284444048651494e-06
YOR210W,YNL053W,0.02296149544417858
YOR210W,YGR040W,5.415005777109627e-09
YOR210W,YDL216C,1.7802965885493904e-05
YOR210W,YOL117W,1.3020736398805521e-11
YOR210W,YJR086W,4.7916354911636816e-11
YOR210W,YMR025W,5.685675819044889e-10
YOR210W,YBR081C,0.0002233328705187887
YOR210W,YFL026W,0.9944695234298706
YOR210W,YHL007C,6.573953328370408e-07
YOR210W,YNR044W,4.6422687915992356e-09
YOR210W,YNL271C,3.9570217762185944e-12
YOR210W,YDR200C,4.895925940218149e-07
YOR210W,YKL178C,0.0007713119848631322
YOR210W,YOR212W,2.080956846839399e-06
YOR210W,YOL111C,5.732467524110889e-17
YOR210W,YGL032C,3.9769201265471565e-09
YOR210W,YHR005C,0.9983750581741333
YOR210W,YDR103W,2.2726970200892538e-05
YOR210W,YJR084W,2.12081437481193e-12
YOR210W,YCL032W,8.813426334228214e-13
YOR210W,YJL170C,8.804462413536385e-05
YOR210W,YDR179C,1.1326855252347112e-12
YOR210W,YBR095C,3.300369280623272e-05
YOR210W,YLL021W,0.00011631740198936313
YOR210W,YDL159W,1.341674167598672e-12
YOR210W,YNL161W,2.07585372891117e-07
YOR210W,YNL188W,4.9256718703816205e-09
YOR210W,YJL157C,0.06840432435274124
YOR210W,YJL034W,1.12317832812181e-09
YOR210W,YLR238W,9.725258820481031e-08
YOR210W,YPR141C,0.019095662981271744
YOR210W,YNL127W,0.9965335130691528
YOR210W,YCL055W,0.5299065709114075
YOR210W,YPR122W,0.030723370611667633
YOR210W,YMR065W,0.900928258895874
YOR210W,YDR356W,1.8823849146087923e-08
YOR210W,YMR052W,1.7946078401109844e-07
YOR210W,YFR008W,1.2659251901955826e-12
YOR210W,YLL043W,0.001073875930160284
YOR210W,YMR029C,6.136132726063115e-13
YOR210W,YJR004C,0.0001785009226296097
YOR210W,YDL223C,6.406289645189973e-16
YOR210W,YHR158C,0.00729893846437335
YOR210W,YGR238C,1.0929951388405357e-09
YOR210W,YIL015W,1.1785643437178805e-05
YOR210W,YGL173C,0.0002442901022732258
YOR210W,YDL225W,6.45304226720711e-11
YOR210W,YLR330W,4.927543616195518e-12
YOR210W,YBR129C,1.6275247816111005e-08
YOR210W,YKR095W-A,0.2020167112350464
YOR210W,YPR075C,6.453696226363224e-18
YOR210W,YMR198W,0.001980046508833766
YOR210W,YOR127W,2.107427947428686e-11
YOR210W,YDR264C,0.0008513270295225084
YOR210W,YLR110C,0.8792706727981567
YOR210W,YDR379W,0.017698068171739578
YOR210W,YDL100C,4.3513548320106565e-08
YOR210W,YHR073W,5.64006995773525e-06
YOR210W,YJR090C,8.13990209280746e-06
YOR210W,YOR208W,0.0009596829186193645
YOR210W,YBR040W,7.74678192101419e-05
YOR210W,YNL279W,3.723409167794012e-12
YOR210W,YER075C,0.4349416494369507
YOR210W,YCR089W,3.153843186609606e-09
YOR210W,YCR002C,9.757570040846986e-08
YOR210W,YJL108C,0.004192901775240898
YOR210W,YBR200W,4.273049969416576e-11
YOR210W,YIL026C,4.232427949779627e-11
YOR210W,YJR076C,1.0800991212533972e-08
YOR210W,YKR031C,0.0034316156525164843
YOR210W,YPL192C,6.72708866389371e-09
YOR210W,YHR107C,1.953318928826775e-07
YOR210W,YIL037C,5.618106535543177e-10
YOR210W,YPL156C,7.950220606289804e-06
YOR210W,YIL117C,1.1980878298345488e-05
YOR210W,YHR066W,4.060813125761342e-07
YOR210W,YML085C,0.0001224569568876177
YOR210W,YML047C,0.02513997256755829
YOR210W,YDR312W,1.9623263014523218e-09
YOR210W,YFL037W,0.0006684869294986129
YOR210W,YDL038C,0.2020167112350464
YOR210W,YDL039C,1.2670651585722226e-06
YOR210W,YCL027W,4.132477915636326e-14
YOR210W,YML124C,8.096166792537218e-11
YOR210W,YGL053W,5.4571496925287163e-14
YOR210W,YMR232W,0.031404055655002594
YOR210W,YNL298W,9.426424185221549e-06
YOR210W,YGL099W,1.5406227682479567e-10
YOR210W,YBL016W,5.756005481277748e-12
YOR210W,YAL041W,0.10088128596544266
YOR210W,YDR085C,4.1928430505322467e-07
YOR210W,YPL187W,0.8521650433540344
YOR210W,YPL256C,3.117817186648608e-06
YOR210W,YDR461W,3.7565217702502656e-16
YOR210W,YNL145W,6.307042128145257e-12
YFL002W-A,YDL165W,3.233681127312593e-07
YFL002W-A,YGR059W,2.143131132470444e-05
YFL002W-A,YBR109C,0.0005180323496460915
YFL002W-A,YJL080C,2.2039982923161006e-06
YFL002W-A,YCR093W,6.494227272924036e-05
YFL002W-A,YIL122W,0.0002922140993177891
YFL002W-A,YCL029C,2.015599238802679e-05
YFL002W-A,YNL173C,1.5610958143952303e-06
YFL002W-A,YLR452C,1.3945068531029392e-06
YFL002W-A,YDL160C,0.00016807994688861072
YFL002W-A,YLR229C,0.0008402998209930956
YFL002W-A,YML057W,7.605490736750653e-06
YFL002W-A,YER149C,1.384273673465941e-06
YFL002W-A,YMR305C,0.00046235404442995787
YFL002W-A,YLR433C,0.004293928854167461
YFL002W-A,YJL073W,4.494148470257642e-06
YFL002W-A,YGR279C,3.963087874581106e-05
YFL002W-A,YKL190W,1.2875059383077314e-06
YFL002W-A,YGL089C,2.910880709805497e-07
YFL002W-A,YJL019W,1.0279421076120343e-05
YFL002W-A,YJL018W,0.2020167112350464
YFL002W-A,YNR032C-A,0.008764133788645267
YFL002W-A,YGL178W,8.674356649862602e-05
YFL002W-A,YKL116C,0.0009572255075909197
YFL002W-A,YDL214C,0.0002909997128881514
YFL002W-A,YLR362W,8.839137080940418e-06
YFL002W-A,YER068W,1.2310319107200485e-05
YFL002W-A,YHR084W,6.239131471375003e-05
YFL002W-A,YDR392W,1.3133656466379762e-05
YFL002W-A,YNL053W,0.00013587999274022877
YFL002W-A,YGR040W,0.00011233828990953043
YFL002W-A,YDL216C,8.094894837995525e-06
YFL002W-A,YOL117W,0.0022933839354664087
YFL002W-A,YJR086W,0.0005668100784532726
YFL002W-A,YMR025W,6.776366353733465e-05
YFL002W-A,YBR081C,9.164051562038367e-07
YFL002W-A,YFL026W,1.2646519280679058e-06
YFL002W-A,YHL007C,0.0025462699122726917
YFL002W-A,YNR044W,5.846582951107848e-08
YFL002W-A,YNL271C,0.0009619962074793875
YFL002W-A,YDR200C,8.480271208100021e-05
YFL002W-A,YKL178C,3.950846439693123e-05
YFL002W-A,YOR212W,2.1634792574332096e-05
YFL002W-A,YOL111C,4.3978827307000756e-05
YFL002W-A,YGL032C,3.5821626624965575e-06
YFL002W-A,YHR005C,4.6242662392614875e-06
YFL002W-A,YDR103W,0.0004006063099950552
YFL002W-A,YJR084W,7.33502529328689e-05
YFL002W-A,YCL032W,1.530970257590525e-05
YFL002W-A,YJL170C,2.2631589672528207e-05
YFL002W-A,YDR179C,6.111554853305279e-07
YFL002W-A,YBR095C,0.00010257287794956937
YFL002W-A,YLL021W,2.666010686880327e-06
YFL002W-A,YDL159W,0.0001751336531015113
YFL002W-A,YNL161W,0.0043693301267921925
YFL002W-A,YNL188W,2.1909067072556354e-05
YFL002W-A,YJL157C,1.775554301275406e-05
YFL002W-A,YJL034W,0.002119713928550482
YFL002W-A,YLR238W,7.158804692153353e-06
YFL002W-A,YPR141C,1.3223163477960043e-05
YFL002W-A,YNL127W,0.02524285390973091
YFL002W-A,YCL055W,5.61812328214728e-07
YFL002W-A,YPR122W,4.3424279283499345e-06
YFL002W-A,YMR065W,3.515873913784162e-06
YFL002W-A,YDR356W,8.27528992886073e-07
YFL002W-A,YMR052W,1.5974310372257605e-05
YFL002W-A,YFR008W,0.0006242765812203288
YFL002W-A,YLL043W,0.02321046032011509
YFL002W-A,YMR029C,4.5734366722172126e-05
YFL002W-A,YJR004C,7.060835196170956e-05
YFL002W-A,YDL223C,0.006484650075435638
YFL002W-A,YHR158C,5.357270310923923e-06
YFL002W-A,YGR238C,0.0002097472461173311
YFL002W-A,YIL015W,0.0007867556996643543
YFL002W-A,YGL173C,2.106667352563818e-06
YFL002W-A,YDL225W,2.2385568172467174e-06
YFL002W-A,YLR330W,1.6840123180372757e-06
YFL002W-A,YBR129C,0.000445637502707541
YFL002W-A,YKR095W-A,0.2020167112350464
YFL002W-A,YPR075C,0.0002861627144739032
YFL002W-A,YMR198W,1.4546282045557746e-06
YFL002W-A,YOR127W,0.012499507516622543
YFL002W-A,YDR264C,0.00014124735025689006
YFL002W-A,YLR110C,0.00029561109840869904
YFL002W-A,YDR379W,0.01067605521529913
YFL002W-A,YDL100C,8.243578122346662e-07
YFL002W-A,YHR073W,0.0001571211905684322
YFL002W-A,YJR090C,0.00016801872698124498
YFL002W-A,YOR208W,0.00010950669820886105
YFL002W-A,YBR040W,0.00013417363516055048
YFL002W-A,YNL279W,0.0005452262121252716
YFL002W-A,YER075C,0.00018192686547990888
YFL002W-A,YCR089W,3.093230702688743e-07
YFL002W-A,YCR002C,2.4005535124160815e-06
YFL002W-A,YJL108C,0.0006737999501638114
YFL002W-A,YBR200W,0.0005909492028877139
YFL002W-A,YIL026C,3.493333053938841e-07
YFL002W-A,YJR076C,3.762600044865394e-06
YFL002W-A,YKR031C,0.19795869290828705
YFL002W-A,YPL192C,6.477546412497759e-05
YFL002W-A,YHR107C,0.0027512123342603445
YFL002W-A,YIL037C,0.0007029091939330101
YFL002W-A,YPL156C,4.066567635163665e-05
YFL002W-A,YIL117C,9.964521430205764e-10
YFL002W-A,YHR066W,2.1761000112974216e-08
YFL002W-A,YML085C,0.03879733011126518
YFL002W-A,YML047C,0.00021917022240813822
YFL002W-A,YDR312W,5.0660029955906793e-05
YFL002W-A,YFL037W,2.9818067559972405e-05
YFL002W-A,YDL038C,0.2020167112350464
YFL002W-A,YDL039C,0.0002972641377709806
YFL002W-A,YCL027W,2.963025658164753e-10
YFL002W-A,YML124C,0.014269305393099785
YFL002W-A,YGL053W,3.1297843179345364e-06
YFL002W-A,YMR232W,1.1316727750454447e-06
YFL002W-A,YNL298W,4.917052501696162e-05
YFL002W-A,YGL099W,0.0004660521517507732
YFL002W-A,YBL016W,8.280774636659771e-06
YFL002W-A,YAL041W,0.00012988336675334722
YFL002W-A,YDR085C,0.00010892505815718323
YFL002W-A,YPL187W,1.610203798918519e-05
YFL002W-A,YPL256C,0.010295169427990913
YFL002W-A,YDR461W,0.00015519886801484972
YFL002W-A,YNL145W,0.0004074761818628758
YIL072W,YDL165W,0.000827949377708137
YIL072W,YGR059W,2.1307224630384007e-17
YIL072W,YBR109C,6.409778849185421e-14
YIL072W,YJL080C,0.015252882614731789
YIL072W,YCR093W,3.5079472463842823e-16
YIL072W,YIL122W,8.078500832198188e-05
YIL072W,YCL029C,1.7774573469569706e-15
YIL072W,YNL173C,0.00012159509788034484
YIL072W,YLR452C,0.9977971315383911
YIL072W,YDL160C,7.166701107053086e-05
YIL072W,YLR229C,6.542491437500075e-09
YIL072W,YML057W,6.801977724535391e-05
YIL072W,YER149C,0.18578501045703888
YIL072W,YMR305C,1.6722782447686768e-06
YIL072W,YLR433C,0.0008405564585700631
YIL072W,YJL073W,3.774794279237659e-12
YIL072W,YGR279C,2.825214784341057e-10
YIL072W,YKL190W,7.860057223141315e-12
YIL072W,YGL089C,9.84399894932153e-10
YIL072W,YJL019W,0.9891005158424377
YIL072W,YJL018W,0.0009423950687050819
YIL072W,YNR032C-A,0.27178746461868286
YIL072W,YGL178W,1.7036258270763938e-07
YIL072W,YKL116C,8.805915996390468e-09
YIL072W,YDL214C,6.188792758621275e-05
YIL072W,YLR362W,2.0779878468601964e-05
YIL072W,YER068W,0.011089136824011803
YIL072W,YHR084W,0.011755974031984806
YIL072W,YDR392W,1.8575687477095926e-07
YIL072W,YNL053W,0.0012859483249485493
YIL072W,YGR040W,3.3039707432180876e-06
YIL072W,YDL216C,6.514694064208015e-07
YIL072W,YOL117W,0.0003260724770370871
YIL072W,YJR086W,3.920690687664319e-06
YIL072W,YMR025W,0.002075247000902891
YIL072W,YBR081C,2.332856456632726e-05
YIL072W,YFL026W,0.014705892652273178
YIL072W,YHL007C,2.065130956907524e-06
YIL072W,YNR044W,6.182092704420938e-08
YIL072W,YNL271C,1.5644907591649826e-07
YIL072W,YDR200C,1.1637595207503182e-06
YIL072W,YKL178C,0.8325275182723999
YIL072W,YOR212W,0.9466345906257629
YIL072W,YOL111C,0.0031948406249284744
YIL072W,YGL032C,0.11449268460273743
YIL072W,YHR005C,0.0004665922315325588
YIL072W,YDR103W,0.004552628844976425
YIL072W,YJR084W,0.0003000282449647784
YIL072W,YCL032W,2.9101634990702507e-10
YIL072W,YJL170C,1.1349992057319014e-09
YIL072W,YDR179C,1.13619975650181e-08
YIL072W,YBR095C,6.68755501465057e-06
YIL072W,YLL021W,6.5268727666989435e-06
YIL072W,YDL159W,6.594266013229197e-14
YIL072W,YNL161W,0.007725252769887447
YIL072W,YNL188W,2.13666348503061e-10
YIL072W,YJL157C,3.5123124689562246e-05
YIL072W,YJL034W,6.894976145588316e-09
YIL072W,YLR238W,1.6996960766846314e-05
YIL072W,YPR141C,6.697602657368407e-05
YIL072W,YNL127W,3.2456293411087245e-05
YIL072W,YCL055W,1.7409991504013789e-10
YIL072W,YPR122W,1.969142289226511e-07
YIL072W,YMR065W,3.0075402719376143e-06
YIL072W,YDR356W,3.295340502518229e-05
YIL072W,YMR052W,6.953808042453602e-05
YIL072W,YFR008W,1.4310549545371032e-07
YIL072W,YLL043W,4.967905624653213e-06
YIL072W,YMR029C,2.302379398244625e-10
YIL072W,YJR004C,0.1575302928686142
YIL072W,YDL223C,0.4828232526779175
YIL072W,YHR158C,2.219309458428853e-10
YIL072W,YGR238C,2.349116678956875e-09
YIL072W,YIL015W,3.1787585612619296e-06
YIL072W,YGL173C,7.208420527149428e-08
YIL072W,YDL225W,2.4396470621468325e-07
YIL072W,YLR330W,1.2398967555782292e-05
YIL072W,YBR129C,3.647862811817504e-08
YIL072W,YKR095W-A,0.2020167112350464
YIL072W,YPR075C,1.915765102111777e-09
YIL072W,YMR198W,0.00023615742975380272
YIL072W,YOR127W,0.00023878221691120416
YIL072W,YDR264C,5.918206369415202e-09
YIL072W,YLR110C,0.0015823171706870198
YIL072W,YDR379W,4.818548671181588e-09
YIL072W,YDL100C,6.83387497701915e-08
YIL072W,YHR073W,9.402413743420102e-12
YIL072W,YJR090C,0.007224673870950937
YIL072W,YOR208W,0.020390929654240608
YIL072W,YBR040W,1.867182852777205e-09
YIL072W,YNL279W,4.2618489715096075e-07
YIL072W,YER075C,3.149219764964073e-07
YIL072W,YCR089W,4.4106188021525786e-14
YIL072W,YCR002C,0.001032560016028583
YIL072W,YJL108C,0.00011721103510353714
YIL072W,YBR200W,2.0522577415249543e-08
YIL072W,YIL026C,3.1834562719268433e-07
YIL072W,YJR076C,4.501252259814237e-09
YIL072W,YKR031C,1.34278502628149e-06
YIL072W,YPL192C,0.10948137938976288
YIL072W,YHR107C,0.0004399578319862485
YIL072W,YIL037C,5.8533998981147306e-08
YIL072W,YPL156C,7.36466608941555e-05
YIL072W,YIL117C,1.5349371551565127e-08
YIL072W,YHR066W,1.3544034516144166e-07
YIL072W,YML085C,3.968105829699198e-06
YIL072W,YML047C,0.0005258970195427537
YIL072W,YDR312W,1.3306596713391627e-08
YIL072W,YFL037W,0.9996901750564575
YIL072W,YDL038C,0.2020167112350464
YIL072W,YDL039C,1.7549055248702434e-17
YIL072W,YCL027W,5.285411663891182e-09
YIL072W,YML124C,6.30120192135486e-11
YIL072W,YGL053W,9.339417010778561e-05
YIL072W,YMR232W,9.918023347044169e-11
YIL072W,YNL298W,3.6244412758069423e-16
YIL072W,YGL099W,4.684547718625254e-07
YIL072W,YBL016W,4.559545985216573e-08
YIL072W,YAL041W,1.012285307661065e-12
YIL072W,YDR085C,0.00014918275701347739
YIL072W,YPL187W,2.9541618040695994e-09
YIL072W,YPL256C,2.6746876756078564e-05
YIL072W,YDR461W,3.5514567571226507e-06
YIL072W,YNL145W,0.9983470439910889
YLL019C,YDL165W,1.2108070279737149e-07
YLL019C,YGR059W,1.036027708067877e-09
YLL019C,YBR109C,6.670265429420397e-05
YLL019C,YJL080C,7.79356651037233e-06
YLL019C,YCR093W,0.07779712229967117
YLL019C,YIL122W,0.5975090861320496
YLL019C,YCL029C,5.112793388661885e-08
YLL019C,YNL173C,0.9988160133361816
YLL019C,YLR452C,1.7843115429627687e-08
YLL019C,YDL160C,0.0004906650865450501
YLL019C,YLR229C,9.34105264605023e-06
YLL019C,YML057W,1.7829020748649782e-07
YLL019C,YER149C,0.00017939707322511822
YLL019C,YMR305C,3.707322321133688e-05
YLL019C,YLR433C,0.287146657705307
YLL019C,YJL073W,1.0785478066210885e-10
YLL019C,YGR279C,0.04883318021893501
YLL019C,YKL190W,0.07775121182203293
YLL019C,YGL089C,0.8481391668319702
YLL019C,YJL019W,0.011397017166018486
YLL019C,YJL018W,0.0004946237313561141
YLL019C,YNR032C-A,0.9998975992202759
YLL019C,YGL178W,0.0002041071857092902
YLL019C,YKL116C,1.9853525046187315e-08
YLL019C,YDL214C,0.057566121220588684
YLL019C,YLR362W,0.9055676460266113
YLL019C,YER068W,3.0883634281053673e-06
YLL019C,YHR084W,4.952113480567732e-13
YLL019C,YDR392W,0.6277325749397278
YLL019C,YNL053W,0.001429632306098938
YLL019C,YGR040W,2.8260587896511424e-06
YLL019C,YDL216C,9.513635450275615e-05
YLL019C,YOL117W,0.09273998439311981
YLL019C,YJR086W,4.0290260548431905e-14
YLL019C,YMR025W,4.704008915723534e-06
YLL019C,YBR081C,0.9999979734420776
YLL019C,YFL026W,2.1555963936568945e-13
YLL019C,YHL007C,5.613022047157301e-09
YLL019C,YNR044W,0.9956615567207336
YLL019C,YNL271C,0.5414887070655823
YLL019C,YDR200C,2.5831329963921235e-08
YLL019C,YKL178C,0.12375259399414062
YLL019C,YOR212W,2.674717620720912e-07
YLL019C,YOL111C,2.0824377378741987e-12
YLL019C,YGL032C,1.2668851923081093e-06
YLL019C,YHR005C,6.801702966185985e-06
YLL019C,YDR103W,2.265146292756981e-07
YLL019C,YJR084W,2.3604144680500205e-11
YLL019C,YCL032W,0.1596565544605255
YLL019C,YJL170C,1.7910927185837977e-09
YLL019C,YDR179C,4.535618503497506e-14
YLL019C,YBR095C,7.03131092905096e-07
YLL019C,YLL021W,1.0190462489845231e-05
YLL019C,YDL159W,5.956323111946929e-17
YLL019C,YNL161W,0.15024326741695404
YLL019C,YNL188W,2.1726203058847204e-08
YLL019C,YJL157C,5.4024443237401815e-15
YLL019C,YJL034W,5.324330521827916e-15
YLL019C,YLR238W,0.305105596780777
YLL019C,YPR141C,4.201755473332014e-06
YLL019C,YNL127W,4.2666382796596736e-05
YLL019C,YCL055W,1.695972059678752e-05
YLL019C,YPR122W,0.0002945749438367784
YLL019C,YMR065W,0.9895257949829102
YLL019C,YDR356W,3.8738070529120705e-09
YLL019C,YMR052W,1.647251934855376e-07
YLL019C,YFR008W,3.7119352782610804e-05
YLL019C,YLL043W,0.9604212045669556
YLL019C,YMR029C,5.129741680320876e-07
YLL019C,YJR004C,0.000238597669522278
YLL019C,YDL223C,0.0001751231320668012
YLL019C,YHR158C,4.842340217692254e-07
YLL019C,YGR238C,2.6028722580062613e-11
YLL019C,YIL015W,6.463231693487614e-05
YLL019C,YGL173C,0.056812942028045654
YLL019C,YDL225W,5.155287681191112e-07
YLL019C,YLR330W,1.0618507462201165e-10
YLL019C,YBR129C,0.02194812521338463
YLL019C,YKR095W-A,0.2020167112350464
YLL019C,YPR075C,1.1406960709337e-07
YLL019C,YMR198W,1.7211159502039663e-05
YLL019C,YOR127W,0.154518261551857
YLL019C,YDR264C,1.1667400379167248e-10
YLL019C,YLR110C,0.00017553036741446704
YLL019C,YDR379W,0.0499674454331398
YLL019C,YDL100C,1.6319222639893383e-09
YLL019C,YHR073W,0.8689247965812683
YLL019C,YJR090C,3.245214611524716e-05
YLL019C,YOR208W,2.149258904182716e-08
YLL019C,YBR040W,0.0006039603031240404
YLL019C,YNL279W,6.255040716496296e-06
YLL019C,YER075C,0.9820966720581055
YLL019C,YCR089W,0.9952085614204407
YLL019C,YCR002C,8.872401667758822e-05
YLL019C,YJL108C,0.009064544923603535
YLL019C,YBR200W,0.0031763645820319653
YLL019C,YIL026C,8.551951395929791e-07
YLL019C,YJR076C,0.00017276914149988443
YLL019C,YKR031C,0.9999164342880249
YLL019C,YPL192C,0.0002497615641914308
YLL019C,YHR107C,4.293853050896246e-10
YLL019C,YIL037C,0.6060899496078491
YLL019C,YPL156C,0.269329696893692
YLL019C,YIL117C,6.226279225529652e-08
YLL019C,YHR066W,3.183771302150973e-10
YLL019C,YML085C,4.45632934997775e-07
YLL019C,YML047C,0.0017899497179314494
YLL019C,YDR312W,0.9620596766471863
YLL019C,YFL037W,9.645201998198516e-11
YLL019C,YDL038C,0.2020167112350464
YLL019C,YDL039C,4.611645287866395e-09
YLL019C,YCL027W,3.423328234930523e-05
YLL019C,YML124C,5.179194390931207e-15
YLL019C,YGL053W,2.709832891412134e-08
YLL019C,YMR232W,0.9957113265991211
YLL019C,YNL298W,0.9999988079071045
YLL019C,YGL099W,7.59656249016416e-09
YLL019C,YBL016W,8.319767948705703e-05
YLL019C,YAL041W,0.24108068645000458
YLL019C,YDR085C,4.5788897296006326e-07
YLL019C,YPL187W,3.615998025452427e-07
YLL019C,YPL256C,6.720903456880478e-06
YLL019C,YDR461W,2.6805526521329545e-15
YLL019C,YNL145W,5.394555028376269e-12
YDR202C,YDL165W,2.665701504156459e-05
YDR202C,YGR059W,2.3205316210805904e-06
YDR202C,YBR109C,0.019093787297606468
YDR202C,YJL080C,5.752743614806377e-09
YDR202C,YCR093W,0.0004941591178067029
YDR202C,YIL122W,0.4729986786842346
YDR202C,YCL029C,3.605393067429574e-11
YDR202C,YNL173C,0.0006389273912645876
YDR202C,YLR452C,0.00451633520424366
YDR202C,YDL160C,5.192714169766077e-08
YDR202C,YLR229C,0.9869762063026428
YDR202C,YML057W,0.0009759700624272227
YDR202C,YER149C,0.41301560401916504
YDR202C,YMR305C,9.72269699559547e-05
YDR202C,YLR433C,0.16096924245357513
YDR202C,YJL073W,7.6072249221475e-15
YDR202C,YGR279C,0.024332985281944275
YDR202C,YKL190W,0.7953270077705383
YDR202C,YGL089C,0.04236557334661484
YDR202C,YJL019W,5.559559940593317e-05
YDR202C,YJL018W,0.00034247737494297326
YDR202C,YNR032C-A,0.9944775700569153
YDR202C,YGL178W,0.18961255252361298
YDR202C,YKL116C,4.675467425840907e-05
YDR202C,YDL214C,0.36491647362709045
YDR202C,YLR362W,0.992268979549408
YDR202C,YER068W,2.0741270368427635e-14
YDR202C,YHR084W,0.000642145168967545
YDR202C,YDR392W,0.002594655379652977
YDR202C,YNL053W,9.812512871576473e-05
YDR202C,YGR040W,0.020235920324921608
YDR202C,YDL216C,0.24602188169956207
YDR202C,YOL117W,0.06622496992349625
YDR202C,YJR086W,6.037194179953076e-05
YDR202C,YMR025W,0.999990701675415
YDR202C,YBR081C,0.0031452886760234833
YDR202C,YFL026W,8.688525667821523e-06
YDR202C,YHL007C,0.0004112854367122054
YDR202C,YNR044W,0.00020543287973850965
YDR202C,YNL271C,3.812087743426673e-05
YDR202C,YDR200C,0.9999982118606567
YDR202C,YKL178C,0.08976373821496964
YDR202C,YOR212W,0.00014102864952292293
YDR202C,YOL111C,1.464502477621643e-11
YDR202C,YGL032C,0.005125924479216337
YDR202C,YHR005C,0.02929707244038582
YDR202C,YDR103W,0.23135550320148468
YDR202C,YJR084W,4.7655688831582665e-05
YDR202C,YCL032W,0.8759810328483582
YDR202C,YJL170C,0.0011859619989991188
YDR202C,YDR179C,1.2168574592408277e-08
YDR202C,YBR095C,0.9739171266555786
YDR202C,YLL021W,0.024984629824757576
YDR202C,YDL159W,1.9060846234708606e-09
YDR202C,YNL161W,0.023798638954758644
YDR202C,YNL188W,0.004143852274864912
YDR202C,YJL157C,1.9145334135828307e-06
YDR202C,YJL034W,7.018700204364237e-11
YDR202C,YLR238W,0.05095311999320984
YDR202C,YPR141C,2.6604863023749203e-07
YDR202C,YNL127W,0.0003042937023565173
YDR202C,YCL055W,2.1820085294166347e-07
YDR202C,YPR122W,0.00013465169467963278
YDR202C,YMR065W,4.1477589547866955e-05
YDR202C,YDR356W,2.7593562208494404e-06
YDR202C,YMR052W,0.894048273563385
YDR202C,YFR008W,0.00014236735296435654
YDR202C,YLL043W,3.421548399273888e-06
YDR202C,YMR029C,0.0208320040255785
YDR202C,YJR004C,0.0006364307482726872
YDR202C,YDL223C,7.177301288019411e-13
YDR202C,YHR158C,0.00011228900984860957
YDR202C,YGR238C,1.092425577553513e-06
YDR202C,YIL015W,5.3423448775902216e-08
YDR202C,YGL173C,1.617900124983862e-05
YDR202C,YDL225W,0.008431486785411835
YDR202C,YLR330W,1.1257616366888712e-11
YDR202C,YBR129C,0.07969006150960922
YDR202C,YKR095W-A,0.2020167112350464
YDR202C,YPR075C,2.3299028271139832e-06
YDR202C,YMR198W,0.0014821641379967332
YDR202C,YOR127W,3.4961894357365964e-07
YDR202C,YDR264C,0.9728170037269592
YDR202C,YLR110C,5.008473635825794e-06
YDR202C,YDR379W,0.029836086556315422
YDR202C,YDL100C,7.513319724239409e-05
YDR202C,YHR073W,0.002025615656748414
YDR202C,YJR090C,0.0145963029935956
YDR202C,YOR208W,0.7132089138031006
YDR202C,YBR040W,0.03688560798764229
YDR202C,YNL279W,0.0002307723625563085
YDR202C,YER075C,0.9909641742706299
YDR202C,YCR089W,3.454890702414559e-07
YDR202C,YCR002C,0.9285997748374939
YDR202C,YJL108C,0.8586465120315552
YDR202C,YBR200W,3.117231983651436e-08
YDR202C,YIL026C,0.00033984147012233734
YDR202C,YJR076C,3.8109366329308614e-08
YDR202C,YKR031C,0.8858875036239624
YDR202C,YPL192C,0.9426512122154236
YDR202C,YHR107C,5.0481889957154635e-06
YDR202C,YIL037C,6.051827767805662e-07
YDR202C,YPL156C,0.9899043440818787
YDR202C,YIL117C,0.007446314208209515
YDR202C,YHR066W,5.801609193056834e-14
YDR202C,YML085C,2.8494460124761645e-08
YDR202C,YML047C,0.18865011632442474
YDR202C,YDR312W,0.5913159251213074
YDR202C,YFL037W,0.00015365057333838195
YDR202C,YDL038C,0.2020167112350464
YDR202C,YDL039C,1.0320421097276267e-05
YDR202C,YCL027W,3.748719112905974e-09
YDR202C,YML124C,7.954742642368728e-08
YDR202C,YGL053W,0.9732918739318848
YDR202C,YMR232W,0.7772607207298279
YDR202C,YNL298W,3.2707700992062883e-09
YDR202C,YGL099W,0.0018826177110895514
YDR202C,YBL016W,7.436159688012367e-09
YDR202C,YAL041W,0.00211417768150568
YDR202C,YDR085C,0.03512450307607651
YDR202C,YPL187W,0.7809093594551086
YDR202C,YPL256C,7.797037687851116e-05
YDR202C,YDR461W,0.00032872025622054935
YDR202C,YNL145W,1.325065795754199e-06
YOL126C,YDL165W,3.708124541031809e-18
YOL126C,YGR059W,3.341300153225646e-11
YOL126C,YBR109C,3.872420251127551e-08
YOL126C,YJL080C,7.386348244153851e-08
YOL126C,YCR093W,0.00013528502313420177
YOL126C,YIL122W,0.0003734980127774179
YOL126C,YCL029C,2.0347201701298445e-10
YOL126C,YNL173C,3.953851912541495e-09
YOL126C,YLR452C,3.2259181437233053e-10
YOL126C,YDL160C,1.7939128156285733e-06
YOL126C,YLR229C,1.3068488442513626e-05
YOL126C,YML057W,7.907173653620703e-07
YOL126C,YER149C,1.5543704648735e-05
YOL126C,YMR305C,5.598475155688121e-11
YOL126C,YLR433C,1.8615141016198322e-05
YOL126C,YJL073W,4.919629634225764e-11
YOL126C,YGR279C,0.018233584240078926
YOL126C,YKL190W,0.0009921994060277939
YOL126C,YGL089C,0.19790196418762207
YOL126C,YJL019W,4.819461096872146e-08
YOL126C,YJL018W,0.0003751800686586648
YOL126C,YNR032C-A,0.9581491351127625
YOL126C,YGL178W,6.819795839163589e-09
YOL126C,YKL116C,5.922584644935114e-10
YOL126C,YDL214C,0.998060405254364
YOL126C,YLR362W,4.422227029010628e-10
YOL126C,YER068W,1.679636341123114e-08
YOL126C,YHR084W,7.745998981123492e-11
YOL126C,YDR392W,1.7137591346028103e-10
YOL126C,YNL053W,7.519533937738743e-07
YOL126C,YGR040W,3.241581580937236e-08
YOL126C,YDL216C,0.0015167486853897572
YOL126C,YOL117W,1.325462222617757e-11
YOL126C,YJR086W,1.9016587349957037e-12
YOL126C,YMR025W,0.0002603154571261257
YOL126C,YBR081C,7.449724216712639e-05
YOL126C,YFL026W,2.990341529951479e-09
YOL126C,YHL007C,0.05030151456594467
YOL126C,YNR044W,0.0016605905257165432
YOL126C,YNL271C,2.7983602990389045e-07
YOL126C,YDR200C,7.907920917205047e-06
YOL126C,YKL178C,1.967682874237653e-05
YOL126C,YOR212W,2.4041981946942848e-11
YOL126C,YOL111C,1.2186584399387357e-06
YOL126C,YGL032C,4.526933272686051e-10
YOL126C,YHR005C,1.6694164628461294e-07
YOL126C,YDR103W,1.5547982346042488e-10
YOL126C,YJR084W,3.277148691305243e-11
YOL126C,YCL032W,6.724836659754985e-11
YOL126C,YJL170C,1.2481579355141936e-14
YOL126C,YDR179C,3.5091468930659175e-07
YOL126C,YBR095C,1.8547904878651877e-10
YOL126C,YLL021W,2.7713980443877517e-07
YOL126C,YDL159W,2.745248418780516e-13
YOL126C,YNL161W,5.9228761529084295e-05
YOL126C,YNL188W,9.148049429086313e-08
YOL126C,YJL157C,1.2547460292999801e-10
YOL126C,YJL034W,1.5348356945436742e-18
YOL126C,YLR238W,2.9080001695547253e-05
YOL126C,YPR141C,5.836524319402514e-11
YOL126C,YNL127W,0.711983323097229
YOL126C,YCL055W,0.0001486885448684916
YOL126C,YPR122W,0.0002687161322683096
YOL126C,YMR065W,1.1330119953356643e-08
YOL126C,YDR356W,0.9907081127166748
YOL126C,YMR052W,3.8956775824772194e-05
YOL126C,YFR008W,3.5392833108716104e-10
YOL126C,YLL043W,6.74078255542554e-05
YOL126C,YMR029C,5.344170939114434e-11
YOL126C,YJR004C,0.3669250011444092
YOL126C,YDL223C,3.5300355971656927e-09
YOL126C,YHR158C,3.6184586438281485e-09
YOL126C,YGR238C,1.2833783102905727e-06
YOL126C,YIL015W,1.612179767107591e-05
YOL126C,YGL173C,5.843224062118679e-05
YOL126C,YDL225W,6.948817823232423e-12
YOL126C,YLR330W,1.6928808577176824e-08
YOL126C,YBR129C,0.9920476078987122
YOL126C,YKR095W-A,0.2020167112350464
YOL126C,YPR075C,1.0220791182291578e-06
YOL126C,YMR198W,0.00026297944714315236
YOL126C,YOR127W,4.962247279749477e-10
YOL126C,YDR264C,7.777757673466112e-07
YOL126C,YLR110C,6.8355405780096135e-09
YOL126C,YDR379W,2.15458228515486e-12
YOL126C,YDL100C,1.103119922341563e-19
YOL126C,YHR073W,3.148662290186621e-05
YOL126C,YJR090C,4.758485827593972e-10
YOL126C,YOR208W,2.1960994134317957e-10
YOL126C,YBR040W,0.00016365887131541967
YOL126C,YNL279W,3.9035054214764386e-05
YOL126C,YER075C,0.9990720748901367
YOL126C,YCR089W,1.4098956171437749e-06
YOL126C,YCR002C,1.542432414430861e-12
YOL126C,YJL108C,2.3804731519305733e-09
YOL126C,YBR200W,0.0002586337213870138
YOL126C,YIL026C,1.1729870013463977e-15
YOL126C,YJR076C,3.75581808492384e-13
YOL126C,YKR031C,1.5091538443812169e-05
YOL126C,YPL192C,1.2776701918681965e-09
YOL126C,YHR107C,2.5857207930357617e-08
YOL126C,YIL037C,1.4050512220364908e-07
YOL126C,YPL156C,9.02408743286287e-08
YOL126C,YIL117C,8.786935723037459e-06
YOL126C,YHR066W,5.280114019623472e-12
YOL126C,YML085C,1.9408272322607445e-08
YOL126C,YML047C,7.866247258604686e-13
YOL126C,YDR312W,0.12384768575429916
YOL126C,YFL037W,5.144148995661624e-10
YOL126C,YDL038C,0.2020167112350464
YOL126C,YDL039C,2.2520066367270886e-10
YOL126C,YCL027W,0.0030167961958795786
YOL126C,YML124C,1.7950863018256769e-10
YOL126C,YGL053W,1.7160125181719596e-14
YOL126C,YMR232W,8.830567139739287e-07
YOL126C,YNL298W,0.0019544826354831457
YOL126C,YGL099W,0.00013615313218906522
YOL126C,YBL016W,1.2067522980885315e-08
YOL126C,YAL041W,5.485922542902699e-07
YOL126C,YDR085C,3.9244247318492853e-07
YOL126C,YPL187W,4.107469067093916e-06
YOL126C,YPL256C,1.0857516826945357e-05
YOL126C,YDR461W,1.0291290389319308e-12
YOL126C,YNL145W,2.3065833097690724e-12
YDR165W,YDL165W,0.0005771165015175939
YDR165W,YGR059W,2.162988077493086e-14
YDR165W,YBR109C,7.096583232168996e-08
YDR165W,YJL080C,1.7197859136786064e-08
YDR165W,YCR093W,0.002333145122975111
YDR165W,YIL122W,1.2068408068444114e-05
YDR165W,YCL029C,2.8232711307696334e-13
YDR165W,YNL173C,2.2798619546057775e-13
YDR165W,YLR452C,0.00031148147536441684
YDR165W,YDL160C,4.0101259118907606e-11
YDR165W,YLR229C,2.8151261703690533e-12
YDR165W,YML057W,2.8506219687644247e-18
YDR165W,YER149C,3.4146605543128317e-09
YDR165W,YMR305C,2.993898817749141e-08
YDR165W,YLR433C,1.2197701182437015e-10
YDR165W,YJL073W,2.6682303588820844e-10
YDR165W,YGR279C,0.5889811515808105
YDR165W,YKL190W,5.8933256497084585e-08
YDR165W,YGL089C,0.8520298600196838
YDR165W,YJL019W,7.38001826317003e-10
YDR165W,YJL018W,9.432696970179677e-05
YDR165W,YNR032C-A,0.08762216567993164
YDR165W,YGL178W,0.00032409856794402003
YDR165W,YKL116C,1.2692489203755541e-13
YDR165W,YDL214C,4.1277333366451785e-05
YDR165W,YLR362W,1.1701592114981424e-13
YDR165W,YER068W,4.0314665473466433e-16
YDR165W,YHR084W,1.526382078509414e-07
YDR165W,YDR392W,0.000119708915008232
YDR165W,YNL053W,7.43263735785149e-05
YDR165W,YGR040W,7.096765557434992e-07
YDR165W,YDL216C,1.7638757299209828e-07
YDR165W,YOL117W,1.844866875877428e-16
YDR165W,YJR086W,6.689717738494511e-19
YDR165W,YMR025W,3.957105036533903e-06
YDR165W,YBR081C,8.519734251422051e-08
YDR165W,YFL026W,0.00036388656008057296
YDR165W,YHL007C,7.88076476965216e-07
YDR165W,YNR044W,0.026904113590717316
YDR165W,YNL271C,0.0026243936736136675
YDR165W,YDR200C,3.170406515096147e-08
YDR165W,YKL178C,4.3022771478717914e-07
YDR165W,YOR212W,0.00046144044608809054
YDR165W,YOL111C,6.1043983148217126e-15
YDR165W,YGL032C,4.966631550473721e-10
YDR165W,YHR005C,0.9955564141273499
YDR165W,YDR103W,5.976555144115991e-07
YDR165W,YJR084W,5.008439642665674e-18
YDR165W,YCL032W,1.2904004620395426e-07
YDR165W,YJL170C,0.0831691324710846
YDR165W,YDR179C,3.5890340178978963e-12
YDR165W,YBR095C,0.0004054783203173429
YDR165W,YLL021W,2.915961694327507e-08
YDR165W,YDL159W,6.820589426581591e-09
YDR165W,YNL161W,8.698038123089447e-11
YDR165W,YNL188W,7.491957148886286e-06
YDR165W,YJL157C,2.487372530168841e-10
YDR165W,YJL034W,2.974758365526832e-14
YDR165W,YLR238W,4.4447887037613043e-10
YDR165W,YPR141C,0.05161258205771446
YDR165W,YNL127W,3.401351075793535e-11
YDR165W,YCL055W,0.5243055820465088
YDR165W,YPR122W,6.072791074984707e-05
YDR165W,YMR065W,0.9087866544723511
YDR165W,YDR356W,0.00031433036201633513
YDR165W,YMR052W,1.609557756174218e-12
YDR165W,YFR008W,1.7709918716786846e-17
YDR165W,YLL043W,5.6861163102439605e-06
YDR165W,YMR029C,4.0015021851580457e-10
YDR165W,YJR004C,0.0012985626235604286
YDR165W,YDL223C,1.2250311708477473e-27
YDR165W,YHR158C,3.875625154137197e-09
YDR165W,YGR238C,1.308133185107252e-10
YDR165W,YIL015W,0.40395423769950867
YDR165W,YGL173C,0.015473807230591774
YDR165W,YDL225W,3.473128468850506e-12
YDR165W,YLR330W,5.722733553468049e-21
YDR165W,YBR129C,3.684915282065049e-05
YDR165W,YKR095W-A,0.2020167112350464
YDR165W,YPR075C,2.2921402731586327e-13
YDR165W,YMR198W,0.00023936826619319618
YDR165W,YOR127W,0.0018590186955407262
YDR165W,YDR264C,5.970949246147939e-07
YDR165W,YLR110C,7.852343696868047e-05
YDR165W,YDR379W,0.022699221968650818
YDR165W,YDL100C,5.6161812977961745e-09
YDR165W,YHR073W,2.0043793824697786e-07
YDR165W,YJR090C,5.99029493001356e-14
YDR165W,YOR208W,3.6794591551370104e-07
YDR165W,YBR040W,0.0005434000049717724
YDR165W,YNL279W,1.5688277926528826e-05
YDR165W,YER075C,2.3581717414344894e-06
YDR165W,YCR089W,4.4764423279275434e-08
YDR165W,YCR002C,1.2358688763924874e-05
YDR165W,YJL108C,0.0148992370814085
YDR165W,YBR200W,5.3049575399199966e-08
YDR165W,YIL026C,6.2378439087386545e-16
YDR165W,YJR076C,2.609239163575694e-05
YDR165W,YKR031C,0.00024121531168930233
YDR165W,YPL192C,5.560938370763324e-05
YDR165W,YHR107C,9.623733603802975e-06
YDR165W,YIL037C,0.018709538504481316
YDR165W,YPL156C,5.572962091804357e-10
YDR165W,YIL117C,3.659010650025607e-09
YDR165W,YHR066W,2.0383907167981045e-14
YDR165W,YML085C,2.0003578871455319e-13
YDR165W,YML047C,0.023011965677142143
YDR165W,YDR312W,4.965920388658521e-14
YDR165W,YFL037W,2.017224915107363e-06
YDR165W,YDL038C,0.2020167112350464
YDR165W,YDL039C,1.575230501593694e-10
YDR165W,YCL027W,2.958958829368287e-14
YDR165W,YML124C,1.5540192066509917e-07
YDR165W,YGL053W,2.796550534547859e-12
YDR165W,YMR232W,4.6438432832474064e-07
YDR165W,YNL298W,0.8550974130630493
YDR165W,YGL099W,4.23044343530819e-22
YDR165W,YBL016W,1.3513645313878442e-08
YDR165W,YAL041W,0.04031914100050926
YDR165W,YDR085C,1.2350378532366424e-11
YDR165W,YPL187W,0.0003043279575649649
YDR165W,YPL256C,3.270705650759709e-10
YDR165W,YDR461W,3.4459199382830263e-10
YDR165W,YNL145W,2.3573449652758427e-05
YPR159W,YDL165W,1.9912314852543744e-11
YPR159W,YGR059W,4.2265663592401355e-17
YPR159W,YBR109C,0.9964218139648438
YPR159W,YJL080C,1.9346298358868808e-05
YPR159W,YCR093W,0.917747437953949
YPR159W,YIL122W,0.0024191259872168303
YPR159W,YCL029C,2.2744124805740285e-08
YPR159W,YNL173C,8.613683100122671e-09
YPR159W,YLR452C,4.2246167140547186e-05
YPR159W,YDL160C,0.7844342589378357
YPR159W,YLR229C,0.0918130874633789
YPR159W,YML057W,2.4439634344064487e-12
YPR159W,YER149C,3.74364888115525e-15
YPR159W,YMR305C,2.2692477429049384e-19
YPR159W,YLR433C,1.886065782719104e-11
YPR159W,YJL073W,4.547027288026584e-07
YPR159W,YGR279C,4.8543197408434935e-06
YPR159W,YKL190W,3.05542062051245e-06
YPR159W,YGL089C,2.0774490461228368e-10
YPR159W,YJL019W,0.02024206705391407
YPR159W,YJL018W,0.0019524735398590565
YPR159W,YNR032C-A,0.9979768395423889
YPR159W,YGL178W,7.006384361574192e-10
YPR159W,YKL116C,7.36241927370429e-05
YPR159W,YDL214C,0.47389495372772217
YPR159W,YLR362W,3.188621485605836e-05
YPR159W,YER068W,0.9639229774475098
YPR159W,YHR084W,0.04326765984296799
YPR159W,YDR392W,4.822550749850052e-07
YPR159W,YNL053W,5.011518169339979e-07
YPR159W,YGR040W,1.3059092225375935e-06
YPR159W,YDL216C,8.03047726094519e-08
YPR159W,YOL117W,3.80235547936536e-07
YPR159W,YJR086W,1.660384718604746e-08
YPR159W,YMR025W,4.996285838387848e-07
YPR159W,YBR081C,0.000334052718244493
YPR159W,YFL026W,5.066184485258418e-07
YPR159W,YHL007C,0.0003611358115449548
YPR159W,YNR044W,4.841106404640527e-10
YPR159W,YNL271C,0.0015855015954002738
YPR159W,YDR200C,1.7569435613040696e-06
YPR159W,YKL178C,0.0021740514785051346
YPR159W,YOR212W,1.0347825707412994e-07
YPR159W,YOL111C,6.00209304479904e-08
YPR159W,YGL032C,0.0017353896982967854
YPR159W,YHR005C,1.0561089766270015e-05
YPR159W,YDR103W,0.03387252613902092
YPR159W,YJR084W,2.0313930235715816e-06
YPR159W,YCL032W,2.797608325555423e-11
YPR159W,YJL170C,0.003128198441118002
YPR159W,YDR179C,9.214502824761439e-06
YPR159W,YBR095C,1.6387812706852856e-07
YPR159W,YLL021W,0.48091354966163635
YPR159W,YDL159W,3.908110457473413e-08
YPR159W,YNL161W,9.89071122603491e-05
YPR159W,YNL188W,3.480208033579402e-05
YPR159W,YJL157C,0.8854330778121948
YPR159W,YJL034W,9.657104238183585e-20
YPR159W,YLR238W,0.0001683893788140267
YPR159W,YPR141C,1.6232247546099643e-08
YPR159W,YNL127W,0.0007094573811627924
YPR159W,YCL055W,1.6743416608733241e-07
YPR159W,YPR122W,0.2711929380893707
YPR159W,YMR065W,4.031653224956244e-05
YPR159W,YDR356W,0.0006772871711291373
YPR159W,YMR052W,1.8818667513187393e-07
YPR159W,YFR008W,0.9470987319946289
YPR159W,YLL043W,4.5517261071381654e-08
YPR159W,YMR029C,1.5610077753080986e-05
YPR159W,YJR004C,1.924629913219178e-07
YPR159W,YDL223C,1.7766590190149145e-06
YPR159W,YHR158C,0.12436582148075104
YPR159W,YGR238C,1.5173634571041816e-09
YPR159W,YIL015W,0.7226679921150208
YPR159W,YGL173C,0.9997244477272034
YPR159W,YDL225W,8.470912860047974e-08
YPR159W,YLR330W,2.737925164364441e-11
YPR159W,YBR129C,5.5082025937736034e-05
YPR159W,YKR095W-A,0.2020167112350464
YPR159W,YPR075C,1.385517134622205e-05
YPR159W,YMR198W,1.5019929833215429e-06
YPR159W,YOR127W,0.0001980599045054987
YPR159W,YDR264C,0.059266600757837296
YPR159W,YLR110C,8.561591435807259e-10
YPR159W,YDR379W,0.014301884919404984
YPR159W,YDL100C,2.5904423051059666e-10
YPR159W,YHR073W,8.1424463132862e-05
YPR159W,YJR090C,0.0001301226147916168
YPR159W,YOR208W,0.055459924042224884
YPR159W,YBR040W,5.962971227901903e-10
YPR159W,YNL279W,1.719206998984646e-10
YPR159W,YER075C,5.522272772395809e-07
YPR159W,YCR089W,2.702955157474207e-07
YPR159W,YCR002C,0.15791378915309906
YPR159W,YJL108C,2.1922060966517165e-07
YPR159W,YBR200W,0.9438485503196716
YPR159W,YIL026C,4.840927090299374e-07
YPR159W,YJR076C,3.4066702937707305e-05
YPR159W,YKR031C,0.0010016426676884294
YPR159W,YPL192C,0.0005282341153360903
YPR159W,YHR107C,5.793070884108076e-11
YPR159W,YIL037C,0.022126352414488792
YPR159W,YPL156C,0.001158686587586999
YPR159W,YIL117C,0.0009185264934785664
YPR159W,YHR066W,3.1276953628183097e-16
YPR159W,YML085C,0.004327812232077122
YPR159W,YML047C,0.8189224004745483
YPR159W,YDR312W,0.00013726233737543225
YPR159W,YFL037W,1.1333852967254643e-07
YPR159W,YDL038C,0.2020167112350464
YPR159W,YDL039C,2.942716070819529e-10
YPR159W,YCL027W,1.6915935248107417e-06
YPR159W,YML124C,7.973097808644525e-07
YPR159W,YGL053W,1.6512912148769487e-09
YPR159W,YMR232W,0.012663047760725021
YPR159W,YNL298W,0.9999984502792358
YPR159W,YGL099W,4.0445684135193005e-08
YPR159W,YBL016W,1.0937510445951926e-11
YPR159W,YAL041W,0.24525801837444305
YPR159W,YDR085C,0.9966977834701538
YPR159W,YPL187W,4.7115104706563216e-08
YPR159W,YPL256C,4.278017058823025e-06
YPR159W,YDR461W,0.001952666905708611
YPR159W,YNL145W,7.328168294407078e-08
YOR357C,YDL165W,8.420592348556966e-05
YOR357C,YGR059W,4.849073320656316e-07
YOR357C,YBR109C,3.926874342141673e-05
YOR357C,YJL080C,3.891203959938139e-06
YOR357C,YCR093W,5.938663889537565e-06
YOR357C,YIL122W,3.577163099066638e-08
YOR357C,YCL029C,3.106827700311075e-15
YOR357C,YNL173C,0.010032184422016144
YOR357C,YLR452C,0.9729365110397339
YOR357C,YDL160C,2.8701105381223613e-10
YOR357C,YLR229C,1.3453629876813977e-10
YOR357C,YML057W,1.0268203368468676e-05
YOR357C,YER149C,0.0018376556690782309
YOR357C,YMR305C,0.00012322302791289985
YOR357C,YLR433C,2.4009572996419593e-08
YOR357C,YJL073W,2.544992652221429e-15
YOR357C,YGR279C,0.000675845134537667
YOR357C,YKL190W,0.002749865176156163
YOR357C,YGL089C,0.0012514943955466151
YOR357C,YJL019W,4.490783179350588e-12
YOR357C,YJL018W,0.0004985971609130502
YOR357C,YNR032C-A,0.0009021633886732161
YOR357C,YGL178W,2.50571221757645e-12
YOR357C,YKL116C,1.1265167687568578e-09
YOR357C,YDL214C,1.0204277600678324e-07
YOR357C,YLR362W,1.1458969595423696e-07
YOR357C,YER068W,1.1877418728545308e-06
YOR357C,YHR084W,1.3806775278624173e-08
YOR357C,YDR392W,0.1324949860572815
YOR357C,YNL053W,2.719531494221883e-06
YOR357C,YGR040W,0.000494167092256248
YOR357C,YDL216C,0.0011467169970273972
YOR357C,YOL117W,2.359157588216476e-05
YOR357C,YJR086W,1.6437305021099746e-05
YOR357C,YMR025W,0.009149322286248207
YOR357C,YBR081C,0.02503296174108982
YOR357C,YFL026W,0.7585735321044922
YOR357C,YHL007C,0.007897698320448399
YOR357C,YNR044W,0.002230798825621605
YOR357C,YNL271C,2.329828384972643e-05
YOR357C,YDR200C,3.2819291728714006e-10
YOR357C,YKL178C,2.825734654945955e-12
YOR357C,YOR212W,0.3784533739089966
YOR357C,YOL111C,5.564945393388143e-09
YOR357C,YGL032C,0.008844667114317417
YOR357C,YHR005C,0.8301329612731934
YOR357C,YDR103W,0.010603269562125206
YOR357C,YJR084W,8.5969838892197e-07
YOR357C,YCL032W,0.9068943858146667
YOR357C,YJL170C,8.320095048475196e-07
YOR357C,YDR179C,1.973000538987857e-12
YOR357C,YBR095C,3.992700214894285e-08
YOR357C,YLL021W,0.0004035290621686727
YOR357C,YDL159W,1.0538139805227331e-11
YOR357C,YNL161W,0.001544259488582611
YOR357C,YNL188W,1.9755971152335405e-06
YOR357C,YJL157C,0.01335273589938879
YOR357C,YJL034W,9.34054966705844e-08
YOR357C,YLR238W,4.1011145868186105e-11
YOR357C,YPR141C,0.0011034318013116717
YOR357C,YNL127W,8.031817127617663e-14
YOR357C,YCL055W,1.5660776853110292e-07
YOR357C,YPR122W,0.003751754993572831
YOR357C,YMR065W,0.9999279975891113
YOR357C,YDR356W,1.6915581782517286e-11
YOR357C,YMR052W,4.930606162072138e-13
YOR357C,YFR008W,1.6933427104959264e-08
YOR357C,YLL043W,0.0016641611000522971
YOR357C,YMR029C,0.8367704749107361
YOR357C,YJR004C,7.679182912115595e-15
YOR357C,YDL223C,1.812580817157595e-18
YOR357C,YHR158C,1.5066495961946202e-07
YOR357C,YGR238C,3.4097204226757327e-13
YOR357C,YIL015W,0.9998555183410645
YOR357C,YGL173C,0.0012287397403270006
YOR357C,YDL225W,2.323243097634986e-05
YOR357C,YLR330W,2.2210521422039164e-08
YOR357C,YBR129C,0.0002281601045979187
YOR357C,YKR095W-A,0.2020167112350464
YOR357C,YPR075C,0.015945954248309135
YOR357C,YMR198W,0.9383875131607056
YOR357C,YOR127W,3.6478260412309282e-09
YOR357C,YDR264C,5.6696514150189614e-09
YOR357C,YLR110C,3.465191744655982e-10
YOR357C,YDR379W,0.0029966486617922783
YOR357C,YDL100C,9.404070056007185e-07
YOR357C,YHR073W,2.0665896727223299e-07
YOR357C,YJR090C,0.999249279499054
YOR357C,YOR208W,5.527498785765149e-16
YOR357C,YBR040W,9.146913362201303e-05
YOR357C,YNL279W,0.14933079481124878
YOR357C,YER075C,5.731664430997773e-15
YOR357C,YCR089W,7.468321516768128e-10
YOR357C,YCR002C,4.845669536734931e-05
YOR357C,YJL108C,4.728051283819923e-10
YOR357C,YBR200W,4.456352144188713e-06
YOR357C,YIL026C,9.149119364337821e-07
YOR357C,YJR076C,2.578682867238058e-08
YOR357C,YKR031C,0.9705289602279663
YOR357C,YPL192C,5.817228156956844e-06
YOR357C,YHR107C,4.0691210756449436e-07
YOR357C,YIL037C,1.4700814062962309e-05
YOR357C,YPL156C,1.2799416637676586e-08
YOR357C,YIL117C,0.0031935060396790504
YOR357C,YHR066W,7.509623999035764e-12
YOR357C,YML085C,4.137344356003325e-10
YOR357C,YML047C,0.015490536577999592
YOR357C,YDR312W,2.1388132154243067e-07
YOR357C,YFL037W,0.02304529771208763
YOR357C,YDL038C,0.2020167112350464
YOR357C,YDL039C,5.568071698158761e-11
YOR357C,YCL027W,5.854444680153392e-07
YOR357C,YML124C,1.0521386428763435e-08
YOR357C,YGL053W,0.00012350958422757685
YOR357C,YMR232W,9.541091685605352e-07
YOR357C,YNL298W,1.5730751789272044e-17
YOR357C,YGL099W,1.382396194044011e-11
YOR357C,YBL016W,2.4320186489679152e-11
YOR357C,YAL041W,0.00013612899056170136
YOR357C,YDR085C,0.0013357182033360004
YOR357C,YPL187W,0.0043934606947004795
YOR357C,YPL256C,3.965685027651489e-05
YOR357C,YDR461W,0.2471333146095276
YOR357C,YNL145W,0.0005191558739170432
YER031C,YDL165W,1.2034125575155485e-05
YER031C,YGR059W,2.2666762333756196e-07
YER031C,YBR109C,0.06614330410957336
YER031C,YJL080C,1.888591061316447e-09
YER031C,YCR093W,3.4143195080105215e-05
YER031C,YIL122W,0.04439647123217583
YER031C,YCL029C,1.2232351091247262e-13
YER031C,YNL173C,0.11457565426826477
YER031C,YLR452C,4.1231502109440044e-05
YER031C,YDL160C,0.016148030757904053
YER031C,YLR229C,0.8709137439727783
YER031C,YML057W,1.5971546645232593e-06
YER031C,YER149C,1.4512507862107782e-10
YER031C,YMR305C,3.498444584693061e-06
YER031C,YLR433C,1.5524150512646884e-05
YER031C,YJL073W,2.9112859886820224e-17
YER031C,YGR279C,0.9677047729492188
YER031C,YKL190W,3.4410202465195994e-10
YER031C,YGL089C,0.997432291507721
YER031C,YJL019W,0.044314589351415634
YER031C,YJL018W,0.0006857216940261424
YER031C,YNR032C-A,0.0003845095925498754
YER031C,YGL178W,8.78386146041521e-08
YER031C,YKL116C,9.340563877913155e-09
YER031C,YDL214C,0.04252899810671806
YER031C,YLR362W,7.257918332470581e-05
YER031C,YER068W,5.502254794009787e-07
YER031C,YHR084W,1.8506568721932126e-07
YER031C,YDR392W,0.8823748230934143
YER031C,YNL053W,0.009833286516368389
YER031C,YGR040W,0.9839432239532471
YER031C,YDL216C,0.8591893911361694
YER031C,YOL117W,0.00018630444537848234
YER031C,YJR086W,4.670529597206041e-05
YER031C,YMR025W,2.5425852829413786e-12
YER031C,YBR081C,0.1805160939693451
YER031C,YFL026W,8.832026651361957e-05
YER031C,YHL007C,1.0670538586055045e-07
YER031C,YNR044W,0.975764811038971
YER031C,YNL271C,5.274215908457336e-08
YER031C,YDR200C,2.1385945728980005e-05
YER031C,YKL178C,1.0536377885728143e-06
YER031C,YOR212W,0.02147483080625534
YER031C,YOL111C,2.6641555281314844e-11
YER031C,YGL032C,0.005577359348535538
YER031C,YHR005C,1.8733104298007675e-05
YER031C,YDR103W,0.9973251819610596
YER031C,YJR084W,0.8585696220397949
YER031C,YCL032W,0.0015562286134809256
YER031C,YJL170C,0.0674186646938324
YER031C,YDR179C,8.934870621146729e-09
YER031C,YBR095C,1.5592757335980423e-05
YER031C,YLL021W,3.663334392778328e-12
YER031C,YDL159W,1.0020588525616603e-10
YER031C,YNL161W,2.8246169677004218e-05
YER031C,YNL188W,1.7315723507826952e-12
YER031C,YJL157C,4.422347501531476e-06
YER031C,YJL034W,5.026631541560356e-11
YER031C,YLR238W,2.7275284082861617e-05
YER031C,YPR141C,8.321380846609827e-07
YER031C,YNL127W,3.823142833425663e-06
YER031C,YCL055W,2.6646293505017127e-10
YER031C,YPR122W,1.6526993931620382e-05
YER031C,YMR065W,3.1179183679341804e-06
YER031C,YDR356W,1.3405572644842323e-05
YER031C,YMR052W,3.7131762837816495e-06
YER031C,YFR008W,2.013281452661886e-08
YER031C,YLL043W,2.264495448794923e-12
YER031C,YMR029C,0.008120359852910042
YER031C,YJR004C,6.321463805972899e-14
YER031C,YDL223C,4.390992430769458e-11
YER031C,YHR158C,5.053015229350422e-06
YER031C,YGR238C,7.607106766727156e-08
YER031C,YIL015W,0.5053051710128784
YER031C,YGL173C,0.0012097912840545177
YER031C,YDL225W,0.1122034341096878
YER031C,YLR330W,1.9737477487069555e-05
YER031C,YBR129C,0.05490788444876671
YER031C,YKR095W-A,0.2020167112350464
YER031C,YPR075C,1.574445001456537e-12
YER031C,YMR198W,1.3407142773758096e-07
YER031C,YOR127W,5.5974064707697835e-06
YER031C,YDR264C,0.002678969409316778
YER031C,YLR110C,0.02708478644490242
YER031C,YDR379W,0.09493253380060196
YER031C,YDL100C,0.00024947692872956395
YER031C,YHR073W,0.0005681465845555067
YER031C,YJR090C,0.0010165824787691236
YER031C,YOR208W,0.0002814892795868218
YER031C,YBR040W,1.8006063653985827e-11
YER031C,YNL279W,9.031267836689949e-05
YER031C,YER075C,1.9489685598728101e-07
YER031C,YCR089W,2.1040415632000986e-08
YER031C,YCR002C,0.0003898271534126252
YER031C,YJL108C,8.948438789957436e-07
YER031C,YBR200W,3.9388498407788575e-05
YER031C,YIL026C,4.062671865590062e-10
YER031C,YJR076C,1.284394901546193e-08
YER031C,YKR031C,0.00025920692132785916
YER031C,YPL192C,2.3465577214665245e-06
YER031C,YHR107C,6.479922831204021e-06
YER031C,YIL037C,7.281530270120129e-05
YER031C,YPL156C,2.422287070658058e-05
YER031C,YIL117C,3.3931094094441505e-06
YER031C,YHR066W,7.57479287763008e-15
YER031C,YML085C,4.666616223403253e-05
YER031C,YML047C,0.05621328204870224
YER031C,YDR312W,9.785041044096943e-08
YER031C,YFL037W,0.00018868623010348529
YER031C,YDL038C,0.2020167112350464
YER031C,YDL039C,2.571513931426319e-14
YER031C,YCL027W,9.050975080526769e-09
YER031C,YML124C,2.153206953015019e-11
YER031C,YGL053W,3.88618263968965e-06
YER031C,YMR232W,0.6668251752853394
YER031C,YNL298W,1.7863123957795324e-06
YER031C,YGL099W,1.2788633668961067e-15
YER031C,YBL016W,3.886456852342235e-06
YER031C,YAL041W,2.1797789884203667e-07
YER031C,YDR085C,0.0548018179833889
YER031C,YPL187W,4.450493725016713e-05
YER031C,YPL256C,3.796750149831496e-07
YER031C,YDR461W,3.251987072871998e-05
YER031C,YNL145W,0.1486806571483612
YJL019W,YDL165W,0.9998998641967773
YJL019W,YGR059W,0.37781041860580444
YJL019W,YBR109C,0.9999998807907104
YJL019W,YJL080C,0.9998286962509155
YJL019W,YCR093W,0.9895976185798645
YJL019W,YIL122W,0.992186427116394
YJL019W,YCL029C,5.5223795303901806e-15
YJL019W,YNL173C,0.9999350309371948
YJL019W,YLR452C,1.0
YJL019W,YDL160C,0.9997066855430603
YJL019W,YLR229C,0.9990191459655762
YJL019W,YML057W,0.00030342116951942444
YJL019W,YER149C,0.9967266321182251
YJL019W,YMR305C,0.9998272061347961
YJL019W,YLR433C,0.9861072301864624
YJL019W,YJL073W,3.5564104439167465e-10
YJL019W,YGR279C,0.9999984502792358
YJL019W,YKL190W,0.9974608421325684
YJL019W,YGL089C,0.9887767434120178
YJL019W,YJL018W,0.0002767528058029711
YJL019W,YNR032C-A,0.9974306225776672
YJL019W,YGL178W,0.9794954657554626
YJL019W,YKL116C,3.46586115362868e-09
YJL019W,YDL214C,0.9861891865730286
YJL019W,YLR362W,0.9954336285591125
YJL019W,YER068W,0.9987610578536987
YJL019W,YHR084W,6.8775621002714615e-06
YJL019W,YDR392W,0.9993366599082947
YJL019W,YNL053W,0.9986119270324707
YJL019W,YGR040W,0.9729630351066589
YJL019W,YDL216C,0.9941651225090027
YJL019W,YOL117W,0.9993773102760315
YJL019W,YJR086W,0.9986392855644226
YJL019W,YMR025W,0.9999232292175293
YJL019W,YBR081C,0.9994007349014282
YJL019W,YFL026W,0.981338381767273
YJL019W,YHL007C,0.9992617964744568
YJL019W,YNR044W,0.9999829530715942
YJL019W,YNL271C,1.0
YJL019W,YDR200C,0.9997214674949646
YJL019W,YKL178C,0.999842643737793
YJL019W,YOR212W,0.9999997615814209
YJL019W,YOL111C,9.347149898530915e-05
YJL019W,YGL032C,0.0002337728947168216
YJL019W,YHR005C,0.9999728202819824
YJL019W,YDR103W,0.9999231100082397
YJL019W,YJR084W,0.997701108455658
YJL019W,YCL032W,0.9912717938423157
YJL019W,YJL170C,0.9993641972541809
YJL019W,YDR179C,1.038222762872465e-05
YJL019W,YBR095C,0.9966186285018921
YJL019W,YLL021W,0.9999381303787231
YJL019W,YDL159W,4.284563459577839e-08
YJL019W,YNL161W,0.9992044568061829
YJL019W,YNL188W,0.9997844099998474
YJL019W,YJL157C,0.09663844108581543
YJL019W,YJL034W,1.1924923626338568e-07
YJL019W,YLR238W,0.9999510049819946
YJL019W,YPR141C,0.999966025352478
YJL019W,YNL127W,0.9970170259475708
YJL019W,YCL055W,0.06669249385595322
YJL019W,YPR122W,0.9999159574508667
YJL019W,YMR065W,0.9999632835388184
YJL019W,YDR356W,0.9939495325088501
YJL019W,YMR052W,0.9998875856399536
YJL019W,YFR008W,0.9998351335525513
YJL019W,YLL043W,0.9973697662353516
YJL019W,YMR029C,0.9999957084655762
YJL019W,YJR004C,5.792982066266106e-11
YJL019W,YDL223C,2.5624004251767474e-08
YJL019W,YHR158C,0.9998289346694946
YJL019W,YGR238C,7.026135904197872e-07
YJL019W,YIL015W,0.9997164607048035
YJL019W,YGL173C,0.9909610152244568
YJL019W,YDL225W,0.9999829530715942
YJL019W,YLR330W,0.0072914245538413525
YJL019W,YBR129C,0.9999165534973145
YJL019W,YKR095W-A,0.2020167112350464
YJL019W,YPR075C,0.05176528915762901
YJL019W,YMR198W,0.9994638562202454
YJL019W,YOR127W,0.9998822212219238
YJL019W,YDR264C,0.9915587902069092
YJL019W,YLR110C,1.0
YJL019W,YDR379W,0.9999216794967651
YJL019W,YDL100C,0.9889459013938904
YJL019W,YHR073W,0.9968892931938171
YJL019W,YJR090C,0.9975473284721375
YJL019W,YOR208W,0.9993941783905029
YJL019W,YBR040W,0.9970884919166565
YJL019W,YNL279W,0.9999958276748657
YJL019W,YER075C,0.9999068975448608
YJL019W,YCR089W,0.9938899278640747
YJL019W,YCR002C,0.9986227750778198
YJL019W,YJL108C,0.999693751335144
YJL019W,YBR200W,0.012525572441518307
YJL019W,YIL026C,0.9930732846260071
YJL019W,YJR076C,0.9999793767929077
YJL019W,YKR031C,0.9978094696998596
YJL019W,YPL192C,0.9989655017852783
YJL019W,YHR107C,0.9955574870109558
YJL019W,YIL037C,0.08238869905471802
YJL019W,YPL156C,0.9619060754776001
YJL019W,YIL117C,0.9999771118164062
YJL019W,YHR066W,6.224316309762223e-13
YJL019W,YML085C,0.999358594417572
YJL019W,YML047C,0.9999971389770508
YJL019W,YDR312W,0.9998156428337097
YJL019W,YFL037W,0.9999923706054688
YJL019W,YDL038C,0.2020167112350464
YJL019W,YDL039C,9.026075997731198e-10
YJL019W,YCL027W,0.999934196472168
YJL019W,YML124C,0.0007542094681411982
YJL019W,YGL053W,0.9999914169311523
YJL019W,YMR232W,0.9945599436759949
YJL019W,YNL298W,0.9998998641967773
YJL019W,YGL099W,0.9791379570960999
YJL019W,YBL016W,0.0021648388355970383
YJL019W,YAL041W,0.9924463629722595
YJL019W,YDR085C,0.9967166781425476
YJL019W,YPL187W,0.9990967512130737
YJL019W,YPL256C,8.154058377840556e-06
YJL019W,YDR461W,2.33413593377918e-05
YJL019W,YNL145W,1.1251611340412637e-06
YPL208W,YDL165W,4.7201176300859515e-08
YPL208W,YGR059W,0.001137551967985928
YPL208W,YBR109C,2.120418002959923e-06
YPL208W,YJL080C,0.39617499709129333
YPL208W,YCR093W,0.018924325704574585
YPL208W,YIL122W,1.6572545291637653e-06
YPL208W,YCL029C,4.6189498448256927e-07
YPL208W,YNL173C,2.2391641323338263e-05
YPL208W,YLR452C,0.997111439704895
YPL208W,YDL160C,0.0016375702107325196
YPL208W,YLR229C,0.6641464233398438
YPL208W,YML057W,2.2330398508074722e-07
YPL208W,YER149C,1.5402630282324026e-08
YPL208W,YMR305C,2.5458259944599604e-09
YPL208W,YLR433C,3.0543485536327353e-06
YPL208W,YJL073W,1.3118825137325985e-08
YPL208W,YGR279C,0.011450393125414848
YPL208W,YKL190W,0.0267291609197855
YPL208W,YGL089C,0.005422086454927921
YPL208W,YJL019W,1.5887583471041467e-09
YPL208W,YJL018W,0.020357230678200722
YPL208W,YNR032C-A,0.06535949558019638
YPL208W,YGL178W,0.2908279299736023
YPL208W,YKL116C,1.8566137441666797e-05
YPL208W,YDL214C,0.3459896743297577
YPL208W,YLR362W,1.7229970339371903e-08
YPL208W,YER068W,3.620629490663774e-11
YPL208W,YHR084W,0.1662958860397339
YPL208W,YDR392W,0.0010249492479488254
YPL208W,YNL053W,0.005307087674736977
YPL208W,YGR040W,0.0001656943204579875
YPL208W,YDL216C,8.089037919489783e-07
YPL208W,YOL117W,3.342782273207945e-09
YPL208W,YJR086W,1.655860796745401e-05
YPL208W,YMR025W,2.8168697099317797e-06
YPL208W,YBR081C,0.08084364980459213
YPL208W,YFL026W,2.294894784427015e-06
YPL208W,YHL007C,6.150073659227928e-07
YPL208W,YNR044W,0.06732551753520966
YPL208W,YNL271C,2.179850525863003e-06
YPL208W,YDR200C,7.478841990149476e-10
YPL208W,YKL178C,0.0006220716168172657
YPL208W,YOR212W,5.383732423069887e-05
YPL208W,YOL111C,8.909177751093011e-08
YPL208W,YGL032C,3.984761133324355e-05
YPL208W,YHR005C,0.004007995128631592
YPL208W,YDR103W,1.3637295459556498e-10
YPL208W,YJR084W,0.001037388457916677
YPL208W,YCL032W,7.164606130594109e-10
YPL208W,YJL170C,0.8736791610717773
YPL208W,YDR179C,0.0023071537725627422
YPL208W,YBR095C,4.063466008119576e-08
YPL208W,YLL021W,0.04265826940536499
YPL208W,YDL159W,1.7845314914666233e-06
YPL208W,YNL161W,0.6341602206230164
YPL208W,YNL188W,1.1327199899824336e-05
YPL208W,YJL157C,0.0007731038494966924
YPL208W,YJL034W,0.0002442039258312434
YPL208W,YLR238W,6.617691542487592e-05
YPL208W,YPR141C,4.428424745128723e-06
YPL208W,YNL127W,1.4917959560989402e-06
YPL208W,YCL055W,5.823500259793946e-07
YPL208W,YPR122W,7.705647249167669e-07
YPL208W,YMR065W,0.009882915765047073
YPL208W,YDR356W,9.280499702057909e-10
YPL208W,YMR052W,4.231592174619436e-05
YPL208W,YFR008W,7.775297854095697e-05
YPL208W,YLL043W,0.0014774391893297434
YPL208W,YMR029C,0.00011062013800255954
YPL208W,YJR004C,0.008547934703528881
YPL208W,YDL223C,3.092252454095501e-09
YPL208W,YHR158C,0.9909037947654724
YPL208W,YGR238C,1.287249779124977e-05
YPL208W,YIL015W,0.00036523223388940096
YPL208W,YGL173C,0.00027946740738116205
YPL208W,YDL225W,2.7547556250007155e-11
YPL208W,YLR330W,5.012421979699866e-07
YPL208W,YBR129C,0.00012229871936142445
YPL208W,YKR095W-A,0.2020167112350464
YPL208W,YPR075C,0.00033614091807976365
YPL208W,YMR198W,0.9907163977622986
YPL208W,YOR127W,2.797765148443432e-07
YPL208W,YDR264C,1.1261364063486212e-09
YPL208W,YLR110C,0.03468006104230881
YPL208W,YDR379W,2.9977124995639315e-06
YPL208W,YDL100C,0.0001897103647934273
YPL208W,YHR073W,1.4686853122558574e-10
YPL208W,YJR090C,2.1918829133937834e-06
YPL208W,YOR208W,0.0009647149126976728
YPL208W,YBR040W,0.017057642340660095
YPL208W,YNL279W,0.08792881667613983
YPL208W,YER075C,3.979157270350697e-07
YPL208W,YCR089W,2.2629476070790133e-10
YPL208W,YCR002C,3.3196972948346115e-10
YPL208W,YJL108C,0.9994539618492126
YPL208W,YBR200W,1.7594167047718656e-06
YPL208W,YIL026C,1.3413415343721535e-12
YPL208W,YJR076C,2.6535034169938854e-09
YPL208W,YKR031C,1.5495055549763492e-07
YPL208W,YPL192C,0.9976867437362671
YPL208W,YHR107C,0.4769580364227295
YPL208W,YIL037C,0.000353832176188007
YPL208W,YPL156C,4.310742951929569e-05
YPL208W,YIL117C,0.0003166873939335346
YPL208W,YHR066W,1.774240442878241e-14
YPL208W,YML085C,0.09459078311920166
YPL208W,YML047C,0.8120253086090088
YPL208W,YDR312W,4.362366112786731e-08
YPL208W,YFL037W,7.893258043623064e-06
YPL208W,YDL038C,0.2020167112350464
YPL208W,YDL039C,2.26100294042908e-09
YPL208W,YCL027W,0.0005395868211053312
YPL208W,YML124C,1.2341961053152772e-07
YPL208W,YGL053W,0.00015784618153702468
YPL208W,YMR232W,6.579004093509866e-06
YPL208W,YNL298W,0.00096246472094208
YPL208W,YGL099W,1.2450112052420081e-08
YPL208W,YBL016W,2.1093027904829295e-14
YPL208W,YAL041W,3.928713798728722e-09
YPL208W,YDR085C,1.5565450667054392e-05
YPL208W,YPL187W,0.0010628586169332266
YPL208W,YPL256C,1.0014975367024156e-13
YPL208W,YDR461W,1.9986758559298323e-07
YPL208W,YNL145W,1.5959183201630367e-06
YOR249C,YDL165W,2.0328900063759647e-05
YOR249C,YGR059W,5.624432333206641e-07
YOR249C,YBR109C,0.012726446613669395
YOR249C,YJL080C,0.46991023421287537
YOR249C,YCR093W,0.3636656105518341
YOR249C,YIL122W,0.00017183643649332225
YOR249C,YCL029C,1.5772108172921735e-15
YOR249C,YNL173C,0.0005740295746363699
YOR249C,YLR452C,0.07667053490877151
YOR249C,YDL160C,5.826897540828213e-05
YOR249C,YLR229C,0.3417762815952301
YOR249C,YML057W,2.851700457995321e-07
YOR249C,YER149C,0.019696636125445366
YOR249C,YMR305C,0.0007637946982868016
YOR249C,YLR433C,4.795011591340881e-06
YOR249C,YJL073W,6.027178539244615e-13
YOR249C,YGR279C,0.15147444605827332
YOR249C,YKL190W,0.0005271034315228462
YOR249C,YGL089C,0.5475879907608032
YOR249C,YJL019W,2.5923465596378037e-09
YOR249C,YJL018W,0.0011205726768821478
YOR249C,YNR032C-A,0.8718428015708923
YOR249C,YGL178W,9.713538702271762e-07
YOR249C,YKL116C,3.7337533065340267e-10
YOR249C,YDL214C,0.8451303243637085
YOR249C,YLR362W,5.95124993196805e-06
YOR249C,YER068W,2.1781289660793846e-07
YOR249C,YHR084W,7.608781743329018e-05
YOR249C,YDR392W,3.3100521250162274e-05
YOR249C,YNL053W,8.148641086336283e-07
YOR249C,YGR040W,2.9757978836641996e-07
YOR249C,YDL216C,3.537770317052491e-05
YOR249C,YOL117W,7.362166070379317e-05
YOR249C,YJR086W,0.47722697257995605
YOR249C,YMR025W,0.00017331907292827964
YOR249C,YBR081C,0.033169545233249664
YOR249C,YFL026W,0.053245436400175095
YOR249C,YHL007C,0.20887373387813568
YOR249C,YNR044W,0.0010346649214625359
YOR249C,YNL271C,0.7644727826118469
YOR249C,YDR200C,1.0821861906151753e-05
YOR249C,YKL178C,8.597695888568069e-09
YOR249C,YOR212W,0.02177692949771881
YOR249C,YOL111C,1.0702357400305118e-07
YOR249C,YGL032C,6.383584771896267e-10
YOR249C,YHR005C,0.5319066047668457
YOR249C,YDR103W,0.002915741642937064
YOR249C,YJR084W,0.9996154308319092
YOR249C,YCL032W,0.0014105371665209532
YOR249C,YJL170C,0.3278006315231323
YOR249C,YDR179C,8.85563800068212e-09
YOR249C,YBR095C,4.80742564832326e-05
YOR249C,YLL021W,1.1147746192818886e-07
YOR249C,YDL159W,1.2548678114399081e-06
YOR249C,YNL161W,0.008212322369217873
YOR249C,YNL188W,2.6936269932775758e-05
YOR249C,YJL157C,4.106668711756356e-05
YOR249C,YJL034W,2.399326515245548e-09
YOR249C,YLR238W,1.453887648494856e-06
YOR249C,YPR141C,0.0650545135140419
YOR249C,YNL127W,0.0029383054934442043
YOR249C,YCL055W,1.8179896477121815e-10
YOR249C,YPR122W,0.0011811148142442107
YOR249C,YMR065W,0.7856417894363403
YOR249C,YDR356W,0.010921095497906208
YOR249C,YMR052W,4.972786182833033e-09
YOR249C,YFR008W,3.4545283256193215e-07
YOR249C,YLL043W,5.406065595181531e-10
YOR249C,YMR029C,0.9107626080513
YOR249C,YJR004C,5.107777724333573e-06
YOR249C,YDL223C,1.7745308694694373e-11
YOR249C,YHR158C,0.7554931044578552
YOR249C,YGR238C,7.407722790730986e-08
YOR249C,YIL015W,0.007652932312339544
YOR249C,YGL173C,0.9922431111335754
YOR249C,YDL225W,0.0021699334029108286
YOR249C,YLR330W,1.6829553715069778e-05
YOR249C,YBR129C,8.078077371465042e-05
YOR249C,YKR095W-A,0.2020167112350464
YOR249C,YPR075C,0.007526877801865339
YOR249C,YMR198W,0.00097662303596735
YOR249C,YOR127W,0.003410927252843976
YOR249C,YDR264C,8.662949403515086e-05
YOR249C,YLR110C,2.935464588418868e-12
YOR249C,YDR379W,0.00014896030188538134
YOR249C,YDL100C,0.4342760443687439
YOR249C,YHR073W,0.0002051957999356091
YOR249C,YJR090C,0.8866233825683594
YOR249C,YOR208W,1.9917965943250238e-08
YOR249C,YBR040W,0.6103339195251465
YOR249C,YNL279W,0.002503090538084507
YOR249C,YER075C,2.1233572624623775e-05
YOR249C,YCR089W,8.723870450921822e-06
YOR249C,YCR002C,0.0036234240978956223
YOR249C,YJL108C,1.4338980918182642e-06
YOR249C,YBR200W,0.0013482061913236976
YOR249C,YIL026C,0.0004192452470306307
YOR249C,YJR076C,1.3782104133497342e-06
YOR249C,YKR031C,0.32194727659225464
YOR249C,YPL192C,0.9866824150085449
YOR249C,YHR107C,0.0004304023750592023
YOR249C,YIL037C,9.093358676182106e-05
YOR249C,YPL156C,0.6237218379974365
YOR249C,YIL117C,2.415405375710833e-10
YOR249C,YHR066W,5.214489430527269e-12
YOR249C,YML085C,0.013360828161239624
YOR249C,YML047C,0.0021884567104279995
YOR249C,YDR312W,0.009956262074410915
YOR249C,YFL037W,0.010875924490392208
YOR249C,YDL038C,0.2020167112350464
YOR249C,YDL039C,1.214092642067878e-14
YOR249C,YCL027W,0.00011166501644765958
YOR249C,YML124C,4.087608918013075e-09
YOR249C,YGL053W,1.6805068980829674e-07
YOR249C,YMR232W,0.03863430395722389
YOR249C,YNL298W,0.0010545658878982067
YOR249C,YGL099W,4.345054549048655e-06
YOR249C,YBL016W,6.77199754606228e-11
YOR249C,YAL041W,2.658076994066505e-07
YOR249C,YDR085C,2.1749603547505103e-05
YOR249C,YPL187W,0.9979442954063416
YOR249C,YPL256C,1.989680642466851e-09
YOR249C,YDR461W,0.00014536522212438285
YOR249C,YNL145W,0.0016460042679682374
YPR137C-B,YDL165W,3.1574958825331123e-07
YPR137C-B,YGR059W,0.0008029255550354719
YPR137C-B,YBR109C,0.0017586748581379652
YPR137C-B,YJL080C,0.0007421845220960677
YPR137C-B,YCR093W,0.001408653799444437
YPR137C-B,YIL122W,0.0006392337963916361
YPR137C-B,YCL029C,0.0008022216497920454
YPR137C-B,YNL173C,4.801963200407044e-07
YPR137C-B,YLR452C,4.411020563566126e-05
YPR137C-B,YDL160C,0.00012081531167495996
YPR137C-B,YLR229C,6.875231338199228e-05
YPR137C-B,YML057W,0.0001817673328332603
YPR137C-B,YER149C,4.072357842233032e-05
YPR137C-B,YMR305C,8.012719627004117e-05
YPR137C-B,YLR433C,0.001874658279120922
YPR137C-B,YJL073W,0.0003072423569392413
YPR137C-B,YGR279C,0.0016198193188756704
YPR137C-B,YKL190W,0.00015459743735846132
YPR137C-B,YGL089C,0.00029638715204782784
YPR137C-B,YJL019W,0.00021825100702699274
YPR137C-B,YJL018W,0.2020167112350464
YPR137C-B,YNR032C-A,0.0003356021479703486
YPR137C-B,YGL178W,2.2415142666432075e-05
YPR137C-B,YKL116C,0.0005123995360918343
YPR137C-B,YDL214C,0.00022569936118088663
YPR137C-B,YLR362W,0.0005518168909475207
YPR137C-B,YER068W,0.0004431341658346355
YPR137C-B,YHR084W,0.0007516869809478521
YPR137C-B,YDR392W,0.00012161306221969426
YPR137C-B,YNL053W,1.5009868548077065e-05
YPR137C-B,YGR040W,1.3206528819864616e-05
YPR137C-B,YDL216C,0.0003979282919317484
YPR137C-B,YOL117W,0.0016978224739432335
YPR137C-B,YJR086W,0.005020218435674906
YPR137C-B,YMR025W,5.6601580581627786e-05
YPR137C-B,YBR081C,6.943498010514304e-05
YPR137C-B,YFL026W,7.395147349598119e-06
YPR137C-B,YHL007C,0.0004109274595975876
YPR137C-B,YNR044W,0.0008971222559921443
YPR137C-B,YNL271C,0.002818079898133874
YPR137C-B,YDR200C,5.0925755203934386e-05
YPR137C-B,YKL178C,0.00033206059015356004
YPR137C-B,YOR212W,1.3172467333788518e-05
YPR137C-B,YOL111C,0.0006449708598665893
YPR137C-B,YGL032C,2.1114596165716648e-05
YPR137C-B,YHR005C,1.1581247235881165e-05
YPR137C-B,YDR103W,0.00011938743409700692
YPR137C-B,YJR084W,0.001907345256768167
YPR137C-B,YCL032W,3.4703221899690107e-05
YPR137C-B,YJL170C,0.014537054114043713
YPR137C-B,YDR179C,0.00020228464563842863
YPR137C-B,YBR095C,0.00018964181072078645
YPR137C-B,YLL021W,0.00019978532509412616
YPR137C-B,YDL159W,0.00019663847342599183
YPR137C-B,YNL161W,0.0013387040235102177
YPR137C-B,YNL188W,0.002828548662364483
YPR137C-B,YJL157C,0.0018449041526764631
YPR137C-B,YJL034W,0.0089779207482934
YPR137C-B,YLR238W,6.294607737800106e-05
YPR137C-B,YPR141C,0.0006928532966412604
YPR137C-B,YNL127W,0.0004080456856172532
YPR137C-B,YCL055W,0.0059158396907150745
YPR137C-B,YPR122W,0.00012830759806092829
YPR137C-B,YMR065W,0.0030781882815063
YPR137C-B,YDR356W,2.6664005417842418e-05
YPR137C-B,YMR052W,1.8754608390736394e-05
YPR137C-B,YFR008W,6.701992242597044e-05
YPR137C-B,YLL043W,0.0013297335244715214
YPR137C-B,YMR029C,0.0008342002402059734
YPR137C-B,YJR004C,0.0007288386696018279
YPR137C-B,YDL223C,0.00042241622577421367
YPR137C-B,YHR158C,0.00038718036375939846
YPR137C-B,YGR238C,0.0001867261016741395
YPR137C-B,YIL015W,0.0010241946438327432
YPR137C-B,YGL173C,0.000392000685678795
YPR137C-B,YDL225W,0.003502847393974662
YPR137C-B,YLR330W,0.0022722408175468445
YPR137C-B,YBR129C,0.00015010825882200152
YPR137C-B,YKR095W-A,0.2020167112350464
YPR137C-B,YPR075C,0.00094920041738078
YPR137C-B,YMR198W,8.46412149257958e-05
YPR137C-B,YOR127W,0.000995884882286191
YPR137C-B,YDR264C,4.1181086999131367e-05
YPR137C-B,YLR110C,0.0004700138815678656
YPR137C-B,YDR379W,0.0011102521093562245
YPR137C-B,YDL100C,0.00011984756565652788
YPR137C-B,YHR073W,1.0712076800700743e-05
YPR137C-B,YJR090C,0.0032248515635728836
YPR137C-B,YOR208W,0.0018153656274080276
YPR137C-B,YBR040W,0.004188130144029856
YPR137C-B,YNL279W,0.0002697812160477042
YPR137C-B,YER075C,0.0013486524112522602
YPR137C-B,YCR089W,0.00016534536553081125
YPR137C-B,YCR002C,0.00013052525173407048
YPR137C-B,YJL108C,0.00039157955325208604
YPR137C-B,YBR200W,0.00021498692512977868
YPR137C-B,YIL026C,0.00016409264935646206
YPR137C-B,YJR076C,0.00010123510583071038
YPR137C-B,YKR031C,0.003969995304942131
YPR137C-B,YPL192C,0.001502357772551477
YPR137C-B,YHR107C,0.0001472130388719961
YPR137C-B,YIL037C,0.0005312410066835582
YPR137C-B,YPL156C,0.0015786391450092196
YPR137C-B,YIL117C,0.00019089433772023767
YPR137C-B,YHR066W,7.839836143830325e-06
YPR137C-B,YML085C,0.0007006049272604287
YPR137C-B,YML047C,0.0004199758404865861
YPR137C-B,YDR312W,0.00019118213094770908
YPR137C-B,YFL037W,0.0011811221484094858
YPR137C-B,YDL038C,0.2020167112350464
YPR137C-B,YDL039C,0.0016846770886331797
YPR137C-B,YCL027W,0.009210205636918545
YPR137C-B,YML124C,0.0018194528529420495
YPR137C-B,YGL053W,0.006604994181543589
YPR137C-B,YMR232W,0.00010165163985220715
YPR137C-B,YNL298W,0.00015055664698593318
YPR137C-B,YGL099W,0.00021581337205134332
YPR137C-B,YBL016W,0.0018265950493514538
YPR137C-B,YAL041W,1.012185975923785e-06
YPR137C-B,YDR085C,0.00027886003954336047
YPR137C-B,YPL187W,0.038556601852178574
YPR137C-B,YPL256C,0.00012864216114394367
YPR137C-B,YDR461W,2.2405782146961428e-05
YPR137C-B,YNL145W,0.0009619128541089594
YDR536W,YDL165W,6.031499651726335e-06
YDR536W,YGR059W,5.128823754585454e-11
YDR536W,YBR109C,1.649781700141517e-11
YDR536W,YJL080C,0.0005137335974723101
YDR536W,YCR093W,5.469524921863922e-08
YDR536W,YIL122W,0.07236350327730179
YDR536W,YCL029C,2.9756611183984205e-06
YDR536W,YNL173C,3.207594636478461e-05
YDR536W,YLR452C,1.8405721825126564e-12
YDR536W,YDL160C,0.0001401011395500973
YDR536W,YLR229C,3.559963346333461e-08
YDR536W,YML057W,5.872085370034474e-12
YDR536W,YER149C,0.9109688997268677
YDR536W,YMR305C,0.07077706605195999
YDR536W,YLR433C,2.8158623877061473e-08
YDR536W,YJL073W,6.926016649089206e-09
YDR536W,YGR279C,0.008019417524337769
YDR536W,YKL190W,0.0022559156641364098
YDR536W,YGL089C,0.0005029974272474647
YDR536W,YJL019W,0.9996895790100098
YDR536W,YJL018W,0.0013572165044024587
YDR536W,YNR032C-A,0.002350391121581197
YDR536W,YGL178W,0.0099410405382514
YDR536W,YKL116C,7.129160456420536e-11
YDR536W,YDL214C,0.008210702799260616
YDR536W,YLR362W,6.420657894246062e-10
YDR536W,YER068W,2.5949438153816118e-09
YDR536W,YHR084W,5.589179963294555e-08
YDR536W,YDR392W,1.2821015360486854e-08
YDR536W,YNL053W,0.9861007332801819
YDR536W,YGR040W,0.10386200994253159
YDR536W,YDL216C,1.2757708223176678e-09
YDR536W,YOL117W,0.12538282573223114
YDR536W,YJR086W,0.00018056281260214746
YDR536W,YMR025W,6.509596062187484e-08
YDR536W,YBR081C,1.9926667391700903e-06
YDR536W,YFL026W,7.119850634626848e-15
YDR536W,YHL007C,6.437260724467819e-10
YDR536W,YNR044W,0.00019824392802547663
YDR536W,YNL271C,4.157798016990455e-08
YDR536W,YDR200C,8.779896916166763e-07
YDR536W,YKL178C,3.4247989333380247e-07
YDR536W,YOR212W,1.0003604074881878e-05
YDR536W,YOL111C,0.1575196087360382
YDR536W,YGL032C,2.4465043324539693e-09
YDR536W,YHR005C,3.8522866674384204e-08
YDR536W,YDR103W,0.027734044939279556
YDR536W,YJR084W,2.336193183349877e-10
YDR536W,YCL032W,1.3803646593812946e-11
YDR536W,YJL170C,4.541457487849954e-12
YDR536W,YDR179C,3.4818058158858634e-11
YDR536W,YBR095C,5.921306001255289e-05
YDR536W,YLL021W,1.4014756288815988e-06
YDR536W,YDL159W,2.723263605730608e-07
YDR536W,YNL161W,0.010149134323000908
YDR536W,YNL188W,1.1734404559149425e-09
YDR536W,YJL157C,4.456423718137955e-15
YDR536W,YJL034W,8.501634596314034e-08
YDR536W,YLR238W,0.00015388222527690232
YDR536W,YPR141C,6.030249278410338e-05
YDR536W,YNL127W,0.00245761894620955
YDR536W,YCL055W,0.000878562917932868
YDR536W,YPR122W,5.740859023717348e-07
YDR536W,YMR065W,4.550664016278461e-06
YDR536W,YDR356W,0.4205169379711151
YDR536W,YMR052W,5.373684353396357e-13
YDR536W,YFR008W,5.65191521673114e-06
YDR536W,YLL043W,0.000998969073407352
YDR536W,YMR029C,3.473500692052767e-05
YDR536W,YJR004C,0.19999699294567108
YDR536W,YDL223C,9.175377044812194e-07
YDR536W,YHR158C,8.386310219066218e-05
YDR536W,YGR238C,9.640466305427253e-05
YDR536W,YIL015W,9.896476171888935e-08
YDR536W,YGL173C,0.0057763210497796535
YDR536W,YDL225W,0.021959802135825157
YDR536W,YLR330W,6.038070043956623e-11
YDR536W,YBR129C,0.0009495880221948028
YDR536W,YKR095W-A,0.2020167112350464
YDR536W,YPR075C,1.387375334616081e-07
YDR536W,YMR198W,2.9346079827519134e-05
YDR536W,YOR127W,1.6130870790220797e-05
YDR536W,YDR264C,3.964168718084693e-05
YDR536W,YLR110C,3.4846627841034206e-06
YDR536W,YDR379W,3.387161996215582e-05
YDR536W,YDL100C,1.7022097273389214e-11
YDR536W,YHR073W,0.06592169404029846
YDR536W,YJR090C,5.683914878318319e-06
YDR536W,YOR208W,2.1226629343118475e-09
YDR536W,YBR040W,4.643063156173355e-10
YDR536W,YNL279W,0.04355166107416153
YDR536W,YER075C,3.201409344910644e-05
YDR536W,YCR089W,5.816118573420681e-07
YDR536W,YCR002C,0.00018252909649163485
YDR536W,YJL108C,8.265246252400486e-17
YDR536W,YBR200W,1.8996107797875084e-08
YDR536W,YIL026C,1.9903789727493404e-09
YDR536W,YJR076C,1.9434832410070157e-08
YDR536W,YKR031C,2.508939360268414e-06
YDR536W,YPL192C,2.8586434837052366e-06
YDR536W,YHR107C,6.836227839812636e-06
YDR536W,YIL037C,3.7811975062140846e-07
YDR536W,YPL156C,6.954609776954612e-09
YDR536W,YIL117C,1.5302751421586436e-07
YDR536W,YHR066W,1.1852926409469666e-13
YDR536W,YML085C,0.00021392731287050992
YDR536W,YML047C,0.00019723297737073153
YDR536W,YDR312W,2.0569013940985315e-05
YDR536W,YFL037W,2.042676533164922e-05
YDR536W,YDL038C,0.2020167112350464
YDR536W,YDL039C,1.7544592514906476e-11
YDR536W,YCL027W,6.92420235282043e-06
YDR536W,YML124C,3.197332887339144e-08
YDR536W,YGL053W,1.0945085983371516e-11
YDR536W,YMR232W,0.004180062096565962
YDR536W,YNL298W,0.06918896734714508
YDR536W,YGL099W,1.3312570672496804e-06
YDR536W,YBL016W,9.377282061961978e-09
YDR536W,YAL041W,0.00023421911464538425
YDR536W,YDR085C,4.394991592882036e-10
YDR536W,YPL187W,2.551961188146379e-06
YDR536W,YPL256C,4.549381704688216e-12
YDR536W,YDR461W,7.011389865675948e-16
YDR536W,YNL145W,3.860852193504627e-10
SCH1,YDL165W,0.2020167112350464
SCH1,YGR059W,0.2020167112350464
SCH1,YBR109C,0.2020167112350464
SCH1,YJL080C,0.2020167112350464
SCH1,YCR093W,0.2020167112350464
SCH1,YIL122W,0.2020167112350464
SCH1,YCL029C,0.2020167112350464
SCH1,YNL173C,0.2020167112350464
SCH1,YLR452C,0.2020167112350464
SCH1,YDL160C,0.2020167112350464
SCH1,YLR229C,0.2020167112350464
SCH1,YML057W,0.2020167112350464
SCH1,YER149C,0.2020167112350464
SCH1,YMR305C,0.2020167112350464
SCH1,YLR433C,0.2020167112350464
SCH1,YJL073W,0.2020167112350464
SCH1,YGR279C,0.2020167112350464
SCH1,YKL190W,0.2020167112350464
SCH1,YGL089C,0.2020167112350464
SCH1,YJL019W,0.2020167112350464
SCH1,YJL018W,0.2020167112350464
SCH1,YNR032C-A,0.2020167112350464
SCH1,YGL178W,0.2020167112350464
SCH1,YKL116C,0.2020167112350464
SCH1,YDL214C,0.2020167112350464
SCH1,YLR362W,0.2020167112350464
SCH1,YER068W,0.2020167112350464
SCH1,YHR084W,0.2020167112350464
SCH1,YDR392W,0.2020167112350464
SCH1,YNL053W,0.2020167112350464
SCH1,YGR040W,0.2020167112350464
SCH1,YDL216C,0.2020167112350464
SCH1,YOL117W,0.2020167112350464
SCH1,YJR086W,0.2020167112350464
SCH1,YMR025W,0.2020167112350464
SCH1,YBR081C,0.2020167112350464
SCH1,YFL026W,0.2020167112350464
SCH1,YHL007C,0.2020167112350464
SCH1,YNR044W,0.2020167112350464
SCH1,YNL271C,0.2020167112350464
SCH1,YDR200C,0.2020167112350464
SCH1,YKL178C,0.2020167112350464
SCH1,YOR212W,0.2020167112350464
SCH1,YOL111C,0.2020167112350464
SCH1,YGL032C,0.2020167112350464
SCH1,YHR005C,0.2020167112350464
SCH1,YDR103W,0.2020167112350464
SCH1,YJR084W,0.2020167112350464
SCH1,YCL032W,0.2020167112350464
SCH1,YJL170C,0.2020167112350464
SCH1,YDR179C,0.2020167112350464
SCH1,YBR095C,0.2020167112350464
SCH1,YLL021W,0.2020167112350464
SCH1,YDL159W,0.2020167112350464
SCH1,YNL161W,0.2020167112350464
SCH1,YNL188W,0.2020167112350464
SCH1,YJL157C,0.2020167112350464
SCH1,YJL034W,0.2020167112350464
SCH1,YLR238W,0.2020167112350464
SCH1,YPR141C,0.2020167112350464
SCH1,YNL127W,0.2020167112350464
SCH1,YCL055W,0.2020167112350464
SCH1,YPR122W,0.2020167112350464
SCH1,YMR065W,0.2020167112350464
SCH1,YDR356W,0.2020167112350464
SCH1,YMR052W,0.2020167112350464
SCH1,YFR008W,0.2020167112350464
SCH1,YLL043W,0.2020167112350464
SCH1,YMR029C,0.2020167112350464
SCH1,YJR004C,0.2020167112350464
SCH1,YDL223C,0.2020167112350464
SCH1,YHR158C,0.2020167112350464
SCH1,YGR238C,0.2020167112350464
SCH1,YIL015W,0.2020167112350464
SCH1,YGL173C,0.2020167112350464
SCH1,YDL225W,0.2020167112350464
SCH1,YLR330W,0.2020167112350464
SCH1,YBR129C,0.2020167112350464
SCH1,YKR095W-A,0.2020167112350464
SCH1,YPR075C,0.2020167112350464
SCH1,YMR198W,0.2020167112350464
SCH1,YOR127W,0.2020167112350464
SCH1,YDR264C,0.2020167112350464
SCH1,YLR110C,0.2020167112350464
SCH1,YDR379W,0.2020167112350464
SCH1,YDL100C,0.2020167112350464
SCH1,YHR073W,0.2020167112350464
SCH1,YJR090C,0.2020167112350464
SCH1,YOR208W,0.2020167112350464
SCH1,YBR040W,0.2020167112350464
SCH1,YNL279W,0.2020167112350464
SCH1,YER075C,0.2020167112350464
SCH1,YCR089W,0.2020167112350464
SCH1,YCR002C,0.2020167112350464
SCH1,YJL108C,0.2020167112350464
SCH1,YBR200W,0.2020167112350464
SCH1,YIL026C,0.2020167112350464
SCH1,YJR076C,0.2020167112350464
SCH1,YKR031C,0.2020167112350464
SCH1,YPL192C,0.2020167112350464
SCH1,YHR107C,0.2020167112350464
SCH1,YIL037C,0.2020167112350464
SCH1,YPL156C,0.2020167112350464
SCH1,YIL117C,0.2020167112350464
SCH1,YHR066W,0.2020167112350464
SCH1,YML085C,0.2020167112350464
SCH1,YML047C,0.2020167112350464
SCH1,YDR312W,0.2020167112350464
SCH1,YFL037W,0.2020167112350464
SCH1,YDL038C,0.2020167112350464
SCH1,YDL039C,0.2020167112350464
SCH1,YCL027W,0.2020167112350464
SCH1,YML124C,0.2020167112350464
SCH1,YGL053W,0.2020167112350464
SCH1,YMR232W,0.2020167112350464
SCH1,YNL298W,0.2020167112350464
SCH1,YGL099W,0.2020167112350464
SCH1,YBL016W,0.2020167112350464
SCH1,YAL041W,0.2020167112350464
SCH1,YDR085C,0.2020167112350464
SCH1,YPL187W,0.2020167112350464
SCH1,YPL256C,0.2020167112350464
SCH1,YDR461W,0.2020167112350464
SCH1,YNL145W,0.2020167112350464
YOL081W,YDL165W,5.650963252890051e-09
YOL081W,YGR059W,2.995210968137485e-09
YOL081W,YBR109C,1.856646076030949e-13
YOL081W,YJL080C,2.130861893184788e-12
YOL081W,YCR093W,3.527176772877283e-08
YOL081W,YIL122W,5.5744352721376345e-05
YOL081W,YCL029C,2.983241756737698e-06
YOL081W,YNL173C,8.500574040226638e-06
YOL081W,YLR452C,2.348750422243029e-05
YOL081W,YDL160C,3.844805984004607e-12
YOL081W,YLR229C,2.1722453003025777e-10
YOL081W,YML057W,2.718992458374923e-26
YOL081W,YER149C,1.180230810859939e-06
YOL081W,YMR305C,1.2216275734056037e-11
YOL081W,YLR433C,0.000579704821575433
YOL081W,YJL073W,1.9812972595900646e-08
YOL081W,YGR279C,1.0853383081155243e-08
YOL081W,YKL190W,3.6354500139446078e-12
YOL081W,YGL089C,1.9853407138725743e-05
YOL081W,YJL019W,4.04363436246058e-06
YOL081W,YJL018W,0.2020167112350464
YOL081W,YNR032C-A,4.571584777401938e-10
YOL081W,YGL178W,1.1188538451278873e-07
YOL081W,YKL116C,8.097301041481986e-13
YOL081W,YDL214C,2.1735322874860685e-08
YOL081W,YLR362W,1.1767558498812503e-12
YOL081W,YER068W,2.4522434430296336e-11
YOL081W,YHR084W,0.0011203420581296086
YOL081W,YDR392W,1.6876581909741617e-08
YOL081W,YNL053W,2.5883481469257674e-10
YOL081W,YGR040W,1.853835557286132e-10
YOL081W,YDL216C,5.212868927628733e-07
YOL081W,YOL117W,3.827079126494937e-06
YOL081W,YJR086W,0.011682995595037937
YOL081W,YMR025W,7.660212872906413e-07
YOL081W,YBR081C,4.817078291807775e-09
YOL081W,YFL026W,6.112738353686309e-12
YOL081W,YHL007C,3.228036869924733e-13
YOL081W,YNR044W,4.0798797673602394e-10
YOL081W,YNL271C,1.7613393382687192e-11
YOL081W,YDR200C,4.7717783502321254e-08
YOL081W,YKL178C,9.766823495738208e-06
YOL081W,YOR212W,2.807680128034653e-18
YOL081W,YOL111C,6.879983249774568e-10
YOL081W,YGL032C,2.419813516230107e-10
YOL081W,YHR005C,1.195995108504988e-10
YOL081W,YDR103W,2.7293026172436896e-10
YOL081W,YJR084W,6.780667405337226e-08
YOL081W,YCL032W,1.8747019492337813e-09
YOL081W,YJL170C,6.352878778592697e-10
YOL081W,YDR179C,5.661230488840374e-07
YOL081W,YBR095C,1.3209843375411312e-12
YOL081W,YLL021W,7.719241044978897e-12
YOL081W,YDL159W,8.354278206723631e-12
YOL081W,YNL161W,8.694563439348713e-05
YOL081W,YNL188W,5.095440180902244e-10
YOL081W,YJL157C,1.430636018540099e-07
YOL081W,YJL034W,4.5615582118660444e-18
YOL081W,YLR238W,1.4266427449116659e-11
YOL081W,YPR141C,1.4009354386192857e-13
YOL081W,YNL127W,3.2007530535338446e-05
YOL081W,YCL055W,3.155584610820927e-15
YOL081W,YPR122W,0.0003605254169087857
YOL081W,YMR065W,0.00013471514103002846
YOL081W,YDR356W,2.958626399429676e-10
YOL081W,YMR052W,3.187502807122655e-05
YOL081W,YFR008W,9.206826412366809e-09
YOL081W,YLL043W,0.0005131967482157052
YOL081W,YMR029C,7.513433502026601e-07
YOL081W,YJR004C,3.052559623029083e-05
YOL081W,YDL223C,3.718228416133007e-12
YOL081W,YHR158C,7.888149497741609e-14
YOL081W,YGR238C,1.3025940859279217e-07
YOL081W,YIL015W,5.2711206927069654e-11
YOL081W,YGL173C,0.0
YOL081W,YDL225W,1.0611703302101233e-14
YOL081W,YLR330W,5.89765215830429e-13
YOL081W,YBR129C,3.688140765012449e-11
YOL081W,YKR095W-A,0.2020167112350464
YOL081W,YPR075C,7.256598451022e-07
YOL081W,YMR198W,1.1504680763607666e-08
YOL081W,YOR127W,2.744850516583214e-13
YOL081W,YDR264C,5.1383136162813994e-14
YOL081W,YLR110C,1.7948673103340695e-10
YOL081W,YDR379W,5.333193608958453e-11
YOL081W,YDL100C,5.945132624043947e-13
YOL081W,YHR073W,8.58346893561901e-10
YOL081W,YJR090C,0.0006061418680474162
YOL081W,YOR208W,2.812163413867466e-16
YOL081W,YBR040W,9.940342771130872e-09
YOL081W,YNL279W,0.0018304809927940369
YOL081W,YER075C,5.995929677737877e-05
YOL081W,YCR089W,7.07296180735284e-07
YOL081W,YCR002C,1.1327651039394482e-09
YOL081W,YJL108C,3.865075306249549e-13
YOL081W,YBR200W,4.156414945555298e-07
YOL081W,YIL026C,6.113840527177672e-07
YOL081W,YJR076C,3.182964527324449e-17
YOL081W,YKR031C,0.0010484143858775496
YOL081W,YPL192C,0.19553013145923615
YOL081W,YHR107C,1.6364534239417944e-14
YOL081W,YIL037C,3.913009277312085e-05
YOL081W,YPL156C,6.225507149792975e-07
YOL081W,YIL117C,0.0012092014076188207
YOL081W,YHR066W,1.303137597830073e-10
YOL081W,YML085C,6.5602650942868726e-15
YOL081W,YML047C,7.699993176402131e-08
YOL081W,YDR312W,7.916467481550171e-11
YOL081W,YFL037W,2.8253441253234257e-10
YOL081W,YDL038C,0.2020167112350464
YOL081W,YDL039C,8.531483297602449e-10
YOL081W,YCL027W,4.574293939185736e-07
YOL081W,YML124C,3.971244048981159e-27
YOL081W,YGL053W,6.0278577684869106e-09
YOL081W,YMR232W,0.000987763749435544
YOL081W,YNL298W,1.195497219557036e-15
YOL081W,YGL099W,4.993734375666192e-13
YOL081W,YBL016W,3.1271888290690386e-12
YOL081W,YAL041W,5.132759270054521e-06
YOL081W,YDR085C,3.015699343043366e-16
YOL081W,YPL187W,2.081943239318207e-05
YOL081W,YPL256C,1.834920132504081e-10
YOL081W,YDR461W,0.005145456176251173
YOL081W,YNL145W,2.0748551463642233e-14
YEL006W,YDL165W,0.02762480080127716
YEL006W,YGR059W,1.0324955468377084e-07
YEL006W,YBR109C,5.405477732089992e-10
YEL006W,YJL080C,9.047831242025065e-17
YEL006W,YCR093W,1.7209721148159218e-10
YEL006W,YIL122W,9.579172307802586e-13
YEL006W,YCL029C,4.1239542163118426e-12
YEL006W,YNL173C,0.003912295680493116
YEL006W,YLR452C,1.5493011040756954e-10
YEL006W,YDL160C,5.398791245170287e-07
YEL006W,YLR229C,2.5390986535533955e-10
YEL006W,YML057W,5.407604702564739e-13
YEL006W,YER149C,0.000452235690318048
YEL006W,YMR305C,2.9079259833419968e-11
YEL006W,YLR433C,0.0003663530224002898
YEL006W,YJL073W,0.0029609291814267635
YEL006W,YGR279C,6.0402411961035796e-09
YEL006W,YKL190W,2.086304184967247e-10
YEL006W,YGL089C,5.700476202186167e-10
YEL006W,YJL019W,1.2515704565581358e-16
YEL006W,YJL018W,0.004208534024655819
YEL006W,YNR032C-A,0.0012919404543936253
YEL006W,YGL178W,1.1487608162497054e-06
YEL006W,YKL116C,5.002265962561481e-13
YEL006W,YDL214C,1.2904167761007557e-06
YEL006W,YLR362W,2.397421894524427e-14
YEL006W,YER068W,1.9043373648830464e-12
YEL006W,YHR084W,2.4634032591563937e-09
YEL006W,YDR392W,5.556659021799248e-10
YEL006W,YNL053W,1.4039159374965027e-12
YEL006W,YGR040W,1.1926107390536345e-07
YEL006W,YDL216C,6.745586347278731e-07
YEL006W,YOL117W,4.9624458595088836e-14
YEL006W,YJR086W,8.983190302735977e-10
YEL006W,YMR025W,0.0002641267783474177
YEL006W,YBR081C,6.719898374285549e-05
YEL006W,YFL026W,9.49875982314552e-08
YEL006W,YHL007C,3.4215862143582854e-08
YEL006W,YNR044W,2.0545709773257814e-13
YEL006W,YNL271C,1.9184829724849806e-08
YEL006W,YDR200C,1.2830868589830402e-09
YEL006W,YKL178C,8.213932312095551e-10
YEL006W,YOR212W,1.9660498651319358e-07
YEL006W,YOL111C,3.3872054245875916e-06
YEL006W,YGL032C,9.845003284825182e-12
YEL006W,YHR005C,5.062233299213403e-07
YEL006W,YDR103W,0.035734571516513824
YEL006W,YJR084W,1.2560595230581839e-08
YEL006W,YCL032W,1.5740365824981617e-12
YEL006W,YJL170C,2.50170933213667e-06
YEL006W,YDR179C,0.00017912444309331477
YEL006W,YBR095C,2.3258474313170296e-10
YEL006W,YLL021W,2.7258426567896947e-14
YEL006W,YDL159W,7.679406053284765e-07
YEL006W,YNL161W,1.3814837984682526e-05
YEL006W,YNL188W,2.6045997358892237e-08
YEL006W,YJL157C,6.596417856385983e-10
YEL006W,YJL034W,4.1169285862341365e-12
YEL006W,YLR238W,2.800258300794667e-07
YEL006W,YPR141C,5.2536439199002416e-08
YEL006W,YNL127W,1.4849026896968098e-08
YEL006W,YCL055W,1.0748123918657981e-10
YEL006W,YPR122W,5.291474369784055e-09
YEL006W,YMR065W,7.0169940968867195e-09
YEL006W,YDR356W,4.4111006622556126e-13
YEL006W,YMR052W,6.70573285788123e-09
YEL006W,YFR008W,1.68938599220958e-10
YEL006W,YLL043W,2.4555470545806202e-08
YEL006W,YMR029C,0.002758317394182086
YEL006W,YJR004C,6.789927509132099e-10
YEL006W,YDL223C,3.0750296753367934e-10
YEL006W,YHR158C,0.0006558160530403256
YEL006W,YGR238C,2.8612040736675226e-08
YEL006W,YIL015W,2.361770611969405e-06
YEL006W,YGL173C,1.0843081327038817e-05
YEL006W,YDL225W,1.6236184819228157e-15
YEL006W,YLR330W,8.322943223504353e-09
YEL006W,YBR129C,2.8733025828842074e-05
YEL006W,YKR095W-A,0.2020167112350464
YEL006W,YPR075C,1.026018270344764e-09
YEL006W,YMR198W,9.90471562545281e-07
YEL006W,YOR127W,1.0602127176184695e-08
YEL006W,YDR264C,6.273236791143333e-11
YEL006W,YLR110C,5.757866378781548e-14
YEL006W,YDR379W,2.8002642427082947e-09
YEL006W,YDL100C,5.630287773783493e-07
YEL006W,YHR073W,5.81028425372665e-09
YEL006W,YJR090C,1.3586366094386904e-06
YEL006W,YOR208W,6.874361110633883e-16
YEL006W,YBR040W,2.63970179048556e-07
YEL006W,YNL279W,3.254409080000187e-07
YEL006W,YER075C,1.0692405294498997e-10
YEL006W,YCR089W,1.7026669851816223e-08
YEL006W,YCR002C,5.825894504596363e-07
YEL006W,YJL108C,5.559627425100189e-07
YEL006W,YBR200W,1.2620141205843538e-05
YEL006W,YIL026C,5.360453997127479e-06
YEL006W,YJR076C,6.662376108579338e-05
YEL006W,YKR031C,3.2511291835762846e-12
YEL006W,YPL192C,3.894010205840459e-06
YEL006W,YHR107C,2.5060076236371742e-09
YEL006W,YIL037C,3.4310014829230795e-09
YEL006W,YPL156C,9.620388253389622e-13
YEL006W,YIL117C,0.062450554221868515
YEL006W,YHR066W,2.002972034108666e-14
YEL006W,YML085C,8.174136450448278e-15
YEL006W,YML047C,2.5567260308889672e-06
YEL006W,YDR312W,1.0160255214941571e-06
YEL006W,YFL037W,8.886856085155159e-05
YEL006W,YDL038C,0.2020167112350464
YEL006W,YDL039C,4.242577068653365e-16
YEL006W,YCL027W,4.815139714904604e-13
YEL006W,YML124C,2.1549129735937318e-14
YEL006W,YGL053W,4.208289550167166e-10
YEL006W,YMR232W,1.621303135149188e-12
YEL006W,YNL298W,1.5287540009012446e-05
YEL006W,YGL099W,1.419719564133004e-09
YEL006W,YBL016W,3.0261171559686773e-06
YEL006W,YAL041W,3.850433305530032e-09
YEL006W,YDR085C,2.5248301713243215e-12
YEL006W,YPL187W,2.608000500003982e-07
YEL006W,YPL256C,3.718224894644351e-10
YEL006W,YDR461W,3.73134412257059e-06
YEL006W,YNL145W,1.2271801428419483e-16
YHR026W,YDL165W,0.030974626541137695
YHR026W,YGR059W,6.946008872243947e-12
YHR026W,YBR109C,6.238195737751084e-07
YHR026W,YJL080C,0.0007987425196915865
YHR026W,YCR093W,7.940817340568174e-06
YHR026W,YIL122W,0.09466686844825745
YHR026W,YCL029C,2.2370653940395613e-10
YHR026W,YNL173C,4.0955205804493744e-07
YHR026W,YLR452C,0.0008836548659019172
YHR026W,YDL160C,0.0004715881950687617
YHR026W,YLR229C,2.2348672246153e-08
YHR026W,YML057W,5.451179276860785e-07
YHR026W,YER149C,0.999994158744812
YHR026W,YMR305C,2.0012411994230206e-07
YHR026W,YLR433C,4.4618153083320067e-07
YHR026W,YJL073W,0.0011518417159095407
YHR026W,YGR279C,1.8095703126164153e-05
YHR026W,YKL190W,0.9999996423721313
YHR026W,YGL089C,0.6248233318328857
YHR026W,YJL019W,0.009108475409448147
YHR026W,YJL018W,0.15201038122177124
YHR026W,YNR032C-A,0.9998631477355957
YHR026W,YGL178W,2.14773062907625e-05
YHR026W,YKL116C,0.00015327100118156523
YHR026W,YDL214C,0.0375962033867836
YHR026W,YLR362W,0.0350186713039875
YHR026W,YER068W,0.13891419768333435
YHR026W,YHR084W,1.4918108718120493e-05
YHR026W,YDR392W,0.013760660775005817
YHR026W,YNL053W,0.0014980214182287455
YHR026W,YGR040W,0.00034493341809138656
YHR026W,YDL216C,0.45252206921577454
YHR026W,YOL117W,7.941770832076145e-07
YHR026W,YJR086W,0.966471254825592
YHR026W,YMR025W,0.03566085174679756
YHR026W,YBR081C,1.2845440551245701e-06
YHR026W,YFL026W,0.0012659583007916808
YHR026W,YHL007C,0.37581321597099304
YHR026W,YNR044W,1.660163491123967e-07
YHR026W,YNL271C,0.016120577231049538
YHR026W,YDR200C,7.789613300701603e-05
YHR026W,YKL178C,0.00021538125292863697
YHR026W,YOR212W,0.0005400674417614937
YHR026W,YOL111C,1.0560426664563406e-20
YHR026W,YGL032C,2.8220322292327182e-06
YHR026W,YHR005C,0.941257894039154
YHR026W,YDR103W,0.00774325430393219
YHR026W,YJR084W,0.08741117268800735
YHR026W,YCL032W,0.003146812319755554
YHR026W,YJL170C,0.9999125003814697
YHR026W,YDR179C,2.9002611401894585e-14
YHR026W,YBR095C,0.997860848903656
YHR026W,YLL021W,1.0060289241664577e-06
YHR026W,YDL159W,7.560738701783976e-10
YHR026W,YNL161W,0.7628896832466125
YHR026W,YNL188W,3.629007494510006e-08
YHR026W,YJL157C,0.14627894759178162
YHR026W,YJL034W,1.3738606696733768e-08
YHR026W,YLR238W,0.631540060043335
YHR026W,YPR141C,1.908438296283066e-09
YHR026W,YNL127W,0.01339708361774683
YHR026W,YCL055W,1.7219448089633715e-09
YHR026W,YPR122W,5.5103905651776586e-06
YHR026W,YMR065W,0.6480653882026672
YHR026W,YDR356W,6.804546865168959e-05
YHR026W,YMR052W,5.566799927692045e-07
YHR026W,YFR008W,0.9861038327217102
YHR026W,YLL043W,0.07517114281654358
YHR026W,YMR029C,0.002189165912568569
YHR026W,YJR004C,5.299563956076558e-13
YHR026W,YDL223C,2.941979299064812e-11
YHR026W,YHR158C,0.4835154414176941
YHR026W,YGR238C,6.08123285061879e-09
YHR026W,YIL015W,6.549799763888586e-06
YHR026W,YGL173C,0.9861813187599182
YHR026W,YDL225W,0.9999412298202515
YHR026W,YLR330W,9.337003575637937e-05
YHR026W,YBR129C,0.01693803444504738
YHR026W,YKR095W-A,0.2020167112350464
YHR026W,YPR075C,4.8525492651885216e-11
YHR026W,YMR198W,0.000411911285482347
YHR026W,YOR127W,3.9968253986444324e-05
YHR026W,YDR264C,0.08034924417734146
YHR026W,YLR110C,0.024297481402754784
YHR026W,YDR379W,9.144820069195703e-05
YHR026W,YDL100C,0.0003261887759435922
YHR026W,YHR073W,0.99222731590271
YHR026W,YJR090C,0.0006130817346274853
YHR026W,YOR208W,0.00015255041944328696
YHR026W,YBR040W,0.6176908016204834
YHR026W,YNL279W,2.82378755400714e-06
YHR026W,YER075C,0.9986727237701416
YHR026W,YCR089W,3.687538765007048e-06
YHR026W,YCR002C,0.9898123145103455
YHR026W,YJL108C,0.8866959810256958
YHR026W,YBR200W,0.3154555559158325
YHR026W,YIL026C,2.360839024273531e-10
YHR026W,YJR076C,0.47309866547584534
YHR026W,YKR031C,0.4940635859966278
YHR026W,YPL192C,0.003050796454772353
YHR026W,YHR107C,0.9122100472450256
YHR026W,YIL037C,2.949230656668078e-05
YHR026W,YPL156C,1.0293715604348108e-06
YHR026W,YIL117C,2.3415971099893795e-06
YHR026W,YHR066W,1.1034101632390048e-08
YHR026W,YML085C,0.3381108045578003
YHR026W,YML047C,8.178046846296638e-05
YHR026W,YDR312W,9.183989459415898e-05
YHR026W,YFL037W,0.19224058091640472
YHR026W,YDL038C,0.2020167112350464
YHR026W,YDL039C,6.07150831347103e-13
YHR026W,YCL027W,2.3810420302083912e-08
YHR026W,YML124C,4.9970642207464167e-11
YHR026W,YGL053W,0.028745615854859352
YHR026W,YMR232W,9.41468911719312e-08
YHR026W,YNL298W,0.2065230906009674
YHR026W,YGL099W,0.8916935324668884
YHR026W,YBL016W,2.1410518513675925e-07
YHR026W,YAL041W,0.9811206459999084
YHR026W,YDR085C,0.8353047370910645
YHR026W,YPL187W,8.201023433684895e-07
YHR026W,YPL256C,3.317111918477167e-08
YHR026W,YDR461W,8.802322426504361e-09
YHR026W,YNL145W,7.326047407607561e-11
tD(GUC)J4,YDL165W,0.2020167112350464
tD(GUC)J4,YGR059W,0.2020167112350464
tD(GUC)J4,YBR109C,0.2020167112350464
tD(GUC)J4,YJL080C,0.2020167112350464
tD(GUC)J4,YCR093W,0.2020167112350464
tD(GUC)J4,YIL122W,0.2020167112350464
tD(GUC)J4,YCL029C,0.2020167112350464
tD(GUC)J4,YNL173C,0.2020167112350464
tD(GUC)J4,YLR452C,0.2020167112350464
tD(GUC)J4,YDL160C,0.2020167112350464
tD(GUC)J4,YLR229C,0.2020167112350464
tD(GUC)J4,YML057W,0.2020167112350464
tD(GUC)J4,YER149C,0.2020167112350464
tD(GUC)J4,YMR305C,0.2020167112350464
tD(GUC)J4,YLR433C,0.2020167112350464
tD(GUC)J4,YJL073W,0.2020167112350464
tD(GUC)J4,YGR279C,0.2020167112350464
tD(GUC)J4,YKL190W,0.2020167112350464
tD(GUC)J4,YGL089C,0.2020167112350464
tD(GUC)J4,YJL019W,0.2020167112350464
tD(GUC)J4,YJL018W,0.2020167112350464
tD(GUC)J4,YNR032C-A,0.2020167112350464
tD(GUC)J4,YGL178W,0.2020167112350464
tD(GUC)J4,YKL116C,0.2020167112350464
tD(GUC)J4,YDL214C,0.2020167112350464
tD(GUC)J4,YLR362W,0.2020167112350464
tD(GUC)J4,YER068W,0.2020167112350464
tD(GUC)J4,YHR084W,0.2020167112350464
tD(GUC)J4,YDR392W,0.2020167112350464
tD(GUC)J4,YNL053W,0.2020167112350464
tD(GUC)J4,YGR040W,0.2020167112350464
tD(GUC)J4,YDL216C,0.2020167112350464
tD(GUC)J4,YOL117W,0.2020167112350464
tD(GUC)J4,YJR086W,0.2020167112350464
tD(GUC)J4,YMR025W,0.2020167112350464
tD(GUC)J4,YBR081C,0.2020167112350464
tD(GUC)J4,YFL026W,0.2020167112350464
tD(GUC)J4,YHL007C,0.2020167112350464
tD(GUC)J4,YNR044W,0.2020167112350464
tD(GUC)J4,YNL271C,0.2020167112350464
tD(GUC)J4,YDR200C,0.2020167112350464
tD(GUC)J4,YKL178C,0.2020167112350464
tD(GUC)J4,YOR212W,0.2020167112350464
tD(GUC)J4,YOL111C,0.2020167112350464
tD(GUC)J4,YGL032C,0.2020167112350464
tD(GUC)J4,YHR005C,0.2020167112350464
tD(GUC)J4,YDR103W,0.2020167112350464
tD(GUC)J4,YJR084W,0.2020167112350464
tD(GUC)J4,YCL032W,0.2020167112350464
tD(GUC)J4,YJL170C,0.2020167112350464
tD(GUC)J4,YDR179C,0.2020167112350464
tD(GUC)J4,YBR095C,0.2020167112350464
tD(GUC)J4,YLL021W,0.2020167112350464
tD(GUC)J4,YDL159W,0.2020167112350464
tD(GUC)J4,YNL161W,0.2020167112350464
tD(GUC)J4,YNL188W,0.2020167112350464
tD(GUC)J4,YJL157C,0.2020167112350464
tD(GUC)J4,YJL034W,0.2020167112350464
tD(GUC)J4,YLR238W,0.2020167112350464
tD(GUC)J4,YPR141C,0.2020167112350464
tD(GUC)J4,YNL127W,0.2020167112350464
tD(GUC)J4,YCL055W,0.2020167112350464
tD(GUC)J4,YPR122W,0.2020167112350464
tD(GUC)J4,YMR065W,0.2020167112350464
tD(GUC)J4,YDR356W,0.2020167112350464
tD(GUC)J4,YMR052W,0.2020167112350464
tD(GUC)J4,YFR008W,0.2020167112350464
tD(GUC)J4,YLL043W,0.2020167112350464
tD(GUC)J4,YMR029C,0.2020167112350464
tD(GUC)J4,YJR004C,0.2020167112350464
tD(GUC)J4,YDL223C,0.2020167112350464
tD(GUC)J4,YHR158C,0.2020167112350464
tD(GUC)J4,YGR238C,0.2020167112350464
tD(GUC)J4,YIL015W,0.2020167112350464
tD(GUC)J4,YGL173C,0.2020167112350464
tD(GUC)J4,YDL225W,0.2020167112350464
tD(GUC)J4,YLR330W,0.2020167112350464
tD(GUC)J4,YBR129C,0.2020167112350464
tD(GUC)J4,YKR095W-A,0.2020167112350464
tD(GUC)J4,YPR075C,0.2020167112350464
tD(GUC)J4,YMR198W,0.2020167112350464
tD(GUC)J4,YOR127W,0.2020167112350464
tD(GUC)J4,YDR264C,0.2020167112350464
tD(GUC)J4,YLR110C,0.2020167112350464
tD(GUC)J4,YDR379W,0.2020167112350464
tD(GUC)J4,YDL100C,0.2020167112350464
tD(GUC)J4,YHR073W,0.2020167112350464
tD(GUC)J4,YJR090C,0.2020167112350464
tD(GUC)J4,YOR208W,0.2020167112350464
tD(GUC)J4,YBR040W,0.2020167112350464
tD(GUC)J4,YNL279W,0.2020167112350464
tD(GUC)J4,YER075C,0.2020167112350464
tD(GUC)J4,YCR089W,0.2020167112350464
tD(GUC)J4,YCR002C,0.2020167112350464
tD(GUC)J4,YJL108C,0.2020167112350464
tD(GUC)J4,YBR200W,0.2020167112350464
tD(GUC)J4,YIL026C,0.2020167112350464
tD(GUC)J4,YJR076C,0.2020167112350464
tD(GUC)J4,YKR031C,0.2020167112350464
tD(GUC)J4,YPL192C,0.2020167112350464
tD(GUC)J4,YHR107C,0.2020167112350464
tD(GUC)J4,YIL037C,0.2020167112350464
tD(GUC)J4,YPL156C,0.2020167112350464
tD(GUC)J4,YIL117C,0.2020167112350464
tD(GUC)J4,YHR066W,0.2020167112350464
tD(GUC)J4,YML085C,0.2020167112350464
tD(GUC)J4,YML047C,0.2020167112350464
tD(GUC)J4,YDR312W,0.2020167112350464
tD(GUC)J4,YFL037W,0.2020167112350464
tD(GUC)J4,YDL038C,0.2020167112350464
tD(GUC)J4,YDL039C,0.2020167112350464
tD(GUC)J4,YCL027W,0.2020167112350464
tD(GUC)J4,YML124C,0.2020167112350464
tD(GUC)J4,YGL053W,0.2020167112350464
tD(GUC)J4,YMR232W,0.2020167112350464
tD(GUC)J4,YNL298W,0.2020167112350464
tD(GUC)J4,YGL099W,0.2020167112350464
tD(GUC)J4,YBL016W,0.2020167112350464
tD(GUC)J4,YAL041W,0.2020167112350464
tD(GUC)J4,YDR085C,0.2020167112350464
tD(GUC)J4,YPL187W,0.2020167112350464
tD(GUC)J4,YPL256C,0.2020167112350464
tD(GUC)J4,YDR461W,0.2020167112350464
tD(GUC)J4,YNL145W,0.2020167112350464
YJL108C,YDL165W,0.9901713728904724
YJL108C,YGR059W,5.030983447795734e-05
YJL108C,YBR109C,0.9959413409233093
YJL108C,YJL080C,0.999984622001648
YJL108C,YCR093W,0.9997804760932922
YJL108C,YIL122W,0.9998763799667358
YJL108C,YCL029C,4.705340472810349e-08
YJL108C,YNL173C,0.9999669790267944
YJL108C,YLR452C,0.9762370586395264
YJL108C,YDL160C,0.9995684027671814
YJL108C,YLR229C,0.9940451383590698
YJL108C,YML057W,0.9999938011169434
YJL108C,YER149C,1.0
YJL108C,YMR305C,0.9998711347579956
YJL108C,YLR433C,0.9977206587791443
YJL108C,YJL073W,0.993946373462677
YJL108C,YGR279C,0.9998130202293396
YJL108C,YKL190W,0.9988073110580444
YJL108C,YGL089C,0.9975095987319946
YJL108C,YJL019W,0.999693751335144
YJL108C,YJL018W,0.0004303814494051039
YJL108C,YNR032C-A,0.9758651256561279
YJL108C,YGL178W,0.9999723434448242
YJL108C,YKL116C,1.3923360711487476e-05
YJL108C,YDL214C,0.9999992847442627
YJL108C,YLR362W,0.9975493550300598
YJL108C,YER068W,0.014027242548763752
YJL108C,YHR084W,0.0016702619614079595
YJL108C,YDR392W,0.9997407793998718
YJL108C,YNL053W,0.9999755620956421
YJL108C,YGR040W,0.9989069700241089
YJL108C,YDL216C,0.9998960494995117
YJL108C,YOL117W,0.9991686344146729
YJL108C,YJR086W,0.995410144329071
YJL108C,YMR025W,0.9831323027610779
YJL108C,YBR081C,0.998557984828949
YJL108C,YFL026W,0.6223703622817993
YJL108C,YHL007C,0.9990615248680115
YJL108C,YNR044W,0.9890145659446716
YJL108C,YNL271C,0.9999645948410034
YJL108C,YDR200C,0.9998795986175537
YJL108C,YKL178C,0.9987356066703796
YJL108C,YOR212W,0.9999109506607056
YJL108C,YOL111C,9.447429874853697e-06
YJL108C,YGL032C,0.0004430205444805324
YJL108C,YHR005C,0.9990869760513306
YJL108C,YDR103W,0.999701201915741
YJL108C,YJR084W,0.9949231743812561
YJL108C,YCL032W,0.9998908042907715
YJL108C,YJL170C,0.9997575879096985
YJL108C,YDR179C,0.996531069278717
YJL108C,YBR095C,0.9998750686645508
YJL108C,YLL021W,0.9999990463256836
YJL108C,YDL159W,8.450136146365139e-10
YJL108C,YNL161W,0.9999977350234985
YJL108C,YNL188W,0.9994452595710754
YJL108C,YJL157C,0.005242940969765186
YJL108C,YJL034W,2.5062619080779003e-12
YJL108C,YLR238W,0.972783088684082
YJL108C,YPR141C,0.9999969005584717
YJL108C,YNL127W,0.992792010307312
YJL108C,YCL055W,4.861658453592099e-07
YJL108C,YPR122W,0.9995498061180115
YJL108C,YMR065W,0.9935530424118042
YJL108C,YDR356W,1.0
YJL108C,YMR052W,0.999790370464325
YJL108C,YFR008W,0.9997944235801697
YJL108C,YLL043W,0.9996241331100464
YJL108C,YMR029C,0.9998918771743774
YJL108C,YJR004C,0.0001113755424739793
YJL108C,YDL223C,0.3295161724090576
YJL108C,YHR158C,0.9999996423721313
YJL108C,YGR238C,1.431790103145758e-10
YJL108C,YIL015W,0.9998791217803955
YJL108C,YGL173C,0.9987295269966125
YJL108C,YDL225W,0.9999518394470215
YJL108C,YLR330W,0.9894000887870789
YJL108C,YBR129C,0.9998950958251953
YJL108C,YKR095W-A,0.2020167112350464
YJL108C,YPR075C,3.2467404320613014e-09
YJL108C,YMR198W,0.9955110549926758
YJL108C,YOR127W,0.9944409728050232
YJL108C,YDR264C,0.9999426603317261
YJL108C,YLR110C,0.9999982118606567
YJL108C,YDR379W,0.9999990463256836
YJL108C,YDL100C,0.9997761845588684
YJL108C,YHR073W,0.9989252686500549
YJL108C,YJR090C,0.9999066591262817
YJL108C,YOR208W,1.0
YJL108C,YBR040W,0.9998501539230347
YJL108C,YNL279W,0.9998471736907959
YJL108C,YER075C,0.9997766613960266
YJL108C,YCR089W,0.9152373671531677
YJL108C,YCR002C,0.9935936331748962
YJL108C,YBR200W,5.393752644522465e-08
YJL108C,YIL026C,0.9995168447494507
YJL108C,YJR076C,1.0
YJL108C,YKR031C,0.9988380074501038
YJL108C,YPL192C,0.9999984502792358
YJL108C,YHR107C,0.9990532994270325
YJL108C,YIL037C,0.9986550807952881
YJL108C,YPL156C,0.9999920129776001
YJL108C,YIL117C,0.9998522996902466
YJL108C,YHR066W,7.917789480416104e-05
YJL108C,YML085C,0.9853402972221375
YJL108C,YML047C,0.999652624130249
YJL108C,YDR312W,0.9999994039535522
YJL108C,YFL037W,0.9999966621398926
YJL108C,YDL038C,0.2020167112350464
YJL108C,YDL039C,2.1596264273421317e-12
YJL108C,YCL027W,0.9999823570251465
YJL108C,YML124C,0.0010308315977454185
YJL108C,YGL053W,1.0
YJL108C,YMR232W,0.9999991655349731
YJL108C,YNL298W,0.9996770620346069
YJL108C,YGL099W,0.9995148181915283
YJL108C,YBL016W,0.0009598648175597191
YJL108C,YAL041W,0.984679639339447
YJL108C,YDR085C,0.9999325275421143
YJL108C,YPL187W,0.9631524682044983
YJL108C,YPL256C,8.951546624302864e-05
YJL108C,YDR461W,2.258495257131954e-12
YJL108C,YNL145W,1.7865374957182212e-07
YDR059C,YDL165W,2.0971847902728769e-07
YDR059C,YGR059W,3.323015126954765e-11
YDR059C,YBR109C,4.4517665998000666e-08
YDR059C,YJL080C,8.396141297764347e-17
YDR059C,YCR093W,3.705464678205317e-06
YDR059C,YIL122W,0.007427198346704245
YDR059C,YCL029C,1.3310134278651884e-14
YDR059C,YNL173C,0.9457719922065735
YDR059C,YLR452C,8.926250849583539e-09
YDR059C,YDL160C,1.8522149959621093e-12
YDR059C,YLR229C,3.507561602278386e-11
YDR059C,YML057W,3.071028858646997e-16
YDR059C,YER149C,3.4266514603586984e-07
YDR059C,YMR305C,5.059001720146561e-13
YDR059C,YLR433C,6.927401387348662e-17
YDR059C,YJL073W,1.8531844654805108e-22
YDR059C,YGR279C,1.718315843390883e-06
YDR059C,YKL190W,3.3617382423807574e-14
YDR059C,YGL089C,0.9286336898803711
YDR059C,YJL019W,0.007557144854217768
YDR059C,YJL018W,0.14647947251796722
YDR059C,YNR032C-A,0.8412625789642334
YDR059C,YGL178W,2.7949037940781796e-15
YDR059C,YKL116C,9.199148384096125e-18
YDR059C,YDL214C,0.0013872438576072454
YDR059C,YLR362W,0.23589478433132172
YDR059C,YER068W,1.7238046545742236e-09
YDR059C,YHR084W,1.8769733950453062e-17
YDR059C,YDR392W,1.0976690418829094e-06
YDR059C,YNL053W,0.0005598173593170941
YDR059C,YGR040W,0.000310488510876894
YDR059C,YDL216C,0.07476551085710526
YDR059C,YOL117W,7.395897796413919e-07
YDR059C,YJR086W,8.957344107329845e-05
YDR059C,YMR025W,0.00010319625289412215
YDR059C,YBR081C,0.0050854310393333435
YDR059C,YFL026W,8.065791923250742e-10
YDR059C,YHL007C,1.6461313735811938e-16
YDR059C,YNR044W,0.0030967837665230036
YDR059C,YNL271C,2.2826261769637313e-08
YDR059C,YDR200C,3.2418680348200724e-05
YDR059C,YKL178C,0.00885897409170866
YDR059C,YOR212W,6.289115077733753e-17
YDR059C,YOL111C,2.495644730515778e-05
YDR059C,YGL032C,2.5615370271330144e-18
YDR059C,YHR005C,5.142937880009413e-07
YDR059C,YDR103W,4.4766758946934715e-05
YDR059C,YJR084W,4.885697402201572e-10
YDR059C,YCL032W,0.13427869975566864
YDR059C,YJL170C,2.657105646619584e-08
YDR059C,YDR179C,3.3945354971365305e-07
YDR059C,YBR095C,1.5725541528677223e-12
YDR059C,YLL021W,2.002549059736125e-13
YDR059C,YDL159W,4.12402378913157e-09
YDR059C,YNL161W,1.0168935205001617e-07
YDR059C,YNL188W,3.1242744614421456e-15
YDR059C,YJL157C,1.7066530790191647e-23
YDR059C,YJL034W,9.870773714576555e-21
YDR059C,YLR238W,1.4197905962021196e-08
YDR059C,YPR141C,3.354630734975217e-06
YDR059C,YNL127W,6.95103663019836e-05
YDR059C,YCL055W,2.2804447132734884e-13
YDR059C,YPR122W,0.37424391508102417
YDR059C,YMR065W,5.398724169936031e-05
YDR059C,YDR356W,5.8988586459918224e-08
YDR059C,YMR052W,0.00045739050256088376
YDR059C,YFR008W,1.1299662361352603e-07
YDR059C,YLL043W,1.7239391354451072e-06
YDR059C,YMR029C,2.484680589986965e-05
YDR059C,YJR004C,0.00011335980525473133
YDR059C,YDL223C,4.20365131503786e-06
YDR059C,YHR158C,2.5607777617148164e-12
YDR059C,YGR238C,1.2273371794435661e-06
YDR059C,YIL015W,4.072734927085264e-10
YDR059C,YGL173C,9.251271876564715e-06
YDR059C,YDL225W,4.5974091200662315e-09
YDR059C,YLR330W,7.629766400896187e-07
YDR059C,YBR129C,2.7836274512083037e-06
YDR059C,YKR095W-A,0.2020167112350464
YDR059C,YPR075C,1.2268350246813498e-06
YDR059C,YMR198W,5.315863745636307e-06
YDR059C,YOR127W,6.461565310589279e-11
YDR059C,YDR264C,2.1348203205207028e-08
YDR059C,YLR110C,0.02124628983438015
YDR059C,YDR379W,9.41505207130433e-11
YDR059C,YDL100C,2.901034269512065e-15
YDR059C,YHR073W,1.2285721051608078e-11
YDR059C,YJR090C,0.0027358776424080133
YDR059C,YOR208W,1.0551486351317862e-09
YDR059C,YBR040W,3.616060212152661e-06
YDR059C,YNL279W,1.2516279568330901e-08
YDR059C,YER075C,3.175258098053746e-05
YDR059C,YCR089W,0.03880776837468147
YDR059C,YCR002C,1.5472612346911774e-07
YDR059C,YJL108C,7.260216807480901e-05
YDR059C,YBR200W,5.206191033835239e-08
YDR059C,YIL026C,2.018570057771285e-06
YDR059C,YJR076C,2.2454664538353042e-13
YDR059C,YKR031C,0.3068118989467621
YDR059C,YPL192C,8.259247988462448e-05
YDR059C,YHR107C,3.684414173087862e-15
YDR059C,YIL037C,0.007609548978507519
YDR059C,YPL156C,0.00034617207711562514
YDR059C,YIL117C,0.003858411917462945
YDR059C,YHR066W,6.049451737519579e-17
YDR059C,YML085C,1.8064873074763454e-05
YDR059C,YML047C,0.07289932668209076
YDR059C,YDR312W,1.4697860706291976e-06
YDR059C,YFL037W,2.7196987165416754e-18
YDR059C,YDL038C,0.2020167112350464
YDR059C,YDL039C,1.2095241381031264e-16
YDR059C,YCL027W,2.5863262635539286e-05
YDR059C,YML124C,6.453994673128233e-17
YDR059C,YGL053W,6.741347821157396e-16
YDR059C,YMR232W,2.8941449272679165e-05
YDR059C,YNL298W,1.6796267487961813e-08
YDR059C,YGL099W,4.231551280483625e-17
YDR059C,YBL016W,5.7062772285121355e-09
YDR059C,YAL041W,0.45672157406806946
YDR059C,YDR085C,2.9241165044879835e-11
YDR059C,YPL187W,0.000129792868392542
YDR059C,YPL256C,5.2665503387375537e-14
YDR059C,YDR461W,2.1438992074684915e-12
YDR059C,YNL145W,5.487562834693982e-11
YMR243C,YDL165W,0.22175996005535126
YMR243C,YGR059W,1.3976492557158e-14
YMR243C,YBR109C,5.472425030489392e-12
YMR243C,YJL080C,0.8106551170349121
YMR243C,YCR093W,0.5540260672569275
YMR243C,YIL122W,8.373419291274331e-07
YMR243C,YCL029C,3.584985780458183e-11
YMR243C,YNL173C,1.1831734203493482e-10
YMR243C,YLR452C,0.09476085007190704
YMR243C,YDL160C,0.4050246477127075
YMR243C,YLR229C,2.646304399570032e-14
YMR243C,YML057W,1.1101437547011983e-09
YMR243C,YER149C,4.258286026015412e-07
YMR243C,YMR305C,2.369266782764612e-09
YMR243C,YLR433C,1.1557128942740746e-07
YMR243C,YJL073W,1.627225714173619e-07
YMR243C,YGR279C,5.795361412985756e-10
YMR243C,YKL190W,0.00047044490929692984
YMR243C,YGL089C,0.00012004807649645954
YMR243C,YJL019W,2.5534496671753004e-05
YMR243C,YJL018W,0.0005701461341232061
YMR243C,YNR032C-A,0.9957377910614014
YMR243C,YGL178W,0.00011115369852632284
YMR243C,YKL116C,1.8561829590729717e-12
YMR243C,YDL214C,0.021966595202684402
YMR243C,YLR362W,0.00023140848497860134
YMR243C,YER068W,7.585084205175008e-08
YMR243C,YHR084W,1.389651487215815e-07
YMR243C,YDR392W,0.0881369337439537
YMR243C,YNL053W,0.985372006893158
YMR243C,YGR040W,2.9275919587234966e-05
YMR243C,YDL216C,0.00020606575708370656
YMR243C,YOL117W,1.2652759728837282e-08
YMR243C,YJR086W,3.3648036605882226e-06
YMR243C,YMR025W,2.161592237825971e-05
YMR243C,YBR081C,0.0003038866852875799
YMR243C,YFL026W,7.280400041054236e-06
YMR243C,YHL007C,2.3580352717544883e-05
YMR243C,YNR044W,0.9992921352386475
YMR243C,YNL271C,1.2794242110203413e-08
YMR243C,YDR200C,2.9018037972505795e-11
YMR243C,YKL178C,0.0007013200665824115
YMR243C,YOR212W,4.008064138361078e-07
YMR243C,YOL111C,1.6578015002433055e-13
YMR243C,YGL032C,7.922547951011438e-09
YMR243C,YHR005C,0.9989412426948547
YMR243C,YDR103W,0.1347164660692215
YMR243C,YJR084W,2.5081260446313536e-06
YMR243C,YCL032W,9.378346016442052e-11
YMR243C,YJL170C,0.017854472622275352
YMR243C,YDR179C,4.094481766969693e-07
YMR243C,YBR095C,7.31811127252513e-08
YMR243C,YLL021W,0.7187520861625671
YMR243C,YDL159W,3.208731868653558e-06
YMR243C,YNL161W,0.4744749069213867
YMR243C,YNL188W,2.4015676600153135e-11
YMR243C,YJL157C,1.4947124782338506e-06
YMR243C,YJL034W,1.2326485318570057e-12
YMR243C,YLR238W,3.1733085052110255e-05
YMR243C,YPR141C,1.172529806581224e-07
YMR243C,YNL127W,2.7319929358782247e-05
YMR243C,YCL055W,1.1425034251999477e-09
YMR243C,YPR122W,0.9984319806098938
YMR243C,YMR065W,0.0006153519498184323
YMR243C,YDR356W,2.5443329734753384e-11
YMR243C,YMR052W,0.016042623668909073
YMR243C,YFR008W,0.00017226724594365805
YMR243C,YLL043W,1.174208227894269e-05
YMR243C,YMR029C,1.1896923550469563e-11
YMR243C,YJR004C,0.0001554072368890047
YMR243C,YDL223C,4.514496720518183e-15
YMR243C,YHR158C,2.2695692678098567e-05
YMR243C,YGR238C,5.582643236579088e-10
YMR243C,YIL015W,0.2822558283805847
YMR243C,YGL173C,5.18779233971145e-06
YMR243C,YDL225W,1.207149398396723e-05
YMR243C,YLR330W,4.4997819359515745e-10
YMR243C,YBR129C,6.915985977684613e-06
YMR243C,YKR095W-A,0.2020167112350464
YMR243C,YPR075C,0.0038258861750364304
YMR243C,YMR198W,5.4213224132126925e-08
YMR243C,YOR127W,0.00011828441347461194
YMR243C,YDR264C,2.7078056064056e-07
YMR243C,YLR110C,0.0023461305536329746
YMR243C,YDR379W,1.581135045114479e-08
YMR243C,YDL100C,2.4442465195936847e-13
YMR243C,YHR073W,0.2576605975627899
YMR243C,YJR090C,1.1683858047728535e-10
YMR243C,YOR208W,1.3334984942048322e-05
YMR243C,YBR040W,0.00048492694622837007
YMR243C,YNL279W,1.0957573977066204e-05
YMR243C,YER075C,0.0007614121423102915
YMR243C,YCR089W,0.004220727365463972
YMR243C,YCR002C,0.00902420561760664
YMR243C,YJL108C,0.9956982135772705
YMR243C,YBR200W,1.8020905948046284e-11
YMR243C,YIL026C,0.00010689908231142908
YMR243C,YJR076C,0.9785017967224121
YMR243C,YKR031C,8.187214461941039e-07
YMR243C,YPL192C,2.0868055798928253e-06
YMR243C,YHR107C,8.817928573989775e-06
YMR243C,YIL037C,0.9999662637710571
YMR243C,YPL156C,2.5635166821302846e-05
YMR243C,YIL117C,1.0835359717020765e-05
YMR243C,YHR066W,6.396771811247384e-14
YMR243C,YML085C,3.78992837113401e-09
YMR243C,YML047C,0.0009318899246864021
YMR243C,YDR312W,1.3397473408449656e-10
YMR243C,YFL037W,6.191031021174354e-10
YMR243C,YDL038C,0.2020167112350464
YMR243C,YDL039C,4.998909286513253e-09
YMR243C,YCL027W,8.895295650290791e-06
YMR243C,YML124C,4.259065954635099e-17
YMR243C,YGL053W,1.5244390764914545e-16
YMR243C,YMR232W,0.00014324348012451082
YMR243C,YNL298W,0.7172911167144775
YMR243C,YGL099W,1.3062040338240877e-09
YMR243C,YBL016W,1.9614160464698216e-06
YMR243C,YAL041W,0.00024410942569375038
YMR243C,YDR085C,1.7208490632469875e-08
YMR243C,YPL187W,0.7721678614616394
YMR243C,YPL256C,1.879058948980124e-16
YMR243C,YDR461W,1.7109756320077274e-11
YMR243C,YNL145W,1.0228552227431464e-08
YNL110C,YDL165W,9.469671574668936e-12
YNL110C,YGR059W,3.596886344325867e-09
YNL110C,YBR109C,4.5279784899321385e-07
YNL110C,YJL080C,1.2646257652182413e-10
YNL110C,YCR093W,9.982142728404142e-06
YNL110C,YIL122W,1.7413488428985602e-09
YNL110C,YCL029C,1.5783423474305868e-15
YNL110C,YNL173C,2.0239404596722466e-10
YNL110C,YLR452C,0.0017415928887203336
YNL110C,YDL160C,2.521548897823798e-15
YNL110C,YLR229C,3.285818839238175e-10
YNL110C,YML057W,5.9020339662151245e-19
YNL110C,YER149C,2.0204180342653366e-11
YNL110C,YMR305C,3.226322681237903e-11
YNL110C,YLR433C,1.342328178677906e-14
YNL110C,YJL073W,1.3079028327015363e-15
YNL110C,YGR279C,3.584804675327291e-09
YNL110C,YKL190W,3.999703235280094e-09
YNL110C,YGL089C,1.6617381106698303e-06
YNL110C,YJL019W,2.2982812875049774e-10
YNL110C,YJL018W,0.00011425707634771243
YNL110C,YNR032C-A,1.3221119843365159e-06
YNL110C,YGL178W,0.1310521513223648
YNL110C,YKL116C,7.55536765929246e-16
YNL110C,YDL214C,1.6166256955330027e-07
YNL110C,YLR362W,2.6873018033412982e-21
YNL110C,YER068W,2.243009380661909e-13
YNL110C,YHR084W,6.364032547879995e-15
YNL110C,YDR392W,1.4688217656044777e-11
YNL110C,YNL053W,1.99182268261211e-05
YNL110C,YGR040W,6.488441104931034e-14
YNL110C,YDL216C,8.715452395335888e-07
YNL110C,YOL117W,1.8720126936501522e-15
YNL110C,YJR086W,4.189990576719538e-09
YNL110C,YMR025W,2.912386110054399e-09
YNL110C,YBR081C,5.713402970286552e-06
YNL110C,YFL026W,0.0026181042194366455
YNL110C,YHL007C,4.1789652582740364e-18
YNL110C,YNR044W,7.971050486332842e-09
YNL110C,YNL271C,1.9046979271575282e-11
YNL110C,YDR200C,3.3397750042778074e-20
YNL110C,YKL178C,0.009108544327318668
YNL110C,YOR212W,5.101820604854062e-21
YNL110C,YOL111C,3.0777949078242273e-09
YNL110C,YGL032C,1.0028045754895132e-10
YNL110C,YHR005C,0.000978842843323946
YNL110C,YDR103W,3.423335183036502e-12
YNL110C,YJR084W,1.1590952374949536e-16
YNL110C,YCL032W,4.0019575076510796e-15
YNL110C,YJL170C,0.013045466504991055
YNL110C,YDR179C,4.8962080917425155e-11
YNL110C,YBR095C,6.637064509096291e-11
YNL110C,YLL021W,2.448422549150564e-07
YNL110C,YDL159W,1.0388879860545597e-11
YNL110C,YNL161W,0.007818103767931461
YNL110C,YNL188W,3.1352998988873057e-19
YNL110C,YJL157C,4.798949865963964e-12
YNL110C,YJL034W,1.4710806330258639e-16
YNL110C,YLR238W,4.606405923368584e-09
YNL110C,YPR141C,7.549538713647053e-05
YNL110C,YNL127W,0.0019720541313290596
YNL110C,YCL055W,5.7654339968848944e-08
YNL110C,YPR122W,0.0002113168011419475
YNL110C,YMR065W,0.999459445476532
YNL110C,YDR356W,0.0012774718925356865
YNL110C,YMR052W,2.5351800658768298e-09
YNL110C,YFR008W,5.1666170528073124e-14
YNL110C,YLL043W,1.553433470746768e-08
YNL110C,YMR029C,5.419370920317586e-22
YNL110C,YJR004C,0.005005665123462677
YNL110C,YDL223C,6.30650253828671e-19
YNL110C,YHR158C,6.683807695674615e-13
YNL110C,YGR238C,4.975197305255087e-16
YNL110C,YIL015W,5.051534190947393e-11
YNL110C,YGL173C,8.825491022435017e-06
YNL110C,YDL225W,1.3260671789696969e-14
YNL110C,YLR330W,1.91354401249309e-21
YNL110C,YBR129C,3.7805820973790816e-11
YNL110C,YKR095W-A,0.2020167112350464
YNL110C,YPR075C,2.925951214649558e-08
YNL110C,YMR198W,5.747641012021631e-07
YNL110C,YOR127W,2.3627633538580994e-07
YNL110C,YDR264C,0.00824564229696989
YNL110C,YLR110C,6.523143269987486e-08
YNL110C,YDR379W,7.25022153424959e-10
YNL110C,YDL100C,4.300541311952344e-10
YNL110C,YHR073W,7.243383670640924e-09
YNL110C,YJR090C,1.0730011013038165e-07
YNL110C,YOR208W,0.38911715149879456
YNL110C,YBR040W,8.914627687772736e-05
YNL110C,YNL279W,1.0175696951719715e-09
YNL110C,YER075C,6.135046533017885e-06
YNL110C,YCR089W,2.2472875116363866e-07
YNL110C,YCR002C,1.1204303973499918e-06
YNL110C,YJL108C,5.392692802724808e-12
YNL110C,YBR200W,8.698007863006813e-14
YNL110C,YIL026C,1.0424160043183764e-13
YNL110C,YJR076C,4.059198488448601e-07
YNL110C,YKR031C,2.4267638246144863e-11
YNL110C,YPL192C,1.4326211328352656e-07
YNL110C,YHR107C,2.7348610165791112e-15
YNL110C,YIL037C,0.01084919087588787
YNL110C,YPL156C,2.0925151602568803e-06
YNL110C,YIL117C,0.6594145894050598
YNL110C,YHR066W,8.745881995779036e-15
YNL110C,YML085C,4.449547494384085e-21
YNL110C,YML047C,0.08783046901226044
YNL110C,YDR312W,8.660988592978924e-11
YNL110C,YFL037W,2.1659531057593995e-07
YNL110C,YDL038C,0.2020167112350464
YNL110C,YDL039C,1.9783621407754026e-09
YNL110C,YCL027W,7.710167860399635e-18
YNL110C,YML124C,1.2845437257765108e-24
YNL110C,YGL053W,1.3237535455319632e-16
YNL110C,YMR232W,2.2006459403201006e-05
YNL110C,YNL298W,1.4154322889269304e-15
YNL110C,YGL099W,6.659485002003004e-22
YNL110C,YBL016W,4.1981664984356533e-20
YNL110C,YAL041W,1.7971082399981242e-07
YNL110C,YDR085C,4.2637587682747835e-08
YNL110C,YPL187W,1.4038617734968284e-07
YNL110C,YPL256C,6.548318554067123e-10
YNL110C,YDR461W,3.042028366945053e-14
YNL110C,YNL145W,5.175820327885106e-10
YKR003W,YDL165W,1.3593840776593424e-05
YKR003W,YGR059W,5.871066605322994e-06
YKR003W,YBR109C,1.725465779145452e-07
YKR003W,YJL080C,2.310519448656123e-06
YKR003W,YCR093W,1.8508717403165065e-05
YKR003W,YIL122W,2.1507092640149494e-07
YKR003W,YCL029C,7.600227955664729e-13
YKR003W,YNL173C,1.1242210287698562e-11
YKR003W,YLR452C,0.3502684235572815
YKR003W,YDL160C,9.001141734188423e-05
YKR003W,YLR229C,4.184031183740444e-07
YKR003W,YML057W,4.2538611522147107e-10
YKR003W,YER149C,0.013672620058059692
YKR003W,YMR305C,0.0010774419642984867
YKR003W,YLR433C,0.0009549690876156092
YKR003W,YJL073W,1.1934378832401116e-11
YKR003W,YGR279C,0.0044235349632799625
YKR003W,YKL190W,3.1312531064031646e-05
YKR003W,YGL089C,3.8767959154029086e-07
YKR003W,YJL019W,0.01739317737519741
YKR003W,YJL018W,0.0004000249318778515
YKR003W,YNR032C-A,0.0003191533905919641
YKR003W,YGL178W,9.804101280819211e-11
YKR003W,YKL116C,7.200320895073276e-10
YKR003W,YDL214C,4.531197191681713e-05
YKR003W,YLR362W,4.939935127623585e-09
YKR003W,YER068W,5.818443504779225e-10
YKR003W,YHR084W,2.0416809576317974e-08
YKR003W,YDR392W,0.042291853576898575
YKR003W,YNL053W,0.008852692320942879
YKR003W,YGR040W,4.366102803032845e-05
YKR003W,YDL216C,1.2491739198594587e-08
YKR003W,YOL117W,0.0007239624974317849
YKR003W,YJR086W,0.0006190664716996253
YKR003W,YMR025W,0.00018994331185240299
YKR003W,YBR081C,0.007156924344599247
YKR003W,YFL026W,1.5862586906223441e-06
YKR003W,YHL007C,1.0242013104289072e-06
YKR003W,YNR044W,3.5847348044626415e-05
YKR003W,YNL271C,0.010663571767508984
YKR003W,YDR200C,4.1497329220874235e-05
YKR003W,YKL178C,3.4032900941838307e-08
YKR003W,YOR212W,0.00015450357750523835
YKR003W,YOL111C,7.777861128488439e-07
YKR003W,YGL032C,0.0003844212624244392
YKR003W,YHR005C,5.4963438742561266e-05
YKR003W,YDR103W,2.601991013762017e-07
YKR003W,YJR084W,5.646122644975549e-07
YKR003W,YCL032W,0.000978978001512587
YKR003W,YJL170C,4.075939614267554e-06
YKR003W,YDR179C,1.427961082711704e-10
YKR003W,YBR095C,1.1340059558051507e-07
YKR003W,YLL021W,7.535458368401748e-10
YKR003W,YDL159W,3.935268555466109e-09
YKR003W,YNL161W,7.018938049441203e-05
YKR003W,YNL188W,1.9128465426746823e-14
YKR003W,YJL157C,2.983438562864649e-08
YKR003W,YJL034W,0.004617464262992144
YKR003W,YLR238W,0.0003991583071183413
YKR003W,YPR141C,1.0850303766574143e-07
YKR003W,YNL127W,1.3546747140935622e-05
YKR003W,YCL055W,2.429061951580991e-10
YKR003W,YPR122W,5.520171839634713e-07
YKR003W,YMR065W,9.285230589739513e-06
YKR003W,YDR356W,0.1315051019191742
YKR003W,YMR052W,1.1886195494525964e-07
YKR003W,YFR008W,7.413818864376864e-11
YKR003W,YLL043W,3.504485448502237e-06
YKR003W,YMR029C,8.750141569180414e-05
YKR003W,YJR004C,5.507049081643345e-06
YKR003W,YDL223C,1.1726779486700978e-12
YKR003W,YHR158C,2.869854798248639e-09
YKR003W,YGR238C,2.8689314603980165e-06
YKR003W,YIL015W,1.6509272882103687e-06
YKR003W,YGL173C,0.0008517944370396435
YKR003W,YDL225W,0.00013349929940886796
YKR003W,YLR330W,1.8272957067822296e-14
YKR003W,YBR129C,5.917836176649871e-08
YKR003W,YKR095W-A,0.2020167112350464
YKR003W,YPR075C,4.309392842571924e-10
YKR003W,YMR198W,4.02366612251015e-10
YKR003W,YOR127W,2.1813803476218585e-13
YKR003W,YDR264C,0.02158989943563938
YKR003W,YLR110C,0.047913894057273865
YKR003W,YDR379W,0.00022809939400758594
YKR003W,YDL100C,1.487716900783198e-07
YKR003W,YHR073W,0.00035876326728612185
YKR003W,YJR090C,6.735398528689984e-06
YKR003W,YOR208W,5.751780562252007e-12
YKR003W,YBR040W,6.318218864764802e-11
YKR003W,YNL279W,0.003720147768035531
YKR003W,YER075C,4.558497676043771e-05
YKR003W,YCR089W,1.8067563489513949e-16
YKR003W,YCR002C,0.007762464229017496
YKR003W,YJL108C,0.0015224114758893847
YKR003W,YBR200W,5.318254920894105e-07
YKR003W,YIL026C,2.112657853103883e-07
YKR003W,YJR076C,0.0018145847134292126
YKR003W,YKR031C,1.6754421494624694e-07
YKR003W,YPL192C,0.005401118192821741
YKR003W,YHR107C,1.7337397073546867e-09
YKR003W,YIL037C,2.0767022306245053e-06
YKR003W,YPL156C,0.00032740665483288467
YKR003W,YIL117C,0.000704107980709523
YKR003W,YHR066W,2.036880863628965e-12
YKR003W,YML085C,1.6409354140788958e-14
YKR003W,YML047C,3.783434010529163e-07
YKR003W,YDR312W,2.1005266970242076e-10
YKR003W,YFL037W,3.8198851370907505e-07
YKR003W,YDL038C,0.2020167112350464
YKR003W,YDL039C,4.0638492733707093e-14
YKR003W,YCL027W,4.109828566356555e-08
YKR003W,YML124C,7.7480315496814e-09
YKR003W,YGL053W,2.8365136586216977e-06
YKR003W,YMR232W,2.0297400624258444e-05
YKR003W,YNL298W,1.3860963700602913e-13
YKR003W,YGL099W,5.162827088588118e-13
YKR003W,YBL016W,2.352862709894578e-15
YKR003W,YAL041W,4.7565535510329937e-07
YKR003W,YDR085C,6.200550473067779e-08
YKR003W,YPL187W,0.7795612812042236
YKR003W,YPL256C,1.6979544940204372e-12
YKR003W,YDR461W,3.151533292111708e-07
YKR003W,YNL145W,0.5515007972717285
YJR001W,YDL165W,9.189411316850964e-15
YJR001W,YGR059W,1.4817196948568867e-12
YJR001W,YBR109C,8.491287672995895e-10
YJR001W,YJL080C,6.048302338967915e-07
YJR001W,YCR093W,1.4039276265975786e-06
YJR001W,YIL122W,6.280679940573464e-07
YJR001W,YCL029C,1.0508125342312269e-05
YJR001W,YNL173C,1.3682689425920103e-09
YJR001W,YLR452C,3.498329533613287e-05
YJR001W,YDL160C,0.5017653703689575
YJR001W,YLR229C,1.0967053185595432e-06
YJR001W,YML057W,4.682747487549932e-07
YJR001W,YER149C,1.269074527954217e-05
YJR001W,YMR305C,5.233455890873984e-10
YJR001W,YLR433C,2.3440411833774988e-09
YJR001W,YJL073W,5.948456838211769e-09
YJR001W,YGR279C,2.1421695528545115e-09
YJR001W,YKL190W,3.0634430004283786e-05
YJR001W,YGL089C,0.014413604512810707
YJR001W,YJL019W,2.1911505143634713e-07
YJR001W,YJL018W,0.00029055727645754814
YJR001W,YNR032C-A,0.9633265137672424
YJR001W,YGL178W,2.41018739188803e-07
YJR001W,YKL116C,3.455837213550694e-05
YJR001W,YDL214C,0.01098186057060957
YJR001W,YLR362W,0.0001709167700028047
YJR001W,YER068W,0.00015403285215143114
YJR001W,YHR084W,1.1807424016296864e-05
YJR001W,YDR392W,0.00416608015075326
YJR001W,YNL053W,0.48895910382270813
YJR001W,YGR040W,1.5368741514976136e-05
YJR001W,YDL216C,0.30899128317832947
YJR001W,YOL117W,7.232111784105655e-06
YJR001W,YJR086W,6.010862421135243e-07
YJR001W,YMR025W,0.004222038201987743
YJR001W,YBR081C,5.581730189163636e-09
YJR001W,YFL026W,3.68816522461346e-13
YJR001W,YHL007C,0.3353170156478882
YJR001W,YNR044W,3.463257458591329e-09
YJR001W,YNL271C,0.00032233260571956635
YJR001W,YDR200C,2.327616311958991e-05
YJR001W,YKL178C,4.395978612592444e-05
YJR001W,YOR212W,2.460937269938013e-13
YJR001W,YOL111C,1.2684810144492076e-06
YJR001W,YGL032C,2.536548322495946e-07
YJR001W,YHR005C,8.821449348772603e-09
YJR001W,YDR103W,0.00023102686100173742
YJR001W,YJR084W,5.143775069882395e-06
YJR001W,YCL032W,0.00025308277690783143
YJR001W,YJL170C,6.644712158276889e-08
YJR001W,YDR179C,6.58093995298259e-05
YJR001W,YBR095C,4.235018380427391e-08
YJR001W,YLL021W,2.125524952134583e-05
YJR001W,YDL159W,3.5535322514407275e-12
YJR001W,YNL161W,0.001365886302664876
YJR001W,YNL188W,2.012409553234229e-12
YJR001W,YJL157C,3.176324536724451e-09
YJR001W,YJL034W,0.00024452709476463497
YJR001W,YLR238W,0.00022060424089431763
YJR001W,YPR141C,9.017142474476714e-06
YJR001W,YNL127W,2.123952617694158e-05
YJR001W,YCL055W,6.309267778364935e-12
YJR001W,YPR122W,6.282871618168429e-05
YJR001W,YMR065W,0.0001653636572882533
YJR001W,YDR356W,1.974265614990145e-06
YJR001W,YMR052W,1.0677806727699135e-07
YJR001W,YFR008W,0.0002674665010999888
YJR001W,YLL043W,1.7329240264984946e-08
YJR001W,YMR029C,7.52084597479552e-05
YJR001W,YJR004C,4.6103587614254593e-10
YJR001W,YDL223C,2.536192826932404e-15
YJR001W,YHR158C,0.024741875007748604
YJR001W,YGR238C,1.180148756496635e-10
YJR001W,YIL015W,4.422340531967661e-12
YJR001W,YGL173C,9.464944014325738e-05
YJR001W,YDL225W,8.161308961973646e-09
YJR001W,YLR330W,1.090200929532159e-09
YJR001W,YBR129C,5.584379323408939e-07
YJR001W,YKR095W-A,0.2020167112350464
YJR001W,YPR075C,2.7098101327283075e-06
YJR001W,YMR198W,1.290686002519692e-09
YJR001W,YOR127W,1.3996028780383085e-09
YJR001W,YDR264C,1.6335276881163097e-11
YJR001W,YLR110C,1.2847736797994003e-05
YJR001W,YDR379W,2.9694597891705143e-09
YJR001W,YDL100C,2.489428476727673e-13
YJR001W,YHR073W,0.9067394733428955
YJR001W,YJR090C,0.9904441237449646
YJR001W,YOR208W,5.902061275264714e-07
YJR001W,YBR040W,2.7867998142028227e-05
YJR001W,YNL279W,3.234604446333833e-05
YJR001W,YER075C,1.8548298612586223e-05
YJR001W,YCR089W,0.00010604744602460414
YJR001W,YCR002C,6.9081527165337775e-09
YJR001W,YJL108C,2.082054606944439e-06
YJR001W,YBR200W,1.1597799109974716e-10
YJR001W,YIL026C,0.0003340415714774281
YJR001W,YJR076C,5.6015378967211316e-12
YJR001W,YKR031C,0.7812439799308777
YJR001W,YPL192C,0.048449210822582245
YJR001W,YHR107C,0.030361128970980644
YJR001W,YIL037C,0.011546611785888672
YJR001W,YPL156C,6.423955334691756e-13
YJR001W,YIL117C,1.1560677003370767e-13
YJR001W,YHR066W,0.05190155282616615
YJR001W,YML085C,8.828552999773365e-09
YJR001W,YML047C,6.189407599777041e-07
YJR001W,YDR312W,0.23619119822978973
YJR001W,YFL037W,1.0645039001733198e-20
YJR001W,YDL038C,0.2020167112350464
YJR001W,YDL039C,3.22083942592144e-05
YJR001W,YCL027W,8.422551218245644e-06
YJR001W,YML124C,1.9875695869957938e-15
YJR001W,YGL053W,0.7762843370437622
YJR001W,YMR232W,0.3935728371143341
YJR001W,YNL298W,1.1737821523638559e-06
YJR001W,YGL099W,0.00011697766603901982
YJR001W,YBL016W,4.322283642110847e-10
YJR001W,YAL041W,0.00021095425472594798
YJR001W,YDR085C,6.571108457364971e-08
YJR001W,YPL187W,0.0016007417580112815
YJR001W,YPL256C,1.5606990699801315e-10
YJR001W,YDR461W,6.04255433245271e-07
YJR001W,YNL145W,5.036623584018553e-14
PFK5,YDL165W,0.2020167112350464
PFK5,YGR059W,0.2020167112350464
PFK5,YBR109C,0.2020167112350464
PFK5,YJL080C,0.2020167112350464
PFK5,YCR093W,0.2020167112350464
PFK5,YIL122W,0.2020167112350464
PFK5,YCL029C,0.2020167112350464
PFK5,YNL173C,0.2020167112350464
PFK5,YLR452C,0.2020167112350464
PFK5,YDL160C,0.2020167112350464
PFK5,YLR229C,0.2020167112350464
PFK5,YML057W,0.2020167112350464
PFK5,YER149C,0.2020167112350464
PFK5,YMR305C,0.2020167112350464
PFK5,YLR433C,0.2020167112350464
PFK5,YJL073W,0.2020167112350464
PFK5,YGR279C,0.2020167112350464
PFK5,YKL190W,0.2020167112350464
PFK5,YGL089C,0.2020167112350464
PFK5,YJL019W,0.2020167112350464
PFK5,YJL018W,0.2020167112350464
PFK5,YNR032C-A,0.2020167112350464
PFK5,YGL178W,0.2020167112350464
PFK5,YKL116C,0.2020167112350464
PFK5,YDL214C,0.2020167112350464
PFK5,YLR362W,0.2020167112350464
PFK5,YER068W,0.2020167112350464
PFK5,YHR084W,0.2020167112350464
PFK5,YDR392W,0.2020167112350464
PFK5,YNL053W,0.2020167112350464
PFK5,YGR040W,0.2020167112350464
PFK5,YDL216C,0.2020167112350464
PFK5,YOL117W,0.2020167112350464
PFK5,YJR086W,0.2020167112350464
PFK5,YMR025W,0.2020167112350464
PFK5,YBR081C,0.2020167112350464
PFK5,YFL026W,0.2020167112350464
PFK5,YHL007C,0.2020167112350464
PFK5,YNR044W,0.2020167112350464
PFK5,YNL271C,0.2020167112350464
PFK5,YDR200C,0.2020167112350464
PFK5,YKL178C,0.2020167112350464
PFK5,YOR212W,0.2020167112350464
PFK5,YOL111C,0.2020167112350464
PFK5,YGL032C,0.2020167112350464
PFK5,YHR005C,0.2020167112350464
PFK5,YDR103W,0.2020167112350464
PFK5,YJR084W,0.2020167112350464
PFK5,YCL032W,0.2020167112350464
PFK5,YJL170C,0.2020167112350464
PFK5,YDR179C,0.2020167112350464
PFK5,YBR095C,0.2020167112350464
PFK5,YLL021W,0.2020167112350464
PFK5,YDL159W,0.2020167112350464
PFK5,YNL161W,0.2020167112350464
PFK5,YNL188W,0.2020167112350464
PFK5,YJL157C,0.2020167112350464
PFK5,YJL034W,0.2020167112350464
PFK5,YLR238W,0.2020167112350464
PFK5,YPR141C,0.2020167112350464
PFK5,YNL127W,0.2020167112350464
PFK5,YCL055W,0.2020167112350464
PFK5,YPR122W,0.2020167112350464
PFK5,YMR065W,0.2020167112350464
PFK5,YDR356W,0.2020167112350464
PFK5,YMR052W,0.2020167112350464
PFK5,YFR008W,0.2020167112350464
PFK5,YLL043W,0.2020167112350464
PFK5,YMR029C,0.2020167112350464
PFK5,YJR004C,0.2020167112350464
PFK5,YDL223C,0.2020167112350464
PFK5,YHR158C,0.2020167112350464
PFK5,YGR238C,0.2020167112350464
PFK5,YIL015W,0.2020167112350464
PFK5,YGL173C,0.2020167112350464
PFK5,YDL225W,0.2020167112350464
PFK5,YLR330W,0.2020167112350464
PFK5,YBR129C,0.2020167112350464
PFK5,YKR095W-A,0.2020167112350464
PFK5,YPR075C,0.2020167112350464
PFK5,YMR198W,0.2020167112350464
PFK5,YOR127W,0.2020167112350464
PFK5,YDR264C,0.2020167112350464
PFK5,YLR110C,0.2020167112350464
PFK5,YDR379W,0.2020167112350464
PFK5,YDL100C,0.2020167112350464
PFK5,YHR073W,0.2020167112350464
PFK5,YJR090C,0.2020167112350464
PFK5,YOR208W,0.2020167112350464
PFK5,YBR040W,0.2020167112350464
PFK5,YNL279W,0.2020167112350464
PFK5,YER075C,0.2020167112350464
PFK5,YCR089W,0.2020167112350464
PFK5,YCR002C,0.2020167112350464
PFK5,YJL108C,0.2020167112350464
PFK5,YBR200W,0.2020167112350464
PFK5,YIL026C,0.2020167112350464
PFK5,YJR076C,0.2020167112350464
PFK5,YKR031C,0.2020167112350464
PFK5,YPL192C,0.2020167112350464
PFK5,YHR107C,0.2020167112350464
PFK5,YIL037C,0.2020167112350464
PFK5,YPL156C,0.2020167112350464
PFK5,YIL117C,0.2020167112350464
PFK5,YHR066W,0.2020167112350464
PFK5,YML085C,0.2020167112350464
PFK5,YML047C,0.2020167112350464
PFK5,YDR312W,0.2020167112350464
PFK5,YFL037W,0.2020167112350464
PFK5,YDL038C,0.2020167112350464
PFK5,YDL039C,0.2020167112350464
PFK5,YCL027W,0.2020167112350464
PFK5,YML124C,0.2020167112350464
PFK5,YGL053W,0.2020167112350464
PFK5,YMR232W,0.2020167112350464
PFK5,YNL298W,0.2020167112350464
PFK5,YGL099W,0.2020167112350464
PFK5,YBL016W,0.2020167112350464
PFK5,YAL041W,0.2020167112350464
PFK5,YDR085C,0.2020167112350464
PFK5,YPL187W,0.2020167112350464
PFK5,YPL256C,0.2020167112350464
PFK5,YDR461W,0.2020167112350464
PFK5,YNL145W,0.2020167112350464
YJL170C,YDL165W,0.9905211925506592
YJL170C,YGR059W,0.00029048664146102965
YJL170C,YBR109C,0.9863996505737305
YJL170C,YJL080C,0.9993911981582642
YJL170C,YCR093W,0.9989965558052063
YJL170C,YIL122W,0.9997031092643738
YJL170C,YCL029C,6.524009677377762e-06
YJL170C,YNL173C,0.9992073178291321
YJL170C,YLR452C,1.0
YJL170C,YDL160C,0.9949803948402405
YJL170C,YLR229C,0.9995500445365906
YJL170C,YML057W,0.00022752727090846747
YJL170C,YER149C,0.9997381567955017
YJL170C,YMR305C,0.9999971389770508
YJL170C,YLR433C,0.9997907280921936
YJL170C,YJL073W,1.5429452854265335e-11
YJL170C,YGR279C,0.9996683597564697
YJL170C,YKL190W,0.8127669095993042
YJL170C,YGL089C,0.9999792575836182
YJL170C,YJL019W,0.9993641972541809
YJL170C,YJL018W,0.032068654894828796
YJL170C,YNR032C-A,0.9850266575813293
YJL170C,YGL178W,0.999619722366333
YJL170C,YKL116C,0.002139949705451727
YJL170C,YDL214C,0.9998027682304382
YJL170C,YLR362W,0.9975613355636597
YJL170C,YER068W,0.0607796348631382
YJL170C,YHR084W,0.9992597699165344
YJL170C,YDR392W,0.9876512289047241
YJL170C,YNL053W,0.9995311498641968
YJL170C,YGR040W,0.998347282409668
YJL170C,YDL216C,0.9875016212463379
YJL170C,YOL117W,0.9988744854927063
YJL170C,YJR086W,0.9971924424171448
YJL170C,YMR025W,0.9992470741271973
YJL170C,YBR081C,0.9992488026618958
YJL170C,YFL026W,0.996828019618988
YJL170C,YHL007C,0.9996998310089111
YJL170C,YNR044W,1.0
YJL170C,YNL271C,0.9998962879180908
YJL170C,YDR200C,0.9969082474708557
YJL170C,YKL178C,0.9999402761459351
YJL170C,YOR212W,0.9999536275863647
YJL170C,YOL111C,3.91931592957917e-07
YJL170C,YGL032C,0.7190748453140259
YJL170C,YHR005C,0.9987282156944275
YJL170C,YDR103W,0.9990344047546387
YJL170C,YJR084W,0.9872781038284302
YJL170C,YCL032W,0.9881793260574341
YJL170C,YDR179C,0.0012093828991055489
YJL170C,YBR095C,0.9851085543632507
YJL170C,YLL021W,0.9999312162399292
YJL170C,YDL159W,6.546738586621359e-05
YJL170C,YNL161W,0.9999974966049194
YJL170C,YNL188W,0.9999997615814209
YJL170C,YJL157C,0.9985103011131287
YJL170C,YJL034W,6.703277256187024e-13
YJL170C,YLR238W,0.9961445331573486
YJL170C,YPR141C,0.9991347193717957
YJL170C,YNL127W,0.9931924939155579
YJL170C,YCL055W,1.0
YJL170C,YPR122W,0.9999457597732544
YJL170C,YMR065W,1.0
YJL170C,YDR356W,0.9997652173042297
YJL170C,YMR052W,0.9987402558326721
YJL170C,YFR008W,0.9990921020507812
YJL170C,YLL043W,0.9991305470466614
YJL170C,YMR029C,0.9958694577217102
YJL170C,YJR004C,0.0012154857395216823
YJL170C,YDL223C,2.9781381805094043e-09
YJL170C,YHR158C,0.9994126558303833
YJL170C,YGR238C,0.00017280982865486294
YJL170C,YIL015W,0.9996515512466431
YJL170C,YGL173C,0.9993714690208435
YJL170C,YDL225W,0.9995519518852234
YJL170C,YLR330W,0.0005245253560133278
YJL170C,YBR129C,0.999128520488739
YJL170C,YKR095W-A,0.2020167112350464
YJL170C,YPR075C,4.6838628217941644e-14
YJL170C,YMR198W,0.9907211065292358
YJL170C,YOR127W,0.999981164932251
YJL170C,YDR264C,0.9999008178710938
YJL170C,YLR110C,0.9946282505989075
YJL170C,YDR379W,0.9986690282821655
YJL170C,YDL100C,0.999468982219696
YJL170C,YHR073W,0.9999566078186035
YJL170C,YJR090C,0.997441291809082
YJL170C,YOR208W,0.9999687671661377
YJL170C,YBR040W,1.0
YJL170C,YNL279W,1.0
YJL170C,YER075C,0.9994163513183594
YJL170C,YCR089W,0.9999998807907104
YJL170C,YCR002C,0.9974685907363892
YJL170C,YJL108C,0.9997575879096985
YJL170C,YBR200W,0.00021702400408685207
YJL170C,YIL026C,0.9995799660682678
YJL170C,YJR076C,0.9999991655349731
YJL170C,YKR031C,0.9996978044509888
YJL170C,YPL192C,0.9999983310699463
YJL170C,YHR107C,0.9998168349266052
YJL170C,YIL037C,0.9495029449462891
YJL170C,YPL156C,0.9999998807907104
YJL170C,YIL117C,1.0
YJL170C,YHR066W,0.0011789376148954034
YJL170C,YML085C,0.9925096035003662
YJL170C,YML047C,0.9998996257781982
YJL170C,YDR312W,0.9999982118606567
YJL170C,YFL037W,0.9983322024345398
YJL170C,YDL038C,0.2020167112350464
YJL170C,YDL039C,0.33364352583885193
YJL170C,YCL027W,1.0
YJL170C,YML124C,0.05712991952896118
YJL170C,YGL053W,0.9996039271354675
YJL170C,YMR232W,0.999998927116394
YJL170C,YNL298W,0.9990406632423401
YJL170C,YGL099W,0.9999986886978149
YJL170C,YBL016W,0.2642052471637726
YJL170C,YAL041W,0.9999532699584961
YJL170C,YDR085C,0.999305248260498
YJL170C,YPL187W,0.9998751878738403
YJL170C,YPL256C,0.9994028806686401
YJL170C,YDR461W,5.14974362886278e-06
YJL170C,YNL145W,0.951365053653717
YOR085W,YDL165W,2.1924913653492695e-06
YOR085W,YGR059W,1.5326894242662092e-07
YOR085W,YBR109C,0.00023719793534837663
YOR085W,YJL080C,1.65815500219324e-10
YOR085W,YCR093W,0.010852456092834473
YOR085W,YIL122W,2.8005902041883246e-09
YOR085W,YCL029C,5.400382292464201e-07
YOR085W,YNL173C,1.2903889000881463e-05
YOR085W,YLR452C,0.9505765438079834
YOR085W,YDL160C,0.583721935749054
YOR085W,YLR229C,0.00018788267334457487
YOR085W,YML057W,0.0005008812877349555
YOR085W,YER149C,4.27588056481909e-05
YOR085W,YMR305C,3.238086037526955e-06
YOR085W,YLR433C,1.5383053323603235e-05
YOR085W,YJL073W,2.5937265668574128e-09
YOR085W,YGR279C,2.8399319944583112e-06
YOR085W,YKL190W,0.7962065935134888
YOR085W,YGL089C,0.9949637651443481
YOR085W,YJL019W,0.002023350680246949
YOR085W,YJL018W,0.0004817114968318492
YOR085W,YNR032C-A,0.5746626257896423
YOR085W,YGL178W,0.41798868775367737
YOR085W,YKL116C,1.1116034850412737e-13
YOR085W,YDL214C,0.928469717502594
YOR085W,YLR362W,1.6092071009055076e-09
YOR085W,YER068W,0.02810044027864933
YOR085W,YHR084W,4.553045584998472e-08
YOR085W,YDR392W,2.9625920433318242e-05
YOR085W,YNL053W,0.0009607907850295305
YOR085W,YGR040W,0.028133263811469078
YOR085W,YDL216C,5.676287855749251e-06
YOR085W,YOL117W,0.6944015026092529
YOR085W,YJR086W,0.8831654787063599
YOR085W,YMR025W,1.8150340952427513e-10
YOR085W,YBR081C,1.109753611672204e-06
YOR085W,YFL026W,0.9726853966712952
YOR085W,YHL007C,6.484365258074831e-07
YOR085W,YNR044W,5.684960342478007e-07
YOR085W,YNL271C,2.5204458520278195e-09
YOR085W,YDR200C,2.865041759392284e-09
YOR085W,YKL178C,0.9953145980834961
YOR085W,YOR212W,1.1193139748399972e-09
YOR085W,YOL111C,9.974309572724493e-11
YOR085W,YGL032C,0.001796480966731906
YOR085W,YHR005C,0.07969395816326141
YOR085W,YDR103W,9.94032307062298e-05
YOR085W,YJR084W,0.0015400332631543279
YOR085W,YCL032W,0.0016291366191580892
YOR085W,YJL170C,4.722286117697649e-09
YOR085W,YDR179C,3.4174099106110134e-09
YOR085W,YBR095C,5.685014343725925e-07
YOR085W,YLL021W,4.837167999482972e-09
YOR085W,YDL159W,1.9202577306032254e-09
YOR085W,YNL161W,3.0394315331250255e-07
YOR085W,YNL188W,0.0001674310042290017
YOR085W,YJL157C,0.013991168700158596
YOR085W,YJL034W,8.808244729152648e-07
YOR085W,YLR238W,5.177805064704444e-07
YOR085W,YPR141C,4.229899985830343e-08
YOR085W,YNL127W,3.04486519553393e-07
YOR085W,YCL055W,8.675265839030999e-09
YOR085W,YPR122W,7.535790700785583e-06
YOR085W,YMR065W,0.00015850165800657123
YOR085W,YDR356W,4.495612770938351e-10
YOR085W,YMR052W,2.9351793884302424e-08
YOR085W,YFR008W,9.515334568277467e-06
YOR085W,YLL043W,3.708773022026435e-08
YOR085W,YMR029C,0.9957515001296997
YOR085W,YJR004C,2.902731166543049e-09
YOR085W,YDL223C,1.8941221924251295e-08
YOR085W,YHR158C,2.7973618088594776e-08
YOR085W,YGR238C,2.9609151502157927e-12
YOR085W,YIL015W,0.09673680365085602
YOR085W,YGL173C,0.01449374109506607
YOR085W,YDL225W,6.274651909166096e-10
YOR085W,YLR330W,0.13635356724262238
YOR085W,YBR129C,0.8534224629402161
YOR085W,YKR095W-A,0.2020167112350464
YOR085W,YPR075C,3.668060646888627e-12
YOR085W,YMR198W,2.1774810932129185e-07
YOR085W,YOR127W,2.8008503849541455e-10
YOR085W,YDR264C,0.06846384704113007
YOR085W,YLR110C,6.541920447489247e-05
YOR085W,YDR379W,5.256367785477778e-09
YOR085W,YDL100C,1.3767441180145834e-11
YOR085W,YHR073W,9.719211811898276e-05
YOR085W,YJR090C,2.1340314931839188e-11
YOR085W,YOR208W,5.82616027362641e-14
YOR085W,YBR040W,0.9765588045120239
YOR085W,YNL279W,0.7893993854522705
YOR085W,YER075C,1.2530621233963757e-06
YOR085W,YCR089W,0.001297422917559743
YOR085W,YCR002C,0.0007946588448248804
YOR085W,YJL108C,0.014585992321372032
YOR085W,YBR200W,4.5327929001359735e-06
YOR085W,YIL026C,0.00010731077782111242
YOR085W,YJR076C,0.00016258223331533372
YOR085W,YKR031C,7.110743172233924e-05
YOR085W,YPL192C,0.07950740307569504
YOR085W,YHR107C,5.311545474284696e-13
YOR085W,YIL037C,0.0036262343637645245
YOR085W,YPL156C,0.015654820948839188
YOR085W,YIL117C,4.6312905360767e-14
YOR085W,YHR066W,0.00025865985662676394
YOR085W,YML085C,0.007013986818492413
YOR085W,YML047C,0.08675560355186462
YOR085W,YDR312W,0.00011840189836220816
YOR085W,YFL037W,0.021521642804145813
YOR085W,YDL038C,0.2020167112350464
YOR085W,YDL039C,3.379402642167406e-07
YOR085W,YCL027W,3.487994263196015e-06
YOR085W,YML124C,1.6445472965642693e-06
YOR085W,YGL053W,1.7190743051287427e-08
YOR085W,YMR232W,0.0006010580691508949
YOR085W,YNL298W,3.673863879782857e-09
YOR085W,YGL099W,2.7463872243060905e-07
YOR085W,YBL016W,1.0110238167493346e-11
YOR085W,YAL041W,0.0006239860085770488
YOR085W,YDR085C,1.1366188118699938e-05
YOR085W,YPL187W,0.9999891519546509
YOR085W,YPL256C,3.87774889532011e-05
YOR085W,YDR461W,7.091840448225639e-10
YOR085W,YNL145W,0.3387692868709564
YOR373W,YDL165W,2.6881011305768254e-10
YOR373W,YGR059W,7.582870864553115e-08
YOR373W,YBR109C,1.7066036889445968e-05
YOR373W,YJL080C,0.004548948258161545
YOR373W,YCR093W,1.4807224779644912e-08
YOR373W,YIL122W,0.0009798579849302769
YOR373W,YCL029C,0.0014753141440451145
YOR373W,YNL173C,7.271490176208317e-06
YOR373W,YLR452C,0.0005909911124035716
YOR373W,YDL160C,1.4868536835229394e-14
YOR373W,YLR229C,8.361043342119956e-07
YOR373W,YML057W,2.2994625765261146e-16
YOR373W,YER149C,1.4293515260277445e-09
YOR373W,YMR305C,1.351836242946547e-08
YOR373W,YLR433C,0.016458330675959587
YOR373W,YJL073W,2.793166529503361e-15
YOR373W,YGR279C,2.1593897503446868e-10
YOR373W,YKL190W,4.1434897505264467e-13
YOR373W,YGL089C,3.288367952336557e-05
YOR373W,YJL019W,3.834577000816353e-05
YOR373W,YJL018W,0.09319835156202316
YOR373W,YNR032C-A,9.139860048890114e-05
YOR373W,YGL178W,0.0004965548869222403
YOR373W,YKL116C,3.63975017660112e-13
YOR373W,YDL214C,0.0002621958265081048
YOR373W,YLR362W,0.00034225103445351124
YOR373W,YER068W,0.001224750536493957
YOR373W,YHR084W,5.122195723128442e-11
YOR373W,YDR392W,8.057774539338425e-05
YOR373W,YNL053W,0.00011245961650274694
YOR373W,YGR040W,1.034057994786508e-08
YOR373W,YDL216C,4.022748726129066e-06
YOR373W,YOL117W,1.0882652077270905e-06
YOR373W,YJR086W,1.8311746430299536e-07
YOR373W,YMR025W,5.608971273551866e-11
YOR373W,YBR081C,2.9674058349415944e-12
YOR373W,YFL026W,0.4435936212539673
YOR373W,YHL007C,5.03540868521668e-05
YOR373W,YNR044W,0.0022932093124836683
YOR373W,YNL271C,7.197486411314458e-05
YOR373W,YDR200C,2.7156127657690377e-07
YOR373W,YKL178C,1.8531078239902854e-05
YOR373W,YOR212W,9.381594168189622e-09
YOR373W,YOL111C,2.8172371119988826e-12
YOR373W,YGL032C,1.7617657022128697e-06
YOR373W,YHR005C,8.041248555912262e-09
YOR373W,YDR103W,4.5936878450447693e-05
YOR373W,YJR084W,6.973273798394075e-07
YOR373W,YCL032W,1.9843781728923204e-07
YOR373W,YJL170C,0.005519404541701078
YOR373W,YDR179C,1.2485354972113782e-08
YOR373W,YBR095C,1.558425537950825e-05
YOR373W,YLL021W,6.584828952327371e-06
YOR373W,YDL159W,1.963367957102946e-08
YOR373W,YNL161W,2.9200135031715035e-05
YOR373W,YNL188W,1.5193108993116766e-07
YOR373W,YJL157C,6.032800570210384e-07
YOR373W,YJL034W,3.019423999717219e-08
YOR373W,YLR238W,5.470031094745309e-10
YOR373W,YPR141C,2.5025495009600718e-09
YOR373W,YNL127W,1.0608280717860907e-05
YOR373W,YCL055W,3.624125305412562e-11
YOR373W,YPR122W,5.161225402616765e-08
YOR373W,YMR065W,0.5773982405662537
YOR373W,YDR356W,2.851004765602738e-09
YOR373W,YMR052W,5.0396843816191694e-12
YOR373W,YFR008W,1.1779426045688268e-10
YOR373W,YLL043W,0.9977622032165527
YOR373W,YMR029C,1.5770200700870873e-09
YOR373W,YJR004C,0.011997653171420097
YOR373W,YDL223C,5.444929129794218e-08
YOR373W,YHR158C,4.271197978633623e-12
YOR373W,YGR238C,0.06211239472031593
YOR373W,YIL015W,2.2766839720134158e-06
YOR373W,YGL173C,3.0651522986424595e-13
YOR373W,YDL225W,5.767132620349003e-07
YOR373W,YLR330W,0.0001301345182582736
YOR373W,YBR129C,1.009569983168035e-09
YOR373W,YKR095W-A,0.2020167112350464
YOR373W,YPR075C,8.7726853559289e-10
YOR373W,YMR198W,0.0031388155184686184
YOR373W,YOR127W,3.0126449246381526e-07
YOR373W,YDR264C,5.2358348767711504e-09
YOR373W,YLR110C,6.807305180700496e-05
YOR373W,YDR379W,8.372151205549017e-05
YOR373W,YDL100C,2.32028329882894e-09
YOR373W,YHR073W,2.221038242211648e-09
YOR373W,YJR090C,1.314248598838219e-09
YOR373W,YOR208W,6.278111364110828e-10
YOR373W,YBR040W,0.0003515481948852539
YOR373W,YNL279W,8.319636646270112e-10
YOR373W,YER075C,1.0652740911609726e-06
YOR373W,YCR089W,2.575668622739613e-05
YOR373W,YCR002C,2.245035104000981e-12
YOR373W,YJL108C,3.1761064889224144e-09
YOR373W,YBR200W,1.427489451089059e-06
YOR373W,YIL026C,2.813350477026688e-07
YOR373W,YJR076C,6.377208205954332e-10
YOR373W,YKR031C,1.2942784621827741e-08
YOR373W,YPL192C,5.346985926735215e-05
YOR373W,YHR107C,1.3163320260189959e-11
YOR373W,YIL037C,4.119480763620231e-06
YOR373W,YPL156C,5.876813792549118e-12
YOR373W,YIL117C,1.1231703567204931e-08
YOR373W,YHR066W,1.5816634686416364e-06
YOR373W,YML085C,2.1915227410573834e-09
YOR373W,YML047C,3.0526157388521824e-06
YOR373W,YDR312W,2.4758193717389076e-07
YOR373W,YFL037W,3.266882250829717e-11
YOR373W,YDL038C,0.2020167112350464
YOR373W,YDL039C,5.359877045281025e-20
YOR373W,YCL027W,2.0181629224680364e-05
YOR373W,YML124C,4.954659946210249e-11
YOR373W,YGL053W,4.309291812276683e-11
YOR373W,YMR232W,0.0006640152423642576
YOR373W,YNL298W,3.0992487154435366e-07
YOR373W,YGL099W,9.45284406306257e-10
YOR373W,YBL016W,9.396767563885078e-05
YOR373W,YAL041W,0.0003223187814000994
YOR373W,YDR085C,8.871329981730014e-08
YOR373W,YPL187W,4.987880330986627e-09
YOR373W,YPL256C,4.2177997983117166e-08
YOR373W,YDR461W,0.011313054710626602
YOR373W,YNL145W,0.9583290815353394
YIL056W,YDL165W,3.274189452895371e-07
YIL056W,YGR059W,5.789560964331031e-05
YIL056W,YBR109C,2.563666434696188e-08
YIL056W,YJL080C,0.008636421523988247
YIL056W,YCR093W,5.671205940416257e-07
YIL056W,YIL122W,0.0003093055565841496
YIL056W,YCL029C,1.5197412284780748e-13
YIL056W,YNL173C,0.00036033953074365854
YIL056W,YLR452C,0.7330567836761475
YIL056W,YDL160C,4.378069817789765e-08
YIL056W,YLR229C,9.324483835371211e-05
YIL056W,YML057W,5.568968117586337e-05
YIL056W,YER149C,0.0008772049332037568
YIL056W,YMR305C,0.9994107484817505
YIL056W,YLR433C,0.9143697023391724
YIL056W,YJL073W,3.657023839309659e-08
YIL056W,YGR279C,2.933640814717364e-07
YIL056W,YKL190W,0.09853323549032211
YIL056W,YGL089C,0.0138049041852355
YIL056W,YJL019W,0.00013380846939980984
YIL056W,YJL018W,0.0009480954613536596
YIL056W,YNR032C-A,1.9443179553491063e-05
YIL056W,YGL178W,0.0005253914860077202
YIL056W,YKL116C,3.255362059917388e-07
YIL056W,YDL214C,2.106711782801085e-08
YIL056W,YLR362W,1.0853336007699e-09
YIL056W,YER068W,1.7090461597035755e-06
YIL056W,YHR084W,3.4738560916736105e-09
YIL056W,YDR392W,1.7125832982856082e-06
YIL056W,YNL053W,0.0003347164310980588
YIL056W,YGR040W,3.2577020192547934e-06
YIL056W,YDL216C,6.141272751847282e-05
YIL056W,YOL117W,2.8995659206998425e-09
YIL056W,YJR086W,1.0801984728914249e-07
YIL056W,YMR025W,0.003226458327844739
YIL056W,YBR081C,0.8713287115097046
YIL056W,YFL026W,0.0029438077472150326
YIL056W,YHL007C,6.162544363697009e-10
YIL056W,YNR044W,0.9190878868103027
YIL056W,YNL271C,0.013833926990628242
YIL056W,YDR200C,0.008769914507865906
YIL056W,YKL178C,0.00182083819527179
YIL056W,YOR212W,1.121417181337847e-08
YIL056W,YOL111C,6.768088016027504e-14
YIL056W,YGL032C,0.7833868265151978
YIL056W,YHR005C,3.532960235475002e-08
YIL056W,YDR103W,9.06405330169946e-05
YIL056W,YJR084W,0.014640290290117264
YIL056W,YCL032W,0.0006331407930701971
YIL056W,YJL170C,0.11295629292726517
YIL056W,YDR179C,6.490184750873595e-05
YIL056W,YBR095C,3.5037771795032313e-06
YIL056W,YLL021W,0.9941640496253967
YIL056W,YDL159W,0.13063517212867737
YIL056W,YNL161W,0.001581768854521215
YIL056W,YNL188W,9.459684224566445e-05
YIL056W,YJL157C,2.4796718207653612e-05
YIL056W,YJL034W,1.073181821187319e-10
YIL056W,YLR238W,4.2900624719344194e-10
YIL056W,YPR141C,0.1663072556257248
YIL056W,YNL127W,3.124607019344694e-06
YIL056W,YCL055W,8.311909186886624e-05
YIL056W,YPR122W,4.52208298584722e-10
YIL056W,YMR065W,0.0036169379018247128
YIL056W,YDR356W,2.6293255359632894e-06
YIL056W,YMR052W,1.1277033706846851e-07
YIL056W,YFR008W,3.8400717272679685e-08
YIL056W,YLL043W,2.6879838515014853e-06
YIL056W,YMR029C,8.949417270621984e-13
YIL056W,YJR004C,0.00017655968258623034
YIL056W,YDL223C,1.0094780691360938e-06
YIL056W,YHR158C,0.0018749955343082547
YIL056W,YGR238C,1.5212740789305457e-11
YIL056W,YIL015W,0.003604365047067404
YIL056W,YGL173C,0.016474649310112
YIL056W,YDL225W,6.872264890489532e-08
YIL056W,YLR330W,2.484291526834437e-13
YIL056W,YBR129C,1.2434245491022011e-06
YIL056W,YKR095W-A,0.2020167112350464
YIL056W,YPR075C,1.2186812323178309e-11
YIL056W,YMR198W,0.002216183114796877
YIL056W,YOR127W,0.00026473059551790357
YIL056W,YDR264C,1.065989607695883e-08
YIL056W,YLR110C,0.0013037900207564235
YIL056W,YDR379W,2.0560763402954763e-07
YIL056W,YDL100C,3.7201353109139745e-09
YIL056W,YHR073W,2.0112554466322763e-07
YIL056W,YJR090C,6.769011662299818e-08
YIL056W,YOR208W,2.1604286359888647e-07
YIL056W,YBR040W,0.37252920866012573
YIL056W,YNL279W,0.9482179284095764
YIL056W,YER075C,5.61957216871356e-11
YIL056W,YCR089W,2.5480726435489487e-06
YIL056W,YCR002C,6.336284968933015e-11
YIL056W,YJL108C,5.14939131335268e-07
YIL056W,YBR200W,8.402916695793294e-10
YIL056W,YIL026C,0.012884436175227165
YIL056W,YJR076C,4.9859039563671104e-08
YIL056W,YKR031C,4.382235090361064e-07
YIL056W,YPL192C,0.19611798226833344
YIL056W,YHR107C,0.9999983310699463
YIL056W,YIL037C,2.3842509980627436e-15
YIL056W,YPL156C,2.467479589540744e-07
YIL056W,YIL117C,0.000284595531411469
YIL056W,YHR066W,2.819338577024098e-16
YIL056W,YML085C,0.00019186074496246874
YIL056W,YML047C,0.004966197535395622
YIL056W,YDR312W,4.689812340558097e-12
YIL056W,YFL037W,0.03750131279230118
YIL056W,YDL038C,0.2020167112350464
YIL056W,YDL039C,2.83200740636147e-10
YIL056W,YCL027W,0.00026172975776717067
YIL056W,YML124C,0.00032754120184108615
YIL056W,YGL053W,1.6333625424413967e-11
YIL056W,YMR232W,2.826961917890003e-07
YIL056W,YNL298W,0.006323721259832382
YIL056W,YGL099W,1.737548132041411e-06
YIL056W,YBL016W,2.963125578236969e-11
YIL056W,YAL041W,6.475395913918547e-11
YIL056W,YDR085C,1.07951629857439e-08
YIL056W,YPL187W,1.747840542520862e-06
YIL056W,YPL256C,0.9999750852584839
YIL056W,YDR461W,1.630962174203887e-07
YIL056W,YNL145W,2.1296370222856353e-10
tC(GCA)P1,YDL165W,0.00011760421330109239
tC(GCA)P1,YGR059W,1.4111601558397524e-06
tC(GCA)P1,YBR109C,2.694616114240489e-06
tC(GCA)P1,YJL080C,0.00013120833318680525
tC(GCA)P1,YCR093W,0.41758862137794495
tC(GCA)P1,YIL122W,5.013612098991871e-05
tC(GCA)P1,YCL029C,0.00016904091171454638
tC(GCA)P1,YNL173C,2.3225829863804393e-05
tC(GCA)P1,YLR452C,0.1381712406873703
tC(GCA)P1,YDL160C,0.0023539382964372635
tC(GCA)P1,YLR229C,7.093863274576506e-08
tC(GCA)P1,YML057W,0.00039294129237532616
tC(GCA)P1,YER149C,0.004850820172578096
tC(GCA)P1,YMR305C,0.0001130530217778869
tC(GCA)P1,YLR433C,0.3671305477619171
tC(GCA)P1,YJL073W,5.5838096159277484e-05
tC(GCA)P1,YGR279C,0.0017493097111582756
tC(GCA)P1,YKL190W,3.9935122231327114e-07
tC(GCA)P1,YGL089C,0.0004124708357267082
tC(GCA)P1,YJL019W,0.32792437076568604
tC(GCA)P1,YJL018W,0.2020167112350464
tC(GCA)P1,YNR032C-A,0.00020334920554887503
tC(GCA)P1,YGL178W,0.17391617596149445
tC(GCA)P1,YKL116C,0.00024399516405537724
tC(GCA)P1,YDL214C,0.034081071615219116
tC(GCA)P1,YLR362W,0.0002613828983157873
tC(GCA)P1,YER068W,0.0019234162755310535
tC(GCA)P1,YHR084W,2.56154435192002e-05
tC(GCA)P1,YDR392W,0.00015777333464939147
tC(GCA)P1,YNL053W,7.140165507735219e-07
tC(GCA)P1,YGR040W,2.893237251555547e-05
tC(GCA)P1,YDL216C,1.789613861546968e-07
tC(GCA)P1,YOL117W,4.460554555407725e-05
tC(GCA)P1,YJR086W,1.1387576215327044e-08
tC(GCA)P1,YMR025W,5.341813084669411e-05
tC(GCA)P1,YBR081C,5.08506082042004e-06
tC(GCA)P1,YFL026W,0.002692157169803977
tC(GCA)P1,YHL007C,0.055035918951034546
tC(GCA)P1,YNR044W,0.03707624226808548
tC(GCA)P1,YNL271C,0.0034542554058134556
tC(GCA)P1,YDR200C,3.0505720133078285e-05
tC(GCA)P1,YKL178C,0.11917170882225037
tC(GCA)P1,YOR212W,0.2661933898925781
tC(GCA)P1,YOL111C,2.706894065340748e-06
tC(GCA)P1,YGL032C,4.856936470787332e-07
tC(GCA)P1,YHR005C,0.2789546549320221
tC(GCA)P1,YDR103W,0.0013438091846182942
tC(GCA)P1,YJR084W,0.0518341138958931
tC(GCA)P1,YCL032W,0.0025455625727772713
tC(GCA)P1,YJL170C,0.0022568614222109318
tC(GCA)P1,YDR179C,0.09345272183418274
tC(GCA)P1,YBR095C,0.009765414521098137
tC(GCA)P1,YLL021W,0.5134642720222473
tC(GCA)P1,YDL159W,2.684694436538848e-06
tC(GCA)P1,YNL161W,2.8910078526678262e-06
tC(GCA)P1,YNL188W,0.000514695537276566
tC(GCA)P1,YJL157C,0.0004241496790200472
tC(GCA)P1,YJL034W,7.16318900231272e-05
tC(GCA)P1,YLR238W,0.04250948876142502
tC(GCA)P1,YPR141C,0.0014422168023884296
tC(GCA)P1,YNL127W,0.25454261898994446
tC(GCA)P1,YCL055W,0.03298560529947281
tC(GCA)P1,YPR122W,0.00030781232635490596
tC(GCA)P1,YMR065W,0.042655475437641144
tC(GCA)P1,YDR356W,0.00109770055860281
tC(GCA)P1,YMR052W,0.26712557673454285
tC(GCA)P1,YFR008W,0.06303141266107559
tC(GCA)P1,YLL043W,0.0008170358487404883
tC(GCA)P1,YMR029C,8.730022091185674e-05
tC(GCA)P1,YJR004C,0.047201674431562424
tC(GCA)P1,YDL223C,2.4943505195551552e-05
tC(GCA)P1,YHR158C,0.009662803262472153
tC(GCA)P1,YGR238C,0.0003265926497988403
tC(GCA)P1,YIL015W,0.004857970401644707
tC(GCA)P1,YGL173C,2.9910245302744443e-06
tC(GCA)P1,YDL225W,0.0032610511407256126
tC(GCA)P1,YLR330W,0.09872926026582718
tC(GCA)P1,YBR129C,0.020292969420552254
tC(GCA)P1,YKR095W-A,0.2020167112350464
tC(GCA)P1,YPR075C,0.0003719799860846251
tC(GCA)P1,YMR198W,0.04286787658929825
tC(GCA)P1,YOR127W,0.002269883407279849
tC(GCA)P1,YDR264C,2.900845902331639e-05
tC(GCA)P1,YLR110C,0.00012072823301423341
tC(GCA)P1,YDR379W,0.026792794466018677
tC(GCA)P1,YDL100C,7.803227163094562e-06
tC(GCA)P1,YHR073W,0.000757280271500349
tC(GCA)P1,YJR090C,0.7988458871841431
tC(GCA)P1,YOR208W,0.00018847692990675569
tC(GCA)P1,YBR040W,0.012043069116771221
tC(GCA)P1,YNL279W,0.00985263753682375
tC(GCA)P1,YER075C,0.006930133793503046
tC(GCA)P1,YCR089W,0.07545440644025803
tC(GCA)P1,YCR002C,0.00026691777748055756
tC(GCA)P1,YJL108C,0.0008057011873461306
tC(GCA)P1,YBR200W,0.001966282492503524
tC(GCA)P1,YIL026C,0.021289590746164322
tC(GCA)P1,YJR076C,0.0007742860470898449
tC(GCA)P1,YKR031C,7.007482054177672e-05
tC(GCA)P1,YPL192C,0.01235657837241888
tC(GCA)P1,YHR107C,0.00011472215555841103
tC(GCA)P1,YIL037C,0.00844656489789486
tC(GCA)P1,YPL156C,0.0019183444092050195
tC(GCA)P1,YIL117C,0.20841754972934723
tC(GCA)P1,YHR066W,2.2760701767765568e-08
tC(GCA)P1,YML085C,0.04692981392145157
tC(GCA)P1,YML047C,0.00020748407405335456
tC(GCA)P1,YDR312W,0.0005671089165844023
tC(GCA)P1,YFL037W,8.605734791444775e-09
tC(GCA)P1,YDL038C,0.2020167112350464
tC(GCA)P1,YDL039C,0.00013385953207034618
tC(GCA)P1,YCL027W,0.28460693359375
tC(GCA)P1,YML124C,1.183455424325075e-06
tC(GCA)P1,YGL053W,7.31722466298379e-05
tC(GCA)P1,YMR232W,0.24254289269447327
tC(GCA)P1,YNL298W,0.049178071320056915
tC(GCA)P1,YGL099W,0.00024881988065317273
tC(GCA)P1,YBL016W,0.0017242669127881527
tC(GCA)P1,YAL041W,5.804204192827456e-05
tC(GCA)P1,YDR085C,1.24112929711373e-07
tC(GCA)P1,YPL187W,1.6169479977179435e-07
tC(GCA)P1,YPL256C,8.508172300025763e-08
tC(GCA)P1,YDR461W,4.287447609385708e-06
tC(GCA)P1,YNL145W,3.435545750107849e-06
YMR159C,YDL165W,1.899194616202253e-15
YMR159C,YGR059W,1.3719129299261112e-07
YMR159C,YBR109C,0.00044577979133464396
YMR159C,YJL080C,1.7753450931579096e-09
YMR159C,YCR093W,0.00041222828440368176
YMR159C,YIL122W,0.0017174981767311692
YMR159C,YCL029C,2.574882039356463e-13
YMR159C,YNL173C,2.114031588673626e-10
YMR159C,YLR452C,1.4863044839330541e-07
YMR159C,YDL160C,0.9725801944732666
YMR159C,YLR229C,0.00026037677889689803
YMR159C,YML057W,7.173230065493641e-11
YMR159C,YER149C,1.8975080820382573e-05
YMR159C,YMR305C,6.558679787422791e-14
YMR159C,YLR433C,2.4934561360101526e-11
YMR159C,YJL073W,1.4762407333883398e-13
YMR159C,YGR279C,1.9611991319834488e-06
YMR159C,YKL190W,0.005342500749975443
YMR159C,YGL089C,0.8520256280899048
YMR159C,YJL019W,3.7823294405825436e-05
YMR159C,YJL018W,0.0021316998172551394
YMR159C,YNR032C-A,8.63810273585841e-05
YMR159C,YGL178W,0.0055093783885240555
YMR159C,YKL116C,9.212564115431213e-14
YMR159C,YDL214C,9.424534397339812e-08
YMR159C,YLR362W,3.3370399705745513e-06
YMR159C,YER068W,1.9307398561874134e-12
YMR159C,YHR084W,2.172847013426349e-09
YMR159C,YDR392W,4.1193402466888074e-08
YMR159C,YNL053W,0.19735588133335114
YMR159C,YGR040W,2.480853709130315e-07
YMR159C,YDL216C,1.2801589122091173e-08
YMR159C,YOL117W,2.8018769171467284e-06
YMR159C,YJR086W,1.6915436162889819e-07
YMR159C,YMR025W,5.4477102821692824e-05
YMR159C,YBR081C,2.652439070516266e-05
YMR159C,YFL026W,1.3049900569883643e-11
YMR159C,YHL007C,1.0692069452034048e-08
YMR159C,YNR044W,0.9957451224327087
YMR159C,YNL271C,1.5852499757329497e-07
YMR159C,YDR200C,1.653750558716638e-08
YMR159C,YKL178C,0.3157256245613098
YMR159C,YOR212W,4.0352404750976234e-10
YMR159C,YOL111C,8.846304990584031e-05
YMR159C,YGL032C,5.6695143939577974e-06
YMR159C,YHR005C,1.1633734402494156e-06
YMR159C,YDR103W,2.090714934510629e-09
YMR159C,YJR084W,1.0433907698340766e-13
YMR159C,YCL032W,9.888537211288906e-11
YMR159C,YJL170C,1.738793164356503e-13
YMR159C,YDR179C,1.4993750539448445e-15
YMR159C,YBR095C,1.079214564936315e-10
YMR159C,YLL021W,1.4924461311238701e-07
YMR159C,YDL159W,6.169518229626192e-10
YMR159C,YNL161W,0.00021077932615298778
YMR159C,YNL188W,1.3067688885192233e-14
YMR159C,YJL157C,1.2361091039636563e-09
YMR159C,YJL034W,8.537866453452243e-17
YMR159C,YLR238W,1.2505443729160515e-12
YMR159C,YPR141C,6.323765319393715e-06
YMR159C,YNL127W,0.0003874757676385343
YMR159C,YCL055W,2.6375644779363938e-08
YMR159C,YPR122W,1.0264595597109238e-11
YMR159C,YMR065W,1.117932309224745e-11
YMR159C,YDR356W,8.438083568762522e-06
YMR159C,YMR052W,0.092125304043293
YMR159C,YFR008W,1.0855732979209165e-10
YMR159C,YLL043W,0.9577570557594299
YMR159C,YMR029C,7.098224785728746e-11
YMR159C,YJR004C,0.0007826369837857783
YMR159C,YDL223C,1.8099977388997452e-17
YMR159C,YHR158C,1.318097631042292e-08
YMR159C,YGR238C,8.268758620033623e-07
YMR159C,YIL015W,0.0029464636463671923
YMR159C,YGL173C,4.025900750548317e-07
YMR159C,YDL225W,7.554921666041992e-08
YMR159C,YLR330W,9.133152012452683e-10
YMR159C,YBR129C,3.0256039451614924e-08
YMR159C,YKR095W-A,0.2020167112350464
YMR159C,YPR075C,7.289949199851264e-10
YMR159C,YMR198W,3.1353570761893934e-07
YMR159C,YOR127W,1.2438285068583355e-07
YMR159C,YDR264C,0.045085638761520386
YMR159C,YLR110C,1.119850434605496e-08
YMR159C,YDR379W,9.496943675912917e-09
YMR159C,YDL100C,6.5633248595986515e-06
YMR159C,YHR073W,4.5466673981309214e-08
YMR159C,YJR090C,0.007065099664032459
YMR159C,YOR208W,1.1744540415747906e-06
YMR159C,YBR040W,3.377749635546934e-07
YMR159C,YNL279W,0.00015927005733828992
YMR159C,YER075C,0.013392748311161995
YMR159C,YCR089W,1.4565315495929099e-06
YMR159C,YCR002C,0.0013572688912972808
YMR159C,YJL108C,1.380695493935491e-06
YMR159C,YBR200W,4.796278972207801e-06
YMR159C,YIL026C,6.321141832188459e-09
YMR159C,YJR076C,0.24147672951221466
YMR159C,YKR031C,1.1575240677075271e-07
YMR159C,YPL192C,3.323850705783116e-08
YMR159C,YHR107C,0.0005323713412508368
YMR159C,YIL037C,3.2028574992182257e-07
YMR159C,YPL156C,0.00020837206102441996
YMR159C,YIL117C,0.00240682833828032
YMR159C,YHR066W,4.581077270998657e-12
YMR159C,YML085C,0.8431073427200317
YMR159C,YML047C,0.003329262603074312
YMR159C,YDR312W,0.00018583836208563298
YMR159C,YFL037W,2.3324406583924429e-07
YMR159C,YDL038C,0.2020167112350464
YMR159C,YDL039C,1.2442793377673983e-13
YMR159C,YCL027W,0.018823927268385887
YMR159C,YML124C,0.8895555734634399
YMR159C,YGL053W,2.601956293801777e-05
YMR159C,YMR232W,5.838102978827919e-08
YMR159C,YNL298W,5.750212039856706e-07
YMR159C,YGL099W,1.2876517629933915e-09
YMR159C,YBL016W,7.948605684759968e-07
YMR159C,YAL041W,2.1826667140345535e-09
YMR159C,YDR085C,2.6690572495213782e-12
YMR159C,YPL187W,0.00012950679229106754
YMR159C,YPL256C,2.355413433741127e-11
YMR159C,YDR461W,2.3672168825844553e-12
YMR159C,YNL145W,1.323304577027784e-08
YBR057C,YDL165W,0.0003798490506596863
YBR057C,YGR059W,1.1213588946290542e-09
YBR057C,YBR109C,6.393762472592379e-13
YBR057C,YJL080C,0.0004964687395840883
YBR057C,YCR093W,0.00010874094732571393
YBR057C,YIL122W,1.7021193343680352e-05
YBR057C,YCL029C,3.0709584490332565e-16
YBR057C,YNL173C,7.092042437761847e-07
YBR057C,YLR452C,0.9639650583267212
YBR057C,YDL160C,2.6515856461628573e-06
YBR057C,YLR229C,0.002364469924941659
YBR057C,YML057W,9.94393595243892e-11
YBR057C,YER149C,9.1204839236525e-09
YBR057C,YMR305C,1.771470294897881e-07
YBR057C,YLR433C,0.013037057593464851
YBR057C,YJL073W,3.4734282507997705e-06
YBR057C,YGR279C,0.004030595999211073
YBR057C,YKL190W,7.43069224451139e-15
YBR057C,YGL089C,0.7782278060913086
YBR057C,YJL019W,0.005334661807864904
YBR057C,YJL018W,0.06354823708534241
YBR057C,YNR032C-A,0.01769036054611206
YBR057C,YGL178W,0.0014537692768499255
YBR057C,YKL116C,1.6816446077427827e-05
YBR057C,YDL214C,1.4258745068218559e-05
YBR057C,YLR362W,3.565968881957815e-06
YBR057C,YER068W,0.0016762639861553907
YBR057C,YHR084W,6.462578312493861e-05
YBR057C,YDR392W,8.360754449876495e-11
YBR057C,YNL053W,4.385791180538945e-05
YBR057C,YGR040W,0.2700827717781067
YBR057C,YDL216C,0.9979608058929443
YBR057C,YOL117W,2.1620911866193637e-05
YBR057C,YJR086W,0.7463932633399963
YBR057C,YMR025W,3.740236707017175e-06
YBR057C,YBR081C,2.6657060239743124e-11
YBR057C,YFL026W,5.065186633146368e-05
YBR057C,YHL007C,0.000510607729665935
YBR057C,YNR044W,0.9787026047706604
YBR057C,YNL271C,7.169616029339965e-12
YBR057C,YDR200C,5.28026289359218e-09
YBR057C,YKL178C,0.028394006192684174
YBR057C,YOR212W,0.0019289293559268117
YBR057C,YOL111C,8.903435280704919e-12
YBR057C,YGL032C,0.00017260201275348663
YBR057C,YHR005C,3.4378108466626145e-06
YBR057C,YDR103W,0.0015443733427673578
YBR057C,YJR084W,0.021310029551386833
YBR057C,YCL032W,0.016821136698126793
YBR057C,YJL170C,4.034136054542614e-06
YBR057C,YDR179C,3.2147100537116557e-09
YBR057C,YBR095C,0.001118881511501968
YBR057C,YLL021W,2.5789826003930205e-12
YBR057C,YDL159W,3.901146783391596e-08
YBR057C,YNL161W,0.9142099022865295
YBR057C,YNL188W,2.3336348044938893e-12
YBR057C,YJL157C,8.862981530910474e-07
YBR057C,YJL034W,1.9429409795455876e-13
YBR057C,YLR238W,5.247392891760683e-06
YBR057C,YPR141C,0.0004504207754507661
YBR057C,YNL127W,1.1645239084145942e-07
YBR057C,YCL055W,0.0004672180220950395
YBR057C,YPR122W,0.2691378891468048
YBR057C,YMR065W,0.005377207882702351
YBR057C,YDR356W,1.4959894542698748e-05
YBR057C,YMR052W,4.212988073959423e-07
YBR057C,YFR008W,0.03278189152479172
YBR057C,YLL043W,7.018150643967047e-11
YBR057C,YMR029C,3.289231775838175e-09
YBR057C,YJR004C,2.6243048978358274e-07
YBR057C,YDL223C,2.3142336047499157e-08
YBR057C,YHR158C,0.007374484091997147
YBR057C,YGR238C,0.004288875963538885
YBR057C,YIL015W,0.9805012941360474
YBR057C,YGL173C,0.0020029146689921618
YBR057C,YDL225W,6.466761078627314e-06
YBR057C,YLR330W,7.497050669071775e-14
YBR057C,YBR129C,4.815739274022235e-08
YBR057C,YKR095W-A,0.2020167112350464
YBR057C,YPR075C,4.411818133043255e-12
YBR057C,YMR198W,5.488416388033102e-09
YBR057C,YOR127W,0.7072734236717224
YBR057C,YDR264C,3.725299677626026e-07
YBR057C,YLR110C,2.5251156330341473e-06
YBR057C,YDR379W,8.397322517339489e-07
YBR057C,YDL100C,1.0458411220382047e-10
YBR057C,YHR073W,5.933928332524374e-05
YBR057C,YJR090C,0.004771701991558075
YBR057C,YOR208W,7.985577212821227e-06
YBR057C,YBR040W,0.30421438813209534
YBR057C,YNL279W,0.010584571398794651
YBR057C,YER075C,1.287361897084338e-07
YBR057C,YCR089W,0.910884439945221
YBR057C,YCR002C,6.042967925168341e-06
YBR057C,YJL108C,0.0028862322214990854
YBR057C,YBR200W,3.604419305247575e-07
YBR057C,YIL026C,0.013054660521447659
YBR057C,YJR076C,2.6343278253238012e-11
YBR057C,YKR031C,5.0189501052955166e-06
YBR057C,YPL192C,0.0053932243026793
YBR057C,YHR107C,7.527831941666203e-17
YBR057C,YIL037C,3.553878684670053e-07
YBR057C,YPL156C,1.6802375734249059e-13
YBR057C,YIL117C,0.0011461485410109162
YBR057C,YHR066W,5.203646657166553e-17
YBR057C,YML085C,2.589808718767017e-05
YBR057C,YML047C,6.292435864452273e-05
YBR057C,YDR312W,7.2033663756077e-11
YBR057C,YFL037W,0.0005475437501445413
YBR057C,YDL038C,0.2020167112350464
YBR057C,YDL039C,1.0481043318577576e-05
YBR057C,YCL027W,2.006558315770235e-05
YBR057C,YML124C,4.450193955563009e-06
YBR057C,YGL053W,1.6293151550161866e-10
YBR057C,YMR232W,0.00046903666225261986
YBR057C,YNL298W,3.3991000236710533e-07
YBR057C,YGL099W,1.5081561216892525e-13
YBR057C,YBL016W,0.00012019525456707925
YBR057C,YAL041W,3.436968049573552e-13
YBR057C,YDR085C,0.0002155558904632926
YBR057C,YPL187W,4.1529638110660017e-05
YBR057C,YPL256C,4.036823884234764e-05
YBR057C,YDR461W,0.6600142121315002
YBR057C,YNL145W,2.6051245072267193e-07
YKL080W,YDL165W,0.014253325760364532
YKL080W,YGR059W,1.4089501376874954e-17
YKL080W,YBR109C,0.00028469949029386044
YKL080W,YJL080C,3.26443841913715e-06
YKL080W,YCR093W,0.015534849837422371
YKL080W,YIL122W,0.0024148214142769575
YKL080W,YCL029C,2.468613369277506e-10
YKL080W,YNL173C,0.00016306508041452616
YKL080W,YLR452C,4.865466394221585e-07
YKL080W,YDL160C,0.45569249987602234
YKL080W,YLR229C,1.5979490950931985e-12
YKL080W,YML057W,4.530003140925331e-16
YKL080W,YER149C,0.0019623420666903257
YKL080W,YMR305C,2.0240842786733992e-05
YKL080W,YLR433C,0.0011340414639562368
YKL080W,YJL073W,6.623523951532206e-10
YKL080W,YGR279C,0.7434905767440796
YKL080W,YKL190W,0.0003285028215032071
YKL080W,YGL089C,0.8938937187194824
YKL080W,YJL019W,6.139459856058238e-06
YKL080W,YJL018W,0.040163714438676834
YKL080W,YNR032C-A,0.031246080994606018
YKL080W,YGL178W,7.444276315174414e-13
YKL080W,YKL116C,2.493757733645907e-07
YKL080W,YDL214C,0.9991928935050964
YKL080W,YLR362W,6.915121957717929e-06
YKL080W,YER068W,0.9759795665740967
YKL080W,YHR084W,1.4358124644786585e-06
YKL080W,YDR392W,1.6035564542882241e-10
YKL080W,YNL053W,0.43157482147216797
YKL080W,YGR040W,4.049848939757794e-05
YKL080W,YDL216C,0.09514443576335907
YKL080W,YOL117W,3.3761016204891803e-09
YKL080W,YJR086W,0.04290441796183586
YKL080W,YMR025W,7.486128743039444e-05
YKL080W,YBR081C,0.00013275147648528218
YKL080W,YFL026W,7.271226058946922e-05
YKL080W,YHL007C,0.001642995630390942
YKL080W,YNR044W,0.0025804033502936363
YKL080W,YNL271C,1.489779242547229e-05
YKL080W,YDR200C,3.3453209091760527e-09
YKL080W,YKL178C,9.407759904433988e-08
YKL080W,YOR212W,9.61290652412572e-07
YKL080W,YOL111C,7.097497589647617e-10
YKL080W,YGL032C,1.144783269915739e-12
YKL080W,YHR005C,1.447558133804705e-06
YKL080W,YDR103W,4.775090565090068e-05
YKL080W,YJR084W,0.03296526148915291
YKL080W,YCL032W,0.3800705373287201
YKL080W,YJL170C,0.0001812996342778206
YKL080W,YDR179C,1.0718687441162163e-17
YKL080W,YBR095C,0.002643743995577097
YKL080W,YLL021W,0.00010091511649079621
YKL080W,YDL159W,1.5383581342121033e-07
YKL080W,YNL161W,6.092815601732582e-05
YKL080W,YNL188W,1.9421813135522825e-07
YKL080W,YJL157C,3.494453494568006e-06
YKL080W,YJL034W,3.161279293895092e-10
YKL080W,YLR238W,6.536388355016243e-07
YKL080W,YPR141C,0.1819838285446167
YKL080W,YNL127W,2.487582605681382e-06
YKL080W,YCL055W,3.845862920570653e-06
YKL080W,YPR122W,7.439942919518217e-07
YKL080W,YMR065W,0.554432213306427
YKL080W,YDR356W,6.393772178370227e-10
YKL080W,YMR052W,4.074964181199903e-06
YKL080W,YFR008W,1.3064240192761645e-05
YKL080W,YLL043W,0.20536451041698456
YKL080W,YMR029C,3.4985914680873975e-06
YKL080W,YJR004C,2.42479192280598e-08
YKL080W,YDL223C,9.552178492633345e-11
YKL080W,YHR158C,2.1799276055389782e-06
YKL080W,YGR238C,3.2799186977516825e-11
YKL080W,YIL015W,0.9955180287361145
YKL080W,YGL173C,0.10623569041490555
YKL080W,YDL225W,0.01630513183772564
YKL080W,YLR330W,0.16907940804958344
YKL080W,YBR129C,0.01725090853869915
YKL080W,YKR095W-A,0.2020167112350464
YKL080W,YPR075C,2.9338249163401997e-08
YKL080W,YMR198W,5.159724310033198e-07
YKL080W,YOR127W,5.021603328714264e-07
YKL080W,YDR264C,0.07852421700954437
YKL080W,YLR110C,0.011351787485182285
YKL080W,YDR379W,6.485200709782646e-10
YKL080W,YDL100C,7.864564000037433e-10
YKL080W,YHR073W,0.10172951966524124
YKL080W,YJR090C,0.0014493425842374563
YKL080W,YOR208W,6.092142825764313e-07
YKL080W,YBR040W,0.9998955726623535
YKL080W,YNL279W,0.018518948927521706
YKL080W,YER075C,8.36934195831418e-05
YKL080W,YCR089W,2.7612108169705607e-05
YKL080W,YCR002C,6.37072735116817e-05
YKL080W,YJL108C,0.4939523935317993
YKL080W,YBR200W,1.7337487001611862e-10
YKL080W,YIL026C,0.00563923129811883
YKL080W,YJR076C,0.0073401229456067085
YKL080W,YKR031C,0.005631864536553621
YKL080W,YPL192C,0.9946451187133789
YKL080W,YHR107C,4.235669166519074e-07
YKL080W,YIL037C,0.08456768095493317
YKL080W,YPL156C,0.0004425703955348581
YKL080W,YIL117C,3.6699339034385048e-06
YKL080W,YHR066W,1.364852775272824e-15
YKL080W,YML085C,0.9974542260169983
YKL080W,YML047C,0.9641501903533936
YKL080W,YDR312W,9.170826764659523e-09
YKL080W,YFL037W,0.3833906650543213
YKL080W,YDL038C,0.2020167112350464
YKL080W,YDL039C,5.624968264610064e-14
YKL080W,YCL027W,1.582398340360669e-06
YKL080W,YML124C,3.3308397178188898e-06
YKL080W,YGL053W,1.2054410802875282e-08
YKL080W,YMR232W,0.001450039679184556
YKL080W,YNL298W,2.3847089323680848e-05
YKL080W,YGL099W,7.133126473490847e-06
YKL080W,YBL016W,5.692213562724646e-07
YKL080W,YAL041W,0.03822546452283859
YKL080W,YDR085C,0.0012594200670719147
YKL080W,YPL187W,0.9835736751556396
YKL080W,YPL256C,0.00024004797160159796
YKL080W,YDR461W,4.637135402225934e-13
YKL080W,YNL145W,4.724333280137216e-08
YLR075W,YDL165W,1.4733450370840728e-06
YLR075W,YGR059W,5.812367189113321e-13
YLR075W,YBR109C,0.00044926960254088044
YLR075W,YJL080C,0.002157034119591117
YLR075W,YCR093W,1.947364944498986e-05
YLR075W,YIL122W,0.9998810291290283
YLR075W,YCL029C,1.0211187798092602e-11
YLR075W,YNL173C,0.07769045233726501
YLR075W,YLR452C,4.713690577773377e-05
YLR075W,YDL160C,8.330232503794832e-09
YLR075W,YLR229C,6.096835536428813e-11
YLR075W,YML057W,2.4107150601920466e-14
YLR075W,YER149C,9.978781463360065e-07
YLR075W,YMR305C,3.72606589679747e-12
YLR075W,YLR433C,1.814613703743362e-08
YLR075W,YJL073W,7.026035859780677e-07
YLR075W,YGR279C,8.844905096339062e-05
YLR075W,YKL190W,3.447800100975229e-10
YLR075W,YGL089C,0.059526048600673676
YLR075W,YJL019W,0.00024104244948830456
YLR075W,YJL018W,0.0008695608703419566
YLR075W,YNR032C-A,0.00021807335724588484
YLR075W,YGL178W,2.1603750147321243e-13
YLR075W,YKL116C,9.586797247571792e-16
YLR075W,YDL214C,2.475168230375857e-06
YLR075W,YLR362W,4.147307219870555e-10
YLR075W,YER068W,1.1924385034944862e-08
YLR075W,YHR084W,4.9337436913710064e-11
YLR075W,YDR392W,6.685885569138184e-13
YLR075W,YNL053W,1.665476669066284e-14
YLR075W,YGR040W,9.387035788677167e-07
YLR075W,YDL216C,3.6225325040009637e-13
YLR075W,YOL117W,4.491472025745039e-18
YLR075W,YJR086W,0.6770996451377869
YLR075W,YMR025W,1.602250103427405e-11
YLR075W,YBR081C,2.80806689261226e-05
YLR075W,YFL026W,4.435029404703528e-05
YLR075W,YHL007C,2.8094555570845614e-09
YLR075W,YNR044W,3.4218746804981492e-06
YLR075W,YNL271C,1.0013758711124865e-08
YLR075W,YDR200C,1.1061525810873718e-06
YLR075W,YKL178C,1.1538231481367234e-09
YLR075W,YOR212W,2.1750799078512628e-11
YLR075W,YOL111C,4.991160615233983e-14
YLR075W,YGL032C,1.6241374396486208e-06
YLR075W,YHR005C,0.0011848655994981527
YLR075W,YDR103W,0.00946215819567442
YLR075W,YJR084W,1.3200751255992849e-12
YLR075W,YCL032W,2.9715676586050677e-09
YLR075W,YJL170C,8.049882467275893e-07
YLR075W,YDR179C,6.513170383158816e-20
YLR075W,YBR095C,2.0745771678321034e-07
YLR075W,YLL021W,5.3155289059247934e-09
YLR075W,YDL159W,2.925805648104629e-12
YLR075W,YNL161W,1.2620817724240396e-09
YLR075W,YNL188W,1.090852990159874e-07
YLR075W,YJL157C,7.562461941390541e-12
YLR075W,YJL034W,7.411415231528551e-11
YLR075W,YLR238W,1.1472320489425147e-11
YLR075W,YPR141C,4.5577266405416594e-09
YLR075W,YNL127W,9.9071750803148e-10
YLR075W,YCL055W,2.4361036022365733e-15
YLR075W,YPR122W,4.86631227867673e-15
YLR075W,YMR065W,1.1226185961277224e-05
YLR075W,YDR356W,0.0001590104220667854
YLR075W,YMR052W,4.573839137295144e-12
YLR075W,YFR008W,1.178817488067807e-09
YLR075W,YLL043W,1.769973459886387e-05
YLR075W,YMR029C,3.4057877503455847e-13
YLR075W,YJR004C,6.305857027655293e-07
YLR075W,YDL223C,3.465024687567047e-26
YLR075W,YHR158C,2.1836926578089333e-07
YLR075W,YGR238C,4.8956704406285644e-17
YLR075W,YIL015W,4.57940032561055e-08
YLR075W,YGL173C,0.0006645277026109397
YLR075W,YDL225W,1.812237471199296e-08
YLR075W,YLR330W,2.486255046614961e-16
YLR075W,YBR129C,8.533069717486796e-08
YLR075W,YKR095W-A,0.2020167112350464
YLR075W,YPR075C,1.3830205427070585e-12
YLR075W,YMR198W,4.6760753491525975e-08
YLR075W,YOR127W,2.9778329135865533e-08
YLR075W,YDR264C,4.785270862892236e-18
YLR075W,YLR110C,1.3519302344278117e-10
YLR075W,YDR379W,1.3929940223533777e-07
YLR075W,YDL100C,3.766861388782017e-12
YLR075W,YHR073W,3.0188245566525884e-12
YLR075W,YJR090C,1.0235655281576328e-05
YLR075W,YOR208W,1.4865930097585078e-05
YLR075W,YBR040W,1.5969162841036888e-12
YLR075W,YNL279W,2.2237879330404102e-14
YLR075W,YER075C,1.7904126536905096e-07
YLR075W,YCR089W,1.6591030771451187e-07
YLR075W,YCR002C,1.1858591365820903e-11
YLR075W,YJL108C,8.102991699843187e-08
YLR075W,YBR200W,3.967393904721894e-14
YLR075W,YIL026C,3.500916534449061e-08
YLR075W,YJR076C,2.1454665329656564e-05
YLR075W,YKR031C,0.0008214922854676843
YLR075W,YPL192C,2.5191573627125763e-07
YLR075W,YHR107C,0.0029078838415443897
YLR075W,YIL037C,1.1956597063544905e-06
YLR075W,YPL156C,4.935388035753885e-12
YLR075W,YIL117C,2.601244322006824e-15
YLR075W,YHR066W,4.0952897961687995e-08
YLR075W,YML085C,4.561000535585613e-11
YLR075W,YML047C,0.0419720821082592
YLR075W,YDR312W,2.1540277884923853e-05
YLR075W,YFL037W,0.0007986633572727442
YLR075W,YDL038C,0.2020167112350464
YLR075W,YDL039C,9.489364318198551e-15
YLR075W,YCL027W,2.7198441388638292e-14
YLR075W,YML124C,2.0509858700279437e-08
YLR075W,YGL053W,9.900952817614184e-19
YLR075W,YMR232W,3.1681424150775683e-10
YLR075W,YNL298W,5.3474034228395695e-11
YLR075W,YGL099W,5.946836154180346e-06
YLR075W,YBL016W,1.5948831588730172e-08
YLR075W,YAL041W,3.0064477130054e-08
YLR075W,YDR085C,7.948705062210681e-12
YLR075W,YPL187W,8.317849733430194e-07
YLR075W,YPL256C,5.783562664873898e-05
YLR075W,YDR461W,1.3197271053755344e-09
YLR075W,YNL145W,7.332537910187398e-10
tI(AAU)N2,YDL165W,0.2020167112350464
tI(AAU)N2,YGR059W,0.2020167112350464
tI(AAU)N2,YBR109C,0.2020167112350464
tI(AAU)N2,YJL080C,0.2020167112350464
tI(AAU)N2,YCR093W,0.2020167112350464
tI(AAU)N2,YIL122W,0.2020167112350464
tI(AAU)N2,YCL029C,0.2020167112350464
tI(AAU)N2,YNL173C,0.2020167112350464
tI(AAU)N2,YLR452C,0.2020167112350464
tI(AAU)N2,YDL160C,0.2020167112350464
tI(AAU)N2,YLR229C,0.2020167112350464
tI(AAU)N2,YML057W,0.2020167112350464
tI(AAU)N2,YER149C,0.2020167112350464
tI(AAU)N2,YMR305C,0.2020167112350464
tI(AAU)N2,YLR433C,0.2020167112350464
tI(AAU)N2,YJL073W,0.2020167112350464
tI(AAU)N2,YGR279C,0.2020167112350464
tI(AAU)N2,YKL190W,0.2020167112350464
tI(AAU)N2,YGL089C,0.2020167112350464
tI(AAU)N2,YJL019W,0.2020167112350464
tI(AAU)N2,YJL018W,0.2020167112350464
tI(AAU)N2,YNR032C-A,0.2020167112350464
tI(AAU)N2,YGL178W,0.2020167112350464
tI(AAU)N2,YKL116C,0.2020167112350464
tI(AAU)N2,YDL214C,0.2020167112350464
tI(AAU)N2,YLR362W,0.2020167112350464
tI(AAU)N2,YER068W,0.2020167112350464
tI(AAU)N2,YHR084W,0.2020167112350464
tI(AAU)N2,YDR392W,0.2020167112350464
tI(AAU)N2,YNL053W,0.2020167112350464
tI(AAU)N2,YGR040W,0.2020167112350464
tI(AAU)N2,YDL216C,0.2020167112350464
tI(AAU)N2,YOL117W,0.2020167112350464
tI(AAU)N2,YJR086W,0.2020167112350464
tI(AAU)N2,YMR025W,0.2020167112350464
tI(AAU)N2,YBR081C,0.2020167112350464
tI(AAU)N2,YFL026W,0.2020167112350464
tI(AAU)N2,YHL007C,0.2020167112350464
tI(AAU)N2,YNR044W,0.2020167112350464
tI(AAU)N2,YNL271C,0.2020167112350464
tI(AAU)N2,YDR200C,0.2020167112350464
tI(AAU)N2,YKL178C,0.2020167112350464
tI(AAU)N2,YOR212W,0.2020167112350464
tI(AAU)N2,YOL111C,0.2020167112350464
tI(AAU)N2,YGL032C,0.2020167112350464
tI(AAU)N2,YHR005C,0.2020167112350464
tI(AAU)N2,YDR103W,0.2020167112350464
tI(AAU)N2,YJR084W,0.2020167112350464
tI(AAU)N2,YCL032W,0.2020167112350464
tI(AAU)N2,YJL170C,0.2020167112350464
tI(AAU)N2,YDR179C,0.2020167112350464
tI(AAU)N2,YBR095C,0.2020167112350464
tI(AAU)N2,YLL021W,0.2020167112350464
tI(AAU)N2,YDL159W,0.2020167112350464
tI(AAU)N2,YNL161W,0.2020167112350464
tI(AAU)N2,YNL188W,0.2020167112350464
tI(AAU)N2,YJL157C,0.2020167112350464
tI(AAU)N2,YJL034W,0.2020167112350464
tI(AAU)N2,YLR238W,0.2020167112350464
tI(AAU)N2,YPR141C,0.2020167112350464
tI(AAU)N2,YNL127W,0.2020167112350464
tI(AAU)N2,YCL055W,0.2020167112350464
tI(AAU)N2,YPR122W,0.2020167112350464
tI(AAU)N2,YMR065W,0.2020167112350464
tI(AAU)N2,YDR356W,0.2020167112350464
tI(AAU)N2,YMR052W,0.2020167112350464
tI(AAU)N2,YFR008W,0.2020167112350464
tI(AAU)N2,YLL043W,0.2020167112350464
tI(AAU)N2,YMR029C,0.2020167112350464
tI(AAU)N2,YJR004C,0.2020167112350464
tI(AAU)N2,YDL223C,0.2020167112350464
tI(AAU)N2,YHR158C,0.2020167112350464
tI(AAU)N2,YGR238C,0.2020167112350464
tI(AAU)N2,YIL015W,0.2020167112350464
tI(AAU)N2,YGL173C,0.2020167112350464
tI(AAU)N2,YDL225W,0.2020167112350464
tI(AAU)N2,YLR330W,0.2020167112350464
tI(AAU)N2,YBR129C,0.2020167112350464
tI(AAU)N2,YKR095W-A,0.2020167112350464
tI(AAU)N2,YPR075C,0.2020167112350464
tI(AAU)N2,YMR198W,0.2020167112350464
tI(AAU)N2,YOR127W,0.2020167112350464
tI(AAU)N2,YDR264C,0.2020167112350464
tI(AAU)N2,YLR110C,0.2020167112350464
tI(AAU)N2,YDR379W,0.2020167112350464
tI(AAU)N2,YDL100C,0.2020167112350464
tI(AAU)N2,YHR073W,0.2020167112350464
tI(AAU)N2,YJR090C,0.2020167112350464
tI(AAU)N2,YOR208W,0.2020167112350464
tI(AAU)N2,YBR040W,0.2020167112350464
tI(AAU)N2,YNL279W,0.2020167112350464
tI(AAU)N2,YER075C,0.2020167112350464
tI(AAU)N2,YCR089W,0.2020167112350464
tI(AAU)N2,YCR002C,0.2020167112350464
tI(AAU)N2,YJL108C,0.2020167112350464
tI(AAU)N2,YBR200W,0.2020167112350464
tI(AAU)N2,YIL026C,0.2020167112350464
tI(AAU)N2,YJR076C,0.2020167112350464
tI(AAU)N2,YKR031C,0.2020167112350464
tI(AAU)N2,YPL192C,0.2020167112350464
tI(AAU)N2,YHR107C,0.2020167112350464
tI(AAU)N2,YIL037C,0.2020167112350464
tI(AAU)N2,YPL156C,0.2020167112350464
tI(AAU)N2,YIL117C,0.2020167112350464
tI(AAU)N2,YHR066W,0.2020167112350464
tI(AAU)N2,YML085C,0.2020167112350464
tI(AAU)N2,YML047C,0.2020167112350464
tI(AAU)N2,YDR312W,0.2020167112350464
tI(AAU)N2,YFL037W,0.2020167112350464
tI(AAU)N2,YDL038C,0.2020167112350464
tI(AAU)N2,YDL039C,0.2020167112350464
tI(AAU)N2,YCL027W,0.2020167112350464
tI(AAU)N2,YML124C,0.2020167112350464
tI(AAU)N2,YGL053W,0.2020167112350464
tI(AAU)N2,YMR232W,0.2020167112350464
tI(AAU)N2,YNL298W,0.2020167112350464
tI(AAU)N2,YGL099W,0.2020167112350464
tI(AAU)N2,YBL016W,0.2020167112350464
tI(AAU)N2,YAL041W,0.2020167112350464
tI(AAU)N2,YDR085C,0.2020167112350464
tI(AAU)N2,YPL187W,0.2020167112350464
tI(AAU)N2,YPL256C,0.2020167112350464
tI(AAU)N2,YDR461W,0.2020167112350464
tI(AAU)N2,YNL145W,0.2020167112350464
YOR090C,YDL165W,3.803657111500769e-10
YOR090C,YGR059W,0.00014789302076678723
YOR090C,YBR109C,5.488670353770431e-07
YOR090C,YJL080C,1.0990737486782365e-10
YOR090C,YCR093W,0.00441417470574379
YOR090C,YIL122W,2.3912367197453932e-08
YOR090C,YCL029C,2.4630129749972363e-13
YOR090C,YNL173C,5.024011443310883e-06
YOR090C,YLR452C,0.7051429152488708
YOR090C,YDL160C,1.500223500983111e-09
YOR090C,YLR229C,1.7569836927577853e-05
YOR090C,YML057W,3.1670519071852477e-12
YOR090C,YER149C,0.0004802095936611295
YOR090C,YMR305C,7.961141818668693e-05
YOR090C,YLR433C,0.08643947541713715
YOR090C,YJL073W,1.915974323640768e-12
YOR090C,YGR279C,7.815210523176574e-08
YOR090C,YKL190W,4.074393018527189e-06
YOR090C,YGL089C,2.1472908429132076e-07
YOR090C,YJL019W,0.9635385274887085
YOR090C,YJL018W,0.13672804832458496
YOR090C,YNR032C-A,0.0002851637254934758
YOR090C,YGL178W,0.004395751282572746
YOR090C,YKL116C,1.375063122177264e-13
YOR090C,YDL214C,1.0730957455962198e-06
YOR090C,YLR362W,1.5635063732588605e-07
YOR090C,YER068W,1.5553574428395223e-08
YOR090C,YHR084W,1.2182199693455686e-09
YOR090C,YDR392W,0.000333439267706126
YOR090C,YNL053W,0.00011649466614471748
YOR090C,YGR040W,1.251400538748726e-09
YOR090C,YDL216C,2.985054692317135e-08
YOR090C,YOL117W,5.898707633456013e-10
YOR090C,YJR086W,3.8110602673668836e-08
YOR090C,YMR025W,0.12988385558128357
YOR090C,YBR081C,2.9503897167160176e-05
YOR090C,YFL026W,1.2470336178613262e-12
YOR090C,YHL007C,2.443804048013476e-09
YOR090C,YNR044W,0.0003006051992997527
YOR090C,YNL271C,0.026210907846689224
YOR090C,YDR200C,1.6603181052232685e-08
YOR090C,YKL178C,0.2658484876155853
YOR090C,YOR212W,2.2145111265581274e-13
YOR090C,YOL111C,2.120904493696507e-11
YOR090C,YGL032C,2.6291100407860313e-09
YOR090C,YHR005C,7.905763936832955e-07
YOR090C,YDR103W,1.1038722732337192e-05
YOR090C,YJR084W,1.4171559759024177e-11
YOR090C,YCL032W,2.7718318871443933e-15
YOR090C,YJL170C,0.0004087887064088136
YOR090C,YDR179C,7.187730943769566e-08
YOR090C,YBR095C,5.252091028751238e-08
YOR090C,YLL021W,1.1164753843662112e-10
YOR090C,YDL159W,2.1018720245465517e-15
YOR090C,YNL161W,1.6919270151571908e-10
YOR090C,YNL188W,2.991381364836343e-08
YOR090C,YJL157C,8.685448119649664e-05
YOR090C,YJL034W,2.7609382868831744e-07
YOR090C,YLR238W,1.402913479831014e-10
YOR090C,YPR141C,6.871900964933175e-11
YOR090C,YNL127W,0.0033287133555859327
YOR090C,YCL055W,2.6233095695715747e-09
YOR090C,YPR122W,4.024782811029581e-06
YOR090C,YMR065W,3.982576757266543e-08
YOR090C,YDR356W,2.5422412363695912e-05
YOR090C,YMR052W,1.2278580925340066e-06
YOR090C,YFR008W,1.2572134999722095e-10
YOR090C,YLL043W,1.7385852757456632e-08
YOR090C,YMR029C,2.9059319786028937e-06
YOR090C,YJR004C,7.440946774295298e-06
YOR090C,YDL223C,9.788078550801438e-13
YOR090C,YHR158C,8.572213118895888e-06
YOR090C,YGR238C,1.7498566151630257e-08
YOR090C,YIL015W,1.045978706315509e-06
YOR090C,YGL173C,3.76920525013702e-07
YOR090C,YDL225W,7.163034609902752e-10
YOR090C,YLR330W,4.550498942990089e-06
YOR090C,YBR129C,9.737119199826338e-08
YOR090C,YKR095W-A,0.2020167112350464
YOR090C,YPR075C,1.4313936844700947e-06
YOR090C,YMR198W,4.2847475567597826e-10
YOR090C,YOR127W,2.0609226325518648e-08
YOR090C,YDR264C,0.0011337660253047943
YOR090C,YLR110C,0.5581972002983093
YOR090C,YDR379W,8.389621370952227e-07
YOR090C,YDL100C,1.4786961877177873e-08
YOR090C,YHR073W,2.819261499098502e-05
YOR090C,YJR090C,0.0023889406584203243
YOR090C,YOR208W,5.252772439234832e-07
YOR090C,YBR040W,0.020466962829232216
YOR090C,YNL279W,0.004442380275577307
YOR090C,YER075C,2.8585750655452102e-08
YOR090C,YCR089W,4.178529966480937e-09
YOR090C,YCR002C,5.01727583923639e-07
YOR090C,YJL108C,0.15030470490455627
YOR090C,YBR200W,1.9802985206512913e-13
YOR090C,YIL026C,1.801226790121291e-05
YOR090C,YJR076C,1.3285552345754237e-11
YOR090C,YKR031C,6.616360042244196e-05
YOR090C,YPL192C,9.369920661583819e-08
YOR090C,YHR107C,2.0854138186275628e-13
YOR090C,YIL037C,0.00023896100174169987
YOR090C,YPL156C,0.8481049537658691
YOR090C,YIL117C,0.007962522096931934
YOR090C,YHR066W,3.668704305954696e-16
YOR090C,YML085C,3.869334250339307e-05
YOR090C,YML047C,0.0011314944131299853
YOR090C,YDR312W,0.0032412998843938112
YOR090C,YFL037W,3.831559752143221e-06
YOR090C,YDL038C,0.2020167112350464
YOR090C,YDL039C,7.49191247234604e-12
YOR090C,YCL027W,9.525994755676948e-06
YOR090C,YML124C,4.49361945223381e-12
YOR090C,YGL053W,5.5796790547901765e-05
YOR090C,YMR232W,0.6279743313789368
YOR090C,YNL298W,5.430983440746218e-10
YOR090C,YGL099W,3.4444036511871445e-09
YOR090C,YBL016W,3.9922731957631186e-05
YOR090C,YAL041W,0.00019292783690616488
YOR090C,YDR085C,3.005859980476089e-06
YOR090C,YPL187W,1.5540014430825977e-07
YOR090C,YPL256C,1.5430693967597234e-14
YOR090C,YDR461W,7.1293984049702885e-09
YOR090C,YNL145W,0.00021622530766762793
tN(GUU)O1,YDL165W,0.2020167112350464
tN(GUU)O1,YGR059W,0.2020167112350464
tN(GUU)O1,YBR109C,0.2020167112350464
tN(GUU)O1,YJL080C,0.2020167112350464
tN(GUU)O1,YCR093W,0.2020167112350464
tN(GUU)O1,YIL122W,0.2020167112350464
tN(GUU)O1,YCL029C,0.2020167112350464
tN(GUU)O1,YNL173C,0.2020167112350464
tN(GUU)O1,YLR452C,0.2020167112350464
tN(GUU)O1,YDL160C,0.2020167112350464
tN(GUU)O1,YLR229C,0.2020167112350464
tN(GUU)O1,YML057W,0.2020167112350464
tN(GUU)O1,YER149C,0.2020167112350464
tN(GUU)O1,YMR305C,0.2020167112350464
tN(GUU)O1,YLR433C,0.2020167112350464
tN(GUU)O1,YJL073W,0.2020167112350464
tN(GUU)O1,YGR279C,0.2020167112350464
tN(GUU)O1,YKL190W,0.2020167112350464
tN(GUU)O1,YGL089C,0.2020167112350464
tN(GUU)O1,YJL019W,0.2020167112350464
tN(GUU)O1,YJL018W,0.2020167112350464
tN(GUU)O1,YNR032C-A,0.2020167112350464
tN(GUU)O1,YGL178W,0.2020167112350464
tN(GUU)O1,YKL116C,0.2020167112350464
tN(GUU)O1,YDL214C,0.2020167112350464
tN(GUU)O1,YLR362W,0.2020167112350464
tN(GUU)O1,YER068W,0.2020167112350464
tN(GUU)O1,YHR084W,0.2020167112350464
tN(GUU)O1,YDR392W,0.2020167112350464
tN(GUU)O1,YNL053W,0.2020167112350464
tN(GUU)O1,YGR040W,0.2020167112350464
tN(GUU)O1,YDL216C,0.2020167112350464
tN(GUU)O1,YOL117W,0.2020167112350464
tN(GUU)O1,YJR086W,0.2020167112350464
tN(GUU)O1,YMR025W,0.2020167112350464
tN(GUU)O1,YBR081C,0.2020167112350464
tN(GUU)O1,YFL026W,0.2020167112350464
tN(GUU)O1,YHL007C,0.2020167112350464
tN(GUU)O1,YNR044W,0.2020167112350464
tN(GUU)O1,YNL271C,0.2020167112350464
tN(GUU)O1,YDR200C,0.2020167112350464
tN(GUU)O1,YKL178C,0.2020167112350464
tN(GUU)O1,YOR212W,0.2020167112350464
tN(GUU)O1,YOL111C,0.2020167112350464
tN(GUU)O1,YGL032C,0.2020167112350464
tN(GUU)O1,YHR005C,0.2020167112350464
tN(GUU)O1,YDR103W,0.2020167112350464
tN(GUU)O1,YJR084W,0.2020167112350464
tN(GUU)O1,YCL032W,0.2020167112350464
tN(GUU)O1,YJL170C,0.2020167112350464
tN(GUU)O1,YDR179C,0.2020167112350464
tN(GUU)O1,YBR095C,0.2020167112350464
tN(GUU)O1,YLL021W,0.2020167112350464
tN(GUU)O1,YDL159W,0.2020167112350464
tN(GUU)O1,YNL161W,0.2020167112350464
tN(GUU)O1,YNL188W,0.2020167112350464
tN(GUU)O1,YJL157C,0.2020167112350464
tN(GUU)O1,YJL034W,0.2020167112350464
tN(GUU)O1,YLR238W,0.2020167112350464
tN(GUU)O1,YPR141C,0.2020167112350464
tN(GUU)O1,YNL127W,0.2020167112350464
tN(GUU)O1,YCL055W,0.2020167112350464
tN(GUU)O1,YPR122W,0.2020167112350464
tN(GUU)O1,YMR065W,0.2020167112350464
tN(GUU)O1,YDR356W,0.2020167112350464
tN(GUU)O1,YMR052W,0.2020167112350464
tN(GUU)O1,YFR008W,0.2020167112350464
tN(GUU)O1,YLL043W,0.2020167112350464
tN(GUU)O1,YMR029C,0.2020167112350464
tN(GUU)O1,YJR004C,0.2020167112350464
tN(GUU)O1,YDL223C,0.2020167112350464
tN(GUU)O1,YHR158C,0.2020167112350464
tN(GUU)O1,YGR238C,0.2020167112350464
tN(GUU)O1,YIL015W,0.2020167112350464
tN(GUU)O1,YGL173C,0.2020167112350464
tN(GUU)O1,YDL225W,0.2020167112350464
tN(GUU)O1,YLR330W,0.2020167112350464
tN(GUU)O1,YBR129C,0.2020167112350464
tN(GUU)O1,YKR095W-A,0.2020167112350464
tN(GUU)O1,YPR075C,0.2020167112350464
tN(GUU)O1,YMR198W,0.2020167112350464
tN(GUU)O1,YOR127W,0.2020167112350464
tN(GUU)O1,YDR264C,0.2020167112350464
tN(GUU)O1,YLR110C,0.2020167112350464
tN(GUU)O1,YDR379W,0.2020167112350464
tN(GUU)O1,YDL100C,0.2020167112350464
tN(GUU)O1,YHR073W,0.2020167112350464
tN(GUU)O1,YJR090C,0.2020167112350464
tN(GUU)O1,YOR208W,0.2020167112350464
tN(GUU)O1,YBR040W,0.2020167112350464
tN(GUU)O1,YNL279W,0.2020167112350464
tN(GUU)O1,YER075C,0.2020167112350464
tN(GUU)O1,YCR089W,0.2020167112350464
tN(GUU)O1,YCR002C,0.2020167112350464
tN(GUU)O1,YJL108C,0.2020167112350464
tN(GUU)O1,YBR200W,0.2020167112350464
tN(GUU)O1,YIL026C,0.2020167112350464
tN(GUU)O1,YJR076C,0.2020167112350464
tN(GUU)O1,YKR031C,0.2020167112350464
tN(GUU)O1,YPL192C,0.2020167112350464
tN(GUU)O1,YHR107C,0.2020167112350464
tN(GUU)O1,YIL037C,0.2020167112350464
tN(GUU)O1,YPL156C,0.2020167112350464
tN(GUU)O1,YIL117C,0.2020167112350464
tN(GUU)O1,YHR066W,0.2020167112350464
tN(GUU)O1,YML085C,0.2020167112350464
tN(GUU)O1,YML047C,0.2020167112350464
tN(GUU)O1,YDR312W,0.2020167112350464
tN(GUU)O1,YFL037W,0.2020167112350464
tN(GUU)O1,YDL038C,0.2020167112350464
tN(GUU)O1,YDL039C,0.2020167112350464
tN(GUU)O1,YCL027W,0.2020167112350464
tN(GUU)O1,YML124C,0.2020167112350464
tN(GUU)O1,YGL053W,0.2020167112350464
tN(GUU)O1,YMR232W,0.2020167112350464
tN(GUU)O1,YNL298W,0.2020167112350464
tN(GUU)O1,YGL099W,0.2020167112350464
tN(GUU)O1,YBL016W,0.2020167112350464
tN(GUU)O1,YAL041W,0.2020167112350464
tN(GUU)O1,YDR085C,0.2020167112350464
tN(GUU)O1,YPL187W,0.2020167112350464
tN(GUU)O1,YPL256C,0.2020167112350464
tN(GUU)O1,YDR461W,0.2020167112350464
tN(GUU)O1,YNL145W,0.2020167112350464
YDR200C,YDL165W,0.9997261166572571
YDR200C,YGR059W,9.167399184661917e-06
YDR200C,YBR109C,0.991671085357666
YDR200C,YJL080C,0.9991645812988281
YDR200C,YCR093W,0.9991361498832703
YDR200C,YIL122W,0.9981495141983032
YDR200C,YCL029C,0.0035412984434515238
YDR200C,YNL173C,0.9998793601989746
YDR200C,YLR452C,0.9999794960021973
YDR200C,YDL160C,0.999947190284729
YDR200C,YLR229C,0.999996542930603
YDR200C,YML057W,0.205605149269104
YDR200C,YER149C,0.9997736811637878
YDR200C,YMR305C,0.999964714050293
YDR200C,YLR433C,0.9977428913116455
YDR200C,YJL073W,5.572287022914679e-07
YDR200C,YGR279C,0.9983343482017517
YDR200C,YKL190W,0.9972168207168579
YDR200C,YGL089C,0.9998406171798706
YDR200C,YJL019W,0.9997214674949646
YDR200C,YJL018W,0.0005068745231255889
YDR200C,YNR032C-A,0.9957377910614014
YDR200C,YGL178W,0.9988178610801697
YDR200C,YKL116C,1.8188819339570728e-09
YDR200C,YDL214C,0.9997286200523376
YDR200C,YLR362W,0.9955268502235413
YDR200C,YER068W,0.000268896808847785
YDR200C,YHR084W,1.731561667384085e-07
YDR200C,YDR392W,0.9986642599105835
YDR200C,YNL053W,0.9999957084655762
YDR200C,YGR040W,0.985416829586029
YDR200C,YDL216C,0.9992656111717224
YDR200C,YOL117W,0.9990102052688599
YDR200C,YJR086W,0.9995852112770081
YDR200C,YMR025W,0.9919275045394897
YDR200C,YBR081C,0.9906806349754333
YDR200C,YFL026W,0.8547678589820862
YDR200C,YHL007C,0.9009637832641602
YDR200C,YNR044W,0.9933506846427917
YDR200C,YNL271C,0.9998219609260559
YDR200C,YKL178C,0.9989282488822937
YDR200C,YOR212W,0.9996473789215088
YDR200C,YOL111C,1.3181455038591139e-08
YDR200C,YGL032C,1.2049201814079424e-06
YDR200C,YHR005C,0.9994500279426575
YDR200C,YDR103W,0.9931439161300659
YDR200C,YJR084W,0.9993466734886169
YDR200C,YCL032W,0.9999672174453735
YDR200C,YJL170C,0.9969082474708557
YDR200C,YDR179C,5.166154726232719e-10
YDR200C,YBR095C,0.9976243376731873
YDR200C,YLL021W,0.9995274543762207
YDR200C,YDL159W,1.7555980280636874e-10
YDR200C,YNL161W,0.9999918937683105
YDR200C,YNL188W,0.999498724937439
YDR200C,YJL157C,2.5540791739331326e-06
YDR200C,YJL034W,9.890890595443125e-08
YDR200C,YLR238W,0.9996854066848755
YDR200C,YPR141C,0.9968398809432983
YDR200C,YNL127W,0.9998996257781982
YDR200C,YCL055W,1.1738673038053093e-06
YDR200C,YPR122W,0.9937908053398132
YDR200C,YMR065W,0.9963615536689758
YDR200C,YDR356W,0.9986968636512756
YDR200C,YMR052W,0.9993174076080322
YDR200C,YFR008W,0.979468822479248
YDR200C,YLL043W,0.9991112351417542
YDR200C,YMR029C,0.9991205334663391
YDR200C,YJR004C,0.021291928365826607
YDR200C,YDL223C,9.124737077037537e-11
YDR200C,YHR158C,0.9956626296043396
YDR200C,YGR238C,3.571379420463927e-05
YDR200C,YIL015W,0.9997088313102722
YDR200C,YGL173C,0.9998036026954651
YDR200C,YDL225W,0.9977959394454956
YDR200C,YLR330W,2.489677086714437e-08
YDR200C,YBR129C,0.9984845519065857
YDR200C,YKR095W-A,0.2020167112350464
YDR200C,YPR075C,0.9961196184158325
YDR200C,YMR198W,0.9999126195907593
YDR200C,YOR127W,0.9983933568000793
YDR200C,YDR264C,0.9982613921165466
YDR200C,YLR110C,0.9999980926513672
YDR200C,YDR379W,0.9960450530052185
YDR200C,YDL100C,0.9992572665214539
YDR200C,YHR073W,0.9605850577354431
YDR200C,YJR090C,0.9999535083770752
YDR200C,YOR208W,0.9998382329940796
YDR200C,YBR040W,0.9999986886978149
YDR200C,YNL279W,0.9999556541442871
YDR200C,YER075C,0.9992853999137878
YDR200C,YCR089W,8.41394141859464e-12
YDR200C,YCR002C,0.9997087121009827
YDR200C,YJL108C,0.9998795986175537
YDR200C,YBR200W,0.00022732540674041957
YDR200C,YIL026C,0.997349739074707
YDR200C,YJR076C,0.9989295601844788
YDR200C,YKR031C,0.9996868371963501
YDR200C,YPL192C,0.9999096393585205
YDR200C,YHR107C,0.9935424327850342
YDR200C,YIL037C,0.1139298677444458
YDR200C,YPL156C,0.9996991157531738
YDR200C,YIL117C,0.9845200777053833
YDR200C,YHR066W,2.2067614402487834e-09
YDR200C,YML085C,0.9987950325012207
YDR200C,YML047C,0.9980161190032959
YDR200C,YDR312W,0.9999808073043823
YDR200C,YFL037W,0.9999940395355225
YDR200C,YDL038C,0.2020167112350464
YDR200C,YDL039C,7.732068874055642e-10
YDR200C,YCL027W,0.9598562717437744
YDR200C,YML124C,5.408737138168362e-07
YDR200C,YGL053W,0.9999536275863647
YDR200C,YMR232W,0.9957758784294128
YDR200C,YNL298W,0.98270583152771
YDR200C,YGL099W,0.5926935076713562
YDR200C,YBL016W,1.9640908703877358e-06
YDR200C,YAL041W,0.9664224982261658
YDR200C,YDR085C,0.9995434880256653
YDR200C,YPL187W,0.9998890161514282
YDR200C,YPL256C,0.003097706940025091
YDR200C,YDR461W,9.05244348814449e-07
YDR200C,YNL145W,4.983419785276055e-05
YGR109W-A,YDL165W,0.000428503641160205
YGR109W-A,YGR059W,0.003592489752918482
YGR109W-A,YBR109C,0.00016922090435400605
YGR109W-A,YJL080C,0.0027852351777255535
YGR109W-A,YCR093W,0.008351034484803677
YGR109W-A,YIL122W,0.006246739067137241
YGR109W-A,YCL029C,0.00035296985879540443
YGR109W-A,YNL173C,0.008219211362302303
YGR109W-A,YLR452C,0.003243776736781001
YGR109W-A,YDL160C,0.004110395908355713
YGR109W-A,YLR229C,0.012716840021312237
YGR109W-A,YML057W,0.03703576698899269
YGR109W-A,YER149C,0.002805045573040843
YGR109W-A,YMR305C,0.00042194940033368766
YGR109W-A,YLR433C,0.0044438038021326065
YGR109W-A,YJL073W,0.006015838123857975
YGR109W-A,YGR279C,0.005038756877183914
YGR109W-A,YKL190W,0.0034911262337118387
YGR109W-A,YGL089C,4.140886085224338e-05
YGR109W-A,YJL019W,0.0001372921688016504
YGR109W-A,YJL018W,0.2020167112350464
YGR109W-A,YNR032C-A,0.0050134300254285336
YGR109W-A,YGL178W,0.07630658149719238
YGR109W-A,YKL116C,0.0027899553533643484
YGR109W-A,YDL214C,0.003436614293605089
YGR109W-A,YLR362W,0.0028226810973137617
YGR109W-A,YER068W,0.0013144278200343251
YGR109W-A,YHR084W,4.1579886556064594e-07
YGR109W-A,YDR392W,0.00017708470113575459
YGR109W-A,YNL053W,0.006102167069911957
YGR109W-A,YGR040W,0.0038977209478616714
YGR109W-A,YDL216C,0.0033267238177359104
YGR109W-A,YOL117W,0.001086549717001617
YGR109W-A,YJR086W,0.0013686729362234473
YGR109W-A,YMR025W,0.0013652730267494917
YGR109W-A,YBR081C,0.006597158499062061
YGR109W-A,YFL026W,0.008384741842746735
YGR109W-A,YHL007C,0.003810727037489414
YGR109W-A,YNR044W,0.005458353087306023
YGR109W-A,YNL271C,0.002972858026623726
YGR109W-A,YDR200C,0.002183800796046853
YGR109W-A,YKL178C,0.0017090701730921865
YGR109W-A,YOR212W,0.012879155576229095
YGR109W-A,YOL111C,0.004716853611171246
YGR109W-A,YGL032C,0.0013690829509869218
YGR109W-A,YHR005C,0.018202675506472588
YGR109W-A,YDR103W,0.01069575548171997
YGR109W-A,YJR084W,0.0016279411502182484
YGR109W-A,YCL032W,0.0024932767264544964
YGR109W-A,YJL170C,0.004665330518037081
YGR109W-A,YDR179C,0.0013669683830812573
YGR109W-A,YBR095C,0.009429561905562878
YGR109W-A,YLL021W,0.01404491439461708
YGR109W-A,YDL159W,0.0011685570934787393
YGR109W-A,YNL161W,0.0007907433318905532
YGR109W-A,YNL188W,0.003536276053637266
YGR109W-A,YJL157C,0.00876509491354227
YGR109W-A,YJL034W,0.0006361208506859839
YGR109W-A,YLR238W,0.0008977892575785518
YGR109W-A,YPR141C,0.0021203223150223494
YGR109W-A,YNL127W,0.0025605165865272284
YGR109W-A,YCL055W,0.0023570703342556953
YGR109W-A,YPR122W,0.0054193404503166676
YGR109W-A,YMR065W,0.0013343659229576588
YGR109W-A,YDR356W,0.002934780204668641
YGR109W-A,YMR052W,0.008508957922458649
YGR109W-A,YFR008W,0.009205902926623821
YGR109W-A,YLL043W,0.002429615706205368
YGR109W-A,YMR029C,0.0026636552065610886
YGR109W-A,YJR004C,0.0009718979126773775
YGR109W-A,YDL223C,0.01586325466632843
YGR109W-A,YHR158C,0.004314804915338755
YGR109W-A,YGR238C,0.0033663371577858925
YGR109W-A,YIL015W,0.011399536393582821
YGR109W-A,YGL173C,0.00387772754766047
YGR109W-A,YDL225W,0.00011806558177340776
YGR109W-A,YLR330W,0.00047278933925554156
YGR109W-A,YBR129C,0.0032094884663820267
YGR109W-A,YKR095W-A,0.2020167112350464
YGR109W-A,YPR075C,0.0007438906468451023
YGR109W-A,YMR198W,0.0022326207254081964
YGR109W-A,YOR127W,0.002558496780693531
YGR109W-A,YDR264C,0.007357546593993902
YGR109W-A,YLR110C,0.00030084402533248067
YGR109W-A,YDR379W,0.003783539170399308
YGR109W-A,YDL100C,0.0051035210490226746
YGR109W-A,YHR073W,0.0013617960503324866
YGR109W-A,YJR090C,0.003870357759296894
YGR109W-A,YOR208W,0.0017063957639038563
YGR109W-A,YBR040W,0.0024806149303913116
YGR109W-A,YNL279W,0.009242688305675983
YGR109W-A,YER075C,0.0006140925688669086
YGR109W-A,YCR089W,0.006000731140375137
YGR109W-A,YCR002C,0.0006913836696185172
YGR109W-A,YJL108C,0.0006061040330678225
YGR109W-A,YBR200W,0.006649866700172424
YGR109W-A,YIL026C,0.0022185789421200752
YGR109W-A,YJR076C,0.005066923797130585
YGR109W-A,YKR031C,0.0006188269471749663
YGR109W-A,YPL192C,0.01017142366617918
YGR109W-A,YHR107C,0.005035344045609236
YGR109W-A,YIL037C,0.003319347044453025
YGR109W-A,YPL156C,0.0037315464578568935
YGR109W-A,YIL117C,0.0005623040487989783
YGR109W-A,YHR066W,0.00020087197481188923
YGR109W-A,YML085C,0.013183359056711197
YGR109W-A,YML047C,0.0024537118151783943
YGR109W-A,YDR312W,0.0012013327796012163
YGR109W-A,YFL037W,0.005551991518586874
YGR109W-A,YDL038C,0.2020167112350464
YGR109W-A,YDL039C,0.006264687515795231
YGR109W-A,YCL027W,0.0027439999394118786
YGR109W-A,YML124C,0.004747459199279547
YGR109W-A,YGL053W,0.005177978426218033
YGR109W-A,YMR232W,0.006243217270821333
YGR109W-A,YNL298W,0.0030420811381191015
YGR109W-A,YGL099W,0.004357596393674612
YGR109W-A,YBL016W,0.004036973230540752
YGR109W-A,YAL041W,0.0066007464192807674
YGR109W-A,YDR085C,0.007605343591421843
YGR109W-A,YPL187W,0.00047447398537769914
YGR109W-A,YPL256C,0.0017457760404795408
YGR109W-A,YDR461W,0.0007067864062264562
YGR109W-A,YNL145W,0.0038928843569010496
YDR373W,YDL165W,2.8073166014053186e-10
YDR373W,YGR059W,1.0618740045251207e-12
YDR373W,YBR109C,1.6852509361342527e-06
YDR373W,YJL080C,3.4175517971135605e-10
YDR373W,YCR093W,6.872068070151727e-08
YDR373W,YIL122W,8.686453778494752e-10
YDR373W,YCL029C,0.1739431917667389
YDR373W,YNL173C,2.0320758151257806e-13
YDR373W,YLR452C,1.781742975381917e-09
YDR373W,YDL160C,0.009054656140506268
YDR373W,YLR229C,0.00044418658944778144
YDR373W,YML057W,1.1014781968465837e-11
YDR373W,YER149C,7.122944793991337e-07
YDR373W,YMR305C,1.2174186103663942e-09
YDR373W,YLR433C,1.292410729547555e-06
YDR373W,YJL073W,3.801263193103921e-10
YDR373W,YGR279C,1.0777171516318518e-10
YDR373W,YKL190W,0.004954678937792778
YDR373W,YGL089C,0.004373092204332352
YDR373W,YJL019W,9.754648477855454e-12
YDR373W,YJL018W,0.0007619242533110082
YDR373W,YNR032C-A,5.270351539365947e-05
YDR373W,YGL178W,3.655782521150286e-08
YDR373W,YKL116C,2.908437934934227e-10
YDR373W,YDL214C,1.3557998279623007e-08
YDR373W,YLR362W,1.7983109169535452e-14
YDR373W,YER068W,0.00010040427150670439
YDR373W,YHR084W,7.187676231978912e-08
YDR373W,YDR392W,0.20280925929546356
YDR373W,YNL053W,0.005918877199292183
YDR373W,YGR040W,3.4546180813777028e-06
YDR373W,YDL216C,0.012890417128801346
YDR373W,YOL117W,7.092744908732129e-06
YDR373W,YJR086W,1.6000720748365893e-08
YDR373W,YMR025W,7.794005068717524e-05
YDR373W,YBR081C,6.43832891000784e-07
YDR373W,YFL026W,3.050602259691004e-08
YDR373W,YHL007C,0.8531708717346191
YDR373W,YNR044W,1.4766216678216426e-12
YDR373W,YNL271C,3.5783678797862706e-10
YDR373W,YDR200C,0.006352000404149294
YDR373W,YKL178C,1.1005327905877493e-05
YDR373W,YOR212W,3.5130531614413485e-05
YDR373W,YOL111C,2.865023183228973e-18
YDR373W,YGL032C,4.538212579063838e-06
YDR373W,YHR005C,0.0011443011462688446
YDR373W,YDR103W,4.865726310754326e-08
YDR373W,YJR084W,1.5800550867695051e-09
YDR373W,YCL032W,7.965470285853371e-05
YDR373W,YJL170C,0.05065959319472313
YDR373W,YDR179C,6.268347351578996e-05
YDR373W,YBR095C,2.145559285793297e-09
YDR373W,YLL021W,1.4903952516576169e-09
YDR373W,YDL159W,1.888453282639091e-10
YDR373W,YNL161W,1.4829131032456644e-05
YDR373W,YNL188W,3.476848670080912e-11
YDR373W,YJL157C,9.863700967116529e-09
YDR373W,YJL034W,3.901933572254823e-13
YDR373W,YLR238W,1.6793822734360864e-13
YDR373W,YPR141C,1.5691767885073205e-07
YDR373W,YNL127W,8.061755215749145e-05
YDR373W,YCL055W,8.458457267934705e-10
YDR373W,YPR122W,2.1481710064108483e-05
YDR373W,YMR065W,2.5418678717414878e-08
YDR373W,YDR356W,1.0805631563137741e-11
YDR373W,YMR052W,1.2259102177836212e-08
YDR373W,YFR008W,0.07573497295379639
YDR373W,YLL043W,0.0003453535900916904
YDR373W,YMR029C,7.334716167761712e-11
YDR373W,YJR004C,2.1379608966445168e-13
YDR373W,YDL223C,6.130999702167589e-16
YDR373W,YHR158C,8.803199591511657e-08
YDR373W,YGR238C,9.64376241086029e-08
YDR373W,YIL015W,0.009647105820477009
YDR373W,YGL173C,9.818684754137053e-10
YDR373W,YDL225W,5.57485446694983e-10
YDR373W,YLR330W,1.9768024023258945e-11
YDR373W,YBR129C,3.9826002762310964e-07
YDR373W,YKR095W-A,0.2020167112350464
YDR373W,YPR075C,1.5119940144359134e-07
YDR373W,YMR198W,3.0220857297535986e-05
YDR373W,YOR127W,1.6381095369055743e-09
YDR373W,YDR264C,3.8312122571659835e-12
YDR373W,YLR110C,6.4835983804023556e-12
YDR373W,YDR379W,0.0014145890017971396
YDR373W,YDL100C,2.4865245418226323e-09
YDR373W,YHR073W,2.008180466361864e-08
YDR373W,YJR090C,1.4209725804903428e-06
YDR373W,YOR208W,3.603657150463846e-09
YDR373W,YBR040W,1.9496009251440682e-09
YDR373W,YNL279W,4.045911555294879e-05
YDR373W,YER075C,0.01597096584737301
YDR373W,YCR089W,3.207337684330014e-08
YDR373W,YCR002C,1.5245976410591805e-14
YDR373W,YJL108C,1.3663049685419537e-05
YDR373W,YBR200W,8.081629115919142e-12
YDR373W,YIL026C,1.08356982764235e-06
YDR373W,YJR076C,5.63724448252121e-14
YDR373W,YKR031C,3.4623262035182734e-09
YDR373W,YPL192C,3.6967817322874907e-06
YDR373W,YHR107C,2.293567029007515e-12
YDR373W,YIL037C,4.690471541834995e-06
YDR373W,YPL156C,3.905837459017292e-12
YDR373W,YIL117C,5.896890181017467e-12
YDR373W,YHR066W,9.543855983284999e-11
YDR373W,YML085C,1.5831891461877412e-13
YDR373W,YML047C,0.03928155452013016
YDR373W,YDR312W,2.3363552372757113e-06
YDR373W,YFL037W,2.622137784680234e-10
YDR373W,YDL038C,0.2020167112350464
YDR373W,YDL039C,1.388370129973282e-08
YDR373W,YCL027W,0.0007994594052433968
YDR373W,YML124C,3.8229757137742126e-07
YDR373W,YGL053W,5.519858792268906e-09
YDR373W,YMR232W,1.050229858634566e-08
YDR373W,YNL298W,1.2909314052846413e-14
YDR373W,YGL099W,3.6767533462267465e-12
YDR373W,YBL016W,6.546414078911766e-05
YDR373W,YAL041W,3.34721028671936e-09
YDR373W,YDR085C,1.0018634359620915e-11
YDR373W,YPL187W,0.001576844835653901
YDR373W,YPL256C,7.363107579294592e-05
YDR373W,YDR461W,2.5091709176194854e-05
YDR373W,YNL145W,1.1129640142826247e-06
tS(AGA)B,YDL165W,8.328705916937906e-06
tS(AGA)B,YGR059W,8.666747319807655e-09
tS(AGA)B,YBR109C,9.402610601227934e-08
tS(AGA)B,YJL080C,0.07132677733898163
tS(AGA)B,YCR093W,0.0052893985994160175
tS(AGA)B,YIL122W,2.2833810362499207e-05
tS(AGA)B,YCL029C,1.4892110812070314e-05
tS(AGA)B,YNL173C,6.555749678227585e-06
tS(AGA)B,YLR452C,3.9362084862659685e-06
tS(AGA)B,YDL160C,0.00039010040927678347
tS(AGA)B,YLR229C,1.3769067663815804e-07
tS(AGA)B,YML057W,0.04242638126015663
tS(AGA)B,YER149C,7.663442147531896e-07
tS(AGA)B,YMR305C,1.3410892734100344e-06
tS(AGA)B,YLR433C,0.0007092410232871771
tS(AGA)B,YJL073W,0.7365668416023254
tS(AGA)B,YGR279C,0.002759397029876709
tS(AGA)B,YKL190W,2.770845810573519e-07
tS(AGA)B,YGL089C,6.069443315936951e-06
tS(AGA)B,YJL019W,6.349807790684281e-07
tS(AGA)B,YJL018W,0.2020167112350464
tS(AGA)B,YNR032C-A,1.0026070640378748e-07
tS(AGA)B,YGL178W,0.02647550217807293
tS(AGA)B,YKL116C,0.3514442443847656
tS(AGA)B,YDL214C,0.00024750694865360856
tS(AGA)B,YLR362W,9.240312465408351e-06
tS(AGA)B,YER068W,1.4687476550534484e-06
tS(AGA)B,YHR084W,1.1943156152938172e-07
tS(AGA)B,YDR392W,2.44388502324e-07
tS(AGA)B,YNL053W,1.268891901418101e-05
tS(AGA)B,YGR040W,0.0014581589493900537
tS(AGA)B,YDL216C,1.0043914926427533e-06
tS(AGA)B,YOL117W,0.00017052706971298903
tS(AGA)B,YJR086W,3.858187938021729e-07
tS(AGA)B,YMR025W,0.00013704692537430674
tS(AGA)B,YBR081C,7.303288498405891e-07
tS(AGA)B,YFL026W,0.0001262886362383142
tS(AGA)B,YHL007C,8.753596193855628e-05
tS(AGA)B,YNR044W,1.4114875739323907e-05
tS(AGA)B,YNL271C,9.264543768949807e-05
tS(AGA)B,YDR200C,1.0584457186268992e-06
tS(AGA)B,YKL178C,0.00015036352851893753
tS(AGA)B,YOR212W,0.00042723966180346906
tS(AGA)B,YOL111C,0.023062793537974358
tS(AGA)B,YGL032C,1.1555987384781474e-06
tS(AGA)B,YHR005C,7.617321898578666e-06
tS(AGA)B,YDR103W,2.422904799459502e-06
tS(AGA)B,YJR084W,0.04514966905117035
tS(AGA)B,YCL032W,4.677606284531066e-06
tS(AGA)B,YJL170C,0.00017288794333580881
tS(AGA)B,YDR179C,4.067177030719904e-07
tS(AGA)B,YBR095C,8.38073788145266e-07
tS(AGA)B,YLL021W,2.6680691007641144e-05
tS(AGA)B,YDL159W,9.213352427650534e-07
tS(AGA)B,YNL161W,7.524311513407156e-05
tS(AGA)B,YNL188W,3.538478631526232e-05
tS(AGA)B,YJL157C,0.0005488434690050781
tS(AGA)B,YJL034W,8.27010881039314e-05
tS(AGA)B,YLR238W,0.00048133579548448324
tS(AGA)B,YPR141C,0.0002515450760256499
tS(AGA)B,YNL127W,0.030308565124869347
tS(AGA)B,YCL055W,3.360799638585377e-08
tS(AGA)B,YPR122W,1.3466219570545945e-06
tS(AGA)B,YMR065W,1.8020258721662685e-05
tS(AGA)B,YDR356W,2.061605499648067e-07
tS(AGA)B,YMR052W,1.1869812624354381e-05
tS(AGA)B,YFR008W,0.000564564426895231
tS(AGA)B,YLL043W,0.0005002717371098697
tS(AGA)B,YMR029C,1.9924539174098754e-06
tS(AGA)B,YJR004C,2.710376293180161e-06
tS(AGA)B,YDL223C,8.508743485435843e-05
tS(AGA)B,YHR158C,0.00042320441571064293
tS(AGA)B,YGR238C,0.0038542321417480707
tS(AGA)B,YIL015W,1.4612136500780082e-10
tS(AGA)B,YGL173C,0.3173339068889618
tS(AGA)B,YDL225W,7.570150728497538e-09
tS(AGA)B,YLR330W,4.802966032002587e-06
tS(AGA)B,YBR129C,1.6115627659019083e-06
tS(AGA)B,YKR095W-A,0.2020167112350464
tS(AGA)B,YPR075C,0.0008510950137861073
tS(AGA)B,YMR198W,0.000561109627597034
tS(AGA)B,YOR127W,2.826446916515124e-06
tS(AGA)B,YDR264C,1.939106823556358e-06
tS(AGA)B,YLR110C,7.993175898945992e-08
tS(AGA)B,YDR379W,0.0001928333076648414
tS(AGA)B,YDL100C,0.0018987356452271342
tS(AGA)B,YHR073W,1.3704748198506422e-06
tS(AGA)B,YJR090C,1.496433839065503e-07
tS(AGA)B,YOR208W,0.0012335641076788306
tS(AGA)B,YBR040W,1.440482293446621e-07
tS(AGA)B,YNL279W,1.4228454347176012e-05
tS(AGA)B,YER075C,5.273949454931426e-07
tS(AGA)B,YCR089W,4.859535920331837e-07
tS(AGA)B,YCR002C,6.623413373318954e-09
tS(AGA)B,YJL108C,0.00013065911480225623
tS(AGA)B,YBR200W,9.321514517068863e-05
tS(AGA)B,YIL026C,0.00016080366913229227
tS(AGA)B,YJR076C,3.138413012493402e-05
tS(AGA)B,YKR031C,4.9173671868629754e-05
tS(AGA)B,YPL192C,0.0012791631743311882
tS(AGA)B,YHR107C,0.00031132056028582156
tS(AGA)B,YIL037C,0.00016334456449840218
tS(AGA)B,YPL156C,9.294861229136586e-06
tS(AGA)B,YIL117C,0.0033533512614667416
tS(AGA)B,YHR066W,2.7150736769954165e-08
tS(AGA)B,YML085C,4.8486137529835105e-05
tS(AGA)B,YML047C,8.972947398433462e-07
tS(AGA)B,YDR312W,3.3747111771731397e-09
tS(AGA)B,YFL037W,0.0014470925088971853
tS(AGA)B,YDL038C,0.2020167112350464
tS(AGA)B,YDL039C,2.227125150966458e-05
tS(AGA)B,YCL027W,0.00037371134385466576
tS(AGA)B,YML124C,0.4392065405845642
tS(AGA)B,YGL053W,5.621337186312303e-05
tS(AGA)B,YMR232W,4.255743988323957e-05
tS(AGA)B,YNL298W,2.739561355546982e-10
tS(AGA)B,YGL099W,2.3533229409622436e-07
tS(AGA)B,YBL016W,0.0003902064054273069
tS(AGA)B,YAL041W,1.3110799557125574e-07
tS(AGA)B,YDR085C,1.8381435438641347e-05
tS(AGA)B,YPL187W,0.00013112604210618883
tS(AGA)B,YPL256C,0.00016494965530000627
tS(AGA)B,YDR461W,1.3340743976186786e-07
tS(AGA)B,YNL145W,9.039977157954127e-06
tT(AGU)I1,YDL165W,0.2020167112350464
tT(AGU)I1,YGR059W,0.2020167112350464
tT(AGU)I1,YBR109C,0.2020167112350464
tT(AGU)I1,YJL080C,0.2020167112350464
tT(AGU)I1,YCR093W,0.2020167112350464
tT(AGU)I1,YIL122W,0.2020167112350464
tT(AGU)I1,YCL029C,0.2020167112350464
tT(AGU)I1,YNL173C,0.2020167112350464
tT(AGU)I1,YLR452C,0.2020167112350464
tT(AGU)I1,YDL160C,0.2020167112350464
tT(AGU)I1,YLR229C,0.2020167112350464
tT(AGU)I1,YML057W,0.2020167112350464
tT(AGU)I1,YER149C,0.2020167112350464
tT(AGU)I1,YMR305C,0.2020167112350464
tT(AGU)I1,YLR433C,0.2020167112350464
tT(AGU)I1,YJL073W,0.2020167112350464
tT(AGU)I1,YGR279C,0.2020167112350464
tT(AGU)I1,YKL190W,0.2020167112350464
tT(AGU)I1,YGL089C,0.2020167112350464
tT(AGU)I1,YJL019W,0.2020167112350464
tT(AGU)I1,YJL018W,0.2020167112350464
tT(AGU)I1,YNR032C-A,0.2020167112350464
tT(AGU)I1,YGL178W,0.2020167112350464
tT(AGU)I1,YKL116C,0.2020167112350464
tT(AGU)I1,YDL214C,0.2020167112350464
tT(AGU)I1,YLR362W,0.2020167112350464
tT(AGU)I1,YER068W,0.2020167112350464
tT(AGU)I1,YHR084W,0.2020167112350464
tT(AGU)I1,YDR392W,0.2020167112350464
tT(AGU)I1,YNL053W,0.2020167112350464
tT(AGU)I1,YGR040W,0.2020167112350464
tT(AGU)I1,YDL216C,0.2020167112350464
tT(AGU)I1,YOL117W,0.2020167112350464
tT(AGU)I1,YJR086W,0.2020167112350464
tT(AGU)I1,YMR025W,0.2020167112350464
tT(AGU)I1,YBR081C,0.2020167112350464
tT(AGU)I1,YFL026W,0.2020167112350464
tT(AGU)I1,YHL007C,0.2020167112350464
tT(AGU)I1,YNR044W,0.2020167112350464
tT(AGU)I1,YNL271C,0.2020167112350464
tT(AGU)I1,YDR200C,0.2020167112350464
tT(AGU)I1,YKL178C,0.2020167112350464
tT(AGU)I1,YOR212W,0.2020167112350464
tT(AGU)I1,YOL111C,0.2020167112350464
tT(AGU)I1,YGL032C,0.2020167112350464
tT(AGU)I1,YHR005C,0.2020167112350464
tT(AGU)I1,YDR103W,0.2020167112350464
tT(AGU)I1,YJR084W,0.2020167112350464
tT(AGU)I1,YCL032W,0.2020167112350464
tT(AGU)I1,YJL170C,0.2020167112350464
tT(AGU)I1,YDR179C,0.2020167112350464
tT(AGU)I1,YBR095C,0.2020167112350464
tT(AGU)I1,YLL021W,0.2020167112350464
tT(AGU)I1,YDL159W,0.2020167112350464
tT(AGU)I1,YNL161W,0.2020167112350464
tT(AGU)I1,YNL188W,0.2020167112350464
tT(AGU)I1,YJL157C,0.2020167112350464
tT(AGU)I1,YJL034W,0.2020167112350464
tT(AGU)I1,YLR238W,0.2020167112350464
tT(AGU)I1,YPR141C,0.2020167112350464
tT(AGU)I1,YNL127W,0.2020167112350464
tT(AGU)I1,YCL055W,0.2020167112350464
tT(AGU)I1,YPR122W,0.2020167112350464
tT(AGU)I1,YMR065W,0.2020167112350464
tT(AGU)I1,YDR356W,0.2020167112350464
tT(AGU)I1,YMR052W,0.2020167112350464
tT(AGU)I1,YFR008W,0.2020167112350464
tT(AGU)I1,YLL043W,0.2020167112350464
tT(AGU)I1,YMR029C,0.2020167112350464
tT(AGU)I1,YJR004C,0.2020167112350464
tT(AGU)I1,YDL223C,0.2020167112350464
tT(AGU)I1,YHR158C,0.2020167112350464
tT(AGU)I1,YGR238C,0.2020167112350464
tT(AGU)I1,YIL015W,0.2020167112350464
tT(AGU)I1,YGL173C,0.2020167112350464
tT(AGU)I1,YDL225W,0.2020167112350464
tT(AGU)I1,YLR330W,0.2020167112350464
tT(AGU)I1,YBR129C,0.2020167112350464
tT(AGU)I1,YKR095W-A,0.2020167112350464
tT(AGU)I1,YPR075C,0.2020167112350464
tT(AGU)I1,YMR198W,0.2020167112350464
tT(AGU)I1,YOR127W,0.2020167112350464
tT(AGU)I1,YDR264C,0.2020167112350464
tT(AGU)I1,YLR110C,0.2020167112350464
tT(AGU)I1,YDR379W,0.2020167112350464
tT(AGU)I1,YDL100C,0.2020167112350464
tT(AGU)I1,YHR073W,0.2020167112350464
tT(AGU)I1,YJR090C,0.2020167112350464
tT(AGU)I1,YOR208W,0.2020167112350464
tT(AGU)I1,YBR040W,0.2020167112350464
tT(AGU)I1,YNL279W,0.2020167112350464
tT(AGU)I1,YER075C,0.2020167112350464
tT(AGU)I1,YCR089W,0.2020167112350464
tT(AGU)I1,YCR002C,0.2020167112350464
tT(AGU)I1,YJL108C,0.2020167112350464
tT(AGU)I1,YBR200W,0.2020167112350464
tT(AGU)I1,YIL026C,0.2020167112350464
tT(AGU)I1,YJR076C,0.2020167112350464
tT(AGU)I1,YKR031C,0.2020167112350464
tT(AGU)I1,YPL192C,0.2020167112350464
tT(AGU)I1,YHR107C,0.2020167112350464
tT(AGU)I1,YIL037C,0.2020167112350464
tT(AGU)I1,YPL156C,0.2020167112350464
tT(AGU)I1,YIL117C,0.2020167112350464
tT(AGU)I1,YHR066W,0.2020167112350464
tT(AGU)I1,YML085C,0.2020167112350464
tT(AGU)I1,YML047C,0.2020167112350464
tT(AGU)I1,YDR312W,0.2020167112350464
tT(AGU)I1,YFL037W,0.2020167112350464
tT(AGU)I1,YDL038C,0.2020167112350464
tT(AGU)I1,YDL039C,0.2020167112350464
tT(AGU)I1,YCL027W,0.2020167112350464
tT(AGU)I1,YML124C,0.2020167112350464
tT(AGU)I1,YGL053W,0.2020167112350464
tT(AGU)I1,YMR232W,0.2020167112350464
tT(AGU)I1,YNL298W,0.2020167112350464
tT(AGU)I1,YGL099W,0.2020167112350464
tT(AGU)I1,YBL016W,0.2020167112350464
tT(AGU)I1,YAL041W,0.2020167112350464
tT(AGU)I1,YDR085C,0.2020167112350464
tT(AGU)I1,YPL187W,0.2020167112350464
tT(AGU)I1,YPL256C,0.2020167112350464
tT(AGU)I1,YDR461W,0.2020167112350464
tT(AGU)I1,YNL145W,0.2020167112350464
YDL075W,YDL165W,5.820618986795978e-10
YDL075W,YGR059W,3.011424212218117e-07
YDL075W,YBR109C,0.020479785278439522
YDL075W,YJL080C,0.00032315816497430205
YDL075W,YCR093W,2.7559682536093533e-08
YDL075W,YIL122W,0.04778693616390228
YDL075W,YCL029C,4.053050619732754e-14
YDL075W,YNL173C,0.0019651814363896847
YDL075W,YLR452C,1.8381644947482179e-13
YDL075W,YDL160C,1.4154257765852662e-09
YDL075W,YLR229C,6.1200285017548595e-06
YDL075W,YML057W,2.584203163957799e-11
YDL075W,YER149C,0.001388703822158277
YDL075W,YMR305C,1.137121063976565e-08
YDL075W,YLR433C,9.99780880306389e-08
YDL075W,YJL073W,1.5248429185987789e-09
YDL075W,YGR279C,4.552224709186703e-05
YDL075W,YKL190W,8.023270242629721e-11
YDL075W,YGL089C,1.379112796184856e-10
YDL075W,YJL019W,4.2310596757959285e-13
YDL075W,YJL018W,0.00016139476792886853
YDL075W,YNR032C-A,1.7556154716658057e-06
YDL075W,YGL178W,1.1677007842172728e-23
YDL075W,YKL116C,8.545082689228215e-21
YDL075W,YDL214C,1.7129577270513785e-11
YDL075W,YLR362W,5.161151506172246e-10
YDL075W,YER068W,0.024784304201602936
YDL075W,YHR084W,1.8291917900346583e-15
YDL075W,YDR392W,0.20602889358997345
YDL075W,YNL053W,7.866303501592384e-14
YDL075W,YGR040W,5.0664208828266055e-08
YDL075W,YDL216C,4.173069875768043e-11
YDL075W,YOL117W,1.438000651714233e-13
YDL075W,YJR086W,6.834005762357265e-05
YDL075W,YMR025W,0.023300690576434135
YDL075W,YBR081C,3.7609421132955845e-10
YDL075W,YFL026W,3.183905619152938e-07
YDL075W,YHL007C,6.4329803706186794e-09
YDL075W,YNR044W,1.5289733923395943e-08
YDL075W,YNL271C,2.6728128885774183e-15
YDL075W,YDR200C,0.879350483417511
YDL075W,YKL178C,1.555064500280423e-06
YDL075W,YOR212W,1.3249307250287612e-12
YDL075W,YOL111C,1.9627976002335734e-13
YDL075W,YGL032C,2.2575242837774567e-05
YDL075W,YHR005C,0.0003722890105564147
YDL075W,YDR103W,2.8515257781691616e-06
YDL075W,YJR084W,1.1124387522265522e-10
YDL075W,YCL032W,1.675058876327018e-11
YDL075W,YJL170C,0.9983420372009277
YDL075W,YDR179C,4.71250697732311e-16
YDL075W,YBR095C,2.6128544661219166e-08
YDL075W,YLL021W,1.3825924996893613e-13
YDL075W,YDL159W,1.87800885953493e-09
YDL075W,YNL161W,4.842099770030472e-07
YDL075W,YNL188W,9.045429960607976e-10
YDL075W,YJL157C,6.467461115267081e-14
YDL075W,YJL034W,1.6013756076391217e-12
YDL075W,YLR238W,2.0553041490956048e-09
YDL075W,YPR141C,1.4339099950339278e-15
YDL075W,YNL127W,7.143567421624697e-13
YDL075W,YCL055W,9.470406053242885e-17
YDL075W,YPR122W,1.9617658836068586e-05
YDL075W,YMR065W,3.2675268357706955e-07
YDL075W,YDR356W,5.862954211011129e-08
YDL075W,YMR052W,0.00031878240406513214
YDL075W,YFR008W,3.3309424662952836e-10
YDL075W,YLL043W,2.526577418393572e-07
YDL075W,YMR029C,1.1502247908339513e-15
YDL075W,YJR004C,8.405575044889702e-07
YDL075W,YDL223C,4.9016538144511575e-23
YDL075W,YHR158C,3.658900382674801e-08
YDL075W,YGR238C,1.859093389796605e-18
YDL075W,YIL015W,0.013694552704691887
YDL075W,YGL173C,3.522789837617779e-10
YDL075W,YDL225W,1.450565800809045e-08
YDL075W,YLR330W,1.4110299300512663e-12
YDL075W,YBR129C,1.752174938474127e-07
YDL075W,YKR095W-A,0.2020167112350464
YDL075W,YPR075C,9.533294292873862e-13
YDL075W,YMR198W,2.6638923610934097e-14
YDL075W,YOR127W,2.0202866580999648e-15
YDL075W,YDR264C,7.679885949461816e-15
YDL075W,YLR110C,1.3762235708675297e-12
YDL075W,YDR379W,0.0004505302640609443
YDL075W,YDL100C,5.2824331714385053e-11
YDL075W,YHR073W,4.545407605860419e-09
YDL075W,YJR090C,1.2113873708585743e-06
YDL075W,YOR208W,1.9169320353285002e-08
YDL075W,YBR040W,0.0015246063703671098
YDL075W,YNL279W,6.019625076181256e-11
YDL075W,YER075C,1.0807265198309324e-06
YDL075W,YCR089W,4.307052936525224e-09
YDL075W,YCR002C,8.05296513135545e-05
YDL075W,YJL108C,0.1345597356557846
YDL075W,YBR200W,3.6126432401140107e-10
YDL075W,YIL026C,3.892461643262811e-14
YDL075W,YJR076C,6.726857293415378e-09
YDL075W,YKR031C,4.539630538147321e-08
YDL075W,YPL192C,1.8927680756064547e-08
YDL075W,YHR107C,6.294268217743593e-08
YDL075W,YIL037C,1.6044887729549373e-07
YDL075W,YPL156C,0.0016042275819927454
YDL075W,YIL117C,1.1422998231936257e-18
YDL075W,YHR066W,2.442396729307461e-09
YDL075W,YML085C,9.475958971630122e-27
YDL075W,YML047C,0.0013153764884918928
YDL075W,YDR312W,5.11241569911558e-11
YDL075W,YFL037W,3.6349563359294734e-09
YDL075W,YDL038C,0.2020167112350464
YDL075W,YDL039C,6.383114823753095e-16
YDL075W,YCL027W,2.007625633120881e-15
YDL075W,YML124C,3.082827270618898e-22
YDL075W,YGL053W,7.395365253138491e-17
YDL075W,YMR232W,0.0026871878653764725
YDL075W,YNL298W,1.149479698301899e-14
YDL075W,YGL099W,1.959143200990609e-17
YDL075W,YBL016W,1.457612242711237e-13
YDL075W,YAL041W,7.3622929974703766e-09
YDL075W,YDR085C,6.420877980417572e-07
YDL075W,YPL187W,1.2204113275515738e-08
YDL075W,YPL256C,1.6765737882451504e-06
YDL075W,YDR461W,2.5124357762234075e-16
YDL075W,YNL145W,5.236511779749264e-10
YMR052W,YDL165W,0.9999833106994629
YMR052W,YGR059W,2.7019268600270152e-05
YMR052W,YBR109C,0.9977770447731018
YMR052W,YJL080C,0.9958190321922302
YMR052W,YCR093W,0.9874305725097656
YMR052W,YIL122W,0.9991036057472229
YMR052W,YCL029C,1.696925759631096e-11
YMR052W,YNL173C,0.9995632767677307
YMR052W,YLR452C,0.999758780002594
YMR052W,YDL160C,0.9999440908432007
YMR052W,YLR229C,0.999700665473938
YMR052W,YML057W,0.02507682330906391
YMR052W,YER149C,0.9994903802871704
YMR052W,YMR305C,0.9999752044677734
YMR052W,YLR433C,0.9999817609786987
YMR052W,YJL073W,1.8347435570831294e-08
YMR052W,YGR279C,0.9999954700469971
YMR052W,YKL190W,0.9996134638786316
YMR052W,YGL089C,0.9467223882675171
YMR052W,YJL019W,0.9998875856399536
YMR052W,YJL018W,0.00022243778221309185
YMR052W,YNR032C-A,0.9867299795150757
YMR052W,YGL178W,0.9999628067016602
YMR052W,YKL116C,8.967398201775723e-08
YMR052W,YDL214C,0.9990262985229492
YMR052W,YLR362W,0.9998751878738403
YMR052W,YER068W,1.268795138398282e-11
YMR052W,YHR084W,7.726745252512046e-07
YMR052W,YDR392W,0.9999992847442627
YMR052W,YNL053W,0.9997105002403259
YMR052W,YGR040W,0.9993748068809509
YMR052W,YDL216C,0.9999892711639404
YMR052W,YOL117W,0.9956678152084351
YMR052W,YJR086W,0.9947096109390259
YMR052W,YMR025W,0.9959093332290649
YMR052W,YBR081C,0.9978705644607544
YMR052W,YFL026W,0.037071436643600464
YMR052W,YHL007C,0.9996902942657471
YMR052W,YNR044W,0.9960212111473083
YMR052W,YNL271C,0.9964098334312439
YMR052W,YDR200C,0.9993174076080322
YMR052W,YKL178C,0.989130973815918
YMR052W,YOR212W,0.9995248317718506
YMR052W,YOL111C,1.0563154262399621e-07
YMR052W,YGL032C,0.9845794439315796
YMR052W,YHR005C,0.9999064207077026
YMR052W,YDR103W,0.9999469518661499
YMR052W,YJR084W,0.9995477795600891
YMR052W,YCL032W,0.9999270439147949
YMR052W,YJL170C,0.9987402558326721
YMR052W,YDR179C,4.556060275717755e-07
YMR052W,YBR095C,0.9962345957756042
YMR052W,YLL021W,0.9963083863258362
YMR052W,YDL159W,2.057485914974677e-08
YMR052W,YNL161W,0.9998196959495544
YMR052W,YNL188W,0.9998598098754883
YMR052W,YJL157C,0.18341884016990662
YMR052W,YJL034W,6.233059858182233e-13
YMR052W,YLR238W,0.9592621922492981
YMR052W,YPR141C,0.9969102740287781
YMR052W,YNL127W,0.999139666557312
YMR052W,YCL055W,2.709071168283117e-06
YMR052W,YPR122W,0.9963704347610474
YMR052W,YMR065W,0.9981775283813477
YMR052W,YDR356W,0.9990473389625549
YMR052W,YFR008W,0.9992293119430542
YMR052W,YLL043W,0.9998227953910828
YMR052W,YMR029C,0.9996317625045776
YMR052W,YJR004C,1.8287089620372399e-09
YMR052W,YDL223C,4.57578543944237e-08
YMR052W,YHR158C,0.999336302280426
YMR052W,YGR238C,3.2075649052115554e-15
YMR052W,YIL015W,0.9998447895050049
YMR052W,YGL173C,0.9973944425582886
YMR052W,YDL225W,0.9992021918296814
YMR052W,YLR330W,1.8789162368193502e-06
YMR052W,YBR129C,0.9849322438240051
YMR052W,YKR095W-A,0.2020167112350464
YMR052W,YPR075C,1.929029167513363e-05
YMR052W,YMR198W,0.9995573163032532
YMR052W,YOR127W,0.9996211528778076
YMR052W,YDR264C,0.9998373985290527
YMR052W,YLR110C,0.9999929666519165
YMR052W,YDR379W,0.9995162487030029
YMR052W,YDL100C,0.9983093738555908
YMR052W,YHR073W,0.9992011189460754
YMR052W,YJR090C,0.8977449536323547
YMR052W,YOR208W,0.999859094619751
YMR052W,YBR040W,0.9999905824661255
YMR052W,YNL279W,0.9986415505409241
YMR052W,YER075C,0.9810482263565063
YMR052W,YCR089W,0.000266903021838516
YMR052W,YCR002C,0.9998931884765625
YMR052W,YJL108C,0.999790370464325
YMR052W,YBR200W,0.0011565975146368146
YMR052W,YIL026C,0.999512791633606
YMR052W,YJR076C,0.9999958276748657
YMR052W,YKR031C,0.9979041814804077
YMR052W,YPL192C,0.9996200799942017
YMR052W,YHR107C,0.9999845027923584
YMR052W,YIL037C,4.762808657687856e-06
YMR052W,YPL156C,0.9989784955978394
YMR052W,YIL117C,0.9898315072059631
YMR052W,YHR066W,0.0001134475096478127
YMR052W,YML085C,0.9997056126594543
YMR052W,YML047C,0.9991450309753418
YMR052W,YDR312W,0.9996756315231323
YMR052W,YFL037W,0.999998927116394
YMR052W,YDL038C,0.2020167112350464
YMR052W,YDL039C,9.930211932959471e-15
YMR052W,YCL027W,0.8355018496513367
YMR052W,YML124C,4.71034899973688e-09
YMR052W,YGL053W,0.9997730851173401
YMR052W,YMR232W,0.9831595420837402
YMR052W,YNL298W,0.9925119876861572
YMR052W,YGL099W,0.9970638155937195
YMR052W,YBL016W,1.2420422024206346e-07
YMR052W,YAL041W,0.999665379524231
YMR052W,YDR085C,0.9907211065292358
YMR052W,YPL187W,0.959969699382782
YMR052W,YPL256C,0.9533132910728455
YMR052W,YDR461W,1.594560421203095e-12
YMR052W,YNL145W,0.8300260901451111
YIL160C,YDL165W,6.977238026638246e-16
YIL160C,YGR059W,4.423547032145203e-12
YIL160C,YBR109C,6.22758192670575e-13
YIL160C,YJL080C,2.497267150014526e-12
YIL160C,YCR093W,2.9114699540144784e-09
YIL160C,YIL122W,7.441777771267921e-13
YIL160C,YCL029C,1.2597812550085852e-11
YIL160C,YNL173C,0.7577551007270813
YIL160C,YLR452C,6.878499777141639e-14
YIL160C,YDL160C,2.902766027546022e-08
YIL160C,YLR229C,6.966364452936106e-15
YIL160C,YML057W,2.7632340792132885e-14
YIL160C,YER149C,0.0006749050226062536
YIL160C,YMR305C,8.380403142271842e-12
YIL160C,YLR433C,2.6067452640887723e-09
YIL160C,YJL073W,5.829919988181476e-17
YIL160C,YGR279C,7.310334004806407e-10
YIL160C,YKL190W,3.238265207983204e-06
YIL160C,YGL089C,1.5997720925753356e-09
YIL160C,YJL019W,1.0760943496279651e-06
YIL160C,YJL018W,0.000511905993334949
YIL160C,YNR032C-A,0.0005646424251608551
YIL160C,YGL178W,7.7614172866447e-09
YIL160C,YKL116C,4.823291419597808e-07
YIL160C,YDL214C,4.995634299120866e-05
YIL160C,YLR362W,0.2173120081424713
YIL160C,YER068W,3.3710886729668155e-13
YIL160C,YHR084W,8.781055882423061e-10
YIL160C,YDR392W,8.485507851929697e-10
YIL160C,YNL053W,0.011903614737093449
YIL160C,YGR040W,1.747314293254476e-09
YIL160C,YDL216C,2.5441595425945707e-05
YIL160C,YOL117W,3.0166785336405155e-07
YIL160C,YJR086W,2.482352171040425e-11
YIL160C,YMR025W,1.1950294975804354e-08
YIL160C,YBR081C,0.35198086500167847
YIL160C,YFL026W,5.141760439641985e-08
YIL160C,YHL007C,3.303176399072072e-09
YIL160C,YNR044W,0.0037017427384853363
YIL160C,YNL271C,2.115592562246249e-10
YIL160C,YDR200C,5.041799876898123e-12
YIL160C,YKL178C,1.6432958105383477e-08
YIL160C,YOR212W,3.6824295240704685e-13
YIL160C,YOL111C,2.1497986324447993e-07
YIL160C,YGL032C,3.4767326795304143e-09
YIL160C,YHR005C,7.027708637252772e-09
YIL160C,YDR103W,3.193074277207941e-11
YIL160C,YJR084W,1.4240430666265236e-12
YIL160C,YCL032W,4.0867980111158886e-09
YIL160C,YJL170C,1.2080275668679974e-09
YIL160C,YDR179C,1.9981023779980234e-11
YIL160C,YBR095C,9.302441321779042e-05
YIL160C,YLL021W,1.2523865950374302e-13
YIL160C,YDL159W,2.799614229331837e-08
YIL160C,YNL161W,0.0011915233917534351
YIL160C,YNL188W,5.658598589697306e-13
YIL160C,YJL157C,7.967562026811592e-11
YIL160C,YJL034W,3.1491445758959706e-19
YIL160C,YLR238W,1.2276820185452841e-11
YIL160C,YPR141C,0.0011119520058855414
YIL160C,YNL127W,2.947786015283782e-08
YIL160C,YCL055W,0.001732668257318437
YIL160C,YPR122W,1.1717354482243536e-06
YIL160C,YMR065W,2.0842001049459213e-06
YIL160C,YDR356W,1.1072745564888464e-06
YIL160C,YMR052W,3.988905154983513e-05
YIL160C,YFR008W,2.945395934528944e-13
YIL160C,YLL043W,1.233064631378511e-05
YIL160C,YMR029C,1.0111787102085046e-10
YIL160C,YJR004C,0.9926470518112183
YIL160C,YDL223C,0.000998572213575244
YIL160C,YHR158C,4.363599065415613e-11
YIL160C,YGR238C,5.180642581592565e-09
YIL160C,YIL015W,0.0001609579921932891
YIL160C,YGL173C,0.006852242164313793
YIL160C,YDL225W,2.341498772651107e-09
YIL160C,YLR330W,2.2277180278251763e-07
YIL160C,YBR129C,3.978602308052359e-06
YIL160C,YKR095W-A,0.2020167112350464
YIL160C,YPR075C,1.7082381020827597e-07
YIL160C,YMR198W,2.26047559408471e-05
YIL160C,YOR127W,5.265511117402699e-12
YIL160C,YDR264C,5.604484432965295e-13
YIL160C,YLR110C,1.448646162316436e-05
YIL160C,YDR379W,8.217536651144997e-10
YIL160C,YDL100C,1.939803734307688e-10
YIL160C,YHR073W,4.945626685959326e-10
YIL160C,YJR090C,1.0928808856155992e-12
YIL160C,YOR208W,1.0187858586266363e-12
YIL160C,YBR040W,5.525393135030754e-06
YIL160C,YNL279W,0.9466259479522705
YIL160C,YER075C,0.9104821681976318
YIL160C,YCR089W,0.0003301744582131505
YIL160C,YCR002C,3.368815626458854e-08
YIL160C,YJL108C,0.00025746875326149166
YIL160C,YBR200W,0.0017752512358129025
YIL160C,YIL026C,0.00011728605022653937
YIL160C,YJR076C,0.0011927736923098564
YIL160C,YKR031C,0.001091774902306497
YIL160C,YPL192C,7.770330490153299e-10
YIL160C,YHR107C,1.6235985640378203e-06
YIL160C,YIL037C,1.284316403227237e-12
YIL160C,YPL156C,3.183265289408155e-05
YIL160C,YIL117C,3.716292464733817e-12
YIL160C,YHR066W,3.4133344313180436e-19
YIL160C,YML085C,3.08293988382502e-06
YIL160C,YML047C,0.00035354692954570055
YIL160C,YDR312W,2.010959399001422e-08
YIL160C,YFL037W,1.8912992061359546e-08
YIL160C,YDL038C,0.2020167112350464
YIL160C,YDL039C,3.834737110237083e-15
YIL160C,YCL027W,0.000809118093457073
YIL160C,YML124C,2.67377943787353e-13
YIL160C,YGL053W,6.310173911172612e-11
YIL160C,YMR232W,8.660696039441973e-06
YIL160C,YNL298W,1.038711658907232e-07
YIL160C,YGL099W,1.3309605657081184e-21
YIL160C,YBL016W,4.797271344614273e-07
YIL160C,YAL041W,3.865682629111689e-06
YIL160C,YDR085C,6.024607028531914e-12
YIL160C,YPL187W,0.00044657429680228233
YIL160C,YPL256C,3.277945406429672e-13
YIL160C,YDR461W,3.9065226747903026e-12
YIL160C,YNL145W,1.5964295713489e-15
YDL130W,YDL165W,1.542400340781569e-08
YDL130W,YGR059W,1.0504742853356674e-08
YDL130W,YBR109C,1.0718085832195356e-05
YDL130W,YJL080C,4.6670514675106745e-11
YDL130W,YCR093W,3.852205310295176e-08
YDL130W,YIL122W,1.214722669828916e-05
YDL130W,YCL029C,2.9878691718665068e-19
YDL130W,YNL173C,0.4874981641769409
YDL130W,YLR452C,6.179139018058777e-05
YDL130W,YDL160C,1.8953221214701443e-08
YDL130W,YLR229C,2.041391411466975e-07
YDL130W,YML057W,2.9948880181374093e-11
YDL130W,YER149C,1.0033599506797941e-09
YDL130W,YMR305C,6.049841422306153e-18
YDL130W,YLR433C,0.00011738048488041386
YDL130W,YJL073W,2.4143459453895844e-10
YDL130W,YGR279C,0.03938610479235649
YDL130W,YKL190W,1.1743578332001903e-10
YDL130W,YGL089C,1.8171106980213736e-12
YDL130W,YJL019W,6.541388795650721e-14
YDL130W,YJL018W,0.00010588435543468222
YDL130W,YNR032C-A,0.09642510116100311
YDL130W,YGL178W,1.1444476442912244e-11
YDL130W,YKL116C,1.5833032107614997e-10
YDL130W,YDL214C,0.0002244645293103531
YDL130W,YLR362W,5.230023636393355e-10
YDL130W,YER068W,4.078592041878437e-08
YDL130W,YHR084W,2.81453395700737e-07
YDL130W,YDR392W,1.4519492879117024e-06
YDL130W,YNL053W,9.996263365674718e-12
YDL130W,YGR040W,2.379560299914374e-07
YDL130W,YDL216C,3.312821683643108e-10
YDL130W,YOL117W,4.842512025052259e-13
YDL130W,YJR086W,0.05885661393404007
YDL130W,YMR025W,0.0021433746442198753
YDL130W,YBR081C,0.0003480875166133046
YDL130W,YFL026W,2.0462343854887877e-06
YDL130W,YHL007C,1.0925839433184592e-06
YDL130W,YNR044W,2.172465514149735e-07
YDL130W,YNL271C,2.1498694112005127e-16
YDL130W,YDR200C,0.0019994957838207483
YDL130W,YKL178C,5.090311505639988e-10
YDL130W,YOR212W,3.439798456383869e-05
YDL130W,YOL111C,1.0369472631493711e-16
YDL130W,YGL032C,2.313053990964792e-13
YDL130W,YHR005C,2.0498893604781188e-07
YDL130W,YDR103W,0.9748846888542175
YDL130W,YJR084W,7.186064863162756e-07
YDL130W,YCL032W,7.421262466777989e-07
YDL130W,YJL170C,0.0004071504226885736
YDL130W,YDR179C,3.7004640730777434e-19
YDL130W,YBR095C,1.6624668205622584e-05
YDL130W,YLL021W,2.202164367743134e-14
YDL130W,YDL159W,4.683392762672156e-05
YDL130W,YNL161W,1.6521932364193421e-19
YDL130W,YNL188W,2.663803210875711e-16
YDL130W,YJL157C,6.958905118814585e-10
YDL130W,YJL034W,1.0764914595130811e-16
YDL130W,YLR238W,2.964411294215097e-07
YDL130W,YPR141C,2.893261186187601e-10
YDL130W,YNL127W,0.0009737089276313782
YDL130W,YCL055W,2.1419825912971646e-08
YDL130W,YPR122W,3.521400948613973e-09
YDL130W,YMR065W,0.015886623412370682
YDL130W,YDR356W,1.6300471172500663e-12
YDL130W,YMR052W,8.815044180709997e-12
YDL130W,YFR008W,0.00026236061239615083
YDL130W,YLL043W,0.0001744539913488552
YDL130W,YMR029C,9.952364488086118e-10
YDL130W,YJR004C,1.8320159611562303e-08
YDL130W,YDL223C,7.221827472245635e-15
YDL130W,YHR158C,4.7651394652348245e-07
YDL130W,YGR238C,4.928432106865444e-10
YDL130W,YIL015W,0.9939467906951904
YDL130W,YGL173C,9.335193035253653e-11
YDL130W,YDL225W,0.0001258559786947444
YDL130W,YLR330W,6.496936748590088e-07
YDL130W,YBR129C,0.0013410259271040559
YDL130W,YKR095W-A,0.2020167112350464
YDL130W,YPR075C,1.142248393648515e-07
YDL130W,YMR198W,2.3654791233423955e-12
YDL130W,YOR127W,2.173155564530395e-15
YDL130W,YDR264C,1.0627093871562465e-07
YDL130W,YLR110C,1.273854475679001e-13
YDL130W,YDR379W,6.483876404672628e-07
YDL130W,YDL100C,1.0498232057981616e-12
YDL130W,YHR073W,1.481119937807307e-07
YDL130W,YJR090C,0.0001487390254624188
YDL130W,YOR208W,5.321823537407511e-11
YDL130W,YBR040W,0.009514294564723969
YDL130W,YNL279W,1.1637433307930115e-15
YDL130W,YER075C,5.248222745279918e-09
YDL130W,YCR089W,8.766685937189322e-07
YDL130W,YCR002C,8.924021699385776e-07
YDL130W,YJL108C,7.00319136015537e-10
YDL130W,YBR200W,8.934013528971718e-10
YDL130W,YIL026C,3.184681928976654e-14
YDL130W,YJR076C,1.2343349675703053e-09
YDL130W,YKR031C,3.16146588374977e-06
YDL130W,YPL192C,6.4303124524473965e-22
YDL130W,YHR107C,5.039641481907609e-10
YDL130W,YIL037C,0.013403300195932388
YDL130W,YPL156C,2.002506334974896e-06
YDL130W,YIL117C,5.401615599254228e-09
YDL130W,YHR066W,5.9059198605551904e-15
YDL130W,YML085C,1.7248341643849585e-09
YDL130W,YML047C,5.960344537925266e-07
YDL130W,YDR312W,1.1723097290218965e-18
YDL130W,YFL037W,1.9102662431481204e-13
YDL130W,YDL038C,0.2020167112350464
YDL130W,YDL039C,2.5207003910392156e-13
YDL130W,YCL027W,1.2832494615533374e-11
YDL130W,YML124C,3.380614188586151e-08
YDL130W,YGL053W,3.890023592134639e-08
YDL130W,YMR232W,3.030118600477749e-09
YDL130W,YNL298W,8.168639653582943e-10
YDL130W,YGL099W,1.1937089948662198e-18
YDL130W,YBL016W,7.705504460951522e-15
YDL130W,YAL041W,1.5448593793099263e-11
YDL130W,YDR085C,9.367239783841796e-08
YDL130W,YPL187W,3.3811242854445665e-15
YDL130W,YPL256C,1.2115316351394405e-18
YDL130W,YDR461W,0.0002936985983978957
YDL130W,YNL145W,2.166921373239483e-12
YER083C,YDL165W,4.366814662691912e-14
YER083C,YGR059W,1.968259166762465e-10
YER083C,YBR109C,1.4224033192608565e-12
YER083C,YJL080C,1.0481388977232053e-15
YER083C,YCR093W,4.72802952344864e-08
YER083C,YIL122W,5.04068696505211e-11
YER083C,YCL029C,3.377410706661976e-08
YER083C,YNL173C,7.247397820764334e-11
YER083C,YLR452C,1.9675764727717095e-17
YER083C,YDL160C,0.00024623260833323
YER083C,YLR229C,3.8595262917681325e-14
YER083C,YML057W,3.4289390771213846e-10
YER083C,YER149C,0.04116766154766083
YER083C,YMR305C,3.406402243610884e-11
YER083C,YLR433C,1.2211911780468654e-05
YER083C,YJL073W,8.767423102418897e-16
YER083C,YGR279C,1.6456360754091293e-06
YER083C,YKL190W,4.948514629177225e-07
YER083C,YGL089C,0.002762336516752839
YER083C,YJL019W,1.0270393042965953e-11
YER083C,YJL018W,0.0074269138276577
YER083C,YNR032C-A,0.0014576786197721958
YER083C,YGL178W,3.266092674092391e-10
YER083C,YKL116C,3.235725642980469e-08
YER083C,YDL214C,3.5039989597862586e-05
YER083C,YLR362W,2.32250912945986e-10
YER083C,YER068W,1.6069004686869448e-06
YER083C,YHR084W,7.546528235213151e-15
YER083C,YDR392W,7.751283170875922e-09
YER083C,YNL053W,0.025472616776823997
YER083C,YGR040W,1.7751247791564922e-13
YER083C,YDL216C,2.0801718392249313e-07
YER083C,YOL117W,7.000933806011744e-07
YER083C,YJR086W,1.3608406845833088e-07
YER083C,YMR025W,0.0010029743425548077
YER083C,YBR081C,4.893425942231744e-11
YER083C,YFL026W,3.448932762648016e-13
YER083C,YHL007C,1.26933324962053e-10
YER083C,YNR044W,1.5959685795152723e-09
YER083C,YNL271C,7.368213678082824e-11
YER083C,YDR200C,0.00019654982315842062
YER083C,YKL178C,0.23745723068714142
YER083C,YOR212W,7.43477241577084e-12
YER083C,YOL111C,1.9177653106449913e-16
YER083C,YGL032C,6.757491210340879e-16
YER083C,YHR005C,1.0417720559905558e-13
YER083C,YDR103W,2.386837743510034e-13
YER083C,YJR084W,1.1232537872274406e-05
YER083C,YCL032W,9.132390914601274e-07
YER083C,YJL170C,7.261068094521761e-05
YER083C,YDR179C,1.3198860460343593e-16
YER083C,YBR095C,1.5423267996084178e-08
YER083C,YLL021W,6.355016034978091e-20
YER083C,YDL159W,8.146111940732226e-05
YER083C,YNL161W,8.80001789482776e-06
YER083C,YNL188W,4.988912061243411e-11
YER083C,YJL157C,2.7189146767359063e-11
YER083C,YJL034W,1.6218340018786326e-17
YER083C,YLR238W,2.4123000486042656e-08
YER083C,YPR141C,2.5276818416131164e-09
YER083C,YNL127W,0.00010297929838998243
YER083C,YCL055W,1.8864881987275262e-13
YER083C,YPR122W,0.002459203591570258
YER083C,YMR065W,0.0020310517866164446
YER083C,YDR356W,1.5718749912796426e-10
YER083C,YMR052W,8.411523594986647e-05
YER083C,YFR008W,0.0029397669713944197
YER083C,YLL043W,4.08739968954519e-12
YER083C,YMR029C,3.2391989090996276e-10
YER083C,YJR004C,1.3171552737389902e-08
YER083C,YDL223C,0.008864046074450016
YER083C,YHR158C,6.393469738005808e-13
YER083C,YGR238C,2.6957755472345468e-11
YER083C,YIL015W,2.5444761315301934e-13
YER083C,YGL173C,1.742631852028406e-16
YER083C,YDL225W,2.315388020202036e-10
YER083C,YLR330W,2.541651888954277e-10
YER083C,YBR129C,2.0415415885599586e-11
YER083C,YKR095W-A,0.2020167112350464
YER083C,YPR075C,3.515050048008561e-05
YER083C,YMR198W,3.0731385318449878e-12
YER083C,YOR127W,2.681076931645987e-13
YER083C,YDR264C,1.2289931873965543e-05
YER083C,YLR110C,5.587198726678816e-15
YER083C,YDR379W,5.934630564752297e-09
YER083C,YDL100C,2.4345874205522477e-09
YER083C,YHR073W,3.1256064403351047e-07
YER083C,YJR090C,3.354715261139063e-08
YER083C,YOR208W,7.47584286142633e-11
YER083C,YBR040W,8.618148967798334e-06
YER083C,YNL279W,6.352224204420054e-07
YER083C,YER075C,5.912719758249807e-10
YER083C,YCR089W,1.9189741809477745e-11
YER083C,YCR002C,8.910757548497017e-12
YER083C,YJL108C,4.352025371190393e-06
YER083C,YBR200W,2.3021332062889144e-10
YER083C,YIL026C,0.020054487511515617
YER083C,YJR076C,7.05094578279386e-07
YER083C,YKR031C,1.966934405572829e-06
YER083C,YPL192C,1.3788743444820284e-06
YER083C,YHR107C,8.861466248288874e-13
YER083C,YIL037C,8.230834763756079e-11
YER083C,YPL156C,2.9167683379682785e-08
YER083C,YIL117C,0.00179154088255018
YER083C,YHR066W,3.3691029965865482e-09
YER083C,YML085C,4.1784752033919355e-16
YER083C,YML047C,2.113989339136424e-08
YER083C,YDR312W,4.121167296311512e-10
YER083C,YFL037W,2.5309983275878523e-11
YER083C,YDL038C,0.2020167112350464
YER083C,YDL039C,7.658660047438994e-19
YER083C,YCL027W,6.83832768118009e-05
YER083C,YML124C,2.0166472694761015e-20
YER083C,YGL053W,1.20211453236152e-07
YER083C,YMR232W,5.191608579480089e-06
YER083C,YNL298W,7.784904028085293e-07
YER083C,YGL099W,3.0307298337639565e-10
YER083C,YBL016W,4.582426899415494e-14
YER083C,YAL041W,6.580507942999247e-07
YER083C,YDR085C,0.012681380845606327
YER083C,YPL187W,7.508298267566715e-07
YER083C,YPL256C,2.0898495607657441e-13
YER083C,YDR461W,3.262217163069181e-08
YER083C,YNL145W,1.305067859336262e-10
YOR018W,YDL165W,3.6858475027656823e-07
YOR018W,YGR059W,1.3434292895908584e-06
YOR018W,YBR109C,6.321341061266139e-06
YOR018W,YJL080C,0.0019211694598197937
YOR018W,YCR093W,0.9241076111793518
YOR018W,YIL122W,0.00010389274393673986
YOR018W,YCL029C,2.2965271284647315e-07
YOR018W,YNL173C,0.0010569844162091613
YOR018W,YLR452C,3.932835170417093e-06
YOR018W,YDL160C,0.9792609810829163
YOR018W,YLR229C,3.0816417506684957e-07
YOR018W,YML057W,2.4617088811851318e-08
YOR018W,YER149C,0.9998553991317749
YOR018W,YMR305C,7.012681066953519e-07
YOR018W,YLR433C,0.0002873486955650151
YOR018W,YJL073W,1.3427751355266082e-08
YOR018W,YGR279C,1.380407593787325e-10
YOR018W,YKL190W,6.2553326962699884e-09
YOR018W,YGL089C,5.265579527957698e-09
YOR018W,YJL019W,0.054284319281578064
YOR018W,YJL018W,0.0005088881589472294
YOR018W,YNR032C-A,0.0034895308781415224
YOR018W,YGL178W,8.019904185196935e-11
YOR018W,YKL116C,2.8680778996204026e-06
YOR018W,YDL214C,0.11210759729146957
YOR018W,YLR362W,0.23630504310131073
YOR018W,YER068W,1.398015370135397e-09
YOR018W,YHR084W,2.522369413782144e-06
YOR018W,YDR392W,0.011709055863320827
YOR018W,YNL053W,0.965393602848053
YOR018W,YGR040W,4.816171440324979e-06
YOR018W,YDL216C,0.00048817743663676083
YOR018W,YOL117W,0.00010914256563410163
YOR018W,YJR086W,0.018853630870580673
YOR018W,YMR025W,0.0015517643187195063
YOR018W,YBR081C,0.8191555738449097
YOR018W,YFL026W,3.023769068022375e-06
YOR018W,YHL007C,0.4601597785949707
YOR018W,YNR044W,0.08245479315519333
YOR018W,YNL271C,0.014146387577056885
YOR018W,YDR200C,2.7355679321772186e-06
YOR018W,YKL178C,0.0002983860031235963
YOR018W,YOR212W,0.03438912332057953
YOR018W,YOL111C,7.092131681929459e-08
YOR018W,YGL032C,3.4726566067178055e-09
YOR018W,YHR005C,3.913740442840208e-09
YOR018W,YDR103W,0.003415436251088977
YOR018W,YJR084W,0.0008488047169521451
YOR018W,YCL032W,0.00021981184545438737
YOR018W,YJL170C,5.2923809562344104e-05
YOR018W,YDR179C,3.944243647240487e-15
YOR018W,YBR095C,7.501092477468774e-05
YOR018W,YLL021W,3.34560937981232e-12
YOR018W,YDL159W,2.1462132071548012e-10
YOR018W,YNL161W,9.501088788965717e-05
YOR018W,YNL188W,6.52941025691689e-07
YOR018W,YJL157C,3.646203415694389e-14
YOR018W,YJL034W,1.358949341945248e-10
YOR018W,YLR238W,0.013783717527985573
YOR018W,YPR141C,0.000140127056511119
YOR018W,YNL127W,6.3536489847138e-08
YOR018W,YCL055W,2.2721692971572338e-07
YOR018W,YPR122W,6.583918548130896e-06
YOR018W,YMR065W,0.06531472504138947
YOR018W,YDR356W,0.11488506942987442
YOR018W,YMR052W,1.623682010176708e-06
YOR018W,YFR008W,1.6569229321916623e-09
YOR018W,YLL043W,5.8155899751000106e-05
YOR018W,YMR029C,5.653338575939415e-06
YOR018W,YJR004C,5.4644016927341e-05
YOR018W,YDL223C,3.76244368993639e-09
YOR018W,YHR158C,3.218524580006488e-05
YOR018W,YGR238C,3.149427316569099e-15
YOR018W,YIL015W,0.0007222496788017452
YOR018W,YGL173C,1.0448711229571472e-08
YOR018W,YDL225W,0.0010897860629484057
YOR018W,YLR330W,7.298766377061838e-06
YOR018W,YBR129C,6.472089353337651e-07
YOR018W,YKR095W-A,0.2020167112350464
YOR018W,YPR075C,2.215150196605009e-08
YOR018W,YMR198W,0.016196291893720627
YOR018W,YOR127W,0.00041914117173291743
YOR018W,YDR264C,0.002261877991259098
YOR018W,YLR110C,8.502416826150494e-11
YOR018W,YDR379W,5.412686732597649e-06
YOR018W,YDL100C,9.32744342208025e-07
YOR018W,YHR073W,0.896919310092926
YOR018W,YJR090C,0.0015111221000552177
YOR018W,YOR208W,2.4588470637354476e-07
YOR018W,YBR040W,0.9664490818977356
YOR018W,YNL279W,0.024905849248170853
YOR018W,YER075C,0.9619508981704712
YOR018W,YCR089W,2.8849575528511195e-07
YOR018W,YCR002C,0.00010692323849070817
YOR018W,YJL108C,0.00012576983135659248
YOR018W,YBR200W,0.0001550281886011362
YOR018W,YIL026C,1.529485984974599e-06
YOR018W,YJR076C,3.597337427940772e-10
YOR018W,YKR031C,0.04363575950264931
YOR018W,YPL192C,0.0003098474408034235
YOR018W,YHR107C,4.7583636586523426e-08
YOR018W,YIL037C,0.011196999810636044
YOR018W,YPL156C,0.005575846880674362
YOR018W,YIL117C,1.9598119251895696e-06
YOR018W,YHR066W,1.0986833838544374e-11
YOR018W,YML085C,9.452684945551737e-13
YOR018W,YML047C,0.0007083423552103341
YOR018W,YDR312W,0.000862221117131412
YOR018W,YFL037W,4.186525258409457e-12
YOR018W,YDL038C,0.2020167112350464
YOR018W,YDL039C,2.1499559466064966e-08
YOR018W,YCL027W,5.806440822198056e-05
YOR018W,YML124C,9.022458471008576e-06
YOR018W,YGL053W,0.0005472241900861263
YOR018W,YMR232W,0.9894269704818726
YOR018W,YNL298W,0.719842255115509
YOR018W,YGL099W,4.056964371557115e-06
YOR018W,YBL016W,3.724106786839876e-11
YOR018W,YAL041W,0.0005472959019243717
YOR018W,YDR085C,0.025092318654060364
YOR018W,YPL187W,1.6948329892296776e-11
YOR018W,YPL256C,2.8340578865027055e-05
YOR018W,YDR461W,7.059417583832328e-08
YOR018W,YNL145W,2.434361334735513e-08
YHR143W,YDL165W,1.6728301943658153e-06
YHR143W,YGR059W,1.9095612913133664e-07
YHR143W,YBR109C,3.3384954956777735e-12
YHR143W,YJL080C,6.279587516644369e-09
YHR143W,YCR093W,4.600087777362205e-05
YHR143W,YIL122W,0.0001731793163344264
YHR143W,YCL029C,5.975335226615641e-10
YHR143W,YNL173C,6.61691318057378e-12
YHR143W,YLR452C,4.639213348746094e-17
YHR143W,YDL160C,5.858503379684368e-16
YHR143W,YLR229C,7.205222900092152e-18
YHR143W,YML057W,1.7619475323193967e-11
YHR143W,YER149C,0.0007510014111176133
YHR143W,YMR305C,6.108655790405815e-13
YHR143W,YLR433C,9.800829592343518e-11
YHR143W,YJL073W,0.00012491097731981426
YHR143W,YGR279C,2.62250091036242e-19
YHR143W,YKL190W,3.882949961564464e-09
YHR143W,YGL089C,2.5235743805751554e-07
YHR143W,YJL019W,3.296218506476656e-11
YHR143W,YJL018W,0.2020167112350464
YHR143W,YNR032C-A,4.579731793796782e-08
YHR143W,YGL178W,7.623170324155826e-12
YHR143W,YKL116C,0.0005777705810032785
YHR143W,YDL214C,2.845933886419516e-05
YHR143W,YLR362W,1.6497546312166378e-05
YHR143W,YER068W,0.7702031135559082
YHR143W,YHR084W,1.871240273843e-09
YHR143W,YDR392W,3.905252924596425e-06
YHR143W,YNL053W,2.6491733806643936e-10
YHR143W,YGR040W,8.816922119669662e-17
YHR143W,YDL216C,1.547802241930185e-08
YHR143W,YOL117W,3.2518650527890713e-07
YHR143W,YJR086W,4.699857582106393e-13
YHR143W,YMR025W,9.790846952628662e-12
YHR143W,YBR081C,4.363857442513108e-06
YHR143W,YFL026W,1.0362247865325358e-10
YHR143W,YHL007C,0.0007911469438113272
YHR143W,YNR044W,3.97088435809094e-14
YHR143W,YNL271C,1.775542727955326e-06
YHR143W,YDR200C,2.5112751700362423e-07
YHR143W,YKL178C,0.0001632148923818022
YHR143W,YOR212W,6.490241727570307e-16
YHR143W,YOL111C,9.258376739416409e-15
YHR143W,YGL032C,2.2448330789948453e-24
YHR143W,YHR005C,5.587915994178551e-14
YHR143W,YDR103W,2.8958069719919877e-07
YHR143W,YJR084W,9.766878974915016e-06
YHR143W,YCL032W,1.1012183526171171e-10
YHR143W,YJL170C,4.147395859903369e-13
YHR143W,YDR179C,1.0623029826671918e-13
YHR143W,YBR095C,3.212734522861638e-10
YHR143W,YLL021W,2.3159470785572012e-08
YHR143W,YDL159W,2.5761311486793836e-12
YHR143W,YNL161W,4.0922992639025324e-07
YHR143W,YNL188W,0.02860412932932377
YHR143W,YJL157C,5.152229275726379e-18
YHR143W,YJL034W,0.001008639927022159
YHR143W,YLR238W,1.7765221116405883e-07
YHR143W,YPR141C,1.2036632313083828e-07
YHR143W,YNL127W,1.5398678165912116e-10
YHR143W,YCL055W,2.042497572983526e-13
YHR143W,YPR122W,4.04545450237716e-16
YHR143W,YMR065W,0.03311238810420036
YHR143W,YDR356W,0.08393372595310211
YHR143W,YMR052W,1.8466405162821664e-13
YHR143W,YFR008W,6.24676178839767e-12
YHR143W,YLL043W,3.083756167088225e-11
YHR143W,YMR029C,1.3019631239785667e-07
YHR143W,YJR004C,1.49904222368491e-09
YHR143W,YDL223C,7.704053324106286e-14
YHR143W,YHR158C,3.5174165663454104e-11
YHR143W,YGR238C,9.108300919047352e-12
YHR143W,YIL015W,2.030051677432386e-15
YHR143W,YGL173C,1.6429578408860834e-07
YHR143W,YDL225W,0.003913964610546827
YHR143W,YLR330W,1.3855518295191604e-13
YHR143W,YBR129C,4.495863681341916e-09
YHR143W,YKR095W-A,0.2020167112350464
YHR143W,YPR075C,2.597086434796836e-10
YHR143W,YMR198W,0.0003273301699664444
YHR143W,YOR127W,0.0004626836453098804
YHR143W,YDR264C,0.00026537751546129584
YHR143W,YLR110C,2.0079225380212284e-17
YHR143W,YDR379W,1.6316390460957564e-09
YHR143W,YDL100C,1.0336615461140064e-12
YHR143W,YHR073W,0.9689898490905762
YHR143W,YJR090C,4.737171099833404e-09
YHR143W,YOR208W,1.8262026912907459e-07
YHR143W,YBR040W,2.960675256932603e-14
YHR143W,YNL279W,1.0792547300297883e-06
YHR143W,YER075C,1.0225524871287917e-09
YHR143W,YCR089W,2.1070721345495258e-07
YHR143W,YCR002C,5.349451726033294e-07
YHR143W,YJL108C,9.450104032637796e-10
YHR143W,YBR200W,3.039766450162705e-14
YHR143W,YIL026C,1.2181773854536004e-05
YHR143W,YJR076C,0.9887058734893799
YHR143W,YKR031C,0.00022380588052328676
YHR143W,YPL192C,0.002878943458199501
YHR143W,YHR107C,2.431065126984322e-07
YHR143W,YIL037C,3.539367909866087e-08
YHR143W,YPL156C,2.6517689953597934e-12
YHR143W,YIL117C,1.2903822134407516e-18
YHR143W,YHR066W,3.1635843811272935e-07
YHR143W,YML085C,3.6151932006822304e-14
YHR143W,YML047C,0.043859850615262985
YHR143W,YDR312W,1.8894514823841746e-06
YHR143W,YFL037W,2.7432491833678796e-09
YHR143W,YDL038C,0.2020167112350464
YHR143W,YDL039C,6.560727193772992e-19
YHR143W,YCL027W,5.71988767461562e-09
YHR143W,YML124C,1.472612770043659e-17
YHR143W,YGL053W,4.000049565937389e-15
YHR143W,YMR232W,1.3933799947185577e-10
YHR143W,YNL298W,0.000186424920684658
YHR143W,YGL099W,4.5470486043086566e-08
YHR143W,YBL016W,3.726920403963451e-15
YHR143W,YAL041W,1.7299441879004007e-07
YHR143W,YDR085C,2.244223306327313e-18
YHR143W,YPL187W,0.002210260834544897
YHR143W,YPL256C,2.7222880495451143e-22
YHR143W,YDR461W,2.46808662216285e-21
YHR143W,YNL145W,2.008171732202635e-13
YDR385W,YDL165W,0.006757033988833427
YDR385W,YGR059W,4.4092333950640494e-13
YDR385W,YBR109C,5.1379370091808596e-08
YDR385W,YJL080C,2.0170673451502807e-06
YDR385W,YCR093W,0.0030688170809298754
YDR385W,YIL122W,0.00014952768106013536
YDR385W,YCL029C,1.6755875549279153e-06
YDR385W,YNL173C,0.00015398439427372068
YDR385W,YLR452C,0.0002155975962523371
YDR385W,YDL160C,0.9872162938117981
YDR385W,YLR229C,2.7579895900170688e-14
YDR385W,YML057W,4.577231605892851e-13
YDR385W,YER149C,7.516792743800238e-11
YDR385W,YMR305C,5.248485074148398e-16
YDR385W,YLR433C,3.472145908745006e-05
YDR385W,YJL073W,0.0012278336798772216
YDR385W,YGR279C,9.214796703460593e-10
YDR385W,YKL190W,0.006720814388245344
YDR385W,YGL089C,0.01298451330512762
YDR385W,YJL019W,0.00027560212765820324
YDR385W,YJL018W,0.01842041313648224
YDR385W,YNR032C-A,0.015518130734562874
YDR385W,YGL178W,2.5277023141256905e-08
YDR385W,YKL116C,2.398037679540721e-08
YDR385W,YDL214C,0.9993728995323181
YDR385W,YLR362W,0.01703854463994503
YDR385W,YER068W,1.0558376288827276e-06
YDR385W,YHR084W,1.1503456676109636e-07
YDR385W,YDR392W,9.885251017749397e-08
YDR385W,YNL053W,2.388618440818391e-07
YDR385W,YGR040W,7.262425788212568e-05
YDR385W,YDL216C,1.4383860502675816e-07
YDR385W,YOL117W,1.4658714242443693e-08
YDR385W,YJR086W,0.16840407252311707
YDR385W,YMR025W,0.0001976390485651791
YDR385W,YBR081C,3.366655846548383e-06
YDR385W,YFL026W,6.507537182187662e-05
YDR385W,YHL007C,1.2447499919687743e-08
YDR385W,YNR044W,1.471680479880888e-05
YDR385W,YNL271C,0.08961380273103714
YDR385W,YDR200C,3.0494084057863802e-05
YDR385W,YKL178C,4.2609137551608e-08
YDR385W,YOR212W,0.04359126463532448
YDR385W,YOL111C,1.1179620470268639e-15
YDR385W,YGL032C,3.450290364526154e-08
YDR385W,YHR005C,2.1443722289404832e-05
YDR385W,YDR103W,0.9942589998245239
YDR385W,YJR084W,0.0014362068613991141
YDR385W,YCL032W,4.0500573959434405e-05
YDR385W,YJL170C,0.2222953587770462
YDR385W,YDR179C,1.1983091571836834e-16
YDR385W,YBR095C,0.15284363925457
YDR385W,YLL021W,5.924059820472394e-08
YDR385W,YDL159W,3.2457325715995466e-08
YDR385W,YNL161W,0.24789704382419586
YDR385W,YNL188W,1.3384626740275962e-10
YDR385W,YJL157C,1.8129305001668428e-10
YDR385W,YJL034W,1.3997645089905157e-22
YDR385W,YLR238W,4.772691318066791e-05
YDR385W,YPR141C,1.0803365313449831e-07
YDR385W,YNL127W,0.07104812562465668
YDR385W,YCL055W,1.6175975301323698e-22
YDR385W,YPR122W,0.7324666380882263
YDR385W,YMR065W,0.0004703858867287636
YDR385W,YDR356W,0.22472462058067322
YDR385W,YMR052W,1.2027368029521313e-05
YDR385W,YFR008W,0.7226664423942566
YDR385W,YLL043W,0.5502771139144897
YDR385W,YMR029C,0.01830344833433628
YDR385W,YJR004C,2.4977078738608327e-10
YDR385W,YDL223C,2.132457621942252e-14
YDR385W,YHR158C,2.2695712686982006e-06
YDR385W,YGR238C,3.7905910235756096e-14
YDR385W,YIL015W,0.997847318649292
YDR385W,YGL173C,0.14147333800792694
YDR385W,YDL225W,8.930695294395719e-09
YDR385W,YLR330W,3.972539707319811e-05
YDR385W,YBR129C,0.7869040369987488
YDR385W,YKR095W-A,0.2020167112350464
YDR385W,YPR075C,8.187972184714454e-07
YDR385W,YMR198W,2.5231242034351453e-05
YDR385W,YOR127W,0.0018170193070545793
YDR385W,YDR264C,0.0002147969789803028
YDR385W,YLR110C,6.096919437413931e-14
YDR385W,YDR379W,8.496414509451267e-12
YDR385W,YDL100C,3.6326481102702535e-13
YDR385W,YHR073W,8.827193232718855e-05
YDR385W,YJR090C,2.627149797262973e-06
YDR385W,YOR208W,0.9842444062232971
YDR385W,YBR040W,5.696336302207783e-06
YDR385W,YNL279W,7.086116966092959e-05
YDR385W,YER075C,2.2259233446675353e-05
YDR385W,YCR089W,2.467926141225263e-10
YDR385W,YCR002C,0.0005802324158139527
YDR385W,YJL108C,8.9842222223524e-05
YDR385W,YBR200W,0.00023550288460683078
YDR385W,YIL026C,3.3047245495687605e-10
YDR385W,YJR076C,0.0056570000015199184
YDR385W,YKR031C,0.11106251925230026
YDR385W,YPL192C,0.009731517173349857
YDR385W,YHR107C,0.6292243599891663
YDR385W,YIL037C,2.943578465419705e-07
YDR385W,YPL156C,1.0938027372731085e-08
YDR385W,YIL117C,3.0275345125119202e-05
YDR385W,YHR066W,8.243947604569257e-07
YDR385W,YML085C,5.575556087933364e-07
YDR385W,YML047C,1.7271930119022727e-05
YDR385W,YDR312W,3.1869647500570863e-05
YDR385W,YFL037W,6.526313235492853e-13
YDR385W,YDL038C,0.2020167112350464
YDR385W,YDL039C,7.919831457314785e-12
YDR385W,YCL027W,1.0303398084943183e-05
YDR385W,YML124C,5.399591190835551e-11
YDR385W,YGL053W,0.4368196725845337
YDR385W,YMR232W,0.0003199762722942978
YDR385W,YNL298W,0.00033657075255177915
YDR385W,YGL099W,1.6270367268589325e-05
YDR385W,YBL016W,5.2312238949525636e-06
YDR385W,YAL041W,0.687615156173706
YDR385W,YDR085C,0.0012316785287111998
YDR385W,YPL187W,3.963893391301099e-07
YDR385W,YPL256C,2.891040488603447e-12
YDR385W,YDR461W,4.4230963336389095e-10
YDR385W,YNL145W,4.7749644238592737e-08
YGR277C,YDL165W,1.1699697211042803e-07
YGR277C,YGR059W,4.5340342591515537e-11
YGR277C,YBR109C,7.173613092437137e-11
YGR277C,YJL080C,9.76177146928825e-13
YGR277C,YCR093W,0.00025664843269623816
YGR277C,YIL122W,1.3571251761268499e-11
YGR277C,YCL029C,6.832734652562067e-05
YGR277C,YNL173C,8.340299473275081e-08
YGR277C,YLR452C,7.36628180675325e-09
YGR277C,YDL160C,1.1152089882671135e-06
YGR277C,YLR229C,2.5323806940313887e-10
YGR277C,YML057W,3.7915531825305493e-10
YGR277C,YER149C,0.9667224884033203
YGR277C,YMR305C,1.507200600762114e-14
YGR277C,YLR433C,8.751449058763683e-07
YGR277C,YJL073W,6.900395511065527e-13
YGR277C,YGR279C,4.2138401568081463e-07
YGR277C,YKL190W,2.3975007934495807e-07
YGR277C,YGL089C,0.00035071015008725226
YGR277C,YJL019W,2.755883845781404e-12
YGR277C,YJL018W,0.0005436443025246263
YGR277C,YNR032C-A,5.232481998973526e-05
YGR277C,YGL178W,3.955995687282554e-12
YGR277C,YKL116C,6.556763465503934e-11
YGR277C,YDL214C,5.5209135041422996e-08
YGR277C,YLR362W,2.2259808579727647e-11
YGR277C,YER068W,7.11601255893625e-14
YGR277C,YHR084W,1.876517344290285e-11
YGR277C,YDR392W,9.516845125290274e-07
YGR277C,YNL053W,1.2349430289146368e-12
YGR277C,YGR040W,4.154634098085808e-06
YGR277C,YDL216C,1.7906791072164197e-07
YGR277C,YOL117W,2.309600131411571e-05
YGR277C,YJR086W,1.1219028372977391e-08
YGR277C,YMR025W,5.538003097171895e-05
YGR277C,YBR081C,2.9484271024671216e-08
YGR277C,YFL026W,2.3412315922760607e-12
YGR277C,YHL007C,7.370705712439474e-10
YGR277C,YNR044W,2.038578453180534e-13
YGR277C,YNL271C,3.731643118953798e-07
YGR277C,YDR200C,0.00032902718521654606
YGR277C,YKL178C,4.3014361494897457e-07
YGR277C,YOR212W,1.9361357772140764e-05
YGR277C,YOL111C,4.1926693580055495e-16
YGR277C,YGL032C,0.00031484951614402235
YGR277C,YHR005C,0.00014539640687871724
YGR277C,YDR103W,1.1984539229070723e-11
YGR277C,YJR084W,9.955910401648893e-11
YGR277C,YCL032W,4.7001980419736356e-05
YGR277C,YJL170C,5.352413609216455e-06
YGR277C,YDR179C,1.674442355603656e-11
YGR277C,YBR095C,2.2954018893961425e-11
YGR277C,YLL021W,2.354738582940885e-12
YGR277C,YDL159W,2.9445129712257767e-06
YGR277C,YNL161W,4.518484075788365e-08
YGR277C,YNL188W,8.659530431032181e-05
YGR277C,YJL157C,9.442181908525527e-05
YGR277C,YJL034W,2.120343197020702e-06
YGR277C,YLR238W,1.4261617399730954e-14
YGR277C,YPR141C,1.228650603479764e-07
YGR277C,YNL127W,5.745866019424284e-06
YGR277C,YCL055W,5.843773381863926e-12
YGR277C,YPR122W,4.080115356686065e-09
YGR277C,YMR065W,0.00013771778321824968
YGR277C,YDR356W,5.380051404380026e-10
YGR277C,YMR052W,1.9585120200962813e-13
YGR277C,YFR008W,2.564074508271119e-10
YGR277C,YLL043W,3.594737355006039e-14
YGR277C,YMR029C,1.3062945392050551e-08
YGR277C,YJR004C,2.940937215978323e-10
YGR277C,YDL223C,1.7687522834789198e-15
YGR277C,YHR158C,7.911912236480134e-10
YGR277C,YGR238C,2.7566652534005698e-06
YGR277C,YIL015W,1.3933919795761085e-08
YGR277C,YGL173C,1.1786259468404836e-10
YGR277C,YDL225W,5.284978232822368e-09
YGR277C,YLR330W,5.811106370406938e-12
YGR277C,YBR129C,0.00013314714306034148
YGR277C,YKR095W-A,0.2020167112350464
YGR277C,YPR075C,6.734685484843794e-06
YGR277C,YMR198W,2.244825481056978e-08
YGR277C,YOR127W,0.00029448422719724476
YGR277C,YDR264C,8.171242016352664e-10
YGR277C,YLR110C,1.276320472243242e-05
YGR277C,YDR379W,0.7561437487602234
YGR277C,YDL100C,4.3549795236685895e-07
YGR277C,YHR073W,3.58938503919326e-11
YGR277C,YJR090C,4.393863745066895e-12
YGR277C,YOR208W,3.89620025131876e-09
YGR277C,YBR040W,4.202741365588736e-06
YGR277C,YNL279W,1.191059982375009e-05
YGR277C,YER075C,4.2392104366781314e-13
YGR277C,YCR089W,9.045606930158101e-09
YGR277C,YCR002C,7.928147721658618e-11
YGR277C,YJL108C,1.3944009879196528e-05
YGR277C,YBR200W,1.8022234144154936e-05
YGR277C,YIL026C,6.967597698803729e-08
YGR277C,YJR076C,0.0007350840605795383
YGR277C,YKR031C,3.743418769408535e-12
YGR277C,YPL192C,1.0548531449369736e-12
YGR277C,YHR107C,5.5421711664394024e-09
YGR277C,YIL037C,2.412388344641414e-11
YGR277C,YPL156C,2.1049050377724325e-15
YGR277C,YIL117C,3.341549472679617e-06
YGR277C,YHR066W,8.329436858127426e-13
YGR277C,YML085C,4.426266380600386e-15
YGR277C,YML047C,0.0001693188532954082
YGR277C,YDR312W,1.2083080369595933e-10
YGR277C,YFL037W,4.199772320134798e-06
YGR277C,YDL038C,0.2020167112350464
YGR277C,YDL039C,4.799980864525685e-21
YGR277C,YCL027W,0.0002281772904098034
YGR277C,YML124C,1.2772752690584643e-13
YGR277C,YGL053W,6.758445891819065e-08
YGR277C,YMR232W,0.0011790493736043572
YGR277C,YNL298W,9.465388757234905e-07
YGR277C,YGL099W,6.440177384436918e-12
YGR277C,YBL016W,3.5079530391612934e-09
YGR277C,YAL041W,7.878496743884966e-10
YGR277C,YDR085C,1.382069875210945e-10
YGR277C,YPL187W,0.0010960057843476534
YGR277C,YPL256C,0.0008022147230803967
YGR277C,YDR461W,3.469398563993309e-07
YGR277C,YNL145W,2.7910831198324493e-12
YJL130C,YDL165W,2.407197491180777e-16
YJL130C,YGR059W,9.242836395339724e-14
YJL130C,YBR109C,5.0997258499441145e-11
YJL130C,YJL080C,5.900529913560604e-07
YJL130C,YCR093W,0.0005002357647754252
YJL130C,YIL122W,0.00043954740976914763
YJL130C,YCL029C,7.12851705222668e-16
YJL130C,YNL173C,3.176192819864809e-08
YJL130C,YLR452C,4.097647110512526e-09
YJL130C,YDL160C,1.0549316975527745e-08
YJL130C,YLR229C,1.7345688077606385e-14
YJL130C,YML057W,6.672900486294139e-14
YJL130C,YER149C,7.135186885776079e-11
YJL130C,YMR305C,1.424396280548371e-23
YJL130C,YLR433C,1.8475220594692742e-16
YJL130C,YJL073W,1.8065679160961245e-11
YJL130C,YGR279C,2.3693441181635744e-16
YJL130C,YKL190W,1.332172788329875e-16
YJL130C,YGL089C,1.8059856188301637e-07
YJL130C,YJL019W,3.2208022275881376e-06
YJL130C,YJL018W,0.2020167112350464
YJL130C,YNR032C-A,1.8789330091806278e-09
YJL130C,YGL178W,1.6424500360435286e-15
YJL130C,YKL116C,2.1740222469479598e-11
YJL130C,YDL214C,1.1388004139689656e-07
YJL130C,YLR362W,3.7102729777416243e-08
YJL130C,YER068W,1.613418930901389e-06
YJL130C,YHR084W,4.412513021634368e-07
YJL130C,YDR392W,1.2880765609679656e-07
YJL130C,YNL053W,6.606049596236119e-10
YJL130C,YGR040W,2.2619334183460182e-10
YJL130C,YDL216C,2.641576844417126e-12
YJL130C,YOL117W,2.829809719884224e-10
YJL130C,YJR086W,1.4618638033425668e-07
YJL130C,YMR025W,2.691320040090761e-12
YJL130C,YBR081C,2.2370352326106513e-06
YJL130C,YFL026W,1.4240785439767478e-08
YJL130C,YHL007C,0.00021513701358344406
YJL130C,YNR044W,2.0408306227182038e-05
YJL130C,YNL271C,2.4460500560262964e-14
YJL130C,YDR200C,1.9933897021928715e-07
YJL130C,YKL178C,1.1020161849728538e-07
YJL130C,YOR212W,1.4297131797143432e-14
YJL130C,YOL111C,4.8065054158996645e-09
YJL130C,YGL032C,2.7962401283332383e-09
YJL130C,YHR005C,1.955052226776388e-07
YJL130C,YDR103W,4.530579462880269e-05
YJL130C,YJR084W,3.725490402284315e-12
YJL130C,YCL032W,2.5710748083706387e-16
YJL130C,YJL170C,0.46480968594551086
YJL130C,YDR179C,1.7804535623611173e-11
YJL130C,YBR095C,2.6160965754806753e-11
YJL130C,YLL021W,2.2873342109264172e-11
YJL130C,YDL159W,1.5826669974572383e-09
YJL130C,YNL161W,4.967510083830895e-11
YJL130C,YNL188W,1.394604267138111e-12
YJL130C,YJL157C,0.005433891899883747
YJL130C,YJL034W,4.4573757831706685e-15
YJL130C,YLR238W,2.484765673216316e-06
YJL130C,YPR141C,8.530699915354489e-07
YJL130C,YNL127W,6.984804783714306e-15
YJL130C,YCL055W,6.053146872631032e-09
YJL130C,YPR122W,6.313408563302092e-12
YJL130C,YMR065W,2.5314389473507504e-10
YJL130C,YDR356W,2.3431512374827435e-07
YJL130C,YMR052W,0.0008196032722480595
YJL130C,YFR008W,2.560171186161142e-09
YJL130C,YLL043W,5.628839517157758e-06
YJL130C,YMR029C,5.907387345136308e-14
YJL130C,YJR004C,6.191716028780547e-10
YJL130C,YDL223C,1.0400776594143846e-11
YJL130C,YHR158C,4.308793108975806e-07
YJL130C,YGR238C,1.308535392671381e-13
YJL130C,YIL015W,2.8938360628671944e-05
YJL130C,YGL173C,2.882787101857612e-23
YJL130C,YDL225W,1.0550227639691984e-22
YJL130C,YLR330W,7.535471405932873e-14
YJL130C,YBR129C,1.4498839628895865e-10
YJL130C,YKR095W-A,0.2020167112350464
YJL130C,YPR075C,1.6703241954019177e-06
YJL130C,YMR198W,8.368906956324196e-11
YJL130C,YOR127W,0.5848849415779114
YJL130C,YDR264C,3.5171585643922754e-09
YJL130C,YLR110C,1.9280653106929424e-15
YJL130C,YDR379W,0.0003726373251993209
YJL130C,YDL100C,5.3090331068005037e-17
YJL130C,YHR073W,1.3480046163749648e-06
YJL130C,YJR090C,2.288645919179544e-05
YJL130C,YOR208W,8.948051717985739e-13
YJL130C,YBR040W,3.1783135151508546e-12
YJL130C,YNL279W,5.5332560755516624e-09
YJL130C,YER075C,5.776154665682043e-08
YJL130C,YCR089W,3.7663843954760523e-07
YJL130C,YCR002C,2.7463910408153736e-16
YJL130C,YJL108C,7.5318671406421345e-06
YJL130C,YBR200W,9.741977224919651e-10
YJL130C,YIL026C,2.3514529294329915e-16
YJL130C,YJR076C,6.790855838133226e-15
YJL130C,YKR031C,4.048009941470809e-06
YJL130C,YPL192C,1.837512618192011e-13
YJL130C,YHR107C,3.5073901472060243e-07
YJL130C,YIL037C,1.107196001548516e-09
YJL130C,YPL156C,1.9916126870112754e-17
YJL130C,YIL117C,1.079939225068563e-14
YJL130C,YHR066W,2.759782631711464e-15
YJL130C,YML085C,1.519742838518301e-11
YJL130C,YML047C,3.6780307709705085e-05
YJL130C,YDR312W,4.169261047515249e-10
YJL130C,YFL037W,5.086085949392684e-19
YJL130C,YDL038C,0.2020167112350464
YJL130C,YDL039C,2.5258403224884263e-13
YJL130C,YCL027W,6.942810215626594e-10
YJL130C,YML124C,2.785987277696359e-20
YJL130C,YGL053W,6.042278344331464e-10
YJL130C,YMR232W,9.350068097546682e-08
YJL130C,YNL298W,1.6203781649792859e-09
YJL130C,YGL099W,2.2336118211626656e-14
YJL130C,YBL016W,1.8132815127885893e-12
YJL130C,YAL041W,0.000546409806702286
YJL130C,YDR085C,4.972105784872838e-07
YJL130C,YPL187W,1.0838229619336559e-10
YJL130C,YPL256C,9.4590011516548e-16
YJL130C,YDR461W,3.136297776491065e-16
YJL130C,YNL145W,2.213290883901209e-09
OSR8,YDL165W,0.2020167112350464
OSR8,YGR059W,0.2020167112350464
OSR8,YBR109C,0.2020167112350464
OSR8,YJL080C,0.2020167112350464
OSR8,YCR093W,0.2020167112350464
OSR8,YIL122W,0.2020167112350464
OSR8,YCL029C,0.2020167112350464
OSR8,YNL173C,0.2020167112350464
OSR8,YLR452C,0.2020167112350464
OSR8,YDL160C,0.2020167112350464
OSR8,YLR229C,0.2020167112350464
OSR8,YML057W,0.2020167112350464
OSR8,YER149C,0.2020167112350464
OSR8,YMR305C,0.2020167112350464
OSR8,YLR433C,0.2020167112350464
OSR8,YJL073W,0.2020167112350464
OSR8,YGR279C,0.2020167112350464
OSR8,YKL190W,0.2020167112350464
OSR8,YGL089C,0.2020167112350464
OSR8,YJL019W,0.2020167112350464
OSR8,YJL018W,0.2020167112350464
OSR8,YNR032C-A,0.2020167112350464
OSR8,YGL178W,0.2020167112350464
OSR8,YKL116C,0.2020167112350464
OSR8,YDL214C,0.2020167112350464
OSR8,YLR362W,0.2020167112350464
OSR8,YER068W,0.2020167112350464
OSR8,YHR084W,0.2020167112350464
OSR8,YDR392W,0.2020167112350464
OSR8,YNL053W,0.2020167112350464
OSR8,YGR040W,0.2020167112350464
OSR8,YDL216C,0.2020167112350464
OSR8,YOL117W,0.2020167112350464
OSR8,YJR086W,0.2020167112350464
OSR8,YMR025W,0.2020167112350464
OSR8,YBR081C,0.2020167112350464
OSR8,YFL026W,0.2020167112350464
OSR8,YHL007C,0.2020167112350464
OSR8,YNR044W,0.2020167112350464
OSR8,YNL271C,0.2020167112350464
OSR8,YDR200C,0.2020167112350464
OSR8,YKL178C,0.2020167112350464
OSR8,YOR212W,0.2020167112350464
OSR8,YOL111C,0.2020167112350464
OSR8,YGL032C,0.2020167112350464
OSR8,YHR005C,0.2020167112350464
OSR8,YDR103W,0.2020167112350464
OSR8,YJR084W,0.2020167112350464
OSR8,YCL032W,0.2020167112350464
OSR8,YJL170C,0.2020167112350464
OSR8,YDR179C,0.2020167112350464
OSR8,YBR095C,0.2020167112350464
OSR8,YLL021W,0.2020167112350464
OSR8,YDL159W,0.2020167112350464
OSR8,YNL161W,0.2020167112350464
OSR8,YNL188W,0.2020167112350464
OSR8,YJL157C,0.2020167112350464
OSR8,YJL034W,0.2020167112350464
OSR8,YLR238W,0.2020167112350464
OSR8,YPR141C,0.2020167112350464
OSR8,YNL127W,0.2020167112350464
OSR8,YCL055W,0.2020167112350464
OSR8,YPR122W,0.2020167112350464
OSR8,YMR065W,0.2020167112350464
OSR8,YDR356W,0.2020167112350464
OSR8,YMR052W,0.2020167112350464
OSR8,YFR008W,0.2020167112350464
OSR8,YLL043W,0.2020167112350464
OSR8,YMR029C,0.2020167112350464
OSR8,YJR004C,0.2020167112350464
OSR8,YDL223C,0.2020167112350464
OSR8,YHR158C,0.2020167112350464
OSR8,YGR238C,0.2020167112350464
OSR8,YIL015W,0.2020167112350464
OSR8,YGL173C,0.2020167112350464
OSR8,YDL225W,0.2020167112350464
OSR8,YLR330W,0.2020167112350464
OSR8,YBR129C,0.2020167112350464
OSR8,YKR095W-A,0.2020167112350464
OSR8,YPR075C,0.2020167112350464
OSR8,YMR198W,0.2020167112350464
OSR8,YOR127W,0.2020167112350464
OSR8,YDR264C,0.2020167112350464
OSR8,YLR110C,0.2020167112350464
OSR8,YDR379W,0.2020167112350464
OSR8,YDL100C,0.2020167112350464
OSR8,YHR073W,0.2020167112350464
OSR8,YJR090C,0.2020167112350464
OSR8,YOR208W,0.2020167112350464
OSR8,YBR040W,0.2020167112350464
OSR8,YNL279W,0.2020167112350464
OSR8,YER075C,0.2020167112350464
OSR8,YCR089W,0.2020167112350464
OSR8,YCR002C,0.2020167112350464
OSR8,YJL108C,0.2020167112350464
OSR8,YBR200W,0.2020167112350464
OSR8,YIL026C,0.2020167112350464
OSR8,YJR076C,0.2020167112350464
OSR8,YKR031C,0.2020167112350464
OSR8,YPL192C,0.2020167112350464
OSR8,YHR107C,0.2020167112350464
OSR8,YIL037C,0.2020167112350464
OSR8,YPL156C,0.2020167112350464
OSR8,YIL117C,0.2020167112350464
OSR8,YHR066W,0.2020167112350464
OSR8,YML085C,0.2020167112350464
OSR8,YML047C,0.2020167112350464
OSR8,YDR312W,0.2020167112350464
OSR8,YFL037W,0.2020167112350464
OSR8,YDL038C,0.2020167112350464
OSR8,YDL039C,0.2020167112350464
OSR8,YCL027W,0.2020167112350464
OSR8,YML124C,0.2020167112350464
OSR8,YGL053W,0.2020167112350464
OSR8,YMR232W,0.2020167112350464
OSR8,YNL298W,0.2020167112350464
OSR8,YGL099W,0.2020167112350464
OSR8,YBL016W,0.2020167112350464
OSR8,YAL041W,0.2020167112350464
OSR8,YDR085C,0.2020167112350464
OSR8,YPL187W,0.2020167112350464
OSR8,YPL256C,0.2020167112350464
OSR8,YDR461W,0.2020167112350464
OSR8,YNL145W,0.2020167112350464
YOL140W,YDL165W,7.11287171384356e-08
YOL140W,YGR059W,2.5839213435574493e-08
YOL140W,YBR109C,0.21168072521686554
YOL140W,YJL080C,7.721973060981213e-10
YOL140W,YCR093W,0.0003445927577558905
YOL140W,YIL122W,0.006624608300626278
YOL140W,YCL029C,1.5140609320951626e-05
YOL140W,YNL173C,3.3559039991359896e-09
YOL140W,YLR452C,4.7346181371364735e-15
YOL140W,YDL160C,9.092735592242107e-11
YOL140W,YLR229C,2.4673270371255995e-11
YOL140W,YML057W,3.8947933555600125e-14
YOL140W,YER149C,3.644557364168577e-05
YOL140W,YMR305C,7.282759191797693e-19
YOL140W,YLR433C,1.8625049051479436e-05
YOL140W,YJL073W,2.344695104739003e-08
YOL140W,YGR279C,2.8188886988522732e-11
YOL140W,YKL190W,2.3217574529610374e-09
YOL140W,YGL089C,5.254204893390124e-07
YOL140W,YJL019W,2.715122571217421e-10
YOL140W,YJL018W,0.00036953555536456406
YOL140W,YNR032C-A,2.8248757644178113e-06
YOL140W,YGL178W,4.955542181050987e-07
YOL140W,YKL116C,6.413600598315962e-16
YOL140W,YDL214C,9.130042855076681e-08
YOL140W,YLR362W,8.292854403180172e-08
YOL140W,YER068W,1.8164490356298302e-08
YOL140W,YHR084W,2.9336346685227e-08
YOL140W,YDR392W,0.00016999797662720084
YOL140W,YNL053W,1.601901828962582e-07
YOL140W,YGR040W,3.327537204111941e-11
YOL140W,YDL216C,0.0005490182666108012
YOL140W,YOL117W,1.1085462547910652e-09
YOL140W,YJR086W,4.791016472438514e-10
YOL140W,YMR025W,6.921337444509845e-06
YOL140W,YBR081C,7.780147637248547e-10
YOL140W,YFL026W,1.0627241447958014e-10
YOL140W,YHL007C,1.0217661439160253e-10
YOL140W,YNR044W,8.404065238046352e-15
YOL140W,YNL271C,5.315833107033541e-09
YOL140W,YDR200C,1.0842244591913186e-05
YOL140W,YKL178C,2.8366563128656708e-05
YOL140W,YOR212W,1.7338367383601502e-19
YOL140W,YOL111C,3.373193990796608e-08
YOL140W,YGL032C,3.966118100606764e-09
YOL140W,YHR005C,3.0217422666714913e-14
YOL140W,YDR103W,0.0415583960711956
YOL140W,YJR084W,1.1003879014578888e-12
YOL140W,YCL032W,1.5410300591156556e-08
YOL140W,YJL170C,1.6178425515499945e-13
YOL140W,YDR179C,8.005208461082396e-17
YOL140W,YBR095C,5.086298315859494e-08
YOL140W,YLL021W,3.926601266357466e-09
YOL140W,YDL159W,8.001546980551666e-09
YOL140W,YNL161W,2.2682996814182843e-08
YOL140W,YNL188W,4.932263322741134e-16
YOL140W,YJL157C,9.689409274926675e-09
YOL140W,YJL034W,7.831904070589035e-13
YOL140W,YLR238W,1.4198430108081084e-05
YOL140W,YPR141C,3.4713466910002433e-12
YOL140W,YNL127W,1.5421844844990679e-13
YOL140W,YCL055W,4.756581955568662e-13
YOL140W,YPR122W,5.355178106514202e-12
YOL140W,YMR065W,7.509746158262942e-10
YOL140W,YDR356W,5.566890948216496e-08
YOL140W,YMR052W,0.4562841057777405
YOL140W,YFR008W,8.588975752843453e-09
YOL140W,YLL043W,1.1149546300778579e-16
YOL140W,YMR029C,4.924783844617586e-11
YOL140W,YJR004C,1.2055666082676522e-17
YOL140W,YDL223C,2.4918789254257945e-10
YOL140W,YHR158C,8.136168128114463e-11
YOL140W,YGR238C,8.92109319750034e-09
YOL140W,YIL015W,1.906738100743155e-10
YOL140W,YGL173C,2.5873717390823003e-07
YOL140W,YDL225W,6.85657531186018e-13
YOL140W,YLR330W,2.6495783345126256e-07
YOL140W,YBR129C,2.463649479977903e-07
YOL140W,YKR095W-A,0.2020167112350464
YOL140W,YPR075C,1.8437706222895756e-11
YOL140W,YMR198W,2.0058951832879757e-08
YOL140W,YOR127W,4.864565273223018e-16
YOL140W,YDR264C,5.294353968565702e-07
YOL140W,YLR110C,6.195260415786663e-10
YOL140W,YDR379W,6.771064420263428e-08
YOL140W,YDL100C,7.833579407931607e-20
YOL140W,YHR073W,2.7328317386832168e-08
YOL140W,YJR090C,7.657539695653942e-14
YOL140W,YOR208W,1.1042897707369548e-09
YOL140W,YBR040W,2.208359189959097e-11
YOL140W,YNL279W,3.735259497539278e-12
YOL140W,YER075C,0.0001436445163562894
YOL140W,YCR089W,8.941479690991946e-14
YOL140W,YCR002C,7.383583966458218e-09
YOL140W,YJL108C,7.265348025075561e-15
YOL140W,YBR200W,1.323797732766252e-06
YOL140W,YIL026C,2.169660284767616e-11
YOL140W,YJR076C,1.1861396131962465e-07
YOL140W,YKR031C,0.0003059471782762557
YOL140W,YPL192C,5.1680844990187325e-06
YOL140W,YHR107C,0.00016925284580793232
YOL140W,YIL037C,1.2458746534438347e-10
YOL140W,YPL156C,1.1552694217931148e-10
YOL140W,YIL117C,3.210400559760726e-14
YOL140W,YHR066W,7.270781741432197e-15
YOL140W,YML085C,2.667400744726933e-10
YOL140W,YML047C,2.1603668187708536e-07
YOL140W,YDR312W,1.54077834204399e-14
YOL140W,YFL037W,1.0253133079704806e-14
YOL140W,YDL038C,0.2020167112350464
YOL140W,YDL039C,3.6830971605894547e-09
YOL140W,YCL027W,2.0102413067490943e-09
YOL140W,YML124C,1.231537223047839e-23
YOL140W,YGL053W,2.0781949672254996e-07
YOL140W,YMR232W,1.3739069970597484e-07
YOL140W,YNL298W,1.0122085012545068e-15
YOL140W,YGL099W,3.230566925083167e-10
YOL140W,YBL016W,3.1728198627428705e-12
YOL140W,YAL041W,0.9460499882698059
YOL140W,YDR085C,1.5779380744867301e-16
YOL140W,YPL187W,1.214679201666513e-07
YOL140W,YPL256C,6.27587040038293e-22
YOL140W,YDR461W,0.015119781717658043
YOL140W,YNL145W,0.0010687444591894746
YPL100W,YDL165W,8.380817462239065e-07
YPL100W,YGR059W,7.864991147243927e-08
YPL100W,YBR109C,3.088650483377281e-13
YPL100W,YJL080C,4.778267226335231e-10
YPL100W,YCR093W,0.7953457832336426
YPL100W,YIL122W,1.0886100426432677e-05
YPL100W,YCL029C,8.75278256991241e-13
YPL100W,YNL173C,0.013313429430127144
YPL100W,YLR452C,0.004183294717222452
YPL100W,YDL160C,0.28553277254104614
YPL100W,YLR229C,0.0038672136142849922
YPL100W,YML057W,9.489850327781824e-08
YPL100W,YER149C,7.666998862987384e-05
YPL100W,YMR305C,2.4225157176260836e-05
YPL100W,YLR433C,4.587370927566781e-09
YPL100W,YJL073W,1.7980319890040144e-15
YPL100W,YGR279C,7.054625113245283e-12
YPL100W,YKL190W,0.9626018404960632
YPL100W,YGL089C,7.311950298571901e-07
YPL100W,YJL019W,5.162321485840948e-06
YPL100W,YJL018W,0.2020167112350464
YPL100W,YNR032C-A,0.9971941709518433
YPL100W,YGL178W,0.00017193380335811526
YPL100W,YKL116C,8.822986274026334e-05
YPL100W,YDL214C,0.9995611310005188
YPL100W,YLR362W,0.0008377354824915528
YPL100W,YER068W,5.775174577138387e-05
YPL100W,YHR084W,2.1665021165961917e-10
YPL100W,YDR392W,5.729521035391372e-06
YPL100W,YNL053W,2.8590152467700136e-09
YPL100W,YGR040W,2.4988814402604476e-05
YPL100W,YDL216C,2.2042931036025948e-08
YPL100W,YOL117W,0.00015957211144268513
YPL100W,YJR086W,2.5883493435685523e-05
YPL100W,YMR025W,0.7944894433021545
YPL100W,YBR081C,0.0008961610728874803
YPL100W,YFL026W,3.79858713928094e-11
YPL100W,YHL007C,1.2217381595291954e-07
YPL100W,YNR044W,0.29617443680763245
YPL100W,YNL271C,0.023625629022717476
YPL100W,YDR200C,0.00189719267655164
YPL100W,YKL178C,0.8757044076919556
YPL100W,YOR212W,1.4623043171013705e-05
YPL100W,YOL111C,1.794934689769434e-07
YPL100W,YGL032C,1.0892921409322298e-06
YPL100W,YHR005C,6.641069916213382e-10
YPL100W,YDR103W,0.00044520862866193056
YPL100W,YJR084W,0.00017921481048688293
YPL100W,YCL032W,4.94651758344844e-05
YPL100W,YJL170C,0.0005183235043659806
YPL100W,YDR179C,1.8601606366352996e-11
YPL100W,YBR095C,3.97433977923356e-05
YPL100W,YLL021W,2.508948826474011e-09
YPL100W,YDL159W,4.641899522539461e-07
YPL100W,YNL161W,1.8318752070811684e-09
YPL100W,YNL188W,6.02702998619975e-09
YPL100W,YJL157C,1.0471868927552919e-09
YPL100W,YJL034W,1.955070897926084e-13
YPL100W,YLR238W,0.11726543307304382
YPL100W,YPR141C,1.3581660596173606e-07
YPL100W,YNL127W,6.293463172823976e-08
YPL100W,YCL055W,5.14255532380048e-07
YPL100W,YPR122W,0.18440893292427063
YPL100W,YMR065W,0.3530347943305969
YPL100W,YDR356W,5.268550467008026e-07
YPL100W,YMR052W,0.6617249250411987
YPL100W,YFR008W,0.0001027859325404279
YPL100W,YLL043W,3.068177647946868e-06
YPL100W,YMR029C,0.0008371258736588061
YPL100W,YJR004C,1.6914564184844494e-06
YPL100W,YDL223C,4.0856728446669877e-05
YPL100W,YHR158C,1.9298738163087137e-09
YPL100W,YGR238C,2.3050537834023999e-07
YPL100W,YIL015W,2.6866914248913076e-10
YPL100W,YGL173C,0.009713204577565193
YPL100W,YDL225W,2.980194979684825e-09
YPL100W,YLR330W,3.6874784115070725e-08
YPL100W,YBR129C,6.975781730034214e-07
YPL100W,YKR095W-A,0.2020167112350464
YPL100W,YPR075C,7.635809762263079e-10
YPL100W,YMR198W,0.09461911022663116
YPL100W,YOR127W,7.224549847251183e-09
YPL100W,YDR264C,0.003673941595479846
YPL100W,YLR110C,1.127011040047421e-09
YPL100W,YDR379W,0.00027710155700333416
YPL100W,YDL100C,1.7478585689900683e-08
YPL100W,YHR073W,1.7833772178736836e-14
YPL100W,YJR090C,0.9781627058982849
YPL100W,YOR208W,7.899465259697536e-08
YPL100W,YBR040W,0.016347993165254593
YPL100W,YNL279W,1.4598481357097626e-06
YPL100W,YER075C,0.0004295801045373082
YPL100W,YCR089W,0.020616617053747177
YPL100W,YCR002C,1.3848011803929694e-05
YPL100W,YJL108C,0.988410472869873
YPL100W,YBR200W,1.008987164652364e-12
YPL100W,YIL026C,1.252207559865326e-09
YPL100W,YJR076C,2.1767978062035885e-15
YPL100W,YKR031C,0.00027217433671467006
YPL100W,YPL192C,5.854401388205588e-05
YPL100W,YHR107C,3.0006985980435275e-06
YPL100W,YIL037C,1.2201073786854977e-06
YPL100W,YPL156C,2.5237095542252064e-06
YPL100W,YIL117C,0.16453219950199127
YPL100W,YHR066W,1.0324443877607337e-07
YPL100W,YML085C,3.5311742132869753e-16
YPL100W,YML047C,0.9371932744979858
YPL100W,YDR312W,0.9451500177383423
YPL100W,YFL037W,8.289343170209129e-12
YPL100W,YDL038C,0.2020167112350464
YPL100W,YDL039C,1.798539273067945e-08
YPL100W,YCL027W,7.174944016696827e-07
YPL100W,YML124C,3.12090509143291e-14
YPL100W,YGL053W,0.0010896319290623069
YPL100W,YMR232W,0.002651732647791505
YPL100W,YNL298W,6.467625990325132e-09
YPL100W,YGL099W,0.8769594430923462
YPL100W,YBL016W,4.522725943756356e-12
YPL100W,YAL041W,0.21697218716144562
YPL100W,YDR085C,0.027711816132068634
YPL100W,YPL187W,0.005330720916390419
YPL100W,YPL256C,1.2538614100776613e-05
YPL100W,YDR461W,6.785556934119086e-07
YPL100W,YNL145W,7.271639020089982e-12
YGR161C-C,YDL165W,1.8618407011672389e-06
YGR161C-C,YGR059W,0.0028754810336977243
YGR161C-C,YBR109C,0.0013437503948807716
YGR161C-C,YJL080C,0.0006266601849347353
YGR161C-C,YCR093W,0.0037233938928693533
YGR161C-C,YIL122W,0.0034516630694270134
YGR161C-C,YCL029C,0.0026606342289596796
YGR161C-C,YNL173C,8.708744280738756e-05
YGR161C-C,YLR452C,4.911583891953342e-05
YGR161C-C,YDL160C,1.2699680155492388e-05
YGR161C-C,YLR229C,0.0014025489799678326
YGR161C-C,YML057W,0.0010775565169751644
YGR161C-C,YER149C,0.0009197469335049391
YGR161C-C,YMR305C,4.199043178232387e-05
YGR161C-C,YLR433C,0.0001335913548246026
YGR161C-C,YJL073W,0.0008376720361411572
YGR161C-C,YGR279C,8.230191269831266e-06
YGR161C-C,YKL190W,0.00016669441538397223
YGR161C-C,YGL089C,0.0004122577956877649
YGR161C-C,YJL019W,4.012632416561246e-05
YGR161C-C,YJL018W,0.2020167112350464
YGR161C-C,YNR032C-A,0.0052941725589334965
YGR161C-C,YGL178W,1.3042082173342351e-05
YGR161C-C,YKL116C,0.00023483537370339036
YGR161C-C,YDL214C,0.001044530188664794
YGR161C-C,YLR362W,0.00034086176310665905
YGR161C-C,YER068W,1.5554380297544412e-05
YGR161C-C,YHR084W,6.230622966540977e-05
YGR161C-C,YDR392W,4.021339555038139e-05
YGR161C-C,YNL053W,3.332949745527003e-06
YGR161C-C,YGR040W,7.046038081170991e-05
YGR161C-C,YDL216C,0.00037429039366543293
YGR161C-C,YOL117W,0.1473723202943802
YGR161C-C,YJR086W,0.0166256632655859
YGR161C-C,YMR025W,1.9804525436484255e-05
YGR161C-C,YBR081C,0.00025868008378893137
YGR161C-C,YFL026W,1.5724375771242194e-05
YGR161C-C,YHL007C,0.0009865500032901764
YGR161C-C,YNR044W,0.0003266895073466003
YGR161C-C,YNL271C,0.0005399446818046272
YGR161C-C,YDR200C,0.000108331412775442
YGR161C-C,YKL178C,7.526342233177274e-05
YGR161C-C,YOR212W,0.00022324749443214387
YGR161C-C,YOL111C,0.0047363825142383575
YGR161C-C,YGL032C,2.2977239950705552e-06
YGR161C-C,YHR005C,6.297615072980989e-06
YGR161C-C,YDR103W,4.254911982570775e-05
YGR161C-C,YJR084W,0.0004068976268172264
YGR161C-C,YCL032W,6.393025978468359e-05
YGR161C-C,YJL170C,0.0007608747109770775
YGR161C-C,YDR179C,0.0005999390850774944
YGR161C-C,YBR095C,0.00038534755003638566
YGR161C-C,YLL021W,0.00040567509131506085
YGR161C-C,YDL159W,0.04004989564418793
YGR161C-C,YNL161W,0.0013179377419874072
YGR161C-C,YNL188W,0.006518937647342682
YGR161C-C,YJL157C,0.002588641596958041
YGR161C-C,YJL034W,0.003366118296980858
YGR161C-C,YLR238W,5.814616088173352e-06
YGR161C-C,YPR141C,0.0001775865675881505
YGR161C-C,YNL127W,0.00036382931284606457
YGR161C-C,YCL055W,1.2286099263292272e-05
YGR161C-C,YPR122W,0.0007958144997246563
YGR161C-C,YMR065W,0.0037438604049384594
YGR161C-C,YDR356W,0.000388918851967901
YGR161C-C,YMR052W,1.7675109120318666e-05
YGR161C-C,YFR008W,0.00043184857349842787
YGR161C-C,YLL043W,0.0003139092877972871
YGR161C-C,YMR029C,0.003619459690526128
YGR161C-C,YJR004C,0.00032087776344269514
YGR161C-C,YDL223C,0.002090808702632785
YGR161C-C,YHR158C,0.0007540017832070589
YGR161C-C,YGR238C,0.00019439267634879798
YGR161C-C,YIL015W,5.9860518376808614e-05
YGR161C-C,YGL173C,0.000981183024123311
YGR161C-C,YDL225W,0.05136680230498314
YGR161C-C,YLR330W,0.0002875561476685107
YGR161C-C,YBR129C,1.548133514006622e-05
YGR161C-C,YKR095W-A,0.2020167112350464
YGR161C-C,YPR075C,0.00022200978128239512
YGR161C-C,YMR198W,5.850308298249729e-06
YGR161C-C,YOR127W,0.001111866207793355
YGR161C-C,YDR264C,0.0008820216171443462
YGR161C-C,YLR110C,6.108144589234143e-05
YGR161C-C,YDR379W,0.0125881964340806
YGR161C-C,YDL100C,0.0010234928922727704
YGR161C-C,YHR073W,0.042941607534885406
YGR161C-C,YJR090C,0.00109210261143744
YGR161C-C,YOR208W,4.421068661031313e-05
YGR161C-C,YBR040W,0.04778367653489113
YGR161C-C,YNL279W,0.013656038790941238
YGR161C-C,YER075C,0.005588570609688759
YGR161C-C,YCR089W,0.004152280744165182
YGR161C-C,YCR002C,1.0163870456381119e-06
YGR161C-C,YJL108C,0.002904280088841915
YGR161C-C,YBR200W,0.0012138404417783022
YGR161C-C,YIL026C,0.00041437832987867296
YGR161C-C,YJR076C,0.004176244605332613
YGR161C-C,YKR031C,0.0006620869389735162
YGR161C-C,YPL192C,0.0017792501021176577
YGR161C-C,YHR107C,0.0001479078346164897
YGR161C-C,YIL037C,0.006601412780582905
YGR161C-C,YPL156C,2.259779466839973e-05
YGR161C-C,YIL117C,0.0014523067511618137
YGR161C-C,YHR066W,3.2808158721309155e-05
YGR161C-C,YML085C,0.003035409841686487
YGR161C-C,YML047C,0.001720624160952866
YGR161C-C,YDR312W,0.0013300653081387281
YGR161C-C,YFL037W,0.004187462385743856
YGR161C-C,YDL038C,0.2020167112350464
YGR161C-C,YDL039C,0.00012035421241307631
YGR161C-C,YCL027W,0.0001857712195487693
YGR161C-C,YML124C,4.7692428779555485e-05
YGR161C-C,YGL053W,0.0009551010443829
YGR161C-C,YMR232W,0.0001893648150144145
YGR161C-C,YNL298W,6.779623799957335e-05
YGR161C-C,YGL099W,9.169331315206364e-05
YGR161C-C,YBL016W,0.0025449960958212614
YGR161C-C,YAL041W,8.285374497063458e-05
YGR161C-C,YDR085C,0.0009995559230446815
YGR161C-C,YPL187W,0.0012440219288691878
YGR161C-C,YPL256C,0.0006214387249201536
YGR161C-C,YDR461W,6.263020623009652e-06
YGR161C-C,YNL145W,0.0024779520463198423
YML064C,YDL165W,5.817649707751116e-06
YML064C,YGR059W,1.1057434221584117e-06
YML064C,YBR109C,0.007348243612796068
YML064C,YJL080C,8.798455155556439e-07
YML064C,YCR093W,0.003200065577402711
YML064C,YIL122W,0.0021206147503107786
YML064C,YCL029C,3.5876554504987723e-10
YML064C,YNL173C,2.8501401000587123e-13
YML064C,YLR452C,0.0008469243184663355
YML064C,YDL160C,4.689084120990117e-10
YML064C,YLR229C,0.012956604361534119
YML064C,YML057W,1.5119395584406448e-06
YML064C,YER149C,0.00011923498823307455
YML064C,YMR305C,0.0016064116498455405
YML064C,YLR433C,0.07103469222784042
YML064C,YJL073W,1.8775170307350209e-10
YML064C,YGR279C,5.931985015195096e-06
YML064C,YKL190W,0.020023765042424202
YML064C,YGL089C,0.001234015915542841
YML064C,YJL019W,2.5700326659716666e-05
YML064C,YJL018W,0.13594530522823334
YML064C,YNR032C-A,0.9990062117576599
YML064C,YGL178W,5.123576007903807e-10
YML064C,YKL116C,6.22017779505768e-08
YML064C,YDL214C,0.0006520772003568709
YML064C,YLR362W,8.636166967335157e-06
YML064C,YER068W,0.00206067250110209
YML064C,YHR084W,1.3662425146776513e-07
YML064C,YDR392W,6.121307905004869e-10
YML064C,YNL053W,0.0009875294053927064
YML064C,YGR040W,1.8626114979269914e-05
YML064C,YDL216C,1.8720227672019973e-05
YML064C,YOL117W,3.44041723110422e-07
YML064C,YJR086W,5.538937693927437e-05
YML064C,YMR025W,0.0012913936516270041
YML064C,YBR081C,6.961949839023873e-05
YML064C,YFL026W,0.00011761239875340834
YML064C,YHL007C,0.007218722254037857
YML064C,YNR044W,1.2907955238006252e-07
YML064C,YNL271C,0.0006037962739355862
YML064C,YDR200C,1.7525891280456563e-06
YML064C,YKL178C,1.6186976203869108e-09
YML064C,YOR212W,0.13519753515720367
YML064C,YOL111C,2.9051143712877092e-08
YML064C,YGL032C,0.9577045440673828
YML064C,YHR005C,0.00015295374032575637
YML064C,YDR103W,9.969783150154399e-07
YML064C,YJR084W,1.0115722943737637e-06
YML064C,YCL032W,2.4798418962745927e-06
YML064C,YJL170C,0.001124800299294293
YML064C,YDR179C,5.970030247937075e-09
YML064C,YBR095C,1.0126716915692668e-05
YML064C,YLL021W,7.548086387032527e-07
YML064C,YDL159W,1.648936126530387e-10
YML064C,YNL161W,1.3591795777756488e-06
YML064C,YNL188W,2.1633654796460178e-06
YML064C,YJL157C,2.528883851482533e-05
YML064C,YJL034W,1.2729540728798061e-12
YML064C,YLR238W,2.543221455653111e-07
YML064C,YPR141C,0.00018686360272113234
YML064C,YNL127W,0.0011940121185034513
YML064C,YCL055W,8.93806827662047e-06
YML064C,YPR122W,0.0004397456650622189
YML064C,YMR065W,1.847253406594973e-05
YML064C,YDR356W,1.760724262567237e-05
YML064C,YMR052W,1.1385333786861906e-09
YML064C,YFR008W,3.83403378489966e-12
YML064C,YLL043W,0.7345972061157227
YML064C,YMR029C,3.29340146265622e-08
YML064C,YJR004C,1.3088563219354477e-11
YML064C,YDL223C,1.7008174382771024e-11
YML064C,YHR158C,9.293762559536844e-06
YML064C,YGR238C,9.142946138683203e-14
YML064C,YIL015W,0.014008223079144955
YML064C,YGL173C,0.6301767826080322
YML064C,YDL225W,0.18198220431804657
YML064C,YLR330W,0.042082153260707855
YML064C,YBR129C,5.59019008861128e-09
YML064C,YKR095W-A,0.2020167112350464
YML064C,YPR075C,1.0891327839601672e-09
YML064C,YMR198W,1.1425448320778742e-07
YML064C,YOR127W,0.0002660775207914412
YML064C,YDR264C,1.3240173757367302e-05
YML064C,YLR110C,0.00158768764231354
YML064C,YDR379W,2.2557280487944809e-07
YML064C,YDL100C,0.000181251933099702
YML064C,YHR073W,6.752524495823309e-05
YML064C,YJR090C,1.2555070725284168e-06
YML064C,YOR208W,2.0763477550644893e-06
YML064C,YBR040W,0.0005366923869587481
YML064C,YNL279W,7.771219316055067e-06
YML064C,YER075C,4.025894728698631e-09
YML064C,YCR089W,3.5804375784209697e-06
YML064C,YCR002C,0.006194442976266146
YML064C,YJL108C,0.9802657961845398
YML064C,YBR200W,2.3196759790788946e-10
YML064C,YIL026C,3.462800748366135e-07
YML064C,YJR076C,4.416176011545758e-07
YML064C,YKR031C,1.1784229841937943e-11
YML064C,YPL192C,0.0006002176669426262
YML064C,YHR107C,1.0809391824295744e-05
YML064C,YIL037C,0.924707293510437
YML064C,YPL156C,1.641452740841487e-06
YML064C,YIL117C,9.004819730762392e-06
YML064C,YHR066W,6.778184342692839e-07
YML064C,YML085C,1.0458340966579271e-06
YML064C,YML047C,0.5470178127288818
YML064C,YDR312W,0.28760766983032227
YML064C,YFL037W,3.4925928815709995e-08
YML064C,YDL038C,0.2020167112350464
YML064C,YDL039C,2.662588303049135e-13
YML064C,YCL027W,0.00012436402903404087
YML064C,YML124C,1.946277166098298e-07
YML064C,YGL053W,4.633704065781785e-06
YML064C,YMR232W,5.467634345279748e-09
YML064C,YNL298W,2.0183013305086206e-07
YML064C,YGL099W,1.9460451028407988e-07
YML064C,YBL016W,8.825019904179499e-06
YML064C,YAL041W,1.9211642693361952e-11
YML064C,YDR085C,1.658576498364539e-09
YML064C,YPL187W,2.760475013019459e-07
YML064C,YPL256C,5.161129593034275e-05
YML064C,YDR461W,0.001123023102991283
YML064C,YNL145W,0.0005228496738709509
YOL124C,YDL165W,3.2641728466842324e-05
YOL124C,YGR059W,7.189064621382357e-11
YOL124C,YBR109C,0.014568688347935677
YOL124C,YJL080C,0.00025358781567774713
YOL124C,YCR093W,2.260030242950961e-07
YOL124C,YIL122W,3.780024287558612e-16
YOL124C,YCL029C,4.425250388351287e-09
YOL124C,YNL173C,8.845546517477487e-08
YOL124C,YLR452C,0.2908930778503418
YOL124C,YDL160C,7.659242839963554e-08
YOL124C,YLR229C,3.973963862837713e-16
YOL124C,YML057W,1.3405819423301102e-12
YOL124C,YER149C,1.4214415386959445e-06
YOL124C,YMR305C,4.2206971784253255e-07
YOL124C,YLR433C,1.296571383591072e-08
YOL124C,YJL073W,1.6624993381650817e-18
YOL124C,YGR279C,1.1252399900740784e-07
YOL124C,YKL190W,8.512226479240326e-09
YOL124C,YGL089C,0.0009068797808140516
YOL124C,YJL019W,1.8563268895377405e-05
YOL124C,YJL018W,0.00010611451580189168
YOL124C,YNR032C-A,0.5990526080131531
YOL124C,YGL178W,1.9117417371372625e-10
YOL124C,YKL116C,4.642504038658952e-18
YOL124C,YDL214C,1.4690657508253935e-06
YOL124C,YLR362W,6.326950074964088e-11
YOL124C,YER068W,1.89793276580974e-13
YOL124C,YHR084W,2.0920359628667784e-12
YOL124C,YDR392W,1.1035974694095785e-06
YOL124C,YNL053W,1.4209013521337965e-08
YOL124C,YGR040W,3.9438962318172344e-08
YOL124C,YDL216C,1.0895989362325054e-05
YOL124C,YOL117W,4.0468926820746987e-11
YOL124C,YJR086W,3.5253857610939576e-09
YOL124C,YMR025W,0.011899583041667938
YOL124C,YBR081C,1.2042813750667847e-06
YOL124C,YFL026W,0.0018742283573374152
YOL124C,YHL007C,7.416077300870239e-12
YOL124C,YNR044W,6.605167524043054e-10
YOL124C,YNL271C,2.9958605409774464e-06
YOL124C,YDR200C,2.2527786927573068e-11
YOL124C,YKL178C,9.972250700229779e-05
YOL124C,YOR212W,6.895323895195204e-11
YOL124C,YOL111C,3.2886027234724224e-10
YOL124C,YGL032C,1.655734882533011e-09
YOL124C,YHR005C,0.0003351679479237646
YOL124C,YDR103W,1.3325555936472e-10
YOL124C,YJR084W,3.977855200787417e-08
YOL124C,YCL032W,2.3043386643273323e-10
YOL124C,YJL170C,0.30423393845558167
YOL124C,YDR179C,5.550500645767897e-06
YOL124C,YBR095C,0.000617930490989238
YOL124C,YLL021W,0.0004291802179068327
YOL124C,YDL159W,2.5524502650364767e-11
YOL124C,YNL161W,0.00035437772748991847
YOL124C,YNL188W,6.543248218804365e-07
YOL124C,YJL157C,8.226793468679716e-09
YOL124C,YJL034W,4.972990817514714e-18
YOL124C,YLR238W,0.0004492244333960116
YOL124C,YPR141C,1.829644880046999e-08
YOL124C,YNL127W,2.3272386684425328e-08
YOL124C,YCL055W,1.1482702289011826e-10
YOL124C,YPR122W,2.647396115662559e-07
YOL124C,YMR065W,0.008702149614691734
YOL124C,YDR356W,0.09338962286710739
YOL124C,YMR052W,7.934887253213674e-05
YOL124C,YFR008W,8.120595751393012e-09
YOL124C,YLL043W,2.523094788653424e-10
YOL124C,YMR029C,2.219005352799286e-07
YOL124C,YJR004C,2.619882731439739e-14
YOL124C,YDL223C,1.1725849783338071e-14
YOL124C,YHR158C,0.06431877613067627
YOL124C,YGR238C,7.707787045337783e-14
YOL124C,YIL015W,0.24046069383621216
YOL124C,YGL173C,1.5185779034254665e-07
YOL124C,YDL225W,3.6781747780878504e-07
YOL124C,YLR330W,1.1399449249438476e-05
YOL124C,YBR129C,9.56031787069378e-09
YOL124C,YKR095W-A,0.2020167112350464
YOL124C,YPR075C,0.01652333326637745
YOL124C,YMR198W,4.329400837832509e-07
YOL124C,YOR127W,6.349538672623112e-09
YOL124C,YDR264C,0.6471514105796814
YOL124C,YLR110C,0.06075907498598099
YOL124C,YDR379W,5.565342144109309e-05
YOL124C,YDL100C,0.00041444666567258537
YOL124C,YHR073W,2.5867191892690704e-14
YOL124C,YJR090C,3.399131287551427e-08
YOL124C,YOR208W,7.268169429153204e-05
YOL124C,YBR040W,0.0042395512573421
YOL124C,YNL279W,3.69621666607145e-08
YOL124C,YER075C,1.422102435810757e-08
YOL124C,YCR089W,5.667781355356283e-09
YOL124C,YCR002C,0.40297794342041016
YOL124C,YJL108C,0.9747193455696106
YOL124C,YBR200W,2.0737249695201854e-09
YOL124C,YIL026C,7.944716884367153e-09
YOL124C,YJR076C,2.290949851158075e-06
YOL124C,YKR031C,4.2102303268620744e-05
YOL124C,YPL192C,9.00659360922873e-05
YOL124C,YHR107C,3.3196708955074428e-06
YOL124C,YIL037C,1.2824367331631947e-05
YOL124C,YPL156C,3.3238251262446283e-08
YOL124C,YIL117C,0.9725998044013977
YOL124C,YHR066W,3.8941676272497006e-11
YOL124C,YML085C,1.81794353876219e-11
YOL124C,YML047C,1.7137141128387157e-07
YOL124C,YDR312W,0.0009267882560379803
YOL124C,YFL037W,7.998618941799452e-16
YOL124C,YDL038C,0.2020167112350464
YOL124C,YDL039C,7.982068447405695e-16
YOL124C,YCL027W,3.600492277655576e-07
YOL124C,YML124C,4.86315231638788e-17
YOL124C,YGL053W,1.8245786122861318e-05
YOL124C,YMR232W,0.02580014429986477
YOL124C,YNL298W,5.241541293798946e-05
YOL124C,YGL099W,4.189714200575345e-11
YOL124C,YBL016W,4.560629207258791e-21
YOL124C,YAL041W,1.18927528092172e-06
YOL124C,YDR085C,1.8887640340636835e-09
YOL124C,YPL187W,0.0041245087049901485
YOL124C,YPL256C,1.8293406208165647e-20
YOL124C,YDR461W,1.3428313365773659e-12
YOL124C,YNL145W,3.587677710470416e-09
YOR017W,YDL165W,4.0493818232789636e-05
YOR017W,YGR059W,4.193696084842102e-11
YOR017W,YBR109C,5.014318503526738e-06
YOR017W,YJL080C,1.9250523109803908e-05
YOR017W,YCR093W,1.599602050816884e-08
YOR017W,YIL122W,4.7484849982192684e-14
YOR017W,YCL029C,1.4078396434746843e-11
YOR017W,YNL173C,2.2356857698468957e-08
YOR017W,YLR452C,0.010193511843681335
YOR017W,YDL160C,0.00016061702626757324
YOR017W,YLR229C,8.194684375517625e-10
YOR017W,YML057W,6.977896646276349e-06
YOR017W,YER149C,6.164624937810004e-05
YOR017W,YMR305C,1.2887814591522329e-05
YOR017W,YLR433C,8.436418283963576e-06
YOR017W,YJL073W,1.4053085362064621e-09
YOR017W,YGR279C,2.371586742810905e-05
YOR017W,YKL190W,0.0003981227637268603
YOR017W,YGL089C,0.010107476264238358
YOR017W,YJL019W,5.47049552324097e-08
YOR017W,YJL018W,0.17437149584293365
YOR017W,YNR032C-A,0.0031588838901370764
YOR017W,YGL178W,0.0004964133840985596
YOR017W,YKL116C,1.1324119242317465e-07
YOR017W,YDL214C,1.5287276937669958e-06
YOR017W,YLR362W,0.001130719087086618
YOR017W,YER068W,5.9429894463391975e-05
YOR017W,YHR084W,1.1394175603030021e-09
YOR017W,YDR392W,0.04346257448196411
YOR017W,YNL053W,3.2358489221451237e-08
YOR017W,YGR040W,0.490885853767395
YOR017W,YDL216C,9.063335892278701e-05
YOR017W,YOL117W,2.5886678217679204e-11
YOR017W,YJR086W,4.479907602217281e-06
YOR017W,YMR025W,3.3408764643638733e-09
YOR017W,YBR081C,9.091170483088717e-08
YOR017W,YFL026W,2.244485222036019e-05
YOR017W,YHL007C,1.9017206795979291e-06
YOR017W,YNR044W,0.968923032283783
YOR017W,YNL271C,1.5319866406571236e-06
YOR017W,YDR200C,6.973971721890848e-06
YOR017W,YKL178C,1.2121911652229755e-07
YOR017W,YOR212W,5.902290747892679e-16
YOR017W,YOL111C,1.766690793658654e-09
YOR017W,YGL032C,5.105769626534418e-11
YOR017W,YHR005C,9.85993210633751e-06
YOR017W,YDR103W,4.620724809722976e-12
YOR017W,YJR084W,9.455246618017554e-05
YOR017W,YCL032W,1.418450779056002e-08
YOR017W,YJL170C,0.00014839974755886942
YOR017W,YDR179C,3.4780375801624075e-10
YOR017W,YBR095C,6.438470734337898e-08
YOR017W,YLL021W,0.0006114067509770393
YOR017W,YDL159W,1.0950208888971247e-05
YOR017W,YNL161W,1.3941736142442096e-05
YOR017W,YNL188W,4.1164475987898186e-05
YOR017W,YJL157C,1.702263148217753e-06
YOR017W,YJL034W,2.8015456337016076e-06
YOR017W,YLR238W,0.0008986330358311534
YOR017W,YPR141C,1.594612967892317e-06
YOR017W,YNL127W,1.1841289904168661e-07
YOR017W,YCL055W,1.6215950381592847e-05
YOR017W,YPR122W,0.993839681148529
YOR017W,YMR065W,7.357491995207965e-05
YOR017W,YDR356W,0.06379704177379608
YOR017W,YMR052W,1.7575145505599465e-10
YOR017W,YFR008W,0.01639457233250141
YOR017W,YLL043W,2.097149945257115e-06
YOR017W,YMR029C,0.0001904311211546883
YOR017W,YJR004C,4.40850619898292e-11
YOR017W,YDL223C,8.045579982815266e-19
YOR017W,YHR158C,0.009719783440232277
YOR017W,YGR238C,0.0013100996147841215
YOR017W,YIL015W,0.4681967496871948
YOR017W,YGL173C,0.005831846501678228
YOR017W,YDL225W,9.143522605725707e-10
YOR017W,YLR330W,5.0677035901003364e-09
YOR017W,YBR129C,2.1645668311975896e-05
YOR017W,YKR095W-A,0.2020167112350464
YOR017W,YPR075C,4.758330760523677e-05
YOR017W,YMR198W,0.00024249071429949254
YOR017W,YOR127W,8.093661563179921e-08
YOR017W,YDR264C,0.9710525274276733
YOR017W,YLR110C,1.5807205272722058e-05
YOR017W,YDR379W,1.0494738944544224e-06
YOR017W,YDL100C,2.192926534805295e-10
YOR017W,YHR073W,0.6716304421424866
YOR017W,YJR090C,0.0001687082403805107
YOR017W,YOR208W,5.710199246777847e-08
YOR017W,YBR040W,1.6820478094814462e-06
YOR017W,YNL279W,5.3046942838363975e-08
YOR017W,YER075C,2.073589166684542e-05
YOR017W,YCR089W,0.00012062479072483256
YOR017W,YCR002C,4.310501026338898e-06
YOR017W,YJL108C,1.4383663149430959e-08
YOR017W,YBR200W,3.1768318531355533e-10
YOR017W,YIL026C,0.0005689478130079806
YOR017W,YJR076C,6.871042401712657e-09
YOR017W,YKR031C,2.590221083664801e-05
YOR017W,YPL192C,2.356026929106747e-09
YOR017W,YHR107C,1.0384566817567276e-10
YOR017W,YIL037C,0.5595567226409912
YOR017W,YPL156C,5.397843665377877e-07
YOR017W,YIL117C,1.1146252107060994e-12
YOR017W,YHR066W,3.9917455296745175e-07
YOR017W,YML085C,1.9244354916736484e-05
YOR017W,YML047C,0.9623295068740845
YOR017W,YDR312W,0.0002106820757035166
YOR017W,YFL037W,2.9284356060088612e-06
YOR017W,YDL038C,0.2020167112350464
YOR017W,YDL039C,1.4824608647793602e-15
YOR017W,YCL027W,5.452681506312729e-08
YOR017W,YML124C,5.591568007223824e-12
YOR017W,YGL053W,4.838378663407639e-05
YOR017W,YMR232W,4.253715087543242e-05
YOR017W,YNL298W,0.19427897036075592
YOR017W,YGL099W,4.513255191795906e-08
YOR017W,YBL016W,1.1421967371916253e-08
YOR017W,YAL041W,0.9807757139205933
YOR017W,YDR085C,3.9616194769109825e-09
YOR017W,YPL187W,0.2852697968482971
YOR017W,YPL256C,2.84713114524493e-05
YOR017W,YDR461W,8.116050193018864e-11
YOR017W,YNL145W,9.903623476859025e-10
YOR295W,YDL165W,1.782482144108144e-07
YOR295W,YGR059W,5.754471552044116e-11
YOR295W,YBR109C,0.014193993993103504
YOR295W,YJL080C,6.753259618186291e-10
YOR295W,YCR093W,1.3033998793460233e-12
YOR295W,YIL122W,1.6124902685987763e-05
YOR295W,YCL029C,9.350195957931722e-15
YOR295W,YNL173C,1.1233192154236349e-10
YOR295W,YLR452C,9.525825461764725e-09
YOR295W,YDL160C,1.0243962123013262e-07
YOR295W,YLR229C,1.3277323205329594e-06
YOR295W,YML057W,1.2351845934954753e-10
YOR295W,YER149C,0.00214944314211607
YOR295W,YMR305C,2.3899388666552036e-14
YOR295W,YLR433C,1.1329071014642977e-10
YOR295W,YJL073W,1.8460905026884689e-10
YOR295W,YGR279C,2.798068443610191e-10
YOR295W,YKL190W,1.9643999621621333e-05
YOR295W,YGL089C,1.5525778508163057e-05
YOR295W,YJL019W,1.9734034140128642e-06
YOR295W,YJL018W,0.00018043235468212515
YOR295W,YNR032C-A,0.9828893542289734
YOR295W,YGL178W,0.005330559331923723
YOR295W,YKL116C,2.394331781452319e-11
YOR295W,YDL214C,1.2707912446785485e-06
YOR295W,YLR362W,0.006064246874302626
YOR295W,YER068W,2.2388714569387957e-05
YOR295W,YHR084W,2.721034286778945e-09
YOR295W,YDR392W,7.942234958591143e-08
YOR295W,YNL053W,1.1895353146940124e-08
YOR295W,YGR040W,1.1177367014170159e-05
YOR295W,YDL216C,2.015919875475447e-07
YOR295W,YOL117W,4.014595253454267e-11
YOR295W,YJR086W,4.167498346419052e-09
YOR295W,YMR025W,8.868991763222311e-09
YOR295W,YBR081C,0.036540161818265915
YOR295W,YFL026W,0.0005736344028264284
YOR295W,YHL007C,0.05263535678386688
YOR295W,YNR044W,1.2690363746514777e-06
YOR295W,YNL271C,0.008010144345462322
YOR295W,YDR200C,4.039569319047587e-07
YOR295W,YKL178C,0.40219026803970337
YOR295W,YOR212W,2.439198203228049e-13
YOR295W,YOL111C,0.0001814940624171868
YOR295W,YGL032C,7.625068909611343e-10
YOR295W,YHR005C,2.661748840182554e-05
YOR295W,YDR103W,0.10826820135116577
YOR295W,YJR084W,2.2920461677981927e-15
YOR295W,YCL032W,1.968403739738278e-05
YOR295W,YJL170C,1.8394496237306157e-06
YOR295W,YDR179C,1.0612970946510814e-08
YOR295W,YBR095C,0.00249669561162591
YOR295W,YLL021W,0.1619180142879486
YOR295W,YDL159W,0.7777426838874817
YOR295W,YNL161W,0.014028008095920086
YOR295W,YNL188W,8.101566891127732e-06
YOR295W,YJL157C,5.979465811378759e-09
YOR295W,YJL034W,1.3537582513323265e-12
YOR295W,YLR238W,1.2985076914813574e-14
YOR295W,YPR141C,0.003907311242073774
YOR295W,YNL127W,8.290927894314543e-15
YOR295W,YCL055W,6.48107004508347e-07
YOR295W,YPR122W,3.206303844649483e-08
YOR295W,YMR065W,5.241188039128986e-10
YOR295W,YDR356W,0.0027702541556209326
YOR295W,YMR052W,5.216238108118887e-09
YOR295W,YFR008W,2.879939284537611e-16
YOR295W,YLL043W,0.00017562747234478593
YOR295W,YMR029C,2.101019390465808e-06
YOR295W,YJR004C,0.0001732093805912882
YOR295W,YDL223C,3.0337500090196756e-13
YOR295W,YHR158C,0.958765983581543
YOR295W,YGR238C,3.728498043642503e-08
YOR295W,YIL015W,5.755271104135318e-06
YOR295W,YGL173C,3.575837399694137e-05
YOR295W,YDL225W,8.144144914012941e-08
YOR295W,YLR330W,4.612060299641341e-12
YOR295W,YBR129C,2.2903671847984697e-08
YOR295W,YKR095W-A,0.2020167112350464
YOR295W,YPR075C,5.840811861945738e-11
YOR295W,YMR198W,2.2811284452473046e-06
YOR295W,YOR127W,0.0018701695371419191
YOR295W,YDR264C,1.7635193305665098e-09
YOR295W,YLR110C,6.0004320403095335e-05
YOR295W,YDR379W,4.9320336984237656e-05
YOR295W,YDL100C,3.3797732612583786e-07
YOR295W,YHR073W,0.00037638252251781523
YOR295W,YJR090C,1.871275800979788e-09
YOR295W,YOR208W,2.199360554788754e-10
YOR295W,YBR040W,9.081410894395958e-07
YOR295W,YNL279W,7.058413640896599e-14
YOR295W,YER075C,0.07838965207338333
YOR295W,YCR089W,1.0152810858699013e-07
YOR295W,YCR002C,6.005270165587717e-07
YOR295W,YJL108C,0.9980431795120239
YOR295W,YBR200W,7.97629400040023e-05
YOR295W,YIL026C,8.014537888811901e-05
YOR295W,YJR076C,7.232498319353908e-06
YOR295W,YKR031C,0.0001225172309204936
YOR295W,YPL192C,0.00010695893433876336
YOR295W,YHR107C,4.4696571421809494e-06
YOR295W,YIL037C,4.563807554092136e-09
YOR295W,YPL156C,3.334956090839114e-06
YOR295W,YIL117C,6.971744141992531e-07
YOR295W,YHR066W,8.619997077241592e-12
YOR295W,YML085C,1.2059694354249473e-09
YOR295W,YML047C,7.637949579475389e-07
YOR295W,YDR312W,0.16794931888580322
YOR295W,YFL037W,7.097365806174594e-09
YOR295W,YDL038C,0.2020167112350464
YOR295W,YDL039C,2.9175768626766107e-18
YOR295W,YCL027W,1.5193045044270548e-08
YOR295W,YML124C,1.4939422143811498e-08
YOR295W,YGL053W,3.2366104278480634e-05
YOR295W,YMR232W,6.402482540579513e-05
YOR295W,YNL298W,3.0649957807327155e-06
YOR295W,YGL099W,7.349566376498029e-13
YOR295W,YBL016W,1.200909650833637e-06
YOR295W,YAL041W,3.150913419069923e-10
YOR295W,YDR085C,0.8769919872283936
YOR295W,YPL187W,0.000160012292326428
YOR295W,YPL256C,1.466283761075715e-10
YOR295W,YDR461W,9.425400625186642e-15
YOR295W,YNL145W,1.041267983295513e-12
YJR042W,YDL165W,4.124729446886022e-10
YJR042W,YGR059W,6.697740104755212e-07
YJR042W,YBR109C,9.241480358745946e-10
YJR042W,YJL080C,7.5668543786378e-07
YJR042W,YCR093W,1.417108861760941e-20
YJR042W,YIL122W,6.1592921873909745e-09
YJR042W,YCL029C,1.4848720297777618e-07
YJR042W,YNL173C,9.118954748823364e-20
YJR042W,YLR452C,0.9999260902404785
YJR042W,YDL160C,0.00022860932222101837
YJR042W,YLR229C,1.4977753759470858e-10
YJR042W,YML057W,1.2425218120321325e-17
YJR042W,YER149C,0.027389906346797943
YJR042W,YMR305C,5.474718706983855e-17
YJR042W,YLR433C,0.00521655660122633
YJR042W,YJL073W,3.2295719917807553e-12
YJR042W,YGR279C,3.626165340220311e-11
YJR042W,YKL190W,1.3594467418442946e-06
YJR042W,YGL089C,0.0007682607974857092
YJR042W,YJL019W,0.00015272056043613702
YJR042W,YJL018W,0.2020167112350464
YJR042W,YNR032C-A,0.9844346642494202
YJR042W,YGL178W,0.00020361016504466534
YJR042W,YKL116C,2.863039492984054e-11
YJR042W,YDL214C,6.804589247622062e-07
YJR042W,YLR362W,1.1726668525113837e-08
YJR042W,YER068W,2.5691145211226285e-08
YJR042W,YHR084W,0.0005414278712123632
YJR042W,YDR392W,1.0430955626361538e-05
YJR042W,YNL053W,0.001570310676470399
YJR042W,YGR040W,2.1368959379763908e-10
YJR042W,YDL216C,5.090127501716779e-07
YJR042W,YOL117W,1.4042239593337058e-12
YJR042W,YJR086W,1.9381674931651105e-08
YJR042W,YMR025W,2.1639767311398828e-08
YJR042W,YBR081C,5.77770862264515e-08
YJR042W,YFL026W,4.543499926512595e-06
YJR042W,YHL007C,2.116919495165348e-05
YJR042W,YNR044W,4.0208666973740037e-07
YJR042W,YNL271C,5.0590451966536776e-11
YJR042W,YDR200C,2.3602153217949784e-12
YJR042W,YKL178C,4.885794893660922e-12
YJR042W,YOR212W,0.028368555009365082
YJR042W,YOL111C,2.465059753542498e-11
YJR042W,YGL032C,1.1513554454722907e-05
YJR042W,YHR005C,0.0010476266033947468
YJR042W,YDR103W,5.4863066907273605e-06
YJR042W,YJR084W,9.290553134633228e-05
YJR042W,YCL032W,4.833192956965604e-09
YJR042W,YJL170C,3.386782410075284e-09
YJR042W,YDR179C,0.00017301691696047783
YJR042W,YBR095C,2.015807520905355e-10
YJR042W,YLL021W,1.0174871789558892e-07
YJR042W,YDL159W,2.954082978234851e-09
YJR042W,YNL161W,1.8471725127255922e-07
YJR042W,YNL188W,9.736246531222292e-12
YJR042W,YJL157C,0.00710343336686492
YJR042W,YJL034W,1.0169412713775106e-16
YJR042W,YLR238W,1.7251728934297716e-07
YJR042W,YPR141C,1.0386317626398522e-05
YJR042W,YNL127W,5.712833317517152e-09
YJR042W,YCL055W,2.8085223675589077e-06
YJR042W,YPR122W,8.539895179904278e-11
YJR042W,YMR065W,0.02046682871878147
YJR042W,YDR356W,3.4566877138431096e-11
YJR042W,YMR052W,0.000647909939289093
YJR042W,YFR008W,0.04525921121239662
YJR042W,YLL043W,3.0759975122585104e-10
YJR042W,YMR029C,1.3552561540564056e-05
YJR042W,YJR004C,6.1014417463193214e-15
YJR042W,YDL223C,8.470846692036421e-16
YJR042W,YHR158C,0.000569744675885886
YJR042W,YGR238C,1.5888415418885415e-06
YJR042W,YIL015W,0.04738453030586243
YJR042W,YGL173C,4.2522541342021256e-14
YJR042W,YDL225W,1.6188804853947691e-12
YJR042W,YLR330W,8.974265028882655e-07
YJR042W,YBR129C,5.1256153218526366e-15
YJR042W,YKR095W-A,0.2020167112350464
YJR042W,YPR075C,3.935774657293223e-05
YJR042W,YMR198W,4.893979166809004e-06
YJR042W,YOR127W,3.699016559721713e-08
YJR042W,YDR264C,4.5556730610130103e-10
YJR042W,YLR110C,2.1162970043064888e-08
YJR042W,YDR379W,0.00018480677681509405
YJR042W,YDL100C,2.0381486365295132e-07
YJR042W,YHR073W,9.987420612755926e-12
YJR042W,YJR090C,6.326560963998418e-08
YJR042W,YOR208W,4.2088107998772273e-10
YJR042W,YBR040W,0.04773426800966263
YJR042W,YNL279W,0.009157845750451088
YJR042W,YER075C,1.0153067705687135e-05
YJR042W,YCR089W,5.107096967549296e-07
YJR042W,YCR002C,0.0002704734797589481
YJR042W,YJL108C,6.04400085535417e-08
YJR042W,YBR200W,3.094960120210442e-17
YJR042W,YIL026C,1.7106867138128035e-13
YJR042W,YJR076C,0.00033234531292691827
YJR042W,YKR031C,0.1489112675189972
YJR042W,YPL192C,2.247053271275945e-05
YJR042W,YHR107C,4.5020926112199135e-17
YJR042W,YIL037C,0.024297572672367096
YJR042W,YPL156C,0.0008730348199605942
YJR042W,YIL117C,1.9404215308659566e-14
YJR042W,YHR066W,4.311955653646393e-11
YJR042W,YML085C,4.632997544634643e-13
YJR042W,YML047C,0.036845892667770386
YJR042W,YDR312W,1.1093515240645502e-05
YJR042W,YFL037W,0.012024536728858948
YJR042W,YDL038C,0.2020167112350464
YJR042W,YDL039C,1.2697684326212766e-07
YJR042W,YCL027W,0.1701315939426422
YJR042W,YML124C,8.502198056703492e-09
YJR042W,YGL053W,7.067830614390994e-14
YJR042W,YMR232W,3.617356014729012e-08
YJR042W,YNL298W,4.3536069824767765e-06
YJR042W,YGL099W,9.275252441098836e-12
YJR042W,YBL016W,3.405255633026627e-09
YJR042W,YAL041W,8.728194984541915e-07
YJR042W,YDR085C,3.5713324116580514e-13
YJR042W,YPL187W,0.9867767691612244
YJR042W,YPL256C,1.6866306395968422e-07
YJR042W,YDR461W,2.2511745800812832e-09
YJR042W,YNL145W,1.1675001587718725e-06
YBR114W,YDL165W,0.0007632304914295673
YBR114W,YGR059W,4.704157896551209e-11
YBR114W,YBR109C,1.47890019055919e-18
YBR114W,YJL080C,3.886916601913981e-06
YBR114W,YCR093W,1.931665281063033e-07
YBR114W,YIL122W,2.657787323556704e-10
YBR114W,YCL029C,9.79096914655031e-10
YBR114W,YNL173C,0.0017766113160178065
YBR114W,YLR452C,4.30740847434663e-08
YBR114W,YDL160C,1.2999003047298174e-06
YBR114W,YLR229C,1.3814441146564604e-08
YBR114W,YML057W,1.5054086178589027e-13
YBR114W,YER149C,4.410414322774283e-19
YBR114W,YMR305C,7.241473531927056e-10
YBR114W,YLR433C,2.854489196124632e-07
YBR114W,YJL073W,1.5786436394216175e-11
YBR114W,YGR279C,0.4540562331676483
YBR114W,YKL190W,1.6422293754904393e-13
YBR114W,YGL089C,0.00022234299103729427
YBR114W,YJL019W,2.245717153903648e-11
YBR114W,YJL018W,4.7317509597633034e-05
YBR114W,YNR032C-A,0.2318194955587387
YBR114W,YGL178W,2.1069877220725175e-07
YBR114W,YKL116C,9.40885058753338e-09
YBR114W,YDL214C,5.001002043036884e-11
YBR114W,YLR362W,8.541296836472867e-11
YBR114W,YER068W,1.2131893580014097e-11
YBR114W,YHR084W,1.829447339874845e-14
YBR114W,YDR392W,5.151128334546229e-06
YBR114W,YNL053W,4.502964657149278e-06
YBR114W,YGR040W,2.938178866873642e-10
YBR114W,YDL216C,6.318008338723757e-09
YBR114W,YOL117W,1.2909574742536734e-08
YBR114W,YJR086W,8.415013574847308e-09
YBR114W,YMR025W,3.1543812700762786e-11
YBR114W,YBR081C,8.955875273386482e-06
YBR114W,YFL026W,1.4613072529812143e-08
YBR114W,YHL007C,1.1948675364692463e-06
YBR114W,YNR044W,0.0001436647871742025
YBR114W,YNL271C,0.0013206821167841554
YBR114W,YDR200C,4.543507237109168e-10
YBR114W,YKL178C,0.0839066430926323
YBR114W,YOR212W,0.00012687778507824987
YBR114W,YOL111C,7.432334570012245e-08
YBR114W,YGL032C,0.06359419226646423
YBR114W,YHR005C,3.465393120030691e-12
YBR114W,YDR103W,3.7489278174873686e-12
YBR114W,YJR084W,3.5299879881135754e-13
YBR114W,YCL032W,3.617276224106118e-14
YBR114W,YJL170C,9.39926692034021e-10
YBR114W,YDR179C,1.3123328378855659e-12
YBR114W,YBR095C,1.1419744273474808e-12
YBR114W,YLL021W,1.7441075168302123e-13
YBR114W,YDL159W,4.627565653104612e-17
YBR114W,YNL161W,5.745341331930831e-05
YBR114W,YNL188W,2.2625052054081607e-08
YBR114W,YJL157C,2.856266612116798e-10
YBR114W,YJL034W,1.9393839423287318e-08
YBR114W,YLR238W,3.4956499916916073e-09
YBR114W,YPR141C,6.030502319731568e-09
YBR114W,YNL127W,7.618970698786143e-08
YBR114W,YCL055W,1.0213627463044866e-14
YBR114W,YPR122W,0.8138657808303833
YBR114W,YMR065W,0.14247804880142212
YBR114W,YDR356W,1.5187938684491087e-09
YBR114W,YMR052W,2.665921670086391e-07
YBR114W,YFR008W,2.242630081639163e-08
YBR114W,YLL043W,1.7200605384459777e-07
YBR114W,YMR029C,4.8423672183162125e-08
YBR114W,YJR004C,0.008667304180562496
YBR114W,YDL223C,7.881768629143353e-15
YBR114W,YHR158C,0.0007548026624135673
YBR114W,YGR238C,2.101953333610851e-10
YBR114W,YIL015W,0.9378358721733093
YBR114W,YGL173C,2.3489153591071954e-06
YBR114W,YDL225W,6.571265198651588e-10
YBR114W,YLR330W,1.4549043081402147e-09
YBR114W,YBR129C,2.467670299211022e-07
YBR114W,YKR095W-A,0.2020167112350464
YBR114W,YPR075C,1.659715927102629e-20
YBR114W,YMR198W,6.483953456613845e-13
YBR114W,YOR127W,5.2419909479795024e-05
YBR114W,YDR264C,1.792450909920973e-11
YBR114W,YLR110C,1.7462063794937421e-07
YBR114W,YDR379W,2.3455927955148836e-13
YBR114W,YDL100C,1.982932860879888e-13
YBR114W,YHR073W,0.3095691502094269
YBR114W,YJR090C,9.026521183841396e-06
YBR114W,YOR208W,3.070373466584897e-08
YBR114W,YBR040W,2.3584336261706085e-08
YBR114W,YNL279W,4.3167368984908805e-11
YBR114W,YER075C,1.7751224490325512e-08
YBR114W,YCR089W,1.4733330111482701e-08
YBR114W,YCR002C,2.5103391587677493e-11
YBR114W,YJL108C,2.2134440058607652e-08
YBR114W,YBR200W,6.996589071994741e-12
YBR114W,YIL026C,3.2021991955843987e-06
YBR114W,YJR076C,0.000766000768635422
YBR114W,YKR031C,9.752903861226514e-05
YBR114W,YPL192C,1.2235413420283447e-12
YBR114W,YHR107C,2.966687661318438e-19
YBR114W,YIL037C,1.501697100003696e-10
YBR114W,YPL156C,8.337097096955404e-05
YBR114W,YIL117C,3.560228284057998e-12
YBR114W,YHR066W,2.0517103098936784e-15
YBR114W,YML085C,1.7748545735287358e-16
YBR114W,YML047C,0.2884540855884552
YBR114W,YDR312W,1.0202680714166412e-11
YBR114W,YFL037W,2.1161777885581046e-10
YBR114W,YDL038C,0.2020167112350464
YBR114W,YDL039C,2.523773412477226e-10
YBR114W,YCL027W,0.0014232723042368889
YBR114W,YML124C,1.134122157964157e-06
YBR114W,YGL053W,9.238692655344494e-07
YBR114W,YMR232W,1.1560997818793606e-11
YBR114W,YNL298W,0.00022535552852787077
YBR114W,YGL099W,6.763072324389441e-09
YBR114W,YBL016W,2.217433757323306e-05
YBR114W,YAL041W,0.00015734726912342012
YBR114W,YDR085C,1.3056498460173316e-07
YBR114W,YPL187W,4.022978828288615e-06
YBR114W,YPL256C,2.8408213823861994e-13
YBR114W,YDR461W,5.3439951130940244e-08
YBR114W,YNL145W,6.165023596878608e-14
YGR032W,YDL165W,1.833199098459473e-25
YGR032W,YGR059W,7.912997716630343e-06
YGR032W,YBR109C,2.2601029017650274e-23
YGR032W,YJL080C,8.183952099851632e-18
YGR032W,YCR093W,8.212389102091322e-12
YGR032W,YIL122W,0.02016061544418335
YGR032W,YCL029C,1.865828325176011e-11
YGR032W,YNL173C,0.0002776442270260304
YGR032W,YLR452C,1.1374676925490324e-20
YGR032W,YDL160C,3.0917667572794016e-06
YGR032W,YLR229C,2.0109195788166306e-17
YGR032W,YML057W,1.1033559482731548e-11
YGR032W,YER149C,5.7919320957443374e-15
YGR032W,YMR305C,4.321211764064456e-14
YGR032W,YLR433C,1.5991142197345508e-19
YGR032W,YJL073W,2.992703116433404e-07
YGR032W,YGR279C,2.036251771642128e-06
YGR032W,YKL190W,3.0967084452271365e-09
YGR032W,YGL089C,2.730112491633463e-08
YGR032W,YJL019W,5.269202907115175e-14
YGR032W,YJL018W,0.00019133677415084094
YGR032W,YNR032C-A,0.0002233739651273936
YGR032W,YGL178W,2.3042967273873005e-12
YGR032W,YKL116C,6.734492408178028e-10
YGR032W,YDL214C,6.113067690938223e-11
YGR032W,YLR362W,5.431495531116326e-12
YGR032W,YER068W,1.8753303077101435e-10
YGR032W,YHR084W,2.0843178167898137e-19
YGR032W,YDR392W,9.389401513170098e-16
YGR032W,YNL053W,2.65228209173074e-05
YGR032W,YGR040W,2.7070796110080844e-19
YGR032W,YDL216C,4.634339711628854e-05
YGR032W,YOL117W,1.0756254827798406e-12
YGR032W,YJR086W,1.0075940355883849e-21
YGR032W,YMR025W,1.3010347288400226e-07
YGR032W,YBR081C,1.7926493622866246e-11
YGR032W,YFL026W,4.0434952092910424e-16
YGR032W,YHL007C,6.771647393228474e-19
YGR032W,YNR044W,1.8687073791840638e-17
YGR032W,YNL271C,1.5189240798463288e-07
YGR032W,YDR200C,4.118667100341371e-18
YGR032W,YKL178C,3.4653052996547196e-13
YGR032W,YOR212W,2.0837905978382585e-29
YGR032W,YOL111C,8.527218255949265e-07
YGR032W,YGL032C,7.320856190443301e-21
YGR032W,YHR005C,3.795134873232292e-25
YGR032W,YDR103W,1.8485443223574918e-16
YGR032W,YJR084W,6.440651604259134e-21
YGR032W,YCL032W,1.468892349876412e-14
YGR032W,YJL170C,2.771097058484884e-07
YGR032W,YDR179C,7.439280746979193e-09
YGR032W,YBR095C,5.736449726692627e-13
YGR032W,YLL021W,4.563346705597355e-20
YGR032W,YDL159W,7.236700741314974e-20
YGR032W,YNL161W,5.513742240559338e-10
YGR032W,YNL188W,5.217555194867056e-34
YGR032W,YJL157C,2.2324112334191284e-21
YGR032W,YJL034W,1.3742817372985883e-07
YGR032W,YLR238W,5.4246343528241425e-11
YGR032W,YPR141C,2.880883753775265e-09
YGR032W,YNL127W,8.109454086024925e-08
YGR032W,YCL055W,1.2431964312165089e-11
YGR032W,YPR122W,6.485741110839882e-11
YGR032W,YMR065W,3.06755758572308e-08
YGR032W,YDR356W,9.86466693575494e-05
YGR032W,YMR052W,5.704539942077144e-19
YGR032W,YFR008W,2.0007802516543507e-14
YGR032W,YLL043W,1.5570737407766266e-11
YGR032W,YMR029C,1.0739860389907818e-11
YGR032W,YJR004C,5.675113467414422e-17
YGR032W,YDL223C,2.0853174742541114e-10
YGR032W,YHR158C,3.061498605083819e-14
YGR032W,YGR238C,1.9806028345170645e-11
YGR032W,YIL015W,3.639248902231884e-10
YGR032W,YGL173C,2.035971169433992e-09
YGR032W,YDL225W,1.4598048544818498e-24
YGR032W,YLR330W,5.288781999152059e-12
YGR032W,YBR129C,1.9142676332961628e-09
YGR032W,YKR095W-A,0.2020167112350464
YGR032W,YPR075C,0.0014644600450992584
YGR032W,YMR198W,2.7409276783055833e-16
YGR032W,YOR127W,1.643089490244165e-06
YGR032W,YDR264C,2.857535544324143e-18
YGR032W,YLR110C,3.6142373538439188e-09
YGR032W,YDR379W,2.342203941907428e-07
YGR032W,YDL100C,1.5900438935122227e-20
YGR032W,YHR073W,6.804308227970068e-09
YGR032W,YJR090C,3.585459429356064e-10
YGR032W,YOR208W,1.807038270103603e-13
YGR032W,YBR040W,2.5447309190407275e-11
YGR032W,YNL279W,1.7494200532652826e-11
YGR032W,YER075C,1.554508344270289e-07
YGR032W,YCR089W,3.096538847557895e-08
YGR032W,YCR002C,1.2192842406739866e-17
YGR032W,YJL108C,6.287722564835008e-10
YGR032W,YBR200W,1.1028494100173702e-06
YGR032W,YIL026C,1.324681336845046e-11
YGR032W,YJR076C,3.315232427807352e-16
YGR032W,YKR031C,1.9811137452752092e-10
YGR032W,YPL192C,1.1156132267986507e-10
YGR032W,YHR107C,1.185022894834584e-14
YGR032W,YIL037C,2.328236092807856e-07
YGR032W,YPL156C,2.772108376181137e-10
YGR032W,YIL117C,1.2473536092905135e-10
YGR032W,YHR066W,7.532508611427202e-26
YGR032W,YML085C,2.5659269263426216e-19
YGR032W,YML047C,1.6798481965452083e-06
YGR032W,YDR312W,2.3545561719472393e-18
YGR032W,YFL037W,3.1274639135470143e-19
YGR032W,YDL038C,0.2020167112350464
YGR032W,YDL039C,7.394084131315406e-20
YGR032W,YCL027W,2.7628404121807226e-13
YGR032W,YML124C,2.315343107534182e-22
YGR032W,YGL053W,1.0093187163183166e-26
YGR032W,YMR232W,1.5493174743141935e-08
YGR032W,YNL298W,0.0017013127217069268
YGR032W,YGL099W,1.3275979987679595e-22
YGR032W,YBL016W,1.7493730166786886e-15
YGR032W,YAL041W,7.187069606118257e-09
YGR032W,YDR085C,3.1375332127936417e-06
YGR032W,YPL187W,2.8400115592575048e-11
YGR032W,YPL256C,2.5752064483795946e-24
YGR032W,YDR461W,2.1376181532327398e-13
YGR032W,YNL145W,2.6249216415003596e-20
YDR305C,YDL165W,0.17338694632053375
YDR305C,YGR059W,4.5122119374241265e-09
YDR305C,YBR109C,0.0003955802822019905
YDR305C,YJL080C,3.124897896000789e-09
YDR305C,YCR093W,0.00021723455574829131
YDR305C,YIL122W,0.9964021444320679
YDR305C,YCL029C,4.3219469013124e-17
YDR305C,YNL173C,0.005617103073745966
YDR305C,YLR452C,5.1172805797250476e-06
YDR305C,YDL160C,3.381916613420799e-08
YDR305C,YLR229C,6.989199619056308e-07
YDR305C,YML057W,9.734989134813077e-07
YDR305C,YER149C,0.002958022290840745
YDR305C,YMR305C,0.9021742939949036
YDR305C,YLR433C,1.261617144088234e-09
YDR305C,YJL073W,3.5976356442535273e-12
YDR305C,YGR279C,0.09788934141397476
YDR305C,YKL190W,2.058517356573475e-09
YDR305C,YGL089C,2.0793706312360882e-07
YDR305C,YJL019W,1.1786167988248053e-06
YDR305C,YJL018W,0.011490251868963242
YDR305C,YNR032C-A,0.9836171865463257
YDR305C,YGL178W,6.642969765380258e-07
YDR305C,YKL116C,1.8678906078123392e-14
YDR305C,YDL214C,0.0033659995533525944
YDR305C,YLR362W,2.546987865059691e-08
YDR305C,YER068W,1.1993212865490932e-05
YDR305C,YHR084W,5.023058181961686e-14
YDR305C,YDR392W,3.806708903653089e-08
YDR305C,YNL053W,3.1734345706802003e-10
YDR305C,YGR040W,0.0001291796943405643
YDR305C,YDL216C,0.0005170915392227471
YDR305C,YOL117W,3.6266603054002644e-09
YDR305C,YJR086W,2.4937437501648674e-06
YDR305C,YMR025W,0.0012962543405592442
YDR305C,YBR081C,1.3704408274861635e-06
YDR305C,YFL026W,3.0011107488014943e-10
YDR305C,YHL007C,3.244818302938768e-11
YDR305C,YNR044W,0.005011910572648048
YDR305C,YNL271C,7.197687779125772e-09
YDR305C,YDR200C,0.028676122426986694
YDR305C,YKL178C,0.026520496234297752
YDR305C,YOR212W,0.00014909743913449347
YDR305C,YOL111C,3.298372686089124e-09
YDR305C,YGL032C,2.0122332244909558e-08
YDR305C,YHR005C,1.9545016272104476e-08
YDR305C,YDR103W,0.002817668719217181
YDR305C,YJR084W,2.0220504381995852e-07
YDR305C,YCL032W,0.1569410264492035
YDR305C,YJL170C,4.967957920598565e-06
YDR305C,YDR179C,2.8751289950180656e-14
YDR305C,YBR095C,0.864182710647583
YDR305C,YLL021W,6.299651078567337e-11
YDR305C,YDL159W,4.516133647602949e-11
YDR305C,YNL161W,0.00010384817142039537
YDR305C,YNL188W,4.039685083040725e-17
YDR305C,YJL157C,4.0240278775340764e-17
YDR305C,YJL034W,4.057951485947342e-08
YDR305C,YLR238W,1.5185884876700584e-05
YDR305C,YPR141C,3.9690863928854014e-08
YDR305C,YNL127W,1.2080972666694834e-08
YDR305C,YCL055W,1.0082197150040884e-05
YDR305C,YPR122W,3.884653931862658e-09
YDR305C,YMR065W,0.16722626984119415
YDR305C,YDR356W,7.887299034337047e-06
YDR305C,YMR052W,5.471175427373964e-06
YDR305C,YFR008W,0.009666809812188148
YDR305C,YLL043W,4.121703750570305e-05
YDR305C,YMR029C,0.0002671382389962673
YDR305C,YJR004C,2.417967041867808e-11
YDR305C,YDL223C,1.2646044693191694e-13
YDR305C,YHR158C,0.0004970229929313064
YDR305C,YGR238C,3.1171273349173134e-06
YDR305C,YIL015W,1.4847618103885907e-06
YDR305C,YGL173C,0.0033121833112090826
YDR305C,YDL225W,1.9552462049432506e-07
YDR305C,YLR330W,3.933840475589534e-10
YDR305C,YBR129C,0.0026788651011884212
YDR305C,YKR095W-A,0.2020167112350464
YDR305C,YPR075C,5.662866797706556e-08
YDR305C,YMR198W,3.6773323275340886e-10
YDR305C,YOR127W,2.22479479283777e-09
YDR305C,YDR264C,2.381379121674243e-11
YDR305C,YLR110C,1.6098731521196896e-06
YDR305C,YDR379W,1.1018065606549499e-06
YDR305C,YDL100C,2.4874636892491253e-06
YDR305C,YHR073W,7.060463867204769e-13
YDR305C,YJR090C,8.447018018387098e-08
YDR305C,YOR208W,1.0434953248705803e-11
YDR305C,YBR040W,0.004740536212921143
YDR305C,YNL279W,1.5850535328709725e-09
YDR305C,YER075C,1.2078212562049995e-11
YDR305C,YCR089W,4.379395956988219e-09
YDR305C,YCR002C,1.1689897974065389e-06
YDR305C,YJL108C,1.0112799486705626e-08
YDR305C,YBR200W,2.40254252048544e-08
YDR305C,YIL026C,0.002853947691619396
YDR305C,YJR076C,1.6518312435717252e-15
YDR305C,YKR031C,0.0002513801446184516
YDR305C,YPL192C,4.528625807687092e-10
YDR305C,YHR107C,4.149341350512259e-07
YDR305C,YIL037C,1.4380172615346964e-05
YDR305C,YPL156C,1.7732071236689628e-12
YDR305C,YIL117C,1.8997701189960026e-08
YDR305C,YHR066W,1.1663485945841898e-21
YDR305C,YML085C,1.5289201655832585e-06
YDR305C,YML047C,0.1659110188484192
YDR305C,YDR312W,4.025359245929394e-08
YDR305C,YFL037W,0.00015587294183205813
YDR305C,YDL038C,0.2020167112350464
YDR305C,YDL039C,1.5080641000298628e-13
YDR305C,YCL027W,2.984358636951012e-13
YDR305C,YML124C,0.3477737605571747
YDR305C,YGL053W,5.192040930523945e-07
YDR305C,YMR232W,1.5939903563744195e-10
YDR305C,YNL298W,0.005346353631466627
YDR305C,YGL099W,7.628896868907932e-17
YDR305C,YBL016W,9.463794192754449e-10
YDR305C,YAL041W,2.9097877440875664e-09
YDR305C,YDR085C,5.149992876596343e-09
YDR305C,YPL187W,6.257434961298713e-07
YDR305C,YPL256C,2.980398150498331e-10
YDR305C,YDR461W,0.0017165712779387832
YDR305C,YNL145W,3.6257421953678204e-08
OSR6,YDL165W,0.2020167112350464
OSR6,YGR059W,0.2020167112350464
OSR6,YBR109C,0.2020167112350464
OSR6,YJL080C,0.2020167112350464
OSR6,YCR093W,0.2020167112350464
OSR6,YIL122W,0.2020167112350464
OSR6,YCL029C,0.2020167112350464
OSR6,YNL173C,0.2020167112350464
OSR6,YLR452C,0.2020167112350464
OSR6,YDL160C,0.2020167112350464
OSR6,YLR229C,0.2020167112350464
OSR6,YML057W,0.2020167112350464
OSR6,YER149C,0.2020167112350464
OSR6,YMR305C,0.2020167112350464
OSR6,YLR433C,0.2020167112350464
OSR6,YJL073W,0.2020167112350464
OSR6,YGR279C,0.2020167112350464
OSR6,YKL190W,0.2020167112350464
OSR6,YGL089C,0.2020167112350464
OSR6,YJL019W,0.2020167112350464
OSR6,YJL018W,0.2020167112350464
OSR6,YNR032C-A,0.2020167112350464
OSR6,YGL178W,0.2020167112350464
OSR6,YKL116C,0.2020167112350464
OSR6,YDL214C,0.2020167112350464
OSR6,YLR362W,0.2020167112350464
OSR6,YER068W,0.2020167112350464
OSR6,YHR084W,0.2020167112350464
OSR6,YDR392W,0.2020167112350464
OSR6,YNL053W,0.2020167112350464
OSR6,YGR040W,0.2020167112350464
OSR6,YDL216C,0.2020167112350464
OSR6,YOL117W,0.2020167112350464
OSR6,YJR086W,0.2020167112350464
OSR6,YMR025W,0.2020167112350464
OSR6,YBR081C,0.2020167112350464
OSR6,YFL026W,0.2020167112350464
OSR6,YHL007C,0.2020167112350464
OSR6,YNR044W,0.2020167112350464
OSR6,YNL271C,0.2020167112350464
OSR6,YDR200C,0.2020167112350464
OSR6,YKL178C,0.2020167112350464
OSR6,YOR212W,0.2020167112350464
OSR6,YOL111C,0.2020167112350464
OSR6,YGL032C,0.2020167112350464
OSR6,YHR005C,0.2020167112350464
OSR6,YDR103W,0.2020167112350464
OSR6,YJR084W,0.2020167112350464
OSR6,YCL032W,0.2020167112350464
OSR6,YJL170C,0.2020167112350464
OSR6,YDR179C,0.2020167112350464
OSR6,YBR095C,0.2020167112350464
OSR6,YLL021W,0.2020167112350464
OSR6,YDL159W,0.2020167112350464
OSR6,YNL161W,0.2020167112350464
OSR6,YNL188W,0.2020167112350464
OSR6,YJL157C,0.2020167112350464
OSR6,YJL034W,0.2020167112350464
OSR6,YLR238W,0.2020167112350464
OSR6,YPR141C,0.2020167112350464
OSR6,YNL127W,0.2020167112350464
OSR6,YCL055W,0.2020167112350464
OSR6,YPR122W,0.2020167112350464
OSR6,YMR065W,0.2020167112350464
OSR6,YDR356W,0.2020167112350464
OSR6,YMR052W,0.2020167112350464
OSR6,YFR008W,0.2020167112350464
OSR6,YLL043W,0.2020167112350464
OSR6,YMR029C,0.2020167112350464
OSR6,YJR004C,0.2020167112350464
OSR6,YDL223C,0.2020167112350464
OSR6,YHR158C,0.2020167112350464
OSR6,YGR238C,0.2020167112350464
OSR6,YIL015W,0.2020167112350464
OSR6,YGL173C,0.2020167112350464
OSR6,YDL225W,0.2020167112350464
OSR6,YLR330W,0.2020167112350464
OSR6,YBR129C,0.2020167112350464
OSR6,YKR095W-A,0.2020167112350464
OSR6,YPR075C,0.2020167112350464
OSR6,YMR198W,0.2020167112350464
OSR6,YOR127W,0.2020167112350464
OSR6,YDR264C,0.2020167112350464
OSR6,YLR110C,0.2020167112350464
OSR6,YDR379W,0.2020167112350464
OSR6,YDL100C,0.2020167112350464
OSR6,YHR073W,0.2020167112350464
OSR6,YJR090C,0.2020167112350464
OSR6,YOR208W,0.2020167112350464
OSR6,YBR040W,0.2020167112350464
OSR6,YNL279W,0.2020167112350464
OSR6,YER075C,0.2020167112350464
OSR6,YCR089W,0.2020167112350464
OSR6,YCR002C,0.2020167112350464
OSR6,YJL108C,0.2020167112350464
OSR6,YBR200W,0.2020167112350464
OSR6,YIL026C,0.2020167112350464
OSR6,YJR076C,0.2020167112350464
OSR6,YKR031C,0.2020167112350464
OSR6,YPL192C,0.2020167112350464
OSR6,YHR107C,0.2020167112350464
OSR6,YIL037C,0.2020167112350464
OSR6,YPL156C,0.2020167112350464
OSR6,YIL117C,0.2020167112350464
OSR6,YHR066W,0.2020167112350464
OSR6,YML085C,0.2020167112350464
OSR6,YML047C,0.2020167112350464
OSR6,YDR312W,0.2020167112350464
OSR6,YFL037W,0.2020167112350464
OSR6,YDL038C,0.2020167112350464
OSR6,YDL039C,0.2020167112350464
OSR6,YCL027W,0.2020167112350464
OSR6,YML124C,0.2020167112350464
OSR6,YGL053W,0.2020167112350464
OSR6,YMR232W,0.2020167112350464
OSR6,YNL298W,0.2020167112350464
OSR6,YGL099W,0.2020167112350464
OSR6,YBL016W,0.2020167112350464
OSR6,YAL041W,0.2020167112350464
OSR6,YDR085C,0.2020167112350464
OSR6,YPL187W,0.2020167112350464
OSR6,YPL256C,0.2020167112350464
OSR6,YDR461W,0.2020167112350464
OSR6,YNL145W,0.2020167112350464
YNR075W,YDL165W,2.3955000309772156e-12
YNR075W,YGR059W,6.203116953429344e-08
YNR075W,YBR109C,7.476448930440749e-13
YNR075W,YJL080C,1.5896690683803172e-06
YNR075W,YCR093W,3.0551859653282776e-11
YNR075W,YIL122W,3.234028866927474e-08
YNR075W,YCL029C,2.4793139292495674e-15
YNR075W,YNL173C,0.004577206447720528
YNR075W,YLR452C,4.244385308993515e-06
YNR075W,YDL160C,7.959546355351677e-10
YNR075W,YLR229C,1.6663656565718554e-11
YNR075W,YML057W,1.2172489578798906e-13
YNR075W,YER149C,2.526265438160258e-12
YNR075W,YMR305C,1.6641100941683362e-08
YNR075W,YLR433C,0.0001792172115528956
YNR075W,YJL073W,6.52812803814129e-10
YNR075W,YGR279C,3.2256520371420905e-11
YNR075W,YKL190W,0.0008433154434897006
YNR075W,YGL089C,9.237257086054932e-20
YNR075W,YJL019W,0.0006489880615845323
YNR075W,YJL018W,0.01365625113248825
YNR075W,YNR032C-A,0.00048209482338279486
YNR075W,YGL178W,6.034347934530393e-12
YNR075W,YKL116C,3.6575451556331018e-09
YNR075W,YDL214C,6.040436346665956e-05
YNR075W,YLR362W,0.002284600166603923
YNR075W,YER068W,3.6870708299829857e-06
YNR075W,YHR084W,9.550557567017393e-11
YNR075W,YDR392W,5.740673817531905e-17
YNR075W,YNL053W,2.9463328998780014e-10
YNR075W,YGR040W,0.0002650816459208727
YNR075W,YDL216C,8.661246511110221e-07
YNR075W,YOL117W,5.223720414559985e-11
YNR075W,YJR086W,5.298552937550716e-13
YNR075W,YMR025W,7.3532055466785096e-06
YNR075W,YBR081C,5.77693072045804e-07
YNR075W,YFL026W,4.6784086293882865e-07
YNR075W,YHL007C,0.005362428724765778
YNR075W,YNR044W,7.775645372021245e-08
YNR075W,YNL271C,6.010536139910982e-07
YNR075W,YDR200C,2.342746263650497e-08
YNR075W,YKL178C,2.721199234656524e-05
YNR075W,YOR212W,9.548837169859326e-07
YNR075W,YOL111C,1.6061148819031343e-18
YNR075W,YGL032C,5.137222558460053e-08
YNR075W,YHR005C,0.00028633957845158875
YNR075W,YDR103W,0.0015968234511092305
YNR075W,YJR084W,8.944564910962072e-07
YNR075W,YCL032W,1.0187125099037075e-07
YNR075W,YJL170C,6.278191264389929e-15
YNR075W,YDR179C,9.836957575933713e-18
YNR075W,YBR095C,0.06413756310939789
YNR075W,YLL021W,2.0700120437200376e-11
YNR075W,YDL159W,1.3594942174677271e-05
YNR075W,YNL161W,4.580901880121434e-16
YNR075W,YNL188W,3.8799529995109383e-16
YNR075W,YJL157C,2.366104256967816e-10
YNR075W,YJL034W,2.034670251305215e-05
YNR075W,YLR238W,2.6215301929255475e-08
YNR075W,YPR141C,2.366165997605917e-15
YNR075W,YNL127W,3.804043302579885e-09
YNR075W,YCL055W,1.6314750439505588e-08
YNR075W,YPR122W,2.4355768513117937e-09
YNR075W,YMR065W,3.923917029169388e-05
YNR075W,YDR356W,4.78012918136983e-09
YNR075W,YMR052W,3.8668886759296583e-07
YNR075W,YFR008W,1.3702052513442364e-11
YNR075W,YLL043W,1.59229855967169e-07
YNR075W,YMR029C,0.0016010863473638892
YNR075W,YJR004C,1.1909399022513867e-09
YNR075W,YDL223C,0.0003106827789451927
YNR075W,YHR158C,9.681764938374027e-12
YNR075W,YGR238C,4.377869800009648e-08
YNR075W,YIL015W,0.0004006443195976317
YNR075W,YGL173C,1.1380312664455161e-10
YNR075W,YDL225W,3.0623534819085307e-09
YNR075W,YLR330W,1.5063136293846924e-09
YNR075W,YBR129C,2.9452498218063283e-09
YNR075W,YKR095W-A,0.2020167112350464
YNR075W,YPR075C,3.7288102293364656e-12
YNR075W,YMR198W,0.0053578931838274
YNR075W,YOR127W,5.22805703440099e-06
YNR075W,YDR264C,1.491761736360786e-07
YNR075W,YLR110C,4.41959722698551e-17
YNR075W,YDR379W,9.930412048220205e-09
YNR075W,YDL100C,1.689016087364978e-13
YNR075W,YHR073W,0.00019531419093254954
YNR075W,YJR090C,1.2950141176429342e-12
YNR075W,YOR208W,0.0006490304367616773
YNR075W,YBR040W,8.796432666713372e-07
YNR075W,YNL279W,5.848250111739617e-06
YNR075W,YER075C,3.5898054306926497e-07
YNR075W,YCR089W,2.7943913849526325e-08
YNR075W,YCR002C,1.7116542494477471e-06
YNR075W,YJL108C,1.1269599475838277e-08
YNR075W,YBR200W,6.315839527815115e-06
YNR075W,YIL026C,8.221541503150576e-12
YNR075W,YJR076C,7.319995304344573e-12
YNR075W,YKR031C,7.4185204539389815e-06
YNR075W,YPL192C,0.0525205098092556
YNR075W,YHR107C,1.8284969982573784e-08
YNR075W,YIL037C,4.0985479898836275e-08
YNR075W,YPL156C,1.348699255575292e-12
YNR075W,YIL117C,4.4234459845027274e-12
YNR075W,YHR066W,7.793369356974555e-13
YNR075W,YML085C,4.835159415961243e-06
YNR075W,YML047C,0.0009882908780127764
YNR075W,YDR312W,2.869679320560703e-13
YNR075W,YFL037W,0.005214819684624672
YNR075W,YDL038C,0.2020167112350464
YNR075W,YDL039C,1.5087298744115007e-19
YNR075W,YCL027W,1.7180873694219723e-12
YNR075W,YML124C,3.245891377900989e-07
YNR075W,YGL053W,4.649581067384112e-12
YNR075W,YMR232W,1.69441664183978e-05
YNR075W,YNL298W,1.5378491013962048e-07
YNR075W,YGL099W,1.1984605643230051e-15
YNR075W,YBL016W,7.126220680220285e-08
YNR075W,YAL041W,0.0005472922348417342
YNR075W,YDR085C,5.040805035605445e-07
YNR075W,YPL187W,6.51688836228459e-08
YNR075W,YPL256C,3.5078176474634404e-10
YNR075W,YDR461W,8.969792790469722e-12
YNR075W,YNL145W,3.156919821042936e-12
YOR354C,YDL165W,3.279085944996041e-07
YOR354C,YGR059W,0.00015284119581338018
YOR354C,YBR109C,8.684473279396698e-12
YOR354C,YJL080C,1.8032230855169473e-06
YOR354C,YCR093W,5.603723596259158e-10
YOR354C,YIL122W,2.3973503630259074e-05
YOR354C,YCL029C,3.273255089197846e-08
YOR354C,YNL173C,0.004477708134800196
YOR354C,YLR452C,7.534701643566232e-16
YOR354C,YDL160C,7.288288028650669e-12
YOR354C,YLR229C,4.948975765728392e-05
YOR354C,YML057W,6.447828582167858e-07
YOR354C,YER149C,7.50287563278107e-06
YOR354C,YMR305C,7.914984223589272e-08
YOR354C,YLR433C,5.473553034429646e-12
YOR354C,YJL073W,1.1798307990307233e-11
YOR354C,YGR279C,1.3278954602569115e-09
YOR354C,YKL190W,5.651900210068561e-05
YOR354C,YGL089C,2.735340785875451e-06
YOR354C,YJL019W,0.0026198183186352253
YOR354C,YJL018W,0.0013671844499185681
YOR354C,YNR032C-A,0.0003585909435059875
YOR354C,YGL178W,1.5535168637614838e-11
YOR354C,YKL116C,9.809829408210027e-14
YOR354C,YDL214C,9.110425708058756e-06
YOR354C,YLR362W,1.0283766199714606e-10
YOR354C,YER068W,1.2684381545113865e-05
YOR354C,YHR084W,1.623360224023429e-09
YOR354C,YDR392W,7.216530706344315e-10
YOR354C,YNL053W,3.338406884267897e-08
YOR354C,YGR040W,1.311102071355208e-08
YOR354C,YDL216C,0.001408030861057341
YOR354C,YOL117W,3.5862871300196275e-05
YOR354C,YJR086W,0.0006906514172442257
YOR354C,YMR025W,0.0014404894318431616
YOR354C,YBR081C,6.727582380072761e-11
YOR354C,YFL026W,2.951570736951792e-13
YOR354C,YHL007C,2.8386049066853047e-10
YOR354C,YNR044W,5.3231860109095863e-14
YOR354C,YNL271C,2.45536174725558e-10
YOR354C,YDR200C,2.084544121316867e-06
YOR354C,YKL178C,7.204153384954282e-10
YOR354C,YOR212W,2.654040098803989e-09
YOR354C,YOL111C,6.511640822282061e-05
YOR354C,YGL032C,3.1878357731329743e-06
YOR354C,YHR005C,1.1077609315957027e-11
YOR354C,YDR103W,2.4983771561987167e-12
YOR354C,YJR084W,5.623349008665457e-10
YOR354C,YCL032W,0.00018426921451464295
YOR354C,YJL170C,1.9500700967206575e-12
YOR354C,YDR179C,7.902403353909904e-08
YOR354C,YBR095C,5.932873636815827e-10
YOR354C,YLL021W,1.4006240354265571e-15
YOR354C,YDL159W,1.9592779665345006e-07
YOR354C,YNL161W,8.601389822615602e-08
YOR354C,YNL188W,1.043909831624154e-14
YOR354C,YJL157C,1.1233915131469985e-07
YOR354C,YJL034W,1.1030766577935225e-10
YOR354C,YLR238W,0.7526998519897461
YOR354C,YPR141C,1.2487098161040322e-11
YOR354C,YNL127W,0.0010707766050472856
YOR354C,YCL055W,3.1470273609279786e-10
YOR354C,YPR122W,2.0715020582429133e-05
YOR354C,YMR065W,3.8270236979442984e-10
YOR354C,YDR356W,4.211302417900242e-09
YOR354C,YMR052W,2.3005802063380543e-07
YOR354C,YFR008W,1.402008678041966e-07
YOR354C,YLL043W,1.3296409806518028e-10
YOR354C,YMR029C,3.1595824623309454e-08
YOR354C,YJR004C,1.5974591398962876e-15
YOR354C,YDL223C,3.9092850556698977e-07
YOR354C,YHR158C,2.5288268007406245e-11
YOR354C,YGR238C,2.2837271899334155e-05
YOR354C,YIL015W,1.1645122461267053e-14
YOR354C,YGL173C,2.1123910953768643e-10
YOR354C,YDL225W,2.7347058401431742e-14
YOR354C,YLR330W,3.385098423791533e-08
YOR354C,YBR129C,0.006983872968703508
YOR354C,YKR095W-A,0.2020167112350464
YOR354C,YPR075C,1.3937253755876445e-14
YOR354C,YMR198W,2.979122371016274e-08
YOR354C,YOR127W,1.2678600573926002e-13
YOR354C,YDR264C,1.132425268224324e-06
YOR354C,YLR110C,2.0242675591308767e-11
YOR354C,YDR379W,1.3509351970419914e-10
YOR354C,YDL100C,9.630886088629609e-10
YOR354C,YHR073W,2.190979131455606e-07
YOR354C,YJR090C,0.01843671314418316
YOR354C,YOR208W,2.0692708657676917e-10
YOR354C,YBR040W,0.00013343502359930426
YOR354C,YNL279W,0.027816537767648697
YOR354C,YER075C,1.1351982465157562e-07
YOR354C,YCR089W,1.5450382943524299e-12
YOR354C,YCR002C,3.774986989668605e-09
YOR354C,YJL108C,8.789735606029581e-10
YOR354C,YBR200W,3.2436564545434976e-10
YOR354C,YIL026C,1.5227810763462912e-05
YOR354C,YJR076C,3.6655347646075143e-09
YOR354C,YKR031C,0.0080420495942235
YOR354C,YPL192C,3.6617570913222153e-06
YOR354C,YHR107C,1.0096238352731018e-13
YOR354C,YIL037C,0.0007408768869936466
YOR354C,YPL156C,0.09802144765853882
YOR354C,YIL117C,0.0001995332568185404
YOR354C,YHR066W,7.207477794441971e-18
YOR354C,YML085C,8.041850171891518e-12
YOR354C,YML047C,3.250922588904359e-07
YOR354C,YDR312W,5.070673270882815e-16
YOR354C,YFL037W,4.146986157138599e-06
YOR354C,YDL038C,0.2020167112350464
YOR354C,YDL039C,2.838102011167006e-17
YOR354C,YCL027W,0.0001769719528965652
YOR354C,YML124C,4.4445190258181333e-13
YOR354C,YGL053W,5.224643973633647e-05
YOR354C,YMR232W,2.0784141270269174e-06
YOR354C,YNL298W,4.883135007460737e-10
YOR354C,YGL099W,3.499880335481421e-20
YOR354C,YBL016W,8.041013872545771e-14
YOR354C,YAL041W,3.981347447279404e-07
YOR354C,YDR085C,6.989472612880035e-14
YOR354C,YPL187W,0.00020622732699848711
YOR354C,YPL256C,1.4468547887558358e-12
YOR354C,YDR461W,1.709743319144863e-10
YOR354C,YNL145W,5.319918394697254e-10
YDR527W,YDL165W,2.98157046927372e-05
YDR527W,YGR059W,1.8333180806795468e-10
YDR527W,YBR109C,1.492499596134067e-10
YDR527W,YJL080C,0.00013517735351342708
YDR527W,YCR093W,1.2222317602450516e-10
YDR527W,YIL122W,2.338220589370721e-11
YDR527W,YCL029C,4.561672983793841e-10
YDR527W,YNL173C,8.362833712347042e-17
YDR527W,YLR452C,0.0014377861516550183
YDR527W,YDL160C,3.535704833703161e-15
YDR527W,YLR229C,2.3100440671441902e-08
YDR527W,YML057W,2.9064905745168688e-18
YDR527W,YER149C,3.6320724916549807e-07
YDR527W,YMR305C,7.218333708536306e-10
YDR527W,YLR433C,0.0014873013133183122
YDR527W,YJL073W,1.680267450865358e-05
YDR527W,YGR279C,1.2442492369757474e-08
YDR527W,YKL190W,0.6152879595756531
YDR527W,YGL089C,0.021679116412997246
YDR527W,YJL019W,1.01194645043645e-14
YDR527W,YJL018W,0.00016768471687100828
YDR527W,YNR032C-A,0.9984219074249268
YDR527W,YGL178W,0.7537428736686707
YDR527W,YKL116C,1.5052679426270227e-13
YDR527W,YDL214C,0.00026032785535790026
YDR527W,YLR362W,3.180821439574544e-10
YDR527W,YER068W,5.708193029363429e-09
YDR527W,YHR084W,2.2395234972050204e-11
YDR527W,YDR392W,3.984161056624913e-10
YDR527W,YNL053W,1.4773797374800779e-05
YDR527W,YGR040W,2.813457911088335e-07
YDR527W,YDL216C,0.0007647295133210719
YDR527W,YOL117W,2.3536743300883733e-12
YDR527W,YJR086W,5.465456798752323e-16
YDR527W,YMR025W,4.3168787988712154e-10
YDR527W,YBR081C,0.3429998755455017
YDR527W,YFL026W,0.00011007318971678615
YDR527W,YHL007C,2.238826094999591e-12
YDR527W,YNR044W,2.3727673124085413e-06
YDR527W,YNL271C,0.565178394317627
YDR527W,YDR200C,0.00010178685624850914
YDR527W,YKL178C,1.937873334023621e-10
YDR527W,YOR212W,1.858025200363045e-08
YDR527W,YOL111C,1.1916460873617751e-10
YDR527W,YGL032C,7.799288326282294e-09
YDR527W,YHR005C,3.6698183976113796e-05
YDR527W,YDR103W,4.6718840167159215e-05
YDR527W,YJR084W,1.3269172612355613e-14
YDR527W,YCL032W,4.5134704862448416e-08
YDR527W,YJL170C,2.6082011550521145e-10
YDR527W,YDR179C,6.57148973459698e-07
YDR527W,YBR095C,1.8181840459874365e-06
YDR527W,YLL021W,2.637326304011367e-07
YDR527W,YDL159W,4.105992502445588e-06
YDR527W,YNL161W,4.4554752776093665e-07
YDR527W,YNL188W,1.0224909460787579e-11
YDR527W,YJL157C,0.0012180842459201813
YDR527W,YJL034W,1.7932073740397486e-14
YDR527W,YLR238W,3.91620278605842e-06
YDR527W,YPR141C,3.6868659663014114e-05
YDR527W,YNL127W,5.335882846679851e-10
YDR527W,YCL055W,6.685880321599669e-11
YDR527W,YPR122W,0.02109125442802906
YDR527W,YMR065W,0.0011991970241069794
YDR527W,YDR356W,1.180977687909035e-05
YDR527W,YMR052W,5.169859377929242e-06
YDR527W,YFR008W,3.1466027561322107e-09
YDR527W,YLL043W,2.7765379400079837e-06
YDR527W,YMR029C,1.38940068339366e-08
YDR527W,YJR004C,0.00022764423920307308
YDR527W,YDL223C,6.863223322994827e-09
YDR527W,YHR158C,0.0001634866785025224
YDR527W,YGR238C,6.016468573344369e-11
YDR527W,YIL015W,0.002736262744292617
YDR527W,YGL173C,0.9994438290596008
YDR527W,YDL225W,1.4065921277506277e-05
YDR527W,YLR330W,9.695509369314625e-13
YDR527W,YBR129C,4.0257429390067045e-08
YDR527W,YKR095W-A,0.2020167112350464
YDR527W,YPR075C,2.0838460622861488e-14
YDR527W,YMR198W,0.1302536576986313
YDR527W,YOR127W,2.2595913833356462e-06
YDR527W,YDR264C,0.010204179212450981
YDR527W,YLR110C,0.0003038620634470135
YDR527W,YDR379W,4.680166809656328e-10
YDR527W,YDL100C,2.310094032509369e-06
YDR527W,YHR073W,2.49454323864029e-09
YDR527W,YJR090C,5.929315648245392e-06
YDR527W,YOR208W,5.127922264591689e-08
YDR527W,YBR040W,2.9358201572904363e-05
YDR527W,YNL279W,1.678422266622459e-12
YDR527W,YER075C,6.729362667101668e-08
YDR527W,YCR089W,5.200462727117383e-09
YDR527W,YCR002C,5.770203279098496e-05
YDR527W,YJL108C,1.6291356530473422e-07
YDR527W,YBR200W,3.3040549463070334e-11
YDR527W,YIL026C,4.254252505830891e-09
YDR527W,YJR076C,5.113106027465619e-08
YDR527W,YKR031C,0.00014472901239059865
YDR527W,YPL192C,0.0024399221874773502
YDR527W,YHR107C,1.960767832820398e-11
YDR527W,YIL037C,0.0001008434483082965
YDR527W,YPL156C,0.004531953949481249
YDR527W,YIL117C,0.00292628793977201
YDR527W,YHR066W,6.847443619062421e-12
YDR527W,YML085C,1.8098486598283614e-10
YDR527W,YML047C,0.0009606946841813624
YDR527W,YDR312W,5.276028605294414e-05
YDR527W,YFL037W,5.428914154163855e-13
YDR527W,YDL038C,0.2020167112350464
YDR527W,YDL039C,4.447731072332317e-10
YDR527W,YCL027W,1.407760521487944e-07
YDR527W,YML124C,4.225738682583913e-12
YDR527W,YGL053W,5.67676006028861e-13
YDR527W,YMR232W,1.8444686133989308e-07
YDR527W,YNL298W,1.2516321135080943e-07
YDR527W,YGL099W,1.9424045705207504e-12
YDR527W,YBL016W,5.465370242573026e-17
YDR527W,YAL041W,5.23136289842796e-09
YDR527W,YDR085C,5.650946724444772e-11
YDR527W,YPL187W,2.0056915673194453e-05
YDR527W,YPL256C,1.2733299969980294e-09
YDR527W,YDR461W,3.233361894672271e-06
YDR527W,YNL145W,7.389059533124964e-07
YMR263W,YDL165W,2.0264888007659465e-05
YMR263W,YGR059W,0.012459863908588886
YMR263W,YBR109C,0.00027172965928912163
YMR263W,YJL080C,1.3010775568034205e-08
YMR263W,YCR093W,9.062068784260191e-08
YMR263W,YIL122W,0.07710381597280502
YMR263W,YCL029C,1.0647874150047833e-14
YMR263W,YNL173C,0.530983567237854
YMR263W,YLR452C,3.169491537846625e-05
YMR263W,YDL160C,3.2989314036058204e-07
YMR263W,YLR229C,0.005578681826591492
YMR263W,YML057W,9.880829566100147e-06
YMR263W,YER149C,2.9485140657925513e-06
YMR263W,YMR305C,3.837799340544734e-07
YMR263W,YLR433C,3.5537127018869796e-07
YMR263W,YJL073W,8.608635045049759e-14
YMR263W,YGR279C,1.2272647786915059e-08
YMR263W,YKL190W,0.0009705805568955839
YMR263W,YGL089C,9.259415634232937e-08
YMR263W,YJL019W,2.075988714267396e-09
YMR263W,YJL018W,0.000668147171381861
YMR263W,YNR032C-A,0.9630385637283325
YMR263W,YGL178W,4.900269701124671e-08
YMR263W,YKL116C,0.0006614323356188834
YMR263W,YDL214C,1.477823295865672e-14
YMR263W,YLR362W,4.2889134022061626e-08
YMR263W,YER068W,4.5563783714897e-06
YMR263W,YHR084W,3.302294215856705e-09
YMR263W,YDR392W,4.2136371121159755e-06
YMR263W,YNL053W,1.461501284438782e-07
YMR263W,YGR040W,2.1239485192836582e-07
YMR263W,YDL216C,2.8513071811175905e-05
YMR263W,YOL117W,2.121550934930383e-08
YMR263W,YJR086W,1.465070367811811e-14
YMR263W,YMR025W,0.00020770517585333437
YMR263W,YBR081C,9.187851537717506e-05
YMR263W,YFL026W,1.8505135813029483e-05
YMR263W,YHL007C,0.0971154123544693
YMR263W,YNR044W,5.503208910795365e-08
YMR263W,YNL271C,1.2888323221160736e-11
YMR263W,YDR200C,6.105287386759528e-10
YMR263W,YKL178C,5.274668879451383e-08
YMR263W,YOR212W,3.033962639165111e-05
YMR263W,YOL111C,5.074502558606586e-13
YMR263W,YGL032C,1.0106572290169424e-06
YMR263W,YHR005C,0.0003696880885399878
YMR263W,YDR103W,1.9029460229802453e-09
YMR263W,YJR084W,0.00042582995956763625
YMR263W,YCL032W,1.4536492471961537e-06
YMR263W,YJL170C,4.2062072935777906e-08
YMR263W,YDR179C,8.055518388238442e-22
YMR263W,YBR095C,3.854620729271119e-07
YMR263W,YLL021W,2.4193914427428354e-08
YMR263W,YDL159W,2.7686692760653386e-07
YMR263W,YNL161W,0.37485697865486145
YMR263W,YNL188W,1.3712897484197129e-08
YMR263W,YJL157C,0.002017512684687972
YMR263W,YJL034W,5.325424996815986e-12
YMR263W,YLR238W,6.381859485315999e-09
YMR263W,YPR141C,0.2733250558376312
YMR263W,YNL127W,4.7144683776423335e-05
YMR263W,YCL055W,6.828272034908878e-06
YMR263W,YPR122W,7.449180117191645e-08
YMR263W,YMR065W,0.0014881010865792632
YMR263W,YDR356W,5.245866759651108e-06
YMR263W,YMR052W,1.674559868547476e-08
YMR263W,YFR008W,2.1455855403473834e-07
YMR263W,YLL043W,3.3191648981301114e-05
YMR263W,YMR029C,0.01680220477283001
YMR263W,YJR004C,1.037713900586823e-05
YMR263W,YDL223C,1.3885109208244817e-11
YMR263W,YHR158C,3.2487016596860485e-06
YMR263W,YGR238C,5.949468686594628e-06
YMR263W,YIL015W,3.190939605701715e-05
YMR263W,YGL173C,0.0002741241187322885
YMR263W,YDL225W,3.7733222102431796e-10
YMR263W,YLR330W,2.0359729527297254e-11
YMR263W,YBR129C,1.984195515953701e-14
YMR263W,YKR095W-A,0.2020167112350464
YMR263W,YPR075C,2.8007356434045505e-08
YMR263W,YMR198W,0.32726502418518066
YMR263W,YOR127W,3.793603452206806e-12
YMR263W,YDR264C,6.37560560790007e-06
YMR263W,YLR110C,0.0002593846875242889
YMR263W,YDR379W,2.5982915758504532e-05
YMR263W,YDL100C,0.009144723415374756
YMR263W,YHR073W,1.1975238509154273e-11
YMR263W,YJR090C,4.5006422624283005e-06
YMR263W,YOR208W,1.0846099129935283e-08
YMR263W,YBR040W,6.120392015418474e-08
YMR263W,YNL279W,1.555270281678123e-17
YMR263W,YER075C,8.28299064892235e-08
YMR263W,YCR089W,2.226872852784112e-11
YMR263W,YCR002C,1.4131387615634594e-05
YMR263W,YJL108C,0.019285138696432114
YMR263W,YBR200W,3.8628635934401245e-07
YMR263W,YIL026C,4.406812422530493e-06
YMR263W,YJR076C,3.963176453680717e-09
YMR263W,YKR031C,5.8317506045568734e-05
YMR263W,YPL192C,3.631190140240825e-11
YMR263W,YHR107C,0.014646735973656178
YMR263W,YIL037C,3.5282849975004638e-09
YMR263W,YPL156C,1.2304228675930062e-06
YMR263W,YIL117C,2.0383974685955764e-07
YMR263W,YHR066W,4.001328077467975e-13
YMR263W,YML085C,0.0004800930619239807
YMR263W,YML047C,9.722046279136975e-09
YMR263W,YDR312W,0.0003557007876224816
YMR263W,YFL037W,0.984464704990387
YMR263W,YDL038C,0.2020167112350464
YMR263W,YDL039C,4.4014747750992695e-18
YMR263W,YCL027W,6.44543706601608e-12
YMR263W,YML124C,0.0010793415131047368
YMR263W,YGL053W,8.217675713240169e-07
YMR263W,YMR232W,6.3374638870072886e-09
YMR263W,YNL298W,6.783466746217853e-14
YMR263W,YGL099W,2.2706132807304158e-10
YMR263W,YBL016W,1.788822032722237e-07
YMR263W,YAL041W,5.090702526189261e-09
YMR263W,YDR085C,1.3573730583971155e-08
YMR263W,YPL187W,4.532156526693143e-05
YMR263W,YPL256C,1.409025619705101e-13
YMR263W,YDR461W,0.007445236202329397
YMR263W,YNL145W,1.799916162781301e-07
tK(CUU)D2,YDL165W,0.2020167112350464
tK(CUU)D2,YGR059W,0.2020167112350464
tK(CUU)D2,YBR109C,0.2020167112350464
tK(CUU)D2,YJL080C,0.2020167112350464
tK(CUU)D2,YCR093W,0.2020167112350464
tK(CUU)D2,YIL122W,0.2020167112350464
tK(CUU)D2,YCL029C,0.2020167112350464
tK(CUU)D2,YNL173C,0.2020167112350464
tK(CUU)D2,YLR452C,0.2020167112350464
tK(CUU)D2,YDL160C,0.2020167112350464
tK(CUU)D2,YLR229C,0.2020167112350464
tK(CUU)D2,YML057W,0.2020167112350464
tK(CUU)D2,YER149C,0.2020167112350464
tK(CUU)D2,YMR305C,0.2020167112350464
tK(CUU)D2,YLR433C,0.2020167112350464
tK(CUU)D2,YJL073W,0.2020167112350464
tK(CUU)D2,YGR279C,0.2020167112350464
tK(CUU)D2,YKL190W,0.2020167112350464
tK(CUU)D2,YGL089C,0.2020167112350464
tK(CUU)D2,YJL019W,0.2020167112350464
tK(CUU)D2,YJL018W,0.2020167112350464
tK(CUU)D2,YNR032C-A,0.2020167112350464
tK(CUU)D2,YGL178W,0.2020167112350464
tK(CUU)D2,YKL116C,0.2020167112350464
tK(CUU)D2,YDL214C,0.2020167112350464
tK(CUU)D2,YLR362W,0.2020167112350464
tK(CUU)D2,YER068W,0.2020167112350464
tK(CUU)D2,YHR084W,0.2020167112350464
tK(CUU)D2,YDR392W,0.2020167112350464
tK(CUU)D2,YNL053W,0.2020167112350464
tK(CUU)D2,YGR040W,0.2020167112350464
tK(CUU)D2,YDL216C,0.2020167112350464
tK(CUU)D2,YOL117W,0.2020167112350464
tK(CUU)D2,YJR086W,0.2020167112350464
tK(CUU)D2,YMR025W,0.2020167112350464
tK(CUU)D2,YBR081C,0.2020167112350464
tK(CUU)D2,YFL026W,0.2020167112350464
tK(CUU)D2,YHL007C,0.2020167112350464
tK(CUU)D2,YNR044W,0.2020167112350464
tK(CUU)D2,YNL271C,0.2020167112350464
tK(CUU)D2,YDR200C,0.2020167112350464
tK(CUU)D2,YKL178C,0.2020167112350464
tK(CUU)D2,YOR212W,0.2020167112350464
tK(CUU)D2,YOL111C,0.2020167112350464
tK(CUU)D2,YGL032C,0.2020167112350464
tK(CUU)D2,YHR005C,0.2020167112350464
tK(CUU)D2,YDR103W,0.2020167112350464
tK(CUU)D2,YJR084W,0.2020167112350464
tK(CUU)D2,YCL032W,0.2020167112350464
tK(CUU)D2,YJL170C,0.2020167112350464
tK(CUU)D2,YDR179C,0.2020167112350464
tK(CUU)D2,YBR095C,0.2020167112350464
tK(CUU)D2,YLL021W,0.2020167112350464
tK(CUU)D2,YDL159W,0.2020167112350464
tK(CUU)D2,YNL161W,0.2020167112350464
tK(CUU)D2,YNL188W,0.2020167112350464
tK(CUU)D2,YJL157C,0.2020167112350464
tK(CUU)D2,YJL034W,0.2020167112350464
tK(CUU)D2,YLR238W,0.2020167112350464
tK(CUU)D2,YPR141C,0.2020167112350464
tK(CUU)D2,YNL127W,0.2020167112350464
tK(CUU)D2,YCL055W,0.2020167112350464
tK(CUU)D2,YPR122W,0.2020167112350464
tK(CUU)D2,YMR065W,0.2020167112350464
tK(CUU)D2,YDR356W,0.2020167112350464
tK(CUU)D2,YMR052W,0.2020167112350464
tK(CUU)D2,YFR008W,0.2020167112350464
tK(CUU)D2,YLL043W,0.2020167112350464
tK(CUU)D2,YMR029C,0.2020167112350464
tK(CUU)D2,YJR004C,0.2020167112350464
tK(CUU)D2,YDL223C,0.2020167112350464
tK(CUU)D2,YHR158C,0.2020167112350464
tK(CUU)D2,YGR238C,0.2020167112350464
tK(CUU)D2,YIL015W,0.2020167112350464
tK(CUU)D2,YGL173C,0.2020167112350464
tK(CUU)D2,YDL225W,0.2020167112350464
tK(CUU)D2,YLR330W,0.2020167112350464
tK(CUU)D2,YBR129C,0.2020167112350464
tK(CUU)D2,YKR095W-A,0.2020167112350464
tK(CUU)D2,YPR075C,0.2020167112350464
tK(CUU)D2,YMR198W,0.2020167112350464
tK(CUU)D2,YOR127W,0.2020167112350464
tK(CUU)D2,YDR264C,0.2020167112350464
tK(CUU)D2,YLR110C,0.2020167112350464
tK(CUU)D2,YDR379W,0.2020167112350464
tK(CUU)D2,YDL100C,0.2020167112350464
tK(CUU)D2,YHR073W,0.2020167112350464
tK(CUU)D2,YJR090C,0.2020167112350464
tK(CUU)D2,YOR208W,0.2020167112350464
tK(CUU)D2,YBR040W,0.2020167112350464
tK(CUU)D2,YNL279W,0.2020167112350464
tK(CUU)D2,YER075C,0.2020167112350464
tK(CUU)D2,YCR089W,0.2020167112350464
tK(CUU)D2,YCR002C,0.2020167112350464
tK(CUU)D2,YJL108C,0.2020167112350464
tK(CUU)D2,YBR200W,0.2020167112350464
tK(CUU)D2,YIL026C,0.2020167112350464
tK(CUU)D2,YJR076C,0.2020167112350464
tK(CUU)D2,YKR031C,0.2020167112350464
tK(CUU)D2,YPL192C,0.2020167112350464
tK(CUU)D2,YHR107C,0.2020167112350464
tK(CUU)D2,YIL037C,0.2020167112350464
tK(CUU)D2,YPL156C,0.2020167112350464
tK(CUU)D2,YIL117C,0.2020167112350464
tK(CUU)D2,YHR066W,0.2020167112350464
tK(CUU)D2,YML085C,0.2020167112350464
tK(CUU)D2,YML047C,0.2020167112350464
tK(CUU)D2,YDR312W,0.2020167112350464
tK(CUU)D2,YFL037W,0.2020167112350464
tK(CUU)D2,YDL038C,0.2020167112350464
tK(CUU)D2,YDL039C,0.2020167112350464
tK(CUU)D2,YCL027W,0.2020167112350464
tK(CUU)D2,YML124C,0.2020167112350464
tK(CUU)D2,YGL053W,0.2020167112350464
tK(CUU)D2,YMR232W,0.2020167112350464
tK(CUU)D2,YNL298W,0.2020167112350464
tK(CUU)D2,YGL099W,0.2020167112350464
tK(CUU)D2,YBL016W,0.2020167112350464
tK(CUU)D2,YAL041W,0.2020167112350464
tK(CUU)D2,YDR085C,0.2020167112350464
tK(CUU)D2,YPL187W,0.2020167112350464
tK(CUU)D2,YPL256C,0.2020167112350464
tK(CUU)D2,YDR461W,0.2020167112350464
tK(CUU)D2,YNL145W,0.2020167112350464
YJR110W,YDL165W,0.00018834471120499074
YJR110W,YGR059W,1.1710479697057963e-07
YJR110W,YBR109C,0.001496356911957264
YJR110W,YJL080C,0.9307788610458374
YJR110W,YCR093W,0.00010711080540204421
YJR110W,YIL122W,3.840768385998672e-06
YJR110W,YCL029C,5.911214202569681e-07
YJR110W,YNL173C,1.2961967513547279e-05
YJR110W,YLR452C,0.2969878315925598
YJR110W,YDL160C,0.7198553681373596
YJR110W,YLR229C,0.0006103936466388404
YJR110W,YML057W,3.80607687588963e-08
YJR110W,YER149C,1.3108228813507594e-06
YJR110W,YMR305C,0.006658966187387705
YJR110W,YLR433C,0.9998999834060669
YJR110W,YJL073W,7.154719594559822e-10
YJR110W,YGR279C,8.963822438090574e-06
YJR110W,YKL190W,0.0009092833497561514
YJR110W,YGL089C,3.2363907109811407e-09
YJR110W,YJL019W,0.11197762936353683
YJR110W,YJL018W,0.1440718024969101
YJR110W,YNR032C-A,0.0014020021772012115
YJR110W,YGL178W,2.3266909920494072e-05
YJR110W,YKL116C,5.691776827632111e-09
YJR110W,YDL214C,0.9998039603233337
YJR110W,YLR362W,5.586819042946445e-07
YJR110W,YER068W,2.6341359316006674e-08
YJR110W,YHR084W,2.6245597837259993e-05
YJR110W,YDR392W,1.2138130500716215e-07
YJR110W,YNL053W,0.0014143922599032521
YJR110W,YGR040W,0.00036277988692745566
YJR110W,YDL216C,0.0002671402762643993
YJR110W,YOL117W,0.00011666520003927872
YJR110W,YJR086W,7.789531809976324e-05
YJR110W,YMR025W,0.5445889234542847
YJR110W,YBR081C,0.001270701177418232
YJR110W,YFL026W,0.0003382369759492576
YJR110W,YHL007C,1.144262682828412e-06
YJR110W,YNR044W,1.1919803910132032e-05
YJR110W,YNL271C,0.9956477284431458
YJR110W,YDR200C,0.000704412697814405
YJR110W,YKL178C,0.08714811503887177
YJR110W,YOR212W,0.9936090707778931
YJR110W,YOL111C,9.309448500971484e-07
YJR110W,YGL032C,3.783076749641623e-07
YJR110W,YHR005C,0.07147326320409775
YJR110W,YDR103W,0.027612751349806786
YJR110W,YJR084W,5.124808239997947e-07
YJR110W,YCL032W,0.000700154050718993
YJR110W,YJL170C,0.00048826163401827216
YJR110W,YDR179C,1.1400298944863607e-06
YJR110W,YBR095C,3.0946596396574932e-09
YJR110W,YLL021W,0.00015453244850505143
YJR110W,YDL159W,9.320795157918838e-08
YJR110W,YNL161W,0.00019532369333319366
YJR110W,YNL188W,2.8716478482238017e-05
YJR110W,YJL157C,4.797915970772282e-12
YJR110W,YJL034W,0.0003034879919141531
YJR110W,YLR238W,0.04328889027237892
YJR110W,YPR141C,3.7185885481960668e-09
YJR110W,YNL127W,0.6003684401512146
YJR110W,YCL055W,0.02140955626964569
YJR110W,YPR122W,0.999332845211029
YJR110W,YMR065W,0.5188127160072327
YJR110W,YDR356W,9.936559945344925e-05
YJR110W,YMR052W,3.3617407098063268e-06
YJR110W,YFR008W,1.3937109542894177e-05
YJR110W,YLL043W,5.572052828028973e-07
YJR110W,YMR029C,0.027525419369339943
YJR110W,YJR004C,0.003160008927807212
YJR110W,YDL223C,1.814707932534798e-11
YJR110W,YHR158C,0.6239628791809082
YJR110W,YGR238C,6.059924426409652e-14
YJR110W,YIL015W,0.8155380487442017
YJR110W,YGL173C,0.0004577944055199623
YJR110W,YDL225W,1.352997605863493e-05
YJR110W,YLR330W,4.8917085223365575e-05
YJR110W,YBR129C,4.048339121709432e-07
YJR110W,YKR095W-A,0.2020167112350464
YJR110W,YPR075C,0.001353622181341052
YJR110W,YMR198W,0.4670048952102661
YJR110W,YOR127W,0.024587852880358696
YJR110W,YDR264C,1.7343101717415266e-05
YJR110W,YLR110C,4.191342213744065e-06
YJR110W,YDR379W,0.03366662189364433
YJR110W,YDL100C,0.0009568789973855019
YJR110W,YHR073W,8.110472117550671e-05
YJR110W,YJR090C,0.6287067532539368
YJR110W,YOR208W,4.423932011832221e-07
YJR110W,YBR040W,0.00010924813977908343
YJR110W,YNL279W,9.588803368387744e-05
YJR110W,YER075C,0.015330002643167973
YJR110W,YCR089W,0.0020747268572449684
YJR110W,YCR002C,0.00313968094997108
YJR110W,YJL108C,2.143151687050704e-05
YJR110W,YBR200W,2.957578404405581e-09
YJR110W,YIL026C,4.619233440195103e-09
YJR110W,YJR076C,3.209593728570326e-07
YJR110W,YKR031C,0.9173058867454529
YJR110W,YPL192C,2.284393048057609e-07
YJR110W,YHR107C,2.53018015428097e-06
YJR110W,YIL037C,2.287321512994822e-05
YJR110W,YPL156C,0.9999713897705078
YJR110W,YIL117C,0.0001473249722039327
YJR110W,YHR066W,7.458748028932316e-12
YJR110W,YML085C,0.996405839920044
YJR110W,YML047C,0.04162280261516571
YJR110W,YDR312W,0.00020546304585877806
YJR110W,YFL037W,0.0003139098989777267
YJR110W,YDL038C,0.2020167112350464
YJR110W,YDL039C,8.616346462986257e-07
YJR110W,YCL027W,9.006331310956739e-06
YJR110W,YML124C,5.145158411323791e-06
YJR110W,YGL053W,0.024774841964244843
YJR110W,YMR232W,8.596441330155358e-05
YJR110W,YNL298W,0.0043012481182813644
YJR110W,YGL099W,0.0013698256807401776
YJR110W,YBL016W,8.754564987611957e-06
YJR110W,YAL041W,6.636340549448505e-05
YJR110W,YDR085C,5.6158704353492794e-09
YJR110W,YPL187W,0.0004060865903738886
YJR110W,YPL256C,1.0172810789299547e-06
YJR110W,YDR461W,9.03693653526716e-05
YJR110W,YNL145W,3.7659503987486076e-11
YLR208W,YDL165W,2.146702718164306e-05
YLR208W,YGR059W,1.976624389499193e-06
YLR208W,YBR109C,1.952391176018864e-05
YLR208W,YJL080C,6.797403671043867e-07
YLR208W,YCR093W,9.007654625747818e-06
YLR208W,YIL122W,2.462298143157682e-10
YLR208W,YCL029C,8.739646506494836e-11
YLR208W,YNL173C,6.323839563983358e-14
YLR208W,YLR452C,0.026067493483424187
YLR208W,YDL160C,0.00011579527927096933
YLR208W,YLR229C,1.8466489564161748e-06
YLR208W,YML057W,3.0666472167678546e-18
YLR208W,YER149C,1.816306212276686e-05
YLR208W,YMR305C,3.596366937586026e-08
YLR208W,YLR433C,0.09308197349309921
YLR208W,YJL073W,1.1932762333799474e-07
YLR208W,YGR279C,4.578654625220224e-06
YLR208W,YKL190W,5.856343188170854e-10
YLR208W,YGL089C,2.8343521989881992e-05
YLR208W,YJL019W,1.6657524318230976e-11
YLR208W,YJL018W,0.00029917393112555146
YLR208W,YNR032C-A,0.002418645191937685
YLR208W,YGL178W,9.635750530812004e-11
YLR208W,YKL116C,3.370563561588824e-08
YLR208W,YDL214C,0.00013397776638157666
YLR208W,YLR362W,2.5731635789130736e-13
YLR208W,YER068W,0.0009572347044013441
YLR208W,YHR084W,0.007851006463170052
YLR208W,YDR392W,2.583195430564539e-13
YLR208W,YNL053W,0.007328753359615803
YLR208W,YGR040W,0.0006337037775665522
YLR208W,YDL216C,0.05724343657493591
YLR208W,YOL117W,0.00010800269228639081
YLR208W,YJR086W,1.3964277059130836e-05
YLR208W,YMR025W,0.052221111953258514
YLR208W,YBR081C,1.258480733667966e-05
YLR208W,YFL026W,3.2208129141508834e-07
YLR208W,YHL007C,2.9496428055608703e-07
YLR208W,YNR044W,1.3384273886678927e-13
YLR208W,YNL271C,7.502216070598422e-10
YLR208W,YDR200C,2.0923665022820614e-09
YLR208W,YKL178C,1.1540745390448137e-06
YLR208W,YOR212W,5.708955530536741e-09
YLR208W,YOL111C,6.225684898164552e-12
YLR208W,YGL032C,5.5240659269095715e-11
YLR208W,YHR005C,9.31217325472744e-09
YLR208W,YDR103W,4.655056784486078e-07
YLR208W,YJR084W,5.584459472629533e-08
YLR208W,YCL032W,0.00010587356518954039
YLR208W,YJL170C,1.2766687934682303e-13
YLR208W,YDR179C,2.2171563850414142e-17
YLR208W,YBR095C,0.0003935667627956718
YLR208W,YLL021W,3.234689529563184e-07
YLR208W,YDL159W,5.860957799086464e-07
YLR208W,YNL161W,1.494431578485944e-09
YLR208W,YNL188W,4.8951742428471334e-06
YLR208W,YJL157C,5.928919790676446e-07
YLR208W,YJL034W,8.78831816347736e-12
YLR208W,YLR238W,7.822470797691494e-05
YLR208W,YPR141C,1.927841905753104e-14
YLR208W,YNL127W,1.2163686733401846e-05
YLR208W,YCL055W,2.3067583242664114e-05
YLR208W,YPR122W,2.19558751268778e-05
YLR208W,YMR065W,5.346123998606345e-06
YLR208W,YDR356W,6.7537062436160734e-15
YLR208W,YMR052W,0.0679030492901802
YLR208W,YFR008W,6.301064422586933e-05
YLR208W,YLL043W,5.157424675417133e-05
YLR208W,YMR029C,5.5421764399987694e-11
YLR208W,YJR004C,9.56076467995004e-11
YLR208W,YDL223C,1.7008813333604456e-16
YLR208W,YHR158C,9.887688584564458e-11
YLR208W,YGR238C,5.251194479249932e-10
YLR208W,YIL015W,0.6812119483947754
YLR208W,YGL173C,0.00032587203895673156
YLR208W,YDL225W,4.912084023089847e-06
YLR208W,YLR330W,3.706431862815496e-12
YLR208W,YBR129C,5.187685303553735e-08
YLR208W,YKR095W-A,0.2020167112350464
YLR208W,YPR075C,6.325783663415984e-17
YLR208W,YMR198W,7.247269451227112e-08
YLR208W,YOR127W,0.0001094176695914939
YLR208W,YDR264C,2.408602428616291e-09
YLR208W,YLR110C,0.004635083023458719
YLR208W,YDR379W,0.12124478071928024
YLR208W,YDL100C,2.036106144798211e-10
YLR208W,YHR073W,3.139008549624123e-05
YLR208W,YJR090C,6.459134738179273e-08
YLR208W,YOR208W,6.114140443935767e-11
YLR208W,YBR040W,8.701999831828289e-08
YLR208W,YNL279W,7.216362519102404e-06
YLR208W,YER075C,6.961560217177976e-10
YLR208W,YCR089W,6.067674140908252e-10
YLR208W,YCR002C,1.4597735520371913e-10
YLR208W,YJL108C,1.6817681171232834e-05
YLR208W,YBR200W,1.3191651305533014e-05
YLR208W,YIL026C,1.4300784641818609e-05
YLR208W,YJR076C,4.151860188983392e-09
YLR208W,YKR031C,5.368240181269357e-06
YLR208W,YPL192C,0.06091046705842018
YLR208W,YHR107C,1.6974662994662104e-11
YLR208W,YIL037C,6.012582502989972e-07
YLR208W,YPL156C,6.469118574159438e-09
YLR208W,YIL117C,4.167615406913683e-05
YLR208W,YHR066W,4.8950169679446475e-17
YLR208W,YML085C,2.920812903539627e-06
YLR208W,YML047C,8.529258188616495e-09
YLR208W,YDR312W,2.587426388345193e-05
YLR208W,YFL037W,0.025242280215024948
YLR208W,YDL038C,0.2020167112350464
YLR208W,YDL039C,0.0009955272544175386
YLR208W,YCL027W,3.1281371775548905e-05
YLR208W,YML124C,1.613845279635484e-09
YLR208W,YGL053W,5.59232260499698e-09
YLR208W,YMR232W,0.001526037696748972
YLR208W,YNL298W,2.32620789297755e-09
YLR208W,YGL099W,1.738597710243539e-09
YLR208W,YBL016W,3.7468555547093274e-07
YLR208W,YAL041W,4.2597785068210214e-06
YLR208W,YDR085C,2.6404474162688985e-09
YLR208W,YPL187W,1.4475910470324038e-09
YLR208W,YPL256C,2.177099850086961e-05
YLR208W,YDR461W,9.722843969939277e-07
YLR208W,YNL145W,2.2923512046912897e-12
YJL042W,YDL165W,2.7581982919855363e-08
YJL042W,YGR059W,2.331929538357258e-09
YJL042W,YBR109C,3.648568670496302e-14
YJL042W,YJL080C,6.618178921558027e-11
YJL042W,YCR093W,0.014065558090806007
YJL042W,YIL122W,7.2166717046684425e-09
YJL042W,YCL029C,3.216157562491162e-09
YJL042W,YNL173C,2.2314007708246208e-07
YJL042W,YLR452C,0.0008069966570474207
YJL042W,YDL160C,0.00013819464948028326
YJL042W,YLR229C,6.32622565444052e-11
YJL042W,YML057W,0.00022888981038704515
YJL042W,YER149C,1.800868858481408e-07
YJL042W,YMR305C,9.109203842616598e-12
YJL042W,YLR433C,1.3948978221378638e-06
YJL042W,YJL073W,3.2273994522209358e-15
YJL042W,YGR279C,6.007691627019085e-05
YJL042W,YKL190W,3.5726150770382104e-12
YJL042W,YGL089C,2.8789048922561733e-10
YJL042W,YJL019W,0.4677881896495819
YJL042W,YJL018W,0.061777424067258835
YJL042W,YNR032C-A,1.904504097183235e-05
YJL042W,YGL178W,0.9992762207984924
YJL042W,YKL116C,6.610148626379209e-13
YJL042W,YDL214C,1.4272675343818264e-06
YJL042W,YLR362W,6.082635480367249e-13
YJL042W,YER068W,6.638944493979337e-13
YJL042W,YHR084W,1.052859518217372e-15
YJL042W,YDR392W,4.8041427606893006e-12
YJL042W,YNL053W,6.679700845779735e-07
YJL042W,YGR040W,6.720265077926613e-13
YJL042W,YDL216C,9.105070120085657e-08
YJL042W,YOL117W,1.3501425533135603e-09
YJL042W,YJR086W,5.863948649570405e-12
YJL042W,YMR025W,7.263380868982594e-11
YJL042W,YBR081C,1.3561020750785246e-06
YJL042W,YFL026W,4.815628784626824e-08
YJL042W,YHL007C,2.555507075483604e-13
YJL042W,YNR044W,9.309291635872796e-05
YJL042W,YNL271C,3.148589833301685e-09
YJL042W,YDR200C,2.7837050373125116e-11
YJL042W,YKL178C,5.748860942844658e-09
YJL042W,YOR212W,4.366400632987294e-13
YJL042W,YOL111C,1.3086834133729797e-12
YJL042W,YGL032C,1.214231470767933e-14
YJL042W,YHR005C,3.0557214358850615e-07
YJL042W,YDR103W,1.587135756153657e-08
YJL042W,YJR084W,2.8553975590234204e-12
YJL042W,YCL032W,8.589786520962761e-11
YJL042W,YJL170C,1.294705009868835e-09
YJL042W,YDR179C,4.18055650860949e-12
YJL042W,YBR095C,1.9385083815937065e-11
YJL042W,YLL021W,5.332787336720379e-11
YJL042W,YDL159W,7.705241306110722e-11
YJL042W,YNL161W,4.465166512090946e-06
YJL042W,YNL188W,6.986838219091851e-09
YJL042W,YJL157C,1.0548215079175804e-11
YJL042W,YJL034W,8.959591965909675e-14
YJL042W,YLR238W,5.4771351898352805e-08
YJL042W,YPR141C,0.24024443328380585
YJL042W,YNL127W,0.0009206306422129273
YJL042W,YCL055W,1.328270271550025e-09
YJL042W,YPR122W,5.6729109019215684e-06
YJL042W,YMR065W,0.0065803383477032185
YJL042W,YDR356W,2.2217793116396933e-07
YJL042W,YMR052W,1.6065428098954726e-08
YJL042W,YFR008W,7.234976940467819e-12
YJL042W,YLL043W,6.694381227134727e-07
YJL042W,YMR029C,8.191238265453649e-08
YJL042W,YJR004C,0.004346201661974192
YJL042W,YDL223C,2.0039936377003187e-09
YJL042W,YHR158C,3.4781221529556205e-06
YJL042W,YGR238C,0.012459265999495983
YJL042W,YIL015W,9.119305133253874e-08
YJL042W,YGL173C,0.008142604492604733
YJL042W,YDL225W,3.0703741551183286e-15
YJL042W,YLR330W,1.1414534872855597e-09
YJL042W,YBR129C,0.00018661752983462065
YJL042W,YKR095W-A,0.2020167112350464
YJL042W,YPR075C,4.5677674620492326e-07
YJL042W,YMR198W,0.024970751255750656
YJL042W,YOR127W,5.3970789642976413e-11
YJL042W,YDR264C,1.2151547252869932e-06
YJL042W,YLR110C,1.2438361972344492e-12
YJL042W,YDR379W,1.0917313927882866e-11
YJL042W,YDL100C,9.204829257214442e-05
YJL042W,YHR073W,1.52605981185161e-08
YJL042W,YJR090C,0.007780539803206921
YJL042W,YOR208W,9.410992788616568e-06
YJL042W,YBR040W,2.1313059050953598e-07
YJL042W,YNL279W,2.0974714061594568e-05
YJL042W,YER075C,1.0723029575387955e-08
YJL042W,YCR089W,1.411353022298667e-12
YJL042W,YCR002C,4.692180888624109e-13
YJL042W,YJL108C,3.7131921999389306e-05
YJL042W,YBR200W,2.289111677988842e-10
YJL042W,YIL026C,4.757317650927462e-09
YJL042W,YJR076C,0.003773093456402421
YJL042W,YKR031C,0.009921925142407417
YJL042W,YPL192C,1.560099917696789e-05
YJL042W,YHR107C,6.182501884575975e-13
YJL042W,YIL037C,2.3636152945982758e-07
YJL042W,YPL156C,1.155058413360166e-07
YJL042W,YIL117C,7.054314848464836e-16
YJL042W,YHR066W,8.271599516440631e-10
YJL042W,YML085C,0.0011235590791329741
YJL042W,YML047C,5.430738747236319e-05
YJL042W,YDR312W,1.734454053803347e-05
YJL042W,YFL037W,5.514331178346765e-07
YJL042W,YDL038C,0.2020167112350464
YJL042W,YDL039C,4.1484465862495767e-10
YJL042W,YCL027W,4.348913989815628e-06
YJL042W,YML124C,2.5628238138446224e-13
YJL042W,YGL053W,3.2560485883036117e-13
YJL042W,YMR232W,0.0036045927554368973
YJL042W,YNL298W,1.613654432297551e-09
YJL042W,YGL099W,1.1137942781611065e-12
YJL042W,YBL016W,9.925985722247788e-08
YJL042W,YAL041W,6.13076053923578e-07
YJL042W,YDR085C,8.056980104788336e-14
YJL042W,YPL187W,9.597969086172498e-10
YJL042W,YPL256C,3.5227810712967766e-06
YJL042W,YDR461W,1.392444770598189e-10
YJL042W,YNL145W,1.7566081922382182e-08
YHL048W,YDL165W,5.2003792916366365e-06
YHL048W,YGR059W,0.000498754030559212
YHL048W,YBR109C,0.0012661012588068843
YHL048W,YJL080C,3.0053217869863147e-07
YHL048W,YCR093W,1.6632169717922807e-05
YHL048W,YIL122W,0.005493951961398125
YHL048W,YCL029C,1.4101184277323306e-15
YHL048W,YNL173C,0.8037539720535278
YHL048W,YLR452C,2.651832364808371e-10
YHL048W,YDL160C,1.738861101330258e-05
YHL048W,YLR229C,0.003161539789289236
YHL048W,YML057W,6.541623492894999e-11
YHL048W,YER149C,0.9813867211341858
YHL048W,YMR305C,8.561811849772116e-12
YHL048W,YLR433C,0.9910889863967896
YHL048W,YJL073W,2.600586697099061e-07
YHL048W,YGR279C,9.970196401809517e-08
YHL048W,YKL190W,4.22972152591683e-06
YHL048W,YGL089C,0.00040842744056135416
YHL048W,YJL019W,0.0028555237222462893
YHL048W,YJL018W,0.00045348540879786015
YHL048W,YNR032C-A,0.0004451265267562121
YHL048W,YGL178W,0.006681432481855154
YHL048W,YKL116C,2.2688491085887108e-08
YHL048W,YDL214C,0.00020417198538780212
YHL048W,YLR362W,6.05232983730275e-08
YHL048W,YER068W,0.0006367182941175997
YHL048W,YHR084W,2.3623485390089627e-07
YHL048W,YDR392W,1.96325945580611e-05
YHL048W,YNL053W,0.057693544775247574
YHL048W,YGR040W,0.008058232255280018
YHL048W,YDL216C,0.0046625882387161255
YHL048W,YOL117W,2.207534635090269e-06
YHL048W,YJR086W,0.0005554947420023382
YHL048W,YMR025W,0.0033897124230861664
YHL048W,YBR081C,0.00021141335309948772
YHL048W,YFL026W,1.3228965372036328e-06
YHL048W,YHL007C,9.500418229890784e-10
YHL048W,YNR044W,2.611188619994209e-06
YHL048W,YNL271C,6.603108460012663e-08
YHL048W,YDR200C,0.0032715843990445137
YHL048W,YKL178C,0.0007700234418734908
YHL048W,YOR212W,0.307058185338974
YHL048W,YOL111C,5.388868657973944e-07
YHL048W,YGL032C,6.46392498988152e-13
YHL048W,YHR005C,1.4507517335005105e-05
YHL048W,YDR103W,1.184497193662537e-07
YHL048W,YJR084W,0.07437850534915924
YHL048W,YCL032W,2.7219595466476676e-08
YHL048W,YJL170C,3.9088671188736157e-10
YHL048W,YDR179C,4.647191377375737e-14
YHL048W,YBR095C,1.8446409910666262e-07
YHL048W,YLL021W,2.719737102196973e-09
YHL048W,YDL159W,3.446549453656189e-05
YHL048W,YNL161W,0.00043140133493579924
YHL048W,YNL188W,1.6444752759525727e-07
YHL048W,YJL157C,0.0020906724967062473
YHL048W,YJL034W,3.420589159142118e-11
YHL048W,YLR238W,4.2885492379518553e-10
YHL048W,YPR141C,0.03655814379453659
YHL048W,YNL127W,7.264129180839518e-06
YHL048W,YCL055W,7.411975957438699e-07
YHL048W,YPR122W,4.714643728220835e-05
YHL048W,YMR065W,2.9592760597552115e-07
YHL048W,YDR356W,3.570790431695059e-05
YHL048W,YMR052W,0.011781389825046062
YHL048W,YFR008W,5.340778807294555e-05
YHL048W,YLL043W,0.00032648060005158186
YHL048W,YMR029C,5.988870732664964e-09
YHL048W,YJR004C,2.8848782676504925e-05
YHL048W,YDL223C,1.2471270565583836e-05
YHL048W,YHR158C,8.01860053911696e-08
YHL048W,YGR238C,1.718279918350163e-07
YHL048W,YIL015W,0.00459784222766757
YHL048W,YGL173C,0.0003629679267760366
YHL048W,YDL225W,3.219959125999594e-07
YHL048W,YLR330W,0.03031403385102749
YHL048W,YBR129C,3.22197657443013e-10
YHL048W,YKR095W-A,0.2020167112350464
YHL048W,YPR075C,2.8035604393572555e-10
YHL048W,YMR198W,0.001792071620002389
YHL048W,YOR127W,1.4348228205562918e-06
YHL048W,YDR264C,0.019734840840101242
YHL048W,YLR110C,6.293520815603415e-09
YHL048W,YDR379W,8.719611344076839e-08
YHL048W,YDL100C,4.846091172794331e-08
YHL048W,YHR073W,3.083851424889872e-06
YHL048W,YJR090C,0.08184142410755157
YHL048W,YOR208W,0.04113718122243881
YHL048W,YBR040W,0.9993448853492737
YHL048W,YNL279W,0.004777588881552219
YHL048W,YER075C,0.013039365410804749
YHL048W,YCR089W,0.008720852434635162
YHL048W,YCR002C,0.00011533663200680166
YHL048W,YJL108C,0.04650557041168213
YHL048W,YBR200W,0.007064905483275652
YHL048W,YIL026C,2.002068066886409e-09
YHL048W,YJR076C,3.2051774567776192e-09
YHL048W,YKR031C,0.6522979736328125
YHL048W,YPL192C,7.814478158252314e-05
YHL048W,YHR107C,0.809765100479126
YHL048W,YIL037C,0.00021985902276355773
YHL048W,YPL156C,0.00023964871070347726
YHL048W,YIL117C,7.271375324080509e-08
YHL048W,YHR066W,7.726129633807825e-17
YHL048W,YML085C,2.233397680129201e-07
YHL048W,YML047C,0.8406559228897095
YHL048W,YDR312W,0.001743193599395454
YHL048W,YFL037W,1.6054751972305326e-10
YHL048W,YDL038C,0.2020167112350464
YHL048W,YDL039C,3.151430227887886e-10
YHL048W,YCL027W,4.394715347189049e-07
YHL048W,YML124C,1.8606141338750604e-06
YHL048W,YGL053W,1.0515411458245083e-11
YHL048W,YMR232W,0.00090314558474347
YHL048W,YNL298W,1.2956938007846475e-05
YHL048W,YGL099W,7.879904309626446e-15
YHL048W,YBL016W,1.3479502740665339e-05
YHL048W,YAL041W,1.7290677334358406e-08
YHL048W,YDR085C,4.264735053993718e-08
YHL048W,YPL187W,0.8050230145454407
YHL048W,YPL256C,1.117695606206448e-11
YHL048W,YDR461W,1.1634898773593694e-12
YHL048W,YNL145W,1.6062923560711262e-11
YJL191W,YDL165W,5.938077811151743e-05
YJL191W,YGR059W,1.0280642656623762e-11
YJL191W,YBR109C,4.572547186398879e-05
YJL191W,YJL080C,0.2259054332971573
YJL191W,YCR093W,1.184848041901887e-08
YJL191W,YIL122W,5.385323120776775e-08
YJL191W,YCL029C,0.0054527209140360355
YJL191W,YNL173C,3.5889077820705495e-10
YJL191W,YLR452C,9.192632583149372e-16
YJL191W,YDL160C,0.005153498146682978
YJL191W,YLR229C,1.3382361885305727e-09
YJL191W,YML057W,7.09498852355904e-15
YJL191W,YER149C,0.00013867752568330616
YJL191W,YMR305C,2.57992937316388e-14
YJL191W,YLR433C,2.41701454797294e-05
YJL191W,YJL073W,2.5662016014393885e-06
YJL191W,YGR279C,3.7812836195527666e-10
YJL191W,YKL190W,6.244191969040358e-11
YJL191W,YGL089C,9.8198320586107e-09
YJL191W,YJL019W,0.8252511024475098
YJL191W,YJL018W,0.00011331625137245283
YJL191W,YNR032C-A,0.0003392081707715988
YJL191W,YGL178W,2.5036394507355543e-19
YJL191W,YKL116C,1.5592090951699333e-09
YJL191W,YDL214C,0.9692790508270264
YJL191W,YLR362W,2.550578834508571e-13
YJL191W,YER068W,1.3967880931886612e-06
YJL191W,YHR084W,2.21833729163734e-09
YJL191W,YDR392W,6.12114178788481e-11
YJL191W,YNL053W,1.4508037438076826e-08
YJL191W,YGR040W,4.721308760613496e-11
YJL191W,YDL216C,7.338196894579596e-08
YJL191W,YOL117W,1.504276850981398e-18
YJL191W,YJR086W,7.854991830591462e-12
YJL191W,YMR025W,3.0020080171722086e-11
YJL191W,YBR081C,7.638772103746305e-07
YJL191W,YFL026W,6.074348220863612e-06
YJL191W,YHL007C,6.074419047763513e-07
YJL191W,YNR044W,1.9864884961862117e-05
YJL191W,YNL271C,4.3649410258125854e-14
YJL191W,YDR200C,1.5713916279302964e-11
YJL191W,YKL178C,2.3645869164339983e-15
YJL191W,YOR212W,1.5508871313921202e-12
YJL191W,YOL111C,2.5776431849171262e-17
YJL191W,YGL032C,3.350160113768652e-07
YJL191W,YHR005C,0.9999908208847046
YJL191W,YDR103W,1.2287084700801643e-06
YJL191W,YJR084W,8.752728224278514e-14
YJL191W,YCL032W,8.902491117623867e-07
YJL191W,YJL170C,0.20136266946792603
YJL191W,YDR179C,5.806542685338354e-19
YJL191W,YBR095C,8.062811751585741e-09
YJL191W,YLL021W,8.218742095777998e-07
YJL191W,YDL159W,2.4489319461196146e-09
YJL191W,YNL161W,7.289176551239507e-07
YJL191W,YNL188W,7.747170682748106e-10
YJL191W,YJL157C,3.7403481462257304e-13
YJL191W,YJL034W,6.793359413415426e-14
YJL191W,YLR238W,2.0769645972160654e-15
YJL191W,YPR141C,3.8750627056119424e-13
YJL191W,YNL127W,5.6843152407282105e-08
YJL191W,YCL055W,1.1811777887705231e-14
YJL191W,YPR122W,8.412267561652698e-06
YJL191W,YMR065W,0.9466015696525574
YJL191W,YDR356W,1.2767843145411462e-05
YJL191W,YMR052W,7.718769314542879e-16
YJL191W,YFR008W,1.1702747997333063e-06
YJL191W,YLL043W,0.0070252143777906895
YJL191W,YMR029C,1.6266773084777642e-12
YJL191W,YJR004C,0.0012085261987522244
YJL191W,YDL223C,3.0130675057971285e-15
YJL191W,YHR158C,4.094094663287251e-08
YJL191W,YGR238C,2.1531149453237318e-20
YJL191W,YIL015W,0.22021366655826569
YJL191W,YGL173C,6.19433048996143e-05
YJL191W,YDL225W,4.8053564843638166e-14
YJL191W,YLR330W,8.443269000624198e-11
YJL191W,YBR129C,9.150169510974138e-10
YJL191W,YKR095W-A,0.2020167112350464
YJL191W,YPR075C,3.6732833131279934e-16
YJL191W,YMR198W,0.017085613682866096
YJL191W,YOR127W,3.9616796171718094e-13
YJL191W,YDR264C,5.858815210757484e-09
YJL191W,YLR110C,8.78164457384506e-13
YJL191W,YDR379W,5.2870040160094e-13
YJL191W,YDL100C,3.551674443406885e-20
YJL191W,YHR073W,4.113840645914024e-07
YJL191W,YJR090C,3.728430064686705e-10
YJL191W,YOR208W,1.268380289687343e-09
YJL191W,YBR040W,0.4627511203289032
YJL191W,YNL279W,1.5613184356499943e-10
YJL191W,YER075C,7.720572625657951e-07
YJL191W,YCR089W,0.8427579402923584
YJL191W,YCR002C,1.8374483479127768e-18
YJL191W,YJL108C,2.2370278429661994e-07
YJL191W,YBR200W,7.845009364348954e-11
YJL191W,YIL026C,1.4330604845153028e-14
YJL191W,YJR076C,1.1680425586746424e-06
YJL191W,YKR031C,7.274572340065788e-07
YJL191W,YPL192C,0.8223786950111389
YJL191W,YHR107C,3.242603952458012e-06
YJL191W,YIL037C,0.8945334553718567
YJL191W,YPL156C,0.0040777139365673065
YJL191W,YIL117C,1.935278246225066e-16
YJL191W,YHR066W,1.7002159680146178e-09
YJL191W,YML085C,1.340159911975789e-16
YJL191W,YML047C,1.0
YJL191W,YDR312W,7.0473561208928e-07
YJL191W,YFL037W,3.0949489637777106e-09
YJL191W,YDL038C,0.2020167112350464
YJL191W,YDL039C,7.010543099494441e-21
YJL191W,YCL027W,9.086774979379444e-14
YJL191W,YML124C,8.782231127220375e-13
YJL191W,YGL053W,4.662986271396684e-18
YJL191W,YMR232W,0.00039538819692097604
YJL191W,YNL298W,2.417073485805332e-10
YJL191W,YGL099W,5.4673571171694885e-15
YJL191W,YBL016W,3.474879411990983e-11
YJL191W,YAL041W,7.714251637480629e-08
YJL191W,YDR085C,4.9525715729262666e-15
YJL191W,YPL187W,3.010913740553178e-11
YJL191W,YPL256C,5.533936447922518e-15
YJL191W,YDR461W,1.9846895394498576e-12
YJL191W,YNL145W,1.1834172530811315e-10
snR76,YDL165W,1.5179668366727128e-07
snR76,YGR059W,0.001311289262957871
snR76,YBR109C,0.007050533778965473
snR76,YJL080C,6.699059304082766e-05
snR76,YCR093W,1.824484752432909e-05
snR76,YIL122W,0.0005323373479768634
snR76,YCL029C,0.00011919554526684806
snR76,YNL173C,3.3011863251886098e-06
snR76,YLR452C,9.129943805419316e-07
snR76,YDL160C,3.267666315309725e-08
snR76,YLR229C,3.083814226556569e-05
snR76,YML057W,0.21865080296993256
snR76,YER149C,4.485696702971609e-09
snR76,YMR305C,0.0005006559658795595
snR76,YLR433C,4.056605393998325e-05
snR76,YJL073W,0.0008480552351102233
snR76,YGR279C,8.222802421187225e-07
snR76,YKL190W,0.0005294285365380347
snR76,YGL089C,2.124854034946111e-07
snR76,YJL019W,5.05211517065618e-07
snR76,YJL018W,0.2020167112350464
snR76,YNR032C-A,2.8718545763695147e-08
snR76,YGL178W,1.2005970120299025e-06
snR76,YKL116C,0.001175487763248384
snR76,YDL214C,1.7039643353200518e-05
snR76,YLR362W,0.0006734484923072159
snR76,YER068W,5.672163894132609e-08
snR76,YHR084W,1.290994532610057e-05
snR76,YDR392W,3.831848516711034e-06
snR76,YNL053W,2.5929770345101133e-05
snR76,YGR040W,0.0005230794195085764
snR76,YDL216C,0.0017520264955237508
snR76,YOL117W,5.306751518219244e-06
snR76,YJR086W,3.350116094225086e-05
snR76,YMR025W,2.8584212486748584e-05
snR76,YBR081C,1.0306858939657104e-06
snR76,YFL026W,2.5359634037158685e-06
snR76,YHL007C,1.790477597296558e-07
snR76,YNR044W,3.2590770615570364e-07
snR76,YNL271C,0.00032617789111100137
snR76,YDR200C,1.9678894958019555e-08
snR76,YKL178C,1.0110263701790245e-06
snR76,YOR212W,7.841861702218011e-07
snR76,YOL111C,0.0018600302282720804
snR76,YGL032C,1.148620322055649e-05
snR76,YHR005C,3.854945695991319e-09
snR76,YDR103W,1.067127186615835e-07
snR76,YJR084W,7.668380567338318e-05
snR76,YCL032W,0.00033423874992877245
snR76,YJL170C,1.1709864338627085e-05
snR76,YDR179C,1.5378682292066514e-06
snR76,YBR095C,8.565112693759147e-06
snR76,YLL021W,1.9538790638762293e-06
snR76,YDL159W,0.0005459477542899549
snR76,YNL161W,3.2551431559113553e-06
snR76,YNL188W,4.284333044779487e-06
snR76,YJL157C,9.24106213773257e-09
snR76,YJL034W,0.0019734285306185484
snR76,YLR238W,0.00010107045818585902
snR76,YPR141C,6.972356345613662e-07
snR76,YNL127W,0.02716786414384842
snR76,YCL055W,3.159333937219344e-05
snR76,YPR122W,6.134040177130373e-06
snR76,YMR065W,7.939721058392024e-08
snR76,YDR356W,2.7289337367619737e-07
snR76,YMR052W,1.467865331505891e-07
snR76,YFR008W,1.6806794519652613e-05
snR76,YLL043W,0.0009191446588374674
snR76,YMR029C,8.702562013240822e-07
snR76,YJR004C,2.2245185959945957e-07
snR76,YDL223C,0.0220078956335783
snR76,YHR158C,1.0027960342995357e-05
snR76,YGR238C,4.822941718884977e-06
snR76,YIL015W,4.715304058322545e-08
snR76,YGL173C,0.41247493028640747
snR76,YDL225W,7.006578783830264e-08
snR76,YLR330W,0.0006558038294315338
snR76,YBR129C,2.6385439468867844e-06
snR76,YKR095W-A,0.2020167112350464
snR76,YPR075C,9.262015737476759e-06
snR76,YMR198W,2.9708462534472346e-06
snR76,YOR127W,0.0024928334169089794
snR76,YDR264C,1.482022344134748e-05
snR76,YLR110C,4.13976039226327e-07
snR76,YDR379W,1.9505428383581602e-08
snR76,YDL100C,2.4712297090445645e-05
snR76,YHR073W,1.3939175858013186e-07
snR76,YJR090C,2.750009286955901e-07
snR76,YOR208W,0.040872544050216675
snR76,YBR040W,4.618954790203134e-06
snR76,YNL279W,2.4519125872757286e-05
snR76,YER075C,1.0425837970728935e-08
snR76,YCR089W,7.842150807846338e-05
snR76,YCR002C,1.4865935327179614e-07
snR76,YJL108C,2.150956333935028e-06
snR76,YBR200W,1.4664798982266802e-05
snR76,YIL026C,0.00010368312359787524
snR76,YJR076C,5.701481495634653e-05
snR76,YKR031C,4.122664876149429e-08
snR76,YPL192C,9.255950863007456e-05
snR76,YHR107C,0.0006443681777454913
snR76,YIL037C,3.414469392737374e-05
snR76,YPL156C,0.0010849186219274998
snR76,YIL117C,0.0005750702694058418
snR76,YHR066W,3.960850847306574e-08
snR76,YML085C,0.0026744885835796595
snR76,YML047C,1.9876215446856804e-05
snR76,YDR312W,2.9698334401473403e-05
snR76,YFL037W,2.5890431061270647e-05
snR76,YDL038C,0.2020167112350464
snR76,YDL039C,4.599981195951841e-08
snR76,YCL027W,6.119825570749526e-07
snR76,YML124C,0.0003050469094887376
snR76,YGL053W,4.1095641790889204e-05
snR76,YMR232W,5.60652051717625e-06
snR76,YNL298W,6.324092964860029e-07
snR76,YGL099W,1.0274346706751203e-08
snR76,YBL016W,0.04002140089869499
snR76,YAL041W,2.368451305301278e-06
snR76,YDR085C,0.0013864778447896242
snR76,YPL187W,8.141491707647219e-05
snR76,YPL256C,0.00015744856500532478
snR76,YDR461W,4.461142211198421e-08
snR76,YNL145W,4.216197794448817e-06
tQ(UUG)E2,YDL165W,3.0750305768378894e-07
tQ(UUG)E2,YGR059W,1.154255091506684e-08
tQ(UUG)E2,YBR109C,2.0605589270417113e-06
tQ(UUG)E2,YJL080C,0.001134089077822864
tQ(UUG)E2,YCR093W,0.1388859748840332
tQ(UUG)E2,YIL122W,8.147440530592576e-05
tQ(UUG)E2,YCL029C,0.0006392879877239466
tQ(UUG)E2,YNL173C,0.004740153905004263
tQ(UUG)E2,YLR452C,0.021703148260712624
tQ(UUG)E2,YDL160C,9.13616459001787e-05
tQ(UUG)E2,YLR229C,5.934212232716618e-09
tQ(UUG)E2,YML057W,0.04966294765472412
tQ(UUG)E2,YER149C,0.00012006752513116226
tQ(UUG)E2,YMR305C,7.461062978109112e-06
tQ(UUG)E2,YLR433C,0.03677600994706154
tQ(UUG)E2,YJL073W,0.10682043433189392
tQ(UUG)E2,YGR279C,0.0001813215931179002
tQ(UUG)E2,YKL190W,1.3967072845844086e-05
tQ(UUG)E2,YGL089C,9.034205140778795e-05
tQ(UUG)E2,YJL019W,0.0006067025242373347
tQ(UUG)E2,YJL018W,0.2020167112350464
tQ(UUG)E2,YNR032C-A,9.434989465262333e-07
tQ(UUG)E2,YGL178W,0.1586577445268631
tQ(UUG)E2,YKL116C,0.10498766601085663
tQ(UUG)E2,YDL214C,0.005339927040040493
tQ(UUG)E2,YLR362W,0.048705585300922394
tQ(UUG)E2,YER068W,0.004632874391973019
tQ(UUG)E2,YHR084W,9.716950444271788e-05
tQ(UUG)E2,YDR392W,1.2873609875896364e-06
tQ(UUG)E2,YNL053W,1.797839104256127e-05
tQ(UUG)E2,YGR040W,0.0004333029792178422
tQ(UUG)E2,YDL216C,8.630197356751523e-08
tQ(UUG)E2,YOL117W,2.500060816146288e-07
tQ(UUG)E2,YJR086W,3.847190782835241e-06
tQ(UUG)E2,YMR025W,7.439286036969861e-06
tQ(UUG)E2,YBR081C,3.0649647442260175e-07
tQ(UUG)E2,YFL026W,5.076230809208937e-05
tQ(UUG)E2,YHL007C,0.0003749251482076943
tQ(UUG)E2,YNR044W,0.026592090725898743
tQ(UUG)E2,YNL271C,0.000662024540361017
tQ(UUG)E2,YDR200C,1.0323984497517813e-05
tQ(UUG)E2,YKL178C,0.008175689727067947
tQ(UUG)E2,YOR212W,0.0008353206794708967
tQ(UUG)E2,YOL111C,0.002915536519140005
tQ(UUG)E2,YGL032C,2.4403759653068846e-06
tQ(UUG)E2,YHR005C,3.02272255794378e-05
tQ(UUG)E2,YDR103W,4.104085746803321e-06
tQ(UUG)E2,YJR084W,0.15313749015331268
tQ(UUG)E2,YCL032W,0.02501223236322403
tQ(UUG)E2,YJL170C,7.63312436902197e-06
tQ(UUG)E2,YDR179C,0.0001711742952466011
tQ(UUG)E2,YBR095C,0.00011796317994594574
tQ(UUG)E2,YLL021W,0.0057736593298614025
tQ(UUG)E2,YDL159W,0.00848076306283474
tQ(UUG)E2,YNL161W,0.18015752732753754
tQ(UUG)E2,YNL188W,6.901576057316561e-07
tQ(UUG)E2,YJL157C,0.0006314859492704272
tQ(UUG)E2,YJL034W,5.966275693936041e-06
tQ(UUG)E2,YLR238W,0.0007763566100038588
tQ(UUG)E2,YPR141C,7.552680472144857e-07
tQ(UUG)E2,YNL127W,2.5667031877674162e-06
tQ(UUG)E2,YCL055W,0.004349320661276579
tQ(UUG)E2,YPR122W,3.7331130897655385e-07
tQ(UUG)E2,YMR065W,1.4474159115707153e-06
tQ(UUG)E2,YDR356W,9.408597179572098e-06
tQ(UUG)E2,YMR052W,9.46992622630205e-06
tQ(UUG)E2,YFR008W,2.6990064725396223e-05
tQ(UUG)E2,YLL043W,0.12260189652442932
tQ(UUG)E2,YMR029C,1.0267792731610825e-06
tQ(UUG)E2,YJR004C,4.4893087761010975e-05
tQ(UUG)E2,YDL223C,1.5182597053353675e-05
tQ(UUG)E2,YHR158C,0.0009889717912301421
tQ(UUG)E2,YGR238C,4.655339944292791e-05
tQ(UUG)E2,YIL015W,2.616612846395583e-07
tQ(UUG)E2,YGL173C,0.8979911804199219
tQ(UUG)E2,YDL225W,6.546001429796888e-08
tQ(UUG)E2,YLR330W,0.04970115050673485
tQ(UUG)E2,YBR129C,4.773576165462146e-07
tQ(UUG)E2,YKR095W-A,0.2020167112350464
tQ(UUG)E2,YPR075C,0.0005353925516828895
tQ(UUG)E2,YMR198W,0.06743157655000687
tQ(UUG)E2,YOR127W,0.005354799330234528
tQ(UUG)E2,YDR264C,2.2251020709518343e-05
tQ(UUG)E2,YLR110C,0.0015987076330929995
tQ(UUG)E2,YDR379W,7.998458750080317e-05
tQ(UUG)E2,YDL100C,0.002130070235580206
tQ(UUG)E2,YHR073W,4.7788485971977934e-05
tQ(UUG)E2,YJR090C,3.2967795160487867e-10
tQ(UUG)E2,YOR208W,1.8836982462744345e-07
tQ(UUG)E2,YBR040W,3.04722038890759e-06
tQ(UUG)E2,YNL279W,0.002814218169078231
tQ(UUG)E2,YER075C,0.0005963282310403883
tQ(UUG)E2,YCR089W,0.028181515634059906
tQ(UUG)E2,YCR002C,7.0203673985247406e-09
tQ(UUG)E2,YJL108C,7.829882088117301e-05
tQ(UUG)E2,YBR200W,6.7262130869494285e-06
tQ(UUG)E2,YIL026C,0.0002872796612791717
tQ(UUG)E2,YJR076C,6.579671753570437e-05
tQ(UUG)E2,YKR031C,4.002314017270692e-05
tQ(UUG)E2,YPL192C,0.001321066403761506
tQ(UUG)E2,YHR107C,0.00022258945682551712
tQ(UUG)E2,YIL037C,5.4097014071885496e-05
tQ(UUG)E2,YPL156C,0.00267175305634737
tQ(UUG)E2,YIL117C,0.00033405685098841786
tQ(UUG)E2,YHR066W,7.130332960514352e-05
tQ(UUG)E2,YML085C,8.121447535813786e-06
tQ(UUG)E2,YML047C,4.501037764725879e-09
tQ(UUG)E2,YDR312W,1.6966926068562316e-06
tQ(UUG)E2,YFL037W,3.201689935394825e-08
tQ(UUG)E2,YDL038C,0.2020167112350464
tQ(UUG)E2,YDL039C,2.151264743588399e-05
tQ(UUG)E2,YCL027W,0.007587287575006485
tQ(UUG)E2,YML124C,0.0025173979811370373
tQ(UUG)E2,YGL053W,2.3907887225504965e-06
tQ(UUG)E2,YMR232W,3.439043939579278e-05
tQ(UUG)E2,YNL298W,0.000549522927030921
tQ(UUG)E2,YGL099W,0.0007494536112062633
tQ(UUG)E2,YBL016W,0.0005273240967653692
tQ(UUG)E2,YAL041W,4.512925443123095e-05
tQ(UUG)E2,YDR085C,3.7836682622582885e-06
tQ(UUG)E2,YPL187W,0.056985776871442795
tQ(UUG)E2,YPL256C,9.414654414285906e-06
tQ(UUG)E2,YDR461W,1.1462270776974037e-07
tQ(UUG)E2,YNL145W,1.8374004866927862e-05
snR128,YDL165W,5.970465366544886e-08
snR128,YGR059W,2.814450681398739e-07
snR128,YBR109C,7.95775889628203e-09
snR128,YJL080C,4.582172550726682e-05
snR128,YCR093W,0.00030489134951494634
snR128,YIL122W,1.8783538280331413e-06
snR128,YCL029C,3.006141753303382e-07
snR128,YNL173C,0.02114982344210148
snR128,YLR452C,0.018060246482491493
snR128,YDL160C,0.0002216998691437766
snR128,YLR229C,1.78474193757161e-10
snR128,YML057W,0.2081054151058197
snR128,YER149C,8.501971751684323e-05
snR128,YMR305C,3.395478643142269e-06
snR128,YLR433C,0.05838647484779358
snR128,YJL073W,0.9303280711174011
snR128,YGR279C,0.00035223725717514753
snR128,YKL190W,7.679192393084122e-09
snR128,YGL089C,2.817235099428217e-06
snR128,YJL019W,0.001951411715708673
snR128,YJL018W,0.2020167112350464
snR128,YNR032C-A,2.54775560648568e-08
snR128,YGL178W,0.00038393837166950107
snR128,YKL116C,0.01680196076631546
snR128,YDL214C,0.01396172121167183
snR128,YLR362W,0.05103924125432968
snR128,YER068W,6.44255560473539e-05
snR128,YHR084W,0.0002026160800596699
snR128,YDR392W,1.2406452754021302e-07
snR128,YNL053W,4.418704975250876e-06
snR128,YGR040W,0.0008636728744022548
snR128,YDL216C,0.0021293689496815205
snR128,YOL117W,0.0011219879379495978
snR128,YJR086W,0.001127698109485209
snR128,YMR025W,3.964320058003068e-05
snR128,YBR081C,5.37849658144296e-08
snR128,YFL026W,6.566671800101176e-05
snR128,YHL007C,8.824113319860771e-05
snR128,YNR044W,9.199871419696137e-05
snR128,YNL271C,8.989347406895831e-05
snR128,YDR200C,0.00010576932254480198
snR128,YKL178C,1.2910959412693046e-07
snR128,YOR212W,4.7613444621674716e-05
snR128,YOL111C,0.006346467882394791
snR128,YGL032C,1.8747134163277224e-05
snR128,YHR005C,3.3591120882192627e-05
snR128,YDR103W,0.00011500485561555251
snR128,YJR084W,0.0009371234918944538
snR128,YCL032W,0.0008217980503104627
snR128,YJL170C,0.0006696704658679664
snR128,YDR179C,7.307218766072765e-05
snR128,YBR095C,3.2495858448555737e-08
snR128,YLL021W,3.405155212021782e-06
snR128,YDL159W,0.00016379484441131353
snR128,YNL161W,0.00013174554624129087
snR128,YNL188W,3.7159782095841365e-07
snR128,YJL157C,6.220566137926653e-05
snR128,YJL034W,0.0002927726600319147
snR128,YLR238W,9.265276457881555e-05
snR128,YPR141C,0.0056002503260970116
snR128,YNL127W,0.02281392738223076
snR128,YCL055W,0.0002645231725182384
snR128,YPR122W,1.4197309994301577e-08
snR128,YMR065W,8.564833819946216e-08
snR128,YDR356W,4.816864930035081e-06
snR128,YMR052W,2.869665877369698e-05
snR128,YFR008W,2.0382942238938995e-05
snR128,YLL043W,0.00014812604058533907
snR128,YMR029C,0.0006718506338074803
snR128,YJR004C,5.678604793502018e-05
snR128,YDL223C,0.04766375571489334
snR128,YHR158C,2.4286386178573593e-05
snR128,YGR238C,0.0013858625898137689
snR128,YIL015W,1.4696023287186222e-09
snR128,YGL173C,0.018904678523540497
snR128,YDL225W,3.4592205793160247e-06
snR128,YLR330W,0.00259508122690022
snR128,YBR129C,1.0949206625809893e-05
snR128,YKR095W-A,0.2020167112350464
snR128,YPR075C,0.08262623846530914
snR128,YMR198W,0.0001451641001040116
snR128,YOR127W,0.015736157074570656
snR128,YDR264C,0.0007642603013664484
snR128,YLR110C,8.516983507433906e-05
snR128,YDR379W,0.01093438733369112
snR128,YDL100C,0.00023810952552594244
snR128,YHR073W,1.101464204111835e-05
snR128,YJR090C,2.899308242376719e-07
snR128,YOR208W,0.36625179648399353
snR128,YBR040W,1.7362291160338827e-08
snR128,YNL279W,1.1667438229778782e-05
snR128,YER075C,7.962490599311423e-06
snR128,YCR089W,0.004742471035569906
snR128,YCR002C,8.982502777143964e-07
snR128,YJL108C,0.0020982050336897373
snR128,YBR200W,0.0007582667749375105
snR128,YIL026C,0.0010273437947034836
snR128,YJR076C,0.00021321499662008137
snR128,YKR031C,1.0621804591437467e-07
snR128,YPL192C,1.702078770904336e-05
snR128,YHR107C,0.009113275445997715
snR128,YIL037C,2.3706435968051665e-05
snR128,YPL156C,3.923774784198031e-05
snR128,YIL117C,1.2995838005736005e-07
snR128,YHR066W,9.454354881199833e-07
snR128,YML085C,0.004788749851286411
snR128,YML047C,1.2827335922338534e-06
snR128,YDR312W,0.004196030553430319
snR128,YFL037W,1.0787063047246193e-06
snR128,YDL038C,0.2020167112350464
snR128,YDL039C,0.00024313268659170717
snR128,YCL027W,1.0436068009767041e-07
snR128,YML124C,0.16590538620948792
snR128,YGL053W,0.0027475946117192507
snR128,YMR232W,0.00011884234845638275
snR128,YNL298W,0.00043315309449099004
snR128,YGL099W,2.6536445147939958e-06
snR128,YBL016W,0.028646191582083702
snR128,YAL041W,0.0008431040914729238
snR128,YDR085C,0.006056887563318014
snR128,YPL187W,0.00016890880942810327
snR128,YPL256C,7.664915756322443e-05
snR128,YDR461W,1.3889157379765038e-08
snR128,YNL145W,4.025519956485368e-06
YLR336C,YDL165W,0.00031693687196820974
YLR336C,YGR059W,4.290932793082902e-06
YLR336C,YBR109C,0.02742232382297516
YLR336C,YJL080C,1.2837239715679516e-08
YLR336C,YCR093W,0.8883526921272278
YLR336C,YIL122W,0.5956809520721436
YLR336C,YCL029C,1.585101078172002e-10
YLR336C,YNL173C,8.860139705246795e-11
YLR336C,YLR452C,9.683353709988296e-06
YLR336C,YDL160C,0.002315897261723876
YLR336C,YLR229C,0.0010152269387617707
YLR336C,YML057W,2.958407173750399e-13
YLR336C,YER149C,3.3034833202272296e-10
YLR336C,YMR305C,4.502282546781089e-09
YLR336C,YLR433C,6.010587298987957e-07
YLR336C,YJL073W,1.865221754826507e-09
YLR336C,YGR279C,8.189429630310954e-15
YLR336C,YKL190W,0.020040275529026985
YLR336C,YGL089C,8.490643084446692e-13
YLR336C,YJL019W,0.00019742808945011348
YLR336C,YJL018W,0.0004917916958220303
YLR336C,YNR032C-A,0.0009082534234039485
YLR336C,YGL178W,3.154927696868981e-08
YLR336C,YKL116C,8.184469213468049e-10
YLR336C,YDL214C,0.6245473027229309
YLR336C,YLR362W,7.138496130210115e-06
YLR336C,YER068W,7.242490840993904e-15
YLR336C,YHR084W,1.5415559453946237e-12
YLR336C,YDR392W,3.720172173787839e-12
YLR336C,YNL053W,1.630007432140701e-06
YLR336C,YGR040W,1.297850626968966e-08
YLR336C,YDL216C,0.002752734115347266
YLR336C,YOL117W,5.127865041360544e-15
YLR336C,YJR086W,0.020724384114146233
YLR336C,YMR025W,0.9912611842155457
YLR336C,YBR081C,2.4015973394853063e-05
YLR336C,YFL026W,4.7266457841033116e-05
YLR336C,YHL007C,1.075962496183136e-11
YLR336C,YNR044W,2.9779548271768874e-10
YLR336C,YNL271C,3.1165253805241896e-15
YLR336C,YDR200C,1.1553353260751464e-06
YLR336C,YKL178C,1.2850092900862364e-07
YLR336C,YOR212W,1.4235732592737804e-08
YLR336C,YOL111C,1.639165816413879e-07
YLR336C,YGL032C,3.54626017440296e-08
YLR336C,YHR005C,0.20634910464286804
YLR336C,YDR103W,0.016353299841284752
YLR336C,YJR084W,2.14896885009086e-11
YLR336C,YCL032W,1.6878790347618633e-06
YLR336C,YJL170C,0.9992782473564148
YLR336C,YDR179C,2.511162122686983e-08
YLR336C,YBR095C,0.027095267549157143
YLR336C,YLL021W,2.0892530372407236e-08
YLR336C,YDL159W,1.3776024765377315e-08
YLR336C,YNL161W,0.00048824812984094024
YLR336C,YNL188W,3.947209573085253e-11
YLR336C,YJL157C,2.6142801701212193e-08
YLR336C,YJL034W,4.1199103861799813e-07
YLR336C,YLR238W,4.4821024669516873e-10
YLR336C,YPR141C,1.0980535080307163e-05
YLR336C,YNL127W,0.9708837270736694
YLR336C,YCL055W,8.990926225749263e-09
YLR336C,YPR122W,3.84292725357227e-05
YLR336C,YMR065W,0.005051902495324612
YLR336C,YDR356W,0.4153966009616852
YLR336C,YMR052W,1.0931177712336648e-05
YLR336C,YFR008W,2.4015516242315016e-09
YLR336C,YLL043W,0.003648757701739669
YLR336C,YMR029C,7.658483222594548e-12
YLR336C,YJR004C,7.530403709453404e-13
YLR336C,YDL223C,2.544388373622902e-17
YLR336C,YHR158C,0.0007977563072927296
YLR336C,YGR238C,5.047559037407723e-10
YLR336C,YIL015W,0.5276443958282471
YLR336C,YGL173C,0.0026050021406263113
YLR336C,YDL225W,1.487424549848071e-13
YLR336C,YLR330W,5.218275811458284e-10
YLR336C,YBR129C,1.7054730051313527e-05
YLR336C,YKR095W-A,0.2020167112350464
YLR336C,YPR075C,0.00028209915035404265
YLR336C,YMR198W,0.00032538649975322187
YLR336C,YOR127W,1.7000702993134496e-16
YLR336C,YDR264C,2.7677040634443983e-05
YLR336C,YLR110C,0.7152155041694641
YLR336C,YDR379W,2.2121661459095776e-05
YLR336C,YDL100C,1.0022423863054186e-10
YLR336C,YHR073W,8.369762554139015e-07
YLR336C,YJR090C,9.385293653352278e-10
YLR336C,YOR208W,5.4078986977401655e-06
YLR336C,YBR040W,0.0003011478984262794
YLR336C,YNL279W,7.853733288709641e-12
YLR336C,YER075C,2.7712916406130716e-08
YLR336C,YCR089W,3.4733147913357243e-07
YLR336C,YCR002C,1.269177118956577e-08
YLR336C,YJL108C,6.411681283680082e-07
YLR336C,YBR200W,1.3940714745733816e-17
YLR336C,YIL026C,1.9404776594456052e-06
YLR336C,YJR076C,0.0001491594302933663
YLR336C,YKR031C,0.07692693918943405
YLR336C,YPL192C,6.207251135492697e-05
YLR336C,YHR107C,0.0008819043869152665
YLR336C,YIL037C,0.0039024893194437027
YLR336C,YPL156C,0.0002538115659262985
YLR336C,YIL117C,3.3011892810463905e-06
YLR336C,YHR066W,5.0827340247880035e-14
YLR336C,YML085C,7.977089211408384e-09
YLR336C,YML047C,0.006782738491892815
YLR336C,YDR312W,4.810651432762825e-09
YLR336C,YFL037W,1.907953446789179e-06
YLR336C,YDL038C,0.2020167112350464
YLR336C,YDL039C,7.068417318123466e-08
YLR336C,YCL027W,6.080777548156391e-10
YLR336C,YML124C,4.8060479596689486e-20
YLR336C,YGL053W,1.413584768621084e-18
YLR336C,YMR232W,6.581057920840294e-11
YLR336C,YNL298W,1.5120249372557737e-05
YLR336C,YGL099W,8.090960193496421e-12
YLR336C,YBL016W,7.66430579483661e-14
YLR336C,YAL041W,0.0019491795683279634
YLR336C,YDR085C,6.760144888318109e-09
YLR336C,YPL187W,0.0004726858751382679
YLR336C,YPL256C,4.676329323771711e-10
YLR336C,YDR461W,0.0001571211905684322
YLR336C,YNL145W,9.28608096728567e-06
YDL192W,YDL165W,3.522851788062553e-09
YDL192W,YGR059W,2.335902478389773e-11
YDL192W,YBR109C,0.017368851229548454
YDL192W,YJL080C,0.0017550077755004168
YDL192W,YCR093W,3.434427142678942e-08
YDL192W,YIL122W,5.747678599732353e-08
YDL192W,YCL029C,1.3549233349868794e-12
YDL192W,YNL173C,0.00010140273661818355
YDL192W,YLR452C,1.6821907200537112e-09
YDL192W,YDL160C,1.209439517424471e-07
YDL192W,YLR229C,4.794371761818184e-06
YDL192W,YML057W,6.018859153300582e-07
YDL192W,YER149C,1.1510469732911588e-07
YDL192W,YMR305C,1.2838536456172278e-08
YDL192W,YLR433C,1.1723363058990799e-05
YDL192W,YJL073W,0.024855395779013634
YDL192W,YGR279C,0.00013979594223201275
YDL192W,YKL190W,0.6247398257255554
YDL192W,YGL089C,1.898687287393841e-06
YDL192W,YJL019W,0.00010106959234690294
YDL192W,YJL018W,0.18391665816307068
YDL192W,YNR032C-A,0.0004947137786075473
YDL192W,YGL178W,7.429794113278376e-09
YDL192W,YKL116C,1.4169613399284131e-11
YDL192W,YDL214C,0.00023033910838421434
YDL192W,YLR362W,1.2951255179416421e-08
YDL192W,YER068W,4.2303590817027725e-06
YDL192W,YHR084W,5.10997160745319e-05
YDL192W,YDR392W,0.0003106401127297431
YDL192W,YNL053W,6.997702257649507e-06
YDL192W,YGR040W,0.015421893447637558
YDL192W,YDL216C,5.798727383682367e-12
YDL192W,YOL117W,1.2931113815284334e-05
YDL192W,YJR086W,0.12998317182064056
YDL192W,YMR025W,0.013751584105193615
YDL192W,YBR081C,0.10607346892356873
YDL192W,YFL026W,0.9996684789657593
YDL192W,YHL007C,2.7573320039664395e-05
YDL192W,YNR044W,7.760799292100273e-08
YDL192W,YNL271C,7.192489659413326e-12
YDL192W,YDR200C,0.9655408263206482
YDL192W,YKL178C,8.909923394639918e-07
YDL192W,YOR212W,5.546024112845771e-06
YDL192W,YOL111C,5.5223795303901806e-15
YDL192W,YGL032C,2.956308549073583e-07
YDL192W,YHR005C,0.9956140518188477
YDL192W,YDR103W,6.614940502913669e-05
YDL192W,YJR084W,1.4269365203323225e-11
YDL192W,YCL032W,1.47240585609415e-12
YDL192W,YJL170C,3.567036401364021e-05
YDL192W,YDR179C,2.6141835549574333e-13
YDL192W,YBR095C,0.5822156071662903
YDL192W,YLL021W,6.9888774767434825e-09
YDL192W,YDL159W,9.213658481999065e-13
YDL192W,YNL161W,4.107867379588015e-09
YDL192W,YNL188W,0.0014068960445001721
YDL192W,YJL157C,0.9867249727249146
YDL192W,YJL034W,3.33666538843147e-10
YDL192W,YLR238W,8.993037226900924e-06
YDL192W,YPR141C,2.550813769630622e-05
YDL192W,YNL127W,1.7433173979952699e-06
YDL192W,YCL055W,0.0001860708143794909
YDL192W,YPR122W,1.5614023141097277e-07
YDL192W,YMR065W,5.7901413441641125e-08
YDL192W,YDR356W,0.003900326555594802
YDL192W,YMR052W,6.181786460501826e-08
YDL192W,YFR008W,0.6148163676261902
YDL192W,YLL043W,0.07074994593858719
YDL192W,YMR029C,5.893519700039818e-11
YDL192W,YJR004C,2.2677779270452447e-05
YDL192W,YDL223C,3.2608589222923867e-13
YDL192W,YHR158C,1.6133229863157794e-08
YDL192W,YGR238C,1.33347136501219e-13
YDL192W,YIL015W,0.9019020199775696
YDL192W,YGL173C,2.9821330826962367e-07
YDL192W,YDL225W,3.109373665211024e-07
YDL192W,YLR330W,0.34355035424232483
YDL192W,YBR129C,1.647454519115854e-05
YDL192W,YKR095W-A,0.2020167112350464
YDL192W,YPR075C,3.8178493908512e-15
YDL192W,YMR198W,2.8074778128939215e-06
YDL192W,YOR127W,0.0006850224453955889
YDL192W,YDR264C,3.739797360680086e-10
YDL192W,YLR110C,3.900778665411053e-06
YDL192W,YDR379W,0.9998551607131958
YDL192W,YDL100C,0.0014588714111596346
YDL192W,YHR073W,0.001997313229367137
YDL192W,YJR090C,0.00014054268831387162
YDL192W,YOR208W,0.86167973279953
YDL192W,YBR040W,6.203229596657422e-10
YDL192W,YNL279W,4.978382706077866e-10
YDL192W,YER075C,0.0001438883919036016
YDL192W,YCR089W,1.7691742168479685e-11
YDL192W,YCR002C,4.012621305041154e-18
YDL192W,YJL108C,7.464970622095279e-06
YDL192W,YBR200W,0.9938908815383911
YDL192W,YIL026C,2.3061165848048404e-06
YDL192W,YJR076C,5.529051122721285e-06
YDL192W,YKR031C,4.287852789275348e-06
YDL192W,YPL192C,2.0583716775490757e-07
YDL192W,YHR107C,1.0392458005270555e-09
YDL192W,YIL037C,1.0463803157279017e-09
YDL192W,YPL156C,1.4448284673562739e-05
YDL192W,YIL117C,4.340848681749776e-05
YDL192W,YHR066W,4.975124466000125e-05
YDL192W,YML085C,3.628729245974682e-05
YDL192W,YML047C,2.2302285174191638e-07
YDL192W,YDR312W,0.01488411333411932
YDL192W,YFL037W,3.1305692118621664e-06
YDL192W,YDL038C,0.2020167112350464
YDL192W,YDL039C,4.45133680883366e-18
YDL192W,YCL027W,1.895501497983787e-07
YDL192W,YML124C,3.807498316632518e-09
YDL192W,YGL053W,0.005595281720161438
YDL192W,YMR232W,1.4376786339198588e-06
YDL192W,YNL298W,3.947588709252159e-07
YDL192W,YGL099W,1.4869815101459238e-10
YDL192W,YBL016W,2.0763926134037547e-09
YDL192W,YAL041W,2.452683247611276e-06
YDL192W,YDR085C,0.9320927262306213
YDL192W,YPL187W,2.8587757697096094e-05
YDL192W,YPL256C,7.263439556481899e-07
YDL192W,YDR461W,1.21667745323073e-10
YDL192W,YNL145W,0.32544323801994324
YGR060W,YDL165W,1.2899111382178057e-16
YGR060W,YGR059W,4.016496404801728e-06
YGR060W,YBR109C,1.7588113257471782e-11
YGR060W,YJL080C,3.396624995155584e-11
YGR060W,YCR093W,8.70447853534198e-22
YGR060W,YIL122W,1.3116922659150987e-08
YGR060W,YCL029C,1.874396437923989e-18
YGR060W,YNL173C,1.4854598399862556e-13
YGR060W,YLR452C,7.403676841481606e-21
YGR060W,YDL160C,3.693450822961353e-10
YGR060W,YLR229C,3.959345329894448e-13
YGR060W,YML057W,2.8252501117856883e-23
YGR060W,YER149C,1.2889982414776568e-09
YGR060W,YMR305C,8.626714584791054e-18
YGR060W,YLR433C,3.74284761170407e-12
YGR060W,YJL073W,2.865236666633672e-14
YGR060W,YGR279C,1.1548589341769944e-11
YGR060W,YKL190W,1.076787669581714e-15
YGR060W,YGL089C,6.208201175361694e-10
YGR060W,YJL019W,1.7199356359704626e-13
YGR060W,YJL018W,0.2020167112350464
YGR060W,YNR032C-A,0.0006877515115775168
YGR060W,YGL178W,3.890781044901814e-06
YGR060W,YKL116C,1.527915511465223e-15
YGR060W,YDL214C,2.1327657862002525e-07
YGR060W,YLR362W,3.3394521702637863e-15
YGR060W,YER068W,7.863641161842683e-12
YGR060W,YHR084W,1.4691003957266364e-17
YGR060W,YDR392W,3.758241981510757e-12
YGR060W,YNL053W,9.215937097906135e-07
YGR060W,YGR040W,6.165452767297158e-16
YGR060W,YDL216C,8.369677728659042e-10
YGR060W,YOL117W,1.7108205963012324e-09
YGR060W,YJR086W,6.117966088570832e-15
YGR060W,YMR025W,1.7761783155378907e-09
YGR060W,YBR081C,1.352575964119751e-06
YGR060W,YFL026W,7.703745004113485e-14
YGR060W,YHL007C,1.8716447699175432e-19
YGR060W,YNR044W,3.8319296195334085e-15
YGR060W,YNL271C,6.690492160288386e-09
YGR060W,YDR200C,2.6441107867304573e-17
YGR060W,YKL178C,1.0800732530569235e-10
YGR060W,YOR212W,5.469308339556278e-11
YGR060W,YOL111C,1.7754243620044419e-15
YGR060W,YGL032C,2.4891864285926657e-13
YGR060W,YHR005C,1.9501388622434473e-14
YGR060W,YDR103W,6.6705148349388566e-12
YGR060W,YJR084W,1.967912055533816e-08
YGR060W,YCL032W,3.375005552808119e-10
YGR060W,YJL170C,9.42418276121508e-14
YGR060W,YDR179C,1.2642534249845093e-15
YGR060W,YBR095C,3.7668037092264406e-12
YGR060W,YLL021W,8.882786872252565e-17
YGR060W,YDL159W,2.627556172640766e-09
YGR060W,YNL161W,6.0423064121573056e-12
YGR060W,YNL188W,1.724355380705589e-11
YGR060W,YJL157C,4.2548458114987514e-16
YGR060W,YJL034W,5.924939350111075e-16
YGR060W,YLR238W,1.3658530036153582e-11
YGR060W,YPR141C,1.1820999905978903e-17
YGR060W,YNL127W,2.1641949388140347e-06
YGR060W,YCL055W,1.3774097409308485e-17
YGR060W,YPR122W,6.290342378922897e-12
YGR060W,YMR065W,4.4033485191441457e-10
YGR060W,YDR356W,1.55392454459502e-09
YGR060W,YMR052W,8.81879103076244e-09
YGR060W,YFR008W,2.852096136303148e-14
YGR060W,YLL043W,8.293355173104018e-17
YGR060W,YMR029C,2.8070769450203037e-13
YGR060W,YJR004C,7.570345045282423e-11
YGR060W,YDL223C,9.687335378316675e-10
YGR060W,YHR158C,2.1209359601925826e-08
YGR060W,YGR238C,1.8932544421090824e-09
YGR060W,YIL015W,1.844783700799546e-11
YGR060W,YGL173C,6.786379791456909e-10
YGR060W,YDL225W,1.026006501980703e-09
YGR060W,YLR330W,2.721551872753025e-10
YGR060W,YBR129C,2.3855640392866917e-05
YGR060W,YKR095W-A,0.2020167112350464
YGR060W,YPR075C,5.116174150998631e-10
YGR060W,YMR198W,4.411978693497076e-08
YGR060W,YOR127W,7.253234944386567e-18
YGR060W,YDR264C,1.5857491986182026e-09
YGR060W,YLR110C,1.2257248727109982e-07
YGR060W,YDR379W,1.2093875434524698e-13
YGR060W,YDL100C,4.736864318069118e-20
YGR060W,YHR073W,4.806426625789378e-15
YGR060W,YJR090C,3.696928629892682e-08
YGR060W,YOR208W,7.093105836020186e-08
YGR060W,YBR040W,4.5593022690582075e-08
YGR060W,YNL279W,5.373369717925902e-12
YGR060W,YER075C,1.932245918823128e-09
YGR060W,YCR089W,2.415264156514394e-16
YGR060W,YCR002C,1.3193004848310874e-11
YGR060W,YJL108C,1.8936885479853283e-12
YGR060W,YBR200W,1.3887327702730157e-12
YGR060W,YIL026C,1.3768580941803368e-17
YGR060W,YJR076C,8.481448103464696e-17
YGR060W,YKR031C,2.8314486826275242e-06
YGR060W,YPL192C,2.651791841667972e-10
YGR060W,YHR107C,9.338744046015064e-17
YGR060W,YIL037C,0.0001909272832563147
YGR060W,YPL156C,2.145308652945488e-10
YGR060W,YIL117C,9.880934470629654e-08
YGR060W,YHR066W,5.461341014839638e-12
YGR060W,YML085C,2.7467760603032925e-18
YGR060W,YML047C,1.3332924936548807e-05
YGR060W,YDR312W,4.6298644917897036e-08
YGR060W,YFL037W,3.899892303981815e-18
YGR060W,YDL038C,0.2020167112350464
YGR060W,YDL039C,3.381056827740647e-13
YGR060W,YCL027W,2.218702199741074e-08
YGR060W,YML124C,1.6763744075989094e-20
YGR060W,YGL053W,3.393706986345809e-17
YGR060W,YMR232W,1.5564530258416198e-05
YGR060W,YNL298W,4.971827838318177e-09
YGR060W,YGL099W,4.3539359608332957e-16
YGR060W,YBL016W,2.9889949291372745e-21
YGR060W,YAL041W,3.736998124143076e-12
YGR060W,YDR085C,1.978905483923654e-09
YGR060W,YPL187W,2.3440185339604347e-13
YGR060W,YPL256C,2.0092117023146148e-15
YGR060W,YDR461W,6.695549496782416e-12
YGR060W,YNL145W,1.467008181599283e-10
YHR183W,YDL165W,0.0003661212103907019
YHR183W,YGR059W,4.8096957470988855e-05
YHR183W,YBR109C,5.030440921129954e-14
YHR183W,YJL080C,0.07312172651290894
YHR183W,YCR093W,0.005695620086044073
YHR183W,YIL122W,0.9735093116760254
YHR183W,YCL029C,0.0009407681063748896
YHR183W,YNL173C,1.7122217272486084e-12
YHR183W,YLR452C,1.7461030665799626e-07
YHR183W,YDL160C,0.11931296437978745
YHR183W,YLR229C,6.386372115230188e-05
YHR183W,YML057W,9.94486882167217e-14
YHR183W,YER149C,4.797362635144964e-06
YHR183W,YMR305C,4.589407742727758e-10
YHR183W,YLR433C,0.002819055924192071
YHR183W,YJL073W,1.1671663635581808e-08
YHR183W,YGR279C,0.0010240600677207112
YHR183W,YKL190W,5.849739750374283e-07
YHR183W,YGL089C,4.465389350126405e-16
YHR183W,YJL019W,0.0074923476204276085
YHR183W,YJL018W,0.2020167112350464
YHR183W,YNR032C-A,3.273421498306561e-07
YHR183W,YGL178W,0.0003315294743515551
YHR183W,YKL116C,0.011650649830698967
YHR183W,YDL214C,0.0003201141953468323
YHR183W,YLR362W,2.859975393221248e-05
YHR183W,YER068W,0.5183882713317871
YHR183W,YHR084W,1.535513938222266e-08
YHR183W,YDR392W,0.01135983970016241
YHR183W,YNL053W,3.751173949240183e-08
YHR183W,YGR040W,0.011279657483100891
YHR183W,YDL216C,9.652048902353272e-07
YHR183W,YOL117W,1.815839389962548e-08
YHR183W,YJR086W,1.2841636817029212e-05
YHR183W,YMR025W,3.427172850933857e-05
YHR183W,YBR081C,0.004240548238158226
YHR183W,YFL026W,0.0281895212829113
YHR183W,YHL007C,0.011528193019330502
YHR183W,YNR044W,8.529194701623055e-07
YHR183W,YNL271C,0.0003955881984438747
YHR183W,YDR200C,0.3131310045719147
YHR183W,YKL178C,3.7677881647990574e-12
YHR183W,YOR212W,1.426823770245278e-09
YHR183W,YOL111C,9.376063162720159e-21
YHR183W,YGL032C,0.0026682738680392504
YHR183W,YHR005C,0.0016391230747103691
YHR183W,YDR103W,0.9999843835830688
YHR183W,YJR084W,0.0002396866329945624
YHR183W,YCL032W,1.5162206068453088e-07
YHR183W,YJL170C,0.2555942237377167
YHR183W,YDR179C,1.8789882217290282e-15
YHR183W,YBR095C,0.00021614160505123436
YHR183W,YLL021W,0.999306321144104
YHR183W,YDL159W,2.3907727154437453e-05
YHR183W,YNL161W,0.00028838173602707684
YHR183W,YNL188W,5.943417979992205e-10
YHR183W,YJL157C,0.0005476778605952859
YHR183W,YJL034W,1.8869413508496304e-21
YHR183W,YLR238W,0.9079842567443848
YHR183W,YPR141C,3.4996260183106642e-06
YHR183W,YNL127W,4.3965237637166865e-06
YHR183W,YCL055W,4.6604664571958665e-12
YHR183W,YPR122W,0.1720416396856308
YHR183W,YMR065W,0.32687610387802124
YHR183W,YDR356W,0.0029511013999581337
YHR183W,YMR052W,1.1747805729100946e-05
YHR183W,YFR008W,1.3893833965994418e-05
YHR183W,YLL043W,0.5139257311820984
YHR183W,YMR029C,0.07761656492948532
YHR183W,YJR004C,2.407646491064952e-07
YHR183W,YDL223C,6.364955390276029e-15
YHR183W,YHR158C,0.0012821564450860023
YHR183W,YGR238C,3.2999196264427155e-07
YHR183W,YIL015W,0.23375466465950012
YHR183W,YGL173C,0.00010963427484966815
YHR183W,YDL225W,7.95703599578701e-05
YHR183W,YLR330W,6.764584981056032e-08
YHR183W,YBR129C,0.0732927918434143
YHR183W,YKR095W-A,0.2020167112350464
YHR183W,YPR075C,2.616225161858332e-12
YHR183W,YMR198W,0.00014816630573477596
YHR183W,YOR127W,0.006226052530109882
YHR183W,YDR264C,1.7940672281113734e-09
YHR183W,YLR110C,2.5347364498884417e-05
YHR183W,YDR379W,2.8441033919079928e-06
YHR183W,YDL100C,0.0001943836105056107
YHR183W,YHR073W,0.11912863701581955
YHR183W,YJR090C,1.6697693894229815e-08
YHR183W,YOR208W,0.005150992888957262
YHR183W,YBR040W,9.865321771940216e-06
YHR183W,YNL279W,3.426156399655156e-05
YHR183W,YER075C,0.007861354388296604
YHR183W,YCR089W,0.0013783684698864818
YHR183W,YCR002C,1.359150812729748e-11
YHR183W,YJL108C,0.1117912009358406
YHR183W,YBR200W,3.0599682510068504e-11
YHR183W,YIL026C,0.0010492246365174651
YHR183W,YJR076C,0.8624038100242615
YHR183W,YKR031C,0.0051032258197665215
YHR183W,YPL192C,5.608347919405787e-07
YHR183W,YHR107C,0.06920678168535233
YHR183W,YIL037C,3.955242107167578e-07
YHR183W,YPL156C,2.6975163794909634e-17
YHR183W,YIL117C,8.301075349022649e-14
YHR183W,YHR066W,1.4365867436610946e-12
YHR183W,YML085C,1.2249752323612029e-08
YHR183W,YML047C,0.015596664510667324
YHR183W,YDR312W,0.00015719236398581415
YHR183W,YFL037W,0.00896335020661354
YHR183W,YDL038C,0.2020167112350464
YHR183W,YDL039C,4.8763659776795976e-11
YHR183W,YCL027W,5.974710743511524e-13
YHR183W,YML124C,9.183428483083844e-05
YHR183W,YGL053W,4.2731171379095656e-10
YHR183W,YMR232W,0.7415155172348022
YHR183W,YNL298W,0.009005250409245491
YHR183W,YGL099W,0.9873665571212769
YHR183W,YBL016W,0.01592428609728813
YHR183W,YAL041W,6.77165914453326e-08
YHR183W,YDR085C,0.5051133632659912
YHR183W,YPL187W,0.0030971989035606384
YHR183W,YPL256C,1.0999314099535695e-06
YHR183W,YDR461W,1.626592762704604e-07
YHR183W,YNL145W,4.4010288469120695e-11
YJR064W,YDL165W,0.7178478837013245
YJR064W,YGR059W,4.41511741531127e-16
YJR064W,YBR109C,2.4253569108623196e-07
YJR064W,YJL080C,1.110988856467543e-09
YJR064W,YCR093W,0.0003982994530815631
YJR064W,YIL122W,0.28200486302375793
YJR064W,YCL029C,3.498293210668635e-08
YJR064W,YNL173C,0.25178658962249756
YJR064W,YLR452C,0.9999949932098389
YJR064W,YDL160C,0.9615500569343567
YJR064W,YLR229C,1.5324447488751503e-08
YJR064W,YML057W,4.35700053813548e-09
YJR064W,YER149C,0.0001491201837779954
YJR064W,YMR305C,5.0627186887197695e-09
YJR064W,YLR433C,0.0016111081931740046
YJR064W,YJL073W,7.202364486147417e-06
YJR064W,YGR279C,0.018629111349582672
YJR064W,YKL190W,0.00019824581977445632
YJR064W,YGL089C,4.382654683610099e-09
YJR064W,YJL019W,0.0009673154563643038
YJR064W,YJL018W,0.0034957078751176596
YJR064W,YNR032C-A,0.5691743493080139
YJR064W,YGL178W,2.3709388585757551e-07
YJR064W,YKL116C,3.215810950862874e-11
YJR064W,YDL214C,0.003463117405772209
YJR064W,YLR362W,1.3861633618716951e-08
YJR064W,YER068W,7.612451115432059e-15
YJR064W,YHR084W,5.750787863689766e-07
YJR064W,YDR392W,0.0009733944316394627
YJR064W,YNL053W,3.780145974019433e-09
YJR064W,YGR040W,8.548427743448883e-09
YJR064W,YDL216C,0.004221188370138407
YJR064W,YOL117W,1.4238983681025275e-07
YJR064W,YJR086W,0.0013250444317236543
YJR064W,YMR025W,0.004698093514889479
YJR064W,YBR081C,0.9921624064445496
YJR064W,YFL026W,0.06093182414770126
YJR064W,YHL007C,1.7271844761704291e-13
YJR064W,YNR044W,0.9983670115470886
YJR064W,YNL271C,0.009558754041790962
YJR064W,YDR200C,4.7736725719005335e-06
YJR064W,YKL178C,1.7119889434979996e-06
YJR064W,YOR212W,3.936554193728625e-08
YJR064W,YOL111C,4.133673672047965e-15
YJR064W,YGL032C,0.0006310834432952106
YJR064W,YHR005C,0.09576340764760971
YJR064W,YDR103W,0.0008027828298509121
YJR064W,YJR084W,0.00010722178558353335
YJR064W,YCL032W,5.417825377662666e-06
YJR064W,YJL170C,0.9995473027229309
YJR064W,YDR179C,1.5068412893858886e-14
YJR064W,YBR095C,0.008000257425010204
YJR064W,YLL021W,8.220996824093163e-05
YJR064W,YDL159W,4.4971196905274624e-11
YJR064W,YNL161W,0.09159474074840546
YJR064W,YNL188W,4.908516189061629e-07
YJR064W,YJL157C,0.012289639562368393
YJR064W,YJL034W,7.171081020309026e-19
YJR064W,YLR238W,2.766937541309744e-06
YJR064W,YPR141C,1.4180973266775254e-05
YJR064W,YNL127W,0.000678101321682334
YJR064W,YCL055W,0.00011987832112936303
YJR064W,YPR122W,0.01593875139951706
YJR064W,YMR065W,0.5276857614517212
YJR064W,YDR356W,2.0765693989233114e-05
YJR064W,YMR052W,2.4938897992608615e-14
YJR064W,YFR008W,1.0025879504382829e-07
YJR064W,YLL043W,4.094272476606875e-09
YJR064W,YMR029C,3.594623043667866e-09
YJR064W,YJR004C,0.0028861346654593945
YJR064W,YDL223C,8.59192179141403e-21
YJR064W,YHR158C,8.507127859047614e-06
YJR064W,YGR238C,9.427820302221335e-09
YJR064W,YIL015W,0.9994447827339172
YJR064W,YGL173C,6.763171427337511e-07
YJR064W,YDL225W,0.00020996233797632158
YJR064W,YLR330W,1.0457986039658085e-11
YJR064W,YBR129C,0.00019810939556919038
YJR064W,YKR095W-A,0.2020167112350464
YJR064W,YPR075C,2.66137138993372e-08
YJR064W,YMR198W,0.00605201767757535
YJR064W,YOR127W,3.1831032254459046e-10
YJR064W,YDR264C,0.006962134037166834
YJR064W,YLR110C,0.9978851675987244
YJR064W,YDR379W,1.544178849144373e-05
YJR064W,YDL100C,1.6081187936833885e-08
YJR064W,YHR073W,2.499013773693548e-10
YJR064W,YJR090C,3.530747960667213e-07
YJR064W,YOR208W,8.57159176970157e-10
YJR064W,YBR040W,0.009365166537463665
YJR064W,YNL279W,0.008237426169216633
YJR064W,YER075C,0.0061403121799230576
YJR064W,YCR089W,2.0616105302906362e-06
YJR064W,YCR002C,0.14389099180698395
YJR064W,YJL108C,0.37583819031715393
YJR064W,YBR200W,3.739823659998365e-05
YJR064W,YIL026C,3.208256202924531e-07
YJR064W,YJR076C,0.18998034298419952
YJR064W,YKR031C,0.0001521091617178172
YJR064W,YPL192C,1.0675078954136552e-07
YJR064W,YHR107C,1.6435878080756083e-07
YJR064W,YIL037C,0.00027976464480161667
YJR064W,YPL156C,4.415974693122021e-13
YJR064W,YIL117C,6.599003028046058e-12
YJR064W,YHR066W,3.0644464830281715e-12
YJR064W,YML085C,3.053428144994541e-06
YJR064W,YML047C,0.0007702957955189049
YJR064W,YDR312W,0.0006297577056102455
YJR064W,YFL037W,0.0001365256030112505
YJR064W,YDL038C,0.2020167112350464
YJR064W,YDL039C,0.0006164534715935588
YJR064W,YCL027W,0.023938436061143875
YJR064W,YML124C,4.277986020984059e-10
YJR064W,YGL053W,1.7212331115956658e-08
YJR064W,YMR232W,4.829560111829778e-06
YJR064W,YNL298W,5.428712483990239e-06
YJR064W,YGL099W,4.067760350778826e-09
YJR064W,YBL016W,1.2936952487052622e-07
YJR064W,YAL041W,1.3601920700878622e-09
YJR064W,YDR085C,2.529513265514538e-10
YJR064W,YPL187W,2.5646682843216695e-05
YJR064W,YPL256C,3.151802275169757e-06
YJR064W,YDR461W,2.3058056797253812e-07
YJR064W,YNL145W,0.004793722182512283
YPL149W,YDL165W,0.5036466121673584
YPL149W,YGR059W,6.465146640266539e-09
YPL149W,YBR109C,0.0982985720038414
YPL149W,YJL080C,8.83180681365836e-12
YPL149W,YCR093W,0.00010998443030985072
YPL149W,YIL122W,0.3131197690963745
YPL149W,YCL029C,5.842435910063948e-12
YPL149W,YNL173C,0.00017479731468483806
YPL149W,YLR452C,2.6880768722037374e-09
YPL149W,YDL160C,0.0068282997235655785
YPL149W,YLR229C,1.5424730008817278e-06
YPL149W,YML057W,0.00022396362328436226
YPL149W,YER149C,1.236761477230175e-06
YPL149W,YMR305C,1.7602118373982734e-10
YPL149W,YLR433C,1.0273629413859453e-05
YPL149W,YJL073W,0.0002491838240530342
YPL149W,YGR279C,3.1374688092000724e-07
YPL149W,YKL190W,8.14476006780751e-05
YPL149W,YGL089C,6.509260686016205e-08
YPL149W,YJL019W,2.977383928737254e-06
YPL149W,YJL018W,0.00011835899204015732
YPL149W,YNR032C-A,0.9814512133598328
YPL149W,YGL178W,9.232424824645591e-10
YPL149W,YKL116C,4.869785113760473e-15
YPL149W,YDL214C,0.0007315466064028442
YPL149W,YLR362W,0.04815839231014252
YPL149W,YER068W,0.00025115589960478246
YPL149W,YHR084W,1.1721724604285555e-06
YPL149W,YDR392W,0.005395224783569574
YPL149W,YNL053W,5.317316009723072e-08
YPL149W,YGR040W,0.23958459496498108
YPL149W,YDL216C,3.84722028456963e-07
YPL149W,YOL117W,5.142023251636374e-09
YPL149W,YJR086W,8.052576383477117e-09
YPL149W,YMR025W,4.660792693629567e-13
YPL149W,YBR081C,2.817270114974235e-06
YPL149W,YFL026W,7.586937499581836e-06
YPL149W,YHL007C,0.0021944865584373474
YPL149W,YNR044W,1.3437320700582234e-10
YPL149W,YNL271C,9.41497990680773e-11
YPL149W,YDR200C,0.0005001573008485138
YPL149W,YKL178C,0.2017638087272644
YPL149W,YOR212W,0.0004052484000567347
YPL149W,YOL111C,2.8106761362778343e-10
YPL149W,YGL032C,0.0002738365437835455
YPL149W,YHR005C,1.4422666394509065e-09
YPL149W,YDR103W,0.20074276626110077
YPL149W,YJR084W,0.0002088874753098935
YPL149W,YCL032W,8.944009088907023e-09
YPL149W,YJL170C,1.384199643794659e-09
YPL149W,YDR179C,1.3247761776469247e-09
YPL149W,YBR095C,0.0005714120925404131
YPL149W,YLL021W,0.007302742917090654
YPL149W,YDL159W,1.0396904670528784e-08
YPL149W,YNL161W,0.001980595989152789
YPL149W,YNL188W,5.868416169674262e-11
YPL149W,YJL157C,2.883804306463844e-08
YPL149W,YJL034W,7.55943710406548e-11
YPL149W,YLR238W,0.02361324056982994
YPL149W,YPR141C,2.6919888114207424e-05
YPL149W,YNL127W,8.643961336929351e-05
YPL149W,YCL055W,0.03442112356424332
YPL149W,YPR122W,0.0006497022113762796
YPL149W,YMR065W,5.905658781557577e-06
YPL149W,YDR356W,1.265399590666405e-11
YPL149W,YMR052W,4.003943831776269e-05
YPL149W,YFR008W,5.323905043042032e-06
YPL149W,YLL043W,9.962892590920092e-07
YPL149W,YMR029C,1.830751784837048e-06
YPL149W,YJR004C,8.247136429417878e-05
YPL149W,YDL223C,3.959056693592089e-10
YPL149W,YHR158C,3.33171446161018e-12
YPL149W,YGR238C,3.269217627645558e-16
YPL149W,YIL015W,2.0158499864919577e-06
YPL149W,YGL173C,4.394117361639083e-11
YPL149W,YDL225W,1.0449329401751584e-08
YPL149W,YLR330W,2.326259879170678e-10
YPL149W,YBR129C,0.013652448542416096
YPL149W,YKR095W-A,0.2020167112350464
YPL149W,YPR075C,5.318830098577365e-11
YPL149W,YMR198W,1.6549942301935516e-05
YPL149W,YOR127W,0.004620051011443138
YPL149W,YDR264C,5.3711275540990755e-05
YPL149W,YLR110C,8.001943108126852e-09
YPL149W,YDR379W,1.0710452443163376e-05
YPL149W,YDL100C,9.576679033118651e-11
YPL149W,YHR073W,0.0012692580930888653
YPL149W,YJR090C,2.044611392193474e-06
YPL149W,YOR208W,0.0002880901738535613
YPL149W,YBR040W,0.08860386162996292
YPL149W,YNL279W,0.0006486832280643284
YPL149W,YER075C,0.001985752722248435
YPL149W,YCR089W,0.6098125576972961
YPL149W,YCR002C,0.00042361754458397627
YPL149W,YJL108C,0.004914629273116589
YPL149W,YBR200W,0.16453927755355835
YPL149W,YIL026C,0.007876889780163765
YPL149W,YJR076C,1.1880730816534704e-15
YPL149W,YKR031C,1.067711491486989e-05
YPL149W,YPL192C,1.188368287330377e-06
YPL149W,YHR107C,1.7883008695207536e-05
YPL149W,YIL037C,3.8666414184262976e-05
YPL149W,YPL156C,4.054669489050866e-09
YPL149W,YIL117C,2.144679545068584e-09
YPL149W,YHR066W,1.1678219426648068e-14
YPL149W,YML085C,6.180436717961868e-10
YPL149W,YML047C,0.009745294228196144
YPL149W,YDR312W,1.912408333737403e-05
YPL149W,YFL037W,5.984540085712808e-10
YPL149W,YDL038C,0.2020167112350464
YPL149W,YDL039C,4.0012997255811644e-12
YPL149W,YCL027W,0.3967706561088562
YPL149W,YML124C,1.8812793101119496e-08
YPL149W,YGL053W,3.7861835888719497e-10
YPL149W,YMR232W,0.00010403490887256339
YPL149W,YNL298W,1.6414246317708603e-07
YPL149W,YGL099W,1.3343177442948218e-06
YPL149W,YBL016W,1.2382911336317193e-06
YPL149W,YAL041W,0.0005335168680176139
YPL149W,YDR085C,0.10102774202823639
YPL149W,YPL187W,1.6256198165365277e-08
YPL149W,YPL256C,6.449279998932411e-10
YPL149W,YDR461W,2.7175583454663865e-05
YPL149W,YNL145W,9.195988241117448e-06
YJR017C,YDL165W,2.64356865255699e-15
YJR017C,YGR059W,0.0015734335174784064
YJR017C,YBR109C,1.9128566786097423e-11
YJR017C,YJL080C,3.8308014538301904e-09
YJR017C,YCR093W,3.559398109587164e-09
YJR017C,YIL122W,2.506834562154836e-06
YJR017C,YCL029C,5.4271285989671014e-06
YJR017C,YNL173C,1.3380976882082507e-10
YJR017C,YLR452C,8.150909114323923e-11
YJR017C,YDL160C,5.419336594059132e-05
YJR017C,YLR229C,1.1561853696662183e-08
YJR017C,YML057W,1.0359131330517357e-09
YJR017C,YER149C,9.774837189668872e-12
YJR017C,YMR305C,0.0008984332089312375
YJR017C,YLR433C,7.537958294666011e-14
YJR017C,YJL073W,4.372192961454857e-06
YJR017C,YGR279C,0.003757487516850233
YJR017C,YKL190W,1.2164046896481762e-12
YJR017C,YGL089C,6.702827022309066e-07
YJR017C,YJL019W,4.3210002344603637e-20
YJR017C,YJL018W,0.09555549919605255
YJR017C,YNR032C-A,0.0009000752470456064
YJR017C,YGL178W,1.6266862764390932e-16
YJR017C,YKL116C,9.498791975204313e-09
YJR017C,YDL214C,5.818299086968182e-07
YJR017C,YLR362W,0.0007124582189135253
YJR017C,YER068W,4.852666879440193e-12
YJR017C,YHR084W,2.0307742154557218e-09
YJR017C,YDR392W,2.323449876939776e-09
YJR017C,YNL053W,5.7643776904536814e-12
YJR017C,YGR040W,1.1032948776801277e-07
YJR017C,YDL216C,3.858930995193077e-06
YJR017C,YOL117W,0.6091725826263428
YJR017C,YJR086W,2.3037944174575387e-07
YJR017C,YMR025W,3.8687292658323713e-07
YJR017C,YBR081C,2.7828960132743686e-20
YJR017C,YFL026W,6.365320076584524e-11
YJR017C,YHL007C,4.236562764150945e-15
YJR017C,YNR044W,5.43481542844662e-22
YJR017C,YNL271C,1.4422479053047277e-12
YJR017C,YDR200C,2.053114123157229e-09
YJR017C,YKL178C,6.435382782221666e-10
YJR017C,YOR212W,1.2983599750882036e-09
YJR017C,YOL111C,8.548914277713501e-17
YJR017C,YGL032C,1.4267300230130786e-06
YJR017C,YHR005C,1.7602964170939511e-13
YJR017C,YDR103W,8.654081540271363e-08
YJR017C,YJR084W,9.844584999627037e-13
YJR017C,YCL032W,1.681367892136798e-11
YJR017C,YJL170C,4.0193074563044107e-11
YJR017C,YDR179C,3.578052090724704e-11
YJR017C,YBR095C,7.429396182458137e-13
YJR017C,YLL021W,1.6285531950765986e-11
YJR017C,YDL159W,2.7941732696490362e-06
YJR017C,YNL161W,2.2621046119039373e-15
YJR017C,YNL188W,1.3934380610193191e-18
YJR017C,YJL157C,5.7285835797227236e-11
YJR017C,YJL034W,2.063309079147757e-09
YJR017C,YLR238W,0.0029579352121800184
YJR017C,YPR141C,7.318067525491489e-20
YJR017C,YNL127W,1.5835124322904903e-09
YJR017C,YCL055W,8.408728291442458e-08
YJR017C,YPR122W,1.4977524775972029e-10
YJR017C,YMR065W,9.400608860232751e-07
YJR017C,YDR356W,0.00010158749500988051
YJR017C,YMR052W,0.4833170473575592
YJR017C,YFR008W,1.075725413102191e-05
YJR017C,YLL043W,7.923128819697922e-11
YJR017C,YMR029C,0.00029271768289618194
YJR017C,YJR004C,1.801157667458142e-09
YJR017C,YDL223C,5.238143330643652e-06
YJR017C,YHR158C,7.449805394799114e-08
YJR017C,YGR238C,3.2968694441137814e-09
YJR017C,YIL015W,7.96962567051196e-08
YJR017C,YGL173C,1.9747394238990668e-20
YJR017C,YDL225W,8.377830547356968e-12
YJR017C,YLR330W,2.623648520660993e-10
YJR017C,YBR129C,1.7276277630706716e-11
YJR017C,YKR095W-A,0.2020167112350464
YJR017C,YPR075C,4.887756865912252e-10
YJR017C,YMR198W,3.038091722640246e-10
YJR017C,YOR127W,1.4531119363336842e-10
YJR017C,YDR264C,2.548155089709958e-11
YJR017C,YLR110C,3.2710423589600926e-14
YJR017C,YDR379W,0.0014465991407632828
YJR017C,YDL100C,1.3428268481497784e-15
YJR017C,YHR073W,9.320741867213655e-08
YJR017C,YJR090C,6.279795968308502e-15
YJR017C,YOR208W,1.2959500850229233e-07
YJR017C,YBR040W,3.109557269453944e-07
YJR017C,YNL279W,2.5986500062913365e-08
YJR017C,YER075C,1.422517016180791e-06
YJR017C,YCR089W,1.219932869389595e-06
YJR017C,YCR002C,1.8216567577306053e-12
YJR017C,YJL108C,1.835695684349048e-08
YJR017C,YBR200W,1.5915212259187683e-07
YJR017C,YIL026C,2.4811359253362752e-05
YJR017C,YJR076C,7.1342575944099984e-12
YJR017C,YKR031C,1.4570625522097869e-12
YJR017C,YPL192C,0.07395859062671661
YJR017C,YHR107C,4.0507566723135824e-07
YJR017C,YIL037C,3.431512232054956e-05
YJR017C,YPL156C,7.779888983350247e-05
YJR017C,YIL117C,0.0022539908532053232
YJR017C,YHR066W,7.194896625151159e-07
YJR017C,YML085C,6.459698553840099e-09
YJR017C,YML047C,2.0739460637742013e-07
YJR017C,YDR312W,8.839233598539886e-13
YJR017C,YFL037W,3.137307968970049e-09
YJR017C,YDL038C,0.2020167112350464
YJR017C,YDL039C,1.0608173410878163e-12
YJR017C,YCL027W,3.8824388040419044e-13
YJR017C,YML124C,4.8076098657645616e-11
YJR017C,YGL053W,1.2366750956616102e-09
YJR017C,YMR232W,2.8772362838935805e-06
YJR017C,YNL298W,2.414331220279564e-06
YJR017C,YGL099W,2.040250741593271e-17
YJR017C,YBL016W,1.2703000606961723e-07
YJR017C,YAL041W,1.1785443281009389e-11
YJR017C,YDR085C,0.0008119549020193517
YJR017C,YPL187W,7.118421763152583e-07
YJR017C,YPL256C,9.441324805292695e-11
YJR017C,YDR461W,2.2884642097986685e-11
YJR017C,YNL145W,1.117630108637968e-05
YOR165W,YDL165W,4.810993777937256e-05
YOR165W,YGR059W,1.6148150905337388e-07
YOR165W,YBR109C,9.278074974972128e-10
YOR165W,YJL080C,0.39262548089027405
YOR165W,YCR093W,1.8733782781055197e-05
YOR165W,YIL122W,1.0236426533083431e-05
YOR165W,YCL029C,9.724468457252014e-18
YOR165W,YNL173C,0.7929174900054932
YOR165W,YLR452C,0.9848228693008423
YOR165W,YDL160C,0.0013807688374072313
YOR165W,YLR229C,0.9991771578788757
YOR165W,YML057W,1.230738059208869e-13
YOR165W,YER149C,6.414916930985726e-10
YOR165W,YMR305C,7.987687808963528e-07
YOR165W,YLR433C,1.1238978459005011e-06
YOR165W,YJL073W,5.0480186003509786e-11
YOR165W,YGR279C,2.350590148125775e-05
YOR165W,YKL190W,9.730890269565862e-06
YOR165W,YGL089C,0.09337272495031357
YOR165W,YJL019W,0.017023824155330658
YOR165W,YJL018W,0.003789170878008008
YOR165W,YNR032C-A,0.993924081325531
YOR165W,YGL178W,5.901374389161163e-10
YOR165W,YKL116C,7.224949083450838e-09
YOR165W,YDL214C,0.00013768338249064982
YOR165W,YLR362W,0.9906435608863831
YOR165W,YER068W,0.033093392848968506
YOR165W,YHR084W,0.00022893171990290284
YOR165W,YDR392W,0.00013600339298136532
YOR165W,YNL053W,0.45001575350761414
YOR165W,YGR040W,1.3558907994593028e-05
YOR165W,YDL216C,0.12301148474216461
YOR165W,YOL117W,1.086481574930076e-06
YOR165W,YJR086W,0.9995043277740479
YOR165W,YMR025W,0.002391237299889326
YOR165W,YBR081C,0.0008403066312894225
YOR165W,YFL026W,0.01306131575256586
YOR165W,YHL007C,0.00026249722577631474
YOR165W,YNR044W,0.0015376302180811763
YOR165W,YNL271C,3.416649860810139e-07
YOR165W,YDR200C,5.8879163589153904e-06
YOR165W,YKL178C,0.00012833377695642412
YOR165W,YOR212W,0.0013747834600508213
YOR165W,YOL111C,5.942530697211623e-05
YOR165W,YGL032C,0.001913552638143301
YOR165W,YHR005C,0.24316178262233734
YOR165W,YDR103W,0.999744713306427
YOR165W,YJR084W,0.015408564358949661
YOR165W,YCL032W,7.519670180045068e-05
YOR165W,YJL170C,2.3831030659948738e-07
YOR165W,YDR179C,1.379217309249725e-07
YOR165W,YBR095C,0.004838477820158005
YOR165W,YLL021W,3.763534817124992e-09
YOR165W,YDL159W,4.022078314847022e-07
YOR165W,YNL161W,1.6023073840187863e-05
YOR165W,YNL188W,5.8662312767410185e-06
YOR165W,YJL157C,4.567336375771447e-08
YOR165W,YJL034W,1.605120658783321e-13
YOR165W,YLR238W,9.778082130651455e-06
YOR165W,YPR141C,0.00022757305123377591
YOR165W,YNL127W,0.004451210144907236
YOR165W,YCL055W,1.656008095096695e-07
YOR165W,YPR122W,0.00010608861339278519
YOR165W,YMR065W,0.7396731376647949
YOR165W,YDR356W,0.002088666893541813
YOR165W,YMR052W,1.5236351828207262e-05
YOR165W,YFR008W,0.02127182111144066
YOR165W,YLL043W,2.3522650735685602e-05
YOR165W,YMR029C,0.9737007021903992
YOR165W,YJR004C,4.478988675852809e-15
YOR165W,YDL223C,5.856716140165662e-16
YOR165W,YHR158C,0.00011885834101121873
YOR165W,YGR238C,1.885304783399988e-07
YOR165W,YIL015W,0.13486944139003754
YOR165W,YGL173C,0.002293886849656701
YOR165W,YDL225W,0.0022846523206681013
YOR165W,YLR330W,0.0010463937651365995
YOR165W,YBR129C,0.0005838241195306182
YOR165W,YKR095W-A,0.2020167112350464
YOR165W,YPR075C,9.368883273352946e-12
YOR165W,YMR198W,3.344447031849995e-05
YOR165W,YOR127W,3.031223709537567e-12
YOR165W,YDR264C,0.000432571250712499
YOR165W,YLR110C,5.598963567082782e-12
YOR165W,YDR379W,1.0153899943077249e-10
YOR165W,YDL100C,0.00016808202781248838
YOR165W,YHR073W,0.2753554880619049
YOR165W,YJR090C,0.20354272425174713
YOR165W,YOR208W,1.0630722613313992e-07
YOR165W,YBR040W,0.999852180480957
YOR165W,YNL279W,0.002089262241497636
YOR165W,YER075C,9.3466866246672e-07
YOR165W,YCR089W,1.8920474758488126e-05
YOR165W,YCR002C,0.14836223423480988
YOR165W,YJL108C,0.0006719249649904668
YOR165W,YBR200W,1.2695523743389003e-08
YOR165W,YIL026C,0.8497514128684998
YOR165W,YJR076C,5.487816867599804e-10
YOR165W,YKR031C,4.2257357790731476e-07
YOR165W,YPL192C,3.304671190562658e-05
YOR165W,YHR107C,9.990093474687711e-11
YOR165W,YIL037C,0.04031626135110855
YOR165W,YPL156C,0.9999997615814209
YOR165W,YIL117C,1.156393136625411e-05
YOR165W,YHR066W,6.430771918530809e-06
YOR165W,YML085C,4.992457727608091e-13
YOR165W,YML047C,0.016060659661889076
YOR165W,YDR312W,0.1200931966304779
YOR165W,YFL037W,2.811403887470476e-11
YOR165W,YDL038C,0.2020167112350464
YOR165W,YDL039C,7.415482285635781e-16
YOR165W,YCL027W,0.8497289419174194
YOR165W,YML124C,2.8254662251227724e-15
YOR165W,YGL053W,2.0934392068738816e-06
YOR165W,YMR232W,1.6137313707531575e-07
YOR165W,YNL298W,0.015430012717843056
YOR165W,YGL099W,0.00010535108594922349
YOR165W,YBL016W,7.646616495549097e-08
YOR165W,YAL041W,8.779737254371867e-05
YOR165W,YDR085C,0.00011642538447631523
YOR165W,YPL187W,0.7135784029960632
YOR165W,YPL256C,2.4603070414741524e-05
YOR165W,YDR461W,9.399944929100457e-07
YOR165W,YNL145W,1.7189945822337904e-07
YHL036W,YDL165W,1.1239932540263453e-08
YHL036W,YGR059W,2.047569362326196e-12
YHL036W,YBR109C,7.787036571116346e-10
YHL036W,YJL080C,5.077428358637168e-16
YHL036W,YCR093W,5.870624590897933e-07
YHL036W,YIL122W,3.0817803170490876e-11
YHL036W,YCL029C,6.960916218434754e-12
YHL036W,YNL173C,2.561293399594433e-10
YHL036W,YLR452C,5.766711266223367e-15
YHL036W,YDL160C,1.918847374327015e-06
YHL036W,YLR229C,1.4414321185540757e-06
YHL036W,YML057W,1.7895125381528487e-08
YHL036W,YER149C,1.768857976758298e-10
YHL036W,YMR305C,3.814154547754356e-10
YHL036W,YLR433C,2.1738706834639743e-07
YHL036W,YJL073W,2.674918597733722e-08
YHL036W,YGR279C,0.0002144206955563277
YHL036W,YKL190W,4.7294147475670413e-17
YHL036W,YGL089C,0.9546912908554077
YHL036W,YJL019W,5.465103214419287e-08
YHL036W,YJL018W,0.0003446934570092708
YHL036W,YNR032C-A,0.0017355921445414424
YHL036W,YGL178W,0.0020437410566955805
YHL036W,YKL116C,1.965801857295446e-05
YHL036W,YDL214C,2.1155180718324118e-08
YHL036W,YLR362W,1.8342559997108765e-05
YHL036W,YER068W,9.723352678570052e-11
YHL036W,YHR084W,2.6478584949640727e-11
YHL036W,YDR392W,1.0905337743949417e-09
YHL036W,YNL053W,0.009997672401368618
YHL036W,YGR040W,1.6607874897545116e-07
YHL036W,YDL216C,0.007176610175520182
YHL036W,YOL117W,0.0002276679006172344
YHL036W,YJR086W,4.711447232352839e-08
YHL036W,YMR025W,0.0021934323012828827
YHL036W,YBR081C,1.491526346875105e-10
YHL036W,YFL026W,6.1161649078655955e-09
YHL036W,YHL007C,1.1252081003891722e-18
YHL036W,YNR044W,0.02320021018385887
YHL036W,YNL271C,8.6513477981498e-07
YHL036W,YDR200C,1.2965664609509986e-05
YHL036W,YKL178C,0.0035459219943732023
YHL036W,YOR212W,3.879189858224663e-09
YHL036W,YOL111C,6.948635417058924e-11
YHL036W,YGL032C,4.8872045299575007e-11
YHL036W,YHR005C,6.833809126222112e-12
YHL036W,YDR103W,2.0698620062375994e-07
YHL036W,YJR084W,4.413958322402323e-06
YHL036W,YCL032W,3.3441569939896e-06
YHL036W,YJL170C,2.1224311197443058e-10
YHL036W,YDR179C,2.653396708081346e-13
YHL036W,YBR095C,1.4263191587815527e-06
YHL036W,YLL021W,1.618121661611609e-15
YHL036W,YDL159W,5.908743272442507e-09
YHL036W,YNL161W,2.2470381736638956e-05
YHL036W,YNL188W,1.6869956046187506e-15
YHL036W,YJL157C,3.561497213180952e-20
YHL036W,YJL034W,1.9247237137420825e-09
YHL036W,YLR238W,0.13693270087242126
YHL036W,YPR141C,5.088079433335224e-07
YHL036W,YNL127W,6.796278466936201e-05
YHL036W,YCL055W,9.16908632353497e-11
YHL036W,YPR122W,0.0003563363279681653
YHL036W,YMR065W,0.001582102500833571
YHL036W,YDR356W,3.31572524991941e-09
YHL036W,YMR052W,9.200409294862766e-06
YHL036W,YFR008W,4.167027145740576e-05
YHL036W,YLL043W,1.80904202728982e-09
YHL036W,YMR029C,3.169275032632868e-06
YHL036W,YJR004C,2.2723805159330368e-05
YHL036W,YDL223C,5.8290097193491874e-09
YHL036W,YHR158C,2.0838999716943363e-06
YHL036W,YGR238C,4.127771831008431e-07
YHL036W,YIL015W,1.974855763364758e-07
YHL036W,YGL173C,5.710455184271268e-07
YHL036W,YDL225W,1.1470764293396015e-19
YHL036W,YLR330W,2.0856722926509974e-07
YHL036W,YBR129C,1.1463456850435705e-08
YHL036W,YKR095W-A,0.2020167112350464
YHL036W,YPR075C,0.00042862907866947353
YHL036W,YMR198W,6.396605749614537e-05
YHL036W,YOR127W,1.4600071436663038e-14
YHL036W,YDR264C,0.0002420776872895658
YHL036W,YLR110C,7.190294800535346e-12
YHL036W,YDR379W,1.7093178428240208e-08
YHL036W,YDL100C,7.820694314375487e-09
YHL036W,YHR073W,3.7190002188935978e-09
YHL036W,YJR090C,3.203335609214264e-06
YHL036W,YOR208W,7.820294740668032e-06
YHL036W,YBR040W,0.0011974313529208302
YHL036W,YNL279W,1.1554263323887426e-07
YHL036W,YER075C,0.9785270690917969
YHL036W,YCR089W,0.9459514021873474
YHL036W,YCR002C,0.002048634923994541
YHL036W,YJL108C,1.1590114645798621e-08
YHL036W,YBR200W,7.899500928942871e-07
YHL036W,YIL026C,8.896272163383401e-08
YHL036W,YJR076C,1.0113035386893898e-07
YHL036W,YKR031C,0.10913342237472534
YHL036W,YPL192C,0.004962706472724676
YHL036W,YHR107C,1.5082085155881941e-05
YHL036W,YIL037C,1.6951624957073363e-06
YHL036W,YPL156C,3.672598495541024e-06
YHL036W,YIL117C,1.652216368277018e-14
YHL036W,YHR066W,5.606240027333093e-16
YHL036W,YML085C,1.3175900370754334e-08
YHL036W,YML047C,2.178807108066394e-06
YHL036W,YDR312W,9.703427297780287e-13
YHL036W,YFL037W,4.4108461457956216e-14
YHL036W,YDL038C,0.2020167112350464
YHL036W,YDL039C,9.643536635906003e-09
YHL036W,YCL027W,1.0741831729665918e-10
YHL036W,YML124C,9.734912393343995e-15
YHL036W,YGL053W,5.854349183209706e-07
YHL036W,YMR232W,7.925359035709789e-09
YHL036W,YNL298W,3.7063772190260025e-11
YHL036W,YGL099W,5.304368702534742e-20
YHL036W,YBL016W,1.2540124260752904e-16
YHL036W,YAL041W,1.739756017200833e-12
YHL036W,YDR085C,9.459760232088943e-12
YHL036W,YPL187W,0.853603184223175
YHL036W,YPL256C,4.7915302275214344e-05
YHL036W,YDR461W,6.683182653122177e-13
YHL036W,YNL145W,2.6620533268334675e-18
YML076C,YDL165W,0.009775440208613873
YML076C,YGR059W,3.5118361552122224e-09
YML076C,YBR109C,3.69495156693489e-10
YML076C,YJL080C,4.75998795934629e-08
YML076C,YCR093W,2.131267319782637e-05
YML076C,YIL122W,5.633133781657307e-08
YML076C,YCL029C,1.582787678700015e-09
YML076C,YNL173C,6.38510744277454e-10
YML076C,YLR452C,1.68900660124649e-09
YML076C,YDL160C,0.9990726709365845
YML076C,YLR229C,1.4066225162423507e-07
YML076C,YML057W,1.614452495302121e-12
YML076C,YER149C,0.5702415704727173
YML076C,YMR305C,0.11283542215824127
YML076C,YLR433C,6.996933255010163e-09
YML076C,YJL073W,3.5469485126782274e-09
YML076C,YGR279C,4.7039495854050983e-08
YML076C,YKL190W,7.547062705270946e-05
YML076C,YGL089C,1.3820138633491297e-07
YML076C,YJL019W,0.015095431357622147
YML076C,YJL018W,0.0026659336872398853
YML076C,YNR032C-A,0.01664123125374317
YML076C,YGL178W,5.0584334530867636e-05
YML076C,YKL116C,5.464787151444883e-13
YML076C,YDL214C,7.176207873271778e-06
YML076C,YLR362W,0.005342462565749884
YML076C,YER068W,2.0117985055634335e-09
YML076C,YHR084W,1.182983737635368e-06
YML076C,YDR392W,2.289720214321278e-06
YML076C,YNL053W,0.0022033050190657377
YML076C,YGR040W,1.6229400046086084e-08
YML076C,YDL216C,0.0006566343363374472
YML076C,YOL117W,1.8523023470606859e-07
YML076C,YJR086W,5.372055966290645e-06
YML076C,YMR025W,1.3860569358925545e-09
YML076C,YBR081C,2.3997474272619e-05
YML076C,YFL026W,2.969030887811641e-08
YML076C,YHL007C,3.757351078093052e-05
YML076C,YNR044W,5.2884601586811186e-08
YML076C,YNL271C,1.6657411379128462e-06
YML076C,YDR200C,0.010115871205925941
YML076C,YKL178C,0.8000823855400085
YML076C,YOR212W,0.00010509711864870042
YML076C,YOL111C,3.432691414104183e-12
YML076C,YGL032C,7.210311792071877e-10
YML076C,YHR005C,5.284459348331438e-06
YML076C,YDR103W,0.0001786480424925685
YML076C,YJR084W,6.603821020689793e-06
YML076C,YCL032W,4.239105511061325e-09
YML076C,YJL170C,4.985947157365445e-07
YML076C,YDR179C,0.003012367757037282
YML076C,YBR095C,1.7180390443627402e-07
YML076C,YLL021W,4.5622462494065985e-05
YML076C,YDL159W,9.884745745449702e-15
YML076C,YNL161W,0.03615068271756172
YML076C,YNL188W,1.703139059827663e-05
YML076C,YJL157C,0.03176460415124893
YML076C,YJL034W,2.2779740902478807e-05
YML076C,YLR238W,1.3251187738205772e-06
YML076C,YPR141C,0.0033614214044064283
YML076C,YNL127W,0.0003361054987180978
YML076C,YCL055W,2.124737668793286e-12
YML076C,YPR122W,1.2024796660625725e-06
YML076C,YMR065W,0.010075741447508335
YML076C,YDR356W,0.002867329167202115
YML076C,YMR052W,2.4272978407680057e-05
YML076C,YFR008W,8.651034590911877e-07
YML076C,YLL043W,2.454412651786697e-06
YML076C,YMR029C,2.655631448078566e-08
YML076C,YJR004C,0.0003120295295957476
YML076C,YDL223C,9.348590830496675e-15
YML076C,YHR158C,0.03910571336746216
YML076C,YGR238C,1.880759583627878e-07
YML076C,YIL015W,0.2625672221183777
YML076C,YGL173C,5.9282193376475334e-08
YML076C,YDL225W,6.561388727277517e-05
YML076C,YLR330W,1.3283506239414322e-10
YML076C,YBR129C,0.032949287444353104
YML076C,YKR095W-A,0.2020167112350464
YML076C,YPR075C,2.1221394490567036e-06
YML076C,YMR198W,0.0016992584569379687
YML076C,YOR127W,9.762033847948715e-09
YML076C,YDR264C,2.640132383546767e-11
YML076C,YLR110C,5.630169042092348e-08
YML076C,YDR379W,0.7933156490325928
YML076C,YDL100C,3.586030317137556e-08
YML076C,YHR073W,1.5527246155500052e-09
YML076C,YJR090C,3.4120975556106714e-07
YML076C,YOR208W,0.0014510791515931487
YML076C,YBR040W,3.0034055104044555e-11
YML076C,YNL279W,1.1954066394537222e-06
YML076C,YER075C,1.0138979860130348e-06
YML076C,YCR089W,8.428912082192319e-12
YML076C,YCR002C,1.1624240414676024e-06
YML076C,YJL108C,1.0594924788165372e-05
YML076C,YBR200W,7.608019814142608e-07
YML076C,YIL026C,0.007987046614289284
YML076C,YJR076C,9.25502383064547e-11
YML076C,YKR031C,0.00530069787055254
YML076C,YPL192C,2.2452245218573808e-07
YML076C,YHR107C,9.960555047427988e-09
YML076C,YIL037C,1.0650063813955057e-05
YML076C,YPL156C,0.013547707349061966
YML076C,YIL117C,0.9953162670135498
YML076C,YHR066W,1.3526280540077096e-08
YML076C,YML085C,1.2359286927221547e-07
YML076C,YML047C,5.59704470270983e-11
YML076C,YDR312W,6.581575839881282e-10
YML076C,YFL037W,0.0001295697729801759
YML076C,YDL038C,0.2020167112350464
YML076C,YDL039C,5.358268082705786e-14
YML076C,YCL027W,0.07797945290803909
YML076C,YML124C,2.022777778609708e-11
YML076C,YGL053W,1.8275286493008025e-05
YML076C,YMR232W,0.17828889191150665
YML076C,YNL298W,2.037886224570684e-05
YML076C,YGL099W,4.991900989792519e-11
YML076C,YBL016W,3.919689856165479e-15
YML076C,YAL041W,9.512476935924497e-06
YML076C,YDR085C,3.9620031202503014e-06
YML076C,YPL187W,0.9803188443183899
YML076C,YPL256C,1.6851914779181243e-06
YML076C,YDR461W,1.8294320724976387e-08
YML076C,YNL145W,2.3321039110263397e-12
YJR022W,YDL165W,5.381819434546742e-09
YJR022W,YGR059W,0.0005345160607248545
YJR022W,YBR109C,0.0023795778397470713
YJR022W,YJL080C,1.1673919334851156e-18
YJR022W,YCR093W,0.00017849190044216812
YJR022W,YIL122W,5.99388760846864e-09
YJR022W,YCL029C,2.8459094711838734e-16
YJR022W,YNL173C,1.3449530660188114e-13
YJR022W,YLR452C,1.8589546568748005e-11
YJR022W,YDL160C,1.0937885264183933e-07
YJR022W,YLR229C,2.780857641937473e-07
YJR022W,YML057W,3.2202440714002023e-10
YJR022W,YER149C,8.860578937230912e-11
YJR022W,YMR305C,0.03054950200021267
YJR022W,YLR433C,6.396910612238571e-05
YJR022W,YJL073W,3.8733539352254695e-14
YJR022W,YGR279C,9.787520411919104e-07
YJR022W,YKL190W,2.5173423345847823e-09
YJR022W,YGL089C,0.0004701971774920821
YJR022W,YJL019W,2.0661441417441408e-17
YJR022W,YJL018W,0.0037292020861059427
YJR022W,YNR032C-A,0.0015844044974073768
YJR022W,YGL178W,0.013881090097129345
YJR022W,YKL116C,7.481230571188436e-16
YJR022W,YDL214C,6.229299021054402e-11
YJR022W,YLR362W,5.153539812778607e-13
YJR022W,YER068W,5.8028000182730466e-08
YJR022W,YHR084W,9.650449655975585e-14
YJR022W,YDR392W,9.438286818763686e-10
YJR022W,YNL053W,1.822230501602462e-06
YJR022W,YGR040W,2.951000832585038e-10
YJR022W,YDL216C,0.015784576535224915
YJR022W,YOL117W,3.53276300302241e-06
YJR022W,YJR086W,5.207184372579832e-08
YJR022W,YMR025W,4.1932111116693704e-07
YJR022W,YBR081C,1.0370394126768545e-10
YJR022W,YFL026W,0.008477712981402874
YJR022W,YHL007C,9.70578867054428e-07
YJR022W,YNR044W,0.000257663254160434
YJR022W,YNL271C,1.1530471688558919e-08
YJR022W,YDR200C,2.048271454668793e-07
YJR022W,YKL178C,9.217754559642799e-09
YJR022W,YOR212W,3.8936977944104e-05
YJR022W,YOL111C,2.3162816109589812e-09
YJR022W,YGL032C,0.003742615692317486
YJR022W,YHR005C,0.0011672532418742776
YJR022W,YDR103W,3.169013496062689e-07
YJR022W,YJR084W,7.325751028020022e-08
YJR022W,YCL032W,1.0651415305318324e-09
YJR022W,YJL170C,0.00020086680888198316
YJR022W,YDR179C,3.079295152197403e-11
YJR022W,YBR095C,0.0012410300550982356
YJR022W,YLL021W,7.92014542838615e-09
YJR022W,YDL159W,6.715553026864773e-12
YJR022W,YNL161W,5.707655509468168e-05
YJR022W,YNL188W,1.4187711233984174e-14
YJR022W,YJL157C,3.2879512446015724e-07
YJR022W,YJL034W,1.1086539130310269e-13
YJR022W,YLR238W,1.2834084398119549e-15
YJR022W,YPR141C,1.0208485126022085e-14
YJR022W,YNL127W,0.00011444037227192894
YJR022W,YCL055W,8.950727351475507e-05
YJR022W,YPR122W,3.1314804971316335e-08
YJR022W,YMR065W,0.003157025668770075
YJR022W,YDR356W,6.870646274137471e-10
YJR022W,YMR052W,1.9299575826359217e-10
YJR022W,YFR008W,1.2691091667155208e-12
YJR022W,YLL043W,2.3156992816353306e-12
YJR022W,YMR029C,9.994662215906391e-12
YJR022W,YJR004C,1.3128098608206074e-10
YJR022W,YDL223C,2.4088228644787734e-24
YJR022W,YHR158C,1.199059861817231e-11
YJR022W,YGR238C,7.805363821944411e-08
YJR022W,YIL015W,0.0012385861482471228
YJR022W,YGL173C,4.470748660168056e-09
YJR022W,YDL225W,1.71367148027457e-07
YJR022W,YLR330W,2.2309114625085336e-11
YJR022W,YBR129C,4.20969819003858e-08
YJR022W,YKR095W-A,0.2020167112350464
YJR022W,YPR075C,1.740486227364002e-12
YJR022W,YMR198W,1.8600200064611272e-06
YJR022W,YOR127W,1.004796831693966e-05
YJR022W,YDR264C,3.9624619557754315e-11
YJR022W,YLR110C,4.0452246707900485e-07
YJR022W,YDR379W,0.543441891670227
YJR022W,YDL100C,0.006794010754674673
YJR022W,YHR073W,5.539061431747427e-10
YJR022W,YJR090C,2.3601804538531113e-11
YJR022W,YOR208W,2.707177147384665e-12
YJR022W,YBR040W,0.0004198315436951816
YJR022W,YNL279W,1.6903301002457738e-05
YJR022W,YER075C,6.212645953240781e-09
YJR022W,YCR089W,6.046520297786628e-07
YJR022W,YCR002C,0.00010685352754080668
YJR022W,YJL108C,2.071308541351513e-10
YJR022W,YBR200W,1.4447610885426343e-09
YJR022W,YIL026C,0.2525739073753357
YJR022W,YJR076C,3.1217416562867584e-06
YJR022W,YKR031C,1.3633217547503323e-13
YJR022W,YPL192C,2.4660393171949124e-10
YJR022W,YHR107C,2.1605717392958468e-06
YJR022W,YIL037C,1.7787341448638472e-06
YJR022W,YPL156C,2.10995403904235e-05
YJR022W,YIL117C,0.676936149597168
YJR022W,YHR066W,9.356257955894787e-12
YJR022W,YML085C,7.031177862160121e-10
YJR022W,YML047C,0.0828716978430748
YJR022W,YDR312W,2.0564061564698477e-09
YJR022W,YFL037W,8.372118145416607e-07
YJR022W,YDL038C,0.2020167112350464
YJR022W,YDL039C,7.857152157630248e-15
YJR022W,YCL027W,0.00013942120131105185
YJR022W,YML124C,7.249069745895228e-15
YJR022W,YGL053W,2.0960065683084395e-08
YJR022W,YMR232W,1.5357408400529238e-10
YJR022W,YNL298W,3.091721214980303e-13
YJR022W,YGL099W,2.3797373671641253e-07
YJR022W,YBL016W,4.645774254186108e-07
YJR022W,YAL041W,1.555562256783105e-08
YJR022W,YDR085C,9.66172819971689e-07
YJR022W,YPL187W,0.0004272804071661085
YJR022W,YPL256C,5.0290644044992394e-12
YJR022W,YDR461W,1.8515619331083144e-06
YJR022W,YNL145W,0.0024707068223506212
YJL176C,YDL165W,5.9159292504773475e-06
YJL176C,YGR059W,0.0002323228254681453
YJL176C,YBR109C,3.1148363177635474e-06
YJL176C,YJL080C,0.07161879539489746
YJL176C,YCR093W,0.8840019106864929
YJL176C,YIL122W,0.0021357424557209015
YJL176C,YCL029C,6.464686235331876e-14
YJL176C,YNL173C,0.5094164609909058
YJL176C,YLR452C,0.9999213218688965
YJL176C,YDL160C,0.9980979561805725
YJL176C,YLR229C,0.005198149010539055
YJL176C,YML057W,0.0002211760584032163
YJL176C,YER149C,0.0010115461191162467
YJL176C,YMR305C,0.0018728167051449418
YJL176C,YLR433C,0.0015676080947741866
YJL176C,YJL073W,1.0327391464670654e-05
YJL176C,YGR279C,0.0004069571732543409
YJL176C,YKL190W,0.0003877040871884674
YJL176C,YGL089C,2.8732827672683925e-07
YJL176C,YJL019W,3.9433096787888644e-08
YJL176C,YJL018W,0.0029693550895899534
YJL176C,YNR032C-A,0.03797060251235962
YJL176C,YGL178W,0.4297536015510559
YJL176C,YKL116C,2.4719897240288446e-08
YJL176C,YDL214C,0.16707101464271545
YJL176C,YLR362W,0.0014800612116232514
YJL176C,YER068W,0.004217882640659809
YJL176C,YHR084W,0.0013479950139299035
YJL176C,YDR392W,5.989990281562996e-09
YJL176C,YNL053W,0.037868015468120575
YJL176C,YGR040W,0.0272732675075531
YJL176C,YDL216C,3.135694370826059e-08
YJL176C,YOL117W,3.6154315097292056e-08
YJL176C,YJR086W,0.3131523132324219
YJL176C,YMR025W,5.820578007842414e-05
YJL176C,YBR081C,0.015613103285431862
YJL176C,YFL026W,0.00012369203614071012
YJL176C,YHL007C,0.00022506264213006943
YJL176C,YNR044W,0.0034707216545939445
YJL176C,YNL271C,5.656146981891652e-07
YJL176C,YDR200C,1.2682826309173834e-06
YJL176C,YKL178C,0.021531514823436737
YJL176C,YOR212W,3.927657235180959e-05
YJL176C,YOL111C,1.3453883411784773e-06
YJL176C,YGL032C,2.2538172288477654e-06
YJL176C,YHR005C,8.887059084372595e-05
YJL176C,YDR103W,1.0331554989306824e-07
YJL176C,YJR084W,5.915331158234949e-08
YJL176C,YCL032W,0.004673655144870281
YJL176C,YJL170C,0.04551638290286064
YJL176C,YDR179C,3.156074797061592e-07
YJL176C,YBR095C,2.4782304208770256e-08
YJL176C,YLL021W,0.005269420798867941
YJL176C,YDL159W,5.133044851390878e-07
YJL176C,YNL161W,3.272862159064971e-08
YJL176C,YNL188W,2.1133942984313467e-14
YJL176C,YJL157C,0.0003266730054747313
YJL176C,YJL034W,4.5770471501782595e-07
YJL176C,YLR238W,0.002440949436277151
YJL176C,YPR141C,4.1115868953056633e-05
YJL176C,YNL127W,0.13305240869522095
YJL176C,YCL055W,0.03618846833705902
YJL176C,YPR122W,0.003025857964530587
YJL176C,YMR065W,1.6285422077544354e-07
YJL176C,YDR356W,3.813326259205496e-07
YJL176C,YMR052W,1.8804221326718107e-06
YJL176C,YFR008W,3.180428029736504e-05
YJL176C,YLL043W,0.08011572808027267
YJL176C,YMR029C,0.31251057982444763
YJL176C,YJR004C,7.3429600888630375e-06
YJL176C,YDL223C,4.99105219375906e-08
YJL176C,YHR158C,0.09172453731298447
YJL176C,YGR238C,3.710128453349171e-07
YJL176C,YIL015W,0.8449110984802246
YJL176C,YGL173C,0.23823808133602142
YJL176C,YDL225W,1.8244028979097493e-05
YJL176C,YLR330W,6.534381369327491e-10
YJL176C,YBR129C,0.00010852506966330111
YJL176C,YKR095W-A,0.2020167112350464
YJL176C,YPR075C,1.500688462385824e-11
YJL176C,YMR198W,4.673817333156194e-09
YJL176C,YOR127W,0.0010053430451080203
YJL176C,YDR264C,1.647906522350695e-08
YJL176C,YLR110C,0.9999823570251465
YJL176C,YDR379W,0.17455025017261505
YJL176C,YDL100C,3.344972583363415e-07
YJL176C,YHR073W,1.7850772564997897e-05
YJL176C,YJR090C,0.0002493637439329177
YJL176C,YOR208W,0.018414437770843506
YJL176C,YBR040W,0.00012241190415807068
YJL176C,YNL279W,0.0006627719849348068
YJL176C,YER075C,0.0003365041920915246
YJL176C,YCR089W,7.676872542106139e-07
YJL176C,YCR002C,0.028909234330058098
YJL176C,YJL108C,0.0036295040044933558
YJL176C,YBR200W,3.992391611973289e-06
YJL176C,YIL026C,0.9966868758201599
YJL176C,YJR076C,2.5727735913916305e-11
YJL176C,YKR031C,0.012451752088963985
YJL176C,YPL192C,2.7708352945410297e-07
YJL176C,YHR107C,7.399088008952504e-10
YJL176C,YIL037C,0.0020488668233156204
YJL176C,YPL156C,0.38002029061317444
YJL176C,YIL117C,0.006638477090746164
YJL176C,YHR066W,1.4199196831342353e-13
YJL176C,YML085C,2.092588329105638e-05
YJL176C,YML047C,0.15030017495155334
YJL176C,YDR312W,0.00030159440939314663
YJL176C,YFL037W,9.770183169166557e-07
YJL176C,YDL038C,0.2020167112350464
YJL176C,YDL039C,6.711500191158848e-07
YJL176C,YCL027W,0.000494898937176913
YJL176C,YML124C,5.731744749937207e-07
YJL176C,YGL053W,0.002553340280428529
YJL176C,YMR232W,5.924445656280142e-11
YJL176C,YNL298W,7.344514870055718e-06
YJL176C,YGL099W,2.5438101147301495e-05
YJL176C,YBL016W,2.586932851045276e-06
YJL176C,YAL041W,1.5081158721841348e-07
YJL176C,YDR085C,0.982939600944519
YJL176C,YPL187W,0.18596312403678894
YJL176C,YPL256C,6.149862841198228e-10
YJL176C,YDR461W,0.0007062830845825374
YJL176C,YNL145W,4.365424173405699e-14
YBR038W,YDL165W,0.00012314996274653822
YBR038W,YGR059W,2.7407397428704113e-16
YBR038W,YBR109C,4.469354747405063e-11
YBR038W,YJL080C,3.4400472054274545e-11
YBR038W,YCR093W,1.1618221833487041e-06
YBR038W,YIL122W,8.261012141019819e-08
YBR038W,YCL029C,0.9989374279975891
YBR038W,YNL173C,1.7760415737372824e-14
YBR038W,YLR452C,0.060596100986003876
YBR038W,YDL160C,2.067834792285339e-10
YBR038W,YLR229C,1.0958198792820895e-08
YBR038W,YML057W,2.6945275099165243e-14
YBR038W,YER149C,4.8004716518335044e-05
YBR038W,YMR305C,1.0355462265465576e-08
YBR038W,YLR433C,5.661297109327279e-05
YBR038W,YJL073W,1.1155376752544632e-12
YBR038W,YGR279C,2.1924037585385747e-10
YBR038W,YKL190W,2.695811527161267e-15
YBR038W,YGL089C,0.0002474465291015804
YBR038W,YJL019W,8.281843406621192e-07
YBR038W,YJL018W,0.2020167112350464
YBR038W,YNR032C-A,9.305767889600247e-05
YBR038W,YGL178W,9.964479659174685e-07
YBR038W,YKL116C,2.047985392383822e-10
YBR038W,YDL214C,9.770323217139776e-09
YBR038W,YLR362W,3.6449678830763332e-09
YBR038W,YER068W,5.2510171371977776e-05
YBR038W,YHR084W,1.074496225328403e-07
YBR038W,YDR392W,1.2027252804802657e-10
YBR038W,YNL053W,2.8616904046430136e-07
YBR038W,YGR040W,4.287283861259539e-09
YBR038W,YDL216C,3.5937725897383643e-06
YBR038W,YOL117W,7.492659270802449e-11
YBR038W,YJR086W,3.4023099004798496e-08
YBR038W,YMR025W,8.615430851932615e-05
YBR038W,YBR081C,6.704297902615508e-06
YBR038W,YFL026W,5.985652933304664e-07
YBR038W,YHL007C,9.489189434219725e-10
YBR038W,YNR044W,7.680111593799666e-05
YBR038W,YNL271C,4.684043233282864e-06
YBR038W,YDR200C,2.9506415444302547e-07
YBR038W,YKL178C,7.826316816839096e-10
YBR038W,YOR212W,3.2349117873309297e-07
YBR038W,YOL111C,1.076153601727787e-18
YBR038W,YGL032C,2.3826946744520683e-06
YBR038W,YHR005C,5.105795480631059e-06
YBR038W,YDR103W,0.0001089117577066645
YBR038W,YJR084W,2.3069905707995275e-10
YBR038W,YCL032W,3.432709574490572e-13
YBR038W,YJL170C,0.003411310026422143
YBR038W,YDR179C,3.4975407743331743e-06
YBR038W,YBR095C,2.1125783860043157e-06
YBR038W,YLL021W,3.646486277375516e-07
YBR038W,YDL159W,0.002144741825759411
YBR038W,YNL161W,2.5039624779003844e-13
YBR038W,YNL188W,4.667201665142784e-06
YBR038W,YJL157C,0.0001199131875182502
YBR038W,YJL034W,2.7527669158897078e-17
YBR038W,YLR238W,6.100381000351263e-08
YBR038W,YPR141C,0.011337470263242722
YBR038W,YNL127W,6.298342486843467e-05
YBR038W,YCL055W,0.029432576149702072
YBR038W,YPR122W,3.009057891745215e-08
YBR038W,YMR065W,1.3444595424516592e-05
YBR038W,YDR356W,1.5994594377843896e-06
YBR038W,YMR052W,1.6575451809330843e-05
YBR038W,YFR008W,2.4912718554759294e-09
YBR038W,YLL043W,0.9978500604629517
YBR038W,YMR029C,6.683792408423983e-10
YBR038W,YJR004C,6.650893169535266e-07
YBR038W,YDL223C,4.930338429187664e-11
YBR038W,YHR158C,5.751753064942022e-07
YBR038W,YGR238C,3.594185909605585e-05
YBR038W,YIL015W,0.00011579968850128353
YBR038W,YGL173C,4.567804356980787e-09
YBR038W,YDL225W,0.0006342641427181661
YBR038W,YLR330W,1.6310874872971226e-10
YBR038W,YBR129C,1.9554589059112004e-09
YBR038W,YKR095W-A,0.2020167112350464
YBR038W,YPR075C,1.3036434995741808e-12
YBR038W,YMR198W,0.001331942155957222
YBR038W,YOR127W,0.0011352169094607234
YBR038W,YDR264C,2.2083740987000056e-05
YBR038W,YLR110C,1.5839717315557778e-09
YBR038W,YDR379W,7.106654154043213e-10
YBR038W,YDL100C,3.3533030519006246e-11
YBR038W,YHR073W,0.00012512531247921288
YBR038W,YJR090C,2.7093543134384425e-14
YBR038W,YOR208W,4.585632140674534e-08
YBR038W,YBR040W,1.2063483154634014e-05
YBR038W,YNL279W,0.03737547621130943
YBR038W,YER075C,2.71895551122725e-05
YBR038W,YCR089W,7.375044219770643e-08
YBR038W,YCR002C,1.5688716992201535e-09
YBR038W,YJL108C,1.2617676001247524e-11
YBR038W,YBR200W,1.685540382823092e-06
YBR038W,YIL026C,1.037321453623008e-06
YBR038W,YJR076C,5.776975009474938e-10
YBR038W,YKR031C,1.4303647049018764e-06
YBR038W,YPL192C,1.1999395610473584e-07
YBR038W,YHR107C,0.2710545063018799
YBR038W,YIL037C,0.3010065257549286
YBR038W,YPL156C,6.197387603101845e-10
YBR038W,YIL117C,8.337325851925925e-08
YBR038W,YHR066W,0.3570946753025055
YBR038W,YML085C,8.904790682606745e-09
YBR038W,YML047C,1.3341889371076832e-07
YBR038W,YDR312W,0.822952926158905
YBR038W,YFL037W,5.074495490475783e-08
YBR038W,YDL038C,0.2020167112350464
YBR038W,YDL039C,4.557995453069452e-06
YBR038W,YCL027W,1.365404841635609e-05
YBR038W,YML124C,5.000494951445944e-08
YBR038W,YGL053W,5.5851750307978065e-11
YBR038W,YMR232W,0.12315092980861664
YBR038W,YNL298W,0.0007766296621412039
YBR038W,YGL099W,0.5390677452087402
YBR038W,YBL016W,0.2576740086078644
YBR038W,YAL041W,4.1412661494488745e-11
YBR038W,YDR085C,5.548694161916501e-07
YBR038W,YPL187W,1.541856746445358e-11
YBR038W,YPL256C,0.0005729167023673654
YBR038W,YDR461W,1.6568907085456885e-05
YBR038W,YNL145W,6.5141638749821595e-09
YDR363W,YDL165W,4.146716946706874e-06
YDR363W,YGR059W,2.247752490802668e-07
YDR363W,YBR109C,1.0236314562910714e-13
YDR363W,YJL080C,0.7991494536399841
YDR363W,YCR093W,0.00011386042751837522
YDR363W,YIL122W,3.667102888016416e-08
YDR363W,YCL029C,5.311573958444171e-10
YDR363W,YNL173C,4.363949301477987e-06
YDR363W,YLR452C,0.22703561186790466
YDR363W,YDL160C,1.21075288461725e-07
YDR363W,YLR229C,2.956590864060943e-13
YDR363W,YML057W,2.9720968086621724e-07
YDR363W,YER149C,0.0044683292508125305
YDR363W,YMR305C,3.2649520562699763e-06
YDR363W,YLR433C,3.5773518902715296e-07
YDR363W,YJL073W,0.0002015378704527393
YDR363W,YGR279C,0.006149152759462595
YDR363W,YKL190W,5.185898316995008e-06
YDR363W,YGL089C,1.5190359590633307e-05
YDR363W,YJL019W,1.1658913834367013e-08
YDR363W,YJL018W,0.00017047389701474458
YDR363W,YNR032C-A,0.4774662256240845
YDR363W,YGL178W,1.2526829573644704e-09
YDR363W,YKL116C,1.2186429643179508e-09
YDR363W,YDL214C,0.00034509357647038996
YDR363W,YLR362W,4.738962260802948e-12
YDR363W,YER068W,1.0268696971297425e-13
YDR363W,YHR084W,1.9737102230354964e-10
YDR363W,YDR392W,1.2873005061919685e-07
YDR363W,YNL053W,8.681804501975421e-07
YDR363W,YGR040W,6.30036356419339e-10
YDR363W,YDL216C,2.2380650121795603e-13
YDR363W,YOL117W,2.5396036384961462e-09
YDR363W,YJR086W,0.022217310965061188
YDR363W,YMR025W,1.9545725038483397e-08
YDR363W,YBR081C,1.8844218629965326e-06
YDR363W,YFL026W,9.944628232005925e-09
YDR363W,YHL007C,4.0723271865772404e-08
YDR363W,YNR044W,0.766416072845459
YDR363W,YNL271C,0.0008297362364828587
YDR363W,YDR200C,0.00026099017122760415
YDR363W,YKL178C,0.12786786258220673
YDR363W,YOR212W,1.789768248272594e-05
YDR363W,YOL111C,1.206485215551889e-12
YDR363W,YGL032C,8.9921937615145e-05
YDR363W,YHR005C,0.4812261462211609
YDR363W,YDR103W,2.831338941078343e-09
YDR363W,YJR084W,9.413247958889315e-09
YDR363W,YCL032W,1.014535726540089e-07
YDR363W,YJL170C,2.807188684528228e-05
YDR363W,YDR179C,1.563381957225829e-08
YDR363W,YBR095C,6.351416232064366e-06
YDR363W,YLL021W,5.130294198352203e-07
YDR363W,YDL159W,5.238606770596732e-11
YDR363W,YNL161W,1.651539826121387e-13
YDR363W,YNL188W,1.066657091541856e-07
YDR363W,YJL157C,0.07044219970703125
YDR363W,YJL034W,2.1567819145223988e-12
YDR363W,YLR238W,4.056856141687604e-06
YDR363W,YPR141C,5.487097041623201e-06
YDR363W,YNL127W,0.005788508336991072
YDR363W,YCL055W,1.2637605323106982e-05
YDR363W,YPR122W,0.00011197113781236112
YDR363W,YMR065W,0.0007584264385513961
YDR363W,YDR356W,0.9908387064933777
YDR363W,YMR052W,6.676303954122886e-09
YDR363W,YFR008W,1.0793335292191841e-07
YDR363W,YLL043W,1.3666041909221605e-10
YDR363W,YMR029C,0.00011382080265320837
YDR363W,YJR004C,0.0007433188147842884
YDR363W,YDL223C,2.609059457370222e-08
YDR363W,YHR158C,0.045391906052827835
YDR363W,YGR238C,2.1807387839967163e-10
YDR363W,YIL015W,0.035289838910102844
YDR363W,YGL173C,7.350964779107017e-07
YDR363W,YDL225W,0.0021902609150856733
YDR363W,YLR330W,3.1244578622136032e-06
YDR363W,YBR129C,2.241380414602645e-09
YDR363W,YKR095W-A,0.2020167112350464
YDR363W,YPR075C,2.8975025156974255e-10
YDR363W,YMR198W,2.685333622132191e-10
YDR363W,YOR127W,0.00027016832609660923
YDR363W,YDR264C,5.165087801906054e-11
YDR363W,YLR110C,4.03369767809636e-06
YDR363W,YDR379W,1.964768969742181e-08
YDR363W,YDL100C,5.98416863795137e-06
YDR363W,YHR073W,4.6994318159132575e-11
YDR363W,YJR090C,6.465231763286283e-06
YDR363W,YOR208W,0.6133474707603455
YDR363W,YBR040W,0.023076560348272324
YDR363W,YNL279W,0.0004606280417647213
YDR363W,YER075C,0.9981901049613953
YDR363W,YCR089W,1.3992317304811763e-09
YDR363W,YCR002C,1.135087828174619e-07
YDR363W,YJL108C,3.6333335629024077e-07
YDR363W,YBR200W,2.5677071580076927e-09
YDR363W,YIL026C,0.0012400196865200996
YDR363W,YJR076C,4.745968908537179e-06
YDR363W,YKR031C,3.7268410579827105e-08
YDR363W,YPL192C,0.11030576378107071
YDR363W,YHR107C,3.0513074705806886e-11
YDR363W,YIL037C,4.8233464440272655e-06
YDR363W,YPL156C,9.536951984046027e-05
YDR363W,YIL117C,2.4068446791147835e-08
YDR363W,YHR066W,6.916818529134616e-05
YDR363W,YML085C,4.874255166154029e-11
YDR363W,YML047C,0.0003490961389616132
YDR363W,YDR312W,5.041276267547801e-07
YDR363W,YFL037W,1.4590408454751014e-06
YDR363W,YDL038C,0.2020167112350464
YDR363W,YDL039C,2.5600490616284333e-09
YDR363W,YCL027W,1.1506496377933217e-07
YDR363W,YML124C,2.0869000971757146e-11
YDR363W,YGL053W,1.6623150713712675e-06
YDR363W,YMR232W,1.2816787602787372e-05
YDR363W,YNL298W,1.4853141010462423e-06
YDR363W,YGL099W,3.5544319416658254e-06
YDR363W,YBL016W,4.8515372327528894e-05
YDR363W,YAL041W,1.3392731261774315e-06
YDR363W,YDR085C,5.083259748062119e-05
YDR363W,YPL187W,0.0006054005352780223
YDR363W,YPL256C,1.531162752144155e-07
YDR363W,YDR461W,8.901801962224454e-09
YDR363W,YNL145W,0.00015662741498090327
YLR121C,YDL165W,7.3626224548206665e-06
YLR121C,YGR059W,9.479468644713052e-06
YLR121C,YBR109C,2.3627407585991023e-07
YLR121C,YJL080C,4.615911893779412e-05
YLR121C,YCR093W,2.6153907928261333e-09
YLR121C,YIL122W,6.87562715029344e-06
YLR121C,YCL029C,4.982585721791111e-08
YLR121C,YNL173C,0.9999998807907104
YLR121C,YLR452C,4.0450153449000936e-08
YLR121C,YDL160C,4.032030119560659e-05
YLR121C,YLR229C,1.827807500376366e-05
YLR121C,YML057W,2.7597912843901895e-09
YLR121C,YER149C,1.0587833942921065e-09
YLR121C,YMR305C,4.133156039642927e-10
YLR121C,YLR433C,0.007689186837524176
YLR121C,YJL073W,0.00012718352081719786
YLR121C,YGR279C,2.911612895228899e-10
YLR121C,YKL190W,1.2336903637333307e-05
YLR121C,YGL089C,8.261642392426438e-08
YLR121C,YJL019W,0.059882454574108124
YLR121C,YJL018W,0.000257681414950639
YLR121C,YNR032C-A,0.9679930210113525
YLR121C,YGL178W,1.4247053536919907e-09
YLR121C,YKL116C,3.3416447422496276e-06
YLR121C,YDL214C,5.559162673307583e-05
YLR121C,YLR362W,0.0002120391436619684
YLR121C,YER068W,0.00639988761395216
YLR121C,YHR084W,6.0253172705415636e-05
YLR121C,YDR392W,1.0421997103549074e-05
YLR121C,YNL053W,0.00015385889855679125
YLR121C,YGR040W,8.993571043447446e-08
YLR121C,YDL216C,0.015480549074709415
YLR121C,YOL117W,5.569259883486666e-05
YLR121C,YJR086W,1.2058933407388395e-07
YLR121C,YMR025W,3.822973303613253e-05
YLR121C,YBR081C,2.7245494038652396e-07
YLR121C,YFL026W,6.497930826299125e-06
YLR121C,YHL007C,1.064647773153099e-13
YLR121C,YNR044W,0.0014691050164401531
YLR121C,YNL271C,0.0007620034157298505
YLR121C,YDR200C,0.23698534071445465
YLR121C,YKL178C,0.01910768821835518
YLR121C,YOR212W,6.829027360960582e-12
YLR121C,YOL111C,6.744844238681935e-09
YLR121C,YGL032C,3.6851342883892357e-06
YLR121C,YHR005C,0.020372021943330765
YLR121C,YDR103W,0.0001104770926758647
YLR121C,YJR084W,3.4920067264465615e-05
YLR121C,YCL032W,0.0011106737656518817
YLR121C,YJL170C,8.891054676496424e-06
YLR121C,YDR179C,7.768262595686526e-12
YLR121C,YBR095C,3.933365587727167e-05
YLR121C,YLL021W,0.00033922481816262007
YLR121C,YDL159W,2.642038254840884e-10
YLR121C,YNL161W,0.013512684963643551
YLR121C,YNL188W,5.2477794110000406e-14
YLR121C,YJL157C,8.453490130122532e-10
YLR121C,YJL034W,1.5867441731135207e-17
YLR121C,YLR238W,1.3883152405469446e-06
YLR121C,YPR141C,0.010185240767896175
YLR121C,YNL127W,8.032389814616181e-06
YLR121C,YCL055W,7.947912672534585e-05
YLR121C,YPR122W,7.701483895061756e-10
YLR121C,YMR065W,9.63465208769776e-06
YLR121C,YDR356W,1.2307897634400433e-07
YLR121C,YMR052W,2.042018240899779e-05
YLR121C,YFR008W,0.0019254569197073579
YLR121C,YLL043W,4.346940386312781e-06
YLR121C,YMR029C,0.0004678327823057771
YLR121C,YJR004C,6.577788980166588e-09
YLR121C,YDL223C,6.727248619275983e-11
YLR121C,YHR158C,2.6380660074210027e-06
YLR121C,YGR238C,4.322719178162515e-06
YLR121C,YIL015W,0.999996542930603
YLR121C,YGL173C,0.024764182046055794
YLR121C,YDL225W,1.7680216842563823e-05
YLR121C,YLR330W,2.1684090079077123e-09
YLR121C,YBR129C,1.3834076639795967e-07
YLR121C,YKR095W-A,0.2020167112350464
YLR121C,YPR075C,0.0011739726178348064
YLR121C,YMR198W,1.1943104709644103e-06
YLR121C,YOR127W,0.0002567199117038399
YLR121C,YDR264C,3.8685996073262174e-10
YLR121C,YLR110C,4.940787709517558e-11
YLR121C,YDR379W,2.1192073096365505e-10
YLR121C,YDL100C,3.717154868354555e-07
YLR121C,YHR073W,0.00017741360352374613
YLR121C,YJR090C,2.1520991140278056e-06
YLR121C,YOR208W,1.9559286101866746e-07
YLR121C,YBR040W,0.010684267617762089
YLR121C,YNL279W,0.1774357259273529
YLR121C,YER075C,0.9997050166130066
YLR121C,YCR089W,0.006037770304828882
YLR121C,YCR002C,2.8913937910601817e-08
YLR121C,YJL108C,0.0011822815285995603
YLR121C,YBR200W,1.8975955526912003e-06
YLR121C,YIL026C,8.991388078527507e-09
YLR121C,YJR076C,1.309997177401101e-08
YLR121C,YKR031C,7.3441019594611134e-06
YLR121C,YPL192C,9.846801549429074e-05
YLR121C,YHR107C,1.4215390820027096e-06
YLR121C,YIL037C,0.21439659595489502
YLR121C,YPL156C,3.2937423621870465e-11
YLR121C,YIL117C,1.948981491750601e-07
YLR121C,YHR066W,3.1029668418058876e-11
YLR121C,YML085C,6.455119461179493e-08
YLR121C,YML047C,0.3734801113605499
YLR121C,YDR312W,5.006389969253178e-09
YLR121C,YFL037W,5.349389908815283e-08
YLR121C,YDL038C,0.2020167112350464
YLR121C,YDL039C,4.8846615765741574e-18
YLR121C,YCL027W,0.0005070113111287355
YLR121C,YML124C,3.2668247447464882e-12
YLR121C,YGL053W,3.5225961687521123e-13
YLR121C,YMR232W,1.008874193075826e-07
YLR121C,YNL298W,2.151084117940627e-05
YLR121C,YGL099W,2.5478632892372843e-07
YLR121C,YBL016W,1.2223295016156044e-06
YLR121C,YAL041W,0.5894572138786316
YLR121C,YDR085C,1.8889457706339208e-11
YLR121C,YPL187W,0.00016538778436370194
YLR121C,YPL256C,6.696603236377996e-07
YLR121C,YDR461W,9.449338167664957e-23
YLR121C,YNL145W,1.4162117034643984e-09
GRD18,YDL165W,0.2020167112350464
GRD18,YGR059W,0.2020167112350464
GRD18,YBR109C,0.2020167112350464
GRD18,YJL080C,0.2020167112350464
GRD18,YCR093W,0.2020167112350464
GRD18,YIL122W,0.2020167112350464
GRD18,YCL029C,0.2020167112350464
GRD18,YNL173C,0.2020167112350464
GRD18,YLR452C,0.2020167112350464
GRD18,YDL160C,0.2020167112350464
GRD18,YLR229C,0.2020167112350464
GRD18,YML057W,0.2020167112350464
GRD18,YER149C,0.2020167112350464
GRD18,YMR305C,0.2020167112350464
GRD18,YLR433C,0.2020167112350464
GRD18,YJL073W,0.2020167112350464
GRD18,YGR279C,0.2020167112350464
GRD18,YKL190W,0.2020167112350464
GRD18,YGL089C,0.2020167112350464
GRD18,YJL019W,0.2020167112350464
GRD18,YJL018W,0.2020167112350464
GRD18,YNR032C-A,0.2020167112350464
GRD18,YGL178W,0.2020167112350464
GRD18,YKL116C,0.2020167112350464
GRD18,YDL214C,0.2020167112350464
GRD18,YLR362W,0.2020167112350464
GRD18,YER068W,0.2020167112350464
GRD18,YHR084W,0.2020167112350464
GRD18,YDR392W,0.2020167112350464
GRD18,YNL053W,0.2020167112350464
GRD18,YGR040W,0.2020167112350464
GRD18,YDL216C,0.2020167112350464
GRD18,YOL117W,0.2020167112350464
GRD18,YJR086W,0.2020167112350464
GRD18,YMR025W,0.2020167112350464
GRD18,YBR081C,0.2020167112350464
GRD18,YFL026W,0.2020167112350464
GRD18,YHL007C,0.2020167112350464
GRD18,YNR044W,0.2020167112350464
GRD18,YNL271C,0.2020167112350464
GRD18,YDR200C,0.2020167112350464
GRD18,YKL178C,0.2020167112350464
GRD18,YOR212W,0.2020167112350464
GRD18,YOL111C,0.2020167112350464
GRD18,YGL032C,0.2020167112350464
GRD18,YHR005C,0.2020167112350464
GRD18,YDR103W,0.2020167112350464
GRD18,YJR084W,0.2020167112350464
GRD18,YCL032W,0.2020167112350464
GRD18,YJL170C,0.2020167112350464
GRD18,YDR179C,0.2020167112350464
GRD18,YBR095C,0.2020167112350464
GRD18,YLL021W,0.2020167112350464
GRD18,YDL159W,0.2020167112350464
GRD18,YNL161W,0.2020167112350464
GRD18,YNL188W,0.2020167112350464
GRD18,YJL157C,0.2020167112350464
GRD18,YJL034W,0.2020167112350464
GRD18,YLR238W,0.2020167112350464
GRD18,YPR141C,0.2020167112350464
GRD18,YNL127W,0.2020167112350464
GRD18,YCL055W,0.2020167112350464
GRD18,YPR122W,0.2020167112350464
GRD18,YMR065W,0.2020167112350464
GRD18,YDR356W,0.2020167112350464
GRD18,YMR052W,0.2020167112350464
GRD18,YFR008W,0.2020167112350464
GRD18,YLL043W,0.2020167112350464
GRD18,YMR029C,0.2020167112350464
GRD18,YJR004C,0.2020167112350464
GRD18,YDL223C,0.2020167112350464
GRD18,YHR158C,0.2020167112350464
GRD18,YGR238C,0.2020167112350464
GRD18,YIL015W,0.2020167112350464
GRD18,YGL173C,0.2020167112350464
GRD18,YDL225W,0.2020167112350464
GRD18,YLR330W,0.2020167112350464
GRD18,YBR129C,0.2020167112350464
GRD18,YKR095W-A,0.2020167112350464
GRD18,YPR075C,0.2020167112350464
GRD18,YMR198W,0.2020167112350464
GRD18,YOR127W,0.2020167112350464
GRD18,YDR264C,0.2020167112350464
GRD18,YLR110C,0.2020167112350464
GRD18,YDR379W,0.2020167112350464
GRD18,YDL100C,0.2020167112350464
GRD18,YHR073W,0.2020167112350464
GRD18,YJR090C,0.2020167112350464
GRD18,YOR208W,0.2020167112350464
GRD18,YBR040W,0.2020167112350464
GRD18,YNL279W,0.2020167112350464
GRD18,YER075C,0.2020167112350464
GRD18,YCR089W,0.2020167112350464
GRD18,YCR002C,0.2020167112350464
GRD18,YJL108C,0.2020167112350464
GRD18,YBR200W,0.2020167112350464
GRD18,YIL026C,0.2020167112350464
GRD18,YJR076C,0.2020167112350464
GRD18,YKR031C,0.2020167112350464
GRD18,YPL192C,0.2020167112350464
GRD18,YHR107C,0.2020167112350464
GRD18,YIL037C,0.2020167112350464
GRD18,YPL156C,0.2020167112350464
GRD18,YIL117C,0.2020167112350464
GRD18,YHR066W,0.2020167112350464
GRD18,YML085C,0.2020167112350464
GRD18,YML047C,0.2020167112350464
GRD18,YDR312W,0.2020167112350464
GRD18,YFL037W,0.2020167112350464
GRD18,YDL038C,0.2020167112350464
GRD18,YDL039C,0.2020167112350464
GRD18,YCL027W,0.2020167112350464
GRD18,YML124C,0.2020167112350464
GRD18,YGL053W,0.2020167112350464
GRD18,YMR232W,0.2020167112350464
GRD18,YNL298W,0.2020167112350464
GRD18,YGL099W,0.2020167112350464
GRD18,YBL016W,0.2020167112350464
GRD18,YAL041W,0.2020167112350464
GRD18,YDR085C,0.2020167112350464
GRD18,YPL187W,0.2020167112350464
GRD18,YPL256C,0.2020167112350464
GRD18,YDR461W,0.2020167112350464
GRD18,YNL145W,0.2020167112350464
YKL126W,YDL165W,4.8149682697840035e-05
YKL126W,YGR059W,5.978561152001835e-14
YKL126W,YBR109C,0.00012611522106453776
YKL126W,YJL080C,1.1005483884218847e-06
YKL126W,YCR093W,6.164152637211373e-06
YKL126W,YIL122W,6.29695136922237e-07
YKL126W,YCL029C,1.7423357201451495e-09
YKL126W,YNL173C,1.0884136647515419e-10
YKL126W,YLR452C,4.002222340204753e-05
YKL126W,YDL160C,0.6509722471237183
YKL126W,YLR229C,2.3978737398455685e-11
YKL126W,YML057W,1.2756696740612306e-11
YKL126W,YER149C,0.9826532602310181
YKL126W,YMR305C,4.228372176839912e-07
YKL126W,YLR433C,0.0005904425051994622
YKL126W,YJL073W,2.772526945440251e-13
YKL126W,YGR279C,0.7862451672554016
YKL126W,YKL190W,0.027464570477604866
YKL126W,YGL089C,6.915254289197037e-06
YKL126W,YJL019W,0.004019180312752724
YKL126W,YJL018W,0.0004318741266615689
YKL126W,YNR032C-A,3.327770770056304e-08
YKL126W,YGL178W,0.3250010311603546
YKL126W,YKL116C,1.9534735429260763e-07
YKL126W,YDL214C,0.8912989497184753
YKL126W,YLR362W,7.632917800037831e-07
YKL126W,YER068W,3.720887616509572e-05
YKL126W,YHR084W,8.176788413027936e-11
YKL126W,YDR392W,2.7643880457617342e-05
YKL126W,YNL053W,0.3620143532752991
YKL126W,YGR040W,0.05081818997859955
YKL126W,YDL216C,8.774617299422971e-08
YKL126W,YOL117W,0.011053175665438175
YKL126W,YJR086W,5.8520239690551534e-05
YKL126W,YMR025W,5.738215804740321e-06
YKL126W,YBR081C,0.003959040157496929
YKL126W,YFL026W,9.220241931062745e-11
YKL126W,YHL007C,5.501739863689181e-08
YKL126W,YNR044W,7.97082520875847e-06
YKL126W,YNL271C,0.4558089077472687
YKL126W,YDR200C,1.1890538553771535e-09
YKL126W,YKL178C,0.0004884015070274472
YKL126W,YOR212W,2.3251871539287094e-07
YKL126W,YOL111C,4.911449913436172e-09
YKL126W,YGL032C,3.8248511025074095e-09
YKL126W,YHR005C,0.00026961512048728764
YKL126W,YDR103W,0.040022462606430054
YKL126W,YJR084W,0.00010678303806344047
YKL126W,YCL032W,3.5891986271963106e-08
YKL126W,YJL170C,4.4283475290285423e-05
YKL126W,YDR179C,7.137476245588914e-07
YKL126W,YBR095C,0.002254153834655881
YKL126W,YLL021W,5.043266924076306e-07
YKL126W,YDL159W,5.610899620478449e-07
YKL126W,YNL161W,0.006215920206159353
YKL126W,YNL188W,3.412444857531227e-05
YKL126W,YJL157C,4.492319016780044e-11
YKL126W,YJL034W,8.850947352812e-08
YKL126W,YLR238W,2.3741299628454726e-06
YKL126W,YPR141C,6.912005483172834e-05
YKL126W,YNL127W,6.352863692882238e-06
YKL126W,YCL055W,6.2889848884140065e-09
YKL126W,YPR122W,0.023315219208598137
YKL126W,YMR065W,0.004231905099004507
YKL126W,YDR356W,9.595547967311546e-11
YKL126W,YMR052W,1.1204186876057065e-06
YKL126W,YFR008W,6.947830115677789e-07
YKL126W,YLL043W,0.7091739177703857
YKL126W,YMR029C,0.0003529310051817447
YKL126W,YJR004C,3.087954780767177e-07
YKL126W,YDL223C,3.938464149535469e-18
YKL126W,YHR158C,5.558500197366811e-05
YKL126W,YGR238C,3.0312094501105946e-10
YKL126W,YIL015W,0.00021225499222055078
YKL126W,YGL173C,4.112449460080825e-05
YKL126W,YDL225W,0.020116005092859268
YKL126W,YLR330W,2.690812195282888e-08
YKL126W,YBR129C,6.470731023000553e-05
YKL126W,YKR095W-A,0.2020167112350464
YKL126W,YPR075C,2.537230679462016e-13
YKL126W,YMR198W,0.0021082968451082706
YKL126W,YOR127W,0.004408947192132473
YKL126W,YDR264C,0.00011026333959307522
YKL126W,YLR110C,0.1797880083322525
YKL126W,YDR379W,2.871560354833491e-05
YKL126W,YDL100C,0.09112396836280823
YKL126W,YHR073W,6.752181480607078e-09
YKL126W,YJR090C,0.9102017879486084
YKL126W,YOR208W,2.0731144936576157e-14
YKL126W,YBR040W,0.9997908473014832
YKL126W,YNL279W,0.8074232935905457
YKL126W,YER075C,0.955143928527832
YKL126W,YCR089W,7.988077976861518e-10
YKL126W,YCR002C,0.026165451854467392
YKL126W,YJL108C,1.2494868997237063e-06
YKL126W,YBR200W,7.96591120888479e-05
YKL126W,YIL026C,6.552971854034695e-08
YKL126W,YJR076C,2.6758742023957893e-05
YKL126W,YKR031C,1.431340479030041e-05
YKL126W,YPL192C,0.0004479273047763854
YKL126W,YHR107C,3.680069130496122e-05
YKL126W,YIL037C,0.6772763729095459
YKL126W,YPL156C,0.11508015543222427
YKL126W,YIL117C,0.020746778696775436
YKL126W,YHR066W,4.5110569355392126e-21
YKL126W,YML085C,0.0033087253104895353
YKL126W,YML047C,0.5782548785209656
YKL126W,YDR312W,2.8387222907473022e-15
YKL126W,YFL037W,0.005519537720829248
YKL126W,YDL038C,0.2020167112350464
YKL126W,YDL039C,2.1225880428299426e-11
YKL126W,YCL027W,0.7239328026771545
YKL126W,YML124C,8.783840321768821e-09
YKL126W,YGL053W,0.0005283670616336167
YKL126W,YMR232W,3.82626512873685e-06
YKL126W,YNL298W,7.686628417102881e-11
YKL126W,YGL099W,1.8966098951637067e-15
YKL126W,YBL016W,6.145476731944655e-07
YKL126W,YAL041W,0.02000923827290535
YKL126W,YDR085C,4.901883949059993e-05
YKL126W,YPL187W,1.610531441542662e-08
YKL126W,YPL256C,6.211997316540874e-08
YKL126W,YDR461W,4.058792624318455e-17
YKL126W,YNL145W,0.030652280896902084
YBL079W,YDL165W,0.00041923628305085003
YBL079W,YGR059W,4.440261363924947e-06
YBL079W,YBR109C,1.1141033837702707e-06
YBL079W,YJL080C,6.104804128881369e-07
YBL079W,YCR093W,0.10261418670415878
YBL079W,YIL122W,8.244417593061826e-09
YBL079W,YCL029C,1.2205590704805758e-10
YBL079W,YNL173C,0.00022914462897460908
YBL079W,YLR452C,0.0017474987544119358
YBL079W,YDL160C,1.2850895347860103e-10
YBL079W,YLR229C,1.1530486432320686e-07
YBL079W,YML057W,3.0762333869463476e-13
YBL079W,YER149C,0.012247053906321526
YBL079W,YMR305C,3.589055097563687e-08
YBL079W,YLR433C,1.3888052308175247e-06
YBL079W,YJL073W,1.5795224683756715e-08
YBL079W,YGR279C,0.0001470097922720015
YBL079W,YKL190W,0.025417372584342957
YBL079W,YGL089C,0.01905617117881775
YBL079W,YJL019W,0.17389361560344696
YBL079W,YJL018W,0.0022343378514051437
YBL079W,YNR032C-A,3.969370027334662e-06
YBL079W,YGL178W,3.715966911954638e-08
YBL079W,YKL116C,8.30950774854955e-09
YBL079W,YDL214C,1.2754834699535422e-07
YBL079W,YLR362W,0.08419668674468994
YBL079W,YER068W,0.07468283921480179
YBL079W,YHR084W,1.062467254087096e-05
YBL079W,YDR392W,2.26302267947176e-06
YBL079W,YNL053W,0.00090812798589468
YBL079W,YGR040W,1.45754697200573e-07
YBL079W,YDL216C,4.0069076931104064e-05
YBL079W,YOL117W,1.469876304005524e-10
YBL079W,YJR086W,0.08077647536993027
YBL079W,YMR025W,6.505945862045337e-07
YBL079W,YBR081C,0.18118450045585632
YBL079W,YFL026W,0.014251047745347023
YBL079W,YHL007C,4.090871357220749e-07
YBL079W,YNR044W,1.1236400609959674e-07
YBL079W,YNL271C,1.0157884844375076e-07
YBL079W,YDR200C,3.3542862497987214e-12
YBL079W,YKL178C,3.2229716453002766e-05
YBL079W,YOR212W,3.4519791825005086e-07
YBL079W,YOL111C,0.0013487109681591392
YBL079W,YGL032C,3.5424342570422596e-08
YBL079W,YHR005C,0.7967012524604797
YBL079W,YDR103W,0.9978366494178772
YBL079W,YJR084W,0.4063228964805603
YBL079W,YCL032W,6.328687573997627e-11
YBL079W,YJL170C,0.12195228785276413
YBL079W,YDR179C,4.520958611919923e-07
YBL079W,YBR095C,0.00025361080770380795
YBL079W,YLL021W,9.03125680906669e-07
YBL079W,YDL159W,0.00036202117917127907
YBL079W,YNL161W,2.048403985099867e-05
YBL079W,YNL188W,0.1372120976448059
YBL079W,YJL157C,2.1213690359900284e-08
YBL079W,YJL034W,5.056607355058418e-10
YBL079W,YLR238W,0.4991614520549774
YBL079W,YPR141C,1.4754274388906197e-06
YBL079W,YNL127W,0.006855019833892584
YBL079W,YCL055W,1.5652072971050757e-09
YBL079W,YPR122W,0.04266556352376938
YBL079W,YMR065W,0.004763089120388031
YBL079W,YDR356W,4.44740908278618e-05
YBL079W,YMR052W,0.9950096607208252
YBL079W,YFR008W,3.859564401409443e-07
YBL079W,YLL043W,1.0226230187981855e-05
YBL079W,YMR029C,0.8544948697090149
YBL079W,YJR004C,1.8198973822077316e-14
YBL079W,YDL223C,2.786602250938875e-21
YBL079W,YHR158C,6.161509418234346e-07
YBL079W,YGR238C,1.9915712812235142e-07
YBL079W,YIL015W,9.761581543088482e-10
YBL079W,YGL173C,0.1745736449956894
YBL079W,YDL225W,2.5936718884622678e-05
YBL079W,YLR330W,2.4848202428984223e-06
YBL079W,YBR129C,2.5053308490896598e-05
YBL079W,YKR095W-A,0.2020167112350464
YBL079W,YPR075C,8.413669405626933e-08
YBL079W,YMR198W,1.9769072423514444e-06
YBL079W,YOR127W,0.0005473136552609503
YBL079W,YDR264C,0.5858545899391174
YBL079W,YLR110C,0.0021736212074756622
YBL079W,YDR379W,0.00021045259200036526
YBL079W,YDL100C,2.173414849785879e-13
YBL079W,YHR073W,3.0735140654769566e-08
YBL079W,YJR090C,0.32797425985336304
YBL079W,YOR208W,5.310760511911816e-11
YBL079W,YBR040W,0.8822234272956848
YBL079W,YNL279W,0.22001098096370697
YBL079W,YER075C,9.592123387847096e-05
YBL079W,YCR089W,7.263336243568119e-08
YBL079W,YCR002C,0.02466016449034214
YBL079W,YJL108C,0.0037537121679633856
YBL079W,YBR200W,0.030562270432710648
YBL079W,YIL026C,2.557426705607213e-05
YBL079W,YJR076C,3.99423107921848e-08
YBL079W,YKR031C,0.17526988685131073
YBL079W,YPL192C,1.4863201158732409e-06
YBL079W,YHR107C,3.898744438401991e-08
YBL079W,YIL037C,0.009824199602007866
YBL079W,YPL156C,0.9930500984191895
YBL079W,YIL117C,2.0187144400551915e-06
YBL079W,YHR066W,1.8714578775558266e-09
YBL079W,YML085C,2.6328774765715934e-05
YBL079W,YML047C,1.36403568831156e-05
YBL079W,YDR312W,2.3931565920065623e-06
YBL079W,YFL037W,0.0009764466667547822
YBL079W,YDL038C,0.2020167112350464
YBL079W,YDL039C,1.218421474824538e-10
YBL079W,YCL027W,2.0012318202589086e-07
YBL079W,YML124C,1.362866796413703e-13
YBL079W,YGL053W,2.6216340209828104e-09
YBL079W,YMR232W,1.2112397307362244e-08
YBL079W,YNL298W,0.9548401832580566
YBL079W,YGL099W,6.619900432269787e-06
YBL079W,YBL016W,2.450769720496737e-08
YBL079W,YAL041W,0.00011570289643714204
YBL079W,YDR085C,6.154703413585594e-08
YBL079W,YPL187W,0.011178120039403439
YBL079W,YPL256C,3.698421777165173e-13
YBL079W,YDR461W,1.1679964018185274e-07
YBL079W,YNL145W,2.8204011798564285e-14
YMR069W,YDL165W,3.4018848849015626e-10
YMR069W,YGR059W,9.71734637200683e-11
YMR069W,YBR109C,1.263625563296955e-05
YMR069W,YJL080C,0.0008833353640511632
YMR069W,YCR093W,6.870930907565409e-11
YMR069W,YIL122W,2.8533918339235242e-06
YMR069W,YCL029C,2.3928278096718714e-05
YMR069W,YNL173C,5.6493361100251605e-09
YMR069W,YLR452C,1.2008706562482985e-06
YMR069W,YDL160C,2.027029267992475e-06
YMR069W,YLR229C,3.187527181580663e-05
YMR069W,YML057W,1.1402316590913841e-11
YMR069W,YER149C,5.4289194667545004e-11
YMR069W,YMR305C,3.1975369574333e-10
YMR069W,YLR433C,0.029423626139760017
YMR069W,YJL073W,1.6510611508622347e-13
YMR069W,YGR279C,3.301738327188275e-10
YMR069W,YKL190W,0.46693822741508484
YMR069W,YGL089C,5.762877397508248e-10
YMR069W,YJL019W,4.562199507063269e-08
YMR069W,YJL018W,0.0001365241623716429
YMR069W,YNR032C-A,5.6134947953978553e-05
YMR069W,YGL178W,6.607330305996584e-06
YMR069W,YKL116C,7.215842368069048e-10
YMR069W,YDL214C,1.318839167652186e-06
YMR069W,YLR362W,6.275931996313489e-10
YMR069W,YER068W,5.655553269082701e-14
YMR069W,YHR084W,9.83840564572347e-10
YMR069W,YDR392W,3.170029287957732e-07
YMR069W,YNL053W,0.00021189059771131724
YMR069W,YGR040W,2.4316918825206812e-06
YMR069W,YDL216C,9.925121958076488e-06
YMR069W,YOL117W,4.17417850284707e-10
YMR069W,YJR086W,7.730214690582216e-09
YMR069W,YMR025W,0.0009209009003825486
YMR069W,YBR081C,1.732657767261614e-10
YMR069W,YFL026W,6.085412122130984e-12
YMR069W,YHL007C,1.0195225996767476e-08
YMR069W,YNR044W,5.910419931254296e-10
YMR069W,YNL271C,2.3876760568697364e-09
YMR069W,YDR200C,4.9255241663104243e-08
YMR069W,YKL178C,4.588702751107121e-08
YMR069W,YOR212W,2.9127804226751486e-13
YMR069W,YOL111C,1.3889982913850574e-11
YMR069W,YGL032C,9.63887969440691e-10
YMR069W,YHR005C,2.169501991250433e-12
YMR069W,YDR103W,2.586350911215618e-09
YMR069W,YJR084W,5.793488741296502e-19
YMR069W,YCL032W,1.2935719162499026e-09
YMR069W,YJL170C,1.1373104825906921e-05
YMR069W,YDR179C,2.6199084459221922e-05
YMR069W,YBR095C,2.312569617291487e-16
YMR069W,YLL021W,3.1519483746113297e-13
YMR069W,YDL159W,1.7009120711009018e-05
YMR069W,YNL161W,1.3503420603910854e-11
YMR069W,YNL188W,3.23956726333563e-07
YMR069W,YJL157C,2.878566742609001e-12
YMR069W,YJL034W,4.6541107079356436e-10
YMR069W,YLR238W,3.415948635066002e-10
YMR069W,YPR141C,8.914922489111632e-08
YMR069W,YNL127W,7.777960126986727e-05
YMR069W,YCL055W,1.639896829441767e-10
YMR069W,YPR122W,1.2364327339753345e-08
YMR069W,YMR065W,5.235365918565549e-09
YMR069W,YDR356W,5.070923680960959e-09
YMR069W,YMR052W,1.3000393817019784e-10
YMR069W,YFR008W,9.258492410235686e-13
YMR069W,YLL043W,3.913575028491323e-07
YMR069W,YMR029C,4.4132068666158375e-08
YMR069W,YJR004C,9.573926096351215e-10
YMR069W,YDL223C,7.228832532568674e-10
YMR069W,YHR158C,5.349752307814981e-10
YMR069W,YGR238C,4.556919945553073e-12
YMR069W,YIL015W,8.696845839040179e-07
YMR069W,YGL173C,1.6998654274544972e-13
YMR069W,YDL225W,1.9343378880876116e-06
YMR069W,YLR330W,2.0532723965516197e-07
YMR069W,YBR129C,2.1087460666535662e-08
YMR069W,YKR095W-A,0.2020167112350464
YMR069W,YPR075C,1.794397235244105e-07
YMR069W,YMR198W,7.09391798636716e-08
YMR069W,YOR127W,1.5210920023545071e-10
YMR069W,YDR264C,1.8104509861768814e-12
YMR069W,YLR110C,1.6423718989244662e-06
YMR069W,YDR379W,2.0940390754731197e-07
YMR069W,YDL100C,7.532157906098291e-05
YMR069W,YHR073W,1.4206423537554969e-10
YMR069W,YJR090C,1.7552807623187616e-13
YMR069W,YOR208W,1.2711239833151922e-05
YMR069W,YBR040W,3.2585045772748344e-08
YMR069W,YNL279W,1.6559314683362025e-12
YMR069W,YER075C,1.516875158813491e-08
YMR069W,YCR089W,2.2314787517796475e-10
YMR069W,YCR002C,1.495632719235307e-12
YMR069W,YJL108C,4.494707991214986e-12
YMR069W,YBR200W,7.574128803799433e-15
YMR069W,YIL026C,1.778659708406849e-07
YMR069W,YJR076C,2.365401430282077e-09
YMR069W,YKR031C,2.8884050706778908e-09
YMR069W,YPL192C,8.273668936269746e-17
YMR069W,YHR107C,2.933120697434788e-07
YMR069W,YIL037C,2.4620986138756962e-08
YMR069W,YPL156C,1.1309181502383581e-07
YMR069W,YIL117C,3.220843840725661e-15
YMR069W,YHR066W,5.685615981581301e-27
YMR069W,YML085C,3.720942165497121e-10
YMR069W,YML047C,1.0642525971604755e-08
YMR069W,YDR312W,2.7403792046243325e-05
YMR069W,YFL037W,1.7489426682004705e-05
YMR069W,YDL038C,0.2020167112350464
YMR069W,YDL039C,6.299408283894081e-08
YMR069W,YCL027W,6.012748458850137e-12
YMR069W,YML124C,6.450196821106147e-08
YMR069W,YGL053W,5.513647871602245e-10
YMR069W,YMR232W,7.750318165022918e-10
YMR069W,YNL298W,1.2208860425744206e-05
YMR069W,YGL099W,3.442066347235823e-16
YMR069W,YBL016W,8.819454430544597e-15
YMR069W,YAL041W,3.450074601007991e-11
YMR069W,YDR085C,5.243682224542745e-12
YMR069W,YPL187W,3.873889924121965e-12
YMR069W,YPL256C,0.000964997976552695
YMR069W,YDR461W,8.643835371913156e-07
YMR069W,YNL145W,3.8056878111092374e-05
YDL058W,YDL165W,1.493145305175858e-06
YDL058W,YGR059W,4.305270362436886e-09
YDL058W,YBR109C,2.5321494945274026e-07
YDL058W,YJL080C,0.9967585206031799
YDL058W,YCR093W,7.3069368333733564e-09
YDL058W,YIL122W,3.8857965733996025e-08
YDL058W,YCL029C,1.2895446429433965e-12
YDL058W,YNL173C,7.692264603065269e-10
YDL058W,YLR452C,0.9992271661758423
YDL058W,YDL160C,4.142938450968359e-06
YDL058W,YLR229C,1.4625660404998797e-10
YDL058W,YML057W,2.1973538135257927e-16
YDL058W,YER149C,0.20881913602352142
YDL058W,YMR305C,1.0331849958911121e-11
YDL058W,YLR433C,0.03854573145508766
YDL058W,YJL073W,1.28814420463641e-07
YDL058W,YGR279C,6.598006585534222e-09
YDL058W,YKL190W,0.009663643315434456
YDL058W,YGL089C,1.316796988248825e-05
YDL058W,YJL019W,1.3428349348032498e-06
YDL058W,YJL018W,0.2020167112350464
YDL058W,YNR032C-A,0.03640231490135193
YDL058W,YGL178W,6.358979098494699e-13
YDL058W,YKL116C,4.3302429730829317e-07
YDL058W,YDL214C,4.260759212115772e-08
YDL058W,YLR362W,8.038229908182207e-16
YDL058W,YER068W,3.0790801019975333e-07
YDL058W,YHR084W,5.5512905383636735e-09
YDL058W,YDR392W,6.061230806153617e-07
YDL058W,YNL053W,2.8295132779021515e-06
YDL058W,YGR040W,0.4478074312210083
YDL058W,YDL216C,3.290892836016468e-10
YDL058W,YOL117W,7.205697635589308e-16
YDL058W,YJR086W,0.0009082979522645473
YDL058W,YMR025W,0.009855271317064762
YDL058W,YBR081C,0.5738961696624756
YDL058W,YFL026W,0.9994381070137024
YDL058W,YHL007C,0.2918716371059418
YDL058W,YNR044W,0.001818727352656424
YDL058W,YNL271C,0.9999877214431763
YDL058W,YDR200C,1.5866233127326268e-07
YDL058W,YKL178C,5.306140948846405e-08
YDL058W,YOR212W,0.9985339641571045
YDL058W,YOL111C,1.742620631128844e-10
YDL058W,YGL032C,1.9841048924718052e-05
YDL058W,YHR005C,0.6025901436805725
YDL058W,YDR103W,0.006937350146472454
YDL058W,YJR084W,8.862822653554758e-08
YDL058W,YCL032W,0.0002219562156824395
YDL058W,YJL170C,0.004771346691995859
YDL058W,YDR179C,5.6367143770330586e-06
YDL058W,YBR095C,6.844930733329591e-10
YDL058W,YLL021W,0.8854658603668213
YDL058W,YDL159W,1.3318810054840924e-08
YDL058W,YNL161W,0.03819270431995392
YDL058W,YNL188W,0.0397750660777092
YDL058W,YJL157C,0.002854877384379506
YDL058W,YJL034W,8.316193870691602e-14
YDL058W,YLR238W,1.7584199374365284e-10
YDL058W,YPR141C,0.9145799875259399
YDL058W,YNL127W,1.3193930392674247e-08
YDL058W,YCL055W,3.5379613905206497e-07
YDL058W,YPR122W,0.0015637752367183566
YDL058W,YMR065W,0.0006582534406334162
YDL058W,YDR356W,5.208817128732335e-06
YDL058W,YMR052W,2.07773953597723e-09
YDL058W,YFR008W,5.337583153242065e-10
YDL058W,YLL043W,0.0004715437244158238
YDL058W,YMR029C,3.20430508793379e-08
YDL058W,YJR004C,1.1807993344496899e-14
YDL058W,YDL223C,5.185800677764973e-10
YDL058W,YHR158C,0.9992815852165222
YDL058W,YGR238C,1.9215189439591995e-08
YDL058W,YIL015W,0.998892605304718
YDL058W,YGL173C,0.9972639083862305
YDL058W,YDL225W,0.9995618462562561
YDL058W,YLR330W,1.2480390332303415e-10
YDL058W,YBR129C,0.0006294933846220374
YDL058W,YKR095W-A,0.2020167112350464
YDL058W,YPR075C,2.3284815915680657e-12
YDL058W,YMR198W,0.00016748817870393395
YDL058W,YOR127W,0.016379408538341522
YDL058W,YDR264C,4.509581330580659e-08
YDL058W,YLR110C,0.007389494217932224
YDL058W,YDR379W,0.000663247425109148
YDL058W,YDL100C,0.0009674559696577489
YDL058W,YHR073W,1.8020750758296344e-07
YDL058W,YJR090C,1.9405686657592014e-07
YDL058W,YOR208W,3.6968267336234817e-10
YDL058W,YBR040W,8.21411845208786e-07
YDL058W,YNL279W,0.01229170523583889
YDL058W,YER075C,3.943209594581276e-05
YDL058W,YCR089W,0.0017954978393390775
YDL058W,YCR002C,6.276422209339216e-05
YDL058W,YJL108C,4.905535320176568e-07
YDL058W,YBR200W,1.267734289940592e-13
YDL058W,YIL026C,0.18083511292934418
YDL058W,YJR076C,0.00014548475155606866
YDL058W,YKR031C,6.701907750539249e-06
YDL058W,YPL192C,0.003681052476167679
YDL058W,YHR107C,2.0253364709788e-06
YDL058W,YIL037C,6.880553883092944e-06
YDL058W,YPL156C,0.0076899356208741665
YDL058W,YIL117C,2.8969116101507097e-06
YDL058W,YHR066W,2.398637538592041e-11
YDL058W,YML085C,0.00016016035806387663
YDL058W,YML047C,0.004709299653768539
YDL058W,YDR312W,0.9999097585678101
YDL058W,YFL037W,0.015047518536448479
YDL058W,YDL038C,0.2020167112350464
YDL058W,YDL039C,3.07900871465705e-10
YDL058W,YCL027W,0.9667099118232727
YDL058W,YML124C,5.024083926663536e-10
YDL058W,YGL053W,5.019783770876529e-07
YDL058W,YMR232W,3.2785919756861404e-05
YDL058W,YNL298W,0.949670672416687
YDL058W,YGL099W,0.0005727813113480806
YDL058W,YBL016W,1.1760939777616386e-08
YDL058W,YAL041W,0.05889881029725075
YDL058W,YDR085C,2.901500983920613e-10
YDL058W,YPL187W,0.0016938191838562489
YDL058W,YPL256C,0.0006664241082035005
YDL058W,YDR461W,5.028063014833606e-07
YDL058W,YNL145W,4.052737949677976e-06
tL(CAA)C,YDL165W,0.2020167112350464
tL(CAA)C,YGR059W,0.2020167112350464
tL(CAA)C,YBR109C,0.2020167112350464
tL(CAA)C,YJL080C,0.2020167112350464
tL(CAA)C,YCR093W,0.2020167112350464
tL(CAA)C,YIL122W,0.2020167112350464
tL(CAA)C,YCL029C,0.2020167112350464
tL(CAA)C,YNL173C,0.2020167112350464
tL(CAA)C,YLR452C,0.2020167112350464
tL(CAA)C,YDL160C,0.2020167112350464
tL(CAA)C,YLR229C,0.2020167112350464
tL(CAA)C,YML057W,0.2020167112350464
tL(CAA)C,YER149C,0.2020167112350464
tL(CAA)C,YMR305C,0.2020167112350464
tL(CAA)C,YLR433C,0.2020167112350464
tL(CAA)C,YJL073W,0.2020167112350464
tL(CAA)C,YGR279C,0.2020167112350464
tL(CAA)C,YKL190W,0.2020167112350464
tL(CAA)C,YGL089C,0.2020167112350464
tL(CAA)C,YJL019W,0.2020167112350464
tL(CAA)C,YJL018W,0.2020167112350464
tL(CAA)C,YNR032C-A,0.2020167112350464
tL(CAA)C,YGL178W,0.2020167112350464
tL(CAA)C,YKL116C,0.2020167112350464
tL(CAA)C,YDL214C,0.2020167112350464
tL(CAA)C,YLR362W,0.2020167112350464
tL(CAA)C,YER068W,0.2020167112350464
tL(CAA)C,YHR084W,0.2020167112350464
tL(CAA)C,YDR392W,0.2020167112350464
tL(CAA)C,YNL053W,0.2020167112350464
tL(CAA)C,YGR040W,0.2020167112350464
tL(CAA)C,YDL216C,0.2020167112350464
tL(CAA)C,YOL117W,0.2020167112350464
tL(CAA)C,YJR086W,0.2020167112350464
tL(CAA)C,YMR025W,0.2020167112350464
tL(CAA)C,YBR081C,0.2020167112350464
tL(CAA)C,YFL026W,0.2020167112350464
tL(CAA)C,YHL007C,0.2020167112350464
tL(CAA)C,YNR044W,0.2020167112350464
tL(CAA)C,YNL271C,0.2020167112350464
tL(CAA)C,YDR200C,0.2020167112350464
tL(CAA)C,YKL178C,0.2020167112350464
tL(CAA)C,YOR212W,0.2020167112350464
tL(CAA)C,YOL111C,0.2020167112350464
tL(CAA)C,YGL032C,0.2020167112350464
tL(CAA)C,YHR005C,0.2020167112350464
tL(CAA)C,YDR103W,0.2020167112350464
tL(CAA)C,YJR084W,0.2020167112350464
tL(CAA)C,YCL032W,0.2020167112350464
tL(CAA)C,YJL170C,0.2020167112350464
tL(CAA)C,YDR179C,0.2020167112350464
tL(CAA)C,YBR095C,0.2020167112350464
tL(CAA)C,YLL021W,0.2020167112350464
tL(CAA)C,YDL159W,0.2020167112350464
tL(CAA)C,YNL161W,0.2020167112350464
tL(CAA)C,YNL188W,0.2020167112350464
tL(CAA)C,YJL157C,0.2020167112350464
tL(CAA)C,YJL034W,0.2020167112350464
tL(CAA)C,YLR238W,0.2020167112350464
tL(CAA)C,YPR141C,0.2020167112350464
tL(CAA)C,YNL127W,0.2020167112350464
tL(CAA)C,YCL055W,0.2020167112350464
tL(CAA)C,YPR122W,0.2020167112350464
tL(CAA)C,YMR065W,0.2020167112350464
tL(CAA)C,YDR356W,0.2020167112350464
tL(CAA)C,YMR052W,0.2020167112350464
tL(CAA)C,YFR008W,0.2020167112350464
tL(CAA)C,YLL043W,0.2020167112350464
tL(CAA)C,YMR029C,0.2020167112350464
tL(CAA)C,YJR004C,0.2020167112350464
tL(CAA)C,YDL223C,0.2020167112350464
tL(CAA)C,YHR158C,0.2020167112350464
tL(CAA)C,YGR238C,0.2020167112350464
tL(CAA)C,YIL015W,0.2020167112350464
tL(CAA)C,YGL173C,0.2020167112350464
tL(CAA)C,YDL225W,0.2020167112350464
tL(CAA)C,YLR330W,0.2020167112350464
tL(CAA)C,YBR129C,0.2020167112350464
tL(CAA)C,YKR095W-A,0.2020167112350464
tL(CAA)C,YPR075C,0.2020167112350464
tL(CAA)C,YMR198W,0.2020167112350464
tL(CAA)C,YOR127W,0.2020167112350464
tL(CAA)C,YDR264C,0.2020167112350464
tL(CAA)C,YLR110C,0.2020167112350464
tL(CAA)C,YDR379W,0.2020167112350464
tL(CAA)C,YDL100C,0.2020167112350464
tL(CAA)C,YHR073W,0.2020167112350464
tL(CAA)C,YJR090C,0.2020167112350464
tL(CAA)C,YOR208W,0.2020167112350464
tL(CAA)C,YBR040W,0.2020167112350464
tL(CAA)C,YNL279W,0.2020167112350464
tL(CAA)C,YER075C,0.2020167112350464
tL(CAA)C,YCR089W,0.2020167112350464
tL(CAA)C,YCR002C,0.2020167112350464
tL(CAA)C,YJL108C,0.2020167112350464
tL(CAA)C,YBR200W,0.2020167112350464
tL(CAA)C,YIL026C,0.2020167112350464
tL(CAA)C,YJR076C,0.2020167112350464
tL(CAA)C,YKR031C,0.2020167112350464
tL(CAA)C,YPL192C,0.2020167112350464
tL(CAA)C,YHR107C,0.2020167112350464
tL(CAA)C,YIL037C,0.2020167112350464
tL(CAA)C,YPL156C,0.2020167112350464
tL(CAA)C,YIL117C,0.2020167112350464
tL(CAA)C,YHR066W,0.2020167112350464
tL(CAA)C,YML085C,0.2020167112350464
tL(CAA)C,YML047C,0.2020167112350464
tL(CAA)C,YDR312W,0.2020167112350464
tL(CAA)C,YFL037W,0.2020167112350464
tL(CAA)C,YDL038C,0.2020167112350464
tL(CAA)C,YDL039C,0.2020167112350464
tL(CAA)C,YCL027W,0.2020167112350464
tL(CAA)C,YML124C,0.2020167112350464
tL(CAA)C,YGL053W,0.2020167112350464
tL(CAA)C,YMR232W,0.2020167112350464
tL(CAA)C,YNL298W,0.2020167112350464
tL(CAA)C,YGL099W,0.2020167112350464
tL(CAA)C,YBL016W,0.2020167112350464
tL(CAA)C,YAL041W,0.2020167112350464
tL(CAA)C,YDR085C,0.2020167112350464
tL(CAA)C,YPL187W,0.2020167112350464
tL(CAA)C,YPL256C,0.2020167112350464
tL(CAA)C,YDR461W,0.2020167112350464
tL(CAA)C,YNL145W,0.2020167112350464
YDL225W,YDL165W,0.999957799911499
YDL225W,YGR059W,0.002118100877851248
YDL225W,YBR109C,0.9992258548736572
YDL225W,YJL080C,0.9992966651916504
YDL225W,YCR093W,0.9972653388977051
YDL225W,YIL122W,0.9907859563827515
YDL225W,YCL029C,9.055343980435282e-06
YDL225W,YNL173C,0.9992550015449524
YDL225W,YLR452C,0.9998539686203003
YDL225W,YDL160C,0.9998955726623535
YDL225W,YLR229C,0.9997028708457947
YDL225W,YML057W,4.0052727854344994e-05
YDL225W,YER149C,0.9999768733978271
YDL225W,YMR305C,0.9884019494056702
YDL225W,YLR433C,0.9993811845779419
YDL225W,YJL073W,6.273963748526512e-08
YDL225W,YGR279C,0.9999994039535522
YDL225W,YKL190W,0.9993608593940735
YDL225W,YGL089C,0.9946229457855225
YDL225W,YJL019W,0.9999829530715942
YDL225W,YJL018W,0.000131372464238666
YDL225W,YNR032C-A,0.990050733089447
YDL225W,YGL178W,0.9990814924240112
YDL225W,YKL116C,2.1299072727742896e-08
YDL225W,YDL214C,0.9997437596321106
YDL225W,YLR362W,0.999383807182312
YDL225W,YER068W,0.11477875709533691
YDL225W,YHR084W,0.02245219610631466
YDL225W,YDR392W,0.9961156845092773
YDL225W,YNL053W,0.9998396635055542
YDL225W,YGR040W,0.9991387128829956
YDL225W,YDL216C,0.9935665726661682
YDL225W,YOL117W,0.9932378530502319
YDL225W,YJR086W,0.999707043170929
YDL225W,YMR025W,0.9985992312431335
YDL225W,YBR081C,0.8764138221740723
YDL225W,YFL026W,0.9231880307197571
YDL225W,YHL007C,0.9744700789451599
YDL225W,YNR044W,0.9999727010726929
YDL225W,YNL271C,0.9962311387062073
YDL225W,YDR200C,0.9977959394454956
YDL225W,YKL178C,0.9999336004257202
YDL225W,YOR212W,0.9995772242546082
YDL225W,YOL111C,7.409169597849541e-07
YDL225W,YGL032C,1.6105801478261128e-05
YDL225W,YHR005C,0.9987910389900208
YDL225W,YDR103W,0.9983758926391602
YDL225W,YJR084W,0.9999639987945557
YDL225W,YCL032W,0.9996562004089355
YDL225W,YJL170C,0.9995519518852234
YDL225W,YDR179C,0.09932626038789749
YDL225W,YBR095C,0.9967795014381409
YDL225W,YLL021W,0.9985559582710266
YDL225W,YDL159W,0.06273132562637329
YDL225W,YNL161W,0.999666690826416
YDL225W,YNL188W,0.946815550327301
YDL225W,YJL157C,0.05692334845662117
YDL225W,YJL034W,2.4060878445197886e-07
YDL225W,YLR238W,0.9998130202293396
YDL225W,YPR141C,0.9999158382415771
YDL225W,YNL127W,0.9976624250411987
YDL225W,YCL055W,0.15932753682136536
YDL225W,YPR122W,0.999954342842102
YDL225W,YMR065W,0.9995473027229309
YDL225W,YDR356W,0.9987143278121948
YDL225W,YMR052W,0.9992021918296814
YDL225W,YFR008W,0.936499297618866
YDL225W,YLL043W,0.9980506896972656
YDL225W,YMR029C,0.9887686967849731
YDL225W,YJR004C,0.35445448756217957
YDL225W,YDL223C,2.3844753949120445e-10
YDL225W,YHR158C,0.996636152267456
YDL225W,YGR238C,2.5418322024961526e-07
YDL225W,YIL015W,0.9979165196418762
YDL225W,YGL173C,0.9916887879371643
YDL225W,YLR330W,0.01448932196944952
YDL225W,YBR129C,0.9970851540565491
YDL225W,YKR095W-A,0.2020167112350464
YDL225W,YPR075C,0.0012064885813742876
YDL225W,YMR198W,0.9983774423599243
YDL225W,YOR127W,0.9891394972801208
YDL225W,YDR264C,0.9966318011283875
YDL225W,YLR110C,0.9999818801879883
YDL225W,YDR379W,0.9990002512931824
YDL225W,YDL100C,0.9945259690284729
YDL225W,YHR073W,0.9897266030311584
YDL225W,YJR090C,0.9963816404342651
YDL225W,YOR208W,0.997458279132843
YDL225W,YBR040W,0.9982770681381226
YDL225W,YNL279W,0.9995299577713013
YDL225W,YER075C,0.9971083998680115
YDL225W,YCR089W,0.0005349258426576853
YDL225W,YCR002C,0.9993829727172852
YDL225W,YJL108C,0.9999518394470215
YDL225W,YBR200W,3.043654714929289e-07
YDL225W,YIL026C,0.9995782971382141
YDL225W,YJR076C,0.9975027441978455
YDL225W,YKR031C,0.996217668056488
YDL225W,YPL192C,0.8670501708984375
YDL225W,YHR107C,0.9927701354026794
YDL225W,YIL037C,0.004242346156388521
YDL225W,YPL156C,0.999977707862854
YDL225W,YIL117C,0.9999027252197266
YDL225W,YHR066W,2.17464730667416e-06
YDL225W,YML085C,0.9985429048538208
YDL225W,YML047C,0.9994489550590515
YDL225W,YDR312W,0.992730438709259
YDL225W,YFL037W,0.9998557567596436
YDL225W,YDL038C,0.2020167112350464
YDL225W,YDL039C,9.109061161610699e-13
YDL225W,YCL027W,0.9992475509643555
YDL225W,YML124C,0.10169592499732971
YDL225W,YGL053W,0.9999769926071167
YDL225W,YMR232W,0.9976546168327332
YDL225W,YNL298W,0.9963067770004272
YDL225W,YGL099W,0.26625052094459534
YDL225W,YBL016W,7.764720851931425e-16
YDL225W,YAL041W,0.9953656196594238
YDL225W,YDR085C,0.9946786165237427
YDL225W,YPL187W,0.9978893399238586
YDL225W,YPL256C,5.994850198476342e-07
YDL225W,YDR461W,0.0001910527644213289
YDL225W,YNL145W,0.00014909572200849652
tT(AGU)N1,YDL165W,0.2020167112350464
tT(AGU)N1,YGR059W,0.2020167112350464
tT(AGU)N1,YBR109C,0.2020167112350464
tT(AGU)N1,YJL080C,0.2020167112350464
tT(AGU)N1,YCR093W,0.2020167112350464
tT(AGU)N1,YIL122W,0.2020167112350464
tT(AGU)N1,YCL029C,0.2020167112350464
tT(AGU)N1,YNL173C,0.2020167112350464
tT(AGU)N1,YLR452C,0.2020167112350464
tT(AGU)N1,YDL160C,0.2020167112350464
tT(AGU)N1,YLR229C,0.2020167112350464
tT(AGU)N1,YML057W,0.2020167112350464
tT(AGU)N1,YER149C,0.2020167112350464
tT(AGU)N1,YMR305C,0.2020167112350464
tT(AGU)N1,YLR433C,0.2020167112350464
tT(AGU)N1,YJL073W,0.2020167112350464
tT(AGU)N1,YGR279C,0.2020167112350464
tT(AGU)N1,YKL190W,0.2020167112350464
tT(AGU)N1,YGL089C,0.2020167112350464
tT(AGU)N1,YJL019W,0.2020167112350464
tT(AGU)N1,YJL018W,0.2020167112350464
tT(AGU)N1,YNR032C-A,0.2020167112350464
tT(AGU)N1,YGL178W,0.2020167112350464
tT(AGU)N1,YKL116C,0.2020167112350464
tT(AGU)N1,YDL214C,0.2020167112350464
tT(AGU)N1,YLR362W,0.2020167112350464
tT(AGU)N1,YER068W,0.2020167112350464
tT(AGU)N1,YHR084W,0.2020167112350464
tT(AGU)N1,YDR392W,0.2020167112350464
tT(AGU)N1,YNL053W,0.2020167112350464
tT(AGU)N1,YGR040W,0.2020167112350464
tT(AGU)N1,YDL216C,0.2020167112350464
tT(AGU)N1,YOL117W,0.2020167112350464
tT(AGU)N1,YJR086W,0.2020167112350464
tT(AGU)N1,YMR025W,0.2020167112350464
tT(AGU)N1,YBR081C,0.2020167112350464
tT(AGU)N1,YFL026W,0.2020167112350464
tT(AGU)N1,YHL007C,0.2020167112350464
tT(AGU)N1,YNR044W,0.2020167112350464
tT(AGU)N1,YNL271C,0.2020167112350464
tT(AGU)N1,YDR200C,0.2020167112350464
tT(AGU)N1,YKL178C,0.2020167112350464
tT(AGU)N1,YOR212W,0.2020167112350464
tT(AGU)N1,YOL111C,0.2020167112350464
tT(AGU)N1,YGL032C,0.2020167112350464
tT(AGU)N1,YHR005C,0.2020167112350464
tT(AGU)N1,YDR103W,0.2020167112350464
tT(AGU)N1,YJR084W,0.2020167112350464
tT(AGU)N1,YCL032W,0.2020167112350464
tT(AGU)N1,YJL170C,0.2020167112350464
tT(AGU)N1,YDR179C,0.2020167112350464
tT(AGU)N1,YBR095C,0.2020167112350464
tT(AGU)N1,YLL021W,0.2020167112350464
tT(AGU)N1,YDL159W,0.2020167112350464
tT(AGU)N1,YNL161W,0.2020167112350464
tT(AGU)N1,YNL188W,0.2020167112350464
tT(AGU)N1,YJL157C,0.2020167112350464
tT(AGU)N1,YJL034W,0.2020167112350464
tT(AGU)N1,YLR238W,0.2020167112350464
tT(AGU)N1,YPR141C,0.2020167112350464
tT(AGU)N1,YNL127W,0.2020167112350464
tT(AGU)N1,YCL055W,0.2020167112350464
tT(AGU)N1,YPR122W,0.2020167112350464
tT(AGU)N1,YMR065W,0.2020167112350464
tT(AGU)N1,YDR356W,0.2020167112350464
tT(AGU)N1,YMR052W,0.2020167112350464
tT(AGU)N1,YFR008W,0.2020167112350464
tT(AGU)N1,YLL043W,0.2020167112350464
tT(AGU)N1,YMR029C,0.2020167112350464
tT(AGU)N1,YJR004C,0.2020167112350464
tT(AGU)N1,YDL223C,0.2020167112350464
tT(AGU)N1,YHR158C,0.2020167112350464
tT(AGU)N1,YGR238C,0.2020167112350464
tT(AGU)N1,YIL015W,0.2020167112350464
tT(AGU)N1,YGL173C,0.2020167112350464
tT(AGU)N1,YDL225W,0.2020167112350464
tT(AGU)N1,YLR330W,0.2020167112350464
tT(AGU)N1,YBR129C,0.2020167112350464
tT(AGU)N1,YKR095W-A,0.2020167112350464
tT(AGU)N1,YPR075C,0.2020167112350464
tT(AGU)N1,YMR198W,0.2020167112350464
tT(AGU)N1,YOR127W,0.2020167112350464
tT(AGU)N1,YDR264C,0.2020167112350464
tT(AGU)N1,YLR110C,0.2020167112350464
tT(AGU)N1,YDR379W,0.2020167112350464
tT(AGU)N1,YDL100C,0.2020167112350464
tT(AGU)N1,YHR073W,0.2020167112350464
tT(AGU)N1,YJR090C,0.2020167112350464
tT(AGU)N1,YOR208W,0.2020167112350464
tT(AGU)N1,YBR040W,0.2020167112350464
tT(AGU)N1,YNL279W,0.2020167112350464
tT(AGU)N1,YER075C,0.2020167112350464
tT(AGU)N1,YCR089W,0.2020167112350464
tT(AGU)N1,YCR002C,0.2020167112350464
tT(AGU)N1,YJL108C,0.2020167112350464
tT(AGU)N1,YBR200W,0.2020167112350464
tT(AGU)N1,YIL026C,0.2020167112350464
tT(AGU)N1,YJR076C,0.2020167112350464
tT(AGU)N1,YKR031C,0.2020167112350464
tT(AGU)N1,YPL192C,0.2020167112350464
tT(AGU)N1,YHR107C,0.2020167112350464
tT(AGU)N1,YIL037C,0.2020167112350464
tT(AGU)N1,YPL156C,0.2020167112350464
tT(AGU)N1,YIL117C,0.2020167112350464
tT(AGU)N1,YHR066W,0.2020167112350464
tT(AGU)N1,YML085C,0.2020167112350464
tT(AGU)N1,YML047C,0.2020167112350464
tT(AGU)N1,YDR312W,0.2020167112350464
tT(AGU)N1,YFL037W,0.2020167112350464
tT(AGU)N1,YDL038C,0.2020167112350464
tT(AGU)N1,YDL039C,0.2020167112350464
tT(AGU)N1,YCL027W,0.2020167112350464
tT(AGU)N1,YML124C,0.2020167112350464
tT(AGU)N1,YGL053W,0.2020167112350464
tT(AGU)N1,YMR232W,0.2020167112350464
tT(AGU)N1,YNL298W,0.2020167112350464
tT(AGU)N1,YGL099W,0.2020167112350464
tT(AGU)N1,YBL016W,0.2020167112350464
tT(AGU)N1,YAL041W,0.2020167112350464
tT(AGU)N1,YDR085C,0.2020167112350464
tT(AGU)N1,YPL187W,0.2020167112350464
tT(AGU)N1,YPL256C,0.2020167112350464
tT(AGU)N1,YDR461W,0.2020167112350464
tT(AGU)N1,YNL145W,0.2020167112350464
YDL090C,YDL165W,0.00023291657271329314
YDL090C,YGR059W,1.533504361906149e-14
YDL090C,YBR109C,0.0009369619656354189
YDL090C,YJL080C,1.3067648074738258e-09
YDL090C,YCR093W,1.4628653843828943e-06
YDL090C,YIL122W,0.0007438708562403917
YDL090C,YCL029C,1.1214877915222132e-08
YDL090C,YNL173C,8.800085105065136e-10
YDL090C,YLR452C,1.2769792192557361e-05
YDL090C,YDL160C,1.2845675911865584e-10
YDL090C,YLR229C,3.255021965742344e-06
YDL090C,YML057W,3.996769493141983e-08
YDL090C,YER149C,5.3859494641983474e-08
YDL090C,YMR305C,5.529837655490755e-13
YDL090C,YLR433C,8.837288874019578e-07
YDL090C,YJL073W,2.39822384173749e-09
YDL090C,YGR279C,0.00031067803502082825
YDL090C,YKL190W,1.658696735518106e-09
YDL090C,YGL089C,9.785714064491913e-05
YDL090C,YJL019W,0.00038643513107672334
YDL090C,YJL018W,0.0002594942634459585
YDL090C,YNR032C-A,0.8652363419532776
YDL090C,YGL178W,0.0032129869796335697
YDL090C,YKL116C,5.390762453316711e-06
YDL090C,YDL214C,0.00018987504881806672
YDL090C,YLR362W,3.0264766387455566e-11
YDL090C,YER068W,5.059909380378258e-09
YDL090C,YHR084W,0.013554521836340427
YDL090C,YDR392W,6.582272504829234e-08
YDL090C,YNL053W,0.00011294095747871324
YDL090C,YGR040W,0.010430955328047276
YDL090C,YDL216C,6.759977466685996e-09
YDL090C,YOL117W,2.427054646148008e-08
YDL090C,YJR086W,0.06269151717424393
YDL090C,YMR025W,9.543889973429032e-06
YDL090C,YBR081C,1.9711112624921923e-13
YDL090C,YFL026W,1.8740545682134624e-13
YDL090C,YHL007C,2.2042501157670813e-09
YDL090C,YNR044W,6.117488374002278e-05
YDL090C,YNL271C,1.4003432191600496e-08
YDL090C,YDR200C,1.0662233762559481e-08
YDL090C,YKL178C,0.0612901970744133
YDL090C,YOR212W,0.9036710262298584
YDL090C,YOL111C,3.4839501950045815e-08
YDL090C,YGL032C,0.00013347053027246147
YDL090C,YHR005C,0.8924675583839417
YDL090C,YDR103W,3.2450307685394364e-07
YDL090C,YJR084W,5.567454718402587e-05
YDL090C,YCL032W,0.0003994830185547471
YDL090C,YJL170C,2.4874302921237823e-13
YDL090C,YDR179C,1.2792596862709615e-05
YDL090C,YBR095C,2.0523540911199234e-07
YDL090C,YLL021W,5.3779578717844806e-14
YDL090C,YDL159W,1.103517971445811e-11
YDL090C,YNL161W,3.5888703564523894e-08
YDL090C,YNL188W,8.63668628880987e-06
YDL090C,YJL157C,1.1292771887383424e-05
YDL090C,YJL034W,3.853896046734917e-08
YDL090C,YLR238W,2.111904251478336e-07
YDL090C,YPR141C,0.001787243178114295
YDL090C,YNL127W,6.619334413926481e-09
YDL090C,YCL055W,1.696085973890149e-07
YDL090C,YPR122W,3.5732439300772967e-06
YDL090C,YMR065W,6.858743404336565e-07
YDL090C,YDR356W,1.2917244021082297e-06
YDL090C,YMR052W,4.39734139945358e-06
YDL090C,YFR008W,4.9884598411154e-05
YDL090C,YLL043W,6.274544217532707e-10
YDL090C,YMR029C,6.684250593025354e-07
YDL090C,YJR004C,3.608491283557669e-07
YDL090C,YDL223C,0.04110252112150192
YDL090C,YHR158C,0.011114483699202538
YDL090C,YGR238C,0.001045992597937584
YDL090C,YIL015W,1.200471047013707e-06
YDL090C,YGL173C,2.7379332134813694e-09
YDL090C,YDL225W,0.023382145911455154
YDL090C,YLR330W,2.5128507608052075e-10
YDL090C,YBR129C,2.434870971512737e-09
YDL090C,YKR095W-A,0.2020167112350464
YDL090C,YPR075C,2.3720401710951257e-15
YDL090C,YMR198W,3.0093537134234793e-05
YDL090C,YOR127W,0.0006744479178451002
YDL090C,YDR264C,0.010020744055509567
YDL090C,YLR110C,0.0034296088851988316
YDL090C,YDR379W,0.25121453404426575
YDL090C,YDL100C,1.4455631003329472e-07
YDL090C,YHR073W,1.9423090634518303e-05
YDL090C,YJR090C,0.0007361643365584314
YDL090C,YOR208W,4.8899387365963776e-06
YDL090C,YBR040W,2.693480496418488e-07
YDL090C,YNL279W,0.013070520013570786
YDL090C,YER075C,1.5666209947085008e-05
YDL090C,YCR089W,0.00010977110650856048
YDL090C,YCR002C,8.659840844416067e-09
YDL090C,YJL108C,0.00043550622649490833
YDL090C,YBR200W,1.6632695860607782e-06
YDL090C,YIL026C,0.0011014548363164067
YDL090C,YJR076C,1.7918444505937714e-09
YDL090C,YKR031C,1.781054015737027e-05
YDL090C,YPL192C,5.604887701338157e-05
YDL090C,YHR107C,9.430704267288093e-06
YDL090C,YIL037C,2.587479397408998e-10
YDL090C,YPL156C,7.535256862922779e-10
YDL090C,YIL117C,0.00034824167960323393
YDL090C,YHR066W,1.952970342244953e-05
YDL090C,YML085C,9.861327998805791e-05
YDL090C,YML047C,6.772162208790178e-08
YDL090C,YDR312W,0.015128021128475666
YDL090C,YFL037W,5.308090180733416e-07
YDL090C,YDL038C,0.2020167112350464
YDL090C,YDL039C,2.1470851485627662e-10
YDL090C,YCL027W,0.05484980344772339
YDL090C,YML124C,1.5607808014767022e-12
YDL090C,YGL053W,2.7534233026926813e-07
YDL090C,YMR232W,8.43482484924607e-06
YDL090C,YNL298W,4.7586314622094505e-07
YDL090C,YGL099W,5.405338743003085e-05
YDL090C,YBL016W,4.129573881073156e-06
YDL090C,YAL041W,4.64652050169434e-09
YDL090C,YDR085C,0.001381167909130454
YDL090C,YPL187W,1.7858876162790693e-05
YDL090C,YPL256C,1.8637918230979267e-07
YDL090C,YDR461W,2.206119233960635e-07
YDL090C,YNL145W,9.150091274945371e-12
YML027W,YDL165W,9.186793548110472e-09
YML027W,YGR059W,2.1883471423844725e-10
YML027W,YBR109C,1.2985460671188775e-06
YML027W,YJL080C,2.813881779019649e-15
YML027W,YCR093W,3.5390961272696586e-09
YML027W,YIL122W,7.031411541902344e-07
YML027W,YCL029C,2.3264929538413526e-08
YML027W,YNL173C,1.5255860810747812e-11
YML027W,YLR452C,1.131546468968736e-05
YML027W,YDL160C,0.015150957740843296
YML027W,YLR229C,1.2316398567691067e-07
YML027W,YML057W,6.615288872247049e-11
YML027W,YER149C,5.934065239188158e-09
YML027W,YMR305C,1.5606980014126748e-05
YML027W,YLR433C,0.00016336030967067927
YML027W,YJL073W,2.003560650720715e-10
YML027W,YGR279C,3.4383468516807625e-08
YML027W,YKL190W,9.186397573624633e-15
YML027W,YGL089C,5.490042167366482e-05
YML027W,YJL019W,0.018977295607328415
YML027W,YJL018W,0.012315863743424416
YML027W,YNR032C-A,0.01825283281505108
YML027W,YGL178W,0.8028431534767151
YML027W,YKL116C,1.4740931321725534e-14
YML027W,YDL214C,1.9984828014685263e-08
YML027W,YLR362W,2.1868189550855455e-11
YML027W,YER068W,5.6872297982124564e-09
YML027W,YHR084W,5.407586650107987e-05
YML027W,YDR392W,9.376955878437343e-10
YML027W,YNL053W,4.7543630898871925e-06
YML027W,YGR040W,7.550172292924984e-11
YML027W,YDL216C,1.1021733143934398e-06
YML027W,YOL117W,2.8154408937552944e-06
YML027W,YJR086W,4.4798846943194803e-07
YML027W,YMR025W,6.021058140959212e-08
YML027W,YBR081C,3.0930527827877086e-06
YML027W,YFL026W,3.337441610508536e-14
YML027W,YHL007C,2.5138131160007404e-11
YML027W,YNR044W,1.2825171697219973e-12
YML027W,YNL271C,5.8869225938451564e-08
YML027W,YDR200C,5.406918717199005e-06
YML027W,YKL178C,0.0036580818705260754
YML027W,YOR212W,1.2542393790226924e-09
YML027W,YOL111C,1.3238955558995263e-15
YML027W,YGL032C,2.1597214683310995e-08
YML027W,YHR005C,2.0664942894654814e-06
YML027W,YDR103W,0.42858296632766724
YML027W,YJR084W,9.159533874480985e-06
YML027W,YCL032W,1.1693789936373378e-08
YML027W,YJL170C,0.0024945815093815327
YML027W,YDR179C,2.5887656462941777e-08
YML027W,YBR095C,1.4210131666914094e-06
YML027W,YLL021W,5.3309335612539144e-08
YML027W,YDL159W,3.7818873033224065e-11
YML027W,YNL161W,3.575694063329138e-05
YML027W,YNL188W,1.9018148833538362e-08
YML027W,YJL157C,9.743221784930256e-10
YML027W,YJL034W,9.256894556441964e-11
YML027W,YLR238W,5.307779247232247e-06
YML027W,YPR141C,1.151965633994223e-08
YML027W,YNL127W,0.28899335861206055
YML027W,YCL055W,1.1418324064038643e-09
YML027W,YPR122W,0.0002305232046637684
YML027W,YMR065W,1.4795290326219401e-06
YML027W,YDR356W,0.00016682750720065087
YML027W,YMR052W,5.9115614625682156e-09
YML027W,YFR008W,0.0010352213867008686
YML027W,YLL043W,1.9491631064738613e-06
YML027W,YMR029C,4.533163462383527e-07
YML027W,YJR004C,1.127288669522386e-05
YML027W,YDL223C,9.514302662231612e-15
YML027W,YHR158C,3.3046662628599677e-11
YML027W,YGR238C,1.3482787108998195e-10
YML027W,YIL015W,5.3175826906226575e-06
YML027W,YGL173C,2.958869117719587e-06
YML027W,YDL225W,2.4622366254334338e-05
YML027W,YLR330W,1.396660131297578e-11
YML027W,YBR129C,3.7016031906311753e-10
YML027W,YKR095W-A,0.2020167112350464
YML027W,YPR075C,1.1402153887729582e-07
YML027W,YMR198W,0.641952633857727
YML027W,YOR127W,0.05726255103945732
YML027W,YDR264C,1.4848085356788943e-06
YML027W,YLR110C,1.4236486434171525e-09
YML027W,YDR379W,7.666896999580786e-05
YML027W,YDL100C,2.9101859810864994e-10
YML027W,YHR073W,7.257443344205194e-14
YML027W,YJR090C,0.00010703259613364935
YML027W,YOR208W,2.639948490923416e-07
YML027W,YBR040W,1.0617227417242248e-05
YML027W,YNL279W,1.1012843970092945e-06
YML027W,YER075C,3.698896833270737e-08
YML027W,YCR089W,5.098680267053013e-13
YML027W,YCR002C,2.0680311629828196e-11
YML027W,YJL108C,9.665501238487195e-06
YML027W,YBR200W,2.2757751239055324e-08
YML027W,YIL026C,6.820061876355865e-11
YML027W,YJR076C,6.503128804467189e-16
YML027W,YKR031C,5.126719315740047e-08
YML027W,YPL192C,0.09553802758455276
YML027W,YHR107C,7.570799011404658e-17
YML027W,YIL037C,0.0008980322163552046
YML027W,YPL156C,0.0005413678009063005
YML027W,YIL117C,1.1920948281840538e-06
YML027W,YHR066W,4.7880813897061e-11
YML027W,YML085C,3.5687847121934624e-10
YML027W,YML047C,0.9893718361854553
YML027W,YDR312W,3.006038059538696e-05
YML027W,YFL037W,2.7470908170847477e-14
YML027W,YDL038C,0.2020167112350464
YML027W,YDL039C,4.5606175086421175e-11
YML027W,YCL027W,1.1016449207090773e-05
YML027W,YML124C,1.8824036079889694e-11
YML027W,YGL053W,0.0008539927657693624
YML027W,YMR232W,0.002325694775208831
YML027W,YNL298W,0.00476893549785018
YML027W,YGL099W,4.975344477229672e-14
YML027W,YBL016W,8.117752997582883e-11
YML027W,YAL041W,6.364331284203217e-09
YML027W,YDR085C,9.566711312025689e-11
YML027W,YPL187W,0.0003928184451069683
YML027W,YPL256C,3.676358805056179e-13
YML027W,YDR461W,3.54306394001469e-05
YML027W,YNL145W,3.136776285828091e-05
tE(UUC)G3,YDL165W,0.2020167112350464
tE(UUC)G3,YGR059W,0.2020167112350464
tE(UUC)G3,YBR109C,0.2020167112350464
tE(UUC)G3,YJL080C,0.2020167112350464
tE(UUC)G3,YCR093W,0.2020167112350464
tE(UUC)G3,YIL122W,0.2020167112350464
tE(UUC)G3,YCL029C,0.2020167112350464
tE(UUC)G3,YNL173C,0.2020167112350464
tE(UUC)G3,YLR452C,0.2020167112350464
tE(UUC)G3,YDL160C,0.2020167112350464
tE(UUC)G3,YLR229C,0.2020167112350464
tE(UUC)G3,YML057W,0.2020167112350464
tE(UUC)G3,YER149C,0.2020167112350464
tE(UUC)G3,YMR305C,0.2020167112350464
tE(UUC)G3,YLR433C,0.2020167112350464
tE(UUC)G3,YJL073W,0.2020167112350464
tE(UUC)G3,YGR279C,0.2020167112350464
tE(UUC)G3,YKL190W,0.2020167112350464
tE(UUC)G3,YGL089C,0.2020167112350464
tE(UUC)G3,YJL019W,0.2020167112350464
tE(UUC)G3,YJL018W,0.2020167112350464
tE(UUC)G3,YNR032C-A,0.2020167112350464
tE(UUC)G3,YGL178W,0.2020167112350464
tE(UUC)G3,YKL116C,0.2020167112350464
tE(UUC)G3,YDL214C,0.2020167112350464
tE(UUC)G3,YLR362W,0.2020167112350464
tE(UUC)G3,YER068W,0.2020167112350464
tE(UUC)G3,YHR084W,0.2020167112350464
tE(UUC)G3,YDR392W,0.2020167112350464
tE(UUC)G3,YNL053W,0.2020167112350464
tE(UUC)G3,YGR040W,0.2020167112350464
tE(UUC)G3,YDL216C,0.2020167112350464
tE(UUC)G3,YOL117W,0.2020167112350464
tE(UUC)G3,YJR086W,0.2020167112350464
tE(UUC)G3,YMR025W,0.2020167112350464
tE(UUC)G3,YBR081C,0.2020167112350464
tE(UUC)G3,YFL026W,0.2020167112350464
tE(UUC)G3,YHL007C,0.2020167112350464
tE(UUC)G3,YNR044W,0.2020167112350464
tE(UUC)G3,YNL271C,0.2020167112350464
tE(UUC)G3,YDR200C,0.2020167112350464
tE(UUC)G3,YKL178C,0.2020167112350464
tE(UUC)G3,YOR212W,0.2020167112350464
tE(UUC)G3,YOL111C,0.2020167112350464
tE(UUC)G3,YGL032C,0.2020167112350464
tE(UUC)G3,YHR005C,0.2020167112350464
tE(UUC)G3,YDR103W,0.2020167112350464
tE(UUC)G3,YJR084W,0.2020167112350464
tE(UUC)G3,YCL032W,0.2020167112350464
tE(UUC)G3,YJL170C,0.2020167112350464
tE(UUC)G3,YDR179C,0.2020167112350464
tE(UUC)G3,YBR095C,0.2020167112350464
tE(UUC)G3,YLL021W,0.2020167112350464
tE(UUC)G3,YDL159W,0.2020167112350464
tE(UUC)G3,YNL161W,0.2020167112350464
tE(UUC)G3,YNL188W,0.2020167112350464
tE(UUC)G3,YJL157C,0.2020167112350464
tE(UUC)G3,YJL034W,0.2020167112350464
tE(UUC)G3,YLR238W,0.2020167112350464
tE(UUC)G3,YPR141C,0.2020167112350464
tE(UUC)G3,YNL127W,0.2020167112350464
tE(UUC)G3,YCL055W,0.2020167112350464
tE(UUC)G3,YPR122W,0.2020167112350464
tE(UUC)G3,YMR065W,0.2020167112350464
tE(UUC)G3,YDR356W,0.2020167112350464
tE(UUC)G3,YMR052W,0.2020167112350464
tE(UUC)G3,YFR008W,0.2020167112350464
tE(UUC)G3,YLL043W,0.2020167112350464
tE(UUC)G3,YMR029C,0.2020167112350464
tE(UUC)G3,YJR004C,0.2020167112350464
tE(UUC)G3,YDL223C,0.2020167112350464
tE(UUC)G3,YHR158C,0.2020167112350464
tE(UUC)G3,YGR238C,0.2020167112350464
tE(UUC)G3,YIL015W,0.2020167112350464
tE(UUC)G3,YGL173C,0.2020167112350464
tE(UUC)G3,YDL225W,0.2020167112350464
tE(UUC)G3,YLR330W,0.2020167112350464
tE(UUC)G3,YBR129C,0.2020167112350464
tE(UUC)G3,YKR095W-A,0.2020167112350464
tE(UUC)G3,YPR075C,0.2020167112350464
tE(UUC)G3,YMR198W,0.2020167112350464
tE(UUC)G3,YOR127W,0.2020167112350464
tE(UUC)G3,YDR264C,0.2020167112350464
tE(UUC)G3,YLR110C,0.2020167112350464
tE(UUC)G3,YDR379W,0.2020167112350464
tE(UUC)G3,YDL100C,0.2020167112350464
tE(UUC)G3,YHR073W,0.2020167112350464
tE(UUC)G3,YJR090C,0.2020167112350464
tE(UUC)G3,YOR208W,0.2020167112350464
tE(UUC)G3,YBR040W,0.2020167112350464
tE(UUC)G3,YNL279W,0.2020167112350464
tE(UUC)G3,YER075C,0.2020167112350464
tE(UUC)G3,YCR089W,0.2020167112350464
tE(UUC)G3,YCR002C,0.2020167112350464
tE(UUC)G3,YJL108C,0.2020167112350464
tE(UUC)G3,YBR200W,0.2020167112350464
tE(UUC)G3,YIL026C,0.2020167112350464
tE(UUC)G3,YJR076C,0.2020167112350464
tE(UUC)G3,YKR031C,0.2020167112350464
tE(UUC)G3,YPL192C,0.2020167112350464
tE(UUC)G3,YHR107C,0.2020167112350464
tE(UUC)G3,YIL037C,0.2020167112350464
tE(UUC)G3,YPL156C,0.2020167112350464
tE(UUC)G3,YIL117C,0.2020167112350464
tE(UUC)G3,YHR066W,0.2020167112350464
tE(UUC)G3,YML085C,0.2020167112350464
tE(UUC)G3,YML047C,0.2020167112350464
tE(UUC)G3,YDR312W,0.2020167112350464
tE(UUC)G3,YFL037W,0.2020167112350464
tE(UUC)G3,YDL038C,0.2020167112350464
tE(UUC)G3,YDL039C,0.2020167112350464
tE(UUC)G3,YCL027W,0.2020167112350464
tE(UUC)G3,YML124C,0.2020167112350464
tE(UUC)G3,YGL053W,0.2020167112350464
tE(UUC)G3,YMR232W,0.2020167112350464
tE(UUC)G3,YNL298W,0.2020167112350464
tE(UUC)G3,YGL099W,0.2020167112350464
tE(UUC)G3,YBL016W,0.2020167112350464
tE(UUC)G3,YAL041W,0.2020167112350464
tE(UUC)G3,YDR085C,0.2020167112350464
tE(UUC)G3,YPL187W,0.2020167112350464
tE(UUC)G3,YPL256C,0.2020167112350464
tE(UUC)G3,YDR461W,0.2020167112350464
tE(UUC)G3,YNL145W,0.2020167112350464
YDR277C,YDL165W,3.462411284535483e-17
YDR277C,YGR059W,3.541280193530838e-06
YDR277C,YBR109C,1.6449243350877441e-18
YDR277C,YJL080C,1.4297370872192795e-15
YDR277C,YCR093W,1.5890763639843375e-13
YDR277C,YIL122W,2.2001648858349654e-07
YDR277C,YCL029C,1.2200206233250609e-15
YDR277C,YNL173C,5.076853382135482e-10
YDR277C,YLR452C,6.025082665801522e-18
YDR277C,YDL160C,3.213860774731181e-11
YDR277C,YLR229C,2.693772427342367e-10
YDR277C,YML057W,1.065260903487797e-06
YDR277C,YER149C,1.0510968327279684e-17
YDR277C,YMR305C,5.54566838673054e-07
YDR277C,YLR433C,1.6890601076341595e-18
YDR277C,YJL073W,2.405588666248392e-18
YDR277C,YGR279C,6.481653863806003e-13
YDR277C,YKL190W,1.979091783326031e-19
YDR277C,YGL089C,2.628790518599544e-08
YDR277C,YJL019W,1.2305952623137273e-05
YDR277C,YJL018W,0.1735357642173767
YDR277C,YNR032C-A,0.03146257624030113
YDR277C,YGL178W,0.00014658397412858903
YDR277C,YKL116C,3.6258048189402385e-19
YDR277C,YDL214C,0.860709547996521
YDR277C,YLR362W,6.8140879605493865e-09
YDR277C,YER068W,1.0602001376073432e-20
YDR277C,YHR084W,1.3178914340036818e-12
YDR277C,YDR392W,5.212736709295229e-13
YDR277C,YNL053W,1.0838507825614019e-12
YDR277C,YGR040W,2.3111145735067815e-16
YDR277C,YDL216C,7.37269516548622e-08
YDR277C,YOL117W,2.6531088437309336e-09
YDR277C,YJR086W,3.438102125045972e-13
YDR277C,YMR025W,7.24442634236766e-06
YDR277C,YBR081C,4.9775509980572695e-16
YDR277C,YFL026W,4.856477442416463e-10
YDR277C,YHL007C,1.5365071413600277e-23
YDR277C,YNR044W,2.6114076945304987e-07
YDR277C,YNL271C,3.130329990971934e-18
YDR277C,YDR200C,1.0222304627375216e-17
YDR277C,YKL178C,4.722122071143531e-07
YDR277C,YOR212W,5.675956371575808e-10
YDR277C,YOL111C,1.4083404664688715e-07
YDR277C,YGL032C,5.077631612948608e-06
YDR277C,YHR005C,1.1086263344323577e-17
YDR277C,YDR103W,2.2863262927330652e-07
YDR277C,YJR084W,4.49027794113821e-12
YDR277C,YCL032W,3.2674787354969315e-12
YDR277C,YJL170C,9.071908380064997e-08
YDR277C,YDR179C,2.1648962622577983e-09
YDR277C,YBR095C,1.2300597552247078e-13
YDR277C,YLL021W,3.071876366641492e-21
YDR277C,YDL159W,8.789907468553793e-09
YDR277C,YNL161W,2.103711205236891e-09
YDR277C,YNL188W,7.250231028065914e-15
YDR277C,YJL157C,1.329947691010953e-14
YDR277C,YJL034W,7.910973265357057e-11
YDR277C,YLR238W,8.548849426753477e-17
YDR277C,YPR141C,2.8960805138922296e-05
YDR277C,YNL127W,4.9908057931323784e-15
YDR277C,YCL055W,1.0845742082210563e-09
YDR277C,YPR122W,2.002657879529579e-07
YDR277C,YMR065W,2.7657424652716145e-06
YDR277C,YDR356W,2.1688015294785146e-07
YDR277C,YMR052W,3.45453088357317e-08
YDR277C,YFR008W,9.280168633551966e-09
YDR277C,YLL043W,1.1122074095037959e-10
YDR277C,YMR029C,2.6694493726608925e-08
YDR277C,YJR004C,1.6488502296851948e-07
YDR277C,YDL223C,1.1283793355687521e-05
YDR277C,YHR158C,1.512373886251205e-16
YDR277C,YGR238C,3.9878047530805816e-09
YDR277C,YIL015W,0.0027018364053219557
YDR277C,YGL173C,2.7862358820129884e-07
YDR277C,YDL225W,8.271655295325198e-23
YDR277C,YLR330W,1.8522530243533092e-13
YDR277C,YBR129C,1.2459234532968821e-08
YDR277C,YKR095W-A,0.2020167112350464
YDR277C,YPR075C,4.85189444177081e-10
YDR277C,YMR198W,1.2443143737606022e-10
YDR277C,YOR127W,2.0814168039087107e-20
YDR277C,YDR264C,2.153167780790527e-13
YDR277C,YLR110C,2.2684402967154682e-10
YDR277C,YDR379W,4.8867197619983926e-05
YDR277C,YDL100C,1.661807844111074e-11
YDR277C,YHR073W,2.6257872287084594e-13
YDR277C,YJR090C,7.010099265397018e-18
YDR277C,YOR208W,2.09057516306968e-13
YDR277C,YBR040W,0.00010660081898095086
YDR277C,YNL279W,1.3686332067663898e-06
YDR277C,YER075C,4.219954163886541e-09
YDR277C,YCR089W,4.048751179652754e-06
YDR277C,YCR002C,3.112410607020166e-10
YDR277C,YJL108C,8.565567210154317e-16
YDR277C,YBR200W,3.1842724013131374e-08
YDR277C,YIL026C,4.121341668546913e-13
YDR277C,YJR076C,4.443779788587676e-10
YDR277C,YKR031C,0.04595145955681801
YDR277C,YPL192C,0.029301291331648827
YDR277C,YHR107C,9.676648965094565e-20
YDR277C,YIL037C,1.6043439245549962e-05
YDR277C,YPL156C,3.8162252167239785e-06
YDR277C,YIL117C,3.2721549914072057e-09
YDR277C,YHR066W,8.846140203547844e-15
YDR277C,YML085C,1.8031888844055762e-17
YDR277C,YML047C,3.7630107918573685e-09
YDR277C,YDR312W,1.385652253745387e-13
YDR277C,YFL037W,5.020830252479744e-20
YDR277C,YDL038C,0.2020167112350464
YDR277C,YDL039C,1.0345302969860283e-14
YDR277C,YCL027W,8.077342350532035e-09
YDR277C,YML124C,1.7442896966765077e-14
YDR277C,YGL053W,1.418033306879382e-13
YDR277C,YMR232W,0.8249786496162415
YDR277C,YNL298W,4.923412372237479e-11
YDR277C,YGL099W,7.256176034685336e-16
YDR277C,YBL016W,1.4398863212861102e-09
YDR277C,YAL041W,3.363452627525021e-09
YDR277C,YDR085C,4.874771697416236e-09
YDR277C,YPL187W,1.4542382587023894e-07
YDR277C,YPL256C,8.711228895348644e-13
YDR277C,YDR461W,3.0450351914623752e-05
YDR277C,YNL145W,6.559499610148123e-08
YDR037W,YDL165W,3.7188960959610995e-06
YDR037W,YGR059W,3.334085611761406e-12
YDR037W,YBR109C,7.012856804067269e-05
YDR037W,YJL080C,0.054924752563238144
YDR037W,YCR093W,1.0357846802477866e-09
YDR037W,YIL122W,3.422130634422871e-10
YDR037W,YCL029C,1.309837305285555e-08
YDR037W,YNL173C,0.002294852863997221
YDR037W,YLR452C,1.0776257219902163e-08
YDR037W,YDL160C,1.2915539571167756e-07
YDR037W,YLR229C,8.878375812315653e-11
YDR037W,YML057W,6.391500132293558e-15
YDR037W,YER149C,4.451494896784425e-05
YDR037W,YMR305C,8.302226466797968e-15
YDR037W,YLR433C,1.807545113585718e-09
YDR037W,YJL073W,6.293952537816949e-06
YDR037W,YGR279C,7.206196750431104e-11
YDR037W,YKL190W,3.044449158551288e-06
YDR037W,YGL089C,0.0018450121860951185
YDR037W,YJL019W,0.023466892540454865
YDR037W,YJL018W,0.0008534387452527881
YDR037W,YNR032C-A,0.8795290589332581
YDR037W,YGL178W,2.2359759537286414e-19
YDR037W,YKL116C,5.966504090793023e-08
YDR037W,YDL214C,6.935913461347809e-07
YDR037W,YLR362W,3.1742999895278956e-10
YDR037W,YER068W,1.809148109099823e-10
YDR037W,YHR084W,2.798443006213347e-07
YDR037W,YDR392W,0.0015118172159418464
YDR037W,YNL053W,7.870685294619761e-07
YDR037W,YGR040W,4.084231477463618e-06
YDR037W,YDL216C,0.006211892701685429
YDR037W,YOL117W,5.195037715566286e-07
YDR037W,YJR086W,1.0338119693642511e-07
YDR037W,YMR025W,0.00029771795379929245
YDR037W,YBR081C,0.9524904489517212
YDR037W,YFL026W,4.451661084203806e-07
YDR037W,YHL007C,1.6031489167289692e-06
YDR037W,YNR044W,8.866887219483033e-05
YDR037W,YNL271C,1.3293265099800777e-10
YDR037W,YDR200C,2.4435125797750423e-11
YDR037W,YKL178C,0.0008131050271913409
YDR037W,YOR212W,2.2254411646827066e-08
YDR037W,YOL111C,1.8931519311330165e-18
YDR037W,YGL032C,4.791262941949981e-10
YDR037W,YHR005C,0.15569916367530823
YDR037W,YDR103W,6.323221168713644e-05
YDR037W,YJR084W,0.0039180791936814785
YDR037W,YCL032W,0.004903455730527639
YDR037W,YJL170C,0.0018892446532845497
YDR037W,YDR179C,9.144711297111766e-17
YDR037W,YBR095C,0.06429962068796158
YDR037W,YLL021W,0.2410900592803955
YDR037W,YDL159W,1.5557556253043003e-05
YDR037W,YNL161W,5.807921183986764e-07
YDR037W,YNL188W,0.00015841839194763452
YDR037W,YJL157C,8.962422270997195e-08
YDR037W,YJL034W,6.677728110944724e-21
YDR037W,YLR238W,0.20276705920696259
YDR037W,YPR141C,2.1972487957100384e-05
YDR037W,YNL127W,7.99767434500609e-08
YDR037W,YCL055W,9.368146449556525e-13
YDR037W,YPR122W,0.00018474491662345827
YDR037W,YMR065W,0.0001035696841427125
YDR037W,YDR356W,1.776071343329022e-07
YDR037W,YMR052W,0.9999687671661377
YDR037W,YFR008W,5.963345870441117e-07
YDR037W,YLL043W,4.562126832752256e-06
YDR037W,YMR029C,1.6948652614701132e-07
YDR037W,YJR004C,0.010379988700151443
YDR037W,YDL223C,1.670702638734145e-12
YDR037W,YHR158C,5.854986184772315e-08
YDR037W,YGR238C,8.995714763371243e-12
YDR037W,YIL015W,0.00048798200441524386
YDR037W,YGL173C,3.240263390935638e-09
YDR037W,YDL225W,1.8068667222148616e-12
YDR037W,YLR330W,8.713873853594123e-07
YDR037W,YBR129C,0.12526120245456696
YDR037W,YKR095W-A,0.2020167112350464
YDR037W,YPR075C,2.1881885192698292e-10
YDR037W,YMR198W,2.2256422198552173e-06
YDR037W,YOR127W,5.332021757453731e-08
YDR037W,YDR264C,4.075015021953732e-05
YDR037W,YLR110C,2.1153555280761793e-05
YDR037W,YDR379W,1.145332179791625e-11
YDR037W,YDL100C,2.2638508634983262e-13
YDR037W,YHR073W,6.846171407559609e-10
YDR037W,YJR090C,5.025573955208529e-06
YDR037W,YOR208W,2.1314232157010338e-08
YDR037W,YBR040W,2.769039042505028e-07
YDR037W,YNL279W,3.986492733143443e-11
YDR037W,YER075C,0.14542685449123383
YDR037W,YCR089W,7.232527423184365e-05
YDR037W,YCR002C,7.621652198253059e-10
YDR037W,YJL108C,6.357679382951176e-10
YDR037W,YBR200W,8.538625362319863e-11
YDR037W,YIL026C,7.444613814300283e-10
YDR037W,YJR076C,5.774325927632162e-06
YDR037W,YKR031C,0.0029373331926763058
YDR037W,YPL192C,0.24342840909957886
YDR037W,YHR107C,9.8656203206815e-09
YDR037W,YIL037C,1.4517800650537538e-07
YDR037W,YPL156C,0.3466203808784485
YDR037W,YIL117C,2.1696020495584264e-15
YDR037W,YHR066W,6.429116183426231e-06
YDR037W,YML085C,3.669070255951645e-11
YDR037W,YML047C,0.0001491107977926731
YDR037W,YDR312W,1.1359548857114987e-08
YDR037W,YFL037W,4.480435744635969e-10
YDR037W,YDL038C,0.2020167112350464
YDR037W,YDL039C,2.0618001663613716e-15
YDR037W,YCL027W,6.8151542187422365e-09
YDR037W,YML124C,1.6678876795292165e-16
YDR037W,YGL053W,0.0004468425759114325
YDR037W,YMR232W,7.791150551383907e-07
YDR037W,YNL298W,3.5452931822915756e-12
YDR037W,YGL099W,2.8157259635008813e-07
YDR037W,YBL016W,1.8179623301457732e-17
YDR037W,YAL041W,4.4666142529417585e-13
YDR037W,YDR085C,1.3952092103863833e-06
YDR037W,YPL187W,0.0025824340991675854
YDR037W,YPL256C,2.0220910015855686e-11
YDR037W,YDR461W,1.296021056858103e-14
YDR037W,YNL145W,6.61547097484394e-13
YGR262C,YDL165W,4.824902161374448e-17
YGR262C,YGR059W,1.6184041840006103e-07
YGR262C,YBR109C,0.9928977489471436
YGR262C,YJL080C,2.3519916680925235e-08
YGR262C,YCR093W,6.268741708481684e-05
YGR262C,YIL122W,1.7754838710359877e-09
YGR262C,YCL029C,1.1394770015244783e-15
YGR262C,YNL173C,1.9010074538527988e-05
YGR262C,YLR452C,2.0795718228328042e-05
YGR262C,YDL160C,1.2872032129962463e-05
YGR262C,YLR229C,4.0032213655116777e-13
YGR262C,YML057W,9.756034160091076e-06
YGR262C,YER149C,4.813939540326828e-07
YGR262C,YMR305C,1.3442119950468623e-07
YGR262C,YLR433C,2.9557975267380243e-06
YGR262C,YJL073W,4.100614292568139e-11
YGR262C,YGR279C,1.3060999764363812e-12
YGR262C,YKL190W,4.5373630541689636e-07
YGR262C,YGL089C,6.425193078030134e-06
YGR262C,YJL019W,3.525541251292452e-05
YGR262C,YJL018W,0.00041676018736325204
YGR262C,YNR032C-A,0.4763186573982239
YGR262C,YGL178W,1.8955044478463634e-10
YGR262C,YKL116C,3.201824583243251e-08
YGR262C,YDL214C,1.2918550282847718e-06
YGR262C,YLR362W,3.567380765789885e-11
YGR262C,YER068W,9.837087873165729e-07
YGR262C,YHR084W,3.794638914200732e-08
YGR262C,YDR392W,0.07317870855331421
YGR262C,YNL053W,5.4734500736230984e-05
YGR262C,YGR040W,0.00012788934691343457
YGR262C,YDL216C,6.0049478634027764e-05
YGR262C,YOL117W,0.28536713123321533
YGR262C,YJR086W,0.021028460934758186
YGR262C,YMR025W,6.39840152416582e-07
YGR262C,YBR081C,0.01979723572731018
YGR262C,YFL026W,0.0012657179031521082
YGR262C,YHL007C,4.1303952457383275e-05
YGR262C,YNR044W,5.930195445813524e-09
YGR262C,YNL271C,7.384301503599033e-13
YGR262C,YDR200C,5.7245808420702815e-05
YGR262C,YKL178C,1.7402275176436888e-08
YGR262C,YOR212W,0.98023921251297
YGR262C,YOL111C,9.963555252579239e-17
YGR262C,YGL032C,1.8602948330226354e-05
YGR262C,YHR005C,3.9098750821177364e-13
YGR262C,YDR103W,0.9959989786148071
YGR262C,YJR084W,0.9167006015777588
YGR262C,YCL032W,9.533615229884163e-05
YGR262C,YJL170C,0.009506434202194214
YGR262C,YDR179C,0.7068749666213989
YGR262C,YBR095C,2.8918796033394756e-06
YGR262C,YLL021W,0.9671896696090698
YGR262C,YDL159W,7.169936709237532e-14
YGR262C,YNL161W,1.2955780448464793e-07
YGR262C,YNL188W,6.876253733079096e-11
YGR262C,YJL157C,0.007838625460863113
YGR262C,YJL034W,4.4111627062193293e-07
YGR262C,YLR238W,2.32783681219928e-09
YGR262C,YPR141C,5.738094728258147e-07
YGR262C,YNL127W,4.421967787493486e-06
YGR262C,YCL055W,7.992459125083506e-12
YGR262C,YPR122W,2.260943438159302e-05
YGR262C,YMR065W,0.17099525034427643
YGR262C,YDR356W,0.007380734663456678
YGR262C,YMR052W,2.0748061047015653e-08
YGR262C,YFR008W,7.890113192843273e-05
YGR262C,YLL043W,0.09236876666545868
YGR262C,YMR029C,0.004017869476228952
YGR262C,YJR004C,6.004463415365535e-08
YGR262C,YDL223C,1.094377900226948e-17
YGR262C,YHR158C,1.80150345840957e-05
YGR262C,YGR238C,2.4651419039400935e-07
YGR262C,YIL015W,0.7458709478378296
YGR262C,YGL173C,0.0018425891175866127
YGR262C,YDL225W,2.357785966466963e-08
YGR262C,YLR330W,0.00048616898129694164
YGR262C,YBR129C,0.0003099218592979014
YGR262C,YKR095W-A,0.2020167112350464
YGR262C,YPR075C,5.102401487433461e-11
YGR262C,YMR198W,8.034006896195933e-06
YGR262C,YOR127W,0.0064631132408976555
YGR262C,YDR264C,2.937953352821765e-11
YGR262C,YLR110C,6.097001792326751e-10
YGR262C,YDR379W,1.0445340975532585e-16
YGR262C,YDL100C,1.7587137335794978e-05
YGR262C,YHR073W,0.00028743856819346547
YGR262C,YJR090C,1.2602061616462379e-08
YGR262C,YOR208W,6.126294004011673e-18
YGR262C,YBR040W,0.002396340947598219
YGR262C,YNL279W,0.005662214010953903
YGR262C,YER075C,0.04245922714471817
YGR262C,YCR089W,6.270146855058556e-07
YGR262C,YCR002C,6.660085091425572e-06
YGR262C,YJL108C,7.535390089685734e-09
YGR262C,YBR200W,7.39486971657044e-10
YGR262C,YIL026C,0.0007133234175853431
YGR262C,YJR076C,2.458872643273935e-07
YGR262C,YKR031C,3.160659980494529e-05
YGR262C,YPL192C,0.007576890289783478
YGR262C,YHR107C,0.0006933354889042675
YGR262C,YIL037C,0.9956543445587158
YGR262C,YPL156C,0.0003832315269391984
YGR262C,YIL117C,8.592884114477783e-05
YGR262C,YHR066W,7.83628664180469e-08
YGR262C,YML085C,2.0427286164664826e-12
YGR262C,YML047C,0.00025355059187859297
YGR262C,YDR312W,0.0004085719119757414
YGR262C,YFL037W,1.9669352813167507e-09
YGR262C,YDL038C,0.2020167112350464
YGR262C,YDL039C,1.2324191863773233e-18
YGR262C,YCL027W,1.7568196199135855e-05
YGR262C,YML124C,2.2155924826999102e-13
YGR262C,YGL053W,0.06831889599561691
YGR262C,YMR232W,8.486600222568086e-08
YGR262C,YNL298W,1.0334083588858789e-10
YGR262C,YGL099W,1.8832886894415424e-07
YGR262C,YBL016W,0.002780993701890111
YGR262C,YAL041W,0.00012537301518023014
YGR262C,YDR085C,1.0345667760702781e-05
YGR262C,YPL187W,0.00851704366505146
YGR262C,YPL256C,6.996132562164803e-09
YGR262C,YDR461W,2.898402004514189e-11
YGR262C,YNL145W,0.0003939997695852071
snR86,YDL165W,0.2020167112350464
snR86,YGR059W,0.2020167112350464
snR86,YBR109C,0.2020167112350464
snR86,YJL080C,0.2020167112350464
snR86,YCR093W,0.2020167112350464
snR86,YIL122W,0.2020167112350464
snR86,YCL029C,0.2020167112350464
snR86,YNL173C,0.2020167112350464
snR86,YLR452C,0.2020167112350464
snR86,YDL160C,0.2020167112350464
snR86,YLR229C,0.2020167112350464
snR86,YML057W,0.2020167112350464
snR86,YER149C,0.2020167112350464
snR86,YMR305C,0.2020167112350464
snR86,YLR433C,0.2020167112350464
snR86,YJL073W,0.2020167112350464
snR86,YGR279C,0.2020167112350464
snR86,YKL190W,0.2020167112350464
snR86,YGL089C,0.2020167112350464
snR86,YJL019W,0.2020167112350464
snR86,YJL018W,0.2020167112350464
snR86,YNR032C-A,0.2020167112350464
snR86,YGL178W,0.2020167112350464
snR86,YKL116C,0.2020167112350464
snR86,YDL214C,0.2020167112350464
snR86,YLR362W,0.2020167112350464
snR86,YER068W,0.2020167112350464
snR86,YHR084W,0.2020167112350464
snR86,YDR392W,0.2020167112350464
snR86,YNL053W,0.2020167112350464
snR86,YGR040W,0.2020167112350464
snR86,YDL216C,0.2020167112350464
snR86,YOL117W,0.2020167112350464
snR86,YJR086W,0.2020167112350464
snR86,YMR025W,0.2020167112350464
snR86,YBR081C,0.2020167112350464
snR86,YFL026W,0.2020167112350464
snR86,YHL007C,0.2020167112350464
snR86,YNR044W,0.2020167112350464
snR86,YNL271C,0.2020167112350464
snR86,YDR200C,0.2020167112350464
snR86,YKL178C,0.2020167112350464
snR86,YOR212W,0.2020167112350464
snR86,YOL111C,0.2020167112350464
snR86,YGL032C,0.2020167112350464
snR86,YHR005C,0.2020167112350464
snR86,YDR103W,0.2020167112350464
snR86,YJR084W,0.2020167112350464
snR86,YCL032W,0.2020167112350464
snR86,YJL170C,0.2020167112350464
snR86,YDR179C,0.2020167112350464
snR86,YBR095C,0.2020167112350464
snR86,YLL021W,0.2020167112350464
snR86,YDL159W,0.2020167112350464
snR86,YNL161W,0.2020167112350464
snR86,YNL188W,0.2020167112350464
snR86,YJL157C,0.2020167112350464
snR86,YJL034W,0.2020167112350464
snR86,YLR238W,0.2020167112350464
snR86,YPR141C,0.2020167112350464
snR86,YNL127W,0.2020167112350464
snR86,YCL055W,0.2020167112350464
snR86,YPR122W,0.2020167112350464
snR86,YMR065W,0.2020167112350464
snR86,YDR356W,0.2020167112350464
snR86,YMR052W,0.2020167112350464
snR86,YFR008W,0.2020167112350464
snR86,YLL043W,0.2020167112350464
snR86,YMR029C,0.2020167112350464
snR86,YJR004C,0.2020167112350464
snR86,YDL223C,0.2020167112350464
snR86,YHR158C,0.2020167112350464
snR86,YGR238C,0.2020167112350464
snR86,YIL015W,0.2020167112350464
snR86,YGL173C,0.2020167112350464
snR86,YDL225W,0.2020167112350464
snR86,YLR330W,0.2020167112350464
snR86,YBR129C,0.2020167112350464
snR86,YKR095W-A,0.2020167112350464
snR86,YPR075C,0.2020167112350464
snR86,YMR198W,0.2020167112350464
snR86,YOR127W,0.2020167112350464
snR86,YDR264C,0.2020167112350464
snR86,YLR110C,0.2020167112350464
snR86,YDR379W,0.2020167112350464
snR86,YDL100C,0.2020167112350464
snR86,YHR073W,0.2020167112350464
snR86,YJR090C,0.2020167112350464
snR86,YOR208W,0.2020167112350464
snR86,YBR040W,0.2020167112350464
snR86,YNL279W,0.2020167112350464
snR86,YER075C,0.2020167112350464
snR86,YCR089W,0.2020167112350464
snR86,YCR002C,0.2020167112350464
snR86,YJL108C,0.2020167112350464
snR86,YBR200W,0.2020167112350464
snR86,YIL026C,0.2020167112350464
snR86,YJR076C,0.2020167112350464
snR86,YKR031C,0.2020167112350464
snR86,YPL192C,0.2020167112350464
snR86,YHR107C,0.2020167112350464
snR86,YIL037C,0.2020167112350464
snR86,YPL156C,0.2020167112350464
snR86,YIL117C,0.2020167112350464
snR86,YHR066W,0.2020167112350464
snR86,YML085C,0.2020167112350464
snR86,YML047C,0.2020167112350464
snR86,YDR312W,0.2020167112350464
snR86,YFL037W,0.2020167112350464
snR86,YDL038C,0.2020167112350464
snR86,YDL039C,0.2020167112350464
snR86,YCL027W,0.2020167112350464
snR86,YML124C,0.2020167112350464
snR86,YGL053W,0.2020167112350464
snR86,YMR232W,0.2020167112350464
snR86,YNL298W,0.2020167112350464
snR86,YGL099W,0.2020167112350464
snR86,YBL016W,0.2020167112350464
snR86,YAL041W,0.2020167112350464
snR86,YDR085C,0.2020167112350464
snR86,YPL187W,0.2020167112350464
snR86,YPL256C,0.2020167112350464
snR86,YDR461W,0.2020167112350464
snR86,YNL145W,0.2020167112350464
YNL297C,YDL165W,0.08933316916227341
YNL297C,YGR059W,5.168717507331166e-07
YNL297C,YBR109C,0.47030898928642273
YNL297C,YJL080C,0.0006560932379215956
YNL297C,YCR093W,0.7216635346412659
YNL297C,YIL122W,1.2597139175340999e-05
YNL297C,YCL029C,1.6634990607222733e-10
YNL297C,YNL173C,0.6649470925331116
YNL297C,YLR452C,0.23569384217262268
YNL297C,YDL160C,0.0004012568388134241
YNL297C,YLR229C,0.45530903339385986
YNL297C,YML057W,4.5188391223360824e-11
YNL297C,YER149C,0.0027016205713152885
YNL297C,YMR305C,0.00014882585674058646
YNL297C,YLR433C,0.9564751982688904
YNL297C,YJL073W,4.406936204848222e-10
YNL297C,YGR279C,2.7542032512428705e-06
YNL297C,YKL190W,0.0014319936744868755
YNL297C,YGL089C,5.7445689890300855e-05
YNL297C,YJL019W,2.9352237106650136e-05
YNL297C,YJL018W,0.0027381954714655876
YNL297C,YNR032C-A,0.1933053582906723
YNL297C,YGL178W,0.0003344064170960337
YNL297C,YKL116C,9.21517039387254e-06
YNL297C,YDL214C,0.016263891011476517
YNL297C,YLR362W,0.033018071204423904
YNL297C,YER068W,0.0032746600918471813
YNL297C,YHR084W,0.9983914494514465
YNL297C,YDR392W,0.001608282676897943
YNL297C,YNL053W,0.006350020412355661
YNL297C,YGR040W,0.008176745846867561
YNL297C,YDL216C,0.0002826375712174922
YNL297C,YOL117W,0.00010043865768238902
YNL297C,YJR086W,0.7608455419540405
YNL297C,YMR025W,0.9350547194480896
YNL297C,YBR081C,0.9850689768791199
YNL297C,YFL026W,0.0031979274936020374
YNL297C,YHL007C,0.9500293135643005
YNL297C,YNR044W,0.0009347719023935497
YNL297C,YNL271C,0.05240703001618385
YNL297C,YDR200C,2.371708433202002e-06
YNL297C,YKL178C,0.9842416644096375
YNL297C,YOR212W,2.281330807818449e-06
YNL297C,YOL111C,6.348860548399671e-09
YNL297C,YGL032C,0.043192457407712936
YNL297C,YHR005C,0.023726705461740494
YNL297C,YDR103W,0.11901406198740005
YNL297C,YJR084W,3.7065623473608866e-05
YNL297C,YCL032W,0.019606027752161026
YNL297C,YJL170C,4.761594391311519e-05
YNL297C,YDR179C,5.773066210319481e-17
YNL297C,YBR095C,1.613062522665132e-05
YNL297C,YLL021W,0.09276510030031204
YNL297C,YDL159W,7.296184545424467e-09
YNL297C,YNL161W,0.999983549118042
YNL297C,YNL188W,0.8692000508308411
YNL297C,YJL157C,0.00045373447937890887
YNL297C,YJL034W,5.664446689479519e-11
YNL297C,YLR238W,6.561579084518598e-06
YNL297C,YPR141C,0.2674866020679474
YNL297C,YNL127W,1.7445534467697144e-05
YNL297C,YCL055W,1.952860912979304e-07
YNL297C,YPR122W,4.727998202724848e-06
YNL297C,YMR065W,0.002596575068309903
YNL297C,YDR356W,0.9095888137817383
YNL297C,YMR052W,0.9440141320228577
YNL297C,YFR008W,0.0018322389805689454
YNL297C,YLL043W,0.0015448160702362657
YNL297C,YMR029C,0.007740001194179058
YNL297C,YJR004C,1.0133585419680458e-06
YNL297C,YDL223C,5.631572548736585e-06
YNL297C,YHR158C,4.4224262296665984e-07
YNL297C,YGR238C,7.37096570446738e-08
YNL297C,YIL015W,5.8151535995421e-06
YNL297C,YGL173C,0.6049404740333557
YNL297C,YDL225W,0.9944215416908264
YNL297C,YLR330W,0.0004369547532405704
YNL297C,YBR129C,0.9994569420814514
YNL297C,YKR095W-A,0.2020167112350464
YNL297C,YPR075C,4.508471720954255e-12
YNL297C,YMR198W,0.007561809383332729
YNL297C,YOR127W,0.05975310131907463
YNL297C,YDR264C,0.99800044298172
YNL297C,YLR110C,0.9994288086891174
YNL297C,YDR379W,0.00025990279391407967
YNL297C,YDL100C,0.8558365702629089
YNL297C,YHR073W,0.03379399701952934
YNL297C,YJR090C,0.6070238351821899
YNL297C,YOR208W,0.3194982707500458
YNL297C,YBR040W,1.4101447959546931e-05
YNL297C,YNL279W,3.1193369522952707e-06
YNL297C,YER075C,0.9998596906661987
YNL297C,YCR089W,6.90592173668847e-07
YNL297C,YCR002C,0.29977282881736755
YNL297C,YJL108C,0.00040661945240572095
YNL297C,YBR200W,2.623356749609229e-06
YNL297C,YIL026C,0.4686017632484436
YNL297C,YJR076C,0.8600271940231323
YNL297C,YKR031C,0.5694349408149719
YNL297C,YPL192C,0.9980972409248352
YNL297C,YHR107C,0.0007301609148271382
YNL297C,YIL037C,5.208789275457093e-07
YNL297C,YPL156C,0.00618857191875577
YNL297C,YIL117C,0.0003430672222748399
YNL297C,YHR066W,2.472980847878503e-11
YNL297C,YML085C,0.14753632247447968
YNL297C,YML047C,0.005039428360760212
YNL297C,YDR312W,0.9986698627471924
YNL297C,YFL037W,0.9989637136459351
YNL297C,YDL038C,0.2020167112350464
YNL297C,YDL039C,6.03401995036279e-10
YNL297C,YCL027W,0.006870115641504526
YNL297C,YML124C,0.00012102551409043372
YNL297C,YGL053W,0.008293280377984047
YNL297C,YMR232W,0.1306104063987732
YNL297C,YNL298W,0.00041279199649579823
YNL297C,YGL099W,0.458107590675354
YNL297C,YBL016W,6.825381660746643e-06
YNL297C,YAL041W,0.026012679561972618
YNL297C,YDR085C,7.542349339928478e-05
YNL297C,YPL187W,0.9550758600234985
YNL297C,YPL256C,9.014683541863633e-07
YNL297C,YDR461W,6.205880809240227e-10
YNL297C,YNL145W,2.9249335398162657e-07
YJR021C,YDL165W,8.849149746303908e-10
YJR021C,YGR059W,4.0873608497804526e-08
YJR021C,YBR109C,2.8740024683032717e-12
YJR021C,YJL080C,3.103593826381257e-07
YJR021C,YCR093W,7.832923984096851e-06
YJR021C,YIL122W,0.0001364045892842114
YJR021C,YCL029C,6.166927385420351e-11
YJR021C,YNL173C,8.00228292519023e-08
YJR021C,YLR452C,6.526693074881962e-11
YJR021C,YDL160C,6.703168037347496e-05
YJR021C,YLR229C,0.00016916007734835148
YJR021C,YML057W,3.492692849249579e-05
YJR021C,YER149C,2.5225074850102058e-14
YJR021C,YMR305C,5.5055525081115775e-06
YJR021C,YLR433C,9.89408727036789e-06
YJR021C,YJL073W,3.936794033126967e-12
YJR021C,YGR279C,1.2119600967253064e-07
YJR021C,YKL190W,6.131737251280356e-08
YJR021C,YGL089C,8.531496860086918e-07
YJR021C,YJL019W,1.186672423736726e-13
YJR021C,YJL018W,0.000806191936135292
YJR021C,YNR032C-A,0.002961510792374611
YJR021C,YGL178W,1.4609355275752023e-05
YJR021C,YKL116C,0.0017499459208920598
YJR021C,YDL214C,1.1935989974176664e-08
YJR021C,YLR362W,1.0448735565660172e-07
YJR021C,YER068W,6.29313319677749e-07
YJR021C,YHR084W,2.4967983236479085e-10
YJR021C,YDR392W,2.157477574371569e-08
YJR021C,YNL053W,2.500824302842375e-05
YJR021C,YGR040W,2.415634359209662e-11
YJR021C,YDL216C,0.00014076492516323924
YJR021C,YOL117W,2.166760459942907e-08
YJR021C,YJR086W,2.037790380882143e-08
YJR021C,YMR025W,1.3999225302541163e-05
YJR021C,YBR081C,4.6072877921687905e-06
YJR021C,YFL026W,1.2780799352185568e-06
YJR021C,YHL007C,1.9323636386760906e-13
YJR021C,YNR044W,0.04716018587350845
YJR021C,YNL271C,3.974131246309298e-08
YJR021C,YDR200C,1.8152904179835616e-10
YJR021C,YKL178C,0.009119507856667042
YJR021C,YOR212W,5.915088419072845e-10
YJR021C,YOL111C,0.0004735330876428634
YJR021C,YGL032C,8.327734613011728e-10
YJR021C,YHR005C,6.339791070786305e-06
YJR021C,YDR103W,8.906115844808937e-09
YJR021C,YJR084W,4.3559799864367754e-12
YJR021C,YCL032W,1.0485960988404486e-09
YJR021C,YJL170C,0.000390123255783692
YJR021C,YDR179C,1.020178933057404e-14
YJR021C,YBR095C,0.0035022450610995293
YJR021C,YLL021W,0.0005577880656346679
YJR021C,YDL159W,1.3177249291729254e-09
YJR021C,YNL161W,0.9138110280036926
YJR021C,YNL188W,1.651209144458779e-13
YJR021C,YJL157C,8.82225670295611e-09
YJR021C,YJL034W,6.606391782207043e-17
YJR021C,YLR238W,9.40629377055302e-07
YJR021C,YPR141C,4.549885446181179e-08
YJR021C,YNL127W,1.4089618144072502e-12
YJR021C,YCL055W,0.5892209410667419
YJR021C,YPR122W,3.311400090764971e-14
YJR021C,YMR065W,4.4569174739717e-11
YJR021C,YDR356W,1.0991220733558293e-05
YJR021C,YMR052W,6.039783784217434e-08
YJR021C,YFR008W,1.0849186082850792e-07
YJR021C,YLL043W,1.9237400920246728e-05
YJR021C,YMR029C,3.4788651126493875e-11
YJR021C,YJR004C,3.6038652950765027e-08
YJR021C,YDL223C,4.512727537075989e-05
YJR021C,YHR158C,1.857493542659072e-12
YJR021C,YGR238C,1.7603402069354956e-09
YJR021C,YIL015W,0.00013670680345967412
YJR021C,YGL173C,0.34171009063720703
YJR021C,YDL225W,0.0009458839194849133
YJR021C,YLR330W,1.9687455221628625e-08
YJR021C,YBR129C,7.689726633230975e-10
YJR021C,YKR095W-A,0.2020167112350464
YJR021C,YPR075C,9.193908044835553e-05
YJR021C,YMR198W,1.8825865311100642e-07
YJR021C,YOR127W,2.5722549090723135e-10
YJR021C,YDR264C,2.2605756555549306e-07
YJR021C,YLR110C,3.1099921216082294e-06
YJR021C,YDR379W,1.0668529739632504e-06
YJR021C,YDL100C,1.5683569998259372e-09
YJR021C,YHR073W,2.7508329480951943e-07
YJR021C,YJR090C,1.95292133159386e-12
YJR021C,YOR208W,1.635525904930546e-06
YJR021C,YBR040W,0.9859484434127808
YJR021C,YNL279W,0.034985821694135666
YJR021C,YER075C,3.094098133260559e-07
YJR021C,YCR089W,0.0013779543805867434
YJR021C,YCR002C,1.2273822846964322e-07
YJR021C,YJL108C,2.6641314154751683e-10
YJR021C,YBR200W,0.00010303076123818755
YJR021C,YIL026C,1.8499592897569528e-06
YJR021C,YJR076C,0.0013305778848007321
YJR021C,YKR031C,1.9513581719365902e-05
YJR021C,YPL192C,2.4025560187157513e-12
YJR021C,YHR107C,1.5781993767394198e-13
YJR021C,YIL037C,0.0014668201329186559
YJR021C,YPL156C,0.0006257703062146902
YJR021C,YIL117C,3.731791764494119e-08
YJR021C,YHR066W,1.4026536802237724e-18
YJR021C,YML085C,7.627828924050561e-11
YJR021C,YML047C,1.5006233755610054e-10
YJR021C,YDR312W,1.6187317042337668e-09
YJR021C,YFL037W,1.148477863921471e-07
YJR021C,YDL038C,0.2020167112350464
YJR021C,YDL039C,2.1916340581133355e-18
YJR021C,YCL027W,0.0030444508884102106
YJR021C,YML124C,1.778549529873885e-11
YJR021C,YGL053W,5.280046480038436e-06
YJR021C,YMR232W,2.0564275976520108e-11
YJR021C,YNL298W,1.1374459063517861e-07
YJR021C,YGL099W,1.0107265246972474e-08
YJR021C,YBL016W,1.2185678315290716e-05
YJR021C,YAL041W,6.55265903333202e-05
YJR021C,YDR085C,1.609229002497159e-05
YJR021C,YPL187W,1.4046910337128793e-06
YJR021C,YPL256C,4.4208841245563235e-06
YJR021C,YDR461W,4.687323325924808e-06
YJR021C,YNL145W,2.1498063051961225e-10
YIL127C,YDL165W,0.00019840845197904855
YIL127C,YGR059W,1.25220278590632e-09
YIL127C,YBR109C,0.007411553990095854
YIL127C,YJL080C,5.6317162488994654e-08
YIL127C,YCR093W,0.012429023161530495
YIL127C,YIL122W,0.0021277181804180145
YIL127C,YCL029C,1.5748731485576428e-10
YIL127C,YNL173C,4.1627690183787536e-10
YIL127C,YLR452C,0.00028322479920461774
YIL127C,YDL160C,8.265045039479446e-07
YIL127C,YLR229C,1.1183081544130502e-10
YIL127C,YML057W,2.8714696093980197e-13
YIL127C,YER149C,0.0008499928517267108
YIL127C,YMR305C,3.554475824785186e-06
YIL127C,YLR433C,0.048932742327451706
YIL127C,YJL073W,7.60800842762371e-15
YIL127C,YGR279C,0.002220478840172291
YIL127C,YKL190W,0.6692100763320923
YIL127C,YGL089C,7.681027454964351e-06
YIL127C,YJL019W,1.7971851775655523e-06
YIL127C,YJL018W,0.00010524826211621985
YIL127C,YNR032C-A,2.6871462978306226e-05
YIL127C,YGL178W,1.6882527233974542e-06
YIL127C,YKL116C,8.011048421852074e-12
YIL127C,YDL214C,3.4986669561476447e-08
YIL127C,YLR362W,9.28536320911593e-15
YIL127C,YER068W,4.087585381284953e-09
YIL127C,YHR084W,2.9895699224556996e-14
YIL127C,YDR392W,4.122896746228122e-10
YIL127C,YNL053W,0.23651307821273804
YIL127C,YGR040W,1.4998372535046656e-06
YIL127C,YDL216C,4.7353299947872074e-08
YIL127C,YOL117W,8.503533536306648e-19
YIL127C,YJR086W,1.1129597687897785e-08
YIL127C,YMR025W,1.0760379609564552e-06
YIL127C,YBR081C,4.3635395741148386e-07
YIL127C,YFL026W,0.00033487603650428355
YIL127C,YHL007C,1.6824336368514992e-10
YIL127C,YNR044W,0.00022466343943960965
YIL127C,YNL271C,1.190997807043459e-07
YIL127C,YDR200C,1.017708441963805e-07
YIL127C,YKL178C,4.3954209161256586e-09
YIL127C,YOR212W,4.5699111161923156e-10
YIL127C,YOL111C,1.013200916395729e-12
YIL127C,YGL032C,3.305469249426096e-07
YIL127C,YHR005C,4.059562343172729e-05
YIL127C,YDR103W,6.141847475049644e-09
YIL127C,YJR084W,3.917817676182822e-13
YIL127C,YCL032W,9.027405559192125e-13
YIL127C,YJL170C,0.7179504036903381
YIL127C,YDR179C,5.546366699249461e-10
YIL127C,YBR095C,2.0934831646002294e-10
YIL127C,YLL021W,1.1788285519287456e-05
YIL127C,YDL159W,1.2294719020644607e-08
YIL127C,YNL161W,9.110036103265884e-07
YIL127C,YNL188W,2.171795512526109e-12
YIL127C,YJL157C,6.853366485426449e-11
YIL127C,YJL034W,4.964528788065081e-10
YIL127C,YLR238W,7.527996331191389e-06
YIL127C,YPR141C,0.019451366737484932
YIL127C,YNL127W,2.708200241841041e-08
YIL127C,YCL055W,0.00010291263606632128
YIL127C,YPR122W,1.153608627646463e-05
YIL127C,YMR065W,0.9953525066375732
YIL127C,YDR356W,0.9978891015052795
YIL127C,YMR052W,8.609720680397004e-06
YIL127C,YFR008W,5.5219277067530825e-11
YIL127C,YLL043W,7.153236219892278e-05
YIL127C,YMR029C,9.487370533634021e-08
YIL127C,YJR004C,0.00019347200577612966
YIL127C,YDL223C,1.0124540771163034e-18
YIL127C,YHR158C,0.9237492084503174
YIL127C,YGR238C,9.126821254312745e-08
YIL127C,YIL015W,0.00010090299474541098
YIL127C,YGL173C,1.044176290571075e-11
YIL127C,YDL225W,5.237726908685321e-15
YIL127C,YLR330W,8.693728652557284e-14
YIL127C,YBR129C,1.1888268689787262e-13
YIL127C,YKR095W-A,0.2020167112350464
YIL127C,YPR075C,1.7225356714334339e-06
YIL127C,YMR198W,0.0002523702569305897
YIL127C,YOR127W,3.4225206002602704e-11
YIL127C,YDR264C,4.6175492229849624e-07
YIL127C,YLR110C,0.5855831503868103
YIL127C,YDR379W,3.52743767528807e-09
YIL127C,YDL100C,0.011148607358336449
YIL127C,YHR073W,7.934708188346747e-16
YIL127C,YJR090C,1.4718857244133687e-09
YIL127C,YOR208W,0.0015068365028128028
YIL127C,YBR040W,2.3360470891020668e-07
YIL127C,YNL279W,4.032902438666497e-07
YIL127C,YER075C,0.01076335459947586
YIL127C,YCR089W,2.1338361633205238e-11
YIL127C,YCR002C,4.043295212530218e-12
YIL127C,YJL108C,0.06183809041976929
YIL127C,YBR200W,5.942638825473523e-09
YIL127C,YIL026C,3.676909045680077e-06
YIL127C,YJR076C,5.499381586560048e-06
YIL127C,YKR031C,4.814647036255337e-05
YIL127C,YPL192C,0.0004001402703579515
YIL127C,YHR107C,9.365314326714724e-06
YIL127C,YIL037C,2.3056188069858763e-07
YIL127C,YPL156C,3.7623897053418176e-11
YIL127C,YIL117C,0.29776090383529663
YIL127C,YHR066W,1.3914256546660695e-17
YIL127C,YML085C,0.011346046812832355
YIL127C,YML047C,0.7153505086898804
YIL127C,YDR312W,1.4579375033629827e-13
YIL127C,YFL037W,4.7578632802469656e-05
YIL127C,YDL038C,0.2020167112350464
YIL127C,YDL039C,2.1969635000118615e-09
YIL127C,YCL027W,1.0798766325592624e-08
YIL127C,YML124C,5.136158720553397e-10
YIL127C,YGL053W,4.1251051186019794e-11
YIL127C,YMR232W,0.0008136561373248696
YIL127C,YNL298W,5.038309973315336e-05
YIL127C,YGL099W,6.094959497679369e-20
YIL127C,YBL016W,3.963215279434852e-16
YIL127C,YAL041W,2.560759355674236e-07
YIL127C,YDR085C,0.0002948106557596475
YIL127C,YPL187W,0.0004163154517300427
YIL127C,YPL256C,7.757935405194871e-10
YIL127C,YDR461W,7.38099598801556e-12
YIL127C,YNL145W,5.690473869890411e-09
YEL004W,YDL165W,1.8973922124132514e-05
YEL004W,YGR059W,1.3056642877984359e-08
YEL004W,YBR109C,1.0420584395376409e-09
YEL004W,YJL080C,1.1730616478189404e-10
YEL004W,YCR093W,0.022497573867440224
YEL004W,YIL122W,0.026059210300445557
YEL004W,YCL029C,3.137099737968163e-12
YEL004W,YNL173C,9.757569387147669e-06
YEL004W,YLR452C,0.022214503958821297
YEL004W,YDL160C,3.47825391600054e-07
YEL004W,YLR229C,0.00017659539298620075
YEL004W,YML057W,7.896033826781945e-11
YEL004W,YER149C,0.002074223244562745
YEL004W,YMR305C,4.007933707139699e-10
YEL004W,YLR433C,1.220419221681368e-06
YEL004W,YJL073W,2.6957135901284346e-07
YEL004W,YGR279C,3.428286765583266e-09
YEL004W,YKL190W,4.5805531811993205e-08
YEL004W,YGL089C,3.714642673458002e-07
YEL004W,YJL019W,5.2039733418496326e-05
YEL004W,YJL018W,0.0008350377320311964
YEL004W,YNR032C-A,0.02041582018136978
YEL004W,YGL178W,3.226441058767904e-10
YEL004W,YKL116C,4.750136373653235e-13
YEL004W,YDL214C,0.0009551693219691515
YEL004W,YLR362W,4.918966283185e-07
YEL004W,YER068W,0.03807976096868515
YEL004W,YHR084W,2.0336752015737147e-07
YEL004W,YDR392W,0.37376517057418823
YEL004W,YNL053W,4.779313167091459e-05
YEL004W,YGR040W,5.0897160690510646e-05
YEL004W,YDL216C,1.9535073211840448e-11
YEL004W,YOL117W,1.73956755133986e-06
YEL004W,YJR086W,8.812841770122759e-06
YEL004W,YMR025W,5.804258407238194e-09
YEL004W,YBR081C,2.1310273950803094e-05
YEL004W,YFL026W,0.0024986546486616135
YEL004W,YHL007C,0.04392518848180771
YEL004W,YNR044W,3.479667327610514e-07
YEL004W,YNL271C,0.00010997373465215787
YEL004W,YDR200C,0.0014777833130210638
YEL004W,YKL178C,3.710548116941936e-05
YEL004W,YOR212W,0.005153356119990349
YEL004W,YOL111C,2.97568671925319e-08
YEL004W,YGL032C,1.2182105990632408e-07
YEL004W,YHR005C,0.006022029090672731
YEL004W,YDR103W,5.0006381258072e-08
YEL004W,YJR084W,0.0013313789386302233
YEL004W,YCL032W,1.14561501618482e-07
YEL004W,YJL170C,3.79205653189274e-06
YEL004W,YDR179C,1.9137953889821965e-14
YEL004W,YBR095C,0.12761306762695312
YEL004W,YLL021W,6.391666307337118e-09
YEL004W,YDL159W,3.664975434247708e-09
YEL004W,YNL161W,6.838777721895895e-08
YEL004W,YNL188W,2.6640198380611935e-10
YEL004W,YJL157C,7.449816621374339e-05
YEL004W,YJL034W,1.3387133890319092e-07
YEL004W,YLR238W,6.280787522017217e-12
YEL004W,YPR141C,1.3421177754935343e-05
YEL004W,YNL127W,7.1903498780057085e-12
YEL004W,YCL055W,1.3218640404488724e-08
YEL004W,YPR122W,1.536290983494837e-05
YEL004W,YMR065W,0.9656538367271423
YEL004W,YDR356W,0.00039723244844935834
YEL004W,YMR052W,1.0323804033873785e-09
YEL004W,YFR008W,1.420814420977079e-12
YEL004W,YLL043W,2.4927567210397683e-07
YEL004W,YMR029C,7.970575865989815e-10
YEL004W,YJR004C,4.760338470077841e-06
YEL004W,YDL223C,1.1634465408860706e-06
YEL004W,YHR158C,0.00033072291989810765
YEL004W,YGR238C,7.338918361909919e-10
YEL004W,YIL015W,0.0003535397117957473
YEL004W,YGL173C,1.488515907754895e-11
YEL004W,YDL225W,9.580484183757676e-10
YEL004W,YLR330W,3.3721076420079044e-07
YEL004W,YBR129C,3.2087478757603094e-05
YEL004W,YKR095W-A,0.2020167112350464
YEL004W,YPR075C,4.2293853766750544e-05
YEL004W,YMR198W,5.011340675764586e-08
YEL004W,YOR127W,5.9052528200709276e-08
YEL004W,YDR264C,3.736720799452087e-08
YEL004W,YLR110C,4.7324056140496396e-06
YEL004W,YDR379W,5.255164747808294e-09
YEL004W,YDL100C,3.359253923918004e-06
YEL004W,YHR073W,5.458454133133728e-09
YEL004W,YJR090C,9.271082490158733e-06
YEL004W,YOR208W,0.0013036086456850171
YEL004W,YBR040W,1.1103201025264298e-08
YEL004W,YNL279W,0.0006020648288540542
YEL004W,YER075C,9.067060879885958e-09
YEL004W,YCR089W,1.0686247833291418e-06
YEL004W,YCR002C,8.415402419359452e-08
YEL004W,YJL108C,6.51280279706512e-11
YEL004W,YBR200W,2.9121944439269853e-11
YEL004W,YIL026C,0.004872018005698919
YEL004W,YJR076C,3.0192264244277567e-09
YEL004W,YKR031C,3.0469561096424513e-08
YEL004W,YPL192C,0.00023302318004425615
YEL004W,YHR107C,1.6392408497267752e-06
YEL004W,YIL037C,8.243110642069951e-05
YEL004W,YPL156C,0.012011305429041386
YEL004W,YIL117C,4.52072548284832e-08
YEL004W,YHR066W,1.6893930876449303e-07
YEL004W,YML085C,2.981144664460089e-09
YEL004W,YML047C,5.377732703593097e-10
YEL004W,YDR312W,0.58246910572052
YEL004W,YFL037W,1.997526169361663e-06
YEL004W,YDL038C,0.2020167112350464
YEL004W,YDL039C,2.21378532626024e-16
YEL004W,YCL027W,1.567840995919667e-11
YEL004W,YML124C,3.2555203688389156e-07
YEL004W,YGL053W,0.0022863540798425674
YEL004W,YMR232W,7.036790975689655e-06
YEL004W,YNL298W,3.9268204687914476e-08
YEL004W,YGL099W,3.7117035844858037e-06
YEL004W,YBL016W,1.5580837953166338e-07
YEL004W,YAL041W,3.671341062272404e-07
YEL004W,YDR085C,1.4104498404776677e-06
YEL004W,YPL187W,3.144954519029852e-08
YEL004W,YPL256C,0.10364126414060593
YEL004W,YDR461W,0.0012590194819495082
YEL004W,YNL145W,0.0019398052245378494
YBR087W,YDL165W,1.782403380445885e-08
YBR087W,YGR059W,1.675301604109336e-07
YBR087W,YBR109C,1.5069950677570887e-05
YBR087W,YJL080C,2.2956438139321023e-10
YBR087W,YCR093W,8.995289681479335e-05
YBR087W,YIL122W,0.008263247087597847
YBR087W,YCL029C,6.4250396723895126e-15
YBR087W,YNL173C,1.1841458369410418e-11
YBR087W,YLR452C,0.9998964071273804
YBR087W,YDL160C,1.8240494530118775e-15
YBR087W,YLR229C,1.7641283989178191e-09
YBR087W,YML057W,3.0911782232578844e-05
YBR087W,YER149C,0.016674185171723366
YBR087W,YMR305C,5.07571439811727e-06
YBR087W,YLR433C,0.002529155695810914
YBR087W,YJL073W,2.891022976569957e-09
YBR087W,YGR279C,5.693489219993353e-05
YBR087W,YKL190W,6.924238959982176e-11
YBR087W,YGL089C,0.01866242289543152
YBR087W,YJL019W,0.0008834598702378571
YBR087W,YJL018W,0.06258312612771988
YBR087W,YNR032C-A,0.9806994795799255
YBR087W,YGL178W,1.5981631804606877e-06
YBR087W,YKL116C,3.40491117288913e-13
YBR087W,YDL214C,0.999142050743103
YBR087W,YLR362W,6.440051492972998e-06
YBR087W,YER068W,3.483293861683556e-11
YBR087W,YHR084W,4.933737045575981e-07
YBR087W,YDR392W,0.00010920908971456811
YBR087W,YNL053W,0.0001337360154138878
YBR087W,YGR040W,0.0041197543032467365
YBR087W,YDL216C,1.1623892959278237e-07
YBR087W,YOL117W,7.090494591466268e-08
YBR087W,YJR086W,0.019127991050481796
YBR087W,YMR025W,0.009983607567846775
YBR087W,YBR081C,0.12482765316963196
YBR087W,YFL026W,3.118537279078737e-05
YBR087W,YHL007C,1.8603537910166779e-07
YBR087W,YNR044W,0.6679880619049072
YBR087W,YNL271C,1.077724398612645e-08
YBR087W,YDR200C,2.975995372443002e-14
YBR087W,YKL178C,6.88419561356568e-07
YBR087W,YOR212W,0.015002638101577759
YBR087W,YOL111C,1.956484974030559e-09
YBR087W,YGL032C,0.0017619123682379723
YBR087W,YHR005C,0.9984995126724243
YBR087W,YDR103W,2.057552592305001e-06
YBR087W,YJR084W,1.0723986143545972e-09
YBR087W,YCL032W,1.0510530955798458e-05
YBR087W,YJL170C,0.8599154949188232
YBR087W,YDR179C,0.0015578335151076317
YBR087W,YBR095C,5.4220453904463284e-08
YBR087W,YLL021W,5.3409387135161523e-08
YBR087W,YDL159W,2.1370638592088653e-07
YBR087W,YNL161W,4.9971767168699444e-08
YBR087W,YNL188W,7.032612074908684e-07
YBR087W,YJL157C,0.002940993057563901
YBR087W,YJL034W,0.00047481872024945915
YBR087W,YLR238W,1.737534383039474e-08
YBR087W,YPR141C,0.000766742741689086
YBR087W,YNL127W,2.676152143976651e-05
YBR087W,YCL055W,0.9997155070304871
YBR087W,YPR122W,0.0007731468649581075
YBR087W,YMR065W,0.9974555373191833
YBR087W,YDR356W,2.2486731268145377e-06
YBR087W,YMR052W,9.333702699620972e-10
YBR087W,YFR008W,5.8198893384542316e-05
YBR087W,YLL043W,4.208429871255248e-08
YBR087W,YMR029C,1.2111196490138809e-08
YBR087W,YJR004C,5.031976083643558e-14
YBR087W,YDL223C,1.2205654022212631e-11
YBR087W,YHR158C,4.52273125119973e-05
YBR087W,YGR238C,1.8529741074857498e-09
YBR087W,YIL015W,0.002339407801628113
YBR087W,YGL173C,0.01482292078435421
YBR087W,YDL225W,0.0003179383056703955
YBR087W,YLR330W,3.14558290526179e-09
YBR087W,YBR129C,1.9993968702891607e-09
YBR087W,YKR095W-A,0.2020167112350464
YBR087W,YPR075C,2.0285634066627423e-13
YBR087W,YMR198W,0.00025590028963051736
YBR087W,YOR127W,1.2774532365256164e-07
YBR087W,YDR264C,1.907573278003838e-06
YBR087W,YLR110C,1.7099965725432043e-15
YBR087W,YDR379W,0.00010915984603343531
YBR087W,YDL100C,3.841970226403646e-07
YBR087W,YHR073W,0.6578543782234192
YBR087W,YJR090C,0.40113645792007446
YBR087W,YOR208W,4.892873306516776e-08
YBR087W,YBR040W,0.008665017783641815
YBR087W,YNL279W,2.4158163114407216e-07
YBR087W,YER075C,8.083047475793137e-08
YBR087W,YCR089W,0.17565204203128815
YBR087W,YCR002C,1.7951087727396953e-08
YBR087W,YJL108C,0.9973904490470886
YBR087W,YBR200W,1.9793519712152374e-08
YBR087W,YIL026C,3.3625241258050664e-08
YBR087W,YJR076C,1.975064023440609e-08
YBR087W,YKR031C,4.5924113578621473e-07
YBR087W,YPL192C,0.014153538271784782
YBR087W,YHR107C,6.486812344519421e-05
YBR087W,YIL037C,3.483787907043734e-07
YBR087W,YPL156C,0.4158357083797455
YBR087W,YIL117C,0.999975323677063
YBR087W,YHR066W,2.142134465144864e-15
YBR087W,YML085C,3.958429972694688e-10
YBR087W,YML047C,0.9902451038360596
YBR087W,YDR312W,2.0198045902475315e-08
YBR087W,YFL037W,0.009376768954098225
YBR087W,YDL038C,0.2020167112350464
YBR087W,YDL039C,3.0714070362591883e-06
YBR087W,YCL027W,0.99162757396698
YBR087W,YML124C,1.1748230511386898e-15
YBR087W,YGL053W,4.169348540017381e-05
YBR087W,YMR232W,0.002431998960673809
YBR087W,YNL298W,7.1710357651966206e-09
YBR087W,YGL099W,1.129143165686658e-13
YBR087W,YBL016W,7.375686891464284e-06
YBR087W,YAL041W,0.0016667235177010298
YBR087W,YDR085C,0.9969243407249451
YBR087W,YPL187W,0.01352769322693348
YBR087W,YPL256C,2.4481380478391657e-06
YBR087W,YDR461W,4.2275463783880696e-05
YBR087W,YNL145W,2.5680792532511987e-06
YMR300C,YDL165W,0.07530608028173447
YMR300C,YGR059W,1.2207125109853223e-05
YMR300C,YBR109C,1.7940672281113734e-09
YMR300C,YJL080C,1.5913148843083036e-07
YMR300C,YCR093W,0.19886767864227295
YMR300C,YIL122W,2.261452713980816e-08
YMR300C,YCL029C,0.11836156249046326
YMR300C,YNL173C,0.00022301050194073468
YMR300C,YLR452C,8.297632803078159e-08
YMR300C,YDL160C,5.5262973017167205e-12
YMR300C,YLR229C,3.5131120235121216e-11
YMR300C,YML057W,4.176324217008975e-12
YMR300C,YER149C,0.008914193138480186
YMR300C,YMR305C,2.5922918212017976e-06
YMR300C,YLR433C,1.648072066018358e-05
YMR300C,YJL073W,7.203057261762069e-09
YMR300C,YGR279C,1.700437302076807e-08
YMR300C,YKL190W,2.749553118519543e-07
YMR300C,YGL089C,0.9634027481079102
YMR300C,YJL019W,4.3112282632762344e-09
YMR300C,YJL018W,0.0010655197547748685
YMR300C,YNR032C-A,0.9945482611656189
YMR300C,YGL178W,5.512854173161941e-08
YMR300C,YKL116C,1.4818867022370341e-08
YMR300C,YDL214C,3.0017947665328393e-06
YMR300C,YLR362W,1.3256855335708195e-10
YMR300C,YER068W,4.1402703646411815e-15
YMR300C,YHR084W,1.0392780858126116e-08
YMR300C,YDR392W,1.2252163234235188e-15
YMR300C,YNL053W,5.558609128542003e-10
YMR300C,YGR040W,0.9806533455848694
YMR300C,YDL216C,0.9639067053794861
YMR300C,YOL117W,3.0332945356870145e-12
YMR300C,YJR086W,4.708022416366475e-09
YMR300C,YMR025W,0.1185736283659935
YMR300C,YBR081C,0.0001687838666839525
YMR300C,YFL026W,0.00040222387178801
YMR300C,YHL007C,8.20719013583382e-12
YMR300C,YNR044W,2.62986604715465e-10
YMR300C,YNL271C,0.10967744141817093
YMR300C,YDR200C,2.12480755917583e-15
YMR300C,YKL178C,2.5768547018412136e-11
YMR300C,YOR212W,1.0218257102678763e-06
YMR300C,YOL111C,8.841043018037453e-05
YMR300C,YGL032C,2.2260998600032167e-11
YMR300C,YHR005C,3.431692312005907e-05
YMR300C,YDR103W,0.6236251592636108
YMR300C,YJR084W,0.02284269407391548
YMR300C,YCL032W,2.3352220157590864e-10
YMR300C,YJL170C,4.533725950750522e-05
YMR300C,YDR179C,5.1849860028596595e-05
YMR300C,YBR095C,9.540577593725175e-06
YMR300C,YLL021W,0.9984896183013916
YMR300C,YDL159W,2.007238641965614e-08
YMR300C,YNL161W,1.3862232606243197e-07
YMR300C,YNL188W,2.6652728024600947e-08
YMR300C,YJL157C,0.0003353656502440572
YMR300C,YJL034W,2.0782099652283392e-10
YMR300C,YLR238W,2.034669705608394e-06
YMR300C,YPR141C,1.0982681487803347e-05
YMR300C,YNL127W,0.016509026288986206
YMR300C,YCL055W,1.08335825643735e-05
YMR300C,YPR122W,0.7309090495109558
YMR300C,YMR065W,0.713972806930542
YMR300C,YDR356W,5.307424544298556e-06
YMR300C,YMR052W,0.008520470932126045
YMR300C,YFR008W,0.00013791464152745903
YMR300C,YLL043W,4.9188741968464456e-09
YMR300C,YMR029C,7.418453265017888e-07
YMR300C,YJR004C,3.0044480985258687e-15
YMR300C,YDL223C,5.746872568752545e-14
YMR300C,YHR158C,0.006696364376693964
YMR300C,YGR238C,3.8992961637340784e-11
YMR300C,YIL015W,9.747534022608306e-06
YMR300C,YGL173C,0.0004461970820557326
YMR300C,YDL225W,6.021617124200851e-13
YMR300C,YLR330W,2.0343115636478615e-07
YMR300C,YBR129C,4.027103568660095e-05
YMR300C,YKR095W-A,0.2020167112350464
YMR300C,YPR075C,1.0752758043963695e-06
YMR300C,YMR198W,5.949622163825552e-07
YMR300C,YOR127W,0.016900060698390007
YMR300C,YDR264C,1.4041777740558814e-09
YMR300C,YLR110C,0.9050378203392029
YMR300C,YDR379W,2.4129340090439655e-06
YMR300C,YDL100C,3.0649694072884884e-14
YMR300C,YHR073W,5.085536991522588e-10
YMR300C,YJR090C,2.608924794950118e-12
YMR300C,YOR208W,0.0011066076112911105
YMR300C,YBR040W,4.140924582396455e-12
YMR300C,YNL279W,5.969583161125058e-10
YMR300C,YER075C,4.3381627619965e-05
YMR300C,YCR089W,1.7419200034219512e-13
YMR300C,YCR002C,5.9109547692060005e-06
YMR300C,YJL108C,1.0303213393569877e-08
YMR300C,YBR200W,1.0559975000012413e-14
YMR300C,YIL026C,0.0012686012778431177
YMR300C,YJR076C,4.944349711877294e-07
YMR300C,YKR031C,3.791048808210462e-09
YMR300C,YPL192C,0.0083145871758461
YMR300C,YHR107C,3.729762102011591e-05
YMR300C,YIL037C,1.9889405606429017e-13
YMR300C,YPL156C,0.10215458273887634
YMR300C,YIL117C,1.4072625009742268e-11
YMR300C,YHR066W,1.5567217382782966e-13
YMR300C,YML085C,8.926173689083328e-11
YMR300C,YML047C,1.5598055824739276e-06
YMR300C,YDR312W,4.860875151280197e-07
YMR300C,YFL037W,0.16300156712532043
YMR300C,YDL038C,0.2020167112350464
YMR300C,YDL039C,6.072562896974887e-09
YMR300C,YCL027W,1.0570813321897354e-11
YMR300C,YML124C,3.19814462272916e-05
YMR300C,YGL053W,9.232090092403666e-10
YMR300C,YMR232W,1.2234561836521607e-05
YMR300C,YNL298W,0.0004920967621728778
YMR300C,YGL099W,1.0848311181657633e-12
YMR300C,YBL016W,3.055100989968196e-07
YMR300C,YAL041W,0.09194756299257278
YMR300C,YDR085C,5.72374892726657e-06
YMR300C,YPL187W,4.2205414501950145e-05
YMR300C,YPL256C,1.5628863758720968e-09
YMR300C,YDR461W,3.9737994145250255e-11
YMR300C,YNL145W,5.991974830976687e-06
YBR009C,YDL165W,8.965140262107152e-12
YBR009C,YGR059W,3.303410878174873e-08
YBR009C,YBR109C,0.84621661901474
YBR009C,YJL080C,0.8769230246543884
YBR009C,YCR093W,0.00017306690278928727
YBR009C,YIL122W,7.217487052457727e-08
YBR009C,YCL029C,0.00029393192380666733
YBR009C,YNL173C,0.0003775220247916877
YBR009C,YLR452C,0.002477278932929039
YBR009C,YDL160C,0.0001525819970993325
YBR009C,YLR229C,2.1191150234318307e-13
YBR009C,YML057W,3.587790134429447e-11
YBR009C,YER149C,0.23994334042072296
YBR009C,YMR305C,4.268535391815931e-08
YBR009C,YLR433C,8.116704530714003e-10
YBR009C,YJL073W,7.61312257964164e-05
YBR009C,YGR279C,0.006868294440209866
YBR009C,YKL190W,1.036629214468121e-06
YBR009C,YGL089C,0.261533260345459
YBR009C,YJL019W,3.770827650129149e-09
YBR009C,YJL018W,0.000401658850023523
YBR009C,YNR032C-A,1.6810159650049172e-05
YBR009C,YGL178W,7.714379807698124e-13
YBR009C,YKL116C,2.1324342469597468e-07
YBR009C,YDL214C,4.038423867314123e-06
YBR009C,YLR362W,2.1319789311746717e-07
YBR009C,YER068W,3.364485382917337e-05
YBR009C,YHR084W,8.916154001781251e-06
YBR009C,YDR392W,2.17701597193809e-07
YBR009C,YNL053W,0.0007999734370969236
YBR009C,YGR040W,1.139332752586597e-07
YBR009C,YDL216C,1.2715258890239056e-06
YBR009C,YOL117W,1.868426302564785e-09
YBR009C,YJR086W,1.3735572679252073e-07
YBR009C,YMR025W,1.5123129415428593e-09
YBR009C,YBR081C,0.00013768495409749448
YBR009C,YFL026W,0.09951210021972656
YBR009C,YHL007C,0.0033462224528193474
YBR009C,YNR044W,0.1882372945547104
YBR009C,YNL271C,1.462832350911103e-12
YBR009C,YDR200C,0.00044149401946924627
YBR009C,YKL178C,4.788983787307188e-08
YBR009C,YOR212W,0.001548531698063016
YBR009C,YOL111C,1.162520198337522e-20
YBR009C,YGL032C,3.0383402190636843e-05
YBR009C,YHR005C,0.008012001402676105
YBR009C,YDR103W,1.5123871599520555e-10
YBR009C,YJR084W,8.985040489406515e-10
YBR009C,YCL032W,1.9911411861211863e-14
YBR009C,YJL170C,0.013012121431529522
YBR009C,YDR179C,0.010032330639660358
YBR009C,YBR095C,2.3018994696477613e-11
YBR009C,YLL021W,0.32559797167778015
YBR009C,YDL159W,3.134162041007471e-09
YBR009C,YNL161W,2.203268559242133e-05
YBR009C,YNL188W,0.0009641603683121502
YBR009C,YJL157C,0.001057265792042017
YBR009C,YJL034W,1.2812924055083386e-08
YBR009C,YLR238W,4.2700546032392594e-07
YBR009C,YPR141C,0.003985976800322533
YBR009C,YNL127W,8.751677715856943e-10
YBR009C,YCL055W,2.3228030840982683e-06
YBR009C,YPR122W,0.2670477330684662
YBR009C,YMR065W,0.9999785423278809
YBR009C,YDR356W,0.8681055307388306
YBR009C,YMR052W,1.2776440350137364e-08
YBR009C,YFR008W,1.9599632651079446e-05
YBR009C,YLL043W,1.6080201021395624e-05
YBR009C,YMR029C,5.443048542132711e-16
YBR009C,YJR004C,1.5205024739284312e-11
YBR009C,YDL223C,6.65436900219767e-18
YBR009C,YHR158C,2.393321985039165e-08
YBR009C,YGR238C,1.9709720491862397e-17
YBR009C,YIL015W,9.555368478686432e-07
YBR009C,YGL173C,4.697195618064143e-05
YBR009C,YDL225W,0.0202814731746912
YBR009C,YLR330W,4.027140221296577e-08
YBR009C,YBR129C,4.244229145911049e-08
YBR009C,YKR095W-A,0.2020167112350464
YBR009C,YPR075C,1.4825859927214934e-14
YBR009C,YMR198W,2.3779028197168373e-05
YBR009C,YOR127W,1.8066518805426313e-06
YBR009C,YDR264C,2.818786128955253e-07
YBR009C,YLR110C,2.9217320843599737e-05
YBR009C,YDR379W,0.5228002667427063
YBR009C,YDL100C,2.94613819278311e-05
YBR009C,YHR073W,3.276742972957436e-06
YBR009C,YJR090C,0.019479844719171524
YBR009C,YOR208W,2.7664574986374646e-07
YBR009C,YBR040W,0.014725693501532078
YBR009C,YNL279W,0.038559623062610626
YBR009C,YER075C,4.449217415932599e-13
YBR009C,YCR089W,0.9807526469230652
YBR009C,YCR002C,3.08114889158162e-09
YBR009C,YJL108C,0.2020793855190277
YBR009C,YBR200W,1.3955497024653596e-07
YBR009C,YIL026C,4.501758521513466e-09
YBR009C,YJR076C,3.0153547413647175e-05
YBR009C,YKR031C,0.009380082599818707
YBR009C,YPL192C,0.96818608045578
YBR009C,YHR107C,1.3330457477422897e-05
YBR009C,YIL037C,6.264224066399038e-05
YBR009C,YPL156C,1.1193874627224432e-07
YBR009C,YIL117C,4.306087431071859e-11
YBR009C,YHR066W,1.1145233180798186e-08
YBR009C,YML085C,1.752416545208746e-10
YBR009C,YML047C,0.11503379046916962
YBR009C,YDR312W,7.683122385060415e-05
YBR009C,YFL037W,1.284818154090317e-07
YBR009C,YDL038C,0.2020167112350464
YBR009C,YDL039C,7.08221591594338e-07
YBR009C,YCL027W,1.6640706235193647e-05
YBR009C,YML124C,6.947387110045611e-12
YBR009C,YGL053W,1.947928041090563e-07
YBR009C,YMR232W,0.9859715104103088
YBR009C,YNL298W,0.004212362691760063
YBR009C,YGL099W,3.479188848132253e-08
YBR009C,YBL016W,4.6801623909686896e-08
YBR009C,YAL041W,0.49307581782341003
YBR009C,YDR085C,0.987536609172821
YBR009C,YPL187W,1.1642175195447635e-05
YBR009C,YPL256C,2.1837915937794605e-06
YBR009C,YDR461W,9.017770526627668e-20
YBR009C,YNL145W,0.001818672870285809
YAL055W,YDL165W,1.0470736278023196e-08
YAL055W,YGR059W,0.00010236552043352276
YAL055W,YBR109C,1.636914909175502e-11
YAL055W,YJL080C,9.548261060119984e-15
YAL055W,YCR093W,9.21717884239115e-08
YAL055W,YIL122W,0.0019252358470112085
YAL055W,YCL029C,1.313376862532506e-16
YAL055W,YNL173C,9.0224783200199e-10
YAL055W,YLR452C,3.023550121383778e-08
YAL055W,YDL160C,4.537148015515413e-06
YAL055W,YLR229C,1.2988739424291129e-11
YAL055W,YML057W,2.8337592272720258e-09
YAL055W,YER149C,2.77865979114722e-06
YAL055W,YMR305C,1.2270815830106585e-07
YAL055W,YLR433C,8.709799294592813e-05
YAL055W,YJL073W,8.769537219481878e-22
YAL055W,YGR279C,1.3289103435454308e-06
YAL055W,YKL190W,3.4424840755775676e-10
YAL055W,YGL089C,1.2864331893069902e-06
YAL055W,YJL019W,1.5303680100942074e-08
YAL055W,YJL018W,0.029130306094884872
YAL055W,YNR032C-A,9.233877062797546e-05
YAL055W,YGL178W,0.0031917246524244547
YAL055W,YKL116C,3.2468067134600737e-14
YAL055W,YDL214C,5.341682367543399e-07
YAL055W,YLR362W,3.145356970435387e-07
YAL055W,YER068W,0.0019137246999889612
YAL055W,YHR084W,7.490633547463377e-14
YAL055W,YDR392W,5.1708741455325224e-11
YAL055W,YNL053W,6.951773912078352e-08
YAL055W,YGR040W,2.3349908587988466e-05
YAL055W,YDL216C,2.683623601118512e-10
YAL055W,YOL117W,0.0012215303722769022
YAL055W,YJR086W,1.641272881491851e-11
YAL055W,YMR025W,6.876559321966624e-10
YAL055W,YBR081C,1.1171356391059817e-06
YAL055W,YFL026W,5.167031802422173e-10
YAL055W,YHL007C,1.2458325482356258e-09
YAL055W,YNR044W,0.025504695251584053
YAL055W,YNL271C,2.2197060900452925e-07
YAL055W,YDR200C,1.2475201427442073e-10
YAL055W,YKL178C,0.02116476371884346
YAL055W,YOR212W,2.1293576168805728e-13
YAL055W,YOL111C,2.2592919322050875e-06
YAL055W,YGL032C,3.889314318308487e-18
YAL055W,YHR005C,5.845752184541197e-07
YAL055W,YDR103W,0.0020747780799865723
YAL055W,YJR084W,0.0004910342977382243
YAL055W,YCL032W,6.147256315092164e-11
YAL055W,YJL170C,3.658026770381184e-09
YAL055W,YDR179C,7.49470898296162e-17
YAL055W,YBR095C,3.9811492769104007e-08
YAL055W,YLL021W,3.107316501882451e-07
YAL055W,YDL159W,6.326405855361372e-05
YAL055W,YNL161W,5.907076774747111e-05
YAL055W,YNL188W,6.3200959223019826e-12
YAL055W,YJL157C,2.206313618854008e-18
YAL055W,YJL034W,1.087966428059417e-08
YAL055W,YLR238W,6.878677538679767e-08
YAL055W,YPR141C,0.0013826934155076742
YAL055W,YNL127W,0.00016650410543661565
YAL055W,YCL055W,1.1789951770424523e-07
YAL055W,YPR122W,3.334413301026018e-10
YAL055W,YMR065W,0.9091545343399048
YAL055W,YDR356W,0.0009657107875682414
YAL055W,YMR052W,1.4586956353923597e-07
YAL055W,YFR008W,2.0570648473494657e-07
YAL055W,YLL043W,0.00046097507583908737
YAL055W,YMR029C,7.253676358232042e-06
YAL055W,YJR004C,0.026954082772135735
YAL055W,YDL223C,2.709885191338134e-15
YAL055W,YHR158C,4.926702786178794e-06
YAL055W,YGR238C,1.0329497257544062e-09
YAL055W,YIL015W,2.175322810771263e-09
YAL055W,YGL173C,9.477754474573885e-07
YAL055W,YDL225W,3.330545794710815e-08
YAL055W,YLR330W,0.03842029348015785
YAL055W,YBR129C,6.3572698216773915e-09
YAL055W,YKR095W-A,0.2020167112350464
YAL055W,YPR075C,7.169681794039207e-06
YAL055W,YMR198W,0.00030756561318412423
YAL055W,YOR127W,2.6539091777522117e-05
YAL055W,YDR264C,4.168559247785808e-11
YAL055W,YLR110C,0.001100494060665369
YAL055W,YDR379W,1.1121242238232298e-07
YAL055W,YDL100C,0.01822737418115139
YAL055W,YHR073W,0.06518309563398361
YAL055W,YJR090C,2.183405456435139e-07
YAL055W,YOR208W,0.20612110197544098
YAL055W,YBR040W,2.0513263976340568e-08
YAL055W,YNL279W,0.00034582935040816665
YAL055W,YER075C,0.00021337160433176905
YAL055W,YCR089W,4.508579065642948e-10
YAL055W,YCR002C,7.46412740643132e-12
YAL055W,YJL108C,0.30518439412117004
YAL055W,YBR200W,7.213406934170052e-05
YAL055W,YIL026C,1.5545751352874504e-07
YAL055W,YJR076C,5.0940718210767955e-05
YAL055W,YKR031C,0.0002047601738013327
YAL055W,YPL192C,0.015453502535820007
YAL055W,YHR107C,1.5265189290403214e-07
YAL055W,YIL037C,2.141631938457067e-07
YAL055W,YPL156C,3.0963080916990293e-06
YAL055W,YIL117C,1.7244831340690325e-08
YAL055W,YHR066W,4.7863531714431584e-12
YAL055W,YML085C,2.2270997979828566e-13
YAL055W,YML047C,0.011887786909937859
YAL055W,YDR312W,7.707001714152284e-06
YAL055W,YFL037W,5.296120875186716e-08
YAL055W,YDL038C,0.2020167112350464
YAL055W,YDL039C,1.3563431722987727e-19
YAL055W,YCL027W,1.0448556082842675e-11
YAL055W,YML124C,1.2654787440169457e-08
YAL055W,YGL053W,3.0944110562813876e-07
YAL055W,YMR232W,0.00024052910157479346
YAL055W,YNL298W,4.51787656174929e-07
YAL055W,YGL099W,1.501908319934131e-11
YAL055W,YBL016W,8.500354198304194e-08
YAL055W,YAL041W,0.6577208042144775
YAL055W,YDR085C,0.0001145599308074452
YAL055W,YPL187W,0.06732581555843353
YAL055W,YPL256C,2.0530073474578359e-10
YAL055W,YDR461W,1.7391637920929036e-14
YAL055W,YNL145W,1.1241892934776843e-05
YER014C-A,YDL165W,0.0012714898912236094
YER014C-A,YGR059W,0.0002153251989511773
YER014C-A,YBR109C,0.2935206890106201
YER014C-A,YJL080C,0.0013631656765937805
YER014C-A,YCR093W,2.015641200614482e-07
YER014C-A,YIL122W,9.682638619779027e-07
YER014C-A,YCL029C,0.33527716994285583
YER014C-A,YNL173C,0.013354959897696972
YER014C-A,YLR452C,3.8387915992643684e-05
YER014C-A,YDL160C,5.056968888084157e-08
YER014C-A,YLR229C,0.00047504715621471405
YER014C-A,YML057W,0.11506959795951843
YER014C-A,YER149C,7.398566231131554e-05
YER014C-A,YMR305C,0.006546219810843468
YER014C-A,YLR433C,0.0908360704779625
YER014C-A,YJL073W,0.30567651987075806
YER014C-A,YGR279C,0.0020691168028861284
YER014C-A,YKL190W,0.007361611817032099
YER014C-A,YGL089C,6.050558387649119e-10
YER014C-A,YJL019W,0.001498919678851962
YER014C-A,YJL018W,0.2020167112350464
YER014C-A,YNR032C-A,0.0010177531512454152
YER014C-A,YGL178W,0.00908459909260273
YER014C-A,YKL116C,0.229398712515831
YER014C-A,YDL214C,5.8522728068055585e-06
YER014C-A,YLR362W,0.06444231420755386
YER014C-A,YER068W,7.968386506185254e-10
YER014C-A,YHR084W,4.912555251479489e-09
YER014C-A,YDR392W,0.20395511388778687
YER014C-A,YNL053W,3.667943019536324e-05
YER014C-A,YGR040W,0.016201024875044823
YER014C-A,YDL216C,0.14627061784267426
YER014C-A,YOL117W,0.00042037441744469106
YER014C-A,YJR086W,0.00010851699335034937
YER014C-A,YMR025W,2.1784670067859224e-08
YER014C-A,YBR081C,2.909503962200688e-07
YER014C-A,YFL026W,0.0023766150698065758
YER014C-A,YHL007C,0.0004877934406977147
YER014C-A,YNR044W,1.8105191657014075e-07
YER014C-A,YNL271C,0.268250972032547
YER014C-A,YDR200C,0.058320194482803345
YER014C-A,YKL178C,4.703976941300425e-08
YER014C-A,YOR212W,0.003207441885024309
YER014C-A,YOL111C,0.029574740678071976
YER014C-A,YGL032C,0.017613975331187248
YER014C-A,YHR005C,0.0031315486412495375
YER014C-A,YDR103W,0.19171012938022614
YER014C-A,YJR084W,0.000580312917008996
YER014C-A,YCL032W,0.6176268458366394
YER014C-A,YJL170C,0.0002000952954404056
YER014C-A,YDR179C,5.1904873544117436e-05
YER014C-A,YBR095C,0.2796361446380615
YER014C-A,YLL021W,0.02003374509513378
YER014C-A,YDL159W,0.14056512713432312
YER014C-A,YNL161W,0.02808036468923092
YER014C-A,YNL188W,3.9828618181303455e-10
YER014C-A,YJL157C,2.3482891265302896e-05
YER014C-A,YJL034W,0.0055552199482917786
YER014C-A,YLR238W,0.05927702784538269
YER014C-A,YPR141C,6.284997652983293e-06
YER014C-A,YNL127W,0.0001232746144523844
YER014C-A,YCL055W,0.0015875803073868155
YER014C-A,YPR122W,6.334416684694588e-05
YER014C-A,YMR065W,4.6632421799586155e-06
YER014C-A,YDR356W,6.702963582938537e-05
YER014C-A,YMR052W,4.479873496165965e-06
YER014C-A,YFR008W,0.0018703180830925703
YER014C-A,YLL043W,0.004218703601509333
YER014C-A,YMR029C,0.03899773955345154
YER014C-A,YJR004C,0.00012897317355964333
YER014C-A,YDL223C,0.4007880687713623
YER014C-A,YHR158C,0.0001249655324500054
YER014C-A,YGR238C,6.040096195647493e-05
YER014C-A,YIL015W,0.09419047087430954
YER014C-A,YGL173C,0.0006069852970540524
YER014C-A,YDL225W,8.311298188345972e-06
YER014C-A,YLR330W,0.055609118193387985
YER014C-A,YBR129C,0.004995643626898527
YER014C-A,YKR095W-A,0.2020167112350464
YER014C-A,YPR075C,0.191973477602005
YER014C-A,YMR198W,1.695134415058419e-05
YER014C-A,YOR127W,0.2989294230937958
YER014C-A,YDR264C,0.00042464080615900457
YER014C-A,YLR110C,3.786681918427348e-05
YER014C-A,YDR379W,0.40595072507858276
YER014C-A,YDL100C,0.0002870633907150477
YER014C-A,YHR073W,1.6357476852135733e-05
YER014C-A,YJR090C,0.0025233859196305275
YER014C-A,YOR208W,0.7553877234458923
YER014C-A,YBR040W,2.22197158450399e-08
YER014C-A,YNL279W,4.582121846397058e-07
YER014C-A,YER075C,0.00010555621702224016
YER014C-A,YCR089W,1.8105883725638705e-07
YER014C-A,YCR002C,0.3081420660018921
YER014C-A,YJL108C,3.480862142168917e-05
YER014C-A,YBR200W,0.48168399930000305
YER014C-A,YIL026C,7.730097422609106e-05
YER014C-A,YJR076C,0.00737739959731698
YER014C-A,YKR031C,0.010278003290295601
YER014C-A,YPL192C,4.848952350755553e-10
YER014C-A,YHR107C,0.6710577011108398
YER014C-A,YIL037C,1.5049307648951071e-06
YER014C-A,YPL156C,3.831344130844627e-08
YER014C-A,YIL117C,0.07752213627099991
YER014C-A,YHR066W,3.619946801336482e-05
YER014C-A,YML085C,4.532506500254385e-05
YER014C-A,YML047C,5.50574785762592e-09
YER014C-A,YDR312W,0.056137364357709885
YER014C-A,YFL037W,0.026724297553300858
YER014C-A,YDL038C,0.2020167112350464
YER014C-A,YDL039C,1.268102067797372e-07
YER014C-A,YCL027W,2.4861310521373525e-06
YER014C-A,YML124C,0.5058756470680237
YER014C-A,YGL053W,0.0011180179426446557
YER014C-A,YMR232W,3.624141982072615e-07
YER014C-A,YNL298W,0.006286038085818291
YER014C-A,YGL099W,6.981848127907142e-05
YER014C-A,YBL016W,0.4646855592727661
YER014C-A,YAL041W,1.2966394024260808e-05
YER014C-A,YDR085C,0.011426173150539398
YER014C-A,YPL187W,1.2769712611770956e-06
YER014C-A,YPL256C,0.01920151151716709
YER014C-A,YDR461W,0.00022252961935009807
YER014C-A,YNL145W,0.0009159567416645586
YDR320C-A,YDL165W,0.0002096832758979872
YDR320C-A,YGR059W,2.428353764116764e-05
YDR320C-A,YBR109C,7.0658479671692476e-06
YDR320C-A,YJL080C,8.929267096391413e-06
YDR320C-A,YCR093W,0.2020167112350464
YDR320C-A,YIL122W,0.0012911937665194273
YDR320C-A,YCL029C,0.0003027115308213979
YDR320C-A,YNL173C,1.4420052139030304e-05
YDR320C-A,YLR452C,8.578854249208234e-06
YDR320C-A,YDL160C,0.004355550743639469
YDR320C-A,YLR229C,4.763290064602188e-07
YDR320C-A,YML057W,0.00010523320088395849
YDR320C-A,YER149C,0.00023946186411194503
YDR320C-A,YMR305C,2.0480405510170385e-05
YDR320C-A,YLR433C,0.00025854495470412076
YDR320C-A,YJL073W,4.394197276269551e-06
YDR320C-A,YGR279C,0.00606105150654912
YDR320C-A,YKL190W,5.569348786593764e-07
YDR320C-A,YGL089C,0.2020167112350464
YDR320C-A,YJL019W,4.353740223450586e-06
YDR320C-A,YJL018W,0.2020167112350464
YDR320C-A,YNR032C-A,0.2020167112350464
YDR320C-A,YGL178W,0.0027099652215838432
YDR320C-A,YKL116C,7.610929606016725e-05
YDR320C-A,YDL214C,0.2020167112350464
YDR320C-A,YLR362W,8.186700142687187e-05
YDR320C-A,YER068W,1.5388422980322503e-07
YDR320C-A,YHR084W,5.5212307614738165e-08
YDR320C-A,YDR392W,8.382000373785559e-07
YDR320C-A,YNL053W,0.0012866955948993564
YDR320C-A,YGR040W,0.0005651240353472531
YDR320C-A,YDL216C,2.76678207455916e-07
YDR320C-A,YOL117W,8.172400157491211e-06
YDR320C-A,YJR086W,1.1180778528796509e-05
YDR320C-A,YMR025W,7.018412073733771e-09
YDR320C-A,YBR081C,7.520419330830919e-06
YDR320C-A,YFL026W,1.1722378076228779e-05
YDR320C-A,YHL007C,0.0004047216207254678
YDR320C-A,YNR044W,0.04561173915863037
YDR320C-A,YNL271C,9.505257185082883e-05
YDR320C-A,YDR200C,5.522129140445031e-05
YDR320C-A,YKL178C,0.05630016699433327
YDR320C-A,YOR212W,4.166112921666354e-05
YDR320C-A,YOL111C,6.949678663659142e-06
YDR320C-A,YGL032C,3.000658807650325e-06
YDR320C-A,YHR005C,0.01505275722593069
YDR320C-A,YDR103W,0.01058587059378624
YDR320C-A,YJR084W,9.22251092561055e-06
YDR320C-A,YCL032W,0.0002149467618437484
YDR320C-A,YJL170C,1.9880681634276698e-07
YDR320C-A,YDR179C,0.0005257644806988537
YDR320C-A,YBR095C,3.948033190681599e-05
YDR320C-A,YLL021W,1.5933011354718474e-06
YDR320C-A,YDL159W,0.00021881858992855996
YDR320C-A,YNL161W,0.20266391336917877
YDR320C-A,YNL188W,1.3989371154821129e-06
YDR320C-A,YJL157C,1.842218443925958e-05
YDR320C-A,YJL034W,1.642824827285949e-05
YDR320C-A,YLR238W,6.20837599853985e-05
YDR320C-A,YPR141C,0.2020167112350464
YDR320C-A,YNL127W,0.018538542091846466
YDR320C-A,YCL055W,4.419944161782041e-06
YDR320C-A,YPR122W,6.613451205339516e-06
YDR320C-A,YMR065W,4.428968532010913e-05
YDR320C-A,YDR356W,1.8230150089948438e-05
YDR320C-A,YMR052W,2.29072427693211e-09
YDR320C-A,YFR008W,0.0005183605244383216
YDR320C-A,YLL043W,0.0002990478533320129
YDR320C-A,YMR029C,0.00041353583219461143
YDR320C-A,YJR004C,3.1889896490611136e-05
YDR320C-A,YDL223C,1.495496803727292e-06
YDR320C-A,YHR158C,7.264004671014845e-05
YDR320C-A,YGR238C,2.1710820874432102e-07
YDR320C-A,YIL015W,1.0064088655781234e-06
YDR320C-A,YGL173C,0.0004079258651472628
YDR320C-A,YDL225W,7.219810868264176e-06
YDR320C-A,YLR330W,0.00011881323007401079
YDR320C-A,YBR129C,6.530232212753617e-07
YDR320C-A,YKR095W-A,0.2020167112350464
YDR320C-A,YPR075C,0.0051246527582407
YDR320C-A,YMR198W,0.001650339923799038
YDR320C-A,YOR127W,0.0002001649554586038
YDR320C-A,YDR264C,0.0001605285215191543
YDR320C-A,YLR110C,9.47000160067546e-07
YDR320C-A,YDR379W,0.0005925653968006372
YDR320C-A,YDL100C,4.94992150379403e-07
YDR320C-A,YHR073W,1.9560941382223973e-06
YDR320C-A,YJR090C,7.741841545794159e-05
YDR320C-A,YOR208W,4.8061694542411715e-05
YDR320C-A,YBR040W,0.0009157336899079382
YDR320C-A,YNL279W,2.109479100909084e-05
YDR320C-A,YER075C,5.7561010180506855e-05
YDR320C-A,YCR089W,0.18242132663726807
YDR320C-A,YCR002C,2.2182405245985137e-06
YDR320C-A,YJL108C,6.41911469756451e-07
YDR320C-A,YBR200W,0.2020167112350464
YDR320C-A,YIL026C,1.2384219189698342e-05
YDR320C-A,YJR076C,6.800229925829626e-07
YDR320C-A,YKR031C,0.0005844560218974948
YDR320C-A,YPL192C,3.336632516948157e-06
YDR320C-A,YHR107C,0.006089574657380581
YDR320C-A,YIL037C,1.736362355586607e-05
YDR320C-A,YPL156C,0.001625346951186657
YDR320C-A,YIL117C,5.563102968153544e-05
YDR320C-A,YHR066W,0.0005818087956868112
YDR320C-A,YML085C,6.112753908382729e-05
YDR320C-A,YML047C,1.1798689229181036e-05
YDR320C-A,YDR312W,0.017994588240981102
YDR320C-A,YFL037W,0.00010529352584853768
YDR320C-A,YDL038C,0.2020167112350464
YDR320C-A,YDL039C,0.004218911752104759
YDR320C-A,YCL027W,0.2020167112350464
YDR320C-A,YML124C,7.978869120961463e-09
YDR320C-A,YGL053W,0.0006454188260249794
YDR320C-A,YMR232W,3.087915501964744e-06
YDR320C-A,YNL298W,0.00012498447904363275
YDR320C-A,YGL099W,2.8584686333488207e-06
YDR320C-A,YBL016W,1.0676300007617101e-05
YDR320C-A,YAL041W,7.503703045586008e-07
YDR320C-A,YDR085C,1.2292159226490185e-05
YDR320C-A,YPL187W,0.0017098905518651009
YDR320C-A,YPL256C,1.1407169949961826e-05
YDR320C-A,YDR461W,1.4600429949496174e-06
YDR320C-A,YNL145W,4.94793857797049e-06
Q0070,YDL165W,0.0001127307114074938
Q0070,YGR059W,0.01662161760032177
Q0070,YBR109C,0.0019487434765323997
Q0070,YJL080C,1.2965059795533307e-05
Q0070,YCR093W,0.0001224928128067404
Q0070,YIL122W,0.199691504240036
Q0070,YCL029C,1.4256528402256663e-06
Q0070,YNL173C,0.003995115403085947
Q0070,YLR452C,0.0008768389234319329
Q0070,YDL160C,0.007325572427362204
Q0070,YLR229C,7.181662658695132e-05
Q0070,YML057W,0.000244274502620101
Q0070,YER149C,0.008526108227670193
Q0070,YMR305C,9.19647645787336e-05
Q0070,YLR433C,0.003707041498273611
Q0070,YJL073W,0.10148360580205917
Q0070,YGR279C,0.0007840381585992873
Q0070,YKL190W,0.00047576584620401263
Q0070,YGL089C,0.09990482777357101
Q0070,YJL019W,0.0010247690370306373
Q0070,YJL018W,0.2020167112350464
Q0070,YNR032C-A,1.7765738448360935e-05
Q0070,YGL178W,0.0001400932524120435
Q0070,YKL116C,0.0013490371638908982
Q0070,YDL214C,0.0006473705288954079
Q0070,YLR362W,7.234569784486666e-05
Q0070,YER068W,7.888247637310997e-05
Q0070,YHR084W,0.00011013597395503893
Q0070,YDR392W,0.000279026513453573
Q0070,YNL053W,0.00046004028990864754
Q0070,YGR040W,0.0002959404664579779
Q0070,YDL216C,7.333375106099993e-05
Q0070,YOL117W,0.025018738582730293
Q0070,YJR086W,0.2020167112350464
Q0070,YMR025W,0.0004077015910297632
Q0070,YBR081C,0.0004950492293573916
Q0070,YFL026W,0.00022685772273689508
Q0070,YHL007C,7.072669541230425e-05
Q0070,YNR044W,7.772695971652865e-05
Q0070,YNL271C,0.00010975289478665218
Q0070,YDR200C,0.00030966344638727605
Q0070,YKL178C,0.04993518814444542
Q0070,YOR212W,1.2132835763623007e-05
Q0070,YOL111C,0.0001488536800025031
Q0070,YGL032C,0.00012552888074424118
Q0070,YHR005C,9.365904406877235e-05
Q0070,YDR103W,6.865024624858052e-05
Q0070,YJR084W,0.00021314062178134918
Q0070,YCL032W,0.006024252623319626
Q0070,YJL170C,0.010773167945444584
Q0070,YDR179C,0.0007089383434504271
Q0070,YBR095C,0.00011156484833918512
Q0070,YLL021W,0.007228074595332146
Q0070,YDL159W,0.0008800660725682974
Q0070,YNL161W,0.0028263679705560207
Q0070,YNL188W,0.20236587524414062
Q0070,YJL157C,0.0011762297945097089
Q0070,YJL034W,0.0008110780036076903
Q0070,YLR238W,0.0007535513723269105
Q0070,YPR141C,1.5440829884028062e-05
Q0070,YNL127W,8.134484232868999e-05
Q0070,YCL055W,0.012632988393306732
Q0070,YPR122W,2.3826949473004788e-05
Q0070,YMR065W,1.2200875971757341e-05
Q0070,YDR356W,0.0006536825676448643
Q0070,YMR052W,0.0031909174285829067
Q0070,YFR008W,0.003085695207118988
Q0070,YLL043W,0.00011317209282424301
Q0070,YMR029C,0.003685872070491314
Q0070,YJR004C,0.006188120227307081
Q0070,YDL223C,0.03444376215338707
Q0070,YHR158C,2.2656720375380246e-06
Q0070,YGR238C,0.004245181567966938
Q0070,YIL015W,0.02011244371533394
Q0070,YGL173C,0.0001356962602585554
Q0070,YDL225W,1.4539331459673122e-05
Q0070,YLR330W,0.005406659096479416
Q0070,YBR129C,0.0008028830634430051
Q0070,YKR095W-A,0.2020167112350464
Q0070,YPR075C,0.0002447456354275346
Q0070,YMR198W,1.1211101082153618e-05
Q0070,YOR127W,0.0009579682373441756
Q0070,YDR264C,0.006834301166236401
Q0070,YLR110C,1.3501309695129748e-05
Q0070,YDR379W,0.004234614782035351
Q0070,YDL100C,2.498936009942554e-05
Q0070,YHR073W,0.02872888371348381
Q0070,YJR090C,0.002297426573932171
Q0070,YOR208W,0.0003989717224612832
Q0070,YBR040W,0.2020167112350464
Q0070,YNL279W,0.00016816347488202155
Q0070,YER075C,0.00023497064830735326
Q0070,YCR089W,2.6913316105492413e-05
Q0070,YCR002C,0.0004030074051115662
Q0070,YJL108C,1.7024083717842586e-05
Q0070,YBR200W,3.943479896406643e-05
Q0070,YIL026C,0.0016362430760636926
Q0070,YJR076C,0.2020167112350464
Q0070,YKR031C,0.0002403711259830743
Q0070,YPL192C,0.2020167112350464
Q0070,YHR107C,0.0016367323696613312
Q0070,YIL037C,6.576623127330095e-05
Q0070,YPL156C,0.0014201176818460226
Q0070,YIL117C,0.00043709389865398407
Q0070,YHR066W,0.0020060522947460413
Q0070,YML085C,0.17723090946674347
Q0070,YML047C,0.042130857706069946
Q0070,YDR312W,0.0002814882027450949
Q0070,YFL037W,0.00039237417513504624
Q0070,YDL038C,0.2020167112350464
Q0070,YDL039C,0.06680522114038467
Q0070,YCL027W,0.00010305317118763924
Q0070,YML124C,0.04227178916335106
Q0070,YGL053W,0.002692834474146366
Q0070,YMR232W,0.010269828140735626
Q0070,YNL298W,2.5212553737219423e-05
Q0070,YGL099W,0.0006166814710013568
Q0070,YBL016W,0.010808399878442287
Q0070,YAL041W,0.00042925120214931667
Q0070,YDR085C,0.03317110612988472
Q0070,YPL187W,0.2020167112350464
Q0070,YPL256C,0.00022564039682038128
Q0070,YDR461W,0.0016407789662480354
Q0070,YNL145W,0.002112137619405985
YNR006W,YDL165W,0.2545144855976105
YNR006W,YGR059W,7.168430784076918e-06
YNR006W,YBR109C,5.275141745642031e-08
YNR006W,YJL080C,0.12825638055801392
YNR006W,YCR093W,3.48537287209183e-05
YNR006W,YIL122W,6.606799729524937e-08
YNR006W,YCL029C,4.1734818267968876e-08
YNR006W,YNL173C,6.818569545430364e-06
YNR006W,YLR452C,2.8847781052832033e-08
YNR006W,YDL160C,0.3221643567085266
YNR006W,YLR229C,1.2183437370083539e-08
YNR006W,YML057W,2.661542112036841e-06
YNR006W,YER149C,0.6590532660484314
YNR006W,YMR305C,7.671832463529427e-06
YNR006W,YLR433C,1.5793990314705297e-05
YNR006W,YJL073W,1.1117143447134104e-12
YNR006W,YGR279C,2.7798520818578254e-08
YNR006W,YKL190W,0.03978521004319191
YNR006W,YGL089C,0.006596111226826906
YNR006W,YJL019W,0.01275546383112669
YNR006W,YJL018W,0.1287381947040558
YNR006W,YNR032C-A,0.9970020651817322
YNR006W,YGL178W,2.1545774053777222e-09
YNR006W,YKL116C,9.693027491763928e-10
YNR006W,YDL214C,0.25404074788093567
YNR006W,YLR362W,0.00010191894398303702
YNR006W,YER068W,1.338540567275004e-08
YNR006W,YHR084W,2.5080517523923263e-11
YNR006W,YDR392W,0.9910584092140198
YNR006W,YNL053W,0.000281608197838068
YNR006W,YGR040W,0.016698352992534637
YNR006W,YDL216C,0.07867422699928284
YNR006W,YOL117W,3.287223648840154e-07
YNR006W,YJR086W,0.0016539815114811063
YNR006W,YMR025W,0.9989175796508789
YNR006W,YBR081C,0.5481435060501099
YNR006W,YFL026W,1.9898720893252175e-07
YNR006W,YHL007C,2.4757962364674313e-06
YNR006W,YNR044W,1.0981852927027802e-10
YNR006W,YNL271C,0.9998335838317871
YNR006W,YDR200C,0.9997841715812683
YNR006W,YKL178C,0.5485903024673462
YNR006W,YOR212W,3.0390566507776384e-08
YNR006W,YOL111C,6.125655982458511e-09
YNR006W,YGL032C,0.03269566595554352
YNR006W,YHR005C,2.568407708736231e-09
YNR006W,YDR103W,0.0019914403092116117
YNR006W,YJR084W,6.546625996861621e-08
YNR006W,YCL032W,0.007241685409098864
YNR006W,YJL170C,0.008523987606167793
YNR006W,YDR179C,4.5494927825018294e-09
YNR006W,YBR095C,0.11238108575344086
YNR006W,YLL021W,4.554997712347131e-09
YNR006W,YDL159W,1.6525103225910331e-13
YNR006W,YNL161W,0.0557946115732193
YNR006W,YNL188W,2.3432902285236423e-09
YNR006W,YJL157C,6.478958322270594e-17
YNR006W,YJL034W,2.050311339364379e-21
YNR006W,YLR238W,5.316066562954802e-06
YNR006W,YPR141C,1.2937161758541649e-11
YNR006W,YNL127W,5.641219402718889e-08
YNR006W,YCL055W,1.1056162241832772e-15
YNR006W,YPR122W,0.06119308993220329
YNR006W,YMR065W,2.0174354631308233e-07
YNR006W,YDR356W,0.8639788031578064
YNR006W,YMR052W,0.8346729874610901
YNR006W,YFR008W,2.2781978259445168e-05
YNR006W,YLL043W,1.3603592378785834e-05
YNR006W,YMR029C,0.00014137076504994184
YNR006W,YJR004C,0.014508405700325966
YNR006W,YDL223C,3.167284490235289e-10
YNR006W,YHR158C,0.0006116640288382769
YNR006W,YGR238C,1.7479042657697619e-09
YNR006W,YIL015W,7.80765319063903e-09
YNR006W,YGL173C,1.4139065740437218e-07
YNR006W,YDL225W,0.10260162502527237
YNR006W,YLR330W,0.0012875734828412533
YNR006W,YBR129C,4.3010768422391266e-05
YNR006W,YKR095W-A,0.2020167112350464
YNR006W,YPR075C,5.043723945163947e-07
YNR006W,YMR198W,7.024080161954771e-08
YNR006W,YOR127W,9.307861859042532e-08
YNR006W,YDR264C,2.0729375194150634e-07
YNR006W,YLR110C,6.535673492180649e-06
YNR006W,YDR379W,0.001283443532884121
YNR006W,YDL100C,0.001658748835325241
YNR006W,YHR073W,4.0361214814765844e-06
YNR006W,YJR090C,1.9219074331999764e-08
YNR006W,YOR208W,0.00016978140047285706
YNR006W,YBR040W,0.2180403769016266
YNR006W,YNL279W,0.0011973845539614558
YNR006W,YER075C,0.0003197746991645545
YNR006W,YCR089W,0.6486738920211792
YNR006W,YCR002C,7.056345930323005e-05
YNR006W,YJL108C,0.1684335172176361
YNR006W,YBR200W,8.748651803003327e-11
YNR006W,YIL026C,3.210855803459367e-09
YNR006W,YJR076C,5.340708986167897e-10
YNR006W,YKR031C,0.0013753524981439114
YNR006W,YPL192C,0.0006607159739360213
YNR006W,YHR107C,0.018576163798570633
YNR006W,YIL037C,0.04474766552448273
YNR006W,YPL156C,0.40767914056777954
YNR006W,YIL117C,0.00033561541931703687
YNR006W,YHR066W,5.981894667106413e-13
YNR006W,YML085C,1.8070184020987923e-12
YNR006W,YML047C,5.340717052604305e-06
YNR006W,YDR312W,0.0005446808063425124
YNR006W,YFL037W,0.5555093884468079
YNR006W,YDL038C,0.2020167112350464
YNR006W,YDL039C,9.338780833714755e-13
YNR006W,YCL027W,9.785918564375606e-08
YNR006W,YML124C,2.3356616907221905e-07
YNR006W,YGL053W,0.0002595630649011582
YNR006W,YMR232W,0.9862387776374817
YNR006W,YNL298W,1.1737525795751935e-07
YNR006W,YGL099W,7.277785130099801e-07
YNR006W,YBL016W,4.2574142128382064e-11
YNR006W,YAL041W,1.498113851994276e-05
YNR006W,YDR085C,0.005109604448080063
YNR006W,YPL187W,0.5986526012420654
YNR006W,YPL256C,3.44718564804225e-08
YNR006W,YDR461W,2.365785952557209e-12
YNR006W,YNL145W,3.742072976356883e-14
YGL227W,YDL165W,5.020238447173142e-08
YGL227W,YGR059W,2.5899213440538915e-08
YGL227W,YBR109C,9.229545838707054e-08
YGL227W,YJL080C,0.002087602624669671
YGL227W,YCR093W,0.015934038907289505
YGL227W,YIL122W,0.9980350136756897
YGL227W,YCL029C,1.8997599227077444e-07
YGL227W,YNL173C,0.6992215514183044
YGL227W,YLR452C,0.9726867079734802
YGL227W,YDL160C,0.10746170580387115
YGL227W,YLR229C,4.552428833903832e-08
YGL227W,YML057W,3.457132334006019e-05
YGL227W,YER149C,0.01698433794081211
YGL227W,YMR305C,0.0008688071393407881
YGL227W,YLR433C,0.801424503326416
YGL227W,YJL073W,4.809559417395803e-09
YGL227W,YGR279C,0.00012851697101723403
YGL227W,YKL190W,0.18897372484207153
YGL227W,YGL089C,0.16092658042907715
YGL227W,YJL019W,0.9998911619186401
YGL227W,YJL018W,0.022095555439591408
YGL227W,YNR032C-A,0.17326371371746063
YGL227W,YGL178W,0.00013441848568618298
YGL227W,YKL116C,8.078377868514508e-05
YGL227W,YDL214C,1.5058960343594663e-05
YGL227W,YLR362W,0.0075647225603461266
YGL227W,YER068W,9.241824017180988e-08
YGL227W,YHR084W,4.1725956999479064e-13
YGL227W,YDR392W,0.03593243658542633
YGL227W,YNL053W,0.0063217380084097385
YGL227W,YGR040W,0.9999868869781494
YGL227W,YDL216C,8.87397545739077e-05
YGL227W,YOL117W,0.06437132507562637
YGL227W,YJR086W,1.062587813294158e-07
YGL227W,YMR025W,0.8436259627342224
YGL227W,YBR081C,0.017223840579390526
YGL227W,YFL026W,0.9999481439590454
YGL227W,YHL007C,0.42366570234298706
YGL227W,YNR044W,0.9996693134307861
YGL227W,YNL271C,0.8401889801025391
YGL227W,YDR200C,0.03710789605975151
YGL227W,YKL178C,0.9999268054962158
YGL227W,YOR212W,0.019813017919659615
YGL227W,YOL111C,1.6770161892054603e-05
YGL227W,YGL032C,0.001455117017030716
YGL227W,YHR005C,0.2864008843898773
YGL227W,YDR103W,2.1657313482137397e-05
YGL227W,YJR084W,0.8931385278701782
YGL227W,YCL032W,1.965736191777978e-05
YGL227W,YJL170C,0.1788398027420044
YGL227W,YDR179C,3.0776032756799077e-19
YGL227W,YBR095C,9.190358105115592e-05
YGL227W,YLL021W,3.3882508432725444e-05
YGL227W,YDL159W,5.249597379020088e-08
YGL227W,YNL161W,0.1639547497034073
YGL227W,YNL188W,9.128997646712378e-08
YGL227W,YJL157C,2.5146642546047815e-09
YGL227W,YJL034W,4.755448923532413e-09
YGL227W,YLR238W,0.36297062039375305
YGL227W,YPR141C,0.004512124694883823
YGL227W,YNL127W,0.15766480565071106
YGL227W,YCL055W,5.8455516409594566e-06
YGL227W,YPR122W,6.677834818447081e-08
YGL227W,YMR065W,0.09624836593866348
YGL227W,YDR356W,6.385451278845267e-09
YGL227W,YMR052W,0.03356217220425606
YGL227W,YFR008W,5.658501322614029e-05
YGL227W,YLL043W,0.0016150776064023376
YGL227W,YMR029C,9.074206900550053e-05
YGL227W,YJR004C,4.493977634467683e-09
YGL227W,YDL223C,1.0788554938301331e-08
YGL227W,YHR158C,0.017949165776371956
YGL227W,YGR238C,3.9373135223286226e-05
YGL227W,YIL015W,0.050040267407894135
YGL227W,YGL173C,0.0008778804913163185
YGL227W,YDL225W,8.838816967227103e-08
YGL227W,YLR330W,0.00011161380825797096
YGL227W,YBR129C,1.9232135173297138e-07
YGL227W,YKR095W-A,0.2020167112350464
YGL227W,YPR075C,0.15215237438678741
YGL227W,YMR198W,0.04807659238576889
YGL227W,YOR127W,0.8566462993621826
YGL227W,YDR264C,0.004642870742827654
YGL227W,YLR110C,4.9814858357422054e-05
YGL227W,YDR379W,0.9912468791007996
YGL227W,YDL100C,0.0002088986075250432
YGL227W,YHR073W,0.00018085625197272748
YGL227W,YJR090C,2.626575223985128e-08
YGL227W,YOR208W,4.549073855741881e-05
YGL227W,YBR040W,0.07432417571544647
YGL227W,YNL279W,6.129071721261425e-07
YGL227W,YER075C,4.090323636773974e-05
YGL227W,YCR089W,0.0003641027433332056
YGL227W,YCR002C,2.4604414505802197e-08
YGL227W,YJL108C,0.01275397464632988
YGL227W,YBR200W,0.13101549446582794
YGL227W,YIL026C,5.66570952287293e-06
YGL227W,YJR076C,0.2836095094680786
YGL227W,YKR031C,0.0049454583786427975
YGL227W,YPL192C,8.691380207892507e-05
YGL227W,YHR107C,0.004192049615085125
YGL227W,YIL037C,1.2272598723939154e-05
YGL227W,YPL156C,0.9983881711959839
YGL227W,YIL117C,3.014582148352929e-07
YGL227W,YHR066W,1.2474780097804228e-09
YGL227W,YML085C,1.2062838550264132e-06
YGL227W,YML047C,0.8522200584411621
YGL227W,YDR312W,0.0005904357531107962
YGL227W,YFL037W,0.062300752848386765
YGL227W,YDL038C,0.2020167112350464
YGL227W,YDL039C,3.571848927741428e-10
YGL227W,YCL027W,0.01788659393787384
YGL227W,YML124C,4.084164118012268e-09
YGL227W,YGL053W,0.000952778966166079
YGL227W,YMR232W,1.0804795238072984e-05
YGL227W,YNL298W,0.000204878713702783
YGL227W,YGL099W,0.9144238233566284
YGL227W,YBL016W,6.968937668716535e-05
YGL227W,YAL041W,0.0011737836757674813
YGL227W,YDR085C,0.00014176034892443568
YGL227W,YPL187W,0.0004934920580126345
YGL227W,YPL256C,7.37958398531191e-05
YGL227W,YDR461W,5.99410712037729e-12
YGL227W,YNL145W,2.1404839571914636e-05
YNL339C,YDL165W,9.197028139062979e-10
YNL339C,YGR059W,8.907504178701231e-10
YNL339C,YBR109C,1.2588378950351142e-10
YNL339C,YJL080C,3.0963231978375916e-10
YNL339C,YCR093W,2.4854691059190276e-15
YNL339C,YIL122W,4.682759709611131e-16
YNL339C,YCL029C,1.2065243552503158e-12
YNL339C,YNL173C,1.4526719399870353e-13
YNL339C,YLR452C,2.506136240754131e-07
YNL339C,YDL160C,1.606037926649151e-06
YNL339C,YLR229C,4.17554872456094e-07
YNL339C,YML057W,2.5888501124061254e-15
YNL339C,YER149C,4.3780286773653643e-07
YNL339C,YMR305C,7.470922014363168e-08
YNL339C,YLR433C,4.569113443153583e-08
YNL339C,YJL073W,1.1316906613212385e-11
YNL339C,YGR279C,0.003559241769835353
YNL339C,YKL190W,2.1026504327892326e-05
YNL339C,YGL089C,1.2104729663064973e-08
YNL339C,YJL019W,4.4401833292795345e-05
YNL339C,YJL018W,0.2020167112350464
YNL339C,YNR032C-A,5.9549369325395674e-05
YNL339C,YGL178W,0.07290670275688171
YNL339C,YKL116C,2.1566634095308802e-15
YNL339C,YDL214C,4.3963759510854314e-17
YNL339C,YLR362W,0.12659816443920135
YNL339C,YER068W,4.0495488906611143e-11
YNL339C,YHR084W,9.116534567185641e-13
YNL339C,YDR392W,4.5309779149113605e-13
YNL339C,YNL053W,3.4660189385249396e-07
YNL339C,YGR040W,5.692348850061535e-07
YNL339C,YDL216C,1.20317736218567e-05
YNL339C,YOL117W,3.146020499233265e-13
YNL339C,YJR086W,1.7497145399225644e-10
YNL339C,YMR025W,4.793858520324608e-14
YNL339C,YBR081C,7.742306101787833e-11
YNL339C,YFL026W,6.552290301442554e-07
YNL339C,YHL007C,3.1671035238822753e-10
YNL339C,YNR044W,6.213271008803645e-10
YNL339C,YNL271C,7.413401448275181e-09
YNL339C,YDR200C,1.0776157921554841e-07
YNL339C,YKL178C,1.552360995825397e-12
YNL339C,YOR212W,0.0021314946934580803
YNL339C,YOL111C,1.480398442721409e-11
YNL339C,YGL032C,3.033202133906343e-08
YNL339C,YHR005C,2.958593814383903e-09
YNL339C,YDR103W,1.337527422151652e-08
YNL339C,YJR084W,1.137419936014794e-09
YNL339C,YCL032W,1.5415722864897674e-10
YNL339C,YJL170C,2.4486188632266703e-09
YNL339C,YDR179C,1.3409102166406228e-06
YNL339C,YBR095C,3.861129152937792e-05
YNL339C,YLL021W,6.024477791632954e-13
YNL339C,YDL159W,2.4574944745836547e-07
YNL339C,YNL161W,3.463335644937615e-07
YNL339C,YNL188W,1.786033208264412e-13
YNL339C,YJL157C,0.838325023651123
YNL339C,YJL034W,1.099972326765175e-12
YNL339C,YLR238W,1.670958336974504e-11
YNL339C,YPR141C,4.706862910097698e-06
YNL339C,YNL127W,9.202475581560066e-08
YNL339C,YCL055W,2.78614874227312e-11
YNL339C,YPR122W,4.3697247968481345e-13
YNL339C,YMR065W,4.949246203977964e-07
YNL339C,YDR356W,5.11674852532451e-06
YNL339C,YMR052W,1.4178827001387617e-08
YNL339C,YFR008W,2.632899478492934e-16
YNL339C,YLL043W,5.551642630052811e-07
YNL339C,YMR029C,2.4839017561534282e-14
YNL339C,YJR004C,1.327474024037656e-06
YNL339C,YDL223C,7.349147199420258e-05
YNL339C,YHR158C,5.460474294949336e-09
YNL339C,YGR238C,2.890341958827758e-11
YNL339C,YIL015W,0.0033831496257334948
YNL339C,YGL173C,1.1268685966570047e-06
YNL339C,YDL225W,2.453549685741286e-14
YNL339C,YLR330W,4.496673519649441e-11
YNL339C,YBR129C,2.143388701369986e-05
YNL339C,YKR095W-A,0.2020167112350464
YNL339C,YPR075C,3.462990807272638e-18
YNL339C,YMR198W,7.634620124008507e-05
YNL339C,YOR127W,1.0365993003205731e-12
YNL339C,YDR264C,2.6657996841095155e-06
YNL339C,YLR110C,8.902331671833963e-08
YNL339C,YDR379W,2.9054010308726674e-09
YNL339C,YDL100C,4.105607173676695e-11
YNL339C,YHR073W,1.0605883948855421e-09
YNL339C,YJR090C,4.8087081191972025e-12
YNL339C,YOR208W,5.1317793764438235e-11
YNL339C,YBR040W,3.882845921957673e-13
YNL339C,YNL279W,0.08168984204530716
YNL339C,YER075C,5.023682025928622e-10
YNL339C,YCR089W,0.028075288981199265
YNL339C,YCR002C,4.2289722071431335e-12
YNL339C,YJL108C,1.754769506784326e-12
YNL339C,YBR200W,0.00024830797337926924
YNL339C,YIL026C,1.4866744987851455e-11
YNL339C,YJR076C,1.7590657819255284e-08
YNL339C,YKR031C,9.280352969653904e-05
YNL339C,YPL192C,1.9390073191516422e-07
YNL339C,YHR107C,1.1036154471493348e-21
YNL339C,YIL037C,2.194316728321155e-09
YNL339C,YPL156C,0.00952711421996355
YNL339C,YIL117C,1.0507456416183805e-14
YNL339C,YHR066W,9.781724735757891e-11
YNL339C,YML085C,9.381270501762629e-06
YNL339C,YML047C,3.703442052938044e-05
YNL339C,YDR312W,0.0006846758769825101
YNL339C,YFL037W,6.551706334574636e-13
YNL339C,YDL038C,0.2020167112350464
YNL339C,YDL039C,1.2354112755019742e-07
YNL339C,YCL027W,0.00043300920515321195
YNL339C,YML124C,2.2235980960162716e-13
YNL339C,YGL053W,3.278328719602541e-08
YNL339C,YMR232W,2.0872246153658125e-09
YNL339C,YNL298W,2.841001522577158e-12
YNL339C,YGL099W,1.4434101558435941e-06
YNL339C,YBL016W,4.38191564171575e-05
YNL339C,YAL041W,1.4551761523762252e-05
YNL339C,YDR085C,1.941741689312493e-12
YNL339C,YPL187W,4.671578124337827e-10
YNL339C,YPL256C,3.430731532194642e-10
YNL339C,YDR461W,1.6781062868176377e-06
YNL339C,YNL145W,0.1998065561056137
YGL001C,YDL165W,5.726909648728906e-07
YGL001C,YGR059W,2.869836394350442e-14
YGL001C,YBR109C,0.0003861804725602269
YGL001C,YJL080C,3.2217291334735165e-11
YGL001C,YCR093W,1.1473381533733118e-07
YGL001C,YIL122W,0.02262132801115513
YGL001C,YCL029C,3.947777705865657e-13
YGL001C,YNL173C,0.00012382857676129788
YGL001C,YLR452C,5.461749879032141e-06
YGL001C,YDL160C,1.1737956810975447e-06
YGL001C,YLR229C,2.2353338624547803e-10
YGL001C,YML057W,1.9860612330749707e-15
YGL001C,YER149C,0.0003833338269032538
YGL001C,YMR305C,4.085816307322772e-20
YGL001C,YLR433C,1.3025645557718235e-06
YGL001C,YJL073W,3.3157157304231077e-06
YGL001C,YGR279C,2.3842079599489807e-07
YGL001C,YKL190W,1.3507259666312166e-07
YGL001C,YGL089C,0.0075355032458901405
YGL001C,YJL019W,6.221278454177082e-05
YGL001C,YJL018W,0.0004884080262854695
YGL001C,YNR032C-A,0.01082046888768673
YGL001C,YGL178W,9.764083248311127e-20
YGL001C,YKL116C,3.1962734542423377e-11
YGL001C,YDL214C,0.0889088362455368
YGL001C,YLR362W,9.27806432620944e-16
YGL001C,YER068W,6.093457986452999e-13
YGL001C,YHR084W,0.00012231621076352894
YGL001C,YDR392W,1.443113406551788e-10
YGL001C,YNL053W,2.688999302336015e-06
YGL001C,YGR040W,0.00012774212518706918
YGL001C,YDL216C,2.7196346508162605e-08
YGL001C,YOL117W,3.070986798192621e-09
YGL001C,YJR086W,2.594787702037138e-06
YGL001C,YMR025W,9.291061253691169e-09
YGL001C,YBR081C,0.005266459658741951
YGL001C,YFL026W,8.904687274480239e-05
YGL001C,YHL007C,0.0004218273388687521
YGL001C,YNR044W,1.373667601001216e-06
YGL001C,YNL271C,2.5113508752487405e-14
YGL001C,YDR200C,1.670960969590851e-08
YGL001C,YKL178C,1.1209488448571392e-08
YGL001C,YOR212W,1.1439475144925382e-08
YGL001C,YOL111C,4.9454243367108575e-08
YGL001C,YGL032C,1.88121282440612e-10
YGL001C,YHR005C,0.5338926911354065
YGL001C,YDR103W,0.00029551389161497355
YGL001C,YJR084W,1.1958353525187704e-06
YGL001C,YCL032W,0.001317077549174428
YGL001C,YJL170C,2.884349612486403e-07
YGL001C,YDR179C,4.374599064883768e-15
YGL001C,YBR095C,0.00014561909483745694
YGL001C,YLL021W,8.570749088221419e-08
YGL001C,YDL159W,3.011987881329503e-11
YGL001C,YNL161W,1.4648440793685324e-10
YGL001C,YNL188W,0.005027309525758028
YGL001C,YJL157C,3.9890807324027833e-10
YGL001C,YJL034W,2.9893058695051877e-07
YGL001C,YLR238W,1.1089601684943773e-05
YGL001C,YPR141C,1.3554113387215239e-09
YGL001C,YNL127W,5.234063337411499e-06
YGL001C,YCL055W,4.866897856947716e-11
YGL001C,YPR122W,1.0353037538379795e-07
YGL001C,YMR065W,4.22553057433106e-07
YGL001C,YDR356W,3.6925962287881475e-11
YGL001C,YMR052W,7.27929543899164e-13
YGL001C,YFR008W,0.05484815686941147
YGL001C,YLL043W,0.00023166807659436017
YGL001C,YMR029C,0.0001262897130800411
YGL001C,YJR004C,5.938889256901366e-20
YGL001C,YDL223C,3.3934599658024953e-25
YGL001C,YHR158C,1.7365360690746456e-05
YGL001C,YGR238C,5.772087696698236e-09
YGL001C,YIL015W,0.0005372364539653063
YGL001C,YGL173C,2.813916637478542e-07
YGL001C,YDL225W,0.012200740166008472
YGL001C,YLR330W,1.0781802117776351e-09
YGL001C,YBR129C,1.2608401789293566e-07
YGL001C,YKR095W-A,0.2020167112350464
YGL001C,YPR075C,1.4470691018557766e-17
YGL001C,YMR198W,0.0003707880969159305
YGL001C,YOR127W,4.591403646170278e-10
YGL001C,YDR264C,2.4317910174431745e-07
YGL001C,YLR110C,2.2188508744523964e-15
YGL001C,YDR379W,5.779383371873337e-08
YGL001C,YDL100C,6.569315758042649e-08
YGL001C,YHR073W,1.9397519701591648e-10
YGL001C,YJR090C,0.00037235431955195963
YGL001C,YOR208W,2.763145339393496e-21
YGL001C,YBR040W,8.73885497298943e-09
YGL001C,YNL279W,0.002275293692946434
YGL001C,YER075C,1.251600991736268e-07
YGL001C,YCR089W,3.666850677264133e-12
YGL001C,YCR002C,9.80721851385341e-16
YGL001C,YJL108C,4.550189203200716e-08
YGL001C,YBR200W,0.003158917184919119
YGL001C,YIL026C,0.018907906487584114
YGL001C,YJR076C,1.2838770089729223e-05
YGL001C,YKR031C,5.391259037423879e-05
YGL001C,YPL192C,0.0028268892783671618
YGL001C,YHR107C,1.9314460075747775e-07
YGL001C,YIL037C,0.00037646645796485245
YGL001C,YPL156C,2.3104646451263533e-14
YGL001C,YIL117C,2.672509991086258e-09
YGL001C,YHR066W,1.4297421913056496e-08
YGL001C,YML085C,2.7040915284715084e-08
YGL001C,YML047C,1.3486638295034936e-07
YGL001C,YDR312W,9.701312956167385e-05
YGL001C,YFL037W,1.7585916447029892e-13
YGL001C,YDL038C,0.2020167112350464
YGL001C,YDL039C,3.191673296571644e-15
YGL001C,YCL027W,0.00015748025907669216
YGL001C,YML124C,1.2823576645004664e-09
YGL001C,YGL053W,8.072528756564168e-11
YGL001C,YMR232W,2.1202562275335346e-12
YGL001C,YNL298W,9.142890611268939e-11
YGL001C,YGL099W,1.040956387754477e-08
YGL001C,YBL016W,5.197573735337205e-14
YGL001C,YAL041W,3.2232112516794587e-06
YGL001C,YDR085C,2.1671197828254662e-05
YGL001C,YPL187W,6.9500476485018226e-09
YGL001C,YPL256C,4.475204562481849e-08
YGL001C,YDR461W,1.1379861896559929e-13
YGL001C,YNL145W,8.784343030754371e-09
YLR047C,YDL165W,4.639393955585547e-05
YLR047C,YGR059W,5.512692951015197e-06
YLR047C,YBR109C,5.919146133237518e-07
YLR047C,YJL080C,2.7226886449072986e-14
YLR047C,YCR093W,1.9929962036258075e-07
YLR047C,YIL122W,0.00012919792789034545
YLR047C,YCL029C,4.346067362348549e-05
YLR047C,YNL173C,4.1927891288651153e-05
YLR047C,YLR452C,4.0864298966880597e-07
YLR047C,YDL160C,4.167123393017391e-07
YLR047C,YLR229C,0.00010619428212521598
YLR047C,YML057W,1.8307049742816162e-07
YLR047C,YER149C,4.336060754894788e-08
YLR047C,YMR305C,4.0093426356691e-09
YLR047C,YLR433C,8.593924576416612e-05
YLR047C,YJL073W,1.0163472552449093e-06
YLR047C,YGR279C,2.063087756187798e-10
YLR047C,YKL190W,0.04659838601946831
YLR047C,YGL089C,1.011448784993263e-05
YLR047C,YJL019W,0.0003861022414639592
YLR047C,YJL018W,0.0007787606446072459
YLR047C,YNR032C-A,0.00021988437219988555
YLR047C,YGL178W,0.843919575214386
YLR047C,YKL116C,0.0024068800266832113
YLR047C,YDL214C,5.939244929198395e-11
YLR047C,YLR362W,8.480521387355111e-07
YLR047C,YER068W,1.7360470394578442e-08
YLR047C,YHR084W,0.029910018667578697
YLR047C,YDR392W,3.8800837387498177e-07
YLR047C,YNL053W,0.13317832350730896
YLR047C,YGR040W,0.0009499906445853412
YLR047C,YDL216C,1.2446378150343662e-07
YLR047C,YOL117W,2.2727621173945778e-10
YLR047C,YJR086W,0.07165789604187012
YLR047C,YMR025W,0.003220256417989731
YLR047C,YBR081C,0.0006032245000824332
YLR047C,YFL026W,5.006873834645376e-06
YLR047C,YHL007C,0.0733293816447258
YLR047C,YNR044W,0.9534969925880432
YLR047C,YNL271C,9.546142246108502e-05
YLR047C,YDR200C,0.00010723077866714448
YLR047C,YKL178C,0.004290446173399687
YLR047C,YOR212W,3.117757614745642e-06
YLR047C,YOL111C,0.003029090352356434
YLR047C,YGL032C,0.0008454456110484898
YLR047C,YHR005C,2.0928637241013348e-05
YLR047C,YDR103W,1.0627255875306219e-07
YLR047C,YJR084W,2.188732878494193e-06
YLR047C,YCL032W,1.1185781190192756e-08
YLR047C,YJL170C,0.0105854207649827
YLR047C,YDR179C,3.9884241742615956e-11
YLR047C,YBR095C,1.1765856470447034e-05
YLR047C,YLL021W,1.6301934024909315e-08
YLR047C,YDL159W,1.2530582127467937e-09
YLR047C,YNL161W,2.0569956404870027e-08
YLR047C,YNL188W,1.999891641180085e-10
YLR047C,YJL157C,1.4183606822371075e-07
YLR047C,YJL034W,3.775629764390942e-08
YLR047C,YLR238W,1.7442938769818284e-05
YLR047C,YPR141C,0.1343858242034912
YLR047C,YNL127W,1.6704533312150716e-09
YLR047C,YCL055W,0.02107405662536621
YLR047C,YPR122W,5.5262644309550524e-05
YLR047C,YMR065W,1.0520447801809496e-07
YLR047C,YDR356W,1.3379555241499475e-09
YLR047C,YMR052W,1.208642243000213e-05
YLR047C,YFR008W,5.009930646338034e-06
YLR047C,YLL043W,4.979890218237415e-05
YLR047C,YMR029C,5.0328747391859e-08
YLR047C,YJR004C,0.2602527141571045
YLR047C,YDL223C,5.985293114463275e-07
YLR047C,YHR158C,9.969526537645379e-09
YLR047C,YGR238C,9.482815921391108e-11
YLR047C,YIL015W,0.9956254959106445
YLR047C,YGL173C,0.0012262751115486026
YLR047C,YDL225W,1.5747957382572508e-09
YLR047C,YLR330W,1.0073451448988635e-05
YLR047C,YBR129C,3.2552617285769303e-12
YLR047C,YKR095W-A,0.2020167112350464
YLR047C,YPR075C,3.1956324164639227e-07
YLR047C,YMR198W,4.1954290281864814e-06
YLR047C,YOR127W,0.0006869654753245413
YLR047C,YDR264C,3.035787843330695e-09
YLR047C,YLR110C,0.003354905638843775
YLR047C,YDR379W,2.7807973310700618e-05
YLR047C,YDL100C,3.960043102324562e-07
YLR047C,YHR073W,1.501543223092483e-09
YLR047C,YJR090C,1.9925522792618722e-05
YLR047C,YOR208W,2.3442278688889928e-05
YLR047C,YBR040W,0.6937996745109558
YLR047C,YNL279W,3.272582034696825e-05
YLR047C,YER075C,5.645781175900311e-09
YLR047C,YCR089W,9.858884004643187e-05
YLR047C,YCR002C,1.3070394743408542e-05
YLR047C,YJL108C,0.6914747357368469
YLR047C,YBR200W,4.081969962044241e-08
YLR047C,YIL026C,3.1553096246916823e-10
YLR047C,YJR076C,0.00023284240160137415
YLR047C,YKR031C,7.874432839116707e-08
YLR047C,YPL192C,3.4899527236120775e-05
YLR047C,YHR107C,0.0001510230649728328
YLR047C,YIL037C,3.090269501626608e-06
YLR047C,YPL156C,0.8560976386070251
YLR047C,YIL117C,0.9323557615280151
YLR047C,YHR066W,2.159822037742839e-14
YLR047C,YML085C,9.099788478295068e-09
YLR047C,YML047C,0.00010083450615638867
YLR047C,YDR312W,0.6935924887657166
YLR047C,YFL037W,0.00022339526913128793
YLR047C,YDL038C,0.2020167112350464
YLR047C,YDL039C,5.433913041752447e-11
YLR047C,YCL027W,4.4404798245523125e-05
YLR047C,YML124C,2.3727372497339694e-11
YLR047C,YGL053W,2.9927204536761565e-07
YLR047C,YMR232W,4.6479406591970474e-05
YLR047C,YNL298W,1.3168103407679155e-07
YLR047C,YGL099W,8.231415449699853e-06
YLR047C,YBL016W,6.763474084436893e-05
YLR047C,YAL041W,2.8013215569444583e-07
YLR047C,YDR085C,4.535637003755255e-07
YLR047C,YPL187W,0.059718165546655655
YLR047C,YPL256C,0.1191898062825203
YLR047C,YDR461W,8.097117643046658e-06
YLR047C,YNL145W,0.898678183555603
YJL002C,YDL165W,1.9097306847015716e-07
YJL002C,YGR059W,5.993510132640267e-09
YJL002C,YBR109C,0.0009235879988409579
YJL002C,YJL080C,0.00015992687258403748
YJL002C,YCR093W,0.8882295489311218
YJL002C,YIL122W,1.9288378894088964e-07
YJL002C,YCL029C,4.6762988858972676e-07
YJL002C,YNL173C,4.2819657153359e-08
YJL002C,YLR452C,0.9999996423721313
YJL002C,YDL160C,4.578490188578144e-05
YJL002C,YLR229C,3.0720897825631255e-08
YJL002C,YML057W,6.001059649207718e-09
YJL002C,YER149C,3.412578308825687e-08
YJL002C,YMR305C,0.0006523398333229125
YJL002C,YLR433C,0.1006951704621315
YJL002C,YJL073W,1.4908415835179767e-07
YJL002C,YGR279C,0.13247273862361908
YJL002C,YKL190W,1.7736929294187576e-06
YJL002C,YGL089C,0.9814153909683228
YJL002C,YJL019W,0.07664883136749268
YJL002C,YJL018W,0.01589205116033554
YJL002C,YNR032C-A,0.0011999872513115406
YJL002C,YGL178W,1.610854383216065e-07
YJL002C,YKL116C,2.8549652597575914e-06
YJL002C,YDL214C,0.989944338798523
YJL002C,YLR362W,7.968430395521864e-07
YJL002C,YER068W,0.0030977127607911825
YJL002C,YHR084W,3.264331098762341e-07
YJL002C,YDR392W,0.00011928640014957637
YJL002C,YNL053W,0.4591277837753296
YJL002C,YGR040W,0.9737560153007507
YJL002C,YDL216C,2.9498100047931075e-05
YJL002C,YOL117W,1.1434856787673198e-05
YJL002C,YJR086W,1.4538064974090048e-08
YJL002C,YMR025W,0.0002847955620381981
YJL002C,YBR081C,2.216874683824699e-08
YJL002C,YFL026W,0.7848024964332581
YJL002C,YHL007C,0.000253236765274778
YJL002C,YNR044W,0.006204064469784498
YJL002C,YNL271C,6.94069557383159e-09
YJL002C,YDR200C,4.784113105671395e-10
YJL002C,YKL178C,0.00021891374490223825
YJL002C,YOR212W,0.01763438992202282
YJL002C,YOL111C,3.5199059751709737e-15
YJL002C,YGL032C,0.0024727960117161274
YJL002C,YHR005C,0.03335200250148773
YJL002C,YDR103W,0.23624877631664276
YJL002C,YJR084W,0.0005697691231034696
YJL002C,YCL032W,2.252981903438922e-05
YJL002C,YJL170C,0.9311372637748718
YJL002C,YDR179C,5.181262849873747e-07
YJL002C,YBR095C,1.3011638433368944e-09
YJL002C,YLL021W,0.0010285890894010663
YJL002C,YDL159W,1.0860334853646236e-09
YJL002C,YNL161W,4.839952089241706e-05
YJL002C,YNL188W,0.0004079609061591327
YJL002C,YJL157C,0.05110068619251251
YJL002C,YJL034W,2.891950211729677e-16
YJL002C,YLR238W,0.9472484588623047
YJL002C,YPR141C,0.06879827380180359
YJL002C,YNL127W,0.00012619810877367854
YJL002C,YCL055W,3.776152652790188e-07
YJL002C,YPR122W,0.27768760919570923
YJL002C,YMR065W,2.6172665457124822e-05
YJL002C,YDR356W,5.832952176820783e-11
YJL002C,YMR052W,1.2632024688552035e-15
YJL002C,YFR008W,0.0059921336360275745
YJL002C,YLL043W,0.0002429000596748665
YJL002C,YMR029C,4.99927864439087e-07
YJL002C,YJR004C,9.462697198614478e-05
YJL002C,YDL223C,4.8394143239201964e-15
YJL002C,YHR158C,0.0006388330366462469
YJL002C,YGR238C,1.6166341269135964e-12
YJL002C,YIL015W,0.9178087711334229
YJL002C,YGL173C,0.010274938307702541
YJL002C,YDL225W,0.050199348479509354
YJL002C,YLR330W,3.920094604836777e-05
YJL002C,YBR129C,0.9670836329460144
YJL002C,YKR095W-A,0.2020167112350464
YJL002C,YPR075C,7.478584973519276e-10
YJL002C,YMR198W,4.74308108096011e-05
YJL002C,YOR127W,0.9644421935081482
YJL002C,YDR264C,8.304288030558382e-07
YJL002C,YLR110C,0.014456179924309254
YJL002C,YDR379W,0.005335349589586258
YJL002C,YDL100C,8.357851584150922e-06
YJL002C,YHR073W,0.9048020243644714
YJL002C,YJR090C,0.0016196967335417867
YJL002C,YOR208W,4.850277957046956e-09
YJL002C,YBR040W,0.9999679327011108
YJL002C,YNL279W,0.9914265871047974
YJL002C,YER075C,2.2652642655884847e-05
YJL002C,YCR089W,0.0001982004614546895
YJL002C,YCR002C,5.669314487022348e-05
YJL002C,YJL108C,0.9539323449134827
YJL002C,YBR200W,0.0012387625174596906
YJL002C,YIL026C,1.3347415006137453e-05
YJL002C,YJR076C,0.0008511632331646979
YJL002C,YKR031C,0.0027626415248960257
YJL002C,YPL192C,0.03626985102891922
YJL002C,YHR107C,8.545200103071693e-09
YJL002C,YIL037C,0.3099881112575531
YJL002C,YPL156C,2.5836514396360144e-05
YJL002C,YIL117C,2.3357121792244584e-10
YJL002C,YHR066W,5.291732122714166e-06
YJL002C,YML085C,0.0003989283577539027
YJL002C,YML047C,1.989368138310965e-05
YJL002C,YDR312W,0.00013087171828374267
YJL002C,YFL037W,0.00048062403220683336
YJL002C,YDL038C,0.2020167112350464
YJL002C,YDL039C,7.50215107814256e-08
YJL002C,YCL027W,0.3581741154193878
YJL002C,YML124C,1.0990036436453465e-08
YJL002C,YGL053W,1.5189574753549095e-07
YJL002C,YMR232W,0.9816215634346008
YJL002C,YNL298W,0.004450656473636627
YJL002C,YGL099W,5.1682491175597534e-08
YJL002C,YBL016W,6.974189226127692e-09
YJL002C,YAL041W,0.02255166694521904
YJL002C,YDR085C,9.447462900880055e-08
YJL002C,YPL187W,0.9890732169151306
YJL002C,YPL256C,9.807827883179243e-10
YJL002C,YDR461W,0.0014559119008481503
YJL002C,YNL145W,0.029915207996964455
YIL046W,YDL165W,1.0294363278484653e-10
YIL046W,YGR059W,3.0146360074922995e-08
YIL046W,YBR109C,8.72279611280162e-14
YIL046W,YJL080C,1.5947699705549988e-20
YIL046W,YCR093W,0.2410067468881607
YIL046W,YIL122W,3.818175997594153e-08
YIL046W,YCL029C,5.074487989639893e-15
YIL046W,YNL173C,2.2600081805990158e-08
YIL046W,YLR452C,0.0063126771710813046
YIL046W,YDL160C,0.0635078102350235
YIL046W,YLR229C,8.102655352226762e-11
YIL046W,YML057W,8.661950601229762e-10
YIL046W,YER149C,0.0008469303720630705
YIL046W,YMR305C,1.2272441743399476e-11
YIL046W,YLR433C,1.1036838998279563e-08
YIL046W,YJL073W,1.4779640727415055e-14
YIL046W,YGR279C,3.5909154121327447e-06
YIL046W,YKL190W,7.664248125038853e-10
YIL046W,YGL089C,2.3811961517156144e-12
YIL046W,YJL019W,1.2072192820443086e-16
YIL046W,YJL018W,0.026998620480298996
YIL046W,YNR032C-A,0.9998014569282532
YIL046W,YGL178W,6.173325527925044e-05
YIL046W,YKL116C,1.552820272365807e-08
YIL046W,YDL214C,0.1149156466126442
YIL046W,YLR362W,7.293628101479044e-08
YIL046W,YER068W,5.535998752748128e-07
YIL046W,YHR084W,3.849710564940673e-18
YIL046W,YDR392W,0.001092033926397562
YIL046W,YNL053W,3.0226340186345624e-07
YIL046W,YGR040W,3.3852541037049377e-07
YIL046W,YDL216C,0.017122143879532814
YIL046W,YOL117W,1.0686812856874894e-07
YIL046W,YJR086W,1.9828394568627283e-12
YIL046W,YMR025W,2.8851645031413575e-11
YIL046W,YBR081C,0.027997974306344986
YIL046W,YFL026W,0.003112911246716976
YIL046W,YHL007C,4.0719120875110093e-07
YIL046W,YNR044W,3.904701770807151e-06
YIL046W,YNL271C,0.1026930958032608
YIL046W,YDR200C,0.00817074254155159
YIL046W,YKL178C,2.560310008448141e-07
YIL046W,YOR212W,2.402242293975121e-10
YIL046W,YOL111C,1.2456050413334196e-08
YIL046W,YGL032C,0.0004136257048230618
YIL046W,YHR005C,7.234208371231787e-11
YIL046W,YDR103W,5.809749382024165e-06
YIL046W,YJR084W,0.6626690030097961
YIL046W,YCL032W,0.0005468081217259169
YIL046W,YJL170C,4.194498082199516e-10
YIL046W,YDR179C,4.342657078382217e-08
YIL046W,YBR095C,4.7826690524610527e-11
YIL046W,YLL021W,9.856049963262621e-16
YIL046W,YDL159W,1.0093519904330606e-06
YIL046W,YNL161W,1.899108428915497e-05
YIL046W,YNL188W,2.0029958136547066e-07
YIL046W,YJL157C,2.830194588441063e-20
YIL046W,YJL034W,3.841052271598624e-20
YIL046W,YLR238W,4.112412077539318e-10
YIL046W,YPR141C,6.085272616473958e-05
YIL046W,YNL127W,0.0008703317143954337
YIL046W,YCL055W,5.588962275744779e-17
YIL046W,YPR122W,0.8690485954284668
YIL046W,YMR065W,7.70783080952242e-05
YIL046W,YDR356W,3.209386312263973e-09
YIL046W,YMR052W,0.017213979735970497
YIL046W,YFR008W,3.636124347394798e-06
YIL046W,YLL043W,0.00014114084478933364
YIL046W,YMR029C,4.394941868213209e-07
YIL046W,YJR004C,0.4983738660812378
YIL046W,YDL223C,0.0003780717961490154
YIL046W,YHR158C,3.884937541442923e-06
YIL046W,YGR238C,8.31850059057615e-07
YIL046W,YIL015W,4.1034432797459885e-05
YIL046W,YGL173C,1.8516926502343267e-05
YIL046W,YDL225W,5.672346706925291e-12
YIL046W,YLR330W,0.06059637293219566
YIL046W,YBR129C,2.429761669642261e-10
YIL046W,YKR095W-A,0.2020167112350464
YIL046W,YPR075C,0.0005077439709566534
YIL046W,YMR198W,0.057585708796978
YIL046W,YOR127W,0.005539300385862589
YIL046W,YDR264C,3.380444590916909e-09
YIL046W,YLR110C,0.00010467165702721104
YIL046W,YDR379W,8.561972890674951e-07
YIL046W,YDL100C,1.692850468112934e-21
YIL046W,YHR073W,9.530953803960074e-08
YIL046W,YJR090C,0.00860458705574274
YIL046W,YOR208W,3.1278315493210584e-09
YIL046W,YBR040W,2.0504408837496158e-07
YIL046W,YNL279W,0.007930944673717022
YIL046W,YER075C,7.4154105078605426e-09
YIL046W,YCR089W,5.999728273309302e-06
YIL046W,YCR002C,1.4261885326050106e-06
YIL046W,YJL108C,0.0014133905060589314
YIL046W,YBR200W,0.0038092611357569695
YIL046W,YIL026C,2.5462154086552946e-12
YIL046W,YJR076C,1.9071684231874997e-09
YIL046W,YKR031C,0.9880920648574829
YIL046W,YPL192C,5.089867638474743e-09
YIL046W,YHR107C,1.0236196655924457e-13
YIL046W,YIL037C,0.02060343138873577
YIL046W,YPL156C,0.03745998442173004
YIL046W,YIL117C,2.5225979243259644e-06
YIL046W,YHR066W,1.0474509349164674e-16
YIL046W,YML085C,4.899545729131205e-06
YIL046W,YML047C,2.787338644338888e-06
YIL046W,YDR312W,1.1075992553677416e-13
YIL046W,YFL037W,3.7536110331082284e-10
YIL046W,YDL038C,0.2020167112350464
YIL046W,YDL039C,3.6718281105246105e-15
YIL046W,YCL027W,0.0007529222057200968
YIL046W,YML124C,5.1091381164762155e-23
YIL046W,YGL053W,0.00039027875754982233
YIL046W,YMR232W,9.892824337498496e-10
YIL046W,YNL298W,0.5426597595214844
YIL046W,YGL099W,3.678936411017969e-15
YIL046W,YBL016W,3.017520654462376e-14
YIL046W,YAL041W,1.2919643133102454e-09
YIL046W,YDR085C,4.4781927499570884e-08
YIL046W,YPL187W,5.000136971133884e-10
YIL046W,YPL256C,1.015883471094936e-11
YIL046W,YDR461W,5.895361709917779e-08
YIL046W,YNL145W,8.546563793048606e-14
YBL005W,YDL165W,1.4864078717868878e-11
YBL005W,YGR059W,1.2268950300153847e-08
YBL005W,YBR109C,0.001998449442908168
YBL005W,YJL080C,3.121581118592509e-12
YBL005W,YCR093W,0.047403935343027115
YBL005W,YIL122W,1.2940242655190559e-08
YBL005W,YCL029C,9.21840580758726e-07
YBL005W,YNL173C,0.00010771265806397423
YBL005W,YLR452C,0.0009203990921378136
YBL005W,YDL160C,7.803070184309036e-05
YBL005W,YLR229C,1.7709058965920121e-06
YBL005W,YML057W,2.5551875407745818e-15
YBL005W,YER149C,6.475487225543475e-06
YBL005W,YMR305C,0.02656605839729309
YBL005W,YLR433C,1.4045862428702094e-07
YBL005W,YJL073W,5.880402068059176e-12
YBL005W,YGR279C,2.1357374180297484e-07
YBL005W,YKL190W,6.139117613201961e-05
YBL005W,YGL089C,9.005185711430386e-05
YBL005W,YJL019W,0.0001247678737854585
YBL005W,YJL018W,0.002980556571856141
YBL005W,YNR032C-A,0.7568842768669128
YBL005W,YGL178W,4.362305627836349e-09
YBL005W,YKL116C,1.3519952801743784e-07
YBL005W,YDL214C,4.135286508244462e-05
YBL005W,YLR362W,2.2165127120388206e-06
YBL005W,YER068W,2.3109838695467566e-11
YBL005W,YHR084W,1.0187529042582355e-08
YBL005W,YDR392W,4.622653371200158e-09
YBL005W,YNL053W,4.1319668753203587e-07
YBL005W,YGR040W,3.85630471555487e-07
YBL005W,YDL216C,2.7461061202771475e-10
YBL005W,YOL117W,2.0338519757245876e-09
YBL005W,YJR086W,1.4882229670831748e-08
YBL005W,YMR025W,1.6180723219424314e-15
YBL005W,YBR081C,3.0271856132912944e-08
YBL005W,YFL026W,7.395707939394924e-07
YBL005W,YHL007C,3.2018474538375585e-09
YBL005W,YNR044W,4.345835623098537e-05
YBL005W,YNL271C,0.01612137258052826
YBL005W,YDR200C,8.86024281498976e-07
YBL005W,YKL178C,5.315500643809923e-12
YBL005W,YOR212W,1.6834408866905903e-11
YBL005W,YOL111C,3.1194133942591407e-09
YBL005W,YGL032C,1.2895654890598962e-06
YBL005W,YHR005C,1.4917539425951531e-10
YBL005W,YDR103W,9.13032636162825e-06
YBL005W,YJR084W,0.0014184585306793451
YBL005W,YCL032W,0.006148442160338163
YBL005W,YJL170C,1.65049236500181e-08
YBL005W,YDR179C,2.2237820473947068e-08
YBL005W,YBR095C,0.010986336506903172
YBL005W,YLL021W,0.9849623441696167
YBL005W,YDL159W,7.583803380839527e-07
YBL005W,YNL161W,0.04729941114783287
YBL005W,YNL188W,0.0013796003768220544
YBL005W,YJL157C,3.902961907442659e-05
YBL005W,YJL034W,4.35837031066107e-17
YBL005W,YLR238W,3.438192786031635e-10
YBL005W,YPR141C,2.518243669147324e-10
YBL005W,YNL127W,3.200625258159562e-07
YBL005W,YCL055W,3.266765469245314e-10
YBL005W,YPR122W,1.0379751984146424e-05
YBL005W,YMR065W,9.872807277133688e-05
YBL005W,YDR356W,8.919579741473171e-09
YBL005W,YMR052W,1.4092488287431593e-09
YBL005W,YFR008W,5.559917913030123e-16
YBL005W,YLL043W,3.924438898850191e-12
YBL005W,YMR029C,3.59969165586449e-10
YBL005W,YJR004C,0.0005347279948182404
YBL005W,YDL223C,4.6118972085295445e-14
YBL005W,YHR158C,1.6087390122265788e-06
YBL005W,YGR238C,4.557195413161256e-17
YBL005W,YIL015W,0.996566653251648
YBL005W,YGL173C,0.9978615641593933
YBL005W,YDL225W,6.169138810907526e-11
YBL005W,YLR330W,4.065853772772243e-06
YBL005W,YBR129C,1.2794363790646912e-08
YBL005W,YKR095W-A,0.2020167112350464
YBL005W,YPR075C,7.717735413421967e-13
YBL005W,YMR198W,7.376681310233835e-07
YBL005W,YOR127W,0.984096884727478
YBL005W,YDR264C,3.360909814342783e-11
YBL005W,YLR110C,0.5187919735908508
YBL005W,YDR379W,6.358664450090146e-06
YBL005W,YDL100C,1.2322653748092494e-12
YBL005W,YHR073W,3.691318355581591e-13
YBL005W,YJR090C,5.931682228732527e-11
YBL005W,YOR208W,1.0149339051482298e-12
YBL005W,YBR040W,2.1673976391411998e-07
YBL005W,YNL279W,3.586307502700947e-05
YBL005W,YER075C,1.7049092804199972e-08
YBL005W,YCR089W,0.00017000819207169116
YBL005W,YCR002C,7.496825219277525e-06
YBL005W,YJL108C,9.010518988361582e-05
YBL005W,YBR200W,3.7235011081382385e-12
YBL005W,YIL026C,2.0265847666678383e-08
YBL005W,YJR076C,2.770744467195385e-10
YBL005W,YKR031C,0.0002555272658355534
YBL005W,YPL192C,0.1017880067229271
YBL005W,YHR107C,3.2807916383603697e-09
YBL005W,YIL037C,1.1761122550524306e-05
YBL005W,YPL156C,0.0007102208328433335
YBL005W,YIL117C,1.255735966598781e-12
YBL005W,YHR066W,1.6525269650943808e-12
YBL005W,YML085C,7.957714842632413e-06
YBL005W,YML047C,2.5133260805887403e-07
YBL005W,YDR312W,0.008751988410949707
YBL005W,YFL037W,1.0957791118926252e-06
YBL005W,YDL038C,0.2020167112350464
YBL005W,YDL039C,0.0020149480551481247
YBL005W,YCL027W,0.00023293278354685754
YBL005W,YML124C,1.1487067963500408e-09
YBL005W,YGL053W,1.625188872367289e-08
YBL005W,YMR232W,3.183477383572608e-05
YBL005W,YNL298W,1.0932137229247019e-05
YBL005W,YGL099W,1.0279711526450797e-09
YBL005W,YBL016W,0.005851885303854942
YBL005W,YAL041W,8.553690389453625e-14
YBL005W,YDR085C,2.2693107701136916e-13
YBL005W,YPL187W,6.223826858331449e-07
YBL005W,YPL256C,4.152898025466811e-09
YBL005W,YDR461W,1.30456079272534e-09
YBL005W,YNL145W,0.0004710899665951729
YHR034C,YDL165W,2.2407274258284815e-08
YHR034C,YGR059W,0.001844337792135775
YHR034C,YBR109C,3.8626279774689465e-07
YHR034C,YJL080C,4.7378058809499635e-08
YHR034C,YCR093W,5.981427797507877e-09
YHR034C,YIL122W,0.21876461803913116
YHR034C,YCL029C,9.770213761970238e-16
YHR034C,YNL173C,4.904061370325508e-06
YHR034C,YLR452C,0.0013053349684923887
YHR034C,YDL160C,0.000124203332234174
YHR034C,YLR229C,3.958548766558323e-11
YHR034C,YML057W,6.719307776847927e-08
YHR034C,YER149C,1.4360965749915522e-08
YHR034C,YMR305C,4.641330431098822e-09
YHR034C,YLR433C,6.787434614352605e-08
YHR034C,YJL073W,1.839297425476616e-07
YHR034C,YGR279C,7.711337821092457e-05
YHR034C,YKL190W,2.5197488540129598e-09
YHR034C,YGL089C,1.5004501547483118e-12
YHR034C,YJL019W,1.4119086699793115e-06
YHR034C,YJL018W,8.896487997844815e-05
YHR034C,YNR032C-A,0.9141900539398193
YHR034C,YGL178W,0.07854602485895157
YHR034C,YKL116C,1.83705373135723e-09
YHR034C,YDL214C,0.7450039386749268
YHR034C,YLR362W,2.4071844961781608e-08
YHR034C,YER068W,1.3816452337778173e-06
YHR034C,YHR084W,6.050085432640628e-10
YHR034C,YDR392W,7.89185961025396e-08
YHR034C,YNL053W,0.9866735935211182
YHR034C,YGR040W,0.0003456714912317693
YHR034C,YDL216C,4.205800451018149e-06
YHR034C,YOL117W,0.0009209456038661301
YHR034C,YJR086W,5.68941027623282e-09
YHR034C,YMR025W,9.628651605453342e-05
YHR034C,YBR081C,2.6655533683084265e-11
YHR034C,YFL026W,3.4048716202050855e-07
YHR034C,YHL007C,3.5868549796980176e-10
YHR034C,YNR044W,2.279866517795881e-09
YHR034C,YNL271C,6.974943626142371e-14
YHR034C,YDR200C,4.809999509802765e-09
YHR034C,YKL178C,1.1912796082924615e-07
YHR034C,YOR212W,1.7135523902589433e-11
YHR034C,YOL111C,0.0003742150729522109
YHR034C,YGL032C,0.00010786888742586598
YHR034C,YHR005C,1.104445077060312e-10
YHR034C,YDR103W,7.371612298356922e-08
YHR034C,YJR084W,0.0022711234632879496
YHR034C,YCL032W,3.596474895672941e-09
YHR034C,YJL170C,9.764709830051288e-06
YHR034C,YDR179C,2.89571474378463e-16
YHR034C,YBR095C,0.00018703899695537984
YHR034C,YLL021W,7.854079916190998e-19
YHR034C,YDL159W,7.254280943308489e-12
YHR034C,YNL161W,2.6222409132969915e-07
YHR034C,YNL188W,1.0539934897080272e-10
YHR034C,YJL157C,4.953075172231536e-10
YHR034C,YJL034W,2.220064132529842e-09
YHR034C,YLR238W,4.258914401700231e-12
YHR034C,YPR141C,0.0002185393968829885
YHR034C,YNL127W,8.199160461686006e-09
YHR034C,YCL055W,8.285233832339145e-08
YHR034C,YPR122W,0.027654916048049927
YHR034C,YMR065W,5.815941221953835e-07
YHR034C,YDR356W,0.0001083679890143685
YHR034C,YMR052W,1.4478685272933944e-07
YHR034C,YFR008W,0.00015820947010070086
YHR034C,YLL043W,4.650875780498609e-05
YHR034C,YMR029C,4.573274054564536e-06
YHR034C,YJR004C,2.2935736643248106e-10
YHR034C,YDL223C,8.4644843217907e-12
YHR034C,YHR158C,4.0321605849678e-15
YHR034C,YGR238C,0.002097046934068203
YHR034C,YIL015W,7.264223000902348e-08
YHR034C,YGL173C,1.2653435632614674e-08
YHR034C,YDL225W,8.966243858488099e-10
YHR034C,YLR330W,1.0077427173987852e-12
YHR034C,YBR129C,1.4527905267680552e-10
YHR034C,YKR095W-A,0.2020167112350464
YHR034C,YPR075C,2.0560656042306613e-12
YHR034C,YMR198W,0.9998176693916321
YHR034C,YOR127W,2.322052966574617e-10
YHR034C,YDR264C,8.298748355173302e-10
YHR034C,YLR110C,1.738595642564178e-06
YHR034C,YDR379W,1.3145660204827436e-06
YHR034C,YDL100C,0.0006984995561651886
YHR034C,YHR073W,6.721757854911536e-15
YHR034C,YJR090C,1.9013301425729878e-05
YHR034C,YOR208W,0.0015032371738925576
YHR034C,YBR040W,0.0003661147493403405
YHR034C,YNL279W,6.133872147984221e-07
YHR034C,YER075C,3.4809080062814246e-08
YHR034C,YCR089W,6.4751923822825574e-09
YHR034C,YCR002C,1.57344757667488e-07
YHR034C,YJL108C,4.5753098532053116e-10
YHR034C,YBR200W,2.611409710817791e-19
YHR034C,YIL026C,4.4106379789785044e-13
YHR034C,YJR076C,3.8923153589109916e-09
YHR034C,YKR031C,3.7486572637135396e-06
YHR034C,YPL192C,4.893132565797487e-09
YHR034C,YHR107C,1.890797631312613e-12
YHR034C,YIL037C,0.0003710018645506352
YHR034C,YPL156C,0.0043722474947571754
YHR034C,YIL117C,0.06238579750061035
YHR034C,YHR066W,6.0500551161456e-16
YHR034C,YML085C,9.479912514709365e-13
YHR034C,YML047C,0.0007488196133635938
YHR034C,YDR312W,2.9226336628607186e-11
YHR034C,YFL037W,1.7855241590813975e-11
YHR034C,YDL038C,0.2020167112350464
YHR034C,YDL039C,1.6239673459148466e-20
YHR034C,YCL027W,6.784590250719091e-11
YHR034C,YML124C,6.732044752418584e-16
YHR034C,YGL053W,1.0645889551852417e-13
YHR034C,YMR232W,1.6358177163056098e-05
YHR034C,YNL298W,5.369018424294936e-11
YHR034C,YGL099W,3.7645130283856036e-23
YHR034C,YBL016W,1.3385211890964716e-14
YHR034C,YAL041W,4.297665327612776e-06
YHR034C,YDR085C,0.00030871221679262817
YHR034C,YPL187W,2.5452840315552845e-15
YHR034C,YPL256C,3.5967379507090666e-19
YHR034C,YDR461W,1.349137193074057e-07
YHR034C,YNL145W,1.2635412531381007e-05
YCR067C,YDL165W,9.820735158427851e-08
YCR067C,YGR059W,0.000290629017399624
YCR067C,YBR109C,2.3686746466154707e-13
YCR067C,YJL080C,1.2470358115024283e-06
YCR067C,YCR093W,7.06229555032558e-28
YCR067C,YIL122W,8.374220783480268e-08
YCR067C,YCL029C,6.03791238896741e-21
YCR067C,YNL173C,1.2486163361927205e-12
YCR067C,YLR452C,0.0013062895741313696
YCR067C,YDL160C,5.36016009355933e-10
YCR067C,YLR229C,4.97840233038005e-07
YCR067C,YML057W,2.0028278352197254e-13
YCR067C,YER149C,7.802639629517216e-06
YCR067C,YMR305C,3.271345150324123e-08
YCR067C,YLR433C,0.0002386399864917621
YCR067C,YJL073W,4.591143465404457e-09
YCR067C,YGR279C,5.790041655018285e-07
YCR067C,YKL190W,1.5504384234810153e-11
YCR067C,YGL089C,0.05262639746069908
YCR067C,YJL019W,2.3804504962754436e-06
YCR067C,YJL018W,0.2020167112350464
YCR067C,YNR032C-A,0.014474049210548401
YCR067C,YGL178W,1.547754031059126e-13
YCR067C,YKL116C,1.9976565540646973e-11
YCR067C,YDL214C,0.38764017820358276
YCR067C,YLR362W,0.945992648601532
YCR067C,YER068W,0.003134804544970393
YCR067C,YHR084W,3.1503896025242284e-05
YCR067C,YDR392W,9.109866368817165e-05
YCR067C,YNL053W,5.781241041447061e-10
YCR067C,YGR040W,0.0085372319445014
YCR067C,YDL216C,7.8064568969239e-14
YCR067C,YOL117W,8.974674710771069e-05
YCR067C,YJR086W,1.7729152546053228e-07
YCR067C,YMR025W,3.685056526592234e-07
YCR067C,YBR081C,0.00019611774769145995
YCR067C,YFL026W,2.811939623370563e-07
YCR067C,YHL007C,0.0001460042258258909
YCR067C,YNR044W,5.114683343521165e-09
YCR067C,YNL271C,0.00014648589421994984
YCR067C,YDR200C,0.00191482063382864
YCR067C,YKL178C,3.75893427495555e-10
YCR067C,YOR212W,3.560868266916373e-11
YCR067C,YOL111C,3.762728382995448e-14
YCR067C,YGL032C,4.735285983770154e-06
YCR067C,YHR005C,1.7606986701945715e-10
YCR067C,YDR103W,0.011453810147941113
YCR067C,YJR084W,0.0010221495758742094
YCR067C,YCL032W,0.003218533704057336
YCR067C,YJL170C,0.2412533313035965
YCR067C,YDR179C,1.2423011230833225e-10
YCR067C,YBR095C,0.19405585527420044
YCR067C,YLL021W,0.00023233346291817725
YCR067C,YDL159W,6.233646132614012e-08
YCR067C,YNL161W,0.00045325784594751894
YCR067C,YNL188W,1.9387126626302376e-10
YCR067C,YJL157C,2.6510535433565963e-10
YCR067C,YJL034W,2.776530378902813e-15
YCR067C,YLR238W,3.6050010199240035e-11
YCR067C,YPR141C,0.0022018735762685537
YCR067C,YNL127W,0.0009148494573310018
YCR067C,YCL055W,2.2796044218953426e-10
YCR067C,YPR122W,6.506500540126581e-06
YCR067C,YMR065W,1.695646824373398e-05
YCR067C,YDR356W,0.013006643392145634
YCR067C,YMR052W,5.0813842716879165e-11
YCR067C,YFR008W,3.843934973701835e-05
YCR067C,YLL043W,2.5160245414879157e-11
YCR067C,YMR029C,0.22825105488300323
YCR067C,YJR004C,3.797612890821256e-09
YCR067C,YDL223C,3.225286422034506e-20
YCR067C,YHR158C,1.0801922911696238e-07
YCR067C,YGR238C,1.3868398127669934e-06
YCR067C,YIL015W,1.2252748149421677e-07
YCR067C,YGL173C,6.137734089861624e-07
YCR067C,YDL225W,0.0015499176224693656
YCR067C,YLR330W,1.7393702364643104e-05
YCR067C,YBR129C,2.367175344630823e-09
YCR067C,YKR095W-A,0.2020167112350464
YCR067C,YPR075C,4.923893811792368e-06
YCR067C,YMR198W,8.746528834535638e-08
YCR067C,YOR127W,3.871282201056703e-12
YCR067C,YDR264C,1.0083162749197072e-07
YCR067C,YLR110C,2.844295632353777e-10
YCR067C,YDR379W,0.3032006323337555
YCR067C,YDL100C,4.502722816823734e-08
YCR067C,YHR073W,0.0002511894272174686
YCR067C,YJR090C,1.1173588632118481e-07
YCR067C,YOR208W,2.7629404298311344e-13
YCR067C,YBR040W,0.6832157969474792
YCR067C,YNL279W,0.00015931228699628264
YCR067C,YER075C,5.002869646331121e-12
YCR067C,YCR089W,4.649864694672434e-12
YCR067C,YCR002C,4.9862201173533904e-11
YCR067C,YJL108C,0.9860243201255798
YCR067C,YBR200W,0.0002420407545287162
YCR067C,YIL026C,8.173486332196944e-10
YCR067C,YJR076C,4.29857379913301e-07
YCR067C,YKR031C,0.00019971084839198738
YCR067C,YPL192C,0.6650773882865906
YCR067C,YHR107C,5.107778644486416e-10
YCR067C,YIL037C,0.002035103738307953
YCR067C,YPL156C,1.091198065239496e-08
YCR067C,YIL117C,4.334641979662941e-14
YCR067C,YHR066W,3.768269550563641e-12
YCR067C,YML085C,8.03219002420974e-09
YCR067C,YML047C,4.096703776212962e-08
YCR067C,YDR312W,8.928787613785016e-13
YCR067C,YFL037W,9.796625590752228e-07
YCR067C,YDL038C,0.2020167112350464
YCR067C,YDL039C,2.1217761976641963e-13
YCR067C,YCL027W,1.0600548216999073e-12
YCR067C,YML124C,6.007103365845978e-07
YCR067C,YGL053W,0.0001416837185388431
YCR067C,YMR232W,7.738936602663671e-08
YCR067C,YNL298W,0.001225962652824819
YCR067C,YGL099W,9.663514433100318e-09
YCR067C,YBL016W,3.2551555572321567e-16
YCR067C,YAL041W,0.2936893105506897
YCR067C,YDR085C,4.9357790077309e-10
YCR067C,YPL187W,0.005995218642055988
YCR067C,YPL256C,2.9502158938043976e-08
YCR067C,YDR461W,0.0031094811856746674
YCR067C,YNL145W,1.548967953901581e-09
tD(GUC)O,YDL165W,0.2020167112350464
tD(GUC)O,YGR059W,0.2020167112350464
tD(GUC)O,YBR109C,0.2020167112350464
tD(GUC)O,YJL080C,0.2020167112350464
tD(GUC)O,YCR093W,0.2020167112350464
tD(GUC)O,YIL122W,0.2020167112350464
tD(GUC)O,YCL029C,0.2020167112350464
tD(GUC)O,YNL173C,0.2020167112350464
tD(GUC)O,YLR452C,0.2020167112350464
tD(GUC)O,YDL160C,0.2020167112350464
tD(GUC)O,YLR229C,0.2020167112350464
tD(GUC)O,YML057W,0.2020167112350464
tD(GUC)O,YER149C,0.2020167112350464
tD(GUC)O,YMR305C,0.2020167112350464
tD(GUC)O,YLR433C,0.2020167112350464
tD(GUC)O,YJL073W,0.2020167112350464
tD(GUC)O,YGR279C,0.2020167112350464
tD(GUC)O,YKL190W,0.2020167112350464
tD(GUC)O,YGL089C,0.2020167112350464
tD(GUC)O,YJL019W,0.2020167112350464
tD(GUC)O,YJL018W,0.2020167112350464
tD(GUC)O,YNR032C-A,0.2020167112350464
tD(GUC)O,YGL178W,0.2020167112350464
tD(GUC)O,YKL116C,0.2020167112350464
tD(GUC)O,YDL214C,0.2020167112350464
tD(GUC)O,YLR362W,0.2020167112350464
tD(GUC)O,YER068W,0.2020167112350464
tD(GUC)O,YHR084W,0.2020167112350464
tD(GUC)O,YDR392W,0.2020167112350464
tD(GUC)O,YNL053W,0.2020167112350464
tD(GUC)O,YGR040W,0.2020167112350464
tD(GUC)O,YDL216C,0.2020167112350464
tD(GUC)O,YOL117W,0.2020167112350464
tD(GUC)O,YJR086W,0.2020167112350464
tD(GUC)O,YMR025W,0.2020167112350464
tD(GUC)O,YBR081C,0.2020167112350464
tD(GUC)O,YFL026W,0.2020167112350464
tD(GUC)O,YHL007C,0.2020167112350464
tD(GUC)O,YNR044W,0.2020167112350464
tD(GUC)O,YNL271C,0.2020167112350464
tD(GUC)O,YDR200C,0.2020167112350464
tD(GUC)O,YKL178C,0.2020167112350464
tD(GUC)O,YOR212W,0.2020167112350464
tD(GUC)O,YOL111C,0.2020167112350464
tD(GUC)O,YGL032C,0.2020167112350464
tD(GUC)O,YHR005C,0.2020167112350464
tD(GUC)O,YDR103W,0.2020167112350464
tD(GUC)O,YJR084W,0.2020167112350464
tD(GUC)O,YCL032W,0.2020167112350464
tD(GUC)O,YJL170C,0.2020167112350464
tD(GUC)O,YDR179C,0.2020167112350464
tD(GUC)O,YBR095C,0.2020167112350464
tD(GUC)O,YLL021W,0.2020167112350464
tD(GUC)O,YDL159W,0.2020167112350464
tD(GUC)O,YNL161W,0.2020167112350464
tD(GUC)O,YNL188W,0.2020167112350464
tD(GUC)O,YJL157C,0.2020167112350464
tD(GUC)O,YJL034W,0.2020167112350464
tD(GUC)O,YLR238W,0.2020167112350464
tD(GUC)O,YPR141C,0.2020167112350464
tD(GUC)O,YNL127W,0.2020167112350464
tD(GUC)O,YCL055W,0.2020167112350464
tD(GUC)O,YPR122W,0.2020167112350464
tD(GUC)O,YMR065W,0.2020167112350464
tD(GUC)O,YDR356W,0.2020167112350464
tD(GUC)O,YMR052W,0.2020167112350464
tD(GUC)O,YFR008W,0.2020167112350464
tD(GUC)O,YLL043W,0.2020167112350464
tD(GUC)O,YMR029C,0.2020167112350464
tD(GUC)O,YJR004C,0.2020167112350464
tD(GUC)O,YDL223C,0.2020167112350464
tD(GUC)O,YHR158C,0.2020167112350464
tD(GUC)O,YGR238C,0.2020167112350464
tD(GUC)O,YIL015W,0.2020167112350464
tD(GUC)O,YGL173C,0.2020167112350464
tD(GUC)O,YDL225W,0.2020167112350464
tD(GUC)O,YLR330W,0.2020167112350464
tD(GUC)O,YBR129C,0.2020167112350464
tD(GUC)O,YKR095W-A,0.2020167112350464
tD(GUC)O,YPR075C,0.2020167112350464
tD(GUC)O,YMR198W,0.2020167112350464
tD(GUC)O,YOR127W,0.2020167112350464
tD(GUC)O,YDR264C,0.2020167112350464
tD(GUC)O,YLR110C,0.2020167112350464
tD(GUC)O,YDR379W,0.2020167112350464
tD(GUC)O,YDL100C,0.2020167112350464
tD(GUC)O,YHR073W,0.2020167112350464
tD(GUC)O,YJR090C,0.2020167112350464
tD(GUC)O,YOR208W,0.2020167112350464
tD(GUC)O,YBR040W,0.2020167112350464
tD(GUC)O,YNL279W,0.2020167112350464
tD(GUC)O,YER075C,0.2020167112350464
tD(GUC)O,YCR089W,0.2020167112350464
tD(GUC)O,YCR002C,0.2020167112350464
tD(GUC)O,YJL108C,0.2020167112350464
tD(GUC)O,YBR200W,0.2020167112350464
tD(GUC)O,YIL026C,0.2020167112350464
tD(GUC)O,YJR076C,0.2020167112350464
tD(GUC)O,YKR031C,0.2020167112350464
tD(GUC)O,YPL192C,0.2020167112350464
tD(GUC)O,YHR107C,0.2020167112350464
tD(GUC)O,YIL037C,0.2020167112350464
tD(GUC)O,YPL156C,0.2020167112350464
tD(GUC)O,YIL117C,0.2020167112350464
tD(GUC)O,YHR066W,0.2020167112350464
tD(GUC)O,YML085C,0.2020167112350464
tD(GUC)O,YML047C,0.2020167112350464
tD(GUC)O,YDR312W,0.2020167112350464
tD(GUC)O,YFL037W,0.2020167112350464
tD(GUC)O,YDL038C,0.2020167112350464
tD(GUC)O,YDL039C,0.2020167112350464
tD(GUC)O,YCL027W,0.2020167112350464
tD(GUC)O,YML124C,0.2020167112350464
tD(GUC)O,YGL053W,0.2020167112350464
tD(GUC)O,YMR232W,0.2020167112350464
tD(GUC)O,YNL298W,0.2020167112350464
tD(GUC)O,YGL099W,0.2020167112350464
tD(GUC)O,YBL016W,0.2020167112350464
tD(GUC)O,YAL041W,0.2020167112350464
tD(GUC)O,YDR085C,0.2020167112350464
tD(GUC)O,YPL187W,0.2020167112350464
tD(GUC)O,YPL256C,0.2020167112350464
tD(GUC)O,YDR461W,0.2020167112350464
tD(GUC)O,YNL145W,0.2020167112350464
YGR007W,YDL165W,0.11737240850925446
YGR007W,YGR059W,1.476489899232547e-07
YGR007W,YBR109C,5.201758540351875e-06
YGR007W,YJL080C,4.083055318915285e-05
YGR007W,YCR093W,1.0461380043125246e-05
YGR007W,YIL122W,2.0447197268680384e-09
YGR007W,YCL029C,2.297744243137667e-12
YGR007W,YNL173C,1.151556199572093e-13
YGR007W,YLR452C,1.3989455427410036e-10
YGR007W,YDL160C,1.003013221634319e-05
YGR007W,YLR229C,0.00020304755889810622
YGR007W,YML057W,1.2872139465436305e-10
YGR007W,YER149C,0.005747926887124777
YGR007W,YMR305C,3.802751891157641e-09
YGR007W,YLR433C,0.00019366043852642179
YGR007W,YJL073W,8.839874904124911e-13
YGR007W,YGR279C,2.6157570687246334e-07
YGR007W,YKL190W,5.338725713954773e-06
YGR007W,YGL089C,0.0331612266600132
YGR007W,YJL019W,0.04625434800982475
YGR007W,YJL018W,0.008767722174525261
YGR007W,YNR032C-A,0.9999421834945679
YGR007W,YGL178W,9.803562716115266e-05
YGR007W,YKL116C,1.2674111538046873e-08
YGR007W,YDL214C,0.09919022023677826
YGR007W,YLR362W,6.573213795491029e-08
YGR007W,YER068W,1.092124693968799e-05
YGR007W,YHR084W,1.1313745496011052e-09
YGR007W,YDR392W,4.841098188990145e-07
YGR007W,YNL053W,0.01609121449291706
YGR007W,YGR040W,0.13544857501983643
YGR007W,YDL216C,0.21798592805862427
YGR007W,YOL117W,3.013768849077455e-15
YGR007W,YJR086W,7.682887570581443e-08
YGR007W,YMR025W,1.647705438756475e-08
YGR007W,YBR081C,0.021700212731957436
YGR007W,YFL026W,1.999620735659846e-06
YGR007W,YHL007C,1.908420088625462e-09
YGR007W,YNR044W,1.2295497085756946e-11
YGR007W,YNL271C,0.004538561217486858
YGR007W,YDR200C,8.515045237800223e-07
YGR007W,YKL178C,2.650452870511799e-07
YGR007W,YOR212W,1.2733433152334328e-07
YGR007W,YOL111C,8.569158837373747e-13
YGR007W,YGL032C,0.7277125716209412
YGR007W,YHR005C,0.0006585552473552525
YGR007W,YDR103W,0.0009491348755545914
YGR007W,YJR084W,2.2591359538637334e-07
YGR007W,YCL032W,8.521940486616586e-09
YGR007W,YJL170C,8.719308830507089e-09
YGR007W,YDR179C,8.784615346257851e-08
YGR007W,YBR095C,0.00034496680018492043
YGR007W,YLL021W,3.0764005926053883e-11
YGR007W,YDL159W,3.662220526834403e-10
YGR007W,YNL161W,4.9815571401268244e-05
YGR007W,YNL188W,4.206154196641221e-14
YGR007W,YJL157C,2.4725230218791694e-07
YGR007W,YJL034W,2.3424579921993427e-05
YGR007W,YLR238W,4.4956297018394764e-10
YGR007W,YPR141C,1.1741845810320228e-05
YGR007W,YNL127W,1.8625551945206098e-07
YGR007W,YCL055W,2.1795234020349774e-11
YGR007W,YPR122W,5.274192517390475e-05
YGR007W,YMR065W,1.0044163900602143e-06
YGR007W,YDR356W,1.0273755833623e-05
YGR007W,YMR052W,0.06090274825692177
YGR007W,YFR008W,3.874168509870185e-13
YGR007W,YLL043W,8.849973482938367e-07
YGR007W,YMR029C,1.904757880311081e-07
YGR007W,YJR004C,4.0567283576820046e-06
YGR007W,YDL223C,6.587761447462981e-08
YGR007W,YHR158C,0.004790970589965582
YGR007W,YGR238C,3.6891919990011957e-06
YGR007W,YIL015W,9.482320137976785e-07
YGR007W,YGL173C,6.806909368606284e-05
YGR007W,YDL225W,5.19641580467578e-05
YGR007W,YLR330W,2.6396790772631983e-15
YGR007W,YBR129C,3.1893301638774574e-05
YGR007W,YKR095W-A,0.2020167112350464
YGR007W,YPR075C,2.5413687154696163e-08
YGR007W,YMR198W,1.8412185553984273e-08
YGR007W,YOR127W,4.628160610309351e-08
YGR007W,YDR264C,6.606959505006671e-05
YGR007W,YLR110C,1.8532880858401768e-05
YGR007W,YDR379W,2.6367247940584093e-08
YGR007W,YDL100C,7.041407901198227e-09
YGR007W,YHR073W,1.982264620892238e-05
YGR007W,YJR090C,0.0029925601556897163
YGR007W,YOR208W,2.515989905305105e-08
YGR007W,YBR040W,0.005227494984865189
YGR007W,YNL279W,0.858652651309967
YGR007W,YER075C,9.990284297600738e-07
YGR007W,YCR089W,3.634560243881424e-07
YGR007W,YCR002C,1.1875994459842332e-05
YGR007W,YJL108C,3.7935180330350704e-07
YGR007W,YBR200W,2.2816531997094103e-10
YGR007W,YIL026C,0.00010935038881143555
YGR007W,YJR076C,1.534585067020089e-06
YGR007W,YKR031C,1.9339634036441566e-06
YGR007W,YPL192C,9.537835285300389e-05
YGR007W,YHR107C,0.006126888561993837
YGR007W,YIL037C,3.5248074254923267e-06
YGR007W,YPL156C,0.0012971701798960567
YGR007W,YIL117C,6.918659346411005e-05
YGR007W,YHR066W,6.507551148963907e-22
YGR007W,YML085C,1.4203070008989016e-07
YGR007W,YML047C,2.208496796644719e-16
YGR007W,YDR312W,1.2299526730430443e-08
YGR007W,YFL037W,0.7506417036056519
YGR007W,YDL038C,0.2020167112350464
YGR007W,YDL039C,1.369828167395657e-16
YGR007W,YCL027W,6.804268195992336e-05
YGR007W,YML124C,3.866534461849369e-05
YGR007W,YGL053W,8.510668862982129e-07
YGR007W,YMR232W,8.891064595673015e-08
YGR007W,YNL298W,4.0672304413291727e-10
YGR007W,YGL099W,5.824816740052086e-10
YGR007W,YBL016W,8.372506247328326e-13
YGR007W,YAL041W,6.211943737177705e-10
YGR007W,YDR085C,2.3500930979025725e-07
YGR007W,YPL187W,0.0008786011021584272
YGR007W,YPL256C,3.8709396903868765e-05
YGR007W,YDR461W,0.011033673770725727
YGR007W,YNL145W,5.083507130621001e-05
tM(CAU)M,YDL165W,0.2020167112350464
tM(CAU)M,YGR059W,0.2020167112350464
tM(CAU)M,YBR109C,0.2020167112350464
tM(CAU)M,YJL080C,0.2020167112350464
tM(CAU)M,YCR093W,0.2020167112350464
tM(CAU)M,YIL122W,0.2020167112350464
tM(CAU)M,YCL029C,0.2020167112350464
tM(CAU)M,YNL173C,0.2020167112350464
tM(CAU)M,YLR452C,0.2020167112350464
tM(CAU)M,YDL160C,0.2020167112350464
tM(CAU)M,YLR229C,0.2020167112350464
tM(CAU)M,YML057W,0.2020167112350464
tM(CAU)M,YER149C,0.2020167112350464
tM(CAU)M,YMR305C,0.2020167112350464
tM(CAU)M,YLR433C,0.2020167112350464
tM(CAU)M,YJL073W,0.2020167112350464
tM(CAU)M,YGR279C,0.2020167112350464
tM(CAU)M,YKL190W,0.2020167112350464
tM(CAU)M,YGL089C,0.2020167112350464
tM(CAU)M,YJL019W,0.2020167112350464
tM(CAU)M,YJL018W,0.2020167112350464
tM(CAU)M,YNR032C-A,0.2020167112350464
tM(CAU)M,YGL178W,0.2020167112350464
tM(CAU)M,YKL116C,0.2020167112350464
tM(CAU)M,YDL214C,0.2020167112350464
tM(CAU)M,YLR362W,0.2020167112350464
tM(CAU)M,YER068W,0.2020167112350464
tM(CAU)M,YHR084W,0.2020167112350464
tM(CAU)M,YDR392W,0.2020167112350464
tM(CAU)M,YNL053W,0.2020167112350464
tM(CAU)M,YGR040W,0.2020167112350464
tM(CAU)M,YDL216C,0.2020167112350464
tM(CAU)M,YOL117W,0.2020167112350464
tM(CAU)M,YJR086W,0.2020167112350464
tM(CAU)M,YMR025W,0.2020167112350464
tM(CAU)M,YBR081C,0.2020167112350464
tM(CAU)M,YFL026W,0.2020167112350464
tM(CAU)M,YHL007C,0.2020167112350464
tM(CAU)M,YNR044W,0.2020167112350464
tM(CAU)M,YNL271C,0.2020167112350464
tM(CAU)M,YDR200C,0.2020167112350464
tM(CAU)M,YKL178C,0.2020167112350464
tM(CAU)M,YOR212W,0.2020167112350464
tM(CAU)M,YOL111C,0.2020167112350464
tM(CAU)M,YGL032C,0.2020167112350464
tM(CAU)M,YHR005C,0.2020167112350464
tM(CAU)M,YDR103W,0.2020167112350464
tM(CAU)M,YJR084W,0.2020167112350464
tM(CAU)M,YCL032W,0.2020167112350464
tM(CAU)M,YJL170C,0.2020167112350464
tM(CAU)M,YDR179C,0.2020167112350464
tM(CAU)M,YBR095C,0.2020167112350464
tM(CAU)M,YLL021W,0.2020167112350464
tM(CAU)M,YDL159W,0.2020167112350464
tM(CAU)M,YNL161W,0.2020167112350464
tM(CAU)M,YNL188W,0.2020167112350464
tM(CAU)M,YJL157C,0.2020167112350464
tM(CAU)M,YJL034W,0.2020167112350464
tM(CAU)M,YLR238W,0.2020167112350464
tM(CAU)M,YPR141C,0.2020167112350464
tM(CAU)M,YNL127W,0.2020167112350464
tM(CAU)M,YCL055W,0.2020167112350464
tM(CAU)M,YPR122W,0.2020167112350464
tM(CAU)M,YMR065W,0.2020167112350464
tM(CAU)M,YDR356W,0.2020167112350464
tM(CAU)M,YMR052W,0.2020167112350464
tM(CAU)M,YFR008W,0.2020167112350464
tM(CAU)M,YLL043W,0.2020167112350464
tM(CAU)M,YMR029C,0.2020167112350464
tM(CAU)M,YJR004C,0.2020167112350464
tM(CAU)M,YDL223C,0.2020167112350464
tM(CAU)M,YHR158C,0.2020167112350464
tM(CAU)M,YGR238C,0.2020167112350464
tM(CAU)M,YIL015W,0.2020167112350464
tM(CAU)M,YGL173C,0.2020167112350464
tM(CAU)M,YDL225W,0.2020167112350464
tM(CAU)M,YLR330W,0.2020167112350464
tM(CAU)M,YBR129C,0.2020167112350464
tM(CAU)M,YKR095W-A,0.2020167112350464
tM(CAU)M,YPR075C,0.2020167112350464
tM(CAU)M,YMR198W,0.2020167112350464
tM(CAU)M,YOR127W,0.2020167112350464
tM(CAU)M,YDR264C,0.2020167112350464
tM(CAU)M,YLR110C,0.2020167112350464
tM(CAU)M,YDR379W,0.2020167112350464
tM(CAU)M,YDL100C,0.2020167112350464
tM(CAU)M,YHR073W,0.2020167112350464
tM(CAU)M,YJR090C,0.2020167112350464
tM(CAU)M,YOR208W,0.2020167112350464
tM(CAU)M,YBR040W,0.2020167112350464
tM(CAU)M,YNL279W,0.2020167112350464
tM(CAU)M,YER075C,0.2020167112350464
tM(CAU)M,YCR089W,0.2020167112350464
tM(CAU)M,YCR002C,0.2020167112350464
tM(CAU)M,YJL108C,0.2020167112350464
tM(CAU)M,YBR200W,0.2020167112350464
tM(CAU)M,YIL026C,0.2020167112350464
tM(CAU)M,YJR076C,0.2020167112350464
tM(CAU)M,YKR031C,0.2020167112350464
tM(CAU)M,YPL192C,0.2020167112350464
tM(CAU)M,YHR107C,0.2020167112350464
tM(CAU)M,YIL037C,0.2020167112350464
tM(CAU)M,YPL156C,0.2020167112350464
tM(CAU)M,YIL117C,0.2020167112350464
tM(CAU)M,YHR066W,0.2020167112350464
tM(CAU)M,YML085C,0.2020167112350464
tM(CAU)M,YML047C,0.2020167112350464
tM(CAU)M,YDR312W,0.2020167112350464
tM(CAU)M,YFL037W,0.2020167112350464
tM(CAU)M,YDL038C,0.2020167112350464
tM(CAU)M,YDL039C,0.2020167112350464
tM(CAU)M,YCL027W,0.2020167112350464
tM(CAU)M,YML124C,0.2020167112350464
tM(CAU)M,YGL053W,0.2020167112350464
tM(CAU)M,YMR232W,0.2020167112350464
tM(CAU)M,YNL298W,0.2020167112350464
tM(CAU)M,YGL099W,0.2020167112350464
tM(CAU)M,YBL016W,0.2020167112350464
tM(CAU)M,YAL041W,0.2020167112350464
tM(CAU)M,YDR085C,0.2020167112350464
tM(CAU)M,YPL187W,0.2020167112350464
tM(CAU)M,YPL256C,0.2020167112350464
tM(CAU)M,YDR461W,0.2020167112350464
tM(CAU)M,YNL145W,0.2020167112350464
YDR350C,YDL165W,5.475454963743687e-05
YDR350C,YGR059W,6.714743427949088e-09
YDR350C,YBR109C,0.0028138195630162954
YDR350C,YJL080C,0.5346435904502869
YDR350C,YCR093W,0.02114335261285305
YDR350C,YIL122W,0.9792599678039551
YDR350C,YCL029C,2.374274146177413e-07
YDR350C,YNL173C,0.5056869387626648
YDR350C,YLR452C,1.426826656825142e-06
YDR350C,YDL160C,0.11093733459711075
YDR350C,YLR229C,0.12651723623275757
YDR350C,YML057W,2.333754309802316e-06
YDR350C,YER149C,0.9890617728233337
YDR350C,YMR305C,0.9965755343437195
YDR350C,YLR433C,1.6510044531514723e-07
YDR350C,YJL073W,0.003953686915338039
YDR350C,YGR279C,0.2720503509044647
YDR350C,YKL190W,0.00011577981786103919
YDR350C,YGL089C,2.39744404098019e-05
YDR350C,YJL019W,0.44012001156806946
YDR350C,YJL018W,0.01698584295809269
YDR350C,YNR032C-A,0.9926540851593018
YDR350C,YGL178W,0.0037463742773979902
YDR350C,YKL116C,4.7612226661275514e-12
YDR350C,YDL214C,0.047895561903715134
YDR350C,YLR362W,2.2239914869714994e-06
YDR350C,YER068W,3.9679132868286615e-08
YDR350C,YHR084W,1.4498789946415513e-09
YDR350C,YDR392W,0.0231797993183136
YDR350C,YNL053W,0.009619350545108318
YDR350C,YGR040W,1.334872316849367e-11
YDR350C,YDL216C,0.0793348178267479
YDR350C,YOL117W,8.54597965371795e-06
YDR350C,YJR086W,3.915103297913447e-05
YDR350C,YMR025W,1.695771425147541e-05
YDR350C,YBR081C,0.1336512565612793
YDR350C,YFL026W,6.237138586584479e-05
YDR350C,YHL007C,0.8080725073814392
YDR350C,YNR044W,2.55275949712086e-06
YDR350C,YNL271C,0.005921759642660618
YDR350C,YDR200C,0.0417591854929924
YDR350C,YKL178C,0.9963131546974182
YDR350C,YOR212W,0.11353497952222824
YDR350C,YOL111C,2.5432048005313845e-06
YDR350C,YGL032C,4.6831423183846255e-09
YDR350C,YHR005C,9.994699212256819e-05
YDR350C,YDR103W,0.9726831316947937
YDR350C,YJR084W,0.998630166053772
YDR350C,YCL032W,0.9998865127563477
YDR350C,YJL170C,2.102291546179913e-05
YDR350C,YDR179C,5.3610140327009503e-08
YDR350C,YBR095C,0.9897957444190979
YDR350C,YLL021W,1.7273788444072125e-06
YDR350C,YDL159W,9.734203842981515e-08
YDR350C,YNL161W,0.9438879489898682
YDR350C,YNL188W,7.85882861009668e-08
YDR350C,YJL157C,6.290820309118317e-09
YDR350C,YJL034W,6.371688732187408e-10
YDR350C,YLR238W,5.7382505474379286e-05
YDR350C,YPR141C,0.678847074508667
YDR350C,YNL127W,0.1675262153148651
YDR350C,YCL055W,4.924234353609336e-09
YDR350C,YPR122W,0.9630614519119263
YDR350C,YMR065W,7.359260052908212e-05
YDR350C,YDR356W,0.9083614349365234
YDR350C,YMR052W,1.0696611752791796e-05
YDR350C,YFR008W,6.376718374667689e-06
YDR350C,YLL043W,1.2468856766645331e-05
YDR350C,YMR029C,0.0006844808231107891
YDR350C,YJR004C,0.004090815782546997
YDR350C,YDL223C,7.037939440124319e-07
YDR350C,YHR158C,0.9705295562744141
YDR350C,YGR238C,4.5783302149438043e-10
YDR350C,YIL015W,0.5023029446601868
YDR350C,YGL173C,0.03216681256890297
YDR350C,YDL225W,0.0010286439210176468
YDR350C,YLR330W,1.1008722822225536e-09
YDR350C,YBR129C,2.6980595066561364e-05
YDR350C,YKR095W-A,0.2020167112350464
YDR350C,YPR075C,0.000516038853675127
YDR350C,YMR198W,0.031173795461654663
YDR350C,YOR127W,0.8617861270904541
YDR350C,YDR264C,2.366246008023154e-05
YDR350C,YLR110C,0.4885043203830719
YDR350C,YDR379W,2.7206153390579857e-05
YDR350C,YDL100C,1.6277550685117603e-06
YDR350C,YHR073W,0.0726717859506607
YDR350C,YJR090C,0.16116800904273987
YDR350C,YOR208W,0.9986945986747742
YDR350C,YBR040W,2.6943464490614133e-06
YDR350C,YNL279W,0.0002064189175143838
YDR350C,YER075C,6.6203340552684065e-12
YDR350C,YCR089W,3.3516059829707956e-06
YDR350C,YCR002C,0.9792506694793701
YDR350C,YJL108C,0.9999929666519165
YDR350C,YBR200W,2.1178534552745987e-06
YDR350C,YIL026C,0.26071682572364807
YDR350C,YJR076C,2.4338947696378455e-05
YDR350C,YKR031C,0.9999085664749146
YDR350C,YPL192C,0.010114586912095547
YDR350C,YHR107C,5.364847233124692e-09
YDR350C,YIL037C,0.0005227853544056416
YDR350C,YPL156C,0.03700968623161316
YDR350C,YIL117C,0.7821506261825562
YDR350C,YHR066W,2.3270549394807194e-17
YDR350C,YML085C,0.0009967139922082424
YDR350C,YML047C,0.01481490209698677
YDR350C,YDR312W,0.5763899683952332
YDR350C,YFL037W,0.9993512034416199
YDR350C,YDL038C,0.2020167112350464
YDR350C,YDL039C,2.145192610214508e-07
YDR350C,YCL027W,0.7805517315864563
YDR350C,YML124C,0.0014693442499265075
YDR350C,YGL053W,0.10987056791782379
YDR350C,YMR232W,6.481692071957923e-09
YDR350C,YNL298W,0.999363362789154
YDR350C,YGL099W,1.457219241274288e-06
YDR350C,YBL016W,4.299655631534449e-10
YDR350C,YAL041W,0.9029263854026794
YDR350C,YDR085C,0.9999992847442627
YDR350C,YPL187W,0.001682624570094049
YDR350C,YPL256C,4.2161875057900033e-07
YDR350C,YDR461W,1.6166735727907167e-09
YDR350C,YNL145W,1.1436277418397367e-06
tG(GCC)B,YDL165W,1.0638643288984895e-05
tG(GCC)B,YGR059W,1.2489928202796818e-08
tG(GCC)B,YBR109C,0.00025815601111389697
tG(GCC)B,YJL080C,0.18357601761817932
tG(GCC)B,YCR093W,0.00022973527666181326
tG(GCC)B,YIL122W,0.001571674831211567
tG(GCC)B,YCL029C,5.931090981903253e-06
tG(GCC)B,YNL173C,3.413726881262846e-05
tG(GCC)B,YLR452C,5.792018419015221e-05
tG(GCC)B,YDL160C,0.021621687337756157
tG(GCC)B,YLR229C,2.6062973574880743e-06
tG(GCC)B,YML057W,0.01246151328086853
tG(GCC)B,YER149C,3.4284246794413775e-05
tG(GCC)B,YMR305C,1.1183027709193993e-05
tG(GCC)B,YLR433C,1.6641895854263566e-05
tG(GCC)B,YJL073W,0.32613062858581543
tG(GCC)B,YGR279C,0.021651210263371468
tG(GCC)B,YKL190W,1.9249715478508733e-05
tG(GCC)B,YGL089C,1.8196054952568375e-05
tG(GCC)B,YJL019W,0.0011590116191655397
tG(GCC)B,YJL018W,0.2020167112350464
tG(GCC)B,YNR032C-A,2.411288448911364e-07
tG(GCC)B,YGL178W,0.0050131590105593204
tG(GCC)B,YKL116C,2.1613037461065687e-05
tG(GCC)B,YDL214C,0.0022448780946433544
tG(GCC)B,YLR362W,3.4293166208954062e-06
tG(GCC)B,YER068W,0.00010328278585802764
tG(GCC)B,YHR084W,6.914061145835149e-08
tG(GCC)B,YDR392W,2.6048041945614386e-06
tG(GCC)B,YNL053W,1.637038258195389e-05
tG(GCC)B,YGR040W,0.0005168461357243359
tG(GCC)B,YDL216C,9.58239434112329e-06
tG(GCC)B,YOL117W,4.860902663494926e-06
tG(GCC)B,YJR086W,1.2587821402121335e-05
tG(GCC)B,YMR025W,0.00036709889536723495
tG(GCC)B,YBR081C,1.0495959941181354e-06
tG(GCC)B,YFL026W,0.0019032376585528255
tG(GCC)B,YHL007C,1.5553182493022177e-06
tG(GCC)B,YNR044W,0.00015035980322863907
tG(GCC)B,YNL271C,0.0003279164375271648
tG(GCC)B,YDR200C,2.0632352971006185e-05
tG(GCC)B,YKL178C,0.0014085116563364863
tG(GCC)B,YOR212W,4.6975135774118826e-05
tG(GCC)B,YOL111C,0.0004747447674162686
tG(GCC)B,YGL032C,7.285660217348777e-07
tG(GCC)B,YHR005C,6.405750173144042e-05
tG(GCC)B,YDR103W,6.109979949542321e-06
tG(GCC)B,YJR084W,0.00046274607302621007
tG(GCC)B,YCL032W,9.524746565148234e-05
tG(GCC)B,YJL170C,0.0013658433454111218
tG(GCC)B,YDR179C,2.7042337933380622e-06
tG(GCC)B,YBR095C,2.366052103752736e-05
tG(GCC)B,YLL021W,0.00041052239248529077
tG(GCC)B,YDL159W,6.774133453291142e-06
tG(GCC)B,YNL161W,5.729764234274626e-05
tG(GCC)B,YNL188W,8.227576472563669e-05
tG(GCC)B,YJL157C,0.0006941196043044329
tG(GCC)B,YJL034W,0.378605455160141
tG(GCC)B,YLR238W,0.00029950583120808005
tG(GCC)B,YPR141C,0.0004710970970336348
tG(GCC)B,YNL127W,0.0019343254389241338
tG(GCC)B,YCL055W,6.211745494510978e-05
tG(GCC)B,YPR122W,2.3359095848718425e-06
tG(GCC)B,YMR065W,1.9441783933871193e-06
tG(GCC)B,YDR356W,2.4877220994312665e-07
tG(GCC)B,YMR052W,1.0746549378382042e-05
tG(GCC)B,YFR008W,4.139192242291756e-05
tG(GCC)B,YLL043W,0.004363436251878738
tG(GCC)B,YMR029C,1.2583535863086581e-05
tG(GCC)B,YJR004C,0.00047094625188037753
tG(GCC)B,YDL223C,0.000842394249048084
tG(GCC)B,YHR158C,0.00014156744873616844
tG(GCC)B,YGR238C,0.00011858573270728812
tG(GCC)B,YIL015W,5.136627805768512e-06
tG(GCC)B,YGL173C,0.015218284912407398
tG(GCC)B,YDL225W,5.507289415618288e-07
tG(GCC)B,YLR330W,0.7523425221443176
tG(GCC)B,YBR129C,0.00017572395154275
tG(GCC)B,YKR095W-A,0.2020167112350464
tG(GCC)B,YPR075C,0.0072199455462396145
tG(GCC)B,YMR198W,0.007331550121307373
tG(GCC)B,YOR127W,1.2877446351922117e-05
tG(GCC)B,YDR264C,0.00019558909116312861
tG(GCC)B,YLR110C,2.1453990484587848e-05
tG(GCC)B,YDR379W,0.0032071552705019712
tG(GCC)B,YDL100C,0.1161913201212883
tG(GCC)B,YHR073W,9.039366705110297e-05
tG(GCC)B,YJR090C,0.0002216504217358306
tG(GCC)B,YOR208W,0.00020463544933591038
tG(GCC)B,YBR040W,7.259374967816257e-08
tG(GCC)B,YNL279W,4.635511140804738e-05
tG(GCC)B,YER075C,1.1899869605258573e-05
tG(GCC)B,YCR089W,8.567318218410946e-06
tG(GCC)B,YCR002C,2.8585839118022704e-07
tG(GCC)B,YJL108C,1.990125201700721e-05
tG(GCC)B,YBR200W,9.392889478476718e-05
tG(GCC)B,YIL026C,0.11014208197593689
tG(GCC)B,YJR076C,0.0017249260563403368
tG(GCC)B,YKR031C,2.3370359485852532e-05
tG(GCC)B,YPL192C,0.005107103381305933
tG(GCC)B,YHR107C,0.0002096048992825672
tG(GCC)B,YIL037C,5.299789700075053e-05
tG(GCC)B,YPL156C,0.00024275746545754373
tG(GCC)B,YIL117C,0.002274177735671401
tG(GCC)B,YHR066W,9.39466957561308e-08
tG(GCC)B,YML085C,0.2031012624502182
tG(GCC)B,YML047C,2.3027138240649947e-07
tG(GCC)B,YDR312W,7.746563710497867e-07
tG(GCC)B,YFL037W,0.0001609776372788474
tG(GCC)B,YDL038C,0.2020167112350464
tG(GCC)B,YDL039C,4.550718222162686e-05
tG(GCC)B,YCL027W,0.00042824496631510556
tG(GCC)B,YML124C,0.5390655994415283
tG(GCC)B,YGL053W,0.0001884365192381665
tG(GCC)B,YMR232W,1.2127767377023702e-06
tG(GCC)B,YNL298W,3.0106201620583306e-07
tG(GCC)B,YGL099W,5.554085419134935e-06
tG(GCC)B,YBL016W,0.0001225785817950964
tG(GCC)B,YAL041W,9.754183338372968e-06
tG(GCC)B,YDR085C,5.00377694834242e-08
tG(GCC)B,YPL187W,0.0004642886924557388
tG(GCC)B,YPL256C,2.3256536678673e-06
tG(GCC)B,YDR461W,9.549204804670808e-08
tG(GCC)B,YNL145W,1.1479089607746573e-06
YOR137C,YDL165W,1.0681907441911775e-10
YOR137C,YGR059W,9.066465622709075e-07
YOR137C,YBR109C,2.0238284659246375e-10
YOR137C,YJL080C,3.5974677302874625e-05
YOR137C,YCR093W,3.6528182700834577e-09
YOR137C,YIL122W,0.0001695427781669423
YOR137C,YCL029C,1.3312186422642647e-11
YOR137C,YNL173C,3.8953254488660605e-07
YOR137C,YLR452C,0.0009495282429270446
YOR137C,YDL160C,0.9974046349525452
YOR137C,YLR229C,0.06401508301496506
YOR137C,YML057W,5.809283609714555e-10
YOR137C,YER149C,8.862085815053433e-05
YOR137C,YMR305C,0.98504638671875
YOR137C,YLR433C,2.4153867794751704e-10
YOR137C,YJL073W,1.068763341716128e-10
YOR137C,YGR279C,0.0004912763251923025
YOR137C,YKL190W,1.883636741695227e-06
YOR137C,YGL089C,0.004681576043367386
YOR137C,YJL019W,0.1580832302570343
YOR137C,YJL018W,0.16811944544315338
YOR137C,YNR032C-A,0.00022642854310106486
YOR137C,YGL178W,2.3880427306721685e-06
YOR137C,YKL116C,8.484968977429119e-11
YOR137C,YDL214C,0.9755998849868774
YOR137C,YLR362W,8.593953326752057e-10
YOR137C,YER068W,8.792409508795451e-12
YOR137C,YHR084W,1.2513392100288456e-08
YOR137C,YDR392W,9.29424786590971e-05
YOR137C,YNL053W,5.5704806101175564e-08
YOR137C,YGR040W,1.5412958409566357e-10
YOR137C,YDL216C,4.004697075288277e-06
YOR137C,YOL117W,3.908844636857367e-10
YOR137C,YJR086W,2.029563984251581e-05
YOR137C,YMR025W,0.7949642539024353
YOR137C,YBR081C,3.3753033701344748e-09
YOR137C,YFL026W,7.303011079784483e-05
YOR137C,YHL007C,1.310027391097368e-19
YOR137C,YNR044W,2.1454250145325204e-06
YOR137C,YNL271C,0.06870405375957489
YOR137C,YDR200C,3.8966144200180963e-10
YOR137C,YKL178C,0.010804465971887112
YOR137C,YOR212W,0.5276622176170349
YOR137C,YOL111C,3.0632454581791535e-06
YOR137C,YGL032C,1.014797272996513e-18
YOR137C,YHR005C,2.326337700253589e-08
YOR137C,YDR103W,0.0005536592216230929
YOR137C,YJR084W,0.9984593391418457
YOR137C,YCL032W,0.9999924898147583
YOR137C,YJL170C,0.022908223792910576
YOR137C,YDR179C,2.687168887405278e-07
YOR137C,YBR095C,0.00017643734463490546
YOR137C,YLL021W,6.133905571914511e-06
YOR137C,YDL159W,5.6847923701752734e-08
YOR137C,YNL161W,0.9910565614700317
YOR137C,YNL188W,2.4799078346404713e-06
YOR137C,YJL157C,5.512420298003917e-09
YOR137C,YJL034W,4.682857178887648e-20
YOR137C,YLR238W,1.371935240968014e-07
YOR137C,YPR141C,0.0013215866638347507
YOR137C,YNL127W,8.545114615898797e-10
YOR137C,YCL055W,2.001630036829738e-06
YOR137C,YPR122W,4.293417441658676e-05
YOR137C,YMR065W,1.6264395526377484e-05
YOR137C,YDR356W,0.03031352162361145
YOR137C,YMR052W,0.0029449514113366604
YOR137C,YFR008W,1.8000059992875905e-14
YOR137C,YLL043W,0.06148887798190117
YOR137C,YMR029C,1.8137523056793725e-06
YOR137C,YJR004C,0.023022357374429703
YOR137C,YDL223C,6.351257952723344e-13
YOR137C,YHR158C,3.3217672807950294e-06
YOR137C,YGR238C,7.142754269995333e-12
YOR137C,YIL015W,0.00010177812509937212
YOR137C,YGL173C,0.0011467017466202378
YOR137C,YDL225W,1.2655263503802416e-09
YOR137C,YLR330W,3.2289074169966625e-07
YOR137C,YBR129C,5.1591975136489054e-08
YOR137C,YKR095W-A,0.2020167112350464
YOR137C,YPR075C,2.3136752236307956e-10
YOR137C,YMR198W,0.04154599457979202
YOR137C,YOR127W,1.1152620800203294e-06
YOR137C,YDR264C,0.017046324908733368
YOR137C,YLR110C,0.37022262811660767
YOR137C,YDR379W,4.2864697902267324e-11
YOR137C,YDL100C,1.1105931889687781e-06
YOR137C,YHR073W,0.047556791454553604
YOR137C,YJR090C,6.367393723394343e-08
YOR137C,YOR208W,6.033257921034263e-11
YOR137C,YBR040W,0.000564158835913986
YOR137C,YNL279W,0.16440141201019287
YOR137C,YER075C,1.0954532626783475e-05
YOR137C,YCR089W,0.00029128839378245175
YOR137C,YCR002C,0.7502462863922119
YOR137C,YJL108C,6.888238567626104e-05
YOR137C,YBR200W,2.4681687804672947e-08
YOR137C,YIL026C,2.4108241632347926e-05
YOR137C,YJR076C,0.00016166846035048366
YOR137C,YKR031C,3.4013559968570917e-08
YOR137C,YPL192C,0.07394997030496597
YOR137C,YHR107C,1.4160375485516852e-06
YOR137C,YIL037C,0.8133621215820312
YOR137C,YPL156C,0.725489616394043
YOR137C,YIL117C,0.00047708218335174024
YOR137C,YHR066W,3.227282656702438e-26
YOR137C,YML085C,3.9210124924693446e-08
YOR137C,YML047C,0.981022298336029
YOR137C,YDR312W,1.5843628489164985e-06
YOR137C,YFL037W,2.207849528201855e-11
YOR137C,YDL038C,0.2020167112350464
YOR137C,YDL039C,1.9272655845357922e-13
YOR137C,YCL027W,7.600218054903962e-08
YOR137C,YML124C,6.478597924797214e-07
YOR137C,YGL053W,2.5872029518758666e-10
YOR137C,YMR232W,0.1696334183216095
YOR137C,YNL298W,1.0791034128487809e-06
YOR137C,YGL099W,3.514415137029957e-17
YOR137C,YBL016W,0.011275957338511944
YOR137C,YAL041W,3.560137145086628e-07
YOR137C,YDR085C,0.0002284014772158116
YOR137C,YPL187W,2.019962508370554e-08
YOR137C,YPL256C,5.207489712881486e-13
YOR137C,YDR461W,1.1023915114094507e-09
YOR137C,YNL145W,2.4557420441780053e-13
YPL042C,YDL165W,0.8306573033332825
YPL042C,YGR059W,3.1032945457809546e-07
YPL042C,YBR109C,0.1158776730298996
YPL042C,YJL080C,0.001437260420061648
YPL042C,YCR093W,1.123857032325759e-06
YPL042C,YIL122W,0.07054869830608368
YPL042C,YCL029C,1.1048101322685966e-09
YPL042C,YNL173C,0.0024683421943336725
YPL042C,YLR452C,0.11866170912981033
YPL042C,YDL160C,0.011434169486165047
YPL042C,YLR229C,0.0003517940640449524
YPL042C,YML057W,1.0787612123031032e-11
YPL042C,YER149C,0.0005451537435874343
YPL042C,YMR305C,1.1838984924784218e-13
YPL042C,YLR433C,2.607572923807311e-06
YPL042C,YJL073W,1.319131219187919e-12
YPL042C,YGR279C,0.0002059274702332914
YPL042C,YKL190W,0.7382714748382568
YPL042C,YGL089C,2.8408718932837473e-08
YPL042C,YJL019W,0.00010309100616723299
YPL042C,YJL018W,0.001956571824848652
YPL042C,YNR032C-A,0.009297280572354794
YPL042C,YGL178W,0.00035473500611260533
YPL042C,YKL116C,0.001671296777203679
YPL042C,YDL214C,0.978473961353302
YPL042C,YLR362W,2.3628998063740525e-12
YPL042C,YER068W,0.005729217082262039
YPL042C,YHR084W,0.9208948612213135
YPL042C,YDR392W,1.1351673947501695e-06
YPL042C,YNL053W,6.837798991909949e-06
YPL042C,YGR040W,3.191880023223348e-05
YPL042C,YDL216C,1.1150841361384778e-09
YPL042C,YOL117W,2.5064209694392048e-06
YPL042C,YJR086W,7.2273264777322765e-06
YPL042C,YMR025W,3.053511682082899e-05
YPL042C,YBR081C,0.004541293252259493
YPL042C,YFL026W,1.7152562577393837e-05
YPL042C,YHL007C,1.3544551036304142e-09
YPL042C,YNR044W,0.0009064889163710177
YPL042C,YNL271C,2.3895898266346194e-05
YPL042C,YDR200C,3.4698572335374405e-16
YPL042C,YKL178C,3.6487472243607044e-07
YPL042C,YOR212W,0.035414379090070724
YPL042C,YOL111C,1.2943283422828245e-07
YPL042C,YGL032C,3.531351694618934e-06
YPL042C,YHR005C,0.005835054442286491
YPL042C,YDR103W,1.9905687054233567e-07
YPL042C,YJR084W,1.1594121496205645e-11
YPL042C,YCL032W,6.14224582307088e-09
YPL042C,YJL170C,0.0007061161450110376
YPL042C,YDR179C,0.005882853176444769
YPL042C,YBR095C,0.9515276551246643
YPL042C,YLL021W,0.0001236034877365455
YPL042C,YDL159W,2.3871320081525482e-05
YPL042C,YNL161W,2.6903529404265214e-10
YPL042C,YNL188W,1.0477625437488314e-05
YPL042C,YJL157C,9.219222192768939e-06
YPL042C,YJL034W,1.655260866740268e-17
YPL042C,YLR238W,0.004493012558668852
YPL042C,YPR141C,5.200512465108886e-09
YPL042C,YNL127W,1.1501360302514085e-13
YPL042C,YCL055W,0.004446538630872965
YPL042C,YPR122W,0.9925251007080078
YPL042C,YMR065W,8.680730613497278e-12
YPL042C,YDR356W,1.71137548576894e-09
YPL042C,YMR052W,8.355562022188678e-05
YPL042C,YFR008W,3.6171536521578673e-06
YPL042C,YLL043W,8.368499038624577e-06
YPL042C,YMR029C,4.034965694899029e-09
YPL042C,YJR004C,2.0322018826846033e-05
YPL042C,YDL223C,1.3239954380246666e-13
YPL042C,YHR158C,1.0687440408219118e-06
YPL042C,YGR238C,4.190586696495302e-05
YPL042C,YIL015W,3.88794705941109e-06
YPL042C,YGL173C,0.017247958108782768
YPL042C,YDL225W,3.719793539858074e-07
YPL042C,YLR330W,6.977770681260154e-06
YPL042C,YBR129C,0.3802359998226166
YPL042C,YKR095W-A,0.2020167112350464
YPL042C,YPR075C,1.7685473650331553e-14
YPL042C,YMR198W,9.702243453091342e-09
YPL042C,YOR127W,3.263850856249917e-10
YPL042C,YDR264C,1.098244138120208e-05
YPL042C,YLR110C,1.0387611837359145e-07
YPL042C,YDR379W,1.8251850031347772e-10
YPL042C,YDL100C,1.896379899335443e-06
YPL042C,YHR073W,2.2941787392483093e-05
YPL042C,YJR090C,4.647590160487304e-14
YPL042C,YOR208W,3.091019209477963e-07
YPL042C,YBR040W,0.8312972187995911
YPL042C,YNL279W,0.029596447944641113
YPL042C,YER075C,3.520776115095714e-09
YPL042C,YCR089W,0.0036163947079330683
YPL042C,YCR002C,5.923701246501878e-05
YPL042C,YJL108C,2.026511225494687e-08
YPL042C,YBR200W,1.6780936015758918e-11
YPL042C,YIL026C,0.46022987365722656
YPL042C,YJR076C,1.0686002777093861e-10
YPL042C,YKR031C,0.5737374424934387
YPL042C,YPL192C,8.585797850457766e-09
YPL042C,YHR107C,5.1649105131668094e-11
YPL042C,YIL037C,0.019917121157050133
YPL042C,YPL156C,1.9733036038527274e-10
YPL042C,YIL117C,6.379607384587871e-06
YPL042C,YHR066W,1.7547534758387663e-15
YPL042C,YML085C,8.538850670447573e-05
YPL042C,YML047C,0.26186564564704895
YPL042C,YDR312W,1.2615497325896285e-05
YPL042C,YFL037W,0.00033518485724925995
YPL042C,YDL038C,0.2020167112350464
YPL042C,YDL039C,1.1284613243844888e-08
YPL042C,YCL027W,2.1606276277452707e-05
YPL042C,YML124C,2.2974646375617785e-15
YPL042C,YGL053W,0.00034031772520393133
YPL042C,YMR232W,0.6981765031814575
YPL042C,YNL298W,1.5715694023921145e-10
YPL042C,YGL099W,3.824266059382353e-07
YPL042C,YBL016W,0.07870388776063919
YPL042C,YAL041W,1.5625211347014556e-07
YPL042C,YDR085C,0.9034531116485596
YPL042C,YPL187W,0.00020975703955627978
YPL042C,YPL256C,1.4691083072282396e-10
YPL042C,YDR461W,2.0958564050932438e-10
YPL042C,YNL145W,0.0014862515963613987
tR(UCU)M2,YDL165W,0.11299587786197662
tR(UCU)M2,YGR059W,3.1438844416697975e-07
tR(UCU)M2,YBR109C,6.929533992661163e-05
tR(UCU)M2,YJL080C,1.742621316225268e-05
tR(UCU)M2,YCR093W,0.03689250722527504
tR(UCU)M2,YIL122W,6.642577500315383e-05
tR(UCU)M2,YCL029C,0.019917922094464302
tR(UCU)M2,YNL173C,5.1315852033440024e-05
tR(UCU)M2,YLR452C,0.0004812942643184215
tR(UCU)M2,YDL160C,0.0003247168206144124
tR(UCU)M2,YLR229C,3.034871224372182e-05
tR(UCU)M2,YML057W,0.10231468826532364
tR(UCU)M2,YER149C,0.509796142578125
tR(UCU)M2,YMR305C,3.0406476071220823e-05
tR(UCU)M2,YLR433C,0.04256213456392288
tR(UCU)M2,YJL073W,0.01074117049574852
tR(UCU)M2,YGR279C,5.4287917009787634e-05
tR(UCU)M2,YKL190W,2.2464368498731346e-07
tR(UCU)M2,YGL089C,0.001189763774164021
tR(UCU)M2,YJL019W,0.04296377673745155
tR(UCU)M2,YJL018W,0.2020167112350464
tR(UCU)M2,YNR032C-A,0.013435350731015205
tR(UCU)M2,YGL178W,0.0020211238879710436
tR(UCU)M2,YKL116C,0.003034076886251569
tR(UCU)M2,YDL214C,0.08418729901313782
tR(UCU)M2,YLR362W,0.588204562664032
tR(UCU)M2,YER068W,0.0006165310041978955
tR(UCU)M2,YHR084W,0.00026946963043883443
tR(UCU)M2,YDR392W,0.0035788093227893114
tR(UCU)M2,YNL053W,0.0006716307834722102
tR(UCU)M2,YGR040W,0.10189317911863327
tR(UCU)M2,YDL216C,0.00017518276581540704
tR(UCU)M2,YOL117W,0.0024835639633238316
tR(UCU)M2,YJR086W,4.814426938537508e-05
tR(UCU)M2,YMR025W,0.008125538937747478
tR(UCU)M2,YBR081C,8.524035365553573e-06
tR(UCU)M2,YFL026W,0.018828174099326134
tR(UCU)M2,YHL007C,0.21836601197719574
tR(UCU)M2,YNR044W,0.0022437251172959805
tR(UCU)M2,YNL271C,1.3243962712294888e-05
tR(UCU)M2,YDR200C,0.03641761466860771
tR(UCU)M2,YKL178C,0.011152892373502254
tR(UCU)M2,YOR212W,0.0550551675260067
tR(UCU)M2,YOL111C,0.018465934321284294
tR(UCU)M2,YGL032C,2.1900201829794241e-07
tR(UCU)M2,YHR005C,0.0012713215546682477
tR(UCU)M2,YDR103W,0.6399276256561279
tR(UCU)M2,YJR084W,0.7321901321411133
tR(UCU)M2,YCL032W,0.06920365244150162
tR(UCU)M2,YJL170C,0.012052495963871479
tR(UCU)M2,YDR179C,0.11306779086589813
tR(UCU)M2,YBR095C,0.2321452647447586
tR(UCU)M2,YLL021W,0.663697361946106
tR(UCU)M2,YDL159W,8.653510690237454e-07
tR(UCU)M2,YNL161W,0.0038725663907825947
tR(UCU)M2,YNL188W,0.020762300118803978
tR(UCU)M2,YJL157C,0.1175665408372879
tR(UCU)M2,YJL034W,5.668707672157325e-07
tR(UCU)M2,YLR238W,0.11533193290233612
tR(UCU)M2,YPR141C,0.1943303346633911
tR(UCU)M2,YNL127W,0.5659602880477905
tR(UCU)M2,YCL055W,0.13457603752613068
tR(UCU)M2,YPR122W,0.8162643909454346
tR(UCU)M2,YMR065W,0.34378576278686523
tR(UCU)M2,YDR356W,0.004820782691240311
tR(UCU)M2,YMR052W,0.33084771037101746
tR(UCU)M2,YFR008W,0.8818621635437012
tR(UCU)M2,YLL043W,0.01923433132469654
tR(UCU)M2,YMR029C,0.0007106632692739367
tR(UCU)M2,YJR004C,0.04560358077287674
tR(UCU)M2,YDL223C,1.0812340406118892e-05
tR(UCU)M2,YHR158C,0.008149704895913601
tR(UCU)M2,YGR238C,0.009639190509915352
tR(UCU)M2,YIL015W,0.000997814699076116
tR(UCU)M2,YGL173C,1.529140536149498e-05
tR(UCU)M2,YDL225W,0.0020079612731933594
tR(UCU)M2,YLR330W,0.005681878421455622
tR(UCU)M2,YBR129C,0.5940313935279846
tR(UCU)M2,YKR095W-A,0.2020167112350464
tR(UCU)M2,YPR075C,0.0012873539235442877
tR(UCU)M2,YMR198W,0.1455787718296051
tR(UCU)M2,YOR127W,0.4813152253627777
tR(UCU)M2,YDR264C,0.13961011171340942
tR(UCU)M2,YLR110C,3.108877717750147e-05
tR(UCU)M2,YDR379W,0.02776390314102173
tR(UCU)M2,YDL100C,2.9774093945889035e-06
tR(UCU)M2,YHR073W,0.04738551005721092
tR(UCU)M2,YJR090C,0.9710241556167603
tR(UCU)M2,YOR208W,8.556691568628594e-07
tR(UCU)M2,YBR040W,0.0003694911429192871
tR(UCU)M2,YNL279W,0.00010926606046268716
tR(UCU)M2,YER075C,0.103036068379879
tR(UCU)M2,YCR089W,0.0018675775500014424
tR(UCU)M2,YCR002C,0.005553368479013443
tR(UCU)M2,YJL108C,0.0011421905364841223
tR(UCU)M2,YBR200W,0.06209772080183029
tR(UCU)M2,YIL026C,0.3882944583892822
tR(UCU)M2,YJR076C,0.07891439646482468
tR(UCU)M2,YKR031C,0.0019234336214140058
tR(UCU)M2,YPL192C,0.0004225845914334059
tR(UCU)M2,YHR107C,0.0036735315807163715
tR(UCU)M2,YIL037C,0.0031668038573116064
tR(UCU)M2,YPL156C,0.07482077926397324
tR(UCU)M2,YIL117C,0.0229090116918087
tR(UCU)M2,YHR066W,0.003874029265716672
tR(UCU)M2,YML085C,0.2845408618450165
tR(UCU)M2,YML047C,4.6066976011616134e-08
tR(UCU)M2,YDR312W,0.01309846993535757
tR(UCU)M2,YFL037W,6.808089381138416e-08
tR(UCU)M2,YDL038C,0.2020167112350464
tR(UCU)M2,YDL039C,0.0050310841761529446
tR(UCU)M2,YCL027W,0.008222422562539577
tR(UCU)M2,YML124C,2.6532992706052028e-05
tR(UCU)M2,YGL053W,0.017464276403188705
tR(UCU)M2,YMR232W,0.0894690752029419
tR(UCU)M2,YNL298W,0.46935486793518066
tR(UCU)M2,YGL099W,0.018552957102656364
tR(UCU)M2,YBL016W,0.34628182649612427
tR(UCU)M2,YAL041W,0.014060361310839653
tR(UCU)M2,YDR085C,1.4766176718694624e-05
tR(UCU)M2,YPL187W,2.637457328091841e-06
tR(UCU)M2,YPL256C,5.767479251517216e-06
tR(UCU)M2,YDR461W,7.258001005538972e-06
tR(UCU)M2,YNL145W,1.9261044315044273e-07
YPR179C,YDL165W,0.02231576479971409
YPR179C,YGR059W,3.044892338266436e-09
YPR179C,YBR109C,0.1050795465707779
YPR179C,YJL080C,0.0012424078304320574
YPR179C,YCR093W,4.740680026316113e-08
YPR179C,YIL122W,0.005190360359847546
YPR179C,YCL029C,3.721591568250915e-08
YPR179C,YNL173C,0.009120521135628223
YPR179C,YLR452C,0.0009212325676344335
YPR179C,YDL160C,0.8648712038993835
YPR179C,YLR229C,0.005123189650475979
YPR179C,YML057W,1.3682670108039474e-08
YPR179C,YER149C,0.0001356925058644265
YPR179C,YMR305C,3.054746233743799e-09
YPR179C,YLR433C,0.0017010769806802273
YPR179C,YJL073W,0.00018566531070973724
YPR179C,YGR279C,0.4983684718608856
YPR179C,YKL190W,0.0006413091323338449
YPR179C,YGL089C,0.7274423837661743
YPR179C,YJL019W,0.0036479379050433636
YPR179C,YJL018W,0.140579953789711
YPR179C,YNR032C-A,0.9999938011169434
YPR179C,YGL178W,0.565662145614624
YPR179C,YKL116C,3.6652821222560306e-07
YPR179C,YDL214C,0.9490878582000732
YPR179C,YLR362W,0.8500277996063232
YPR179C,YER068W,0.016535533592104912
YPR179C,YHR084W,0.9508655071258545
YPR179C,YDR392W,0.31804731488227844
YPR179C,YNL053W,0.2414022982120514
YPR179C,YGR040W,0.002493260195478797
YPR179C,YDL216C,7.043055666144937e-05
YPR179C,YOL117W,6.602450586257191e-09
YPR179C,YJR086W,1.8383307178737596e-06
YPR179C,YMR025W,0.12817586958408356
YPR179C,YBR081C,0.0019651635084301233
YPR179C,YFL026W,0.00808847974985838
YPR179C,YHL007C,2.931592916866066e-06
YPR179C,YNR044W,0.3535453677177429
YPR179C,YNL271C,0.03559727594256401
YPR179C,YDR200C,0.17591583728790283
YPR179C,YKL178C,1.8590345929325736e-09
YPR179C,YOR212W,0.6326187252998352
YPR179C,YOL111C,9.488736158564867e-14
YPR179C,YGL032C,0.00016030672122724354
YPR179C,YHR005C,0.23210600018501282
YPR179C,YDR103W,5.81336826144252e-06
YPR179C,YJR084W,5.6664066505618393e-05
YPR179C,YCL032W,0.002460072748363018
YPR179C,YJL170C,3.0212527235562447e-06
YPR179C,YDR179C,9.733976912684739e-05
YPR179C,YBR095C,0.02749549224972725
YPR179C,YLL021W,0.0012743785046041012
YPR179C,YDL159W,2.484781269629366e-08
YPR179C,YNL161W,0.23895017802715302
YPR179C,YNL188W,0.00010585023846942931
YPR179C,YJL157C,0.011987431906163692
YPR179C,YJL034W,4.652065399568528e-08
YPR179C,YLR238W,0.0016749032074585557
YPR179C,YPR141C,0.19628769159317017
YPR179C,YNL127W,5.6059015068887774e-11
YPR179C,YCL055W,8.102981155388989e-06
YPR179C,YPR122W,3.0543942557414994e-05
YPR179C,YMR065W,0.25500649213790894
YPR179C,YDR356W,0.0015334754716604948
YPR179C,YMR052W,0.18457937240600586
YPR179C,YFR008W,2.9201123741273705e-09
YPR179C,YLL043W,0.0002126059989677742
YPR179C,YMR029C,0.008574728854000568
YPR179C,YJR004C,1.0552613275649492e-05
YPR179C,YDL223C,2.445983682264341e-07
YPR179C,YHR158C,7.930015999590978e-05
YPR179C,YGR238C,0.0023774902801960707
YPR179C,YIL015W,1.4650319846154503e-09
YPR179C,YGL173C,7.188957056314393e-07
YPR179C,YDL225W,2.2196541067387443e-06
YPR179C,YLR330W,6.205907538969768e-06
YPR179C,YBR129C,6.0124431911390275e-05
YPR179C,YKR095W-A,0.2020167112350464
YPR179C,YPR075C,7.994131615354783e-13
YPR179C,YMR198W,0.0014814261812716722
YPR179C,YOR127W,3.9302121876971796e-05
YPR179C,YDR264C,4.012290162336285e-07
YPR179C,YLR110C,0.9993313550949097
YPR179C,YDR379W,0.049969352781772614
YPR179C,YDL100C,7.048975021461956e-06
YPR179C,YHR073W,0.041574861854314804
YPR179C,YJR090C,0.022223101928830147
YPR179C,YOR208W,1.2898942358674503e-08
YPR179C,YBR040W,0.24793532490730286
YPR179C,YNL279W,0.0003123953356407583
YPR179C,YER075C,0.07542411237955093
YPR179C,YCR089W,2.7886077891281502e-09
YPR179C,YCR002C,0.10440219938755035
YPR179C,YJL108C,1.0316565521861776e-06
YPR179C,YBR200W,6.6125621742685325e-06
YPR179C,YIL026C,0.7850017547607422
YPR179C,YJR076C,0.02789154276251793
YPR179C,YKR031C,0.30145925283432007
YPR179C,YPL192C,0.00011645123595371842
YPR179C,YHR107C,9.440420001283201e-08
YPR179C,YIL037C,3.289942185347172e-08
YPR179C,YPL156C,5.2534129935111196e-08
YPR179C,YIL117C,1.797997981611843e-07
YPR179C,YHR066W,9.756623541848017e-15
YPR179C,YML085C,1.3059855419328414e-08
YPR179C,YML047C,0.9993341565132141
YPR179C,YDR312W,0.999934196472168
YPR179C,YFL037W,0.09333057701587677
YPR179C,YDL038C,0.2020167112350464
YPR179C,YDL039C,4.5418151878307e-11
YPR179C,YCL027W,0.00010225567530142143
YPR179C,YML124C,3.228481718076104e-12
YPR179C,YGL053W,0.014531242661178112
YPR179C,YMR232W,0.00016790375229902565
YPR179C,YNL298W,0.00011763774818973616
YPR179C,YGL099W,0.007234249729663134
YPR179C,YBL016W,1.1103592441941146e-05
YPR179C,YAL041W,0.07608650624752045
YPR179C,YDR085C,0.023418860509991646
YPR179C,YPL187W,0.016290927305817604
YPR179C,YPL256C,1.4298136459534039e-11
YPR179C,YDR461W,1.4207828371581854e-06
YPR179C,YNL145W,9.906550258165225e-05
YGL077C,YDL165W,4.447818113817448e-09
YGL077C,YGR059W,6.647482009292105e-10
YGL077C,YBR109C,2.9623545838575183e-09
YGL077C,YJL080C,5.051903144703829e-07
YGL077C,YCR093W,8.715540752746165e-05
YGL077C,YIL122W,3.999601631221594e-06
YGL077C,YCL029C,9.636095455789473e-06
YGL077C,YNL173C,1.4295288565335795e-05
YGL077C,YLR452C,3.440309230326303e-15
YGL077C,YDL160C,0.9848141074180603
YGL077C,YLR229C,9.992374572220797e-08
YGL077C,YML057W,6.571834222646178e-12
YGL077C,YER149C,3.273943036674609e-07
YGL077C,YMR305C,1.8440288840793073e-05
YGL077C,YLR433C,4.767352068668629e-10
YGL077C,YJL073W,3.315274166304505e-10
YGL077C,YGR279C,0.0001719023275654763
YGL077C,YKL190W,7.0813366619404405e-06
YGL077C,YGL089C,1.1561311339391978e-06
YGL077C,YJL019W,0.0015454237582162023
YGL077C,YJL018W,0.0012568418169394135
YGL077C,YNR032C-A,3.080231465446559e-07
YGL077C,YGL178W,1.1574466699752067e-13
YGL077C,YKL116C,4.117954404136981e-07
YGL077C,YDL214C,0.9999997615814209
YGL077C,YLR362W,2.586066116805341e-08
YGL077C,YER068W,6.944775668671355e-05
YGL077C,YHR084W,1.168267118600852e-07
YGL077C,YDR392W,2.247429607274079e-16
YGL077C,YNL053W,1.7149541335637064e-12
YGL077C,YGR040W,8.98249297165421e-09
YGL077C,YDL216C,1.4543355408846992e-09
YGL077C,YOL117W,2.9769418574687734e-07
YGL077C,YJR086W,0.037545569241046906
YGL077C,YMR025W,1.0041615455813613e-10
YGL077C,YBR081C,3.554108474190798e-08
YGL077C,YFL026W,2.0745050278492272e-05
YGL077C,YHL007C,4.496867322956177e-09
YGL077C,YNR044W,2.125041419678611e-16
YGL077C,YNL271C,0.185782790184021
YGL077C,YDR200C,4.485936733544804e-05
YGL077C,YKL178C,2.287901292030714e-11
YGL077C,YOR212W,1.4111828372520563e-09
YGL077C,YOL111C,1.9236856738996048e-16
YGL077C,YGL032C,1.084323213493667e-14
YGL077C,YHR005C,4.0812028756498364e-10
YGL077C,YDR103W,0.0004628711030818522
YGL077C,YJR084W,2.550435453940736e-07
YGL077C,YCL032W,2.908145502189541e-09
YGL077C,YJL170C,0.0037680279929190874
YGL077C,YDR179C,8.064811041208486e-09
YGL077C,YBR095C,6.244552652745483e-10
YGL077C,YLL021W,2.6592671929392964e-05
YGL077C,YDL159W,7.994721613613365e-07
YGL077C,YNL161W,1.0074992218278567e-07
YGL077C,YNL188W,3.690868775904177e-16
YGL077C,YJL157C,1.7456063261533927e-08
YGL077C,YJL034W,1.7096608850852846e-11
YGL077C,YLR238W,1.965038973139599e-05
YGL077C,YPR141C,5.064234809282198e-09
YGL077C,YNL127W,7.658914058517041e-10
YGL077C,YCL055W,2.006346295733172e-16
YGL077C,YPR122W,0.0026185924652963877
YGL077C,YMR065W,6.733965607352843e-10
YGL077C,YDR356W,7.926290095383592e-07
YGL077C,YMR052W,7.971706509124488e-06
YGL077C,YFR008W,1.415459394138452e-07
YGL077C,YLL043W,1.3688274957956992e-09
YGL077C,YMR029C,1.72053944424988e-07
YGL077C,YJR004C,1.1765068030911152e-08
YGL077C,YDL223C,1.7221787147400636e-12
YGL077C,YHR158C,0.00014421570813283324
YGL077C,YGR238C,1.2719503956759581e-06
YGL077C,YIL015W,7.3439623271553955e-09
YGL077C,YGL173C,0.004621031228452921
YGL077C,YDL225W,1.2765992323693354e-05
YGL077C,YLR330W,0.00014104021829552948
YGL077C,YBR129C,5.505090939550428e-06
YGL077C,YKR095W-A,0.2020167112350464
YGL077C,YPR075C,1.6577107686543968e-08
YGL077C,YMR198W,4.100614292568139e-11
YGL077C,YOR127W,9.788909960395387e-11
YGL077C,YDR264C,6.187778467392491e-08
YGL077C,YLR110C,2.3004501414902734e-08
YGL077C,YDR379W,2.5046778540094294e-10
YGL077C,YDL100C,2.083560268761886e-10
YGL077C,YHR073W,5.343642260413617e-05
YGL077C,YJR090C,1.5128675222297883e-12
YGL077C,YOR208W,3.4196158793520226e-08
YGL077C,YBR040W,3.7377617445599753e-08
YGL077C,YNL279W,2.3129571591340436e-09
YGL077C,YER075C,2.535892917876481e-07
YGL077C,YCR089W,1.1719178516500506e-08
YGL077C,YCR002C,8.318308708510358e-09
YGL077C,YJL108C,1.0861671739803569e-07
YGL077C,YBR200W,0.002154810121282935
YGL077C,YIL026C,2.3506875265755234e-11
YGL077C,YJR076C,1.0429283037183268e-07
YGL077C,YKR031C,1.607004862513861e-09
YGL077C,YPL192C,1.7014007980264978e-08
YGL077C,YHR107C,4.2058136529021795e-08
YGL077C,YIL037C,3.102216624029097e-06
YGL077C,YPL156C,1.0576504000945133e-14
YGL077C,YIL117C,1.791736004008726e-08
YGL077C,YHR066W,5.489357883178836e-13
YGL077C,YML085C,6.110890682364811e-10
YGL077C,YML047C,0.005185812246054411
YGL077C,YDR312W,1.7887381318359985e-06
YGL077C,YFL037W,0.00020396789477672428
YGL077C,YDL038C,0.2020167112350464
YGL077C,YDL039C,2.340892513651427e-23
YGL077C,YCL027W,3.57891383195863e-10
YGL077C,YML124C,1.8570095150384308e-18
YGL077C,YGL053W,5.042271311594959e-08
YGL077C,YMR232W,7.770330490153299e-10
YGL077C,YNL298W,7.460752016186234e-09
YGL077C,YGL099W,5.881824360898236e-09
YGL077C,YBL016W,9.995174247003715e-20
YGL077C,YAL041W,0.0015817974926903844
YGL077C,YDR085C,2.6212335342279403e-06
YGL077C,YPL187W,1.8130147509509698e-05
YGL077C,YPL256C,9.422849306384151e-11
YGL077C,YDR461W,1.211686133373302e-11
YGL077C,YNL145W,2.783861737052501e-13
YBL085W,YDL165W,9.050397125065501e-07
YBL085W,YGR059W,1.326194336570552e-07
YBL085W,YBR109C,3.313038632768439e-06
YBL085W,YJL080C,8.273741514130961e-06
YBL085W,YCR093W,2.6385691853647586e-07
YBL085W,YIL122W,1.0393200966518634e-07
YBL085W,YCL029C,2.212512117694132e-05
YBL085W,YNL173C,0.00041079529910348356
YBL085W,YLR452C,1.570609128975775e-05
YBL085W,YDL160C,3.416314200421766e-07
YBL085W,YLR229C,5.189714258335698e-08
YBL085W,YML057W,6.057127393432893e-06
YBL085W,YER149C,0.00047064226237125695
YBL085W,YMR305C,1.5857891412451863e-05
YBL085W,YLR433C,0.00021260882203932852
YBL085W,YJL073W,3.558734462671964e-08
YBL085W,YGR279C,4.469809198326402e-07
YBL085W,YKL190W,3.0215034712455235e-05
YBL085W,YGL089C,1.989886337303015e-12
YBL085W,YJL019W,0.6303269863128662
YBL085W,YJL018W,0.00010400296741863713
YBL085W,YNR032C-A,0.02831350453197956
YBL085W,YGL178W,0.0001715404650894925
YBL085W,YKL116C,1.7350176406694118e-08
YBL085W,YDL214C,0.0014633656246587634
YBL085W,YLR362W,6.387189728229714e-07
YBL085W,YER068W,1.9777952886546046e-10
YBL085W,YHR084W,4.033148570670164e-07
YBL085W,YDR392W,9.545582543069031e-06
YBL085W,YNL053W,6.499140727100894e-05
YBL085W,YGR040W,6.14515514030245e-08
YBL085W,YDL216C,4.869375061389292e-06
YBL085W,YOL117W,7.816549623385072e-05
YBL085W,YJR086W,5.102535283185716e-08
YBL085W,YMR025W,1.5740682368647896e-10
YBL085W,YBR081C,4.7998380381386596e-08
YBL085W,YFL026W,0.00012557390436995775
YBL085W,YHL007C,9.020122524816543e-05
YBL085W,YNR044W,2.4770587359057572e-08
YBL085W,YNL271C,0.00025992709561251104
YBL085W,YDR200C,2.4017802502385166e-07
YBL085W,YKL178C,4.3661120230353845e-07
YBL085W,YOR212W,0.00847985316067934
YBL085W,YOL111C,8.642604687469913e-11
YBL085W,YGL032C,3.920929884770885e-06
YBL085W,YHR005C,1.8495466065360233e-06
YBL085W,YDR103W,2.333390192177376e-08
YBL085W,YJR084W,0.002198365516960621
YBL085W,YCL032W,2.261251756863203e-05
YBL085W,YJL170C,0.012414264492690563
YBL085W,YDR179C,2.696554979308985e-09
YBL085W,YBR095C,7.011912828147615e-08
YBL085W,YLL021W,4.44427200818609e-07
YBL085W,YDL159W,2.4445492385893886e-07
YBL085W,YNL161W,8.35152937474562e-14
YBL085W,YNL188W,4.488032118388219e-06
YBL085W,YJL157C,0.003916635178029537
YBL085W,YJL034W,1.0637202381945376e-13
YBL085W,YLR238W,5.215005330683198e-06
YBL085W,YPR141C,5.609943400486372e-06
YBL085W,YNL127W,8.909285043046111e-07
YBL085W,YCL055W,1.1868417360005878e-10
YBL085W,YPR122W,1.1855492232371034e-07
YBL085W,YMR065W,5.0318353927991666e-09
YBL085W,YDR356W,2.72825730007753e-07
YBL085W,YMR052W,1.4373248632182367e-05
YBL085W,YFR008W,1.0208847989190417e-08
YBL085W,YLL043W,0.002886588918045163
YBL085W,YMR029C,2.4081862648017704e-05
YBL085W,YJR004C,1.9350966340425657e-07
YBL085W,YDL223C,3.9651499861292905e-09
YBL085W,YHR158C,2.909617080604221e-08
YBL085W,YGR238C,0.00014554275549016893
YBL085W,YIL015W,1.9457420421531424e-06
YBL085W,YGL173C,0.0001198351092170924
YBL085W,YDL225W,1.7771042621461675e-05
YBL085W,YLR330W,3.314455554459528e-08
YBL085W,YBR129C,0.003631030675023794
YBL085W,YKR095W-A,0.2020167112350464
YBL085W,YPR075C,7.101840643342072e-11
YBL085W,YMR198W,6.973799031584349e-07
YBL085W,YOR127W,0.0060938699170947075
YBL085W,YDR264C,0.005451396573334932
YBL085W,YLR110C,4.437744749452577e-08
YBL085W,YDR379W,1.7507352367829299e-07
YBL085W,YDL100C,1.4621399202496832e-07
YBL085W,YHR073W,2.9173843341112615e-09
YBL085W,YJR090C,0.0009586169617250562
YBL085W,YOR208W,2.2065528224035624e-11
YBL085W,YBR040W,0.14137442409992218
YBL085W,YNL279W,1.933743988047354e-06
YBL085W,YER075C,0.0001700017019174993
YBL085W,YCR089W,2.4611907178950787e-07
YBL085W,YCR002C,7.140696106944233e-05
YBL085W,YJL108C,0.00010966930858558044
YBL085W,YBR200W,1.3182553004753572e-07
YBL085W,YIL026C,0.0005845212144777179
YBL085W,YJR076C,1.037159158556733e-08
YBL085W,YKR031C,3.309463592060524e-09
YBL085W,YPL192C,2.5832092021005337e-10
YBL085W,YHR107C,2.4474564597198878e-09
YBL085W,YIL037C,0.006255435757339001
YBL085W,YPL156C,5.6253593356814235e-05
YBL085W,YIL117C,0.1495850533246994
YBL085W,YHR066W,2.2892019876930014e-11
YBL085W,YML085C,8.223047132105421e-08
YBL085W,YML047C,0.0012424759333953261
YBL085W,YDR312W,0.00019970646826550364
YBL085W,YFL037W,0.003039096249267459
YBL085W,YDL038C,0.2020167112350464
YBL085W,YDL039C,1.3394492182072781e-09
YBL085W,YCL027W,0.0003046260681003332
YBL085W,YML124C,1.3086666299233496e-11
YBL085W,YGL053W,9.347950885585377e-11
YBL085W,YMR232W,0.03170420974493027
YBL085W,YNL298W,8.761218417419059e-09
YBL085W,YGL099W,5.2513396298081716e-08
YBL085W,YBL016W,3.4179740850959206e-06
YBL085W,YAL041W,0.002569606527686119
YBL085W,YDR085C,1.637297282286454e-05
YBL085W,YPL187W,8.218766822665202e-08
YBL085W,YPL256C,3.551185159267334e-07
YBL085W,YDR461W,4.983179678674787e-06
YBL085W,YNL145W,1.825531479454634e-12
YLR433C,YDL165W,0.9999313354492188
YLR433C,YGR059W,4.534413164947182e-07
YLR433C,YBR109C,0.9968546628952026
YLR433C,YJL080C,0.9995656609535217
YLR433C,YCR093W,0.9957708716392517
YLR433C,YIL122W,0.999996542930603
YLR433C,YCL029C,7.042437209747732e-05
YLR433C,YNL173C,0.9999756813049316
YLR433C,YLR452C,0.9999899864196777
YLR433C,YDL160C,0.9999674558639526
YLR433C,YLR229C,0.9997369647026062
YLR433C,YML057W,0.7614779472351074
YLR433C,YER149C,0.9829047918319702
YLR433C,YMR305C,0.9979254007339478
YLR433C,YJL073W,1.651344518904807e-07
YLR433C,YGR279C,0.9970273375511169
YLR433C,YKL190W,0.9981080293655396
YLR433C,YGL089C,0.9969620108604431
YLR433C,YJL019W,0.9861072301864624
YLR433C,YJL018W,0.07070784270763397
YLR433C,YNR032C-A,0.9999022483825684
YLR433C,YGL178W,0.9999481439590454
YLR433C,YKL116C,1.48988237924641e-06
YLR433C,YDL214C,0.9998478889465332
YLR433C,YLR362W,0.9999769926071167
YLR433C,YER068W,0.0011248120572417974
YLR433C,YHR084W,0.0006773769273422658
YLR433C,YDR392W,0.9999226331710815
YLR433C,YNL053W,0.9951581358909607
YLR433C,YGR040W,0.99407958984375
YLR433C,YDL216C,0.9943023920059204
YLR433C,YOL117W,0.9989510774612427
YLR433C,YJR086W,0.9999022483825684
YLR433C,YMR025W,0.9999806880950928
YLR433C,YBR081C,0.999957799911499
YLR433C,YFL026W,0.4881260395050049
YLR433C,YHL007C,0.9919301867485046
YLR433C,YNR044W,0.9999856948852539
YLR433C,YNL271C,0.998034656047821
YLR433C,YDR200C,0.9977428913116455
YLR433C,YKL178C,0.9988141059875488
YLR433C,YOR212W,0.9982979893684387
YLR433C,YOL111C,0.0006846399628557265
YLR433C,YGL032C,1.4141174688120373e-05
YLR433C,YHR005C,0.9986407160758972
YLR433C,YDR103W,0.9998600482940674
YLR433C,YJR084W,0.9998236298561096
YLR433C,YCL032W,0.9999446868896484
YLR433C,YJL170C,0.9997907280921936
YLR433C,YDR179C,0.0005155123071745038
YLR433C,YBR095C,0.9997847676277161
YLR433C,YLL021W,0.999363362789154
YLR433C,YDL159W,0.001606089062988758
YLR433C,YNL161W,0.9905948638916016
YLR433C,YNL188W,0.9967256784439087
YLR433C,YJL157C,0.6440556049346924
YLR433C,YJL034W,4.990037268726155e-06
YLR433C,YLR238W,0.9995038509368896
YLR433C,YPR141C,0.9956254959106445
YLR433C,YNL127W,0.9998805522918701
YLR433C,YCL055W,0.9980803728103638
YLR433C,YPR122W,0.9998136162757874
YLR433C,YMR065W,0.9999864101409912
YLR433C,YDR356W,0.9998099207878113
YLR433C,YMR052W,0.9999817609786987
YLR433C,YFR008W,0.9994571805000305
YLR433C,YLL043W,0.9999529123306274
YLR433C,YMR029C,0.9997838139533997
YLR433C,YJR004C,0.10084999352693558
YLR433C,YDL223C,1.238203289899431e-11
YLR433C,YHR158C,0.9961273074150085
YLR433C,YGR238C,0.5349128842353821
YLR433C,YIL015W,0.9997982382774353
YLR433C,YGL173C,0.9683826565742493
YLR433C,YDL225W,0.9993811845779419
YLR433C,YLR330W,0.0177537202835083
YLR433C,YBR129C,0.9760615825653076
YLR433C,YKR095W-A,0.2020167112350464
YLR433C,YPR075C,4.1257602889643863e-10
YLR433C,YMR198W,0.9951790571212769
YLR433C,YOR127W,0.9992695450782776
YLR433C,YDR264C,0.9994736313819885
YLR433C,YLR110C,0.9999536275863647
YLR433C,YDR379W,0.9980917572975159
YLR433C,YDL100C,0.9870026111602783
YLR433C,YHR073W,0.9709548354148865
YLR433C,YJR090C,0.997884213924408
YLR433C,YOR208W,0.9998754262924194
YLR433C,YBR040W,0.9995688796043396
YLR433C,YNL279W,0.9999969005584717
YLR433C,YER075C,0.999376118183136
YLR433C,YCR089W,0.8963257670402527
YLR433C,YCR002C,0.9998273253440857
YLR433C,YJL108C,0.9977206587791443
YLR433C,YBR200W,0.9989041090011597
YLR433C,YIL026C,0.9996238946914673
YLR433C,YJR076C,0.996675968170166
YLR433C,YKR031C,0.9996329545974731
YLR433C,YPL192C,0.9971457123756409
YLR433C,YHR107C,0.999619722366333
YLR433C,YIL037C,0.005877674091607332
YLR433C,YPL156C,0.9999977350234985
YLR433C,YIL117C,0.99985671043396
YLR433C,YHR066W,0.0010589633602648973
YLR433C,YML085C,0.9939957857131958
YLR433C,YML047C,0.9999852180480957
YLR433C,YDR312W,0.9957450032234192
YLR433C,YFL037W,0.9999393224716187
YLR433C,YDL038C,0.2020167112350464
YLR433C,YDL039C,0.002880987711250782
YLR433C,YCL027W,0.9999938011169434
YLR433C,YML124C,2.717302095334162e-06
YLR433C,YGL053W,0.9997370839118958
YLR433C,YMR232W,0.9978063702583313
YLR433C,YNL298W,0.997642457485199
YLR433C,YGL099W,0.7644332051277161
YLR433C,YBL016W,0.9632726907730103
YLR433C,YAL041W,0.9999402761459351
YLR433C,YDR085C,0.9997338652610779
YLR433C,YPL187W,0.9960511326789856
YLR433C,YPL256C,0.00021200196351855993
YLR433C,YDR461W,1.9080449931152543e-07
YLR433C,YNL145W,0.7181954979896545
YHR144C,YDL165W,0.037226155400276184
YHR144C,YGR059W,0.0001381386537104845
YHR144C,YBR109C,1.7446662923248368e-06
YHR144C,YJL080C,7.617966844009061e-07
YHR144C,YCR093W,6.32828630386939e-07
YHR144C,YIL122W,1.1700662660985017e-08
YHR144C,YCL029C,3.787627351246118e-18
YHR144C,YNL173C,0.0001474458258599043
YHR144C,YLR452C,0.17341500520706177
YHR144C,YDL160C,0.017331235110759735
YHR144C,YLR229C,4.9348186621500645e-06
YHR144C,YML057W,4.324639367588815e-15
YHR144C,YER149C,4.950291732086498e-09
YHR144C,YMR305C,1.7672333285645436e-07
YHR144C,YLR433C,3.096934960922226e-05
YHR144C,YJL073W,1.6659547238738026e-16
YHR144C,YGR279C,3.2874769573254525e-08
YHR144C,YKL190W,0.0004654230724554509
YHR144C,YGL089C,0.22060419619083405
YHR144C,YJL019W,0.9917671084403992
YHR144C,YJL018W,0.00019289822375867516
YHR144C,YNR032C-A,0.0031296052038669586
YHR144C,YGL178W,4.288886579217888e-09
YHR144C,YKL116C,2.4625917305343137e-08
YHR144C,YDL214C,1.523035741968215e-08
YHR144C,YLR362W,2.2913040822331032e-14
YHR144C,YER068W,1.9889263846994965e-12
YHR144C,YHR084W,1.5331706890719943e-05
YHR144C,YDR392W,9.213326102042174e-09
YHR144C,YNL053W,7.021936417744845e-12
YHR144C,YGR040W,0.0002868084120564163
YHR144C,YDL216C,0.01673530787229538
YHR144C,YOL117W,2.843542290520418e-07
YHR144C,YJR086W,0.00012163151404820383
YHR144C,YMR025W,0.0029904593247920275
YHR144C,YBR081C,0.03197873383760452
YHR144C,YFL026W,3.814711817540228e-06
YHR144C,YHL007C,1.5009064001779741e-18
YHR144C,YNR044W,3.0364466496735076e-10
YHR144C,YNL271C,2.3562304107827003e-08
YHR144C,YDR200C,3.6392833191456475e-10
YHR144C,YKL178C,8.078051905613393e-06
YHR144C,YOR212W,1.3945597743258986e-07
YHR144C,YOL111C,6.5083658948306145e-12
YHR144C,YGL032C,9.116596629610285e-06
YHR144C,YHR005C,0.17335812747478485
YHR144C,YDR103W,0.6665247678756714
YHR144C,YJR084W,0.0009876705007627606
YHR144C,YCL032W,1.8656763813851285e-06
YHR144C,YJL170C,0.6094555854797363
YHR144C,YDR179C,2.2228813634228572e-07
YHR144C,YBR095C,3.97170297219418e-05
YHR144C,YLL021W,1.5511246829191805e-06
YHR144C,YDL159W,7.097809007206024e-10
YHR144C,YNL161W,0.01952042430639267
YHR144C,YNL188W,2.1478152589793353e-09
YHR144C,YJL157C,0.007446123752743006
YHR144C,YJL034W,8.38280471107027e-15
YHR144C,YLR238W,9.222090966432006e-07
YHR144C,YPR141C,9.759273389420287e-10
YHR144C,YNL127W,4.39772751548162e-09
YHR144C,YCL055W,1.345865825896908e-06
YHR144C,YPR122W,4.561219611787237e-05
YHR144C,YMR065W,0.0015680447686463594
YHR144C,YDR356W,2.33688401962695e-10
YHR144C,YMR052W,0.0017659568693488836
YHR144C,YFR008W,7.51124243834056e-05
YHR144C,YLL043W,5.3294639656087384e-05
YHR144C,YMR029C,3.6052999803359853e-06
YHR144C,YJR004C,5.40436992935156e-08
YHR144C,YDL223C,3.3361906699003836e-16
YHR144C,YHR158C,2.20531163108717e-07
YHR144C,YGR238C,2.240718458779156e-06
YHR144C,YIL015W,0.9983541965484619
YHR144C,YGL173C,1.0222861619724188e-11
YHR144C,YDL225W,5.340281550303416e-10
YHR144C,YLR330W,5.519019552480131e-08
YHR144C,YBR129C,3.826224670433476e-08
YHR144C,YKR095W-A,0.2020167112350464
YHR144C,YPR075C,1.6706012502254453e-06
YHR144C,YMR198W,2.8492440833360888e-05
YHR144C,YOR127W,3.0552546170098394e-12
YHR144C,YDR264C,0.20760855078697205
YHR144C,YLR110C,0.02135484293103218
YHR144C,YDR379W,0.000644468585960567
YHR144C,YDL100C,2.7019757908419706e-05
YHR144C,YHR073W,1.2178865554934859e-11
YHR144C,YJR090C,4.1110295723179036e-11
YHR144C,YOR208W,1.5951255344804488e-13
YHR144C,YBR040W,0.00018239095516037196
YHR144C,YNL279W,0.00048551111831329763
YHR144C,YER075C,1.672712102163132e-07
YHR144C,YCR089W,3.187147767924614e-11
YHR144C,YCR002C,0.041196901351213455
YHR144C,YJL108C,0.00011502777488203719
YHR144C,YBR200W,0.0004606698057614267
YHR144C,YIL026C,0.0004303211171645671
YHR144C,YJR076C,0.9698345065116882
YHR144C,YKR031C,5.556930773309432e-05
YHR144C,YPL192C,2.9335056751733646e-05
YHR144C,YHR107C,1.1585047587914232e-07
YHR144C,YIL037C,1.7251943518203916e-07
YHR144C,YPL156C,0.0001936447515618056
YHR144C,YIL117C,0.0003650560975074768
YHR144C,YHR066W,1.1493446005844874e-20
YHR144C,YML085C,0.00016926285752560943
YHR144C,YML047C,1.0270612619933672e-05
YHR144C,YDR312W,1.5516401843398107e-14
YHR144C,YFL037W,0.361354261636734
YHR144C,YDL038C,0.2020167112350464
YHR144C,YDL039C,3.0585663779447714e-08
YHR144C,YCL027W,0.016485854983329773
YHR144C,YML124C,9.733144845647246e-12
YHR144C,YGL053W,0.0007957640336826444
YHR144C,YMR232W,2.547865562974039e-07
YHR144C,YNL298W,0.0013481586938723922
YHR144C,YGL099W,4.406642346869299e-21
YHR144C,YBL016W,3.1834640594752273e-06
YHR144C,YAL041W,0.3738600015640259
YHR144C,YDR085C,1.925357095977631e-11
YHR144C,YPL187W,8.746762603095704e-08
YHR144C,YPL256C,3.204320091754198e-05
YHR144C,YDR461W,2.5010077559298183e-13
YHR144C,YNL145W,1.8397723806629074e-06
YGL185C,YDL165W,0.0010074543533846736
YGL185C,YGR059W,3.433166528843401e-10
YGL185C,YBR109C,0.0010510464198887348
YGL185C,YJL080C,1.7933733033714816e-05
YGL185C,YCR093W,0.999164342880249
YGL185C,YIL122W,0.0028109324630349874
YGL185C,YCL029C,9.880601510303677e-07
YGL185C,YNL173C,4.070323484484106e-05
YGL185C,YLR452C,0.003580619115382433
YGL185C,YDL160C,1.0644748726917896e-06
YGL185C,YLR229C,0.0027395044453442097
YGL185C,YML057W,7.409500124566648e-09
YGL185C,YER149C,0.2777320146560669
YGL185C,YMR305C,6.0717720771208405e-05
YGL185C,YLR433C,0.9905107617378235
YGL185C,YJL073W,0.00028317945543676615
YGL185C,YGR279C,5.322945639818499e-09
YGL185C,YKL190W,0.00010459303302923217
YGL185C,YGL089C,0.03123035468161106
YGL185C,YJL019W,0.9914473295211792
YGL185C,YJL018W,0.0012577340239658952
YGL185C,YNR032C-A,0.000989596708677709
YGL185C,YGL178W,1.0048512716354097e-10
YGL185C,YKL116C,8.390003969349635e-11
YGL185C,YDL214C,0.00023429861175827682
YGL185C,YLR362W,0.00033312218147329986
YGL185C,YER068W,5.101550293318269e-09
YGL185C,YHR084W,1.4910747836438532e-07
YGL185C,YDR392W,0.16208615899085999
YGL185C,YNL053W,0.0008017179789021611
YGL185C,YGR040W,0.003411207813769579
YGL185C,YDL216C,0.0013754809042438865
YGL185C,YOL117W,1.1152446154072404e-11
YGL185C,YJR086W,7.487086804758292e-06
YGL185C,YMR025W,0.0006340565741993487
YGL185C,YBR081C,0.0024329163134098053
YGL185C,YFL026W,0.05297050252556801
YGL185C,YHL007C,0.0031387051567435265
YGL185C,YNR044W,0.9874150156974792
YGL185C,YNL271C,0.00860957894474268
YGL185C,YDR200C,1.181376774184173e-07
YGL185C,YKL178C,1.2757126341966796e-06
YGL185C,YOR212W,4.703892773250118e-05
YGL185C,YOL111C,3.695343053777833e-08
YGL185C,YGL032C,8.61370263310901e-12
YGL185C,YHR005C,0.010260318405926228
YGL185C,YDR103W,0.009652395732700825
YGL185C,YJR084W,0.7659815549850464
YGL185C,YCL032W,0.9429829120635986
YGL185C,YJL170C,5.814508767798543e-05
YGL185C,YDR179C,4.971744804044276e-12
YGL185C,YBR095C,0.00011258267477387562
YGL185C,YLL021W,0.000600887113250792
YGL185C,YDL159W,4.2187506960056353e-11
YGL185C,YNL161W,0.04817695543169975
YGL185C,YNL188W,0.0016431222902610898
YGL185C,YJL157C,2.3987820618742717e-09
YGL185C,YJL034W,4.552948463686195e-20
YGL185C,YLR238W,0.46236851811408997
YGL185C,YPR141C,3.9884103898657486e-05
YGL185C,YNL127W,0.00024013244546949863
YGL185C,YCL055W,9.897915820289427e-11
YGL185C,YPR122W,0.9900717735290527
YGL185C,YMR065W,0.00249480945058167
YGL185C,YDR356W,0.004757965449243784
YGL185C,YMR052W,0.9552568197250366
YGL185C,YFR008W,4.525457916315645e-05
YGL185C,YLL043W,0.04130832105875015
YGL185C,YMR029C,5.564064320395801e-09
YGL185C,YJR004C,0.00020227789354976267
YGL185C,YDL223C,1.5769327319503645e-06
YGL185C,YHR158C,0.025340702384710312
YGL185C,YGR238C,1.0563225259829778e-05
YGL185C,YIL015W,0.14338542520999908
YGL185C,YGL173C,0.00013902559294365346
YGL185C,YDL225W,0.05041784793138504
YGL185C,YLR330W,4.685942258220166e-06
YGL185C,YBR129C,0.0013861028710380197
YGL185C,YKR095W-A,0.2020167112350464
YGL185C,YPR075C,9.060916568159882e-07
YGL185C,YMR198W,0.4553573727607727
YGL185C,YOR127W,0.0009424624149687588
YGL185C,YDR264C,1.0698693042598961e-09
YGL185C,YLR110C,2.021977343247272e-05
YGL185C,YDR379W,0.008146286942064762
YGL185C,YDL100C,7.45013165742714e-12
YGL185C,YHR073W,3.1623847984718623e-09
YGL185C,YJR090C,7.568399382762436e-07
YGL185C,YOR208W,9.729114403000949e-09
YGL185C,YBR040W,0.9836248159408569
YGL185C,YNL279W,1.1148580369990668e-06
YGL185C,YER075C,6.168762028968544e-11
YGL185C,YCR089W,0.0004689470224548131
YGL185C,YCR002C,1.1839549785008785e-07
YGL185C,YJL108C,0.212652787566185
YGL185C,YBR200W,2.8603655664483085e-05
YGL185C,YIL026C,0.00023360490740742534
YGL185C,YJR076C,6.3166520625213e-11
YGL185C,YKR031C,0.07388380914926529
YGL185C,YPL192C,0.0019642966799438
YGL185C,YHR107C,0.17258411645889282
YGL185C,YIL037C,0.2298181802034378
YGL185C,YPL156C,0.00039708628901280463
YGL185C,YIL117C,1.0644017720551346e-06
YGL185C,YHR066W,1.4859013390378095e-05
YGL185C,YML085C,5.407811087820846e-09
YGL185C,YML047C,0.9906071424484253
YGL185C,YDR312W,0.003521401435136795
YGL185C,YFL037W,7.832043173727765e-12
YGL185C,YDL038C,0.2020167112350464
YGL185C,YDL039C,3.2072925708841234e-17
YGL185C,YCL027W,0.9978843331336975
YGL185C,YML124C,3.9894634262793716e-09
YGL185C,YGL053W,1.4811914361700929e-08
YGL185C,YMR232W,0.0052582453936338425
YGL185C,YNL298W,0.0006886651972308755
YGL185C,YGL099W,5.1925059807444995e-08
YGL185C,YBL016W,2.311234794660777e-07
YGL185C,YAL041W,1.1756525054806843e-05
YGL185C,YDR085C,6.017629402776947e-06
YGL185C,YPL187W,0.047847915440797806
YGL185C,YPL256C,1.71036310114836e-10
YGL185C,YDR461W,3.296522939604668e-13
YGL185C,YNL145W,2.658234418174976e-13
YPR042C,YDL165W,2.8389202100242983e-09
YPR042C,YGR059W,1.1331680838111424e-07
YPR042C,YBR109C,9.863804217857819e-11
YPR042C,YJL080C,1.2956975297129247e-05
YPR042C,YCR093W,2.516681342967786e-05
YPR042C,YIL122W,3.3319941857706814e-12
YPR042C,YCL029C,1.4015546705257054e-14
YPR042C,YNL173C,7.992710937543279e-10
YPR042C,YLR452C,0.9986574649810791
YPR042C,YDL160C,3.403653181521804e-08
YPR042C,YLR229C,8.692145961330944e-12
YPR042C,YML057W,3.3472143378407773e-14
YPR042C,YER149C,2.1385330839507333e-08
YPR042C,YMR305C,1.6171059716990621e-12
YPR042C,YLR433C,0.019499829038977623
YPR042C,YJL073W,0.0011684618657454848
YPR042C,YGR279C,6.791585627219376e-10
YPR042C,YKL190W,8.522146882497875e-14
YPR042C,YGL089C,1.3557209521675162e-10
YPR042C,YJL019W,0.004079499747604132
YPR042C,YJL018W,0.2020167112350464
YPR042C,YNR032C-A,0.04592681676149368
YPR042C,YGL178W,0.049534037709236145
YPR042C,YKL116C,1.5126273638088605e-06
YPR042C,YDL214C,0.0006140931509435177
YPR042C,YLR362W,3.9464737033867436e-10
YPR042C,YER068W,4.481153226265633e-10
YPR042C,YHR084W,0.46571171283721924
YPR042C,YDR392W,1.482452717027627e-06
YPR042C,YNL053W,1.2511475189214138e-09
YPR042C,YGR040W,1.271748129028083e-08
YPR042C,YDL216C,1.2282328498258721e-05
YPR042C,YOL117W,2.1941828354243853e-09
YPR042C,YJR086W,1.9817683494238736e-07
YPR042C,YMR025W,3.2537009198030376e-10
YPR042C,YBR081C,5.753728604673825e-10
YPR042C,YFL026W,2.8897179618070368e-06
YPR042C,YHL007C,1.2364195072223083e-06
YPR042C,YNR044W,9.266761580306593e-09
YPR042C,YNL271C,6.195316482049407e-11
YPR042C,YDR200C,2.2870559612808705e-10
YPR042C,YKL178C,1.3347042226996564e-07
YPR042C,YOR212W,0.028415430337190628
YPR042C,YOL111C,4.424224528398746e-11
YPR042C,YGL032C,1.8356640651973066e-08
YPR042C,YHR005C,0.21711774170398712
YPR042C,YDR103W,2.0397035314090317e-06
YPR042C,YJR084W,7.550769787201261e-09
YPR042C,YCL032W,1.639061941727249e-10
YPR042C,YJL170C,3.330365530018753e-07
YPR042C,YDR179C,8.159285691533569e-09
YPR042C,YBR095C,2.1157833263174552e-09
YPR042C,YLL021W,5.80746961631462e-09
YPR042C,YDL159W,2.663746778708287e-09
YPR042C,YNL161W,2.6163700539427737e-08
YPR042C,YNL188W,4.438955159002944e-08
YPR042C,YJL157C,9.659984789323062e-05
YPR042C,YJL034W,8.58854264151887e-07
YPR042C,YLR238W,2.3190661124772305e-07
YPR042C,YPR141C,1.3131672460531263e-07
YPR042C,YNL127W,1.2735337804770097e-05
YPR042C,YCL055W,0.014144638553261757
YPR042C,YPR122W,3.5401997305894994e-11
YPR042C,YMR065W,1.0145232431924e-09
YPR042C,YDR356W,1.2842632202136883e-07
YPR042C,YMR052W,0.0011928253807127476
YPR042C,YFR008W,2.7293873827716197e-09
YPR042C,YLL043W,0.00020554142247419804
YPR042C,YMR029C,0.057415567338466644
YPR042C,YJR004C,6.041920852517535e-10
YPR042C,YDL223C,1.0474749323127752e-12
YPR042C,YHR158C,1.08652033225555e-13
YPR042C,YGR238C,3.0599494493799284e-08
YPR042C,YIL015W,0.00030699552735313773
YPR042C,YGL173C,2.4953853604695803e-24
YPR042C,YDL225W,9.247394321980546e-16
YPR042C,YLR330W,1.6883267051071016e-07
YPR042C,YBR129C,0.0023530370090156794
YPR042C,YKR095W-A,0.2020167112350464
YPR042C,YPR075C,7.094417355801852e-07
YPR042C,YMR198W,1.2820398076485162e-09
YPR042C,YOR127W,3.457281081864494e-06
YPR042C,YDR264C,1.419617312592436e-08
YPR042C,YLR110C,1.7491296944172063e-07
YPR042C,YDR379W,7.20010866643861e-05
YPR042C,YDL100C,6.533030682476237e-05
YPR042C,YHR073W,1.3146347344061837e-09
YPR042C,YJR090C,1.1041749112261634e-11
YPR042C,YOR208W,4.291241251230815e-10
YPR042C,YBR040W,2.6331012037417167e-08
YPR042C,YNL279W,0.05659431219100952
YPR042C,YER075C,7.130081769446406e-08
YPR042C,YCR089W,0.00032628828193992376
YPR042C,YCR002C,3.98558950109873e-05
YPR042C,YJL108C,3.295913346933188e-13
YPR042C,YBR200W,0.6353406310081482
YPR042C,YIL026C,2.3778770836049845e-13
YPR042C,YJR076C,7.825587508732135e-13
YPR042C,YKR031C,0.08821208029985428
YPR042C,YPL192C,8.115594027913176e-06
YPR042C,YHR107C,1.8983596534744972e-17
YPR042C,YIL037C,0.0003684429684653878
YPR042C,YPL156C,1.5989066071142588e-08
YPR042C,YIL117C,0.8645137548446655
YPR042C,YHR066W,1.5536467222477646e-23
YPR042C,YML085C,5.238072642299585e-09
YPR042C,YML047C,3.987323526910558e-10
YPR042C,YDR312W,9.160947824979337e-13
YPR042C,YFL037W,3.51881891680339e-11
YPR042C,YDL038C,0.2020167112350464
YPR042C,YDL039C,2.3442508663628393e-17
YPR042C,YCL027W,7.906502287369221e-05
YPR042C,YML124C,6.326704017652735e-16
YPR042C,YGL053W,1.2084429457104306e-08
YPR042C,YMR232W,2.8744917904277578e-11
YPR042C,YNL298W,1.830352536202895e-09
YPR042C,YGL099W,2.0625080741470394e-15
YPR042C,YBL016W,2.0854470150766247e-08
YPR042C,YAL041W,0.005121889524161816
YPR042C,YDR085C,1.4932968042558059e-05
YPR042C,YPL187W,0.0008108098991215229
YPR042C,YPL256C,1.532714486529585e-05
YPR042C,YDR461W,8.571091453157191e-16
YPR042C,YNL145W,2.358633566235113e-10
YOL108C,YDL165W,2.0166677098328208e-15
YOL108C,YGR059W,1.6142641667826751e-09
YOL108C,YBR109C,2.896194173374056e-09
YOL108C,YJL080C,7.837571737445703e-12
YOL108C,YCR093W,1.1831439223897178e-06
YOL108C,YIL122W,0.00010812325490405783
YOL108C,YCL029C,1.3891429118118026e-09
YOL108C,YNL173C,4.4378748579546655e-18
YOL108C,YLR452C,2.0163576364140567e-10
YOL108C,YDL160C,0.9401490688323975
YOL108C,YLR229C,1.0592580146351338e-09
YOL108C,YML057W,0.17664021253585815
YOL108C,YER149C,0.0011275041615590453
YOL108C,YMR305C,1.6519313044208173e-12
YOL108C,YLR433C,9.166936069959775e-05
YOL108C,YJL073W,3.6063755715076695e-07
YOL108C,YGR279C,1.4072700338374489e-08
YOL108C,YKL190W,5.629672617836479e-13
YOL108C,YGL089C,7.5814409683516715e-06
YOL108C,YJL019W,0.20633700489997864
YOL108C,YJL018W,0.07824914902448654
YOL108C,YNR032C-A,7.805434520946619e-09
YOL108C,YGL178W,1.0832580301212147e-05
YOL108C,YKL116C,5.798993230055061e-12
YOL108C,YDL214C,0.0010315011022612453
YOL108C,YLR362W,8.970922095452583e-12
YOL108C,YER068W,3.3883489763963937e-11
YOL108C,YHR084W,1.275449506010773e-07
YOL108C,YDR392W,2.321248530279263e-06
YOL108C,YNL053W,0.019602343440055847
YOL108C,YGR040W,1.5175935175193445e-07
YOL108C,YDL216C,0.0004038022889290005
YOL108C,YOL117W,7.635794077032187e-07
YOL108C,YJR086W,4.944306056131609e-06
YOL108C,YMR025W,7.1412823571259665e-12
YOL108C,YBR081C,4.134117261855863e-06
YOL108C,YFL026W,7.438395641656825e-07
YOL108C,YHL007C,1.2299467000431719e-10
YOL108C,YNR044W,3.584409932955168e-05
YOL108C,YNL271C,0.6426312923431396
YOL108C,YDR200C,1.9340626322694732e-10
YOL108C,YKL178C,0.0012171088019385934
YOL108C,YOR212W,0.0001925457763718441
YOL108C,YOL111C,6.500550853161258e-08
YOL108C,YGL032C,1.5473779058083892e-06
YOL108C,YHR005C,7.557161438853655e-07
YOL108C,YDR103W,5.7818751884042285e-06
YOL108C,YJR084W,0.013178372755646706
YOL108C,YCL032W,3.60987780466393e-12
YOL108C,YJL170C,3.416136223677313e-06
YOL108C,YDR179C,1.0487508790275966e-15
YOL108C,YBR095C,4.433946401150024e-07
YOL108C,YLL021W,4.3314218878265365e-09
YOL108C,YDL159W,7.808423907462725e-10
YOL108C,YNL161W,0.00026198316481895745
YOL108C,YNL188W,1.0077711998235372e-09
YOL108C,YJL157C,4.8475743005208655e-14
YOL108C,YJL034W,9.986004934403928e-17
YOL108C,YLR238W,5.324500671122223e-05
YOL108C,YPR141C,0.06534872204065323
YOL108C,YNL127W,1.601551092537002e-14
YOL108C,YCL055W,1.4468428625319385e-13
YOL108C,YPR122W,3.463544271653518e-05
YOL108C,YMR065W,1.2238873976777587e-11
YOL108C,YDR356W,0.00022522773360833526
YOL108C,YMR052W,1.7932778817453254e-08
YOL108C,YFR008W,1.463970722426211e-09
YOL108C,YLL043W,0.01377440057694912
YOL108C,YMR029C,4.6152781578712165e-06
YOL108C,YJR004C,0.42194297909736633
YOL108C,YDL223C,2.37933579089189e-11
YOL108C,YHR158C,6.730338242277867e-08
YOL108C,YGR238C,0.006550633814185858
YOL108C,YIL015W,2.354764774281648e-06
YOL108C,YGL173C,1.2644623126334409e-09
YOL108C,YDL225W,1.2190200021286457e-12
YOL108C,YLR330W,8.49602072722222e-13
YOL108C,YBR129C,5.802809375215622e-16
YOL108C,YKR095W-A,0.2020167112350464
YOL108C,YPR075C,1.600214574182246e-07
YOL108C,YMR198W,4.548798671066834e-09
YOL108C,YOR127W,7.99869326328917e-09
YOL108C,YDR264C,2.626866080390755e-05
YOL108C,YLR110C,2.3509577658842318e-05
YOL108C,YDR379W,4.422381572055656e-09
YOL108C,YDL100C,1.8072448818211687e-17
YOL108C,YHR073W,8.139042689597406e-14
YOL108C,YJR090C,4.5852628360876224e-09
YOL108C,YOR208W,3.437953921547887e-07
YOL108C,YBR040W,0.002046500099822879
YOL108C,YNL279W,2.1661725746469074e-09
YOL108C,YER075C,2.8915483341052095e-08
YOL108C,YCR089W,6.286607345806772e-10
YOL108C,YCR002C,4.3233822012885004e-13
YOL108C,YJL108C,4.894758944828936e-07
YOL108C,YBR200W,1.8741236118557936e-08
YOL108C,YIL026C,0.0919727236032486
YOL108C,YJR076C,5.59958989225486e-17
YOL108C,YKR031C,0.18480467796325684
YOL108C,YPL192C,9.329537142832578e-10
YOL108C,YHR107C,1.5949810916460194e-11
YOL108C,YIL037C,1.3268488146422897e-05
YOL108C,YPL156C,1.217193766933633e-05
YOL108C,YIL117C,1.1313421310887861e-07
YOL108C,YHR066W,5.756549073141978e-14
YOL108C,YML085C,0.0003721708490047604
YOL108C,YML047C,0.002242028247565031
YOL108C,YDR312W,4.0907240194244885e-15
YOL108C,YFL037W,5.019824111940352e-09
YOL108C,YDL038C,0.2020167112350464
YOL108C,YDL039C,7.482832204612575e-15
YOL108C,YCL027W,4.103509854758158e-05
YOL108C,YML124C,7.874311562833963e-16
YOL108C,YGL053W,3.342437882025706e-09
YOL108C,YMR232W,0.005916372407227755
YOL108C,YNL298W,1.0866100410567014e-06
YOL108C,YGL099W,4.284618449965083e-13
YOL108C,YBL016W,5.913968367620001e-15
YOL108C,YAL041W,3.657298869677063e-14
YOL108C,YDR085C,0.19428406655788422
YOL108C,YPL187W,0.0372159369289875
YOL108C,YPL256C,3.0336194897128332e-15
YOL108C,YDR461W,6.567823592791696e-16
YOL108C,YNL145W,2.300099133378808e-08
YJL109C,YDL165W,0.00012921715097036213
YJL109C,YGR059W,1.4090055511228883e-11
YJL109C,YBR109C,3.812180466411519e-06
YJL109C,YJL080C,8.742015324969543e-07
YJL109C,YCR093W,1.39946018862247e-06
YJL109C,YIL122W,5.968854299709392e-10
YJL109C,YCL029C,1.0951877129627974e-06
YJL109C,YNL173C,1.945145094799615e-15
YJL109C,YLR452C,0.9983184337615967
YJL109C,YDL160C,0.46635887026786804
YJL109C,YLR229C,5.555081676773821e-13
YJL109C,YML057W,5.854731118453771e-15
YJL109C,YER149C,2.4275279884022893e-06
YJL109C,YMR305C,2.0970931657871006e-09
YJL109C,YLR433C,3.670443465765734e-14
YJL109C,YJL073W,8.724626381594047e-14
YJL109C,YGR279C,3.009413518384463e-08
YJL109C,YKL190W,8.651247773716619e-11
YJL109C,YGL089C,0.2293100208044052
YJL109C,YJL019W,3.913451678272395e-07
YJL109C,YJL018W,0.2020167112350464
YJL109C,YNR032C-A,0.0002653041447047144
YJL109C,YGL178W,0.002152813598513603
YJL109C,YKL116C,1.3802647393090783e-11
YJL109C,YDL214C,0.9817813634872437
YJL109C,YLR362W,1.0472733791289102e-08
YJL109C,YER068W,1.3289116395753808e-05
YJL109C,YHR084W,4.7946846493118755e-09
YJL109C,YDR392W,3.3851119951577857e-07
YJL109C,YNL053W,0.7303289771080017
YJL109C,YGR040W,5.1197397432645175e-09
YJL109C,YDL216C,0.004285987466573715
YJL109C,YOL117W,5.703216490651059e-14
YJL109C,YJR086W,0.07930262386798859
YJL109C,YMR025W,5.876041342389726e-08
YJL109C,YBR081C,1.2146545103064454e-08
YJL109C,YFL026W,0.0003394980449229479
YJL109C,YHL007C,0.0031065281946212053
YJL109C,YNR044W,0.0005353435408324003
YJL109C,YNL271C,0.9953895807266235
YJL109C,YDR200C,3.856713906569276e-11
YJL109C,YKL178C,0.9642754197120667
YJL109C,YOR212W,8.670178464065259e-11
YJL109C,YOL111C,7.290730519304844e-13
YJL109C,YGL032C,1.3471657123176328e-10
YJL109C,YHR005C,0.5865029096603394
YJL109C,YDR103W,0.8922924995422363
YJL109C,YJR084W,0.049950163811445236
YJL109C,YCL032W,4.5740100063085265e-07
YJL109C,YJL170C,0.9908761382102966
YJL109C,YDR179C,5.940558425900208e-15
YJL109C,YBR095C,4.9111062253359705e-05
YJL109C,YLL021W,0.07138276100158691
YJL109C,YDL159W,0.00013936949835624546
YJL109C,YNL161W,1.1949316103709862e-05
YJL109C,YNL188W,4.3125048421188694e-08
YJL109C,YJL157C,3.226904149705029e-13
YJL109C,YJL034W,9.848192394459761e-24
YJL109C,YLR238W,2.6597239411785267e-05
YJL109C,YPR141C,0.0018031732179224491
YJL109C,YNL127W,0.0005076401866972446
YJL109C,YCL055W,2.614685030988273e-11
YJL109C,YPR122W,0.15081268548965454
YJL109C,YMR065W,0.9827767610549927
YJL109C,YDR356W,0.8510720729827881
YJL109C,YMR052W,0.0029615445528179407
YJL109C,YFR008W,2.6258039724780247e-05
YJL109C,YLL043W,0.12127546221017838
YJL109C,YMR029C,0.381706565618515
YJL109C,YJR004C,2.4770183126854306e-10
YJL109C,YDL223C,5.352819316267743e-12
YJL109C,YHR158C,0.0007027236861176789
YJL109C,YGR238C,1.953892048156547e-10
YJL109C,YIL015W,0.4320559501647949
YJL109C,YGL173C,3.1140822102315724e-05
YJL109C,YDL225W,0.00032283327891491354
YJL109C,YLR330W,1.7939874913841698e-14
YJL109C,YBR129C,0.0004975043120793998
YJL109C,YKR095W-A,0.2020167112350464
YJL109C,YPR075C,0.0009147771052084863
YJL109C,YMR198W,1.9675497342497295e-10
YJL109C,YOR127W,4.4390441322761376e-10
YJL109C,YDR264C,0.6602391600608826
YJL109C,YLR110C,0.00010936675971606746
YJL109C,YDR379W,6.194861512653915e-09
YJL109C,YDL100C,7.056431827745513e-11
YJL109C,YHR073W,3.054767148569226e-05
YJL109C,YJR090C,4.107992572244257e-05
YJL109C,YOR208W,1.5443231404788094e-06
YJL109C,YBR040W,0.0011896108044311404
YJL109C,YNL279W,0.12641291320323944
YJL109C,YER075C,0.0005266113439574838
YJL109C,YCR089W,1.7281383861700306e-06
YJL109C,YCR002C,0.0008473492925986648
YJL109C,YJL108C,0.9895007014274597
YJL109C,YBR200W,3.492609534916369e-10
YJL109C,YIL026C,5.406024502008222e-05
YJL109C,YJR076C,0.003189143491908908
YJL109C,YKR031C,3.090078826062381e-05
YJL109C,YPL192C,4.1079750712214036e-10
YJL109C,YHR107C,0.018871616572141647
YJL109C,YIL037C,0.8820915818214417
YJL109C,YPL156C,0.9996227025985718
YJL109C,YIL117C,4.526498753864303e-15
YJL109C,YHR066W,8.668453125883744e-16
YJL109C,YML085C,7.567249049600377e-09
YJL109C,YML047C,0.9604455232620239
YJL109C,YDR312W,0.000810885161627084
YJL109C,YFL037W,2.9556762592974906e-10
YJL109C,YDL038C,0.2020167112350464
YJL109C,YDL039C,1.8503993892693416e-09
YJL109C,YCL027W,0.004883917514234781
YJL109C,YML124C,2.65107689859883e-19
YJL109C,YGL053W,3.017235883362446e-08
YJL109C,YMR232W,5.167278231965611e-07
YJL109C,YNL298W,0.846768856048584
YJL109C,YGL099W,2.8997164912281104e-12
YJL109C,YBL016W,5.645640747432845e-13
YJL109C,YAL041W,0.05541108548641205
YJL109C,YDR085C,3.6246469790057745e-06
YJL109C,YPL187W,0.12728749215602875
YJL109C,YPL256C,9.062961969438788e-13
YJL109C,YDR461W,2.1598200658501376e-12
YJL109C,YNL145W,6.782012017952921e-12
YER177W,YDL165W,1.1692853796319014e-08
YER177W,YGR059W,2.0830722129855372e-13
YER177W,YBR109C,7.848039551561214e-09
YER177W,YJL080C,4.8869012971408665e-05
YER177W,YCR093W,3.727317903212679e-07
YER177W,YIL122W,1.9814152055208645e-11
YER177W,YCL029C,7.906762877350933e-15
YER177W,YNL173C,1.948443628663199e-10
YER177W,YLR452C,3.0895400712598053e-13
YER177W,YDL160C,9.781588516943884e-08
YER177W,YLR229C,7.680651492592006e-07
YER177W,YML057W,7.638310184278786e-15
YER177W,YER149C,1.1575340977287851e-05
YER177W,YMR305C,4.031283538097341e-07
YER177W,YLR433C,5.279610082453701e-12
YER177W,YJL073W,2.3559987294419216e-10
YER177W,YGR279C,4.37631840488617e-11
YER177W,YKL190W,2.0465193983909558e-08
YER177W,YGL089C,0.0006473134271800518
YER177W,YJL019W,2.4334740413913816e-16
YER177W,YJL018W,0.001309478422626853
YER177W,YNR032C-A,0.14887605607509613
YER177W,YGL178W,2.1727338691776045e-14
YER177W,YKL116C,1.700933214128465e-16
YER177W,YDL214C,8.407088358808323e-09
YER177W,YLR362W,0.34609758853912354
YER177W,YER068W,3.57647166993047e-07
YER177W,YHR084W,1.365555812619045e-15
YER177W,YDR392W,2.0659730870509208e-11
YER177W,YNL053W,1.383132424562674e-18
YER177W,YGR040W,2.411548507552652e-07
YER177W,YDL216C,0.2369709312915802
YER177W,YOL117W,2.4257531094917795e-06
YER177W,YJR086W,0.0011391453444957733
YER177W,YMR025W,0.0004800079623237252
YER177W,YBR081C,1.0981176905289214e-11
YER177W,YFL026W,6.351623301996917e-20
YER177W,YHL007C,7.1419061775657156e-09
YER177W,YNR044W,2.4898678605000946e-11
YER177W,YNL271C,0.00012861235882155597
YER177W,YDR200C,1.4157221228661143e-10
YER177W,YKL178C,6.152796413516626e-05
YER177W,YOR212W,7.423386585341321e-14
YER177W,YOL111C,1.4448843510539433e-10
YER177W,YGL032C,5.652131848898857e-15
YER177W,YHR005C,1.0389596863771052e-14
YER177W,YDR103W,1.40366374079548e-09
YER177W,YJR084W,0.03954204544425011
YER177W,YCL032W,2.0475711986936256e-14
YER177W,YJL170C,9.735073192018717e-09
YER177W,YDR179C,1.0339015613699404e-13
YER177W,YBR095C,6.95110524695508e-10
YER177W,YLL021W,5.733177266264988e-10
YER177W,YDL159W,3.182727137396313e-10
YER177W,YNL161W,1.417517747626107e-08
YER177W,YNL188W,3.378274371357293e-08
YER177W,YJL157C,2.1745979239540247e-08
YER177W,YJL034W,1.2520719053568663e-12
YER177W,YLR238W,1.339829913682422e-09
YER177W,YPR141C,2.2393588719471502e-13
YER177W,YNL127W,0.4179930090904236
YER177W,YCL055W,3.6514929968589627e-10
YER177W,YPR122W,9.178688826325766e-23
YER177W,YMR065W,4.97012422329135e-07
YER177W,YDR356W,1.5044957990539842e-07
YER177W,YMR052W,0.0011532162316143513
YER177W,YFR008W,8.042717047906933e-10
YER177W,YLL043W,3.094535738767945e-09
YER177W,YMR029C,8.108972542686388e-05
YER177W,YJR004C,2.7846047032653587e-06
YER177W,YDL223C,5.699816611532495e-20
YER177W,YHR158C,3.463584334895131e-06
YER177W,YGR238C,6.099182314756035e-08
YER177W,YIL015W,1.2953805562931908e-11
YER177W,YGL173C,6.077762737533021e-10
YER177W,YDL225W,3.689139248308493e-06
YER177W,YLR330W,0.21568405628204346
YER177W,YBR129C,6.374617078108713e-05
YER177W,YKR095W-A,0.2020167112350464
YER177W,YPR075C,1.6989556898503802e-23
YER177W,YMR198W,6.531309781204753e-12
YER177W,YOR127W,2.661387270563864e-07
YER177W,YDR264C,0.0003954447456635535
YER177W,YLR110C,5.925582247101602e-09
YER177W,YDR379W,1.0863857591303372e-09
YER177W,YDL100C,6.745226257967932e-14
YER177W,YHR073W,0.009073501452803612
YER177W,YJR090C,1.708035051706247e-05
YER177W,YOR208W,4.463431935164408e-08
YER177W,YBR040W,8.815825822239276e-06
YER177W,YNL279W,2.7904367705389177e-10
YER177W,YER075C,5.66183643968543e-06
YER177W,YCR089W,4.719519219875679e-10
YER177W,YCR002C,9.483094342094958e-17
YER177W,YJL108C,5.2017528062719975e-09
YER177W,YBR200W,1.7151385691249743e-05
YER177W,YIL026C,9.40163391582871e-10
YER177W,YJR076C,5.63480739932537e-13
YER177W,YKR031C,2.6676575445166995e-12
YER177W,YPL192C,0.9770540595054626
YER177W,YHR107C,2.0099786418592558e-11
YER177W,YIL037C,2.366304443057743e-06
YER177W,YPL156C,4.920213135571963e-14
YER177W,YIL117C,0.00015007318870630115
YER177W,YHR066W,2.9279488472901886e-16
YER177W,YML085C,5.6111207413778175e-06
YER177W,YML047C,9.727091132560872e-09
YER177W,YDR312W,4.940851113660605e-12
YER177W,YFL037W,7.772015669926802e-11
YER177W,YDL038C,0.2020167112350464
YER177W,YDL039C,4.970435955181651e-12
YER177W,YCL027W,0.0002383662067586556
YER177W,YML124C,1.6490840637484183e-10
YER177W,YGL053W,8.571341553187395e-11
YER177W,YMR232W,9.001101375361031e-07
YER177W,YNL298W,9.855593988486455e-13
YER177W,YGL099W,5.1613396775569156e-17
YER177W,YBL016W,3.1593774707516786e-08
YER177W,YAL041W,4.226445469157625e-07
YER177W,YDR085C,0.0024390972685068846
YER177W,YPL187W,0.09025780856609344
YER177W,YPL256C,5.892042409527676e-09
YER177W,YDR461W,4.8853909017202454e-17
YER177W,YNL145W,4.2631960184280615e-09
YGR128C,YDL165W,0.00010747421038104221
YGR128C,YGR059W,1.925693160487185e-09
YGR128C,YBR109C,0.0017966724699363112
YGR128C,YJL080C,0.002622071886435151
YGR128C,YCR093W,0.02071169577538967
YGR128C,YIL122W,0.2601594924926758
YGR128C,YCL029C,3.3794986364910073e-08
YGR128C,YNL173C,4.6409207032915845e-10
YGR128C,YLR452C,1.3114730563756893e-06
YGR128C,YDL160C,0.9862262606620789
YGR128C,YLR229C,1.1283611911494518e-06
YGR128C,YML057W,1.773812325956919e-16
YGR128C,YER149C,0.00013320073776412755
YGR128C,YMR305C,4.163273479207419e-05
YGR128C,YLR433C,1.027958887789282e-06
YGR128C,YJL073W,1.3450651294988347e-06
YGR128C,YGR279C,0.2150699645280838
YGR128C,YKL190W,0.030405309051275253
YGR128C,YGL089C,0.994223415851593
YGR128C,YJL019W,1.7496878945699734e-10
YGR128C,YJL018W,8.613656245870516e-05
YGR128C,YNR032C-A,0.09757652133703232
YGR128C,YGL178W,0.012802711687982082
YGR128C,YKL116C,6.677664972507062e-17
YGR128C,YDL214C,0.03808511793613434
YGR128C,YLR362W,9.269696192859556e-07
YGR128C,YER068W,5.324941412254702e-06
YGR128C,YHR084W,3.547246496538037e-09
YGR128C,YDR392W,8.430729536712533e-08
YGR128C,YNL053W,6.269710138440132e-05
YGR128C,YGR040W,1.1919584039787878e-06
YGR128C,YDL216C,0.0004077447229065001
YGR128C,YOL117W,7.324062654913335e-15
YGR128C,YJR086W,2.439117224639631e-06
YGR128C,YMR025W,0.1755904257297516
YGR128C,YBR081C,0.0017602895386517048
YGR128C,YFL026W,7.853518764022738e-05
YGR128C,YHL007C,0.00036699764314107597
YGR128C,YNR044W,0.9993886947631836
YGR128C,YNL271C,6.02842131769421e-09
YGR128C,YDR200C,3.4313543217749654e-13
YGR128C,YKL178C,0.9999598264694214
YGR128C,YOR212W,1.3317344382812735e-05
YGR128C,YOL111C,9.73988684843663e-12
YGR128C,YGL032C,3.853469365822093e-08
YGR128C,YHR005C,0.355030357837677
YGR128C,YDR103W,0.00039882055716589093
YGR128C,YJR084W,3.1519780918642937e-07
YGR128C,YCL032W,6.725497492254817e-09
YGR128C,YJL170C,0.805803656578064
YGR128C,YDR179C,2.760250361610872e-12
YGR128C,YBR095C,0.0011193633545190096
YGR128C,YLL021W,0.9383494853973389
YGR128C,YDL159W,2.352849685915981e-11
YGR128C,YNL161W,0.07125037163496017
YGR128C,YNL188W,1.5624330442724071e-13
YGR128C,YJL157C,7.013313541026633e-13
YGR128C,YJL034W,2.0794166388782287e-09
YGR128C,YLR238W,0.0008726892992854118
YGR128C,YPR141C,0.007624575402587652
YGR128C,YNL127W,0.0001830723776947707
YGR128C,YCL055W,3.46633228787141e-08
YGR128C,YPR122W,0.5770750045776367
YGR128C,YMR065W,0.643777072429657
YGR128C,YDR356W,0.2074369341135025
YGR128C,YMR052W,0.00097805040422827
YGR128C,YFR008W,1.3913630247941455e-08
YGR128C,YLL043W,0.9727487564086914
YGR128C,YMR029C,1.600861641599255e-13
YGR128C,YJR004C,0.001056953682564199
YGR128C,YDL223C,2.59059759431587e-16
YGR128C,YHR158C,0.02484489418566227
YGR128C,YGR238C,2.361089969371566e-11
YGR128C,YIL015W,0.9807360172271729
YGR128C,YGL173C,0.0026315010618418455
YGR128C,YDL225W,0.00017340171325486153
YGR128C,YLR330W,3.219014291233613e-11
YGR128C,YBR129C,1.2427079809640418e-07
YGR128C,YKR095W-A,0.2020167112350464
YGR128C,YPR075C,1.8418460967950523e-05
YGR128C,YMR198W,0.0209161676466465
YGR128C,YOR127W,0.07425663620233536
YGR128C,YDR264C,0.9880844950675964
YGR128C,YLR110C,0.05210862308740616
YGR128C,YDR379W,3.230758807148959e-07
YGR128C,YDL100C,1.689032046670036e-06
YGR128C,YHR073W,5.465108365854121e-10
YGR128C,YJR090C,7.062201934360246e-09
YGR128C,YOR208W,0.9999996423721313
YGR128C,YBR040W,0.005066440440714359
YGR128C,YNL279W,7.453076705132844e-06
YGR128C,YER075C,0.006512020714581013
YGR128C,YCR089W,0.0002618203579913825
YGR128C,YCR002C,0.001190762035548687
YGR128C,YJL108C,0.22787918150424957
YGR128C,YBR200W,4.028717290327499e-11
YGR128C,YIL026C,3.3911112806706e-10
YGR128C,YJR076C,0.056113097816705704
YGR128C,YKR031C,0.0014392464654520154
YGR128C,YPL192C,0.02342759072780609
YGR128C,YHR107C,0.09173965454101562
YGR128C,YIL037C,1.3782718610855227e-07
YGR128C,YPL156C,0.6439407467842102
YGR128C,YIL117C,2.2806563720223494e-05
YGR128C,YHR066W,4.721440307701845e-20
YGR128C,YML085C,0.03656509891152382
YGR128C,YML047C,0.9983178377151489
YGR128C,YDR312W,3.0830900499267955e-08
YGR128C,YFL037W,5.700943074771203e-05
YGR128C,YDL038C,0.2020167112350464
YGR128C,YDL039C,9.843101811055077e-13
YGR128C,YCL027W,0.00019387069914955646
YGR128C,YML124C,5.957828580661776e-15
YGR128C,YGL053W,2.2483036753954272e-13
YGR128C,YMR232W,0.04329543933272362
YGR128C,YNL298W,0.9990625977516174
YGR128C,YGL099W,4.770073767403071e-13
YGR128C,YBL016W,3.3571422416089555e-15
YGR128C,YAL041W,6.117514828041237e-10
YGR128C,YDR085C,8.763040071357864e-09
YGR128C,YPL187W,0.6536135673522949
YGR128C,YPL256C,6.775711719128608e-13
YGR128C,YDR461W,3.7183145492193474e-15
YGR128C,YNL145W,3.220712585516594e-09
YDR287W,YDL165W,2.7647705792333e-05
YDR287W,YGR059W,1.5587898749558349e-09
YDR287W,YBR109C,1.4195576270026322e-08
YDR287W,YJL080C,8.206244017650022e-10
YDR287W,YCR093W,0.002406719606369734
YDR287W,YIL122W,0.4499155580997467
YDR287W,YCL029C,1.2375137373177303e-11
YDR287W,YNL173C,0.006055980455130339
YDR287W,YLR452C,1.2195126020131397e-09
YDR287W,YDL160C,1.2891870937892236e-05
YDR287W,YLR229C,5.1417700319689175e-08
YDR287W,YML057W,2.638080309758095e-10
YDR287W,YER149C,0.044225405901670456
YDR287W,YMR305C,8.907990559237078e-05
YDR287W,YLR433C,0.03729602321982384
YDR287W,YJL073W,4.2523029232998874e-14
YDR287W,YGR279C,0.008106361143290997
YDR287W,YKL190W,0.3344119191169739
YDR287W,YGL089C,0.30201172828674316
YDR287W,YJL019W,6.471711822086945e-05
YDR287W,YJL018W,0.003809534478932619
YDR287W,YNR032C-A,0.03426127880811691
YDR287W,YGL178W,0.000680749595630914
YDR287W,YKL116C,2.227396123989124e-14
YDR287W,YDL214C,0.0001327080826740712
YDR287W,YLR362W,1.2620600386981096e-07
YDR287W,YER068W,1.16697651542097e-09
YDR287W,YHR084W,1.792172383829893e-07
YDR287W,YDR392W,0.0015116495778784156
YDR287W,YNL053W,1.487559529778082e-06
YDR287W,YGR040W,0.7552236914634705
YDR287W,YDL216C,0.0002063722931779921
YDR287W,YOL117W,1.6181824321392924e-05
YDR287W,YJR086W,1.0409269800282228e-11
YDR287W,YMR025W,8.26116229291074e-05
YDR287W,YBR081C,0.00015665832324884832
YDR287W,YFL026W,2.222089733550092e-06
YDR287W,YHL007C,1.8561574499642575e-09
YDR287W,YNR044W,0.005420775152742863
YDR287W,YNL271C,0.15959686040878296
YDR287W,YDR200C,0.002133366884663701
YDR287W,YKL178C,0.32795605063438416
YDR287W,YOR212W,0.108127161860466
YDR287W,YOL111C,0.00023995163792278618
YDR287W,YGL032C,2.1630996993593499e-10
YDR287W,YHR005C,0.00011883544357260689
YDR287W,YDR103W,4.444476786602536e-09
YDR287W,YJR084W,0.0014420067891478539
YDR287W,YCL032W,0.00400712713599205
YDR287W,YJL170C,4.1438404707605514e-08
YDR287W,YDR179C,2.884604244379231e-14
YDR287W,YBR095C,0.022571047767996788
YDR287W,YLL021W,6.8618387881469456e-12
YDR287W,YDL159W,9.129251243855663e-10
YDR287W,YNL161W,0.06701604276895523
YDR287W,YNL188W,4.936960976920091e-06
YDR287W,YJL157C,4.29919089796327e-16
YDR287W,YJL034W,7.596810863819245e-16
YDR287W,YLR238W,0.004809020087122917
YDR287W,YPR141C,3.234816386109285e-13
YDR287W,YNL127W,0.950894832611084
YDR287W,YCL055W,6.094341920004354e-09
YDR287W,YPR122W,4.307488779886626e-06
YDR287W,YMR065W,0.002298615872859955
YDR287W,YDR356W,4.1217881885380336e-10
YDR287W,YMR052W,0.00020209551439620554
YDR287W,YFR008W,6.782969563801089e-08
YDR287W,YLL043W,2.6711976380822122e-11
YDR287W,YMR029C,0.7145015597343445
YDR287W,YJR004C,1.0001680550431047e-07
YDR287W,YDL223C,2.7541580127632415e-10
YDR287W,YHR158C,2.7989500495095854e-07
YDR287W,YGR238C,6.828965865013359e-11
YDR287W,YIL015W,4.4345979404170066e-05
YDR287W,YGL173C,0.054329074919223785
YDR287W,YDL225W,0.056783005595207214
YDR287W,YLR330W,6.378606940415921e-07
YDR287W,YBR129C,0.0001303636672673747
YDR287W,YKR095W-A,0.2020167112350464
YDR287W,YPR075C,1.7674165064818226e-05
YDR287W,YMR198W,4.972484229925911e-12
YDR287W,YOR127W,4.602391072694445e-06
YDR287W,YDR264C,2.0575250800902722e-06
YDR287W,YLR110C,1.9931684747120926e-08
YDR287W,YDR379W,0.933578610420227
YDR287W,YDL100C,0.0006785253644920886
YDR287W,YHR073W,0.00319460965692997
YDR287W,YJR090C,9.253954885934945e-06
YDR287W,YOR208W,2.06740202735034e-09
YDR287W,YBR040W,0.7573476433753967
YDR287W,YNL279W,0.0005359848728403449
YDR287W,YER075C,1.7400040519532922e-07
YDR287W,YCR089W,1.6638782796007945e-08
YDR287W,YCR002C,4.34428784501506e-06
YDR287W,YJL108C,0.13891448080539703
YDR287W,YBR200W,6.055514312208743e-09
YDR287W,YIL026C,2.4229240575684985e-12
YDR287W,YJR076C,0.00020065739226993173
YDR287W,YKR031C,1.5588460883009247e-05
YDR287W,YPL192C,5.571710648410999e-09
YDR287W,YHR107C,1.7977470179175725e-08
YDR287W,YIL037C,1.5631423593731597e-05
YDR287W,YPL156C,0.6302825212478638
YDR287W,YIL117C,5.786884216263388e-08
YDR287W,YHR066W,6.172886275502702e-17
YDR287W,YML085C,2.217541492655073e-07
YDR287W,YML047C,0.0006964330677874386
YDR287W,YDR312W,4.22873163188342e-05
YDR287W,YFL037W,6.59951297166117e-07
YDR287W,YDL038C,0.2020167112350464
YDR287W,YDL039C,1.9696033405581723e-14
YDR287W,YCL027W,1.4968351251809509e-06
YDR287W,YML124C,9.771953273229883e-07
YDR287W,YGL053W,8.189535805058767e-08
YDR287W,YMR232W,0.00025874003767967224
YDR287W,YNL298W,1.8498451481718803e-07
YDR287W,YGL099W,1.006221581750788e-12
YDR287W,YBL016W,4.161694792492558e-15
YDR287W,YAL041W,2.3462924218620174e-05
YDR287W,YDR085C,0.00018918128625955433
YDR287W,YPL187W,9.56981057242956e-06
YDR287W,YPL256C,6.630362370252385e-10
YDR287W,YDR461W,3.362239956936075e-13
YDR287W,YNL145W,5.196811798668932e-07
YGL038C,YDL165W,2.699953802220989e-05
YGL038C,YGR059W,2.7441964256524898e-09
YGL038C,YBR109C,0.0006700222147628665
YGL038C,YJL080C,4.2695049273788754e-07
YGL038C,YCR093W,0.0002299395127920434
YGL038C,YIL122W,0.016393695026636124
YGL038C,YCL029C,3.1946103717928054e-06
YGL038C,YNL173C,0.16146427392959595
YGL038C,YLR452C,1.1581633221902088e-11
YGL038C,YDL160C,1.8336313587496988e-06
YGL038C,YLR229C,0.9918841123580933
YGL038C,YML057W,8.253315172623843e-06
YGL038C,YER149C,0.0021130333188921213
YGL038C,YMR305C,8.560561520721752e-14
YGL038C,YLR433C,0.006362856365740299
YGL038C,YJL073W,1.4419563633405463e-12
YGL038C,YGR279C,1.7058067198344462e-12
YGL038C,YKL190W,0.00010258793918183073
YGL038C,YGL089C,5.69853320087077e-09
YGL038C,YJL019W,0.4474044442176819
YGL038C,YJL018W,0.007882350124418736
YGL038C,YNR032C-A,0.320115864276886
YGL038C,YGL178W,3.5345103580053383e-12
YGL038C,YKL116C,6.1430078801549826e-09
YGL038C,YDL214C,0.05807484686374664
YGL038C,YLR362W,1.655503512054679e-10
YGL038C,YER068W,0.09979689121246338
YGL038C,YHR084W,6.986468292780046e-08
YGL038C,YDR392W,3.8430101767517044e-08
YGL038C,YNL053W,6.248664431041107e-05
YGL038C,YGR040W,2.4967089302663226e-06
YGL038C,YDL216C,0.0008559442358091474
YGL038C,YOL117W,0.6336244344711304
YGL038C,YJR086W,0.037053950130939484
YGL038C,YMR025W,1.690804128884338e-05
YGL038C,YBR081C,8.703300409251824e-07
YGL038C,YFL026W,5.113311019044886e-08
YGL038C,YHL007C,2.377258897467982e-05
YGL038C,YNR044W,0.0001950175646925345
YGL038C,YNL271C,0.0007966263219714165
YGL038C,YDR200C,0.00036569545045495033
YGL038C,YKL178C,6.293040314631071e-06
YGL038C,YOR212W,0.0007558967336080968
YGL038C,YOL111C,3.340825787745416e-05
YGL038C,YGL032C,9.283581126062757e-10
YGL038C,YHR005C,0.01753324829041958
YGL038C,YDR103W,2.434334192003007e-07
YGL038C,YJR084W,0.003409013384953141
YGL038C,YCL032W,3.5202153692015514e-11
YGL038C,YJL170C,0.06224494054913521
YGL038C,YDR179C,1.9930135666812454e-11
YGL038C,YBR095C,0.0018425120506435633
YGL038C,YLL021W,3.2039930604466083e-12
YGL038C,YDL159W,5.342071576763807e-11
YGL038C,YNL161W,1.0644829444572679e-06
YGL038C,YNL188W,8.317635433741088e-07
YGL038C,YJL157C,3.849179847748019e-06
YGL038C,YJL034W,2.7073554509371434e-10
YGL038C,YLR238W,2.258261559973107e-07
YGL038C,YPR141C,5.014506314182654e-05
YGL038C,YNL127W,0.008934677578508854
YGL038C,YCL055W,2.925218041127664e-07
YGL038C,YPR122W,0.003414741950109601
YGL038C,YMR065W,0.00016909249825403094
YGL038C,YDR356W,0.0005437802756205201
YGL038C,YMR052W,1.993970181501936e-05
YGL038C,YFR008W,9.561821207171306e-05
YGL038C,YLL043W,7.046032379776079e-08
YGL038C,YMR029C,0.002202617470175028
YGL038C,YJR004C,4.47454311824913e-07
YGL038C,YDL223C,2.2373457397861785e-07
YGL038C,YHR158C,0.000408400985179469
YGL038C,YGR238C,2.512233777451911e-06
YGL038C,YIL015W,3.589979314710945e-05
YGL038C,YGL173C,6.9654553236375705e-09
YGL038C,YDL225W,5.241528242549975e-07
YGL038C,YLR330W,2.4677329136298803e-14
YGL038C,YBR129C,3.6016096771618322e-09
YGL038C,YKR095W-A,0.2020167112350464
YGL038C,YPR075C,2.3714619601378217e-06
YGL038C,YMR198W,9.723965382901767e-11
YGL038C,YOR127W,0.000400116085074842
YGL038C,YDR264C,8.35247817576601e-08
YGL038C,YLR110C,0.0004763991746585816
YGL038C,YDR379W,0.00048064670409075916
YGL038C,YDL100C,2.36366099670704e-06
YGL038C,YHR073W,5.391616014094325e-06
YGL038C,YJR090C,1.6203010090976022e-05
YGL038C,YOR208W,2.8121803552494384e-08
YGL038C,YBR040W,0.0015923141036182642
YGL038C,YNL279W,1.0401092964684722e-07
YGL038C,YER075C,0.02701779268682003
YGL038C,YCR089W,0.4393886625766754
YGL038C,YCR002C,0.001104026916436851
YGL038C,YJL108C,1.0194303285970818e-06
YGL038C,YBR200W,3.215686916746563e-08
YGL038C,YIL026C,1.757553889092378e-07
YGL038C,YJR076C,2.1494463986471146e-09
YGL038C,YKR031C,9.099777525989339e-05
YGL038C,YPL192C,9.983516235934076e-08
YGL038C,YHR107C,1.047771888806892e-06
YGL038C,YIL037C,3.480410668998957e-05
YGL038C,YPL156C,9.317440569089896e-11
YGL038C,YIL117C,2.9316569245992075e-14
YGL038C,YHR066W,1.2345148393602397e-15
YGL038C,YML085C,0.011325232684612274
YGL038C,YML047C,5.606316477724249e-08
YGL038C,YDR312W,3.1594499152326483e-12
YGL038C,YFL037W,1.961462885446963e-06
YGL038C,YDL038C,0.2020167112350464
YGL038C,YDL039C,3.2492645489631215e-15
YGL038C,YCL027W,9.773998450868238e-12
YGL038C,YML124C,0.01323345210403204
YGL038C,YGL053W,4.563270977087086e-06
YGL038C,YMR232W,4.9714533815858886e-05
YGL038C,YNL298W,1.5168517165875528e-05
YGL038C,YGL099W,3.118510221611359e-06
YGL038C,YBL016W,5.634077204774712e-09
YGL038C,YAL041W,3.088659536465421e-11
YGL038C,YDR085C,1.1383935088815633e-05
YGL038C,YPL187W,0.001482742140069604
YGL038C,YPL256C,3.619669087129296e-06
YGL038C,YDR461W,2.9747247936029453e-06
YGL038C,YNL145W,4.2128714738964845e-08
YMR319C,YDL165W,3.8304431654978544e-05
YMR319C,YGR059W,7.622237951920852e-09
YMR319C,YBR109C,1.2735473266245467e-11
YMR319C,YJL080C,6.340827951589745e-08
YMR319C,YCR093W,3.579183390639562e-12
YMR319C,YIL122W,3.0275453552367073e-18
YMR319C,YCL029C,5.422982063407744e-10
YMR319C,YNL173C,1.1145061653075605e-12
YMR319C,YLR452C,1.6024166598072043e-06
YMR319C,YDL160C,3.474072973741471e-10
YMR319C,YLR229C,5.248190779700817e-21
YMR319C,YML057W,1.49417360262305e-07
YMR319C,YER149C,1.6459100385781203e-14
YMR319C,YMR305C,2.6864857605864463e-18
YMR319C,YLR433C,2.500889983991783e-08
YMR319C,YJL073W,0.0006085392087697983
YMR319C,YGR279C,4.1728478440539005e-18
YMR319C,YKL190W,6.161821053396466e-12
YMR319C,YGL089C,5.639259882110224e-20
YMR319C,YJL019W,4.3964644425020794e-11
YMR319C,YJL018W,0.0001397742162225768
YMR319C,YNR032C-A,1.8237087187622514e-11
YMR319C,YGL178W,9.029679226557619e-09
YMR319C,YKL116C,2.9182986693854218e-08
YMR319C,YDL214C,7.407361399605628e-14
YMR319C,YLR362W,1.8149493409905237e-12
YMR319C,YER068W,5.210684314582714e-11
YMR319C,YHR084W,6.436815663812823e-11
YMR319C,YDR392W,2.641404080350185e-06
YMR319C,YNL053W,9.207362268170982e-07
YMR319C,YGR040W,7.795052797687774e-12
YMR319C,YDL216C,1.3603478343782172e-09
YMR319C,YOL117W,9.268732309442029e-11
YMR319C,YJR086W,2.822091857979103e-07
YMR319C,YMR025W,3.3424767025280744e-06
YMR319C,YBR081C,7.857474003680425e-17
YMR319C,YFL026W,3.5638713598018512e-06
YMR319C,YHL007C,1.7492479855718557e-06
YMR319C,YNR044W,1.376669936901942e-12
YMR319C,YNL271C,4.6971959655195406e-09
YMR319C,YDR200C,7.003882890321833e-11
YMR319C,YKL178C,4.411177201291139e-09
YMR319C,YOR212W,9.437920619180008e-15
YMR319C,YOL111C,5.767220589980582e-10
YMR319C,YGL032C,8.652722797610946e-17
YMR319C,YHR005C,3.110004698214652e-08
YMR319C,YDR103W,4.700772215926463e-09
YMR319C,YJR084W,5.957286886015822e-10
YMR319C,YCL032W,4.928335517462301e-11
YMR319C,YJL170C,6.959522380611816e-08
YMR319C,YDR179C,4.731791491963122e-08
YMR319C,YBR095C,0.959703266620636
YMR319C,YLL021W,1.5017558752106197e-08
YMR319C,YDL159W,4.060828757701529e-07
YMR319C,YNL161W,1.9198136136377997e-10
YMR319C,YNL188W,2.4821339136892138e-15
YMR319C,YJL157C,2.2694064405470726e-09
YMR319C,YJL034W,1.3790399862045888e-06
YMR319C,YLR238W,2.6048962986635615e-09
YMR319C,YPR141C,0.005884724669158459
YMR319C,YNL127W,2.5798987945968577e-11
YMR319C,YCL055W,0.00011419074144214392
YMR319C,YPR122W,0.00015586237714160234
YMR319C,YMR065W,5.699395387637196e-06
YMR319C,YDR356W,3.0228520699893124e-06
YMR319C,YMR052W,2.6837043004546146e-11
YMR319C,YFR008W,2.7595451257411696e-08
YMR319C,YLL043W,0.001447969232685864
YMR319C,YMR029C,2.2387527387479622e-09
YMR319C,YJR004C,3.5816631793750275e-07
YMR319C,YDL223C,3.7925804163840837e-10
YMR319C,YHR158C,4.2785652798471574e-10
YMR319C,YGR238C,1.1361502884332797e-11
YMR319C,YIL015W,0.964536190032959
YMR319C,YGL173C,5.942659968830638e-32
YMR319C,YDL225W,2.144166268147618e-11
YMR319C,YLR330W,2.0530720235001354e-08
YMR319C,YBR129C,2.6105808501597494e-05
YMR319C,YKR095W-A,0.2020167112350464
YMR319C,YPR075C,7.175823935057224e-09
YMR319C,YMR198W,2.393923004707227e-13
YMR319C,YOR127W,8.180871446938909e-08
YMR319C,YDR264C,6.799305838815035e-15
YMR319C,YLR110C,2.569162896190008e-16
YMR319C,YDR379W,4.0595522499131675e-09
YMR319C,YDL100C,4.860230546910316e-07
YMR319C,YHR073W,1.144793065004741e-14
YMR319C,YJR090C,3.2492342143086717e-05
YMR319C,YOR208W,3.0099447934084367e-10
YMR319C,YBR040W,2.430374195228069e-07
YMR319C,YNL279W,8.151407200784888e-06
YMR319C,YER075C,2.2485195927401946e-08
YMR319C,YCR089W,1.8744076442089863e-05
YMR319C,YCR002C,2.7400920643572135e-08
YMR319C,YJL108C,2.2808933408668963e-06
YMR319C,YBR200W,7.754488717814922e-10
YMR319C,YIL026C,1.7084242941046431e-16
YMR319C,YJR076C,2.3949459659888817e-07
YMR319C,YKR031C,1.2675941568097981e-13
YMR319C,YPL192C,0.831680417060852
YMR319C,YHR107C,1.617442870583503e-15
YMR319C,YIL037C,0.005494152195751667
YMR319C,YPL156C,7.305113979005906e-12
YMR319C,YIL117C,2.792251564513737e-14
YMR319C,YHR066W,2.4004709331393315e-09
YMR319C,YML085C,2.5890241353251388e-14
YMR319C,YML047C,8.675732007801251e-12
YMR319C,YDR312W,9.552295610396654e-17
YMR319C,YFL037W,6.92284913839103e-08
YMR319C,YDL038C,0.2020167112350464
YMR319C,YDL039C,1.7930157209240315e-18
YMR319C,YCL027W,3.12788328766557e-14
YMR319C,YML124C,6.324849227256485e-15
YMR319C,YGL053W,1.6167381561120464e-13
YMR319C,YMR232W,0.0001706384791759774
YMR319C,YNL298W,1.555163739756435e-13
YMR319C,YGL099W,8.316705614117015e-13
YMR319C,YBL016W,1.9314883559218288e-07
YMR319C,YAL041W,3.6458572163881875e-13
YMR319C,YDR085C,2.25382947860453e-07
YMR319C,YPL187W,1.6317681001964957e-06
YMR319C,YPL256C,2.4383510982829942e-17
YMR319C,YDR461W,5.954374803819346e-15
YMR319C,YNL145W,6.223708770569658e-10
YGL089C,YDL165W,0.9991238713264465
YGL089C,YGR059W,1.4602279918563e-07
YGL089C,YBR109C,0.9999957084655762
YGL089C,YJL080C,0.9949495792388916
YGL089C,YCR093W,0.9902865886688232
YGL089C,YIL122W,0.999995231628418
YGL089C,YCL029C,0.00106200878508389
YGL089C,YNL173C,0.9997689127922058
YGL089C,YLR452C,0.999769389629364
YGL089C,YDL160C,0.9974308609962463
YGL089C,YLR229C,0.9999926090240479
YGL089C,YML057W,4.188592811260605e-06
YGL089C,YER149C,0.9422016739845276
YGL089C,YMR305C,0.9999998807907104
YGL089C,YLR433C,0.9969620108604431
YGL089C,YJL073W,4.305650236346992e-08
YGL089C,YGR279C,0.9999954700469971
YGL089C,YKL190W,0.9964523315429688
YGL089C,YJL019W,0.9887767434120178
YGL089C,YJL018W,0.0006066660862416029
YGL089C,YNR032C-A,0.9962947964668274
YGL089C,YGL178W,0.999795138835907
YGL089C,YKL116C,1.5381990792207034e-08
YGL089C,YDL214C,0.872752845287323
YGL089C,YLR362W,0.9998394250869751
YGL089C,YER068W,1.0493598665561876e-06
YGL089C,YHR084W,0.04455132782459259
YGL089C,YDR392W,0.999112069606781
YGL089C,YNL053W,0.9968274235725403
YGL089C,YGR040W,0.9989755153656006
YGL089C,YDL216C,0.9927343130111694
YGL089C,YOL117W,0.9838150143623352
YGL089C,YJR086W,0.9987213015556335
YGL089C,YMR025W,0.9993627667427063
YGL089C,YBR081C,0.9998570680618286
YGL089C,YFL026W,5.708157280182036e-10
YGL089C,YHL007C,0.9999147653579712
YGL089C,YNR044W,0.9999657869338989
YGL089C,YNL271C,0.9999738931655884
YGL089C,YDR200C,0.9998406171798706
YGL089C,YKL178C,0.9998972415924072
YGL089C,YOR212W,0.9801069498062134
YGL089C,YOL111C,0.0002074367948807776
YGL089C,YGL032C,0.00020524297724477947
YGL089C,YHR005C,0.9987045526504517
YGL089C,YDR103W,0.9921459555625916
YGL089C,YJR084W,0.9998772144317627
YGL089C,YCL032W,0.9951837658882141
YGL089C,YJL170C,0.9999792575836182
YGL089C,YDR179C,2.9617172429829974e-12
YGL089C,YBR095C,0.9672107100486755
YGL089C,YLL021W,0.9974732995033264
YGL089C,YDL159W,0.31140533089637756
YGL089C,YNL161W,0.9988194108009338
YGL089C,YNL188W,0.9853217005729675
YGL089C,YJL157C,0.00028155153268016875
YGL089C,YJL034W,2.3663703443044422e-14
YGL089C,YLR238W,0.9988565444946289
YGL089C,YPR141C,0.9999891519546509
YGL089C,YNL127W,0.9999939203262329
YGL089C,YCL055W,9.702141173795198e-11
YGL089C,YPR122W,0.999257504940033
YGL089C,YMR065W,0.9526905417442322
YGL089C,YDR356W,0.9999599456787109
YGL089C,YMR052W,0.9467223882675171
YGL089C,YFR008W,0.9975959658622742
YGL089C,YLL043W,0.999609649181366
YGL089C,YMR029C,0.9985306262969971
YGL089C,YJR004C,0.9992857575416565
YGL089C,YDL223C,4.240701230173727e-07
YGL089C,YHR158C,0.9999785423278809
YGL089C,YGR238C,0.007631007581949234
YGL089C,YIL015W,0.9995970129966736
YGL089C,YGL173C,0.9986401200294495
YGL089C,YDL225W,0.9946229457855225
YGL089C,YLR330W,2.6184146918240003e-05
YGL089C,YBR129C,0.998012900352478
YGL089C,YKR095W-A,0.2020167112350464
YGL089C,YPR075C,0.0688888430595398
YGL089C,YMR198W,0.999739944934845
YGL089C,YOR127W,0.9998036026954651
YGL089C,YDR264C,0.9890539646148682
YGL089C,YLR110C,0.9997944235801697
YGL089C,YDR379W,0.9999939203262329
YGL089C,YDL100C,0.9999887943267822
YGL089C,YHR073W,0.9869144558906555
YGL089C,YJR090C,0.9999650716781616
YGL089C,YOR208W,0.9980290532112122
YGL089C,YBR040W,0.9998511075973511
YGL089C,YNL279W,0.9998192191123962
YGL089C,YER075C,0.9988166093826294
YGL089C,YCR089W,0.0004392462724354118
YGL089C,YCR002C,0.9993278980255127
YGL089C,YJL108C,0.9975095987319946
YGL089C,YBR200W,0.019885025918483734
YGL089C,YIL026C,0.9991208910942078
YGL089C,YJR076C,0.9998784065246582
YGL089C,YKR031C,0.997234046459198
YGL089C,YPL192C,0.8283605575561523
YGL089C,YHR107C,0.9999415874481201
YGL089C,YIL037C,0.30094432830810547
YGL089C,YPL156C,0.999852180480957
YGL089C,YIL117C,0.9997864365577698
YGL089C,YHR066W,0.22129571437835693
YGL089C,YML085C,0.9994356036186218
YGL089C,YML047C,0.9998904466629028
YGL089C,YDR312W,0.9990319013595581
YGL089C,YFL037W,0.9994497895240784
YGL089C,YDL038C,0.2020167112350464
YGL089C,YDL039C,2.0853132927573827e-14
YGL089C,YCL027W,0.9946093559265137
YGL089C,YML124C,6.865654427201662e-07
YGL089C,YGL053W,0.9999338388442993
YGL089C,YMR232W,0.9996143579483032
YGL089C,YNL298W,0.9987169504165649
YGL089C,YGL099W,0.9998958110809326
YGL089C,YBL016W,0.00031843973556533456
YGL089C,YAL041W,0.9997676014900208
YGL089C,YDR085C,0.9982666969299316
YGL089C,YPL187W,0.9923295378684998
YGL089C,YPL256C,0.01294834353029728
YGL089C,YDR461W,7.03868536788832e-08
YGL089C,YNL145W,1.2243492442109982e-08
YLR441C,YDL165W,0.006266080308705568
YLR441C,YGR059W,1.234018269513637e-11
YLR441C,YBR109C,0.5656015276908875
YLR441C,YJL080C,8.187988714780658e-05
YLR441C,YCR093W,2.879710700653959e-05
YLR441C,YIL122W,1.7986392322200118e-06
YLR441C,YCL029C,1.1658939474460902e-15
YLR441C,YNL173C,0.19352370500564575
YLR441C,YLR452C,0.0009919896256178617
YLR441C,YDL160C,0.0006132798735052347
YLR441C,YLR229C,2.461930250774458e-07
YLR441C,YML057W,8.457238381831544e-12
YLR441C,YER149C,7.603163399165416e-15
YLR441C,YMR305C,3.815896397572628e-16
YLR441C,YLR433C,6.898904757690616e-06
YLR441C,YJL073W,4.614848059247834e-09
YLR441C,YGR279C,6.565269359271042e-07
YLR441C,YKL190W,1.8332454443381607e-09
YLR441C,YGL089C,0.00016293996304739267
YLR441C,YJL019W,5.585327471635537e-07
YLR441C,YJL018W,0.00039680267218500376
YLR441C,YNR032C-A,9.890729415928945e-05
YLR441C,YGL178W,6.292538972524353e-12
YLR441C,YKL116C,2.1435353492194054e-12
YLR441C,YDL214C,0.9781820178031921
YLR441C,YLR362W,3.972358086912209e-08
YLR441C,YER068W,9.448853234061971e-06
YLR441C,YHR084W,5.714982740517849e-12
YLR441C,YDR392W,4.2558124135894104e-08
YLR441C,YNL053W,1.4235758839103996e-12
YLR441C,YGR040W,0.0005465029971674085
YLR441C,YDL216C,8.921022526919842e-05
YLR441C,YOL117W,2.1164733254863677e-07
YLR441C,YJR086W,2.121190618709079e-06
YLR441C,YMR025W,0.006799985188990831
YLR441C,YBR081C,2.1426938474178314e-05
YLR441C,YFL026W,0.04733314365148544
YLR441C,YHL007C,4.1653793858131144e-15
YLR441C,YNR044W,0.9214787483215332
YLR441C,YNL271C,1.0110065318258421e-07
YLR441C,YDR200C,0.9993273019790649
YLR441C,YKL178C,0.00020407760166563094
YLR441C,YOR212W,3.542037149695254e-11
YLR441C,YOL111C,1.5808662938551678e-16
YLR441C,YGL032C,0.6847328543663025
YLR441C,YHR005C,0.00021100453159306198
YLR441C,YDR103W,1.118269756261725e-05
YLR441C,YJR084W,7.980973168741912e-05
YLR441C,YCL032W,1.2125150883335323e-09
YLR441C,YJL170C,0.002320541301742196
YLR441C,YDR179C,3.1826488752026986e-17
YLR441C,YBR095C,1.1611848635406652e-11
YLR441C,YLL021W,1.0901890945547166e-08
YLR441C,YDL159W,8.85439638276253e-11
YLR441C,YNL161W,2.4696306111238187e-10
YLR441C,YNL188W,5.462874618812619e-15
YLR441C,YJL157C,1.217885459148249e-09
YLR441C,YJL034W,9.45424571963116e-11
YLR441C,YLR238W,6.494664006595485e-08
YLR441C,YPR141C,4.138827613422123e-14
YLR441C,YNL127W,0.00015795035869814456
YLR441C,YCL055W,6.9605705747821656e-12
YLR441C,YPR122W,1.4565646466735416e-09
YLR441C,YMR065W,0.1155383363366127
YLR441C,YDR356W,9.161019988823682e-05
YLR441C,YMR052W,0.0069319880567491055
YLR441C,YFR008W,6.517567817354575e-05
YLR441C,YLL043W,4.653054608283469e-10
YLR441C,YMR029C,6.378838293130684e-07
YLR441C,YJR004C,0.00023030483862385154
YLR441C,YDL223C,1.4073995465933515e-22
YLR441C,YHR158C,2.2164294932736084e-05
YLR441C,YGR238C,5.8232803616057455e-15
YLR441C,YIL015W,1.0
YLR441C,YGL173C,0.9929214119911194
YLR441C,YDL225W,8.120502492658943e-09
YLR441C,YLR330W,8.84219433783251e-11
YLR441C,YBR129C,3.6543502801578143e-07
YLR441C,YKR095W-A,0.2020167112350464
YLR441C,YPR075C,1.8333885841784192e-13
YLR441C,YMR198W,5.521946633280095e-08
YLR441C,YOR127W,1.9610163915894513e-13
YLR441C,YDR264C,2.0555355195739367e-09
YLR441C,YLR110C,9.391779888512364e-13
YLR441C,YDR379W,0.9984332919120789
YLR441C,YDL100C,4.607033504688829e-11
YLR441C,YHR073W,2.6102802211380727e-11
YLR441C,YJR090C,0.00031552923610433936
YLR441C,YOR208W,0.0009589352994225919
YLR441C,YBR040W,0.005920434836298227
YLR441C,YNL279W,6.065351332296132e-09
YLR441C,YER075C,3.0699152109292527e-09
YLR441C,YCR089W,1.623460661903664e-06
YLR441C,YCR002C,7.199634222132545e-10
YLR441C,YJL108C,0.0007321334560401738
YLR441C,YBR200W,1.1266782862576208e-12
YLR441C,YIL026C,3.826069235740581e-13
YLR441C,YJR076C,0.0014221557648852468
YLR441C,YKR031C,0.0008271217811852694
YLR441C,YPL192C,0.8944804668426514
YLR441C,YHR107C,4.1233474412649684e-09
YLR441C,YIL037C,0.29790693521499634
YLR441C,YPL156C,5.32618798843032e-07
YLR441C,YIL117C,5.6637572913966275e-14
YLR441C,YHR066W,3.435645431343337e-12
YLR441C,YML085C,1.2452698001652607e-06
YLR441C,YML047C,0.9997888207435608
YLR441C,YDR312W,4.7468014940932335e-07
YLR441C,YFL037W,8.931833144742996e-05
YLR441C,YDL038C,0.2020167112350464
YLR441C,YDL039C,3.367210286978257e-15
YLR441C,YCL027W,2.774644089468837e-16
YLR441C,YML124C,9.801979106854875e-13
YLR441C,YGL053W,7.943310072200394e-12
YLR441C,YMR232W,0.9923526644706726
YLR441C,YNL298W,3.110532134087407e-06
YLR441C,YGL099W,2.8442332933309444e-08
YLR441C,YBL016W,3.4253062608513574e-09
YLR441C,YAL041W,1.04818764157244e-06
YLR441C,YDR085C,3.340833742981886e-08
YLR441C,YPL187W,0.00014131161151453853
YLR441C,YPL256C,9.51782985758598e-10
YLR441C,YDR461W,0.020664069801568985
YLR441C,YNL145W,5.034473247178539e-07
YKL159C,YDL165W,0.0011034238850697875
YKL159C,YGR059W,0.000386839295970276
YKL159C,YBR109C,5.603515518259883e-08
YKL159C,YJL080C,2.5730680590640986e-06
YKL159C,YCR093W,0.00037113044527359307
YKL159C,YIL122W,2.3596581399942806e-07
YKL159C,YCL029C,1.4522121283278011e-09
YKL159C,YNL173C,0.0028420621529221535
YKL159C,YLR452C,0.00014074814680498093
YKL159C,YDL160C,6.457038015383887e-09
YKL159C,YLR229C,4.603488923748955e-05
YKL159C,YML057W,3.2176005333894864e-05
YKL159C,YER149C,0.24387042224407196
YKL159C,YMR305C,0.8241767883300781
YKL159C,YLR433C,0.11449620872735977
YKL159C,YJL073W,8.532975714903301e-11
YKL159C,YGR279C,2.983254034916172e-07
YKL159C,YKL190W,0.00010413277050247416
YKL159C,YGL089C,2.2943556031288816e-15
YKL159C,YJL019W,9.331769979326054e-05
YKL159C,YJL018W,0.044722724705934525
YKL159C,YNR032C-A,0.997260332107544
YKL159C,YGL178W,0.014890134334564209
YKL159C,YKL116C,3.416780316456425e-07
YKL159C,YDL214C,0.25049370527267456
YKL159C,YLR362W,2.1889372874284163e-05
YKL159C,YER068W,7.525568709865205e-12
YKL159C,YHR084W,2.8769733262379305e-07
YKL159C,YDR392W,4.6335400838870555e-05
YKL159C,YNL053W,0.006825700402259827
YKL159C,YGR040W,0.000307582929963246
YKL159C,YDL216C,1.924754315041355e-06
YKL159C,YOL117W,3.033849907296826e-06
YKL159C,YJR086W,1.969221017361633e-07
YKL159C,YMR025W,4.817852641281206e-06
YKL159C,YBR081C,3.1374142173135056e-10
YKL159C,YFL026W,0.0006396804819814861
YKL159C,YHL007C,8.909078314900398e-05
YKL159C,YNR044W,0.18437430262565613
YKL159C,YNL271C,6.457213021349162e-05
YKL159C,YDR200C,0.0003438600979279727
YKL159C,YKL178C,0.000660550082102418
YKL159C,YOR212W,1.8356455257162452e-05
YKL159C,YOL111C,2.8363398087094538e-05
YKL159C,YGL032C,1.4058298347663367e-07
YKL159C,YHR005C,0.08168263733386993
YKL159C,YDR103W,0.022069668397307396
YKL159C,YJR084W,7.525811156483542e-07
YKL159C,YCL032W,6.776690497645177e-07
YKL159C,YJL170C,5.962318027741276e-05
YKL159C,YDR179C,9.13111897204999e-09
YKL159C,YBR095C,1.4217424677553936e-06
YKL159C,YLL021W,1.529225635010789e-10
YKL159C,YDL159W,3.345986954172986e-07
YKL159C,YNL161W,6.668052083114162e-05
YKL159C,YNL188W,0.0056923264637589455
YKL159C,YJL157C,1.9184507493719138e-07
YKL159C,YJL034W,7.97330430846177e-12
YKL159C,YLR238W,8.83611119206762e-06
YKL159C,YPR141C,2.020232159338775e-08
YKL159C,YNL127W,2.1305239794600084e-09
YKL159C,YCL055W,0.9514035582542419
YKL159C,YPR122W,5.166760175256968e-08
YKL159C,YMR065W,9.031646914081648e-05
YKL159C,YDR356W,0.17240144312381744
YKL159C,YMR052W,3.611259671743028e-06
YKL159C,YFR008W,3.3886822237150227e-09
YKL159C,YLL043W,2.837330193017351e-08
YKL159C,YMR029C,8.729855471756309e-05
YKL159C,YJR004C,1.2656920489462209e-06
YKL159C,YDL223C,0.000466971134301275
YKL159C,YHR158C,1.0930139016096518e-09
YKL159C,YGR238C,7.88384801886366e-10
YKL159C,YIL015W,0.0013363874750211835
YKL159C,YGL173C,4.473810915912174e-13
YKL159C,YDL225W,3.7933723717742396e-08
YKL159C,YLR330W,4.078695020615086e-11
YKL159C,YBR129C,0.006290930323302746
YKL159C,YKR095W-A,0.2020167112350464
YKL159C,YPR075C,0.002393135568127036
YKL159C,YMR198W,0.0004581910325214267
YKL159C,YOR127W,1.003226589091355e-05
YKL159C,YDR264C,7.136309765343185e-09
YKL159C,YLR110C,0.3071749806404114
YKL159C,YDR379W,1.5565861488653354e-08
YKL159C,YDL100C,1.6470570699311793e-05
YKL159C,YHR073W,9.477986168349162e-06
YKL159C,YJR090C,2.5200130870928206e-09
YKL159C,YOR208W,2.752688260443392e-06
YKL159C,YBR040W,2.6644729587133043e-06
YKL159C,YNL279W,0.24924038350582123
YKL159C,YER075C,9.354937446914846e-08
YKL159C,YCR089W,0.004030818119645119
YKL159C,YCR002C,7.786863989167614e-07
YKL159C,YJL108C,0.5066233277320862
YKL159C,YBR200W,0.0005584314931184053
YKL159C,YIL026C,7.345827839344565e-07
YKL159C,YJR076C,0.09227043390274048
YKL159C,YKR031C,3.3443866414017975e-06
YKL159C,YPL192C,0.0006385828601196408
YKL159C,YHR107C,9.147975710277478e-09
YKL159C,YIL037C,0.00021570164244621992
YKL159C,YPL156C,0.9388747215270996
YKL159C,YIL117C,6.431643218007821e-09
YKL159C,YHR066W,2.492248636517977e-22
YKL159C,YML085C,1.7710561905914801e-06
YKL159C,YML047C,0.0001621383853489533
YKL159C,YDR312W,5.5909946811150135e-11
YKL159C,YFL037W,1.7975236914935522e-05
YKL159C,YDL038C,0.2020167112350464
YKL159C,YDL039C,0.28576409816741943
YKL159C,YCL027W,4.768146391143091e-05
YKL159C,YML124C,2.0899592820255997e-11
YKL159C,YGL053W,2.0170141463082478e-15
YKL159C,YMR232W,0.001214082119986415
YKL159C,YNL298W,1.175227589556016e-05
YKL159C,YGL099W,1.6149753889749263e-07
YKL159C,YBL016W,0.04789712652564049
YKL159C,YAL041W,0.007412634789943695
YKL159C,YDR085C,3.0588860681746155e-05
YKL159C,YPL187W,5.408825032304776e-08
YKL159C,YPL256C,0.5908875465393066
YKL159C,YDR461W,3.4375675964342777e-15
YKL159C,YNL145W,4.1112478754712356e-08
YBR284W,YDL165W,1.0671322714372877e-09
YBR284W,YGR059W,3.463977691353648e-06
YBR284W,YBR109C,0.43191227316856384
YBR284W,YJL080C,0.0002591431839391589
YBR284W,YCR093W,4.031317224484354e-10
YBR284W,YIL122W,0.9989594221115112
YBR284W,YCL029C,3.616773938119877e-07
YBR284W,YNL173C,0.2819679379463196
YBR284W,YLR452C,1.3433867351864137e-09
YBR284W,YDL160C,9.678382539846098e-09
YBR284W,YLR229C,1.2580272379381086e-09
YBR284W,YML057W,5.771011273025817e-12
YBR284W,YER149C,2.544252993175178e-06
YBR284W,YMR305C,0.00032054816256277263
YBR284W,YLR433C,1.159497742264648e-06
YBR284W,YJL073W,1.007711136757905e-10
YBR284W,YGR279C,1.1142936955366167e-06
YBR284W,YKL190W,3.556941237548017e-06
YBR284W,YGL089C,7.693408132780633e-10
YBR284W,YJL019W,0.004611287731677294
YBR284W,YJL018W,0.0008668152149766684
YBR284W,YNR032C-A,0.15974168479442596
YBR284W,YGL178W,0.7725961804389954
YBR284W,YKL116C,6.84635403924716e-10
YBR284W,YDL214C,2.1285819457261823e-05
YBR284W,YLR362W,0.09522797912359238
YBR284W,YER068W,2.5514343415800056e-10
YBR284W,YHR084W,7.913938059565806e-13
YBR284W,YDR392W,0.8656355142593384
YBR284W,YNL053W,0.04956479370594025
YBR284W,YGR040W,0.3425447344779968
YBR284W,YDL216C,0.000291908101644367
YBR284W,YOL117W,0.32173511385917664
YBR284W,YJR086W,6.887387371534714e-07
YBR284W,YMR025W,0.0007000422920100391
YBR284W,YBR081C,1.4292690642125905e-10
YBR284W,YFL026W,4.856140094489092e-07
YBR284W,YHL007C,2.846234359310529e-09
YBR284W,YNR044W,6.424927079251574e-08
YBR284W,YNL271C,0.0023360159248113632
YBR284W,YDR200C,0.10470587760210037
YBR284W,YKL178C,0.004385289736092091
YBR284W,YOR212W,0.01644759811460972
YBR284W,YOL111C,0.018893038854002953
YBR284W,YGL032C,1.3458507919228424e-10
YBR284W,YHR005C,0.6219942569732666
YBR284W,YDR103W,5.570772714236227e-07
YBR284W,YJR084W,0.0004967537242919207
YBR284W,YCL032W,0.045397959649562836
YBR284W,YJL170C,2.9471101115063902e-09
YBR284W,YDR179C,4.257589353073854e-06
YBR284W,YBR095C,0.10307592898607254
YBR284W,YLL021W,0.00011602296581258997
YBR284W,YDL159W,2.514217167792765e-10
YBR284W,YNL161W,2.867469265765976e-05
YBR284W,YNL188W,8.841570531270548e-11
YBR284W,YJL157C,9.492326036308896e-09
YBR284W,YJL034W,8.250795879849449e-11
YBR284W,YLR238W,0.12352994084358215
YBR284W,YPR141C,4.766663952437966e-09
YBR284W,YNL127W,6.881386525492417e-06
YBR284W,YCL055W,1.86247484634805e-06
YBR284W,YPR122W,3.5755295946238164e-10
YBR284W,YMR065W,0.025808321312069893
YBR284W,YDR356W,1.0654310766966546e-11
YBR284W,YMR052W,0.8821092247962952
YBR284W,YFR008W,0.0002813272294588387
YBR284W,YLL043W,3.5578095776145346e-06
YBR284W,YMR029C,0.02358371391892433
YBR284W,YJR004C,1.286510098452709e-07
YBR284W,YDL223C,2.9072985853417777e-05
YBR284W,YHR158C,1.4564098371749878e-08
YBR284W,YGR238C,1.305676011753576e-09
YBR284W,YIL015W,0.0009884240571409464
YBR284W,YGL173C,3.9915511251820135e-07
YBR284W,YDL225W,8.177407551102078e-08
YBR284W,YLR330W,2.7346828574081883e-05
YBR284W,YBR129C,0.004103236366063356
YBR284W,YKR095W-A,0.2020167112350464
YBR284W,YPR075C,2.2750807460170108e-08
YBR284W,YMR198W,0.00014570493658538908
YBR284W,YOR127W,2.5022554837050848e-05
YBR284W,YDR264C,7.910319254733622e-06
YBR284W,YLR110C,9.052365385286976e-06
YBR284W,YDR379W,0.005066813435405493
YBR284W,YDL100C,3.6802521208301187e-07
YBR284W,YHR073W,2.52367710062984e-10
YBR284W,YJR090C,3.703748419070507e-11
YBR284W,YOR208W,1.5591719204621768e-07
YBR284W,YBR040W,0.981601357460022
YBR284W,YNL279W,0.0033791614696383476
YBR284W,YER075C,0.12085043638944626
YBR284W,YCR089W,1.6116078768391162e-05
YBR284W,YCR002C,0.1596437245607376
YBR284W,YJL108C,3.950364089178038e-07
YBR284W,YBR200W,1.8803697457769886e-05
YBR284W,YIL026C,5.49535084104491e-09
YBR284W,YJR076C,3.5743781268138264e-07
YBR284W,YKR031C,0.24052169919013977
YBR284W,YPL192C,1.2059629553654028e-12
YBR284W,YHR107C,9.642571967560798e-07
YBR284W,YIL037C,5.638434686261462e-06
YBR284W,YPL156C,0.0004568329604808241
YBR284W,YIL117C,1.0494765056989763e-09
YBR284W,YHR066W,6.960134454471518e-19
YBR284W,YML085C,8.235355198848993e-05
YBR284W,YML047C,4.450711799108831e-09
YBR284W,YDR312W,3.8019415171675064e-08
YBR284W,YFL037W,9.172580206495695e-08
YBR284W,YDL038C,0.2020167112350464
YBR284W,YDL039C,7.443768691717256e-12
YBR284W,YCL027W,6.90825345373014e-07
YBR284W,YML124C,0.04694179818034172
YBR284W,YGL053W,6.850944828329375e-06
YBR284W,YMR232W,4.352728455447874e-10
YBR284W,YNL298W,2.8208913136040792e-05
YBR284W,YGL099W,5.400788120218415e-14
YBR284W,YBL016W,1.8000248019234277e-05
YBR284W,YAL041W,3.432074503068039e-13
YBR284W,YDR085C,0.025532787665724754
YBR284W,YPL187W,2.5963906580273033e-08
YBR284W,YPL256C,6.412711172743002e-06
YBR284W,YDR461W,0.0005668557132594287
YBR284W,YNL145W,5.6077786858566014e-09
YIL021W,YDL165W,0.991637647151947
YIL021W,YGR059W,2.4944206700183713e-08
YIL021W,YBR109C,2.6171438349820164e-08
YIL021W,YJL080C,0.0025372656527906656
YIL021W,YCR093W,0.9167399406433105
YIL021W,YIL122W,1.2911414160043932e-07
YIL021W,YCL029C,5.640520583938269e-08
YIL021W,YNL173C,0.9989445805549622
YIL021W,YLR452C,0.9748249053955078
YIL021W,YDL160C,0.007070159073919058
YIL021W,YLR229C,0.21230098605155945
YIL021W,YML057W,2.349528720451549e-13
YIL021W,YER149C,3.546341886817572e-08
YIL021W,YMR305C,0.0008863477851264179
YIL021W,YLR433C,0.0003471504896879196
YIL021W,YJL073W,3.678123083883378e-11
YIL021W,YGR279C,1.8667957846218997e-08
YIL021W,YKL190W,1.0514414339191092e-10
YIL021W,YGL089C,0.5964368581771851
YIL021W,YJL019W,3.5770207773566653e-07
YIL021W,YJL018W,0.00013524349196814
YIL021W,YNR032C-A,0.07532929629087448
YIL021W,YGL178W,1.7124773821208805e-11
YIL021W,YKL116C,5.471292771055611e-14
YIL021W,YDL214C,7.626297815477301e-08
YIL021W,YLR362W,8.594677161806452e-13
YIL021W,YER068W,2.5526489366711758e-08
YIL021W,YHR084W,3.648809254741536e-08
YIL021W,YDR392W,2.14563760891906e-06
YIL021W,YNL053W,0.013194958679378033
YIL021W,YGR040W,0.014496377669274807
YIL021W,YDL216C,0.8537774682044983
YIL021W,YOL117W,1.2652035863425226e-08
YIL021W,YJR086W,7.9880774137564e-05
YIL021W,YMR025W,0.29263171553611755
YIL021W,YBR081C,0.9890736937522888
YIL021W,YFL026W,0.0036263929214328527
YIL021W,YHL007C,0.0055977338925004005
YIL021W,YNR044W,0.8772088885307312
YIL021W,YNL271C,3.363584482940496e-06
YIL021W,YDR200C,3.9115300864978053e-07
YIL021W,YKL178C,0.00010617757652653381
YIL021W,YOR212W,4.2724027480289806e-06
YIL021W,YOL111C,0.00011190431541763246
YIL021W,YGL032C,8.584128954680637e-05
YIL021W,YHR005C,2.3159527700045146e-06
YIL021W,YDR103W,0.00013322422455530614
YIL021W,YJR084W,1.0479771361815438e-07
YIL021W,YCL032W,0.004165720194578171
YIL021W,YJL170C,0.9769725799560547
YIL021W,YDR179C,2.9865639041698477e-12
YIL021W,YBR095C,0.00021882401779294014
YIL021W,YLL021W,0.023986252024769783
YIL021W,YDL159W,8.633083137254971e-11
YIL021W,YNL161W,0.6589455604553223
YIL021W,YNL188W,1.781435230441275e-07
YIL021W,YJL157C,0.00011619678843999282
YIL021W,YJL034W,1.9772826100794067e-17
YIL021W,YLR238W,8.827345300232992e-05
YIL021W,YPR141C,0.002546861069276929
YIL021W,YNL127W,2.801836451737927e-08
YIL021W,YCL055W,0.18428243696689606
YIL021W,YPR122W,0.0005546485190279782
YIL021W,YMR065W,0.03926008939743042
YIL021W,YDR356W,0.6220566630363464
YIL021W,YMR052W,8.453024747723248e-06
YIL021W,YFR008W,2.1219238988123834e-05
YIL021W,YLL043W,1.9516389784257626e-06
YIL021W,YMR029C,3.649643955105919e-12
YIL021W,YJR004C,1.8789113198636187e-07
YIL021W,YDL223C,9.660624639254477e-16
YIL021W,YHR158C,4.348445145296864e-06
YIL021W,YGR238C,4.314521007131589e-08
YIL021W,YIL015W,0.4368894696235657
YIL021W,YGL173C,3.429240678087808e-07
YIL021W,YDL225W,3.5773857234744355e-05
YIL021W,YLR330W,4.77467078461441e-13
YIL021W,YBR129C,0.6910598278045654
YIL021W,YKR095W-A,0.2020167112350464
YIL021W,YPR075C,6.351394670617294e-12
YIL021W,YMR198W,6.112021537774126e-07
YIL021W,YOR127W,2.0544456447169068e-07
YIL021W,YDR264C,2.6970817543769954e-06
YIL021W,YLR110C,0.0014828015118837357
YIL021W,YDR379W,0.08931276947259903
YIL021W,YDL100C,2.4119694330693164e-07
YIL021W,YHR073W,2.7133613064722617e-11
YIL021W,YJR090C,0.0015699593350291252
YIL021W,YOR208W,3.731072742430008e-12
YIL021W,YBR040W,0.023031625896692276
YIL021W,YNL279W,0.007550473790615797
YIL021W,YER075C,1.2963196488469109e-11
YIL021W,YCR089W,0.0008640671148896217
YIL021W,YCR002C,0.3965032398700714
YIL021W,YJL108C,0.7441727519035339
YIL021W,YBR200W,2.1979621678269723e-08
YIL021W,YIL026C,0.0001865524100139737
YIL021W,YJR076C,7.218743658388149e-11
YIL021W,YKR031C,1.0393071958603173e-09
YIL021W,YPL192C,9.542328916722909e-05
YIL021W,YHR107C,3.261113761254819e-07
YIL021W,YIL037C,2.523624789319001e-05
YIL021W,YPL156C,1.6507809164068021e-07
YIL021W,YIL117C,2.519998815841973e-06
YIL021W,YHR066W,4.725426827115862e-18
YIL021W,YML085C,2.86367253465869e-07
YIL021W,YML047C,1.9214243366150185e-05
YIL021W,YDR312W,2.1214304069872014e-05
YIL021W,YFL037W,0.0026312372647225857
YIL021W,YDL038C,0.2020167112350464
YIL021W,YDL039C,1.8657603199499946e-15
YIL021W,YCL027W,0.24775555729866028
YIL021W,YML124C,2.0078940246581745e-11
YIL021W,YGL053W,0.00036172280670143664
YIL021W,YMR232W,4.345479101175442e-05
YIL021W,YNL298W,7.719430868746713e-05
YIL021W,YGL099W,9.032370229533626e-08
YIL021W,YBL016W,1.3756428529632103e-07
YIL021W,YAL041W,0.031076716259121895
YIL021W,YDR085C,3.0193807106115855e-05
YIL021W,YPL187W,0.3732225298881531
YIL021W,YPL256C,3.241964918743179e-08
YIL021W,YDR461W,3.4992058139948767e-09
YIL021W,YNL145W,8.00263327827011e-12
YFL030W,YDL165W,1.6000843316987812e-08
YFL030W,YGR059W,1.9354069458188405e-09
YFL030W,YBR109C,4.860188640432028e-12
YFL030W,YJL080C,4.029348604989505e-14
YFL030W,YCR093W,3.901520773119671e-11
YFL030W,YIL122W,0.007425079122185707
YFL030W,YCL029C,1.6483026499258813e-08
YFL030W,YNL173C,0.9998722076416016
YFL030W,YLR452C,5.877258542021151e-17
YFL030W,YDL160C,0.004995349794626236
YFL030W,YLR229C,4.340262371727022e-09
YFL030W,YML057W,7.297123829630436e-06
YFL030W,YER149C,7.846007065381855e-06
YFL030W,YMR305C,0.0968128964304924
YFL030W,YLR433C,2.1798298843050956e-12
YFL030W,YJL073W,1.2123512914061219e-12
YFL030W,YGR279C,0.6756135821342468
YFL030W,YKL190W,1.9722897377505433e-06
YFL030W,YGL089C,0.012363621965050697
YFL030W,YJL019W,0.000111634552013129
YFL030W,YJL018W,0.005833184812217951
YFL030W,YNR032C-A,0.2889489531517029
YFL030W,YGL178W,3.001462900442675e-08
YFL030W,YKL116C,4.4822820455259205e-10
YFL030W,YDL214C,0.01688716746866703
YFL030W,YLR362W,1.230566759602425e-09
YFL030W,YER068W,8.648253668752659e-09
YFL030W,YHR084W,1.649171793051407e-14
YFL030W,YDR392W,6.902360638605387e-08
YFL030W,YNL053W,0.48526471853256226
YFL030W,YGR040W,0.0008683635387569666
YFL030W,YDL216C,0.0002359532954869792
YFL030W,YOL117W,0.0001156901998911053
YFL030W,YJR086W,1.8371727492194623e-05
YFL030W,YMR025W,0.9943536520004272
YFL030W,YBR081C,8.920789696276188e-06
YFL030W,YFL026W,1.281220680764139e-13
YFL030W,YHL007C,3.95575567202662e-15
YFL030W,YNR044W,0.00011036136857001111
YFL030W,YNL271C,8.100092236418277e-05
YFL030W,YDR200C,3.0515767690530993e-10
YFL030W,YKL178C,6.539368655467115e-07
YFL030W,YOR212W,2.4325086885293077e-16
YFL030W,YOL111C,4.963570972904563e-05
YFL030W,YGL032C,1.9289204836268198e-13
YFL030W,YHR005C,1.7824933196131099e-10
YFL030W,YDR103W,0.00026350875850766897
YFL030W,YJR084W,6.904862459577998e-08
YFL030W,YCL032W,0.10199553519487381
YFL030W,YJL170C,3.7868352117248483e-13
YFL030W,YDR179C,2.9433601389516895e-11
YFL030W,YBR095C,4.028277089673793e-06
YFL030W,YLL021W,2.418427003797463e-12
YFL030W,YDL159W,1.3760680417362892e-07
YFL030W,YNL161W,0.140839621424675
YFL030W,YNL188W,8.044104333748692e-07
YFL030W,YJL157C,2.5164891845636828e-19
YFL030W,YJL034W,1.3653091142731572e-14
YFL030W,YLR238W,4.928319322061725e-05
YFL030W,YPR141C,5.200527994020376e-06
YFL030W,YNL127W,2.56786952377297e-05
YFL030W,YCL055W,2.6028226449148484e-11
YFL030W,YPR122W,1.4320140906409762e-10
YFL030W,YMR065W,2.864197813323699e-05
YFL030W,YDR356W,0.00012177866301499307
YFL030W,YMR052W,2.6214837592353213e-13
YFL030W,YFR008W,0.16388796269893646
YFL030W,YLL043W,3.695370764944528e-08
YFL030W,YMR029C,0.21015137434005737
YFL030W,YJR004C,1.2744181731250137e-05
YFL030W,YDL223C,8.66448753022997e-12
YFL030W,YHR158C,0.017616162076592445
YFL030W,YGR238C,2.3408677773950615e-10
YFL030W,YIL015W,5.602907549473457e-06
YFL030W,YGL173C,1.067372431862168e-05
YFL030W,YDL225W,3.506001533537528e-08
YFL030W,YLR330W,0.006456857547163963
YFL030W,YBR129C,0.00546739436686039
YFL030W,YKR095W-A,0.2020167112350464
YFL030W,YPR075C,0.002314480720087886
YFL030W,YMR198W,0.046830255538225174
YFL030W,YOR127W,1.12677520647253e-08
YFL030W,YDR264C,1.3189872527519242e-09
YFL030W,YLR110C,7.487281017404257e-09
YFL030W,YDR379W,0.018102306872606277
YFL030W,YDL100C,6.012230269192287e-09
YFL030W,YHR073W,9.249036736491689e-08
YFL030W,YJR090C,2.307497748432752e-09
YFL030W,YOR208W,7.78434841777198e-05
YFL030W,YBR040W,0.00010700616257963702
YFL030W,YNL279W,0.03821512311697006
YFL030W,YER075C,4.326292923906294e-07
YFL030W,YCR089W,0.0004275851824786514
YFL030W,YCR002C,0.0024337233044207096
YFL030W,YJL108C,0.508770227432251
YFL030W,YBR200W,7.59378281145473e-07
YFL030W,YIL026C,1.1909688513167538e-10
YFL030W,YJR076C,7.552848728664685e-06
YFL030W,YKR031C,4.6279129861659385e-08
YFL030W,YPL192C,4.4974499360250775e-06
YFL030W,YHR107C,1.28566128410057e-07
YFL030W,YIL037C,0.001292792265303433
YFL030W,YPL156C,0.6419115662574768
YFL030W,YIL117C,4.5020743755230797e-07
YFL030W,YHR066W,2.5678604178579955e-23
YFL030W,YML085C,5.48147204709748e-12
YFL030W,YML047C,0.025733496993780136
YFL030W,YDR312W,9.481333079763843e-11
YFL030W,YFL037W,1.6053099127777415e-10
YFL030W,YDL038C,0.2020167112350464
YFL030W,YDL039C,1.6839320551298442e-06
YFL030W,YCL027W,1.741950939049275e-08
YFL030W,YML124C,6.266829776730059e-21
YFL030W,YGL053W,2.9385792004177347e-05
YFL030W,YMR232W,0.009526331909000874
YFL030W,YNL298W,3.622244548751041e-08
YFL030W,YGL099W,1.3838712002472605e-18
YFL030W,YBL016W,0.016006818041205406
YFL030W,YAL041W,0.839759111404419
YFL030W,YDR085C,5.232910098129651e-06
YFL030W,YPL187W,7.595246529490396e-07
YFL030W,YPL256C,1.5683629950302702e-09
YFL030W,YDR461W,3.1933817027339495e-13
YFL030W,YNL145W,7.200317436331964e-22
YLR095C,YDL165W,8.987658534076459e-11
YLR095C,YGR059W,0.0008485815487802029
YLR095C,YBR109C,9.53163398662582e-05
YLR095C,YJL080C,0.000479671114590019
YLR095C,YCR093W,2.1091300368425436e-06
YLR095C,YIL122W,2.7003733293895493e-07
YLR095C,YCL029C,3.2777703077788156e-13
YLR095C,YNL173C,3.15736724587623e-05
YLR095C,YLR452C,4.9309517635265365e-05
YLR095C,YDL160C,0.9996034502983093
YLR095C,YLR229C,7.104199539753608e-06
YLR095C,YML057W,9.742958582137362e-07
YLR095C,YER149C,0.003200001548975706
YLR095C,YMR305C,0.023310061544179916
YLR095C,YLR433C,8.129622983688023e-06
YLR095C,YJL073W,5.750026048190193e-06
YLR095C,YGR279C,0.00842274073511362
YLR095C,YKL190W,3.6940926406714425e-07
YLR095C,YGL089C,9.521306765236659e-08
YLR095C,YJL019W,4.4414623090460736e-08
YLR095C,YJL018W,0.0006002783193252981
YLR095C,YNR032C-A,0.09928564727306366
YLR095C,YGL178W,1.7033351396023022e-09
YLR095C,YKL116C,1.894497003718243e-09
YLR095C,YDL214C,0.2655140161514282
YLR095C,YLR362W,1.3064331246589317e-13
YLR095C,YER068W,0.002453155117109418
YLR095C,YHR084W,0.00011452814214862883
YLR095C,YDR392W,0.0002238912566099316
YLR095C,YNL053W,0.00698982086032629
YLR095C,YGR040W,4.049377821502276e-05
YLR095C,YDL216C,1.4321247299164952e-08
YLR095C,YOL117W,7.472812285413966e-05
YLR095C,YJR086W,1.716090464176645e-11
YLR095C,YMR025W,0.43627411127090454
YLR095C,YBR081C,3.393657621586499e-08
YLR095C,YFL026W,2.7261140189693833e-07
YLR095C,YHL007C,0.9653897881507874
YLR095C,YNR044W,0.000811276666354388
YLR095C,YNL271C,5.340243205864681e-06
YLR095C,YDR200C,0.008948046714067459
YLR095C,YKL178C,8.192854147637263e-05
YLR095C,YOR212W,1.582003625322237e-12
YLR095C,YOL111C,2.480469718513234e-10
YLR095C,YGL032C,1.876894020824693e-05
YLR095C,YHR005C,1.1479917702672537e-05
YLR095C,YDR103W,0.0021541037131100893
YLR095C,YJR084W,0.00025349765201099217
YLR095C,YCL032W,7.243475579343794e-07
YLR095C,YJL170C,9.561873412167188e-06
YLR095C,YDR179C,1.7244394800997043e-09
YLR095C,YBR095C,2.5879420134655717e-11
YLR095C,YLL021W,0.057063356041908264
YLR095C,YDL159W,3.074508470035653e-07
YLR095C,YNL161W,1.439466268493561e-05
YLR095C,YNL188W,1.3956693578620616e-07
YLR095C,YJL157C,4.923849772353606e-09
YLR095C,YJL034W,0.0004591511678881943
YLR095C,YLR238W,1.1947949133173097e-05
YLR095C,YPR141C,3.987620971201977e-07
YLR095C,YNL127W,2.736237547651399e-05
YLR095C,YCL055W,3.0127540640023653e-07
YLR095C,YPR122W,0.0027781666722148657
YLR095C,YMR065W,0.0002942423161584884
YLR095C,YDR356W,1.8269065549247898e-05
YLR095C,YMR052W,0.0023381405044347048
YLR095C,YFR008W,3.0350930657618846e-09
YLR095C,YLL043W,0.003293120302259922
YLR095C,YMR029C,1.0062044530911862e-08
YLR095C,YJR004C,0.003323966171592474
YLR095C,YDL223C,2.04242001089483e-09
YLR095C,YHR158C,0.0020201478619128466
YLR095C,YGR238C,6.5549365899642e-06
YLR095C,YIL015W,0.0076040164567530155
YLR095C,YGL173C,0.00476150494068861
YLR095C,YDL225W,2.568581010109483e-07
YLR095C,YLR330W,0.7408012747764587
YLR095C,YBR129C,6.9284109699419005e-12
YLR095C,YKR095W-A,0.2020167112350464
YLR095C,YPR075C,5.567877892076467e-08
YLR095C,YMR198W,0.012589625082910061
YLR095C,YOR127W,0.0009098293958231807
YLR095C,YDR264C,0.0004560341185424477
YLR095C,YLR110C,3.6937062297681678e-09
YLR095C,YDR379W,0.00035417848266661167
YLR095C,YDL100C,1.3146583910383924e-07
YLR095C,YHR073W,0.00035134429344907403
YLR095C,YJR090C,0.0006484619225375354
YLR095C,YOR208W,6.094975218973175e-11
YLR095C,YBR040W,0.16240568459033966
YLR095C,YNL279W,0.002098246943205595
YLR095C,YER075C,0.00446432176977396
YLR095C,YCR089W,0.09584835171699524
YLR095C,YCR002C,0.021765368059277534
YLR095C,YJL108C,2.6849454570765374e-07
YLR095C,YBR200W,5.7985294006357435e-06
YLR095C,YIL026C,5.7960460253525525e-05
YLR095C,YJR076C,4.035205620311899e-06
YLR095C,YKR031C,0.0042307013645768166
YLR095C,YPL192C,1.0867792298085988e-05
YLR095C,YHR107C,0.01616598106920719
YLR095C,YIL037C,0.9943404197692871
YLR095C,YPL156C,4.856561304222851e-07
YLR095C,YIL117C,0.0013778374996036291
YLR095C,YHR066W,5.422403082100402e-10
YLR095C,YML085C,1.0304294164598105e-06
YLR095C,YML047C,0.02149071730673313
YLR095C,YDR312W,1.3208142912723986e-10
YLR095C,YFL037W,0.00010450380796100944
YLR095C,YDL038C,0.2020167112350464
YLR095C,YDL039C,3.2650343487825613e-21
YLR095C,YCL027W,7.005866997644716e-09
YLR095C,YML124C,1.604479507477663e-06
YLR095C,YGL053W,5.031957628354178e-10
YLR095C,YMR232W,0.23158252239227295
YLR095C,YNL298W,3.9658548445231645e-08
YLR095C,YGL099W,8.214840474529694e-10
YLR095C,YBL016W,1.137745897494824e-08
YLR095C,YAL041W,0.9962995648384094
YLR095C,YDR085C,0.0008274934953078628
YLR095C,YPL187W,0.058787792921066284
YLR095C,YPL256C,5.591436601920519e-13
YLR095C,YDR461W,2.518921746741398e-07
YLR095C,YNL145W,1.107118350773817e-06
YFR048W,YDL165W,9.874220408168002e-17
YFR048W,YGR059W,3.4487054444159613e-15
YFR048W,YBR109C,0.0006560229230672121
YFR048W,YJL080C,0.00011623203317867592
YFR048W,YCR093W,0.04425395652651787
YFR048W,YIL122W,0.0003491953248158097
YFR048W,YCL029C,2.252189469216505e-19
YFR048W,YNL173C,2.6085206172865583e-06
YFR048W,YLR452C,0.0001808586675906554
YFR048W,YDL160C,7.632416920699825e-10
YFR048W,YLR229C,1.7044701650092975e-08
YFR048W,YML057W,3.75312509959258e-07
YFR048W,YER149C,4.135202757993284e-08
YFR048W,YMR305C,3.447570975367853e-07
YFR048W,YLR433C,2.1690406415419972e-10
YFR048W,YJL073W,1.1704339186735524e-07
YFR048W,YGR279C,0.4261242151260376
YFR048W,YKL190W,8.169121168367585e-14
YFR048W,YGL089C,0.05650405213236809
YFR048W,YJL019W,2.710885610213154e-06
YFR048W,YJL018W,0.0008947746246121824
YFR048W,YNR032C-A,0.01570132188498974
YFR048W,YGL178W,3.2245884540316183e-06
YFR048W,YKL116C,8.24363510787407e-08
YFR048W,YDL214C,0.38954636454582214
YFR048W,YLR362W,1.4682469462456993e-08
YFR048W,YER068W,0.19158333539962769
YFR048W,YHR084W,9.500834563525018e-10
YFR048W,YDR392W,7.864238149579705e-09
YFR048W,YNL053W,1.176303637828724e-10
YFR048W,YGR040W,3.3996176099920783e-12
YFR048W,YDL216C,5.205331035540439e-06
YFR048W,YOL117W,0.00019215494103264064
YFR048W,YJR086W,0.00016360613517463207
YFR048W,YMR025W,5.563509262174193e-07
YFR048W,YBR081C,9.562770020288269e-11
YFR048W,YFL026W,0.01131880097091198
YFR048W,YHL007C,9.788537341792747e-11
YFR048W,YNR044W,2.1270580782828397e-11
YFR048W,YNL271C,3.7051287904432684e-07
YFR048W,YDR200C,6.653298896708293e-06
YFR048W,YKL178C,0.10258819162845612
YFR048W,YOR212W,5.876735940546496e-06
YFR048W,YOL111C,0.00010604017006698996
YFR048W,YGL032C,1.2653487829084042e-05
YFR048W,YHR005C,1.659199710957182e-07
YFR048W,YDR103W,1.1481301326332627e-10
YFR048W,YJR084W,1.50441770152554e-10
YFR048W,YCL032W,1.1869224932737439e-15
YFR048W,YJL170C,0.28765669465065
YFR048W,YDR179C,5.966770966203683e-10
YFR048W,YBR095C,0.013713403604924679
YFR048W,YLL021W,3.4679252043243126e-16
YFR048W,YDL159W,3.0937401078456883e-12
YFR048W,YNL161W,6.840231208116165e-07
YFR048W,YNL188W,1.4639983290324482e-13
YFR048W,YJL157C,2.7475322906568567e-13
YFR048W,YJL034W,2.1002672528653427e-13
YFR048W,YLR238W,2.5206054691390145e-12
YFR048W,YPR141C,0.009268805384635925
YFR048W,YNL127W,6.598506741006815e-10
YFR048W,YCL055W,6.680624029168736e-16
YFR048W,YPR122W,1.1367897911895852e-07
YFR048W,YMR065W,2.847080395440571e-06
YFR048W,YDR356W,4.058414049268322e-09
YFR048W,YMR052W,2.3948300622578245e-06
YFR048W,YFR008W,6.427844567724605e-08
YFR048W,YLL043W,3.191381534040083e-11
YFR048W,YMR029C,3.7154408438766495e-09
YFR048W,YJR004C,4.844796919201144e-08
YFR048W,YDL223C,2.3089302872940495e-15
YFR048W,YHR158C,2.998353556904476e-05
YFR048W,YGR238C,1.785354780681203e-10
YFR048W,YIL015W,1.0432923858161303e-07
YFR048W,YGL173C,0.002162860007956624
YFR048W,YDL225W,7.672932428315349e-11
YFR048W,YLR330W,1.1692518953054787e-08
YFR048W,YBR129C,6.638766080868663e-06
YFR048W,YKR095W-A,0.2020167112350464
YFR048W,YPR075C,1.3840352475202877e-10
YFR048W,YMR198W,9.223619599652011e-06
YFR048W,YOR127W,2.5679935333755566e-06
YFR048W,YDR264C,1.006172650351491e-14
YFR048W,YLR110C,0.08174817264080048
YFR048W,YDR379W,1.0313697629271701e-07
YFR048W,YDL100C,6.974235078338609e-11
YFR048W,YHR073W,6.413699793483829e-08
YFR048W,YJR090C,1.8133983203938442e-09
YFR048W,YOR208W,0.0009093431872315705
YFR048W,YBR040W,0.8337103128433228
YFR048W,YNL279W,7.353570708801271e-06
YFR048W,YER075C,3.574699647401758e-09
YFR048W,YCR089W,3.0571621623121104e-11
YFR048W,YCR002C,6.638859417762433e-07
YFR048W,YJL108C,0.00028114704764448106
YFR048W,YBR200W,2.5514731993858675e-10
YFR048W,YIL026C,0.5578765869140625
YFR048W,YJR076C,6.573883690012827e-14
YFR048W,YKR031C,6.289122666203184e-06
YFR048W,YPL192C,0.000653619586955756
YFR048W,YHR107C,1.4610284537752705e-08
YFR048W,YIL037C,1.6505038047398557e-07
YFR048W,YPL156C,7.375314248214693e-11
YFR048W,YIL117C,3.419367899937242e-08
YFR048W,YHR066W,7.170021401944345e-17
YFR048W,YML085C,0.07008765637874603
YFR048W,YML047C,0.17494486272335052
YFR048W,YDR312W,2.7842322891658e-10
YFR048W,YFL037W,2.2053157522350375e-07
YFR048W,YDL038C,0.2020167112350464
YFR048W,YDL039C,2.0723675553391274e-10
YFR048W,YCL027W,5.960179123576381e-07
YFR048W,YML124C,4.458506168703025e-07
YFR048W,YGL053W,1.1761869700421812e-06
YFR048W,YMR232W,4.971617499904823e-07
YFR048W,YNL298W,1.2010173122689594e-06
YFR048W,YGL099W,3.4589293438475575e-15
YFR048W,YBL016W,6.684492640397083e-14
YFR048W,YAL041W,1.0199755683877021e-16
YFR048W,YDR085C,3.0926113936402544e-07
YFR048W,YPL187W,2.2184483583487236e-08
YFR048W,YPL256C,0.003485304769128561
YFR048W,YDR461W,2.9104025998094585e-06
YFR048W,YNL145W,2.135495336119675e-09
YAR010C,YDL165W,2.352217032264292e-11
YAR010C,YGR059W,6.881045464979252e-06
YAR010C,YBR109C,2.666424026021019e-10
YAR010C,YJL080C,2.1068522073619533e-06
YAR010C,YCR093W,1.1700025670524639e-10
YAR010C,YIL122W,8.618151765144022e-13
YAR010C,YCL029C,1.2596870213599232e-08
YAR010C,YNL173C,8.475598178847576e-07
YAR010C,YLR452C,0.1530708372592926
YAR010C,YDL160C,1.548996010569681e-06
YAR010C,YLR229C,2.7056194090713248e-11
YAR010C,YML057W,3.1723178750553416e-08
YAR010C,YER149C,1.3095425188680565e-08
YAR010C,YMR305C,1.4244624253478833e-05
YAR010C,YLR433C,0.0003198073245584965
YAR010C,YJL073W,5.959059912186149e-10
YAR010C,YGR279C,8.069392788456753e-05
YAR010C,YKL190W,1.369503763726243e-07
YAR010C,YGL089C,4.474165052670287e-06
YAR010C,YJL019W,5.6268036156001747e-14
YAR010C,YJL018W,0.0239797905087471
YAR010C,YNR032C-A,0.002479064976796508
YAR010C,YGL178W,3.6052227869731723e-10
YAR010C,YKL116C,6.731105894886014e-09
YAR010C,YDL214C,0.0028030253015458584
YAR010C,YLR362W,3.89424625879542e-09
YAR010C,YER068W,4.128093700206392e-12
YAR010C,YHR084W,1.5770621475397206e-09
YAR010C,YDR392W,7.426252057740612e-09
YAR010C,YNL053W,0.004734773188829422
YAR010C,YGR040W,0.001500397571362555
YAR010C,YDL216C,2.946181076879384e-10
YAR010C,YOL117W,1.807780379385615e-12
YAR010C,YJR086W,0.0004380086320452392
YAR010C,YMR025W,8.226122040488892e-12
YAR010C,YBR081C,1.3125374209721485e-07
YAR010C,YFL026W,8.393478492507711e-05
YAR010C,YHL007C,1.9722988520154416e-10
YAR010C,YNR044W,0.10919062048196793
YAR010C,YNL271C,7.804589439996956e-12
YAR010C,YDR200C,6.384806461312564e-09
YAR010C,YKL178C,0.13101676106452942
YAR010C,YOR212W,0.2772655487060547
YAR010C,YOL111C,6.686022720713003e-14
YAR010C,YGL032C,0.0027552356477826834
YAR010C,YHR005C,0.17979741096496582
YAR010C,YDR103W,3.440093496465124e-05
YAR010C,YJR084W,3.0225323826016393e-06
YAR010C,YCL032W,0.002091810805723071
YAR010C,YJL170C,0.0002280989574501291
YAR010C,YDR179C,6.263933158788797e-15
YAR010C,YBR095C,2.4236843088054627e-10
YAR010C,YLL021W,7.422243158625164e-13
YAR010C,YDL159W,4.2201889290662496e-16
YAR010C,YNL161W,2.4465915404725536e-10
YAR010C,YNL188W,2.8280679122312524e-13
YAR010C,YJL157C,0.44353699684143066
YAR010C,YJL034W,1.91993599837903e-12
YAR010C,YLR238W,1.0350272816594952e-07
YAR010C,YPR141C,4.827966360032576e-10
YAR010C,YNL127W,1.0528928839903529e-09
YAR010C,YCL055W,2.4529463189537637e-05
YAR010C,YPR122W,1.416222630723496e-06
YAR010C,YMR065W,0.000483200594317168
YAR010C,YDR356W,1.1899982332863601e-08
YAR010C,YMR052W,1.0744100921444844e-11
YAR010C,YFR008W,2.0970233890693635e-05
YAR010C,YLL043W,0.0001798646553652361
YAR010C,YMR029C,3.408028254135026e-14
YAR010C,YJR004C,0.0003236064512748271
YAR010C,YDL223C,3.97711730215633e-09
YAR010C,YHR158C,5.696883503131245e-12
YAR010C,YGR238C,1.0809011671830682e-11
YAR010C,YIL015W,0.4170873761177063
YAR010C,YGL173C,0.0028894038405269384
YAR010C,YDL225W,2.2565188001937096e-16
YAR010C,YLR330W,3.776724159104683e-12
YAR010C,YBR129C,4.495389616110401e-10
YAR010C,YKR095W-A,0.2020167112350464
YAR010C,YPR075C,1.863875546959104e-11
YAR010C,YMR198W,1.0313009113360749e-07
YAR010C,YOR127W,1.6281028365483508e-06
YAR010C,YDR264C,2.0459883787182775e-12
YAR010C,YLR110C,0.346354216337204
YAR010C,YDR379W,2.284158195919872e-09
YAR010C,YDL100C,1.4829586025149905e-15
YAR010C,YHR073W,4.592247027090934e-09
YAR010C,YJR090C,3.4949265703687615e-11
YAR010C,YOR208W,1.0435287300936125e-08
YAR010C,YBR040W,4.191225889371708e-05
YAR010C,YNL279W,0.801607072353363
YAR010C,YER075C,2.1316752807365447e-08
YAR010C,YCR089W,3.2310839742422104e-05
YAR010C,YCR002C,2.8592261208399555e-14
YAR010C,YJL108C,4.4202960736150487e-10
YAR010C,YBR200W,1.3838521477962116e-15
YAR010C,YIL026C,2.2813908628904755e-07
YAR010C,YJR076C,2.7314620851200165e-15
YAR010C,YKR031C,5.357008629416514e-15
YAR010C,YPL192C,0.024040251970291138
YAR010C,YHR107C,2.5356456490044366e-08
YAR010C,YIL037C,0.00010187415318796411
YAR010C,YPL156C,0.9940621256828308
YAR010C,YIL117C,7.179968286585847e-10
YAR010C,YHR066W,6.047131684283613e-10
YAR010C,YML085C,6.471638585026085e-07
YAR010C,YML047C,2.697287300179596e-07
YAR010C,YDR312W,1.3013412569762295e-07
YAR010C,YFL037W,1.1762379870106088e-07
YAR010C,YDL038C,0.2020167112350464
YAR010C,YDL039C,5.994882368298704e-09
YAR010C,YCL027W,0.5854389071464539
YAR010C,YML124C,6.42773681502895e-11
YAR010C,YGL053W,7.230428755722329e-11
YAR010C,YMR232W,2.7157158299928597e-08
YAR010C,YNL298W,2.3553145545029963e-11
YAR010C,YGL099W,7.269985502489362e-09
YAR010C,YBL016W,0.03846464678645134
YAR010C,YAL041W,6.995764119502356e-15
YAR010C,YDR085C,1.1282686500635464e-06
YAR010C,YPL187W,6.686316282866756e-07
YAR010C,YPL256C,0.9804697632789612
YAR010C,YDR461W,5.746818576568558e-10
YAR010C,YNL145W,0.00026484671980142593
YDL024C,YDL165W,3.126055858615473e-08
YDL024C,YGR059W,5.732545993453186e-09
YDL024C,YBR109C,1.905601010321334e-09
YDL024C,YJL080C,0.0015631952555850148
YDL024C,YCR093W,2.4385064534726553e-05
YDL024C,YIL122W,0.0017394411843270063
YDL024C,YCL029C,5.83398390360812e-12
YDL024C,YNL173C,0.00017514199134893715
YDL024C,YLR452C,0.6397203803062439
YDL024C,YDL160C,0.9603217244148254
YDL024C,YLR229C,0.3127298355102539
YDL024C,YML057W,3.496388734092193e-10
YDL024C,YER149C,0.0008564912714064121
YDL024C,YMR305C,0.04051762819290161
YDL024C,YLR433C,2.119557757396251e-05
YDL024C,YJL073W,2.4738040392199845e-13
YDL024C,YGR279C,0.000706211372744292
YDL024C,YKL190W,0.9978392720222473
YDL024C,YGL089C,0.9871678948402405
YDL024C,YJL019W,0.36977696418762207
YDL024C,YJL018W,0.005896533373743296
YDL024C,YNR032C-A,0.099854975938797
YDL024C,YGL178W,0.00035500514786690474
YDL024C,YKL116C,0.1906602531671524
YDL024C,YDL214C,2.797954493871657e-06
YDL024C,YLR362W,0.9285339713096619
YDL024C,YER068W,0.988007664680481
YDL024C,YHR084W,5.300688707410295e-12
YDL024C,YDR392W,5.859164048160892e-06
YDL024C,YNL053W,0.2740804851055145
YDL024C,YGR040W,0.9722954034805298
YDL024C,YDL216C,2.0392902921884115e-09
YDL024C,YOL117W,1.1580812753209102e-08
YDL024C,YJR086W,1.399505549670721e-06
YDL024C,YMR025W,0.025831224396824837
YDL024C,YBR081C,1.8223073539047618e-07
YDL024C,YFL026W,0.1567668467760086
YDL024C,YHL007C,2.7483675779649275e-08
YDL024C,YNR044W,0.05803860351443291
YDL024C,YNL271C,0.036359451711177826
YDL024C,YDR200C,0.3533739149570465
YDL024C,YKL178C,0.6411831974983215
YDL024C,YOR212W,0.8323405981063843
YDL024C,YOL111C,0.0001075648469850421
YDL024C,YGL032C,0.0001495229807915166
YDL024C,YHR005C,0.8314228653907776
YDL024C,YDR103W,0.005030726082623005
YDL024C,YJR084W,0.9970651268959045
YDL024C,YCL032W,8.178927259905322e-07
YDL024C,YJL170C,4.85381542603136e-06
YDL024C,YDR179C,3.271605875099226e-09
YDL024C,YBR095C,0.9934989213943481
YDL024C,YLL021W,9.947029866452795e-06
YDL024C,YDL159W,3.0446565407737936e-15
YDL024C,YNL161W,0.9977079629898071
YDL024C,YNL188W,8.095484105297146e-08
YDL024C,YJL157C,1.413784161741205e-06
YDL024C,YJL034W,2.1859550496178527e-19
YDL024C,YLR238W,0.9464113712310791
YDL024C,YPR141C,6.816723271185765e-06
YDL024C,YNL127W,6.311708602879662e-06
YDL024C,YCL055W,3.302119466752629e-08
YDL024C,YPR122W,0.00014012893370818347
YDL024C,YMR065W,0.002296140417456627
YDL024C,YDR356W,0.02870289795100689
YDL024C,YMR052W,0.00026459331274963915
YDL024C,YFR008W,3.518978530792083e-08
YDL024C,YLL043W,0.9640178084373474
YDL024C,YMR029C,0.023913953453302383
YDL024C,YJR004C,0.9999524354934692
YDL024C,YDL223C,1.1404770461354019e-08
YDL024C,YHR158C,0.9400085210800171
YDL024C,YGR238C,3.76924012834845e-12
YDL024C,YIL015W,0.9999998807907104
YDL024C,YGL173C,0.007625232450664043
YDL024C,YDL225W,1.0883154999419276e-07
YDL024C,YLR330W,0.017514890059828758
YDL024C,YBR129C,0.9738073348999023
YDL024C,YKR095W-A,0.2020167112350464
YDL024C,YPR075C,1.0988101026938521e-13
YDL024C,YMR198W,0.9959853291511536
YDL024C,YOR127W,1.2417391189956106e-05
YDL024C,YDR264C,0.006162598729133606
YDL024C,YLR110C,6.454869435401633e-06
YDL024C,YDR379W,0.03138754516839981
YDL024C,YDL100C,5.8090319221548725e-09
YDL024C,YHR073W,0.934554398059845
YDL024C,YJR090C,6.78812099863535e-08
YDL024C,YOR208W,7.433786208821402e-07
YDL024C,YBR040W,0.24525988101959229
YDL024C,YNL279W,0.9996800422668457
YDL024C,YER075C,0.053685009479522705
YDL024C,YCR089W,1.7010046576615423e-05
YDL024C,YCR002C,1.0491061352979614e-09
YDL024C,YJL108C,0.6239522695541382
YDL024C,YBR200W,0.017675485461950302
YDL024C,YIL026C,5.897351798012096e-07
YDL024C,YJR076C,0.9699687361717224
YDL024C,YKR031C,0.036961112171411514
YDL024C,YPL192C,3.4796814816218102e-06
YDL024C,YHR107C,0.001096562366001308
YDL024C,YIL037C,0.03108384646475315
YDL024C,YPL156C,0.6949451565742493
YDL024C,YIL117C,2.2744244265737734e-09
YDL024C,YHR066W,4.1770439891297143e-22
YDL024C,YML085C,0.5287898778915405
YDL024C,YML047C,0.0018428496550768614
YDL024C,YDR312W,2.462934567404318e-08
YDL024C,YFL037W,0.31968846917152405
YDL024C,YDL038C,0.2020167112350464
YDL024C,YDL039C,0.00012078259169356897
YDL024C,YCL027W,0.9993367791175842
YDL024C,YML124C,1.8957835834498837e-07
YDL024C,YGL053W,0.0011781663633883
YDL024C,YMR232W,1.6839893035580644e-08
YDL024C,YNL298W,0.9795771837234497
YDL024C,YGL099W,2.1359563423528627e-12
YDL024C,YBL016W,0.02282586880028248
YDL024C,YAL041W,2.0866641534666996e-06
YDL024C,YDR085C,7.512030927858682e-12
YDL024C,YPL187W,9.02941610547714e-05
YDL024C,YPL256C,1.3731010106710073e-08
YDL024C,YDR461W,0.006505823228508234
YDL024C,YNL145W,9.28596222138367e-08
YDR034C,YDL165W,0.00013421675248537213
YDR034C,YGR059W,4.944414010369497e-16
YDR034C,YBR109C,0.0019385914783924818
YDR034C,YJL080C,1.1927955512192057e-08
YDR034C,YCR093W,0.004802837036550045
YDR034C,YIL122W,0.00285840081050992
YDR034C,YCL029C,9.70399177679937e-11
YDR034C,YNL173C,1.1357815132839733e-08
YDR034C,YLR452C,7.50797379822643e-09
YDR034C,YDL160C,0.0001000988413579762
YDR034C,YLR229C,1.3803982913326851e-12
YDR034C,YML057W,4.789853583209158e-11
YDR034C,YER149C,0.864521861076355
YDR034C,YMR305C,0.09895217418670654
YDR034C,YLR433C,4.180707863232769e-12
YDR034C,YJL073W,3.195434601366287e-07
YDR034C,YGR279C,0.9668831825256348
YDR034C,YKL190W,5.336839876690647e-07
YDR034C,YGL089C,4.346135938249063e-06
YDR034C,YJL019W,6.754586593160639e-06
YDR034C,YJL018W,0.0003855121321976185
YDR034C,YNR032C-A,0.9393816590309143
YDR034C,YGL178W,0.0376979224383831
YDR034C,YKL116C,2.190745362895541e-09
YDR034C,YDL214C,0.0010346811031922698
YDR034C,YLR362W,1.0490670376839262e-07
YDR034C,YER068W,6.342787060020783e-07
YDR034C,YHR084W,1.6759840182345442e-09
YDR034C,YDR392W,3.7518366298172623e-06
YDR034C,YNL053W,4.707512957224935e-08
YDR034C,YGR040W,0.0004367734072729945
YDR034C,YDL216C,1.9528852493455595e-11
YDR034C,YOL117W,7.724318962232246e-09
YDR034C,YJR086W,0.0004263149166945368
YDR034C,YMR025W,0.1045675203204155
YDR034C,YBR081C,0.8045222759246826
YDR034C,YFL026W,5.514536027817485e-08
YDR034C,YHL007C,1.5235303862937144e-06
YDR034C,YNR044W,0.0006234114989638329
YDR034C,YNL271C,9.167128155240789e-05
YDR034C,YDR200C,3.008524274150659e-08
YDR034C,YKL178C,2.3705826606601477e-05
YDR034C,YOR212W,2.2213229519674194e-12
YDR034C,YOL111C,1.3257930753240998e-08
YDR034C,YGL032C,2.159947598556755e-06
YDR034C,YHR005C,3.166644446661593e-10
YDR034C,YDR103W,1.8184703094448196e-06
YDR034C,YJR084W,8.074741263373604e-16
YDR034C,YCL032W,1.036519188346574e-05
YDR034C,YJL170C,4.664655151032093e-08
YDR034C,YDR179C,7.271143409592895e-11
YDR034C,YBR095C,1.8907890080299694e-06
YDR034C,YLL021W,9.738208754407133e-17
YDR034C,YDL159W,9.626310202293098e-05
YDR034C,YNL161W,6.727816637130957e-10
YDR034C,YNL188W,4.551481778885332e-16
YDR034C,YJL157C,3.789886373478657e-12
YDR034C,YJL034W,1.213947887525324e-12
YDR034C,YLR238W,3.344437573105097e-06
YDR034C,YPR141C,0.0003307711740490049
YDR034C,YNL127W,0.0002887110458686948
YDR034C,YCL055W,7.604698121221887e-12
YDR034C,YPR122W,0.9991737008094788
YDR034C,YMR065W,0.0007534788455814123
YDR034C,YDR356W,2.5755048094211475e-10
YDR034C,YMR052W,1.5126215657801367e-06
YDR034C,YFR008W,1.5455563495692104e-09
YDR034C,YLL043W,1.6703017990948865e-06
YDR034C,YMR029C,6.516474915230219e-09
YDR034C,YJR004C,4.9585266448382015e-11
YDR034C,YDL223C,0.007834910415112972
YDR034C,YHR158C,2.4843121337880802e-08
YDR034C,YGR238C,9.8721357062459e-06
YDR034C,YIL015W,8.932484085732995e-09
YDR034C,YGL173C,0.01508946344256401
YDR034C,YDL225W,1.1808335770800716e-17
YDR034C,YLR330W,2.7029019870231737e-18
YDR034C,YBR129C,0.00035063139512203634
YDR034C,YKR095W-A,0.2020167112350464
YDR034C,YPR075C,6.230995808209627e-08
YDR034C,YMR198W,3.6745137488303214e-10
YDR034C,YOR127W,0.0389496348798275
YDR034C,YDR264C,9.064899941790827e-09
YDR034C,YLR110C,2.0570023462340714e-09
YDR034C,YDR379W,0.1818213313817978
YDR034C,YDL100C,7.48988071563872e-09
YDR034C,YHR073W,3.7632112595380185e-13
YDR034C,YJR090C,0.000773938256315887
YDR034C,YOR208W,2.8935849627487187e-07
YDR034C,YBR040W,0.16619937121868134
YDR034C,YNL279W,0.07019148766994476
YDR034C,YER075C,0.05953608825802803
YDR034C,YCR089W,4.320242169342237e-06
YDR034C,YCR002C,7.695085457726236e-09
YDR034C,YJL108C,1.1172629661715394e-11
YDR034C,YBR200W,5.190154065532436e-14
YDR034C,YIL026C,9.673939160848022e-08
YDR034C,YJR076C,1.5307558246956034e-16
YDR034C,YKR031C,2.5411491151317023e-06
YDR034C,YPL192C,0.000337195408064872
YDR034C,YHR107C,1.9518783714555761e-16
YDR034C,YIL037C,2.8858079531346448e-05
YDR034C,YPL156C,0.004877285100519657
YDR034C,YIL117C,0.013264353387057781
YDR034C,YHR066W,4.416034204979269e-09
YDR034C,YML085C,5.713837580856307e-08
YDR034C,YML047C,0.5777679085731506
YDR034C,YDR312W,3.533295966917649e-05
YDR034C,YFL037W,9.143241728035504e-18
YDR034C,YDL038C,0.2020167112350464
YDR034C,YDL039C,0.00015886599430814385
YDR034C,YCL027W,1.6693927351596471e-09
YDR034C,YML124C,1.1515565817088565e-20
YDR034C,YGL053W,5.414964476813111e-09
YDR034C,YMR232W,2.0467694412218407e-05
YDR034C,YNL298W,0.8632213473320007
YDR034C,YGL099W,5.528710607904941e-05
YDR034C,YBL016W,1.64383469943713e-12
YDR034C,YAL041W,1.0095802281284705e-05
YDR034C,YDR085C,1.8579987226985395e-05
YDR034C,YPL187W,7.549659130745567e-06
YDR034C,YPL256C,0.0005497431848198175
YDR034C,YDR461W,0.09130747616291046
YDR034C,YNL145W,5.923948831476622e-11
YDR384C,YDL165W,1.502012015740413e-14
YDR384C,YGR059W,3.113860894393e-13
YDR384C,YBR109C,1.8398420807697047e-12
YDR384C,YJL080C,1.7264565599361958e-07
YDR384C,YCR093W,8.573405874123807e-10
YDR384C,YIL122W,5.089000887359418e-10
YDR384C,YCL029C,1.600630275788717e-05
YDR384C,YNL173C,5.19881382388121e-07
YDR384C,YLR452C,6.173297379097262e-21
YDR384C,YDL160C,1.0861727099339968e-12
YDR384C,YLR229C,1.2343872020830003e-16
YDR384C,YML057W,1.365907448131417e-19
YDR384C,YER149C,0.09159853309392929
YDR384C,YMR305C,5.651414411992533e-17
YDR384C,YLR433C,7.185390477060238e-11
YDR384C,YJL073W,3.146261917663651e-08
YDR384C,YGR279C,3.3032273239667984e-16
YDR384C,YKL190W,2.0758301744194796e-09
YDR384C,YGL089C,2.6549587181512457e-11
YDR384C,YJL019W,1.5671066648792475e-05
YDR384C,YJL018W,0.000261223700363189
YDR384C,YNR032C-A,0.0030745030380785465
YDR384C,YGL178W,1.6859006413127986e-09
YDR384C,YKL116C,2.9176356917617755e-16
YDR384C,YDL214C,9.877305274130777e-06
YDR384C,YLR362W,2.8270205620906097e-10
YDR384C,YER068W,2.186108531532227e-06
YDR384C,YHR084W,2.562045122824275e-18
YDR384C,YDR392W,3.4922874071345632e-15
YDR384C,YNL053W,0.0013675106456503272
YDR384C,YGR040W,6.233979044784066e-12
YDR384C,YDL216C,7.884833763682764e-08
YDR384C,YOL117W,4.975268045741072e-18
YDR384C,YJR086W,1.3593932646216444e-09
YDR384C,YMR025W,3.178270844728104e-06
YDR384C,YBR081C,2.658468112315404e-09
YDR384C,YFL026W,2.8451177314558605e-23
YDR384C,YHL007C,5.231839406150129e-10
YDR384C,YNR044W,8.477178528014942e-17
YDR384C,YNL271C,1.0636158265242557e-07
YDR384C,YDR200C,5.479703850532134e-20
YDR384C,YKL178C,1.5560064525743655e-07
YDR384C,YOR212W,9.31644423608248e-15
YDR384C,YOL111C,4.654014803748274e-13
YDR384C,YGL032C,4.763197548246258e-18
YDR384C,YHR005C,5.893176143984631e-17
YDR384C,YDR103W,1.8442357363479545e-10
YDR384C,YJR084W,1.1191282744192935e-20
YDR384C,YCL032W,5.012994793579528e-12
YDR384C,YJL170C,1.2174397933441158e-16
YDR384C,YDR179C,1.0142827550074784e-10
YDR384C,YBR095C,9.15430586694542e-14
YDR384C,YLL021W,1.7677827202078333e-07
YDR384C,YDL159W,9.54905875339806e-16
YDR384C,YNL161W,8.199044714274351e-07
YDR384C,YNL188W,1.3410417221138005e-09
YDR384C,YJL157C,3.613811565407078e-23
YDR384C,YJL034W,4.0464825121026833e-19
YDR384C,YLR238W,1.1144578315747111e-11
YDR384C,YPR141C,9.208788176451321e-10
YDR384C,YNL127W,8.437331779423407e-14
YDR384C,YCL055W,8.638114475730559e-24
YDR384C,YPR122W,2.5893837118928786e-07
YDR384C,YMR065W,1.9443787095951848e-06
YDR384C,YDR356W,2.6447266598950137e-09
YDR384C,YMR052W,0.00011476767394924536
YDR384C,YFR008W,1.93932825527654e-12
YDR384C,YLL043W,5.072043340881294e-10
YDR384C,YMR029C,2.4884006869494747e-15
YDR384C,YJR004C,3.3801832860502756e-11
YDR384C,YDL223C,9.098790471062657e-11
YDR384C,YHR158C,3.125084546695689e-08
YDR384C,YGR238C,3.5435176670852876e-18
YDR384C,YIL015W,1.203189777127435e-27
YDR384C,YGL173C,6.538021790625237e-10
YDR384C,YDL225W,2.876744632437922e-12
YDR384C,YLR330W,4.7753766219127414e-11
YDR384C,YBR129C,6.573797062259246e-10
YDR384C,YKR095W-A,0.2020167112350464
YDR384C,YPR075C,3.3539517734285096e-13
YDR384C,YMR198W,1.7487085997996976e-12
YDR384C,YOR127W,2.4229605096313836e-16
YDR384C,YDR264C,1.1733368443511694e-10
YDR384C,YLR110C,1.876030580882926e-11
YDR384C,YDR379W,2.3926024464611395e-14
YDR384C,YDL100C,2.4567132182740092e-12
YDR384C,YHR073W,4.169960765576519e-10
YDR384C,YJR090C,2.600718314546579e-15
YDR384C,YOR208W,0.00047256695688702166
YDR384C,YBR040W,0.0017379912314936519
YDR384C,YNL279W,4.317719515256613e-07
YDR384C,YER075C,6.963725152075995e-10
YDR384C,YCR089W,6.226558184607711e-07
YDR384C,YCR002C,1.0929146475018438e-15
YDR384C,YJL108C,2.8414104768603558e-14
YDR384C,YBR200W,4.94612207094236e-12
YDR384C,YIL026C,6.566932775342593e-09
YDR384C,YJR076C,2.0347326525494563e-13
YDR384C,YKR031C,5.764416641795833e-07
YDR384C,YPL192C,0.6291122436523438
YDR384C,YHR107C,2.2227796137030964e-07
YDR384C,YIL037C,6.400668298330026e-13
YDR384C,YPL156C,2.2031709789871456e-08
YDR384C,YIL117C,4.473684877409623e-12
YDR384C,YHR066W,8.601213491443715e-11
YDR384C,YML085C,7.888563066660303e-12
YDR384C,YML047C,0.605765163898468
YDR384C,YDR312W,4.372036599420426e-08
YDR384C,YFL037W,3.4987074838457e-19
YDR384C,YDL038C,0.2020167112350464
YDR384C,YDL039C,5.793382131446742e-14
YDR384C,YCL027W,1.1419356205330023e-15
YDR384C,YML124C,6.629419669473835e-12
YDR384C,YGL053W,4.659117008350014e-15
YDR384C,YMR232W,1.077741785593389e-06
YDR384C,YNL298W,6.06744330229105e-21
YDR384C,YGL099W,1.7139198835710984e-17
YDR384C,YBL016W,2.0027382530152238e-11
YDR384C,YAL041W,6.868991486719267e-11
YDR384C,YDR085C,2.1491068764589727e-06
YDR384C,YPL187W,1.1720579095708672e-05
YDR384C,YPL256C,1.5982872469511266e-16
YDR384C,YDR461W,2.2297335835372217e-18
YDR384C,YNL145W,4.074453093956915e-28
tG(CCC)O,YDL165W,0.004506052006036043
tG(CCC)O,YGR059W,0.0008520708652213216
tG(CCC)O,YBR109C,0.0017937953816726804
tG(CCC)O,YJL080C,0.05432021990418434
tG(CCC)O,YCR093W,0.0026637830305844545
tG(CCC)O,YIL122W,0.35834404826164246
tG(CCC)O,YCL029C,0.036378998309373856
tG(CCC)O,YNL173C,0.024421045556664467
tG(CCC)O,YLR452C,0.0006744819693267345
tG(CCC)O,YDL160C,0.00024575626594014466
tG(CCC)O,YLR229C,0.22578802704811096
tG(CCC)O,YML057W,0.25016549229621887
tG(CCC)O,YER149C,0.000491571903694421
tG(CCC)O,YMR305C,0.003821863094344735
tG(CCC)O,YLR433C,0.04009736701846123
tG(CCC)O,YJL073W,0.0014031227910891175
tG(CCC)O,YGR279C,0.06322243064641953
tG(CCC)O,YKL190W,0.0007986154523678124
tG(CCC)O,YGL089C,0.0003002394223585725
tG(CCC)O,YJL019W,0.00012946134665980935
tG(CCC)O,YJL018W,0.2020167112350464
tG(CCC)O,YNR032C-A,0.005688452161848545
tG(CCC)O,YGL178W,0.0759362205862999
tG(CCC)O,YKL116C,0.018763115629553795
tG(CCC)O,YDL214C,0.06625980138778687
tG(CCC)O,YLR362W,0.2424928843975067
tG(CCC)O,YER068W,0.0028616562485694885
tG(CCC)O,YHR084W,0.00014905577700119466
tG(CCC)O,YDR392W,0.021301796659827232
tG(CCC)O,YNL053W,0.02251053787767887
tG(CCC)O,YGR040W,0.0011637903517112136
tG(CCC)O,YDL216C,0.022309165447950363
tG(CCC)O,YOL117W,0.012951373122632504
tG(CCC)O,YJR086W,3.128632306470536e-05
tG(CCC)O,YMR025W,0.09002011269330978
tG(CCC)O,YBR081C,0.001666169031523168
tG(CCC)O,YFL026W,0.005621307995170355
tG(CCC)O,YHL007C,0.008050598204135895
tG(CCC)O,YNR044W,0.0009980747709050775
tG(CCC)O,YNL271C,0.004129445645958185
tG(CCC)O,YDR200C,0.416960209608078
tG(CCC)O,YKL178C,0.004925709217786789
tG(CCC)O,YOR212W,0.015990393236279488
tG(CCC)O,YOL111C,0.09785741567611694
tG(CCC)O,YGL032C,0.0009480963344685733
tG(CCC)O,YHR005C,0.01583893783390522
tG(CCC)O,YDR103W,0.012690776027739048
tG(CCC)O,YJR084W,0.012403068132698536
tG(CCC)O,YCL032W,0.10968828201293945
tG(CCC)O,YJL170C,0.030865976586937904
tG(CCC)O,YDR179C,0.0027695363387465477
tG(CCC)O,YBR095C,0.058203745633363724
tG(CCC)O,YLL021W,0.01321607269346714
tG(CCC)O,YDL159W,1.2654295460379217e-05
tG(CCC)O,YNL161W,0.0009750717435963452
tG(CCC)O,YNL188W,0.001686527393758297
tG(CCC)O,YJL157C,0.0007045019301585853
tG(CCC)O,YJL034W,0.0852741226553917
tG(CCC)O,YLR238W,0.04106926918029785
tG(CCC)O,YPR141C,0.002015253994613886
tG(CCC)O,YNL127W,0.10003449022769928
tG(CCC)O,YCL055W,0.01646767370402813
tG(CCC)O,YPR122W,0.009901648387312889
tG(CCC)O,YMR065W,0.0032735734712332487
tG(CCC)O,YDR356W,0.0023075214121490717
tG(CCC)O,YMR052W,0.0037498341407626867
tG(CCC)O,YFR008W,0.041551776230335236
tG(CCC)O,YLL043W,0.03845895454287529
tG(CCC)O,YMR029C,0.025143859907984734
tG(CCC)O,YJR004C,0.002563771326094866
tG(CCC)O,YDL223C,0.07564645260572433
tG(CCC)O,YHR158C,0.00013404038327280432
tG(CCC)O,YGR238C,0.0007310438086278737
tG(CCC)O,YIL015W,0.0096978098154068
tG(CCC)O,YGL173C,0.026963330805301666
tG(CCC)O,YDL225W,2.0980996850994416e-05
tG(CCC)O,YLR330W,0.008846690878272057
tG(CCC)O,YBR129C,0.007145251147449017
tG(CCC)O,YKR095W-A,0.2020167112350464
tG(CCC)O,YPR075C,0.013902372680604458
tG(CCC)O,YMR198W,0.06216125190258026
tG(CCC)O,YOR127W,0.050156120210886
tG(CCC)O,YDR264C,0.20920923352241516
tG(CCC)O,YLR110C,0.20171424746513367
tG(CCC)O,YDR379W,6.830839265603572e-05
tG(CCC)O,YDL100C,0.0003154732985422015
tG(CCC)O,YHR073W,0.012982179410755634
tG(CCC)O,YJR090C,0.04771151393651962
tG(CCC)O,YOR208W,5.040279938839376e-05
tG(CCC)O,YBR040W,0.013491972349584103
tG(CCC)O,YNL279W,0.001459241146221757
tG(CCC)O,YER075C,0.03911271318793297
tG(CCC)O,YCR089W,0.015805725008249283
tG(CCC)O,YCR002C,0.005575069226324558
tG(CCC)O,YJL108C,0.0014770734123885632
tG(CCC)O,YBR200W,0.000620343373157084
tG(CCC)O,YIL026C,0.041487570852041245
tG(CCC)O,YJR076C,0.01589011400938034
tG(CCC)O,YKR031C,0.0882168710231781
tG(CCC)O,YPL192C,0.03233388066291809
tG(CCC)O,YHR107C,0.0011087945895269513
tG(CCC)O,YIL037C,0.17849847674369812
tG(CCC)O,YPL156C,0.1872110664844513
tG(CCC)O,YIL117C,0.19785086810588837
tG(CCC)O,YHR066W,0.022551588714122772
tG(CCC)O,YML085C,0.00029644821188412607
tG(CCC)O,YML047C,0.00010581633250694722
tG(CCC)O,YDR312W,0.00015653169248253107
tG(CCC)O,YFL037W,0.0006113187409937382
tG(CCC)O,YDL038C,0.2020167112350464
tG(CCC)O,YDL039C,0.0008782180957496166
tG(CCC)O,YCL027W,0.0009610768756829202
tG(CCC)O,YML124C,0.0009188718977384269
tG(CCC)O,YGL053W,0.10810097306966782
tG(CCC)O,YMR232W,0.05332012102007866
tG(CCC)O,YNL298W,0.07546132057905197
tG(CCC)O,YGL099W,0.006582037545740604
tG(CCC)O,YBL016W,0.005413219798356295
tG(CCC)O,YAL041W,0.04012268781661987
tG(CCC)O,YDR085C,0.024285422638058662
tG(CCC)O,YPL187W,7.361590542132035e-05
tG(CCC)O,YPL256C,5.639216033159755e-05
tG(CCC)O,YDR461W,0.0017904966371133924
tG(CCC)O,YNL145W,0.0005646884092129767
YLR410W-B,YDL165W,3.178968555062056e-08
YLR410W-B,YGR059W,0.0006997665041126311
YLR410W-B,YBR109C,0.0005634953849948943
YLR410W-B,YJL080C,0.0022319199051707983
YLR410W-B,YCR093W,0.004588934127241373
YLR410W-B,YIL122W,0.0006626570248045027
YLR410W-B,YCL029C,0.0005657481378875673
YLR410W-B,YNL173C,2.074356598313898e-05
YLR410W-B,YLR452C,0.0009016379481181502
YLR410W-B,YDL160C,0.0009766345610842109
YLR410W-B,YLR229C,0.0007872850983403623
YLR410W-B,YML057W,0.010789737105369568
YLR410W-B,YER149C,0.0010078843915835023
YLR410W-B,YMR305C,0.0004520320217125118
YLR410W-B,YLR433C,0.0009299881639890373
YLR410W-B,YJL073W,0.0003190618008375168
YLR410W-B,YGR279C,0.0037445470225065947
YLR410W-B,YKL190W,0.00011414012260502204
YLR410W-B,YGL089C,0.006562924478203058
YLR410W-B,YJL019W,0.00041000303463079035
YLR410W-B,YJL018W,0.2020167112350464
YLR410W-B,YNR032C-A,0.0005641271127387881
YLR410W-B,YGL178W,0.0002868828014470637
YLR410W-B,YKL116C,0.00222093821503222
YLR410W-B,YDL214C,0.0017726293299347162
YLR410W-B,YLR362W,4.992360118194483e-06
YLR410W-B,YER068W,0.0004548699362203479
YLR410W-B,YHR084W,0.0002484787255525589
YLR410W-B,YDR392W,0.00028208113508298993
YLR410W-B,YNL053W,3.233185998396948e-05
YLR410W-B,YGR040W,2.464940735080745e-05
YLR410W-B,YDL216C,1.5853029253776185e-06
YLR410W-B,YOL117W,0.0010328685166314244
YLR410W-B,YJR086W,0.0023601860739290714
YLR410W-B,YMR025W,0.00012963094923179597
YLR410W-B,YBR081C,0.000276521488558501
YLR410W-B,YFL026W,6.4474070313735865e-06
YLR410W-B,YHL007C,7.3553244874347e-05
YLR410W-B,YNR044W,0.0011159648420289159
YLR410W-B,YNL271C,0.0030398895032703876
YLR410W-B,YDR200C,3.081585964537226e-05
YLR410W-B,YKL178C,0.0009177326573990285
YLR410W-B,YOR212W,0.00017225279589183629
YLR410W-B,YOL111C,0.00017726598889566958
YLR410W-B,YGL032C,4.33216564488248e-06
YLR410W-B,YHR005C,2.9706039640586823e-05
YLR410W-B,YDR103W,0.00042771725566126406
YLR410W-B,YJR084W,1.4073462807573378e-05
YLR410W-B,YCL032W,0.00022882455959916115
YLR410W-B,YJL170C,0.0014133447548374534
YLR410W-B,YDR179C,0.000948981149122119
YLR410W-B,YBR095C,0.0021109962835907936
YLR410W-B,YLL021W,0.00042529203346930444
YLR410W-B,YDL159W,8.602640446042642e-05
YLR410W-B,YNL161W,0.0019699465483427048
YLR410W-B,YNL188W,0.0008703582570888102
YLR410W-B,YJL157C,0.0001066271579475142
YLR410W-B,YJL034W,0.0020369745325297117
YLR410W-B,YLR238W,2.0022478565806523e-05
YLR410W-B,YPR141C,0.001761117484420538
YLR410W-B,YNL127W,0.0034259064123034477
YLR410W-B,YCL055W,0.0025207214057445526
YLR410W-B,YPR122W,0.0004942764062434435
YLR410W-B,YMR065W,0.0009292290778830647
YLR410W-B,YDR356W,0.0012426315806806087
YLR410W-B,YMR052W,0.00018759483646135777
YLR410W-B,YFR008W,0.001459666294977069
YLR410W-B,YLL043W,0.0042422013357281685
YLR410W-B,YMR029C,0.0006526025244966149
YLR410W-B,YJR004C,0.0029274052940309048
YLR410W-B,YDL223C,0.001474875956773758
YLR410W-B,YHR158C,9.959754243027419e-05
YLR410W-B,YGR238C,6.318845407804474e-05
YLR410W-B,YIL015W,0.001185836037620902
YLR410W-B,YGL173C,0.004935830365866423
YLR410W-B,YDL225W,0.0007726902258582413
YLR410W-B,YLR330W,0.0009327884763479233
YLR410W-B,YBR129C,0.0003599987248890102
YLR410W-B,YKR095W-A,0.2020167112350464
YLR410W-B,YPR075C,6.0992970247752964e-05
YLR410W-B,YMR198W,0.00015361014811787754
YLR410W-B,YOR127W,0.0025782000739127398
YLR410W-B,YDR264C,0.002667721826583147
YLR410W-B,YLR110C,0.000765207689255476
YLR410W-B,YDR379W,0.00023014744510874152
YLR410W-B,YDL100C,0.00010944146197289228
YLR410W-B,YHR073W,0.0013453509891405702
YLR410W-B,YJR090C,0.0052349562756717205
YLR410W-B,YOR208W,0.0007125892443582416
YLR410W-B,YBR040W,0.001598282135091722
YLR410W-B,YNL279W,0.0001762152387527749
YLR410W-B,YER075C,0.014862733893096447
YLR410W-B,YCR089W,0.0016215561190620065
YLR410W-B,YCR002C,0.00028153142193332314
YLR410W-B,YJL108C,1.6322318288075621e-06
YLR410W-B,YBR200W,0.000460821291198954
YLR410W-B,YIL026C,0.0015321128303185105
YLR410W-B,YJR076C,0.0032225530594587326
YLR410W-B,YKR031C,0.004270703531801701
YLR410W-B,YPL192C,0.0041506304405629635
YLR410W-B,YHR107C,0.0005803801468573511
YLR410W-B,YIL037C,0.0006613800069317222
YLR410W-B,YPL156C,0.0012479887809604406
YLR410W-B,YIL117C,0.00014737906167283654
YLR410W-B,YHR066W,9.156172745861113e-05
YLR410W-B,YML085C,0.0014558522962033749
YLR410W-B,YML047C,7.121795533748809e-06
YLR410W-B,YDR312W,9.111016879614908e-06
YLR410W-B,YFL037W,0.0002969386987388134
YLR410W-B,YDL038C,0.2020167112350464
YLR410W-B,YDL039C,0.00031260837567970157
YLR410W-B,YCL027W,0.00010784029291244224
YLR410W-B,YML124C,0.0013260348932817578
YLR410W-B,YGL053W,0.0024656879249960184
YLR410W-B,YMR232W,0.004565972834825516
YLR410W-B,YNL298W,6.757387745892629e-05
YLR410W-B,YGL099W,0.002421965356916189
YLR410W-B,YBL016W,0.001213036011904478
YLR410W-B,YAL041W,0.003489046823233366
YLR410W-B,YDR085C,0.003456007456406951
YLR410W-B,YPL187W,0.0039208116941154
YLR410W-B,YPL256C,0.01685713604092598
YLR410W-B,YDR461W,1.359097586828284e-05
YLR410W-B,YNL145W,0.0001185052387882024
YPR025C,YDL165W,0.00023331331613007933
YPR025C,YGR059W,7.41017108785158e-11
YPR025C,YBR109C,4.758263227877535e-12
YPR025C,YJL080C,1.4479343946049994e-08
YPR025C,YCR093W,0.001089627854526043
YPR025C,YIL122W,7.84554322308395e-06
YPR025C,YCL029C,9.557394616390227e-14
YPR025C,YNL173C,2.7855120621656133e-14
YPR025C,YLR452C,5.311581389833009e-06
YPR025C,YDL160C,0.003769761184230447
YPR025C,YLR229C,0.4045218825340271
YPR025C,YML057W,2.9015043878644065e-07
YPR025C,YER149C,0.018763836473226547
YPR025C,YMR305C,1.0951798550071917e-13
YPR025C,YLR433C,0.014306294731795788
YPR025C,YJL073W,1.1094678648015943e-10
YPR025C,YGR279C,1.1048611027811295e-12
YPR025C,YKL190W,2.3471024235277582e-08
YPR025C,YGL089C,5.522494106457998e-08
YPR025C,YJL019W,8.99311250468493e-11
YPR025C,YJL018W,0.05960901454091072
YPR025C,YNR032C-A,0.9890417456626892
YPR025C,YGL178W,0.9439020156860352
YPR025C,YKL116C,2.922680567056063e-17
YPR025C,YDL214C,5.629369752568891e-07
YPR025C,YLR362W,9.723311565623671e-12
YPR025C,YER068W,2.9130858966372464e-13
YPR025C,YHR084W,2.6895327209786046e-06
YPR025C,YDR392W,1.6718999177101068e-05
YPR025C,YNL053W,3.5868907843905617e-09
YPR025C,YGR040W,1.1410066917960648e-06
YPR025C,YDL216C,0.00044967603753320873
YPR025C,YOL117W,2.7200168658224333e-13
YPR025C,YJR086W,9.537177991791879e-11
YPR025C,YMR025W,2.237595886356303e-09
YPR025C,YBR081C,1.6624854704688774e-12
YPR025C,YFL026W,7.901713311442293e-11
YPR025C,YHL007C,1.2508469815486478e-09
YPR025C,YNR044W,1.0039864264399512e-06
YPR025C,YNL271C,0.9443633556365967
YPR025C,YDR200C,5.95017013438337e-09
YPR025C,YKL178C,0.0017073333729058504
YPR025C,YOR212W,7.039133834041422e-06
YPR025C,YOL111C,2.325101882674676e-14
YPR025C,YGL032C,2.2934723347134423e-06
YPR025C,YHR005C,3.378288965905085e-06
YPR025C,YDR103W,0.00013787703937850893
YPR025C,YJR084W,6.975828625854774e-08
YPR025C,YCL032W,1.529240734043924e-07
YPR025C,YJL170C,1.007201362313026e-07
YPR025C,YDR179C,0.0002818155335262418
YPR025C,YBR095C,9.090082159213253e-11
YPR025C,YLL021W,2.1779047187919787e-07
YPR025C,YDL159W,5.183743989611855e-10
YPR025C,YNL161W,1.5105932789083454e-06
YPR025C,YNL188W,3.80570713787165e-06
YPR025C,YJL157C,2.4537805121127576e-09
YPR025C,YJL034W,3.472081489117371e-16
YPR025C,YLR238W,1.1075280232850093e-12
YPR025C,YPR141C,2.1840021457997238e-10
YPR025C,YNL127W,9.4809896045156e-11
YPR025C,YCL055W,4.929185022178047e-21
YPR025C,YPR122W,0.37023359537124634
YPR025C,YMR065W,1.8026887005362369e-07
YPR025C,YDR356W,4.314907542379842e-08
YPR025C,YMR052W,3.3419218503638604e-09
YPR025C,YFR008W,3.7091308513481636e-07
YPR025C,YLL043W,1.3335506082512438e-05
YPR025C,YMR029C,0.0018382243579253554
YPR025C,YJR004C,0.00013881722406949848
YPR025C,YDL223C,2.666470100276541e-10
YPR025C,YHR158C,3.619460039772093e-05
YPR025C,YGR238C,4.002665932034688e-08
YPR025C,YIL015W,8.82588756212499e-06
YPR025C,YGL173C,1.0331294930665536e-08
YPR025C,YDL225W,4.4298383272689534e-07
YPR025C,YLR330W,9.281874303567247e-19
YPR025C,YBR129C,2.2571304825191874e-08
YPR025C,YKR095W-A,0.2020167112350464
YPR025C,YPR075C,3.185928676430194e-07
YPR025C,YMR198W,0.0008764187223277986
YPR025C,YOR127W,0.00630180211737752
YPR025C,YDR264C,2.4615515181736214e-10
YPR025C,YLR110C,5.628918984257325e-07
YPR025C,YDR379W,1.067056473402772e-06
YPR025C,YDL100C,2.726165404531855e-10
YPR025C,YHR073W,5.697834808415791e-07
YPR025C,YJR090C,1.1783078512905831e-08
YPR025C,YOR208W,2.464662657075678e-06
YPR025C,YBR040W,0.07358025759458542
YPR025C,YNL279W,0.010552097111940384
YPR025C,YER075C,0.10240679234266281
YPR025C,YCR089W,2.8182098581880366e-12
YPR025C,YCR002C,1.4967087125228318e-08
YPR025C,YJL108C,9.746391071985272e-08
YPR025C,YBR200W,1.5955400158418342e-05
YPR025C,YIL026C,6.05961904511787e-05
YPR025C,YJR076C,2.2495544853752174e-18
YPR025C,YKR031C,4.857399460433953e-08
YPR025C,YPL192C,5.4630261729471385e-05
YPR025C,YHR107C,5.278006764281029e-13
YPR025C,YIL037C,3.4159846507009206e-08
YPR025C,YPL156C,1.8485288300063019e-10
YPR025C,YIL117C,1.3617251397590735e-06
YPR025C,YHR066W,2.8469291927525195e-24
YPR025C,YML085C,1.6329124719050014e-09
YPR025C,YML047C,0.980751633644104
YPR025C,YDR312W,5.467284958093899e-11
YPR025C,YFL037W,3.398996709091939e-11
YPR025C,YDL038C,0.2020167112350464
YPR025C,YDL039C,5.913145667557629e-11
YPR025C,YCL027W,0.00037775133387185633
YPR025C,YML124C,4.4789048843085766e-05
YPR025C,YGL053W,3.742646192961274e-09
YPR025C,YMR232W,2.2083549993112683e-05
YPR025C,YNL298W,6.342233518807916e-06
YPR025C,YGL099W,6.530678081650976e-11
YPR025C,YBL016W,3.3057775961076175e-10
YPR025C,YAL041W,1.7095993825932965e-05
YPR025C,YDR085C,4.497604955133738e-09
YPR025C,YPL187W,0.0003877351409755647
YPR025C,YPL256C,6.023791598863681e-08
YPR025C,YDR461W,1.237560401379234e-12
YPR025C,YNL145W,1.180342351636554e-10
YLR301W,YDL165W,6.999624929449055e-06
YLR301W,YGR059W,9.938587394741922e-15
YLR301W,YBR109C,2.305061116203433e-06
YLR301W,YJL080C,3.608528942322664e-08
YLR301W,YCR093W,1.008965114124294e-06
YLR301W,YIL122W,0.010696396231651306
YLR301W,YCL029C,1.1578855492189177e-06
YLR301W,YNL173C,2.8105182536819484e-06
YLR301W,YLR452C,0.3733467161655426
YLR301W,YDL160C,0.1188206821680069
YLR301W,YLR229C,1.6295257410092745e-07
YLR301W,YML057W,2.5313002804949747e-09
YLR301W,YER149C,0.0036820496898144484
YLR301W,YMR305C,1.5975652800648277e-08
YLR301W,YLR433C,8.353084558621049e-05
YLR301W,YJL073W,8.116646910139025e-09
YLR301W,YGR279C,4.227702845582826e-07
YLR301W,YKL190W,0.0014295813161879778
YLR301W,YGL089C,0.1449141800403595
YLR301W,YJL019W,4.518643237361175e-10
YLR301W,YJL018W,0.000559349893592298
YLR301W,YNR032C-A,0.667310893535614
YLR301W,YGL178W,6.7280479925102554e-06
YLR301W,YKL116C,2.999303916340068e-09
YLR301W,YDL214C,6.4143873714783695e-06
YLR301W,YLR362W,3.789518032704109e-08
YLR301W,YER068W,1.1002692872352782e-06
YLR301W,YHR084W,2.0415834569575964e-06
YLR301W,YDR392W,0.00040400848956778646
YLR301W,YNL053W,0.17206592857837677
YLR301W,YGR040W,1.2823441863929474e-07
YLR301W,YDL216C,0.12745149433612823
YLR301W,YOL117W,0.10015513747930527
YLR301W,YJR086W,1.4982381799200084e-05
YLR301W,YMR025W,3.6866252273171085e-09
YLR301W,YBR081C,0.0017105515580624342
YLR301W,YFL026W,0.08247192203998566
YLR301W,YHL007C,0.0006182265351526439
YLR301W,YNR044W,1.5417626286762243e-07
YLR301W,YNL271C,1.4241972046136198e-09
YLR301W,YDR200C,0.8786150813102722
YLR301W,YKL178C,0.12470609694719315
YLR301W,YOR212W,0.001041805255226791
YLR301W,YOL111C,2.0038661620877876e-14
YLR301W,YGL032C,0.017674541100859642
YLR301W,YHR005C,0.0041111609898507595
YLR301W,YDR103W,0.017531555145978928
YLR301W,YJR084W,2.1452060536830686e-06
YLR301W,YCL032W,7.444786974397655e-13
YLR301W,YJL170C,3.291223038104363e-05
YLR301W,YDR179C,6.341885431518021e-14
YLR301W,YBR095C,0.9479395151138306
YLR301W,YLL021W,0.8977510333061218
YLR301W,YDL159W,5.775080596090087e-21
YLR301W,YNL161W,0.0013198358938097954
YLR301W,YNL188W,0.0015072448877617717
YLR301W,YJL157C,1.8172534055338474e-06
YLR301W,YJL034W,7.277789482174057e-11
YLR301W,YLR238W,0.05625151842832565
YLR301W,YPR141C,2.0325273908383679e-07
YLR301W,YNL127W,0.0003704185364767909
YLR301W,YCL055W,0.0001415044243913144
YLR301W,YPR122W,2.450749825300136e-09
YLR301W,YMR065W,0.000469841412268579
YLR301W,YDR356W,1.500073953941694e-10
YLR301W,YMR052W,5.330145995685598e-07
YLR301W,YFR008W,0.0005264835781417787
YLR301W,YLL043W,0.0004612597113009542
YLR301W,YMR029C,3.0259643608587794e-06
YLR301W,YJR004C,4.656886630982626e-06
YLR301W,YDL223C,9.856658733684519e-22
YLR301W,YHR158C,2.530384435317501e-08
YLR301W,YGR238C,1.8012208329309942e-06
YLR301W,YIL015W,9.998863788496237e-06
YLR301W,YGL173C,1.152693934226845e-14
YLR301W,YDL225W,0.00027163614868186414
YLR301W,YLR330W,6.410015629398913e-09
YLR301W,YBR129C,4.120502126170322e-06
YLR301W,YKR095W-A,0.2020167112350464
YLR301W,YPR075C,9.743964126231533e-14
YLR301W,YMR198W,4.9701262469170615e-05
YLR301W,YOR127W,5.611687811324373e-06
YLR301W,YDR264C,0.0009203158551827073
YLR301W,YLR110C,1.8782090194235934e-07
YLR301W,YDR379W,0.001209627720527351
YLR301W,YDL100C,1.2715430097731684e-10
YLR301W,YHR073W,0.04817304015159607
YLR301W,YJR090C,0.01567489467561245
YLR301W,YOR208W,1.9389696959137837e-08
YLR301W,YBR040W,1.1810539035650436e-06
YLR301W,YNL279W,0.29094430804252625
YLR301W,YER075C,9.320069693785626e-06
YLR301W,YCR089W,1.737529287115791e-10
YLR301W,YCR002C,0.0030577657744288445
YLR301W,YJL108C,0.025998555123806
YLR301W,YBR200W,5.000079794648116e-10
YLR301W,YIL026C,2.4702693224298855e-08
YLR301W,YJR076C,2.157032798905112e-12
YLR301W,YKR031C,1.313384622413094e-12
YLR301W,YPL192C,0.001444794237613678
YLR301W,YHR107C,1.9673909328515914e-15
YLR301W,YIL037C,2.7553985546546755e-06
YLR301W,YPL156C,1.945614622102937e-13
YLR301W,YIL117C,4.155986607656814e-05
YLR301W,YHR066W,8.788393643044401e-06
YLR301W,YML085C,1.1940442163904663e-05
YLR301W,YML047C,3.5428463718290004e-08
YLR301W,YDR312W,9.934258559951559e-05
YLR301W,YFL037W,0.48996761441230774
YLR301W,YDL038C,0.2020167112350464
YLR301W,YDL039C,0.00013786889030598104
YLR301W,YCL027W,7.141064270399511e-05
YLR301W,YML124C,8.465272927082879e-09
YLR301W,YGL053W,4.767678183270618e-05
YLR301W,YMR232W,2.1563798213719565e-07
YLR301W,YNL298W,1.3615949513712255e-11
YLR301W,YGL099W,3.040057379166683e-07
YLR301W,YBL016W,8.612014062236995e-05
YLR301W,YAL041W,4.524137011685525e-07
YLR301W,YDR085C,3.029227855222416e-07
YLR301W,YPL187W,0.26209115982055664
YLR301W,YPL256C,4.429559703567065e-05
YLR301W,YDR461W,2.527177093725186e-05
YLR301W,YNL145W,0.17329013347625732
YMR108W,YDL165W,2.0731762973014156e-08
YMR108W,YGR059W,7.947140124794916e-13
YMR108W,YBR109C,2.9455352432705695e-06
YMR108W,YJL080C,1.293835521209985e-05
YMR108W,YCR093W,3.7823018913911433e-13
YMR108W,YIL122W,3.283630659045578e-11
YMR108W,YCL029C,1.8298619564038887e-11
YMR108W,YNL173C,5.608657738775946e-05
YMR108W,YLR452C,5.0357035156554215e-17
YMR108W,YDL160C,8.847283486268401e-16
YMR108W,YLR229C,5.594873903972124e-16
YMR108W,YML057W,5.316380669029286e-09
YMR108W,YER149C,9.704215244710213e-07
YMR108W,YMR305C,2.5197962940117004e-17
YMR108W,YLR433C,1.9690288288742863e-10
YMR108W,YJL073W,1.6187585993865383e-10
YMR108W,YGR279C,1.060000177910414e-12
YMR108W,YKL190W,2.838857540155004e-07
YMR108W,YGL089C,3.1209349344862858e-06
YMR108W,YJL019W,1.4335795412989683e-06
YMR108W,YJL018W,0.00025993725284934044
YMR108W,YNR032C-A,0.912632167339325
YMR108W,YGL178W,3.3837047713183768e-15
YMR108W,YKL116C,4.2006331746335945e-09
YMR108W,YDL214C,9.31074717325231e-10
YMR108W,YLR362W,4.3383113990103084e-08
YMR108W,YER068W,1.0783950989134983e-11
YMR108W,YHR084W,3.7321952169391825e-13
YMR108W,YDR392W,3.4048981624630603e-13
YMR108W,YNL053W,1.7123215345637988e-10
YMR108W,YGR040W,0.00014421736705116928
YMR108W,YDL216C,6.677895569850989e-09
YMR108W,YOL117W,1.1653787608317465e-14
YMR108W,YJR086W,1.3469221471495985e-07
YMR108W,YMR025W,0.9852871894836426
YMR108W,YBR081C,0.8246557116508484
YMR108W,YFL026W,2.2458110861305535e-15
YMR108W,YHL007C,5.120041760356409e-13
YMR108W,YNR044W,3.4064362441910134e-10
YMR108W,YNL271C,2.887623733877076e-12
YMR108W,YDR200C,1.5979275226463396e-16
YMR108W,YKL178C,0.9845337867736816
YMR108W,YOR212W,7.997811614368633e-12
YMR108W,YOL111C,1.1711082947840623e-07
YMR108W,YGL032C,7.264849122669628e-15
YMR108W,YHR005C,4.5851840695831925e-05
YMR108W,YDR103W,3.513256352505323e-09
YMR108W,YJR084W,4.587607183026421e-09
YMR108W,YCL032W,5.537812222677907e-11
YMR108W,YJL170C,4.259548802565405e-07
YMR108W,YDR179C,5.517697640477527e-14
YMR108W,YBR095C,1.9554678942768078e-07
YMR108W,YLL021W,7.102127597136132e-07
YMR108W,YDL159W,0.005341761279851198
YMR108W,YNL161W,0.002807134995236993
YMR108W,YNL188W,1.558712603433321e-09
YMR108W,YJL157C,1.7599480900409858e-12
YMR108W,YJL034W,5.255531726525064e-18
YMR108W,YLR238W,3.3857296966033346e-09
YMR108W,YPR141C,6.20286664343439e-05
YMR108W,YNL127W,2.2267652184382314e-06
YMR108W,YCL055W,4.711030493016928e-17
YMR108W,YPR122W,2.6016688803309762e-09
YMR108W,YMR065W,1.528983011667151e-05
YMR108W,YDR356W,1.8740564655672642e-11
YMR108W,YMR052W,0.012184114195406437
YMR108W,YFR008W,5.613537846366201e-12
YMR108W,YLL043W,1.0448436386922832e-11
YMR108W,YMR029C,8.746236744627822e-06
YMR108W,YJR004C,3.001293536072057e-14
YMR108W,YDL223C,4.4883985417243366e-10
YMR108W,YHR158C,4.101685657786902e-11
YMR108W,YGR238C,1.9384733818128552e-09
YMR108W,YIL015W,3.1459977851977516e-12
YMR108W,YGL173C,0.00015932641690596938
YMR108W,YDL225W,1.4169950190989766e-07
YMR108W,YLR330W,1.0813320013437332e-15
YMR108W,YBR129C,0.8751277327537537
YMR108W,YKR095W-A,0.2020167112350464
YMR108W,YPR075C,1.4617368833569344e-05
YMR108W,YMR198W,4.068862136108464e-09
YMR108W,YOR127W,1.122764992089742e-09
YMR108W,YDR264C,0.0035749361850321293
YMR108W,YLR110C,3.795894709668346e-10
YMR108W,YDR379W,8.676762780490677e-11
YMR108W,YDL100C,1.0883027911252654e-19
YMR108W,YHR073W,1.5118081231335623e-09
YMR108W,YJR090C,4.750095455863246e-11
YMR108W,YOR208W,1.6340456765462363e-10
YMR108W,YBR040W,1.0493432511804457e-11
YMR108W,YNL279W,2.536192826932404e-15
YMR108W,YER075C,4.7130572056630626e-05
YMR108W,YCR089W,6.0379716160241514e-05
YMR108W,YCR002C,1.2885029848641594e-11
YMR108W,YJL108C,1.095119871521999e-12
YMR108W,YBR200W,7.970089588305029e-10
YMR108W,YIL026C,4.898728533930807e-08
YMR108W,YJR076C,1.7948902780728915e-11
YMR108W,YKR031C,3.941768511595001e-08
YMR108W,YPL192C,1.0432717317598872e-05
YMR108W,YHR107C,2.250475630502513e-12
YMR108W,YIL037C,9.683353077716284e-12
YMR108W,YPL156C,1.3531242757380824e-06
YMR108W,YIL117C,5.1622568442155625e-09
YMR108W,YHR066W,4.255325984559022e-05
YMR108W,YML085C,1.0696815479604993e-05
YMR108W,YML047C,2.8203883175592637e-06
YMR108W,YDR312W,3.398994067538297e-06
YMR108W,YFL037W,1.13583499702051e-13
YMR108W,YDL038C,0.2020167112350464
YMR108W,YDL039C,2.557436346251052e-05
YMR108W,YCL027W,1.67352354196737e-10
YMR108W,YML124C,6.53914940994477e-16
YMR108W,YGL053W,2.070102027573739e-06
YMR108W,YMR232W,3.9747649793753226e-07
YMR108W,YNL298W,1.181255093740674e-09
YMR108W,YGL099W,3.006342126354866e-07
YMR108W,YBL016W,1.833405510742736e-10
YMR108W,YAL041W,3.687922883743866e-11
YMR108W,YDR085C,1.3609090743216257e-08
YMR108W,YPL187W,1.4487291082332376e-05
YMR108W,YPL256C,1.978727937057556e-07
YMR108W,YDR461W,1.761001690607153e-13
YMR108W,YNL145W,1.5138546031087402e-27
tL(CAA)N,YDL165W,0.2020167112350464
tL(CAA)N,YGR059W,0.2020167112350464
tL(CAA)N,YBR109C,0.2020167112350464
tL(CAA)N,YJL080C,0.2020167112350464
tL(CAA)N,YCR093W,0.2020167112350464
tL(CAA)N,YIL122W,0.2020167112350464
tL(CAA)N,YCL029C,0.2020167112350464
tL(CAA)N,YNL173C,0.2020167112350464
tL(CAA)N,YLR452C,0.2020167112350464
tL(CAA)N,YDL160C,0.2020167112350464
tL(CAA)N,YLR229C,0.2020167112350464
tL(CAA)N,YML057W,0.2020167112350464
tL(CAA)N,YER149C,0.2020167112350464
tL(CAA)N,YMR305C,0.2020167112350464
tL(CAA)N,YLR433C,0.2020167112350464
tL(CAA)N,YJL073W,0.2020167112350464
tL(CAA)N,YGR279C,0.2020167112350464
tL(CAA)N,YKL190W,0.2020167112350464
tL(CAA)N,YGL089C,0.2020167112350464
tL(CAA)N,YJL019W,0.2020167112350464
tL(CAA)N,YJL018W,0.2020167112350464
tL(CAA)N,YNR032C-A,0.2020167112350464
tL(CAA)N,YGL178W,0.2020167112350464
tL(CAA)N,YKL116C,0.2020167112350464
tL(CAA)N,YDL214C,0.2020167112350464
tL(CAA)N,YLR362W,0.2020167112350464
tL(CAA)N,YER068W,0.2020167112350464
tL(CAA)N,YHR084W,0.2020167112350464
tL(CAA)N,YDR392W,0.2020167112350464
tL(CAA)N,YNL053W,0.2020167112350464
tL(CAA)N,YGR040W,0.2020167112350464
tL(CAA)N,YDL216C,0.2020167112350464
tL(CAA)N,YOL117W,0.2020167112350464
tL(CAA)N,YJR086W,0.2020167112350464
tL(CAA)N,YMR025W,0.2020167112350464
tL(CAA)N,YBR081C,0.2020167112350464
tL(CAA)N,YFL026W,0.2020167112350464
tL(CAA)N,YHL007C,0.2020167112350464
tL(CAA)N,YNR044W,0.2020167112350464
tL(CAA)N,YNL271C,0.2020167112350464
tL(CAA)N,YDR200C,0.2020167112350464
tL(CAA)N,YKL178C,0.2020167112350464
tL(CAA)N,YOR212W,0.2020167112350464
tL(CAA)N,YOL111C,0.2020167112350464
tL(CAA)N,YGL032C,0.2020167112350464
tL(CAA)N,YHR005C,0.2020167112350464
tL(CAA)N,YDR103W,0.2020167112350464
tL(CAA)N,YJR084W,0.2020167112350464
tL(CAA)N,YCL032W,0.2020167112350464
tL(CAA)N,YJL170C,0.2020167112350464
tL(CAA)N,YDR179C,0.2020167112350464
tL(CAA)N,YBR095C,0.2020167112350464
tL(CAA)N,YLL021W,0.2020167112350464
tL(CAA)N,YDL159W,0.2020167112350464
tL(CAA)N,YNL161W,0.2020167112350464
tL(CAA)N,YNL188W,0.2020167112350464
tL(CAA)N,YJL157C,0.2020167112350464
tL(CAA)N,YJL034W,0.2020167112350464
tL(CAA)N,YLR238W,0.2020167112350464
tL(CAA)N,YPR141C,0.2020167112350464
tL(CAA)N,YNL127W,0.2020167112350464
tL(CAA)N,YCL055W,0.2020167112350464
tL(CAA)N,YPR122W,0.2020167112350464
tL(CAA)N,YMR065W,0.2020167112350464
tL(CAA)N,YDR356W,0.2020167112350464
tL(CAA)N,YMR052W,0.2020167112350464
tL(CAA)N,YFR008W,0.2020167112350464
tL(CAA)N,YLL043W,0.2020167112350464
tL(CAA)N,YMR029C,0.2020167112350464
tL(CAA)N,YJR004C,0.2020167112350464
tL(CAA)N,YDL223C,0.2020167112350464
tL(CAA)N,YHR158C,0.2020167112350464
tL(CAA)N,YGR238C,0.2020167112350464
tL(CAA)N,YIL015W,0.2020167112350464
tL(CAA)N,YGL173C,0.2020167112350464
tL(CAA)N,YDL225W,0.2020167112350464
tL(CAA)N,YLR330W,0.2020167112350464
tL(CAA)N,YBR129C,0.2020167112350464
tL(CAA)N,YKR095W-A,0.2020167112350464
tL(CAA)N,YPR075C,0.2020167112350464
tL(CAA)N,YMR198W,0.2020167112350464
tL(CAA)N,YOR127W,0.2020167112350464
tL(CAA)N,YDR264C,0.2020167112350464
tL(CAA)N,YLR110C,0.2020167112350464
tL(CAA)N,YDR379W,0.2020167112350464
tL(CAA)N,YDL100C,0.2020167112350464
tL(CAA)N,YHR073W,0.2020167112350464
tL(CAA)N,YJR090C,0.2020167112350464
tL(CAA)N,YOR208W,0.2020167112350464
tL(CAA)N,YBR040W,0.2020167112350464
tL(CAA)N,YNL279W,0.2020167112350464
tL(CAA)N,YER075C,0.2020167112350464
tL(CAA)N,YCR089W,0.2020167112350464
tL(CAA)N,YCR002C,0.2020167112350464
tL(CAA)N,YJL108C,0.2020167112350464
tL(CAA)N,YBR200W,0.2020167112350464
tL(CAA)N,YIL026C,0.2020167112350464
tL(CAA)N,YJR076C,0.2020167112350464
tL(CAA)N,YKR031C,0.2020167112350464
tL(CAA)N,YPL192C,0.2020167112350464
tL(CAA)N,YHR107C,0.2020167112350464
tL(CAA)N,YIL037C,0.2020167112350464
tL(CAA)N,YPL156C,0.2020167112350464
tL(CAA)N,YIL117C,0.2020167112350464
tL(CAA)N,YHR066W,0.2020167112350464
tL(CAA)N,YML085C,0.2020167112350464
tL(CAA)N,YML047C,0.2020167112350464
tL(CAA)N,YDR312W,0.2020167112350464
tL(CAA)N,YFL037W,0.2020167112350464
tL(CAA)N,YDL038C,0.2020167112350464
tL(CAA)N,YDL039C,0.2020167112350464
tL(CAA)N,YCL027W,0.2020167112350464
tL(CAA)N,YML124C,0.2020167112350464
tL(CAA)N,YGL053W,0.2020167112350464
tL(CAA)N,YMR232W,0.2020167112350464
tL(CAA)N,YNL298W,0.2020167112350464
tL(CAA)N,YGL099W,0.2020167112350464
tL(CAA)N,YBL016W,0.2020167112350464
tL(CAA)N,YAL041W,0.2020167112350464
tL(CAA)N,YDR085C,0.2020167112350464
tL(CAA)N,YPL187W,0.2020167112350464
tL(CAA)N,YPL256C,0.2020167112350464
tL(CAA)N,YDR461W,0.2020167112350464
tL(CAA)N,YNL145W,0.2020167112350464
YJL128C,YDL165W,7.611533447970942e-08
YJL128C,YGR059W,8.950752089731395e-06
YJL128C,YBR109C,5.274107388686389e-05
YJL128C,YJL080C,0.042145024985075
YJL128C,YCR093W,0.00022565675317309797
YJL128C,YIL122W,6.849029887234792e-05
YJL128C,YCL029C,5.7785779716823527e-08
YJL128C,YNL173C,3.9405917418022796e-10
YJL128C,YLR452C,5.489075192599557e-06
YJL128C,YDL160C,0.3502167761325836
YJL128C,YLR229C,0.00037904854980297387
YJL128C,YML057W,0.0023688676301389933
YJL128C,YER149C,0.0022964365780353546
YJL128C,YMR305C,1.701031503154038e-11
YJL128C,YLR433C,0.004358564969152212
YJL128C,YJL073W,1.2634394919164293e-10
YJL128C,YGR279C,6.0093472711741924e-05
YJL128C,YKL190W,6.991903944708611e-09
YJL128C,YGL089C,0.0319928340613842
YJL128C,YJL019W,7.565270152554149e-06
YJL128C,YJL018W,0.00028453965205699205
YJL128C,YNR032C-A,0.6562246084213257
YJL128C,YGL178W,1.6793897827938054e-08
YJL128C,YKL116C,2.8024167022522306e-06
YJL128C,YDL214C,0.9999994039535522
YJL128C,YLR362W,3.742439002962783e-05
YJL128C,YER068W,1.972438185005032e-10
YJL128C,YHR084W,6.323602086411029e-09
YJL128C,YDR392W,5.428027094467325e-08
YJL128C,YNL053W,6.345776637317613e-05
YJL128C,YGR040W,0.08560512214899063
YJL128C,YDL216C,5.910248728469014e-05
YJL128C,YOL117W,0.1819479912519455
YJL128C,YJR086W,1.7900261828351915e-10
YJL128C,YMR025W,0.00019534959574230015
YJL128C,YBR081C,0.6498082876205444
YJL128C,YFL026W,0.00019662684644572437
YJL128C,YHL007C,6.722878606524318e-05
YJL128C,YNR044W,0.000168965823831968
YJL128C,YNL271C,0.4753977358341217
YJL128C,YDR200C,0.024023571982979774
YJL128C,YKL178C,0.9999843835830688
YJL128C,YOR212W,0.016486264765262604
YJL128C,YOL111C,4.775878551299684e-05
YJL128C,YGL032C,9.78700063569704e-06
YJL128C,YHR005C,0.6239482164382935
YJL128C,YDR103W,0.008593818172812462
YJL128C,YJR084W,5.285303927848872e-08
YJL128C,YCL032W,5.745620364905335e-05
YJL128C,YJL170C,5.060913463239558e-05
YJL128C,YDR179C,0.00016443127242382616
YJL128C,YBR095C,0.8686659336090088
YJL128C,YLL021W,9.96622233628841e-08
YJL128C,YDL159W,4.281859489196904e-08
YJL128C,YNL161W,1.3474985571804154e-08
YJL128C,YNL188W,0.0010288555640727282
YJL128C,YJL157C,0.00034173537278547883
YJL128C,YJL034W,9.384292232184066e-10
YJL128C,YLR238W,9.507296636002138e-05
YJL128C,YPR141C,7.706193372314374e-08
YJL128C,YNL127W,0.005791409872472286
YJL128C,YCL055W,0.012957926839590073
YJL128C,YPR122W,0.008044644258916378
YJL128C,YMR065W,0.9820685982704163
YJL128C,YDR356W,4.498127964325249e-05
YJL128C,YMR052W,0.5030782222747803
YJL128C,YFR008W,0.0020699931774288416
YJL128C,YLL043W,9.996511352028392e-08
YJL128C,YMR029C,1.8368359633313958e-06
YJL128C,YJR004C,1.8366787116974592e-05
YJL128C,YDL223C,1.5667931633090576e-13
YJL128C,YHR158C,4.229551905154949e-06
YJL128C,YGR238C,1.4032373873984483e-10
YJL128C,YIL015W,6.39958307147026e-05
YJL128C,YGL173C,0.0015413323417305946
YJL128C,YDL225W,3.269288208684884e-05
YJL128C,YLR330W,0.22811613976955414
YJL128C,YBR129C,0.34788432717323303
YJL128C,YKR095W-A,0.2020167112350464
YJL128C,YPR075C,2.3221216949309564e-08
YJL128C,YMR198W,1.3300249293024535e-06
YJL128C,YOR127W,0.0004319618456065655
YJL128C,YDR264C,2.583477787254651e-08
YJL128C,YLR110C,0.9985112547874451
YJL128C,YDR379W,0.8204224109649658
YJL128C,YDL100C,1.0857781944650924e-06
YJL128C,YHR073W,0.3882921040058136
YJL128C,YJR090C,0.03815233334898949
YJL128C,YOR208W,8.345563351497276e-09
YJL128C,YBR040W,2.3954351835442367e-09
YJL128C,YNL279W,0.02089516818523407
YJL128C,YER075C,0.9526993036270142
YJL128C,YCR089W,0.0031518975738435984
YJL128C,YCR002C,2.680450961634051e-05
YJL128C,YJL108C,0.006572793237864971
YJL128C,YBR200W,0.0031601034570485353
YJL128C,YIL026C,1.3406466678134166e-05
YJL128C,YJR076C,2.1514861145988107e-05
YJL128C,YKR031C,8.055192301981151e-05
YJL128C,YPL192C,2.989667109432048e-06
YJL128C,YHR107C,1.859246549429372e-05
YJL128C,YIL037C,1.4504109913104912e-08
YJL128C,YPL156C,0.0022074412554502487
YJL128C,YIL117C,6.001839574309997e-05
YJL128C,YHR066W,6.487213544126291e-11
YJL128C,YML085C,5.5519299166917335e-06
YJL128C,YML047C,6.274795683047785e-10
YJL128C,YDR312W,0.004359167069196701
YJL128C,YFL037W,0.00012350617907941341
YJL128C,YDL038C,0.2020167112350464
YJL128C,YDL039C,3.6193294455227898e-12
YJL128C,YCL027W,0.0960383266210556
YJL128C,YML124C,3.535729774739593e-05
YJL128C,YGL053W,0.29770052433013916
YJL128C,YMR232W,0.02335231937468052
YJL128C,YNL298W,0.03450821340084076
YJL128C,YGL099W,5.502999300688316e-08
YJL128C,YBL016W,1.89510577640762e-15
YJL128C,YAL041W,0.005386835429817438
YJL128C,YDR085C,0.0002944123698398471
YJL128C,YPL187W,0.01175327692180872
YJL128C,YPL256C,1.8454838937032036e-05
YJL128C,YDR461W,1.2706878882440265e-09
YJL128C,YNL145W,2.918502559623448e-07
YHR021C,YDL165W,0.00029108740272931755
YHR021C,YGR059W,5.465384447234101e-07
YHR021C,YBR109C,0.03717070445418358
YHR021C,YJL080C,0.9663680195808411
YHR021C,YCR093W,0.00027240667259320617
YHR021C,YIL122W,0.003062615869566798
YHR021C,YCL029C,4.601652670022105e-10
YHR021C,YNL173C,5.728933319915086e-05
YHR021C,YLR452C,8.811746887715799e-09
YHR021C,YDL160C,3.102161395804651e-15
YHR021C,YLR229C,7.889007780370605e-10
YHR021C,YML057W,7.449558818150515e-17
YHR021C,YER149C,4.465036951284418e-10
YHR021C,YMR305C,6.142283730248277e-12
YHR021C,YLR433C,1.2499732520154794e-06
YHR021C,YJL073W,1.7476676772432143e-09
YHR021C,YGR279C,4.825754726378584e-11
YHR021C,YKL190W,2.0876940313215714e-13
YHR021C,YGL089C,3.0092428549011174e-11
YHR021C,YJL019W,0.12681466341018677
YHR021C,YJL018W,0.00011170090147061273
YHR021C,YNR032C-A,9.327503903477918e-06
YHR021C,YGL178W,2.6012565967903356e-07
YHR021C,YKL116C,3.945545022374076e-19
YHR021C,YDL214C,0.0010873231803998351
YHR021C,YLR362W,3.0835223263636635e-10
YHR021C,YER068W,1.8265407561557367e-05
YHR021C,YHR084W,7.159096926390163e-11
YHR021C,YDR392W,3.655469845398329e-05
YHR021C,YNL053W,1.705285904686168e-16
YHR021C,YGR040W,2.7428253002170777e-09
YHR021C,YDL216C,0.00011250712123000994
YHR021C,YOL117W,2.68136446206213e-12
YHR021C,YJR086W,0.00019217233057133853
YHR021C,YMR025W,3.956883301725611e-05
YHR021C,YBR081C,8.308138035317825e-07
YHR021C,YFL026W,9.284620294813806e-11
YHR021C,YHL007C,2.0508206244329585e-09
YHR021C,YNR044W,1.2054208325951166e-11
YHR021C,YNL271C,1.8960324976724507e-10
YHR021C,YDR200C,2.3950743610612335e-09
YHR021C,YKL178C,1.6623225747025572e-05
YHR021C,YOR212W,1.5772823585419316e-12
YHR021C,YOL111C,1.2880476850038458e-12
YHR021C,YGL032C,9.878630032045255e-13
YHR021C,YHR005C,3.6442884265852626e-08
YHR021C,YDR103W,1.9626677385531366e-06
YHR021C,YJR084W,5.600260652351835e-14
YHR021C,YCL032W,7.979070505825803e-05
YHR021C,YJL170C,5.4795029427623376e-05
YHR021C,YDR179C,1.0045025228277993e-10
YHR021C,YBR095C,1.0742821077158737e-09
YHR021C,YLL021W,3.1884781037661014e-08
YHR021C,YDL159W,3.4926935654766567e-07
YHR021C,YNL161W,1.679016509159581e-10
YHR021C,YNL188W,0.003922920674085617
YHR021C,YJL157C,5.489046136937764e-16
YHR021C,YJL034W,6.76608065382163e-16
YHR021C,YLR238W,2.102775592538464e-10
YHR021C,YPR141C,1.3558468583974026e-11
YHR021C,YNL127W,3.5622573779647837e-09
YHR021C,YCL055W,7.831901238652961e-10
YHR021C,YPR122W,4.755028203362599e-05
YHR021C,YMR065W,0.026171552017331123
YHR021C,YDR356W,3.6791881541375915e-08
YHR021C,YMR052W,8.723624600470714e-11
YHR021C,YFR008W,6.191054353621439e-07
YHR021C,YLL043W,0.04628730192780495
YHR021C,YMR029C,6.904272279221156e-15
YHR021C,YJR004C,0.0014943634159862995
YHR021C,YDL223C,3.9683597350045065e-23
YHR021C,YHR158C,6.661920082251527e-08
YHR021C,YGR238C,3.093320912934158e-16
YHR021C,YIL015W,9.451122195969219e-08
YHR021C,YGL173C,7.187011541454069e-10
YHR021C,YDL225W,3.384388038915609e-12
YHR021C,YLR330W,2.9368423925396625e-12
YHR021C,YBR129C,1.8560794501354394e-07
YHR021C,YKR095W-A,0.2020167112350464
YHR021C,YPR075C,1.7951693465079188e-09
YHR021C,YMR198W,3.233557492876571e-07
YHR021C,YOR127W,2.3118380040182407e-12
YHR021C,YDR264C,1.6746609795507267e-13
YHR021C,YLR110C,2.9378361702392595e-18
YHR021C,YDR379W,0.00011134910891996697
YHR021C,YDL100C,6.261927781858745e-11
YHR021C,YHR073W,2.7031330681990965e-15
YHR021C,YJR090C,1.7859379339985049e-13
YHR021C,YOR208W,0.000140519900014624
YHR021C,YBR040W,0.11339889466762543
YHR021C,YNL279W,2.5240938228421328e-08
YHR021C,YER075C,3.3345932681783097e-09
YHR021C,YCR089W,3.755900798707579e-11
YHR021C,YCR002C,5.0669787015067413e-05
YHR021C,YJL108C,1.3228104375762051e-11
YHR021C,YBR200W,7.66489378393277e-17
YHR021C,YIL026C,2.2654036632707708e-11
YHR021C,YJR076C,0.0022373057436197996
YHR021C,YKR031C,0.008391095325350761
YHR021C,YPL192C,0.0023082022089511156
YHR021C,YHR107C,1.7865545487438794e-07
YHR021C,YIL037C,0.0008727949461899698
YHR021C,YPL156C,0.01368540246039629
YHR021C,YIL117C,5.304400148287147e-12
YHR021C,YHR066W,1.0295379132552185e-11
YHR021C,YML085C,4.73592606103912e-12
YHR021C,YML047C,0.9998576641082764
YHR021C,YDR312W,1.5722482994348641e-12
YHR021C,YFL037W,1.359568846392989e-10
YHR021C,YDL038C,0.2020167112350464
YHR021C,YDL039C,1.4894623034944487e-10
YHR021C,YCL027W,1.1730273870302899e-11
YHR021C,YML124C,3.1627991892158036e-10
YHR021C,YGL053W,2.153721506692463e-10
YHR021C,YMR232W,0.9999023675918579
YHR021C,YNL298W,7.990628319021198e-07
YHR021C,YGL099W,4.453312284907751e-12
YHR021C,YBL016W,1.605655644792807e-14
YHR021C,YAL041W,9.344715223846833e-09
YHR021C,YDR085C,0.0032948972657322884
YHR021C,YPL187W,0.0006619254709221423
YHR021C,YPL256C,5.673759240210074e-10
YHR021C,YDR461W,2.0551550505842897e-07
YHR021C,YNL145W,2.2351789168183808e-15
YDL056W,YDL165W,2.39633081946522e-05
YDL056W,YGR059W,1.5309376191419079e-15
YDL056W,YBR109C,0.043483246117830276
YDL056W,YJL080C,2.845193769474008e-08
YDL056W,YCR093W,0.022846069186925888
YDL056W,YIL122W,2.7552326642421576e-08
YDL056W,YCL029C,1.8121291134320927e-07
YDL056W,YNL173C,8.503982407148669e-09
YDL056W,YLR452C,2.0217652490828186e-05
YDL056W,YDL160C,3.331751941004768e-05
YDL056W,YLR229C,1.525076939734582e-11
YDL056W,YML057W,0.0072553521022200584
YDL056W,YER149C,3.840840839819393e-12
YDL056W,YMR305C,3.035376838766979e-09
YDL056W,YLR433C,9.478347237745766e-06
YDL056W,YJL073W,3.2998508981731123e-13
YDL056W,YGR279C,3.171647666722066e-11
YDL056W,YKL190W,0.8621761202812195
YDL056W,YGL089C,2.342581857661674e-11
YDL056W,YJL019W,4.3243925801350613e-11
YDL056W,YJL018W,0.07539473474025726
YDL056W,YNR032C-A,0.9903072118759155
YDL056W,YGL178W,5.45894891790244e-11
YDL056W,YKL116C,1.921965841686357e-12
YDL056W,YDL214C,0.04971881955862045
YDL056W,YLR362W,4.83813948903844e-07
YDL056W,YER068W,6.587678740288538e-07
YDL056W,YHR084W,0.002635616809129715
YDL056W,YDR392W,1.844216967583634e-05
YDL056W,YNL053W,1.7966891391552053e-05
YDL056W,YGR040W,2.9567072488134727e-05
YDL056W,YDL216C,0.022975480183959007
YDL056W,YOL117W,0.0001253142108907923
YDL056W,YJR086W,2.4599177777417935e-05
YDL056W,YMR025W,0.002956151030957699
YDL056W,YBR081C,2.700280674616806e-07
YDL056W,YFL026W,0.0006536940927617252
YDL056W,YHL007C,7.323895715671824e-06
YDL056W,YNR044W,0.8661361932754517
YDL056W,YNL271C,0.005890303291380405
YDL056W,YDR200C,2.270181376218261e-09
YDL056W,YKL178C,4.552393875201233e-05
YDL056W,YOR212W,1.903690316495954e-09
YDL056W,YOL111C,9.960098067487988e-13
YDL056W,YGL032C,0.1972953826189041
YDL056W,YHR005C,3.955212014261633e-05
YDL056W,YDR103W,7.560225299130252e-07
YDL056W,YJR084W,3.391693826415576e-05
YDL056W,YCL032W,0.0018250950379297137
YDL056W,YJL170C,0.8015596866607666
YDL056W,YDR179C,3.755992793230689e-06
YDL056W,YBR095C,4.546155452089806e-08
YDL056W,YLL021W,3.2307610808857135e-08
YDL056W,YDL159W,3.566527073672887e-09
YDL056W,YNL161W,2.540305965581524e-09
YDL056W,YNL188W,0.7510538697242737
YDL056W,YJL157C,1.3623482118418906e-05
YDL056W,YJL034W,4.111737339496102e-10
YDL056W,YLR238W,4.6429988326268656e-11
YDL056W,YPR141C,0.00015590325347147882
YDL056W,YNL127W,1.7505406846307636e-12
YDL056W,YCL055W,0.0002313837467227131
YDL056W,YPR122W,0.06101112440228462
YDL056W,YMR065W,9.990884564103908e-07
YDL056W,YDR356W,0.00011831690062535927
YDL056W,YMR052W,3.914322951459326e-05
YDL056W,YFR008W,4.589951458910946e-06
YDL056W,YLL043W,4.300603960677527e-15
YDL056W,YMR029C,5.1016225965927475e-11
YDL056W,YJR004C,2.3386019787352552e-09
YDL056W,YDL223C,2.6075503001266043e-07
YDL056W,YHR158C,3.0634695576736704e-05
YDL056W,YGR238C,1.582162813306212e-13
YDL056W,YIL015W,0.0003737359365914017
YDL056W,YGL173C,0.3337221145629883
YDL056W,YDL225W,1.1493056284450631e-08
YDL056W,YLR330W,2.2058185322748614e-07
YDL056W,YBR129C,0.002530665835365653
YDL056W,YKR095W-A,0.2020167112350464
YDL056W,YPR075C,0.003721031593158841
YDL056W,YMR198W,1.7746781821870172e-09
YDL056W,YOR127W,0.0007248565088957548
YDL056W,YDR264C,1.2696649287491368e-10
YDL056W,YLR110C,1.8324194939189908e-10
YDL056W,YDR379W,1.668571258051088e-06
YDL056W,YDL100C,7.05466934869392e-11
YDL056W,YHR073W,2.2736787741450826e-06
YDL056W,YJR090C,6.502763767457509e-07
YDL056W,YOR208W,1.1403191138015245e-06
YDL056W,YBR040W,0.011428764089941978
YDL056W,YNL279W,0.0009809437906369567
YDL056W,YER075C,3.246174310334027e-05
YDL056W,YCR089W,1.1260477776886546e-06
YDL056W,YCR002C,1.626876837690361e-05
YDL056W,YJL108C,0.9997606873512268
YDL056W,YBR200W,2.6614259684976105e-09
YDL056W,YIL026C,0.8108165860176086
YDL056W,YJR076C,3.0184993393689297e-10
YDL056W,YKR031C,6.149748710271297e-09
YDL056W,YPL192C,2.2723462000939776e-10
YDL056W,YHR107C,9.437692849445511e-10
YDL056W,YIL037C,7.943930313558667e-07
YDL056W,YPL156C,5.396449296313222e-07
YDL056W,YIL117C,7.225214204709118e-08
YDL056W,YHR066W,6.1475099624963515e-16
YDL056W,YML085C,1.723544755805051e-07
YDL056W,YML047C,0.0487552285194397
YDL056W,YDR312W,0.00039424776332452893
YDL056W,YFL037W,1.1058753443649039e-05
YDL056W,YDL038C,0.2020167112350464
YDL056W,YDL039C,6.297146506496765e-13
YDL056W,YCL027W,0.003260005032643676
YDL056W,YML124C,6.714265509679893e-14
YDL056W,YGL053W,0.0009758468368090689
YDL056W,YMR232W,0.9528142213821411
YDL056W,YNL298W,0.0003100926987826824
YDL056W,YGL099W,5.769479116679577e-09
YDL056W,YBL016W,9.133610774370027e-07
YDL056W,YAL041W,3.748353628907353e-05
YDL056W,YDR085C,0.14816799759864807
YDL056W,YPL187W,1.1976810654346082e-08
YDL056W,YPL256C,5.286281634653278e-08
YDL056W,YDR461W,0.8244591355323792
YDL056W,YNL145W,0.00040872927638702095
YER014W,YDL165W,1.0002591643853975e-08
YER014W,YGR059W,4.236682826785909e-08
YER014W,YBR109C,1.52472079406607e-09
YER014W,YJL080C,4.4623887782624036e-14
YER014W,YCR093W,3.4919016798085067e-06
YER014W,YIL122W,6.716891789437796e-07
YER014W,YCL029C,9.073773732382051e-09
YER014W,YNL173C,6.762520854408649e-08
YER014W,YLR452C,6.85151988477628e-08
YER014W,YDL160C,1.93598942432871e-10
YER014W,YLR229C,2.5553920992313437e-15
YER014W,YML057W,1.1609661842992836e-10
YER014W,YER149C,9.308696036214315e-08
YER014W,YMR305C,8.067390240285022e-07
YER014W,YLR433C,1.806746574573026e-08
YER014W,YJL073W,6.322847264885649e-15
YER014W,YGR279C,6.688830580969807e-06
YER014W,YKL190W,5.4467905880040135e-11
YER014W,YGL089C,7.301252491487276e-09
YER014W,YJL019W,9.662819138611667e-06
YER014W,YJL018W,0.017439525574445724
YER014W,YNR032C-A,1.9513803636073135e-05
YER014W,YGL178W,3.7697764128097333e-06
YER014W,YKL116C,4.922915200489264e-11
YER014W,YDL214C,9.74587024415996e-08
YER014W,YLR362W,9.446935421431046e-13
YER014W,YER068W,3.9215402125591936e-07
YER014W,YHR084W,6.2945293421989845e-09
YER014W,YDR392W,7.910584964854195e-10
YER014W,YNL053W,3.736341022886336e-05
YER014W,YGR040W,6.1719174482277595e-06
YER014W,YDL216C,1.7496021298413211e-09
YER014W,YOL117W,2.482064553888108e-10
YER014W,YJR086W,1.7218084596981598e-11
YER014W,YMR025W,4.6655384416949275e-11
YER014W,YBR081C,9.033193748564372e-09
YER014W,YFL026W,5.7360347582857685e-09
YER014W,YHL007C,1.2394608950305752e-10
YER014W,YNR044W,1.5747160659884685e-06
YER014W,YNL271C,5.610612333839526e-06
YER014W,YDR200C,4.9750883590604644e-06
YER014W,YKL178C,1.4479765013675205e-06
YER014W,YOR212W,5.970150428502488e-18
YER014W,YOL111C,0.000652541930321604
YER014W,YGL032C,1.9855367838772509e-07
YER014W,YHR005C,1.652247136748827e-15
YER014W,YDR103W,0.00026405754033476114
YER014W,YJR084W,1.396565529887539e-09
YER014W,YCL032W,1.6077895281796373e-07
YER014W,YJL170C,0.0011701632756739855
YER014W,YDR179C,4.0614300117480795e-11
YER014W,YBR095C,8.460380833408276e-13
YER014W,YLL021W,2.8683722555494654e-16
YER014W,YDL159W,1.9804479237106598e-11
YER014W,YNL161W,1.9569601136026904e-05
YER014W,YNL188W,4.4045965097438966e-08
YER014W,YJL157C,1.0457497904734978e-13
YER014W,YJL034W,5.864659313736809e-10
YER014W,YLR238W,2.8766581131045577e-11
YER014W,YPR141C,2.2955151217505012e-19
YER014W,YNL127W,8.172555077123889e-09
YER014W,YCL055W,1.2696323103966733e-08
YER014W,YPR122W,0.0005147132324054837
YER014W,YMR065W,2.949139457086858e-07
YER014W,YDR356W,2.7212724944547517e-06
YER014W,YMR052W,6.414130439225119e-06
YER014W,YFR008W,1.0637396030688251e-07
YER014W,YLL043W,6.591417166141873e-16
YER014W,YMR029C,7.076309316289553e-08
YER014W,YJR004C,1.7410399788531095e-09
YER014W,YDL223C,5.178204103536749e-16
YER014W,YHR158C,1.3634856088629022e-07
YER014W,YGR238C,6.0952156673010904e-06
YER014W,YIL015W,0.0033056444954127073
YER014W,YGL173C,7.821749914427301e-10
YER014W,YDL225W,3.024142714025402e-09
YER014W,YLR330W,4.024514228817555e-12
YER014W,YBR129C,7.482180430784524e-10
YER014W,YKR095W-A,0.2020167112350464
YER014W,YPR075C,2.9066524187548737e-10
YER014W,YMR198W,0.0014635551488026977
YER014W,YOR127W,6.668765877293481e-07
YER014W,YDR264C,6.241962242220511e-12
YER014W,YLR110C,0.0002956973621621728
YER014W,YDR379W,4.711112833177822e-09
YER014W,YDL100C,3.761368820576205e-12
YER014W,YHR073W,1.4374631973623764e-07
YER014W,YJR090C,2.608072691145935e-07
YER014W,YOR208W,1.5144413348567752e-15
YER014W,YBR040W,8.188308856915683e-05
YER014W,YNL279W,1.015182249375357e-07
YER014W,YER075C,2.2850410459795967e-05
YER014W,YCR089W,7.430905890615236e-11
YER014W,YCR002C,1.4790660626058834e-15
YER014W,YJL108C,3.678392204164993e-07
YER014W,YBR200W,5.662586133325931e-08
YER014W,YIL026C,0.9846433401107788
YER014W,YJR076C,7.677481046741708e-12
YER014W,YKR031C,9.263381728352726e-10
YER014W,YPL192C,2.3552733097176315e-08
YER014W,YHR107C,1.1324694185425047e-16
YER014W,YIL037C,4.49956496595405e-06
YER014W,YPL156C,3.3834302826107887e-07
YER014W,YIL117C,9.828276233747602e-06
YER014W,YHR066W,2.2209852013066467e-11
YER014W,YML085C,7.119548561502034e-16
YER014W,YML047C,0.41363704204559326
YER014W,YDR312W,3.6318683669378515e-06
YER014W,YFL037W,6.136528053280257e-14
YER014W,YDL038C,0.2020167112350464
YER014W,YDL039C,1.259118156959893e-11
YER014W,YCL027W,0.003942578099668026
YER014W,YML124C,1.3603249386304195e-12
YER014W,YGL053W,8.931438060244545e-07
YER014W,YMR232W,8.353681914741173e-05
YER014W,YNL298W,2.15978088817792e-05
YER014W,YGL099W,9.360816698916552e-18
YER014W,YBL016W,1.6727470892874408e-06
YER014W,YAL041W,1.7712125169322412e-12
YER014W,YDR085C,7.559678749657905e-08
YER014W,YPL187W,1.69849156961277e-09
YER014W,YPL256C,8.343469665161862e-11
YER014W,YDR461W,0.14808809757232666
YER014W,YNL145W,0.00017533365462440997
YNL032W,YDL165W,3.338979483527571e-12
YNL032W,YGR059W,1.624418109713588e-05
YNL032W,YBR109C,0.09166575968265533
YNL032W,YJL080C,1.5794463514851032e-09
YNL032W,YCR093W,0.00031338780536316335
YNL032W,YIL122W,7.977853755392061e-08
YNL032W,YCL029C,1.505168906179577e-11
YNL032W,YNL173C,2.3454724829008455e-09
YNL032W,YLR452C,5.604294710792601e-05
YNL032W,YDL160C,0.00011157379776705056
YNL032W,YLR229C,2.20599211640804e-12
YNL032W,YML057W,5.459503404914301e-10
YNL032W,YER149C,4.7317101348198776e-08
YNL032W,YMR305C,4.49973258653813e-09
YNL032W,YLR433C,6.502831979560142e-07
YNL032W,YJL073W,4.03678484417469e-07
YNL032W,YGR279C,8.007256191433498e-09
YNL032W,YKL190W,0.004133544396609068
YNL032W,YGL089C,5.227320798439905e-10
YNL032W,YJL019W,6.978941621653412e-16
YNL032W,YJL018W,0.0014908285811543465
YNL032W,YNR032C-A,7.84653025220905e-07
YNL032W,YGL178W,5.142852751305327e-05
YNL032W,YKL116C,0.051566317677497864
YNL032W,YDL214C,1.8232827642350458e-05
YNL032W,YLR362W,2.5920152690872555e-09
YNL032W,YER068W,7.983094860719575e-07
YNL032W,YHR084W,9.704807096833079e-11
YNL032W,YDR392W,3.4194891895822366e-07
YNL032W,YNL053W,1.4191326336288057e-08
YNL032W,YGR040W,5.176165700504498e-07
YNL032W,YDL216C,3.8877335378773026e-11
YNL032W,YOL117W,6.399673846413378e-11
YNL032W,YJR086W,2.1561282537163606e-08
YNL032W,YMR025W,1.6409678060824717e-09
YNL032W,YBR081C,7.260150880483707e-08
YNL032W,YFL026W,3.440486011641042e-07
YNL032W,YHL007C,1.1982889191131108e-05
YNL032W,YNR044W,6.733766326760815e-07
YNL032W,YNL271C,1.160766274765912e-11
YNL032W,YDR200C,6.585716000317987e-11
YNL032W,YKL178C,1.9448134214172796e-09
YNL032W,YOR212W,5.2670516197395045e-06
YNL032W,YOL111C,1.473186698498774e-12
YNL032W,YGL032C,0.0008469142485409975
YNL032W,YHR005C,1.639985147683376e-09
YNL032W,YDR103W,1.9209912807127694e-06
YNL032W,YJR084W,1.1468618943411002e-08
YNL032W,YCL032W,2.9756731123598e-07
YNL032W,YJL170C,2.931587417265291e-08
YNL032W,YDR179C,1.9726871503499e-13
YNL032W,YBR095C,1.952966321994154e-08
YNL032W,YLL021W,4.72352724045777e-07
YNL032W,YDL159W,2.055985532933846e-05
YNL032W,YNL161W,6.585367806621889e-10
YNL032W,YNL188W,7.21409113002558e-11
YNL032W,YJL157C,0.0010174830676987767
YNL032W,YJL034W,1.0069180054637569e-13
YNL032W,YLR238W,1.4206892329227117e-09
YNL032W,YPR141C,3.856823127534881e-07
YNL032W,YNL127W,3.2968183846966703e-13
YNL032W,YCL055W,1.0676137057741286e-11
YNL032W,YPR122W,1.153828725364292e-05
YNL032W,YMR065W,2.7508185667102225e-05
YNL032W,YDR356W,2.65899984697171e-07
YNL032W,YMR052W,4.714181822684793e-11
YNL032W,YFR008W,1.1752081974236717e-08
YNL032W,YLL043W,8.204644927900517e-07
YNL032W,YMR029C,2.570031121251759e-08
YNL032W,YJR004C,1.606651617303001e-10
YNL032W,YDL223C,2.7971455707209714e-10
YNL032W,YHR158C,5.816201964492507e-10
YNL032W,YGR238C,1.0651206999723328e-10
YNL032W,YIL015W,6.745644350303337e-05
YNL032W,YGL173C,2.1971487129679446e-12
YNL032W,YDL225W,8.751251459604426e-12
YNL032W,YLR330W,1.5969771078455652e-12
YNL032W,YBR129C,4.080478538526222e-05
YNL032W,YKR095W-A,0.2020167112350464
YNL032W,YPR075C,4.685628240963524e-08
YNL032W,YMR198W,0.006010788027197123
YNL032W,YOR127W,1.3676074162027874e-11
YNL032W,YDR264C,6.122099355243549e-11
YNL032W,YLR110C,6.259604379971195e-13
YNL032W,YDR379W,1.395840387719005e-10
YNL032W,YDL100C,0.1666276901960373
YNL032W,YHR073W,2.1710824249510097e-09
YNL032W,YJR090C,3.1169943071063244e-08
YNL032W,YOR208W,8.16946094106541e-11
YNL032W,YBR040W,3.7840293316548923e-06
YNL032W,YNL279W,1.5172000757956994e-06
YNL032W,YER075C,1.6410654302481675e-12
YNL032W,YCR089W,3.181768182258793e-10
YNL032W,YCR002C,1.784500044748564e-14
YNL032W,YJL108C,0.00011621551675489172
YNL032W,YBR200W,4.891326008642097e-15
YNL032W,YIL026C,7.134678889997303e-05
YNL032W,YJR076C,3.196281017636693e-10
YNL032W,YKR031C,1.7801941032402624e-09
YNL032W,YPL192C,0.0021660495549440384
YNL032W,YHR107C,3.3402843655494507e-06
YNL032W,YIL037C,1.3918382002486851e-08
YNL032W,YPL156C,7.0298568743965e-08
YNL032W,YIL117C,2.1909582414991746e-07
YNL032W,YHR066W,1.2247776339791017e-06
YNL032W,YML085C,0.007667986210435629
YNL032W,YML047C,0.0020584948360919952
YNL032W,YDR312W,8.37643619888695e-06
YNL032W,YFL037W,4.248462914802076e-09
YNL032W,YDL038C,0.2020167112350464
YNL032W,YDL039C,1.998446026051576e-18
YNL032W,YCL027W,2.478310406965308e-16
YNL032W,YML124C,8.913494942142108e-12
YNL032W,YGL053W,0.16507716476917267
YNL032W,YMR232W,2.3965912987478077e-05
YNL032W,YNL298W,2.9340865292937224e-09
YNL032W,YGL099W,6.935722751677531e-08
YNL032W,YBL016W,9.878134733298793e-06
YNL032W,YAL041W,6.100293603594764e-10
YNL032W,YDR085C,6.355357839993303e-08
YNL032W,YPL187W,0.00020605827739927918
YNL032W,YPL256C,8.187855564756319e-05
YNL032W,YDR461W,6.102731475721157e-08
YNL032W,YNL145W,0.0011938124662265182
YKR066C,YDL165W,1.1576427316750681e-10
YKR066C,YGR059W,1.29974898754881e-06
YKR066C,YBR109C,5.522611445485381e-06
YKR066C,YJL080C,5.895402980897468e-13
YKR066C,YCR093W,6.006512649037177e-06
YKR066C,YIL122W,0.9996021389961243
YKR066C,YCL029C,3.627813313969962e-14
YKR066C,YNL173C,4.5934402947978015e-08
YKR066C,YLR452C,1.975038369815877e-15
YKR066C,YDL160C,0.0002807254495564848
YKR066C,YLR229C,2.907515342107981e-15
YKR066C,YML057W,8.908693227560605e-10
YKR066C,YER149C,5.827122549817432e-06
YKR066C,YMR305C,7.190379680012925e-15
YKR066C,YLR433C,2.0018964278278872e-05
YKR066C,YJL073W,4.369288763874525e-18
YKR066C,YGR279C,2.9353554054978304e-05
YKR066C,YKL190W,1.7795284179555892e-07
YKR066C,YGL089C,0.008545324206352234
YKR066C,YJL019W,1.225456069953168e-09
YKR066C,YJL018W,0.11635398119688034
YKR066C,YNR032C-A,0.003383294213563204
YKR066C,YGL178W,0.00024080950242932886
YKR066C,YKL116C,4.0293919312262005e-08
YKR066C,YDL214C,0.0037683253176510334
YKR066C,YLR362W,0.06652078032493591
YKR066C,YER068W,3.831066663906313e-08
YKR066C,YHR084W,2.7778562783353777e-10
YKR066C,YDR392W,1.3655390837183368e-13
YKR066C,YNL053W,2.2524240250731964e-07
YKR066C,YGR040W,5.183554549148539e-06
YKR066C,YDL216C,0.0063607217743992805
YKR066C,YOL117W,1.260909812117461e-07
YKR066C,YJR086W,0.09378836303949356
YKR066C,YMR025W,0.009131520055234432
YKR066C,YBR081C,4.346968618396119e-11
YKR066C,YFL026W,9.975018588903595e-10
YKR066C,YHL007C,1.1667972898976586e-07
YKR066C,YNR044W,0.0025853465776890516
YKR066C,YNL271C,6.211709206900562e-13
YKR066C,YDR200C,9.620026020229488e-08
YKR066C,YKL178C,0.9726461172103882
YKR066C,YOR212W,1.063785816768359e-06
YKR066C,YOL111C,1.717831099590228e-09
YKR066C,YGL032C,3.00136543222862e-12
YKR066C,YHR005C,1.5310385492739442e-07
YKR066C,YDR103W,4.433084177435376e-05
YKR066C,YJR084W,9.2520754946257e-11
YKR066C,YCL032W,3.724851538322582e-08
YKR066C,YJL170C,5.118440393747647e-13
YKR066C,YDR179C,7.219895495972066e-16
YKR066C,YBR095C,4.171484033577144e-05
YKR066C,YLL021W,2.0129797828616347e-10
YKR066C,YDL159W,2.6377580675251977e-10
YKR066C,YNL161W,0.01520142238587141
YKR066C,YNL188W,1.2091488400811645e-11
YKR066C,YJL157C,1.585716933906738e-15
YKR066C,YJL034W,5.475724908221569e-12
YKR066C,YLR238W,1.0068956335373969e-08
YKR066C,YPR141C,3.151496286157851e-10
YKR066C,YNL127W,5.379103822633624e-05
YKR066C,YCL055W,5.1165500281058485e-08
YKR066C,YPR122W,6.055559699513768e-13
YKR066C,YMR065W,3.259237246311386e-06
YKR066C,YDR356W,3.6107675877028456e-11
YKR066C,YMR052W,2.586602079190925e-07
YKR066C,YFR008W,4.938695979950225e-11
YKR066C,YLL043W,1.0497007679077797e-05
YKR066C,YMR029C,9.43274880427225e-09
YKR066C,YJR004C,2.0623509844330812e-11
YKR066C,YDL223C,1.4159200478758294e-09
YKR066C,YHR158C,2.7927447680820006e-12
YKR066C,YGR238C,2.1334147959350958e-07
YKR066C,YIL015W,5.105379704742731e-15
YKR066C,YGL173C,0.0004926902474835515
YKR066C,YDL225W,3.972668594087736e-08
YKR066C,YLR330W,2.49373414362708e-07
YKR066C,YBR129C,4.6398254127666405e-09
YKR066C,YKR095W-A,0.2020167112350464
YKR066C,YPR075C,7.334768209465992e-12
YKR066C,YMR198W,1.778950736719409e-10
YKR066C,YOR127W,2.1397172228487804e-11
YKR066C,YDR264C,2.1591487708860768e-08
YKR066C,YLR110C,2.2341829775118782e-10
YKR066C,YDR379W,0.0032493595499545336
YKR066C,YDL100C,2.1762062638042146e-13
YKR066C,YHR073W,0.09699946641921997
YKR066C,YJR090C,3.886768354277592e-06
YKR066C,YOR208W,2.7583504057238084e-12
YKR066C,YBR040W,1.1820594409073237e-05
YKR066C,YNL279W,1.1065503981860791e-12
YKR066C,YER075C,4.52893327747006e-05
YKR066C,YCR089W,0.0005045042489655316
YKR066C,YCR002C,1.600025914424264e-16
YKR066C,YJL108C,5.782695963784182e-14
YKR066C,YBR200W,4.943028741877242e-08
YKR066C,YIL026C,2.250445489682118e-12
YKR066C,YJR076C,2.3391249825976956e-08
YKR066C,YKR031C,0.00011557928519323468
YKR066C,YPL192C,2.2661846357796556e-12
YKR066C,YHR107C,2.014098897131815e-16
YKR066C,YIL037C,1.2385778973111883e-05
YKR066C,YPL156C,0.652099072933197
YKR066C,YIL117C,0.0007846977678127587
YKR066C,YHR066W,5.87803078815341e-05
YKR066C,YML085C,5.772518418230624e-16
YKR066C,YML047C,9.8927455383091e-07
YKR066C,YDR312W,1.8889782099629215e-11
YKR066C,YFL037W,1.1401281018543984e-17
YKR066C,YDL038C,0.2020167112350464
YKR066C,YDL039C,1.295680647217523e-07
YKR066C,YCL027W,9.059161421021145e-09
YKR066C,YML124C,2.663521903034649e-10
YKR066C,YGL053W,3.4984328801945797e-12
YKR066C,YMR232W,0.027100421488285065
YKR066C,YNL298W,8.411878411607177e-07
YKR066C,YGL099W,1.701492419181605e-11
YKR066C,YBL016W,2.2513173462357372e-05
YKR066C,YAL041W,1.8476554730639805e-09
YKR066C,YDR085C,0.7109857201576233
YKR066C,YPL187W,0.7978317737579346
YKR066C,YPL256C,1.836419211153669e-17
YKR066C,YDR461W,2.5307240434117514e-14
YKR066C,YNL145W,8.68218420334993e-13
YNL014W,YDL165W,1.552516587510766e-10
YNL014W,YGR059W,1.825571871449938e-06
YNL014W,YBR109C,9.736153515405022e-06
YNL014W,YJL080C,2.8489748195202844e-22
YNL014W,YCR093W,2.091648116644626e-13
YNL014W,YIL122W,4.3644257652353247e-10
YNL014W,YCL029C,3.4593046649433745e-08
YNL014W,YNL173C,2.0825123847600935e-09
YNL014W,YLR452C,3.4809195526008807e-09
YNL014W,YDL160C,3.2514195481780916e-05
YNL014W,YLR229C,1.6487086566116722e-15
YNL014W,YML057W,3.3807842864195387e-14
YNL014W,YER149C,7.067753500511476e-13
YNL014W,YMR305C,1.202220543575867e-14
YNL014W,YLR433C,1.558697726444791e-09
YNL014W,YJL073W,1.6921045120632527e-10
YNL014W,YGR279C,1.1989712001003738e-10
YNL014W,YKL190W,1.0525152797924431e-13
YNL014W,YGL089C,5.3542019857457865e-14
YNL014W,YJL019W,0.0022589731961488724
YNL014W,YJL018W,0.0031955146696418524
YNL014W,YNR032C-A,0.47501471638679504
YNL014W,YGL178W,0.017345527186989784
YNL014W,YKL116C,1.8786010969051858e-06
YNL014W,YDL214C,0.0001638415560591966
YNL014W,YLR362W,2.882321390993835e-18
YNL014W,YER068W,5.3906796892988496e-06
YNL014W,YHR084W,8.064767603732648e-12
YNL014W,YDR392W,1.5596684534102678e-05
YNL014W,YNL053W,2.3776615876158758e-07
YNL014W,YGR040W,1.6174631127796602e-06
YNL014W,YDL216C,3.7361469473751185e-10
YNL014W,YOL117W,8.989068034847766e-14
YNL014W,YJR086W,3.697161066879007e-12
YNL014W,YMR025W,4.1152012353329326e-12
YNL014W,YBR081C,1.3210433280619327e-06
YNL014W,YFL026W,1.629357910815088e-07
YNL014W,YHL007C,5.1403366008173634e-09
YNL014W,YNR044W,6.945061272745079e-07
YNL014W,YNL271C,9.498922481920857e-12
YNL014W,YDR200C,2.4555933123338036e-05
YNL014W,YKL178C,1.268617433325403e-09
YNL014W,YOR212W,6.602886521643288e-18
YNL014W,YOL111C,1.6238942482371677e-11
YNL014W,YGL032C,6.718262149938217e-14
YNL014W,YHR005C,4.591854016129432e-16
YNL014W,YDR103W,0.014039487577974796
YNL014W,YJR084W,4.1703501139607815e-14
YNL014W,YCL032W,6.820739112400886e-11
YNL014W,YJL170C,0.010661846958100796
YNL014W,YDR179C,3.841317308683756e-08
YNL014W,YBR095C,5.551147388982436e-11
YNL014W,YLL021W,6.786974140245844e-14
YNL014W,YDL159W,1.0176662499361555e-06
YNL014W,YNL161W,1.2202284551676712e-06
YNL014W,YNL188W,6.703465500789221e-14
YNL014W,YJL157C,1.0262540683925181e-07
YNL014W,YJL034W,1.8162080455026708e-14
YNL014W,YLR238W,5.22679712844365e-08
YNL014W,YPR141C,4.335037829150679e-06
YNL014W,YNL127W,5.437649765885149e-17
YNL014W,YCL055W,3.0067788259202644e-09
YNL014W,YPR122W,1.897225258840063e-11
YNL014W,YMR065W,7.726090700543864e-08
YNL014W,YDR356W,2.595488012957503e-06
YNL014W,YMR052W,2.41675754929227e-12
YNL014W,YFR008W,1.593438803126901e-08
YNL014W,YLL043W,4.773578984895721e-05
YNL014W,YMR029C,1.431755672611705e-16
YNL014W,YJR004C,5.907979812036501e-07
YNL014W,YDL223C,1.133977747258541e-07
YNL014W,YHR158C,1.7706291544072883e-07
YNL014W,YGR238C,4.539506790024461e-06
YNL014W,YIL015W,8.12090547697153e-06
YNL014W,YGL173C,1.3368970030569471e-05
YNL014W,YDL225W,5.572453848183556e-13
YNL014W,YLR330W,2.089666439886173e-09
YNL014W,YBR129C,1.7272224113185075e-06
YNL014W,YKR095W-A,0.2020167112350464
YNL014W,YPR075C,1.042514163884789e-08
YNL014W,YMR198W,1.7984384612645954e-06
YNL014W,YOR127W,0.0005028359009884298
YNL014W,YDR264C,6.531166124416898e-14
YNL014W,YLR110C,8.513790817232803e-06
YNL014W,YDR379W,1.8100875887137186e-13
YNL014W,YDL100C,2.830879070058193e-17
YNL014W,YHR073W,1.506020339547831e-07
YNL014W,YJR090C,8.773459292399366e-09
YNL014W,YOR208W,1.0404779251724228e-12
YNL014W,YBR040W,0.0005693353596143425
YNL014W,YNL279W,2.146855748730303e-10
YNL014W,YER075C,1.7859191556168774e-11
YNL014W,YCR089W,2.1927397028775886e-05
YNL014W,YCR002C,2.15650089785413e-07
YNL014W,YJL108C,5.579156692192555e-08
YNL014W,YBR200W,2.6974794620215903e-10
YNL014W,YIL026C,2.7773752265050633e-13
YNL014W,YJR076C,5.555635378823309e-12
YNL014W,YKR031C,2.2305655420495896e-06
YNL014W,YPL192C,2.475270230206661e-05
YNL014W,YHR107C,3.293460610568483e-14
YNL014W,YIL037C,1.4427932806815313e-11
YNL014W,YPL156C,7.853235206231601e-13
YNL014W,YIL117C,7.767950165042832e-16
YNL014W,YHR066W,2.416215319464645e-22
YNL014W,YML085C,8.537415011361136e-16
YNL014W,YML047C,6.515746645163745e-05
YNL014W,YDR312W,9.22882811837944e-11
YNL014W,YFL037W,1.536789098754987e-11
YNL014W,YDL038C,0.2020167112350464
YNL014W,YDL039C,6.166111335413648e-16
YNL014W,YCL027W,1.2011553973678701e-09
YNL014W,YML124C,4.991929439257525e-11
YNL014W,YGL053W,4.299906353358437e-19
YNL014W,YMR232W,1.8804380275128096e-10
YNL014W,YNL298W,3.4244911593928062e-12
YNL014W,YGL099W,7.920266643657458e-20
YNL014W,YBL016W,0.025129375979304314
YNL014W,YAL041W,3.5406035436835737e-08
YNL014W,YDR085C,3.0232901685606217e-12
YNL014W,YPL187W,4.26068333175475e-13
YNL014W,YPL256C,8.734953949388058e-13
YNL014W,YDR461W,2.968897236345011e-14
YNL014W,YNL145W,3.480107868547577e-10
YBL032W,YDL165W,6.616372047574259e-06
YBL032W,YGR059W,3.229197464982292e-11
YBL032W,YBR109C,3.185793502780143e-06
YBL032W,YJL080C,0.0013416768051683903
YBL032W,YCR093W,2.2768706912756898e-05
YBL032W,YIL122W,3.091010630570522e-15
YBL032W,YCL029C,1.3155458944424936e-08
YBL032W,YNL173C,0.015225340612232685
YBL032W,YLR452C,0.5167467594146729
YBL032W,YDL160C,0.791123628616333
YBL032W,YLR229C,1.4772645329230727e-07
YBL032W,YML057W,2.6014606024915565e-09
YBL032W,YER149C,0.0029556788504123688
YBL032W,YMR305C,7.546121878476697e-07
YBL032W,YLR433C,1.2486992090998683e-05
YBL032W,YJL073W,2.484849112543223e-18
YBL032W,YGR279C,2.481351202732185e-06
YBL032W,YKL190W,0.00043241833918727934
YBL032W,YGL089C,0.5606449246406555
YBL032W,YJL019W,0.0005542841390706599
YBL032W,YJL018W,0.001927861012518406
YBL032W,YNR032C-A,7.856475292555842e-08
YBL032W,YGL178W,0.00026309379609301686
YBL032W,YKL116C,4.5627168709927446e-10
YBL032W,YDL214C,0.009973282925784588
YBL032W,YLR362W,2.8490494514699094e-06
YBL032W,YER068W,0.0002756228786893189
YBL032W,YHR084W,1.8031958859410224e-07
YBL032W,YDR392W,1.5561250620521605e-05
YBL032W,YNL053W,1.4754891708435025e-07
YBL032W,YGR040W,0.00018900386930909008
YBL032W,YDL216C,3.5406897413992056e-09
YBL032W,YOL117W,6.88166679196911e-09
YBL032W,YJR086W,1.338822663843331e-10
YBL032W,YMR025W,3.198812555638142e-05
YBL032W,YBR081C,0.007902119308710098
YBL032W,YFL026W,0.0009797277161851525
YBL032W,YHL007C,3.966471318062048e-10
YBL032W,YNR044W,0.9999978542327881
YBL032W,YNL271C,2.153115474357037e-06
YBL032W,YDR200C,6.587434597804531e-08
YBL032W,YKL178C,8.029403034015559e-06
YBL032W,YOR212W,0.00018920257571153343
YBL032W,YOL111C,6.49660175915806e-14
YBL032W,YGL032C,2.40189645950295e-08
YBL032W,YHR005C,8.05753588792868e-05
YBL032W,YDR103W,0.9970499277114868
YBL032W,YJR084W,0.0001480651699239388
YBL032W,YCL032W,1.49202351862332e-11
YBL032W,YJL170C,0.002323743887245655
YBL032W,YDR179C,1.647900305101757e-08
YBL032W,YBR095C,0.003498035715892911
YBL032W,YLL021W,0.0005066441372036934
YBL032W,YDL159W,9.876092832428185e-08
YBL032W,YNL161W,4.195057912159683e-10
YBL032W,YNL188W,9.065843187272549e-07
YBL032W,YJL157C,1.4715569705003873e-05
YBL032W,YJL034W,8.665235196048116e-11
YBL032W,YLR238W,0.00015025475295260549
YBL032W,YPR141C,7.4016384132846724e-06
YBL032W,YNL127W,0.0046059065498411655
YBL032W,YCL055W,3.6094006472878193e-13
YBL032W,YPR122W,3.5422366636339575e-05
YBL032W,YMR065W,0.0008854445186443627
YBL032W,YDR356W,1.8743991176961572e-06
YBL032W,YMR052W,0.004014861304312944
YBL032W,YFR008W,8.469283784506842e-06
YBL032W,YLL043W,0.0001213939831359312
YBL032W,YMR029C,0.0022748811170458794
YBL032W,YJR004C,5.353279561859381e-07
YBL032W,YDL223C,2.0534875967752548e-15
YBL032W,YHR158C,0.9927491545677185
YBL032W,YGR238C,1.2439923535723096e-09
YBL032W,YIL015W,0.999873161315918
YBL032W,YGL173C,0.05407028645277023
YBL032W,YDL225W,2.3141947167459875e-05
YBL032W,YLR330W,8.188409310605493e-07
YBL032W,YBR129C,3.937580513382888e-13
YBL032W,YKR095W-A,0.2020167112350464
YBL032W,YPR075C,3.3282907679899054e-12
YBL032W,YMR198W,0.018965180963277817
YBL032W,YOR127W,4.537299446383258e-06
YBL032W,YDR264C,0.009510080330073833
YBL032W,YLR110C,4.223996707963806e-09
YBL032W,YDR379W,3.2632282986888583e-10
YBL032W,YDL100C,1.4443986628975836e-07
YBL032W,YHR073W,5.760693255751903e-09
YBL032W,YJR090C,4.841864438276389e-07
YBL032W,YOR208W,0.925989031791687
YBL032W,YBR040W,0.9999955892562866
YBL032W,YNL279W,0.9972883462905884
YBL032W,YER075C,0.016255415976047516
YBL032W,YCR089W,1.507769866293529e-05
YBL032W,YCR002C,0.007735922932624817
YBL032W,YJL108C,0.029047321528196335
YBL032W,YBR200W,7.46049533262294e-09
YBL032W,YIL026C,1.1371594865750012e-07
YBL032W,YJR076C,4.200750858274205e-10
YBL032W,YKR031C,3.307100769234239e-06
YBL032W,YPL192C,0.06840477138757706
YBL032W,YHR107C,3.947204822907224e-05
YBL032W,YIL037C,1.360088208457455e-05
YBL032W,YPL156C,1.4343562725116499e-05
YBL032W,YIL117C,1.5350504342041132e-13
YBL032W,YHR066W,6.516623178576264e-13
YBL032W,YML085C,3.980084262167338e-09
YBL032W,YML047C,0.9979907274246216
YBL032W,YDR312W,0.14234156906604767
YBL032W,YFL037W,2.6054937762864938e-08
YBL032W,YDL038C,0.2020167112350464
YBL032W,YDL039C,1.5698579589051853e-11
YBL032W,YCL027W,0.9999645948410034
YBL032W,YML124C,3.39413330774363e-10
YBL032W,YGL053W,2.1180606157855664e-09
YBL032W,YMR232W,0.06226518750190735
YBL032W,YNL298W,1.528740156686581e-08
YBL032W,YGL099W,6.464815386680509e-16
YBL032W,YBL016W,0.0035491769667714834
YBL032W,YAL041W,1.9153359971824102e-05
YBL032W,YDR085C,8.98537109605968e-05
YBL032W,YPL187W,3.6557459281993943e-09
YBL032W,YPL256C,2.1709384512291763e-08
YBL032W,YDR461W,1.262687870928758e-10
YBL032W,YNL145W,0.0004506436816882342
YMR308C,YDL165W,0.0001295030815526843
YMR308C,YGR059W,2.112151165772902e-12
YMR308C,YBR109C,1.6633031618695782e-09
YMR308C,YJL080C,7.188855022377538e-08
YMR308C,YCR093W,0.00019758967391680926
YMR308C,YIL122W,0.0018795111682265997
YMR308C,YCL029C,4.708139211828666e-09
YMR308C,YNL173C,0.0002482689160387963
YMR308C,YLR452C,0.09625701606273651
YMR308C,YDL160C,0.9994229078292847
YMR308C,YLR229C,8.463403133873726e-08
YMR308C,YML057W,4.5096903704688884e-06
YMR308C,YER149C,1.100604965509084e-14
YMR308C,YMR305C,1.680387634594993e-10
YMR308C,YLR433C,2.0128427422605455e-05
YMR308C,YJL073W,3.099036327038063e-13
YMR308C,YGR279C,3.019169136919686e-09
YMR308C,YKL190W,0.04059213772416115
YMR308C,YGL089C,1.090075230081311e-07
YMR308C,YJL019W,0.11844630539417267
YMR308C,YJL018W,0.007939804345369339
YMR308C,YNR032C-A,0.011611155234277248
YMR308C,YGL178W,1.5158693713601679e-06
YMR308C,YKL116C,3.5474962268959576e-13
YMR308C,YDL214C,0.9999978542327881
YMR308C,YLR362W,7.530714356107637e-05
YMR308C,YER068W,0.00117653573397547
YMR308C,YHR084W,3.6726089547300944e-07
YMR308C,YDR392W,0.9358201026916504
YMR308C,YNL053W,0.004778944421559572
YMR308C,YGR040W,0.004214131273329258
YMR308C,YDL216C,5.456832923300681e-07
YMR308C,YOL117W,5.114600409861225e-11
YMR308C,YJR086W,0.007271109614521265
YMR308C,YMR025W,8.330786658916622e-05
YMR308C,YBR081C,0.11654199659824371
YMR308C,YFL026W,3.7443060136865824e-05
YMR308C,YHL007C,1.8041556870684872e-07
YMR308C,YNR044W,0.04452294856309891
YMR308C,YNL271C,0.011962281540036201
YMR308C,YDR200C,3.0734376821328624e-08
YMR308C,YKL178C,0.0006968695670366287
YMR308C,YOR212W,9.044678961345198e-08
YMR308C,YOL111C,1.2521860298875254e-05
YMR308C,YGL032C,4.8868010082969704e-08
YMR308C,YHR005C,1.8818891476257704e-05
YMR308C,YDR103W,0.9328749179840088
YMR308C,YJR084W,0.0004420349432621151
YMR308C,YCL032W,4.368915256236505e-07
YMR308C,YJL170C,0.9999998807907104
YMR308C,YDR179C,5.168934080757026e-07
YMR308C,YBR095C,0.0015772547340020537
YMR308C,YLL021W,0.0007755329133942723
YMR308C,YDL159W,1.5090043103960227e-10
YMR308C,YNL161W,6.170512642711401e-05
YMR308C,YNL188W,1.5901323422440328e-05
YMR308C,YJL157C,7.446628842444625e-07
YMR308C,YJL034W,3.182664254144647e-15
YMR308C,YLR238W,0.006854458712041378
YMR308C,YPR141C,1.7843352907220833e-05
YMR308C,YNL127W,0.05288797989487648
YMR308C,YCL055W,1.0923932114784152e-12
YMR308C,YPR122W,0.10601956397294998
YMR308C,YMR065W,0.9966622591018677
YMR308C,YDR356W,0.010087629780173302
YMR308C,YMR052W,0.10894900560379028
YMR308C,YFR008W,0.0004339581646490842
YMR308C,YLL043W,0.026769883930683136
YMR308C,YMR029C,0.8876141905784607
YMR308C,YJR004C,6.407476149661306e-08
YMR308C,YDL223C,1.0790472682042918e-11
YMR308C,YHR158C,0.0021880881395190954
YMR308C,YGR238C,7.603690455049161e-10
YMR308C,YIL015W,0.9997393488883972
YMR308C,YGL173C,0.036351528018713
YMR308C,YDL225W,1.8973202176031378e-10
YMR308C,YLR330W,3.728489073040464e-09
YMR308C,YBR129C,0.36616939306259155
YMR308C,YKR095W-A,0.2020167112350464
YMR308C,YPR075C,9.959569069906138e-06
YMR308C,YMR198W,0.28869104385375977
YMR308C,YOR127W,1.5501058214795194e-06
YMR308C,YDR264C,1.2660802894970402e-05
YMR308C,YLR110C,0.011699766851961613
YMR308C,YDR379W,7.338549949054141e-06
YMR308C,YDL100C,1.3687971659237519e-05
YMR308C,YHR073W,8.335719314800372e-08
YMR308C,YJR090C,7.678485069995133e-10
YMR308C,YOR208W,0.003195997793227434
YMR308C,YBR040W,1.9641358903754735e-06
YMR308C,YNL279W,0.8422287702560425
YMR308C,YER075C,0.3372160494327545
YMR308C,YCR089W,0.0018090121448040009
YMR308C,YCR002C,0.07195223122835159
YMR308C,YJL108C,0.0005958285764791071
YMR308C,YBR200W,2.714426372563139e-08
YMR308C,YIL026C,5.1120721764164045e-05
YMR308C,YJR076C,0.00034645484993234277
YMR308C,YKR031C,0.023091280832886696
YMR308C,YPL192C,0.6070322394371033
YMR308C,YHR107C,0.000680584809742868
YMR308C,YIL037C,0.0001413489371770993
YMR308C,YPL156C,0.5548209547996521
YMR308C,YIL117C,1.1225214535670602e-08
YMR308C,YHR066W,1.4642029992975591e-12
YMR308C,YML085C,0.08520225435495377
YMR308C,YML047C,0.43832001090049744
YMR308C,YDR312W,1.5351508508842926e-08
YMR308C,YFL037W,3.318900212434528e-07
YMR308C,YDL038C,0.2020167112350464
YMR308C,YDL039C,4.1004301191450987e-13
YMR308C,YCL027W,0.9995896220207214
YMR308C,YML124C,2.8081651587408274e-12
YMR308C,YGL053W,0.9999990463256836
YMR308C,YMR232W,8.444498962489888e-05
YMR308C,YNL298W,0.00040586694376543164
YMR308C,YGL099W,3.12096203915202e-12
YMR308C,YBL016W,2.3466580241493507e-13
YMR308C,YAL041W,0.9846275448799133
YMR308C,YDR085C,7.433253631461412e-05
YMR308C,YPL187W,0.9970763921737671
YMR308C,YPL256C,1.7669670171471807e-09
YMR308C,YDR461W,1.8903196178143844e-05
YMR308C,YNL145W,9.315352933469967e-09
YAL038W,YDL165W,1.3884471956559477e-15
YAL038W,YGR059W,1.5273843688677353e-16
YAL038W,YBR109C,9.99447677396681e-11
YAL038W,YJL080C,0.46458446979522705
YAL038W,YCR093W,4.096750672033522e-08
YAL038W,YIL122W,3.692193252524678e-12
YAL038W,YCL029C,4.408390089061763e-14
YAL038W,YNL173C,5.919476020466163e-11
YAL038W,YLR452C,4.682959546527419e-22
YAL038W,YDL160C,0.7593376636505127
YAL038W,YLR229C,1.1243902859426952e-15
YAL038W,YML057W,1.5550186693857881e-09
YAL038W,YER149C,0.023489050567150116
YAL038W,YMR305C,3.7906941583072673e-13
YAL038W,YLR433C,2.398668641490076e-08
YAL038W,YJL073W,4.937433795149104e-11
YAL038W,YGR279C,7.592961734348685e-15
YAL038W,YKL190W,5.590192486693013e-08
YAL038W,YGL089C,2.1106360203419078e-13
YAL038W,YJL019W,6.826636966220795e-14
YAL038W,YJL018W,0.000181277166120708
YAL038W,YNR032C-A,1.2815754644179833e-06
YAL038W,YGL178W,9.276158502078118e-15
YAL038W,YKL116C,1.8344246801734566e-16
YAL038W,YDL214C,0.00010665899026207626
YAL038W,YLR362W,7.256097433128161e-06
YAL038W,YER068W,5.376089157183017e-11
YAL038W,YHR084W,1.0531402831696072e-16
YAL038W,YDR392W,5.040912348999727e-13
YAL038W,YNL053W,2.3076878949424007e-12
YAL038W,YGR040W,8.666351192232469e-09
YAL038W,YDL216C,1.1407026434540057e-09
YAL038W,YOL117W,9.928263072778165e-11
YAL038W,YJR086W,1.3872107018642055e-08
YAL038W,YMR025W,3.146910287910032e-08
YAL038W,YBR081C,0.0016536626499146223
YAL038W,YFL026W,2.0442631962214186e-13
YAL038W,YHL007C,4.2750244127033946e-14
YAL038W,YNR044W,4.7721535056943765e-11
YAL038W,YNL271C,0.002424687147140503
YAL038W,YDR200C,4.014065121960009e-12
YAL038W,YKL178C,1.5380932204961395e-12
YAL038W,YOR212W,1.0313902780879208e-13
YAL038W,YOL111C,1.0751986754773343e-16
YAL038W,YGL032C,4.8355392606724834e-11
YAL038W,YHR005C,4.98486980859969e-11
YAL038W,YDR103W,3.129868275664194e-08
YAL038W,YJR084W,9.949010504328726e-09
YAL038W,YCL032W,4.2792651366863055e-11
YAL038W,YJL170C,4.0173698650494347e-14
YAL038W,YDR179C,7.637432446387193e-16
YAL038W,YBR095C,0.7756614089012146
YAL038W,YLL021W,2.3020993999978145e-09
YAL038W,YDL159W,7.637453904862923e-07
YAL038W,YNL161W,2.810611743342406e-10
YAL038W,YNL188W,3.3955252498607535e-10
YAL038W,YJL157C,9.432864905845051e-11
YAL038W,YJL034W,1.1654164193871858e-18
YAL038W,YLR238W,4.005245468619023e-09
YAL038W,YPR141C,3.264169533626071e-13
YAL038W,YNL127W,0.0001209504043799825
YAL038W,YCL055W,2.442672289802971e-16
YAL038W,YPR122W,3.550591998191521e-08
YAL038W,YMR065W,6.240284022851483e-08
YAL038W,YDR356W,8.048729044363157e-11
YAL038W,YMR052W,4.898999250713132e-08
YAL038W,YFR008W,0.07195211946964264
YAL038W,YLL043W,3.5278634413771215e-07
YAL038W,YMR029C,3.585003183204094e-09
YAL038W,YJR004C,1.6176421313573996e-09
YAL038W,YDL223C,6.271257535608562e-20
YAL038W,YHR158C,4.053739288689684e-10
YAL038W,YGR238C,3.519187183342806e-19
YAL038W,YIL015W,7.330963960883174e-12
YAL038W,YGL173C,0.009396899491548538
YAL038W,YDL225W,2.559548580027826e-11
YAL038W,YLR330W,5.775564471122152e-10
YAL038W,YBR129C,0.00034518755273893476
YAL038W,YKR095W-A,0.2020167112350464
YAL038W,YPR075C,1.4337103948491858e-07
YAL038W,YMR198W,4.0754355268290965e-07
YAL038W,YOR127W,1.8288789926934612e-10
YAL038W,YDR264C,2.0519431132015598e-07
YAL038W,YLR110C,3.184310107262611e-11
YAL038W,YDR379W,6.508093109564017e-12
YAL038W,YDL100C,1.3145360112389558e-14
YAL038W,YHR073W,0.0001391688419971615
YAL038W,YJR090C,6.581889477885738e-10
YAL038W,YOR208W,0.039098430424928665
YAL038W,YBR040W,3.755268665472933e-12
YAL038W,YNL279W,1.3030687640025462e-09
YAL038W,YER075C,2.1920327775148962e-09
YAL038W,YCR089W,5.969423289009512e-10
YAL038W,YCR002C,7.079466433042368e-16
YAL038W,YJL108C,4.421180964191661e-14
YAL038W,YBR200W,3.999600812676363e-05
YAL038W,YIL026C,1.893963386123687e-08
YAL038W,YJR076C,6.820482667535543e-05
YAL038W,YKR031C,1.2978539416508283e-06
YAL038W,YPL192C,3.444568186239394e-09
YAL038W,YHR107C,0.0021191623527556658
YAL038W,YIL037C,1.1082316704949524e-12
YAL038W,YPL156C,6.64511168313453e-10
YAL038W,YIL117C,6.9453197533431155e-12
YAL038W,YHR066W,4.8893538107108725e-09
YAL038W,YML085C,3.4974321615893755e-12
YAL038W,YML047C,1.3404394781646456e-11
YAL038W,YDR312W,0.3740888237953186
YAL038W,YFL037W,3.3516258345078764e-12
YAL038W,YDL038C,0.2020167112350464
YAL038W,YDL039C,1.1745184685940657e-11
YAL038W,YCL027W,4.646936589865203e-13
YAL038W,YML124C,9.552274526924975e-10
YAL038W,YGL053W,6.255583162584344e-09
YAL038W,YMR232W,5.06025003232935e-07
YAL038W,YNL298W,4.994670042141047e-12
YAL038W,YGL099W,0.0004374997515697032
YAL038W,YBL016W,2.801711770569759e-13
YAL038W,YAL041W,6.380803796446344e-08
YAL038W,YDR085C,2.255168141118702e-08
YAL038W,YPL187W,3.660272085426186e-10
YAL038W,YPL256C,6.212082931389418e-11
YAL038W,YDR461W,1.7550688685566765e-14
YAL038W,YNL145W,8.846411103657914e-11
YAL044C,YDL165W,0.6844627857208252
YAL044C,YGR059W,8.419946340154638e-08
YAL044C,YBR109C,4.700639877341928e-08
YAL044C,YJL080C,1.8663050271872095e-11
YAL044C,YCR093W,1.8738110156846233e-06
YAL044C,YIL122W,6.778998908885114e-07
YAL044C,YCL029C,5.755194251833018e-06
YAL044C,YNL173C,4.691933040007479e-12
YAL044C,YLR452C,3.286776406596914e-11
YAL044C,YDL160C,2.6703774608227704e-11
YAL044C,YLR229C,8.774659887578196e-10
YAL044C,YML057W,9.183355742514721e-10
YAL044C,YER149C,1.254310544318571e-10
YAL044C,YMR305C,3.801232592581805e-11
YAL044C,YLR433C,4.654609488639883e-13
YAL044C,YJL073W,1.2689180373115505e-08
YAL044C,YGR279C,4.298977273720084e-06
YAL044C,YKL190W,0.00011559537233551964
YAL044C,YGL089C,1.925720694018196e-11
YAL044C,YJL019W,1.0730702548755744e-08
YAL044C,YJL018W,0.00020816890173591673
YAL044C,YNR032C-A,0.9667381048202515
YAL044C,YGL178W,2.0708469943987498e-17
YAL044C,YKL116C,5.798242444879268e-19
YAL044C,YDL214C,5.887824864447842e-18
YAL044C,YLR362W,1.518916832310424e-07
YAL044C,YER068W,4.834739830705814e-10
YAL044C,YHR084W,7.227182408087174e-09
YAL044C,YDR392W,2.801471721269877e-09
YAL044C,YNL053W,3.579645802866127e-13
YAL044C,YGR040W,3.7922218325547874e-05
YAL044C,YDL216C,0.023602671921253204
YAL044C,YOL117W,7.181433318024025e-14
YAL044C,YJR086W,2.12876862405037e-13
YAL044C,YMR025W,0.0007424158393405378
YAL044C,YBR081C,5.3789922276337165e-06
YAL044C,YFL026W,2.2510002395392803e-07
YAL044C,YHL007C,1.229904341926158e-06
YAL044C,YNR044W,5.066968437709984e-13
YAL044C,YNL271C,8.02399154054001e-06
YAL044C,YDR200C,2.0591828331362194e-07
YAL044C,YKL178C,2.2456524159318633e-19
YAL044C,YOR212W,1.8973586293213884e-06
YAL044C,YOL111C,1.9305528347007914e-15
YAL044C,YGL032C,5.4926815096223436e-08
YAL044C,YHR005C,2.673192511792877e-07
YAL044C,YDR103W,2.9590694339276524e-08
YAL044C,YJR084W,1.632326218636848e-10
YAL044C,YCL032W,6.731416419825109e-07
YAL044C,YJL170C,8.093120413832366e-07
YAL044C,YDR179C,8.079503288627166e-08
YAL044C,YBR095C,1.643962605157867e-05
YAL044C,YLL021W,1.6678682879245343e-09
YAL044C,YDL159W,5.040728390248717e-10
YAL044C,YNL161W,3.137228532512637e-10
YAL044C,YNL188W,4.316667876002117e-20
YAL044C,YJL157C,5.661432270659709e-15
YAL044C,YJL034W,2.4774501391282527e-16
YAL044C,YLR238W,1.6219411230755654e-11
YAL044C,YPR141C,2.3703769329586066e-05
YAL044C,YNL127W,6.678923796243907e-07
YAL044C,YCL055W,8.349380076211332e-10
YAL044C,YPR122W,6.756661150575383e-06
YAL044C,YMR065W,0.01647849753499031
YAL044C,YDR356W,6.927043432369828e-05
YAL044C,YMR052W,1.1613731658144388e-05
YAL044C,YFR008W,1.533244364804176e-10
YAL044C,YLL043W,6.81831079418771e-05
YAL044C,YMR029C,1.0232308795821154e-06
YAL044C,YJR004C,0.03094416670501232
YAL044C,YDL223C,2.230562375497608e-15
YAL044C,YHR158C,1.3796529856335837e-06
YAL044C,YGR238C,1.91743751543072e-07
YAL044C,YIL015W,3.703555691292326e-12
YAL044C,YGL173C,0.00016758051060605794
YAL044C,YDL225W,6.609610636587604e-08
YAL044C,YLR330W,1.5707338718584651e-07
YAL044C,YBR129C,1.4012791780260159e-06
YAL044C,YKR095W-A,0.2020167112350464
YAL044C,YPR075C,1.105194507654663e-15
YAL044C,YMR198W,2.002306445092472e-07
YAL044C,YOR127W,8.466170129395323e-07
YAL044C,YDR264C,1.4352797839123355e-09
YAL044C,YLR110C,9.850125206867233e-05
YAL044C,YDR379W,0.0557035431265831
YAL044C,YDL100C,3.4615923757290557e-17
YAL044C,YHR073W,1.9777252752151142e-12
YAL044C,YJR090C,4.816864702661405e-07
YAL044C,YOR208W,1.2884154467777996e-17
YAL044C,YBR040W,8.098168109427206e-06
YAL044C,YNL279W,2.7766761871543533e-13
YAL044C,YER075C,9.222929264751656e-08
YAL044C,YCR089W,6.98052673442362e-08
YAL044C,YCR002C,9.27441608754298e-13
YAL044C,YJL108C,6.223369837243808e-07
YAL044C,YBR200W,1.8779186970493318e-17
YAL044C,YIL026C,3.089889332841267e-06
YAL044C,YJR076C,8.851917137654708e-14
YAL044C,YKR031C,6.563384522451088e-05
YAL044C,YPL192C,2.8261212037250516e-07
YAL044C,YHR107C,1.90116577414301e-06
YAL044C,YIL037C,0.0003598050680011511
YAL044C,YPL156C,1.88801647926784e-11
YAL044C,YIL117C,1.253559478442412e-10
YAL044C,YHR066W,3.8712354921699443e-07
YAL044C,YML085C,5.3820984127761484e-12
YAL044C,YML047C,1.1310296031297185e-05
YAL044C,YDR312W,7.32561936912149e-17
YAL044C,YFL037W,7.072348817693808e-10
YAL044C,YDL038C,0.2020167112350464
YAL044C,YDL039C,1.0999485480621864e-17
YAL044C,YCL027W,1.9506113372214258e-14
YAL044C,YML124C,1.081154366033843e-08
YAL044C,YGL053W,1.521559706571876e-13
YAL044C,YMR232W,0.0003127690579276532
YAL044C,YNL298W,5.53930375689609e-14
YAL044C,YGL099W,8.403539908212465e-14
YAL044C,YBL016W,1.3363594085491481e-12
YAL044C,YAL041W,6.421061328042849e-14
YAL044C,YDR085C,1.0858210642059442e-15
YAL044C,YPL187W,6.583898426448798e-10
YAL044C,YPL256C,2.7047968309545922e-09
YAL044C,YDR461W,2.86446404373919e-08
YAL044C,YNL145W,3.0243659239204135e-06
tL(UAA)L,YDL165W,0.2020167112350464
tL(UAA)L,YGR059W,0.2020167112350464
tL(UAA)L,YBR109C,0.2020167112350464
tL(UAA)L,YJL080C,0.2020167112350464
tL(UAA)L,YCR093W,0.2020167112350464
tL(UAA)L,YIL122W,0.2020167112350464
tL(UAA)L,YCL029C,0.2020167112350464
tL(UAA)L,YNL173C,0.2020167112350464
tL(UAA)L,YLR452C,0.2020167112350464
tL(UAA)L,YDL160C,0.2020167112350464
tL(UAA)L,YLR229C,0.2020167112350464
tL(UAA)L,YML057W,0.2020167112350464
tL(UAA)L,YER149C,0.2020167112350464
tL(UAA)L,YMR305C,0.2020167112350464
tL(UAA)L,YLR433C,0.2020167112350464
tL(UAA)L,YJL073W,0.2020167112350464
tL(UAA)L,YGR279C,0.2020167112350464
tL(UAA)L,YKL190W,0.2020167112350464
tL(UAA)L,YGL089C,0.2020167112350464
tL(UAA)L,YJL019W,0.2020167112350464
tL(UAA)L,YJL018W,0.2020167112350464
tL(UAA)L,YNR032C-A,0.2020167112350464
tL(UAA)L,YGL178W,0.2020167112350464
tL(UAA)L,YKL116C,0.2020167112350464
tL(UAA)L,YDL214C,0.2020167112350464
tL(UAA)L,YLR362W,0.2020167112350464
tL(UAA)L,YER068W,0.2020167112350464
tL(UAA)L,YHR084W,0.2020167112350464
tL(UAA)L,YDR392W,0.2020167112350464
tL(UAA)L,YNL053W,0.2020167112350464
tL(UAA)L,YGR040W,0.2020167112350464
tL(UAA)L,YDL216C,0.2020167112350464
tL(UAA)L,YOL117W,0.2020167112350464
tL(UAA)L,YJR086W,0.2020167112350464
tL(UAA)L,YMR025W,0.2020167112350464
tL(UAA)L,YBR081C,0.2020167112350464
tL(UAA)L,YFL026W,0.2020167112350464
tL(UAA)L,YHL007C,0.2020167112350464
tL(UAA)L,YNR044W,0.2020167112350464
tL(UAA)L,YNL271C,0.2020167112350464
tL(UAA)L,YDR200C,0.2020167112350464
tL(UAA)L,YKL178C,0.2020167112350464
tL(UAA)L,YOR212W,0.2020167112350464
tL(UAA)L,YOL111C,0.2020167112350464
tL(UAA)L,YGL032C,0.2020167112350464
tL(UAA)L,YHR005C,0.2020167112350464
tL(UAA)L,YDR103W,0.2020167112350464
tL(UAA)L,YJR084W,0.2020167112350464
tL(UAA)L,YCL032W,0.2020167112350464
tL(UAA)L,YJL170C,0.2020167112350464
tL(UAA)L,YDR179C,0.2020167112350464
tL(UAA)L,YBR095C,0.2020167112350464
tL(UAA)L,YLL021W,0.2020167112350464
tL(UAA)L,YDL159W,0.2020167112350464
tL(UAA)L,YNL161W,0.2020167112350464
tL(UAA)L,YNL188W,0.2020167112350464
tL(UAA)L,YJL157C,0.2020167112350464
tL(UAA)L,YJL034W,0.2020167112350464
tL(UAA)L,YLR238W,0.2020167112350464
tL(UAA)L,YPR141C,0.2020167112350464
tL(UAA)L,YNL127W,0.2020167112350464
tL(UAA)L,YCL055W,0.2020167112350464
tL(UAA)L,YPR122W,0.2020167112350464
tL(UAA)L,YMR065W,0.2020167112350464
tL(UAA)L,YDR356W,0.2020167112350464
tL(UAA)L,YMR052W,0.2020167112350464
tL(UAA)L,YFR008W,0.2020167112350464
tL(UAA)L,YLL043W,0.2020167112350464
tL(UAA)L,YMR029C,0.2020167112350464
tL(UAA)L,YJR004C,0.2020167112350464
tL(UAA)L,YDL223C,0.2020167112350464
tL(UAA)L,YHR158C,0.2020167112350464
tL(UAA)L,YGR238C,0.2020167112350464
tL(UAA)L,YIL015W,0.2020167112350464
tL(UAA)L,YGL173C,0.2020167112350464
tL(UAA)L,YDL225W,0.2020167112350464
tL(UAA)L,YLR330W,0.2020167112350464
tL(UAA)L,YBR129C,0.2020167112350464
tL(UAA)L,YKR095W-A,0.2020167112350464
tL(UAA)L,YPR075C,0.2020167112350464
tL(UAA)L,YMR198W,0.2020167112350464
tL(UAA)L,YOR127W,0.2020167112350464
tL(UAA)L,YDR264C,0.2020167112350464
tL(UAA)L,YLR110C,0.2020167112350464
tL(UAA)L,YDR379W,0.2020167112350464
tL(UAA)L,YDL100C,0.2020167112350464
tL(UAA)L,YHR073W,0.2020167112350464
tL(UAA)L,YJR090C,0.2020167112350464
tL(UAA)L,YOR208W,0.2020167112350464
tL(UAA)L,YBR040W,0.2020167112350464
tL(UAA)L,YNL279W,0.2020167112350464
tL(UAA)L,YER075C,0.2020167112350464
tL(UAA)L,YCR089W,0.2020167112350464
tL(UAA)L,YCR002C,0.2020167112350464
tL(UAA)L,YJL108C,0.2020167112350464
tL(UAA)L,YBR200W,0.2020167112350464
tL(UAA)L,YIL026C,0.2020167112350464
tL(UAA)L,YJR076C,0.2020167112350464
tL(UAA)L,YKR031C,0.2020167112350464
tL(UAA)L,YPL192C,0.2020167112350464
tL(UAA)L,YHR107C,0.2020167112350464
tL(UAA)L,YIL037C,0.2020167112350464
tL(UAA)L,YPL156C,0.2020167112350464
tL(UAA)L,YIL117C,0.2020167112350464
tL(UAA)L,YHR066W,0.2020167112350464
tL(UAA)L,YML085C,0.2020167112350464
tL(UAA)L,YML047C,0.2020167112350464
tL(UAA)L,YDR312W,0.2020167112350464
tL(UAA)L,YFL037W,0.2020167112350464
tL(UAA)L,YDL038C,0.2020167112350464
tL(UAA)L,YDL039C,0.2020167112350464
tL(UAA)L,YCL027W,0.2020167112350464
tL(UAA)L,YML124C,0.2020167112350464
tL(UAA)L,YGL053W,0.2020167112350464
tL(UAA)L,YMR232W,0.2020167112350464
tL(UAA)L,YNL298W,0.2020167112350464
tL(UAA)L,YGL099W,0.2020167112350464
tL(UAA)L,YBL016W,0.2020167112350464
tL(UAA)L,YAL041W,0.2020167112350464
tL(UAA)L,YDR085C,0.2020167112350464
tL(UAA)L,YPL187W,0.2020167112350464
tL(UAA)L,YPL256C,0.2020167112350464
tL(UAA)L,YDR461W,0.2020167112350464
tL(UAA)L,YNL145W,0.2020167112350464
YBL055C,YDL165W,7.189673488028347e-05
YBL055C,YGR059W,2.771009576463257e-06
YBL055C,YBR109C,0.15469980239868164
YBL055C,YJL080C,5.002485981009386e-09
YBL055C,YCR093W,6.350952617140138e-07
YBL055C,YIL122W,1.5318960322474595e-06
YBL055C,YCL029C,2.107158891817562e-11
YBL055C,YNL173C,3.3173300217903545e-10
YBL055C,YLR452C,0.018264081329107285
YBL055C,YDL160C,1.379150603497692e-06
YBL055C,YLR229C,0.2858484983444214
YBL055C,YML057W,1.75048723346366e-12
YBL055C,YER149C,5.984168893746755e-08
YBL055C,YMR305C,5.693448823507197e-09
YBL055C,YLR433C,1.608687307452783e-05
YBL055C,YJL073W,1.1397896515497052e-12
YBL055C,YGR279C,3.866659215034929e-10
YBL055C,YKL190W,0.006651218049228191
YBL055C,YGL089C,6.442165467746008e-09
YBL055C,YJL019W,6.299288202171738e-08
YBL055C,YJL018W,0.0021072758827358484
YBL055C,YNR032C-A,0.8457682132720947
YBL055C,YGL178W,2.863685949705541e-06
YBL055C,YKL116C,0.00010518143972149119
YBL055C,YDL214C,1.686057476035785e-05
YBL055C,YLR362W,6.061039584892569e-06
YBL055C,YER068W,2.0197134599857737e-18
YBL055C,YHR084W,2.46674614068354e-09
YBL055C,YDR392W,0.00017751241102814674
YBL055C,YNL053W,1.0053090448991497e-07
YBL055C,YGR040W,7.55462289947495e-11
YBL055C,YDL216C,0.024070007726550102
YBL055C,YOL117W,9.731759928399697e-05
YBL055C,YJR086W,1.1595685349419238e-12
YBL055C,YMR025W,0.08198945969343185
YBL055C,YBR081C,4.4225533201824874e-05
YBL055C,YFL026W,3.4813479032891337e-06
YBL055C,YHL007C,8.073364199390198e-10
YBL055C,YNR044W,6.236296030692756e-06
YBL055C,YNL271C,1.7768754523306285e-10
YBL055C,YDR200C,2.8018579456556836e-08
YBL055C,YKL178C,3.4897609246797856e-09
YBL055C,YOR212W,1.551217820860984e-09
YBL055C,YOL111C,5.14609244106623e-10
YBL055C,YGL032C,1.691252509772312e-05
YBL055C,YHR005C,2.7125528490046236e-08
YBL055C,YDR103W,2.1671671674994286e-06
YBL055C,YJR084W,5.055517671159748e-10
YBL055C,YCL032W,2.522914169245105e-12
YBL055C,YJL170C,1.1239964123888058e-06
YBL055C,YDR179C,1.5165714017939536e-08
YBL055C,YBR095C,1.4068839959691104e-07
YBL055C,YLL021W,0.0029817072208970785
YBL055C,YDL159W,4.6662913518957794e-05
YBL055C,YNL161W,7.979085274445463e-12
YBL055C,YNL188W,1.2154005162301473e-06
YBL055C,YJL157C,0.007390955928713083
YBL055C,YJL034W,1.669408504767489e-07
YBL055C,YLR238W,4.042509260671068e-08
YBL055C,YPR141C,0.0003470085503067821
YBL055C,YNL127W,2.1054434910183772e-05
YBL055C,YCL055W,1.9706389139173552e-05
YBL055C,YPR122W,0.40960928797721863
YBL055C,YMR065W,3.646944435331534e-08
YBL055C,YDR356W,3.7230744055705145e-05
YBL055C,YMR052W,0.05605459585785866
YBL055C,YFR008W,9.204353425273926e-12
YBL055C,YLL043W,1.753712084405501e-12
YBL055C,YMR029C,4.694135924410148e-08
YBL055C,YJR004C,0.0002263318601762876
YBL055C,YDL223C,5.692935567402913e-10
YBL055C,YHR158C,3.65768304533276e-10
YBL055C,YGR238C,0.8405545353889465
YBL055C,YIL015W,1.1670626918203197e-06
YBL055C,YGL173C,1.6208479003410048e-09
YBL055C,YDL225W,2.0479330231637505e-08
YBL055C,YLR330W,1.73711356410422e-08
YBL055C,YBR129C,0.0001779543817974627
YBL055C,YKR095W-A,0.2020167112350464
YBL055C,YPR075C,0.0004574255726765841
YBL055C,YMR198W,0.003839449491351843
YBL055C,YOR127W,3.435827622411125e-09
YBL055C,YDR264C,3.487706834448545e-08
YBL055C,YLR110C,3.1961596391738567e-07
YBL055C,YDR379W,3.409634241613446e-10
YBL055C,YDL100C,3.1742850126192934e-08
YBL055C,YHR073W,3.027216962436796e-06
YBL055C,YJR090C,5.077143896414782e-07
YBL055C,YOR208W,1.0230864072591217e-10
YBL055C,YBR040W,9.127562225330621e-05
YBL055C,YNL279W,1.6883733451322769e-06
YBL055C,YER075C,3.631259824032895e-05
YBL055C,YCR089W,1.1837264501934897e-10
YBL055C,YCR002C,2.406473686278332e-05
YBL055C,YJL108C,3.3987234360211005e-08
YBL055C,YBR200W,7.28259635707218e-07
YBL055C,YIL026C,0.005870862863957882
YBL055C,YJR076C,3.3502346923341975e-05
YBL055C,YKR031C,0.003037545131519437
YBL055C,YPL192C,4.954879839758064e-10
YBL055C,YHR107C,1.0428710766063887e-06
YBL055C,YIL037C,8.48641138873063e-05
YBL055C,YPL156C,3.150428140585859e-09
YBL055C,YIL117C,2.201982063354535e-08
YBL055C,YHR066W,3.672302913149128e-12
YBL055C,YML085C,5.0686722374848614e-08
YBL055C,YML047C,7.944561120076798e-10
YBL055C,YDR312W,3.586843044800503e-09
YBL055C,YFL037W,1.283537471863383e-06
YBL055C,YDL038C,0.2020167112350464
YBL055C,YDL039C,1.7909169569148313e-18
YBL055C,YCL027W,9.399184743710885e-16
YBL055C,YML124C,0.000325395492836833
YBL055C,YGL053W,0.0006323896814137697
YBL055C,YMR232W,3.148773612338118e-05
YBL055C,YNL298W,4.734093650426985e-08
YBL055C,YGL099W,2.4217470043219613e-11
YBL055C,YBL016W,1.1822592384247432e-11
YBL055C,YAL041W,1.0032302100171364e-08
YBL055C,YDR085C,5.4995767939658435e-09
YBL055C,YPL187W,4.784714630252408e-14
YBL055C,YPL256C,0.0003551175177562982
YBL055C,YDR461W,1.199472188240236e-10
YBL055C,YNL145W,1.9916434723654675e-07
YDL195W,YDL165W,0.0034663244150578976
YDL195W,YGR059W,1.0730672101999517e-06
YDL195W,YBR109C,0.016520729288458824
YDL195W,YJL080C,0.011636892333626747
YDL195W,YCR093W,0.00013991142623126507
YDL195W,YIL122W,0.24215371906757355
YDL195W,YCL029C,1.0311370715498924e-05
YDL195W,YNL173C,0.9247671365737915
YDL195W,YLR452C,0.9859493374824524
YDL195W,YDL160C,0.0014044609852135181
YDL195W,YLR229C,7.076703332131729e-05
YDL195W,YML057W,2.697240217633401e-12
YDL195W,YER149C,0.00010686860332498327
YDL195W,YMR305C,5.918318678015122e-13
YDL195W,YLR433C,0.9749450087547302
YDL195W,YJL073W,1.5650557022225953e-12
YDL195W,YGR279C,4.639230724023946e-07
YDL195W,YKL190W,0.0002197622088715434
YDL195W,YGL089C,0.9403126239776611
YDL195W,YJL019W,0.08458499610424042
YDL195W,YJL018W,0.024600161239504814
YDL195W,YNR032C-A,0.033266332000494
YDL195W,YGL178W,0.012542292475700378
YDL195W,YKL116C,7.529253252869239e-06
YDL195W,YDL214C,0.017851755023002625
YDL195W,YLR362W,3.8631438314951083e-07
YDL195W,YER068W,7.433757787111972e-07
YDL195W,YHR084W,0.1848727911710739
YDL195W,YDR392W,0.36606723070144653
YDL195W,YNL053W,0.0016161674866452813
YDL195W,YGR040W,0.000248720491072163
YDL195W,YDL216C,8.757720934227109e-05
YDL195W,YOL117W,0.0008054276113398373
YDL195W,YJR086W,0.001406413852237165
YDL195W,YMR025W,0.7766604423522949
YDL195W,YBR081C,3.1222064933444926e-08
YDL195W,YFL026W,0.06848032772541046
YDL195W,YHL007C,4.688633453042712e-06
YDL195W,YNR044W,0.0024276808835566044
YDL195W,YNL271C,0.9999998807907104
YDL195W,YDR200C,0.00010897918400587514
YDL195W,YKL178C,0.0709654688835144
YDL195W,YOR212W,2.370112451899331e-05
YDL195W,YOL111C,2.9798165921779505e-15
YDL195W,YGL032C,1.1488189956623818e-12
YDL195W,YHR005C,1.8561622709967196e-06
YDL195W,YDR103W,3.549989102680229e-08
YDL195W,YJR084W,0.04724844545125961
YDL195W,YCL032W,0.8231157660484314
YDL195W,YJL170C,0.0300810057669878
YDL195W,YDR179C,3.868301064358093e-06
YDL195W,YBR095C,9.412542567588389e-05
YDL195W,YLL021W,0.8950461745262146
YDL195W,YDL159W,3.5553744393013176e-09
YDL195W,YNL161W,0.7716770768165588
YDL195W,YNL188W,5.646683121085516e-07
YDL195W,YJL157C,0.0018808013992384076
YDL195W,YJL034W,3.005971649372441e-08
YDL195W,YLR238W,0.0018300898373126984
YDL195W,YPR141C,4.322664244682528e-05
YDL195W,YNL127W,2.890489447793243e-08
YDL195W,YCL055W,5.301308350635914e-11
YDL195W,YPR122W,0.0004422755737323314
YDL195W,YMR065W,0.9942970871925354
YDL195W,YDR356W,1.5387469829875045e-05
YDL195W,YMR052W,0.10124855488538742
YDL195W,YFR008W,0.20775070786476135
YDL195W,YLL043W,0.0011805013054981828
YDL195W,YMR029C,0.05584896728396416
YDL195W,YJR004C,7.219101705313591e-11
YDL195W,YDL223C,6.996752482946178e-11
YDL195W,YHR158C,0.2153145670890808
YDL195W,YGR238C,1.396803599197085e-15
YDL195W,YIL015W,0.34200549125671387
YDL195W,YGL173C,0.07012258470058441
YDL195W,YDL225W,0.9740109443664551
YDL195W,YLR330W,0.00016110524302348495
YDL195W,YBR129C,7.457172159774927e-06
YDL195W,YKR095W-A,0.2020167112350464
YDL195W,YPR075C,6.144585708300898e-14
YDL195W,YMR198W,1.2559893125541066e-09
YDL195W,YOR127W,8.677594451000914e-06
YDL195W,YDR264C,3.535712266966584e-06
YDL195W,YLR110C,4.527785677055363e-06
YDL195W,YDR379W,1.1726342563633807e-06
YDL195W,YDL100C,0.00014428379654418677
YDL195W,YHR073W,0.0024342872202396393
YDL195W,YJR090C,0.0005911102634854615
YDL195W,YOR208W,0.005728847812861204
YDL195W,YBR040W,0.007946000434458256
YDL195W,YNL279W,0.00031510237022303045
YDL195W,YER075C,1.3729525107919471e-06
YDL195W,YCR089W,3.095633189786895e-07
YDL195W,YCR002C,3.419402855797671e-05
YDL195W,YJL108C,0.00591479055583477
YDL195W,YBR200W,0.010686949826776981
YDL195W,YIL026C,9.302534067501256e-07
YDL195W,YJR076C,6.839540583314374e-05
YDL195W,YKR031C,0.00017501096590422094
YDL195W,YPL192C,0.9866401553153992
YDL195W,YHR107C,4.4032242045230485e-13
YDL195W,YIL037C,4.248038294463186e-06
YDL195W,YPL156C,1.7292857137363171e-06
YDL195W,YIL117C,2.3124695871956646e-05
YDL195W,YHR066W,2.5267096134484746e-05
YDL195W,YML085C,2.4153155919748315e-08
YDL195W,YML047C,7.483060926460894e-06
YDL195W,YDR312W,0.0001088983699446544
YDL195W,YFL037W,0.0487731471657753
YDL195W,YDL038C,0.2020167112350464
YDL195W,YDL039C,0.00018511750386096537
YDL195W,YCL027W,0.00014510015898849815
YDL195W,YML124C,1.3898750594876219e-08
YDL195W,YGL053W,5.079361017124029e-06
YDL195W,YMR232W,0.8701218366622925
YDL195W,YNL298W,4.3889642142858065e-08
YDL195W,YGL099W,0.008461411111056805
YDL195W,YBL016W,2.3368240675836205e-08
YDL195W,YAL041W,0.4084407687187195
YDL195W,YDR085C,0.01967226155102253
YDL195W,YPL187W,0.0005680326139554381
YDL195W,YPL256C,0.031141551211476326
YDL195W,YDR461W,2.367338502963154e-16
YDL195W,YNL145W,4.574903655907292e-08
YOL066C,YDL165W,2.1607716007565614e-06
YOL066C,YGR059W,1.1717948389389221e-08
YOL066C,YBR109C,2.2544390958501026e-05
YOL066C,YJL080C,4.902434014297796e-10
YOL066C,YCR093W,1.2107078362078028e-07
YOL066C,YIL122W,7.948668390156399e-10
YOL066C,YCL029C,4.4248849029315807e-10
YOL066C,YNL173C,6.916124561939796e-07
YOL066C,YLR452C,5.839366394866374e-07
YOL066C,YDL160C,2.0475054043345153e-05
YOL066C,YLR229C,3.2723572076065466e-05
YOL066C,YML057W,1.7289307485679473e-10
YOL066C,YER149C,4.541333964880323e-06
YOL066C,YMR305C,0.0007745373295620084
YOL066C,YLR433C,1.5476065984287857e-09
YOL066C,YJL073W,3.794598505855659e-14
YOL066C,YGR279C,2.7381647669244558e-06
YOL066C,YKL190W,5.45425473319483e-06
YOL066C,YGL089C,1.0062236697194749e-06
YOL066C,YJL019W,1.3435949242079914e-08
YOL066C,YJL018W,0.0003048370126634836
YOL066C,YNR032C-A,0.005149578209966421
YOL066C,YGL178W,2.644642371762984e-08
YOL066C,YKL116C,1.5137761044670128e-09
YOL066C,YDL214C,0.9993796348571777
YOL066C,YLR362W,3.1962744218927766e-14
YOL066C,YER068W,5.363767741073389e-06
YOL066C,YHR084W,3.0384971978492104e-06
YOL066C,YDR392W,0.0236244797706604
YOL066C,YNL053W,4.652389029580206e-10
YOL066C,YGR040W,1.738030448450445e-07
YOL066C,YDL216C,0.20479600131511688
YOL066C,YOL117W,2.952118620669353e-06
YOL066C,YJR086W,9.7447210348732e-15
YOL066C,YMR025W,2.6506927497393917e-07
YOL066C,YBR081C,8.979571430245414e-05
YOL066C,YFL026W,3.375163259988767e-08
YOL066C,YHL007C,3.489914135457184e-09
YOL066C,YNR044W,4.430748049344402e-06
YOL066C,YNL271C,4.4810125388039523e-08
YOL066C,YDR200C,2.507897534087533e-08
YOL066C,YKL178C,1.800950638619625e-10
YOL066C,YOR212W,5.151822544957607e-12
YOL066C,YOL111C,8.88954446054413e-07
YOL066C,YGL032C,0.7810564041137695
YOL066C,YHR005C,1.1384903436661986e-12
YOL066C,YDR103W,8.080003317445517e-05
YOL066C,YJR084W,0.010645266622304916
YOL066C,YCL032W,2.0804279188268993e-07
YOL066C,YJL170C,1.3994506664616324e-09
YOL066C,YDR179C,9.853930532699451e-05
YOL066C,YBR095C,4.979939603799721e-06
YOL066C,YLL021W,3.151120964162146e-08
YOL066C,YDL159W,5.44559043191839e-06
YOL066C,YNL161W,0.1745554357767105
YOL066C,YNL188W,3.5424406519268814e-08
YOL066C,YJL157C,2.380387770575809e-12
YOL066C,YJL034W,2.847127221483614e-11
YOL066C,YLR238W,0.001158926053903997
YOL066C,YPR141C,2.5960624043364078e-05
YOL066C,YNL127W,1.198876452690456e-05
YOL066C,YCL055W,1.2263339649321026e-11
YOL066C,YPR122W,1.7769585610949434e-05
YOL066C,YMR065W,0.0011602853192016482
YOL066C,YDR356W,4.868812127013962e-14
YOL066C,YMR052W,6.729208479328008e-08
YOL066C,YFR008W,1.727859383349184e-10
YOL066C,YLL043W,5.098892188470927e-07
YOL066C,YMR029C,6.238115801693311e-09
YOL066C,YJR004C,1.5141304876564732e-10
YOL066C,YDL223C,2.036906781248964e-17
YOL066C,YHR158C,2.8582715458469465e-05
YOL066C,YGR238C,1.3046447255860016e-10
YOL066C,YIL015W,1.4730299999446308e-15
YOL066C,YGL173C,5.697573524088284e-10
YOL066C,YDL225W,0.00010946191468974575
YOL066C,YLR330W,8.865517315825855e-07
YOL066C,YBR129C,0.08164730668067932
YOL066C,YKR095W-A,0.2020167112350464
YOL066C,YPR075C,1.2803162696695125e-10
YOL066C,YMR198W,0.05938395485281944
YOL066C,YOR127W,4.001050547230989e-05
YOL066C,YDR264C,6.32564944869074e-10
YOL066C,YLR110C,0.003872349625453353
YOL066C,YDR379W,1.378456726541799e-08
YOL066C,YDL100C,0.0061835297383368015
YOL066C,YHR073W,1.802593352362436e-10
YOL066C,YJR090C,4.328232421357825e-07
YOL066C,YOR208W,1.9309118919671325e-13
YOL066C,YBR040W,0.0002353073941776529
YOL066C,YNL279W,5.251690141788723e-12
YOL066C,YER075C,0.9262149333953857
YOL066C,YCR089W,2.6008993359027954e-07
YOL066C,YCR002C,1.01760315374122e-06
YOL066C,YJL108C,1.3651746400000775e-09
YOL066C,YBR200W,1.1306166015856434e-05
YOL066C,YIL026C,5.708606920507009e-09
YOL066C,YJR076C,1.4563742922746314e-07
YOL066C,YKR031C,0.004904907662421465
YOL066C,YPL192C,0.04280524328351021
YOL066C,YHR107C,1.0188154675461192e-07
YOL066C,YIL037C,0.00011782197543652728
YOL066C,YPL156C,1.1831480151158758e-07
YOL066C,YIL117C,5.321650509582804e-15
YOL066C,YHR066W,2.9085960306929337e-08
YOL066C,YML085C,8.36964178518862e-11
YOL066C,YML047C,0.0089136753231287
YOL066C,YDR312W,0.6805120706558228
YOL066C,YFL037W,0.3886621296405792
YOL066C,YDL038C,0.2020167112350464
YOL066C,YDL039C,5.591919722408578e-12
YOL066C,YCL027W,0.2387540191411972
YOL066C,YML124C,0.00033771240850910544
YOL066C,YGL053W,3.8704308735759696e-07
YOL066C,YMR232W,0.00016476400196552277
YOL066C,YNL298W,1.2616692401934415e-06
YOL066C,YGL099W,6.108808975113789e-06
YOL066C,YBL016W,0.00013821414904668927
YOL066C,YAL041W,2.976204352411749e-11
YOL066C,YDR085C,1.8461052775364806e-07
YOL066C,YPL187W,2.7094129162463787e-09
YOL066C,YPL256C,2.4278266064214904e-09
YOL066C,YDR461W,3.699663238876383e-06
YOL066C,YNL145W,1.6440628769487375e-07
YNL188W,YDL165W,0.9964817762374878
YNL188W,YGR059W,9.167949038824119e-11
YNL188W,YBR109C,0.9970977306365967
YNL188W,YJL080C,0.9999897480010986
YNL188W,YCR093W,0.9997225403785706
YNL188W,YIL122W,0.999906063079834
YNL188W,YCL029C,6.3245090588248676e-12
YNL188W,YNL173C,0.9999594688415527
YNL188W,YLR452C,0.9998600482940674
YNL188W,YDL160C,0.9985131621360779
YNL188W,YLR229C,0.9997054934501648
YNL188W,YML057W,8.022666588658467e-05
YNL188W,YER149C,0.9993869066238403
YNL188W,YMR305C,0.9999985694885254
YNL188W,YLR433C,0.9967256784439087
YNL188W,YJL073W,4.832826413364577e-12
YNL188W,YGR279C,0.9999442100524902
YNL188W,YKL190W,0.9999291896820068
YNL188W,YGL089C,0.9853217005729675
YNL188W,YJL019W,0.9997844099998474
YNL188W,YJL018W,0.00251866620965302
YNL188W,YNR032C-A,0.9476811289787292
YNL188W,YGL178W,0.9999958276748657
YNL188W,YKL116C,5.425576307671598e-11
YNL188W,YDL214C,0.9981130361557007
YNL188W,YLR362W,0.9999996423721313
YNL188W,YER068W,0.814135730266571
YNL188W,YHR084W,0.013222088105976582
YNL188W,YDR392W,0.9999699592590332
YNL188W,YNL053W,0.9990071654319763
YNL188W,YGR040W,0.9998654127120972
YNL188W,YDL216C,0.9993901252746582
YNL188W,YOL117W,0.9994113445281982
YNL188W,YJR086W,0.9985685348510742
YNL188W,YMR025W,0.9997827410697937
YNL188W,YBR081C,0.9996449947357178
YNL188W,YFL026W,2.0932411644025706e-05
YNL188W,YHL007C,0.9929012656211853
YNL188W,YNR044W,0.9992178678512573
YNL188W,YNL271C,0.9997289776802063
YNL188W,YDR200C,0.999498724937439
YNL188W,YKL178C,0.9999072551727295
YNL188W,YOR212W,0.9997525811195374
YNL188W,YOL111C,1.3454725555605272e-15
YNL188W,YGL032C,0.015505875460803509
YNL188W,YHR005C,0.9996936321258545
YNL188W,YDR103W,0.9978196620941162
YNL188W,YJR084W,0.9996659755706787
YNL188W,YCL032W,0.9932102560997009
YNL188W,YJL170C,0.9999997615814209
YNL188W,YDR179C,2.107263128436898e-07
YNL188W,YBR095C,0.9996088147163391
YNL188W,YLL021W,0.9920435547828674
YNL188W,YDL159W,5.818112376425322e-13
YNL188W,YNL161W,0.9999814033508301
YNL188W,YJL157C,7.233353244373575e-06
YNL188W,YJL034W,8.807446647551842e-07
YNL188W,YLR238W,0.9998345375061035
YNL188W,YPR141C,0.9999357461929321
YNL188W,YNL127W,0.9999690055847168
YNL188W,YCL055W,5.034914920543088e-07
YNL188W,YPR122W,0.9998605251312256
YNL188W,YMR065W,0.9999934434890747
YNL188W,YDR356W,0.9993970394134521
YNL188W,YMR052W,0.9998598098754883
YNL188W,YFR008W,0.9991117119789124
YNL188W,YLL043W,0.9999604225158691
YNL188W,YMR029C,0.9986329674720764
YNL188W,YJR004C,2.9844340974222172e-12
YNL188W,YDL223C,3.543927521235113e-12
YNL188W,YHR158C,0.9999686479568481
YNL188W,YGR238C,8.047697264146336e-08
YNL188W,YIL015W,0.999935507774353
YNL188W,YGL173C,0.994927167892456
YNL188W,YDL225W,0.946815550327301
YNL188W,YLR330W,5.023102289669623e-08
YNL188W,YBR129C,0.9991320967674255
YNL188W,YKR095W-A,0.2020167112350464
YNL188W,YPR075C,1.6576987036387436e-06
YNL188W,YMR198W,0.9999998807907104
YNL188W,YOR127W,0.9999061822891235
YNL188W,YDR264C,0.9981734752655029
YNL188W,YLR110C,0.9998972415924072
YNL188W,YDR379W,0.9978054165840149
YNL188W,YDL100C,0.9994785189628601
YNL188W,YHR073W,0.9854943752288818
YNL188W,YJR090C,0.9994173049926758
YNL188W,YOR208W,0.9999958276748657
YNL188W,YBR040W,0.9999171495437622
YNL188W,YNL279W,1.0
YNL188W,YER075C,0.9964687824249268
YNL188W,YCR089W,0.7801374197006226
YNL188W,YCR002C,0.9999507665634155
YNL188W,YJL108C,0.9994452595710754
YNL188W,YBR200W,2.394731097865588e-07
YNL188W,YIL026C,0.9965893030166626
YNL188W,YJR076C,0.9926940202713013
YNL188W,YKR031C,0.9999897480010986
YNL188W,YPL192C,0.9948394894599915
YNL188W,YHR107C,0.9996817111968994
YNL188W,YIL037C,0.0037409996148198843
YNL188W,YPL156C,0.9999984502792358
YNL188W,YIL117C,1.0
YNL188W,YHR066W,3.715245819324586e-11
YNL188W,YML085C,0.9703058004379272
YNL188W,YML047C,0.9999978542327881
YNL188W,YDR312W,0.997116208076477
YNL188W,YFL037W,0.9995352029800415
YNL188W,YDL038C,0.2020167112350464
YNL188W,YDL039C,6.0183225286891684e-05
YNL188W,YCL027W,0.99997878074646
YNL188W,YML124C,1.2082571174687473e-06
YNL188W,YGL053W,0.9999978542327881
YNL188W,YMR232W,0.999504804611206
YNL188W,YNL298W,0.9999761581420898
YNL188W,YGL099W,0.9976155757904053
YNL188W,YBL016W,8.6401456655949e-08
YNL188W,YAL041W,0.9988922476768494
YNL188W,YDR085C,0.9999914169311523
YNL188W,YPL187W,0.9999892711639404
YNL188W,YPL256C,0.00023107288870960474
YNL188W,YDR461W,4.7457833716180176e-06
YNL188W,YNL145W,3.345507337826348e-08
YKL009W,YDL165W,2.736162741712178e-06
YKL009W,YGR059W,3.723065821718293e-17
YKL009W,YBR109C,0.8151125907897949
YKL009W,YJL080C,2.307277702229271e-09
YKL009W,YCR093W,1.2599903129739687e-05
YKL009W,YIL122W,4.948367759993744e-08
YKL009W,YCL029C,1.5951558921412784e-13
YKL009W,YNL173C,6.474631340486329e-18
YKL009W,YLR452C,3.937836279277462e-09
YKL009W,YDL160C,0.13831649720668793
YKL009W,YLR229C,4.26340740489195e-09
YKL009W,YML057W,6.198731103608003e-15
YKL009W,YER149C,1.0221316188108176e-05
YKL009W,YMR305C,2.680581090430678e-09
YKL009W,YLR433C,4.4158610795763664e-11
YKL009W,YJL073W,7.925369804873128e-10
YKL009W,YGR279C,2.77574178919604e-11
YKL009W,YKL190W,4.47189174579421e-09
YKL009W,YGL089C,2.990762082433207e-10
YKL009W,YJL019W,0.006298488471657038
YKL009W,YJL018W,0.00012174604489700869
YKL009W,YNR032C-A,1.1539783372427337e-05
YKL009W,YGL178W,7.337556257036582e-11
YKL009W,YKL116C,5.037180446639135e-18
YKL009W,YDL214C,3.5153483622707427e-05
YKL009W,YLR362W,4.087071878053724e-16
YKL009W,YER068W,9.576116077403621e-14
YKL009W,YHR084W,2.4612553138690478e-14
YKL009W,YDR392W,3.323691582374222e-12
YKL009W,YNL053W,1.2327963094804772e-09
YKL009W,YGR040W,2.7842322891658e-10
YKL009W,YDL216C,2.6218138771127997e-09
YKL009W,YOL117W,5.711270607323911e-18
YKL009W,YJR086W,1.7444795608057007e-10
YKL009W,YMR025W,0.6257376670837402
YKL009W,YBR081C,8.533191930837347e-10
YKL009W,YFL026W,0.9897875785827637
YKL009W,YHL007C,3.383211679558462e-13
YKL009W,YNR044W,7.53739755054994e-07
YKL009W,YNL271C,6.015605436004989e-08
YKL009W,YDR200C,5.3424730411158174e-17
YKL009W,YKL178C,1.5681580123327876e-07
YKL009W,YOR212W,1.4001518724611057e-18
YKL009W,YOL111C,1.0245313271535755e-14
YKL009W,YGL032C,4.2159743429692753e-07
YKL009W,YHR005C,0.8742712140083313
YKL009W,YDR103W,3.964483906090943e-13
YKL009W,YJR084W,4.534999576522947e-16
YKL009W,YCL032W,2.5207856364350273e-14
YKL009W,YJL170C,0.985519289970398
YKL009W,YDR179C,1.3212130278716927e-09
YKL009W,YBR095C,1.6446430890937336e-05
YKL009W,YLL021W,2.3706088825292682e-07
YKL009W,YDL159W,6.703981370037582e-09
YKL009W,YNL161W,0.06719288975000381
YKL009W,YNL188W,1.96709402189299e-06
YKL009W,YJL157C,5.020905566310851e-13
YKL009W,YJL034W,3.796555084201181e-13
YKL009W,YLR238W,4.416318972744193e-07
YKL009W,YPR141C,0.0007589484448544681
YKL009W,YNL127W,0.6902791857719421
YKL009W,YCL055W,3.389877178960887e-07
YKL009W,YPR122W,5.6536471674917266e-05
YKL009W,YMR065W,0.00010957469930872321
YKL009W,YDR356W,0.000494011677801609
YKL009W,YMR052W,1.9825313302135328e-06
YKL009W,YFR008W,5.4567248816828667e-17
YKL009W,YLL043W,0.025756126269698143
YKL009W,YMR029C,2.933246310456325e-17
YKL009W,YJR004C,5.352617790777003e-06
YKL009W,YDL223C,1.3363010278187198e-23
YKL009W,YHR158C,7.538777708759881e-07
YKL009W,YGR238C,4.128460860632862e-21
YKL009W,YIL015W,0.0030277357436716557
YKL009W,YGL173C,0.7281599640846252
YKL009W,YDL225W,1.9583252662720707e-13
YKL009W,YLR330W,2.0878539003756164e-24
YKL009W,YBR129C,1.4734741204947e-11
YKL009W,YKR095W-A,0.2020167112350464
YKL009W,YPR075C,3.170066209534639e-09
YKL009W,YMR198W,3.677018689529632e-09
YKL009W,YOR127W,1.591550682748539e-14
YKL009W,YDR264C,2.751528782596324e-09
YKL009W,YLR110C,1.3292801755160344e-11
YKL009W,YDR379W,2.1902521041283762e-07
YKL009W,YDL100C,0.00023139257973525673
YKL009W,YHR073W,1.4167286728527032e-15
YKL009W,YJR090C,3.618273680672246e-08
YKL009W,YOR208W,3.419219410716323e-06
YKL009W,YBR040W,3.5595371628005523e-06
YKL009W,YNL279W,9.7848543503809e-12
YKL009W,YER075C,0.0035351619590073824
YKL009W,YCR089W,3.1695213920102105e-07
YKL009W,YCR002C,6.302177882203455e-14
YKL009W,YJL108C,0.04106951504945755
YKL009W,YBR200W,2.4107311199367265e-12
YKL009W,YIL026C,4.3237376853000314e-20
YKL009W,YJR076C,9.102088527335184e-11
YKL009W,YKR031C,2.6811718271346763e-05
YKL009W,YPL192C,1.2024781170794085e-09
YKL009W,YHR107C,4.7128098231041804e-05
YKL009W,YIL037C,3.1475113360102114e-07
YKL009W,YPL156C,1.5193105484218196e-19
YKL009W,YIL117C,3.672594539239071e-05
YKL009W,YHR066W,3.5170319394413807e-16
YKL009W,YML085C,3.920647003395877e-15
YKL009W,YML047C,0.7764818668365479
YKL009W,YDR312W,2.1170953878879573e-09
YKL009W,YFL037W,7.089230313894745e-10
YKL009W,YDL038C,0.2020167112350464
YKL009W,YDL039C,2.253346565339598e-06
YKL009W,YCL027W,2.1511339584612266e-11
YKL009W,YML124C,2.2577039196503e-11
YKL009W,YGL053W,2.5659913539380373e-22
YKL009W,YMR232W,0.024566596373915672
YKL009W,YNL298W,2.7881017672370945e-07
YKL009W,YGL099W,2.0939698771649653e-18
YKL009W,YBL016W,8.47658761086485e-19
YKL009W,YAL041W,2.1185019249969628e-06
YKL009W,YDR085C,9.536733180937063e-09
YKL009W,YPL187W,1.1522155451970661e-09
YKL009W,YPL256C,5.061153861458945e-13
YKL009W,YDR461W,3.47428663616256e-09
YKL009W,YNL145W,1.988131881347499e-10
YOR347C,YDL165W,3.538062571806222e-07
YOR347C,YGR059W,2.0123445665376494e-06
YOR347C,YBR109C,4.294920290703885e-05
YOR347C,YJL080C,0.002819376066327095
YOR347C,YCR093W,8.926091140892822e-06
YOR347C,YIL122W,4.550284984361497e-07
YOR347C,YCL029C,8.648784444176272e-08
YOR347C,YNL173C,3.55864635537273e-08
YOR347C,YLR452C,0.004452983383089304
YOR347C,YDL160C,0.0001796339638531208
YOR347C,YLR229C,5.101663191453554e-06
YOR347C,YML057W,2.4959969854854158e-11
YOR347C,YER149C,3.2847387046786025e-05
YOR347C,YMR305C,0.11596611887216568
YOR347C,YLR433C,1.2035664020970671e-08
YOR347C,YJL073W,2.399080578641133e-08
YOR347C,YGR279C,7.143950320198655e-09
YOR347C,YKL190W,6.959187004440537e-09
YOR347C,YGL089C,0.0005155137623660266
YOR347C,YJL019W,0.009470269083976746
YOR347C,YJL018W,0.07352565973997116
YOR347C,YNR032C-A,0.0004067271947860718
YOR347C,YGL178W,1.3149020787750487e-06
YOR347C,YKL116C,9.531080991109775e-08
YOR347C,YDL214C,0.000842742680106312
YOR347C,YLR362W,4.941497309118859e-07
YOR347C,YER068W,6.450510126043696e-10
YOR347C,YHR084W,1.7726346378168362e-13
YOR347C,YDR392W,5.083978127373712e-09
YOR347C,YNL053W,0.0026232742238789797
YOR347C,YGR040W,0.005255385302007198
YOR347C,YDL216C,0.0009680765215307474
YOR347C,YOL117W,2.145500860306626e-10
YOR347C,YJR086W,0.00022700591944158077
YOR347C,YMR025W,2.965565570889339e-09
YOR347C,YBR081C,0.17278851568698883
YOR347C,YFL026W,4.1025333530342323e-07
YOR347C,YHL007C,8.740846241250821e-11
YOR347C,YNR044W,0.01683664880692959
YOR347C,YNL271C,2.1546263440086477e-07
YOR347C,YDR200C,1.994384435377583e-09
YOR347C,YKL178C,0.0006711867172271013
YOR347C,YOR212W,1.549380068688322e-11
YOR347C,YOL111C,1.3426169030716917e-11
YOR347C,YGL032C,1.8448081391397864e-05
YOR347C,YHR005C,2.4069972823781427e-06
YOR347C,YDR103W,2.9449033434048033e-08
YOR347C,YJR084W,5.6772097439816704e-11
YOR347C,YCL032W,2.1712714897148544e-06
YOR347C,YJL170C,1.8524275219533592e-05
YOR347C,YDR179C,4.1249635651663397e-11
YOR347C,YBR095C,4.9014028946636756e-11
YOR347C,YLL021W,2.391469990925543e-07
YOR347C,YDL159W,8.886636315708074e-09
YOR347C,YNL161W,5.824220352224074e-05
YOR347C,YNL188W,1.6637574564576374e-12
YOR347C,YJL157C,1.0347123413070522e-13
YOR347C,YJL034W,1.3779791743218084e-06
YOR347C,YLR238W,1.4990270756243262e-05
YOR347C,YPR141C,4.3864434701390564e-05
YOR347C,YNL127W,0.004896034486591816
YOR347C,YCL055W,0.028134411200881004
YOR347C,YPR122W,1.947063665852511e-08
YOR347C,YMR065W,0.7185208797454834
YOR347C,YDR356W,4.930167051497847e-05
YOR347C,YMR052W,1.3381647079313552e-07
YOR347C,YFR008W,7.888734785410634e-07
YOR347C,YLL043W,3.2976469862069924e-14
YOR347C,YMR029C,1.2890235545626183e-08
YOR347C,YJR004C,1.883183927020582e-06
YOR347C,YDL223C,2.5406361500154634e-16
YOR347C,YHR158C,0.00032053960603661835
YOR347C,YGR238C,3.058754638463057e-11
YOR347C,YIL015W,3.2971811378956772e-06
YOR347C,YGL173C,0.1367230862379074
YOR347C,YDL225W,1.0304960596840829e-05
YOR347C,YLR330W,0.844664990901947
YOR347C,YBR129C,5.775323006673716e-05
YOR347C,YKR095W-A,0.2020167112350464
YOR347C,YPR075C,1.204155886114222e-09
YOR347C,YMR198W,5.116266947879922e-07
YOR347C,YOR127W,1.0830553343055271e-08
YOR347C,YDR264C,9.800225598155521e-06
YOR347C,YLR110C,6.109142987043015e-07
YOR347C,YDR379W,5.0028008402591695e-09
YOR347C,YDL100C,1.1182750688995546e-12
YOR347C,YHR073W,4.468693987291772e-06
YOR347C,YJR090C,4.9239243793408605e-09
YOR347C,YOR208W,8.640423746867916e-16
YOR347C,YBR040W,0.999998927116394
YOR347C,YNL279W,0.007518596947193146
YOR347C,YER075C,6.160551606626541e-07
YOR347C,YCR089W,0.4587864875793457
YOR347C,YCR002C,1.1967098600962345e-07
YOR347C,YJL108C,0.42468690872192383
YOR347C,YBR200W,2.2667231980300073e-10
YOR347C,YIL026C,5.006125502404757e-05
YOR347C,YJR076C,1.5260084182955325e-05
YOR347C,YKR031C,9.55440726535528e-10
YOR347C,YPL192C,0.9827386736869812
YOR347C,YHR107C,6.045465283932572e-08
YOR347C,YIL037C,0.9839282035827637
YOR347C,YPL156C,0.9963964819908142
YOR347C,YIL117C,9.55630366661353e-06
YOR347C,YHR066W,9.912711603611932e-18
YOR347C,YML085C,0.004690861329436302
YOR347C,YML047C,0.9999983310699463
YOR347C,YDR312W,5.931142368353903e-07
YOR347C,YFL037W,0.0002539187844377011
YOR347C,YDL038C,0.2020167112350464
YOR347C,YDL039C,3.085972721805774e-08
YOR347C,YCL027W,0.08813243359327316
YOR347C,YML124C,4.47062193416059e-05
YOR347C,YGL053W,1.9553196545620335e-14
YOR347C,YMR232W,0.9999977350234985
YOR347C,YNL298W,6.590902756897776e-08
YOR347C,YGL099W,1.3452716234635707e-16
YOR347C,YBL016W,1.7114873074319803e-08
YOR347C,YAL041W,0.0012316973879933357
YOR347C,YDR085C,1.926369286309182e-09
YOR347C,YPL187W,0.0008069186005741358
YOR347C,YPL256C,0.04658420756459236
YOR347C,YDR461W,5.2086373408810616e-11
YOR347C,YNL145W,1.6806992562123924e-06
YDR092W,YDL165W,2.476840109011391e-06
YDR092W,YGR059W,6.888445369668261e-08
YDR092W,YBR109C,0.0008857786888256669
YDR092W,YJL080C,1.933201687620567e-08
YDR092W,YCR093W,1.5524253171861346e-07
YDR092W,YIL122W,3.3314094594061316e-08
YDR092W,YCL029C,2.0710261949830056e-08
YDR092W,YNL173C,0.008577562868595123
YDR092W,YLR452C,2.399394016805445e-10
YDR092W,YDL160C,2.6424527010959764e-09
YDR092W,YLR229C,1.4226753819457372e-07
YDR092W,YML057W,1.1452200949710334e-12
YDR092W,YER149C,0.003726237453520298
YDR092W,YMR305C,3.072483586996633e-11
YDR092W,YLR433C,0.00027262675575912
YDR092W,YJL073W,2.041843256972431e-13
YDR092W,YGR279C,9.145397683596457e-08
YDR092W,YKL190W,2.278577500292034e-11
YDR092W,YGL089C,1.5645938447050867e-06
YDR092W,YJL019W,3.159777043038048e-05
YDR092W,YJL018W,0.2020167112350464
YDR092W,YNR032C-A,0.00010026974632637575
YDR092W,YGL178W,1.2307951990919719e-08
YDR092W,YKL116C,2.5411164727984215e-08
YDR092W,YDL214C,1.355397444058326e-06
YDR092W,YLR362W,1.6839443617300276e-08
YDR092W,YER068W,2.290603084986742e-08
YDR092W,YHR084W,1.0405747374875318e-09
YDR092W,YDR392W,0.007002760656177998
YDR092W,YNL053W,3.820061156289967e-09
YDR092W,YGR040W,0.027121221646666527
YDR092W,YDL216C,8.262268238468096e-06
YDR092W,YOL117W,0.015820054337382317
YDR092W,YJR086W,2.9242604796309024e-05
YDR092W,YMR025W,0.5743356943130493
YDR092W,YBR081C,6.994663272053003e-05
YDR092W,YFL026W,3.9973743696464226e-05
YDR092W,YHL007C,0.002411923836916685
YDR092W,YNR044W,0.5603851675987244
YDR092W,YNL271C,1.0220600188404205e-07
YDR092W,YDR200C,6.189029591041617e-07
YDR092W,YKL178C,3.645200558821671e-05
YDR092W,YOR212W,2.1685920614800125e-08
YDR092W,YOL111C,1.1552919731983025e-09
YDR092W,YGL032C,1.2608985855422361e-08
YDR092W,YHR005C,0.005326848942786455
YDR092W,YDR103W,0.00046565383672714233
YDR092W,YJR084W,0.0044071851298213005
YDR092W,YCL032W,1.1371936352588818e-06
YDR092W,YJL170C,2.1545388335653115e-06
YDR092W,YDR179C,4.744273042185752e-15
YDR092W,YBR095C,1.332560373157321e-06
YDR092W,YLL021W,3.9512113025885753e-10
YDR092W,YDL159W,6.104233563064554e-08
YDR092W,YNL161W,4.6151893418056034e-10
YDR092W,YNL188W,1.2852085617964804e-08
YDR092W,YJL157C,9.129280447925381e-15
YDR092W,YJL034W,4.748372361973452e-07
YDR092W,YLR238W,3.393454335309798e-07
YDR092W,YPR141C,6.649624992860481e-05
YDR092W,YNL127W,8.171830813807901e-06
YDR092W,YCL055W,4.262080324224371e-07
YDR092W,YPR122W,1.6916276024403487e-07
YDR092W,YMR065W,0.29771068692207336
YDR092W,YDR356W,1.1229078609176213e-06
YDR092W,YMR052W,0.00025330751668661833
YDR092W,YFR008W,1.4763127182959579e-06
YDR092W,YLL043W,1.2155408057878958e-06
YDR092W,YMR029C,0.02253861539065838
YDR092W,YJR004C,9.365291779117688e-16
YDR092W,YDL223C,6.787522099926946e-09
YDR092W,YHR158C,4.057711198296454e-12
YDR092W,YGR238C,2.7383580345485825e-06
YDR092W,YIL015W,1.1031987014575861e-05
YDR092W,YGL173C,1.8032919797406066e-06
YDR092W,YDL225W,0.8256508708000183
YDR092W,YLR330W,0.0008237396250478923
YDR092W,YBR129C,0.043436720967292786
YDR092W,YKR095W-A,0.2020167112350464
YDR092W,YPR075C,1.2955229067301843e-06
YDR092W,YMR198W,0.3360503911972046
YDR092W,YOR127W,7.355239631579025e-06
YDR092W,YDR264C,6.865707291581202e-06
YDR092W,YLR110C,7.197421759735164e-18
YDR092W,YDR379W,0.00016637523367535323
YDR092W,YDL100C,1.6467131445097039e-06
YDR092W,YHR073W,0.9751850366592407
YDR092W,YJR090C,3.379543755954728e-08
YDR092W,YOR208W,3.841014768113382e-05
YDR092W,YBR040W,1.7153165288164018e-07
YDR092W,YNL279W,0.0002147494669770822
YDR092W,YER075C,4.98887908761958e-09
YDR092W,YCR089W,2.9414085056522765e-10
YDR092W,YCR002C,3.7807936337230785e-07
YDR092W,YJL108C,0.012726115994155407
YDR092W,YBR200W,2.9494735542812123e-08
YDR092W,YIL026C,8.73654215638453e-08
YDR092W,YJR076C,4.205244152899468e-08
YDR092W,YKR031C,2.0135769318585517e-06
YDR092W,YPL192C,1.7470192403834517e-07
YDR092W,YHR107C,9.368597631009834e-08
YDR092W,YIL037C,3.7359016005211743e-06
YDR092W,YPL156C,2.105008434227784e-06
YDR092W,YIL117C,6.037370212652604e-07
YDR092W,YHR066W,2.5468932518535325e-10
YDR092W,YML085C,3.403871965106803e-13
YDR092W,YML047C,9.619099728297442e-06
YDR092W,YDR312W,2.9917529900558293e-05
YDR092W,YFL037W,7.90988178778207e-06
YDR092W,YDL038C,0.2020167112350464
YDR092W,YDL039C,4.207314319160105e-08
YDR092W,YCL027W,0.042799536138772964
YDR092W,YML124C,3.6831215161070574e-11
YDR092W,YGL053W,1.8032287468772168e-11
YDR092W,YMR232W,0.10422158986330032
YDR092W,YNL298W,6.443175948334101e-08
YDR092W,YGL099W,3.2881929126695082e-15
YDR092W,YBL016W,3.3125929803645704e-06
YDR092W,YAL041W,2.8028071028529666e-05
YDR092W,YDR085C,2.3481911114322336e-15
YDR092W,YPL187W,1.800006970142931e-07
YDR092W,YPL256C,1.0578648010741223e-13
YDR092W,YDR461W,5.463560910357046e-07
YDR092W,YNL145W,5.5494929540600424e-08
tE(UUC)I,YDL165W,0.2020167112350464
tE(UUC)I,YGR059W,0.2020167112350464
tE(UUC)I,YBR109C,0.2020167112350464
tE(UUC)I,YJL080C,0.2020167112350464
tE(UUC)I,YCR093W,0.2020167112350464
tE(UUC)I,YIL122W,0.2020167112350464
tE(UUC)I,YCL029C,0.2020167112350464
tE(UUC)I,YNL173C,0.2020167112350464
tE(UUC)I,YLR452C,0.2020167112350464
tE(UUC)I,YDL160C,0.2020167112350464
tE(UUC)I,YLR229C,0.2020167112350464
tE(UUC)I,YML057W,0.2020167112350464
tE(UUC)I,YER149C,0.2020167112350464
tE(UUC)I,YMR305C,0.2020167112350464
tE(UUC)I,YLR433C,0.2020167112350464
tE(UUC)I,YJL073W,0.2020167112350464
tE(UUC)I,YGR279C,0.2020167112350464
tE(UUC)I,YKL190W,0.2020167112350464
tE(UUC)I,YGL089C,0.2020167112350464
tE(UUC)I,YJL019W,0.2020167112350464
tE(UUC)I,YJL018W,0.2020167112350464
tE(UUC)I,YNR032C-A,0.2020167112350464
tE(UUC)I,YGL178W,0.2020167112350464
tE(UUC)I,YKL116C,0.2020167112350464
tE(UUC)I,YDL214C,0.2020167112350464
tE(UUC)I,YLR362W,0.2020167112350464
tE(UUC)I,YER068W,0.2020167112350464
tE(UUC)I,YHR084W,0.2020167112350464
tE(UUC)I,YDR392W,0.2020167112350464
tE(UUC)I,YNL053W,0.2020167112350464
tE(UUC)I,YGR040W,0.2020167112350464
tE(UUC)I,YDL216C,0.2020167112350464
tE(UUC)I,YOL117W,0.2020167112350464
tE(UUC)I,YJR086W,0.2020167112350464
tE(UUC)I,YMR025W,0.2020167112350464
tE(UUC)I,YBR081C,0.2020167112350464
tE(UUC)I,YFL026W,0.2020167112350464
tE(UUC)I,YHL007C,0.2020167112350464
tE(UUC)I,YNR044W,0.2020167112350464
tE(UUC)I,YNL271C,0.2020167112350464
tE(UUC)I,YDR200C,0.2020167112350464
tE(UUC)I,YKL178C,0.2020167112350464
tE(UUC)I,YOR212W,0.2020167112350464
tE(UUC)I,YOL111C,0.2020167112350464
tE(UUC)I,YGL032C,0.2020167112350464
tE(UUC)I,YHR005C,0.2020167112350464
tE(UUC)I,YDR103W,0.2020167112350464
tE(UUC)I,YJR084W,0.2020167112350464
tE(UUC)I,YCL032W,0.2020167112350464
tE(UUC)I,YJL170C,0.2020167112350464
tE(UUC)I,YDR179C,0.2020167112350464
tE(UUC)I,YBR095C,0.2020167112350464
tE(UUC)I,YLL021W,0.2020167112350464
tE(UUC)I,YDL159W,0.2020167112350464
tE(UUC)I,YNL161W,0.2020167112350464
tE(UUC)I,YNL188W,0.2020167112350464
tE(UUC)I,YJL157C,0.2020167112350464
tE(UUC)I,YJL034W,0.2020167112350464
tE(UUC)I,YLR238W,0.2020167112350464
tE(UUC)I,YPR141C,0.2020167112350464
tE(UUC)I,YNL127W,0.2020167112350464
tE(UUC)I,YCL055W,0.2020167112350464
tE(UUC)I,YPR122W,0.2020167112350464
tE(UUC)I,YMR065W,0.2020167112350464
tE(UUC)I,YDR356W,0.2020167112350464
tE(UUC)I,YMR052W,0.2020167112350464
tE(UUC)I,YFR008W,0.2020167112350464
tE(UUC)I,YLL043W,0.2020167112350464
tE(UUC)I,YMR029C,0.2020167112350464
tE(UUC)I,YJR004C,0.2020167112350464
tE(UUC)I,YDL223C,0.2020167112350464
tE(UUC)I,YHR158C,0.2020167112350464
tE(UUC)I,YGR238C,0.2020167112350464
tE(UUC)I,YIL015W,0.2020167112350464
tE(UUC)I,YGL173C,0.2020167112350464
tE(UUC)I,YDL225W,0.2020167112350464
tE(UUC)I,YLR330W,0.2020167112350464
tE(UUC)I,YBR129C,0.2020167112350464
tE(UUC)I,YKR095W-A,0.2020167112350464
tE(UUC)I,YPR075C,0.2020167112350464
tE(UUC)I,YMR198W,0.2020167112350464
tE(UUC)I,YOR127W,0.2020167112350464
tE(UUC)I,YDR264C,0.2020167112350464
tE(UUC)I,YLR110C,0.2020167112350464
tE(UUC)I,YDR379W,0.2020167112350464
tE(UUC)I,YDL100C,0.2020167112350464
tE(UUC)I,YHR073W,0.2020167112350464
tE(UUC)I,YJR090C,0.2020167112350464
tE(UUC)I,YOR208W,0.2020167112350464
tE(UUC)I,YBR040W,0.2020167112350464
tE(UUC)I,YNL279W,0.2020167112350464
tE(UUC)I,YER075C,0.2020167112350464
tE(UUC)I,YCR089W,0.2020167112350464
tE(UUC)I,YCR002C,0.2020167112350464
tE(UUC)I,YJL108C,0.2020167112350464
tE(UUC)I,YBR200W,0.2020167112350464
tE(UUC)I,YIL026C,0.2020167112350464
tE(UUC)I,YJR076C,0.2020167112350464
tE(UUC)I,YKR031C,0.2020167112350464
tE(UUC)I,YPL192C,0.2020167112350464
tE(UUC)I,YHR107C,0.2020167112350464
tE(UUC)I,YIL037C,0.2020167112350464
tE(UUC)I,YPL156C,0.2020167112350464
tE(UUC)I,YIL117C,0.2020167112350464
tE(UUC)I,YHR066W,0.2020167112350464
tE(UUC)I,YML085C,0.2020167112350464
tE(UUC)I,YML047C,0.2020167112350464
tE(UUC)I,YDR312W,0.2020167112350464
tE(UUC)I,YFL037W,0.2020167112350464
tE(UUC)I,YDL038C,0.2020167112350464
tE(UUC)I,YDL039C,0.2020167112350464
tE(UUC)I,YCL027W,0.2020167112350464
tE(UUC)I,YML124C,0.2020167112350464
tE(UUC)I,YGL053W,0.2020167112350464
tE(UUC)I,YMR232W,0.2020167112350464
tE(UUC)I,YNL298W,0.2020167112350464
tE(UUC)I,YGL099W,0.2020167112350464
tE(UUC)I,YBL016W,0.2020167112350464
tE(UUC)I,YAL041W,0.2020167112350464
tE(UUC)I,YDR085C,0.2020167112350464
tE(UUC)I,YPL187W,0.2020167112350464
tE(UUC)I,YPL256C,0.2020167112350464
tE(UUC)I,YDR461W,0.2020167112350464
tE(UUC)I,YNL145W,0.2020167112350464
MEL6,YDL165W,0.2020167112350464
MEL6,YGR059W,0.2020167112350464
MEL6,YBR109C,0.2020167112350464
MEL6,YJL080C,0.2020167112350464
MEL6,YCR093W,0.2020167112350464
MEL6,YIL122W,0.2020167112350464
MEL6,YCL029C,0.2020167112350464
MEL6,YNL173C,0.2020167112350464
MEL6,YLR452C,0.2020167112350464
MEL6,YDL160C,0.2020167112350464
MEL6,YLR229C,0.2020167112350464
MEL6,YML057W,0.2020167112350464
MEL6,YER149C,0.2020167112350464
MEL6,YMR305C,0.2020167112350464
MEL6,YLR433C,0.2020167112350464
MEL6,YJL073W,0.2020167112350464
MEL6,YGR279C,0.2020167112350464
MEL6,YKL190W,0.2020167112350464
MEL6,YGL089C,0.2020167112350464
MEL6,YJL019W,0.2020167112350464
MEL6,YJL018W,0.2020167112350464
MEL6,YNR032C-A,0.2020167112350464
MEL6,YGL178W,0.2020167112350464
MEL6,YKL116C,0.2020167112350464
MEL6,YDL214C,0.2020167112350464
MEL6,YLR362W,0.2020167112350464
MEL6,YER068W,0.2020167112350464
MEL6,YHR084W,0.2020167112350464
MEL6,YDR392W,0.2020167112350464
MEL6,YNL053W,0.2020167112350464
MEL6,YGR040W,0.2020167112350464
MEL6,YDL216C,0.2020167112350464
MEL6,YOL117W,0.2020167112350464
MEL6,YJR086W,0.2020167112350464
MEL6,YMR025W,0.2020167112350464
MEL6,YBR081C,0.2020167112350464
MEL6,YFL026W,0.2020167112350464
MEL6,YHL007C,0.2020167112350464
MEL6,YNR044W,0.2020167112350464
MEL6,YNL271C,0.2020167112350464
MEL6,YDR200C,0.2020167112350464
MEL6,YKL178C,0.2020167112350464
MEL6,YOR212W,0.2020167112350464
MEL6,YOL111C,0.2020167112350464
MEL6,YGL032C,0.2020167112350464
MEL6,YHR005C,0.2020167112350464
MEL6,YDR103W,0.2020167112350464
MEL6,YJR084W,0.2020167112350464
MEL6,YCL032W,0.2020167112350464
MEL6,YJL170C,0.2020167112350464
MEL6,YDR179C,0.2020167112350464
MEL6,YBR095C,0.2020167112350464
MEL6,YLL021W,0.2020167112350464
MEL6,YDL159W,0.2020167112350464
MEL6,YNL161W,0.2020167112350464
MEL6,YNL188W,0.2020167112350464
MEL6,YJL157C,0.2020167112350464
MEL6,YJL034W,0.2020167112350464
MEL6,YLR238W,0.2020167112350464
MEL6,YPR141C,0.2020167112350464
MEL6,YNL127W,0.2020167112350464
MEL6,YCL055W,0.2020167112350464
MEL6,YPR122W,0.2020167112350464
MEL6,YMR065W,0.2020167112350464
MEL6,YDR356W,0.2020167112350464
MEL6,YMR052W,0.2020167112350464
MEL6,YFR008W,0.2020167112350464
MEL6,YLL043W,0.2020167112350464
MEL6,YMR029C,0.2020167112350464
MEL6,YJR004C,0.2020167112350464
MEL6,YDL223C,0.2020167112350464
MEL6,YHR158C,0.2020167112350464
MEL6,YGR238C,0.2020167112350464
MEL6,YIL015W,0.2020167112350464
MEL6,YGL173C,0.2020167112350464
MEL6,YDL225W,0.2020167112350464
MEL6,YLR330W,0.2020167112350464
MEL6,YBR129C,0.2020167112350464
MEL6,YKR095W-A,0.2020167112350464
MEL6,YPR075C,0.2020167112350464
MEL6,YMR198W,0.2020167112350464
MEL6,YOR127W,0.2020167112350464
MEL6,YDR264C,0.2020167112350464
MEL6,YLR110C,0.2020167112350464
MEL6,YDR379W,0.2020167112350464
MEL6,YDL100C,0.2020167112350464
MEL6,YHR073W,0.2020167112350464
MEL6,YJR090C,0.2020167112350464
MEL6,YOR208W,0.2020167112350464
MEL6,YBR040W,0.2020167112350464
MEL6,YNL279W,0.2020167112350464
MEL6,YER075C,0.2020167112350464
MEL6,YCR089W,0.2020167112350464
MEL6,YCR002C,0.2020167112350464
MEL6,YJL108C,0.2020167112350464
MEL6,YBR200W,0.2020167112350464
MEL6,YIL026C,0.2020167112350464
MEL6,YJR076C,0.2020167112350464
MEL6,YKR031C,0.2020167112350464
MEL6,YPL192C,0.2020167112350464
MEL6,YHR107C,0.2020167112350464
MEL6,YIL037C,0.2020167112350464
MEL6,YPL156C,0.2020167112350464
MEL6,YIL117C,0.2020167112350464
MEL6,YHR066W,0.2020167112350464
MEL6,YML085C,0.2020167112350464
MEL6,YML047C,0.2020167112350464
MEL6,YDR312W,0.2020167112350464
MEL6,YFL037W,0.2020167112350464
MEL6,YDL038C,0.2020167112350464
MEL6,YDL039C,0.2020167112350464
MEL6,YCL027W,0.2020167112350464
MEL6,YML124C,0.2020167112350464
MEL6,YGL053W,0.2020167112350464
MEL6,YMR232W,0.2020167112350464
MEL6,YNL298W,0.2020167112350464
MEL6,YGL099W,0.2020167112350464
MEL6,YBL016W,0.2020167112350464
MEL6,YAL041W,0.2020167112350464
MEL6,YDR085C,0.2020167112350464
MEL6,YPL187W,0.2020167112350464
MEL6,YPL256C,0.2020167112350464
MEL6,YDR461W,0.2020167112350464
MEL6,YNL145W,0.2020167112350464
YGL026C,YDL165W,0.00887824222445488
YGL026C,YGR059W,0.00010882465721806511
YGL026C,YBR109C,8.75256667143276e-09
YGL026C,YJL080C,3.682594069687184e-06
YGL026C,YCR093W,4.257077357294747e-09
YGL026C,YIL122W,0.000357918965164572
YGL026C,YCL029C,1.1707927682902408e-10
YGL026C,YNL173C,1.833671922213398e-05
YGL026C,YLR452C,2.7093813059764216e-07
YGL026C,YDL160C,4.005666050943546e-05
YGL026C,YLR229C,2.5252762497984804e-05
YGL026C,YML057W,2.440984121375358e-14
YGL026C,YER149C,1.548062719680665e-11
YGL026C,YMR305C,7.911316567132953e-12
YGL026C,YLR433C,0.01517174020409584
YGL026C,YJL073W,3.87999061786104e-05
YGL026C,YGR279C,4.5122439118472357e-10
YGL026C,YKL190W,1.2250330749807858e-09
YGL026C,YGL089C,0.0008412107126787305
YGL026C,YJL019W,0.0005526485037989914
YGL026C,YJL018W,0.00030349090229719877
YGL026C,YNR032C-A,0.05438600108027458
YGL026C,YGL178W,4.950780407853017e-07
YGL026C,YKL116C,7.810360136417671e-10
YGL026C,YDL214C,0.00031213575857691467
YGL026C,YLR362W,3.6537372238854005e-07
YGL026C,YER068W,6.1006923957052095e-09
YGL026C,YHR084W,5.375338218982506e-08
YGL026C,YDR392W,8.226598993132939e-07
YGL026C,YNL053W,4.484147666516947e-06
YGL026C,YGR040W,2.1441983335535042e-05
YGL026C,YDL216C,0.00012551034160424024
YGL026C,YOL117W,0.0025930406991392374
YGL026C,YJR086W,5.774596138508059e-05
YGL026C,YMR025W,1.1866065506183077e-05
YGL026C,YBR081C,0.050898198038339615
YGL026C,YFL026W,1.3559523512687854e-12
YGL026C,YHL007C,5.928880719707763e-10
YGL026C,YNR044W,3.179076113468682e-09
YGL026C,YNL271C,0.00010355428094044328
YGL026C,YDR200C,1.2858619724553932e-10
YGL026C,YKL178C,4.806755669051199e-07
YGL026C,YOR212W,4.766781045405233e-13
YGL026C,YOL111C,1.9236437442948784e-10
YGL026C,YGL032C,3.1438853742571382e-09
YGL026C,YHR005C,2.0466272990585233e-13
YGL026C,YDR103W,3.68657783837989e-05
YGL026C,YJR084W,4.32535853178706e-06
YGL026C,YCL032W,2.0892807697237004e-06
YGL026C,YJL170C,3.0442108709394233e-06
YGL026C,YDR179C,1.0144007284011193e-14
YGL026C,YBR095C,2.6392688141640974e-06
YGL026C,YLL021W,2.838819739281462e-07
YGL026C,YDL159W,3.857734753864861e-08
YGL026C,YNL161W,0.029087990522384644
YGL026C,YNL188W,8.829994840198196e-06
YGL026C,YJL157C,4.306732304115712e-09
YGL026C,YJL034W,1.5252604145431641e-22
YGL026C,YLR238W,0.000558712868951261
YGL026C,YPR141C,5.928122277509829e-07
YGL026C,YNL127W,0.008799285627901554
YGL026C,YCL055W,3.99240696058456e-10
YGL026C,YPR122W,0.00010186113649979234
YGL026C,YMR065W,4.962782185202741e-08
YGL026C,YDR356W,7.688545883866027e-05
YGL026C,YMR052W,0.12711156904697418
YGL026C,YFR008W,6.213768943830189e-10
YGL026C,YLL043W,1.684696599113522e-06
YGL026C,YMR029C,0.00042695525917224586
YGL026C,YJR004C,1.7080802050539745e-11
YGL026C,YDL223C,9.272868737753015e-06
YGL026C,YHR158C,0.002714374801144004
YGL026C,YGR238C,3.3979596913980004e-11
YGL026C,YIL015W,8.484279533149675e-06
YGL026C,YGL173C,0.0012529899831861258
YGL026C,YDL225W,0.0029637417756021023
YGL026C,YLR330W,6.382584044617445e-11
YGL026C,YBR129C,5.266121760882925e-09
YGL026C,YKR095W-A,0.2020167112350464
YGL026C,YPR075C,1.771437102636008e-14
YGL026C,YMR198W,1.993072231698534e-07
YGL026C,YOR127W,0.05272136628627777
YGL026C,YDR264C,2.2072156014019129e-07
YGL026C,YLR110C,1.071289474907644e-07
YGL026C,YDR379W,8.576763299572576e-09
YGL026C,YDL100C,5.5456437138029935e-15
YGL026C,YHR073W,2.4395602205018463e-10
YGL026C,YJR090C,5.116198735777289e-07
YGL026C,YOR208W,2.1946901761216164e-12
YGL026C,YBR040W,9.170574344352644e-07
YGL026C,YNL279W,5.924782271904405e-06
YGL026C,YER075C,2.9538878720813955e-07
YGL026C,YCR089W,2.783576569242996e-08
YGL026C,YCR002C,3.4970287776658893e-10
YGL026C,YJL108C,0.006757261231541634
YGL026C,YBR200W,0.1309335082769394
YGL026C,YIL026C,0.001175945159047842
YGL026C,YJR076C,1.5934120938254637e-06
YGL026C,YKR031C,2.781420649355937e-09
YGL026C,YPL192C,0.0060025290586054325
YGL026C,YHR107C,2.824701583747924e-11
YGL026C,YIL037C,1.882524518215245e-12
YGL026C,YPL156C,0.00038320355815812945
YGL026C,YIL117C,3.6563864114214084e-07
YGL026C,YHR066W,6.973893684758536e-10
YGL026C,YML085C,4.241103468416441e-09
YGL026C,YML047C,8.625143550489156e-07
YGL026C,YDR312W,1.1843283687085204e-08
YGL026C,YFL037W,7.670283136938794e-15
YGL026C,YDL038C,0.2020167112350464
YGL026C,YDL039C,9.423229130494903e-18
YGL026C,YCL027W,5.5538141197075674e-08
YGL026C,YML124C,0.021579517051577568
YGL026C,YGL053W,2.3707060847755201e-07
YGL026C,YMR232W,3.4109666557924356e-06
YGL026C,YNL298W,3.865417056658771e-06
YGL026C,YGL099W,3.5997632949147373e-05
YGL026C,YBL016W,3.1248708481923515e-11
YGL026C,YAL041W,0.10658427327871323
YGL026C,YDR085C,0.002286519156768918
YGL026C,YPL187W,0.0005485527217388153
YGL026C,YPL256C,3.1325523650593823e-06
YGL026C,YDR461W,3.0687019592079423e-10
YGL026C,YNL145W,3.1493661845072296e-12
YNL091W,YDL165W,0.00015015476674307138
YNL091W,YGR059W,1.4081376775720855e-07
YNL091W,YBR109C,1.0149301488127094e-05
YNL091W,YJL080C,0.0010914442827925086
YNL091W,YCR093W,0.09318999201059341
YNL091W,YIL122W,0.057303864508867264
YNL091W,YCL029C,2.3265018356255496e-08
YNL091W,YNL173C,0.12858392298221588
YNL091W,YLR452C,0.9999200105667114
YNL091W,YDL160C,0.8222848773002625
YNL091W,YLR229C,1.5639487926932816e-08
YNL091W,YML057W,3.074149823589778e-10
YNL091W,YER149C,0.5026546716690063
YNL091W,YMR305C,0.002007646020501852
YNL091W,YLR433C,0.00023885395785328
YNL091W,YJL073W,2.243573726445902e-05
YNL091W,YGR279C,0.9544898867607117
YNL091W,YKL190W,0.2953057587146759
YNL091W,YGL089C,0.0012708294671028852
YNL091W,YJL019W,0.7901700735092163
YNL091W,YJL018W,0.002710784785449505
YNL091W,YNR032C-A,0.995502769947052
YNL091W,YGL178W,0.9492318630218506
YNL091W,YKL116C,6.843213640195245e-08
YNL091W,YDL214C,0.9972678422927856
YNL091W,YLR362W,0.0004235664673615247
YNL091W,YER068W,0.13034820556640625
YNL091W,YHR084W,5.69538588024443e-06
YNL091W,YDR392W,0.15919366478919983
YNL091W,YNL053W,0.983770489692688
YNL091W,YGR040W,0.00043535782606340945
YNL091W,YDL216C,2.6940476516301715e-08
YNL091W,YOL117W,3.7178055208642036e-05
YNL091W,YJR086W,0.0004077460616827011
YNL091W,YMR025W,0.0010175984352827072
YNL091W,YBR081C,4.217139121465152e-06
YNL091W,YFL026W,0.9999556541442871
YNL091W,YHL007C,5.3737288396860095e-08
YNL091W,YNR044W,5.594597678282298e-05
YNL091W,YNL271C,5.133079028496468e-08
YNL091W,YDR200C,4.3202206143178046e-05
YNL091W,YKL178C,0.8838246464729309
YNL091W,YOR212W,2.28659719141433e-05
YNL091W,YOL111C,3.762050582167831e-08
YNL091W,YGL032C,0.8567202687263489
YNL091W,YHR005C,0.002058937679976225
YNL091W,YDR103W,0.002607291331514716
YNL091W,YJR084W,1.1632596397248562e-05
YNL091W,YCL032W,8.622590394224972e-05
YNL091W,YJL170C,0.9582294821739197
YNL091W,YDR179C,1.3589525060808683e-09
YNL091W,YBR095C,0.9991185069084167
YNL091W,YLL021W,1.1889387252494998e-08
YNL091W,YDL159W,0.0005391763406805694
YNL091W,YNL161W,0.9848259091377258
YNL091W,YNL188W,0.005596613977104425
YNL091W,YJL157C,0.9999268054962158
YNL091W,YJL034W,1.3719751246546452e-12
YNL091W,YLR238W,0.0008378892089240253
YNL091W,YPR141C,0.08967426419258118
YNL091W,YNL127W,0.000939840916544199
YNL091W,YCL055W,7.496234957216075e-07
YNL091W,YPR122W,0.9997913241386414
YNL091W,YMR065W,0.048054564744234085
YNL091W,YDR356W,0.13906657695770264
YNL091W,YMR052W,0.9447939395904541
YNL091W,YFR008W,9.937498543877155e-05
YNL091W,YLL043W,0.024553755298256874
YNL091W,YMR029C,1.1435208762122784e-06
YNL091W,YJR004C,1.4863321684543962e-10
YNL091W,YDL223C,8.239522912845132e-07
YNL091W,YHR158C,0.0003426800249144435
YNL091W,YGR238C,0.00010397629375802353
YNL091W,YIL015W,0.9983232617378235
YNL091W,YGL173C,0.9868788123130798
YNL091W,YDL225W,0.0016354339895769954
YNL091W,YLR330W,9.899360442489069e-09
YNL091W,YBR129C,0.9961351156234741
YNL091W,YKR095W-A,0.2020167112350464
YNL091W,YPR075C,8.039470422716022e-09
YNL091W,YMR198W,2.736387330060097e-07
YNL091W,YOR127W,6.874945484014461e-07
YNL091W,YDR264C,0.008508491329848766
YNL091W,YLR110C,0.4132116138935089
YNL091W,YDR379W,0.002125973580405116
YNL091W,YDL100C,0.10767275840044022
YNL091W,YHR073W,1.3478937034960836e-05
YNL091W,YJR090C,0.03006628528237343
YNL091W,YOR208W,6.919740371813532e-06
YNL091W,YBR040W,0.00023485059500671923
YNL091W,YNL279W,0.8806753754615784
YNL091W,YER075C,0.0062450929544866085
YNL091W,YCR089W,1.3841734016750706e-06
YNL091W,YCR002C,0.999650239944458
YNL091W,YJL108C,2.4943430616986006e-05
YNL091W,YBR200W,5.739217158406973e-06
YNL091W,YIL026C,0.7997280359268188
YNL091W,YJR076C,2.041338298397477e-08
YNL091W,YKR031C,0.5819712281227112
YNL091W,YPL192C,0.021107209846377373
YNL091W,YHR107C,6.070780727895908e-06
YNL091W,YIL037C,0.00699006300419569
YNL091W,YPL156C,0.005230637267231941
YNL091W,YIL117C,0.13225293159484863
YNL091W,YHR066W,1.2260719349510563e-11
YNL091W,YML085C,0.15151144564151764
YNL091W,YML047C,0.00012237105693202466
YNL091W,YDR312W,0.6903371810913086
YNL091W,YFL037W,0.7616920471191406
YNL091W,YDL038C,0.2020167112350464
YNL091W,YDL039C,1.6642709346065265e-13
YNL091W,YCL027W,9.33468591313158e-09
YNL091W,YML124C,3.152655699523166e-05
YNL091W,YGL053W,6.030550594005035e-06
YNL091W,YMR232W,0.007465298753231764
YNL091W,YNL298W,0.8851090669631958
YNL091W,YGL099W,8.117769539239816e-06
YNL091W,YBL016W,0.0007030793931335211
YNL091W,YAL041W,0.9973938465118408
YNL091W,YDR085C,0.054827239364385605
YNL091W,YPL187W,0.9976164102554321
YNL091W,YPL256C,6.949626204372228e-12
YNL091W,YDR461W,0.028500331565737724
YNL091W,YNL145W,0.029508445411920547
YEL036C,YDL165W,1.6251500145614273e-10
YEL036C,YGR059W,1.0190278482147264e-10
YEL036C,YBR109C,0.0005084312288090587
YEL036C,YJL080C,2.4658806978550274e-06
YEL036C,YCR093W,0.00030131448875181377
YEL036C,YIL122W,0.12771300971508026
YEL036C,YCL029C,1.4464788256063343e-09
YEL036C,YNL173C,3.1658782972954214e-07
YEL036C,YLR452C,0.9998947381973267
YEL036C,YDL160C,0.004148088861256838
YEL036C,YLR229C,0.001494061667472124
YEL036C,YML057W,1.2072654271833017e-06
YEL036C,YER149C,1.1233893815187912e-07
YEL036C,YMR305C,9.35671895518908e-09
YEL036C,YLR433C,0.6128597259521484
YEL036C,YJL073W,1.1029663255612832e-05
YEL036C,YGR279C,1.4144465239951387e-05
YEL036C,YKL190W,0.9878726005554199
YEL036C,YGL089C,2.2379195797839202e-05
YEL036C,YJL019W,7.864337590035575e-07
YEL036C,YJL018W,0.0002549952478148043
YEL036C,YNR032C-A,0.05736789479851723
YEL036C,YGL178W,7.179801741585834e-06
YEL036C,YKL116C,9.831638863033731e-07
YEL036C,YDL214C,0.0003325433935970068
YEL036C,YLR362W,4.395984731786484e-08
YEL036C,YER068W,0.00041394756408408284
YEL036C,YHR084W,6.072212177521408e-10
YEL036C,YDR392W,5.3372922081962315e-08
YEL036C,YNL053W,1.664198001627426e-09
YEL036C,YGR040W,0.09510007500648499
YEL036C,YDL216C,2.9987306788825663e-06
YEL036C,YOL117W,1.0082043218062609e-06
YEL036C,YJR086W,1.981728019018192e-06
YEL036C,YMR025W,0.0009169329423457384
YEL036C,YBR081C,0.00011489754251670092
YEL036C,YFL026W,0.02780061773955822
YEL036C,YHL007C,0.07496786117553711
YEL036C,YNR044W,0.9828575849533081
YEL036C,YNL271C,0.7628861665725708
YEL036C,YDR200C,0.00016713209333829582
YEL036C,YKL178C,1.531056170733791e-07
YEL036C,YOR212W,0.13644087314605713
YEL036C,YOL111C,3.025134165110146e-17
YEL036C,YGL032C,0.007653262000530958
YEL036C,YHR005C,0.02637704834342003
YEL036C,YDR103W,3.825522565392703e-09
YEL036C,YJR084W,0.002182962605729699
YEL036C,YCL032W,1.324058751528412e-09
YEL036C,YJL170C,6.892223154864041e-06
YEL036C,YDR179C,1.6559440450814034e-12
YEL036C,YBR095C,4.7501063818344846e-05
YEL036C,YLL021W,0.07113657891750336
YEL036C,YDL159W,1.954355344224723e-09
YEL036C,YNL161W,5.039660209149588e-06
YEL036C,YNL188W,3.161290078423917e-05
YEL036C,YJL157C,0.00217242818325758
YEL036C,YJL034W,6.0555720438060234e-09
YEL036C,YLR238W,1.4675100024064136e-09
YEL036C,YPR141C,0.3017173111438751
YEL036C,YNL127W,2.2696704515823285e-09
YEL036C,YCL055W,1.7465343262301758e-05
YEL036C,YPR122W,2.598954662591524e-10
YEL036C,YMR065W,7.22868804814425e-08
YEL036C,YDR356W,0.009614636190235615
YEL036C,YMR052W,0.06045110896229744
YEL036C,YFR008W,2.0026851416332647e-05
YEL036C,YLL043W,0.000563568202778697
YEL036C,YMR029C,2.160268085292863e-13
YEL036C,YJR004C,1.4825232597104332e-07
YEL036C,YDL223C,1.7141280228927321e-18
YEL036C,YHR158C,1.7237797464986215e-06
YEL036C,YGR238C,6.978314195293933e-05
YEL036C,YIL015W,3.2946727515081875e-06
YEL036C,YGL173C,9.24776628608015e-08
YEL036C,YDL225W,0.9421735405921936
YEL036C,YLR330W,2.2800270471634576e-07
YEL036C,YBR129C,7.432906568283215e-05
YEL036C,YKR095W-A,0.2020167112350464
YEL036C,YPR075C,4.274009552318603e-05
YEL036C,YMR198W,5.561181026791928e-08
YEL036C,YOR127W,0.00022226604050956666
YEL036C,YDR264C,0.003402460366487503
YEL036C,YLR110C,0.0009209166164509952
YEL036C,YDR379W,3.6587618524208665e-05
YEL036C,YDL100C,0.0002312395372428
YEL036C,YHR073W,0.00019490324484650046
YEL036C,YJR090C,1.3807557763811928e-07
YEL036C,YOR208W,0.012311700731515884
YEL036C,YBR040W,2.1803738814440976e-09
YEL036C,YNL279W,3.8297124260906756e-13
YEL036C,YER075C,9.630027442142364e-09
YEL036C,YCR089W,0.002523750765249133
YEL036C,YCR002C,1.1125781719523165e-11
YEL036C,YJL108C,6.162406140930443e-09
YEL036C,YBR200W,8.157935127428573e-08
YEL036C,YIL026C,9.1823694674531e-06
YEL036C,YJR076C,3.11209578285343e-06
YEL036C,YKR031C,1.6689924109414278e-08
YEL036C,YPL192C,0.017402632161974907
YEL036C,YHR107C,0.00018319670925848186
YEL036C,YIL037C,2.027681800242931e-09
YEL036C,YPL156C,2.1825687090970547e-11
YEL036C,YIL117C,0.3364492654800415
YEL036C,YHR066W,2.4323323997971604e-16
YEL036C,YML085C,2.0015116675153877e-08
YEL036C,YML047C,0.02224617265164852
YEL036C,YDR312W,3.135660517727956e-05
YEL036C,YFL037W,5.483715312948334e-07
YEL036C,YDL038C,0.2020167112350464
YEL036C,YDL039C,3.1172847985009623e-16
YEL036C,YCL027W,1.7518221966383862e-06
YEL036C,YML124C,0.0001777786819729954
YEL036C,YGL053W,6.976174660167089e-08
YEL036C,YMR232W,0.0018703751266002655
YEL036C,YNL298W,0.9984519481658936
YEL036C,YGL099W,6.005588387703042e-11
YEL036C,YBL016W,1.8028657677859883e-07
YEL036C,YAL041W,1.5973191693774424e-06
YEL036C,YDR085C,1.96988730749581e-06
YEL036C,YPL187W,1.558062831463758e-05
YEL036C,YPL256C,1.8838566262502354e-09
YEL036C,YDR461W,8.906432412914e-06
YEL036C,YNL145W,0.0008799121715128422
YIL005W,YDL165W,2.2717215415468672e-06
YIL005W,YGR059W,0.0004933549789711833
YIL005W,YBR109C,0.8458543419837952
YIL005W,YJL080C,4.0206127316366747e-10
YIL005W,YCR093W,5.630922260024818e-06
YIL005W,YIL122W,2.2241962142288685e-05
YIL005W,YCL029C,5.653121200321909e-12
YIL005W,YNL173C,0.0027960354927927256
YIL005W,YLR452C,0.001502751954831183
YIL005W,YDL160C,0.000278280524071306
YIL005W,YLR229C,1.5124439894931285e-11
YIL005W,YML057W,0.8472128510475159
YIL005W,YER149C,0.7141686677932739
YIL005W,YMR305C,8.354533065357828e-08
YIL005W,YLR433C,0.08196753263473511
YIL005W,YJL073W,1.8109070016106288e-12
YIL005W,YGR279C,1.3356847745893408e-11
YIL005W,YKL190W,8.251879626186565e-05
YIL005W,YGL089C,0.0007778732106089592
YIL005W,YJL019W,8.911964048674559e-12
YIL005W,YJL018W,0.00025742186699062586
YIL005W,YNR032C-A,0.02013469859957695
YIL005W,YGL178W,4.843536203225085e-07
YIL005W,YKL116C,1.22140900202794e-05
YIL005W,YDL214C,0.0032367201056331396
YIL005W,YLR362W,2.955710215246654e-06
YIL005W,YER068W,1.4150210745356162e-06
YIL005W,YHR084W,2.0601003125619854e-09
YIL005W,YDR392W,0.000791671802289784
YIL005W,YNL053W,9.17420256882906e-05
YIL005W,YGR040W,2.8023374731844797e-09
YIL005W,YDL216C,8.61682426800403e-12
YIL005W,YOL117W,0.0007800545427016914
YIL005W,YJR086W,0.0016811377136036754
YIL005W,YMR025W,3.5300290619488806e-05
YIL005W,YBR081C,0.044220034033060074
YIL005W,YFL026W,3.925232761048392e-08
YIL005W,YHL007C,9.078677010165848e-08
YIL005W,YNR044W,2.7037077643399243e-07
YIL005W,YNL271C,0.01801213063299656
YIL005W,YDR200C,0.45139533281326294
YIL005W,YKL178C,0.0010123170213773847
YIL005W,YOR212W,0.0017454338958486915
YIL005W,YOL111C,2.326448495654221e-12
YIL005W,YGL032C,0.04305218905210495
YIL005W,YHR005C,3.431050345170661e-06
YIL005W,YDR103W,9.025895269587636e-05
YIL005W,YJR084W,0.0065779173746705055
YIL005W,YCL032W,7.546502729383064e-07
YIL005W,YJL170C,5.692355443898123e-06
YIL005W,YDR179C,3.611982890561194e-07
YIL005W,YBR095C,4.871627652391908e-07
YIL005W,YLL021W,1.5353432969433811e-09
YIL005W,YDL159W,0.00010583450057310984
YIL005W,YNL161W,3.424720063094355e-08
YIL005W,YNL188W,0.002592092379927635
YIL005W,YJL157C,0.00012687899288721383
YIL005W,YJL034W,1.7653544404083732e-08
YIL005W,YLR238W,5.540832717088051e-06
YIL005W,YPR141C,0.002904515014961362
YIL005W,YNL127W,0.000116571674880106
YIL005W,YCL055W,7.454353578850714e-08
YIL005W,YPR122W,1.0013262219388253e-08
YIL005W,YMR065W,0.006294711027294397
YIL005W,YDR356W,0.008585890755057335
YIL005W,YMR052W,0.004710790701210499
YIL005W,YFR008W,8.684308028250598e-08
YIL005W,YLL043W,3.927580205509429e-10
YIL005W,YMR029C,0.0001548842847114429
YIL005W,YJR004C,2.0841305286012357e-06
YIL005W,YDL223C,1.073995337108613e-09
YIL005W,YHR158C,4.8447407607454807e-05
YIL005W,YGR238C,1.6705407688277774e-06
YIL005W,YIL015W,0.0037002149038016796
YIL005W,YGL173C,0.00034493603743612766
YIL005W,YDL225W,1.2493279655245715e-07
YIL005W,YLR330W,8.553593215765432e-05
YIL005W,YBR129C,0.4408602714538574
YIL005W,YKR095W-A,0.2020167112350464
YIL005W,YPR075C,0.000430917163612321
YIL005W,YMR198W,1.6704516383470036e-06
YIL005W,YOR127W,3.610342173487879e-05
YIL005W,YDR264C,2.1895559143558785e-08
YIL005W,YLR110C,0.00013420305913314223
YIL005W,YDR379W,0.03732435032725334
YIL005W,YDL100C,9.096395858776418e-11
YIL005W,YHR073W,3.819571702479152e-06
YIL005W,YJR090C,5.705747298634378e-06
YIL005W,YOR208W,3.894121647363136e-08
YIL005W,YBR040W,1.611841616977472e-05
YIL005W,YNL279W,1.2316613720031455e-05
YIL005W,YER075C,3.6513927170744864e-07
YIL005W,YCR089W,2.825617002599756e-07
YIL005W,YCR002C,0.0022178676445037127
YIL005W,YJL108C,5.803508429380599e-06
YIL005W,YBR200W,2.1022019609517884e-06
YIL005W,YIL026C,7.526316949224565e-06
YIL005W,YJR076C,0.00017726985970512033
YIL005W,YKR031C,0.001854600035585463
YIL005W,YPL192C,1.8177976244260208e-06
YIL005W,YHR107C,6.0048852901672944e-05
YIL005W,YIL037C,6.101774641109614e-09
YIL005W,YPL156C,1.3966966434963979e-05
YIL005W,YIL117C,7.928158083814196e-06
YIL005W,YHR066W,1.60979379870696e-05
YIL005W,YML085C,3.2565310448262608e-06
YIL005W,YML047C,1.1184318964296835e-06
YIL005W,YDR312W,0.00016570901789236814
YIL005W,YFL037W,4.8358508308865567e-08
YIL005W,YDL038C,0.2020167112350464
YIL005W,YDL039C,1.955999141500797e-05
YIL005W,YCL027W,0.0004892987199127674
YIL005W,YML124C,1.340744459898957e-10
YIL005W,YGL053W,0.14730766415596008
YIL005W,YMR232W,4.786544849366692e-08
YIL005W,YNL298W,6.130298959433622e-12
YIL005W,YGL099W,0.0032741401810199022
YIL005W,YBL016W,2.9124640477107278e-09
YIL005W,YAL041W,0.03666210547089577
YIL005W,YDR085C,0.013024608604609966
YIL005W,YPL187W,0.001959623768925667
YIL005W,YPL256C,1.580777440099001e-14
YIL005W,YDR461W,3.7216170767351286e-07
YIL005W,YNL145W,5.550281798605283e-07
YJL205C,YDL165W,9.187290561385453e-05
YJL205C,YGR059W,1.468645344226971e-11
YJL205C,YBR109C,0.0003120539477095008
YJL205C,YJL080C,3.2598945602644737e-21
YJL205C,YCR093W,1.9599599128053294e-15
YJL205C,YIL122W,1.1942855038249434e-10
YJL205C,YCL029C,0.01924806274473667
YJL205C,YNL173C,1.5893471427830264e-08
YJL205C,YLR452C,0.0007797806174494326
YJL205C,YDL160C,4.897728056452166e-12
YJL205C,YLR229C,6.491115978057849e-10
YJL205C,YML057W,1.0158901850168892e-13
YJL205C,YER149C,1.9391063057510634e-16
YJL205C,YMR305C,8.084141862874095e-12
YJL205C,YLR433C,6.508062142529525e-07
YJL205C,YJL073W,6.21874221451435e-07
YJL205C,YGR279C,1.2492733514335441e-09
YJL205C,YKL190W,8.634182080413666e-08
YJL205C,YGL089C,6.200484676810447e-07
YJL205C,YJL019W,1.1944371181016322e-05
YJL205C,YJL018W,0.2020167112350464
YJL205C,YNR032C-A,0.005961814895272255
YJL205C,YGL178W,2.9635433410149707e-19
YJL205C,YKL116C,4.139812119816717e-15
YJL205C,YDL214C,1.947338468255566e-08
YJL205C,YLR362W,1.2529170409503187e-13
YJL205C,YER068W,0.0001438092440366745
YJL205C,YHR084W,3.824228734790151e-14
YJL205C,YDR392W,0.0010156744392588735
YJL205C,YNL053W,1.0829140592250042e-05
YJL205C,YGR040W,5.465358721146174e-10
YJL205C,YDL216C,8.743268699618056e-05
YJL205C,YOL117W,0.6924935579299927
YJL205C,YJR086W,1.0228088598296381e-07
YJL205C,YMR025W,4.5943845179863274e-05
YJL205C,YBR081C,1.2784837077894906e-10
YJL205C,YFL026W,1.0164697972214753e-09
YJL205C,YHL007C,1.4411132269742666e-06
YJL205C,YNR044W,7.253415787999984e-07
YJL205C,YNL271C,1.0870466811759518e-17
YJL205C,YDR200C,1.0040659617516212e-05
YJL205C,YKL178C,1.04904197037025e-13
YJL205C,YOR212W,1.7897736070970893e-10
YJL205C,YOL111C,4.314616697774498e-13
YJL205C,YGL032C,1.746839943474101e-14
YJL205C,YHR005C,0.0017553629586473107
YJL205C,YDR103W,1.0951743512066514e-08
YJL205C,YJR084W,2.551651945292832e-11
YJL205C,YCL032W,1.6536384761511869e-10
YJL205C,YJL170C,1.0803220362731736e-07
YJL205C,YDR179C,5.623356173600769e-06
YJL205C,YBR095C,1.2938785242874729e-12
YJL205C,YLL021W,4.945035492198713e-09
YJL205C,YDL159W,4.969102559981842e-11
YJL205C,YNL161W,0.0740923061966896
YJL205C,YNL188W,2.95446154520429e-12
YJL205C,YJL157C,2.5778710763257884e-12
YJL205C,YJL034W,8.500513163848093e-20
YJL205C,YLR238W,5.235992261987121e-07
YJL205C,YPR141C,1.1779291431146532e-10
YJL205C,YNL127W,0.00010747473424999043
YJL205C,YCL055W,2.1078158749660014e-13
YJL205C,YPR122W,0.46848079562187195
YJL205C,YMR065W,0.8895383477210999
YJL205C,YDR356W,9.627166974723878e-08
YJL205C,YMR052W,7.754251782898791e-06
YJL205C,YFR008W,4.17381597799249e-05
YJL205C,YLL043W,0.00394853949546814
YJL205C,YMR029C,6.547874420448352e-08
YJL205C,YJR004C,4.150523182033794e-06
YJL205C,YDL223C,2.6087584870104763e-10
YJL205C,YHR158C,6.632202342871096e-08
YJL205C,YGR238C,1.2357750378555465e-08
YJL205C,YIL015W,1.3557506896647031e-12
YJL205C,YGL173C,0.0006450277287513018
YJL205C,YDL225W,8.097192930431763e-17
YJL205C,YLR330W,1.0801694486236267e-15
YJL205C,YBR129C,0.01967410184442997
YJL205C,YKR095W-A,0.2020167112350464
YJL205C,YPR075C,1.0359718771724147e-06
YJL205C,YMR198W,0.010529449209570885
YJL205C,YOR127W,1.0627306812338588e-09
YJL205C,YDR264C,2.1757946833123043e-10
YJL205C,YLR110C,1.5328778539867123e-15
YJL205C,YDR379W,1.7120872497500272e-09
YJL205C,YDL100C,1.4133702279650606e-06
YJL205C,YHR073W,3.6708300399368454e-07
YJL205C,YJR090C,4.4285670242061315e-07
YJL205C,YOR208W,4.736564278573496e-06
YJL205C,YBR040W,1.0638070762070129e-06
YJL205C,YNL279W,4.5721300523382524e-08
YJL205C,YER075C,2.1004247230393958e-08
YJL205C,YCR089W,0.0006715395138598979
YJL205C,YCR002C,1.2648107387824847e-11
YJL205C,YJL108C,2.214060579319721e-08
YJL205C,YBR200W,5.1233753765700385e-05
YJL205C,YIL026C,4.268356067899104e-12
YJL205C,YJR076C,1.3687350701729883e-06
YJL205C,YKR031C,5.265677600618801e-07
YJL205C,YPL192C,6.0512062191264704e-05
YJL205C,YHR107C,0.0006613468867726624
YJL205C,YIL037C,1.0435645663164905e-06
YJL205C,YPL156C,1.3806090493062584e-08
YJL205C,YIL117C,2.940558907482682e-08
YJL205C,YHR066W,3.1350182866374254e-12
YJL205C,YML085C,3.2226580297887247e-18
YJL205C,YML047C,2.074978766586355e-07
YJL205C,YDR312W,0.00014661528985016048
YJL205C,YFL037W,9.479022384725755e-14
YJL205C,YDL038C,0.2020167112350464
YJL205C,YDL039C,2.1004034557632612e-13
YJL205C,YCL027W,2.7443429750917403e-09
YJL205C,YML124C,4.839378168476007e-22
YJL205C,YGL053W,0.00010718988778535277
YJL205C,YMR232W,1.5622127591541357e-07
YJL205C,YNL298W,4.747898962875752e-09
YJL205C,YGL099W,3.773782501770295e-14
YJL205C,YBL016W,2.0186528230242695e-12
YJL205C,YAL041W,0.004335759207606316
YJL205C,YDR085C,6.581536802097859e-14
YJL205C,YPL187W,0.005353412590920925
YJL205C,YPL256C,9.349406734983118e-16
YJL205C,YDR461W,0.27033746242523193
YJL205C,YNL145W,0.0009048609063029289
YOR294W,YDL165W,1.0285290262030842e-15
YOR294W,YGR059W,4.468163024284877e-05
YOR294W,YBR109C,1.9180037114097104e-08
YOR294W,YJL080C,2.7944979663629965e-08
YOR294W,YCR093W,1.3409419352683472e-07
YOR294W,YIL122W,2.528951092983789e-08
YOR294W,YCL029C,8.714423671563054e-08
YOR294W,YNL173C,1.8084417297004052e-09
YOR294W,YLR452C,1.3821399988955818e-05
YOR294W,YDL160C,0.00011456604261184111
YOR294W,YLR229C,2.5944093540175572e-09
YOR294W,YML057W,1.0117490917597397e-15
YOR294W,YER149C,3.1735858385673055e-10
YOR294W,YMR305C,0.23946651816368103
YOR294W,YLR433C,4.3586194919953414e-07
YOR294W,YJL073W,1.4649429528807204e-16
YOR294W,YGR279C,1.240726813823978e-13
YOR294W,YKL190W,9.363806618978288e-09
YOR294W,YGL089C,2.4515944829772707e-10
YOR294W,YJL019W,6.23173264102661e-08
YOR294W,YJL018W,0.00010136793571291491
YOR294W,YNR032C-A,0.9932665824890137
YOR294W,YGL178W,3.4530914239105925e-10
YOR294W,YKL116C,4.585764802150739e-15
YOR294W,YDL214C,0.009550360962748528
YOR294W,YLR362W,2.327269079997697e-16
YOR294W,YER068W,9.497766885035314e-15
YOR294W,YHR084W,2.2658216448923074e-12
YOR294W,YDR392W,2.6231258942743807e-08
YOR294W,YNL053W,0.00019927829271182418
YOR294W,YGR040W,2.491150326022762e-07
YOR294W,YDL216C,1.1614856632036208e-08
YOR294W,YOL117W,4.7599174601842265e-11
YOR294W,YJR086W,7.922829468043346e-07
YOR294W,YMR025W,8.700166290509515e-06
YOR294W,YBR081C,2.1877555322902253e-09
YOR294W,YFL026W,0.0015983262564986944
YOR294W,YHL007C,3.1537528144554017e-09
YOR294W,YNR044W,2.235987395238226e-09
YOR294W,YNL271C,1.4940013670639019e-09
YOR294W,YDR200C,1.184181333720169e-12
YOR294W,YKL178C,4.900092065440731e-08
YOR294W,YOR212W,1.0137407713273205e-07
YOR294W,YOL111C,1.3712262662141095e-13
YOR294W,YGL032C,1.0031963171286407e-07
YOR294W,YHR005C,0.027513450011610985
YOR294W,YDR103W,7.470468062820146e-06
YOR294W,YJR084W,4.06062385661086e-15
YOR294W,YCL032W,8.981237420435662e-10
YOR294W,YJL170C,0.00012679045903496444
YOR294W,YDR179C,6.88143927618512e-07
YOR294W,YBR095C,1.431728287570877e-05
YOR294W,YLL021W,4.87253792869069e-10
YOR294W,YDL159W,1.925759107734848e-07
YOR294W,YNL161W,4.1002037320936324e-09
YOR294W,YNL188W,4.807141945113334e-15
YOR294W,YJL157C,5.728856278253147e-11
YOR294W,YJL034W,2.220830605446912e-24
YOR294W,YLR238W,8.672909075357893e-07
YOR294W,YPR141C,3.1695850566393347e-07
YOR294W,YNL127W,0.8293615579605103
YOR294W,YCL055W,8.07529173738053e-13
YOR294W,YPR122W,0.10910779237747192
YOR294W,YMR065W,1.7258015816423722e-07
YOR294W,YDR356W,1.1577950544960913e-06
YOR294W,YMR052W,0.0022411367390304804
YOR294W,YFR008W,0.0001831998524721712
YOR294W,YLL043W,1.0533815597568719e-08
YOR294W,YMR029C,1.5120070750995751e-09
YOR294W,YJR004C,2.4086503624953792e-11
YOR294W,YDL223C,2.6399295872573487e-16
YOR294W,YHR158C,0.00012239345232956111
YOR294W,YGR238C,1.0646260348995407e-12
YOR294W,YIL015W,0.00018210076086688787
YOR294W,YGL173C,2.4256044639514585e-07
YOR294W,YDL225W,4.2722735071887286e-12
YOR294W,YLR330W,2.617686341126191e-13
YOR294W,YBR129C,3.8822307146801904e-07
YOR294W,YKR095W-A,0.2020167112350464
YOR294W,YPR075C,4.512497753239586e-08
YOR294W,YMR198W,1.3249243238533381e-05
YOR294W,YOR127W,2.8584388189756282e-08
YOR294W,YDR264C,1.2407853091644938e-06
YOR294W,YLR110C,2.6871078695478445e-09
YOR294W,YDR379W,0.0002953445946332067
YOR294W,YDL100C,7.143517422036894e-08
YOR294W,YHR073W,7.34577607075515e-11
YOR294W,YJR090C,8.92866374368681e-14
YOR294W,YOR208W,0.00021960886078886688
YOR294W,YBR040W,2.5830424874584423e-06
YOR294W,YNL279W,1.7408864627643794e-10
YOR294W,YER075C,9.991163824452087e-05
YOR294W,YCR089W,2.5729590902301425e-08
YOR294W,YCR002C,2.2736085475254242e-13
YOR294W,YJL108C,0.0004284221795387566
YOR294W,YBR200W,1.4986534324634704e-06
YOR294W,YIL026C,4.3847686015396903e-07
YOR294W,YJR076C,0.000190596969332546
YOR294W,YKR031C,8.986632451524201e-07
YOR294W,YPL192C,3.046144593099598e-05
YOR294W,YHR107C,0.0027679235208779573
YOR294W,YIL037C,4.708073930714818e-10
YOR294W,YPL156C,7.0277387465012e-08
YOR294W,YIL117C,0.9936889410018921
YOR294W,YHR066W,4.457423440641045e-24
YOR294W,YML085C,2.6717313257595965e-12
YOR294W,YML047C,0.541374683380127
YOR294W,YDR312W,8.973365162034952e-09
YOR294W,YFL037W,1.320721554039575e-13
YOR294W,YDL038C,0.2020167112350464
YOR294W,YDL039C,4.56839529761055e-07
YOR294W,YCL027W,6.44778856440098e-06
YOR294W,YML124C,3.37290207045112e-17
YOR294W,YGL053W,1.957132697152768e-18
YOR294W,YMR232W,4.840442215936491e-06
YOR294W,YNL298W,4.815946113012615e-07
YOR294W,YGL099W,4.553732152693104e-19
YOR294W,YBL016W,3.875600266601588e-14
YOR294W,YAL041W,0.0963512435555458
YOR294W,YDR085C,2.2075759261497296e-05
YOR294W,YPL187W,0.00014097434177529067
YOR294W,YPL256C,1.413553066924108e-17
YOR294W,YDR461W,2.7772404168069365e-11
YOR294W,YNL145W,4.103330495481769e-14
YNR008W,YDL165W,2.3909221269491354e-08
YNR008W,YGR059W,4.157835853391134e-09
YNR008W,YBR109C,8.207731161391507e-10
YNR008W,YJL080C,9.181363566312939e-06
YNR008W,YCR093W,0.8439199924468994
YNR008W,YIL122W,0.00018295110203325748
YNR008W,YCL029C,3.1031166145112365e-05
YNR008W,YNL173C,5.278277967590839e-05
YNR008W,YLR452C,0.20679162442684174
YNR008W,YDL160C,1.0874072475797192e-10
YNR008W,YLR229C,0.0030241955537348986
YNR008W,YML057W,3.350449691991164e-12
YNR008W,YER149C,6.290328656177735e-06
YNR008W,YMR305C,0.00010362737521063536
YNR008W,YLR433C,0.006684715393930674
YNR008W,YJL073W,9.244980248013235e-08
YNR008W,YGR279C,2.9333389761632134e-07
YNR008W,YKL190W,1.5940998521202232e-10
YNR008W,YGL089C,3.5994040104014857e-07
YNR008W,YJL019W,6.796552209920037e-09
YNR008W,YJL018W,0.2000124305486679
YNR008W,YNR032C-A,4.947446723235771e-05
YNR008W,YGL178W,2.2519046627422767e-09
YNR008W,YKL116C,4.288331183488481e-06
YNR008W,YDL214C,0.023724541068077087
YNR008W,YLR362W,0.0007916563772596419
YNR008W,YER068W,4.821355105377734e-06
YNR008W,YHR084W,1.4369193195307162e-06
YNR008W,YDR392W,0.0015324369305744767
YNR008W,YNL053W,3.5333767300471663e-05
YNR008W,YGR040W,1.2432225560132792e-07
YNR008W,YDL216C,0.4627944827079773
YNR008W,YOL117W,0.09532678127288818
YNR008W,YJR086W,0.0014913382474333048
YNR008W,YMR025W,6.129252483333403e-07
YNR008W,YBR081C,0.06312724202871323
YNR008W,YFL026W,0.0004312812816351652
YNR008W,YHL007C,1.7167810710816411e-06
YNR008W,YNR044W,0.8262830972671509
YNR008W,YNL271C,0.8736096620559692
YNR008W,YDR200C,0.00024755342747084796
YNR008W,YKL178C,1.7220861991518177e-05
YNR008W,YOR212W,0.13086086511611938
YNR008W,YOL111C,4.67363770439988e-06
YNR008W,YGL032C,0.00011541738786036149
YNR008W,YHR005C,0.0009834329830482602
YNR008W,YDR103W,3.8163649324074456e-11
YNR008W,YJR084W,5.378061018745939e-07
YNR008W,YCL032W,1.1412547564759734e-06
YNR008W,YJL170C,5.364131361318414e-09
YNR008W,YDR179C,7.402066737327573e-10
YNR008W,YBR095C,7.482272508241294e-07
YNR008W,YLL021W,1.0928241644947434e-09
YNR008W,YDL159W,0.0008000176749192178
YNR008W,YNL161W,0.5574457049369812
YNR008W,YNL188W,7.165177066781325e-06
YNR008W,YJL157C,0.06434039026498795
YNR008W,YJL034W,1.283348609604218e-07
YNR008W,YLR238W,4.343614637036808e-05
YNR008W,YPR141C,7.771743639750639e-07
YNR008W,YNL127W,6.213543315425341e-07
YNR008W,YCL055W,0.007693215273320675
YNR008W,YPR122W,0.01677114889025688
YNR008W,YMR065W,0.20802755653858185
YNR008W,YDR356W,0.08233480900526047
YNR008W,YMR052W,8.398362842854112e-05
YNR008W,YFR008W,4.556529518140451e-07
YNR008W,YLL043W,7.167331546042988e-07
YNR008W,YMR029C,0.9558401703834534
YNR008W,YJR004C,1.7798689441406168e-05
YNR008W,YDL223C,6.291991515595845e-18
YNR008W,YHR158C,0.00023591866192873567
YNR008W,YGR238C,1.8291597569941587e-08
YNR008W,YIL015W,0.004840491805225611
YNR008W,YGL173C,1.9461763756112305e-08
YNR008W,YDL225W,2.108149965351913e-05
YNR008W,YLR330W,5.715004363082699e-07
YNR008W,YBR129C,0.9912202954292297
YNR008W,YKR095W-A,0.2020167112350464
YNR008W,YPR075C,4.631984847947024e-05
YNR008W,YMR198W,0.011061577126383781
YNR008W,YOR127W,5.117964645834361e-12
YNR008W,YDR264C,4.482666737803953e-10
YNR008W,YLR110C,5.821738523081876e-05
YNR008W,YDR379W,2.287101324327523e-06
YNR008W,YDL100C,2.6886740670306608e-05
YNR008W,YHR073W,0.00028885502251796424
YNR008W,YJR090C,0.01650906726717949
YNR008W,YOR208W,4.209971038449112e-08
YNR008W,YBR040W,0.6480669379234314
YNR008W,YNL279W,0.0006955180433578789
YNR008W,YER075C,2.500720464038153e-10
YNR008W,YCR089W,0.02435770444571972
YNR008W,YCR002C,0.020539579913020134
YNR008W,YJL108C,1.3381406915868865e-06
YNR008W,YBR200W,0.19072984158992767
YNR008W,YIL026C,0.292879194021225
YNR008W,YJR076C,0.00023807228717487305
YNR008W,YKR031C,1.912676239612665e-09
YNR008W,YPL192C,8.141445141518489e-05
YNR008W,YHR107C,4.089052881017796e-12
YNR008W,YIL037C,2.202817540819524e-06
YNR008W,YPL156C,0.12044930458068848
YNR008W,YIL117C,1.92121478903573e-06
YNR008W,YHR066W,7.827475511290247e-15
YNR008W,YML085C,0.0006241234368644655
YNR008W,YML047C,1.1135016819707744e-07
YNR008W,YDR312W,6.056284860278538e-07
YNR008W,YFL037W,1.5997887885532691e-06
YNR008W,YDL038C,0.2020167112350464
YNR008W,YDL039C,1.8624467270603358e-15
YNR008W,YCL027W,0.0006955743883736432
YNR008W,YML124C,4.3602676669252105e-06
YNR008W,YGL053W,3.55309595079234e-07
YNR008W,YMR232W,0.005634976085275412
YNR008W,YNL298W,2.768204467429314e-06
YNR008W,YGL099W,1.3077787211989399e-14
YNR008W,YBL016W,0.0002336260658921674
YNR008W,YAL041W,3.942264470424561e-08
YNR008W,YDR085C,9.978947446143138e-08
YNR008W,YPL187W,0.9783318042755127
YNR008W,YPL256C,4.271249963494483e-06
YNR008W,YDR461W,2.3180471431238914e-11
YNR008W,YNL145W,0.13230182230472565
YIL033C,YDL165W,6.909130206622649e-06
YIL033C,YGR059W,1.1150765999445866e-07
YIL033C,YBR109C,0.0010149257723242044
YIL033C,YJL080C,3.4265574413439026e-06
YIL033C,YCR093W,2.537378236411314e-07
YIL033C,YIL122W,0.0024195967707782984
YIL033C,YCL029C,1.9947162411410035e-12
YIL033C,YNL173C,2.8535285423458845e-07
YIL033C,YLR452C,0.0005997678963467479
YIL033C,YDL160C,1.3245503396319691e-05
YIL033C,YLR229C,0.018112903460860252
YIL033C,YML057W,3.2397080585544024e-16
YIL033C,YER149C,0.20932213962078094
YIL033C,YMR305C,1.365191383229103e-05
YIL033C,YLR433C,3.116592552032671e-06
YIL033C,YJL073W,5.811798660599124e-14
YIL033C,YGR279C,2.2965862456203467e-07
YIL033C,YKL190W,4.920204244029946e-10
YIL033C,YGL089C,0.0003061806201003492
YIL033C,YJL019W,2.6195888835900405e-07
YIL033C,YJL018W,0.00025850822567008436
YIL033C,YNR032C-A,0.001273048808798194
YIL033C,YGL178W,2.723307716223644e-06
YIL033C,YKL116C,2.591729852952085e-08
YIL033C,YDL214C,0.0003685959381982684
YIL033C,YLR362W,1.799856974571412e-08
YIL033C,YER068W,8.966438144852873e-06
YIL033C,YHR084W,6.781436695746379e-06
YIL033C,YDR392W,2.194208173023071e-05
YIL033C,YNL053W,7.862113852752373e-05
YIL033C,YGR040W,0.00013511485303752124
YIL033C,YDL216C,5.577693968916719e-07
YIL033C,YOL117W,1.598611447661824e-06
YIL033C,YJR086W,4.849563310926897e-07
YIL033C,YMR025W,0.00565015384927392
YIL033C,YBR081C,2.1344448430937746e-09
YIL033C,YFL026W,0.206526517868042
YIL033C,YHL007C,1.737496865134025e-13
YIL033C,YNR044W,0.9998631477355957
YIL033C,YNL271C,4.431168487695203e-10
YIL033C,YDR200C,1.3672391219188285e-08
YIL033C,YKL178C,0.0007017726893536747
YIL033C,YOR212W,3.723081317730248e-05
YIL033C,YOL111C,6.070845302019734e-07
YIL033C,YGL032C,4.681930221295261e-08
YIL033C,YHR005C,0.002072720555588603
YIL033C,YDR103W,1.8315724901185604e-06
YIL033C,YJR084W,0.00012047892232658342
YIL033C,YCL032W,3.079132966377074e-07
YIL033C,YJL170C,3.14473530549364e-10
YIL033C,YDR179C,9.885237073348208e-11
YIL033C,YBR095C,0.001739180414006114
YIL033C,YLL021W,1.4279388551585726e-06
YIL033C,YDL159W,1.7214588643454931e-09
YIL033C,YNL161W,0.7037335634231567
YIL033C,YNL188W,0.7722765207290649
YIL033C,YJL157C,4.527500550466357e-06
YIL033C,YJL034W,6.209758396380494e-08
YIL033C,YLR238W,1.6078539033514971e-07
YIL033C,YPR141C,3.1551861817691318e-12
YIL033C,YNL127W,1.3927582585893106e-05
YIL033C,YCL055W,7.041545298236418e-12
YIL033C,YPR122W,0.10129764676094055
YIL033C,YMR065W,0.2136792689561844
YIL033C,YDR356W,9.722990641780616e-13
YIL033C,YMR052W,9.211191809299635e-07
YIL033C,YFR008W,1.901341056509409e-05
YIL033C,YLL043W,0.013766525313258171
YIL033C,YMR029C,3.140961979397616e-08
YIL033C,YJR004C,2.4437918000330683e-07
YIL033C,YDL223C,1.8996974132656774e-12
YIL033C,YHR158C,8.393277184381986e-09
YIL033C,YGR238C,2.5928222242843635e-12
YIL033C,YIL015W,0.010684444569051266
YIL033C,YGL173C,0.0019108597189188004
YIL033C,YDL225W,0.02477581612765789
YIL033C,YLR330W,6.039713866812235e-07
YIL033C,YBR129C,3.365929046594829e-07
YIL033C,YKR095W-A,0.2020167112350464
YIL033C,YPR075C,3.5002477168937407e-16
YIL033C,YMR198W,1.4554897461493965e-05
YIL033C,YOR127W,1.412170058756601e-05
YIL033C,YDR264C,1.0986442248395178e-05
YIL033C,YLR110C,2.5112035473284777e-07
YIL033C,YDR379W,5.6486491928353644e-08
YIL033C,YDL100C,2.9937340800811896e-11
YIL033C,YHR073W,3.7198871723376215e-05
YIL033C,YJR090C,0.005683653522282839
YIL033C,YOR208W,2.4188366865018907e-09
YIL033C,YBR040W,0.987375020980835
YIL033C,YNL279W,1.4593051673728041e-06
YIL033C,YER075C,0.0002596145204734057
YIL033C,YCR089W,4.384049248074007e-07
YIL033C,YCR002C,1.62494545596914e-10
YIL033C,YJL108C,6.175050657475367e-05
YIL033C,YBR200W,2.9274085022734653e-07
YIL033C,YIL026C,1.506294741715486e-11
YIL033C,YJR076C,2.621212403760339e-14
YIL033C,YKR031C,4.4990141390144345e-08
YIL033C,YPL192C,0.01711221970617771
YIL033C,YHR107C,5.912875050695376e-11
YIL033C,YIL037C,1.214812982652802e-06
YIL033C,YPL156C,0.00012386860908009112
YIL033C,YIL117C,3.2866764740902e-06
YIL033C,YHR066W,8.650658885047398e-21
YIL033C,YML085C,1.0964271851543472e-10
YIL033C,YML047C,0.003335353219881654
YIL033C,YDR312W,0.000247417512582615
YIL033C,YFL037W,1.103744943975471e-05
YIL033C,YDL038C,0.2020167112350464
YIL033C,YDL039C,1.9386579743884552e-13
YIL033C,YCL027W,0.9676246643066406
YIL033C,YML124C,3.798615182404319e-07
YIL033C,YGL053W,2.6685698789608026e-11
YIL033C,YMR232W,1.9875525936186023e-07
YIL033C,YNL298W,0.16750183701515198
YIL033C,YGL099W,1.9667344142160204e-11
YIL033C,YBL016W,1.507065007899655e-06
YIL033C,YAL041W,4.337924117137071e-11
YIL033C,YDR085C,1.9471157131079053e-08
YIL033C,YPL187W,5.6032117754512e-06
YIL033C,YPL256C,1.313560016313886e-08
YIL033C,YDR461W,5.339824719549635e-13
YIL033C,YNL145W,1.974943370441906e-05
YPL163C,YDL165W,1.7396820339854457e-06
YPL163C,YGR059W,0.005935372319072485
YPL163C,YBR109C,3.3696713217068464e-05
YPL163C,YJL080C,3.642599821773729e-08
YPL163C,YCR093W,0.00048372545279562473
YPL163C,YIL122W,2.582855631771963e-05
YPL163C,YCL029C,1.6837570626648812e-07
YPL163C,YNL173C,7.0008581154468175e-09
YPL163C,YLR452C,0.9999995231628418
YPL163C,YDL160C,0.0011724773794412613
YPL163C,YLR229C,0.9475607872009277
YPL163C,YML057W,1.325344066942626e-14
YPL163C,YER149C,6.2570264525163566e-09
YPL163C,YMR305C,4.465820491184047e-10
YPL163C,YLR433C,0.00044078691280446947
YPL163C,YJL073W,3.9299444774820724e-12
YPL163C,YGR279C,1.195623553940095e-05
YPL163C,YKL190W,5.014998691876826e-07
YPL163C,YGL089C,0.00012568614329211414
YPL163C,YJL019W,0.0130790239199996
YPL163C,YJL018W,0.0001433515571989119
YPL163C,YNR032C-A,0.9909557700157166
YPL163C,YGL178W,9.060112802217191e-07
YPL163C,YKL116C,1.9938086552429013e-05
YPL163C,YDL214C,0.14539411664009094
YPL163C,YLR362W,0.00015842307766433805
YPL163C,YER068W,1.15820367185826e-10
YPL163C,YHR084W,0.0024034841917455196
YPL163C,YDR392W,3.5213477531215176e-05
YPL163C,YNL053W,0.9246693849563599
YPL163C,YGR040W,0.09821882098913193
YPL163C,YDL216C,8.128486683744995e-08
YPL163C,YOL117W,0.0007115238695405424
YPL163C,YJR086W,1.1100499932581442e-06
YPL163C,YMR025W,0.00040469886153005064
YPL163C,YBR081C,0.6340696215629578
YPL163C,YFL026W,0.999016284942627
YPL163C,YHL007C,2.2544057731721523e-09
YPL163C,YNR044W,0.4713018834590912
YPL163C,YNL271C,0.4369833171367645
YPL163C,YDR200C,9.820115337788593e-06
YPL163C,YKL178C,0.3964412212371826
YPL163C,YOR212W,0.00015144083590712398
YPL163C,YOL111C,9.950142157322261e-06
YPL163C,YGL032C,4.698001970088184e-13
YPL163C,YHR005C,0.9772432446479797
YPL163C,YDR103W,0.7451208233833313
YPL163C,YJR084W,0.9852696061134338
YPL163C,YCL032W,0.07980813086032867
YPL163C,YJL170C,0.0007605093414895236
YPL163C,YDR179C,1.7052260618084444e-14
YPL163C,YBR095C,2.5458902541686257e-08
YPL163C,YLL021W,0.00010052259312942624
YPL163C,YDL159W,4.1717410775854447e-11
YPL163C,YNL161W,0.16766035556793213
YPL163C,YNL188W,2.9622360671055503e-05
YPL163C,YJL157C,0.0007779240258969367
YPL163C,YJL034W,2.111229235879364e-08
YPL163C,YLR238W,0.001816299045458436
YPL163C,YPR141C,0.8816959857940674
YPL163C,YNL127W,0.9772738814353943
YPL163C,YCL055W,4.832425570810983e-10
YPL163C,YPR122W,0.00015120592433959246
YPL163C,YMR065W,2.6597200530886767e-07
YPL163C,YDR356W,0.9037644863128662
YPL163C,YMR052W,0.9924834370613098
YPL163C,YFR008W,0.9749930500984192
YPL163C,YLL043W,0.9990909099578857
YPL163C,YMR029C,0.05586466193199158
YPL163C,YJR004C,3.886816424270023e-10
YPL163C,YDL223C,9.45484579517597e-10
YPL163C,YHR158C,0.0034693432971835136
YPL163C,YGR238C,0.03235505521297455
YPL163C,YIL015W,0.9999903440475464
YPL163C,YGL173C,0.19146282970905304
YPL163C,YDL225W,0.01046714000403881
YPL163C,YLR330W,8.433839298049861e-07
YPL163C,YBR129C,0.0008126500179059803
YPL163C,YKR095W-A,0.2020167112350464
YPL163C,YPR075C,6.106911851211372e-12
YPL163C,YMR198W,0.0039817653596401215
YPL163C,YOR127W,0.5587089657783508
YPL163C,YDR264C,3.996897035563052e-09
YPL163C,YLR110C,0.008794541470706463
YPL163C,YDR379W,0.002620260464027524
YPL163C,YDL100C,0.030463702976703644
YPL163C,YHR073W,0.27800658345222473
YPL163C,YJR090C,0.0004221004492137581
YPL163C,YOR208W,0.0006860350840725005
YPL163C,YBR040W,4.371236173028592e-08
YPL163C,YNL279W,0.9394022822380066
YPL163C,YER075C,0.48887163400650024
YPL163C,YCR089W,3.538460080498851e-10
YPL163C,YCR002C,0.9925550818443298
YPL163C,YJL108C,0.00016248165047727525
YPL163C,YBR200W,5.35697397552326e-09
YPL163C,YIL026C,0.0029704179614782333
YPL163C,YJR076C,0.8735954165458679
YPL163C,YKR031C,7.189462849055417e-06
YPL163C,YPL192C,6.396241474249109e-07
YPL163C,YHR107C,0.9993841648101807
YPL163C,YIL037C,0.7974008917808533
YPL163C,YPL156C,0.0006279958761297166
YPL163C,YIL117C,0.004389478825032711
YPL163C,YHR066W,3.1169267285574003e-17
YPL163C,YML085C,0.0013880202313885093
YPL163C,YML047C,0.4274209439754486
YPL163C,YDR312W,1.5373045059163815e-08
YPL163C,YFL037W,0.012887529097497463
YPL163C,YDL038C,0.2020167112350464
YPL163C,YDL039C,1.3842935793475454e-18
YPL163C,YCL027W,5.504382727394841e-09
YPL163C,YML124C,9.262095979067908e-09
YPL163C,YGL053W,0.9840378761291504
YPL163C,YMR232W,3.261108986407635e-06
YPL163C,YNL298W,0.003950327169150114
YPL163C,YGL099W,5.032807735005917e-07
YPL163C,YBL016W,2.1062419364170637e-08
YPL163C,YAL041W,1.6632213828415843e-08
YPL163C,YDR085C,7.489032327612222e-07
YPL163C,YPL187W,0.5549821257591248
YPL163C,YPL256C,6.659505846079439e-12
YPL163C,YDR461W,8.904514903207428e-10
YPL163C,YNL145W,0.00034976587630808353
YGL223C,YDL165W,6.293767364695668e-05
YGL223C,YGR059W,1.8009831907056517e-12
YGL223C,YBR109C,4.7484950300713535e-06
YGL223C,YJL080C,0.6078096032142639
YGL223C,YCR093W,2.093085458909627e-05
YGL223C,YIL122W,7.910772183095105e-06
YGL223C,YCL029C,3.769196559514742e-16
YGL223C,YNL173C,0.018268147483468056
YGL223C,YLR452C,0.019052552059292793
YGL223C,YDL160C,8.981297128229926e-08
YGL223C,YLR229C,0.3152088224887848
YGL223C,YML057W,7.877963525970699e-08
YGL223C,YER149C,0.9462090730667114
YGL223C,YMR305C,2.417577036339935e-07
YGL223C,YLR433C,0.00015572230040561408
YGL223C,YJL073W,2.9997807359904982e-05
YGL223C,YGR279C,0.9999845027923584
YGL223C,YKL190W,0.010358596220612526
YGL223C,YGL089C,0.9999812841415405
YGL223C,YJL019W,3.2864411192434773e-09
YGL223C,YJL018W,0.0009145173826254904
YGL223C,YNR032C-A,0.9982540011405945
YGL223C,YGL178W,1.3940840517534525e-06
YGL223C,YKL116C,1.2449957731419659e-10
YGL223C,YDL214C,0.30915406346321106
YGL223C,YLR362W,0.02690308913588524
YGL223C,YER068W,0.0002573759702499956
YGL223C,YHR084W,1.345320077561496e-09
YGL223C,YDR392W,3.857102637994103e-05
YGL223C,YNL053W,0.0007623328128829598
YGL223C,YGR040W,0.014956595376133919
YGL223C,YDL216C,0.9915512800216675
YGL223C,YOL117W,1.4090641542452431e-08
YGL223C,YJR086W,6.012724043102935e-05
YGL223C,YMR025W,6.326817128865514e-06
YGL223C,YBR081C,0.9659354090690613
YGL223C,YFL026W,6.153190042823553e-05
YGL223C,YHL007C,0.31547653675079346
YGL223C,YNR044W,0.005801431834697723
YGL223C,YNL271C,2.8831059353251476e-06
YGL223C,YDR200C,0.018288537859916687
YGL223C,YKL178C,0.9999790191650391
YGL223C,YOR212W,0.9744871854782104
YGL223C,YOL111C,6.443261213462392e-07
YGL223C,YGL032C,4.7311324635757046e-08
YGL223C,YHR005C,3.175842357450165e-05
YGL223C,YDR103W,0.4455861747264862
YGL223C,YJR084W,7.864203732665942e-10
YGL223C,YCL032W,0.0003237276978325099
YGL223C,YJL170C,1.1214737241971307e-05
YGL223C,YDR179C,4.731292397794351e-13
YGL223C,YBR095C,0.0007201579282991588
YGL223C,YLL021W,0.6110133528709412
YGL223C,YDL159W,8.921430261210617e-10
YGL223C,YNL161W,0.9721390008926392
YGL223C,YNL188W,1.2797541160125547e-07
YGL223C,YJL157C,1.5288382826383895e-07
YGL223C,YJL034W,8.85341978573706e-06
YGL223C,YLR238W,9.763765547177172e-07
YGL223C,YPR141C,0.019504748284816742
YGL223C,YNL127W,2.1733972954685044e-10
YGL223C,YCL055W,1.5264842659235e-05
YGL223C,YPR122W,0.2097528576850891
YGL223C,YMR065W,0.9997246861457825
YGL223C,YDR356W,0.002009417163208127
YGL223C,YMR052W,0.001111177378334105
YGL223C,YFR008W,2.2615820327587244e-08
YGL223C,YLL043W,0.05541657283902168
YGL223C,YMR029C,1.109125150833279e-06
YGL223C,YJR004C,2.585802860721742e-07
YGL223C,YDL223C,6.36735748571482e-08
YGL223C,YHR158C,1.2850859043567198e-08
YGL223C,YGR238C,4.6248380125568644e-10
YGL223C,YIL015W,2.7557391149457544e-05
YGL223C,YGL173C,0.983458399772644
YGL223C,YDL225W,0.15713146328926086
YGL223C,YLR330W,9.169995792035479e-06
YGL223C,YBR129C,1.4512776397301863e-11
YGL223C,YKR095W-A,0.2020167112350464
YGL223C,YPR075C,2.5121045243992057e-09
YGL223C,YMR198W,0.618198037147522
YGL223C,YOR127W,0.0010476225288584828
YGL223C,YDR264C,3.99539294448914e-06
YGL223C,YLR110C,0.0022256220690906048
YGL223C,YDR379W,3.729878415015264e-07
YGL223C,YDL100C,0.104618139564991
YGL223C,YHR073W,0.011992878280580044
YGL223C,YJR090C,0.0009114331915043294
YGL223C,YOR208W,8.124578130264126e-07
YGL223C,YBR040W,0.9991200566291809
YGL223C,YNL279W,0.7511892914772034
YGL223C,YER075C,0.0007112191524356604
YGL223C,YCR089W,0.9183573722839355
YGL223C,YCR002C,0.00026164070004597306
YGL223C,YJL108C,0.02902613952755928
YGL223C,YBR200W,1.7180072642286603e-10
YGL223C,YIL026C,0.7315511703491211
YGL223C,YJR076C,0.3671643137931824
YGL223C,YKR031C,3.0360783966898452e-06
YGL223C,YPL192C,0.7381343245506287
YGL223C,YHR107C,0.0763464942574501
YGL223C,YIL037C,0.0005765864625573158
YGL223C,YPL156C,0.9997881054878235
YGL223C,YIL117C,0.9996421337127686
YGL223C,YHR066W,0.006332080345600843
YGL223C,YML085C,0.028691180050373077
YGL223C,YML047C,0.3675003945827484
YGL223C,YDR312W,0.05556425079703331
YGL223C,YFL037W,1.6022049749153666e-05
YGL223C,YDL038C,0.2020167112350464
YGL223C,YDL039C,7.788526498881024e-20
YGL223C,YCL027W,0.4838169515132904
YGL223C,YML124C,0.19572222232818604
YGL223C,YGL053W,2.6932393666356802e-05
YGL223C,YMR232W,0.9724220037460327
YGL223C,YNL298W,2.138052508371402e-07
YGL223C,YGL099W,3.366414239280857e-05
YGL223C,YBL016W,0.011469504795968533
YGL223C,YAL041W,1.0729294785960519e-07
YGL223C,YDR085C,5.524316293303855e-08
YGL223C,YPL187W,0.007049391511827707
YGL223C,YPL256C,0.08226665109395981
YGL223C,YDR461W,4.877401352132438e-06
YGL223C,YNL145W,0.08078859001398087
snR58,YDL165W,0.005914089735597372
snR58,YGR059W,0.00029422043007798493
snR58,YBR109C,0.00016595252964179963
snR58,YJL080C,0.0013722673757001758
snR58,YCR093W,0.03144143894314766
snR58,YIL122W,0.0007446191157214344
snR58,YCL029C,0.002042663749307394
snR58,YNL173C,1.7738689166435506e-06
snR58,YLR452C,0.0009320248500443995
snR58,YDL160C,0.0010285846656188369
snR58,YLR229C,0.005026467610150576
snR58,YML057W,3.231355094612809e-06
snR58,YER149C,1.2443269952200353e-05
snR58,YMR305C,0.2775224447250366
snR58,YLR433C,0.017146628350019455
snR58,YJL073W,0.0001397962187184021
snR58,YGR279C,0.005226453300565481
snR58,YKL190W,0.0002652732946444303
snR58,YGL089C,0.02959313429892063
snR58,YJL019W,2.443884477543179e-05
snR58,YJL018W,0.2020167112350464
snR58,YNR032C-A,0.0010989975417032838
snR58,YGL178W,0.0013295264216139913
snR58,YKL116C,6.443072197725996e-05
snR58,YDL214C,0.040707364678382874
snR58,YLR362W,0.00013617247168440372
snR58,YER068W,0.0045916358940303326
snR58,YHR084W,0.11180934309959412
snR58,YDR392W,4.083269595867023e-05
snR58,YNL053W,0.004033209290355444
snR58,YGR040W,0.36291947960853577
snR58,YDL216C,0.0002942883293144405
snR58,YOL117W,0.0018227684777230024
snR58,YJR086W,0.0015384707367047668
snR58,YMR025W,6.283105904003605e-05
snR58,YBR081C,0.00011871662718476728
snR58,YFL026W,0.00010372376709710807
snR58,YHL007C,0.0015255444450303912
snR58,YNR044W,0.0028516799211502075
snR58,YNL271C,0.00029518414521589875
snR58,YDR200C,0.008189215324819088
snR58,YKL178C,0.0028178775683045387
snR58,YOR212W,0.00022151245502755046
snR58,YOL111C,0.0013316795229911804
snR58,YGL032C,0.0003384609881322831
snR58,YHR005C,0.032375942915678024
snR58,YDR103W,0.0029738687444478273
snR58,YJR084W,0.0004959905636496842
snR58,YCL032W,3.4348518965998664e-05
snR58,YJL170C,0.0008905610302463174
snR58,YDR179C,2.2420850655180402e-05
snR58,YBR095C,0.0007890659035183489
snR58,YLL021W,0.0008837259374558926
snR58,YDL159W,0.002431920263916254
snR58,YNL161W,2.1009227566537447e-05
snR58,YNL188W,3.954480052925646e-05
snR58,YJL157C,0.0067413803189992905
snR58,YJL034W,0.01700412482023239
snR58,YLR238W,0.0017765960656106472
snR58,YPR141C,0.0002022019325522706
snR58,YNL127W,7.477039616787806e-05
snR58,YCL055W,0.0017562505090609193
snR58,YPR122W,0.0020644974429160357
snR58,YMR065W,0.0006616668542847037
snR58,YDR356W,0.0025387757923454046
snR58,YMR052W,0.06638743728399277
snR58,YFR008W,0.009004522114992142
snR58,YLL043W,0.00022824668849352747
snR58,YMR029C,1.5871159121161327e-05
snR58,YJR004C,1.9760454961215146e-05
snR58,YDL223C,0.000327069079503417
snR58,YHR158C,0.001595648587681353
snR58,YGR238C,0.00011170835205120966
snR58,YIL015W,0.000521739711984992
snR58,YGL173C,0.06016315892338753
snR58,YDL225W,2.5652772819739766e-05
snR58,YLR330W,6.736895102221752e-06
snR58,YBR129C,0.00011552242358447984
snR58,YKR095W-A,0.2020167112350464
snR58,YPR075C,0.0010670435149222612
snR58,YMR198W,0.0003837204712908715
snR58,YOR127W,0.12656769156455994
snR58,YDR264C,1.9587412680266425e-05
snR58,YLR110C,0.00012501701712608337
snR58,YDR379W,0.0005003256374038756
snR58,YDL100C,2.1589057723758742e-05
snR58,YHR073W,0.00460184458643198
snR58,YJR090C,0.0002072225179290399
snR58,YOR208W,6.164370006445097e-06
snR58,YBR040W,5.980648711556569e-05
snR58,YNL279W,0.009973295964300632
snR58,YER075C,0.0003565322549548
snR58,YCR089W,0.0036666758824139833
snR58,YCR002C,7.298833224922419e-05
snR58,YJL108C,0.0003992865385953337
snR58,YBR200W,0.001703748945146799
snR58,YIL026C,0.0001828708773246035
snR58,YJR076C,7.582863190691569e-07
snR58,YKR031C,0.00011627348430920392
snR58,YPL192C,0.001442984794266522
snR58,YHR107C,0.18736478686332703
snR58,YIL037C,1.6215424693655223e-05
snR58,YPL156C,0.011419609189033508
snR58,YIL117C,0.000817587657365948
snR58,YHR066W,0.0004464368394110352
snR58,YML085C,0.0005804860848002136
snR58,YML047C,5.201904059504159e-05
snR58,YDR312W,0.0006035025580786169
snR58,YFL037W,0.38555386662483215
snR58,YDL038C,0.2020167112350464
snR58,YDL039C,0.0009377639507874846
snR58,YCL027W,0.001696099410764873
snR58,YML124C,7.72875573602505e-05
snR58,YGL053W,0.001621376140974462
snR58,YMR232W,0.0007394725107587874
snR58,YNL298W,0.00898765865713358
snR58,YGL099W,0.0003376989043317735
snR58,YBL016W,0.083448126912117
snR58,YAL041W,0.0008966884925030172
snR58,YDR085C,0.0023837843909859657
snR58,YPL187W,0.00046559347538277507
snR58,YPL256C,0.00023970354232005775
snR58,YDR461W,0.005421438254415989
snR58,YNL145W,0.00516352616250515
YIL040W,YDL165W,4.186593969279784e-07
YIL040W,YGR059W,3.0113031243672594e-05
YIL040W,YBR109C,5.2109104586861577e-08
YIL040W,YJL080C,6.474187144497388e-18
YIL040W,YCR093W,3.209353963029571e-05
YIL040W,YIL122W,1.4570830444426974e-06
YIL040W,YCL029C,1.3561272936685329e-17
YIL040W,YNL173C,6.678793629255608e-11
YIL040W,YLR452C,0.0013176272623240948
YIL040W,YDL160C,1.3613677651846956e-07
YIL040W,YLR229C,1.1453053132617907e-12
YIL040W,YML057W,7.995084696827033e-15
YIL040W,YER149C,0.0003119533939752728
YIL040W,YMR305C,7.019337681699153e-16
YIL040W,YLR433C,1.004940486382111e-08
YIL040W,YJL073W,7.885017638820102e-11
YIL040W,YGR279C,0.0002698324096854776
YIL040W,YKL190W,1.1966374072192032e-12
YIL040W,YGL089C,3.8233579857660516e-08
YIL040W,YJL019W,8.885595889296383e-06
YIL040W,YJL018W,0.0030975996050983667
YIL040W,YNR032C-A,0.00015567314403597265
YIL040W,YGL178W,2.9771313165838365e-06
YIL040W,YKL116C,2.53793430715632e-08
YIL040W,YDL214C,0.01017908938229084
YIL040W,YLR362W,9.626235225601576e-11
YIL040W,YER068W,2.016322803166659e-10
YIL040W,YHR084W,3.16845358838691e-08
YIL040W,YDR392W,3.7507552619331364e-10
YIL040W,YNL053W,0.004046251531690359
YIL040W,YGR040W,1.00548122645705e-05
YIL040W,YDL216C,0.998928964138031
YIL040W,YOL117W,6.9276706766985274e-12
YIL040W,YJR086W,3.014476168683444e-11
YIL040W,YMR025W,8.006708230823278e-05
YIL040W,YBR081C,3.6078795346838888e-06
YIL040W,YFL026W,0.0031812088564038277
YIL040W,YHL007C,2.4566873535469824e-10
YIL040W,YNR044W,2.1046803189150864e-11
YIL040W,YNL271C,5.743840514327303e-09
YIL040W,YDR200C,2.4042498547593993e-10
YIL040W,YKL178C,0.9999780654907227
YIL040W,YOR212W,2.4550430048272953e-14
YIL040W,YOL111C,2.8061744144743453e-15
YIL040W,YGL032C,6.393796603276769e-10
YIL040W,YHR005C,2.1224940027764205e-08
YIL040W,YDR103W,0.012892443686723709
YIL040W,YJR084W,1.0474275960459245e-11
YIL040W,YCL032W,6.157835200949757e-13
YIL040W,YJL170C,0.0019221003167331219
YIL040W,YDR179C,0.0005363494856283069
YIL040W,YBR095C,2.5452260091207712e-11
YIL040W,YLL021W,5.0951541652466403e-08
YIL040W,YDL159W,4.179229184941846e-10
YIL040W,YNL161W,0.5040725469589233
YIL040W,YNL188W,9.117231414279559e-09
YIL040W,YJL157C,2.8296240923123427e-19
YIL040W,YJL034W,8.651290741175464e-20
YIL040W,YLR238W,2.947027724076179e-07
YIL040W,YPR141C,1.4004026525071822e-06
YIL040W,YNL127W,1.315738700213842e-06
YIL040W,YCL055W,1.5088841109900386e-07
YIL040W,YPR122W,3.8404600388730614e-08
YIL040W,YMR065W,0.11712438613176346
YIL040W,YDR356W,1.4516319570001546e-11
YIL040W,YMR052W,5.159741384153094e-11
YIL040W,YFR008W,3.9714658645051415e-11
YIL040W,YLL043W,7.399750074910116e-07
YIL040W,YMR029C,1.6080042299863179e-13
YIL040W,YJR004C,0.0013570543378591537
YIL040W,YDL223C,7.481740114445768e-17
YIL040W,YHR158C,3.3981350497924723e-06
YIL040W,YGR238C,1.5078608583962705e-08
YIL040W,YIL015W,5.6756380217848346e-05
YIL040W,YGL173C,7.160903536806984e-10
YIL040W,YDL225W,1.1734231364357584e-08
YIL040W,YLR330W,2.5099109457471513e-09
YIL040W,YBR129C,2.3605529423514904e-12
YIL040W,YKR095W-A,0.2020167112350464
YIL040W,YPR075C,4.363202492640994e-07
YIL040W,YMR198W,3.0572483211699364e-08
YIL040W,YOR127W,3.077227361814039e-08
YIL040W,YDR264C,3.1668914743931964e-06
YIL040W,YLR110C,4.7188092139549553e-05
YIL040W,YDR379W,6.538027931546342e-12
YIL040W,YDL100C,1.2999122611656588e-11
YIL040W,YHR073W,0.0001684407761786133
YIL040W,YJR090C,0.0192581694573164
YIL040W,YOR208W,2.9908230203545827e-07
YIL040W,YBR040W,3.842304696632937e-09
YIL040W,YNL279W,9.424641689292912e-08
YIL040W,YER075C,2.1374284187913872e-05
YIL040W,YCR089W,1.2180565818198374e-06
YIL040W,YCR002C,4.071841885888716e-07
YIL040W,YJL108C,5.5980695773394373e-11
YIL040W,YBR200W,1.6673417854717876e-11
YIL040W,YIL026C,1.5435840623467811e-06
YIL040W,YJR076C,2.0460617644602053e-09
YIL040W,YKR031C,0.30716848373413086
YIL040W,YPL192C,5.904090549790908e-09
YIL040W,YHR107C,3.2804429395127954e-08
YIL040W,YIL037C,2.6000725010522086e-12
YIL040W,YPL156C,1.4870246147716953e-13
YIL040W,YIL117C,0.0010624566348269582
YIL040W,YHR066W,4.631630153936902e-16
YIL040W,YML085C,3.153824586470816e-13
YIL040W,YML047C,5.354540348889714e-07
YIL040W,YDR312W,1.287539544136962e-05
YIL040W,YFL037W,9.998746215754764e-15
YIL040W,YDL038C,0.2020167112350464
YIL040W,YDL039C,9.128370802302666e-12
YIL040W,YCL027W,5.772071015597291e-11
YIL040W,YML124C,1.7488357200642387e-19
YIL040W,YGL053W,1.625540590262549e-14
YIL040W,YMR232W,1.7895115389521266e-09
YIL040W,YNL298W,1.5342184467304065e-10
YIL040W,YGL099W,3.9589886273797004e-14
YIL040W,YBL016W,4.401694582156779e-07
YIL040W,YAL041W,6.522532947778048e-12
YIL040W,YDR085C,0.00022899566101841629
YIL040W,YPL187W,0.00040065881330519915
YIL040W,YPL256C,4.153869563312644e-14
YIL040W,YDR461W,7.879307151398632e-14
YIL040W,YNL145W,2.2156996237754356e-08
YDR517W,YDL165W,1.5691377505070575e-13
YDR517W,YGR059W,2.586638458978996e-08
YDR517W,YBR109C,6.138412532181309e-14
YDR517W,YJL080C,2.5635463196671537e-10
YDR517W,YCR093W,1.223377876158338e-05
YDR517W,YIL122W,4.257192998124992e-08
YDR517W,YCL029C,1.124340542446589e-06
YDR517W,YNL173C,1.8807058665970544e-07
YDR517W,YLR452C,0.00016396658611483872
YDR517W,YDL160C,0.01569122076034546
YDR517W,YLR229C,3.9846910493412935e-11
YDR517W,YML057W,7.451524640378349e-12
YDR517W,YER149C,2.178720492906905e-08
YDR517W,YMR305C,1.9720432231640217e-10
YDR517W,YLR433C,2.1006757260338266e-13
YDR517W,YJL073W,3.615257236373043e-13
YDR517W,YGR279C,3.2016227891062954e-08
YDR517W,YKL190W,1.5332041192195334e-09
YDR517W,YGL089C,8.032445819594614e-10
YDR517W,YJL019W,5.140556136009255e-15
YDR517W,YJL018W,0.0011671286774799228
YDR517W,YNR032C-A,0.16525420546531677
YDR517W,YGL178W,6.1672108131460845e-06
YDR517W,YKL116C,6.357088189190563e-09
YDR517W,YDL214C,8.047359045804114e-08
YDR517W,YLR362W,1.2489427270168107e-08
YDR517W,YER068W,1.4611434835387627e-06
YDR517W,YHR084W,0.00018541923782322556
YDR517W,YDR392W,1.7134453578204756e-10
YDR517W,YNL053W,5.27435440744739e-06
YDR517W,YGR040W,9.116948785958812e-05
YDR517W,YDL216C,3.0824891528169474e-09
YDR517W,YOL117W,2.0017406399119864e-08
YDR517W,YJR086W,6.371040853991872e-06
YDR517W,YMR025W,3.768737542486633e-06
YDR517W,YBR081C,6.233395397578793e-16
YDR517W,YFL026W,0.0009978427551686764
YDR517W,YHL007C,4.920654994577944e-10
YDR517W,YNR044W,7.682162128652692e-10
YDR517W,YNL271C,3.3405825661247945e-07
YDR517W,YDR200C,6.229786131406456e-11
YDR517W,YKL178C,2.6598266344990407e-07
YDR517W,YOR212W,8.613756236064418e-11
YDR517W,YOL111C,1.765478097048856e-09
YDR517W,YGL032C,1.2938404324813746e-05
YDR517W,YHR005C,0.00014941480185370892
YDR517W,YDR103W,0.0005950814229436219
YDR517W,YJR084W,0.48480352759361267
YDR517W,YCL032W,1.4114848612828412e-12
YDR517W,YJL170C,0.0009454956161789596
YDR517W,YDR179C,4.73658168242963e-10
YDR517W,YBR095C,2.3013251596254794e-14
YDR517W,YLL021W,5.5690777510386535e-12
YDR517W,YDL159W,6.32829812857727e-12
YDR517W,YNL161W,0.002694962313398719
YDR517W,YNL188W,5.997280823066831e-07
YDR517W,YJL157C,0.0004550245648715645
YDR517W,YJL034W,3.6701005868286854e-14
YDR517W,YLR238W,1.2160057849541772e-05
YDR517W,YPR141C,2.0002779432815032e-09
YDR517W,YNL127W,1.3405436760649536e-08
YDR517W,YCL055W,2.9532927783293417e-06
YDR517W,YPR122W,8.328758838160866e-08
YDR517W,YMR065W,3.0342096124513773e-07
YDR517W,YDR356W,1.2937355187148114e-08
YDR517W,YMR052W,1.963059936826994e-09
YDR517W,YFR008W,3.627597834565677e-05
YDR517W,YLL043W,2.1827267424057162e-11
YDR517W,YMR029C,1.816490602379872e-08
YDR517W,YJR004C,8.249612193367284e-08
YDR517W,YDL223C,5.549201506291346e-14
YDR517W,YHR158C,5.867920732649523e-12
YDR517W,YGR238C,7.228252555963738e-14
YDR517W,YIL015W,5.2307954319985583e-05
YDR517W,YGL173C,0.9643954634666443
YDR517W,YDL225W,0.005982802249491215
YDR517W,YLR330W,1.412545543644228e-06
YDR517W,YBR129C,4.970398658626918e-12
YDR517W,YKR095W-A,0.2020167112350464
YDR517W,YPR075C,7.265178680881945e-08
YDR517W,YMR198W,5.681598854584413e-14
YDR517W,YOR127W,6.777420935577538e-07
YDR517W,YDR264C,1.1305499592051405e-10
YDR517W,YLR110C,1.98635152770521e-09
YDR517W,YDR379W,2.064005855118012e-09
YDR517W,YDL100C,1.893285007936729e-11
YDR517W,YHR073W,8.145519814206637e-10
YDR517W,YJR090C,4.7715169785078615e-05
YDR517W,YOR208W,1.3982440205673186e-10
YDR517W,YBR040W,0.008637690916657448
YDR517W,YNL279W,0.8592584133148193
YDR517W,YER075C,8.040321186619792e-11
YDR517W,YCR089W,7.372923105375406e-11
YDR517W,YCR002C,3.111257779186971e-11
YDR517W,YJL108C,8.439433180074118e-12
YDR517W,YBR200W,1.370817626078491e-10
YDR517W,YIL026C,4.870949510404898e-07
YDR517W,YJR076C,0.002712169662117958
YDR517W,YKR031C,3.860494823121341e-12
YDR517W,YPL192C,0.028375331312417984
YDR517W,YHR107C,8.638340151696788e-14
YDR517W,YIL037C,2.1606172140309354e-06
YDR517W,YPL156C,0.0003173000004608184
YDR517W,YIL117C,1.9701190012710867e-07
YDR517W,YHR066W,2.649574380850819e-16
YDR517W,YML085C,0.22751551866531372
YDR517W,YML047C,0.0014580993447452784
YDR517W,YDR312W,1.2466550014522682e-09
YDR517W,YFL037W,1.993422316104443e-09
YDR517W,YDL038C,0.2020167112350464
YDR517W,YDL039C,3.1691599556507957e-20
YDR517W,YCL027W,9.389234764967114e-05
YDR517W,YML124C,0.002083361381664872
YDR517W,YGL053W,3.9447016320082184e-08
YDR517W,YMR232W,1.1952382010349538e-05
YDR517W,YNL298W,4.165813027867671e-09
YDR517W,YGL099W,9.307240741995848e-12
YDR517W,YBL016W,6.7322002905712e-06
YDR517W,YAL041W,0.0012468689819797873
YDR517W,YDR085C,2.1265905161271803e-06
YDR517W,YPL187W,0.06913743168115616
YDR517W,YPL256C,1.728613199247775e-07
YDR517W,YDR461W,1.8036526439058065e-10
YDR517W,YNL145W,0.001030501676723361
YMR142C,YDL165W,0.0002406639832770452
YMR142C,YGR059W,4.3101959501523623e-11
YMR142C,YBR109C,4.0381472388162365e-08
YMR142C,YJL080C,0.08502057194709778
YMR142C,YCR093W,0.10617535561323166
YMR142C,YIL122W,1.3949613730801502e-07
YMR142C,YCL029C,1.2490588119362656e-07
YMR142C,YNL173C,0.9505941867828369
YMR142C,YLR452C,2.049826974825919e-07
YMR142C,YDL160C,0.008974352851510048
YMR142C,YLR229C,0.0020312219858169556
YMR142C,YML057W,9.96269056428899e-15
YMR142C,YER149C,7.4134495662292466e-06
YMR142C,YMR305C,1.7233203796276908e-14
YMR142C,YLR433C,7.23458299489721e-07
YMR142C,YJL073W,1.8255897771268792e-07
YMR142C,YGR279C,1.1882989037204084e-09
YMR142C,YKL190W,1.657993014495948e-22
YMR142C,YGL089C,1.179603350465186e-05
YMR142C,YJL019W,0.1400431990623474
YMR142C,YJL018W,0.2020167112350464
YMR142C,YNR032C-A,0.014574207365512848
YMR142C,YGL178W,6.677807759390425e-20
YMR142C,YKL116C,9.614056217799316e-10
YMR142C,YDL214C,4.1169030737364665e-05
YMR142C,YLR362W,1.4738425306859426e-06
YMR142C,YER068W,0.031194554641842842
YMR142C,YHR084W,1.786695413841244e-08
YMR142C,YDR392W,0.5318240523338318
YMR142C,YNL053W,5.598536034767676e-08
YMR142C,YGR040W,0.00402095215395093
YMR142C,YDL216C,0.002937000710517168
YMR142C,YOL117W,1.449588604533758e-13
YMR142C,YJR086W,0.11727762967348099
YMR142C,YMR025W,0.0002806261763907969
YMR142C,YBR081C,0.7589442729949951
YMR142C,YFL026W,5.8816560510877025e-09
YMR142C,YHL007C,1.6919601275589002e-09
YMR142C,YNR044W,2.8111430765420664e-06
YMR142C,YNL271C,1.7275239372338547e-07
YMR142C,YDR200C,0.013129621744155884
YMR142C,YKL178C,7.066685570045195e-10
YMR142C,YOR212W,5.37049626991859e-10
YMR142C,YOL111C,4.700318384970358e-15
YMR142C,YGL032C,2.1224521162821475e-07
YMR142C,YHR005C,0.0698082223534584
YMR142C,YDR103W,0.1631556749343872
YMR142C,YJR084W,3.104664614284047e-08
YMR142C,YCL032W,0.00023880020307842642
YMR142C,YJL170C,4.671707358738786e-07
YMR142C,YDR179C,2.760583255045912e-11
YMR142C,YBR095C,0.0007605814607813954
YMR142C,YLL021W,1.1629125395984374e-07
YMR142C,YDL159W,1.0943719264133733e-09
YMR142C,YNL161W,9.020457946462557e-05
YMR142C,YNL188W,0.0009516399004496634
YMR142C,YJL157C,2.5608160036938443e-09
YMR142C,YJL034W,8.553942741744436e-16
YMR142C,YLR238W,0.023935936391353607
YMR142C,YPR141C,4.486359200805978e-11
YMR142C,YNL127W,1.4213667043350142e-07
YMR142C,YCL055W,9.500045905497245e-08
YMR142C,YPR122W,0.0008522929274477065
YMR142C,YMR065W,0.0027723112143576145
YMR142C,YDR356W,3.926884630800487e-07
YMR142C,YMR052W,0.5395042896270752
YMR142C,YFR008W,1.520992043424485e-08
YMR142C,YLL043W,0.010501585900783539
YMR142C,YMR029C,2.965366285856419e-10
YMR142C,YJR004C,3.7198219615675043e-07
YMR142C,YDL223C,1.2394869737505845e-25
YMR142C,YHR158C,0.001072080573067069
YMR142C,YGR238C,5.881405795325409e-14
YMR142C,YIL015W,0.775783360004425
YMR142C,YGL173C,0.8835899829864502
YMR142C,YDL225W,6.452210527641e-06
YMR142C,YLR330W,1.3396475735097304e-14
YMR142C,YBR129C,0.0002093123330269009
YMR142C,YKR095W-A,0.2020167112350464
YMR142C,YPR075C,3.603221495747834e-18
YMR142C,YMR198W,3.543973114972232e-09
YMR142C,YOR127W,2.1029558032025636e-14
YMR142C,YDR264C,1.1104926006533233e-10
YMR142C,YLR110C,2.3989703452909072e-12
YMR142C,YDR379W,0.9973128437995911
YMR142C,YDL100C,8.090752512401878e-10
YMR142C,YHR073W,0.4213815927505493
YMR142C,YJR090C,0.002429923275485635
YMR142C,YOR208W,7.176822691690177e-05
YMR142C,YBR040W,4.1050407162401825e-06
YMR142C,YNL279W,2.242778851524463e-09
YMR142C,YER075C,0.00013090253924019635
YMR142C,YCR089W,0.004329092334955931
YMR142C,YCR002C,0.0021646555978804827
YMR142C,YJL108C,0.2647862136363983
YMR142C,YBR200W,8.559999287172104e-08
YMR142C,YIL026C,1.0410129789306666e-06
YMR142C,YJR076C,0.9652274250984192
YMR142C,YKR031C,0.002839778084307909
YMR142C,YPL192C,0.0037217442877590656
YMR142C,YHR107C,0.0013590551679953933
YMR142C,YIL037C,0.00010450759145896882
YMR142C,YPL156C,2.4812549237474e-10
YMR142C,YIL117C,7.638253224362401e-11
YMR142C,YHR066W,1.343319483426697e-10
YMR142C,YML085C,2.1151918699543733e-30
YMR142C,YML047C,0.9999994039535522
YMR142C,YDR312W,0.10069862753152847
YMR142C,YFL037W,0.5810343027114868
YMR142C,YDL038C,0.2020167112350464
YMR142C,YDL039C,1.0073011099954706e-15
YMR142C,YCL027W,7.066685570045195e-10
YMR142C,YML124C,3.645370587563265e-28
YMR142C,YGL053W,5.802721584485804e-12
YMR142C,YMR232W,0.9999063014984131
YMR142C,YNL298W,8.460726348857861e-06
YMR142C,YGL099W,7.112627997685195e-08
YMR142C,YBL016W,3.8654286527162185e-07
YMR142C,YAL041W,1.4559482224285603e-06
YMR142C,YDR085C,1.7507516076875618e-06
YMR142C,YPL187W,0.01330620888620615
YMR142C,YPL256C,4.3463037968649587e-07
YMR142C,YDR461W,2.7575536298840575e-10
YMR142C,YNL145W,4.2648995446370463e-11
YDR437W,YDL165W,9.253337651671245e-09
YDR437W,YGR059W,1.6532922018086538e-05
YDR437W,YBR109C,5.1884733693441376e-05
YDR437W,YJL080C,5.513001255508243e-08
YDR437W,YCR093W,2.313349956040156e-09
YDR437W,YIL122W,0.0001454353769076988
YDR437W,YCL029C,9.941253154011065e-09
YDR437W,YNL173C,3.8219911857595434e-07
YDR437W,YLR452C,4.198034730507061e-06
YDR437W,YDL160C,3.508328072499012e-09
YDR437W,YLR229C,1.8487411601597614e-09
YDR437W,YML057W,6.989752472565808e-14
YDR437W,YER149C,6.8469482528144e-08
YDR437W,YMR305C,1.5221752391880727e-07
YDR437W,YLR433C,0.027111249044537544
YDR437W,YJL073W,2.554687017486401e-10
YDR437W,YGR279C,3.847792982014653e-07
YDR437W,YKL190W,0.00011928525782423094
YDR437W,YGL089C,1.587266368925503e-15
YDR437W,YJL019W,0.0005392860621213913
YDR437W,YJL018W,0.0006471702945418656
YDR437W,YNR032C-A,1.2826601505366853e-06
YDR437W,YGL178W,0.0012748732697218657
YDR437W,YKL116C,2.9480077097998256e-14
YDR437W,YDL214C,8.678816084284335e-05
YDR437W,YLR362W,1.2399546903907321e-05
YDR437W,YER068W,2.0850055904020337e-08
YDR437W,YHR084W,1.5341907300125968e-08
YDR437W,YDR392W,3.567695583406305e-10
YDR437W,YNL053W,0.06791944056749344
YDR437W,YGR040W,2.1228913738013944e-07
YDR437W,YDL216C,0.0011702212505042553
YDR437W,YOL117W,3.729309582922724e-06
YDR437W,YJR086W,3.822586344681689e-11
YDR437W,YMR025W,0.0004211934865452349
YDR437W,YBR081C,0.293179988861084
YDR437W,YFL026W,0.5101565718650818
YDR437W,YHL007C,0.00023903645342215896
YDR437W,YNR044W,4.657896290893859e-09
YDR437W,YNL271C,0.001035139081068337
YDR437W,YDR200C,0.00016911492275539786
YDR437W,YKL178C,5.876231057300174e-07
YDR437W,YOR212W,9.171437480998135e-13
YDR437W,YOL111C,1.446496078472137e-08
YDR437W,YGL032C,0.0008199895964935422
YDR437W,YHR005C,1.3293728340357802e-09
YDR437W,YDR103W,0.06083359196782112
YDR437W,YJR084W,0.004845637362450361
YDR437W,YCL032W,2.0789037080248818e-05
YDR437W,YJL170C,0.0004306442860979587
YDR437W,YDR179C,1.9048340504923544e-07
YDR437W,YBR095C,1.4767224110201482e-09
YDR437W,YLL021W,5.121406866237521e-05
YDR437W,YDL159W,1.0422345440019853e-05
YDR437W,YNL161W,0.006056764163076878
YDR437W,YNL188W,0.00010874800500459969
YDR437W,YJL157C,1.503034695815586e-06
YDR437W,YJL034W,1.1135301092577558e-17
YDR437W,YLR238W,4.373087492126615e-08
YDR437W,YPR141C,1.3132337439714092e-09
YDR437W,YNL127W,4.6728589747635496e-11
YDR437W,YCL055W,1.3217990937897106e-11
YDR437W,YPR122W,6.727713941501179e-10
YDR437W,YMR065W,2.891893566401329e-17
YDR437W,YDR356W,2.365591056374683e-09
YDR437W,YMR052W,6.27340099867979e-08
YDR437W,YFR008W,0.0701645240187645
YDR437W,YLL043W,0.7098795175552368
YDR437W,YMR029C,3.446721796862562e-10
YDR437W,YJR004C,3.2282848394515895e-08
YDR437W,YDL223C,1.4873382039870542e-11
YDR437W,YHR158C,2.0905710584884218e-07
YDR437W,YGR238C,0.033498506993055344
YDR437W,YIL015W,0.00030670533305965364
YDR437W,YGL173C,4.683006205041806e-10
YDR437W,YDL225W,0.00024729513097554445
YDR437W,YLR330W,5.304813477380321e-09
YDR437W,YBR129C,2.0071205114602364e-11
YDR437W,YKR095W-A,0.2020167112350464
YDR437W,YPR075C,0.00564982695505023
YDR437W,YMR198W,1.1575423286558362e-08
YDR437W,YOR127W,1.5352525917222692e-09
YDR437W,YDR264C,3.022621797299507e-08
YDR437W,YLR110C,2.339476026236298e-07
YDR437W,YDR379W,1.9437648105663508e-12
YDR437W,YDL100C,2.5142051995885595e-08
YDR437W,YHR073W,2.7600851808529114e-06
YDR437W,YJR090C,2.6471240754943892e-09
YDR437W,YOR208W,0.017679549753665924
YDR437W,YBR040W,5.071924169897102e-05
YDR437W,YNL279W,3.4233255119531236e-10
YDR437W,YER075C,2.7964228266341706e-08
YDR437W,YCR089W,1.024581244499223e-12
YDR437W,YCR002C,7.579373232147191e-06
YDR437W,YJL108C,3.351045165800315e-07
YDR437W,YBR200W,1.6711616979137034e-08
YDR437W,YIL026C,5.761783995694714e-06
YDR437W,YJR076C,0.00019458164751995355
YDR437W,YKR031C,3.3651981201643366e-09
YDR437W,YPL192C,0.0003342760319355875
YDR437W,YHR107C,1.1764388352375477e-09
YDR437W,YIL037C,0.0001992712786886841
YDR437W,YPL156C,0.03958330675959587
YDR437W,YIL117C,1.4320437003334519e-05
YDR437W,YHR066W,6.2877552409190685e-06
YDR437W,YML085C,1.2767991108830756e-07
YDR437W,YML047C,6.239570211619139e-07
YDR437W,YDR312W,1.4038043900654884e-06
YDR437W,YFL037W,1.3211970326665323e-06
YDR437W,YDL038C,0.2020167112350464
YDR437W,YDL039C,1.0164223596120792e-07
YDR437W,YCL027W,7.659075040855612e-10
YDR437W,YML124C,4.505396403176043e-11
YDR437W,YGL053W,1.9567789422580972e-05
YDR437W,YMR232W,1.224503831664947e-11
YDR437W,YNL298W,5.233698363582562e-09
YDR437W,YGL099W,2.205390273957164e-06
YDR437W,YBL016W,0.002070430666208267
YDR437W,YAL041W,8.50670422991584e-10
YDR437W,YDR085C,3.2930245197348995e-08
YDR437W,YPL187W,0.0238995011895895
YDR437W,YPL256C,2.2903018148667798e-08
YDR437W,YDR461W,2.588114682566811e-07
YDR437W,YNL145W,1.1629985010586097e-06
YNL332W,YDL165W,4.5930156900020336e-10
YNL332W,YGR059W,4.941361938902303e-15
YNL332W,YBR109C,2.7115977232126374e-18
YNL332W,YJL080C,4.5635258674172827e-14
YNL332W,YCR093W,0.012203671038150787
YNL332W,YIL122W,1.3100255955578177e-06
YNL332W,YCL029C,1.4964715044109956e-16
YNL332W,YNL173C,1.3845863691686056e-11
YNL332W,YLR452C,3.51029143530468e-07
YNL332W,YDL160C,0.015474490821361542
YNL332W,YLR229C,0.003480179701000452
YNL332W,YML057W,2.7659352672820825e-13
YNL332W,YER149C,4.009293914117133e-14
YNL332W,YMR305C,9.111288980234722e-12
YNL332W,YLR433C,3.679819928947836e-05
YNL332W,YJL073W,1.3510032204067102e-06
YNL332W,YGR279C,2.0758675134402438e-07
YNL332W,YKL190W,3.0277124557498425e-11
YNL332W,YGL089C,0.9915184378623962
YNL332W,YJL019W,1.824034967512489e-08
YNL332W,YJL018W,0.03141486272215843
YNL332W,YNR032C-A,7.578597660540254e-07
YNL332W,YGL178W,0.0007706918986514211
YNL332W,YKL116C,3.1869824113073264e-08
YNL332W,YDL214C,2.2669745192160917e-07
YNL332W,YLR362W,6.46765897727164e-07
YNL332W,YER068W,2.628326722931007e-10
YNL332W,YHR084W,8.252498560068489e-07
YNL332W,YDR392W,8.861179345842629e-09
YNL332W,YNL053W,5.0636019682803735e-11
YNL332W,YGR040W,8.135609547155198e-11
YNL332W,YDL216C,3.4415341687576984e-09
YNL332W,YOL117W,2.2142271349778753e-10
YNL332W,YJR086W,1.6468231292532387e-11
YNL332W,YMR025W,0.00041246021282859147
YNL332W,YBR081C,9.169204417958099e-08
YNL332W,YFL026W,8.260865949627494e-13
YNL332W,YHL007C,2.365030393747247e-10
YNL332W,YNR044W,2.14517168473094e-08
YNL332W,YNL271C,2.306135016283406e-08
YNL332W,YDR200C,2.795553285389607e-12
YNL332W,YKL178C,1.1024214430221946e-08
YNL332W,YOR212W,8.023548730799746e-14
YNL332W,YOL111C,2.7044727134856172e-12
YNL332W,YGL032C,2.187472546211211e-06
YNL332W,YHR005C,8.928855376420797e-13
YNL332W,YDR103W,6.447957900945767e-08
YNL332W,YJR084W,2.545190058711455e-09
YNL332W,YCL032W,2.0206684325785318e-07
YNL332W,YJL170C,6.569424088015313e-17
YNL332W,YDR179C,9.634720798956664e-11
YNL332W,YBR095C,1.1468682714621536e-06
YNL332W,YLL021W,1.8593457329352248e-10
YNL332W,YDL159W,1.391139915936368e-12
YNL332W,YNL161W,4.5003853976766095e-09
YNL332W,YNL188W,7.4224422164093085e-09
YNL332W,YJL157C,2.1643769675810942e-12
YNL332W,YJL034W,9.987139587552818e-11
YNL332W,YLR238W,7.290728021303039e-10
YNL332W,YPR141C,8.903452908270992e-08
YNL332W,YNL127W,2.3232829335029237e-05
YNL332W,YCL055W,2.9773893853862754e-12
YNL332W,YPR122W,2.8294211418256054e-10
YNL332W,YMR065W,1.8409097037874744e-06
YNL332W,YDR356W,4.7701401939548305e-08
YNL332W,YMR052W,1.4908641812402812e-13
YNL332W,YFR008W,3.268965653724365e-10
YNL332W,YLL043W,1.4020851146767654e-09
YNL332W,YMR029C,3.317703158245422e-05
YNL332W,YJR004C,1.6740728824515827e-05
YNL332W,YDL223C,1.419704544897149e-11
YNL332W,YHR158C,2.755592420911057e-10
YNL332W,YGR238C,3.2483273883221475e-12
YNL332W,YIL015W,1.6126646684710977e-08
YNL332W,YGL173C,5.210558242652041e-07
YNL332W,YDL225W,1.7033026100676807e-09
YNL332W,YLR330W,7.2459256372781056e-09
YNL332W,YBR129C,2.6643863293429604e-06
YNL332W,YKR095W-A,0.2020167112350464
YNL332W,YPR075C,6.454103917974408e-10
YNL332W,YMR198W,4.3886026105610654e-05
YNL332W,YOR127W,3.982413181802258e-05
YNL332W,YDR264C,4.03984801167212e-09
YNL332W,YLR110C,3.0811938813712914e-06
YNL332W,YDR379W,3.723918950981897e-09
YNL332W,YDL100C,1.426194868225756e-17
YNL332W,YHR073W,6.279874081686898e-13
YNL332W,YJR090C,1.4749160115457016e-08
YNL332W,YOR208W,4.763989636558108e-06
YNL332W,YBR040W,8.073108688222419e-07
YNL332W,YNL279W,6.994167467411216e-10
YNL332W,YER075C,1.852314035488689e-08
YNL332W,YCR089W,5.962683818916403e-11
YNL332W,YCR002C,6.700004591929376e-13
YNL332W,YJL108C,5.564552374437426e-09
YNL332W,YBR200W,2.589751488812908e-07
YNL332W,YIL026C,9.167511888508173e-11
YNL332W,YJR076C,3.5592758124494694e-13
YNL332W,YKR031C,5.0179984611986583e-08
YNL332W,YPL192C,0.00026231008814647794
YNL332W,YHR107C,0.0005155850085429847
YNL332W,YIL037C,4.457467730389908e-05
YNL332W,YPL156C,1.350673102251676e-07
YNL332W,YIL117C,1.7861373838301553e-11
YNL332W,YHR066W,4.826285207358636e-16
YNL332W,YML085C,1.1437498864674822e-10
YNL332W,YML047C,0.966639518737793
YNL332W,YDR312W,2.6064421732030496e-09
YNL332W,YFL037W,2.5806357918656264e-12
YNL332W,YDL038C,0.2020167112350464
YNL332W,YDL039C,1.4492425315371094e-10
YNL332W,YCL027W,1.9944780433434062e-05
YNL332W,YML124C,2.2578326504517066e-19
YNL332W,YGL053W,6.283312240300571e-17
YNL332W,YMR232W,3.699821945701842e-06
YNL332W,YNL298W,0.9765613079071045
YNL332W,YGL099W,9.090139196921143e-10
YNL332W,YBL016W,4.340671160181497e-15
YNL332W,YAL041W,3.456219685449291e-11
YNL332W,YDR085C,4.780243215152247e-11
YNL332W,YPL187W,3.120336987194605e-05
YNL332W,YPL256C,5.938440711394932e-11
YNL332W,YDR461W,1.0845609620761993e-18
YNL332W,YNL145W,1.019909268151764e-09
YJL033W,YDL165W,4.314047998832393e-07
YJL033W,YGR059W,9.891235053238745e-11
YJL033W,YBR109C,0.018152810633182526
YJL033W,YJL080C,9.39439341891557e-05
YJL033W,YCR093W,0.7052658796310425
YJL033W,YIL122W,1.177335434476845e-05
YJL033W,YCL029C,3.870511133818866e-10
YJL033W,YNL173C,0.6174182295799255
YJL033W,YLR452C,0.16908791661262512
YJL033W,YDL160C,0.013785345479846
YJL033W,YLR229C,7.662894745408266e-07
YJL033W,YML057W,1.97026972514891e-09
YJL033W,YER149C,1.9909293769160286e-07
YJL033W,YMR305C,0.0009190719574689865
YJL033W,YLR433C,0.0010988577269017696
YJL033W,YJL073W,1.4162865324962581e-10
YJL033W,YGR279C,1.2362461347947828e-06
YJL033W,YKL190W,2.2434258895032144e-08
YJL033W,YGL089C,0.6205717921257019
YJL033W,YJL019W,5.776297621196136e-05
YJL033W,YJL018W,9.892861271509901e-05
YJL033W,YNR032C-A,0.0011037224903702736
YJL033W,YGL178W,0.40395238995552063
YJL033W,YKL116C,2.4462730452423642e-11
YJL033W,YDL214C,0.9969421029090881
YJL033W,YLR362W,1.3269335568111273e-06
YJL033W,YER068W,1.5568764055728934e-09
YJL033W,YHR084W,1.9971460249457174e-11
YJL033W,YDR392W,5.29751559952274e-07
YJL033W,YNL053W,0.0042237406596541405
YJL033W,YGR040W,1.546386442896619e-06
YJL033W,YDL216C,0.01173634547740221
YJL033W,YOL117W,1.3976527712955544e-09
YJL033W,YJR086W,1.693824103199404e-08
YJL033W,YMR025W,3.2900471236274598e-09
YJL033W,YBR081C,0.000810476893093437
YJL033W,YFL026W,0.02101246267557144
YJL033W,YHL007C,0.00010776545968838036
YJL033W,YNR044W,6.072188989492133e-05
YJL033W,YNL271C,1.231612412055938e-08
YJL033W,YDR200C,0.0034849175717681646
YJL033W,YKL178C,0.003075176849961281
YJL033W,YOR212W,0.012000960297882557
YJL033W,YOL111C,1.37021907709034e-10
YJL033W,YGL032C,1.768935726431664e-05
YJL033W,YHR005C,0.8207892179489136
YJL033W,YDR103W,0.00043179141357541084
YJL033W,YJR084W,0.00040410246583633125
YJL033W,YCL032W,2.8086319048270525e-08
YJL033W,YJL170C,0.524941086769104
YJL033W,YDR179C,5.9261249241160385e-09
YJL033W,YBR095C,0.0001971299498109147
YJL033W,YLL021W,0.33359161019325256
YJL033W,YDL159W,5.569859018450529e-10
YJL033W,YNL161W,0.28480589389801025
YJL033W,YNL188W,5.775250997430703e-07
YJL033W,YJL157C,0.005767285358160734
YJL033W,YJL034W,5.5563186159273553e-14
YJL033W,YLR238W,0.0003951805701944977
YJL033W,YPR141C,0.6545300483703613
YJL033W,YNL127W,0.03911184147000313
YJL033W,YCL055W,7.532066637061519e-10
YJL033W,YPR122W,0.3108837902545929
YJL033W,YMR065W,6.2747981246502604e-06
YJL033W,YDR356W,0.007396464701741934
YJL033W,YMR052W,0.0005506817251443863
YJL033W,YFR008W,0.004790861625224352
YJL033W,YLL043W,0.004785939585417509
YJL033W,YMR029C,1.489627948103589e-06
YJL033W,YJR004C,2.799585558932449e-07
YJL033W,YDL223C,1.3436818485006928e-16
YJL033W,YHR158C,0.10967251658439636
YJL033W,YGR238C,2.3035818230709992e-05
YJL033W,YIL015W,0.39624470472335815
YJL033W,YGL173C,0.000517717853654176
YJL033W,YDL225W,6.770154437063525e-10
YJL033W,YLR330W,6.096231158769783e-11
YJL033W,YBR129C,0.029368475079536438
YJL033W,YKR095W-A,0.2020167112350464
YJL033W,YPR075C,0.04472082853317261
YJL033W,YMR198W,6.512514052342544e-12
YJL033W,YOR127W,6.32152077741921e-05
YJL033W,YDR264C,0.00032721130992285907
YJL033W,YLR110C,8.878520748112351e-05
YJL033W,YDR379W,0.8850665092468262
YJL033W,YDL100C,2.491669387092929e-14
YJL033W,YHR073W,1.657230264129339e-08
YJL033W,YJR090C,6.2289986536845365e-12
YJL033W,YOR208W,0.4151531457901001
YJL033W,YBR040W,3.225869704692741e-07
YJL033W,YNL279W,5.9205241598192515e-08
YJL033W,YER075C,0.004403930623084307
YJL033W,YCR089W,0.0003398365806788206
YJL033W,YCR002C,1.1792578025193734e-10
YJL033W,YJL108C,0.9912276864051819
YJL033W,YBR200W,1.7701760057775573e-08
YJL033W,YIL026C,0.00010255927190883085
YJL033W,YJR076C,0.0002528565237298608
YJL033W,YKR031C,4.728985368274152e-05
YJL033W,YPL192C,1.208767343996442e-07
YJL033W,YHR107C,0.7159675359725952
YJL033W,YIL037C,0.00011782354704337195
YJL033W,YPL156C,0.9772650599479675
YJL033W,YIL117C,5.959361146778974e-07
YJL033W,YHR066W,5.386854127209517e-07
YJL033W,YML085C,6.877123315263134e-10
YJL033W,YML047C,0.6923722624778748
YJL033W,YDR312W,3.705156459421488e-10
YJL033W,YFL037W,8.601874212921246e-10
YJL033W,YDL038C,0.2020167112350464
YJL033W,YDL039C,5.200281316675159e-10
YJL033W,YCL027W,1.3499956708074023e-07
YJL033W,YML124C,5.426297406809573e-16
YJL033W,YGL053W,1.1008287614799883e-08
YJL033W,YMR232W,1.4468245268517421e-08
YJL033W,YNL298W,0.02529842033982277
YJL033W,YGL099W,3.381321667106363e-09
YJL033W,YBL016W,1.8536075452324496e-12
YJL033W,YAL041W,0.0013218598905950785
YJL033W,YDR085C,0.01248235534876585
YJL033W,YPL187W,8.26450741442386e-06
YJL033W,YPL256C,5.155012559043826e-07
YJL033W,YDR461W,2.8521972339490276e-08
YJL033W,YNL145W,0.02658229134976864
YFL034C-B,YDL165W,0.10074333101511002
YFL034C-B,YGR059W,1.022442200349083e-11
YFL034C-B,YBR109C,0.8221932053565979
YFL034C-B,YJL080C,0.030950527638196945
YFL034C-B,YCR093W,0.0010074692545458674
YFL034C-B,YIL122W,0.00236722850240767
YFL034C-B,YCL029C,0.00036278748302720487
YFL034C-B,YNL173C,2.405351438028447e-07
YFL034C-B,YLR452C,2.4649178698155083e-08
YFL034C-B,YDL160C,0.10267345607280731
YFL034C-B,YLR229C,1.846849606579326e-08
YFL034C-B,YML057W,0.00015375447401311249
YFL034C-B,YER149C,2.3285342649614904e-06
YFL034C-B,YMR305C,0.00024842991842888296
YFL034C-B,YLR433C,1.6131070879055187e-05
YFL034C-B,YJL073W,5.950374415419901e-09
YFL034C-B,YGR279C,0.007700192742049694
YFL034C-B,YKL190W,8.363770689356897e-07
YFL034C-B,YGL089C,0.0001792383991414681
YFL034C-B,YJL019W,0.0023848621640354395
YFL034C-B,YJL018W,0.2020167112350464
YFL034C-B,YNR032C-A,0.9999959468841553
YFL034C-B,YGL178W,0.00031559212948195636
YFL034C-B,YKL116C,2.7587668682826916e-07
YFL034C-B,YDL214C,0.41119474172592163
YFL034C-B,YLR362W,0.1950957030057907
YFL034C-B,YER068W,3.4305423923797207e-07
YFL034C-B,YHR084W,2.3887283532531e-05
YFL034C-B,YDR392W,3.840746032324205e-08
YFL034C-B,YNL053W,4.153280031005124e-08
YFL034C-B,YGR040W,0.0057896943762898445
YFL034C-B,YDL216C,0.9881442189216614
YFL034C-B,YOL117W,4.714485157819581e-08
YFL034C-B,YJR086W,0.00030662695644423366
YFL034C-B,YMR025W,5.629949555441272e-07
YFL034C-B,YBR081C,0.03793097659945488
YFL034C-B,YFL026W,4.148292376271456e-08
YFL034C-B,YHL007C,3.582073759389459e-06
YFL034C-B,YNR044W,2.1862848598175333e-07
YFL034C-B,YNL271C,0.20158904790878296
YFL034C-B,YDR200C,0.0003628742997534573
YFL034C-B,YKL178C,1.3498479347617831e-06
YFL034C-B,YOR212W,0.6841803789138794
YFL034C-B,YOL111C,3.4648909519319204e-08
YFL034C-B,YGL032C,0.003961479756981134
YFL034C-B,YHR005C,0.0006755433860234916
YFL034C-B,YDR103W,7.258707046275958e-05
YFL034C-B,YJR084W,0.0008248533704318106
YFL034C-B,YCL032W,8.612840440846981e-10
YFL034C-B,YJL170C,2.6709906819633034e-07
YFL034C-B,YDR179C,2.7628588653016983e-11
YFL034C-B,YBR095C,0.19815684854984283
YFL034C-B,YLL021W,6.073532495065592e-05
YFL034C-B,YDL159W,9.69381858340057e-07
YFL034C-B,YNL161W,4.53552821966241e-08
YFL034C-B,YNL188W,0.012774008326232433
YFL034C-B,YJL157C,3.5847187973558903e-06
YFL034C-B,YJL034W,6.255305038393999e-07
YFL034C-B,YLR238W,3.1072825095179724e-06
YFL034C-B,YPR141C,7.869306864449754e-05
YFL034C-B,YNL127W,0.0001464492961531505
YFL034C-B,YCL055W,2.9401151550700888e-05
YFL034C-B,YPR122W,0.0031715836375951767
YFL034C-B,YMR065W,1.4318564112159038e-09
YFL034C-B,YDR356W,9.778857202036306e-05
YFL034C-B,YMR052W,0.19648300111293793
YFL034C-B,YFR008W,0.0020205872133374214
YFL034C-B,YLL043W,0.00011331419955240563
YFL034C-B,YMR029C,3.8005851820344105e-05
YFL034C-B,YJR004C,0.0014890118036419153
YFL034C-B,YDL223C,2.1916270068287474e-13
YFL034C-B,YHR158C,0.0003344516735523939
YFL034C-B,YGR238C,3.1757770102558425e-06
YFL034C-B,YIL015W,0.9695241451263428
YFL034C-B,YGL173C,1.196872005948535e-07
YFL034C-B,YDL225W,0.04535510763525963
YFL034C-B,YLR330W,7.410461133616764e-09
YFL034C-B,YBR129C,0.17472167313098907
YFL034C-B,YKR095W-A,0.2020167112350464
YFL034C-B,YPR075C,8.504347226434561e-11
YFL034C-B,YMR198W,3.880345644802219e-08
YFL034C-B,YOR127W,0.645918071269989
YFL034C-B,YDR264C,0.07886955887079239
YFL034C-B,YLR110C,2.3921205865917727e-05
YFL034C-B,YDR379W,0.004596788436174393
YFL034C-B,YDL100C,0.00023868048447184265
YFL034C-B,YHR073W,0.0002592353557702154
YFL034C-B,YJR090C,0.0018637850880622864
YFL034C-B,YOR208W,1.5244634141708957e-06
YFL034C-B,YBR040W,4.659584718069709e-09
YFL034C-B,YNL279W,3.989248966718151e-07
YFL034C-B,YER075C,1.5834693278815593e-10
YFL034C-B,YCR089W,0.001722412183880806
YFL034C-B,YCR002C,0.003634442575275898
YFL034C-B,YJL108C,0.3512169122695923
YFL034C-B,YBR200W,4.323038282905145e-08
YFL034C-B,YIL026C,1.3609811730930232e-06
YFL034C-B,YJR076C,1.3484969940691371e-06
YFL034C-B,YKR031C,1.9009536345038214e-06
YFL034C-B,YPL192C,2.5614117475925013e-06
YFL034C-B,YHR107C,0.008249144069850445
YFL034C-B,YIL037C,3.114027480322079e-09
YFL034C-B,YPL156C,0.3294936418533325
YFL034C-B,YIL117C,9.031153922478552e-07
YFL034C-B,YHR066W,2.7238831307695166e-14
YFL034C-B,YML085C,1.2640505531180679e-08
YFL034C-B,YML047C,0.001389654353260994
YFL034C-B,YDR312W,4.6223431127145886e-05
YFL034C-B,YFL037W,0.00014061185356695205
YFL034C-B,YDL038C,0.2020167112350464
YFL034C-B,YDL039C,2.488355965724054e-09
YFL034C-B,YCL027W,2.711627011819928e-08
YFL034C-B,YML124C,5.339483517737822e-15
YFL034C-B,YGL053W,0.4719729423522949
YFL034C-B,YMR232W,5.23930143714324e-09
YFL034C-B,YNL298W,0.009034390561282635
YFL034C-B,YGL099W,1.536565719106875e-08
YFL034C-B,YBL016W,0.004255490377545357
YFL034C-B,YAL041W,2.315804152885903e-07
YFL034C-B,YDR085C,0.07392313331365585
YFL034C-B,YPL187W,0.09308982640504837
YFL034C-B,YPL256C,1.1042707859232337e-09
YFL034C-B,YDR461W,5.8948484365828335e-05
YFL034C-B,YNL145W,6.502850737888366e-07
YFR034C,YDL165W,2.667344956019946e-10
YFR034C,YGR059W,6.282738468144089e-06
YFR034C,YBR109C,1.0883845213971455e-10
YFR034C,YJL080C,1.6136275258690769e-12
YFR034C,YCR093W,1.4268263726080477e-07
YFR034C,YIL122W,5.747523607126637e-20
YFR034C,YCL029C,1.9878472443959037e-14
YFR034C,YNL173C,1.7204754954036616e-07
YFR034C,YLR452C,0.003381564514711499
YFR034C,YDL160C,3.542947979440214e-08
YFR034C,YLR229C,4.149946011833272e-12
YFR034C,YML057W,1.6627248284272443e-14
YFR034C,YER149C,6.224111260026352e-14
YFR034C,YMR305C,6.217200620994845e-08
YFR034C,YLR433C,0.0020152137149125338
YFR034C,YJL073W,1.2574130892062385e-07
YFR034C,YGR279C,1.1427464130520093e-07
YFR034C,YKL190W,2.9092782870276945e-12
YFR034C,YGL089C,1.4812880522185878e-07
YFR034C,YJL019W,4.5779859192407457e-07
YFR034C,YJL018W,0.2020167112350464
YFR034C,YNR032C-A,0.00020105457224417478
YFR034C,YGL178W,1.6096935269160895e-06
YFR034C,YKL116C,5.2960097245147164e-12
YFR034C,YDL214C,9.118442491958673e-14
YFR034C,YLR362W,1.835372742675645e-09
YFR034C,YER068W,1.4931131418066679e-12
YFR034C,YHR084W,6.871249125239842e-10
YFR034C,YDR392W,3.996689889161444e-17
YFR034C,YNL053W,5.280824666442641e-07
YFR034C,YGR040W,2.0473349578165045e-12
YFR034C,YDL216C,0.00018156380974687636
YFR034C,YOL117W,1.1973189106839754e-10
YFR034C,YJR086W,1.7512755690063386e-08
YFR034C,YMR025W,6.525607432195102e-08
YFR034C,YBR081C,0.004033226519823074
YFR034C,YFL026W,0.006737591698765755
YFR034C,YHL007C,5.461067848955281e-05
YFR034C,YNR044W,9.717541438192256e-09
YFR034C,YNL271C,7.183972527968763e-09
YFR034C,YDR200C,7.5500736329559e-07
YFR034C,YKL178C,2.951937676698435e-05
YFR034C,YOR212W,9.21636465062159e-13
YFR034C,YOL111C,1.204932690133416e-16
YFR034C,YGL032C,5.506343333226173e-14
YFR034C,YHR005C,2.7380480105421157e-09
YFR034C,YDR103W,1.8098268128596828e-06
YFR034C,YJR084W,9.937364516335312e-13
YFR034C,YCL032W,6.336655595991789e-16
YFR034C,YJL170C,0.014761560596525669
YFR034C,YDR179C,3.2039285504173454e-14
YFR034C,YBR095C,1.7203090341144645e-10
YFR034C,YLL021W,1.2610452237993286e-08
YFR034C,YDL159W,5.768367012347342e-13
YFR034C,YNL161W,3.8284957781797857e-07
YFR034C,YNL188W,6.191361867635692e-10
YFR034C,YJL157C,3.6536873526671343e-10
YFR034C,YJL034W,1.3706974444360753e-10
YFR034C,YLR238W,4.3650707937104016e-08
YFR034C,YPR141C,0.9167911410331726
YFR034C,YNL127W,6.885240821929983e-08
YFR034C,YCL055W,4.3053028590117615e-13
YFR034C,YPR122W,7.630447177429424e-15
YFR034C,YMR065W,0.0025795360561460257
YFR034C,YDR356W,4.9167923066306685e-09
YFR034C,YMR052W,5.758646892672914e-10
YFR034C,YFR008W,4.097628947307211e-14
YFR034C,YLL043W,2.2042803780181197e-12
YFR034C,YMR029C,3.334653386755093e-11
YFR034C,YJR004C,9.098774285121181e-07
YFR034C,YDL223C,2.4118680837914965e-15
YFR034C,YHR158C,0.21316830813884735
YFR034C,YGR238C,7.561207127082525e-08
YFR034C,YIL015W,1.5370853361673653e-05
YFR034C,YGL173C,2.0773548083542065e-13
YFR034C,YDL225W,2.2705970437186807e-09
YFR034C,YLR330W,6.052123303423457e-19
YFR034C,YBR129C,2.8075736180355193e-10
YFR034C,YKR095W-A,0.2020167112350464
YFR034C,YPR075C,1.4759198307956467e-09
YFR034C,YMR198W,4.713335874839686e-05
YFR034C,YOR127W,1.228756002112294e-13
YFR034C,YDR264C,2.8149361241958104e-05
YFR034C,YLR110C,3.3497264961823703e-09
YFR034C,YDR379W,3.1437935588130017e-10
YFR034C,YDL100C,1.3949976391813834e-06
YFR034C,YHR073W,2.7247071786307142e-12
YFR034C,YJR090C,2.9237487431110765e-11
YFR034C,YOR208W,3.956522067437296e-13
YFR034C,YBR040W,4.593034191202605e-06
YFR034C,YNL279W,4.367638211988378e-06
YFR034C,YER075C,4.1311423615297826e-08
YFR034C,YCR089W,1.0505895033929846e-06
YFR034C,YCR002C,2.6319046941836177e-09
YFR034C,YJL108C,1.7464585550311384e-12
YFR034C,YBR200W,8.596773293234605e-10
YFR034C,YIL026C,5.202687347605206e-08
YFR034C,YJR076C,1.9982007160024295e-08
YFR034C,YKR031C,1.6543442598049296e-06
YFR034C,YPL192C,2.7780804884969257e-05
YFR034C,YHR107C,1.7466652039652142e-12
YFR034C,YIL037C,0.007730843499302864
YFR034C,YPL156C,6.448347903642571e-06
YFR034C,YIL117C,3.5600450587480736e-08
YFR034C,YHR066W,5.153038369273832e-13
YFR034C,YML085C,2.7405702707206103e-10
YFR034C,YML047C,2.1043413678256684e-09
YFR034C,YDR312W,4.994174778588656e-12
YFR034C,YFL037W,1.09964148009567e-07
YFR034C,YDL038C,0.2020167112350464
YFR034C,YDL039C,2.716226874074668e-17
YFR034C,YCL027W,1.9514236271334084e-07
YFR034C,YML124C,4.968386792753514e-24
YFR034C,YGL053W,4.538115543073484e-12
YFR034C,YMR232W,2.0236924683558755e-05
YFR034C,YNL298W,1.3757103400522611e-14
YFR034C,YGL099W,2.577131821862446e-17
YFR034C,YBL016W,4.03756805766875e-09
YFR034C,YAL041W,7.634086030970828e-15
YFR034C,YDR085C,3.7807476536955674e-15
YFR034C,YPL187W,3.821888361343895e-10
YFR034C,YPL256C,2.5378697046107845e-06
YFR034C,YDR461W,4.946383472086147e-13
YFR034C,YNL145W,1.7892087811333113e-08
tF(GAA)B,YDL165W,0.2020167112350464
tF(GAA)B,YGR059W,0.2020167112350464
tF(GAA)B,YBR109C,0.2020167112350464
tF(GAA)B,YJL080C,0.2020167112350464
tF(GAA)B,YCR093W,0.2020167112350464
tF(GAA)B,YIL122W,0.2020167112350464
tF(GAA)B,YCL029C,0.2020167112350464
tF(GAA)B,YNL173C,0.2020167112350464
tF(GAA)B,YLR452C,0.2020167112350464
tF(GAA)B,YDL160C,0.2020167112350464
tF(GAA)B,YLR229C,0.2020167112350464
tF(GAA)B,YML057W,0.2020167112350464
tF(GAA)B,YER149C,0.2020167112350464
tF(GAA)B,YMR305C,0.2020167112350464
tF(GAA)B,YLR433C,0.2020167112350464
tF(GAA)B,YJL073W,0.2020167112350464
tF(GAA)B,YGR279C,0.2020167112350464
tF(GAA)B,YKL190W,0.2020167112350464
tF(GAA)B,YGL089C,0.2020167112350464
tF(GAA)B,YJL019W,0.2020167112350464
tF(GAA)B,YJL018W,0.2020167112350464
tF(GAA)B,YNR032C-A,0.2020167112350464
tF(GAA)B,YGL178W,0.2020167112350464
tF(GAA)B,YKL116C,0.2020167112350464
tF(GAA)B,YDL214C,0.2020167112350464
tF(GAA)B,YLR362W,0.2020167112350464
tF(GAA)B,YER068W,0.2020167112350464
tF(GAA)B,YHR084W,0.2020167112350464
tF(GAA)B,YDR392W,0.2020167112350464
tF(GAA)B,YNL053W,0.2020167112350464
tF(GAA)B,YGR040W,0.2020167112350464
tF(GAA)B,YDL216C,0.2020167112350464
tF(GAA)B,YOL117W,0.2020167112350464
tF(GAA)B,YJR086W,0.2020167112350464
tF(GAA)B,YMR025W,0.2020167112350464
tF(GAA)B,YBR081C,0.2020167112350464
tF(GAA)B,YFL026W,0.2020167112350464
tF(GAA)B,YHL007C,0.2020167112350464
tF(GAA)B,YNR044W,0.2020167112350464
tF(GAA)B,YNL271C,0.2020167112350464
tF(GAA)B,YDR200C,0.2020167112350464
tF(GAA)B,YKL178C,0.2020167112350464
tF(GAA)B,YOR212W,0.2020167112350464
tF(GAA)B,YOL111C,0.2020167112350464
tF(GAA)B,YGL032C,0.2020167112350464
tF(GAA)B,YHR005C,0.2020167112350464
tF(GAA)B,YDR103W,0.2020167112350464
tF(GAA)B,YJR084W,0.2020167112350464
tF(GAA)B,YCL032W,0.2020167112350464
tF(GAA)B,YJL170C,0.2020167112350464
tF(GAA)B,YDR179C,0.2020167112350464
tF(GAA)B,YBR095C,0.2020167112350464
tF(GAA)B,YLL021W,0.2020167112350464
tF(GAA)B,YDL159W,0.2020167112350464
tF(GAA)B,YNL161W,0.2020167112350464
tF(GAA)B,YNL188W,0.2020167112350464
tF(GAA)B,YJL157C,0.2020167112350464
tF(GAA)B,YJL034W,0.2020167112350464
tF(GAA)B,YLR238W,0.2020167112350464
tF(GAA)B,YPR141C,0.2020167112350464
tF(GAA)B,YNL127W,0.2020167112350464
tF(GAA)B,YCL055W,0.2020167112350464
tF(GAA)B,YPR122W,0.2020167112350464
tF(GAA)B,YMR065W,0.2020167112350464
tF(GAA)B,YDR356W,0.2020167112350464
tF(GAA)B,YMR052W,0.2020167112350464
tF(GAA)B,YFR008W,0.2020167112350464
tF(GAA)B,YLL043W,0.2020167112350464
tF(GAA)B,YMR029C,0.2020167112350464
tF(GAA)B,YJR004C,0.2020167112350464
tF(GAA)B,YDL223C,0.2020167112350464
tF(GAA)B,YHR158C,0.2020167112350464
tF(GAA)B,YGR238C,0.2020167112350464
tF(GAA)B,YIL015W,0.2020167112350464
tF(GAA)B,YGL173C,0.2020167112350464
tF(GAA)B,YDL225W,0.2020167112350464
tF(GAA)B,YLR330W,0.2020167112350464
tF(GAA)B,YBR129C,0.2020167112350464
tF(GAA)B,YKR095W-A,0.2020167112350464
tF(GAA)B,YPR075C,0.2020167112350464
tF(GAA)B,YMR198W,0.2020167112350464
tF(GAA)B,YOR127W,0.2020167112350464
tF(GAA)B,YDR264C,0.2020167112350464
tF(GAA)B,YLR110C,0.2020167112350464
tF(GAA)B,YDR379W,0.2020167112350464
tF(GAA)B,YDL100C,0.2020167112350464
tF(GAA)B,YHR073W,0.2020167112350464
tF(GAA)B,YJR090C,0.2020167112350464
tF(GAA)B,YOR208W,0.2020167112350464
tF(GAA)B,YBR040W,0.2020167112350464
tF(GAA)B,YNL279W,0.2020167112350464
tF(GAA)B,YER075C,0.2020167112350464
tF(GAA)B,YCR089W,0.2020167112350464
tF(GAA)B,YCR002C,0.2020167112350464
tF(GAA)B,YJL108C,0.2020167112350464
tF(GAA)B,YBR200W,0.2020167112350464
tF(GAA)B,YIL026C,0.2020167112350464
tF(GAA)B,YJR076C,0.2020167112350464
tF(GAA)B,YKR031C,0.2020167112350464
tF(GAA)B,YPL192C,0.2020167112350464
tF(GAA)B,YHR107C,0.2020167112350464
tF(GAA)B,YIL037C,0.2020167112350464
tF(GAA)B,YPL156C,0.2020167112350464
tF(GAA)B,YIL117C,0.2020167112350464
tF(GAA)B,YHR066W,0.2020167112350464
tF(GAA)B,YML085C,0.2020167112350464
tF(GAA)B,YML047C,0.2020167112350464
tF(GAA)B,YDR312W,0.2020167112350464
tF(GAA)B,YFL037W,0.2020167112350464
tF(GAA)B,YDL038C,0.2020167112350464
tF(GAA)B,YDL039C,0.2020167112350464
tF(GAA)B,YCL027W,0.2020167112350464
tF(GAA)B,YML124C,0.2020167112350464
tF(GAA)B,YGL053W,0.2020167112350464
tF(GAA)B,YMR232W,0.2020167112350464
tF(GAA)B,YNL298W,0.2020167112350464
tF(GAA)B,YGL099W,0.2020167112350464
tF(GAA)B,YBL016W,0.2020167112350464
tF(GAA)B,YAL041W,0.2020167112350464
tF(GAA)B,YDR085C,0.2020167112350464
tF(GAA)B,YPL187W,0.2020167112350464
tF(GAA)B,YPL256C,0.2020167112350464
tF(GAA)B,YDR461W,0.2020167112350464
tF(GAA)B,YNL145W,0.2020167112350464
YBL001C,YDL165W,4.2538379502882195e-13
YBL001C,YGR059W,8.089209857509161e-10
YBL001C,YBR109C,0.0007050291751511395
YBL001C,YJL080C,4.983633991595404e-11
YBL001C,YCR093W,0.0015852744691073895
YBL001C,YIL122W,0.0017885988345369697
YBL001C,YCL029C,1.9016421129402608e-18
YBL001C,YNL173C,2.1128915674364923e-13
YBL001C,YLR452C,1.1960420209788936e-08
YBL001C,YDL160C,1.26656773957734e-08
YBL001C,YLR229C,6.817543908255175e-05
YBL001C,YML057W,3.653263775049709e-05
YBL001C,YER149C,3.545743822996883e-07
YBL001C,YMR305C,7.583152584599712e-14
YBL001C,YLR433C,2.5117607549418608e-08
YBL001C,YJL073W,8.679923446663906e-11
YBL001C,YGR279C,0.574420154094696
YBL001C,YKL190W,7.090741882542773e-11
YBL001C,YGL089C,0.012818209826946259
YBL001C,YJL019W,7.221286750791478e-07
YBL001C,YJL018W,0.04998235031962395
YBL001C,YNR032C-A,0.00020278191368561238
YBL001C,YGL178W,0.0007869236287660897
YBL001C,YKL116C,5.236070137470961e-06
YBL001C,YDL214C,4.270847421139479e-05
YBL001C,YLR362W,0.21391291916370392
YBL001C,YER068W,0.0205805916339159
YBL001C,YHR084W,0.00015188971883617342
YBL001C,YDR392W,0.020477237179875374
YBL001C,YNL053W,4.017514220322482e-05
YBL001C,YGR040W,4.275039003354131e-11
YBL001C,YDL216C,0.04860023781657219
YBL001C,YOL117W,0.0005568757187575102
YBL001C,YJR086W,3.9348174241463085e-13
YBL001C,YMR025W,0.0033371069002896547
YBL001C,YBR081C,2.7568785299081355e-07
YBL001C,YFL026W,4.768027750401416e-09
YBL001C,YHL007C,2.529101948312018e-06
YBL001C,YNR044W,2.861210361970734e-07
YBL001C,YNL271C,1.5903128813832268e-10
YBL001C,YDR200C,0.0002507171011529863
YBL001C,YKL178C,0.038501933217048645
YBL001C,YOR212W,3.055247388417115e-09
YBL001C,YOL111C,6.933988743185182e-07
YBL001C,YGL032C,2.184714631425777e-10
YBL001C,YHR005C,4.7936512537205545e-09
YBL001C,YDR103W,2.8961680982320104e-06
YBL001C,YJR084W,2.2514073862112127e-05
YBL001C,YCL032W,2.990150488324517e-11
YBL001C,YJL170C,6.798224649884332e-09
YBL001C,YDR179C,0.3941929042339325
YBL001C,YBR095C,1.0463577920782896e-10
YBL001C,YLL021W,0.00047754490515217185
YBL001C,YDL159W,2.2593557957861776e-07
YBL001C,YNL161W,0.9228944778442383
YBL001C,YNL188W,1.1463223017926794e-05
YBL001C,YJL157C,6.4499129007647535e-16
YBL001C,YJL034W,1.7275676332181855e-12
YBL001C,YLR238W,5.67631985859407e-08
YBL001C,YPR141C,1.641618698616787e-13
YBL001C,YNL127W,1.5992532276763727e-13
YBL001C,YCL055W,5.230587163396194e-08
YBL001C,YPR122W,6.726767587394988e-09
YBL001C,YMR065W,9.14622432901524e-05
YBL001C,YDR356W,7.419360059657265e-08
YBL001C,YMR052W,5.886271082999883e-06
YBL001C,YFR008W,0.22481021285057068
YBL001C,YLL043W,0.0003646283003035933
YBL001C,YMR029C,7.781609667745215e-08
YBL001C,YJR004C,6.908587479870221e-09
YBL001C,YDL223C,4.525884733652674e-08
YBL001C,YHR158C,0.015426021069288254
YBL001C,YGR238C,1.3082809857678512e-07
YBL001C,YIL015W,2.3516362190889595e-09
YBL001C,YGL173C,1.9022545691416148e-11
YBL001C,YDL225W,0.004183217417448759
YBL001C,YLR330W,8.662934305903036e-06
YBL001C,YBR129C,6.253695339353271e-10
YBL001C,YKR095W-A,0.2020167112350464
YBL001C,YPR075C,0.007410277612507343
YBL001C,YMR198W,1.8962984995596344e-06
YBL001C,YOR127W,0.0006292546167969704
YBL001C,YDR264C,2.2425269889936317e-06
YBL001C,YLR110C,1.8615904764374136e-06
YBL001C,YDR379W,0.5587408542633057
YBL001C,YDL100C,3.0124616993629227e-13
YBL001C,YHR073W,5.933280125894336e-14
YBL001C,YJR090C,6.440140509766934e-08
YBL001C,YOR208W,3.2615037071082043e-06
YBL001C,YBR040W,2.1032077121563297e-11
YBL001C,YNL279W,1.9365293812967366e-09
YBL001C,YER075C,1.2636178214897598e-10
YBL001C,YCR089W,1.5104490574957552e-11
YBL001C,YCR002C,1.0152690244069618e-08
YBL001C,YJL108C,1.2647338962779031e-06
YBL001C,YBR200W,1.1065599210269284e-06
YBL001C,YIL026C,0.4996802508831024
YBL001C,YJR076C,9.809683115032125e-17
YBL001C,YKR031C,1.2051490557496436e-05
YBL001C,YPL192C,0.00018858983821701258
YBL001C,YHR107C,7.059272610909773e-11
YBL001C,YIL037C,1.548549377616837e-08
YBL001C,YPL156C,2.3577384126838297e-05
YBL001C,YIL117C,3.692753307404928e-05
YBL001C,YHR066W,2.6645599060515224e-09
YBL001C,YML085C,2.295038638300273e-11
YBL001C,YML047C,0.004084520507603884
YBL001C,YDR312W,9.118237547043129e-17
YBL001C,YFL037W,3.050050234823672e-15
YBL001C,YDL038C,0.2020167112350464
YBL001C,YDL039C,5.639796355622062e-13
YBL001C,YCL027W,1.9070445222979515e-09
YBL001C,YML124C,6.122065456720302e-18
YBL001C,YGL053W,3.84768236472155e-06
YBL001C,YMR232W,3.7835313833056716e-06
YBL001C,YNL298W,1.3627276530314703e-05
YBL001C,YGL099W,2.0539148506970584e-11
YBL001C,YBL016W,2.0836515846056614e-10
YBL001C,YAL041W,9.111834060604451e-07
YBL001C,YDR085C,1.9013218661712017e-06
YBL001C,YPL187W,5.168700134561277e-09
YBL001C,YPL256C,6.817423671724735e-18
YBL001C,YDR461W,1.7775905747363652e-10
YBL001C,YNL145W,1.1103517181254574e-06
YER141W,YDL165W,2.505900895859517e-14
YER141W,YGR059W,1.0303869506212392e-14
YER141W,YBR109C,0.0007012251880951226
YER141W,YJL080C,2.3766220692778006e-05
YER141W,YCR093W,0.26494738459587097
YER141W,YIL122W,2.8796328024327522e-06
YER141W,YCL029C,3.8226211529490683e-08
YER141W,YNL173C,1.8911021470557898e-05
YER141W,YLR452C,2.5279868864913624e-08
YER141W,YDL160C,1.8653079678188078e-05
YER141W,YLR229C,4.702478051399339e-08
YER141W,YML057W,6.6553513811129505e-09
YER141W,YER149C,0.0001512429880676791
YER141W,YMR305C,0.00018182609346695244
YER141W,YLR433C,2.442465396601534e-10
YER141W,YJL073W,1.9452760460932604e-14
YER141W,YGR279C,0.004497145768254995
YER141W,YKL190W,6.332610792014748e-05
YER141W,YGL089C,0.372906893491745
YER141W,YJL019W,5.1319549304595924e-11
YER141W,YJL018W,0.04580201208591461
YER141W,YNR032C-A,0.00019406987121328712
YER141W,YGL178W,1.6177268662431743e-06
YER141W,YKL116C,1.5938376236590557e-06
YER141W,YDL214C,0.9657863974571228
YER141W,YLR362W,3.940112680567154e-09
YER141W,YER068W,3.498519873801342e-08
YER141W,YHR084W,7.481152199464991e-14
YER141W,YDR392W,1.2470942334363855e-10
YER141W,YNL053W,1.9266060917288996e-05
YER141W,YGR040W,2.995983550135861e-08
YER141W,YDL216C,2.0998356831114506e-06
YER141W,YOL117W,4.597338135181595e-13
YER141W,YJR086W,6.886541115136424e-08
YER141W,YMR025W,0.07037745416164398
YER141W,YBR081C,1.5861466653999123e-11
YER141W,YFL026W,6.439569433247527e-10
YER141W,YHL007C,3.1943505618414747e-09
YER141W,YNR044W,0.0012246303958818316
YER141W,YNL271C,1.0793128543684638e-11
YER141W,YDR200C,5.881821696362977e-10
YER141W,YKL178C,0.001693862839601934
YER141W,YOR212W,4.080887805457678e-08
YER141W,YOL111C,0.015257875435054302
YER141W,YGL032C,4.45669807210957e-14
YER141W,YHR005C,0.001269955886527896
YER141W,YDR103W,1.0766235192249951e-07
YER141W,YJR084W,0.0038351898547261953
YER141W,YCL032W,7.977585596563586e-07
YER141W,YJL170C,1.4891138562234119e-06
YER141W,YDR179C,1.838479883495661e-17
YER141W,YBR095C,5.751901426265249e-07
YER141W,YLL021W,5.683465850725433e-13
YER141W,YDL159W,4.772747752568307e-10
YER141W,YNL161W,0.5532954335212708
YER141W,YNL188W,5.3392959671327844e-06
YER141W,YJL157C,3.0105399594825217e-15
YER141W,YJL034W,3.1608635153723696e-10
YER141W,YLR238W,7.329300188985144e-08
YER141W,YPR141C,6.298314300656749e-12
YER141W,YNL127W,0.00017829578428063542
YER141W,YCL055W,2.1452275689171074e-07
YER141W,YPR122W,1.2196954912724323e-06
YER141W,YMR065W,0.010461017489433289
YER141W,YDR356W,8.457484712565133e-11
YER141W,YMR052W,2.8604318913494353e-10
YER141W,YFR008W,1.6264888741401862e-11
YER141W,YLL043W,1.611898059472594e-09
YER141W,YMR029C,2.734394115577743e-07
YER141W,YJR004C,6.132702679018109e-10
YER141W,YDL223C,2.995776098978914e-13
YER141W,YHR158C,6.026167564954221e-09
YER141W,YGR238C,1.4464801752211986e-11
YER141W,YIL015W,1.0793598015368389e-08
YER141W,YGL173C,1.1195215421366811e-08
YER141W,YDL225W,2.6394602627988206e-06
YER141W,YLR330W,7.84050541911786e-15
YER141W,YBR129C,6.987727618756878e-10
YER141W,YKR095W-A,0.2020167112350464
YER141W,YPR075C,9.868800816548173e-07
YER141W,YMR198W,5.001948920835275e-06
YER141W,YOR127W,3.850329335364222e-07
YER141W,YDR264C,1.724387451405851e-12
YER141W,YLR110C,2.356372590384126e-07
YER141W,YDR379W,3.8994178908069443e-07
YER141W,YDL100C,0.062556192278862
YER141W,YHR073W,0.0010818621376529336
YER141W,YJR090C,7.617604325105276e-08
YER141W,YOR208W,3.782623173020916e-11
YER141W,YBR040W,0.0003124245267827064
YER141W,YNL279W,4.0514896681997925e-06
YER141W,YER075C,0.10477437824010849
YER141W,YCR089W,0.0004012116987723857
YER141W,YCR002C,1.4872844076307956e-06
YER141W,YJL108C,0.05637410283088684
YER141W,YBR200W,0.005513233598321676
YER141W,YIL026C,6.037407906944736e-09
YER141W,YJR076C,0.03084934875369072
YER141W,YKR031C,0.13492617011070251
YER141W,YPL192C,5.964728188700974e-06
YER141W,YHR107C,6.996333290487655e-09
YER141W,YIL037C,1.302039208894712e-06
YER141W,YPL156C,0.1063951924443245
YER141W,YIL117C,3.1405049671917595e-09
YER141W,YHR066W,6.711703785585864e-18
YER141W,YML085C,0.00013715556997340173
YER141W,YML047C,0.004066134802997112
YER141W,YDR312W,5.199277466894081e-11
YER141W,YFL037W,0.21247580647468567
YER141W,YDL038C,0.2020167112350464
YER141W,YDL039C,2.062360948684727e-09
YER141W,YCL027W,1.3198516057855159e-07
YER141W,YML124C,0.9563863277435303
YER141W,YGL053W,2.3951005068134634e-10
YER141W,YMR232W,9.495183803664986e-06
YER141W,YNL298W,0.0006727121071889997
YER141W,YGL099W,3.37251594254118e-17
YER141W,YBL016W,6.840258359730456e-10
YER141W,YAL041W,1.3062974346667033e-07
YER141W,YDR085C,6.5625903149235665e-12
YER141W,YPL187W,0.586767852306366
YER141W,YPL256C,0.0010875356383621693
YER141W,YDR461W,5.022967316502269e-16
YER141W,YNL145W,6.294032813382658e-14
YLR079W,YDL165W,0.00030410781619139016
YLR079W,YGR059W,0.016805317252874374
YLR079W,YBR109C,6.211084598028993e-12
YLR079W,YJL080C,0.4505763053894043
YLR079W,YCR093W,7.167032123334138e-08
YLR079W,YIL122W,2.352135375360831e-08
YLR079W,YCL029C,4.802235054057746e-09
YLR079W,YNL173C,6.989536727175505e-11
YLR079W,YLR452C,0.0004865002119913697
YLR079W,YDL160C,8.888219599612057e-05
YLR079W,YLR229C,3.581926080187259e-07
YLR079W,YML057W,0.0022664128337055445
YLR079W,YER149C,0.06613191962242126
YLR079W,YMR305C,2.4293083811244287e-07
YLR079W,YLR433C,0.0010307899210602045
YLR079W,YJL073W,2.821384373349954e-15
YLR079W,YGR279C,3.6208669484949496e-07
YLR079W,YKL190W,2.5307493188748975e-13
YLR079W,YGL089C,0.0002728355466388166
YLR079W,YJL019W,0.21422623097896576
YLR079W,YJL018W,0.011734929867088795
YLR079W,YNR032C-A,0.9998886585235596
YLR079W,YGL178W,0.942957878112793
YLR079W,YKL116C,8.296944242758286e-10
YLR079W,YDL214C,0.0011258856393396854
YLR079W,YLR362W,0.0025104458909481764
YLR079W,YER068W,4.472263753996231e-05
YLR079W,YHR084W,4.970133460346915e-08
YLR079W,YDR392W,4.670794306882442e-10
YLR079W,YNL053W,1.8310100813323515e-06
YLR079W,YGR040W,9.829765986069106e-06
YLR079W,YDL216C,3.5331488845713466e-08
YLR079W,YOL117W,5.252589474480374e-09
YLR079W,YJR086W,7.711765448448205e-08
YLR079W,YMR025W,3.0245521642768836e-09
YLR079W,YBR081C,0.010226174257695675
YLR079W,YFL026W,0.6536899209022522
YLR079W,YHL007C,1.6394285928811314e-09
YLR079W,YNR044W,0.014142091386020184
YLR079W,YNL271C,2.0559426047839224e-05
YLR079W,YDR200C,2.724382386354307e-10
YLR079W,YKL178C,1.3974020873774862e-07
YLR079W,YOR212W,1.7901676983456127e-05
YLR079W,YOL111C,6.041347422325316e-09
YLR079W,YGL032C,2.3249720470630564e-05
YLR079W,YHR005C,5.189622509504943e-09
YLR079W,YDR103W,4.0896843529480975e-06
YLR079W,YJR084W,6.652891926250959e-08
YLR079W,YCL032W,1.9912931026322411e-10
YLR079W,YJL170C,1.2738352594965363e-09
YLR079W,YDR179C,1.5502136033185288e-11
YLR079W,YBR095C,1.763949768474049e-07
YLR079W,YLL021W,0.004370186477899551
YLR079W,YDL159W,2.7466544680619697e-15
YLR079W,YNL161W,0.025299837812781334
YLR079W,YNL188W,3.3055252979252714e-10
YLR079W,YJL157C,8.896680014913727e-08
YLR079W,YJL034W,1.1014855070797316e-13
YLR079W,YLR238W,2.8257252440710978e-11
YLR079W,YPR141C,2.271375587614699e-10
YLR079W,YNL127W,1.7285950661971583e-06
YLR079W,YCL055W,1.093305460562773e-17
YLR079W,YPR122W,3.7339534628699766e-06
YLR079W,YMR065W,3.2968338814498566e-07
YLR079W,YDR356W,1.6929673218868402e-09
YLR079W,YMR052W,2.7254742235527374e-05
YLR079W,YFR008W,1.673857809691981e-06
YLR079W,YLL043W,0.0004883738001808524
YLR079W,YMR029C,0.003222438506782055
YLR079W,YJR004C,0.003737306920811534
YLR079W,YDL223C,2.0384668175665865e-08
YLR079W,YHR158C,0.0008473113412037492
YLR079W,YGR238C,1.4470580176355684e-17
YLR079W,YIL015W,1.5604258862822462e-07
YLR079W,YGL173C,0.026729872450232506
YLR079W,YDL225W,1.8482914851403187e-11
YLR079W,YLR330W,1.3621143807540648e-05
YLR079W,YBR129C,2.080289274175584e-09
YLR079W,YKR095W-A,0.2020167112350464
YLR079W,YPR075C,3.721066477169188e-08
YLR079W,YMR198W,9.223773389521739e-08
YLR079W,YOR127W,2.2893636639209625e-11
YLR079W,YDR264C,1.5974617184610906e-08
YLR079W,YLR110C,1.0790831796907499e-13
YLR079W,YDR379W,2.1358630419854308e-08
YLR079W,YDL100C,1.2240018026909993e-11
YLR079W,YHR073W,3.2969131869009516e-09
YLR079W,YJR090C,0.000134711925056763
YLR079W,YOR208W,4.9291655159322545e-05
YLR079W,YBR040W,0.164757639169693
YLR079W,YNL279W,0.9989720582962036
YLR079W,YER075C,1.3140147530066315e-05
YLR079W,YCR089W,0.00019076550961472094
YLR079W,YCR002C,7.745299512862402e-07
YLR079W,YJL108C,0.01842089556157589
YLR079W,YBR200W,1.853940112539476e-08
YLR079W,YIL026C,1.8885160362608344e-12
YLR079W,YJR076C,2.001211896640598e-06
YLR079W,YKR031C,1.3093048210066627e-06
YLR079W,YPL192C,1.616468944121152e-05
YLR079W,YHR107C,7.01321114320308e-05
YLR079W,YIL037C,4.619148512574611e-06
YLR079W,YPL156C,0.0038885229732841253
YLR079W,YIL117C,3.7246877582219895e-08
YLR079W,YHR066W,1.0361512181589205e-07
YLR079W,YML085C,1.1134948962876479e-08
YLR079W,YML047C,0.0719456896185875
YLR079W,YDR312W,2.2409449229598977e-06
YLR079W,YFL037W,9.308860171586275e-06
YLR079W,YDL038C,0.2020167112350464
YLR079W,YDL039C,2.15578965269414e-13
YLR079W,YCL027W,9.544197029920376e-12
YLR079W,YML124C,2.400672201474663e-05
YLR079W,YGL053W,0.0009593423455953598
YLR079W,YMR232W,3.073974994549644e-07
YLR079W,YNL298W,2.0710736237106175e-08
YLR079W,YGL099W,0.010514411143958569
YLR079W,YBL016W,5.227942438068567e-06
YLR079W,YAL041W,1.9906711656858533e-07
YLR079W,YDR085C,1.4669442862214055e-05
YLR079W,YPL187W,1.568722041156434e-09
YLR079W,YPL256C,0.02485428936779499
YLR079W,YDR461W,1.554407713655337e-09
YLR079W,YNL145W,2.234413898349885e-07
YML070W,YDL165W,3.005075370765553e-07
YML070W,YGR059W,1.5942329127938137e-06
YML070W,YBR109C,2.3683408016950125e-06
YML070W,YJL080C,4.047902984893881e-05
YML070W,YCR093W,1.327128131833888e-07
YML070W,YIL122W,5.358913313102676e-07
YML070W,YCL029C,3.315690083605105e-11
YML070W,YNL173C,0.8854076266288757
YML070W,YLR452C,0.023463623598217964
YML070W,YDL160C,0.05240970104932785
YML070W,YLR229C,4.480130044726138e-09
YML070W,YML057W,2.0285236299955392e-14
YML070W,YER149C,0.004425912629812956
YML070W,YMR305C,9.177391284054715e-16
YML070W,YLR433C,0.7999792695045471
YML070W,YJL073W,1.881771648226671e-11
YML070W,YGR279C,3.5236062956300884e-08
YML070W,YKL190W,3.341469437145861e-06
YML070W,YGL089C,1.0541020140086843e-10
YML070W,YJL019W,0.9966151118278503
YML070W,YJL018W,0.0005803002277389169
YML070W,YNR032C-A,6.556610543384522e-08
YML070W,YGL178W,1.4659697067376243e-11
YML070W,YKL116C,5.0059667511519884e-14
YML070W,YDL214C,3.845517220629757e-12
YML070W,YLR362W,3.2641400433269796e-12
YML070W,YER068W,5.397393124439986e-06
YML070W,YHR084W,2.8069205293412836e-10
YML070W,YDR392W,1.636527002801813e-08
YML070W,YNL053W,1.6231116450882155e-10
YML070W,YGR040W,1.0707497040129965e-06
YML070W,YDL216C,0.01133345253765583
YML070W,YOL117W,0.0067016058601439
YML070W,YJR086W,0.002317931968718767
YML070W,YMR025W,0.0010290080681443214
YML070W,YBR081C,2.6118161144950136e-07
YML070W,YFL026W,1.367582019851099e-10
YML070W,YHL007C,1.0807884448515992e-10
YML070W,YNR044W,0.023669125512242317
YML070W,YNL271C,0.0018463104497641325
YML070W,YDR200C,6.78883850468992e-07
YML070W,YKL178C,0.6888346672058105
YML070W,YOR212W,4.313951194490073e-06
YML070W,YOL111C,3.961074241942697e-07
YML070W,YGL032C,1.2548775907283982e-10
YML070W,YHR005C,0.37869521975517273
YML070W,YDR103W,0.00041263579623773694
YML070W,YJR084W,3.4990018775715725e-06
YML070W,YCL032W,7.416098242174485e-07
YML070W,YJL170C,7.283417202685882e-10
YML070W,YDR179C,4.341431294324627e-12
YML070W,YBR095C,7.392112877369073e-08
YML070W,YLL021W,1.4139822646086486e-09
YML070W,YDL159W,3.2031408081500956e-10
YML070W,YNL161W,0.5371534824371338
YML070W,YNL188W,2.6185628318464715e-11
YML070W,YJL157C,4.7449822204725933e-07
YML070W,YJL034W,6.3016306582619475e-12
YML070W,YLR238W,2.0748565088268833e-09
YML070W,YPR141C,2.0238507050795995e-11
YML070W,YNL127W,8.023990085348487e-05
YML070W,YCL055W,7.61368212920388e-08
YML070W,YPR122W,1.7407055352691714e-08
YML070W,YMR065W,0.000415567250456661
YML070W,YDR356W,5.023161747663707e-11
YML070W,YMR052W,0.11998288333415985
YML070W,YFR008W,1.2627715477719903e-05
YML070W,YLL043W,0.0009191621211357415
YML070W,YMR029C,0.0004178818198852241
YML070W,YJR004C,9.945681540557416e-07
YML070W,YDL223C,8.164658575284976e-16
YML070W,YHR158C,1.2836441631858264e-10
YML070W,YGR238C,1.693178042216914e-08
YML070W,YIL015W,5.5849388445494696e-05
YML070W,YGL173C,0.01282519195228815
YML070W,YDL225W,4.048440693793509e-09
YML070W,YLR330W,0.00026052130851894617
YML070W,YBR129C,3.12685442622751e-05
YML070W,YKR095W-A,0.2020167112350464
YML070W,YPR075C,1.0543985389660504e-12
YML070W,YMR198W,1.290063238457151e-07
YML070W,YOR127W,2.207995748904068e-06
YML070W,YDR264C,0.9703289270401001
YML070W,YLR110C,2.752232649072539e-05
YML070W,YDR379W,7.92136324889725e-06
YML070W,YDL100C,1.9805668606889815e-13
YML070W,YHR073W,6.4187752890632055e-09
YML070W,YJR090C,0.004858745262026787
YML070W,YOR208W,1.8014023432655346e-12
YML070W,YBR040W,0.007048420142382383
YML070W,YNL279W,7.099513936736912e-07
YML070W,YER075C,1.9211615835956763e-06
YML070W,YCR089W,2.397557921085536e-07
YML070W,YCR002C,0.0005418837536126375
YML070W,YJL108C,0.0005029281601309776
YML070W,YBR200W,9.071488135323214e-13
YML070W,YIL026C,7.220812403829768e-05
YML070W,YJR076C,5.617594069917686e-06
YML070W,YKR031C,0.03710907697677612
YML070W,YPL192C,1.6582393982389476e-06
YML070W,YHR107C,7.464651119448718e-09
YML070W,YIL037C,1.172821612271946e-05
YML070W,YPL156C,2.7637530365609564e-05
YML070W,YIL117C,1.3120444464220782e-07
YML070W,YHR066W,5.2864846662281206e-15
YML070W,YML085C,7.109853186193504e-07
YML070W,YML047C,1.4602250303141773e-05
YML070W,YDR312W,0.0046109966933727264
YML070W,YFL037W,9.534441680614236e-09
YML070W,YDL038C,0.2020167112350464
YML070W,YDL039C,2.294522037649127e-11
YML070W,YCL027W,0.00010735396790551022
YML070W,YML124C,0.0022870751563459635
YML070W,YGL053W,2.341693289054092e-06
YML070W,YMR232W,1.504195523693852e-08
YML070W,YNL298W,2.966503154233635e-10
YML070W,YGL099W,4.0444344232457596e-17
YML070W,YBL016W,0.027162104845046997
YML070W,YAL041W,0.0006328301387839019
YML070W,YDR085C,6.307821820428217e-09
YML070W,YPL187W,0.3730914294719696
YML070W,YPL256C,3.614956654018897e-07
YML070W,YDR461W,1.1157967047059972e-13
YML070W,YNL145W,8.734250545039401e-10
YHR021W-A,YDL165W,4.4128961462774896e-07
YHR021W-A,YGR059W,1.4404229372444845e-15
YHR021W-A,YBR109C,2.5685302773581498e-09
YHR021W-A,YJL080C,1.0682548463591957e-06
YHR021W-A,YCR093W,6.296650978399043e-10
YHR021W-A,YIL122W,3.0606284438357656e-18
YHR021W-A,YCL029C,2.4492131413256235e-12
YHR021W-A,YNL173C,1.8856572932875876e-13
YHR021W-A,YLR452C,0.0001472675212426111
YHR021W-A,YDL160C,5.4756620244955645e-12
YHR021W-A,YLR229C,5.316307394309661e-10
YHR021W-A,YML057W,2.951272310303815e-13
YHR021W-A,YER149C,0.00016492872964590788
YHR021W-A,YMR305C,5.370739269983105e-11
YHR021W-A,YLR433C,1.7179162536962167e-09
YHR021W-A,YJL073W,1.8913945409870792e-10
YHR021W-A,YGR279C,1.9253322547374552e-10
YHR021W-A,YKL190W,2.489322014298523e-06
YHR021W-A,YGL089C,8.953178110004956e-08
YHR021W-A,YJL019W,2.1239078762391728e-07
YHR021W-A,YJL018W,0.2020167112350464
YHR021W-A,YNR032C-A,5.84053623242653e-06
YHR021W-A,YGL178W,3.627144362639001e-09
YHR021W-A,YKL116C,2.288994771504349e-09
YHR021W-A,YDL214C,8.225749248413905e-11
YHR021W-A,YLR362W,1.2029048868100745e-09
YHR021W-A,YER068W,5.6023548566106265e-14
YHR021W-A,YHR084W,3.6234379940935924e-09
YHR021W-A,YDR392W,1.987234377054392e-09
YHR021W-A,YNL053W,1.2985266195641998e-08
YHR021W-A,YGR040W,1.1123347576358356e-05
YHR021W-A,YDL216C,0.00041540502570569515
YHR021W-A,YOL117W,1.1335986775738282e-14
YHR021W-A,YJR086W,2.599750636989029e-08
YHR021W-A,YMR025W,5.257492358134996e-12
YHR021W-A,YBR081C,1.0808265393791316e-08
YHR021W-A,YFL026W,1.5136960129780164e-08
YHR021W-A,YHL007C,3.5295551203962106e-14
YHR021W-A,YNR044W,6.576529267476872e-05
YHR021W-A,YNL271C,8.406025875373757e-10
YHR021W-A,YDR200C,4.382347924547503e-07
YHR021W-A,YKL178C,9.39879214456596e-08
YHR021W-A,YOR212W,1.5063665159686934e-07
YHR021W-A,YOL111C,7.225916931474785e-08
YHR021W-A,YGL032C,3.958838351536542e-05
YHR021W-A,YHR005C,0.0001394116407027468
YHR021W-A,YDR103W,8.325606315473522e-10
YHR021W-A,YJR084W,3.854732089081381e-09
YHR021W-A,YCL032W,2.4096729056566346e-09
YHR021W-A,YJL170C,1.496184154348157e-07
YHR021W-A,YDR179C,8.27262969238518e-09
YHR021W-A,YBR095C,9.162774705639976e-11
YHR021W-A,YLL021W,1.6243651543845772e-06
YHR021W-A,YDL159W,2.7921910117356674e-08
YHR021W-A,YNL161W,4.553181497612968e-06
YHR021W-A,YNL188W,3.3733082993592234e-09
YHR021W-A,YJL157C,0.0003985700896009803
YHR021W-A,YJL034W,2.904069400320314e-14
YHR021W-A,YLR238W,8.912466875621305e-10
YHR021W-A,YPR141C,2.192574073689446e-11
YHR021W-A,YNL127W,2.6377466183502563e-11
YHR021W-A,YCL055W,0.0001765808992786333
YHR021W-A,YPR122W,2.1545709216752584e-07
YHR021W-A,YMR065W,0.00018552357505541295
YHR021W-A,YDR356W,3.844983802991919e-05
YHR021W-A,YMR052W,3.130319775291369e-17
YHR021W-A,YFR008W,2.737601291491476e-11
YHR021W-A,YLL043W,4.426965460879728e-08
YHR021W-A,YMR029C,5.3455493747829944e-14
YHR021W-A,YJR004C,1.0357308066755166e-10
YHR021W-A,YDL223C,3.9942096972825445e-15
YHR021W-A,YHR158C,2.1482138734540968e-08
YHR021W-A,YGR238C,1.3164561671677455e-13
YHR021W-A,YIL015W,2.1658821958148167e-10
YHR021W-A,YGL173C,4.593438518440962e-09
YHR021W-A,YDL225W,5.1165438890166115e-06
YHR021W-A,YLR330W,2.6592815061121655e-07
YHR021W-A,YBR129C,1.1875499715541249e-11
YHR021W-A,YKR095W-A,0.2020167112350464
YHR021W-A,YPR075C,3.0611923586276735e-12
YHR021W-A,YMR198W,0.00022305089805740863
YHR021W-A,YOR127W,2.9671158699784428e-05
YHR021W-A,YDR264C,1.2781210534384968e-09
YHR021W-A,YLR110C,1.631492887099739e-05
YHR021W-A,YDR379W,2.773893648111425e-08
YHR021W-A,YDL100C,1.0518180459939686e-07
YHR021W-A,YHR073W,6.581098999092205e-10
YHR021W-A,YJR090C,2.5020906946338073e-07
YHR021W-A,YOR208W,6.171130735310726e-07
YHR021W-A,YBR040W,0.0007248620386235416
YHR021W-A,YNL279W,1.5122733287853407e-08
YHR021W-A,YER075C,8.629373837720777e-08
YHR021W-A,YCR089W,4.848644749588793e-11
YHR021W-A,YCR002C,4.198097772190046e-11
YHR021W-A,YJL108C,8.419998032138665e-11
YHR021W-A,YBR200W,1.2123987289669458e-06
YHR021W-A,YIL026C,0.04580318182706833
YHR021W-A,YJR076C,0.00013257982209324837
YHR021W-A,YKR031C,6.018861624379479e-13
YHR021W-A,YPL192C,3.30194448172616e-11
YHR021W-A,YHR107C,0.00021040163119323552
YHR021W-A,YIL037C,1.7937898616569165e-13
YHR021W-A,YPL156C,1.555386290874594e-07
YHR021W-A,YIL117C,0.0023324203211814165
YHR021W-A,YHR066W,5.675277581218552e-09
YHR021W-A,YML085C,1.1822129941663206e-09
YHR021W-A,YML047C,1.647509684232773e-09
YHR021W-A,YDR312W,2.0169585695839487e-05
YHR021W-A,YFL037W,7.665958423608288e-10
YHR021W-A,YDL038C,0.2020167112350464
YHR021W-A,YDL039C,3.411066984426725e-09
YHR021W-A,YCL027W,3.1710293058040406e-08
YHR021W-A,YML124C,2.575659303893918e-12
YHR021W-A,YGL053W,2.546687860593977e-11
YHR021W-A,YMR232W,1.886714051592582e-14
YHR021W-A,YNL298W,2.0255014021586248e-07
YHR021W-A,YGL099W,7.540227470181904e-11
YHR021W-A,YBL016W,0.0006793079664930701
YHR021W-A,YAL041W,0.00039766132249496877
YHR021W-A,YDR085C,4.4303297142000986e-11
YHR021W-A,YPL187W,7.157691106485231e-11
YHR021W-A,YPL256C,5.947358057423191e-12
YHR021W-A,YDR461W,5.913869518875056e-14
YHR021W-A,YNL145W,1.4669138126421899e-09
YPL219W,YDL165W,1.1623964901730233e-08
YPL219W,YGR059W,1.5900693955961387e-11
YPL219W,YBR109C,8.134224196987283e-12
YPL219W,YJL080C,3.116838342975825e-09
YPL219W,YCR093W,0.006411772221326828
YPL219W,YIL122W,4.809837264474481e-06
YPL219W,YCL029C,1.3844291381695517e-13
YPL219W,YNL173C,0.18119177222251892
YPL219W,YLR452C,0.16398181021213531
YPL219W,YDL160C,1.8233601295492008e-08
YPL219W,YLR229C,5.494681553014965e-16
YPL219W,YML057W,2.1898156898902954e-11
YPL219W,YER149C,0.0025070009287446737
YPL219W,YMR305C,2.8694374654136823e-10
YPL219W,YLR433C,0.0009171452256850898
YPL219W,YJL073W,1.0110315362688027e-11
YPL219W,YGR279C,0.08241767436265945
YPL219W,YKL190W,3.181404827046208e-05
YPL219W,YGL089C,6.703920263362306e-08
YPL219W,YJL019W,0.9985824823379517
YPL219W,YJL018W,0.00026016708579845726
YPL219W,YNR032C-A,0.3880578577518463
YPL219W,YGL178W,5.282930146677245e-07
YPL219W,YKL116C,0.4376092553138733
YPL219W,YDL214C,4.521416921421384e-11
YPL219W,YLR362W,1.4164499651317386e-12
YPL219W,YER068W,6.656925233272659e-09
YPL219W,YHR084W,3.255286884495945e-08
YPL219W,YDR392W,1.3351357508722267e-13
YPL219W,YNL053W,0.003084989730268717
YPL219W,YGR040W,1.304745733676782e-08
YPL219W,YDL216C,0.0002596150152385235
YPL219W,YOL117W,0.0042644403874874115
YPL219W,YJR086W,1.7462663493006403e-07
YPL219W,YMR025W,0.9985952973365784
YPL219W,YBR081C,0.0036430780310183764
YPL219W,YFL026W,0.0008074543438851833
YPL219W,YHL007C,2.0513360454721408e-10
YPL219W,YNR044W,9.966030120267533e-06
YPL219W,YNL271C,5.5700950518655645e-09
YPL219W,YDR200C,8.510392390803645e-09
YPL219W,YKL178C,0.04682023078203201
YPL219W,YOR212W,8.638575423568218e-13
YPL219W,YOL111C,4.4038154101144755e-07
YPL219W,YGL032C,1.819382873691211e-06
YPL219W,YHR005C,2.6494979543656427e-09
YPL219W,YDR103W,3.97607990976212e-08
YPL219W,YJR084W,0.0008006464340724051
YPL219W,YCL032W,0.03667401522397995
YPL219W,YJL170C,2.3583173458519013e-07
YPL219W,YDR179C,1.4154594163429124e-11
YPL219W,YBR095C,5.5781243339658726e-12
YPL219W,YLL021W,7.76327474527605e-11
YPL219W,YDL159W,8.859718718667864e-07
YPL219W,YNL161W,9.163938375422731e-05
YPL219W,YNL188W,4.519648798419857e-15
YPL219W,YJL157C,1.2521207963800407e-06
YPL219W,YJL034W,0.00025994592579081655
YPL219W,YLR238W,6.022088605561748e-09
YPL219W,YPR141C,5.528107521968195e-06
YPL219W,YNL127W,2.901762385931761e-09
YPL219W,YCL055W,3.3506211138956132e-09
YPL219W,YPR122W,2.11691030926886e-06
YPL219W,YMR065W,5.942698422245485e-08
YPL219W,YDR356W,7.832681876607239e-05
YPL219W,YMR052W,1.0198809263783915e-07
YPL219W,YFR008W,6.593993351344807e-09
YPL219W,YLL043W,0.001274756621569395
YPL219W,YMR029C,6.284967657421703e-09
YPL219W,YJR004C,1.808746560527652e-06
YPL219W,YDL223C,1.0260753835131253e-12
YPL219W,YHR158C,1.1346910469001159e-05
YPL219W,YGR238C,4.5959774874759773e-10
YPL219W,YIL015W,0.00604241993278265
YPL219W,YGL173C,0.0014623829629272223
YPL219W,YDL225W,7.468297091861587e-09
YPL219W,YLR330W,1.9951717433741578e-07
YPL219W,YBR129C,4.402353326327102e-08
YPL219W,YKR095W-A,0.2020167112350464
YPL219W,YPR075C,5.180230004953046e-07
YPL219W,YMR198W,0.001352959661744535
YPL219W,YOR127W,2.573989149823319e-05
YPL219W,YDR264C,1.0470430403773656e-13
YPL219W,YLR110C,4.343593193456563e-12
YPL219W,YDR379W,3.986796656696434e-11
YPL219W,YDL100C,6.021114984378073e-08
YPL219W,YHR073W,0.0017160583520308137
YPL219W,YJR090C,1.6851802797646087e-07
YPL219W,YOR208W,7.65835181937291e-08
YPL219W,YBR040W,0.00242063170298934
YPL219W,YNL279W,0.30916205048561096
YPL219W,YER075C,0.07554180175065994
YPL219W,YCR089W,7.882794307079166e-06
YPL219W,YCR002C,0.11906766146421432
YPL219W,YJL108C,2.4090970578562014e-14
YPL219W,YBR200W,4.4106155172585204e-08
YPL219W,YIL026C,9.862369410029714e-08
YPL219W,YJR076C,0.003266241168603301
YPL219W,YKR031C,0.005771295167505741
YPL219W,YPL192C,4.139873453823384e-06
YPL219W,YHR107C,0.0013213262427598238
YPL219W,YIL037C,2.4831892986298953e-08
YPL219W,YPL156C,1.2184515298940823e-06
YPL219W,YIL117C,3.3065342130988995e-10
YPL219W,YHR066W,1.0309178510858885e-10
YPL219W,YML085C,0.023963579908013344
YPL219W,YML047C,1.3103038654094235e-09
YPL219W,YDR312W,1.1367642938076017e-10
YPL219W,YFL037W,0.256809800863266
YPL219W,YDL038C,0.2020167112350464
YPL219W,YDL039C,8.960344131166836e-14
YPL219W,YCL027W,8.40410674385339e-09
YPL219W,YML124C,7.002857088699369e-14
YPL219W,YGL053W,3.647483703961285e-10
YPL219W,YMR232W,0.0013131541199982166
YPL219W,YNL298W,1.4771055703022284e-06
YPL219W,YGL099W,1.7787413764125404e-09
YPL219W,YBL016W,3.1521075405724483e-15
YPL219W,YAL041W,2.5551437943249766e-07
YPL219W,YDR085C,6.479974399553612e-05
YPL219W,YPL187W,0.016590764746069908
YPL219W,YPL256C,6.463700401582173e-07
YPL219W,YDR461W,2.3996885441033677e-16
YPL219W,YNL145W,8.429760889328008e-09
YLR395C,YDL165W,7.763485965206485e-10
YLR395C,YGR059W,1.4802141717201733e-12
YLR395C,YBR109C,6.345869467926091e-13
YLR395C,YJL080C,5.584286621822686e-20
YLR395C,YCR093W,1.110513858293416e-05
YLR395C,YIL122W,5.937096148045384e-07
YLR395C,YCL029C,8.30829094411456e-08
YLR395C,YNL173C,1.8996925723135652e-17
YLR395C,YLR452C,4.0474696598780835e-27
YLR395C,YDL160C,4.777777729003674e-09
YLR395C,YLR229C,4.650200224887158e-09
YLR395C,YML057W,8.62888726400543e-14
YLR395C,YER149C,2.7176940697870577e-09
YLR395C,YMR305C,3.298510193872062e-07
YLR395C,YLR433C,1.761765311414365e-08
YLR395C,YJL073W,1.025195011349067e-12
YLR395C,YGR279C,0.002555969636887312
YLR395C,YKL190W,6.829792265593271e-13
YLR395C,YGL089C,0.14679959416389465
YLR395C,YJL019W,9.298466441265418e-10
YLR395C,YJL018W,0.0014053615741431713
YLR395C,YNR032C-A,0.0004050664429087192
YLR395C,YGL178W,3.6889139209961286e-06
YLR395C,YKL116C,1.252865757805921e-07
YLR395C,YDL214C,0.05638294294476509
YLR395C,YLR362W,1.7129526963532982e-13
YLR395C,YER068W,3.3304870612482773e-06
YLR395C,YHR084W,3.889528282785548e-11
YLR395C,YDR392W,9.22618892218452e-06
YLR395C,YNL053W,5.334397368272903e-10
YLR395C,YGR040W,4.6065446213106043e-07
YLR395C,YDL216C,0.31019237637519836
YLR395C,YOL117W,7.352212492151011e-07
YLR395C,YJR086W,2.5261717717661725e-10
YLR395C,YMR025W,0.00030501492437906563
YLR395C,YBR081C,3.031634676631256e-08
YLR395C,YFL026W,5.573016218768227e-17
YLR395C,YHL007C,8.195099354679769e-08
YLR395C,YNR044W,2.900870867961203e-07
YLR395C,YNL271C,2.2525185113409646e-13
YLR395C,YDR200C,8.303932190756314e-07
YLR395C,YKL178C,4.630897976198867e-08
YLR395C,YOR212W,1.5167464369944162e-25
YLR395C,YOL111C,0.00023648685601074249
YLR395C,YGL032C,1.106772974727695e-14
YLR395C,YHR005C,2.3503496690191928e-16
YLR395C,YDR103W,2.261296039307581e-09
YLR395C,YJR084W,1.0289666363405559e-07
YLR395C,YCL032W,2.8187732148410305e-09
YLR395C,YJL170C,1.671409321710171e-13
YLR395C,YDR179C,0.0001802507758839056
YLR395C,YBR095C,3.617152688484282e-10
YLR395C,YLL021W,1.4600954892027024e-15
YLR395C,YDL159W,7.11414038789826e-10
YLR395C,YNL161W,2.4655021206854144e-06
YLR395C,YNL188W,8.714860083580689e-11
YLR395C,YJL157C,4.5615113249131145e-12
YLR395C,YJL034W,4.6329331453814075e-18
YLR395C,YLR238W,0.00023940319078974426
YLR395C,YPR141C,4.071943141696823e-17
YLR395C,YNL127W,2.316869027359225e-13
YLR395C,YCL055W,1.1018010686748356e-16
YLR395C,YPR122W,0.00042997917626053095
YLR395C,YMR065W,7.327517232624814e-05
YLR395C,YDR356W,1.6632334398636317e-09
YLR395C,YMR052W,0.0007820715545676649
YLR395C,YFR008W,0.000839921529404819
YLR395C,YLL043W,5.781902179258225e-10
YLR395C,YMR029C,2.1982405087328516e-06
YLR395C,YJR004C,1.2204132284727872e-20
YLR395C,YDL223C,2.384180635035815e-13
YLR395C,YHR158C,2.391126629193403e-16
YLR395C,YGR238C,2.0032416614412796e-08
YLR395C,YIL015W,1.1483127727742023e-16
YLR395C,YGL173C,5.15809501197334e-16
YLR395C,YDL225W,3.261287073730301e-10
YLR395C,YLR330W,1.4769708893414002e-12
YLR395C,YBR129C,1.9295289348519873e-06
YLR395C,YKR095W-A,0.2020167112350464
YLR395C,YPR075C,3.2924249437904507e-10
YLR395C,YMR198W,0.979840099811554
YLR395C,YOR127W,1.462671104637066e-15
YLR395C,YDR264C,1.4563653394361609e-08
YLR395C,YLR110C,1.0945357331593186e-07
YLR395C,YDR379W,1.705540743357492e-11
YLR395C,YDL100C,8.69106991943714e-23
YLR395C,YHR073W,0.0005529841291718185
YLR395C,YJR090C,0.012710531242191792
YLR395C,YOR208W,1.2354489176483185e-13
YLR395C,YBR040W,1.3617950517241795e-11
YLR395C,YNL279W,6.79731272157369e-07
YLR395C,YER075C,2.344444874324836e-05
YLR395C,YCR089W,2.208124516567267e-10
YLR395C,YCR002C,7.4034538499745395e-09
YLR395C,YJL108C,2.4627935246712696e-08
YLR395C,YBR200W,6.584866696357494e-06
YLR395C,YIL026C,1.0160240426770883e-09
YLR395C,YJR076C,1.5454784777818717e-22
YLR395C,YKR031C,3.8573969618482806e-07
YLR395C,YPL192C,0.01897144503891468
YLR395C,YHR107C,1.393318630366373e-14
YLR395C,YIL037C,0.002174121793359518
YLR395C,YPL156C,1.1431545772211393e-06
YLR395C,YIL117C,1.1640825050562853e-06
YLR395C,YHR066W,1.121403656241006e-13
YLR395C,YML085C,2.0848301383880052e-12
YLR395C,YML047C,0.00011327821994200349
YLR395C,YDR312W,3.2405481761088595e-05
YLR395C,YFL037W,8.191037625581185e-19
YLR395C,YDL038C,0.2020167112350464
YLR395C,YDL039C,1.230430063392518e-10
YLR395C,YCL027W,7.406123270214948e-09
YLR395C,YML124C,1.103569200967627e-21
YLR395C,YGL053W,1.7800835458436914e-11
YLR395C,YMR232W,0.09514112770557404
YLR395C,YNL298W,9.469369501857727e-07
YLR395C,YGL099W,9.426419721213885e-20
YLR395C,YBL016W,1.0884550402103736e-14
YLR395C,YAL041W,0.00039088830817490816
YLR395C,YDR085C,8.277976637494078e-10
YLR395C,YPL187W,2.174209657823667e-05
YLR395C,YPL256C,6.8631469238078285e-16
YLR395C,YDR461W,6.444336730915268e-10
YLR395C,YNL145W,5.348601336135905e-13
YMR201C,YDL165W,0.473532110452652
YMR201C,YGR059W,3.04087734548375e-06
YMR201C,YBR109C,8.114703353712116e-11
YMR201C,YJL080C,1.741444987345131e-13
YMR201C,YCR093W,8.558646186429542e-06
YMR201C,YIL122W,0.007963200099766254
YMR201C,YCL029C,1.0283629308105446e-06
YMR201C,YNL173C,0.7479680180549622
YMR201C,YLR452C,0.0024324918631464243
YMR201C,YDL160C,4.656641738876033e-10
YMR201C,YLR229C,7.053568538140098e-07
YMR201C,YML057W,3.0507020266765843e-15
YMR201C,YER149C,2.0179069906589575e-05
YMR201C,YMR305C,3.0210460977286857e-07
YMR201C,YLR433C,0.516075611114502
YMR201C,YJL073W,3.053809208224909e-16
YMR201C,YGR279C,2.3023090378604394e-10
YMR201C,YKL190W,1.037114074620149e-07
YMR201C,YGL089C,0.9761027097702026
YMR201C,YJL019W,9.698256917545223e-07
YMR201C,YJL018W,0.2020167112350464
YMR201C,YNR032C-A,0.9990125894546509
YMR201C,YGL178W,5.988211171370494e-08
YMR201C,YKL116C,2.776783577379538e-12
YMR201C,YDL214C,3.8771025856476626e-07
YMR201C,YLR362W,1.2884476818797452e-09
YMR201C,YER068W,0.0008039395906962454
YMR201C,YHR084W,4.516699514400813e-12
YMR201C,YDR392W,0.00010143232793780044
YMR201C,YNL053W,0.013981535099446774
YMR201C,YGR040W,5.827209381692455e-09
YMR201C,YDL216C,0.06958621740341187
YMR201C,YOL117W,0.00017397772171534598
YMR201C,YJR086W,5.423095861267768e-10
YMR201C,YMR025W,5.2641731599578634e-05
YMR201C,YBR081C,0.0014078175881877542
YMR201C,YFL026W,2.553526030624198e-07
YMR201C,YHL007C,7.508606583717103e-12
YMR201C,YNR044W,2.2058404738345416e-06
YMR201C,YNL271C,0.001542463549412787
YMR201C,YDR200C,2.2716941217026942e-08
YMR201C,YKL178C,1.1934264340651701e-11
YMR201C,YOR212W,2.279838983072248e-14
YMR201C,YOL111C,2.080336791721038e-09
YMR201C,YGL032C,6.433427643059986e-06
YMR201C,YHR005C,1.0784403751962213e-11
YMR201C,YDR103W,0.01280161365866661
YMR201C,YJR084W,1.422141552198837e-14
YMR201C,YCL032W,0.2558799684047699
YMR201C,YJL170C,1.74158612935571e-05
YMR201C,YDR179C,4.931318835588172e-05
YMR201C,YBR095C,2.6210435066786886e-07
YMR201C,YLL021W,1.611780135135632e-05
YMR201C,YDL159W,2.8851341994595714e-05
YMR201C,YNL161W,0.009401459246873856
YMR201C,YNL188W,1.2015506645202123e-11
YMR201C,YJL157C,3.38433794877524e-11
YMR201C,YJL034W,3.113287752598559e-11
YMR201C,YLR238W,1.916549037528359e-11
YMR201C,YPR141C,0.01495842169970274
YMR201C,YNL127W,5.687237489837571e-07
YMR201C,YCL055W,1.5630312830958864e-18
YMR201C,YPR122W,0.0077278888784348965
YMR201C,YMR065W,1.3415098010227666e-07
YMR201C,YDR356W,1.4376744729815982e-05
YMR201C,YMR052W,0.8367997407913208
YMR201C,YFR008W,4.520670700003393e-06
YMR201C,YLL043W,0.27851444482803345
YMR201C,YMR029C,3.1532528055322473e-07
YMR201C,YJR004C,7.402983781545913e-10
YMR201C,YDL223C,1.174997382377696e-12
YMR201C,YHR158C,4.6478396598104155e-07
YMR201C,YGR238C,1.9960807549068704e-06
YMR201C,YIL015W,0.00013975768524687737
YMR201C,YGL173C,0.0027655777521431446
YMR201C,YDL225W,9.66017650588582e-17
YMR201C,YLR330W,1.6201502361923303e-08
YMR201C,YBR129C,9.493724206777188e-08
YMR201C,YKR095W-A,0.2020167112350464
YMR201C,YPR075C,6.603858015985509e-10
YMR201C,YMR198W,9.390412287757499e-07
YMR201C,YOR127W,0.000320095889037475
YMR201C,YDR264C,1.841981088546163e-06
YMR201C,YLR110C,1.0671160621811282e-09
YMR201C,YDR379W,0.2711035907268524
YMR201C,YDL100C,1.0968857116003261e-13
YMR201C,YHR073W,1.923439407747196e-09
YMR201C,YJR090C,2.744976012984679e-13
YMR201C,YOR208W,7.539591706517967e-08
YMR201C,YBR040W,0.00037738654646091163
YMR201C,YNL279W,3.518740299135459e-10
YMR201C,YER075C,0.012988675385713577
YMR201C,YCR089W,2.4891083739930764e-05
YMR201C,YCR002C,8.194799738703296e-05
YMR201C,YJL108C,1.4341398728301424e-11
YMR201C,YBR200W,7.57287853048183e-05
YMR201C,YIL026C,9.948006663762499e-06
YMR201C,YJR076C,4.1298858777238934e-10
YMR201C,YKR031C,0.0069256918504834175
YMR201C,YPL192C,0.004732794128358364
YMR201C,YHR107C,1.0619681505431421e-14
YMR201C,YIL037C,0.004053028766065836
YMR201C,YPL156C,0.0034695083741098642
YMR201C,YIL117C,0.008749250322580338
YMR201C,YHR066W,7.763896371236392e-15
YMR201C,YML085C,1.4482371465257549e-13
YMR201C,YML047C,0.0010772347450256348
YMR201C,YDR312W,0.0077636465430259705
YMR201C,YFL037W,5.006726370299086e-12
YMR201C,YDL038C,0.2020167112350464
YMR201C,YDL039C,9.217142540269359e-16
YMR201C,YCL027W,0.043031901121139526
YMR201C,YML124C,1.3103594947227078e-23
YMR201C,YGL053W,8.11598147265613e-06
YMR201C,YMR232W,0.007253905758261681
YMR201C,YNL298W,0.006471823900938034
YMR201C,YGL099W,1.246065289796025e-13
YMR201C,YBL016W,5.389998847249444e-08
YMR201C,YAL041W,1.1851277736951715e-09
YMR201C,YDR085C,2.9324723205270686e-11
YMR201C,YPL187W,5.22183208132021e-13
YMR201C,YPL256C,7.67893126862873e-08
YMR201C,YDR461W,5.4541271672647884e-12
YMR201C,YNL145W,1.0239298298131416e-10
tC(GCA)G,YDL165W,0.2020167112350464
tC(GCA)G,YGR059W,0.2020167112350464
tC(GCA)G,YBR109C,0.2020167112350464
tC(GCA)G,YJL080C,0.2020167112350464
tC(GCA)G,YCR093W,0.2020167112350464
tC(GCA)G,YIL122W,0.2020167112350464
tC(GCA)G,YCL029C,0.2020167112350464
tC(GCA)G,YNL173C,0.2020167112350464
tC(GCA)G,YLR452C,0.2020167112350464
tC(GCA)G,YDL160C,0.2020167112350464
tC(GCA)G,YLR229C,0.2020167112350464
tC(GCA)G,YML057W,0.2020167112350464
tC(GCA)G,YER149C,0.2020167112350464
tC(GCA)G,YMR305C,0.2020167112350464
tC(GCA)G,YLR433C,0.2020167112350464
tC(GCA)G,YJL073W,0.2020167112350464
tC(GCA)G,YGR279C,0.2020167112350464
tC(GCA)G,YKL190W,0.2020167112350464
tC(GCA)G,YGL089C,0.2020167112350464
tC(GCA)G,YJL019W,0.2020167112350464
tC(GCA)G,YJL018W,0.2020167112350464
tC(GCA)G,YNR032C-A,0.2020167112350464
tC(GCA)G,YGL178W,0.2020167112350464
tC(GCA)G,YKL116C,0.2020167112350464
tC(GCA)G,YDL214C,0.2020167112350464
tC(GCA)G,YLR362W,0.2020167112350464
tC(GCA)G,YER068W,0.2020167112350464
tC(GCA)G,YHR084W,0.2020167112350464
tC(GCA)G,YDR392W,0.2020167112350464
tC(GCA)G,YNL053W,0.2020167112350464
tC(GCA)G,YGR040W,0.2020167112350464
tC(GCA)G,YDL216C,0.2020167112350464
tC(GCA)G,YOL117W,0.2020167112350464
tC(GCA)G,YJR086W,0.2020167112350464
tC(GCA)G,YMR025W,0.2020167112350464
tC(GCA)G,YBR081C,0.2020167112350464
tC(GCA)G,YFL026W,0.2020167112350464
tC(GCA)G,YHL007C,0.2020167112350464
tC(GCA)G,YNR044W,0.2020167112350464
tC(GCA)G,YNL271C,0.2020167112350464
tC(GCA)G,YDR200C,0.2020167112350464
tC(GCA)G,YKL178C,0.2020167112350464
tC(GCA)G,YOR212W,0.2020167112350464
tC(GCA)G,YOL111C,0.2020167112350464
tC(GCA)G,YGL032C,0.2020167112350464
tC(GCA)G,YHR005C,0.2020167112350464
tC(GCA)G,YDR103W,0.2020167112350464
tC(GCA)G,YJR084W,0.2020167112350464
tC(GCA)G,YCL032W,0.2020167112350464
tC(GCA)G,YJL170C,0.2020167112350464
tC(GCA)G,YDR179C,0.2020167112350464
tC(GCA)G,YBR095C,0.2020167112350464
tC(GCA)G,YLL021W,0.2020167112350464
tC(GCA)G,YDL159W,0.2020167112350464
tC(GCA)G,YNL161W,0.2020167112350464
tC(GCA)G,YNL188W,0.2020167112350464
tC(GCA)G,YJL157C,0.2020167112350464
tC(GCA)G,YJL034W,0.2020167112350464
tC(GCA)G,YLR238W,0.2020167112350464
tC(GCA)G,YPR141C,0.2020167112350464
tC(GCA)G,YNL127W,0.2020167112350464
tC(GCA)G,YCL055W,0.2020167112350464
tC(GCA)G,YPR122W,0.2020167112350464
tC(GCA)G,YMR065W,0.2020167112350464
tC(GCA)G,YDR356W,0.2020167112350464
tC(GCA)G,YMR052W,0.2020167112350464
tC(GCA)G,YFR008W,0.2020167112350464
tC(GCA)G,YLL043W,0.2020167112350464
tC(GCA)G,YMR029C,0.2020167112350464
tC(GCA)G,YJR004C,0.2020167112350464
tC(GCA)G,YDL223C,0.2020167112350464
tC(GCA)G,YHR158C,0.2020167112350464
tC(GCA)G,YGR238C,0.2020167112350464
tC(GCA)G,YIL015W,0.2020167112350464
tC(GCA)G,YGL173C,0.2020167112350464
tC(GCA)G,YDL225W,0.2020167112350464
tC(GCA)G,YLR330W,0.2020167112350464
tC(GCA)G,YBR129C,0.2020167112350464
tC(GCA)G,YKR095W-A,0.2020167112350464
tC(GCA)G,YPR075C,0.2020167112350464
tC(GCA)G,YMR198W,0.2020167112350464
tC(GCA)G,YOR127W,0.2020167112350464
tC(GCA)G,YDR264C,0.2020167112350464
tC(GCA)G,YLR110C,0.2020167112350464
tC(GCA)G,YDR379W,0.2020167112350464
tC(GCA)G,YDL100C,0.2020167112350464
tC(GCA)G,YHR073W,0.2020167112350464
tC(GCA)G,YJR090C,0.2020167112350464
tC(GCA)G,YOR208W,0.2020167112350464
tC(GCA)G,YBR040W,0.2020167112350464
tC(GCA)G,YNL279W,0.2020167112350464
tC(GCA)G,YER075C,0.2020167112350464
tC(GCA)G,YCR089W,0.2020167112350464
tC(GCA)G,YCR002C,0.2020167112350464
tC(GCA)G,YJL108C,0.2020167112350464
tC(GCA)G,YBR200W,0.2020167112350464
tC(GCA)G,YIL026C,0.2020167112350464
tC(GCA)G,YJR076C,0.2020167112350464
tC(GCA)G,YKR031C,0.2020167112350464
tC(GCA)G,YPL192C,0.2020167112350464
tC(GCA)G,YHR107C,0.2020167112350464
tC(GCA)G,YIL037C,0.2020167112350464
tC(GCA)G,YPL156C,0.2020167112350464
tC(GCA)G,YIL117C,0.2020167112350464
tC(GCA)G,YHR066W,0.2020167112350464
tC(GCA)G,YML085C,0.2020167112350464
tC(GCA)G,YML047C,0.2020167112350464
tC(GCA)G,YDR312W,0.2020167112350464
tC(GCA)G,YFL037W,0.2020167112350464
tC(GCA)G,YDL038C,0.2020167112350464
tC(GCA)G,YDL039C,0.2020167112350464
tC(GCA)G,YCL027W,0.2020167112350464
tC(GCA)G,YML124C,0.2020167112350464
tC(GCA)G,YGL053W,0.2020167112350464
tC(GCA)G,YMR232W,0.2020167112350464
tC(GCA)G,YNL298W,0.2020167112350464
tC(GCA)G,YGL099W,0.2020167112350464
tC(GCA)G,YBL016W,0.2020167112350464
tC(GCA)G,YAL041W,0.2020167112350464
tC(GCA)G,YDR085C,0.2020167112350464
tC(GCA)G,YPL187W,0.2020167112350464
tC(GCA)G,YPL256C,0.2020167112350464
tC(GCA)G,YDR461W,0.2020167112350464
tC(GCA)G,YNL145W,0.2020167112350464
MUP2,YDL165W,0.2020167112350464
MUP2,YGR059W,0.2020167112350464
MUP2,YBR109C,0.2020167112350464
MUP2,YJL080C,0.2020167112350464
MUP2,YCR093W,0.2020167112350464
MUP2,YIL122W,0.2020167112350464
MUP2,YCL029C,0.2020167112350464
MUP2,YNL173C,0.2020167112350464
MUP2,YLR452C,0.2020167112350464
MUP2,YDL160C,0.2020167112350464
MUP2,YLR229C,0.2020167112350464
MUP2,YML057W,0.2020167112350464
MUP2,YER149C,0.2020167112350464
MUP2,YMR305C,0.2020167112350464
MUP2,YLR433C,0.2020167112350464
MUP2,YJL073W,0.2020167112350464
MUP2,YGR279C,0.2020167112350464
MUP2,YKL190W,0.2020167112350464
MUP2,YGL089C,0.2020167112350464
MUP2,YJL019W,0.2020167112350464
MUP2,YJL018W,0.2020167112350464
MUP2,YNR032C-A,0.2020167112350464
MUP2,YGL178W,0.2020167112350464
MUP2,YKL116C,0.2020167112350464
MUP2,YDL214C,0.2020167112350464
MUP2,YLR362W,0.2020167112350464
MUP2,YER068W,0.2020167112350464
MUP2,YHR084W,0.2020167112350464
MUP2,YDR392W,0.2020167112350464
MUP2,YNL053W,0.2020167112350464
MUP2,YGR040W,0.2020167112350464
MUP2,YDL216C,0.2020167112350464
MUP2,YOL117W,0.2020167112350464
MUP2,YJR086W,0.2020167112350464
MUP2,YMR025W,0.2020167112350464
MUP2,YBR081C,0.2020167112350464
MUP2,YFL026W,0.2020167112350464
MUP2,YHL007C,0.2020167112350464
MUP2,YNR044W,0.2020167112350464
MUP2,YNL271C,0.2020167112350464
MUP2,YDR200C,0.2020167112350464
MUP2,YKL178C,0.2020167112350464
MUP2,YOR212W,0.2020167112350464
MUP2,YOL111C,0.2020167112350464
MUP2,YGL032C,0.2020167112350464
MUP2,YHR005C,0.2020167112350464
MUP2,YDR103W,0.2020167112350464
MUP2,YJR084W,0.2020167112350464
MUP2,YCL032W,0.2020167112350464
MUP2,YJL170C,0.2020167112350464
MUP2,YDR179C,0.2020167112350464
MUP2,YBR095C,0.2020167112350464
MUP2,YLL021W,0.2020167112350464
MUP2,YDL159W,0.2020167112350464
MUP2,YNL161W,0.2020167112350464
MUP2,YNL188W,0.2020167112350464
MUP2,YJL157C,0.2020167112350464
MUP2,YJL034W,0.2020167112350464
MUP2,YLR238W,0.2020167112350464
MUP2,YPR141C,0.2020167112350464
MUP2,YNL127W,0.2020167112350464
MUP2,YCL055W,0.2020167112350464
MUP2,YPR122W,0.2020167112350464
MUP2,YMR065W,0.2020167112350464
MUP2,YDR356W,0.2020167112350464
MUP2,YMR052W,0.2020167112350464
MUP2,YFR008W,0.2020167112350464
MUP2,YLL043W,0.2020167112350464
MUP2,YMR029C,0.2020167112350464
MUP2,YJR004C,0.2020167112350464
MUP2,YDL223C,0.2020167112350464
MUP2,YHR158C,0.2020167112350464
MUP2,YGR238C,0.2020167112350464
MUP2,YIL015W,0.2020167112350464
MUP2,YGL173C,0.2020167112350464
MUP2,YDL225W,0.2020167112350464
MUP2,YLR330W,0.2020167112350464
MUP2,YBR129C,0.2020167112350464
MUP2,YKR095W-A,0.2020167112350464
MUP2,YPR075C,0.2020167112350464
MUP2,YMR198W,0.2020167112350464
MUP2,YOR127W,0.2020167112350464
MUP2,YDR264C,0.2020167112350464
MUP2,YLR110C,0.2020167112350464
MUP2,YDR379W,0.2020167112350464
MUP2,YDL100C,0.2020167112350464
MUP2,YHR073W,0.2020167112350464
MUP2,YJR090C,0.2020167112350464
MUP2,YOR208W,0.2020167112350464
MUP2,YBR040W,0.2020167112350464
MUP2,YNL279W,0.2020167112350464
MUP2,YER075C,0.2020167112350464
MUP2,YCR089W,0.2020167112350464
MUP2,YCR002C,0.2020167112350464
MUP2,YJL108C,0.2020167112350464
MUP2,YBR200W,0.2020167112350464
MUP2,YIL026C,0.2020167112350464
MUP2,YJR076C,0.2020167112350464
MUP2,YKR031C,0.2020167112350464
MUP2,YPL192C,0.2020167112350464
MUP2,YHR107C,0.2020167112350464
MUP2,YIL037C,0.2020167112350464
MUP2,YPL156C,0.2020167112350464
MUP2,YIL117C,0.2020167112350464
MUP2,YHR066W,0.2020167112350464
MUP2,YML085C,0.2020167112350464
MUP2,YML047C,0.2020167112350464
MUP2,YDR312W,0.2020167112350464
MUP2,YFL037W,0.2020167112350464
MUP2,YDL038C,0.2020167112350464
MUP2,YDL039C,0.2020167112350464
MUP2,YCL027W,0.2020167112350464
MUP2,YML124C,0.2020167112350464
MUP2,YGL053W,0.2020167112350464
MUP2,YMR232W,0.2020167112350464
MUP2,YNL298W,0.2020167112350464
MUP2,YGL099W,0.2020167112350464
MUP2,YBL016W,0.2020167112350464
MUP2,YAL041W,0.2020167112350464
MUP2,YDR085C,0.2020167112350464
MUP2,YPL187W,0.2020167112350464
MUP2,YPL256C,0.2020167112350464
MUP2,YDR461W,0.2020167112350464
MUP2,YNL145W,0.2020167112350464
YEL003W,YDL165W,0.8734015822410583
YEL003W,YGR059W,7.77696104129616e-13
YEL003W,YBR109C,4.2670394995170113e-11
YEL003W,YJL080C,7.528941523560206e-07
YEL003W,YCR093W,6.982156719459454e-06
YEL003W,YIL122W,2.626718009768325e-10
YEL003W,YCL029C,3.348403367908759e-07
YEL003W,YNL173C,1.8727586592603984e-08
YEL003W,YLR452C,0.7214443683624268
YEL003W,YDL160C,9.116473309762896e-15
YEL003W,YLR229C,3.0158896606735652e-06
YEL003W,YML057W,1.0634335284606762e-18
YEL003W,YER149C,3.283192882008734e-06
YEL003W,YMR305C,4.938109654517575e-08
YEL003W,YLR433C,9.910771758825376e-09
YEL003W,YJL073W,9.446576854088562e-09
YEL003W,YGR279C,0.05603424087166786
YEL003W,YKL190W,3.705085682703668e-10
YEL003W,YGL089C,1.6239022443187423e-05
YEL003W,YJL019W,2.6444390297322706e-13
YEL003W,YJL018W,0.001079045468941331
YEL003W,YNR032C-A,0.06687998026609421
YEL003W,YGL178W,3.36690608726542e-09
YEL003W,YKL116C,1.2074083052815432e-12
YEL003W,YDL214C,1.2780442659732216e-07
YEL003W,YLR362W,2.864152491566241e-12
YEL003W,YER068W,9.978829318413318e-09
YEL003W,YHR084W,9.031385843627504e-07
YEL003W,YDR392W,1.0202058815800275e-11
YEL003W,YNL053W,1.5623875077811628e-14
YEL003W,YGR040W,0.00019043093197979033
YEL003W,YDL216C,0.19698210060596466
YEL003W,YOL117W,3.9247802874342597e-07
YEL003W,YJR086W,1.3828655234804366e-11
YEL003W,YMR025W,3.294932184871868e-07
YEL003W,YBR081C,0.0032427869737148285
YEL003W,YFL026W,0.8622788190841675
YEL003W,YHL007C,2.5940898922272027e-05
YEL003W,YNR044W,8.472835588690941e-08
YEL003W,YNL271C,6.537554872920737e-05
YEL003W,YDR200C,1.3564710465985286e-10
YEL003W,YKL178C,0.0016616920474916697
YEL003W,YOR212W,0.0012592191342264414
YEL003W,YOL111C,1.045088176214771e-16
YEL003W,YGL032C,0.00019351148512214422
YEL003W,YHR005C,5.006955561270843e-08
YEL003W,YDR103W,6.772762617401895e-07
YEL003W,YJR084W,1.92751120620116e-10
YEL003W,YCL032W,1.9118997443001717e-05
YEL003W,YJL170C,0.013827357441186905
YEL003W,YDR179C,2.1783729607705027e-05
YEL003W,YBR095C,6.359565674074474e-08
YEL003W,YLL021W,7.413086132146418e-05
YEL003W,YDL159W,3.1855902464517083e-12
YEL003W,YNL161W,0.05187204107642174
YEL003W,YNL188W,1.0228011149138183e-07
YEL003W,YJL157C,1.8903278942161705e-07
YEL003W,YJL034W,9.473832847106678e-07
YEL003W,YLR238W,4.831392583096519e-14
YEL003W,YPR141C,0.0002308100083610043
YEL003W,YNL127W,1.684384542954831e-08
YEL003W,YCL055W,0.26079779863357544
YEL003W,YPR122W,0.013892753049731255
YEL003W,YMR065W,0.99997878074646
YEL003W,YDR356W,0.00019286494352854788
YEL003W,YMR052W,4.921541929547857e-08
YEL003W,YFR008W,2.6461609792249874e-08
YEL003W,YLL043W,0.0021966728381812572
YEL003W,YMR029C,3.8279253544715175e-08
YEL003W,YJR004C,2.6255945334563435e-11
YEL003W,YDL223C,1.5389512282838553e-18
YEL003W,YHR158C,0.0003295414207968861
YEL003W,YGR238C,3.138266038149595e-05
YEL003W,YIL015W,0.00023957972007337958
YEL003W,YGL173C,9.877783035960874e-09
YEL003W,YDL225W,0.04561728984117508
YEL003W,YLR330W,1.1083723522320454e-10
YEL003W,YBR129C,0.019473480060696602
YEL003W,YKR095W-A,0.2020167112350464
YEL003W,YPR075C,2.0542062711437755e-17
YEL003W,YMR198W,7.256129030963621e-10
YEL003W,YOR127W,1.4427424099155983e-13
YEL003W,YDR264C,5.907861577725271e-07
YEL003W,YLR110C,4.187156719126506e-07
YEL003W,YDR379W,2.650229180289898e-05
YEL003W,YDL100C,4.305614140776015e-07
YEL003W,YHR073W,2.9153996924935477e-12
YEL003W,YJR090C,2.1297152930088714e-09
YEL003W,YOR208W,3.82453920963477e-12
YEL003W,YBR040W,0.3833981156349182
YEL003W,YNL279W,4.539156550631418e-11
YEL003W,YER075C,4.5539920279225043e-08
YEL003W,YCR089W,2.701069024624303e-05
YEL003W,YCR002C,4.290443200716254e-08
YEL003W,YJL108C,2.2187599824974313e-05
YEL003W,YBR200W,1.438293512068256e-10
YEL003W,YIL026C,2.2873608031659387e-05
YEL003W,YJR076C,3.1876274420028494e-07
YEL003W,YKR031C,7.690944585192483e-06
YEL003W,YPL192C,0.0005972371436655521
YEL003W,YHR107C,6.42324249344739e-10
YEL003W,YIL037C,0.15645362436771393
YEL003W,YPL156C,4.382420684123645e-06
YEL003W,YIL117C,1.9396486550249392e-06
YEL003W,YHR066W,3.920173712776455e-20
YEL003W,YML085C,9.308168955612928e-07
YEL003W,YML047C,0.006377388257533312
YEL003W,YDR312W,1.6984332829039772e-09
YEL003W,YFL037W,1.0359696716477629e-05
YEL003W,YDL038C,0.2020167112350464
YEL003W,YDL039C,0.0007309006177820265
YEL003W,YCL027W,4.22176560377352e-09
YEL003W,YML124C,4.122768793024534e-11
YEL003W,YGL053W,6.110800342302991e-13
YEL003W,YMR232W,0.033873461186885834
YEL003W,YNL298W,0.0015692628221586347
YEL003W,YGL099W,9.796035982390094e-09
YEL003W,YBL016W,1.4779502621742324e-10
YEL003W,YAL041W,2.0583397599693853e-06
YEL003W,YDR085C,8.876492423037785e-12
YEL003W,YPL187W,3.7885149878347235e-11
YEL003W,YPL256C,2.33042692343588e-06
YEL003W,YDR461W,4.3965155782643706e-06
YEL003W,YNL145W,0.0009162325295619667
YNL162W,YDL165W,0.005879702512174845
YNL162W,YGR059W,5.155114195076749e-06
YNL162W,YBR109C,0.0030592125840485096
YNL162W,YJL080C,0.06847517937421799
YNL162W,YCR093W,2.1693425878765993e-05
YNL162W,YIL122W,0.0010828081285580993
YNL162W,YCL029C,7.754772301735158e-13
YNL162W,YNL173C,2.051935732438892e-09
YNL162W,YLR452C,2.5821142099480276e-11
YNL162W,YDL160C,0.00023083201085682958
YNL162W,YLR229C,1.31237423706132e-10
YNL162W,YML057W,6.726893254706561e-21
YNL162W,YER149C,5.574626993620768e-05
YNL162W,YMR305C,2.4581945368140623e-08
YNL162W,YLR433C,8.522995631210506e-05
YNL162W,YJL073W,1.860254839058939e-09
YNL162W,YGR279C,2.1481734790995688e-07
YNL162W,YKL190W,4.385918919897174e-19
YNL162W,YGL089C,0.00018717262719292194
YNL162W,YJL019W,6.829415699627361e-09
YNL162W,YJL018W,0.0001117725987569429
YNL162W,YNR032C-A,2.268439857289195e-05
YNL162W,YGL178W,9.091017428599062e-15
YNL162W,YKL116C,6.221416465732821e-18
YNL162W,YDL214C,0.01035384088754654
YNL162W,YLR362W,6.2867445624337215e-12
YNL162W,YER068W,3.669426575925172e-07
YNL162W,YHR084W,1.3948976522459855e-11
YNL162W,YDR392W,1.1705521529847829e-07
YNL162W,YNL053W,4.5216795260295817e-13
YNL162W,YGR040W,1.641497604509823e-08
YNL162W,YDL216C,5.9780770243378356e-05
YNL162W,YOL117W,1.0187743093581503e-08
YNL162W,YJR086W,0.004372477997094393
YNL162W,YMR025W,5.973506631562486e-05
YNL162W,YBR081C,1.1360162716300692e-05
YNL162W,YFL026W,4.4799915599469387e-07
YNL162W,YHL007C,5.226997146223766e-08
YNL162W,YNR044W,0.0009455064428038895
YNL162W,YNL271C,4.9045479281756645e-25
YNL162W,YDR200C,0.24622315168380737
YNL162W,YKL178C,0.06486255675554276
YNL162W,YOR212W,1.923943436613366e-15
YNL162W,YOL111C,2.561330387076241e-19
YNL162W,YGL032C,2.7891337595065124e-07
YNL162W,YHR005C,0.9998704195022583
YNL162W,YDR103W,3.6019727644998056e-07
YNL162W,YJR084W,3.2853432685442385e-07
YNL162W,YCL032W,1.5266354846943386e-09
YNL162W,YJL170C,0.014416300691664219
YNL162W,YDR179C,1.2534357995974688e-09
YNL162W,YBR095C,0.004029011353850365
YNL162W,YLL021W,0.006790655665099621
YNL162W,YDL159W,1.9910387436539168e-06
YNL162W,YNL161W,0.000337761826813221
YNL162W,YNL188W,5.312198892440867e-15
YNL162W,YJL157C,2.694902745512158e-14
YNL162W,YJL034W,4.581171054486577e-13
YNL162W,YLR238W,6.837760224698286e-08
YNL162W,YPR141C,2.1342308129113086e-11
YNL162W,YNL127W,4.632078344002366e-06
YNL162W,YCL055W,1.0720293576460538e-11
YNL162W,YPR122W,5.1324222649640205e-12
YNL162W,YMR065W,0.00036525941686704755
YNL162W,YDR356W,0.00019181518291588873
YNL162W,YMR052W,4.483149496081751e-08
YNL162W,YFR008W,0.9930794835090637
YNL162W,YLL043W,0.0010453724535182118
YNL162W,YMR029C,2.1747077749711963e-10
YNL162W,YJR004C,0.000784832751378417
YNL162W,YDL223C,7.190814446663693e-31
YNL162W,YHR158C,4.210507995594526e-06
YNL162W,YGR238C,3.4622096902804463e-19
YNL162W,YIL015W,0.36922672390937805
YNL162W,YGL173C,1.180363806696505e-08
YNL162W,YDL225W,9.679231638415331e-09
YNL162W,YLR330W,8.528004691310542e-13
YNL162W,YBR129C,1.750194229543922e-07
YNL162W,YKR095W-A,0.2020167112350464
YNL162W,YPR075C,2.81923711042964e-08
YNL162W,YMR198W,0.000601141422521323
YNL162W,YOR127W,1.3258032763424028e-19
YNL162W,YDR264C,8.560040454241857e-10
YNL162W,YLR110C,1.4320195029782212e-10
YNL162W,YDR379W,0.9910160303115845
YNL162W,YDL100C,7.56568696580473e-10
YNL162W,YHR073W,6.443679723133755e-08
YNL162W,YJR090C,0.029344722628593445
YNL162W,YOR208W,0.005864070728421211
YNL162W,YBR040W,5.748485136791714e-07
YNL162W,YNL279W,2.3551503147700714e-07
YNL162W,YER075C,0.006205146200954914
YNL162W,YCR089W,0.5240767598152161
YNL162W,YCR002C,2.9932873957250195e-08
YNL162W,YJL108C,0.00012105562927899882
YNL162W,YBR200W,5.348009903850814e-13
YNL162W,YIL026C,5.6590444330595346e-08
YNL162W,YJR076C,0.0015682418597862124
YNL162W,YKR031C,0.05586428567767143
YNL162W,YPL192C,0.00022993492893874645
YNL162W,YHR107C,2.7532422564036096e-07
YNL162W,YIL037C,1.4711766198161058e-05
YNL162W,YPL156C,0.980281412601471
YNL162W,YIL117C,1.6994723364043354e-14
YNL162W,YHR066W,3.152179538372965e-15
YNL162W,YML085C,1.2627319178579708e-20
YNL162W,YML047C,0.9999980926513672
YNL162W,YDR312W,0.0002281759661855176
YNL162W,YFL037W,6.055154517525807e-05
YNL162W,YDL038C,0.2020167112350464
YNL162W,YDL039C,7.154236784153584e-15
YNL162W,YCL027W,7.049592465335763e-09
YNL162W,YML124C,1.2944819132896471e-14
YNL162W,YGL053W,1.7231405990969506e-07
YNL162W,YMR232W,0.9999582767486572
YNL162W,YNL298W,4.788526346277688e-12
YNL162W,YGL099W,2.4623550524786705e-17
YNL162W,YBL016W,0.00011163445742568001
YNL162W,YAL041W,2.663261057023192e-06
YNL162W,YDR085C,1.201075860990386e-08
YNL162W,YPL187W,8.329905540449545e-06
YNL162W,YPL256C,1.852083597597698e-09
YNL162W,YDR461W,4.4364117934847513e-10
YNL162W,YNL145W,5.1371061708150884e-15
YJL127C,YDL165W,8.677487130626105e-06
YJL127C,YGR059W,0.012254450470209122
YJL127C,YBR109C,0.04194239154458046
YJL127C,YJL080C,8.591331607021857e-06
YJL127C,YCR093W,0.5915681719779968
YJL127C,YIL122W,8.787870319793001e-05
YJL127C,YCL029C,2.1007962036634353e-09
YJL127C,YNL173C,1.571288294144324e-06
YJL127C,YLR452C,0.002014363184571266
YJL127C,YDL160C,2.45122151909527e-07
YJL127C,YLR229C,9.140014299191535e-06
YJL127C,YML057W,1.6488446689271775e-14
YJL127C,YER149C,2.3383807956633973e-07
YJL127C,YMR305C,0.05986211076378822
YJL127C,YLR433C,0.8714422583580017
YJL127C,YJL073W,1.797431536942895e-08
YJL127C,YGR279C,0.0023988911416381598
YJL127C,YKL190W,0.0001030338098644279
YJL127C,YGL089C,2.5817098503466696e-07
YJL127C,YJL019W,1.8528655800764682e-06
YJL127C,YJL018W,0.2020167112350464
YJL127C,YNR032C-A,0.0043309880420565605
YJL127C,YGL178W,4.868362424303996e-08
YJL127C,YKL116C,6.345800329654594e-07
YJL127C,YDL214C,0.9535961747169495
YJL127C,YLR362W,0.00017424368706997484
YJL127C,YER068W,4.7178772888401e-07
YJL127C,YHR084W,1.6510652400825165e-08
YJL127C,YDR392W,0.007282951846718788
YJL127C,YNL053W,0.00018672058649826795
YJL127C,YGR040W,3.087604636675678e-05
YJL127C,YDL216C,0.0002629022055771202
YJL127C,YOL117W,3.05187568301335e-05
YJL127C,YJR086W,0.00010769498476292938
YJL127C,YMR025W,0.0069100521504879
YJL127C,YBR081C,4.166586009546336e-08
YJL127C,YFL026W,3.7929523386992514e-05
YJL127C,YHL007C,0.0032760626636445522
YJL127C,YNR044W,9.993975425004464e-08
YJL127C,YNL271C,0.03785708174109459
YJL127C,YDR200C,3.414349336594569e-08
YJL127C,YKL178C,3.229237108826055e-07
YJL127C,YOR212W,7.02407021435647e-11
YJL127C,YOL111C,0.0004272327641956508
YJL127C,YGL032C,0.013246285729110241
YJL127C,YHR005C,8.232171353483864e-07
YJL127C,YDR103W,4.879127050300136e-12
YJL127C,YJR084W,9.809660696191713e-06
YJL127C,YCL032W,2.279661828197277e-07
YJL127C,YJL170C,6.681027571175946e-06
YJL127C,YDR179C,2.5029808625731675e-07
YJL127C,YBR095C,1.556995954388185e-08
YJL127C,YLL021W,5.554040774925599e-14
YJL127C,YDL159W,2.7142330054630293e-06
YJL127C,YNL161W,0.19029705226421356
YJL127C,YNL188W,1.89469377687157e-11
YJL127C,YJL157C,0.5039715766906738
YJL127C,YJL034W,3.1366914816401137e-13
YJL127C,YLR238W,2.9163818908273242e-05
YJL127C,YPR141C,1.4100717260490114e-09
YJL127C,YNL127W,6.685230619041249e-05
YJL127C,YCL055W,3.2665644539520144e-05
YJL127C,YPR122W,1.2082158718840219e-05
YJL127C,YMR065W,1.0956787560578718e-10
YJL127C,YDR356W,8.366942893189844e-06
YJL127C,YMR052W,4.308619849791029e-10
YJL127C,YFR008W,1.281393451790791e-06
YJL127C,YLL043W,0.00019336503464728594
YJL127C,YMR029C,2.5651436530438332e-08
YJL127C,YJR004C,1.1348632824592642e-06
YJL127C,YDL223C,1.7445260513948568e-10
YJL127C,YHR158C,2.554796628828626e-05
YJL127C,YGR238C,8.224063208217558e-09
YJL127C,YIL015W,0.0007547537097707391
YJL127C,YGL173C,1.356114665007624e-09
YJL127C,YDL225W,6.340023506190562e-10
YJL127C,YLR330W,0.0001483372034272179
YJL127C,YBR129C,3.888711034960579e-06
YJL127C,YKR095W-A,0.2020167112350464
YJL127C,YPR075C,3.7279631214914843e-05
YJL127C,YMR198W,0.0011191900121048093
YJL127C,YOR127W,5.756052232075426e-11
YJL127C,YDR264C,5.606952124814768e-10
YJL127C,YLR110C,0.6445673108100891
YJL127C,YDR379W,0.017737504094839096
YJL127C,YDL100C,4.546147280848345e-08
YJL127C,YHR073W,0.0011945217847824097
YJL127C,YJR090C,3.248183721993314e-09
YJL127C,YOR208W,5.266385301183618e-07
YJL127C,YBR040W,0.0012883045710623264
YJL127C,YNL279W,2.7651887535284914e-07
YJL127C,YER075C,0.9598208665847778
YJL127C,YCR089W,1.7149216074985318e-12
YJL127C,YCR002C,4.8676202624164944e-08
YJL127C,YJL108C,0.19131097197532654
YJL127C,YBR200W,8.696113967809893e-11
YJL127C,YIL026C,1.300061001074937e-07
YJL127C,YJR076C,1.0413852891133502e-08
YJL127C,YKR031C,0.003090414684265852
YJL127C,YPL192C,1.4200645637174603e-07
YJL127C,YHR107C,9.257243505089718e-08
YJL127C,YIL037C,5.56643535674084e-05
YJL127C,YPL156C,2.9087352231726982e-05
YJL127C,YIL117C,0.000852975354064256
YJL127C,YHR066W,4.592290089866502e-13
YJL127C,YML085C,5.72815217481093e-09
YJL127C,YML047C,2.2169779185787775e-06
YJL127C,YDR312W,0.1665269434452057
YJL127C,YFL037W,2.0002548239972384e-07
YJL127C,YDL038C,0.2020167112350464
YJL127C,YDL039C,3.540157678116884e-08
YJL127C,YCL027W,6.137409691575613e-09
YJL127C,YML124C,3.526958169963734e-10
YJL127C,YGL053W,7.888236591702125e-11
YJL127C,YMR232W,1.001878445094917e-05
YJL127C,YNL298W,5.517749741557054e-05
YJL127C,YGL099W,1.077889721923242e-10
YJL127C,YBL016W,3.226780336262891e-07
YJL127C,YAL041W,5.352066727937199e-05
YJL127C,YDR085C,1.134407625613676e-06
YJL127C,YPL187W,4.849068773182807e-07
YJL127C,YPL256C,0.0317843072116375
YJL127C,YDR461W,0.05130372941493988
YJL127C,YNL145W,7.728456694167107e-06
tI(AAU)L2,YDL165W,0.2020167112350464
tI(AAU)L2,YGR059W,0.2020167112350464
tI(AAU)L2,YBR109C,0.2020167112350464
tI(AAU)L2,YJL080C,0.2020167112350464
tI(AAU)L2,YCR093W,0.2020167112350464
tI(AAU)L2,YIL122W,0.2020167112350464
tI(AAU)L2,YCL029C,0.2020167112350464
tI(AAU)L2,YNL173C,0.2020167112350464
tI(AAU)L2,YLR452C,0.2020167112350464
tI(AAU)L2,YDL160C,0.2020167112350464
tI(AAU)L2,YLR229C,0.2020167112350464
tI(AAU)L2,YML057W,0.2020167112350464
tI(AAU)L2,YER149C,0.2020167112350464
tI(AAU)L2,YMR305C,0.2020167112350464
tI(AAU)L2,YLR433C,0.2020167112350464
tI(AAU)L2,YJL073W,0.2020167112350464
tI(AAU)L2,YGR279C,0.2020167112350464
tI(AAU)L2,YKL190W,0.2020167112350464
tI(AAU)L2,YGL089C,0.2020167112350464
tI(AAU)L2,YJL019W,0.2020167112350464
tI(AAU)L2,YJL018W,0.2020167112350464
tI(AAU)L2,YNR032C-A,0.2020167112350464
tI(AAU)L2,YGL178W,0.2020167112350464
tI(AAU)L2,YKL116C,0.2020167112350464
tI(AAU)L2,YDL214C,0.2020167112350464
tI(AAU)L2,YLR362W,0.2020167112350464
tI(AAU)L2,YER068W,0.2020167112350464
tI(AAU)L2,YHR084W,0.2020167112350464
tI(AAU)L2,YDR392W,0.2020167112350464
tI(AAU)L2,YNL053W,0.2020167112350464
tI(AAU)L2,YGR040W,0.2020167112350464
tI(AAU)L2,YDL216C,0.2020167112350464
tI(AAU)L2,YOL117W,0.2020167112350464
tI(AAU)L2,YJR086W,0.2020167112350464
tI(AAU)L2,YMR025W,0.2020167112350464
tI(AAU)L2,YBR081C,0.2020167112350464
tI(AAU)L2,YFL026W,0.2020167112350464
tI(AAU)L2,YHL007C,0.2020167112350464
tI(AAU)L2,YNR044W,0.2020167112350464
tI(AAU)L2,YNL271C,0.2020167112350464
tI(AAU)L2,YDR200C,0.2020167112350464
tI(AAU)L2,YKL178C,0.2020167112350464
tI(AAU)L2,YOR212W,0.2020167112350464
tI(AAU)L2,YOL111C,0.2020167112350464
tI(AAU)L2,YGL032C,0.2020167112350464
tI(AAU)L2,YHR005C,0.2020167112350464
tI(AAU)L2,YDR103W,0.2020167112350464
tI(AAU)L2,YJR084W,0.2020167112350464
tI(AAU)L2,YCL032W,0.2020167112350464
tI(AAU)L2,YJL170C,0.2020167112350464
tI(AAU)L2,YDR179C,0.2020167112350464
tI(AAU)L2,YBR095C,0.2020167112350464
tI(AAU)L2,YLL021W,0.2020167112350464
tI(AAU)L2,YDL159W,0.2020167112350464
tI(AAU)L2,YNL161W,0.2020167112350464
tI(AAU)L2,YNL188W,0.2020167112350464
tI(AAU)L2,YJL157C,0.2020167112350464
tI(AAU)L2,YJL034W,0.2020167112350464
tI(AAU)L2,YLR238W,0.2020167112350464
tI(AAU)L2,YPR141C,0.2020167112350464
tI(AAU)L2,YNL127W,0.2020167112350464
tI(AAU)L2,YCL055W,0.2020167112350464
tI(AAU)L2,YPR122W,0.2020167112350464
tI(AAU)L2,YMR065W,0.2020167112350464
tI(AAU)L2,YDR356W,0.2020167112350464
tI(AAU)L2,YMR052W,0.2020167112350464
tI(AAU)L2,YFR008W,0.2020167112350464
tI(AAU)L2,YLL043W,0.2020167112350464
tI(AAU)L2,YMR029C,0.2020167112350464
tI(AAU)L2,YJR004C,0.2020167112350464
tI(AAU)L2,YDL223C,0.2020167112350464
tI(AAU)L2,YHR158C,0.2020167112350464
tI(AAU)L2,YGR238C,0.2020167112350464
tI(AAU)L2,YIL015W,0.2020167112350464
tI(AAU)L2,YGL173C,0.2020167112350464
tI(AAU)L2,YDL225W,0.2020167112350464
tI(AAU)L2,YLR330W,0.2020167112350464
tI(AAU)L2,YBR129C,0.2020167112350464
tI(AAU)L2,YKR095W-A,0.2020167112350464
tI(AAU)L2,YPR075C,0.2020167112350464
tI(AAU)L2,YMR198W,0.2020167112350464
tI(AAU)L2,YOR127W,0.2020167112350464
tI(AAU)L2,YDR264C,0.2020167112350464
tI(AAU)L2,YLR110C,0.2020167112350464
tI(AAU)L2,YDR379W,0.2020167112350464
tI(AAU)L2,YDL100C,0.2020167112350464
tI(AAU)L2,YHR073W,0.2020167112350464
tI(AAU)L2,YJR090C,0.2020167112350464
tI(AAU)L2,YOR208W,0.2020167112350464
tI(AAU)L2,YBR040W,0.2020167112350464
tI(AAU)L2,YNL279W,0.2020167112350464
tI(AAU)L2,YER075C,0.2020167112350464
tI(AAU)L2,YCR089W,0.2020167112350464
tI(AAU)L2,YCR002C,0.2020167112350464
tI(AAU)L2,YJL108C,0.2020167112350464
tI(AAU)L2,YBR200W,0.2020167112350464
tI(AAU)L2,YIL026C,0.2020167112350464
tI(AAU)L2,YJR076C,0.2020167112350464
tI(AAU)L2,YKR031C,0.2020167112350464
tI(AAU)L2,YPL192C,0.2020167112350464
tI(AAU)L2,YHR107C,0.2020167112350464
tI(AAU)L2,YIL037C,0.2020167112350464
tI(AAU)L2,YPL156C,0.2020167112350464
tI(AAU)L2,YIL117C,0.2020167112350464
tI(AAU)L2,YHR066W,0.2020167112350464
tI(AAU)L2,YML085C,0.2020167112350464
tI(AAU)L2,YML047C,0.2020167112350464
tI(AAU)L2,YDR312W,0.2020167112350464
tI(AAU)L2,YFL037W,0.2020167112350464
tI(AAU)L2,YDL038C,0.2020167112350464
tI(AAU)L2,YDL039C,0.2020167112350464
tI(AAU)L2,YCL027W,0.2020167112350464
tI(AAU)L2,YML124C,0.2020167112350464
tI(AAU)L2,YGL053W,0.2020167112350464
tI(AAU)L2,YMR232W,0.2020167112350464
tI(AAU)L2,YNL298W,0.2020167112350464
tI(AAU)L2,YGL099W,0.2020167112350464
tI(AAU)L2,YBL016W,0.2020167112350464
tI(AAU)L2,YAL041W,0.2020167112350464
tI(AAU)L2,YDR085C,0.2020167112350464
tI(AAU)L2,YPL187W,0.2020167112350464
tI(AAU)L2,YPL256C,0.2020167112350464
tI(AAU)L2,YDR461W,0.2020167112350464
tI(AAU)L2,YNL145W,0.2020167112350464
YJR046W,YDL165W,8.429180525126867e-06
YJR046W,YGR059W,4.553077749894219e-13
YJR046W,YBR109C,1.198032180127484e-07
YJR046W,YJL080C,6.788573955418542e-06
YJR046W,YCR093W,9.396837474806574e-12
YJR046W,YIL122W,1.1271630850906433e-10
YJR046W,YCL029C,7.060946272119395e-10
YJR046W,YNL173C,5.383600509833997e-11
YJR046W,YLR452C,3.373333311174065e-05
YJR046W,YDL160C,0.0004528368008323014
YJR046W,YLR229C,3.3498094126116484e-05
YJR046W,YML057W,3.141450414872228e-21
YJR046W,YER149C,9.975899956771173e-06
YJR046W,YMR305C,7.652839473237805e-10
YJR046W,YLR433C,2.3537365905212937e-06
YJR046W,YJL073W,2.157587664086691e-09
YJR046W,YGR279C,1.204047384817386e-05
YJR046W,YKL190W,7.565142290388849e-09
YJR046W,YGL089C,3.881892637197515e-12
YJR046W,YJL019W,3.4451330677143233e-09
YJR046W,YJL018W,0.037696633487939835
YJR046W,YNR032C-A,0.751918613910675
YJR046W,YGL178W,2.2083740987000056e-05
YJR046W,YKL116C,9.257918463845272e-06
YJR046W,YDL214C,1.7271090113624155e-09
YJR046W,YLR362W,7.553571657048508e-11
YJR046W,YER068W,2.4500672601845963e-09
YJR046W,YHR084W,3.1902615044068078e-15
YJR046W,YDR392W,3.0562732344918686e-09
YJR046W,YNL053W,0.00018423267465550452
YJR046W,YGR040W,3.1668206468618565e-13
YJR046W,YDL216C,7.765935379211442e-07
YJR046W,YOL117W,3.1498564578708914e-17
YJR046W,YJR086W,1.1721423831545508e-10
YJR046W,YMR025W,2.743756999379343e-09
YJR046W,YBR081C,1.0565980035348588e-10
YJR046W,YFL026W,1.2089128330188859e-20
YJR046W,YHL007C,9.178232573958667e-08
YJR046W,YNR044W,0.0003413323138374835
YJR046W,YNL271C,0.0013993697939440608
YJR046W,YDR200C,1.973110670405731e-07
YJR046W,YKL178C,3.386715907716109e-10
YJR046W,YOR212W,2.5431456379010342e-05
YJR046W,YOL111C,7.517777476095944e-07
YJR046W,YGL032C,7.910771566652932e-16
YJR046W,YHR005C,9.588521383135928e-15
YJR046W,YDR103W,5.493175649462501e-06
YJR046W,YJR084W,2.603008683165625e-13
YJR046W,YCL032W,4.026587223371347e-12
YJR046W,YJL170C,7.872158480637381e-10
YJR046W,YDR179C,7.464370099796724e-08
YJR046W,YBR095C,3.9801485024471006e-11
YJR046W,YLL021W,9.303331353294197e-06
YJR046W,YDL159W,2.0682530688098666e-10
YJR046W,YNL161W,1.3205541694871759e-11
YJR046W,YNL188W,1.1182643902429845e-05
YJR046W,YJL157C,0.0015746947610750794
YJR046W,YJL034W,6.019947040858398e-11
YJR046W,YLR238W,8.491127440120547e-17
YJR046W,YPR141C,3.621241557993926e-05
YJR046W,YNL127W,1.0460248920840383e-17
YJR046W,YCL055W,6.56219251775835e-15
YJR046W,YPR122W,5.764586603618227e-07
YJR046W,YMR065W,2.512857760414433e-12
YJR046W,YDR356W,5.136198133470771e-10
YJR046W,YMR052W,2.130236225639237e-06
YJR046W,YFR008W,1.0352810830838166e-09
YJR046W,YLL043W,9.659465405320589e-08
YJR046W,YMR029C,3.01750929798672e-10
YJR046W,YJR004C,3.5492702110673235e-09
YJR046W,YDL223C,2.6443649373072345e-23
YJR046W,YHR158C,3.965408978956475e-08
YJR046W,YGR238C,2.0507650333456695e-05
YJR046W,YIL015W,6.12000743135627e-19
YJR046W,YGL173C,6.626581239288498e-07
YJR046W,YDL225W,9.926742450261372e-08
YJR046W,YLR330W,1.0808635887357698e-12
YJR046W,YBR129C,4.2881609374489926e-08
YJR046W,YKR095W-A,0.2020167112350464
YJR046W,YPR075C,4.010684064590167e-15
YJR046W,YMR198W,1.3623754024254522e-17
YJR046W,YOR127W,2.1002364292144193e-08
YJR046W,YDR264C,1.3134943133152888e-09
YJR046W,YLR110C,2.5174454094667453e-06
YJR046W,YDR379W,9.449548348666736e-13
YJR046W,YDL100C,2.7433173510615916e-09
YJR046W,YHR073W,2.734840479079459e-11
YJR046W,YJR090C,6.330070245752495e-09
YJR046W,YOR208W,1.890838180473864e-11
YJR046W,YBR040W,4.4576768232218456e-07
YJR046W,YNL279W,2.236260948468939e-16
YJR046W,YER075C,2.495851560979645e-07
YJR046W,YCR089W,5.815447567947274e-10
YJR046W,YCR002C,7.580641003812616e-09
YJR046W,YJL108C,2.4791995713313586e-12
YJR046W,YBR200W,1.3726197262142747e-11
YJR046W,YIL026C,1.5168878235272132e-05
YJR046W,YJR076C,5.982577135910105e-07
YJR046W,YKR031C,8.026070009070543e-15
YJR046W,YPL192C,4.786798672284931e-05
YJR046W,YHR107C,3.391185552856224e-12
YJR046W,YIL037C,3.042686694243457e-05
YJR046W,YPL156C,2.5035273057240074e-17
YJR046W,YIL117C,1.984124864407022e-09
YJR046W,YHR066W,2.2715815006790763e-08
YJR046W,YML085C,4.471494776225882e-06
YJR046W,YML047C,8.49017023352161e-10
YJR046W,YDR312W,0.002261962043121457
YJR046W,YFL037W,1.1365177243760627e-07
YJR046W,YDL038C,0.2020167112350464
YJR046W,YDL039C,4.975064982204458e-08
YJR046W,YCL027W,6.500556537503144e-07
YJR046W,YML124C,1.2801052662325674e-08
YJR046W,YGL053W,5.6015000309602575e-14
YJR046W,YMR232W,4.4299309820416966e-07
YJR046W,YNL298W,4.365714175946778e-06
YJR046W,YGL099W,3.912703050445998e-09
YJR046W,YBL016W,3.0865039690741725e-11
YJR046W,YAL041W,2.0187221707601566e-06
YJR046W,YDR085C,6.994233672230621e-07
YJR046W,YPL187W,2.091325113084963e-09
YJR046W,YPL256C,2.232362028564694e-08
YJR046W,YDR461W,6.768394872347372e-11
YJR046W,YNL145W,2.2948805517979424e-15
YMR128W,YDL165W,0.012717917561531067
YMR128W,YGR059W,4.998563005566628e-14
YMR128W,YBR109C,2.999641646184159e-09
YMR128W,YJL080C,6.374055828928249e-06
YMR128W,YCR093W,0.9907206296920776
YMR128W,YIL122W,0.0001094842518796213
YMR128W,YCL029C,3.417960706131318e-11
YMR128W,YNL173C,3.3386240261279454e-07
YMR128W,YLR452C,0.3119499385356903
YMR128W,YDL160C,1.7692006082370426e-08
YMR128W,YLR229C,0.8577764630317688
YMR128W,YML057W,2.6169850571022835e-06
YMR128W,YER149C,0.0007293937960639596
YMR128W,YMR305C,0.4382244348526001
YMR128W,YLR433C,0.0003208612324669957
YMR128W,YJL073W,6.569349556527493e-13
YMR128W,YGR279C,3.354444944037027e-09
YMR128W,YKL190W,2.5387437290191883e-06
YMR128W,YGL089C,3.46165068831894e-10
YMR128W,YJL019W,2.9635236842295853e-07
YMR128W,YJL018W,0.2020167112350464
YMR128W,YNR032C-A,0.9809624552726746
YMR128W,YGL178W,1.3866103472537361e-05
YMR128W,YKL116C,8.085110358990732e-09
YMR128W,YDL214C,1.2145546861574985e-05
YMR128W,YLR362W,8.886168884059131e-11
YMR128W,YER068W,0.007210330571979284
YMR128W,YHR084W,1.8779959987114125e-07
YMR128W,YDR392W,1.17742269267751e-08
YMR128W,YNL053W,0.009604442864656448
YMR128W,YGR040W,3.5346874732722355e-11
YMR128W,YDL216C,3.40664736003804e-12
YMR128W,YOL117W,2.532178768888116e-06
YMR128W,YJR086W,0.0013334525283426046
YMR128W,YMR025W,0.07804180681705475
YMR128W,YBR081C,8.797723438647154e-09
YMR128W,YFL026W,0.5990966558456421
YMR128W,YHL007C,0.03933041915297508
YMR128W,YNR044W,3.8394645685002615e-07
YMR128W,YNL271C,4.82973046018742e-05
YMR128W,YDR200C,1.1952134570947237e-07
YMR128W,YKL178C,6.898802530486137e-05
YMR128W,YOR212W,1.0372518772783224e-05
YMR128W,YOL111C,8.641859494673554e-08
YMR128W,YGL032C,8.997083966733044e-09
YMR128W,YHR005C,0.9989196062088013
YMR128W,YDR103W,4.584187263390049e-05
YMR128W,YJR084W,8.595702820457518e-05
YMR128W,YCL032W,6.093414401525665e-12
YMR128W,YJL170C,0.9999990463256836
YMR128W,YDR179C,3.230588419000924e-08
YMR128W,YBR095C,5.903679628493919e-11
YMR128W,YLL021W,3.230932861697511e-06
YMR128W,YDL159W,8.251328836195171e-05
YMR128W,YNL161W,1.9434721707511926e-06
YMR128W,YNL188W,0.00019316878751851618
YMR128W,YJL157C,9.733405903489256e-08
YMR128W,YJL034W,3.6188212739173386e-22
YMR128W,YLR238W,7.033000883893692e-07
YMR128W,YPR141C,0.006410399451851845
YMR128W,YNL127W,0.0005664989585056901
YMR128W,YCL055W,2.1673038363978492e-10
YMR128W,YPR122W,0.9108895659446716
YMR128W,YMR065W,0.0014857760397717357
YMR128W,YDR356W,0.6818232536315918
YMR128W,YMR052W,9.08725633053109e-05
YMR128W,YFR008W,3.09725299869399e-16
YMR128W,YLL043W,0.085447758436203
YMR128W,YMR029C,3.181613176042597e-12
YMR128W,YJR004C,3.893152552336687e-06
YMR128W,YDL223C,1.7051490219799348e-09
YMR128W,YHR158C,5.73247489228379e-05
YMR128W,YGR238C,1.3946571471024072e-06
YMR128W,YIL015W,0.9014500975608826
YMR128W,YGL173C,0.04004769027233124
YMR128W,YDL225W,5.462463706189247e-13
YMR128W,YLR330W,2.5238972370389412e-11
YMR128W,YBR129C,5.279004653857555e-06
YMR128W,YKR095W-A,0.2020167112350464
YMR128W,YPR075C,1.1574496028288195e-08
YMR128W,YMR198W,0.0003919143637176603
YMR128W,YOR127W,1.0483455525900354e-06
YMR128W,YDR264C,0.0010316873667761683
YMR128W,YLR110C,0.0034930859692394733
YMR128W,YDR379W,8.377799076697556e-08
YMR128W,YDL100C,5.114144732942805e-05
YMR128W,YHR073W,5.906683562401094e-12
YMR128W,YJR090C,2.1853010423455999e-07
YMR128W,YOR208W,3.6744665088406236e-09
YMR128W,YBR040W,4.079953214386478e-06
YMR128W,YNL279W,0.00020772279822267592
YMR128W,YER075C,4.376147444418166e-06
YMR128W,YCR089W,0.00015428155893459916
YMR128W,YCR002C,1.801901248654758e-06
YMR128W,YJL108C,0.49581506848335266
YMR128W,YBR200W,3.459812297768039e-12
YMR128W,YIL026C,0.00024009124899748713
YMR128W,YJR076C,3.100024015267877e-09
YMR128W,YKR031C,0.09812118113040924
YMR128W,YPL192C,9.444760078192171e-12
YMR128W,YHR107C,3.826719385813249e-09
YMR128W,YIL037C,7.217973234219244e-06
YMR128W,YPL156C,0.043557990342378616
YMR128W,YIL117C,3.246376678589513e-08
YMR128W,YHR066W,1.096369715014589e-06
YMR128W,YML085C,1.325455301071088e-10
YMR128W,YML047C,0.1928204596042633
YMR128W,YDR312W,6.7283072446855385e-09
YMR128W,YFL037W,1.1488075557508637e-07
YMR128W,YDL038C,0.2020167112350464
YMR128W,YDL039C,9.859948274515418e-11
YMR128W,YCL027W,1.4739908692718018e-05
YMR128W,YML124C,1.1020160165200912e-15
YMR128W,YGL053W,2.2047066137189705e-18
YMR128W,YMR232W,1.1760807865357492e-05
YMR128W,YNL298W,0.9614629149436951
YMR128W,YGL099W,1.0607880085444776e-06
YMR128W,YBL016W,0.00042037616367451847
YMR128W,YAL041W,0.0005019825184717774
YMR128W,YDR085C,5.968928599031642e-05
YMR128W,YPL187W,5.6833559938240796e-05
YMR128W,YPL256C,4.664829078571131e-10
YMR128W,YDR461W,0.00012988447269890457
YMR128W,YNL145W,1.1330614142934792e-05
YJR066W,YDL165W,3.294260209670691e-13
YJR066W,YGR059W,5.546043624349295e-08
YJR066W,YBR109C,1.045973796465205e-08
YJR066W,YJL080C,1.0710249354062285e-09
YJR066W,YCR093W,0.00012517280993051827
YJR066W,YIL122W,2.632878803865424e-09
YJR066W,YCL029C,7.934615734798806e-39
YJR066W,YNL173C,3.2638580965520247e-13
YJR066W,YLR452C,1.2131863513786811e-06
YJR066W,YDL160C,3.2318925914292054e-17
YJR066W,YLR229C,4.185246871202253e-05
YJR066W,YML057W,1.4067476038704505e-18
YJR066W,YER149C,2.665585252525915e-10
YJR066W,YMR305C,2.866155091041378e-10
YJR066W,YLR433C,7.824111136756073e-09
YJR066W,YJL073W,2.8248523312179863e-11
YJR066W,YGR279C,3.1055720495221095e-11
YJR066W,YKL190W,2.3689377282726243e-12
YJR066W,YGL089C,0.9943640232086182
YJR066W,YJL019W,7.072048902045935e-05
YJR066W,YJL018W,0.2020167112350464
YJR066W,YNR032C-A,0.2532579004764557
YJR066W,YGL178W,0.0001342079194728285
YJR066W,YKL116C,1.3661070852322155e-07
YJR066W,YDL214C,1.867458308879577e-06
YJR066W,YLR362W,5.746989018007298e-08
YJR066W,YER068W,1.7816875565505007e-14
YJR066W,YHR084W,2.980332780566641e-08
YJR066W,YDR392W,1.9479442926240154e-05
YJR066W,YNL053W,1.6436897567473352e-06
YJR066W,YGR040W,1.540567637903223e-07
YJR066W,YDL216C,2.1493411622941494e-05
YJR066W,YOL117W,2.006818431254942e-05
YJR066W,YJR086W,7.772626418045547e-07
YJR066W,YMR025W,2.2134868515877315e-07
YJR066W,YBR081C,0.8062728643417358
YJR066W,YFL026W,0.00010246631427435204
YJR066W,YHL007C,4.669562306269803e-11
YJR066W,YNR044W,3.2415010346037443e-12
YJR066W,YNL271C,5.955069076746256e-11
YJR066W,YDR200C,2.4370917799387826e-06
YJR066W,YKL178C,1.4317518004514085e-10
YJR066W,YOR212W,2.051769941013165e-14
YJR066W,YOL111C,4.714337253908241e-10
YJR066W,YGL032C,2.1850574682957813e-09
YJR066W,YHR005C,4.026201301608051e-13
YJR066W,YDR103W,6.201074575074017e-05
YJR066W,YJR084W,3.351894761749463e-08
YJR066W,YCL032W,1.110589042951915e-08
YJR066W,YJL170C,3.66136955562979e-05
YJR066W,YDR179C,3.515192686805757e-17
YJR066W,YBR095C,2.661882263055304e-06
YJR066W,YLL021W,4.7016851567605045e-07
YJR066W,YDL159W,8.680111074355068e-10
YJR066W,YNL161W,0.002056167693808675
YJR066W,YNL188W,3.2075985245683114e-07
YJR066W,YJL157C,0.0001013179644360207
YJR066W,YJL034W,3.2284943495180475e-23
YJR066W,YLR238W,3.3579897196212016e-10
YJR066W,YPR141C,1.4706198271596804e-05
YJR066W,YNL127W,8.465661380796519e-07
YJR066W,YCL055W,1.7354838269603712e-12
YJR066W,YPR122W,0.07719255983829498
YJR066W,YMR065W,0.0001532885362394154
YJR066W,YDR356W,3.483777177848424e-08
YJR066W,YMR052W,0.21807372570037842
YJR066W,YFR008W,3.921165218153007e-14
YJR066W,YLL043W,1.3400305761024356e-05
YJR066W,YMR029C,2.1404966341065368e-11
YJR066W,YJR004C,7.461068207703647e-08
YJR066W,YDL223C,2.8873875734802823e-08
YJR066W,YHR158C,3.8557977882595906e-13
YJR066W,YGR238C,8.142743368466654e-09
YJR066W,YIL015W,3.5361706522962777e-06
YJR066W,YGL173C,0.00034656666684895754
YJR066W,YDL225W,7.282726880055015e-20
YJR066W,YLR330W,1.899752750944561e-11
YJR066W,YBR129C,2.2396843633032404e-06
YJR066W,YKR095W-A,0.2020167112350464
YJR066W,YPR075C,6.579301407327875e-05
YJR066W,YMR198W,2.0724369775848572e-08
YJR066W,YOR127W,0.00010418401507195085
YJR066W,YDR264C,2.5091001869468997e-18
YJR066W,YLR110C,2.8946064295487517e-11
YJR066W,YDR379W,7.023685611784458e-05
YJR066W,YDL100C,9.454998416147387e-12
YJR066W,YHR073W,1.0290352771280542e-11
YJR066W,YJR090C,0.0016700426349416375
YJR066W,YOR208W,3.55289353493049e-09
YJR066W,YBR040W,2.0927740965996525e-16
YJR066W,YNL279W,0.0009091906831599772
YJR066W,YER075C,7.40742848461505e-15
YJR066W,YCR089W,5.200713530939538e-07
YJR066W,YCR002C,8.168950406525419e-14
YJR066W,YJL108C,4.221091955969314e-07
YJR066W,YBR200W,9.468181794147768e-10
YJR066W,YIL026C,1.6028915084120854e-08
YJR066W,YJR076C,2.402741616780446e-10
YJR066W,YKR031C,0.7198918461799622
YJR066W,YPL192C,9.856220373194446e-08
YJR066W,YHR107C,1.077799475465885e-21
YJR066W,YIL037C,2.8464366863545365e-08
YJR066W,YPL156C,0.0005300084012560546
YJR066W,YIL117C,3.8150800335708113e-13
YJR066W,YHR066W,5.471422557678954e-16
YJR066W,YML085C,2.076845589086976e-15
YJR066W,YML047C,5.670416358682928e-10
YJR066W,YDR312W,1.7519728614905083e-13
YJR066W,YFL037W,8.218036982258342e-14
YJR066W,YDL038C,0.2020167112350464
YJR066W,YDL039C,4.895085205236516e-12
YJR066W,YCL027W,4.261039576736181e-10
YJR066W,YML124C,2.1893541124994031e-13
YJR066W,YGL053W,3.824757784792743e-12
YJR066W,YMR232W,7.760246080579236e-05
YJR066W,YNL298W,1.5725890989415348e-05
YJR066W,YGL099W,5.837840519155868e-14
YJR066W,YBL016W,1.5811456250958145e-05
YJR066W,YAL041W,5.395661446527811e-07
YJR066W,YDR085C,9.603059458740404e-10
YJR066W,YPL187W,6.748635996700614e-07
YJR066W,YPL256C,1.9922792304782888e-08
YJR066W,YDR461W,3.5189898412758824e-13
YJR066W,YNL145W,0.005525778513401747
YBL054W,YDL165W,0.002739784773439169
YBL054W,YGR059W,6.097993665576951e-09
YBL054W,YBR109C,2.9248514692881145e-05
YBL054W,YJL080C,1.201502982439706e-06
YBL054W,YCR093W,6.275091891438933e-06
YBL054W,YIL122W,0.00205663638189435
YBL054W,YCL029C,2.2458560522409243e-07
YBL054W,YNL173C,7.448729133496812e-11
YBL054W,YLR452C,2.565362137829652e-06
YBL054W,YDL160C,0.010809582658112049
YBL054W,YLR229C,0.08047229796648026
YBL054W,YML057W,2.4321298447427253e-11
YBL054W,YER149C,1.2082009170910624e-08
YBL054W,YMR305C,1.1007679212582389e-08
YBL054W,YLR433C,0.00026255653938278556
YBL054W,YJL073W,2.4361512901915038e-14
YBL054W,YGR279C,1.0971235608341953e-18
YBL054W,YKL190W,1.7654225303864735e-11
YBL054W,YGL089C,3.851801256421483e-12
YBL054W,YJL019W,2.2853455239335574e-11
YBL054W,YJL018W,0.0001064949537976645
YBL054W,YNR032C-A,0.01902877166867256
YBL054W,YGL178W,0.00012279723887331784
YBL054W,YKL116C,3.770157875735427e-17
YBL054W,YDL214C,2.59468361036852e-05
YBL054W,YLR362W,4.082106670466601e-07
YBL054W,YER068W,5.472451936050504e-10
YBL054W,YHR084W,5.371161618228891e-14
YBL054W,YDR392W,4.842087559901731e-13
YBL054W,YNL053W,0.012316572479903698
YBL054W,YGR040W,3.328727267784548e-13
YBL054W,YDL216C,0.010765735991299152
YBL054W,YOL117W,2.163866958879157e-14
YBL054W,YJR086W,2.2408075395219385e-09
YBL054W,YMR025W,0.00037414339021779597
YBL054W,YBR081C,1.09909160528332e-06
YBL054W,YFL026W,1.2165109808393026e-07
YBL054W,YHL007C,1.844984973446099e-14
YBL054W,YNR044W,0.0003126173105556518
YBL054W,YNL271C,6.706216481688898e-06
YBL054W,YDR200C,4.604784956119268e-11
YBL054W,YKL178C,0.4739842712879181
YBL054W,YOR212W,4.3737795503429044e-12
YBL054W,YOL111C,1.2750222211366236e-08
YBL054W,YGL032C,2.3077410205019078e-08
YBL054W,YHR005C,0.006314191035926342
YBL054W,YDR103W,0.00015484722098335624
YBL054W,YJR084W,1.3497760546798184e-14
YBL054W,YCL032W,4.0894683472902926e-11
YBL054W,YJL170C,0.016914691776037216
YBL054W,YDR179C,0.0008524025324732065
YBL054W,YBR095C,8.920544424667609e-14
YBL054W,YLL021W,9.244485710269146e-08
YBL054W,YDL159W,3.6009243586931916e-08
YBL054W,YNL161W,2.4160233806469478e-05
YBL054W,YNL188W,6.147141037296175e-14
YBL054W,YJL157C,1.5394292303172507e-15
YBL054W,YJL034W,2.4681762533214512e-17
YBL054W,YLR238W,0.0017019809456542134
YBL054W,YPR141C,8.92012792519381e-08
YBL054W,YNL127W,6.2648846324009355e-06
YBL054W,YCL055W,3.1614405537894186e-11
YBL054W,YPR122W,0.001837890944443643
YBL054W,YMR065W,2.9709344318007425e-08
YBL054W,YDR356W,0.06824971735477448
YBL054W,YMR052W,0.00014026474673300982
YBL054W,YFR008W,0.40849363803863525
YBL054W,YLL043W,0.00011757102038245648
YBL054W,YMR029C,1.0664593652620624e-08
YBL054W,YJR004C,8.584811195255782e-10
YBL054W,YDL223C,6.982943005296241e-14
YBL054W,YHR158C,5.78567263542773e-11
YBL054W,YGR238C,8.42804048772905e-09
YBL054W,YIL015W,7.605626160511747e-05
YBL054W,YGL173C,0.0003016510745510459
YBL054W,YDL225W,4.7064121941027895e-14
YBL054W,YLR330W,4.980136566128763e-15
YBL054W,YBR129C,6.56377396879293e-10
YBL054W,YKR095W-A,0.2020167112350464
YBL054W,YPR075C,0.04088174179196358
YBL054W,YMR198W,1.732454713021525e-08
YBL054W,YOR127W,3.033771489775218e-14
YBL054W,YDR264C,1.129012252931716e-05
YBL054W,YLR110C,1.3752321137872059e-05
YBL054W,YDR379W,8.853078686810179e-11
YBL054W,YDL100C,3.7711922750175916e-14
YBL054W,YHR073W,4.909346211078459e-15
YBL054W,YJR090C,6.087519182074175e-07
YBL054W,YOR208W,8.364234963664785e-05
YBL054W,YBR040W,3.3047206215996994e-06
YBL054W,YNL279W,6.909307899150008e-07
YBL054W,YER075C,4.6892543537069287e-07
YBL054W,YCR089W,2.8393873623827615e-12
YBL054W,YCR002C,1.2364236281068772e-15
YBL054W,YJL108C,1.5341365677823404e-10
YBL054W,YBR200W,1.3186207681314954e-08
YBL054W,YIL026C,1.852443060057496e-10
YBL054W,YJR076C,5.943214254067186e-10
YBL054W,YKR031C,0.013084404170513153
YBL054W,YPL192C,6.703590042889118e-05
YBL054W,YHR107C,0.09034382551908493
YBL054W,YIL037C,2.607310756186365e-10
YBL054W,YPL156C,0.33611583709716797
YBL054W,YIL117C,3.83074283405449e-09
YBL054W,YHR066W,1.3301614313048632e-13
YBL054W,YML085C,6.074093107599765e-06
YBL054W,YML047C,0.0014626294141635299
YBL054W,YDR312W,0.0001578543015057221
YBL054W,YFL037W,1.0050521126458989e-07
YBL054W,YDL038C,0.2020167112350464
YBL054W,YDL039C,1.3922057950921385e-10
YBL054W,YCL027W,1.5490610394408577e-06
YBL054W,YML124C,7.965983054149092e-22
YBL054W,YGL053W,2.1222593460379358e-08
YBL054W,YMR232W,0.00011778557382058352
YBL054W,YNL298W,6.024440946106324e-10
YBL054W,YGL099W,8.757523934243454e-17
YBL054W,YBL016W,1.0142521402933252e-17
YBL054W,YAL041W,8.321517086518071e-12
YBL054W,YDR085C,0.1986379623413086
YBL054W,YPL187W,1.5333503142755944e-06
YBL054W,YPL256C,2.1884049118113e-22
YBL054W,YDR461W,2.969396750202853e-17
YBL054W,YNL145W,6.343092717742138e-11
YML004C,YDL165W,3.824481154879322e-06
YML004C,YGR059W,7.757964826105024e-10
YML004C,YBR109C,0.01217147707939148
YML004C,YJL080C,0.015775414183735847
YML004C,YCR093W,0.5976846814155579
YML004C,YIL122W,0.9999984502792358
YML004C,YCL029C,7.291085790672724e-11
YML004C,YNL173C,8.81485959780548e-08
YML004C,YLR452C,2.3788255809620296e-09
YML004C,YDL160C,0.004956609569489956
YML004C,YLR229C,2.3329815510009233e-11
YML004C,YML057W,1.5763704785953792e-09
YML004C,YER149C,0.0918247401714325
YML004C,YMR305C,1.1005310796008416e-07
YML004C,YLR433C,0.05666625127196312
YML004C,YJL073W,2.828119132313573e-15
YML004C,YGR279C,0.997665286064148
YML004C,YKL190W,1.1799039612014894e-07
YML004C,YGL089C,0.9995604157447815
YML004C,YJL019W,0.001766718691214919
YML004C,YJL018W,0.0039038476534187794
YML004C,YNR032C-A,0.8661300539970398
YML004C,YGL178W,9.234209414898942e-07
YML004C,YKL116C,3.563997541533581e-09
YML004C,YDL214C,0.999982476234436
YML004C,YLR362W,6.999536061869094e-09
YML004C,YER068W,2.5674085080140685e-09
YML004C,YHR084W,1.5819043255760334e-05
YML004C,YDR392W,0.0006072995020076632
YML004C,YNL053W,0.0003212910087313503
YML004C,YGR040W,0.9999808073043823
YML004C,YDL216C,0.9795600175857544
YML004C,YOL117W,0.004488341975957155
YML004C,YJR086W,0.15525563061237335
YML004C,YMR025W,0.003707578871399164
YML004C,YBR081C,0.000635158852674067
YML004C,YFL026W,7.89609280331437e-15
YML004C,YHL007C,2.7469764063425828e-06
YML004C,YNR044W,0.8796464800834656
YML004C,YNL271C,3.482598742721166e-07
YML004C,YDR200C,7.061953510856256e-05
YML004C,YKL178C,0.6763200163841248
YML004C,YOR212W,8.428229225643236e-10
YML004C,YOL111C,1.2770193794786565e-17
YML004C,YGL032C,1.3195382564390457e-07
YML004C,YHR005C,0.00018781873222906142
YML004C,YDR103W,0.8168541193008423
YML004C,YJR084W,0.003985263407230377
YML004C,YCL032W,1.8307014215679374e-07
YML004C,YJL170C,9.839555836776981e-09
YML004C,YDR179C,1.3651244024082132e-10
YML004C,YBR095C,0.0034096729941666126
YML004C,YLL021W,1.45105136239998e-10
YML004C,YDL159W,1.2617495936950718e-09
YML004C,YNL161W,0.04814508557319641
YML004C,YNL188W,0.5284057259559631
YML004C,YJL157C,4.4643278657163776e-11
YML004C,YJL034W,1.7184536671259465e-13
YML004C,YLR238W,6.7205197410658e-05
YML004C,YPR141C,6.768349880559299e-09
YML004C,YNL127W,0.00024037457478698343
YML004C,YCL055W,1.858855257219627e-11
YML004C,YPR122W,5.370477447286248e-05
YML004C,YMR065W,0.15813769400119781
YML004C,YDR356W,3.9712745092401747e-08
YML004C,YMR052W,0.991564154624939
YML004C,YFR008W,1.4510132132272702e-05
YML004C,YLL043W,3.998092381607421e-07
YML004C,YMR029C,0.026333900168538094
YML004C,YJR004C,4.5918110203047036e-08
YML004C,YDL223C,4.036469865086956e-15
YML004C,YHR158C,0.028524266555905342
YML004C,YGR238C,2.3610999359000365e-14
YML004C,YIL015W,0.10175226628780365
YML004C,YGL173C,3.5158524980261063e-08
YML004C,YDL225W,0.0007631769985891879
YML004C,YLR330W,7.481280022147985e-07
YML004C,YBR129C,5.213296753936447e-05
YML004C,YKR095W-A,0.2020167112350464
YML004C,YPR075C,8.40094493970156e-10
YML004C,YMR198W,5.000885039407876e-08
YML004C,YOR127W,1.681015078247583e-07
YML004C,YDR264C,1.6781184442038466e-08
YML004C,YLR110C,3.0435927216021508e-12
YML004C,YDR379W,1.1747206372092478e-06
YML004C,YDL100C,2.145896654814905e-11
YML004C,YHR073W,1.468128743908892e-06
YML004C,YJR090C,0.00430711917579174
YML004C,YOR208W,6.0951110754103865e-06
YML004C,YBR040W,0.9447323083877563
YML004C,YNL279W,0.5876913070678711
YML004C,YER075C,0.48731639981269836
YML004C,YCR089W,0.0002552192599978298
YML004C,YCR002C,0.00012171771959401667
YML004C,YJL108C,0.9999998807907104
YML004C,YBR200W,5.43876339520466e-08
YML004C,YIL026C,0.0001689519704086706
YML004C,YJR076C,0.0010673047509044409
YML004C,YKR031C,4.95324570692901e-07
YML004C,YPL192C,0.0009662607335485518
YML004C,YHR107C,7.478081442968687e-06
YML004C,YIL037C,0.0017822514055296779
YML004C,YPL156C,0.999964714050293
YML004C,YIL117C,1.092186266760109e-05
YML004C,YHR066W,5.031275756802768e-14
YML004C,YML085C,1.4983776281951577e-06
YML004C,YML047C,0.9999803304672241
YML004C,YDR312W,6.411767117242562e-08
YML004C,YFL037W,2.968969861627535e-11
YML004C,YDL038C,0.2020167112350464
YML004C,YDL039C,1.5136577546925878e-09
YML004C,YCL027W,0.333922803401947
YML004C,YML124C,0.0036885153967887163
YML004C,YGL053W,1.3392269515577482e-09
YML004C,YMR232W,0.2091437429189682
YML004C,YNL298W,0.06930039077997208
YML004C,YGL099W,5.865435814962053e-16
YML004C,YBL016W,4.80058474749967e-07
YML004C,YAL041W,0.9827960133552551
YML004C,YDR085C,0.008045284077525139
YML004C,YPL187W,0.9495278000831604
YML004C,YPL256C,7.816064462318195e-11
YML004C,YDR461W,2.168865554410789e-15
YML004C,YNL145W,5.908852926950203e-07
YBR213W,YDL165W,6.678796466985659e-07
YBR213W,YGR059W,2.514242169127101e-06
YBR213W,YBR109C,3.41899356679931e-17
YBR213W,YJL080C,1.263694459428795e-22
YBR213W,YCR093W,1.0055039443094134e-16
YBR213W,YIL122W,2.776691871986259e-07
YBR213W,YCL029C,8.944209817229876e-10
YBR213W,YNL173C,3.580554297499816e-09
YBR213W,YLR452C,3.493886777117261e-11
YBR213W,YDL160C,0.00010049115371657535
YBR213W,YLR229C,4.425022126497424e-09
YBR213W,YML057W,6.215961634303824e-10
YBR213W,YER149C,2.9710019167072943e-12
YBR213W,YMR305C,3.275948609604562e-11
YBR213W,YLR433C,2.6805526521329545e-15
YBR213W,YJL073W,4.355483225330133e-15
YBR213W,YGR279C,2.8447374664231084e-12
YBR213W,YKL190W,5.513983342098072e-05
YBR213W,YGL089C,5.500586297557675e-08
YBR213W,YJL019W,0.008934225887060165
YBR213W,YJL018W,0.0030310912989079952
YBR213W,YNR032C-A,0.6662017107009888
YBR213W,YGL178W,3.328981242143453e-13
YBR213W,YKL116C,2.3377595830494416e-16
YBR213W,YDL214C,1.3410713108896744e-05
YBR213W,YLR362W,8.579246202344848e-10
YBR213W,YER068W,3.002842774435521e-08
YBR213W,YHR084W,6.089319180184807e-14
YBR213W,YDR392W,3.5613725857253087e-10
YBR213W,YNL053W,4.458158855413785e-06
YBR213W,YGR040W,4.43115787118753e-11
YBR213W,YDL216C,2.5875253051310665e-09
YBR213W,YOL117W,2.8371031746132758e-08
YBR213W,YJR086W,7.640838048230748e-17
YBR213W,YMR025W,3.8244047573243733e-07
YBR213W,YBR081C,1.2422145560450626e-12
YBR213W,YFL026W,1.0990204302174789e-08
YBR213W,YHL007C,5.499394083682741e-18
YBR213W,YNR044W,3.6690417956446175e-15
YBR213W,YNL271C,1.1203004171353798e-17
YBR213W,YDR200C,0.001016858033835888
YBR213W,YKL178C,1.295427864533849e-06
YBR213W,YOR212W,2.2340218867530903e-13
YBR213W,YOL111C,3.528472518610215e-07
YBR213W,YGL032C,8.97564348179003e-07
YBR213W,YHR005C,2.748140257025078e-13
YBR213W,YDR103W,5.986583451189631e-10
YBR213W,YJR084W,5.166899086361809e-08
YBR213W,YCL032W,3.778133395826444e-05
YBR213W,YJL170C,0.002424496691673994
YBR213W,YDR179C,4.9682686949381605e-05
YBR213W,YBR095C,3.1740408912295237e-13
YBR213W,YLL021W,1.4728983748296583e-18
YBR213W,YDL159W,1.7909966858100507e-13
YBR213W,YNL161W,6.121192270648524e-21
YBR213W,YNL188W,2.7906872630069225e-21
YBR213W,YJL157C,2.01860098081319e-10
YBR213W,YJL034W,1.6981756278955373e-11
YBR213W,YLR238W,4.292522604032456e-08
YBR213W,YPR141C,3.1363541405780045e-18
YBR213W,YNL127W,0.00044827049714513123
YBR213W,YCL055W,1.5790266229970262e-14
YBR213W,YPR122W,2.627755861794867e-07
YBR213W,YMR065W,8.27682924864348e-07
YBR213W,YDR356W,3.75532591134764e-12
YBR213W,YMR052W,8.775346032052767e-06
YBR213W,YFR008W,3.129638492804787e-10
YBR213W,YLL043W,0.007670896593481302
YBR213W,YMR029C,1.6091341592527897e-08
YBR213W,YJR004C,1.1195672868780093e-06
YBR213W,YDL223C,2.9387839384220626e-10
YBR213W,YHR158C,1.1769421158144833e-12
YBR213W,YGR238C,7.16956056308148e-16
YBR213W,YIL015W,4.278987580930149e-11
YBR213W,YGL173C,3.6991872747209244e-15
YBR213W,YDL225W,3.843241929832447e-17
YBR213W,YLR330W,7.488391018384277e-10
YBR213W,YBR129C,9.18915499248385e-10
YBR213W,YKR095W-A,0.2020167112350464
YBR213W,YPR075C,8.237131809973874e-11
YBR213W,YMR198W,3.618140453909291e-06
YBR213W,YOR127W,4.7358669178106105e-14
YBR213W,YDR264C,1.1873533365823648e-14
YBR213W,YLR110C,5.019964646635344e-06
YBR213W,YDR379W,9.53504549622286e-12
YBR213W,YDL100C,2.3815038829866353e-09
YBR213W,YHR073W,2.428152715718934e-15
YBR213W,YJR090C,1.1454254428625021e-12
YBR213W,YOR208W,3.190496089544581e-09
YBR213W,YBR040W,2.3322423103877554e-08
YBR213W,YNL279W,1.37981303148256e-17
YBR213W,YER075C,1.3530159158329606e-18
YBR213W,YCR089W,5.92168635193957e-06
YBR213W,YCR002C,5.778120630616293e-14
YBR213W,YJL108C,2.7261809476542e-10
YBR213W,YBR200W,4.6966989325492037e-11
YBR213W,YIL026C,7.791484446086701e-16
YBR213W,YJR076C,1.6780417250755228e-23
YBR213W,YKR031C,2.18332569801305e-08
YBR213W,YPL192C,0.003212191164493561
YBR213W,YHR107C,8.388039205277711e-14
YBR213W,YIL037C,1.4479030141956173e-05
YBR213W,YPL156C,8.342949877260253e-05
YBR213W,YIL117C,1.8930983169962445e-10
YBR213W,YHR066W,3.1810518108521535e-10
YBR213W,YML085C,4.2121986602922386e-22
YBR213W,YML047C,4.087894467375008e-06
YBR213W,YDR312W,3.282902838463997e-08
YBR213W,YFL037W,4.930102753450925e-15
YBR213W,YDL038C,0.2020167112350464
YBR213W,YDL039C,2.7439647776184017e-10
YBR213W,YCL027W,3.889634170306522e-10
YBR213W,YML124C,1.0845568261731365e-18
YBR213W,YGL053W,8.187284947780427e-07
YBR213W,YMR232W,3.374215573614947e-09
YBR213W,YNL298W,3.573713743145303e-15
YBR213W,YGL099W,1.9084105646616766e-30
YBR213W,YBL016W,2.544826762512775e-12
YBR213W,YAL041W,1.4107011114816714e-09
YBR213W,YDR085C,9.887828521861234e-17
YBR213W,YPL187W,5.5365521195449574e-12
YBR213W,YPL256C,2.1442703257434914e-07
YBR213W,YDR461W,2.9130932333032433e-08
YBR213W,YNL145W,1.2563918794228357e-09
YKL081W,YDL165W,0.0003700160305015743
YKL081W,YGR059W,7.840853210846002e-14
YKL081W,YBR109C,8.210086832605157e-08
YKL081W,YJL080C,6.807459158153506e-06
YKL081W,YCR093W,2.2394663119484903e-06
YKL081W,YIL122W,3.2055490009952337e-05
YKL081W,YCL029C,1.4666102288174443e-07
YKL081W,YNL173C,0.0017236907733604312
YKL081W,YLR452C,5.943822907283902e-05
YKL081W,YDL160C,0.8013626933097839
YKL081W,YLR229C,4.416197771206498e-05
YKL081W,YML057W,1.5597395375266387e-08
YKL081W,YER149C,7.682359637328773e-08
YKL081W,YMR305C,9.755098290042952e-05
YKL081W,YLR433C,0.8681085109710693
YKL081W,YJL073W,0.17529642581939697
YKL081W,YGR279C,0.0014966604067012668
YKL081W,YKL190W,0.5591152906417847
YKL081W,YGL089C,0.00040632550371810794
YKL081W,YJL019W,0.003622616408392787
YKL081W,YJL018W,0.02904961258172989
YKL081W,YNR032C-A,0.046780478209257126
YKL081W,YGL178W,2.96587614911914e-07
YKL081W,YKL116C,0.03202889859676361
YKL081W,YDL214C,0.9982851147651672
YKL081W,YLR362W,2.1366315195336938e-05
YKL081W,YER068W,5.188302111491794e-06
YKL081W,YHR084W,8.61396571849582e-08
YKL081W,YDR392W,4.446391415058315e-07
YKL081W,YNL053W,1.2681345651799347e-05
YKL081W,YGR040W,3.8650305214105174e-05
YKL081W,YDL216C,0.00041470653377473354
YKL081W,YOL117W,1.6636646478218609e-06
YKL081W,YJR086W,0.6833369731903076
YKL081W,YMR025W,9.58377404458588e-06
YKL081W,YBR081C,0.798150897026062
YKL081W,YFL026W,0.00023780323681421578
YKL081W,YHL007C,0.0027150139212608337
YKL081W,YNR044W,1.0
YKL081W,YNL271C,0.07301083952188492
YKL081W,YDR200C,0.04538947716355324
YKL081W,YKL178C,0.00046706729335710406
YKL081W,YOR212W,0.5354164242744446
YKL081W,YOL111C,1.641739348634541e-11
YKL081W,YGL032C,3.4668064472498372e-06
YKL081W,YHR005C,0.9999995231628418
YKL081W,YDR103W,0.9998377561569214
YKL081W,YJR084W,1.011073114121075e-09
YKL081W,YCL032W,5.0211190682603046e-05
YKL081W,YJL170C,0.22172802686691284
YKL081W,YDR179C,6.199535361391421e-15
YKL081W,YBR095C,0.9999202489852905
YKL081W,YLL021W,0.10126578062772751
YKL081W,YDL159W,7.236630850115944e-09
YKL081W,YNL161W,0.950333297252655
YKL081W,YNL188W,1.9440194591879845e-05
YKL081W,YJL157C,0.025225577875971794
YKL081W,YJL034W,8.205297702353716e-19
YKL081W,YLR238W,0.012998864986002445
YKL081W,YPR141C,3.614307786392601e-08
YKL081W,YNL127W,0.0024464221205562353
YKL081W,YCL055W,1.343678803777948e-07
YKL081W,YPR122W,0.05221432447433472
YKL081W,YMR065W,9.548113666824065e-06
YKL081W,YDR356W,0.0024426232557743788
YKL081W,YMR052W,0.21234315633773804
YKL081W,YFR008W,0.07506725937128067
YKL081W,YLL043W,0.8530526161193848
YKL081W,YMR029C,0.6574283242225647
YKL081W,YJR004C,6.26700256134427e-08
YKL081W,YDL223C,5.727016636518711e-20
YKL081W,YHR158C,0.9888507723808289
YKL081W,YGR238C,3.092601199626788e-16
YKL081W,YIL015W,1.0
YKL081W,YGL173C,0.012178308330476284
YKL081W,YDL225W,0.9531123638153076
YKL081W,YLR330W,3.6183848806103924e-07
YKL081W,YBR129C,0.9998557567596436
YKL081W,YKR095W-A,0.2020167112350464
YKL081W,YPR075C,1.0237843461879947e-08
YKL081W,YMR198W,0.0001917992631206289
YKL081W,YOR127W,5.647066245728638e-06
YKL081W,YDR264C,0.16591115295886993
YKL081W,YLR110C,1.5806954703490028e-11
YKL081W,YDR379W,0.042871907353401184
YKL081W,YDL100C,2.439387858377273e-10
YKL081W,YHR073W,1.4820837890283656e-09
YKL081W,YJR090C,6.395007949322462e-05
YKL081W,YOR208W,0.9315028786659241
YKL081W,YBR040W,0.39926284551620483
YKL081W,YNL279W,6.259440965550311e-08
YKL081W,YER075C,3.481779458525125e-06
YKL081W,YCR089W,0.15839768946170807
YKL081W,YCR002C,1.2235336712979744e-13
YKL081W,YJL108C,0.015501129440963268
YKL081W,YBR200W,0.9982598423957825
YKL081W,YIL026C,9.676152501469915e-08
YKL081W,YJR076C,0.9688049554824829
YKL081W,YKR031C,0.08968273550271988
YKL081W,YPL192C,0.0008059623069129884
YKL081W,YHR107C,0.4122326076030731
YKL081W,YIL037C,0.0001754796685418114
YKL081W,YPL156C,1.0420886159198672e-12
YKL081W,YIL117C,6.237140137699271e-09
YKL081W,YHR066W,3.8689759729315654e-10
YKL081W,YML085C,3.877666322814033e-20
YKL081W,YML047C,0.9999673366546631
YKL081W,YDR312W,0.0006847362383268774
YKL081W,YFL037W,0.15120981633663177
YKL081W,YDL038C,0.2020167112350464
YKL081W,YDL039C,2.387963490531e-16
YKL081W,YCL027W,0.47516530752182007
YKL081W,YML124C,3.1395430773493516e-15
YKL081W,YGL053W,0.025432122871279716
YKL081W,YMR232W,0.924993097782135
YKL081W,YNL298W,0.9598962068557739
YKL081W,YGL099W,0.4187065362930298
YKL081W,YBL016W,0.0026629874482750893
YKL081W,YAL041W,1.8334463675273582e-05
YKL081W,YDR085C,0.5730106830596924
YKL081W,YPL187W,0.0033851212356239557
YKL081W,YPL256C,2.5177334175841004e-11
YKL081W,YDR461W,0.0005390167934820056
YKL081W,YNL145W,2.0581571789080044e-06
YJR148W,YDL165W,3.775331479461579e-21
YJR148W,YGR059W,2.6306814504550857e-08
YJR148W,YBR109C,4.1034248221549774e-10
YJR148W,YJL080C,1.5282339535017432e-14
YJR148W,YCR093W,8.010588317119982e-06
YJR148W,YIL122W,2.0844050041546325e-08
YJR148W,YCL029C,8.902495756046847e-05
YJR148W,YNL173C,2.727963203773146e-15
YJR148W,YLR452C,2.3334324832626925e-21
YJR148W,YDL160C,3.3794778087070654e-09
YJR148W,YLR229C,1.4329340950084844e-26
YJR148W,YML057W,1.7603266392295092e-13
YJR148W,YER149C,0.0001117131469072774
YJR148W,YMR305C,1.4908469740306555e-17
YJR148W,YLR433C,5.919659762376739e-10
YJR148W,YJL073W,2.0788434916731367e-22
YJR148W,YGR279C,1.8478068852800789e-07
YJR148W,YKL190W,3.7686867515596134e-12
YJR148W,YGL089C,1.2105218737124002e-11
YJR148W,YJL019W,3.1559626023636156e-08
YJR148W,YJL018W,0.13640077412128448
YJR148W,YNR032C-A,0.01972203142940998
YJR148W,YGL178W,3.3514264696776763e-09
YJR148W,YKL116C,4.46857821741458e-15
YJR148W,YDL214C,3.6105799339908318e-12
YJR148W,YLR362W,5.117100632112681e-10
YJR148W,YER068W,1.2206737665110268e-07
YJR148W,YHR084W,2.3487262443489962e-17
YJR148W,YDR392W,7.118593202903867e-05
YJR148W,YNL053W,7.382168487612972e-11
YJR148W,YGR040W,2.5637798444222426e-06
YJR148W,YDL216C,8.035800078687316e-07
YJR148W,YOL117W,2.077866323446642e-09
YJR148W,YJR086W,6.457418692644434e-13
YJR148W,YMR025W,1.678425753937063e-08
YJR148W,YBR081C,8.69601899466943e-06
YJR148W,YFL026W,6.1306493735757694e-12
YJR148W,YHL007C,3.7601288691551347e-19
YJR148W,YNR044W,1.5532240229583046e-18
YJR148W,YNL271C,1.677357558405035e-11
YJR148W,YDR200C,2.9121637826895475e-13
YJR148W,YKL178C,4.489411509212005e-09
YJR148W,YOR212W,2.2680990386606675e-13
YJR148W,YOL111C,2.531485653086275e-15
YJR148W,YGL032C,1.0164140803681221e-05
YJR148W,YHR005C,6.47424997168855e-07
YJR148W,YDR103W,4.5065305653846366e-11
YJR148W,YJR084W,5.08880437788406e-11
YJR148W,YCL032W,4.9329491602634334e-09
YJR148W,YJL170C,3.930766572191173e-17
YJR148W,YDR179C,1.100049955640725e-12
YJR148W,YBR095C,0.0010540079092606902
YJR148W,YLL021W,6.019174308286024e-12
YJR148W,YDL159W,2.957489288191173e-12
YJR148W,YNL161W,1.2036023761853587e-13
YJR148W,YNL188W,7.239790067032404e-21
YJR148W,YJL157C,3.4351578954137646e-21
YJR148W,YJL034W,4.585659346548806e-15
YJR148W,YLR238W,1.4439046397043937e-16
YJR148W,YPR141C,7.26839649665273e-15
YJR148W,YNL127W,6.716162070929954e-10
YJR148W,YCL055W,1.6407375369453803e-06
YJR148W,YPR122W,7.68518138016816e-10
YJR148W,YMR065W,5.261141457386931e-13
YJR148W,YDR356W,4.804756276817392e-16
YJR148W,YMR052W,1.2346575983812613e-09
YJR148W,YFR008W,1.141368041746027e-10
YJR148W,YLL043W,8.52234283144071e-10
YJR148W,YMR029C,2.048552022460015e-10
YJR148W,YJR004C,5.9026379339854884e-09
YJR148W,YDL223C,7.909203673939214e-12
YJR148W,YHR158C,4.502421101184771e-16
YJR148W,YGR238C,4.5379745425809526e-13
YJR148W,YIL015W,1.457957243634209e-24
YJR148W,YGL173C,3.425140691361815e-14
YJR148W,YDL225W,6.111863619373548e-12
YJR148W,YLR330W,1.4916863300129535e-09
YJR148W,YBR129C,1.4915640944579422e-09
YJR148W,YKR095W-A,0.2020167112350464
YJR148W,YPR075C,1.741766918892696e-17
YJR148W,YMR198W,1.269123828251395e-08
YJR148W,YOR127W,1.972545048926295e-16
YJR148W,YDR264C,9.345655360704086e-10
YJR148W,YLR110C,0.47258687019348145
YJR148W,YDR379W,2.941039634052345e-09
YJR148W,YDL100C,8.54275125026588e-25
YJR148W,YHR073W,2.9567365222860076e-10
YJR148W,YJR090C,6.222254482490808e-12
YJR148W,YOR208W,9.220623845682574e-16
YJR148W,YBR040W,9.334601713817392e-08
YJR148W,YNL279W,4.6114495555471535e-10
YJR148W,YER075C,3.44881634362082e-08
YJR148W,YCR089W,5.692441309990137e-12
YJR148W,YCR002C,1.0872879202886154e-12
YJR148W,YJL108C,5.361650359803072e-11
YJR148W,YBR200W,1.8797692291627754e-08
YJR148W,YIL026C,3.430589640629478e-05
YJR148W,YJR076C,4.827906303905838e-12
YJR148W,YKR031C,2.2613920009462163e-05
YJR148W,YPL192C,1.1384844356143731e-07
YJR148W,YHR107C,1.9623419642705864e-12
YJR148W,YIL037C,2.2006767237778713e-15
YJR148W,YPL156C,0.9991850256919861
YJR148W,YIL117C,9.184682528374763e-22
YJR148W,YHR066W,6.050272727264883e-09
YJR148W,YML085C,3.574447404730563e-09
YJR148W,YML047C,2.5548894555527113e-08
YJR148W,YDR312W,9.466326389429014e-09
YJR148W,YFL037W,4.109275697494752e-10
YJR148W,YDL038C,0.2020167112350464
YJR148W,YDL039C,2.3607240294543086e-12
YJR148W,YCL027W,3.1083095844522965e-15
YJR148W,YML124C,1.1834317163381125e-12
YJR148W,YGL053W,7.472303373319967e-16
YJR148W,YMR232W,1.1322444493089279e-07
YJR148W,YNL298W,2.2391530296594908e-10
YJR148W,YGL099W,2.4227206612409402e-12
YJR148W,YBL016W,7.249897038263953e-08
YJR148W,YAL041W,1.3864981397570911e-17
YJR148W,YDR085C,0.00011107761383755133
YJR148W,YPL187W,2.876042799471179e-06
YJR148W,YPL256C,5.1290978408946586e-11
YJR148W,YDR461W,1.2711107899576746e-07
YJR148W,YNL145W,3.112284388540054e-11
YIL010W,YDL165W,0.00027983906329609454
YIL010W,YGR059W,7.816507263669337e-08
YIL010W,YBR109C,3.9343541445580055e-12
YIL010W,YJL080C,2.0631606645338252e-08
YIL010W,YCR093W,3.323691271361895e-05
YIL010W,YIL122W,0.0012010907521471381
YIL010W,YCL029C,3.343734980603341e-15
YIL010W,YNL173C,0.0004386521177366376
YIL010W,YLR452C,6.522801188069138e-10
YIL010W,YDL160C,2.8293789000599645e-07
YIL010W,YLR229C,0.01528541836887598
YIL010W,YML057W,1.1430881130536363e-08
YIL010W,YER149C,0.0023434055037796497
YIL010W,YMR305C,0.9996612071990967
YIL010W,YLR433C,1.2056473508437193e-07
YIL010W,YJL073W,2.6002816690622694e-15
YIL010W,YGR279C,3.010487503729564e-08
YIL010W,YKL190W,2.2749315452263996e-13
YIL010W,YGL089C,6.760340625078243e-07
YIL010W,YJL019W,0.0034149461425840855
YIL010W,YJL018W,0.05578767508268356
YIL010W,YNR032C-A,0.21559599041938782
YIL010W,YGL178W,1.578572828009328e-09
YIL010W,YKL116C,4.236676634516989e-11
YIL010W,YDL214C,0.1383453905582428
YIL010W,YLR362W,3.624725408712948e-08
YIL010W,YER068W,5.913172738984733e-17
YIL010W,YHR084W,4.023449282075653e-11
YIL010W,YDR392W,4.752039148465947e-13
YIL010W,YNL053W,0.91203373670578
YIL010W,YGR040W,0.0017201376613229513
YIL010W,YDL216C,0.00026779461768455803
YIL010W,YOL117W,2.1617985623834102e-08
YIL010W,YJR086W,8.739317854633555e-05
YIL010W,YMR025W,9.380202214970268e-08
YIL010W,YBR081C,3.76524235434772e-06
YIL010W,YFL026W,0.0004702807345893234
YIL010W,YHL007C,1.0620730857280325e-11
YIL010W,YNR044W,0.042485546320676804
YIL010W,YNL271C,0.003816770389676094
YIL010W,YDR200C,2.6043164069733393e-08
YIL010W,YKL178C,5.940952632954577e-06
YIL010W,YOR212W,2.978409384013503e-06
YIL010W,YOL111C,7.958747512785416e-16
YIL010W,YGL032C,0.33518120646476746
YIL010W,YHR005C,3.0341014280566014e-05
YIL010W,YDR103W,0.0026486320421099663
YIL010W,YJR084W,4.839098306091971e-12
YIL010W,YCL032W,7.66306407218309e-10
YIL010W,YJL170C,0.9869838953018188
YIL010W,YDR179C,1.836948593236798e-09
YIL010W,YBR095C,0.00013519410276785493
YIL010W,YLL021W,2.8227801522007212e-05
YIL010W,YDL159W,3.406866531507208e-13
YIL010W,YNL161W,8.843134224889582e-08
YIL010W,YNL188W,0.0037779302801936865
YIL010W,YJL157C,1.5342982351285173e-06
YIL010W,YJL034W,1.6904173893994567e-10
YIL010W,YLR238W,1.1500555282401015e-12
YIL010W,YPR141C,8.78618175192969e-06
YIL010W,YNL127W,0.00316357659175992
YIL010W,YCL055W,0.005352620501071215
YIL010W,YPR122W,5.892876288271509e-06
YIL010W,YMR065W,0.001126469811424613
YIL010W,YDR356W,1.3645821127283853e-05
YIL010W,YMR052W,5.696454457226538e-14
YIL010W,YFR008W,5.2347229939186946e-05
YIL010W,YLL043W,1.303336466529359e-10
YIL010W,YMR029C,2.3071235773386434e-05
YIL010W,YJR004C,1.2476933079597075e-05
YIL010W,YDL223C,9.895904625259466e-13
YIL010W,YHR158C,1.4541233213094529e-06
YIL010W,YGR238C,1.0795217394695203e-13
YIL010W,YIL015W,0.007462151348590851
YIL010W,YGL173C,2.170120569644496e-05
YIL010W,YDL225W,3.153691920942947e-07
YIL010W,YLR330W,9.276523549317517e-09
YIL010W,YBR129C,1.80608440132346e-05
YIL010W,YKR095W-A,0.2020167112350464
YIL010W,YPR075C,4.1935874803104844e-13
YIL010W,YMR198W,3.743503285136285e-09
YIL010W,YOR127W,2.5243876734748483e-05
YIL010W,YDR264C,7.965283294053549e-11
YIL010W,YLR110C,0.005480350460857153
YIL010W,YDR379W,0.8288360834121704
YIL010W,YDL100C,1.8670686470403236e-13
YIL010W,YHR073W,0.0006681882659904659
YIL010W,YJR090C,0.0002243181661469862
YIL010W,YOR208W,3.483074592636193e-11
YIL010W,YBR040W,3.486403147689998e-05
YIL010W,YNL279W,0.10078755766153336
YIL010W,YER075C,0.007739572785794735
YIL010W,YCR089W,9.854157767552607e-11
YIL010W,YCR002C,1.7941198393600644e-06
YIL010W,YJL108C,0.9998869895935059
YIL010W,YBR200W,1.378747255253998e-10
YIL010W,YIL026C,0.5670714378356934
YIL010W,YJR076C,2.1677077199910855e-07
YIL010W,YKR031C,0.00010962643136736006
YIL010W,YPL192C,0.6786496043205261
YIL010W,YHR107C,3.89161014524575e-09
YIL010W,YIL037C,0.14307086169719696
YIL010W,YPL156C,3.343536292277349e-08
YIL010W,YIL117C,0.016911877319216728
YIL010W,YHR066W,1.2347896921424442e-20
YIL010W,YML085C,0.00036571340751834214
YIL010W,YML047C,0.0004553195904009044
YIL010W,YDR312W,0.0020275511778891087
YIL010W,YFL037W,2.633663643791806e-05
YIL010W,YDL038C,0.2020167112350464
YIL010W,YDL039C,1.865719800875354e-09
YIL010W,YCL027W,6.437475986303953e-12
YIL010W,YML124C,5.581849649161086e-08
YIL010W,YGL053W,0.0009023271850310266
YIL010W,YMR232W,5.69192870614188e-09
YIL010W,YNL298W,2.679290628293529e-05
YIL010W,YGL099W,3.615998025452427e-07
YIL010W,YBL016W,4.951460352842219e-10
YIL010W,YAL041W,3.2721525258239126e-06
YIL010W,YDR085C,0.011931098997592926
YIL010W,YPL187W,4.0619315768708475e-06
YIL010W,YPL256C,0.015537329949438572
YIL010W,YDR461W,1.5527080904575996e-05
YIL010W,YNL145W,0.9998424053192139
YPR057W,YDL165W,1.5157595498749288e-06
YPR057W,YGR059W,5.838425749971066e-06
YPR057W,YBR109C,3.3437008717385197e-09
YPR057W,YJL080C,7.387735081465507e-07
YPR057W,YCR093W,0.4614361822605133
YPR057W,YIL122W,5.65705522603821e-05
YPR057W,YCL029C,1.1073168207018091e-12
YPR057W,YNL173C,1.9065242895521806e-07
YPR057W,YLR452C,0.05529876798391342
YPR057W,YDL160C,0.0685097798705101
YPR057W,YLR229C,0.020764438435435295
YPR057W,YML057W,1.8239721798901654e-12
YPR057W,YER149C,3.7320950241337414e-07
YPR057W,YMR305C,2.787311537133519e-08
YPR057W,YLR433C,7.053097215248272e-05
YPR057W,YJL073W,6.720833312101604e-08
YPR057W,YGR279C,0.690646231174469
YPR057W,YKL190W,7.257752258738037e-06
YPR057W,YGL089C,4.065435054573241e-12
YPR057W,YJL019W,7.423507497605897e-08
YPR057W,YJL018W,0.0014505154686048627
YPR057W,YNR032C-A,0.05088778957724571
YPR057W,YGL178W,0.024619046598672867
YPR057W,YKL116C,5.408164724940434e-07
YPR057W,YDL214C,0.9879448413848877
YPR057W,YLR362W,9.823007758313906e-07
YPR057W,YER068W,2.571804316175985e-07
YPR057W,YHR084W,7.530011316703167e-07
YPR057W,YDR392W,3.241673039156012e-05
YPR057W,YNL053W,0.042136721312999725
YPR057W,YGR040W,1.0432876479171682e-05
YPR057W,YDL216C,1.8265316725774028e-07
YPR057W,YOL117W,3.695586656249361e-06
YPR057W,YJR086W,4.0275764945363335e-09
YPR057W,YMR025W,3.973601394591242e-07
YPR057W,YBR081C,0.9314134120941162
YPR057W,YFL026W,0.11909933388233185
YPR057W,YHL007C,0.01163864228874445
YPR057W,YNR044W,1.838346906879451e-05
YPR057W,YNL271C,1.1130881830467843e-05
YPR057W,YDR200C,7.895532689872198e-06
YPR057W,YKL178C,0.006526291836053133
YPR057W,YOR212W,0.0001295036927331239
YPR057W,YOL111C,0.003682635724544525
YPR057W,YGL032C,0.8906211256980896
YPR057W,YHR005C,1.4091334605836892e-06
YPR057W,YDR103W,1.9643794146873006e-08
YPR057W,YJR084W,2.188406540426513e-07
YPR057W,YCL032W,1.4202561033016536e-05
YPR057W,YJL170C,0.04350149631500244
YPR057W,YDR179C,5.276806769316522e-10
YPR057W,YBR095C,3.2454281484461944e-09
YPR057W,YLL021W,2.5556324544595554e-05
YPR057W,YDL159W,1.9215141946915537e-05
YPR057W,YNL161W,5.531373972189613e-05
YPR057W,YNL188W,4.054417912513486e-11
YPR057W,YJL157C,1.8107137123024586e-08
YPR057W,YJL034W,1.3271363175082485e-12
YPR057W,YLR238W,0.05940748751163483
YPR057W,YPR141C,8.137840978861277e-08
YPR057W,YNL127W,2.436038215591907e-08
YPR057W,YCL055W,1.789212831226905e-07
YPR057W,YPR122W,2.083230356220156e-06
YPR057W,YMR065W,0.004764219280332327
YPR057W,YDR356W,1.5397186814425368e-07
YPR057W,YMR052W,5.067322126706131e-05
YPR057W,YFR008W,9.179567522776821e-11
YPR057W,YLL043W,8.652811089859824e-08
YPR057W,YMR029C,0.9521875977516174
YPR057W,YJR004C,2.0790109911406063e-10
YPR057W,YDL223C,2.201840288762469e-05
YPR057W,YHR158C,0.005550411995500326
YPR057W,YGR238C,4.5397821613057943e-10
YPR057W,YIL015W,1.7594888049643487e-05
YPR057W,YGL173C,0.010386671870946884
YPR057W,YDL225W,0.0006558125605806708
YPR057W,YLR330W,6.487720777270667e-11
YPR057W,YBR129C,8.119364792946726e-06
YPR057W,YKR095W-A,0.2020167112350464
YPR057W,YPR075C,3.72936966641646e-07
YPR057W,YMR198W,0.00034724167198874056
YPR057W,YOR127W,2.0965081060086987e-10
YPR057W,YDR264C,0.00012865847384091467
YPR057W,YLR110C,0.021852949634194374
YPR057W,YDR379W,6.868693617434474e-06
YPR057W,YDL100C,7.169755761315955e-11
YPR057W,YHR073W,9.479578927384935e-11
YPR057W,YJR090C,7.960518996696919e-05
YPR057W,YOR208W,3.1381498502014438e-06
YPR057W,YBR040W,0.9913902282714844
YPR057W,YNL279W,0.021906830370426178
YPR057W,YER075C,1.0955748530605547e-09
YPR057W,YCR089W,0.008691678754985332
YPR057W,YCR002C,0.0023713356349617243
YPR057W,YJL108C,1.821601784968152e-07
YPR057W,YBR200W,4.0686074301299335e-12
YPR057W,YIL026C,0.03574761748313904
YPR057W,YJR076C,1.127668261096922e-14
YPR057W,YKR031C,0.35510072112083435
YPR057W,YPL192C,0.13947415351867676
YPR057W,YHR107C,7.534572068834677e-05
YPR057W,YIL037C,1.9962882902291312e-08
YPR057W,YPL156C,1.0359975703977398e-06
YPR057W,YIL117C,0.866571307182312
YPR057W,YHR066W,1.205742710536084e-11
YPR057W,YML085C,9.591133931508011e-08
YPR057W,YML047C,0.09686204791069031
YPR057W,YDR312W,5.0662638528820025e-09
YPR057W,YFL037W,6.692945243164106e-12
YPR057W,YDL038C,0.2020167112350464
YPR057W,YDL039C,8.573671286815632e-13
YPR057W,YCL027W,5.916773443459533e-05
YPR057W,YML124C,3.473692508146331e-19
YPR057W,YGL053W,4.97657356390846e-06
YPR057W,YMR232W,0.16765503585338593
YPR057W,YNL298W,0.3838478624820709
YPR057W,YGL099W,7.637087490186545e-11
YPR057W,YBL016W,6.529189081755371e-13
YPR057W,YAL041W,0.0003395509556867182
YPR057W,YDR085C,0.00033092981902882457
YPR057W,YPL187W,0.7871726155281067
YPR057W,YPL256C,1.913819502874503e-08
YPR057W,YDR461W,1.2015476613669307e-06
YPR057W,YNL145W,1.8554153939476237e-05
YBL020W,YDL165W,0.061160922050476074
YBL020W,YGR059W,3.153772354380635e-08
YBL020W,YBR109C,1.6520566248345858e-07
YBL020W,YJL080C,2.0583090076797816e-07
YBL020W,YCR093W,1.7673039565124782e-07
YBL020W,YIL122W,0.00022891817206982523
YBL020W,YCL029C,6.8706650611927156e-12
YBL020W,YNL173C,4.3708521843655035e-05
YBL020W,YLR452C,0.00043953213025815785
YBL020W,YDL160C,0.29590630531311035
YBL020W,YLR229C,1.0592292483124766e-06
YBL020W,YML057W,1.0131836702953478e-08
YBL020W,YER149C,0.006760225631296635
YBL020W,YMR305C,3.548717916745936e-11
YBL020W,YLR433C,1.8214664151972038e-11
YBL020W,YJL073W,8.699510800624921e-08
YBL020W,YGR279C,0.015234694816172123
YBL020W,YKL190W,0.04837288707494736
YBL020W,YGL089C,6.587267853319645e-05
YBL020W,YJL019W,4.098466011015489e-10
YBL020W,YJL018W,0.0001414108119206503
YBL020W,YNR032C-A,0.00017762162315193564
YBL020W,YGL178W,1.4657881592938793e-06
YBL020W,YKL116C,3.0388667277003734e-11
YBL020W,YDL214C,0.9992596507072449
YBL020W,YLR362W,4.1700999986460374e-08
YBL020W,YER068W,1.7715642286475486e-08
YBL020W,YHR084W,2.5138284466194594e-14
YBL020W,YDR392W,3.0289786081993952e-05
YBL020W,YNL053W,4.2765004764078185e-05
YBL020W,YGR040W,1.770485008600886e-10
YBL020W,YDL216C,0.03399199992418289
YBL020W,YOL117W,7.138529323214016e-09
YBL020W,YJR086W,3.310039531356779e-08
YBL020W,YMR025W,0.01002412661910057
YBL020W,YBR081C,0.012216214090585709
YBL020W,YFL026W,7.33602573745884e-05
YBL020W,YHL007C,5.25191760740451e-13
YBL020W,YNR044W,4.7785221417816215e-14
YBL020W,YNL271C,6.513020345266796e-09
YBL020W,YDR200C,6.73447360099999e-08
YBL020W,YKL178C,1.3238658311820473e-06
YBL020W,YOR212W,4.910394272883423e-05
YBL020W,YOL111C,0.0003174570156261325
YBL020W,YGL032C,6.763299893464136e-07
YBL020W,YHR005C,0.0014437380013987422
YBL020W,YDR103W,0.0012758133234456182
YBL020W,YJR084W,9.202007618114294e-07
YBL020W,YCL032W,2.3811119363118666e-14
YBL020W,YJL170C,0.003980698529630899
YBL020W,YDR179C,1.328300527347892e-07
YBL020W,YBR095C,3.0350161068781745e-06
YBL020W,YLL021W,5.409665493338878e-10
YBL020W,YDL159W,0.01615579053759575
YBL020W,YNL161W,0.0031379801221191883
YBL020W,YNL188W,1.9004268644873257e-11
YBL020W,YJL157C,7.848728778014902e-09
YBL020W,YJL034W,5.5271874588053854e-14
YBL020W,YLR238W,0.0006393970688804984
YBL020W,YPR141C,0.00021869259944651276
YBL020W,YNL127W,5.306839375407435e-05
YBL020W,YCL055W,1.228998023142247e-12
YBL020W,YPR122W,9.830565250723566e-10
YBL020W,YMR065W,0.009774424135684967
YBL020W,YDR356W,4.2633176988715604e-09
YBL020W,YMR052W,0.5045854449272156
YBL020W,YFR008W,3.419970380491577e-05
YBL020W,YLL043W,0.0007068648119457066
YBL020W,YMR029C,8.013277692953125e-06
YBL020W,YJR004C,1.7475340996497835e-07
YBL020W,YDL223C,4.555386623472657e-10
YBL020W,YHR158C,0.00018952721438836306
YBL020W,YGR238C,3.021821441961947e-07
YBL020W,YIL015W,1.4875720921736502e-07
YBL020W,YGL173C,0.041170138865709305
YBL020W,YDL225W,8.934734978538472e-07
YBL020W,YLR330W,3.529806669178015e-09
YBL020W,YBR129C,3.142997639926648e-09
YBL020W,YKR095W-A,0.2020167112350464
YBL020W,YPR075C,8.723554145717571e-08
YBL020W,YMR198W,0.00045011023757979274
YBL020W,YOR127W,5.0988323891942855e-06
YBL020W,YDR264C,1.286804689470955e-07
YBL020W,YLR110C,0.8639817833900452
YBL020W,YDR379W,4.790893513018091e-07
YBL020W,YDL100C,1.9139536622247988e-09
YBL020W,YHR073W,4.209453063896973e-10
YBL020W,YJR090C,8.95204211701639e-05
YBL020W,YOR208W,5.082916379461899e-11
YBL020W,YBR040W,1.8874721945394413e-06
YBL020W,YNL279W,1.8107821233570576e-05
YBL020W,YER075C,9.781588516943884e-08
YBL020W,YCR089W,1.0417199973744573e-06
YBL020W,YCR002C,0.031092915683984756
YBL020W,YJL108C,8.337621693499386e-05
YBL020W,YBR200W,1.5708290224125676e-10
YBL020W,YIL026C,8.326547451531496e-09
YBL020W,YJR076C,6.157809262496983e-10
YBL020W,YKR031C,7.941810764577895e-08
YBL020W,YPL192C,7.302621088456362e-05
YBL020W,YHR107C,2.134063652192708e-05
YBL020W,YIL037C,0.00010386302164988592
YBL020W,YPL156C,0.23991984128952026
YBL020W,YIL117C,3.002043891253692e-10
YBL020W,YHR066W,9.431201597465133e-09
YBL020W,YML085C,1.7030696852771143e-08
YBL020W,YML047C,9.487435818300582e-06
YBL020W,YDR312W,4.474568493506581e-10
YBL020W,YFL037W,8.800840611833394e-10
YBL020W,YDL038C,0.2020167112350464
YBL020W,YDL039C,2.1447978755442104e-13
YBL020W,YCL027W,4.875271297777317e-10
YBL020W,YML124C,2.310953721950098e-14
YBL020W,YGL053W,0.013965023681521416
YBL020W,YMR232W,1.1389556832386294e-11
YBL020W,YNL298W,9.633719603302504e-13
YBL020W,YGL099W,2.0651190108553034e-14
YBL020W,YBL016W,4.6396330333209335e-08
YBL020W,YAL041W,9.619475349609274e-08
YBL020W,YDR085C,0.00012438703561201692
YBL020W,YPL187W,0.6617537140846252
YBL020W,YPL256C,2.1191674717119247e-13
YBL020W,YDR461W,9.043844007017299e-10
YBL020W,YNL145W,8.110522031756773e-08
YDR086C,YDL165W,1.0030642272340629e-07
YDR086C,YGR059W,7.752705595553966e-12
YDR086C,YBR109C,0.00016504355880897492
YDR086C,YJL080C,1.4874609405524097e-05
YDR086C,YCR093W,1.1083935158584524e-10
YDR086C,YIL122W,1.5414098015753552e-05
YDR086C,YCL029C,7.282688777442204e-23
YDR086C,YNL173C,2.335120486730846e-13
YDR086C,YLR452C,3.680324708182914e-12
YDR086C,YDL160C,1.449979425416359e-08
YDR086C,YLR229C,9.92408821787194e-09
YDR086C,YML057W,3.004561932584693e-08
YDR086C,YER149C,9.263187439323417e-10
YDR086C,YMR305C,5.42212887921778e-08
YDR086C,YLR433C,3.562502293164016e-09
YDR086C,YJL073W,1.003766283247387e-05
YDR086C,YGR279C,0.0007943734526634216
YDR086C,YKL190W,0.0077421581372618675
YDR086C,YGL089C,1.4920627108949702e-05
YDR086C,YJL019W,5.206168612534312e-13
YDR086C,YJL018W,0.00021436670795083046
YDR086C,YNR032C-A,0.0001706165203358978
YDR086C,YGL178W,1.3368695312216845e-19
YDR086C,YKL116C,1.9270876561172656e-11
YDR086C,YDL214C,7.066095708552211e-09
YDR086C,YLR362W,6.473015332630894e-07
YDR086C,YER068W,0.006182187702506781
YDR086C,YHR084W,1.532024507255869e-11
YDR086C,YDR392W,1.2746692164000706e-06
YDR086C,YNL053W,8.263404183139755e-09
YDR086C,YGR040W,0.0859537273645401
YDR086C,YDL216C,1.7752230974110716e-07
YDR086C,YOL117W,3.93225927837193e-05
YDR086C,YJR086W,0.004002152010798454
YDR086C,YMR025W,7.563722874692758e-07
YDR086C,YBR081C,1.328224641383713e-07
YDR086C,YFL026W,0.976978063583374
YDR086C,YHL007C,0.00021201772324275225
YDR086C,YNR044W,3.422943706254955e-08
YDR086C,YNL271C,3.5693661568081403e-12
YDR086C,YDR200C,7.220838824650855e-07
YDR086C,YKL178C,7.482878459086351e-07
YDR086C,YOR212W,4.5171648539732434e-12
YDR086C,YOL111C,3.653519747479593e-14
YDR086C,YGL032C,8.326078021481109e-11
YDR086C,YHR005C,0.030154405161738396
YDR086C,YDR103W,0.02649986930191517
YDR086C,YJR084W,4.220993560011266e-06
YDR086C,YCL032W,3.4263987203075885e-08
YDR086C,YJL170C,0.9557694792747498
YDR086C,YDR179C,8.345734103798463e-10
YDR086C,YBR095C,6.461694734838375e-09
YDR086C,YLL021W,1.800608697521966e-05
YDR086C,YDL159W,7.454819097099663e-13
YDR086C,YNL161W,2.3556206087960163e-06
YDR086C,YNL188W,1.2071250239387155e-06
YDR086C,YJL157C,1.6558754367679285e-11
YDR086C,YJL034W,4.5044488972134644e-12
YDR086C,YLR238W,8.740875756529931e-08
YDR086C,YPR141C,5.625030649603069e-11
YDR086C,YNL127W,5.080951215319374e-10
YDR086C,YCL055W,0.7939547300338745
YDR086C,YPR122W,3.3871709690519447e-12
YDR086C,YMR065W,0.1716705560684204
YDR086C,YDR356W,2.3285514316739864e-07
YDR086C,YMR052W,1.0606798994672317e-08
YDR086C,YFR008W,1.1026116908396943e-06
YDR086C,YLL043W,0.0013072658330202103
YDR086C,YMR029C,1.1157434432742738e-13
YDR086C,YJR004C,2.0500819155223616e-16
YDR086C,YDL223C,5.491099833618798e-23
YDR086C,YHR158C,2.5459205517108785e-06
YDR086C,YGR238C,6.3168901533183774e-12
YDR086C,YIL015W,0.00032363913487643003
YDR086C,YGL173C,8.741413148882771e-11
YDR086C,YDL225W,1.1220129181310767e-06
YDR086C,YLR330W,1.22014768066947e-07
YDR086C,YBR129C,3.250197888604589e-09
YDR086C,YKR095W-A,0.2020167112350464
YDR086C,YPR075C,3.891039601999313e-16
YDR086C,YMR198W,1.0498057179120224e-07
YDR086C,YOR127W,1.2708662779914448e-06
YDR086C,YDR264C,3.3363628700044945e-12
YDR086C,YLR110C,1.7704263382200495e-15
YDR086C,YDR379W,0.0005022677942179143
YDR086C,YDL100C,1.814048573578475e-07
YDR086C,YHR073W,2.3083154832015396e-10
YDR086C,YJR090C,2.951428823561031e-10
YDR086C,YOR208W,4.90755212467775e-07
YDR086C,YBR040W,0.0007066833786666393
YDR086C,YNL279W,0.00019446757505647838
YDR086C,YER075C,0.00013084364763926715
YDR086C,YCR089W,7.732465340991614e-18
YDR086C,YCR002C,1.5040030852675468e-12
YDR086C,YJL108C,0.004638636950403452
YDR086C,YBR200W,1.1271505376189012e-13
YDR086C,YIL026C,1.5602177327878053e-09
YDR086C,YJR076C,5.931119630986359e-07
YDR086C,YKR031C,2.3194865624541483e-13
YDR086C,YPL192C,3.747438086065813e-06
YDR086C,YHR107C,1.6627922150291852e-06
YDR086C,YIL037C,1.1889786037500016e-05
YDR086C,YPL156C,0.15875749289989471
YDR086C,YIL117C,4.711592393498313e-15
YDR086C,YHR066W,3.7686073879605875e-12
YDR086C,YML085C,7.577105277576084e-15
YDR086C,YML047C,4.553876351565123e-06
YDR086C,YDR312W,2.537960245880145e-14
YDR086C,YFL037W,1.454143333523561e-10
YDR086C,YDL038C,0.2020167112350464
YDR086C,YDL039C,3.1089350928728554e-13
YDR086C,YCL027W,8.045995612121753e-15
YDR086C,YML124C,5.260763179248951e-12
YDR086C,YGL053W,3.1259492061508354e-07
YDR086C,YMR232W,9.035770744958427e-06
YDR086C,YNL298W,5.986646074707114e-12
YDR086C,YGL099W,6.958946747188984e-17
YDR086C,YBL016W,4.8979784672553706e-09
YDR086C,YAL041W,0.0009591335547156632
YDR086C,YDR085C,2.6554218948149355e-06
YDR086C,YPL187W,9.548682282911614e-05
YDR086C,YPL256C,1.8679461533110953e-08
YDR086C,YDR461W,4.6106371883070096e-05
YDR086C,YNL145W,1.6880603652680293e-05
YPR162C,YDL165W,6.328721013915128e-08
YPR162C,YGR059W,4.107860752944337e-12
YPR162C,YBR109C,7.708941120654345e-05
YPR162C,YJL080C,2.641369345468547e-09
YPR162C,YCR093W,0.0321461483836174
YPR162C,YIL122W,2.5196275621475195e-10
YPR162C,YCL029C,1.2187381095637995e-13
YPR162C,YNL173C,7.197430151872908e-12
YPR162C,YLR452C,1.0160535566683393e-05
YPR162C,YDL160C,5.885126483917702e-07
YPR162C,YLR229C,0.0004801612813025713
YPR162C,YML057W,5.19903130963284e-14
YPR162C,YER149C,8.336514412121687e-08
YPR162C,YMR305C,6.201967335073277e-05
YPR162C,YLR433C,6.770402904976436e-09
YPR162C,YJL073W,6.641804328744172e-10
YPR162C,YGR279C,1.8182507119490765e-05
YPR162C,YKL190W,9.330950706498697e-05
YPR162C,YGL089C,1.2713494470517617e-05
YPR162C,YJL019W,0.09627925604581833
YPR162C,YJL018W,0.00011403590178815648
YPR162C,YNR032C-A,0.026833508163690567
YPR162C,YGL178W,0.00013568875147029757
YPR162C,YKL116C,1.4358511192633268e-14
YPR162C,YDL214C,2.268176103825681e-05
YPR162C,YLR362W,1.0104860524717818e-11
YPR162C,YER068W,2.3628458131058627e-12
YPR162C,YHR084W,5.473688702295476e-08
YPR162C,YDR392W,3.9557018993718884e-08
YPR162C,YNL053W,7.467741160692432e-13
YPR162C,YGR040W,2.857435710268419e-08
YPR162C,YDL216C,0.00018089592049364
YPR162C,YOL117W,1.781163411207487e-11
YPR162C,YJR086W,7.190209760921107e-09
YPR162C,YMR025W,6.080016646592412e-06
YPR162C,YBR081C,0.0007234824588522315
YPR162C,YFL026W,2.3524187806045482e-11
YPR162C,YHL007C,2.356915683776606e-05
YPR162C,YNR044W,2.062310613837326e-06
YPR162C,YNL271C,8.832217304188816e-07
YPR162C,YDR200C,7.697077974988531e-10
YPR162C,YKL178C,0.002531101694330573
YPR162C,YOR212W,1.4722570718106454e-08
YPR162C,YOL111C,1.1235719993285542e-10
YPR162C,YGL032C,7.799684453857481e-07
YPR162C,YHR005C,3.7513114142795345e-11
YPR162C,YDR103W,2.154196637830239e-15
YPR162C,YJR084W,0.23498006165027618
YPR162C,YCL032W,3.30095453193735e-08
YPR162C,YJL170C,1.484413303387555e-07
YPR162C,YDR179C,0.06797823309898376
YPR162C,YBR095C,1.8438178983615217e-07
YPR162C,YLL021W,5.0177245611848775e-06
YPR162C,YDL159W,1.3458473676396872e-15
YPR162C,YNL161W,0.9915127158164978
YPR162C,YNL188W,2.804415866197729e-10
YPR162C,YJL157C,1.7222275346284732e-05
YPR162C,YJL034W,1.3820820602810966e-19
YPR162C,YLR238W,0.5825902819633484
YPR162C,YPR141C,0.0018234773306176066
YPR162C,YNL127W,2.4545201995351817e-06
YPR162C,YCL055W,5.1345519750611857e-05
YPR162C,YPR122W,0.0002653071715030819
YPR162C,YMR065W,0.0006951499381102622
YPR162C,YDR356W,6.47687192767421e-09
YPR162C,YMR052W,5.7409088185522705e-06
YPR162C,YFR008W,6.180804566074949e-13
YPR162C,YLL043W,6.141592479025348e-08
YPR162C,YMR029C,1.4362723277372424e-07
YPR162C,YJR004C,0.0008009811281226575
YPR162C,YDL223C,1.617718952502331e-13
YPR162C,YHR158C,0.0006769964238628745
YPR162C,YGR238C,5.1280357317343056e-17
YPR162C,YIL015W,1.11120783685692e-08
YPR162C,YGL173C,1.4174972307046119e-10
YPR162C,YDL225W,3.6515575008166934e-09
YPR162C,YLR330W,7.61496903578518e-06
YPR162C,YBR129C,1.0917481318983846e-07
YPR162C,YKR095W-A,0.2020167112350464
YPR162C,YPR075C,3.173606273776386e-06
YPR162C,YMR198W,0.0004958459176123142
YPR162C,YOR127W,8.303829872602364e-07
YPR162C,YDR264C,7.12719542671908e-13
YPR162C,YLR110C,0.005088962148874998
YPR162C,YDR379W,1.748383521293917e-10
YPR162C,YDL100C,2.2501321552542697e-12
YPR162C,YHR073W,5.5927434043515425e-15
YPR162C,YJR090C,9.748789153718462e-08
YPR162C,YOR208W,1.7170816634867747e-12
YPR162C,YBR040W,0.00010687798203434795
YPR162C,YNL279W,0.000641179271042347
YPR162C,YER075C,2.1227599756104554e-13
YPR162C,YCR089W,9.587106220010355e-09
YPR162C,YCR002C,0.49778056144714355
YPR162C,YJL108C,5.126503666019744e-08
YPR162C,YBR200W,1.053144016438523e-09
YPR162C,YIL026C,0.0013904585503041744
YPR162C,YJR076C,2.182253266980183e-10
YPR162C,YKR031C,4.454005306797626e-07
YPR162C,YPL192C,1.5597204765072092e-05
YPR162C,YHR107C,3.8771278923377395e-05
YPR162C,YIL037C,6.431090241676429e-06
YPR162C,YPL156C,7.003678206274344e-07
YPR162C,YIL117C,2.813364233418547e-13
YPR162C,YHR066W,5.8522036106012365e-09
YPR162C,YML085C,5.858668009750545e-05
YPR162C,YML047C,0.00033223602804355323
YPR162C,YDR312W,0.000911644718144089
YPR162C,YFL037W,1.581104025483171e-09
YPR162C,YDL038C,0.2020167112350464
YPR162C,YDL039C,2.402350409246612e-19
YPR162C,YCL027W,1.0761015118987416e-06
YPR162C,YML124C,2.2475789762665954e-07
YPR162C,YGL053W,0.19440315663814545
YPR162C,YMR232W,1.655904718900203e-10
YPR162C,YNL298W,2.426462231142068e-08
YPR162C,YGL099W,1.560872533445945e-06
YPR162C,YBL016W,1.0203925335908778e-15
YPR162C,YAL041W,0.465854674577713
YPR162C,YDR085C,1.3786077834865296e-10
YPR162C,YPL187W,4.281692440599727e-07
YPR162C,YPL256C,1.697545641381193e-13
YPR162C,YDR461W,6.627485452798121e-12
YPR162C,YNL145W,5.886004877941886e-11
YGL040C,YDL165W,3.003454147713913e-13
YGL040C,YGR059W,6.428083620946268e-10
YGL040C,YBR109C,2.806519887599279e-07
YGL040C,YJL080C,1.0488326651625357e-08
YGL040C,YCR093W,0.3223286271095276
YGL040C,YIL122W,1.8053692221742246e-11
YGL040C,YCL029C,1.11374340860948e-08
YGL040C,YNL173C,2.3557944928143115e-08
YGL040C,YLR452C,1.7534002136505855e-13
YGL040C,YDL160C,1.9152694221702404e-06
YGL040C,YLR229C,2.4608215909438513e-08
YGL040C,YML057W,1.084077692523576e-13
YGL040C,YER149C,7.595515882918846e-10
YGL040C,YMR305C,3.666635375041468e-15
YGL040C,YLR433C,3.266788390092392e-15
YGL040C,YJL073W,2.1259449756172444e-09
YGL040C,YGR279C,3.3773656614444203e-12
YGL040C,YKL190W,1.228949940923485e-06
YGL040C,YGL089C,0.00031974512967281044
YGL040C,YJL019W,4.261344292899594e-05
YGL040C,YJL018W,0.00036735887988470495
YGL040C,YNR032C-A,6.002011286909692e-05
YGL040C,YGL178W,2.468764819241187e-07
YGL040C,YKL116C,1.3170691204322793e-07
YGL040C,YDL214C,1.5741645256639458e-05
YGL040C,YLR362W,8.280442846154978e-13
YGL040C,YER068W,1.818487405103042e-08
YGL040C,YHR084W,1.2328335418256664e-17
YGL040C,YDR392W,8.232000081598301e-10
YGL040C,YNL053W,5.389762804952625e-07
YGL040C,YGR040W,3.0530493404512526e-06
YGL040C,YDL216C,5.096730329445798e-11
YGL040C,YOL117W,5.241841688863964e-16
YGL040C,YJR086W,9.232626815847134e-12
YGL040C,YMR025W,0.014234242960810661
YGL040C,YBR081C,2.8536374652166074e-13
YGL040C,YFL026W,6.453761678716641e-13
YGL040C,YHL007C,1.4162568340303494e-10
YGL040C,YNR044W,1.174497104390257e-13
YGL040C,YNL271C,0.0006701888632960618
YGL040C,YDR200C,1.5023982058437468e-11
YGL040C,YKL178C,2.8478850389035415e-09
YGL040C,YOR212W,2.332382065262095e-10
YGL040C,YOL111C,1.1592496962364862e-09
YGL040C,YGL032C,1.0592286596444733e-11
YGL040C,YHR005C,9.151605695478793e-09
YGL040C,YDR103W,1.7325653411948139e-10
YGL040C,YJR084W,8.400132355745882e-05
YGL040C,YCL032W,4.307991829932689e-08
YGL040C,YJL170C,3.567716703400947e-05
YGL040C,YDR179C,1.2668726311060308e-11
YGL040C,YBR095C,0.24929200112819672
YGL040C,YLL021W,7.722044870206446e-07
YGL040C,YDL159W,0.0001184067441499792
YGL040C,YNL161W,2.1876794820130385e-10
YGL040C,YNL188W,4.261456076903869e-09
YGL040C,YJL157C,6.636668672399537e-07
YGL040C,YJL034W,9.913186937993146e-10
YGL040C,YLR238W,3.599668950231543e-15
YGL040C,YPR141C,6.014842028889689e-07
YGL040C,YNL127W,3.45610928764728e-10
YGL040C,YCL055W,7.512976352153089e-12
YGL040C,YPR122W,8.706902560051688e-11
YGL040C,YMR065W,4.362523498002702e-08
YGL040C,YDR356W,9.139074973063543e-05
YGL040C,YMR052W,1.4355717677973223e-14
YGL040C,YFR008W,6.821418985225591e-10
YGL040C,YLL043W,7.899101910879835e-05
YGL040C,YMR029C,1.6990243523196114e-07
YGL040C,YJR004C,5.0954107198766113e-14
YGL040C,YDL223C,4.8554250252522705e-31
YGL040C,YHR158C,1.5893712770775892e-05
YGL040C,YGR238C,9.217513037562686e-12
YGL040C,YIL015W,1.182428373963651e-11
YGL040C,YGL173C,1.4786967028612708e-07
YGL040C,YDL225W,5.140598502428873e-10
YGL040C,YLR330W,7.125373967069304e-13
YGL040C,YBR129C,6.651273452007445e-07
YGL040C,YKR095W-A,0.2020167112350464
YGL040C,YPR075C,1.6221775984114062e-13
YGL040C,YMR198W,3.993360546752922e-13
YGL040C,YOR127W,0.00021547368669416755
YGL040C,YDR264C,1.3697893486153134e-08
YGL040C,YLR110C,1.1923627596388542e-07
YGL040C,YDR379W,2.62789654403503e-13
YGL040C,YDL100C,1.0288660114848858e-12
YGL040C,YHR073W,9.665297451277866e-10
YGL040C,YJR090C,1.8277533078616542e-13
YGL040C,YOR208W,6.131281246601894e-12
YGL040C,YBR040W,0.8674646019935608
YGL040C,YNL279W,2.7388653844884203e-11
YGL040C,YER075C,1.0864626916634893e-16
YGL040C,YCR089W,1.4326977293421805e-07
YGL040C,YCR002C,7.936053592061398e-09
YGL040C,YJL108C,3.482210217953252e-07
YGL040C,YBR200W,6.330881774374575e-07
YGL040C,YIL026C,1.0419360686741985e-11
YGL040C,YJR076C,3.1015808588108484e-08
YGL040C,YKR031C,1.1390730492166767e-07
YGL040C,YPL192C,1.2215667760911552e-15
YGL040C,YHR107C,2.2887602924015482e-08
YGL040C,YIL037C,3.830441241969851e-10
YGL040C,YPL156C,4.9504660787347277e-11
YGL040C,YIL117C,0.13687658309936523
YGL040C,YHR066W,6.883253103695481e-17
YGL040C,YML085C,1.191097354080739e-08
YGL040C,YML047C,3.6662047932622954e-05
YGL040C,YDR312W,4.5342982701868095e-09
YGL040C,YFL037W,0.19369006156921387
YGL040C,YDL038C,0.2020167112350464
YGL040C,YDL039C,1.592659337745772e-10
YGL040C,YCL027W,2.359634976301095e-08
YGL040C,YML124C,2.840766455847188e-06
YGL040C,YGL053W,1.6434201005263716e-13
YGL040C,YMR232W,5.75712567896236e-12
YGL040C,YNL298W,1.2031880700091868e-11
YGL040C,YGL099W,7.423199555045557e-11
YGL040C,YBL016W,9.759557997313095e-07
YGL040C,YAL041W,0.0015431151259690523
YGL040C,YDR085C,3.2736282573608833e-09
YGL040C,YPL187W,3.914040917152306e-06
YGL040C,YPL256C,3.0905720205254283e-09
YGL040C,YDR461W,2.186403727337527e-13
YGL040C,YNL145W,3.1017730051097203e-10
YOL004W,YDL165W,6.633209068240831e-06
YOL004W,YGR059W,3.495073327974829e-11
YOL004W,YBR109C,3.0265605577284305e-09
YOL004W,YJL080C,4.110823283554055e-06
YOL004W,YCR093W,1.8067838027491234e-05
YOL004W,YIL122W,2.73866902489317e-07
YOL004W,YCL029C,0.0
YOL004W,YNL173C,3.094948226589622e-07
YOL004W,YLR452C,6.820078851887956e-06
YOL004W,YDL160C,1.5397056358779082e-06
YOL004W,YLR229C,1.4397056680506837e-12
YOL004W,YML057W,5.5613904592632935e-09
YOL004W,YER149C,1.5679663192713633e-05
YOL004W,YMR305C,2.424137892376166e-05
YOL004W,YLR433C,2.2852999492783965e-09
YOL004W,YJL073W,1.963013085415355e-11
YOL004W,YGR279C,0.02101798541843891
YOL004W,YKL190W,7.110042670724001e-14
YOL004W,YGL089C,0.0001421096530975774
YOL004W,YJL019W,6.260856025619432e-05
YOL004W,YJL018W,0.0002796768967527896
YOL004W,YNR032C-A,0.03698571398854256
YOL004W,YGL178W,3.928812930098502e-06
YOL004W,YKL116C,3.0394638195208046e-11
YOL004W,YDL214C,5.30801662534941e-06
YOL004W,YLR362W,1.1761119189657165e-08
YOL004W,YER068W,4.244145453916742e-13
YOL004W,YHR084W,0.013544228859245777
YOL004W,YDR392W,1.5116323748287641e-09
YOL004W,YNL053W,0.9449822902679443
YOL004W,YGR040W,0.00022101310605648905
YOL004W,YDL216C,1.3953726352156082e-07
YOL004W,YOL117W,0.00925498828291893
YOL004W,YJR086W,0.5966658592224121
YOL004W,YMR025W,3.903413425820901e-10
YOL004W,YBR081C,0.012396324425935745
YOL004W,YFL026W,0.2532498836517334
YOL004W,YHL007C,0.8163944482803345
YOL004W,YNR044W,1.8084558178088628e-05
YOL004W,YNL271C,0.00023694318952038884
YOL004W,YDR200C,0.00011533542419783771
YOL004W,YKL178C,0.0022186781279742718
YOL004W,YOR212W,5.574444799094636e-07
YOL004W,YOL111C,5.388806556538839e-08
YOL004W,YGL032C,1.3063835568871696e-09
YOL004W,YHR005C,2.397775062945584e-07
YOL004W,YDR103W,5.463024308483e-07
YOL004W,YJR084W,4.18221861764323e-06
YOL004W,YCL032W,5.6164393754443154e-05
YOL004W,YJL170C,2.9523923217311676e-07
YOL004W,YDR179C,7.57284013275239e-08
YOL004W,YBR095C,1.0679864111129422e-11
YOL004W,YLL021W,1.942129443932572e-07
YOL004W,YDL159W,1.7293579901433986e-08
YOL004W,YNL161W,0.9999994039535522
YOL004W,YNL188W,0.001915536355227232
YOL004W,YJL157C,9.865516403806396e-07
YOL004W,YJL034W,9.428791969412487e-09
YOL004W,YLR238W,4.256693500792608e-05
YOL004W,YPR141C,1.2728106639769976e-06
YOL004W,YNL127W,0.003480456070974469
YOL004W,YCL055W,8.322604827526447e-10
YOL004W,YPR122W,6.786149875544212e-13
YOL004W,YMR065W,2.719395908457045e-08
YOL004W,YDR356W,0.008785359561443329
YOL004W,YMR052W,1.3403257392852197e-09
YOL004W,YFR008W,7.675615143476477e-10
YOL004W,YLL043W,3.060871733850945e-08
YOL004W,YMR029C,4.0731112704861516e-08
YOL004W,YJR004C,1.1536261013134208e-07
YOL004W,YDL223C,7.746464602588488e-13
YOL004W,YHR158C,0.3668648600578308
YOL004W,YGR238C,1.296094751523924e-07
YOL004W,YIL015W,2.3924050651658035e-07
YOL004W,YGL173C,0.0012496992712840438
YOL004W,YDL225W,8.815953123075815e-08
YOL004W,YLR330W,7.51752718235188e-14
YOL004W,YBR129C,1.9875537873303983e-06
YOL004W,YKR095W-A,0.2020167112350464
YOL004W,YPR075C,2.987595237868845e-08
YOL004W,YMR198W,7.82392526161857e-05
YOL004W,YOR127W,3.2634638955642004e-06
YOL004W,YDR264C,1.5129700270399837e-10
YOL004W,YLR110C,0.9845704436302185
YOL004W,YDR379W,3.5046952007178334e-07
YOL004W,YDL100C,0.00038142717676237226
YOL004W,YHR073W,4.4216204742042464e-07
YOL004W,YJR090C,0.5114491581916809
YOL004W,YOR208W,2.7104995581339608e-08
YOL004W,YBR040W,7.503088272642344e-05
YOL004W,YNL279W,0.9750694036483765
YOL004W,YER075C,3.141497895153833e-10
YOL004W,YCR089W,1.224772453595202e-11
YOL004W,YCR002C,1.9298332176731492e-07
YOL004W,YJL108C,5.890983061362931e-07
YOL004W,YBR200W,3.0913996304515485e-15
YOL004W,YIL026C,0.878935694694519
YOL004W,YJR076C,3.124661702713638e-07
YOL004W,YKR031C,0.008934407494962215
YOL004W,YPL192C,3.653457814056793e-10
YOL004W,YHR107C,1.5055019275678205e-07
YOL004W,YIL037C,1.2159426798774575e-09
YOL004W,YPL156C,8.658968727104366e-05
YOL004W,YIL117C,0.8641050457954407
YOL004W,YHR066W,4.642164257162573e-12
YOL004W,YML085C,2.517499264609313e-10
YOL004W,YML047C,0.9951969981193542
YOL004W,YDR312W,9.653410870669177e-07
YOL004W,YFL037W,4.9379664801563194e-09
YOL004W,YDL038C,0.2020167112350464
YOL004W,YDL039C,1.0126399652794593e-17
YOL004W,YCL027W,8.99279939403641e-08
YOL004W,YML124C,4.40663738138225e-12
YOL004W,YGL053W,9.321983043264481e-07
YOL004W,YMR232W,0.08368007093667984
YOL004W,YNL298W,0.000819158973172307
YOL004W,YGL099W,0.0019055461743846536
YOL004W,YBL016W,9.962362128135283e-06
YOL004W,YAL041W,0.0002657071454450488
YOL004W,YDR085C,1.0267846306533102e-07
YOL004W,YPL187W,0.0003457214043010026
YOL004W,YPL256C,8.923912901082076e-06
YOL004W,YDR461W,2.6946261755256273e-07
YOL004W,YNL145W,0.08906346559524536
YPL023C,YDL165W,8.792575745787613e-16
YPL023C,YGR059W,4.372021976450924e-06
YPL023C,YBR109C,9.48532764703079e-19
YPL023C,YJL080C,2.1903642788423383e-10
YPL023C,YCR093W,2.9112772608641535e-05
YPL023C,YIL122W,1.9227229468396674e-14
YPL023C,YCL029C,7.179225103130533e-15
YPL023C,YNL173C,2.9994011718770253e-09
YPL023C,YLR452C,3.086362028170697e-07
YPL023C,YDL160C,1.2371166349112173e-06
YPL023C,YLR229C,2.7824664387367303e-16
YPL023C,YML057W,7.012667763107647e-14
YPL023C,YER149C,2.194174619774003e-09
YPL023C,YMR305C,6.0604529749687386e-15
YPL023C,YLR433C,7.725198813979262e-10
YPL023C,YJL073W,5.366574407084101e-10
YPL023C,YGR279C,3.8119548406712056e-08
YPL023C,YKL190W,8.402202544832704e-12
YPL023C,YGL089C,3.147351546051169e-10
YPL023C,YJL019W,1.8395528156300855e-10
YPL023C,YJL018W,0.07789524644613266
YPL023C,YNR032C-A,0.7999283075332642
YPL023C,YGL178W,2.8827704667833132e-08
YPL023C,YKL116C,9.908382708090357e-06
YPL023C,YDL214C,3.4115099634135504e-09
YPL023C,YLR362W,1.7022161102886457e-07
YPL023C,YER068W,4.992038520867936e-05
YPL023C,YHR084W,0.00015760643873363733
YPL023C,YDR392W,3.706726602104027e-06
YPL023C,YNL053W,3.2831288990564644e-05
YPL023C,YGR040W,1.1756498885517885e-08
YPL023C,YDL216C,8.818105015961919e-06
YPL023C,YOL117W,1.8077017171298695e-15
YPL023C,YJR086W,1.6000445230214247e-23
YPL023C,YMR025W,2.940346094711687e-19
YPL023C,YBR081C,2.5862911456897564e-07
YPL023C,YFL026W,1.8423813585854987e-08
YPL023C,YHL007C,2.8985755307076033e-07
YPL023C,YNR044W,1.540007410483213e-08
YPL023C,YNL271C,0.44140690565109253
YPL023C,YDR200C,5.862148668711598e-07
YPL023C,YKL178C,5.744837108068168e-05
YPL023C,YOR212W,2.4807438479194747e-14
YPL023C,YOL111C,0.0006845564930699766
YPL023C,YGL032C,1.718040607556759e-07
YPL023C,YHR005C,5.4010971178375736e-14
YPL023C,YDR103W,2.810965816024691e-05
YPL023C,YJR084W,1.468528354475751e-10
YPL023C,YCL032W,4.6663011996073145e-12
YPL023C,YJL170C,1.1514415113110348e-14
YPL023C,YDR179C,1.1996106330514067e-08
YPL023C,YBR095C,4.4825938516623864e-08
YPL023C,YLL021W,1.4339279763575519e-09
YPL023C,YDL159W,6.816820530275436e-08
YPL023C,YNL161W,1.1900554142130204e-07
YPL023C,YNL188W,1.972336599598279e-10
YPL023C,YJL157C,0.007619764190167189
YPL023C,YJL034W,1.6699041556110799e-18
YPL023C,YLR238W,5.418225479283771e-14
YPL023C,YPR141C,5.06337664774037e-06
YPL023C,YNL127W,2.2608550352742895e-05
YPL023C,YCL055W,1.039370187139177e-10
YPL023C,YPR122W,4.247717697580811e-06
YPL023C,YMR065W,1.3004211041334202e-06
YPL023C,YDR356W,0.0005008497973904014
YPL023C,YMR052W,1.3232928919575549e-14
YPL023C,YFR008W,1.1693561674519515e-09
YPL023C,YLL043W,9.504264930626505e-09
YPL023C,YMR029C,1.6849138750885118e-09
YPL023C,YJR004C,1.2862795273349548e-09
YPL023C,YDL223C,2.3808485090652705e-14
YPL023C,YHR158C,2.8028200205199028e-08
YPL023C,YGR238C,0.005190333351492882
YPL023C,YIL015W,7.589326287416043e-06
YPL023C,YGL173C,3.299317796745527e-08
YPL023C,YDL225W,5.6034933637594264e-12
YPL023C,YLR330W,1.7894312520638778e-07
YPL023C,YBR129C,1.5933627750541746e-08
YPL023C,YKR095W-A,0.2020167112350464
YPL023C,YPR075C,3.85728046725653e-11
YPL023C,YMR198W,5.765133703761194e-09
YPL023C,YOR127W,1.9555868675524835e-06
YPL023C,YDR264C,6.9108104980841745e-06
YPL023C,YLR110C,3.559971761823988e-11
YPL023C,YDR379W,3.525942315896202e-10
YPL023C,YDL100C,3.9158862030170456e-19
YPL023C,YHR073W,2.35333709497354e-06
YPL023C,YJR090C,0.00013125213445164263
YPL023C,YOR208W,8.326400853752344e-21
YPL023C,YBR040W,6.545770884258673e-05
YPL023C,YNL279W,1.665005378015394e-08
YPL023C,YER075C,8.212934332618715e-09
YPL023C,YCR089W,2.261400140923797e-06
YPL023C,YCR002C,7.721052096287817e-12
YPL023C,YJL108C,2.98855483817171e-14
YPL023C,YBR200W,1.1815441958162864e-08
YPL023C,YIL026C,1.1343308869982138e-06
YPL023C,YJR076C,4.419999898507701e-18
YPL023C,YKR031C,3.325309094748263e-08
YPL023C,YPL192C,6.398572210269959e-12
YPL023C,YHR107C,1.062898991044392e-09
YPL023C,YIL037C,3.5460152592037275e-09
YPL023C,YPL156C,9.281681673245501e-11
YPL023C,YIL117C,1.2896622658686852e-09
YPL023C,YHR066W,1.7259654145677712e-25
YPL023C,YML085C,1.7428836127196427e-17
YPL023C,YML047C,3.3423567913359875e-08
YPL023C,YDR312W,4.2655378469820537e-13
YPL023C,YFL037W,6.097854773545936e-16
YPL023C,YDL038C,0.2020167112350464
YPL023C,YDL039C,4.941797669744119e-05
YPL023C,YCL027W,3.999760245232409e-11
YPL023C,YML124C,9.446998271275733e-15
YPL023C,YGL053W,1.9501407867023035e-12
YPL023C,YMR232W,8.796735073701711e-07
YPL023C,YNL298W,1.6792253632047505e-07
YPL023C,YGL099W,1.4652889361935206e-13
YPL023C,YBL016W,5.4418484069174156e-05
YPL023C,YAL041W,3.5674241871674894e-07
YPL023C,YDR085C,4.32545055328859e-10
YPL023C,YPL187W,3.5578228562371805e-05
YPL023C,YPL256C,6.118843588234408e-18
YPL023C,YDR461W,5.1480139595661e-11
YPL023C,YNL145W,2.268802101417877e-15
YOL013C,YDL165W,3.1917561926775306e-09
YOL013C,YGR059W,2.1674584331776714e-06
YOL013C,YBR109C,8.518623508280143e-05
YOL013C,YJL080C,5.658009740727721e-06
YOL013C,YCR093W,0.01796516589820385
YOL013C,YIL122W,7.694927626289427e-05
YOL013C,YCL029C,2.0320487100714685e-13
YOL013C,YNL173C,0.0017612130613997579
YOL013C,YLR452C,0.000815575011074543
YOL013C,YDL160C,0.0034711044281721115
YOL013C,YLR229C,8.525911709966749e-08
YOL013C,YML057W,8.689726627153505e-08
YOL013C,YER149C,0.0001782930630724877
YOL013C,YMR305C,1.5711802518747486e-13
YOL013C,YLR433C,1.4282108481977751e-11
YOL013C,YJL073W,1.2328144061157786e-10
YOL013C,YGR279C,8.492834524531645e-08
YOL013C,YKL190W,3.1612004816128705e-14
YOL013C,YGL089C,4.134630415819629e-10
YOL013C,YJL019W,1.1836446134338985e-07
YOL013C,YJL018W,0.0004140258824918419
YOL013C,YNR032C-A,0.003194041782990098
YOL013C,YGL178W,3.852588633890264e-05
YOL013C,YKL116C,5.835019237565575e-06
YOL013C,YDL214C,1.3636619611290257e-10
YOL013C,YLR362W,3.3449125691475956e-09
YOL013C,YER068W,3.431358345551416e-05
YOL013C,YHR084W,1.083186361938715e-06
YOL013C,YDR392W,1.494431578485944e-09
YOL013C,YNL053W,0.000634544703643769
YOL013C,YGR040W,4.632874528454067e-09
YOL013C,YDL216C,4.605803042068146e-05
YOL013C,YOL117W,1.0542437148958195e-12
YOL013C,YJR086W,2.3583464781040675e-07
YOL013C,YMR025W,0.00018161263142246753
YOL013C,YBR081C,1.3170557394914795e-05
YOL013C,YFL026W,0.9809545278549194
YOL013C,YHL007C,0.010629459284245968
YOL013C,YNR044W,0.3084440231323242
YOL013C,YNL271C,4.450268764610854e-10
YOL013C,YDR200C,0.0019524011295288801
YOL013C,YKL178C,6.422133083106019e-07
YOL013C,YOR212W,0.006375893019139767
YOL013C,YOL111C,9.786258683573603e-15
YOL013C,YGL032C,1.964519924513297e-06
YOL013C,YHR005C,2.719062194955768e-06
YOL013C,YDR103W,1.6733023358028731e-06
YOL013C,YJR084W,9.419111324238116e-11
YOL013C,YCL032W,1.2974106164409527e-11
YOL013C,YJL170C,1.7701626347843558e-05
YOL013C,YDR179C,4.872156213089722e-14
YOL013C,YBR095C,5.088578430151314e-12
YOL013C,YLL021W,8.81570088040462e-08
YOL013C,YDL159W,1.6419617401841613e-11
YOL013C,YNL161W,5.0271850341232494e-05
YOL013C,YNL188W,5.669399949503884e-10
YOL013C,YJL157C,2.7267230695571243e-09
YOL013C,YJL034W,5.39142993081056e-15
YOL013C,YLR238W,3.066177356458866e-08
YOL013C,YPR141C,5.169069339228116e-11
YOL013C,YNL127W,5.955807375057631e-11
YOL013C,YCL055W,3.141422348562628e-05
YOL013C,YPR122W,2.5486446720429656e-12
YOL013C,YMR065W,7.631297194166109e-06
YOL013C,YDR356W,2.174721042353181e-13
YOL013C,YMR052W,9.395966458214389e-07
YOL013C,YFR008W,7.95827218098566e-05
YOL013C,YLL043W,2.2942618915777757e-09
YOL013C,YMR029C,0.15608197450637817
YOL013C,YJR004C,1.613027578173387e-08
YOL013C,YDL223C,3.5087604615411175e-14
YOL013C,YHR158C,1.0603136207584796e-12
YOL013C,YGR238C,1.667522240081376e-12
YOL013C,YIL015W,3.803059144047438e-06
YOL013C,YGL173C,9.270402188121807e-06
YOL013C,YDL225W,1.5035255273687653e-05
YOL013C,YLR330W,0.0016860290197655559
YOL013C,YBR129C,1.0700958227971569e-05
YOL013C,YKR095W-A,0.2020167112350464
YOL013C,YPR075C,1.0013705142863927e-11
YOL013C,YMR198W,0.01271385233849287
YOL013C,YOR127W,2.779018359433394e-05
YOL013C,YDR264C,3.6977721151743026e-07
YOL013C,YLR110C,1.4857844121696218e-11
YOL013C,YDR379W,4.774225015324873e-09
YOL013C,YDL100C,2.512410617327987e-07
YOL013C,YHR073W,0.0014311021659523249
YOL013C,YJR090C,1.2619108247236e-07
YOL013C,YOR208W,2.8369175897324794e-09
YOL013C,YBR040W,0.00043364183511584997
YOL013C,YNL279W,5.334478414553701e-10
YOL013C,YER075C,8.853892359184101e-05
YOL013C,YCR089W,0.0064454940147697926
YOL013C,YCR002C,1.1737782187992707e-05
YOL013C,YJL108C,1.7678798702736032e-10
YOL013C,YBR200W,1.278422473660612e-06
YOL013C,YIL026C,0.00025792597443796694
YOL013C,YJR076C,7.91555443413472e-09
YOL013C,YKR031C,6.065526122256415e-06
YOL013C,YPL192C,6.479132009552802e-13
YOL013C,YHR107C,3.4971964169017156e-07
YOL013C,YIL037C,0.0004769178049173206
YOL013C,YPL156C,0.0014329459518194199
YOL013C,YIL117C,1.0652648825271172e-06
YOL013C,YHR066W,8.276804853096736e-22
YOL013C,YML085C,6.408936314983293e-07
YOL013C,YML047C,5.185484610592539e-07
YOL013C,YDR312W,0.8329089283943176
YOL013C,YFL037W,0.008157610893249512
YOL013C,YDL038C,0.2020167112350464
YOL013C,YDL039C,1.3959027531879005e-16
YOL013C,YCL027W,8.270045509561896e-05
YOL013C,YML124C,4.238556172708741e-09
YOL013C,YGL053W,8.805033785419525e-11
YOL013C,YMR232W,2.667696890057414e-06
YOL013C,YNL298W,0.003154756035655737
YOL013C,YGL099W,8.158455329495759e-14
YOL013C,YBL016W,1.154441653383742e-09
YOL013C,YAL041W,0.016398033127188683
YOL013C,YDR085C,9.098213382685572e-08
YOL013C,YPL187W,0.16815760731697083
YOL013C,YPL256C,8.89257023573009e-09
YOL013C,YDR461W,2.456346215838623e-13
YOL013C,YNL145W,2.0515667529252823e-06
YDR135C,YDL165W,9.888056595741546e-09
YDR135C,YGR059W,3.644024459958928e-08
YDR135C,YBR109C,1.0235502724182419e-15
YDR135C,YJL080C,0.00829155184328556
YDR135C,YCR093W,0.0037269066087901592
YDR135C,YIL122W,0.06607379764318466
YDR135C,YCL029C,5.035947481246694e-08
YDR135C,YNL173C,0.00025253609055653214
YDR135C,YLR452C,0.0003216272161807865
YDR135C,YDL160C,9.588481475475419e-08
YDR135C,YLR229C,3.490313235914727e-13
YDR135C,YML057W,1.5784704654464576e-09
YDR135C,YER149C,8.917973559618986e-07
YDR135C,YMR305C,1.128211657430711e-08
YDR135C,YLR433C,5.173288641913132e-08
YDR135C,YJL073W,5.884194251848385e-06
YDR135C,YGR279C,6.325130925688427e-07
YDR135C,YKL190W,1.2363737589282664e-08
YDR135C,YGL089C,3.0544315965386204e-09
YDR135C,YJL019W,8.10221862934668e-08
YDR135C,YJL018W,0.2020167112350464
YDR135C,YNR032C-A,0.9956188797950745
YDR135C,YGL178W,2.6140411137021147e-05
YDR135C,YKL116C,1.106358354263648e-06
YDR135C,YDL214C,1.6757842047354643e-07
YDR135C,YLR362W,1.9848887404805282e-06
YDR135C,YER068W,0.0008326072129420936
YDR135C,YHR084W,0.0013358485884964466
YDR135C,YDR392W,1.2253196928213583e-06
YDR135C,YNL053W,1.2120948689187117e-08
YDR135C,YGR040W,1.822695949726949e-08
YDR135C,YDL216C,2.4496340955693086e-08
YDR135C,YOL117W,0.04193863645195961
YDR135C,YJR086W,2.643905710683625e-12
YDR135C,YMR025W,7.40413524908945e-05
YDR135C,YBR081C,0.0001828156237024814
YDR135C,YFL026W,0.04823237285017967
YDR135C,YHL007C,1.0487054974417376e-10
YDR135C,YNR044W,0.000353383511537686
YDR135C,YNL271C,0.03723538666963577
YDR135C,YDR200C,6.823214789619669e-05
YDR135C,YKL178C,1.505853788330569e-07
YDR135C,YOR212W,0.0009331488399766386
YDR135C,YOL111C,1.3207955618099732e-08
YDR135C,YGL032C,1.0221230013485183e-06
YDR135C,YHR005C,2.400498466670342e-09
YDR135C,YDR103W,2.0277756362929722e-08
YDR135C,YJR084W,3.7199035318735696e-07
YDR135C,YCL032W,1.696419894869905e-05
YDR135C,YJL170C,0.00018357211956754327
YDR135C,YDR179C,3.500223375030309e-11
YDR135C,YBR095C,2.327110593114412e-07
YDR135C,YLL021W,0.049670856446027756
YDR135C,YDL159W,0.1883031129837036
YDR135C,YNL161W,5.3347275041915054e-08
YDR135C,YNL188W,0.008628757670521736
YDR135C,YJL157C,0.11155641824007034
YDR135C,YJL034W,5.011605822176357e-13
YDR135C,YLR238W,0.00022203242406249046
YDR135C,YPR141C,0.9969788789749146
YDR135C,YNL127W,2.4527942514396273e-05
YDR135C,YCL055W,2.7577595697499124e-13
YDR135C,YPR122W,0.00025304005248472095
YDR135C,YMR065W,2.9305911031229925e-09
YDR135C,YDR356W,3.861231689938904e-08
YDR135C,YMR052W,2.7983146537735593e-06
YDR135C,YFR008W,4.6896747107894043e-07
YDR135C,YLL043W,3.18501641727309e-10
YDR135C,YMR029C,1.4589280894483636e-09
YDR135C,YJR004C,5.011044379443774e-08
YDR135C,YDL223C,4.9943063018531575e-09
YDR135C,YHR158C,0.5152132511138916
YDR135C,YGR238C,0.0011815227335318923
YDR135C,YIL015W,0.9612461924552917
YDR135C,YGL173C,7.999051421236913e-11
YDR135C,YDL225W,0.42308756709098816
YDR135C,YLR330W,4.73962466496225e-11
YDR135C,YBR129C,0.00013698409020435065
YDR135C,YKR095W-A,0.2020167112350464
YDR135C,YPR075C,1.2146380186095485e-06
YDR135C,YMR198W,2.4076742192846723e-05
YDR135C,YOR127W,1.3193293568747322e-07
YDR135C,YDR264C,0.006333241704851389
YDR135C,YLR110C,2.738185457928921e-06
YDR135C,YDR379W,7.037769034212715e-09
YDR135C,YDL100C,1.4220317631763457e-12
YDR135C,YHR073W,1.1572529956538347e-06
YDR135C,YJR090C,1.4781266145291738e-05
YDR135C,YOR208W,1.0036843178795607e-07
YDR135C,YBR040W,0.6123946309089661
YDR135C,YNL279W,9.016269177664071e-05
YDR135C,YER075C,5.715680799767142e-06
YDR135C,YCR089W,7.849548233629378e-10
YDR135C,YCR002C,0.001448355382308364
YDR135C,YJL108C,3.871921762765851e-06
YDR135C,YBR200W,1.0520843751748998e-08
YDR135C,YIL026C,0.0025458845775574446
YDR135C,YJR076C,7.497090448449484e-11
YDR135C,YKR031C,9.30056387460354e-09
YDR135C,YPL192C,1.7855029000202194e-05
YDR135C,YHR107C,2.5138487558251654e-07
YDR135C,YIL037C,4.668391451190246e-09
YDR135C,YPL156C,3.0076892016950296e-06
YDR135C,YIL117C,4.807488949154504e-06
YDR135C,YHR066W,5.028705345466733e-07
YDR135C,YML085C,2.518840176435333e-07
YDR135C,YML047C,4.358693695394322e-05
YDR135C,YDR312W,5.764741217717528e-06
YDR135C,YFL037W,1.0007515811594203e-06
YDR135C,YDL038C,0.2020167112350464
YDR135C,YDL039C,1.07908855462302e-11
YDR135C,YCL027W,7.00831492395082e-07
YDR135C,YML124C,1.2005844929330323e-10
YDR135C,YGL053W,0.0006465556798502803
YDR135C,YMR232W,1.746711006944679e-07
YDR135C,YNL298W,3.670592746852358e-13
YDR135C,YGL099W,5.521785169548821e-06
YDR135C,YBL016W,6.727314560452113e-14
YDR135C,YAL041W,9.45695774134947e-06
YDR135C,YDR085C,7.66012235544622e-05
YDR135C,YPL187W,8.96555661711318e-07
YDR135C,YPL256C,4.957224630786072e-10
YDR135C,YDR461W,1.7909411326400004e-05
YDR135C,YNL145W,5.139814334143011e-07
PFK4,YDL165W,0.2020167112350464
PFK4,YGR059W,0.2020167112350464
PFK4,YBR109C,0.2020167112350464
PFK4,YJL080C,0.2020167112350464
PFK4,YCR093W,0.2020167112350464
PFK4,YIL122W,0.2020167112350464
PFK4,YCL029C,0.2020167112350464
PFK4,YNL173C,0.2020167112350464
PFK4,YLR452C,0.2020167112350464
PFK4,YDL160C,0.2020167112350464
PFK4,YLR229C,0.2020167112350464
PFK4,YML057W,0.2020167112350464
PFK4,YER149C,0.2020167112350464
PFK4,YMR305C,0.2020167112350464
PFK4,YLR433C,0.2020167112350464
PFK4,YJL073W,0.2020167112350464
PFK4,YGR279C,0.2020167112350464
PFK4,YKL190W,0.2020167112350464
PFK4,YGL089C,0.2020167112350464
PFK4,YJL019W,0.2020167112350464
PFK4,YJL018W,0.2020167112350464
PFK4,YNR032C-A,0.2020167112350464
PFK4,YGL178W,0.2020167112350464
PFK4,YKL116C,0.2020167112350464
PFK4,YDL214C,0.2020167112350464
PFK4,YLR362W,0.2020167112350464
PFK4,YER068W,0.2020167112350464
PFK4,YHR084W,0.2020167112350464
PFK4,YDR392W,0.2020167112350464
PFK4,YNL053W,0.2020167112350464
PFK4,YGR040W,0.2020167112350464
PFK4,YDL216C,0.2020167112350464
PFK4,YOL117W,0.2020167112350464
PFK4,YJR086W,0.2020167112350464
PFK4,YMR025W,0.2020167112350464
PFK4,YBR081C,0.2020167112350464
PFK4,YFL026W,0.2020167112350464
PFK4,YHL007C,0.2020167112350464
PFK4,YNR044W,0.2020167112350464
PFK4,YNL271C,0.2020167112350464
PFK4,YDR200C,0.2020167112350464
PFK4,YKL178C,0.2020167112350464
PFK4,YOR212W,0.2020167112350464
PFK4,YOL111C,0.2020167112350464
PFK4,YGL032C,0.2020167112350464
PFK4,YHR005C,0.2020167112350464
PFK4,YDR103W,0.2020167112350464
PFK4,YJR084W,0.2020167112350464
PFK4,YCL032W,0.2020167112350464
PFK4,YJL170C,0.2020167112350464
PFK4,YDR179C,0.2020167112350464
PFK4,YBR095C,0.2020167112350464
PFK4,YLL021W,0.2020167112350464
PFK4,YDL159W,0.2020167112350464
PFK4,YNL161W,0.2020167112350464
PFK4,YNL188W,0.2020167112350464
PFK4,YJL157C,0.2020167112350464
PFK4,YJL034W,0.2020167112350464
PFK4,YLR238W,0.2020167112350464
PFK4,YPR141C,0.2020167112350464
PFK4,YNL127W,0.2020167112350464
PFK4,YCL055W,0.2020167112350464
PFK4,YPR122W,0.2020167112350464
PFK4,YMR065W,0.2020167112350464
PFK4,YDR356W,0.2020167112350464
PFK4,YMR052W,0.2020167112350464
PFK4,YFR008W,0.2020167112350464
PFK4,YLL043W,0.2020167112350464
PFK4,YMR029C,0.2020167112350464
PFK4,YJR004C,0.2020167112350464
PFK4,YDL223C,0.2020167112350464
PFK4,YHR158C,0.2020167112350464
PFK4,YGR238C,0.2020167112350464
PFK4,YIL015W,0.2020167112350464
PFK4,YGL173C,0.2020167112350464
PFK4,YDL225W,0.2020167112350464
PFK4,YLR330W,0.2020167112350464
PFK4,YBR129C,0.2020167112350464
PFK4,YKR095W-A,0.2020167112350464
PFK4,YPR075C,0.2020167112350464
PFK4,YMR198W,0.2020167112350464
PFK4,YOR127W,0.2020167112350464
PFK4,YDR264C,0.2020167112350464
PFK4,YLR110C,0.2020167112350464
PFK4,YDR379W,0.2020167112350464
PFK4,YDL100C,0.2020167112350464
PFK4,YHR073W,0.2020167112350464
PFK4,YJR090C,0.2020167112350464
PFK4,YOR208W,0.2020167112350464
PFK4,YBR040W,0.2020167112350464
PFK4,YNL279W,0.2020167112350464
PFK4,YER075C,0.2020167112350464
PFK4,YCR089W,0.2020167112350464
PFK4,YCR002C,0.2020167112350464
PFK4,YJL108C,0.2020167112350464
PFK4,YBR200W,0.2020167112350464
PFK4,YIL026C,0.2020167112350464
PFK4,YJR076C,0.2020167112350464
PFK4,YKR031C,0.2020167112350464
PFK4,YPL192C,0.2020167112350464
PFK4,YHR107C,0.2020167112350464
PFK4,YIL037C,0.2020167112350464
PFK4,YPL156C,0.2020167112350464
PFK4,YIL117C,0.2020167112350464
PFK4,YHR066W,0.2020167112350464
PFK4,YML085C,0.2020167112350464
PFK4,YML047C,0.2020167112350464
PFK4,YDR312W,0.2020167112350464
PFK4,YFL037W,0.2020167112350464
PFK4,YDL038C,0.2020167112350464
PFK4,YDL039C,0.2020167112350464
PFK4,YCL027W,0.2020167112350464
PFK4,YML124C,0.2020167112350464
PFK4,YGL053W,0.2020167112350464
PFK4,YMR232W,0.2020167112350464
PFK4,YNL298W,0.2020167112350464
PFK4,YGL099W,0.2020167112350464
PFK4,YBL016W,0.2020167112350464
PFK4,YAL041W,0.2020167112350464
PFK4,YDR085C,0.2020167112350464
PFK4,YPL187W,0.2020167112350464
PFK4,YPL256C,0.2020167112350464
PFK4,YDR461W,0.2020167112350464
PFK4,YNL145W,0.2020167112350464
YPL175W,YDL165W,0.00554064754396677
YPL175W,YGR059W,7.223929454625022e-09
YPL175W,YBR109C,0.0009046855266205966
YPL175W,YJL080C,2.4180264517781325e-05
YPL175W,YCR093W,0.17917616665363312
YPL175W,YIL122W,7.183523307446871e-12
YPL175W,YCL029C,2.155824423396625e-15
YPL175W,YNL173C,5.406666332419263e-06
YPL175W,YLR452C,2.7727253382181516e-07
YPL175W,YDL160C,4.250437086739112e-06
YPL175W,YLR229C,6.761337323357708e-11
YPL175W,YML057W,1.0268275487702871e-15
YPL175W,YER149C,5.411079109762795e-05
YPL175W,YMR305C,0.00016426296497229487
YPL175W,YLR433C,0.00031744915759190917
YPL175W,YJL073W,4.4536263885675e-05
YPL175W,YGR279C,3.620947973104194e-05
YPL175W,YKL190W,8.52999525109932e-23
YPL175W,YGL089C,4.407358478175638e-09
YPL175W,YJL019W,3.606392129373859e-10
YPL175W,YJL018W,0.0002157349808840081
YPL175W,YNR032C-A,0.025981931015849113
YPL175W,YGL178W,0.04460660740733147
YPL175W,YKL116C,7.312150440696996e-09
YPL175W,YDL214C,6.38831476607038e-09
YPL175W,YLR362W,4.1348005908048435e-08
YPL175W,YER068W,6.478026080003474e-06
YPL175W,YHR084W,0.00042372214375063777
YPL175W,YDR392W,2.494809052677738e-07
YPL175W,YNL053W,7.3921014518418815e-06
YPL175W,YGR040W,5.453719253978306e-09
YPL175W,YDL216C,0.17914916574954987
YPL175W,YOL117W,1.402692295648933e-09
YPL175W,YJR086W,8.460530409593048e-08
YPL175W,YMR025W,0.0009923734469339252
YPL175W,YBR081C,8.331483281054375e-10
YPL175W,YFL026W,3.76842645977149e-09
YPL175W,YHL007C,1.8333722096031124e-08
YPL175W,YNR044W,4.666107777939743e-11
YPL175W,YNL271C,1.3847005486677944e-10
YPL175W,YDR200C,2.6921890064479648e-11
YPL175W,YKL178C,3.4309848615521332e-06
YPL175W,YOR212W,3.2730752803851503e-15
YPL175W,YOL111C,1.990685671859893e-10
YPL175W,YGL032C,0.0004033382865600288
YPL175W,YHR005C,0.0012327395379543304
YPL175W,YDR103W,5.256289909993939e-07
YPL175W,YJR084W,2.2371710386992483e-11
YPL175W,YCL032W,1.274622740687903e-09
YPL175W,YJL170C,7.958333299029619e-05
YPL175W,YDR179C,0.01691937819123268
YPL175W,YBR095C,0.00014675446436740458
YPL175W,YLL021W,1.6644963185541428e-09
YPL175W,YDL159W,6.920664596954396e-10
YPL175W,YNL161W,0.0011431516613811255
YPL175W,YNL188W,3.21537074743361e-10
YPL175W,YJL157C,1.5046671252168763e-14
YPL175W,YJL034W,9.373244580501705e-08
YPL175W,YLR238W,1.432140406265603e-09
YPL175W,YPR141C,0.24131357669830322
YPL175W,YNL127W,1.8375311938712002e-08
YPL175W,YCL055W,1.8839802981562848e-11
YPL175W,YPR122W,0.4627552032470703
YPL175W,YMR065W,0.009784397669136524
YPL175W,YDR356W,1.8333659681957215e-05
YPL175W,YMR052W,1.4109314179222565e-06
YPL175W,YFR008W,1.5084509641383193e-07
YPL175W,YLL043W,7.243980348903278e-08
YPL175W,YMR029C,1.64290611337492e-06
YPL175W,YJR004C,3.922222102659134e-09
YPL175W,YDL223C,2.4038671497805808e-08
YPL175W,YHR158C,0.5846613645553589
YPL175W,YGR238C,0.39474397897720337
YPL175W,YIL015W,0.12565621733665466
YPL175W,YGL173C,0.6547364592552185
YPL175W,YDL225W,0.00022677834203932434
YPL175W,YLR330W,4.2471651795494836e-07
YPL175W,YBR129C,0.1021098643541336
YPL175W,YKR095W-A,0.2020167112350464
YPL175W,YPR075C,2.6328959279453557e-07
YPL175W,YMR198W,2.8426983433860187e-08
YPL175W,YOR127W,2.294524348300797e-09
YPL175W,YDR264C,0.5808814764022827
YPL175W,YLR110C,0.006768709048628807
YPL175W,YDR379W,1.1750668136301101e-06
YPL175W,YDL100C,2.022177980620654e-09
YPL175W,YHR073W,1.3968486200610641e-05
YPL175W,YJR090C,2.723401166804251e-07
YPL175W,YOR208W,2.3016255307848246e-20
YPL175W,YBR040W,0.00022162568347994238
YPL175W,YNL279W,1.0388150258222595e-05
YPL175W,YER075C,0.998599112033844
YPL175W,YCR089W,1.358888262331659e-12
YPL175W,YCR002C,0.018299559131264687
YPL175W,YJL108C,6.593199032067787e-06
YPL175W,YBR200W,2.33006267080782e-06
YPL175W,YIL026C,0.0031396124977618456
YPL175W,YJR076C,0.014603211544454098
YPL175W,YKR031C,4.786659815181338e-07
YPL175W,YPL192C,0.0008300431072711945
YPL175W,YHR107C,0.01738334260880947
YPL175W,YIL037C,7.915071265074403e-09
YPL175W,YPL156C,1.2688521167092404e-07
YPL175W,YIL117C,3.338045118095323e-11
YPL175W,YHR066W,7.903801311354153e-13
YPL175W,YML085C,1.1851141179519686e-09
YPL175W,YML047C,0.009607338346540928
YPL175W,YDR312W,4.860601166001288e-06
YPL175W,YFL037W,2.3071240775607293e-06
YPL175W,YDL038C,0.2020167112350464
YPL175W,YDL039C,1.962619307960267e-06
YPL175W,YCL027W,1.4167275708132365e-07
YPL175W,YML124C,2.8351241851287266e-26
YPL175W,YGL053W,3.3064818363083863e-15
YPL175W,YMR232W,0.0023832630831748247
YPL175W,YNL298W,0.006041319575160742
YPL175W,YGL099W,1.6397985191929365e-08
YPL175W,YBL016W,1.0477707026654293e-12
YPL175W,YAL041W,8.379459177376702e-05
YPL175W,YDR085C,2.916503505172828e-14
YPL175W,YPL187W,0.4778239130973816
YPL175W,YPL256C,4.8583528159505e-16
YPL175W,YDR461W,2.3541854261566186e-06
YPL175W,YNL145W,1.2210953359570453e-09
YCR073C,YDL165W,1.1300632651867204e-09
YCR073C,YGR059W,6.837166943718387e-10
YCR073C,YBR109C,0.0014703107299283147
YCR073C,YJL080C,1.0024913435187702e-13
YCR073C,YCR093W,2.4779294108157046e-05
YCR073C,YIL122W,0.9825984239578247
YCR073C,YCL029C,6.797383285783005e-16
YCR073C,YNL173C,1.0338265481321315e-13
YCR073C,YLR452C,1.0119518378814973e-07
YCR073C,YDL160C,2.7019902981706423e-10
YCR073C,YLR229C,2.5899607791757262e-08
YCR073C,YML057W,4.571980505604478e-16
YCR073C,YER149C,1.0857477139580851e-09
YCR073C,YMR305C,1.4186155505510611e-12
YCR073C,YLR433C,1.391709386622253e-10
YCR073C,YJL073W,3.575352158975177e-14
YCR073C,YGR279C,3.233022072279823e-09
YCR073C,YKL190W,3.27290585744322e-08
YCR073C,YGL089C,1.5539733055902616e-07
YCR073C,YJL019W,3.01825785694508e-21
YCR073C,YJL018W,0.0004322909517213702
YCR073C,YNR032C-A,0.960660994052887
YCR073C,YGL178W,0.9993003606796265
YCR073C,YKL116C,4.479002502222329e-09
YCR073C,YDL214C,0.003358470508828759
YCR073C,YLR362W,5.6275492710256e-08
YCR073C,YER068W,1.8031041548738358e-08
YCR073C,YHR084W,4.445288859233898e-10
YCR073C,YDR392W,2.6996960968972417e-06
YCR073C,YNL053W,4.5060218667458685e-08
YCR073C,YGR040W,2.6416148102725856e-05
YCR073C,YDL216C,0.7231469750404358
YCR073C,YOL117W,9.19494524964648e-09
YCR073C,YJR086W,6.090055649110582e-06
YCR073C,YMR025W,0.0014022478135302663
YCR073C,YBR081C,5.1966302788697405e-11
YCR073C,YFL026W,4.5116287594737514e-08
YCR073C,YHL007C,7.779142663366656e-09
YCR073C,YNR044W,1.4394781778709407e-15
YCR073C,YNL271C,1.9223245217858675e-09
YCR073C,YDR200C,2.425591061339105e-09
YCR073C,YKL178C,6.333880642195311e-11
YCR073C,YOR212W,1.327887588298618e-13
YCR073C,YOL111C,0.346734881401062
YCR073C,YGL032C,6.860766177396727e-08
YCR073C,YHR005C,4.3912923075595245e-08
YCR073C,YDR103W,4.269927700306653e-08
YCR073C,YJR084W,1.6678969316785697e-09
YCR073C,YCL032W,4.179333643605787e-07
YCR073C,YJL170C,4.089642402504978e-07
YCR073C,YDR179C,0.03231033682823181
YCR073C,YBR095C,9.855896543342624e-09
YCR073C,YLL021W,3.112298196938923e-10
YCR073C,YDL159W,1.99843608328365e-09
YCR073C,YNL161W,4.7342504401340704e-14
YCR073C,YNL188W,4.943975797874235e-14
YCR073C,YJL157C,1.4247909803088987e-06
YCR073C,YJL034W,3.6890185128868325e-08
YCR073C,YLR238W,9.585738780515385e-08
YCR073C,YPR141C,3.594451125632503e-13
YCR073C,YNL127W,1.5181451544776792e-06
YCR073C,YCL055W,6.066261937220929e-10
YCR073C,YPR122W,4.379161964607192e-06
YCR073C,YMR065W,0.06753114610910416
YCR073C,YDR356W,0.002828371012583375
YCR073C,YMR052W,1.1441697097325232e-05
YCR073C,YFR008W,7.595559964101994e-06
YCR073C,YLL043W,1.6864738938693336e-08
YCR073C,YMR029C,1.2699056242126971e-06
YCR073C,YJR004C,6.213712270414229e-13
YCR073C,YDL223C,3.2433083996252776e-11
YCR073C,YHR158C,6.594260071324243e-08
YCR073C,YGR238C,6.558592557937004e-10
YCR073C,YIL015W,0.9672085046768188
YCR073C,YGL173C,1.9804714812554636e-10
YCR073C,YDL225W,2.678888904483756e-06
YCR073C,YLR330W,5.63196277808542e-12
YCR073C,YBR129C,1.784600733856223e-08
YCR073C,YKR095W-A,0.2020167112350464
YCR073C,YPR075C,4.2788391851900087e-07
YCR073C,YMR198W,4.883817350531672e-09
YCR073C,YOR127W,1.0351674378794584e-11
YCR073C,YDR264C,1.3553174289240508e-14
YCR073C,YLR110C,6.380364357028157e-05
YCR073C,YDR379W,0.003962870687246323
YCR073C,YDL100C,1.170041973667913e-15
YCR073C,YHR073W,7.715936778396326e-10
YCR073C,YJR090C,3.0510540227624006e-07
YCR073C,YOR208W,1.7014105679891145e-08
YCR073C,YBR040W,2.53841356823159e-08
YCR073C,YNL279W,3.97924937445282e-09
YCR073C,YER075C,2.9726031698373845e-06
YCR073C,YCR089W,4.8676470840169905e-12
YCR073C,YCR002C,0.00044205054291523993
YCR073C,YJL108C,6.182340683835719e-08
YCR073C,YBR200W,7.155726780183613e-05
YCR073C,YIL026C,5.981441063340753e-06
YCR073C,YJR076C,1.727391219972195e-14
YCR073C,YKR031C,2.0014174879179336e-05
YCR073C,YPL192C,0.0006123963976278901
YCR073C,YHR107C,0.00026142128626815975
YCR073C,YIL037C,0.0003141278575640172
YCR073C,YPL156C,0.9698512554168701
YCR073C,YIL117C,0.00023450511798728257
YCR073C,YHR066W,1.5383074588454226e-12
YCR073C,YML085C,9.946070349542424e-07
YCR073C,YML047C,0.005498233716934919
YCR073C,YDR312W,1.1870087378296201e-11
YCR073C,YFL037W,6.563548593518931e-10
YCR073C,YDL038C,0.2020167112350464
YCR073C,YDL039C,3.426826877817035e-10
YCR073C,YCL027W,1.0799407391459681e-05
YCR073C,YML124C,5.849633250660721e-14
YCR073C,YGL053W,8.355991454322975e-10
YCR073C,YMR232W,1.592038927356043e-07
YCR073C,YNL298W,2.279344935018912e-09
YCR073C,YGL099W,1.7414093170936562e-12
YCR073C,YBL016W,1.0015501317184317e-07
YCR073C,YAL041W,1.7691514919704332e-10
YCR073C,YDR085C,8.077726931787765e-09
YCR073C,YPL187W,0.001204347237944603
YCR073C,YPL256C,2.4153637423474095e-10
YCR073C,YDR461W,0.0004414548457134515
YCR073C,YNL145W,1.1997202591373934e-06
YJR086W,YDL165W,0.9787203073501587
YJR086W,YGR059W,4.909363724436844e-07
YJR086W,YBR109C,0.9985983967781067
YJR086W,YJL080C,0.9999455213546753
YJR086W,YCR093W,0.9987015724182129
YJR086W,YIL122W,0.9385120868682861
YJR086W,YCL029C,1.0952218021387239e-09
YJR086W,YNL173C,0.9980637431144714
YJR086W,YLR452C,0.9999902248382568
YJR086W,YDL160C,0.9996160268783569
YJR086W,YLR229C,0.9982336759567261
YJR086W,YML057W,1.7712321209728543e-07
YJR086W,YER149C,0.9998408555984497
YJR086W,YMR305C,0.9999011754989624
YJR086W,YLR433C,0.9999022483825684
YJR086W,YJL073W,1.5292454918380827e-05
YJR086W,YGR279C,0.9999901056289673
YJR086W,YKL190W,0.9990666508674622
YJR086W,YGL089C,0.9987213015556335
YJR086W,YJL019W,0.9986392855644226
YJR086W,YJL018W,0.0032734787091612816
YJR086W,YNR032C-A,0.9665448665618896
YJR086W,YGL178W,0.9973462820053101
YJR086W,YKL116C,0.00017337246390525252
YJR086W,YDL214C,0.9983661770820618
YJR086W,YLR362W,0.9812189936637878
YJR086W,YER068W,1.0287616314386128e-09
YJR086W,YHR084W,0.9982853531837463
YJR086W,YDR392W,0.999984860420227
YJR086W,YNL053W,0.9441657662391663
YJR086W,YGR040W,0.999839186668396
YJR086W,YDL216C,0.9996376037597656
YJR086W,YOL117W,0.9999872446060181
YJR086W,YMR025W,0.9947264790534973
YJR086W,YBR081C,0.9948411583900452
YJR086W,YFL026W,0.9999918937683105
YJR086W,YHL007C,0.999504804611206
YJR086W,YNR044W,0.9998338222503662
YJR086W,YNL271C,0.9941332936286926
YJR086W,YDR200C,0.9995852112770081
YJR086W,YKL178C,0.9958829879760742
YJR086W,YOR212W,0.9999885559082031
YJR086W,YOL111C,5.658123700413853e-05
YJR086W,YGL032C,0.11388597637414932
YJR086W,YHR005C,0.9999942779541016
YJR086W,YDR103W,0.9999639987945557
YJR086W,YJR084W,0.9973891377449036
YJR086W,YCL032W,0.9979664087295532
YJR086W,YJL170C,0.9971924424171448
YJR086W,YDR179C,8.316685149801009e-14
YJR086W,YBR095C,0.9995170831680298
YJR086W,YLL021W,0.9999970197677612
YJR086W,YDL159W,2.6600568858725637e-08
YJR086W,YNL161W,0.9999898672103882
YJR086W,YNL188W,0.9985685348510742
YJR086W,YJL157C,0.06386394053697586
YJR086W,YJL034W,3.4265097269975398e-12
YJR086W,YLR238W,0.9961125254631042
YJR086W,YPR141C,0.9976969361305237
YJR086W,YNL127W,0.9955537915229797
YJR086W,YCL055W,0.9999557733535767
YJR086W,YPR122W,0.9986708164215088
YJR086W,YMR065W,0.9990956783294678
YJR086W,YDR356W,0.9860625863075256
YJR086W,YMR052W,0.9947096109390259
YJR086W,YFR008W,0.9997947812080383
YJR086W,YLL043W,0.9770448207855225
YJR086W,YMR029C,0.9891256093978882
YJR086W,YJR004C,7.863124595886006e-10
YJR086W,YDL223C,5.256898432184909e-13
YJR086W,YHR158C,0.9882335662841797
YJR086W,YGR238C,1.985169433282863e-07
YJR086W,YIL015W,0.9999918937683105
YJR086W,YGL173C,0.9998369216918945
YJR086W,YDL225W,0.999707043170929
YJR086W,YLR330W,0.11821800470352173
YJR086W,YBR129C,0.9998194575309753
YJR086W,YKR095W-A,0.2020167112350464
YJR086W,YPR075C,1.9717101215621646e-12
YJR086W,YMR198W,0.9981240630149841
YJR086W,YOR127W,0.9983108043670654
YJR086W,YDR264C,0.9993392825126648
YJR086W,YLR110C,0.9989140033721924
YJR086W,YDR379W,0.9999321699142456
YJR086W,YDL100C,0.9832949042320251
YJR086W,YHR073W,0.9996776580810547
YJR086W,YJR090C,0.9850561618804932
YJR086W,YOR208W,0.9155741930007935
YJR086W,YBR040W,0.9999978542327881
YJR086W,YNL279W,0.9928150177001953
YJR086W,YER075C,0.9996474981307983
YJR086W,YCR089W,0.00017275875143241137
YJR086W,YCR002C,0.9989044666290283
YJR086W,YJL108C,0.995410144329071
YJR086W,YBR200W,0.9990398287773132
YJR086W,YIL026C,0.9975444674491882
YJR086W,YJR076C,0.999920129776001
YJR086W,YKR031C,0.9918625354766846
YJR086W,YPL192C,0.9999486207962036
YJR086W,YHR107C,0.9976791739463806
YJR086W,YIL037C,0.12046399712562561
YJR086W,YPL156C,0.9124382734298706
YJR086W,YIL117C,0.9999498128890991
YJR086W,YHR066W,9.392166211430464e-11
YJR086W,YML085C,0.9995988011360168
YJR086W,YML047C,0.998634397983551
YJR086W,YDR312W,0.9860122799873352
YJR086W,YFL037W,0.9998940229415894
YJR086W,YDL038C,0.2020167112350464
YJR086W,YDL039C,1.3478126600907636e-11
YJR086W,YCL027W,0.9999936819076538
YJR086W,YML124C,3.8029213556001196e-07
YJR086W,YGL053W,0.971609890460968
YJR086W,YMR232W,0.9993622899055481
YJR086W,YNL298W,0.9988836646080017
YJR086W,YGL099W,0.99880051612854
YJR086W,YBL016W,0.014028587378561497
YJR086W,YAL041W,0.9997889399528503
YJR086W,YDR085C,0.999998927116394
YJR086W,YPL187W,0.9676581025123596
YJR086W,YPL256C,0.4527621269226074
YJR086W,YDR461W,0.0006924202898517251
YJR086W,YNL145W,0.9869792461395264
YBR210W,YDL165W,8.439610610366799e-08
YBR210W,YGR059W,8.839971087581944e-06
YBR210W,YBR109C,0.009804362431168556
YBR210W,YJL080C,1.1422794159443583e-06
YBR210W,YCR093W,3.4972831031154783e-07
YBR210W,YIL122W,5.023312495133769e-12
YBR210W,YCL029C,1.0158505148183394e-07
YBR210W,YNL173C,7.768361505417843e-17
YBR210W,YLR452C,0.5607685446739197
YBR210W,YDL160C,1.2287535561723099e-17
YBR210W,YLR229C,8.581636393500958e-06
YBR210W,YML057W,2.7238487021463698e-09
YBR210W,YER149C,0.0022476771846413612
YBR210W,YMR305C,0.005911780521273613
YBR210W,YLR433C,6.945252971490845e-05
YBR210W,YJL073W,0.00014746859960723668
YBR210W,YGR279C,3.579835902201012e-05
YBR210W,YKL190W,2.439863351355598e-07
YBR210W,YGL089C,0.002726163249462843
YBR210W,YJL019W,3.903104328628615e-08
YBR210W,YJL018W,0.010791467502713203
YBR210W,YNR032C-A,7.91952004419727e-07
YBR210W,YGL178W,4.83403437101515e-06
YBR210W,YKL116C,2.3432431342507165e-11
YBR210W,YDL214C,7.153088432687582e-08
YBR210W,YLR362W,6.851398788587648e-13
YBR210W,YER068W,1.1202520688868844e-08
YBR210W,YHR084W,2.900140088968328e-06
YBR210W,YDR392W,2.011408241742174e-06
YBR210W,YNL053W,4.987204871298445e-09
YBR210W,YGR040W,8.27466465125326e-06
YBR210W,YDL216C,5.520748094789418e-11
YBR210W,YOL117W,2.2117418031590563e-13
YBR210W,YJR086W,1.3507420182357066e-10
YBR210W,YMR025W,9.942809811036568e-06
YBR210W,YBR081C,3.084027866862016e-06
YBR210W,YFL026W,3.1467592634726316e-05
YBR210W,YHL007C,0.07964976131916046
YBR210W,YNR044W,1.779767089260531e-08
YBR210W,YNL271C,1.6318708537244042e-11
YBR210W,YDR200C,6.140958248579409e-06
YBR210W,YKL178C,5.243440348579043e-09
YBR210W,YOR212W,2.4897682873725735e-11
YBR210W,YOL111C,6.640610283881188e-11
YBR210W,YGL032C,0.006204952020198107
YBR210W,YHR005C,3.691285144213907e-08
YBR210W,YDR103W,1.6910936437852797e-06
YBR210W,YJR084W,0.1773611605167389
YBR210W,YCL032W,1.5667137631680816e-05
YBR210W,YJL170C,0.0006482852040790021
YBR210W,YDR179C,1.4172078408591915e-05
YBR210W,YBR095C,1.1010733991234645e-10
YBR210W,YLL021W,0.0018724887631833553
YBR210W,YDL159W,5.488764642791466e-08
YBR210W,YNL161W,2.2173998104335624e-07
YBR210W,YNL188W,1.100264146458585e-08
YBR210W,YJL157C,8.009658358787419e-08
YBR210W,YJL034W,1.7511109717815998e-07
YBR210W,YLR238W,4.365740460343659e-05
YBR210W,YPR141C,3.123163310192467e-07
YBR210W,YNL127W,2.123143744148237e-10
YBR210W,YCL055W,3.8586436823528913e-10
YBR210W,YPR122W,7.408440083622736e-09
YBR210W,YMR065W,2.6131837671528046e-07
YBR210W,YDR356W,2.2819739342594403e-07
YBR210W,YMR052W,3.3155874490375936e-08
YBR210W,YFR008W,9.38034047139047e-13
YBR210W,YLL043W,0.005288942251354456
YBR210W,YMR029C,0.0001126433489844203
YBR210W,YJR004C,3.541658633032796e-11
YBR210W,YDL223C,1.7421926038629102e-24
YBR210W,YHR158C,7.721544648120471e-07
YBR210W,YGR238C,1.0414965778693386e-08
YBR210W,YIL015W,0.06908527761697769
YBR210W,YGL173C,6.185554290993878e-10
YBR210W,YDL225W,4.21254611637778e-07
YBR210W,YLR330W,8.77886563444008e-09
YBR210W,YBR129C,1.2424638574926039e-11
YBR210W,YKR095W-A,0.2020167112350464
YBR210W,YPR075C,3.5214015952078626e-05
YBR210W,YMR198W,2.304713416378945e-05
YBR210W,YOR127W,1.934004734138739e-09
YBR210W,YDR264C,1.8391325795619196e-07
YBR210W,YLR110C,0.0004999663797207177
YBR210W,YDR379W,2.6101034666936584e-09
YBR210W,YDL100C,0.09737478941679001
YBR210W,YHR073W,7.438074136646711e-13
YBR210W,YJR090C,9.716663915528348e-14
YBR210W,YOR208W,1.4483092503070338e-09
YBR210W,YBR040W,0.020869316533207893
YBR210W,YNL279W,0.22866544127464294
YBR210W,YER075C,2.3396543724629737e-07
YBR210W,YCR089W,2.4892176497814944e-06
YBR210W,YCR002C,0.9985833168029785
YBR210W,YJL108C,5.6753150790012086e-11
YBR210W,YBR200W,2.028492797996259e-14
YBR210W,YIL026C,1.617448106117081e-05
YBR210W,YJR076C,0.0076140728779137135
YBR210W,YKR031C,3.5974847233111173e-12
YBR210W,YPL192C,2.1021573047619313e-05
YBR210W,YHR107C,6.337057129712775e-05
YBR210W,YIL037C,0.02288149669766426
YBR210W,YPL156C,2.7380318101677403e-07
YBR210W,YIL117C,6.799981411287348e-11
YBR210W,YHR066W,1.1736035862748573e-13
YBR210W,YML085C,7.755604514159131e-08
YBR210W,YML047C,0.06355711817741394
YBR210W,YDR312W,2.7786684086462954e-13
YBR210W,YFL037W,4.042117143399082e-05
YBR210W,YDL038C,0.2020167112350464
YBR210W,YDL039C,3.800469983161747e-08
YBR210W,YCL027W,2.0939472733516595e-07
YBR210W,YML124C,6.050362433285272e-10
YBR210W,YGL053W,4.015350274499951e-09
YBR210W,YMR232W,4.924054337607231e-07
YBR210W,YNL298W,2.946980881546324e-09
YBR210W,YGL099W,1.4036384072824148e-06
YBR210W,YBL016W,3.187951846950199e-10
YBR210W,YAL041W,5.556463023026481e-08
YBR210W,YDR085C,7.0861438055238105e-15
YBR210W,YPL187W,1.3182529512434371e-09
YBR210W,YPL256C,6.601812856388278e-06
YBR210W,YDR461W,8.066543273343996e-07
YBR210W,YNL145W,8.811334301084273e-11
YEL046C,YDL165W,8.962357245234642e-11
YEL046C,YGR059W,1.3080608818327732e-10
YEL046C,YBR109C,1.4869375952741848e-08
YEL046C,YJL080C,1.0419778817549741e-07
YEL046C,YCR093W,5.519624202143802e-10
YEL046C,YIL122W,1.5970304957590997e-05
YEL046C,YCL029C,1.5054295587901834e-08
YEL046C,YNL173C,5.71655179790187e-12
YEL046C,YLR452C,7.183373185171149e-08
YEL046C,YDL160C,2.1649505015375325e-06
YEL046C,YLR229C,6.490097348432755e-11
YEL046C,YML057W,6.705179217848106e-14
YEL046C,YER149C,4.739991066315952e-09
YEL046C,YMR305C,1.0817776465531074e-15
YEL046C,YLR433C,2.0398553957079457e-08
YEL046C,YJL073W,6.569083052454516e-05
YEL046C,YGR279C,1.4466756895865675e-19
YEL046C,YKL190W,2.2543035882449658e-08
YEL046C,YGL089C,1.0587415388840782e-08
YEL046C,YJL019W,7.758908099342321e-11
YEL046C,YJL018W,9.759881504578516e-05
YEL046C,YNR032C-A,0.14999590814113617
YEL046C,YGL178W,1.0464566990719959e-08
YEL046C,YKL116C,5.23912194694276e-06
YEL046C,YDL214C,5.311541372066131e-06
YEL046C,YLR362W,2.055185347263084e-14
YEL046C,YER068W,8.880539098754525e-06
YEL046C,YHR084W,5.188721010193646e-17
YEL046C,YDR392W,5.97722690570332e-14
YEL046C,YNL053W,6.701031196598706e-08
YEL046C,YGR040W,9.165642040898092e-06
YEL046C,YDL216C,0.5895437002182007
YEL046C,YOL117W,6.011003250705471e-09
YEL046C,YJR086W,9.069363878335453e-16
YEL046C,YMR025W,0.0017482060939073563
YEL046C,YBR081C,7.442689693715199e-12
YEL046C,YFL026W,5.963634031047604e-09
YEL046C,YHL007C,5.552354559767991e-05
YEL046C,YNR044W,2.8490438452877243e-08
YEL046C,YNL271C,0.06380801647901535
YEL046C,YDR200C,2.182933738284487e-12
YEL046C,YKL178C,2.7251440769759938e-05
YEL046C,YOR212W,4.386689622659645e-11
YEL046C,YOL111C,6.4838556745883125e-09
YEL046C,YGL032C,1.441500363153392e-15
YEL046C,YHR005C,0.0009376436937600374
YEL046C,YDR103W,1.0061924626825203e-09
YEL046C,YJR084W,5.194742205838487e-13
YEL046C,YCL032W,6.615419962284692e-17
YEL046C,YJL170C,1.6901303967475911e-10
YEL046C,YDR179C,2.028010328029503e-13
YEL046C,YBR095C,1.0924395936473541e-11
YEL046C,YLL021W,9.021098890116264e-07
YEL046C,YDL159W,1.4177593425429222e-14
YEL046C,YNL161W,3.7394585206129705e-08
YEL046C,YNL188W,1.5230851246883503e-08
YEL046C,YJL157C,4.160820125942433e-12
YEL046C,YJL034W,1.4669609757903293e-17
YEL046C,YLR238W,1.2127070192491374e-07
YEL046C,YPR141C,3.6842170629824977e-06
YEL046C,YNL127W,6.3207563627543095e-09
YEL046C,YCL055W,9.079295475167282e-13
YEL046C,YPR122W,1.5838930167433318e-09
YEL046C,YMR065W,1.9253489469406304e-08
YEL046C,YDR356W,2.546004240766564e-10
YEL046C,YMR052W,0.0005474341451190412
YEL046C,YFR008W,1.0191196775366507e-09
YEL046C,YLL043W,7.786924527408701e-08
YEL046C,YMR029C,4.820798205074084e-10
YEL046C,YJR004C,7.169513871474464e-10
YEL046C,YDL223C,1.6133527348284604e-13
YEL046C,YHR158C,1.6237017064213433e-08
YEL046C,YGR238C,4.845434631306489e-08
YEL046C,YIL015W,7.944949663711998e-15
YEL046C,YGL173C,0.009062965400516987
YEL046C,YDL225W,7.872841267797526e-12
YEL046C,YLR330W,1.289642597157581e-07
YEL046C,YBR129C,0.03271852806210518
YEL046C,YKR095W-A,0.2020167112350464
YEL046C,YPR075C,1.4134248438324448e-08
YEL046C,YMR198W,6.850386924384111e-11
YEL046C,YOR127W,0.817874014377594
YEL046C,YDR264C,1.6905149502477457e-09
YEL046C,YLR110C,1.892860694852061e-07
YEL046C,YDR379W,4.906139292870648e-05
YEL046C,YDL100C,9.063191169778051e-12
YEL046C,YHR073W,2.8755557650583796e-05
YEL046C,YJR090C,2.532159157908609e-07
YEL046C,YOR208W,6.963721266295408e-11
YEL046C,YBR040W,1.5470743379409312e-14
YEL046C,YNL279W,3.007357817635947e-13
YEL046C,YER075C,0.00011856933269882575
YEL046C,YCR089W,0.0005059429677203298
YEL046C,YCR002C,2.922107000813412e-09
YEL046C,YJL108C,1.8522387941997953e-13
YEL046C,YBR200W,4.207510728715391e-10
YEL046C,YIL026C,1.8041075122710026e-07
YEL046C,YJR076C,0.0027249138802289963
YEL046C,YKR031C,1.5570960840705084e-06
YEL046C,YPL192C,5.704536398809523e-09
YEL046C,YHR107C,3.666201519081369e-05
YEL046C,YIL037C,6.606940688991259e-11
YEL046C,YPL156C,9.42336573356295e-12
YEL046C,YIL117C,3.2417570418417224e-14
YEL046C,YHR066W,2.1372369206438396e-15
YEL046C,YML085C,9.299693374487106e-06
YEL046C,YML047C,1.1043460590443033e-10
YEL046C,YDR312W,1.404167115914845e-09
YEL046C,YFL037W,2.0846262812745237e-13
YEL046C,YDL038C,0.2020167112350464
YEL046C,YDL039C,3.041717812902854e-16
YEL046C,YCL027W,4.077002949652575e-13
YEL046C,YML124C,7.429737713948725e-09
YEL046C,YGL053W,8.595582881431457e-16
YEL046C,YMR232W,2.449854719088762e-06
YEL046C,YNL298W,0.005949083250015974
YEL046C,YGL099W,9.304643028954198e-17
YEL046C,YBL016W,8.993982447691451e-08
YEL046C,YAL041W,1.5501478139307023e-12
YEL046C,YDR085C,1.422081550117582e-05
YEL046C,YPL187W,1.3883224710298236e-05
YEL046C,YPL256C,5.226276226025228e-13
YEL046C,YDR461W,2.1976298558712415e-09
YEL046C,YNL145W,1.279971900090002e-14
YOL058W,YDL165W,6.170409322381332e-11
YOL058W,YGR059W,2.6064036262596346e-08
YOL058W,YBR109C,3.544814262568252e-06
YOL058W,YJL080C,5.072693820551422e-09
YOL058W,YCR093W,0.0005920141120441258
YOL058W,YIL122W,1.3597363235362536e-08
YOL058W,YCL029C,0.0015465918695554137
YOL058W,YNL173C,5.3232319885410107e-08
YOL058W,YLR452C,1.0425473283065187e-13
YOL058W,YDL160C,0.0007094796746969223
YOL058W,YLR229C,1.4857310260546486e-14
YOL058W,YML057W,8.550599517320734e-08
YOL058W,YER149C,2.1396782728857339e-13
YOL058W,YMR305C,1.1753161458787028e-30
YOL058W,YLR433C,1.9010558101675845e-13
YOL058W,YJL073W,5.1606812156990145e-09
YOL058W,YGR279C,4.8736492523158116e-23
YOL058W,YKL190W,2.408744759208048e-09
YOL058W,YGL089C,3.136526802172135e-11
YOL058W,YJL019W,2.0803523170798144e-07
YOL058W,YJL018W,0.00026596616953611374
YOL058W,YNR032C-A,7.543955575783912e-07
YOL058W,YGL178W,2.1063909453201534e-15
YOL058W,YKL116C,4.460195505030101e-13
YOL058W,YDL214C,1.6483330966821086e-07
YOL058W,YLR362W,6.362227509271179e-07
YOL058W,YER068W,0.0034221250098198652
YOL058W,YHR084W,4.2658631076337994e-13
YOL058W,YDR392W,1.0005954464986644e-07
YOL058W,YNL053W,5.222489649937823e-13
YOL058W,YGR040W,2.999381923330808e-18
YOL058W,YDL216C,5.4928750614635646e-05
YOL058W,YOL117W,4.177380386050089e-10
YOL058W,YJR086W,2.2008053157662744e-09
YOL058W,YMR025W,3.3296603874077846e-07
YOL058W,YBR081C,4.0668542169441935e-06
YOL058W,YFL026W,5.22889676002336e-10
YOL058W,YHL007C,5.609650114216103e-13
YOL058W,YNR044W,1.0420473511851824e-11
YOL058W,YNL271C,1.3874038806704903e-08
YOL058W,YDR200C,2.3373489810296633e-09
YOL058W,YKL178C,7.892670623732556e-07
YOL058W,YOR212W,1.4577995886147865e-19
YOL058W,YOL111C,1.0078131253976608e-06
YOL058W,YGL032C,0.00012279173824936152
YOL058W,YHR005C,8.297284734282151e-12
YOL058W,YDR103W,5.316814508660173e-07
YOL058W,YJR084W,5.460821057567955e-07
YOL058W,YCL032W,1.276733290791999e-15
YOL058W,YJL170C,1.9721304125343286e-13
YOL058W,YDR179C,5.075384112984693e-09
YOL058W,YBR095C,4.5195756317138736e-13
YOL058W,YLL021W,1.0133585419680458e-05
YOL058W,YDL159W,0.00020676029089372605
YOL058W,YNL161W,0.31251776218414307
YOL058W,YNL188W,7.015861246725385e-15
YOL058W,YJL157C,1.2206516179780191e-11
YOL058W,YJL034W,1.2235908671977378e-15
YOL058W,YLR238W,0.0008869459270499647
YOL058W,YPR141C,5.636998090530199e-10
YOL058W,YNL127W,9.777900017438057e-11
YOL058W,YCL055W,3.1368926351567765e-18
YOL058W,YPR122W,1.9467614652735476e-17
YOL058W,YMR065W,2.9375618396443315e-05
YOL058W,YDR356W,0.4706992506980896
YOL058W,YMR052W,2.278447709613829e-06
YOL058W,YFR008W,2.271686311283716e-11
YOL058W,YLL043W,9.279759979108348e-06
YOL058W,YMR029C,6.026630217093043e-08
YOL058W,YJR004C,7.85736192483455e-05
YOL058W,YDL223C,2.6893714685782832e-11
YOL058W,YHR158C,3.5735060919250827e-06
YOL058W,YGR238C,6.6679708629613366e-12
YOL058W,YIL015W,1.2163636417539259e-11
YOL058W,YGL173C,5.320648051565513e-05
YOL058W,YDL225W,3.1773167430415583e-10
YOL058W,YLR330W,2.452300577715505e-05
YOL058W,YBR129C,0.00015579847968183458
YOL058W,YKR095W-A,0.2020167112350464
YOL058W,YPR075C,3.21464170838226e-07
YOL058W,YMR198W,1.7655387152260005e-09
YOL058W,YOR127W,5.3301023317242624e-11
YOL058W,YDR264C,2.9261323919449467e-10
YOL058W,YLR110C,3.352557397849256e-17
YOL058W,YDR379W,2.4960995492762095e-09
YOL058W,YDL100C,6.215818107347062e-18
YOL058W,YHR073W,2.1982751263749378e-07
YOL058W,YJR090C,7.85572229489162e-09
YOL058W,YOR208W,4.359135936330555e-13
YOL058W,YBR040W,6.184451706303662e-08
YOL058W,YNL279W,3.4097449863601526e-10
YOL058W,YER075C,1.5903197647659795e-09
YOL058W,YCR089W,1.4312612620415166e-05
YOL058W,YCR002C,1.0828104385351978e-10
YOL058W,YJL108C,1.2716957105689698e-14
YOL058W,YBR200W,5.4743217333452776e-05
YOL058W,YIL026C,6.695055344607681e-05
YOL058W,YJR076C,1.1217988685530145e-05
YOL058W,YKR031C,5.46172395843314e-06
YOL058W,YPL192C,4.819467935845978e-09
YOL058W,YHR107C,2.3044427067394962e-15
YOL058W,YIL037C,8.45992872110235e-13
YOL058W,YPL156C,2.4861974701195777e-09
YOL058W,YIL117C,8.583260324712683e-09
YOL058W,YHR066W,2.267118759391451e-08
YOL058W,YML085C,1.736957022657748e-09
YOL058W,YML047C,1.3412170119408984e-05
YOL058W,YDR312W,7.21391472779942e-07
YOL058W,YFL037W,2.1878221348296811e-13
YOL058W,YDL038C,0.2020167112350464
YOL058W,YDL039C,1.9636932899296916e-16
YOL058W,YCL027W,1.326510982835316e-06
YOL058W,YML124C,6.426084837585222e-07
YOL058W,YGL053W,3.1988303672569884e-10
YOL058W,YMR232W,2.9859287264955015e-10
YOL058W,YNL298W,4.5936678939872966e-12
YOL058W,YGL099W,6.93981192512183e-08
YOL058W,YBL016W,6.18563631305663e-14
YOL058W,YAL041W,5.0707298214547336e-05
YOL058W,YDR085C,4.138731371505777e-11
YOL058W,YPL187W,7.321259709591743e-10
YOL058W,YPL256C,6.69672162775109e-13
YOL058W,YDR461W,3.564323196769692e-05
YOL058W,YNL145W,3.772301752653223e-13
YLR325C,YDL165W,1.0918500478740434e-11
YLR325C,YGR059W,2.6084624238364995e-08
YLR325C,YBR109C,0.00015087756037246436
YLR325C,YJL080C,0.0004332470125518739
YLR325C,YCR093W,2.06375744937759e-07
YLR325C,YIL122W,0.0032191851641982794
YLR325C,YCL029C,5.884510679296864e-15
YLR325C,YNL173C,0.0003268181753810495
YLR325C,YLR452C,7.847751337664022e-10
YLR325C,YDL160C,7.922822078398895e-06
YLR325C,YLR229C,3.5039099088862713e-07
YLR325C,YML057W,1.2357317588900657e-13
YLR325C,YER149C,2.039058381342329e-05
YLR325C,YMR305C,1.2330760856826828e-09
YLR325C,YLR433C,3.9151086639321875e-06
YLR325C,YJL073W,3.8952948671067134e-05
YLR325C,YGR279C,0.5429440140724182
YLR325C,YKL190W,0.00014397471386473626
YLR325C,YGL089C,4.001684828836005e-06
YLR325C,YJL019W,0.00030511993099935353
YLR325C,YJL018W,0.0002211281971540302
YLR325C,YNR032C-A,6.321925411612028e-06
YLR325C,YGL178W,5.121224775684393e-20
YLR325C,YKL116C,8.146330105795373e-17
YLR325C,YDL214C,0.0472121499478817
YLR325C,YLR362W,3.935645212505001e-12
YLR325C,YER068W,4.749506690715499e-11
YLR325C,YHR084W,6.789208839563798e-08
YLR325C,YDR392W,8.925526984171483e-11
YLR325C,YNL053W,7.879711761832178e-18
YLR325C,YGR040W,1.5566667570965365e-05
YLR325C,YDL216C,7.520678082073573e-06
YLR325C,YOL117W,1.9063372408423263e-11
YLR325C,YJR086W,0.002438078634440899
YLR325C,YMR025W,0.00021364865824580193
YLR325C,YBR081C,1.7481009972897255e-09
YLR325C,YFL026W,5.317987716857431e-11
YLR325C,YHL007C,4.577913603753814e-09
YLR325C,YNR044W,0.0033098103012889624
YLR325C,YNL271C,4.55423502729313e-12
YLR325C,YDR200C,0.007117936387658119
YLR325C,YKL178C,6.866706314667681e-09
YLR325C,YOR212W,1.9857603246204586e-13
YLR325C,YOL111C,1.05056076685206e-11
YLR325C,YGL032C,0.015051214955747128
YLR325C,YHR005C,0.7008582949638367
YLR325C,YDR103W,3.543028626040723e-08
YLR325C,YJR084W,2.3975981790214096e-12
YLR325C,YCL032W,5.437466449320638e-12
YLR325C,YJL170C,0.002798723755404353
YLR325C,YDR179C,3.7119623780973443e-13
YLR325C,YBR095C,1.1307375175073631e-10
YLR325C,YLL021W,4.358248872904369e-08
YLR325C,YDL159W,1.0011752711591715e-12
YLR325C,YNL161W,1.2098565422072327e-12
YLR325C,YNL188W,3.118386473488499e-07
YLR325C,YJL157C,1.7061253937462358e-16
YLR325C,YJL034W,2.05153010363415e-15
YLR325C,YLR238W,9.938085510780015e-13
YLR325C,YPR141C,7.471456231478157e-10
YLR325C,YNL127W,2.977224994538119e-06
YLR325C,YCL055W,8.988259878606186e-07
YLR325C,YPR122W,1.0350898264732677e-05
YLR325C,YMR065W,0.5455541014671326
YLR325C,YDR356W,0.004495668690651655
YLR325C,YMR052W,1.6937696045715711e-06
YLR325C,YFR008W,6.827248862821891e-14
YLR325C,YLL043W,3.345855259517805e-10
YLR325C,YMR029C,1.0449236044960005e-18
YLR325C,YJR004C,0.000140429096063599
YLR325C,YDL223C,1.1752294458991918e-25
YLR325C,YHR158C,1.795906305612771e-12
YLR325C,YGR238C,6.820009441628298e-15
YLR325C,YIL015W,0.9832057356834412
YLR325C,YGL173C,1.5149832677252562e-07
YLR325C,YDL225W,4.998353952956336e-10
YLR325C,YLR330W,6.798180555544608e-18
YLR325C,YBR129C,2.6259412192982702e-14
YLR325C,YKR095W-A,0.2020167112350464
YLR325C,YPR075C,7.043150107187077e-14
YLR325C,YMR198W,3.2153646412069747e-10
YLR325C,YOR127W,8.511944101979934e-18
YLR325C,YDR264C,2.7312716350557823e-17
YLR325C,YLR110C,1.633754465046877e-08
YLR325C,YDR379W,0.0054662199690938
YLR325C,YDL100C,1.1114095599396023e-07
YLR325C,YHR073W,6.886582071391186e-19
YLR325C,YJR090C,5.415439208178441e-09
YLR325C,YOR208W,3.9108221327154025e-13
YLR325C,YBR040W,1.110361267819826e-06
YLR325C,YNL279W,0.0005718174506910145
YLR325C,YER075C,1.3900177009418258e-06
YLR325C,YCR089W,5.631604835798498e-06
YLR325C,YCR002C,1.177434955090817e-10
YLR325C,YJL108C,1.8406637991574826e-08
YLR325C,YBR200W,1.2402525187416025e-11
YLR325C,YIL026C,1.9004338254040862e-15
YLR325C,YJR076C,4.4432013623918465e-11
YLR325C,YKR031C,7.465559281882861e-10
YLR325C,YPL192C,3.7205150874797255e-05
YLR325C,YHR107C,5.497444703905785e-07
YLR325C,YIL037C,0.8494933843612671
YLR325C,YPL156C,2.0021673208248103e-09
YLR325C,YIL117C,8.756513284971037e-19
YLR325C,YHR066W,1.0248475033769618e-15
YLR325C,YML085C,9.20687788161234e-13
YLR325C,YML047C,0.9993681311607361
YLR325C,YDR312W,3.071080723060504e-09
YLR325C,YFL037W,5.7432198445894755e-06
YLR325C,YDL038C,0.2020167112350464
YLR325C,YDL039C,4.360219216931194e-12
YLR325C,YCL027W,2.963126909095136e-14
YLR325C,YML124C,3.4187189190681977e-10
YLR325C,YGL053W,4.688975459062488e-18
YLR325C,YMR232W,0.9999946355819702
YLR325C,YNL298W,3.32928813406852e-08
YLR325C,YGL099W,1.1918440127776425e-17
YLR325C,YBL016W,4.661962135776854e-11
YLR325C,YAL041W,3.6592198160434464e-09
YLR325C,YDR085C,1.1772428933909396e-06
YLR325C,YPL187W,2.252733555252462e-09
YLR325C,YPL256C,0.0018692287849262357
YLR325C,YDR461W,2.2655882276012562e-05
YLR325C,YNL145W,3.115168123457579e-09
YFR027W,YDL165W,0.00026845751563087106
YFR027W,YGR059W,2.053662351286789e-09
YFR027W,YBR109C,0.0033396962098777294
YFR027W,YJL080C,6.211448998379165e-13
YFR027W,YCR093W,8.681501628693411e-10
YFR027W,YIL122W,0.019757477566599846
YFR027W,YCL029C,4.377610451911096e-08
YFR027W,YNL173C,6.798583171985229e-07
YFR027W,YLR452C,0.702072024345398
YFR027W,YDL160C,1.6847337969139176e-09
YFR027W,YLR229C,0.38572773337364197
YFR027W,YML057W,1.8377123467416823e-07
YFR027W,YER149C,0.0012251939624547958
YFR027W,YMR305C,8.068476745393127e-05
YFR027W,YLR433C,0.6439242362976074
YFR027W,YJL073W,1.5707375721277228e-12
YFR027W,YGR279C,1.54221621584405e-10
YFR027W,YKL190W,1.8608889429394537e-10
YFR027W,YGL089C,6.773257954506562e-09
YFR027W,YJL019W,9.742353590524999e-09
YFR027W,YJL018W,0.0520380474627018
YFR027W,YNR032C-A,0.00021464937890414149
YFR027W,YGL178W,0.00012308915029279888
YFR027W,YKL116C,2.3467395561527216e-12
YFR027W,YDL214C,1.5321655055799965e-10
YFR027W,YLR362W,5.575641059962777e-10
YFR027W,YER068W,1.0415272981845192e-06
YFR027W,YHR084W,7.329936657640701e-10
YFR027W,YDR392W,4.0940673073919243e-10
YFR027W,YNL053W,5.967220204183832e-06
YFR027W,YGR040W,0.013513421639800072
YFR027W,YDL216C,0.0007961918599903584
YFR027W,YOL117W,2.2753633288630226e-07
YFR027W,YJR086W,1.2400968216752517e-06
YFR027W,YMR025W,0.00024871242931112647
YFR027W,YBR081C,5.1945171719580685e-08
YFR027W,YFL026W,0.6375391483306885
YFR027W,YHL007C,1.4542480934742752e-11
YFR027W,YNR044W,2.1312609533197246e-05
YFR027W,YNL271C,3.283739431481081e-07
YFR027W,YDR200C,2.076139935525134e-06
YFR027W,YKL178C,1.1032029760826845e-05
YFR027W,YOR212W,0.03557204082608223
YFR027W,YOL111C,0.000841430330183357
YFR027W,YGL032C,1.0199992175330408e-06
YFR027W,YHR005C,0.016000015661120415
YFR027W,YDR103W,1.643549651930698e-08
YFR027W,YJR084W,2.647948349476792e-08
YFR027W,YCL032W,0.47390663623809814
YFR027W,YJL170C,0.13892762362957
YFR027W,YDR179C,5.0565546416692086e-08
YFR027W,YBR095C,1.5177831755863735e-06
YFR027W,YLL021W,1.1139574818130882e-09
YFR027W,YDL159W,1.4538764289695472e-11
YFR027W,YNL161W,2.8659460221680533e-11
YFR027W,YNL188W,0.0005118798580951989
YFR027W,YJL157C,0.9935325384140015
YFR027W,YJL034W,1.788676406988543e-08
YFR027W,YLR238W,4.974541223390361e-09
YFR027W,YPR141C,1.7188851415994577e-05
YFR027W,YNL127W,1.4714983365138323e-07
YFR027W,YCL055W,0.0004898510524071753
YFR027W,YPR122W,1.8226493239126285e-06
YFR027W,YMR065W,5.4686715884599835e-06
YFR027W,YDR356W,2.2146069429251208e-14
YFR027W,YMR052W,3.34994365402963e-05
YFR027W,YFR008W,4.046250268174845e-08
YFR027W,YLL043W,0.0024033663794398308
YFR027W,YMR029C,1.737435559334699e-05
YFR027W,YJR004C,1.170176460618677e-06
YFR027W,YDL223C,0.07701240479946136
YFR027W,YHR158C,1.1607397937041242e-05
YFR027W,YGR238C,1.386534052016941e-07
YFR027W,YIL015W,0.22910650074481964
YFR027W,YGL173C,0.004546577576547861
YFR027W,YDL225W,1.9307602738827256e-10
YFR027W,YLR330W,1.6400508684455417e-07
YFR027W,YBR129C,3.9430589822586626e-05
YFR027W,YKR095W-A,0.2020167112350464
YFR027W,YPR075C,2.5891246924203415e-09
YFR027W,YMR198W,0.107176773250103
YFR027W,YOR127W,0.00422582495957613
YFR027W,YDR264C,9.2120991723732e-08
YFR027W,YLR110C,4.763408014696324e-06
YFR027W,YDR379W,7.851788541302085e-05
YFR027W,YDL100C,0.0018701277440413833
YFR027W,YHR073W,1.2447438848539605e-06
YFR027W,YJR090C,2.4972992832772434e-05
YFR027W,YOR208W,2.5943199943867512e-05
YFR027W,YBR040W,0.16149912774562836
YFR027W,YNL279W,0.0009091114043258131
YFR027W,YER075C,1.236288539985253e-06
YFR027W,YCR089W,0.39882078766822815
YFR027W,YCR002C,8.528198122803587e-06
YFR027W,YJL108C,0.763685941696167
YFR027W,YBR200W,1.0333550681806969e-10
YFR027W,YIL026C,2.505007312691987e-10
YFR027W,YJR076C,1.5349012755905278e-05
YFR027W,YKR031C,0.04614093154668808
YFR027W,YPL192C,1.1931457493119524e-06
YFR027W,YHR107C,1.4353562960423005e-07
YFR027W,YIL037C,9.123312452175014e-07
YFR027W,YPL156C,2.364806505283923e-06
YFR027W,YIL117C,1.009398120643823e-10
YFR027W,YHR066W,1.9712730647825083e-07
YFR027W,YML085C,9.994487015774212e-09
YFR027W,YML047C,0.002307798247784376
YFR027W,YDR312W,2.466221530994517e-06
YFR027W,YFL037W,4.936066133609529e-08
YFR027W,YDL038C,0.2020167112350464
YFR027W,YDL039C,1.2224384788729983e-15
YFR027W,YCL027W,2.3680961191985261e-07
YFR027W,YML124C,1.3144784134055953e-05
YFR027W,YGL053W,1.0188578016823158e-06
YFR027W,YMR232W,1.0418883239680606e-15
YFR027W,YNL298W,1.39489711727947e-05
YFR027W,YGL099W,1.0033683953136752e-11
YFR027W,YBL016W,0.11253897845745087
YFR027W,YAL041W,5.7747335802105226e-08
YFR027W,YDR085C,1.1479588124529982e-07
YFR027W,YPL187W,0.0165544580668211
YFR027W,YPL256C,1.4438849575526547e-05
YFR027W,YDR461W,0.17353525757789612
YFR027W,YNL145W,0.00013044250954408199
YJR083C,YDL165W,0.0004398965975269675
YJR083C,YGR059W,9.592365586286178e-07
YJR083C,YBR109C,0.00022058363538235426
YJR083C,YJL080C,1.2141597380832536e-06
YJR083C,YCR093W,3.932641993742436e-05
YJR083C,YIL122W,0.004377726465463638
YJR083C,YCL029C,8.950904657467618e-07
YJR083C,YNL173C,0.018978804349899292
YJR083C,YLR452C,0.7531023025512695
YJR083C,YDL160C,0.0023836710024625063
YJR083C,YLR229C,2.1193011789932825e-09
YJR083C,YML057W,2.9221835120551987e-06
YJR083C,YER149C,0.10920550674200058
YJR083C,YMR305C,0.08699192106723785
YJR083C,YLR433C,0.39471596479415894
YJR083C,YJL073W,9.433848754270002e-05
YJR083C,YGR279C,7.091825409588637e-06
YJR083C,YKL190W,0.037293240427970886
YJR083C,YGL089C,0.0030969837680459023
YJR083C,YJL019W,0.0002061266714008525
YJR083C,YJL018W,0.013825979083776474
YJR083C,YNR032C-A,0.2170509546995163
YJR083C,YGL178W,0.9883108735084534
YJR083C,YKL116C,2.946192580566276e-06
YJR083C,YDL214C,0.0005739518674090505
YJR083C,YLR362W,0.0020617544651031494
YJR083C,YER068W,1.6242664059973322e-05
YJR083C,YHR084W,0.09744497388601303
YJR083C,YDR392W,0.0003378756809979677
YJR083C,YNL053W,0.1563461273908615
YJR083C,YGR040W,0.9559703469276428
YJR083C,YDL216C,8.526751480530947e-05
YJR083C,YOL117W,7.588550943182781e-05
YJR083C,YJR086W,0.06563031673431396
YJR083C,YMR025W,3.0591614574859705e-08
YJR083C,YBR081C,2.8861659302492626e-05
YJR083C,YFL026W,0.013648019172251225
YJR083C,YHL007C,0.00041554111521691084
YJR083C,YNR044W,0.0026832150761038065
YJR083C,YNL271C,0.999810516834259
YJR083C,YDR200C,0.00037936720764264464
YJR083C,YKL178C,1.073939415618952e-06
YJR083C,YOR212W,0.9999912977218628
YJR083C,YOL111C,0.0034787131007760763
YJR083C,YGL032C,0.782417893409729
YJR083C,YHR005C,0.8768101930618286
YJR083C,YDR103W,5.838091965415515e-06
YJR083C,YJR084W,0.03401579335331917
YJR083C,YCL032W,0.5473852753639221
YJR083C,YJL170C,0.00010730524809332564
YJR083C,YDR179C,0.0001799658639356494
YJR083C,YBR095C,0.1368204802274704
YJR083C,YLL021W,0.1155291199684143
YJR083C,YDL159W,2.1142433581644582e-08
YJR083C,YNL161W,0.9925884008407593
YJR083C,YNL188W,0.0008739404147490859
YJR083C,YJL157C,5.160757932110016e-10
YJR083C,YJL034W,3.027580695370326e-14
YJR083C,YLR238W,0.005896891001611948
YJR083C,YPR141C,0.007451037876307964
YJR083C,YNL127W,0.005681670270860195
YJR083C,YCL055W,1.3500073691830039e-05
YJR083C,YPR122W,8.27239254874712e-09
YJR083C,YMR065W,0.00046704968553967774
YJR083C,YDR356W,0.4907630681991577
YJR083C,YMR052W,0.04625329747796059
YJR083C,YFR008W,2.84035468212096e-06
YJR083C,YLL043W,0.005783121567219496
YJR083C,YMR029C,0.5103687047958374
YJR083C,YJR004C,0.001656671753153205
YJR083C,YDL223C,3.433619042425562e-07
YJR083C,YHR158C,0.032710324972867966
YJR083C,YGR238C,6.830346704900236e-11
YJR083C,YIL015W,0.23024262487888336
YJR083C,YGL173C,0.9989288449287415
YJR083C,YDL225W,9.499213149410934e-08
YJR083C,YLR330W,1.9484961740090512e-05
YJR083C,YBR129C,0.004046797286719084
YJR083C,YKR095W-A,0.2020167112350464
YJR083C,YPR075C,3.743740606410029e-08
YJR083C,YMR198W,1.0490087021253203e-08
YJR083C,YOR127W,9.378824472605629e-08
YJR083C,YDR264C,0.006795799359679222
YJR083C,YLR110C,7.164308772189543e-05
YJR083C,YDR379W,0.00015425434685312212
YJR083C,YDL100C,0.3100898265838623
YJR083C,YHR073W,0.0001130383534473367
YJR083C,YJR090C,0.001299397787079215
YJR083C,YOR208W,0.1866387277841568
YJR083C,YBR040W,0.9999754428863525
YJR083C,YNL279W,0.016376104205846786
YJR083C,YER075C,0.0012386504095047712
YJR083C,YCR089W,6.280138677539071e-06
YJR083C,YCR002C,0.9999504089355469
YJR083C,YJL108C,1.1302715392957907e-05
YJR083C,YBR200W,4.491914040727352e-08
YJR083C,YIL026C,0.0071291676722466946
YJR083C,YJR076C,4.8648448824906154e-08
YJR083C,YKR031C,0.06705544888973236
YJR083C,YPL192C,0.5958741903305054
YJR083C,YHR107C,6.028063944540918e-05
YJR083C,YIL037C,0.06278815120458603
YJR083C,YPL156C,3.211264265701175e-05
YJR083C,YIL117C,9.472656686826397e-11
YJR083C,YHR066W,5.914058576628883e-15
YJR083C,YML085C,3.972778722527437e-05
YJR083C,YML047C,0.9804304242134094
YJR083C,YDR312W,0.07373420149087906
YJR083C,YFL037W,0.9076762795448303
YJR083C,YDL038C,0.2020167112350464
YJR083C,YDL039C,4.2373535791284667e-08
YJR083C,YCL027W,0.0004095526528544724
YJR083C,YML124C,0.0009445493342354894
YJR083C,YGL053W,1.924897219396371e-08
YJR083C,YMR232W,0.0002102889120578766
YJR083C,YNL298W,2.101274674259912e-07
YJR083C,YGL099W,4.81775205116719e-05
YJR083C,YBL016W,0.09982743859291077
YJR083C,YAL041W,9.691391460364684e-05
YJR083C,YDR085C,1.1063605143135646e-08
YJR083C,YPL187W,0.0006109762471169233
YJR083C,YPL256C,1.0547889672807287e-08
YJR083C,YDR461W,0.9567545056343079
YJR083C,YNL145W,1.263634544557135e-06
YOL120C,YDL165W,6.848442808404798e-07
YOL120C,YGR059W,2.640805736962165e-16
YOL120C,YBR109C,2.21502727981715e-06
YOL120C,YJL080C,0.00035238670534454286
YOL120C,YCR093W,6.573334758286364e-06
YOL120C,YIL122W,0.006734299473464489
YOL120C,YCL029C,1.0149615523036282e-11
YOL120C,YNL173C,0.00018048792844638228
YOL120C,YLR452C,5.858152851700993e-10
YOL120C,YDL160C,3.9413247776565186e-08
YOL120C,YLR229C,1.9610739400377497e-05
YOL120C,YML057W,3.727165172445271e-21
YOL120C,YER149C,1.7743996549857144e-10
YOL120C,YMR305C,9.241777964144658e-18
YOL120C,YLR433C,1.208451436696123e-07
YOL120C,YJL073W,1.8250862012791913e-06
YOL120C,YGR279C,2.988795459056201e-17
YOL120C,YKL190W,4.2842628750205947e-11
YOL120C,YGL089C,1.8842425220100267e-07
YOL120C,YJL019W,0.0011563037987798452
YOL120C,YJL018W,0.00011019501835107803
YOL120C,YNR032C-A,9.615142744223704e-07
YOL120C,YGL178W,6.349224478220513e-20
YOL120C,YKL116C,6.772041648187932e-17
YOL120C,YDL214C,0.7123319506645203
YOL120C,YLR362W,5.087018653537889e-11
YOL120C,YER068W,0.0016008774982765317
YOL120C,YHR084W,3.57129124495259e-07
YOL120C,YDR392W,1.72919012736975e-15
YOL120C,YNL053W,1.240942786896737e-12
YOL120C,YGR040W,1.71923062453061e-07
YOL120C,YDL216C,0.000864244531840086
YOL120C,YOL117W,2.969571533117943e-10
YOL120C,YJR086W,0.9683889150619507
YOL120C,YMR025W,0.43635106086730957
YOL120C,YBR081C,0.9912050366401672
YOL120C,YFL026W,0.002888962859287858
YOL120C,YHL007C,2.2826358858640816e-11
YOL120C,YNR044W,1.4394511254067766e-06
YOL120C,YNL271C,1.23645285831743e-21
YOL120C,YDR200C,5.808247749428119e-08
YOL120C,YKL178C,0.0006033855024725199
YOL120C,YOR212W,5.624374210810856e-08
YOL120C,YOL111C,2.6406059630557088e-11
YOL120C,YGL032C,1.3164201391191455e-06
YOL120C,YHR005C,0.9860403537750244
YOL120C,YDR103W,0.04354139044880867
YOL120C,YJR084W,1.3240005758419215e-09
YOL120C,YCL032W,8.28747397463303e-06
YOL120C,YJL170C,5.524706736537155e-08
YOL120C,YDR179C,1.062704272996283e-13
YOL120C,YBR095C,0.0007697813562117517
YOL120C,YLL021W,2.8342783675583405e-09
YOL120C,YDL159W,1.968494405023627e-15
YOL120C,YNL161W,0.00028773577651008964
YOL120C,YNL188W,2.097074944251709e-11
YOL120C,YJL157C,2.5510717670262917e-12
YOL120C,YJL034W,1.988187280395905e-19
YOL120C,YLR238W,0.2151821106672287
YOL120C,YPR141C,3.9490111181095244e-10
YOL120C,YNL127W,0.012817605398595333
YOL120C,YCL055W,2.0278205926493181e-13
YOL120C,YPR122W,1.6042124116211198e-05
YOL120C,YMR065W,9.28084098461568e-09
YOL120C,YDR356W,0.0004396111180540174
YOL120C,YMR052W,0.0006357484380714595
YOL120C,YFR008W,3.4321098496548075e-07
YOL120C,YLL043W,9.251042683899868e-06
YOL120C,YMR029C,1.5298087111660363e-18
YOL120C,YJR004C,0.000981819466687739
YOL120C,YDL223C,5.605324494557649e-22
YOL120C,YHR158C,1.150888735423905e-07
YOL120C,YGR238C,4.9869163025418814e-14
YOL120C,YIL015W,8.620755579613615e-06
YOL120C,YGL173C,0.0014361535431817174
YOL120C,YDL225W,9.198474515415e-08
YOL120C,YLR330W,9.1639716648384e-13
YOL120C,YBR129C,0.0020011370070278645
YOL120C,YKR095W-A,0.2020167112350464
YOL120C,YPR075C,2.662599918323849e-08
YOL120C,YMR198W,1.5464536318177124e-08
YOL120C,YOR127W,4.6744517978591915e-12
YOL120C,YDR264C,3.1196941731315153e-12
YOL120C,YLR110C,1.3652301940048893e-19
YOL120C,YDR379W,0.3156825602054596
YOL120C,YDL100C,2.4511907715269225e-19
YOL120C,YHR073W,0.00468127615749836
YOL120C,YJR090C,0.000671462737955153
YOL120C,YOR208W,0.010488071478903294
YOL120C,YBR040W,1.88907847586961e-06
YOL120C,YNL279W,1.4276989313000144e-11
YOL120C,YER075C,1.5662911323488515e-07
YOL120C,YCR089W,0.24670182168483734
YOL120C,YCR002C,4.570657546019985e-15
YOL120C,YJL108C,2.3000735893674573e-07
YOL120C,YBR200W,6.33612071396783e-05
YOL120C,YIL026C,3.9302609777802644e-11
YOL120C,YJR076C,2.806397336740929e-09
YOL120C,YKR031C,5.221655783316237e-07
YOL120C,YPL192C,2.1736605571032186e-12
YOL120C,YHR107C,6.035251658431662e-07
YOL120C,YIL037C,1.8796085043959465e-07
YOL120C,YPL156C,4.202071977488231e-06
YOL120C,YIL117C,2.173444720402764e-16
YOL120C,YHR066W,1.435533636406916e-10
YOL120C,YML085C,2.250869123522748e-17
YOL120C,YML047C,0.9937713742256165
YOL120C,YDR312W,5.359186616260558e-06
YOL120C,YFL037W,1.0952573292755119e-09
YOL120C,YDL038C,0.2020167112350464
YOL120C,YDL039C,1.558507039415043e-17
YOL120C,YCL027W,3.214828225850397e-08
YOL120C,YML124C,1.614470737850706e-16
YOL120C,YGL053W,2.462231942857232e-14
YOL120C,YMR232W,0.007926485501229763
YOL120C,YNL298W,7.217162760753126e-07
YOL120C,YGL099W,8.389891263504978e-06
YOL120C,YBL016W,1.2731259380061033e-09
YOL120C,YAL041W,0.020723439753055573
YOL120C,YDR085C,0.0018614712171256542
YOL120C,YPL187W,0.056864604353904724
YOL120C,YPL256C,1.4825743305463137e-22
YOL120C,YDR461W,4.182561957367936e-14
YOL120C,YNL145W,3.2628017041652635e-12
YCL024W,YDL165W,0.006549058016389608
YCL024W,YGR059W,1.0988516346843724e-10
YCL024W,YBR109C,1.4375818244150018e-12
YCL024W,YJL080C,1.1381598596926779e-07
YCL024W,YCR093W,0.0002608988725114614
YCL024W,YIL122W,0.021528400480747223
YCL024W,YCL029C,3.0686917451561158e-09
YCL024W,YNL173C,0.003987376112490892
YCL024W,YLR452C,0.031207798048853874
YCL024W,YDL160C,9.43366831052117e-05
YCL024W,YLR229C,1.9087886826696376e-08
YCL024W,YML057W,0.25791221857070923
YCL024W,YER149C,6.22266770733404e-06
YCL024W,YMR305C,0.9900736808776855
YCL024W,YLR433C,2.4222154024755582e-05
YCL024W,YJL073W,2.15710695833371e-12
YCL024W,YGR279C,1.9194134129318918e-11
YCL024W,YKL190W,0.0002805504482239485
YCL024W,YGL089C,1.2348487026903559e-16
YCL024W,YJL019W,1.6735738483930618e-07
YCL024W,YJL018W,0.0029233302921056747
YCL024W,YNR032C-A,0.15331237018108368
YCL024W,YGL178W,4.2359865801699925e-06
YCL024W,YKL116C,2.447074803058058e-05
YCL024W,YDL214C,0.00016653601778671145
YCL024W,YLR362W,1.756966661048409e-08
YCL024W,YER068W,0.0009371789055876434
YCL024W,YHR084W,1.2504367077781353e-05
YCL024W,YDR392W,0.0002655157004483044
YCL024W,YNL053W,0.9354525208473206
YCL024W,YGR040W,0.5206219553947449
YCL024W,YDL216C,4.129068506379674e-13
YCL024W,YOL117W,8.683322394453796e-10
YCL024W,YJR086W,5.155935014045099e-06
YCL024W,YMR025W,7.535080892573376e-11
YCL024W,YBR081C,5.88082286867575e-07
YCL024W,YFL026W,0.013545292429625988
YCL024W,YHL007C,1.1509547448440571e-07
YCL024W,YNR044W,0.0005786620313301682
YCL024W,YNL271C,2.5166333216475323e-05
YCL024W,YDR200C,8.78373138113453e-11
YCL024W,YKL178C,8.393121220251487e-08
YCL024W,YOR212W,3.494948396109976e-05
YCL024W,YOL111C,4.101249032828491e-06
YCL024W,YGL032C,3.6320180196725005e-09
YCL024W,YHR005C,0.789474606513977
YCL024W,YDR103W,1.3164341908122879e-05
YCL024W,YJR084W,9.808257163967937e-05
YCL024W,YCL032W,1.5409497677865147e-07
YCL024W,YJL170C,0.009304147213697433
YCL024W,YDR179C,0.00013874087017029524
YCL024W,YBR095C,0.167181134223938
YCL024W,YLL021W,0.0006669253925792873
YCL024W,YDL159W,5.820707883685827e-06
YCL024W,YNL161W,9.598221595297218e-07
YCL024W,YNL188W,3.065606961172307e-06
YCL024W,YJL157C,3.9019289488351205e-07
YCL024W,YJL034W,1.5549590898444876e-05
YCL024W,YLR238W,2.5153736714855768e-05
YCL024W,YPR141C,4.627790622180328e-05
YCL024W,YNL127W,0.05682719126343727
YCL024W,YCL055W,0.011798257008194923
YCL024W,YPR122W,0.9999833106994629
YCL024W,YMR065W,1.5182797596935416e-06
YCL024W,YDR356W,0.41373246908187866
YCL024W,YMR052W,0.022515008226037025
YCL024W,YFR008W,1.3644047669458814e-08
YCL024W,YLL043W,0.013761903159320354
YCL024W,YMR029C,1.2076558277840377e-06
YCL024W,YJR004C,1.1168624185209364e-11
YCL024W,YDL223C,8.213053206418408e-07
YCL024W,YHR158C,0.8309167623519897
YCL024W,YGR238C,1.9370836046306295e-09
YCL024W,YIL015W,0.8870617747306824
YCL024W,YGL173C,7.977328641572967e-05
YCL024W,YDL225W,7.495645149901975e-06
YCL024W,YLR330W,6.428280903492123e-05
YCL024W,YBR129C,0.0009688662830740213
YCL024W,YKR095W-A,0.2020167112350464
YCL024W,YPR075C,2.3903325985230595e-09
YCL024W,YMR198W,0.9999374151229858
YCL024W,YOR127W,0.0025249405298382044
YCL024W,YDR264C,7.683459261897951e-05
YCL024W,YLR110C,0.00016242450510617346
YCL024W,YDR379W,3.5744903925660765e-07
YCL024W,YDL100C,3.7577891909279515e-09
YCL024W,YHR073W,7.54958891775459e-05
YCL024W,YJR090C,7.200510026450502e-06
YCL024W,YOR208W,1.1507977859537277e-07
YCL024W,YBR040W,2.506913006072864e-07
YCL024W,YNL279W,0.061408016830682755
YCL024W,YER075C,2.385745823119123e-09
YCL024W,YCR089W,9.723515177029185e-06
YCL024W,YCR002C,4.057107616972644e-06
YCL024W,YJL108C,0.01201814878731966
YCL024W,YBR200W,2.120777109482219e-09
YCL024W,YIL026C,0.0010690886992961168
YCL024W,YJR076C,5.660544515756483e-12
YCL024W,YKR031C,0.0003952751576434821
YCL024W,YPL192C,9.578507160767913e-07
YCL024W,YHR107C,0.00043705434654839337
YCL024W,YIL037C,1.5591273268000805e-06
YCL024W,YPL156C,0.9661175012588501
YCL024W,YIL117C,1.5107115132195759e-06
YCL024W,YHR066W,1.7599112271671213e-12
YCL024W,YML085C,3.912077772838529e-08
YCL024W,YML047C,0.0035170873161405325
YCL024W,YDR312W,2.8229283799419136e-08
YCL024W,YFL037W,3.064959619436536e-09
YCL024W,YDL038C,0.2020167112350464
YCL024W,YDL039C,1.1622189755727819e-12
YCL024W,YCL027W,0.0008612932288087904
YCL024W,YML124C,1.1830610818254483e-13
YCL024W,YGL053W,0.4216769337654114
YCL024W,YMR232W,0.0016580879455432296
YCL024W,YNL298W,0.2343975454568863
YCL024W,YGL099W,4.462135684817764e-13
YCL024W,YBL016W,6.301225766947027e-06
YCL024W,YAL041W,0.9995372295379639
YCL024W,YDR085C,1.923951094795484e-05
YCL024W,YPL187W,0.969785213470459
YCL024W,YPL256C,0.006898229941725731
YCL024W,YDR461W,3.743762704289111e-07
YCL024W,YNL145W,4.999800226612727e-11
YLR314C,YDL165W,0.1284002959728241
YLR314C,YGR059W,0.06856421381235123
YLR314C,YBR109C,0.9991952776908875
YLR314C,YJL080C,5.613050234387629e-05
YLR314C,YCR093W,0.9965697526931763
YLR314C,YIL122W,5.158762306223252e-09
YLR314C,YCL029C,8.769506787409398e-10
YLR314C,YNL173C,4.678231107391184e-06
YLR314C,YLR452C,0.8109123110771179
YLR314C,YDL160C,3.948005542042665e-06
YLR314C,YLR229C,0.3682028651237488
YLR314C,YML057W,4.5256564362716745e-07
YLR314C,YER149C,0.0005369446589611471
YLR314C,YMR305C,0.00184726866427809
YLR314C,YLR433C,0.00020614592358469963
YLR314C,YJL073W,2.2700715073442797e-14
YLR314C,YGR279C,4.716878720500972e-06
YLR314C,YKL190W,0.0002870297175832093
YLR314C,YGL089C,0.03442104533314705
YLR314C,YJL019W,0.09635443985462189
YLR314C,YJL018W,0.0018852646462619305
YLR314C,YNR032C-A,0.9964926838874817
YLR314C,YGL178W,0.001280713826417923
YLR314C,YKL116C,8.109153348812015e-10
YLR314C,YDL214C,0.9998548030853271
YLR314C,YLR362W,3.848864253086504e-06
YLR314C,YER068W,0.07491794973611832
YLR314C,YHR084W,0.0015009277267381549
YLR314C,YDR392W,0.48255017399787903
YLR314C,YNL053W,0.0008978362893685699
YLR314C,YGR040W,0.004162783734500408
YLR314C,YDL216C,3.1924798804539023e-07
YLR314C,YOL117W,0.0024081820156425238
YLR314C,YJR086W,0.9639798998832703
YLR314C,YMR025W,0.6551713943481445
YLR314C,YBR081C,0.39681774377822876
YLR314C,YFL026W,0.054682813584804535
YLR314C,YHL007C,2.0385056490046516e-12
YLR314C,YNR044W,0.9775804281234741
YLR314C,YNL271C,0.14708414673805237
YLR314C,YDR200C,0.8770347237586975
YLR314C,YKL178C,0.0019828141666948795
YLR314C,YOR212W,1.5803165297256783e-05
YLR314C,YOL111C,2.395961828938198e-08
YLR314C,YGL032C,6.457929430325748e-06
YLR314C,YHR005C,3.5430708521744236e-05
YLR314C,YDR103W,0.00047758358414284885
YLR314C,YJR084W,0.0014571991050615907
YLR314C,YCL032W,3.5812786070010816e-09
YLR314C,YJL170C,3.989769084000727e-06
YLR314C,YDR179C,5.848473372260798e-10
YLR314C,YBR095C,0.02084111049771309
YLR314C,YLL021W,0.006020884029567242
YLR314C,YDL159W,5.494698585017943e-10
YLR314C,YNL161W,3.139137334073894e-05
YLR314C,YNL188W,0.00011087676102761179
YLR314C,YJL157C,0.0003578275500331074
YLR314C,YJL034W,3.339666363899596e-05
YLR314C,YLR238W,0.4619773030281067
YLR314C,YPR141C,6.28508350928314e-05
YLR314C,YNL127W,4.5190237869974226e-05
YLR314C,YCL055W,0.002131265588104725
YLR314C,YPR122W,0.9974045157432556
YLR314C,YMR065W,4.411710688145831e-05
YLR314C,YDR356W,0.000999713083729148
YLR314C,YMR052W,0.9520323872566223
YLR314C,YFR008W,2.0807663076993776e-06
YLR314C,YLL043W,2.1530284222137652e-09
YLR314C,YMR029C,0.7927415370941162
YLR314C,YJR004C,2.6602446467904883e-08
YLR314C,YDL223C,8.568279303772307e-16
YLR314C,YHR158C,0.20986461639404297
YLR314C,YGR238C,2.78301950373816e-08
YLR314C,YIL015W,0.9999974966049194
YLR314C,YGL173C,0.02473299950361252
YLR314C,YDL225W,4.0339607949135825e-05
YLR314C,YLR330W,0.00019251271442044526
YLR314C,YBR129C,0.0014047379372641444
YLR314C,YKR095W-A,0.2020167112350464
YLR314C,YPR075C,0.010669565759599209
YLR314C,YMR198W,1.2762207006744575e-05
YLR314C,YOR127W,0.08191118389368057
YLR314C,YDR264C,5.8026656915899366e-05
YLR314C,YLR110C,0.7626383304595947
YLR314C,YDR379W,2.758749724307563e-05
YLR314C,YDL100C,0.0008417972712777555
YLR314C,YHR073W,0.0009568420937284827
YLR314C,YJR090C,0.5770443677902222
YLR314C,YOR208W,2.209996864621644e-06
YLR314C,YBR040W,0.20671461522579193
YLR314C,YNL279W,0.09007194638252258
YLR314C,YER075C,4.484729476672555e-09
YLR314C,YCR089W,0.00016530154971405864
YLR314C,YCR002C,0.15391698479652405
YLR314C,YJL108C,0.938492476940155
YLR314C,YBR200W,0.00024581977049820125
YLR314C,YIL026C,0.06085934117436409
YLR314C,YJR076C,2.886022514303477e-07
YLR314C,YKR031C,0.03034309297800064
YLR314C,YPL192C,0.05716791749000549
YLR314C,YHR107C,5.677505396306515e-05
YLR314C,YIL037C,1.934921419888269e-05
YLR314C,YPL156C,1.34677486585133e-06
YLR314C,YIL117C,0.0014969413168728352
YLR314C,YHR066W,3.432930006344766e-14
YLR314C,YML085C,0.21685798466205597
YLR314C,YML047C,0.049324166029691696
YLR314C,YDR312W,0.020711589604616165
YLR314C,YFL037W,0.00912611186504364
YLR314C,YDL038C,0.2020167112350464
YLR314C,YDL039C,4.4820422373526014e-10
YLR314C,YCL027W,2.3677168314861774e-07
YLR314C,YML124C,0.002642749808728695
YLR314C,YGL053W,0.16188928484916687
YLR314C,YMR232W,0.02532294951379299
YLR314C,YNL298W,0.8453353643417358
YLR314C,YGL099W,4.791724705910383e-08
YLR314C,YBL016W,3.7834859689667155e-09
YLR314C,YAL041W,1.86695069714915e-05
YLR314C,YDR085C,0.0022978386841714382
YLR314C,YPL187W,0.03165262192487717
YLR314C,YPL256C,0.03535153344273567
YLR314C,YDR461W,6.560456426996097e-07
YLR314C,YNL145W,0.009430964477360249
YOR374W,YDL165W,1.6758656329329824e-07
YOR374W,YGR059W,1.6166772781600613e-12
YOR374W,YBR109C,4.004541551694274e-07
YOR374W,YJL080C,3.132467549238349e-11
YOR374W,YCR093W,0.021150019019842148
YOR374W,YIL122W,0.9149666428565979
YOR374W,YCL029C,0.0002491503255441785
YOR374W,YNL173C,0.0003402473230380565
YOR374W,YLR452C,2.498254221224884e-15
YOR374W,YDL160C,9.455629879084881e-08
YOR374W,YLR229C,2.6481945525347328e-09
YOR374W,YML057W,2.604359394808853e-07
YOR374W,YER149C,1.0177827789448202e-06
YOR374W,YMR305C,0.9253783822059631
YOR374W,YLR433C,7.094221450522006e-14
YOR374W,YJL073W,6.811687067749877e-23
YOR374W,YGR279C,7.211617116809066e-07
YOR374W,YKL190W,8.726611555771868e-13
YOR374W,YGL089C,7.879090844653547e-05
YOR374W,YJL019W,6.695997853967128e-06
YOR374W,YJL018W,0.0002726748352870345
YOR374W,YNR032C-A,0.1059233769774437
YOR374W,YGL178W,2.5049628675333224e-05
YOR374W,YKL116C,3.543555848750657e-08
YOR374W,YDL214C,0.1163935661315918
YOR374W,YLR362W,0.00013806305651087314
YOR374W,YER068W,1.2134966809185244e-08
YOR374W,YHR084W,7.44944703082996e-24
YOR374W,YDR392W,2.3088498437573435e-06
YOR374W,YNL053W,0.0019392864778637886
YOR374W,YGR040W,0.14326070249080658
YOR374W,YDL216C,0.8201891183853149
YOR374W,YOL117W,1.0423982788054786e-09
YOR374W,YJR086W,7.010594913481327e-07
YOR374W,YMR025W,0.005991690326482058
YOR374W,YBR081C,1.7475232372277105e-10
YOR374W,YFL026W,2.8067419265490057e-15
YOR374W,YHL007C,8.328190220785459e-11
YOR374W,YNR044W,0.07623078674077988
YOR374W,YNL271C,2.794395381755521e-09
YOR374W,YDR200C,0.0016889055259525776
YOR374W,YKL178C,0.00034902559127658606
YOR374W,YOR212W,3.850862499970437e-15
YOR374W,YOL111C,5.601824337730932e-09
YOR374W,YGL032C,3.3134843222034253e-18
YOR374W,YHR005C,5.653045739850704e-12
YOR374W,YDR103W,4.539739677511534e-07
YOR374W,YJR084W,8.426416897577838e-09
YOR374W,YCL032W,7.169347099988954e-06
YOR374W,YJL170C,0.21925610303878784
YOR374W,YDR179C,7.879706435953704e-12
YOR374W,YBR095C,1.2838236029821815e-09
YOR374W,YLL021W,1.7443380724221913e-12
YOR374W,YDL159W,2.2680444189404625e-08
YOR374W,YNL161W,1.1143712341787904e-10
YOR374W,YNL188W,9.912321630167753e-09
YOR374W,YJL157C,2.4185048588688603e-20
YOR374W,YJL034W,7.213036779030573e-17
YOR374W,YLR238W,0.0003579017356969416
YOR374W,YPR141C,4.959165131497578e-13
YOR374W,YNL127W,0.0015025486936792731
YOR374W,YCL055W,0.0005930156330578029
YOR374W,YPR122W,0.05263063684105873
YOR374W,YMR065W,0.08737601339817047
YOR374W,YDR356W,3.801269849645905e-05
YOR374W,YMR052W,1.207946070280741e-06
YOR374W,YFR008W,1.5413849085987863e-09
YOR374W,YLL043W,4.6703917178092524e-05
YOR374W,YMR029C,0.0029637841507792473
YOR374W,YJR004C,0.02124459110200405
YOR374W,YDL223C,1.3067301551927812e-06
YOR374W,YHR158C,8.131063877758749e-11
YOR374W,YGR238C,0.029192499816417694
YOR374W,YIL015W,5.3633533170227565e-09
YOR374W,YGL173C,0.0017074747011065483
YOR374W,YDL225W,1.1376600923540536e-06
YOR374W,YLR330W,9.664348255000732e-08
YOR374W,YBR129C,0.7279022932052612
YOR374W,YKR095W-A,0.2020167112350464
YOR374W,YPR075C,5.154140671947971e-05
YOR374W,YMR198W,4.472225555218756e-05
YOR374W,YOR127W,1.1107081832051335e-07
YOR374W,YDR264C,9.034228583004733e-07
YOR374W,YLR110C,0.0003319934767205268
YOR374W,YDR379W,0.03124048188328743
YOR374W,YDL100C,1.8063302589799157e-11
YOR374W,YHR073W,0.014858887530863285
YOR374W,YJR090C,6.188790813155265e-09
YOR374W,YOR208W,4.464276571525261e-06
YOR374W,YBR040W,0.00033615404390729964
YOR374W,YNL279W,0.002079241443425417
YOR374W,YER075C,0.004282551817595959
YOR374W,YCR089W,4.5296852476894855e-05
YOR374W,YCR002C,4.799135058419779e-05
YOR374W,YJL108C,2.001871689571999e-05
YOR374W,YBR200W,7.155480489018373e-06
YOR374W,YIL026C,2.6478685563602333e-11
YOR374W,YJR076C,0.015335740521550179
YOR374W,YKR031C,0.0021105422638356686
YOR374W,YPL192C,0.8690524697303772
YOR374W,YHR107C,4.220503287133415e-12
YOR374W,YIL037C,0.9003728032112122
YOR374W,YPL156C,0.020804107189178467
YOR374W,YIL117C,4.196751035578927e-08
YOR374W,YHR066W,2.706583438275012e-12
YOR374W,YML085C,1.240795577395204e-09
YOR374W,YML047C,0.998097836971283
YOR374W,YDR312W,0.9165938496589661
YOR374W,YFL037W,6.1221197382443915e-12
YOR374W,YDL038C,0.2020167112350464
YOR374W,YDL039C,2.738701914495323e-05
YOR374W,YCL027W,0.9999977350234985
YOR374W,YML124C,1.5029749227948516e-14
YOR374W,YGL053W,2.875626669226225e-15
YOR374W,YMR232W,0.11247646063566208
YOR374W,YNL298W,0.13501706719398499
YOR374W,YGL099W,1.4737726149053124e-14
YOR374W,YBL016W,1.727504250759182e-09
YOR374W,YAL041W,0.022388020530343056
YOR374W,YDR085C,1.2633471669687424e-05
YOR374W,YPL187W,1.0623922207741998e-05
YOR374W,YPL256C,0.02143251523375511
YOR374W,YDR461W,2.7034009423686656e-15
YOR374W,YNL145W,4.028400368838447e-08
YDL219W,YDL165W,0.0002675838186405599
YDL219W,YGR059W,7.284659773176827e-07
YDL219W,YBR109C,0.00020470180606935173
YDL219W,YJL080C,8.488184927071124e-16
YDL219W,YCR093W,3.122853513559676e-07
YDL219W,YIL122W,0.0010800018208101392
YDL219W,YCL029C,1.0663851052195028e-10
YDL219W,YNL173C,1.2563550968612471e-14
YDL219W,YLR452C,0.0001674621453275904
YDL219W,YDL160C,5.251648742206393e-16
YDL219W,YLR229C,0.03194446116685867
YDL219W,YML057W,1.536061766671537e-08
YDL219W,YER149C,0.012370471842586994
YDL219W,YMR305C,0.00032779702451080084
YDL219W,YLR433C,6.625268269999651e-06
YDL219W,YJL073W,2.65812274535121e-13
YDL219W,YGR279C,5.644001094934868e-14
YDL219W,YKL190W,4.97881423588975e-12
YDL219W,YGL089C,0.5969576835632324
YDL219W,YJL019W,1.9694176955908915e-08
YDL219W,YJL018W,0.08212348073720932
YDL219W,YNR032C-A,0.05374884977936745
YDL219W,YGL178W,0.0004978686338290572
YDL219W,YKL116C,3.037587203796009e-14
YDL219W,YDL214C,6.85362408603396e-07
YDL219W,YLR362W,0.001471174182370305
YDL219W,YER068W,0.6436080932617188
YDL219W,YHR084W,1.7950435804436893e-08
YDL219W,YDR392W,1.0691012903407682e-05
YDL219W,YNL053W,4.634182035508083e-13
YDL219W,YGR040W,8.158071551633839e-09
YDL219W,YDL216C,0.00022965797688812017
YDL219W,YOL117W,1.5315212206074014e-12
YDL219W,YJR086W,7.255116361193359e-05
YDL219W,YMR025W,0.00022784899920225143
YDL219W,YBR081C,3.475124913165928e-06
YDL219W,YFL026W,0.00023738754680380225
YDL219W,YHL007C,1.1793572696205956e-07
YDL219W,YNR044W,7.457979546432458e-12
YDL219W,YNL271C,1.5598122793392122e-10
YDL219W,YDR200C,4.5586725150315033e-07
YDL219W,YKL178C,3.592045823112844e-13
YDL219W,YOR212W,2.742826472967863e-05
YDL219W,YOL111C,7.738390657430205e-12
YDL219W,YGL032C,2.226118039905245e-10
YDL219W,YHR005C,1.0831082363438327e-05
YDL219W,YDR103W,1.6374096389881743e-07
YDL219W,YJR084W,0.001559679047204554
YDL219W,YCL032W,3.9724012924555185e-13
YDL219W,YJL170C,0.0001441982458345592
YDL219W,YDR179C,1.4752368215908973e-08
YDL219W,YBR095C,2.5510804579909063e-09
YDL219W,YLL021W,6.201271389727481e-07
YDL219W,YDL159W,1.2011353192065144e-06
YDL219W,YNL161W,0.0010690958006307483
YDL219W,YNL188W,2.095250692946138e-06
YDL219W,YJL157C,2.268340654199008e-10
YDL219W,YJL034W,3.1822022350525e-08
YDL219W,YLR238W,9.346376970975623e-12
YDL219W,YPR141C,2.7545599579070768e-08
YDL219W,YNL127W,0.010380405932664871
YDL219W,YCL055W,0.04601730778813362
YDL219W,YPR122W,0.9695408344268799
YDL219W,YMR065W,0.9999843835830688
YDL219W,YDR356W,0.0016923105577006936
YDL219W,YMR052W,2.632284945569552e-10
YDL219W,YFR008W,3.556899912382505e-07
YDL219W,YLL043W,0.001917123212479055
YDL219W,YMR029C,4.0676053636445886e-09
YDL219W,YJR004C,0.005034040194004774
YDL219W,YDL223C,7.570690697066527e-15
YDL219W,YHR158C,1.6386734102979972e-07
YDL219W,YGR238C,3.3951273792354186e-08
YDL219W,YIL015W,0.1111597940325737
YDL219W,YGL173C,8.280778840408232e-12
YDL219W,YDL225W,1.6074691302492283e-06
YDL219W,YLR330W,3.677589347717003e-06
YDL219W,YBR129C,2.502840175111487e-07
YDL219W,YKR095W-A,0.2020167112350464
YDL219W,YPR075C,1.7975336774611606e-09
YDL219W,YMR198W,0.16337525844573975
YDL219W,YOR127W,0.005347291938960552
YDL219W,YDR264C,3.1785842224962835e-07
YDL219W,YLR110C,6.441547295565897e-10
YDL219W,YDR379W,7.877873576944694e-05
YDL219W,YDL100C,0.002282494679093361
YDL219W,YHR073W,7.067034744068224e-07
YDL219W,YJR090C,0.0010899865301325917
YDL219W,YOR208W,6.422347951229312e-07
YDL219W,YBR040W,0.007199930492788553
YDL219W,YNL279W,0.008879518136382103
YDL219W,YER075C,1.3846018191543408e-05
YDL219W,YCR089W,4.16617258451879e-05
YDL219W,YCR002C,1.444772079750578e-09
YDL219W,YJL108C,0.002210152568295598
YDL219W,YBR200W,9.141557733016725e-09
YDL219W,YIL026C,2.271507959505925e-08
YDL219W,YJR076C,0.0002583522582426667
YDL219W,YKR031C,0.0005798009224236012
YDL219W,YPL192C,0.00012503955804277211
YDL219W,YHR107C,0.003868791740387678
YDL219W,YIL037C,0.0002695385192055255
YDL219W,YPL156C,9.958465625459212e-07
YDL219W,YIL117C,6.399750729357834e-10
YDL219W,YHR066W,1.0449685328109713e-16
YDL219W,YML085C,2.8435819237476734e-12
YDL219W,YML047C,0.05341729894280434
YDL219W,YDR312W,1.4076348593683452e-12
YDL219W,YFL037W,2.3085415250534425e-06
YDL219W,YDL038C,0.2020167112350464
YDL219W,YDL039C,7.164967996686755e-08
YDL219W,YCL027W,2.9452964511733626e-08
YDL219W,YML124C,2.3640887424764e-13
YDL219W,YGL053W,1.4421152050303476e-09
YDL219W,YMR232W,1.0839949027285911e-05
YDL219W,YNL298W,0.12982933223247528
YDL219W,YGL099W,7.358268891002479e-19
YDL219W,YBL016W,2.8686258229937422e-11
YDL219W,YAL041W,1.3669757770173874e-08
YDL219W,YDR085C,1.4098013555174926e-11
YDL219W,YPL187W,3.2293926324200584e-06
YDL219W,YPL256C,0.013434686698019505
YDL219W,YDR461W,4.470697589908923e-09
YDL219W,YNL145W,0.00010575762280495837
YPR073C,YDL165W,4.84838274132926e-05
YPR073C,YGR059W,0.003138800384476781
YPR073C,YBR109C,7.628186082797583e-09
YPR073C,YJL080C,8.544671459276287e-07
YPR073C,YCR093W,0.00011749447730835527
YPR073C,YIL122W,0.002304443158209324
YPR073C,YCL029C,2.773955381802501e-13
YPR073C,YNL173C,1.302697114624607e-07
YPR073C,YLR452C,0.01061936467885971
YPR073C,YDL160C,1.798107586694557e-15
YPR073C,YLR229C,0.9685845971107483
YPR073C,YML057W,7.065040149049559e-14
YPR073C,YER149C,9.407293691765517e-05
YPR073C,YMR305C,2.9071638429911673e-09
YPR073C,YLR433C,8.24052847292478e-07
YPR073C,YJL073W,2.7410666007199325e-05
YPR073C,YGR279C,3.1876374873007762e-09
YPR073C,YKL190W,4.8048772441688925e-05
YPR073C,YGL089C,0.00566283380612731
YPR073C,YJL019W,6.243415073131642e-12
YPR073C,YJL018W,0.05775121599435806
YPR073C,YNR032C-A,0.3889700770378113
YPR073C,YGL178W,4.3930889481735846e-10
YPR073C,YKL116C,3.707690120791085e-05
YPR073C,YDL214C,1.529054216575787e-09
YPR073C,YLR362W,1.2695849926913638e-10
YPR073C,YER068W,2.6404021191694937e-09
YPR073C,YHR084W,3.520838021131567e-08
YPR073C,YDR392W,0.965576171875
YPR073C,YNL053W,2.4616449081804603e-05
YPR073C,YGR040W,5.0126607675338164e-05
YPR073C,YDL216C,2.34445724345278e-06
YPR073C,YOL117W,1.934543414350287e-09
YPR073C,YJR086W,1.512131007075368e-07
YPR073C,YMR025W,0.00482086231932044
YPR073C,YBR081C,0.00021351528994273394
YPR073C,YFL026W,4.494543190958211e-06
YPR073C,YHL007C,2.3245442207553424e-05
YPR073C,YNR044W,5.54881340875113e-09
YPR073C,YNL271C,6.528775315928215e-07
YPR073C,YDR200C,1.552245620928261e-08
YPR073C,YKL178C,0.0006241835071705282
YPR073C,YOR212W,4.845338025916135e-06
YPR073C,YOL111C,1.7727796830513398e-06
YPR073C,YGL032C,1.1828271695435433e-08
YPR073C,YHR005C,0.20452891290187836
YPR073C,YDR103W,9.070127049426446e-08
YPR073C,YJR084W,5.388093268265948e-05
YPR073C,YCL032W,3.2014359021559358e-06
YPR073C,YJL170C,6.757408521629316e-10
YPR073C,YDR179C,1.7058351886589662e-07
YPR073C,YBR095C,0.0005222350009717047
YPR073C,YLL021W,0.001410500262863934
YPR073C,YDL159W,1.694646367678132e-10
YPR073C,YNL161W,0.024867529049515724
YPR073C,YNL188W,7.963599273352884e-07
YPR073C,YJL157C,3.926917385016493e-12
YPR073C,YJL034W,8.259656847364738e-12
YPR073C,YLR238W,2.063786297412662e-08
YPR073C,YPR141C,1.8309336269339838e-07
YPR073C,YNL127W,3.187131767390383e-07
YPR073C,YCL055W,0.0013326907064765692
YPR073C,YPR122W,6.040773996573989e-07
YPR073C,YMR065W,1.3617351214634255e-05
YPR073C,YDR356W,1.533691283839289e-05
YPR073C,YMR052W,1.551072818983812e-05
YPR073C,YFR008W,6.467276398325339e-05
YPR073C,YLL043W,1.7743342368703452e-06
YPR073C,YMR029C,0.28951844573020935
YPR073C,YJR004C,1.6306480574712623e-06
YPR073C,YDL223C,4.299220078248303e-14
YPR073C,YHR158C,7.629001629538834e-05
YPR073C,YGR238C,7.921110599037884e-13
YPR073C,YIL015W,1.1993141697530518e-06
YPR073C,YGL173C,0.9918593764305115
YPR073C,YDL225W,0.5286245942115784
YPR073C,YLR330W,0.03316672518849373
YPR073C,YBR129C,0.34004586935043335
YPR073C,YKR095W-A,0.2020167112350464
YPR073C,YPR075C,4.128293828310263e-18
YPR073C,YMR198W,0.06406836211681366
YPR073C,YOR127W,2.967043855051088e-08
YPR073C,YDR264C,0.0003645530669018626
YPR073C,YLR110C,3.2849194284839678e-12
YPR073C,YDR379W,1.4510935216094367e-05
YPR073C,YDL100C,2.4647097696117726e-09
YPR073C,YHR073W,6.068536606562702e-08
YPR073C,YJR090C,0.001737670274451375
YPR073C,YOR208W,3.5504377216000194e-11
YPR073C,YBR040W,2.1931616345227667e-07
YPR073C,YNL279W,7.543568547596635e-10
YPR073C,YER075C,2.633178268799611e-14
YPR073C,YCR089W,2.1012717322968326e-14
YPR073C,YCR002C,1.3422200595414324e-07
YPR073C,YJL108C,2.3577304375521635e-07
YPR073C,YBR200W,1.33655376544084e-07
YPR073C,YIL026C,2.776074779831106e-06
YPR073C,YJR076C,9.873323512932242e-12
YPR073C,YKR031C,4.05088303523371e-06
YPR073C,YPL192C,4.412211637827568e-06
YPR073C,YHR107C,0.001213256735354662
YPR073C,YIL037C,2.055519144050777e-05
YPR073C,YPL156C,2.876125790862716e-07
YPR073C,YIL117C,0.0003176919708494097
YPR073C,YHR066W,6.714043925860891e-15
YPR073C,YML085C,4.533623698677047e-09
YPR073C,YML047C,2.3443656118615763e-06
YPR073C,YDR312W,2.9726771044735756e-10
YPR073C,YFL037W,3.799750292188264e-09
YPR073C,YDL038C,0.2020167112350464
YPR073C,YDL039C,9.154949793810374e-07
YPR073C,YCL027W,0.01214800588786602
YPR073C,YML124C,1.6469890340431448e-08
YPR073C,YGL053W,0.16304577887058258
YPR073C,YMR232W,4.690275723362447e-09
YPR073C,YNL298W,4.977594447730382e-10
YPR073C,YGL099W,1.9800588252349982e-11
YPR073C,YBL016W,5.61131419107852e-11
YPR073C,YAL041W,0.00012237198825459927
YPR073C,YDR085C,0.17502973973751068
YPR073C,YPL187W,0.7810660004615784
YPR073C,YPL256C,3.4580159373985564e-13
YPR073C,YDR461W,2.4244593078037724e-05
YPR073C,YNL145W,5.037011252539969e-09
YGL144C,YDL165W,0.0014400422805920243
YGL144C,YGR059W,6.175231437310913e-09
YGL144C,YBR109C,8.526934038854961e-07
YGL144C,YJL080C,1.4204710324650094e-11
YGL144C,YCR093W,0.012367606163024902
YGL144C,YIL122W,0.000231527432333678
YGL144C,YCL029C,2.9335183587830826e-11
YGL144C,YNL173C,0.00017016680794768035
YGL144C,YLR452C,0.02094479836523533
YGL144C,YDL160C,0.163197860121727
YGL144C,YLR229C,6.57176979501628e-09
YGL144C,YML057W,0.0013975045876577497
YGL144C,YER149C,2.422723628114909e-05
YGL144C,YMR305C,3.748473496119516e-14
YGL144C,YLR433C,1.27893952139857e-06
YGL144C,YJL073W,0.0007983612595126033
YGL144C,YGR279C,1.3897668606210889e-11
YGL144C,YKL190W,2.2746615286450833e-05
YGL144C,YGL089C,2.7325713247705608e-08
YGL144C,YJL019W,2.175148505756397e-09
YGL144C,YJL018W,0.10053578019142151
YGL144C,YNR032C-A,0.4730360805988312
YGL144C,YGL178W,0.0007744022877886891
YGL144C,YKL116C,2.8037211450282484e-06
YGL144C,YDL214C,6.0257538279984146e-05
YGL144C,YLR362W,0.2634309232234955
YGL144C,YER068W,7.173459692921824e-08
YGL144C,YHR084W,4.4840953705715947e-07
YGL144C,YDR392W,3.888317579026079e-08
YGL144C,YNL053W,0.01757984049618244
YGL144C,YGR040W,0.0007762205204926431
YGL144C,YDL216C,2.1197749902057694e-06
YGL144C,YOL117W,0.0001372928381897509
YGL144C,YJR086W,0.0007362394244410098
YGL144C,YMR025W,1.4164227650326211e-05
YGL144C,YBR081C,5.303133931988668e-09
YGL144C,YFL026W,1.2555508988043584e-07
YGL144C,YHL007C,0.0002514791558496654
YGL144C,YNR044W,3.908732781887636e-10
YGL144C,YNL271C,0.07123664766550064
YGL144C,YDR200C,0.1951177716255188
YGL144C,YKL178C,2.339192901879006e-11
YGL144C,YOR212W,1.9959789376855497e-09
YGL144C,YOL111C,2.2757664197570193e-08
YGL144C,YGL032C,0.002776408800855279
YGL144C,YHR005C,0.0013551067095249891
YGL144C,YDR103W,8.26009054435417e-05
YGL144C,YJR084W,0.00032332551199942827
YGL144C,YCL032W,7.816706784069538e-05
YGL144C,YJL170C,7.343159609263239e-07
YGL144C,YDR179C,0.5581454038619995
YGL144C,YBR095C,1.60925139880419e-06
YGL144C,YLL021W,1.6217827081277392e-08
YGL144C,YDL159W,2.1976505593102047e-07
YGL144C,YNL161W,0.8831029534339905
YGL144C,YNL188W,8.224341208062924e-10
YGL144C,YJL157C,3.1909479503156035e-08
YGL144C,YJL034W,8.31369868103558e-15
YGL144C,YLR238W,1.2545958716358996e-09
YGL144C,YPR141C,0.02278026007115841
YGL144C,YNL127W,3.382775321369991e-05
YGL144C,YCL055W,1.2162151494243822e-11
YGL144C,YPR122W,0.008358540944755077
YGL144C,YMR065W,0.00017318609752692282
YGL144C,YDR356W,0.018886741250753403
YGL144C,YMR052W,3.1864801712799817e-06
YGL144C,YFR008W,2.159861287509557e-05
YGL144C,YLL043W,1.3740834248210376e-08
YGL144C,YMR029C,0.8063871264457703
YGL144C,YJR004C,5.551827886307592e-10
YGL144C,YDL223C,3.467522446953808e-08
YGL144C,YHR158C,0.6276809573173523
YGL144C,YGR238C,9.391719686391298e-07
YGL144C,YIL015W,0.9986234903335571
YGL144C,YGL173C,0.025097036734223366
YGL144C,YDL225W,3.243833646138228e-07
YGL144C,YLR330W,5.739823547012968e-12
YGL144C,YBR129C,0.042207323014736176
YGL144C,YKR095W-A,0.2020167112350464
YGL144C,YPR075C,0.022810472175478935
YGL144C,YMR198W,0.00010726228356361389
YGL144C,YOR127W,0.04989175871014595
YGL144C,YDR264C,0.03607488051056862
YGL144C,YLR110C,1.307322509092046e-05
YGL144C,YDR379W,0.014873644337058067
YGL144C,YDL100C,8.479979669573368e-07
YGL144C,YHR073W,6.139689503470436e-07
YGL144C,YJR090C,0.7049875259399414
YGL144C,YOR208W,2.8190632406221994e-07
YGL144C,YBR040W,0.0008486753213219345
YGL144C,YNL279W,1.6002114477942087e-07
YGL144C,YER075C,1.3311285407269224e-09
YGL144C,YCR089W,1.8328853990112748e-09
YGL144C,YCR002C,0.0018402062123641372
YGL144C,YJL108C,0.963169276714325
YGL144C,YBR200W,3.306671942482353e-06
YGL144C,YIL026C,5.501991751089008e-08
YGL144C,YJR076C,4.2235195896189737e-10
YGL144C,YKR031C,0.0018388850148767233
YGL144C,YPL192C,0.008194123394787312
YGL144C,YHR107C,1.242726407890693e-12
YGL144C,YIL037C,0.5637588500976562
YGL144C,YPL156C,1.6040317859733477e-05
YGL144C,YIL117C,4.3374689256969745e-11
YGL144C,YHR066W,1.38775430152927e-14
YGL144C,YML085C,1.3344289229166861e-08
YGL144C,YML047C,5.350257836767014e-08
YGL144C,YDR312W,9.551848052069545e-06
YGL144C,YFL037W,1.262046131662864e-12
YGL144C,YDL038C,0.2020167112350464
YGL144C,YDL039C,6.695233950582136e-11
YGL144C,YCL027W,4.627821908798069e-06
YGL144C,YML124C,1.8319443184644513e-10
YGL144C,YGL053W,0.00025876861764118075
YGL144C,YMR232W,1.2955521810908976e-07
YGL144C,YNL298W,5.804903366879444e-07
YGL144C,YGL099W,2.1147200310323022e-11
YGL144C,YBL016W,1.6812587944059487e-07
YGL144C,YAL041W,0.0007781797903589904
YGL144C,YDR085C,4.0636365383761586e-08
YGL144C,YPL187W,6.822654086136026e-07
YGL144C,YPL256C,1.0570120840063964e-16
YGL144C,YDR461W,9.732464968692511e-05
YGL144C,YNL145W,6.729195759641593e-12
YER065C,YDL165W,7.254337219819718e-08
YER065C,YGR059W,0.7554418444633484
YER065C,YBR109C,1.4531561717823216e-14
YER065C,YJL080C,3.884635321749208e-11
YER065C,YCR093W,0.0002523469156585634
YER065C,YIL122W,2.8846406152638338e-08
YER065C,YCL029C,1.4750664578677686e-10
YER065C,YNL173C,0.010364013724029064
YER065C,YLR452C,1.4221917914170046e-12
YER065C,YDL160C,1.5343488257713034e-08
YER065C,YLR229C,4.356619665718542e-12
YER065C,YML057W,6.618213888032187e-08
YER065C,YER149C,3.09628345185331e-09
YER065C,YMR305C,3.0799525120528415e-05
YER065C,YLR433C,1.6706118433074124e-10
YER065C,YJL073W,0.004508808255195618
YER065C,YGR279C,1.1807126457097361e-12
YER065C,YKL190W,2.5654749435943813e-09
YER065C,YGL089C,7.795517703579335e-11
YER065C,YJL019W,0.340619832277298
YER065C,YJL018W,0.0012329897144809365
YER065C,YNR032C-A,0.42592284083366394
YER065C,YGL178W,1.4356629662870546e-07
YER065C,YKL116C,1.682007033654287e-10
YER065C,YDL214C,0.0023103905841708183
YER065C,YLR362W,3.6118069601798197e-07
YER065C,YER068W,8.724056893560928e-11
YER065C,YHR084W,6.496460053934117e-12
YER065C,YDR392W,0.00019831900135613978
YER065C,YNL053W,0.9993182420730591
YER065C,YGR040W,1.6669688632925395e-12
YER065C,YDL216C,1.4501887104362288e-13
YER065C,YOL117W,5.476040314533748e-06
YER065C,YJR086W,1.7786903135259824e-13
YER065C,YMR025W,3.291153916507028e-05
YER065C,YBR081C,0.9555565118789673
YER065C,YFL026W,1.0379931370809933e-14
YER065C,YHL007C,0.0013402699260041118
YER065C,YNR044W,1.839522090207879e-09
YER065C,YNL271C,3.889280009161666e-09
YER065C,YDR200C,1.1484011658291493e-11
YER065C,YKL178C,0.9365055561065674
YER065C,YOR212W,3.0983295573605574e-07
YER065C,YOL111C,1.6561516531510279e-06
YER065C,YGL032C,1.672628507053131e-12
YER065C,YHR005C,9.572952847092253e-11
YER065C,YDR103W,3.177766120643355e-05
YER065C,YJR084W,8.392748843989717e-13
YER065C,YCL032W,0.00035723208566196263
YER065C,YJL170C,4.9812104407465085e-05
YER065C,YDR179C,1.7920434913776262e-08
YER065C,YBR095C,1.632238268156616e-11
YER065C,YLL021W,1.3297351863263547e-17
YER065C,YDL159W,2.2482620209984816e-08
YER065C,YNL161W,0.10359020531177521
YER065C,YNL188W,1.5090480135013934e-13
YER065C,YJL157C,1.1762131380842525e-15
YER065C,YJL034W,4.155116251070012e-09
YER065C,YLR238W,8.505324222696231e-10
YER065C,YPR141C,1.0659717190719675e-05
YER065C,YNL127W,4.2593575888538737e-10
YER065C,YCL055W,5.665880525168587e-12
YER065C,YPR122W,3.8523909756671415e-11
YER065C,YMR065W,2.5096152711512332e-08
YER065C,YDR356W,2.8056524570274632e-06
YER065C,YMR052W,1.6984216699711396e-06
YER065C,YFR008W,3.304327644837457e-10
YER065C,YLL043W,5.528559086087625e-07
YER065C,YMR029C,4.188611610334014e-11
YER065C,YJR004C,1.3541157386498526e-06
YER065C,YDL223C,4.928199626164087e-09
YER065C,YHR158C,1.14072217383826e-13
YER065C,YGR238C,2.55745997296275e-11
YER065C,YIL015W,9.686856720235351e-17
YER065C,YGL173C,0.010007243603467941
YER065C,YDL225W,1.420285555830958e-09
YER065C,YLR330W,1.2653181280519732e-10
YER065C,YBR129C,2.7843649608172427e-10
YER065C,YKR095W-A,0.2020167112350464
YER065C,YPR075C,2.4222268621088006e-05
YER065C,YMR198W,1.1399753020668868e-05
YER065C,YOR127W,1.5140415776573185e-13
YER065C,YDR264C,5.238522060579953e-09
YER065C,YLR110C,2.1882278815610334e-06
YER065C,YDR379W,2.760919097510861e-12
YER065C,YDL100C,5.788746218482466e-13
YER065C,YHR073W,1.7667169116553083e-10
YER065C,YJR090C,2.6820987097941895e-10
YER065C,YOR208W,1.1319392797304317e-05
YER065C,YBR040W,0.0062572588212788105
YER065C,YNL279W,0.9994956254959106
YER065C,YER075C,1.4624829702825082e-07
YER065C,YCR089W,7.229032661371093e-08
YER065C,YCR002C,2.096659409289714e-05
YER065C,YJL108C,1.231899478260079e-11
YER065C,YBR200W,6.18779590825895e-14
YER065C,YIL026C,3.670994192361832e-05
YER065C,YJR076C,1.6253724061110475e-11
YER065C,YKR031C,4.5539352868217975e-05
YER065C,YPL192C,0.004295937716960907
YER065C,YHR107C,0.0008826084667816758
YER065C,YIL037C,1.6400867934862617e-06
YER065C,YPL156C,6.3063598645385355e-06
YER065C,YIL117C,9.938610942257856e-14
YER065C,YHR066W,5.448206330527228e-10
YER065C,YML085C,3.1231379580276553e-06
YER065C,YML047C,7.604371785419062e-05
YER065C,YDR312W,3.7878205603192328e-06
YER065C,YFL037W,6.774526809749659e-06
YER065C,YDL038C,0.2020167112350464
YER065C,YDL039C,3.631219491762039e-10
YER065C,YCL027W,6.650545003594743e-08
YER065C,YML124C,1.1193009816527419e-13
YER065C,YGL053W,5.886796383691717e-09
YER065C,YMR232W,0.00030910392524674535
YER065C,YNL298W,5.290156507298249e-11
YER065C,YGL099W,3.539065573932021e-06
YER065C,YBL016W,2.8277178376612255e-09
YER065C,YAL041W,4.4019270717399195e-05
YER065C,YDR085C,2.310137642780319e-05
YER065C,YPL187W,9.059568242264504e-07
YER065C,YPL256C,1.9468471634809248e-07
YER065C,YDR461W,1.9750568221473914e-19
YER065C,YNL145W,6.082787162853265e-09
YHR096C,YDL165W,4.838137845268684e-16
YHR096C,YGR059W,1.1286049270706547e-13
YHR096C,YBR109C,1.46879795652477e-13
YHR096C,YJL080C,7.685891853514981e-12
YHR096C,YCR093W,4.7615172661608085e-05
YHR096C,YIL122W,3.313904040069815e-09
YHR096C,YCL029C,2.603320337080106e-10
YHR096C,YNL173C,1.9083443592721183e-12
YHR096C,YLR452C,3.254651864854907e-13
YHR096C,YDL160C,5.400372060648806e-07
YHR096C,YLR229C,1.2474107857762817e-10
YHR096C,YML057W,4.994536126232086e-16
YHR096C,YER149C,4.847551338116318e-08
YHR096C,YMR305C,0.9969141483306885
YHR096C,YLR433C,1.3907528462198115e-08
YHR096C,YJL073W,1.9360355096864623e-08
YHR096C,YGR279C,0.0021888981573283672
YHR096C,YKL190W,1.4238551102607744e-06
YHR096C,YGL089C,0.9277613162994385
YHR096C,YJL019W,0.0031771210487931967
YHR096C,YJL018W,0.0018167616799473763
YHR096C,YNR032C-A,0.9973932504653931
YHR096C,YGL178W,7.344645447382447e-10
YHR096C,YKL116C,2.0867435523541644e-05
YHR096C,YDL214C,0.00014103241846896708
YHR096C,YLR362W,7.68634708947502e-06
YHR096C,YER068W,2.1381167236017573e-12
YHR096C,YHR084W,9.991281166687174e-21
YHR096C,YDR392W,8.158009222825058e-06
YHR096C,YNL053W,0.49555498361587524
YHR096C,YGR040W,2.301436126117551e-07
YHR096C,YDL216C,0.6190516948699951
YHR096C,YOL117W,1.4656916791366825e-09
YHR096C,YJR086W,4.09506019283972e-17
YHR096C,YMR025W,3.3444300129303883e-07
YHR096C,YBR081C,0.0008479017415083945
YHR096C,YFL026W,0.0003146673843730241
YHR096C,YHL007C,6.480868460975991e-15
YHR096C,YNR044W,0.8882105946540833
YHR096C,YNL271C,3.3752100989659084e-06
YHR096C,YDR200C,1.4469836173702788e-07
YHR096C,YKL178C,0.002561821136623621
YHR096C,YOR212W,1.5095095312611662e-12
YHR096C,YOL111C,0.002510318299755454
YHR096C,YGL032C,4.685763817837687e-15
YHR096C,YHR005C,3.014916062030887e-13
YHR096C,YDR103W,7.475725767591701e-12
YHR096C,YJR084W,1.6617787264256675e-23
YHR096C,YCL032W,0.00240461272187531
YHR096C,YJL170C,3.703789011599845e-12
YHR096C,YDR179C,1.3979591681305414e-13
YHR096C,YBR095C,1.2466769838681557e-08
YHR096C,YLL021W,8.74821395879799e-12
YHR096C,YDL159W,6.426491825674285e-13
YHR096C,YNL161W,0.004326037131249905
YHR096C,YNL188W,9.73122840988716e-13
YHR096C,YJL157C,1.817675273916293e-20
YHR096C,YJL034W,2.1640993441707224e-09
YHR096C,YLR238W,0.03174581006169319
YHR096C,YPR141C,0.9868751168251038
YHR096C,YNL127W,8.872006428128909e-12
YHR096C,YCL055W,2.276646142718164e-07
YHR096C,YPR122W,6.283784159677452e-08
YHR096C,YMR065W,0.00017833946913015097
YHR096C,YDR356W,6.60429222421044e-08
YHR096C,YMR052W,0.0016049861442297697
YHR096C,YFR008W,4.262502850682637e-10
YHR096C,YLL043W,1.0976125786044122e-08
YHR096C,YMR029C,1.8343522881214547e-11
YHR096C,YJR004C,1.3685592372900124e-12
YHR096C,YDL223C,3.550799476670363e-07
YHR096C,YHR158C,4.3775204815188484e-15
YHR096C,YGR238C,9.907873133041534e-14
YHR096C,YIL015W,6.420182035071775e-05
YHR096C,YGL173C,8.169633474608418e-06
YHR096C,YDL225W,6.548053959608067e-18
YHR096C,YLR330W,1.820079647816113e-16
YHR096C,YBR129C,5.013936488218462e-10
YHR096C,YKR095W-A,0.2020167112350464
YHR096C,YPR075C,3.040756882399798e-11
YHR096C,YMR198W,0.12345912307500839
YHR096C,YOR127W,1.3634141282636847e-07
YHR096C,YDR264C,1.9067643108883203e-07
YHR096C,YLR110C,5.395373037231366e-10
YHR096C,YDR379W,9.474354047340258e-15
YHR096C,YDL100C,1.6479526077084472e-13
YHR096C,YHR073W,0.0636577233672142
YHR096C,YJR090C,8.215995939142573e-11
YHR096C,YOR208W,2.659259257242752e-09
YHR096C,YBR040W,0.00021057242702227086
YHR096C,YNL279W,2.6594665314405574e-07
YHR096C,YER075C,0.7740267515182495
YHR096C,YCR089W,0.006225019693374634
YHR096C,YCR002C,2.676355734365643e-06
YHR096C,YJL108C,2.2849424574644672e-09
YHR096C,YBR200W,1.0500656344447634e-08
YHR096C,YIL026C,9.573449265637596e-18
YHR096C,YJR076C,4.088877569863314e-10
YHR096C,YKR031C,0.0060105943121016026
YHR096C,YPL192C,0.0020998050458729267
YHR096C,YHR107C,1.1961633940293925e-11
YHR096C,YIL037C,8.84119508555159e-05
YHR096C,YPL156C,3.437735207612036e-09
YHR096C,YIL117C,1.4846435192339413e-10
YHR096C,YHR066W,5.665933225690792e-20
YHR096C,YML085C,5.975295493954036e-07
YHR096C,YML047C,0.0018135503632947803
YHR096C,YDR312W,3.7435981994349277e-06
YHR096C,YFL037W,1.8295041588449468e-13
YHR096C,YDL038C,0.2020167112350464
YHR096C,YDL039C,7.370030696840502e-10
YHR096C,YCL027W,1.1920517741306758e-12
YHR096C,YML124C,3.0530348214818925e-12
YHR096C,YGL053W,4.14600602113846e-12
YHR096C,YMR232W,1.33320188222541e-09
YHR096C,YNL298W,0.0045957984402775764
YHR096C,YGL099W,2.599960600561868e-18
YHR096C,YBL016W,8.569530583193638e-14
YHR096C,YAL041W,4.6095372852050787e-08
YHR096C,YDR085C,5.290220483900043e-10
YHR096C,YPL187W,0.04023928567767143
YHR096C,YPL256C,2.0632609448512085e-05
YHR096C,YDR461W,1.6689361474992397e-18
YHR096C,YNL145W,0.00032699209987185895
YIR037W,YDL165W,9.839070530537342e-12
YIR037W,YGR059W,7.653444718258573e-12
YIR037W,YBR109C,1.1499854402075016e-08
YIR037W,YJL080C,1.6528975410601277e-10
YIR037W,YCR093W,1.4371810266311513e-06
YIR037W,YIL122W,0.0014034595806151628
YIR037W,YCL029C,1.2562401544903047e-14
YIR037W,YNL173C,3.0259479899541475e-07
YIR037W,YLR452C,2.147680904646121e-12
YIR037W,YDL160C,1.9952116758759075e-07
YIR037W,YLR229C,4.888542903813686e-09
YIR037W,YML057W,7.296778790077951e-07
YIR037W,YER149C,1.891057621605796e-08
YIR037W,YMR305C,0.000643695704638958
YIR037W,YLR433C,1.704911340993931e-07
YIR037W,YJL073W,6.088880484880765e-13
YIR037W,YGR279C,0.0006515426211990416
YIR037W,YKL190W,5.6654537289833884e-14
YIR037W,YGL089C,0.0012204470112919807
YIR037W,YJL019W,1.365797288599424e-06
YIR037W,YJL018W,0.0051797423511743546
YIR037W,YNR032C-A,0.5182796120643616
YIR037W,YGL178W,7.764329893689137e-06
YIR037W,YKL116C,2.0529757771168763e-14
YIR037W,YDL214C,0.04592236876487732
YIR037W,YLR362W,1.7630669493784445e-11
YIR037W,YER068W,7.642989713341208e-11
YIR037W,YHR084W,2.4557523313931497e-16
YIR037W,YDR392W,5.383533245931216e-13
YIR037W,YNL053W,2.0054655180956615e-07
YIR037W,YGR040W,0.00010664066940080374
YIR037W,YDL216C,4.137644964430365e-07
YIR037W,YOL117W,3.553203564710117e-10
YIR037W,YJR086W,5.0028452278638724e-06
YIR037W,YMR025W,0.0022973851300776005
YIR037W,YBR081C,1.4793873560847715e-05
YIR037W,YFL026W,3.041679061399627e-11
YIR037W,YHL007C,2.080189725984713e-13
YIR037W,YNR044W,0.7832642793655396
YIR037W,YNL271C,8.058322897852577e-09
YIR037W,YDR200C,5.511929401791349e-08
YIR037W,YKL178C,0.9103370308876038
YIR037W,YOR212W,5.381760459499674e-08
YIR037W,YOL111C,6.642668728441825e-13
YIR037W,YGL032C,3.7526381903615536e-17
YIR037W,YHR005C,3.7252761103445664e-05
YIR037W,YDR103W,6.31962302577449e-06
YIR037W,YJR084W,2.3741024701706692e-09
YIR037W,YCL032W,4.849399104500662e-09
YIR037W,YJL170C,6.567743571217477e-10
YIR037W,YDR179C,2.772025275987744e-09
YIR037W,YBR095C,1.2210758541186806e-05
YIR037W,YLL021W,2.4276989178174425e-15
YIR037W,YDL159W,1.7364598647873208e-07
YIR037W,YNL161W,3.4574944152154785e-07
YIR037W,YNL188W,7.37101144010488e-11
YIR037W,YJL157C,3.2490865873409033e-14
YIR037W,YJL034W,1.83398907859108e-18
YIR037W,YLR238W,6.926580340405053e-07
YIR037W,YPR141C,3.18787689490205e-15
YIR037W,YNL127W,1.8098703646884928e-09
YIR037W,YCL055W,1.7289976117496053e-09
YIR037W,YPR122W,4.455154023474961e-09
YIR037W,YMR065W,0.8224374055862427
YIR037W,YDR356W,8.4561295465857e-11
YIR037W,YMR052W,0.003974079620093107
YIR037W,YFR008W,0.0004986380808986723
YIR037W,YLL043W,4.790723928671525e-10
YIR037W,YMR029C,2.1700750949094072e-05
YIR037W,YJR004C,1.1035155011995812e-08
YIR037W,YDL223C,3.3941545130034e-09
YIR037W,YHR158C,6.69210260123565e-12
YIR037W,YGR238C,6.641610872382131e-11
YIR037W,YIL015W,1.507079832663294e-05
YIR037W,YGL173C,2.73931311661757e-12
YIR037W,YDL225W,9.49594505073037e-06
YIR037W,YLR330W,1.0733921129713053e-07
YIR037W,YBR129C,1.1454102555319423e-08
YIR037W,YKR095W-A,0.2020167112350464
YIR037W,YPR075C,1.082047537508124e-12
YIR037W,YMR198W,3.839782948489301e-06
YIR037W,YOR127W,3.416226377339626e-07
YIR037W,YDR264C,9.437479093321599e-06
YIR037W,YLR110C,6.415488973399164e-11
YIR037W,YDR379W,1.0581076459459382e-08
YIR037W,YDL100C,1.2606179018984332e-22
YIR037W,YHR073W,1.3077970928421223e-09
YIR037W,YJR090C,1.443532515743584e-09
YIR037W,YOR208W,1.8272163515575812e-07
YIR037W,YBR040W,0.002176671288907528
YIR037W,YNL279W,0.08375866711139679
YIR037W,YER075C,1.9318727173534e-10
YIR037W,YCR089W,1.2329247510933783e-05
YIR037W,YCR002C,3.248894141455287e-14
YIR037W,YJL108C,0.9993343949317932
YIR037W,YBR200W,0.002051370218396187
YIR037W,YIL026C,2.3546152078779414e-05
YIR037W,YJR076C,9.4827472968146e-14
YIR037W,YKR031C,1.0870194327994298e-10
YIR037W,YPL192C,0.32552966475486755
YIR037W,YHR107C,8.646157791461495e-13
YIR037W,YIL037C,0.22989295423030853
YIR037W,YPL156C,0.00800703838467598
YIR037W,YIL117C,9.623054353369298e-08
YIR037W,YHR066W,2.3911204550009885e-21
YIR037W,YML085C,5.52358976335654e-08
YIR037W,YML047C,0.9998602867126465
YIR037W,YDR312W,1.9445269006101995e-10
YIR037W,YFL037W,1.983189307219746e-10
YIR037W,YDL038C,0.2020167112350464
YIR037W,YDL039C,1.4382570655280258e-11
YIR037W,YCL027W,0.4167880117893219
YIR037W,YML124C,6.910253178861719e-15
YIR037W,YGL053W,1.094822899005976e-09
YIR037W,YMR232W,0.000442796153947711
YIR037W,YNL298W,4.428118813848414e-07
YIR037W,YGL099W,1.0745792253439153e-24
YIR037W,YBL016W,5.157188009974334e-09
YIR037W,YAL041W,4.8783924455619854e-08
YIR037W,YDR085C,4.6218794125252316e-08
YIR037W,YPL187W,0.001061621936969459
YIR037W,YPL256C,1.704323970841415e-08
YIR037W,YDR461W,2.862770567477191e-12
YIR037W,YNL145W,0.09233647584915161
YLR285W,YDL165W,0.8638008236885071
YLR285W,YGR059W,4.7679804993094876e-07
YLR285W,YBR109C,0.49689173698425293
YLR285W,YJL080C,0.006704129744321108
YLR285W,YCR093W,0.14503422379493713
YLR285W,YIL122W,5.731181929036211e-08
YLR285W,YCL029C,5.386370816040653e-08
YLR285W,YNL173C,2.8950169053132413e-06
YLR285W,YLR452C,0.017246689647436142
YLR285W,YDL160C,0.0006598745821975172
YLR285W,YLR229C,7.681946634363612e-09
YLR285W,YML057W,5.7136543929567785e-15
YLR285W,YER149C,0.8377423882484436
YLR285W,YMR305C,8.684664098979056e-10
YLR285W,YLR433C,1.0973728176155717e-10
YLR285W,YJL073W,4.431686573269644e-09
YLR285W,YGR279C,9.644397502839297e-10
YLR285W,YKL190W,3.637682311818935e-05
YLR285W,YGL089C,0.005563666112720966
YLR285W,YJL019W,0.04529767856001854
YLR285W,YJL018W,0.00017462889081798494
YLR285W,YNR032C-A,0.01992618665099144
YLR285W,YGL178W,3.878552092828613e-07
YLR285W,YKL116C,0.007458733860403299
YLR285W,YDL214C,0.13915792107582092
YLR285W,YLR362W,1.9561259250622243e-05
YLR285W,YER068W,4.294537347959704e-08
YLR285W,YHR084W,3.3106605314969784e-06
YLR285W,YDR392W,2.6764406356960535e-05
YLR285W,YNL053W,8.97165364222019e-09
YLR285W,YGR040W,0.0007524491520598531
YLR285W,YDL216C,0.002136982511729002
YLR285W,YOL117W,1.1084695188401383e-06
YLR285W,YJR086W,0.00018965195340570062
YLR285W,YMR025W,0.0019738662522286177
YLR285W,YBR081C,5.425431027106242e-06
YLR285W,YFL026W,0.1893353909254074
YLR285W,YHL007C,1.8064454825657966e-13
YLR285W,YNR044W,6.494981789728627e-06
YLR285W,YNL271C,9.69289758359082e-05
YLR285W,YDR200C,0.824055016040802
YLR285W,YKL178C,0.0022702114656567574
YLR285W,YOR212W,1.0760598343040328e-05
YLR285W,YOL111C,4.296916988888455e-10
YLR285W,YGL032C,2.9281840397743508e-05
YLR285W,YHR005C,0.00016264068835880607
YLR285W,YDR103W,0.6031964421272278
YLR285W,YJR084W,0.01937844045460224
YLR285W,YCL032W,1.2796833037675981e-11
YLR285W,YJL170C,3.3164938031404745e-06
YLR285W,YDR179C,2.695622891568661e-10
YLR285W,YBR095C,1.6183552361326292e-05
YLR285W,YLL021W,0.3160820007324219
YLR285W,YDL159W,1.6097195733484615e-13
YLR285W,YNL161W,0.0021529067307710648
YLR285W,YNL188W,1.1962062451686961e-08
YLR285W,YJL157C,2.395482034955876e-08
YLR285W,YJL034W,2.5404995490120597e-13
YLR285W,YLR238W,0.9189983606338501
YLR285W,YPR141C,5.227717792877229e-06
YLR285W,YNL127W,4.9729777629181626e-08
YLR285W,YCL055W,5.5406333558494225e-05
YLR285W,YPR122W,0.5146663188934326
YLR285W,YMR065W,0.00020840643264818937
YLR285W,YDR356W,2.060200330333828e-07
YLR285W,YMR052W,0.9785839915275574
YLR285W,YFR008W,9.19474314287072e-06
YLR285W,YLL043W,1.059619267329559e-10
YLR285W,YMR029C,4.072171122970758e-06
YLR285W,YJR004C,0.0011055213399231434
YLR285W,YDL223C,1.4705974610805528e-13
YLR285W,YHR158C,0.8814521431922913
YLR285W,YGR238C,4.215059204448757e-11
YLR285W,YIL015W,0.19043271243572235
YLR285W,YGL173C,0.002332567935809493
YLR285W,YDL225W,4.0057599903775554e-07
YLR285W,YLR330W,1.9975927856297204e-10
YLR285W,YBR129C,0.0016886949306353927
YLR285W,YKR095W-A,0.2020167112350464
YLR285W,YPR075C,2.0561745123388875e-13
YLR285W,YMR198W,9.783379937289283e-06
YLR285W,YOR127W,0.00014362396905198693
YLR285W,YDR264C,0.0001624114956939593
YLR285W,YLR110C,0.00262676109559834
YLR285W,YDR379W,1.60210800004279e-06
YLR285W,YDL100C,5.715249939974854e-10
YLR285W,YHR073W,7.808370128259412e-07
YLR285W,YJR090C,0.00014073096099309623
YLR285W,YOR208W,6.053792449972617e-13
YLR285W,YBR040W,0.8963404297828674
YLR285W,YNL279W,1.3511582075409478e-08
YLR285W,YER075C,0.28536874055862427
YLR285W,YCR089W,0.003997047897428274
YLR285W,YCR002C,0.003013262990862131
YLR285W,YJL108C,0.9954373240470886
YLR285W,YBR200W,6.826308962537553e-11
YLR285W,YIL026C,5.7048019086458623e-11
YLR285W,YJR076C,0.00012842730211559683
YLR285W,YKR031C,6.427926564356312e-06
YLR285W,YPL192C,2.432414873965172e-07
YLR285W,YHR107C,2.862197788999765e-06
YLR285W,YIL037C,0.0005452384357340634
YLR285W,YPL156C,2.829372569568278e-10
YLR285W,YIL117C,2.2325638720003226e-14
YLR285W,YHR066W,2.245766683728334e-09
YLR285W,YML085C,2.602217052949385e-11
YLR285W,YML047C,1.9402206817176193e-05
YLR285W,YDR312W,0.4619576632976532
YLR285W,YFL037W,0.00020172166114207357
YLR285W,YDL038C,0.2020167112350464
YLR285W,YDL039C,2.8762651709257625e-06
YLR285W,YCL027W,1.4334201381416278e-08
YLR285W,YML124C,4.641357797940525e-16
YLR285W,YGL053W,1.101058046820702e-11
YLR285W,YMR232W,0.00012556588626466691
YLR285W,YNL298W,5.780127594334772e-06
YLR285W,YGL099W,4.140144824194003e-11
YLR285W,YBL016W,8.637738961592145e-12
YLR285W,YAL041W,1.4177699085848872e-06
YLR285W,YDR085C,2.8360411796768403e-09
YLR285W,YPL187W,0.010208774358034134
YLR285W,YPL256C,1.0736378186493312e-07
YLR285W,YDR461W,5.597151214731255e-11
YLR285W,YNL145W,6.215704395629018e-09
YMR205C,YDL165W,1.3722109521399833e-19
YMR205C,YGR059W,5.3081417369724165e-17
YMR205C,YBR109C,1.766822799176282e-12
YMR205C,YJL080C,3.072537538173492e-06
YMR205C,YCR093W,3.572601769974426e-08
YMR205C,YIL122W,3.984903726439448e-11
YMR205C,YCL029C,4.3599156924756244e-05
YMR205C,YNL173C,1.395860582675823e-08
YMR205C,YLR452C,5.874636048607113e-17
YMR205C,YDL160C,0.019568122923374176
YMR205C,YLR229C,1.8483461872165208e-07
YMR205C,YML057W,1.021297157954848e-09
YMR205C,YER149C,1.4579175366957742e-10
YMR205C,YMR305C,0.0008535241358913481
YMR205C,YLR433C,3.008744919874573e-10
YMR205C,YJL073W,1.0517001852727859e-10
YMR205C,YGR279C,2.8756915071426192e-08
YMR205C,YKL190W,1.9804014118609767e-16
YMR205C,YGL089C,1.3171843748920876e-17
YMR205C,YJL019W,5.095721462566871e-06
YMR205C,YJL018W,0.008401346392929554
YMR205C,YNR032C-A,7.236282129063909e-10
YMR205C,YGL178W,4.49649595335444e-10
YMR205C,YKL116C,8.577532462084037e-09
YMR205C,YDL214C,0.0015674999449402094
YMR205C,YLR362W,3.5856069757755904e-07
YMR205C,YER068W,1.4493737156631714e-12
YMR205C,YHR084W,1.824679470019408e-11
YMR205C,YDR392W,2.5939043664727213e-13
YMR205C,YNL053W,1.7909878806676716e-06
YMR205C,YGR040W,5.403970326778307e-11
YMR205C,YDL216C,1.7752077496879792e-07
YMR205C,YOL117W,2.2614706982060362e-11
YMR205C,YJR086W,2.9271482460124787e-10
YMR205C,YMR025W,2.1136474970262498e-05
YMR205C,YBR081C,8.823488213197659e-16
YMR205C,YFL026W,2.825679246143409e-07
YMR205C,YHL007C,8.119990682446676e-13
YMR205C,YNR044W,6.449828049426287e-08
YMR205C,YNL271C,1.3800544138575788e-06
YMR205C,YDR200C,1.7515100481091395e-11
YMR205C,YKL178C,0.0004309664946049452
YMR205C,YOR212W,9.281562740603988e-10
YMR205C,YOL111C,2.0335406969440584e-10
YMR205C,YGL032C,2.0194152339919613e-12
YMR205C,YHR005C,2.4282019359639107e-20
YMR205C,YDR103W,2.415804658539855e-07
YMR205C,YJR084W,4.702837941295002e-06
YMR205C,YCL032W,5.2273589972173795e-06
YMR205C,YJL170C,9.31981748719668e-12
YMR205C,YDR179C,7.112583091939406e-13
YMR205C,YBR095C,3.8287323311791965e-10
YMR205C,YLL021W,2.0476121527366253e-16
YMR205C,YDL159W,3.3952352106007833e-13
YMR205C,YNL161W,9.678629595097788e-15
YMR205C,YNL188W,6.428285814763512e-08
YMR205C,YJL157C,1.4449319518661241e-09
YMR205C,YJL034W,1.419582293351188e-19
YMR205C,YLR238W,1.6677170151524479e-06
YMR205C,YPR141C,1.130255711245809e-08
YMR205C,YNL127W,0.03331054374575615
YMR205C,YCL055W,7.743664737214218e-11
YMR205C,YPR122W,2.007808849735504e-12
YMR205C,YMR065W,0.02594923786818981
YMR205C,YDR356W,4.998000236876472e-14
YMR205C,YMR052W,6.561885584233096e-06
YMR205C,YFR008W,0.15997245907783508
YMR205C,YLL043W,1.0530716298973175e-09
YMR205C,YMR029C,9.659990585220157e-10
YMR205C,YJR004C,1.554529833851237e-12
YMR205C,YDL223C,4.792034371345225e-16
YMR205C,YHR158C,5.4201895792818644e-14
YMR205C,YGR238C,2.229538162117506e-18
YMR205C,YIL015W,1.0077179091183552e-08
YMR205C,YGL173C,0.012437013909220695
YMR205C,YDL225W,9.053872969219152e-17
YMR205C,YLR330W,6.550984581188413e-12
YMR205C,YBR129C,0.0002898210659623146
YMR205C,YKR095W-A,0.2020167112350464
YMR205C,YPR075C,2.7373762350180186e-06
YMR205C,YMR198W,9.90069224826584e-07
YMR205C,YOR127W,7.440318654516886e-07
YMR205C,YDR264C,1.1937166207766359e-13
YMR205C,YLR110C,2.68870592456949e-10
YMR205C,YDR379W,7.36925381827902e-11
YMR205C,YDL100C,5.222692759604285e-19
YMR205C,YHR073W,1.6666515989527397e-07
YMR205C,YJR090C,7.125989034961755e-12
YMR205C,YOR208W,0.00035909449798054993
YMR205C,YBR040W,1.3864383618056308e-05
YMR205C,YNL279W,1.5640143402606554e-08
YMR205C,YER075C,5.292996041461606e-10
YMR205C,YCR089W,1.0555067930795303e-09
YMR205C,YCR002C,0.29575875401496887
YMR205C,YJL108C,6.120578177615243e-08
YMR205C,YBR200W,2.418129308985953e-14
YMR205C,YIL026C,1.758199363877111e-09
YMR205C,YJR076C,1.0612783626129385e-05
YMR205C,YKR031C,3.706642770495705e-09
YMR205C,YPL192C,0.0007818334270268679
YMR205C,YHR107C,6.281775131355971e-05
YMR205C,YIL037C,8.192313543986529e-06
YMR205C,YPL156C,1.9750600894347103e-12
YMR205C,YIL117C,1.0707015684491023e-14
YMR205C,YHR066W,1.4236858913996286e-10
YMR205C,YML085C,8.333830919582397e-06
YMR205C,YML047C,9.264135769626591e-06
YMR205C,YDR312W,1.9824653918476542e-08
YMR205C,YFL037W,1.8177663605456473e-06
YMR205C,YDL038C,0.2020167112350464
YMR205C,YDL039C,2.2437784537032712e-06
YMR205C,YCL027W,2.1541098249144852e-05
YMR205C,YML124C,6.492738013896826e-10
YMR205C,YGL053W,5.191476155214092e-12
YMR205C,YMR232W,5.528469273485825e-07
YMR205C,YNL298W,2.0739323453033975e-11
YMR205C,YGL099W,0.007057353388518095
YMR205C,YBL016W,3.304232836778484e-14
YMR205C,YAL041W,2.1412050443814223e-07
YMR205C,YDR085C,4.871843817255694e-09
YMR205C,YPL187W,0.01851818710565567
YMR205C,YPL256C,0.0004603537090588361
YMR205C,YDR461W,4.149680815981882e-14
YMR205C,YNL145W,1.5092050872911322e-11
YKL006C-A,YDL165W,4.1905084913196333e-07
YKL006C-A,YGR059W,1.562346085837163e-10
YKL006C-A,YBR109C,2.9466715734116633e-09
YKL006C-A,YJL080C,7.425168119246095e-11
YKL006C-A,YCR093W,9.901702568981818e-09
YKL006C-A,YIL122W,1.1480989996925928e-05
YKL006C-A,YCL029C,3.2787818684057446e-14
YKL006C-A,YNL173C,3.4070812944264617e-06
YKL006C-A,YLR452C,3.669352736324072e-05
YKL006C-A,YDL160C,6.086244789399453e-13
YKL006C-A,YLR229C,1.3164581924574037e-10
YKL006C-A,YML057W,1.6113332890199672e-08
YKL006C-A,YER149C,0.003374674590304494
YKL006C-A,YMR305C,4.827469979318266e-07
YKL006C-A,YLR433C,1.2343069101916626e-05
YKL006C-A,YJL073W,1.2930094328567066e-07
YKL006C-A,YGR279C,1.3926633180005865e-09
YKL006C-A,YKL190W,2.298150572879068e-28
YKL006C-A,YGL089C,6.265379881575939e-11
YKL006C-A,YJL019W,3.67391811417761e-10
YKL006C-A,YJL018W,0.2020167112350464
YKL006C-A,YNR032C-A,7.735601684544235e-06
YKL006C-A,YGL178W,1.7453986629334395e-06
YKL006C-A,YKL116C,4.672303776515063e-12
YKL006C-A,YDL214C,2.002530345635023e-05
YKL006C-A,YLR362W,2.2283447833615355e-05
YKL006C-A,YER068W,2.093540230063695e-09
YKL006C-A,YHR084W,5.279917535084763e-14
YKL006C-A,YDR392W,1.1989150152658112e-06
YKL006C-A,YNL053W,5.648131701924131e-12
YKL006C-A,YGR040W,6.057166324069385e-09
YKL006C-A,YDL216C,0.001750559196807444
YKL006C-A,YOL117W,1.4728889765822095e-12
YKL006C-A,YJR086W,3.233670213376172e-06
YKL006C-A,YMR025W,0.026453029364347458
YKL006C-A,YBR081C,8.045422106306432e-09
YKL006C-A,YFL026W,0.0002359107747906819
YKL006C-A,YHL007C,0.00020488729933276772
YKL006C-A,YNR044W,2.96572933312228e-13
YKL006C-A,YNL271C,2.7480861075984234e-18
YKL006C-A,YDR200C,7.658564754819963e-06
YKL006C-A,YKL178C,3.0973035247683356e-10
YKL006C-A,YOR212W,5.069395569989865e-09
YKL006C-A,YOL111C,9.29500165511854e-05
YKL006C-A,YGL032C,1.087765166829513e-08
YKL006C-A,YHR005C,0.0003866029728669673
YKL006C-A,YDR103W,6.72277674311772e-05
YKL006C-A,YJR084W,1.198928289980472e-09
YKL006C-A,YCL032W,1.3738090274273418e-06
YKL006C-A,YJL170C,7.331341578264983e-08
YKL006C-A,YDR179C,0.05358550697565079
YKL006C-A,YBR095C,7.421525793915862e-08
YKL006C-A,YLL021W,1.0137692551745459e-12
YKL006C-A,YDL159W,2.389075265743501e-12
YKL006C-A,YNL161W,5.4255967774086145e-11
YKL006C-A,YNL188W,3.73690217658762e-10
YKL006C-A,YJL157C,7.21749437992969e-10
YKL006C-A,YJL034W,1.0060061236740608e-13
YKL006C-A,YLR238W,9.296085429211232e-11
YKL006C-A,YPR141C,4.884722539785303e-16
YKL006C-A,YNL127W,0.000660663063172251
YKL006C-A,YCL055W,0.0040581985376775265
YKL006C-A,YPR122W,0.054385535418987274
YKL006C-A,YMR065W,0.00018824129074346274
YKL006C-A,YDR356W,1.052579690075106e-09
YKL006C-A,YMR052W,1.1478103884021706e-10
YKL006C-A,YFR008W,4.916148100164719e-05
YKL006C-A,YLL043W,0.00394095852971077
YKL006C-A,YMR029C,2.4726716674194904e-07
YKL006C-A,YJR004C,1.1442649605619692e-10
YKL006C-A,YDL223C,1.917365433090623e-10
YKL006C-A,YHR158C,5.330634267330936e-10
YKL006C-A,YGR238C,5.392502555601197e-10
YKL006C-A,YIL015W,0.0001241868594661355
YKL006C-A,YGL173C,0.03253515064716339
YKL006C-A,YDL225W,3.9193753309518797e-07
YKL006C-A,YLR330W,1.2341884458866303e-10
YKL006C-A,YBR129C,0.011492927558720112
YKL006C-A,YKR095W-A,0.2020167112350464
YKL006C-A,YPR075C,5.1260727433610764e-12
YKL006C-A,YMR198W,1.322905404776975e-06
YKL006C-A,YOR127W,1.2680430636254148e-18
YKL006C-A,YDR264C,7.62440631463246e-12
YKL006C-A,YLR110C,2.3819003658331894e-08
YKL006C-A,YDR379W,4.54086084289429e-08
YKL006C-A,YDL100C,9.597891903467826e-07
YKL006C-A,YHR073W,2.271053831104375e-11
YKL006C-A,YJR090C,2.3730113429820676e-09
YKL006C-A,YOR208W,7.645966515089017e-14
YKL006C-A,YBR040W,7.934728568637084e-11
YKL006C-A,YNL279W,1.167603154054531e-15
YKL006C-A,YER075C,6.180047057569027e-05
YKL006C-A,YCR089W,1.569853225191764e-07
YKL006C-A,YCR002C,9.995097194348546e-09
YKL006C-A,YJL108C,3.031285302768083e-07
YKL006C-A,YBR200W,2.8263873019795938e-08
YKL006C-A,YIL026C,5.0201544310457535e-11
YKL006C-A,YJR076C,8.219389795519061e-13
YKL006C-A,YKR031C,3.226904937037034e-06
YKL006C-A,YPL192C,4.568257122410102e-13
YKL006C-A,YHR107C,8.791709027455852e-11
YKL006C-A,YIL037C,4.2893575482594315e-06
YKL006C-A,YPL156C,1.6970648175629321e-06
YKL006C-A,YIL117C,1.8281065550240783e-08
YKL006C-A,YHR066W,2.322912417973555e-10
YKL006C-A,YML085C,1.1746946167436833e-20
YKL006C-A,YML047C,1.0743306938509889e-10
YKL006C-A,YDR312W,1.2578752668916844e-14
YKL006C-A,YFL037W,1.2925367443017421e-08
YKL006C-A,YDL038C,0.2020167112350464
YKL006C-A,YDL039C,3.9181283217892826e-11
YKL006C-A,YCL027W,3.9406222640536726e-07
YKL006C-A,YML124C,5.687448775826276e-12
YKL006C-A,YGL053W,8.690835971514939e-16
YKL006C-A,YMR232W,1.632984094612766e-05
YKL006C-A,YNL298W,4.087973479727225e-07
YKL006C-A,YGL099W,4.873199825443375e-13
YKL006C-A,YBL016W,1.6515825165819287e-11
YKL006C-A,YAL041W,0.0023937479127198458
YKL006C-A,YDR085C,4.733515268640076e-08
YKL006C-A,YPL187W,6.630368129534325e-12
YKL006C-A,YPL256C,3.163603157219086e-09
YKL006C-A,YDR461W,3.156796083203517e-06
YKL006C-A,YNL145W,1.0706786923719847e-07
YNL009W,YDL165W,3.7404090241777155e-11
YNL009W,YGR059W,6.451278747321432e-12
YNL009W,YBR109C,1.4843440920842e-09
YNL009W,YJL080C,1.482040334096872e-14
YNL009W,YCR093W,0.004559852182865143
YNL009W,YIL122W,0.015881912782788277
YNL009W,YCL029C,8.579466130587132e-12
YNL009W,YNL173C,4.9942414648285194e-08
YNL009W,YLR452C,2.2746091872249963e-06
YNL009W,YDL160C,2.0029848890601443e-09
YNL009W,YLR229C,5.070594009774776e-13
YNL009W,YML057W,3.7075924410601147e-06
YNL009W,YER149C,5.8325185818830505e-05
YNL009W,YMR305C,0.005005976185202599
YNL009W,YLR433C,4.124966324070556e-07
YNL009W,YJL073W,4.2879172434950874e-11
YNL009W,YGR279C,1.524963488819253e-11
YNL009W,YKL190W,1.0431645769415354e-08
YNL009W,YGL089C,1.6358793486492829e-10
YNL009W,YJL019W,1.8142574162993697e-06
YNL009W,YJL018W,0.0006263914401642978
YNL009W,YNR032C-A,0.013532415963709354
YNL009W,YGL178W,0.031302012503147125
YNL009W,YKL116C,1.1193351340211752e-13
YNL009W,YDL214C,0.9955134987831116
YNL009W,YLR362W,2.056912990155979e-06
YNL009W,YER068W,6.440015187791914e-09
YNL009W,YHR084W,1.782960001861511e-09
YNL009W,YDR392W,1.3332479511518613e-06
YNL009W,YNL053W,6.130876045062905e-06
YNL009W,YGR040W,2.7425317057350185e-06
YNL009W,YDL216C,5.780954097645008e-07
YNL009W,YOL117W,0.9200394749641418
YNL009W,YJR086W,0.0009771037148311734
YNL009W,YMR025W,4.877303581451997e-06
YNL009W,YBR081C,0.0008352454169653356
YNL009W,YFL026W,4.236171857741056e-09
YNL009W,YHL007C,3.289933374617249e-07
YNL009W,YNR044W,7.781696922393166e-07
YNL009W,YNL271C,2.6170296223426703e-06
YNL009W,YDR200C,1.8149219016549978e-08
YNL009W,YKL178C,0.0002583374734967947
YNL009W,YOR212W,3.624478148167576e-11
YNL009W,YOL111C,3.164988063297791e-11
YNL009W,YGL032C,7.620557220737283e-15
YNL009W,YHR005C,1.598079393261287e-07
YNL009W,YDR103W,1.5486740494452533e-06
YNL009W,YJR084W,1.514129088775462e-08
YNL009W,YCL032W,8.297678277813247e-07
YNL009W,YJL170C,5.10717072756961e-05
YNL009W,YDR179C,9.060546583838924e-12
YNL009W,YBR095C,3.619106967236996e-13
YNL009W,YLL021W,2.325535461977779e-07
YNL009W,YDL159W,2.42906636780749e-14
YNL009W,YNL161W,0.00010626033326843753
YNL009W,YNL188W,1.0608857126115367e-09
YNL009W,YJL157C,3.0199472132738463e-16
YNL009W,YJL034W,4.209653459152918e-14
YNL009W,YLR238W,4.132251429922462e-09
YNL009W,YPR141C,6.981778710724029e-08
YNL009W,YNL127W,0.0002411913883406669
YNL009W,YCL055W,9.797186066862196e-07
YNL009W,YPR122W,4.101616286789067e-05
YNL009W,YMR065W,4.948183686792618e-06
YNL009W,YDR356W,3.403802838874981e-05
YNL009W,YMR052W,1.4247327271732502e-05
YNL009W,YFR008W,1.2960237654624507e-05
YNL009W,YLL043W,9.460962246521376e-06
YNL009W,YMR029C,9.353864243166754e-07
YNL009W,YJR004C,0.01639018952846527
YNL009W,YDL223C,0.014522749930620193
YNL009W,YHR158C,1.5683959686541016e-09
YNL009W,YGR238C,5.74343550496792e-09
YNL009W,YIL015W,0.08293920755386353
YNL009W,YGL173C,1.1901769569888643e-09
YNL009W,YDL225W,2.1100220237713074e-07
YNL009W,YLR330W,1.0308655004136362e-16
YNL009W,YBR129C,1.0512916560401209e-05
YNL009W,YKR095W-A,0.2020167112350464
YNL009W,YPR075C,1.787612200132571e-05
YNL009W,YMR198W,5.2317634981591254e-05
YNL009W,YOR127W,3.3467847515566973e-07
YNL009W,YDR264C,0.0025926458183676004
YNL009W,YLR110C,0.000802081311121583
YNL009W,YDR379W,0.16503016650676727
YNL009W,YDL100C,1.0081546708562428e-11
YNL009W,YHR073W,0.00019682680431287736
YNL009W,YJR090C,0.024649206548929214
YNL009W,YOR208W,0.0204208642244339
YNL009W,YBR040W,0.18165454268455505
YNL009W,YNL279W,1.2773068192473147e-05
YNL009W,YER075C,0.0009224904351867735
YNL009W,YCR089W,1.81486203842951e-09
YNL009W,YCR002C,1.197870460600825e-06
YNL009W,YJL108C,0.9143480062484741
YNL009W,YBR200W,4.05491518904455e-05
YNL009W,YIL026C,3.494100148104806e-11
YNL009W,YJR076C,4.7873303543610746e-08
YNL009W,YKR031C,0.001137211686000228
YNL009W,YPL192C,1.1997793869511497e-09
YNL009W,YHR107C,1.5913315110083204e-06
YNL009W,YIL037C,5.829223326259125e-08
YNL009W,YPL156C,1.1245098903600592e-05
YNL009W,YIL117C,9.515093601919489e-09
YNL009W,YHR066W,8.440904903208105e-14
YNL009W,YML085C,2.9775882280647092e-12
YNL009W,YML047C,0.0005192214739508927
YNL009W,YDR312W,8.946322850533761e-06
YNL009W,YFL037W,0.0010621844558045268
YNL009W,YDL038C,0.2020167112350464
YNL009W,YDL039C,4.289993273814963e-12
YNL009W,YCL027W,1.2130383765907027e-05
YNL009W,YML124C,2.267774214347729e-21
YNL009W,YGL053W,0.9804031848907471
YNL009W,YMR232W,0.013058328069746494
YNL009W,YNL298W,0.8541821837425232
YNL009W,YGL099W,3.0502135539567377e-11
YNL009W,YBL016W,1.0242075064578401e-13
YNL009W,YAL041W,0.0053189522586762905
YNL009W,YDR085C,0.0005646803765557706
YNL009W,YPL187W,2.1213931944430442e-08
YNL009W,YPL256C,8.24168409963022e-07
YNL009W,YDR461W,2.6957675542399038e-17
YNL009W,YNL145W,9.510924166289403e-12
YDR492W,YDL165W,2.1386370452347592e-10
YDR492W,YGR059W,1.9656199583550915e-05
YDR492W,YBR109C,5.73791396618617e-07
YDR492W,YJL080C,8.842653187457472e-06
YDR492W,YCR093W,3.06788097077515e-05
YDR492W,YIL122W,3.5748906057619934e-09
YDR492W,YCL029C,2.981433155913038e-10
YDR492W,YNL173C,3.536272596875605e-22
YDR492W,YLR452C,5.550395906772643e-11
YDR492W,YDL160C,9.028803705656181e-16
YDR492W,YLR229C,5.021180292050522e-18
YDR492W,YML057W,4.447240644321615e-13
YDR492W,YER149C,1.071146016329294e-08
YDR492W,YMR305C,1.1772446082206067e-13
YDR492W,YLR433C,8.813001994845138e-10
YDR492W,YJL073W,8.047680353229225e-07
YDR492W,YGR279C,3.9500658299829183e-10
YDR492W,YKL190W,1.5643034827553248e-12
YDR492W,YGL089C,4.59672604376292e-16
YDR492W,YJL019W,4.526930913462124e-11
YDR492W,YJL018W,0.004968853667378426
YDR492W,YNR032C-A,5.4679709649008146e-08
YDR492W,YGL178W,9.554912685416639e-05
YDR492W,YKL116C,3.78690657498737e-07
YDR492W,YDL214C,5.08404518768657e-05
YDR492W,YLR362W,1.7401750179724118e-11
YDR492W,YER068W,1.4952839313964184e-13
YDR492W,YHR084W,5.637175490846857e-07
YDR492W,YDR392W,5.953041336791143e-13
YDR492W,YNL053W,2.7061325909016887e-06
YDR492W,YGR040W,2.7448595628950904e-14
YDR492W,YDL216C,2.8157520759464205e-10
YDR492W,YOL117W,6.413607978039693e-10
YDR492W,YJR086W,1.8811131309321577e-13
YDR492W,YMR025W,2.878599384294173e-16
YDR492W,YBR081C,1.0467528977116131e-14
YDR492W,YFL026W,8.493198366821275e-10
YDR492W,YHL007C,5.47286617802456e-06
YDR492W,YNR044W,3.9516539346307056e-11
YDR492W,YNL271C,1.5898660189197448e-15
YDR492W,YDR200C,3.534346059705536e-21
YDR492W,YKL178C,4.2999226934625767e-07
YDR492W,YOR212W,6.325677077256842e-06
YDR492W,YOL111C,1.6338739258870717e-18
YDR492W,YGL032C,1.4889546662288922e-07
YDR492W,YHR005C,2.7271715701687738e-12
YDR492W,YDR103W,1.03890696045994e-09
YDR492W,YJR084W,1.9041268128211497e-12
YDR492W,YCL032W,1.6280265980814224e-13
YDR492W,YJL170C,1.0134817074458624e-07
YDR492W,YDR179C,2.3943931637404603e-07
YDR492W,YBR095C,3.214475630120006e-10
YDR492W,YLL021W,5.1875587159244674e-11
YDR492W,YDL159W,1.6001427613487884e-11
YDR492W,YNL161W,6.802595054096472e-13
YDR492W,YNL188W,3.418967427891953e-17
YDR492W,YJL157C,4.544492274762826e-15
YDR492W,YJL034W,1.4109236172519905e-14
YDR492W,YLR238W,7.167967527041755e-14
YDR492W,YPR141C,6.819473696850764e-08
YDR492W,YNL127W,2.7671755997715763e-09
YDR492W,YCL055W,3.946177298554796e-19
YDR492W,YPR122W,0.015791703015565872
YDR492W,YMR065W,5.8060365542010486e-18
YDR492W,YDR356W,7.601012264046858e-09
YDR492W,YMR052W,3.6471168307627977e-09
YDR492W,YFR008W,5.899505195342339e-14
YDR492W,YLL043W,1.8043016325464123e-06
YDR492W,YMR029C,4.3350139965333753e-14
YDR492W,YJR004C,4.726173966074221e-11
YDR492W,YDL223C,4.576328008085379e-15
YDR492W,YHR158C,3.5496405814683385e-10
YDR492W,YGR238C,9.273297055375704e-14
YDR492W,YIL015W,9.965647014206769e-13
YDR492W,YGL173C,1.6199014352125118e-10
YDR492W,YDL225W,1.2164369857439055e-16
YDR492W,YLR330W,1.708828716549815e-12
YDR492W,YBR129C,2.2388598090743825e-20
YDR492W,YKR095W-A,0.2020167112350464
YDR492W,YPR075C,1.1577795200421598e-14
YDR492W,YMR198W,2.8149875805322895e-15
YDR492W,YOR127W,1.3857792691140958e-09
YDR492W,YDR264C,0.001164764165878296
YDR492W,YLR110C,0.0010919527849182487
YDR492W,YDR379W,4.765417661173332e-13
YDR492W,YDL100C,1.3189041681016533e-07
YDR492W,YHR073W,4.4567372015080764e-08
YDR492W,YJR090C,4.219521798631831e-08
YDR492W,YOR208W,9.695180422375493e-12
YDR492W,YBR040W,1.647531462367624e-05
YDR492W,YNL279W,5.664421820483767e-08
YDR492W,YER075C,8.181839206145014e-08
YDR492W,YCR089W,1.8988696726118803e-10
YDR492W,YCR002C,4.183004182681786e-16
YDR492W,YJL108C,6.7228709578481816e-12
YDR492W,YBR200W,2.5934692171603047e-09
YDR492W,YIL026C,1.4011212101650017e-07
YDR492W,YJR076C,1.2160659848894917e-12
YDR492W,YKR031C,5.018672254664125e-06
YDR492W,YPL192C,1.862006382413739e-11
YDR492W,YHR107C,0.014196882955729961
YDR492W,YIL037C,8.779489490962078e-08
YDR492W,YPL156C,8.334490303241182e-06
YDR492W,YIL117C,1.2746696143040026e-08
YDR492W,YHR066W,1.3148772348703375e-10
YDR492W,YML085C,4.532054245776074e-11
YDR492W,YML047C,0.0001407007803209126
YDR492W,YDR312W,4.437758473642479e-17
YDR492W,YFL037W,1.620326450790799e-08
YDR492W,YDL038C,0.2020167112350464
YDR492W,YDL039C,0.00732179032638669
YDR492W,YCL027W,7.319043593412289e-09
YDR492W,YML124C,8.122698742181924e-21
YDR492W,YGL053W,4.1822746437922276e-14
YDR492W,YMR232W,5.828364050067258e-13
YDR492W,YNL298W,1.7160197642741256e-17
YDR492W,YGL099W,2.958535916253169e-10
YDR492W,YBL016W,4.729590750921877e-19
YDR492W,YAL041W,1.2253286059416002e-11
YDR492W,YDR085C,5.518771786228172e-07
YDR492W,YPL187W,3.058721054216562e-10
YDR492W,YPL256C,1.4787856494891116e-09
YDR492W,YDR461W,1.1085151463419152e-08
YDR492W,YNL145W,1.5805732373960768e-13
YJL065C,YDL165W,1.586405296407148e-13
YJL065C,YGR059W,2.1302708208548182e-10
YJL065C,YBR109C,1.2272489448295065e-11
YJL065C,YJL080C,8.572739851331335e-09
YJL065C,YCR093W,3.189573050121908e-08
YJL065C,YIL122W,3.795703378273174e-06
YJL065C,YCL029C,3.459669187577674e-06
YJL065C,YNL173C,5.092173557819102e-11
YJL065C,YLR452C,1.1868003975401553e-11
YJL065C,YDL160C,3.236983729948406e-06
YJL065C,YLR229C,8.051151212384866e-08
YJL065C,YML057W,6.94978507453925e-06
YJL065C,YER149C,3.36627579144988e-07
YJL065C,YMR305C,7.110531328180514e-07
YJL065C,YLR433C,1.988918795284289e-12
YJL065C,YJL073W,2.531748748424434e-07
YJL065C,YGR279C,2.2347913450349033e-11
YJL065C,YKL190W,2.216017473688492e-11
YJL065C,YGL089C,0.00017929822206497192
YJL065C,YJL019W,0.04611620679497719
YJL065C,YJL018W,0.00041572414920665324
YJL065C,YNR032C-A,6.814170046709478e-05
YJL065C,YGL178W,3.71886468017793e-13
YJL065C,YKL116C,1.8491538300580146e-09
YJL065C,YDL214C,0.00017820722132455558
YJL065C,YLR362W,3.619374799868069e-10
YJL065C,YER068W,1.1480824468890205e-07
YJL065C,YHR084W,4.787280016849138e-10
YJL065C,YDR392W,0.0005785473622381687
YJL065C,YNL053W,7.717723201494664e-05
YJL065C,YGR040W,0.0002601889136712998
YJL065C,YDL216C,5.296500376061886e-07
YJL065C,YOL117W,6.03844141355836e-10
YJL065C,YJR086W,4.861981524948872e-18
YJL065C,YMR025W,6.9219487919269795e-09
YJL065C,YBR081C,0.0001061290895449929
YJL065C,YFL026W,8.822037067882094e-13
YJL065C,YHL007C,4.804129316582362e-10
YJL065C,YNR044W,1.6966394955630903e-09
YJL065C,YNL271C,1.5329687812482007e-05
YJL065C,YDR200C,4.0156314384809377e-10
YJL065C,YKL178C,2.8965558158233762e-05
YJL065C,YOR212W,1.333576449269458e-08
YJL065C,YOL111C,1.4403050840883225e-07
YJL065C,YGL032C,1.068332444731368e-08
YJL065C,YHR005C,3.910013285368663e-11
YJL065C,YDR103W,0.0006650513969361782
YJL065C,YJR084W,1.6923740631114015e-08
YJL065C,YCL032W,8.534922102398923e-09
YJL065C,YJL170C,1.1996230568911415e-06
YJL065C,YDR179C,1.1641367709795663e-18
YJL065C,YBR095C,1.9799358597083483e-07
YJL065C,YLL021W,6.930679988248478e-13
YJL065C,YDL159W,5.981769441755491e-13
YJL065C,YNL161W,1.4297850681188606e-09
YJL065C,YNL188W,2.978245634051996e-13
YJL065C,YJL157C,1.2872274860603605e-12
YJL065C,YJL034W,5.533363697796112e-12
YJL065C,YLR238W,5.767127220224211e-08
YJL065C,YPR141C,7.032958243557985e-11
YJL065C,YNL127W,2.3212478481582366e-05
YJL065C,YCL055W,7.874252465345233e-12
YJL065C,YPR122W,4.262560082679556e-07
YJL065C,YMR065W,0.011393745429813862
YJL065C,YDR356W,2.6248284795693522e-11
YJL065C,YMR052W,6.596949242521077e-05
YJL065C,YFR008W,1.5823298227246596e-08
YJL065C,YLL043W,3.5863754457507446e-14
YJL065C,YMR029C,3.0957730733164593e-18
YJL065C,YJR004C,7.292493364730035e-07
YJL065C,YDL223C,2.441899660254876e-08
YJL065C,YHR158C,6.404670472228125e-18
YJL065C,YGR238C,3.2720014543662686e-15
YJL065C,YIL015W,4.009388376857714e-09
YJL065C,YGL173C,3.543918296600168e-07
YJL065C,YDL225W,5.8286013882025145e-06
YJL065C,YLR330W,8.548145524756023e-10
YJL065C,YBR129C,1.8115238475946427e-10
YJL065C,YKR095W-A,0.2020167112350464
YJL065C,YPR075C,0.04473690688610077
YJL065C,YMR198W,2.2988324785422343e-11
YJL065C,YOR127W,9.80437331321582e-09
YJL065C,YDR264C,1.776060912561661e-06
YJL065C,YLR110C,9.605417850000464e-11
YJL065C,YDR379W,1.6026039002803305e-12
YJL065C,YDL100C,4.177863091806598e-19
YJL065C,YHR073W,2.4857880985269636e-14
YJL065C,YJR090C,0.00011409464059397578
YJL065C,YOR208W,1.8700232828905428e-07
YJL065C,YBR040W,0.9916597008705139
YJL065C,YNL279W,0.0046179816126823425
YJL065C,YER075C,3.7445983025463647e-07
YJL065C,YCR089W,3.170540026076196e-07
YJL065C,YCR002C,3.730480813146642e-09
YJL065C,YJL108C,0.08251030743122101
YJL065C,YBR200W,9.375899850342512e-14
YJL065C,YIL026C,1.2832043205790455e-09
YJL065C,YJR076C,1.210042344101936e-10
YJL065C,YKR031C,4.77138291898882e-06
YJL065C,YPL192C,0.07207875698804855
YJL065C,YHR107C,0.06521564722061157
YJL065C,YIL037C,2.079567185120368e-09
YJL065C,YPL156C,0.8538746237754822
YJL065C,YIL117C,5.536913704418112e-06
YJL065C,YHR066W,6.195600872160867e-05
YJL065C,YML085C,2.820325793924123e-14
YJL065C,YML047C,5.7359603289341976e-08
YJL065C,YDR312W,3.513251104966808e-12
YJL065C,YFL037W,8.887215616204536e-12
YJL065C,YDL038C,0.2020167112350464
YJL065C,YDL039C,9.853683655221005e-23
YJL065C,YCL027W,1.317452223703608e-11
YJL065C,YML124C,1.0099410999338254e-14
YJL065C,YGL053W,2.350087902058817e-10
YJL065C,YMR232W,0.0035170973278582096
YJL065C,YNL298W,3.2029007918099595e-11
YJL065C,YGL099W,1.7371546299420164e-14
YJL065C,YBL016W,5.932364044447525e-10
YJL065C,YAL041W,1.901225004985463e-05
YJL065C,YDR085C,5.037459231971297e-06
YJL065C,YPL187W,2.849560054585254e-08
YJL065C,YPL256C,4.046041340188822e-06
YJL065C,YDR461W,1.987494579225313e-05
YJL065C,YNL145W,6.665512046311051e-06
YIR012W,YDL165W,2.897046691430205e-08
YIR012W,YGR059W,3.8932604695673945e-08
YIR012W,YBR109C,9.421734226133793e-11
YIR012W,YJL080C,0.0022330551873892546
YIR012W,YCR093W,0.008004626259207726
YIR012W,YIL122W,1.0992436045853538e-06
YIR012W,YCL029C,3.6316842511041614e-07
YIR012W,YNL173C,5.394499021349475e-05
YIR012W,YLR452C,2.947494408545026e-07
YIR012W,YDL160C,7.134903512451274e-07
YIR012W,YLR229C,4.218932645017048e-06
YIR012W,YML057W,4.760924352525386e-19
YIR012W,YER149C,8.224895282182842e-06
YIR012W,YMR305C,2.5513527361908928e-06
YIR012W,YLR433C,1.165603862318676e-05
YIR012W,YJL073W,6.471707059141352e-10
YIR012W,YGR279C,3.9373017557409185e-07
YIR012W,YKL190W,0.9656512141227722
YIR012W,YGL089C,5.077452897239709e-06
YIR012W,YJL019W,1.5407617404150642e-09
YIR012W,YJL018W,0.00014125718735158443
YIR012W,YNR032C-A,0.15714971721172333
YIR012W,YGL178W,1.1228148188990872e-08
YIR012W,YKL116C,7.255871992128959e-07
YIR012W,YDL214C,0.8932806849479675
YIR012W,YLR362W,7.297458470834073e-11
YIR012W,YER068W,2.995791548859872e-14
YIR012W,YHR084W,1.0766774277692903e-10
YIR012W,YDR392W,3.581212922654231e-06
YIR012W,YNL053W,6.09688527219987e-07
YIR012W,YGR040W,1.529808173472702e-07
YIR012W,YDL216C,1.7355079179326438e-11
YIR012W,YOL117W,8.728729881113395e-06
YIR012W,YJR086W,3.1260672130883904e-06
YIR012W,YMR025W,0.00040262608672492206
YIR012W,YBR081C,6.921627573319711e-07
YIR012W,YFL026W,0.07406891882419586
YIR012W,YHL007C,1.923547432447492e-11
YIR012W,YNR044W,9.188424314743315e-07
YIR012W,YNL271C,1.0387268048361875e-05
YIR012W,YDR200C,2.4438184312597247e-16
YIR012W,YKL178C,0.02261410653591156
YIR012W,YOR212W,1.5496897987077318e-08
YIR012W,YOL111C,1.7994276858487868e-12
YIR012W,YGL032C,3.400423793209484e-06
YIR012W,YHR005C,0.03744284808635712
YIR012W,YDR103W,2.6494967331203156e-10
YIR012W,YJR084W,0.00036206538788974285
YIR012W,YCL032W,2.2629615958891236e-09
YIR012W,YJL170C,0.9946404099464417
YIR012W,YDR179C,1.3295762060772098e-12
YIR012W,YBR095C,0.0006643763626925647
YIR012W,YLL021W,1.0144792213395704e-05
YIR012W,YDL159W,3.122887826155843e-14
YIR012W,YNL161W,1.149344441842004e-07
YIR012W,YNL188W,7.65292234965187e-15
YIR012W,YJL157C,8.270177431768388e-07
YIR012W,YJL034W,6.045300436456624e-13
YIR012W,YLR238W,0.006600071210414171
YIR012W,YPR141C,0.0013252104399725795
YIR012W,YNL127W,2.2902770524524385e-06
YIR012W,YCL055W,3.153197980498845e-10
YIR012W,YPR122W,0.0003836187534034252
YIR012W,YMR065W,0.999983549118042
YIR012W,YDR356W,0.008287259377539158
YIR012W,YMR052W,0.012498095631599426
YIR012W,YFR008W,9.340477902242128e-08
YIR012W,YLL043W,8.70084659254644e-06
YIR012W,YMR029C,1.6754931948526064e-06
YIR012W,YJR004C,3.920197066270559e-12
YIR012W,YDL223C,1.1136507975561052e-14
YIR012W,YHR158C,4.5847455112379976e-06
YIR012W,YGR238C,5.5252579534857426e-18
YIR012W,YIL015W,0.9983749389648438
YIR012W,YGL173C,1.4793747141084168e-05
YIR012W,YDL225W,3.090346312184522e-10
YIR012W,YLR330W,3.934494873999994e-13
YIR012W,YBR129C,9.624980434042832e-16
YIR012W,YKR095W-A,0.2020167112350464
YIR012W,YPR075C,5.234227273831493e-09
YIR012W,YMR198W,1.7143302102340385e-06
YIR012W,YOR127W,3.5074292100034654e-05
YIR012W,YDR264C,0.011315994895994663
YIR012W,YLR110C,0.00014470968744717538
YIR012W,YDR379W,5.020824381252176e-11
YIR012W,YDL100C,1.2262010386621114e-05
YIR012W,YHR073W,7.1858485958462e-13
YIR012W,YJR090C,2.278126157762017e-05
YIR012W,YOR208W,7.653512511751615e-06
YIR012W,YBR040W,1.399051825501374e-06
YIR012W,YNL279W,0.0046444241888821125
YIR012W,YER075C,4.460693620034206e-11
YIR012W,YCR089W,2.6348102519224703e-11
YIR012W,YCR002C,0.00036530225770547986
YIR012W,YJL108C,0.0018251183209940791
YIR012W,YBR200W,2.0884252660557934e-11
YIR012W,YIL026C,1.2284513413018255e-13
YIR012W,YJR076C,0.09477168321609497
YIR012W,YKR031C,0.00023205939214676619
YIR012W,YPL192C,3.766352854595034e-11
YIR012W,YHR107C,0.0012945345370098948
YIR012W,YIL037C,1.624002088362886e-08
YIR012W,YPL156C,2.443877322733101e-10
YIR012W,YIL117C,6.053461731880816e-08
YIR012W,YHR066W,1.8477037798001958e-14
YIR012W,YML085C,1.1924544018881988e-08
YIR012W,YML047C,0.0006538080633617938
YIR012W,YDR312W,8.947527874170191e-08
YIR012W,YFL037W,5.270575442750669e-08
YIR012W,YDL038C,0.2020167112350464
YIR012W,YDL039C,2.2798486731291645e-13
YIR012W,YCL027W,3.289371670689434e-05
YIR012W,YML124C,1.5650863360860967e-06
YIR012W,YGL053W,1.546258121543076e-09
YIR012W,YMR232W,0.21425965428352356
YIR012W,YNL298W,0.11584696918725967
YIR012W,YGL099W,2.995540149481127e-14
YIR012W,YBL016W,3.5627381600455976e-10
YIR012W,YAL041W,2.0110619836088972e-09
YIR012W,YDR085C,3.440474029048346e-05
YIR012W,YPL187W,0.8688440918922424
YIR012W,YPL256C,6.78360322581284e-07
YIR012W,YDR461W,1.501861785976888e-12
YIR012W,YNL145W,1.0345121381760691e-07
YBR035C,YDL165W,6.047945078080375e-08
YBR035C,YGR059W,2.34143171518042e-09
YBR035C,YBR109C,3.804504740401171e-05
YBR035C,YJL080C,5.879990244705979e-11
YBR035C,YCR093W,7.85951481674374e-09
YBR035C,YIL122W,0.06212211027741432
YBR035C,YCL029C,3.2072790739435045e-14
YBR035C,YNL173C,0.0007468071416951716
YBR035C,YLR452C,2.8672661755990703e-07
YBR035C,YDL160C,8.355386671610177e-05
YBR035C,YLR229C,6.592188600551552e-11
YBR035C,YML057W,5.392767829515144e-11
YBR035C,YER149C,0.0005014908383600414
YBR035C,YMR305C,4.004784988332309e-14
YBR035C,YLR433C,1.1638428532023681e-06
YBR035C,YJL073W,6.38442215761259e-11
YBR035C,YGR279C,7.948890561237931e-05
YBR035C,YKL190W,2.4556964534766523e-12
YBR035C,YGL089C,0.9940012097358704
YBR035C,YJL019W,0.0031060792971402407
YBR035C,YJL018W,0.0006183665245771408
YBR035C,YNR032C-A,0.20609250664710999
YBR035C,YGL178W,6.677268182819773e-10
YBR035C,YKL116C,4.663985669027537e-13
YBR035C,YDL214C,5.5587228416698053e-05
YBR035C,YLR362W,2.1399201854954697e-12
YBR035C,YER068W,0.000872873526532203
YBR035C,YHR084W,1.3038641076112273e-13
YBR035C,YDR392W,1.3152629159407514e-11
YBR035C,YNL053W,8.727597637647744e-12
YBR035C,YGR040W,0.00046380257117561996
YBR035C,YDL216C,5.3306885092752054e-05
YBR035C,YOL117W,2.2174909020122868e-07
YBR035C,YJR086W,5.785299777016917e-07
YBR035C,YMR025W,3.220259259251179e-08
YBR035C,YBR081C,3.4421623884561825e-10
YBR035C,YFL026W,0.16979259252548218
YBR035C,YHL007C,0.00012338928354438394
YBR035C,YNR044W,1.3189132914703805e-06
YBR035C,YNL271C,0.00016257184324786067
YBR035C,YDR200C,9.641776443913841e-08
YBR035C,YKL178C,3.0179582608980127e-05
YBR035C,YOR212W,9.889914581728831e-11
YBR035C,YOL111C,5.12575000009125e-16
YBR035C,YGL032C,4.456970625899004e-10
YBR035C,YHR005C,0.014201856218278408
YBR035C,YDR103W,5.175487149955416e-09
YBR035C,YJR084W,0.0026364342775195837
YBR035C,YCL032W,1.80712547148687e-08
YBR035C,YJL170C,5.5345250951632785e-12
YBR035C,YDR179C,3.191649375344774e-11
YBR035C,YBR095C,9.067506190341135e-10
YBR035C,YLL021W,1.1152154200111397e-10
YBR035C,YDL159W,2.8120546630816534e-05
YBR035C,YNL161W,0.9547218084335327
YBR035C,YNL188W,1.774649177610499e-11
YBR035C,YJL157C,5.509431276538683e-14
YBR035C,YJL034W,4.2830005492731915e-13
YBR035C,YLR238W,6.807627528360172e-07
YBR035C,YPR141C,2.0013132484564267e-08
YBR035C,YNL127W,5.935043428939579e-11
YBR035C,YCL055W,7.610894670051493e-08
YBR035C,YPR122W,1.258373288383352e-12
YBR035C,YMR065W,0.0001790508395060897
YBR035C,YDR356W,0.0011617479613050818
YBR035C,YMR052W,0.005521435756236315
YBR035C,YFR008W,7.145047054013531e-11
YBR035C,YLL043W,0.000860287225805223
YBR035C,YMR029C,6.467106686613988e-06
YBR035C,YJR004C,1.2678064154059143e-10
YBR035C,YDL223C,3.3303635629880293e-18
YBR035C,YHR158C,9.12316693302273e-08
YBR035C,YGR238C,0.00018862850265577435
YBR035C,YIL015W,0.00016528200649190694
YBR035C,YGL173C,1.667185323128706e-08
YBR035C,YDL225W,0.0004596094076987356
YBR035C,YLR330W,1.536322535855561e-08
YBR035C,YBR129C,4.043162289343871e-13
YBR035C,YKR095W-A,0.2020167112350464
YBR035C,YPR075C,2.2563586199106367e-13
YBR035C,YMR198W,2.0565719751175493e-05
YBR035C,YOR127W,1.1397535672585946e-05
YBR035C,YDR264C,4.196766632130755e-12
YBR035C,YLR110C,2.965146279620967e-07
YBR035C,YDR379W,4.4515271468981155e-09
YBR035C,YDL100C,6.367071705426497e-07
YBR035C,YHR073W,9.8754334487694e-08
YBR035C,YJR090C,1.0030619002066032e-08
YBR035C,YOR208W,0.00015330578025896102
YBR035C,YBR040W,3.0266324169136993e-11
YBR035C,YNL279W,8.478635003285329e-13
YBR035C,YER075C,4.4149169298179913e-07
YBR035C,YCR089W,3.3575932434359856e-07
YBR035C,YCR002C,1.0188500709773507e-06
YBR035C,YJL108C,0.0006581448833458126
YBR035C,YBR200W,1.3864489112336287e-08
YBR035C,YIL026C,8.594983569309989e-07
YBR035C,YJR076C,3.137313542636577e-13
YBR035C,YKR031C,1.6392876887039165e-06
YBR035C,YPL192C,1.3253517727740416e-10
YBR035C,YHR107C,1.5746529413718235e-07
YBR035C,YIL037C,4.33775646513368e-08
YBR035C,YPL156C,0.0006016695988364518
YBR035C,YIL117C,4.353868069024991e-13
YBR035C,YHR066W,2.9365745014294344e-15
YBR035C,YML085C,1.6804838076645012e-10
YBR035C,YML047C,0.016929976642131805
YBR035C,YDR312W,1.722228783196389e-11
YBR035C,YFL037W,7.921345396570863e-15
YBR035C,YDL038C,0.2020167112350464
YBR035C,YDL039C,0.0007908899569883943
YBR035C,YCL027W,2.7700604476876833e-08
YBR035C,YML124C,1.9898693803810374e-10
YBR035C,YGL053W,2.8912442627076996e-16
YBR035C,YMR232W,2.379185204404166e-08
YBR035C,YNL298W,7.89350025343083e-08
YBR035C,YGL099W,2.202613433178905e-18
YBR035C,YBL016W,7.39791266823886e-06
YBR035C,YAL041W,3.454527497392945e-10
YBR035C,YDR085C,5.033265804144094e-09
YBR035C,YPL187W,8.055000216700137e-05
YBR035C,YPL256C,1.3781883620445079e-12
YBR035C,YDR461W,3.4206966148531137e-09
YBR035C,YNL145W,7.131598644960491e-10
YBL052C,YDL165W,4.299206557334401e-05
YBL052C,YGR059W,6.891911930040351e-09
YBL052C,YBR109C,0.522281289100647
YBL052C,YJL080C,2.449011390126543e-06
YBL052C,YCR093W,0.004694389179348946
YBL052C,YIL122W,0.0016144901746883988
YBL052C,YCL029C,1.0167534369998066e-08
YBL052C,YNL173C,0.344686895608902
YBL052C,YLR452C,0.00018110164091922343
YBL052C,YDL160C,0.14338946342468262
YBL052C,YLR229C,0.8974936008453369
YBL052C,YML057W,4.0360717545873115e-10
YBL052C,YER149C,0.0013348819920793176
YBL052C,YMR305C,0.0009396878303959966
YBL052C,YLR433C,0.0008534297812730074
YBL052C,YJL073W,2.4795615560790907e-10
YBL052C,YGR279C,0.05138760060071945
YBL052C,YKL190W,0.9849901795387268
YBL052C,YGL089C,0.9985119700431824
YBL052C,YJL019W,0.00010987561836373061
YBL052C,YJL018W,0.2020167112350464
YBL052C,YNR032C-A,0.2464633285999298
YBL052C,YGL178W,0.002456712070852518
YBL052C,YKL116C,4.954693544334532e-09
YBL052C,YDL214C,9.297407927988388e-07
YBL052C,YLR362W,1.549260417732512e-07
YBL052C,YER068W,0.002737259492278099
YBL052C,YHR084W,0.00690319063141942
YBL052C,YDR392W,0.47036468982696533
YBL052C,YNL053W,2.211890432590735e-06
YBL052C,YGR040W,6.653258992628253e-07
YBL052C,YDL216C,0.008254806511104107
YBL052C,YOL117W,3.1460087868140363e-09
YBL052C,YJR086W,4.233637866946083e-07
YBL052C,YMR025W,5.470872201840393e-05
YBL052C,YBR081C,0.00776724424213171
YBL052C,YFL026W,0.4938909709453583
YBL052C,YHL007C,1.7004394692321512e-07
YBL052C,YNR044W,0.9966585636138916
YBL052C,YNL271C,0.0001200033220811747
YBL052C,YDR200C,0.08082195371389389
YBL052C,YKL178C,0.8356671929359436
YBL052C,YOR212W,0.9755080342292786
YBL052C,YOL111C,2.4961696598602146e-10
YBL052C,YGL032C,0.004994268994778395
YBL052C,YHR005C,0.00029513941262848675
YBL052C,YDR103W,3.411715806578286e-05
YBL052C,YJR084W,0.00035034940810874104
YBL052C,YCL032W,2.0845336621277966e-05
YBL052C,YJL170C,3.87461441277992e-05
YBL052C,YDR179C,2.557849398954204e-08
YBL052C,YBR095C,3.3283315588050755e-06
YBL052C,YLL021W,0.021042192354798317
YBL052C,YDL159W,0.0002367891720496118
YBL052C,YNL161W,0.000899342296179384
YBL052C,YNL188W,1.7435314303426708e-10
YBL052C,YJL157C,1.0467141464687302e-06
YBL052C,YJL034W,5.90840210090704e-10
YBL052C,YLR238W,0.06198752298951149
YBL052C,YPR141C,4.830393152133183e-08
YBL052C,YNL127W,0.0811050534248352
YBL052C,YCL055W,1.6186088913627827e-08
YBL052C,YPR122W,0.00042151540401391685
YBL052C,YMR065W,0.9965752959251404
YBL052C,YDR356W,0.001085332129150629
YBL052C,YMR052W,0.07725503295660019
YBL052C,YFR008W,2.521457281545736e-05
YBL052C,YLL043W,0.006558101624250412
YBL052C,YMR029C,0.14777305722236633
YBL052C,YJR004C,5.08557041964397e-12
YBL052C,YDL223C,1.4643005313297872e-16
YBL052C,YHR158C,3.282485295130755e-06
YBL052C,YGR238C,1.7522248754175962e-06
YBL052C,YIL015W,0.067463219165802
YBL052C,YGL173C,0.5419905185699463
YBL052C,YDL225W,0.02993091568350792
YBL052C,YLR330W,7.002218626439571e-05
YBL052C,YBR129C,4.857857902607066e-07
YBL052C,YKR095W-A,0.2020167112350464
YBL052C,YPR075C,3.532689515850507e-05
YBL052C,YMR198W,1.600914401933551e-05
YBL052C,YOR127W,3.572818041419623e-09
YBL052C,YDR264C,8.667543056617433e-07
YBL052C,YLR110C,0.944242537021637
YBL052C,YDR379W,0.0017781833885237575
YBL052C,YDL100C,0.00011003793042618781
YBL052C,YHR073W,9.906965715344995e-05
YBL052C,YJR090C,9.678884453023784e-06
YBL052C,YOR208W,0.00017843744717538357
YBL052C,YBR040W,0.9469892382621765
YBL052C,YNL279W,0.08055490255355835
YBL052C,YER075C,0.0012365445727482438
YBL052C,YCR089W,2.345500327294303e-08
YBL052C,YCR002C,1.4127583547463018e-09
YBL052C,YJL108C,4.5365844414391177e-08
YBL052C,YBR200W,0.0019001694163307548
YBL052C,YIL026C,1.8924623873317614e-05
YBL052C,YJR076C,5.543754468817497e-07
YBL052C,YKR031C,1.8721448213909753e-07
YBL052C,YPL192C,6.380039394571213e-06
YBL052C,YHR107C,0.508572518825531
YBL052C,YIL037C,1.4670728887722362e-05
YBL052C,YPL156C,0.31693485379219055
YBL052C,YIL117C,3.151620262542565e-07
YBL052C,YHR066W,1.8019787262346654e-07
YBL052C,YML085C,0.03714313730597496
YBL052C,YML047C,0.3754088282585144
YBL052C,YDR312W,0.1638244390487671
YBL052C,YFL037W,0.0008444492123089731
YBL052C,YDL038C,0.2020167112350464
YBL052C,YDL039C,1.3520320930535124e-12
YBL052C,YCL027W,0.006146388128399849
YBL052C,YML124C,0.00041151861660182476
YBL052C,YGL053W,7.729105163889471e-06
YBL052C,YMR232W,7.669428647716359e-09
YBL052C,YNL298W,0.18619905412197113
YBL052C,YGL099W,1.9620877367287903e-08
YBL052C,YBL016W,5.786453129985603e-07
YBL052C,YAL041W,1.7405300241080113e-06
YBL052C,YDR085C,0.003398496424779296
YBL052C,YPL187W,0.9987444877624512
YBL052C,YPL256C,4.019397238153033e-06
YBL052C,YDR461W,2.2102963157522026e-06
YBL052C,YNL145W,1.3570848750532605e-05
YAL007C,YDL165W,0.04451747238636017
YAL007C,YGR059W,2.2406483612957828e-10
YAL007C,YBR109C,0.0035120872780680656
YAL007C,YJL080C,1.1055726645281538e-05
YAL007C,YCR093W,0.00522261019796133
YAL007C,YIL122W,0.15424293279647827
YAL007C,YCL029C,1.3083827077320365e-10
YAL007C,YNL173C,3.0595605937005013e-14
YAL007C,YLR452C,0.9116092920303345
YAL007C,YDL160C,3.702391495608026e-06
YAL007C,YLR229C,0.0008834784384816885
YAL007C,YML057W,2.999882894177963e-12
YAL007C,YER149C,5.257164842342732e-11
YAL007C,YMR305C,6.089729165381641e-09
YAL007C,YLR433C,0.09908262640237808
YAL007C,YJL073W,0.00018869020277634263
YAL007C,YGR279C,0.01714283600449562
YAL007C,YKL190W,2.756557705652085e-06
YAL007C,YGL089C,0.00017929992463905364
YAL007C,YJL019W,3.1746370950713754e-05
YAL007C,YJL018W,0.1473897397518158
YAL007C,YNR032C-A,0.0387372151017189
YAL007C,YGL178W,7.751922481702422e-08
YAL007C,YKL116C,3.1816420609231955e-09
YAL007C,YDL214C,1.4328085853776429e-05
YAL007C,YLR362W,5.009685158027799e-13
YAL007C,YER068W,7.446594452176214e-08
YAL007C,YHR084W,0.007170174736529589
YAL007C,YDR392W,4.6705096679033886e-07
YAL007C,YNL053W,0.6996413469314575
YAL007C,YGR040W,7.844390893296804e-06
YAL007C,YDL216C,0.004034420009702444
YAL007C,YOL117W,4.8592992243357e-06
YAL007C,YJR086W,0.00019068803521804512
YAL007C,YMR025W,4.467709459277103e-06
YAL007C,YBR081C,0.01501566544175148
YAL007C,YFL026W,0.9999681711196899
YAL007C,YHL007C,1.9715711459866725e-05
YAL007C,YNR044W,0.8731546401977539
YAL007C,YNL271C,0.00043539225589483976
YAL007C,YDR200C,3.95649095707995e-07
YAL007C,YKL178C,1.5254152108123975e-10
YAL007C,YOR212W,0.022469334304332733
YAL007C,YOL111C,1.624019657902459e-13
YAL007C,YGL032C,0.11000928282737732
YAL007C,YHR005C,0.6455364227294922
YAL007C,YDR103W,0.0014994905795902014
YAL007C,YJR084W,6.872454378026305e-06
YAL007C,YCL032W,7.490344455796105e-11
YAL007C,YJL170C,0.9985900521278381
YAL007C,YDR179C,0.0003184097004123032
YAL007C,YBR095C,4.981826577932225e-07
YAL007C,YLL021W,6.957770182225431e-08
YAL007C,YDL159W,1.151503480241456e-13
YAL007C,YNL161W,0.0001475541212130338
YAL007C,YNL188W,0.8061873912811279
YAL007C,YJL157C,0.026557574048638344
YAL007C,YJL034W,7.455582347371126e-18
YAL007C,YLR238W,0.00529510946944356
YAL007C,YPR141C,4.916072157357121e-06
YAL007C,YNL127W,3.736198414117098e-05
YAL007C,YCL055W,1.5295387129299343e-05
YAL007C,YPR122W,0.5199404358863831
YAL007C,YMR065W,0.1742510050535202
YAL007C,YDR356W,0.00025542982621118426
YAL007C,YMR052W,2.3269133286873966e-09
YAL007C,YFR008W,0.1765546202659607
YAL007C,YLL043W,0.0008382010273635387
YAL007C,YMR029C,1.6753270983826951e-06
YAL007C,YJR004C,1.9720270555412256e-11
YAL007C,YDL223C,2.233126736571051e-21
YAL007C,YHR158C,0.013090556487441063
YAL007C,YGR238C,9.016300168696034e-07
YAL007C,YIL015W,0.9998502731323242
YAL007C,YGL173C,1.1111478404046693e-09
YAL007C,YDL225W,5.363417585613206e-07
YAL007C,YLR330W,2.6301998801159243e-08
YAL007C,YBR129C,4.3896544732469067e-10
YAL007C,YKR095W-A,0.2020167112350464
YAL007C,YPR075C,4.050192923798109e-17
YAL007C,YMR198W,2.9363762532597093e-09
YAL007C,YOR127W,0.0011631918605417013
YAL007C,YDR264C,1.346154849916903e-12
YAL007C,YLR110C,0.15443113446235657
YAL007C,YDR379W,0.17855620384216309
YAL007C,YDL100C,3.6499903217190877e-05
YAL007C,YHR073W,2.0074290659977123e-05
YAL007C,YJR090C,0.8564930558204651
YAL007C,YOR208W,1.9211780610817186e-08
YAL007C,YBR040W,0.00032701450982131064
YAL007C,YNL279W,3.067878060392104e-05
YAL007C,YER075C,7.238226680783555e-05
YAL007C,YCR089W,0.0003891348897013813
YAL007C,YCR002C,0.9828687906265259
YAL007C,YJL108C,0.00030181906186044216
YAL007C,YBR200W,1.540479570394382e-05
YAL007C,YIL026C,0.0003881514130625874
YAL007C,YJR076C,0.0016364441253244877
YAL007C,YKR031C,0.29970791935920715
YAL007C,YPL192C,2.1135686516932095e-13
YAL007C,YHR107C,2.893973260142957e-06
YAL007C,YIL037C,0.6455556154251099
YAL007C,YPL156C,1.7755021417542594e-06
YAL007C,YIL117C,1.715421603876166e-05
YAL007C,YHR066W,1.1740436178797609e-07
YAL007C,YML085C,7.552777333330596e-06
YAL007C,YML047C,0.009414403699338436
YAL007C,YDR312W,4.480006828089245e-05
YAL007C,YFL037W,0.8697453737258911
YAL007C,YDL038C,0.2020167112350464
YAL007C,YDL039C,1.5022478816462126e-09
YAL007C,YCL027W,6.869971258538499e-08
YAL007C,YML124C,9.532927780497857e-10
YAL007C,YGL053W,0.0077903601340949535
YAL007C,YMR232W,8.898824148673157e-07
YAL007C,YNL298W,7.411973701465513e-09
YAL007C,YGL099W,2.284733909618808e-06
YAL007C,YBL016W,2.551795660110656e-06
YAL007C,YAL041W,0.9233703017234802
YAL007C,YDR085C,0.0001806656364351511
YAL007C,YPL187W,0.16386722028255463
YAL007C,YPL256C,0.9676652550697327
YAL007C,YDR461W,4.989243151953815e-08
YAL007C,YNL145W,0.017172127962112427
YBR276C,YDL165W,0.07881826907396317
YBR276C,YGR059W,3.296135844266246e-07
YBR276C,YBR109C,0.0008039909298531711
YBR276C,YJL080C,0.0021770368330180645
YBR276C,YCR093W,0.00172246468719095
YBR276C,YIL122W,0.0008538397960364819
YBR276C,YCL029C,7.614011959984623e-13
YBR276C,YNL173C,1.2927636817039456e-05
YBR276C,YLR452C,0.9999977350234985
YBR276C,YDL160C,8.332511060871184e-05
YBR276C,YLR229C,0.04541229084134102
YBR276C,YML057W,1.3826770839386882e-09
YBR276C,YER149C,3.672822685985011e-06
YBR276C,YMR305C,6.524458058265736e-06
YBR276C,YLR433C,0.0015067431377246976
YBR276C,YJL073W,1.2111177512263982e-11
YBR276C,YGR279C,0.01051026489585638
YBR276C,YKL190W,0.00012479620636440814
YBR276C,YGL089C,1.8060217144011403e-07
YBR276C,YJL019W,0.00017032817413564771
YBR276C,YJL018W,0.11477875709533691
YBR276C,YNR032C-A,0.9209210276603699
YBR276C,YGL178W,8.481500844936818e-05
YBR276C,YKL116C,3.4888017808043514e-07
YBR276C,YDL214C,0.9191557765007019
YBR276C,YLR362W,0.00042710182606242597
YBR276C,YER068W,9.123341015992992e-08
YBR276C,YHR084W,4.300184386352157e-08
YBR276C,YDR392W,0.34991562366485596
YBR276C,YNL053W,0.0008521841373294592
YBR276C,YGR040W,5.732256613555364e-05
YBR276C,YDL216C,0.516185462474823
YBR276C,YOL117W,3.791843028011499e-06
YBR276C,YJR086W,0.3947402536869049
YBR276C,YMR025W,0.00027901268913410604
YBR276C,YBR081C,0.9717763662338257
YBR276C,YFL026W,0.0008182809106074274
YBR276C,YHL007C,1.7060187929018866e-06
YBR276C,YNR044W,3.954206295730955e-09
YBR276C,YNL271C,2.641660103108734e-05
YBR276C,YDR200C,1.7326287604646495e-07
YBR276C,YKL178C,0.9200277924537659
YBR276C,YOR212W,0.1469629555940628
YBR276C,YOL111C,1.1719120038833353e-06
YBR276C,YGL032C,0.37269455194473267
YBR276C,YHR005C,0.283718466758728
YBR276C,YDR103W,0.0009546776418574154
YBR276C,YJR084W,0.6480005383491516
YBR276C,YCL032W,0.0005374679458327591
YBR276C,YJL170C,0.20006582140922546
YBR276C,YDR179C,0.0010343933245167136
YBR276C,YBR095C,0.0074146525003015995
YBR276C,YLL021W,0.00012835751113016158
YBR276C,YDL159W,2.935712188900652e-07
YBR276C,YNL161W,6.597439642064273e-05
YBR276C,YNL188W,5.567928784699916e-09
YBR276C,YJL157C,0.4607194662094116
YBR276C,YJL034W,8.423311492755658e-10
YBR276C,YLR238W,0.00011814823665190488
YBR276C,YPR141C,0.007847259752452374
YBR276C,YNL127W,1.7850504718808224e-06
YBR276C,YCL055W,2.7490697718235424e-08
YBR276C,YPR122W,0.29100480675697327
YBR276C,YMR065W,0.9999172687530518
YBR276C,YDR356W,1.4081719200476073e-05
YBR276C,YMR052W,0.0005183348548598588
YBR276C,YFR008W,2.7435771698947065e-05
YBR276C,YLL043W,1.4727646879819645e-09
YBR276C,YMR029C,0.002467892598360777
YBR276C,YJR004C,1.0040615450179757e-07
YBR276C,YDL223C,1.8160755885232582e-11
YBR276C,YHR158C,2.031167269933576e-07
YBR276C,YGR238C,4.0320437619811855e-06
YBR276C,YIL015W,0.9681077599525452
YBR276C,YGL173C,0.9999985694885254
YBR276C,YDL225W,0.7731374502182007
YBR276C,YLR330W,0.0011788617121055722
YBR276C,YBR129C,2.5246356017305516e-05
YBR276C,YKR095W-A,0.2020167112350464
YBR276C,YPR075C,0.8856649994850159
YBR276C,YMR198W,0.00024317047791555524
YBR276C,YOR127W,0.005713137332350016
YBR276C,YDR264C,0.0003984787326771766
YBR276C,YLR110C,0.9788956642150879
YBR276C,YDR379W,2.173805846439336e-08
YBR276C,YDL100C,1.0894450497289654e-05
YBR276C,YHR073W,6.174103361900052e-08
YBR276C,YJR090C,3.4817592222680105e-06
YBR276C,YOR208W,6.121710782736045e-08
YBR276C,YBR040W,0.028983084484934807
YBR276C,YNL279W,0.1718108206987381
YBR276C,YER075C,9.134724678006023e-06
YBR276C,YCR089W,4.6493152439097685e-08
YBR276C,YCR002C,0.023167425766587257
YBR276C,YJL108C,5.2220137149561197e-05
YBR276C,YBR200W,2.6639382366688835e-10
YBR276C,YIL026C,6.145962288428564e-06
YBR276C,YJR076C,5.711424932997033e-07
YBR276C,YKR031C,0.0017912127077579498
YBR276C,YPL192C,0.9750242233276367
YBR276C,YHR107C,2.937106025058256e-08
YBR276C,YIL037C,0.7988624572753906
YBR276C,YPL156C,5.6000637414399534e-05
YBR276C,YIL117C,7.459758677441641e-08
YBR276C,YHR066W,3.3939323573761726e-10
YBR276C,YML085C,0.00014211372763384134
YBR276C,YML047C,0.23428604006767273
YBR276C,YDR312W,2.362534542044159e-05
YBR276C,YFL037W,3.223686064757203e-07
YBR276C,YDL038C,0.2020167112350464
YBR276C,YDL039C,0.00032296750578098
YBR276C,YCL027W,0.0006795640219934285
YBR276C,YML124C,5.821312853981908e-08
YBR276C,YGL053W,0.03165440261363983
YBR276C,YMR232W,1.2631284107555985e-06
YBR276C,YNL298W,3.4556792343209963e-06
YBR276C,YGL099W,0.00015529671509284526
YBR276C,YBL016W,1.1584070508385835e-10
YBR276C,YAL041W,1.2086536571587203e-06
YBR276C,YDR085C,5.619163857772946e-06
YBR276C,YPL187W,4.994460596208228e-06
YBR276C,YPL256C,7.741206354694441e-05
YBR276C,YDR461W,0.010071923024952412
YBR276C,YNL145W,2.820810777848237e-06
YKR010C,YDL165W,0.029083548113703728
YKR010C,YGR059W,0.47321218252182007
YKR010C,YBR109C,1.4211962479748763e-05
YKR010C,YJL080C,0.03720128908753395
YKR010C,YCR093W,0.021555166691541672
YKR010C,YIL122W,0.9996883869171143
YKR010C,YCL029C,1.967338618402703e-11
YKR010C,YNL173C,1.901422130856645e-09
YKR010C,YLR452C,0.009429913945496082
YKR010C,YDL160C,3.257114440202713e-05
YKR010C,YLR229C,5.17885212047986e-07
YKR010C,YML057W,1.8133096091332845e-06
YKR010C,YER149C,5.262373861114611e-07
YKR010C,YMR305C,0.999038815498352
YKR010C,YLR433C,2.6061184144055005e-06
YKR010C,YJL073W,0.001874961657449603
YKR010C,YGR279C,0.001716404571197927
YKR010C,YKL190W,5.998441565679968e-07
YKR010C,YGL089C,5.3167077851412614e-08
YKR010C,YJL019W,2.5439895958052905e-14
YKR010C,YJL018W,0.0006516184075735509
YKR010C,YNR032C-A,0.2560800611972809
YKR010C,YGL178W,0.9301595091819763
YKR010C,YKL116C,0.02298901416361332
YKR010C,YDL214C,0.01759709231555462
YKR010C,YLR362W,1.7721726308650432e-08
YKR010C,YER068W,7.831803486624267e-06
YKR010C,YHR084W,3.747695416222996e-07
YKR010C,YDR392W,0.007727691438049078
YKR010C,YNL053W,0.12221766263246536
YKR010C,YGR040W,3.438545536482707e-05
YKR010C,YDL216C,0.19503146409988403
YKR010C,YOL117W,7.742808477706475e-11
YKR010C,YJR086W,0.013406604528427124
YKR010C,YMR025W,0.00010609640594338998
YKR010C,YBR081C,7.4234343117041135e-09
YKR010C,YFL026W,0.06695441156625748
YKR010C,YHL007C,1.9401982171984855e-06
YKR010C,YNR044W,1.916745695496047e-08
YKR010C,YNL271C,0.07273899018764496
YKR010C,YDR200C,0.0013691213680431247
YKR010C,YKL178C,0.0019093506271019578
YKR010C,YOR212W,0.7924894094467163
YKR010C,YOL111C,1.0369756268946428e-11
YKR010C,YGL032C,0.013364833779633045
YKR010C,YHR005C,2.388127177255228e-05
YKR010C,YDR103W,0.5775891542434692
YKR010C,YJR084W,0.00031570467399433255
YKR010C,YCL032W,3.4049520536427735e-08
YKR010C,YJL170C,0.07829853147268295
YKR010C,YDR179C,1.2985736248083413e-05
YKR010C,YBR095C,3.4489087141764685e-08
YKR010C,YLL021W,5.78592334932182e-05
YKR010C,YDL159W,8.908469908419647e-07
YKR010C,YNL161W,4.856792656937614e-07
YKR010C,YNL188W,1.0396694152836096e-14
YKR010C,YJL157C,1.6154534023371525e-05
YKR010C,YJL034W,1.0110263701790245e-06
YKR010C,YLR238W,6.274762654356891e-06
YKR010C,YPR141C,2.703816726068453e-09
YKR010C,YNL127W,0.00046389942872337997
YKR010C,YCL055W,1.3521384971681982e-05
YKR010C,YPR122W,0.9749060273170471
YKR010C,YMR065W,1.0884981804792915e-07
YKR010C,YDR356W,0.00026862879167310894
YKR010C,YMR052W,0.004646911285817623
YKR010C,YFR008W,4.92311528432765e-07
YKR010C,YLL043W,1.6065971886192187e-09
YKR010C,YMR029C,0.0017246502684429288
YKR010C,YJR004C,6.787271900066116e-07
YKR010C,YDL223C,7.993754991275637e-08
YKR010C,YHR158C,3.630508581409231e-05
YKR010C,YGR238C,9.036894565994658e-10
YKR010C,YIL015W,0.017504414543509483
YKR010C,YGL173C,0.09049846231937408
YKR010C,YDL225W,0.00021275746985338628
YKR010C,YLR330W,0.0008989623165689409
YKR010C,YBR129C,0.0006859141867607832
YKR010C,YKR095W-A,0.2020167112350464
YKR010C,YPR075C,1.939032484923886e-12
YKR010C,YMR198W,0.008985746651887894
YKR010C,YOR127W,0.05385154113173485
YKR010C,YDR264C,3.992302488597943e-09
YKR010C,YLR110C,0.9998836517333984
YKR010C,YDR379W,0.05012249946594238
YKR010C,YDL100C,4.3823160378320125e-11
YKR010C,YHR073W,0.9978286623954773
YKR010C,YJR090C,3.002760706749541e-07
YKR010C,YOR208W,0.0015963840996846557
YKR010C,YBR040W,0.01345793902873993
YKR010C,YNL279W,4.080424609309574e-10
YKR010C,YER075C,9.984913049265742e-06
YKR010C,YCR089W,0.0013745223404839635
YKR010C,YCR002C,0.00016550926375202835
YKR010C,YJL108C,0.9432733058929443
YKR010C,YBR200W,2.4397777451667935e-06
YKR010C,YIL026C,3.0054957278480288e-06
YKR010C,YJR076C,6.547672182222186e-09
YKR010C,YKR031C,0.012465914711356163
YKR010C,YPL192C,0.0024287987034767866
YKR010C,YHR107C,3.609839404816739e-05
YKR010C,YIL037C,0.9509167075157166
YKR010C,YPL156C,1.7462546963997738e-09
YKR010C,YIL117C,5.757506369263865e-05
YKR010C,YHR066W,1.078012987443212e-14
YKR010C,YML085C,0.06762734800577164
YKR010C,YML047C,0.012880894355475903
YKR010C,YDR312W,9.515862896920455e-15
YKR010C,YFL037W,5.009625056118239e-06
YKR010C,YDL038C,0.2020167112350464
YKR010C,YDL039C,2.2279847237960393e-12
YKR010C,YCL027W,0.00011338035255903378
YKR010C,YML124C,2.7435316241053442e-09
YKR010C,YGL053W,1.3317183800154453e-08
YKR010C,YMR232W,6.681090125582045e-10
YKR010C,YNL298W,0.008560503832995892
YKR010C,YGL099W,4.904030653785085e-11
YKR010C,YBL016W,2.262125597951581e-08
YKR010C,YAL041W,0.624018669128418
YKR010C,YDR085C,6.39099516774877e-06
YKR010C,YPL187W,1.9803968598353094e-07
YKR010C,YPL256C,1.2482069600139312e-08
YKR010C,YDR461W,4.69458836960257e-06
YKR010C,YNL145W,2.164696888939943e-05
YBL098W,YDL165W,2.916587192028017e-14
YBL098W,YGR059W,8.504061042913236e-06
YBL098W,YBR109C,1.8409624544801773e-06
YBL098W,YJL080C,2.1281692852426204e-08
YBL098W,YCR093W,1.509456893245692e-13
YBL098W,YIL122W,0.00025223844568245113
YBL098W,YCL029C,1.0725529839272774e-11
YBL098W,YNL173C,1.0238985623800545e-06
YBL098W,YLR452C,1.2773263620858427e-13
YBL098W,YDL160C,1.4908380085998374e-10
YBL098W,YLR229C,7.418287623295328e-06
YBL098W,YML057W,4.3328324261793227e-10
YBL098W,YER149C,3.165533826177125e-07
YBL098W,YMR305C,1.0860897324689014e-16
YBL098W,YLR433C,3.521328411151825e-12
YBL098W,YJL073W,6.0630265252825666e-09
YBL098W,YGR279C,3.4248810927041407e-13
YBL098W,YKL190W,4.9365584536831264e-11
YBL098W,YGL089C,0.7387279272079468
YBL098W,YJL019W,3.857870689571996e-10
YBL098W,YJL018W,0.004934844095259905
YBL098W,YNR032C-A,0.0005310389678925276
YBL098W,YGL178W,1.490377404822496e-10
YBL098W,YKL116C,2.87696699796669e-10
YBL098W,YDL214C,2.336170382477576e-06
YBL098W,YLR362W,2.087866554992268e-12
YBL098W,YER068W,4.842829639528645e-07
YBL098W,YHR084W,2.518555919373e-10
YBL098W,YDR392W,1.7076461134024612e-08
YBL098W,YNL053W,5.465995591116116e-17
YBL098W,YGR040W,3.5707777013005426e-11
YBL098W,YDL216C,1.7108977772295475e-05
YBL098W,YOL117W,7.380271394019644e-10
YBL098W,YJR086W,6.149303771962877e-06
YBL098W,YMR025W,2.8997468217838857e-14
YBL098W,YBR081C,1.2277540761829187e-08
YBL098W,YFL026W,7.341630081647565e-11
YBL098W,YHL007C,1.2999266552071731e-08
YBL098W,YNR044W,0.0003930386737920344
YBL098W,YNL271C,8.749352289763937e-15
YBL098W,YDR200C,5.5753022024873644e-05
YBL098W,YKL178C,6.379875738815599e-09
YBL098W,YOR212W,8.611292234839141e-11
YBL098W,YOL111C,3.245722109568305e-05
YBL098W,YGL032C,1.7427591103569284e-07
YBL098W,YHR005C,1.1212584194453257e-09
YBL098W,YDR103W,1.0887743831511365e-11
YBL098W,YJR084W,5.035467438574415e-07
YBL098W,YCL032W,3.4241753610331216e-07
YBL098W,YJL170C,0.9683507084846497
YBL098W,YDR179C,2.339456232902659e-11
YBL098W,YBR095C,0.005877027753740549
YBL098W,YLL021W,8.870676424521662e-07
YBL098W,YDL159W,1.3663005837827313e-08
YBL098W,YNL161W,6.998401413937927e-09
YBL098W,YNL188W,7.046930150522712e-09
YBL098W,YJL157C,1.5314730074920437e-14
YBL098W,YJL034W,0.0016923547955229878
YBL098W,YLR238W,7.452267275498414e-11
YBL098W,YPR141C,8.415170227316082e-10
YBL098W,YNL127W,0.0008128799963742495
YBL098W,YCL055W,1.0347233825314106e-07
YBL098W,YPR122W,4.768439115787615e-12
YBL098W,YMR065W,0.0018355296924710274
YBL098W,YDR356W,2.1354678008539407e-12
YBL098W,YMR052W,6.321644718809694e-07
YBL098W,YFR008W,7.547870382040855e-07
YBL098W,YLL043W,1.244878333750421e-08
YBL098W,YMR029C,0.7333680391311646
YBL098W,YJR004C,0.3048873245716095
YBL098W,YDL223C,2.267572315457582e-16
YBL098W,YHR158C,2.8900926736241672e-06
YBL098W,YGR238C,2.961961578784589e-11
YBL098W,YIL015W,3.9611036672937416e-10
YBL098W,YGL173C,2.458835801633086e-09
YBL098W,YDL225W,3.8672438584796964e-09
YBL098W,YLR330W,3.6889836337650195e-05
YBL098W,YBR129C,7.770286902086809e-05
YBL098W,YKR095W-A,0.2020167112350464
YBL098W,YPR075C,2.3603962209274576e-15
YBL098W,YMR198W,9.970696055461303e-07
YBL098W,YOR127W,5.148879063199274e-05
YBL098W,YDR264C,5.160824002814479e-05
YBL098W,YLR110C,1.9324238209605937e-08
YBL098W,YDR379W,0.007244983687996864
YBL098W,YDL100C,4.513786734605674e-06
YBL098W,YHR073W,1.6534461300121706e-10
YBL098W,YJR090C,6.609348485175914e-11
YBL098W,YOR208W,1.2709840775324e-12
YBL098W,YBR040W,0.020368525758385658
YBL098W,YNL279W,1.3660563132067427e-11
YBL098W,YER075C,2.7384145141695626e-05
YBL098W,YCR089W,1.7264304430497646e-09
YBL098W,YCR002C,2.732840300723183e-07
YBL098W,YJL108C,0.015307562425732613
YBL098W,YBR200W,8.296226048176491e-19
YBL098W,YIL026C,9.267736751639166e-12
YBL098W,YJR076C,0.0008654876728542149
YBL098W,YKR031C,1.688046609160665e-06
YBL098W,YPL192C,1.9045675799134187e-05
YBL098W,YHR107C,1.2917633976372578e-11
YBL098W,YIL037C,2.4500986910425127e-05
YBL098W,YPL156C,0.0003927560755982995
YBL098W,YIL117C,1.2118762937607386e-10
YBL098W,YHR066W,4.389810929583508e-15
YBL098W,YML085C,7.770577931109912e-11
YBL098W,YML047C,2.21524221188929e-09
YBL098W,YDR312W,6.445929301435172e-08
YBL098W,YFL037W,0.0005862488760612905
YBL098W,YDL038C,0.2020167112350464
YBL098W,YDL039C,1.1498460517067599e-10
YBL098W,YCL027W,5.462836725200759e-07
YBL098W,YML124C,9.057372907239625e-11
YBL098W,YGL053W,1.695523224043427e-07
YBL098W,YMR232W,3.58322650547812e-16
YBL098W,YNL298W,2.6718691259475236e-08
YBL098W,YGL099W,7.513115563712036e-13
YBL098W,YBL016W,7.533031815519509e-13
YBL098W,YAL041W,1.0818820284086428e-09
YBL098W,YDR085C,3.445088836429022e-08
YBL098W,YPL187W,0.9543836116790771
YBL098W,YPL256C,1.205418076466458e-08
YBL098W,YDR461W,2.9218742980674506e-08
YBL098W,YNL145W,8.84521723492071e-05
YHR068W,YDL165W,0.1925891637802124
YHR068W,YGR059W,7.116491840264416e-09
YHR068W,YBR109C,0.059019122272729874
YHR068W,YJL080C,0.00030332544702105224
YHR068W,YCR093W,1.1323129456286551e-06
YHR068W,YIL122W,0.0002871977922040969
YHR068W,YCL029C,3.765066503547132e-05
YHR068W,YNL173C,0.9251841902732849
YHR068W,YLR452C,0.999871015548706
YHR068W,YDL160C,0.1278826892375946
YHR068W,YLR229C,6.300926179392263e-05
YHR068W,YML057W,1.4701902195657368e-10
YHR068W,YER149C,4.539111557733122e-07
YHR068W,YMR305C,0.20716917514801025
YHR068W,YLR433C,0.012707234360277653
YHR068W,YJL073W,4.620447358050228e-10
YHR068W,YGR279C,1.5627194898115704e-06
YHR068W,YKL190W,1.2618578182355122e-07
YHR068W,YGL089C,6.571025892299076e-07
YHR068W,YJL019W,0.01963096857070923
YHR068W,YJL018W,0.00028090481646358967
YHR068W,YNR032C-A,0.07149635255336761
YHR068W,YGL178W,7.317654121541395e-11
YHR068W,YKL116C,3.979123974762189e-11
YHR068W,YDL214C,0.9958930015563965
YHR068W,YLR362W,1.2431145535174437e-07
YHR068W,YER068W,4.406286793767755e-11
YHR068W,YHR084W,0.0009321247925981879
YHR068W,YDR392W,2.0441358827838485e-08
YHR068W,YNL053W,7.216665380838094e-06
YHR068W,YGR040W,2.311975731572602e-05
YHR068W,YDL216C,0.9577500224113464
YHR068W,YOL117W,2.6520910978433676e-07
YHR068W,YJR086W,0.051668696105480194
YHR068W,YMR025W,0.9354928135871887
YHR068W,YBR081C,0.999897837638855
YHR068W,YFL026W,0.06594479829072952
YHR068W,YHL007C,1.3216784282121807e-05
YHR068W,YNR044W,0.9997780919075012
YHR068W,YNL271C,0.0029297962319105864
YHR068W,YDR200C,1.128092026192462e-05
YHR068W,YKL178C,1.9726282829424235e-08
YHR068W,YOR212W,0.9322630167007446
YHR068W,YOL111C,7.355894576587625e-16
YHR068W,YGL032C,0.16208170354366302
YHR068W,YHR005C,0.28212499618530273
YHR068W,YDR103W,0.970949113368988
YHR068W,YJR084W,0.004109498113393784
YHR068W,YCL032W,0.0006237142952159047
YHR068W,YJL170C,0.00042572279926389456
YHR068W,YDR179C,2.096005369267573e-09
YHR068W,YBR095C,0.620198130607605
YHR068W,YLL021W,0.0022537754848599434
YHR068W,YDL159W,1.704714058803347e-08
YHR068W,YNL161W,0.08011578768491745
YHR068W,YNL188W,0.3617438077926636
YHR068W,YJL157C,1.0100809959112667e-05
YHR068W,YJL034W,1.261796288283643e-15
YHR068W,YLR238W,2.882529201997386e-07
YHR068W,YPR141C,1.5563891793135554e-05
YHR068W,YNL127W,0.9995561242103577
YHR068W,YCL055W,5.845267310178315e-07
YHR068W,YPR122W,0.02630612999200821
YHR068W,YMR065W,3.6822672200287343e-07
YHR068W,YDR356W,1.6380501620005816e-05
YHR068W,YMR052W,0.024127624928951263
YHR068W,YFR008W,7.065484624035889e-06
YHR068W,YLL043W,0.0003876776900142431
YHR068W,YMR029C,0.194742351770401
YHR068W,YJR004C,3.0010806340019514e-11
YHR068W,YDL223C,1.9679198044247073e-19
YHR068W,YHR158C,0.9085976481437683
YHR068W,YGR238C,7.360493965491216e-17
YHR068W,YIL015W,0.9999585151672363
YHR068W,YGL173C,0.9979363679885864
YHR068W,YDL225W,0.9911914467811584
YHR068W,YLR330W,4.22295033786213e-06
YHR068W,YBR129C,0.7506421804428101
YHR068W,YKR095W-A,0.2020167112350464
YHR068W,YPR075C,7.841673144159955e-11
YHR068W,YMR198W,2.5850039264696534e-07
YHR068W,YOR127W,0.006719687953591347
YHR068W,YDR264C,0.00048075022641569376
YHR068W,YLR110C,0.001033516600728035
YHR068W,YDR379W,1.2433251650456612e-10
YHR068W,YDL100C,8.71315296535613e-06
YHR068W,YHR073W,7.095286127878353e-05
YHR068W,YJR090C,4.951882306980515e-11
YHR068W,YOR208W,3.1875575245976506e-07
YHR068W,YBR040W,0.03931047394871712
YHR068W,YNL279W,5.017778312321752e-05
YHR068W,YER075C,1.3478602678418383e-09
YHR068W,YCR089W,1.1852957868541125e-05
YHR068W,YCR002C,5.3486990509554744e-05
YHR068W,YJL108C,0.7140681147575378
YHR068W,YBR200W,3.9422607187589165e-06
YHR068W,YIL026C,0.9811584949493408
YHR068W,YJR076C,0.9986938834190369
YHR068W,YKR031C,1.0569407322691404e-06
YHR068W,YPL192C,5.558351767831482e-05
YHR068W,YHR107C,0.0001226590247824788
YHR068W,YIL037C,0.12775780260562897
YHR068W,YPL156C,6.021258491806236e-10
YHR068W,YIL117C,4.0390335698248236e-07
YHR068W,YHR066W,6.183386593548723e-13
YHR068W,YML085C,0.2787749171257019
YHR068W,YML047C,5.309930656949291e-06
YHR068W,YDR312W,0.016405116766691208
YHR068W,YFL037W,3.522852421156131e-05
YHR068W,YDL038C,0.2020167112350464
YHR068W,YDL039C,7.429386528201576e-08
YHR068W,YCL027W,0.009874911978840828
YHR068W,YML124C,1.2286557193874614e-06
YHR068W,YGL053W,0.005437083076685667
YHR068W,YMR232W,0.8645023107528687
YHR068W,YNL298W,0.0006808832404203713
YHR068W,YGL099W,1.6627252989565022e-05
YHR068W,YBL016W,4.082024673834894e-08
YHR068W,YAL041W,0.3723190128803253
YHR068W,YDR085C,0.0006893129320815206
YHR068W,YPL187W,0.9082995653152466
YHR068W,YPL256C,0.00031728576868772507
YHR068W,YDR461W,5.9409467212390155e-06
YHR068W,YNL145W,0.0009137352462857962
YOL097C,YDL165W,1.046461122200526e-07
YOL097C,YGR059W,1.448810363367315e-15
YOL097C,YBR109C,0.010470177978277206
YOL097C,YJL080C,2.323385160707403e-05
YOL097C,YCR093W,0.586116373538971
YOL097C,YIL122W,1.1825296496681403e-05
YOL097C,YCL029C,3.6799578141677447e-13
YOL097C,YNL173C,0.13207213580608368
YOL097C,YLR452C,3.553052374627441e-05
YOL097C,YDL160C,0.006406200584024191
YOL097C,YLR229C,3.0093665337460607e-09
YOL097C,YML057W,1.3968539214204156e-08
YOL097C,YER149C,0.001634633750654757
YOL097C,YMR305C,3.0612855974734084e-16
YOL097C,YLR433C,1.459767133837886e-07
YOL097C,YJL073W,1.1476643635432993e-07
YOL097C,YGR279C,3.8899614196452603e-07
YOL097C,YKL190W,4.221485383482104e-08
YOL097C,YGL089C,0.00016176298959180713
YOL097C,YJL019W,0.9045490622520447
YOL097C,YJL018W,0.1588878631591797
YOL097C,YNR032C-A,0.0012990166433155537
YOL097C,YGL178W,6.197977882038685e-07
YOL097C,YKL116C,2.709260246702705e-11
YOL097C,YDL214C,0.9090412259101868
YOL097C,YLR362W,0.0014805883402004838
YOL097C,YER068W,1.896257003863866e-06
YOL097C,YHR084W,1.8535561974175607e-10
YOL097C,YDR392W,5.661378236254677e-05
YOL097C,YNL053W,2.4454559024889022e-05
YOL097C,YGR040W,2.295723833256602e-09
YOL097C,YDL216C,0.008538725785911083
YOL097C,YOL117W,1.8827194026016514e-07
YOL097C,YJR086W,1.6574535038671456e-05
YOL097C,YMR025W,3.0425449040194508e-06
YOL097C,YBR081C,3.5703988032764755e-07
YOL097C,YFL026W,0.36672234535217285
YOL097C,YHL007C,5.46014899960312e-10
YOL097C,YNR044W,5.627787231787806e-06
YOL097C,YNL271C,9.798092150958837e-07
YOL097C,YDR200C,0.007211470976471901
YOL097C,YKL178C,0.25910526514053345
YOL097C,YOR212W,2.623783690314241e-10
YOL097C,YOL111C,8.746951080107479e-11
YOL097C,YGL032C,1.6965162785709254e-07
YOL097C,YHR005C,0.6433398723602295
YOL097C,YDR103W,1.563458917885896e-09
YOL097C,YJR084W,2.253894535897416e-06
YOL097C,YCL032W,2.465988302446931e-07
YOL097C,YJL170C,3.1986467092792736e-06
YOL097C,YDR179C,4.913507683948319e-14
YOL097C,YBR095C,0.5758073329925537
YOL097C,YLL021W,0.036292873322963715
YOL097C,YDL159W,1.6943957088094708e-12
YOL097C,YNL161W,4.536480628303252e-05
YOL097C,YNL188W,3.7298242272498783e-10
YOL097C,YJL157C,6.601317714682864e-09
YOL097C,YJL034W,2.3965751258514523e-11
YOL097C,YLR238W,0.9523122310638428
YOL097C,YPR141C,0.3149508237838745
YOL097C,YNL127W,0.9961490631103516
YOL097C,YCL055W,3.5110602766508237e-05
YOL097C,YPR122W,7.913533045211807e-05
YOL097C,YMR065W,3.617284392021247e-07
YOL097C,YDR356W,7.751594033322817e-09
YOL097C,YMR052W,0.0005063508288003504
YOL097C,YFR008W,1.536653508431296e-12
YOL097C,YLL043W,8.905060531105846e-05
YOL097C,YMR029C,0.9132612943649292
YOL097C,YJR004C,8.552893632440828e-06
YOL097C,YDL223C,1.2401961317013937e-18
YOL097C,YHR158C,0.0018890603678300977
YOL097C,YGR238C,5.854773263425095e-12
YOL097C,YIL015W,0.0012466011103242636
YOL097C,YGL173C,3.0590008464059792e-06
YOL097C,YDL225W,0.03946159407496452
YOL097C,YLR330W,2.4807144186067553e-11
YOL097C,YBR129C,0.3263821601867676
YOL097C,YKR095W-A,0.2020167112350464
YOL097C,YPR075C,8.154639446068378e-15
YOL097C,YMR198W,5.3272164457496274e-11
YOL097C,YOR127W,5.750596756115556e-06
YOL097C,YDR264C,1.610790008044205e-07
YOL097C,YLR110C,5.449107993626967e-05
YOL097C,YDR379W,1.9548317595763365e-06
YOL097C,YDL100C,7.588520247736597e-07
YOL097C,YHR073W,4.1221734359275786e-10
YOL097C,YJR090C,1.725059504964488e-11
YOL097C,YOR208W,1.3438636869977927e-06
YOL097C,YBR040W,0.04276430979371071
YOL097C,YNL279W,0.0031588629353791475
YOL097C,YER075C,1.8056153902774874e-13
YOL097C,YCR089W,5.577310844273597e-07
YOL097C,YCR002C,9.375980880577117e-08
YOL097C,YJL108C,0.5657451152801514
YOL097C,YBR200W,4.202412196008254e-09
YOL097C,YIL026C,1.439284886828318e-07
YOL097C,YJR076C,0.604786217212677
YOL097C,YKR031C,0.00013089217827655375
YOL097C,YPL192C,2.5072456537600374e-06
YOL097C,YHR107C,1.0881056368816644e-05
YOL097C,YIL037C,4.952993126750016e-09
YOL097C,YPL156C,9.265481253351027e-07
YOL097C,YIL117C,4.83458325106767e-06
YOL097C,YHR066W,2.336341298377065e-13
YOL097C,YML085C,6.297383379205712e-07
YOL097C,YML047C,0.45429229736328125
YOL097C,YDR312W,7.990400627022609e-05
YOL097C,YFL037W,0.008493399247527122
YOL097C,YDL038C,0.2020167112350464
YOL097C,YDL039C,3.532903136704846e-10
YOL097C,YCL027W,1.0576849263088661e-06
YOL097C,YML124C,8.115102190231482e-08
YOL097C,YGL053W,6.2277369927699056e-09
YOL097C,YMR232W,0.006497836206108332
YOL097C,YNL298W,3.4271061682966675e-11
YOL097C,YGL099W,6.640762245657683e-11
YOL097C,YBL016W,0.0029694100376218557
YOL097C,YAL041W,6.218273673752606e-10
YOL097C,YDR085C,0.007494134828448296
YOL097C,YPL187W,0.006024261470884085
YOL097C,YPL256C,2.3846641994396123e-08
YOL097C,YDR461W,2.6494089979678392e-06
YOL097C,YNL145W,0.023237811401486397
YHR008C,YDL165W,2.3951216261747226e-19
YHR008C,YGR059W,1.8393879475109287e-10
YHR008C,YBR109C,6.5236554832735945e-15
YHR008C,YJL080C,1.102145935280574e-12
YHR008C,YCR093W,0.013274000026285648
YHR008C,YIL122W,0.009236580692231655
YHR008C,YCL029C,4.1204029771479966e-11
YHR008C,YNL173C,6.845386887541216e-14
YHR008C,YLR452C,1.2556569282604069e-12
YHR008C,YDL160C,9.278769539378118e-06
YHR008C,YLR229C,4.998671764597055e-16
YHR008C,YML057W,4.394856535443713e-14
YHR008C,YER149C,0.00010287722398061305
YHR008C,YMR305C,3.465404370217584e-05
YHR008C,YLR433C,2.847192794031006e-11
YHR008C,YJL073W,4.903948913614897e-10
YHR008C,YGR279C,9.853831215878017e-06
YHR008C,YKL190W,1.2513945608916277e-11
YHR008C,YGL089C,0.3422847092151642
YHR008C,YJL019W,1.7803805008043128e-07
YHR008C,YJL018W,0.2020167112350464
YHR008C,YNR032C-A,1.9007009541383013e-05
YHR008C,YGL178W,4.98683583316506e-08
YHR008C,YKL116C,1.9329792166900006e-07
YHR008C,YDL214C,9.132522222898842e-07
YHR008C,YLR362W,2.3441094398890527e-08
YHR008C,YER068W,8.235996773464649e-08
YHR008C,YHR084W,1.3275273790674686e-14
YHR008C,YDR392W,4.8055226216092706e-06
YHR008C,YNL053W,0.006387612782418728
YHR008C,YGR040W,1.0562727581486797e-08
YHR008C,YDL216C,5.317041945618328e-12
YHR008C,YOL117W,9.013554876438623e-13
YHR008C,YJR086W,3.448357571711469e-11
YHR008C,YMR025W,5.368695565266535e-05
YHR008C,YBR081C,9.199795092396101e-11
YHR008C,YFL026W,8.590568360833384e-12
YHR008C,YHL007C,4.042848087554285e-12
YHR008C,YNR044W,1.4619739446830593e-11
YHR008C,YNL271C,3.929413190971702e-19
YHR008C,YDR200C,3.9559427023050375e-06
YHR008C,YKL178C,2.4296487026731484e-05
YHR008C,YOR212W,3.853683966717741e-15
YHR008C,YOL111C,6.120501258181964e-18
YHR008C,YGL032C,1.5863208524535821e-09
YHR008C,YHR005C,4.826845589889217e-09
YHR008C,YDR103W,2.378166552574612e-10
YHR008C,YJR084W,1.191936885969842e-14
YHR008C,YCL032W,0.008934197016060352
YHR008C,YJL170C,4.144695264757638e-15
YHR008C,YDR179C,2.211966965148804e-08
YHR008C,YBR095C,4.844158684136346e-05
YHR008C,YLL021W,8.355099390122689e-10
YHR008C,YDL159W,1.8219278530295924e-08
YHR008C,YNL161W,8.633210057951146e-08
YHR008C,YNL188W,8.474452073414795e-08
YHR008C,YJL157C,2.7233730895415142e-11
YHR008C,YJL034W,7.119544855732889e-17
YHR008C,YLR238W,3.6546583537244715e-09
YHR008C,YPR141C,3.0178056234508865e-12
YHR008C,YNL127W,1.1015728063057395e-07
YHR008C,YCL055W,1.0079431213283474e-11
YHR008C,YPR122W,6.291888343668006e-09
YHR008C,YMR065W,1.32730815494142e-06
YHR008C,YDR356W,1.497067053657375e-10
YHR008C,YMR052W,0.04278860241174698
YHR008C,YFR008W,3.141205557385257e-13
YHR008C,YLL043W,2.1539965473493794e-06
YHR008C,YMR029C,2.4419411805143287e-12
YHR008C,YJR004C,0.00035627910983748734
YHR008C,YDL223C,3.835344888902803e-11
YHR008C,YHR158C,4.4620161515282475e-13
YHR008C,YGR238C,3.2982539170774356e-16
YHR008C,YIL015W,2.433570651851763e-13
YHR008C,YGL173C,2.3241034097232216e-11
YHR008C,YDL225W,0.013399996794760227
YHR008C,YLR330W,2.434711598997552e-10
YHR008C,YBR129C,6.456533085952287e-09
YHR008C,YKR095W-A,0.2020167112350464
YHR008C,YPR075C,3.6191287605385967e-20
YHR008C,YMR198W,0.0014665938215330243
YHR008C,YOR127W,8.56881676725152e-09
YHR008C,YDR264C,1.1565222113318896e-09
YHR008C,YLR110C,5.548431722748881e-13
YHR008C,YDR379W,3.552866009205735e-13
YHR008C,YDL100C,8.393697470410189e-08
YHR008C,YHR073W,1.4860650026093936e-06
YHR008C,YJR090C,7.827015360817313e-05
YHR008C,YOR208W,1.3895153637594395e-18
YHR008C,YBR040W,2.347514360678815e-08
YHR008C,YNL279W,4.854996646420352e-17
YHR008C,YER075C,2.9659289347422346e-12
YHR008C,YCR089W,4.402775366507683e-11
YHR008C,YCR002C,2.866195645572818e-16
YHR008C,YJL108C,2.5192981381594315e-12
YHR008C,YBR200W,4.0703967973954036e-10
YHR008C,YIL026C,9.401351697135851e-09
YHR008C,YJR076C,5.69750852719153e-07
YHR008C,YKR031C,9.319017379993966e-08
YHR008C,YPL192C,0.0007266460452228785
YHR008C,YHR107C,5.949066239629985e-10
YHR008C,YIL037C,2.0634862707424872e-09
YHR008C,YPL156C,0.00011597772390814498
YHR008C,YIL117C,1.7515423739357253e-16
YHR008C,YHR066W,1.5542823972314324e-10
YHR008C,YML085C,6.240632316467654e-11
YHR008C,YML047C,3.912173633580096e-05
YHR008C,YDR312W,5.411308337185949e-13
YHR008C,YFL037W,2.5358567242589336e-13
YHR008C,YDL038C,0.2020167112350464
YHR008C,YDL039C,8.260311733465642e-05
YHR008C,YCL027W,9.590932215086667e-12
YHR008C,YML124C,2.489427552987422e-10
YHR008C,YGL053W,1.8352240590436733e-22
YHR008C,YMR232W,2.660861982139995e-13
YHR008C,YNL298W,1.5465204800373805e-13
YHR008C,YGL099W,4.575088798883546e-15
YHR008C,YBL016W,3.1812549556448078e-12
YHR008C,YAL041W,0.019912952557206154
YHR008C,YDR085C,5.92880880837237e-15
YHR008C,YPL187W,8.454180715489201e-07
YHR008C,YPL256C,2.3239461466317834e-09
YHR008C,YDR461W,3.498933347917399e-12
YHR008C,YNL145W,0.007611918728798628
YPL093W,YDL165W,3.6582550877461983e-10
YPL093W,YGR059W,2.2277724370106666e-12
YPL093W,YBR109C,1.9795587391513436e-09
YPL093W,YJL080C,2.2111609418451472e-12
YPL093W,YCR093W,5.434583982832919e-08
YPL093W,YIL122W,2.3562198741590434e-13
YPL093W,YCL029C,7.809807129888213e-07
YPL093W,YNL173C,1.4666109993122234e-10
YPL093W,YLR452C,0.005985916592180729
YPL093W,YDL160C,3.1088026155302414e-18
YPL093W,YLR229C,9.984553331690571e-14
YPL093W,YML057W,1.1206443413857383e-21
YPL093W,YER149C,1.9005749436473707e-06
YPL093W,YMR305C,4.759753839846245e-15
YPL093W,YLR433C,2.0858594851347334e-09
YPL093W,YJL073W,1.6766702862266105e-18
YPL093W,YGR279C,1.2315289066311408e-10
YPL093W,YKL190W,3.848129714184578e-12
YPL093W,YGL089C,0.2652786374092102
YPL093W,YJL019W,2.8308313471114843e-09
YPL093W,YJL018W,0.2020167112350464
YPL093W,YNR032C-A,3.2988962630042806e-05
YPL093W,YGL178W,5.0290549552300945e-05
YPL093W,YKL116C,2.8955253128515324e-07
YPL093W,YDL214C,3.6823797699980787e-07
YPL093W,YLR362W,3.239147838840495e-11
YPL093W,YER068W,2.181355540642471e-09
YPL093W,YHR084W,1.1452458981153768e-09
YPL093W,YDR392W,1.8504360116265066e-15
YPL093W,YNL053W,6.120611942606047e-06
YPL093W,YGR040W,6.29987439992874e-09
YPL093W,YDL216C,6.215929170139134e-05
YPL093W,YOL117W,1.0513993148331124e-10
YPL093W,YJR086W,3.4557317576400237e-06
YPL093W,YMR025W,1.4271519148678635e-06
YPL093W,YBR081C,1.2102541191438831e-11
YPL093W,YFL026W,3.647394623840228e-05
YPL093W,YHL007C,6.129216464879558e-14
YPL093W,YNR044W,0.0031231080647557974
YPL093W,YNL271C,1.0909786396950949e-05
YPL093W,YDR200C,3.31580343389292e-15
YPL093W,YKL178C,2.6209079805994406e-05
YPL093W,YOR212W,2.210548367617693e-13
YPL093W,YOL111C,7.885626288235692e-13
YPL093W,YGL032C,2.882963023864704e-08
YPL093W,YHR005C,0.20397362112998962
YPL093W,YDR103W,1.0275947870397317e-09
YPL093W,YJR084W,9.816750884406034e-11
YPL093W,YCL032W,2.189088889542959e-15
YPL093W,YJL170C,0.6336064338684082
YPL093W,YDR179C,9.84103820655946e-09
YPL093W,YBR095C,7.849375549540127e-08
YPL093W,YLL021W,3.939782416937937e-20
YPL093W,YDL159W,1.2569137397555608e-10
YPL093W,YNL161W,2.406810915931562e-13
YPL093W,YNL188W,5.1985731691628345e-11
YPL093W,YJL157C,7.629059162184149e-09
YPL093W,YJL034W,1.0516205621328064e-20
YPL093W,YLR238W,2.0032967865406433e-14
YPL093W,YPR141C,1.7766060622648183e-08
YPL093W,YNL127W,0.0002880143583752215
YPL093W,YCL055W,1.229836951678262e-13
YPL093W,YPR122W,6.536918562005667e-08
YPL093W,YMR065W,7.49414448364405e-06
YPL093W,YDR356W,0.0018102101748809218
YPL093W,YMR052W,1.9738325136131607e-05
YPL093W,YFR008W,0.0024531621020287275
YPL093W,YLL043W,2.3666433396352105e-12
YPL093W,YMR029C,3.1222357392834965e-06
YPL093W,YJR004C,9.72159089340785e-11
YPL093W,YDL223C,1.2111454121037303e-15
YPL093W,YHR158C,6.531112012453377e-05
YPL093W,YGR238C,3.3864146944144393e-16
YPL093W,YIL015W,0.0031220277305692434
YPL093W,YGL173C,0.0006126007065176964
YPL093W,YDL225W,1.3688521472124036e-15
YPL093W,YLR330W,2.7667187727582927e-15
YPL093W,YBR129C,1.4380560095525008e-16
YPL093W,YKR095W-A,0.2020167112350464
YPL093W,YPR075C,5.262343338863218e-10
YPL093W,YMR198W,1.6950963299677824e-07
YPL093W,YOR127W,0.00021559864399023354
YPL093W,YDR264C,3.5050706781447616e-09
YPL093W,YLR110C,6.0155338488243615e-09
YPL093W,YDR379W,1.9026017003534652e-16
YPL093W,YDL100C,2.4942876208911002e-08
YPL093W,YHR073W,1.4507581247436008e-10
YPL093W,YJR090C,1.2255330756293092e-13
YPL093W,YOR208W,0.00034923458588309586
YPL093W,YBR040W,2.961010103774697e-09
YPL093W,YNL279W,7.447573187633694e-16
YPL093W,YER075C,0.0004206467710901052
YPL093W,YCR089W,1.3095917950067815e-07
YPL093W,YCR002C,7.931939762784168e-06
YPL093W,YJL108C,1.291778971790336e-05
YPL093W,YBR200W,3.5834028344443325e-13
YPL093W,YIL026C,4.342644408135421e-14
YPL093W,YJR076C,1.2339876320766052e-07
YPL093W,YKR031C,0.0002030450414167717
YPL093W,YPL192C,8.981705832411535e-06
YPL093W,YHR107C,4.4690779965606e-09
YPL093W,YIL037C,7.431498261212255e-08
YPL093W,YPL156C,0.0023883541580289602
YPL093W,YIL117C,0.010692738927900791
YPL093W,YHR066W,1.5834953695589304e-19
YPL093W,YML085C,1.7205846469803276e-10
YPL093W,YML047C,0.9780187606811523
YPL093W,YDR312W,2.4250260821645497e-07
YPL093W,YFL037W,0.1016073152422905
YPL093W,YDL038C,0.2020167112350464
YPL093W,YDL039C,4.009408712590812e-06
YPL093W,YCL027W,0.007058937102556229
YPL093W,YML124C,1.079702309953216e-18
YPL093W,YGL053W,6.627454141039379e-10
YPL093W,YMR232W,2.2476076537714107e-06
YPL093W,YNL298W,4.3301720542565647e-10
YPL093W,YGL099W,4.257555191964332e-17
YPL093W,YBL016W,1.0181053130227197e-17
YPL093W,YAL041W,5.585412873188034e-05
YPL093W,YDR085C,9.181196081176068e-11
YPL093W,YPL187W,2.3174678176474117e-07
YPL093W,YPL256C,9.188346232476795e-18
YPL093W,YDR461W,2.9821123868900568e-12
YPL093W,YNL145W,1.0542063641309773e-14
SRG1,YDL165W,0.2020167112350464
SRG1,YGR059W,0.2020167112350464
SRG1,YBR109C,0.2020167112350464
SRG1,YJL080C,0.2020167112350464
SRG1,YCR093W,0.2020167112350464
SRG1,YIL122W,0.2020167112350464
SRG1,YCL029C,0.2020167112350464
SRG1,YNL173C,0.2020167112350464
SRG1,YLR452C,0.2020167112350464
SRG1,YDL160C,0.2020167112350464
SRG1,YLR229C,0.2020167112350464
SRG1,YML057W,0.2020167112350464
SRG1,YER149C,0.2020167112350464
SRG1,YMR305C,0.2020167112350464
SRG1,YLR433C,0.2020167112350464
SRG1,YJL073W,0.2020167112350464
SRG1,YGR279C,0.2020167112350464
SRG1,YKL190W,0.2020167112350464
SRG1,YGL089C,0.2020167112350464
SRG1,YJL019W,0.2020167112350464
SRG1,YJL018W,0.2020167112350464
SRG1,YNR032C-A,0.2020167112350464
SRG1,YGL178W,0.2020167112350464
SRG1,YKL116C,0.2020167112350464
SRG1,YDL214C,0.2020167112350464
SRG1,YLR362W,0.2020167112350464
SRG1,YER068W,0.2020167112350464
SRG1,YHR084W,0.2020167112350464
SRG1,YDR392W,0.2020167112350464
SRG1,YNL053W,0.2020167112350464
SRG1,YGR040W,0.2020167112350464
SRG1,YDL216C,0.2020167112350464
SRG1,YOL117W,0.2020167112350464
SRG1,YJR086W,0.2020167112350464
SRG1,YMR025W,0.2020167112350464
SRG1,YBR081C,0.2020167112350464
SRG1,YFL026W,0.2020167112350464
SRG1,YHL007C,0.2020167112350464
SRG1,YNR044W,0.2020167112350464
SRG1,YNL271C,0.2020167112350464
SRG1,YDR200C,0.2020167112350464
SRG1,YKL178C,0.2020167112350464
SRG1,YOR212W,0.2020167112350464
SRG1,YOL111C,0.2020167112350464
SRG1,YGL032C,0.2020167112350464
SRG1,YHR005C,0.2020167112350464
SRG1,YDR103W,0.2020167112350464
SRG1,YJR084W,0.2020167112350464
SRG1,YCL032W,0.2020167112350464
SRG1,YJL170C,0.2020167112350464
SRG1,YDR179C,0.2020167112350464
SRG1,YBR095C,0.2020167112350464
SRG1,YLL021W,0.2020167112350464
SRG1,YDL159W,0.2020167112350464
SRG1,YNL161W,0.2020167112350464
SRG1,YNL188W,0.2020167112350464
SRG1,YJL157C,0.2020167112350464
SRG1,YJL034W,0.2020167112350464
SRG1,YLR238W,0.2020167112350464
SRG1,YPR141C,0.2020167112350464
SRG1,YNL127W,0.2020167112350464
SRG1,YCL055W,0.2020167112350464
SRG1,YPR122W,0.2020167112350464
SRG1,YMR065W,0.2020167112350464
SRG1,YDR356W,0.2020167112350464
SRG1,YMR052W,0.2020167112350464
SRG1,YFR008W,0.2020167112350464
SRG1,YLL043W,0.2020167112350464
SRG1,YMR029C,0.2020167112350464
SRG1,YJR004C,0.2020167112350464
SRG1,YDL223C,0.2020167112350464
SRG1,YHR158C,0.2020167112350464
SRG1,YGR238C,0.2020167112350464
SRG1,YIL015W,0.2020167112350464
SRG1,YGL173C,0.2020167112350464
SRG1,YDL225W,0.2020167112350464
SRG1,YLR330W,0.2020167112350464
SRG1,YBR129C,0.2020167112350464
SRG1,YKR095W-A,0.2020167112350464
SRG1,YPR075C,0.2020167112350464
SRG1,YMR198W,0.2020167112350464
SRG1,YOR127W,0.2020167112350464
SRG1,YDR264C,0.2020167112350464
SRG1,YLR110C,0.2020167112350464
SRG1,YDR379W,0.2020167112350464
SRG1,YDL100C,0.2020167112350464
SRG1,YHR073W,0.2020167112350464
SRG1,YJR090C,0.2020167112350464
SRG1,YOR208W,0.2020167112350464
SRG1,YBR040W,0.2020167112350464
SRG1,YNL279W,0.2020167112350464
SRG1,YER075C,0.2020167112350464
SRG1,YCR089W,0.2020167112350464
SRG1,YCR002C,0.2020167112350464
SRG1,YJL108C,0.2020167112350464
SRG1,YBR200W,0.2020167112350464
SRG1,YIL026C,0.2020167112350464
SRG1,YJR076C,0.2020167112350464
SRG1,YKR031C,0.2020167112350464
SRG1,YPL192C,0.2020167112350464
SRG1,YHR107C,0.2020167112350464
SRG1,YIL037C,0.2020167112350464
SRG1,YPL156C,0.2020167112350464
SRG1,YIL117C,0.2020167112350464
SRG1,YHR066W,0.2020167112350464
SRG1,YML085C,0.2020167112350464
SRG1,YML047C,0.2020167112350464
SRG1,YDR312W,0.2020167112350464
SRG1,YFL037W,0.2020167112350464
SRG1,YDL038C,0.2020167112350464
SRG1,YDL039C,0.2020167112350464
SRG1,YCL027W,0.2020167112350464
SRG1,YML124C,0.2020167112350464
SRG1,YGL053W,0.2020167112350464
SRG1,YMR232W,0.2020167112350464
SRG1,YNL298W,0.2020167112350464
SRG1,YGL099W,0.2020167112350464
SRG1,YBL016W,0.2020167112350464
SRG1,YAL041W,0.2020167112350464
SRG1,YDR085C,0.2020167112350464
SRG1,YPL187W,0.2020167112350464
SRG1,YPL256C,0.2020167112350464
SRG1,YDR461W,0.2020167112350464
SRG1,YNL145W,0.2020167112350464
YKL191W,YDL165W,6.5710097072227934e-15
YKL191W,YGR059W,2.6950546828941047e-12
YKL191W,YBR109C,9.252112249669153e-07
YKL191W,YJL080C,9.996813155055406e-09
YKL191W,YCR093W,5.398127100875172e-08
YKL191W,YIL122W,3.443433271854701e-08
YKL191W,YCL029C,4.209763346807449e-07
YKL191W,YNL173C,0.01347146276384592
YKL191W,YLR452C,4.827046495847753e-07
YKL191W,YDL160C,0.5699178576469421
YKL191W,YLR229C,2.196087267659076e-17
YKL191W,YML057W,5.286624003147944e-12
YKL191W,YER149C,6.330598822934519e-10
YKL191W,YMR305C,3.809859538961291e-09
YKL191W,YLR433C,1.237340452320268e-09
YKL191W,YJL073W,3.686301397465286e-06
YKL191W,YGR279C,1.639679386190862e-12
YKL191W,YKL190W,1.1187535875478716e-07
YKL191W,YGL089C,9.76270484898123e-07
YKL191W,YJL019W,4.379776873975061e-05
YKL191W,YJL018W,0.000663441198412329
YKL191W,YNR032C-A,0.9914326667785645
YKL191W,YGL178W,0.02912435680627823
YKL191W,YKL116C,2.277632292838061e-13
YKL191W,YDL214C,0.0007271604263223708
YKL191W,YLR362W,3.968039276065066e-13
YKL191W,YER068W,0.0021771674510091543
YKL191W,YHR084W,1.0811682660261113e-09
YKL191W,YDR392W,4.9422313168179244e-05
YKL191W,YNL053W,1.2972269360034261e-05
YKL191W,YGR040W,1.043673480971563e-09
YKL191W,YDL216C,6.6300658545515034e-06
YKL191W,YOL117W,4.047137736051809e-08
YKL191W,YJR086W,2.083450908685336e-06
YKL191W,YMR025W,0.0004844709765166044
YKL191W,YBR081C,9.930539723868037e-10
YKL191W,YFL026W,0.0042959763668477535
YKL191W,YHL007C,4.157520194780773e-08
YKL191W,YNR044W,1.6002853953978047e-05
YKL191W,YNL271C,0.018747426569461823
YKL191W,YDR200C,2.6467033520881887e-14
YKL191W,YKL178C,0.28450316190719604
YKL191W,YOR212W,1.317045530413452e-06
YKL191W,YOL111C,5.800885460871541e-08
YKL191W,YGL032C,4.0713376454884343e-17
YKL191W,YHR005C,0.0011243396438658237
YKL191W,YDR103W,6.1646996982744895e-06
YKL191W,YJR084W,9.55662562973636e-11
YKL191W,YCL032W,3.128626697990189e-12
YKL191W,YJL170C,0.001389379845932126
YKL191W,YDR179C,1.887829932797295e-14
YKL191W,YBR095C,0.038246892392635345
YKL191W,YLL021W,2.3838714469093247e-07
YKL191W,YDL159W,2.283906574973571e-08
YKL191W,YNL161W,4.5659751535254145e-09
YKL191W,YNL188W,3.3668660175221644e-21
YKL191W,YJL157C,2.3251442004407208e-12
YKL191W,YJL034W,4.4318037658488325e-17
YKL191W,YLR238W,8.432655462797811e-09
YKL191W,YPR141C,1.6295134628308006e-05
YKL191W,YNL127W,0.3625248074531555
YKL191W,YCL055W,2.2525775664780472e-14
YKL191W,YPR122W,2.8398068025126122e-05
YKL191W,YMR065W,0.010183107107877731
YKL191W,YDR356W,0.40946391224861145
YKL191W,YMR052W,0.18767394125461578
YKL191W,YFR008W,9.354376162562517e-10
YKL191W,YLL043W,2.7650894480757415e-05
YKL191W,YMR029C,0.004024180583655834
YKL191W,YJR004C,0.0005156818660907447
YKL191W,YDL223C,7.53512568943545e-18
YKL191W,YHR158C,1.306481226492906e-05
YKL191W,YGR238C,0.00024384121934417635
YKL191W,YIL015W,0.32424119114875793
YKL191W,YGL173C,4.310044459998608e-06
YKL191W,YDL225W,7.079066499660058e-11
YKL191W,YLR330W,1.2110384741941395e-16
YKL191W,YBR129C,2.8873412816210475e-07
YKL191W,YKR095W-A,0.2020167112350464
YKL191W,YPR075C,1.708453601168003e-05
YKL191W,YMR198W,1.3913604490767284e-08
YKL191W,YOR127W,9.769250686186837e-11
YKL191W,YDR264C,0.0019597578793764114
YKL191W,YLR110C,2.1831983443298952e-10
YKL191W,YDR379W,1.6527550471516305e-18
YKL191W,YDL100C,1.2199037327783398e-16
YKL191W,YHR073W,3.0800073602677003e-10
YKL191W,YJR090C,3.9196424040710554e-05
YKL191W,YOR208W,3.281302497271099e-06
YKL191W,YBR040W,9.665800061384178e-13
YKL191W,YNL279W,1.2031004636980924e-08
YKL191W,YER075C,7.416601022214309e-08
YKL191W,YCR089W,1.8396844936319212e-08
YKL191W,YCR002C,8.629414457311801e-14
YKL191W,YJL108C,8.198834840211777e-12
YKL191W,YBR200W,1.1739104621710794e-07
YKL191W,YIL026C,1.745697267573242e-18
YKL191W,YJR076C,1.0301243191790377e-09
YKL191W,YKR031C,2.2526580778503558e-07
YKL191W,YPL192C,5.9466660786711145e-06
YKL191W,YHR107C,0.987666130065918
YKL191W,YIL037C,7.161079906836676e-07
YKL191W,YPL156C,5.556432734010741e-05
YKL191W,YIL117C,9.592556970972055e-09
YKL191W,YHR066W,1.6466595780331456e-15
YKL191W,YML085C,6.166809424223985e-11
YKL191W,YML047C,0.059812482446432114
YKL191W,YDR312W,2.7869871743746444e-08
YKL191W,YFL037W,3.772811230096096e-10
YKL191W,YDL038C,0.2020167112350464
YKL191W,YDL039C,3.043311436190521e-10
YKL191W,YCL027W,0.005707649979740381
YKL191W,YML124C,1.0066962020938153e-11
YKL191W,YGL053W,3.31969091105222e-10
YKL191W,YMR232W,4.147393610764993e-06
YKL191W,YNL298W,0.0025542424991726875
YKL191W,YGL099W,1.566501673860919e-15
YKL191W,YBL016W,8.915590488101088e-11
YKL191W,YAL041W,3.548742188996812e-09
YKL191W,YDR085C,6.084225462853199e-13
YKL191W,YPL187W,4.46851533553172e-09
YKL191W,YPL256C,4.030638670049491e-11
YKL191W,YDR461W,1.945215376820746e-19
YKL191W,YNL145W,1.8994897476273672e-17
YCR042C,YDL165W,0.9925220608711243
YCR042C,YGR059W,2.069066917798068e-09
YCR042C,YBR109C,0.5481976270675659
YCR042C,YJL080C,3.804324819611793e-07
YCR042C,YCR093W,0.2164173424243927
YCR042C,YIL122W,0.00024864202714525163
YCR042C,YCL029C,8.83434131537797e-06
YCR042C,YNL173C,0.07141927629709244
YCR042C,YLR452C,0.8242295980453491
YCR042C,YDL160C,0.05466902256011963
YCR042C,YLR229C,0.999983549118042
YCR042C,YML057W,0.0001969268632819876
YCR042C,YER149C,0.9625141024589539
YCR042C,YMR305C,0.0036367070861160755
YCR042C,YLR433C,0.6642711758613586
YCR042C,YJL073W,6.67218245098411e-08
YCR042C,YGR279C,0.00029789170366711915
YCR042C,YKL190W,0.8810922503471375
YCR042C,YGL089C,7.260240186823808e-10
YCR042C,YJL019W,0.9997993111610413
YCR042C,YJL018W,0.1879761517047882
YCR042C,YNR032C-A,0.9999661445617676
YCR042C,YGL178W,0.008151528425514698
YCR042C,YKL116C,0.001838859636336565
YCR042C,YDL214C,0.9881755113601685
YCR042C,YLR362W,0.9995476603507996
YCR042C,YER068W,8.943576176534407e-06
YCR042C,YHR084W,0.9963243007659912
YCR042C,YDR392W,0.9973568916320801
YCR042C,YNL053W,0.9856806993484497
YCR042C,YGR040W,1.4401697065805075e-12
YCR042C,YDL216C,0.10785675048828125
YCR042C,YOL117W,0.23276302218437195
YCR042C,YJR086W,0.0006728480220772326
YCR042C,YMR025W,7.905431994004175e-05
YCR042C,YBR081C,0.9999953508377075
YCR042C,YFL026W,1.6446383597212844e-05
YCR042C,YHL007C,0.6252976059913635
YCR042C,YNR044W,0.0004842260095756501
YCR042C,YNL271C,0.9897200465202332
YCR042C,YDR200C,0.2852782607078552
YCR042C,YKL178C,1.9843357222271152e-05
YCR042C,YOR212W,0.9825912117958069
YCR042C,YOL111C,2.0973102365928753e-08
YCR042C,YGL032C,1.2288218220746217e-09
YCR042C,YHR005C,0.32938534021377563
YCR042C,YDR103W,0.0012239645002409816
YCR042C,YJR084W,0.9694222211837769
YCR042C,YCL032W,0.006247004959732294
YCR042C,YJL170C,9.045487786352169e-06
YCR042C,YDR179C,5.2173527720356105e-09
YCR042C,YBR095C,0.020371023565530777
YCR042C,YLL021W,0.3984059989452362
YCR042C,YDL159W,0.006401412654668093
YCR042C,YNL161W,0.7979282140731812
YCR042C,YNL188W,0.008842213079333305
YCR042C,YJL157C,0.28022146224975586
YCR042C,YJL034W,2.0189601102060806e-09
YCR042C,YLR238W,0.2369156777858734
YCR042C,YPR141C,0.0004643551365006715
YCR042C,YNL127W,0.7223867774009705
YCR042C,YCL055W,1.4078375897952355e-05
YCR042C,YPR122W,0.04088248685002327
YCR042C,YMR065W,0.9031603932380676
YCR042C,YDR356W,7.773862442661539e-09
YCR042C,YMR052W,0.01079530082643032
YCR042C,YFR008W,0.000898398517165333
YCR042C,YLL043W,0.7498524188995361
YCR042C,YMR029C,4.8002916628320236e-06
YCR042C,YJR004C,0.00027244797092862427
YCR042C,YDL223C,2.2748847641196335e-06
YCR042C,YHR158C,3.171783191646682e-07
YCR042C,YGR238C,1.7384319539459625e-09
YCR042C,YIL015W,0.00832299329340458
YCR042C,YGL173C,0.0012782174162566662
YCR042C,YDL225W,2.831875463016331e-06
YCR042C,YLR330W,0.011665869504213333
YCR042C,YBR129C,0.22244775295257568
YCR042C,YKR095W-A,0.2020167112350464
YCR042C,YPR075C,0.527730405330658
YCR042C,YMR198W,0.9475653171539307
YCR042C,YOR127W,0.11945485323667526
YCR042C,YDR264C,0.9999545812606812
YCR042C,YLR110C,0.31299203634262085
YCR042C,YDR379W,0.002080545760691166
YCR042C,YDL100C,0.000910145347006619
YCR042C,YHR073W,0.9368614554405212
YCR042C,YJR090C,0.02106340043246746
YCR042C,YOR208W,0.3053654134273529
YCR042C,YBR040W,0.09014935791492462
YCR042C,YNL279W,0.9783262014389038
YCR042C,YER075C,0.9996675252914429
YCR042C,YCR089W,0.5186437964439392
YCR042C,YCR002C,0.0026633397210389376
YCR042C,YJL108C,0.015656592324376106
YCR042C,YBR200W,1.5596582914056967e-09
YCR042C,YIL026C,0.9673821926116943
YCR042C,YJR076C,0.03487275913357735
YCR042C,YKR031C,0.9996660947799683
YCR042C,YPL192C,1.3932185405352016e-09
YCR042C,YHR107C,0.004387534689158201
YCR042C,YIL037C,0.4472467303276062
YCR042C,YPL156C,0.00144184532109648
YCR042C,YIL117C,0.0002472538617439568
YCR042C,YHR066W,0.00017577792459633201
YCR042C,YML085C,0.00011573345545912161
YCR042C,YML047C,1.4013363625053898e-07
YCR042C,YDR312W,0.9935523271560669
YCR042C,YFL037W,0.21128223836421967
YCR042C,YDL038C,0.2020167112350464
YCR042C,YDL039C,3.6497749267283552e-09
YCR042C,YCL027W,0.004931340459734201
YCR042C,YML124C,0.02784694731235504
YCR042C,YGL053W,0.019475506618618965
YCR042C,YMR232W,0.0018535966519266367
YCR042C,YNL298W,0.0033781982492655516
YCR042C,YGL099W,0.000625761051196605
YCR042C,YBL016W,1.0673479664546903e-05
YCR042C,YAL041W,0.5663669109344482
YCR042C,YDR085C,2.7647281967801973e-05
YCR042C,YPL187W,0.00194752705283463
YCR042C,YPL256C,2.018902156564195e-09
YCR042C,YDR461W,1.2030847672261924e-11
YCR042C,YNL145W,2.2842827092972584e-05
YOR008C,YDL165W,5.853897366847605e-10
YOR008C,YGR059W,7.109240279801199e-11
YOR008C,YBR109C,1.9105415166587036e-11
YOR008C,YJL080C,7.751670833000546e-12
YOR008C,YCR093W,3.654776082839817e-05
YOR008C,YIL122W,1.5047585293359589e-06
YOR008C,YCL029C,3.731740250145776e-09
YOR008C,YNL173C,1.5681683862567297e-07
YOR008C,YLR452C,1.9859022870605259e-07
YOR008C,YDL160C,1.6693392545022445e-12
YOR008C,YLR229C,2.8926059325584674e-09
YOR008C,YML057W,1.4088376021348381e-09
YOR008C,YER149C,1.0509913863643305e-06
YOR008C,YMR305C,2.0230440586632703e-11
YOR008C,YLR433C,5.417141437646933e-07
YOR008C,YJL073W,4.0590041550103706e-08
YOR008C,YGR279C,0.5433146357536316
YOR008C,YKL190W,0.011587702669203281
YOR008C,YGL089C,0.00032787019154056907
YOR008C,YJL019W,3.207652844139375e-05
YOR008C,YJL018W,0.0004611535114236176
YOR008C,YNR032C-A,0.7062730193138123
YOR008C,YGL178W,6.947352630959358e-06
YOR008C,YKL116C,0.00012728299770969898
YOR008C,YDL214C,0.0008409021538682282
YOR008C,YLR362W,1.2822451989080719e-09
YOR008C,YER068W,0.00035963908885605633
YOR008C,YHR084W,3.99149352459105e-10
YOR008C,YDR392W,4.4810386157223547e-07
YOR008C,YNL053W,1.0639465870820874e-11
YOR008C,YGR040W,1.3414598425132152e-11
YOR008C,YDL216C,4.3614839739802846e-08
YOR008C,YOL117W,5.316580882208655e-07
YOR008C,YJR086W,0.00019014808640349656
YOR008C,YMR025W,0.0016025855438783765
YOR008C,YBR081C,3.9581927069320955e-08
YOR008C,YFL026W,7.62176624115548e-18
YOR008C,YHL007C,0.005727025214582682
YOR008C,YNR044W,0.0005114218802191317
YOR008C,YNL271C,8.496831710447239e-13
YOR008C,YDR200C,9.183858310279902e-06
YOR008C,YKL178C,3.491748429951258e-06
YOR008C,YOR212W,2.190564373449888e-06
YOR008C,YOL111C,2.313773848072742e-06
YOR008C,YGL032C,5.974029144569198e-16
YOR008C,YHR005C,8.76865306054242e-06
YOR008C,YDR103W,9.755997121274618e-10
YOR008C,YJR084W,3.4330636111690183e-09
YOR008C,YCL032W,0.0010543866083025932
YOR008C,YJL170C,4.668092995485651e-11
YOR008C,YDR179C,0.0002436186041450128
YOR008C,YBR095C,0.0003695494378916919
YOR008C,YLL021W,1.4558516170382063e-08
YOR008C,YDL159W,4.311802399570297e-07
YOR008C,YNL161W,3.255795988366117e-08
YOR008C,YNL188W,5.122603730089992e-12
YOR008C,YJL157C,3.2543161410103494e-07
YOR008C,YJL034W,4.836740410312304e-14
YOR008C,YLR238W,4.179863708486664e-07
YOR008C,YPR141C,1.5818611132090155e-07
YOR008C,YNL127W,0.002039344049990177
YOR008C,YCL055W,3.2643104077578755e-06
YOR008C,YPR122W,6.712722893098544e-07
YOR008C,YMR065W,0.9922007918357849
YOR008C,YDR356W,2.2254098439589143e-05
YOR008C,YMR052W,4.11239052482415e-05
YOR008C,YFR008W,1.4351400068335352e-07
YOR008C,YLL043W,1.6517382391612045e-05
YOR008C,YMR029C,0.0015609702095389366
YOR008C,YJR004C,0.4677692651748657
YOR008C,YDL223C,2.0959061309416827e-12
YOR008C,YHR158C,8.895488790017225e-09
YOR008C,YGR238C,0.0012162987841293216
YOR008C,YIL015W,0.0001944742543855682
YOR008C,YGL173C,4.002365301403188e-07
YOR008C,YDL225W,1.1649927689205697e-09
YOR008C,YLR330W,1.5147248859648244e-06
YOR008C,YBR129C,0.0001605294382898137
YOR008C,YKR095W-A,0.2020167112350464
YOR008C,YPR075C,0.0001007145838229917
YOR008C,YMR198W,1.3388470776476424e-08
YOR008C,YOR127W,1.045307174152299e-09
YOR008C,YDR264C,2.2899063201187175e-10
YOR008C,YLR110C,3.126238539152837e-07
YOR008C,YDR379W,4.178905328444671e-06
YOR008C,YDL100C,2.1568694746898487e-11
YOR008C,YHR073W,0.006310345139354467
YOR008C,YJR090C,1.5158468924525437e-10
YOR008C,YOR208W,4.0504509968286584e-08
YOR008C,YBR040W,3.6950759749743156e-06
YOR008C,YNL279W,0.04242454096674919
YOR008C,YER075C,0.004321238026022911
YOR008C,YCR089W,1.0781626968991986e-07
YOR008C,YCR002C,2.721653302728555e-08
YOR008C,YJL108C,6.501247457046944e-11
YOR008C,YBR200W,9.435112588107586e-06
YOR008C,YIL026C,1.0859128179996347e-10
YOR008C,YJR076C,6.362640414536713e-10
YOR008C,YKR031C,1.7190808776490485e-08
YOR008C,YPL192C,4.0851520566320687e-07
YOR008C,YHR107C,1.1009462923539104e-06
YOR008C,YIL037C,1.5173068845797388e-07
YOR008C,YPL156C,2.447518276937899e-08
YOR008C,YIL117C,0.4005545377731323
YOR008C,YHR066W,5.466770699319445e-12
YOR008C,YML085C,0.0003993174177594483
YOR008C,YML047C,4.123720462323455e-11
YOR008C,YDR312W,1.2724493458904362e-08
YOR008C,YFL037W,3.334858778014649e-10
YOR008C,YDL038C,0.2020167112350464
YOR008C,YDL039C,5.885650582355961e-13
YOR008C,YCL027W,8.890128633254335e-09
YOR008C,YML124C,4.705978426500224e-06
YOR008C,YGL053W,3.660364455981835e-09
YOR008C,YMR232W,1.315295463655275e-07
YOR008C,YNL298W,0.9502450227737427
YOR008C,YGL099W,3.470016158094169e-12
YOR008C,YBL016W,3.043823637582932e-09
YOR008C,YAL041W,0.9526045322418213
YOR008C,YDR085C,0.0014666051138192415
YOR008C,YPL187W,4.3117776726830925e-07
YOR008C,YPL256C,5.463753338652566e-10
YOR008C,YDR461W,1.268141928273403e-11
YOR008C,YNL145W,5.720431715325997e-17
snR44,YDL165W,1.4692947303274195e-08
snR44,YGR059W,2.6720006644609384e-05
snR44,YBR109C,1.3949156709713861e-05
snR44,YJL080C,0.00018012672080658376
snR44,YCR093W,0.004840202163904905
snR44,YIL122W,0.00549915200099349
snR44,YCL029C,1.0737431693996768e-05
snR44,YNL173C,0.007286445237696171
snR44,YLR452C,0.0008839588263072073
snR44,YDL160C,8.013812475837767e-06
snR44,YLR229C,3.1879064721351824e-08
snR44,YML057W,0.9001699090003967
snR44,YER149C,1.1690574064360248e-09
snR44,YMR305C,0.00025387859204784036
snR44,YLR433C,0.330390602350235
snR44,YJL073W,0.006504589691758156
snR44,YGR279C,0.00011643259495031089
snR44,YKL190W,1.3683418842447281e-07
snR44,YGL089C,1.1754675455222241e-07
snR44,YJL019W,0.0007351716631092131
snR44,YJL018W,0.2020167112350464
snR44,YNR032C-A,0.0004114042967557907
snR44,YGL178W,0.00013770478835795075
snR44,YKL116C,0.0011882438557222486
snR44,YDL214C,8.908966992748901e-05
snR44,YLR362W,1.3655017028213479e-06
snR44,YER068W,7.877645771259267e-07
snR44,YHR084W,4.6535969886463135e-06
snR44,YDR392W,1.0971839259354965e-07
snR44,YNL053W,0.1275387406349182
snR44,YGR040W,0.0012611090205609798
snR44,YDL216C,0.005067866295576096
snR44,YOL117W,6.592268618987873e-06
snR44,YJR086W,1.6848042605488445e-07
snR44,YMR025W,0.0003504325868561864
snR44,YBR081C,5.846214889970724e-07
snR44,YFL026W,1.3923174265073612e-05
snR44,YHL007C,0.08898202329874039
snR44,YNR044W,0.0003796659002546221
snR44,YNL271C,9.310546374763362e-06
snR44,YDR200C,2.012904042203445e-05
snR44,YKL178C,2.452387626306063e-08
snR44,YOR212W,2.1130932559287885e-09
snR44,YOL111C,0.0002493934298399836
snR44,YGL032C,3.0646674087364545e-09
snR44,YHR005C,9.165151823253836e-06
snR44,YDR103W,6.4777702846186e-07
snR44,YJR084W,0.001348027028143406
snR44,YCL032W,0.0023609879426658154
snR44,YJL170C,5.0374161219224334e-05
snR44,YDR179C,9.170856851703491e-10
snR44,YBR095C,3.1123352783879454e-09
snR44,YLL021W,3.273615220678039e-05
snR44,YDL159W,7.458346226485446e-05
snR44,YNL161W,2.7518428851180943e-06
snR44,YNL188W,1.58488209223151e-08
snR44,YJL157C,2.0062732801306993e-05
snR44,YJL034W,0.24446895718574524
snR44,YLR238W,4.570729652186856e-05
snR44,YPR141C,3.942284456570633e-05
snR44,YNL127W,0.003213308984413743
snR44,YCL055W,5.851642299603554e-07
snR44,YPR122W,5.774463147645292e-07
snR44,YMR065W,2.0799783669644967e-05
snR44,YDR356W,4.0254835766972974e-05
snR44,YMR052W,0.07889655232429504
snR44,YFR008W,1.301428801525617e-05
snR44,YLL043W,0.0001247565814992413
snR44,YMR029C,1.4941167592041893e-06
snR44,YJR004C,7.408251576634939e-07
snR44,YDL223C,0.008196603506803513
snR44,YHR158C,1.019677165459143e-05
snR44,YGR238C,2.388567676980813e-10
snR44,YIL015W,3.2189313436958855e-09
snR44,YGL173C,0.1135256215929985
snR44,YDL225W,8.450563626638541e-08
snR44,YLR330W,1.3575146112998482e-05
snR44,YBR129C,1.1154659063095096e-07
snR44,YKR095W-A,0.2020167112350464
snR44,YPR075C,0.0009583625942468643
snR44,YMR198W,0.0005088559119030833
snR44,YOR127W,0.013954023830592632
snR44,YDR264C,5.302812766672105e-08
snR44,YLR110C,0.0011781264329329133
snR44,YDR379W,1.1125226073716021e-08
snR44,YDL100C,7.577744440823153e-07
snR44,YHR073W,0.000899026170372963
snR44,YJR090C,4.211544364807196e-06
snR44,YOR208W,3.6364093830343336e-05
snR44,YBR040W,7.632107446031711e-11
snR44,YNL279W,1.661330912838821e-07
snR44,YER075C,1.986413735721726e-07
snR44,YCR089W,0.0025543824303895235
snR44,YCR002C,6.47287379251793e-08
snR44,YJL108C,0.0002628696383908391
snR44,YBR200W,5.479104743244534e-07
snR44,YIL026C,6.155364644655492e-06
snR44,YJR076C,8.82848922856283e-08
snR44,YKR031C,5.456007784232497e-06
snR44,YPL192C,0.007030135486274958
snR44,YHR107C,0.009910520166158676
snR44,YIL037C,1.2528381887477735e-07
snR44,YPL156C,0.0042276750318706036
snR44,YIL117C,6.604112422792241e-05
snR44,YHR066W,2.2843378744141773e-08
snR44,YML085C,2.2709532032649804e-08
snR44,YML047C,3.852506935686506e-08
snR44,YDR312W,1.399983921146486e-05
snR44,YFL037W,8.417949175054673e-06
snR44,YDL038C,0.2020167112350464
snR44,YDL039C,8.54134114547378e-08
snR44,YCL027W,3.3723595151968766e-06
snR44,YML124C,1.6006693215331325e-07
snR44,YGL053W,4.3367059276988584e-08
snR44,YMR232W,5.927121947024716e-06
snR44,YNL298W,0.0001980451779672876
snR44,YGL099W,2.2474982870335225e-06
snR44,YBL016W,1.082059316104278e-05
snR44,YAL041W,3.2580134336906985e-12
snR44,YDR085C,7.641587217221968e-06
snR44,YPL187W,6.109350215410814e-05
snR44,YPL256C,0.00019694150250870734
snR44,YDR461W,1.0971190533837216e-07
snR44,YNL145W,2.5218132577720098e-05
YLR186W,YDL165W,3.947472904108906e-11
YLR186W,YGR059W,1.4975211348744466e-10
YLR186W,YBR109C,0.817283034324646
YLR186W,YJL080C,1.1213656956124418e-12
YLR186W,YCR093W,0.8368528485298157
YLR186W,YIL122W,1.5970601907611126e-07
YLR186W,YCL029C,0.0005080780247226357
YLR186W,YNL173C,1.1259070561209228e-05
YLR186W,YLR452C,0.935854971408844
YLR186W,YDL160C,0.999993085861206
YLR186W,YLR229C,1.8365022600871693e-18
YLR186W,YML057W,3.2672652018790604e-13
YLR186W,YER149C,2.5557167191436747e-06
YLR186W,YMR305C,4.130639717914164e-05
YLR186W,YLR433C,8.527527484147868e-07
YLR186W,YJL073W,6.839005095571338e-07
YLR186W,YGR279C,4.497081818044535e-09
YLR186W,YKL190W,0.8438175320625305
YLR186W,YGL089C,0.0010634312639012933
YLR186W,YJL019W,0.2558998167514801
YLR186W,YJL018W,0.00010262423165841028
YLR186W,YNR032C-A,0.9907658100128174
YLR186W,YGL178W,1.415233347179523e-10
YLR186W,YKL116C,2.8218741579544293e-11
YLR186W,YDL214C,0.9999977350234985
YLR186W,YLR362W,1.2062711940430404e-12
YLR186W,YER068W,3.8981883693223196e-11
YLR186W,YHR084W,1.0718515852659039e-07
YLR186W,YDR392W,0.00012740466627292335
YLR186W,YNL053W,2.4892955252653337e-07
YLR186W,YGR040W,0.23136410117149353
YLR186W,YDL216C,1.1312713468214497e-05
YLR186W,YOL117W,1.441545216529505e-10
YLR186W,YJR086W,0.00021551272948272526
YLR186W,YMR025W,0.30053097009658813
YLR186W,YBR081C,7.295883551705629e-05
YLR186W,YFL026W,0.9987121820449829
YLR186W,YHL007C,1.3441746893270968e-15
YLR186W,YNR044W,0.0003731433826033026
YLR186W,YNL271C,2.1632008184724327e-08
YLR186W,YDR200C,7.583344759434785e-13
YLR186W,YKL178C,0.00024098934954963624
YLR186W,YOR212W,1.6962687095670539e-15
YLR186W,YOL111C,1.6093610819001292e-12
YLR186W,YGL032C,0.12537209689617157
YLR186W,YHR005C,0.9896635413169861
YLR186W,YDR103W,5.929530857429199e-07
YLR186W,YJR084W,0.012787267565727234
YLR186W,YCL032W,4.859287638936394e-09
YLR186W,YJL170C,0.5582976341247559
YLR186W,YDR179C,6.537077194661289e-13
YLR186W,YBR095C,0.009044270031154156
YLR186W,YLL021W,2.8009545637724953e-12
YLR186W,YDL159W,6.628303591757478e-13
YLR186W,YNL161W,0.8010943531990051
YLR186W,YNL188W,6.179469664857606e-07
YLR186W,YJL157C,8.356143371202052e-05
YLR186W,YJL034W,4.067348671407678e-13
YLR186W,YLR238W,0.00036818417720496655
YLR186W,YPR141C,0.00011496899969642982
YLR186W,YNL127W,0.9543881416320801
YLR186W,YCL055W,0.0046222396194934845
YLR186W,YPR122W,0.8034495115280151
YLR186W,YMR065W,0.9999997615814209
YLR186W,YDR356W,0.4933794438838959
YLR186W,YMR052W,0.9999969005584717
YLR186W,YFR008W,5.6233136704508975e-15
YLR186W,YLL043W,0.03492612764239311
YLR186W,YMR029C,0.6323519945144653
YLR186W,YJR004C,1.8896843420287187e-15
YLR186W,YDL223C,1.089492719643209e-23
YLR186W,YHR158C,1.704270656289545e-17
YLR186W,YGR238C,1.8751219327262092e-11
YLR186W,YIL015W,0.059471242129802704
YLR186W,YGL173C,0.07520397007465363
YLR186W,YDL225W,3.710301399451055e-08
YLR186W,YLR330W,7.325617299184725e-14
YLR186W,YBR129C,3.7831055124115665e-06
YLR186W,YKR095W-A,0.2020167112350464
YLR186W,YPR075C,2.981814759550616e-07
YLR186W,YMR198W,8.473541129205842e-06
YLR186W,YOR127W,3.218901383661432e-06
YLR186W,YDR264C,0.08687642216682434
YLR186W,YLR110C,5.656551182314784e-12
YLR186W,YDR379W,0.00033326575066894293
YLR186W,YDL100C,5.554393833762106e-09
YLR186W,YHR073W,0.000751650775782764
YLR186W,YJR090C,0.005967095959931612
YLR186W,YOR208W,2.5762139512354842e-20
YLR186W,YBR040W,0.16195276379585266
YLR186W,YNL279W,4.1305756326437404e-07
YLR186W,YER075C,0.09539251774549484
YLR186W,YCR089W,0.5000295042991638
YLR186W,YCR002C,8.160314450833539e-07
YLR186W,YJL108C,0.25131022930145264
YLR186W,YBR200W,5.149155546391171e-10
YLR186W,YIL026C,3.057787580473814e-06
YLR186W,YJR076C,2.384508368535876e-09
YLR186W,YKR031C,0.07284019142389297
YLR186W,YPL192C,6.704955239911214e-07
YLR186W,YHR107C,3.2120171908900375e-06
YLR186W,YIL037C,0.00207790220156312
YLR186W,YPL156C,0.0002691261179279536
YLR186W,YIL117C,0.012582946568727493
YLR186W,YHR066W,1.0958071856073784e-16
YLR186W,YML085C,2.696743517513131e-14
YLR186W,YML047C,0.01657521352171898
YLR186W,YDR312W,1.535864697643774e-07
YLR186W,YFL037W,5.294661931110056e-10
YLR186W,YDL038C,0.2020167112350464
YLR186W,YDL039C,4.6971515565985555e-09
YLR186W,YCL027W,9.536488505546004e-05
YLR186W,YML124C,4.8627985319016354e-14
YLR186W,YGL053W,4.258102117432605e-12
YLR186W,YMR232W,0.7184931635856628
YLR186W,YNL298W,0.9492847323417664
YLR186W,YGL099W,2.7729018700950737e-21
YLR186W,YBL016W,6.483175329918822e-09
YLR186W,YAL041W,0.969980001449585
YLR186W,YDR085C,6.191995497611437e-15
YLR186W,YPL187W,0.016587242484092712
YLR186W,YPL256C,2.9578052247042352e-12
YLR186W,YDR461W,3.419319511976937e-07
YLR186W,YNL145W,1.9518904082360677e-05
YLR256W-A,YDL165W,5.281831931824854e-07
YLR256W-A,YGR059W,0.00040890154195949435
YLR256W-A,YBR109C,7.504426321247593e-05
YLR256W-A,YJL080C,3.680346344481222e-05
YLR256W-A,YCR093W,0.010422246530652046
YLR256W-A,YIL122W,0.0028173162136226892
YLR256W-A,YCL029C,0.0019510968122631311
YLR256W-A,YNL173C,5.54041143914219e-05
YLR256W-A,YLR452C,5.1902199629694223e-05
YLR256W-A,YDL160C,0.0001430403790436685
YLR256W-A,YLR229C,1.858846007962711e-05
YLR256W-A,YML057W,0.0006026154151186347
YLR256W-A,YER149C,7.233292853925377e-05
YLR256W-A,YMR305C,9.962024341803044e-05
YLR256W-A,YLR433C,0.00046263530384749174
YLR256W-A,YJL073W,0.00027143291663378477
YLR256W-A,YGR279C,6.365426088450477e-05
YLR256W-A,YKL190W,2.4955756998679135e-06
YLR256W-A,YGL089C,5.866589162906166e-06
YLR256W-A,YJL019W,1.3821743777953088e-05
YLR256W-A,YJL018W,0.2020167112350464
YLR256W-A,YNR032C-A,0.0002473017084412277
YLR256W-A,YGL178W,2.351805414946284e-05
YLR256W-A,YKL116C,0.0001191392948385328
YLR256W-A,YDL214C,0.00045166071504354477
YLR256W-A,YLR362W,0.003994622267782688
YLR256W-A,YER068W,1.112288032345532e-06
YLR256W-A,YHR084W,0.00014914805069565773
YLR256W-A,YDR392W,3.7455167330335826e-05
YLR256W-A,YNL053W,1.2508518011600245e-05
YLR256W-A,YGR040W,1.9402095858822577e-05
YLR256W-A,YDL216C,0.000211790029425174
YLR256W-A,YOL117W,0.07082343101501465
YLR256W-A,YJR086W,0.03978687897324562
YLR256W-A,YMR025W,4.4278826294430473e-07
YLR256W-A,YBR081C,9.449460048926994e-05
YLR256W-A,YFL026W,1.6646121139274328e-06
YLR256W-A,YHL007C,0.0015551864635199308
YLR256W-A,YNR044W,0.0005111589562147856
YLR256W-A,YNL271C,0.0022801461163908243
YLR256W-A,YDR200C,5.332920409273356e-05
YLR256W-A,YKL178C,5.206502919463674e-06
YLR256W-A,YOR212W,8.54747777339071e-05
YLR256W-A,YOL111C,0.002009258372709155
YLR256W-A,YGL032C,5.368905931391055e-06
YLR256W-A,YHR005C,1.8772614112094743e-06
YLR256W-A,YDR103W,1.0483741789357737e-05
YLR256W-A,YJR084W,0.0002208197402069345
YLR256W-A,YCL032W,0.0001354680716758594
YLR256W-A,YJL170C,0.0008406221750192344
YLR256W-A,YDR179C,8.453455393464537e-07
YLR256W-A,YBR095C,0.00024817069061100483
YLR256W-A,YLL021W,0.0001348900841549039
YLR256W-A,YDL159W,0.010564116761088371
YLR256W-A,YNL161W,0.0017309371614828706
YLR256W-A,YNL188W,0.00722530297935009
YLR256W-A,YJL157C,0.0038348163943737745
YLR256W-A,YJL034W,0.0001837575837271288
YLR256W-A,YLR238W,1.8224894802187919e-06
YLR256W-A,YPR141C,0.00020724127534776926
YLR256W-A,YNL127W,0.005707985255867243
YLR256W-A,YCL055W,8.718074968783185e-05
YLR256W-A,YPR122W,3.428735362831503e-05
YLR256W-A,YMR065W,0.0046803453005850315
YLR256W-A,YDR356W,0.00012358192179817706
YLR256W-A,YMR052W,1.9510216020535154e-07
YLR256W-A,YFR008W,2.991918518091552e-05
YLR256W-A,YLL043W,0.00760418176651001
YLR256W-A,YMR029C,1.4644967450294644e-05
YLR256W-A,YJR004C,6.249808211578056e-05
YLR256W-A,YDL223C,1.0546817975409795e-05
YLR256W-A,YHR158C,0.0009722349350340664
YLR256W-A,YGR238C,0.00016145694826263934
YLR256W-A,YIL015W,0.0003360433329362422
YLR256W-A,YGL173C,4.755061581818154e-06
YLR256W-A,YDL225W,0.002118997974321246
YLR256W-A,YLR330W,0.00039628968806937337
YLR256W-A,YBR129C,8.904415153665468e-05
YLR256W-A,YKR095W-A,0.2020167112350464
YLR256W-A,YPR075C,0.0005230226088315248
YLR256W-A,YMR198W,2.9593347790068947e-06
YLR256W-A,YOR127W,2.0552607793433708e-07
YLR256W-A,YDR264C,6.400046549970284e-05
YLR256W-A,YLR110C,0.000633771123830229
YLR256W-A,YDR379W,0.0015040962025523186
YLR256W-A,YDL100C,0.0017989503685384989
YLR256W-A,YHR073W,0.0004329710500314832
YLR256W-A,YJR090C,0.0017203881870955229
YLR256W-A,YOR208W,0.004295009654015303
YLR256W-A,YBR040W,0.13547855615615845
YLR256W-A,YNL279W,3.627044497989118e-05
YLR256W-A,YER075C,0.01980944350361824
YLR256W-A,YCR089W,0.0015751236351206899
YLR256W-A,YCR002C,6.726745777996257e-05
YLR256W-A,YJL108C,0.005860891193151474
YLR256W-A,YBR200W,0.001423970446921885
YLR256W-A,YIL026C,0.0005533266230486333
YLR256W-A,YJR076C,0.001221726997755468
YLR256W-A,YKR031C,0.0019711346831172705
YLR256W-A,YPL192C,0.0008429133449681103
YLR256W-A,YHR107C,0.00010178792581427842
YLR256W-A,YIL037C,0.008181353099644184
YLR256W-A,YPL156C,7.023256330285221e-05
YLR256W-A,YIL117C,0.0008046155562624335
YLR256W-A,YHR066W,0.0010170673485845327
YLR256W-A,YML085C,6.207002570590703e-06
YLR256W-A,YML047C,2.1399046090664342e-07
YLR256W-A,YDR312W,0.003428955329582095
YLR256W-A,YFL037W,0.003158943960443139
YLR256W-A,YDL038C,0.2020167112350464
YLR256W-A,YDL039C,0.00019563440582714975
YLR256W-A,YCL027W,6.616846076212823e-05
YLR256W-A,YML124C,0.00023247396165970713
YLR256W-A,YGL053W,0.00253287423402071
YLR256W-A,YMR232W,0.0001638923422433436
YLR256W-A,YNL298W,6.372554253175622e-06
YLR256W-A,YGL099W,0.00011716409062501043
YLR256W-A,YBL016W,0.00043783767614513636
YLR256W-A,YAL041W,9.375572517456021e-06
YLR256W-A,YDR085C,0.0015118683222681284
YLR256W-A,YPL187W,0.0037937741726636887
YLR256W-A,YPL256C,0.0012993538985028863
YLR256W-A,YDR461W,3.5615875049188617e-07
YLR256W-A,YNL145W,6.194673005666118e-06
YOR181W,YDL165W,4.305941714299877e-10
YOR181W,YGR059W,1.730109389086465e-09
YOR181W,YBR109C,0.0004263191658537835
YOR181W,YJL080C,0.003504442749544978
YOR181W,YCR093W,6.0087927522545215e-06
YOR181W,YIL122W,3.749330013125274e-11
YOR181W,YCL029C,1.2693257076534792e-06
YOR181W,YNL173C,3.960842504674433e-12
YOR181W,YLR452C,0.7842476963996887
YOR181W,YDL160C,0.0427447073161602
YOR181W,YLR229C,0.00262730591930449
YOR181W,YML057W,1.470893545851837e-11
YOR181W,YER149C,4.0394652955910715e-07
YOR181W,YMR305C,0.3617927134037018
YOR181W,YLR433C,0.0015044622123241425
YOR181W,YJL073W,3.110773497416741e-17
YOR181W,YGR279C,1.892284196003402e-08
YOR181W,YKL190W,1.2235326467269214e-11
YOR181W,YGL089C,2.4745242626522668e-05
YOR181W,YJL019W,0.0001398947642883286
YOR181W,YJL018W,0.0004870497796218842
YOR181W,YNR032C-A,0.00019919224723707885
YOR181W,YGL178W,0.0010002241469919682
YOR181W,YKL116C,9.32633525962956e-10
YOR181W,YDL214C,2.503508369500196e-07
YOR181W,YLR362W,1.8747313035305524e-08
YOR181W,YER068W,0.0015152855776250362
YOR181W,YHR084W,0.04813208431005478
YOR181W,YDR392W,1.5354413920865007e-11
YOR181W,YNL053W,0.0002595744444988668
YOR181W,YGR040W,9.005463041944495e-09
YOR181W,YDL216C,5.212958598121986e-08
YOR181W,YOL117W,4.954440070009669e-12
YOR181W,YJR086W,1.4924674343608224e-11
YOR181W,YMR025W,4.363553518516028e-09
YOR181W,YBR081C,1.7803900020929575e-10
YOR181W,YFL026W,0.06566968560218811
YOR181W,YHL007C,5.105714184772125e-10
YOR181W,YNR044W,0.3779810070991516
YOR181W,YNL271C,5.5275101829010964e-08
YOR181W,YDR200C,6.695104275422636e-06
YOR181W,YKL178C,1.7707872757455334e-05
YOR181W,YOR212W,0.160080686211586
YOR181W,YOL111C,2.505027962840245e-09
YOR181W,YGL032C,7.159787492128089e-05
YOR181W,YHR005C,1.3457948000450415e-07
YOR181W,YDR103W,0.008207845501601696
YOR181W,YJR084W,0.00021444745652843267
YOR181W,YCL032W,0.00011659212759695947
YOR181W,YJL170C,7.661339340714335e-10
YOR181W,YDR179C,2.0914308479502708e-11
YOR181W,YBR095C,6.481465106844553e-07
YOR181W,YLL021W,4.5020658490102505e-07
YOR181W,YDL159W,0.05486718565225601
YOR181W,YNL161W,0.0001571641769260168
YOR181W,YNL188W,1.4779955563426483e-05
YOR181W,YJL157C,0.0008665315108373761
YOR181W,YJL034W,1.4795712388604443e-07
YOR181W,YLR238W,5.758405677624978e-06
YOR181W,YPR141C,0.004521757829934359
YOR181W,YNL127W,1.2776335722719523e-07
YOR181W,YCL055W,8.826030352793168e-06
YOR181W,YPR122W,1.462095224269433e-05
YOR181W,YMR065W,0.00013376970309764147
YOR181W,YDR356W,0.000852629542350769
YOR181W,YMR052W,9.58636035136573e-12
YOR181W,YFR008W,1.7008265018603197e-08
YOR181W,YLL043W,0.002508364384993911
YOR181W,YMR029C,9.050075217590799e-17
YOR181W,YJR004C,2.564895839896053e-05
YOR181W,YDL223C,4.5187988462203066e-07
YOR181W,YHR158C,2.2718018044542987e-06
YOR181W,YGR238C,9.760715673212683e-12
YOR181W,YIL015W,0.0010511591099202633
YOR181W,YGL173C,3.926271752163757e-09
YOR181W,YDL225W,2.4675031795595714e-07
YOR181W,YLR330W,0.00025146020925603807
YOR181W,YBR129C,3.4281714533790364e-07
YOR181W,YKR095W-A,0.2020167112350464
YOR181W,YPR075C,5.337972652341705e-06
YOR181W,YMR198W,2.4263056275231065e-07
YOR181W,YOR127W,2.365495022083053e-10
YOR181W,YDR264C,1.1665930514936917e-06
YOR181W,YLR110C,0.0008524675504304469
YOR181W,YDR379W,8.974798126892836e-10
YOR181W,YDL100C,2.281842171214521e-05
YOR181W,YHR073W,1.0852248522041918e-07
YOR181W,YJR090C,3.780126280616969e-05
YOR181W,YOR208W,7.958133210195228e-06
YOR181W,YBR040W,0.0006582973874174058
YOR181W,YNL279W,0.001834986498579383
YOR181W,YER075C,0.0002834928163792938
YOR181W,YCR089W,1.0808048206412124e-10
YOR181W,YCR002C,4.32952911069151e-05
YOR181W,YJL108C,1.894624546139312e-08
YOR181W,YBR200W,6.954532949521308e-08
YOR181W,YIL026C,0.002008317969739437
YOR181W,YJR076C,0.004493872169405222
YOR181W,YKR031C,1.1894439211346253e-07
YOR181W,YPL192C,1.1143957756587497e-08
YOR181W,YHR107C,0.00011650744272628799
YOR181W,YIL037C,0.002259845146909356
YOR181W,YPL156C,2.5677429960069276e-08
YOR181W,YIL117C,0.005357192363590002
YOR181W,YHR066W,8.897109751160315e-07
YOR181W,YML085C,0.010180549696087837
YOR181W,YML047C,2.0868215488967223e-10
YOR181W,YDR312W,0.0006297891959547997
YOR181W,YFL037W,0.00022623842232860625
YOR181W,YDL038C,0.2020167112350464
YOR181W,YDL039C,0.0006439549615606666
YOR181W,YCL027W,2.1980999918014277e-06
YOR181W,YML124C,1.6113046967802802e-06
YOR181W,YGL053W,7.707166155279666e-11
YOR181W,YMR232W,0.004619480576366186
YOR181W,YNL298W,2.080752165056765e-05
YOR181W,YGL099W,6.131942176246241e-10
YOR181W,YBL016W,6.35902542853728e-05
YOR181W,YAL041W,0.0025285424198955297
YOR181W,YDR085C,2.8780897665114935e-08
YOR181W,YPL187W,4.4886060095450375e-06
YOR181W,YPL256C,5.504964974534232e-06
YOR181W,YDR461W,1.3032563743464731e-11
YOR181W,YNL145W,1.425254225750905e-07
YJL072C,YDL165W,1.9531826183083467e-05
YJL072C,YGR059W,4.727551328187474e-08
YJL072C,YBR109C,4.284537862986326e-05
YJL072C,YJL080C,9.288743285651435e-08
YJL072C,YCR093W,5.2195728130755015e-06
YJL072C,YIL122W,7.14588097353551e-14
YJL072C,YCL029C,1.7663148810243e-07
YJL072C,YNL173C,1.350324106003109e-11
YJL072C,YLR452C,1.9804337336726263e-10
YJL072C,YDL160C,1.9716183032869594e-06
YJL072C,YLR229C,2.285547306968283e-10
YJL072C,YML057W,6.94229287771797e-14
YJL072C,YER149C,6.5694760742474045e-09
YJL072C,YMR305C,1.0486400636722237e-09
YJL072C,YLR433C,2.5945142301947444e-12
YJL072C,YJL073W,1.5377200110033157e-13
YJL072C,YGR279C,3.6038922957004615e-08
YJL072C,YKL190W,5.213951226323843e-06
YJL072C,YGL089C,0.0004995338385924697
YJL072C,YJL019W,1.5245164852739634e-10
YJL072C,YJL018W,0.00045424490235745907
YJL072C,YNR032C-A,0.0001687941694399342
YJL072C,YGL178W,0.004985435865819454
YJL072C,YKL116C,6.994327128107339e-14
YJL072C,YDL214C,1.2635834219232311e-11
YJL072C,YLR362W,1.695427001915939e-12
YJL072C,YER068W,3.5211498430540167e-14
YJL072C,YHR084W,2.2374603503294566e-08
YJL072C,YDR392W,2.260916787122369e-09
YJL072C,YNL053W,4.045612992829503e-14
YJL072C,YGR040W,5.316443639458157e-05
YJL072C,YDL216C,9.41349753702525e-06
YJL072C,YOL117W,8.16470269171532e-09
YJL072C,YJR086W,8.880194234888761e-21
YJL072C,YMR025W,4.0313866134233933e-10
YJL072C,YBR081C,3.6671132797039263e-10
YJL072C,YFL026W,2.5013536381068846e-11
YJL072C,YHL007C,1.1433926993143634e-13
YJL072C,YNR044W,9.90512874629243e-15
YJL072C,YNL271C,8.543909643776715e-06
YJL072C,YDR200C,3.9955204807684205e-15
YJL072C,YKL178C,2.8526393053285304e-11
YJL072C,YOR212W,2.355630412953502e-10
YJL072C,YOL111C,1.0407312670359439e-17
YJL072C,YGL032C,3.755691070639333e-12
YJL072C,YHR005C,5.1457754723926996e-11
YJL072C,YDR103W,2.1285295748185717e-09
YJL072C,YJR084W,5.4966842709391894e-12
YJL072C,YCL032W,0.0007861374178901315
YJL072C,YJL170C,5.177862931304844e-06
YJL072C,YDR179C,1.695146494284927e-07
YJL072C,YBR095C,9.491198937894296e-10
YJL072C,YLL021W,9.863753147598686e-10
YJL072C,YDL159W,2.0045518578371002e-09
YJL072C,YNL161W,1.2987642961093115e-08
YJL072C,YNL188W,9.607186710444785e-24
YJL072C,YJL157C,3.144426342568951e-12
YJL072C,YJL034W,5.533928485812814e-14
YJL072C,YLR238W,2.4738888780399815e-13
YJL072C,YPR141C,1.1236692756161245e-16
YJL072C,YNL127W,1.041020937009307e-06
YJL072C,YCL055W,9.243631415856157e-10
YJL072C,YPR122W,1.4819021010303857e-10
YJL072C,YMR065W,1.7933254639501683e-05
YJL072C,YDR356W,1.4556112120766435e-14
YJL072C,YMR052W,3.890452142298745e-13
YJL072C,YFR008W,2.9602986728605174e-09
YJL072C,YLL043W,7.148369136206201e-12
YJL072C,YMR029C,9.032439265865833e-05
YJL072C,YJR004C,4.850083445973041e-09
YJL072C,YDL223C,1.0866447741619822e-09
YJL072C,YHR158C,3.579255225538702e-10
YJL072C,YGR238C,4.002506808517374e-15
YJL072C,YIL015W,1.5457871427315695e-08
YJL072C,YGL173C,4.181796575686292e-10
YJL072C,YDL225W,1.239171893985258e-07
YJL072C,YLR330W,6.340573031893282e-12
YJL072C,YBR129C,1.8721684202915867e-09
YJL072C,YKR095W-A,0.2020167112350464
YJL072C,YPR075C,1.9684803442767025e-14
YJL072C,YMR198W,4.691191861638799e-06
YJL072C,YOR127W,5.163884253533979e-08
YJL072C,YDR264C,1.030972725857282e-05
YJL072C,YLR110C,3.570119702089869e-07
YJL072C,YDR379W,1.4679885396162717e-07
YJL072C,YDL100C,1.0696876191892621e-13
YJL072C,YHR073W,1.5671705469802455e-12
YJL072C,YJR090C,1.1519498528403735e-16
YJL072C,YOR208W,3.014688845781599e-11
YJL072C,YBR040W,6.10034618375721e-08
YJL072C,YNL279W,1.251437879545847e-06
YJL072C,YER075C,3.899426559428321e-09
YJL072C,YCR089W,3.329590834814933e-13
YJL072C,YCR002C,4.634507222434081e-10
YJL072C,YJL108C,1.2816478434096723e-10
YJL072C,YBR200W,2.3998480173759162e-05
YJL072C,YIL026C,2.3494084036565564e-16
YJL072C,YJR076C,4.1532719104175886e-12
YJL072C,YKR031C,9.938543560786901e-16
YJL072C,YPL192C,4.825135988539841e-07
YJL072C,YHR107C,2.809515424126441e-12
YJL072C,YIL037C,2.3521039338447736e-08
YJL072C,YPL156C,0.4380430281162262
YJL072C,YIL117C,1.3498824102953222e-07
YJL072C,YHR066W,2.720335672083121e-15
YJL072C,YML085C,1.0015696605414348e-10
YJL072C,YML047C,1.6511415498743354e-11
YJL072C,YDR312W,8.752002594869523e-12
YJL072C,YFL037W,6.623967783525586e-05
YJL072C,YDL038C,0.2020167112350464
YJL072C,YDL039C,2.246097405289582e-12
YJL072C,YCL027W,4.283925227355212e-05
YJL072C,YML124C,8.262318827125437e-16
YJL072C,YGL053W,0.0001913094165502116
YJL072C,YMR232W,7.492884890325513e-08
YJL072C,YNL298W,2.1721053844458993e-09
YJL072C,YGL099W,9.578417974141079e-14
YJL072C,YBL016W,5.574919866024874e-13
YJL072C,YAL041W,1.1860631730087334e-06
YJL072C,YDR085C,7.310124050139907e-14
YJL072C,YPL187W,3.453135650488548e-05
YJL072C,YPL256C,6.143371535498742e-20
YJL072C,YDR461W,2.671994536740385e-07
YJL072C,YNL145W,5.080049714223378e-10
YLR372W,YDL165W,0.00026323707425035536
YLR372W,YGR059W,1.434830171342938e-10
YLR372W,YBR109C,0.015721356496214867
YLR372W,YJL080C,0.9987254738807678
YLR372W,YCR093W,0.0003002771991305053
YLR372W,YIL122W,1.579772579418659e-08
YLR372W,YCL029C,6.2314802562468685e-06
YLR372W,YNL173C,0.01623222976922989
YLR372W,YLR452C,0.9903795719146729
YLR372W,YDL160C,0.9422281384468079
YLR372W,YLR229C,4.354740667622536e-06
YLR372W,YML057W,4.121205939987445e-14
YLR372W,YER149C,0.00022519849881064147
YLR372W,YMR305C,1.584552592248656e-05
YLR372W,YLR433C,0.09145057946443558
YLR372W,YJL073W,6.020533999613093e-18
YLR372W,YGR279C,1.6380720069264498e-07
YLR372W,YKL190W,0.05157240480184555
YLR372W,YGL089C,1.5115919627106678e-09
YLR372W,YJL019W,0.7185109853744507
YLR372W,YJL018W,0.0003492199466563761
YLR372W,YNR032C-A,0.001270411303266883
YLR372W,YGL178W,5.190864751924984e-11
YLR372W,YKL116C,7.905735094348998e-12
YLR372W,YDL214C,0.9918102622032166
YLR372W,YLR362W,2.8318830613827117e-10
YLR372W,YER068W,2.1521835962684532e-12
YLR372W,YHR084W,0.008777245879173279
YLR372W,YDR392W,0.00024865526938810945
YLR372W,YNL053W,0.10030792653560638
YLR372W,YGR040W,0.033809594810009
YLR372W,YDL216C,1.6105150280054659e-07
YLR372W,YOL117W,5.554724680223444e-08
YLR372W,YJR086W,0.27348583936691284
YLR372W,YMR025W,0.9915336966514587
YLR372W,YBR081C,0.7968876957893372
YLR372W,YFL026W,0.9761009812355042
YLR372W,YHL007C,0.003970913589000702
YLR372W,YNR044W,0.9956499934196472
YLR372W,YNL271C,2.063076749436732e-07
YLR372W,YDR200C,0.06673280149698257
YLR372W,YKL178C,8.2920751083293e-06
YLR372W,YOR212W,5.308300387696363e-06
YLR372W,YOL111C,3.770199069329932e-18
YLR372W,YGL032C,7.095620730979135e-06
YLR372W,YHR005C,0.9999997615814209
YLR372W,YDR103W,0.9272187352180481
YLR372W,YJR084W,6.104262411099626e-07
YLR372W,YCL032W,0.004056425299495459
YLR372W,YJL170C,0.9997518658638
YLR372W,YDR179C,4.971782985307982e-08
YLR372W,YBR095C,0.0020918974187225103
YLR372W,YLL021W,0.1344117373228073
YLR372W,YDL159W,2.946986432661447e-09
YLR372W,YNL161W,1.219960813614307e-05
YLR372W,YNL188W,0.011317851021885872
YLR372W,YJL157C,1.3653349242304103e-06
YLR372W,YJL034W,1.1352318390889238e-11
YLR372W,YLR238W,0.1416015475988388
YLR372W,YPR141C,5.134947969054338e-06
YLR372W,YNL127W,0.00276001775637269
YLR372W,YCL055W,1.047087083705378e-09
YLR372W,YPR122W,0.9999179840087891
YLR372W,YMR065W,0.9799428582191467
YLR372W,YDR356W,0.9987157583236694
YLR372W,YMR052W,0.969202995300293
YLR372W,YFR008W,1.3107190852679196e-06
YLR372W,YLL043W,5.064345896244049e-05
YLR372W,YMR029C,2.5595083778112704e-12
YLR372W,YJR004C,1.3606460793139097e-13
YLR372W,YDL223C,7.041403088498475e-18
YLR372W,YHR158C,0.014502564445137978
YLR372W,YGR238C,4.105369642598989e-16
YLR372W,YIL015W,0.9999980926513672
YLR372W,YGL173C,0.017235063016414642
YLR372W,YDL225W,0.9485774636268616
YLR372W,YLR330W,4.0679313251246185e-09
YLR372W,YBR129C,0.12297216057777405
YLR372W,YKR095W-A,0.2020167112350464
YLR372W,YPR075C,2.1510516044970836e-15
YLR372W,YMR198W,0.00251391832716763
YLR372W,YOR127W,0.0013970201835036278
YLR372W,YDR264C,2.0087563825654797e-05
YLR372W,YLR110C,0.00035484408726915717
YLR372W,YDR379W,2.138715302635319e-07
YLR372W,YDL100C,3.5443481465335935e-05
YLR372W,YHR073W,5.236256038188003e-05
YLR372W,YJR090C,3.7898411622480643e-13
YLR372W,YOR208W,0.02685575559735298
YLR372W,YBR040W,0.9971217513084412
YLR372W,YNL279W,0.9996684789657593
YLR372W,YER075C,0.009607555344700813
YLR372W,YCR089W,5.598162533715367e-05
YLR372W,YCR002C,0.0005594111862592399
YLR372W,YJL108C,0.4600474238395691
YLR372W,YBR200W,5.802556643175194e-06
YLR372W,YIL026C,9.713594373295109e-09
YLR372W,YJR076C,0.9999736547470093
YLR372W,YKR031C,1.7763184132491006e-06
YLR372W,YPL192C,0.0002697081654332578
YLR372W,YHR107C,0.9465175271034241
YLR372W,YIL037C,0.9402220249176025
YLR372W,YPL156C,0.010122176259756088
YLR372W,YIL117C,0.0008367047994397581
YLR372W,YHR066W,8.841972415981188e-19
YLR372W,YML085C,1.5258687199093401e-05
YLR372W,YML047C,0.9999992847442627
YLR372W,YDR312W,1.1483896287245443e-06
YLR372W,YFL037W,0.0006360029801726341
YLR372W,YDL038C,0.2020167112350464
YLR372W,YDL039C,1.108715878217481e-06
YLR372W,YCL027W,9.60303150350228e-05
YLR372W,YML124C,1.222905665620999e-10
YLR372W,YGL053W,3.948115931962093e-07
YLR372W,YMR232W,0.9995191097259521
YLR372W,YNL298W,0.9993914365768433
YLR372W,YGL099W,2.1639250114002806e-10
YLR372W,YBL016W,1.5286109089629463e-07
YLR372W,YAL041W,0.9996922016143799
YLR372W,YDR085C,4.4249529196349613e-07
YLR372W,YPL187W,0.9963839054107666
YLR372W,YPL256C,7.321684734051814e-07
YLR372W,YDR461W,2.28163155036043e-10
YLR372W,YNL145W,2.0817574863940536e-07
YMR104C,YDL165W,3.7884128687437624e-06
YMR104C,YGR059W,1.633412466617301e-05
YMR104C,YBR109C,4.2560843738215226e-10
YMR104C,YJL080C,5.162843535799766e-06
YMR104C,YCR093W,9.287640878596903e-09
YMR104C,YIL122W,0.5176149010658264
YMR104C,YCL029C,0.00031277560628950596
YMR104C,YNL173C,0.0001430604315828532
YMR104C,YLR452C,8.284771865874063e-06
YMR104C,YDL160C,2.937442104666843e-06
YMR104C,YLR229C,5.650917511701437e-10
YMR104C,YML057W,3.4853067631956947e-07
YMR104C,YER149C,8.792759444986586e-07
YMR104C,YMR305C,8.503013049221408e-08
YMR104C,YLR433C,6.304558541891936e-10
YMR104C,YJL073W,1.2960613560153433e-07
YMR104C,YGR279C,0.21996477246284485
YMR104C,YKL190W,0.01561909168958664
YMR104C,YGL089C,9.961038938133271e-11
YMR104C,YJL019W,0.2451140284538269
YMR104C,YJL018W,0.0008923268760554492
YMR104C,YNR032C-A,0.19163185358047485
YMR104C,YGL178W,0.002003270434215665
YMR104C,YKL116C,1.022942619499645e-09
YMR104C,YDL214C,0.7204420566558838
YMR104C,YLR362W,2.023783141069657e-09
YMR104C,YER068W,1.917535655593383e-06
YMR104C,YHR084W,6.702938898373034e-11
YMR104C,YDR392W,1.1973902758199984e-07
YMR104C,YNL053W,0.9853992462158203
YMR104C,YGR040W,0.04734901711344719
YMR104C,YDL216C,0.9995692372322083
YMR104C,YOL117W,3.5589968661042803e-07
YMR104C,YJR086W,6.382455328135528e-13
YMR104C,YMR025W,0.0014326771488413215
YMR104C,YBR081C,3.579375334084034e-05
YMR104C,YFL026W,9.55467203311855e-06
YMR104C,YHL007C,1.5721411728009116e-06
YMR104C,YNR044W,0.9999910593032837
YMR104C,YNL271C,0.03793032467365265
YMR104C,YDR200C,0.015576882287859917
YMR104C,YKL178C,9.183419024338946e-05
YMR104C,YOR212W,1.4266821324326884e-07
YMR104C,YOL111C,3.987865593302331e-09
YMR104C,YGL032C,2.8409809260665497e-07
YMR104C,YHR005C,0.998150646686554
YMR104C,YDR103W,3.482922011244227e-06
YMR104C,YJR084W,0.0031342979054898024
YMR104C,YCL032W,0.0025625349953770638
YMR104C,YJL170C,0.00016589098959229887
YMR104C,YDR179C,9.521006080976183e-14
YMR104C,YBR095C,8.224619523389265e-05
YMR104C,YLL021W,0.9999988079071045
YMR104C,YDL159W,1.328716248139017e-09
YMR104C,YNL161W,0.6655330061912537
YMR104C,YNL188W,5.220550747253583e-07
YMR104C,YJL157C,4.052799762455095e-12
YMR104C,YJL034W,1.872870653322426e-14
YMR104C,YLR238W,1.8251128494739532e-05
YMR104C,YPR141C,0.13714419305324554
YMR104C,YNL127W,6.209201330875658e-08
YMR104C,YCL055W,0.04048233479261398
YMR104C,YPR122W,6.522168860101374e-06
YMR104C,YMR065W,0.00024124636547639966
YMR104C,YDR356W,5.76185810174934e-09
YMR104C,YMR052W,1.117504977443673e-09
YMR104C,YFR008W,0.00045584156760014594
YMR104C,YLL043W,0.1832735389471054
YMR104C,YMR029C,6.593440048163757e-05
YMR104C,YJR004C,0.8418737649917603
YMR104C,YDL223C,4.288219491955722e-15
YMR104C,YHR158C,0.9546615481376648
YMR104C,YGR238C,1.7741196289833283e-09
YMR104C,YIL015W,0.05273890867829323
YMR104C,YGL173C,0.00021278506028465927
YMR104C,YDL225W,9.897249952928178e-08
YMR104C,YLR330W,2.1484009948835592e-07
YMR104C,YBR129C,0.00011284945503575727
YMR104C,YKR095W-A,0.2020167112350464
YMR104C,YPR075C,8.228772117035987e-07
YMR104C,YMR198W,0.008921821601688862
YMR104C,YOR127W,4.4027838157489896e-05
YMR104C,YDR264C,0.00034428652725182474
YMR104C,YLR110C,2.9600402129403847e-08
YMR104C,YDR379W,7.862171514716465e-06
YMR104C,YDL100C,0.003438544925302267
YMR104C,YHR073W,3.6122587516729254e-06
YMR104C,YJR090C,5.8459335150473635e-09
YMR104C,YOR208W,0.016732217743992805
YMR104C,YBR040W,1.5426393247253145e-06
YMR104C,YNL279W,9.54155984800309e-06
YMR104C,YER075C,0.9998156428337097
YMR104C,YCR089W,0.00032384315272793174
YMR104C,YCR002C,4.9582143946125257e-11
YMR104C,YJL108C,0.9701167345046997
YMR104C,YBR200W,8.586494015805357e-11
YMR104C,YIL026C,4.384787199995799e-09
YMR104C,YJR076C,0.999626636505127
YMR104C,YKR031C,0.003480143379420042
YMR104C,YPL192C,8.750683628022671e-05
YMR104C,YHR107C,0.07991267740726471
YMR104C,YIL037C,0.000316849269438535
YMR104C,YPL156C,0.031296033412218094
YMR104C,YIL117C,8.272900942074557e-08
YMR104C,YHR066W,2.4260231157313683e-07
YMR104C,YML085C,0.009403102099895477
YMR104C,YML047C,5.84221879762481e-06
YMR104C,YDR312W,0.00011793639714596793
YMR104C,YFL037W,0.02094184421002865
YMR104C,YDL038C,0.2020167112350464
YMR104C,YDL039C,1.0059726489319853e-11
YMR104C,YCL027W,0.04867313802242279
YMR104C,YML124C,0.0007247846806421876
YMR104C,YGL053W,7.925161860100616e-09
YMR104C,YMR232W,0.000594562676269561
YMR104C,YNL298W,0.2626754343509674
YMR104C,YGL099W,0.0022786734625697136
YMR104C,YBL016W,0.00034328378387726843
YMR104C,YAL041W,6.237863999558613e-05
YMR104C,YDR085C,8.645489879555157e-11
YMR104C,YPL187W,2.7261525247013196e-05
YMR104C,YPL256C,5.548393033905086e-08
YMR104C,YDR461W,5.9489496662124e-11
YMR104C,YNL145W,1.8591194361761154e-07
YPR052C,YDL165W,2.819555353084091e-11
YPR052C,YGR059W,0.0003859568969346583
YPR052C,YBR109C,2.6175227350183627e-12
YPR052C,YJL080C,2.1499772448474452e-11
YPR052C,YCR093W,0.00045072182547301054
YPR052C,YIL122W,0.002335116034373641
YPR052C,YCL029C,3.556304990076642e-12
YPR052C,YNL173C,1.644245806176059e-08
YPR052C,YLR452C,0.0003299699164927006
YPR052C,YDL160C,0.9812468886375427
YPR052C,YLR229C,2.146452503584695e-12
YPR052C,YML057W,8.127184258910347e-08
YPR052C,YER149C,3.9186026385557016e-13
YPR052C,YMR305C,3.9959058284466664e-09
YPR052C,YLR433C,6.494339288565243e-09
YPR052C,YJL073W,5.21492987681782e-11
YPR052C,YGR279C,2.7400586092668106e-17
YPR052C,YKL190W,7.817586720193503e-07
YPR052C,YGL089C,1.2592900056063172e-09
YPR052C,YJL019W,0.9950968623161316
YPR052C,YJL018W,0.2020167112350464
YPR052C,YNR032C-A,0.012398799881339073
YPR052C,YGL178W,0.9857592582702637
YPR052C,YKL116C,0.0008589542121626437
YPR052C,YDL214C,0.035433921962976456
YPR052C,YLR362W,0.00012100161256967112
YPR052C,YER068W,0.00021739864314440638
YPR052C,YHR084W,0.0011152724036946893
YPR052C,YDR392W,9.031698766648333e-08
YPR052C,YNL053W,0.005867073778063059
YPR052C,YGR040W,2.3092192602547357e-09
YPR052C,YDL216C,2.0791505050965498e-07
YPR052C,YOL117W,0.0036032486241310835
YPR052C,YJR086W,0.9237530827522278
YPR052C,YMR025W,0.0011662851320579648
YPR052C,YBR081C,1.6784375134193397e-07
YPR052C,YFL026W,0.00032685211044736207
YPR052C,YHL007C,0.011681140400469303
YPR052C,YNR044W,0.0010704930173233151
YPR052C,YNL271C,1.29160653159488e-05
YPR052C,YDR200C,7.764344445604365e-06
YPR052C,YKL178C,0.025318345054984093
YPR052C,YOR212W,7.655656572005606e-14
YPR052C,YOL111C,3.464910650063935e-12
YPR052C,YGL032C,9.66151360033262e-15
YPR052C,YHR005C,4.405421350384131e-05
YPR052C,YDR103W,3.3778164727077398e-12
YPR052C,YJR084W,0.0840819925069809
YPR052C,YCL032W,3.789161638536459e-13
YPR052C,YJL170C,4.029435513075441e-05
YPR052C,YDR179C,1.4104059253838841e-08
YPR052C,YBR095C,1.659752023319694e-11
YPR052C,YLL021W,1.921730325869439e-13
YPR052C,YDL159W,9.313087107054585e-11
YPR052C,YNL161W,0.02718666009604931
YPR052C,YNL188W,6.233943850020296e-08
YPR052C,YJL157C,1.1685567187669221e-05
YPR052C,YJL034W,3.2562784391641786e-13
YPR052C,YLR238W,0.04632503539323807
YPR052C,YPR141C,2.3439850754813918e-11
YPR052C,YNL127W,0.10906613618135452
YPR052C,YCL055W,1.7943654480731465e-16
YPR052C,YPR122W,4.205314763083834e-09
YPR052C,YMR065W,3.583795887607266e-06
YPR052C,YDR356W,1.34012007038109e-05
YPR052C,YMR052W,5.671781403912557e-13
YPR052C,YFR008W,0.0060880910605192184
YPR052C,YLL043W,0.02812107279896736
YPR052C,YMR029C,6.739271611877484e-07
YPR052C,YJR004C,1.0353875282099675e-13
YPR052C,YDL223C,1.8263531179306132e-16
YPR052C,YHR158C,0.00035679491702467203
YPR052C,YGR238C,1.2063793519700994e-06
YPR052C,YIL015W,0.0005140466382727027
YPR052C,YGL173C,5.492152013175655e-07
YPR052C,YDL225W,0.0018139956519007683
YPR052C,YLR330W,4.306020073840955e-08
YPR052C,YBR129C,3.00898328475796e-08
YPR052C,YKR095W-A,0.2020167112350464
YPR052C,YPR075C,5.755594543188636e-07
YPR052C,YMR198W,1.3425689726620504e-10
YPR052C,YOR127W,3.056756779119818e-13
YPR052C,YDR264C,2.621204902436558e-12
YPR052C,YLR110C,0.04382162541151047
YPR052C,YDR379W,8.553440238756593e-06
YPR052C,YDL100C,2.027491091682876e-10
YPR052C,YHR073W,3.3291737366880625e-08
YPR052C,YJR090C,1.0467975375405558e-09
YPR052C,YOR208W,0.007229518610984087
YPR052C,YBR040W,4.881214408669621e-05
YPR052C,YNL279W,0.9951529502868652
YPR052C,YER075C,8.921145990825607e-07
YPR052C,YCR089W,4.635696340682394e-12
YPR052C,YCR002C,4.8197801305605026e-09
YPR052C,YJL108C,0.050871796905994415
YPR052C,YBR200W,0.014465353451669216
YPR052C,YIL026C,2.981859324791003e-06
YPR052C,YJR076C,6.861066736973953e-08
YPR052C,YKR031C,0.041545432060956955
YPR052C,YPL192C,5.214767952566035e-05
YPR052C,YHR107C,2.6382236839594952e-08
YPR052C,YIL037C,0.004286677110940218
YPR052C,YPL156C,0.007733250968158245
YPR052C,YIL117C,0.01899198442697525
YPR052C,YHR066W,1.664840738158091e-06
YPR052C,YML085C,3.664135590497608e-07
YPR052C,YML047C,1.24522202895605e-05
YPR052C,YDR312W,5.780722858617082e-05
YPR052C,YFL037W,7.882374752909982e-10
YPR052C,YDL038C,0.2020167112350464
YPR052C,YDL039C,7.341986295593709e-17
YPR052C,YCL027W,0.0012250434374436736
YPR052C,YML124C,1.7065281976173246e-17
YPR052C,YGL053W,0.00209767185151577
YPR052C,YMR232W,0.9930084943771362
YPR052C,YNL298W,3.4673752757896636e-09
YPR052C,YGL099W,6.789829853914853e-08
YPR052C,YBL016W,1.9875292309734505e-06
YPR052C,YAL041W,0.12786324322223663
YPR052C,YDR085C,0.028212344273924828
YPR052C,YPL187W,0.00011093070497736335
YPR052C,YPL256C,1.526382620058709e-16
YPR052C,YDR461W,4.5165125112101023e-11
YPR052C,YNL145W,3.674480719695339e-09
YGR091W,YDL165W,0.2909923791885376
YGR091W,YGR059W,7.21092783351196e-06
YGR091W,YBR109C,1.0257951155168143e-09
YGR091W,YJL080C,2.1632162727769355e-09
YGR091W,YCR093W,1.1970553437379294e-08
YGR091W,YIL122W,1.0478418062120909e-06
YGR091W,YCL029C,5.159254801156976e-09
YGR091W,YNL173C,8.855317368272608e-09
YGR091W,YLR452C,3.122855196124874e-05
YGR091W,YDL160C,6.886165806463396e-07
YGR091W,YLR229C,0.00026587286265566945
YGR091W,YML057W,6.398255189554725e-12
YGR091W,YER149C,2.2903018148667798e-08
YGR091W,YMR305C,1.9452401911479456e-09
YGR091W,YLR433C,3.577436658019906e-08
YGR091W,YJL073W,1.7257349715915637e-10
YGR091W,YGR279C,7.170655562382944e-12
YGR091W,YKL190W,7.03991753780997e-09
YGR091W,YGL089C,5.854533355886815e-07
YGR091W,YJL019W,9.213598559654201e-07
YGR091W,YJL018W,0.006366683170199394
YGR091W,YNR032C-A,0.006097735837101936
YGR091W,YGL178W,2.0304964820638816e-08
YGR091W,YKL116C,8.6353556250085e-11
YGR091W,YDL214C,0.005042946897447109
YGR091W,YLR362W,1.2257324932818392e-08
YGR091W,YER068W,3.53426597883566e-13
YGR091W,YHR084W,4.062592276476984e-11
YGR091W,YDR392W,7.776979771279002e-08
YGR091W,YNL053W,0.001378648797981441
YGR091W,YGR040W,3.964460120187141e-07
YGR091W,YDL216C,2.117783726163225e-11
YGR091W,YOL117W,2.4151380895176544e-10
YGR091W,YJR086W,2.6614371151367777e-08
YGR091W,YMR025W,1.7151762222056277e-05
YGR091W,YBR081C,0.0031632189638912678
YGR091W,YFL026W,6.4464538809261285e-06
YGR091W,YHL007C,6.305623401203775e-08
YGR091W,YNR044W,5.700892202753494e-09
YGR091W,YNL271C,0.19854748249053955
YGR091W,YDR200C,3.009874294246373e-11
YGR091W,YKL178C,0.0030507370829582214
YGR091W,YOR212W,7.694612169650838e-10
YGR091W,YOL111C,1.0860490817776736e-07
YGR091W,YGL032C,0.007151495199650526
YGR091W,YHR005C,0.00022966935648582876
YGR091W,YDR103W,0.00010065438254969195
YGR091W,YJR084W,9.005109852244786e-11
YGR091W,YCL032W,2.3834538751543732e-06
YGR091W,YJL170C,1.4035009371582419e-05
YGR091W,YDR179C,2.090483377514829e-07
YGR091W,YBR095C,0.7104216814041138
YGR091W,YLL021W,0.00010423688217997551
YGR091W,YDL159W,1.4687393559142947e-06
YGR091W,YNL161W,3.6764071410289034e-05
YGR091W,YNL188W,2.8959340852452442e-05
YGR091W,YJL157C,0.003213188610970974
YGR091W,YJL034W,1.2242071895459837e-15
YGR091W,YLR238W,7.561715836823524e-11
YGR091W,YPR141C,1.9277413230156526e-06
YGR091W,YNL127W,0.3866193890571594
YGR091W,YCL055W,9.29094403545605e-06
YGR091W,YPR122W,8.173104288289323e-05
YGR091W,YMR065W,0.00021621704217977822
YGR091W,YDR356W,6.114608368079644e-06
YGR091W,YMR052W,0.0011370297288522124
YGR091W,YFR008W,2.209494523106037e-13
YGR091W,YLL043W,7.127831658237938e-10
YGR091W,YMR029C,3.661818936961936e-08
YGR091W,YJR004C,0.00020797211618628353
YGR091W,YDL223C,1.3460446091073663e-08
YGR091W,YHR158C,2.087358896840641e-10
YGR091W,YGR238C,1.298622436252117e-07
YGR091W,YIL015W,0.00014192333037499338
YGR091W,YGL173C,9.368026354650283e-08
YGR091W,YDL225W,1.669693574513076e-07
YGR091W,YLR330W,7.489523667914e-09
YGR091W,YBR129C,6.611362834973988e-08
YGR091W,YKR095W-A,0.2020167112350464
YGR091W,YPR075C,2.76981593216874e-09
YGR091W,YMR198W,8.799619699573213e-09
YGR091W,YOR127W,5.832952176820783e-11
YGR091W,YDR264C,0.7978755235671997
YGR091W,YLR110C,3.16439818792702e-10
YGR091W,YDR379W,1.7126046714110998e-07
YGR091W,YDL100C,1.469009003329802e-08
YGR091W,YHR073W,0.00017619003483559936
YGR091W,YJR090C,3.0355735702869424e-09
YGR091W,YOR208W,2.3877351207346464e-09
YGR091W,YBR040W,0.9667930603027344
YGR091W,YNL279W,1.566077298775781e-05
YGR091W,YER075C,1.3011954014263694e-10
YGR091W,YCR089W,3.051102837048347e-08
YGR091W,YCR002C,0.09136173874139786
YGR091W,YJL108C,0.0006600856431759894
YGR091W,YBR200W,1.6257648894679733e-05
YGR091W,YIL026C,0.0013946227263659239
YGR091W,YJR076C,0.010210557840764523
YGR091W,YKR031C,0.0001342474715784192
YGR091W,YPL192C,3.829970410151873e-06
YGR091W,YHR107C,1.1848112491108509e-09
YGR091W,YIL037C,3.2446428122057114e-06
YGR091W,YPL156C,0.0030530744697898626
YGR091W,YIL117C,5.0791154393436955e-08
YGR091W,YHR066W,1.0350441614903616e-09
YGR091W,YML085C,9.243230124411639e-06
YGR091W,YML047C,1.3475611240210128e-06
YGR091W,YDR312W,6.771251892523367e-10
YGR091W,YFL037W,1.0353625157222268e-06
YGR091W,YDL038C,0.2020167112350464
YGR091W,YDL039C,4.833625904046568e-13
YGR091W,YCL027W,0.415727436542511
YGR091W,YML124C,5.0299112097640375e-11
YGR091W,YGL053W,1.8872658991142544e-09
YGR091W,YMR232W,1.4469311793163797e-07
YGR091W,YNL298W,1.3350494043606886e-09
YGR091W,YGL099W,1.8153338388060547e-08
YGR091W,YBL016W,4.407518350291184e-09
YGR091W,YAL041W,0.0006014786777086556
YGR091W,YDR085C,2.541894472685158e-10
YGR091W,YPL187W,4.2545397679069966e-15
YGR091W,YPL256C,0.00021150709653738886
YGR091W,YDR461W,0.4754301905632019
YGR091W,YNL145W,2.8914111680933274e-05
YGR044C,YDL165W,0.3310956656932831
YGR044C,YGR059W,5.244456133368658e-06
YGR044C,YBR109C,0.006517131347209215
YGR044C,YJL080C,1.2536880387992166e-11
YGR044C,YCR093W,0.00012154153955634683
YGR044C,YIL122W,0.005610656458884478
YGR044C,YCL029C,1.4091230352702988e-12
YGR044C,YNL173C,1.947472227925573e-08
YGR044C,YLR452C,0.13869035243988037
YGR044C,YDL160C,2.526791398338446e-08
YGR044C,YLR229C,4.216545335111732e-07
YGR044C,YML057W,2.6684529585985217e-11
YGR044C,YER149C,0.0006554819992743433
YGR044C,YMR305C,7.388291578536155e-07
YGR044C,YLR433C,3.450425936080137e-07
YGR044C,YJL073W,6.234645155700491e-08
YGR044C,YGR279C,6.251688056124749e-11
YGR044C,YKL190W,0.0007899581687524915
YGR044C,YGL089C,1.1760971574403811e-06
YGR044C,YJL019W,3.4407825296511874e-05
YGR044C,YJL018W,0.010965258814394474
YGR044C,YNR032C-A,0.8121213912963867
YGR044C,YGL178W,1.6019225057561925e-08
YGR044C,YKL116C,6.400186975952238e-05
YGR044C,YDL214C,0.6511058211326599
YGR044C,YLR362W,5.0657636307960274e-08
YGR044C,YER068W,1.8512472371029487e-12
YGR044C,YHR084W,1.8270575310452841e-06
YGR044C,YDR392W,3.571897104848176e-05
YGR044C,YNL053W,9.947084822492513e-11
YGR044C,YGR040W,6.0295960793155245e-06
YGR044C,YDL216C,8.443179467576556e-06
YGR044C,YOL117W,1.8259694867239773e-09
YGR044C,YJR086W,0.004323618486523628
YGR044C,YMR025W,0.48346540331840515
YGR044C,YBR081C,2.329216819418889e-10
YGR044C,YFL026W,0.0964994877576828
YGR044C,YHL007C,0.010206938721239567
YGR044C,YNR044W,0.8364414572715759
YGR044C,YNL271C,0.05903666839003563
YGR044C,YDR200C,3.616467211031704e-06
YGR044C,YKL178C,0.08965348452329636
YGR044C,YOR212W,1.1522104159666924e-06
YGR044C,YOL111C,8.481101190533236e-15
YGR044C,YGL032C,0.0007896390743553638
YGR044C,YHR005C,0.00013862211199011654
YGR044C,YDR103W,0.0005789113929495215
YGR044C,YJR084W,0.027683177962899208
YGR044C,YCL032W,0.00013480265624821186
YGR044C,YJL170C,3.783079591812566e-05
YGR044C,YDR179C,1.6092908339260248e-08
YGR044C,YBR095C,0.003522251732647419
YGR044C,YLL021W,0.00024443850270472467
YGR044C,YDL159W,2.4736909836065024e-06
YGR044C,YNL161W,0.183611661195755
YGR044C,YNL188W,1.1479942259029485e-06
YGR044C,YJL157C,4.0560366176833895e-10
YGR044C,YJL034W,3.941572328941545e-12
YGR044C,YLR238W,0.01280301809310913
YGR044C,YPR141C,2.725038639184163e-09
YGR044C,YNL127W,0.001122509129345417
YGR044C,YCL055W,0.3345460891723633
YGR044C,YPR122W,0.002840308705344796
YGR044C,YMR065W,0.003470152849331498
YGR044C,YDR356W,7.080996874719858e-05
YGR044C,YMR052W,0.0007422747439704835
YGR044C,YFR008W,1.2732690265693236e-05
YGR044C,YLL043W,8.423980762017891e-05
YGR044C,YMR029C,0.0014068417949602008
YGR044C,YJR004C,1.0383130799596074e-08
YGR044C,YDL223C,2.1968240396830327e-25
YGR044C,YHR158C,4.776240416504152e-07
YGR044C,YGR238C,1.751493385881986e-07
YGR044C,YIL015W,8.85153713170439e-05
YGR044C,YGL173C,0.004835851956158876
YGR044C,YDL225W,1.3708087109876033e-08
YGR044C,YLR330W,7.721377187408507e-06
YGR044C,YBR129C,4.0896607970353216e-05
YGR044C,YKR095W-A,0.2020167112350464
YGR044C,YPR075C,4.798442199138719e-10
YGR044C,YMR198W,0.007390851154923439
YGR044C,YOR127W,0.009340967983007431
YGR044C,YDR264C,6.776859663659707e-06
YGR044C,YLR110C,1.4195134667716047e-07
YGR044C,YDR379W,0.00010357225255575031
YGR044C,YDL100C,3.0449917176156305e-05
YGR044C,YHR073W,3.6394300195752294e-07
YGR044C,YJR090C,5.732917634304613e-05
YGR044C,YOR208W,2.2637474117459533e-09
YGR044C,YBR040W,0.1936478614807129
YGR044C,YNL279W,5.784907709110998e-12
YGR044C,YER075C,0.8925861120223999
YGR044C,YCR089W,5.745013353930517e-09
YGR044C,YCR002C,1.2182164131624429e-11
YGR044C,YJL108C,1.0625457207424915e-06
YGR044C,YBR200W,4.311836528358981e-05
YGR044C,YIL026C,4.0888954444540104e-09
YGR044C,YJR076C,0.9999302625656128
YGR044C,YKR031C,0.016840586438775063
YGR044C,YPL192C,7.794663581250916e-09
YGR044C,YHR107C,0.9961034059524536
YGR044C,YIL037C,1.1026396462554544e-09
YGR044C,YPL156C,0.0009018075652420521
YGR044C,YIL117C,0.0006279111839830875
YGR044C,YHR066W,1.8167624349363365e-10
YGR044C,YML085C,0.0002584178000688553
YGR044C,YML047C,3.316489483040641e-07
YGR044C,YDR312W,0.0009337367373518646
YGR044C,YFL037W,2.7496331313159317e-05
YGR044C,YDL038C,0.2020167112350464
YGR044C,YDL039C,1.9439861088823097e-17
YGR044C,YCL027W,0.0004618593957275152
YGR044C,YML124C,3.2543655947847583e-07
YGR044C,YGL053W,1.1226471974268293e-09
YGR044C,YMR232W,1.4681816651318513e-07
YGR044C,YNL298W,3.8075046404628665e-07
YGR044C,YGL099W,2.6398352019896265e-06
YGR044C,YBL016W,0.005863995291292667
YGR044C,YAL041W,2.2492049538413994e-06
YGR044C,YDR085C,1.295614726615213e-08
YGR044C,YPL187W,0.7618836164474487
YGR044C,YPL256C,1.0861800774364383e-06
YGR044C,YDR461W,2.7668221047605357e-09
YGR044C,YNL145W,7.501446575020054e-09
YPL228W,YDL165W,0.0007279480923898518
YPL228W,YGR059W,8.499770332015544e-12
YPL228W,YBR109C,6.037312800799555e-07
YPL228W,YJL080C,0.18862362205982208
YPL228W,YCR093W,3.657882871266338e-06
YPL228W,YIL122W,0.024871818721294403
YPL228W,YCL029C,3.595529918243301e-08
YPL228W,YNL173C,0.00011390787403797731
YPL228W,YLR452C,0.9983141422271729
YPL228W,YDL160C,1.536614763608668e-05
YPL228W,YLR229C,0.9835595488548279
YPL228W,YML057W,8.695164410710277e-08
YPL228W,YER149C,0.21264764666557312
YPL228W,YMR305C,4.340307627193063e-11
YPL228W,YLR433C,1.695607352303341e-07
YPL228W,YJL073W,1.0404422212673126e-08
YPL228W,YGR279C,0.9699791073799133
YPL228W,YKL190W,3.1453268434233905e-07
YPL228W,YGL089C,0.09753286093473434
YPL228W,YJL019W,0.0007795030833221972
YPL228W,YJL018W,0.00010084940731758252
YPL228W,YNR032C-A,0.962405264377594
YPL228W,YGL178W,5.673621128465811e-09
YPL228W,YKL116C,0.0002474481880199164
YPL228W,YDL214C,0.7973589897155762
YPL228W,YLR362W,7.530176731052052e-07
YPL228W,YER068W,2.7066648922158265e-09
YPL228W,YHR084W,0.00021009771444369107
YPL228W,YDR392W,7.202401001993319e-12
YPL228W,YNL053W,0.984254002571106
YPL228W,YGR040W,0.0031818998977541924
YPL228W,YDL216C,0.001960289664566517
YPL228W,YOL117W,0.0007850272231735289
YPL228W,YJR086W,1.2860182607710158e-07
YPL228W,YMR025W,0.45400378108024597
YPL228W,YBR081C,0.0015068911015987396
YPL228W,YFL026W,0.718694806098938
YPL228W,YHL007C,0.0002897616650443524
YPL228W,YNR044W,0.010172802023589611
YPL228W,YNL271C,0.015310724265873432
YPL228W,YDR200C,0.0011902364203706384
YPL228W,YKL178C,0.9860451817512512
YPL228W,YOR212W,6.158367614261806e-05
YPL228W,YOL111C,4.054800939456982e-09
YPL228W,YGL032C,0.5381643176078796
YPL228W,YHR005C,0.0011127287289127707
YPL228W,YDR103W,0.0006210272549651563
YPL228W,YJR084W,1.448269022069626e-11
YPL228W,YCL032W,0.0002828858559951186
YPL228W,YJL170C,0.003244863823056221
YPL228W,YDR179C,1.2477159305746e-09
YPL228W,YBR095C,1.8925040421891026e-05
YPL228W,YLL021W,0.22341510653495789
YPL228W,YDL159W,1.4834834871635394e-07
YPL228W,YNL161W,2.7243384437269924e-08
YPL228W,YNL188W,2.989684389831382e-06
YPL228W,YJL157C,0.002259432338178158
YPL228W,YJL034W,9.662799982379511e-08
YPL228W,YLR238W,6.301418125076452e-06
YPL228W,YPR141C,0.0005773159209638834
YPL228W,YNL127W,0.007948372513055801
YPL228W,YCL055W,3.6401245324668707e-06
YPL228W,YPR122W,0.15276050567626953
YPL228W,YMR065W,0.19391994178295135
YPL228W,YDR356W,6.446168845286593e-05
YPL228W,YMR052W,0.01783035695552826
YPL228W,YFR008W,1.4847723939226398e-08
YPL228W,YLL043W,6.034129995668991e-08
YPL228W,YMR029C,0.004665297456085682
YPL228W,YJR004C,0.0025470268446952105
YPL228W,YDL223C,4.595628348355585e-13
YPL228W,YHR158C,0.024966606870293617
YPL228W,YGR238C,2.2580254608328687e-06
YPL228W,YIL015W,0.004148154053837061
YPL228W,YGL173C,0.28801172971725464
YPL228W,YDL225W,0.009762837551534176
YPL228W,YLR330W,9.03023192222463e-07
YPL228W,YBR129C,6.607690738746896e-05
YPL228W,YKR095W-A,0.2020167112350464
YPL228W,YPR075C,5.691443675459595e-06
YPL228W,YMR198W,0.00039322118391282856
YPL228W,YOR127W,2.3013980054997774e-08
YPL228W,YDR264C,4.780793005920714e-06
YPL228W,YLR110C,0.1622963547706604
YPL228W,YDR379W,0.00015798410458955914
YPL228W,YDL100C,0.9258440136909485
YPL228W,YHR073W,0.9983043670654297
YPL228W,YJR090C,8.17065010778606e-05
YPL228W,YOR208W,1.0066479205761425e-08
YPL228W,YBR040W,0.9991912245750427
YPL228W,YNL279W,0.3977469801902771
YPL228W,YER075C,0.9875403046607971
YPL228W,YCR089W,0.00022057458409108222
YPL228W,YCR002C,0.10365030169487
YPL228W,YJL108C,0.7324607372283936
YPL228W,YBR200W,5.721210527553922e-07
YPL228W,YIL026C,0.45148766040802
YPL228W,YJR076C,3.4782904549501836e-05
YPL228W,YKR031C,0.7358723282814026
YPL228W,YPL192C,3.5788680907700154e-09
YPL228W,YHR107C,1.7621552217406133e-08
YPL228W,YIL037C,0.001038792310282588
YPL228W,YPL156C,0.007900082506239414
YPL228W,YIL117C,0.9999760389328003
YPL228W,YHR066W,6.294265109119124e-09
YPL228W,YML085C,0.9988640546798706
YPL228W,YML047C,0.02735297940671444
YPL228W,YDR312W,2.179810110192193e-07
YPL228W,YFL037W,0.08746711909770966
YPL228W,YDL038C,0.2020167112350464
YPL228W,YDL039C,4.603234568696657e-13
YPL228W,YCL027W,0.2867876887321472
YPL228W,YML124C,8.359887146980327e-07
YPL228W,YGL053W,1.426631168754966e-08
YPL228W,YMR232W,0.0013181688264012337
YPL228W,YNL298W,2.3440721008682885e-07
YPL228W,YGL099W,1.878941091604247e-08
YPL228W,YBL016W,4.225230441079475e-06
YPL228W,YAL041W,0.009623498655855656
YPL228W,YDR085C,1.6962572999545955e-06
YPL228W,YPL187W,0.13759252429008484
YPL228W,YPL256C,6.10968775571763e-11
YPL228W,YDR461W,1.076108128472697e-05
YPL228W,YNL145W,0.0013517733896151185
YMR095C,YDL165W,1.411493144587439e-08
YMR095C,YGR059W,1.2038119834301142e-08
YMR095C,YBR109C,1.0416409956803818e-09
YMR095C,YJL080C,1.9018727565045523e-12
YMR095C,YCR093W,6.388460427331211e-09
YMR095C,YIL122W,0.006857363972812891
YMR095C,YCL029C,2.3924826564325485e-07
YMR095C,YNL173C,0.08524178713560104
YMR095C,YLR452C,1.6298271248160745e-06
YMR095C,YDL160C,0.01891566626727581
YMR095C,YLR229C,1.330196070684154e-18
YMR095C,YML057W,3.5722458324727313e-09
YMR095C,YER149C,0.00018390394689049572
YMR095C,YMR305C,5.521446078127212e-10
YMR095C,YLR433C,0.9507100582122803
YMR095C,YJL073W,1.5244350226595316e-10
YMR095C,YGR279C,1.0147916341062772e-14
YMR095C,YKL190W,6.070706715100016e-10
YMR095C,YGL089C,6.686090792129562e-09
YMR095C,YJL019W,0.04010838270187378
YMR095C,YJL018W,0.00027215463342145085
YMR095C,YNR032C-A,0.0011195121333003044
YMR095C,YGL178W,9.422688549420855e-07
YMR095C,YKL116C,9.737053692634653e-14
YMR095C,YDL214C,7.282096703420393e-07
YMR095C,YLR362W,5.882673634240859e-14
YMR095C,YER068W,1.9593613842516788e-08
YMR095C,YHR084W,0.01155704353004694
YMR095C,YDR392W,0.44011935591697693
YMR095C,YNL053W,3.194965029251762e-05
YMR095C,YGR040W,0.007764066103845835
YMR095C,YDL216C,0.001441196072846651
YMR095C,YOL117W,2.0014313761862468e-08
YMR095C,YJR086W,7.350762359914498e-12
YMR095C,YMR025W,0.7416443228721619
YMR095C,YBR081C,0.27034100890159607
YMR095C,YFL026W,4.072792307852069e-06
YMR095C,YHL007C,1.3880470760341268e-05
YMR095C,YNR044W,0.021303635090589523
YMR095C,YNL271C,2.1663715870090527e-06
YMR095C,YDR200C,0.000612709962297231
YMR095C,YKL178C,7.51505431253463e-05
YMR095C,YOR212W,1.6811150995582613e-14
YMR095C,YOL111C,7.169475516738411e-13
YMR095C,YGL032C,2.7666473556564597e-07
YMR095C,YHR005C,8.186303546153795e-08
YMR095C,YDR103W,4.1401395378670713e-07
YMR095C,YJR084W,8.201909706961885e-10
YMR095C,YCL032W,5.2709292504005134e-05
YMR095C,YJL170C,8.491862502069125e-08
YMR095C,YDR179C,2.6987876481143758e-05
YMR095C,YBR095C,1.861466003560963e-08
YMR095C,YLL021W,1.581890441391693e-14
YMR095C,YDL159W,5.4436533236570505e-15
YMR095C,YNL161W,4.676017351101791e-10
YMR095C,YNL188W,7.347990271799887e-11
YMR095C,YJL157C,3.60049316749933e-11
YMR095C,YJL034W,3.6175232948076896e-11
YMR095C,YLR238W,3.858221316477284e-05
YMR095C,YPR141C,3.473605300965965e-12
YMR095C,YNL127W,7.982060310496308e-07
YMR095C,YCL055W,2.165913315366197e-08
YMR095C,YPR122W,1.8180451588634128e-10
YMR095C,YMR065W,9.958130249287933e-05
YMR095C,YDR356W,9.828238034970127e-06
YMR095C,YMR052W,0.0010915898019447923
YMR095C,YFR008W,1.4314388181446702e-06
YMR095C,YLL043W,0.0009314282797276974
YMR095C,YMR029C,2.0012819732073694e-05
YMR095C,YJR004C,2.712628486278845e-07
YMR095C,YDL223C,4.75734759675106e-06
YMR095C,YHR158C,0.0034178798086941242
YMR095C,YGR238C,5.874574559309098e-15
YMR095C,YIL015W,6.47479347914981e-10
YMR095C,YGL173C,1.1966749341668984e-14
YMR095C,YDL225W,0.0009764136048033834
YMR095C,YLR330W,6.807058525737375e-05
YMR095C,YBR129C,9.937938472148744e-08
YMR095C,YKR095W-A,0.2020167112350464
YMR095C,YPR075C,3.1687694135307254e-11
YMR095C,YMR198W,0.003687723306939006
YMR095C,YOR127W,0.0001305462938034907
YMR095C,YDR264C,2.5594968633413373e-07
YMR095C,YLR110C,2.353577201574808e-06
YMR095C,YDR379W,1.410251684319519e-07
YMR095C,YDL100C,5.148084649547746e-14
YMR095C,YHR073W,2.111316348418768e-07
YMR095C,YJR090C,4.938585334457457e-06
YMR095C,YOR208W,3.946318560323905e-16
YMR095C,YBR040W,0.0002940076228696853
YMR095C,YNL279W,1.0321500321097687e-09
YMR095C,YER075C,2.0823425449234545e-12
YMR095C,YCR089W,0.0005094973021186888
YMR095C,YCR002C,2.61065735002175e-12
YMR095C,YJL108C,1.0825822904791949e-08
YMR095C,YBR200W,2.6000290745287202e-05
YMR095C,YIL026C,0.001549739157781005
YMR095C,YJR076C,1.73745805069625e-12
YMR095C,YKR031C,1.0160461982877678e-07
YMR095C,YPL192C,0.24732951819896698
YMR095C,YHR107C,8.949700008864525e-11
YMR095C,YIL037C,2.5312131128885085e-06
YMR095C,YPL156C,0.0018723480170592666
YMR095C,YIL117C,1.6140122007998747e-12
YMR095C,YHR066W,1.7260714071151012e-13
YMR095C,YML085C,2.239822351435229e-15
YMR095C,YML047C,0.9805938601493835
YMR095C,YDR312W,5.909754294004116e-14
YMR095C,YFL037W,2.0738821771004723e-10
YMR095C,YDL038C,0.2020167112350464
YMR095C,YDL039C,2.833402623636516e-09
YMR095C,YCL027W,3.559933929864201e-07
YMR095C,YML124C,3.087471112106499e-10
YMR095C,YGL053W,0.0016585837583988905
YMR095C,YMR232W,0.018261384218931198
YMR095C,YNL298W,0.00014470347377937287
YMR095C,YGL099W,2.976280788664909e-13
YMR095C,YBL016W,9.181616042042151e-05
YMR095C,YAL041W,0.0012332381447777152
YMR095C,YDR085C,2.999574277851025e-08
YMR095C,YPL187W,2.9701325274800183e-06
YMR095C,YPL256C,4.496869022985184e-12
YMR095C,YDR461W,1.295692527492065e-05
YMR095C,YNL145W,1.2702092849758984e-11
YNL101W,YDL165W,0.09225091338157654
YNL101W,YGR059W,4.8456843870781086e-08
YNL101W,YBR109C,0.0026926950085908175
YNL101W,YJL080C,0.014541713520884514
YNL101W,YCR093W,0.9987524747848511
YNL101W,YIL122W,8.198316936613992e-05
YNL101W,YCL029C,4.578263178700581e-05
YNL101W,YNL173C,0.008096246048808098
YNL101W,YLR452C,0.867845356464386
YNL101W,YDL160C,0.06878089159727097
YNL101W,YLR229C,0.0017744798678904772
YNL101W,YML057W,0.0001802818733267486
YNL101W,YER149C,0.0014913248596712947
YNL101W,YMR305C,2.145289954569307e-06
YNL101W,YLR433C,0.0007521215593442321
YNL101W,YJL073W,4.744396708996051e-16
YNL101W,YGR279C,2.1891715870636652e-12
YNL101W,YKL190W,9.175542072625831e-05
YNL101W,YGL089C,0.0007528573041781783
YNL101W,YJL019W,0.8518989682197571
YNL101W,YJL018W,0.00043262983672320843
YNL101W,YNR032C-A,0.8813466429710388
YNL101W,YGL178W,2.5698365789139643e-05
YNL101W,YKL116C,0.025852272287011147
YNL101W,YDL214C,0.0994642823934555
YNL101W,YLR362W,0.001431299839168787
YNL101W,YER068W,0.05229402333498001
YNL101W,YHR084W,0.0015708907740190625
YNL101W,YDR392W,3.4242281319457613e-13
YNL101W,YNL053W,0.008387327194213867
YNL101W,YGR040W,0.05498899519443512
YNL101W,YDL216C,5.888503462614381e-09
YNL101W,YOL117W,2.220615215264843e-06
YNL101W,YJR086W,1.567375396138715e-10
YNL101W,YMR025W,1.1412119027554013e-09
YNL101W,YBR081C,0.4186088442802429
YNL101W,YFL026W,0.004659895785152912
YNL101W,YHL007C,0.02029888518154621
YNL101W,YNR044W,1.9720958199798133e-10
YNL101W,YNL271C,2.6483610859884266e-09
YNL101W,YDR200C,7.40988742126093e-15
YNL101W,YKL178C,1.6128185009733897e-08
YNL101W,YOR212W,1.1499979857276799e-09
YNL101W,YOL111C,1.7490318476894024e-16
YNL101W,YGL032C,3.4769469493767247e-05
YNL101W,YHR005C,2.617571226437576e-07
YNL101W,YDR103W,0.01715913787484169
YNL101W,YJR084W,2.2291619643510785e-06
YNL101W,YCL032W,1.923310810525436e-05
YNL101W,YJL170C,0.009751848876476288
YNL101W,YDR179C,3.658439950982029e-08
YNL101W,YBR095C,7.34763989385101e-06
YNL101W,YLL021W,0.00016554919420741498
YNL101W,YDL159W,2.1463765733642504e-06
YNL101W,YNL161W,5.350127685233019e-05
YNL101W,YNL188W,6.898043011460686e-06
YNL101W,YJL157C,0.00012724708358291537
YNL101W,YJL034W,2.3317111391487804e-17
YNL101W,YLR238W,8.466981853416655e-06
YNL101W,YPR141C,4.486567206640757e-07
YNL101W,YNL127W,1.8358987219357914e-08
YNL101W,YCL055W,5.018859883421101e-05
YNL101W,YPR122W,0.8283587098121643
YNL101W,YMR065W,0.0002795670588966459
YNL101W,YDR356W,9.419455532540436e-18
YNL101W,YMR052W,3.070317611264528e-10
YNL101W,YFR008W,1.3707767720916308e-06
YNL101W,YLL043W,0.4440743923187256
YNL101W,YMR029C,1.721016396061259e-08
YNL101W,YJR004C,4.046116373501718e-05
YNL101W,YDL223C,1.3001807928958442e-05
YNL101W,YHR158C,1.9641076960397186e-06
YNL101W,YGR238C,5.237587794026943e-11
YNL101W,YIL015W,0.9832959771156311
YNL101W,YGL173C,2.3348460672423244e-05
YNL101W,YDL225W,2.002835373104972e-07
YNL101W,YLR330W,1.4841587017144775e-06
YNL101W,YBR129C,5.485862875076464e-09
YNL101W,YKR095W-A,0.2020167112350464
YNL101W,YPR075C,6.467736056947615e-06
YNL101W,YMR198W,7.380004385382222e-10
YNL101W,YOR127W,4.74643093184568e-06
YNL101W,YDR264C,2.0630884023375984e-07
YNL101W,YLR110C,5.983871818188158e-12
YNL101W,YDR379W,0.9841556549072266
YNL101W,YDL100C,0.06321723759174347
YNL101W,YHR073W,0.9996393918991089
YNL101W,YJR090C,4.525845724856481e-07
YNL101W,YOR208W,0.2886042892932892
YNL101W,YBR040W,0.3120429217815399
YNL101W,YNL279W,6.853434024378657e-05
YNL101W,YER075C,0.999992847442627
YNL101W,YCR089W,0.0010266926838085055
YNL101W,YCR002C,0.03148331865668297
YNL101W,YJL108C,5.9600555687211454e-05
YNL101W,YBR200W,0.0006062238826416433
YNL101W,YIL026C,0.24924199283123016
YNL101W,YJR076C,3.414571665416588e-07
YNL101W,YKR031C,4.91827231599018e-05
YNL101W,YPL192C,4.538999201031402e-05
YNL101W,YHR107C,0.00022745158639736474
YNL101W,YIL037C,0.020939283072948456
YNL101W,YPL156C,0.00018380033725406975
YNL101W,YIL117C,0.13244201242923737
YNL101W,YHR066W,1.522010382309924e-12
YNL101W,YML085C,1.597288701304933e-07
YNL101W,YML047C,0.0848889872431755
YNL101W,YDR312W,4.284104306861991e-06
YNL101W,YFL037W,0.4459892511367798
YNL101W,YDL038C,0.2020167112350464
YNL101W,YDL039C,3.0096233838428077e-10
YNL101W,YCL027W,0.26850172877311707
YNL101W,YML124C,7.157980235206196e-07
YNL101W,YGL053W,8.621318556834012e-07
YNL101W,YMR232W,0.00029976607766002417
YNL101W,YNL298W,0.8564836978912354
YNL101W,YGL099W,5.876181603525765e-05
YNL101W,YBL016W,1.6344578170901514e-06
YNL101W,YAL041W,0.14352667331695557
YNL101W,YDR085C,0.2765359580516815
YNL101W,YPL187W,1.0521188897882894e-07
YNL101W,YPL256C,0.00015098995936568826
YNL101W,YDR461W,0.03162292391061783
YNL101W,YNL145W,2.7876606623067346e-07
YGR109W-B,YDL165W,0.0016630904283374548
YGR109W-B,YGR059W,0.00035298115108162165
YGR109W-B,YBR109C,0.009199759922921658
YGR109W-B,YJL080C,0.00034757566754706204
YGR109W-B,YCR093W,0.0012882695300504565
YGR109W-B,YIL122W,0.003001783275976777
YGR109W-B,YCL029C,0.0031541609205305576
YGR109W-B,YNL173C,5.157056148163974e-05
YGR109W-B,YLR452C,0.003054544795304537
YGR109W-B,YDL160C,0.000523537106346339
YGR109W-B,YLR229C,0.0012348343152552843
YGR109W-B,YML057W,6.6718971538648475e-06
YGR109W-B,YER149C,0.0014716204022988677
YGR109W-B,YMR305C,7.240118975460064e-07
YGR109W-B,YLR433C,0.001484024804085493
YGR109W-B,YJL073W,0.0011440656380727887
YGR109W-B,YGR279C,0.0019655022770166397
YGR109W-B,YKL190W,0.0019292293582111597
YGR109W-B,YGL089C,0.00015211336722131819
YGR109W-B,YJL019W,0.0031361072324216366
YGR109W-B,YJL018W,0.2020167112350464
YGR109W-B,YNR032C-A,0.0017060821410268545
YGR109W-B,YGL178W,9.447300897136302e-08
YGR109W-B,YKL116C,4.0690309106139466e-05
YGR109W-B,YDL214C,0.0018178143072873354
YGR109W-B,YLR362W,9.15026157599641e-06
YGR109W-B,YER068W,4.418165644892724e-06
YGR109W-B,YHR084W,6.530576501972973e-05
YGR109W-B,YDR392W,0.0005743554793298244
YGR109W-B,YNL053W,0.00466827442869544
YGR109W-B,YGR040W,0.002379898214712739
YGR109W-B,YDL216C,0.0001582885452080518
YGR109W-B,YOL117W,0.00012071316450601444
YGR109W-B,YJR086W,0.0031991926953196526
YGR109W-B,YMR025W,0.0009397693211212754
YGR109W-B,YBR081C,0.001925216638483107
YGR109W-B,YFL026W,0.003707659663632512
YGR109W-B,YHL007C,0.0023450637236237526
YGR109W-B,YNR044W,0.00040794003871269524
YGR109W-B,YNL271C,8.80750230862759e-05
YGR109W-B,YDR200C,0.0008715637377463281
YGR109W-B,YKL178C,2.4710436264285818e-05
YGR109W-B,YOR212W,0.0010141442762687802
YGR109W-B,YOL111C,0.0001695717073744163
YGR109W-B,YGL032C,0.00169827276840806
YGR109W-B,YHR005C,0.005933183711022139
YGR109W-B,YDR103W,0.0022598612122237682
YGR109W-B,YJR084W,0.00018080417066812515
YGR109W-B,YCL032W,4.8203484766418114e-05
YGR109W-B,YJL170C,0.00041159376269206405
YGR109W-B,YDR179C,5.8828423789236695e-05
YGR109W-B,YBR095C,0.000403081183321774
YGR109W-B,YLL021W,0.003386780386790633
YGR109W-B,YDL159W,0.00015690304280724376
YGR109W-B,YNL161W,0.0007243182044476271
YGR109W-B,YNL188W,0.0011808297131210566
YGR109W-B,YJL157C,0.001973588252440095
YGR109W-B,YJL034W,0.0009723025723360479
YGR109W-B,YLR238W,6.52508606435731e-05
YGR109W-B,YPR141C,0.0006062510656192899
YGR109W-B,YNL127W,0.0005795619799755514
YGR109W-B,YCL055W,5.502542990143411e-05
YGR109W-B,YPR122W,0.00040892165270633996
YGR109W-B,YMR065W,8.707091910764575e-05
YGR109W-B,YDR356W,0.00043310000910423696
YGR109W-B,YMR052W,0.004892868921160698
YGR109W-B,YFR008W,0.0008404972031712532
YGR109W-B,YLL043W,0.0007371334359049797
YGR109W-B,YMR029C,0.0010772347450256348
YGR109W-B,YJR004C,2.0393345039337873e-05
YGR109W-B,YDL223C,0.005825068801641464
YGR109W-B,YHR158C,0.0003548643726389855
YGR109W-B,YGR238C,6.40734433545731e-05
YGR109W-B,YIL015W,0.00330972857773304
YGR109W-B,YGL173C,0.0003633336746133864
YGR109W-B,YDL225W,0.0008961555431596935
YGR109W-B,YLR330W,0.000794362451415509
YGR109W-B,YBR129C,0.0003382991999387741
YGR109W-B,YKR095W-A,0.2020167112350464
YGR109W-B,YPR075C,8.587461343267933e-05
YGR109W-B,YMR198W,0.001003245241008699
YGR109W-B,YOR127W,0.0010351573582738638
YGR109W-B,YDR264C,3.4733944630715996e-05
YGR109W-B,YLR110C,9.745912393555045e-05
YGR109W-B,YDR379W,0.0015406067250296474
YGR109W-B,YDL100C,0.0006979290046729147
YGR109W-B,YHR073W,0.00033908046316355467
YGR109W-B,YJR090C,4.564004484564066e-05
YGR109W-B,YOR208W,0.0004708461638074368
YGR109W-B,YBR040W,0.0027068378403782845
YGR109W-B,YNL279W,1.775413693394512e-05
YGR109W-B,YER075C,4.1481704101897776e-05
YGR109W-B,YCR089W,0.00030029064510017633
YGR109W-B,YCR002C,0.0026550740003585815
YGR109W-B,YJL108C,0.00027501731528900564
YGR109W-B,YBR200W,0.000334951066179201
YGR109W-B,YIL026C,4.260311925463611e-08
YGR109W-B,YJR076C,0.0036934828385710716
YGR109W-B,YKR031C,0.0006225959514267743
YGR109W-B,YPL192C,0.005778684746474028
YGR109W-B,YHR107C,2.635121518324013e-06
YGR109W-B,YIL037C,0.0008401769446209073
YGR109W-B,YPL156C,0.0017517146188765764
YGR109W-B,YIL117C,0.0007351835374720395
YGR109W-B,YHR066W,1.9468394384603016e-05
YGR109W-B,YML085C,0.0038101421669125557
YGR109W-B,YML047C,0.002566904528066516
YGR109W-B,YDR312W,3.25989858538378e-05
YGR109W-B,YFL037W,0.0006846298929303885
YGR109W-B,YDL038C,0.2020167112350464
YGR109W-B,YDL039C,0.0013526271795853972
YGR109W-B,YCL027W,0.0002728134277276695
YGR109W-B,YML124C,0.000877913145814091
YGR109W-B,YGL053W,7.87380340625532e-05
YGR109W-B,YMR232W,0.00043461311724968255
YGR109W-B,YNL298W,0.0010779512813314795
YGR109W-B,YGL099W,4.53395568911219e-06
YGR109W-B,YBL016W,9.933840919984505e-05
YGR109W-B,YAL041W,0.00010471309360582381
YGR109W-B,YDR085C,5.372556915972382e-05
YGR109W-B,YPL187W,0.0030503629241138697
YGR109W-B,YPL256C,2.486036464688368e-05
YGR109W-B,YDR461W,8.156675903592259e-05
YGR109W-B,YNL145W,0.006287634372711182
YGL255W,YDL165W,4.836398482963832e-18
YGL255W,YGR059W,5.429984071270155e-07
YGL255W,YBR109C,1.0833785257791106e-10
YGL255W,YJL080C,2.713702700052334e-11
YGL255W,YCR093W,3.387734884285898e-11
YGL255W,YIL122W,1.9568158535600635e-14
YGL255W,YCL029C,3.21586173293023e-21
YGL255W,YNL173C,1.3221062959921736e-19
YGL255W,YLR452C,3.170766657055452e-21
YGL255W,YDL160C,8.322759094880894e-05
YGL255W,YLR229C,1.9265521142500182e-21
YGL255W,YML057W,1.8060341860665785e-22
YGL255W,YER149C,3.8546357945812293e-13
YGL255W,YMR305C,2.7781172504205433e-24
YGL255W,YLR433C,2.6281922601775753e-13
YGL255W,YJL073W,4.314076988976012e-07
YGL255W,YGR279C,4.948188560283118e-12
YGL255W,YKL190W,3.291998834989429e-13
YGL255W,YGL089C,1.4584812561634726e-15
YGL255W,YJL019W,2.3662111914291017e-07
YGL255W,YJL018W,0.20009098947048187
YGL255W,YNR032C-A,2.0750016119563952e-05
YGL255W,YGL178W,2.5683690182631835e-05
YGL255W,YKL116C,0.004103133454918861
YGL255W,YDL214C,1.7919315337122654e-11
YGL255W,YLR362W,1.1412002900556672e-14
YGL255W,YER068W,3.4115471558848753e-10
YGL255W,YHR084W,6.590213214686469e-15
YGL255W,YDR392W,7.31601357186612e-13
YGL255W,YNL053W,7.584161062026713e-15
YGL255W,YGR040W,6.497847832714898e-12
YGL255W,YDL216C,7.038580829288321e-11
YGL255W,YOL117W,6.72745747998249e-10
YGL255W,YJR086W,4.229113194083138e-14
YGL255W,YMR025W,8.004617801926628e-12
YGL255W,YBR081C,7.66041535760209e-11
YGL255W,YFL026W,3.790827769284367e-15
YGL255W,YHL007C,9.585042830579792e-16
YGL255W,YNR044W,7.800811035706231e-19
YGL255W,YNL271C,8.255347712882309e-18
YGL255W,YDR200C,2.002338995565206e-13
YGL255W,YKL178C,1.1628871021684972e-07
YGL255W,YOR212W,1.950406207794845e-22
YGL255W,YOL111C,3.70701415607262e-22
YGL255W,YGL032C,1.2498959115966879e-12
YGL255W,YHR005C,5.108951483345637e-20
YGL255W,YDR103W,1.2484758235911664e-12
YGL255W,YJR084W,1.703092094434977e-12
YGL255W,YCL032W,1.004370740222138e-13
YGL255W,YJL170C,5.593284949784172e-12
YGL255W,YDR179C,5.1695700165055314e-08
YGL255W,YBR095C,5.743040591699167e-13
YGL255W,YLL021W,4.3815035155603255e-08
YGL255W,YDL159W,1.3922295154027934e-14
YGL255W,YNL161W,5.578717826235091e-13
YGL255W,YNL188W,3.0312504086758445e-21
YGL255W,YJL157C,9.419967755862953e-16
YGL255W,YJL034W,0.0006040616426616907
YGL255W,YLR238W,1.1489624152810109e-14
YGL255W,YPR141C,1.1110157627604918e-14
YGL255W,YNL127W,1.2271580405759808e-14
YGL255W,YCL055W,1.3503707990291691e-18
YGL255W,YPR122W,1.0279944226819137e-17
YGL255W,YMR065W,3.5965171812923913e-12
YGL255W,YDR356W,4.469889702818364e-08
YGL255W,YMR052W,5.84613358157321e-13
YGL255W,YFR008W,1.501620709411005e-20
YGL255W,YLL043W,1.0849899867437784e-09
YGL255W,YMR029C,2.312171992497475e-13
YGL255W,YJR004C,1.7225108263167093e-19
YGL255W,YDL223C,6.927921777921675e-12
YGL255W,YHR158C,5.3108342399355024e-05
YGL255W,YGR238C,1.0164820096747462e-08
YGL255W,YIL015W,7.206106328986358e-17
YGL255W,YGL173C,4.852184827907713e-16
YGL255W,YDL225W,4.9976487581510154e-21
YGL255W,YLR330W,2.726096958579773e-18
YGL255W,YBR129C,3.0288390657147402e-18
YGL255W,YKR095W-A,0.2020167112350464
YGL255W,YPR075C,6.721672260058029e-25
YGL255W,YMR198W,4.6878184889465047e-08
YGL255W,YOR127W,5.663299818662547e-19
YGL255W,YDR264C,5.261842894878993e-21
YGL255W,YLR110C,1.5251874416200017e-11
YGL255W,YDR379W,8.998773948221128e-11
YGL255W,YDL100C,1.6910136959864645e-14
YGL255W,YHR073W,1.824241375457602e-18
YGL255W,YJR090C,8.748184815443594e-11
YGL255W,YOR208W,6.778862165928738e-18
YGL255W,YBR040W,1.2760894229323083e-13
YGL255W,YNL279W,1.3495784220408893e-17
YGL255W,YER075C,6.082524959508291e-15
YGL255W,YCR089W,2.877115819321947e-17
YGL255W,YCR002C,5.502147041735513e-24
YGL255W,YJL108C,0.00021172499691601843
YGL255W,YBR200W,1.0773626435423012e-08
YGL255W,YIL026C,2.7105756333044295e-13
YGL255W,YJR076C,2.497326304902973e-18
YGL255W,YKR031C,9.625587653327994e-12
YGL255W,YPL192C,2.1269067450471426e-16
YGL255W,YHR107C,2.25741814574576e-06
YGL255W,YIL037C,5.554205099317366e-12
YGL255W,YPL156C,1.5654319886274044e-23
YGL255W,YIL117C,1.0195199573063079e-17
YGL255W,YHR066W,1.6234734738527127e-18
YGL255W,YML085C,9.664547384602429e-09
YGL255W,YML047C,5.227189376455499e-06
YGL255W,YDR312W,3.667247441049154e-13
YGL255W,YFL037W,1.4725857866437764e-08
YGL255W,YDL038C,0.2020167112350464
YGL255W,YDL039C,1.542949524657028e-13
YGL255W,YCL027W,1.1617302511147433e-14
YGL255W,YML124C,3.5337982948877895e-18
YGL255W,YGL053W,5.937528388679129e-28
YGL255W,YMR232W,5.41184319580168e-10
YGL255W,YNL298W,5.836926786996229e-18
YGL255W,YGL099W,1.108249967253646e-17
YGL255W,YBL016W,1.1978588242900791e-20
YGL255W,YAL041W,4.406851035490558e-18
YGL255W,YDR085C,6.224218324990885e-14
YGL255W,YPL187W,3.490098292834032e-14
YGL255W,YPL256C,7.03897500967025e-21
YGL255W,YDR461W,3.6057593022498224e-10
YGL255W,YNL145W,1.9654098227378514e-12
YDL005C,YDL165W,0.9478650093078613
YDL005C,YGR059W,1.051114111305651e-07
YDL005C,YBR109C,0.007941261865198612
YDL005C,YJL080C,0.9859567880630493
YDL005C,YCR093W,0.9094930291175842
YDL005C,YIL122W,0.06725765764713287
YDL005C,YCL029C,4.583961248777468e-12
YDL005C,YNL173C,0.0013652860652655363
YDL005C,YLR452C,0.9719316363334656
YDL005C,YDL160C,0.9882407188415527
YDL005C,YLR229C,2.2448617964521134e-10
YDL005C,YML057W,1.0303163877622978e-10
YDL005C,YER149C,0.9609736204147339
YDL005C,YMR305C,7.215120422188193e-05
YDL005C,YLR433C,0.9244216680526733
YDL005C,YJL073W,0.014256728813052177
YDL005C,YGR279C,0.06159909442067146
YDL005C,YKL190W,0.5175209045410156
YDL005C,YGL089C,0.00016972215962596238
YDL005C,YJL019W,0.010871006175875664
YDL005C,YJL018W,0.0006329301977530122
YDL005C,YNR032C-A,0.5518917441368103
YDL005C,YGL178W,0.05974707752466202
YDL005C,YKL116C,7.720221219642553e-06
YDL005C,YDL214C,7.973396520810638e-08
YDL005C,YLR362W,0.0004022021603304893
YDL005C,YER068W,0.0010965123074129224
YDL005C,YHR084W,1.8788375655276468e-06
YDL005C,YDR392W,0.07414378970861435
YDL005C,YNL053W,0.06208966672420502
YDL005C,YGR040W,0.9954223036766052
YDL005C,YDL216C,0.0007653790526092052
YDL005C,YOL117W,0.003664578776806593
YDL005C,YJR086W,0.015310430899262428
YDL005C,YMR025W,0.00015882283332757652
YDL005C,YBR081C,0.0004061785584781319
YDL005C,YFL026W,0.17759086191654205
YDL005C,YHL007C,0.028994768857955933
YDL005C,YNR044W,5.144359960240763e-08
YDL005C,YNL271C,0.9999407529830933
YDL005C,YDR200C,0.09021453559398651
YDL005C,YKL178C,0.9904216527938843
YDL005C,YOR212W,0.7669346332550049
YDL005C,YOL111C,2.0013634846605122e-11
YDL005C,YGL032C,0.0005913269706070423
YDL005C,YHR005C,0.2427472174167633
YDL005C,YDR103W,2.6131035113508005e-08
YDL005C,YJR084W,0.025325901806354523
YDL005C,YCL032W,0.00020275484712328762
YDL005C,YJL170C,0.8984612226486206
YDL005C,YDR179C,0.022933023050427437
YDL005C,YBR095C,1.3292082030602614e-06
YDL005C,YLL021W,0.007990718819200993
YDL005C,YDL159W,4.7168956740506474e-08
YDL005C,YNL161W,0.9614090323448181
YDL005C,YNL188W,0.00038227406912483275
YDL005C,YJL157C,0.919090211391449
YDL005C,YJL034W,1.134531615321066e-07
YDL005C,YLR238W,0.00020935703651048243
YDL005C,YPR141C,0.9545334577560425
YDL005C,YNL127W,0.016097163781523705
YDL005C,YCL055W,1.563338763999056e-10
YDL005C,YPR122W,0.999982476234436
YDL005C,YMR065W,2.1264049792080186e-05
YDL005C,YDR356W,6.502693494780942e-09
YDL005C,YMR052W,0.015292712487280369
YDL005C,YFR008W,0.0008088532485999167
YDL005C,YLL043W,0.005431593395769596
YDL005C,YMR029C,2.643353582243435e-05
YDL005C,YJR004C,1.0071033784697647e-07
YDL005C,YDL223C,0.0006802366115152836
YDL005C,YHR158C,0.013951906003057957
YDL005C,YGR238C,0.0001926985860336572
YDL005C,YIL015W,0.6239010691642761
YDL005C,YGL173C,0.5735193490982056
YDL005C,YDL225W,0.0067593930289149284
YDL005C,YLR330W,2.424836509362649e-07
YDL005C,YBR129C,0.6226457953453064
YDL005C,YKR095W-A,0.2020167112350464
YDL005C,YPR075C,4.471053527410618e-10
YDL005C,YMR198W,0.2680669128894806
YDL005C,YOR127W,0.5701881647109985
YDL005C,YDR264C,0.25937557220458984
YDL005C,YLR110C,0.011182944290339947
YDL005C,YDR379W,0.9815511703491211
YDL005C,YDL100C,0.003216453827917576
YDL005C,YHR073W,6.623636750191508e-07
YDL005C,YJR090C,2.2192869437276386e-05
YDL005C,YOR208W,0.00013422507618088275
YDL005C,YBR040W,0.012452849186956882
YDL005C,YNL279W,0.7298956513404846
YDL005C,YER075C,2.9341770641622134e-05
YDL005C,YCR089W,1.0819529961736407e-05
YDL005C,YCR002C,0.44349467754364014
YDL005C,YJL108C,0.702444314956665
YDL005C,YBR200W,9.78615677382777e-09
YDL005C,YIL026C,0.024157177656888962
YDL005C,YJR076C,0.00012039404828101397
YDL005C,YKR031C,0.995164155960083
YDL005C,YPL192C,0.00641988217830658
YDL005C,YHR107C,5.039045208832249e-05
YDL005C,YIL037C,4.430658373166807e-05
YDL005C,YPL156C,0.9978417158126831
YDL005C,YIL117C,0.001543006394058466
YDL005C,YHR066W,5.464271743416127e-11
YDL005C,YML085C,0.005305162630975246
YDL005C,YML047C,6.358955488394713e-06
YDL005C,YDR312W,0.0011282165069133043
YDL005C,YFL037W,1.8476903278497048e-05
YDL005C,YDL038C,0.2020167112350464
YDL005C,YDL039C,2.6969768640583425e-09
YDL005C,YCL027W,9.254872566089034e-06
YDL005C,YML124C,1.2303151553094693e-10
YDL005C,YGL053W,3.258136348449625e-05
YDL005C,YMR232W,6.656709850005882e-09
YDL005C,YNL298W,2.2773223463445902e-05
YDL005C,YGL099W,1.2741315003950149e-05
YDL005C,YBL016W,7.334970746342151e-07
YDL005C,YAL041W,4.905400419374928e-05
YDL005C,YDR085C,3.484501939965412e-05
YDL005C,YPL187W,2.1024237867095508e-05
YDL005C,YPL256C,0.0004258384869899601
YDL005C,YDR461W,4.505110950958624e-08
YDL005C,YNL145W,5.180422704142984e-07
YPL007C,YDL165W,8.592459721512569e-07
YPL007C,YGR059W,0.2437925785779953
YPL007C,YBR109C,0.0030242300126701593
YPL007C,YJL080C,0.992938220500946
YPL007C,YCR093W,0.0073449574410915375
YPL007C,YIL122W,0.8655912280082703
YPL007C,YCL029C,8.478878044115845e-09
YPL007C,YNL173C,0.00451414892449975
YPL007C,YLR452C,8.096601959550753e-05
YPL007C,YDL160C,2.434067027934361e-07
YPL007C,YLR229C,4.956093107466586e-05
YPL007C,YML057W,2.497277051816127e-08
YPL007C,YER149C,0.006265691015869379
YPL007C,YMR305C,2.8382474148713754e-10
YPL007C,YLR433C,0.02655849978327751
YPL007C,YJL073W,3.115751923132848e-08
YPL007C,YGR279C,0.19497044384479523
YPL007C,YKL190W,1.2844106915467935e-14
YPL007C,YGL089C,2.598053185920435e-07
YPL007C,YJL019W,0.0005529673071578145
YPL007C,YJL018W,0.011597296223044395
YPL007C,YNR032C-A,0.0002449419698677957
YPL007C,YGL178W,3.910476516466588e-05
YPL007C,YKL116C,1.4163456398819108e-06
YPL007C,YDL214C,0.8515853881835938
YPL007C,YLR362W,0.00012470484944060445
YPL007C,YER068W,0.8449832201004028
YPL007C,YHR084W,0.48146340250968933
YPL007C,YDR392W,0.050707925111055374
YPL007C,YNL053W,1.4001654562889598e-05
YPL007C,YGR040W,7.528167600412417e-08
YPL007C,YDL216C,0.9391858577728271
YPL007C,YOL117W,0.012916459701955318
YPL007C,YJR086W,5.327795406628866e-06
YPL007C,YMR025W,1.1888322326569778e-08
YPL007C,YBR081C,0.640689492225647
YPL007C,YFL026W,7.455294507963117e-06
YPL007C,YHL007C,0.011476373299956322
YPL007C,YNR044W,6.938411650780907e-11
YPL007C,YNL271C,0.021969523280858994
YPL007C,YDR200C,0.00015986770449671894
YPL007C,YKL178C,0.029978089034557343
YPL007C,YOR212W,4.249598077876726e-06
YPL007C,YOL111C,7.77367313276045e-06
YPL007C,YGL032C,1.822977878873644e-06
YPL007C,YHR005C,4.264978633727878e-05
YPL007C,YDR103W,2.4357907477678964e-06
YPL007C,YJR084W,6.1213418121042196e-06
YPL007C,YCL032W,0.9958760142326355
YPL007C,YJL170C,0.9929634928703308
YPL007C,YDR179C,3.833405571640469e-06
YPL007C,YBR095C,0.8990271091461182
YPL007C,YLL021W,0.0008011605241335928
YPL007C,YDL159W,1.2901511803331545e-10
YPL007C,YNL161W,1.06120956466782e-09
YPL007C,YNL188W,2.017090316996928e-08
YPL007C,YJL157C,0.0002675858559086919
YPL007C,YJL034W,0.00011858279322041199
YPL007C,YLR238W,1.9949060515500605e-05
YPL007C,YPR141C,0.0008161133737303317
YPL007C,YNL127W,0.00020566984312608838
YPL007C,YCL055W,0.0001880305353552103
YPL007C,YPR122W,6.495026900665835e-05
YPL007C,YMR065W,0.2781245708465576
YPL007C,YDR356W,8.137850818457082e-05
YPL007C,YMR052W,0.00030849804170429707
YPL007C,YFR008W,0.0005184245528653264
YPL007C,YLL043W,0.027812527492642403
YPL007C,YMR029C,7.471718959095597e-07
YPL007C,YJR004C,2.907983021049887e-10
YPL007C,YDL223C,6.279990338953212e-05
YPL007C,YHR158C,2.686571860976983e-06
YPL007C,YGR238C,7.541282684542239e-06
YPL007C,YIL015W,0.003128225216642022
YPL007C,YGL173C,0.1760551929473877
YPL007C,YDL225W,0.001127774827182293
YPL007C,YLR330W,0.0012417654506862164
YPL007C,YBR129C,0.0003408089396543801
YPL007C,YKR095W-A,0.2020167112350464
YPL007C,YPR075C,0.0013048110995441675
YPL007C,YMR198W,0.04749070107936859
YPL007C,YOR127W,0.027765030041337013
YPL007C,YDR264C,2.0664588191721123e-06
YPL007C,YLR110C,0.011751570738852024
YPL007C,YDR379W,0.9850201606750488
YPL007C,YDL100C,1.0340794610528742e-16
YPL007C,YHR073W,4.7680805437266827e-07
YPL007C,YJR090C,2.186171776941137e-08
YPL007C,YOR208W,5.591141598415561e-05
YPL007C,YBR040W,0.21836766600608826
YPL007C,YNL279W,0.04051368311047554
YPL007C,YER075C,3.9217091827117335e-15
YPL007C,YCR089W,7.33920515472164e-08
YPL007C,YCR002C,0.7211801409721375
YPL007C,YJL108C,0.00031740227132104337
YPL007C,YBR200W,3.1641895930079045e-06
YPL007C,YIL026C,0.9135936498641968
YPL007C,YJR076C,6.054154368939635e-07
YPL007C,YKR031C,0.004812718369066715
YPL007C,YPL192C,0.5643581748008728
YPL007C,YHR107C,0.01467202790081501
YPL007C,YIL037C,0.00013213216152507812
YPL007C,YPL156C,0.9985761642456055
YPL007C,YIL117C,1.1423611362415542e-10
YPL007C,YHR066W,2.0460185195386726e-13
YPL007C,YML085C,0.007668936159461737
YPL007C,YML047C,0.9896032214164734
YPL007C,YDR312W,1.070648139034347e-07
YPL007C,YFL037W,0.00019184152188245207
YPL007C,YDL038C,0.2020167112350464
YPL007C,YDL039C,1.7495833162683994e-05
YPL007C,YCL027W,2.4621473130537197e-05
YPL007C,YML124C,3.6839772121766146e-08
YPL007C,YGL053W,0.03940432146191597
YPL007C,YMR232W,0.6415327787399292
YPL007C,YNL298W,1.856399467214942e-05
YPL007C,YGL099W,7.022319392646637e-10
YPL007C,YBL016W,6.872047418962635e-14
YPL007C,YAL041W,5.608935316558927e-05
YPL007C,YDR085C,0.7282763123512268
YPL007C,YPL187W,0.024872364476323128
YPL007C,YPL256C,9.058151704266493e-07
YPL007C,YDR461W,2.4419637156825047e-06
YPL007C,YNL145W,1.3133732990056046e-10
YMR131C,YDL165W,4.042139067905737e-08
YMR131C,YGR059W,3.606016721017385e-16
YMR131C,YBR109C,1.6557800464056527e-08
YMR131C,YJL080C,0.0014315915759652853
YMR131C,YCR093W,8.519431275999523e-07
YMR131C,YIL122W,1.176958946969009e-10
YMR131C,YCL029C,8.775655549464467e-12
YMR131C,YNL173C,5.45121793038561e-06
YMR131C,YLR452C,0.0015506321797147393
YMR131C,YDL160C,5.992001117505197e-09
YMR131C,YLR229C,9.340093343030261e-18
YMR131C,YML057W,6.123584160324949e-18
YMR131C,YER149C,0.0003450638323556632
YMR131C,YMR305C,9.890965912973115e-08
YMR131C,YLR433C,2.8920786121489073e-07
YMR131C,YJL073W,4.643939197021732e-18
YMR131C,YGR279C,3.038645994980077e-15
YMR131C,YKL190W,2.3403924132026077e-08
YMR131C,YGL089C,1.0909599041042384e-05
YMR131C,YJL019W,5.505467015609611e-07
YMR131C,YJL018W,0.0001117560823331587
YMR131C,YNR032C-A,0.536140501499176
YMR131C,YGL178W,4.1366039825289913e-13
YMR131C,YKL116C,7.162100638035893e-15
YMR131C,YDL214C,0.10610862076282501
YMR131C,YLR362W,1.337655593930398e-11
YMR131C,YER068W,7.792397885093531e-18
YMR131C,YHR084W,1.5017895815816473e-09
YMR131C,YDR392W,4.117966293074081e-15
YMR131C,YNL053W,8.21600121270194e-10
YMR131C,YGR040W,7.798488610433196e-08
YMR131C,YDL216C,0.00015921630256343633
YMR131C,YOL117W,5.35948563307187e-10
YMR131C,YJR086W,4.6506562489945225e-11
YMR131C,YMR025W,1.326848746430187e-06
YMR131C,YBR081C,0.011315311305224895
YMR131C,YFL026W,0.00014467464643530548
YMR131C,YHL007C,1.6380479195277076e-08
YMR131C,YNR044W,4.189936158444096e-12
YMR131C,YNL271C,4.2564802377187405e-11
YMR131C,YDR200C,2.4691018327138714e-11
YMR131C,YKL178C,5.047716695116833e-05
YMR131C,YOR212W,6.550774742208887e-06
YMR131C,YOL111C,1.3306158397341505e-09
YMR131C,YGL032C,3.617393884436382e-10
YMR131C,YHR005C,0.2847951054573059
YMR131C,YDR103W,2.510812358025305e-08
YMR131C,YJR084W,6.460277646169743e-09
YMR131C,YCL032W,4.6819709496048745e-06
YMR131C,YJL170C,5.610264452116098e-06
YMR131C,YDR179C,6.749575263932314e-14
YMR131C,YBR095C,0.019268060103058815
YMR131C,YLL021W,0.00011040284880436957
YMR131C,YDL159W,1.972191507326748e-12
YMR131C,YNL161W,9.357838948176322e-10
YMR131C,YNL188W,7.283135206037628e-11
YMR131C,YJL157C,5.890356646887085e-09
YMR131C,YJL034W,1.6003807682896045e-15
YMR131C,YLR238W,0.0001906818652059883
YMR131C,YPR141C,0.01879091188311577
YMR131C,YNL127W,0.00041815880103968084
YMR131C,YCL055W,2.6215262599604827e-11
YMR131C,YPR122W,1.527070203621861e-08
YMR131C,YMR065W,0.0018184217624366283
YMR131C,YDR356W,0.008209972642362118
YMR131C,YMR052W,0.005298759788274765
YMR131C,YFR008W,1.4448890794938052e-07
YMR131C,YLL043W,0.00021534942789003253
YMR131C,YMR029C,3.207320112689799e-15
YMR131C,YJR004C,3.0428324748754676e-08
YMR131C,YDL223C,1.564834607141604e-16
YMR131C,YHR158C,2.1915321113397113e-08
YMR131C,YGR238C,1.7772337421173567e-11
YMR131C,YIL015W,0.10306164622306824
YMR131C,YGL173C,7.986683340277523e-05
YMR131C,YDL225W,1.794106530006445e-11
YMR131C,YLR330W,8.791129304681279e-17
YMR131C,YBR129C,2.294885206310937e-07
YMR131C,YKR095W-A,0.2020167112350464
YMR131C,YPR075C,1.2911193225662032e-09
YMR131C,YMR198W,3.2392799198532884e-07
YMR131C,YOR127W,2.4896138484109542e-09
YMR131C,YDR264C,0.02555367723107338
YMR131C,YLR110C,4.6541324991267174e-05
YMR131C,YDR379W,6.139550532680005e-05
YMR131C,YDL100C,6.0282504819042515e-06
YMR131C,YHR073W,9.802656131796539e-05
YMR131C,YJR090C,1.5285663292302458e-14
YMR131C,YOR208W,1.1736573898076669e-13
YMR131C,YBR040W,4.477624937493374e-10
YMR131C,YNL279W,2.690642630573392e-12
YMR131C,YER075C,0.00010617513908073306
YMR131C,YCR089W,2.3417487948762528e-09
YMR131C,YCR002C,1.923779366331483e-14
YMR131C,YJL108C,1.6254471120191738e-05
YMR131C,YBR200W,9.294937597381647e-10
YMR131C,YIL026C,3.9365459176949583e-16
YMR131C,YJR076C,1.1850469938678998e-08
YMR131C,YKR031C,0.0002877045189961791
YMR131C,YPL192C,7.670755697297693e-10
YMR131C,YHR107C,7.957680645631626e-05
YMR131C,YIL037C,8.34925965170763e-12
YMR131C,YPL156C,5.6756582940409306e-12
YMR131C,YIL117C,6.878480235172901e-06
YMR131C,YHR066W,7.330248408266016e-09
YMR131C,YML085C,7.190318219302272e-13
YMR131C,YML047C,0.05080828815698624
YMR131C,YDR312W,4.7581548301423027e-07
YMR131C,YFL037W,1.3393855624599382e-06
YMR131C,YDL038C,0.2020167112350464
YMR131C,YDL039C,3.561980571609169e-12
YMR131C,YCL027W,1.4984911103965715e-05
YMR131C,YML124C,2.6770359830941915e-16
YMR131C,YGL053W,8.152835265890727e-15
YMR131C,YMR232W,4.106623461425096e-12
YMR131C,YNL298W,8.68570805323543e-06
YMR131C,YGL099W,6.241935137166199e-13
YMR131C,YBL016W,7.202026518562943e-13
YMR131C,YAL041W,1.5958627648526846e-12
YMR131C,YDR085C,1.7841108146399165e-08
YMR131C,YPL187W,0.0038292044773697853
YMR131C,YPL256C,8.188868333425248e-11
YMR131C,YDR461W,3.5582880026263815e-15
YMR131C,YNL145W,2.2383412670023972e-06
YJR044C,YDL165W,1.1556881840402156e-10
YJR044C,YGR059W,2.2575458169526996e-10
YJR044C,YBR109C,8.90236577788528e-08
YJR044C,YJL080C,6.214056338649243e-05
YJR044C,YCR093W,0.7832282781600952
YJR044C,YIL122W,3.157147511956282e-05
YJR044C,YCL029C,4.890121692400043e-19
YJR044C,YNL173C,0.001600560499355197
YJR044C,YLR452C,5.913943823543377e-07
YJR044C,YDL160C,2.8441515635690973e-12
YJR044C,YLR229C,0.0022968854755163193
YJR044C,YML057W,9.787822462248297e-12
YJR044C,YER149C,1.0670308955856386e-16
YJR044C,YMR305C,4.808901394426357e-06
YJR044C,YLR433C,0.000610780029091984
YJR044C,YJL073W,1.151683405298867e-21
YJR044C,YGR279C,1.3041029944815818e-07
YJR044C,YKL190W,4.098040307098927e-08
YJR044C,YGL089C,0.0016404290217906237
YJR044C,YJL019W,9.942726642009347e-10
YJR044C,YJL018W,0.00025802094023674726
YJR044C,YNR032C-A,0.826308012008667
YJR044C,YGL178W,5.0193453837721336e-09
YJR044C,YKL116C,5.6098500817542904e-14
YJR044C,YDL214C,0.00014884345000609756
YJR044C,YLR362W,1.4722171499670367e-06
YJR044C,YER068W,2.0299201423767954e-05
YJR044C,YHR084W,2.51708298648623e-09
YJR044C,YDR392W,3.2123111850523856e-06
YJR044C,YNL053W,0.00018344649288337678
YJR044C,YGR040W,0.9971216320991516
YJR044C,YDL216C,0.0009968213271349669
YJR044C,YOL117W,3.334384857112127e-08
YJR044C,YJR086W,0.0002705379738472402
YJR044C,YMR025W,0.0008160869474522769
YJR044C,YBR081C,5.944012627878692e-06
YJR044C,YFL026W,9.117432568928052e-07
YJR044C,YHL007C,1.0880535583623896e-08
YJR044C,YNR044W,0.2385268658399582
YJR044C,YNL271C,6.7520554694056045e-06
YJR044C,YDR200C,3.8555592746236655e-11
YJR044C,YKL178C,0.24440310895442963
YJR044C,YOR212W,1.5318471491276853e-10
YJR044C,YOL111C,7.032078912228013e-13
YJR044C,YGL032C,7.935215080578928e-07
YJR044C,YHR005C,1.1365734735591104e-06
YJR044C,YDR103W,1.9026476820727112e-06
YJR044C,YJR084W,5.5221964778695565e-09
YJR044C,YCL032W,0.0003703336406033486
YJR044C,YJL170C,6.411304820375108e-11
YJR044C,YDR179C,1.1877453187647546e-10
YJR044C,YBR095C,1.9464017064763084e-09
YJR044C,YLL021W,9.620398486731574e-07
YJR044C,YDL159W,1.3811889999770788e-11
YJR044C,YNL161W,0.00028018373996019363
YJR044C,YNL188W,2.8469335222602865e-10
YJR044C,YJL157C,1.661572746058937e-08
YJR044C,YJL034W,6.182622654533594e-16
YJR044C,YLR238W,4.03091735279304e-06
YJR044C,YPR141C,0.0005082497373223305
YJR044C,YNL127W,4.3170115304747014e-07
YJR044C,YCL055W,5.103241162984773e-10
YJR044C,YPR122W,9.281756474521785e-10
YJR044C,YMR065W,8.571641956223175e-06
YJR044C,YDR356W,9.153710607279208e-07
YJR044C,YMR052W,1.2705011442903924e-07
YJR044C,YFR008W,0.9961286783218384
YJR044C,YLL043W,2.672764898292712e-09
YJR044C,YMR029C,5.242126007942716e-06
YJR044C,YJR004C,1.6039685205027077e-11
YJR044C,YDL223C,2.634190825537286e-12
YJR044C,YHR158C,5.125163429775276e-16
YJR044C,YGR238C,1.492828321895956e-12
YJR044C,YIL015W,9.710810445540119e-06
YJR044C,YGL173C,0.0748419314622879
YJR044C,YDL225W,2.8506141461548395e-05
YJR044C,YLR330W,7.567427928734105e-06
YJR044C,YBR129C,4.298943867553362e-09
YJR044C,YKR095W-A,0.2020167112350464
YJR044C,YPR075C,6.21004567213923e-11
YJR044C,YMR198W,0.10725788027048111
YJR044C,YOR127W,0.00011445106792962179
YJR044C,YDR264C,8.11125722144368e-10
YJR044C,YLR110C,2.075442004671399e-13
YJR044C,YDR379W,2.02689579964499e-06
YJR044C,YDL100C,1.0745007661405737e-10
YJR044C,YHR073W,3.853995804092847e-05
YJR044C,YJR090C,0.0004887801478616893
YJR044C,YOR208W,1.5121629504122325e-09
YJR044C,YBR040W,3.3839542084024288e-06
YJR044C,YNL279W,4.9123471399070695e-05
YJR044C,YER075C,1.5824609678194435e-10
YJR044C,YCR089W,0.0077444701455533504
YJR044C,YCR002C,6.410311357285536e-07
YJR044C,YJL108C,0.019906802102923393
YJR044C,YBR200W,0.0002900723193306476
YJR044C,YIL026C,1.1502427696541417e-05
YJR044C,YJR076C,0.0023649975191801786
YJR044C,YKR031C,2.405347186140716e-05
YJR044C,YPL192C,5.252334631222766e-06
YJR044C,YHR107C,9.608546597261736e-12
YJR044C,YIL037C,0.23350049555301666
YJR044C,YPL156C,0.0031647137366235256
YJR044C,YIL117C,5.1507013267837465e-06
YJR044C,YHR066W,5.5290594151713446e-12
YJR044C,YML085C,3.2673005989636295e-06
YJR044C,YML047C,0.8722225427627563
YJR044C,YDR312W,1.2130556196305545e-14
YJR044C,YFL037W,6.895411843288457e-06
YJR044C,YDL038C,0.2020167112350464
YJR044C,YDL039C,5.4164296053229585e-17
YJR044C,YCL027W,8.276480002678e-06
YJR044C,YML124C,3.44735443533542e-13
YJR044C,YGL053W,1.7039155864040367e-05
YJR044C,YMR232W,0.7996629476547241
YJR044C,YNL298W,4.0625555697282323e-10
YJR044C,YGL099W,3.011673077807711e-14
YJR044C,YBL016W,2.041961352006183e-06
YJR044C,YAL041W,0.00041033150046132505
YJR044C,YDR085C,2.0858780771959573e-05
YJR044C,YPL187W,0.6275650262832642
YJR044C,YPL256C,1.3856957150059105e-15
YJR044C,YDR461W,4.00822074198004e-07
YJR044C,YNL145W,0.004967889282852411
YGR097W,YDL165W,1.5542900300147267e-08
YGR097W,YGR059W,6.187014095493382e-11
YGR097W,YBR109C,1.4201771136868047e-07
YGR097W,YJL080C,5.619912712973019e-07
YGR097W,YCR093W,1.213653577898523e-35
YGR097W,YIL122W,7.213681874063127e-10
YGR097W,YCL029C,5.9851323237570485e-18
YGR097W,YNL173C,2.332064468646422e-05
YGR097W,YLR452C,4.017142618550906e-09
YGR097W,YDL160C,3.391522477613762e-05
YGR097W,YLR229C,1.7617155997906586e-11
YGR097W,YML057W,0.4004928469657898
YGR097W,YER149C,0.0014989981427788734
YGR097W,YMR305C,1.1516947751033513e-07
YGR097W,YLR433C,3.1852420079303556e-07
YGR097W,YJL073W,1.3566592315328307e-05
YGR097W,YGR279C,6.625805690418929e-05
YGR097W,YKL190W,2.5016532845256734e-08
YGR097W,YGL089C,6.075281472556551e-14
YGR097W,YJL019W,2.813599621731555e-06
YGR097W,YJL018W,0.0016120310174301267
YGR097W,YNR032C-A,4.183045376748851e-08
YGR097W,YGL178W,0.0002751259016804397
YGR097W,YKL116C,2.983590093208477e-05
YGR097W,YDL214C,3.0790058003216103e-12
YGR097W,YLR362W,3.185918290030202e-16
YGR097W,YER068W,3.0609032819484128e-06
YGR097W,YHR084W,2.6255018124865526e-13
YGR097W,YDR392W,5.524147545649116e-12
YGR097W,YNL053W,7.089128928328137e-08
YGR097W,YGR040W,4.404516196210295e-10
YGR097W,YDL216C,1.930421517082337e-10
YGR097W,YOL117W,7.772345043122186e-07
YGR097W,YJR086W,1.1353564755012258e-09
YGR097W,YMR025W,3.0040126636210474e-11
YGR097W,YBR081C,0.00011241683387197554
YGR097W,YFL026W,2.3233409987555298e-11
YGR097W,YHL007C,0.002398998476564884
YGR097W,YNR044W,1.3006514268387726e-11
YGR097W,YNL271C,3.5196244425605983e-06
YGR097W,YDR200C,0.1836106777191162
YGR097W,YKL178C,8.504075221793528e-10
YGR097W,YOR212W,1.2419252659179715e-16
YGR097W,YOL111C,5.690473869890411e-09
YGR097W,YGL032C,6.170677250422196e-12
YGR097W,YHR005C,8.141908125480768e-08
YGR097W,YDR103W,2.14755405299194e-12
YGR097W,YJR084W,6.822928333427569e-10
YGR097W,YCL032W,5.345002218604122e-09
YGR097W,YJL170C,1.7029516641287046e-07
YGR097W,YDR179C,1.1206494716572979e-12
YGR097W,YBR095C,2.0438842285308567e-10
YGR097W,YLL021W,8.37034749565646e-05
YGR097W,YDL159W,4.483495145242086e-14
YGR097W,YNL161W,3.0056853006499296e-08
YGR097W,YNL188W,2.5675706638139673e-05
YGR097W,YJL157C,2.884857630558457e-10
YGR097W,YJL034W,7.903809551290664e-11
YGR097W,YLR238W,5.408138531493023e-05
YGR097W,YPR141C,2.139556087854544e-09
YGR097W,YNL127W,1.5035135447760695e-06
YGR097W,YCL055W,2.9512815775060027e-18
YGR097W,YPR122W,2.041215566350729e-06
YGR097W,YMR065W,2.5998579076258466e-06
YGR097W,YDR356W,8.073767349126015e-13
YGR097W,YMR052W,1.0831392501131631e-05
YGR097W,YFR008W,7.894509224115609e-08
YGR097W,YLL043W,0.9867553114891052
YGR097W,YMR029C,8.738848009670619e-07
YGR097W,YJR004C,5.246598711039496e-10
YGR097W,YDL223C,7.669605934097464e-16
YGR097W,YHR158C,1.0978402631423023e-09
YGR097W,YGR238C,1.751081946110844e-08
YGR097W,YIL015W,6.392458562487491e-09
YGR097W,YGL173C,3.511837576297694e-08
YGR097W,YDL225W,8.76026629015314e-09
YGR097W,YLR330W,0.00012268581485841423
YGR097W,YBR129C,6.1859241213824134e-06
YGR097W,YKR095W-A,0.2020167112350464
YGR097W,YPR075C,2.0192274935437737e-11
YGR097W,YMR198W,5.350972287487821e-08
YGR097W,YOR127W,0.0008594933315180242
YGR097W,YDR264C,3.2180211273491466e-10
YGR097W,YLR110C,0.001993507379665971
YGR097W,YDR379W,2.9644064852618612e-05
YGR097W,YDL100C,1.7184136058556732e-10
YGR097W,YHR073W,0.00021662190556526184
YGR097W,YJR090C,1.49183360109717e-10
YGR097W,YOR208W,2.3184779252005683e-07
YGR097W,YBR040W,1.3705001578045994e-08
YGR097W,YNL279W,1.4717468275193824e-06
YGR097W,YER075C,0.0009680695366114378
YGR097W,YCR089W,6.325706625176508e-11
YGR097W,YCR002C,9.80248751147883e-06
YGR097W,YJL108C,1.592344145429081e-09
YGR097W,YBR200W,9.987496696339804e-08
YGR097W,YIL026C,0.00021319548250176013
YGR097W,YJR076C,2.180429170550724e-08
YGR097W,YKR031C,1.5533390978816897e-05
YGR097W,YPL192C,4.31398029832053e-06
YGR097W,YHR107C,2.0972132915630937e-05
YGR097W,YIL037C,4.144851573073538e-08
YGR097W,YPL156C,2.5126807301489862e-08
YGR097W,YIL117C,5.0657963583944365e-06
YGR097W,YHR066W,4.907392106069143e-14
YGR097W,YML085C,2.228931705872128e-09
YGR097W,YML047C,0.970761775970459
YGR097W,YDR312W,3.8013667769121184e-09
YGR097W,YFL037W,0.9552854299545288
YGR097W,YDL038C,0.2020167112350464
YGR097W,YDL039C,1.0726547688272303e-12
YGR097W,YCL027W,2.4509290597052313e-07
YGR097W,YML124C,0.0001118526779464446
YGR097W,YGL053W,7.971069493351024e-08
YGR097W,YMR232W,0.005152828525751829
YGR097W,YNL298W,8.691778202774003e-05
YGR097W,YGL099W,8.240630791078729e-07
YGR097W,YBL016W,1.65669486705019e-17
YGR097W,YAL041W,0.013541089370846748
YGR097W,YDR085C,4.4966841258571935e-14
YGR097W,YPL187W,0.0012673180317506194
YGR097W,YPL256C,1.8633707424275947e-11
YGR097W,YDR461W,1.7042698911474783e-18
YGR097W,YNL145W,1.6442143646600016e-08
YHR174W,YDL165W,3.4329892986510735e-14
YHR174W,YGR059W,3.880502300377233e-15
YHR174W,YBR109C,0.00014643868780694902
YHR174W,YJL080C,2.3820864985396595e-12
YHR174W,YCR093W,2.4671154008615304e-11
YHR174W,YIL122W,1.2662763937724367e-14
YHR174W,YCL029C,4.758829032947955e-22
YHR174W,YNL173C,9.50248435493961e-10
YHR174W,YLR452C,4.850289843978318e-19
YHR174W,YDL160C,0.1611129492521286
YHR174W,YLR229C,1.2066871590832307e-07
YHR174W,YML057W,0.00028575185569934547
YHR174W,YER149C,4.092522090104467e-07
YHR174W,YMR305C,2.243488052044995e-05
YHR174W,YLR433C,1.9068463821825254e-11
YHR174W,YJL073W,2.4365667261605495e-09
YHR174W,YGR279C,1.347762369372993e-13
YHR174W,YKL190W,2.3437002338866364e-10
YHR174W,YGL089C,5.257862787665687e-16
YHR174W,YJL019W,3.65442962349527e-12
YHR174W,YJL018W,0.009169436059892178
YHR174W,YNR032C-A,0.0014138886472210288
YHR174W,YGL178W,1.4424914041022419e-10
YHR174W,YKL116C,9.51368776051437e-22
YHR174W,YDL214C,1.872945563129571e-18
YHR174W,YLR362W,8.328584044647869e-08
YHR174W,YER068W,7.888007047540668e-08
YHR174W,YHR084W,5.728162627387234e-13
YHR174W,YDR392W,2.9432009989944824e-16
YHR174W,YNL053W,1.244915615039588e-09
YHR174W,YGR040W,4.994470115260441e-12
YHR174W,YDL216C,0.0011918871896341443
YHR174W,YOL117W,1.1003821498434263e-07
YHR174W,YJR086W,1.3588258711553136e-16
YHR174W,YMR025W,1.212487887869429e-08
YHR174W,YBR081C,7.601465057405221e-08
YHR174W,YFL026W,2.8772535569376867e-13
YHR174W,YHL007C,2.8251032624382333e-09
YHR174W,YNR044W,1.473883732075465e-12
YHR174W,YNL271C,1.7130723790614866e-05
YHR174W,YDR200C,8.290109321674316e-14
YHR174W,YKL178C,8.643091575777362e-09
YHR174W,YOR212W,1.6098091449650513e-16
YHR174W,YOL111C,5.1692787691407643e-14
YHR174W,YGL032C,5.361443911056085e-08
YHR174W,YHR005C,4.609139292455211e-09
YHR174W,YDR103W,0.036077696830034256
YHR174W,YJR084W,2.2031321211812838e-09
YHR174W,YCL032W,2.5883370100010517e-11
YHR174W,YJL170C,1.624948647860336e-10
YHR174W,YDR179C,4.126206229584971e-15
YHR174W,YBR095C,1.2752887414535508e-05
YHR174W,YLL021W,2.2842231578446004e-13
YHR174W,YDL159W,4.859113111876923e-12
YHR174W,YNL161W,3.588301964591034e-12
YHR174W,YNL188W,3.2356678048017784e-07
YHR174W,YJL157C,1.609352118236984e-08
YHR174W,YJL034W,3.1394528625502047e-19
YHR174W,YLR238W,9.875521624416739e-13
YHR174W,YPR141C,2.5758275720710877e-11
YHR174W,YNL127W,0.00015270848234649748
YHR174W,YCL055W,1.7535625729259152e-11
YHR174W,YPR122W,1.6424165358904647e-14
YHR174W,YMR065W,2.94235995568215e-08
YHR174W,YDR356W,8.788827017269796e-07
YHR174W,YMR052W,6.4582471315244305e-12
YHR174W,YFR008W,2.459096735106265e-14
YHR174W,YLL043W,6.006077910569729e-07
YHR174W,YMR029C,1.0882049384861037e-12
YHR174W,YJR004C,2.7906293270131555e-13
YHR174W,YDL223C,3.792075412182046e-28
YHR174W,YHR158C,1.2094089470338076e-05
YHR174W,YGR238C,7.045478024776675e-13
YHR174W,YIL015W,3.233019742765464e-05
YHR174W,YGL173C,1.5415994036871439e-09
YHR174W,YDL225W,1.8050003518510493e-06
YHR174W,YLR330W,6.58179131855785e-13
YHR174W,YBR129C,0.010401714593172073
YHR174W,YKR095W-A,0.2020167112350464
YHR174W,YPR075C,3.9217606939701e-08
YHR174W,YMR198W,2.164120879027953e-12
YHR174W,YOR127W,3.314365670803454e-09
YHR174W,YDR264C,2.8839982485484583e-11
YHR174W,YLR110C,9.513107158888127e-22
YHR174W,YDR379W,2.667658975663567e-11
YHR174W,YDL100C,1.3671402936260026e-15
YHR174W,YHR073W,0.9524577856063843
YHR174W,YJR090C,1.5159352884097643e-08
YHR174W,YOR208W,1.1918784847964048e-09
YHR174W,YBR040W,2.592899228659462e-10
YHR174W,YNL279W,1.2286652814955112e-12
YHR174W,YER075C,5.4280191452704685e-11
YHR174W,YCR089W,4.471358006075121e-11
YHR174W,YCR002C,1.430688467002339e-12
YHR174W,YJL108C,1.2360170842384832e-07
YHR174W,YBR200W,4.037005105206326e-13
YHR174W,YIL026C,5.6301374229406065e-08
YHR174W,YJR076C,1.2487295919516583e-10
YHR174W,YKR031C,2.6381967357241853e-13
YHR174W,YPL192C,2.016424787559812e-12
YHR174W,YHR107C,6.212065528643507e-09
YHR174W,YIL037C,9.620497757809043e-13
YHR174W,YPL156C,6.425208455562714e-12
YHR174W,YIL117C,6.863206669649458e-10
YHR174W,YHR066W,6.118792583720278e-08
YHR174W,YML085C,1.3222510586441416e-10
YHR174W,YML047C,6.604171555327568e-14
YHR174W,YDR312W,0.0001497896882938221
YHR174W,YFL037W,3.007672166877029e-10
YHR174W,YDL038C,0.2020167112350464
YHR174W,YDL039C,5.3844299685579244e-08
YHR174W,YCL027W,0.004508110228925943
YHR174W,YML124C,1.4290054650700768e-06
YHR174W,YGL053W,9.394567068721216e-11
YHR174W,YMR232W,3.2646366889821365e-05
YHR174W,YNL298W,5.692089022346636e-10
YHR174W,YGL099W,0.000198392168385908
YHR174W,YBL016W,2.544669197579452e-10
YHR174W,YAL041W,1.1948025075980695e-06
YHR174W,YDR085C,1.5252551999189734e-10
YHR174W,YPL187W,4.905942319055612e-07
YHR174W,YPL256C,9.142250290139486e-10
YHR174W,YDR461W,3.293550328298256e-13
YHR174W,YNL145W,8.711724149179645e-06
YFL025C,YDL165W,0.9661842584609985
YFL025C,YGR059W,1.8860909362095057e-11
YFL025C,YBR109C,6.451386980188545e-09
YFL025C,YJL080C,4.868497399002081e-06
YFL025C,YCR093W,0.0036379219964146614
YFL025C,YIL122W,0.083181232213974
YFL025C,YCL029C,1.2613099009683992e-08
YFL025C,YNL173C,3.3863354474306107e-05
YFL025C,YLR452C,0.6593214869499207
YFL025C,YDL160C,5.775031240773387e-05
YFL025C,YLR229C,1.0734023447867003e-07
YFL025C,YML057W,1.5074947157245333e-07
YFL025C,YER149C,0.010457804426550865
YFL025C,YMR305C,5.0213035118762406e-11
YFL025C,YLR433C,2.3134069238039956e-07
YFL025C,YJL073W,2.3877442245634484e-09
YFL025C,YGR279C,0.0016287170583382249
YFL025C,YKL190W,9.087963093179496e-08
YFL025C,YGL089C,0.9999704360961914
YFL025C,YJL019W,1.1653522591359433e-10
YFL025C,YJL018W,0.00026273459661751986
YFL025C,YNR032C-A,0.050674308091402054
YFL025C,YGL178W,0.00029718142468482256
YFL025C,YKL116C,1.3496283202130144e-08
YFL025C,YDL214C,0.10450299829244614
YFL025C,YLR362W,2.2317315142572625e-06
YFL025C,YER068W,9.503308717739856e-08
YFL025C,YHR084W,0.05616350471973419
YFL025C,YDR392W,4.906739077548128e-13
YFL025C,YNL053W,0.022241251543164253
YFL025C,YGR040W,3.2986058613460045e-06
YFL025C,YDL216C,0.0014666931238025427
YFL025C,YOL117W,1.2602156731350567e-12
YFL025C,YJR086W,7.833712879801169e-05
YFL025C,YMR025W,4.760251925972625e-08
YFL025C,YBR081C,0.00013943396334070712
YFL025C,YFL026W,1.1315205483697355e-05
YFL025C,YHL007C,8.643893352200394e-07
YFL025C,YNR044W,1.3373814278239138e-09
YFL025C,YNL271C,0.19486656785011292
YFL025C,YDR200C,2.0321688509739033e-07
YFL025C,YKL178C,3.3275771027518886e-10
YFL025C,YOR212W,1.138638026532135e-06
YFL025C,YOL111C,0.0008303135982714593
YFL025C,YGL032C,0.000774513348005712
YFL025C,YHR005C,1.1823379281850066e-05
YFL025C,YDR103W,0.953178882598877
YFL025C,YJR084W,0.008051656186580658
YFL025C,YCL032W,8.60765157995047e-06
YFL025C,YJL170C,0.001543650752864778
YFL025C,YDR179C,4.722936353118712e-08
YFL025C,YBR095C,0.003478456987068057
YFL025C,YLL021W,4.209535831023459e-09
YFL025C,YDL159W,1.6154450577232637e-06
YFL025C,YNL161W,0.9748666882514954
YFL025C,YNL188W,1.3631175534101203e-05
YFL025C,YJL157C,0.036173608154058456
YFL025C,YJL034W,8.857769984160768e-08
YFL025C,YLR238W,2.3458661679853776e-09
YFL025C,YPR141C,0.01861419901251793
YFL025C,YNL127W,0.0004621265106834471
YFL025C,YCL055W,5.174000808415118e-15
YFL025C,YPR122W,0.0042791287414729595
YFL025C,YMR065W,2.5996546355600003e-06
YFL025C,YDR356W,0.002607045928016305
YFL025C,YMR052W,7.7911552764931e-09
YFL025C,YFR008W,5.680917070094438e-07
YFL025C,YLL043W,2.9595872419463376e-09
YFL025C,YMR029C,0.0029564264696091413
YFL025C,YJR004C,0.63985675573349
YFL025C,YDL223C,6.65679750905257e-13
YFL025C,YHR158C,0.6779310703277588
YFL025C,YGR238C,1.439807908315549e-11
YFL025C,YIL015W,9.615421004127711e-05
YFL025C,YGL173C,1.3989149394433298e-08
YFL025C,YDL225W,6.449160316890357e-09
YFL025C,YLR330W,4.380517637514458e-08
YFL025C,YBR129C,5.137157921275559e-10
YFL025C,YKR095W-A,0.2020167112350464
YFL025C,YPR075C,2.3751317357323387e-08
YFL025C,YMR198W,1.2726817377739508e-09
YFL025C,YOR127W,3.407656549825333e-06
YFL025C,YDR264C,1.7896556528285146e-05
YFL025C,YLR110C,0.0030456725507974625
YFL025C,YDR379W,2.090729321935214e-05
YFL025C,YDL100C,9.143379429588094e-06
YFL025C,YHR073W,8.149294217218994e-07
YFL025C,YJR090C,9.771186159923673e-05
YFL025C,YOR208W,2.7589805995376082e-09
YFL025C,YBR040W,5.4964925766398665e-06
YFL025C,YNL279W,0.02508101798593998
YFL025C,YER075C,3.6618300214286137e-07
YFL025C,YCR089W,2.4459290148826085e-10
YFL025C,YCR002C,1.9686918761863126e-09
YFL025C,YJL108C,0.00013088432024233043
YFL025C,YBR200W,0.010681048035621643
YFL025C,YIL026C,0.004045621491968632
YFL025C,YJR076C,0.9800733923912048
YFL025C,YKR031C,8.992582479550038e-06
YFL025C,YPL192C,0.10526720434427261
YFL025C,YHR107C,5.906670264010927e-09
YFL025C,YIL037C,0.0016837944276630878
YFL025C,YPL156C,3.0314611194626195e-06
YFL025C,YIL117C,2.4901887627493124e-06
YFL025C,YHR066W,6.715469567097898e-07
YFL025C,YML085C,0.1865139901638031
YFL025C,YML047C,8.34134628036054e-09
YFL025C,YDR312W,2.8228967607901723e-07
YFL025C,YFL037W,0.3885740339756012
YFL025C,YDL038C,0.2020167112350464
YFL025C,YDL039C,1.0892988733246511e-09
YFL025C,YCL027W,0.00040969066321849823
YFL025C,YML124C,8.622069458397164e-08
YFL025C,YGL053W,3.263783909801532e-09
YFL025C,YMR232W,8.37572216028093e-08
YFL025C,YNL298W,4.1195657453883816e-13
YFL025C,YGL099W,1.9891788216597206e-10
YFL025C,YBL016W,1.1566203723945012e-11
YFL025C,YAL041W,1.8975146076627425e-07
YFL025C,YDR085C,6.120543361021191e-08
YFL025C,YPL187W,0.06188565865159035
YFL025C,YPL256C,1.6219868115285863e-08
YFL025C,YDR461W,6.583213973954116e-08
YFL025C,YNL145W,4.1306040657218546e-05
YNL290W,YDL165W,6.555696745635942e-05
YNL290W,YGR059W,1.5118205354269776e-08
YNL290W,YBR109C,2.165177678837562e-16
YNL290W,YJL080C,8.300640530478631e-08
YNL290W,YCR093W,0.0011749453842639923
YNL290W,YIL122W,0.9978235960006714
YNL290W,YCL029C,0.017542999237775803
YNL290W,YNL173C,6.959779966564383e-06
YNL290W,YLR452C,0.27572956681251526
YNL290W,YDL160C,0.9979978203773499
YNL290W,YLR229C,0.30366742610931396
YNL290W,YML057W,1.4563534023182e-07
YNL290W,YER149C,6.486490455870353e-09
YNL290W,YMR305C,4.77892399430857e-07
YNL290W,YLR433C,0.0004573074111249298
YNL290W,YJL073W,2.3663715301505683e-13
YNL290W,YGR279C,0.9132325649261475
YNL290W,YKL190W,7.73631714245937e-10
YNL290W,YGL089C,0.0007444743532687426
YNL290W,YJL019W,1.4197631571732927e-05
YNL290W,YJL018W,0.006743111182004213
YNL290W,YNR032C-A,0.9220526218414307
YNL290W,YGL178W,0.00011152358638355508
YNL290W,YKL116C,2.522831119358693e-13
YNL290W,YDL214C,1.0
YNL290W,YLR362W,0.0004720291472040117
YNL290W,YER068W,2.024888523521895e-08
YNL290W,YHR084W,3.942080866181641e-07
YNL290W,YDR392W,0.9776027798652649
YNL290W,YNL053W,0.9872296452522278
YNL290W,YGR040W,0.5614124536514282
YNL290W,YDL216C,0.999333918094635
YNL290W,YOL117W,8.092550274341193e-08
YNL290W,YJR086W,0.08876718580722809
YNL290W,YMR025W,0.05523316562175751
YNL290W,YBR081C,9.725152949613403e-07
YNL290W,YFL026W,0.005574963521212339
YNL290W,YHL007C,6.939321650634156e-08
YNL290W,YNR044W,0.9762949347496033
YNL290W,YNL271C,0.000417928647948429
YNL290W,YDR200C,0.00014709055540151894
YNL290W,YKL178C,0.008267965167760849
YNL290W,YOR212W,0.00018617711612023413
YNL290W,YOL111C,4.980649920272029e-11
YNL290W,YGL032C,0.058840759098529816
YNL290W,YHR005C,0.9640650749206543
YNL290W,YDR103W,5.2225125557470164e-08
YNL290W,YJR084W,0.0009124728967435658
YNL290W,YCL032W,4.2286646930733696e-06
YNL290W,YJL170C,0.10093702375888824
YNL290W,YDR179C,1.7947321850897424e-08
YNL290W,YBR095C,0.00789989996701479
YNL290W,YLL021W,0.842359721660614
YNL290W,YDL159W,1.4809343973354316e-08
YNL290W,YNL161W,2.5806396024563583e-06
YNL290W,YNL188W,5.025675591241452e-07
YNL290W,YJL157C,2.9706323402933776e-05
YNL290W,YJL034W,7.787507444456665e-11
YNL290W,YLR238W,1.1135606655443553e-05
YNL290W,YPR141C,0.6165392994880676
YNL290W,YNL127W,0.020316587761044502
YNL290W,YCL055W,3.2970787287922576e-05
YNL290W,YPR122W,0.9992479681968689
YNL290W,YMR065W,0.9829657673835754
YNL290W,YDR356W,0.0015214404556900263
YNL290W,YMR052W,0.12415780872106552
YNL290W,YFR008W,3.0079574248054186e-11
YNL290W,YLL043W,1.9812563323284849e-07
YNL290W,YMR029C,2.155572701667552e-06
YNL290W,YJR004C,0.2090786248445511
YNL290W,YDL223C,1.1530547350258047e-10
YNL290W,YHR158C,7.050111162243411e-05
YNL290W,YGR238C,5.196736907464583e-08
YNL290W,YIL015W,0.00018537962750997394
YNL290W,YGL173C,0.00020882634271401912
YNL290W,YDL225W,0.0010599601082503796
YNL290W,YLR330W,1.2420804296198185e-06
YNL290W,YBR129C,1.5025408472979507e-08
YNL290W,YKR095W-A,0.2020167112350464
YNL290W,YPR075C,1.8052129235002212e-05
YNL290W,YMR198W,0.9717254042625427
YNL290W,YOR127W,1.7491363735189225e-07
YNL290W,YDR264C,6.319526679732235e-09
YNL290W,YLR110C,4.50708503194619e-05
YNL290W,YDR379W,0.005468086805194616
YNL290W,YDL100C,1.7627973647904582e-05
YNL290W,YHR073W,8.721418271306902e-05
YNL290W,YJR090C,0.06098387390375137
YNL290W,YOR208W,4.999354814572143e-07
YNL290W,YBR040W,0.5589356422424316
YNL290W,YNL279W,5.348069294086599e-07
YNL290W,YER075C,1.3062103221272992e-07
YNL290W,YCR089W,0.9858564138412476
YNL290W,YCR002C,3.656564513221383e-05
YNL290W,YJL108C,0.6547662019729614
YNL290W,YBR200W,0.0020530088804662228
YNL290W,YIL026C,0.008581923320889473
YNL290W,YJR076C,4.968910616298672e-08
YNL290W,YKR031C,0.0191922876983881
YNL290W,YPL192C,0.07908342778682709
YNL290W,YHR107C,2.9027781914270356e-11
YNL290W,YIL037C,0.030915796756744385
YNL290W,YPL156C,0.00011114627704955637
YNL290W,YIL117C,0.03509996086359024
YNL290W,YHR066W,2.3229698720150793e-10
YNL290W,YML085C,2.9588463803520426e-06
YNL290W,YML047C,0.9955365657806396
YNL290W,YDR312W,4.722188034514635e-16
YNL290W,YFL037W,9.10171220311895e-05
YNL290W,YDL038C,0.2020167112350464
YNL290W,YDL039C,7.214910446862177e-09
YNL290W,YCL027W,0.6758340001106262
YNL290W,YML124C,0.002943284111097455
YNL290W,YGL053W,1.4154647942632437e-07
YNL290W,YMR232W,0.1370323896408081
YNL290W,YNL298W,5.549165393858857e-08
YNL290W,YGL099W,4.525579697656212e-06
YNL290W,YBL016W,1.7723541523295694e-09
YNL290W,YAL041W,5.646711088047596e-06
YNL290W,YDR085C,0.0008911567856557667
YNL290W,YPL187W,0.00038265835610218346
YNL290W,YPL256C,2.3090221290544832e-08
YNL290W,YDR461W,5.8422432630322874e-05
YNL290W,YNL145W,0.00035325568751432
YJR095W,YDL165W,0.0003315930371172726
YJR095W,YGR059W,2.801027221721597e-06
YJR095W,YBR109C,9.544471168965174e-08
YJR095W,YJL080C,2.021748934239906e-25
YJR095W,YCR093W,1.3875941411514714e-12
YJR095W,YIL122W,0.9976592063903809
YJR095W,YCL029C,2.897659478491967e-16
YJR095W,YNL173C,0.00027998932637274265
YJR095W,YLR452C,1.1477475636567647e-09
YJR095W,YDL160C,1.5810300985075187e-11
YJR095W,YLR229C,1.4594856153477168e-19
YJR095W,YML057W,1.5834225207053687e-12
YJR095W,YER149C,1.3772798873601388e-11
YJR095W,YMR305C,3.51829537725834e-11
YJR095W,YLR433C,6.007875522350296e-16
YJR095W,YJL073W,7.581525095494857e-16
YJR095W,YGR279C,1.9192027878034423e-07
YJR095W,YKL190W,7.205925856013096e-10
YJR095W,YGL089C,4.8669443475368723e-11
YJR095W,YJL019W,1.9679400793393143e-05
YJR095W,YJL018W,0.00043403555173426867
YJR095W,YNR032C-A,5.401747102951049e-07
YJR095W,YGL178W,0.05563846603035927
YJR095W,YKL116C,5.114317649934641e-11
YJR095W,YDL214C,2.0376432075863704e-05
YJR095W,YLR362W,5.056556215410346e-11
YJR095W,YER068W,3.2036522740197526e-11
YJR095W,YHR084W,3.793023672926665e-09
YJR095W,YDR392W,0.002545691095292568
YJR095W,YNL053W,0.0006156971794553101
YJR095W,YGR040W,1.137473448764581e-10
YJR095W,YDL216C,8.694169650880212e-08
YJR095W,YOL117W,0.004460551310330629
YJR095W,YJR086W,2.341921117476886e-06
YJR095W,YMR025W,1.374414210913999e-11
YJR095W,YBR081C,9.023653824158373e-09
YJR095W,YFL026W,2.8144985009248558e-08
YJR095W,YHL007C,3.824020960996322e-12
YJR095W,YNR044W,0.3145604133605957
YJR095W,YNL271C,7.677159255536914e-12
YJR095W,YDR200C,8.424865666212256e-11
YJR095W,YKL178C,0.00027362644323147833
YJR095W,YOR212W,3.347956288409991e-17
YJR095W,YOL111C,4.4613123463932425e-05
YJR095W,YGL032C,3.793866262813417e-11
YJR095W,YHR005C,8.102641686491552e-07
YJR095W,YDR103W,7.902373200252555e-12
YJR095W,YJR084W,1.105418187541396e-11
YJR095W,YCL032W,1.275042137843796e-11
YJR095W,YJL170C,4.907968786938e-07
YJR095W,YDR179C,8.678281183949199e-12
YJR095W,YBR095C,1.9523499483753426e-10
YJR095W,YLL021W,5.2866867134016005e-11
YJR095W,YDL159W,5.673712130812528e-15
YJR095W,YNL161W,5.689196041203104e-05
YJR095W,YNL188W,5.075539100118931e-09
YJR095W,YJL157C,1.3050697675320855e-11
YJR095W,YJL034W,1.352416489908137e-08
YJR095W,YLR238W,1.023173279435241e-08
YJR095W,YPR141C,6.035384103597607e-08
YJR095W,YNL127W,0.0003420572611503303
YJR095W,YCL055W,3.797940007643774e-05
YJR095W,YPR122W,1.1784926101654492e-07
YJR095W,YMR065W,1.452431774850993e-08
YJR095W,YDR356W,5.75551348447334e-05
YJR095W,YMR052W,2.0245589382739126e-07
YJR095W,YFR008W,4.065728198554552e-09
YJR095W,YLL043W,0.0003929596277885139
YJR095W,YMR029C,3.229677361105132e-07
YJR095W,YJR004C,2.3426878926341432e-12
YJR095W,YDL223C,1.9905907477912876e-10
YJR095W,YHR158C,9.265826817703984e-16
YJR095W,YGR238C,1.0057152394438162e-05
YJR095W,YIL015W,1.009151029952274e-15
YJR095W,YGL173C,5.364163974119762e-12
YJR095W,YDL225W,8.352122054286726e-17
YJR095W,YLR330W,8.698372084836592e-07
YJR095W,YBR129C,1.1881174799555083e-07
YJR095W,YKR095W-A,0.2020167112350464
YJR095W,YPR075C,3.000770476546677e-08
YJR095W,YMR198W,7.210601005169792e-10
YJR095W,YOR127W,1.0723432368854938e-13
YJR095W,YDR264C,5.097972825135466e-12
YJR095W,YLR110C,2.85257073073808e-07
YJR095W,YDR379W,5.627683874465106e-10
YJR095W,YDL100C,5.361507657375263e-22
YJR095W,YHR073W,7.974594318227446e-09
YJR095W,YJR090C,6.241343442070502e-08
YJR095W,YOR208W,1.727574350240957e-08
YJR095W,YBR040W,1.3067713098280365e-06
YJR095W,YNL279W,6.34062962490134e-05
YJR095W,YER075C,0.0015286417910829186
YJR095W,YCR089W,3.2462574850455894e-09
YJR095W,YCR002C,3.8720995121366286e-07
YJR095W,YJL108C,0.0022124084644019604
YJR095W,YBR200W,6.858724788116888e-08
YJR095W,YIL026C,7.893322158543901e-15
YJR095W,YJR076C,8.634203524243526e-22
YJR095W,YKR031C,1.579154923092574e-05
YJR095W,YPL192C,7.3333517320861574e-06
YJR095W,YHR107C,1.8377371846511892e-09
YJR095W,YIL037C,1.280306378248497e-06
YJR095W,YPL156C,4.748198279003191e-09
YJR095W,YIL117C,7.009139517322183e-05
YJR095W,YHR066W,4.483252169507068e-08
YJR095W,YML085C,9.136435531742482e-12
YJR095W,YML047C,0.00020946165022905916
YJR095W,YDR312W,5.004127334728992e-09
YJR095W,YFL037W,1.0083937512196617e-21
YJR095W,YDL038C,0.2020167112350464
YJR095W,YDL039C,8.959463471011576e-16
YJR095W,YCL027W,6.671170837968532e-10
YJR095W,YML124C,5.10979984029886e-16
YJR095W,YGL053W,4.3433718427410284e-11
YJR095W,YMR232W,2.239029868178477e-07
YJR095W,YNL298W,2.5551767732917563e-12
YJR095W,YGL099W,1.1170139458436454e-18
YJR095W,YBL016W,7.907801347073473e-08
YJR095W,YAL041W,3.1110296561109863e-09
YJR095W,YDR085C,5.754771104093948e-10
YJR095W,YPL187W,1.2948473233030926e-14
YJR095W,YPL256C,1.2910525812886799e-17
YJR095W,YDR461W,9.767158090613019e-16
YJR095W,YNL145W,2.0625228955295505e-12
YLL050C,YDL165W,5.61436399948434e-06
YLL050C,YGR059W,3.0948293927579584e-10
YLL050C,YBR109C,4.310773960014558e-10
YLL050C,YJL080C,4.505369020080252e-07
YLL050C,YCR093W,0.0034691160544753075
YLL050C,YIL122W,0.2273145318031311
YLL050C,YCL029C,8.598229793217178e-18
YLL050C,YNL173C,4.601482942234725e-06
YLL050C,YLR452C,1.2474070170895302e-12
YLL050C,YDL160C,7.917671496215917e-08
YLL050C,YLR229C,1.0169444067287259e-05
YLL050C,YML057W,1.6009784303605556e-05
YLL050C,YER149C,0.0011586485197767615
YLL050C,YMR305C,0.06888899207115173
YLL050C,YLR433C,2.5773904326342745e-06
YLL050C,YJL073W,9.524902822022341e-08
YLL050C,YGR279C,2.870806156352046e-06
YLL050C,YKL190W,3.1721888028683753e-13
YLL050C,YGL089C,8.024168209885829e-07
YLL050C,YJL019W,2.154199263415535e-09
YLL050C,YJL018W,0.00021137947624083608
YLL050C,YNR032C-A,0.08894924819469452
YLL050C,YGL178W,0.1434524804353714
YLL050C,YKL116C,6.003477303771678e-16
YLL050C,YDL214C,3.183419903507456e-05
YLL050C,YLR362W,0.2619735896587372
YLL050C,YER068W,0.00035991586628369987
YLL050C,YHR084W,6.198232031795481e-12
YLL050C,YDR392W,0.9918950200080872
YLL050C,YNL053W,1.5232645145246693e-09
YLL050C,YGR040W,0.00021523100440390408
YLL050C,YDL216C,0.0004734199901577085
YLL050C,YOL117W,2.102613194665537e-08
YLL050C,YJR086W,0.6767334342002869
YLL050C,YMR025W,2.2984706049555825e-07
YLL050C,YBR081C,3.0433515348704532e-05
YLL050C,YFL026W,1.0152883078262676e-05
YLL050C,YHL007C,0.11241531372070312
YLL050C,YNR044W,0.0002748277911450714
YLL050C,YNL271C,4.803267783515253e-10
YLL050C,YDR200C,0.966494083404541
YLL050C,YKL178C,0.009484777227044106
YLL050C,YOR212W,4.175494616731612e-09
YLL050C,YOL111C,6.615982074524313e-15
YLL050C,YGL032C,0.7091526985168457
YLL050C,YHR005C,4.895533493254334e-06
YLL050C,YDR103W,6.269854202400893e-05
YLL050C,YJR084W,0.9996939897537231
YLL050C,YCL032W,2.91179367195582e-06
YLL050C,YJL170C,2.122423694572717e-07
YLL050C,YDR179C,4.1856992538669147e-07
YLL050C,YBR095C,8.339056876138784e-07
YLL050C,YLL021W,3.818879577011103e-07
YLL050C,YDL159W,8.285855983558577e-07
YLL050C,YNL161W,4.626069494406693e-05
YLL050C,YNL188W,2.0494340446930437e-07
YLL050C,YJL157C,1.1649527550616767e-05
YLL050C,YJL034W,1.8485506814158725e-07
YLL050C,YLR238W,1.3808443100060686e-06
YLL050C,YPR141C,6.9129506563569976e-09
YLL050C,YNL127W,5.8851765061263e-07
YLL050C,YCL055W,0.0006263466784730554
YLL050C,YPR122W,9.095098263932344e-14
YLL050C,YMR065W,0.00039485463639721274
YLL050C,YDR356W,3.3282196998385416e-09
YLL050C,YMR052W,1.6623175724816974e-08
YLL050C,YFR008W,0.996333122253418
YLL050C,YLL043W,0.4975610673427582
YLL050C,YMR029C,0.00018243408703710884
YLL050C,YJR004C,1.7829949072734053e-08
YLL050C,YDL223C,2.349036227698611e-20
YLL050C,YHR158C,1.1517916959072534e-16
YLL050C,YGR238C,3.9299873034678856e-13
YLL050C,YIL015W,0.0008925480069592595
YLL050C,YGL173C,1.3322744322835455e-16
YLL050C,YDL225W,0.9445505142211914
YLL050C,YLR330W,8.975874266070605e-07
YLL050C,YBR129C,4.226930361284076e-09
YLL050C,YKR095W-A,0.2020167112350464
YLL050C,YPR075C,2.5688538209296095e-20
YLL050C,YMR198W,1.1897229512669583e-07
YLL050C,YOR127W,0.02697424218058586
YLL050C,YDR264C,0.0002340320497751236
YLL050C,YLR110C,0.018532028421759605
YLL050C,YDR379W,5.461388923322374e-07
YLL050C,YDL100C,2.641401579239755e-06
YLL050C,YHR073W,1.2600147556440788e-06
YLL050C,YJR090C,0.17895273864269257
YLL050C,YOR208W,6.777312137273839e-06
YLL050C,YBR040W,1.5538133766312967e-06
YLL050C,YNL279W,9.69379016169114e-07
YLL050C,YER075C,9.867442713584751e-05
YLL050C,YCR089W,1.269962467631558e-06
YLL050C,YCR002C,5.254543793853372e-05
YLL050C,YJL108C,0.6208646893501282
YLL050C,YBR200W,6.770137922496033e-11
YLL050C,YIL026C,3.766802425531068e-09
YLL050C,YJR076C,4.6917206231178454e-11
YLL050C,YKR031C,0.00010673132055671886
YLL050C,YPL192C,3.694240717777575e-07
YLL050C,YHR107C,0.0001227992179337889
YLL050C,YIL037C,0.003036441979929805
YLL050C,YPL156C,0.5833303928375244
YLL050C,YIL117C,2.3571426936541684e-05
YLL050C,YHR066W,9.500246233073995e-05
YLL050C,YML085C,5.75016292714281e-06
YLL050C,YML047C,0.0009467824129387736
YLL050C,YDR312W,1.2507188174026851e-08
YLL050C,YFL037W,1.1482751460789586e-07
YLL050C,YDL038C,0.2020167112350464
YLL050C,YDL039C,3.6291337990324024e-11
YLL050C,YCL027W,1.6251552779067424e-06
YLL050C,YML124C,1.0867580944038443e-14
YLL050C,YGL053W,9.27737055462785e-05
YLL050C,YMR232W,0.0014335642335936427
YLL050C,YNL298W,7.300544098143291e-07
YLL050C,YGL099W,2.227610984562034e-08
YLL050C,YBL016W,4.1269021266998607e-07
YLL050C,YAL041W,0.00023407085973303765
YLL050C,YDR085C,0.005874027963727713
YLL050C,YPL187W,4.323449047660688e-06
YLL050C,YPL256C,0.0019706974271684885
YLL050C,YDR461W,0.020589414983987808
YLL050C,YNL145W,0.7130448818206787
YLR376C,YDL165W,1.379345849272795e-05
YLR376C,YGR059W,1.8885507415689062e-06
YLR376C,YBR109C,0.08794724196195602
YLR376C,YJL080C,3.774913784582168e-05
YLR376C,YCR093W,5.114505938763614e-07
YLR376C,YIL122W,8.148282176989596e-06
YLR376C,YCL029C,6.080538241803879e-06
YLR376C,YNL173C,0.056054141372442245
YLR376C,YLR452C,0.9512569308280945
YLR376C,YDL160C,0.026445971801877022
YLR376C,YLR229C,0.1556638479232788
YLR376C,YML057W,8.804584838983942e-10
YLR376C,YER149C,2.1351329593244373e-09
YLR376C,YMR305C,1.8182054750681687e-09
YLR376C,YLR433C,0.0010055298916995525
YLR376C,YJL073W,5.367326849636811e-08
YLR376C,YGR279C,3.928166680822187e-09
YLR376C,YKL190W,0.6886067986488342
YLR376C,YGL089C,2.9390141662588576e-06
YLR376C,YJL019W,1.0242775942970184e-06
YLR376C,YJL018W,0.006051212083548307
YLR376C,YNR032C-A,0.24902990460395813
YLR376C,YGL178W,1.0565556749497773e-06
YLR376C,YKL116C,1.3239458418468075e-08
YLR376C,YDL214C,0.011823160573840141
YLR376C,YLR362W,6.230074518498441e-07
YLR376C,YER068W,2.461711112733411e-10
YLR376C,YHR084W,0.0018622626084834337
YLR376C,YDR392W,1.5291884425394642e-09
YLR376C,YNL053W,0.005755267105996609
YLR376C,YGR040W,0.0001420496409991756
YLR376C,YDL216C,0.0006294825579971075
YLR376C,YOL117W,0.0015001290012151003
YLR376C,YJR086W,4.23837354102119e-11
YLR376C,YMR025W,0.006834407337009907
YLR376C,YBR081C,0.7030347585678101
YLR376C,YFL026W,0.9997977614402771
YLR376C,YHL007C,0.006017281673848629
YLR376C,YNR044W,3.00705846711935e-06
YLR376C,YNL271C,5.5218940531176486e-08
YLR376C,YDR200C,4.784350835507212e-07
YLR376C,YKL178C,2.864640555344522e-05
YLR376C,YOR212W,0.7710155844688416
YLR376C,YOL111C,1.3800728311252897e-06
YLR376C,YGL032C,1.3916549505665898e-05
YLR376C,YHR005C,0.17264270782470703
YLR376C,YDR103W,0.00023374125885311514
YLR376C,YJR084W,0.002675526775419712
YLR376C,YCL032W,3.138535612379201e-05
YLR376C,YJL170C,0.053498830646276474
YLR376C,YDR179C,0.4043208360671997
YLR376C,YBR095C,0.0004463172808755189
YLR376C,YLL021W,1.0474171858732007e-06
YLR376C,YDL159W,0.00038996507646515965
YLR376C,YNL161W,4.269598719019996e-07
YLR376C,YNL188W,1.908224511737444e-08
YLR376C,YJL157C,0.9846755862236023
YLR376C,YJL034W,2.7808946470031515e-06
YLR376C,YLR238W,5.026901817473117e-06
YLR376C,YPR141C,0.00020714862330351025
YLR376C,YNL127W,0.00022217008518055081
YLR376C,YCL055W,6.886284609208815e-06
YLR376C,YPR122W,0.01042328029870987
YLR376C,YMR065W,0.007207825314253569
YLR376C,YDR356W,2.75441584562941e-06
YLR376C,YMR052W,0.000739522569347173
YLR376C,YFR008W,6.592961732110325e-09
YLR376C,YLL043W,5.20925595992594e-07
YLR376C,YMR029C,0.12717872858047485
YLR376C,YJR004C,1.3049846536716814e-08
YLR376C,YDL223C,1.4188084662691836e-07
YLR376C,YHR158C,1.0354225196351763e-05
YLR376C,YGR238C,1.9429392122960465e-11
YLR376C,YIL015W,0.006351401098072529
YLR376C,YGL173C,0.6319055557250977
YLR376C,YDL225W,0.0075190309435129166
YLR376C,YLR330W,5.360464155890199e-11
YLR376C,YBR129C,0.00017022425890900195
YLR376C,YKR095W-A,0.2020167112350464
YLR376C,YPR075C,9.551852144795703e-07
YLR376C,YMR198W,0.2627078890800476
YLR376C,YOR127W,0.00014490603643935174
YLR376C,YDR264C,3.5536981690675873e-10
YLR376C,YLR110C,2.9704979169764556e-06
YLR376C,YDR379W,0.0005587299237959087
YLR376C,YDL100C,5.319304108297729e-08
YLR376C,YHR073W,0.9907160997390747
YLR376C,YJR090C,1.4284636584704913e-08
YLR376C,YOR208W,0.00017612519150134176
YLR376C,YBR040W,0.25085270404815674
YLR376C,YNL279W,0.3441983461380005
YLR376C,YER075C,0.25248754024505615
YLR376C,YCR089W,7.579949823366405e-08
YLR376C,YCR002C,1.5908717614365742e-06
YLR376C,YJL108C,2.8740370908053592e-05
YLR376C,YBR200W,1.1596815951975259e-08
YLR376C,YIL026C,3.9397696127707604e-07
YLR376C,YJR076C,0.028071817010641098
YLR376C,YKR031C,1.309846595631825e-07
YLR376C,YPL192C,0.0023932764306664467
YLR376C,YHR107C,3.995530573064343e-10
YLR376C,YIL037C,5.9174846683163196e-05
YLR376C,YPL156C,1.1577382792893331e-05
YLR376C,YIL117C,0.04029539227485657
YLR376C,YHR066W,2.753373564701178e-07
YLR376C,YML085C,5.859396079443968e-09
YLR376C,YML047C,3.9317044866038486e-05
YLR376C,YDR312W,0.04027678072452545
YLR376C,YFL037W,0.03425711765885353
YLR376C,YDL038C,0.2020167112350464
YLR376C,YDL039C,7.5115317486051936e-06
YLR376C,YCL027W,1.0208019152191383e-10
YLR376C,YML124C,1.1214116057089996e-05
YLR376C,YGL053W,0.0020006923004984856
YLR376C,YMR232W,2.5963694497477263e-05
YLR376C,YNL298W,9.200225470351597e-09
YLR376C,YGL099W,2.2349296350220038e-13
YLR376C,YBL016W,0.28959307074546814
YLR376C,YAL041W,5.7556167121219914e-06
YLR376C,YDR085C,0.02310458943247795
YLR376C,YPL187W,2.3404751118505374e-05
YLR376C,YPL256C,6.264239345910028e-06
YLR376C,YDR461W,4.486252702662341e-09
YLR376C,YNL145W,0.8137754201889038
YOL164W,YDL165W,9.160035197800648e-14
YOL164W,YGR059W,1.4993480590419495e-07
YOL164W,YBR109C,6.297290688905832e-09
YOL164W,YJL080C,1.6409769898473314e-07
YOL164W,YCR093W,6.157485472613189e-07
YOL164W,YIL122W,1.2819753010262502e-06
YOL164W,YCL029C,1.2728638143499893e-09
YOL164W,YNL173C,0.9984732270240784
YOL164W,YLR452C,3.4111512984928705e-13
YOL164W,YDL160C,6.06193069074834e-08
YOL164W,YLR229C,0.03991132229566574
YOL164W,YML057W,1.5869116396061145e-05
YOL164W,YER149C,4.336902392765296e-09
YOL164W,YMR305C,0.8360676765441895
YOL164W,YLR433C,6.073803888284601e-06
YOL164W,YJL073W,1.9945453288983117e-08
YOL164W,YGR279C,0.0030520642176270485
YOL164W,YKL190W,0.00019162232638336718
YOL164W,YGL089C,3.413973445276497e-06
YOL164W,YJL019W,7.113317678886233e-06
YOL164W,YJL018W,0.00011663750774459913
YOL164W,YNR032C-A,0.46521303057670593
YOL164W,YGL178W,2.949308797184358e-09
YOL164W,YKL116C,9.518221304460894e-06
YOL164W,YDL214C,8.231971878558397e-05
YOL164W,YLR362W,0.0005027790903113782
YOL164W,YER068W,3.723467714711326e-11
YOL164W,YHR084W,7.043689746583816e-17
YOL164W,YDR392W,0.025765065103769302
YOL164W,YNL053W,0.027561865746974945
YOL164W,YGR040W,1.058370528994601e-07
YOL164W,YDL216C,0.1826796680688858
YOL164W,YOL117W,1.1116328096250072e-05
YOL164W,YJR086W,2.2250575057114474e-05
YOL164W,YMR025W,3.510002954953961e-08
YOL164W,YBR081C,0.9958645105361938
YOL164W,YFL026W,3.672966607509015e-13
YOL164W,YHL007C,0.004614659585058689
YOL164W,YNR044W,6.2375806919590104e-06
YOL164W,YNL271C,3.6857974919257686e-05
YOL164W,YDR200C,2.5506374186079483e-06
YOL164W,YKL178C,4.3514646747011554e-11
YOL164W,YOR212W,1.4682425061992785e-14
YOL164W,YOL111C,0.01214154064655304
YOL164W,YGL032C,8.091434965627753e-13
YOL164W,YHR005C,8.865254308432213e-09
YOL164W,YDR103W,2.4824302613524196e-09
YOL164W,YJR084W,4.591285573951609e-08
YOL164W,YCL032W,6.962236057006521e-06
YOL164W,YJL170C,0.00012179434997960925
YOL164W,YDR179C,6.65895996121435e-08
YOL164W,YBR095C,4.04737420467427e-07
YOL164W,YLL021W,7.274923393731092e-13
YOL164W,YDL159W,7.810990076961843e-09
YOL164W,YNL161W,2.301528729731217e-05
YOL164W,YNL188W,3.533545012146533e-09
YOL164W,YJL157C,4.159796639091606e-12
YOL164W,YJL034W,1.2111388277460544e-18
YOL164W,YLR238W,6.824632237112382e-07
YOL164W,YPR141C,1.8494552023184951e-07
YOL164W,YNL127W,6.8500694396789186e-06
YOL164W,YCL055W,1.108390124736637e-16
YOL164W,YPR122W,0.0007826944347470999
YOL164W,YMR065W,0.07194330543279648
YOL164W,YDR356W,0.0003771978954318911
YOL164W,YMR052W,0.24296922981739044
YOL164W,YFR008W,6.364470755970686e-11
YOL164W,YLL043W,1.0127300242857018e-07
YOL164W,YMR029C,1.6394048998336075e-06
YOL164W,YJR004C,2.6244318718227078e-08
YOL164W,YDL223C,1.4617231727243052e-06
YOL164W,YHR158C,1.8169333998230286e-05
YOL164W,YGR238C,9.339196083146817e-12
YOL164W,YIL015W,7.131193857645712e-09
YOL164W,YGL173C,0.005415548570454121
YOL164W,YDL225W,1.5127383790058957e-07
YOL164W,YLR330W,6.535594287981894e-09
YOL164W,YBR129C,2.8685385664029006e-11
YOL164W,YKR095W-A,0.2020167112350464
YOL164W,YPR075C,2.738221738241009e-08
YOL164W,YMR198W,2.604808969408623e-06
YOL164W,YOR127W,1.4565424066859123e-07
YOL164W,YDR264C,6.82115796735161e-07
YOL164W,YLR110C,0.6130985617637634
YOL164W,YDR379W,0.0002224558120360598
YOL164W,YDL100C,1.0605674121582677e-14
YOL164W,YHR073W,3.521621465552016e-07
YOL164W,YJR090C,2.5371162337251008e-05
YOL164W,YOR208W,0.12187866121530533
YOL164W,YBR040W,0.07363052666187286
YOL164W,YNL279W,0.00016790487279649824
YOL164W,YER075C,0.0012896370608359575
YOL164W,YCR089W,0.9997010827064514
YOL164W,YCR002C,2.1374688685682486e-08
YOL164W,YJL108C,0.001726365415379405
YOL164W,YBR200W,5.355221583158709e-05
YOL164W,YIL026C,4.456260649021715e-05
YOL164W,YJR076C,4.824305399608875e-09
YOL164W,YKR031C,0.004684809595346451
YOL164W,YPL192C,0.9999953508377075
YOL164W,YHR107C,7.936025212984532e-06
YOL164W,YIL037C,0.446966290473938
YOL164W,YPL156C,0.9993329644203186
YOL164W,YIL117C,3.0398953754229296e-07
YOL164W,YHR066W,2.5693857303752238e-18
YOL164W,YML085C,4.877580431639217e-05
YOL164W,YML047C,0.0004123503458686173
YOL164W,YDR312W,9.22704566619359e-05
YOL164W,YFL037W,5.9003391061907e-10
YOL164W,YDL038C,0.2020167112350464
YOL164W,YDL039C,4.852396154157723e-13
YOL164W,YCL027W,0.0031823383178561926
YOL164W,YML124C,1.9771228057519075e-11
YOL164W,YGL053W,0.004491592291742563
YOL164W,YMR232W,0.0074171340093016624
YOL164W,YNL298W,1.3605803133032168e-06
YOL164W,YGL099W,1.5508531958641214e-10
YOL164W,YBL016W,7.44764294680067e-09
YOL164W,YAL041W,1.105521008071264e-08
YOL164W,YDR085C,0.3407912254333496
YOL164W,YPL187W,6.558279710588977e-05
YOL164W,YPL256C,1.4863633934769638e-10
YOL164W,YDR461W,7.36168692407817e-21
YOL164W,YNL145W,7.024887616058351e-11
YCL039W,YDL165W,2.1139136151759885e-05
YCL039W,YGR059W,1.307934316407966e-09
YCL039W,YBR109C,2.7014526494895108e-05
YCL039W,YJL080C,1.35807027845658e-07
YCL039W,YCR093W,3.0884074865653727e-14
YCL039W,YIL122W,1.5718988407458813e-14
YCL039W,YCL029C,3.976788516546481e-14
YCL039W,YNL173C,2.4861310521373525e-05
YCL039W,YLR452C,2.2005424690557315e-15
YCL039W,YDL160C,1.8456313455317286e-06
YCL039W,YLR229C,3.303390005114648e-13
YCL039W,YML057W,1.6045201278735988e-10
YCL039W,YER149C,2.245065466865981e-08
YCL039W,YMR305C,9.009830392869844e-08
YCL039W,YLR433C,9.257601618628541e-07
YCL039W,YJL073W,2.8237535573683026e-11
YCL039W,YGR279C,0.9976466298103333
YCL039W,YKL190W,0.00018670651479624212
YCL039W,YGL089C,1.0066856473856661e-13
YCL039W,YJL019W,2.0201460675713795e-13
YCL039W,YJL018W,0.2020167112350464
YCL039W,YNR032C-A,0.15717977285385132
YCL039W,YGL178W,3.125718649243936e-06
YCL039W,YKL116C,1.7985460126421215e-12
YCL039W,YDL214C,2.092734575853683e-06
YCL039W,YLR362W,2.26783195103053e-05
YCL039W,YER068W,4.178379640507046e-06
YCL039W,YHR084W,4.560060084379134e-19
YCL039W,YDR392W,7.128687116164656e-07
YCL039W,YNL053W,1.042385830429815e-10
YCL039W,YGR040W,0.000264522444922477
YCL039W,YDL216C,0.007703818846493959
YCL039W,YOL117W,0.2584538161754608
YCL039W,YJR086W,1.357838397275657e-09
YCL039W,YMR025W,2.9709540383393573e-10
YCL039W,YBR081C,1.7538451431171193e-13
YCL039W,YFL026W,0.03834754228591919
YCL039W,YHL007C,2.1423021343003334e-11
YCL039W,YNR044W,4.602181266286087e-13
YCL039W,YNL271C,9.61555656431301e-07
YCL039W,YDR200C,2.0749164832523093e-05
YCL039W,YKL178C,1.2917228398023894e-09
YCL039W,YOR212W,0.0002494158106856048
YCL039W,YOL111C,2.385309198871255e-05
YCL039W,YGL032C,3.566414013205866e-15
YCL039W,YHR005C,1.9470860479486873e-08
YCL039W,YDR103W,2.924877549048688e-07
YCL039W,YJR084W,1.342839914286742e-05
YCL039W,YCL032W,8.856797649059445e-06
YCL039W,YJL170C,4.407060259836726e-06
YCL039W,YDR179C,2.343981952979135e-10
YCL039W,YBR095C,4.793653474166604e-08
YCL039W,YLL021W,9.053542360248912e-10
YCL039W,YDL159W,1.2028406048969487e-09
YCL039W,YNL161W,4.366710985859168e-12
YCL039W,YNL188W,6.461793766732171e-09
YCL039W,YJL157C,7.155896319943622e-09
YCL039W,YJL034W,1.8054965508773613e-11
YCL039W,YLR238W,3.0156163677297343e-10
YCL039W,YPR141C,7.814895798219368e-05
YCL039W,YNL127W,3.281456528725357e-08
YCL039W,YCL055W,8.170302628895953e-11
YCL039W,YPR122W,3.107692236881121e-08
YCL039W,YMR065W,2.350703027786949e-07
YCL039W,YDR356W,5.860614216146587e-09
YCL039W,YMR052W,4.409586917830666e-09
YCL039W,YFR008W,4.151204393565422e-06
YCL039W,YLL043W,8.235097716594031e-13
YCL039W,YMR029C,0.002215928863734007
YCL039W,YJR004C,3.314445166324731e-06
YCL039W,YDL223C,2.7776234090559626e-10
YCL039W,YHR158C,6.394061669023898e-11
YCL039W,YGR238C,2.48417909506915e-12
YCL039W,YIL015W,0.00039813073817640543
YCL039W,YGL173C,7.457075525962864e-07
YCL039W,YDL225W,1.7913044381145937e-09
YCL039W,YLR330W,1.9529223724279454e-11
YCL039W,YBR129C,8.855877808855439e-08
YCL039W,YKR095W-A,0.2020167112350464
YCL039W,YPR075C,0.0002080320118693635
YCL039W,YMR198W,1.67641712778277e-06
YCL039W,YOR127W,5.822645476882826e-08
YCL039W,YDR264C,3.150490002212791e-08
YCL039W,YLR110C,4.209419785183854e-06
YCL039W,YDR379W,3.686386529366814e-09
YCL039W,YDL100C,3.0032711872962636e-09
YCL039W,YHR073W,2.743769300650456e-07
YCL039W,YJR090C,2.8190325507965186e-12
YCL039W,YOR208W,1.225897774135079e-13
YCL039W,YBR040W,3.2145155870466624e-08
YCL039W,YNL279W,2.817225077354768e-13
YCL039W,YER075C,9.79377709359722e-20
YCL039W,YCR089W,1.0448922336712694e-17
YCL039W,YCR002C,2.2505419110530056e-06
YCL039W,YJL108C,0.002330492716282606
YCL039W,YBR200W,5.614233305095695e-05
YCL039W,YIL026C,7.901271601440385e-05
YCL039W,YJR076C,7.70348584921976e-09
YCL039W,YKR031C,1.1728749527151194e-08
YCL039W,YPL192C,0.0029547447338700294
YCL039W,YHR107C,2.7995043688278966e-14
YCL039W,YIL037C,2.117430453196789e-09
YCL039W,YPL156C,1.3748019227932673e-05
YCL039W,YIL117C,1.583177924695256e-12
YCL039W,YHR066W,1.987075171072661e-09
YCL039W,YML085C,9.291352398577146e-06
YCL039W,YML047C,0.0008152048685587943
YCL039W,YDR312W,6.619267196583678e-07
YCL039W,YFL037W,5.951154662398039e-07
YCL039W,YDL038C,0.2020167112350464
YCL039W,YDL039C,1.072544288625854e-12
YCL039W,YCL027W,3.459914854619939e-10
YCL039W,YML124C,3.039290000228512e-11
YCL039W,YGL053W,1.183745084176735e-07
YCL039W,YMR232W,1.4180118190765256e-09
YCL039W,YNL298W,2.645966501457764e-10
YCL039W,YGL099W,1.0912640791005401e-09
YCL039W,YBL016W,3.7946312758663225e-12
YCL039W,YAL041W,7.196323963398754e-07
YCL039W,YDR085C,2.9995714245778515e-10
YCL039W,YPL187W,3.099981711329747e-07
YCL039W,YPL256C,2.0865428829175414e-10
YCL039W,YDR461W,0.49990448355674744
YCL039W,YNL145W,3.4983899110940797e-10
YLR116W,YDL165W,7.052520234474002e-10
YLR116W,YGR059W,1.8091085962623765e-08
YLR116W,YBR109C,8.511072705982836e-13
YLR116W,YJL080C,1.6506164490781572e-10
YLR116W,YCR093W,2.3881134438852314e-06
YLR116W,YIL122W,8.579666838093303e-11
YLR116W,YCL029C,2.8087259124731645e-05
YLR116W,YNL173C,8.8089606720132e-08
YLR116W,YLR452C,2.7777987270383164e-06
YLR116W,YDL160C,3.1868387395661557e-06
YLR116W,YLR229C,6.344154144244385e-07
YLR116W,YML057W,2.5168524189211894e-06
YLR116W,YER149C,3.2602599731035298e-06
YLR116W,YMR305C,0.014532560482621193
YLR116W,YLR433C,1.2458990283903404e-07
YLR116W,YJL073W,5.2557007357290075e-11
YLR116W,YGR279C,9.065764606930315e-05
YLR116W,YKL190W,5.451348260976374e-05
YLR116W,YGL089C,1.4819010818803435e-15
YLR116W,YJL019W,6.553919629226357e-09
YLR116W,YJL018W,0.07505543529987335
YLR116W,YNR032C-A,0.6834788918495178
YLR116W,YGL178W,0.022813815623521805
YLR116W,YKL116C,1.4207407472710543e-09
YLR116W,YDL214C,2.1468606803409784e-07
YLR116W,YLR362W,2.5308261683676392e-05
YLR116W,YER068W,1.6089030335873084e-13
YLR116W,YHR084W,4.345257043070205e-09
YLR116W,YDR392W,2.093374166503223e-15
YLR116W,YNL053W,5.795961044441356e-09
YLR116W,YGR040W,7.628510502399877e-06
YLR116W,YDL216C,2.279422517403873e-07
YLR116W,YOL117W,1.5481394939342863e-06
YLR116W,YJR086W,2.2504779984000578e-10
YLR116W,YMR025W,3.79484710322231e-09
YLR116W,YBR081C,0.008990568108856678
YLR116W,YFL026W,5.356856490834616e-05
YLR116W,YHL007C,4.669885034225274e-10
YLR116W,YNR044W,1.3353429473283995e-08
YLR116W,YNL271C,4.122115933569148e-05
YLR116W,YDR200C,5.706495276314172e-09
YLR116W,YKL178C,1.3085848877381068e-05
YLR116W,YOR212W,1.9225479498327647e-13
YLR116W,YOL111C,3.2411485051397904e-08
YLR116W,YGL032C,0.00048424312262795866
YLR116W,YHR005C,3.8658782841594075e-07
YLR116W,YDR103W,3.354694180866119e-13
YLR116W,YJR084W,5.5408463732996294e-14
YLR116W,YCL032W,8.209378393075895e-06
YLR116W,YJL170C,6.120722900959663e-06
YLR116W,YDR179C,4.1254416771607794e-08
YLR116W,YBR095C,0.00010398868471384048
YLR116W,YLL021W,1.183167230855986e-09
YLR116W,YDL159W,1.032057009298093e-10
YLR116W,YNL161W,8.453493904880816e-09
YLR116W,YNL188W,0.15416409075260162
YLR116W,YJL157C,0.00030964220059104264
YLR116W,YJL034W,3.15384354338664e-20
YLR116W,YLR238W,0.3375707268714905
YLR116W,YPR141C,5.3115102593981334e-11
YLR116W,YNL127W,4.42114327370291e-08
YLR116W,YCL055W,1.0656862059477135e-09
YLR116W,YPR122W,0.0414913073182106
YLR116W,YMR065W,0.35376253724098206
YLR116W,YDR356W,7.4800705078814644e-06
YLR116W,YMR052W,1.6564086990911164e-08
YLR116W,YFR008W,1.3322697611783951e-08
YLR116W,YLL043W,1.965779858892347e-07
YLR116W,YMR029C,6.604049121960998e-05
YLR116W,YJR004C,8.911384270504641e-07
YLR116W,YDL223C,1.180632723068965e-14
YLR116W,YHR158C,3.1368105624096643e-07
YLR116W,YGR238C,1.4696447798313698e-16
YLR116W,YIL015W,0.0478227473795414
YLR116W,YGL173C,6.656534878857201e-08
YLR116W,YDL225W,3.2011358841455007e-11
YLR116W,YLR330W,0.00024273291637655348
YLR116W,YBR129C,5.515167345038208e-08
YLR116W,YKR095W-A,0.2020167112350464
YLR116W,YPR075C,2.8665962759077956e-07
YLR116W,YMR198W,0.0019623590633273125
YLR116W,YOR127W,0.001240395475178957
YLR116W,YDR264C,1.0955169216231297e-08
YLR116W,YLR110C,0.0027013535145670176
YLR116W,YDR379W,4.3231045765423914e-07
YLR116W,YDL100C,4.4444072955229785e-07
YLR116W,YHR073W,6.974927579950219e-11
YLR116W,YJR090C,0.00038851029239594936
YLR116W,YOR208W,0.000530880584847182
YLR116W,YBR040W,0.1274179071187973
YLR116W,YNL279W,6.0543365876242206e-09
YLR116W,YER075C,1.8043419913738035e-05
YLR116W,YCR089W,9.471538078287267e-07
YLR116W,YCR002C,1.261701410015803e-09
YLR116W,YJL108C,2.202636295578486e-09
YLR116W,YBR200W,4.1145597345915164e-11
YLR116W,YIL026C,2.106140373214771e-09
YLR116W,YJR076C,1.59664050372859e-14
YLR116W,YKR031C,1.7097080728945002e-07
YLR116W,YPL192C,0.001194999786093831
YLR116W,YHR107C,1.5685305276846861e-09
YLR116W,YIL037C,2.219572969863748e-09
YLR116W,YPL156C,3.40584591640436e-07
YLR116W,YIL117C,2.0514868026566546e-08
YLR116W,YHR066W,1.1631784822399236e-17
YLR116W,YML085C,8.432883902287358e-08
YLR116W,YML047C,8.69318755576387e-05
YLR116W,YDR312W,5.494420918239484e-08
YLR116W,YFL037W,0.008204841986298561
YLR116W,YDL038C,0.2020167112350464
YLR116W,YDL039C,3.7049885381890135e-09
YLR116W,YCL027W,0.0004769862280227244
YLR116W,YML124C,2.6519814989856005e-12
YLR116W,YGL053W,2.0059143679418412e-08
YLR116W,YMR232W,0.9944469928741455
YLR116W,YNL298W,0.003379354253411293
YLR116W,YGL099W,6.997516379669833e-07
YLR116W,YBL016W,5.102761269082379e-11
YLR116W,YAL041W,1.1018113088567816e-09
YLR116W,YDR085C,1.0455398751219036e-06
YLR116W,YPL187W,1.7669766748440452e-05
YLR116W,YPL256C,2.4737909203736974e-12
YLR116W,YDR461W,6.329390900283727e-10
YLR116W,YNL145W,0.00014063813432585448
YML095C,YDL165W,5.164330559637165e-06
YML095C,YGR059W,2.695583990394712e-12
YML095C,YBR109C,1.2022475459616544e-07
YML095C,YJL080C,2.4080600269371644e-05
YML095C,YCR093W,5.288192710395379e-07
YML095C,YIL122W,9.237612630386138e-08
YML095C,YCL029C,8.204644927900517e-07
YML095C,YNL173C,7.535889134935303e-10
YML095C,YLR452C,0.0001342639880022034
YML095C,YDL160C,4.047324975164912e-11
YML095C,YLR229C,9.520714957034215e-05
YML095C,YML057W,5.948890802187634e-08
YML095C,YER149C,3.365734528415487e-06
YML095C,YMR305C,0.03995129466056824
YML095C,YLR433C,0.04619583860039711
YML095C,YJL073W,1.546538328511815e-07
YML095C,YGR279C,5.904290674152435e-07
YML095C,YKL190W,7.649720856761633e-09
YML095C,YGL089C,8.3370302035677e-14
YML095C,YJL019W,2.4392458539135298e-12
YML095C,YJL018W,0.028843246400356293
YML095C,YNR032C-A,0.9777876138687134
YML095C,YGL178W,0.552341878414154
YML095C,YKL116C,3.0444114145211643e-06
YML095C,YDL214C,7.384586865610832e-12
YML095C,YLR362W,1.5639070483075557e-08
YML095C,YER068W,3.9068180512913386e-07
YML095C,YHR084W,8.435629752057139e-06
YML095C,YDR392W,0.00014505769649986178
YML095C,YNL053W,5.377870415632677e-16
YML095C,YGR040W,6.685915110438145e-08
YML095C,YDL216C,2.882462801778729e-08
YML095C,YOL117W,2.954192793169774e-11
YML095C,YJR086W,1.7376718119965773e-10
YML095C,YMR025W,1.1640466368589841e-09
YML095C,YBR081C,1.9877411958709075e-14
YML095C,YFL026W,0.003973173443228006
YML095C,YHL007C,0.00041158669046126306
YML095C,YNR044W,1.4293773629991957e-11
YML095C,YNL271C,0.0001863898942247033
YML095C,YDR200C,7.369461485495776e-08
YML095C,YKL178C,5.177890383708909e-15
YML095C,YOR212W,0.006126830819994211
YML095C,YOL111C,0.0015209377743303776
YML095C,YGL032C,0.0015885200118646026
YML095C,YHR005C,2.2273930255778396e-07
YML095C,YDR103W,5.375425660147926e-10
YML095C,YJR084W,1.1130637176393066e-06
YML095C,YCL032W,0.00017021677922457457
YML095C,YJL170C,0.00020847817359026521
YML095C,YDR179C,8.134516171764972e-09
YML095C,YBR095C,3.368617035448551e-05
YML095C,YLL021W,2.851400504599866e-10
YML095C,YDL159W,1.326551091196393e-09
YML095C,YNL161W,5.338547312550013e-11
YML095C,YNL188W,1.8729862105715256e-09
YML095C,YJL157C,0.00034135946771129966
YML095C,YJL034W,6.788816972402856e-05
YML095C,YLR238W,5.918869305787666e-07
YML095C,YPR141C,1.5809933756827377e-05
YML095C,YNL127W,1.7296926391185963e-10
YML095C,YCL055W,0.09138976782560349
YML095C,YPR122W,0.0011106975143775344
YML095C,YMR065W,6.3208467508957256e-06
YML095C,YDR356W,3.467291753622703e-05
YML095C,YMR052W,5.373803105612751e-06
YML095C,YFR008W,3.9233245274772344e-07
YML095C,YLL043W,1.0382679958842456e-11
YML095C,YMR029C,0.25916117429733276
YML095C,YJR004C,2.3504947987973424e-11
YML095C,YDL223C,7.26581230077461e-13
YML095C,YHR158C,0.0045739165507256985
YML095C,YGR238C,2.022818357261258e-09
YML095C,YIL015W,0.15163859724998474
YML095C,YGL173C,0.005490641575306654
YML095C,YDL225W,1.2850898201577365e-05
YML095C,YLR330W,0.0002051349583780393
YML095C,YBR129C,0.0015402678400278091
YML095C,YKR095W-A,0.2020167112350464
YML095C,YPR075C,4.843696660827845e-05
YML095C,YMR198W,0.00032578257378190756
YML095C,YOR127W,6.043711891834391e-06
YML095C,YDR264C,1.670164948563979e-07
YML095C,YLR110C,1.0903995928401855e-07
YML095C,YDR379W,0.0024312366731464863
YML095C,YDL100C,2.2581746195182717e-10
YML095C,YHR073W,1.0325424071311318e-08
YML095C,YJR090C,0.00014410025323741138
YML095C,YOR208W,1.9541623430541222e-08
YML095C,YBR040W,2.2992897863449713e-10
YML095C,YNL279W,4.81663016763112e-12
YML095C,YER075C,2.5821786039159633e-05
YML095C,YCR089W,1.327021692532071e-07
YML095C,YCR002C,4.492947311973694e-07
YML095C,YJL108C,2.0924052768211965e-10
YML095C,YBR200W,2.858790149051771e-10
YML095C,YIL026C,0.00028709048638120294
YML095C,YJR076C,0.0003363685100339353
YML095C,YKR031C,1.2226678003379732e-10
YML095C,YPL192C,0.0005061361007392406
YML095C,YHR107C,2.72072298024284e-09
YML095C,YIL037C,2.4439832102540748e-11
YML095C,YPL156C,1.42812510262047e-07
YML095C,YIL117C,0.007749950513243675
YML095C,YHR066W,1.4918698221233484e-11
YML095C,YML085C,1.0674981731906286e-10
YML095C,YML047C,0.020968889817595482
YML095C,YDR312W,0.05638750642538071
YML095C,YFL037W,1.6005968063836917e-05
YML095C,YDL038C,0.2020167112350464
YML095C,YDL039C,0.00021055353863630444
YML095C,YCL027W,1.7139592425451794e-13
YML095C,YML124C,8.473591294778926e-13
YML095C,YGL053W,5.320163318250772e-17
YML095C,YMR232W,1.9347820567894303e-10
YML095C,YNL298W,0.00015915423864498734
YML095C,YGL099W,0.0018375926883891225
YML095C,YBL016W,3.295372152933851e-07
YML095C,YAL041W,7.124564001574223e-19
YML095C,YDR085C,1.4417094744122454e-15
YML095C,YPL187W,2.1895764348300872e-06
YML095C,YPL256C,5.292655259836465e-06
YML095C,YDR461W,0.0005234170821495354
YML095C,YNL145W,7.170638127718121e-05
YIL044C,YDL165W,0.004529973492026329
YIL044C,YGR059W,2.816144615280791e-06
YIL044C,YBR109C,0.003811717266216874
YIL044C,YJL080C,1.6221894660883862e-10
YIL044C,YCR093W,3.6048753827344626e-05
YIL044C,YIL122W,0.0013723968295380473
YIL044C,YCL029C,4.235914570493993e-12
YIL044C,YNL173C,0.000596315716393292
YIL044C,YLR452C,4.825706855626777e-05
YIL044C,YDL160C,4.415532384882681e-05
YIL044C,YLR229C,5.356580368243158e-05
YIL044C,YML057W,4.795994712480933e-08
YIL044C,YER149C,9.152871825790498e-06
YIL044C,YMR305C,1.6724630995668122e-06
YIL044C,YLR433C,6.405789463315159e-07
YIL044C,YJL073W,3.183428998454474e-05
YIL044C,YGR279C,2.151219450752251e-05
YIL044C,YKL190W,1.1143441724925651e-09
YIL044C,YGL089C,4.6862859903740173e-07
YIL044C,YJL019W,6.456861592596397e-05
YIL044C,YJL018W,0.00022678136883769184
YIL044C,YNR032C-A,0.9983850717544556
YIL044C,YGL178W,1.0932733884860824e-11
YIL044C,YKL116C,2.5329613890789915e-06
YIL044C,YDL214C,0.7172821164131165
YIL044C,YLR362W,2.016130734583399e-10
YIL044C,YER068W,1.4984561369502103e-09
YIL044C,YHR084W,1.1136704487204815e-13
YIL044C,YDR392W,4.1442725444949813e-13
YIL044C,YNL053W,1.3558783393818885e-06
YIL044C,YGR040W,3.4039748797454195e-10
YIL044C,YDL216C,2.2306581115572044e-07
YIL044C,YOL117W,2.477066516348714e-07
YIL044C,YJR086W,3.3781847719183133e-07
YIL044C,YMR025W,3.524322949033376e-07
YIL044C,YBR081C,0.0009241063962690532
YIL044C,YFL026W,6.823175226600142e-06
YIL044C,YHL007C,0.0005565693136304617
YIL044C,YNR044W,1.659992449276615e-06
YIL044C,YNL271C,0.788925051689148
YIL044C,YDR200C,8.493621862726286e-06
YIL044C,YKL178C,0.28763866424560547
YIL044C,YOR212W,0.9920971393585205
YIL044C,YOL111C,1.3202474696989968e-14
YIL044C,YGL032C,0.0009031012887135148
YIL044C,YHR005C,2.4525004960196384e-07
YIL044C,YDR103W,5.507872202770159e-08
YIL044C,YJR084W,0.12790697813034058
YIL044C,YCL032W,0.00010818285954883322
YIL044C,YJL170C,0.0003825710155069828
YIL044C,YDR179C,1.0783323696863037e-13
YIL044C,YBR095C,2.1795804059365764e-05
YIL044C,YLL021W,0.9444882869720459
YIL044C,YDL159W,1.802865456786068e-17
YIL044C,YNL161W,1.0526801816013176e-05
YIL044C,YNL188W,2.9068189178360626e-05
YIL044C,YJL157C,7.546655211854159e-08
YIL044C,YJL034W,4.678846380556934e-06
YIL044C,YLR238W,4.013766556454357e-06
YIL044C,YPR141C,0.0006208543782122433
YIL044C,YNL127W,5.706709771402529e-07
YIL044C,YCL055W,3.981866484537022e-06
YIL044C,YPR122W,0.032909784466028214
YIL044C,YMR065W,0.00036169588565826416
YIL044C,YDR356W,0.0005029562162235379
YIL044C,YMR052W,0.00011344112135702744
YIL044C,YFR008W,2.1365533484640764e-06
YIL044C,YLL043W,6.386413620163012e-09
YIL044C,YMR029C,0.0001678246771916747
YIL044C,YJR004C,6.894353191455593e-06
YIL044C,YDL223C,3.46577176679741e-11
YIL044C,YHR158C,4.083507064933656e-06
YIL044C,YGR238C,1.8399219698039815e-05
YIL044C,YIL015W,0.09810853749513626
YIL044C,YGL173C,0.0001551062596263364
YIL044C,YDL225W,0.006397380493581295
YIL044C,YLR330W,0.0001183153290185146
YIL044C,YBR129C,3.0245392301786467e-10
YIL044C,YKR095W-A,0.2020167112350464
YIL044C,YPR075C,1.5945515130511012e-08
YIL044C,YMR198W,9.877305274130777e-06
YIL044C,YOR127W,2.0960050051144208e-07
YIL044C,YDR264C,5.5132684792624786e-05
YIL044C,YLR110C,4.221728886477649e-05
YIL044C,YDR379W,0.19107308983802795
YIL044C,YDL100C,0.0018839407712221146
YIL044C,YHR073W,0.00028137469780631363
YIL044C,YJR090C,0.00010283828305546194
YIL044C,YOR208W,7.017354362523487e-13
YIL044C,YBR040W,3.095756028415053e-06
YIL044C,YNL279W,0.7360944747924805
YIL044C,YER075C,2.6952152315518063e-11
YIL044C,YCR089W,1.59042663483433e-08
YIL044C,YCR002C,0.006054637487977743
YIL044C,YJL108C,6.925014872649626e-07
YIL044C,YBR200W,2.579913598310668e-06
YIL044C,YIL026C,2.006029035328538e-06
YIL044C,YJR076C,4.345529021065886e-07
YIL044C,YKR031C,0.09631169587373734
YIL044C,YPL192C,9.72546240518568e-06
YIL044C,YHR107C,8.778540632192744e-07
YIL044C,YIL037C,5.935201625106856e-05
YIL044C,YPL156C,6.712133426844957e-07
YIL044C,YIL117C,0.14074476063251495
YIL044C,YHR066W,3.728047330477796e-13
YIL044C,YML085C,0.00021796193323098123
YIL044C,YML047C,0.28156614303588867
YIL044C,YDR312W,8.17077250303555e-07
YIL044C,YFL037W,0.0033716384787112474
YIL044C,YDL038C,0.2020167112350464
YIL044C,YDL039C,2.644539860534312e-13
YIL044C,YCL027W,0.00415576808154583
YIL044C,YML124C,1.113475200931191e-09
YIL044C,YGL053W,1.457508346902614e-06
YIL044C,YMR232W,3.6742028441949515e-07
YIL044C,YNL298W,2.295851864175802e-08
YIL044C,YGL099W,3.564738726424821e-09
YIL044C,YBL016W,7.132999746417568e-10
YIL044C,YAL041W,0.7274535298347473
YIL044C,YDR085C,6.463127988354245e-08
YIL044C,YPL187W,0.30329668521881104
YIL044C,YPL256C,0.0006123132770881057
YIL044C,YDR461W,0.002846368122845888
YIL044C,YNL145W,0.09890397638082504
YLR394W,YDL165W,1.5251782059522156e-08
YLR394W,YGR059W,1.683541910324493e-07
YLR394W,YBR109C,0.00044396857265383005
YLR394W,YJL080C,2.1667228793376125e-06
YLR394W,YCR093W,0.003443875815719366
YLR394W,YIL122W,0.00026718791923485696
YLR394W,YCL029C,3.1133456559473416e-06
YLR394W,YNL173C,3.922755240637343e-06
YLR394W,YLR452C,2.423338493848931e-13
YLR394W,YDL160C,2.073613956099507e-07
YLR394W,YLR229C,5.717509576896873e-09
YLR394W,YML057W,0.005182234104722738
YLR394W,YER149C,1.4048749143180661e-12
YLR394W,YMR305C,1.0164315611405073e-08
YLR394W,YLR433C,8.972675935581265e-10
YLR394W,YJL073W,6.657532867874283e-21
YLR394W,YGR279C,3.679270429990389e-13
YLR394W,YKL190W,6.571546009581652e-07
YLR394W,YGL089C,1.5082874361813614e-18
YLR394W,YJL019W,0.007061233278363943
YLR394W,YJL018W,0.13341481983661652
YLR394W,YNR032C-A,0.9930597543716431
YLR394W,YGL178W,2.821429916366469e-07
YLR394W,YKL116C,2.0985645166060607e-10
YLR394W,YDL214C,0.00022428994998335838
YLR394W,YLR362W,0.05321838706731796
YLR394W,YER068W,2.6747715153874196e-11
YLR394W,YHR084W,9.16288489527517e-10
YLR394W,YDR392W,2.6553789211902767e-06
YLR394W,YNL053W,6.80518112972095e-08
YLR394W,YGR040W,0.2770022749900818
YLR394W,YDL216C,0.02100561559200287
YLR394W,YOL117W,0.006969261448830366
YLR394W,YJR086W,1.6981770158963627e-06
YLR394W,YMR025W,1.4953998288547155e-06
YLR394W,YBR081C,6.522224339278182e-06
YLR394W,YFL026W,2.8970517391285755e-12
YLR394W,YHL007C,1.464614092338949e-15
YLR394W,YNR044W,3.546180710189972e-11
YLR394W,YNL271C,4.53029791458448e-08
YLR394W,YDR200C,7.657983580600103e-09
YLR394W,YKL178C,2.603366633380233e-09
YLR394W,YOR212W,1.9508578930071963e-07
YLR394W,YOL111C,1.904072632896714e-06
YLR394W,YGL032C,1.4380206359021486e-08
YLR394W,YHR005C,1.804580612477474e-15
YLR394W,YDR103W,0.5483260750770569
YLR394W,YJR084W,2.186008487115032e-06
YLR394W,YCL032W,7.162628753576428e-05
YLR394W,YJL170C,0.0356365330517292
YLR394W,YDR179C,4.6362267323851736e-12
YLR394W,YBR095C,0.65812087059021
YLR394W,YLL021W,3.5230628669653905e-15
YLR394W,YDL159W,1.7227906601302578e-11
YLR394W,YNL161W,4.1295083974546287e-07
YLR394W,YNL188W,1.2642012436892003e-10
YLR394W,YJL157C,6.2735421302306804e-09
YLR394W,YJL034W,1.0138968657702474e-12
YLR394W,YLR238W,3.097933642948192e-07
YLR394W,YPR141C,1.6542866252203248e-12
YLR394W,YNL127W,1.0108708501927026e-20
YLR394W,YCL055W,9.356847761876619e-12
YLR394W,YPR122W,0.0667557567358017
YLR394W,YMR065W,2.7346983184906026e-12
YLR394W,YDR356W,2.4659804864768375e-08
YLR394W,YMR052W,2.1039757314156304e-07
YLR394W,YFR008W,3.0903613890131965e-08
YLR394W,YLL043W,4.507456907720808e-12
YLR394W,YMR029C,0.006313386373221874
YLR394W,YJR004C,6.637656570218642e-12
YLR394W,YDL223C,0.7501479983329773
YLR394W,YHR158C,1.9719266219908604e-06
YLR394W,YGR238C,1.3288885547524387e-09
YLR394W,YIL015W,5.97805970849706e-14
YLR394W,YGL173C,1.7430270560225836e-09
YLR394W,YDL225W,0.01169514749199152
YLR394W,YLR330W,0.7519909739494324
YLR394W,YBR129C,4.265378095169581e-07
YLR394W,YKR095W-A,0.2020167112350464
YLR394W,YPR075C,6.124913770610974e-11
YLR394W,YMR198W,1.1306243941078264e-08
YLR394W,YOR127W,6.496289617352602e-11
YLR394W,YDR264C,0.0044797128066420555
YLR394W,YLR110C,1.4073919373913668e-05
YLR394W,YDR379W,0.0009705561096780002
YLR394W,YDL100C,1.3177760216365186e-08
YLR394W,YHR073W,5.743470978814003e-07
YLR394W,YJR090C,8.487327818329504e-08
YLR394W,YOR208W,0.0005248339148238301
YLR394W,YBR040W,2.9014467152650714e-13
YLR394W,YNL279W,5.508985623237095e-07
YLR394W,YER075C,2.3524469725089148e-05
YLR394W,YCR089W,2.581330171835816e-08
YLR394W,YCR002C,0.00017543967987876385
YLR394W,YJL108C,0.1193925142288208
YLR394W,YBR200W,6.080927778384648e-05
YLR394W,YIL026C,1.140142899203056e-06
YLR394W,YJR076C,2.896383755057741e-08
YLR394W,YKR031C,2.8960583222215064e-05
YLR394W,YPL192C,0.04980875551700592
YLR394W,YHR107C,1.285776707327102e-09
YLR394W,YIL037C,2.319334498679382e-06
YLR394W,YPL156C,0.08633369207382202
YLR394W,YIL117C,4.032502260997717e-07
YLR394W,YHR066W,5.967456346775424e-13
YLR394W,YML085C,4.9841283877860576e-11
YLR394W,YML047C,1.5933482018226641e-06
YLR394W,YDR312W,7.132383572638901e-11
YLR394W,YFL037W,1.6277133909170516e-05
YLR394W,YDL038C,0.2020167112350464
YLR394W,YDL039C,1.1499709774113066e-14
YLR394W,YCL027W,4.270071709416845e-13
YLR394W,YML124C,9.052155556979035e-15
YLR394W,YGL053W,0.006681866478174925
YLR394W,YMR232W,4.3414860556367785e-05
YLR394W,YNL298W,2.0750946987391217e-06
YLR394W,YGL099W,3.666453686474282e-15
YLR394W,YBL016W,1.6504040800668918e-08
YLR394W,YAL041W,0.002806801116093993
YLR394W,YDR085C,0.0011802189983427525
YLR394W,YPL187W,1.1918915854280954e-10
YLR394W,YPL256C,1.5903918459958533e-10
YLR394W,YDR461W,4.127434505285521e-11
YLR394W,YNL145W,2.0000643363715653e-09
YJR136C,YDL165W,0.001144874608144164
YJR136C,YGR059W,1.584192978043575e-05
YJR136C,YBR109C,5.853495395058417e-07
YJR136C,YJL080C,0.09553205966949463
YJR136C,YCR093W,0.0033418426755815744
YJR136C,YIL122W,1.399517373101844e-07
YJR136C,YCL029C,4.859799673795351e-07
YJR136C,YNL173C,4.435954936710118e-10
YJR136C,YLR452C,7.157179788919166e-05
YJR136C,YDL160C,1.3364648111746646e-05
YJR136C,YLR229C,0.0008439838420599699
YJR136C,YML057W,1.1961970969309732e-08
YJR136C,YER149C,0.0044369823299348354
YJR136C,YMR305C,1.4156514680507826e-06
YJR136C,YLR433C,1.656238623581885e-06
YJR136C,YJL073W,1.0746052658827665e-10
YJR136C,YGR279C,2.179202596153118e-08
YJR136C,YKL190W,1.4650010598415975e-05
YJR136C,YGL089C,1.244339387085347e-08
YJR136C,YJL019W,4.1883424506394817e-10
YJR136C,YJL018W,0.004274908918887377
YJR136C,YNR032C-A,0.9006755948066711
YJR136C,YGL178W,2.059323560388293e-05
YJR136C,YKL116C,9.869858402788978e-12
YJR136C,YDL214C,4.583356361109736e-09
YJR136C,YLR362W,7.805650570347211e-11
YJR136C,YER068W,1.014251876929606e-10
YJR136C,YHR084W,3.899530920392635e-09
YJR136C,YDR392W,1.4907703871358535e-07
YJR136C,YNL053W,5.652718300552806e-06
YJR136C,YGR040W,0.0026201969012618065
YJR136C,YDL216C,1.523047288287671e-08
YJR136C,YOL117W,1.8825059289184765e-09
YJR136C,YJR086W,5.021861155000626e-14
YJR136C,YMR025W,1.2271173410738356e-08
YJR136C,YBR081C,1.5063183127494995e-05
YJR136C,YFL026W,3.5009230487048626e-05
YJR136C,YHL007C,1.0135030237279352e-07
YJR136C,YNR044W,9.611067980586085e-06
YJR136C,YNL271C,2.7458209927999633e-08
YJR136C,YDR200C,6.521078432797367e-08
YJR136C,YKL178C,2.796231513002567e-07
YJR136C,YOR212W,7.909752457635477e-05
YJR136C,YOL111C,1.1286329648640958e-09
YJR136C,YGL032C,0.26058200001716614
YJR136C,YHR005C,4.2246477960361517e-07
YJR136C,YDR103W,2.6390372909190773e-07
YJR136C,YJR084W,5.874331918676035e-07
YJR136C,YCL032W,8.529766404308248e-08
YJR136C,YJL170C,1.17274288058411e-08
YJR136C,YDR179C,2.370516456740024e-11
YJR136C,YBR095C,0.00011698926391545683
YJR136C,YLL021W,4.773924366929805e-09
YJR136C,YDL159W,9.249089341634154e-12
YJR136C,YNL161W,1.1334824989717163e-07
YJR136C,YNL188W,2.3184789955875656e-16
YJR136C,YJL157C,3.340577313792892e-05
YJR136C,YJL034W,9.880448747308281e-15
YJR136C,YLR238W,2.6351087455601652e-17
YJR136C,YPR141C,1.2957598016782867e-07
YJR136C,YNL127W,0.5848814845085144
YJR136C,YCL055W,1.1560987722702976e-09
YJR136C,YPR122W,8.494192297803238e-05
YJR136C,YMR065W,2.8158492568763904e-05
YJR136C,YDR356W,7.76203901153849e-09
YJR136C,YMR052W,1.0191726573793858e-08
YJR136C,YFR008W,1.7865410484319e-07
YJR136C,YLL043W,2.801529490170651e-06
YJR136C,YMR029C,1.0913126970990561e-05
YJR136C,YJR004C,5.364494265469588e-11
YJR136C,YDL223C,5.014551440751802e-09
YJR136C,YHR158C,0.00013556214980781078
YJR136C,YGR238C,1.9849269961014215e-07
YJR136C,YIL015W,0.11068448424339294
YJR136C,YGL173C,0.004917645361274481
YJR136C,YDL225W,1.7833783338971898e-09
YJR136C,YLR330W,5.714748674279235e-10
YJR136C,YBR129C,2.3190252683110736e-14
YJR136C,YKR095W-A,0.2020167112350464
YJR136C,YPR075C,3.1082147272654126e-11
YJR136C,YMR198W,7.14088477238306e-09
YJR136C,YOR127W,2.4704847056966628e-09
YJR136C,YDR264C,0.013345964252948761
YJR136C,YLR110C,0.2295951247215271
YJR136C,YDR379W,0.00045071280328556895
YJR136C,YDL100C,0.0003209086717106402
YJR136C,YHR073W,2.1846211950560246e-08
YJR136C,YJR090C,0.00012625478848349303
YJR136C,YOR208W,2.1671773383375722e-16
YJR136C,YBR040W,0.01588449813425541
YJR136C,YNL279W,6.516179240634301e-08
YJR136C,YER075C,0.001090700039640069
YJR136C,YCR089W,2.5324973762508307e-07
YJR136C,YCR002C,7.052256023598602e-06
YJR136C,YJL108C,2.76384156450149e-07
YJR136C,YBR200W,8.230480641642501e-13
YJR136C,YIL026C,0.0003269677690695971
YJR136C,YJR076C,7.687754259677604e-05
YJR136C,YKR031C,4.8866124416235834e-05
YJR136C,YPL192C,9.351811058877502e-06
YJR136C,YHR107C,4.51848158888879e-09
YJR136C,YIL037C,4.15895992773585e-05
YJR136C,YPL156C,6.439428545945702e-08
YJR136C,YIL117C,1.4528935935231857e-05
YJR136C,YHR066W,1.128511346870642e-11
YJR136C,YML085C,8.080674150645617e-12
YJR136C,YML047C,1.8772505328001898e-08
YJR136C,YDR312W,3.817106062342646e-06
YJR136C,YFL037W,2.6569271227572244e-09
YJR136C,YDL038C,0.2020167112350464
YJR136C,YDL039C,2.4694325699418408e-14
YJR136C,YCL027W,0.027873627841472626
YJR136C,YML124C,1.0948823445100508e-11
YJR136C,YGL053W,3.2477159850330395e-11
YJR136C,YMR232W,0.00020463994587771595
YJR136C,YNL298W,1.1804131645476446e-06
YJR136C,YGL099W,7.935219321908438e-13
YJR136C,YBL016W,0.00027819405659101903
YJR136C,YAL041W,3.8749251984881994e-07
YJR136C,YDR085C,6.930746124581e-13
YJR136C,YPL187W,1.828433404682528e-09
YJR136C,YPL256C,1.0339189226993284e-10
YJR136C,YDR461W,0.0013628652086481452
YJR136C,YNL145W,0.25262483954429626
YIL124W,YDL165W,1.0544786164246034e-05
YIL124W,YGR059W,2.205234909610776e-12
YIL124W,YBR109C,0.8532572984695435
YIL124W,YJL080C,8.001820235060964e-13
YIL124W,YCR093W,0.962164044380188
YIL124W,YIL122W,0.2822034955024719
YIL124W,YCL029C,9.722383488564024e-12
YIL124W,YNL173C,4.0871904616324173e-07
YIL124W,YLR452C,0.002909544389694929
YIL124W,YDL160C,1.795340409671553e-07
YIL124W,YLR229C,0.0017820724751800299
YIL124W,YML057W,1.6841787296370536e-12
YIL124W,YER149C,0.0016521038487553596
YIL124W,YMR305C,4.074583213691495e-14
YIL124W,YLR433C,8.966726016204629e-13
YIL124W,YJL073W,1.9694708222535743e-15
YIL124W,YGR279C,0.07941567897796631
YIL124W,YKL190W,6.514060260087717e-07
YIL124W,YGL089C,0.9625273942947388
YIL124W,YJL019W,2.1721456577861176e-10
YIL124W,YJL018W,0.00492881191894412
YIL124W,YNR032C-A,0.000903724052477628
YIL124W,YGL178W,0.0050904592499136925
YIL124W,YKL116C,2.5089741839678936e-08
YIL124W,YDL214C,0.0021597081795334816
YIL124W,YLR362W,4.0763385722453194e-11
YIL124W,YER068W,2.6814264586505487e-08
YIL124W,YHR084W,2.382953612212191e-09
YIL124W,YDR392W,2.6274646347523856e-10
YIL124W,YNL053W,4.5475607635125925e-07
YIL124W,YGR040W,0.3588820993900299
YIL124W,YDL216C,0.9979674220085144
YIL124W,YOL117W,0.0003416349063627422
YIL124W,YJR086W,0.003252483671531081
YIL124W,YMR025W,0.9906256198883057
YIL124W,YBR081C,1.8363652612429782e-11
YIL124W,YFL026W,3.2919672321440885e-07
YIL124W,YHL007C,1.6971021068457048e-06
YIL124W,YNR044W,0.8968204259872437
YIL124W,YNL271C,2.3941620241885175e-08
YIL124W,YDR200C,8.702676801419784e-09
YIL124W,YKL178C,0.3234131336212158
YIL124W,YOR212W,1.3268281438827412e-11
YIL124W,YOL111C,7.307890403929207e-11
YIL124W,YGL032C,1.7833180265824922e-08
YIL124W,YHR005C,0.00491485558450222
YIL124W,YDR103W,2.723107250801604e-08
YIL124W,YJR084W,1.7009238462151188e-08
YIL124W,YCL032W,1.4312709026853554e-05
YIL124W,YJL170C,0.00018789681780617684
YIL124W,YDR179C,1.3128192109801429e-11
YIL124W,YBR095C,0.0025590674486011267
YIL124W,YLL021W,4.726313199317211e-13
YIL124W,YDL159W,1.5850752784971056e-12
YIL124W,YNL161W,0.0026771582197397947
YIL124W,YNL188W,3.570348326320527e-06
YIL124W,YJL157C,3.35788730154718e-10
YIL124W,YJL034W,2.1398478475265215e-11
YIL124W,YLR238W,2.4061685977017078e-09
YIL124W,YPR141C,5.402794571863871e-15
YIL124W,YNL127W,0.00018059639842249453
YIL124W,YCL055W,2.0859721061583514e-08
YIL124W,YPR122W,8.074588549789041e-05
YIL124W,YMR065W,0.0005050399922765791
YIL124W,YDR356W,6.724884104442053e-12
YIL124W,YMR052W,0.5840035080909729
YIL124W,YFR008W,1.4795627123476152e-07
YIL124W,YLL043W,9.981914445233997e-06
YIL124W,YMR029C,4.2739819150483527e-07
YIL124W,YJR004C,6.084542292228434e-08
YIL124W,YDL223C,1.422043804596724e-14
YIL124W,YHR158C,2.6208027414931223e-10
YIL124W,YGR238C,8.407808954266627e-13
YIL124W,YIL015W,1.297848120884737e-05
YIL124W,YGL173C,0.005748608149588108
YIL124W,YDL225W,0.0018245086539536715
YIL124W,YLR330W,6.122519852214126e-11
YIL124W,YBR129C,1.8338201925871545e-06
YIL124W,YKR095W-A,0.2020167112350464
YIL124W,YPR075C,7.381317761783386e-20
YIL124W,YMR198W,7.613798658212545e-08
YIL124W,YOR127W,0.0002830342564266175
YIL124W,YDR264C,5.116056467358021e-10
YIL124W,YLR110C,4.1599039832362905e-05
YIL124W,YDR379W,5.156013139639981e-05
YIL124W,YDL100C,9.157138858634762e-17
YIL124W,YHR073W,1.7101058347179787e-06
YIL124W,YJR090C,1.914495051380527e-08
YIL124W,YOR208W,1.0909336585138152e-12
YIL124W,YBR040W,0.16449040174484253
YIL124W,YNL279W,6.798531444474065e-07
YIL124W,YER075C,2.1832953223110962e-09
YIL124W,YCR089W,1.3471636187232378e-13
YIL124W,YCR002C,1.5603388026086407e-10
YIL124W,YJL108C,0.03402474895119667
YIL124W,YBR200W,3.0726255317858886e-06
YIL124W,YIL026C,2.0512242078496445e-12
YIL124W,YJR076C,3.539070903002539e-08
YIL124W,YKR031C,1.1243152897577602e-07
YIL124W,YPL192C,9.926321986597486e-09
YIL124W,YHR107C,1.4210957033355953e-07
YIL124W,YIL037C,0.1895247995853424
YIL124W,YPL156C,0.00749480165541172
YIL124W,YIL117C,0.012507079169154167
YIL124W,YHR066W,2.0887347840919945e-12
YIL124W,YML085C,0.09120442718267441
YIL124W,YML047C,0.003707809606567025
YIL124W,YDR312W,6.123696749682495e-08
YIL124W,YFL037W,1.052639390763943e-06
YIL124W,YDL038C,0.2020167112350464
YIL124W,YDL039C,1.1824458513026714e-12
YIL124W,YCL027W,0.0007479866035282612
YIL124W,YML124C,0.011675834655761719
YIL124W,YGL053W,6.179331268896249e-09
YIL124W,YMR232W,0.008862089365720749
YIL124W,YNL298W,0.0025015491992235184
YIL124W,YGL099W,8.075042856603432e-10
YIL124W,YBL016W,1.3496816109181964e-07
YIL124W,YAL041W,0.0001747546630213037
YIL124W,YDR085C,3.8944037328292325e-08
YIL124W,YPL187W,0.9425978660583496
YIL124W,YPL256C,2.3021586373350722e-11
YIL124W,YDR461W,2.1517282178251662e-08
YIL124W,YNL145W,3.8965317799011245e-05
YOL043C,YDL165W,8.5542642409564e-06
YOL043C,YGR059W,1.0566711353021674e-05
YOL043C,YBR109C,0.002609232673421502
YOL043C,YJL080C,2.4452040392475283e-08
YOL043C,YCR093W,0.13682734966278076
YOL043C,YIL122W,0.12038323283195496
YOL043C,YCL029C,1.9856213384628063e-06
YOL043C,YNL173C,7.203335150585133e-12
YOL043C,YLR452C,0.009223360568284988
YOL043C,YDL160C,2.6756774573755138e-09
YOL043C,YLR229C,1.3212525118433405e-06
YOL043C,YML057W,0.00037330668419599533
YOL043C,YER149C,0.011280232109129429
YOL043C,YMR305C,1.728847447146631e-11
YOL043C,YLR433C,2.9977638860145817e-06
YOL043C,YJL073W,5.670108293998055e-08
YOL043C,YGR279C,0.002686633262783289
YOL043C,YKL190W,1.9352751223777886e-06
YOL043C,YGL089C,8.572210390411783e-07
YOL043C,YJL019W,2.0787162213764532e-07
YOL043C,YJL018W,0.0016339600551873446
YOL043C,YNR032C-A,0.0604395754635334
YOL043C,YGL178W,8.349712743438431e-07
YOL043C,YKL116C,1.2563933751152945e-06
YOL043C,YDL214C,0.017282845452427864
YOL043C,YLR362W,0.005413540173321962
YOL043C,YER068W,7.489519560088809e-10
YOL043C,YHR084W,4.670473452428325e-10
YOL043C,YDR392W,0.00017745792865753174
YOL043C,YNL053W,1.0236422554044111e-07
YOL043C,YGR040W,1.1907984571735142e-06
YOL043C,YDL216C,4.502586762100691e-06
YOL043C,YOL117W,1.4217886246115086e-06
YOL043C,YJR086W,2.722629915297148e-06
YOL043C,YMR025W,0.9572762846946716
YOL043C,YBR081C,7.294332317542285e-05
YOL043C,YFL026W,0.009294509887695312
YOL043C,YHL007C,0.03597436472773552
YOL043C,YNR044W,0.0008723163628019392
YOL043C,YNL271C,8.322568646690343e-06
YOL043C,YDR200C,2.082044375129044e-05
YOL043C,YKL178C,0.6802269220352173
YOL043C,YOR212W,2.514187144697644e-06
YOL043C,YOL111C,1.4932954400137533e-05
YOL043C,YGL032C,3.054616559694523e-10
YOL043C,YHR005C,0.0797126367688179
YOL043C,YDR103W,0.0007994583575055003
YOL043C,YJR084W,0.9999475479125977
YOL043C,YCL032W,0.8512057662010193
YOL043C,YJL170C,0.12411477416753769
YOL043C,YDR179C,0.0004901390057057142
YOL043C,YBR095C,2.6907850042334758e-05
YOL043C,YLL021W,9.793199751584325e-06
YOL043C,YDL159W,0.006066790781915188
YOL043C,YNL161W,1.1189290489710402e-06
YOL043C,YNL188W,0.0002335663593839854
YOL043C,YJL157C,1.915776782004941e-12
YOL043C,YJL034W,2.2067861871379594e-17
YOL043C,YLR238W,0.004247366916388273
YOL043C,YPR141C,0.005971294362097979
YOL043C,YNL127W,4.365934728411958e-06
YOL043C,YCL055W,1.0345482109874737e-10
YOL043C,YPR122W,0.27593424916267395
YOL043C,YMR065W,0.4521976411342621
YOL043C,YDR356W,1.2796404007531237e-05
YOL043C,YMR052W,1.2419540063035583e-08
YOL043C,YFR008W,0.8984660506248474
YOL043C,YLL043W,4.3866186238972205e-09
YOL043C,YMR029C,0.028579873964190483
YOL043C,YJR004C,1.605583747732453e-05
YOL043C,YDL223C,1.5131193173423263e-11
YOL043C,YHR158C,0.5226985812187195
YOL043C,YGR238C,1.6400475541435838e-13
YOL043C,YIL015W,0.9628189206123352
YOL043C,YGL173C,0.14478984475135803
YOL043C,YDL225W,4.884336703980807e-06
YOL043C,YLR330W,1.903054709373464e-07
YOL043C,YBR129C,1.989211114050704e-06
YOL043C,YKR095W-A,0.2020167112350464
YOL043C,YPR075C,0.012185744009912014
YOL043C,YMR198W,0.4030376374721527
YOL043C,YOR127W,1.3134708751749713e-05
YOL043C,YDR264C,0.804983913898468
YOL043C,YLR110C,0.022624263539910316
YOL043C,YDR379W,3.482352985884063e-05
YOL043C,YDL100C,2.2927121312577015e-10
YOL043C,YHR073W,5.929055646447523e-08
YOL043C,YJR090C,0.6924706101417542
YOL043C,YOR208W,0.0002132357330992818
YOL043C,YBR040W,0.7835119962692261
YOL043C,YNL279W,8.688804200573941e-07
YOL043C,YER075C,0.00019009261450264603
YOL043C,YCR089W,4.662108040065505e-06
YOL043C,YCR002C,1.1180330147908535e-05
YOL043C,YJL108C,0.9906304478645325
YOL043C,YBR200W,2.2492138214147417e-06
YOL043C,YIL026C,0.0009106390061788261
YOL043C,YJR076C,7.347901487264608e-07
YOL043C,YKR031C,0.0677691400051117
YOL043C,YPL192C,0.0001273750385735184
YOL043C,YHR107C,9.241046791430563e-05
YOL043C,YIL037C,0.9864880442619324
YOL043C,YPL156C,0.050738438963890076
YOL043C,YIL117C,0.7329322099685669
YOL043C,YHR066W,3.7557518808286824e-14
YOL043C,YML085C,6.260914502771373e-14
YOL043C,YML047C,0.9473374485969543
YOL043C,YDR312W,0.03319140523672104
YOL043C,YFL037W,2.671454637365178e-13
YOL043C,YDL038C,0.2020167112350464
YOL043C,YDL039C,7.606379689145259e-16
YOL043C,YCL027W,0.01951868273317814
YOL043C,YML124C,1.2271282080755785e-13
YOL043C,YGL053W,0.7537665367126465
YOL043C,YMR232W,0.018333280459046364
YOL043C,YNL298W,7.106757402652875e-05
YOL043C,YGL099W,2.2257186599403816e-14
YOL043C,YBL016W,2.5552435545250773e-07
YOL043C,YAL041W,7.907648864602379e-07
YOL043C,YDR085C,0.6287388205528259
YOL043C,YPL187W,0.0017893635667860508
YOL043C,YPL256C,1.3067872339789233e-09
YOL043C,YDR461W,5.012631369011311e-12
YOL043C,YNL145W,2.0113075649419443e-09
YDL210W,YDL165W,3.3641901655938333e-13
YDL210W,YGR059W,1.3268559861945306e-11
YDL210W,YBR109C,1.7912043105260816e-14
YDL210W,YJL080C,8.543291941942588e-13
YDL210W,YCR093W,1.829197060487786e-07
YDL210W,YIL122W,0.00021636304154526442
YDL210W,YCL029C,8.710043862374117e-14
YDL210W,YNL173C,2.776235630275181e-10
YDL210W,YLR452C,4.205990578043384e-08
YDL210W,YDL160C,1.3307065171996868e-10
YDL210W,YLR229C,1.1940658623643685e-05
YDL210W,YML057W,6.1364542767105516e-15
YDL210W,YER149C,0.002491420367732644
YDL210W,YMR305C,5.39964323253983e-11
YDL210W,YLR433C,7.164037469920004e-07
YDL210W,YJL073W,0.47060227394104004
YDL210W,YGR279C,2.380541445745621e-06
YDL210W,YKL190W,0.0024839420802891254
YDL210W,YGL089C,0.030704539269208908
YDL210W,YJL019W,0.00320711568929255
YDL210W,YJL018W,0.00027804262936115265
YDL210W,YNR032C-A,9.182089343084954e-06
YDL210W,YGL178W,0.0003533269336912781
YDL210W,YKL116C,4.4659398401591943e-10
YDL210W,YDL214C,5.7845223722097217e-08
YDL210W,YLR362W,3.105600399067043e-08
YDL210W,YER068W,5.338288600645671e-20
YDL210W,YHR084W,0.9959657192230225
YDL210W,YDR392W,1.1580889025530894e-10
YDL210W,YNL053W,0.0003073967818636447
YDL210W,YGR040W,2.0831013358701966e-08
YDL210W,YDL216C,4.980358347950187e-10
YDL210W,YOL117W,0.00010952894081128761
YDL210W,YJR086W,1.0015634155369213e-11
YDL210W,YMR025W,3.178880492171743e-10
YDL210W,YBR081C,1.6582869477588247e-07
YDL210W,YFL026W,1.9770220183179532e-10
YDL210W,YHL007C,9.28753429718654e-09
YDL210W,YNR044W,1.682464172321485e-12
YDL210W,YNL271C,6.548145393026061e-06
YDL210W,YDR200C,2.8949154511792585e-05
YDL210W,YKL178C,4.161133983870968e-05
YDL210W,YOR212W,3.58326107501028e-12
YDL210W,YOL111C,3.155834929202683e-05
YDL210W,YGL032C,1.3283352018333972e-05
YDL210W,YHR005C,4.847229473408038e-15
YDL210W,YDR103W,4.816051203671012e-12
YDL210W,YJR084W,4.707160439210156e-09
YDL210W,YCL032W,0.0002618463186081499
YDL210W,YJL170C,3.945509961496632e-14
YDL210W,YDR179C,0.0012090143281966448
YDL210W,YBR095C,2.100853890943952e-15
YDL210W,YLL021W,9.892888556350954e-06
YDL210W,YDL159W,5.489580985340581e-07
YDL210W,YNL161W,0.04227123036980629
YDL210W,YNL188W,3.3391193456078216e-12
YDL210W,YJL157C,2.6353257354116977e-09
YDL210W,YJL034W,2.4974575359160145e-12
YDL210W,YLR238W,3.8450373440745977e-10
YDL210W,YPR141C,0.03750663995742798
YDL210W,YNL127W,3.242484680754387e-08
YDL210W,YCL055W,2.5623287001508288e-05
YDL210W,YPR122W,0.0005250100512057543
YDL210W,YMR065W,9.760428021365897e-10
YDL210W,YDR356W,7.174970795449653e-14
YDL210W,YMR052W,2.392183944266435e-07
YDL210W,YFR008W,1.1298936009040972e-08
YDL210W,YLL043W,4.462073775357567e-05
YDL210W,YMR029C,5.8278426529057015e-09
YDL210W,YJR004C,9.132768430397675e-10
YDL210W,YDL223C,7.045474035294319e-07
YDL210W,YHR158C,1.1875495253832469e-08
YDL210W,YGR238C,0.0005296866875141859
YDL210W,YIL015W,1.5237510808674415e-07
YDL210W,YGL173C,0.058464277535676956
YDL210W,YDL225W,5.89607437309278e-14
YDL210W,YLR330W,4.697491310864943e-13
YDL210W,YBR129C,5.110627032678394e-09
YDL210W,YKR095W-A,0.2020167112350464
YDL210W,YPR075C,3.369475234649144e-05
YDL210W,YMR198W,0.8932049870491028
YDL210W,YOR127W,1.024301887753154e-08
YDL210W,YDR264C,6.692214782333394e-09
YDL210W,YLR110C,0.047451201826334
YDL210W,YDR379W,9.281176062359009e-06
YDL210W,YDL100C,1.3098103331110611e-11
YDL210W,YHR073W,3.3921043057771882e-12
YDL210W,YJR090C,2.8305073840328987e-09
YDL210W,YOR208W,0.0001948469434864819
YDL210W,YBR040W,1.2655795300631212e-09
YDL210W,YNL279W,6.928324182808865e-06
YDL210W,YER075C,0.23143291473388672
YDL210W,YCR089W,1.0451679164258211e-16
YDL210W,YCR002C,1.1084432038899195e-08
YDL210W,YJL108C,1.5963744104396937e-08
YDL210W,YBR200W,2.0029041536417935e-07
YDL210W,YIL026C,0.004910389427095652
YDL210W,YJR076C,3.142904176911543e-07
YDL210W,YKR031C,1.1520046028223874e-09
YDL210W,YPL192C,0.5665373206138611
YDL210W,YHR107C,0.014140542596578598
YDL210W,YIL037C,0.02171660214662552
YDL210W,YPL156C,6.6307358792983e-05
YDL210W,YIL117C,0.002068650210276246
YDL210W,YHR066W,4.286891286398031e-09
YDL210W,YML085C,3.303385653907753e-08
YDL210W,YML047C,1.175140318387946e-09
YDL210W,YDR312W,2.018966799299804e-10
YDL210W,YFL037W,2.378643948475201e-09
YDL210W,YDL038C,0.2020167112350464
YDL210W,YDL039C,5.7524256469321244e-09
YDL210W,YCL027W,6.494385029753857e-10
YDL210W,YML124C,4.913969621836434e-13
YDL210W,YGL053W,5.476287703169746e-16
YDL210W,YMR232W,0.0031072753481566906
YDL210W,YNL298W,1.9948600549213324e-09
YDL210W,YGL099W,3.2462628496432444e-07
YDL210W,YBL016W,1.3531990816773032e-06
YDL210W,YAL041W,2.211046012234874e-05
YDL210W,YDR085C,5.114846999276779e-07
YDL210W,YPL187W,2.9944837933726376e-06
YDL210W,YPL256C,1.8194586462461082e-12
YDL210W,YDR461W,3.9433626142226785e-08
YDL210W,YNL145W,1.2098338874640254e-15
YDR497C,YDL165W,4.3874048816748557e-13
YDR497C,YGR059W,2.07733918955455e-09
YDR497C,YBR109C,4.355024587482381e-12
YDR497C,YJL080C,2.832647716388692e-08
YDR497C,YCR093W,0.09392166137695312
YDR497C,YIL122W,2.1821223938900403e-08
YDR497C,YCL029C,2.127359538528495e-10
YDR497C,YNL173C,0.00014350857236422598
YDR497C,YLR452C,2.711465209247062e-24
YDR497C,YDL160C,8.260351023636758e-05
YDR497C,YLR229C,0.0010487978579476476
YDR497C,YML057W,2.2126376252040725e-12
YDR497C,YER149C,1.2898331708255384e-11
YDR497C,YMR305C,6.015175024742803e-10
YDR497C,YLR433C,8.579339224722843e-15
YDR497C,YJL073W,4.6669777417629454e-12
YDR497C,YGR279C,0.0008139652200043201
YDR497C,YKL190W,3.5769247119787906e-08
YDR497C,YGL089C,0.0012572727864608169
YDR497C,YJL019W,0.0006294726626947522
YDR497C,YJL018W,0.03279447183012962
YDR497C,YNR032C-A,4.516037108714954e-07
YDR497C,YGL178W,1.6477486042276723e-09
YDR497C,YKL116C,3.0763406145412064e-12
YDR497C,YDL214C,0.007843522354960442
YDR497C,YLR362W,3.046522723763184e-14
YDR497C,YER068W,5.127311055730388e-07
YDR497C,YHR084W,1.4335914725292775e-13
YDR497C,YDR392W,6.9448691589202305e-12
YDR497C,YNL053W,9.840965503826737e-06
YDR497C,YGR040W,8.009734368819021e-12
YDR497C,YDL216C,5.311596851242939e-06
YDR497C,YOL117W,0.02877342514693737
YDR497C,YJR086W,3.619886683736695e-07
YDR497C,YMR025W,1.2379990366184757e-09
YDR497C,YBR081C,0.001092058839276433
YDR497C,YFL026W,1.7241515506971616e-11
YDR497C,YHL007C,3.022975595942658e-18
YDR497C,YNR044W,8.477790138742419e-14
YDR497C,YNL271C,3.217232702468209e-08
YDR497C,YDR200C,9.636990641256893e-13
YDR497C,YKL178C,1.2156138725835652e-12
YDR497C,YOR212W,2.3813058645051404e-15
YDR497C,YOL111C,1.7206871236012666e-13
YDR497C,YGL032C,1.0267130299158184e-13
YDR497C,YHR005C,1.4371174573422736e-17
YDR497C,YDR103W,4.140620624148994e-10
YDR497C,YJR084W,3.8038427874198533e-07
YDR497C,YCL032W,9.668008715379983e-06
YDR497C,YJL170C,0.14915870130062103
YDR497C,YDR179C,3.466589645548246e-12
YDR497C,YBR095C,2.5865821839943237e-07
YDR497C,YLL021W,1.548079369002628e-16
YDR497C,YDL159W,3.3751268554266427e-18
YDR497C,YNL161W,2.840702120147226e-13
YDR497C,YNL188W,1.2635668791381607e-18
YDR497C,YJL157C,9.79534009459826e-10
YDR497C,YJL034W,4.5148189503801644e-17
YDR497C,YLR238W,4.2039791786629976e-11
YDR497C,YPR141C,1.4632062922403932e-12
YDR497C,YNL127W,4.6001864698139855e-14
YDR497C,YCL055W,5.406111023489727e-16
YDR497C,YPR122W,0.9953244924545288
YDR497C,YMR065W,1.9118611208068792e-11
YDR497C,YDR356W,0.004455117043107748
YDR497C,YMR052W,9.404120646649972e-06
YDR497C,YFR008W,0.00026968863676302135
YDR497C,YLL043W,4.061425705644334e-17
YDR497C,YMR029C,1.9293733277692127e-09
YDR497C,YJR004C,4.4442230038669154e-20
YDR497C,YDL223C,2.2988324785422343e-11
YDR497C,YHR158C,1.681483424720298e-11
YDR497C,YGR238C,3.7122955820478865e-09
YDR497C,YIL015W,4.124965646834511e-10
YDR497C,YGL173C,1.4581158893633983e-06
YDR497C,YDL225W,1.076040992420424e-10
YDR497C,YLR330W,5.189988521413225e-13
YDR497C,YBR129C,4.574591747075196e-11
YDR497C,YKR095W-A,0.2020167112350464
YDR497C,YPR075C,8.28283622245074e-11
YDR497C,YMR198W,9.963272304958082e-07
YDR497C,YOR127W,1.4118155533537902e-09
YDR497C,YDR264C,1.250556045423389e-20
YDR497C,YLR110C,2.0541610865620896e-05
YDR497C,YDR379W,6.861573483875338e-13
YDR497C,YDL100C,1.6321193285762092e-08
YDR497C,YHR073W,2.122275191140943e-06
YDR497C,YJR090C,2.357464223834427e-10
YDR497C,YOR208W,6.014770626006083e-11
YDR497C,YBR040W,2.8494275738921715e-07
YDR497C,YNL279W,2.74282179191232e-08
YDR497C,YER075C,1.5960346932963887e-10
YDR497C,YCR089W,1.077753566391948e-07
YDR497C,YCR002C,2.433700387882709e-07
YDR497C,YJL108C,4.625659585144604e-06
YDR497C,YBR200W,6.006206020411258e-15
YDR497C,YIL026C,3.3296369134072634e-12
YDR497C,YJR076C,1.247405092630674e-15
YDR497C,YKR031C,2.0886850582435557e-10
YDR497C,YPL192C,5.884312481718723e-10
YDR497C,YHR107C,9.291405839162437e-11
YDR497C,YIL037C,1.5557676533717313e-06
YDR497C,YPL156C,3.43418300524298e-13
YDR497C,YIL117C,3.4620449427857957e-15
YDR497C,YHR066W,3.1207393956092913e-21
YDR497C,YML085C,2.1039567657532565e-12
YDR497C,YML047C,6.8490504066820446e-12
YDR497C,YDR312W,1.2070958982897221e-22
YDR497C,YFL037W,1.3499307227604618e-10
YDR497C,YDL038C,0.2020167112350464
YDR497C,YDL039C,2.4414971970247784e-17
YDR497C,YCL027W,1.326499882159382e-10
YDR497C,YML124C,1.1620749935242758e-12
YDR497C,YGL053W,1.0121119394985198e-15
YDR497C,YMR232W,4.58951738835367e-08
YDR497C,YNL298W,2.5404621982472175e-12
YDR497C,YGL099W,3.599177148007946e-21
YDR497C,YBL016W,3.777439472330002e-11
YDR497C,YAL041W,1.2482681555070485e-09
YDR497C,YDR085C,3.480069422738541e-13
YDR497C,YPL187W,2.029520729251999e-08
YDR497C,YPL256C,6.3491679666886295e-15
YDR497C,YDR461W,2.711547620552063e-13
YDR497C,YNL145W,3.149471516916691e-10
tI(AAU)P1,YDL165W,0.2020167112350464
tI(AAU)P1,YGR059W,0.2020167112350464
tI(AAU)P1,YBR109C,0.2020167112350464
tI(AAU)P1,YJL080C,0.2020167112350464
tI(AAU)P1,YCR093W,0.2020167112350464
tI(AAU)P1,YIL122W,0.2020167112350464
tI(AAU)P1,YCL029C,0.2020167112350464
tI(AAU)P1,YNL173C,0.2020167112350464
tI(AAU)P1,YLR452C,0.2020167112350464
tI(AAU)P1,YDL160C,0.2020167112350464
tI(AAU)P1,YLR229C,0.2020167112350464
tI(AAU)P1,YML057W,0.2020167112350464
tI(AAU)P1,YER149C,0.2020167112350464
tI(AAU)P1,YMR305C,0.2020167112350464
tI(AAU)P1,YLR433C,0.2020167112350464
tI(AAU)P1,YJL073W,0.2020167112350464
tI(AAU)P1,YGR279C,0.2020167112350464
tI(AAU)P1,YKL190W,0.2020167112350464
tI(AAU)P1,YGL089C,0.2020167112350464
tI(AAU)P1,YJL019W,0.2020167112350464
tI(AAU)P1,YJL018W,0.2020167112350464
tI(AAU)P1,YNR032C-A,0.2020167112350464
tI(AAU)P1,YGL178W,0.2020167112350464
tI(AAU)P1,YKL116C,0.2020167112350464
tI(AAU)P1,YDL214C,0.2020167112350464
tI(AAU)P1,YLR362W,0.2020167112350464
tI(AAU)P1,YER068W,0.2020167112350464
tI(AAU)P1,YHR084W,0.2020167112350464
tI(AAU)P1,YDR392W,0.2020167112350464
tI(AAU)P1,YNL053W,0.2020167112350464
tI(AAU)P1,YGR040W,0.2020167112350464
tI(AAU)P1,YDL216C,0.2020167112350464
tI(AAU)P1,YOL117W,0.2020167112350464
tI(AAU)P1,YJR086W,0.2020167112350464
tI(AAU)P1,YMR025W,0.2020167112350464
tI(AAU)P1,YBR081C,0.2020167112350464
tI(AAU)P1,YFL026W,0.2020167112350464
tI(AAU)P1,YHL007C,0.2020167112350464
tI(AAU)P1,YNR044W,0.2020167112350464
tI(AAU)P1,YNL271C,0.2020167112350464
tI(AAU)P1,YDR200C,0.2020167112350464
tI(AAU)P1,YKL178C,0.2020167112350464
tI(AAU)P1,YOR212W,0.2020167112350464
tI(AAU)P1,YOL111C,0.2020167112350464
tI(AAU)P1,YGL032C,0.2020167112350464
tI(AAU)P1,YHR005C,0.2020167112350464
tI(AAU)P1,YDR103W,0.2020167112350464
tI(AAU)P1,YJR084W,0.2020167112350464
tI(AAU)P1,YCL032W,0.2020167112350464
tI(AAU)P1,YJL170C,0.2020167112350464
tI(AAU)P1,YDR179C,0.2020167112350464
tI(AAU)P1,YBR095C,0.2020167112350464
tI(AAU)P1,YLL021W,0.2020167112350464
tI(AAU)P1,YDL159W,0.2020167112350464
tI(AAU)P1,YNL161W,0.2020167112350464
tI(AAU)P1,YNL188W,0.2020167112350464
tI(AAU)P1,YJL157C,0.2020167112350464
tI(AAU)P1,YJL034W,0.2020167112350464
tI(AAU)P1,YLR238W,0.2020167112350464
tI(AAU)P1,YPR141C,0.2020167112350464
tI(AAU)P1,YNL127W,0.2020167112350464
tI(AAU)P1,YCL055W,0.2020167112350464
tI(AAU)P1,YPR122W,0.2020167112350464
tI(AAU)P1,YMR065W,0.2020167112350464
tI(AAU)P1,YDR356W,0.2020167112350464
tI(AAU)P1,YMR052W,0.2020167112350464
tI(AAU)P1,YFR008W,0.2020167112350464
tI(AAU)P1,YLL043W,0.2020167112350464
tI(AAU)P1,YMR029C,0.2020167112350464
tI(AAU)P1,YJR004C,0.2020167112350464
tI(AAU)P1,YDL223C,0.2020167112350464
tI(AAU)P1,YHR158C,0.2020167112350464
tI(AAU)P1,YGR238C,0.2020167112350464
tI(AAU)P1,YIL015W,0.2020167112350464
tI(AAU)P1,YGL173C,0.2020167112350464
tI(AAU)P1,YDL225W,0.2020167112350464
tI(AAU)P1,YLR330W,0.2020167112350464
tI(AAU)P1,YBR129C,0.2020167112350464
tI(AAU)P1,YKR095W-A,0.2020167112350464
tI(AAU)P1,YPR075C,0.2020167112350464
tI(AAU)P1,YMR198W,0.2020167112350464
tI(AAU)P1,YOR127W,0.2020167112350464
tI(AAU)P1,YDR264C,0.2020167112350464
tI(AAU)P1,YLR110C,0.2020167112350464
tI(AAU)P1,YDR379W,0.2020167112350464
tI(AAU)P1,YDL100C,0.2020167112350464
tI(AAU)P1,YHR073W,0.2020167112350464
tI(AAU)P1,YJR090C,0.2020167112350464
tI(AAU)P1,YOR208W,0.2020167112350464
tI(AAU)P1,YBR040W,0.2020167112350464
tI(AAU)P1,YNL279W,0.2020167112350464
tI(AAU)P1,YER075C,0.2020167112350464
tI(AAU)P1,YCR089W,0.2020167112350464
tI(AAU)P1,YCR002C,0.2020167112350464
tI(AAU)P1,YJL108C,0.2020167112350464
tI(AAU)P1,YBR200W,0.2020167112350464
tI(AAU)P1,YIL026C,0.2020167112350464
tI(AAU)P1,YJR076C,0.2020167112350464
tI(AAU)P1,YKR031C,0.2020167112350464
tI(AAU)P1,YPL192C,0.2020167112350464
tI(AAU)P1,YHR107C,0.2020167112350464
tI(AAU)P1,YIL037C,0.2020167112350464
tI(AAU)P1,YPL156C,0.2020167112350464
tI(AAU)P1,YIL117C,0.2020167112350464
tI(AAU)P1,YHR066W,0.2020167112350464
tI(AAU)P1,YML085C,0.2020167112350464
tI(AAU)P1,YML047C,0.2020167112350464
tI(AAU)P1,YDR312W,0.2020167112350464
tI(AAU)P1,YFL037W,0.2020167112350464
tI(AAU)P1,YDL038C,0.2020167112350464
tI(AAU)P1,YDL039C,0.2020167112350464
tI(AAU)P1,YCL027W,0.2020167112350464
tI(AAU)P1,YML124C,0.2020167112350464
tI(AAU)P1,YGL053W,0.2020167112350464
tI(AAU)P1,YMR232W,0.2020167112350464
tI(AAU)P1,YNL298W,0.2020167112350464
tI(AAU)P1,YGL099W,0.2020167112350464
tI(AAU)P1,YBL016W,0.2020167112350464
tI(AAU)P1,YAL041W,0.2020167112350464
tI(AAU)P1,YDR085C,0.2020167112350464
tI(AAU)P1,YPL187W,0.2020167112350464
tI(AAU)P1,YPL256C,0.2020167112350464
tI(AAU)P1,YDR461W,0.2020167112350464
tI(AAU)P1,YNL145W,0.2020167112350464
YML001W,YDL165W,4.951733899360988e-06
YML001W,YGR059W,1.197404060349072e-07
YML001W,YBR109C,3.650190569183705e-14
YML001W,YJL080C,1.0378284542866822e-07
YML001W,YCR093W,9.643206233533874e-09
YML001W,YIL122W,0.00016359880100935698
YML001W,YCL029C,2.1997200000639476e-15
YML001W,YNL173C,1.662842623773031e-05
YML001W,YLR452C,1.3836029761141178e-13
YML001W,YDL160C,1.8850616925192298e-06
YML001W,YLR229C,1.5306254397273733e-07
YML001W,YML057W,2.1318417951082802e-12
YML001W,YER149C,0.0020599509589374065
YML001W,YMR305C,2.3488890953798913e-12
YML001W,YLR433C,4.268921370911838e-14
YML001W,YJL073W,3.4011588910481765e-17
YML001W,YGR279C,4.896028826806287e-07
YML001W,YKL190W,8.939585313783027e-06
YML001W,YGL089C,0.03381657972931862
YML001W,YJL019W,2.1038132123034218e-15
YML001W,YJL018W,0.19610713422298431
YML001W,YNR032C-A,0.06494789570569992
YML001W,YGL178W,6.104291827568886e-08
YML001W,YKL116C,2.958448597212282e-08
YML001W,YDL214C,0.0009613081929273903
YML001W,YLR362W,0.08984804898500443
YML001W,YER068W,8.670083843753673e-06
YML001W,YHR084W,3.937627752748085e-06
YML001W,YDR392W,2.0010693901895138e-07
YML001W,YNL053W,0.019133247435092926
YML001W,YGR040W,1.6496114767505787e-05
YML001W,YDL216C,3.783181625749421e-07
YML001W,YOL117W,0.9975130558013916
YML001W,YJR086W,2.085824846176365e-08
YML001W,YMR025W,0.0004872527497354895
YML001W,YBR081C,0.9931203126907349
YML001W,YFL026W,1.525837900473448e-09
YML001W,YHL007C,0.053056634962558746
YML001W,YNR044W,1.0352631160106748e-13
YML001W,YNL271C,1.298155593437711e-11
YML001W,YDR200C,0.00017919362289831042
YML001W,YKL178C,4.103940227651037e-05
YML001W,YOR212W,3.1025557678532323e-09
YML001W,YOL111C,2.951053430753303e-20
YML001W,YGL032C,1.5462772751106968e-07
YML001W,YHR005C,4.236962354298157e-07
YML001W,YDR103W,0.014983462169766426
YML001W,YJR084W,0.00026419703499414027
YML001W,YCL032W,0.016399815678596497
YML001W,YJL170C,4.877220050047981e-08
YML001W,YDR179C,2.676056354289358e-08
YML001W,YBR095C,1.4060048958430826e-10
YML001W,YLL021W,0.0008786077960394323
YML001W,YDL159W,2.9605792817299914e-10
YML001W,YNL161W,4.627137241186574e-05
YML001W,YNL188W,1.6787785170890857e-06
YML001W,YJL157C,3.681153870616072e-08
YML001W,YJL034W,3.2065420197541217e-12
YML001W,YLR238W,7.711653324804502e-07
YML001W,YPR141C,5.999749308482905e-11
YML001W,YNL127W,0.0006992612034082413
YML001W,YCL055W,4.1166771325151785e-08
YML001W,YPR122W,2.711254509790706e-08
YML001W,YMR065W,0.013588353991508484
YML001W,YDR356W,5.325303575887119e-08
YML001W,YMR052W,1.4148568384594884e-12
YML001W,YFR008W,0.0030977202113717794
YML001W,YLL043W,1.973919324882445e-06
YML001W,YMR029C,3.1408611822492105e-11
YML001W,YJR004C,1.600612871410778e-11
YML001W,YDL223C,4.662538444222264e-08
YML001W,YHR158C,0.0003670154546853155
YML001W,YGR238C,2.4480102596728323e-14
YML001W,YIL015W,0.0038977672811597586
YML001W,YGL173C,3.1247131548894913e-09
YML001W,YDL225W,0.0007826071814633906
YML001W,YLR330W,1.5237867911910286e-10
YML001W,YBR129C,3.94230994515965e-08
YML001W,YKR095W-A,0.2020167112350464
YML001W,YPR075C,5.495838159563782e-11
YML001W,YMR198W,0.0027526975609362125
YML001W,YOR127W,0.0002614317345432937
YML001W,YDR264C,2.506748387531843e-06
YML001W,YLR110C,0.32020050287246704
YML001W,YDR379W,2.921375653386349e-06
YML001W,YDL100C,1.0688240223433176e-11
YML001W,YHR073W,7.97760833393113e-07
YML001W,YJR090C,0.9993976354598999
YML001W,YOR208W,6.463620252361579e-07
YML001W,YBR040W,0.016334112733602524
YML001W,YNL279W,9.619127922633197e-06
YML001W,YER075C,6.006971631222768e-08
YML001W,YCR089W,5.126214597662819e-14
YML001W,YCR002C,0.00014693634875584394
YML001W,YJL108C,0.006194146815687418
YML001W,YBR200W,3.9349706071334367e-07
YML001W,YIL026C,5.356077537044257e-08
YML001W,YJR076C,1.100139757070906e-09
YML001W,YKR031C,0.0007286813925020397
YML001W,YPL192C,6.929329538252205e-05
YML001W,YHR107C,3.7039263393575175e-14
YML001W,YIL037C,0.6125521659851074
YML001W,YPL156C,1.3843277884006966e-06
YML001W,YIL117C,3.4602084753032614e-08
YML001W,YHR066W,1.5575236413101212e-13
YML001W,YML085C,5.66367374006671e-13
YML001W,YML047C,0.5358451008796692
YML001W,YDR312W,1.1019440716591338e-16
YML001W,YFL037W,0.027365554124116898
YML001W,YDL038C,0.2020167112350464
YML001W,YDL039C,0.0003572334535419941
YML001W,YCL027W,4.394993702305783e-09
YML001W,YML124C,2.2977474957441846e-13
YML001W,YGL053W,9.55947432323967e-10
YML001W,YMR232W,0.06047587841749191
YML001W,YNL298W,4.645297924099623e-09
YML001W,YGL099W,6.080987832937041e-17
YML001W,YBL016W,7.051755088428454e-17
YML001W,YAL041W,0.35133206844329834
YML001W,YDR085C,4.5429542296915315e-06
YML001W,YPL187W,6.126947118900716e-05
YML001W,YPL256C,1.3181035173092412e-18
YML001W,YDR461W,1.1226809065734145e-10
YML001W,YNL145W,7.040537184366258e-07
YDL084W,YDL165W,0.9658644199371338
YDL084W,YGR059W,1.4532296806896161e-12
YDL084W,YBR109C,0.2272409349679947
YDL084W,YJL080C,1.062264618667541e-05
YDL084W,YCR093W,0.024241700768470764
YDL084W,YIL122W,3.0180560770531883e-06
YDL084W,YCL029C,0.0003722773108165711
YDL084W,YNL173C,0.9675187468528748
YDL084W,YLR452C,3.891618689522147e-05
YDL084W,YDL160C,0.660434901714325
YDL084W,YLR229C,3.741586260730401e-05
YDL084W,YML057W,1.934646434165188e-07
YDL084W,YER149C,0.08204098790884018
YDL084W,YMR305C,6.126891776148113e-07
YDL084W,YLR433C,4.99115174079634e-07
YDL084W,YJL073W,0.0006935714045539498
YDL084W,YGR279C,0.21708744764328003
YDL084W,YKL190W,0.45323288440704346
YDL084W,YGL089C,0.9877490401268005
YDL084W,YJL019W,0.9999836683273315
YDL084W,YJL018W,0.00025159737560898066
YDL084W,YNR032C-A,0.0009088654769584537
YDL084W,YGL178W,5.834034366714036e-10
YDL084W,YKL116C,7.704109572514994e-11
YDL084W,YDL214C,0.9913745522499084
YDL084W,YLR362W,0.14827699959278107
YDL084W,YER068W,2.1314603145583533e-05
YDL084W,YHR084W,9.797204256756231e-07
YDL084W,YDR392W,4.251630889484659e-05
YDL084W,YNL053W,3.5651422081173223e-07
YDL084W,YGR040W,3.5887551348423585e-06
YDL084W,YDL216C,0.9772890210151672
YDL084W,YOL117W,3.692923201015219e-06
YDL084W,YJR086W,0.8221415877342224
YDL084W,YMR025W,0.023569706827402115
YDL084W,YBR081C,0.863922119140625
YDL084W,YFL026W,0.027472028508782387
YDL084W,YHL007C,1.7453470491091139e-06
YDL084W,YNR044W,0.051937323063611984
YDL084W,YNL271C,8.356472790183034e-06
YDL084W,YDR200C,0.00043450933299027383
YDL084W,YKL178C,2.4399957965215435e-07
YDL084W,YOR212W,0.0007618105737492442
YDL084W,YOL111C,5.808786516147481e-17
YDL084W,YGL032C,0.00031877236324362457
YDL084W,YHR005C,0.0022067208774387836
YDL084W,YDR103W,0.9899483919143677
YDL084W,YJR084W,0.0012726160930469632
YDL084W,YCL032W,0.00732051208615303
YDL084W,YJL170C,0.08155716210603714
YDL084W,YDR179C,8.627593750532014e-09
YDL084W,YBR095C,0.017384272068738937
YDL084W,YLL021W,0.006055466830730438
YDL084W,YDL159W,1.9010884955150686e-07
YDL084W,YNL161W,0.001219922211021185
YDL084W,YNL188W,0.0013980662915855646
YDL084W,YJL157C,7.862631173338741e-05
YDL084W,YJL034W,2.770328411116907e-09
YDL084W,YLR238W,6.835882231825963e-05
YDL084W,YPR141C,0.02244739793241024
YDL084W,YNL127W,3.5723431324186095e-08
YDL084W,YCL055W,3.684808014270402e-11
YDL084W,YPR122W,3.023858334927354e-05
YDL084W,YMR065W,0.02512194775044918
YDL084W,YDR356W,0.9962683320045471
YDL084W,YMR052W,0.99078369140625
YDL084W,YFR008W,0.10084487497806549
YDL084W,YLL043W,0.712838888168335
YDL084W,YMR029C,3.4073425504710375e-12
YDL084W,YJR004C,5.186033291693093e-08
YDL084W,YDL223C,2.8318246727589147e-13
YDL084W,YHR158C,0.39772140979766846
YDL084W,YGR238C,2.2620508168414571e-13
YDL084W,YIL015W,0.9966289401054382
YDL084W,YGL173C,0.0192765723913908
YDL084W,YDL225W,1.0982533922287985e-06
YDL084W,YLR330W,0.0001406009978381917
YDL084W,YBR129C,0.8709494471549988
YDL084W,YKR095W-A,0.2020167112350464
YDL084W,YPR075C,9.997063940558881e-12
YDL084W,YMR198W,0.2790994942188263
YDL084W,YOR127W,0.0724700540304184
YDL084W,YDR264C,0.13904757797718048
YDL084W,YLR110C,0.9813646674156189
YDL084W,YDR379W,0.0015586087247356772
YDL084W,YDL100C,4.522499708059513e-09
YDL084W,YHR073W,0.5558168292045593
YDL084W,YJR090C,0.03788501396775246
YDL084W,YOR208W,0.43226882815361023
YDL084W,YBR040W,0.011468012817203999
YDL084W,YNL279W,0.9998887777328491
YDL084W,YER075C,0.006589309312403202
YDL084W,YCR089W,0.00014800927601754665
YDL084W,YCR002C,0.755164623260498
YDL084W,YJL108C,0.9998981952667236
YDL084W,YBR200W,1.1988895209924522e-07
YDL084W,YIL026C,4.591527613229118e-06
YDL084W,YJR076C,0.15777185559272766
YDL084W,YKR031C,0.03284764289855957
YDL084W,YPL192C,0.6456025242805481
YDL084W,YHR107C,0.00028823220054619014
YDL084W,YIL037C,0.7688650488853455
YDL084W,YPL156C,0.0017127293394878507
YDL084W,YIL117C,1.6993674023524363e-08
YDL084W,YHR066W,5.334282668356671e-11
YDL084W,YML085C,0.954866886138916
YDL084W,YML047C,0.0036507328040897846
YDL084W,YDR312W,2.531331347199739e-06
YDL084W,YFL037W,0.08036962896585464
YDL084W,YDL038C,0.2020167112350464
YDL084W,YDL039C,2.4240155950463072e-15
YDL084W,YCL027W,0.0001402252964908257
YDL084W,YML124C,0.9203540086746216
YDL084W,YGL053W,3.902825483237393e-06
YDL084W,YMR232W,0.01892736367881298
YDL084W,YNL298W,0.9994909763336182
YDL084W,YGL099W,1.1039143828384113e-05
YDL084W,YBL016W,9.470697115432358e-09
YDL084W,YAL041W,0.9794506430625916
YDL084W,YDR085C,2.4410175569755665e-07
YDL084W,YPL187W,0.9998138546943665
YDL084W,YPL256C,2.521497144110721e-14
YDL084W,YDR461W,5.407767567078281e-10
YDL084W,YNL145W,6.537333174794213e-11
YER168C,YDL165W,0.8534595966339111
YER168C,YGR059W,2.2460105242316786e-07
YER168C,YBR109C,9.408899495610967e-05
YER168C,YJL080C,9.590512490831316e-06
YER168C,YCR093W,0.0008433848852291703
YER168C,YIL122W,0.3042459785938263
YER168C,YCL029C,7.426715353808788e-10
YER168C,YNL173C,5.263457865112287e-07
YER168C,YLR452C,0.9996676445007324
YER168C,YDL160C,0.7263056635856628
YER168C,YLR229C,3.1257066439138725e-05
YER168C,YML057W,2.7652080461848527e-05
YER168C,YER149C,0.5807159543037415
YER168C,YMR305C,1.385290602229361e-06
YER168C,YLR433C,1.400303659693236e-07
YER168C,YJL073W,1.4045454252778478e-12
YER168C,YGR279C,0.0067024375312030315
YER168C,YKL190W,1.2607680218934547e-05
YER168C,YGL089C,9.637543553253636e-05
YER168C,YJL019W,9.527485883022678e-15
YER168C,YJL018W,0.0001376278669340536
YER168C,YNR032C-A,0.9721293449401855
YER168C,YGL178W,5.381886239774758e-06
YER168C,YKL116C,1.6610979952647043e-11
YER168C,YDL214C,0.17128142714500427
YER168C,YLR362W,3.178607654863441e-10
YER168C,YER068W,2.727260373092122e-08
YER168C,YHR084W,1.6548311332353904e-10
YER168C,YDR392W,3.922328687622212e-06
YER168C,YNL053W,0.011278881691396236
YER168C,YGR040W,0.009135386906564236
YER168C,YDL216C,0.0012356078950688243
YER168C,YOL117W,2.916203811764717e-06
YER168C,YJR086W,3.7843448374985655e-09
YER168C,YMR025W,0.6744883060455322
YER168C,YBR081C,0.556525707244873
YER168C,YFL026W,0.00011510501644806936
YER168C,YHL007C,9.585193390686166e-15
YER168C,YNR044W,0.09220375865697861
YER168C,YNL271C,0.000441089941887185
YER168C,YDR200C,2.3119473002708446e-09
YER168C,YKL178C,4.17814044340048e-05
YER168C,YOR212W,0.011157946661114693
YER168C,YOL111C,5.932923857060457e-12
YER168C,YGL032C,0.9797900915145874
YER168C,YHR005C,0.9038184881210327
YER168C,YDR103W,0.00038249167846515775
YER168C,YJR084W,4.0654820622876287e-05
YER168C,YCL032W,7.176158396760002e-05
YER168C,YJL170C,0.01016892772167921
YER168C,YDR179C,0.0014201123267412186
YER168C,YBR095C,0.03487689793109894
YER168C,YLL021W,0.13792361319065094
YER168C,YDL159W,2.004445676107025e-08
YER168C,YNL161W,0.1302390843629837
YER168C,YNL188W,7.431724213802227e-08
YER168C,YJL157C,0.029227687045931816
YER168C,YJL034W,1.1918306510975973e-13
YER168C,YLR238W,0.0049382783472537994
YER168C,YPR141C,2.705461838559131e-06
YER168C,YNL127W,0.005387916695326567
YER168C,YCL055W,3.6036190067534335e-06
YER168C,YPR122W,0.7957114577293396
YER168C,YMR065W,0.2802363634109497
YER168C,YDR356W,6.3648894865764305e-06
YER168C,YMR052W,0.011374613270163536
YER168C,YFR008W,5.15573972403871e-10
YER168C,YLL043W,0.0019962338265031576
YER168C,YMR029C,0.00020019453950226307
YER168C,YJR004C,0.0026817379985004663
YER168C,YDL223C,1.5507753425248404e-15
YER168C,YHR158C,0.001802759594283998
YER168C,YGR238C,1.3259666786780144e-07
YER168C,YIL015W,0.6283828616142273
YER168C,YGL173C,7.826822070455819e-07
YER168C,YDL225W,4.033781806356274e-06
YER168C,YLR330W,5.0266341089511e-10
YER168C,YBR129C,1.8899014321505092e-05
YER168C,YKR095W-A,0.2020167112350464
YER168C,YPR075C,2.2615733286102113e-08
YER168C,YMR198W,4.907182074020966e-07
YER168C,YOR127W,8.693066821940931e-10
YER168C,YDR264C,1.0905147064477205e-05
YER168C,YLR110C,0.001306982128880918
YER168C,YDR379W,2.3147231331677176e-06
YER168C,YDL100C,3.834171002381481e-05
YER168C,YHR073W,2.071160665195748e-08
YER168C,YJR090C,8.607154572404241e-11
YER168C,YOR208W,7.224707637698558e-11
YER168C,YBR040W,0.9322343468666077
YER168C,YNL279W,2.4275665055029094e-05
YER168C,YER075C,1.0645565453160089e-05
YER168C,YCR089W,0.00020617502741515636
YER168C,YCR002C,0.014535723254084587
YER168C,YJL108C,0.9892662763595581
YER168C,YBR200W,0.00038135136128403246
YER168C,YIL026C,0.003151517128571868
YER168C,YJR076C,0.14043888449668884
YER168C,YKR031C,1.0401446388641489e-06
YER168C,YPL192C,6.8668200583488215e-06
YER168C,YHR107C,0.0009534954442642629
YER168C,YIL037C,0.001581775606609881
YER168C,YPL156C,0.04846610128879547
YER168C,YIL117C,1.38600397825428e-09
YER168C,YHR066W,6.998663493428472e-18
YER168C,YML085C,0.9990785121917725
YER168C,YML047C,0.0003351385530550033
YER168C,YDR312W,2.365298712100894e-12
YER168C,YFL037W,1.0236740308755543e-06
YER168C,YDL038C,0.2020167112350464
YER168C,YDL039C,5.7746774473343976e-08
YER168C,YCL027W,0.28508609533309937
YER168C,YML124C,0.5170864462852478
YER168C,YGL053W,2.1041669242549688e-05
YER168C,YMR232W,0.0006631070864386857
YER168C,YNL298W,6.319038348134853e-11
YER168C,YGL099W,5.148714585303641e-17
YER168C,YBL016W,0.00025155540788546205
YER168C,YAL041W,0.021032344549894333
YER168C,YDR085C,0.00010346495400881395
YER168C,YPL187W,9.010517487695324e-08
YER168C,YPL256C,0.0023907197173684835
YER168C,YDR461W,0.07106146961450577
YER168C,YNL145W,2.1299179934430867e-05
YER018C,YDL165W,3.1911344247985125e-17
YER018C,YGR059W,7.273278794560703e-15
YER018C,YBR109C,7.827372083824002e-11
YER018C,YJL080C,1.2301700727957582e-13
YER018C,YCR093W,3.035030715636822e-08
YER018C,YIL122W,0.8689854145050049
YER018C,YCL029C,0.00023665715707466006
YER018C,YNL173C,4.397531804304321e-14
YER018C,YLR452C,5.598811636531309e-09
YER018C,YDL160C,9.775513944987324e-07
YER018C,YLR229C,7.359681752916458e-09
YER018C,YML057W,1.5701735701575958e-13
YER018C,YER149C,3.939871984215415e-09
YER018C,YMR305C,1.8617372522637156e-14
YER018C,YLR433C,4.3824971177213227e-16
YER018C,YJL073W,2.002917121046721e-08
YER018C,YGR279C,1.7631804219778169e-12
YER018C,YKL190W,8.32922225385991e-15
YER018C,YGL089C,1.472144073311199e-09
YER018C,YJL019W,1.9708029424993917e-13
YER018C,YJL018W,0.17283086478710175
YER018C,YNR032C-A,0.005985888186842203
YER018C,YGL178W,4.593997573465458e-07
YER018C,YKL116C,6.152120913399672e-12
YER018C,YDL214C,2.547741697651743e-15
YER018C,YLR362W,2.961746820018263e-11
YER018C,YER068W,2.294589762641408e-07
YER018C,YHR084W,0.20904192328453064
YER018C,YDR392W,7.111108576984826e-12
YER018C,YNL053W,0.00016266673628706485
YER018C,YGR040W,4.5131949392984705e-12
YER018C,YDL216C,5.0389684474794194e-05
YER018C,YOL117W,5.941414352693408e-13
YER018C,YJR086W,1.6408268493250944e-05
YER018C,YMR025W,5.955673731961042e-10
YER018C,YBR081C,1.7564075278642122e-06
YER018C,YFL026W,1.0953182805195638e-12
YER018C,YHL007C,4.312280513143335e-13
YER018C,YNR044W,2.6125341889837728e-09
YER018C,YNL271C,2.447582573950058e-06
YER018C,YDR200C,4.7964816146661704e-11
YER018C,YKL178C,1.966192257896182e-07
YER018C,YOR212W,2.824716843328372e-19
YER018C,YOL111C,1.7767305404703393e-09
YER018C,YGL032C,0.0018972071120515466
YER018C,YHR005C,1.313863080831812e-12
YER018C,YDR103W,2.107152896613229e-09
YER018C,YJR084W,0.005674571264535189
YER018C,YCL032W,7.987299568412709e-07
YER018C,YJL170C,0.0027398825623095036
YER018C,YDR179C,4.082771809521546e-08
YER018C,YBR095C,6.296761614725532e-13
YER018C,YLL021W,7.929232791192842e-12
YER018C,YDL159W,1.4884813381854656e-08
YER018C,YNL161W,1.9964642786196585e-11
YER018C,YNL188W,1.4823536957919714e-06
YER018C,YJL157C,6.794915186070227e-10
YER018C,YJL034W,2.1606720856937045e-09
YER018C,YLR238W,7.344963250943692e-06
YER018C,YPR141C,1.473921201977646e-06
YER018C,YNL127W,3.4274385996013734e-08
YER018C,YCL055W,4.774988759724018e-17
YER018C,YPR122W,0.00013038169709034264
YER018C,YMR065W,1.513883773895941e-08
YER018C,YDR356W,1.606127443665173e-05
YER018C,YMR052W,1.2661330650587388e-08
YER018C,YFR008W,2.8450210937114306e-11
YER018C,YLL043W,2.3309154073558602e-07
YER018C,YMR029C,6.304576771754e-08
YER018C,YJR004C,2.3877092303337122e-08
YER018C,YDL223C,1.2509334901267266e-08
YER018C,YHR158C,4.0557701140642166e-05
YER018C,YGR238C,9.565803704703058e-10
YER018C,YIL015W,0.0002687727683223784
YER018C,YGL173C,1.399738380758464e-10
YER018C,YDL225W,1.1656918104563374e-05
YER018C,YLR330W,1.8613298294160863e-13
YER018C,YBR129C,3.167802478665216e-11
YER018C,YKR095W-A,0.2020167112350464
YER018C,YPR075C,1.0285797102937977e-08
YER018C,YMR198W,4.068954240210587e-07
YER018C,YOR127W,6.1295102327108e-10
YER018C,YDR264C,1.3028880196941373e-08
YER018C,YLR110C,1.0364551599195693e-06
YER018C,YDR379W,5.353548079619229e-18
YER018C,YDL100C,2.3968005358199207e-10
YER018C,YHR073W,1.094312145985695e-15
YER018C,YJR090C,3.3408418858016375e-06
YER018C,YOR208W,2.2782568886992038e-10
YER018C,YBR040W,6.427966781075156e-08
YER018C,YNL279W,5.278027348509795e-09
YER018C,YER075C,9.669428591152496e-10
YER018C,YCR089W,3.4126736636608257e-07
YER018C,YCR002C,1.638408714255135e-10
YER018C,YJL108C,1.660539039605169e-09
YER018C,YBR200W,5.874123726022922e-16
YER018C,YIL026C,0.0002535544626880437
YER018C,YJR076C,1.0338123956898926e-06
YER018C,YKR031C,0.03683539852499962
YER018C,YPL192C,4.93543095281268e-10
YER018C,YHR107C,4.689984858807783e-11
YER018C,YIL037C,0.038711436092853546
YER018C,YPL156C,0.0004207438323646784
YER018C,YIL117C,4.473780791158788e-06
YER018C,YHR066W,2.3689451854977523e-17
YER018C,YML085C,1.85486652079514e-12
YER018C,YML047C,0.9901968240737915
YER018C,YDR312W,8.541223284197486e-13
YER018C,YFL037W,3.2054931896775135e-14
YER018C,YDL038C,0.2020167112350464
YER018C,YDL039C,8.612490400212482e-15
YER018C,YCL027W,9.168788892566226e-06
YER018C,YML124C,2.9676643031279216e-17
YER018C,YGL053W,2.333853943436992e-11
YER018C,YMR232W,0.00011640506272669882
YER018C,YNL298W,8.322957123843566e-13
YER018C,YGL099W,8.653445120838585e-14
YER018C,YBL016W,8.776757098871713e-09
YER018C,YAL041W,2.0939505684935966e-10
YER018C,YDR085C,1.3539267797180177e-11
YER018C,YPL187W,5.3368121371022426e-06
YER018C,YPL256C,3.4702334339442586e-09
YER018C,YDR461W,1.8158374803789457e-10
YER018C,YNL145W,0.004620833788067102
YBR024W,YDL165W,3.6755977816937957e-06
YBR024W,YGR059W,1.4011338862474076e-05
YBR024W,YBR109C,1.4913542406222446e-12
YBR024W,YJL080C,2.0067484456376405e-06
YBR024W,YCR093W,0.010961582884192467
YBR024W,YIL122W,2.9231980079202913e-05
YBR024W,YCL029C,1.9038426390949326e-09
YBR024W,YNL173C,5.6399173331556085e-08
YBR024W,YLR452C,0.00047099165385589004
YBR024W,YDL160C,3.227062783661694e-10
YBR024W,YLR229C,5.182967584005382e-07
YBR024W,YML057W,7.563997428405855e-07
YBR024W,YER149C,0.6581249237060547
YBR024W,YMR305C,6.5137269302795175e-06
YBR024W,YLR433C,7.248200563481078e-05
YBR024W,YJL073W,3.222304707861879e-16
YBR024W,YGR279C,3.193678139723488e-06
YBR024W,YKL190W,6.330003543553175e-06
YBR024W,YGL089C,0.0010243600700050592
YBR024W,YJL019W,3.23380254485528e-06
YBR024W,YJL018W,0.0002591634402051568
YBR024W,YNR032C-A,1.766633090483083e-06
YBR024W,YGL178W,3.5683842725120485e-06
YBR024W,YKL116C,1.513068004221907e-10
YBR024W,YDL214C,6.754733590241813e-07
YBR024W,YLR362W,3.262616912746985e-11
YBR024W,YER068W,1.2825491779722142e-08
YBR024W,YHR084W,2.934411973375535e-16
YBR024W,YDR392W,4.968145731254481e-05
YBR024W,YNL053W,0.30379408597946167
YBR024W,YGR040W,0.0011163066374137998
YBR024W,YDL216C,9.316810434256695e-09
YBR024W,YOL117W,2.1980438302815486e-10
YBR024W,YJR086W,0.039649758487939835
YBR024W,YMR025W,5.438267635327065e-06
YBR024W,YBR081C,0.004491197876632214
YBR024W,YFL026W,1.7305127997246927e-08
YBR024W,YHL007C,1.1656567266982165e-06
YBR024W,YNR044W,0.005136561580002308
YBR024W,YNL271C,5.972959115752019e-06
YBR024W,YDR200C,0.00014285363431554288
YBR024W,YKL178C,0.005322826094925404
YBR024W,YOR212W,3.635845757798961e-08
YBR024W,YOL111C,5.066513040219434e-07
YBR024W,YGL032C,4.506370789348038e-17
YBR024W,YHR005C,0.007034720852971077
YBR024W,YDR103W,1.295641482101928e-06
YBR024W,YJR084W,0.0001643599389353767
YBR024W,YCL032W,1.2195294551986535e-08
YBR024W,YJL170C,1.0840269169420935e-05
YBR024W,YDR179C,3.1686523381733266e-20
YBR024W,YBR095C,5.216130912616412e-12
YBR024W,YLL021W,9.695902747353102e-08
YBR024W,YDL159W,0.0004388024390209466
YBR024W,YNL161W,0.5935591459274292
YBR024W,YNL188W,3.866337028313183e-09
YBR024W,YJL157C,5.799058251758398e-20
YBR024W,YJL034W,4.895444817520911e-06
YBR024W,YLR238W,1.4722717836535004e-11
YBR024W,YPR141C,1.3573394852528509e-08
YBR024W,YNL127W,0.07087532430887222
YBR024W,YCL055W,0.1335912048816681
YBR024W,YPR122W,2.984005931239153e-09
YBR024W,YMR065W,0.06571599841117859
YBR024W,YDR356W,1.233358580066124e-05
YBR024W,YMR052W,0.0005968536133877933
YBR024W,YFR008W,1.5452512514002592e-07
YBR024W,YLL043W,0.00027064941241405904
YBR024W,YMR029C,0.0009191029821522534
YBR024W,YJR004C,9.75630828179419e-05
YBR024W,YDL223C,7.519919951352315e-22
YBR024W,YHR158C,2.0082666085663448e-10
YBR024W,YGR238C,0.18171340227127075
YBR024W,YIL015W,3.5668961118062725e-08
YBR024W,YGL173C,0.0008375810575671494
YBR024W,YDL225W,6.011343884892995e-07
YBR024W,YLR330W,0.0001350580423604697
YBR024W,YBR129C,9.418442203923405e-08
YBR024W,YKR095W-A,0.2020167112350464
YBR024W,YPR075C,1.5903022171706582e-12
YBR024W,YMR198W,0.009370751678943634
YBR024W,YOR127W,3.862344237859361e-05
YBR024W,YDR264C,0.0028763122390955687
YBR024W,YLR110C,1.4193633247894244e-11
YBR024W,YDR379W,7.436714781761111e-07
YBR024W,YDL100C,0.019500503316521645
YBR024W,YHR073W,0.015508306212723255
YBR024W,YJR090C,7.224951696116477e-05
YBR024W,YOR208W,4.041683496325277e-06
YBR024W,YBR040W,1.2958574302501802e-07
YBR024W,YNL279W,1.839939756109743e-09
YBR024W,YER075C,1.4948163595818187e-07
YBR024W,YCR089W,1.735440037009539e-06
YBR024W,YCR002C,1.5148879128901171e-07
YBR024W,YJL108C,0.9557677507400513
YBR024W,YBR200W,6.187041434735363e-10
YBR024W,YIL026C,0.0002492895582690835
YBR024W,YJR076C,4.615561266518853e-09
YBR024W,YKR031C,0.020233022049069405
YBR024W,YPL192C,5.1523924016194655e-12
YBR024W,YHR107C,1.1923532838409301e-05
YBR024W,YIL037C,1.62767985756318e-08
YBR024W,YPL156C,0.07766621559858322
YBR024W,YIL117C,6.166894772619003e-10
YBR024W,YHR066W,3.540933050788486e-20
YBR024W,YML085C,5.064947572464007e-07
YBR024W,YML047C,0.17252662777900696
YBR024W,YDR312W,5.094866082799854e-06
YBR024W,YFL037W,1.1353856876894497e-07
YBR024W,YDL038C,0.2020167112350464
YBR024W,YDL039C,1.7657036043786795e-13
YBR024W,YCL027W,7.662018930432168e-08
YBR024W,YML124C,0.45459824800491333
YBR024W,YGL053W,3.0716196253166572e-09
YBR024W,YMR232W,1.436942453914014e-09
YBR024W,YNL298W,3.377589763431388e-09
YBR024W,YGL099W,5.144683889961147e-27
YBR024W,YBL016W,2.3920412024302888e-14
YBR024W,YAL041W,3.852757117783767e-07
YBR024W,YDR085C,1.2402270876954447e-10
YBR024W,YPL187W,0.07484108209609985
YBR024W,YPL256C,3.9885907199277426e-07
YBR024W,YDR461W,1.562426301890147e-14
YBR024W,YNL145W,1.446630704116103e-09
YER124C,YDL165W,0.0018537837313488126
YER124C,YGR059W,2.273584840395415e-07
YER124C,YBR109C,0.0007567370776087046
YER124C,YJL080C,1.1916496987396386e-05
YER124C,YCR093W,0.04055970907211304
YER124C,YIL122W,1.9993927935502143e-07
YER124C,YCL029C,3.3839022695048016e-09
YER124C,YNL173C,1.6783642253770381e-09
YER124C,YLR452C,1.2589962352649309e-06
YER124C,YDL160C,6.114884172347956e-07
YER124C,YLR229C,5.331760033477906e-11
YER124C,YML057W,1.4057099928521666e-10
YER124C,YER149C,0.15528246760368347
YER124C,YMR305C,2.642719138067898e-17
YER124C,YLR433C,0.08034691214561462
YER124C,YJL073W,0.0066554974764585495
YER124C,YGR279C,7.059346054764937e-13
YER124C,YKL190W,2.336857005916671e-14
YER124C,YGL089C,1.924385912843718e-07
YER124C,YJL019W,0.0008824121323414147
YER124C,YJL018W,0.028350405395030975
YER124C,YNR032C-A,0.020552227273583412
YER124C,YGL178W,5.0021917559206486e-06
YER124C,YKL116C,1.5573314122649395e-12
YER124C,YDL214C,0.5462891459465027
YER124C,YLR362W,1.2607560506694426e-07
YER124C,YER068W,4.7349146825581556e-08
YER124C,YHR084W,0.18155033886432648
YER124C,YDR392W,5.02528886558995e-11
YER124C,YNL053W,0.002840452129021287
YER124C,YGR040W,1.2378611700114561e-06
YER124C,YDL216C,2.2819399418949615e-06
YER124C,YOL117W,7.938127488671398e-09
YER124C,YJR086W,0.004363859072327614
YER124C,YMR025W,3.7166728361626156e-07
YER124C,YBR081C,5.514285930985352e-06
YER124C,YFL026W,9.593215111181053e-09
YER124C,YHL007C,0.0009497454739175737
YER124C,YNR044W,6.291192011786961e-09
YER124C,YNL271C,3.2653072139510186e-06
YER124C,YDR200C,5.116325496601348e-07
YER124C,YKL178C,0.00023529346799477935
YER124C,YOR212W,0.18288536369800568
YER124C,YOL111C,9.030226011397247e-10
YER124C,YGL032C,5.283377901843522e-12
YER124C,YHR005C,1.3094288153769895e-10
YER124C,YDR103W,6.427510523820956e-09
YER124C,YJR084W,1.338863464539486e-10
YER124C,YCL032W,4.016596222289337e-10
YER124C,YJL170C,1.3605119697501777e-08
YER124C,YDR179C,1.818198076620351e-17
YER124C,YBR095C,3.0772983450333413e-07
YER124C,YLL021W,0.00031514294096268713
YER124C,YDL159W,1.0462290755963721e-12
YER124C,YNL161W,0.00023194856476038694
YER124C,YNL188W,2.7751783093776794e-09
YER124C,YJL157C,7.125982665456831e-05
YER124C,YJL034W,3.7855877287051864e-12
YER124C,YLR238W,3.319786685551662e-07
YER124C,YPR141C,3.239807355726043e-08
YER124C,YNL127W,1.720597102294885e-11
YER124C,YCL055W,1.8500405758459237e-06
YER124C,YPR122W,8.10028399911289e-09
YER124C,YMR065W,0.002112987916916609
YER124C,YDR356W,1.96289261111815e-06
YER124C,YMR052W,1.2446389519027434e-07
YER124C,YFR008W,1.2277423522277786e-08
YER124C,YLL043W,2.348040470678825e-05
YER124C,YMR029C,4.1999905420198047e-07
YER124C,YJR004C,1.889806738289597e-15
YER124C,YDL223C,5.717276559949122e-14
YER124C,YHR158C,3.338632703631106e-10
YER124C,YGR238C,5.278739667602395e-10
YER124C,YIL015W,2.2330801584757864e-05
YER124C,YGL173C,3.1611735798464657e-12
YER124C,YDL225W,0.564778208732605
YER124C,YLR330W,3.122746363715123e-07
YER124C,YBR129C,4.2187977555840916e-08
YER124C,YKR095W-A,0.2020167112350464
YER124C,YPR075C,1.271869935759451e-11
YER124C,YMR198W,2.959493761167664e-11
YER124C,YOR127W,0.00032847997499629855
YER124C,YDR264C,6.18681006017141e-05
YER124C,YLR110C,6.309691572665369e-15
YER124C,YDR379W,1.2835663521643115e-13
YER124C,YDL100C,4.348675065879437e-12
YER124C,YHR073W,0.9506039023399353
YER124C,YJR090C,1.0742487575043924e-06
YER124C,YOR208W,3.425572325799209e-10
YER124C,YBR040W,1.9083146980847232e-05
YER124C,YNL279W,7.813869160600007e-06
YER124C,YER075C,0.0007434852886945009
YER124C,YCR089W,4.043703938805265e-06
YER124C,YCR002C,1.4100993261934036e-08
YER124C,YJL108C,0.5262088775634766
YER124C,YBR200W,8.266538639389539e-17
YER124C,YIL026C,7.146663847379386e-05
YER124C,YJR076C,2.4405655494774692e-05
YER124C,YKR031C,3.7704448914155364e-05
YER124C,YPL192C,1.615462110748922e-06
YER124C,YHR107C,2.0647879903795165e-14
YER124C,YIL037C,2.9849068141629687e-06
YER124C,YPL156C,0.0018969055963680148
YER124C,YIL117C,1.655035251573833e-15
YER124C,YHR066W,3.4965337363246363e-06
YER124C,YML085C,1.7675012031759252e-07
YER124C,YML047C,0.05235297232866287
YER124C,YDR312W,0.002835010178387165
YER124C,YFL037W,6.811185730010161e-14
YER124C,YDL038C,0.2020167112350464
YER124C,YDL039C,1.5668979447269749e-09
YER124C,YCL027W,5.261435376269219e-08
YER124C,YML124C,6.243657107546049e-22
YER124C,YGL053W,1.476508471043303e-09
YER124C,YMR232W,4.336678102845326e-05
YER124C,YNL298W,0.0019553021993488073
YER124C,YGL099W,8.389571121369954e-06
YER124C,YBL016W,9.086580099459951e-11
YER124C,YAL041W,9.096952453546692e-07
YER124C,YDR085C,2.8823512465692147e-09
YER124C,YPL187W,0.9812065958976746
YER124C,YPL256C,1.8472478586772922e-06
YER124C,YDR461W,5.830434825394729e-16
YER124C,YNL145W,2.1390185622749414e-08
YPR080W,YDL165W,4.7251587378793335e-17
YPR080W,YGR059W,1.9671246320740465e-07
YPR080W,YBR109C,6.2795761550660245e-06
YPR080W,YJL080C,0.9711266756057739
YPR080W,YCR093W,0.0005319683696143329
YPR080W,YIL122W,0.9835650324821472
YPR080W,YCL029C,5.313217865676734e-09
YPR080W,YNL173C,3.5985883162226173e-09
YPR080W,YLR452C,1.40944374227292e-11
YPR080W,YDL160C,0.06187035143375397
YPR080W,YLR229C,8.779039947532253e-15
YPR080W,YML057W,5.128782381430552e-12
YPR080W,YER149C,5.272105408948846e-05
YPR080W,YMR305C,7.506698171053094e-13
YPR080W,YLR433C,7.676354130126128e-08
YPR080W,YJL073W,6.6699503804557025e-06
YPR080W,YGR279C,4.1323243493707196e-08
YPR080W,YKL190W,0.011080171912908554
YPR080W,YGL089C,1.1505036506820332e-11
YPR080W,YJL019W,1.720009024097635e-08
YPR080W,YJL018W,0.00027755237533710897
YPR080W,YNR032C-A,0.8997812271118164
YPR080W,YGL178W,7.402108370690996e-10
YPR080W,YKL116C,5.0055181625031225e-14
YPR080W,YDL214C,0.9479416012763977
YPR080W,YLR362W,4.278062624507584e-05
YPR080W,YER068W,1.0845925316971261e-05
YPR080W,YHR084W,5.4425541748059914e-05
YPR080W,YDR392W,0.003929693717509508
YPR080W,YNL053W,5.483739240474961e-09
YPR080W,YGR040W,0.002016465412452817
YPR080W,YDL216C,6.136851880000904e-05
YPR080W,YOL117W,9.687677084002644e-05
YPR080W,YJR086W,0.3126024603843689
YPR080W,YMR025W,2.3141632610190754e-08
YPR080W,YBR081C,0.2475675344467163
YPR080W,YFL026W,2.858993721572406e-20
YPR080W,YHL007C,2.621481144160498e-06
YPR080W,YNR044W,2.183822653023526e-05
YPR080W,YNL271C,1.1514250672917115e-06
YPR080W,YDR200C,0.9886056780815125
YPR080W,YKL178C,0.4845549762248993
YPR080W,YOR212W,3.793268309433423e-17
YPR080W,YOL111C,1.6774191757829016e-10
YPR080W,YGL032C,4.665804333468587e-15
YPR080W,YHR005C,1.0335907063563354e-06
YPR080W,YDR103W,0.9470852613449097
YPR080W,YJR084W,8.828270381400216e-08
YPR080W,YCL032W,4.4311182501033386e-10
YPR080W,YJL170C,2.868303272407502e-05
YPR080W,YDR179C,4.297132818464888e-06
YPR080W,YBR095C,1.793403328065324e-07
YPR080W,YLL021W,5.813124516862445e-06
YPR080W,YDL159W,3.443539550729291e-11
YPR080W,YNL161W,3.71335904733594e-12
YPR080W,YNL188W,4.623038618589703e-10
YPR080W,YJL157C,2.751466806130698e-12
YPR080W,YJL034W,1.216127469317067e-14
YPR080W,YLR238W,0.0031286890152841806
YPR080W,YPR141C,2.6396011776341766e-07
YPR080W,YNL127W,7.574075810978798e-10
YPR080W,YCL055W,3.735758230538622e-12
YPR080W,YPR122W,0.4168899655342102
YPR080W,YMR065W,6.126268999651074e-05
YPR080W,YDR356W,0.00275676092132926
YPR080W,YMR052W,0.00015044384053908288
YPR080W,YFR008W,0.1906406432390213
YPR080W,YLL043W,0.00011154251842526719
YPR080W,YMR029C,0.00016191514441743493
YPR080W,YJR004C,1.0154824536812157e-07
YPR080W,YDL223C,1.1577734214049396e-13
YPR080W,YHR158C,2.4054587655086834e-08
YPR080W,YGR238C,5.896910515446052e-09
YPR080W,YIL015W,1.4627709850681403e-12
YPR080W,YGL173C,5.1927768254245166e-06
YPR080W,YDL225W,0.002611324656754732
YPR080W,YLR330W,1.3157374496586272e-06
YPR080W,YBR129C,0.5939144492149353
YPR080W,YKR095W-A,0.2020167112350464
YPR080W,YPR075C,0.0011583974119275808
YPR080W,YMR198W,6.665275265049786e-08
YPR080W,YOR127W,2.8734707755578848e-12
YPR080W,YDR264C,1.2383449300712446e-11
YPR080W,YLR110C,7.400342951768835e-07
YPR080W,YDR379W,3.9190535972011276e-06
YPR080W,YDL100C,4.9201027089454207e-17
YPR080W,YHR073W,0.46253567934036255
YPR080W,YJR090C,0.33674463629722595
YPR080W,YOR208W,0.0016494091833010316
YPR080W,YBR040W,1.550150045659393e-05
YPR080W,YNL279W,2.7521387946372045e-12
YPR080W,YER075C,0.08007878810167313
YPR080W,YCR089W,5.510506071004784e-06
YPR080W,YCR002C,1.2161172513458496e-08
YPR080W,YJL108C,9.605184425609536e-10
YPR080W,YBR200W,7.154381975738033e-09
YPR080W,YIL026C,9.985531512768375e-09
YPR080W,YJR076C,1.831694440568299e-08
YPR080W,YKR031C,0.9965194463729858
YPR080W,YPL192C,8.488839853271202e-07
YPR080W,YHR107C,5.6423254136461765e-05
YPR080W,YIL037C,4.095823896932416e-06
YPR080W,YPL156C,8.957378304330632e-05
YPR080W,YIL117C,6.776022853927088e-09
YPR080W,YHR066W,2.413172743229164e-13
YPR080W,YML085C,1.8696718484534358e-07
YPR080W,YML047C,1.017442082229536e-05
YPR080W,YDR312W,9.873348290057038e-07
YPR080W,YFL037W,4.023637163470123e-13
YPR080W,YDL038C,0.2020167112350464
YPR080W,YDL039C,2.2659957243931217e-11
YPR080W,YCL027W,3.488632103199052e-07
YPR080W,YML124C,5.730905658883623e-13
YPR080W,YGL053W,1.4277804893936263e-07
YPR080W,YMR232W,4.777648427989334e-06
YPR080W,YNL298W,5.410986103626669e-10
YPR080W,YGL099W,8.945019204509297e-12
YPR080W,YBL016W,8.378641205321335e-13
YPR080W,YAL041W,0.3151461184024811
YPR080W,YDR085C,0.9548747539520264
YPR080W,YPL187W,0.039819106459617615
YPR080W,YPL256C,4.33489194702661e-17
YPR080W,YDR461W,1.5609421731116154e-15
YPR080W,YNL145W,4.743781551318107e-16
YBR228W,YDL165W,0.0038630517665296793
YBR228W,YGR059W,2.1843687969536063e-10
YBR228W,YBR109C,0.0005570387002080679
YBR228W,YJL080C,2.739378446303675e-10
YBR228W,YCR093W,0.0009765843860805035
YBR228W,YIL122W,0.01563257910311222
YBR228W,YCL029C,8.138255152244367e-13
YBR228W,YNL173C,1.8426817016692354e-10
YBR228W,YLR452C,0.6322779059410095
YBR228W,YDL160C,0.00039316571201197803
YBR228W,YLR229C,4.743262252304703e-05
YBR228W,YML057W,9.926029451889917e-05
YBR228W,YER149C,6.767015293007717e-05
YBR228W,YMR305C,2.770521138895088e-11
YBR228W,YLR433C,1.9790290025412105e-05
YBR228W,YJL073W,1.2271923033324583e-08
YBR228W,YGR279C,1.073198177437007e-06
YBR228W,YKL190W,0.0001782187755452469
YBR228W,YGL089C,0.08829883486032486
YBR228W,YJL019W,2.4464105763399857e-07
YBR228W,YJL018W,0.0033020221162587404
YBR228W,YNR032C-A,0.6104385852813721
YBR228W,YGL178W,0.1401650458574295
YBR228W,YKL116C,3.084810462627985e-10
YBR228W,YDL214C,1.9856213384628063e-06
YBR228W,YLR362W,0.007255296688526869
YBR228W,YER068W,3.287125949213987e-08
YBR228W,YHR084W,9.005807442008518e-06
YBR228W,YDR392W,0.004216774832457304
YBR228W,YNL053W,0.035713620483875275
YBR228W,YGR040W,1.049423872245825e-06
YBR228W,YDL216C,5.517431997392741e-11
YBR228W,YOL117W,0.014897159300744534
YBR228W,YJR086W,0.00021477487462107092
YBR228W,YMR025W,4.789408762917446e-07
YBR228W,YBR081C,1.9394992989418824e-07
YBR228W,YFL026W,0.00019202983821742237
YBR228W,YHL007C,4.205433299375727e-07
YBR228W,YNR044W,1.5078614978847327e-06
YBR228W,YNL271C,4.2306869119101975e-10
YBR228W,YDR200C,0.009417712688446045
YBR228W,YKL178C,0.00021309673320502043
YBR228W,YOR212W,5.295919982017949e-05
YBR228W,YOL111C,8.412742317887023e-05
YBR228W,YGL032C,0.0006834039813838899
YBR228W,YHR005C,9.039816006861656e-08
YBR228W,YDR103W,0.0002477553207427263
YBR228W,YJR084W,0.1293141096830368
YBR228W,YCL032W,0.005129089113324881
YBR228W,YJL170C,3.7797408367623575e-06
YBR228W,YDR179C,8.856900213238816e-10
YBR228W,YBR095C,8.324743976118043e-05
YBR228W,YLL021W,6.526468948608866e-11
YBR228W,YDL159W,1.0215902790378095e-07
YBR228W,YNL161W,0.000867856084369123
YBR228W,YNL188W,0.0020853180903941393
YBR228W,YJL157C,3.7636375509464415e-06
YBR228W,YJL034W,1.1218963041556562e-12
YBR228W,YLR238W,0.0021377026569098234
YBR228W,YPR141C,0.9965853691101074
YBR228W,YNL127W,1.6062484064605087e-05
YBR228W,YCL055W,0.0004285733157303184
YBR228W,YPR122W,0.03443237021565437
YBR228W,YMR065W,0.0011606540065258741
YBR228W,YDR356W,0.0016104617388918996
YBR228W,YMR052W,0.0004347740614321083
YBR228W,YFR008W,0.001264716382138431
YBR228W,YLL043W,4.9556008185902556e-09
YBR228W,YMR029C,2.1596015358227305e-06
YBR228W,YJR004C,6.735982882588587e-10
YBR228W,YDL223C,6.694021031927733e-11
YBR228W,YHR158C,8.20864261186216e-06
YBR228W,YGR238C,3.6815484688590416e-11
YBR228W,YIL015W,0.00377518218010664
YBR228W,YGL173C,0.015561278909444809
YBR228W,YDL225W,2.8656210737665333e-09
YBR228W,YLR330W,3.851981233982116e-10
YBR228W,YBR129C,2.7203272967568637e-10
YBR228W,YKR095W-A,0.2020167112350464
YBR228W,YPR075C,4.651636118069291e-06
YBR228W,YMR198W,0.6152921915054321
YBR228W,YOR127W,0.00015484794857911766
YBR228W,YDR264C,6.920130601884011e-08
YBR228W,YLR110C,0.1653224378824234
YBR228W,YDR379W,1.7910761016537435e-05
YBR228W,YDL100C,1.3160119660682312e-09
YBR228W,YHR073W,0.00733487494289875
YBR228W,YJR090C,1.5821788323933106e-08
YBR228W,YOR208W,3.93108966818545e-05
YBR228W,YBR040W,0.8793246746063232
YBR228W,YNL279W,0.41273748874664307
YBR228W,YER075C,1.1714342690538615e-05
YBR228W,YCR089W,3.77415053662844e-05
YBR228W,YCR002C,1.1578993763805556e-07
YBR228W,YJL108C,1.1594432180572767e-05
YBR228W,YBR200W,0.05206437408924103
YBR228W,YIL026C,1.0541834960520191e-08
YBR228W,YJR076C,8.405485277762637e-05
YBR228W,YKR031C,6.7974237936141435e-06
YBR228W,YPL192C,0.0007919786148704588
YBR228W,YHR107C,2.314143182635675e-10
YBR228W,YIL037C,2.184540335292695e-07
YBR228W,YPL156C,0.22582966089248657
YBR228W,YIL117C,0.022477678954601288
YBR228W,YHR066W,8.348053490343267e-15
YBR228W,YML085C,1.283938733109835e-09
YBR228W,YML047C,0.9752927422523499
YBR228W,YDR312W,1.620259354240261e-05
YBR228W,YFL037W,4.394749169023271e-07
YBR228W,YDL038C,0.2020167112350464
YBR228W,YDL039C,1.546755684146174e-14
YBR228W,YCL027W,3.829024319834673e-10
YBR228W,YML124C,6.086010029271449e-10
YBR228W,YGL053W,1.0935498062636384e-09
YBR228W,YMR232W,3.744297316643497e-08
YBR228W,YNL298W,5.857460072533627e-10
YBR228W,YGL099W,4.058427246068745e-14
YBR228W,YBL016W,0.0036485097371041775
YBR228W,YAL041W,3.922633550246246e-05
YBR228W,YDR085C,9.988045945874546e-09
YBR228W,YPL187W,0.00300991116091609
YBR228W,YPL256C,1.031000423923345e-10
YBR228W,YDR461W,1.804635196833715e-08
YBR228W,YNL145W,2.128111242782893e-09
YOR290C,YDL165W,3.3549878253325005e-07
YOR290C,YGR059W,1.2306050400923141e-08
YOR290C,YBR109C,4.915425961371511e-05
YOR290C,YJL080C,0.09592732787132263
YOR290C,YCR093W,0.023787058889865875
YOR290C,YIL122W,1.281746676795592e-06
YOR290C,YCL029C,1.3340878624035213e-08
YOR290C,YNL173C,2.0430657059478108e-06
YOR290C,YLR452C,8.021627763810102e-06
YOR290C,YDL160C,0.2887243926525116
YOR290C,YLR229C,1.54158963020087e-14
YOR290C,YML057W,1.4946225235235033e-07
YOR290C,YER149C,0.0028441159520298243
YOR290C,YMR305C,4.819571586267557e-06
YOR290C,YLR433C,0.006468504201620817
YOR290C,YJL073W,7.133850488116877e-08
YOR290C,YGR279C,0.860639214515686
YOR290C,YKL190W,0.000561306718736887
YOR290C,YGL089C,0.0017892596079036593
YOR290C,YJL019W,0.00017668228247202933
YOR290C,YJL018W,0.012635867111384869
YOR290C,YNR032C-A,0.2594035565853119
YOR290C,YGL178W,0.05577851086854935
YOR290C,YKL116C,1.9756184599373228e-07
YOR290C,YDL214C,0.6236176490783691
YOR290C,YLR362W,1.0916090786849963e-06
YOR290C,YER068W,1.2106079338991549e-05
YOR290C,YHR084W,0.0019172434695065022
YOR290C,YDR392W,1.0001070194221029e-07
YOR290C,YNL053W,0.051413219422101974
YOR290C,YGR040W,1.3371162822295446e-05
YOR290C,YDL216C,0.0013514026068150997
YOR290C,YOL117W,7.623803810474783e-10
YOR290C,YJR086W,3.4410504667903297e-07
YOR290C,YMR025W,2.359704376342364e-10
YOR290C,YBR081C,0.00022787638590671122
YOR290C,YFL026W,2.9798393370583653e-05
YOR290C,YHL007C,0.3890917897224426
YOR290C,YNR044W,0.04960956797003746
YOR290C,YNL271C,8.01907208369812e-06
YOR290C,YDR200C,0.006876007188111544
YOR290C,YKL178C,0.011175790801644325
YOR290C,YOR212W,7.164326376596364e-08
YOR290C,YOL111C,1.4206918974579708e-09
YOR290C,YGL032C,9.952200343832374e-06
YOR290C,YHR005C,0.005085633601993322
YOR290C,YDR103W,1.4594360209230217e-06
YOR290C,YJR084W,5.412865107246034e-07
YOR290C,YCL032W,0.017153244465589523
YOR290C,YJL170C,0.22730715572834015
YOR290C,YDR179C,2.8893472059365877e-09
YOR290C,YBR095C,1.5464586056168628e-07
YOR290C,YLL021W,0.0004831966361962259
YOR290C,YDL159W,4.065655957674608e-06
YOR290C,YNL161W,0.9512859582901001
YOR290C,YNL188W,1.3207309166318737e-05
YOR290C,YJL157C,0.0002927333116531372
YOR290C,YJL034W,1.7311388091911795e-06
YOR290C,YLR238W,6.297542240289722e-13
YOR290C,YPR141C,7.558733159385156e-07
YOR290C,YNL127W,0.00019420371972955763
YOR290C,YCL055W,1.0345851819693053e-07
YOR290C,YPR122W,0.0009235941106453538
YOR290C,YMR065W,0.05180332809686661
YOR290C,YDR356W,4.16975308326073e-06
YOR290C,YMR052W,0.00017155813111457974
YOR290C,YFR008W,9.378324250519654e-08
YOR290C,YLL043W,4.7178284148685634e-05
YOR290C,YMR029C,1.6754224674286888e-08
YOR290C,YJR004C,2.7829911708465715e-09
YOR290C,YDL223C,7.74626016664115e-07
YOR290C,YHR158C,0.0002516026434022933
YOR290C,YGR238C,3.376847135250216e-10
YOR290C,YIL015W,4.457737759366864e-06
YOR290C,YGL173C,0.00019254173093941063
YOR290C,YDL225W,1.0973586270354371e-13
YOR290C,YLR330W,2.2907912011760345e-08
YOR290C,YBR129C,7.004173596669716e-08
YOR290C,YKR095W-A,0.2020167112350464
YOR290C,YPR075C,0.007886628620326519
YOR290C,YMR198W,2.6463308699931076e-07
YOR290C,YOR127W,3.0881086533415814e-13
YOR290C,YDR264C,0.010664890520274639
YOR290C,YLR110C,0.9328259229660034
YOR290C,YDR379W,2.5193974579451606e-05
YOR290C,YDL100C,1.5884303594670968e-10
YOR290C,YHR073W,4.077775273003681e-08
YOR290C,YJR090C,9.194539597956464e-05
YOR290C,YOR208W,0.004799759015440941
YOR290C,YBR040W,2.62509615822637e-06
YOR290C,YNL279W,0.020754652097821236
YOR290C,YER075C,4.610276664607227e-05
YOR290C,YCR089W,5.003262413083576e-05
YOR290C,YCR002C,2.9687562346225604e-06
YOR290C,YJL108C,0.004293886013329029
YOR290C,YBR200W,1.9481660729070427e-09
YOR290C,YIL026C,1.9341216128676564e-10
YOR290C,YJR076C,1.8280699176642656e-10
YOR290C,YKR031C,0.23841893672943115
YOR290C,YPL192C,0.0008183039608411491
YOR290C,YHR107C,8.490568689012434e-06
YOR290C,YIL037C,0.971382200717926
YOR290C,YPL156C,0.0002694408758543432
YOR290C,YIL117C,1.2657901393708926e-08
YOR290C,YHR066W,0.0058534834533929825
YOR290C,YML085C,0.00516140041872859
YOR290C,YML047C,9.011329876740248e-11
YOR290C,YDR312W,0.1269564926624298
YOR290C,YFL037W,4.2483233642087725e-07
YOR290C,YDL038C,0.2020167112350464
YOR290C,YDL039C,9.263597894459963e-05
YOR290C,YCL027W,5.907255573589509e-09
YOR290C,YML124C,0.0005646930076181889
YOR290C,YGL053W,0.0019447930390015244
YOR290C,YMR232W,5.090927061246475e-06
YOR290C,YNL298W,8.609134170001198e-07
YOR290C,YGL099W,1.1132601684948895e-06
YOR290C,YBL016W,1.5157939969867584e-07
YOR290C,YAL041W,0.0019541988149285316
YOR290C,YDR085C,6.918553845025599e-05
YOR290C,YPL187W,0.0004457118338905275
YOR290C,YPL256C,1.4993365482496301e-07
YOR290C,YDR461W,3.8432972360169515e-05
YOR290C,YNL145W,9.421424329048023e-05
AWA1,YDL165W,0.2020167112350464
AWA1,YGR059W,0.2020167112350464
AWA1,YBR109C,0.2020167112350464
AWA1,YJL080C,0.2020167112350464
AWA1,YCR093W,0.2020167112350464
AWA1,YIL122W,0.2020167112350464
AWA1,YCL029C,0.2020167112350464
AWA1,YNL173C,0.2020167112350464
AWA1,YLR452C,0.2020167112350464
AWA1,YDL160C,0.2020167112350464
AWA1,YLR229C,0.2020167112350464
AWA1,YML057W,0.2020167112350464
AWA1,YER149C,0.2020167112350464
AWA1,YMR305C,0.2020167112350464
AWA1,YLR433C,0.2020167112350464
AWA1,YJL073W,0.2020167112350464
AWA1,YGR279C,0.2020167112350464
AWA1,YKL190W,0.2020167112350464
AWA1,YGL089C,0.2020167112350464
AWA1,YJL019W,0.2020167112350464
AWA1,YJL018W,0.2020167112350464
AWA1,YNR032C-A,0.2020167112350464
AWA1,YGL178W,0.2020167112350464
AWA1,YKL116C,0.2020167112350464
AWA1,YDL214C,0.2020167112350464
AWA1,YLR362W,0.2020167112350464
AWA1,YER068W,0.2020167112350464
AWA1,YHR084W,0.2020167112350464
AWA1,YDR392W,0.2020167112350464
AWA1,YNL053W,0.2020167112350464
AWA1,YGR040W,0.2020167112350464
AWA1,YDL216C,0.2020167112350464
AWA1,YOL117W,0.2020167112350464
AWA1,YJR086W,0.2020167112350464
AWA1,YMR025W,0.2020167112350464
AWA1,YBR081C,0.2020167112350464
AWA1,YFL026W,0.2020167112350464
AWA1,YHL007C,0.2020167112350464
AWA1,YNR044W,0.2020167112350464
AWA1,YNL271C,0.2020167112350464
AWA1,YDR200C,0.2020167112350464
AWA1,YKL178C,0.2020167112350464
AWA1,YOR212W,0.2020167112350464
AWA1,YOL111C,0.2020167112350464
AWA1,YGL032C,0.2020167112350464
AWA1,YHR005C,0.2020167112350464
AWA1,YDR103W,0.2020167112350464
AWA1,YJR084W,0.2020167112350464
AWA1,YCL032W,0.2020167112350464
AWA1,YJL170C,0.2020167112350464
AWA1,YDR179C,0.2020167112350464
AWA1,YBR095C,0.2020167112350464
AWA1,YLL021W,0.2020167112350464
AWA1,YDL159W,0.2020167112350464
AWA1,YNL161W,0.2020167112350464
AWA1,YNL188W,0.2020167112350464
AWA1,YJL157C,0.2020167112350464
AWA1,YJL034W,0.2020167112350464
AWA1,YLR238W,0.2020167112350464
AWA1,YPR141C,0.2020167112350464
AWA1,YNL127W,0.2020167112350464
AWA1,YCL055W,0.2020167112350464
AWA1,YPR122W,0.2020167112350464
AWA1,YMR065W,0.2020167112350464
AWA1,YDR356W,0.2020167112350464
AWA1,YMR052W,0.2020167112350464
AWA1,YFR008W,0.2020167112350464
AWA1,YLL043W,0.2020167112350464
AWA1,YMR029C,0.2020167112350464
AWA1,YJR004C,0.2020167112350464
AWA1,YDL223C,0.2020167112350464
AWA1,YHR158C,0.2020167112350464
AWA1,YGR238C,0.2020167112350464
AWA1,YIL015W,0.2020167112350464
AWA1,YGL173C,0.2020167112350464
AWA1,YDL225W,0.2020167112350464
AWA1,YLR330W,0.2020167112350464
AWA1,YBR129C,0.2020167112350464
AWA1,YKR095W-A,0.2020167112350464
AWA1,YPR075C,0.2020167112350464
AWA1,YMR198W,0.2020167112350464
AWA1,YOR127W,0.2020167112350464
AWA1,YDR264C,0.2020167112350464
AWA1,YLR110C,0.2020167112350464
AWA1,YDR379W,0.2020167112350464
AWA1,YDL100C,0.2020167112350464
AWA1,YHR073W,0.2020167112350464
AWA1,YJR090C,0.2020167112350464
AWA1,YOR208W,0.2020167112350464
AWA1,YBR040W,0.2020167112350464
AWA1,YNL279W,0.2020167112350464
AWA1,YER075C,0.2020167112350464
AWA1,YCR089W,0.2020167112350464
AWA1,YCR002C,0.2020167112350464
AWA1,YJL108C,0.2020167112350464
AWA1,YBR200W,0.2020167112350464
AWA1,YIL026C,0.2020167112350464
AWA1,YJR076C,0.2020167112350464
AWA1,YKR031C,0.2020167112350464
AWA1,YPL192C,0.2020167112350464
AWA1,YHR107C,0.2020167112350464
AWA1,YIL037C,0.2020167112350464
AWA1,YPL156C,0.2020167112350464
AWA1,YIL117C,0.2020167112350464
AWA1,YHR066W,0.2020167112350464
AWA1,YML085C,0.2020167112350464
AWA1,YML047C,0.2020167112350464
AWA1,YDR312W,0.2020167112350464
AWA1,YFL037W,0.2020167112350464
AWA1,YDL038C,0.2020167112350464
AWA1,YDL039C,0.2020167112350464
AWA1,YCL027W,0.2020167112350464
AWA1,YML124C,0.2020167112350464
AWA1,YGL053W,0.2020167112350464
AWA1,YMR232W,0.2020167112350464
AWA1,YNL298W,0.2020167112350464
AWA1,YGL099W,0.2020167112350464
AWA1,YBL016W,0.2020167112350464
AWA1,YAL041W,0.2020167112350464
AWA1,YDR085C,0.2020167112350464
AWA1,YPL187W,0.2020167112350464
AWA1,YPL256C,0.2020167112350464
AWA1,YDR461W,0.2020167112350464
AWA1,YNL145W,0.2020167112350464
YDR429C,YDL165W,5.3315482589780597e-14
YDR429C,YGR059W,9.732376016202693e-10
YDR429C,YBR109C,0.030547132715582848
YDR429C,YJL080C,3.530111882810161e-07
YDR429C,YCR093W,0.0011547046015039086
YDR429C,YIL122W,0.08331553637981415
YDR429C,YCL029C,4.709304612937615e-10
YDR429C,YNL173C,1.6243217260125675e-06
YDR429C,YLR452C,0.1823316067457199
YDR429C,YDL160C,2.1155330820477047e-09
YDR429C,YLR229C,1.2648011978033669e-11
YDR429C,YML057W,1.3999875695760343e-16
YDR429C,YER149C,5.127104668645188e-05
YDR429C,YMR305C,0.64274662733078
YDR429C,YLR433C,4.564277400476158e-09
YDR429C,YJL073W,3.1284695376972103e-17
YDR429C,YGR279C,9.100322162503005e-10
YDR429C,YKL190W,2.8719790989839566e-09
YDR429C,YGL089C,1.0269226875109227e-13
YDR429C,YJL019W,1.6128307578355816e-08
YDR429C,YJL018W,0.0001322988246101886
YDR429C,YNR032C-A,0.43179163336753845
YDR429C,YGL178W,6.017902842714307e-11
YDR429C,YKL116C,4.716607746729773e-12
YDR429C,YDL214C,0.016547558829188347
YDR429C,YLR362W,2.7138762348499768e-09
YDR429C,YER068W,1.0112904957892965e-10
YDR429C,YHR084W,8.592838662835334e-10
YDR429C,YDR392W,1.5307481362469844e-06
YDR429C,YNL053W,0.002506342949345708
YDR429C,YGR040W,1.4665374692413025e-07
YDR429C,YDL216C,1.0220181367870396e-09
YDR429C,YOL117W,8.685032402457049e-13
YDR429C,YJR086W,0.00020095435320399702
YDR429C,YMR025W,0.015706583857536316
YDR429C,YBR081C,2.6901179808191955e-05
YDR429C,YFL026W,0.00019459667964838445
YDR429C,YHL007C,1.9343402527738363e-05
YDR429C,YNR044W,0.8761113882064819
YDR429C,YNL271C,7.083496289528313e-11
YDR429C,YDR200C,1.5073732539949702e-10
YDR429C,YKL178C,0.008106864057481289
YDR429C,YOR212W,2.592431869175016e-08
YDR429C,YOL111C,3.024138715281484e-19
YDR429C,YGL032C,2.3438672087650048e-06
YDR429C,YHR005C,0.3713603913784027
YDR429C,YDR103W,3.321994762606195e-11
YDR429C,YJR084W,1.7932303709842666e-15
YDR429C,YCL032W,0.007990367710590363
YDR429C,YJL170C,0.9999620914459229
YDR429C,YDR179C,3.452931291789813e-15
YDR429C,YBR095C,5.281561863204609e-13
YDR429C,YLL021W,8.690214482265715e-14
YDR429C,YDL159W,2.946108968981525e-17
YDR429C,YNL161W,8.254362526827208e-09
YDR429C,YNL188W,6.428286788909244e-19
YDR429C,YJL157C,1.2841248064887623e-09
YDR429C,YJL034W,1.7207420113362487e-14
YDR429C,YLR238W,1.1721983106394163e-10
YDR429C,YPR141C,1.0899790368057438e-06
YDR429C,YNL127W,0.6717207431793213
YDR429C,YCL055W,1.8878938590205507e-07
YDR429C,YPR122W,0.0002386540872976184
YDR429C,YMR065W,0.7882772088050842
YDR429C,YDR356W,2.4914759251259966e-06
YDR429C,YMR052W,1.2993077689316124e-06
YDR429C,YFR008W,1.4464083576692932e-11
YDR429C,YLL043W,0.00026852815062738955
YDR429C,YMR029C,1.7063308987985693e-08
YDR429C,YJR004C,2.8201882569493125e-16
YDR429C,YDL223C,5.99666109780675e-22
YDR429C,YHR158C,6.971137190703303e-05
YDR429C,YGR238C,1.0976830745355534e-13
YDR429C,YIL015W,0.9801518321037292
YDR429C,YGL173C,0.0005628799553960562
YDR429C,YDL225W,4.716637497237386e-11
YDR429C,YLR330W,1.0445267257196394e-15
YDR429C,YBR129C,6.944600602042106e-13
YDR429C,YKR095W-A,0.2020167112350464
YDR429C,YPR075C,3.4452456324637827e-16
YDR429C,YMR198W,6.54010801071081e-09
YDR429C,YOR127W,8.950996106154348e-15
YDR429C,YDR264C,1.432904630453008e-14
YDR429C,YLR110C,2.8777763592252592e-12
YDR429C,YDR379W,0.0012045250041410327
YDR429C,YDL100C,1.3924434522083473e-12
YDR429C,YHR073W,8.573328713623596e-09
YDR429C,YJR090C,2.7819526238204162e-08
YDR429C,YOR208W,0.0001342918985756114
YDR429C,YBR040W,0.009654715657234192
YDR429C,YNL279W,1.2187664651719388e-05
YDR429C,YER075C,1.515786940409214e-09
YDR429C,YCR089W,8.322398326043867e-10
YDR429C,YCR002C,1.3709014479168502e-10
YDR429C,YJL108C,3.658179366539116e-06
YDR429C,YBR200W,1.3584619540374376e-14
YDR429C,YIL026C,7.140056774990189e-12
YDR429C,YJR076C,5.4085357987787575e-05
YDR429C,YKR031C,7.431296022986089e-09
YDR429C,YPL192C,2.1588069998301762e-08
YDR429C,YHR107C,0.0024655554443597794
YDR429C,YIL037C,2.8351012588245794e-05
YDR429C,YPL156C,0.00037423649337142706
YDR429C,YIL117C,1.7229467852430957e-09
YDR429C,YHR066W,8.656921533789497e-12
YDR429C,YML085C,1.853875497559443e-09
YDR429C,YML047C,2.7346547994966386e-06
YDR429C,YDR312W,2.011178068528352e-08
YDR429C,YFL037W,4.7225983160984614e-14
YDR429C,YDL038C,0.2020167112350464
YDR429C,YDL039C,2.3389763725845114e-07
YDR429C,YCL027W,1.8546311540560204e-14
YDR429C,YML124C,5.274816499388491e-13
YDR429C,YGL053W,4.2483085192085435e-13
YDR429C,YMR232W,0.0016401626635342836
YDR429C,YNL298W,7.639510135604155e-10
YDR429C,YGL099W,5.083380988553116e-15
YDR429C,YBL016W,4.358733166065498e-11
YDR429C,YAL041W,1.34992883538132e-09
YDR429C,YDR085C,1.0241797687715604e-10
YDR429C,YPL187W,5.847968637118228e-11
YDR429C,YPL256C,4.02039426056211e-12
YDR429C,YDR461W,7.67698404846584e-12
YDR429C,YNL145W,7.66329321777448e-05
YOR064C,YDL165W,9.397526973178166e-14
YOR064C,YGR059W,5.371971201206804e-10
YOR064C,YBR109C,9.282318125670552e-15
YOR064C,YJL080C,8.20983840692875e-19
YOR064C,YCR093W,1.5658753460545682e-10
YOR064C,YIL122W,1.2225091772233299e-10
YOR064C,YCL029C,3.203901854931246e-08
YOR064C,YNL173C,1.7858117599706819e-13
YOR064C,YLR452C,2.7672161505049205e-14
YOR064C,YDL160C,1.906371653419281e-13
YOR064C,YLR229C,1.583532888149719e-10
YOR064C,YML057W,3.863885600363659e-11
YOR064C,YER149C,1.1899737271947597e-11
YOR064C,YMR305C,8.146955586687361e-16
YOR064C,YLR433C,1.0326243180064955e-17
YOR064C,YJL073W,9.768339168658713e-07
YOR064C,YGR279C,4.652956908657302e-10
YOR064C,YKL190W,1.784346054158753e-15
YOR064C,YGL089C,6.912273420311976e-06
YOR064C,YJL019W,8.093473446990629e-09
YOR064C,YJL018W,0.00023988781322259456
YOR064C,YNR032C-A,8.712288035894744e-06
YOR064C,YGL178W,2.0369654407659255e-07
YOR064C,YKL116C,1.1496792922116583e-06
YOR064C,YDL214C,1.7569402643857757e-06
YOR064C,YLR362W,9.502574283004606e-10
YOR064C,YER068W,2.980872710126037e-12
YOR064C,YHR084W,3.3579034663944185e-08
YOR064C,YDR392W,1.0574548181541132e-10
YOR064C,YNL053W,0.0012295956257730722
YOR064C,YGR040W,2.2713707039656583e-06
YOR064C,YDL216C,5.479456831380958e-06
YOR064C,YOL117W,1.5206394476940943e-10
YOR064C,YJR086W,1.3623049755895528e-21
YOR064C,YMR025W,1.9268118194304407e-05
YOR064C,YBR081C,1.1105450760384716e-11
YOR064C,YFL026W,3.23361782648135e-05
YOR064C,YHL007C,1.0898735069986287e-07
YOR064C,YNR044W,1.7971160583968304e-12
YOR064C,YNL271C,0.00023919374507386237
YOR064C,YDR200C,7.455163132236685e-16
YOR064C,YKL178C,0.0001630109763937071
YOR064C,YOR212W,1.6946518840987856e-11
YOR064C,YOL111C,0.0008853129693306983
YOR064C,YGL032C,0.00033132347743958235
YOR064C,YHR005C,1.8140633883945156e-08
YOR064C,YDR103W,3.130508352544581e-11
YOR064C,YJR084W,5.310132132049566e-15
YOR064C,YCL032W,5.4884215228145905e-11
YOR064C,YJL170C,3.317802976798845e-11
YOR064C,YDR179C,6.144170470179233e-07
YOR064C,YBR095C,2.7430195849875055e-16
YOR064C,YLL021W,1.1865428107551371e-14
YOR064C,YDL159W,3.868290778842598e-13
YOR064C,YNL161W,0.00017522601410746574
YOR064C,YNL188W,7.627795964304518e-12
YOR064C,YJL157C,1.0553754918873892e-06
YOR064C,YJL034W,3.867579174906165e-26
YOR064C,YLR238W,1.3940532062051147e-09
YOR064C,YPR141C,5.096195687670502e-11
YOR064C,YNL127W,1.274800154327238e-09
YOR064C,YCL055W,3.0989638887804136e-14
YOR064C,YPR122W,2.391914790678129e-07
YOR064C,YMR065W,2.9283906854971065e-08
YOR064C,YDR356W,5.399517249315977e-05
YOR064C,YMR052W,1.9575242049540975e-07
YOR064C,YFR008W,1.5457692634571196e-12
YOR064C,YLL043W,5.3329475946384264e-08
YOR064C,YMR029C,9.274730235122458e-14
YOR064C,YJR004C,1.2322202280756755e-07
YOR064C,YDL223C,1.6863999974248145e-08
YOR064C,YHR158C,8.264360875330501e-14
YOR064C,YGR238C,1.1180534720267588e-08
YOR064C,YIL015W,0.022094381973147392
YOR064C,YGL173C,4.3652533349813893e-05
YOR064C,YDL225W,1.1623108922000861e-14
YOR064C,YLR330W,1.8007169987435158e-14
YOR064C,YBR129C,2.5544851567360638e-08
YOR064C,YKR095W-A,0.2020167112350464
YOR064C,YPR075C,5.223684982832988e-13
YOR064C,YMR198W,1.406189539920888e-06
YOR064C,YOR127W,5.973546039327732e-14
YOR064C,YDR264C,7.326258448862748e-18
YOR064C,YLR110C,1.3207048787933218e-08
YOR064C,YDR379W,1.0458560016288199e-12
YOR064C,YDL100C,7.816038372077116e-10
YOR064C,YHR073W,1.3291039276108751e-13
YOR064C,YJR090C,7.021213471736232e-12
YOR064C,YOR208W,4.6369134557709514e-17
YOR064C,YBR040W,2.068522242382187e-09
YOR064C,YNL279W,3.672265620480175e-07
YOR064C,YER075C,8.296347608904853e-09
YOR064C,YCR089W,2.296838413906599e-11
YOR064C,YCR002C,1.3675467008811282e-12
YOR064C,YJL108C,5.191298413365075e-08
YOR064C,YBR200W,3.2458356713505054e-07
YOR064C,YIL026C,4.519897345289792e-08
YOR064C,YJR076C,1.6041066941710087e-18
YOR064C,YKR031C,1.4464911039790973e-11
YOR064C,YPL192C,0.0015607717214152217
YOR064C,YHR107C,1.5381196750291481e-12
YOR064C,YIL037C,8.8994506208806e-11
YOR064C,YPL156C,8.68077313498361e-06
YOR064C,YIL117C,0.005685831420123577
YOR064C,YHR066W,8.04739711283628e-14
YOR064C,YML085C,5.717452603024137e-21
YOR064C,YML047C,1.2931377568747848e-07
YOR064C,YDR312W,1.1030040880655179e-08
YOR064C,YFL037W,2.088021812743368e-12
YOR064C,YDL038C,0.2020167112350464
YOR064C,YDL039C,5.164960020920262e-05
YOR064C,YCL027W,1.961185944310273e-06
YOR064C,YML124C,4.1356116304917237e-16
YOR064C,YGL053W,6.783540182485455e-19
YOR064C,YMR232W,0.01075579784810543
YOR064C,YNL298W,9.204629246306606e-13
YOR064C,YGL099W,1.735135246485736e-17
YOR064C,YBL016W,8.505730009211732e-10
YOR064C,YAL041W,1.0175259745892618e-07
YOR064C,YDR085C,3.943306694509374e-07
YOR064C,YPL187W,1.3299492174212446e-08
YOR064C,YPL256C,1.6331589316450961e-16
YOR064C,YDR461W,1.5869622416175844e-07
YOR064C,YNL145W,9.81228209795404e-10
YOR381W,YDL165W,1.4324616131489165e-05
YOR381W,YGR059W,3.804161252674021e-08
YOR381W,YBR109C,7.201168827908333e-11
YOR381W,YJL080C,0.9262794256210327
YOR381W,YCR093W,1.244440245296019e-10
YOR381W,YIL122W,2.6288065474444622e-11
YOR381W,YCL029C,1.2563623386085965e-06
YOR381W,YNL173C,5.688805322279222e-05
YOR381W,YLR452C,5.4752566938987e-05
YOR381W,YDL160C,0.0029614176601171494
YOR381W,YLR229C,0.005570709239691496
YOR381W,YML057W,0.2954355776309967
YOR381W,YER149C,0.01289515569806099
YOR381W,YMR305C,3.251153430028353e-06
YOR381W,YLR433C,0.9321451187133789
YOR381W,YJL073W,6.046513590263203e-06
YOR381W,YGR279C,1.5846604810576537e-06
YOR381W,YKL190W,2.2338045368996973e-07
YOR381W,YGL089C,8.67940615212337e-12
YOR381W,YJL019W,0.0406135618686676
YOR381W,YJL018W,0.00019110595167148858
YOR381W,YNR032C-A,0.228372260928154
YOR381W,YGL178W,2.048442911473103e-05
YOR381W,YKL116C,7.129666856897643e-10
YOR381W,YDL214C,0.0024173432029783726
YOR381W,YLR362W,0.0013320334255695343
YOR381W,YER068W,0.00048097208491526544
YOR381W,YHR084W,0.9239388704299927
YOR381W,YDR392W,0.000794065766967833
YOR381W,YNL053W,1.1474598068161868e-05
YOR381W,YGR040W,0.0001834269060054794
YOR381W,YDL216C,0.0006895773694850504
YOR381W,YOL117W,4.0724546124693006e-05
YOR381W,YJR086W,1.3459810361382551e-05
YOR381W,YMR025W,0.00012224858801346272
YOR381W,YBR081C,1.316976181442442e-07
YOR381W,YFL026W,0.9063667058944702
YOR381W,YHL007C,0.0004317103011999279
YOR381W,YNR044W,0.3992360830307007
YOR381W,YNL271C,0.00014819625357631594
YOR381W,YDR200C,0.23730652034282684
YOR381W,YKL178C,1.4779136248144198e-10
YOR381W,YOR212W,2.327134893675975e-07
YOR381W,YOL111C,1.4555759930701129e-09
YOR381W,YGL032C,5.153762685949914e-06
YOR381W,YHR005C,1.0306642934665433e-06
YOR381W,YDR103W,7.955659384606406e-06
YOR381W,YJR084W,1.1990877055723104e-06
YOR381W,YCL032W,3.858157959779618e-10
YOR381W,YJL170C,2.9718465910377745e-08
YOR381W,YDR179C,8.414894523411931e-07
YOR381W,YBR095C,3.162469147355296e-05
YOR381W,YLL021W,1.073240021159938e-12
YOR381W,YDL159W,1.9817409838791475e-14
YOR381W,YNL161W,3.2609207778477867e-07
YOR381W,YNL188W,4.260570118930218e-09
YOR381W,YJL157C,0.0005253699491731822
YOR381W,YJL034W,1.5228532190559576e-15
YOR381W,YLR238W,1.45924400385411e-06
YOR381W,YPR141C,1.3800870135582954e-07
YOR381W,YNL127W,0.0008098527323454618
YOR381W,YCL055W,7.083031505317194e-06
YOR381W,YPR122W,0.018115544691681862
YOR381W,YMR065W,0.0008758565527386963
YOR381W,YDR356W,0.0004433714202605188
YOR381W,YMR052W,7.316426490433514e-06
YOR381W,YFR008W,3.6165911865282396e-07
YOR381W,YLL043W,8.170646651706193e-06
YOR381W,YMR029C,9.7941619969788e-06
YOR381W,YJR004C,1.1555101991689298e-05
YOR381W,YDL223C,6.2087275425060096e-12
YOR381W,YHR158C,7.065355021040887e-05
YOR381W,YGR238C,0.007436379324644804
YOR381W,YIL015W,0.8897250294685364
YOR381W,YGL173C,0.00010887354437727481
YOR381W,YDL225W,1.714851975975762e-07
YOR381W,YLR330W,1.5987541956974383e-08
YOR381W,YBR129C,0.0008513841894455254
YOR381W,YKR095W-A,0.2020167112350464
YOR381W,YPR075C,1.7075327605198254e-06
YOR381W,YMR198W,0.09446075558662415
YOR381W,YOR127W,0.6809036731719971
YOR381W,YDR264C,6.28804300295549e-11
YOR381W,YLR110C,0.014153086580336094
YOR381W,YDR379W,0.004581638611853123
YOR381W,YDL100C,8.297972864390601e-10
YOR381W,YHR073W,4.444423995497715e-10
YOR381W,YJR090C,1.7656007855748612e-07
YOR381W,YOR208W,3.3805190469138324e-06
YOR381W,YBR040W,1.2578244422911666e-05
YOR381W,YNL279W,1.1035969915695887e-09
YOR381W,YER075C,0.0003142566711176187
YOR381W,YCR089W,9.65872786196087e-08
YOR381W,YCR002C,0.0003118281892966479
YOR381W,YJL108C,3.605508425152948e-08
YOR381W,YBR200W,0.021524304524064064
YOR381W,YIL026C,1.0119688340637367e-06
YOR381W,YJR076C,5.560181204344872e-09
YOR381W,YKR031C,4.558032884460772e-08
YOR381W,YPL192C,0.025360336527228355
YOR381W,YHR107C,3.988977823610185e-06
YOR381W,YIL037C,4.4425380707480144e-08
YOR381W,YPL156C,2.0326700392314656e-12
YOR381W,YIL117C,1.7306382105175544e-08
YOR381W,YHR066W,7.223800366773503e-07
YOR381W,YML085C,0.0005245853681117296
YOR381W,YML047C,1.436135676158301e-06
YOR381W,YDR312W,6.247200534659214e-09
YOR381W,YFL037W,1.3896594452944555e-07
YOR381W,YDL038C,0.2020167112350464
YOR381W,YDL039C,2.971762766423858e-11
YOR381W,YCL027W,5.3718327563956336e-08
YOR381W,YML124C,1.448469220122206e-07
YOR381W,YGL053W,1.0757096333691152e-06
YOR381W,YMR232W,1.0442551683809143e-05
YOR381W,YNL298W,0.0002814825566019863
YOR381W,YGL099W,3.7634905311279e-05
YOR381W,YBL016W,0.0013815152924507856
YOR381W,YAL041W,1.6202888218685985e-05
YOR381W,YDR085C,0.010520276613533497
YOR381W,YPL187W,8.216690661200232e-10
YOR381W,YPL256C,2.3715712726968263e-10
YOR381W,YDR461W,2.3816678549337666e-06
YOR381W,YNL145W,0.7608575224876404
YDR381W,YDL165W,9.103681009037246e-08
YDR381W,YGR059W,3.741532418644056e-05
YDR381W,YBR109C,0.015005978755652905
YDR381W,YJL080C,6.056573624846351e-07
YDR381W,YCR093W,2.8258535166969523e-05
YDR381W,YIL122W,1.6013574466455793e-08
YDR381W,YCL029C,2.701981065911241e-05
YDR381W,YNL173C,9.398182498898677e-08
YDR381W,YLR452C,0.17770583927631378
YDR381W,YDL160C,1.5869758632214293e-11
YDR381W,YLR229C,1.5430365465363138e-06
YDR381W,YML057W,3.7958159282425186e-07
YDR381W,YER149C,0.0011231472017243505
YDR381W,YMR305C,4.447370471893919e-08
YDR381W,YLR433C,6.245719532671501e-07
YDR381W,YJL073W,0.000495344225782901
YDR381W,YGR279C,2.5911625275987227e-11
YDR381W,YKL190W,0.002847322728484869
YDR381W,YGL089C,1.8919275868167773e-11
YDR381W,YJL019W,1.0363112278033437e-11
YDR381W,YJL018W,0.05149136856198311
YDR381W,YNR032C-A,0.8114063739776611
YDR381W,YGL178W,1.1291189366602339e-05
YDR381W,YKL116C,3.8557818697881885e-06
YDR381W,YDL214C,0.00016002448683138937
YDR381W,YLR362W,4.107234374828295e-08
YDR381W,YER068W,0.00011760107736336067
YDR381W,YHR084W,9.00126292946446e-11
YDR381W,YDR392W,1.697174047876615e-05
YDR381W,YNL053W,2.3114661473755405e-07
YDR381W,YGR040W,1.6158703886048897e-07
YDR381W,YDL216C,1.900716910252509e-11
YDR381W,YOL117W,1.0455952076382502e-11
YDR381W,YJR086W,7.867444473674823e-10
YDR381W,YMR025W,3.939218004234135e-05
YDR381W,YBR081C,2.1306212349969655e-09
YDR381W,YFL026W,2.3573496932272064e-08
YDR381W,YHL007C,4.462552993800273e-09
YDR381W,YNR044W,1.992479514711931e-09
YDR381W,YNL271C,1.1854917048026437e-09
YDR381W,YDR200C,0.04276120662689209
YDR381W,YKL178C,1.713329879748926e-06
YDR381W,YOR212W,2.666070213308558e-05
YDR381W,YOL111C,9.768685926291629e-16
YDR381W,YGL032C,9.038820386608748e-11
YDR381W,YHR005C,0.07530545443296432
YDR381W,YDR103W,3.41485720127821e-05
YDR381W,YJR084W,2.2379506390279857e-06
YDR381W,YCL032W,1.912287643790478e-07
YDR381W,YJL170C,0.1407523900270462
YDR381W,YDR179C,2.6587216872542285e-09
YDR381W,YBR095C,1.2664040127674525e-07
YDR381W,YLL021W,1.6905085109542028e-09
YDR381W,YDL159W,3.470413098909076e-16
YDR381W,YNL161W,2.267065468686269e-07
YDR381W,YNL188W,0.8133901357650757
YDR381W,YJL157C,4.689624688580807e-08
YDR381W,YJL034W,2.0069298802580064e-14
YDR381W,YLR238W,8.989160960481968e-06
YDR381W,YPR141C,2.7879686967935413e-06
YDR381W,YNL127W,0.01783725619316101
YDR381W,YCL055W,8.729554792807903e-06
YDR381W,YPR122W,6.499353730760049e-07
YDR381W,YMR065W,1.1969169690928538e-06
YDR381W,YDR356W,4.4497738826976274e-11
YDR381W,YMR052W,1.1294217117097105e-08
YDR381W,YFR008W,0.20907926559448242
YDR381W,YLL043W,1.7935413154646085e-08
YDR381W,YMR029C,2.3847132979426533e-06
YDR381W,YJR004C,3.5807076983473962e-06
YDR381W,YDL223C,1.0693458498653744e-15
YDR381W,YHR158C,0.004197604954242706
YDR381W,YGR238C,4.837866773854671e-10
YDR381W,YIL015W,7.29650793118708e-08
YDR381W,YGL173C,1.057509199702206e-14
YDR381W,YDL225W,1.2474284842925454e-12
YDR381W,YLR330W,5.764490274007272e-11
YDR381W,YBR129C,0.9927557110786438
YDR381W,YKR095W-A,0.2020167112350464
YDR381W,YPR075C,5.728951890660028e-08
YDR381W,YMR198W,3.4216094491057447e-07
YDR381W,YOR127W,1.3149273336843237e-10
YDR381W,YDR264C,1.6697067696374094e-18
YDR381W,YLR110C,4.119867882040667e-15
YDR381W,YDR379W,2.122801333825919e-06
YDR381W,YDL100C,1.4645390820078319e-06
YDR381W,YHR073W,4.1175333365117694e-08
YDR381W,YJR090C,5.561309535551118e-06
YDR381W,YOR208W,0.04724682494997978
YDR381W,YBR040W,0.027800073847174644
YDR381W,YNL279W,0.043669767677783966
YDR381W,YER075C,1.5964000954493685e-10
YDR381W,YCR089W,9.766874808914139e-13
YDR381W,YCR002C,6.017900489041494e-08
YDR381W,YJL108C,3.6238565371604636e-05
YDR381W,YBR200W,2.0128204880620615e-08
YDR381W,YIL026C,4.77775952134607e-09
YDR381W,YJR076C,2.460948849147826e-07
YDR381W,YKR031C,3.594927648009616e-06
YDR381W,YPL192C,1.7850474876013323e-07
YDR381W,YHR107C,7.451965444715825e-08
YDR381W,YIL037C,2.358169467697735e-06
YDR381W,YPL156C,5.542835879168706e-06
YDR381W,YIL117C,3.5948509321315214e-05
YDR381W,YHR066W,4.6640499622163656e-12
YDR381W,YML085C,4.850527535182891e-09
YDR381W,YML047C,8.86923245957405e-08
YDR381W,YDR312W,5.976446573185967e-07
YDR381W,YFL037W,2.3742519061897838e-09
YDR381W,YDL038C,0.2020167112350464
YDR381W,YDL039C,0.00010490898421267048
YDR381W,YCL027W,1.6739690522626915e-08
YDR381W,YML124C,1.237567048839594e-09
YDR381W,YGL053W,1.000354920427382e-11
YDR381W,YMR232W,0.07704558223485947
YDR381W,YNL298W,6.294571114340286e-11
YDR381W,YGL099W,2.0120575344728664e-11
YDR381W,YBL016W,5.9168130974285305e-05
YDR381W,YAL041W,0.0001939733192557469
YDR381W,YDR085C,2.4020554434400765e-09
YDR381W,YPL187W,6.100799510022625e-08
YDR381W,YPL256C,1.0248045612115675e-07
YDR381W,YDR461W,1.276336014655044e-08
YDR381W,YNL145W,0.2941596806049347
YNR072W,YDL165W,2.5318424377474003e-05
YNR072W,YGR059W,7.97688528564322e-07
YNR072W,YBR109C,0.9953344464302063
YNR072W,YJL080C,3.9259798098182385e-20
YNR072W,YCR093W,1.5465073666121043e-11
YNR072W,YIL122W,2.8702504550892627e-06
YNR072W,YCL029C,2.036341129496577e-06
YNR072W,YNL173C,2.9702299798373133e-05
YNR072W,YLR452C,1.856936371162632e-13
YNR072W,YDL160C,9.606399089534534e-07
YNR072W,YLR229C,6.461475550167961e-07
YNR072W,YML057W,3.796265602221127e-13
YNR072W,YER149C,0.0019483123905956745
YNR072W,YMR305C,1.7215180392327056e-09
YNR072W,YLR433C,0.01195483934134245
YNR072W,YJL073W,1.0765803892809345e-07
YNR072W,YGR279C,0.0003100871108472347
YNR072W,YKL190W,0.08077827841043472
YNR072W,YGL089C,4.695240507154863e-14
YNR072W,YJL019W,1.8556237275924037e-12
YNR072W,YJL018W,0.08430967479944229
YNR072W,YNR032C-A,0.03776128217577934
YNR072W,YGL178W,0.020660823211073875
YNR072W,YKL116C,1.283263628693021e-08
YNR072W,YDL214C,0.003919035661965609
YNR072W,YLR362W,3.3354438655486263e-10
YNR072W,YER068W,2.0621110721763536e-11
YNR072W,YHR084W,1.5760977476020344e-05
YNR072W,YDR392W,0.0001645653828745708
YNR072W,YNL053W,9.468050120631233e-05
YNR072W,YGR040W,0.7947288155555725
YNR072W,YDL216C,0.01598287746310234
YNR072W,YOL117W,4.101852653093374e-07
YNR072W,YJR086W,0.0033972628880292177
YNR072W,YMR025W,1.2601488379004877e-05
YNR072W,YBR081C,1.32259629026521e-06
YNR072W,YFL026W,1.0051038401570622e-07
YNR072W,YHL007C,1.1464217353207573e-09
YNR072W,YNR044W,0.0005225875647738576
YNR072W,YNL271C,7.523839884449046e-10
YNR072W,YDR200C,1.1255732488280046e-06
YNR072W,YKL178C,5.722967699739456e-08
YNR072W,YOR212W,1.9337096368587936e-09
YNR072W,YOL111C,5.339642061841232e-09
YNR072W,YGL032C,0.0002734050212893635
YNR072W,YHR005C,0.000361823127605021
YNR072W,YDR103W,4.80054277579578e-12
YNR072W,YJR084W,1.2477968658330951e-09
YNR072W,YCL032W,9.978124992926496e-09
YNR072W,YJL170C,6.618799943680642e-07
YNR072W,YDR179C,0.011650314554572105
YNR072W,YBR095C,0.00012877532572019845
YNR072W,YLL021W,1.8771419973973025e-09
YNR072W,YDL159W,1.1045609653592692e-06
YNR072W,YNL161W,0.0004524864489212632
YNR072W,YNL188W,1.7466734167966708e-14
YNR072W,YJL157C,2.3993892983575904e-10
YNR072W,YJL034W,2.5122931570509136e-15
YNR072W,YLR238W,1.6060028862341369e-09
YNR072W,YPR141C,4.6985419027700814e-12
YNR072W,YNL127W,9.568312288321668e-12
YNR072W,YCL055W,0.0008345008245669305
YNR072W,YPR122W,7.044634457997745e-07
YNR072W,YMR065W,1.989700505050651e-12
YNR072W,YDR356W,3.4099281265298487e-07
YNR072W,YMR052W,1.7615591332287295e-06
YNR072W,YFR008W,3.775965069507947e-07
YNR072W,YLL043W,8.460731623927131e-05
YNR072W,YMR029C,4.488920901657423e-10
YNR072W,YJR004C,2.0201039660605602e-05
YNR072W,YDL223C,7.490270093057916e-08
YNR072W,YHR158C,1.6397256331401877e-05
YNR072W,YGR238C,3.210965076050343e-07
YNR072W,YIL015W,0.0006036927225068212
YNR072W,YGL173C,9.100134925124626e-13
YNR072W,YDL225W,0.0048184520564973354
YNR072W,YLR330W,3.539699378052319e-07
YNR072W,YBR129C,4.5070839860272827e-07
YNR072W,YKR095W-A,0.2020167112350464
YNR072W,YPR075C,1.90004456612769e-09
YNR072W,YMR198W,3.733398923344566e-09
YNR072W,YOR127W,7.713147133355479e-16
YNR072W,YDR264C,3.160778533128905e-06
YNR072W,YLR110C,5.012141812699156e-09
YNR072W,YDR379W,1.1580706996028312e-05
YNR072W,YDL100C,4.854701973755482e-09
YNR072W,YHR073W,6.867436619373279e-10
YNR072W,YJR090C,1.2621001825292941e-14
YNR072W,YOR208W,1.893886381054699e-09
YNR072W,YBR040W,1.9655662697459775e-07
YNR072W,YNL279W,0.05573558062314987
YNR072W,YER075C,0.0011391306761652231
YNR072W,YCR089W,0.005738614592701197
YNR072W,YCR002C,0.0400964617729187
YNR072W,YJL108C,2.431011489534285e-05
YNR072W,YBR200W,8.259184625103444e-08
YNR072W,YIL026C,2.2741595273600979e-07
YNR072W,YJR076C,6.892214354792259e-09
YNR072W,YKR031C,3.968238615925657e-06
YNR072W,YPL192C,1.0622594714959632e-07
YNR072W,YHR107C,7.159175596099798e-12
YNR072W,YIL037C,1.1089755780346877e-09
YNR072W,YPL156C,5.8859059208771214e-05
YNR072W,YIL117C,0.00016441245679743588
YNR072W,YHR066W,6.132388975961522e-13
YNR072W,YML085C,3.368102596823519e-08
YNR072W,YML047C,0.9749846458435059
YNR072W,YDR312W,6.849818934284713e-09
YNR072W,YFL037W,3.200493381427805e-08
YNR072W,YDL038C,0.2020167112350464
YNR072W,YDL039C,6.353209300868912e-06
YNR072W,YCL027W,0.0021599631290882826
YNR072W,YML124C,6.036829063305049e-07
YNR072W,YGL053W,4.059546938606218e-07
YNR072W,YMR232W,0.0040789032354950905
YNR072W,YNL298W,0.02611561492085457
YNR072W,YGL099W,2.886730026026296e-13
YNR072W,YBL016W,5.806960245990922e-09
YNR072W,YAL041W,1.2842791363709694e-07
YNR072W,YDR085C,1.12567963839183e-08
YNR072W,YPL187W,0.0021324960980564356
YNR072W,YPL256C,3.6838763204012455e-17
YNR072W,YDR461W,1.5688664589674772e-08
YNR072W,YNL145W,6.639441166994553e-12
RDN58,YDL165W,0.2020167112350464
RDN58,YGR059W,0.2020167112350464
RDN58,YBR109C,0.2020167112350464
RDN58,YJL080C,0.2020167112350464
RDN58,YCR093W,0.2020167112350464
RDN58,YIL122W,0.2020167112350464
RDN58,YCL029C,0.2020167112350464
RDN58,YNL173C,0.2020167112350464
RDN58,YLR452C,0.2020167112350464
RDN58,YDL160C,0.2020167112350464
RDN58,YLR229C,0.2020167112350464
RDN58,YML057W,0.2020167112350464
RDN58,YER149C,0.2020167112350464
RDN58,YMR305C,0.2020167112350464
RDN58,YLR433C,0.2020167112350464
RDN58,YJL073W,0.2020167112350464
RDN58,YGR279C,0.2020167112350464
RDN58,YKL190W,0.2020167112350464
RDN58,YGL089C,0.2020167112350464
RDN58,YJL019W,0.2020167112350464
RDN58,YJL018W,0.2020167112350464
RDN58,YNR032C-A,0.2020167112350464
RDN58,YGL178W,0.2020167112350464
RDN58,YKL116C,0.2020167112350464
RDN58,YDL214C,0.2020167112350464
RDN58,YLR362W,0.2020167112350464
RDN58,YER068W,0.2020167112350464
RDN58,YHR084W,0.2020167112350464
RDN58,YDR392W,0.2020167112350464
RDN58,YNL053W,0.2020167112350464
RDN58,YGR040W,0.2020167112350464
RDN58,YDL216C,0.2020167112350464
RDN58,YOL117W,0.2020167112350464
RDN58,YJR086W,0.2020167112350464
RDN58,YMR025W,0.2020167112350464
RDN58,YBR081C,0.2020167112350464
RDN58,YFL026W,0.2020167112350464
RDN58,YHL007C,0.2020167112350464
RDN58,YNR044W,0.2020167112350464
RDN58,YNL271C,0.2020167112350464
RDN58,YDR200C,0.2020167112350464
RDN58,YKL178C,0.2020167112350464
RDN58,YOR212W,0.2020167112350464
RDN58,YOL111C,0.2020167112350464
RDN58,YGL032C,0.2020167112350464
RDN58,YHR005C,0.2020167112350464
RDN58,YDR103W,0.2020167112350464
RDN58,YJR084W,0.2020167112350464
RDN58,YCL032W,0.2020167112350464
RDN58,YJL170C,0.2020167112350464
RDN58,YDR179C,0.2020167112350464
RDN58,YBR095C,0.2020167112350464
RDN58,YLL021W,0.2020167112350464
RDN58,YDL159W,0.2020167112350464
RDN58,YNL161W,0.2020167112350464
RDN58,YNL188W,0.2020167112350464
RDN58,YJL157C,0.2020167112350464
RDN58,YJL034W,0.2020167112350464
RDN58,YLR238W,0.2020167112350464
RDN58,YPR141C,0.2020167112350464
RDN58,YNL127W,0.2020167112350464
RDN58,YCL055W,0.2020167112350464
RDN58,YPR122W,0.2020167112350464
RDN58,YMR065W,0.2020167112350464
RDN58,YDR356W,0.2020167112350464
RDN58,YMR052W,0.2020167112350464
RDN58,YFR008W,0.2020167112350464
RDN58,YLL043W,0.2020167112350464
RDN58,YMR029C,0.2020167112350464
RDN58,YJR004C,0.2020167112350464
RDN58,YDL223C,0.2020167112350464
RDN58,YHR158C,0.2020167112350464
RDN58,YGR238C,0.2020167112350464
RDN58,YIL015W,0.2020167112350464
RDN58,YGL173C,0.2020167112350464
RDN58,YDL225W,0.2020167112350464
RDN58,YLR330W,0.2020167112350464
RDN58,YBR129C,0.2020167112350464
RDN58,YKR095W-A,0.2020167112350464
RDN58,YPR075C,0.2020167112350464
RDN58,YMR198W,0.2020167112350464
RDN58,YOR127W,0.2020167112350464
RDN58,YDR264C,0.2020167112350464
RDN58,YLR110C,0.2020167112350464
RDN58,YDR379W,0.2020167112350464
RDN58,YDL100C,0.2020167112350464
RDN58,YHR073W,0.2020167112350464
RDN58,YJR090C,0.2020167112350464
RDN58,YOR208W,0.2020167112350464
RDN58,YBR040W,0.2020167112350464
RDN58,YNL279W,0.2020167112350464
RDN58,YER075C,0.2020167112350464
RDN58,YCR089W,0.2020167112350464
RDN58,YCR002C,0.2020167112350464
RDN58,YJL108C,0.2020167112350464
RDN58,YBR200W,0.2020167112350464
RDN58,YIL026C,0.2020167112350464
RDN58,YJR076C,0.2020167112350464
RDN58,YKR031C,0.2020167112350464
RDN58,YPL192C,0.2020167112350464
RDN58,YHR107C,0.2020167112350464
RDN58,YIL037C,0.2020167112350464
RDN58,YPL156C,0.2020167112350464
RDN58,YIL117C,0.2020167112350464
RDN58,YHR066W,0.2020167112350464
RDN58,YML085C,0.2020167112350464
RDN58,YML047C,0.2020167112350464
RDN58,YDR312W,0.2020167112350464
RDN58,YFL037W,0.2020167112350464
RDN58,YDL038C,0.2020167112350464
RDN58,YDL039C,0.2020167112350464
RDN58,YCL027W,0.2020167112350464
RDN58,YML124C,0.2020167112350464
RDN58,YGL053W,0.2020167112350464
RDN58,YMR232W,0.2020167112350464
RDN58,YNL298W,0.2020167112350464
RDN58,YGL099W,0.2020167112350464
RDN58,YBL016W,0.2020167112350464
RDN58,YAL041W,0.2020167112350464
RDN58,YDR085C,0.2020167112350464
RDN58,YPL187W,0.2020167112350464
RDN58,YPL256C,0.2020167112350464
RDN58,YDR461W,0.2020167112350464
RDN58,YNL145W,0.2020167112350464
R0030W,YDL165W,0.2020167112350464
R0030W,YGR059W,0.2020167112350464
R0030W,YBR109C,0.2020167112350464
R0030W,YJL080C,0.2020167112350464
R0030W,YCR093W,0.2020167112350464
R0030W,YIL122W,0.2020167112350464
R0030W,YCL029C,0.2020167112350464
R0030W,YNL173C,0.2020167112350464
R0030W,YLR452C,0.2020167112350464
R0030W,YDL160C,0.2020167112350464
R0030W,YLR229C,0.2020167112350464
R0030W,YML057W,0.2020167112350464
R0030W,YER149C,0.2020167112350464
R0030W,YMR305C,0.2020167112350464
R0030W,YLR433C,0.2020167112350464
R0030W,YJL073W,0.2020167112350464
R0030W,YGR279C,0.2020167112350464
R0030W,YKL190W,0.2020167112350464
R0030W,YGL089C,0.2020167112350464
R0030W,YJL019W,0.2020167112350464
R0030W,YJL018W,0.2020167112350464
R0030W,YNR032C-A,0.2020167112350464
R0030W,YGL178W,0.2020167112350464
R0030W,YKL116C,0.2020167112350464
R0030W,YDL214C,0.2020167112350464
R0030W,YLR362W,0.2020167112350464
R0030W,YER068W,0.2020167112350464
R0030W,YHR084W,0.2020167112350464
R0030W,YDR392W,0.2020167112350464
R0030W,YNL053W,0.2020167112350464
R0030W,YGR040W,0.2020167112350464
R0030W,YDL216C,0.2020167112350464
R0030W,YOL117W,0.2020167112350464
R0030W,YJR086W,0.2020167112350464
R0030W,YMR025W,0.2020167112350464
R0030W,YBR081C,0.2020167112350464
R0030W,YFL026W,0.2020167112350464
R0030W,YHL007C,0.2020167112350464
R0030W,YNR044W,0.2020167112350464
R0030W,YNL271C,0.2020167112350464
R0030W,YDR200C,0.2020167112350464
R0030W,YKL178C,0.2020167112350464
R0030W,YOR212W,0.2020167112350464
R0030W,YOL111C,0.2020167112350464
R0030W,YGL032C,0.2020167112350464
R0030W,YHR005C,0.2020167112350464
R0030W,YDR103W,0.2020167112350464
R0030W,YJR084W,0.2020167112350464
R0030W,YCL032W,0.2020167112350464
R0030W,YJL170C,0.2020167112350464
R0030W,YDR179C,0.2020167112350464
R0030W,YBR095C,0.2020167112350464
R0030W,YLL021W,0.2020167112350464
R0030W,YDL159W,0.2020167112350464
R0030W,YNL161W,0.2020167112350464
R0030W,YNL188W,0.2020167112350464
R0030W,YJL157C,0.2020167112350464
R0030W,YJL034W,0.2020167112350464
R0030W,YLR238W,0.2020167112350464
R0030W,YPR141C,0.2020167112350464
R0030W,YNL127W,0.2020167112350464
R0030W,YCL055W,0.2020167112350464
R0030W,YPR122W,0.2020167112350464
R0030W,YMR065W,0.2020167112350464
R0030W,YDR356W,0.2020167112350464
R0030W,YMR052W,0.2020167112350464
R0030W,YFR008W,0.2020167112350464
R0030W,YLL043W,0.2020167112350464
R0030W,YMR029C,0.2020167112350464
R0030W,YJR004C,0.2020167112350464
R0030W,YDL223C,0.2020167112350464
R0030W,YHR158C,0.2020167112350464
R0030W,YGR238C,0.2020167112350464
R0030W,YIL015W,0.2020167112350464
R0030W,YGL173C,0.2020167112350464
R0030W,YDL225W,0.2020167112350464
R0030W,YLR330W,0.2020167112350464
R0030W,YBR129C,0.2020167112350464
R0030W,YKR095W-A,0.2020167112350464
R0030W,YPR075C,0.2020167112350464
R0030W,YMR198W,0.2020167112350464
R0030W,YOR127W,0.2020167112350464
R0030W,YDR264C,0.2020167112350464
R0030W,YLR110C,0.2020167112350464
R0030W,YDR379W,0.2020167112350464
R0030W,YDL100C,0.2020167112350464
R0030W,YHR073W,0.2020167112350464
R0030W,YJR090C,0.2020167112350464
R0030W,YOR208W,0.2020167112350464
R0030W,YBR040W,0.2020167112350464
R0030W,YNL279W,0.2020167112350464
R0030W,YER075C,0.2020167112350464
R0030W,YCR089W,0.2020167112350464
R0030W,YCR002C,0.2020167112350464
R0030W,YJL108C,0.2020167112350464
R0030W,YBR200W,0.2020167112350464
R0030W,YIL026C,0.2020167112350464
R0030W,YJR076C,0.2020167112350464
R0030W,YKR031C,0.2020167112350464
R0030W,YPL192C,0.2020167112350464
R0030W,YHR107C,0.2020167112350464
R0030W,YIL037C,0.2020167112350464
R0030W,YPL156C,0.2020167112350464
R0030W,YIL117C,0.2020167112350464
R0030W,YHR066W,0.2020167112350464
R0030W,YML085C,0.2020167112350464
R0030W,YML047C,0.2020167112350464
R0030W,YDR312W,0.2020167112350464
R0030W,YFL037W,0.2020167112350464
R0030W,YDL038C,0.2020167112350464
R0030W,YDL039C,0.2020167112350464
R0030W,YCL027W,0.2020167112350464
R0030W,YML124C,0.2020167112350464
R0030W,YGL053W,0.2020167112350464
R0030W,YMR232W,0.2020167112350464
R0030W,YNL298W,0.2020167112350464
R0030W,YGL099W,0.2020167112350464
R0030W,YBL016W,0.2020167112350464
R0030W,YAL041W,0.2020167112350464
R0030W,YDR085C,0.2020167112350464
R0030W,YPL187W,0.2020167112350464
R0030W,YPL256C,0.2020167112350464
R0030W,YDR461W,0.2020167112350464
R0030W,YNL145W,0.2020167112350464
tT(AGU)O2,YDL165W,0.2020167112350464
tT(AGU)O2,YGR059W,0.2020167112350464
tT(AGU)O2,YBR109C,0.2020167112350464
tT(AGU)O2,YJL080C,0.2020167112350464
tT(AGU)O2,YCR093W,0.2020167112350464
tT(AGU)O2,YIL122W,0.2020167112350464
tT(AGU)O2,YCL029C,0.2020167112350464
tT(AGU)O2,YNL173C,0.2020167112350464
tT(AGU)O2,YLR452C,0.2020167112350464
tT(AGU)O2,YDL160C,0.2020167112350464
tT(AGU)O2,YLR229C,0.2020167112350464
tT(AGU)O2,YML057W,0.2020167112350464
tT(AGU)O2,YER149C,0.2020167112350464
tT(AGU)O2,YMR305C,0.2020167112350464
tT(AGU)O2,YLR433C,0.2020167112350464
tT(AGU)O2,YJL073W,0.2020167112350464
tT(AGU)O2,YGR279C,0.2020167112350464
tT(AGU)O2,YKL190W,0.2020167112350464
tT(AGU)O2,YGL089C,0.2020167112350464
tT(AGU)O2,YJL019W,0.2020167112350464
tT(AGU)O2,YJL018W,0.2020167112350464
tT(AGU)O2,YNR032C-A,0.2020167112350464
tT(AGU)O2,YGL178W,0.2020167112350464
tT(AGU)O2,YKL116C,0.2020167112350464
tT(AGU)O2,YDL214C,0.2020167112350464
tT(AGU)O2,YLR362W,0.2020167112350464
tT(AGU)O2,YER068W,0.2020167112350464
tT(AGU)O2,YHR084W,0.2020167112350464
tT(AGU)O2,YDR392W,0.2020167112350464
tT(AGU)O2,YNL053W,0.2020167112350464
tT(AGU)O2,YGR040W,0.2020167112350464
tT(AGU)O2,YDL216C,0.2020167112350464
tT(AGU)O2,YOL117W,0.2020167112350464
tT(AGU)O2,YJR086W,0.2020167112350464
tT(AGU)O2,YMR025W,0.2020167112350464
tT(AGU)O2,YBR081C,0.2020167112350464
tT(AGU)O2,YFL026W,0.2020167112350464
tT(AGU)O2,YHL007C,0.2020167112350464
tT(AGU)O2,YNR044W,0.2020167112350464
tT(AGU)O2,YNL271C,0.2020167112350464
tT(AGU)O2,YDR200C,0.2020167112350464
tT(AGU)O2,YKL178C,0.2020167112350464
tT(AGU)O2,YOR212W,0.2020167112350464
tT(AGU)O2,YOL111C,0.2020167112350464
tT(AGU)O2,YGL032C,0.2020167112350464
tT(AGU)O2,YHR005C,0.2020167112350464
tT(AGU)O2,YDR103W,0.2020167112350464
tT(AGU)O2,YJR084W,0.2020167112350464
tT(AGU)O2,YCL032W,0.2020167112350464
tT(AGU)O2,YJL170C,0.2020167112350464
tT(AGU)O2,YDR179C,0.2020167112350464
tT(AGU)O2,YBR095C,0.2020167112350464
tT(AGU)O2,YLL021W,0.2020167112350464
tT(AGU)O2,YDL159W,0.2020167112350464
tT(AGU)O2,YNL161W,0.2020167112350464
tT(AGU)O2,YNL188W,0.2020167112350464
tT(AGU)O2,YJL157C,0.2020167112350464
tT(AGU)O2,YJL034W,0.2020167112350464
tT(AGU)O2,YLR238W,0.2020167112350464
tT(AGU)O2,YPR141C,0.2020167112350464
tT(AGU)O2,YNL127W,0.2020167112350464
tT(AGU)O2,YCL055W,0.2020167112350464
tT(AGU)O2,YPR122W,0.2020167112350464
tT(AGU)O2,YMR065W,0.2020167112350464
tT(AGU)O2,YDR356W,0.2020167112350464
tT(AGU)O2,YMR052W,0.2020167112350464
tT(AGU)O2,YFR008W,0.2020167112350464
tT(AGU)O2,YLL043W,0.2020167112350464
tT(AGU)O2,YMR029C,0.2020167112350464
tT(AGU)O2,YJR004C,0.2020167112350464
tT(AGU)O2,YDL223C,0.2020167112350464
tT(AGU)O2,YHR158C,0.2020167112350464
tT(AGU)O2,YGR238C,0.2020167112350464
tT(AGU)O2,YIL015W,0.2020167112350464
tT(AGU)O2,YGL173C,0.2020167112350464
tT(AGU)O2,YDL225W,0.2020167112350464
tT(AGU)O2,YLR330W,0.2020167112350464
tT(AGU)O2,YBR129C,0.2020167112350464
tT(AGU)O2,YKR095W-A,0.2020167112350464
tT(AGU)O2,YPR075C,0.2020167112350464
tT(AGU)O2,YMR198W,0.2020167112350464
tT(AGU)O2,YOR127W,0.2020167112350464
tT(AGU)O2,YDR264C,0.2020167112350464
tT(AGU)O2,YLR110C,0.2020167112350464
tT(AGU)O2,YDR379W,0.2020167112350464
tT(AGU)O2,YDL100C,0.2020167112350464
tT(AGU)O2,YHR073W,0.2020167112350464
tT(AGU)O2,YJR090C,0.2020167112350464
tT(AGU)O2,YOR208W,0.2020167112350464
tT(AGU)O2,YBR040W,0.2020167112350464
tT(AGU)O2,YNL279W,0.2020167112350464
tT(AGU)O2,YER075C,0.2020167112350464
tT(AGU)O2,YCR089W,0.2020167112350464
tT(AGU)O2,YCR002C,0.2020167112350464
tT(AGU)O2,YJL108C,0.2020167112350464
tT(AGU)O2,YBR200W,0.2020167112350464
tT(AGU)O2,YIL026C,0.2020167112350464
tT(AGU)O2,YJR076C,0.2020167112350464
tT(AGU)O2,YKR031C,0.2020167112350464
tT(AGU)O2,YPL192C,0.2020167112350464
tT(AGU)O2,YHR107C,0.2020167112350464
tT(AGU)O2,YIL037C,0.2020167112350464
tT(AGU)O2,YPL156C,0.2020167112350464
tT(AGU)O2,YIL117C,0.2020167112350464
tT(AGU)O2,YHR066W,0.2020167112350464
tT(AGU)O2,YML085C,0.2020167112350464
tT(AGU)O2,YML047C,0.2020167112350464
tT(AGU)O2,YDR312W,0.2020167112350464
tT(AGU)O2,YFL037W,0.2020167112350464
tT(AGU)O2,YDL038C,0.2020167112350464
tT(AGU)O2,YDL039C,0.2020167112350464
tT(AGU)O2,YCL027W,0.2020167112350464
tT(AGU)O2,YML124C,0.2020167112350464
tT(AGU)O2,YGL053W,0.2020167112350464
tT(AGU)O2,YMR232W,0.2020167112350464
tT(AGU)O2,YNL298W,0.2020167112350464
tT(AGU)O2,YGL099W,0.2020167112350464
tT(AGU)O2,YBL016W,0.2020167112350464
tT(AGU)O2,YAL041W,0.2020167112350464
tT(AGU)O2,YDR085C,0.2020167112350464
tT(AGU)O2,YPL187W,0.2020167112350464
tT(AGU)O2,YPL256C,0.2020167112350464
tT(AGU)O2,YDR461W,0.2020167112350464
tT(AGU)O2,YNL145W,0.2020167112350464
YER102W,YDL165W,6.985611253185198e-05
YER102W,YGR059W,3.7478661840673055e-10
YER102W,YBR109C,0.6508650779724121
YER102W,YJL080C,1.3606162203860794e-11
YER102W,YCR093W,6.284722076088656e-06
YER102W,YIL122W,0.08892929553985596
YER102W,YCL029C,3.988597212928324e-12
YER102W,YNL173C,0.00805926974862814
YER102W,YLR452C,0.00021827557065989822
YER102W,YDL160C,0.43602362275123596
YER102W,YLR229C,1.7553878272832946e-13
YER102W,YML057W,3.431196796940182e-17
YER102W,YER149C,1.5274881359772507e-10
YER102W,YMR305C,4.414932391551854e-16
YER102W,YLR433C,0.0009098939481191337
YER102W,YJL073W,0.0007384704076685011
YER102W,YGR279C,5.430240701542743e-09
YER102W,YKL190W,5.0577040403291595e-26
YER102W,YGL089C,5.232129183241341e-07
YER102W,YJL019W,1.8801769223562165e-13
YER102W,YJL018W,0.0007113337051123381
YER102W,YNR032C-A,0.00023911509197205305
YER102W,YGL178W,5.1662774164976166e-27
YER102W,YKL116C,2.0408971550516658e-13
YER102W,YDL214C,0.0024024725425988436
YER102W,YLR362W,9.018882862754651e-10
YER102W,YER068W,3.4669779525563216e-13
YER102W,YHR084W,7.579892979947545e-08
YER102W,YDR392W,9.349084280074749e-07
YER102W,YNL053W,3.994773956073061e-11
YER102W,YGR040W,3.722970542963111e-11
YER102W,YDL216C,3.128179315581292e-08
YER102W,YOL117W,6.167624189146181e-10
YER102W,YJR086W,0.00023808136756997555
YER102W,YMR025W,3.983245377980893e-08
YER102W,YBR081C,1.754821427057962e-10
YER102W,YFL026W,0.000394567905459553
YER102W,YHL007C,7.090298903555947e-10
YER102W,YNR044W,0.9783932566642761
YER102W,YNL271C,4.692011210984115e-13
YER102W,YDR200C,0.0002804271935019642
YER102W,YKL178C,1.1339436334356634e-12
YER102W,YOR212W,1.3517606589630304e-07
YER102W,YOL111C,4.540519452012187e-17
YER102W,YGL032C,0.4505922794342041
YER102W,YHR005C,0.0021604779176414013
YER102W,YDR103W,6.69974610900681e-07
YER102W,YJR084W,7.957403909131244e-07
YER102W,YCL032W,8.983995769540343e-10
YER102W,YJL170C,1.3986346857564058e-05
YER102W,YDR179C,5.70770264819026e-13
YER102W,YBR095C,3.3582299607815e-08
YER102W,YLL021W,2.7924744114282696e-11
YER102W,YDL159W,3.4836593840736896e-06
YER102W,YNL161W,7.0256482923025665e-12
YER102W,YNL188W,5.190243790309523e-10
YER102W,YJL157C,2.3665105985948287e-10
YER102W,YJL034W,1.6149444791429407e-13
YER102W,YLR238W,1.1199374760906267e-09
YER102W,YPR141C,4.6025490644030484e-17
YER102W,YNL127W,1.9196709217794705e-06
YER102W,YCL055W,1.5172706027775235e-13
YER102W,YPR122W,1.0227831026554668e-08
YER102W,YMR065W,0.8494921922683716
YER102W,YDR356W,1.9062699152527784e-07
YER102W,YMR052W,2.413615965077276e-12
YER102W,YFR008W,1.798141738618142e-06
YER102W,YLL043W,4.0303694409660196e-11
YER102W,YMR029C,0.005944894626736641
YER102W,YJR004C,1.6156501692066172e-09
YER102W,YDL223C,3.37856441125726e-19
YER102W,YHR158C,5.135507663567296e-08
YER102W,YGR238C,1.2079195400636715e-16
YER102W,YIL015W,0.884670615196228
YER102W,YGL173C,0.0023382718209177256
YER102W,YDL225W,1.2736159349380216e-10
YER102W,YLR330W,5.529311965667865e-16
YER102W,YBR129C,0.017331276088953018
YER102W,YKR095W-A,0.2020167112350464
YER102W,YPR075C,4.4430875692292157e-20
YER102W,YMR198W,1.7459897208027542e-06
YER102W,YOR127W,2.1798811020157238e-11
YER102W,YDR264C,5.724124299555378e-12
YER102W,YLR110C,4.136944120602948e-09
YER102W,YDR379W,2.8551912834018367e-08
YER102W,YDL100C,7.915153948934162e-11
YER102W,YHR073W,3.001747188591253e-07
YER102W,YJR090C,8.316747539538483e-07
YER102W,YOR208W,3.9910332816361915e-07
YER102W,YBR040W,3.3202798843667836e-10
YER102W,YNL279W,1.22617139965836e-13
YER102W,YER075C,1.3246151731038935e-08
YER102W,YCR089W,5.190659568832245e-10
YER102W,YCR002C,1.97374242816295e-06
YER102W,YJL108C,7.276112627989037e-14
YER102W,YBR200W,0.0036228627432137728
YER102W,YIL026C,2.8338308262487732e-12
YER102W,YJR076C,8.169525926859933e-07
YER102W,YKR031C,3.708884532827028e-09
YER102W,YPL192C,5.372652722712701e-08
YER102W,YHR107C,5.0376660510664806e-05
YER102W,YIL037C,1.803882390682965e-11
YER102W,YPL156C,1.1114142070588803e-14
YER102W,YIL117C,1.2442466761769522e-12
YER102W,YHR066W,4.934842223747182e-08
YER102W,YML085C,7.318055901143294e-38
YER102W,YML047C,0.04889363422989845
YER102W,YDR312W,0.42008838057518005
YER102W,YFL037W,3.144418590523418e-13
YER102W,YDL038C,0.2020167112350464
YER102W,YDL039C,5.30339877916064e-12
YER102W,YCL027W,1.1099441504791585e-10
YER102W,YML124C,2.238084361624728e-26
YER102W,YGL053W,1.350221063428636e-11
YER102W,YMR232W,9.033334936248139e-05
YER102W,YNL298W,1.3381486196895054e-10
YER102W,YGL099W,3.7921463191814553e-10
YER102W,YBL016W,6.541426955664065e-07
YER102W,YAL041W,9.739923712004384e-08
YER102W,YDR085C,0.00017191034567076713
YER102W,YPL187W,4.652015994643932e-10
YER102W,YPL256C,1.6703664840189703e-10
YER102W,YDR461W,1.5752792705825414e-06
YER102W,YNL145W,2.626930850624376e-08
YPL167C,YDL165W,5.639958278180757e-09
YPL167C,YGR059W,9.56150358888408e-09
YPL167C,YBR109C,8.8479935184127e-12
YPL167C,YJL080C,2.713180027869022e-11
YPL167C,YCR093W,4.5288412234799347e-14
YPL167C,YIL122W,2.443203811708372e-05
YPL167C,YCL029C,3.941077213090524e-19
YPL167C,YNL173C,3.2940351957222447e-06
YPL167C,YLR452C,0.24709227681159973
YPL167C,YDL160C,2.849380143743474e-05
YPL167C,YLR229C,0.05586657300591469
YPL167C,YML057W,9.141123882727697e-05
YPL167C,YER149C,7.27753968021716e-06
YPL167C,YMR305C,9.556416102896037e-09
YPL167C,YLR433C,3.112158447038382e-05
YPL167C,YJL073W,5.052269216321292e-07
YPL167C,YGR279C,0.00025132886366918683
YPL167C,YKL190W,1.3329910871107131e-05
YPL167C,YGL089C,2.2920177400465036e-07
YPL167C,YJL019W,1.2446367691154592e-05
YPL167C,YJL018W,0.2020167112350464
YPL167C,YNR032C-A,0.049894820898771286
YPL167C,YGL178W,7.806659141351702e-08
YPL167C,YKL116C,1.049998976654365e-09
YPL167C,YDL214C,1.231091914632998e-06
YPL167C,YLR362W,0.19692263007164001
YPL167C,YER068W,0.0015468716155737638
YPL167C,YHR084W,8.665941228502838e-12
YPL167C,YDR392W,8.862798273057138e-10
YPL167C,YNL053W,4.747539250615773e-08
YPL167C,YGR040W,0.33192798495292664
YPL167C,YDL216C,2.4142866550391773e-07
YPL167C,YOL117W,9.360756791920721e-08
YPL167C,YJR086W,5.27879535638931e-08
YPL167C,YMR025W,0.14912690222263336
YPL167C,YBR081C,0.00191569107118994
YPL167C,YFL026W,0.08377068489789963
YPL167C,YHL007C,8.268137025879696e-05
YPL167C,YNR044W,1.25175869669647e-09
YPL167C,YNL271C,1.744215660437476e-05
YPL167C,YDR200C,6.77666900372742e-09
YPL167C,YKL178C,1.2206691213378917e-09
YPL167C,YOR212W,2.8877959051820667e-11
YPL167C,YOL111C,3.89826846003416e-06
YPL167C,YGL032C,0.9152426719665527
YPL167C,YHR005C,6.727862000843743e-06
YPL167C,YDR103W,2.1919891878496855e-05
YPL167C,YJR084W,7.493620723941774e-10
YPL167C,YCL032W,6.388632027665153e-05
YPL167C,YJL170C,0.0020960273686796427
YPL167C,YDR179C,1.9217829958506627e-06
YPL167C,YBR095C,2.9297455057530897e-06
YPL167C,YLL021W,6.827975684853271e-11
YPL167C,YDL159W,5.638730726786889e-06
YPL167C,YNL161W,6.503789336420596e-06
YPL167C,YNL188W,4.398798825189232e-10
YPL167C,YJL157C,2.4244456653832458e-05
YPL167C,YJL034W,1.2575017535709776e-05
YPL167C,YLR238W,2.531639620428905e-05
YPL167C,YPR141C,1.5440433571711765e-06
YPL167C,YNL127W,7.062006535107912e-11
YPL167C,YCL055W,0.11660254001617432
YPL167C,YPR122W,0.00016071322897914797
YPL167C,YMR065W,4.767756678347723e-08
YPL167C,YDR356W,1.5777496287228132e-07
YPL167C,YMR052W,8.399808071324344e-10
YPL167C,YFR008W,7.062198603691172e-10
YPL167C,YLL043W,1.4336319631436112e-10
YPL167C,YMR029C,0.7056615948677063
YPL167C,YJR004C,7.132440487112035e-07
YPL167C,YDL223C,1.6078580244993645e-08
YPL167C,YHR158C,0.00018763453408610076
YPL167C,YGR238C,4.4284502109803725e-06
YPL167C,YIL015W,0.0228575412184
YPL167C,YGL173C,1.0096273399540223e-06
YPL167C,YDL225W,8.198059617825493e-07
YPL167C,YLR330W,4.332468828138758e-10
YPL167C,YBR129C,0.03184126317501068
YPL167C,YKR095W-A,0.2020167112350464
YPL167C,YPR075C,0.8102859258651733
YPL167C,YMR198W,1.3329644389159512e-05
YPL167C,YOR127W,3.154409893013632e-12
YPL167C,YDR264C,2.214018031410081e-12
YPL167C,YLR110C,0.0001088326534954831
YPL167C,YDR379W,7.273997226775464e-08
YPL167C,YDL100C,3.003579052140992e-10
YPL167C,YHR073W,1.0299242603650782e-05
YPL167C,YJR090C,0.6260380148887634
YPL167C,YOR208W,4.217872628942132e-07
YPL167C,YBR040W,2.4307608370577327e-08
YPL167C,YNL279W,4.6191573346732184e-05
YPL167C,YER075C,1.2901415175292641e-05
YPL167C,YCR089W,7.394794465653831e-06
YPL167C,YCR002C,7.65695222071372e-05
YPL167C,YJL108C,0.0073884096927940845
YPL167C,YBR200W,1.1212379982805665e-11
YPL167C,YIL026C,0.22555720806121826
YPL167C,YJR076C,4.34883621897985e-14
YPL167C,YKR031C,0.029673509299755096
YPL167C,YPL192C,2.7948829015023158e-11
YPL167C,YHR107C,1.692825968291345e-08
YPL167C,YIL037C,5.425979452411411e-06
YPL167C,YPL156C,7.330128865001839e-11
YPL167C,YIL117C,2.606667976579047e-06
YPL167C,YHR066W,1.226636431317374e-10
YPL167C,YML085C,1.496081409868566e-07
YPL167C,YML047C,7.87257050660628e-08
YPL167C,YDR312W,1.1060440563426255e-08
YPL167C,YFL037W,4.414579279909958e-08
YPL167C,YDL038C,0.2020167112350464
YPL167C,YDL039C,1.202376045950082e-11
YPL167C,YCL027W,7.470789114449872e-06
YPL167C,YML124C,1.9655692351516763e-10
YPL167C,YGL053W,1.693844751571305e-05
YPL167C,YMR232W,2.9186298888816964e-06
YPL167C,YNL298W,8.276061635115184e-06
YPL167C,YGL099W,4.185387869615198e-10
YPL167C,YBL016W,1.6178157480339905e-08
YPL167C,YAL041W,2.7025066628993955e-07
YPL167C,YDR085C,5.872990982425108e-09
YPL167C,YPL187W,0.946085512638092
YPL167C,YPL256C,8.124251493768497e-09
YPL167C,YDR461W,0.5989256501197815
YPL167C,YNL145W,3.383082924912628e-09
snR39B,YDL165W,0.0008344232919625938
snR39B,YGR059W,5.036850581063845e-08
snR39B,YBR109C,1.4360027307702694e-05
snR39B,YJL080C,7.537493729614653e-06
snR39B,YCR093W,0.002788826823234558
snR39B,YIL122W,6.608786497963592e-05
snR39B,YCL029C,6.7813784880854655e-06
snR39B,YNL173C,0.0034766425378620625
snR39B,YLR452C,0.2774343192577362
snR39B,YDL160C,9.556894298157204e-08
snR39B,YLR229C,2.2585250007978175e-06
snR39B,YML057W,0.004694297909736633
snR39B,YER149C,0.0004423700156621635
snR39B,YMR305C,0.0011716450098901987
snR39B,YLR433C,0.00010833533451659605
snR39B,YJL073W,0.0019340594299137592
snR39B,YGR279C,2.958465529445675e-06
snR39B,YKL190W,6.322672561509535e-05
snR39B,YGL089C,1.3017152014072053e-06
snR39B,YJL019W,0.0019062852952629328
snR39B,YJL018W,0.2020167112350464
snR39B,YNR032C-A,0.00010967547859763727
snR39B,YGL178W,0.07454700767993927
snR39B,YKL116C,0.002489837585017085
snR39B,YDL214C,0.0012470107758417726
snR39B,YLR362W,0.0004985461127944291
snR39B,YER068W,1.4991580883361166e-06
snR39B,YHR084W,2.2127231204649433e-05
snR39B,YDR392W,0.012833109125494957
snR39B,YNL053W,0.009029064327478409
snR39B,YGR040W,0.020182693377137184
snR39B,YDL216C,0.00035422793007455766
snR39B,YOL117W,0.0004389038949739188
snR39B,YJR086W,4.8224585043499246e-05
snR39B,YMR025W,0.00026376338792033494
snR39B,YBR081C,4.961424338034703e-07
snR39B,YFL026W,0.00020488027075771242
snR39B,YHL007C,0.0012482407037168741
snR39B,YNR044W,3.8131605833768845e-05
snR39B,YNL271C,1.4871077702593993e-08
snR39B,YDR200C,0.005382205825299025
snR39B,YKL178C,9.884521432468318e-07
snR39B,YOR212W,0.00265970965847373
snR39B,YOL111C,0.0018524016486480832
snR39B,YGL032C,0.005933251231908798
snR39B,YHR005C,0.03584672883152962
snR39B,YDR103W,0.013185802847146988
snR39B,YJR084W,0.011195912025868893
snR39B,YCL032W,0.014626147225499153
snR39B,YJL170C,0.0019582186359912157
snR39B,YDR179C,0.00010578637011349201
snR39B,YBR095C,0.00677297729998827
snR39B,YLL021W,0.011010542511940002
snR39B,YDL159W,3.582930366974324e-05
snR39B,YNL161W,0.0001474382443120703
snR39B,YNL188W,0.00034541054628789425
snR39B,YJL157C,0.09762929379940033
snR39B,YJL034W,3.2308249501511455e-05
snR39B,YLR238W,0.0014481395483016968
snR39B,YPR141C,0.0005796020850539207
snR39B,YNL127W,0.13206475973129272
snR39B,YCL055W,0.08903499692678452
snR39B,YPR122W,0.2792196571826935
snR39B,YMR065W,0.002886326750740409
snR39B,YDR356W,0.00046551183913834393
snR39B,YMR052W,0.006082034669816494
snR39B,YFR008W,0.3130040168762207
snR39B,YLL043W,2.024117020482663e-05
snR39B,YMR029C,0.0005369131686165929
snR39B,YJR004C,1.6936048723437125e-06
snR39B,YDL223C,1.66117877142824e-06
snR39B,YHR158C,0.23967939615249634
snR39B,YGR238C,6.276721978792921e-05
snR39B,YIL015W,4.369571342976997e-06
snR39B,YGL173C,0.0019805477932095528
snR39B,YDL225W,1.3247765309643e-05
snR39B,YLR330W,3.0942163675717893e-07
snR39B,YBR129C,0.05473516508936882
snR39B,YKR095W-A,0.2020167112350464
snR39B,YPR075C,3.877475319313817e-05
snR39B,YMR198W,0.035156674683094025
snR39B,YOR127W,0.04986070096492767
snR39B,YDR264C,0.0011450087185949087
snR39B,YLR110C,0.00013728157500736415
snR39B,YDR379W,0.00019070277630817145
snR39B,YDL100C,2.0344647055026144e-05
snR39B,YHR073W,0.0018276089103892446
snR39B,YJR090C,0.0002723869401961565
snR39B,YOR208W,1.6446509789602715e-06
snR39B,YBR040W,2.7509364372235723e-05
snR39B,YNL279W,0.017909467220306396
snR39B,YER075C,0.00024747272254899144
snR39B,YCR089W,0.08493459224700928
snR39B,YCR002C,0.0008922359556891024
snR39B,YJL108C,0.01647111028432846
snR39B,YBR200W,0.0010030163684859872
snR39B,YIL026C,0.004115417134016752
snR39B,YJR076C,1.0804483281390276e-06
snR39B,YKR031C,1.5040627658891026e-06
snR39B,YPL192C,1.2978057384316344e-06
snR39B,YHR107C,0.025543484836816788
snR39B,YIL037C,0.001743406057357788
snR39B,YPL156C,0.0016075072344392538
snR39B,YIL117C,0.0011827669804915786
snR39B,YHR066W,1.3538765415432863e-05
snR39B,YML085C,0.4513120651245117
snR39B,YML047C,0.0003367848403286189
snR39B,YDR312W,0.09807957708835602
snR39B,YFL037W,0.0001478579215472564
snR39B,YDL038C,0.2020167112350464
snR39B,YDL039C,3.997150088252965e-06
snR39B,YCL027W,0.0050851465202867985
snR39B,YML124C,1.0421691740702954e-06
snR39B,YGL053W,0.0026832062285393476
snR39B,YMR232W,0.0013686291640624404
snR39B,YNL298W,0.9742723703384399
snR39B,YGL099W,8.782073564361781e-05
snR39B,YBL016W,0.8525447249412537
snR39B,YAL041W,1.585507925483398e-05
snR39B,YDR085C,2.672614937182516e-05
snR39B,YPL187W,0.0008345222449861467
snR39B,YPL256C,0.0005110371857881546
snR39B,YDR461W,1.5939251696295287e-08
snR39B,YNL145W,0.00027265065000392497
YBR297W,YDL165W,0.0013109134742990136
YBR297W,YGR059W,1.2711088857031427e-06
YBR297W,YBR109C,1.7255679107819333e-09
YBR297W,YJL080C,8.439854354946874e-06
YBR297W,YCR093W,8.778548601007626e-20
YBR297W,YIL122W,0.0006072176620364189
YBR297W,YCL029C,1.5971135525205682e-09
YBR297W,YNL173C,1.3581981403320594e-17
YBR297W,YLR452C,4.577057049343081e-13
YBR297W,YDL160C,3.901881928669582e-09
YBR297W,YLR229C,0.001218958874233067
YBR297W,YML057W,6.082751489999705e-13
YBR297W,YER149C,2.0216352822899353e-06
YBR297W,YMR305C,7.292126974789426e-05
YBR297W,YLR433C,1.2096106729586609e-06
YBR297W,YJL073W,1.7945716476562438e-15
YBR297W,YGR279C,3.4180597140220925e-05
YBR297W,YKL190W,6.646046213365508e-11
YBR297W,YGL089C,2.5368235583300702e-05
YBR297W,YJL019W,2.483945991116343e-06
YBR297W,YJL018W,0.0008293623686768115
YBR297W,YNR032C-A,0.7571447491645813
YBR297W,YGL178W,1.0610380130060548e-08
YBR297W,YKL116C,3.961810932651133e-07
YBR297W,YDL214C,0.0033804336562752724
YBR297W,YLR362W,2.440411761561734e-10
YBR297W,YER068W,3.8144309932874876e-10
YBR297W,YHR084W,1.051126467631466e-14
YBR297W,YDR392W,1.5146963050938211e-05
YBR297W,YNL053W,1.5909179637674242e-05
YBR297W,YGR040W,4.094679752597585e-06
YBR297W,YDL216C,0.0031266137957572937
YBR297W,YOL117W,2.33342029787309e-06
YBR297W,YJR086W,0.005430449731647968
YBR297W,YMR025W,1.482727748225443e-05
YBR297W,YBR081C,0.00026067261933349073
YBR297W,YFL026W,8.748013897275086e-06
YBR297W,YHL007C,5.293290220205471e-13
YBR297W,YNR044W,1.0261575880576856e-05
YBR297W,YNL271C,5.872717947792011e-14
YBR297W,YDR200C,0.000972701411228627
YBR297W,YKL178C,2.1132977312543488e-10
YBR297W,YOR212W,4.316603252618734e-08
YBR297W,YOL111C,3.636269667398875e-15
YBR297W,YGL032C,0.0010712944203987718
YBR297W,YHR005C,8.83487796810023e-11
YBR297W,YDR103W,0.009607329033315182
YBR297W,YJR084W,0.0007938051130622625
YBR297W,YCL032W,1.3033023549269274e-07
YBR297W,YJL170C,0.3343784809112549
YBR297W,YDR179C,7.88976306162481e-13
YBR297W,YBR095C,0.9827012419700623
YBR297W,YLL021W,5.042882662564807e-07
YBR297W,YDL159W,2.11872102227062e-05
YBR297W,YNL161W,0.00022483785869553685
YBR297W,YNL188W,2.213049188348748e-10
YBR297W,YJL157C,1.3775452133157895e-11
YBR297W,YJL034W,3.185193807927339e-13
YBR297W,YLR238W,3.331677191908966e-07
YBR297W,YPR141C,1.3721011782763526e-05
YBR297W,YNL127W,8.028253617453629e-09
YBR297W,YCL055W,0.9720572233200073
YBR297W,YPR122W,8.424824045505375e-06
YBR297W,YMR065W,0.022312158718705177
YBR297W,YDR356W,1.5940595403662883e-06
YBR297W,YMR052W,7.582970874856702e-16
YBR297W,YFR008W,1.7210548036630108e-13
YBR297W,YLL043W,1.8122973415302113e-05
YBR297W,YMR029C,4.335761332185939e-06
YBR297W,YJR004C,7.2499005909776315e-06
YBR297W,YDL223C,3.072956999972121e-08
YBR297W,YHR158C,0.0028542913496494293
YBR297W,YGR238C,2.7162945226422153e-09
YBR297W,YIL015W,7.205236215668265e-06
YBR297W,YGL173C,0.012279768474400043
YBR297W,YDL225W,0.00020591021166183054
YBR297W,YLR330W,4.902884738824942e-13
YBR297W,YBR129C,1.054238225606241e-07
YBR297W,YKR095W-A,0.2020167112350464
YBR297W,YPR075C,3.1283649953026734e-15
YBR297W,YMR198W,9.38465802846622e-08
YBR297W,YOR127W,0.03676707670092583
YBR297W,YDR264C,2.365437410389859e-07
YBR297W,YLR110C,0.725156307220459
YBR297W,YDR379W,1.5317119732571882e-06
YBR297W,YDL100C,2.808701182743789e-08
YBR297W,YHR073W,7.873908180044964e-05
YBR297W,YJR090C,1.0818932555389793e-11
YBR297W,YOR208W,9.60374575004197e-12
YBR297W,YBR040W,0.97159743309021
YBR297W,YNL279W,0.0005326454411260784
YBR297W,YER075C,0.00033337855711579323
YBR297W,YCR089W,0.9989066123962402
YBR297W,YCR002C,2.2693606638313213e-07
YBR297W,YJL108C,0.03404815495014191
YBR297W,YBR200W,1.5969918720770693e-09
YBR297W,YIL026C,4.965329480910441e-07
YBR297W,YJR076C,0.003049192950129509
YBR297W,YKR031C,0.0026340994518250227
YBR297W,YPL192C,2.2600962767960198e-10
YBR297W,YHR107C,4.869263193540974e-06
YBR297W,YIL037C,0.0002459365059621632
YBR297W,YPL156C,0.0013062970247119665
YBR297W,YIL117C,0.705507755279541
YBR297W,YHR066W,4.2797477033365785e-18
YBR297W,YML085C,4.412729209812838e-11
YBR297W,YML047C,0.0009422891889698803
YBR297W,YDR312W,1.7552616261504173e-12
YBR297W,YFL037W,5.413569440816668e-13
YBR297W,YDL038C,0.2020167112350464
YBR297W,YDL039C,5.845037588702098e-14
YBR297W,YCL027W,0.008273659273982048
YBR297W,YML124C,7.189107767398394e-18
YBR297W,YGL053W,1.4416891644941643e-06
YBR297W,YMR232W,3.5274362630843825e-07
YBR297W,YNL298W,9.194888184183014e-10
YBR297W,YGL099W,3.0112000595375063e-19
YBR297W,YBL016W,3.6771546092495555e-06
YBR297W,YAL041W,1.7492632342630543e-11
YBR297W,YDR085C,7.763425173834548e-07
YBR297W,YPL187W,7.051361990306759e-06
YBR297W,YPL256C,9.477452970317347e-17
YBR297W,YDR461W,6.983099706391483e-15
YBR297W,YNL145W,0.00022345513571053743
YHR005C,YDL165W,0.9998278617858887
YHR005C,YGR059W,0.7227198481559753
YHR005C,YBR109C,0.9996670484542847
YHR005C,YJL080C,0.9997857213020325
YHR005C,YCR093W,0.9999737739562988
YHR005C,YIL122W,0.9971019625663757
YHR005C,YCL029C,2.9223758247098885e-05
YHR005C,YNL173C,0.9999949932098389
YHR005C,YLR452C,0.9998146891593933
YHR005C,YDL160C,0.9999685287475586
YHR005C,YLR229C,0.9999926090240479
YHR005C,YML057W,0.10375840216875076
YHR005C,YER149C,0.9993674159049988
YHR005C,YMR305C,0.999734103679657
YHR005C,YLR433C,0.9986407160758972
YHR005C,YJL073W,2.0149514966760762e-05
YHR005C,YGR279C,0.9999096393585205
YHR005C,YKL190W,0.9985197186470032
YHR005C,YGL089C,0.9987045526504517
YHR005C,YJL019W,0.9999728202819824
YHR005C,YJL018W,0.006025489419698715
YHR005C,YNR032C-A,0.9998575448989868
YHR005C,YGL178W,0.9998552799224854
YHR005C,YKL116C,2.7154911208526755e-07
YHR005C,YDL214C,0.9999974966049194
YHR005C,YLR362W,0.7828592658042908
YHR005C,YER068W,1.2304066099311228e-10
YHR005C,YHR084W,5.014214548282325e-05
YHR005C,YDR392W,0.9744577407836914
YHR005C,YNL053W,0.9956175088882446
YHR005C,YGR040W,0.9999744892120361
YHR005C,YDL216C,0.999967098236084
YHR005C,YOL117W,0.999829888343811
YHR005C,YJR086W,0.9999942779541016
YHR005C,YMR025W,0.9986400008201599
YHR005C,YBR081C,0.9999563694000244
YHR005C,YFL026W,0.9999995231628418
YHR005C,YHL007C,0.9750051498413086
YHR005C,YNR044W,0.9999630451202393
YHR005C,YNL271C,0.9997579455375671
YHR005C,YDR200C,0.9994500279426575
YHR005C,YKL178C,0.9979854822158813
YHR005C,YOR212W,0.9973860383033752
YHR005C,YOL111C,6.074251102106132e-10
YHR005C,YGL032C,1.0563105206529144e-05
YHR005C,YDR103W,0.9999407529830933
YHR005C,YJR084W,0.9999380111694336
YHR005C,YCL032W,0.9989757537841797
YHR005C,YJL170C,0.9987282156944275
YHR005C,YDR179C,1.7001142623485066e-05
YHR005C,YBR095C,0.9980182647705078
YHR005C,YLL021W,0.9989114999771118
YHR005C,YDL159W,2.517419034120394e-06
YHR005C,YNL161W,0.9961017370223999
YHR005C,YNL188W,0.9996936321258545
YHR005C,YJL157C,0.9994879961013794
YHR005C,YJL034W,0.0008795265457592905
YHR005C,YLR238W,0.9972980618476868
YHR005C,YPR141C,0.9998195767402649
YHR005C,YNL127W,0.9999535083770752
YHR005C,YCL055W,0.9807009696960449
YHR005C,YPR122W,0.9999865293502808
YHR005C,YMR065W,0.9999994039535522
YHR005C,YDR356W,0.9987785220146179
YHR005C,YMR052W,0.9999064207077026
YHR005C,YFR008W,0.9690589308738708
YHR005C,YLL043W,0.9898555278778076
YHR005C,YMR029C,0.9995869994163513
YHR005C,YJR004C,9.749616207681971e-14
YHR005C,YDL223C,6.815715551056201e-06
YHR005C,YHR158C,0.9914528131484985
YHR005C,YGR238C,0.0004864093498326838
YHR005C,YIL015W,0.9994620680809021
YHR005C,YGL173C,0.9999431371688843
YHR005C,YDL225W,0.9987910389900208
YHR005C,YLR330W,0.0007313312380574644
YHR005C,YBR129C,0.9824743866920471
YHR005C,YKR095W-A,0.2020167112350464
YHR005C,YPR075C,1.2092936244392782e-12
YHR005C,YMR198W,0.9321949481964111
YHR005C,YOR127W,0.9997288584709167
YHR005C,YDR264C,0.9950002431869507
YHR005C,YLR110C,0.9999808073043823
YHR005C,YDR379W,0.9997215867042542
YHR005C,YDL100C,0.9620978236198425
YHR005C,YHR073W,0.9998654127120972
YHR005C,YJR090C,0.999349057674408
YHR005C,YOR208W,0.9999977350234985
YHR005C,YBR040W,0.9999027252197266
YHR005C,YNL279W,0.9999722242355347
YHR005C,YER075C,0.739917516708374
YHR005C,YCR089W,0.9959065914154053
YHR005C,YCR002C,0.9999184608459473
YHR005C,YJL108C,0.9990869760513306
YHR005C,YBR200W,0.00018717673083301634
YHR005C,YIL026C,0.9993773102760315
YHR005C,YJR076C,0.9991243481636047
YHR005C,YKR031C,0.988952100276947
YHR005C,YPL192C,0.9999830722808838
YHR005C,YHR107C,0.9998433589935303
YHR005C,YIL037C,1.2914924241158587e-07
YHR005C,YPL156C,0.9999916553497314
YHR005C,YIL117C,0.9999998807907104
YHR005C,YHR066W,8.287743824553218e-09
YHR005C,YML085C,0.9971840977668762
YHR005C,YML047C,0.9981486797332764
YHR005C,YDR312W,0.9984121322631836
YHR005C,YFL037W,0.9999947547912598
YHR005C,YDL038C,0.2020167112350464
YHR005C,YDL039C,3.3670741975827534e-12
YHR005C,YCL027W,0.9999133348464966
YHR005C,YML124C,0.0014476885553449392
YHR005C,YGL053W,0.9993287324905396
YHR005C,YMR232W,0.9990206956863403
YHR005C,YNL298W,0.9971656203269958
YHR005C,YGL099W,0.999288022518158
YHR005C,YBL016W,0.014096120372414589
YHR005C,YAL041W,0.9998019337654114
YHR005C,YDR085C,0.9999986886978149
YHR005C,YPL187W,0.9993398785591125
YHR005C,YPL256C,0.0023100278340280056
YHR005C,YDR461W,8.82966411097641e-09
YHR005C,YNL145W,0.003889016341418028
YBL005W-B,YDL165W,7.964878022903576e-05
YBL005W-B,YGR059W,2.86592203337932e-05
YBL005W-B,YBR109C,2.346913561268593e-06
YBL005W-B,YJL080C,3.782086199777268e-09
YBL005W-B,YCR093W,0.005924195982515812
YBL005W-B,YIL122W,0.0013015138683840632
YBL005W-B,YCL029C,1.3883997250496716e-11
YBL005W-B,YNL173C,6.101285254800359e-09
YBL005W-B,YLR452C,0.5587360858917236
YBL005W-B,YDL160C,3.162479060847545e-06
YBL005W-B,YLR229C,0.0018075970001518726
YBL005W-B,YML057W,6.551098152840495e-08
YBL005W-B,YER149C,0.0009802095592021942
YBL005W-B,YMR305C,2.029238748946227e-05
YBL005W-B,YLR433C,0.6708563566207886
YBL005W-B,YJL073W,4.1776875292498517e-08
YBL005W-B,YGR279C,0.00012606749078258872
YBL005W-B,YKL190W,0.030836524441838264
YBL005W-B,YGL089C,5.016826207793201e-07
YBL005W-B,YJL019W,2.4831526388879865e-05
YBL005W-B,YJL018W,0.0005196068668738008
YBL005W-B,YNR032C-A,0.04999954625964165
YBL005W-B,YGL178W,6.2664646804933e-08
YBL005W-B,YKL116C,1.2750231100956688e-14
YBL005W-B,YDL214C,0.021554311737418175
YBL005W-B,YLR362W,4.238881601281719e-08
YBL005W-B,YER068W,0.00014262837066780776
YBL005W-B,YHR084W,0.010306437499821186
YBL005W-B,YDR392W,3.251441376050934e-05
YBL005W-B,YNL053W,2.143599715509481e-07
YBL005W-B,YGR040W,3.021192242158577e-06
YBL005W-B,YDL216C,1.5673912168168158e-09
YBL005W-B,YOL117W,1.5455902183103554e-11
YBL005W-B,YJR086W,3.895406566756243e-12
YBL005W-B,YMR025W,7.408107194351032e-06
YBL005W-B,YBR081C,8.688823072589003e-06
YBL005W-B,YFL026W,0.9605552554130554
YBL005W-B,YHL007C,5.0684674235412785e-09
YBL005W-B,YNR044W,0.0005566597101278603
YBL005W-B,YNL271C,2.0062328985659406e-05
YBL005W-B,YDR200C,0.00012556852016132325
YBL005W-B,YKL178C,2.76819918099136e-07
YBL005W-B,YOR212W,8.442066609859467e-05
YBL005W-B,YOL111C,3.2044608815340325e-05
YBL005W-B,YGL032C,0.9976531863212585
YBL005W-B,YHR005C,0.0016691071214154363
YBL005W-B,YDR103W,3.6958650184715225e-07
YBL005W-B,YJR084W,0.00017052543989848346
YBL005W-B,YCL032W,5.825383482260804e-07
YBL005W-B,YJL170C,2.20713241105841e-06
YBL005W-B,YDR179C,3.856462740259303e-07
YBL005W-B,YBR095C,8.086406211305075e-09
YBL005W-B,YLL021W,5.1905363562809725e-08
YBL005W-B,YDL159W,1.255863537608093e-07
YBL005W-B,YNL161W,5.292539299261989e-06
YBL005W-B,YNL188W,4.1857475707729463e-07
YBL005W-B,YJL157C,0.1689293384552002
YBL005W-B,YJL034W,1.844852164367694e-07
YBL005W-B,YLR238W,2.507676299501327e-06
YBL005W-B,YPR141C,4.725239705294371e-06
YBL005W-B,YNL127W,4.854646018515041e-09
YBL005W-B,YCL055W,0.0031906035728752613
YBL005W-B,YPR122W,0.0744493156671524
YBL005W-B,YMR065W,9.095051822782807e-09
YBL005W-B,YDR356W,5.982885298294605e-10
YBL005W-B,YMR052W,2.925328868030874e-10
YBL005W-B,YFR008W,0.19757962226867676
YBL005W-B,YLL043W,2.8110251150792465e-05
YBL005W-B,YMR029C,0.9173069596290588
YBL005W-B,YJR004C,1.0416803206680925e-06
YBL005W-B,YDL223C,4.315644446251099e-07
YBL005W-B,YHR158C,2.7358547072253714e-07
YBL005W-B,YGR238C,2.5507070233743434e-08
YBL005W-B,YIL015W,1.078115928976331e-06
YBL005W-B,YGL173C,6.95359676683438e-06
YBL005W-B,YDL225W,4.6850709622958675e-06
YBL005W-B,YLR330W,0.00022594997426494956
YBL005W-B,YBR129C,1.4379213553183945e-06
YBL005W-B,YKR095W-A,0.2020167112350464
YBL005W-B,YPR075C,4.392027186383984e-09
YBL005W-B,YMR198W,3.0667715122945083e-07
YBL005W-B,YOR127W,7.380048191407695e-05
YBL005W-B,YDR264C,7.921293581603095e-05
YBL005W-B,YLR110C,4.63953047258759e-14
YBL005W-B,YDR379W,5.514302792164472e-09
YBL005W-B,YDL100C,4.1113390903541047e-13
YBL005W-B,YHR073W,9.363346036017628e-12
YBL005W-B,YJR090C,1.3388495645472176e-08
YBL005W-B,YOR208W,9.509971699017683e-10
YBL005W-B,YBR040W,0.8219372630119324
YBL005W-B,YNL279W,7.175728455877106e-09
YBL005W-B,YER075C,2.829464392561931e-05
YBL005W-B,YCR089W,5.517308090929873e-05
YBL005W-B,YCR002C,0.00014300900511443615
YBL005W-B,YJL108C,2.436175150499764e-10
YBL005W-B,YBR200W,3.219264499421115e-08
YBL005W-B,YIL026C,0.054994821548461914
YBL005W-B,YJR076C,3.450509029789828e-05
YBL005W-B,YKR031C,5.0308586651226506e-05
YBL005W-B,YPL192C,7.711933722021058e-05
YBL005W-B,YHR107C,0.0007224548608064651
YBL005W-B,YIL037C,0.012106611393392086
YBL005W-B,YPL156C,1.200788943833686e-07
YBL005W-B,YIL117C,7.065287466190284e-09
YBL005W-B,YHR066W,4.997843285059478e-12
YBL005W-B,YML085C,2.662304154910089e-09
YBL005W-B,YML047C,1.0519158877286827e-06
YBL005W-B,YDR312W,6.240468906071328e-07
YBL005W-B,YFL037W,1.8808197637554258e-05
YBL005W-B,YDL038C,0.2020167112350464
YBL005W-B,YDL039C,8.411691787557629e-09
YBL005W-B,YCL027W,0.0031982348300516605
YBL005W-B,YML124C,1.7311207045622723e-07
YBL005W-B,YGL053W,0.005788302980363369
YBL005W-B,YMR232W,0.0014370894059538841
YBL005W-B,YNL298W,0.011858577840030193
YBL005W-B,YGL099W,2.683486400201218e-06
YBL005W-B,YBL016W,4.865248229179997e-06
YBL005W-B,YAL041W,6.831939117546426e-06
YBL005W-B,YDR085C,1.1035684366333953e-07
YBL005W-B,YPL187W,0.0008620411972515285
YBL005W-B,YPL256C,0.10468310117721558
YBL005W-B,YDR461W,0.20419149100780487
YBL005W-B,YNL145W,0.250358909368515
tV(AAC)G3,YDL165W,0.2020167112350464
tV(AAC)G3,YGR059W,0.2020167112350464
tV(AAC)G3,YBR109C,0.2020167112350464
tV(AAC)G3,YJL080C,0.2020167112350464
tV(AAC)G3,YCR093W,0.2020167112350464
tV(AAC)G3,YIL122W,0.2020167112350464
tV(AAC)G3,YCL029C,0.2020167112350464
tV(AAC)G3,YNL173C,0.2020167112350464
tV(AAC)G3,YLR452C,0.2020167112350464
tV(AAC)G3,YDL160C,0.2020167112350464
tV(AAC)G3,YLR229C,0.2020167112350464
tV(AAC)G3,YML057W,0.2020167112350464
tV(AAC)G3,YER149C,0.2020167112350464
tV(AAC)G3,YMR305C,0.2020167112350464
tV(AAC)G3,YLR433C,0.2020167112350464
tV(AAC)G3,YJL073W,0.2020167112350464
tV(AAC)G3,YGR279C,0.2020167112350464
tV(AAC)G3,YKL190W,0.2020167112350464
tV(AAC)G3,YGL089C,0.2020167112350464
tV(AAC)G3,YJL019W,0.2020167112350464
tV(AAC)G3,YJL018W,0.2020167112350464
tV(AAC)G3,YNR032C-A,0.2020167112350464
tV(AAC)G3,YGL178W,0.2020167112350464
tV(AAC)G3,YKL116C,0.2020167112350464
tV(AAC)G3,YDL214C,0.2020167112350464
tV(AAC)G3,YLR362W,0.2020167112350464
tV(AAC)G3,YER068W,0.2020167112350464
tV(AAC)G3,YHR084W,0.2020167112350464
tV(AAC)G3,YDR392W,0.2020167112350464
tV(AAC)G3,YNL053W,0.2020167112350464
tV(AAC)G3,YGR040W,0.2020167112350464
tV(AAC)G3,YDL216C,0.2020167112350464
tV(AAC)G3,YOL117W,0.2020167112350464
tV(AAC)G3,YJR086W,0.2020167112350464
tV(AAC)G3,YMR025W,0.2020167112350464
tV(AAC)G3,YBR081C,0.2020167112350464
tV(AAC)G3,YFL026W,0.2020167112350464
tV(AAC)G3,YHL007C,0.2020167112350464
tV(AAC)G3,YNR044W,0.2020167112350464
tV(AAC)G3,YNL271C,0.2020167112350464
tV(AAC)G3,YDR200C,0.2020167112350464
tV(AAC)G3,YKL178C,0.2020167112350464
tV(AAC)G3,YOR212W,0.2020167112350464
tV(AAC)G3,YOL111C,0.2020167112350464
tV(AAC)G3,YGL032C,0.2020167112350464
tV(AAC)G3,YHR005C,0.2020167112350464
tV(AAC)G3,YDR103W,0.2020167112350464
tV(AAC)G3,YJR084W,0.2020167112350464
tV(AAC)G3,YCL032W,0.2020167112350464
tV(AAC)G3,YJL170C,0.2020167112350464
tV(AAC)G3,YDR179C,0.2020167112350464
tV(AAC)G3,YBR095C,0.2020167112350464
tV(AAC)G3,YLL021W,0.2020167112350464
tV(AAC)G3,YDL159W,0.2020167112350464
tV(AAC)G3,YNL161W,0.2020167112350464
tV(AAC)G3,YNL188W,0.2020167112350464
tV(AAC)G3,YJL157C,0.2020167112350464
tV(AAC)G3,YJL034W,0.2020167112350464
tV(AAC)G3,YLR238W,0.2020167112350464
tV(AAC)G3,YPR141C,0.2020167112350464
tV(AAC)G3,YNL127W,0.2020167112350464
tV(AAC)G3,YCL055W,0.2020167112350464
tV(AAC)G3,YPR122W,0.2020167112350464
tV(AAC)G3,YMR065W,0.2020167112350464
tV(AAC)G3,YDR356W,0.2020167112350464
tV(AAC)G3,YMR052W,0.2020167112350464
tV(AAC)G3,YFR008W,0.2020167112350464
tV(AAC)G3,YLL043W,0.2020167112350464
tV(AAC)G3,YMR029C,0.2020167112350464
tV(AAC)G3,YJR004C,0.2020167112350464
tV(AAC)G3,YDL223C,0.2020167112350464
tV(AAC)G3,YHR158C,0.2020167112350464
tV(AAC)G3,YGR238C,0.2020167112350464
tV(AAC)G3,YIL015W,0.2020167112350464
tV(AAC)G3,YGL173C,0.2020167112350464
tV(AAC)G3,YDL225W,0.2020167112350464
tV(AAC)G3,YLR330W,0.2020167112350464
tV(AAC)G3,YBR129C,0.2020167112350464
tV(AAC)G3,YKR095W-A,0.2020167112350464
tV(AAC)G3,YPR075C,0.2020167112350464
tV(AAC)G3,YMR198W,0.2020167112350464
tV(AAC)G3,YOR127W,0.2020167112350464
tV(AAC)G3,YDR264C,0.2020167112350464
tV(AAC)G3,YLR110C,0.2020167112350464
tV(AAC)G3,YDR379W,0.2020167112350464
tV(AAC)G3,YDL100C,0.2020167112350464
tV(AAC)G3,YHR073W,0.2020167112350464
tV(AAC)G3,YJR090C,0.2020167112350464
tV(AAC)G3,YOR208W,0.2020167112350464
tV(AAC)G3,YBR040W,0.2020167112350464
tV(AAC)G3,YNL279W,0.2020167112350464
tV(AAC)G3,YER075C,0.2020167112350464
tV(AAC)G3,YCR089W,0.2020167112350464
tV(AAC)G3,YCR002C,0.2020167112350464
tV(AAC)G3,YJL108C,0.2020167112350464
tV(AAC)G3,YBR200W,0.2020167112350464
tV(AAC)G3,YIL026C,0.2020167112350464
tV(AAC)G3,YJR076C,0.2020167112350464
tV(AAC)G3,YKR031C,0.2020167112350464
tV(AAC)G3,YPL192C,0.2020167112350464
tV(AAC)G3,YHR107C,0.2020167112350464
tV(AAC)G3,YIL037C,0.2020167112350464
tV(AAC)G3,YPL156C,0.2020167112350464
tV(AAC)G3,YIL117C,0.2020167112350464
tV(AAC)G3,YHR066W,0.2020167112350464
tV(AAC)G3,YML085C,0.2020167112350464
tV(AAC)G3,YML047C,0.2020167112350464
tV(AAC)G3,YDR312W,0.2020167112350464
tV(AAC)G3,YFL037W,0.2020167112350464
tV(AAC)G3,YDL038C,0.2020167112350464
tV(AAC)G3,YDL039C,0.2020167112350464
tV(AAC)G3,YCL027W,0.2020167112350464
tV(AAC)G3,YML124C,0.2020167112350464
tV(AAC)G3,YGL053W,0.2020167112350464
tV(AAC)G3,YMR232W,0.2020167112350464
tV(AAC)G3,YNL298W,0.2020167112350464
tV(AAC)G3,YGL099W,0.2020167112350464
tV(AAC)G3,YBL016W,0.2020167112350464
tV(AAC)G3,YAL041W,0.2020167112350464
tV(AAC)G3,YDR085C,0.2020167112350464
tV(AAC)G3,YPL187W,0.2020167112350464
tV(AAC)G3,YPL256C,0.2020167112350464
tV(AAC)G3,YDR461W,0.2020167112350464
tV(AAC)G3,YNL145W,0.2020167112350464
YML021C,YDL165W,0.03854389488697052
YML021C,YGR059W,1.1343899330995555e-07
YML021C,YBR109C,0.5080334544181824
YML021C,YJL080C,1.1690980628031866e-08
YML021C,YCR093W,0.007566030137240887
YML021C,YIL122W,7.270183033369904e-08
YML021C,YCL029C,1.5212473059023068e-08
YML021C,YNL173C,0.0009471465018577874
YML021C,YLR452C,0.9981739521026611
YML021C,YDL160C,0.9949572682380676
YML021C,YLR229C,1.409929097917484e-07
YML021C,YML057W,0.0007828406523913145
YML021C,YER149C,0.5906314849853516
YML021C,YMR305C,0.0018161347834393382
YML021C,YLR433C,0.04713655635714531
YML021C,YJL073W,4.911676398933196e-08
YML021C,YGR279C,2.391651676703077e-08
YML021C,YKL190W,1.1310896752547706e-07
YML021C,YGL089C,0.10862813889980316
YML021C,YJL019W,0.0009575283620506525
YML021C,YJL018W,0.2020167112350464
YML021C,YNR032C-A,0.05662490800023079
YML021C,YGL178W,0.0030070380307734013
YML021C,YKL116C,6.665148467865922e-12
YML021C,YDL214C,0.9269354343414307
YML021C,YLR362W,1.0224948709947057e-07
YML021C,YER068W,1.3660086516792402e-12
YML021C,YHR084W,0.010733293369412422
YML021C,YDR392W,5.38447636699857e-07
YML021C,YNL053W,0.9976747632026672
YML021C,YGR040W,0.9983229041099548
YML021C,YDL216C,0.0006859566201455891
YML021C,YOL117W,1.5207519936666358e-06
YML021C,YJR086W,5.422671733867901e-07
YML021C,YMR025W,1.4795578651138896e-10
YML021C,YBR081C,0.1414899230003357
YML021C,YFL026W,0.002460356103256345
YML021C,YHL007C,1.7373824334754318e-07
YML021C,YNR044W,0.00015136488946154714
YML021C,YNL271C,2.627074309202726e-07
YML021C,YDR200C,8.584383408560825e-07
YML021C,YKL178C,2.2913562133908272e-05
YML021C,YOR212W,0.0388253852725029
YML021C,YOL111C,3.8737145435785436e-11
YML021C,YGL032C,2.2360507500707172e-05
YML021C,YHR005C,0.052652113139629364
YML021C,YDR103W,7.113048923201859e-05
YML021C,YJR084W,0.0027996220160275698
YML021C,YCL032W,1.6234810162885083e-09
YML021C,YJL170C,0.015015515498816967
YML021C,YDR179C,9.245735418517143e-05
YML021C,YBR095C,0.0004996481584385037
YML021C,YLL021W,0.012675769627094269
YML021C,YDL159W,7.697473165535484e-07
YML021C,YNL161W,0.14271283149719238
YML021C,YNL188W,6.229274731595069e-05
YML021C,YJL157C,0.003366233315318823
YML021C,YJL034W,5.588166800407635e-07
YML021C,YLR238W,1.4007971913088113e-05
YML021C,YPR141C,0.02146565169095993
YML021C,YNL127W,0.08320190757513046
YML021C,YCL055W,0.9763097763061523
YML021C,YPR122W,0.9886996150016785
YML021C,YMR065W,0.010758558288216591
YML021C,YDR356W,6.094356308494753e-08
YML021C,YMR052W,6.646772021667857e-10
YML021C,YFR008W,0.8277438879013062
YML021C,YLL043W,1.4970378288126085e-06
YML021C,YMR029C,0.003561635734513402
YML021C,YJR004C,4.94487612741068e-05
YML021C,YDL223C,8.868639866932426e-08
YML021C,YHR158C,0.4873516857624054
YML021C,YGR238C,7.175577909634967e-09
YML021C,YIL015W,0.9647276401519775
YML021C,YGL173C,2.129363565472886e-05
YML021C,YDL225W,0.6988075971603394
YML021C,YLR330W,0.0002834052429534495
YML021C,YBR129C,0.0030533906538039446
YML021C,YKR095W-A,0.2020167112350464
YML021C,YPR075C,6.354139436837158e-10
YML021C,YMR198W,0.0007639850955456495
YML021C,YOR127W,1.3742442954271534e-14
YML021C,YDR264C,0.9836429953575134
YML021C,YLR110C,7.702569178036356e-07
YML021C,YDR379W,0.9951381087303162
YML021C,YDL100C,0.020372873172163963
YML021C,YHR073W,0.0004226387827657163
YML021C,YJR090C,5.152622179593891e-06
YML021C,YOR208W,2.4947893750848493e-10
YML021C,YBR040W,2.550841827542172e-06
YML021C,YNL279W,0.9999097585678101
YML021C,YER075C,2.1329960020466388e-09
YML021C,YCR089W,1.233901869568399e-09
YML021C,YCR002C,0.9936426877975464
YML021C,YJL108C,4.243280727678211e-06
YML021C,YBR200W,0.4977491497993469
YML021C,YIL026C,0.9337297081947327
YML021C,YJR076C,6.34225580142811e-05
YML021C,YKR031C,0.0785171240568161
YML021C,YPL192C,0.008749013766646385
YML021C,YHR107C,8.136348697007634e-07
YML021C,YIL037C,0.0017513076309114695
YML021C,YPL156C,1.883271849578705e-08
YML021C,YIL117C,0.13410261273384094
YML021C,YHR066W,5.334765832212818e-13
YML021C,YML085C,0.00048370033618994057
YML021C,YML047C,0.06921800971031189
YML021C,YDR312W,1.1205842156414292e-06
YML021C,YFL037W,0.12789268791675568
YML021C,YDL038C,0.2020167112350464
YML021C,YDL039C,1.7501455967533683e-17
YML021C,YCL027W,0.913984477519989
YML021C,YML124C,3.510234908733062e-13
YML021C,YGL053W,0.8534075617790222
YML021C,YMR232W,0.14854130148887634
YML021C,YNL298W,0.8925188779830933
YML021C,YGL099W,2.2010151479179285e-09
YML021C,YBL016W,1.8588652395123972e-08
YML021C,YAL041W,0.05487242713570595
YML021C,YDR085C,0.008686602115631104
YML021C,YPL187W,0.7060894966125488
YML021C,YPL256C,2.835644772858359e-05
YML021C,YDR461W,4.209351089912161e-09
YML021C,YNL145W,0.008601166307926178
YMR287C,YDL165W,6.277307693380862e-05
YMR287C,YGR059W,9.799045130876038e-09
YMR287C,YBR109C,6.91493260092102e-05
YMR287C,YJL080C,7.410014859488001e-06
YMR287C,YCR093W,0.30841347575187683
YMR287C,YIL122W,0.5217831134796143
YMR287C,YCL029C,0.00037496216828003526
YMR287C,YNL173C,3.06309743791644e-07
YMR287C,YLR452C,0.6133521795272827
YMR287C,YDL160C,7.065524187055416e-06
YMR287C,YLR229C,0.01627217046916485
YMR287C,YML057W,3.372060897561518e-20
YMR287C,YER149C,0.9615618586540222
YMR287C,YMR305C,5.122456059325486e-06
YMR287C,YLR433C,0.12722885608673096
YMR287C,YJL073W,2.7828108706273724e-09
YMR287C,YGR279C,0.01779226027429104
YMR287C,YKL190W,0.0021423622965812683
YMR287C,YGL089C,0.09787942469120026
YMR287C,YJL019W,0.9997296929359436
YMR287C,YJL018W,0.0011564509477466345
YMR287C,YNR032C-A,0.000982840545475483
YMR287C,YGL178W,0.0019240222172811627
YMR287C,YKL116C,2.274103735544486e-06
YMR287C,YDL214C,0.006602776236832142
YMR287C,YLR362W,4.93943343826686e-06
YMR287C,YER068W,0.0003237375640310347
YMR287C,YHR084W,0.0014861871022731066
YMR287C,YDR392W,1.7061524068551215e-11
YMR287C,YNL053W,1.3737963544535603e-10
YMR287C,YGR040W,6.51425921205373e-07
YMR287C,YDL216C,2.9520742828026414e-07
YMR287C,YOL117W,2.531877138500782e-11
YMR287C,YJR086W,6.46014132144046e-06
YMR287C,YMR025W,1.2573674723626027e-07
YMR287C,YBR081C,0.0003173033182974905
YMR287C,YFL026W,0.999982476234436
YMR287C,YHL007C,0.11214915663003922
YMR287C,YNR044W,0.023915033787488937
YMR287C,YNL271C,4.830693069379777e-05
YMR287C,YDR200C,1.0988240373784512e-18
YMR287C,YKL178C,1.3759815509217788e-09
YMR287C,YOR212W,6.049006347902397e-12
YMR287C,YOL111C,1.3169403068058472e-10
YMR287C,YGL032C,0.9999984502792358
YMR287C,YHR005C,0.005690157413482666
YMR287C,YDR103W,9.590019544702955e-06
YMR287C,YJR084W,3.78493070218866e-12
YMR287C,YCL032W,2.0655349430853676e-08
YMR287C,YJL170C,0.0028838766738772392
YMR287C,YDR179C,3.032340885056328e-07
YMR287C,YBR095C,6.260763711907202e-06
YMR287C,YLL021W,0.5467539429664612
YMR287C,YDL159W,4.663903707680106e-10
YMR287C,YNL161W,4.791642822965514e-06
YMR287C,YNL188W,0.0002945580636151135
YMR287C,YJL157C,0.4411913752555847
YMR287C,YJL034W,1.0609833900332433e-08
YMR287C,YLR238W,5.451519444199526e-11
YMR287C,YPR141C,0.6482749581336975
YMR287C,YNL127W,7.216987966442157e-13
YMR287C,YCL055W,8.347413427145511e-08
YMR287C,YPR122W,1.854689735125703e-08
YMR287C,YMR065W,1.0460914836585289e-06
YMR287C,YDR356W,2.5978975827456452e-05
YMR287C,YMR052W,4.9142983016281505e-09
YMR287C,YFR008W,1.1680302992173042e-12
YMR287C,YLL043W,2.7481820552566205e-07
YMR287C,YMR029C,1.0548254891773468e-07
YMR287C,YJR004C,0.017956772819161415
YMR287C,YDL223C,2.0511587220384264e-11
YMR287C,YHR158C,0.001140193548053503
YMR287C,YGR238C,9.751876859809272e-06
YMR287C,YIL015W,0.15798524022102356
YMR287C,YGL173C,2.358091677479024e-08
YMR287C,YDL225W,0.0029886772390455008
YMR287C,YLR330W,1.794478521333076e-05
YMR287C,YBR129C,0.4097933769226074
YMR287C,YKR095W-A,0.2020167112350464
YMR287C,YPR075C,4.2536058231235074e-07
YMR287C,YMR198W,0.0008974180673249066
YMR287C,YOR127W,0.0041007003746926785
YMR287C,YDR264C,1.8221905975224217e-06
YMR287C,YLR110C,0.0002813760656863451
YMR287C,YDR379W,0.00013109353312756866
YMR287C,YDL100C,2.8976881367270835e-05
YMR287C,YHR073W,2.2217793116396933e-07
YMR287C,YJR090C,0.0005577014526352286
YMR287C,YOR208W,1.5556502754813378e-13
YMR287C,YBR040W,0.0015737907961010933
YMR287C,YNL279W,0.001665282528847456
YMR287C,YER075C,2.918747270541644e-07
YMR287C,YCR089W,7.975472544785589e-05
YMR287C,YCR002C,5.3850844778935425e-06
YMR287C,YJL108C,7.615881622768939e-05
YMR287C,YBR200W,4.949290755007496e-09
YMR287C,YIL026C,2.0659808797063306e-07
YMR287C,YJR076C,0.7826111912727356
YMR287C,YKR031C,8.885857596396818e-07
YMR287C,YPL192C,0.812363862991333
YMR287C,YHR107C,0.007301367353647947
YMR287C,YIL037C,9.488112340250154e-08
YMR287C,YPL156C,5.8911118685500696e-05
YMR287C,YIL117C,9.557555813444196e-07
YMR287C,YHR066W,2.020188486981378e-13
YMR287C,YML085C,0.0006778269889764488
YMR287C,YML047C,0.09100867807865143
YMR287C,YDR312W,0.039368048310279846
YMR287C,YFL037W,0.9056243300437927
YMR287C,YDL038C,0.2020167112350464
YMR287C,YDL039C,4.914426881441614e-06
YMR287C,YCL027W,6.164317255752394e-06
YMR287C,YML124C,1.331499248635737e-07
YMR287C,YGL053W,7.335940743757874e-09
YMR287C,YMR232W,0.014085104689002037
YMR287C,YNL298W,3.935019492473657e-07
YMR287C,YGL099W,9.936048854797264e-07
YMR287C,YBL016W,1.6075612165877828e-06
YMR287C,YAL041W,0.03281819820404053
YMR287C,YDR085C,3.539634418903148e-10
YMR287C,YPL187W,8.99057267815806e-05
YMR287C,YPL256C,2.5687764804160906e-08
YMR287C,YDR461W,0.0019258116371929646
YMR287C,YNL145W,0.9392518997192383
YER110C,YDL165W,1.3267067132394228e-11
YER110C,YGR059W,0.002101010177284479
YER110C,YBR109C,1.64731011409458e-06
YER110C,YJL080C,4.6994475866313223e-08
YER110C,YCR093W,0.3041103184223175
YER110C,YIL122W,1.398019200404832e-11
YER110C,YCL029C,1.4645785804826353e-14
YER110C,YNL173C,0.99991774559021
YER110C,YLR452C,0.0008991152280941606
YER110C,YDL160C,1.4733684110979084e-05
YER110C,YLR229C,4.6836501529969325e-17
YER110C,YML057W,3.738828636880992e-13
YER110C,YER149C,1.555985063017573e-10
YER110C,YMR305C,5.40976325282827e-05
YER110C,YLR433C,1.444837582909031e-10
YER110C,YJL073W,3.41880018218943e-12
YER110C,YGR279C,5.0013190957542975e-06
YER110C,YKL190W,0.0018764104461297393
YER110C,YGL089C,0.16672948002815247
YER110C,YJL019W,0.014844892546534538
YER110C,YJL018W,0.0001513304014224559
YER110C,YNR032C-A,2.5068748072953895e-05
YER110C,YGL178W,4.199174785668447e-09
YER110C,YKL116C,3.082371469176337e-09
YER110C,YDL214C,0.999733030796051
YER110C,YLR362W,5.3022566135041416e-05
YER110C,YER068W,0.00014634488616138697
YER110C,YHR084W,1.1567295388204002e-07
YER110C,YDR392W,3.0123051146802027e-06
YER110C,YNL053W,1.5606625538566732e-06
YER110C,YGR040W,5.036968064864311e-11
YER110C,YDL216C,3.3162250474561006e-06
YER110C,YOL117W,0.0012769469758495688
YER110C,YJR086W,0.35322555899620056
YER110C,YMR025W,9.580128789821174e-06
YER110C,YBR081C,0.9525401592254639
YER110C,YFL026W,0.007509337272495031
YER110C,YHL007C,3.1710666790308413e-15
YER110C,YNR044W,0.018827099353075027
YER110C,YNL271C,3.107277848357626e-07
YER110C,YDR200C,1.0235190380783118e-15
YER110C,YKL178C,0.07414820045232773
YER110C,YOR212W,1.4766394542675698e-06
YER110C,YOL111C,2.709638902143041e-10
YER110C,YGL032C,0.9971678853034973
YER110C,YHR005C,0.000633847841527313
YER110C,YDR103W,2.0075148654541408e-07
YER110C,YJR084W,9.626686369301751e-05
YER110C,YCL032W,7.800226242693498e-09
YER110C,YJL170C,0.9423890113830566
YER110C,YDR179C,0.018191637471318245
YER110C,YBR095C,4.413263377500698e-05
YER110C,YLL021W,0.00013546716945711523
YER110C,YDL159W,1.6078510745032304e-09
YER110C,YNL161W,1.980637534870766e-05
YER110C,YNL188W,5.616652920537035e-09
YER110C,YJL157C,4.5114604462154553e-14
YER110C,YJL034W,3.75471307962217e-14
YER110C,YLR238W,3.799776823143475e-05
YER110C,YPR141C,4.5007610083303007e-07
YER110C,YNL127W,9.357403541798703e-06
YER110C,YCL055W,7.34831639981337e-10
YER110C,YPR122W,0.25767308473587036
YER110C,YMR065W,0.08622534573078156
YER110C,YDR356W,2.796831540763378e-05
YER110C,YMR052W,0.9999996423721313
YER110C,YFR008W,7.242768333526328e-06
YER110C,YLL043W,0.8757631778717041
YER110C,YMR029C,1.2987433365196921e-05
YER110C,YJR004C,2.510421870383084e-10
YER110C,YDL223C,1.6552736053217013e-17
YER110C,YHR158C,1.4533886769640958e-06
YER110C,YGR238C,1.8876428198311146e-10
YER110C,YIL015W,0.9991139769554138
YER110C,YGL173C,0.05022324621677399
YER110C,YDL225W,3.600510189473438e-13
YER110C,YLR330W,3.808047767961398e-05
YER110C,YBR129C,0.00041808863170444965
YER110C,YKR095W-A,0.2020167112350464
YER110C,YPR075C,1.851138222264126e-06
YER110C,YMR198W,0.00017550309712532908
YER110C,YOR127W,7.547884592895571e-07
YER110C,YDR264C,2.2445551621785853e-06
YER110C,YLR110C,0.4064045250415802
YER110C,YDR379W,4.920554186327308e-09
YER110C,YDL100C,4.110765701170749e-07
YER110C,YHR073W,1.257588155567646e-05
YER110C,YJR090C,1.3138794219269556e-10
YER110C,YOR208W,5.1821871238644235e-08
YER110C,YBR040W,0.25921395421028137
YER110C,YNL279W,0.2694268226623535
YER110C,YER075C,2.7278572733990814e-09
YER110C,YCR089W,7.396887667709962e-05
YER110C,YCR002C,0.003947088029235601
YER110C,YJL108C,0.4865161180496216
YER110C,YBR200W,3.3627998163865414e-08
YER110C,YIL026C,8.458356237639464e-11
YER110C,YJR076C,2.5458012942181085e-07
YER110C,YKR031C,9.712024251484763e-08
YER110C,YPL192C,7.488893515983364e-06
YER110C,YHR107C,6.97616115985511e-08
YER110C,YIL037C,0.00584537535905838
YER110C,YPL156C,0.0001853273279266432
YER110C,YIL117C,1.0301188070951928e-12
YER110C,YHR066W,1.7934766458136808e-15
YER110C,YML085C,0.00012432406947482377
YER110C,YML047C,0.07136345654726028
YER110C,YDR312W,6.14884338574484e-05
YER110C,YFL037W,5.340252979407767e-13
YER110C,YDL038C,0.2020167112350464
YER110C,YDL039C,3.1715068939119906e-12
YER110C,YCL027W,0.7701587677001953
YER110C,YML124C,1.5637964013992534e-12
YER110C,YGL053W,0.036618445068597794
YER110C,YMR232W,5.123527557771013e-07
YER110C,YNL298W,1.4911829566699453e-06
YER110C,YGL099W,2.4178454894211517e-16
YER110C,YBL016W,6.189935716771622e-13
YER110C,YAL041W,0.0007194922072812915
YER110C,YDR085C,0.0028885342180728912
YER110C,YPL187W,0.03591796010732651
YER110C,YPL256C,1.8121887454189411e-12
YER110C,YDR461W,6.334798657858798e-11
YER110C,YNL145W,5.207864169206808e-14
tP(UGG)L,YDL165W,0.2020167112350464
tP(UGG)L,YGR059W,0.2020167112350464
tP(UGG)L,YBR109C,0.2020167112350464
tP(UGG)L,YJL080C,0.2020167112350464
tP(UGG)L,YCR093W,0.2020167112350464
tP(UGG)L,YIL122W,0.2020167112350464
tP(UGG)L,YCL029C,0.2020167112350464
tP(UGG)L,YNL173C,0.2020167112350464
tP(UGG)L,YLR452C,0.2020167112350464
tP(UGG)L,YDL160C,0.2020167112350464
tP(UGG)L,YLR229C,0.2020167112350464
tP(UGG)L,YML057W,0.2020167112350464
tP(UGG)L,YER149C,0.2020167112350464
tP(UGG)L,YMR305C,0.2020167112350464
tP(UGG)L,YLR433C,0.2020167112350464
tP(UGG)L,YJL073W,0.2020167112350464
tP(UGG)L,YGR279C,0.2020167112350464
tP(UGG)L,YKL190W,0.2020167112350464
tP(UGG)L,YGL089C,0.2020167112350464
tP(UGG)L,YJL019W,0.2020167112350464
tP(UGG)L,YJL018W,0.2020167112350464
tP(UGG)L,YNR032C-A,0.2020167112350464
tP(UGG)L,YGL178W,0.2020167112350464
tP(UGG)L,YKL116C,0.2020167112350464
tP(UGG)L,YDL214C,0.2020167112350464
tP(UGG)L,YLR362W,0.2020167112350464
tP(UGG)L,YER068W,0.2020167112350464
tP(UGG)L,YHR084W,0.2020167112350464
tP(UGG)L,YDR392W,0.2020167112350464
tP(UGG)L,YNL053W,0.2020167112350464
tP(UGG)L,YGR040W,0.2020167112350464
tP(UGG)L,YDL216C,0.2020167112350464
tP(UGG)L,YOL117W,0.2020167112350464
tP(UGG)L,YJR086W,0.2020167112350464
tP(UGG)L,YMR025W,0.2020167112350464
tP(UGG)L,YBR081C,0.2020167112350464
tP(UGG)L,YFL026W,0.2020167112350464
tP(UGG)L,YHL007C,0.2020167112350464
tP(UGG)L,YNR044W,0.2020167112350464
tP(UGG)L,YNL271C,0.2020167112350464
tP(UGG)L,YDR200C,0.2020167112350464
tP(UGG)L,YKL178C,0.2020167112350464
tP(UGG)L,YOR212W,0.2020167112350464
tP(UGG)L,YOL111C,0.2020167112350464
tP(UGG)L,YGL032C,0.2020167112350464
tP(UGG)L,YHR005C,0.2020167112350464
tP(UGG)L,YDR103W,0.2020167112350464
tP(UGG)L,YJR084W,0.2020167112350464
tP(UGG)L,YCL032W,0.2020167112350464
tP(UGG)L,YJL170C,0.2020167112350464
tP(UGG)L,YDR179C,0.2020167112350464
tP(UGG)L,YBR095C,0.2020167112350464
tP(UGG)L,YLL021W,0.2020167112350464
tP(UGG)L,YDL159W,0.2020167112350464
tP(UGG)L,YNL161W,0.2020167112350464
tP(UGG)L,YNL188W,0.2020167112350464
tP(UGG)L,YJL157C,0.2020167112350464
tP(UGG)L,YJL034W,0.2020167112350464
tP(UGG)L,YLR238W,0.2020167112350464
tP(UGG)L,YPR141C,0.2020167112350464
tP(UGG)L,YNL127W,0.2020167112350464
tP(UGG)L,YCL055W,0.2020167112350464
tP(UGG)L,YPR122W,0.2020167112350464
tP(UGG)L,YMR065W,0.2020167112350464
tP(UGG)L,YDR356W,0.2020167112350464
tP(UGG)L,YMR052W,0.2020167112350464
tP(UGG)L,YFR008W,0.2020167112350464
tP(UGG)L,YLL043W,0.2020167112350464
tP(UGG)L,YMR029C,0.2020167112350464
tP(UGG)L,YJR004C,0.2020167112350464
tP(UGG)L,YDL223C,0.2020167112350464
tP(UGG)L,YHR158C,0.2020167112350464
tP(UGG)L,YGR238C,0.2020167112350464
tP(UGG)L,YIL015W,0.2020167112350464
tP(UGG)L,YGL173C,0.2020167112350464
tP(UGG)L,YDL225W,0.2020167112350464
tP(UGG)L,YLR330W,0.2020167112350464
tP(UGG)L,YBR129C,0.2020167112350464
tP(UGG)L,YKR095W-A,0.2020167112350464
tP(UGG)L,YPR075C,0.2020167112350464
tP(UGG)L,YMR198W,0.2020167112350464
tP(UGG)L,YOR127W,0.2020167112350464
tP(UGG)L,YDR264C,0.2020167112350464
tP(UGG)L,YLR110C,0.2020167112350464
tP(UGG)L,YDR379W,0.2020167112350464
tP(UGG)L,YDL100C,0.2020167112350464
tP(UGG)L,YHR073W,0.2020167112350464
tP(UGG)L,YJR090C,0.2020167112350464
tP(UGG)L,YOR208W,0.2020167112350464
tP(UGG)L,YBR040W,0.2020167112350464
tP(UGG)L,YNL279W,0.2020167112350464
tP(UGG)L,YER075C,0.2020167112350464
tP(UGG)L,YCR089W,0.2020167112350464
tP(UGG)L,YCR002C,0.2020167112350464
tP(UGG)L,YJL108C,0.2020167112350464
tP(UGG)L,YBR200W,0.2020167112350464
tP(UGG)L,YIL026C,0.2020167112350464
tP(UGG)L,YJR076C,0.2020167112350464
tP(UGG)L,YKR031C,0.2020167112350464
tP(UGG)L,YPL192C,0.2020167112350464
tP(UGG)L,YHR107C,0.2020167112350464
tP(UGG)L,YIL037C,0.2020167112350464
tP(UGG)L,YPL156C,0.2020167112350464
tP(UGG)L,YIL117C,0.2020167112350464
tP(UGG)L,YHR066W,0.2020167112350464
tP(UGG)L,YML085C,0.2020167112350464
tP(UGG)L,YML047C,0.2020167112350464
tP(UGG)L,YDR312W,0.2020167112350464
tP(UGG)L,YFL037W,0.2020167112350464
tP(UGG)L,YDL038C,0.2020167112350464
tP(UGG)L,YDL039C,0.2020167112350464
tP(UGG)L,YCL027W,0.2020167112350464
tP(UGG)L,YML124C,0.2020167112350464
tP(UGG)L,YGL053W,0.2020167112350464
tP(UGG)L,YMR232W,0.2020167112350464
tP(UGG)L,YNL298W,0.2020167112350464
tP(UGG)L,YGL099W,0.2020167112350464
tP(UGG)L,YBL016W,0.2020167112350464
tP(UGG)L,YAL041W,0.2020167112350464
tP(UGG)L,YDR085C,0.2020167112350464
tP(UGG)L,YPL187W,0.2020167112350464
tP(UGG)L,YPL256C,0.2020167112350464
tP(UGG)L,YDR461W,0.2020167112350464
tP(UGG)L,YNL145W,0.2020167112350464
YDR191W,YDL165W,0.00517904432490468
YDR191W,YGR059W,0.0001906585821416229
YDR191W,YBR109C,0.9922745823860168
YDR191W,YJL080C,0.0009943381883203983
YDR191W,YCR093W,9.690634033177048e-05
YDR191W,YIL122W,0.4643363058567047
YDR191W,YCL029C,1.6701785787720524e-10
YDR191W,YNL173C,2.8793370465685086e-11
YDR191W,YLR452C,0.1921287328004837
YDR191W,YDL160C,3.5028708111894957e-07
YDR191W,YLR229C,1.5306095519918017e-05
YDR191W,YML057W,4.64589390958281e-07
YDR191W,YER149C,0.3903438448905945
YDR191W,YMR305C,4.9773882793147095e-09
YDR191W,YLR433C,1.7599676160884314e-09
YDR191W,YJL073W,5.0793551586991725e-09
YDR191W,YGR279C,2.3507493096985854e-05
YDR191W,YKL190W,0.990468442440033
YDR191W,YGL089C,2.596854528746917e-06
YDR191W,YJL019W,5.644238409985292e-10
YDR191W,YJL018W,0.010536749847233295
YDR191W,YNR032C-A,0.8904759883880615
YDR191W,YGL178W,0.009946552105247974
YDR191W,YKL116C,7.473379825140986e-14
YDR191W,YDL214C,0.9450501203536987
YDR191W,YLR362W,2.039205782011777e-08
YDR191W,YER068W,6.759574011638847e-10
YDR191W,YHR084W,0.0001392670819768682
YDR191W,YDR392W,1.2800777104970962e-09
YDR191W,YNL053W,2.3106412616602512e-10
YDR191W,YGR040W,1.7023086229528417e-06
YDR191W,YDL216C,0.00011052998888771981
YDR191W,YOL117W,5.2232000058438643e-08
YDR191W,YJR086W,0.3000689744949341
YDR191W,YMR025W,0.025731878355145454
YDR191W,YBR081C,0.049212172627449036
YDR191W,YFL026W,0.993105947971344
YDR191W,YHL007C,5.588467047346057e-06
YDR191W,YNR044W,0.005040062125772238
YDR191W,YNL271C,0.20586274564266205
YDR191W,YDR200C,1.2281649333090172e-06
YDR191W,YKL178C,0.9946193695068359
YDR191W,YOR212W,0.00014043337432667613
YDR191W,YOL111C,1.2688400330418403e-09
YDR191W,YGL032C,0.9622775316238403
YDR191W,YHR005C,0.2879318594932556
YDR191W,YDR103W,0.024727001786231995
YDR191W,YJR084W,8.190924563677981e-05
YDR191W,YCL032W,0.0006258934736251831
YDR191W,YJL170C,1.0881660728045972e-07
YDR191W,YDR179C,2.702650048203026e-10
YDR191W,YBR095C,0.5975679755210876
YDR191W,YLL021W,0.9533175230026245
YDR191W,YDL159W,5.1183283306110994e-11
YDR191W,YNL161W,2.2361925857694587e-06
YDR191W,YNL188W,0.0029282700270414352
YDR191W,YJL157C,5.7090710470220074e-05
YDR191W,YJL034W,2.0718674172137685e-12
YDR191W,YLR238W,5.975973635941045e-07
YDR191W,YPR141C,0.0460173636674881
YDR191W,YNL127W,0.0013150846352800727
YDR191W,YCL055W,0.0003526807704474777
YDR191W,YPR122W,3.595653470256366e-05
YDR191W,YMR065W,0.8416371941566467
YDR191W,YDR356W,1.6904679966955882e-07
YDR191W,YMR052W,2.4757456529300725e-08
YDR191W,YFR008W,0.0057255919091403484
YDR191W,YLL043W,0.003657331457361579
YDR191W,YMR029C,0.029820920899510384
YDR191W,YJR004C,9.511627929725819e-09
YDR191W,YDL223C,7.490676412480468e-10
YDR191W,YHR158C,0.015582111664116383
YDR191W,YGR238C,0.0001841720804804936
YDR191W,YIL015W,0.06795337051153183
YDR191W,YGL173C,8.597631904194714e-07
YDR191W,YDL225W,0.00033763545798137784
YDR191W,YLR330W,8.954063268618029e-09
YDR191W,YBR129C,0.11441429704427719
YDR191W,YKR095W-A,0.2020167112350464
YDR191W,YPR075C,6.118949747932478e-14
YDR191W,YMR198W,0.002721615368500352
YDR191W,YOR127W,0.00038866567774675786
YDR191W,YDR264C,8.170026558218524e-05
YDR191W,YLR110C,0.8741152882575989
YDR191W,YDR379W,5.143549060449004e-05
YDR191W,YDL100C,0.001570324064232409
YDR191W,YHR073W,0.00600464316084981
YDR191W,YJR090C,7.677595448285501e-09
YDR191W,YOR208W,9.650920219428372e-06
YDR191W,YBR040W,0.008758493699133396
YDR191W,YNL279W,0.7215688824653625
YDR191W,YER075C,0.8839802742004395
YDR191W,YCR089W,8.796753718343098e-06
YDR191W,YCR002C,0.9999676942825317
YDR191W,YJL108C,1.2303031326155178e-05
YDR191W,YBR200W,9.226694430708449e-08
YDR191W,YIL026C,9.038574688702283e-08
YDR191W,YJR076C,0.9995841383934021
YDR191W,YKR031C,3.6322599044069648e-06
YDR191W,YPL192C,0.0003129032556898892
YDR191W,YHR107C,0.14686793088912964
YDR191W,YIL037C,0.001242254045791924
YDR191W,YPL156C,0.7482193112373352
YDR191W,YIL117C,2.591070540347573e-07
YDR191W,YHR066W,3.661737999947033e-14
YDR191W,YML085C,0.00027021471760235727
YDR191W,YML047C,0.014730973169207573
YDR191W,YDR312W,0.04080764204263687
YDR191W,YFL037W,0.5254544615745544
YDR191W,YDL038C,0.2020167112350464
YDR191W,YDL039C,1.64240188116338e-09
YDR191W,YCL027W,0.8721625804901123
YDR191W,YML124C,5.130518547957763e-05
YDR191W,YGL053W,5.133670128998347e-06
YDR191W,YMR232W,1.2477707059588283e-05
YDR191W,YNL298W,0.001953358296304941
YDR191W,YGL099W,3.8974299482186225e-11
YDR191W,YBL016W,1.731046722852625e-05
YDR191W,YAL041W,0.29112568497657776
YDR191W,YDR085C,1.7601855972770863e-07
YDR191W,YPL187W,1.6317293557222e-05
YDR191W,YPL256C,2.0329900263238443e-10
YDR191W,YDR461W,1.0189325772014257e-10
YDR191W,YNL145W,6.306332238636969e-07
YGR270W,YDL165W,0.0073094903491437435
YGR270W,YGR059W,0.00014791474677622318
YGR270W,YBR109C,6.165031152249867e-08
YGR270W,YJL080C,4.152864858042449e-05
YGR270W,YCR093W,0.02039702795445919
YGR270W,YIL122W,0.005502485670149326
YGR270W,YCL029C,1.1128311237730473e-14
YGR270W,YNL173C,1.6680623549092388e-09
YGR270W,YLR452C,0.9885562062263489
YGR270W,YDL160C,0.27232563495635986
YGR270W,YLR229C,0.00021139459568075836
YGR270W,YML057W,2.506196118690074e-11
YGR270W,YER149C,0.946502685546875
YGR270W,YMR305C,0.07335807383060455
YGR270W,YLR433C,0.04424015432596207
YGR270W,YJL073W,1.638863977859728e-06
YGR270W,YGR279C,0.023553360253572464
YGR270W,YKL190W,0.0008680934552103281
YGR270W,YGL089C,0.020708071067929268
YGR270W,YJL019W,0.04584992676973343
YGR270W,YJL018W,0.09590958803892136
YGR270W,YNR032C-A,0.9533902406692505
YGR270W,YGL178W,0.013460922054946423
YGR270W,YKL116C,0.0001349852973362431
YGR270W,YDL214C,0.00010941547952825204
YGR270W,YLR362W,0.21418048441410065
YGR270W,YER068W,1.5834247335533291e-07
YGR270W,YHR084W,5.876007708138786e-05
YGR270W,YDR392W,0.3382985591888428
YGR270W,YNL053W,0.7070890069007874
YGR270W,YGR040W,0.018141616135835648
YGR270W,YDL216C,1.75263594428543e-05
YGR270W,YOL117W,0.00030002996209077537
YGR270W,YJR086W,1.726420322256672e-07
YGR270W,YMR025W,0.002594452816992998
YGR270W,YBR081C,0.004711944609880447
YGR270W,YFL026W,0.01689317636191845
YGR270W,YHL007C,0.03783239424228668
YGR270W,YNR044W,0.0002498056273907423
YGR270W,YNL271C,0.9999070167541504
YGR270W,YDR200C,0.9988617897033691
YGR270W,YKL178C,3.287860090495087e-05
YGR270W,YOR212W,4.9257680075243115e-05
YGR270W,YOL111C,1.1856103772356352e-11
YGR270W,YGL032C,3.484937406028621e-05
YGR270W,YHR005C,0.019762732088565826
YGR270W,YDR103W,0.2770829498767853
YGR270W,YJR084W,7.58340001993929e-06
YGR270W,YCL032W,0.2364424169063568
YGR270W,YJL170C,9.615824092179537e-05
YGR270W,YDR179C,2.2605717298063155e-09
YGR270W,YBR095C,0.0016987441340461373
YGR270W,YLL021W,4.830334000871517e-05
YGR270W,YDL159W,0.0008770854328759015
YGR270W,YNL161W,0.008656391873955727
YGR270W,YNL188W,2.9377728694157668e-08
YGR270W,YJL157C,1.4001509043737315e-05
YGR270W,YJL034W,2.4416967789875343e-05
YGR270W,YLR238W,0.0010100093204528093
YGR270W,YPR141C,6.543655035784468e-05
YGR270W,YNL127W,0.027644552290439606
YGR270W,YCL055W,2.4573635073465994e-06
YGR270W,YPR122W,0.010783188976347446
YGR270W,YMR065W,0.011950249783694744
YGR270W,YDR356W,0.04900813475251198
YGR270W,YMR052W,1.4175659998727497e-05
YGR270W,YFR008W,2.6437446010163512e-08
YGR270W,YLL043W,0.4646936058998108
YGR270W,YMR029C,0.00021832133643329144
YGR270W,YJR004C,4.587523108057212e-06
YGR270W,YDL223C,1.6242016005795293e-14
YGR270W,YHR158C,1.9508408513502218e-05
YGR270W,YGR238C,1.014455519587898e-09
YGR270W,YIL015W,0.020033098757267
YGR270W,YGL173C,3.205145549145527e-05
YGR270W,YDL225W,0.00019350134243723005
YGR270W,YLR330W,0.00010225450387224555
YGR270W,YBR129C,0.9999711513519287
YGR270W,YKR095W-A,0.2020167112350464
YGR270W,YPR075C,3.2674899557605386e-05
YGR270W,YMR198W,0.0012334759812802076
YGR270W,YOR127W,0.9981725215911865
YGR270W,YDR264C,0.0033079469576478004
YGR270W,YLR110C,0.14732769131660461
YGR270W,YDR379W,0.23499450087547302
YGR270W,YDL100C,1.0197837241321395e-07
YGR270W,YHR073W,0.016707397997379303
YGR270W,YJR090C,0.5576611757278442
YGR270W,YOR208W,1.6637148603226848e-10
YGR270W,YBR040W,0.8541774153709412
YGR270W,YNL279W,0.04880313202738762
YGR270W,YER075C,0.0016404032940045
YGR270W,YCR089W,0.18568752706050873
YGR270W,YCR002C,0.004369386006146669
YGR270W,YJL108C,0.0006318182568065822
YGR270W,YBR200W,0.0018149379175156355
YGR270W,YIL026C,0.9999860525131226
YGR270W,YJR076C,0.0009007625048980117
YGR270W,YKR031C,0.00694025494158268
YGR270W,YPL192C,0.5332679152488708
YGR270W,YHR107C,0.00011938334500882775
YGR270W,YIL037C,0.9057409167289734
YGR270W,YPL156C,0.0361749567091465
YGR270W,YIL117C,3.779275721171871e-05
YGR270W,YHR066W,7.665819623525749e-08
YGR270W,YML085C,0.017836714163422585
YGR270W,YML047C,0.12222684174776077
YGR270W,YDR312W,0.023617811501026154
YGR270W,YFL037W,5.75575950279017e-06
YGR270W,YDL038C,0.2020167112350464
YGR270W,YDL039C,2.292188249104765e-13
YGR270W,YCL027W,1.0529623068578076e-05
YGR270W,YML124C,6.105432248659781e-07
YGR270W,YGL053W,0.05306129530072212
YGR270W,YMR232W,0.9946821331977844
YGR270W,YNL298W,0.007665787823498249
YGR270W,YGL099W,0.6345479488372803
YGR270W,YBL016W,9.405678429175168e-05
YGR270W,YAL041W,0.0006893480313010514
YGR270W,YDR085C,0.007219087798148394
YGR270W,YPL187W,0.9968883395195007
YGR270W,YPL256C,0.00010970748553518206
YGR270W,YDR461W,2.0314344340022217e-07
YGR270W,YNL145W,1.2283570640647667e-06
YDL226C,YDL165W,0.0020537886302918196
YDL226C,YGR059W,8.595245617470937e-07
YDL226C,YBR109C,0.28938692808151245
YDL226C,YJL080C,0.00013607318396680057
YDL226C,YCR093W,1.4375214796302771e-08
YDL226C,YIL122W,2.328313684074601e-07
YDL226C,YCL029C,1.0729088939579997e-15
YDL226C,YNL173C,1.563235207946434e-09
YDL226C,YLR452C,0.0011018388904631138
YDL226C,YDL160C,7.137326178963121e-07
YDL226C,YLR229C,0.023397494107484818
YDL226C,YML057W,2.335962250299417e-07
YDL226C,YER149C,5.834223770762037e-07
YDL226C,YMR305C,1.601485382707324e-05
YDL226C,YLR433C,2.453773469135445e-11
YDL226C,YJL073W,3.673423978195478e-12
YDL226C,YGR279C,0.9140551686286926
YDL226C,YKL190W,0.05436590686440468
YDL226C,YGL089C,2.4668162268426386e-07
YDL226C,YJL019W,3.690390926180953e-08
YDL226C,YJL018W,0.000960096251219511
YDL226C,YNR032C-A,0.9309893846511841
YDL226C,YGL178W,3.151633614057931e-18
YDL226C,YKL116C,2.5466525589712408e-12
YDL226C,YDL214C,0.009500859305262566
YDL226C,YLR362W,0.0008419059449806809
YDL226C,YER068W,7.828643333596119e-07
YDL226C,YHR084W,1.4147528418106958e-05
YDL226C,YDR392W,0.9644070267677307
YDL226C,YNL053W,4.764973304816067e-09
YDL226C,YGR040W,0.0141160748898983
YDL226C,YDL216C,0.016299312934279442
YDL226C,YOL117W,2.314715675311163e-05
YDL226C,YJR086W,0.21359091997146606
YDL226C,YMR025W,0.00016008615784812719
YDL226C,YBR081C,0.0001484944368712604
YDL226C,YFL026W,0.06573279201984406
YDL226C,YHL007C,0.003734524128958583
YDL226C,YNR044W,0.04185847193002701
YDL226C,YNL271C,0.0017982698045670986
YDL226C,YDR200C,6.392854174919194e-06
YDL226C,YKL178C,0.0006058755679987371
YDL226C,YOR212W,4.484434612095356e-06
YDL226C,YOL111C,2.395946668062171e-13
YDL226C,YGL032C,6.437218047494753e-08
YDL226C,YHR005C,0.7717103958129883
YDL226C,YDR103W,0.09571649134159088
YDL226C,YJR084W,0.005731675308197737
YDL226C,YCL032W,0.37105801701545715
YDL226C,YJL170C,0.9997908473014832
YDL226C,YDR179C,2.600760353743681e-07
YDL226C,YBR095C,0.027341041713953018
YDL226C,YLL021W,0.0020723112393170595
YDL226C,YDL159W,1.671587944018088e-13
YDL226C,YNL161W,3.9624832425033674e-05
YDL226C,YNL188W,0.3771943747997284
YDL226C,YJL157C,0.023310476914048195
YDL226C,YJL034W,3.2479289302500547e-07
YDL226C,YLR238W,0.0032615317031741142
YDL226C,YPR141C,0.08214909583330154
YDL226C,YNL127W,1.3994846085552126e-05
YDL226C,YCL055W,0.13848450779914856
YDL226C,YPR122W,8.305562369059771e-05
YDL226C,YMR065W,0.0007658256217837334
YDL226C,YDR356W,0.992983341217041
YDL226C,YMR052W,0.00901073683053255
YDL226C,YFR008W,0.9997876286506653
YDL226C,YLL043W,3.591561181792713e-08
YDL226C,YMR029C,0.9896612167358398
YDL226C,YJR004C,4.936758841722622e-07
YDL226C,YDL223C,1.1630176214601762e-19
YDL226C,YHR158C,6.711175956297666e-05
YDL226C,YGR238C,1.874218895636659e-07
YDL226C,YIL015W,0.6999170184135437
YDL226C,YGL173C,2.010720407952249e-07
YDL226C,YDL225W,5.554440122068627e-06
YDL226C,YLR330W,0.5277451872825623
YDL226C,YBR129C,0.9999948740005493
YDL226C,YKR095W-A,0.2020167112350464
YDL226C,YPR075C,1.074611441498341e-10
YDL226C,YMR198W,0.02376936562359333
YDL226C,YOR127W,0.38555535674095154
YDL226C,YDR264C,0.0010470279958099127
YDL226C,YLR110C,0.5533789396286011
YDL226C,YDR379W,0.5178862810134888
YDL226C,YDL100C,2.9706458803957503e-07
YDL226C,YHR073W,0.0036504173185676336
YDL226C,YJR090C,1.2861169074174228e-10
YDL226C,YOR208W,0.07620491832494736
YDL226C,YBR040W,0.950901448726654
YDL226C,YNL279W,0.017566116526722908
YDL226C,YER075C,2.7047857997786195e-07
YDL226C,YCR089W,0.00034440617309883237
YDL226C,YCR002C,3.205380926374346e-05
YDL226C,YJL108C,0.9842352867126465
YDL226C,YBR200W,3.457134667428363e-08
YDL226C,YIL026C,0.9052332043647766
YDL226C,YJR076C,1.491784587415168e-06
YDL226C,YKR031C,4.096647021611943e-09
YDL226C,YPL192C,8.492937126902689e-07
YDL226C,YHR107C,0.00015346052532549948
YDL226C,YIL037C,0.00037184261600486934
YDL226C,YPL156C,3.0638975800911794e-08
YDL226C,YIL117C,6.855747778899968e-05
YDL226C,YHR066W,1.3827205005978449e-11
YDL226C,YML085C,0.005974708590656519
YDL226C,YML047C,1.4733133824051947e-08
YDL226C,YDR312W,1.9861683540511876e-05
YDL226C,YFL037W,0.024365009739995003
YDL226C,YDL038C,0.2020167112350464
YDL226C,YDL039C,4.2823954257592995e-17
YDL226C,YCL027W,0.41501063108444214
YDL226C,YML124C,3.554467653543725e-08
YDL226C,YGL053W,0.9900586009025574
YDL226C,YMR232W,5.936532598838085e-09
YDL226C,YNL298W,0.49364522099494934
YDL226C,YGL099W,6.469214053339556e-10
YDL226C,YBL016W,0.002347221365198493
YDL226C,YAL041W,0.24487106502056122
YDL226C,YDR085C,3.9035629129102745e-07
YDL226C,YPL187W,0.016269460320472717
YDL226C,YPL256C,0.6316913962364197
YDL226C,YDR461W,3.98374277210678e-06
YDL226C,YNL145W,0.4937724769115448
YOR095C,YDL165W,2.2353434658839433e-09
YOR095C,YGR059W,4.6994318159132575e-11
YOR095C,YBR109C,0.0004638737882487476
YOR095C,YJL080C,3.3723430714616143e-09
YOR095C,YCR093W,0.0031583134550601244
YOR095C,YIL122W,8.425900887232274e-06
YOR095C,YCL029C,2.99098582273033e-13
YOR095C,YNL173C,4.505301149038132e-06
YOR095C,YLR452C,4.164892743574455e-06
YOR095C,YDL160C,5.772762051492464e-06
YOR095C,YLR229C,1.300056400897289e-18
YOR095C,YML057W,2.3492204682213844e-16
YOR095C,YER149C,3.7973593158824315e-09
YOR095C,YMR305C,1.8478213220411625e-20
YOR095C,YLR433C,1.6790339734881754e-12
YOR095C,YJL073W,8.748435309513525e-11
YOR095C,YGR279C,1.2310753280746543e-18
YOR095C,YKL190W,2.9984701787472146e-12
YOR095C,YGL089C,8.922482111796127e-18
YOR095C,YJL019W,0.007741451263427734
YOR095C,YJL018W,0.00016147049609571695
YOR095C,YNR032C-A,2.691580220925971e-07
YOR095C,YGL178W,4.593841307354296e-09
YOR095C,YKL116C,7.12731794156457e-13
YOR095C,YDL214C,0.0067326826974749565
YOR095C,YLR362W,1.599109096550068e-14
YOR095C,YER068W,4.76220840539554e-10
YOR095C,YHR084W,6.238070682229591e-07
YOR095C,YDR392W,1.1955025858156887e-10
YOR095C,YNL053W,0.028876008465886116
YOR095C,YGR040W,4.525698704682668e-10
YOR095C,YDL216C,6.539933483651339e-09
YOR095C,YOL117W,7.478056802262545e-14
YOR095C,YJR086W,2.3156569696661675e-18
YOR095C,YMR025W,2.0600286006811075e-05
YOR095C,YBR081C,0.0001194676078739576
YOR095C,YFL026W,1.5093792171683162e-07
YOR095C,YHL007C,3.0657676917955623e-12
YOR095C,YNR044W,5.923900971538387e-06
YOR095C,YNL271C,1.8396346573575883e-20
YOR095C,YDR200C,3.6026171331077564e-14
YOR095C,YKL178C,9.597356438462157e-06
YOR095C,YOR212W,1.2400826108205365e-06
YOR095C,YOL111C,2.4570308010396502e-09
YOR095C,YGL032C,4.176309076342477e-08
YOR095C,YHR005C,0.06104741245508194
YOR095C,YDR103W,2.6915955686490634e-07
YOR095C,YJR084W,8.876461441960706e-15
YOR095C,YCL032W,2.2881967588067598e-12
YOR095C,YJL170C,0.426636666059494
YOR095C,YDR179C,5.689051660318079e-13
YOR095C,YBR095C,2.0206223780405708e-05
YOR095C,YLL021W,1.5948618425909444e-08
YOR095C,YDL159W,2.4941501348372e-15
YOR095C,YNL161W,4.648904416808264e-13
YOR095C,YNL188W,2.0902143100934908e-15
YOR095C,YJL157C,5.191268996895815e-07
YOR095C,YJL034W,3.2253022409951815e-14
YOR095C,YLR238W,1.21270704589449e-09
YOR095C,YPR141C,1.003515848196912e-07
YOR095C,YNL127W,3.982189866746921e-08
YOR095C,YCL055W,1.3238162788198338e-09
YOR095C,YPR122W,1.488842599428608e-06
YOR095C,YMR065W,0.0001006525635602884
YOR095C,YDR356W,4.631867334126127e-09
YOR095C,YMR052W,0.2323249727487564
YOR095C,YFR008W,5.982579764918228e-09
YOR095C,YLL043W,9.512793042176781e-08
YOR095C,YMR029C,1.8761272049805378e-11
YOR095C,YJR004C,5.3276746972391825e-18
YOR095C,YDL223C,1.5805045843169107e-16
YOR095C,YHR158C,6.636741937265933e-13
YOR095C,YGR238C,5.1096412201445963e-17
YOR095C,YIL015W,0.027589447796344757
YOR095C,YGL173C,2.8951494641660247e-06
YOR095C,YDL225W,3.9743275576094403e-16
YOR095C,YLR330W,1.0612550806648065e-22
YOR095C,YBR129C,5.2820898417849094e-05
YOR095C,YKR095W-A,0.2020167112350464
YOR095C,YPR075C,9.645016786651896e-15
YOR095C,YMR198W,7.017136454123829e-07
YOR095C,YOR127W,1.653449140028452e-14
YOR095C,YDR264C,1.6171138039755562e-10
YOR095C,YLR110C,6.264194024607761e-12
YOR095C,YDR379W,2.434774387313765e-12
YOR095C,YDL100C,2.511132668973616e-16
YOR095C,YHR073W,6.212219627599325e-09
YOR095C,YJR090C,1.0066487921012168e-10
YOR095C,YOR208W,4.474305569601711e-06
YOR095C,YBR040W,0.35809972882270813
YOR095C,YNL279W,5.5039336643858405e-08
YOR095C,YER075C,7.878891317147918e-09
YOR095C,YCR089W,1.3451750646709115e-07
YOR095C,YCR002C,6.197830443310792e-12
YOR095C,YJL108C,3.1532459976446603e-10
YOR095C,YBR200W,1.1400440053793703e-12
YOR095C,YIL026C,2.524686519618665e-15
YOR095C,YJR076C,2.6354424420560463e-08
YOR095C,YKR031C,2.97678340310803e-11
YOR095C,YPL192C,8.490755135426298e-06
YOR095C,YHR107C,7.829354352340001e-12
YOR095C,YIL037C,4.627573602089541e-10
YOR095C,YPL156C,3.018961747258686e-09
YOR095C,YIL117C,4.3321557313902304e-05
YOR095C,YHR066W,7.37950412582622e-12
YOR095C,YML085C,2.0359988016341768e-16
YOR095C,YML047C,0.7970300912857056
YOR095C,YDR312W,0.0006594493170268834
YOR095C,YFL037W,2.7925318946131483e-08
YOR095C,YDL038C,0.2020167112350464
YOR095C,YDL039C,4.774528371674586e-19
YOR095C,YCL027W,7.540406558696755e-13
YOR095C,YML124C,1.0114953975266382e-28
YOR095C,YGL053W,6.214426662154438e-08
YOR095C,YMR232W,1.284332142859057e-06
YOR095C,YNL298W,9.272868626110983e-15
YOR095C,YGL099W,4.3192810371644845e-15
YOR095C,YBL016W,2.041045332745739e-09
YOR095C,YAL041W,4.974329836926472e-10
YOR095C,YDR085C,0.1081223338842392
YOR095C,YPL187W,2.2416550393700163e-08
YOR095C,YPL256C,5.427584666280492e-22
YOR095C,YDR461W,6.759419254372855e-25
YOR095C,YNL145W,1.0176653297833127e-08
YML023C,YDL165W,5.462354238261469e-05
YML023C,YGR059W,8.022407200769521e-06
YML023C,YBR109C,2.039341850945675e-08
YML023C,YJL080C,1.046137742405362e-11
YML023C,YCR093W,1.189652607536118e-07
YML023C,YIL122W,0.00252904393710196
YML023C,YCL029C,9.997417338425407e-10
YML023C,YNL173C,6.95377693205046e-08
YML023C,YLR452C,6.016855991219927e-08
YML023C,YDL160C,3.462259701336734e-05
YML023C,YLR229C,0.010143833234906197
YML023C,YML057W,2.462827511373611e-11
YML023C,YER149C,3.666817065095529e-06
YML023C,YMR305C,1.1805934896358394e-08
YML023C,YLR433C,0.0003492782125249505
YML023C,YJL073W,9.700360692477261e-08
YML023C,YGR279C,7.445244376424337e-16
YML023C,YKL190W,3.434529389778618e-07
YML023C,YGL089C,1.3668231824137678e-10
YML023C,YJL019W,4.7533689212286845e-05
YML023C,YJL018W,0.0008793120505288243
YML023C,YNR032C-A,0.998174786567688
YML023C,YGL178W,3.1694899007561617e-06
YML023C,YKL116C,3.8024100490474666e-07
YML023C,YDL214C,0.18278463184833527
YML023C,YLR362W,2.016527832893189e-05
YML023C,YER068W,0.00129800068680197
YML023C,YHR084W,1.0665741900783843e-10
YML023C,YDR392W,1.2177906683064066e-05
YML023C,YNL053W,1.1902745455927288e-09
YML023C,YGR040W,4.0380015775554057e-07
YML023C,YDL216C,1.0780912589325453e-06
YML023C,YOL117W,1.5913588155558323e-11
YML023C,YJR086W,6.876302904856857e-08
YML023C,YMR025W,0.0014859967632219195
YML023C,YBR081C,1.0313107168258284e-07
YML023C,YFL026W,3.0714019771949097e-07
YML023C,YHL007C,5.683379988852266e-09
YML023C,YNR044W,1.1116518816578491e-10
YML023C,YNL271C,8.945467977472532e-11
YML023C,YDR200C,3.3486979855723575e-09
YML023C,YKL178C,1.4031620594323613e-06
YML023C,YOR212W,1.1261929167005746e-08
YML023C,YOL111C,3.7068202800583094e-05
YML023C,YGL032C,4.0397882372644744e-08
YML023C,YHR005C,1.370091666785811e-07
YML023C,YDR103W,0.00012768403394147754
YML023C,YJR084W,2.4731590997362218e-08
YML023C,YCL032W,6.46827646999526e-10
YML023C,YJL170C,4.801399882126134e-06
YML023C,YDR179C,3.070619062836566e-12
YML023C,YBR095C,1.0086297663747246e-07
YML023C,YLL021W,2.145138667392077e-12
YML023C,YDL159W,7.50079512390478e-11
YML023C,YNL161W,1.5520818124059588e-05
YML023C,YNL188W,2.7260881552138017e-07
YML023C,YJL157C,2.3464921412169604e-13
YML023C,YJL034W,8.441184640162191e-09
YML023C,YLR238W,2.3005554794508498e-08
YML023C,YPR141C,1.4777247481223554e-10
YML023C,YNL127W,2.7479318305267952e-05
YML023C,YCL055W,2.0030359850961837e-15
YML023C,YPR122W,6.758887199920238e-11
YML023C,YMR065W,4.8755596253613476e-06
YML023C,YDR356W,1.896940602819086e-06
YML023C,YMR052W,0.07542254030704498
YML023C,YFR008W,1.5489132546009365e-11
YML023C,YLL043W,1.1377013914293244e-10
YML023C,YMR029C,8.480459112725214e-10
YML023C,YJR004C,3.1739758390991746e-12
YML023C,YDL223C,5.423075322141813e-10
YML023C,YHR158C,4.019623702333774e-06
YML023C,YGR238C,1.1861654456879478e-05
YML023C,YIL015W,6.355302275551367e-07
YML023C,YGL173C,8.177220678362573e-08
YML023C,YDL225W,3.3719843323815057e-12
YML023C,YLR330W,6.0188181123521645e-06
YML023C,YBR129C,1.7520907391599394e-08
YML023C,YKR095W-A,0.2020167112350464
YML023C,YPR075C,0.00013285240856930614
YML023C,YMR198W,3.0258302807784077e-11
YML023C,YOR127W,3.4784497415785154e-07
YML023C,YDR264C,0.00015792205522302538
YML023C,YLR110C,1.3532124032433757e-10
YML023C,YDR379W,3.010717009033215e-08
YML023C,YDL100C,1.41899979180099e-12
YML023C,YHR073W,2.7438843517302303e-06
YML023C,YJR090C,2.477595906213992e-09
YML023C,YOR208W,6.006833919158794e-12
YML023C,YBR040W,4.051949886729744e-08
YML023C,YNL279W,2.5519236501736486e-08
YML023C,YER075C,1.6053632862167433e-05
YML023C,YCR089W,1.1926691740882234e-06
YML023C,YCR002C,5.727367735630651e-08
YML023C,YJL108C,5.433081068373369e-12
YML023C,YBR200W,2.3125988624084215e-10
YML023C,YIL026C,1.7027908825184568e-06
YML023C,YJR076C,9.394238859039561e-12
YML023C,YKR031C,4.168358282186091e-05
YML023C,YPL192C,0.002256693784147501
YML023C,YHR107C,0.0009642664808779955
YML023C,YIL037C,9.400351785870953e-08
YML023C,YPL156C,4.865691183297827e-11
YML023C,YIL117C,2.4288096867053355e-08
YML023C,YHR066W,6.5994692349802264e-12
YML023C,YML085C,1.0776441961013461e-08
YML023C,YML047C,9.17415476919814e-08
YML023C,YDR312W,4.083985150060698e-09
YML023C,YFL037W,7.779999577905983e-05
YML023C,YDL038C,0.2020167112350464
YML023C,YDL039C,1.8536845391992074e-09
YML023C,YCL027W,5.644134049020977e-09
YML023C,YML124C,4.602113179430489e-08
YML023C,YGL053W,4.380424842298503e-12
YML023C,YMR232W,0.006321351509541273
YML023C,YNL298W,1.0139602490966126e-09
YML023C,YGL099W,8.380559158964462e-13
YML023C,YBL016W,1.01541186570131e-09
YML023C,YAL041W,0.0007585283601656556
YML023C,YDR085C,2.7274273861621623e-07
YML023C,YPL187W,6.865129398647696e-05
YML023C,YPL256C,1.7866398193799177e-13
YML023C,YDR461W,4.83416770293843e-05
YML023C,YNL145W,1.2736991550355015e-07
YER069W,YDL165W,0.002937581855803728
YER069W,YGR059W,0.038809653371572495
YER069W,YBR109C,1.5156257325565914e-12
YER069W,YJL080C,6.792430116628334e-13
YER069W,YCR093W,0.8311001658439636
YER069W,YIL122W,6.165765675802959e-10
YER069W,YCL029C,3.0538183182216017e-06
YER069W,YNL173C,4.469864148953784e-12
YER069W,YLR452C,7.074484553726279e-09
YER069W,YDL160C,4.951002665620763e-07
YER069W,YLR229C,2.369872147914981e-13
YER069W,YML057W,3.5280122922344342e-15
YER069W,YER149C,1.0342419187736596e-07
YER069W,YMR305C,1.2500666918353512e-17
YER069W,YLR433C,4.642239582608454e-05
YER069W,YJL073W,1.0282247053794435e-08
YER069W,YGR279C,9.63274490554944e-13
YER069W,YKL190W,4.67214076195387e-17
YER069W,YGL089C,7.12545897840755e-08
YER069W,YJL019W,0.05186557024717331
YER069W,YJL018W,0.0003885616024490446
YER069W,YNR032C-A,0.0001311402884311974
YER069W,YGL178W,3.997727926474681e-09
YER069W,YKL116C,7.244370407103861e-15
YER069W,YDL214C,0.022026829421520233
YER069W,YLR362W,0.8418213725090027
YER069W,YER068W,2.50339180638548e-05
YER069W,YHR084W,5.96104291616939e-06
YER069W,YDR392W,3.560085559684012e-08
YER069W,YNL053W,3.783837687620917e-10
YER069W,YGR040W,1.0123432040570757e-12
YER069W,YDL216C,5.417539341578959e-07
YER069W,YOL117W,3.5757480310039114e-10
YER069W,YJR086W,1.1158111240527901e-10
YER069W,YMR025W,1.9368617224391899e-13
YER069W,YBR081C,0.4440057575702667
YER069W,YFL026W,5.561938510125798e-14
YER069W,YHL007C,2.472186138528093e-13
YER069W,YNR044W,2.268801042626693e-16
YER069W,YNL271C,2.1782752810395323e-06
YER069W,YDR200C,8.591273115143849e-08
YER069W,YKL178C,4.663769925805639e-10
YER069W,YOR212W,6.276525255088927e-08
YER069W,YOL111C,6.765519134505071e-14
YER069W,YGL032C,5.276416781795079e-13
YER069W,YHR005C,6.979668037108977e-14
YER069W,YDR103W,1.1804262811665467e-07
YER069W,YJR084W,0.0013834508135914803
YER069W,YCL032W,1.2242359903602562e-10
YER069W,YJL170C,3.57069923758932e-13
YER069W,YDR179C,4.955806320872114e-10
YER069W,YBR095C,4.8189644985541236e-06
YER069W,YLL021W,1.1935207867592307e-13
YER069W,YDL159W,5.720035915146582e-05
YER069W,YNL161W,5.640902145387372e-07
YER069W,YNL188W,1.7330891496220024e-12
YER069W,YJL157C,2.2681188524553697e-11
YER069W,YJL034W,2.414361896171946e-12
YER069W,YLR238W,9.748339024895358e-09
YER069W,YPR141C,4.465669007913675e-06
YER069W,YNL127W,1.6392387891528415e-08
YER069W,YCL055W,4.0985297192010125e-17
YER069W,YPR122W,4.648632057069335e-08
YER069W,YMR065W,0.0017229599179700017
YER069W,YDR356W,1.2076134758842727e-08
YER069W,YMR052W,9.020660627356847e-07
YER069W,YFR008W,1.9388750181108597e-14
YER069W,YLL043W,1.951409459309932e-16
YER069W,YMR029C,2.059445023405715e-06
YER069W,YJR004C,2.4975192613244633e-16
YER069W,YDL223C,1.3581611710833386e-06
YER069W,YHR158C,6.714602651669566e-09
YER069W,YGR238C,1.1910550399684555e-14
YER069W,YIL015W,9.317707022615807e-11
YER069W,YGL173C,1.6469017122267005e-11
YER069W,YDL225W,1.9128211316862646e-14
YER069W,YLR330W,9.408535062149781e-11
YER069W,YBR129C,3.845386891043745e-05
YER069W,YKR095W-A,0.2020167112350464
YER069W,YPR075C,6.573571131873734e-10
YER069W,YMR198W,7.72740205157163e-12
YER069W,YOR127W,3.342873355904885e-08
YER069W,YDR264C,0.00011925864237127826
YER069W,YLR110C,2.3967955983632272e-14
YER069W,YDR379W,8.091435965695837e-09
YER069W,YDL100C,1.4095409206688926e-14
YER069W,YHR073W,0.0007956352201290429
YER069W,YJR090C,1.815056020859629e-05
YER069W,YOR208W,4.813960795258025e-18
YER069W,YBR040W,2.969919329826639e-16
YER069W,YNL279W,0.0068289912305772305
YER069W,YER075C,5.225805004656012e-14
YER069W,YCR089W,5.7484360382886734e-08
YER069W,YCR002C,9.814292607768227e-12
YER069W,YJL108C,1.6705403282912812e-08
YER069W,YBR200W,7.434187931920633e-09
YER069W,YIL026C,2.525653997054178e-08
YER069W,YJR076C,3.372051715546526e-14
YER069W,YKR031C,3.443304807948522e-10
YER069W,YPL192C,0.11260908097028732
YER069W,YHR107C,1.2804862059567768e-08
YER069W,YIL037C,1.4264242998579535e-12
YER069W,YPL156C,1.454285484214779e-05
YER069W,YIL117C,7.694483071529756e-13
YER069W,YHR066W,1.2473230998413798e-13
YER069W,YML085C,2.6367092103435352e-12
YER069W,YML047C,1.4999030906182043e-09
YER069W,YDR312W,7.269919909125289e-12
YER069W,YFL037W,6.205055136376814e-09
YER069W,YDL038C,0.2020167112350464
YER069W,YDL039C,1.329997201780786e-12
YER069W,YCL027W,9.288849156519063e-08
YER069W,YML124C,3.7970357880112715e-07
YER069W,YGL053W,3.2884961420620584e-10
YER069W,YMR232W,4.628271028650488e-07
YER069W,YNL298W,1.3675101632679154e-12
YER069W,YGL099W,1.8802521388819327e-13
YER069W,YBL016W,2.0844017484256128e-11
YER069W,YAL041W,0.009769975207746029
YER069W,YDR085C,5.160966055559046e-13
YER069W,YPL187W,2.5237546651624143e-05
YER069W,YPL256C,9.297791892957583e-14
YER069W,YDR461W,3.241354761485127e-06
YER069W,YNL145W,3.302095749613265e-11
YGL067W,YDL165W,0.00042329219286330044
YGL067W,YGR059W,1.7892246262363187e-07
YGL067W,YBR109C,0.2993345558643341
YGL067W,YJL080C,9.987992655169364e-08
YGL067W,YCR093W,3.339814469427438e-08
YGL067W,YIL122W,4.649630511721625e-07
YGL067W,YCL029C,3.7665787914857585e-13
YGL067W,YNL173C,2.8767543902574744e-09
YGL067W,YLR452C,6.480204888248409e-07
YGL067W,YDL160C,3.1353928875432757e-07
YGL067W,YLR229C,8.418927222031414e-10
YGL067W,YML057W,6.368680756374534e-12
YGL067W,YER149C,8.717335731489584e-05
YGL067W,YMR305C,6.5783911651351445e-09
YGL067W,YLR433C,1.1011532023985637e-06
YGL067W,YJL073W,6.6040879431739086e-09
YGL067W,YGR279C,5.442087058327161e-05
YGL067W,YKL190W,0.0009415617678314447
YGL067W,YGL089C,0.9996042847633362
YGL067W,YJL019W,8.637608317485501e-08
YGL067W,YJL018W,0.0025940716732293367
YGL067W,YNR032C-A,0.013605206273496151
YGL067W,YGL178W,1.8358708331334128e-08
YGL067W,YKL116C,2.9736534656876756e-07
YGL067W,YDL214C,0.001466761459596455
YGL067W,YLR362W,3.3921431202149632e-12
YGL067W,YER068W,1.0369128631282365e-06
YGL067W,YHR084W,2.135939425329525e-09
YGL067W,YDR392W,3.819840912910877e-06
YGL067W,YNL053W,0.5862239599227905
YGL067W,YGR040W,0.00010196580115007237
YGL067W,YDL216C,4.763266758800455e-08
YGL067W,YOL117W,3.01451521522722e-08
YGL067W,YJR086W,5.335130026651314e-07
YGL067W,YMR025W,2.2241454825881052e-13
YGL067W,YBR081C,7.239792012114776e-06
YGL067W,YFL026W,2.827225398238653e-10
YGL067W,YHL007C,6.375012873149899e-08
YGL067W,YNR044W,1.958561568135564e-12
YGL067W,YNL271C,5.476534283843648e-07
YGL067W,YDR200C,2.1059324950556402e-08
YGL067W,YKL178C,4.514536300348482e-09
YGL067W,YOR212W,0.0012031650403514504
YGL067W,YOL111C,1.0831513463926967e-06
YGL067W,YGL032C,0.009497472085058689
YGL067W,YHR005C,1.0365851510485413e-09
YGL067W,YDR103W,0.0007819258025847375
YGL067W,YJR084W,1.2810962290998873e-09
YGL067W,YCL032W,0.16312812268733978
YGL067W,YJL170C,1.890212502075883e-07
YGL067W,YDR179C,2.135070870101785e-10
YGL067W,YBR095C,5.5656187991637296e-11
YGL067W,YLL021W,2.737577347033948e-07
YGL067W,YDL159W,1.5981099364854867e-13
YGL067W,YNL161W,0.3617318868637085
YGL067W,YNL188W,1.490140704163423e-07
YGL067W,YJL157C,0.0020105286967009306
YGL067W,YJL034W,6.129303002736805e-20
YGL067W,YLR238W,6.269064556363446e-07
YGL067W,YPR141C,8.375668585358653e-06
YGL067W,YNL127W,4.483506899077838e-09
YGL067W,YCL055W,1.0486025025721601e-12
YGL067W,YPR122W,7.267691216839012e-06
YGL067W,YMR065W,0.378402978181839
YGL067W,YDR356W,0.0001456757599953562
YGL067W,YMR052W,8.102847819796422e-13
YGL067W,YFR008W,1.412418737523069e-09
YGL067W,YLL043W,2.4412066118584264e-11
YGL067W,YMR029C,2.926535458414037e-09
YGL067W,YJR004C,5.739041739616368e-07
YGL067W,YDL223C,9.306386990383256e-16
YGL067W,YHR158C,3.377121160497154e-08
YGL067W,YGR238C,8.314946065013373e-09
YGL067W,YIL015W,4.409868650800952e-11
YGL067W,YGL173C,0.0010439596371725202
YGL067W,YDL225W,1.1868159162986558e-05
YGL067W,YLR330W,0.8812077045440674
YGL067W,YBR129C,1.0414572670924827e-07
YGL067W,YKR095W-A,0.2020167112350464
YGL067W,YPR075C,5.41408281054534e-14
YGL067W,YMR198W,5.113570699689929e-13
YGL067W,YOR127W,2.45590636716031e-09
YGL067W,YDR264C,0.05191408097743988
YGL067W,YLR110C,2.048220267170109e-05
YGL067W,YDR379W,1.139839866937109e-08
YGL067W,YDL100C,4.387300592267884e-11
YGL067W,YHR073W,1.342239244195298e-07
YGL067W,YJR090C,2.672631751465815e-07
YGL067W,YOR208W,9.293896319206851e-09
YGL067W,YBR040W,1.183677955651774e-08
YGL067W,YNL279W,4.248001062023832e-09
YGL067W,YER075C,4.085922711283274e-10
YGL067W,YCR089W,5.735980579402167e-09
YGL067W,YCR002C,0.010875806212425232
YGL067W,YJL108C,8.473003981634974e-05
YGL067W,YBR200W,1.9128586359329347e-07
YGL067W,YIL026C,8.305696974275634e-05
YGL067W,YJR076C,4.464997982722707e-05
YGL067W,YKR031C,2.1166954855544873e-09
YGL067W,YPL192C,3.8662838619529794e-07
YGL067W,YHR107C,6.127855556314898e-08
YGL067W,YIL037C,4.828427790926071e-07
YGL067W,YPL156C,0.00014287352678366005
YGL067W,YIL117C,1.969406191945633e-12
YGL067W,YHR066W,3.2975872466672884e-12
YGL067W,YML085C,1.811671381801716e-07
YGL067W,YML047C,6.679049693048e-05
YGL067W,YDR312W,1.3164462853154646e-09
YGL067W,YFL037W,1.4144587112241425e-05
YGL067W,YDL038C,0.2020167112350464
YGL067W,YDL039C,5.811272671962797e-07
YGL067W,YCL027W,2.928635334242813e-09
YGL067W,YML124C,0.07258740067481995
YGL067W,YGL053W,1.3937134866331968e-12
YGL067W,YMR232W,2.68179775275712e-07
YGL067W,YNL298W,2.6054015173603007e-14
YGL067W,YGL099W,4.572468181862632e-09
YGL067W,YBL016W,7.620176489808728e-08
YGL067W,YAL041W,4.163903668086277e-06
YGL067W,YDR085C,7.529858514487842e-09
YGL067W,YPL187W,2.9777289523025274e-09
YGL067W,YPL256C,2.502548168692442e-10
YGL067W,YDR461W,6.841902177256998e-06
YGL067W,YNL145W,2.8326743631623685e-05
YBR260C,YDL165W,1.5987852748367004e-06
YBR260C,YGR059W,0.0001832996349548921
YBR260C,YBR109C,2.0729693517296255e-07
YBR260C,YJL080C,5.5968298511288594e-06
YBR260C,YCR093W,0.6352378129959106
YBR260C,YIL122W,0.028966933488845825
YBR260C,YCL029C,9.074400963982043e-08
YBR260C,YNL173C,0.0161255095154047
YBR260C,YLR452C,0.0019862083718180656
YBR260C,YDL160C,2.8693609692709288e-06
YBR260C,YLR229C,0.48906219005584717
YBR260C,YML057W,2.4281540667026036e-10
YBR260C,YER149C,0.009708723984658718
YBR260C,YMR305C,4.001558045274578e-05
YBR260C,YLR433C,0.000128146682982333
YBR260C,YJL073W,7.140184152376605e-06
YBR260C,YGR279C,8.837498332962823e-13
YBR260C,YKL190W,6.070537892810535e-06
YBR260C,YGL089C,9.758249763791582e-10
YBR260C,YJL019W,0.0001123123656725511
YBR260C,YJL018W,0.0004476583853829652
YBR260C,YNR032C-A,0.005216546356678009
YBR260C,YGL178W,0.12228231877088547
YBR260C,YKL116C,5.647565899380425e-07
YBR260C,YDL214C,0.0007428249227814376
YBR260C,YLR362W,1.3417665201131967e-08
YBR260C,YER068W,1.0400552810096997e-06
YBR260C,YHR084W,0.011709596030414104
YBR260C,YDR392W,0.00010778889554785565
YBR260C,YNL053W,3.829422823287132e-08
YBR260C,YGR040W,8.38015057524899e-06
YBR260C,YDL216C,1.2734441279249609e-09
YBR260C,YOL117W,1.293905825150432e-05
YBR260C,YJR086W,3.857801857520826e-05
YBR260C,YMR025W,7.480833301087841e-05
YBR260C,YBR081C,0.028984876349568367
YBR260C,YFL026W,7.253126432793522e-10
YBR260C,YHL007C,0.002308489987626672
YBR260C,YNR044W,0.0003622331714723259
YBR260C,YNL271C,0.006183925550431013
YBR260C,YDR200C,3.7158756640565116e-06
YBR260C,YKL178C,0.02156524546444416
YBR260C,YOR212W,0.21406111121177673
YBR260C,YOL111C,2.7956875214840693e-07
YBR260C,YGL032C,1.5095204162207665e-06
YBR260C,YHR005C,1.2730516573355999e-05
YBR260C,YDR103W,6.287662057680166e-10
YBR260C,YJR084W,8.584694296587259e-05
YBR260C,YCL032W,1.9928735127905384e-05
YBR260C,YJL170C,3.7819188491994282e-06
YBR260C,YDR179C,3.968204007032648e-14
YBR260C,YBR095C,1.294171020349566e-10
YBR260C,YLL021W,5.571937435888685e-06
YBR260C,YDL159W,4.205892079056639e-09
YBR260C,YNL161W,0.002164397155866027
YBR260C,YNL188W,0.0003149335680063814
YBR260C,YJL157C,1.0854501297785646e-08
YBR260C,YJL034W,6.03677062827046e-06
YBR260C,YLR238W,0.00965919904410839
YBR260C,YPR141C,0.00012698961654677987
YBR260C,YNL127W,3.995099632447818e-06
YBR260C,YCL055W,1.8749923488825537e-12
YBR260C,YPR122W,0.4509148895740509
YBR260C,YMR065W,0.008816190995275974
YBR260C,YDR356W,1.101290854421677e-05
YBR260C,YMR052W,6.808335911046015e-06
YBR260C,YFR008W,1.6159489746314648e-07
YBR260C,YLL043W,7.54491520638112e-06
YBR260C,YMR029C,0.023226888850331306
YBR260C,YJR004C,8.796342626737896e-06
YBR260C,YDL223C,5.411692795276313e-12
YBR260C,YHR158C,0.061214037239551544
YBR260C,YGR238C,1.063090530806221e-05
YBR260C,YIL015W,0.00018348393496125937
YBR260C,YGL173C,0.00010538343485677615
YBR260C,YDL225W,5.940743452725883e-10
YBR260C,YLR330W,1.902315638346863e-08
YBR260C,YBR129C,8.548512653305806e-08
YBR260C,YKR095W-A,0.2020167112350464
YBR260C,YPR075C,2.7503296515241082e-11
YBR260C,YMR198W,4.951459686708404e-06
YBR260C,YOR127W,4.053349300647824e-08
YBR260C,YDR264C,1.0348259138481808e-07
YBR260C,YLR110C,1.887242445652859e-11
YBR260C,YDR379W,1.8368975361227058e-05
YBR260C,YDL100C,1.5959868449044734e-07
YBR260C,YHR073W,1.4511986591969617e-05
YBR260C,YJR090C,0.0547705702483654
YBR260C,YOR208W,5.204230935085263e-10
YBR260C,YBR040W,0.021219639107584953
YBR260C,YNL279W,3.7978398381710576e-07
YBR260C,YER075C,8.732249625609256e-07
YBR260C,YCR089W,0.0001592223852640018
YBR260C,YCR002C,3.483611726551317e-05
YBR260C,YJL108C,1.4470377891484532e-06
YBR260C,YBR200W,2.4186908831325127e-07
YBR260C,YIL026C,1.0615774499456165e-06
YBR260C,YJR076C,4.4035040502876655e-08
YBR260C,YKR031C,0.0003529806272126734
YBR260C,YPL192C,0.00027508314815349877
YBR260C,YHR107C,1.0682406355044805e-06
YBR260C,YIL037C,9.176407729682978e-06
YBR260C,YPL156C,7.1430643622250045e-09
YBR260C,YIL117C,6.890324755204347e-08
YBR260C,YHR066W,6.678229880208164e-08
YBR260C,YML085C,6.61755257169716e-05
YBR260C,YML047C,0.00038704933831468225
YBR260C,YDR312W,0.00017742780619300902
YBR260C,YFL037W,1.2571037586894818e-05
YBR260C,YDL038C,0.2020167112350464
YBR260C,YDL039C,3.1250924835109564e-14
YBR260C,YCL027W,1.6712607248337008e-05
YBR260C,YML124C,1.318560134677682e-05
YBR260C,YGL053W,4.798200166078459e-07
YBR260C,YMR232W,0.034302081912755966
YBR260C,YNL298W,5.6980134388595616e-08
YBR260C,YGL099W,0.317852646112442
YBR260C,YBL016W,4.582482393544751e-09
YBR260C,YAL041W,4.797033739123435e-07
YBR260C,YDR085C,1.0535925021315506e-08
YBR260C,YPL187W,0.006266279146075249
YBR260C,YPL256C,9.652941557192207e-09
YBR260C,YDR461W,0.0001712234370643273
YBR260C,YNL145W,0.0001051020371960476
YIR013C,YDL165W,4.171810985553748e-07
YIR013C,YGR059W,2.0255622334053487e-14
YIR013C,YBR109C,0.0021422714926302433
YIR013C,YJL080C,1.3499776851944034e-09
YIR013C,YCR093W,2.3804345647415737e-11
YIR013C,YIL122W,3.335179599162075e-08
YIR013C,YCL029C,3.932645528670342e-11
YIR013C,YNL173C,2.1758093993184957e-08
YIR013C,YLR452C,4.546640775515698e-05
YIR013C,YDL160C,3.604280367002985e-14
YIR013C,YLR229C,2.4222828604036906e-11
YIR013C,YML057W,5.005806966856818e-13
YIR013C,YER149C,0.01294497400522232
YIR013C,YMR305C,1.268204812276963e-07
YIR013C,YLR433C,0.0015459808055311441
YIR013C,YJL073W,4.201963383820839e-05
YIR013C,YGR279C,6.7618857180207215e-09
YIR013C,YKL190W,8.218535574311403e-11
YIR013C,YGL089C,2.6074398174445734e-14
YIR013C,YJL019W,2.6390714613633293e-10
YIR013C,YJL018W,0.001969266915693879
YIR013C,YNR032C-A,6.5357362473150715e-06
YIR013C,YGL178W,5.942502349573497e-13
YIR013C,YKL116C,1.6797901736254062e-08
YIR013C,YDL214C,1.2735290599863447e-09
YIR013C,YLR362W,8.622217961828937e-08
YIR013C,YER068W,1.4886360986565705e-05
YIR013C,YHR084W,3.413684979136633e-08
YIR013C,YDR392W,0.08270658552646637
YIR013C,YNL053W,2.6600321234582225e-07
YIR013C,YGR040W,1.823600905481726e-05
YIR013C,YDL216C,2.6821770006790757e-05
YIR013C,YOL117W,8.709538690254703e-08
YIR013C,YJR086W,5.133269951329567e-07
YIR013C,YMR025W,5.20682768012648e-08
YIR013C,YBR081C,8.526805572728335e-08
YIR013C,YFL026W,0.15881812572479248
YIR013C,YHL007C,0.0029244215693324804
YIR013C,YNR044W,0.0004460233903955668
YIR013C,YNL271C,8.900367248765306e-11
YIR013C,YDR200C,4.27787090302445e-05
YIR013C,YKL178C,6.071506075677746e-10
YIR013C,YOR212W,9.789857292885618e-12
YIR013C,YOL111C,7.348101917159511e-06
YIR013C,YGL032C,4.8026272452261765e-06
YIR013C,YHR005C,5.8064449082184666e-11
YIR013C,YDR103W,9.134624434636862e-08
YIR013C,YJR084W,1.004871478471614e-06
YIR013C,YCL032W,0.4115463197231293
YIR013C,YJL170C,1.7099722526836558e-06
YIR013C,YDR179C,3.2262471773986112e-12
YIR013C,YBR095C,0.0010935470927506685
YIR013C,YLL021W,7.295665536543455e-14
YIR013C,YDL159W,3.463246684987098e-07
YIR013C,YNL161W,0.0002388029679423198
YIR013C,YNL188W,5.970644867403507e-09
YIR013C,YJL157C,4.587600344052589e-08
YIR013C,YJL034W,6.577960290181373e-14
YIR013C,YLR238W,3.793403091645331e-11
YIR013C,YPR141C,0.17329692840576172
YIR013C,YNL127W,2.1451675991102093e-08
YIR013C,YCL055W,6.548184217081143e-09
YIR013C,YPR122W,1.707160990349621e-08
YIR013C,YMR065W,1.4930917613398265e-10
YIR013C,YDR356W,0.6316388249397278
YIR013C,YMR052W,2.2759306830266723e-06
YIR013C,YFR008W,1.0354453934269259e-06
YIR013C,YLL043W,3.8457903428934515e-05
YIR013C,YMR029C,7.47545664125937e-06
YIR013C,YJR004C,6.350882930661328e-09
YIR013C,YDL223C,6.537233254721997e-11
YIR013C,YHR158C,3.081861155163068e-12
YIR013C,YGR238C,2.1106068281984136e-10
YIR013C,YIL015W,8.018521839403547e-06
YIR013C,YGL173C,1.0924477464868687e-05
YIR013C,YDL225W,0.0002115954557666555
YIR013C,YLR330W,1.5856349122600477e-08
YIR013C,YBR129C,1.0853064850380179e-05
YIR013C,YKR095W-A,0.2020167112350464
YIR013C,YPR075C,5.294189023806462e-13
YIR013C,YMR198W,6.849736888803193e-10
YIR013C,YOR127W,0.00857534073293209
YIR013C,YDR264C,1.480829858735433e-08
YIR013C,YLR110C,1.4820010496574554e-10
YIR013C,YDR379W,9.548194457309478e-10
YIR013C,YDL100C,1.2797962689603537e-10
YIR013C,YHR073W,5.733559738096972e-10
YIR013C,YJR090C,1.601563465181144e-10
YIR013C,YOR208W,2.1347886999811827e-11
YIR013C,YBR040W,0.19673705101013184
YIR013C,YNL279W,3.452060469075202e-12
YIR013C,YER075C,9.523800486022083e-07
YIR013C,YCR089W,1.829875769139566e-15
YIR013C,YCR002C,0.00020149599004071206
YIR013C,YJL108C,2.837200341332391e-08
YIR013C,YBR200W,6.897681487316731e-06
YIR013C,YIL026C,1.1507709452018844e-08
YIR013C,YJR076C,1.0752865264862521e-09
YIR013C,YKR031C,1.0943009831620998e-09
YIR013C,YPL192C,1.6489163954247488e-06
YIR013C,YHR107C,9.589506589691155e-06
YIR013C,YIL037C,2.0099468964196454e-12
YIR013C,YPL156C,0.08891239762306213
YIR013C,YIL117C,1.6616128561963706e-07
YIR013C,YHR066W,4.869270560448058e-05
YIR013C,YML085C,1.5221955917965602e-09
YIR013C,YML047C,2.244022884179131e-10
YIR013C,YDR312W,0.0002528951154090464
YIR013C,YFL037W,1.347582712085682e-09
YIR013C,YDL038C,0.2020167112350464
YIR013C,YDL039C,8.909033510917652e-10
YIR013C,YCL027W,2.642286985828676e-16
YIR013C,YML124C,2.189328301982485e-10
YIR013C,YGL053W,1.9002801554535154e-09
YIR013C,YMR232W,9.19031452502328e-13
YIR013C,YNL298W,1.8604071616579176e-09
YIR013C,YGL099W,4.904562089791398e-08
YIR013C,YBL016W,1.860006371146028e-09
YIR013C,YAL041W,0.00012185462401248515
YIR013C,YDR085C,9.75662075575201e-08
YIR013C,YPL187W,6.424822895922944e-10
YIR013C,YPL256C,2.636838303260447e-07
YIR013C,YDR461W,0.002792562125250697
YIR013C,YNL145W,0.2166706770658493
YOL020W,YDL165W,6.613084524431656e-10
YOL020W,YGR059W,7.954668399179354e-05
YOL020W,YBR109C,3.1629605184990695e-11
YOL020W,YJL080C,7.635233032488031e-07
YOL020W,YCR093W,3.80696008051018e-07
YOL020W,YIL122W,3.395756356091911e-15
YOL020W,YCL029C,7.207864837255329e-05
YOL020W,YNL173C,1.9359558037614424e-14
YOL020W,YLR452C,3.662679534666147e-11
YOL020W,YDL160C,1.496460981798009e-07
YOL020W,YLR229C,8.390181847062195e-07
YOL020W,YML057W,1.8451828588714233e-17
YOL020W,YER149C,2.8033118937287327e-08
YOL020W,YMR305C,3.580125562327452e-12
YOL020W,YLR433C,1.7387370432331295e-09
YOL020W,YJL073W,2.9380266285752998e-18
YOL020W,YGR279C,9.588993661602263e-12
YOL020W,YKL190W,9.170660632662475e-06
YOL020W,YGL089C,0.033793944865465164
YOL020W,YJL019W,4.410423571243882e-05
YOL020W,YJL018W,0.000144254372571595
YOL020W,YNR032C-A,0.005582039710134268
YOL020W,YGL178W,1.532360016653911e-08
YOL020W,YKL116C,3.493425992928678e-08
YOL020W,YDL214C,1.7550042684888467e-05
YOL020W,YLR362W,4.423248156637527e-10
YOL020W,YER068W,1.1421614544815384e-05
YOL020W,YHR084W,1.0447420706327648e-11
YOL020W,YDR392W,3.264162273808324e-10
YOL020W,YNL053W,1.8980425693371217e-06
YOL020W,YGR040W,3.18140314448101e-06
YOL020W,YDL216C,6.146520514782594e-10
YOL020W,YOL117W,4.137995068126399e-12
YOL020W,YJR086W,3.2437646318994595e-12
YOL020W,YMR025W,1.9056807455848646e-13
YOL020W,YBR081C,2.2303533242507e-08
YOL020W,YFL026W,8.455283584396511e-09
YOL020W,YHL007C,6.283887296262418e-17
YOL020W,YNR044W,2.448237346186488e-08
YOL020W,YNL271C,2.2262430614261586e-12
YOL020W,YDR200C,7.419852732226673e-09
YOL020W,YKL178C,0.0007102630916051567
YOL020W,YOR212W,2.4005808452187694e-09
YOL020W,YOL111C,1.7385428166538652e-11
YOL020W,YGL032C,9.757698850174556e-16
YOL020W,YHR005C,1.1604365113271342e-07
YOL020W,YDR103W,9.265249678591658e-11
YOL020W,YJR084W,5.840686156943775e-08
YOL020W,YCL032W,3.2003756198981104e-13
YOL020W,YJL170C,1.0143844519916456e-05
YOL020W,YDR179C,9.638747542339843e-07
YOL020W,YBR095C,1.7179761613306255e-08
YOL020W,YLL021W,2.330961557106548e-08
YOL020W,YDL159W,7.722573275303901e-11
YOL020W,YNL161W,1.6697787900629701e-12
YOL020W,YNL188W,5.26378884924128e-10
YOL020W,YJL157C,6.315100894473125e-14
YOL020W,YJL034W,2.7883110317178383e-12
YOL020W,YLR238W,1.8733123496872395e-08
YOL020W,YPR141C,8.290992198345393e-11
YOL020W,YNL127W,7.691413062005381e-10
YOL020W,YCL055W,1.53008224945485e-19
YOL020W,YPR122W,1.5499846961475328e-09
YOL020W,YMR065W,3.592755259962388e-11
YOL020W,YDR356W,2.367738505260064e-10
YOL020W,YMR052W,0.1121562123298645
YOL020W,YFR008W,0.48025190830230713
YOL020W,YLL043W,1.4305608267604843e-15
YOL020W,YMR029C,2.4175045645891124e-12
YOL020W,YJR004C,5.496529620341306e-11
YOL020W,YDL223C,4.587039949266458e-12
YOL020W,YHR158C,2.011293176451545e-08
YOL020W,YGR238C,7.919377827125818e-12
YOL020W,YIL015W,1.685387587713194e-06
YOL020W,YGL173C,2.0895199668302666e-06
YOL020W,YDL225W,6.205552836036077e-06
YOL020W,YLR330W,4.8759453363800276e-08
YOL020W,YBR129C,5.548411063927006e-09
YOL020W,YKR095W-A,0.2020167112350464
YOL020W,YPR075C,1.3519206865098e-09
YOL020W,YMR198W,4.2164966629343326e-08
YOL020W,YOR127W,1.6034357841476776e-08
YOL020W,YDR264C,4.100166606235689e-08
YOL020W,YLR110C,0.0007391636027023196
YOL020W,YDR379W,6.5386511309550865e-12
YOL020W,YDL100C,9.43393629881939e-09
YOL020W,YHR073W,4.76036488006315e-10
YOL020W,YJR090C,1.4456595920364634e-09
YOL020W,YOR208W,1.0616316359346456e-07
YOL020W,YBR040W,0.0010263709118589759
YOL020W,YNL279W,0.004396122880280018
YOL020W,YER075C,1.5552635401561307e-18
YOL020W,YCR089W,1.5580889443228552e-12
YOL020W,YCR002C,3.119536131634959e-06
YOL020W,YJL108C,2.6423037369216473e-11
YOL020W,YBR200W,1.1044508189950175e-11
YOL020W,YIL026C,1.7460722537970819e-12
YOL020W,YJR076C,1.768483415265365e-10
YOL020W,YKR031C,7.262684377506989e-12
YOL020W,YPL192C,3.278697491282401e-08
YOL020W,YHR107C,6.745143110720164e-08
YOL020W,YIL037C,1.3687603939160908e-08
YOL020W,YPL156C,7.063498941306534e-08
YOL020W,YIL117C,1.8795863070408814e-05
YOL020W,YHR066W,5.762218894638706e-17
YOL020W,YML085C,2.0970691849697687e-09
YOL020W,YML047C,2.8064089680618354e-12
YOL020W,YDR312W,4.95425070986508e-16
YOL020W,YFL037W,6.308419897571582e-10
YOL020W,YDL038C,0.2020167112350464
YOL020W,YDL039C,1.4234501175171824e-17
YOL020W,YCL027W,0.015135147608816624
YOL020W,YML124C,1.2972793683729833e-07
YOL020W,YGL053W,2.808441877277801e-06
YOL020W,YMR232W,4.994364602060267e-16
YOL020W,YNL298W,9.283072088805966e-09
YOL020W,YGL099W,2.342418522604389e-13
YOL020W,YBL016W,8.957883669861652e-14
YOL020W,YAL041W,3.248613111850318e-08
YOL020W,YDR085C,2.7187426894670352e-05
YOL020W,YPL187W,1.8705755792325363e-05
YOL020W,YPL256C,3.2558564733164985e-09
YOL020W,YDR461W,2.881766684005929e-14
YOL020W,YNL145W,6.0118675886307055e-15
YDL235C,YDL165W,0.13591711223125458
YDL235C,YGR059W,0.0006319103995338082
YDL235C,YBR109C,9.751699508342426e-06
YDL235C,YJL080C,3.936994471587241e-05
YDL235C,YCR093W,0.00037319102557376027
YDL235C,YIL122W,0.00030267401598393917
YDL235C,YCL029C,4.951797305530192e-11
YDL235C,YNL173C,9.853357187239453e-05
YDL235C,YLR452C,0.9556208252906799
YDL235C,YDL160C,1.994083760337162e-07
YDL235C,YLR229C,2.3953312222602108e-08
YDL235C,YML057W,2.395037723701421e-09
YDL235C,YER149C,0.9605184197425842
YDL235C,YMR305C,1.3881217356126463e-11
YDL235C,YLR433C,9.881910045805853e-07
YDL235C,YJL073W,2.1046986375949928e-09
YDL235C,YGR279C,5.282845813781023e-05
YDL235C,YKL190W,1.6397662250255962e-07
YDL235C,YGL089C,0.8390997648239136
YDL235C,YJL019W,1.3171341650289056e-17
YDL235C,YJL018W,0.00045539141865447164
YDL235C,YNR032C-A,0.9982288479804993
YDL235C,YGL178W,4.024062150165264e-07
YDL235C,YKL116C,3.656244057514968e-11
YDL235C,YDL214C,0.0012214512098580599
YDL235C,YLR362W,9.498876837009396e-14
YDL235C,YER068W,1.6455309378216043e-05
YDL235C,YHR084W,1.0382249229223817e-06
YDL235C,YDR392W,0.00016562987002544105
YDL235C,YNL053W,8.563445419440541e-08
YDL235C,YGR040W,0.01335201971232891
YDL235C,YDL216C,0.8557760715484619
YDL235C,YOL117W,2.2805547672533066e-08
YDL235C,YJR086W,3.325108627905138e-05
YDL235C,YMR025W,4.188226154777652e-12
YDL235C,YBR081C,8.907648663125656e-08
YDL235C,YFL026W,0.0005425858544185758
YDL235C,YHL007C,4.4483464023414854e-08
YDL235C,YNR044W,0.9880878329277039
YDL235C,YNL271C,5.007591607864015e-05
YDL235C,YDR200C,0.00022601892123930156
YDL235C,YKL178C,0.09514155983924866
YDL235C,YOR212W,4.7238745537470095e-06
YDL235C,YOL111C,4.970379576668682e-12
YDL235C,YGL032C,5.637762569676852e-06
YDL235C,YHR005C,0.00031368673080578446
YDL235C,YDR103W,3.817639662884176e-05
YDL235C,YJR084W,1.1684085620800033e-05
YDL235C,YCL032W,4.250130247740458e-10
YDL235C,YJL170C,0.10655304044485092
YDL235C,YDR179C,4.7263118176488206e-05
YDL235C,YBR095C,0.340471088886261
YDL235C,YLL021W,2.852237412298564e-05
YDL235C,YDL159W,2.327163883819594e-07
YDL235C,YNL161W,0.9983546137809753
YDL235C,YNL188W,7.186271022696644e-10
YDL235C,YJL157C,3.5697426028491464e-06
YDL235C,YJL034W,4.237713235877294e-10
YDL235C,YLR238W,1.6761055876557407e-09
YDL235C,YPR141C,1.2850975839029388e-09
YDL235C,YNL127W,0.003649988677352667
YDL235C,YCL055W,0.0115361288189888
YDL235C,YPR122W,0.3037189841270447
YDL235C,YMR065W,0.7930417060852051
YDL235C,YDR356W,4.468532097234856e-06
YDL235C,YMR052W,1.723519638119342e-08
YDL235C,YFR008W,2.1909985662205145e-05
YDL235C,YLL043W,4.9674060004223364e-11
YDL235C,YMR029C,0.9123702049255371
YDL235C,YJR004C,7.069077696542081e-07
YDL235C,YDL223C,3.253068745982808e-17
YDL235C,YHR158C,0.0002877006772905588
YDL235C,YGR238C,8.522090411133831e-08
YDL235C,YIL015W,1.6648914424877148e-06
YDL235C,YGL173C,0.003397818421944976
YDL235C,YDL225W,3.2768919481895864e-05
YDL235C,YLR330W,2.906525651269476e-07
YDL235C,YBR129C,8.217125287046656e-05
YDL235C,YKR095W-A,0.2020167112350464
YDL235C,YPR075C,0.045360639691352844
YDL235C,YMR198W,6.383613799698651e-05
YDL235C,YOR127W,0.0016669322503730655
YDL235C,YDR264C,7.26280632079579e-05
YDL235C,YLR110C,1.793818132228564e-12
YDL235C,YDR379W,0.046108443289995193
YDL235C,YDL100C,6.7022045691089716e-09
YDL235C,YHR073W,0.0002532131038606167
YDL235C,YJR090C,1.3588374940809445e-06
YDL235C,YOR208W,8.226242370412896e-17
YDL235C,YBR040W,0.14900986850261688
YDL235C,YNL279W,0.010716082528233528
YDL235C,YER075C,4.597404404194094e-05
YDL235C,YCR089W,0.003236197168007493
YDL235C,YCR002C,0.00040578225161880255
YDL235C,YJL108C,0.16216503083705902
YDL235C,YBR200W,0.06648491322994232
YDL235C,YIL026C,4.520157744991593e-06
YDL235C,YJR076C,6.0065802244935185e-05
YDL235C,YKR031C,9.065081324477475e-11
YDL235C,YPL192C,2.2420655554356017e-08
YDL235C,YHR107C,1.3321198366611497e-08
YDL235C,YIL037C,0.17552867531776428
YDL235C,YPL156C,8.274570063804276e-06
YDL235C,YIL117C,2.5686620119813597e-07
YDL235C,YHR066W,6.8753715822822414e-06
YDL235C,YML085C,9.077813879017262e-15
YDL235C,YML047C,0.0014349649427458644
YDL235C,YDR312W,5.154236077942187e-07
YDL235C,YFL037W,1.4258988585424959e-06
YDL235C,YDL038C,0.2020167112350464
YDL235C,YDL039C,1.7883326108858455e-07
YDL235C,YCL027W,0.0006700471276417375
YDL235C,YML124C,2.0781623644161584e-10
YDL235C,YGL053W,1.7245454841940955e-08
YDL235C,YMR232W,0.0134916165843606
YDL235C,YNL298W,2.4116018210174062e-11
YDL235C,YGL099W,4.594859649015293e-12
YDL235C,YBL016W,1.1103671937462423e-07
YDL235C,YAL041W,6.419261353585171e-07
YDL235C,YDR085C,8.562804687528569e-09
YDL235C,YPL187W,2.526314347051084e-05
YDL235C,YPL256C,1.3335885729048869e-09
YDL235C,YDR461W,3.711462071009919e-08
YDL235C,YNL145W,3.3271774224630235e-10
YLL005C,YDL165W,1.1274323696852662e-09
YLL005C,YGR059W,0.12118491530418396
YLL005C,YBR109C,1.6644075007121728e-09
YLL005C,YJL080C,7.4333090793743395e-09
YLL005C,YCR093W,1.8770203169538036e-09
YLL005C,YIL122W,5.998888497060761e-08
YLL005C,YCL029C,0.0015313931507989764
YLL005C,YNL173C,1.8225639664137816e-08
YLL005C,YLR452C,0.994040310382843
YLL005C,YDL160C,3.705280349208806e-08
YLL005C,YLR229C,6.609889169340022e-06
YLL005C,YML057W,2.8459893997023755e-07
YLL005C,YER149C,0.00022673876082990319
YLL005C,YMR305C,3.884100078721531e-05
YLL005C,YLR433C,0.0026134876534342766
YLL005C,YJL073W,1.4099507117393273e-09
YLL005C,YGR279C,0.00015958808944560587
YLL005C,YKL190W,6.575470479219803e-07
YLL005C,YGL089C,0.18159444630146027
YLL005C,YJL019W,2.9347789677558467e-05
YLL005C,YJL018W,0.006051418837159872
YLL005C,YNR032C-A,1.1137885280732007e-07
YLL005C,YGL178W,8.39571948745288e-05
YLL005C,YKL116C,1.6379338163563517e-10
YLL005C,YDL214C,5.503340798895806e-05
YLL005C,YLR362W,1.4657651981053732e-08
YLL005C,YER068W,5.724832163878091e-09
YLL005C,YHR084W,4.954227961206925e-07
YLL005C,YDR392W,0.00038122342084534466
YLL005C,YNL053W,1.0202150406257715e-05
YLL005C,YGR040W,0.001365612493827939
YLL005C,YDL216C,2.0347667994968788e-10
YLL005C,YOL117W,6.762052398058549e-13
YLL005C,YJR086W,9.214587043970823e-05
YLL005C,YMR025W,0.00010375057172495872
YLL005C,YBR081C,6.999258772566463e-08
YLL005C,YFL026W,0.0029196785762906075
YLL005C,YHL007C,8.251612598542124e-05
YLL005C,YNR044W,3.916290734196082e-05
YLL005C,YNL271C,2.1706203767735133e-07
YLL005C,YDR200C,1.5453338164661545e-07
YLL005C,YKL178C,0.00722192507237196
YLL005C,YOR212W,1.5478382464628737e-11
YLL005C,YOL111C,5.413218159312783e-13
YLL005C,YGL032C,0.9596433043479919
YLL005C,YHR005C,8.741271053346045e-13
YLL005C,YDR103W,1.0792310831675422e-06
YLL005C,YJR084W,0.00015986710786819458
YLL005C,YCL032W,2.737367832406079e-10
YLL005C,YJL170C,1.0747631904450827e-06
YLL005C,YDR179C,1.4529533700624597e-06
YLL005C,YBR095C,4.029977393460449e-11
YLL005C,YLL021W,1.3645374608017846e-08
YLL005C,YDL159W,3.7486902471073336e-09
YLL005C,YNL161W,7.464778279677001e-17
YLL005C,YNL188W,7.148094482545275e-06
YLL005C,YJL157C,0.018300967290997505
YLL005C,YJL034W,1.1229641661003598e-09
YLL005C,YLR238W,6.639581329181965e-07
YLL005C,YPR141C,0.00041425650124438107
YLL005C,YNL127W,1.4178555248281488e-12
YLL005C,YCL055W,0.010907208546996117
YLL005C,YPR122W,0.013153182342648506
YLL005C,YMR065W,0.0037428983487188816
YLL005C,YDR356W,1.576052532925587e-08
YLL005C,YMR052W,9.74340423454123e-07
YLL005C,YFR008W,0.8452088832855225
YLL005C,YLL043W,3.5901503124546874e-12
YLL005C,YMR029C,2.398056753172284e-11
YLL005C,YJR004C,4.398536396221786e-11
YLL005C,YDL223C,7.08065556409565e-07
YLL005C,YHR158C,3.8780294080165145e-12
YLL005C,YGR238C,9.045781916938722e-05
YLL005C,YIL015W,0.0006666305125690997
YLL005C,YGL173C,9.454853966417431e-08
YLL005C,YDL225W,0.04134177044034004
YLL005C,YLR330W,2.364935747234398e-10
YLL005C,YBR129C,2.1913011405416682e-09
YLL005C,YKR095W-A,0.2020167112350464
YLL005C,YPR075C,2.8652438199827657e-09
YLL005C,YMR198W,1.615647488506511e-05
YLL005C,YOR127W,2.232314111338951e-09
YLL005C,YDR264C,1.8480045271829226e-09
YLL005C,YLR110C,0.47147899866104126
YLL005C,YDR379W,0.003364982781931758
YLL005C,YDL100C,3.599232343276526e-07
YLL005C,YHR073W,5.540318759322815e-10
YLL005C,YJR090C,3.204947765511612e-11
YLL005C,YOR208W,0.0013566783163696527
YLL005C,YBR040W,0.00016673002392053604
YLL005C,YNL279W,4.4695818360196427e-05
YLL005C,YER075C,0.02181275561451912
YLL005C,YCR089W,1.7897522006093958e-11
YLL005C,YCR002C,2.663464044871944e-07
YLL005C,YJL108C,0.07949117571115494
YLL005C,YBR200W,0.955474317073822
YLL005C,YIL026C,1.5588850033054769e-07
YLL005C,YJR076C,9.518897172711149e-07
YLL005C,YKR031C,5.800442977488274e-06
YLL005C,YPL192C,0.7359227538108826
YLL005C,YHR107C,1.606003388587851e-05
YLL005C,YIL037C,9.564577112541883e-07
YLL005C,YPL156C,8.402192861467483e-07
YLL005C,YIL117C,4.174922560440386e-12
YLL005C,YHR066W,2.4259352926492284e-07
YLL005C,YML085C,2.252161976912248e-07
YLL005C,YML047C,0.024055248126387596
YLL005C,YDR312W,0.7694982886314392
YLL005C,YFL037W,0.0015523370821028948
YLL005C,YDL038C,0.2020167112350464
YLL005C,YDL039C,6.21186427451903e-06
YLL005C,YCL027W,2.356529762437276e-07
YLL005C,YML124C,1.1234643437774139e-07
YLL005C,YGL053W,3.4876165844188733e-10
YLL005C,YMR232W,0.005671373102813959
YLL005C,YNL298W,0.0044023883529007435
YLL005C,YGL099W,0.0466996505856514
YLL005C,YBL016W,0.0010520261712372303
YLL005C,YAL041W,5.61085116146387e-08
YLL005C,YDR085C,0.011828688904643059
YLL005C,YPL187W,3.865689990334431e-08
YLL005C,YPL256C,4.863012215139406e-10
YLL005C,YDR461W,0.9068900942802429
YLL005C,YNL145W,2.7343010078340058e-09
YBR012W-B,YDL165W,1.3254528030692825e-10
YBR012W-B,YGR059W,8.539925329387188e-05
YBR012W-B,YBR109C,3.7934273677819874e-07
YBR012W-B,YJL080C,0.07408305257558823
YBR012W-B,YCR093W,1.3124449083079526e-07
YBR012W-B,YIL122W,0.00048104155575856566
YBR012W-B,YCL029C,0.007049184292554855
YBR012W-B,YNL173C,1.7613256044765125e-15
YBR012W-B,YLR452C,0.00013765555922873318
YBR012W-B,YDL160C,2.3881520974100567e-05
YBR012W-B,YLR229C,0.06269727647304535
YBR012W-B,YML057W,5.8854089577374275e-15
YBR012W-B,YER149C,1.035701746587847e-09
YBR012W-B,YMR305C,0.001384024042636156
YBR012W-B,YLR433C,0.0005111704231239855
YBR012W-B,YJL073W,9.653976462686842e-08
YBR012W-B,YGR279C,0.0001207615205203183
YBR012W-B,YKL190W,2.934866216719456e-08
YBR012W-B,YGL089C,5.315824819263071e-05
YBR012W-B,YJL019W,1.2489718415054085e-07
YBR012W-B,YJL018W,0.021960647776722908
YBR012W-B,YNR032C-A,6.46548141958192e-05
YBR012W-B,YGL178W,2.7955914561061945e-07
YBR012W-B,YKL116C,4.1304074960626935e-13
YBR012W-B,YDL214C,4.564704170206824e-09
YBR012W-B,YLR362W,1.6242637790320202e-10
YBR012W-B,YER068W,1.0467849155570193e-14
YBR012W-B,YHR084W,0.00603260425850749
YBR012W-B,YDR392W,5.7716637025251316e-11
YBR012W-B,YNL053W,5.482534106704406e-07
YBR012W-B,YGR040W,1.0162793842027895e-06
YBR012W-B,YDL216C,8.53863380001485e-09
YBR012W-B,YOL117W,3.1001831418860093e-13
YBR012W-B,YJR086W,7.808013784138534e-12
YBR012W-B,YMR025W,1.4868220432617818e-06
YBR012W-B,YBR081C,3.1512777809439285e-07
YBR012W-B,YFL026W,1.897865217870276e-06
YBR012W-B,YHL007C,5.550091941586288e-07
YBR012W-B,YNR044W,0.9682738780975342
YBR012W-B,YNL271C,7.823196028766688e-07
YBR012W-B,YDR200C,8.756515651464625e-11
YBR012W-B,YKL178C,2.8132808438385837e-07
YBR012W-B,YOR212W,0.0005121646099723876
YBR012W-B,YOL111C,2.8070178359485e-07
YBR012W-B,YGL032C,0.19337216019630432
YBR012W-B,YHR005C,0.009183457121253014
YBR012W-B,YDR103W,6.712532012898009e-06
YBR012W-B,YJR084W,1.821839068494313e-10
YBR012W-B,YCL032W,2.5741123642342156e-12
YBR012W-B,YJL170C,1.5497598724323325e-06
YBR012W-B,YDR179C,8.973099346887281e-11
YBR012W-B,YBR095C,0.007771368138492107
YBR012W-B,YLL021W,0.00013246470189187676
YBR012W-B,YDL159W,1.0845917586266296e-07
YBR012W-B,YNL161W,1.7673041918797594e-09
YBR012W-B,YNL188W,0.4669879972934723
YBR012W-B,YJL157C,0.9603330492973328
YBR012W-B,YJL034W,1.0722023269238434e-09
YBR012W-B,YLR238W,5.411048391579243e-07
YBR012W-B,YPR141C,1.1584085253535381e-11
YBR012W-B,YNL127W,4.0261691203191674e-10
YBR012W-B,YCL055W,8.131275421874307e-07
YBR012W-B,YPR122W,5.243485702521866e-06
YBR012W-B,YMR065W,3.0108752980595455e-05
YBR012W-B,YDR356W,1.8794185052684043e-07
YBR012W-B,YMR052W,6.251756872188707e-07
YBR012W-B,YFR008W,9.294016667382721e-10
YBR012W-B,YLL043W,0.0005894436035305262
YBR012W-B,YMR029C,4.481672324918584e-11
YBR012W-B,YJR004C,1.4895852018526057e-07
YBR012W-B,YDL223C,6.039428346668466e-15
YBR012W-B,YHR158C,2.442787971901339e-09
YBR012W-B,YGR238C,6.938177254944833e-10
YBR012W-B,YIL015W,1.7338817997369915e-05
YBR012W-B,YGL173C,9.094210895455035e-07
YBR012W-B,YDL225W,4.730255298568409e-09
YBR012W-B,YLR330W,7.41279973226483e-06
YBR012W-B,YBR129C,4.970123512748614e-08
YBR012W-B,YKR095W-A,0.2020167112350464
YBR012W-B,YPR075C,8.070679846270638e-15
YBR012W-B,YMR198W,3.2885086320710855e-10
YBR012W-B,YOR127W,0.016644852235913277
YBR012W-B,YDR264C,2.384635457847173e-13
YBR012W-B,YLR110C,0.0005553917726501822
YBR012W-B,YDR379W,5.246794643198882e-08
YBR012W-B,YDL100C,6.901814120219285e-10
YBR012W-B,YHR073W,1.2101376567486e-09
YBR012W-B,YJR090C,3.612050369634738e-14
YBR012W-B,YOR208W,0.00046285655116662383
YBR012W-B,YBR040W,0.0016438389429822564
YBR012W-B,YNL279W,4.359217200544663e-05
YBR012W-B,YER075C,0.09051190316677094
YBR012W-B,YCR089W,5.7243792980443686e-05
YBR012W-B,YCR002C,6.89366925143986e-06
YBR012W-B,YJL108C,3.029556182809756e-06
YBR012W-B,YBR200W,7.324932218936986e-14
YBR012W-B,YIL026C,1.3195918135977536e-08
YBR012W-B,YJR076C,2.2926958990865387e-05
YBR012W-B,YKR031C,1.31091555886087e-05
YBR012W-B,YPL192C,1.4447074363488355e-06
YBR012W-B,YHR107C,1.4841799611531314e-06
YBR012W-B,YIL037C,0.4739992916584015
YBR012W-B,YPL156C,4.344695980762481e-07
YBR012W-B,YIL117C,2.055819577073681e-11
YBR012W-B,YHR066W,7.014394941506907e-05
YBR012W-B,YML085C,3.046814356366667e-07
YBR012W-B,YML047C,3.538235614541918e-05
YBR012W-B,YDR312W,0.027885181829333305
YBR012W-B,YFL037W,0.00045942480210214853
YBR012W-B,YDL038C,0.2020167112350464
YBR012W-B,YDL039C,2.7072451302956324e-07
YBR012W-B,YCL027W,4.0695274947211146e-05
YBR012W-B,YML124C,8.719665267609145e-11
YBR012W-B,YGL053W,1.3595481684891553e-10
YBR012W-B,YMR232W,6.523822958115488e-05
YBR012W-B,YNL298W,3.0441879061982036e-06
YBR012W-B,YGL099W,3.992391066276468e-05
YBR012W-B,YBL016W,1.8911021470557898e-05
YBR012W-B,YAL041W,7.72703057094759e-09
YBR012W-B,YDR085C,1.4682208870908653e-07
YBR012W-B,YPL187W,0.002531725447624922
YBR012W-B,YPL256C,0.0028262026607990265
YBR012W-B,YDR461W,0.00402719946578145
YBR012W-B,YNL145W,0.11039751023054123
YBL024W,YDL165W,0.958460807800293
YBL024W,YGR059W,7.725036994088441e-06
YBL024W,YBR109C,4.876833941125369e-07
YBL024W,YJL080C,0.10437243431806564
YBL024W,YCR093W,0.08663278073072433
YBL024W,YIL122W,0.0009844116866588593
YBL024W,YCL029C,1.2883541889580075e-13
YBL024W,YNL173C,9.273841715184972e-05
YBL024W,YLR452C,0.7486382722854614
YBL024W,YDL160C,0.13930833339691162
YBL024W,YLR229C,0.06498250365257263
YBL024W,YML057W,1.1226770516925902e-13
YBL024W,YER149C,2.8911327376590634e-07
YBL024W,YMR305C,0.004397180862724781
YBL024W,YLR433C,1.6767140564866168e-08
YBL024W,YJL073W,2.6377440813171726e-13
YBL024W,YGR279C,0.9934915900230408
YBL024W,YKL190W,0.4385542571544647
YBL024W,YGL089C,0.9983395338058472
YBL024W,YJL019W,0.00011151209764648229
YBL024W,YJL018W,0.00013685875455848873
YBL024W,YNR032C-A,0.00014455206110142171
YBL024W,YGL178W,0.030392974615097046
YBL024W,YKL116C,2.7699368843059347e-07
YBL024W,YDL214C,0.9929918050765991
YBL024W,YLR362W,1.2243361879882286e-06
YBL024W,YER068W,1.0874656254600268e-05
YBL024W,YHR084W,2.6449611598144962e-11
YBL024W,YDR392W,0.016931762918829918
YBL024W,YNL053W,0.39087554812431335
YBL024W,YGR040W,1.6618409063084982e-05
YBL024W,YDL216C,0.008690610527992249
YBL024W,YOL117W,2.8687653381292977e-13
YBL024W,YJR086W,0.999527096748352
YBL024W,YMR025W,0.9972798824310303
YBL024W,YBR081C,0.9809128642082214
YBL024W,YFL026W,0.15067771077156067
YBL024W,YHL007C,4.582177953044164e-12
YBL024W,YNR044W,0.00011836091289296746
YBL024W,YNL271C,0.9920018911361694
YBL024W,YDR200C,6.883993108885988e-08
YBL024W,YKL178C,0.023238109424710274
YBL024W,YOR212W,1.862288081611041e-05
YBL024W,YOL111C,1.1441792935329431e-07
YBL024W,YGL032C,6.165380650458019e-09
YBL024W,YHR005C,0.9892066717147827
YBL024W,YDR103W,0.8790973424911499
YBL024W,YJR084W,1.6225090803345665e-05
YBL024W,YCL032W,3.473633114481345e-05
YBL024W,YJL170C,0.9999990463256836
YBL024W,YDR179C,1.523636777471727e-16
YBL024W,YBR095C,2.1016434459397715e-07
YBL024W,YLL021W,0.0008081371779553592
YBL024W,YDL159W,2.2854882049394565e-12
YBL024W,YNL161W,0.143446147441864
YBL024W,YNL188W,6.243112875381485e-05
YBL024W,YJL157C,2.7618027864662054e-09
YBL024W,YJL034W,3.3033753479374148e-18
YBL024W,YLR238W,0.09807392209768295
YBL024W,YPR141C,0.019714975729584694
YBL024W,YNL127W,0.002272617071866989
YBL024W,YCL055W,1.63728491315851e-05
YBL024W,YPR122W,0.0027116332203149796
YBL024W,YMR065W,0.8939451575279236
YBL024W,YDR356W,0.9996939897537231
YBL024W,YMR052W,0.33406078815460205
YBL024W,YFR008W,2.353324271098245e-05
YBL024W,YLL043W,0.055647484958171844
YBL024W,YMR029C,0.0029772527050226927
YBL024W,YJR004C,0.000486973236547783
YBL024W,YDL223C,1.2081210660763078e-18
YBL024W,YHR158C,0.004972959868609905
YBL024W,YGR238C,2.761761739439317e-12
YBL024W,YIL015W,0.9997298121452332
YBL024W,YGL173C,0.0155486473813653
YBL024W,YDL225W,0.000300891901133582
YBL024W,YLR330W,1.6984980089063129e-09
YBL024W,YBR129C,1.3270174292756565e-08
YBL024W,YKR095W-A,0.2020167112350464
YBL024W,YPR075C,2.8167971777293133e-06
YBL024W,YMR198W,1.0425524266111097e-07
YBL024W,YOR127W,5.840071537477343e-09
YBL024W,YDR264C,0.9631633758544922
YBL024W,YLR110C,0.9474504590034485
YBL024W,YDR379W,7.004726967352326e-07
YBL024W,YDL100C,0.0011695559369400144
YBL024W,YHR073W,3.653454427876568e-08
YBL024W,YJR090C,0.01578087918460369
YBL024W,YOR208W,1.3310843314684462e-05
YBL024W,YBR040W,0.9990090131759644
YBL024W,YNL279W,0.004697246477007866
YBL024W,YER075C,1.2264349606994074e-05
YBL024W,YCR089W,0.028984352946281433
YBL024W,YCR002C,0.036042626947164536
YBL024W,YJL108C,0.999927282333374
YBL024W,YBR200W,1.2565995505698247e-14
YBL024W,YIL026C,3.7187231072266513e-09
YBL024W,YJR076C,0.7020232677459717
YBL024W,YKR031C,0.4805418848991394
YBL024W,YPL192C,2.3219712375066592e-08
YBL024W,YHR107C,0.9972783923149109
YBL024W,YIL037C,0.0001880862982943654
YBL024W,YPL156C,0.9997625946998596
YBL024W,YIL117C,0.7344358563423157
YBL024W,YHR066W,1.3806544449379565e-11
YBL024W,YML085C,0.00030059629352763295
YBL024W,YML047C,0.05740614980459213
YBL024W,YDR312W,0.9750080108642578
YBL024W,YFL037W,0.0024741103406995535
YBL024W,YDL038C,0.2020167112350464
YBL024W,YDL039C,3.095715612744243e-07
YBL024W,YCL027W,0.9761124849319458
YBL024W,YML124C,7.273570634680482e-11
YBL024W,YGL053W,1.9055756972363724e-09
YBL024W,YMR232W,5.584560494753532e-05
YBL024W,YNL298W,4.13615225625108e-06
YBL024W,YGL099W,1.4368168268204473e-16
YBL024W,YBL016W,4.6622107961898605e-15
YBL024W,YAL041W,0.00011256679863436148
YBL024W,YDR085C,2.889832151353744e-09
YBL024W,YPL187W,0.000184377480763942
YBL024W,YPL256C,6.894774173815676e-07
YBL024W,YDR461W,9.887656249318866e-10
YBL024W,YNL145W,1.6783351952653902e-07
YBR199W,YDL165W,2.6570023692329414e-07
YBR199W,YGR059W,9.583517313060952e-10
YBR199W,YBR109C,4.316788704272767e-07
YBR199W,YJL080C,0.005394035018980503
YBR199W,YCR093W,1.6661367681081174e-06
YBR199W,YIL122W,0.9956438541412354
YBR199W,YCL029C,2.3856638886599058e-09
YBR199W,YNL173C,1.861418752469035e-07
YBR199W,YLR452C,0.5238032341003418
YBR199W,YDL160C,0.18920257687568665
YBR199W,YLR229C,0.4759019613265991
YBR199W,YML057W,8.424572671417163e-12
YBR199W,YER149C,0.9985717535018921
YBR199W,YMR305C,0.9688459038734436
YBR199W,YLR433C,0.9225161075592041
YBR199W,YJL073W,2.9500845668238573e-13
YBR199W,YGR279C,0.9984703660011292
YBR199W,YKL190W,1.4408548167921253e-06
YBR199W,YGL089C,0.030328072607517242
YBR199W,YJL019W,8.354472811333835e-06
YBR199W,YJL018W,0.2020167112350464
YBR199W,YNR032C-A,0.9999452829360962
YBR199W,YGL178W,0.17355386912822723
YBR199W,YKL116C,0.001738756662234664
YBR199W,YDL214C,0.01198467705398798
YBR199W,YLR362W,6.956422566872789e-06
YBR199W,YER068W,2.478044507370214e-07
YBR199W,YHR084W,4.459517003851943e-05
YBR199W,YDR392W,8.55027337820502e-08
YBR199W,YNL053W,0.30555468797683716
YBR199W,YGR040W,0.1919039785861969
YBR199W,YDL216C,0.4476773142814636
YBR199W,YOL117W,0.44504761695861816
YBR199W,YJR086W,0.08664317429065704
YBR199W,YMR025W,0.049179740250110626
YBR199W,YBR081C,1.3760401998297311e-05
YBR199W,YFL026W,0.013417002744972706
YBR199W,YHL007C,7.771019227220677e-06
YBR199W,YNR044W,1.7075757568818517e-05
YBR199W,YNL271C,0.0018252877052873373
YBR199W,YDR200C,0.999921441078186
YBR199W,YKL178C,0.005453718826174736
YBR199W,YOR212W,0.003706103190779686
YBR199W,YOL111C,1.5938340425236674e-08
YBR199W,YGL032C,3.8982982175639336e-08
YBR199W,YHR005C,2.3121042431739625e-06
YBR199W,YDR103W,0.0059803384356200695
YBR199W,YJR084W,0.0011045481078326702
YBR199W,YCL032W,0.001010337844491005
YBR199W,YJL170C,0.01582268998026848
YBR199W,YDR179C,1.38019569106973e-08
YBR199W,YBR095C,3.109524186584167e-05
YBR199W,YLL021W,2.5974463824240956e-07
YBR199W,YDL159W,0.7511240839958191
YBR199W,YNL161W,0.0005232166149653494
YBR199W,YNL188W,0.015660319477319717
YBR199W,YJL157C,2.1533895733227837e-07
YBR199W,YJL034W,0.0003125443181488663
YBR199W,YLR238W,3.106435906374827e-05
YBR199W,YPR141C,4.7853220053184486e-08
YBR199W,YNL127W,0.09793909639120102
YBR199W,YCL055W,8.011436420929385e-07
YBR199W,YPR122W,3.49998808815144e-05
YBR199W,YMR065W,0.9988625049591064
YBR199W,YDR356W,0.00014330385602079332
YBR199W,YMR052W,0.3021174967288971
YBR199W,YFR008W,0.016405340284109116
YBR199W,YLL043W,0.07089344412088394
YBR199W,YMR029C,1.6545669279111053e-09
YBR199W,YJR004C,3.20101605666423e-07
YBR199W,YDL223C,4.237012074526092e-09
YBR199W,YHR158C,1.1387852083544203e-07
YBR199W,YGR238C,3.0595365387853235e-05
YBR199W,YIL015W,0.0027335172053426504
YBR199W,YGL173C,0.0
YBR199W,YDL225W,4.839560929781328e-08
YBR199W,YLR330W,2.8350119474218616e-10
YBR199W,YBR129C,4.703931821836704e-08
YBR199W,YKR095W-A,0.2020167112350464
YBR199W,YPR075C,5.911848788286989e-11
YBR199W,YMR198W,0.5100668668746948
YBR199W,YOR127W,0.002023958368226886
YBR199W,YDR264C,1.826851736552726e-08
YBR199W,YLR110C,4.94923142468906e-06
YBR199W,YDR379W,0.002322064246982336
YBR199W,YDL100C,4.088416972081177e-05
YBR199W,YHR073W,1.66696494829921e-07
YBR199W,YJR090C,1.5079288573360827e-07
YBR199W,YOR208W,4.4508709834190086e-05
YBR199W,YBR040W,0.00043279235251247883
YBR199W,YNL279W,0.3227752149105072
YBR199W,YER075C,5.36268089490477e-07
YBR199W,YCR089W,0.015042954124510288
YBR199W,YCR002C,0.08291903883218765
YBR199W,YJL108C,6.517045676446287e-06
YBR199W,YBR200W,2.726937609054403e-08
YBR199W,YIL026C,0.0001742098102113232
YBR199W,YJR076C,0.0016846538055688143
YBR199W,YKR031C,0.6040377616882324
YBR199W,YPL192C,5.644524492254277e-08
YBR199W,YHR107C,1.322527077718405e-05
YBR199W,YIL037C,0.6913449168205261
YBR199W,YPL156C,0.0024211211130023003
YBR199W,YIL117C,0.01109405793249607
YBR199W,YHR066W,4.403681517611271e-15
YBR199W,YML085C,0.23629380762577057
YBR199W,YML047C,0.012002243660390377
YBR199W,YDR312W,0.0003590310225263238
YBR199W,YFL037W,0.006959295831620693
YBR199W,YDL038C,0.2020167112350464
YBR199W,YDL039C,1.3141264965099708e-08
YBR199W,YCL027W,9.525518544251099e-05
YBR199W,YML124C,2.543254777265247e-05
YBR199W,YGL053W,0.00015779952809680253
YBR199W,YMR232W,0.0072737499140203
YBR199W,YNL298W,0.0010862076887860894
YBR199W,YGL099W,1.5608129233513068e-09
YBR199W,YBL016W,3.831596131931292e-06
YBR199W,YAL041W,5.079870675217535e-07
YBR199W,YDR085C,0.9842597842216492
YBR199W,YPL187W,0.24007448554039001
YBR199W,YPL256C,8.73071257956326e-05
YBR199W,YDR461W,0.00011493721103761345
YBR199W,YNL145W,4.153058341671567e-08
tA(UGC)E,YDL165W,0.2020167112350464
tA(UGC)E,YGR059W,0.2020167112350464
tA(UGC)E,YBR109C,0.2020167112350464
tA(UGC)E,YJL080C,0.2020167112350464
tA(UGC)E,YCR093W,0.2020167112350464
tA(UGC)E,YIL122W,0.2020167112350464
tA(UGC)E,YCL029C,0.2020167112350464
tA(UGC)E,YNL173C,0.2020167112350464
tA(UGC)E,YLR452C,0.2020167112350464
tA(UGC)E,YDL160C,0.2020167112350464
tA(UGC)E,YLR229C,0.2020167112350464
tA(UGC)E,YML057W,0.2020167112350464
tA(UGC)E,YER149C,0.2020167112350464
tA(UGC)E,YMR305C,0.2020167112350464
tA(UGC)E,YLR433C,0.2020167112350464
tA(UGC)E,YJL073W,0.2020167112350464
tA(UGC)E,YGR279C,0.2020167112350464
tA(UGC)E,YKL190W,0.2020167112350464
tA(UGC)E,YGL089C,0.2020167112350464
tA(UGC)E,YJL019W,0.2020167112350464
tA(UGC)E,YJL018W,0.2020167112350464
tA(UGC)E,YNR032C-A,0.2020167112350464
tA(UGC)E,YGL178W,0.2020167112350464
tA(UGC)E,YKL116C,0.2020167112350464
tA(UGC)E,YDL214C,0.2020167112350464
tA(UGC)E,YLR362W,0.2020167112350464
tA(UGC)E,YER068W,0.2020167112350464
tA(UGC)E,YHR084W,0.2020167112350464
tA(UGC)E,YDR392W,0.2020167112350464
tA(UGC)E,YNL053W,0.2020167112350464
tA(UGC)E,YGR040W,0.2020167112350464
tA(UGC)E,YDL216C,0.2020167112350464
tA(UGC)E,YOL117W,0.2020167112350464
tA(UGC)E,YJR086W,0.2020167112350464
tA(UGC)E,YMR025W,0.2020167112350464
tA(UGC)E,YBR081C,0.2020167112350464
tA(UGC)E,YFL026W,0.2020167112350464
tA(UGC)E,YHL007C,0.2020167112350464
tA(UGC)E,YNR044W,0.2020167112350464
tA(UGC)E,YNL271C,0.2020167112350464
tA(UGC)E,YDR200C,0.2020167112350464
tA(UGC)E,YKL178C,0.2020167112350464
tA(UGC)E,YOR212W,0.2020167112350464
tA(UGC)E,YOL111C,0.2020167112350464
tA(UGC)E,YGL032C,0.2020167112350464
tA(UGC)E,YHR005C,0.2020167112350464
tA(UGC)E,YDR103W,0.2020167112350464
tA(UGC)E,YJR084W,0.2020167112350464
tA(UGC)E,YCL032W,0.2020167112350464
tA(UGC)E,YJL170C,0.2020167112350464
tA(UGC)E,YDR179C,0.2020167112350464
tA(UGC)E,YBR095C,0.2020167112350464
tA(UGC)E,YLL021W,0.2020167112350464
tA(UGC)E,YDL159W,0.2020167112350464
tA(UGC)E,YNL161W,0.2020167112350464
tA(UGC)E,YNL188W,0.2020167112350464
tA(UGC)E,YJL157C,0.2020167112350464
tA(UGC)E,YJL034W,0.2020167112350464
tA(UGC)E,YLR238W,0.2020167112350464
tA(UGC)E,YPR141C,0.2020167112350464
tA(UGC)E,YNL127W,0.2020167112350464
tA(UGC)E,YCL055W,0.2020167112350464
tA(UGC)E,YPR122W,0.2020167112350464
tA(UGC)E,YMR065W,0.2020167112350464
tA(UGC)E,YDR356W,0.2020167112350464
tA(UGC)E,YMR052W,0.2020167112350464
tA(UGC)E,YFR008W,0.2020167112350464
tA(UGC)E,YLL043W,0.2020167112350464
tA(UGC)E,YMR029C,0.2020167112350464
tA(UGC)E,YJR004C,0.2020167112350464
tA(UGC)E,YDL223C,0.2020167112350464
tA(UGC)E,YHR158C,0.2020167112350464
tA(UGC)E,YGR238C,0.2020167112350464
tA(UGC)E,YIL015W,0.2020167112350464
tA(UGC)E,YGL173C,0.2020167112350464
tA(UGC)E,YDL225W,0.2020167112350464
tA(UGC)E,YLR330W,0.2020167112350464
tA(UGC)E,YBR129C,0.2020167112350464
tA(UGC)E,YKR095W-A,0.2020167112350464
tA(UGC)E,YPR075C,0.2020167112350464
tA(UGC)E,YMR198W,0.2020167112350464
tA(UGC)E,YOR127W,0.2020167112350464
tA(UGC)E,YDR264C,0.2020167112350464
tA(UGC)E,YLR110C,0.2020167112350464
tA(UGC)E,YDR379W,0.2020167112350464
tA(UGC)E,YDL100C,0.2020167112350464
tA(UGC)E,YHR073W,0.2020167112350464
tA(UGC)E,YJR090C,0.2020167112350464
tA(UGC)E,YOR208W,0.2020167112350464
tA(UGC)E,YBR040W,0.2020167112350464
tA(UGC)E,YNL279W,0.2020167112350464
tA(UGC)E,YER075C,0.2020167112350464
tA(UGC)E,YCR089W,0.2020167112350464
tA(UGC)E,YCR002C,0.2020167112350464
tA(UGC)E,YJL108C,0.2020167112350464
tA(UGC)E,YBR200W,0.2020167112350464
tA(UGC)E,YIL026C,0.2020167112350464
tA(UGC)E,YJR076C,0.2020167112350464
tA(UGC)E,YKR031C,0.2020167112350464
tA(UGC)E,YPL192C,0.2020167112350464
tA(UGC)E,YHR107C,0.2020167112350464
tA(UGC)E,YIL037C,0.2020167112350464
tA(UGC)E,YPL156C,0.2020167112350464
tA(UGC)E,YIL117C,0.2020167112350464
tA(UGC)E,YHR066W,0.2020167112350464
tA(UGC)E,YML085C,0.2020167112350464
tA(UGC)E,YML047C,0.2020167112350464
tA(UGC)E,YDR312W,0.2020167112350464
tA(UGC)E,YFL037W,0.2020167112350464
tA(UGC)E,YDL038C,0.2020167112350464
tA(UGC)E,YDL039C,0.2020167112350464
tA(UGC)E,YCL027W,0.2020167112350464
tA(UGC)E,YML124C,0.2020167112350464
tA(UGC)E,YGL053W,0.2020167112350464
tA(UGC)E,YMR232W,0.2020167112350464
tA(UGC)E,YNL298W,0.2020167112350464
tA(UGC)E,YGL099W,0.2020167112350464
tA(UGC)E,YBL016W,0.2020167112350464
tA(UGC)E,YAL041W,0.2020167112350464
tA(UGC)E,YDR085C,0.2020167112350464
tA(UGC)E,YPL187W,0.2020167112350464
tA(UGC)E,YPL256C,0.2020167112350464
tA(UGC)E,YDR461W,0.2020167112350464
tA(UGC)E,YNL145W,0.2020167112350464
YOR339C,YDL165W,2.044690177172015e-07
YOR339C,YGR059W,4.463301473203729e-13
YOR339C,YBR109C,3.29455112080268e-08
YOR339C,YJL080C,3.0616409407713263e-09
YOR339C,YCR093W,2.5420072713444597e-09
YOR339C,YIL122W,1.1287712595731136e-06
YOR339C,YCL029C,2.0014913104660081e-07
YOR339C,YNL173C,7.0686572151146265e-09
YOR339C,YLR452C,0.8705698251724243
YOR339C,YDL160C,0.05931911990046501
YOR339C,YLR229C,2.285622940689791e-06
YOR339C,YML057W,5.326837637653625e-08
YOR339C,YER149C,0.002505272626876831
YOR339C,YMR305C,4.3979600516941275e-10
YOR339C,YLR433C,0.11863378435373306
YOR339C,YJL073W,0.0003392823855392635
YOR339C,YGR279C,2.344084648608913e-10
YOR339C,YKL190W,1.1804015542793422e-09
YOR339C,YGL089C,1.1694932348926823e-11
YOR339C,YJL019W,8.44898238483438e-07
YOR339C,YJL018W,0.0022663893178105354
YOR339C,YNR032C-A,0.08365039527416229
YOR339C,YGL178W,0.026419153437018394
YOR339C,YKL116C,3.968254913712778e-15
YOR339C,YDL214C,7.708956673013745e-08
YOR339C,YLR362W,1.3695628240384394e-06
YOR339C,YER068W,0.00042803602991625667
YOR339C,YHR084W,2.2743100998923182e-05
YOR339C,YDR392W,7.243545763202519e-10
YOR339C,YNL053W,2.529188236621849e-07
YOR339C,YGR040W,5.661695001712985e-10
YOR339C,YDL216C,2.7008370583406216e-13
YOR339C,YOL117W,9.72277250538571e-16
YOR339C,YJR086W,1.7979838062842646e-08
YOR339C,YMR025W,4.692257693506008e-11
YOR339C,YBR081C,9.013767703436315e-05
YOR339C,YFL026W,0.0076185595244169235
YOR339C,YHL007C,0.00440592598170042
YOR339C,YNR044W,3.0668596195937425e-07
YOR339C,YNL271C,0.00047113082837313414
YOR339C,YDR200C,0.9350127577781677
YOR339C,YKL178C,0.0003030745137948543
YOR339C,YOR212W,0.023702207952737808
YOR339C,YOL111C,5.001448499797334e-08
YOR339C,YGL032C,2.7156827400176553e-06
YOR339C,YHR005C,1.9869663248073266e-08
YOR339C,YDR103W,0.034636810421943665
YOR339C,YJR084W,8.183394825493628e-13
YOR339C,YCL032W,7.966584155734294e-16
YOR339C,YJL170C,2.0898852179411478e-17
YOR339C,YDR179C,7.45534567414552e-09
YOR339C,YBR095C,1.4577852813779657e-12
YOR339C,YLL021W,9.95947715409784e-08
YOR339C,YDL159W,4.565189613003895e-07
YOR339C,YNL161W,3.143594949506223e-05
YOR339C,YNL188W,0.9217636585235596
YOR339C,YJL157C,0.0014073571655899286
YOR339C,YJL034W,1.2156516245032112e-11
YOR339C,YLR238W,1.6551388081278984e-12
YOR339C,YPR141C,0.0002539146807976067
YOR339C,YNL127W,7.126308219085331e-07
YOR339C,YCL055W,4.9938532475923836e-11
YOR339C,YPR122W,3.158429535687901e-07
YOR339C,YMR065W,0.04074506089091301
YOR339C,YDR356W,2.446606913508731e-06
YOR339C,YMR052W,2.9249139288367587e-07
YOR339C,YFR008W,1.7494406734353506e-14
YOR339C,YLL043W,0.047042325139045715
YOR339C,YMR029C,1.2177071795349548e-08
YOR339C,YJR004C,1.5591504975986936e-08
YOR339C,YDL223C,1.5747408932398343e-10
YOR339C,YHR158C,0.807645857334137
YOR339C,YGR238C,2.3118389435694553e-05
YOR339C,YIL015W,0.9534082412719727
YOR339C,YGL173C,6.181308549457754e-07
YOR339C,YDL225W,0.000710642896592617
YOR339C,YLR330W,2.1501364244613796e-08
YOR339C,YBR129C,1.915919710882008e-06
YOR339C,YKR095W-A,0.2020167112350464
YOR339C,YPR075C,1.586764747374403e-10
YOR339C,YMR198W,0.024089667946100235
YOR339C,YOR127W,2.5986630589613924e-06
YOR339C,YDR264C,7.969445856546593e-15
YOR339C,YLR110C,9.620609198179864e-09
YOR339C,YDR379W,1.0257041793693134e-07
YOR339C,YDL100C,1.4166680273319798e-07
YOR339C,YHR073W,9.902153966581673e-13
YOR339C,YJR090C,2.138672243745532e-05
YOR339C,YOR208W,0.000646005617454648
YOR339C,YBR040W,0.03446635976433754
YOR339C,YNL279W,6.720935630255553e-08
YOR339C,YER075C,0.00013872922863811255
YOR339C,YCR089W,2.160799615407924e-13
YOR339C,YCR002C,1.4528769497701433e-05
YOR339C,YJL108C,4.5778696389220386e-09
YOR339C,YBR200W,2.0040357412653975e-05
YOR339C,YIL026C,5.698982477042591e-06
YOR339C,YJR076C,8.631016790161539e-09
YOR339C,YKR031C,0.0023727696388959885
YOR339C,YPL192C,0.004956110846251249
YOR339C,YHR107C,4.213158172206022e-05
YOR339C,YIL037C,4.0904886589032685e-08
YOR339C,YPL156C,6.746487257736078e-10
YOR339C,YIL117C,0.559829592704773
YOR339C,YHR066W,3.84972408937756e-05
YOR339C,YML085C,2.6874154013256657e-09
YOR339C,YML047C,2.452499575156253e-05
YOR339C,YDR312W,1.640274604142178e-05
YOR339C,YFL037W,3.861291042994708e-05
YOR339C,YDL038C,0.2020167112350464
YOR339C,YDL039C,0.0004619597748387605
YOR339C,YCL027W,4.11747025363951e-12
YOR339C,YML124C,9.476550403772488e-13
YOR339C,YGL053W,1.0310668117907706e-11
YOR339C,YMR232W,1.2423696489349823e-06
YOR339C,YNL298W,8.232416348619154e-08
YOR339C,YGL099W,0.21633541584014893
YOR339C,YBL016W,6.374721063517885e-12
YOR339C,YAL041W,6.206940383890469e-08
YOR339C,YDR085C,2.726306547629065e-06
YOR339C,YPL187W,9.670728218225122e-08
YOR339C,YPL256C,1.761839882874483e-07
YOR339C,YDR461W,9.662989852721182e-11
YOR339C,YNL145W,0.488612562417984
YER105C,YDL165W,0.8942829966545105
YER105C,YGR059W,2.4432421363851375e-11
YER105C,YBR109C,6.282453313133374e-08
YER105C,YJL080C,3.4326574915866104e-09
YER105C,YCR093W,5.499532198882662e-05
YER105C,YIL122W,1.15109860416851e-05
YER105C,YCL029C,2.0468461723720938e-13
YER105C,YNL173C,0.0006724543636664748
YER105C,YLR452C,5.85580819461029e-05
YER105C,YDL160C,2.4411486165831775e-09
YER105C,YLR229C,0.0012533278204500675
YER105C,YML057W,4.21636163483452e-11
YER105C,YER149C,0.00017507253505755216
YER105C,YMR305C,9.174632396025117e-06
YER105C,YLR433C,8.991358413368289e-08
YER105C,YJL073W,3.933266512490263e-08
YER105C,YGR279C,2.5883567858486778e-11
YER105C,YKL190W,0.0006547508528456092
YER105C,YGL089C,0.9996119141578674
YER105C,YJL019W,8.68520000949502e-05
YER105C,YJL018W,0.0023695314303040504
YER105C,YNR032C-A,0.0002051952324109152
YER105C,YGL178W,2.1668263798346743e-05
YER105C,YKL116C,1.0568584581701485e-13
YER105C,YDL214C,0.0004785907221958041
YER105C,YLR362W,2.5123680913452517e-09
YER105C,YER068W,9.265828282423172e-08
YER105C,YHR084W,0.00022385177726391703
YER105C,YDR392W,0.2943784296512604
YER105C,YNL053W,0.00109534349758178
YER105C,YGR040W,4.19581880350961e-07
YER105C,YDL216C,0.0023938571102917194
YER105C,YOL117W,2.0866612257530726e-11
YER105C,YJR086W,9.740704598470984e-08
YER105C,YMR025W,2.945858312841665e-08
YER105C,YBR081C,2.234903695352841e-05
YER105C,YFL026W,2.7855130610987544e-06
YER105C,YHL007C,1.0250122972621512e-10
YER105C,YNR044W,7.086631975683488e-11
YER105C,YNL271C,0.8905074596405029
YER105C,YDR200C,8.851866004988551e-05
YER105C,YKL178C,5.961970361845204e-10
YER105C,YOR212W,1.093826114129115e-07
YER105C,YOL111C,0.054762646555900574
YER105C,YGL032C,7.005800384263239e-09
YER105C,YHR005C,2.5480335352767725e-06
YER105C,YDR103W,3.6698183976113796e-05
YER105C,YJR084W,0.0125975226983428
YER105C,YCL032W,0.0002628500806167722
YER105C,YJL170C,0.0059112790040671825
YER105C,YDR179C,9.013606918142902e-13
YER105C,YBR095C,0.0003918531001545489
YER105C,YLL021W,1.1825761481176755e-09
YER105C,YDL159W,0.005968105513602495
YER105C,YNL161W,0.00017861636297311634
YER105C,YNL188W,6.434286206058459e-06
YER105C,YJL157C,4.806590823136503e-06
YER105C,YJL034W,2.671909568596753e-12
YER105C,YLR238W,0.00032839979394339025
YER105C,YPR141C,0.0019097360782325268
YER105C,YNL127W,0.005723996087908745
YER105C,YCL055W,0.00010252612992189825
YER105C,YPR122W,0.7236976623535156
YER105C,YMR065W,1.77703309844901e-08
YER105C,YDR356W,3.225640512027894e-06
YER105C,YMR052W,6.546738262613871e-08
YER105C,YFR008W,0.007821082137525082
YER105C,YLL043W,6.685370312897732e-11
YER105C,YMR029C,1.3276145182317123e-05
YER105C,YJR004C,4.123506514019937e-08
YER105C,YDL223C,2.767634329347491e-17
YER105C,YHR158C,1.5132505950532504e-06
YER105C,YGR238C,1.6800807145500585e-07
YER105C,YIL015W,7.26499081338261e-07
YER105C,YGL173C,0.001978808781132102
YER105C,YDL225W,1.349051803600787e-08
YER105C,YLR330W,0.0013299620477482677
YER105C,YBR129C,0.60347580909729
YER105C,YKR095W-A,0.2020167112350464
YER105C,YPR075C,0.00037827531923539937
YER105C,YMR198W,2.5827165406333563e-10
YER105C,YOR127W,0.1079753041267395
YER105C,YDR264C,0.9599934220314026
YER105C,YLR110C,1.1538533044586075e-06
YER105C,YDR379W,0.004512782208621502
YER105C,YDL100C,4.637810135932341e-08
YER105C,YHR073W,8.4479215729516e-05
YER105C,YJR090C,0.00920390710234642
YER105C,YOR208W,5.1449034799588844e-05
YER105C,YBR040W,0.004257521126419306
YER105C,YNL279W,0.0032907656859606504
YER105C,YER075C,5.267733649816364e-05
YER105C,YCR089W,5.543248694263314e-13
YER105C,YCR002C,0.085859514772892
YER105C,YJL108C,0.004659024532884359
YER105C,YBR200W,0.000163882490596734
YER105C,YIL026C,3.9821179598220624e-07
YER105C,YJR076C,0.00024659864720888436
YER105C,YKR031C,5.9001198593477966e-08
YER105C,YPL192C,0.029075179249048233
YER105C,YHR107C,7.594768902663418e-08
YER105C,YIL037C,0.002612376818433404
YER105C,YPL156C,2.382200392503364e-08
YER105C,YIL117C,0.0004972033202648163
YER105C,YHR066W,3.7874274571615685e-13
YER105C,YML085C,9.096786925510969e-06
YER105C,YML047C,0.00035665291943587363
YER105C,YDR312W,1.3886071428714786e-05
YER105C,YFL037W,1.3498531643563183e-06
YER105C,YDL038C,0.2020167112350464
YER105C,YDL039C,1.3888582721603427e-18
YER105C,YCL027W,1.3950373078941425e-09
YER105C,YML124C,3.5261205511005755e-08
YER105C,YGL053W,3.242646926082671e-05
YER105C,YMR232W,4.305041329644155e-06
YER105C,YNL298W,3.58389706800466e-12
YER105C,YGL099W,1.9607521153375274e-06
YER105C,YBL016W,2.8957327855017034e-11
YER105C,YAL041W,0.09691599011421204
YER105C,YDR085C,0.28472116589546204
YER105C,YPL187W,0.01232331432402134
YER105C,YPL256C,1.3647628111094027e-17
YER105C,YDR461W,3.283785687813179e-08
YER105C,YNL145W,9.792160138299977e-11
YJR130C,YDL165W,5.230725037108641e-06
YJR130C,YGR059W,8.910706839060367e-08
YJR130C,YBR109C,5.377563411929076e-12
YJR130C,YJL080C,1.0722520621970128e-19
YJR130C,YCR093W,1.3047913398622768e-06
YJR130C,YIL122W,2.505956899767625e-07
YJR130C,YCL029C,0.0008750811102800071
YJR130C,YNL173C,1.3675025556381115e-08
YJR130C,YLR452C,5.58051965526829e-07
YJR130C,YDL160C,0.0017042713006958365
YJR130C,YLR229C,7.085523140437644e-11
YJR130C,YML057W,5.940018477090803e-10
YJR130C,YER149C,0.5383625626564026
YJR130C,YMR305C,2.033880689870449e-15
YJR130C,YLR433C,0.00047973034088499844
YJR130C,YJL073W,2.4784171936964583e-10
YJR130C,YGR279C,1.3414721777849081e-08
YJR130C,YKL190W,0.02405496872961521
YJR130C,YGL089C,3.5403277252044063e-06
YJR130C,YJL019W,0.0009924585465341806
YJR130C,YJL018W,0.0006937535363249481
YJR130C,YNR032C-A,0.004326066002249718
YJR130C,YGL178W,1.0629931779249091e-07
YJR130C,YKL116C,1.7904253790277866e-14
YJR130C,YDL214C,0.10492831468582153
YJR130C,YLR362W,1.69518954429293e-10
YJR130C,YER068W,0.06807336956262589
YJR130C,YHR084W,8.786377793954317e-15
YJR130C,YDR392W,1.3518799413247962e-08
YJR130C,YNL053W,5.591223928291811e-09
YJR130C,YGR040W,3.321923713883734e-08
YJR130C,YDL216C,0.3716272711753845
YJR130C,YOL117W,1.9535164597073162e-07
YJR130C,YJR086W,0.0015339427627623081
YJR130C,YMR025W,0.0007370260427705944
YJR130C,YBR081C,2.3674718249822035e-05
YJR130C,YFL026W,0.008079463616013527
YJR130C,YHL007C,0.001501824939623475
YJR130C,YNR044W,1.122420267840596e-09
YJR130C,YNL271C,4.763936800600277e-09
YJR130C,YDR200C,0.0031218642834573984
YJR130C,YKL178C,0.02275548130273819
YJR130C,YOR212W,1.4568668493808445e-10
YJR130C,YOL111C,1.885487460606683e-10
YJR130C,YGL032C,0.00019432448607403785
YJR130C,YHR005C,0.07605981081724167
YJR130C,YDR103W,1.3811099108806957e-07
YJR130C,YJR084W,6.325266976858757e-09
YJR130C,YCL032W,0.00012382301792968065
YJR130C,YJL170C,2.2075871584092965e-06
YJR130C,YDR179C,6.342330827191489e-11
YJR130C,YBR095C,2.0375397202787582e-10
YJR130C,YLL021W,5.159147848515788e-12
YJR130C,YDL159W,7.551432368302358e-09
YJR130C,YNL161W,0.11370059847831726
YJR130C,YNL188W,2.752895618575576e-15
YJR130C,YJL157C,1.6856219314180828e-19
YJR130C,YJL034W,5.982070411322107e-19
YJR130C,YLR238W,4.647990863304585e-06
YJR130C,YPR141C,5.960147333354884e-15
YJR130C,YNL127W,0.00552942231297493
YJR130C,YCL055W,2.8871100388877524e-13
YJR130C,YPR122W,2.9907687348895706e-07
YJR130C,YMR065W,1.9390196392965464e-10
YJR130C,YDR356W,2.3197128484753193e-06
YJR130C,YMR052W,0.0017986174207180738
YJR130C,YFR008W,0.008262813091278076
YJR130C,YLL043W,3.496638601063751e-05
YJR130C,YMR029C,7.559054938610643e-05
YJR130C,YJR004C,1.286143742618151e-06
YJR130C,YDL223C,2.116864045165201e-10
YJR130C,YHR158C,1.9499475811812772e-08
YJR130C,YGR238C,1.5502727573890596e-11
YJR130C,YIL015W,5.625545515530739e-11
YJR130C,YGL173C,1.285557771346646e-10
YJR130C,YDL225W,1.7997082579768175e-07
YJR130C,YLR330W,1.5683233878238667e-10
YJR130C,YBR129C,3.263819539612266e-14
YJR130C,YKR095W-A,0.2020167112350464
YJR130C,YPR075C,1.993918398446315e-11
YJR130C,YMR198W,2.8944619145931938e-08
YJR130C,YOR127W,2.520367525793432e-10
YJR130C,YDR264C,2.0288187840833416e-07
YJR130C,YLR110C,0.02411402203142643
YJR130C,YDR379W,0.5173606872558594
YJR130C,YDL100C,2.4105531806761782e-11
YJR130C,YHR073W,0.0022305832244455814
YJR130C,YJR090C,0.004607240203768015
YJR130C,YOR208W,6.806543609988447e-12
YJR130C,YBR040W,0.390906423330307
YJR130C,YNL279W,0.16086892783641815
YJR130C,YER075C,1.0609413948259316e-05
YJR130C,YCR089W,1.643266744899563e-09
YJR130C,YCR002C,0.0011521817650645971
YJR130C,YJL108C,7.208490160337533e-08
YJR130C,YBR200W,9.289366971643176e-06
YJR130C,YIL026C,8.678004815010354e-05
YJR130C,YJR076C,3.811025269911646e-15
YJR130C,YKR031C,1.3595953532785643e-05
YJR130C,YPL192C,2.6390400281739446e-11
YJR130C,YHR107C,2.573584678700058e-10
YJR130C,YIL037C,0.0007825228967703879
YJR130C,YPL156C,0.0007528350106440485
YJR130C,YIL117C,1.852851899686314e-11
YJR130C,YHR066W,6.8388707477812834e-15
YJR130C,YML085C,2.3462997944534436e-07
YJR130C,YML047C,0.9088007211685181
YJR130C,YDR312W,1.7944846719686325e-09
YJR130C,YFL037W,4.1780734427732114e-10
YJR130C,YDL038C,0.2020167112350464
YJR130C,YDL039C,6.627728921237974e-11
YJR130C,YCL027W,4.506999662368116e-09
YJR130C,YML124C,5.200437130215398e-15
YJR130C,YGL053W,7.64743672334589e-05
YJR130C,YMR232W,4.0715922295930795e-06
YJR130C,YNL298W,0.36188840866088867
YJR130C,YGL099W,4.101562229501081e-14
YJR130C,YBL016W,2.558590492252044e-12
YJR130C,YAL041W,5.2717135986313224e-05
YJR130C,YDR085C,3.7563120258710114e-07
YJR130C,YPL187W,0.1349942833185196
YJR130C,YPL256C,2.2892376480818363e-18
YJR130C,YDR461W,2.960363551518519e-11
YJR130C,YNL145W,9.00965391702202e-13
YER007C-A,YDL165W,2.614854513471876e-11
YER007C-A,YGR059W,3.0624830742453923e-06
YER007C-A,YBR109C,1.0458610366637089e-10
YER007C-A,YJL080C,1.6169304117852334e-08
YER007C-A,YCR093W,0.010385226458311081
YER007C-A,YIL122W,0.0017151680076494813
YER007C-A,YCL029C,1.1289854467966265e-10
YER007C-A,YNL173C,0.00034558711922727525
YER007C-A,YLR452C,0.00044233122025616467
YER007C-A,YDL160C,1.7079854615076329e-06
YER007C-A,YLR229C,2.0189956373428686e-08
YER007C-A,YML057W,2.8894378209520788e-11
YER007C-A,YER149C,6.87233637108875e-07
YER007C-A,YMR305C,4.775470756612776e-07
YER007C-A,YLR433C,0.0007426426745951176
YER007C-A,YJL073W,1.6459327525808476e-05
YER007C-A,YGR279C,1.3661200805575174e-13
YER007C-A,YKL190W,0.003305066144093871
YER007C-A,YGL089C,0.00046992136049084365
YER007C-A,YJL019W,7.706853648414835e-05
YER007C-A,YJL018W,0.2020167112350464
YER007C-A,YNR032C-A,0.0009752825717441738
YER007C-A,YGL178W,0.001854781759902835
YER007C-A,YKL116C,0.00021125214698258787
YER007C-A,YDL214C,0.0026769114192575216
YER007C-A,YLR362W,2.1480782379512675e-06
YER007C-A,YER068W,1.3868557289242744e-06
YER007C-A,YHR084W,3.114587161689997e-05
YER007C-A,YDR392W,0.07669911533594131
YER007C-A,YNL053W,0.000374213675968349
YER007C-A,YGR040W,0.968521773815155
YER007C-A,YDL216C,0.9334787726402283
YER007C-A,YOL117W,0.016508106142282486
YER007C-A,YJR086W,1.1491083640180477e-08
YER007C-A,YMR025W,0.9733326435089111
YER007C-A,YBR081C,0.5594319701194763
YER007C-A,YFL026W,0.00021579071471933275
YER007C-A,YHL007C,7.044927752275498e-09
YER007C-A,YNR044W,6.005372051731683e-05
YER007C-A,YNL271C,0.902511715888977
YER007C-A,YDR200C,0.9947185516357422
YER007C-A,YKL178C,3.211176533568505e-07
YER007C-A,YOR212W,0.8247097134590149
YER007C-A,YOL111C,2.800965326343885e-08
YER007C-A,YGL032C,1.2596326541824965e-06
YER007C-A,YHR005C,1.6209606883421657e-06
YER007C-A,YDR103W,7.750724762445316e-06
YER007C-A,YJR084W,0.55741286277771
YER007C-A,YCL032W,7.338356908803689e-07
YER007C-A,YJL170C,0.0027279166970402002
YER007C-A,YDR179C,8.658356819069013e-05
YER007C-A,YBR095C,1.4791056912599743e-07
YER007C-A,YLL021W,0.008920611813664436
YER007C-A,YDL159W,1.0434550858917646e-06
YER007C-A,YNL161W,0.002666819840669632
YER007C-A,YNL188W,0.0004964820109307766
YER007C-A,YJL157C,4.7319224449893227e-07
YER007C-A,YJL034W,6.115359774128137e-09
YER007C-A,YLR238W,0.0006224582903087139
YER007C-A,YPR141C,0.00997321680188179
YER007C-A,YNL127W,0.0015931149246171117
YER007C-A,YCL055W,3.194419696228579e-05
YER007C-A,YPR122W,0.002145631704479456
YER007C-A,YMR065W,0.9284261465072632
YER007C-A,YDR356W,6.576191822205146e-07
YER007C-A,YMR052W,1.1350560491507622e-08
YER007C-A,YFR008W,0.007093331776559353
YER007C-A,YLL043W,0.012624467723071575
YER007C-A,YMR029C,0.00038125741411931813
YER007C-A,YJR004C,1.5456861319762538e-06
YER007C-A,YDL223C,6.570741130015878e-13
YER007C-A,YHR158C,0.6263521909713745
YER007C-A,YGR238C,1.4379679669218604e-05
YER007C-A,YIL015W,0.2678890526294708
YER007C-A,YGL173C,0.0003764662833418697
YER007C-A,YDL225W,8.106791938189417e-05
YER007C-A,YLR330W,0.002935759723186493
YER007C-A,YBR129C,0.0011874620104208589
YER007C-A,YKR095W-A,0.2020167112350464
YER007C-A,YPR075C,7.511729199904948e-05
YER007C-A,YMR198W,9.862663137027994e-05
YER007C-A,YOR127W,2.427943712746128e-08
YER007C-A,YDR264C,0.0003480851883068681
YER007C-A,YLR110C,0.012565712444484234
YER007C-A,YDR379W,0.9635124206542969
YER007C-A,YDL100C,0.001399095868691802
YER007C-A,YHR073W,0.017798444256186485
YER007C-A,YJR090C,0.001985729206353426
YER007C-A,YOR208W,0.0020041782408952713
YER007C-A,YBR040W,0.00010318050772184506
YER007C-A,YNL279W,0.001928876037709415
YER007C-A,YER075C,0.11443809419870377
YER007C-A,YCR089W,8.200352397125243e-08
YER007C-A,YCR002C,0.9900499582290649
YER007C-A,YJL108C,0.12864409387111664
YER007C-A,YBR200W,1.3803536980105946e-08
YER007C-A,YIL026C,5.37377163709607e-05
YER007C-A,YJR076C,0.7407787442207336
YER007C-A,YKR031C,0.06862542778253555
YER007C-A,YPL192C,0.038390662521123886
YER007C-A,YHR107C,1.0619454826610308e-07
YER007C-A,YIL037C,0.0009493175311945379
YER007C-A,YPL156C,0.18421627581119537
YER007C-A,YIL117C,0.0017145355232059956
YER007C-A,YHR066W,4.78144024373961e-10
YER007C-A,YML085C,2.1688433271549457e-09
YER007C-A,YML047C,0.9973899722099304
YER007C-A,YDR312W,0.0030771889723837376
YER007C-A,YFL037W,0.029894938692450523
YER007C-A,YDL038C,0.2020167112350464
YER007C-A,YDL039C,8.838682390155395e-12
YER007C-A,YCL027W,5.000952683076321e-07
YER007C-A,YML124C,6.7575097391866005e-18
YER007C-A,YGL053W,3.398979799840163e-07
YER007C-A,YMR232W,0.004951029550284147
YER007C-A,YNL298W,1.7285408830503002e-05
YER007C-A,YGL099W,1.1658725374008583e-10
YER007C-A,YBL016W,4.494650138187062e-11
YER007C-A,YAL041W,8.653743134345859e-05
YER007C-A,YDR085C,8.938129750224455e-12
YER007C-A,YPL187W,0.03622513264417648
YER007C-A,YPL256C,1.78176830928356e-11
YER007C-A,YDR461W,2.631702633593136e-10
YER007C-A,YNL145W,3.61306138074724e-06
YPL239W,YDL165W,1.667885612732789e-06
YPL239W,YGR059W,1.5890013914041101e-12
YPL239W,YBR109C,0.6949797868728638
YPL239W,YJL080C,4.643552252783789e-13
YPL239W,YCR093W,7.354316835517238e-07
YPL239W,YIL122W,3.6308009043750644e-08
YPL239W,YCL029C,9.99501037490802e-11
YPL239W,YNL173C,5.715390725795355e-14
YPL239W,YLR452C,0.0041863927617669106
YPL239W,YDL160C,1.8477154251073102e-09
YPL239W,YLR229C,1.598918109024794e-09
YPL239W,YML057W,3.6328379220984706e-19
YPL239W,YER149C,2.1291763019348764e-08
YPL239W,YMR305C,8.481146096528391e-08
YPL239W,YLR433C,5.742878828735032e-12
YPL239W,YJL073W,2.5276428086001834e-13
YPL239W,YGR279C,7.292119130752894e-10
YPL239W,YKL190W,3.8238862076767077e-10
YPL239W,YGL089C,1.2505844892984896e-07
YPL239W,YJL019W,1.1986052186330198e-06
YPL239W,YJL018W,9.998599125538021e-05
YPL239W,YNR032C-A,0.8619948625564575
YPL239W,YGL178W,2.9397317575785564e-06
YPL239W,YKL116C,1.452333939959763e-13
YPL239W,YDL214C,2.36365933065346e-14
YPL239W,YLR362W,2.7214451264253464e-16
YPL239W,YER068W,1.7112414187493014e-13
YPL239W,YHR084W,6.368738544350327e-13
YPL239W,YDR392W,3.962399830470531e-08
YPL239W,YNL053W,9.832820069277659e-05
YPL239W,YGR040W,0.0001444489898858592
YPL239W,YDL216C,8.326366397574947e-14
YPL239W,YOL117W,2.1181590681190652e-19
YPL239W,YJR086W,2.6734613882514926e-18
YPL239W,YMR025W,6.582425576828754e-11
YPL239W,YBR081C,4.831822479900438e-06
YPL239W,YFL026W,0.5420506596565247
YPL239W,YHL007C,4.2793820398401294e-07
YPL239W,YNR044W,4.2016543022604935e-11
YPL239W,YNL271C,3.512266388838725e-08
YPL239W,YDR200C,8.601810161780552e-17
YPL239W,YKL178C,2.767351325871914e-08
YPL239W,YOR212W,2.5031603456682205e-09
YPL239W,YOL111C,9.419466075188954e-12
YPL239W,YGL032C,7.464561235792644e-07
YPL239W,YHR005C,0.0021497858688235283
YPL239W,YDR103W,3.417488514401157e-09
YPL239W,YJR084W,4.17169120428551e-12
YPL239W,YCL032W,5.399539843020662e-11
YPL239W,YJL170C,1.4019840399726036e-08
YPL239W,YDR179C,5.068338530442827e-14
YPL239W,YBR095C,4.024061032309456e-12
YPL239W,YLL021W,0.00012093125405954197
YPL239W,YDL159W,1.9013994545513668e-10
YPL239W,YNL161W,2.852426177923917e-06
YPL239W,YNL188W,3.701808934336905e-17
YPL239W,YJL157C,2.631196593938512e-06
YPL239W,YJL034W,2.0864679693945687e-17
YPL239W,YLR238W,1.2895968625245948e-15
YPL239W,YPR141C,6.624389214948678e-08
YPL239W,YNL127W,4.200567502721242e-07
YPL239W,YCL055W,0.008456431329250336
YPL239W,YPR122W,4.055137128866626e-11
YPL239W,YMR065W,0.9540601372718811
YPL239W,YDR356W,0.000275646016234532
YPL239W,YMR052W,8.310242786610782e-15
YPL239W,YFR008W,4.3751956810104964e-13
YPL239W,YLL043W,0.9989965558052063
YPL239W,YMR029C,5.8291989013525836e-09
YPL239W,YJR004C,7.1846779974293895e-06
YPL239W,YDL223C,1.1248220968721843e-25
YPL239W,YHR158C,3.439234980790948e-14
YPL239W,YGR238C,4.571011569254324e-09
YPL239W,YIL015W,5.8383702707942575e-06
YPL239W,YGL173C,1.25176455867404e-07
YPL239W,YDL225W,1.613863673810556e-07
YPL239W,YLR330W,1.0862560156243593e-15
YPL239W,YBR129C,1.9156919961460517e-07
YPL239W,YKR095W-A,0.2020167112350464
YPL239W,YPR075C,2.743680323625923e-15
YPL239W,YMR198W,3.1269619285012595e-06
YPL239W,YOR127W,2.886467323839903e-12
YPL239W,YDR264C,1.502290097876724e-10
YPL239W,YLR110C,4.1918246651562185e-11
YPL239W,YDR379W,3.0476329793138746e-10
YPL239W,YDL100C,1.3314725322288723e-07
YPL239W,YHR073W,1.514831104998393e-08
YPL239W,YJR090C,2.2122883386321845e-11
YPL239W,YOR208W,3.184668122339614e-15
YPL239W,YBR040W,5.955787529821066e-10
YPL239W,YNL279W,2.6993215469913942e-14
YPL239W,YER075C,7.479070140981037e-10
YPL239W,YCR089W,7.035537419142202e-05
YPL239W,YCR002C,6.504532024109722e-08
YPL239W,YJL108C,2.109007546380326e-08
YPL239W,YBR200W,1.223789385801366e-11
YPL239W,YIL026C,1.6398702057732195e-12
YPL239W,YJR076C,2.611248248740594e-07
YPL239W,YKR031C,6.529335792038182e-07
YPL239W,YPL192C,3.2400468974458363e-09
YPL239W,YHR107C,2.0145546342220655e-10
YPL239W,YIL037C,7.492291231869785e-10
YPL239W,YPL156C,6.306630329078189e-09
YPL239W,YIL117C,2.47695697286332e-10
YPL239W,YHR066W,2.7173275157110766e-05
YPL239W,YML085C,3.8904890051726093e-13
YPL239W,YML047C,1.5264616237686823e-08
YPL239W,YDR312W,3.895100686435171e-09
YPL239W,YFL037W,1.392108117670432e-07
YPL239W,YDL038C,0.2020167112350464
YPL239W,YDL039C,3.584718818712505e-15
YPL239W,YCL027W,2.4506561224768575e-09
YPL239W,YML124C,1.6119670931402652e-07
YPL239W,YGL053W,2.0534082403760089e-16
YPL239W,YMR232W,4.15846888074783e-17
YPL239W,YNL298W,1.7204195247174053e-15
YPL239W,YGL099W,1.1786842084771012e-14
YPL239W,YBL016W,4.964112122252118e-06
YPL239W,YAL041W,2.1079196721451865e-10
YPL239W,YDR085C,1.1095012779422652e-26
YPL239W,YPL187W,0.9638636112213135
YPL239W,YPL256C,3.6931913148345596e-13
YPL239W,YDR461W,4.794116153336449e-17
YPL239W,YNL145W,1.8235748466821633e-09
snR48,YDL165W,4.6612745791208e-05
snR48,YGR059W,0.0002814323815982789
snR48,YBR109C,0.00014230533270165324
snR48,YJL080C,1.643318228161661e-06
snR48,YCR093W,0.004885790403932333
snR48,YIL122W,9.732663386330387e-08
snR48,YCL029C,0.006209034472703934
snR48,YNL173C,2.0779223632416688e-05
snR48,YLR452C,0.7758885025978088
snR48,YDL160C,1.996332002818235e-06
snR48,YLR229C,2.5545932658133097e-06
snR48,YML057W,0.04653092846274376
snR48,YER149C,0.016210688278079033
snR48,YMR305C,0.019372405484318733
snR48,YLR433C,2.128645974153187e-06
snR48,YJL073W,0.0021569037344306707
snR48,YGR279C,6.0344253142829984e-05
snR48,YKL190W,5.344072064872307e-07
snR48,YGL089C,0.006647261790931225
snR48,YJL019W,3.376693348400295e-05
snR48,YJL018W,0.2020167112350464
snR48,YNR032C-A,0.06166519969701767
snR48,YGL178W,0.0006533405976369977
snR48,YKL116C,3.5191689676139504e-05
snR48,YDL214C,0.05563792958855629
snR48,YLR362W,0.06278549134731293
snR48,YER068W,4.583767440635711e-05
snR48,YHR084W,0.00024002304417081177
snR48,YDR392W,0.018604621291160583
snR48,YNL053W,0.0018405073788017035
snR48,YGR040W,0.13145951926708221
snR48,YDL216C,0.06942567974328995
snR48,YOL117W,0.005568966269493103
snR48,YJR086W,0.0013399469899013638
snR48,YMR025W,2.8787961127818562e-05
snR48,YBR081C,0.05314715951681137
snR48,YFL026W,0.22143687307834625
snR48,YHL007C,0.019346894696354866
snR48,YNR044W,0.05026281625032425
snR48,YNL271C,0.0004489622369874269
snR48,YDR200C,0.0017731189727783203
snR48,YKL178C,5.2346829761518165e-05
snR48,YOR212W,0.8241397142410278
snR48,YOL111C,0.00017963019490707666
snR48,YGL032C,0.021593209356069565
snR48,YHR005C,0.9607716798782349
snR48,YDR103W,0.445968359708786
snR48,YJR084W,0.6547494530677795
snR48,YCL032W,0.05095860734581947
snR48,YJL170C,0.11972232162952423
snR48,YDR179C,0.004850790370255709
snR48,YBR095C,0.00023809817503206432
snR48,YLL021W,0.498515248298645
snR48,YDL159W,0.00014040606038179249
snR48,YNL161W,0.0008858306100592017
snR48,YNL188W,0.0015566176734864712
snR48,YJL157C,0.03269266337156296
snR48,YJL034W,6.832694907643599e-07
snR48,YLR238W,0.00839532632380724
snR48,YPR141C,0.0010658827377483249
snR48,YNL127W,0.9560070633888245
snR48,YCL055W,0.13001234829425812
snR48,YPR122W,0.3259141147136688
snR48,YMR065W,0.010060054250061512
snR48,YDR356W,6.999467586865649e-05
snR48,YMR052W,0.012126417830586433
snR48,YFR008W,0.6561295390129089
snR48,YLL043W,0.00028258017846383154
snR48,YMR029C,0.011058229021728039
snR48,YJR004C,3.456209924479481e-06
snR48,YDL223C,0.00011670024832710624
snR48,YHR158C,0.017232801765203476
snR48,YGR238C,6.668121932307258e-05
snR48,YIL015W,0.0022906544618308544
snR48,YGL173C,0.011974607594311237
snR48,YDL225W,0.00033586303470656276
snR48,YLR330W,2.838540638094855e-07
snR48,YBR129C,0.5616331100463867
snR48,YKR095W-A,0.2020167112350464
snR48,YPR075C,4.957610508427024e-05
snR48,YMR198W,0.057892631739377975
snR48,YOR127W,0.14568452537059784
snR48,YDR264C,0.0017445009434595704
snR48,YLR110C,0.0021371138282120228
snR48,YDR379W,0.010536480695009232
snR48,YDL100C,1.8994732045030105e-06
snR48,YHR073W,0.003575360868126154
snR48,YJR090C,0.03310953080654144
snR48,YOR208W,0.0002237512671854347
snR48,YBR040W,6.74583061481826e-05
snR48,YNL279W,0.7313855886459351
snR48,YER075C,3.387310789548792e-05
snR48,YCR089W,0.15285071730613708
snR48,YCR002C,0.004468604922294617
snR48,YJL108C,0.16652578115463257
snR48,YBR200W,0.08299329876899719
snR48,YIL026C,0.16500627994537354
snR48,YJR076C,7.473921073142265e-07
snR48,YKR031C,0.004937753081321716
snR48,YPL192C,6.444302471209085e-06
snR48,YHR107C,0.056712739169597626
snR48,YIL037C,0.0009385705925524235
snR48,YPL156C,0.0037017969880253077
snR48,YIL117C,0.00010223305434919894
snR48,YHR066W,0.0012790297623723745
snR48,YML085C,0.04170942306518555
snR48,YML047C,0.00018279365031048656
snR48,YDR312W,0.8833052515983582
snR48,YFL037W,0.00014608388300985098
snR48,YDL038C,0.2020167112350464
snR48,YDL039C,2.470025901857298e-05
snR48,YCL027W,0.23294447362422943
snR48,YML124C,3.942162948078476e-06
snR48,YGL053W,0.017834609374403954
snR48,YMR232W,0.008397700265049934
snR48,YNL298W,0.5480867624282837
snR48,YGL099W,0.014562932774424553
snR48,YBL016W,0.4779258370399475
snR48,YAL041W,0.00020632997620850801
snR48,YDR085C,0.0006719140219502151
snR48,YPL187W,0.04128199815750122
snR48,YPL256C,0.0040889279916882515
snR48,YDR461W,0.0185464508831501
snR48,YNL145W,2.5752364308573306e-05
tF(GAA)P1,YDL165W,0.2020167112350464
tF(GAA)P1,YGR059W,0.2020167112350464
tF(GAA)P1,YBR109C,0.2020167112350464
tF(GAA)P1,YJL080C,0.2020167112350464
tF(GAA)P1,YCR093W,0.2020167112350464
tF(GAA)P1,YIL122W,0.2020167112350464
tF(GAA)P1,YCL029C,0.2020167112350464
tF(GAA)P1,YNL173C,0.2020167112350464
tF(GAA)P1,YLR452C,0.2020167112350464
tF(GAA)P1,YDL160C,0.2020167112350464
tF(GAA)P1,YLR229C,0.2020167112350464
tF(GAA)P1,YML057W,0.2020167112350464
tF(GAA)P1,YER149C,0.2020167112350464
tF(GAA)P1,YMR305C,0.2020167112350464
tF(GAA)P1,YLR433C,0.2020167112350464
tF(GAA)P1,YJL073W,0.2020167112350464
tF(GAA)P1,YGR279C,0.2020167112350464
tF(GAA)P1,YKL190W,0.2020167112350464
tF(GAA)P1,YGL089C,0.2020167112350464
tF(GAA)P1,YJL019W,0.2020167112350464
tF(GAA)P1,YJL018W,0.2020167112350464
tF(GAA)P1,YNR032C-A,0.2020167112350464
tF(GAA)P1,YGL178W,0.2020167112350464
tF(GAA)P1,YKL116C,0.2020167112350464
tF(GAA)P1,YDL214C,0.2020167112350464
tF(GAA)P1,YLR362W,0.2020167112350464
tF(GAA)P1,YER068W,0.2020167112350464
tF(GAA)P1,YHR084W,0.2020167112350464
tF(GAA)P1,YDR392W,0.2020167112350464
tF(GAA)P1,YNL053W,0.2020167112350464
tF(GAA)P1,YGR040W,0.2020167112350464
tF(GAA)P1,YDL216C,0.2020167112350464
tF(GAA)P1,YOL117W,0.2020167112350464
tF(GAA)P1,YJR086W,0.2020167112350464
tF(GAA)P1,YMR025W,0.2020167112350464
tF(GAA)P1,YBR081C,0.2020167112350464
tF(GAA)P1,YFL026W,0.2020167112350464
tF(GAA)P1,YHL007C,0.2020167112350464
tF(GAA)P1,YNR044W,0.2020167112350464
tF(GAA)P1,YNL271C,0.2020167112350464
tF(GAA)P1,YDR200C,0.2020167112350464
tF(GAA)P1,YKL178C,0.2020167112350464
tF(GAA)P1,YOR212W,0.2020167112350464
tF(GAA)P1,YOL111C,0.2020167112350464
tF(GAA)P1,YGL032C,0.2020167112350464
tF(GAA)P1,YHR005C,0.2020167112350464
tF(GAA)P1,YDR103W,0.2020167112350464
tF(GAA)P1,YJR084W,0.2020167112350464
tF(GAA)P1,YCL032W,0.2020167112350464
tF(GAA)P1,YJL170C,0.2020167112350464
tF(GAA)P1,YDR179C,0.2020167112350464
tF(GAA)P1,YBR095C,0.2020167112350464
tF(GAA)P1,YLL021W,0.2020167112350464
tF(GAA)P1,YDL159W,0.2020167112350464
tF(GAA)P1,YNL161W,0.2020167112350464
tF(GAA)P1,YNL188W,0.2020167112350464
tF(GAA)P1,YJL157C,0.2020167112350464
tF(GAA)P1,YJL034W,0.2020167112350464
tF(GAA)P1,YLR238W,0.2020167112350464
tF(GAA)P1,YPR141C,0.2020167112350464
tF(GAA)P1,YNL127W,0.2020167112350464
tF(GAA)P1,YCL055W,0.2020167112350464
tF(GAA)P1,YPR122W,0.2020167112350464
tF(GAA)P1,YMR065W,0.2020167112350464
tF(GAA)P1,YDR356W,0.2020167112350464
tF(GAA)P1,YMR052W,0.2020167112350464
tF(GAA)P1,YFR008W,0.2020167112350464
tF(GAA)P1,YLL043W,0.2020167112350464
tF(GAA)P1,YMR029C,0.2020167112350464
tF(GAA)P1,YJR004C,0.2020167112350464
tF(GAA)P1,YDL223C,0.2020167112350464
tF(GAA)P1,YHR158C,0.2020167112350464
tF(GAA)P1,YGR238C,0.2020167112350464
tF(GAA)P1,YIL015W,0.2020167112350464
tF(GAA)P1,YGL173C,0.2020167112350464
tF(GAA)P1,YDL225W,0.2020167112350464
tF(GAA)P1,YLR330W,0.2020167112350464
tF(GAA)P1,YBR129C,0.2020167112350464
tF(GAA)P1,YKR095W-A,0.2020167112350464
tF(GAA)P1,YPR075C,0.2020167112350464
tF(GAA)P1,YMR198W,0.2020167112350464
tF(GAA)P1,YOR127W,0.2020167112350464
tF(GAA)P1,YDR264C,0.2020167112350464
tF(GAA)P1,YLR110C,0.2020167112350464
tF(GAA)P1,YDR379W,0.2020167112350464
tF(GAA)P1,YDL100C,0.2020167112350464
tF(GAA)P1,YHR073W,0.2020167112350464
tF(GAA)P1,YJR090C,0.2020167112350464
tF(GAA)P1,YOR208W,0.2020167112350464
tF(GAA)P1,YBR040W,0.2020167112350464
tF(GAA)P1,YNL279W,0.2020167112350464
tF(GAA)P1,YER075C,0.2020167112350464
tF(GAA)P1,YCR089W,0.2020167112350464
tF(GAA)P1,YCR002C,0.2020167112350464
tF(GAA)P1,YJL108C,0.2020167112350464
tF(GAA)P1,YBR200W,0.2020167112350464
tF(GAA)P1,YIL026C,0.2020167112350464
tF(GAA)P1,YJR076C,0.2020167112350464
tF(GAA)P1,YKR031C,0.2020167112350464
tF(GAA)P1,YPL192C,0.2020167112350464
tF(GAA)P1,YHR107C,0.2020167112350464
tF(GAA)P1,YIL037C,0.2020167112350464
tF(GAA)P1,YPL156C,0.2020167112350464
tF(GAA)P1,YIL117C,0.2020167112350464
tF(GAA)P1,YHR066W,0.2020167112350464
tF(GAA)P1,YML085C,0.2020167112350464
tF(GAA)P1,YML047C,0.2020167112350464
tF(GAA)P1,YDR312W,0.2020167112350464
tF(GAA)P1,YFL037W,0.2020167112350464
tF(GAA)P1,YDL038C,0.2020167112350464
tF(GAA)P1,YDL039C,0.2020167112350464
tF(GAA)P1,YCL027W,0.2020167112350464
tF(GAA)P1,YML124C,0.2020167112350464
tF(GAA)P1,YGL053W,0.2020167112350464
tF(GAA)P1,YMR232W,0.2020167112350464
tF(GAA)P1,YNL298W,0.2020167112350464
tF(GAA)P1,YGL099W,0.2020167112350464
tF(GAA)P1,YBL016W,0.2020167112350464
tF(GAA)P1,YAL041W,0.2020167112350464
tF(GAA)P1,YDR085C,0.2020167112350464
tF(GAA)P1,YPL187W,0.2020167112350464
tF(GAA)P1,YPL256C,0.2020167112350464
tF(GAA)P1,YDR461W,0.2020167112350464
tF(GAA)P1,YNL145W,0.2020167112350464
YOR196C,YDL165W,0.016178347170352936
YOR196C,YGR059W,1.121651393987122e-06
YOR196C,YBR109C,1.5916253204295572e-08
YOR196C,YJL080C,2.740729518335705e-12
YOR196C,YCR093W,3.608476254157722e-05
YOR196C,YIL122W,0.011083714663982391
YOR196C,YCL029C,0.5080947279930115
YOR196C,YNL173C,0.00017827775445766747
YOR196C,YLR452C,4.4632997298066357e-10
YOR196C,YDL160C,5.1080463643604634e-12
YOR196C,YLR229C,7.543633273598971e-08
YOR196C,YML057W,4.6672471443187646e-11
YOR196C,YER149C,0.00017898324585985392
YOR196C,YMR305C,2.784647783627553e-13
YOR196C,YLR433C,1.3025917011688648e-09
YOR196C,YJL073W,1.5612544146392793e-08
YOR196C,YGR279C,4.691309146709344e-11
YOR196C,YKL190W,5.132279511599336e-06
YOR196C,YGL089C,5.738373665131746e-10
YOR196C,YJL019W,4.276936124369968e-06
YOR196C,YJL018W,0.04315138980746269
YOR196C,YNR032C-A,0.013865486718714237
YOR196C,YGL178W,2.8874134194722956e-09
YOR196C,YKL116C,9.716359272715636e-08
YOR196C,YDL214C,0.019289080053567886
YOR196C,YLR362W,3.877592025247623e-09
YOR196C,YER068W,5.307743133897702e-11
YOR196C,YHR084W,5.6560243137937505e-06
YOR196C,YDR392W,3.209494752809405e-05
YOR196C,YNL053W,1.4404728290173807e-06
YOR196C,YGR040W,4.320903457255554e-08
YOR196C,YDL216C,0.5932530164718628
YOR196C,YOL117W,6.307965705332208e-09
YOR196C,YJR086W,2.8124142659180507e-07
YOR196C,YMR025W,1.3150240008030778e-08
YOR196C,YBR081C,0.00929141417145729
YOR196C,YFL026W,4.2319639004077814e-13
YOR196C,YHL007C,6.775952351745218e-05
YOR196C,YNR044W,3.223845079780574e-10
YOR196C,YNL271C,4.3269617890473455e-05
YOR196C,YDR200C,0.0003995367151219398
YOR196C,YKL178C,2.7955304176430218e-05
YOR196C,YOR212W,1.4359745337255703e-10
YOR196C,YOL111C,2.6898370683592354e-12
YOR196C,YGL032C,0.00021664131782017648
YOR196C,YHR005C,0.00035065345582552254
YOR196C,YDR103W,2.932094389507256e-07
YOR196C,YJR084W,7.986157015693607e-07
YOR196C,YCL032W,0.011001325212419033
YOR196C,YJL170C,1.1432664905441925e-05
YOR196C,YDR179C,5.672493585962002e-10
YOR196C,YBR095C,5.4442853780756195e-08
YOR196C,YLL021W,1.5489914062527532e-07
YOR196C,YDL159W,3.901896583613507e-09
YOR196C,YNL161W,2.105341764035984e-06
YOR196C,YNL188W,2.305398981525958e-13
YOR196C,YJL157C,1.4905360785633093e-06
YOR196C,YJL034W,5.831909399844903e-10
YOR196C,YLR238W,0.00011011046444764361
YOR196C,YPR141C,4.3455554710192246e-09
YOR196C,YNL127W,0.0003264647093601525
YOR196C,YCL055W,1.1271270583534942e-09
YOR196C,YPR122W,1.0242656129180218e-14
YOR196C,YMR065W,6.173606834636303e-06
YOR196C,YDR356W,0.05515972524881363
YOR196C,YMR052W,6.070069957786473e-07
YOR196C,YFR008W,5.905617945245467e-05
YOR196C,YLL043W,5.774214873605077e-12
YOR196C,YMR029C,0.018603520467877388
YOR196C,YJR004C,1.752334810589673e-08
YOR196C,YDL223C,0.7223904132843018
YOR196C,YHR158C,1.975180512532338e-16
YOR196C,YGR238C,7.010518388028686e-09
YOR196C,YIL015W,3.582078860961402e-12
YOR196C,YGL173C,5.95562044125586e-09
YOR196C,YDL225W,1.4526109737289516e-07
YOR196C,YLR330W,1.6841426031533047e-09
YOR196C,YBR129C,0.00035726954229176044
YOR196C,YKR095W-A,0.2020167112350464
YOR196C,YPR075C,5.532969082899797e-10
YOR196C,YMR198W,0.002283611334860325
YOR196C,YOR127W,2.9513398018890524e-13
YOR196C,YDR264C,0.003309448715299368
YOR196C,YLR110C,3.8489703091393324e-10
YOR196C,YDR379W,1.3484901400812738e-13
YOR196C,YDL100C,3.185720730183167e-14
YOR196C,YHR073W,1.9084775431110756e-06
YOR196C,YJR090C,1.574355749933698e-11
YOR196C,YOR208W,5.354964471848689e-08
YOR196C,YBR040W,0.00011548486509127542
YOR196C,YNL279W,0.0004983790568076074
YOR196C,YER075C,9.890475638485441e-08
YOR196C,YCR089W,0.0007022135541774333
YOR196C,YCR002C,1.2100608015597203e-10
YOR196C,YJL108C,2.537394461210596e-10
YOR196C,YBR200W,5.9760676407449864e-09
YOR196C,YIL026C,3.197303533042373e-11
YOR196C,YJR076C,9.266782541317298e-08
YOR196C,YKR031C,1.6683448848198168e-05
YOR196C,YPL192C,1.9225166170144803e-07
YOR196C,YHR107C,2.0570588787904853e-07
YOR196C,YIL037C,1.0144206585849247e-09
YOR196C,YPL156C,1.0864039268199122e-06
YOR196C,YIL117C,0.9996691942214966
YOR196C,YHR066W,4.4971092821866065e-12
YOR196C,YML085C,5.06551432744029e-11
YOR196C,YML047C,6.390035878212075e-08
YOR196C,YDR312W,3.958453089580871e-05
YOR196C,YFL037W,0.9438692927360535
YOR196C,YDL038C,0.2020167112350464
YOR196C,YDL039C,6.723971601729772e-09
YOR196C,YCL027W,1.2380454563754029e-06
YOR196C,YML124C,3.117715113853947e-11
YOR196C,YGL053W,3.555272633093409e-05
YOR196C,YMR232W,0.0001399143657181412
YOR196C,YNL298W,6.817802433722875e-10
YOR196C,YGL099W,8.738677980562638e-15
YOR196C,YBL016W,4.0079221719224734e-08
YOR196C,YAL041W,0.0001465736422687769
YOR196C,YDR085C,0.8963361382484436
YOR196C,YPL187W,0.9167874455451965
YOR196C,YPL256C,1.0095395656592454e-12
YOR196C,YDR461W,4.517959391206559e-15
YOR196C,YNL145W,2.8457726626573976e-13
YOR031W,YDL165W,9.708747062529832e-19
YOR031W,YGR059W,4.937620587952551e-07
YOR031W,YBR109C,4.6048370195075905e-15
YOR031W,YJL080C,3.5841802751646404e-14
YOR031W,YCR093W,1.5367656658327178e-07
YOR031W,YIL122W,0.001088261022232473
YOR031W,YCL029C,1.6308042224033766e-14
YOR031W,YNL173C,2.0062309591395433e-09
YOR031W,YLR452C,0.0021293864119797945
YOR031W,YDL160C,7.388857920886949e-05
YOR031W,YLR229C,0.00010532234591664746
YOR031W,YML057W,1.7066643931418213e-10
YOR031W,YER149C,0.08884160220623016
YOR031W,YMR305C,7.274084112829371e-11
YOR031W,YLR433C,3.889163906478643e-07
YOR031W,YJL073W,3.3742558969152014e-08
YOR031W,YGR279C,5.4885735956133885e-09
YOR031W,YKL190W,4.155767996394388e-08
YOR031W,YGL089C,0.010050656273961067
YOR031W,YJL019W,1.324913796452165e-07
YOR031W,YJL018W,0.09142867475748062
YOR031W,YNR032C-A,0.0037785677704960108
YOR031W,YGL178W,4.7859207370493095e-06
YOR031W,YKL116C,2.3010665595180058e-10
YOR031W,YDL214C,0.00118168699555099
YOR031W,YLR362W,2.8813940389227355e-07
YOR031W,YER068W,0.2989867031574249
YOR031W,YHR084W,3.679398365846742e-12
YOR031W,YDR392W,1.2196519564699332e-13
YOR031W,YNL053W,0.00385765521787107
YOR031W,YGR040W,0.00039017945528030396
YOR031W,YDL216C,4.2837427827180363e-07
YOR031W,YOL117W,1.6790663082133506e-08
YOR031W,YJR086W,3.267739851386656e-20
YOR031W,YMR025W,6.291843135386443e-08
YOR031W,YBR081C,3.4599381137923046e-08
YOR031W,YFL026W,1.3952088616375757e-11
YOR031W,YHL007C,1.323836484878882e-09
YOR031W,YNR044W,0.1894027292728424
YOR031W,YNL271C,6.586052592183478e-08
YOR031W,YDR200C,3.068720104693057e-07
YOR031W,YKL178C,0.9977880716323853
YOR031W,YOR212W,1.3724332781350768e-08
YOR031W,YOL111C,0.03367794677615166
YOR031W,YGL032C,1.0525293744206854e-13
YOR031W,YHR005C,8.89337992138195e-10
YOR031W,YDR103W,3.941737958257363e-08
YOR031W,YJR084W,3.755807192080138e-15
YOR031W,YCL032W,0.3140888214111328
YOR031W,YJL170C,7.422331691486761e-07
YOR031W,YDR179C,1.2378147573599563e-07
YOR031W,YBR095C,1.8109346487660272e-12
YOR031W,YLL021W,5.3943102663476985e-15
YOR031W,YDL159W,7.01161866345501e-08
YOR031W,YNL161W,5.628397730106371e-07
YOR031W,YNL188W,1.4099243690959828e-12
YOR031W,YJL157C,2.5926477761548106e-13
YOR031W,YJL034W,6.409907005270341e-16
YOR031W,YLR238W,5.8681230541424156e-08
YOR031W,YPR141C,1.1622351081541638e-07
YOR031W,YNL127W,1.8564685433375416e-06
YOR031W,YCL055W,4.0906794618322806e-10
YOR031W,YPR122W,8.617988100922958e-09
YOR031W,YMR065W,0.0001451870775781572
YOR031W,YDR356W,2.4483622382831527e-06
YOR031W,YMR052W,0.01069472637027502
YOR031W,YFR008W,1.5701477451557366e-08
YOR031W,YLL043W,7.775815902277827e-06
YOR031W,YMR029C,5.731607544134931e-08
YOR031W,YJR004C,0.0004483329248614609
YOR031W,YDL223C,1.0520864179852651e-08
YOR031W,YHR158C,1.9659919525683023e-11
YOR031W,YGR238C,7.904539653033615e-13
YOR031W,YIL015W,1.9075141608482227e-05
YOR031W,YGL173C,1.1515261633121554e-08
YOR031W,YDL225W,2.1089787633229133e-16
YOR031W,YLR330W,3.5979719541501254e-05
YOR031W,YBR129C,2.4444834707537666e-05
YOR031W,YKR095W-A,0.2020167112350464
YOR031W,YPR075C,0.00028798473067581654
YOR031W,YMR198W,0.6228356957435608
YOR031W,YOR127W,7.30082730382442e-11
YOR031W,YDR264C,2.1692227181180357e-10
YOR031W,YLR110C,0.0006851785001344979
YOR031W,YDR379W,2.2082512894389133e-17
YOR031W,YDL100C,2.3314700457787232e-14
YOR031W,YHR073W,4.8961053961127377e-11
YOR031W,YJR090C,5.787887530361857e-12
YOR031W,YOR208W,8.853556221488645e-10
YOR031W,YBR040W,0.001287548802793026
YOR031W,YNL279W,0.9777373671531677
YOR031W,YER075C,2.7714541772638768e-09
YOR031W,YCR089W,5.444516136776656e-05
YOR031W,YCR002C,5.235304919616601e-13
YOR031W,YJL108C,2.4256119104393292e-06
YOR031W,YBR200W,0.46646472811698914
YOR031W,YIL026C,6.201336666400437e-10
YOR031W,YJR076C,2.8249009034753136e-11
YOR031W,YKR031C,0.039718758314847946
YOR031W,YPL192C,5.919555123856668e-11
YOR031W,YHR107C,1.967285900766132e-15
YOR031W,YIL037C,7.036395572868059e-07
YOR031W,YPL156C,0.00032993374043144286
YOR031W,YIL117C,3.7128142338360703e-08
YOR031W,YHR066W,5.477730248559798e-12
YOR031W,YML085C,1.7622203677303445e-14
YOR031W,YML047C,0.0008830575970932841
YOR031W,YDR312W,3.2982465647535264e-09
YOR031W,YFL037W,3.066632534311982e-20
YOR031W,YDL038C,0.2020167112350464
YOR031W,YDL039C,6.017417348501116e-16
YOR031W,YCL027W,9.561349543218967e-07
YOR031W,YML124C,5.936304075149068e-21
YOR031W,YGL053W,1.532899678319994e-17
YOR031W,YMR232W,1.4729469512531068e-05
YOR031W,YNL298W,7.097422476121107e-12
YOR031W,YGL099W,4.960805309718465e-19
YOR031W,YBL016W,3.8454208706184545e-09
YOR031W,YAL041W,3.396243073439109e-06
YOR031W,YDR085C,9.129925288009488e-11
YOR031W,YPL187W,9.295824665578323e-10
YOR031W,YPL256C,2.1862252564367493e-16
YOR031W,YDR461W,2.2254289323207733e-15
YOR031W,YNL145W,1.1624167713184929e-15
YCR091W,YDL165W,1.5911245654365302e-08
YCR091W,YGR059W,8.806773088565478e-09
YCR091W,YBR109C,0.9378898739814758
YCR091W,YJL080C,1.0207752421109717e-09
YCR091W,YCR093W,2.483982741718904e-10
YCR091W,YIL122W,0.0010106234112754464
YCR091W,YCL029C,0.01785755157470703
YCR091W,YNL173C,1.4405042747966945e-05
YCR091W,YLR452C,0.13246333599090576
YCR091W,YDL160C,1.4337079846882261e-05
YCR091W,YLR229C,6.875887629576027e-05
YCR091W,YML057W,1.8356419673182245e-07
YCR091W,YER149C,9.417577189196891e-07
YCR091W,YMR305C,7.314971298910677e-05
YCR091W,YLR433C,0.02872835285961628
YCR091W,YJL073W,2.1870711464089254e-07
YCR091W,YGR279C,0.48155057430267334
YCR091W,YKL190W,0.9993554949760437
YCR091W,YGL089C,0.829073429107666
YCR091W,YJL019W,0.9881762266159058
YCR091W,YJL018W,0.002400297438725829
YCR091W,YNR032C-A,0.12082505226135254
YCR091W,YGL178W,0.009829911403357983
YCR091W,YKL116C,9.981955372495577e-05
YCR091W,YDL214C,1.0
YCR091W,YLR362W,2.3725883693259675e-06
YCR091W,YER068W,1.759230955356017e-11
YCR091W,YHR084W,2.92824431369354e-09
YCR091W,YDR392W,0.16676901280879974
YCR091W,YNL053W,0.9226728081703186
YCR091W,YGR040W,0.01736411452293396
YCR091W,YDL216C,6.645406447347568e-09
YCR091W,YOL117W,0.04140026122331619
YCR091W,YJR086W,0.001631031627766788
YCR091W,YMR025W,0.09103142470121384
YCR091W,YBR081C,0.974994957447052
YCR091W,YFL026W,0.08384988456964493
YCR091W,YHL007C,0.0016264909645542502
YCR091W,YNR044W,0.9987984895706177
YCR091W,YNL271C,0.03799258917570114
YCR091W,YDR200C,7.796004501869902e-05
YCR091W,YKL178C,0.33292528986930847
YCR091W,YOR212W,2.8962235774088185e-06
YCR091W,YOL111C,6.235003820620477e-05
YCR091W,YGL032C,5.683626795871533e-07
YCR091W,YHR005C,0.9998443126678467
YCR091W,YDR103W,0.10321876406669617
YCR091W,YJR084W,8.911627810448408e-05
YCR091W,YCL032W,0.0035696423146873713
YCR091W,YJL170C,0.0006252519087865949
YCR091W,YDR179C,1.023289428303542e-06
YCR091W,YBR095C,6.869794106023619e-06
YCR091W,YLL021W,5.733382567996159e-05
YCR091W,YDL159W,1.2299945410632063e-05
YCR091W,YNL161W,0.40407708287239075
YCR091W,YNL188W,0.0014125386951491237
YCR091W,YJL157C,2.962285918783891e-07
YCR091W,YJL034W,3.8323356532470043e-13
YCR091W,YLR238W,0.0002788661513477564
YCR091W,YPR141C,0.9916688203811646
YCR091W,YNL127W,0.055423714220523834
YCR091W,YCL055W,0.3111114501953125
YCR091W,YPR122W,1.611790867173113e-05
YCR091W,YMR065W,0.9992824196815491
YCR091W,YDR356W,0.09643835574388504
YCR091W,YMR052W,0.00017958754324354231
YCR091W,YFR008W,0.0025821675080806017
YCR091W,YLL043W,0.0029385192319750786
YCR091W,YMR029C,0.036183908581733704
YCR091W,YJR004C,0.0003524518688209355
YCR091W,YDL223C,3.4849367835931844e-10
YCR091W,YHR158C,0.8075681924819946
YCR091W,YGR238C,4.9113212298834696e-05
YCR091W,YIL015W,0.0004934401367790997
YCR091W,YGL173C,7.776706479489803e-05
YCR091W,YDL225W,1.966385667628856e-07
YCR091W,YLR330W,2.1182502507599565e-07
YCR091W,YBR129C,0.010151118040084839
YCR091W,YKR095W-A,0.2020167112350464
YCR091W,YPR075C,1.891761747252474e-11
YCR091W,YMR198W,7.510167279178859e-07
YCR091W,YOR127W,5.681383754563285e-06
YCR091W,YDR264C,1.3140004639922154e-09
YCR091W,YLR110C,0.9944754242897034
YCR091W,YDR379W,0.5757780075073242
YCR091W,YDL100C,0.9671293497085571
YCR091W,YHR073W,0.00029286116478033364
YCR091W,YJR090C,0.00010404671775177121
YCR091W,YOR208W,0.06351756304502487
YCR091W,YBR040W,0.9740817546844482
YCR091W,YNL279W,0.01871037483215332
YCR091W,YER075C,0.9751087427139282
YCR091W,YCR089W,0.00033802067628130317
YCR091W,YCR002C,0.0019671630579978228
YCR091W,YJL108C,0.9993817806243896
YCR091W,YBR200W,0.00021382169506978244
YCR091W,YIL026C,1.2378565088511095e-06
YCR091W,YJR076C,0.02492443658411503
YCR091W,YKR031C,0.030867749825119972
YCR091W,YPL192C,2.0273122572689317e-05
YCR091W,YHR107C,4.2113384552067146e-05
YCR091W,YIL037C,1.6009640546599258e-07
YCR091W,YPL156C,4.1760016756597906e-05
YCR091W,YIL117C,0.009628730826079845
YCR091W,YHR066W,1.1438223144252108e-13
YCR091W,YML085C,0.10094942152500153
YCR091W,YML047C,0.11131623387336731
YCR091W,YDR312W,0.9865260720252991
YCR091W,YFL037W,1.4736625075784104e-07
YCR091W,YDL038C,0.2020167112350464
YCR091W,YDL039C,1.04085750435301e-11
YCR091W,YCL027W,0.16880092024803162
YCR091W,YML124C,1.7281049480288857e-08
YCR091W,YGL053W,0.34022462368011475
YCR091W,YMR232W,0.06524403393268585
YCR091W,YNL298W,0.8304570913314819
YCR091W,YGL099W,3.7794698926063575e-08
YCR091W,YBL016W,0.4040082097053528
YCR091W,YAL041W,6.286334155447548e-06
YCR091W,YDR085C,0.08848685026168823
YCR091W,YPL187W,2.018210949472632e-07
YCR091W,YPL256C,1.4924235181013046e-09
YCR091W,YDR461W,1.887711237325007e-10
YCR091W,YNL145W,5.8444143178348895e-06
YHL034C,YDL165W,2.2025846424522655e-10
YHL034C,YGR059W,0.005053482484072447
YHL034C,YBR109C,7.971647164595197e-08
YHL034C,YJL080C,2.4548018700443208e-05
YHL034C,YCR093W,6.508049654740944e-10
YHL034C,YIL122W,0.008501124568283558
YHL034C,YCL029C,3.965591418610137e-15
YHL034C,YNL173C,4.024713722017292e-12
YHL034C,YLR452C,4.885100657325836e-10
YHL034C,YDL160C,2.2730766602307995e-08
YHL034C,YLR229C,0.0005509224138222635
YHL034C,YML057W,3.215917929091233e-13
YHL034C,YER149C,9.886114149537661e-09
YHL034C,YMR305C,4.404400844038037e-09
YHL034C,YLR433C,7.253990377126263e-12
YHL034C,YJL073W,1.2902446309710075e-14
YHL034C,YGR279C,5.200856967313428e-10
YHL034C,YKL190W,1.5134401110117324e-05
YHL034C,YGL089C,1.3451976421663403e-08
YHL034C,YJL019W,8.463608503275766e-13
YHL034C,YJL018W,0.04352455586194992
YHL034C,YNR032C-A,0.011211061850190163
YHL034C,YGL178W,9.049278548722839e-10
YHL034C,YKL116C,6.742178482177508e-10
YHL034C,YDL214C,1.8387958334642462e-05
YHL034C,YLR362W,2.1447789322337485e-08
YHL034C,YER068W,1.4486912114364259e-08
YHL034C,YHR084W,1.1299543765941333e-11
YHL034C,YDR392W,8.329131828688219e-10
YHL034C,YNL053W,0.27007487416267395
YHL034C,YGR040W,0.0001749480579746887
YHL034C,YDL216C,9.430909386765052e-10
YHL034C,YOL117W,2.0720186455491785e-07
YHL034C,YJR086W,3.4950651752296835e-05
YHL034C,YMR025W,4.6497856232008417e-08
YHL034C,YBR081C,2.8593822207767516e-06
YHL034C,YFL026W,7.148509562071581e-11
YHL034C,YHL007C,5.4917299874279735e-11
YHL034C,YNR044W,1.6341073205694556e-05
YHL034C,YNL271C,7.608636951772496e-05
YHL034C,YDR200C,9.054712535316867e-11
YHL034C,YKL178C,0.04477308318018913
YHL034C,YOR212W,4.0792105804321466e-10
YHL034C,YOL111C,1.4846997606289524e-18
YHL034C,YGL032C,5.740245501151264e-10
YHL034C,YHR005C,4.271182518778005e-08
YHL034C,YDR103W,1.1579242339271323e-12
YHL034C,YJR084W,2.7360556487110443e-07
YHL034C,YCL032W,1.0807657417899463e-06
YHL034C,YJL170C,2.7163272520169812e-08
YHL034C,YDR179C,9.052247205943928e-14
YHL034C,YBR095C,1.2818844076500913e-11
YHL034C,YLL021W,4.757270133382008e-10
YHL034C,YDL159W,6.360011184369796e-09
YHL034C,YNL161W,0.0004881152999587357
YHL034C,YNL188W,9.992907194132867e-16
YHL034C,YJL157C,2.4490161649737274e-06
YHL034C,YJL034W,1.1451815225882456e-05
YHL034C,YLR238W,3.56890228481177e-09
YHL034C,YPR141C,3.1611597250957857e-07
YHL034C,YNL127W,7.383532647509128e-05
YHL034C,YCL055W,8.643390856377664e-07
YHL034C,YPR122W,3.612820806409012e-11
YHL034C,YMR065W,1.465059966676563e-07
YHL034C,YDR356W,9.215345500579453e-13
YHL034C,YMR052W,3.7508314107981278e-06
YHL034C,YFR008W,2.792127062889449e-08
YHL034C,YLL043W,1.4934436066288415e-12
YHL034C,YMR029C,9.915559692763587e-12
YHL034C,YJR004C,1.8916859398365737e-11
YHL034C,YDL223C,9.858048113985194e-15
YHL034C,YHR158C,1.641920974182476e-11
YHL034C,YGR238C,4.6740775312692495e-12
YHL034C,YIL015W,1.5046087042946965e-08
YHL034C,YGL173C,7.54867102159551e-08
YHL034C,YDL225W,1.7721304175211117e-05
YHL034C,YLR330W,2.5264542273362167e-05
YHL034C,YBR129C,2.9035555826339987e-07
YHL034C,YKR095W-A,0.2020167112350464
YHL034C,YPR075C,6.937584187682866e-13
YHL034C,YMR198W,5.190382013076089e-10
YHL034C,YOR127W,5.809024017366937e-08
YHL034C,YDR264C,6.947426811620971e-08
YHL034C,YLR110C,5.8116471635116795e-09
YHL034C,YDR379W,6.551855676661944e-06
YHL034C,YDL100C,1.1913925792098046e-12
YHL034C,YHR073W,4.2040082917083055e-06
YHL034C,YJR090C,1.4013005511515075e-06
YHL034C,YOR208W,2.725240619838587e-06
YHL034C,YBR040W,1.1636657291091979e-05
YHL034C,YNL279W,0.00010977131751133129
YHL034C,YER075C,5.1332592012785436e-14
YHL034C,YCR089W,3.0088936731945553e-18
YHL034C,YCR002C,1.4345873378118768e-09
YHL034C,YJL108C,0.7814037203788757
YHL034C,YBR200W,2.2920999820374988e-10
YHL034C,YIL026C,1.1960253232246032e-07
YHL034C,YJR076C,9.227203174100372e-16
YHL034C,YKR031C,0.00017585621390026063
YHL034C,YPL192C,5.207515641814098e-06
YHL034C,YHR107C,5.2576933029513384e-08
YHL034C,YIL037C,3.775551022044965e-06
YHL034C,YPL156C,9.169524446406285e-07
YHL034C,YIL117C,0.02463296800851822
YHL034C,YHR066W,1.4428596646983775e-22
YHL034C,YML085C,0.0003873156674671918
YHL034C,YML047C,2.986864311438353e-09
YHL034C,YDR312W,1.2032306262454995e-09
YHL034C,YFL037W,8.942030227387932e-09
YHL034C,YDL038C,0.2020167112350464
YHL034C,YDL039C,2.5149629934162476e-08
YHL034C,YCL027W,2.4576642804197135e-12
YHL034C,YML124C,0.00015640071069356054
YHL034C,YGL053W,3.718120478168885e-09
YHL034C,YMR232W,1.1398908206228242e-10
YHL034C,YNL298W,1.1748572887881892e-06
YHL034C,YGL099W,1.356863454635203e-15
YHL034C,YBL016W,7.983270506883855e-07
YHL034C,YAL041W,1.7184839705766675e-12
YHL034C,YDR085C,6.88696454744786e-05
YHL034C,YPL187W,6.128812856331933e-06
YHL034C,YPL256C,1.846658492787867e-09
YHL034C,YDR461W,1.0831321083093481e-11
YHL034C,YNL145W,4.761554919241462e-07
YIL068C,YDL165W,0.24399463832378387
YIL068C,YGR059W,3.587977334973402e-05
YIL068C,YBR109C,6.927154572622385e-06
YIL068C,YJL080C,0.3697766959667206
YIL068C,YCR093W,0.0001184123830171302
YIL068C,YIL122W,6.9896959757898e-05
YIL068C,YCL029C,2.4449574258759857e-15
YIL068C,YNL173C,4.0942475720839866e-07
YIL068C,YLR452C,0.8474366664886475
YIL068C,YDL160C,6.047807983122766e-05
YIL068C,YLR229C,0.00022795698896516114
YIL068C,YML057W,3.0368592085494583e-09
YIL068C,YER149C,0.7448531985282898
YIL068C,YMR305C,1.788570443750359e-05
YIL068C,YLR433C,0.013481358997523785
YIL068C,YJL073W,5.992226714823801e-10
YIL068C,YGR279C,9.340477902242128e-08
YIL068C,YKL190W,0.0005752989090979099
YIL068C,YGL089C,0.6636385917663574
YIL068C,YJL019W,6.248163845157251e-05
YIL068C,YJL018W,0.2020167112350464
YIL068C,YNR032C-A,0.05214168131351471
YIL068C,YGL178W,2.917093511189961e-10
YIL068C,YKL116C,1.7465158634877298e-06
YIL068C,YDL214C,0.0002406956336926669
YIL068C,YLR362W,6.269561225735742e-08
YIL068C,YER068W,4.483156068602057e-09
YIL068C,YHR084W,0.04596700146794319
YIL068C,YDR392W,9.191477090553235e-08
YIL068C,YNL053W,4.4521955715026706e-05
YIL068C,YGR040W,1.5049738522066036e-06
YIL068C,YDL216C,1.2351452824077569e-05
YIL068C,YOL117W,2.498671713979661e-09
YIL068C,YJR086W,0.003011570079252124
YIL068C,YMR025W,6.826371190982172e-06
YIL068C,YBR081C,0.00010459971963427961
YIL068C,YFL026W,6.812635433561809e-08
YIL068C,YHL007C,2.850919997854362e-07
YIL068C,YNR044W,7.284063485712977e-08
YIL068C,YNL271C,0.0013222175184637308
YIL068C,YDR200C,2.6911648907598784e-13
YIL068C,YKL178C,1.96440463895442e-09
YIL068C,YOR212W,8.774991329119075e-07
YIL068C,YOL111C,1.130972395912977e-05
YIL068C,YGL032C,4.529706347966567e-05
YIL068C,YHR005C,5.149388148550276e-15
YIL068C,YDR103W,0.04033651575446129
YIL068C,YJR084W,5.798453402405248e-15
YIL068C,YCL032W,6.412118091247976e-05
YIL068C,YJL170C,5.512308689503698e-06
YIL068C,YDR179C,1.4055129504697561e-08
YIL068C,YBR095C,1.908355606872192e-08
YIL068C,YLL021W,3.404619253188912e-09
YIL068C,YDL159W,4.24283611716314e-12
YIL068C,YNL161W,8.289655852422584e-06
YIL068C,YNL188W,0.8108924031257629
YIL068C,YJL157C,7.327272760448977e-05
YIL068C,YJL034W,0.00011145087046315894
YIL068C,YLR238W,4.129464131752414e-12
YIL068C,YPR141C,1.197024289467663e-06
YIL068C,YNL127W,6.315564746728342e-07
YIL068C,YCL055W,1.3935779613616361e-12
YIL068C,YPR122W,0.00016595821944065392
YIL068C,YMR065W,0.00023644670727662742
YIL068C,YDR356W,2.434035195619799e-06
YIL068C,YMR052W,1.075843465514481e-05
YIL068C,YFR008W,1.7983952105282697e-08
YIL068C,YLL043W,3.564179229531561e-10
YIL068C,YMR029C,9.925549965261737e-12
YIL068C,YJR004C,6.908233558533539e-07
YIL068C,YDL223C,4.8061339630312006e-11
YIL068C,YHR158C,0.002087754663079977
YIL068C,YGR238C,1.8913388188934732e-08
YIL068C,YIL015W,3.2279640436172485e-05
YIL068C,YGL173C,1.028415908876923e-06
YIL068C,YDL225W,0.023729078471660614
YIL068C,YLR330W,8.007943641530346e-09
YIL068C,YBR129C,7.065388551996676e-11
YIL068C,YKR095W-A,0.2020167112350464
YIL068C,YPR075C,1.8636337265065528e-11
YIL068C,YMR198W,3.006094518817094e-14
YIL068C,YOR127W,5.942094816191457e-09
YIL068C,YDR264C,2.5638669853833562e-08
YIL068C,YLR110C,0.00011112041829619557
YIL068C,YDR379W,8.927442785022777e-09
YIL068C,YDL100C,2.0131256384114948e-10
YIL068C,YHR073W,6.286217058004695e-08
YIL068C,YJR090C,3.395178893583761e-08
YIL068C,YOR208W,8.818613326827974e-15
YIL068C,YBR040W,0.0008375140023417771
YIL068C,YNL279W,0.035564567893743515
YIL068C,YER075C,0.0023758600000292063
YIL068C,YCR089W,2.675928989503973e-08
YIL068C,YCR002C,9.527590009383857e-05
YIL068C,YJL108C,2.2145208333768096e-08
YIL068C,YBR200W,2.137331788333932e-14
YIL068C,YIL026C,0.13474972546100616
YIL068C,YJR076C,1.980631054721016e-07
YIL068C,YKR031C,4.23581077484414e-05
YIL068C,YPL192C,4.127745341975242e-05
YIL068C,YHR107C,2.7530262514119386e-08
YIL068C,YIL037C,9.624310041544959e-05
YIL068C,YPL156C,0.00075154984369874
YIL068C,YIL117C,7.246637778735021e-06
YIL068C,YHR066W,6.41459524386434e-11
YIL068C,YML085C,0.01772642508149147
YIL068C,YML047C,1.9420218450250104e-05
YIL068C,YDR312W,0.11549358814954758
YIL068C,YFL037W,1.2180101293779444e-05
YIL068C,YDL038C,0.2020167112350464
YIL068C,YDL039C,6.099993015047656e-13
YIL068C,YCL027W,1.0179934406551183e-06
YIL068C,YML124C,1.1148899830004666e-06
YIL068C,YGL053W,1.7501351756710193e-10
YIL068C,YMR232W,1.833531655393017e-06
YIL068C,YNL298W,1.1917154374430083e-08
YIL068C,YGL099W,4.402993727126159e-05
YIL068C,YBL016W,2.4414290034080466e-12
YIL068C,YAL041W,3.7969952182415057e-10
YIL068C,YDR085C,0.00020999739354010671
YIL068C,YPL187W,7.1077838583732955e-06
YIL068C,YPL256C,0.00039822087273932993
YIL068C,YDR461W,3.556301371551891e-14
YIL068C,YNL145W,1.7588314449312747e-07
tQ(UUG)D3,YDL165W,1.0062797173304716e-07
tQ(UUG)D3,YGR059W,1.4202611309244162e-09
tQ(UUG)D3,YBR109C,1.1022175172570314e-08
tQ(UUG)D3,YJL080C,8.816832632874139e-07
tQ(UUG)D3,YCR093W,0.08734782040119171
tQ(UUG)D3,YIL122W,3.856922558043152e-05
tQ(UUG)D3,YCL029C,0.001050941296853125
tQ(UUG)D3,YNL173C,4.008016185252927e-05
tQ(UUG)D3,YLR452C,0.002032365882769227
tQ(UUG)D3,YDL160C,0.0002895998186431825
tQ(UUG)D3,YLR229C,3.031573880818428e-10
tQ(UUG)D3,YML057W,0.007584294304251671
tQ(UUG)D3,YER149C,8.823894313536584e-05
tQ(UUG)D3,YMR305C,4.681070642220675e-09
tQ(UUG)D3,YLR433C,0.021579105406999588
tQ(UUG)D3,YJL073W,0.16813434660434723
tQ(UUG)D3,YGR279C,0.0004324055335018784
tQ(UUG)D3,YKL190W,8.715937127590223e-08
tQ(UUG)D3,YGL089C,0.000278323219390586
tQ(UUG)D3,YJL019W,0.016687026247382164
tQ(UUG)D3,YJL018W,0.2020167112350464
tQ(UUG)D3,YNR032C-A,1.8107593291460944e-07
tQ(UUG)D3,YGL178W,0.21526587009429932
tQ(UUG)D3,YKL116C,0.00025904583162628114
tQ(UUG)D3,YDL214C,0.0013044786173850298
tQ(UUG)D3,YLR362W,0.48406264185905457
tQ(UUG)D3,YER068W,0.0013163941912353039
tQ(UUG)D3,YHR084W,2.934178269242693e-07
tQ(UUG)D3,YDR392W,7.522937721660128e-06
tQ(UUG)D3,YNL053W,7.221686973934993e-05
tQ(UUG)D3,YGR040W,0.00044541069655679166
tQ(UUG)D3,YDL216C,9.299489647673909e-06
tQ(UUG)D3,YOL117W,5.263814273348544e-07
tQ(UUG)D3,YJR086W,1.0228875453321962e-06
tQ(UUG)D3,YMR025W,3.477007055607828e-07
tQ(UUG)D3,YBR081C,2.562243207648862e-05
tQ(UUG)D3,YFL026W,8.871160872558903e-08
tQ(UUG)D3,YHL007C,2.5095514502027072e-05
tQ(UUG)D3,YNR044W,0.022757375612854958
tQ(UUG)D3,YNL271C,0.0015466860495507717
tQ(UUG)D3,YDR200C,7.094016837072559e-06
tQ(UUG)D3,YKL178C,0.012662380933761597
tQ(UUG)D3,YOR212W,5.851653440913651e-06
tQ(UUG)D3,YOL111C,0.001563360565342009
tQ(UUG)D3,YGL032C,8.79615583926352e-07
tQ(UUG)D3,YHR005C,6.819702684879303e-05
tQ(UUG)D3,YDR103W,2.7031069294025656e-06
tQ(UUG)D3,YJR084W,0.21771478652954102
tQ(UUG)D3,YCL032W,0.003957654815167189
tQ(UUG)D3,YJL170C,5.881849460820376e-07
tQ(UUG)D3,YDR179C,9.496441634837538e-05
tQ(UUG)D3,YBR095C,2.075272823276464e-05
tQ(UUG)D3,YLL021W,1.1807333976321388e-05
tQ(UUG)D3,YDL159W,0.0019569434225559235
tQ(UUG)D3,YNL161W,0.11638543754816055
tQ(UUG)D3,YNL188W,4.3336173538577327e-10
tQ(UUG)D3,YJL157C,1.6891709142541345e-09
tQ(UUG)D3,YJL034W,1.6381578404889297e-07
tQ(UUG)D3,YLR238W,0.00017504366405773908
tQ(UUG)D3,YPR141C,6.301853483492437e-10
tQ(UUG)D3,YNL127W,6.746680810465477e-06
tQ(UUG)D3,YCL055W,0.005514980293810368
tQ(UUG)D3,YPR122W,4.4409588895177876e-07
tQ(UUG)D3,YMR065W,2.3231089016917394e-06
tQ(UUG)D3,YDR356W,1.4306061757451971e-06
tQ(UUG)D3,YMR052W,1.1430051927163731e-06
tQ(UUG)D3,YFR008W,7.0264441092149355e-06
tQ(UUG)D3,YLL043W,0.029408065602183342
tQ(UUG)D3,YMR029C,2.3074775867826247e-07
tQ(UUG)D3,YJR004C,0.0003760959370993078
tQ(UUG)D3,YDL223C,8.012460170903069e-07
tQ(UUG)D3,YHR158C,0.0015461640432476997
tQ(UUG)D3,YGR238C,5.0036105676554143e-05
tQ(UUG)D3,YIL015W,7.770248799943147e-08
tQ(UUG)D3,YGL173C,0.28703445196151733
tQ(UUG)D3,YDL225W,1.5551320231566024e-08
tQ(UUG)D3,YLR330W,0.006959948223084211
tQ(UUG)D3,YBR129C,9.206983619947096e-09
tQ(UUG)D3,YKR095W-A,0.2020167112350464
tQ(UUG)D3,YPR075C,0.00020367269462440163
tQ(UUG)D3,YMR198W,0.0018137384904548526
tQ(UUG)D3,YOR127W,0.0037411795929074287
tQ(UUG)D3,YDR264C,0.00012172073184046894
tQ(UUG)D3,YLR110C,0.010209835134446621
tQ(UUG)D3,YDR379W,7.695131216678419e-07
tQ(UUG)D3,YDL100C,0.005525236018002033
tQ(UUG)D3,YHR073W,2.14627630157338e-06
tQ(UUG)D3,YJR090C,1.667942797212163e-06
tQ(UUG)D3,YOR208W,5.492070158652496e-06
tQ(UUG)D3,YBR040W,7.749052883809782e-07
tQ(UUG)D3,YNL279W,0.0007113346946425736
tQ(UUG)D3,YER075C,1.885631172626745e-05
tQ(UUG)D3,YCR089W,0.00569580402225256
tQ(UUG)D3,YCR002C,1.7092825146391988e-06
tQ(UUG)D3,YJL108C,0.0001109025688492693
tQ(UUG)D3,YBR200W,3.5640173337014858e-06
tQ(UUG)D3,YIL026C,0.00020134157966822386
tQ(UUG)D3,YJR076C,2.231335656688316e-06
tQ(UUG)D3,YKR031C,3.718415609910153e-05
tQ(UUG)D3,YPL192C,0.004078184254467487
tQ(UUG)D3,YHR107C,7.332107543334132e-06
tQ(UUG)D3,YIL037C,1.2797673662134912e-05
tQ(UUG)D3,YPL156C,0.0036656344309449196
tQ(UUG)D3,YIL117C,0.0005672267288900912
tQ(UUG)D3,YHR066W,4.066947803949006e-05
tQ(UUG)D3,YML085C,4.769974839291535e-05
tQ(UUG)D3,YML047C,1.214358462675591e-07
tQ(UUG)D3,YDR312W,1.0556145468854083e-07
tQ(UUG)D3,YFL037W,1.0615298862148848e-08
tQ(UUG)D3,YDL038C,0.2020167112350464
tQ(UUG)D3,YDL039C,5.478526418301044e-06
tQ(UUG)D3,YCL027W,0.0049224779941141605
tQ(UUG)D3,YML124C,0.00162951136007905
tQ(UUG)D3,YGL053W,2.905754627136048e-06
tQ(UUG)D3,YMR232W,0.0001489887072239071
tQ(UUG)D3,YNL298W,5.824061645398615e-06
tQ(UUG)D3,YGL099W,9.478600077272858e-06
tQ(UUG)D3,YBL016W,9.787860471988097e-05
tQ(UUG)D3,YAL041W,9.078620496438816e-05
tQ(UUG)D3,YDR085C,6.647641839663265e-06
tQ(UUG)D3,YPL187W,0.009804750792682171
tQ(UUG)D3,YPL256C,9.79859660077409e-09
tQ(UUG)D3,YDR461W,2.3580810193379875e-07
tQ(UUG)D3,YNL145W,1.0555963569913729e-07
YJR143C,YDL165W,1.531365811935359e-09
YJR143C,YGR059W,6.586211610815074e-13
YJR143C,YBR109C,0.00011143493611598387
YJR143C,YJL080C,0.00033170715323649347
YJR143C,YCR093W,0.9157339930534363
YJR143C,YIL122W,0.18296436965465546
YJR143C,YCL029C,3.299302875348076e-07
YJR143C,YNL173C,0.21688206493854523
YJR143C,YLR452C,0.9999997615814209
YJR143C,YDL160C,0.999947190284729
YJR143C,YLR229C,2.1898602426517755e-05
YJR143C,YML057W,3.3982288094591695e-09
YJR143C,YER149C,2.589256586915667e-10
YJR143C,YMR305C,1.5398141840705648e-05
YJR143C,YLR433C,3.91012155986914e-09
YJR143C,YJL073W,1.275351451113238e-06
YJR143C,YGR279C,0.7763025164604187
YJR143C,YKL190W,0.00018915891996584833
YJR143C,YGL089C,0.3050999939441681
YJR143C,YJL019W,0.9422008395195007
YJR143C,YJL018W,0.09678548574447632
YJR143C,YNR032C-A,0.007521593943238258
YJR143C,YGL178W,0.0002673862036317587
YJR143C,YKL116C,2.2488517060992308e-05
YJR143C,YDL214C,0.9999986886978149
YJR143C,YLR362W,0.14565707743167877
YJR143C,YER068W,4.006805738754338e-06
YJR143C,YHR084W,8.27357143862173e-05
YJR143C,YDR392W,0.07663850486278534
YJR143C,YNL053W,6.7318605943000875e-06
YJR143C,YGR040W,0.998498797416687
YJR143C,YDL216C,0.019256358966231346
YJR143C,YOL117W,1.4577410389904344e-08
YJR143C,YJR086W,7.023349439805315e-07
YJR143C,YMR025W,6.2383446675085e-07
YJR143C,YBR081C,0.8568114042282104
YJR143C,YFL026W,0.9995718598365784
YJR143C,YHL007C,0.9088484048843384
YJR143C,YNR044W,0.9999996423721313
YJR143C,YNL271C,0.6977053880691528
YJR143C,YDR200C,7.525295586674474e-08
YJR143C,YKL178C,0.018183646723628044
YJR143C,YOR212W,0.14292947947978973
YJR143C,YOL111C,2.213764815905961e-08
YJR143C,YGL032C,3.482372630969621e-05
YJR143C,YHR005C,0.991591215133667
YJR143C,YDR103W,0.21730244159698486
YJR143C,YJR084W,0.0022152678575366735
YJR143C,YCL032W,0.10041506588459015
YJR143C,YJL170C,0.8665120601654053
YJR143C,YDR179C,9.160096681171126e-08
YJR143C,YBR095C,0.000328141002682969
YJR143C,YLL021W,0.8430396914482117
YJR143C,YDL159W,9.827442681853427e-08
YJR143C,YNL161W,0.021761475130915642
YJR143C,YNL188W,0.2203497588634491
YJR143C,YJL157C,0.03195895254611969
YJR143C,YJL034W,9.810584060687688e-07
YJR143C,YLR238W,1.3027412933297455e-05
YJR143C,YPR141C,0.043715961277484894
YJR143C,YNL127W,0.006809394806623459
YJR143C,YCL055W,4.314212320721822e-10
YJR143C,YPR122W,0.9568262696266174
YJR143C,YMR065W,0.9950573444366455
YJR143C,YDR356W,0.9962947964668274
YJR143C,YMR052W,0.3692379593849182
YJR143C,YFR008W,0.00024581601610407233
YJR143C,YLL043W,2.5012227524712216e-06
YJR143C,YMR029C,0.11775454878807068
YJR143C,YJR004C,2.0859707206000166e-07
YJR143C,YDL223C,4.91816466612924e-19
YJR143C,YHR158C,0.9620879888534546
YJR143C,YGR238C,5.694807380484778e-16
YJR143C,YIL015W,1.0
YJR143C,YGL173C,1.0
YJR143C,YDL225W,0.0007058991468511522
YJR143C,YLR330W,0.22194628417491913
YJR143C,YBR129C,0.7678157091140747
YJR143C,YKR095W-A,0.2020167112350464
YJR143C,YPR075C,2.5144116122532978e-08
YJR143C,YMR198W,0.7345426678657532
YJR143C,YOR127W,0.34384503960609436
YJR143C,YDR264C,0.06798962503671646
YJR143C,YLR110C,1.6503619917784818e-05
YJR143C,YDR379W,0.9361869096755981
YJR143C,YDL100C,6.160522647569167e-10
YJR143C,YHR073W,0.045340247452259064
YJR143C,YJR090C,0.24373063445091248
YJR143C,YOR208W,1.327741561141238e-08
YJR143C,YBR040W,0.9958652257919312
YJR143C,YNL279W,0.9358194470405579
YJR143C,YER075C,4.968671782989986e-05
YJR143C,YCR089W,4.49613798991777e-05
YJR143C,YCR002C,0.00013595166092272848
YJR143C,YJL108C,0.9886646270751953
YJR143C,YBR200W,0.03218676894903183
YJR143C,YIL026C,0.4549093246459961
YJR143C,YJR076C,0.9999992847442627
YJR143C,YKR031C,0.9548178911209106
YJR143C,YPL192C,6.004537453918601e-07
YJR143C,YHR107C,0.058014076203107834
YJR143C,YIL037C,0.028107432648539543
YJR143C,YPL156C,1.5045647019928943e-13
YJR143C,YIL117C,4.891170192422578e-06
YJR143C,YHR066W,2.372492910205433e-15
YJR143C,YML085C,0.07886358350515366
YJR143C,YML047C,0.18067511916160583
YJR143C,YDR312W,5.771199084847467e-06
YJR143C,YFL037W,0.018065689131617546
YJR143C,YDL038C,0.2020167112350464
YJR143C,YDL039C,4.395408268464962e-06
YJR143C,YCL027W,0.9984104633331299
YJR143C,YML124C,0.0001659200934227556
YJR143C,YGL053W,0.00010660987754818052
YJR143C,YMR232W,0.013898019678890705
YJR143C,YNL298W,0.9842283725738525
YJR143C,YGL099W,9.694645086710807e-06
YJR143C,YBL016W,1.3773153284546424e-07
YJR143C,YAL041W,0.9355472922325134
YJR143C,YDR085C,1.2588288882398047e-05
YJR143C,YPL187W,0.9992668032646179
YJR143C,YPL256C,3.779430699069053e-05
YJR143C,YDR461W,7.3664514488314126e-09
YJR143C,YNL145W,9.450799552723765e-06
YKL125W,YDL165W,3.303894159124854e-13
YKL125W,YGR059W,3.104294989952905e-07
YKL125W,YBR109C,3.612758291637874e-06
YKL125W,YJL080C,2.386908552753919e-11
YKL125W,YCR093W,0.9890837073326111
YKL125W,YIL122W,0.10047242790460587
YKL125W,YCL029C,2.596393926523888e-07
YKL125W,YNL173C,4.712498835601764e-08
YKL125W,YLR452C,0.0002815171901602298
YKL125W,YDL160C,0.0006621493957936764
YKL125W,YLR229C,7.162156978601786e-11
YKL125W,YML057W,2.2694536028211587e-07
YKL125W,YER149C,2.1743319393863203e-06
YKL125W,YMR305C,3.004120173108471e-12
YKL125W,YLR433C,5.718350439565256e-05
YKL125W,YJL073W,7.570482326961503e-13
YKL125W,YGR279C,8.722897291590925e-06
YKL125W,YKL190W,3.0799736094877517e-09
YKL125W,YGL089C,9.258492410235686e-13
YKL125W,YJL019W,9.47798350220408e-12
YKL125W,YJL018W,0.041865281760692596
YKL125W,YNR032C-A,0.9850929379463196
YKL125W,YGL178W,0.00234792148694396
YKL125W,YKL116C,2.6431556596206995e-11
YKL125W,YDL214C,8.24875900917732e-09
YKL125W,YLR362W,3.723629760088443e-08
YKL125W,YER068W,5.440415407065302e-06
YKL125W,YHR084W,2.9495417288189505e-15
YKL125W,YDR392W,1.487577949710328e-09
YKL125W,YNL053W,1.290149356236725e-07
YKL125W,YGR040W,0.0002866255526896566
YKL125W,YDL216C,7.434924555127509e-06
YKL125W,YOL117W,5.620616819190793e-13
YKL125W,YJR086W,0.0011372002772986889
YKL125W,YMR025W,0.1453384906053543
YKL125W,YBR081C,5.245661668595858e-06
YKL125W,YFL026W,0.06115345284342766
YKL125W,YHL007C,3.2543523431627364e-10
YKL125W,YNR044W,0.001359395100735128
YKL125W,YNL271C,9.3156440925668e-06
YKL125W,YDR200C,5.9093228154207846e-15
YKL125W,YKL178C,4.000747253485315e-07
YKL125W,YOR212W,4.768844208413725e-10
YKL125W,YOL111C,1.7125231788206463e-11
YKL125W,YGL032C,0.0013939780183136463
YKL125W,YHR005C,5.807594760653956e-08
YKL125W,YDR103W,1.9209492165828124e-06
YKL125W,YJR084W,1.5095541483489683e-10
YKL125W,YCL032W,2.2583272057952186e-12
YKL125W,YJL170C,0.01739407330751419
YKL125W,YDR179C,1.758618168423709e-06
YKL125W,YBR095C,0.0001167164882645011
YKL125W,YLL021W,0.2599087655544281
YKL125W,YDL159W,0.010347872041165829
YKL125W,YNL161W,0.24292083084583282
YKL125W,YNL188W,6.889243842067572e-09
YKL125W,YJL157C,9.766977504543917e-11
YKL125W,YJL034W,2.6728605440062836e-10
YKL125W,YLR238W,1.3105274677960299e-11
YKL125W,YPR141C,7.246716222653049e-07
YKL125W,YNL127W,0.9152129888534546
YKL125W,YCL055W,4.407251807947432e-08
YKL125W,YPR122W,0.9671109318733215
YKL125W,YMR065W,0.10940025746822357
YKL125W,YDR356W,1.4796856362409017e-07
YKL125W,YMR052W,9.865829269983806e-06
YKL125W,YFR008W,1.0529171049711294e-05
YKL125W,YLL043W,1.2613693423091377e-09
YKL125W,YMR029C,2.807445753205684e-06
YKL125W,YJR004C,0.04927559942007065
YKL125W,YDL223C,2.4727480474798073e-16
YKL125W,YHR158C,1.4225684026314411e-06
YKL125W,YGR238C,1.5216396320738568e-07
YKL125W,YIL015W,0.17939527332782745
YKL125W,YGL173C,8.944384788378557e-09
YKL125W,YDL225W,6.64518111648249e-08
YKL125W,YLR330W,6.630809492145118e-16
YKL125W,YBR129C,2.7142876488084333e-11
YKL125W,YKR095W-A,0.2020167112350464
YKL125W,YPR075C,1.1921955610227908e-11
YKL125W,YMR198W,7.185996797609562e-10
YKL125W,YOR127W,2.2842726821181714e-08
YKL125W,YDR264C,1.8158834436121651e-09
YKL125W,YLR110C,0.0005857325159013271
YKL125W,YDR379W,1.5855244894780185e-10
YKL125W,YDL100C,3.170835772767222e-12
YKL125W,YHR073W,7.669804791277102e-10
YKL125W,YJR090C,0.00031226163264364004
YKL125W,YOR208W,1.4784218365093693e-06
YKL125W,YBR040W,2.732769871727214e-06
YKL125W,YNL279W,7.125666723339918e-11
YKL125W,YER075C,1.98180046595553e-07
YKL125W,YCR089W,7.774696314299945e-06
YKL125W,YCR002C,1.969398908840958e-06
YKL125W,YJL108C,1.8546228602644987e-05
YKL125W,YBR200W,6.485312287196621e-10
YKL125W,YIL026C,1.5701718439231627e-05
YKL125W,YJR076C,1.4852855079002165e-15
YKL125W,YKR031C,0.0005841399542987347
YKL125W,YPL192C,2.841986646018313e-09
YKL125W,YHR107C,2.1432806818211247e-07
YKL125W,YIL037C,4.136154974077044e-09
YKL125W,YPL156C,0.0011485000140964985
YKL125W,YIL117C,2.8019252567901276e-05
YKL125W,YHR066W,9.769030839379411e-06
YKL125W,YML085C,0.0009182985522784293
YKL125W,YML047C,1.277516474829099e-07
YKL125W,YDR312W,3.1974252578947926e-07
YKL125W,YFL037W,1.7088247483698638e-09
YKL125W,YDL038C,0.2020167112350464
YKL125W,YDL039C,4.1376360671030454e-10
YKL125W,YCL027W,7.537806231994182e-05
YKL125W,YML124C,7.61526749998168e-15
YKL125W,YGL053W,1.2661116670642514e-05
YKL125W,YMR232W,0.10694706439971924
YKL125W,YNL298W,2.1482005063688803e-09
YKL125W,YGL099W,4.0594257285069685e-14
YKL125W,YBL016W,1.3291197569625934e-12
YKL125W,YAL041W,7.901830231804574e-12
YKL125W,YDR085C,0.00025672896299511194
YKL125W,YPL187W,0.00015049378271214664
YKL125W,YPL256C,1.072479431651896e-11
YKL125W,YDR461W,0.005739071872085333
YKL125W,YNL145W,9.694150343575458e-11
YNL094W,YDL165W,3.341223825392703e-11
YNL094W,YGR059W,0.0010247002355754375
YNL094W,YBR109C,1.5556561550056358e-07
YNL094W,YJL080C,0.40023770928382874
YNL094W,YCR093W,0.9571243524551392
YNL094W,YIL122W,0.9999532699584961
YNL094W,YCL029C,0.11512258648872375
YNL094W,YNL173C,0.1219850704073906
YNL094W,YLR452C,0.010247712023556232
YNL094W,YDL160C,0.9145567417144775
YNL094W,YLR229C,3.015984475496225e-06
YNL094W,YML057W,2.6491921503724036e-11
YNL094W,YER149C,0.6679292321205139
YNL094W,YMR305C,9.308513161665477e-13
YNL094W,YLR433C,0.9521254301071167
YNL094W,YJL073W,1.6522770920346375e-06
YNL094W,YGR279C,0.0285913348197937
YNL094W,YKL190W,1.534347232601263e-10
YNL094W,YGL089C,0.45725399255752563
YNL094W,YJL019W,0.9857577085494995
YNL094W,YJL018W,0.000604006927460432
YNL094W,YNR032C-A,0.9968384504318237
YNL094W,YGL178W,4.240254838805413e-06
YNL094W,YKL116C,1.4022721872564148e-09
YNL094W,YDL214C,0.9984084963798523
YNL094W,YLR362W,0.000987812178209424
YNL094W,YER068W,0.002343042055144906
YNL094W,YHR084W,9.171556847320517e-10
YNL094W,YDR392W,0.1998143196105957
YNL094W,YNL053W,3.986778018827408e-09
YNL094W,YGR040W,0.5144765973091125
YNL094W,YDL216C,4.669931996659216e-09
YNL094W,YOL117W,7.482767250621691e-05
YNL094W,YJR086W,0.001282730489037931
YNL094W,YMR025W,0.3979972004890442
YNL094W,YBR081C,6.513255357276648e-05
YNL094W,YFL026W,2.417630639683921e-06
YNL094W,YHL007C,2.835753889485204e-07
YNL094W,YNR044W,0.8639194965362549
YNL094W,YNL271C,0.8698585629463196
YNL094W,YDR200C,0.008396612480282784
YNL094W,YKL178C,0.0365823358297348
YNL094W,YOR212W,4.317642014939338e-05
YNL094W,YOL111C,1.5541925790785172e-07
YNL094W,YGL032C,6.289998509600991e-06
YNL094W,YHR005C,0.015027179382741451
YNL094W,YDR103W,0.012741751037538052
YNL094W,YJR084W,0.008833929896354675
YNL094W,YCL032W,0.0036605456843972206
YNL094W,YJL170C,0.2694460451602936
YNL094W,YDR179C,1.6342239916866674e-07
YNL094W,YBR095C,0.0009684786782599986
YNL094W,YLL021W,3.954849603360344e-08
YNL094W,YDL159W,6.231309725990286e-07
YNL094W,YNL161W,0.9549060463905334
YNL094W,YNL188W,2.1219017298790277e-07
YNL094W,YJL157C,1.1071839445264686e-08
YNL094W,YJL034W,2.4264213902003284e-11
YNL094W,YLR238W,3.489974005788099e-06
YNL094W,YPR141C,0.0057436637580394745
YNL094W,YNL127W,0.4837682843208313
YNL094W,YCL055W,5.320671903064067e-09
YNL094W,YPR122W,0.009048189967870712
YNL094W,YMR065W,0.3896637558937073
YNL094W,YDR356W,3.4802812365342106e-07
YNL094W,YMR052W,0.0010921676876023412
YNL094W,YFR008W,5.5755735957063735e-06
YNL094W,YLL043W,6.310830030997749e-06
YNL094W,YMR029C,6.663774547632784e-05
YNL094W,YJR004C,5.596337970814602e-08
YNL094W,YDL223C,1.1001785420183818e-11
YNL094W,YHR158C,0.0001746442139847204
YNL094W,YGR238C,0.00045956455869600177
YNL094W,YIL015W,0.9994427561759949
YNL094W,YGL173C,0.0016961139626801014
YNL094W,YDL225W,1.528430288999516e-06
YNL094W,YLR330W,2.2960763498836023e-11
YNL094W,YBR129C,3.007939267263282e-05
YNL094W,YKR095W-A,0.2020167112350464
YNL094W,YPR075C,7.348253205918809e-08
YNL094W,YMR198W,3.226748049200978e-06
YNL094W,YOR127W,2.43219401454553e-05
YNL094W,YDR264C,0.0005443079280667007
YNL094W,YLR110C,0.0004997667274437845
YNL094W,YDR379W,0.0004020511405542493
YNL094W,YDL100C,9.218299965141341e-06
YNL094W,YHR073W,0.013922317884862423
YNL094W,YJR090C,0.2020994871854782
YNL094W,YOR208W,3.6853249341106675e-09
YNL094W,YBR040W,0.03517751395702362
YNL094W,YNL279W,0.9792446494102478
YNL094W,YER075C,0.0035810647532343864
YNL094W,YCR089W,0.00014673976693302393
YNL094W,YCR002C,1.717895247566048e-05
YNL094W,YJL108C,0.0639762282371521
YNL094W,YBR200W,1.9095927200396545e-05
YNL094W,YIL026C,0.9679586291313171
YNL094W,YJR076C,2.633511257954524e-06
YNL094W,YKR031C,6.771207154088188e-06
YNL094W,YPL192C,0.009527299553155899
YNL094W,YHR107C,8.83529072126521e-09
YNL094W,YIL037C,0.8242195844650269
YNL094W,YPL156C,0.017073461785912514
YNL094W,YIL117C,7.871751108723402e-07
YNL094W,YHR066W,2.573575606972958e-17
YNL094W,YML085C,2.4437201773253037e-06
YNL094W,YML047C,0.8407410383224487
YNL094W,YDR312W,0.0018755641067400575
YNL094W,YFL037W,2.591208081437202e-10
YNL094W,YDL038C,0.2020167112350464
YNL094W,YDL039C,9.817432143010521e-17
YNL094W,YCL027W,0.9882227778434753
YNL094W,YML124C,2.0380023215693654e-06
YNL094W,YGL053W,3.6356454984343145e-06
YNL094W,YMR232W,0.008454284630715847
YNL094W,YNL298W,0.098478764295578
YNL094W,YGL099W,1.706236396614713e-08
YNL094W,YBL016W,0.0020702967885881662
YNL094W,YAL041W,0.007837372832000256
YNL094W,YDR085C,0.9702433943748474
YNL094W,YPL187W,9.067450446309522e-05
YNL094W,YPL256C,9.336011316918302e-06
YNL094W,YDR461W,3.0904324376024306e-05
YNL094W,YNL145W,1.1354836515486966e-10
YOL132W,YDL165W,1.355135470504365e-08
YOL132W,YGR059W,2.4827095934654153e-09
YOL132W,YBR109C,0.009891411289572716
YOL132W,YJL080C,7.203795893140352e-10
YOL132W,YCR093W,5.726558983953911e-12
YOL132W,YIL122W,7.359656287175831e-12
YOL132W,YCL029C,1.257640380725178e-10
YOL132W,YNL173C,9.212254212798143e-07
YOL132W,YLR452C,1.5181448986822943e-07
YOL132W,YDL160C,0.0004580449312925339
YOL132W,YLR229C,5.4776049147886585e-12
YOL132W,YML057W,1.2148767382313963e-05
YOL132W,YER149C,0.004752082284539938
YOL132W,YMR305C,2.341312040077259e-12
YOL132W,YLR433C,6.507019065793429e-07
YOL132W,YJL073W,2.6316325602238066e-05
YOL132W,YGR279C,2.6175668299543986e-09
YOL132W,YKL190W,9.675211742887768e-08
YOL132W,YGL089C,1.1604398423514795e-05
YOL132W,YJL019W,1.0025774654920383e-09
YOL132W,YJL018W,0.002040562219917774
YOL132W,YNR032C-A,1.1535921657923609e-05
YOL132W,YGL178W,0.39885494112968445
YOL132W,YKL116C,5.642515737958563e-14
YOL132W,YDL214C,4.3837610519403825e-07
YOL132W,YLR362W,4.2037612502099364e-07
YOL132W,YER068W,0.0005349772982299328
YOL132W,YHR084W,1.3562471458394842e-12
YOL132W,YDR392W,1.9710900232894346e-05
YOL132W,YNL053W,4.228296165820211e-05
YOL132W,YGR040W,0.05699606612324715
YOL132W,YDL216C,3.64131991226202e-09
YOL132W,YOL117W,0.0016704265726730227
YOL132W,YJR086W,5.118482704347116e-08
YOL132W,YMR025W,0.0026581569109112024
YOL132W,YBR081C,3.000178594447789e-07
YOL132W,YFL026W,7.309182592507568e-07
YOL132W,YHL007C,0.007273539900779724
YOL132W,YNR044W,3.727611752255e-14
YOL132W,YNL271C,1.1462797374406364e-05
YOL132W,YDR200C,3.369221303728409e-05
YOL132W,YKL178C,0.00015394974616356194
YOL132W,YOR212W,1.0160796509728343e-10
YOL132W,YOL111C,0.9964351654052734
YOL132W,YGL032C,4.014637511318142e-09
YOL132W,YHR005C,0.0001680200221017003
YOL132W,YDR103W,0.0026671700179576874
YOL132W,YJR084W,5.162965610594483e-09
YOL132W,YCL032W,1.4503605143545428e-06
YOL132W,YJL170C,4.222502208994783e-11
YOL132W,YDR179C,1.080297865052593e-10
YOL132W,YBR095C,0.04967580735683441
YOL132W,YLL021W,0.00012670767318923026
YOL132W,YDL159W,8.885554618476288e-12
YOL132W,YNL161W,0.0001867903774837032
YOL132W,YNL188W,1.1242832442803774e-07
YOL132W,YJL157C,2.2169726321408234e-07
YOL132W,YJL034W,2.1717315445979324e-10
YOL132W,YLR238W,7.198850084932928e-07
YOL132W,YPR141C,1.6697431215462188e-09
YOL132W,YNL127W,0.020355498418211937
YOL132W,YCL055W,5.500014594872482e-07
YOL132W,YPR122W,9.328608143732708e-07
YOL132W,YMR065W,6.450528045737203e-12
YOL132W,YDR356W,0.0017363076331093907
YOL132W,YMR052W,2.1289325857765107e-08
YOL132W,YFR008W,8.538504125965574e-09
YOL132W,YLL043W,6.654077878920361e-05
YOL132W,YMR029C,0.001389301149174571
YOL132W,YJR004C,0.037966325879096985
YOL132W,YDL223C,1.1590490345270155e-08
YOL132W,YHR158C,0.0012358804233372211
YOL132W,YGR238C,2.3708850438453055e-09
YOL132W,YIL015W,1.9179439902927697e-07
YOL132W,YGL173C,6.122032325528437e-10
YOL132W,YDL225W,1.485339566897892e-07
YOL132W,YLR330W,2.9495561548742444e-09
YOL132W,YBR129C,9.517680723547528e-07
YOL132W,YKR095W-A,0.2020167112350464
YOL132W,YPR075C,7.407361408695579e-07
YOL132W,YMR198W,2.2434950608385407e-07
YOL132W,YOR127W,1.0869759989873273e-06
YOL132W,YDR264C,2.3146663252759936e-08
YOL132W,YLR110C,1.1557873408341024e-10
YOL132W,YDR379W,0.00014852418098598719
YOL132W,YDL100C,1.8545941692094114e-12
YOL132W,YHR073W,8.062492997851223e-05
YOL132W,YJR090C,1.2161292806123214e-11
YOL132W,YOR208W,0.7250927090644836
YOL132W,YBR040W,1.6160414872956608e-07
YOL132W,YNL279W,0.0003564192447811365
YOL132W,YER075C,0.3221273422241211
YOL132W,YCR089W,1.6364009833379365e-17
YOL132W,YCR002C,0.0013486691750586033
YOL132W,YJL108C,0.00011767331307055429
YOL132W,YBR200W,7.011530215095263e-06
YOL132W,YIL026C,0.00022455936414189637
YOL132W,YJR076C,5.531343002444615e-14
YOL132W,YKR031C,2.750321357325447e-07
YOL132W,YPL192C,4.6565887146243767e-07
YOL132W,YHR107C,7.204720375852958e-09
YOL132W,YIL037C,8.091968067835964e-11
YOL132W,YPL156C,5.737561150453985e-05
YOL132W,YIL117C,0.002410714980214834
YOL132W,YHR066W,1.335939518731788e-11
YOL132W,YML085C,1.371623151971875e-14
YOL132W,YML047C,9.425370484095197e-10
YOL132W,YDR312W,0.00019683038408402354
YOL132W,YFL037W,4.1901039082858915e-08
YOL132W,YDL038C,0.2020167112350464
YOL132W,YDL039C,5.916860459365125e-07
YOL132W,YCL027W,2.571613366697534e-09
YOL132W,YML124C,4.2656156384879296e-11
YOL132W,YGL053W,1.622967893410987e-08
YOL132W,YMR232W,1.3601961654785555e-06
YOL132W,YNL298W,0.0031685687135905027
YOL132W,YGL099W,2.2822725931348486e-09
YOL132W,YBL016W,0.000286348833469674
YOL132W,YAL041W,3.385559887991718e-10
YOL132W,YDR085C,0.00022642832482233644
YOL132W,YPL187W,1.3749820171327087e-09
YOL132W,YPL256C,2.0286956570931706e-16
YOL132W,YDR461W,8.721205091433148e-09
YOL132W,YNL145W,7.633629866177216e-05
YER075C,YDL165W,0.9964040517807007
YER075C,YGR059W,0.012930091470479965
YER075C,YBR109C,0.9961084723472595
YER075C,YJL080C,0.9866194128990173
YER075C,YCR093W,0.9999428987503052
YER075C,YIL122W,0.9988228678703308
YER075C,YCL029C,4.45500108980923e-06
YER075C,YNL173C,0.999259889125824
YER075C,YLR452C,0.9973089694976807
YER075C,YDL160C,0.9998593330383301
YER075C,YLR229C,0.9995680451393127
YER075C,YML057W,0.002383714308962226
YER075C,YER149C,0.9998571872711182
YER075C,YMR305C,0.9999096393585205
YER075C,YLR433C,0.999376118183136
YER075C,YJL073W,0.016481123864650726
YER075C,YGR279C,1.0
YER075C,YKL190W,0.9976513981819153
YER075C,YGL089C,0.9988166093826294
YER075C,YJL019W,0.9999068975448608
YER075C,YJL018W,0.00011491320765344426
YER075C,YNR032C-A,0.993726372718811
YER075C,YGL178W,0.9995375871658325
YER075C,YKL116C,0.00025092970463447273
YER075C,YDL214C,0.9996675252914429
YER075C,YLR362W,0.9963195323944092
YER075C,YER068W,7.740352430118946e-07
YER075C,YHR084W,6.0084133224336256e-09
YER075C,YDR392W,0.9964009523391724
YER075C,YNL053W,0.9993051290512085
YER075C,YGR040W,0.996178150177002
YER075C,YDL216C,0.9997134804725647
YER075C,YOL117W,0.999751627445221
YER075C,YJR086W,0.9996474981307983
YER075C,YMR025W,0.9612268209457397
YER075C,YBR081C,0.9986762404441833
YER075C,YFL026W,0.9662332534790039
YER075C,YHL007C,0.995003879070282
YER075C,YNR044W,0.9968296885490417
YER075C,YNL271C,0.999998927116394
YER075C,YDR200C,0.9992853999137878
YER075C,YKL178C,0.929596483707428
YER075C,YOR212W,0.9997360110282898
YER075C,YOL111C,1.1686047685088852e-07
YER075C,YGL032C,0.9759390354156494
YER075C,YHR005C,0.739917516708374
YER075C,YDR103W,0.9993520379066467
YER075C,YJR084W,0.9924351572990417
YER075C,YCL032W,0.9962940812110901
YER075C,YJL170C,0.9994163513183594
YER075C,YDR179C,0.49192556738853455
YER075C,YBR095C,0.9997768998146057
YER075C,YLL021W,0.9737058281898499
YER075C,YDL159W,1.1212322043041567e-10
YER075C,YNL161W,0.9999736547470093
YER075C,YNL188W,0.9964687824249268
YER075C,YJL157C,0.0007213320932351053
YER075C,YJL034W,4.2212118245288366e-08
YER075C,YLR238W,0.9995303153991699
YER075C,YPR141C,0.9999291896820068
YER075C,YNL127W,0.9999418258666992
YER075C,YCL055W,3.6202135039742345e-12
YER075C,YPR122W,0.9995803236961365
YER075C,YMR065W,0.9984222650527954
YER075C,YDR356W,0.9998941421508789
YER075C,YMR052W,0.9810482263565063
YER075C,YFR008W,0.998971700668335
YER075C,YLL043W,0.998094379901886
YER075C,YMR029C,0.9991704225540161
YER075C,YJR004C,7.864362851250917e-05
YER075C,YDL223C,0.007388434838503599
YER075C,YHR158C,0.999784529209137
YER075C,YGR238C,9.302178582970555e-09
YER075C,YIL015W,0.9998654127120972
YER075C,YGL173C,0.9992996454238892
YER075C,YDL225W,0.9971083998680115
YER075C,YLR330W,0.03616755083203316
YER075C,YBR129C,0.9994770884513855
YER075C,YKR095W-A,0.2020167112350464
YER075C,YPR075C,0.06882467120885849
YER075C,YMR198W,0.9988023042678833
YER075C,YOR127W,0.9988152980804443
YER075C,YDR264C,0.9991183876991272
YER075C,YLR110C,0.9999947547912598
YER075C,YDR379W,0.999910831451416
YER075C,YDL100C,0.9898624420166016
YER075C,YHR073W,0.9964271187782288
YER075C,YJR090C,0.9998862743377686
YER075C,YOR208W,0.9998863935470581
YER075C,YBR040W,0.996737539768219
YER075C,YNL279W,0.9999337196350098
YER075C,YCR089W,8.423796680290252e-05
YER075C,YCR002C,0.9997320771217346
YER075C,YJL108C,0.9997766613960266
YER075C,YBR200W,7.027846004348248e-05
YER075C,YIL026C,0.9998620748519897
YER075C,YJR076C,0.9995700716972351
YER075C,YKR031C,0.9997912049293518
YER075C,YPL192C,0.9999154806137085
YER075C,YHR107C,0.9959665536880493
YER075C,YIL037C,0.004853249527513981
YER075C,YPL156C,0.9998774528503418
YER075C,YIL117C,0.9962378740310669
YER075C,YHR066W,5.612858511305774e-10
YER075C,YML085C,0.9990019202232361
YER075C,YML047C,0.9964978694915771
YER075C,YDR312W,0.9988417029380798
YER075C,YFL037W,0.9989331364631653
YER075C,YDL038C,0.2020167112350464
YER075C,YDL039C,5.327069452221167e-09
YER075C,YCL027W,0.9995293617248535
YER075C,YML124C,2.5467181330895983e-05
YER075C,YGL053W,0.9998838901519775
YER075C,YMR232W,0.9941032528877258
YER075C,YNL298W,0.9998133778572083
YER075C,YGL099W,0.9963589310646057
YER075C,YBL016W,1.0892271973261813e-07
YER075C,YAL041W,0.9977980852127075
YER075C,YDR085C,0.9999712705612183
YER075C,YPL187W,0.9996623992919922
YER075C,YPL256C,2.7016511694455403e-07
YER075C,YDR461W,0.972423791885376
YER075C,YNL145W,0.2027972936630249
YJR073C,YDL165W,1.621537241503282e-13
YJR073C,YGR059W,8.073639605754579e-07
YJR073C,YBR109C,3.2059908061654596e-09
YJR073C,YJL080C,7.100638965695794e-10
YJR073C,YCR093W,0.001460760715417564
YJR073C,YIL122W,0.581329882144928
YJR073C,YCL029C,6.9431584925894185e-09
YJR073C,YNL173C,1.578124226853106e-07
YJR073C,YLR452C,1.742139150168345e-17
YJR073C,YDL160C,0.01615285687148571
YJR073C,YLR229C,3.1878590045497646e-11
YJR073C,YML057W,9.408140932976039e-11
YJR073C,YER149C,7.16524618837866e-06
YJR073C,YMR305C,5.915342000950563e-12
YJR073C,YLR433C,9.541005587652041e-17
YJR073C,YJL073W,4.105119456171424e-12
YJR073C,YGR279C,2.501370772733935e-06
YJR073C,YKL190W,1.2315985049228431e-15
YJR073C,YGL089C,0.003282599151134491
YJR073C,YJL019W,3.338120180274018e-08
YJR073C,YJL018W,0.0005711839185096323
YJR073C,YNR032C-A,0.42127323150634766
YJR073C,YGL178W,5.612504537566565e-05
YJR073C,YKL116C,1.2680928355990329e-12
YJR073C,YDL214C,0.006300422362983227
YJR073C,YLR362W,1.3445223823183028e-09
YJR073C,YER068W,5.417660542406111e-09
YJR073C,YHR084W,1.8592757333735221e-09
YJR073C,YDR392W,1.5102324724125538e-08
YJR073C,YNL053W,4.564566680187454e-08
YJR073C,YGR040W,0.00011398524657124653
YJR073C,YDL216C,0.0025526832323521376
YJR073C,YOL117W,0.00010647383896866813
YJR073C,YJR086W,5.832131999561341e-10
YJR073C,YMR025W,0.28459393978118896
YJR073C,YBR081C,0.04244930297136307
YJR073C,YFL026W,4.614589174527125e-18
YJR073C,YHL007C,9.146758003786282e-12
YJR073C,YNR044W,1.5257257263145974e-11
YJR073C,YNL271C,1.615170958757517e-06
YJR073C,YDR200C,1.1572315997909755e-05
YJR073C,YKL178C,0.001294099260121584
YJR073C,YOR212W,1.618126632685346e-09
YJR073C,YOL111C,8.448799437843491e-10
YJR073C,YGL032C,1.235924557141388e-10
YJR073C,YHR005C,0.041967038065195084
YJR073C,YDR103W,1.7115745487572553e-09
YJR073C,YJR084W,4.748741005457247e-13
YJR073C,YCL032W,0.0008819123613648117
YJR073C,YJL170C,0.00016393281111959368
YJR073C,YDR179C,7.831441116261384e-13
YJR073C,YBR095C,4.316494596423581e-06
YJR073C,YLL021W,6.889865978423021e-19
YJR073C,YDL159W,1.9837846115855915e-20
YJR073C,YNL161W,1.1941021504924265e-08
YJR073C,YNL188W,1.3668430909406348e-15
YJR073C,YJL157C,1.0418833900011429e-13
YJR073C,YJL034W,3.655574395299748e-15
YJR073C,YLR238W,4.548872389875669e-11
YJR073C,YPR141C,4.5329599629440054e-08
YJR073C,YNL127W,1.1957396184314462e-10
YJR073C,YCL055W,1.4651170181513812e-15
YJR073C,YPR122W,2.2586800696444698e-06
YJR073C,YMR065W,6.457055405917345e-06
YJR073C,YDR356W,2.426668856969627e-07
YJR073C,YMR052W,0.0008522734278813004
YJR073C,YFR008W,1.398869642343925e-08
YJR073C,YLL043W,0.00015022754087112844
YJR073C,YMR029C,5.717283215744828e-07
YJR073C,YJR004C,4.3993121320341777e-13
YJR073C,YDL223C,1.015694639505682e-09
YJR073C,YHR158C,2.499216111839786e-12
YJR073C,YGR238C,1.3675018895042967e-09
YJR073C,YIL015W,7.117897243835714e-11
YJR073C,YGL173C,5.411024753265714e-11
YJR073C,YDL225W,3.391583680567578e-10
YJR073C,YLR330W,4.544556588825799e-07
YJR073C,YBR129C,1.6270305422949605e-05
YJR073C,YKR095W-A,0.2020167112350464
YJR073C,YPR075C,2.042339796156441e-15
YJR073C,YMR198W,9.019155186251737e-06
YJR073C,YOR127W,1.6648511735883886e-10
YJR073C,YDR264C,3.3449551315638607e-14
YJR073C,YLR110C,8.924743583049732e-11
YJR073C,YDR379W,0.0002512402134016156
YJR073C,YDL100C,7.115441349014873e-06
YJR073C,YHR073W,0.9649386405944824
YJR073C,YJR090C,3.4033303952796246e-11
YJR073C,YOR208W,8.310139660349454e-17
YJR073C,YBR040W,0.9988765120506287
YJR073C,YNL279W,2.1938447152675122e-12
YJR073C,YER075C,1.4741093762316027e-11
YJR073C,YCR089W,1.686880040097094e-07
YJR073C,YCR002C,0.4396534860134125
YJR073C,YJL108C,2.174311339331325e-05
YJR073C,YBR200W,3.1481723478110624e-11
YJR073C,YIL026C,2.2430397539352498e-09
YJR073C,YJR076C,4.352163907039852e-10
YJR073C,YKR031C,9.539639078681716e-10
YJR073C,YPL192C,8.472214596544347e-10
YJR073C,YHR107C,7.187285211429639e-10
YJR073C,YIL037C,0.00013680329720955342
YJR073C,YPL156C,2.383017272222787e-05
YJR073C,YIL117C,7.18212873207372e-15
YJR073C,YHR066W,6.614821215870101e-15
YJR073C,YML085C,1.876284017043872e-08
YJR073C,YML047C,0.4582424759864807
YJR073C,YDR312W,1.556059577418621e-17
YJR073C,YFL037W,1.4149898266979655e-11
YJR073C,YDL038C,0.2020167112350464
YJR073C,YDL039C,2.243422461689626e-11
YJR073C,YCL027W,2.583965159896895e-12
YJR073C,YML124C,5.165068026058428e-11
YJR073C,YGL053W,6.435823418247597e-14
YJR073C,YMR232W,1.73290118254954e-06
YJR073C,YNL298W,4.119872028240934e-05
YJR073C,YGL099W,2.242143981062508e-18
YJR073C,YBL016W,1.1692479517932952e-07
YJR073C,YAL041W,0.5439518690109253
YJR073C,YDR085C,3.06242198266915e-10
YJR073C,YPL187W,5.6227738241432235e-05
YJR073C,YPL256C,1.5565772670811384e-08
YJR073C,YDR461W,6.853820622154672e-08
YJR073C,YNL145W,6.946446262645622e-08
YLR328W,YDL165W,2.6454728185854037e-07
YLR328W,YGR059W,0.00013325396867003292
YLR328W,YBR109C,1.3783452232019044e-05
YLR328W,YJL080C,0.02560354582965374
YLR328W,YCR093W,6.53109309496358e-05
YLR328W,YIL122W,5.863787009730004e-06
YLR328W,YCL029C,1.7866219614859347e-10
YLR328W,YNL173C,2.650725718922331e-07
YLR328W,YLR452C,1.8536730483909025e-10
YLR328W,YDL160C,3.146367055784083e-10
YLR328W,YLR229C,3.0624391504684503e-14
YLR328W,YML057W,2.166405010939343e-08
YLR328W,YER149C,3.0850956136418972e-06
YLR328W,YMR305C,3.5158171929339233e-09
YLR328W,YLR433C,2.359292011533398e-06
YLR328W,YJL073W,0.009321766905486584
YLR328W,YGR279C,2.7765927577971805e-12
YLR328W,YKL190W,2.8928016232443454e-11
YLR328W,YGL089C,3.773216405988933e-09
YLR328W,YJL019W,2.071136623271741e-05
YLR328W,YJL018W,0.014358791522681713
YLR328W,YNR032C-A,2.9804590667481534e-05
YLR328W,YGL178W,7.729272329015657e-05
YLR328W,YKL116C,5.571340697813065e-12
YLR328W,YDL214C,0.16283710300922394
YLR328W,YLR362W,7.3582504533931115e-09
YLR328W,YER068W,0.9993727803230286
YLR328W,YHR084W,3.041003449055779e-09
YLR328W,YDR392W,1.2335175370026263e-06
YLR328W,YNL053W,0.0023191971704363823
YLR328W,YGR040W,2.0996649254811928e-05
YLR328W,YDL216C,2.5091852876357734e-05
YLR328W,YOL117W,1.1494196705541526e-08
YLR328W,YJR086W,4.3036720853706356e-08
YLR328W,YMR025W,4.7515288315480575e-05
YLR328W,YBR081C,0.03029898926615715
YLR328W,YFL026W,9.64174215727781e-15
YLR328W,YHL007C,0.009560956619679928
YLR328W,YNR044W,0.00033089291537180543
YLR328W,YNL271C,0.977918803691864
YLR328W,YDR200C,5.353646770345222e-08
YLR328W,YKL178C,0.13602517545223236
YLR328W,YOR212W,8.788566319140045e-09
YLR328W,YOL111C,8.857790889660322e-11
YLR328W,YGL032C,1.3277997368277283e-08
YLR328W,YHR005C,2.8336497037706465e-10
YLR328W,YDR103W,0.024157891049981117
YLR328W,YJR084W,4.822090886591468e-06
YLR328W,YCL032W,0.006375796161592007
YLR328W,YJL170C,7.218557584565133e-06
YLR328W,YDR179C,1.828406133094762e-12
YLR328W,YBR095C,6.956834113225341e-06
YLR328W,YLL021W,0.0037265082355588675
YLR328W,YDL159W,1.233882440665468e-10
YLR328W,YNL161W,1.0290065119988867e-06
YLR328W,YNL188W,2.123061015879557e-08
YLR328W,YJL157C,1.221670469864558e-13
YLR328W,YJL034W,3.403408110891348e-11
YLR328W,YLR238W,1.7028281718012295e-06
YLR328W,YPR141C,6.702124411006594e-10
YLR328W,YNL127W,0.0022923594806343317
YLR328W,YCL055W,3.4307495297980495e-06
YLR328W,YPR122W,1.0699601205033105e-07
YLR328W,YMR065W,4.058222202729667e-06
YLR328W,YDR356W,1.7922605066722497e-10
YLR328W,YMR052W,0.03080986812710762
YLR328W,YFR008W,2.0594941361196106e-06
YLR328W,YLL043W,1.0745208101070602e-07
YLR328W,YMR029C,6.09478604474134e-07
YLR328W,YJR004C,6.851395937701454e-06
YLR328W,YDL223C,2.41471284394485e-15
YLR328W,YHR158C,2.860259155568201e-05
YLR328W,YGR238C,4.469377992699641e-12
YLR328W,YIL015W,1.183519344749584e-07
YLR328W,YGL173C,0.3709980249404907
YLR328W,YDL225W,2.947987559309695e-05
YLR328W,YLR330W,0.005680404603481293
YLR328W,YBR129C,3.75642666767817e-05
YLR328W,YKR095W-A,0.2020167112350464
YLR328W,YPR075C,0.06790262460708618
YLR328W,YMR198W,1.2490696462919004e-05
YLR328W,YOR127W,2.0334310624203766e-11
YLR328W,YDR264C,0.039192404597997665
YLR328W,YLR110C,1.9019554819976747e-09
YLR328W,YDR379W,9.746836440172046e-06
YLR328W,YDL100C,0.016739381477236748
YLR328W,YHR073W,1.6763638996053487e-05
YLR328W,YJR090C,2.864265127300314e-07
YLR328W,YOR208W,0.9630483984947205
YLR328W,YBR040W,3.4460281850279273e-12
YLR328W,YNL279W,0.09560484439134598
YLR328W,YER075C,0.857390820980072
YLR328W,YCR089W,9.261593731935136e-07
YLR328W,YCR002C,4.359779381957196e-07
YLR328W,YJL108C,0.8371940851211548
YLR328W,YBR200W,3.2650661688227167e-13
YLR328W,YIL026C,0.00027338886866346
YLR328W,YJR076C,0.9634445905685425
YLR328W,YKR031C,2.5772853405214846e-05
YLR328W,YPL192C,4.919885759591125e-05
YLR328W,YHR107C,0.11334875971078873
YLR328W,YIL037C,7.865912721172208e-07
YLR328W,YPL156C,0.3377908766269684
YLR328W,YIL117C,0.00016846100334078074
YLR328W,YHR066W,2.030909490713384e-05
YLR328W,YML085C,0.0020478356163948774
YLR328W,YML047C,0.00024391632177866995
YLR328W,YDR312W,5.94895599448364e-09
YLR328W,YFL037W,0.0012071265373378992
YLR328W,YDL038C,0.2020167112350464
YLR328W,YDL039C,4.4507522667380783e-10
YLR328W,YCL027W,9.75910879787989e-05
YLR328W,YML124C,3.709322345807342e-13
YLR328W,YGL053W,0.9946215152740479
YLR328W,YMR232W,0.004990320652723312
YLR328W,YNL298W,3.093336420345594e-10
YLR328W,YGL099W,9.89305044640787e-05
YLR328W,YBL016W,1.0102524150568115e-08
YLR328W,YAL041W,3.930604464130738e-08
YLR328W,YDR085C,1.701021687949833e-06
YLR328W,YPL187W,0.9862624406814575
YLR328W,YPL256C,2.06749382414273e-06
YLR328W,YDR461W,4.236560487749899e-16
YLR328W,YNL145W,1.3276829843138351e-16
tY(GUA)F2,YDL165W,0.2020167112350464
tY(GUA)F2,YGR059W,0.2020167112350464
tY(GUA)F2,YBR109C,0.2020167112350464
tY(GUA)F2,YJL080C,0.2020167112350464
tY(GUA)F2,YCR093W,0.2020167112350464
tY(GUA)F2,YIL122W,0.2020167112350464
tY(GUA)F2,YCL029C,0.2020167112350464
tY(GUA)F2,YNL173C,0.2020167112350464
tY(GUA)F2,YLR452C,0.2020167112350464
tY(GUA)F2,YDL160C,0.2020167112350464
tY(GUA)F2,YLR229C,0.2020167112350464
tY(GUA)F2,YML057W,0.2020167112350464
tY(GUA)F2,YER149C,0.2020167112350464
tY(GUA)F2,YMR305C,0.2020167112350464
tY(GUA)F2,YLR433C,0.2020167112350464
tY(GUA)F2,YJL073W,0.2020167112350464
tY(GUA)F2,YGR279C,0.2020167112350464
tY(GUA)F2,YKL190W,0.2020167112350464
tY(GUA)F2,YGL089C,0.2020167112350464
tY(GUA)F2,YJL019W,0.2020167112350464
tY(GUA)F2,YJL018W,0.2020167112350464
tY(GUA)F2,YNR032C-A,0.2020167112350464
tY(GUA)F2,YGL178W,0.2020167112350464
tY(GUA)F2,YKL116C,0.2020167112350464
tY(GUA)F2,YDL214C,0.2020167112350464
tY(GUA)F2,YLR362W,0.2020167112350464
tY(GUA)F2,YER068W,0.2020167112350464
tY(GUA)F2,YHR084W,0.2020167112350464
tY(GUA)F2,YDR392W,0.2020167112350464
tY(GUA)F2,YNL053W,0.2020167112350464
tY(GUA)F2,YGR040W,0.2020167112350464
tY(GUA)F2,YDL216C,0.2020167112350464
tY(GUA)F2,YOL117W,0.2020167112350464
tY(GUA)F2,YJR086W,0.2020167112350464
tY(GUA)F2,YMR025W,0.2020167112350464
tY(GUA)F2,YBR081C,0.2020167112350464
tY(GUA)F2,YFL026W,0.2020167112350464
tY(GUA)F2,YHL007C,0.2020167112350464
tY(GUA)F2,YNR044W,0.2020167112350464
tY(GUA)F2,YNL271C,0.2020167112350464
tY(GUA)F2,YDR200C,0.2020167112350464
tY(GUA)F2,YKL178C,0.2020167112350464
tY(GUA)F2,YOR212W,0.2020167112350464
tY(GUA)F2,YOL111C,0.2020167112350464
tY(GUA)F2,YGL032C,0.2020167112350464
tY(GUA)F2,YHR005C,0.2020167112350464
tY(GUA)F2,YDR103W,0.2020167112350464
tY(GUA)F2,YJR084W,0.2020167112350464
tY(GUA)F2,YCL032W,0.2020167112350464
tY(GUA)F2,YJL170C,0.2020167112350464
tY(GUA)F2,YDR179C,0.2020167112350464
tY(GUA)F2,YBR095C,0.2020167112350464
tY(GUA)F2,YLL021W,0.2020167112350464
tY(GUA)F2,YDL159W,0.2020167112350464
tY(GUA)F2,YNL161W,0.2020167112350464
tY(GUA)F2,YNL188W,0.2020167112350464
tY(GUA)F2,YJL157C,0.2020167112350464
tY(GUA)F2,YJL034W,0.2020167112350464
tY(GUA)F2,YLR238W,0.2020167112350464
tY(GUA)F2,YPR141C,0.2020167112350464
tY(GUA)F2,YNL127W,0.2020167112350464
tY(GUA)F2,YCL055W,0.2020167112350464
tY(GUA)F2,YPR122W,0.2020167112350464
tY(GUA)F2,YMR065W,0.2020167112350464
tY(GUA)F2,YDR356W,0.2020167112350464
tY(GUA)F2,YMR052W,0.2020167112350464
tY(GUA)F2,YFR008W,0.2020167112350464
tY(GUA)F2,YLL043W,0.2020167112350464
tY(GUA)F2,YMR029C,0.2020167112350464
tY(GUA)F2,YJR004C,0.2020167112350464
tY(GUA)F2,YDL223C,0.2020167112350464
tY(GUA)F2,YHR158C,0.2020167112350464
tY(GUA)F2,YGR238C,0.2020167112350464
tY(GUA)F2,YIL015W,0.2020167112350464
tY(GUA)F2,YGL173C,0.2020167112350464
tY(GUA)F2,YDL225W,0.2020167112350464
tY(GUA)F2,YLR330W,0.2020167112350464
tY(GUA)F2,YBR129C,0.2020167112350464
tY(GUA)F2,YKR095W-A,0.2020167112350464
tY(GUA)F2,YPR075C,0.2020167112350464
tY(GUA)F2,YMR198W,0.2020167112350464
tY(GUA)F2,YOR127W,0.2020167112350464
tY(GUA)F2,YDR264C,0.2020167112350464
tY(GUA)F2,YLR110C,0.2020167112350464
tY(GUA)F2,YDR379W,0.2020167112350464
tY(GUA)F2,YDL100C,0.2020167112350464
tY(GUA)F2,YHR073W,0.2020167112350464
tY(GUA)F2,YJR090C,0.2020167112350464
tY(GUA)F2,YOR208W,0.2020167112350464
tY(GUA)F2,YBR040W,0.2020167112350464
tY(GUA)F2,YNL279W,0.2020167112350464
tY(GUA)F2,YER075C,0.2020167112350464
tY(GUA)F2,YCR089W,0.2020167112350464
tY(GUA)F2,YCR002C,0.2020167112350464
tY(GUA)F2,YJL108C,0.2020167112350464
tY(GUA)F2,YBR200W,0.2020167112350464
tY(GUA)F2,YIL026C,0.2020167112350464
tY(GUA)F2,YJR076C,0.2020167112350464
tY(GUA)F2,YKR031C,0.2020167112350464
tY(GUA)F2,YPL192C,0.2020167112350464
tY(GUA)F2,YHR107C,0.2020167112350464
tY(GUA)F2,YIL037C,0.2020167112350464
tY(GUA)F2,YPL156C,0.2020167112350464
tY(GUA)F2,YIL117C,0.2020167112350464
tY(GUA)F2,YHR066W,0.2020167112350464
tY(GUA)F2,YML085C,0.2020167112350464
tY(GUA)F2,YML047C,0.2020167112350464
tY(GUA)F2,YDR312W,0.2020167112350464
tY(GUA)F2,YFL037W,0.2020167112350464
tY(GUA)F2,YDL038C,0.2020167112350464
tY(GUA)F2,YDL039C,0.2020167112350464
tY(GUA)F2,YCL027W,0.2020167112350464
tY(GUA)F2,YML124C,0.2020167112350464
tY(GUA)F2,YGL053W,0.2020167112350464
tY(GUA)F2,YMR232W,0.2020167112350464
tY(GUA)F2,YNL298W,0.2020167112350464
tY(GUA)F2,YGL099W,0.2020167112350464
tY(GUA)F2,YBL016W,0.2020167112350464
tY(GUA)F2,YAL041W,0.2020167112350464
tY(GUA)F2,YDR085C,0.2020167112350464
tY(GUA)F2,YPL187W,0.2020167112350464
tY(GUA)F2,YPL256C,0.2020167112350464
tY(GUA)F2,YDR461W,0.2020167112350464
tY(GUA)F2,YNL145W,0.2020167112350464
YDR018C,YDL165W,0.8348848223686218
YDR018C,YGR059W,8.781574911687073e-10
YDR018C,YBR109C,4.027779868920334e-05
YDR018C,YJL080C,1.157195117507115e-09
YDR018C,YCR093W,1.5812412357263383e-06
YDR018C,YIL122W,0.1342436671257019
YDR018C,YCL029C,0.9984986782073975
YDR018C,YNL173C,0.021957548335194588
YDR018C,YLR452C,6.063012551749125e-05
YDR018C,YDL160C,3.8529714141422033e-11
YDR018C,YLR229C,2.920690349128563e-06
YDR018C,YML057W,8.982708095572889e-06
YDR018C,YER149C,0.021398598328232765
YDR018C,YMR305C,9.845572321864893e-07
YDR018C,YLR433C,0.005490295123308897
YDR018C,YJL073W,9.596830068403506e-07
YDR018C,YGR279C,0.003929099999368191
YDR018C,YKL190W,3.4545062135293847e-06
YDR018C,YGL089C,0.009844304993748665
YDR018C,YJL019W,9.920937600327306e-07
YDR018C,YJL018W,0.0002727944520302117
YDR018C,YNR032C-A,0.8029272556304932
YDR018C,YGL178W,1.6504942323081195e-05
YDR018C,YKL116C,0.5751488208770752
YDR018C,YDL214C,0.0032884252723306417
YDR018C,YLR362W,6.330372343654744e-06
YDR018C,YER068W,7.300078874727944e-10
YDR018C,YHR084W,0.00014682122855447233
YDR018C,YDR392W,6.709234412483056e-07
YDR018C,YNL053W,0.15023185312747955
YDR018C,YGR040W,0.17447638511657715
YDR018C,YDL216C,1.7683501147766623e-12
YDR018C,YOL117W,4.0569733528172947e-07
YDR018C,YJR086W,0.0006151704001240432
YDR018C,YMR025W,0.7916988730430603
YDR018C,YBR081C,0.933363139629364
YDR018C,YFL026W,0.002877714578062296
YDR018C,YHL007C,3.0232314429667895e-09
YDR018C,YNR044W,0.04578632116317749
YDR018C,YNL271C,0.25912779569625854
YDR018C,YDR200C,1.6473580832787604e-10
YDR018C,YKL178C,0.36798912286758423
YDR018C,YOR212W,0.9179011583328247
YDR018C,YOL111C,0.0015201001660898328
YDR018C,YGL032C,1.5537259256959146e-09
YDR018C,YHR005C,9.636508366384078e-06
YDR018C,YDR103W,0.0011520644184201956
YDR018C,YJR084W,3.324642239022069e-05
YDR018C,YCL032W,0.00013909587869420648
YDR018C,YJL170C,0.002625774359330535
YDR018C,YDR179C,1.7664492091284956e-08
YDR018C,YBR095C,2.1341063984436914e-05
YDR018C,YLL021W,3.1413296710525174e-06
YDR018C,YDL159W,3.2408582484322324e-08
YDR018C,YNL161W,0.017036890611052513
YDR018C,YNL188W,1.4223012385627953e-06
YDR018C,YJL157C,7.652341764696757e-07
YDR018C,YJL034W,3.6984875606549394e-08
YDR018C,YLR238W,1.4009174265083857e-05
YDR018C,YPR141C,0.00017332304560113698
YDR018C,YNL127W,0.00029903219547122717
YDR018C,YCL055W,6.345252586470451e-06
YDR018C,YPR122W,0.0013287682086229324
YDR018C,YMR065W,0.000276760954875499
YDR018C,YDR356W,0.0007986382697708905
YDR018C,YMR052W,3.1374986519949744e-07
YDR018C,YFR008W,1.3315486734055693e-11
YDR018C,YLL043W,0.9999974966049194
YDR018C,YMR029C,0.018437685444951057
YDR018C,YJR004C,0.0001353744592051953
YDR018C,YDL223C,3.1217611828893155e-11
YDR018C,YHR158C,3.191639552824199e-05
YDR018C,YGR238C,1.404167115914845e-09
YDR018C,YIL015W,0.041997168213129044
YDR018C,YGL173C,0.6874582767486572
YDR018C,YDL225W,6.43906241748482e-06
YDR018C,YLR330W,6.282902518250921e-07
YDR018C,YBR129C,0.03595683351159096
YDR018C,YKR095W-A,0.2020167112350464
YDR018C,YPR075C,0.010096408426761627
YDR018C,YMR198W,9.416211241841665e-07
YDR018C,YOR127W,0.002863642293959856
YDR018C,YDR264C,0.0001851379929576069
YDR018C,YLR110C,9.025720828503836e-06
YDR018C,YDR379W,1.2630890111609006e-08
YDR018C,YDL100C,0.005949579644948244
YDR018C,YHR073W,4.639491089619696e-05
YDR018C,YJR090C,2.7645332011161372e-05
YDR018C,YOR208W,0.00022379691654350609
YDR018C,YBR040W,0.12886691093444824
YDR018C,YNL279W,2.516532902063773e-07
YDR018C,YER075C,0.9224755764007568
YDR018C,YCR089W,5.4613439715467393e-05
YDR018C,YCR002C,0.01044880785048008
YDR018C,YJL108C,4.296960469218902e-05
YDR018C,YBR200W,8.092454706343233e-09
YDR018C,YIL026C,1.717556187941227e-05
YDR018C,YJR076C,0.28362709283828735
YDR018C,YKR031C,0.0004701388825196773
YDR018C,YPL192C,1.5253998242314992e-07
YDR018C,YHR107C,0.01051733922213316
YDR018C,YIL037C,8.804201934253797e-05
YDR018C,YPL156C,0.8390791416168213
YDR018C,YIL117C,1.0189184962428044e-07
YDR018C,YHR066W,1.4813522587406314e-12
YDR018C,YML085C,0.0002463312412146479
YDR018C,YML047C,0.015229622833430767
YDR018C,YDR312W,1.3677105004106238e-09
YDR018C,YFL037W,0.06563671678304672
YDR018C,YDL038C,0.2020167112350464
YDR018C,YDL039C,1.275972600148223e-13
YDR018C,YCL027W,0.00012144388165324926
YDR018C,YML124C,1.7966223822440952e-05
YDR018C,YGL053W,0.0002764879900496453
YDR018C,YMR232W,0.0029730643145740032
YDR018C,YNL298W,0.0005981794092804193
YDR018C,YGL099W,6.27828233845662e-09
YDR018C,YBL016W,0.003980150446295738
YDR018C,YAL041W,0.04581007733941078
YDR018C,YDR085C,1.2912917402019275e-09
YDR018C,YPL187W,0.04970814287662506
YDR018C,YPL256C,8.104241715045646e-05
YDR018C,YDR461W,6.7022045691089716e-09
YDR018C,YNL145W,4.3527703383006155e-05
YPL242C,YDL165W,0.0001401365443598479
YPL242C,YGR059W,8.196730618692527e-07
YPL242C,YBR109C,0.011734421364963055
YPL242C,YJL080C,1.3005020171874548e-08
YPL242C,YCR093W,5.80583764531184e-05
YPL242C,YIL122W,2.1350158974087208e-08
YPL242C,YCL029C,1.5081969650054816e-05
YPL242C,YNL173C,0.0006374220247380435
YPL242C,YLR452C,0.8633238673210144
YPL242C,YDL160C,0.0003349092148710042
YPL242C,YLR229C,0.0005440317327156663
YPL242C,YML057W,3.128247938466444e-10
YPL242C,YER149C,6.296152719187376e-07
YPL242C,YMR305C,1.596218157651208e-09
YPL242C,YLR433C,7.1978597588895354e-06
YPL242C,YJL073W,1.5852817322747903e-11
YPL242C,YGR279C,3.5861881769960746e-05
YPL242C,YKL190W,2.0898118305301416e-11
YPL242C,YGL089C,0.9626460075378418
YPL242C,YJL019W,1.3382033330344711e-06
YPL242C,YJL018W,0.2020167112350464
YPL242C,YNR032C-A,0.9968599081039429
YPL242C,YGL178W,8.452426118310541e-05
YPL242C,YKL116C,2.885928296336715e-08
YPL242C,YDL214C,8.081960550043732e-05
YPL242C,YLR362W,0.010753534734249115
YPL242C,YER068W,0.27098023891448975
YPL242C,YHR084W,0.0006193113513290882
YPL242C,YDR392W,7.812041440047324e-05
YPL242C,YNL053W,0.0014323497889563441
YPL242C,YGR040W,6.8238387029850855e-06
YPL242C,YDL216C,1.5767351868589685e-08
YPL242C,YOL117W,0.004314906895160675
YPL242C,YJR086W,0.3624434471130371
YPL242C,YMR025W,0.048895787447690964
YPL242C,YBR081C,9.721631067804992e-05
YPL242C,YFL026W,0.8702678084373474
YPL242C,YHL007C,2.801788490103263e-08
YPL242C,YNR044W,0.00013172984472475946
YPL242C,YNL271C,3.1888354179443468e-09
YPL242C,YDR200C,1.0961768159845064e-09
YPL242C,YKL178C,0.7281810641288757
YPL242C,YOR212W,1.0969230970658828e-05
YPL242C,YOL111C,7.201141072332717e-11
YPL242C,YGL032C,5.239512393018231e-05
YPL242C,YHR005C,4.476832600630587e-06
YPL242C,YDR103W,0.018700584769248962
YPL242C,YJR084W,5.652821073454106e-06
YPL242C,YCL032W,1.9684607366343698e-07
YPL242C,YJL170C,1.3020247024542186e-05
YPL242C,YDR179C,8.356119129970807e-10
YPL242C,YBR095C,8.788603622633673e-08
YPL242C,YLL021W,8.049443778190835e-09
YPL242C,YDL159W,3.715733498665941e-08
YPL242C,YNL161W,0.010295791551470757
YPL242C,YNL188W,5.77356559006148e-07
YPL242C,YJL157C,1.7220610288859461e-06
YPL242C,YJL034W,4.751031235095127e-10
YPL242C,YLR238W,6.217280912323986e-09
YPL242C,YPR141C,8.1217955971713e-11
YPL242C,YNL127W,1.259744086823389e-09
YPL242C,YCL055W,5.462213812279515e-05
YPL242C,YPR122W,0.9428628087043762
YPL242C,YMR065W,1.269880982590621e-07
YPL242C,YDR356W,0.00017990617197938263
YPL242C,YMR052W,7.169485343183624e-07
YPL242C,YFR008W,0.00031216698698699474
YPL242C,YLL043W,0.7594541907310486
YPL242C,YMR029C,2.046997906290926e-05
YPL242C,YJR004C,1.2963217166372942e-08
YPL242C,YDL223C,4.865771236381672e-16
YPL242C,YHR158C,3.2419327908428386e-05
YPL242C,YGR238C,2.213531189454443e-07
YPL242C,YIL015W,0.1400129497051239
YPL242C,YGL173C,0.9985758066177368
YPL242C,YDL225W,0.581943154335022
YPL242C,YLR330W,9.735834964885726e-07
YPL242C,YBR129C,1.867481813633276e-07
YPL242C,YKR095W-A,0.2020167112350464
YPL242C,YPR075C,8.501300499119679e-07
YPL242C,YMR198W,2.283696565186233e-09
YPL242C,YOR127W,2.2369265479937894e-06
YPL242C,YDR264C,1.2134156790466477e-08
YPL242C,YLR110C,0.00026259434525854886
YPL242C,YDR379W,0.009794821962714195
YPL242C,YDL100C,0.998872697353363
YPL242C,YHR073W,6.928483344381675e-05
YPL242C,YJR090C,7.364085945482657e-07
YPL242C,YOR208W,0.013351824134588242
YPL242C,YBR040W,1.3740628901359742e-07
YPL242C,YNL279W,1.9171258358596788e-08
YPL242C,YER075C,5.946167220827192e-06
YPL242C,YCR089W,2.0885447885032882e-11
YPL242C,YCR002C,0.0012192055583000183
YPL242C,YJL108C,2.2991943904315804e-09
YPL242C,YBR200W,1.4418101272895e-06
YPL242C,YIL026C,0.898051381111145
YPL242C,YJR076C,1.4698696759296581e-05
YPL242C,YKR031C,3.1368359486805275e-05
YPL242C,YPL192C,0.06430117040872574
YPL242C,YHR107C,3.662937388071441e-06
YPL242C,YIL037C,3.1224444683175534e-05
YPL242C,YPL156C,0.07522335648536682
YPL242C,YIL117C,0.80833500623703
YPL242C,YHR066W,7.78656517042009e-09
YPL242C,YML085C,0.0031853755936026573
YPL242C,YML047C,6.33306185271465e-10
YPL242C,YDR312W,6.892147939652205e-05
YPL242C,YFL037W,0.00012005505413981155
YPL242C,YDL038C,0.2020167112350464
YPL242C,YDL039C,1.1971403035548889e-11
YPL242C,YCL027W,4.848684511671308e-07
YPL242C,YML124C,4.566262923333397e-09
YPL242C,YGL053W,2.05510330975045e-10
YPL242C,YMR232W,1.4347308763262845e-07
YPL242C,YNL298W,2.384454091952648e-05
YPL242C,YGL099W,9.236334475026808e-10
YPL242C,YBL016W,1.2485062939049385e-07
YPL242C,YAL041W,0.7898163795471191
YPL242C,YDR085C,3.656529088402749e-07
YPL242C,YPL187W,0.7533867955207825
YPL242C,YPL256C,6.733080226695165e-06
YPL242C,YDR461W,7.055565021119037e-09
YPL242C,YNL145W,0.0003051024687010795
YFR015C,YDL165W,0.0002368609857512638
YFR015C,YGR059W,0.00012672423326876014
YFR015C,YBR109C,9.272661527504056e-10
YFR015C,YJL080C,3.446028529197065e-08
YFR015C,YCR093W,0.9805023074150085
YFR015C,YIL122W,1.4403155113029698e-08
YFR015C,YCL029C,1.858684640865249e-06
YFR015C,YNL173C,1.3521074833988678e-05
YFR015C,YLR452C,2.004704947466962e-05
YFR015C,YDL160C,8.060883942562214e-07
YFR015C,YLR229C,4.808252060395368e-11
YFR015C,YML057W,1.794150250589155e-08
YFR015C,YER149C,0.0005249987589195371
YFR015C,YMR305C,1.2714659533230588e-05
YFR015C,YLR433C,2.278293997903802e-08
YFR015C,YJL073W,5.572899681283161e-06
YFR015C,YGR279C,4.391047241369961e-06
YFR015C,YKL190W,1.629998251928555e-07
YFR015C,YGL089C,5.274479553918354e-05
YFR015C,YJL019W,0.0005940035916864872
YFR015C,YJL018W,0.01547257974743843
YFR015C,YNR032C-A,9.006664747346349e-09
YFR015C,YGL178W,0.0014598234556615353
YFR015C,YKL116C,1.7412473596323252e-07
YFR015C,YDL214C,0.0016462949570268393
YFR015C,YLR362W,7.856003321649041e-06
YFR015C,YER068W,1.9890651401510695e-06
YFR015C,YHR084W,0.00010680279228836298
YFR015C,YDR392W,0.0012995661236345768
YFR015C,YNL053W,0.15932416915893555
YFR015C,YGR040W,1.081512527889572e-05
YFR015C,YDL216C,3.3254976550267656e-09
YFR015C,YOL117W,0.006432681810110807
YFR015C,YJR086W,0.018642064183950424
YFR015C,YMR025W,0.0047438801266252995
YFR015C,YBR081C,0.02013559825718403
YFR015C,YFL026W,0.002252584556117654
YFR015C,YHL007C,3.887308963612668e-08
YFR015C,YNR044W,0.9743658304214478
YFR015C,YNL271C,0.00016397127183154225
YFR015C,YDR200C,0.0003081059257965535
YFR015C,YKL178C,0.005251139402389526
YFR015C,YOR212W,0.0017237080028280616
YFR015C,YOL111C,1.679753280914298e-10
YFR015C,YGL032C,1.8571860493921122e-07
YFR015C,YHR005C,4.427529347594827e-06
YFR015C,YDR103W,7.905349048087373e-05
YFR015C,YJR084W,0.20788337290287018
YFR015C,YCL032W,2.6941400221858203e-08
YFR015C,YJL170C,0.024537423625588417
YFR015C,YDR179C,3.2399847778655233e-13
YFR015C,YBR095C,6.227985431905836e-05
YFR015C,YLL021W,0.0007297671982087195
YFR015C,YDL159W,1.5918718645480112e-06
YFR015C,YNL161W,0.0004859583859797567
YFR015C,YNL188W,1.0426317012583947e-15
YFR015C,YJL157C,1.0626146490499977e-10
YFR015C,YJL034W,0.00020350671547930688
YFR015C,YLR238W,1.8573293345980346e-05
YFR015C,YPR141C,1.0324705499442643e-06
YFR015C,YNL127W,0.00018791276670526713
YFR015C,YCL055W,0.10579799860715866
YFR015C,YPR122W,6.388620537910248e-16
YFR015C,YMR065W,0.0017231699312105775
YFR015C,YDR356W,4.8354545469919685e-06
YFR015C,YMR052W,2.1187511833886674e-07
YFR015C,YFR008W,1.8451074002001633e-11
YFR015C,YLL043W,8.238639566116035e-05
YFR015C,YMR029C,0.0007917510811239481
YFR015C,YJR004C,0.001689326949417591
YFR015C,YDL223C,1.3926257282987614e-17
YFR015C,YHR158C,5.226756911724806e-05
YFR015C,YGR238C,7.889970220276155e-06
YFR015C,YIL015W,0.0001779762824298814
YFR015C,YGL173C,0.6478263735771179
YFR015C,YDL225W,4.257988985045813e-05
YFR015C,YLR330W,0.00013513534213416278
YFR015C,YBR129C,0.001102360663935542
YFR015C,YKR095W-A,0.2020167112350464
YFR015C,YPR075C,2.3108286839601533e-08
YFR015C,YMR198W,0.00047564072883687913
YFR015C,YOR127W,8.984497590347473e-09
YFR015C,YDR264C,0.9981854557991028
YFR015C,YLR110C,3.9783953909022785e-11
YFR015C,YDR379W,1.9237852200149064e-08
YFR015C,YDL100C,6.026454866514541e-05
YFR015C,YHR073W,0.5648453235626221
YFR015C,YJR090C,0.0003704374248627573
YFR015C,YOR208W,1.142108430940425e-06
YFR015C,YBR040W,0.15240393579006195
YFR015C,YNL279W,0.005228816531598568
YFR015C,YER075C,0.0003086333454120904
YFR015C,YCR089W,1.3072371984890196e-07
YFR015C,YCR002C,0.0037742534186691046
YFR015C,YJL108C,1.2852085617964804e-08
YFR015C,YBR200W,1.5926177043823486e-09
YFR015C,YIL026C,1.690213927477667e-14
YFR015C,YJR076C,2.3438500647898763e-05
YFR015C,YKR031C,0.9036757946014404
YFR015C,YPL192C,2.810558498822502e-06
YFR015C,YHR107C,1.0007602213590872e-05
YFR015C,YIL037C,0.00032298476435244083
YFR015C,YPL156C,0.9993550181388855
YFR015C,YIL117C,0.0004014062287751585
YFR015C,YHR066W,3.189424265071211e-21
YFR015C,YML085C,3.9028687751851976e-05
YFR015C,YML047C,0.005587129388004541
YFR015C,YDR312W,6.457798185088848e-10
YFR015C,YFL037W,0.022351976484060287
YFR015C,YDL038C,0.2020167112350464
YFR015C,YDL039C,1.6021712900609816e-14
YFR015C,YCL027W,0.11110510677099228
YFR015C,YML124C,0.00033278571208938956
YFR015C,YGL053W,2.8498404844867764e-06
YFR015C,YMR232W,0.13679750263690948
YFR015C,YNL298W,0.013549447059631348
YFR015C,YGL099W,6.290001124398259e-07
YFR015C,YBL016W,2.0973571768223565e-09
YFR015C,YAL041W,4.585424903780222e-05
YFR015C,YDR085C,1.354293586997013e-11
YFR015C,YPL187W,0.0120977982878685
YFR015C,YPL256C,1.2560780305648223e-05
YFR015C,YDR461W,2.6614674006331107e-12
YFR015C,YNL145W,2.4753582295033993e-08
YAL047C,YDL165W,4.562851245282218e-05
YAL047C,YGR059W,5.187765782466158e-05
YAL047C,YBR109C,0.8729539513587952
YAL047C,YJL080C,2.7365324058337137e-05
YAL047C,YCR093W,0.08014889061450958
YAL047C,YIL122W,0.0014023807598277926
YAL047C,YCL029C,1.9102702935924754e-05
YAL047C,YNL173C,1.8228203771286644e-05
YAL047C,YLR452C,0.013477078638970852
YAL047C,YDL160C,2.8657661459874362e-05
YAL047C,YLR229C,0.00025908288080245256
YAL047C,YML057W,0.00014195336552802473
YAL047C,YER149C,0.007673307321965694
YAL047C,YMR305C,5.6798076002451126e-06
YAL047C,YLR433C,0.00011006605927832425
YAL047C,YJL073W,0.00013509075506590307
YAL047C,YGR279C,0.0001007446480798535
YAL047C,YKL190W,2.687576397875091e-06
YAL047C,YGL089C,0.017657790333032608
YAL047C,YJL019W,0.9863576889038086
YAL047C,YJL018W,0.05591413006186485
YAL047C,YNR032C-A,0.000881985470186919
YAL047C,YGL178W,0.0672147274017334
YAL047C,YKL116C,1.2767246516887099e-05
YAL047C,YDL214C,6.07742606462125e-07
YAL047C,YLR362W,7.203670975286514e-07
YAL047C,YER068W,2.1879348821585154e-07
YAL047C,YHR084W,1.3160496337150107e-07
YAL047C,YDR392W,6.729864253429696e-05
YAL047C,YNL053W,1.7646812921157107e-05
YAL047C,YGR040W,0.00018523793551139534
YAL047C,YDL216C,0.00031576937180943787
YAL047C,YOL117W,9.116452304169798e-08
YAL047C,YJR086W,0.04194333031773567
YAL047C,YMR025W,0.9960349202156067
YAL047C,YBR081C,0.002240446861833334
YAL047C,YFL026W,0.0019256144296377897
YAL047C,YHL007C,0.002446589758619666
YAL047C,YNR044W,0.014247069135308266
YAL047C,YNL271C,9.299647354055196e-05
YAL047C,YDR200C,0.0005015518399886787
YAL047C,YKL178C,1.3109944120515138e-05
YAL047C,YOR212W,1.5917057949454971e-10
YAL047C,YOL111C,1.4443079408010817e-06
YAL047C,YGL032C,0.9705929756164551
YAL047C,YHR005C,0.0009238282800652087
YAL047C,YDR103W,0.001535897608846426
YAL047C,YJR084W,3.1775053344063053e-07
YAL047C,YCL032W,0.0005877647781744599
YAL047C,YJL170C,0.041183557361364365
YAL047C,YDR179C,6.242900418840236e-09
YAL047C,YBR095C,1.7722979919199133e-06
YAL047C,YLL021W,1.910771243274212e-05
YAL047C,YDL159W,4.056790203321725e-06
YAL047C,YNL161W,3.981449026468908e-06
YAL047C,YNL188W,1.2870059151737223e-07
YAL047C,YJL157C,0.003348303260281682
YAL047C,YJL034W,3.4516278724083804e-11
YAL047C,YLR238W,4.151577215338875e-08
YAL047C,YPR141C,0.00011353852460160851
YAL047C,YNL127W,0.000404898717533797
YAL047C,YCL055W,0.04422767460346222
YAL047C,YPR122W,9.501881663709355e-07
YAL047C,YMR065W,0.8516061902046204
YAL047C,YDR356W,2.1267172996886075e-05
YAL047C,YMR052W,1.1193635351958164e-08
YAL047C,YFR008W,6.580120953003643e-06
YAL047C,YLL043W,9.221363870892674e-05
YAL047C,YMR029C,1.8236289179185405e-05
YAL047C,YJR004C,3.619921471909038e-06
YAL047C,YDL223C,0.015028788708150387
YAL047C,YHR158C,7.728611706170341e-08
YAL047C,YGR238C,0.000547179311979562
YAL047C,YIL015W,0.0003593145520426333
YAL047C,YGL173C,0.0014870591694489121
YAL047C,YDL225W,0.03649955987930298
YAL047C,YLR330W,4.6751480908824306e-08
YAL047C,YBR129C,1.717881730201043e-07
YAL047C,YKR095W-A,0.2020167112350464
YAL047C,YPR075C,8.080171483015874e-07
YAL047C,YMR198W,4.247871856932761e-06
YAL047C,YOR127W,2.415714845938055e-07
YAL047C,YDR264C,9.79443817716863e-11
YAL047C,YLR110C,0.2616153061389923
YAL047C,YDR379W,0.15512222051620483
YAL047C,YDL100C,4.4522641928779194e-07
YAL047C,YHR073W,0.00032380642369389534
YAL047C,YJR090C,1.5738432921352796e-05
YAL047C,YOR208W,2.016174903474166e-06
YAL047C,YBR040W,0.2892915606498718
YAL047C,YNL279W,1.7740991609116463e-07
YAL047C,YER075C,1.2628987633434008e-08
YAL047C,YCR089W,0.0011226219357922673
YAL047C,YCR002C,0.0028223295230418444
YAL047C,YJL108C,0.1260058730840683
YAL047C,YBR200W,8.337591950180467e-09
YAL047C,YIL026C,0.0001957153872353956
YAL047C,YJR076C,2.5399001970072277e-05
YAL047C,YKR031C,1.107693969970569e-05
YAL047C,YPL192C,8.071509364526719e-05
YAL047C,YHR107C,1.9260101069562552e-08
YAL047C,YIL037C,7.668870966881514e-05
YAL047C,YPL156C,0.1737699955701828
YAL047C,YIL117C,0.0010959196370095015
YAL047C,YHR066W,4.5666501830021744e-11
YAL047C,YML085C,3.660629226942547e-05
YAL047C,YML047C,0.12190746515989304
YAL047C,YDR312W,2.1044145981363727e-08
YAL047C,YFL037W,7.027409196780354e-07
YAL047C,YDL038C,0.2020167112350464
YAL047C,YDL039C,2.815448851833935e-08
YAL047C,YCL027W,2.701700032048393e-05
YAL047C,YML124C,7.246461763976697e-10
YAL047C,YGL053W,9.268173926102463e-06
YAL047C,YMR232W,0.0065150512382388115
YAL047C,YNL298W,1.1666605459481616e-09
YAL047C,YGL099W,1.50819790684098e-11
YAL047C,YBL016W,7.101016876731592e-07
YAL047C,YAL041W,1.4324902375406623e-09
YAL047C,YDR085C,4.0540027839597315e-05
YAL047C,YPL187W,0.028126882389187813
YAL047C,YPL256C,3.9650800317758694e-05
YAL047C,YDR461W,6.448403616632348e-11
YAL047C,YNL145W,0.024906480684876442
YPR079W,YDL165W,2.750421668196168e-09
YPR079W,YGR059W,6.72582132210664e-08
YPR079W,YBR109C,4.054799376262963e-07
YPR079W,YJL080C,2.1656767490441098e-09
YPR079W,YCR093W,2.160553322028136e-06
YPR079W,YIL122W,0.095523901283741
YPR079W,YCL029C,8.768904081080109e-06
YPR079W,YNL173C,6.642374501097947e-05
YPR079W,YLR452C,0.08887720853090286
YPR079W,YDL160C,4.522846808185932e-08
YPR079W,YLR229C,0.8616808652877808
YPR079W,YML057W,0.0013263000873848796
YPR079W,YER149C,0.9969576597213745
YPR079W,YMR305C,0.9999850988388062
YPR079W,YLR433C,7.485600508516654e-05
YPR079W,YJL073W,1.346338947445791e-13
YPR079W,YGR279C,1.1588444976950996e-06
YPR079W,YKL190W,6.65515074160794e-07
YPR079W,YGL089C,1.0978842279740775e-09
YPR079W,YJL019W,4.293044586489714e-09
YPR079W,YJL018W,0.00454836105927825
YPR079W,YNR032C-A,0.9991589784622192
YPR079W,YGL178W,2.8104416571750335e-09
YPR079W,YKL116C,5.4083500344859203e-08
YPR079W,YDL214C,0.004899422638118267
YPR079W,YLR362W,4.062555035488913e-06
YPR079W,YER068W,4.525857986992232e-12
YPR079W,YHR084W,1.5893037641490082e-07
YPR079W,YDR392W,0.40244418382644653
YPR079W,YNL053W,9.53305118400749e-07
YPR079W,YGR040W,0.027237137779593468
YPR079W,YDL216C,1.8668885104489163e-06
YPR079W,YOL117W,1.3315401474756072e-06
YPR079W,YJR086W,4.0711227484280244e-05
YPR079W,YMR025W,0.0003356384695507586
YPR079W,YBR081C,7.824323802196886e-06
YPR079W,YFL026W,0.8708803653717041
YPR079W,YHL007C,1.306969181769091e-07
YPR079W,YNR044W,0.4698357880115509
YPR079W,YNL271C,0.6642281413078308
YPR079W,YDR200C,1.5896290278760716e-05
YPR079W,YKL178C,1.3007338262038814e-10
YPR079W,YOR212W,0.0023779619950801134
YPR079W,YOL111C,3.0829239161533906e-09
YPR079W,YGL032C,1.5698412880738033e-07
YPR079W,YHR005C,0.9132303595542908
YPR079W,YDR103W,2.6111605322398646e-08
YPR079W,YJR084W,4.865540631726617e-06
YPR079W,YCL032W,0.9899412989616394
YPR079W,YJL170C,0.02064543403685093
YPR079W,YDR179C,6.962190372827859e-12
YPR079W,YBR095C,0.00128273107111454
YPR079W,YLL021W,1.0225471136493525e-08
YPR079W,YDL159W,2.9427154004224576e-05
YPR079W,YNL161W,0.0011098978575319052
YPR079W,YNL188W,8.265567157650366e-05
YPR079W,YJL157C,7.858386719128418e-10
YPR079W,YJL034W,8.474790159801481e-16
YPR079W,YLR238W,1.4821396689512767e-05
YPR079W,YPR141C,5.732635344202208e-08
YPR079W,YNL127W,0.004098570439964533
YPR079W,YCL055W,1.8888780687120743e-05
YPR079W,YPR122W,0.002706287195906043
YPR079W,YMR065W,0.007797067053616047
YPR079W,YDR356W,4.474794224051948e-08
YPR079W,YMR052W,0.00023819171474315226
YPR079W,YFR008W,1.115964369091671e-05
YPR079W,YLL043W,2.0690511526311184e-09
YPR079W,YMR029C,1.2041115269312286e-06
YPR079W,YJR004C,0.003686285112053156
YPR079W,YDL223C,5.857921259178056e-09
YPR079W,YHR158C,0.0021866289898753166
YPR079W,YGR238C,3.218595156795345e-05
YPR079W,YIL015W,0.2129700630903244
YPR079W,YGL173C,1.5900118341960479e-06
YPR079W,YDL225W,0.0002053500502370298
YPR079W,YLR330W,0.0054625896736979485
YPR079W,YBR129C,0.0015101812314242125
YPR079W,YKR095W-A,0.2020167112350464
YPR079W,YPR075C,4.9817879856084435e-12
YPR079W,YMR198W,0.6940650343894958
YPR079W,YOR127W,4.283623369211176e-12
YPR079W,YDR264C,9.916115232044831e-05
YPR079W,YLR110C,0.0007858812459744513
YPR079W,YDR379W,0.0008646419737488031
YPR079W,YDL100C,0.03979579731822014
YPR079W,YHR073W,1.238987579199602e-07
YPR079W,YJR090C,0.011162756942212582
YPR079W,YOR208W,3.058694630908576e-08
YPR079W,YBR040W,0.00406637042760849
YPR079W,YNL279W,0.0009184027439914644
YPR079W,YER075C,0.00020791283168364316
YPR079W,YCR089W,0.11774193495512009
YPR079W,YCR002C,0.0020978914108127356
YPR079W,YJL108C,9.273799150832929e-07
YPR079W,YBR200W,0.015806784853339195
YPR079W,YIL026C,2.594774117792298e-10
YPR079W,YJR076C,4.3884700318130854e-08
YPR079W,YKR031C,0.946079432964325
YPR079W,YPL192C,2.6052988655322906e-09
YPR079W,YHR107C,2.5242535492409068e-11
YPR079W,YIL037C,0.003054439090192318
YPR079W,YPL156C,0.011437149718403816
YPR079W,YIL117C,0.2507972717285156
YPR079W,YHR066W,2.6345425488364814e-27
YPR079W,YML085C,0.9989755153656006
YPR079W,YML047C,0.9997121691703796
YPR079W,YDR312W,2.7006824439013144e-06
YPR079W,YFL037W,2.8207514333189465e-05
YPR079W,YDL038C,0.2020167112350464
YPR079W,YDL039C,2.661021766435165e-15
YPR079W,YCL027W,0.01924702152609825
YPR079W,YML124C,0.0003027395287062973
YPR079W,YGL053W,3.873033733725606e-07
YPR079W,YMR232W,0.8969494104385376
YPR079W,YNL298W,0.999992847442627
YPR079W,YGL099W,4.742285453218642e-10
YPR079W,YBL016W,3.712149521106767e-07
YPR079W,YAL041W,0.3229779303073883
YPR079W,YDR085C,0.001113289617933333
YPR079W,YPL187W,0.004601770080626011
YPR079W,YPL256C,0.00023870187578722835
YPR079W,YDR461W,5.011805228605226e-07
YPR079W,YNL145W,2.971824031305914e-08
YBR211C,YDL165W,0.8901387453079224
YBR211C,YGR059W,1.8866223687463712e-12
YBR211C,YBR109C,0.01198081485927105
YBR211C,YJL080C,9.701420822239015e-07
YBR211C,YCR093W,2.9405174473140505e-07
YBR211C,YIL122W,0.023777907714247704
YBR211C,YCL029C,7.281899389033342e-11
YBR211C,YNL173C,4.851399637573195e-08
YBR211C,YLR452C,0.8631274700164795
YBR211C,YDL160C,6.139218300393878e-11
YBR211C,YLR229C,0.013450559228658676
YBR211C,YML057W,5.356174597181962e-07
YBR211C,YER149C,0.014598319306969643
YBR211C,YMR305C,0.014359716325998306
YBR211C,YLR433C,0.034874722361564636
YBR211C,YJL073W,2.9476776575165786e-09
YBR211C,YGR279C,0.051119327545166016
YBR211C,YKL190W,0.003167722374200821
YBR211C,YGL089C,2.5500965228353323e-10
YBR211C,YJL019W,0.001775256241671741
YBR211C,YJL018W,9.514152770861983e-05
YBR211C,YNR032C-A,6.186118753248593e-06
YBR211C,YGL178W,0.8946173787117004
YBR211C,YKL116C,0.0014775756280869246
YBR211C,YDL214C,0.12078657001256943
YBR211C,YLR362W,7.540589308518975e-07
YBR211C,YER068W,1.2865536002000522e-14
YBR211C,YHR084W,7.788722723489627e-05
YBR211C,YDR392W,0.9538354873657227
YBR211C,YNL053W,0.02234281413257122
YBR211C,YGR040W,0.043963074684143066
YBR211C,YDL216C,0.0025633275508880615
YBR211C,YOL117W,0.00027545291231945157
YBR211C,YJR086W,0.1865929663181305
YBR211C,YMR025W,9.741388140582785e-09
YBR211C,YBR081C,0.5904644131660461
YBR211C,YFL026W,0.0005738392355851829
YBR211C,YHL007C,0.9245089888572693
YBR211C,YNR044W,5.284237886371557e-06
YBR211C,YNL271C,0.0020952837076038122
YBR211C,YDR200C,3.2330688554793596e-05
YBR211C,YKL178C,1.0227103608428934e-09
YBR211C,YOR212W,0.015093376860022545
YBR211C,YOL111C,3.0835018094421685e-08
YBR211C,YGL032C,2.822098110755178e-09
YBR211C,YHR005C,8.328959665959701e-06
YBR211C,YDR103W,0.0004142075194977224
YBR211C,YJR084W,0.01107217650860548
YBR211C,YCL032W,1.405605325999204e-05
YBR211C,YJL170C,8.500349940732121e-05
YBR211C,YDR179C,5.7645771448733285e-05
YBR211C,YBR095C,0.0009325569844804704
YBR211C,YLL021W,0.030236272141337395
YBR211C,YDL159W,8.469110071018804e-07
YBR211C,YNL161W,0.043303340673446655
YBR211C,YNL188W,4.251999780535698e-05
YBR211C,YJL157C,1.3084489047798797e-08
YBR211C,YJL034W,3.7208886145834175e-12
YBR211C,YLR238W,3.993300357052476e-09
YBR211C,YPR141C,0.002301344880834222
YBR211C,YNL127W,0.00011024378181900829
YBR211C,YCL055W,2.0487575966399163e-05
YBR211C,YPR122W,3.75839732669192e-07
YBR211C,YMR065W,0.9842895865440369
YBR211C,YDR356W,4.394362651538586e-10
YBR211C,YMR052W,2.5910043208177136e-11
YBR211C,YFR008W,2.0906483655380725e-08
YBR211C,YLL043W,0.7943041324615479
YBR211C,YMR029C,0.011474999599158764
YBR211C,YJR004C,0.0005849163280799985
YBR211C,YDL223C,1.1427431223509643e-09
YBR211C,YHR158C,0.00018168208771385252
YBR211C,YGR238C,3.6730982144739244e-10
YBR211C,YIL015W,3.650581902547856e-06
YBR211C,YGL173C,0.9980023503303528
YBR211C,YDL225W,0.0004847827658522874
YBR211C,YLR330W,4.7662044450058616e-11
YBR211C,YBR129C,1.8249365894007497e-06
YBR211C,YKR095W-A,0.2020167112350464
YBR211C,YPR075C,0.005560100544244051
YBR211C,YMR198W,3.8386992855521385e-06
YBR211C,YOR127W,0.011705172248184681
YBR211C,YDR264C,0.11122070252895355
YBR211C,YLR110C,0.010925522074103355
YBR211C,YDR379W,6.592757131329563e-07
YBR211C,YDL100C,0.005002754740417004
YBR211C,YHR073W,0.005524914246052504
YBR211C,YJR090C,3.863743813781184e-08
YBR211C,YOR208W,5.96397740082466e-08
YBR211C,YBR040W,0.09073185175657272
YBR211C,YNL279W,0.003275803755968809
YBR211C,YER075C,3.590188839552866e-07
YBR211C,YCR089W,3.081591728459898e-07
YBR211C,YCR002C,0.0693669468164444
YBR211C,YJL108C,1.0211730341325165e-06
YBR211C,YBR200W,4.1384334847904825e-10
YBR211C,YIL026C,0.5518225431442261
YBR211C,YJR076C,0.9973142743110657
YBR211C,YKR031C,8.49969261640382e-11
YBR211C,YPL192C,0.00019236630760133266
YBR211C,YHR107C,0.8553343415260315
YBR211C,YIL037C,0.0013573813484981656
YBR211C,YPL156C,2.0145028756246575e-08
YBR211C,YIL117C,2.2185886808245847e-11
YBR211C,YHR066W,6.322154799676127e-09
YBR211C,YML085C,0.0673937276005745
YBR211C,YML047C,0.012501850724220276
YBR211C,YDR312W,0.07118366658687592
YBR211C,YFL037W,0.001144469017162919
YBR211C,YDL038C,0.2020167112350464
YBR211C,YDL039C,7.721463043708354e-05
YBR211C,YCL027W,0.00011503072892082855
YBR211C,YML124C,3.30297666550905e-07
YBR211C,YGL053W,1.220138301505358e-07
YBR211C,YMR232W,4.528172681261822e-08
YBR211C,YNL298W,1.3862083036997319e-08
YBR211C,YGL099W,0.9993653893470764
YBR211C,YBL016W,1.544476390336058e-06
YBR211C,YAL041W,3.8235032917555145e-08
YBR211C,YDR085C,0.021019211038947105
YBR211C,YPL187W,0.0008951250347308815
YBR211C,YPL256C,8.784204474920898e-10
YBR211C,YDR461W,0.00037933862768113613
YBR211C,YNL145W,1.7155692014561574e-12
YDR326C,YDL165W,4.447604737833899e-07
YDR326C,YGR059W,1.975176999735595e-08
YDR326C,YBR109C,1.2782670637534466e-05
YDR326C,YJL080C,5.480141226144042e-06
YDR326C,YCR093W,0.9801332950592041
YDR326C,YIL122W,3.42684847964847e-06
YDR326C,YCL029C,2.451000727887731e-05
YDR326C,YNL173C,2.1309953801562642e-09
YDR326C,YLR452C,0.11405234038829803
YDR326C,YDL160C,2.853324474472174e-07
YDR326C,YLR229C,0.030722064897418022
YDR326C,YML057W,3.088533853293191e-16
YDR326C,YER149C,0.0006871114601381123
YDR326C,YMR305C,0.0018441315041854978
YDR326C,YLR433C,0.0007120326044969261
YDR326C,YJL073W,0.00016368416254408658
YDR326C,YGR279C,2.6007356268564763e-07
YDR326C,YKL190W,0.7733157873153687
YDR326C,YGL089C,0.00023519927344750613
YDR326C,YJL019W,3.012605085100234e-13
YDR326C,YJL018W,0.003220098791643977
YDR326C,YNR032C-A,0.99832683801651
YDR326C,YGL178W,0.6343060731887817
YDR326C,YKL116C,1.1415421568017337e-06
YDR326C,YDL214C,0.0019449855899438262
YDR326C,YLR362W,0.0001555953931529075
YDR326C,YER068W,0.2720426023006439
YDR326C,YHR084W,0.9656845331192017
YDR326C,YDR392W,2.8299784737839673e-09
YDR326C,YNL053W,9.400397539138794e-05
YDR326C,YGR040W,1.1410398315092607e-07
YDR326C,YDL216C,1.0459534678375348e-05
YDR326C,YOL117W,5.665451018477957e-15
YDR326C,YJR086W,0.9023163914680481
YDR326C,YMR025W,0.004111086949706078
YDR326C,YBR081C,0.02229376696050167
YDR326C,YFL026W,3.6217563319951296e-05
YDR326C,YHL007C,2.7754235816246364e-06
YDR326C,YNR044W,7.000148616498336e-05
YDR326C,YNL271C,0.03788609057664871
YDR326C,YDR200C,9.507047232792942e-11
YDR326C,YKL178C,8.226043490822121e-08
YDR326C,YOR212W,0.034004226326942444
YDR326C,YOL111C,1.318831112026575e-13
YDR326C,YGL032C,1.0200244105362799e-05
YDR326C,YHR005C,0.5451169013977051
YDR326C,YDR103W,4.105920743313618e-05
YDR326C,YJR084W,5.195494304643944e-05
YDR326C,YCL032W,0.03350556269288063
YDR326C,YJL170C,0.3179858922958374
YDR326C,YDR179C,0.0004281227302271873
YDR326C,YBR095C,0.005634011700749397
YDR326C,YLL021W,0.016031509265303612
YDR326C,YDL159W,0.0003023780882358551
YDR326C,YNL161W,0.3749748170375824
YDR326C,YNL188W,0.01329018548130989
YDR326C,YJL157C,0.5521570444107056
YDR326C,YJL034W,1.3759140493618816e-08
YDR326C,YLR238W,0.39072567224502563
YDR326C,YPR141C,0.00026335957227274776
YDR326C,YNL127W,7.297256161109544e-06
YDR326C,YCL055W,2.056077755696606e-05
YDR326C,YPR122W,6.217446934897453e-05
YDR326C,YMR065W,0.8375895023345947
YDR326C,YDR356W,0.0014132062206044793
YDR326C,YMR052W,0.002597016980871558
YDR326C,YFR008W,0.9755609631538391
YDR326C,YLL043W,0.0001380729372613132
YDR326C,YMR029C,4.705193714471534e-05
YDR326C,YJR004C,1.4595752872992307e-06
YDR326C,YDL223C,3.0128884276336976e-08
YDR326C,YHR158C,0.002101382240653038
YDR326C,YGR238C,0.000676279014442116
YDR326C,YIL015W,0.9999251365661621
YDR326C,YGL173C,0.8785762190818787
YDR326C,YDL225W,0.003915705252438784
YDR326C,YLR330W,1.8231569356430555e-06
YDR326C,YBR129C,7.528202559115016e-07
YDR326C,YKR095W-A,0.2020167112350464
YDR326C,YPR075C,4.642082074637899e-13
YDR326C,YMR198W,0.001417158986441791
YDR326C,YOR127W,0.00013181264512240887
YDR326C,YDR264C,0.0025403001345694065
YDR326C,YLR110C,0.0015106479404494166
YDR326C,YDR379W,0.02664840593934059
YDR326C,YDL100C,0.0006016770494170487
YDR326C,YHR073W,0.0012627154355868697
YDR326C,YJR090C,1.2114891338385614e-12
YDR326C,YOR208W,0.0003819622506853193
YDR326C,YBR040W,0.009507924318313599
YDR326C,YNL279W,0.49084120988845825
YDR326C,YER075C,8.71468182594981e-06
YDR326C,YCR089W,0.00013590110756922513
YDR326C,YCR002C,0.03217180073261261
YDR326C,YJL108C,1.4980267224018462e-05
YDR326C,YBR200W,0.02494683675467968
YDR326C,YIL026C,1.9144754048738832e-07
YDR326C,YJR076C,7.522403029724956e-05
YDR326C,YKR031C,0.0005591414519585669
YDR326C,YPL192C,0.0012759884120896459
YDR326C,YHR107C,7.149275802476041e-07
YDR326C,YIL037C,0.000597312580794096
YDR326C,YPL156C,1.0970777566399192e-06
YDR326C,YIL117C,4.188049842923647e-06
YDR326C,YHR066W,2.131959539464212e-12
YDR326C,YML085C,0.04991577938199043
YDR326C,YML047C,0.20359288156032562
YDR326C,YDR312W,2.3511931431130506e-05
YDR326C,YFL037W,1.6771526816228288e-06
YDR326C,YDL038C,0.2020167112350464
YDR326C,YDL039C,2.0937918066010752e-09
YDR326C,YCL027W,0.0009917193092405796
YDR326C,YML124C,3.8683788261550944e-07
YDR326C,YGL053W,3.4272436550963903e-06
YDR326C,YMR232W,0.00013139702787157148
YDR326C,YNL298W,0.9721205234527588
YDR326C,YGL099W,4.282978949277094e-08
YDR326C,YBL016W,7.93591607362032e-05
YDR326C,YAL041W,0.012951530516147614
YDR326C,YDR085C,3.2805718319650623e-07
YDR326C,YPL187W,0.00015553396951872855
YDR326C,YPL256C,0.00034075064468197525
YDR326C,YDR461W,0.001741331652738154
YDR326C,YNL145W,1.668062054704933e-06
YDR210W-B,YDL165W,1.6877354624966756e-08
YDR210W-B,YGR059W,0.0015008620684966445
YDR210W-B,YBR109C,0.002770997118204832
YDR210W-B,YJL080C,0.001898623420856893
YDR210W-B,YCR093W,0.003469315357506275
YDR210W-B,YIL122W,0.00013031296839471906
YDR210W-B,YCL029C,0.00043752873898483813
YDR210W-B,YNL173C,1.9917239114874974e-05
YDR210W-B,YLR452C,0.0001405610382789746
YDR210W-B,YDL160C,0.0005461681867018342
YDR210W-B,YLR229C,0.0003676643827930093
YDR210W-B,YML057W,0.0007588822627440095
YDR210W-B,YER149C,0.00035400240449234843
YDR210W-B,YMR305C,0.0006160226766951382
YDR210W-B,YLR433C,0.00019997342315036803
YDR210W-B,YJL073W,0.0004751112428493798
YDR210W-B,YGR279C,0.0021649347618222237
YDR210W-B,YKL190W,0.00012080862506991252
YDR210W-B,YGL089C,0.0008203397155739367
YDR210W-B,YJL019W,0.00027602180489338934
YDR210W-B,YJL018W,0.2020167112350464
YDR210W-B,YNR032C-A,0.0007682794239372015
YDR210W-B,YGL178W,0.00022695917868986726
YDR210W-B,YKL116C,0.0004676582175306976
YDR210W-B,YDL214C,0.0005278742173686624
YDR210W-B,YLR362W,5.220672846917296e-06
YDR210W-B,YER068W,0.0002881159889511764
YDR210W-B,YHR084W,0.001490241033025086
YDR210W-B,YDR392W,6.850167119409889e-05
YDR210W-B,YNL053W,1.596200672793202e-05
YDR210W-B,YGR040W,1.764404089499294e-07
YDR210W-B,YDL216C,1.8771195755107328e-05
YDR210W-B,YOL117W,0.006514603737741709
YDR210W-B,YJR086W,0.0016104914247989655
YDR210W-B,YMR025W,2.1582040062639862e-05
YDR210W-B,YBR081C,8.008273289306089e-05
YDR210W-B,YFL026W,9.468340635976347e-07
YDR210W-B,YHL007C,3.100146159340511e-06
YDR210W-B,YNR044W,0.0010645923903211951
YDR210W-B,YNL271C,0.0023973213974386454
YDR210W-B,YDR200C,1.9563385649234988e-05
YDR210W-B,YKL178C,0.00023705459898337722
YDR210W-B,YOR212W,2.8314456358202733e-05
YDR210W-B,YOL111C,0.00017464537813793868
YDR210W-B,YGL032C,2.102417784044519e-05
YDR210W-B,YHR005C,3.25306027662009e-05
YDR210W-B,YDR103W,0.00014481708058156073
YDR210W-B,YJR084W,0.011833795346319675
YDR210W-B,YCL032W,4.7220051783369854e-05
YDR210W-B,YJL170C,0.001710970071144402
YDR210W-B,YDR179C,0.00013245965237729251
YDR210W-B,YBR095C,0.0011017543729394674
YDR210W-B,YLL021W,0.00045790718286298215
YDR210W-B,YDL159W,0.00010264381126035005
YDR210W-B,YNL161W,0.0014741801423951983
YDR210W-B,YNL188W,0.0018793572671711445
YDR210W-B,YJL157C,2.411263449175749e-05
YDR210W-B,YJL034W,0.00476654851809144
YDR210W-B,YLR238W,2.6740168323158287e-05
YDR210W-B,YPR141C,0.0022233224008232355
YDR210W-B,YNL127W,0.0014659927692264318
YDR210W-B,YCL055W,0.0005869574961252511
YDR210W-B,YPR122W,0.0005463254055939615
YDR210W-B,YMR065W,0.006248071324080229
YDR210W-B,YDR356W,0.0011413503671064973
YDR210W-B,YMR052W,4.097249620826915e-05
YDR210W-B,YFR008W,0.0021457644179463387
YDR210W-B,YLL043W,0.0033063956070691347
YDR210W-B,YMR029C,9.815311204874888e-05
YDR210W-B,YJR004C,0.00018484129395801574
YDR210W-B,YDL223C,0.00022762578737456352
YDR210W-B,YHR158C,0.00014935896615497768
YDR210W-B,YGR238C,0.00012322902330197394
YDR210W-B,YIL015W,0.00024879828561097383
YDR210W-B,YGL173C,0.0009683513781055808
YDR210W-B,YDL225W,0.018075712025165558
YDR210W-B,YLR330W,0.0015675207832828164
YDR210W-B,YBR129C,0.00039079401176422834
YDR210W-B,YKR095W-A,0.2020167112350464
YDR210W-B,YPR075C,0.0005883215926587582
YDR210W-B,YMR198W,2.1460784410010092e-05
YDR210W-B,YOR127W,0.002354720141738653
YDR210W-B,YDR264C,0.00041253885137848556
YDR210W-B,YLR110C,0.0007922658114694059
YDR210W-B,YDR379W,0.0002536622923798859
YDR210W-B,YDL100C,3.224124520784244e-05
YDR210W-B,YHR073W,0.0002676675212569535
YDR210W-B,YJR090C,0.003735223086550832
YDR210W-B,YOR208W,0.0002745800302363932
YDR210W-B,YBR040W,0.0011830109870061278
YDR210W-B,YNL279W,0.0006674060132354498
YDR210W-B,YER075C,0.023945439606904984
YDR210W-B,YCR089W,0.0012929418589919806
YDR210W-B,YCR002C,1.0969523827952798e-05
YDR210W-B,YJL108C,4.679426638176665e-06
YDR210W-B,YBR200W,0.0008270642138086259
YDR210W-B,YIL026C,0.0013186114374548197
YDR210W-B,YJR076C,0.0031832887325435877
YDR210W-B,YKR031C,0.004708184860646725
YDR210W-B,YPL192C,0.0014456172939389944
YDR210W-B,YHR107C,0.00023820513160899282
YDR210W-B,YIL037C,0.0003602048964239657
YDR210W-B,YPL156C,0.0026125842705368996
YDR210W-B,YIL117C,0.00030039946432225406
YDR210W-B,YHR066W,3.3381940056642634e-07
YDR210W-B,YML085C,0.00029198406264185905
YDR210W-B,YML047C,0.00013535792822949588
YDR210W-B,YDR312W,4.37923772551585e-05
YDR210W-B,YFL037W,0.00038899912033230066
YDR210W-B,YDL038C,0.2020167112350464
YDR210W-B,YDL039C,0.0005700222682207823
YDR210W-B,YCL027W,0.004016394726932049
YDR210W-B,YML124C,0.0007846061489544809
YDR210W-B,YGL053W,0.0012629018165171146
YDR210W-B,YMR232W,0.0010241800919175148
YDR210W-B,YNL298W,0.00010316457337467
YDR210W-B,YGL099W,0.0004813070991076529
YDR210W-B,YBL016W,0.0014752644347026944
YDR210W-B,YAL041W,5.873245299881091e-06
YDR210W-B,YDR085C,0.001366300624795258
YDR210W-B,YPL187W,0.0068865749053657055
YDR210W-B,YPL256C,0.00018514627299737185
YDR210W-B,YDR461W,1.4398644452739973e-05
YDR210W-B,YNL145W,0.0002373934257775545
YMR099C,YDL165W,5.33165067650998e-10
YMR099C,YGR059W,0.0001288313214899972
YMR099C,YBR109C,5.058618413045224e-08
YMR099C,YJL080C,1.415195129084168e-06
YMR099C,YCR093W,1.4134900538920192e-07
YMR099C,YIL122W,2.0191237126709893e-05
YMR099C,YCL029C,5.390628568524569e-11
YMR099C,YNL173C,0.002961178310215473
YMR099C,YLR452C,0.00022252411872614175
YMR099C,YDL160C,3.983440137744765e-07
YMR099C,YLR229C,1.1464428553153994e-06
YMR099C,YML057W,2.6188170792887985e-15
YMR099C,YER149C,2.3660835722694173e-05
YMR099C,YMR305C,1.0776348563501514e-10
YMR099C,YLR433C,0.0017181384610012174
YMR099C,YJL073W,3.122945102518315e-08
YMR099C,YGR279C,0.014022587798535824
YMR099C,YKL190W,0.0008120663114823401
YMR099C,YGL089C,0.04453442990779877
YMR099C,YJL019W,5.9267065807944164e-05
YMR099C,YJL018W,0.0002476121881045401
YMR099C,YNR032C-A,0.9985001087188721
YMR099C,YGL178W,1.2893456968754435e-08
YMR099C,YKL116C,8.20116241584401e-09
YMR099C,YDL214C,0.0011369917774572968
YMR099C,YLR362W,2.797746390115208e-07
YMR099C,YER068W,8.187810429660658e-10
YMR099C,YHR084W,9.630221029510722e-07
YMR099C,YDR392W,5.366151162888855e-05
YMR099C,YNL053W,6.735955935255333e-07
YMR099C,YGR040W,0.33350688219070435
YMR099C,YDL216C,0.035139165818691254
YMR099C,YOL117W,1.138189645644161e-06
YMR099C,YJR086W,2.4343660697923042e-05
YMR099C,YMR025W,2.6589291207169963e-13
YMR099C,YBR081C,1.1848914210910166e-11
YMR099C,YFL026W,1.5401756172650494e-05
YMR099C,YHL007C,2.3471291569876485e-05
YMR099C,YNR044W,0.0009860913269221783
YMR099C,YNL271C,2.6549053018243285e-06
YMR099C,YDR200C,5.476503139867361e-10
YMR099C,YKL178C,1.2083062017609336e-07
YMR099C,YOR212W,0.00020994333317503333
YMR099C,YOL111C,6.270850061440569e-09
YMR099C,YGL032C,0.0008517769747413695
YMR099C,YHR005C,0.00010726207256084308
YMR099C,YDR103W,3.7942015751468716e-06
YMR099C,YJR084W,3.975094386987621e-08
YMR099C,YCL032W,1.2250728209650674e-09
YMR099C,YJL170C,4.130156867176993e-06
YMR099C,YDR179C,1.3193582511228374e-11
YMR099C,YBR095C,3.352585054017254e-08
YMR099C,YLL021W,8.003837592696073e-07
YMR099C,YDL159W,9.320952472080535e-07
YMR099C,YNL161W,9.516790133723418e-11
YMR099C,YNL188W,5.747361697672204e-08
YMR099C,YJL157C,7.816431093488063e-07
YMR099C,YJL034W,1.2893479686693077e-12
YMR099C,YLR238W,7.602393026218124e-08
YMR099C,YPR141C,3.2562454917662872e-18
YMR099C,YNL127W,0.0029083634726703167
YMR099C,YCL055W,6.510672392323613e-05
YMR099C,YPR122W,0.00011412043386371806
YMR099C,YMR065W,0.03036896139383316
YMR099C,YDR356W,1.0861117560878597e-10
YMR099C,YMR052W,1.7300607169090654e-08
YMR099C,YFR008W,1.8617323576108902e-06
YMR099C,YLL043W,3.277359503575661e-12
YMR099C,YMR029C,0.7060074210166931
YMR099C,YJR004C,4.3097806139841266e-13
YMR099C,YDL223C,3.0513901138912863e-14
YMR099C,YHR158C,0.010369800962507725
YMR099C,YGR238C,1.900585374844943e-12
YMR099C,YIL015W,0.4346628189086914
YMR099C,YGL173C,1.013624341794639e-06
YMR099C,YDL225W,1.0219484465778805e-05
YMR099C,YLR330W,9.623007821363619e-14
YMR099C,YBR129C,2.1061793975540866e-10
YMR099C,YKR095W-A,0.2020167112350464
YMR099C,YPR075C,2.2823388144688206e-12
YMR099C,YMR198W,0.05614893510937691
YMR099C,YOR127W,8.719324090869507e-13
YMR099C,YDR264C,6.258808571146801e-05
YMR099C,YLR110C,0.00032646689214743674
YMR099C,YDR379W,3.727920194762646e-09
YMR099C,YDL100C,4.952107346412049e-08
YMR099C,YHR073W,1.001534410960403e-08
YMR099C,YJR090C,3.0828763897261524e-07
YMR099C,YOR208W,1.0911868739311992e-13
YMR099C,YBR040W,0.0002137299597961828
YMR099C,YNL279W,0.010012143291532993
YMR099C,YER075C,6.508689409656654e-08
YMR099C,YCR089W,1.926314793440631e-12
YMR099C,YCR002C,1.2115422578062862e-05
YMR099C,YJL108C,0.012429543770849705
YMR099C,YBR200W,2.704055930280447e-07
YMR099C,YIL026C,3.3889646644524873e-10
YMR099C,YJR076C,1.404276017978644e-14
YMR099C,YKR031C,5.417680768005084e-06
YMR099C,YPL192C,2.146127553714905e-05
YMR099C,YHR107C,4.733148958489461e-14
YMR099C,YIL037C,0.00025925092631950974
YMR099C,YPL156C,0.21496886014938354
YMR099C,YIL117C,5.684836196451215e-06
YMR099C,YHR066W,8.794186167178581e-16
YMR099C,YML085C,4.572628768073628e-06
YMR099C,YML047C,2.7640310236165533e-06
YMR099C,YDR312W,4.566175881848267e-09
YMR099C,YFL037W,1.5009333775850564e-09
YMR099C,YDL038C,0.2020167112350464
YMR099C,YDL039C,5.2220916479939206e-09
YMR099C,YCL027W,3.297511284472421e-06
YMR099C,YML124C,4.357198406523821e-07
YMR099C,YGL053W,3.3761975259949395e-07
YMR099C,YMR232W,2.2403748300980908e-10
YMR099C,YNL298W,2.489138921646372e-07
YMR099C,YGL099W,2.907444657208533e-14
YMR099C,YBL016W,6.458629542294148e-08
YMR099C,YAL041W,7.244392197236493e-09
YMR099C,YDR085C,0.01110671553760767
YMR099C,YPL187W,1.5136200772758457e-06
YMR099C,YPL256C,3.690257699417998e-07
YMR099C,YDR461W,0.0015935275005176663
YMR099C,YNL145W,0.4394531548023224
YMR008C,YDL165W,8.067633068759364e-15
YMR008C,YGR059W,1.0266009570214507e-10
YMR008C,YBR109C,1.2760030879133133e-11
YMR008C,YJL080C,3.447613323714904e-07
YMR008C,YCR093W,1.0076525391866653e-08
YMR008C,YIL122W,1.0443470728205284e-06
YMR008C,YCL029C,1.5041832224227392e-09
YMR008C,YNL173C,0.8915703296661377
YMR008C,YLR452C,2.222362240900111e-07
YMR008C,YDL160C,1.3116434327553605e-10
YMR008C,YLR229C,5.829027988372634e-14
YMR008C,YML057W,4.3410547378996966e-10
YMR008C,YER149C,4.570987251900638e-12
YMR008C,YMR305C,2.883537297826422e-10
YMR008C,YLR433C,0.0035733876284211874
YMR008C,YJL073W,6.093008408925016e-08
YMR008C,YGR279C,9.852476523519726e-07
YMR008C,YKL190W,7.15648420737125e-05
YMR008C,YGL089C,2.5685812943265773e-06
YMR008C,YJL019W,1.1509223796224433e-08
YMR008C,YJL018W,0.050048597157001495
YMR008C,YNR032C-A,4.259538854967104e-06
YMR008C,YGL178W,2.0964180912075303e-12
YMR008C,YKL116C,1.5385746010565526e-08
YMR008C,YDL214C,0.05278941988945007
YMR008C,YLR362W,9.256011929137387e-11
YMR008C,YER068W,1.317283846447026e-07
YMR008C,YHR084W,5.384039809541719e-07
YMR008C,YDR392W,5.807001546287438e-10
YMR008C,YNL053W,1.0056216126486106e-07
YMR008C,YGR040W,4.076846082945451e-10
YMR008C,YDL216C,0.995701253414154
YMR008C,YOL117W,7.338256391431486e-11
YMR008C,YJR086W,2.892496572121095e-12
YMR008C,YMR025W,4.374875788926147e-05
YMR008C,YBR081C,4.0229380715572916e-07
YMR008C,YFL026W,1.0798466973938048e-06
YMR008C,YHL007C,3.525120126357528e-11
YMR008C,YNR044W,1.495471566134894e-14
YMR008C,YNL271C,8.19326814962551e-05
YMR008C,YDR200C,6.55278498129519e-08
YMR008C,YKL178C,0.0003181675565429032
YMR008C,YOR212W,7.956463721377205e-14
YMR008C,YOL111C,9.310085260949563e-06
YMR008C,YGL032C,2.354952066685456e-10
YMR008C,YHR005C,5.54301873498253e-12
YMR008C,YDR103W,0.00021151293185539544
YMR008C,YJR084W,0.002742272801697254
YMR008C,YCL032W,0.03124462440609932
YMR008C,YJL170C,5.205623487825051e-09
YMR008C,YDR179C,1.8773315692797998e-13
YMR008C,YBR095C,1.4284949612086706e-10
YMR008C,YLL021W,2.1361930890861913e-08
YMR008C,YDL159W,3.912532624272824e-12
YMR008C,YNL161W,6.044917035463379e-14
YMR008C,YNL188W,3.071589620927859e-17
YMR008C,YJL157C,7.336755335207723e-12
YMR008C,YJL034W,2.5897156530232772e-14
YMR008C,YLR238W,5.156236966286087e-07
YMR008C,YPR141C,3.2600741550758983e-10
YMR008C,YNL127W,2.281013572469348e-10
YMR008C,YCL055W,1.8323820238919097e-09
YMR008C,YPR122W,4.9218216169322204e-09
YMR008C,YMR065W,1.6507267774912293e-10
YMR008C,YDR356W,1.6261639257386662e-10
YMR008C,YMR052W,6.061849373156791e-12
YMR008C,YFR008W,1.6520675671927165e-06
YMR008C,YLL043W,5.861148233421432e-10
YMR008C,YMR029C,0.00215362710878253
YMR008C,YJR004C,1.278814077201873e-12
YMR008C,YDL223C,3.625205468931955e-14
YMR008C,YHR158C,1.425635787200008e-08
YMR008C,YGR238C,6.276955559769704e-07
YMR008C,YIL015W,1.7205412441989587e-11
YMR008C,YGL173C,0.010426467284560204
YMR008C,YDL225W,1.5003356629988973e-12
YMR008C,YLR330W,4.2185200754829566e-07
YMR008C,YBR129C,1.6167351759577286e-06
YMR008C,YKR095W-A,0.2020167112350464
YMR008C,YPR075C,1.01418564213418e-07
YMR008C,YMR198W,8.301257992116007e-08
YMR008C,YOR127W,6.291060344665311e-06
YMR008C,YDR264C,0.00011453677143435925
YMR008C,YLR110C,1.7712014792459056e-17
YMR008C,YDR379W,1.9192010827784323e-11
YMR008C,YDL100C,1.4068388005329844e-18
YMR008C,YHR073W,0.0002616269630379975
YMR008C,YJR090C,1.0608437683856664e-08
YMR008C,YOR208W,6.513823157909091e-18
YMR008C,YBR040W,4.40722805472582e-11
YMR008C,YNL279W,4.845991316559939e-11
YMR008C,YER075C,4.4534399279427817e-08
YMR008C,YCR089W,1.7122006590319927e-10
YMR008C,YCR002C,0.00016729312483221292
YMR008C,YJL108C,2.40856570599135e-06
YMR008C,YBR200W,2.672805294423597e-06
YMR008C,YIL026C,1.9782178242166992e-06
YMR008C,YJR076C,5.533752567288275e-09
YMR008C,YKR031C,3.748182653140475e-09
YMR008C,YPL192C,7.946768937339144e-11
YMR008C,YHR107C,7.259166636686132e-07
YMR008C,YIL037C,3.132071668687786e-08
YMR008C,YPL156C,0.00022866707877255976
YMR008C,YIL117C,7.712080301975857e-18
YMR008C,YHR066W,4.939778834323885e-15
YMR008C,YML085C,3.3393467901987606e-07
YMR008C,YML047C,1.2131133644288639e-06
YMR008C,YDR312W,4.4645870659297537e-13
YMR008C,YFL037W,1.7549761821555876e-07
YMR008C,YDL038C,0.2020167112350464
YMR008C,YDL039C,1.1558246527031916e-14
YMR008C,YCL027W,2.7598326823863317e-07
YMR008C,YML124C,4.793582047568634e-05
YMR008C,YGL053W,7.631143716935185e-08
YMR008C,YMR232W,1.334537529373847e-07
YMR008C,YNL298W,3.750759347553867e-08
YMR008C,YGL099W,3.1088267404182426e-14
YMR008C,YBL016W,3.524291614098729e-08
YMR008C,YAL041W,2.2120773792266846e-05
YMR008C,YDR085C,2.398028442485156e-08
YMR008C,YPL187W,6.335371290333569e-05
YMR008C,YPL256C,2.7689124864477277e-13
YMR008C,YDR461W,4.7071864192742714e-17
YMR008C,YNL145W,4.792716223889215e-10
snR9,YDL165W,0.00013558451610151678
snR9,YGR059W,5.6322169257327914e-06
snR9,YBR109C,9.598417705092288e-08
snR9,YJL080C,0.007002077531069517
snR9,YCR093W,0.0002520756679587066
snR9,YIL122W,2.548496559029445e-05
snR9,YCL029C,0.07629632204771042
snR9,YNL173C,0.020938780158758163
snR9,YLR452C,0.0006933853728696704
snR9,YDL160C,3.0013634386705235e-05
snR9,YLR229C,2.1342530089896172e-05
snR9,YML057W,0.0028335682582110167
snR9,YER149C,0.00016517187759745866
snR9,YMR305C,1.11577919597039e-05
snR9,YLR433C,0.24948002398014069
snR9,YJL073W,0.3016471564769745
snR9,YGR279C,3.2208758966589812e-06
snR9,YKL190W,0.00012949889060109854
snR9,YGL089C,1.3277653124532662e-05
snR9,YJL019W,0.0006635727477259934
snR9,YJL018W,0.2020167112350464
snR9,YNR032C-A,3.6983578866056632e-06
snR9,YGL178W,0.0011338789481669664
snR9,YKL116C,0.022578787058591843
snR9,YDL214C,0.0005991939688101411
snR9,YLR362W,0.0002817897475324571
snR9,YER068W,6.427270818676334e-06
snR9,YHR084W,2.48119727075391e-06
snR9,YDR392W,0.013136791065335274
snR9,YNL053W,0.00012380849511828274
snR9,YGR040W,0.0221566054970026
snR9,YDL216C,0.037517812103033066
snR9,YOL117W,2.2490055471280357e-06
snR9,YJR086W,1.2823438737541437e-05
snR9,YMR025W,1.4008313087288116e-07
snR9,YBR081C,2.036259502347093e-06
snR9,YFL026W,0.0015834120567888021
snR9,YHL007C,8.154914894475951e-07
snR9,YNR044W,0.03164936229586601
snR9,YNL271C,0.08373241126537323
snR9,YDR200C,0.014999226666986942
snR9,YKL178C,8.026626585611041e-10
snR9,YOR212W,3.7086958855070407e-06
snR9,YOL111C,0.03257149085402489
snR9,YGL032C,0.006412495393306017
snR9,YHR005C,0.029290679842233658
snR9,YDR103W,0.05410527437925339
snR9,YJR084W,0.0018833123613148928
snR9,YCL032W,0.006087548099458218
snR9,YJL170C,2.013531002376112e-06
snR9,YDR179C,0.00033843034179881215
snR9,YBR095C,0.005309527274221182
snR9,YLL021W,0.01575242169201374
snR9,YDL159W,0.0008893115445971489
snR9,YNL161W,0.005906539969146252
snR9,YNL188W,2.1562475012615323e-05
snR9,YJL157C,0.006580145563930273
snR9,YJL034W,2.389848816619633e-07
snR9,YLR238W,0.09263516217470169
snR9,YPR141C,0.00021357799414545298
snR9,YNL127W,0.578632116317749
snR9,YCL055W,0.0021041117142885923
snR9,YPR122W,0.18046368658542633
snR9,YMR065W,6.586614809123148e-09
snR9,YDR356W,4.281368455849588e-05
snR9,YMR052W,1.2902658454549965e-05
snR9,YFR008W,0.001393477781675756
snR9,YLL043W,0.0019359610741958022
snR9,YMR029C,0.0002447713050059974
snR9,YJR004C,1.1535668818396516e-05
snR9,YDL223C,0.00018752437608782202
snR9,YHR158C,1.0133169780601747e-05
snR9,YGR238C,0.002835890743881464
snR9,YIL015W,0.00043316444498486817
snR9,YGL173C,0.026498332619667053
snR9,YDL225W,5.732363206334412e-06
snR9,YLR330W,0.028501950204372406
snR9,YBR129C,1.5647920008632354e-05
snR9,YKR095W-A,0.2020167112350464
snR9,YPR075C,0.06364104896783829
snR9,YMR198W,0.46979400515556335
snR9,YOR127W,0.08253335952758789
snR9,YDR264C,2.4771654238975316e-07
snR9,YLR110C,0.0012612314894795418
snR9,YDR379W,0.013353973627090454
snR9,YDL100C,6.309723175945692e-06
snR9,YHR073W,1.30797097881441e-05
snR9,YJR090C,0.0023845364339649677
snR9,YOR208W,0.005527967121452093
snR9,YBR040W,1.1971283520040288e-08
snR9,YNL279W,0.0003351768827997148
snR9,YER075C,1.053082243629433e-08
snR9,YCR089W,0.0012723609106615186
snR9,YCR002C,4.501005079760034e-08
snR9,YJL108C,0.00543917715549469
snR9,YBR200W,0.04622875526547432
snR9,YIL026C,1.5399310271391187e-08
snR9,YJR076C,0.004482516553252935
snR9,YKR031C,0.24480615556240082
snR9,YPL192C,0.00017008878057822585
snR9,YHR107C,0.0012524131452664733
snR9,YIL037C,0.000396351475501433
snR9,YPL156C,0.001546645537018776
snR9,YIL117C,0.005868186242878437
snR9,YHR066W,0.000161925025167875
snR9,YML085C,0.023461133241653442
snR9,YML047C,1.568515108374413e-05
snR9,YDR312W,0.038368236273527145
snR9,YFL037W,2.028375820373185e-05
snR9,YDL038C,0.2020167112350464
snR9,YDL039C,2.0365845557535067e-05
snR9,YCL027W,0.0008772839209996164
snR9,YML124C,0.16000056266784668
snR9,YGL053W,2.4624355319247115e-06
snR9,YMR232W,0.00015305761189665645
snR9,YNL298W,0.0006389054469764233
snR9,YGL099W,7.27352817193605e-05
snR9,YBL016W,0.22081024944782257
snR9,YAL041W,1.7699046566121979e-06
snR9,YDR085C,3.3122487366199493e-06
snR9,YPL187W,0.0007673004874959588
snR9,YPL256C,0.026632159948349
snR9,YDR461W,8.564098408214704e-08
snR9,YNL145W,1.7987590581469703e-06
YNL160W,YDL165W,7.319898399708393e-23
YNL160W,YGR059W,2.3875654231453325e-10
YNL160W,YBR109C,2.0741358645142606e-17
YNL160W,YJL080C,1.5792955051358026e-13
YNL160W,YCR093W,0.5170841813087463
YNL160W,YIL122W,0.1912504881620407
YNL160W,YCL029C,2.265810762213001e-14
YNL160W,YNL173C,0.0002963634324260056
YNL160W,YLR452C,2.3464839231444874e-20
YNL160W,YDL160C,1.8288902614571612e-09
YNL160W,YLR229C,1.2277154293194315e-10
YNL160W,YML057W,3.4266732246851506e-12
YNL160W,YER149C,8.72425309078606e-12
YNL160W,YMR305C,3.95255659799143e-12
YNL160W,YLR433C,2.8615891096706036e-06
YNL160W,YJL073W,4.572220156371547e-18
YNL160W,YGR279C,8.312164254675736e-07
YNL160W,YKL190W,1.7695798981958583e-14
YNL160W,YGL089C,0.0001026956015266478
YNL160W,YJL019W,8.471768524032086e-05
YNL160W,YJL018W,0.02613401971757412
YNL160W,YNR032C-A,2.4161087708307605e-07
YNL160W,YGL178W,5.563384092965862e-06
YNL160W,YKL116C,1.1266161337175618e-08
YNL160W,YDL214C,0.08608929067850113
YNL160W,YLR362W,2.6816704412624404e-09
YNL160W,YER068W,6.398130181044237e-13
YNL160W,YHR084W,8.983330572476245e-13
YNL160W,YDR392W,1.031622920769082e-12
YNL160W,YNL053W,1.5244505448208656e-05
YNL160W,YGR040W,4.4169730244902894e-05
YNL160W,YDL216C,3.124261638731696e-05
YNL160W,YOL117W,3.356260824816104e-10
YNL160W,YJR086W,6.183021650230103e-09
YNL160W,YMR025W,0.0006971193361096084
YNL160W,YBR081C,2.8488034153895114e-09
YNL160W,YFL026W,2.3831537121160154e-20
YNL160W,YHL007C,3.970707921128027e-15
YNL160W,YNR044W,7.571829740982139e-08
YNL160W,YNL271C,9.67350019531743e-11
YNL160W,YDR200C,1.4539400933211155e-11
YNL160W,YKL178C,9.772991660383923e-08
YNL160W,YOR212W,2.4682328324753498e-17
YNL160W,YOL111C,0.002038054633885622
YNL160W,YGL032C,2.455537075757297e-12
YNL160W,YHR005C,1.5248762322284115e-11
YNL160W,YDR103W,4.7815490987219295e-14
YNL160W,YJR084W,1.822499512416087e-10
YNL160W,YCL032W,0.0005296912277117372
YNL160W,YJL170C,1.2937401241860892e-16
YNL160W,YDR179C,3.2599632504570764e-07
YNL160W,YBR095C,4.122967090891376e-14
YNL160W,YLL021W,3.420227366136539e-20
YNL160W,YDL159W,3.8247404177127464e-07
YNL160W,YNL161W,1.1396833698995579e-08
YNL160W,YNL188W,2.5428384356783245e-15
YNL160W,YJL157C,2.7019632317322554e-26
YNL160W,YJL034W,4.312494703994746e-24
YNL160W,YLR238W,1.4236487686503096e-06
YNL160W,YPR141C,8.560410579450551e-15
YNL160W,YNL127W,6.482553938091939e-10
YNL160W,YCL055W,8.029361555942516e-19
YNL160W,YPR122W,2.356848327611516e-10
YNL160W,YMR065W,4.905348760075867e-05
YNL160W,YDR356W,2.4119117369991727e-07
YNL160W,YMR052W,9.002205479191616e-05
YNL160W,YFR008W,2.798012666005434e-08
YNL160W,YLL043W,1.0034827786428724e-12
YNL160W,YMR029C,3.342248930948699e-07
YNL160W,YJR004C,1.679700471868273e-05
YNL160W,YDL223C,1.3556152688693625e-17
YNL160W,YHR158C,1.0829452889993263e-09
YNL160W,YGR238C,7.264160384323759e-10
YNL160W,YIL015W,5.065575181539828e-10
YNL160W,YGL173C,1.53450692153001e-08
YNL160W,YDL225W,2.7181319695035455e-11
YNL160W,YLR330W,1.9728782717720605e-05
YNL160W,YBR129C,5.055305063450533e-10
YNL160W,YKR095W-A,0.2020167112350464
YNL160W,YPR075C,6.769126796058193e-16
YNL160W,YMR198W,7.888210085127412e-10
YNL160W,YOR127W,5.703772330889478e-06
YNL160W,YDR264C,5.271784397908874e-11
YNL160W,YLR110C,5.227034360899552e-09
YNL160W,YDR379W,3.9606579127493546e-10
YNL160W,YDL100C,4.193748836976737e-20
YNL160W,YHR073W,6.211683398760215e-07
YNL160W,YJR090C,1.4347029342332007e-08
YNL160W,YOR208W,3.2892757406699502e-09
YNL160W,YBR040W,2.599292747618165e-05
YNL160W,YNL279W,1.2619605914995866e-14
YNL160W,YER075C,2.814319415532507e-13
YNL160W,YCR089W,4.963430455973139e-06
YNL160W,YCR002C,6.487535508803433e-11
YNL160W,YJL108C,7.754408271293538e-19
YNL160W,YBR200W,6.574784466861772e-11
YNL160W,YIL026C,9.814685522635536e-12
YNL160W,YJR076C,2.949267774443598e-10
YNL160W,YKR031C,5.932084601312226e-09
YNL160W,YPL192C,3.71729418080502e-11
YNL160W,YHR107C,5.662722287524957e-06
YNL160W,YIL037C,0.004562575835734606
YNL160W,YPL156C,4.21702395669854e-07
YNL160W,YIL117C,4.565966715830427e-09
YNL160W,YHR066W,3.4909617128909653e-19
YNL160W,YML085C,0.03855764493346214
YNL160W,YML047C,7.389959477688279e-11
YNL160W,YDR312W,0.0003990262921433896
YNL160W,YFL037W,3.070824789053977e-19
YNL160W,YDL038C,0.2020167112350464
YNL160W,YDL039C,8.645616152926379e-20
YNL160W,YCL027W,1.2579974720738412e-18
YNL160W,YML124C,9.490008778811898e-09
YNL160W,YGL053W,5.768818040451096e-13
YNL160W,YMR232W,4.962573754707655e-12
YNL160W,YNL298W,0.542689859867096
YNL160W,YGL099W,1.119433713833159e-16
YNL160W,YBL016W,3.933594444095745e-13
YNL160W,YAL041W,9.316179078178166e-11
YNL160W,YDR085C,1.5343703683914217e-14
YNL160W,YPL187W,8.864868306091012e-08
YNL160W,YPL256C,2.675651273875701e-07
YNL160W,YDR461W,7.468089596165614e-15
YNL160W,YNL145W,1.709540129013476e-06
tS(AGA)E,YDL165W,5.08413249917794e-05
tS(AGA)E,YGR059W,2.385482034128472e-09
tS(AGA)E,YBR109C,4.9664827805884215e-09
tS(AGA)E,YJL080C,0.014850570820271969
tS(AGA)E,YCR093W,0.0025456268340349197
tS(AGA)E,YIL122W,0.000511262274812907
tS(AGA)E,YCL029C,3.6383171391207725e-05
tS(AGA)E,YNL173C,7.147365067794453e-06
tS(AGA)E,YLR452C,0.0012566981604322791
tS(AGA)E,YDL160C,0.0020799944177269936
tS(AGA)E,YLR229C,1.491744150428076e-08
tS(AGA)E,YML057W,0.014438451267778873
tS(AGA)E,YER149C,2.278874831063149e-07
tS(AGA)E,YMR305C,2.3653024072700646e-06
tS(AGA)E,YLR433C,0.009481207467615604
tS(AGA)E,YJL073W,0.09203740954399109
tS(AGA)E,YGR279C,0.39738112688064575
tS(AGA)E,YKL190W,6.225833431017236e-07
tS(AGA)E,YGL089C,0.00040397129487246275
tS(AGA)E,YJL019W,0.0002742393990047276
tS(AGA)E,YJL018W,0.2020167112350464
tS(AGA)E,YNR032C-A,2.495949502190342e-06
tS(AGA)E,YGL178W,0.20020511746406555
tS(AGA)E,YKL116C,0.01575120911002159
tS(AGA)E,YDL214C,0.0012932836543768644
tS(AGA)E,YLR362W,0.00023225083714351058
tS(AGA)E,YER068W,4.907028028355853e-07
tS(AGA)E,YHR084W,3.1024839586279995e-07
tS(AGA)E,YDR392W,2.4991434202092933e-06
tS(AGA)E,YNL053W,0.0010641549015417695
tS(AGA)E,YGR040W,0.003535111667588353
tS(AGA)E,YDL216C,4.5831689931219444e-05
tS(AGA)E,YOL117W,0.00016486865933984518
tS(AGA)E,YJR086W,1.9548691852833144e-05
tS(AGA)E,YMR025W,0.0034203107934445143
tS(AGA)E,YBR081C,5.235752387200421e-10
tS(AGA)E,YFL026W,4.611366966855712e-05
tS(AGA)E,YHL007C,0.0002652436960488558
tS(AGA)E,YNR044W,0.00014967404422350228
tS(AGA)E,YNL271C,0.00010311284131603315
tS(AGA)E,YDR200C,1.1949794497922994e-05
tS(AGA)E,YKL178C,0.0005984402960166335
tS(AGA)E,YOR212W,0.004819922614842653
tS(AGA)E,YOL111C,0.012272696942090988
tS(AGA)E,YGL032C,7.651213309145533e-06
tS(AGA)E,YHR005C,3.174583980580792e-06
tS(AGA)E,YDR103W,1.8491957234800793e-05
tS(AGA)E,YJR084W,0.0054029603488743305
tS(AGA)E,YCL032W,2.701445009734016e-05
tS(AGA)E,YJL170C,4.536697088042274e-05
tS(AGA)E,YDR179C,2.486709149707167e-07
tS(AGA)E,YBR095C,4.46505453055579e-07
tS(AGA)E,YLL021W,6.4652658693376e-07
tS(AGA)E,YDL159W,7.019210897851735e-06
tS(AGA)E,YNL161W,0.0010810631792992353
tS(AGA)E,YNL188W,1.0463385478942655e-05
tS(AGA)E,YJL157C,0.00010014161671278998
tS(AGA)E,YJL034W,0.0001889128761831671
tS(AGA)E,YLR238W,0.0003249339060857892
tS(AGA)E,YPR141C,8.306181484840636e-07
tS(AGA)E,YNL127W,0.0013938341289758682
tS(AGA)E,YCL055W,0.00010925409151241183
tS(AGA)E,YPR122W,0.00016159494407474995
tS(AGA)E,YMR065W,1.802818223950453e-05
tS(AGA)E,YDR356W,2.855932450529508e-07
tS(AGA)E,YMR052W,0.00016103136294987053
tS(AGA)E,YFR008W,0.000415969145251438
tS(AGA)E,YLL043W,0.0007156435749493539
tS(AGA)E,YMR029C,4.157091098022647e-06
tS(AGA)E,YJR004C,0.0011634124675765634
tS(AGA)E,YDL223C,3.71423338947352e-05
tS(AGA)E,YHR158C,0.00026274361880496144
tS(AGA)E,YGR238C,6.306077557383105e-05
tS(AGA)E,YIL015W,5.760682597610867e-09
tS(AGA)E,YGL173C,0.08399136364459991
tS(AGA)E,YDL225W,5.435341421389239e-08
tS(AGA)E,YLR330W,0.00016713750665076077
tS(AGA)E,YBR129C,1.4830247891950421e-05
tS(AGA)E,YKR095W-A,0.2020167112350464
tS(AGA)E,YPR075C,0.0009149571415036917
tS(AGA)E,YMR198W,0.0020083580166101456
tS(AGA)E,YOR127W,0.0006232086452655494
tS(AGA)E,YDR264C,5.6634569773450494e-05
tS(AGA)E,YLR110C,0.0038565616123378277
tS(AGA)E,YDR379W,9.287213470088318e-05
tS(AGA)E,YDL100C,3.263236067141406e-05
tS(AGA)E,YHR073W,1.653301478654612e-05
tS(AGA)E,YJR090C,1.4929173630662262e-07
tS(AGA)E,YOR208W,0.002087554894387722
tS(AGA)E,YBR040W,2.791677786717628e-07
tS(AGA)E,YNL279W,2.3798718302714406e-06
tS(AGA)E,YER075C,1.2247783898189368e-09
tS(AGA)E,YCR089W,5.170307122170925e-05
tS(AGA)E,YCR002C,2.1691370921672615e-09
tS(AGA)E,YJL108C,2.203933263444924e-06
tS(AGA)E,YBR200W,0.0005133980885148048
tS(AGA)E,YIL026C,6.912669050507247e-07
tS(AGA)E,YJR076C,5.1783448725473136e-05
tS(AGA)E,YKR031C,1.8220775928057265e-06
tS(AGA)E,YPL192C,8.368845101358602e-07
tS(AGA)E,YHR107C,0.00034293901990167797
tS(AGA)E,YIL037C,1.8493121388019063e-05
tS(AGA)E,YPL156C,0.007886572740972042
tS(AGA)E,YIL117C,0.013608694076538086
tS(AGA)E,YHR066W,1.4495030731254133e-09
tS(AGA)E,YML085C,0.10032636672258377
tS(AGA)E,YML047C,2.2351059669745155e-08
tS(AGA)E,YDR312W,7.548001668133963e-10
tS(AGA)E,YFL037W,0.011142736300826073
tS(AGA)E,YDL038C,0.2020167112350464
tS(AGA)E,YDL039C,2.4855714855220867e-06
tS(AGA)E,YCL027W,0.0014657499268651009
tS(AGA)E,YML124C,0.014545569196343422
tS(AGA)E,YGL053W,3.205206667189486e-05
tS(AGA)E,YMR232W,8.340580097865313e-05
tS(AGA)E,YNL298W,6.149164732960344e-08
tS(AGA)E,YGL099W,1.6783713974177772e-08
tS(AGA)E,YBL016W,0.0008528608013875782
tS(AGA)E,YAL041W,4.950360334987636e-07
tS(AGA)E,YDR085C,3.9711041608825326e-05
tS(AGA)E,YPL187W,0.0017647662898525596
tS(AGA)E,YPL256C,6.903665780555457e-05
tS(AGA)E,YDR461W,2.3283160999199026e-07
tS(AGA)E,YNL145W,3.690162338898517e-05
YOR207C,YDL165W,2.782433875836432e-05
YOR207C,YGR059W,2.286645440108259e-06
YOR207C,YBR109C,1.9607341528171673e-07
YOR207C,YJL080C,3.599480713489811e-09
YOR207C,YCR093W,0.00013176414358895272
YOR207C,YIL122W,2.0198456240905216e-07
YOR207C,YCL029C,2.9243246899568476e-05
YOR207C,YNL173C,0.0001128871226683259
YOR207C,YLR452C,1.0175042461924022e-06
YOR207C,YDL160C,0.00015595796867273748
YOR207C,YLR229C,8.187537048343074e-08
YOR207C,YML057W,1.690235972018339e-11
YOR207C,YER149C,1.380933056793765e-08
YOR207C,YMR305C,1.141118204373015e-07
YOR207C,YLR433C,4.9298474635861567e-08
YOR207C,YJL073W,7.317862373739433e-15
YOR207C,YGR279C,6.70684912051911e-08
YOR207C,YKL190W,0.0009419224224984646
YOR207C,YGL089C,0.8252520561218262
YOR207C,YJL019W,3.8847999817015477e-10
YOR207C,YJL018W,0.0005300278426147997
YOR207C,YNR032C-A,0.9653882384300232
YOR207C,YGL178W,0.9263228178024292
YOR207C,YKL116C,8.672840917656188e-11
YOR207C,YDL214C,0.016787638887763023
YOR207C,YLR362W,7.940171053633094e-05
YOR207C,YER068W,4.723447652975332e-13
YOR207C,YHR084W,5.92293737926991e-13
YOR207C,YDR392W,0.00024092111561913043
YOR207C,YNL053W,0.0023499741218984127
YOR207C,YGR040W,5.461625249281177e-11
YOR207C,YDL216C,0.004564647097140551
YOR207C,YOL117W,1.6281632075551555e-13
YOR207C,YJR086W,0.0009459646535106003
YOR207C,YMR025W,9.496876737102866e-05
YOR207C,YBR081C,0.006901177112013102
YOR207C,YFL026W,1.693338447239512e-07
YOR207C,YHL007C,1.1976941038938094e-07
YOR207C,YNR044W,2.6466437930139364e-07
YOR207C,YNL271C,0.7381064891815186
YOR207C,YDR200C,2.957845828075595e-15
YOR207C,YKL178C,0.9976958632469177
YOR207C,YOR212W,1.8206016555444293e-11
YOR207C,YOL111C,7.763040343888861e-07
YOR207C,YGL032C,4.816179810518406e-08
YOR207C,YHR005C,0.004106973763555288
YOR207C,YDR103W,0.30927184224128723
YOR207C,YJR084W,5.17773260071408e-05
YOR207C,YCL032W,1.6200905292862444e-06
YOR207C,YJL170C,0.9054960012435913
YOR207C,YDR179C,0.0010049025295302272
YOR207C,YBR095C,0.018636491149663925
YOR207C,YLL021W,1.2284026524866931e-05
YOR207C,YDL159W,0.02460472658276558
YOR207C,YNL161W,7.491450560337398e-06
YOR207C,YNL188W,2.255657005579767e-13
YOR207C,YJL157C,6.464230750680144e-07
YOR207C,YJL034W,3.3454574221015825e-15
YOR207C,YLR238W,1.8080461572367312e-08
YOR207C,YPR141C,1.3634322385769337e-05
YOR207C,YNL127W,1.866595257266762e-13
YOR207C,YCL055W,2.218708004875225e-06
YOR207C,YPR122W,9.552716801408678e-05
YOR207C,YMR065W,0.9922142624855042
YOR207C,YDR356W,0.00020366568060126156
YOR207C,YMR052W,0.029267700389027596
YOR207C,YFR008W,1.7685541919831849e-10
YOR207C,YLL043W,4.0924049926616135e-07
YOR207C,YMR029C,3.7312739703532216e-11
YOR207C,YJR004C,3.939783610462655e-08
YOR207C,YDL223C,6.001366070762515e-10
YOR207C,YHR158C,0.0011080523254349828
YOR207C,YGR238C,0.0006658901111222804
YOR207C,YIL015W,4.210790791603358e-07
YOR207C,YGL173C,0.0015956166898831725
YOR207C,YDL225W,2.6891537885376238e-09
YOR207C,YLR330W,7.510174936369712e-14
YOR207C,YBR129C,0.017482131719589233
YOR207C,YKR095W-A,0.2020167112350464
YOR207C,YPR075C,1.3399667295743711e-05
YOR207C,YMR198W,6.378800753736869e-05
YOR207C,YOR127W,5.041604612086859e-13
YOR207C,YDR264C,0.20217633247375488
YOR207C,YLR110C,0.00015694928879383951
YOR207C,YDR379W,1.3761202353634872e-05
YOR207C,YDL100C,2.9508504528763524e-09
YOR207C,YHR073W,7.314165486604907e-06
YOR207C,YJR090C,8.969046029960737e-05
YOR207C,YOR208W,1.0030159955931595e-06
YOR207C,YBR040W,0.013260322622954845
YOR207C,YNL279W,3.508301205101816e-09
YOR207C,YER075C,1.0018882790063799e-07
YOR207C,YCR089W,2.199671911284895e-07
YOR207C,YCR002C,0.09564237296581268
YOR207C,YJL108C,2.1287280560500221e-07
YOR207C,YBR200W,4.712864213468615e-13
YOR207C,YIL026C,0.010828087106347084
YOR207C,YJR076C,0.8235813975334167
YOR207C,YKR031C,1.3506344487268507e-07
YOR207C,YPL192C,0.00014942990674171597
YOR207C,YHR107C,0.00041158395470120013
YOR207C,YIL037C,0.41090816259384155
YOR207C,YPL156C,0.9997521042823792
YOR207C,YIL117C,4.0939927004046694e-08
YOR207C,YHR066W,4.855142395644284e-18
YOR207C,YML085C,1.1295998803007024e-07
YOR207C,YML047C,1.2275313565623946e-05
YOR207C,YDR312W,4.980313050850782e-09
YOR207C,YFL037W,3.832412767224014e-05
YOR207C,YDL038C,0.2020167112350464
YOR207C,YDL039C,7.976997729031154e-09
YOR207C,YCL027W,0.0005704774521291256
YOR207C,YML124C,8.161727587177592e-13
YOR207C,YGL053W,0.0004277307016309351
YOR207C,YMR232W,3.4960859807142697e-07
YOR207C,YNL298W,3.162233770126477e-05
YOR207C,YGL099W,2.107913453161525e-12
YOR207C,YBL016W,1.0951392681590733e-07
YOR207C,YAL041W,1.34403546780959e-06
YOR207C,YDR085C,0.006766606587916613
YOR207C,YPL187W,0.9967911839485168
YOR207C,YPL256C,1.6096322191794243e-11
YOR207C,YDR461W,3.611492493948987e-10
YOR207C,YNL145W,1.934128204816865e-11
YDR170C,YDL165W,0.09578054398298264
YDR170C,YGR059W,1.0198134003935877e-10
YDR170C,YBR109C,0.02427617646753788
YDR170C,YJL080C,0.04382099211215973
YDR170C,YCR093W,9.246294285780721e-10
YDR170C,YIL122W,6.800078722335456e-09
YDR170C,YCL029C,0.0
YDR170C,YNL173C,0.11489500850439072
YDR170C,YLR452C,0.026886142790317535
YDR170C,YDL160C,0.001249985652975738
YDR170C,YLR229C,0.003907117992639542
YDR170C,YML057W,3.941456725442549e-07
YDR170C,YER149C,1.7198816237851133e-07
YDR170C,YMR305C,0.00015426009485963732
YDR170C,YLR433C,3.5741538795264205e-06
YDR170C,YJL073W,4.074449805324676e-11
YDR170C,YGR279C,2.461118288332731e-11
YDR170C,YKL190W,4.8158999561565e-06
YDR170C,YGL089C,3.221871520509012e-05
YDR170C,YJL019W,0.8110100626945496
YDR170C,YJL018W,0.18435542285442352
YDR170C,YNR032C-A,0.6207247376441956
YDR170C,YGL178W,3.0049488486838527e-05
YDR170C,YKL116C,2.1628574486953767e-09
YDR170C,YDL214C,0.0020269087981432676
YDR170C,YLR362W,7.858138815208804e-06
YDR170C,YER068W,1.3988155078692444e-09
YDR170C,YHR084W,0.003131620353087783
YDR170C,YDR392W,2.9097727747284807e-05
YDR170C,YNL053W,5.9748625062638894e-05
YDR170C,YGR040W,0.001529727946035564
YDR170C,YDL216C,2.360296275583096e-05
YDR170C,YOL117W,9.888481145026162e-07
YDR170C,YJR086W,2.901745210692752e-05
YDR170C,YMR025W,3.1601068428699364e-08
YDR170C,YBR081C,0.021974407136440277
YDR170C,YFL026W,0.0004612346237991005
YDR170C,YHL007C,2.2384244857676094e-06
YDR170C,YNR044W,0.2565579116344452
YDR170C,YNL271C,0.9982311129570007
YDR170C,YDR200C,1.366623611151474e-12
YDR170C,YKL178C,1.4147461115499027e-05
YDR170C,YOR212W,0.0018461804138496518
YDR170C,YOL111C,0.0012267003767192364
YDR170C,YGL032C,4.9780043592073976e-17
YDR170C,YHR005C,0.04449445754289627
YDR170C,YDR103W,0.2012041211128235
YDR170C,YJR084W,0.9967978596687317
YDR170C,YCL032W,1.1545336214835444e-10
YDR170C,YJL170C,0.7262835502624512
YDR170C,YDR179C,7.991243777816237e-11
YDR170C,YBR095C,0.7354394793510437
YDR170C,YLL021W,0.0036810124292969704
YDR170C,YDL159W,3.85757825682731e-09
YDR170C,YNL161W,9.432663006236908e-08
YDR170C,YNL188W,0.9999797344207764
YDR170C,YJL157C,0.23466715216636658
YDR170C,YJL034W,1.4435161181405564e-20
YDR170C,YLR238W,0.009145479649305344
YDR170C,YPR141C,0.9999082088470459
YDR170C,YNL127W,0.015360421501100063
YDR170C,YCL055W,1.1246002351583684e-08
YDR170C,YPR122W,0.993012011051178
YDR170C,YMR065W,0.11821198463439941
YDR170C,YDR356W,9.30737797943948e-09
YDR170C,YMR052W,0.013974088244140148
YDR170C,YFR008W,0.0019352583913132548
YDR170C,YLL043W,2.3345374522421025e-09
YDR170C,YMR029C,2.992708004967426e-06
YDR170C,YJR004C,0.0006177991745062172
YDR170C,YDL223C,4.749187154651224e-12
YDR170C,YHR158C,0.9711706638336182
YDR170C,YGR238C,5.795364188543317e-09
YDR170C,YIL015W,0.6824390888214111
YDR170C,YGL173C,0.745398759841919
YDR170C,YDL225W,3.9153704278760415e-07
YDR170C,YLR330W,0.00020105266594327986
YDR170C,YBR129C,1.1568801916439497e-08
YDR170C,YKR095W-A,0.2020167112350464
YDR170C,YPR075C,1.7237495068475606e-12
YDR170C,YMR198W,0.9439903497695923
YDR170C,YOR127W,1.7234999205584245e-08
YDR170C,YDR264C,2.847451287379954e-05
YDR170C,YLR110C,2.9930941309430636e-05
YDR170C,YDR379W,0.002263626316562295
YDR170C,YDL100C,0.0003547894593793899
YDR170C,YHR073W,0.7764907479286194
YDR170C,YJR090C,4.036506652482785e-06
YDR170C,YOR208W,0.004291503690183163
YDR170C,YBR040W,0.015279239974915981
YDR170C,YNL279W,0.9999305009841919
YDR170C,YER075C,1.0599275128697627e-06
YDR170C,YCR089W,0.011480121873319149
YDR170C,YCR002C,0.004952051676809788
YDR170C,YJL108C,0.9999947547912598
YDR170C,YBR200W,7.555271686054965e-11
YDR170C,YIL026C,6.858009874122217e-05
YDR170C,YJR076C,3.87677090429861e-09
YDR170C,YKR031C,0.924497127532959
YDR170C,YPL192C,0.13739730417728424
YDR170C,YHR107C,3.539680255926214e-05
YDR170C,YIL037C,0.008115948177874088
YDR170C,YPL156C,1.9667037776116558e-08
YDR170C,YIL117C,3.9338786450571206e-07
YDR170C,YHR066W,2.833527900161781e-12
YDR170C,YML085C,0.0015290043083950877
YDR170C,YML047C,0.00652097025886178
YDR170C,YDR312W,6.818051042500883e-05
YDR170C,YFL037W,3.3314327652078646e-07
YDR170C,YDL038C,0.2020167112350464
YDR170C,YDL039C,2.220951374198865e-11
YDR170C,YCL027W,5.898797098780051e-06
YDR170C,YML124C,2.562905998537701e-10
YDR170C,YGL053W,0.00010653243225533515
YDR170C,YMR232W,0.16997477412223816
YDR170C,YNL298W,3.4778101962729124e-06
YDR170C,YGL099W,3.4445613437128486e-06
YDR170C,YBL016W,2.954711128544396e-11
YDR170C,YAL041W,0.20418059825897217
YDR170C,YDR085C,5.614082088101213e-09
YDR170C,YPL187W,0.06862618029117584
YDR170C,YPL256C,0.0010623675771057606
YDR170C,YDR461W,2.1752012691056422e-10
YDR170C,YNL145W,1.5198603486865636e-09
YMR039C,YDL165W,6.859306456163949e-10
YMR039C,YGR059W,0.007989181205630302
YMR039C,YBR109C,0.0027711724396795034
YMR039C,YJL080C,1.0484932317922357e-05
YMR039C,YCR093W,1.60856625328748e-12
YMR039C,YIL122W,1.4067225606595457e-08
YMR039C,YCL029C,1.336524949491986e-16
YMR039C,YNL173C,2.10402539835286e-08
YMR039C,YLR452C,0.007970888167619705
YMR039C,YDL160C,9.314744531252472e-10
YMR039C,YLR229C,0.17314158380031586
YMR039C,YML057W,3.0457531607908095e-08
YMR039C,YER149C,0.999427080154419
YMR039C,YMR305C,0.003116494044661522
YMR039C,YLR433C,0.002275278326123953
YMR039C,YJL073W,3.534841042096559e-08
YMR039C,YGR279C,1.631366757237629e-07
YMR039C,YKL190W,0.005216558929532766
YMR039C,YGL089C,9.063884220950058e-08
YMR039C,YJL019W,8.756302122492343e-06
YMR039C,YJL018W,0.000994263798929751
YMR039C,YNR032C-A,0.8224557638168335
YMR039C,YGL178W,5.31364374722898e-09
YMR039C,YKL116C,0.026104480028152466
YMR039C,YDL214C,0.9920029640197754
YMR039C,YLR362W,1.207310469908407e-05
YMR039C,YER068W,2.624660453420802e-07
YMR039C,YHR084W,9.896141545118198e-11
YMR039C,YDR392W,0.0009382260031998158
YMR039C,YNL053W,3.975522304244805e-06
YMR039C,YGR040W,1.0181832044153794e-09
YMR039C,YDL216C,2.1331339894459234e-07
YMR039C,YOL117W,0.03660974279046059
YMR039C,YJR086W,0.9936896562576294
YMR039C,YMR025W,6.365742422076437e-08
YMR039C,YBR081C,0.9993255138397217
YMR039C,YFL026W,0.017058825120329857
YMR039C,YHL007C,0.0001341356401098892
YMR039C,YNR044W,9.957728508425134e-08
YMR039C,YNL271C,0.8448473811149597
YMR039C,YDR200C,1.6489209883729927e-05
YMR039C,YKL178C,6.404485247912817e-06
YMR039C,YOR212W,0.001581080723553896
YMR039C,YOL111C,1.6222336853388697e-05
YMR039C,YGL032C,7.32358458321869e-08
YMR039C,YHR005C,0.2203371673822403
YMR039C,YDR103W,1.5955925816713012e-11
YMR039C,YJR084W,0.0006003486923873425
YMR039C,YCL032W,3.569124717994754e-10
YMR039C,YJL170C,2.057674237221363e-06
YMR039C,YDR179C,3.402551504438911e-11
YMR039C,YBR095C,6.887610463522306e-14
YMR039C,YLL021W,0.03234604001045227
YMR039C,YDL159W,0.046181704849004745
YMR039C,YNL161W,1.621672163309995e-05
YMR039C,YNL188W,0.02590150386095047
YMR039C,YJL157C,3.229557421491336e-07
YMR039C,YJL034W,9.875787299051808e-09
YMR039C,YLR238W,0.006247706711292267
YMR039C,YPR141C,0.0003229376452509314
YMR039C,YNL127W,0.9729757905006409
YMR039C,YCL055W,0.00017137077520601451
YMR039C,YPR122W,1.9878424950547924e-07
YMR039C,YMR065W,8.06315298973459e-08
YMR039C,YDR356W,0.9994750618934631
YMR039C,YMR052W,4.002172499895096e-05
YMR039C,YFR008W,3.368784765034327e-11
YMR039C,YLL043W,0.027559896931052208
YMR039C,YMR029C,7.354029918360538e-08
YMR039C,YJR004C,0.0004344967019278556
YMR039C,YDL223C,0.8714318871498108
YMR039C,YHR158C,0.00015601032646372914
YMR039C,YGR238C,4.929085406502054e-08
YMR039C,YIL015W,4.131125933781732e-06
YMR039C,YGL173C,2.6407190034660744e-06
YMR039C,YDL225W,0.004242008086293936
YMR039C,YLR330W,6.810435297666118e-05
YMR039C,YBR129C,2.702166284507257e-06
YMR039C,YKR095W-A,0.2020167112350464
YMR039C,YPR075C,2.6884729109610817e-08
YMR039C,YMR198W,0.0008695852593518794
YMR039C,YOR127W,3.662445902108402e-09
YMR039C,YDR264C,1.8295739323548332e-07
YMR039C,YLR110C,6.493270920948646e-10
YMR039C,YDR379W,0.0002669997338671237
YMR039C,YDL100C,3.6300914985076815e-07
YMR039C,YHR073W,1.0927727089438122e-05
YMR039C,YJR090C,0.018910210579633713
YMR039C,YOR208W,1.2514332625723767e-10
YMR039C,YBR040W,0.14459258317947388
YMR039C,YNL279W,7.047234248602763e-06
YMR039C,YER075C,0.08834736049175262
YMR039C,YCR089W,0.0025309331249445677
YMR039C,YCR002C,0.004242378752678633
YMR039C,YJL108C,0.003326983191072941
YMR039C,YBR200W,8.496381549705223e-12
YMR039C,YIL026C,4.382601036923006e-05
YMR039C,YJR076C,3.8786361275522374e-12
YMR039C,YKR031C,3.2606352760922164e-05
YMR039C,YPL192C,1.541752317280043e-05
YMR039C,YHR107C,1.6882365798664978e-06
YMR039C,YIL037C,7.302188720359482e-08
YMR039C,YPL156C,2.628613549049419e-09
YMR039C,YIL117C,0.9383424520492554
YMR039C,YHR066W,1.1733068435515408e-19
YMR039C,YML085C,1.4305067452369258e-05
YMR039C,YML047C,0.0004384577041491866
YMR039C,YDR312W,4.572195400065482e-10
YMR039C,YFL037W,2.6852955414824464e-08
YMR039C,YDL038C,0.2020167112350464
YMR039C,YDL039C,3.416220806684578e-06
YMR039C,YCL027W,0.0018678734777495265
YMR039C,YML124C,3.1324967153523176e-07
YMR039C,YGL053W,6.506412075779622e-10
YMR039C,YMR232W,1.8682264624203526e-07
YMR039C,YNL298W,2.4043315534072462e-06
YMR039C,YGL099W,3.657852021277108e-09
YMR039C,YBL016W,1.4012615512370985e-09
YMR039C,YAL041W,1.2699075341515709e-05
YMR039C,YDR085C,0.0027530076913535595
YMR039C,YPL187W,8.726867963559926e-05
YMR039C,YPL256C,0.0038616058882325888
YMR039C,YDR461W,1.3054982446192298e-06
YMR039C,YNL145W,0.00010975813347613439
YGR246C,YDL165W,0.0031036792788654566
YGR246C,YGR059W,6.9990688800203316e-09
YGR246C,YBR109C,4.109552173758857e-05
YGR246C,YJL080C,5.130978975032008e-10
YGR246C,YCR093W,0.012013450264930725
YGR246C,YIL122W,8.402343519264832e-05
YGR246C,YCL029C,1.6195641364902258e-05
YGR246C,YNL173C,2.641620824306301e-07
YGR246C,YLR452C,0.7073925733566284
YGR246C,YDL160C,0.0554000549018383
YGR246C,YLR229C,4.722850393103564e-14
YGR246C,YML057W,9.281845847475267e-10
YGR246C,YER149C,0.06322500109672546
YGR246C,YMR305C,6.290659075602889e-05
YGR246C,YLR433C,0.06550944596529007
YGR246C,YJL073W,2.264931572426576e-05
YGR246C,YGR279C,1.5013619514281373e-10
YGR246C,YKL190W,6.2533329649703834e-15
YGR246C,YGL089C,0.00014296156587079167
YGR246C,YJL019W,0.0039014697540551424
YGR246C,YJL018W,0.0009722349350340664
YGR246C,YNR032C-A,0.9870138764381409
YGR246C,YGL178W,0.015208762139081955
YGR246C,YKL116C,2.2621965399594046e-05
YGR246C,YDL214C,3.1907923130347626e-06
YGR246C,YLR362W,0.0049078804440796375
YGR246C,YER068W,2.734913684410145e-11
YGR246C,YHR084W,2.645726519812097e-12
YGR246C,YDR392W,0.11743471771478653
YGR246C,YNL053W,0.16658607125282288
YGR246C,YGR040W,0.00010220157855655998
YGR246C,YDL216C,0.9982345104217529
YGR246C,YOL117W,0.0002005231217481196
YGR246C,YJR086W,5.376215312935528e-07
YGR246C,YMR025W,7.835643600628828e-08
YGR246C,YBR081C,0.0013046017847955227
YGR246C,YFL026W,1.330710006186564e-06
YGR246C,YHL007C,1.4529789871264853e-10
YGR246C,YNR044W,1.2803752724721562e-05
YGR246C,YNL271C,0.0003682845854200423
YGR246C,YDR200C,0.000185975746717304
YGR246C,YKL178C,6.213250162545592e-05
YGR246C,YOR212W,0.005689396522939205
YGR246C,YOL111C,3.319947181751326e-12
YGR246C,YGL032C,0.002466653473675251
YGR246C,YHR005C,0.002606550231575966
YGR246C,YDR103W,0.00012848377809859812
YGR246C,YJR084W,5.792669617221691e-05
YGR246C,YCL032W,4.375507955955982e-07
YGR246C,YJL170C,2.3145126760937274e-05
YGR246C,YDR179C,0.0016976260812953115
YGR246C,YBR095C,8.340693057107273e-06
YGR246C,YLL021W,0.0003027392376679927
YGR246C,YDL159W,5.38377776138077e-07
YGR246C,YNL161W,0.03483234718441963
YGR246C,YNL188W,1.2862973797211907e-08
YGR246C,YJL157C,2.326018875464797e-05
YGR246C,YJL034W,8.47906994749792e-06
YGR246C,YLR238W,0.0018994405400007963
YGR246C,YPR141C,0.20386996865272522
YGR246C,YNL127W,0.0055367895402014256
YGR246C,YCL055W,0.2892507016658783
YGR246C,YPR122W,0.9999350309371948
YGR246C,YMR065W,6.212966582097579e-06
YGR246C,YDR356W,1.986768802453298e-05
YGR246C,YMR052W,0.004486863501369953
YGR246C,YFR008W,2.093087459797971e-05
YGR246C,YLL043W,2.112336460413644e-06
YGR246C,YMR029C,1.050398523716467e-07
YGR246C,YJR004C,5.751221010541485e-08
YGR246C,YDL223C,6.446641831470146e-12
YGR246C,YHR158C,9.690984370536171e-06
YGR246C,YGR238C,0.07641274482011795
YGR246C,YIL015W,0.015437440015375614
YGR246C,YGL173C,0.0003650714352261275
YGR246C,YDL225W,0.0010773225221782923
YGR246C,YLR330W,1.796338366943928e-08
YGR246C,YBR129C,0.06441087275743484
YGR246C,YKR095W-A,0.2020167112350464
YGR246C,YPR075C,4.383641226013424e-06
YGR246C,YMR198W,0.000618354941252619
YGR246C,YOR127W,0.7850068211555481
YGR246C,YDR264C,2.130065723804364e-08
YGR246C,YLR110C,1.1499929541969323e-06
YGR246C,YDR379W,0.020260563120245934
YGR246C,YDL100C,5.732985267070667e-12
YGR246C,YHR073W,6.057618065824499e-06
YGR246C,YJR090C,3.941378599847667e-05
YGR246C,YOR208W,1.6102110294013983e-06
YGR246C,YBR040W,0.014645945280790329
YGR246C,YNL279W,6.630571442656219e-05
YGR246C,YER075C,1.360915121040307e-06
YGR246C,YCR089W,0.00033276568865403533
YGR246C,YCR002C,1.3704209322895622e-07
YGR246C,YJL108C,0.00022084690863266587
YGR246C,YBR200W,6.01464137162111e-07
YGR246C,YIL026C,0.001533644855953753
YGR246C,YJR076C,5.715675115425256e-07
YGR246C,YKR031C,0.5774405598640442
YGR246C,YPL192C,4.298472958907951e-06
YGR246C,YHR107C,2.546806624099951e-13
YGR246C,YIL037C,7.797378884788486e-07
YGR246C,YPL156C,0.00960881169885397
YGR246C,YIL117C,1.8161531443183776e-06
YGR246C,YHR066W,4.6311022406525255e-15
YGR246C,YML085C,1.2343271580349518e-14
YGR246C,YML047C,0.9845426678657532
YGR246C,YDR312W,0.3411356210708618
YGR246C,YFL037W,2.1851655684565485e-13
YGR246C,YDL038C,0.2020167112350464
YGR246C,YDL039C,5.381525998074789e-15
YGR246C,YCL027W,1.9433905436017085e-06
YGR246C,YML124C,1.5147238732842437e-16
YGR246C,YGL053W,1.4893566913087852e-06
YGR246C,YMR232W,2.108559584712566e-07
YGR246C,YNL298W,0.00011863934196298942
YGR246C,YGL099W,3.5706068262947744e-15
YGR246C,YBL016W,2.4070729853775674e-09
YGR246C,YAL041W,0.003669268684461713
YGR246C,YDR085C,8.18338303361088e-05
YGR246C,YPL187W,7.17940474714851e-06
YGR246C,YPL256C,1.5045188206386229e-07
YGR246C,YDR461W,3.1282443160307594e-06
YGR246C,YNL145W,3.866830629566803e-13
YDR034C-D,YDL165W,4.991570676793344e-07
YDR034C-D,YGR059W,0.012826061807572842
YDR034C-D,YBR109C,0.0004283141461201012
YDR034C-D,YJL080C,0.0013945437967777252
YDR034C-D,YCR093W,0.0029508403968065977
YDR034C-D,YIL122W,0.002994595095515251
YDR034C-D,YCL029C,0.0008191695087589324
YDR034C-D,YNL173C,3.901478748957743e-07
YDR034C-D,YLR452C,2.6173112928518094e-05
YDR034C-D,YDL160C,6.062015927454922e-06
YDR034C-D,YLR229C,0.0011841818923130631
YDR034C-D,YML057W,0.00024285167455673218
YDR034C-D,YER149C,3.064725751755759e-05
YDR034C-D,YMR305C,0.0020494635682553053
YDR034C-D,YLR433C,0.0025187572464346886
YDR034C-D,YJL073W,0.0003745771828107536
YDR034C-D,YGR279C,0.003590269712731242
YDR034C-D,YKL190W,1.4752889910596423e-05
YDR034C-D,YGL089C,0.00011437143257353455
YDR034C-D,YJL019W,0.0001979013322852552
YDR034C-D,YJL018W,0.2020167112350464
YDR034C-D,YNR032C-A,9.97858660412021e-05
YDR034C-D,YGL178W,1.0339051641494734e-06
YDR034C-D,YKL116C,0.0018192718271166086
YDR034C-D,YDL214C,0.00014120493142399937
YDR034C-D,YLR362W,2.9634989914484322e-05
YDR034C-D,YER068W,0.0003686989366542548
YDR034C-D,YHR084W,0.0002946426102425903
YDR034C-D,YDR392W,0.00030193099519237876
YDR034C-D,YNL053W,1.1340310265950393e-05
YDR034C-D,YGR040W,9.55741938923893e-07
YDR034C-D,YDL216C,3.875194670399651e-05
YDR034C-D,YOL117W,6.72974856570363e-05
YDR034C-D,YJR086W,0.0035091713070869446
YDR034C-D,YMR025W,2.275114820804447e-05
YDR034C-D,YBR081C,0.00011701113544404507
YDR034C-D,YFL026W,1.0288590601703618e-05
YDR034C-D,YHL007C,5.105033051222563e-05
YDR034C-D,YNR044W,7.051744614727795e-05
YDR034C-D,YNL271C,0.0014121736166998744
YDR034C-D,YDR200C,4.165639438724611e-06
YDR034C-D,YKL178C,0.00021306989947333932
YDR034C-D,YOR212W,9.788654278963804e-05
YDR034C-D,YOL111C,0.00039435754297301173
YDR034C-D,YGL032C,3.753783676074818e-05
YDR034C-D,YHR005C,7.097244633769151e-06
YDR034C-D,YDR103W,0.0003781092818826437
YDR034C-D,YJR084W,4.881684435531497e-05
YDR034C-D,YCL032W,6.272961854847381e-06
YDR034C-D,YJL170C,0.0005284209619276226
YDR034C-D,YDR179C,0.00010285495955031365
YDR034C-D,YBR095C,3.929118247469887e-05
YDR034C-D,YLL021W,0.0006066851783543825
YDR034C-D,YDL159W,0.0006709372391924262
YDR034C-D,YNL161W,0.0028202931862324476
YDR034C-D,YNL188W,0.004046555142849684
YDR034C-D,YJL157C,0.0001643626019358635
YDR034C-D,YJL034W,0.0013633092166855931
YDR034C-D,YLR238W,0.0001984674745472148
YDR034C-D,YPR141C,0.0018450894858688116
YDR034C-D,YNL127W,0.00016256286471616477
YDR034C-D,YCL055W,0.02665838971734047
YDR034C-D,YPR122W,0.0001377513981424272
YDR034C-D,YMR065W,0.0025821111630648375
YDR034C-D,YDR356W,0.002127043902873993
YDR034C-D,YMR052W,4.090491529495921e-06
YDR034C-D,YFR008W,0.0001554417540319264
YDR034C-D,YLL043W,0.0008788588456809521
YDR034C-D,YMR029C,5.638802394969389e-05
YDR034C-D,YJR004C,0.0009228095295839012
YDR034C-D,YDL223C,0.002065341453999281
YDR034C-D,YHR158C,0.0015993029810488224
YDR034C-D,YGR238C,1.3281768588058185e-05
YDR034C-D,YIL015W,0.0026818348560482264
YDR034C-D,YGL173C,0.00040119027835316956
YDR034C-D,YDL225W,0.00029832456493750215
YDR034C-D,YLR330W,0.0011509153991937637
YDR034C-D,YBR129C,7.325188107643044e-06
YDR034C-D,YKR095W-A,0.2020167112350464
YDR034C-D,YPR075C,0.0005605913465842605
YDR034C-D,YMR198W,6.0905731515958905e-05
YDR034C-D,YOR127W,0.0016150883166119456
YDR034C-D,YDR264C,5.348852209863253e-05
YDR034C-D,YLR110C,0.0011271331459283829
YDR034C-D,YDR379W,0.0005988742341287434
YDR034C-D,YDL100C,0.0005380543298088014
YDR034C-D,YHR073W,0.00010461627243785188
YDR034C-D,YJR090C,0.0045112380757927895
YDR034C-D,YOR208W,0.0018219538033008575
YDR034C-D,YBR040W,0.007129255216568708
YDR034C-D,YNL279W,0.0006047378992661834
YDR034C-D,YER075C,2.1276382540236227e-05
YDR034C-D,YCR089W,0.0015409471234306693
YDR034C-D,YCR002C,3.4996960494027007e-06
YDR034C-D,YJL108C,2.1721102712035645e-06
YDR034C-D,YBR200W,0.0001249214546987787
YDR034C-D,YIL026C,0.003902340540662408
YDR034C-D,YJR076C,0.004430752247571945
YDR034C-D,YKR031C,0.014246787875890732
YDR034C-D,YPL192C,0.002004448091611266
YDR034C-D,YHR107C,0.0003222244558855891
YDR034C-D,YIL037C,0.0015473812818527222
YDR034C-D,YPL156C,0.0015768237644806504
YDR034C-D,YIL117C,0.00014535177615471184
YDR034C-D,YHR066W,0.0003258291690144688
YDR034C-D,YML085C,6.607810064451769e-05
YDR034C-D,YML047C,0.003137377556413412
YDR034C-D,YDR312W,0.00027927724295295775
YDR034C-D,YFL037W,0.000184968244866468
YDR034C-D,YDL038C,0.2020167112350464
YDR034C-D,YDL039C,0.0015817848034203053
YDR034C-D,YCL027W,8.551358769182116e-05
YDR034C-D,YML124C,0.0010766457999125123
YDR034C-D,YGL053W,0.00028302965802140534
YDR034C-D,YMR232W,9.61921687121503e-05
YDR034C-D,YNL298W,0.0008548920159228146
YDR034C-D,YGL099W,0.002236295724287629
YDR034C-D,YBL016W,0.005121779628098011
YDR034C-D,YAL041W,6.795044100726955e-07
YDR034C-D,YDR085C,0.0022138466592878103
YDR034C-D,YPL187W,0.001027301768772304
YDR034C-D,YPL256C,0.0008558761910535395
YDR034C-D,YDR461W,2.554725688241888e-05
YDR034C-D,YNL145W,0.0014089604374021292
YHR111W,YDL165W,8.59632223182416e-08
YHR111W,YGR059W,1.0202307443307745e-08
YHR111W,YBR109C,1.8323897087169083e-12
YHR111W,YJL080C,5.900889585991331e-14
YHR111W,YCR093W,0.0011346396058797836
YHR111W,YIL122W,4.298231104371553e-09
YHR111W,YCL029C,4.087392468932194e-08
YHR111W,YNL173C,1.857033763010907e-15
YHR111W,YLR452C,0.0546627901494503
YHR111W,YDL160C,7.849098593304404e-10
YHR111W,YLR229C,4.979996901965933e-06
YHR111W,YML057W,1.9230708521426162e-22
YHR111W,YER149C,6.7600703914649785e-06
YHR111W,YMR305C,1.2829231081923353e-06
YHR111W,YLR433C,4.1840951325866627e-07
YHR111W,YJL073W,5.757658239069485e-10
YHR111W,YGR279C,1.3772837803571747e-07
YHR111W,YKL190W,1.655580945773838e-12
YHR111W,YGL089C,1.3135859262547456e-06
YHR111W,YJL019W,0.038861487060785294
YHR111W,YJL018W,0.00047680395073257387
YHR111W,YNR032C-A,0.004536312539130449
YHR111W,YGL178W,8.279535390620651e-11
YHR111W,YKL116C,1.9845808196805592e-07
YHR111W,YDL214C,6.981296429842132e-09
YHR111W,YLR362W,1.286625472829428e-09
YHR111W,YER068W,8.77747652339167e-09
YHR111W,YHR084W,0.0006447379710152745
YHR111W,YDR392W,5.096016497674327e-09
YHR111W,YNL053W,0.9793365597724915
YHR111W,YGR040W,4.512694218306024e-09
YHR111W,YDL216C,5.202832107897848e-05
YHR111W,YOL117W,8.454119233647361e-05
YHR111W,YJR086W,9.549738083647341e-11
YHR111W,YMR025W,0.005590992979705334
YHR111W,YBR081C,0.046387240290641785
YHR111W,YFL026W,1.4437416950840998e-07
YHR111W,YHL007C,1.3148033772836243e-08
YHR111W,YNR044W,0.00023565629089716822
YHR111W,YNL271C,3.0931190053706814e-07
YHR111W,YDR200C,1.2194466762593947e-05
YHR111W,YKL178C,8.545181117369793e-06
YHR111W,YOR212W,7.010768854343041e-07
YHR111W,YOL111C,2.3451125343854073e-06
YHR111W,YGL032C,3.9335188262157317e-07
YHR111W,YHR005C,0.00012182733189547434
YHR111W,YDR103W,0.0002635841374285519
YHR111W,YJR084W,3.9855099203123245e-06
YHR111W,YCL032W,5.749648153141607e-06
YHR111W,YJL170C,2.1905676925171313e-11
YHR111W,YDR179C,1.0821481514697306e-13
YHR111W,YBR095C,0.002949594985693693
YHR111W,YLL021W,9.769087123447096e-14
YHR111W,YDL159W,4.633407684195845e-07
YHR111W,YNL161W,4.895067036159162e-07
YHR111W,YNL188W,8.216795993609693e-11
YHR111W,YJL157C,5.263420366219407e-09
YHR111W,YJL034W,8.282764665107356e-13
YHR111W,YLR238W,2.6265126185087695e-10
YHR111W,YPR141C,0.00015706800331827253
YHR111W,YNL127W,3.25116680244264e-08
YHR111W,YCL055W,6.853709821896814e-10
YHR111W,YPR122W,0.007937295362353325
YHR111W,YMR065W,0.9441721439361572
YHR111W,YDR356W,6.573657447006553e-05
YHR111W,YMR052W,0.0003162288339808583
YHR111W,YFR008W,7.514793232132888e-09
YHR111W,YLL043W,1.1042422443097166e-07
YHR111W,YMR029C,8.862137292453554e-06
YHR111W,YJR004C,5.0341745918558445e-06
YHR111W,YDL223C,1.662044742285762e-12
YHR111W,YHR158C,2.4926134045699655e-08
YHR111W,YGR238C,2.9969835207283024e-12
YHR111W,YIL015W,4.677786273532547e-05
YHR111W,YGL173C,1.4641537315864774e-18
YHR111W,YDL225W,0.0018223554361611605
YHR111W,YLR330W,8.14289770594695e-13
YHR111W,YBR129C,5.296701965917805e-10
YHR111W,YKR095W-A,0.2020167112350464
YHR111W,YPR075C,1.6204784287765506e-06
YHR111W,YMR198W,4.144246304349508e-06
YHR111W,YOR127W,1.235502395502408e-06
YHR111W,YDR264C,1.4292568017992835e-08
YHR111W,YLR110C,1.4770190404078676e-08
YHR111W,YDR379W,6.464020806248513e-14
YHR111W,YDL100C,1.396544924148202e-08
YHR111W,YHR073W,1.4772083432035288e-06
YHR111W,YJR090C,8.638428994345304e-07
YHR111W,YOR208W,8.256458947317213e-16
YHR111W,YBR040W,1.0878543399428509e-08
YHR111W,YNL279W,1.9611809420894133e-07
YHR111W,YER075C,2.2125341836432e-10
YHR111W,YCR089W,2.9458859397007986e-12
YHR111W,YCR002C,0.00010380430467193946
YHR111W,YJL108C,6.106601631472586e-06
YHR111W,YBR200W,2.119966120517347e-05
YHR111W,YIL026C,0.6283082365989685
YHR111W,YJR076C,1.0472938072325633e-07
YHR111W,YKR031C,0.00016950980352703482
YHR111W,YPL192C,1.2679367955570342e-06
YHR111W,YHR107C,6.191716028780547e-10
YHR111W,YIL037C,0.006496835965663195
YHR111W,YPL156C,1.59827213792596e-05
YHR111W,YIL117C,8.649238588986918e-05
YHR111W,YHR066W,1.9335366670761723e-16
YHR111W,YML085C,1.0252928063850253e-12
YHR111W,YML047C,4.97000764880795e-05
YHR111W,YDR312W,9.62275148452818e-10
YHR111W,YFL037W,3.256532647515935e-17
YHR111W,YDL038C,0.2020167112350464
YHR111W,YDL039C,1.3805823094522343e-16
YHR111W,YCL027W,3.4975965945704957e-07
YHR111W,YML124C,4.812534485504338e-12
YHR111W,YGL053W,2.1074098412524056e-13
YHR111W,YMR232W,6.571551977715626e-14
YHR111W,YNL298W,6.410296293779538e-09
YHR111W,YGL099W,6.810123058356403e-17
YHR111W,YBL016W,0.05083489045500755
YHR111W,YAL041W,0.009088966064155102
YHR111W,YDR085C,4.232868832332315e-06
YHR111W,YPL187W,8.652107794659969e-07
YHR111W,YPL256C,1.1544851880040952e-10
YHR111W,YDR461W,0.027869094163179398
YHR111W,YNL145W,2.0270870485644688e-12
YDR177W,YDL165W,6.085952009016182e-07
YDR177W,YGR059W,9.419274533684074e-07
YDR177W,YBR109C,1.1368456089705381e-12
YDR177W,YJL080C,8.61153856557273e-11
YDR177W,YCR093W,0.04062293842434883
YDR177W,YIL122W,0.007732896134257317
YDR177W,YCL029C,2.940496581612577e-16
YDR177W,YNL173C,6.482337511215519e-08
YDR177W,YLR452C,1.64099901667214e-07
YDR177W,YDL160C,0.6292316913604736
YDR177W,YLR229C,1.2903085462312447e-06
YDR177W,YML057W,0.006879541091620922
YDR177W,YER149C,0.00018547034414950758
YDR177W,YMR305C,0.0007754028192721307
YDR177W,YLR433C,0.10115500539541245
YDR177W,YJL073W,2.938971765606424e-12
YDR177W,YGR279C,5.71620803384576e-05
YDR177W,YKL190W,1.289236594001139e-13
YDR177W,YGL089C,0.0013173857005313039
YDR177W,YJL019W,4.364884205187991e-07
YDR177W,YJL018W,0.000561816559638828
YDR177W,YNR032C-A,0.0003771829651668668
YDR177W,YGL178W,3.989035803897423e-07
YDR177W,YKL116C,1.1631360458119744e-10
YDR177W,YDL214C,1.8783022426305251e-07
YDR177W,YLR362W,1.2969395584150334e-06
YDR177W,YER068W,2.3837246941409672e-14
YDR177W,YHR084W,7.596247542096535e-08
YDR177W,YDR392W,1.6238060140949528e-07
YDR177W,YNL053W,0.43990692496299744
YDR177W,YGR040W,0.15525946021080017
YDR177W,YDL216C,0.0003109512326773256
YDR177W,YOL117W,0.0001913966261781752
YDR177W,YJR086W,0.04035813361406326
YDR177W,YMR025W,0.00011656134302029386
YDR177W,YBR081C,8.963291293184739e-06
YDR177W,YFL026W,6.199389002148337e-09
YDR177W,YHL007C,1.612919550098013e-05
YDR177W,YNR044W,0.002019061939790845
YDR177W,YNL271C,0.00024027192557696253
YDR177W,YDR200C,1.888131009764038e-06
YDR177W,YKL178C,3.989974356954917e-05
YDR177W,YOR212W,1.1852458570160707e-08
YDR177W,YOL111C,1.4440813878024983e-08
YDR177W,YGL032C,8.33120066090487e-06
YDR177W,YHR005C,0.8910461664199829
YDR177W,YDR103W,3.880982330883853e-05
YDR177W,YJR084W,5.134659295435995e-05
YDR177W,YCL032W,0.370608389377594
YDR177W,YJL170C,0.00020117654639761895
YDR177W,YDR179C,4.451804758165423e-10
YDR177W,YBR095C,0.0005135348765179515
YDR177W,YLL021W,6.683406605922926e-11
YDR177W,YDL159W,6.63235716347188e-11
YDR177W,YNL161W,2.559004030899814e-07
YDR177W,YNL188W,1.0846145162557441e-11
YDR177W,YJL157C,7.876385097915772e-06
YDR177W,YJL034W,1.9004964634905357e-14
YDR177W,YLR238W,2.880745739730628e-07
YDR177W,YPR141C,9.362832037451696e-11
YDR177W,YNL127W,0.053650304675102234
YDR177W,YCL055W,0.015504129230976105
YDR177W,YPR122W,1.878645343822427e-05
YDR177W,YMR065W,0.0010997509816661477
YDR177W,YDR356W,6.962788745568105e-08
YDR177W,YMR052W,0.0002142672019544989
YDR177W,YFR008W,0.0002408230648143217
YDR177W,YLL043W,2.70821856247494e-05
YDR177W,YMR029C,0.005852995440363884
YDR177W,YJR004C,2.587619007954345e-09
YDR177W,YDL223C,1.989075144592789e-07
YDR177W,YHR158C,4.4731990556101664e-07
YDR177W,YGR238C,3.987167474406306e-06
YDR177W,YIL015W,1.778463953883147e-08
YDR177W,YGL173C,7.0119449446792714e-06
YDR177W,YDL225W,2.1822258986503584e-06
YDR177W,YLR330W,0.0008663714397698641
YDR177W,YBR129C,8.355608982490992e-10
YDR177W,YKR095W-A,0.2020167112350464
YDR177W,YPR075C,1.3434805623546708e-06
YDR177W,YMR198W,4.7391524276463315e-05
YDR177W,YOR127W,0.8972041010856628
YDR177W,YDR264C,9.63903659112475e-08
YDR177W,YLR110C,4.3287620124683734e-13
YDR177W,YDR379W,4.907992479274981e-05
YDR177W,YDL100C,6.454919709852902e-09
YDR177W,YHR073W,0.10395611077547073
YDR177W,YJR090C,0.0001829746615840122
YDR177W,YOR208W,0.0024015652015805244
YDR177W,YBR040W,0.07212097942829132
YDR177W,YNL279W,8.219117830776668e-07
YDR177W,YER075C,2.3167438030213816e-06
YDR177W,YCR089W,5.992769214896443e-12
YDR177W,YCR002C,0.6224202513694763
YDR177W,YJL108C,1.3686867532669567e-06
YDR177W,YBR200W,4.1667328332550824e-05
YDR177W,YIL026C,2.3844562747399323e-05
YDR177W,YJR076C,1.0729714894353037e-09
YDR177W,YKR031C,0.09572996944189072
YDR177W,YPL192C,0.0012405768502503633
YDR177W,YHR107C,2.7502636612553033e-07
YDR177W,YIL037C,4.003452431788901e-06
YDR177W,YPL156C,0.00016031574341468513
YDR177W,YIL117C,9.159607827768923e-08
YDR177W,YHR066W,9.22682052696645e-15
YDR177W,YML085C,9.491827462904112e-11
YDR177W,YML047C,2.3367535106899595e-07
YDR177W,YDR312W,1.5167339606492192e-11
YDR177W,YFL037W,0.3721490204334259
YDR177W,YDL038C,0.2020167112350464
YDR177W,YDL039C,4.5091516653883446e-07
YDR177W,YCL027W,3.9195472822939337e-07
YDR177W,YML124C,1.4293554187472246e-11
YDR177W,YGL053W,2.5920301460757855e-09
YDR177W,YMR232W,0.9937454462051392
YDR177W,YNL298W,2.8428659788914956e-05
YDR177W,YGL099W,1.9191350423300403e-15
YDR177W,YBL016W,1.6923584098549327e-06
YDR177W,YAL041W,1.1486081774592094e-07
YDR177W,YDR085C,1.3645078979607206e-05
YDR177W,YPL187W,0.026235375553369522
YDR177W,YPL256C,9.369009040804954e-12
YDR177W,YDR461W,4.999545126338489e-06
YDR177W,YNL145W,0.018557794392108917
YIL045W,YDL165W,6.355976074701175e-05
YIL045W,YGR059W,4.776139553297476e-12
YIL045W,YBR109C,0.00036359651130624115
YIL045W,YJL080C,3.83461451876158e-18
YIL045W,YCR093W,0.0005454695201478899
YIL045W,YIL122W,2.9452044714162184e-07
YIL045W,YCL029C,3.0193800611881885e-14
YIL045W,YNL173C,0.00013295721146278083
YIL045W,YLR452C,2.8678194212261587e-05
YIL045W,YDL160C,0.007512021344155073
YIL045W,YLR229C,0.19156759977340698
YIL045W,YML057W,1.006176600371056e-10
YIL045W,YER149C,1.054778930864586e-08
YIL045W,YMR305C,0.0002443443809170276
YIL045W,YLR433C,4.4359259732118517e-07
YIL045W,YJL073W,2.3232954188961985e-12
YIL045W,YGR279C,1.8416539404597643e-08
YIL045W,YKL190W,4.8907600103120785e-06
YIL045W,YGL089C,0.0001439767802366987
YIL045W,YJL019W,0.001202064799144864
YIL045W,YJL018W,0.00015115475980564952
YIL045W,YNR032C-A,0.9967682361602783
YIL045W,YGL178W,0.0001362722396152094
YIL045W,YKL116C,2.2450612036095663e-08
YIL045W,YDL214C,0.009305496700108051
YIL045W,YLR362W,6.949252728816191e-09
YIL045W,YER068W,3.2344398969048893e-13
YIL045W,YHR084W,0.0001537667994853109
YIL045W,YDR392W,0.002580715110525489
YIL045W,YNL053W,7.362117165898852e-11
YIL045W,YGR040W,0.8907403945922852
YIL045W,YDL216C,0.00596917187795043
YIL045W,YOL117W,5.8697292843135074e-05
YIL045W,YJR086W,1.1892938346136361e-05
YIL045W,YMR025W,3.3675773920549545e-06
YIL045W,YBR081C,4.923039523418993e-05
YIL045W,YFL026W,5.448325384599384e-12
YIL045W,YHL007C,1.021368802867073e-06
YIL045W,YNR044W,0.008002630434930325
YIL045W,YNL271C,3.669979560072534e-05
YIL045W,YDR200C,0.21803325414657593
YIL045W,YKL178C,0.02593832090497017
YIL045W,YOR212W,0.005414246581494808
YIL045W,YOL111C,3.0818210916550015e-07
YIL045W,YGL032C,2.6055345188069623e-06
YIL045W,YHR005C,0.8095676302909851
YIL045W,YDR103W,1.8463555129244469e-09
YIL045W,YJR084W,0.006443564314395189
YIL045W,YCL032W,1.7190535572808585e-07
YIL045W,YJL170C,3.0157849550960236e-09
YIL045W,YDR179C,1.8106198695022613e-05
YIL045W,YBR095C,0.1247468963265419
YIL045W,YLL021W,2.0189405347537104e-07
YIL045W,YDL159W,5.414950710047606e-10
YIL045W,YNL161W,0.0006842085276730359
YIL045W,YNL188W,0.000865503738168627
YIL045W,YJL157C,1.5536405712293644e-12
YIL045W,YJL034W,1.8985634707774303e-16
YIL045W,YLR238W,6.189520007637839e-10
YIL045W,YPR141C,2.9828095193806803e-06
YIL045W,YNL127W,5.667013525112452e-09
YIL045W,YCL055W,2.546131749880942e-09
YIL045W,YPR122W,1.7150547648725478e-07
YIL045W,YMR065W,4.798804184247274e-06
YIL045W,YDR356W,0.018431084230542183
YIL045W,YMR052W,3.864814024368002e-11
YIL045W,YFR008W,5.3083663260622416e-06
YIL045W,YLL043W,5.503677016349684e-07
YIL045W,YMR029C,0.0089940270408988
YIL045W,YJR004C,7.985821071088139e-07
YIL045W,YDL223C,9.622641572448742e-10
YIL045W,YHR158C,5.2526698709698394e-05
YIL045W,YGR238C,5.12515230255417e-09
YIL045W,YIL015W,0.18648748099803925
YIL045W,YGL173C,0.00010532436135690659
YIL045W,YDL225W,1.5935725627969077e-08
YIL045W,YLR330W,4.498075902633486e-13
YIL045W,YBR129C,0.00012909375072922558
YIL045W,YKR095W-A,0.2020167112350464
YIL045W,YPR075C,6.065620539175143e-08
YIL045W,YMR198W,4.854597932535398e-07
YIL045W,YOR127W,2.5283952709287405e-06
YIL045W,YDR264C,1.1359254585840972e-06
YIL045W,YLR110C,6.273670472012327e-10
YIL045W,YDR379W,9.354980079478992e-07
YIL045W,YDL100C,7.22444604139838e-11
YIL045W,YHR073W,0.015813477337360382
YIL045W,YJR090C,4.5710493168371613e-07
YIL045W,YOR208W,4.744673424283974e-05
YIL045W,YBR040W,1.6532370636923588e-06
YIL045W,YNL279W,9.417184628546238e-05
YIL045W,YER075C,0.011059688404202461
YIL045W,YCR089W,5.109081907539448e-11
YIL045W,YCR002C,8.728372449695598e-06
YIL045W,YJL108C,0.0008037707302719355
YIL045W,YBR200W,2.7238604261015098e-08
YIL045W,YIL026C,1.2486699174640847e-10
YIL045W,YJR076C,0.0003703738912008703
YIL045W,YKR031C,0.017837557941675186
YIL045W,YPL192C,0.9558688998222351
YIL045W,YHR107C,0.3277093172073364
YIL045W,YIL037C,1.363524688713369e-07
YIL045W,YPL156C,7.408083183690906e-05
YIL045W,YIL117C,4.856933966124188e-09
YIL045W,YHR066W,4.6961301514159e-09
YIL045W,YML085C,7.192071382888798e-10
YIL045W,YML047C,0.005332574713975191
YIL045W,YDR312W,0.9972583055496216
YIL045W,YFL037W,0.00015086001076269895
YIL045W,YDL038C,0.2020167112350464
YIL045W,YDL039C,1.9692383140812453e-11
YIL045W,YCL027W,5.105022515827784e-10
YIL045W,YML124C,4.3745371769432495e-09
YIL045W,YGL053W,0.43609869480133057
YIL045W,YMR232W,0.06766460835933685
YIL045W,YNL298W,0.08261337131261826
YIL045W,YGL099W,0.0003049204242415726
YIL045W,YBL016W,2.990369724845815e-13
YIL045W,YAL041W,9.642667117256212e-14
YIL045W,YDR085C,2.148998191842111e-06
YIL045W,YPL187W,2.880161082430277e-05
YIL045W,YPL256C,5.1887651352444664e-05
YIL045W,YDR461W,6.112141459624354e-09
YIL045W,YNL145W,3.2287048035151145e-11
tF(GAA)M,YDL165W,0.2020167112350464
tF(GAA)M,YGR059W,0.2020167112350464
tF(GAA)M,YBR109C,0.2020167112350464
tF(GAA)M,YJL080C,0.2020167112350464
tF(GAA)M,YCR093W,0.2020167112350464
tF(GAA)M,YIL122W,0.2020167112350464
tF(GAA)M,YCL029C,0.2020167112350464
tF(GAA)M,YNL173C,0.2020167112350464
tF(GAA)M,YLR452C,0.2020167112350464
tF(GAA)M,YDL160C,0.2020167112350464
tF(GAA)M,YLR229C,0.2020167112350464
tF(GAA)M,YML057W,0.2020167112350464
tF(GAA)M,YER149C,0.2020167112350464
tF(GAA)M,YMR305C,0.2020167112350464
tF(GAA)M,YLR433C,0.2020167112350464
tF(GAA)M,YJL073W,0.2020167112350464
tF(GAA)M,YGR279C,0.2020167112350464
tF(GAA)M,YKL190W,0.2020167112350464
tF(GAA)M,YGL089C,0.2020167112350464
tF(GAA)M,YJL019W,0.2020167112350464
tF(GAA)M,YJL018W,0.2020167112350464
tF(GAA)M,YNR032C-A,0.2020167112350464
tF(GAA)M,YGL178W,0.2020167112350464
tF(GAA)M,YKL116C,0.2020167112350464
tF(GAA)M,YDL214C,0.2020167112350464
tF(GAA)M,YLR362W,0.2020167112350464
tF(GAA)M,YER068W,0.2020167112350464
tF(GAA)M,YHR084W,0.2020167112350464
tF(GAA)M,YDR392W,0.2020167112350464
tF(GAA)M,YNL053W,0.2020167112350464
tF(GAA)M,YGR040W,0.2020167112350464
tF(GAA)M,YDL216C,0.2020167112350464
tF(GAA)M,YOL117W,0.2020167112350464
tF(GAA)M,YJR086W,0.2020167112350464
tF(GAA)M,YMR025W,0.2020167112350464
tF(GAA)M,YBR081C,0.2020167112350464
tF(GAA)M,YFL026W,0.2020167112350464
tF(GAA)M,YHL007C,0.2020167112350464
tF(GAA)M,YNR044W,0.2020167112350464
tF(GAA)M,YNL271C,0.2020167112350464
tF(GAA)M,YDR200C,0.2020167112350464
tF(GAA)M,YKL178C,0.2020167112350464
tF(GAA)M,YOR212W,0.2020167112350464
tF(GAA)M,YOL111C,0.2020167112350464
tF(GAA)M,YGL032C,0.2020167112350464
tF(GAA)M,YHR005C,0.2020167112350464
tF(GAA)M,YDR103W,0.2020167112350464
tF(GAA)M,YJR084W,0.2020167112350464
tF(GAA)M,YCL032W,0.2020167112350464
tF(GAA)M,YJL170C,0.2020167112350464
tF(GAA)M,YDR179C,0.2020167112350464
tF(GAA)M,YBR095C,0.2020167112350464
tF(GAA)M,YLL021W,0.2020167112350464
tF(GAA)M,YDL159W,0.2020167112350464
tF(GAA)M,YNL161W,0.2020167112350464
tF(GAA)M,YNL188W,0.2020167112350464
tF(GAA)M,YJL157C,0.2020167112350464
tF(GAA)M,YJL034W,0.2020167112350464
tF(GAA)M,YLR238W,0.2020167112350464
tF(GAA)M,YPR141C,0.2020167112350464
tF(GAA)M,YNL127W,0.2020167112350464
tF(GAA)M,YCL055W,0.2020167112350464
tF(GAA)M,YPR122W,0.2020167112350464
tF(GAA)M,YMR065W,0.2020167112350464
tF(GAA)M,YDR356W,0.2020167112350464
tF(GAA)M,YMR052W,0.2020167112350464
tF(GAA)M,YFR008W,0.2020167112350464
tF(GAA)M,YLL043W,0.2020167112350464
tF(GAA)M,YMR029C,0.2020167112350464
tF(GAA)M,YJR004C,0.2020167112350464
tF(GAA)M,YDL223C,0.2020167112350464
tF(GAA)M,YHR158C,0.2020167112350464
tF(GAA)M,YGR238C,0.2020167112350464
tF(GAA)M,YIL015W,0.2020167112350464
tF(GAA)M,YGL173C,0.2020167112350464
tF(GAA)M,YDL225W,0.2020167112350464
tF(GAA)M,YLR330W,0.2020167112350464
tF(GAA)M,YBR129C,0.2020167112350464
tF(GAA)M,YKR095W-A,0.2020167112350464
tF(GAA)M,YPR075C,0.2020167112350464
tF(GAA)M,YMR198W,0.2020167112350464
tF(GAA)M,YOR127W,0.2020167112350464
tF(GAA)M,YDR264C,0.2020167112350464
tF(GAA)M,YLR110C,0.2020167112350464
tF(GAA)M,YDR379W,0.2020167112350464
tF(GAA)M,YDL100C,0.2020167112350464
tF(GAA)M,YHR073W,0.2020167112350464
tF(GAA)M,YJR090C,0.2020167112350464
tF(GAA)M,YOR208W,0.2020167112350464
tF(GAA)M,YBR040W,0.2020167112350464
tF(GAA)M,YNL279W,0.2020167112350464
tF(GAA)M,YER075C,0.2020167112350464
tF(GAA)M,YCR089W,0.2020167112350464
tF(GAA)M,YCR002C,0.2020167112350464
tF(GAA)M,YJL108C,0.2020167112350464
tF(GAA)M,YBR200W,0.2020167112350464
tF(GAA)M,YIL026C,0.2020167112350464
tF(GAA)M,YJR076C,0.2020167112350464
tF(GAA)M,YKR031C,0.2020167112350464
tF(GAA)M,YPL192C,0.2020167112350464
tF(GAA)M,YHR107C,0.2020167112350464
tF(GAA)M,YIL037C,0.2020167112350464
tF(GAA)M,YPL156C,0.2020167112350464
tF(GAA)M,YIL117C,0.2020167112350464
tF(GAA)M,YHR066W,0.2020167112350464
tF(GAA)M,YML085C,0.2020167112350464
tF(GAA)M,YML047C,0.2020167112350464
tF(GAA)M,YDR312W,0.2020167112350464
tF(GAA)M,YFL037W,0.2020167112350464
tF(GAA)M,YDL038C,0.2020167112350464
tF(GAA)M,YDL039C,0.2020167112350464
tF(GAA)M,YCL027W,0.2020167112350464
tF(GAA)M,YML124C,0.2020167112350464
tF(GAA)M,YGL053W,0.2020167112350464
tF(GAA)M,YMR232W,0.2020167112350464
tF(GAA)M,YNL298W,0.2020167112350464
tF(GAA)M,YGL099W,0.2020167112350464
tF(GAA)M,YBL016W,0.2020167112350464
tF(GAA)M,YAL041W,0.2020167112350464
tF(GAA)M,YDR085C,0.2020167112350464
tF(GAA)M,YPL187W,0.2020167112350464
tF(GAA)M,YPL256C,0.2020167112350464
tF(GAA)M,YDR461W,0.2020167112350464
tF(GAA)M,YNL145W,0.2020167112350464
YOR388C,YDL165W,2.6459247987054013e-11
YOR388C,YGR059W,4.3255579673662226e-10
YOR388C,YBR109C,0.8452536463737488
YOR388C,YJL080C,2.025940682432226e-18
YOR388C,YCR093W,4.158777211493714e-10
YOR388C,YIL122W,4.610844595021035e-09
YOR388C,YCL029C,3.4599059728357417e-15
YOR388C,YNL173C,3.546150082911481e-06
YOR388C,YLR452C,2.334092252809228e-09
YOR388C,YDL160C,1.0491066682050132e-08
YOR388C,YLR229C,2.867321491351049e-09
YOR388C,YML057W,7.324744899506186e-08
YOR388C,YER149C,1.8913553958554985e-06
YOR388C,YMR305C,1.7183356249006465e-07
YOR388C,YLR433C,1.953836914481144e-07
YOR388C,YJL073W,1.3477189364508035e-09
YOR388C,YGR279C,0.02425926737487316
YOR388C,YKL190W,1.1524748932956186e-09
YOR388C,YGL089C,0.001975146122276783
YOR388C,YJL019W,2.746867178160528e-09
YOR388C,YJL018W,6.752929766662419e-05
YOR388C,YNR032C-A,4.5818696889909916e-06
YOR388C,YGL178W,2.7317310635766034e-09
YOR388C,YKL116C,7.230191863869948e-19
YOR388C,YDL214C,0.00033933832310140133
YOR388C,YLR362W,3.254516059314483e-06
YOR388C,YER068W,1.8191155959357275e-06
YOR388C,YHR084W,2.705093267441061e-11
YOR388C,YDR392W,0.007294293027371168
YOR388C,YNL053W,5.271183489696796e-10
YOR388C,YGR040W,6.841315189376473e-05
YOR388C,YDL216C,2.838704858731944e-05
YOR388C,YOL117W,0.5443137288093567
YOR388C,YJR086W,1.0834987963261045e-13
YOR388C,YMR025W,1.051090112014208e-05
YOR388C,YBR081C,0.8436269760131836
YOR388C,YFL026W,2.9747058982732e-11
YOR388C,YHL007C,2.579638239130766e-11
YOR388C,YNR044W,4.3088034544780385e-06
YOR388C,YNL271C,7.913799060510485e-10
YOR388C,YDR200C,1.5335594980570022e-06
YOR388C,YKL178C,2.50753942054871e-07
YOR388C,YOR212W,1.1793556353723034e-08
YOR388C,YOL111C,1.2270565008520862e-08
YOR388C,YGL032C,2.9612973285169785e-17
YOR388C,YHR005C,0.00102608697488904
YOR388C,YDR103W,1.0301134077683738e-11
YOR388C,YJR084W,2.931883685483583e-12
YOR388C,YCL032W,3.568972533685155e-05
YOR388C,YJL170C,9.503227192908525e-05
YOR388C,YDR179C,2.3016240302542457e-10
YOR388C,YBR095C,1.5972284018062055e-05
YOR388C,YLL021W,2.3377967964255397e-11
YOR388C,YDL159W,6.868415558525243e-11
YOR388C,YNL161W,1.9518827443221198e-08
YOR388C,YNL188W,7.406552652547589e-15
YOR388C,YJL157C,1.6669140734393295e-07
YOR388C,YJL034W,2.2807664502681735e-13
YOR388C,YLR238W,1.4622232161138705e-17
YOR388C,YPR141C,6.436296808021158e-12
YOR388C,YNL127W,4.254794294666908e-10
YOR388C,YCL055W,1.0429197653052946e-12
YOR388C,YPR122W,7.930494234642538e-07
YOR388C,YMR065W,2.8307568962493423e-12
YOR388C,YDR356W,1.2783452518760896e-07
YOR388C,YMR052W,2.09783280524789e-07
YOR388C,YFR008W,2.5404235159953714e-08
YOR388C,YLL043W,2.9003029311525097e-08
YOR388C,YMR029C,5.8774308854481205e-05
YOR388C,YJR004C,4.646558693366387e-08
YOR388C,YDL223C,0.004055890254676342
YOR388C,YHR158C,1.3726657925872132e-06
YOR388C,YGR238C,2.1317306675427972e-07
YOR388C,YIL015W,2.8427255216456615e-08
YOR388C,YGL173C,6.73100021231221e-06
YOR388C,YDL225W,0.01646547205746174
YOR388C,YLR330W,5.378533174393851e-10
YOR388C,YBR129C,3.822074035042533e-08
YOR388C,YKR095W-A,0.2020167112350464
YOR388C,YPR075C,2.168349783460144e-05
YOR388C,YMR198W,5.0386475436425826e-08
YOR388C,YOR127W,1.0248240624177729e-11
YOR388C,YDR264C,1.7580685796048101e-09
YOR388C,YLR110C,0.00020707398653030396
YOR388C,YDR379W,1.5041553780292816e-08
YOR388C,YDL100C,8.2022934857665e-19
YOR388C,YHR073W,1.5845871836894787e-10
YOR388C,YJR090C,9.865298682132373e-13
YOR388C,YOR208W,1.1868631872857804e-06
YOR388C,YBR040W,1.3927941466818083e-08
YOR388C,YNL279W,2.4278406272060238e-06
YOR388C,YER075C,1.5213815913739381e-06
YOR388C,YCR089W,4.089966694209579e-07
YOR388C,YCR002C,0.13214999437332153
YOR388C,YJL108C,1.9505950632492386e-08
YOR388C,YBR200W,4.0636905396240763e-08
YOR388C,YIL026C,1.2888250362774745e-11
YOR388C,YJR076C,1.3976453458117155e-12
YOR388C,YKR031C,7.4001563916681334e-06
YOR388C,YPL192C,7.072259450069396e-06
YOR388C,YHR107C,3.4719108953140676e-05
YOR388C,YIL037C,1.1293931123645962e-07
YOR388C,YPL156C,1.5580006902382593e-06
YOR388C,YIL117C,4.3398111493342384e-11
YOR388C,YHR066W,2.503642367208958e-13
YOR388C,YML085C,1.5201809492213785e-18
YOR388C,YML047C,9.629076203054865e-08
YOR388C,YDR312W,4.9954230973980884e-08
YOR388C,YFL037W,3.481571801688954e-12
YOR388C,YDL038C,0.2020167112350464
YOR388C,YDL039C,2.711674085276172e-07
YOR388C,YCL027W,1.7400091784081084e-11
YOR388C,YML124C,2.902271756255459e-09
YOR388C,YGL053W,3.0408347129196045e-07
YOR388C,YMR232W,0.0010213528294116259
YOR388C,YNL298W,4.598430314217694e-05
YOR388C,YGL099W,3.132134037808071e-14
YOR388C,YBL016W,1.6590460916177108e-07
YOR388C,YAL041W,0.00816135760396719
YOR388C,YDR085C,0.0009420463466085494
YOR388C,YPL187W,4.7312005335697904e-07
YOR388C,YPL256C,1.282399750626717e-12
YOR388C,YDR461W,5.927365839330807e-21
YOR388C,YNL145W,3.1044507977640023e-06
YPR104C,YDL165W,0.45908617973327637
YPR104C,YGR059W,0.005169138312339783
YPR104C,YBR109C,0.0003883040335495025
YPR104C,YJL080C,0.29550883173942566
YPR104C,YCR093W,9.725320069264853e-07
YPR104C,YIL122W,0.13743211328983307
YPR104C,YCL029C,3.183701480224954e-08
YPR104C,YNL173C,5.443636155177956e-07
YPR104C,YLR452C,0.999984860420227
YPR104C,YDL160C,0.9923022985458374
YPR104C,YLR229C,0.005955629050731659
YPR104C,YML057W,8.795043271447867e-08
YPR104C,YER149C,7.738743192930997e-07
YPR104C,YMR305C,0.011865676380693913
YPR104C,YLR433C,0.9999994039535522
YPR104C,YJL073W,7.293731414392823e-07
YPR104C,YGR279C,1.3723618508265645e-07
YPR104C,YKL190W,2.1547875803662464e-06
YPR104C,YGL089C,5.857633027517295e-07
YPR104C,YJL019W,0.015517998486757278
YPR104C,YJL018W,0.2020167112350464
YPR104C,YNR032C-A,0.2562781274318695
YPR104C,YGL178W,0.0014134295051917434
YPR104C,YKL116C,0.021465322002768517
YPR104C,YDL214C,0.1548127979040146
YPR104C,YLR362W,0.46656763553619385
YPR104C,YER068W,0.00039306754479184747
YPR104C,YHR084W,6.985501621592505e-10
YPR104C,YDR392W,0.0059227473102509975
YPR104C,YNL053W,0.008195812813937664
YPR104C,YGR040W,0.560841977596283
YPR104C,YDL216C,0.5595521926879883
YPR104C,YOL117W,7.73318242863752e-06
YPR104C,YJR086W,0.0029082363471388817
YPR104C,YMR025W,0.001837713411077857
YPR104C,YBR081C,0.0012145749060437083
YPR104C,YFL026W,0.999674916267395
YPR104C,YHL007C,0.8514087200164795
YPR104C,YNR044W,0.8621833920478821
YPR104C,YNL271C,0.2649335265159607
YPR104C,YDR200C,4.155299848207505e-06
YPR104C,YKL178C,0.9960607886314392
YPR104C,YOR212W,0.0040069883689284325
YPR104C,YOL111C,0.0001710047945380211
YPR104C,YGL032C,0.1636965125799179
YPR104C,YHR005C,0.9997770190238953
YPR104C,YDR103W,0.006357085425406694
YPR104C,YJR084W,0.8022254705429077
YPR104C,YCL032W,1.153294419964368e-06
YPR104C,YJL170C,0.61287921667099
YPR104C,YDR179C,8.051607340922584e-13
YPR104C,YBR095C,0.949798583984375
YPR104C,YLL021W,0.5695445537567139
YPR104C,YDL159W,0.005461926572024822
YPR104C,YNL161W,3.8812654479247755e-11
YPR104C,YNL188W,1.712843235301964e-11
YPR104C,YJL157C,7.647925667697564e-05
YPR104C,YJL034W,4.3187093901053686e-09
YPR104C,YLR238W,0.004565025679767132
YPR104C,YPR141C,1.5336237879637338e-07
YPR104C,YNL127W,0.020725322887301445
YPR104C,YCL055W,4.493979588460206e-08
YPR104C,YPR122W,2.236588261439465e-05
YPR104C,YMR065W,0.9949334263801575
YPR104C,YDR356W,5.521733292823683e-09
YPR104C,YMR052W,0.891673743724823
YPR104C,YFR008W,1.6119445717777126e-05
YPR104C,YLL043W,0.004921630024909973
YPR104C,YMR029C,0.0030997057911008596
YPR104C,YJR004C,3.3211927075171843e-07
YPR104C,YDL223C,3.941029360493564e-13
YPR104C,YHR158C,0.12618932127952576
YPR104C,YGR238C,7.432369200340364e-14
YPR104C,YIL015W,0.9945390820503235
YPR104C,YGL173C,2.429283081187045e-15
YPR104C,YDL225W,4.840866495214868e-06
YPR104C,YLR330W,0.00014918859233148396
YPR104C,YBR129C,1.1572117728064768e-05
YPR104C,YKR095W-A,0.2020167112350464
YPR104C,YPR075C,0.14644984900951385
YPR104C,YMR198W,0.9994100332260132
YPR104C,YOR127W,1.8980672393809073e-05
YPR104C,YDR264C,1.0784193982260604e-08
YPR104C,YLR110C,4.277918833395233e-06
YPR104C,YDR379W,0.09896659106016159
YPR104C,YDL100C,7.773785182507709e-05
YPR104C,YHR073W,9.348194961178447e-12
YPR104C,YJR090C,4.608387282889481e-11
YPR104C,YOR208W,7.222140538942767e-07
YPR104C,YBR040W,0.9954918026924133
YPR104C,YNL279W,1.4214782822818961e-05
YPR104C,YER075C,5.59655837298334e-13
YPR104C,YCR089W,4.7656190872658044e-05
YPR104C,YCR002C,1.6627535459612375e-10
YPR104C,YJL108C,0.999832272529602
YPR104C,YBR200W,2.3205066340681313e-11
YPR104C,YIL026C,0.00031543298973701894
YPR104C,YJR076C,0.9885426759719849
YPR104C,YKR031C,0.917758047580719
YPR104C,YPL192C,0.5963809490203857
YPR104C,YHR107C,0.0006638058694079518
YPR104C,YIL037C,0.03778071328997612
YPR104C,YPL156C,0.1909608691930771
YPR104C,YIL117C,0.00020137382671236992
YPR104C,YHR066W,8.139554975123905e-14
YPR104C,YML085C,1.6105170288938098e-05
YPR104C,YML047C,0.9738406538963318
YPR104C,YDR312W,2.9779491796944058e-06
YPR104C,YFL037W,0.970568060874939
YPR104C,YDL038C,0.2020167112350464
YPR104C,YDL039C,1.621235047252756e-12
YPR104C,YCL027W,0.2950059771537781
YPR104C,YML124C,2.402732457440493e-10
YPR104C,YGL053W,3.8390480767702684e-05
YPR104C,YMR232W,0.9987578392028809
YPR104C,YNL298W,0.9986887574195862
YPR104C,YGL099W,3.2385205628315816e-13
YPR104C,YBL016W,1.3716769053928601e-08
YPR104C,YAL041W,3.50694477901925e-08
YPR104C,YDR085C,6.558385939570144e-05
YPR104C,YPL187W,0.02001863345503807
YPR104C,YPL256C,2.543638038332574e-05
YPR104C,YDR461W,7.030024426057935e-05
YPR104C,YNL145W,0.3026321828365326
YIL031W,YDL165W,2.0897040542422474e-07
YIL031W,YGR059W,5.299410354986378e-10
YIL031W,YBR109C,0.017113294452428818
YIL031W,YJL080C,0.0005860429955646396
YIL031W,YCR093W,0.30804258584976196
YIL031W,YIL122W,7.98022597336967e-07
YIL031W,YCL029C,1.0406903203780127e-12
YIL031W,YNL173C,0.0010933340527117252
YIL031W,YLR452C,0.15049144625663757
YIL031W,YDL160C,0.015502089634537697
YIL031W,YLR229C,3.8939426303841174e-05
YIL031W,YML057W,4.073157469974831e-06
YIL031W,YER149C,1.6988573179332889e-06
YIL031W,YMR305C,4.5532866366215785e-09
YIL031W,YLR433C,2.2272314481597277e-07
YIL031W,YJL073W,2.5939599860441698e-12
YIL031W,YGR279C,0.09325403720140457
YIL031W,YKL190W,1.6780070382083068e-06
YIL031W,YGL089C,3.640406430349685e-05
YIL031W,YJL019W,0.000468129466753453
YIL031W,YJL018W,0.0012227107072249055
YIL031W,YNR032C-A,0.7618105411529541
YIL031W,YGL178W,0.0005356472684070468
YIL031W,YKL116C,0.004817855544388294
YIL031W,YDL214C,0.15618188679218292
YIL031W,YLR362W,0.0002961710561066866
YIL031W,YER068W,6.402500275726197e-06
YIL031W,YHR084W,4.4056122305846657e-08
YIL031W,YDR392W,0.15288524329662323
YIL031W,YNL053W,0.2914672791957855
YIL031W,YGR040W,3.31246627349735e-11
YIL031W,YDL216C,0.0001243611768586561
YIL031W,YOL117W,0.00131542282178998
YIL031W,YJR086W,8.482206603765974e-10
YIL031W,YMR025W,0.03059961274266243
YIL031W,YBR081C,0.18499431014060974
YIL031W,YFL026W,0.19226910173892975
YIL031W,YHL007C,2.096312073263107e-06
YIL031W,YNR044W,0.49582797288894653
YIL031W,YNL271C,0.999468982219696
YIL031W,YDR200C,0.039420656859874725
YIL031W,YKL178C,0.000942993676289916
YIL031W,YOR212W,0.00022428653028327972
YIL031W,YOL111C,2.2671366650683922e-07
YIL031W,YGL032C,3.2221450965153053e-05
YIL031W,YHR005C,2.994921715071541e-07
YIL031W,YDR103W,0.014724628068506718
YIL031W,YJR084W,2.9476539111783495e-06
YIL031W,YCL032W,1.842388996919908e-07
YIL031W,YJL170C,1.1599398108685932e-09
YIL031W,YDR179C,1.6469992036860504e-11
YIL031W,YBR095C,1.494605470497845e-07
YIL031W,YLL021W,1.6981746739475057e-05
YIL031W,YDL159W,2.3421564037562348e-05
YIL031W,YNL161W,0.3073648512363434
YIL031W,YNL188W,5.317566591049594e-13
YIL031W,YJL157C,1.9031152987736277e-05
YIL031W,YJL034W,7.849278449434394e-10
YIL031W,YLR238W,3.4276482097084227e-07
YIL031W,YPR141C,8.445593266515061e-05
YIL031W,YNL127W,2.4548216970288195e-07
YIL031W,YCL055W,1.3251438141237415e-11
YIL031W,YPR122W,3.4693955967668444e-05
YIL031W,YMR065W,0.00045139389112591743
YIL031W,YDR356W,1.36087274782426e-08
YIL031W,YMR052W,2.8071747593116925e-08
YIL031W,YFR008W,0.0003893465909641236
YIL031W,YLL043W,0.0004434309958014637
YIL031W,YMR029C,5.382648216034625e-10
YIL031W,YJR004C,0.019049188122153282
YIL031W,YDL223C,8.257742498693835e-14
YIL031W,YHR158C,2.8321751415205654e-06
YIL031W,YGR238C,1.6414607520442992e-11
YIL031W,YIL015W,0.9999990463256836
YIL031W,YGL173C,3.0136845452943817e-05
YIL031W,YDL225W,3.4611325361311174e-08
YIL031W,YLR330W,0.008604594506323338
YIL031W,YBR129C,0.0005616660928353667
YIL031W,YKR095W-A,0.2020167112350464
YIL031W,YPR075C,9.416237234383118e-11
YIL031W,YMR198W,0.00010937281331280246
YIL031W,YOR127W,1.3467758435581345e-05
YIL031W,YDR264C,2.8033338821842335e-05
YIL031W,YLR110C,0.06709897518157959
YIL031W,YDR379W,0.008398156613111496
YIL031W,YDL100C,2.8741153528244467e-06
YIL031W,YHR073W,0.0902697965502739
YIL031W,YJR090C,0.015726448968052864
YIL031W,YOR208W,0.011156510561704636
YIL031W,YBR040W,5.2317485824460164e-05
YIL031W,YNL279W,0.00016193150077015162
YIL031W,YER075C,0.9911297559738159
YIL031W,YCR089W,0.0002985581522807479
YIL031W,YCR002C,6.059114639356267e-06
YIL031W,YJL108C,0.0002280815679114312
YIL031W,YBR200W,6.116701115388423e-05
YIL031W,YIL026C,0.00014154949167277664
YIL031W,YJR076C,1.6326220930729107e-10
YIL031W,YKR031C,0.9267725944519043
YIL031W,YPL192C,5.562163642025553e-05
YIL031W,YHR107C,8.705087865823469e-12
YIL031W,YIL037C,0.009971031919121742
YIL031W,YPL156C,0.006153956986963749
YIL031W,YIL117C,0.0006323049892671406
YIL031W,YHR066W,1.94265764743781e-26
YIL031W,YML085C,0.2449767291545868
YIL031W,YML047C,2.5025969989656005e-06
YIL031W,YDR312W,3.7502687066925944e-10
YIL031W,YFL037W,0.2267867475748062
YIL031W,YDL038C,0.2020167112350464
YIL031W,YDL039C,8.179763710813859e-08
YIL031W,YCL027W,3.979303983214777e-06
YIL031W,YML124C,0.0007803979679010808
YIL031W,YGL053W,1.5277206557584577e-06
YIL031W,YMR232W,0.02817254327237606
YIL031W,YNL298W,0.005734679289162159
YIL031W,YGL099W,4.482286186657802e-08
YIL031W,YBL016W,0.17894364893436432
YIL031W,YAL041W,6.315372047538403e-08
YIL031W,YDR085C,3.8582868455705466e-08
YIL031W,YPL187W,0.695475697517395
YIL031W,YPL256C,2.371333357586991e-05
YIL031W,YDR461W,0.0001156828147941269
YIL031W,YNL145W,0.000249542819801718
tQ(UUG)D1,YDL165W,2.682925810404413e-07
tQ(UUG)D1,YGR059W,4.029197864241496e-09
tQ(UUG)D1,YBR109C,1.6693209090590244e-06
tQ(UUG)D1,YJL080C,0.0010538308415561914
tQ(UUG)D1,YCR093W,0.09522499144077301
tQ(UUG)D1,YIL122W,0.0010213260538876057
tQ(UUG)D1,YCL029C,0.00033847472514025867
tQ(UUG)D1,YNL173C,0.01822921819984913
tQ(UUG)D1,YLR452C,0.00266968528740108
tQ(UUG)D1,YDL160C,2.5120847567450255e-05
tQ(UUG)D1,YLR229C,1.7739164093200088e-07
tQ(UUG)D1,YML057W,0.05554816126823425
tQ(UUG)D1,YER149C,0.0017059377860277891
tQ(UUG)D1,YMR305C,9.586865053279325e-05
tQ(UUG)D1,YLR433C,0.019855253398418427
tQ(UUG)D1,YJL073W,0.14351443946361542
tQ(UUG)D1,YGR279C,0.0013262362917885184
tQ(UUG)D1,YKL190W,5.559162218560232e-06
tQ(UUG)D1,YGL089C,0.00018019750132225454
tQ(UUG)D1,YJL019W,0.0015474462416023016
tQ(UUG)D1,YJL018W,0.2020167112350464
tQ(UUG)D1,YNR032C-A,5.2191003305779304e-06
tQ(UUG)D1,YGL178W,0.005703164730221033
tQ(UUG)D1,YKL116C,0.09891663491725922
tQ(UUG)D1,YDL214C,0.002676618518307805
tQ(UUG)D1,YLR362W,0.2212017923593521
tQ(UUG)D1,YER068W,0.015312982723116875
tQ(UUG)D1,YHR084W,0.00035990041214972734
tQ(UUG)D1,YDR392W,3.1476452022616286e-06
tQ(UUG)D1,YNL053W,6.466801278293133e-05
tQ(UUG)D1,YGR040W,2.2055704903323203e-05
tQ(UUG)D1,YDL216C,1.7570872756778044e-08
tQ(UUG)D1,YOL117W,1.6964564792942838e-06
tQ(UUG)D1,YJR086W,7.086443929438246e-06
tQ(UUG)D1,YMR025W,0.0005332031869329512
tQ(UUG)D1,YBR081C,2.2031704247638118e-06
tQ(UUG)D1,YFL026W,1.5485869653275586e-06
tQ(UUG)D1,YHL007C,0.0011029536835849285
tQ(UUG)D1,YNR044W,0.008954248391091824
tQ(UUG)D1,YNL271C,0.008645342662930489
tQ(UUG)D1,YDR200C,4.764078403241001e-05
tQ(UUG)D1,YKL178C,0.09463906288146973
tQ(UUG)D1,YOR212W,0.00026080559473484755
tQ(UUG)D1,YOL111C,0.0002422210673103109
tQ(UUG)D1,YGL032C,4.823043127544224e-06
tQ(UUG)D1,YHR005C,9.040787517733406e-06
tQ(UUG)D1,YDR103W,3.738246959983371e-06
tQ(UUG)D1,YJR084W,0.059611834585666656
tQ(UUG)D1,YCL032W,0.16898874938488007
tQ(UUG)D1,YJL170C,0.00012947444338351488
tQ(UUG)D1,YDR179C,0.0009419619455002248
tQ(UUG)D1,YBR095C,5.154357495484874e-06
tQ(UUG)D1,YLL021W,0.11132514476776123
tQ(UUG)D1,YDL159W,0.0007641671109013259
tQ(UUG)D1,YNL161W,0.27513328194618225
tQ(UUG)D1,YNL188W,8.27215535537107e-06
tQ(UUG)D1,YJL157C,0.005408808588981628
tQ(UUG)D1,YJL034W,5.0561568059492856e-05
tQ(UUG)D1,YLR238W,0.000471183389890939
tQ(UUG)D1,YPR141C,5.863882051926339e-06
tQ(UUG)D1,YNL127W,0.0013434943975880742
tQ(UUG)D1,YCL055W,0.001346679637208581
tQ(UUG)D1,YPR122W,4.272339992894558e-07
tQ(UUG)D1,YMR065W,0.00045393628533929586
tQ(UUG)D1,YDR356W,0.0008028704905882478
tQ(UUG)D1,YMR052W,1.5533422583757783e-06
tQ(UUG)D1,YFR008W,0.00010044248483609408
tQ(UUG)D1,YLL043W,0.13452456891536713
tQ(UUG)D1,YMR029C,2.0136874809395522e-05
tQ(UUG)D1,YJR004C,0.00330639211460948
tQ(UUG)D1,YDL223C,0.00013742026931140572
tQ(UUG)D1,YHR158C,0.0029035124462097883
tQ(UUG)D1,YGR238C,2.0345130906207487e-05
tQ(UUG)D1,YIL015W,6.139020570117282e-06
tQ(UUG)D1,YGL173C,0.6743606328964233
tQ(UUG)D1,YDL225W,4.5309286633710144e-07
tQ(UUG)D1,YLR330W,0.003788112662732601
tQ(UUG)D1,YBR129C,9.840127859206405e-07
tQ(UUG)D1,YKR095W-A,0.2020167112350464
tQ(UUG)D1,YPR075C,3.8864043744979426e-05
tQ(UUG)D1,YMR198W,0.006106918212026358
tQ(UUG)D1,YOR127W,0.00024344120174646378
tQ(UUG)D1,YDR264C,1.0326328265364282e-05
tQ(UUG)D1,YLR110C,0.00035227014450356364
tQ(UUG)D1,YDR379W,1.881464186226367e-06
tQ(UUG)D1,YDL100C,0.0023966054432094097
tQ(UUG)D1,YHR073W,0.011771034449338913
tQ(UUG)D1,YJR090C,8.781956421444193e-05
tQ(UUG)D1,YOR208W,9.253434654965531e-06
tQ(UUG)D1,YBR040W,4.50187826572801e-06
tQ(UUG)D1,YNL279W,0.027630982920527458
tQ(UUG)D1,YER075C,0.0021732242312282324
tQ(UUG)D1,YCR089W,0.0008726248051971197
tQ(UUG)D1,YCR002C,1.506429953224142e-06
tQ(UUG)D1,YJL108C,0.01702289842069149
tQ(UUG)D1,YBR200W,8.593126949563157e-06
tQ(UUG)D1,YIL026C,0.0067777130752801895
tQ(UUG)D1,YJR076C,4.269959754310548e-05
tQ(UUG)D1,YKR031C,0.00016356806736439466
tQ(UUG)D1,YPL192C,0.00689974008128047
tQ(UUG)D1,YHR107C,1.2945933121955022e-05
tQ(UUG)D1,YIL037C,0.0010542696109041572
tQ(UUG)D1,YPL156C,0.01879129186272621
tQ(UUG)D1,YIL117C,0.009015076793730259
tQ(UUG)D1,YHR066W,0.001556137460283935
tQ(UUG)D1,YML085C,1.6401399989263155e-05
tQ(UUG)D1,YML047C,2.28410408453783e-06
tQ(UUG)D1,YDR312W,4.951931714458624e-06
tQ(UUG)D1,YFL037W,3.4761839629027236e-08
tQ(UUG)D1,YDL038C,0.2020167112350464
tQ(UUG)D1,YDL039C,0.0010723026935011148
tQ(UUG)D1,YCL027W,0.12257423251867294
tQ(UUG)D1,YML124C,0.04673302173614502
tQ(UUG)D1,YGL053W,0.00014036911306902766
tQ(UUG)D1,YMR232W,0.00026540711405687034
tQ(UUG)D1,YNL298W,0.00027667972608469427
tQ(UUG)D1,YGL099W,0.03346214070916176
tQ(UUG)D1,YBL016W,0.0003669091092888266
tQ(UUG)D1,YAL041W,3.200609717168845e-05
tQ(UUG)D1,YDR085C,2.414127993688453e-05
tQ(UUG)D1,YPL187W,0.06098516657948494
tQ(UUG)D1,YPL256C,7.08694860804826e-05
tQ(UUG)D1,YDR461W,4.587067905958975e-06
tQ(UUG)D1,YNL145W,0.0006344997091218829
YDR113C,YDL165W,0.03739594295620918
YDR113C,YGR059W,7.810241342554036e-10
YDR113C,YBR109C,0.09850632399320602
YDR113C,YJL080C,0.0025101210922002792
YDR113C,YCR093W,1.016536685938263e-07
YDR113C,YIL122W,0.0041864062659442425
YDR113C,YCL029C,0.00018297499627806246
YDR113C,YNL173C,0.07667916268110275
YDR113C,YLR452C,0.760672926902771
YDR113C,YDL160C,0.007963147945702076
YDR113C,YLR229C,5.0871367420768365e-06
YDR113C,YML057W,1.2858837408202817e-06
YDR113C,YER149C,0.11605526506900787
YDR113C,YMR305C,8.952569601206051e-07
YDR113C,YLR433C,0.0021493216045200825
YDR113C,YJL073W,4.7224284571711905e-06
YDR113C,YGR279C,6.428619599319063e-06
YDR113C,YKL190W,8.44250058751328e-10
YDR113C,YGL089C,1.6729531182591018e-07
YDR113C,YJL019W,5.3336702166006944e-08
YDR113C,YJL018W,0.05175667628645897
YDR113C,YNR032C-A,0.02529623545706272
YDR113C,YGL178W,0.025238748639822006
YDR113C,YKL116C,1.1405742839087907e-07
YDR113C,YDL214C,0.009855248034000397
YDR113C,YLR362W,0.002797623397782445
YDR113C,YER068W,9.588560487827635e-07
YDR113C,YHR084W,0.9935064315795898
YDR113C,YDR392W,1.593603542460187e-07
YDR113C,YNL053W,0.33241742849349976
YDR113C,YGR040W,1.6510753084730823e-06
YDR113C,YDL216C,0.04634513705968857
YDR113C,YOL117W,5.049889750807779e-07
YDR113C,YJR086W,4.2791557461896446e-06
YDR113C,YMR025W,9.89006002782844e-05
YDR113C,YBR081C,3.024928614883682e-12
YDR113C,YFL026W,0.0025976335164159536
YDR113C,YHL007C,8.150546904062139e-08
YDR113C,YNR044W,0.15602590143680573
YDR113C,YNL271C,0.0316961295902729
YDR113C,YDR200C,4.9800064516603015e-06
YDR113C,YKL178C,7.191410531959264e-06
YDR113C,YOR212W,0.03009922243654728
YDR113C,YOL111C,0.00046431750524789095
YDR113C,YGL032C,0.0002539890119805932
YDR113C,YHR005C,0.9790271520614624
YDR113C,YDR103W,0.00857402291148901
YDR113C,YJR084W,0.07883211225271225
YDR113C,YCL032W,0.0018282649107277393
YDR113C,YJL170C,0.0035676294937729836
YDR113C,YDR179C,4.6746950060905235e-11
YDR113C,YBR095C,9.599324584996793e-06
YDR113C,YLL021W,4.133568154429668e-09
YDR113C,YDL159W,2.0165651093417836e-10
YDR113C,YNL161W,0.00022647346486337483
YDR113C,YNL188W,3.3994428605410576e-08
YDR113C,YJL157C,2.869483850531651e-08
YDR113C,YJL034W,0.0009538138401694596
YDR113C,YLR238W,8.401615195907652e-05
YDR113C,YPR141C,4.060839338404509e-12
YDR113C,YNL127W,0.0008451383328065276
YDR113C,YCL055W,0.04100186750292778
YDR113C,YPR122W,0.9720334410667419
YDR113C,YMR065W,2.2140886812849203e-07
YDR113C,YDR356W,1.6455352636057796e-08
YDR113C,YMR052W,0.005015048198401928
YDR113C,YFR008W,1.2324870291013923e-11
YDR113C,YLL043W,3.509906605358992e-07
YDR113C,YMR029C,1.075466934707947e-05
YDR113C,YJR004C,6.546468966917018e-07
YDR113C,YDL223C,1.3880934602639172e-05
YDR113C,YHR158C,5.647666334596124e-09
YDR113C,YGR238C,8.86151974555105e-05
YDR113C,YIL015W,0.00028817725251428783
YDR113C,YGL173C,0.1870742291212082
YDR113C,YDL225W,5.359444799069024e-07
YDR113C,YLR330W,2.1012569462186548e-09
YDR113C,YBR129C,3.282109901192598e-06
YDR113C,YKR095W-A,0.2020167112350464
YDR113C,YPR075C,9.07200103483774e-07
YDR113C,YMR198W,5.472629016622932e-10
YDR113C,YOR127W,0.0012260193470865488
YDR113C,YDR264C,0.012489181943237782
YDR113C,YLR110C,8.18718945083674e-06
YDR113C,YDR379W,1.5150990293477662e-06
YDR113C,YDL100C,0.005303172394633293
YDR113C,YHR073W,0.004474969115108252
YDR113C,YJR090C,1.8722730033005064e-08
YDR113C,YOR208W,1.4287353167219408e-07
YDR113C,YBR040W,0.0060756877064704895
YDR113C,YNL279W,0.0009981109760701656
YDR113C,YER075C,0.009480195119976997
YDR113C,YCR089W,9.544121439830633e-07
YDR113C,YCR002C,0.00011624211037997156
YDR113C,YJL108C,0.011353538371622562
YDR113C,YBR200W,3.588799923903707e-09
YDR113C,YIL026C,0.021270127967000008
YDR113C,YJR076C,1.0560782109925171e-10
YDR113C,YKR031C,0.05988822504878044
YDR113C,YPL192C,0.0037093297578394413
YDR113C,YHR107C,0.00017949151515495032
YDR113C,YIL037C,0.08046148717403412
YDR113C,YPL156C,3.862049879899132e-07
YDR113C,YIL117C,0.0014817457413300872
YDR113C,YHR066W,1.2097319995518774e-05
YDR113C,YML085C,4.302572165215679e-08
YDR113C,YML047C,0.9841158986091614
YDR113C,YDR312W,3.910910436388804e-06
YDR113C,YFL037W,6.459857559093507e-06
YDR113C,YDL038C,0.2020167112350464
YDR113C,YDL039C,2.1541332273500302e-07
YDR113C,YCL027W,1.8694341633818112e-05
YDR113C,YML124C,5.193117528883018e-13
YDR113C,YGL053W,1.4330538533613435e-08
YDR113C,YMR232W,0.18173779547214508
YDR113C,YNL298W,0.00012518223957158625
YDR113C,YGL099W,1.652763614856667e-08
YDR113C,YBL016W,2.3155945910735554e-11
YDR113C,YAL041W,0.013001746498048306
YDR113C,YDR085C,0.9281604290008545
YDR113C,YPL187W,0.0009347061277367175
YDR113C,YPL256C,1.7599621060071513e-05
YDR113C,YDR461W,0.00010446176020195708
YDR113C,YNL145W,5.3258833787594995e-08
snR57,YDL165W,0.00087400694610551
snR57,YGR059W,0.0005565356113947928
snR57,YBR109C,0.0006743816775269806
snR57,YJL080C,1.6494368537678383e-05
snR57,YCR093W,0.0044687893241643906
snR57,YIL122W,8.022700370702296e-08
snR57,YCL029C,0.1340959370136261
snR57,YNL173C,9.40851623454364e-06
snR57,YLR452C,0.2454514056444168
snR57,YDL160C,1.3678856021215324e-06
snR57,YLR229C,0.002640851540490985
snR57,YML057W,1.7773720173863694e-05
snR57,YER149C,0.015390106476843357
snR57,YMR305C,0.009013479575514793
snR57,YLR433C,0.05542387813329697
snR57,YJL073W,0.003097271081060171
snR57,YGR279C,1.766146283443959e-06
snR57,YKL190W,0.007746456656605005
snR57,YGL089C,0.00020510876493062824
snR57,YJL019W,0.0005593840032815933
snR57,YJL018W,0.2020167112350464
snR57,YNR032C-A,8.579799759900197e-05
snR57,YGL178W,0.0032818596810102463
snR57,YKL116C,0.0003674040490295738
snR57,YDL214C,0.19057199358940125
snR57,YLR362W,1.8636402501215343e-06
snR57,YER068W,0.05711540952324867
snR57,YHR084W,5.771628275397234e-05
snR57,YDR392W,0.005151527933776379
snR57,YNL053W,0.09658613055944443
snR57,YGR040W,0.0004383264749776572
snR57,YDL216C,0.00027694733580574393
snR57,YOL117W,0.0005883387057110667
snR57,YJR086W,0.0034270365722477436
snR57,YMR025W,2.2243880266614724e-06
snR57,YBR081C,0.006740461103618145
snR57,YFL026W,0.003289386397227645
snR57,YHL007C,4.6601504436694086e-05
snR57,YNR044W,0.003293896559625864
snR57,YNL271C,0.000130169399199076
snR57,YDR200C,0.005254363175481558
snR57,YKL178C,1.2626812349481042e-05
snR57,YOR212W,0.00930339191108942
snR57,YOL111C,0.0006358917453326285
snR57,YGL032C,0.008094944059848785
snR57,YHR005C,0.44596582651138306
snR57,YDR103W,2.160763688152656e-05
snR57,YJR084W,0.014729493297636509
snR57,YCL032W,0.07921844720840454
snR57,YJL170C,0.00010585003474261612
snR57,YDR179C,0.024414701387286186
snR57,YBR095C,0.024235859513282776
snR57,YLL021W,0.5950263142585754
snR57,YDL159W,6.877808482386172e-05
snR57,YNL161W,5.283515929477289e-05
snR57,YNL188W,0.001999081112444401
snR57,YJL157C,0.09017626941204071
snR57,YJL034W,3.725619421857118e-07
snR57,YLR238W,0.0542902834713459
snR57,YPR141C,0.0022935562301427126
snR57,YNL127W,0.07859695702791214
snR57,YCL055W,0.005063059739768505
snR57,YPR122W,0.00830953661352396
snR57,YMR065W,0.0009775222279131413
snR57,YDR356W,0.00703527731820941
snR57,YMR052W,0.007638555020093918
snR57,YFR008W,0.004578086547553539
snR57,YLL043W,0.00026347534731030464
snR57,YMR029C,0.08403439074754715
snR57,YJR004C,4.277520201867446e-05
snR57,YDL223C,2.2745332444173982e-06
snR57,YHR158C,0.3326847553253174
snR57,YGR238C,0.00012425296881701797
snR57,YIL015W,0.021661076694726944
snR57,YGL173C,9.679715731181204e-06
snR57,YDL225W,4.3638598867801193e-07
snR57,YLR330W,1.591208587115034e-07
snR57,YBR129C,0.04368671029806137
snR57,YKR095W-A,0.2020167112350464
snR57,YPR075C,4.803217962034978e-06
snR57,YMR198W,0.00788345467299223
snR57,YOR127W,0.09802675992250443
snR57,YDR264C,0.004926737397909164
snR57,YLR110C,7.543802915677134e-09
snR57,YDR379W,0.0002426692662993446
snR57,YDL100C,8.568020348320715e-06
snR57,YHR073W,0.05440422147512436
snR57,YJR090C,0.2797154188156128
snR57,YOR208W,2.2532147170295502e-07
snR57,YBR040W,0.00023421196965500712
snR57,YNL279W,0.08554618060588837
snR57,YER075C,5.3151998145040125e-06
snR57,YCR089W,0.0021918423008173704
snR57,YCR002C,4.78103211207781e-05
snR57,YJL108C,0.0011828098213300109
snR57,YBR200W,0.004138965159654617
snR57,YIL026C,0.08841801434755325
snR57,YJR076C,8.22710092052148e-07
snR57,YKR031C,4.777944468514761e-06
snR57,YPL192C,0.00013803265755996108
snR57,YHR107C,0.22094136476516724
snR57,YIL037C,7.303898200916592e-06
snR57,YPL156C,0.0047188554890453815
snR57,YIL117C,4.309772702981718e-05
snR57,YHR066W,0.00010496622417122126
snR57,YML085C,0.07030224800109863
snR57,YML047C,0.0004862327186856419
snR57,YDR312W,0.004130186978727579
snR57,YFL037W,0.0013915242161601782
snR57,YDL038C,0.2020167112350464
snR57,YDL039C,5.125360047486538e-08
snR57,YCL027W,0.1369297355413437
snR57,YML124C,3.388423465366941e-06
snR57,YGL053W,8.142029400914907e-06
snR57,YMR232W,0.00011856503988383338
snR57,YNL298W,0.2799450755119324
snR57,YGL099W,0.3997284173965454
snR57,YBL016W,0.0009089260711334646
snR57,YAL041W,0.0005660582683049142
snR57,YDR085C,1.9035665843603056e-07
snR57,YPL187W,0.01267905905842781
snR57,YPL256C,0.004074734635651112
snR57,YDR461W,0.00042976526310667396
snR57,YNL145W,0.00013426078658085316
YGR192C,YDL165W,5.065276876915417e-17
YGR192C,YGR059W,5.649971353705041e-05
YGR192C,YBR109C,5.14438806931139e-06
YGR192C,YJL080C,1.2866966869751195e-07
YGR192C,YCR093W,6.324607966234908e-05
YGR192C,YIL122W,6.412042008463459e-10
YGR192C,YCL029C,5.92927198981073e-19
YGR192C,YNL173C,1.0830061673849922e-11
YGR192C,YLR452C,2.259734344089992e-10
YGR192C,YDL160C,9.252313247998245e-06
YGR192C,YLR229C,1.0088967883348232e-08
YGR192C,YML057W,0.00889808963984251
YGR192C,YER149C,1.381684069201583e-05
YGR192C,YMR305C,0.006520234514027834
YGR192C,YLR433C,9.660828254709486e-06
YGR192C,YJL073W,2.7741831054584054e-09
YGR192C,YGR279C,1.3323356090264027e-12
YGR192C,YKL190W,1.047562969529181e-12
YGR192C,YGL089C,5.458666559130659e-15
YGR192C,YJL019W,1.7414615214282614e-13
YGR192C,YJL018W,0.004531439859420061
YGR192C,YNR032C-A,0.04086746647953987
YGR192C,YGL178W,3.4834685136431176e-10
YGR192C,YKL116C,6.091979541265544e-14
YGR192C,YDL214C,1.3320371194947e-10
YGR192C,YLR362W,0.19519490003585815
YGR192C,YER068W,2.2780284325563116e-06
YGR192C,YHR084W,1.6608287661812327e-11
YGR192C,YDR392W,1.8441355213727473e-12
YGR192C,YNL053W,7.540312253695447e-06
YGR192C,YGR040W,1.4758881616838693e-10
YGR192C,YDL216C,0.0009777341037988663
YGR192C,YOL117W,1.6598120282651507e-06
YGR192C,YJR086W,8.886466673629911e-09
YGR192C,YMR025W,1.0719656273749933e-08
YGR192C,YBR081C,7.5660204856831115e-06
YGR192C,YFL026W,1.3550018138630548e-06
YGR192C,YHL007C,3.1041538228748777e-09
YGR192C,YNR044W,3.6589162255573626e-11
YGR192C,YNL271C,3.8495548437822436e-07
YGR192C,YDR200C,7.994209738626523e-09
YGR192C,YKL178C,0.01461881585419178
YGR192C,YOR212W,7.212876198536833e-07
YGR192C,YOL111C,1.6856996701286597e-11
YGR192C,YGL032C,2.9860635549994186e-05
YGR192C,YHR005C,7.729705764347727e-11
YGR192C,YDR103W,3.2330973454008927e-08
YGR192C,YJR084W,1.2733491530525498e-05
YGR192C,YCL032W,1.0586627574582508e-08
YGR192C,YJL170C,4.746905446495475e-08
YGR192C,YDR179C,1.1621779927306619e-14
YGR192C,YBR095C,1.4861877389193978e-05
YGR192C,YLL021W,3.8577276484375034e-08
YGR192C,YDL159W,4.345076831668848e-08
YGR192C,YNL161W,2.5725626490169518e-11
YGR192C,YNL188W,4.6198151970600065e-09
YGR192C,YJL157C,3.705442708223927e-08
YGR192C,YJL034W,8.550921472630368e-13
YGR192C,YLR238W,2.548329689489037e-07
YGR192C,YPR141C,5.661388058797456e-06
YGR192C,YNL127W,5.345754061636399e-07
YGR192C,YCL055W,2.423969878984078e-11
YGR192C,YPR122W,4.609921333553757e-09
YGR192C,YMR065W,4.811935738757711e-09
YGR192C,YDR356W,1.9024097852593513e-08
YGR192C,YMR052W,1.9447218946311295e-08
YGR192C,YFR008W,3.1402023342730345e-11
YGR192C,YLL043W,1.278523313885671e-07
YGR192C,YMR029C,6.858593062925153e-16
YGR192C,YJR004C,2.1048187193173362e-07
YGR192C,YDL223C,2.2362847183310212e-14
YGR192C,YHR158C,8.556669262027583e-12
YGR192C,YGR238C,9.299671628474129e-14
YGR192C,YIL015W,5.389312607295693e-11
YGR192C,YGL173C,7.959893082443159e-07
YGR192C,YDL225W,2.5778572876333783e-07
YGR192C,YLR330W,3.075655702344804e-11
YGR192C,YBR129C,0.0012926149647682905
YGR192C,YKR095W-A,0.2020167112350464
YGR192C,YPR075C,0.000805633666459471
YGR192C,YMR198W,8.070491048783879e-07
YGR192C,YOR127W,0.00035924671101383865
YGR192C,YDR264C,6.560726006910045e-08
YGR192C,YLR110C,6.527430370306328e-14
YGR192C,YDR379W,5.396760122122757e-11
YGR192C,YDL100C,9.158030236933179e-13
YGR192C,YHR073W,0.0008035742794163525
YGR192C,YJR090C,0.0002876310027204454
YGR192C,YOR208W,0.5775253772735596
YGR192C,YBR040W,0.1421375870704651
YGR192C,YNL279W,1.8811165602983237e-07
YGR192C,YER075C,3.375566970040267e-13
YGR192C,YCR089W,3.4960784489612706e-08
YGR192C,YCR002C,3.922149063861902e-12
YGR192C,YJL108C,5.95122799040837e-07
YGR192C,YBR200W,7.467805540617434e-11
YGR192C,YIL026C,7.864661455414534e-08
YGR192C,YJR076C,4.5244412660849775e-09
YGR192C,YKR031C,0.00025192718021571636
YGR192C,YPL192C,4.884301597485319e-05
YGR192C,YHR107C,8.72477471602906e-07
YGR192C,YIL037C,1.0078198101837188e-05
YGR192C,YPL156C,1.3634758469840969e-12
YGR192C,YIL117C,1.1270340910529697e-10
YGR192C,YHR066W,0.00011771259596571326
YGR192C,YML085C,7.138491753266862e-08
YGR192C,YML047C,1.8671579837814534e-09
YGR192C,YDR312W,0.00015731666644569486
YGR192C,YFL037W,2.3793722200848855e-11
YGR192C,YDL038C,0.2020167112350464
YGR192C,YDL039C,1.8792269962375485e-09
YGR192C,YCL027W,0.00018055352848023176
YGR192C,YML124C,9.877236806232759e-09
YGR192C,YGL053W,1.2508092435067897e-12
YGR192C,YMR232W,0.0005632357788272202
YGR192C,YNL298W,6.348457870508639e-10
YGR192C,YGL099W,0.9093669056892395
YGR192C,YBL016W,1.481296300356004e-15
YGR192C,YAL041W,2.3152889383482034e-08
YGR192C,YDR085C,0.01448904350399971
YGR192C,YPL187W,2.586446079533289e-08
YGR192C,YPL256C,2.5458259944599604e-09
YGR192C,YDR461W,1.0275085227107184e-09
YGR192C,YNL145W,0.0008419400546699762
YDR173C,YDL165W,3.164199995353556e-07
YDR173C,YGR059W,1.5769433048262727e-06
YDR173C,YBR109C,1.2866337783634663e-05
YDR173C,YJL080C,0.000525600858964026
YDR173C,YCR093W,0.019944272935390472
YDR173C,YIL122W,0.5597159266471863
YDR173C,YCL029C,7.371404875389231e-11
YDR173C,YNL173C,1.5079497980158285e-12
YDR173C,YLR452C,8.40517895994708e-06
YDR173C,YDL160C,1.840586992329918e-05
YDR173C,YLR229C,7.1416689024772495e-06
YDR173C,YML057W,4.5114022213965654e-05
YDR173C,YER149C,6.60053628962487e-05
YDR173C,YMR305C,4.766179177674232e-14
YDR173C,YLR433C,7.033270230749622e-05
YDR173C,YJL073W,2.102140857218604e-11
YDR173C,YGR279C,5.85685086207377e-07
YDR173C,YKL190W,9.365301867347853e-10
YDR173C,YGL089C,1.1962535406695451e-09
YDR173C,YJL019W,5.003767000744119e-08
YDR173C,YJL018W,0.0023044103290885687
YDR173C,YNR032C-A,0.8940620422363281
YDR173C,YGL178W,0.00030538151622749865
YDR173C,YKL116C,1.340722292297869e-06
YDR173C,YDL214C,2.9015509426244535e-06
YDR173C,YLR362W,0.00036660704063251615
YDR173C,YER068W,1.170837454766982e-10
YDR173C,YHR084W,4.933614627944394e-10
YDR173C,YDR392W,1.6106763492396148e-11
YDR173C,YNL053W,1.283459732803749e-05
YDR173C,YGR040W,1.0611615586242351e-08
YDR173C,YDL216C,0.09218542277812958
YDR173C,YOL117W,2.673612620185395e-08
YDR173C,YJR086W,0.017071405425667763
YDR173C,YMR025W,0.00018078072753269225
YDR173C,YBR081C,0.00010780862794490531
YDR173C,YFL026W,1.2360387700027786e-06
YDR173C,YHL007C,3.6785013435292058e-06
YDR173C,YNR044W,1.2278378314078964e-09
YDR173C,YNL271C,0.03124798834323883
YDR173C,YDR200C,2.131082146661356e-05
YDR173C,YKL178C,2.2189566095676128e-07
YDR173C,YOR212W,2.5376958312506304e-09
YDR173C,YOL111C,2.5091041607083753e-05
YDR173C,YGL032C,1.0879145584397065e-08
YDR173C,YHR005C,0.00015565415378659964
YDR173C,YDR103W,5.433198748505674e-05
YDR173C,YJR084W,3.367458702996373e-06
YDR173C,YCL032W,0.0020018666982650757
YDR173C,YJL170C,0.00019506909302435815
YDR173C,YDR179C,8.219632613437611e-11
YDR173C,YBR095C,0.113817498087883
YDR173C,YLL021W,3.246961866043563e-10
YDR173C,YDL159W,7.70348584921976e-09
YDR173C,YNL161W,9.77163108473178e-06
YDR173C,YNL188W,1.6561099713818805e-10
YDR173C,YJL157C,2.869854148161016e-13
YDR173C,YJL034W,0.06544163823127747
YDR173C,YLR238W,5.095004821688287e-13
YDR173C,YPR141C,0.02149125747382641
YDR173C,YNL127W,0.0004469101259019226
YDR173C,YCL055W,1.0005329897921911e-10
YDR173C,YPR122W,0.8488866686820984
YDR173C,YMR065W,0.00012905510084237903
YDR173C,YDR356W,0.0020621977746486664
YDR173C,YMR052W,8.200662371393719e-09
YDR173C,YFR008W,4.2262254282832146e-06
YDR173C,YLL043W,3.6393217328622995e-08
YDR173C,YMR029C,0.004148839507251978
YDR173C,YJR004C,0.0003349695762153715
YDR173C,YDL223C,0.006597611121833324
YDR173C,YHR158C,2.1015675599755923e-07
YDR173C,YGR238C,0.001091628335416317
YDR173C,YIL015W,1.3787775365869948e-08
YDR173C,YGL173C,0.8550326228141785
YDR173C,YDL225W,0.9061724543571472
YDR173C,YLR330W,5.74330643807186e-12
YDR173C,YBR129C,7.916309385791465e-09
YDR173C,YKR095W-A,0.2020167112350464
YDR173C,YPR075C,9.11399329197593e-05
YDR173C,YMR198W,1.5235345074415818e-07
YDR173C,YOR127W,1.9269388307208146e-09
YDR173C,YDR264C,1.2327032623826728e-11
YDR173C,YLR110C,8.179782545747472e-11
YDR173C,YDR379W,0.002096721902489662
YDR173C,YDL100C,6.677937136601031e-08
YDR173C,YHR073W,8.90916073553738e-12
YDR173C,YJR090C,5.497046367963776e-05
YDR173C,YOR208W,0.013455603271722794
YDR173C,YBR040W,2.0647952098107325e-11
YDR173C,YNL279W,8.42171914428036e-07
YDR173C,YER075C,2.646517714310903e-06
YDR173C,YCR089W,0.0206784438341856
YDR173C,YCR002C,9.663962373451795e-06
YDR173C,YJL108C,1.2013611922156997e-05
YDR173C,YBR200W,1.28040598956769e-11
YDR173C,YIL026C,2.044521579591674e-06
YDR173C,YJR076C,2.635719020815941e-08
YDR173C,YKR031C,3.028751223155268e-07
YDR173C,YPL192C,3.3612373044888955e-06
YDR173C,YHR107C,6.922044849488884e-05
YDR173C,YIL037C,1.1167181068749699e-10
YDR173C,YPL156C,5.655517270497512e-06
YDR173C,YIL117C,0.0004929272108711302
YDR173C,YHR066W,2.6810223374695852e-08
YDR173C,YML085C,2.0371207433596272e-13
YDR173C,YML047C,7.272943098463047e-12
YDR173C,YDR312W,0.00014643953181803226
YDR173C,YFL037W,1.4726529457692594e-12
YDR173C,YDL038C,0.2020167112350464
YDR173C,YDL039C,1.8045927165782905e-13
YDR173C,YCL027W,9.7647185476335e-12
YDR173C,YML124C,3.8004152602688634e-10
YDR173C,YGL053W,0.07489428669214249
YDR173C,YMR232W,1.9693224828642997e-07
YDR173C,YNL298W,6.013273434746225e-09
YDR173C,YGL099W,1.2795940165233333e-05
YDR173C,YBL016W,9.613088991500263e-09
YDR173C,YAL041W,1.8331135720472957e-08
YDR173C,YDR085C,0.04712287336587906
YDR173C,YPL187W,0.0005482403794303536
YDR173C,YPL256C,0.003743748413398862
YDR173C,YDR461W,1.4420244998092357e-09
YDR173C,YNL145W,1.034069896377332e-08
YLL022C,YDL165W,3.576465132937301e-07
YLL022C,YGR059W,1.302881691422897e-10
YLL022C,YBR109C,0.0010227885795757174
YLL022C,YJL080C,8.398745587889778e-11
YLL022C,YCR093W,0.0018220162019133568
YLL022C,YIL122W,3.393307770188647e-12
YLL022C,YCL029C,1.0112433301401325e-05
YLL022C,YNL173C,5.147609272171394e-07
YLL022C,YLR452C,1.66265515244568e-10
YLL022C,YDL160C,0.008966946974396706
YLL022C,YLR229C,1.7265719019429748e-13
YLL022C,YML057W,2.5278905013692565e-05
YLL022C,YER149C,5.223986227065325e-05
YLL022C,YMR305C,6.075618341760958e-10
YLL022C,YLR433C,0.09697307646274567
YLL022C,YJL073W,2.1503430614367054e-14
YLL022C,YGR279C,4.340936281493988e-15
YLL022C,YKL190W,0.0006184384110383689
YLL022C,YGL089C,1.3449223956740752e-07
YLL022C,YJL019W,0.001196306082420051
YLL022C,YJL018W,9.027445048559457e-05
YLL022C,YNR032C-A,0.026809480041265488
YLL022C,YGL178W,0.00632887426763773
YLL022C,YKL116C,2.2663407150957937e-08
YLL022C,YDL214C,0.016890263184905052
YLL022C,YLR362W,6.993023239469653e-13
YLL022C,YER068W,1.0225519042617037e-10
YLL022C,YHR084W,4.375747320040091e-09
YLL022C,YDR392W,1.1165094292664435e-05
YLL022C,YNL053W,0.0013650059700012207
YLL022C,YGR040W,0.9292324781417847
YLL022C,YDL216C,0.0042871697805821896
YLL022C,YOL117W,0.04229551553726196
YLL022C,YJR086W,3.3956532030643416e-11
YLL022C,YMR025W,2.9201723918959033e-06
YLL022C,YBR081C,2.046578018166656e-08
YLL022C,YFL026W,0.00012605221127159894
YLL022C,YHL007C,1.966085676485818e-07
YLL022C,YNR044W,7.825741477063275e-08
YLL022C,YNL271C,7.796689516226252e-08
YLL022C,YDR200C,3.1395539380058013e-12
YLL022C,YKL178C,0.08242326229810715
YLL022C,YOR212W,2.114617370096994e-09
YLL022C,YOL111C,6.1484817237555944e-09
YLL022C,YGL032C,2.3881828070670963e-08
YLL022C,YHR005C,7.357691712839287e-12
YLL022C,YDR103W,1.2348130296047088e-09
YLL022C,YJR084W,1.5895744581939653e-05
YLL022C,YCL032W,7.961101999853781e-08
YLL022C,YJL170C,0.18149334192276
YLL022C,YDR179C,7.031317374551289e-16
YLL022C,YBR095C,3.3468802485003835e-07
YLL022C,YLL021W,1.9496221304038386e-10
YLL022C,YDL159W,6.951514933462022e-06
YLL022C,YNL161W,4.865423656411766e-14
YLL022C,YNL188W,1.4658310470735818e-17
YLL022C,YJL157C,1.9118590716647732e-13
YLL022C,YJL034W,6.7965542048520344e-12
YLL022C,YLR238W,8.697117300471291e-05
YLL022C,YPR141C,0.014469323679804802
YLL022C,YNL127W,8.56549942085394e-09
YLL022C,YCL055W,9.212868098615323e-13
YLL022C,YPR122W,0.0005729464464820921
YLL022C,YMR065W,0.21180079877376556
YLL022C,YDR356W,3.7861330737243293e-10
YLL022C,YMR052W,0.0024832391645759344
YLL022C,YFR008W,0.0008117591496556997
YLL022C,YLL043W,0.00012569190585054457
YLL022C,YMR029C,3.6675837922217625e-09
YLL022C,YJR004C,1.0091797619793397e-08
YLL022C,YDL223C,8.77872358140408e-11
YLL022C,YHR158C,2.674426866633439e-07
YLL022C,YGR238C,7.285216696573116e-08
YLL022C,YIL015W,0.6069605946540833
YLL022C,YGL173C,1.5972879907621973e-08
YLL022C,YDL225W,7.450265684383339e-07
YLL022C,YLR330W,0.0003606532991398126
YLL022C,YBR129C,2.2943066113612076e-08
YLL022C,YKR095W-A,0.2020167112350464
YLL022C,YPR075C,0.000293157558189705
YLL022C,YMR198W,0.14379604160785675
YLL022C,YOR127W,5.133758531883359e-05
YLL022C,YDR264C,1.4307125484336325e-09
YLL022C,YLR110C,7.405907553881264e-10
YLL022C,YDR379W,0.19394326210021973
YLL022C,YDL100C,2.9845593871868914e-06
YLL022C,YHR073W,3.4214446270313963e-18
YLL022C,YJR090C,1.0418224505315266e-08
YLL022C,YOR208W,2.637252727311079e-08
YLL022C,YBR040W,0.05751088634133339
YLL022C,YNL279W,0.00016788693028502166
YLL022C,YER075C,1.3413685440166745e-10
YLL022C,YCR089W,6.730267454457817e-10
YLL022C,YCR002C,2.5914084246514424e-12
YLL022C,YJL108C,0.7499656081199646
YLL022C,YBR200W,3.538407788994391e-09
YLL022C,YIL026C,2.0000909817241563e-09
YLL022C,YJR076C,4.32754904977628e-06
YLL022C,YKR031C,4.925759000684593e-08
YLL022C,YPL192C,0.986478328704834
YLL022C,YHR107C,3.4147142002893816e-08
YLL022C,YIL037C,0.9999791383743286
YLL022C,YPL156C,0.9999648332595825
YLL022C,YIL117C,0.30097731947898865
YLL022C,YHR066W,2.1906073146855248e-13
YLL022C,YML085C,2.9311689489182943e-15
YLL022C,YML047C,0.30911511182785034
YLL022C,YDR312W,3.4063063480971323e-10
YLL022C,YFL037W,1.8142708472709823e-12
YLL022C,YDL038C,0.2020167112350464
YLL022C,YDL039C,7.334960546931391e-13
YLL022C,YCL027W,0.6786654591560364
YLL022C,YML124C,1.1259064833886098e-13
YLL022C,YGL053W,0.00046479396405629814
YLL022C,YMR232W,0.9994219541549683
YLL022C,YNL298W,5.3305309847928584e-05
YLL022C,YGL099W,4.915021437704181e-16
YLL022C,YBL016W,1.549887862495325e-08
YLL022C,YAL041W,2.8865450474313548e-08
YLL022C,YDR085C,0.0012974321143701673
YLL022C,YPL187W,0.00012601495836861432
YLL022C,YPL256C,7.937660945200875e-12
YLL022C,YDR461W,2.3435515680847452e-11
YLL022C,YNL145W,2.3435182683329003e-09
YBR208C,YDL165W,6.126850848886534e-08
YBR208C,YGR059W,3.295584065199364e-06
YBR208C,YBR109C,1.67613531942834e-08
YBR208C,YJL080C,3.8094331102911383e-06
YBR208C,YCR093W,6.180509663084033e-13
YBR208C,YIL122W,6.908974319230765e-05
YBR208C,YCL029C,6.915935606051502e-34
YBR208C,YNL173C,1.0435878827763645e-09
YBR208C,YLR452C,4.5280827180249617e-05
YBR208C,YDL160C,0.004038396291434765
YBR208C,YLR229C,1.2034974794516984e-08
YBR208C,YML057W,6.921020485606277e-07
YBR208C,YER149C,1.3667463605315788e-08
YBR208C,YMR305C,1.3152468909538584e-06
YBR208C,YLR433C,3.216112600057386e-05
YBR208C,YJL073W,3.298965748399496e-05
YBR208C,YGR279C,4.5812786453325316e-08
YBR208C,YKL190W,1.4983894252315957e-14
YBR208C,YGL089C,0.9680848121643066
YBR208C,YJL019W,4.9445680189164065e-11
YBR208C,YJL018W,0.2020167112350464
YBR208C,YNR032C-A,0.003061269409954548
YBR208C,YGL178W,2.3484614253277414e-10
YBR208C,YKL116C,4.4618288556029506e-13
YBR208C,YDL214C,7.77856712375069e-08
YBR208C,YLR362W,6.544544073339154e-11
YBR208C,YER068W,1.0041185660725205e-08
YBR208C,YHR084W,0.20881840586662292
YBR208C,YDR392W,1.289795079628675e-07
YBR208C,YNL053W,1.9340376411491889e-07
YBR208C,YGR040W,0.07361792027950287
YBR208C,YDL216C,1.4074522368900944e-05
YBR208C,YOL117W,0.06426264345645905
YBR208C,YJR086W,4.1827070162980817e-07
YBR208C,YMR025W,0.005416026338934898
YBR208C,YBR081C,1.561969398267138e-08
YBR208C,YFL026W,7.44627250242047e-05
YBR208C,YHL007C,4.0622886444907635e-05
YBR208C,YNR044W,3.101472145772277e-07
YBR208C,YNL271C,1.1025266758224461e-05
YBR208C,YDR200C,2.6611360226524994e-07
YBR208C,YKL178C,4.364086425567848e-09
YBR208C,YOR212W,1.76380021699174e-11
YBR208C,YOL111C,1.3279771060581425e-08
YBR208C,YGL032C,3.091221856266202e-08
YBR208C,YHR005C,2.806006538236261e-09
YBR208C,YDR103W,0.0034754914231598377
YBR208C,YJR084W,4.680874553741887e-05
YBR208C,YCL032W,1.5584180800942704e-05
YBR208C,YJL170C,1.4379484980509005e-07
YBR208C,YDR179C,8.484716090606526e-06
YBR208C,YBR095C,1.9749593604956317e-07
YBR208C,YLL021W,0.0006410967907868326
YBR208C,YDL159W,7.58674968892592e-06
YBR208C,YNL161W,7.579923112643883e-05
YBR208C,YNL188W,1.1808518607381302e-09
YBR208C,YJL157C,2.1182908760408736e-09
YBR208C,YJL034W,1.9773526755860124e-15
YBR208C,YLR238W,7.033948179469007e-08
YBR208C,YPR141C,1.8519362043889487e-08
YBR208C,YNL127W,0.002005363116040826
YBR208C,YCL055W,3.1062963312677994e-10
YBR208C,YPR122W,4.09868334827479e-05
YBR208C,YMR065W,0.002443418139591813
YBR208C,YDR356W,1.2542368210688437e-07
YBR208C,YMR052W,1.1214384455782156e-12
YBR208C,YFR008W,0.28371623158454895
YBR208C,YLL043W,0.07280640304088593
YBR208C,YMR029C,0.0002392208989476785
YBR208C,YJR004C,1.5364874343504198e-05
YBR208C,YDL223C,2.969934020935483e-10
YBR208C,YHR158C,8.190317402068104e-08
YBR208C,YGR238C,2.9453299248416442e-06
YBR208C,YIL015W,0.11811663955450058
YBR208C,YGL173C,8.419283936689226e-09
YBR208C,YDL225W,3.7842534084120416e-07
YBR208C,YLR330W,3.027843575864608e-08
YBR208C,YBR129C,0.00042331460281275213
YBR208C,YKR095W-A,0.2020167112350464
YBR208C,YPR075C,4.1425046504173224e-08
YBR208C,YMR198W,0.3801720142364502
YBR208C,YOR127W,0.03407537564635277
YBR208C,YDR264C,8.334821721689423e-10
YBR208C,YLR110C,4.218308341519261e-11
YBR208C,YDR379W,1.3032482456765138e-05
YBR208C,YDL100C,4.12603773369824e-09
YBR208C,YHR073W,1.3862730408042978e-10
YBR208C,YJR090C,5.255924029334835e-10
YBR208C,YOR208W,1.909942204392223e-09
YBR208C,YBR040W,1.7844207604866824e-06
YBR208C,YNL279W,0.011305787600576878
YBR208C,YER075C,0.0007446762174367905
YBR208C,YCR089W,1.4915575775376055e-05
YBR208C,YCR002C,1.2638861068836604e-09
YBR208C,YJL108C,0.025719238445162773
YBR208C,YBR200W,1.0269619599156954e-09
YBR208C,YIL026C,0.6490474343299866
YBR208C,YJR076C,1.0854648280655965e-05
YBR208C,YKR031C,2.6980233087670058e-05
YBR208C,YPL192C,1.5186604684913618e-07
YBR208C,YHR107C,7.377601640712328e-09
YBR208C,YIL037C,2.0894218323519453e-05
YBR208C,YPL156C,1.8157324365027875e-15
YBR208C,YIL117C,8.82521966616423e-09
YBR208C,YHR066W,0.00012920433073304594
YBR208C,YML085C,0.0010846075601875782
YBR208C,YML047C,5.824206255056197e-06
YBR208C,YDR312W,3.964597539152237e-09
YBR208C,YFL037W,9.552352686625909e-09
YBR208C,YDL038C,0.2020167112350464
YBR208C,YDL039C,3.128471703917057e-08
YBR208C,YCL027W,1.6375338585117305e-10
YBR208C,YML124C,2.7088120635454516e-10
YBR208C,YGL053W,0.2282039225101471
YBR208C,YMR232W,8.115741366054863e-05
YBR208C,YNL298W,7.792065304101925e-08
YBR208C,YGL099W,7.597688818350434e-05
YBR208C,YBL016W,3.5192455616339657e-09
YBR208C,YAL041W,0.000897265796083957
YBR208C,YDR085C,0.0002187674690503627
YBR208C,YPL187W,2.583101377240382e-07
YBR208C,YPL256C,2.45792257658195e-08
YBR208C,YDR461W,1.1657980358847908e-08
YBR208C,YNL145W,1.4684010452015173e-08
YBR181C,YDL165W,1.3133281961952292e-10
YBR181C,YGR059W,9.796082001134465e-11
YBR181C,YBR109C,8.443379192613065e-05
YBR181C,YJL080C,1.1897026697127444e-09
YBR181C,YCR093W,1.3005437722313218e-06
YBR181C,YIL122W,2.269411379529629e-05
YBR181C,YCL029C,5.298700020417435e-11
YBR181C,YNL173C,0.00020219304133206606
YBR181C,YLR452C,3.3117115716407852e-09
YBR181C,YDL160C,0.039706628769636154
YBR181C,YLR229C,5.227858551333335e-14
YBR181C,YML057W,1.2083106972317356e-17
YBR181C,YER149C,1.3960501157872507e-11
YBR181C,YMR305C,7.599437017507494e-19
YBR181C,YLR433C,2.665373033394758e-09
YBR181C,YJL073W,3.6643463818819555e-09
YBR181C,YGR279C,1.3877796845918056e-05
YBR181C,YKL190W,1.304912799384543e-30
YBR181C,YGL089C,0.0012508496874943376
YBR181C,YJL019W,3.3492753459540836e-07
YBR181C,YJL018W,0.00027134030824527144
YBR181C,YNR032C-A,0.0001448096300009638
YBR181C,YGL178W,1.0954963776098678e-26
YBR181C,YKL116C,7.533125632888747e-15
YBR181C,YDL214C,1.5153868844208773e-05
YBR181C,YLR362W,1.0606241579447229e-10
YBR181C,YER068W,2.46094714384526e-06
YBR181C,YHR084W,2.487007995377599e-13
YBR181C,YDR392W,2.8846378063995815e-10
YBR181C,YNL053W,9.084258105679973e-15
YBR181C,YGR040W,1.47702365893565e-07
YBR181C,YDL216C,4.590860747111236e-10
YBR181C,YOL117W,7.21628919814199e-12
YBR181C,YJR086W,2.328543935448124e-08
YBR181C,YMR025W,4.136557318901168e-09
YBR181C,YBR081C,1.4488465239992365e-05
YBR181C,YFL026W,6.0372021835064515e-06
YBR181C,YHL007C,9.319657025275152e-12
YBR181C,YNR044W,0.004588916897773743
YBR181C,YNL271C,3.102346264054112e-18
YBR181C,YDR200C,2.3302359295485076e-06
YBR181C,YKL178C,3.1687970025728873e-09
YBR181C,YOR212W,3.7618300835484675e-11
YBR181C,YOL111C,6.5676704651167e-17
YBR181C,YGL032C,7.558887773484457e-06
YBR181C,YHR005C,0.0176949854940176
YBR181C,YDR103W,0.01111714169383049
YBR181C,YJR084W,4.349376752088574e-07
YBR181C,YCL032W,1.3606740734140033e-10
YBR181C,YJL170C,2.0555335211724923e-11
YBR181C,YDR179C,6.237775510828164e-15
YBR181C,YBR095C,3.5270725229352706e-10
YBR181C,YLL021W,4.189880797866863e-08
YBR181C,YDL159W,3.645909962823879e-11
YBR181C,YNL161W,8.757691837349424e-13
YBR181C,YNL188W,2.5522826074819704e-09
YBR181C,YJL157C,1.3335547943693626e-10
YBR181C,YJL034W,4.517888452197226e-16
YBR181C,YLR238W,8.787003347165978e-10
YBR181C,YPR141C,7.794673652188056e-14
YBR181C,YNL127W,6.512125949598158e-09
YBR181C,YCL055W,3.48980913611463e-12
YBR181C,YPR122W,5.229554744801135e-07
YBR181C,YMR065W,2.8735183832395705e-07
YBR181C,YDR356W,0.0003560244804248214
YBR181C,YMR052W,1.3059063379283753e-11
YBR181C,YFR008W,2.980105762162566e-08
YBR181C,YLL043W,4.3591883575055945e-12
YBR181C,YMR029C,5.707716468350554e-07
YBR181C,YJR004C,8.310061971883442e-09
YBR181C,YDL223C,1.1827413640083976e-23
YBR181C,YHR158C,1.0015047818834333e-10
YBR181C,YGR238C,1.995445511097601e-17
YBR181C,YIL015W,2.1225230739219114e-05
YBR181C,YGL173C,5.037479322567151e-10
YBR181C,YDL225W,5.194319641077527e-08
YBR181C,YLR330W,2.2682671019236267e-10
YBR181C,YBR129C,3.022736791771785e-12
YBR181C,YKR095W-A,0.2020167112350464
YBR181C,YPR075C,3.6083473448772496e-13
YBR181C,YMR198W,6.170377542247252e-10
YBR181C,YOR127W,2.80536869468051e-06
YBR181C,YDR264C,2.9143235811797744e-14
YBR181C,YLR110C,1.0421192886769532e-14
YBR181C,YDR379W,1.4218862816051114e-06
YBR181C,YDL100C,6.0272737321953596e-12
YBR181C,YHR073W,5.498896071323147e-16
YBR181C,YJR090C,2.905173879241829e-09
YBR181C,YOR208W,1.8301640011486597e-05
YBR181C,YBR040W,6.744074482895046e-12
YBR181C,YNL279W,1.29537104377438e-14
YBR181C,YER075C,1.577817059948347e-13
YBR181C,YCR089W,1.307365660174753e-09
YBR181C,YCR002C,5.134341031758777e-16
YBR181C,YJL108C,1.5215228165929573e-12
YBR181C,YBR200W,1.1207927919087979e-08
YBR181C,YIL026C,2.380922336456953e-13
YBR181C,YJR076C,1.1893912243987614e-10
YBR181C,YKR031C,1.0172906513616908e-05
YBR181C,YPL192C,1.688853359382847e-07
YBR181C,YHR107C,2.042022773096619e-09
YBR181C,YIL037C,3.0610569634603735e-09
YBR181C,YPL156C,2.415549043340709e-13
YBR181C,YIL117C,5.432717916549761e-16
YBR181C,YHR066W,3.452386353143197e-14
YBR181C,YML085C,0.0
YBR181C,YML047C,0.5599731802940369
YBR181C,YDR312W,3.530006842389355e-10
YBR181C,YFL037W,5.26521803934088e-09
YBR181C,YDL038C,0.2020167112350464
YBR181C,YDL039C,6.318498513031151e-14
YBR181C,YCL027W,2.928834610818956e-14
YBR181C,YML124C,1.765495419101698e-31
YBR181C,YGL053W,1.1424619117492846e-13
YBR181C,YMR232W,0.09159483760595322
YBR181C,YNL298W,0.015492675825953484
YBR181C,YGL099W,1.6606763851234282e-15
YBR181C,YBL016W,7.905447997613724e-12
YBR181C,YAL041W,9.02437236049991e-10
YBR181C,YDR085C,0.0003536839794833213
YBR181C,YPL187W,1.523421905118283e-12
YBR181C,YPL256C,5.376449402058372e-18
YBR181C,YDR461W,1.2846424368717635e-08
YBR181C,YNL145W,1.3509462437610864e-09
YLR129W,YDL165W,0.001495824079029262
YLR129W,YGR059W,7.578822118492479e-12
YLR129W,YBR109C,5.41236913704779e-05
YLR129W,YJL080C,7.302439541945205e-08
YLR129W,YCR093W,3.066319186473265e-05
YLR129W,YIL122W,2.871186361580458e-12
YLR129W,YCL029C,2.0465992789375775e-10
YLR129W,YNL173C,2.440577191009652e-05
YLR129W,YLR452C,0.9984741806983948
YLR129W,YDL160C,0.5728601813316345
YLR129W,YLR229C,8.828227691992652e-06
YLR129W,YML057W,1.4163319974613842e-06
YLR129W,YER149C,6.411763752112165e-05
YLR129W,YMR305C,0.22089029848575592
YLR129W,YLR433C,0.09177736937999725
YLR129W,YJL073W,7.786208201625289e-13
YLR129W,YGR279C,0.00010508339619264007
YLR129W,YKL190W,2.4025182938203216e-05
YLR129W,YGL089C,0.015514714643359184
YLR129W,YJL019W,0.0039129978977143764
YLR129W,YJL018W,7.53091590013355e-05
YLR129W,YNR032C-A,0.018944764509797096
YLR129W,YGL178W,4.7330868824246863e-07
YLR129W,YKL116C,4.294960654488422e-13
YLR129W,YDL214C,0.1711263507604599
YLR129W,YLR362W,0.0010376895079389215
YLR129W,YER068W,3.6417621696038793e-10
YLR129W,YHR084W,7.682909308748265e-10
YLR129W,YDR392W,1.3585338820121251e-05
YLR129W,YNL053W,0.004626662470400333
YLR129W,YGR040W,0.8862923979759216
YLR129W,YDL216C,0.5915725231170654
YLR129W,YOL117W,2.5281143845035103e-10
YLR129W,YJR086W,0.004606243222951889
YLR129W,YMR025W,1.2558747357616085e-06
YLR129W,YBR081C,6.017915075062774e-05
YLR129W,YFL026W,0.003315559821203351
YLR129W,YHL007C,0.16106070578098297
YLR129W,YNR044W,0.9999655485153198
YLR129W,YNL271C,1.1402699783502612e-05
YLR129W,YDR200C,3.949308435835519e-08
YLR129W,YKL178C,0.8836034536361694
YLR129W,YOR212W,0.010011746548116207
YLR129W,YOL111C,1.23187309242212e-08
YLR129W,YGL032C,1.0074056717712665e-06
YLR129W,YHR005C,0.11605238169431686
YLR129W,YDR103W,0.998626708984375
YLR129W,YJR084W,2.258185122627765e-05
YLR129W,YCL032W,0.10029695928096771
YLR129W,YJL170C,0.9972570538520813
YLR129W,YDR179C,1.7444934030663717e-07
YLR129W,YBR095C,0.00028765734168700874
YLR129W,YLL021W,0.02111865021288395
YLR129W,YDL159W,3.8724421756342053e-05
YLR129W,YNL161W,0.00027289590798318386
YLR129W,YNL188W,8.681990038894583e-06
YLR129W,YJL157C,8.790184074314311e-05
YLR129W,YJL034W,1.289989240611243e-17
YLR129W,YLR238W,0.0012320182286202908
YLR129W,YPR141C,9.239952873940638e-07
YLR129W,YNL127W,3.492129918569731e-10
YLR129W,YCL055W,0.013361772522330284
YLR129W,YPR122W,0.0007920691859908402
YLR129W,YMR065W,0.463755339384079
YLR129W,YDR356W,0.001278415904380381
YLR129W,YMR052W,0.010645844973623753
YLR129W,YFR008W,0.6984673738479614
YLR129W,YLL043W,3.437805595751797e-10
YLR129W,YMR029C,0.4745289087295532
YLR129W,YJR004C,1.63488667048739e-11
YLR129W,YDL223C,1.679437370811723e-16
YLR129W,YHR158C,1.1215134598785426e-08
YLR129W,YGR238C,2.788836495071223e-09
YLR129W,YIL015W,0.9999860525131226
YLR129W,YGL173C,2.0571180175954495e-11
YLR129W,YDL225W,5.960219482403772e-07
YLR129W,YLR330W,1.0571030273354154e-08
YLR129W,YBR129C,3.610768908401951e-05
YLR129W,YKR095W-A,0.2020167112350464
YLR129W,YPR075C,0.00013694725930690765
YLR129W,YMR198W,0.005982479080557823
YLR129W,YOR127W,1.6004388498913613e-06
YLR129W,YDR264C,0.044676706194877625
YLR129W,YLR110C,0.8059598803520203
YLR129W,YDR379W,0.10488910973072052
YLR129W,YDL100C,1.2876868822786491e-05
YLR129W,YHR073W,2.682453148494801e-09
YLR129W,YJR090C,3.865003132689696e-16
YLR129W,YOR208W,5.337011316441931e-05
YLR129W,YBR040W,0.003825064981356263
YLR129W,YNL279W,0.0013337592827156186
YLR129W,YER075C,0.25618958473205566
YLR129W,YCR089W,4.2954301449071863e-08
YLR129W,YCR002C,0.00345627311617136
YLR129W,YJL108C,0.9892555475234985
YLR129W,YBR200W,2.165137402698747e-07
YLR129W,YIL026C,0.0010622137924656272
YLR129W,YJR076C,0.00343851069919765
YLR129W,YKR031C,0.6545501947402954
YLR129W,YPL192C,4.043011358589865e-05
YLR129W,YHR107C,0.9864115715026855
YLR129W,YIL037C,0.11971363425254822
YLR129W,YPL156C,0.9270287156105042
YLR129W,YIL117C,4.5160904846852645e-06
YLR129W,YHR066W,3.4754164823791456e-11
YLR129W,YML085C,5.2739411330549046e-05
YLR129W,YML047C,0.031271010637283325
YLR129W,YDR312W,4.254741270415252e-08
YLR129W,YFL037W,0.7391484975814819
YLR129W,YDL038C,0.2020167112350464
YLR129W,YDL039C,5.535150194191374e-06
YLR129W,YCL027W,0.0001615724468138069
YLR129W,YML124C,7.167492510964935e-13
YLR129W,YGL053W,4.057997557538329e-06
YLR129W,YMR232W,0.025720087811350822
YLR129W,YNL298W,0.7900030612945557
YLR129W,YGL099W,3.2835227870009476e-08
YLR129W,YBL016W,3.0062697123356408e-12
YLR129W,YAL041W,4.4642938519245945e-06
YLR129W,YDR085C,0.9991641044616699
YLR129W,YPL187W,0.9037334322929382
YLR129W,YPL256C,9.556576641145398e-10
YLR129W,YDR461W,1.0217286218472399e-11
YLR129W,YNL145W,1.2856487956014462e-05
YMR274C,YDL165W,6.117380735304323e-08
YMR274C,YGR059W,5.4314547651146405e-12
YMR274C,YBR109C,4.6204800402405155e-11
YMR274C,YJL080C,0.0005377684719860554
YMR274C,YCR093W,0.0032376586459577084
YMR274C,YIL122W,3.911779458576348e-06
YMR274C,YCL029C,2.443742914692848e-07
YMR274C,YNL173C,9.463388295216646e-08
YMR274C,YLR452C,0.005181506741791964
YMR274C,YDL160C,0.011100552044808865
YMR274C,YLR229C,6.244409989086819e-10
YMR274C,YML057W,1.5033657518870314e-07
YMR274C,YER149C,5.2563532335625496e-06
YMR274C,YMR305C,3.0034154416963554e-12
YMR274C,YLR433C,8.107332541840151e-05
YMR274C,YJL073W,6.965809689063462e-07
YMR274C,YGR279C,1.6721980244938095e-08
YMR274C,YKL190W,0.01611480861902237
YMR274C,YGL089C,2.1510460079809945e-09
YMR274C,YJL019W,7.591016629064434e-16
YMR274C,YJL018W,0.008381008170545101
YMR274C,YNR032C-A,0.03918392211198807
YMR274C,YGL178W,2.1283139517436211e-07
YMR274C,YKL116C,2.998082684890768e-11
YMR274C,YDL214C,3.88576700061094e-05
YMR274C,YLR362W,1.098949109490377e-08
YMR274C,YER068W,0.00029040631488896906
YMR274C,YHR084W,5.766637968918076e-06
YMR274C,YDR392W,0.0001267824845854193
YMR274C,YNL053W,0.0018649358535185456
YMR274C,YGR040W,0.06573337316513062
YMR274C,YDL216C,2.1345135792216752e-07
YMR274C,YOL117W,2.5894729333231226e-05
YMR274C,YJR086W,0.999647855758667
YMR274C,YMR025W,1.0812620132583106e-07
YMR274C,YBR081C,4.12196313845925e-05
YMR274C,YFL026W,0.0001181815896416083
YMR274C,YHL007C,3.6610593029395844e-11
YMR274C,YNR044W,1.494123824663518e-09
YMR274C,YNL271C,2.053596442203043e-12
YMR274C,YDR200C,9.73895335036612e-13
YMR274C,YKL178C,0.9972621202468872
YMR274C,YOR212W,1.592378495729463e-08
YMR274C,YOL111C,3.6136973404973793e-14
YMR274C,YGL032C,1.9675253497553058e-05
YMR274C,YHR005C,2.3510139726568013e-05
YMR274C,YDR103W,2.5490396637906088e-06
YMR274C,YJR084W,0.05856636166572571
YMR274C,YCL032W,2.037649267094821e-07
YMR274C,YJL170C,0.5488128662109375
YMR274C,YDR179C,0.00297598191536963
YMR274C,YBR095C,3.1301942726713605e-07
YMR274C,YLL021W,3.221458516611264e-11
YMR274C,YDL159W,1.3945745669374787e-09
YMR274C,YNL161W,5.892010813113302e-05
YMR274C,YNL188W,0.027015509083867073
YMR274C,YJL157C,3.041222274013933e-10
YMR274C,YJL034W,1.3397053244545987e-08
YMR274C,YLR238W,5.055624114902457e-07
YMR274C,YPR141C,0.011518009938299656
YMR274C,YNL127W,2.1001782257723534e-10
YMR274C,YCL055W,0.0032268373761326075
YMR274C,YPR122W,0.3116264045238495
YMR274C,YMR065W,0.3919125497341156
YMR274C,YDR356W,2.6444809009262826e-08
YMR274C,YMR052W,3.1576751098327804e-06
YMR274C,YFR008W,0.9617598652839661
YMR274C,YLL043W,7.010339686530642e-06
YMR274C,YMR029C,0.005228858906775713
YMR274C,YJR004C,3.9453051936533257e-11
YMR274C,YDL223C,8.306139534397516e-06
YMR274C,YHR158C,2.4678723065107988e-08
YMR274C,YGR238C,0.00026680633891373873
YMR274C,YIL015W,1.1150793483016841e-10
YMR274C,YGL173C,4.4150976918899687e-07
YMR274C,YDL225W,0.0007605749415233731
YMR274C,YLR330W,3.961825711940037e-07
YMR274C,YBR129C,1.3078576444058854e-08
YMR274C,YKR095W-A,0.2020167112350464
YMR274C,YPR075C,4.1919665960676866e-08
YMR274C,YMR198W,0.01221456378698349
YMR274C,YOR127W,9.427856717536542e-09
YMR274C,YDR264C,0.00031766865868121386
YMR274C,YLR110C,0.00031771589419804513
YMR274C,YDR379W,0.032966021448373795
YMR274C,YDL100C,6.949032464769389e-15
YMR274C,YHR073W,6.790677957724256e-07
YMR274C,YJR090C,1.4618535715271719e-08
YMR274C,YOR208W,1.7766473092706292e-07
YMR274C,YBR040W,0.012494752183556557
YMR274C,YNL279W,1.5126967127798707e-06
YMR274C,YER075C,4.686478121129767e-07
YMR274C,YCR089W,0.005146933253854513
YMR274C,YCR002C,6.679074431303889e-05
YMR274C,YJL108C,6.987017214798996e-11
YMR274C,YBR200W,0.0026991062331944704
YMR274C,YIL026C,2.285123809997458e-05
YMR274C,YJR076C,2.915993890795221e-09
YMR274C,YKR031C,3.4543250482244048e-09
YMR274C,YPL192C,0.9996381998062134
YMR274C,YHR107C,4.903430181002477e-06
YMR274C,YIL037C,0.9969950914382935
YMR274C,YPL156C,1.0208491829644117e-09
YMR274C,YIL117C,0.007733174134045839
YMR274C,YHR066W,8.092766279332864e-08
YMR274C,YML085C,1.5254945537890308e-06
YMR274C,YML047C,0.9549416899681091
YMR274C,YDR312W,7.004406143096276e-06
YMR274C,YFL037W,0.002368487883359194
YMR274C,YDL038C,0.2020167112350464
YMR274C,YDL039C,1.044348960609065e-12
YMR274C,YCL027W,0.0001601475232746452
YMR274C,YML124C,1.9831081772281323e-06
YMR274C,YGL053W,3.441944272708497e-06
YMR274C,YMR232W,0.9872158169746399
YMR274C,YNL298W,0.0003599179326556623
YMR274C,YGL099W,7.682561253830045e-09
YMR274C,YBL016W,0.0025624718982726336
YMR274C,YAL041W,9.73597343545407e-05
YMR274C,YDR085C,0.026965776458382607
YMR274C,YPL187W,0.6002443432807922
YMR274C,YPL256C,1.6502693309106142e-11
YMR274C,YDR461W,6.898940773680806e-05
YMR274C,YNL145W,0.08580238372087479
YHR175W,YDL165W,1.183427834894335e-11
YHR175W,YGR059W,4.945614751061811e-11
YHR175W,YBR109C,0.010559821501374245
YHR175W,YJL080C,9.298320833295293e-07
YHR175W,YCR093W,1.0972316388802028e-08
YHR175W,YIL122W,1.4151315674837406e-09
YHR175W,YCL029C,1.1150604761090402e-17
YHR175W,YNL173C,2.0926748334204603e-08
YHR175W,YLR452C,2.4606606530142017e-06
YHR175W,YDL160C,1.9673180862156414e-09
YHR175W,YLR229C,4.860948882995375e-12
YHR175W,YML057W,1.383509734727284e-14
YHR175W,YER149C,1.1730330840009628e-07
YHR175W,YMR305C,9.572108730648843e-12
YHR175W,YLR433C,0.005038955248892307
YHR175W,YJL073W,0.5005762577056885
YHR175W,YGR279C,3.523835857777158e-06
YHR175W,YKL190W,1.783093160080866e-16
YHR175W,YGL089C,1.497094006923383e-12
YHR175W,YJL019W,3.37713458975486e-07
YHR175W,YJL018W,0.02004340849816799
YHR175W,YNR032C-A,0.43433278799057007
YHR175W,YGL178W,1.066054028342478e-05
YHR175W,YKL116C,2.8538845526782097e-06
YHR175W,YDL214C,1.256346360278826e-09
YHR175W,YLR362W,1.7375880248526876e-11
YHR175W,YER068W,5.084454992448917e-12
YHR175W,YHR084W,5.09295318806835e-07
YHR175W,YDR392W,7.707114568940299e-13
YHR175W,YNL053W,3.992760321125388e-05
YHR175W,YGR040W,0.011138261295855045
YHR175W,YDL216C,2.2406759607462856e-12
YHR175W,YOL117W,0.00016449604299850762
YHR175W,YJR086W,4.7264742875086085e-07
YHR175W,YMR025W,2.8948594632538516e-08
YHR175W,YBR081C,1.5754963523031962e-12
YHR175W,YFL026W,0.009976503439247608
YHR175W,YHL007C,3.173460383365523e-09
YHR175W,YNR044W,4.690722636702116e-13
YHR175W,YNL271C,3.17032303187581e-11
YHR175W,YDR200C,1.2400484285246538e-12
YHR175W,YKL178C,0.0020872927270829678
YHR175W,YOR212W,1.6805109821077524e-12
YHR175W,YOL111C,2.3748266807926965e-13
YHR175W,YGL032C,7.128113377330436e-11
YHR175W,YHR005C,1.4889345724238e-13
YHR175W,YDR103W,0.0003109838580712676
YHR175W,YJR084W,3.9592756850836963e-10
YHR175W,YCL032W,2.083262984342582e-07
YHR175W,YJL170C,0.052442844957113266
YHR175W,YDR179C,1.7154652596218511e-06
YHR175W,YBR095C,8.992778077754338e-09
YHR175W,YLL021W,3.559959826926473e-10
YHR175W,YDL159W,3.1411571648047937e-17
YHR175W,YNL161W,2.160494432246196e-07
YHR175W,YNL188W,1.027844209744444e-08
YHR175W,YJL157C,6.188566369427773e-13
YHR175W,YJL034W,1.6201741059873598e-09
YHR175W,YLR238W,6.484492109937179e-11
YHR175W,YPR141C,3.544855189829832e-06
YHR175W,YNL127W,7.173055109888082e-07
YHR175W,YCL055W,5.13391862355661e-09
YHR175W,YPR122W,6.571025892299076e-07
YHR175W,YMR065W,7.484312618544209e-07
YHR175W,YDR356W,1.5436590956596774e-06
YHR175W,YMR052W,1.6558715287828818e-08
YHR175W,YFR008W,7.323012596316403e-08
YHR175W,YLL043W,5.746714393239927e-08
YHR175W,YMR029C,1.4912047223663953e-14
YHR175W,YJR004C,1.069368968376061e-10
YHR175W,YDL223C,2.613206688800024e-13
YHR175W,YHR158C,3.3840070502721975e-12
YHR175W,YGR238C,2.512170125515325e-14
YHR175W,YIL015W,0.8615938425064087
YHR175W,YGL173C,0.05215196684002876
YHR175W,YDL225W,4.999852528525528e-13
YHR175W,YLR330W,7.857974537728296e-08
YHR175W,YBR129C,8.878030826053873e-07
YHR175W,YKR095W-A,0.2020167112350464
YHR175W,YPR075C,3.686458256713099e-12
YHR175W,YMR198W,8.011675589614242e-08
YHR175W,YOR127W,0.00034021164174191654
YHR175W,YDR264C,9.806961862870393e-15
YHR175W,YLR110C,6.784918534219668e-17
YHR175W,YDR379W,5.529461191144946e-07
YHR175W,YDL100C,1.1867964944123344e-10
YHR175W,YHR073W,5.508780653862289e-10
YHR175W,YJR090C,6.123082591088722e-14
YHR175W,YOR208W,4.681045481791379e-12
YHR175W,YBR040W,1.8580432197268237e-06
YHR175W,YNL279W,1.1837582860607654e-05
YHR175W,YER075C,3.165892792367231e-08
YHR175W,YCR089W,0.0005075192311778665
YHR175W,YCR002C,1.6403620861638046e-07
YHR175W,YJL108C,1.0458944474378562e-11
YHR175W,YBR200W,7.923911482521362e-08
YHR175W,YIL026C,0.0005444902926683426
YHR175W,YJR076C,1.0075583922741771e-08
YHR175W,YKR031C,2.4034257876337506e-05
YHR175W,YPL192C,7.129017428469941e-13
YHR175W,YHR107C,0.026054223999381065
YHR175W,YIL037C,1.3285628597259347e-07
YHR175W,YPL156C,3.022330107536886e-14
YHR175W,YIL117C,1.1691051552282497e-15
YHR175W,YHR066W,1.2158266615713842e-09
YHR175W,YML085C,1.3260661901881576e-08
YHR175W,YML047C,1.648759098316077e-05
YHR175W,YDR312W,2.721673295925513e-16
YHR175W,YFL037W,1.4916416546384426e-08
YHR175W,YDL038C,0.2020167112350464
YHR175W,YDL039C,2.342685767597885e-10
YHR175W,YCL027W,2.2979405912337825e-05
YHR175W,YML124C,3.235518135965426e-14
YHR175W,YGL053W,3.2873876953942727e-09
YHR175W,YMR232W,4.7400654068496806e-08
YHR175W,YNL298W,1.208506120967557e-14
YHR175W,YGL099W,2.7492938481366025e-13
YHR175W,YBL016W,3.978939573656692e-12
YHR175W,YAL041W,0.003114918014034629
YHR175W,YDR085C,2.290890366296594e-09
YHR175W,YPL187W,0.000698696996551007
YHR175W,YPL256C,4.6211662265704945e-05
YHR175W,YDR461W,6.475555446814338e-15
YHR175W,YNL145W,3.2914262981798004e-10
YEL021W,YDL165W,2.909604557288503e-09
YEL021W,YGR059W,2.9047163979667445e-11
YEL021W,YBR109C,7.329943230161007e-08
YEL021W,YJL080C,1.44476109653624e-06
YEL021W,YCR093W,3.874353726729396e-09
YEL021W,YIL122W,9.557140634441907e-10
YEL021W,YCL029C,1.8017777847489924e-07
YEL021W,YNL173C,0.00040616924525238574
YEL021W,YLR452C,0.029942728579044342
YEL021W,YDL160C,8.516726097695937e-07
YEL021W,YLR229C,5.1526816667590847e-14
YEL021W,YML057W,3.3492847251181956e-07
YEL021W,YER149C,5.782338575954782e-06
YEL021W,YMR305C,8.247901667202129e-11
YEL021W,YLR433C,0.006162622477859259
YEL021W,YJL073W,0.00012716653873212636
YEL021W,YGR279C,1.9981480012254416e-11
YEL021W,YKL190W,3.2360810564568965e-07
YEL021W,YGL089C,1.923304397688508e-12
YEL021W,YJL019W,0.0008938070386648178
YEL021W,YJL018W,0.012391520664095879
YEL021W,YNR032C-A,1.7411277440260164e-05
YEL021W,YGL178W,4.105869019343372e-13
YEL021W,YKL116C,2.791592640643409e-13
YEL021W,YDL214C,1.0335806109651458e-05
YEL021W,YLR362W,6.028693305204849e-14
YEL021W,YER068W,1.4094167966050009e-07
YEL021W,YHR084W,6.038376795913791e-06
YEL021W,YDR392W,2.2073065338190645e-05
YEL021W,YNL053W,2.167115908946471e-08
YEL021W,YGR040W,0.00042598345316946507
YEL021W,YDL216C,2.3692831746302545e-05
YEL021W,YOL117W,4.3633876884996425e-06
YEL021W,YJR086W,1.7314296663073492e-09
YEL021W,YMR025W,4.143351980956389e-11
YEL021W,YBR081C,0.202296182513237
YEL021W,YFL026W,1.7052089162916673e-07
YEL021W,YHL007C,5.711887496318013e-08
YEL021W,YNR044W,5.018590854888316e-06
YEL021W,YNL271C,9.428745978423692e-11
YEL021W,YDR200C,0.6209421753883362
YEL021W,YKL178C,6.321187462354771e-10
YEL021W,YOR212W,8.470595957987825e-07
YEL021W,YOL111C,5.553751936690585e-15
YEL021W,YGL032C,0.017311392351984978
YEL021W,YHR005C,0.0013749956851825118
YEL021W,YDR103W,0.00028125508106313646
YEL021W,YJR084W,6.492564352811314e-07
YEL021W,YCL032W,6.042581844667438e-06
YEL021W,YJL170C,0.0003490420349407941
YEL021W,YDR179C,3.8994059536889836e-08
YEL021W,YBR095C,3.14862045343034e-05
YEL021W,YLL021W,6.922584816493327e-07
YEL021W,YDL159W,2.309184661876022e-16
YEL021W,YNL161W,1.5783207629738172e-08
YEL021W,YNL188W,5.32569766065194e-09
YEL021W,YJL157C,0.003426671726629138
YEL021W,YJL034W,8.634453152467358e-10
YEL021W,YLR238W,6.045567715773359e-06
YEL021W,YPR141C,6.088059478770447e-08
YEL021W,YNL127W,2.1157941318961093e-06
YEL021W,YCL055W,2.3604302956670153e-09
YEL021W,YPR122W,2.9253273414742154e-11
YEL021W,YMR065W,0.0007213905337266624
YEL021W,YDR356W,0.043321575969457626
YEL021W,YMR052W,7.135623491194565e-06
YEL021W,YFR008W,6.147583189886063e-05
YEL021W,YLL043W,8.944736691773869e-06
YEL021W,YMR029C,2.062428620774881e-06
YEL021W,YJR004C,3.091731870519254e-10
YEL021W,YDL223C,6.486280401674094e-09
YEL021W,YHR158C,9.493285269002172e-09
YEL021W,YGR238C,1.6957601772435438e-12
YEL021W,YIL015W,6.57741065879236e-06
YEL021W,YGL173C,9.876524945107157e-12
YEL021W,YDL225W,1.688382589293269e-08
YEL021W,YLR330W,1.6301187955036767e-08
YEL021W,YBR129C,3.2521682569175425e-10
YEL021W,YKR095W-A,0.2020167112350464
YEL021W,YPR075C,9.966870857169852e-05
YEL021W,YMR198W,2.4859954805833695e-07
YEL021W,YOR127W,1.883062390913015e-13
YEL021W,YDR264C,1.7019287668063043e-07
YEL021W,YLR110C,4.323725079302676e-06
YEL021W,YDR379W,5.560037607210688e-05
YEL021W,YDL100C,6.910527616810214e-08
YEL021W,YHR073W,4.170824396965145e-08
YEL021W,YJR090C,1.0005340300267562e-05
YEL021W,YOR208W,0.0002686938678380102
YEL021W,YBR040W,1.6510720968199166e-07
YEL021W,YNL279W,5.491021397574514e-07
YEL021W,YER075C,1.766818655823954e-07
YEL021W,YCR089W,3.112387014780893e-10
YEL021W,YCR002C,5.040208179707406e-06
YEL021W,YJL108C,0.00018117832951247692
YEL021W,YBR200W,1.8399955766922743e-13
YEL021W,YIL026C,1.2041036825394258e-05
YEL021W,YJR076C,0.0003723085392266512
YEL021W,YKR031C,3.909704116011881e-09
YEL021W,YPL192C,5.081335621071048e-05
YEL021W,YHR107C,5.8076164322073964e-08
YEL021W,YIL037C,0.0007512122392654419
YEL021W,YPL156C,9.218207308592241e-10
YEL021W,YIL117C,2.385136394877918e-05
YEL021W,YHR066W,8.201291024079183e-08
YEL021W,YML085C,1.9886876998498337e-06
YEL021W,YML047C,0.006433967966586351
YEL021W,YDR312W,2.616967321955599e-06
YEL021W,YFL037W,1.8263630408910103e-05
YEL021W,YDL038C,0.2020167112350464
YEL021W,YDL039C,6.05155094035581e-07
YEL021W,YCL027W,1.6608348687441321e-06
YEL021W,YML124C,7.364101550777491e-10
YEL021W,YGL053W,0.01889164187014103
YEL021W,YMR232W,0.00010380856838310137
YEL021W,YNL298W,1.9584392418892094e-07
YEL021W,YGL099W,1.749029365782917e-06
YEL021W,YBL016W,7.661498671041045e-07
YEL021W,YAL041W,8.687588604061602e-08
YEL021W,YDR085C,1.9743408756767167e-06
YEL021W,YPL187W,1.7524271811453218e-07
YEL021W,YPL256C,3.322851993559084e-10
YEL021W,YDR461W,5.391189272785368e-09
YEL021W,YNL145W,0.0006201066426001489
YKR093W,YDL165W,5.089884780318243e-07
YKR093W,YGR059W,1.1327094817659145e-08
YKR093W,YBR109C,0.00014000925875734538
YKR093W,YJL080C,1.4399549399968237e-05
YKR093W,YCR093W,1.941067921507056e-06
YKR093W,YIL122W,1.100370987903998e-12
YKR093W,YCL029C,2.629459705527637e-10
YKR093W,YNL173C,2.0167096437262444e-08
YKR093W,YLR452C,2.8139648808927085e-17
YKR093W,YDL160C,0.00015050928050186485
YKR093W,YLR229C,2.5402753563315804e-14
YKR093W,YML057W,6.169417841178637e-12
YKR093W,YER149C,4.924626773572527e-05
YKR093W,YMR305C,4.091562542337601e-17
YKR093W,YLR433C,1.1922032573176743e-17
YKR093W,YJL073W,3.3564640650185495e-11
YKR093W,YGR279C,9.97048554829405e-11
YKR093W,YKL190W,2.4763501471625204e-08
YKR093W,YGL089C,9.80921233129095e-10
YKR093W,YJL019W,4.67738868470402e-11
YKR093W,YJL018W,0.05008161440491676
YKR093W,YNR032C-A,1.4361183353628348e-08
YKR093W,YGL178W,9.409909296209662e-09
YKR093W,YKL116C,2.482467778008868e-07
YKR093W,YDL214C,0.00024129767552949488
YKR093W,YLR362W,1.8976902538270224e-07
YKR093W,YER068W,0.0004842492926400155
YKR093W,YHR084W,1.0680647059152074e-17
YKR093W,YDR392W,3.54409657177257e-08
YKR093W,YNL053W,2.4384902644669637e-05
YKR093W,YGR040W,3.7416527902678354e-06
YKR093W,YDL216C,0.9943954944610596
YKR093W,YOL117W,2.928519471367963e-08
YKR093W,YJR086W,5.4914257816562895e-06
YKR093W,YMR025W,0.00039212702540680766
YKR093W,YBR081C,1.8691650893742917e-08
YKR093W,YFL026W,7.145802504403276e-13
YKR093W,YHL007C,7.555574221829175e-11
YKR093W,YNR044W,1.8500091414352937e-07
YKR093W,YNL271C,9.800652378544328e-07
YKR093W,YDR200C,0.025830084457993507
YKR093W,YKL178C,1.2903749393444741e-06
YKR093W,YOR212W,2.393306635772169e-13
YKR093W,YOL111C,2.447297193456516e-13
YKR093W,YGL032C,2.412652868287457e-13
YKR093W,YHR005C,3.777691701123409e-11
YKR093W,YDR103W,1.1875074534817287e-10
YKR093W,YJR084W,7.035616818029666e-06
YKR093W,YCL032W,0.00014797004405409098
YKR093W,YJL170C,1.204478508043394e-07
YKR093W,YDR179C,7.220738223444232e-19
YKR093W,YBR095C,3.659867131577954e-10
YKR093W,YLL021W,1.178479189234416e-11
YKR093W,YDL159W,0.0011728693498298526
YKR093W,YNL161W,1.6110649880829442e-07
YKR093W,YNL188W,7.598955445362575e-16
YKR093W,YJL157C,1.5712160077824302e-17
YKR093W,YJL034W,1.9745348411870367e-10
YKR093W,YLR238W,2.579509228439747e-08
YKR093W,YPR141C,1.0623237315862677e-12
YKR093W,YNL127W,1.0136272976524197e-06
YKR093W,YCL055W,6.160839254119171e-14
YKR093W,YPR122W,7.104523219725323e-11
YKR093W,YMR065W,2.93905477732892e-09
YKR093W,YDR356W,1.7499016125022138e-10
YKR093W,YMR052W,2.6384736884210724e-06
YKR093W,YFR008W,6.060125542717287e-06
YKR093W,YLL043W,1.880937219311818e-07
YKR093W,YMR029C,0.0005622772732749581
YKR093W,YJR004C,2.1444976003315297e-11
YKR093W,YDL223C,1.0747691900684069e-14
YKR093W,YHR158C,7.988803947523142e-15
YKR093W,YGR238C,0.001722528599202633
YKR093W,YIL015W,3.433498624305642e-11
YKR093W,YGL173C,1.9039283870370127e-05
YKR093W,YDL225W,2.1648732229095913e-07
YKR093W,YLR330W,2.6429856006870978e-05
YKR093W,YBR129C,3.7192685908848944e-07
YKR093W,YKR095W-A,0.2020167112350464
YKR093W,YPR075C,3.057977338016826e-08
YKR093W,YMR198W,4.099724168005539e-14
YKR093W,YOR127W,1.0771345593241222e-08
YKR093W,YDR264C,0.0017578010447323322
YKR093W,YLR110C,3.104832810665349e-14
YKR093W,YDR379W,2.3827318784697127e-08
YKR093W,YDL100C,2.3129277906326253e-19
YKR093W,YHR073W,0.00037313750362955034
YKR093W,YJR090C,1.6639341863351315e-17
YKR093W,YOR208W,4.369329417386325e-06
YKR093W,YBR040W,6.1386624672366e-09
YKR093W,YNL279W,0.00613241083920002
YKR093W,YER075C,4.590862737706425e-13
YKR093W,YCR089W,9.285806845671374e-11
YKR093W,YCR002C,4.737796526627092e-12
YKR093W,YJL108C,0.0005526585155166686
YKR093W,YBR200W,4.715695354207128e-07
YKR093W,YIL026C,8.692611118021887e-06
YKR093W,YJR076C,1.571355134899477e-08
YKR093W,YKR031C,0.004060802515596151
YKR093W,YPL192C,4.666018960097773e-11
YKR093W,YHR107C,1.3537003462626984e-10
YKR093W,YIL037C,7.7221948231454e-06
YKR093W,YPL156C,4.968218111217615e-12
YKR093W,YIL117C,8.564029485569336e-09
YKR093W,YHR066W,1.9428931318744887e-20
YKR093W,YML085C,2.8867383662145585e-05
YKR093W,YML047C,0.00043504766654223204
YKR093W,YDR312W,2.4650911343344244e-16
YKR093W,YFL037W,1.6309668637859431e-07
YKR093W,YDL038C,0.2020167112350464
YKR093W,YDL039C,9.318363019194362e-30
YKR093W,YCL027W,0.0004924301174469292
YKR093W,YML124C,4.635781541820734e-17
YKR093W,YGL053W,3.367252698893708e-09
YKR093W,YMR232W,1.1969999036409718e-07
YKR093W,YNL298W,4.264725017577575e-09
YKR093W,YGL099W,2.85953260647703e-17
YKR093W,YBL016W,2.2032340396549444e-08
YKR093W,YAL041W,2.05583052803604e-08
YKR093W,YDR085C,1.2318331034030794e-12
YKR093W,YPL187W,3.461107553448528e-05
YKR093W,YPL256C,8.691598301167468e-16
YKR093W,YDR461W,3.9997844446248987e-14
YKR093W,YNL145W,1.0869815464387145e-11
YAL017W,YDL165W,6.97394568760501e-07
YAL017W,YGR059W,3.903611229816306e-07
YAL017W,YBR109C,2.048403985099867e-05
YAL017W,YJL080C,0.05157217010855675
YAL017W,YCR093W,5.3927855958590953e-08
YAL017W,YIL122W,0.5655003190040588
YAL017W,YCL029C,2.2697135193538998e-07
YAL017W,YNL173C,0.0005307120736688375
YAL017W,YLR452C,2.159761480768907e-09
YAL017W,YDL160C,5.0960746733608175e-09
YAL017W,YLR229C,1.210033739873495e-09
YAL017W,YML057W,0.0002304372756043449
YAL017W,YER149C,0.12194159626960754
YAL017W,YMR305C,4.053209590876294e-12
YAL017W,YLR433C,0.000125350066809915
YAL017W,YJL073W,2.8111812877540387e-09
YAL017W,YGR279C,0.0014111135387793183
YAL017W,YKL190W,5.764234742855479e-07
YAL017W,YGL089C,9.802531621971866e-07
YAL017W,YJL019W,6.0312268033158034e-05
YAL017W,YJL018W,0.00016723920998629183
YAL017W,YNR032C-A,0.013550041243433952
YAL017W,YGL178W,0.03848651424050331
YAL017W,YKL116C,8.266385114667849e-16
YAL017W,YDL214C,0.003683533053845167
YAL017W,YLR362W,0.002022149506956339
YAL017W,YER068W,7.924922442725801e-07
YAL017W,YHR084W,1.5254530971731128e-10
YAL017W,YDR392W,3.4295917430426925e-05
YAL017W,YNL053W,0.0012688423739746213
YAL017W,YGR040W,0.00057702959747985
YAL017W,YDL216C,0.006714257411658764
YAL017W,YOL117W,2.5114355594269e-05
YAL017W,YJR086W,0.000976563896983862
YAL017W,YMR025W,3.5102989386359695e-06
YAL017W,YBR081C,0.023502739146351814
YAL017W,YFL026W,2.9368651510708332e-08
YAL017W,YHL007C,0.17746609449386597
YAL017W,YNR044W,6.894281767699795e-08
YAL017W,YNL271C,0.0006240044021978974
YAL017W,YDR200C,0.00021869804186280817
YAL017W,YKL178C,0.0005434782360680401
YAL017W,YOR212W,4.997820042262902e-07
YAL017W,YOL111C,4.196324621119629e-09
YAL017W,YGL032C,5.058545804459413e-10
YAL017W,YHR005C,1.02272013080551e-09
YAL017W,YDR103W,0.0004129968583583832
YAL017W,YJR084W,0.008662605658173561
YAL017W,YCL032W,0.9415445923805237
YAL017W,YJL170C,0.00015819031978026032
YAL017W,YDR179C,3.4579463497045597e-19
YAL017W,YBR095C,1.2818074379694622e-09
YAL017W,YLL021W,0.0028531404677778482
YAL017W,YDL159W,2.4800804112601327e-06
YAL017W,YNL161W,0.0007619888638146222
YAL017W,YNL188W,0.18136107921600342
YAL017W,YJL157C,2.2501495024890295e-12
YAL017W,YJL034W,1.6520218895123284e-13
YAL017W,YLR238W,1.4219351569048069e-18
YAL017W,YPR141C,0.07641399651765823
YAL017W,YNL127W,1.1669304633699085e-08
YAL017W,YCL055W,3.588408181709468e-10
YAL017W,YPR122W,5.075730769021902e-07
YAL017W,YMR065W,2.3717491330899065e-06
YAL017W,YDR356W,6.69044311507605e-07
YAL017W,YMR052W,4.760338470077841e-06
YAL017W,YFR008W,0.00046717305667698383
YAL017W,YLL043W,0.3305283486843109
YAL017W,YMR029C,0.010519884526729584
YAL017W,YJR004C,6.209935463630245e-07
YAL017W,YDL223C,5.637440153805073e-06
YAL017W,YHR158C,6.277768989093602e-05
YAL017W,YGR238C,7.017395109443214e-09
YAL017W,YIL015W,0.0024758195504546165
YAL017W,YGL173C,3.11064525249094e-08
YAL017W,YDL225W,1.4922889931767713e-05
YAL017W,YLR330W,0.0011471835896372795
YAL017W,YBR129C,0.0009739825618453324
YAL017W,YKR095W-A,0.2020167112350464
YAL017W,YPR075C,5.488974252898515e-08
YAL017W,YMR198W,2.159945552193676e-06
YAL017W,YOR127W,6.429162340282346e-07
YAL017W,YDR264C,0.025012698024511337
YAL017W,YLR110C,1.4094268287190292e-12
YAL017W,YDR379W,1.6269899560938939e-06
YAL017W,YDL100C,1.0812213986355346e-06
YAL017W,YHR073W,0.00012291321763768792
YAL017W,YJR090C,5.772294116468402e-06
YAL017W,YOR208W,5.701362226773199e-08
YAL017W,YBR040W,0.00047575589269399643
YAL017W,YNL279W,0.12680239975452423
YAL017W,YER075C,0.9566940069198608
YAL017W,YCR089W,0.003745382884517312
YAL017W,YCR002C,3.9331593143288046e-05
YAL017W,YJL108C,4.6534317732493946e-08
YAL017W,YBR200W,0.005692108068615198
YAL017W,YIL026C,0.0005074938526377082
YAL017W,YJR076C,0.0005650160601362586
YAL017W,YKR031C,3.670795889476608e-09
YAL017W,YPL192C,1.4564709438502632e-08
YAL017W,YHR107C,5.024582416801593e-10
YAL017W,YIL037C,1.5442598311210531e-09
YAL017W,YPL156C,0.0025176769122481346
YAL017W,YIL117C,1.0415647921035998e-05
YAL017W,YHR066W,3.2187779108738823e-09
YAL017W,YML085C,1.1488673123949411e-08
YAL017W,YML047C,0.0004578328225761652
YAL017W,YDR312W,0.04893512651324272
YAL017W,YFL037W,2.751297856207202e-09
YAL017W,YDL038C,0.2020167112350464
YAL017W,YDL039C,1.0905694750040773e-12
YAL017W,YCL027W,2.035877161299382e-10
YAL017W,YML124C,1.1623847967712209e-05
YAL017W,YGL053W,4.6791359409326105e-07
YAL017W,YMR232W,0.0254224706441164
YAL017W,YNL298W,0.0008722532074898481
YAL017W,YGL099W,1.9516408428899013e-05
YAL017W,YBL016W,2.871348954158748e-07
YAL017W,YAL041W,0.17209941148757935
YAL017W,YDR085C,0.0009456519037485123
YAL017W,YPL187W,9.644586462798088e-09
YAL017W,YPL256C,1.5681966033298522e-05
YAL017W,YDR461W,1.6807515379468896e-08
YAL017W,YNL145W,1.207433153460613e-09
tV(AAC)E2,YDL165W,0.2020167112350464
tV(AAC)E2,YGR059W,0.2020167112350464
tV(AAC)E2,YBR109C,0.2020167112350464
tV(AAC)E2,YJL080C,0.2020167112350464
tV(AAC)E2,YCR093W,0.2020167112350464
tV(AAC)E2,YIL122W,0.2020167112350464
tV(AAC)E2,YCL029C,0.2020167112350464
tV(AAC)E2,YNL173C,0.2020167112350464
tV(AAC)E2,YLR452C,0.2020167112350464
tV(AAC)E2,YDL160C,0.2020167112350464
tV(AAC)E2,YLR229C,0.2020167112350464
tV(AAC)E2,YML057W,0.2020167112350464
tV(AAC)E2,YER149C,0.2020167112350464
tV(AAC)E2,YMR305C,0.2020167112350464
tV(AAC)E2,YLR433C,0.2020167112350464
tV(AAC)E2,YJL073W,0.2020167112350464
tV(AAC)E2,YGR279C,0.2020167112350464
tV(AAC)E2,YKL190W,0.2020167112350464
tV(AAC)E2,YGL089C,0.2020167112350464
tV(AAC)E2,YJL019W,0.2020167112350464
tV(AAC)E2,YJL018W,0.2020167112350464
tV(AAC)E2,YNR032C-A,0.2020167112350464
tV(AAC)E2,YGL178W,0.2020167112350464
tV(AAC)E2,YKL116C,0.2020167112350464
tV(AAC)E2,YDL214C,0.2020167112350464
tV(AAC)E2,YLR362W,0.2020167112350464
tV(AAC)E2,YER068W,0.2020167112350464
tV(AAC)E2,YHR084W,0.2020167112350464
tV(AAC)E2,YDR392W,0.2020167112350464
tV(AAC)E2,YNL053W,0.2020167112350464
tV(AAC)E2,YGR040W,0.2020167112350464
tV(AAC)E2,YDL216C,0.2020167112350464
tV(AAC)E2,YOL117W,0.2020167112350464
tV(AAC)E2,YJR086W,0.2020167112350464
tV(AAC)E2,YMR025W,0.2020167112350464
tV(AAC)E2,YBR081C,0.2020167112350464
tV(AAC)E2,YFL026W,0.2020167112350464
tV(AAC)E2,YHL007C,0.2020167112350464
tV(AAC)E2,YNR044W,0.2020167112350464
tV(AAC)E2,YNL271C,0.2020167112350464
tV(AAC)E2,YDR200C,0.2020167112350464
tV(AAC)E2,YKL178C,0.2020167112350464
tV(AAC)E2,YOR212W,0.2020167112350464
tV(AAC)E2,YOL111C,0.2020167112350464
tV(AAC)E2,YGL032C,0.2020167112350464
tV(AAC)E2,YHR005C,0.2020167112350464
tV(AAC)E2,YDR103W,0.2020167112350464
tV(AAC)E2,YJR084W,0.2020167112350464
tV(AAC)E2,YCL032W,0.2020167112350464
tV(AAC)E2,YJL170C,0.2020167112350464
tV(AAC)E2,YDR179C,0.2020167112350464
tV(AAC)E2,YBR095C,0.2020167112350464
tV(AAC)E2,YLL021W,0.2020167112350464
tV(AAC)E2,YDL159W,0.2020167112350464
tV(AAC)E2,YNL161W,0.2020167112350464
tV(AAC)E2,YNL188W,0.2020167112350464
tV(AAC)E2,YJL157C,0.2020167112350464
tV(AAC)E2,YJL034W,0.2020167112350464
tV(AAC)E2,YLR238W,0.2020167112350464
tV(AAC)E2,YPR141C,0.2020167112350464
tV(AAC)E2,YNL127W,0.2020167112350464
tV(AAC)E2,YCL055W,0.2020167112350464
tV(AAC)E2,YPR122W,0.2020167112350464
tV(AAC)E2,YMR065W,0.2020167112350464
tV(AAC)E2,YDR356W,0.2020167112350464
tV(AAC)E2,YMR052W,0.2020167112350464
tV(AAC)E2,YFR008W,0.2020167112350464
tV(AAC)E2,YLL043W,0.2020167112350464
tV(AAC)E2,YMR029C,0.2020167112350464
tV(AAC)E2,YJR004C,0.2020167112350464
tV(AAC)E2,YDL223C,0.2020167112350464
tV(AAC)E2,YHR158C,0.2020167112350464
tV(AAC)E2,YGR238C,0.2020167112350464
tV(AAC)E2,YIL015W,0.2020167112350464
tV(AAC)E2,YGL173C,0.2020167112350464
tV(AAC)E2,YDL225W,0.2020167112350464
tV(AAC)E2,YLR330W,0.2020167112350464
tV(AAC)E2,YBR129C,0.2020167112350464
tV(AAC)E2,YKR095W-A,0.2020167112350464
tV(AAC)E2,YPR075C,0.2020167112350464
tV(AAC)E2,YMR198W,0.2020167112350464
tV(AAC)E2,YOR127W,0.2020167112350464
tV(AAC)E2,YDR264C,0.2020167112350464
tV(AAC)E2,YLR110C,0.2020167112350464
tV(AAC)E2,YDR379W,0.2020167112350464
tV(AAC)E2,YDL100C,0.2020167112350464
tV(AAC)E2,YHR073W,0.2020167112350464
tV(AAC)E2,YJR090C,0.2020167112350464
tV(AAC)E2,YOR208W,0.2020167112350464
tV(AAC)E2,YBR040W,0.2020167112350464
tV(AAC)E2,YNL279W,0.2020167112350464
tV(AAC)E2,YER075C,0.2020167112350464
tV(AAC)E2,YCR089W,0.2020167112350464
tV(AAC)E2,YCR002C,0.2020167112350464
tV(AAC)E2,YJL108C,0.2020167112350464
tV(AAC)E2,YBR200W,0.2020167112350464
tV(AAC)E2,YIL026C,0.2020167112350464
tV(AAC)E2,YJR076C,0.2020167112350464
tV(AAC)E2,YKR031C,0.2020167112350464
tV(AAC)E2,YPL192C,0.2020167112350464
tV(AAC)E2,YHR107C,0.2020167112350464
tV(AAC)E2,YIL037C,0.2020167112350464
tV(AAC)E2,YPL156C,0.2020167112350464
tV(AAC)E2,YIL117C,0.2020167112350464
tV(AAC)E2,YHR066W,0.2020167112350464
tV(AAC)E2,YML085C,0.2020167112350464
tV(AAC)E2,YML047C,0.2020167112350464
tV(AAC)E2,YDR312W,0.2020167112350464
tV(AAC)E2,YFL037W,0.2020167112350464
tV(AAC)E2,YDL038C,0.2020167112350464
tV(AAC)E2,YDL039C,0.2020167112350464
tV(AAC)E2,YCL027W,0.2020167112350464
tV(AAC)E2,YML124C,0.2020167112350464
tV(AAC)E2,YGL053W,0.2020167112350464
tV(AAC)E2,YMR232W,0.2020167112350464
tV(AAC)E2,YNL298W,0.2020167112350464
tV(AAC)E2,YGL099W,0.2020167112350464
tV(AAC)E2,YBL016W,0.2020167112350464
tV(AAC)E2,YAL041W,0.2020167112350464
tV(AAC)E2,YDR085C,0.2020167112350464
tV(AAC)E2,YPL187W,0.2020167112350464
tV(AAC)E2,YPL256C,0.2020167112350464
tV(AAC)E2,YDR461W,0.2020167112350464
tV(AAC)E2,YNL145W,0.2020167112350464
YLR150W,YDL165W,5.4520370440513943e-08
YLR150W,YGR059W,1.4511968515762419e-08
YLR150W,YBR109C,9.37797813094221e-05
YLR150W,YJL080C,0.0529802180826664
YLR150W,YCR093W,9.837106335908175e-05
YLR150W,YIL122W,2.2863794583827257e-05
YLR150W,YCL029C,1.8431067625888573e-14
YLR150W,YNL173C,0.7491375803947449
YLR150W,YLR452C,4.358618743705023e-10
YLR150W,YDL160C,0.2572214901447296
YLR150W,YLR229C,0.3450779616832733
YLR150W,YML057W,2.5128731067525223e-05
YLR150W,YER149C,2.198130739927695e-11
YLR150W,YMR305C,7.917792288480996e-08
YLR150W,YLR433C,3.2817051485133086e-13
YLR150W,YJL073W,8.289166686381577e-09
YLR150W,YGR279C,5.746501301473472e-06
YLR150W,YKL190W,1.2508237112740517e-08
YLR150W,YGL089C,1.7537930034450255e-05
YLR150W,YJL019W,2.7405114635947747e-11
YLR150W,YJL018W,0.09891166538000107
YLR150W,YNR032C-A,4.359275408205576e-05
YLR150W,YGL178W,1.8831491916730762e-16
YLR150W,YKL116C,1.5537813142238802e-14
YLR150W,YDL214C,0.9623643755912781
YLR150W,YLR362W,3.3654240418762305e-12
YLR150W,YER068W,1.674718697053379e-09
YLR150W,YHR084W,1.481950895332318e-09
YLR150W,YDR392W,3.0909606471563045e-13
YLR150W,YNL053W,1.2759616652147088e-07
YLR150W,YGR040W,0.0012663460802286863
YLR150W,YDL216C,1.9698084088304313e-06
YLR150W,YOL117W,3.9148585528892e-06
YLR150W,YJR086W,3.1226497867464786e-06
YLR150W,YMR025W,0.002854517661035061
YLR150W,YBR081C,0.19106191396713257
YLR150W,YFL026W,0.0043539321050047874
YLR150W,YHL007C,1.563106172275397e-10
YLR150W,YNR044W,0.002485004486516118
YLR150W,YNL271C,2.607445821922738e-05
YLR150W,YDR200C,3.710847067850409e-06
YLR150W,YKL178C,0.9664966464042664
YLR150W,YOR212W,7.599417983783496e-09
YLR150W,YOL111C,2.3432585294358432e-07
YLR150W,YGL032C,3.821876089205034e-05
YLR150W,YHR005C,1.591481122886762e-05
YLR150W,YDR103W,0.12721826136112213
YLR150W,YJR084W,1.0379052284292811e-08
YLR150W,YCL032W,1.9413978691318334e-07
YLR150W,YJL170C,2.1294512819736156e-09
YLR150W,YDR179C,5.178463401497727e-15
YLR150W,YBR095C,3.101101597735578e-08
YLR150W,YLL021W,5.5018453792854416e-08
YLR150W,YDL159W,1.6016596686083129e-12
YLR150W,YNL161W,1.8162137394028832e-06
YLR150W,YNL188W,7.433482096530497e-08
YLR150W,YJL157C,1.495165058429393e-08
YLR150W,YJL034W,8.366686326729523e-19
YLR150W,YLR238W,0.015953633934259415
YLR150W,YPR141C,5.867212640210673e-13
YLR150W,YNL127W,0.033054713159799576
YLR150W,YCL055W,8.334988081670769e-12
YLR150W,YPR122W,4.997155134134346e-09
YLR150W,YMR065W,0.04811687022447586
YLR150W,YDR356W,8.331231219926849e-05
YLR150W,YMR052W,0.0035149487666785717
YLR150W,YFR008W,1.560037330165711e-15
YLR150W,YLL043W,0.0001792199327610433
YLR150W,YMR029C,4.6043217594160524e-07
YLR150W,YJR004C,0.0027171566616743803
YLR150W,YDL223C,1.731027135399083e-20
YLR150W,YHR158C,4.531827642040298e-07
YLR150W,YGR238C,2.3260866431791538e-14
YLR150W,YIL015W,0.25297969579696655
YLR150W,YGL173C,0.011399741284549236
YLR150W,YDL225W,0.0004728733911179006
YLR150W,YLR330W,1.4805295661321494e-13
YLR150W,YBR129C,1.1078523129981477e-06
YLR150W,YKR095W-A,0.2020167112350464
YLR150W,YPR075C,1.490391698943938e-10
YLR150W,YMR198W,8.621503184258472e-06
YLR150W,YOR127W,2.8577335810242577e-13
YLR150W,YDR264C,5.064005204752364e-12
YLR150W,YLR110C,2.1713407964409027e-15
YLR150W,YDR379W,0.45220747590065
YLR150W,YDL100C,5.242120515447368e-09
YLR150W,YHR073W,8.836264497880109e-10
YLR150W,YJR090C,5.163572495803237e-06
YLR150W,YOR208W,0.02705337107181549
YLR150W,YBR040W,2.2463402160610713e-07
YLR150W,YNL279W,9.54467546665505e-11
YLR150W,YER075C,3.050001115383061e-13
YLR150W,YCR089W,0.0006399289704859257
YLR150W,YCR002C,1.0797262639528071e-08
YLR150W,YJL108C,1.4313869542093016e-05
YLR150W,YBR200W,3.009255900021657e-10
YLR150W,YIL026C,1.8730343664952187e-11
YLR150W,YJR076C,0.38536781072616577
YLR150W,YKR031C,2.344203231530173e-08
YLR150W,YPL192C,0.02832695282995701
YLR150W,YHR107C,0.029307115823030472
YLR150W,YIL037C,4.3766296142777605e-10
YLR150W,YPL156C,7.535906577579854e-13
YLR150W,YIL117C,2.5878927772282623e-05
YLR150W,YHR066W,9.628930456528906e-06
YLR150W,YML085C,0.29085588455200195
YLR150W,YML047C,3.397598591359241e-10
YLR150W,YDR312W,1.76874891621992e-07
YLR150W,YFL037W,0.05107260122895241
YLR150W,YDL038C,0.2020167112350464
YLR150W,YDL039C,1.0114381332471112e-08
YLR150W,YCL027W,2.4037381556846313e-16
YLR150W,YML124C,4.219432625518493e-08
YLR150W,YGL053W,1.1496404939137506e-09
YLR150W,YMR232W,0.008972479030489922
YLR150W,YNL298W,6.381451839843066e-06
YLR150W,YGL099W,1.4157528312352952e-05
YLR150W,YBL016W,0.0023667151108384132
YLR150W,YAL041W,8.032744608366116e-12
YLR150W,YDR085C,0.00102058588527143
YLR150W,YPL187W,0.000148562976391986
YLR150W,YPL256C,8.048790800518901e-11
YLR150W,YDR461W,2.12642098631477e-05
YLR150W,YNL145W,1.6867440603973716e-12
YIR006C,YDL165W,1.8555485326032795e-07
YIR006C,YGR059W,2.0161986924449593e-07
YIR006C,YBR109C,1.5465192291230778e-06
YIR006C,YJL080C,1.0491827850955815e-08
YIR006C,YCR093W,0.012655955739319324
YIR006C,YIL122W,0.0005963523872196674
YIR006C,YCL029C,3.017909477875946e-08
YIR006C,YNL173C,1.7478223526268266e-05
YIR006C,YLR452C,1.842808887886349e-05
YIR006C,YDL160C,0.9999691247940063
YIR006C,YLR229C,4.727574207663565e-07
YIR006C,YML057W,4.2055173565813675e-08
YIR006C,YER149C,0.011781778186559677
YIR006C,YMR305C,5.111802693136269e-06
YIR006C,YLR433C,1.0645047154866916e-07
YIR006C,YJL073W,2.4262451975217173e-15
YIR006C,YGR279C,0.24193792045116425
YIR006C,YKL190W,6.246459815884009e-05
YIR006C,YGL089C,0.9983878135681152
YIR006C,YJL019W,2.491027225914877e-05
YIR006C,YJL018W,0.2020167112350464
YIR006C,YNR032C-A,0.05503877252340317
YIR006C,YGL178W,0.10733690112829208
YIR006C,YKL116C,8.75285331858322e-05
YIR006C,YDL214C,0.0016974968602880836
YIR006C,YLR362W,0.00015379935211967677
YIR006C,YER068W,9.72755515249446e-07
YIR006C,YHR084W,0.014954010024666786
YIR006C,YDR392W,4.7674135472686174e-11
YIR006C,YNL053W,1.9690446606546175e-07
YIR006C,YGR040W,4.6479638626806263e-07
YIR006C,YDL216C,8.3730454207398e-05
YIR006C,YOL117W,0.002456081099808216
YIR006C,YJR086W,1.2984469321963843e-06
YIR006C,YMR025W,1.244579743797658e-05
YIR006C,YBR081C,8.388485730392858e-05
YIR006C,YFL026W,0.00010858468885999173
YIR006C,YHL007C,5.8719173523513746e-08
YIR006C,YNR044W,3.872933575621573e-06
YIR006C,YNL271C,0.0021914993412792683
YIR006C,YDR200C,1.4446796189893085e-11
YIR006C,YKL178C,0.2808361351490021
YIR006C,YOR212W,5.8435838633241755e-12
YIR006C,YOL111C,1.0455684096299933e-09
YIR006C,YGL032C,3.292666761467444e-08
YIR006C,YHR005C,5.307745909455264e-10
YIR006C,YDR103W,6.391689566953573e-06
YIR006C,YJR084W,1.6875944197636272e-07
YIR006C,YCL032W,1.285701753395152e-11
YIR006C,YJL170C,1.9092856462510355e-10
YIR006C,YDR179C,2.140977706233116e-08
YIR006C,YBR095C,1.7663875917506289e-09
YIR006C,YLL021W,6.353224080157815e-08
YIR006C,YDL159W,8.737058010410692e-08
YIR006C,YNL161W,0.02165164053440094
YIR006C,YNL188W,6.23856521997368e-10
YIR006C,YJL157C,9.924573532771319e-06
YIR006C,YJL034W,7.411058078332644e-08
YIR006C,YLR238W,1.1166797776240855e-05
YIR006C,YPR141C,8.004166375030763e-06
YIR006C,YNL127W,1.680969674566768e-08
YIR006C,YCL055W,0.0062383729964494705
YIR006C,YPR122W,2.925107045470554e-09
YIR006C,YMR065W,0.0011217602295801044
YIR006C,YDR356W,0.0003691660240292549
YIR006C,YMR052W,3.244433344207209e-08
YIR006C,YFR008W,1.5692223995916743e-12
YIR006C,YLL043W,1.4608576748287305e-07
YIR006C,YMR029C,1.5327545005786036e-12
YIR006C,YJR004C,1.8593918071907467e-10
YIR006C,YDL223C,1.4289389916005528e-14
YIR006C,YHR158C,4.475330328546079e-09
YIR006C,YGR238C,1.8890467315402226e-11
YIR006C,YIL015W,1.3660613149113487e-05
YIR006C,YGL173C,1.2103699873478035e-06
YIR006C,YDL225W,1.3263741216462677e-09
YIR006C,YLR330W,4.5040516852168366e-05
YIR006C,YBR129C,5.0030935199174564e-06
YIR006C,YKR095W-A,0.2020167112350464
YIR006C,YPR075C,1.9590251199019804e-08
YIR006C,YMR198W,4.603337988573486e-10
YIR006C,YOR127W,5.589473221334629e-05
YIR006C,YDR264C,5.5157292081275955e-05
YIR006C,YLR110C,0.9890059232711792
YIR006C,YDR379W,0.0003118519962299615
YIR006C,YDL100C,1.6048284123826306e-06
YIR006C,YHR073W,1.7866362611584918e-07
YIR006C,YJR090C,0.00033489486668258905
YIR006C,YOR208W,1.9248614854805446e-11
YIR006C,YBR040W,6.875503004266648e-06
YIR006C,YNL279W,0.0001494752214057371
YIR006C,YER075C,3.417201410726989e-09
YIR006C,YCR089W,2.006946670007892e-05
YIR006C,YCR002C,9.08258789422689e-06
YIR006C,YJL108C,0.02431851252913475
YIR006C,YBR200W,4.9995560402749106e-05
YIR006C,YIL026C,0.3407517075538635
YIR006C,YJR076C,5.214638804318383e-05
YIR006C,YKR031C,5.034313744545216e-06
YIR006C,YPL192C,1.3394443385550403e-06
YIR006C,YHR107C,1.362426915263535e-14
YIR006C,YIL037C,9.936266920362868e-09
YIR006C,YPL156C,1.1632376299530733e-05
YIR006C,YIL117C,0.006315684411674738
YIR006C,YHR066W,5.7314674958375365e-15
YIR006C,YML085C,0.20167410373687744
YIR006C,YML047C,1.4251865650294349e-05
YIR006C,YDR312W,1.166074753200519e-06
YIR006C,YFL037W,8.329717502419953e-07
YIR006C,YDL038C,0.2020167112350464
YIR006C,YDL039C,5.400196982918715e-07
YIR006C,YCL027W,1.7410878854207112e-06
YIR006C,YML124C,7.921529686427675e-06
YIR006C,YGL053W,5.077909204231901e-10
YIR006C,YMR232W,0.002405010862275958
YIR006C,YNL298W,0.0001375042920699343
YIR006C,YGL099W,4.930566137772985e-05
YIR006C,YBL016W,3.0685903311677976e-06
YIR006C,YAL041W,0.001174767967313528
YIR006C,YDR085C,3.306196958874352e-05
YIR006C,YPL187W,0.9973244667053223
YIR006C,YPL256C,1.9225417702273262e-08
YIR006C,YDR461W,4.077244764033594e-09
YIR006C,YNL145W,1.6095485833034218e-08
YML042W,YDL165W,7.818808808224276e-05
YML042W,YGR059W,2.711523450216191e-08
YML042W,YBR109C,2.4993578335852362e-05
YML042W,YJL080C,4.647098034344949e-16
YML042W,YCR093W,0.0005972881335765123
YML042W,YIL122W,0.008591738529503345
YML042W,YCL029C,3.0752083546303766e-08
YML042W,YNL173C,0.999045193195343
YML042W,YLR452C,0.4639228284358978
YML042W,YDL160C,0.3900229334831238
YML042W,YLR229C,9.251683508182396e-08
YML042W,YML057W,8.086779246241349e-08
YML042W,YER149C,0.819060206413269
YML042W,YMR305C,2.0358428755740815e-13
YML042W,YLR433C,1.673345104791224e-05
YML042W,YJL073W,3.959752635216256e-17
YML042W,YGR279C,1.6915161040742532e-06
YML042W,YKL190W,0.004806067794561386
YML042W,YGL089C,1.2240427560428202e-09
YML042W,YJL019W,0.0013408049708232284
YML042W,YJL018W,0.00025989735149778426
YML042W,YNR032C-A,0.9972018003463745
YML042W,YGL178W,0.008774574846029282
YML042W,YKL116C,1.0525389587678902e-10
YML042W,YDL214C,0.5667263865470886
YML042W,YLR362W,0.0023225946351885796
YML042W,YER068W,1.6691771520527254e-08
YML042W,YHR084W,2.446824964863481e-10
YML042W,YDR392W,4.6558079702663235e-06
YML042W,YNL053W,0.016800684854388237
YML042W,YGR040W,0.0006492070970125496
YML042W,YDL216C,6.589822021396685e-08
YML042W,YOL117W,0.21603482961654663
YML042W,YJR086W,6.74044940751628e-06
YML042W,YMR025W,0.8029508590698242
YML042W,YBR081C,0.9888761639595032
YML042W,YFL026W,8.660762107481901e-10
YML042W,YHL007C,1.0666907357403943e-09
YML042W,YNR044W,0.5338656902313232
YML042W,YNL271C,0.3341231644153595
YML042W,YDR200C,8.015577623154968e-05
YML042W,YKL178C,3.6683698567685497e-07
YML042W,YOR212W,0.36097535490989685
YML042W,YOL111C,3.6560481930791866e-06
YML042W,YGL032C,3.7767649700981565e-06
YML042W,YHR005C,0.8404911756515503
YML042W,YDR103W,0.05189749598503113
YML042W,YJR084W,4.577564105545662e-09
YML042W,YCL032W,0.009117865934967995
YML042W,YJL170C,3.8331201324126596e-08
YML042W,YDR179C,1.424607347644269e-07
YML042W,YBR095C,0.5513514876365662
YML042W,YLL021W,3.009230198358637e-08
YML042W,YDL159W,5.364757249548546e-12
YML042W,YNL161W,0.15833623707294464
YML042W,YNL188W,4.3807052430011595e-10
YML042W,YJL157C,2.8065882747723737e-14
YML042W,YJL034W,1.308555450411572e-13
YML042W,YLR238W,0.0011232321849092841
YML042W,YPR141C,2.2334502303156256e-10
YML042W,YNL127W,0.8752260208129883
YML042W,YCL055W,0.009624548256397247
YML042W,YPR122W,0.26775842905044556
YML042W,YMR065W,0.795698881149292
YML042W,YDR356W,2.9657327104359865e-05
YML042W,YMR052W,5.289453497425711e-07
YML042W,YFR008W,3.167020140061594e-13
YML042W,YLL043W,0.00373882707208395
YML042W,YMR029C,0.002207724843174219
YML042W,YJR004C,0.00014383131929207593
YML042W,YDL223C,4.297214672988048e-06
YML042W,YHR158C,2.4705865143914707e-05
YML042W,YGR238C,5.115464052352081e-09
YML042W,YIL015W,0.7593531608581543
YML042W,YGL173C,0.09317485988140106
YML042W,YDL225W,3.262482266563893e-07
YML042W,YLR330W,2.5114337276477272e-09
YML042W,YBR129C,2.2687856926495442e-06
YML042W,YKR095W-A,0.2020167112350464
YML042W,YPR075C,0.0014603204326704144
YML042W,YMR198W,2.254354740216513e-06
YML042W,YOR127W,2.442852746753488e-07
YML042W,YDR264C,0.005698075518012047
YML042W,YLR110C,0.0010288585908710957
YML042W,YDR379W,2.103526526298083e-07
YML042W,YDL100C,8.541571150999516e-05
YML042W,YHR073W,6.418178344347325e-08
YML042W,YJR090C,1.122691514865437e-06
YML042W,YOR208W,3.129473770968616e-05
YML042W,YBR040W,1.5803713040440925e-06
YML042W,YNL279W,0.9134917855262756
YML042W,YER075C,0.0013258694671094418
YML042W,YCR089W,0.026525037363171577
YML042W,YCR002C,0.00010623662092257291
YML042W,YJL108C,0.15762878954410553
YML042W,YBR200W,0.02068687044084072
YML042W,YIL026C,5.9531100049525776e-09
YML042W,YJR076C,0.008053884841501713
YML042W,YKR031C,0.0009616017923690379
YML042W,YPL192C,0.00366728357039392
YML042W,YHR107C,0.011260640807449818
YML042W,YIL037C,6.731602297804784e-07
YML042W,YPL156C,0.03718481957912445
YML042W,YIL117C,3.2800986815573197e-08
YML042W,YHR066W,6.459707213579691e-10
YML042W,YML085C,4.792424306288012e-07
YML042W,YML047C,0.9999663829803467
YML042W,YDR312W,0.7072750329971313
YML042W,YFL037W,0.08538825064897537
YML042W,YDL038C,0.2020167112350464
YML042W,YDL039C,1.7653316308763323e-11
YML042W,YCL027W,0.003037908812984824
YML042W,YML124C,1.4097320533146274e-10
YML042W,YGL053W,4.6300128175857935e-09
YML042W,YMR232W,0.7215163111686707
YML042W,YNL298W,0.9935445785522461
YML042W,YGL099W,5.384996962232158e-11
YML042W,YBL016W,1.3763961703716632e-07
YML042W,YAL041W,0.053072717040777206
YML042W,YDR085C,2.7230591115312563e-09
YML042W,YPL187W,4.729757165478077e-06
YML042W,YPL256C,6.377034080103875e-15
YML042W,YDR461W,0.8320450186729431
YML042W,YNL145W,3.8145109293452606e-10
YMR307W,YDL165W,1.892450285367886e-08
YMR307W,YGR059W,0.0007008450338616967
YMR307W,YBR109C,9.974463864637073e-06
YMR307W,YJL080C,1.1927949117307435e-07
YMR307W,YCR093W,0.0007540966034866869
YMR307W,YIL122W,2.1855917111679446e-06
YMR307W,YCL029C,6.446669082214125e-15
YMR307W,YNL173C,0.00496295839548111
YMR307W,YLR452C,2.451548652970814e-07
YMR307W,YDL160C,0.9802460074424744
YMR307W,YLR229C,1.6494725585403103e-08
YMR307W,YML057W,1.795694813344303e-15
YMR307W,YER149C,0.00012469889770727605
YMR307W,YMR305C,3.022003536301554e-09
YMR307W,YLR433C,1.7028877863367597e-08
YMR307W,YJL073W,2.5945565140794713e-10
YMR307W,YGR279C,1.2864610710039415e-07
YMR307W,YKL190W,3.085608841502108e-05
YMR307W,YGL089C,0.7196865677833557
YMR307W,YJL019W,8.897636689653154e-06
YMR307W,YJL018W,0.002044383902102709
YMR307W,YNR032C-A,8.614277646756818e-08
YMR307W,YGL178W,1.3647671534555705e-11
YMR307W,YKL116C,6.775557220319028e-13
YMR307W,YDL214C,0.9000287055969238
YMR307W,YLR362W,1.303027416936259e-15
YMR307W,YER068W,2.2692558943049335e-08
YMR307W,YHR084W,7.370641128545685e-07
YMR307W,YDR392W,5.890472110081646e-08
YMR307W,YNL053W,3.8892441807547584e-05
YMR307W,YGR040W,0.024425020441412926
YMR307W,YDL216C,1.833269980267005e-09
YMR307W,YOL117W,5.3253467607872196e-11
YMR307W,YJR086W,0.0011066008592024446
YMR307W,YMR025W,1.3237051632586372e-07
YMR307W,YBR081C,0.03124576434493065
YMR307W,YFL026W,5.776292528025806e-05
YMR307W,YHL007C,1.3714415381116396e-08
YMR307W,YNR044W,0.57431560754776
YMR307W,YNL271C,2.670324465725571e-05
YMR307W,YDR200C,0.04663410782814026
YMR307W,YKL178C,0.7215789556503296
YMR307W,YOR212W,1.8405818025257759e-07
YMR307W,YOL111C,3.705195084080515e-08
YMR307W,YGL032C,3.2812844108498496e-10
YMR307W,YHR005C,0.9982680082321167
YMR307W,YDR103W,0.13581617176532745
YMR307W,YJR084W,1.0616113854666764e-07
YMR307W,YCL032W,4.878473555436358e-05
YMR307W,YJL170C,0.5326650142669678
YMR307W,YDR179C,2.268857812737224e-08
YMR307W,YBR095C,3.4007900939769797e-09
YMR307W,YLL021W,2.8795127946068533e-05
YMR307W,YDL159W,3.234392354639626e-12
YMR307W,YNL161W,1.8653925071276944e-09
YMR307W,YNL188W,5.004019385523861e-06
YMR307W,YJL157C,2.5408086745670744e-10
YMR307W,YJL034W,8.862956772166157e-16
YMR307W,YLR238W,3.840595896864585e-10
YMR307W,YPR141C,7.121939802345878e-07
YMR307W,YNL127W,6.463854873572927e-08
YMR307W,YCL055W,1.01121671036708e-07
YMR307W,YPR122W,1.601325948286103e-06
YMR307W,YMR065W,9.87177190836519e-05
YMR307W,YDR356W,0.5686647891998291
YMR307W,YMR052W,4.730817090603523e-05
YMR307W,YFR008W,1.690327183778706e-10
YMR307W,YLL043W,0.001037588226608932
YMR307W,YMR029C,1.8673654622602953e-08
YMR307W,YJR004C,8.707794222573284e-06
YMR307W,YDL223C,8.774950578342028e-16
YMR307W,YHR158C,0.9904318451881409
YMR307W,YGR238C,1.7960237463920947e-11
YMR307W,YIL015W,0.00032063620164990425
YMR307W,YGL173C,8.631759556010365e-07
YMR307W,YDL225W,0.0007512684096582234
YMR307W,YLR330W,1.3675599319640241e-08
YMR307W,YBR129C,2.034315184573643e-05
YMR307W,YKR095W-A,0.2020167112350464
YMR307W,YPR075C,6.061022181109293e-14
YMR307W,YMR198W,1.0164571441484416e-11
YMR307W,YOR127W,1.0536135852667883e-10
YMR307W,YDR264C,5.275797854142894e-11
YMR307W,YLR110C,2.827732942023431e-06
YMR307W,YDR379W,9.700489300712434e-08
YMR307W,YDL100C,3.8192721207863656e-10
YMR307W,YHR073W,1.1290737802482909e-06
YMR307W,YJR090C,2.1493050395005042e-11
YMR307W,YOR208W,1.2816625538647486e-10
YMR307W,YBR040W,0.0006824192823842168
YMR307W,YNL279W,0.9979245662689209
YMR307W,YER075C,2.8747349460900296e-06
YMR307W,YCR089W,0.9994813799858093
YMR307W,YCR002C,3.2556904727698566e-08
YMR307W,YJL108C,0.47999799251556396
YMR307W,YBR200W,2.3831584258005023e-05
YMR307W,YIL026C,3.2972720109825104e-09
YMR307W,YJR076C,0.03500061854720116
YMR307W,YKR031C,0.001545676146633923
YMR307W,YPL192C,3.611588545027189e-05
YMR307W,YHR107C,1.7193518431213306e-07
YMR307W,YIL037C,0.9132592082023621
YMR307W,YPL156C,0.0004876214370597154
YMR307W,YIL117C,3.593724215988914e-07
YMR307W,YHR066W,1.622037600805884e-14
YMR307W,YML085C,2.4434788414851027e-08
YMR307W,YML047C,0.03917641565203667
YMR307W,YDR312W,2.694300338390576e-11
YMR307W,YFL037W,8.659634120888882e-11
YMR307W,YDL038C,0.2020167112350464
YMR307W,YDL039C,8.47487200417163e-08
YMR307W,YCL027W,0.5692242980003357
YMR307W,YML124C,1.5404583164624341e-10
YMR307W,YGL053W,8.191359374652707e-13
YMR307W,YMR232W,0.0607011541724205
YMR307W,YNL298W,4.804043419426307e-05
YMR307W,YGL099W,1.0890365692572956e-10
YMR307W,YBL016W,2.116752106928743e-09
YMR307W,YAL041W,3.1723979191156104e-05
YMR307W,YDR085C,8.542250462539869e-09
YMR307W,YPL187W,6.047044280421687e-06
YMR307W,YPL256C,2.567151179133642e-11
YMR307W,YDR461W,7.13012201364327e-12
YMR307W,YNL145W,1.5879811599006644e-06
tI(AAU)N1,YDL165W,0.2020167112350464
tI(AAU)N1,YGR059W,0.2020167112350464
tI(AAU)N1,YBR109C,0.2020167112350464
tI(AAU)N1,YJL080C,0.2020167112350464
tI(AAU)N1,YCR093W,0.2020167112350464
tI(AAU)N1,YIL122W,0.2020167112350464
tI(AAU)N1,YCL029C,0.2020167112350464
tI(AAU)N1,YNL173C,0.2020167112350464
tI(AAU)N1,YLR452C,0.2020167112350464
tI(AAU)N1,YDL160C,0.2020167112350464
tI(AAU)N1,YLR229C,0.2020167112350464
tI(AAU)N1,YML057W,0.2020167112350464
tI(AAU)N1,YER149C,0.2020167112350464
tI(AAU)N1,YMR305C,0.2020167112350464
tI(AAU)N1,YLR433C,0.2020167112350464
tI(AAU)N1,YJL073W,0.2020167112350464
tI(AAU)N1,YGR279C,0.2020167112350464
tI(AAU)N1,YKL190W,0.2020167112350464
tI(AAU)N1,YGL089C,0.2020167112350464
tI(AAU)N1,YJL019W,0.2020167112350464
tI(AAU)N1,YJL018W,0.2020167112350464
tI(AAU)N1,YNR032C-A,0.2020167112350464
tI(AAU)N1,YGL178W,0.2020167112350464
tI(AAU)N1,YKL116C,0.2020167112350464
tI(AAU)N1,YDL214C,0.2020167112350464
tI(AAU)N1,YLR362W,0.2020167112350464
tI(AAU)N1,YER068W,0.2020167112350464
tI(AAU)N1,YHR084W,0.2020167112350464
tI(AAU)N1,YDR392W,0.2020167112350464
tI(AAU)N1,YNL053W,0.2020167112350464
tI(AAU)N1,YGR040W,0.2020167112350464
tI(AAU)N1,YDL216C,0.2020167112350464
tI(AAU)N1,YOL117W,0.2020167112350464
tI(AAU)N1,YJR086W,0.2020167112350464
tI(AAU)N1,YMR025W,0.2020167112350464
tI(AAU)N1,YBR081C,0.2020167112350464
tI(AAU)N1,YFL026W,0.2020167112350464
tI(AAU)N1,YHL007C,0.2020167112350464
tI(AAU)N1,YNR044W,0.2020167112350464
tI(AAU)N1,YNL271C,0.2020167112350464
tI(AAU)N1,YDR200C,0.2020167112350464
tI(AAU)N1,YKL178C,0.2020167112350464
tI(AAU)N1,YOR212W,0.2020167112350464
tI(AAU)N1,YOL111C,0.2020167112350464
tI(AAU)N1,YGL032C,0.2020167112350464
tI(AAU)N1,YHR005C,0.2020167112350464
tI(AAU)N1,YDR103W,0.2020167112350464
tI(AAU)N1,YJR084W,0.2020167112350464
tI(AAU)N1,YCL032W,0.2020167112350464
tI(AAU)N1,YJL170C,0.2020167112350464
tI(AAU)N1,YDR179C,0.2020167112350464
tI(AAU)N1,YBR095C,0.2020167112350464
tI(AAU)N1,YLL021W,0.2020167112350464
tI(AAU)N1,YDL159W,0.2020167112350464
tI(AAU)N1,YNL161W,0.2020167112350464
tI(AAU)N1,YNL188W,0.2020167112350464
tI(AAU)N1,YJL157C,0.2020167112350464
tI(AAU)N1,YJL034W,0.2020167112350464
tI(AAU)N1,YLR238W,0.2020167112350464
tI(AAU)N1,YPR141C,0.2020167112350464
tI(AAU)N1,YNL127W,0.2020167112350464
tI(AAU)N1,YCL055W,0.2020167112350464
tI(AAU)N1,YPR122W,0.2020167112350464
tI(AAU)N1,YMR065W,0.2020167112350464
tI(AAU)N1,YDR356W,0.2020167112350464
tI(AAU)N1,YMR052W,0.2020167112350464
tI(AAU)N1,YFR008W,0.2020167112350464
tI(AAU)N1,YLL043W,0.2020167112350464
tI(AAU)N1,YMR029C,0.2020167112350464
tI(AAU)N1,YJR004C,0.2020167112350464
tI(AAU)N1,YDL223C,0.2020167112350464
tI(AAU)N1,YHR158C,0.2020167112350464
tI(AAU)N1,YGR238C,0.2020167112350464
tI(AAU)N1,YIL015W,0.2020167112350464
tI(AAU)N1,YGL173C,0.2020167112350464
tI(AAU)N1,YDL225W,0.2020167112350464
tI(AAU)N1,YLR330W,0.2020167112350464
tI(AAU)N1,YBR129C,0.2020167112350464
tI(AAU)N1,YKR095W-A,0.2020167112350464
tI(AAU)N1,YPR075C,0.2020167112350464
tI(AAU)N1,YMR198W,0.2020167112350464
tI(AAU)N1,YOR127W,0.2020167112350464
tI(AAU)N1,YDR264C,0.2020167112350464
tI(AAU)N1,YLR110C,0.2020167112350464
tI(AAU)N1,YDR379W,0.2020167112350464
tI(AAU)N1,YDL100C,0.2020167112350464
tI(AAU)N1,YHR073W,0.2020167112350464
tI(AAU)N1,YJR090C,0.2020167112350464
tI(AAU)N1,YOR208W,0.2020167112350464
tI(AAU)N1,YBR040W,0.2020167112350464
tI(AAU)N1,YNL279W,0.2020167112350464
tI(AAU)N1,YER075C,0.2020167112350464
tI(AAU)N1,YCR089W,0.2020167112350464
tI(AAU)N1,YCR002C,0.2020167112350464
tI(AAU)N1,YJL108C,0.2020167112350464
tI(AAU)N1,YBR200W,0.2020167112350464
tI(AAU)N1,YIL026C,0.2020167112350464
tI(AAU)N1,YJR076C,0.2020167112350464
tI(AAU)N1,YKR031C,0.2020167112350464
tI(AAU)N1,YPL192C,0.2020167112350464
tI(AAU)N1,YHR107C,0.2020167112350464
tI(AAU)N1,YIL037C,0.2020167112350464
tI(AAU)N1,YPL156C,0.2020167112350464
tI(AAU)N1,YIL117C,0.2020167112350464
tI(AAU)N1,YHR066W,0.2020167112350464
tI(AAU)N1,YML085C,0.2020167112350464
tI(AAU)N1,YML047C,0.2020167112350464
tI(AAU)N1,YDR312W,0.2020167112350464
tI(AAU)N1,YFL037W,0.2020167112350464
tI(AAU)N1,YDL038C,0.2020167112350464
tI(AAU)N1,YDL039C,0.2020167112350464
tI(AAU)N1,YCL027W,0.2020167112350464
tI(AAU)N1,YML124C,0.2020167112350464
tI(AAU)N1,YGL053W,0.2020167112350464
tI(AAU)N1,YMR232W,0.2020167112350464
tI(AAU)N1,YNL298W,0.2020167112350464
tI(AAU)N1,YGL099W,0.2020167112350464
tI(AAU)N1,YBL016W,0.2020167112350464
tI(AAU)N1,YAL041W,0.2020167112350464
tI(AAU)N1,YDR085C,0.2020167112350464
tI(AAU)N1,YPL187W,0.2020167112350464
tI(AAU)N1,YPL256C,0.2020167112350464
tI(AAU)N1,YDR461W,0.2020167112350464
tI(AAU)N1,YNL145W,0.2020167112350464
YDL155W,YDL165W,0.0021113348193466663
YDL155W,YGR059W,9.148678259407461e-08
YDL155W,YBR109C,0.7734259963035583
YDL155W,YJL080C,0.00389444874599576
YDL155W,YCR093W,5.978128683636896e-05
YDL155W,YIL122W,0.0010480298660695553
YDL155W,YCL029C,4.536282831438037e-15
YDL155W,YNL173C,3.0303970561362803e-05
YDL155W,YLR452C,0.7249671220779419
YDL155W,YDL160C,1.430176507710712e-05
YDL155W,YLR229C,3.150870179524645e-05
YDL155W,YML057W,5.3250015508155e-11
YDL155W,YER149C,0.048906829208135605
YDL155W,YMR305C,0.01944533921778202
YDL155W,YLR433C,0.007947394624352455
YDL155W,YJL073W,7.517258815425976e-09
YDL155W,YGR279C,0.06032924726605415
YDL155W,YKL190W,0.6080107688903809
YDL155W,YGL089C,0.004512122366577387
YDL155W,YJL019W,4.739410712772951e-07
YDL155W,YJL018W,0.0007567839929834008
YDL155W,YNR032C-A,0.027386588975787163
YDL155W,YGL178W,0.0007095719920471311
YDL155W,YKL116C,5.20441967299945e-10
YDL155W,YDL214C,0.20926018059253693
YDL155W,YLR362W,1.0077947365516593e-08
YDL155W,YER068W,1.1420670659179066e-10
YDL155W,YHR084W,0.00017554008809383959
YDL155W,YDR392W,0.0050304657779634
YDL155W,YNL053W,4.0335021367354784e-07
YDL155W,YGR040W,0.0022727446630597115
YDL155W,YDL216C,2.2615216366261848e-08
YDL155W,YOL117W,1.505126419942826e-05
YDL155W,YJR086W,2.2823286371931317e-07
YDL155W,YMR025W,1.7640955363162902e-08
YDL155W,YBR081C,0.59885174036026
YDL155W,YFL026W,0.012482361868023872
YDL155W,YHL007C,2.137843857497046e-08
YDL155W,YNR044W,0.9979598522186279
YDL155W,YNL271C,1.4247463695937768e-05
YDL155W,YDR200C,2.7038522603106685e-05
YDL155W,YKL178C,0.12194054573774338
YDL155W,YOR212W,0.40894097089767456
YDL155W,YOL111C,3.0695397867930296e-07
YDL155W,YGL032C,8.091361087281257e-05
YDL155W,YHR005C,0.008439607918262482
YDL155W,YDR103W,0.181169793009758
YDL155W,YJR084W,0.0001468850823584944
YDL155W,YCL032W,0.023176975548267365
YDL155W,YJL170C,1.6465262888232246e-05
YDL155W,YDR179C,0.0020220724400132895
YDL155W,YBR095C,0.07296297699213028
YDL155W,YLL021W,6.64959358687156e-08
YDL155W,YDL159W,3.5431451124168234e-06
YDL155W,YNL161W,1.4081357221584767e-05
YDL155W,YNL188W,7.848151290090755e-05
YDL155W,YJL157C,0.0014238565927371383
YDL155W,YJL034W,2.4229540596110155e-10
YDL155W,YLR238W,0.01116258930414915
YDL155W,YPR141C,0.9270188808441162
YDL155W,YNL127W,0.00010331795056117699
YDL155W,YCL055W,0.974802553653717
YDL155W,YPR122W,0.9309260249137878
YDL155W,YMR065W,0.9927436113357544
YDL155W,YDR356W,4.226672899676487e-06
YDL155W,YMR052W,9.551378025207669e-05
YDL155W,YFR008W,0.0024932411033660173
YDL155W,YLL043W,2.4625059769078916e-09
YDL155W,YMR029C,0.0006148676620796323
YDL155W,YJR004C,0.002232912927865982
YDL155W,YDL223C,1.2047981781581057e-18
YDL155W,YHR158C,1.1286892913631164e-05
YDL155W,YGR238C,6.58589849322766e-09
YDL155W,YIL015W,0.29402750730514526
YDL155W,YGL173C,3.5946759453509e-05
YDL155W,YDL225W,2.4272294467664324e-06
YDL155W,YLR330W,1.0087240553957599e-07
YDL155W,YBR129C,0.000488324265461415
YDL155W,YKR095W-A,0.2020167112350464
YDL155W,YPR075C,0.0020894522313028574
YDL155W,YMR198W,6.236960325622931e-05
YDL155W,YOR127W,0.10918981581926346
YDL155W,YDR264C,0.6501635909080505
YDL155W,YLR110C,0.10337270051240921
YDL155W,YDR379W,0.003507524263113737
YDL155W,YDL100C,1.5498528227908537e-05
YDL155W,YHR073W,6.123944407132598e-11
YDL155W,YJR090C,0.05817267671227455
YDL155W,YOR208W,0.00026909325970336795
YDL155W,YBR040W,0.8036175966262817
YDL155W,YNL279W,3.908495216364827e-07
YDL155W,YER075C,0.01075900997966528
YDL155W,YCR089W,0.0004481077485252172
YDL155W,YCR002C,0.6797640323638916
YDL155W,YJL108C,6.172111625346588e-06
YDL155W,YBR200W,2.380707201155019e-06
YDL155W,YIL026C,6.252866296563298e-05
YDL155W,YJR076C,1.2824546047340846e-06
YDL155W,YKR031C,1.6067298602706614e-08
YDL155W,YPL192C,0.9700265526771545
YDL155W,YHR107C,0.004315390717238188
YDL155W,YIL037C,2.604650035209488e-05
YDL155W,YPL156C,1.524598474134109e-07
YDL155W,YIL117C,1.6295737545815592e-13
YDL155W,YHR066W,4.5270887039094987e-10
YDL155W,YML085C,0.0036058877594769
YDL155W,YML047C,0.07238245010375977
YDL155W,YDR312W,2.0370448794437834e-07
YDL155W,YFL037W,3.121168390407547e-07
YDL155W,YDL038C,0.2020167112350464
YDL155W,YDL039C,1.8216672614812524e-08
YDL155W,YCL027W,5.056371037426288e-07
YDL155W,YML124C,9.546129149384797e-06
YDL155W,YGL053W,2.0083481544475035e-09
YDL155W,YMR232W,0.007071849890053272
YDL155W,YNL298W,3.3339227229589596e-05
YDL155W,YGL099W,5.238997346168617e-06
YDL155W,YBL016W,2.702702950330149e-09
YDL155W,YAL041W,0.9038186073303223
YDL155W,YDR085C,7.848393579479307e-07
YDL155W,YPL187W,0.988124430179596
YDL155W,YPL256C,0.0014736959710717201
YDL155W,YDR461W,2.2149208234623075e-05
YDL155W,YNL145W,3.943551564589143e-05
YCR094W,YDL165W,2.977786017765993e-09
YCR094W,YGR059W,0.30039095878601074
YCR094W,YBR109C,0.0006554770516231656
YCR094W,YJL080C,0.1659681797027588
YCR094W,YCR093W,0.43914249539375305
YCR094W,YIL122W,0.8750842213630676
YCR094W,YCL029C,3.787111683278832e-12
YCR094W,YNL173C,0.0014172169612720609
YCR094W,YLR452C,0.20551687479019165
YCR094W,YDL160C,3.739307086192412e-09
YCR094W,YLR229C,0.970302402973175
YCR094W,YML057W,2.3281844008238295e-08
YCR094W,YER149C,4.962843377143145e-06
YCR094W,YMR305C,0.02072431705892086
YCR094W,YLR433C,2.8671081064857162e-09
YCR094W,YJL073W,9.037945947198978e-10
YCR094W,YGR279C,5.926983794779517e-05
YCR094W,YKL190W,0.00024406451848335564
YCR094W,YGL089C,0.6763627529144287
YCR094W,YJL019W,1.0438611752761062e-08
YCR094W,YJL018W,0.006023359019309282
YCR094W,YNR032C-A,0.0037766906898468733
YCR094W,YGL178W,0.0003668921417556703
YCR094W,YKL116C,1.2591681475271344e-08
YCR094W,YDL214C,0.09640362113714218
YCR094W,YLR362W,3.538013334036805e-05
YCR094W,YER068W,9.431820217287168e-06
YCR094W,YHR084W,2.268987842057868e-08
YCR094W,YDR392W,2.3763111585139995e-06
YCR094W,YNL053W,1.9633924239315093e-05
YCR094W,YGR040W,3.5142463938875323e-10
YCR094W,YDL216C,6.938422103530684e-08
YCR094W,YOL117W,9.666427658316934e-09
YCR094W,YJR086W,7.14420320946374e-06
YCR094W,YMR025W,1.1736469573975228e-08
YCR094W,YBR081C,0.9629275798797607
YCR094W,YFL026W,6.475018381024711e-06
YCR094W,YHL007C,1.3122621878025598e-09
YCR094W,YNR044W,6.789021012032492e-10
YCR094W,YNL271C,0.8021837472915649
YCR094W,YDR200C,7.83352879807353e-06
YCR094W,YKL178C,0.9776525497436523
YCR094W,YOR212W,0.008777076378464699
YCR094W,YOL111C,4.021709045431629e-14
YCR094W,YGL032C,0.0056532565504312515
YCR094W,YHR005C,0.0028418730944395065
YCR094W,YDR103W,0.0001867113314801827
YCR094W,YJR084W,0.0002505469601601362
YCR094W,YCL032W,3.805431560977013e-07
YCR094W,YJL170C,0.005494772456586361
YCR094W,YDR179C,1.517905911369282e-15
YCR094W,YBR095C,0.0032308348454535007
YCR094W,YLL021W,1.780052116373554e-05
YCR094W,YDL159W,0.042126163840293884
YCR094W,YNL161W,6.64338445366397e-11
YCR094W,YNL188W,3.1099840271053836e-05
YCR094W,YJL157C,9.261248487746343e-05
YCR094W,YJL034W,9.326459604608317e-10
YCR094W,YLR238W,1.7991594880584216e-09
YCR094W,YPR141C,2.2430397539352498e-09
YCR094W,YNL127W,7.833527888578828e-07
YCR094W,YCL055W,2.0357610992505215e-05
YCR094W,YPR122W,5.226000610036863e-08
YCR094W,YMR065W,0.01794840767979622
YCR094W,YDR356W,0.00041595762013457716
YCR094W,YMR052W,5.864033028046833e-07
YCR094W,YFR008W,0.9998328685760498
YCR094W,YLL043W,2.6639140112555415e-13
YCR094W,YMR029C,3.4643097279740687e-08
YCR094W,YJR004C,8.272821663823926e-12
YCR094W,YDL223C,7.117660061339848e-06
YCR094W,YHR158C,0.02865292690694332
YCR094W,YGR238C,8.600044287820907e-12
YCR094W,YIL015W,4.94986466037517e-07
YCR094W,YGL173C,0.0008162001613527536
YCR094W,YDL225W,0.0015628797700628638
YCR094W,YLR330W,2.7927470787878807e-14
YCR094W,YBR129C,1.4154696295273772e-12
YCR094W,YKR095W-A,0.2020167112350464
YCR094W,YPR075C,1.5270870123984537e-09
YCR094W,YMR198W,0.25619298219680786
YCR094W,YOR127W,5.724776121901476e-13
YCR094W,YDR264C,0.019182905554771423
YCR094W,YLR110C,6.696390109084405e-09
YCR094W,YDR379W,9.334376954939216e-05
YCR094W,YDL100C,3.1832757940719603e-06
YCR094W,YHR073W,5.998252296333245e-14
YCR094W,YJR090C,0.3408970534801483
YCR094W,YOR208W,3.046268375328509e-07
YCR094W,YBR040W,0.10490778088569641
YCR094W,YNL279W,0.21107245981693268
YCR094W,YER075C,6.773215091016027e-07
YCR094W,YCR089W,1.2808219762572293e-10
YCR094W,YCR002C,1.2389346011332236e-05
YCR094W,YJL108C,1.0
YCR094W,YBR200W,1.0774592773543645e-08
YCR094W,YIL026C,1.518605768069392e-05
YCR094W,YJR076C,7.063395514705917e-06
YCR094W,YKR031C,2.2735804350304534e-07
YCR094W,YPL192C,0.18647071719169617
YCR094W,YHR107C,9.8906784984365e-09
YCR094W,YIL037C,1.836573233049421e-06
YCR094W,YPL156C,0.009435318410396576
YCR094W,YIL117C,0.0003861305885948241
YCR094W,YHR066W,2.6428895015398815e-14
YCR094W,YML085C,8.925239853851963e-06
YCR094W,YML047C,0.0985550507903099
YCR094W,YDR312W,0.00011745795927708969
YCR094W,YFL037W,3.980928795499494e-06
YCR094W,YDL038C,0.2020167112350464
YCR094W,YDL039C,9.845769533001203e-09
YCR094W,YCL027W,1.2374551943139522e-06
YCR094W,YML124C,6.447964551625773e-05
YCR094W,YGL053W,0.020719867199659348
YCR094W,YMR232W,6.061236490495503e-07
YCR094W,YNL298W,0.0001323467877227813
YCR094W,YGL099W,1.2039682140141394e-08
YCR094W,YBL016W,2.9457794425979955e-06
YCR094W,YAL041W,1.1205521332158241e-05
YCR094W,YDR085C,0.0010254125809296966
YCR094W,YPL187W,0.16246946156024933
YCR094W,YPL256C,0.049656521528959274
YCR094W,YDR461W,2.2441956843977096e-06
YCR094W,YNL145W,6.030855956851155e-07
YML060W,YDL165W,1.5005253999333945e-06
YML060W,YGR059W,4.191247175711066e-12
YML060W,YBR109C,0.022877253592014313
YML060W,YJL080C,0.907120406627655
YML060W,YCR093W,0.33763429522514343
YML060W,YIL122W,0.0008047819137573242
YML060W,YCL029C,0.0002412930625723675
YML060W,YNL173C,8.535830602340866e-06
YML060W,YLR452C,0.008481689728796482
YML060W,YDL160C,0.9992127418518066
YML060W,YLR229C,2.977365465284265e-09
YML060W,YML057W,1.700621199418606e-09
YML060W,YER149C,3.3829917356342776e-07
YML060W,YMR305C,0.0029166594613343477
YML060W,YLR433C,0.7287357449531555
YML060W,YJL073W,7.541688162859828e-09
YML060W,YGR279C,0.011580931954085827
YML060W,YKL190W,0.017694445326924324
YML060W,YGL089C,0.0015567035879939795
YML060W,YJL019W,1.8932579948227612e-09
YML060W,YJL018W,0.20161409676074982
YML060W,YNR032C-A,0.37199142575263977
YML060W,YGL178W,5.030274223827291e-07
YML060W,YKL116C,1.2966652491314123e-12
YML060W,YDL214C,0.9092932939529419
YML060W,YLR362W,1.487195822846843e-05
YML060W,YER068W,4.919420339838387e-12
YML060W,YHR084W,0.42428016662597656
YML060W,YDR392W,1.547569006277172e-08
YML060W,YNL053W,0.9374833703041077
YML060W,YGR040W,0.0003939140005968511
YML060W,YDL216C,0.115963876247406
YML060W,YOL117W,3.53807050323951e-09
YML060W,YJR086W,1.4769238987355493e-06
YML060W,YMR025W,0.9977293610572815
YML060W,YBR081C,0.014093589037656784
YML060W,YFL026W,0.7223471999168396
YML060W,YHL007C,2.75949228745187e-12
YML060W,YNR044W,0.0890093594789505
YML060W,YNL271C,0.0001377363078063354
YML060W,YDR200C,3.3019714740234463e-10
YML060W,YKL178C,0.9981505274772644
YML060W,YOR212W,0.9999724626541138
YML060W,YOL111C,5.448559381449058e-10
YML060W,YGL032C,0.00015139751485548913
YML060W,YHR005C,0.9991258978843689
YML060W,YDR103W,0.002778245834633708
YML060W,YJR084W,1.2853103726229165e-05
YML060W,YCL032W,1.4443862772495208e-09
YML060W,YJL170C,2.2775569959776476e-05
YML060W,YDR179C,1.971766778297024e-06
YML060W,YBR095C,0.0180674958974123
YML060W,YLL021W,0.006021474953740835
YML060W,YDL159W,5.345588760974351e-06
YML060W,YNL161W,0.18783634901046753
YML060W,YNL188W,6.16408433415927e-05
YML060W,YJL157C,4.620818003786553e-07
YML060W,YJL034W,6.127964108371131e-11
YML060W,YLR238W,0.009961425326764584
YML060W,YPR141C,2.6344180241721915e-06
YML060W,YNL127W,0.999931812286377
YML060W,YCL055W,0.07368545234203339
YML060W,YPR122W,0.026442306116223335
YML060W,YMR065W,0.014362151734530926
YML060W,YDR356W,3.203898450010456e-05
YML060W,YMR052W,0.21816086769104004
YML060W,YFR008W,1.9087513791760102e-09
YML060W,YLL043W,0.007838625460863113
YML060W,YMR029C,0.0010811059037223458
YML060W,YJR004C,2.6669201957929545e-08
YML060W,YDL223C,1.4264763267689347e-19
YML060W,YHR158C,0.9992306232452393
YML060W,YGR238C,7.154323800051543e-10
YML060W,YIL015W,0.007563935127109289
YML060W,YGL173C,0.00014672311954200268
YML060W,YDL225W,2.3849736408010358e-08
YML060W,YLR330W,2.8988085265524433e-09
YML060W,YBR129C,6.728740342687445e-10
YML060W,YKR095W-A,0.2020167112350464
YML060W,YPR075C,3.645635349158738e-09
YML060W,YMR198W,0.05442499369382858
YML060W,YOR127W,3.677522727230098e-06
YML060W,YDR264C,0.003354246960952878
YML060W,YLR110C,0.31573355197906494
YML060W,YDR379W,1.0037001629825681e-05
YML060W,YDL100C,7.012755531832227e-08
YML060W,YHR073W,0.005191653501242399
YML060W,YJR090C,0.17663292586803436
YML060W,YOR208W,0.0011710799299180508
YML060W,YBR040W,4.934545813739533e-06
YML060W,YNL279W,0.2811732292175293
YML060W,YER075C,0.02324835956096649
YML060W,YCR089W,5.1744846132351086e-05
YML060W,YCR002C,1.0304901479685213e-05
YML060W,YJL108C,0.8150584101676941
YML060W,YBR200W,3.12831041071604e-08
YML060W,YIL026C,1.4874396583763883e-05
YML060W,YJR076C,8.665212953928858e-05
YML060W,YKR031C,0.20589841902256012
YML060W,YPL192C,0.0004826104559469968
YML060W,YHR107C,7.786130481690634e-06
YML060W,YIL037C,0.03419988974928856
YML060W,YPL156C,0.9257897734642029
YML060W,YIL117C,0.5774973630905151
YML060W,YHR066W,8.085306241797235e-14
YML060W,YML085C,1.7578619008418173e-05
YML060W,YML047C,0.9995920062065125
YML060W,YDR312W,1.8391236153547652e-05
YML060W,YFL037W,2.1409743769518208e-11
YML060W,YDL038C,0.2020167112350464
YML060W,YDL039C,3.3471527771666842e-09
YML060W,YCL027W,0.00692063570022583
YML060W,YML124C,4.209822768164173e-10
YML060W,YGL053W,0.8213546276092529
YML060W,YMR232W,0.5215604305267334
YML060W,YNL298W,8.646253263577819e-05
YML060W,YGL099W,3.346350830102699e-15
YML060W,YBL016W,2.3035315734887263e-06
YML060W,YAL041W,0.0013641508994624019
YML060W,YDR085C,0.015634898096323013
YML060W,YPL187W,0.019399195909500122
YML060W,YPL256C,6.193413007248667e-15
YML060W,YDR461W,2.3736437815280453e-10
YML060W,YNL145W,0.026656953617930412
YIL042C,YDL165W,0.13412387669086456
YIL042C,YGR059W,2.666855278277147e-11
YIL042C,YBR109C,8.360989056654944e-08
YIL042C,YJL080C,5.64073438531884e-16
YIL042C,YCR093W,4.403413397802147e-11
YIL042C,YIL122W,0.002383641665801406
YIL042C,YCL029C,5.685312132186482e-08
YIL042C,YNL173C,0.003109745914116502
YIL042C,YLR452C,0.00013147473509889096
YIL042C,YDL160C,4.794243864125747e-07
YIL042C,YLR229C,1.3977448816149263e-06
YIL042C,YML057W,1.519900177937572e-10
YIL042C,YER149C,0.0005718596512451768
YIL042C,YMR305C,0.07876963913440704
YIL042C,YLR433C,4.02320985415372e-08
YIL042C,YJL073W,1.1849476012156347e-19
YIL042C,YGR279C,0.20880518853664398
YIL042C,YKL190W,2.374349154787847e-11
YIL042C,YGL089C,9.480687346297145e-10
YIL042C,YJL019W,1.2800251310285393e-11
YIL042C,YJL018W,0.00038096419302746654
YIL042C,YNR032C-A,0.836102306842804
YIL042C,YGL178W,6.682954699499533e-05
YIL042C,YKL116C,6.91183913659188e-06
YIL042C,YDL214C,3.972899786930384e-10
YIL042C,YLR362W,9.405692935615662e-07
YIL042C,YER068W,0.00021251762518659234
YIL042C,YHR084W,7.791157809006416e-16
YIL042C,YDR392W,5.3364892949048226e-08
YIL042C,YNL053W,0.0013640417018905282
YIL042C,YGR040W,5.853088168805698e-06
YIL042C,YDL216C,2.4804376330678224e-09
YIL042C,YOL117W,5.351092113414779e-05
YIL042C,YJR086W,6.853347667146181e-09
YIL042C,YMR025W,0.019092749804258347
YIL042C,YBR081C,0.08222337067127228
YIL042C,YFL026W,1.0977560123137664e-06
YIL042C,YHL007C,9.055768205438634e-18
YIL042C,YNR044W,0.013802709989249706
YIL042C,YNL271C,6.200798452482559e-07
YIL042C,YDR200C,0.14641039073467255
YIL042C,YKL178C,2.3123693237980802e-10
YIL042C,YOR212W,1.9737451673051964e-09
YIL042C,YOL111C,1.2652897396492335e-07
YIL042C,YGL032C,7.767510940004385e-11
YIL042C,YHR005C,2.0727539476461665e-11
YIL042C,YDR103W,2.6259563967734323e-10
YIL042C,YJR084W,9.178693858302722e-07
YIL042C,YCL032W,3.396183092263527e-05
YIL042C,YJL170C,3.886527338181622e-06
YIL042C,YDR179C,1.2313658752648136e-19
YIL042C,YBR095C,3.341888827890216e-07
YIL042C,YLL021W,3.0997533428944735e-08
YIL042C,YDL159W,5.635311481455574e-06
YIL042C,YNL161W,0.0755857527256012
YIL042C,YNL188W,4.3793518811341414e-10
YIL042C,YJL157C,4.2218171910886684e-15
YIL042C,YJL034W,1.2136949431584831e-13
YIL042C,YLR238W,2.968895671529026e-07
YIL042C,YPR141C,1.4913345225409103e-08
YIL042C,YNL127W,2.05581309273839e-05
YIL042C,YCL055W,3.3240386354896345e-13
YIL042C,YPR122W,2.929200945800403e-06
YIL042C,YMR065W,0.009363132528960705
YIL042C,YDR356W,1.291001012759807e-07
YIL042C,YMR052W,5.650435230819539e-09
YIL042C,YFR008W,9.989298277446323e-10
YIL042C,YLL043W,0.0001423212088411674
YIL042C,YMR029C,4.852885012951447e-06
YIL042C,YJR004C,0.0023405232932418585
YIL042C,YDL223C,3.3184281988951625e-08
YIL042C,YHR158C,3.6176320605818546e-08
YIL042C,YGR238C,7.228339704568043e-09
YIL042C,YIL015W,3.8759670133003965e-05
YIL042C,YGL173C,0.0015283958055078983
YIL042C,YDL225W,7.326075857072567e-11
YIL042C,YLR330W,0.0002717845782171935
YIL042C,YBR129C,0.00041818947647698224
YIL042C,YKR095W-A,0.2020167112350464
YIL042C,YPR075C,2.2148919924802613e-06
YIL042C,YMR198W,0.49569717049598694
YIL042C,YOR127W,4.526110387814697e-06
YIL042C,YDR264C,7.576180317597683e-15
YIL042C,YLR110C,0.07834577560424805
YIL042C,YDR379W,8.939294389165298e-07
YIL042C,YDL100C,8.575393195542347e-08
YIL042C,YHR073W,4.636669473256916e-05
YIL042C,YJR090C,1.3113100882922168e-11
YIL042C,YOR208W,1.777934022229033e-09
YIL042C,YBR040W,6.500109748230898e-07
YIL042C,YNL279W,6.659058637836779e-09
YIL042C,YER075C,4.176540358002967e-07
YIL042C,YCR089W,1.2201017973723083e-08
YIL042C,YCR002C,0.0003380250127520412
YIL042C,YJL108C,1.2203319951775704e-12
YIL042C,YBR200W,1.2532319626501476e-10
YIL042C,YIL026C,8.988395151874468e-15
YIL042C,YJR076C,1.669208105070652e-09
YIL042C,YKR031C,0.005168348550796509
YIL042C,YPL192C,5.306603680782507e-13
YIL042C,YHR107C,5.963442617940018e-06
YIL042C,YIL037C,0.0005989361670799553
YIL042C,YPL156C,0.0010526888072490692
YIL042C,YIL117C,1.8980872482643463e-05
YIL042C,YHR066W,7.775694657680403e-22
YIL042C,YML085C,4.980178118785261e-07
YIL042C,YML047C,0.23364180326461792
YIL042C,YDR312W,7.1995822636949924e-09
YIL042C,YFL037W,0.025459688156843185
YIL042C,YDL038C,0.2020167112350464
YIL042C,YDL039C,8.51180078647646e-21
YIL042C,YCL027W,1.8282275693337624e-09
YIL042C,YML124C,6.263910223847091e-11
YIL042C,YGL053W,2.4808422677269348e-11
YIL042C,YMR232W,3.1392609400882066e-08
YIL042C,YNL298W,1.264626153362619e-13
YIL042C,YGL099W,1.7545383559399434e-16
YIL042C,YBL016W,4.2299769242859497e-10
YIL042C,YAL041W,2.3243292446295527e-07
YIL042C,YDR085C,1.2256787584874473e-08
YIL042C,YPL187W,5.079491529613733e-06
YIL042C,YPL256C,2.1936768462182954e-05
YIL042C,YDR461W,5.648591403645264e-13
YIL042C,YNL145W,2.391184195094098e-10
YDL066W,YDL165W,6.090466325714416e-11
YDL066W,YGR059W,4.024691406812053e-07
YDL066W,YBR109C,0.00586327537894249
YDL066W,YJL080C,4.868554136660096e-17
YDL066W,YCR093W,4.0424490144186365e-11
YDL066W,YIL122W,0.005854524206370115
YDL066W,YCL029C,8.515189248159416e-11
YDL066W,YNL173C,4.446910224942258e-06
YDL066W,YLR452C,2.349766567746439e-24
YDL066W,YDL160C,4.035407619085163e-05
YDL066W,YLR229C,1.040688260393885e-12
YDL066W,YML057W,0.0034794905222952366
YDL066W,YER149C,0.2144721895456314
YDL066W,YMR305C,8.74344677605568e-15
YDL066W,YLR433C,6.149496190044346e-11
YDL066W,YJL073W,1.8693019341090543e-14
YDL066W,YGR279C,2.2236991414903429e-10
YDL066W,YKL190W,9.04857078154464e-10
YDL066W,YGL089C,0.9972668886184692
YDL066W,YJL019W,1.4839054429671705e-09
YDL066W,YJL018W,0.0008692439296282828
YDL066W,YNR032C-A,0.002589393872767687
YDL066W,YGL178W,1.7830014808345451e-12
YDL066W,YKL116C,1.647658653394432e-15
YDL066W,YDL214C,3.623187305734632e-10
YDL066W,YLR362W,6.380546255968511e-05
YDL066W,YER068W,4.930347796694434e-11
YDL066W,YHR084W,5.0858470402757525e-14
YDL066W,YDR392W,5.977279471380825e-08
YDL066W,YNL053W,1.9037664777954433e-09
YDL066W,YGR040W,1.4304121975783346e-07
YDL066W,YDL216C,2.8760189252352575e-07
YDL066W,YOL117W,4.365123004390625e-06
YDL066W,YJR086W,1.852108084676729e-07
YDL066W,YMR025W,0.00043838139390572906
YDL066W,YBR081C,4.012907783845776e-09
YDL066W,YFL026W,8.961262200068991e-19
YDL066W,YHL007C,6.492303575170513e-14
YDL066W,YNR044W,1.46962096761764e-14
YDL066W,YNL271C,1.2575251034712895e-14
YDL066W,YDR200C,2.5097059846990177e-12
YDL066W,YKL178C,9.987421071855351e-05
YDL066W,YOR212W,3.3147033728919695e-11
YDL066W,YOL111C,0.0004500186478253454
YDL066W,YGL032C,1.814482938899964e-11
YDL066W,YHR005C,2.6678621927589538e-15
YDL066W,YDR103W,9.988750662159873e-07
YDL066W,YJR084W,1.901626234257492e-08
YDL066W,YCL032W,4.9156128625327256e-06
YDL066W,YJL170C,8.954959690443687e-11
YDL066W,YDR179C,7.146712666106225e-10
YDL066W,YBR095C,0.0001600481482455507
YDL066W,YLL021W,0.00023269548546522856
YDL066W,YDL159W,2.8209798941247755e-08
YDL066W,YNL161W,6.634149940509815e-07
YDL066W,YNL188W,4.2297713775951706e-08
YDL066W,YJL157C,5.164749514565206e-16
YDL066W,YJL034W,2.1847842681050125e-15
YDL066W,YLR238W,0.00019281548156868666
YDL066W,YPR141C,6.328662993101497e-15
YDL066W,YNL127W,0.0004029065603390336
YDL066W,YCL055W,5.929303922846962e-12
YDL066W,YPR122W,3.1613044972587934e-13
YDL066W,YMR065W,7.900963412167672e-14
YDL066W,YDR356W,1.4980001594722125e-07
YDL066W,YMR052W,0.08172225952148438
YDL066W,YFR008W,1.5684475940247466e-08
YDL066W,YLL043W,2.0482705090948787e-14
YDL066W,YMR029C,5.65715781704057e-05
YDL066W,YJR004C,0.00020177706028334796
YDL066W,YDL223C,1.7470376256767395e-09
YDL066W,YHR158C,4.586835018471902e-07
YDL066W,YGR238C,6.504317973110574e-09
YDL066W,YIL015W,2.3842874204794756e-15
YDL066W,YGL173C,0.39875102043151855
YDL066W,YDL225W,4.255587549018003e-11
YDL066W,YLR330W,4.6444865314798633e-11
YDL066W,YBR129C,1.7213238834301592e-06
YDL066W,YKR095W-A,0.2020167112350464
YDL066W,YPR075C,1.249657316293451e-06
YDL066W,YMR198W,4.412287868404974e-09
YDL066W,YOR127W,1.3118075514739758e-08
YDL066W,YDR264C,3.282590478193015e-05
YDL066W,YLR110C,0.01586371660232544
YDL066W,YDR379W,9.016775948111899e-08
YDL066W,YDL100C,6.451350910832695e-20
YDL066W,YHR073W,9.147495802608319e-06
YDL066W,YJR090C,4.4144950805957706e-08
YDL066W,YOR208W,3.76676259628006e-11
YDL066W,YBR040W,1.4847781670823679e-08
YDL066W,YNL279W,6.182818146349689e-10
YDL066W,YER075C,1.7699781730876572e-14
YDL066W,YCR089W,5.8601140433267584e-12
YDL066W,YCR002C,7.897058007522162e-11
YDL066W,YJL108C,1.1951389211617425e-08
YDL066W,YBR200W,5.798816573587828e-07
YDL066W,YIL026C,3.9281236041688317e-08
YDL066W,YJR076C,2.6481535542188794e-07
YDL066W,YKR031C,0.0006200548959895968
YDL066W,YPL192C,0.016474109143018723
YDL066W,YHR107C,6.802740662448237e-12
YDL066W,YIL037C,7.814288902367392e-15
YDL066W,YPL156C,1.1558555501611778e-10
YDL066W,YIL117C,5.564114644585061e-07
YDL066W,YHR066W,8.688566310866008e-08
YDL066W,YML085C,9.74661323871473e-12
YDL066W,YML047C,4.2391405941089033e-07
YDL066W,YDR312W,4.3998206820106134e-05
YDL066W,YFL037W,3.878637980860326e-15
YDL066W,YDL038C,0.2020167112350464
YDL066W,YDL039C,5.835648075880329e-10
YDL066W,YCL027W,2.1886892593984443e-14
YDL066W,YML124C,1.5936731143802976e-15
YDL066W,YGL053W,5.6876553571783006e-05
YDL066W,YMR232W,1.4874082868154836e-12
YDL066W,YNL298W,5.6585365733330395e-12
YDL066W,YGL099W,9.375332541555759e-13
YDL066W,YBL016W,4.280815576963772e-15
YDL066W,YAL041W,7.779656812090252e-07
YDL066W,YDR085C,5.242810630079475e-09
YDL066W,YPL187W,1.9249891920480877e-06
YDL066W,YPL256C,7.916308667615946e-13
YDL066W,YDR461W,8.707739932757586e-13
YDL066W,YNL145W,4.759644572596049e-15
YGR185C,YDL165W,0.2573053240776062
YGR185C,YGR059W,5.292634277891117e-13
YGR185C,YBR109C,1.3366714028961724e-06
YGR185C,YJL080C,0.7817124724388123
YGR185C,YCR093W,1.741473056426912e-06
YGR185C,YIL122W,0.0011633659014478326
YGR185C,YCL029C,5.904892930175265e-08
YGR185C,YNL173C,6.85856438309429e-09
YGR185C,YLR452C,0.059100180864334106
YGR185C,YDL160C,0.9999110698699951
YGR185C,YLR229C,1.889443774416577e-05
YGR185C,YML057W,7.916912026124934e-13
YGR185C,YER149C,0.00012458764831535518
YGR185C,YMR305C,3.239772695451393e-06
YGR185C,YLR433C,1.075641284842277e-05
YGR185C,YJL073W,1.4093932965142386e-10
YGR185C,YGR279C,7.440714398398995e-05
YGR185C,YKL190W,1.180780691356631e-05
YGR185C,YGL089C,0.9999796152114868
YGR185C,YJL019W,0.005395976826548576
YGR185C,YJL018W,0.0035418064799159765
YGR185C,YNR032C-A,0.584928035736084
YGR185C,YGL178W,3.2799423621554524e-08
YGR185C,YKL116C,7.292031561911827e-11
YGR185C,YDL214C,4.6692919568158686e-05
YGR185C,YLR362W,1.3968744383419107e-07
YGR185C,YER068W,3.674279014376225e-08
YGR185C,YHR084W,1.0202268363457279e-08
YGR185C,YDR392W,2.00328766908342e-08
YGR185C,YNL053W,9.041701787282364e-07
YGR185C,YGR040W,7.255906666614464e-07
YGR185C,YDL216C,0.9003927111625671
YGR185C,YOL117W,0.028928203508257866
YGR185C,YJR086W,0.0009409442427568138
YGR185C,YMR025W,0.9999991655349731
YGR185C,YBR081C,0.0002426051942165941
YGR185C,YFL026W,0.00018172159616369754
YGR185C,YHL007C,1.5064879899107098e-10
YGR185C,YNR044W,8.564499694330152e-06
YGR185C,YNL271C,0.9881106615066528
YGR185C,YDR200C,5.226977251027165e-08
YGR185C,YKL178C,0.9892414212226868
YGR185C,YOR212W,1.2535871007912647e-08
YGR185C,YOL111C,3.2939323491021355e-10
YGR185C,YGL032C,0.0005293626454658806
YGR185C,YHR005C,0.08561667054891586
YGR185C,YDR103W,0.004721471574157476
YGR185C,YJR084W,0.008654076606035233
YGR185C,YCL032W,0.0033382077235728502
YGR185C,YJL170C,0.0008637851569801569
YGR185C,YDR179C,1.6234043442864277e-08
YGR185C,YBR095C,2.295898582360678e-07
YGR185C,YLL021W,0.005606930237263441
YGR185C,YDL159W,2.4426469180660604e-10
YGR185C,YNL161W,0.01715129055082798
YGR185C,YNL188W,1.81101802354533e-06
YGR185C,YJL157C,0.01615464687347412
YGR185C,YJL034W,3.227688218491236e-19
YGR185C,YLR238W,4.940465458957988e-08
YGR185C,YPR141C,6.661895213255775e-08
YGR185C,YNL127W,0.49059832096099854
YGR185C,YCL055W,1.2390129070297129e-12
YGR185C,YPR122W,7.078401154103631e-08
YGR185C,YMR065W,0.03280290588736534
YGR185C,YDR356W,1.7705883692542557e-06
YGR185C,YMR052W,1.0
YGR185C,YFR008W,1.0042257692077783e-08
YGR185C,YLL043W,1.5359386651425666e-08
YGR185C,YMR029C,0.6903184652328491
YGR185C,YJR004C,1.3980846347294573e-07
YGR185C,YDL223C,3.5513023630916977e-16
YGR185C,YHR158C,0.7096991539001465
YGR185C,YGR238C,0.03211230784654617
YGR185C,YIL015W,0.11299307644367218
YGR185C,YGL173C,0.008778839372098446
YGR185C,YDL225W,0.0002938674879260361
YGR185C,YLR330W,7.675415645280736e-07
YGR185C,YBR129C,0.9827243685722351
YGR185C,YKR095W-A,0.2020167112350464
YGR185C,YPR075C,1.848854836589142e-12
YGR185C,YMR198W,9.779797437658999e-06
YGR185C,YOR127W,0.015489148907363415
YGR185C,YDR264C,3.579699477995746e-05
YGR185C,YLR110C,2.300394498888636e-06
YGR185C,YDR379W,0.001334909931756556
YGR185C,YDL100C,8.2646431565081e-07
YGR185C,YHR073W,4.210706663343444e-07
YGR185C,YJR090C,7.257107881741831e-06
YGR185C,YOR208W,2.2940868802834302e-05
YGR185C,YBR040W,0.10865877568721771
YGR185C,YNL279W,2.164366378565319e-06
YGR185C,YER075C,0.000494726758915931
YGR185C,YCR089W,6.350637793417491e-10
YGR185C,YCR002C,0.0033008309546858072
YGR185C,YJL108C,8.963214349932969e-05
YGR185C,YBR200W,9.319745731772855e-05
YGR185C,YIL026C,1.6603725043751183e-06
YGR185C,YJR076C,0.8623778223991394
YGR185C,YKR031C,7.481337434001034e-07
YGR185C,YPL192C,4.031130447401665e-05
YGR185C,YHR107C,0.0006084779743105173
YGR185C,YIL037C,1.3228402373499648e-08
YGR185C,YPL156C,1.5371117115137167e-05
YGR185C,YIL117C,0.006791636813431978
YGR185C,YHR066W,3.3516533298749707e-11
YGR185C,YML085C,0.002061642473563552
YGR185C,YML047C,9.720677553559653e-06
YGR185C,YDR312W,0.00018920382717624307
YGR185C,YFL037W,0.007983986288309097
YGR185C,YDL038C,0.2020167112350464
YGR185C,YDL039C,2.4607976246981966e-12
YGR185C,YCL027W,0.0012606196105480194
YGR185C,YML124C,1.557467262797152e-13
YGR185C,YGL053W,0.19013795256614685
YGR185C,YMR232W,0.29586634039878845
YGR185C,YNL298W,1.8280301219419925e-06
YGR185C,YGL099W,0.00015101456665433943
YGR185C,YBL016W,6.035631940903841e-07
YGR185C,YAL041W,2.734818593808086e-08
YGR185C,YDR085C,0.0002075432421406731
YGR185C,YPL187W,0.36179494857788086
YGR185C,YPL256C,8.629403858151363e-09
YGR185C,YDR461W,8.544158731638163e-07
YGR185C,YNL145W,1.1543045275175245e-06
YER109C,YDL165W,0.0005285426159389317
YER109C,YGR059W,2.3755437721095785e-12
YER109C,YBR109C,7.040118710222032e-09
YER109C,YJL080C,9.839416634349618e-06
YER109C,YCR093W,5.430792384686356e-07
YER109C,YIL122W,0.0018290117150172591
YER109C,YCL029C,1.597045828916066e-10
YER109C,YNL173C,2.6770403671605436e-09
YER109C,YLR452C,0.001267704414203763
YER109C,YDL160C,0.8029643297195435
YER109C,YLR229C,0.0022654568310827017
YER109C,YML057W,6.351788539582515e-10
YER109C,YER149C,7.793283884893754e-08
YER109C,YMR305C,2.998742820636835e-05
YER109C,YLR433C,0.8157804012298584
YER109C,YJL073W,2.648618419698323e-06
YER109C,YGR279C,2.8376501859384007e-07
YER109C,YKL190W,0.0038692865055054426
YER109C,YGL089C,2.7234582944402064e-07
YER109C,YJL019W,2.242224635129464e-11
YER109C,YJL018W,0.00031151590519584715
YER109C,YNR032C-A,0.00015740549133624882
YER109C,YGL178W,1.597013898901878e-08
YER109C,YKL116C,1.5551973930882923e-08
YER109C,YDL214C,0.5914479494094849
YER109C,YLR362W,1.4543146201195789e-11
YER109C,YER068W,2.5529129743517842e-06
YER109C,YHR084W,2.3347419642050227e-07
YER109C,YDR392W,0.00015596837329212576
YER109C,YNL053W,2.4399605536018498e-05
YER109C,YGR040W,1.0290751788488706e-06
YER109C,YDL216C,9.814048098633066e-05
YER109C,YOL117W,2.135289380139865e-15
YER109C,YJR086W,1.0320393357687863e-06
YER109C,YMR025W,1.1111064325552977e-11
YER109C,YBR081C,0.06419193744659424
YER109C,YFL026W,0.0013451511040329933
YER109C,YHL007C,3.617242896325479e-07
YER109C,YNR044W,0.001839812146499753
YER109C,YNL271C,0.0037622847594320774
YER109C,YDR200C,5.948237230768427e-06
YER109C,YKL178C,0.001282200333662331
YER109C,YOR212W,5.281205176288495e-06
YER109C,YOL111C,0.002877581864595413
YER109C,YGL032C,1.2658127843678812e-06
YER109C,YHR005C,5.648376189514026e-13
YER109C,YDR103W,1.898070252082107e-07
YER109C,YJR084W,0.00013479223707690835
YER109C,YCL032W,6.776623706628015e-11
YER109C,YJL170C,1.802141369466881e-08
YER109C,YDR179C,2.4515175667261246e-08
YER109C,YBR095C,4.826590327411395e-08
YER109C,YLL021W,7.175642302570395e-10
YER109C,YDL159W,3.771013439290982e-07
YER109C,YNL161W,1.6660922597111494e-07
YER109C,YNL188W,3.8546271730055537e-10
YER109C,YJL157C,7.93915091890085e-07
YER109C,YJL034W,2.8106574845310206e-08
YER109C,YLR238W,6.66650805669633e-07
YER109C,YPR141C,3.524694329826161e-05
YER109C,YNL127W,3.17764065928261e-12
YER109C,YCL055W,9.160494585103152e-09
YER109C,YPR122W,0.015343137085437775
YER109C,YMR065W,0.07688602805137634
YER109C,YDR356W,0.014959271065890789
YER109C,YMR052W,1.756058514747194e-12
YER109C,YFR008W,5.223884880223295e-09
YER109C,YLL043W,6.727585155630322e-10
YER109C,YMR029C,6.348597025862546e-08
YER109C,YJR004C,0.00020446420239750296
YER109C,YDL223C,4.2038236642838456e-06
YER109C,YHR158C,8.412052557105199e-05
YER109C,YGR238C,4.432728746905923e-05
YER109C,YIL015W,4.175487447355408e-06
YER109C,YGL173C,2.402133759460412e-06
YER109C,YDL225W,2.4534141630283557e-05
YER109C,YLR330W,9.030164636880667e-12
YER109C,YBR129C,4.8799391610954146e-11
YER109C,YKR095W-A,0.2020167112350464
YER109C,YPR075C,2.6528032321948558e-05
YER109C,YMR198W,0.0031808502972126007
YER109C,YOR127W,0.06781235337257385
YER109C,YDR264C,4.042982709506759e-06
YER109C,YLR110C,4.501645491927775e-07
YER109C,YDR379W,5.3727773774880916e-05
YER109C,YDL100C,7.649063132018907e-13
YER109C,YHR073W,1.107775293718305e-08
YER109C,YJR090C,2.3180741663964e-06
YER109C,YOR208W,5.391219697233052e-13
YER109C,YBR040W,6.433879207179416e-08
YER109C,YNL279W,7.662741268177342e-07
YER109C,YER075C,1.5118464702368328e-08
YER109C,YCR089W,0.03098670206964016
YER109C,YCR002C,3.265481382186408e-06
YER109C,YJL108C,4.333543870416179e-07
YER109C,YBR200W,1.2501517630880699e-05
YER109C,YIL026C,0.010480191558599472
YER109C,YJR076C,4.954540031576471e-07
YER109C,YKR031C,0.009308143518865108
YER109C,YPL192C,3.7304903344193008e-06
YER109C,YHR107C,2.3898579115666507e-07
YER109C,YIL037C,8.799271711268375e-08
YER109C,YPL156C,1.5327408618759364e-05
YER109C,YIL117C,1.3569537493651751e-08
YER109C,YHR066W,1.2984293640272426e-09
YER109C,YML085C,0.00098517257720232
YER109C,YML047C,0.0011294751893728971
YER109C,YDR312W,0.0004908517585135996
YER109C,YFL037W,6.121285145432864e-10
YER109C,YDL038C,0.2020167112350464
YER109C,YDL039C,2.214759732291001e-21
YER109C,YCL027W,6.419448972394548e-09
YER109C,YML124C,9.99351854602537e-08
YER109C,YGL053W,2.828680079882892e-15
YER109C,YMR232W,2.40300607856625e-07
YER109C,YNL298W,4.398314558784477e-06
YER109C,YGL099W,1.6921998025054563e-08
YER109C,YBL016W,1.2029467200136423e-08
YER109C,YAL041W,1.5180408041715054e-09
YER109C,YDR085C,4.072377435271335e-10
YER109C,YPL187W,1.6534436042547895e-07
YER109C,YPL256C,1.454179994198057e-07
YER109C,YDR461W,0.0009484794572927058
YER109C,YNL145W,3.7922700357739814e-07
YHR030C,YDL165W,0.0015189896803349257
YHR030C,YGR059W,4.585733677231474e-06
YHR030C,YBR109C,0.9953432083129883
YHR030C,YJL080C,0.9972796440124512
YHR030C,YCR093W,0.5051317811012268
YHR030C,YIL122W,6.236779981350082e-10
YHR030C,YCL029C,4.990861270925961e-07
YHR030C,YNL173C,0.014843979850411415
YHR030C,YLR452C,2.991056680912152e-05
YHR030C,YDL160C,0.6005070805549622
YHR030C,YLR229C,1.0967252883631318e-08
YHR030C,YML057W,1.4589708412069856e-15
YHR030C,YER149C,0.026577552780508995
YHR030C,YMR305C,1.5193165836535627e-07
YHR030C,YLR433C,1.6420806787209585e-05
YHR030C,YJL073W,5.1323090701771434e-06
YHR030C,YGR279C,0.9708375334739685
YHR030C,YKL190W,0.02104649692773819
YHR030C,YGL089C,7.917687128156103e-08
YHR030C,YJL019W,0.012050645425915718
YHR030C,YJL018W,0.022988708689808846
YHR030C,YNR032C-A,0.9998999834060669
YHR030C,YGL178W,3.2847582293049626e-11
YHR030C,YKL116C,2.5280971507203435e-16
YHR030C,YDL214C,0.005627951119095087
YHR030C,YLR362W,5.296918719616128e-12
YHR030C,YER068W,8.064537837526586e-08
YHR030C,YHR084W,7.848915267727463e-11
YHR030C,YDR392W,7.726406465735636e-07
YHR030C,YNL053W,6.653948225743278e-11
YHR030C,YGR040W,1.4089283906226768e-10
YHR030C,YDL216C,0.030126826837658882
YHR030C,YOL117W,1.7142013364335185e-09
YHR030C,YJR086W,0.7290680408477783
YHR030C,YMR025W,0.21127790212631226
YHR030C,YBR081C,4.265389361535199e-05
YHR030C,YFL026W,0.02857864834368229
YHR030C,YHL007C,1.8054063133376985e-08
YHR030C,YNR044W,0.24576102197170258
YHR030C,YNL271C,0.8866315484046936
YHR030C,YDR200C,0.013997490517795086
YHR030C,YKL178C,0.023632219061255455
YHR030C,YOR212W,0.006753300316631794
YHR030C,YOL111C,4.623638416578757e-10
YHR030C,YGL032C,1.8711429627948917e-10
YHR030C,YHR005C,0.00014509297034237534
YHR030C,YDR103W,4.9825313908513635e-05
YHR030C,YJR084W,0.0019435329595580697
YHR030C,YCL032W,1.1333016303183285e-08
YHR030C,YJL170C,0.9845794439315796
YHR030C,YDR179C,2.46838487150125e-12
YHR030C,YBR095C,0.7275757193565369
YHR030C,YLL021W,3.527305807438097e-06
YHR030C,YDL159W,4.1681705512802194e-18
YHR030C,YNL161W,0.09918437898159027
YHR030C,YNL188W,9.041401062859222e-05
YHR030C,YJL157C,4.5769638745696284e-08
YHR030C,YJL034W,2.2556667905043737e-12
YHR030C,YLR238W,1.2700731133463705e-08
YHR030C,YPR141C,0.0010523399105295539
YHR030C,YNL127W,7.597195035612472e-14
YHR030C,YCL055W,0.0003682200040202588
YHR030C,YPR122W,0.7822110652923584
YHR030C,YMR065W,0.9759376645088196
YHR030C,YDR356W,0.00034111744025722146
YHR030C,YMR052W,0.998855471611023
YHR030C,YFR008W,1.776497704497615e-08
YHR030C,YLL043W,0.19932116568088531
YHR030C,YMR029C,0.00012095213605789468
YHR030C,YJR004C,0.0019151478772982955
YHR030C,YDL223C,2.5741115876981497e-20
YHR030C,YHR158C,6.868435593787581e-05
YHR030C,YGR238C,2.5461314371970356e-13
YHR030C,YIL015W,0.9043607711791992
YHR030C,YGL173C,0.9910290241241455
YHR030C,YDL225W,0.015007796697318554
YHR030C,YLR330W,1.3601621503767092e-05
YHR030C,YBR129C,0.4866942763328552
YHR030C,YKR095W-A,0.2020167112350464
YHR030C,YPR075C,3.310275908637375e-14
YHR030C,YMR198W,0.010846396908164024
YHR030C,YOR127W,0.8786191940307617
YHR030C,YDR264C,1.394365067852732e-08
YHR030C,YLR110C,0.8837594985961914
YHR030C,YDR379W,4.320044354244601e-06
YHR030C,YDL100C,0.018731117248535156
YHR030C,YHR073W,0.9999781847000122
YHR030C,YJR090C,0.06301889568567276
YHR030C,YOR208W,2.482488525856752e-08
YHR030C,YBR040W,0.25632020831108093
YHR030C,YNL279W,0.0013679940020665526
YHR030C,YER075C,2.1731260346768977e-08
YHR030C,YCR089W,0.9999942779541016
YHR030C,YCR002C,0.1437062919139862
YHR030C,YJL108C,0.44212961196899414
YHR030C,YBR200W,1.1373416314644502e-13
YHR030C,YIL026C,0.9993368983268738
YHR030C,YJR076C,1.76766462800515e-07
YHR030C,YKR031C,5.019462276378839e-12
YHR030C,YPL192C,0.0006219975184649229
YHR030C,YHR107C,0.00046705282875336707
YHR030C,YIL037C,0.9584872126579285
YHR030C,YPL156C,2.684801927443914e-07
YHR030C,YIL117C,3.676818571829443e-11
YHR030C,YHR066W,4.084413252058994e-09
YHR030C,YML085C,1.4109825769992312e-06
YHR030C,YML047C,0.0009224047535099089
YHR030C,YDR312W,0.7642508149147034
YHR030C,YFL037W,5.970082838757662e-06
YHR030C,YDL038C,0.2020167112350464
YHR030C,YDL039C,2.355842854129264e-09
YHR030C,YCL027W,0.9998776912689209
YHR030C,YML124C,0.15391279757022858
YHR030C,YGL053W,0.3764699101448059
YHR030C,YMR232W,5.972641156404279e-05
YHR030C,YNL298W,0.3397277593612671
YHR030C,YGL099W,1.8179937910645094e-07
YHR030C,YBL016W,9.105111189455783e-07
YHR030C,YAL041W,0.9348395466804504
YHR030C,YDR085C,5.456226062960923e-06
YHR030C,YPL187W,0.005842544138431549
YHR030C,YPL256C,0.00014657028077635914
YHR030C,YDR461W,1.3323407047766134e-12
YHR030C,YNL145W,4.382757481380395e-07
YOR034C,YDL165W,5.329121475702858e-13
YOR034C,YGR059W,4.806100150744896e-06
YOR034C,YBR109C,2.6762590082420046e-13
YOR034C,YJL080C,1.794815720199995e-14
YOR034C,YCR093W,0.0017282209591940045
YOR034C,YIL122W,0.00026833670563064516
YOR034C,YCL029C,4.757149535405958e-11
YOR034C,YNL173C,1.5381028788397089e-06
YOR034C,YLR452C,0.004516699817031622
YOR034C,YDL160C,3.5919290439778706e-06
YOR034C,YLR229C,8.23570239782967e-11
YOR034C,YML057W,4.22505230801562e-09
YOR034C,YER149C,2.4935579290286114e-07
YOR034C,YMR305C,3.0134652936449828e-18
YOR034C,YLR433C,6.543495606470273e-11
YOR034C,YJL073W,1.399420170855592e-06
YOR034C,YGR279C,6.8108292443358476e-12
YOR034C,YKL190W,2.655415482877288e-05
YOR034C,YGL089C,4.737902236338909e-13
YOR034C,YJL019W,1.4042708662564962e-10
YOR034C,YJL018W,0.10684675723314285
YOR034C,YNR032C-A,0.052156634628772736
YOR034C,YGL178W,1.102458372770343e-05
YOR034C,YKL116C,7.210163455867447e-13
YOR034C,YDL214C,0.040306512266397476
YOR034C,YLR362W,7.250232738442719e-05
YOR034C,YER068W,2.7297005801563134e-12
YOR034C,YHR084W,2.6510924227109763e-15
YOR034C,YDR392W,1.2109064861931529e-09
YOR034C,YNL053W,1.0638242673929876e-12
YOR034C,YGR040W,1.3966673577670008e-05
YOR034C,YDL216C,0.022645631805062294
YOR034C,YOL117W,2.74426315005627e-10
YOR034C,YJR086W,8.346143914872428e-11
YOR034C,YMR025W,1.7827533156378195e-05
YOR034C,YBR081C,2.9135773615962535e-07
YOR034C,YFL026W,1.7016058109220467e-06
YOR034C,YHL007C,1.7343987579465647e-08
YOR034C,YNR044W,8.456408906454271e-10
YOR034C,YNL271C,0.002105253515765071
YOR034C,YDR200C,1.2277809324778843e-10
YOR034C,YKL178C,0.00018603231001179665
YOR034C,YOR212W,2.0457162006048968e-11
YOR034C,YOL111C,9.021632081385178e-07
YOR034C,YGL032C,6.919770978441875e-09
YOR034C,YHR005C,1.461956423975952e-12
YOR034C,YDR103W,0.006681080907583237
YOR034C,YJR084W,7.261556356219501e-10
YOR034C,YCL032W,5.819597390654963e-07
YOR034C,YJL170C,0.0006817277171649039
YOR034C,YDR179C,9.68823655966844e-07
YOR034C,YBR095C,1.2837189089509593e-08
YOR034C,YLL021W,1.7246228056766455e-10
YOR034C,YDL159W,0.0007371605024673045
YOR034C,YNL161W,2.1113046866361174e-09
YOR034C,YNL188W,4.3335861700348477e-13
YOR034C,YJL157C,4.4431770545791394e-14
YOR034C,YJL034W,7.211088497161011e-12
YOR034C,YLR238W,6.643488745794457e-07
YOR034C,YPR141C,0.6031436920166016
YOR034C,YNL127W,2.4731921399734347e-08
YOR034C,YCL055W,2.0944291463820264e-05
YOR034C,YPR122W,0.06597729027271271
YOR034C,YMR065W,7.040259347723676e-11
YOR034C,YDR356W,4.0998935446623364e-07
YOR034C,YMR052W,1.555178670287205e-07
YOR034C,YFR008W,1.3129756837315654e-07
YOR034C,YLL043W,1.5393472494906746e-05
YOR034C,YMR029C,3.863867448217206e-09
YOR034C,YJR004C,4.516188710113056e-05
YOR034C,YDL223C,2.1544248340887862e-07
YOR034C,YHR158C,5.725565421083045e-12
YOR034C,YGR238C,3.747484697669279e-06
YOR034C,YIL015W,0.9776972532272339
YOR034C,YGL173C,0.19459262490272522
YOR034C,YDL225W,8.130691283550658e-15
YOR034C,YLR330W,1.5790900531609253e-10
YOR034C,YBR129C,3.885959998228827e-08
YOR034C,YKR095W-A,0.2020167112350464
YOR034C,YPR075C,4.50335573987104e-06
YOR034C,YMR198W,0.3003542721271515
YOR034C,YOR127W,1.4283797611369664e-07
YOR034C,YDR264C,0.0001688712800387293
YOR034C,YLR110C,3.390908022993244e-05
YOR034C,YDR379W,3.5606405519340856e-13
YOR034C,YDL100C,6.072391721401171e-12
YOR034C,YHR073W,0.00023356905148830265
YOR034C,YJR090C,0.00020239963487256318
YOR034C,YOR208W,2.3630162271359723e-09
YOR034C,YBR040W,3.9981955524126533e-07
YOR034C,YNL279W,0.0017617898993194103
YOR034C,YER075C,1.8777302102535032e-05
YOR034C,YCR089W,1.0687453797387364e-13
YOR034C,YCR002C,5.565326845202723e-13
YOR034C,YJL108C,1.4227669606695081e-12
YOR034C,YBR200W,5.7943721003539395e-06
YOR034C,YIL026C,4.5940731070004404e-05
YOR034C,YJR076C,6.250849570248152e-16
YOR034C,YKR031C,0.00022731781064067036
YOR034C,YPL192C,1.0371746611781418e-05
YOR034C,YHR107C,4.58519839121891e-14
YOR034C,YIL037C,0.0032011913135647774
YOR034C,YPL156C,3.857161937048659e-05
YOR034C,YIL117C,0.00017780835332814604
YOR034C,YHR066W,1.2361093037134077e-20
YOR034C,YML085C,8.02268207422685e-09
YOR034C,YML047C,0.028388606384396553
YOR034C,YDR312W,6.6289618239068204e-09
YOR034C,YFL037W,1.2963379345306487e-17
YOR034C,YDL038C,0.2020167112350464
YOR034C,YDL039C,5.6296479522370546e-14
YOR034C,YCL027W,2.6670326747080253e-07
YOR034C,YML124C,5.888509151225163e-22
YOR034C,YGL053W,1.4643682334281038e-05
YOR034C,YMR232W,0.05568111315369606
YOR034C,YNL298W,4.5901521161795245e-07
YOR034C,YGL099W,1.294810111259748e-18
YOR034C,YBL016W,6.904437910293382e-09
YOR034C,YAL041W,0.10648653656244278
YOR034C,YDR085C,0.0008021199028007686
YOR034C,YPL187W,8.338832735432788e-09
YOR034C,YPL256C,5.686171138433692e-15
YOR034C,YDR461W,0.024516751989722252
YOR034C,YNL145W,3.0981733021087643e-13
YKR008W,YDL165W,3.1062545531312935e-06
YKR008W,YGR059W,1.3025708085478982e-06
YKR008W,YBR109C,0.0009121117182075977
YKR008W,YJL080C,0.9986385703086853
YKR008W,YCR093W,0.9739230871200562
YKR008W,YIL122W,0.8250080347061157
YKR008W,YCL029C,2.726101213596844e-15
YKR008W,YNL173C,0.00016021136252675205
YKR008W,YLR452C,0.0007929625571705401
YKR008W,YDL160C,0.0028220624662935734
YKR008W,YLR229C,0.003429398639127612
YKR008W,YML057W,3.5638425543993435e-08
YKR008W,YER149C,0.01235229056328535
YKR008W,YMR305C,0.01830042339861393
YKR008W,YLR433C,5.092308492748998e-05
YKR008W,YJL073W,1.0328947610105388e-05
YKR008W,YGR279C,0.9386926293373108
YKR008W,YKL190W,0.0008257263107225299
YKR008W,YGL089C,0.1622990220785141
YKR008W,YJL019W,2.6899226668319898e-06
YKR008W,YJL018W,0.00010311411460861564
YKR008W,YNR032C-A,0.8251376748085022
YKR008W,YGL178W,0.13616476953029633
YKR008W,YKL116C,0.0025980263017117977
YKR008W,YDL214C,0.6578986644744873
YKR008W,YLR362W,0.0012085048947483301
YKR008W,YER068W,4.63617027435248e-07
YKR008W,YHR084W,1.2947035804566909e-11
YKR008W,YDR392W,0.00010642988490872085
YKR008W,YNL053W,0.0014362117508426309
YKR008W,YGR040W,0.00017470534658059478
YKR008W,YDL216C,8.201806878105344e-08
YKR008W,YOL117W,2.0514265486326622e-07
YKR008W,YJR086W,1.1814474419225007e-05
YKR008W,YMR025W,0.4423101246356964
YKR008W,YBR081C,0.39134761691093445
YKR008W,YFL026W,9.929712541634217e-05
YKR008W,YHL007C,1.9027264139270805e-11
YKR008W,YNR044W,1.424823494744487e-07
YKR008W,YNL271C,7.020276626690247e-08
YKR008W,YDR200C,0.0004995581111870706
YKR008W,YKL178C,7.299525805137819e-06
YKR008W,YOR212W,0.9994540810585022
YKR008W,YOL111C,4.7474049465082244e-15
YKR008W,YGL032C,3.2994742014125222e-06
YKR008W,YHR005C,1.5531911685684463e-06
YKR008W,YDR103W,0.9657125473022461
YKR008W,YJR084W,4.607954195989805e-08
YKR008W,YCL032W,1.0676687622890313e-07
YKR008W,YJL170C,0.0027757699135690928
YKR008W,YDR179C,5.237330924501293e-07
YKR008W,YBR095C,3.676880442071706e-05
YKR008W,YLL021W,0.9903638958930969
YKR008W,YDL159W,0.02150755003094673
YKR008W,YNL161W,1.438114736629359e-06
YKR008W,YNL188W,0.014640193432569504
YKR008W,YJL157C,1.4777156138734426e-06
YKR008W,YJL034W,5.255738119019915e-12
YKR008W,YLR238W,2.3469688414934353e-07
YKR008W,YPR141C,0.9997685551643372
YKR008W,YNL127W,6.143673817859963e-05
YKR008W,YCL055W,1.4276910178523394e-06
YKR008W,YPR122W,0.00030221123597584665
YKR008W,YMR065W,2.8181221978229587e-07
YKR008W,YDR356W,3.174465973643237e-06
YKR008W,YMR052W,0.6268143057823181
YKR008W,YFR008W,4.1162070374411996e-07
YKR008W,YLL043W,2.6477116534806555e-06
YKR008W,YMR029C,6.030634325249196e-11
YKR008W,YJR004C,6.922380180185428e-07
YKR008W,YDL223C,3.533405035227588e-08
YKR008W,YHR158C,0.00010556165943853557
YKR008W,YGR238C,0.0033411849290132523
YKR008W,YIL015W,0.8069359660148621
YKR008W,YGL173C,0.29542240500450134
YKR008W,YDL225W,0.003828067798167467
YKR008W,YLR330W,7.209625486184404e-17
YKR008W,YBR129C,0.7177229523658752
YKR008W,YKR095W-A,0.2020167112350464
YKR008W,YPR075C,8.851088153126675e-18
YKR008W,YMR198W,0.0019083278020843863
YKR008W,YOR127W,0.0005577144329436123
YKR008W,YDR264C,0.27101024985313416
YKR008W,YLR110C,0.9389431476593018
YKR008W,YDR379W,0.00022733297373633832
YKR008W,YDL100C,0.00027111737290397286
YKR008W,YHR073W,0.028292376548051834
YKR008W,YJR090C,1.0551716655982091e-07
YKR008W,YOR208W,2.188240387113183e-06
YKR008W,YBR040W,0.9999207258224487
YKR008W,YNL279W,0.9924182891845703
YKR008W,YER075C,0.00031885868520475924
YKR008W,YCR089W,0.0003073507687076926
YKR008W,YCR002C,0.8883901238441467
YKR008W,YJL108C,2.051578849204816e-05
YKR008W,YBR200W,1.387416403986208e-09
YKR008W,YIL026C,0.8528386354446411
YKR008W,YJR076C,0.00015437589900102466
YKR008W,YKR031C,2.2776580976824334e-07
YKR008W,YPL192C,0.4167732894420624
YKR008W,YHR107C,0.00048273560241796076
YKR008W,YIL037C,0.006532957777380943
YKR008W,YPL156C,0.34845951199531555
YKR008W,YIL117C,0.09453537315130234
YKR008W,YHR066W,2.8225130976917295e-16
YKR008W,YML085C,0.9478248357772827
YKR008W,YML047C,0.6939598917961121
YKR008W,YDR312W,0.00010791600652737543
YKR008W,YFL037W,0.9932225942611694
YKR008W,YDL038C,0.2020167112350464
YKR008W,YDL039C,1.884835540977292e-07
YKR008W,YCL027W,0.9805006980895996
YKR008W,YML124C,4.8308222176274285e-05
YKR008W,YGL053W,0.0002508852048777044
YKR008W,YMR232W,5.672256520483643e-05
YKR008W,YNL298W,0.0017235636478289962
YKR008W,YGL099W,1.3019515243684054e-08
YKR008W,YBL016W,4.890904392595985e-08
YKR008W,YAL041W,0.012088626623153687
YKR008W,YDR085C,0.007799502927809954
YKR008W,YPL187W,0.9999301433563232
YKR008W,YPL256C,0.0013191603356972337
YKR008W,YDR461W,1.3431107781514129e-08
YKR008W,YNL145W,2.2678947061649524e-05
YPL241C,YDL165W,0.0001422844361513853
YPL241C,YGR059W,0.00012999449972994626
YPL241C,YBR109C,1.4559673218172975e-05
YPL241C,YJL080C,7.192714974735281e-07
YPL241C,YCR093W,2.0343057371974282e-07
YPL241C,YIL122W,0.00981933530420065
YPL241C,YCL029C,4.68588279289861e-10
YPL241C,YNL173C,7.098857679466164e-08
YPL241C,YLR452C,4.985561830039842e-08
YPL241C,YDL160C,1.6404638758515944e-09
YPL241C,YLR229C,0.0010069923009723425
YPL241C,YML057W,2.56770058909778e-14
YPL241C,YER149C,3.5589145519487886e-10
YPL241C,YMR305C,0.04101022332906723
YPL241C,YLR433C,6.839018737991864e-07
YPL241C,YJL073W,1.3431158407684052e-08
YPL241C,YGR279C,2.7254554949701637e-12
YPL241C,YKL190W,3.165099746963579e-13
YPL241C,YGL089C,0.0002555793907959014
YPL241C,YJL019W,2.2985525447438704e-06
YPL241C,YJL018W,0.03609751909971237
YPL241C,YNR032C-A,0.050344206392765045
YPL241C,YGL178W,0.0004643289721570909
YPL241C,YKL116C,3.37184964394055e-08
YPL241C,YDL214C,2.2084308511693962e-05
YPL241C,YLR362W,6.499069060694751e-10
YPL241C,YER068W,1.4565265438193364e-08
YPL241C,YHR084W,0.011891270987689495
YPL241C,YDR392W,0.00028141200891695917
YPL241C,YNL053W,0.27427783608436584
YPL241C,YGR040W,0.04434458911418915
YPL241C,YDL216C,0.2755376398563385
YPL241C,YOL117W,6.500247007323878e-10
YPL241C,YJR086W,2.1814590748344433e-17
YPL241C,YMR025W,5.079506081528962e-06
YPL241C,YBR081C,1.0054495760414284e-06
YPL241C,YFL026W,1.3439188251140877e-06
YPL241C,YHL007C,1.038643393513894e-09
YPL241C,YNR044W,5.358343102557228e-09
YPL241C,YNL271C,9.534554834544906e-08
YPL241C,YDR200C,3.563462814781815e-05
YPL241C,YKL178C,0.9643352031707764
YPL241C,YOR212W,8.429354991790206e-10
YPL241C,YOL111C,2.4523501451767515e-08
YPL241C,YGL032C,2.057313167824759e-06
YPL241C,YHR005C,0.0008493528584949672
YPL241C,YDR103W,0.0019307100446894765
YPL241C,YJR084W,2.2610824146340747e-07
YPL241C,YCL032W,2.5982296175675046e-11
YPL241C,YJL170C,0.00017908976587932557
YPL241C,YDR179C,6.919001482863507e-10
YPL241C,YBR095C,3.9479154168020614e-08
YPL241C,YLL021W,1.1276829070538952e-07
YPL241C,YDL159W,1.2890332247786351e-12
YPL241C,YNL161W,0.0024647321552038193
YPL241C,YNL188W,6.377013050951064e-07
YPL241C,YJL157C,9.164629091173992e-07
YPL241C,YJL034W,1.4152838900827192e-07
YPL241C,YLR238W,0.0009344624704681337
YPL241C,YPR141C,0.00016026302182581276
YPL241C,YNL127W,0.05875202640891075
YPL241C,YCL055W,0.00037493908894248307
YPL241C,YPR122W,8.427982720604632e-06
YPL241C,YMR065W,0.9928712248802185
YPL241C,YDR356W,1.3083063095109537e-06
YPL241C,YMR052W,2.3095526879846062e-10
YPL241C,YFR008W,2.5448805729411106e-08
YPL241C,YLL043W,2.1095829083606077e-08
YPL241C,YMR029C,3.228241851616076e-08
YPL241C,YJR004C,0.0002050501061603427
YPL241C,YDL223C,4.946421938711865e-09
YPL241C,YHR158C,3.366513556102291e-05
YPL241C,YGR238C,0.0005426849238574505
YPL241C,YIL015W,0.13769054412841797
YPL241C,YGL173C,6.603575911867665e-06
YPL241C,YDL225W,9.453582361373947e-10
YPL241C,YLR330W,2.699678588319321e-13
YPL241C,YBR129C,3.604050289141014e-05
YPL241C,YKR095W-A,0.2020167112350464
YPL241C,YPR075C,2.7536913721482037e-13
YPL241C,YMR198W,2.452177128020594e-08
YPL241C,YOR127W,7.838654596525885e-07
YPL241C,YDR264C,7.641710908501409e-06
YPL241C,YLR110C,1.434749563600235e-08
YPL241C,YDR379W,1.843316255190075e-08
YPL241C,YDL100C,3.616686683471926e-08
YPL241C,YHR073W,0.005721236579120159
YPL241C,YJR090C,1.4937833157091518e-06
YPL241C,YOR208W,1.0630162572006738e-17
YPL241C,YBR040W,0.007444080431014299
YPL241C,YNL279W,0.09466060250997543
YPL241C,YER075C,2.0912503728709453e-08
YPL241C,YCR089W,3.232960121835049e-09
YPL241C,YCR002C,3.094177358775596e-08
YPL241C,YJL108C,0.5951986908912659
YPL241C,YBR200W,1.9915331961328775e-07
YPL241C,YIL026C,3.117918822681531e-05
YPL241C,YJR076C,0.00032602896681055427
YPL241C,YKR031C,2.516156018828042e-05
YPL241C,YPL192C,6.47881897748448e-05
YPL241C,YHR107C,8.075063306023367e-06
YPL241C,YIL037C,0.056424830108881
YPL241C,YPL156C,0.8246908187866211
YPL241C,YIL117C,0.8837412595748901
YPL241C,YHR066W,2.306508302460494e-16
YPL241C,YML085C,6.567007826419058e-09
YPL241C,YML047C,0.9999591112136841
YPL241C,YDR312W,4.475013838222547e-13
YPL241C,YFL037W,0.08284886181354523
YPL241C,YDL038C,0.2020167112350464
YPL241C,YDL039C,1.2024630067570185e-15
YPL241C,YCL027W,0.0003769196628127247
YPL241C,YML124C,4.892954930113547e-09
YPL241C,YGL053W,5.353353117243387e-05
YPL241C,YMR232W,0.9827262163162231
YPL241C,YNL298W,2.0955119907739572e-05
YPL241C,YGL099W,1.2296176124965705e-15
YPL241C,YBL016W,9.028180221644366e-13
YPL241C,YAL041W,6.090684223636345e-07
YPL241C,YDR085C,0.00014462154649663717
YPL241C,YPL187W,0.940399706363678
YPL241C,YPL256C,6.230932653519816e-13
YPL241C,YDR461W,1.5269120061216224e-13
YPL241C,YNL145W,4.6881068556103855e-05
YFR002W,YDL165W,5.486053851200268e-07
YFR002W,YGR059W,1.0889451687035034e-06
YFR002W,YBR109C,0.002081690588966012
YFR002W,YJL080C,0.9773167967796326
YFR002W,YCR093W,0.4320380389690399
YFR002W,YIL122W,0.03063966892659664
YFR002W,YCL029C,1.4440164342044426e-10
YFR002W,YNL173C,0.9979764819145203
YFR002W,YLR452C,0.8550592064857483
YFR002W,YDL160C,0.014069434255361557
YFR002W,YLR229C,0.07376868277788162
YFR002W,YML057W,1.517267804729272e-07
YFR002W,YER149C,6.008225227560615e-06
YFR002W,YMR305C,5.108919367557974e-07
YFR002W,YLR433C,0.00013375769776757807
YFR002W,YJL073W,2.4121928898779288e-09
YFR002W,YGR279C,3.3665639720403817e-10
YFR002W,YKL190W,5.180365405976772e-05
YFR002W,YGL089C,5.673045961884782e-05
YFR002W,YJL019W,6.593044236069545e-05
YFR002W,YJL018W,0.0003652696614153683
YFR002W,YNR032C-A,0.9999752044677734
YFR002W,YGL178W,6.744300662830938e-06
YFR002W,YKL116C,5.6524129127266676e-11
YFR002W,YDL214C,0.0693778246641159
YFR002W,YLR362W,7.96477050979405e-10
YFR002W,YER068W,0.8919220566749573
YFR002W,YHR084W,0.0005835003685206175
YFR002W,YDR392W,7.233231008285657e-05
YFR002W,YNL053W,0.000684803759213537
YFR002W,YGR040W,0.01962810941040516
YFR002W,YDL216C,1.9572864162764603e-10
YFR002W,YOL117W,8.550014172215015e-06
YFR002W,YJR086W,0.07615593820810318
YFR002W,YMR025W,0.0012624183436855674
YFR002W,YBR081C,0.22940360009670258
YFR002W,YFL026W,0.7758563756942749
YFR002W,YHL007C,1.691252509772312e-05
YFR002W,YNR044W,1.753100696078036e-05
YFR002W,YNL271C,0.02778863161802292
YFR002W,YDR200C,0.00025828921934589744
YFR002W,YKL178C,0.0005017885123379529
YFR002W,YOR212W,0.07346576452255249
YFR002W,YOL111C,1.4147819626941782e-07
YFR002W,YGL032C,0.9947203397750854
YFR002W,YHR005C,0.05661088973283768
YFR002W,YDR103W,0.0004910197458229959
YFR002W,YJR084W,0.0008858576184138656
YFR002W,YCL032W,0.6639994382858276
YFR002W,YJL170C,0.10186251252889633
YFR002W,YDR179C,1.4255440419219667e-06
YFR002W,YBR095C,8.024900307646021e-05
YFR002W,YLL021W,0.7124618291854858
YFR002W,YDL159W,5.504319666727042e-09
YFR002W,YNL161W,0.0032771260011941195
YFR002W,YNL188W,1.0252655329168192e-06
YFR002W,YJL157C,0.0003913463151548058
YFR002W,YJL034W,9.860418686002959e-07
YFR002W,YLR238W,1.0180870191334179e-07
YFR002W,YPR141C,0.005268481094390154
YFR002W,YNL127W,8.832986350171268e-05
YFR002W,YCL055W,2.0894840417895466e-06
YFR002W,YPR122W,0.9956492781639099
YFR002W,YMR065W,0.005379855632781982
YFR002W,YDR356W,6.614554877160117e-06
YFR002W,YMR052W,0.07408694177865982
YFR002W,YFR008W,1.1060029464715626e-05
YFR002W,YLL043W,1.3974934518046211e-05
YFR002W,YMR029C,2.5470897526247427e-05
YFR002W,YJR004C,1.9622979152700282e-07
YFR002W,YDL223C,1.8185453143360064e-13
YFR002W,YHR158C,0.941101610660553
YFR002W,YGR238C,1.6960294280110588e-11
YFR002W,YIL015W,0.9902751445770264
YFR002W,YGL173C,0.9999955892562866
YFR002W,YDL225W,0.6079105138778687
YFR002W,YLR330W,0.08600178360939026
YFR002W,YBR129C,0.004851064644753933
YFR002W,YKR095W-A,0.2020167112350464
YFR002W,YPR075C,1.7340298641421725e-10
YFR002W,YMR198W,0.00010070161806652322
YFR002W,YOR127W,0.005123724229633808
YFR002W,YDR264C,0.3395901024341583
YFR002W,YLR110C,0.0012589781545102596
YFR002W,YDR379W,0.25374463200569153
YFR002W,YDL100C,0.3196418881416321
YFR002W,YHR073W,1.5512709694576188e-07
YFR002W,YJR090C,4.207960841995373e-07
YFR002W,YOR208W,0.9958904981613159
YFR002W,YBR040W,0.4135453999042511
YFR002W,YNL279W,0.005565776955336332
YFR002W,YER075C,2.7218354148317303e-07
YFR002W,YCR089W,5.1765673561021686e-05
YFR002W,YCR002C,0.1439136117696762
YFR002W,YJL108C,1.5019260899862275e-05
YFR002W,YBR200W,1.4195450148690725e-06
YFR002W,YIL026C,1.649425939831417e-05
YFR002W,YJR076C,0.9834994673728943
YFR002W,YKR031C,8.320105138182043e-08
YFR002W,YPL192C,1.8147427908843383e-05
YFR002W,YHR107C,6.281132755248109e-06
YFR002W,YIL037C,4.828901364817284e-05
YFR002W,YPL156C,0.0015127697261050344
YFR002W,YIL117C,0.025960149243474007
YFR002W,YHR066W,1.0628367434981133e-19
YFR002W,YML085C,0.44907015562057495
YFR002W,YML047C,1.8441240756672528e-09
YFR002W,YDR312W,7.878676115069538e-06
YFR002W,YFL037W,0.0001768778165569529
YFR002W,YDL038C,0.2020167112350464
YFR002W,YDL039C,5.344420652558801e-13
YFR002W,YCL027W,1.5506349882343784e-05
YFR002W,YML124C,3.7636711525124156e-09
YFR002W,YGL053W,1.2577000916280667e-06
YFR002W,YMR232W,3.8951469605308375e-08
YFR002W,YNL298W,5.499193461711016e-11
YFR002W,YGL099W,1.612806066475514e-08
YFR002W,YBL016W,1.5790225006639957e-05
YFR002W,YAL041W,0.005144253373146057
YFR002W,YDR085C,0.009960460476577282
YFR002W,YPL187W,1.2509153748396784e-06
YFR002W,YPL256C,0.003298071213066578
YFR002W,YDR461W,0.00017077538359444588
YFR002W,YNL145W,0.3780128061771393
YJL164C,YDL165W,0.004745825659483671
YJL164C,YGR059W,1.1837428104399805e-07
YJL164C,YBR109C,3.544388891896233e-05
YJL164C,YJL080C,5.979861816740595e-05
YJL164C,YCR093W,0.00027477199910208583
YJL164C,YIL122W,0.760640561580658
YJL164C,YCL029C,1.5012974587461092e-12
YJL164C,YNL173C,0.002065586159005761
YJL164C,YLR452C,3.062637915718369e-06
YJL164C,YDL160C,0.04595191776752472
YJL164C,YLR229C,4.480914697069238e-07
YJL164C,YML057W,2.4010214261238616e-08
YJL164C,YER149C,0.06261656433343887
YJL164C,YMR305C,0.017803804948925972
YJL164C,YLR433C,0.012300931848585606
YJL164C,YJL073W,7.346752444108791e-16
YJL164C,YGR279C,0.011424212716519833
YJL164C,YKL190W,3.030492734978907e-06
YJL164C,YGL089C,0.0025802413001656532
YJL164C,YJL019W,0.0388045497238636
YJL164C,YJL018W,0.000388620508601889
YJL164C,YNR032C-A,0.11211549490690231
YJL164C,YGL178W,0.09468646347522736
YJL164C,YKL116C,4.7059609642019495e-05
YJL164C,YDL214C,0.001253278343938291
YJL164C,YLR362W,2.2453400561062153e-07
YJL164C,YER068W,4.4163277834741166e-07
YJL164C,YHR084W,1.7941858665004168e-14
YJL164C,YDR392W,0.00014412017480935901
YJL164C,YNL053W,0.9982075691223145
YJL164C,YGR040W,0.00013607772416435182
YJL164C,YDL216C,0.0009501445456407964
YJL164C,YOL117W,7.174422080424847e-06
YJL164C,YJR086W,0.0023417172487825155
YJL164C,YMR025W,0.9373895525932312
YJL164C,YBR081C,0.0052742366679012775
YJL164C,YFL026W,0.0216654222458601
YJL164C,YHL007C,1.671693183880052e-07
YJL164C,YNR044W,0.030632544308900833
YJL164C,YNL271C,0.9068369269371033
YJL164C,YDR200C,0.0011731655104085803
YJL164C,YKL178C,0.014525186270475388
YJL164C,YOR212W,3.880420536006568e-07
YJL164C,YOL111C,1.6747759445934207e-06
YJL164C,YGL032C,1.0600670563576386e-08
YJL164C,YHR005C,0.00017077864322345704
YJL164C,YDR103W,0.0008877216605469584
YJL164C,YJR084W,0.0002180122392019257
YJL164C,YCL032W,2.9652048851858126e-06
YJL164C,YJL170C,0.005187568720430136
YJL164C,YDR179C,3.0004119699885897e-18
YJL164C,YBR095C,1.169998653516302e-09
YJL164C,YLL021W,1.1283057821387388e-09
YJL164C,YDL159W,9.147301920911163e-15
YJL164C,YNL161W,0.9997003078460693
YJL164C,YNL188W,3.0859904475571964e-12
YJL164C,YJL157C,6.702091572691193e-12
YJL164C,YJL034W,1.5044895884663845e-10
YJL164C,YLR238W,4.6817847760394216e-05
YJL164C,YPR141C,3.0391796718154396e-11
YJL164C,YNL127W,2.6104142307303846e-05
YJL164C,YCL055W,2.062893713628e-07
YJL164C,YPR122W,7.59573879349773e-07
YJL164C,YMR065W,0.8000226020812988
YJL164C,YDR356W,1.7272288914682576e-06
YJL164C,YMR052W,0.0033218562602996826
YJL164C,YFR008W,3.9317177291664507e-10
YJL164C,YLL043W,0.00013118644710630178
YJL164C,YMR029C,9.921570836013416e-07
YJL164C,YJR004C,0.0030606745276600122
YJL164C,YDL223C,1.2965689855093387e-08
YJL164C,YHR158C,7.11819836851646e-07
YJL164C,YGR238C,1.790311365823527e-08
YJL164C,YIL015W,0.000860904692672193
YJL164C,YGL173C,0.8545438051223755
YJL164C,YDL225W,9.194907761411741e-05
YJL164C,YLR330W,4.00815736156801e-09
YJL164C,YBR129C,0.014559183269739151
YJL164C,YKR095W-A,0.2020167112350464
YJL164C,YPR075C,3.896309863193892e-06
YJL164C,YMR198W,0.00016765130567364395
YJL164C,YOR127W,1.0799878324974088e-08
YJL164C,YDR264C,4.437119059730321e-05
YJL164C,YLR110C,0.026586806401610374
YJL164C,YDR379W,1.1500484475845951e-07
YJL164C,YDL100C,0.005514804739505053
YJL164C,YHR073W,0.9982905983924866
YJL164C,YJR090C,0.009537252597510815
YJL164C,YOR208W,4.484336750465445e-05
YJL164C,YBR040W,1.4551733329426497e-05
YJL164C,YNL279W,0.00292177964001894
YJL164C,YER075C,0.9821422100067139
YJL164C,YCR089W,1.0641992048476823e-05
YJL164C,YCR002C,0.5298425555229187
YJL164C,YJL108C,4.066389374202117e-05
YJL164C,YBR200W,0.4728192687034607
YJL164C,YIL026C,9.33102910494199e-07
YJL164C,YJR076C,0.017038654536008835
YJL164C,YKR031C,0.9525395631790161
YJL164C,YPL192C,3.2392781577073038e-06
YJL164C,YHR107C,0.028665563091635704
YJL164C,YIL037C,0.15681563317775726
YJL164C,YPL156C,0.9932520985603333
YJL164C,YIL117C,1.7690307174689224e-07
YJL164C,YHR066W,2.461669319750864e-17
YJL164C,YML085C,6.801795825595036e-05
YJL164C,YML047C,0.02246902696788311
YJL164C,YDR312W,8.604190952610224e-05
YJL164C,YFL037W,0.1313098520040512
YJL164C,YDL038C,0.2020167112350464
YJL164C,YDL039C,1.257948767374728e-08
YJL164C,YCL027W,4.1437483560002875e-06
YJL164C,YML124C,0.0003235650947317481
YJL164C,YGL053W,1.7722269376463373e-06
YJL164C,YMR232W,0.0037123074289411306
YJL164C,YNL298W,0.9970893263816833
YJL164C,YGL099W,3.1133187255441216e-14
YJL164C,YBL016W,3.451943939580815e-06
YJL164C,YAL041W,0.006567418575286865
YJL164C,YDR085C,6.156740117724269e-10
YJL164C,YPL187W,0.0008619233849458396
YJL164C,YPL256C,0.0003850212669931352
YJL164C,YDR461W,1.143813640807831e-13
YJL164C,YNL145W,5.979325692351267e-07
YNL329C,YDL165W,0.000155387373524718
YNL329C,YGR059W,6.088359896239126e-06
YNL329C,YBR109C,8.984281885204837e-05
YNL329C,YJL080C,6.275379291764693e-06
YNL329C,YCR093W,0.005179125349968672
YNL329C,YIL122W,7.008147804299369e-07
YNL329C,YCL029C,5.156197602218526e-08
YNL329C,YNL173C,1.9580688785936218e-06
YNL329C,YLR452C,0.0007991216843947768
YNL329C,YDL160C,0.0004388089291751385
YNL329C,YLR229C,6.855675746919587e-05
YNL329C,YML057W,4.867199308519754e-13
YNL329C,YER149C,7.321905741264345e-06
YNL329C,YMR305C,0.6451449394226074
YNL329C,YLR433C,2.0877312323364094e-08
YNL329C,YJL073W,4.496234114192976e-12
YNL329C,YGR279C,4.801056547876215e-07
YNL329C,YKL190W,4.766593164617916e-08
YNL329C,YGL089C,0.5861914157867432
YNL329C,YJL019W,9.506356036581565e-06
YNL329C,YJL018W,0.00027332972967997193
YNL329C,YNR032C-A,0.842288076877594
YNL329C,YGL178W,0.36164239048957825
YNL329C,YKL116C,1.6471578545562693e-09
YNL329C,YDL214C,2.2411500140151475e-06
YNL329C,YLR362W,3.271527191373025e-07
YNL329C,YER068W,6.994967938211971e-10
YNL329C,YHR084W,0.00023512303596362472
YNL329C,YDR392W,0.0010573348263278604
YNL329C,YNL053W,0.00015144344069994986
YNL329C,YGR040W,0.004230482503771782
YNL329C,YDL216C,5.037726485968008e-11
YNL329C,YOL117W,7.0728056016378105e-06
YNL329C,YJR086W,4.8039758837603586e-09
YNL329C,YMR025W,2.1637544023178634e-07
YNL329C,YBR081C,0.09693694859743118
YNL329C,YFL026W,4.6826378820696846e-05
YNL329C,YHL007C,3.3874200666694776e-10
YNL329C,YNR044W,8.913869464777235e-08
YNL329C,YNL271C,2.7550518097996246e-06
YNL329C,YDR200C,1.6078233500138595e-07
YNL329C,YKL178C,2.7206183972339204e-07
YNL329C,YOR212W,4.132155879688071e-07
YNL329C,YOL111C,9.41277611410385e-10
YNL329C,YGL032C,2.1965095129417023e-06
YNL329C,YHR005C,2.28613444619441e-07
YNL329C,YDR103W,0.0019223876297473907
YNL329C,YJR084W,4.489693310461007e-06
YNL329C,YCL032W,8.733848630981811e-07
YNL329C,YJL170C,1.4591142871722695e-07
YNL329C,YDR179C,2.1427918909466825e-05
YNL329C,YBR095C,9.313615123573982e-08
YNL329C,YLL021W,8.696350861647772e-10
YNL329C,YDL159W,4.328283921495313e-06
YNL329C,YNL161W,0.01663460023701191
YNL329C,YNL188W,7.642007631147862e-07
YNL329C,YJL157C,2.21440404857276e-06
YNL329C,YJL034W,2.8376164892346617e-16
YNL329C,YLR238W,3.838184284288282e-11
YNL329C,YPR141C,0.00018842339341063052
YNL329C,YNL127W,1.5738449292257428e-05
YNL329C,YCL055W,9.044841135619208e-06
YNL329C,YPR122W,6.142519850982353e-05
YNL329C,YMR065W,1.4442320672714004e-09
YNL329C,YDR356W,3.43492047250038e-06
YNL329C,YMR052W,4.223371797706932e-05
YNL329C,YFR008W,0.019780615344643593
YNL329C,YLL043W,5.061325802913075e-10
YNL329C,YMR029C,0.012427670881152153
YNL329C,YJR004C,6.628775395256525e-08
YNL329C,YDL223C,6.651784900668645e-09
YNL329C,YHR158C,0.016308773308992386
YNL329C,YGR238C,7.230094212218319e-08
YNL329C,YIL015W,7.987596291059162e-06
YNL329C,YGL173C,0.021333960816264153
YNL329C,YDL225W,3.132522656524271e-14
YNL329C,YLR330W,0.1599271297454834
YNL329C,YBR129C,6.393192399090086e-12
YNL329C,YKR095W-A,0.2020167112350464
YNL329C,YPR075C,5.668991942542334e-09
YNL329C,YMR198W,0.0032820033375173807
YNL329C,YOR127W,0.0014859840739518404
YNL329C,YDR264C,9.079011761059519e-06
YNL329C,YLR110C,1.6191468432680267e-07
YNL329C,YDR379W,1.3097507007842069e-06
YNL329C,YDL100C,1.610172585542191e-11
YNL329C,YHR073W,5.0325077438628796e-09
YNL329C,YJR090C,8.533028728052727e-10
YNL329C,YOR208W,0.018341142684221268
YNL329C,YBR040W,7.187655470808352e-10
YNL329C,YNL279W,0.020390911027789116
YNL329C,YER075C,3.228475179639645e-05
YNL329C,YCR089W,1.2079537370368598e-09
YNL329C,YCR002C,8.58922177826571e-09
YNL329C,YJL108C,0.03178117424249649
YNL329C,YBR200W,7.951325819988142e-09
YNL329C,YIL026C,2.920838051068131e-05
YNL329C,YJR076C,8.008875340692612e-09
YNL329C,YKR031C,3.518549362979684e-08
YNL329C,YPL192C,3.967799784732051e-05
YNL329C,YHR107C,1.4491077227063442e-09
YNL329C,YIL037C,0.0001616169756744057
YNL329C,YPL156C,0.9259518384933472
YNL329C,YIL117C,0.0010134251788258553
YNL329C,YHR066W,1.5353601723333554e-10
YNL329C,YML085C,1.4814317182754166e-05
YNL329C,YML047C,8.387031624756958e-10
YNL329C,YDR312W,0.0004911381984129548
YNL329C,YFL037W,4.390470920156986e-08
YNL329C,YDL038C,0.2020167112350464
YNL329C,YDL039C,1.7970012977652772e-10
YNL329C,YCL027W,6.975958967814222e-05
YNL329C,YML124C,0.0007731675286777318
YNL329C,YGL053W,9.360131593416643e-12
YNL329C,YMR232W,0.0002227134391432628
YNL329C,YNL298W,0.0054601626470685005
YNL329C,YGL099W,5.579689172918734e-07
YNL329C,YBL016W,6.185794518387411e-06
YNL329C,YAL041W,3.048328665045119e-07
YNL329C,YDR085C,3.9265709347091615e-05
YNL329C,YPL187W,3.0482307920465246e-05
YNL329C,YPL256C,4.4014654122292995e-05
YNL329C,YDR461W,0.026840563863515854
YNL329C,YNL145W,0.00011467742297099903
YLR014C,YDL165W,0.0002444000565446913
YLR014C,YGR059W,8.977572574231374e-10
YLR014C,YBR109C,0.008395382203161716
YLR014C,YJL080C,2.23413881030865e-05
YLR014C,YCR093W,8.664401889291184e-07
YLR014C,YIL122W,8.739380052968926e-11
YLR014C,YCL029C,6.53456195404134e-12
YLR014C,YNL173C,3.445371277166487e-08
YLR014C,YLR452C,3.648558433155813e-08
YLR014C,YDL160C,0.00026086304569616914
YLR014C,YLR229C,2.1946826951266263e-15
YLR014C,YML057W,5.114057444188802e-07
YLR014C,YER149C,3.17140549932482e-11
YLR014C,YMR305C,2.1683137507721995e-09
YLR014C,YLR433C,3.745881382855032e-09
YLR014C,YJL073W,7.97668094770776e-12
YLR014C,YGR279C,3.951433427573647e-06
YLR014C,YKL190W,1.0338252920405466e-08
YLR014C,YGL089C,3.009103338664419e-16
YLR014C,YJL019W,2.237757978917898e-09
YLR014C,YJL018W,0.002961396472528577
YLR014C,YNR032C-A,0.6717110276222229
YLR014C,YGL178W,7.076157881868994e-09
YLR014C,YKL116C,1.2834507491076702e-14
YLR014C,YDL214C,0.0001750253140926361
YLR014C,YLR362W,1.683802319796257e-09
YLR014C,YER068W,2.9456392880433668e-08
YLR014C,YHR084W,7.424378889453465e-10
YLR014C,YDR392W,3.0725455513191946e-09
YLR014C,YNL053W,5.394865496444624e-15
YLR014C,YGR040W,0.00032147238380275667
YLR014C,YDL216C,0.25586721301078796
YLR014C,YOL117W,1.5606830856995657e-05
YLR014C,YJR086W,0.0054305014200508595
YLR014C,YMR025W,1.0746159956895665e-13
YLR014C,YBR081C,5.612341841265689e-11
YLR014C,YFL026W,0.00446417136117816
YLR014C,YHL007C,1.4215580677046091e-06
YLR014C,YNR044W,2.040088382582639e-16
YLR014C,YNL271C,5.674368086516779e-09
YLR014C,YDR200C,1.4601359907828737e-05
YLR014C,YKL178C,1.6087962649180554e-05
YLR014C,YOR212W,0.00016594240150880069
YLR014C,YOL111C,1.1095441232455983e-10
YLR014C,YGL032C,6.514590495498851e-05
YLR014C,YHR005C,0.00026996646192856133
YLR014C,YDR103W,6.760282644791005e-07
YLR014C,YJR084W,2.534366285084945e-14
YLR014C,YCL032W,8.697245903022122e-06
YLR014C,YJL170C,1.3735890433963505e-06
YLR014C,YDR179C,1.2978864106116816e-05
YLR014C,YBR095C,0.19147725403308868
YLR014C,YLL021W,5.93271430788557e-14
YLR014C,YDL159W,0.0002479774702806026
YLR014C,YNL161W,3.90177952169779e-08
YLR014C,YNL188W,1.3940380405585984e-08
YLR014C,YJL157C,9.362636360643606e-11
YLR014C,YJL034W,5.907341619604267e-05
YLR014C,YLR238W,1.6245116363222678e-10
YLR014C,YPR141C,6.140880859373254e-11
YLR014C,YNL127W,6.589142458324204e-07
YLR014C,YCL055W,3.0938446116124396e-07
YLR014C,YPR122W,0.03706417605280876
YLR014C,YMR065W,5.260008401819505e-05
YLR014C,YDR356W,2.2332719140649715e-07
YLR014C,YMR052W,1.2605611118488014e-05
YLR014C,YFR008W,5.153638404920002e-09
YLR014C,YLL043W,4.2680453589127865e-06
YLR014C,YMR029C,0.022809326648712158
YLR014C,YJR004C,4.900939250258282e-17
YLR014C,YDL223C,2.372631202618436e-09
YLR014C,YHR158C,0.9928832054138184
YLR014C,YGR238C,9.542028419673443e-05
YLR014C,YIL015W,0.998257577419281
YLR014C,YGL173C,8.208760060579579e-11
YLR014C,YDL225W,9.859754612762117e-08
YLR014C,YLR330W,2.1888520591309066e-14
YLR014C,YBR129C,2.8793632367296595e-08
YLR014C,YKR095W-A,0.2020167112350464
YLR014C,YPR075C,3.5568555745157937e-07
YLR014C,YMR198W,6.990899237280246e-07
YLR014C,YOR127W,2.83445515378844e-05
YLR014C,YDR264C,1.0096297131667598e-09
YLR014C,YLR110C,0.0006306229042820632
YLR014C,YDR379W,1.3059108461277447e-08
YLR014C,YDL100C,4.104485640255007e-08
YLR014C,YHR073W,1.6316016626660712e-07
YLR014C,YJR090C,1.2710042085473106e-07
YLR014C,YOR208W,1.1660109544564534e-09
YLR014C,YBR040W,1.4835777051303012e-08
YLR014C,YNL279W,3.311099362690584e-06
YLR014C,YER075C,1.0150265072894626e-09
YLR014C,YCR089W,2.1230810887118423e-08
YLR014C,YCR002C,2.215998392784968e-05
YLR014C,YJL108C,0.004051181487739086
YLR014C,YBR200W,2.695995336698953e-12
YLR014C,YIL026C,0.0006184466765262187
YLR014C,YJR076C,1.0773530136159888e-18
YLR014C,YKR031C,1.694086364523173e-07
YLR014C,YPL192C,0.00038377277087420225
YLR014C,YHR107C,9.769093090028491e-09
YLR014C,YIL037C,8.677434379933402e-05
YLR014C,YPL156C,4.710913708549924e-05
YLR014C,YIL117C,0.0025871105026453733
YLR014C,YHR066W,4.592034530404021e-10
YLR014C,YML085C,4.4813077693106607e-07
YLR014C,YML047C,7.207669113995507e-06
YLR014C,YDR312W,3.346375477067398e-12
YLR014C,YFL037W,2.5894729333231226e-05
YLR014C,YDL038C,0.2020167112350464
YLR014C,YDL039C,7.149228764546933e-08
YLR014C,YCL027W,0.004589918535202742
YLR014C,YML124C,2.8509174730163844e-13
YLR014C,YGL053W,3.56433922377164e-08
YLR014C,YMR232W,7.249375357787358e-06
YLR014C,YNL298W,3.5120217845019397e-10
YLR014C,YGL099W,1.632928814387924e-08
YLR014C,YBL016W,2.0625969820997625e-09
YLR014C,YAL041W,8.690365094210506e-10
YLR014C,YDR085C,0.006699946243315935
YLR014C,YPL187W,1.358843704224455e-09
YLR014C,YPL256C,1.5644653975077638e-11
YLR014C,YDR461W,7.519003588640771e-07
YLR014C,YNL145W,6.4161617956415284e-06
YGL203C,YDL165W,0.41474923491477966
YGL203C,YGR059W,0.014025541953742504
YGL203C,YBR109C,0.003141003428027034
YGL203C,YJL080C,0.9905299544334412
YGL203C,YCR093W,0.0005264321807771921
YGL203C,YIL122W,2.1587520393495652e-07
YGL203C,YCL029C,1.3263960818631158e-14
YGL203C,YNL173C,0.0017993340734392405
YGL203C,YLR452C,1.256693735740555e-07
YGL203C,YDL160C,1.346676281599457e-08
YGL203C,YLR229C,0.027084967121481895
YGL203C,YML057W,4.38990213069701e-08
YGL203C,YER149C,5.204332964581226e-09
YGL203C,YMR305C,0.981801450252533
YGL203C,YLR433C,5.35552313607468e-09
YGL203C,YJL073W,0.0001537399657536298
YGL203C,YGR279C,0.0039032953791320324
YGL203C,YKL190W,0.0001916486507980153
YGL203C,YGL089C,0.003692798549309373
YGL203C,YJL019W,7.273667142726481e-05
YGL203C,YJL018W,0.008438441902399063
YGL203C,YNR032C-A,0.01235398929566145
YGL203C,YGL178W,5.379069079936016e-06
YGL203C,YKL116C,3.640699963725069e-10
YGL203C,YDL214C,0.9952377080917358
YGL203C,YLR362W,7.686163372433441e-10
YGL203C,YER068W,7.655189051547495e-07
YGL203C,YHR084W,2.6636423969272904e-11
YGL203C,YDR392W,0.9484080076217651
YGL203C,YNL053W,0.01401351299136877
YGL203C,YGR040W,4.744839188219885e-09
YGL203C,YDL216C,7.185973149859137e-09
YGL203C,YOL117W,1.2151699593232479e-05
YGL203C,YJR086W,1.7645636035013013e-05
YGL203C,YMR025W,0.00013474469596985728
YGL203C,YBR081C,0.001869257423095405
YGL203C,YFL026W,1.3823981959149023e-08
YGL203C,YHL007C,2.419925749563845e-06
YGL203C,YNR044W,7.98077248731488e-09
YGL203C,YNL271C,0.9996792078018188
YGL203C,YDR200C,4.4435422008604064e-10
YGL203C,YKL178C,0.609407365322113
YGL203C,YOR212W,6.1369946706690826e-06
YGL203C,YOL111C,4.093941242899746e-05
YGL203C,YGL032C,1.7014477327048638e-10
YGL203C,YHR005C,0.00038942418177612126
YGL203C,YDR103W,0.0018499644938856363
YGL203C,YJR084W,1.564730700920336e-05
YGL203C,YCL032W,0.08748964965343475
YGL203C,YJL170C,0.07373123615980148
YGL203C,YDR179C,2.0244463050378414e-10
YGL203C,YBR095C,0.0014656222192570567
YGL203C,YLL021W,0.00010662095155566931
YGL203C,YDL159W,7.172282039391575e-07
YGL203C,YNL161W,0.99895179271698
YGL203C,YNL188W,2.4726175967826336e-11
YGL203C,YJL157C,2.123408116005976e-09
YGL203C,YJL034W,9.24429630067003e-11
YGL203C,YLR238W,2.348316047573462e-05
YGL203C,YPR141C,0.0018881307914853096
YGL203C,YNL127W,0.00015094877744559199
YGL203C,YCL055W,4.020913376562296e-13
YGL203C,YPR122W,3.3684639220155077e-06
YGL203C,YMR065W,0.4110060930252075
YGL203C,YDR356W,0.4527457058429718
YGL203C,YMR052W,0.7771895527839661
YGL203C,YFR008W,7.524117972934619e-05
YGL203C,YLL043W,0.004788218066096306
YGL203C,YMR029C,0.9828866124153137
YGL203C,YJR004C,2.2632518689030823e-12
YGL203C,YDL223C,5.18089425527446e-11
YGL203C,YHR158C,0.03651244938373566
YGL203C,YGR238C,5.0688850450342215e-08
YGL203C,YIL015W,2.3055928277671e-09
YGL203C,YGL173C,0.5567455887794495
YGL203C,YDL225W,5.894680725759827e-06
YGL203C,YLR330W,1.8504020999898785e-06
YGL203C,YBR129C,0.9663417935371399
YGL203C,YKR095W-A,0.2020167112350464
YGL203C,YPR075C,3.0817112750547437e-10
YGL203C,YMR198W,2.0041761672473513e-06
YGL203C,YOR127W,3.226891465146764e-07
YGL203C,YDR264C,0.00029666165937669575
YGL203C,YLR110C,0.030341017991304398
YGL203C,YDR379W,4.6535472364439556e-08
YGL203C,YDL100C,2.6846400658087077e-08
YGL203C,YHR073W,7.088415965306183e-11
YGL203C,YJR090C,6.58045792079065e-07
YGL203C,YOR208W,1.7980963093577884e-05
YGL203C,YBR040W,0.058838922530412674
YGL203C,YNL279W,0.000184319302206859
YGL203C,YER075C,1.6914614207053091e-06
YGL203C,YCR089W,3.152917270199396e-05
YGL203C,YCR002C,0.023770969361066818
YGL203C,YJL108C,1.75972545548575e-05
YGL203C,YBR200W,1.2473686183511745e-05
YGL203C,YIL026C,0.6430854201316833
YGL203C,YJR076C,0.0018175158184021711
YGL203C,YKR031C,7.803761832292366e-07
YGL203C,YPL192C,1.3588552064902615e-05
YGL203C,YHR107C,0.0002349630231037736
YGL203C,YIL037C,0.00018281125812791288
YGL203C,YPL156C,0.9999831914901733
YGL203C,YIL117C,1.6960967741397326e-08
YGL203C,YHR066W,3.4454390686500283e-18
YGL203C,YML085C,0.0001375966239720583
YGL203C,YML047C,0.003830834524706006
YGL203C,YDR312W,0.0018490402726456523
YGL203C,YFL037W,6.183814349469685e-08
YGL203C,YDL038C,0.2020167112350464
YGL203C,YDL039C,8.676794600469186e-15
YGL203C,YCL027W,3.407060189530853e-10
YGL203C,YML124C,1.2961448581094714e-10
YGL203C,YGL053W,5.246952241577674e-06
YGL203C,YMR232W,4.795414270120091e-07
YGL203C,YNL298W,1.4274857337848168e-12
YGL203C,YGL099W,6.923800555114212e-08
YGL203C,YBL016W,6.396442484837492e-14
YGL203C,YAL041W,0.0014169322093948722
YGL203C,YDR085C,0.7822853922843933
YGL203C,YPL187W,0.5376699566841125
YGL203C,YPL256C,4.3872336319417116e-11
YGL203C,YDR461W,1.6370796274145505e-08
YGL203C,YNL145W,1.4674671200420875e-10
YMR011W,YDL165W,2.095663943059474e-18
YMR011W,YGR059W,3.5807483982353006e-06
YMR011W,YBR109C,5.140203540587862e-11
YMR011W,YJL080C,1.2180767885902307e-15
YMR011W,YCR093W,7.290120063174754e-09
YMR011W,YIL122W,2.797069346971437e-11
YMR011W,YCL029C,6.096603083483032e-11
YMR011W,YNL173C,6.496806998629312e-12
YMR011W,YLR452C,4.028430922176085e-08
YMR011W,YDL160C,1.922337716255256e-14
YMR011W,YLR229C,9.608207106456476e-14
YMR011W,YML057W,6.509955975656255e-23
YMR011W,YER149C,4.4698151430155875e-11
YMR011W,YMR305C,5.148556851963804e-07
YMR011W,YLR433C,3.761456478321851e-15
YMR011W,YJL073W,1.9786042461749194e-16
YMR011W,YGR279C,1.2620625801083991e-20
YMR011W,YKL190W,1.6891111773165157e-11
YMR011W,YGL089C,5.719072988451817e-19
YMR011W,YJL019W,1.3798909037632257e-07
YMR011W,YJL018W,0.00022206417634151876
YMR011W,YNR032C-A,0.004610950592905283
YMR011W,YGL178W,5.335012379786841e-12
YMR011W,YKL116C,6.424675120797474e-07
YMR011W,YDL214C,1.2349479661111218e-08
YMR011W,YLR362W,8.212018294414704e-22
YMR011W,YER068W,2.2593221729039215e-06
YMR011W,YHR084W,3.0105602798029263e-13
YMR011W,YDR392W,6.606401623671099e-14
YMR011W,YNL053W,0.04174281656742096
YMR011W,YGR040W,3.348044896878122e-10
YMR011W,YDL216C,3.4985808619326627e-15
YMR011W,YOL117W,3.4887899760421015e-20
YMR011W,YJR086W,3.5718755969464666e-14
YMR011W,YMR025W,4.651623530804727e-11
YMR011W,YBR081C,6.686430651780401e-14
YMR011W,YFL026W,4.488655280798781e-10
YMR011W,YHL007C,2.0648749341489747e-05
YMR011W,YNR044W,1.3992971048537584e-07
YMR011W,YNL271C,4.916119979052585e-19
YMR011W,YDR200C,1.5971983191862745e-21
YMR011W,YKL178C,4.579643955726631e-12
YMR011W,YOR212W,1.1441252806276836e-10
YMR011W,YOL111C,3.1172094433304896e-26
YMR011W,YGL032C,2.3209114751593374e-13
YMR011W,YHR005C,7.825016155038611e-07
YMR011W,YDR103W,8.353714873274258e-17
YMR011W,YJR084W,1.0121299631737912e-10
YMR011W,YCL032W,8.656520053725025e-13
YMR011W,YJL170C,1.2169106868020751e-12
YMR011W,YDR179C,3.6332996611321278e-09
YMR011W,YBR095C,1.2166101459598622e-10
YMR011W,YLL021W,2.4698986501519397e-18
YMR011W,YDL159W,2.6619659964131166e-15
YMR011W,YNL161W,3.8626285329967924e-13
YMR011W,YNL188W,2.4623318495287094e-07
YMR011W,YJL157C,2.9367864477075623e-12
YMR011W,YJL034W,2.8004712511955977e-25
YMR011W,YLR238W,6.130178287731824e-13
YMR011W,YPR141C,7.42904904260655e-11
YMR011W,YNL127W,8.043787164124794e-11
YMR011W,YCL055W,7.065452389820592e-12
YMR011W,YPR122W,1.3097804091311005e-11
YMR011W,YMR065W,8.037215099183925e-13
YMR011W,YDR356W,0.08298828452825546
YMR011W,YMR052W,1.2102564610205757e-11
YMR011W,YFR008W,2.4061808928253943e-14
YMR011W,YLL043W,6.305427735497915e-09
YMR011W,YMR029C,5.83101292538123e-16
YMR011W,YJR004C,5.161163380354439e-13
YMR011W,YDL223C,1.2015997809220929e-17
YMR011W,YHR158C,1.6572447767214152e-17
YMR011W,YGR238C,1.5252941827214873e-16
YMR011W,YIL015W,3.9183023492483926e-10
YMR011W,YGL173C,3.438243538766983e-06
YMR011W,YDL225W,2.942764618207969e-15
YMR011W,YLR330W,4.226902856313322e-18
YMR011W,YBR129C,1.0842329256632866e-09
YMR011W,YKR095W-A,0.2020167112350464
YMR011W,YPR075C,7.487079068991431e-17
YMR011W,YMR198W,1.329570564756466e-09
YMR011W,YOR127W,4.062949458685789e-22
YMR011W,YDR264C,1.0175288210753294e-13
YMR011W,YLR110C,1.1268157383173782e-16
YMR011W,YDR379W,6.304869890552683e-18
YMR011W,YDL100C,8.352438556881311e-25
YMR011W,YHR073W,4.308171874800593e-12
YMR011W,YJR090C,1.0823614893240574e-08
YMR011W,YOR208W,4.6162096226706056e-14
YMR011W,YBR040W,7.501092369466278e-08
YMR011W,YNL279W,5.318284400650415e-14
YMR011W,YER075C,4.695750759802289e-14
YMR011W,YCR089W,2.1541147338099975e-11
YMR011W,YCR002C,5.3278430615810615e-16
YMR011W,YJL108C,2.4304140297526367e-11
YMR011W,YBR200W,2.659903947642585e-16
YMR011W,YIL026C,7.596397438949091e-18
YMR011W,YJR076C,6.098337367258912e-18
YMR011W,YKR031C,9.329678278850381e-14
YMR011W,YPL192C,1.1047205816794303e-07
YMR011W,YHR107C,1.4250240099045186e-08
YMR011W,YIL037C,1.4698630090848042e-09
YMR011W,YPL156C,8.401327720205055e-18
YMR011W,YIL117C,2.3148183944752404e-14
YMR011W,YHR066W,1.0338662148612343e-09
YMR011W,YML085C,3.0770914969669696e-16
YMR011W,YML047C,2.796602727173081e-09
YMR011W,YDR312W,4.106363249434253e-09
YMR011W,YFL037W,4.3138593910273465e-17
YMR011W,YDL038C,0.2020167112350464
YMR011W,YDL039C,1.3289012112949194e-09
YMR011W,YCL027W,3.1413122103529645e-10
YMR011W,YML124C,7.424791045377208e-17
YMR011W,YGL053W,9.450172971829298e-22
YMR011W,YMR232W,1.10944618825215e-07
YMR011W,YNL298W,3.221051463747626e-12
YMR011W,YGL099W,8.755503917365348e-13
YMR011W,YBL016W,5.343257177317245e-21
YMR011W,YAL041W,1.1559072845557239e-06
YMR011W,YDR085C,6.429703174149527e-21
YMR011W,YPL187W,1.22091734335735e-18
YMR011W,YPL256C,2.929206356638847e-12
YMR011W,YDR461W,1.4131866521178288e-13
YMR011W,YNL145W,5.3227577154757455e-06
YIL139C,YDL165W,0.3330204486846924
YIL139C,YGR059W,3.694475836368838e-08
YIL139C,YBR109C,0.7840902209281921
YIL139C,YJL080C,3.3468659239588305e-06
YIL139C,YCR093W,0.009815594181418419
YIL139C,YIL122W,0.00037472310941666365
YIL139C,YCL029C,1.507559355129473e-11
YIL139C,YNL173C,6.164953117119951e-18
YIL139C,YLR452C,7.45624390674493e-07
YIL139C,YDL160C,1.2091119772073e-11
YIL139C,YLR229C,1.0953091987175867e-05
YIL139C,YML057W,2.0917755705340824e-07
YIL139C,YER149C,0.00036526043550111353
YIL139C,YMR305C,2.2381367592583246e-10
YIL139C,YLR433C,0.00818613637238741
YIL139C,YJL073W,3.9856553257777705e-07
YIL139C,YGR279C,5.43704891242669e-06
YIL139C,YKL190W,0.47634458541870117
YIL139C,YGL089C,0.00012070533557562158
YIL139C,YJL019W,5.489826926385888e-10
YIL139C,YJL018W,0.000916771765332669
YIL139C,YNR032C-A,7.111912964319345e-06
YIL139C,YGL178W,0.32574281096458435
YIL139C,YKL116C,4.786599916428713e-08
YIL139C,YDL214C,7.665719749638811e-05
YIL139C,YLR362W,1.2047745258314535e-05
YIL139C,YER068W,0.0011028375010937452
YIL139C,YHR084W,8.841961061989423e-06
YIL139C,YDR392W,7.784043987157929e-08
YIL139C,YNL053W,0.19906628131866455
YIL139C,YGR040W,2.401345113867137e-07
YIL139C,YDL216C,0.9630749225616455
YIL139C,YOL117W,0.4975062310695648
YIL139C,YJR086W,5.466896979555713e-08
YIL139C,YMR025W,6.294115883065388e-05
YIL139C,YBR081C,5.824242180096917e-05
YIL139C,YFL026W,0.0048111816868186
YIL139C,YHL007C,0.005113933235406876
YIL139C,YNR044W,4.413282673337848e-12
YIL139C,YNL271C,6.623487024626229e-06
YIL139C,YDR200C,0.00021330019808374345
YIL139C,YKL178C,0.0029400354251265526
YIL139C,YOR212W,2.867575858545024e-05
YIL139C,YOL111C,6.604538027588092e-10
YIL139C,YGL032C,0.00014700459723826498
YIL139C,YHR005C,0.0008251769468188286
YIL139C,YDR103W,0.0003730379103217274
YIL139C,YJR084W,6.41355256902898e-07
YIL139C,YCL032W,7.935404369163734e-07
YIL139C,YJL170C,4.205750059327329e-08
YIL139C,YDR179C,1.7795395251596346e-05
YIL139C,YBR095C,3.1265372513189504e-09
YIL139C,YLL021W,2.8243282278878068e-12
YIL139C,YDL159W,2.9550522029353488e-09
YIL139C,YNL161W,0.0004665041924454272
YIL139C,YNL188W,1.722796483250022e-08
YIL139C,YJL157C,0.0005634145927615464
YIL139C,YJL034W,5.926381163590122e-06
YIL139C,YLR238W,0.11515428125858307
YIL139C,YPR141C,2.793861875790421e-13
YIL139C,YNL127W,0.5612843036651611
YIL139C,YCL055W,1.7275571735808626e-05
YIL139C,YPR122W,0.0038420658092945814
YIL139C,YMR065W,8.166240877471864e-05
YIL139C,YDR356W,2.012176628340967e-05
YIL139C,YMR052W,0.013041089288890362
YIL139C,YFR008W,0.001403495785780251
YIL139C,YLL043W,0.03487689793109894
YIL139C,YMR029C,0.942633867263794
YIL139C,YJR004C,1.7320538972853683e-05
YIL139C,YDL223C,2.6082218028022908e-05
YIL139C,YHR158C,4.2935815145028755e-05
YIL139C,YGR238C,0.00021747930441051722
YIL139C,YIL015W,0.00043139970512129366
YIL139C,YGL173C,4.387367205649362e-11
YIL139C,YDL225W,2.9767915066258865e-07
YIL139C,YLR330W,3.5117398510919884e-05
YIL139C,YBR129C,2.488398649802548e-06
YIL139C,YKR095W-A,0.2020167112350464
YIL139C,YPR075C,3.9602164179086685e-05
YIL139C,YMR198W,0.22746053338050842
YIL139C,YOR127W,0.04891215264797211
YIL139C,YDR264C,2.134407708354047e-07
YIL139C,YLR110C,1.1617044037848245e-07
YIL139C,YDR379W,0.07936245948076248
YIL139C,YDL100C,7.22406298336864e-07
YIL139C,YHR073W,1.6472267816425301e-06
YIL139C,YJR090C,2.3479375158785842e-05
YIL139C,YOR208W,5.225454970059218e-06
YIL139C,YBR040W,7.441956404363737e-05
YIL139C,YNL279W,0.03920228034257889
YIL139C,YER075C,0.0005630398518405855
YIL139C,YCR089W,2.1121472855156753e-06
YIL139C,YCR002C,0.0008333887089975178
YIL139C,YJL108C,3.855826798826456e-05
YIL139C,YBR200W,1.0829178336280165e-06
YIL139C,YIL026C,0.0009871418587863445
YIL139C,YJR076C,9.749481978360564e-05
YIL139C,YKR031C,2.0422035590383913e-11
YIL139C,YPL192C,5.400675945566036e-05
YIL139C,YHR107C,8.702593312648332e-09
YIL139C,YIL037C,3.2735641974923624e-10
YIL139C,YPL156C,1.6250220369329327e-06
YIL139C,YIL117C,0.049814555794000626
YIL139C,YHR066W,0.004619630053639412
YIL139C,YML085C,4.041878637339735e-11
YIL139C,YML047C,6.211796232946654e-08
YIL139C,YDR312W,0.016802646219730377
YIL139C,YFL037W,5.194059404800555e-09
YIL139C,YDL038C,0.2020167112350464
YIL139C,YDL039C,2.8963201281761997e-10
YIL139C,YCL027W,6.370661367327557e-07
YIL139C,YML124C,1.3271475694939198e-14
YIL139C,YGL053W,0.03944617882370949
YIL139C,YMR232W,1.3705529511298664e-07
YIL139C,YNL298W,0.00041297130519524217
YIL139C,YGL099W,0.0003547634114511311
YIL139C,YBL016W,0.0002626228961162269
YIL139C,YAL041W,9.730877437164054e-09
YIL139C,YDR085C,3.0059578421059996e-05
YIL139C,YPL187W,4.63582509837579e-05
YIL139C,YPL256C,3.660723223219975e-06
YIL139C,YDR461W,7.512921456509503e-06
YIL139C,YNL145W,8.406958841078449e-06
YMR133W,YDL165W,3.813125886154012e-06
YMR133W,YGR059W,1.3656705959874671e-05
YMR133W,YBR109C,1.6665875790522477e-08
YMR133W,YJL080C,8.942188145510954e-08
YMR133W,YCR093W,1.2736293797388498e-08
YMR133W,YIL122W,0.9999830722808838
YMR133W,YCL029C,1.787901965144556e-05
YMR133W,YNL173C,2.5011221392590155e-13
YMR133W,YLR452C,2.598938408482354e-05
YMR133W,YDL160C,0.006690517999231815
YMR133W,YLR229C,6.819916364975143e-08
YMR133W,YML057W,1.0671881781054715e-11
YMR133W,YER149C,0.13795693218708038
YMR133W,YMR305C,0.0038715749979019165
YMR133W,YLR433C,6.521631235045788e-07
YMR133W,YJL073W,3.0529040406790386e-10
YMR133W,YGR279C,9.846214954478683e-10
YMR133W,YKL190W,0.004181582480669022
YMR133W,YGL089C,4.435295704752207e-05
YMR133W,YJL019W,0.2861791253089905
YMR133W,YJL018W,0.19911809265613556
YMR133W,YNR032C-A,0.000402785197366029
YMR133W,YGL178W,1.0848565068499738e-07
YMR133W,YKL116C,0.4086551368236542
YMR133W,YDL214C,0.0027273395098745823
YMR133W,YLR362W,1.7335426036879653e-06
YMR133W,YER068W,5.122268711618694e-13
YMR133W,YHR084W,1.6684467482264154e-05
YMR133W,YDR392W,0.00010918107000179589
YMR133W,YNL053W,0.009762251749634743
YMR133W,YGR040W,0.3796387314796448
YMR133W,YDL216C,6.177736941026524e-05
YMR133W,YOL117W,0.00011202858877368271
YMR133W,YJR086W,1.1830484254460316e-05
YMR133W,YMR025W,0.012338134460151196
YMR133W,YBR081C,0.00042101304279640317
YMR133W,YFL026W,2.364450483582914e-05
YMR133W,YHL007C,7.683440550465548e-09
YMR133W,YNR044W,0.5505931377410889
YMR133W,YNL271C,3.6668237157755357e-07
YMR133W,YDR200C,1.423199891270599e-10
YMR133W,YKL178C,0.00040866382187232375
YMR133W,YOR212W,9.735136308197667e-11
YMR133W,YOL111C,1.0029395092203686e-08
YMR133W,YGL032C,5.8932812407874735e-08
YMR133W,YHR005C,0.00031554518500342965
YMR133W,YDR103W,9.0547906950178e-09
YMR133W,YJR084W,2.7197927243705067e-10
YMR133W,YCL032W,2.664414869291143e-11
YMR133W,YJL170C,4.129559272314509e-08
YMR133W,YDR179C,4.580335044579442e-08
YMR133W,YBR095C,0.00020776796736754477
YMR133W,YLL021W,7.42498332328978e-06
YMR133W,YDL159W,2.8884944214269126e-08
YMR133W,YNL161W,0.10709443688392639
YMR133W,YNL188W,7.301231107703643e-06
YMR133W,YJL157C,2.7626931853319547e-09
YMR133W,YJL034W,1.3156442081607711e-11
YMR133W,YLR238W,3.2881814604479587e-06
YMR133W,YPR141C,0.0007303053280338645
YMR133W,YNL127W,0.07019350677728653
YMR133W,YCL055W,1.1454648074504803e-06
YMR133W,YPR122W,1.489792066422524e-05
YMR133W,YMR065W,0.035709135234355927
YMR133W,YDR356W,0.0012815783265978098
YMR133W,YMR052W,1.6949372461105838e-10
YMR133W,YFR008W,5.287877229420701e-06
YMR133W,YLL043W,0.17989851534366608
YMR133W,YMR029C,1.2948463634643304e-08
YMR133W,YJR004C,9.453814300286467e-07
YMR133W,YDL223C,1.4088236133247278e-10
YMR133W,YHR158C,2.579829924798105e-06
YMR133W,YGR238C,8.926124905883626e-07
YMR133W,YIL015W,8.039157364692073e-06
YMR133W,YGL173C,0.0023052897304296494
YMR133W,YDL225W,2.4652281993553515e-08
YMR133W,YLR330W,2.5264442982120272e-08
YMR133W,YBR129C,5.871676876267884e-06
YMR133W,YKR095W-A,0.2020167112350464
YMR133W,YPR075C,0.0019879057072103024
YMR133W,YMR198W,1.1958462664551917e-07
YMR133W,YOR127W,0.00011588419147301465
YMR133W,YDR264C,3.5640136047732085e-05
YMR133W,YLR110C,2.0891541968603988e-11
YMR133W,YDR379W,4.6950042076332466e-08
YMR133W,YDL100C,0.9995156526565552
YMR133W,YHR073W,8.37937719211368e-09
YMR133W,YJR090C,4.830016041523777e-05
YMR133W,YOR208W,0.0008565630996599793
YMR133W,YBR040W,2.2263395294430666e-05
YMR133W,YNL279W,0.04368190839886665
YMR133W,YER075C,0.8318042159080505
YMR133W,YCR089W,2.4652881620568223e-06
YMR133W,YCR002C,9.279645382775925e-06
YMR133W,YJL108C,5.028176929045003e-06
YMR133W,YBR200W,2.275186844480359e-10
YMR133W,YIL026C,1.8775834220718934e-08
YMR133W,YJR076C,0.9998522996902466
YMR133W,YKR031C,0.014372901991009712
YMR133W,YPL192C,7.510122301823685e-09
YMR133W,YHR107C,0.00022149788856040686
YMR133W,YIL037C,4.7548288421239704e-05
YMR133W,YPL156C,0.0005411157617345452
YMR133W,YIL117C,3.875227605476539e-08
YMR133W,YHR066W,3.0699545683354756e-10
YMR133W,YML085C,1.6744633295782278e-20
YMR133W,YML047C,0.0042729973793029785
YMR133W,YDR312W,0.013055489398539066
YMR133W,YFL037W,0.9896942377090454
YMR133W,YDL038C,0.2020167112350464
YMR133W,YDL039C,1.5139015041576442e-11
YMR133W,YCL027W,1.9682704078149982e-05
YMR133W,YML124C,8.366192700908718e-15
YMR133W,YGL053W,1.4532061665128992e-10
YMR133W,YMR232W,3.048985064424414e-08
YMR133W,YNL298W,0.0055221738293766975
YMR133W,YGL099W,5.425521365509667e-08
YMR133W,YBL016W,9.519205264041375e-07
YMR133W,YAL041W,3.3544569078003406e-07
YMR133W,YDR085C,7.228184162322293e-10
YMR133W,YPL187W,2.281062672082612e-09
YMR133W,YPL256C,0.0029978384263813496
YMR133W,YDR461W,1.729725668253579e-10
YMR133W,YNL145W,1.8240859844809165e-07
YOR108W,YDL165W,3.790088953792292e-08
YOR108W,YGR059W,5.610768794017673e-11
YOR108W,YBR109C,7.2478642011708505e-12
YOR108W,YJL080C,3.444022411008829e-13
YOR108W,YCR093W,0.006311732344329357
YOR108W,YIL122W,7.174458509923154e-12
YOR108W,YCL029C,1.6141694203497536e-08
YOR108W,YNL173C,7.582341936540615e-07
YOR108W,YLR452C,2.3349860933663535e-10
YOR108W,YDL160C,1.206109101481445e-10
YOR108W,YLR229C,8.965050923848139e-09
YOR108W,YML057W,1.1983730817014215e-16
YOR108W,YER149C,6.551544640132079e-09
YOR108W,YMR305C,3.989133745552209e-10
YOR108W,YLR433C,5.505472131517308e-07
YOR108W,YJL073W,5.015540425741625e-15
YOR108W,YGR279C,1.1083642955257017e-13
YOR108W,YKL190W,0.00047447351971641183
YOR108W,YGL089C,5.97074958363919e-08
YOR108W,YJL019W,1.4307460105555947e-08
YOR108W,YJL018W,0.0002574277459643781
YOR108W,YNR032C-A,0.029505183920264244
YOR108W,YGL178W,7.732819540251512e-07
YOR108W,YKL116C,1.9472400081266272e-10
YOR108W,YDL214C,0.00014628614007961005
YOR108W,YLR362W,2.1458286937559023e-05
YOR108W,YER068W,5.336002473210755e-11
YOR108W,YHR084W,2.4031632239740475e-10
YOR108W,YDR392W,1.3039418720120488e-12
YOR108W,YNL053W,4.12007885586263e-08
YOR108W,YGR040W,1.4039000184595807e-08
YOR108W,YDL216C,7.099520189512987e-07
YOR108W,YOL117W,5.200029561783981e-19
YOR108W,YJR086W,1.967124063639858e-08
YOR108W,YMR025W,0.0049330391921103
YOR108W,YBR081C,0.03296436369419098
YOR108W,YFL026W,7.461056772406494e-11
YOR108W,YHL007C,1.403327729576631e-07
YOR108W,YNR044W,1.3478081151152566e-10
YOR108W,YNL271C,2.1893659107874441e-10
YOR108W,YDR200C,1.8595654597869556e-14
YOR108W,YKL178C,3.541360626968526e-07
YOR108W,YOR212W,3.5117824204178305e-09
YOR108W,YOL111C,6.920832656964748e-11
YOR108W,YGL032C,1.737825601797228e-16
YOR108W,YHR005C,2.8769844107046083e-07
YOR108W,YDR103W,1.0113450077398056e-09
YOR108W,YJR084W,1.9012208474222803e-11
YOR108W,YCL032W,6.339975211488991e-10
YOR108W,YJL170C,1.221722634170419e-08
YOR108W,YDR179C,2.204158296853498e-12
YOR108W,YBR095C,7.0846923883038926e-09
YOR108W,YLL021W,0.002624681917950511
YOR108W,YDL159W,1.0651298509856133e-08
YOR108W,YNL161W,5.110839265398681e-05
YOR108W,YNL188W,6.570555274046591e-16
YOR108W,YJL157C,6.429487342529683e-08
YOR108W,YJL034W,2.913099969581445e-11
YOR108W,YLR238W,3.212918454664759e-05
YOR108W,YPR141C,6.193284080024952e-11
YOR108W,YNL127W,0.2733064293861389
YOR108W,YCL055W,3.41891515007724e-17
YOR108W,YPR122W,3.4983266061772156e-08
YOR108W,YMR065W,4.0924941657749514e-08
YOR108W,YDR356W,3.590648667284313e-09
YOR108W,YMR052W,0.01094377227127552
YOR108W,YFR008W,1.001188606845893e-12
YOR108W,YLL043W,4.235590100876152e-09
YOR108W,YMR029C,1.2424106188291262e-09
YOR108W,YJR004C,1.2831233200515796e-13
YOR108W,YDL223C,1.860074594350891e-12
YOR108W,YHR158C,0.02426861599087715
YOR108W,YGR238C,1.5489405591484484e-10
YOR108W,YIL015W,5.0464759482338195e-08
YOR108W,YGL173C,0.0004949298454448581
YOR108W,YDL225W,3.453326860580752e-11
YOR108W,YLR330W,1.7362024361602946e-12
YOR108W,YBR129C,1.7172559410028043e-06
YOR108W,YKR095W-A,0.2020167112350464
YOR108W,YPR075C,4.5241762563819066e-05
YOR108W,YMR198W,4.301356920028077e-16
YOR108W,YOR127W,6.234212924027815e-05
YOR108W,YDR264C,2.6906642233370803e-05
YOR108W,YLR110C,4.762360644727792e-11
YOR108W,YDR379W,3.573301132220872e-17
YOR108W,YDL100C,3.715973244274018e-16
YOR108W,YHR073W,1.0976696114550766e-11
YOR108W,YJR090C,1.348086531294257e-09
YOR108W,YOR208W,3.480288431577383e-13
YOR108W,YBR040W,2.2896094742375084e-10
YOR108W,YNL279W,8.287698581203136e-16
YOR108W,YER075C,1.0538343303778674e-05
YOR108W,YCR089W,1.9363226577695514e-09
YOR108W,YCR002C,6.056586666611217e-17
YOR108W,YJL108C,8.121301107166801e-07
YOR108W,YBR200W,7.355348685678109e-08
YOR108W,YIL026C,8.264288453574409e-07
YOR108W,YJR076C,0.03675246983766556
YOR108W,YKR031C,1.7882183511730432e-09
YOR108W,YPL192C,0.00014771657879464328
YOR108W,YHR107C,6.773645644386761e-09
YOR108W,YIL037C,2.6964634951970323e-12
YOR108W,YPL156C,6.311871164621508e-11
YOR108W,YIL117C,1.5242394152403804e-11
YOR108W,YHR066W,9.354822472218416e-10
YOR108W,YML085C,2.1487953745236155e-06
YOR108W,YML047C,0.9915210008621216
YOR108W,YDR312W,7.027976291207327e-13
YOR108W,YFL037W,7.824946912649011e-09
YOR108W,YDL038C,0.2020167112350464
YOR108W,YDL039C,9.176866123627417e-16
YOR108W,YCL027W,1.7466321722281464e-08
YOR108W,YML124C,1.4109802215500622e-10
YOR108W,YGL053W,4.4134676357998615e-08
YOR108W,YMR232W,2.878159466490615e-05
YOR108W,YNL298W,1.1288783952068115e-07
YOR108W,YGL099W,1.59310737345153e-12
YOR108W,YBL016W,1.3647287466778124e-10
YOR108W,YAL041W,8.815193019984235e-09
YOR108W,YDR085C,3.3326607081107795e-05
YOR108W,YPL187W,0.0002858447842299938
YOR108W,YPL256C,1.8865285884348248e-16
YOR108W,YDR461W,1.432138849141219e-15
YOR108W,YNL145W,6.41810713123271e-15
YCL001W,YDL165W,0.0007554308394901454
YCL001W,YGR059W,5.4934088013084206e-14
YCL001W,YBR109C,1.9520562943853292e-07
YCL001W,YJL080C,2.41226615571577e-07
YCL001W,YCR093W,5.296411753619168e-09
YCL001W,YIL122W,2.398171071449351e-11
YCL001W,YCL029C,0.00025521512725390494
YCL001W,YNL173C,2.4835599106154405e-06
YCL001W,YLR452C,8.127571504701336e-08
YCL001W,YDL160C,9.959580937746182e-10
YCL001W,YLR229C,3.614204402424548e-08
YCL001W,YML057W,6.540360431017689e-08
YCL001W,YER149C,2.6663065000320785e-05
YCL001W,YMR305C,0.00022603444813285023
YCL001W,YLR433C,6.109993364589172e-07
YCL001W,YJL073W,2.2103515462390533e-08
YCL001W,YGR279C,0.005579457152634859
YCL001W,YKL190W,0.06807667016983032
YCL001W,YGL089C,0.0002098168624797836
YCL001W,YJL019W,6.158937321742997e-05
YCL001W,YJL018W,0.00029958863160572946
YCL001W,YNR032C-A,1.702913323242683e-05
YCL001W,YGL178W,0.0045758141204714775
YCL001W,YKL116C,2.5174439356040468e-12
YCL001W,YDL214C,0.0023066927678883076
YCL001W,YLR362W,7.392105816350636e-10
YCL001W,YER068W,9.868246024780092e-07
YCL001W,YHR084W,8.619546861154959e-06
YCL001W,YDR392W,5.464944496935686e-09
YCL001W,YNL053W,0.00040862371679395437
YCL001W,YGR040W,0.00034378422424197197
YCL001W,YDL216C,0.0020402087830007076
YCL001W,YOL117W,1.494871924023755e-07
YCL001W,YJR086W,0.011920345015823841
YCL001W,YMR025W,0.07038658112287521
YCL001W,YBR081C,4.255902240402065e-05
YCL001W,YFL026W,1.4821465452521942e-12
YCL001W,YHL007C,3.952440579269023e-07
YCL001W,YNR044W,1.1690974854872138e-09
YCL001W,YNL271C,3.707801752260431e-13
YCL001W,YDR200C,7.37134867034861e-11
YCL001W,YKL178C,2.2369784346665256e-05
YCL001W,YOR212W,1.0570985198299354e-09
YCL001W,YOL111C,3.328430864257825e-08
YCL001W,YGL032C,1.9632375369837973e-07
YCL001W,YHR005C,1.0909129599667722e-08
YCL001W,YDR103W,7.622464863743517e-07
YCL001W,YJR084W,2.1101559468661435e-06
YCL001W,YCL032W,3.100750518569839e-07
YCL001W,YJL170C,0.08276644349098206
YCL001W,YDR179C,4.288208010905237e-09
YCL001W,YBR095C,1.1930736780463302e-11
YCL001W,YLL021W,4.100331523204659e-07
YCL001W,YDL159W,3.99835320408215e-09
YCL001W,YNL161W,0.00012786204752046615
YCL001W,YNL188W,7.411269514756569e-12
YCL001W,YJL157C,1.2527764283731813e-06
YCL001W,YJL034W,8.404166806919022e-10
YCL001W,YLR238W,0.004012346733361483
YCL001W,YPR141C,1.4427300243369245e-07
YCL001W,YNL127W,6.117466455179965e-06
YCL001W,YCL055W,9.328920782536443e-07
YCL001W,YPR122W,0.12037435919046402
YCL001W,YMR065W,0.002231067279353738
YCL001W,YDR356W,1.1084547395512345e-06
YCL001W,YMR052W,6.830322831774538e-07
YCL001W,YFR008W,2.2047799575375393e-05
YCL001W,YLL043W,0.7533662915229797
YCL001W,YMR029C,2.9853879368602065e-06
YCL001W,YJR004C,4.596127826743922e-17
YCL001W,YDL223C,1.1878070438342547e-07
YCL001W,YHR158C,1.671396239544265e-05
YCL001W,YGR238C,4.148066889975155e-10
YCL001W,YIL015W,3.2409200656502435e-08
YCL001W,YGL173C,5.4249653658189345e-06
YCL001W,YDL225W,2.974311907877336e-09
YCL001W,YLR330W,2.6201815023219055e-11
YCL001W,YBR129C,2.579547090254125e-13
YCL001W,YKR095W-A,0.2020167112350464
YCL001W,YPR075C,1.3546385162044317e-05
YCL001W,YMR198W,1.909107039121949e-10
YCL001W,YOR127W,7.612397379119784e-10
YCL001W,YDR264C,1.4152325888971973e-07
YCL001W,YLR110C,2.6587400498101488e-05
YCL001W,YDR379W,1.051371767424314e-09
YCL001W,YDL100C,2.039042328760843e-06
YCL001W,YHR073W,7.004233859575493e-10
YCL001W,YJR090C,4.6699857314536075e-09
YCL001W,YOR208W,3.285970828770246e-09
YCL001W,YBR040W,5.42324019026097e-10
YCL001W,YNL279W,1.3344993998742893e-09
YCL001W,YER075C,5.097704823910955e-14
YCL001W,YCR089W,3.789546809684907e-08
YCL001W,YCR002C,3.019666507952934e-07
YCL001W,YJL108C,5.745717771787895e-06
YCL001W,YBR200W,8.497609625505997e-13
YCL001W,YIL026C,2.867295734176878e-08
YCL001W,YJR076C,9.869290806818753e-07
YCL001W,YKR031C,7.418245331791695e-06
YCL001W,YPL192C,4.768916928021838e-10
YCL001W,YHR107C,1.0285413493127393e-10
YCL001W,YIL037C,0.0008745285449549556
YCL001W,YPL156C,1.6596837667748332e-05
YCL001W,YIL117C,0.0003147945972159505
YCL001W,YHR066W,1.0934405914346176e-14
YCL001W,YML085C,3.61334387364849e-15
YCL001W,YML047C,0.015295219607651234
YCL001W,YDR312W,4.441004364252876e-08
YCL001W,YFL037W,3.1356069030152867e-06
YCL001W,YDL038C,0.2020167112350464
YCL001W,YDL039C,9.020938887260854e-05
YCL001W,YCL027W,1.2340869034233037e-05
YCL001W,YML124C,1.1525566742318083e-12
YCL001W,YGL053W,8.717612409725461e-09
YCL001W,YMR232W,3.4471892718102026e-07
YCL001W,YNL298W,9.679862814082618e-12
YCL001W,YGL099W,1.3342970817120658e-07
YCL001W,YBL016W,5.597975971660674e-10
YCL001W,YAL041W,0.0002457571972627193
YCL001W,YDR085C,1.1751441206797608e-06
YCL001W,YPL187W,1.8037884554067407e-12
YCL001W,YPL256C,8.554564345786275e-08
YCL001W,YDR461W,0.0017895987257361412
YCL001W,YNL145W,2.3770064692604786e-13
YPL124W,YDL165W,1.8157631842541377e-08
YPL124W,YGR059W,2.74151118473398e-10
YPL124W,YBR109C,3.575960818125168e-06
YPL124W,YJL080C,3.0727562716492685e-09
YPL124W,YCR093W,7.180263139616727e-08
YPL124W,YIL122W,1.3719793969357852e-05
YPL124W,YCL029C,1.900782930033297e-14
YPL124W,YNL173C,0.4369097650051117
YPL124W,YLR452C,0.2540889084339142
YPL124W,YDL160C,3.8716002848104836e-08
YPL124W,YLR229C,0.005673546344041824
YPL124W,YML057W,0.00038625168963335454
YPL124W,YER149C,3.2798594951088944e-09
YPL124W,YMR305C,0.0005550002097152174
YPL124W,YLR433C,0.0002680797188077122
YPL124W,YJL073W,0.0007670182967558503
YPL124W,YGR279C,4.276079046405812e-09
YPL124W,YKL190W,1.3170317743060878e-06
YPL124W,YGL089C,0.004693146329373121
YPL124W,YJL019W,5.332678369995847e-07
YPL124W,YJL018W,0.01937721110880375
YPL124W,YNR032C-A,0.9999561309814453
YPL124W,YGL178W,5.817295004817424e-06
YPL124W,YKL116C,5.357178700649001e-09
YPL124W,YDL214C,2.0261778921337736e-09
YPL124W,YLR362W,8.760261405171832e-10
YPL124W,YER068W,0.00018042168812826276
YPL124W,YHR084W,1.1226219953641703e-08
YPL124W,YDR392W,1.4767265099635551e-07
YPL124W,YNL053W,3.0798557064046217e-13
YPL124W,YGR040W,1.75687318915152e-06
YPL124W,YDL216C,7.001806245909847e-09
YPL124W,YOL117W,2.324944490400549e-12
YPL124W,YJR086W,1.8926439793176542e-07
YPL124W,YMR025W,0.4052793085575104
YPL124W,YBR081C,0.033280305564403534
YPL124W,YFL026W,0.00017331112758256495
YPL124W,YHL007C,9.666380890172022e-11
YPL124W,YNR044W,0.10019033402204514
YPL124W,YNL271C,1.6430831237812527e-06
YPL124W,YDR200C,1.0178521137049756e-07
YPL124W,YKL178C,1.4664761920357705e-06
YPL124W,YOR212W,0.7245134711265564
YPL124W,YOL111C,1.4444311524641762e-08
YPL124W,YGL032C,0.0007904287776909769
YPL124W,YHR005C,0.008154813200235367
YPL124W,YDR103W,0.0015288259601220489
YPL124W,YJR084W,0.001677469233982265
YPL124W,YCL032W,0.00027536257402971387
YPL124W,YJL170C,2.1762696178484475e-06
YPL124W,YDR179C,0.00328317959792912
YPL124W,YBR095C,6.627187758567743e-07
YPL124W,YLL021W,2.87183156615356e-05
YPL124W,YDL159W,3.737627221611639e-11
YPL124W,YNL161W,0.005651107523590326
YPL124W,YNL188W,9.682666224364311e-09
YPL124W,YJL157C,0.8523578643798828
YPL124W,YJL034W,1.2852584632128128e-06
YPL124W,YLR238W,2.2834703486296348e-05
YPL124W,YPR141C,0.0007617249502800405
YPL124W,YNL127W,5.021425977247418e-07
YPL124W,YCL055W,2.403405460427166e-06
YPL124W,YPR122W,0.9985952973365784
YPL124W,YMR065W,3.003926281053282e-07
YPL124W,YDR356W,0.0022045925725251436
YPL124W,YMR052W,1.3320418474904727e-05
YPL124W,YFR008W,7.364863385816989e-09
YPL124W,YLL043W,1.3050190545982332e-06
YPL124W,YMR029C,4.879476364294533e-06
YPL124W,YJR004C,6.921674611248818e-08
YPL124W,YDL223C,2.5571147976855e-10
YPL124W,YHR158C,3.3682252251310274e-05
YPL124W,YGR238C,1.6915420530949632e-07
YPL124W,YIL015W,0.0007509706192649901
YPL124W,YGL173C,5.703874194296077e-05
YPL124W,YDL225W,3.6305553408055857e-07
YPL124W,YLR330W,6.571437144442527e-11
YPL124W,YBR129C,3.4849541407311335e-05
YPL124W,YKR095W-A,0.2020167112350464
YPL124W,YPR075C,9.394518565386534e-05
YPL124W,YMR198W,0.16478459537029266
YPL124W,YOR127W,0.0001827293453970924
YPL124W,YDR264C,2.1538695826883725e-10
YPL124W,YLR110C,1.7430916443572642e-07
YPL124W,YDR379W,1.52567372424528e-05
YPL124W,YDL100C,0.00021706704865209758
YPL124W,YHR073W,0.0017264408525079489
YPL124W,YJR090C,0.0003399568086024374
YPL124W,YOR208W,0.00392310693860054
YPL124W,YBR040W,0.0026179449632763863
YPL124W,YNL279W,1.6406344002461992e-05
YPL124W,YER075C,0.27125805616378784
YPL124W,YCR089W,1.6971282157385303e-09
YPL124W,YCR002C,0.15468886494636536
YPL124W,YJL108C,0.004901096690446138
YPL124W,YBR200W,2.95239169645356e-06
YPL124W,YIL026C,7.082050433382392e-05
YPL124W,YJR076C,2.5862225694339713e-09
YPL124W,YKR031C,0.11841791868209839
YPL124W,YPL192C,1.4572120221600926e-07
YPL124W,YHR107C,1.159098155767424e-05
YPL124W,YIL037C,0.0001561938552185893
YPL124W,YPL156C,0.004249913152307272
YPL124W,YIL117C,1.422292825736804e-07
YPL124W,YHR066W,5.524005928236875e-07
YPL124W,YML085C,4.918015647503715e-11
YPL124W,YML047C,0.9826533198356628
YPL124W,YDR312W,0.9804627895355225
YPL124W,YFL037W,2.3757875666774453e-09
YPL124W,YDL038C,0.2020167112350464
YPL124W,YDL039C,2.9272262391799586e-10
YPL124W,YCL027W,4.387769877212122e-05
YPL124W,YML124C,0.07104161381721497
YPL124W,YGL053W,1.0888018096011365e-06
YPL124W,YMR232W,9.2199923528824e-05
YPL124W,YNL298W,1.2512135754150222e-06
YPL124W,YGL099W,0.6590633988380432
YPL124W,YBL016W,0.0007113618194125593
YPL124W,YAL041W,4.489252660277998e-06
YPL124W,YDR085C,6.002555892337114e-06
YPL124W,YPL187W,7.344347068283241e-06
YPL124W,YPL256C,0.00031301245326176286
YPL124W,YDR461W,0.010676276870071888
YPL124W,YNL145W,0.578219473361969
YNL080C,YDL165W,2.734279291871644e-07
YNL080C,YGR059W,0.001352761872112751
YNL080C,YBR109C,0.00013862054038327187
YNL080C,YJL080C,3.5528952224694876e-08
YNL080C,YCR093W,5.629040242638439e-05
YNL080C,YIL122W,1.3337883501662873e-05
YNL080C,YCL029C,6.983720268749494e-09
YNL080C,YNL173C,4.379230844619997e-08
YNL080C,YLR452C,3.644789785539615e-06
YNL080C,YDL160C,0.40773746371269226
YNL080C,YLR229C,0.0035910834558308125
YNL080C,YML057W,5.713270923024538e-08
YNL080C,YER149C,4.812700717593543e-05
YNL080C,YMR305C,0.001478102058172226
YNL080C,YLR433C,1.1907272892131004e-05
YNL080C,YJL073W,3.1032168501532453e-10
YNL080C,YGR279C,1.3519231288228184e-05
YNL080C,YKL190W,2.5895985800161725e-06
YNL080C,YGL089C,1.8591172192827798e-06
YNL080C,YJL019W,5.1577749218267854e-06
YNL080C,YJL018W,0.0034039628226310015
YNL080C,YNR032C-A,9.902138845063746e-05
YNL080C,YGL178W,0.2978557050228119
YNL080C,YKL116C,0.0002987269836012274
YNL080C,YDL214C,0.7470412254333496
YNL080C,YLR362W,1.2847151253936318e-07
YNL080C,YER068W,0.008119204081594944
YNL080C,YHR084W,0.00010313299571862444
YNL080C,YDR392W,1.8813406086337636e-06
YNL080C,YNL053W,0.0005908822058700025
YNL080C,YGR040W,2.2797257770434953e-05
YNL080C,YDL216C,5.17601790761546e-07
YNL080C,YOL117W,1.1349309513020156e-11
YNL080C,YJR086W,6.559646603676583e-09
YNL080C,YMR025W,2.112731408487889e-06
YNL080C,YBR081C,1.0105005721072757e-09
YNL080C,YFL026W,2.3866882656875532e-06
YNL080C,YHL007C,5.008459993405268e-07
YNL080C,YNR044W,7.893443537687617e-11
YNL080C,YNL271C,0.9977136850357056
YNL080C,YDR200C,3.570033868527389e-08
YNL080C,YKL178C,0.00015856816025916487
YNL080C,YOR212W,0.00030464582960121334
YNL080C,YOL111C,7.472063610883516e-19
YNL080C,YGL032C,0.9954580068588257
YNL080C,YHR005C,1.8632473341995137e-10
YNL080C,YDR103W,3.2507558866967656e-09
YNL080C,YJR084W,2.314928451596643e-06
YNL080C,YCL032W,2.1335268621247572e-11
YNL080C,YJL170C,0.0002850281016435474
YNL080C,YDR179C,9.788643853814172e-12
YNL080C,YBR095C,0.0023940338287502527
YNL080C,YLL021W,0.0001325638877460733
YNL080C,YDL159W,1.8886783692551035e-08
YNL080C,YNL161W,0.7899572849273682
YNL080C,YNL188W,3.667057910661242e-07
YNL080C,YJL157C,6.1933504184708e-05
YNL080C,YJL034W,8.806070039428559e-16
YNL080C,YLR238W,0.00012094152043573558
YNL080C,YPR141C,0.0003280077362433076
YNL080C,YNL127W,0.0003406540199648589
YNL080C,YCL055W,1.470968529274086e-12
YNL080C,YPR122W,0.007989275269210339
YNL080C,YMR065W,1.5554783203697298e-06
YNL080C,YDR356W,3.337222409527385e-08
YNL080C,YMR052W,8.779556075200201e-12
YNL080C,YFR008W,4.5851316826883703e-05
YNL080C,YLL043W,3.0801197681284975e-07
YNL080C,YMR029C,1.3580035707061455e-10
YNL080C,YJR004C,2.9144383006496355e-05
YNL080C,YDL223C,1.8026639736490324e-08
YNL080C,YHR158C,0.0004220596165396273
YNL080C,YGR238C,0.00012246081314515322
YNL080C,YIL015W,5.3415224101627246e-05
YNL080C,YGL173C,4.544954572338611e-05
YNL080C,YDL225W,1.7860978687167517e-06
YNL080C,YLR330W,1.5770479876664467e-05
YNL080C,YBR129C,2.9789546260872157e-06
YNL080C,YKR095W-A,0.2020167112350464
YNL080C,YPR075C,2.4155926325875043e-07
YNL080C,YMR198W,0.15258800983428955
YNL080C,YOR127W,0.0003338349633850157
YNL080C,YDR264C,3.5181369639758486e-07
YNL080C,YLR110C,2.3494584056038548e-08
YNL080C,YDR379W,1.6231318511472637e-08
YNL080C,YDL100C,2.4514424778326882e-12
YNL080C,YHR073W,3.2940389305124995e-10
YNL080C,YJR090C,3.7410822528727294e-07
YNL080C,YOR208W,0.006282211747020483
YNL080C,YBR040W,1.716973763166152e-08
YNL080C,YNL279W,8.989323418973072e-07
YNL080C,YER075C,1.8621708341992615e-10
YNL080C,YCR089W,1.4100463658905937e-06
YNL080C,YCR002C,0.9714633226394653
YNL080C,YJL108C,0.0038110457826405764
YNL080C,YBR200W,2.001482868330129e-10
YNL080C,YIL026C,2.260538110865351e-12
YNL080C,YJR076C,4.68175821879413e-05
YNL080C,YKR031C,0.17004922032356262
YNL080C,YPL192C,0.3076237440109253
YNL080C,YHR107C,2.4507695343345404e-05
YNL080C,YIL037C,6.897430921526393e-06
YNL080C,YPL156C,4.165398026501066e-10
YNL080C,YIL117C,7.039416232146323e-05
YNL080C,YHR066W,4.968234482670419e-13
YNL080C,YML085C,0.0016402986366301775
YNL080C,YML047C,0.6637837886810303
YNL080C,YDR312W,5.594215053861262e-06
YNL080C,YFL037W,0.917259693145752
YNL080C,YDL038C,0.2020167112350464
YNL080C,YDL039C,1.0914865015365649e-05
YNL080C,YCL027W,2.3096865788829746e-06
YNL080C,YML124C,1.7260102822547196e-06
YNL080C,YGL053W,9.21876126085408e-05
YNL080C,YMR232W,0.0005039860843680799
YNL080C,YNL298W,3.648669988365327e-08
YNL080C,YGL099W,3.9002618024142066e-08
YNL080C,YBL016W,0.0005409618024714291
YNL080C,YAL041W,5.6704717280808836e-05
YNL080C,YDR085C,2.9347959298320347e-06
YNL080C,YPL187W,1.0135219099538517e-06
YNL080C,YPL256C,2.6762554838910546e-08
YNL080C,YDR461W,8.121951395878568e-06
YNL080C,YNL145W,0.003643675008788705
tS(CGA)C,YDL165W,0.2020167112350464
tS(CGA)C,YGR059W,0.2020167112350464
tS(CGA)C,YBR109C,0.2020167112350464
tS(CGA)C,YJL080C,0.2020167112350464
tS(CGA)C,YCR093W,0.2020167112350464
tS(CGA)C,YIL122W,0.2020167112350464
tS(CGA)C,YCL029C,0.2020167112350464
tS(CGA)C,YNL173C,0.2020167112350464
tS(CGA)C,YLR452C,0.2020167112350464
tS(CGA)C,YDL160C,0.2020167112350464
tS(CGA)C,YLR229C,0.2020167112350464
tS(CGA)C,YML057W,0.2020167112350464
tS(CGA)C,YER149C,0.2020167112350464
tS(CGA)C,YMR305C,0.2020167112350464
tS(CGA)C,YLR433C,0.2020167112350464
tS(CGA)C,YJL073W,0.2020167112350464
tS(CGA)C,YGR279C,0.2020167112350464
tS(CGA)C,YKL190W,0.2020167112350464
tS(CGA)C,YGL089C,0.2020167112350464
tS(CGA)C,YJL019W,0.2020167112350464
tS(CGA)C,YJL018W,0.2020167112350464
tS(CGA)C,YNR032C-A,0.2020167112350464
tS(CGA)C,YGL178W,0.2020167112350464
tS(CGA)C,YKL116C,0.2020167112350464
tS(CGA)C,YDL214C,0.2020167112350464
tS(CGA)C,YLR362W,0.2020167112350464
tS(CGA)C,YER068W,0.2020167112350464
tS(CGA)C,YHR084W,0.2020167112350464
tS(CGA)C,YDR392W,0.2020167112350464
tS(CGA)C,YNL053W,0.2020167112350464
tS(CGA)C,YGR040W,0.2020167112350464
tS(CGA)C,YDL216C,0.2020167112350464
tS(CGA)C,YOL117W,0.2020167112350464
tS(CGA)C,YJR086W,0.2020167112350464
tS(CGA)C,YMR025W,0.2020167112350464
tS(CGA)C,YBR081C,0.2020167112350464
tS(CGA)C,YFL026W,0.2020167112350464
tS(CGA)C,YHL007C,0.2020167112350464
tS(CGA)C,YNR044W,0.2020167112350464
tS(CGA)C,YNL271C,0.2020167112350464
tS(CGA)C,YDR200C,0.2020167112350464
tS(CGA)C,YKL178C,0.2020167112350464
tS(CGA)C,YOR212W,0.2020167112350464
tS(CGA)C,YOL111C,0.2020167112350464
tS(CGA)C,YGL032C,0.2020167112350464
tS(CGA)C,YHR005C,0.2020167112350464
tS(CGA)C,YDR103W,0.2020167112350464
tS(CGA)C,YJR084W,0.2020167112350464
tS(CGA)C,YCL032W,0.2020167112350464
tS(CGA)C,YJL170C,0.2020167112350464
tS(CGA)C,YDR179C,0.2020167112350464
tS(CGA)C,YBR095C,0.2020167112350464
tS(CGA)C,YLL021W,0.2020167112350464
tS(CGA)C,YDL159W,0.2020167112350464
tS(CGA)C,YNL161W,0.2020167112350464
tS(CGA)C,YNL188W,0.2020167112350464
tS(CGA)C,YJL157C,0.2020167112350464
tS(CGA)C,YJL034W,0.2020167112350464
tS(CGA)C,YLR238W,0.2020167112350464
tS(CGA)C,YPR141C,0.2020167112350464
tS(CGA)C,YNL127W,0.2020167112350464
tS(CGA)C,YCL055W,0.2020167112350464
tS(CGA)C,YPR122W,0.2020167112350464
tS(CGA)C,YMR065W,0.2020167112350464
tS(CGA)C,YDR356W,0.2020167112350464
tS(CGA)C,YMR052W,0.2020167112350464
tS(CGA)C,YFR008W,0.2020167112350464
tS(CGA)C,YLL043W,0.2020167112350464
tS(CGA)C,YMR029C,0.2020167112350464
tS(CGA)C,YJR004C,0.2020167112350464
tS(CGA)C,YDL223C,0.2020167112350464
tS(CGA)C,YHR158C,0.2020167112350464
tS(CGA)C,YGR238C,0.2020167112350464
tS(CGA)C,YIL015W,0.2020167112350464
tS(CGA)C,YGL173C,0.2020167112350464
tS(CGA)C,YDL225W,0.2020167112350464
tS(CGA)C,YLR330W,0.2020167112350464
tS(CGA)C,YBR129C,0.2020167112350464
tS(CGA)C,YKR095W-A,0.2020167112350464
tS(CGA)C,YPR075C,0.2020167112350464
tS(CGA)C,YMR198W,0.2020167112350464
tS(CGA)C,YOR127W,0.2020167112350464
tS(CGA)C,YDR264C,0.2020167112350464
tS(CGA)C,YLR110C,0.2020167112350464
tS(CGA)C,YDR379W,0.2020167112350464
tS(CGA)C,YDL100C,0.2020167112350464
tS(CGA)C,YHR073W,0.2020167112350464
tS(CGA)C,YJR090C,0.2020167112350464
tS(CGA)C,YOR208W,0.2020167112350464
tS(CGA)C,YBR040W,0.2020167112350464
tS(CGA)C,YNL279W,0.2020167112350464
tS(CGA)C,YER075C,0.2020167112350464
tS(CGA)C,YCR089W,0.2020167112350464
tS(CGA)C,YCR002C,0.2020167112350464
tS(CGA)C,YJL108C,0.2020167112350464
tS(CGA)C,YBR200W,0.2020167112350464
tS(CGA)C,YIL026C,0.2020167112350464
tS(CGA)C,YJR076C,0.2020167112350464
tS(CGA)C,YKR031C,0.2020167112350464
tS(CGA)C,YPL192C,0.2020167112350464
tS(CGA)C,YHR107C,0.2020167112350464
tS(CGA)C,YIL037C,0.2020167112350464
tS(CGA)C,YPL156C,0.2020167112350464
tS(CGA)C,YIL117C,0.2020167112350464
tS(CGA)C,YHR066W,0.2020167112350464
tS(CGA)C,YML085C,0.2020167112350464
tS(CGA)C,YML047C,0.2020167112350464
tS(CGA)C,YDR312W,0.2020167112350464
tS(CGA)C,YFL037W,0.2020167112350464
tS(CGA)C,YDL038C,0.2020167112350464
tS(CGA)C,YDL039C,0.2020167112350464
tS(CGA)C,YCL027W,0.2020167112350464
tS(CGA)C,YML124C,0.2020167112350464
tS(CGA)C,YGL053W,0.2020167112350464
tS(CGA)C,YMR232W,0.2020167112350464
tS(CGA)C,YNL298W,0.2020167112350464
tS(CGA)C,YGL099W,0.2020167112350464
tS(CGA)C,YBL016W,0.2020167112350464
tS(CGA)C,YAL041W,0.2020167112350464
tS(CGA)C,YDR085C,0.2020167112350464
tS(CGA)C,YPL187W,0.2020167112350464
tS(CGA)C,YPL256C,0.2020167112350464
tS(CGA)C,YDR461W,0.2020167112350464
tS(CGA)C,YNL145W,0.2020167112350464
snR61,YDL165W,0.0017523841233924031
snR61,YGR059W,3.055776005567168e-06
snR61,YBR109C,2.570969081716612e-05
snR61,YJL080C,1.1624036233115476e-05
snR61,YCR093W,0.0007170266471803188
snR61,YIL122W,1.097143831430003e-05
snR61,YCL029C,0.006489997263997793
snR61,YNL173C,0.03889361023902893
snR61,YLR452C,0.2674110531806946
snR61,YDL160C,0.00042188543011434376
snR61,YLR229C,2.0588579445757205e-06
snR61,YML057W,0.002964384388178587
snR61,YER149C,0.0585189089179039
snR61,YMR305C,0.0006740912795066833
snR61,YLR433C,3.2818643376231194e-05
snR61,YJL073W,0.17145107686519623
snR61,YGR279C,2.1211018719213826e-08
snR61,YKL190W,0.0004428269458003342
snR61,YGL089C,0.7118529677391052
snR61,YJL019W,0.023730725049972534
snR61,YJL018W,0.2020167112350464
snR61,YNR032C-A,0.00021112729154992849
snR61,YGL178W,0.0002528823388274759
snR61,YKL116C,0.5780416131019592
snR61,YDL214C,5.792520823888481e-05
snR61,YLR362W,3.348682002979331e-05
snR61,YER068W,6.622482118245898e-08
snR61,YHR084W,0.037671446800231934
snR61,YDR392W,1.4682515939057339e-05
snR61,YNL053W,0.003093488048762083
snR61,YGR040W,0.1571357548236847
snR61,YDL216C,0.00807462353259325
snR61,YOL117W,0.0463816337287426
snR61,YJR086W,0.000530360615812242
snR61,YMR025W,0.004474429413676262
snR61,YBR081C,3.229020148864947e-05
snR61,YFL026W,0.000810037599876523
snR61,YHL007C,0.07023052126169205
snR61,YNR044W,3.0504643291351385e-05
snR61,YNL271C,0.00037357135443016887
snR61,YDR200C,0.007377119734883308
snR61,YKL178C,0.7355523109436035
snR61,YOR212W,0.7552000284194946
snR61,YOL111C,0.0007864509243518114
snR61,YGL032C,0.0003174570156261325
snR61,YHR005C,0.6949273347854614
snR61,YDR103W,0.0132831409573555
snR61,YJR084W,0.0027803180273622274
snR61,YCL032W,0.0007224889122880995
snR61,YJL170C,0.002600829117000103
snR61,YDR179C,0.8569374084472656
snR61,YBR095C,0.0007138538057915866
snR61,YLL021W,0.0015660834033042192
snR61,YDL159W,0.001779912505298853
snR61,YNL161W,0.04536525532603264
snR61,YNL188W,0.0011472315527498722
snR61,YJL157C,0.011945020407438278
snR61,YJL034W,0.0001667440083110705
snR61,YLR238W,0.000716976064722985
snR61,YPR141C,0.00042139366269111633
snR61,YNL127W,0.026919422671198845
snR61,YCL055W,0.0019849289674311876
snR61,YPR122W,0.05941442772746086
snR61,YMR065W,0.1573920100927353
snR61,YDR356W,0.013511179015040398
snR61,YMR052W,0.003014450892806053
snR61,YFR008W,0.6752986311912537
snR61,YLL043W,2.9729351354035316e-06
snR61,YMR029C,0.040700770914554596
snR61,YJR004C,2.326722096768208e-05
snR61,YDL223C,4.7579462147950835e-08
snR61,YHR158C,0.09887631237506866
snR61,YGR238C,0.0005818656063638628
snR61,YIL015W,0.0015118841547518969
snR61,YGL173C,8.415910997428e-06
snR61,YDL225W,0.00013454222062136978
snR61,YLR330W,6.063889486540575e-06
snR61,YBR129C,0.0003474113764241338
snR61,YKR095W-A,0.2020167112350464
snR61,YPR075C,8.350179086846765e-06
snR61,YMR198W,4.292283847462386e-05
snR61,YOR127W,0.0007158321677707136
snR61,YDR264C,0.00011071427434217185
snR61,YLR110C,1.4180230209603906e-05
snR61,YDR379W,0.02219223417341709
snR61,YDL100C,0.01732303574681282
snR61,YHR073W,0.0015003090957179666
snR61,YJR090C,0.02852412685751915
snR61,YOR208W,1.076065018423833e-05
snR61,YBR040W,0.0009777252562344074
snR61,YNL279W,0.009633520618081093
snR61,YER075C,0.007999088615179062
snR61,YCR089W,0.00029268054640851915
snR61,YCR002C,0.00024346719146706164
snR61,YJL108C,0.0159505195915699
snR61,YBR200W,4.805160642717965e-06
snR61,YIL026C,0.4231696128845215
snR61,YJR076C,0.0008802836528047919
snR61,YKR031C,0.0025493635330349207
snR61,YPL192C,0.0002059810794889927
snR61,YHR107C,0.005476064048707485
snR61,YIL037C,0.00913187861442566
snR61,YPL156C,0.038691308349370956
snR61,YIL117C,0.007391683757305145
snR61,YHR066W,2.250303623441141e-06
snR61,YML085C,0.0017144570592790842
snR61,YML047C,0.0003977585583925247
snR61,YDR312W,0.009503624401986599
snR61,YFL037W,0.00024894587113521993
snR61,YDL038C,0.2020167112350464
snR61,YDL039C,0.0006547222146764398
snR61,YCL027W,0.3087141811847687
snR61,YML124C,1.39686189868371e-05
snR61,YGL053W,1.2365667316771578e-05
snR61,YMR232W,0.0036278509069234133
snR61,YNL298W,0.0007402734481729567
snR61,YGL099W,0.14959128201007843
snR61,YBL016W,0.12207404524087906
snR61,YAL041W,0.00020555297669488937
snR61,YDR085C,0.00021767990256194025
snR61,YPL187W,0.2225637137889862
snR61,YPL256C,9.54842380451737e-06
snR61,YDR461W,2.1356171941988578e-07
snR61,YNL145W,2.4339074116142e-06
YJR057W,YDL165W,0.03415781632065773
YJR057W,YGR059W,0.04393088445067406
YJR057W,YBR109C,0.0027234903536736965
YJR057W,YJL080C,3.3082710615417454e-06
YJR057W,YCR093W,2.468804360944432e-08
YJR057W,YIL122W,3.2076588607488077e-10
YJR057W,YCL029C,2.0465700245608787e-08
YJR057W,YNL173C,7.222493159098065e-10
YJR057W,YLR452C,0.9883354902267456
YJR057W,YDL160C,1.5368709790583059e-15
YJR057W,YLR229C,0.0007878551259636879
YJR057W,YML057W,6.169724287019562e-08
YJR057W,YER149C,0.00029275030829012394
YJR057W,YMR305C,7.464689977254579e-10
YJR057W,YLR433C,1.1752239181817004e-08
YJR057W,YJL073W,1.2395636817333355e-12
YJR057W,YGR279C,2.0417159518615335e-08
YJR057W,YKL190W,3.5194727843190776e-07
YJR057W,YGL089C,0.0308940801769495
YJR057W,YJL019W,7.238820671773283e-07
YJR057W,YJL018W,0.006298726890236139
YJR057W,YNR032C-A,0.3452877998352051
YJR057W,YGL178W,0.0077801719307899475
YJR057W,YKL116C,4.021699639977783e-11
YJR057W,YDL214C,4.8539632189203985e-06
YJR057W,YLR362W,3.851864105453018e-10
YJR057W,YER068W,8.621891618894057e-15
YJR057W,YHR084W,1.1153238119732123e-06
YJR057W,YDR392W,1.5396511798826396e-06
YJR057W,YNL053W,1.8211721020122695e-10
YJR057W,YGR040W,0.4190591871738434
YJR057W,YDL216C,1.4627452582516298e-09
YJR057W,YOL117W,2.7399073587730527e-07
YJR057W,YJR086W,8.714542491361499e-05
YJR057W,YMR025W,0.0005224478663876653
YJR057W,YBR081C,3.463034659034747e-08
YJR057W,YFL026W,0.6905904412269592
YJR057W,YHL007C,4.573067202695569e-10
YJR057W,YNR044W,0.0018375847721472383
YJR057W,YNL271C,4.896607425086685e-12
YJR057W,YDR200C,1.6544025264325635e-13
YJR057W,YKL178C,8.933485617923509e-10
YJR057W,YOR212W,3.4202940923933056e-08
YJR057W,YOL111C,8.178561994309774e-12
YJR057W,YGL032C,5.678296474798117e-06
YJR057W,YHR005C,0.0003719376400113106
YJR057W,YDR103W,6.130682184135594e-09
YJR057W,YJR084W,1.1091807472496384e-09
YJR057W,YCL032W,1.028055794449756e-05
YJR057W,YJL170C,0.3288072943687439
YJR057W,YDR179C,1.0063464728204963e-08
YJR057W,YBR095C,5.506034383984115e-08
YJR057W,YLL021W,1.3130925253790338e-06
YJR057W,YDL159W,2.707613855346125e-10
YJR057W,YNL161W,2.480319096775929e-07
YJR057W,YNL188W,3.523848235431615e-08
YJR057W,YJL157C,5.6046437748591416e-06
YJR057W,YJL034W,1.1378906443395426e-13
YJR057W,YLR238W,7.960105445566207e-18
YJR057W,YPR141C,3.3055410312954336e-05
YJR057W,YNL127W,1.3351335837796796e-05
YJR057W,YCL055W,8.763930026134403e-08
YJR057W,YPR122W,0.0006101633189246058
YJR057W,YMR065W,0.013316423632204533
YJR057W,YDR356W,8.633938121469908e-15
YJR057W,YMR052W,4.068735298223651e-14
YJR057W,YFR008W,0.13141225278377533
YJR057W,YLL043W,1.7088016193156363e-06
YJR057W,YMR029C,1.2329262055743584e-08
YJR057W,YJR004C,2.3251165437443433e-09
YJR057W,YDL223C,5.521743002070978e-13
YJR057W,YHR158C,1.196122922930698e-10
YJR057W,YGR238C,2.6008200393334846e-07
YJR057W,YIL015W,5.2490366897473e-07
YJR057W,YGL173C,1.8223359900628767e-14
YJR057W,YDL225W,3.524511411889808e-13
YJR057W,YLR330W,1.3207904991929809e-08
YJR057W,YBR129C,1.379091372655239e-06
YJR057W,YKR095W-A,0.2020167112350464
YJR057W,YPR075C,6.169877109218902e-12
YJR057W,YMR198W,0.0003221486113034189
YJR057W,YOR127W,7.313548877618814e-08
YJR057W,YDR264C,0.0006404127925634384
YJR057W,YLR110C,6.49700496069272e-07
YJR057W,YDR379W,0.01858430728316307
YJR057W,YDL100C,5.215767941990634e-07
YJR057W,YHR073W,0.00020120876433793455
YJR057W,YJR090C,2.9652572064442495e-11
YJR057W,YOR208W,5.85402516392608e-12
YJR057W,YBR040W,0.746637761592865
YJR057W,YNL279W,0.00015017525583971292
YJR057W,YER075C,1.521062245046778e-07
YJR057W,YCR089W,1.5090531633177307e-05
YJR057W,YCR002C,0.02852606400847435
YJR057W,YJL108C,5.587379746430088e-06
YJR057W,YBR200W,2.4229473538639468e-08
YJR057W,YIL026C,0.00016871982370503247
YJR057W,YJR076C,6.859827289540377e-11
YJR057W,YKR031C,1.3450270064385705e-10
YJR057W,YPL192C,0.09426000714302063
YJR057W,YHR107C,1.4556161831436043e-11
YJR057W,YIL037C,0.0007387541118077934
YJR057W,YPL156C,3.864489631077994e-11
YJR057W,YIL117C,0.9250891208648682
YJR057W,YHR066W,1.313812204644868e-13
YJR057W,YML085C,4.463086733410941e-14
YJR057W,YML047C,1.2416870958986692e-05
YJR057W,YDR312W,2.359170366617036e-06
YJR057W,YFL037W,0.9583408832550049
YJR057W,YDL038C,0.2020167112350464
YJR057W,YDL039C,1.9591399613716476e-09
YJR057W,YCL027W,3.4490813050069846e-06
YJR057W,YML124C,6.082857908040751e-06
YJR057W,YGL053W,1.0229874725098398e-09
YJR057W,YMR232W,0.877876877784729
YJR057W,YNL298W,8.271392744063633e-07
YJR057W,YGL099W,3.116805424863145e-11
YJR057W,YBL016W,2.1635028701894043e-07
YJR057W,YAL041W,0.0004274111706763506
YJR057W,YDR085C,0.01625611074268818
YJR057W,YPL187W,4.900019121123478e-05
YJR057W,YPL256C,2.4570976364657326e-08
YJR057W,YDR461W,0.9978197813034058
YJR057W,YNL145W,4.37405525133272e-08
YBL019W,YDL165W,2.3677110220887698e-05
YBL019W,YGR059W,6.886682779594366e-09
YBL019W,YBR109C,0.05339314416050911
YBL019W,YJL080C,0.00021110777743160725
YBL019W,YCR093W,0.6650096774101257
YBL019W,YIL122W,2.314559651495074e-06
YBL019W,YCL029C,7.43869755289589e-13
YBL019W,YNL173C,1.500585398162002e-07
YBL019W,YLR452C,0.0004231543862260878
YBL019W,YDL160C,0.0004449223051778972
YBL019W,YLR229C,0.9474828839302063
YBL019W,YML057W,1.182327977744535e-07
YBL019W,YER149C,0.01572183519601822
YBL019W,YMR305C,2.8310005291132256e-06
YBL019W,YLR433C,0.1394873857498169
YBL019W,YJL073W,4.999249902937208e-10
YBL019W,YGR279C,3.2083749829325825e-05
YBL019W,YKL190W,8.729787623451557e-06
YBL019W,YGL089C,0.4793337881565094
YBL019W,YJL019W,1.6817911046018708e-06
YBL019W,YJL018W,0.02749950997531414
YBL019W,YNR032C-A,0.8553102016448975
YBL019W,YGL178W,6.21041253907606e-05
YBL019W,YKL116C,1.384958192574004e-08
YBL019W,YDL214C,0.9836216568946838
YBL019W,YLR362W,0.004815519321709871
YBL019W,YER068W,2.288387923599089e-09
YBL019W,YHR084W,1.6828563663637557e-15
YBL019W,YDR392W,0.2557864487171173
YBL019W,YNL053W,0.6023898124694824
YBL019W,YGR040W,3.6359843136324344e-08
YBL019W,YDL216C,4.830179811676771e-09
YBL019W,YOL117W,2.776400549464597e-07
YBL019W,YJR086W,1.3773510545433965e-06
YBL019W,YMR025W,1.7926080886354612e-07
YBL019W,YBR081C,4.55889712611679e-05
YBL019W,YFL026W,0.00018023634038399905
YBL019W,YHL007C,0.0001508119748905301
YBL019W,YNR044W,0.8922002911567688
YBL019W,YNL271C,0.004281807225197554
YBL019W,YDR200C,0.03897751122713089
YBL019W,YKL178C,0.976030707359314
YBL019W,YOR212W,6.004873284837231e-05
YBL019W,YOL111C,3.4362398082521395e-07
YBL019W,YGL032C,1.681408866716083e-05
YBL019W,YHR005C,1.958914936039946e-06
YBL019W,YDR103W,6.272608210622366e-09
YBL019W,YJR084W,0.003941604867577553
YBL019W,YCL032W,6.547962402692065e-05
YBL019W,YJL170C,0.0009698701906017959
YBL019W,YDR179C,3.6788565527245964e-09
YBL019W,YBR095C,0.00036418327363207936
YBL019W,YLL021W,0.0016652500489726663
YBL019W,YDL159W,1.8547570590499163e-08
YBL019W,YNL161W,2.0364149477813953e-08
YBL019W,YNL188W,0.00012677595077548176
YBL019W,YJL157C,0.008548197336494923
YBL019W,YJL034W,8.671873885646164e-09
YBL019W,YLR238W,1.7681884401099524e-08
YBL019W,YPR141C,1.495696295705784e-07
YBL019W,YNL127W,0.000552659563254565
YBL019W,YCL055W,0.00012076175335096195
YBL019W,YPR122W,0.007723023183643818
YBL019W,YMR065W,4.4530963805300416e-07
YBL019W,YDR356W,0.3294360339641571
YBL019W,YMR052W,3.070541820804351e-09
YBL019W,YFR008W,0.0001047737241606228
YBL019W,YLL043W,7.361309690168127e-05
YBL019W,YMR029C,0.10264475643634796
YBL019W,YJR004C,0.8470152020454407
YBL019W,YDL223C,1.6376844769183663e-06
YBL019W,YHR158C,3.4705344660324045e-06
YBL019W,YGR238C,6.393012508265628e-11
YBL019W,YIL015W,0.980846107006073
YBL019W,YGL173C,0.006243037059903145
YBL019W,YDL225W,5.052531726335019e-09
YBL019W,YLR330W,1.389924932482245e-06
YBL019W,YBR129C,0.0006630732677876949
YBL019W,YKR095W-A,0.2020167112350464
YBL019W,YPR075C,6.274358810287595e-08
YBL019W,YMR198W,5.679990522367007e-07
YBL019W,YOR127W,7.0881337705941405e-06
YBL019W,YDR264C,0.0014738503377884626
YBL019W,YLR110C,6.751809996785596e-05
YBL019W,YDR379W,5.0506641855463386e-06
YBL019W,YDL100C,2.4984167339425767e-06
YBL019W,YHR073W,0.00033906573662534356
YBL019W,YJR090C,0.00010848636884475127
YBL019W,YOR208W,1.0175285751756746e-06
YBL019W,YBR040W,6.107994749982026e-07
YBL019W,YNL279W,7.910757915396971e-08
YBL019W,YER075C,1.1968681974394713e-05
YBL019W,YCR089W,0.35801011323928833
YBL019W,YCR002C,0.0005770889692939818
YBL019W,YJL108C,0.0022004658821970224
YBL019W,YBR200W,2.0668748490493272e-08
YBL019W,YIL026C,5.177930653688101e-11
YBL019W,YJR076C,0.0006646540714427829
YBL019W,YKR031C,1.5175776297837729e-06
YBL019W,YPL192C,0.0009344781865365803
YBL019W,YHR107C,4.306669438847166e-07
YBL019W,YIL037C,2.0014498659293167e-05
YBL019W,YPL156C,0.5069122314453125
YBL019W,YIL117C,7.274264589796076e-06
YBL019W,YHR066W,1.0158894615978126e-18
YBL019W,YML085C,5.283967707825354e-10
YBL019W,YML047C,0.9997218251228333
YBL019W,YDR312W,0.0001556103816255927
YBL019W,YFL037W,1.6202018287003739e-06
YBL019W,YDL038C,0.2020167112350464
YBL019W,YDL039C,2.1317096698947324e-10
YBL019W,YCL027W,0.00027350045274943113
YBL019W,YML124C,9.205600691453153e-12
YBL019W,YGL053W,8.942245131038362e-07
YBL019W,YMR232W,0.28147092461586
YBL019W,YNL298W,1.8227350184751856e-11
YBL019W,YGL099W,1.923291305947275e-14
YBL019W,YBL016W,5.36456354893744e-07
YBL019W,YAL041W,2.5155086902373114e-09
YBL019W,YDR085C,0.001004012650810182
YBL019W,YPL187W,0.672905683517456
YBL019W,YPL256C,4.92418494868474e-10
YBL019W,YDR461W,6.1184635136157794e-09
YBL019W,YNL145W,2.1035290046711452e-05
tL(UAG)J,YDL165W,0.2020167112350464
tL(UAG)J,YGR059W,0.2020167112350464
tL(UAG)J,YBR109C,0.2020167112350464
tL(UAG)J,YJL080C,0.2020167112350464
tL(UAG)J,YCR093W,0.2020167112350464
tL(UAG)J,YIL122W,0.2020167112350464
tL(UAG)J,YCL029C,0.2020167112350464
tL(UAG)J,YNL173C,0.2020167112350464
tL(UAG)J,YLR452C,0.2020167112350464
tL(UAG)J,YDL160C,0.2020167112350464
tL(UAG)J,YLR229C,0.2020167112350464
tL(UAG)J,YML057W,0.2020167112350464
tL(UAG)J,YER149C,0.2020167112350464
tL(UAG)J,YMR305C,0.2020167112350464
tL(UAG)J,YLR433C,0.2020167112350464
tL(UAG)J,YJL073W,0.2020167112350464
tL(UAG)J,YGR279C,0.2020167112350464
tL(UAG)J,YKL190W,0.2020167112350464
tL(UAG)J,YGL089C,0.2020167112350464
tL(UAG)J,YJL019W,0.2020167112350464
tL(UAG)J,YJL018W,0.2020167112350464
tL(UAG)J,YNR032C-A,0.2020167112350464
tL(UAG)J,YGL178W,0.2020167112350464
tL(UAG)J,YKL116C,0.2020167112350464
tL(UAG)J,YDL214C,0.2020167112350464
tL(UAG)J,YLR362W,0.2020167112350464
tL(UAG)J,YER068W,0.2020167112350464
tL(UAG)J,YHR084W,0.2020167112350464
tL(UAG)J,YDR392W,0.2020167112350464
tL(UAG)J,YNL053W,0.2020167112350464
tL(UAG)J,YGR040W,0.2020167112350464
tL(UAG)J,YDL216C,0.2020167112350464
tL(UAG)J,YOL117W,0.2020167112350464
tL(UAG)J,YJR086W,0.2020167112350464
tL(UAG)J,YMR025W,0.2020167112350464
tL(UAG)J,YBR081C,0.2020167112350464
tL(UAG)J,YFL026W,0.2020167112350464
tL(UAG)J,YHL007C,0.2020167112350464
tL(UAG)J,YNR044W,0.2020167112350464
tL(UAG)J,YNL271C,0.2020167112350464
tL(UAG)J,YDR200C,0.2020167112350464
tL(UAG)J,YKL178C,0.2020167112350464
tL(UAG)J,YOR212W,0.2020167112350464
tL(UAG)J,YOL111C,0.2020167112350464
tL(UAG)J,YGL032C,0.2020167112350464
tL(UAG)J,YHR005C,0.2020167112350464
tL(UAG)J,YDR103W,0.2020167112350464
tL(UAG)J,YJR084W,0.2020167112350464
tL(UAG)J,YCL032W,0.2020167112350464
tL(UAG)J,YJL170C,0.2020167112350464
tL(UAG)J,YDR179C,0.2020167112350464
tL(UAG)J,YBR095C,0.2020167112350464
tL(UAG)J,YLL021W,0.2020167112350464
tL(UAG)J,YDL159W,0.2020167112350464
tL(UAG)J,YNL161W,0.2020167112350464
tL(UAG)J,YNL188W,0.2020167112350464
tL(UAG)J,YJL157C,0.2020167112350464
tL(UAG)J,YJL034W,0.2020167112350464
tL(UAG)J,YLR238W,0.2020167112350464
tL(UAG)J,YPR141C,0.2020167112350464
tL(UAG)J,YNL127W,0.2020167112350464
tL(UAG)J,YCL055W,0.2020167112350464
tL(UAG)J,YPR122W,0.2020167112350464
tL(UAG)J,YMR065W,0.2020167112350464
tL(UAG)J,YDR356W,0.2020167112350464
tL(UAG)J,YMR052W,0.2020167112350464
tL(UAG)J,YFR008W,0.2020167112350464
tL(UAG)J,YLL043W,0.2020167112350464
tL(UAG)J,YMR029C,0.2020167112350464
tL(UAG)J,YJR004C,0.2020167112350464
tL(UAG)J,YDL223C,0.2020167112350464
tL(UAG)J,YHR158C,0.2020167112350464
tL(UAG)J,YGR238C,0.2020167112350464
tL(UAG)J,YIL015W,0.2020167112350464
tL(UAG)J,YGL173C,0.2020167112350464
tL(UAG)J,YDL225W,0.2020167112350464
tL(UAG)J,YLR330W,0.2020167112350464
tL(UAG)J,YBR129C,0.2020167112350464
tL(UAG)J,YKR095W-A,0.2020167112350464
tL(UAG)J,YPR075C,0.2020167112350464
tL(UAG)J,YMR198W,0.2020167112350464
tL(UAG)J,YOR127W,0.2020167112350464
tL(UAG)J,YDR264C,0.2020167112350464
tL(UAG)J,YLR110C,0.2020167112350464
tL(UAG)J,YDR379W,0.2020167112350464
tL(UAG)J,YDL100C,0.2020167112350464
tL(UAG)J,YHR073W,0.2020167112350464
tL(UAG)J,YJR090C,0.2020167112350464
tL(UAG)J,YOR208W,0.2020167112350464
tL(UAG)J,YBR040W,0.2020167112350464
tL(UAG)J,YNL279W,0.2020167112350464
tL(UAG)J,YER075C,0.2020167112350464
tL(UAG)J,YCR089W,0.2020167112350464
tL(UAG)J,YCR002C,0.2020167112350464
tL(UAG)J,YJL108C,0.2020167112350464
tL(UAG)J,YBR200W,0.2020167112350464
tL(UAG)J,YIL026C,0.2020167112350464
tL(UAG)J,YJR076C,0.2020167112350464
tL(UAG)J,YKR031C,0.2020167112350464
tL(UAG)J,YPL192C,0.2020167112350464
tL(UAG)J,YHR107C,0.2020167112350464
tL(UAG)J,YIL037C,0.2020167112350464
tL(UAG)J,YPL156C,0.2020167112350464
tL(UAG)J,YIL117C,0.2020167112350464
tL(UAG)J,YHR066W,0.2020167112350464
tL(UAG)J,YML085C,0.2020167112350464
tL(UAG)J,YML047C,0.2020167112350464
tL(UAG)J,YDR312W,0.2020167112350464
tL(UAG)J,YFL037W,0.2020167112350464
tL(UAG)J,YDL038C,0.2020167112350464
tL(UAG)J,YDL039C,0.2020167112350464
tL(UAG)J,YCL027W,0.2020167112350464
tL(UAG)J,YML124C,0.2020167112350464
tL(UAG)J,YGL053W,0.2020167112350464
tL(UAG)J,YMR232W,0.2020167112350464
tL(UAG)J,YNL298W,0.2020167112350464
tL(UAG)J,YGL099W,0.2020167112350464
tL(UAG)J,YBL016W,0.2020167112350464
tL(UAG)J,YAL041W,0.2020167112350464
tL(UAG)J,YDR085C,0.2020167112350464
tL(UAG)J,YPL187W,0.2020167112350464
tL(UAG)J,YPL256C,0.2020167112350464
tL(UAG)J,YDR461W,0.2020167112350464
tL(UAG)J,YNL145W,0.2020167112350464
YPR002W,YDL165W,1.1043216534374072e-16
YPR002W,YGR059W,6.78625045047454e-10
YPR002W,YBR109C,7.062304121063789e-06
YPR002W,YJL080C,1.308083548969611e-21
YPR002W,YCR093W,2.294713112860336e-06
YPR002W,YIL122W,4.953387144901455e-10
YPR002W,YCL029C,1.0401891847866551e-10
YPR002W,YNL173C,7.893929954150281e-10
YPR002W,YLR452C,2.8715816715446547e-30
YPR002W,YDL160C,1.3945938626136467e-08
YPR002W,YLR229C,1.4209201306888963e-12
YPR002W,YML057W,1.7918591931807117e-19
YPR002W,YER149C,0.0105167580768466
YPR002W,YMR305C,5.216479257796891e-05
YPR002W,YLR433C,2.692464029507846e-09
YPR002W,YJL073W,1.095457438942548e-21
YPR002W,YGR279C,1.1770179275671921e-09
YPR002W,YKL190W,2.142073185495974e-07
YPR002W,YGL089C,4.30126295691835e-10
YPR002W,YJL019W,4.674858757880429e-07
YPR002W,YJL018W,0.0002612403768580407
YPR002W,YNR032C-A,0.8098936080932617
YPR002W,YGL178W,2.7465745006338693e-05
YPR002W,YKL116C,1.577296642905554e-13
YPR002W,YDL214C,0.0018025141907855868
YPR002W,YLR362W,2.1403944572284672e-07
YPR002W,YER068W,3.755841859742759e-08
YPR002W,YHR084W,1.6782554356989006e-20
YPR002W,YDR392W,1.8006937807513168e-07
YPR002W,YNL053W,4.360359071142739e-06
YPR002W,YGR040W,0.10725211352109909
YPR002W,YDL216C,0.0003466126217972487
YPR002W,YOL117W,3.5794222696949873e-08
YPR002W,YJR086W,6.2506952738794475e-12
YPR002W,YMR025W,1.5526460117598617e-07
YPR002W,YBR081C,0.999998927116394
YPR002W,YFL026W,6.808959502283985e-23
YPR002W,YHL007C,9.67215862957005e-10
YPR002W,YNR044W,6.613315459709992e-20
YPR002W,YNL271C,5.331714625356199e-09
YPR002W,YDR200C,7.34477090258423e-10
YPR002W,YKL178C,2.173267432681314e-07
YPR002W,YOR212W,7.237659208576995e-22
YPR002W,YOL111C,5.4132240356885575e-11
YPR002W,YGL032C,6.14812064106407e-12
YPR002W,YHR005C,1.8371036029224408e-12
YPR002W,YDR103W,3.874474259646377e-06
YPR002W,YJR084W,1.665218493423961e-15
YPR002W,YCL032W,4.27932064894776e-07
YPR002W,YJL170C,3.1258470204603706e-12
YPR002W,YDR179C,0.0013853044947609305
YPR002W,YBR095C,2.0690511526311184e-09
YPR002W,YLL021W,3.449435723723582e-07
YPR002W,YDL159W,1.3796693565382157e-08
YPR002W,YNL161W,3.0402748052438255e-07
YPR002W,YNL188W,1.6433071142721417e-17
YPR002W,YJL157C,2.3561286422917026e-18
YPR002W,YJL034W,2.6368454086878046e-08
YPR002W,YLR238W,2.178317205434044e-12
YPR002W,YPR141C,3.183101698889246e-11
YPR002W,YNL127W,7.345405617087408e-09
YPR002W,YCL055W,1.20157017668987e-09
YPR002W,YPR122W,1.2549057279431786e-11
YPR002W,YMR065W,1.7145134734164458e-07
YPR002W,YDR356W,1.1615259101760422e-11
YPR002W,YMR052W,3.6828928386967164e-06
YPR002W,YFR008W,7.170048533468437e-17
YPR002W,YLL043W,0.0020876144990324974
YPR002W,YMR029C,1.4052648442412687e-14
YPR002W,YJR004C,1.1871555216202978e-05
YPR002W,YDL223C,3.695941556275395e-12
YPR002W,YHR158C,2.4998704247991554e-05
YPR002W,YGR238C,1.5382789797513396e-06
YPR002W,YIL015W,2.0623956900802955e-17
YPR002W,YGL173C,0.08911827951669693
YPR002W,YDL225W,6.051556391412083e-12
YPR002W,YLR330W,4.831262126470115e-11
YPR002W,YBR129C,1.3670608495885972e-05
YPR002W,YKR095W-A,0.2020167112350464
YPR002W,YPR075C,9.000631051017324e-14
YPR002W,YMR198W,1.2470798083086265e-06
YPR002W,YOR127W,2.500522811033079e-08
YPR002W,YDR264C,2.1426161765703e-05
YPR002W,YLR110C,5.612101450225282e-09
YPR002W,YDR379W,7.666918827453628e-05
YPR002W,YDL100C,1.7494174647325958e-14
YPR002W,YHR073W,1.346149192116286e-09
YPR002W,YJR090C,0.9993877410888672
YPR002W,YOR208W,1.0437804787155613e-10
YPR002W,YBR040W,3.7592640111938636e-10
YPR002W,YNL279W,1.8357797060275516e-08
YPR002W,YER075C,5.3532508900389075e-05
YPR002W,YCR089W,1.3351870620681439e-05
YPR002W,YCR002C,1.3024636057179517e-11
YPR002W,YJL108C,3.1032523772900333e-10
YPR002W,YBR200W,3.5438647500996012e-06
YPR002W,YIL026C,2.2229718510402563e-08
YPR002W,YJR076C,8.59193272084724e-11
YPR002W,YKR031C,2.0296204716885313e-09
YPR002W,YPL192C,2.2190393167420552e-07
YPR002W,YHR107C,1.1053132714655689e-10
YPR002W,YIL037C,5.061060548428031e-08
YPR002W,YPL156C,1.344036718364805e-06
YPR002W,YIL117C,5.718946427535343e-10
YPR002W,YHR066W,9.002829592930084e-10
YPR002W,YML085C,3.37184388854439e-07
YPR002W,YML047C,9.383960275499703e-08
YPR002W,YDR312W,0.8681272864341736
YPR002W,YFL037W,1.3195013082167861e-08
YPR002W,YDL038C,0.2020167112350464
YPR002W,YDL039C,8.24540019594977e-11
YPR002W,YCL027W,3.361854907934352e-17
YPR002W,YML124C,2.5782989965250636e-08
YPR002W,YGL053W,6.034637951835269e-15
YPR002W,YMR232W,5.158159979146149e-07
YPR002W,YNL298W,3.2621208512217947e-10
YPR002W,YGL099W,4.0815876044180484e-16
YPR002W,YBL016W,5.643151501644184e-10
YPR002W,YAL041W,3.508964800857939e-05
YPR002W,YDR085C,6.336210729986552e-19
YPR002W,YPL187W,0.003975401166826487
YPR002W,YPL256C,7.611975421728881e-14
YPR002W,YDR461W,6.899995735601922e-18
YPR002W,YNL145W,1.269012188431082e-16
YKR035W-A,YDL165W,1.4674874648790137e-07
YKR035W-A,YGR059W,1.7769145415513776e-05
YKR035W-A,YBR109C,2.6503036565372895e-07
YKR035W-A,YJL080C,2.5056744235030237e-08
YKR035W-A,YCR093W,0.311644047498703
YKR035W-A,YIL122W,4.637757228920236e-05
YKR035W-A,YCL029C,6.646950623689918e-06
YKR035W-A,YNL173C,8.279933960686492e-10
YKR035W-A,YLR452C,6.134980717886762e-11
YKR035W-A,YDL160C,0.001046509831212461
YKR035W-A,YLR229C,1.40122747325222e-05
YKR035W-A,YML057W,0.00012851807696279138
YKR035W-A,YER149C,3.148324101420741e-10
YKR035W-A,YMR305C,1.3359536810142458e-09
YKR035W-A,YLR433C,2.50907328336325e-06
YKR035W-A,YJL073W,0.01974732056260109
YKR035W-A,YGR279C,1.4131246928172914e-07
YKR035W-A,YKL190W,3.137564590360853e-07
YKR035W-A,YGL089C,0.002331419615074992
YKR035W-A,YJL019W,0.43307289481163025
YKR035W-A,YJL018W,0.2020167112350464
YKR035W-A,YNR032C-A,0.02853846177458763
YKR035W-A,YGL178W,0.003773665288463235
YKR035W-A,YKL116C,7.027279647076057e-09
YKR035W-A,YDL214C,0.011554178781807423
YKR035W-A,YLR362W,0.0008386284462176263
YKR035W-A,YER068W,3.11014628096018e-06
YKR035W-A,YHR084W,0.00011457828804850578
YKR035W-A,YDR392W,3.95230799199453e-08
YKR035W-A,YNL053W,5.240921746008098e-05
YKR035W-A,YGR040W,0.021171826869249344
YKR035W-A,YDL216C,0.0027568566147238016
YKR035W-A,YOL117W,0.004672601353377104
YKR035W-A,YJR086W,0.0006395878153853118
YKR035W-A,YMR025W,0.0016055440064519644
YKR035W-A,YBR081C,5.340281745702669e-07
YKR035W-A,YFL026W,4.622417032473791e-12
YKR035W-A,YHL007C,1.3068227389112508e-08
YKR035W-A,YNR044W,0.9650543928146362
YKR035W-A,YNL271C,0.003876516129821539
YKR035W-A,YDR200C,3.8042155536821554e-10
YKR035W-A,YKL178C,1.9434320108757674e-07
YKR035W-A,YOR212W,3.253432245831078e-11
YKR035W-A,YOL111C,6.730761583639833e-07
YKR035W-A,YGL032C,0.0009351198095828295
YKR035W-A,YHR005C,0.11249038577079773
YKR035W-A,YDR103W,0.002161618322134018
YKR035W-A,YJR084W,8.017464914189532e-09
YKR035W-A,YCL032W,0.0006773271597921848
YKR035W-A,YJL170C,1.3578651092416294e-08
YKR035W-A,YDR179C,0.044667549431324005
YKR035W-A,YBR095C,1.8347436707699671e-06
YKR035W-A,YLL021W,3.5371117384878914e-13
YKR035W-A,YDL159W,9.90404842582393e-08
YKR035W-A,YNL161W,0.9518263339996338
YKR035W-A,YNL188W,6.952026154749547e-08
YKR035W-A,YJL157C,1.1030298202596711e-11
YKR035W-A,YJL034W,1.2153414385984718e-10
YKR035W-A,YLR238W,1.2475827134039719e-05
YKR035W-A,YPR141C,0.0001866461825557053
YKR035W-A,YNL127W,0.02115689218044281
YKR035W-A,YCL055W,1.0465095101608313e-06
YKR035W-A,YPR122W,5.398952907853527e-06
YKR035W-A,YMR065W,0.000720097916200757
YKR035W-A,YDR356W,0.008176548406481743
YKR035W-A,YMR052W,0.05240458995103836
YKR035W-A,YFR008W,5.80581718168105e-06
YKR035W-A,YLL043W,0.06706152111291885
YKR035W-A,YMR029C,0.0032854333985596895
YKR035W-A,YJR004C,0.3586137592792511
YKR035W-A,YDL223C,2.8296993193066555e-08
YKR035W-A,YHR158C,9.628605766920373e-05
YKR035W-A,YGR238C,4.109952897124458e-06
YKR035W-A,YIL015W,5.671381586580537e-09
YKR035W-A,YGL173C,0.0008643091423436999
YKR035W-A,YDL225W,1.6956099024856286e-10
YKR035W-A,YLR330W,1.0399343182143639e-06
YKR035W-A,YBR129C,4.078117754602317e-08
YKR035W-A,YKR095W-A,0.2020167112350464
YKR035W-A,YPR075C,2.7707303161150776e-05
YKR035W-A,YMR198W,0.0004934709286317229
YKR035W-A,YOR127W,1.0356355062413058e-07
YKR035W-A,YDR264C,3.062278665311169e-06
YKR035W-A,YLR110C,2.946459265809609e-12
YKR035W-A,YDR379W,1.3327373871163672e-08
YKR035W-A,YDL100C,2.761762019076741e-08
YKR035W-A,YHR073W,8.435329590383844e-08
YKR035W-A,YJR090C,0.0008143414743244648
YKR035W-A,YOR208W,1.6357442973458092e-06
YKR035W-A,YBR040W,1.345081727777142e-06
YKR035W-A,YNL279W,2.5791956431930885e-05
YKR035W-A,YER075C,8.450987132313514e-11
YKR035W-A,YCR089W,1.5867503577737807e-07
YKR035W-A,YCR002C,1.2375884580251295e-05
YKR035W-A,YJL108C,0.03563787788152695
YKR035W-A,YBR200W,0.4467134177684784
YKR035W-A,YIL026C,6.814931111875921e-05
YKR035W-A,YJR076C,9.162241632054702e-09
YKR035W-A,YKR031C,0.7029154896736145
YKR035W-A,YPL192C,4.800622627953999e-05
YKR035W-A,YHR107C,6.244981753944501e-10
YKR035W-A,YIL037C,1.64482294451318e-08
YKR035W-A,YPL156C,1.966720628843177e-05
YKR035W-A,YIL117C,2.51898163696751e-05
YKR035W-A,YHR066W,0.0009568726527504623
YKR035W-A,YML085C,1.2335283017250731e-08
YKR035W-A,YML047C,1.7682532521545724e-11
YKR035W-A,YDR312W,4.1722088894857734e-08
YKR035W-A,YFL037W,8.727672312072374e-14
YKR035W-A,YDL038C,0.2020167112350464
YKR035W-A,YDL039C,2.9530884682049674e-11
YKR035W-A,YCL027W,2.3794475509930635e-06
YKR035W-A,YML124C,7.327762574504959e-08
YKR035W-A,YGL053W,0.002372204326093197
YKR035W-A,YMR232W,1.0066924716056747e-07
YKR035W-A,YNL298W,1.537768548587337e-05
YKR035W-A,YGL099W,1.5058122926348005e-06
YKR035W-A,YBL016W,4.904670640826225e-05
YKR035W-A,YAL041W,0.00030501492437906563
YKR035W-A,YDR085C,5.207979825172515e-07
YKR035W-A,YPL187W,0.0001340135495411232
YKR035W-A,YPL256C,6.709765989348915e-12
YKR035W-A,YDR461W,5.116266166282912e-08
YKR035W-A,YNL145W,9.749700780048443e-08
YHR135C,YDL165W,2.9579152851511026e-06
YHR135C,YGR059W,1.6090106100818957e-06
YHR135C,YBR109C,1.332149963673146e-06
YHR135C,YJL080C,4.733479363494553e-05
YHR135C,YCR093W,2.9763336684140995e-08
YHR135C,YIL122W,0.0021926485933363438
YHR135C,YCL029C,6.71726979817322e-07
YHR135C,YNL173C,1.5523617548751645e-05
YHR135C,YLR452C,0.11591839045286179
YHR135C,YDL160C,0.0001227863394888118
YHR135C,YLR229C,3.0774720549686663e-09
YHR135C,YML057W,1.06472664018753e-10
YHR135C,YER149C,8.801586773188319e-06
YHR135C,YMR305C,0.0001481959770899266
YHR135C,YLR433C,1.5972765368132968e-06
YHR135C,YJL073W,3.7122813711931713e-09
YHR135C,YGR279C,0.25602030754089355
YHR135C,YKL190W,1.6949750261119334e-06
YHR135C,YGL089C,3.795881013957114e-07
YHR135C,YJL019W,0.00019118213094770908
YHR135C,YJL018W,0.20200781524181366
YHR135C,YNR032C-A,9.201266220770776e-05
YHR135C,YGL178W,0.33544573187828064
YHR135C,YKL116C,4.3203104382882884e-07
YHR135C,YDL214C,3.2795846891531255e-06
YHR135C,YLR362W,2.5937064492609352e-05
YHR135C,YER068W,0.003629999002441764
YHR135C,YHR084W,2.256350217777481e-09
YHR135C,YDR392W,1.2375270671327598e-05
YHR135C,YNL053W,0.5190955400466919
YHR135C,YGR040W,0.0002085372107103467
YHR135C,YDL216C,4.478719802136766e-06
YHR135C,YOL117W,2.6392943386355228e-09
YHR135C,YJR086W,2.6270842568010266e-07
YHR135C,YMR025W,7.709955411883129e-07
YHR135C,YBR081C,1.417079329257831e-05
YHR135C,YFL026W,1.666475242245724e-07
YHR135C,YHL007C,7.974763320817146e-06
YHR135C,YNR044W,0.3765263259410858
YHR135C,YNL271C,0.9675801396369934
YHR135C,YDR200C,0.00011960735719185323
YHR135C,YKL178C,0.985025942325592
YHR135C,YOR212W,5.643078893058373e-09
YHR135C,YOL111C,2.725570970971863e-15
YHR135C,YGL032C,2.5811884825088782e-06
YHR135C,YHR005C,0.3139873743057251
YHR135C,YDR103W,2.372877503376003e-07
YHR135C,YJR084W,2.1567246221820824e-05
YHR135C,YCL032W,0.0002760752395261079
YHR135C,YJL170C,0.006026714574545622
YHR135C,YDR179C,0.00040075110155157745
YHR135C,YBR095C,4.867339157499373e-05
YHR135C,YLL021W,5.082846499249172e-08
YHR135C,YDL159W,7.3476648765336e-08
YHR135C,YNL161W,0.00171973230317235
YHR135C,YNL188W,1.298481180356248e-07
YHR135C,YJL157C,1.0403767873867764e-06
YHR135C,YJL034W,4.1178597598445776e-07
YHR135C,YLR238W,0.001400031498633325
YHR135C,YPR141C,0.053376294672489166
YHR135C,YNL127W,6.945923280987643e-10
YHR135C,YCL055W,1.471008558018294e-11
YHR135C,YPR122W,7.814649620740965e-07
YHR135C,YMR065W,3.378625157424153e-10
YHR135C,YDR356W,1.422550894858432e-06
YHR135C,YMR052W,1.3689309525943827e-06
YHR135C,YFR008W,9.251400712173563e-08
YHR135C,YLL043W,0.01899988390505314
YHR135C,YMR029C,2.991824317177816e-07
YHR135C,YJR004C,2.7131041861139238e-05
YHR135C,YDL223C,5.037575911970293e-10
YHR135C,YHR158C,2.9431771508825477e-07
YHR135C,YGR238C,6.527781787335485e-13
YHR135C,YIL015W,0.0001002554054139182
YHR135C,YGL173C,3.4863603559642797e-07
YHR135C,YDL225W,0.00024852942442521453
YHR135C,YLR330W,2.383137825745507e-06
YHR135C,YBR129C,2.2061277604734641e-07
YHR135C,YKR095W-A,0.2020167112350464
YHR135C,YPR075C,1.2717018193705854e-12
YHR135C,YMR198W,3.776026247237496e-08
YHR135C,YOR127W,6.002154805173632e-06
YHR135C,YDR264C,0.00013407501683104783
YHR135C,YLR110C,9.167717962554889e-08
YHR135C,YDR379W,1.226675028220825e-08
YHR135C,YDL100C,4.839694200953204e-10
YHR135C,YHR073W,0.0037289222236722708
YHR135C,YJR090C,2.052148902198514e-11
YHR135C,YOR208W,2.9473159884219058e-05
YHR135C,YBR040W,7.473219959530653e-11
YHR135C,YNL279W,0.009789301082491875
YHR135C,YER075C,1.426274098825786e-09
YHR135C,YCR089W,3.591196673369268e-09
YHR135C,YCR002C,1.4713988321091165e-06
YHR135C,YJL108C,0.23373077809810638
YHR135C,YBR200W,4.1226419966733374e-07
YHR135C,YIL026C,1.9975452687504003e-06
YHR135C,YJR076C,0.005449783988296986
YHR135C,YKR031C,6.638435297645628e-05
YHR135C,YPL192C,0.0247543603181839
YHR135C,YHR107C,5.6051304141721894e-15
YHR135C,YIL037C,1.2116023754060734e-05
YHR135C,YPL156C,1.5006871301181945e-09
YHR135C,YIL117C,0.0015757190994918346
YHR135C,YHR066W,4.255289809407259e-07
YHR135C,YML085C,0.006741284858435392
YHR135C,YML047C,0.038777925074100494
YHR135C,YDR312W,1.487687056878073e-11
YHR135C,YFL037W,6.582636302709943e-08
YHR135C,YDL038C,0.2020167112350464
YHR135C,YDL039C,3.8955866310530496e-11
YHR135C,YCL027W,0.00021382821432780474
YHR135C,YML124C,0.0006273862672969699
YHR135C,YGL053W,7.881591955083422e-06
YHR135C,YMR232W,1.1827802381958463e-07
YHR135C,YNL298W,6.568607879842148e-10
YHR135C,YGL099W,0.0740542858839035
YHR135C,YBL016W,0.00044799965689890087
YHR135C,YAL041W,0.0007304734317585826
YHR135C,YDR085C,4.5047303665057825e-09
YHR135C,YPL187W,0.015366834588348866
YHR135C,YPL256C,2.5930901870196976e-07
YHR135C,YDR461W,0.039867375046014786
YHR135C,YNL145W,0.03547011315822601
YJL136C,YDL165W,1.2798269111158334e-08
YJL136C,YGR059W,1.7410639987017196e-12
YJL136C,YBR109C,3.913462054416783e-10
YJL136C,YJL080C,2.1821720110892784e-06
YJL136C,YCR093W,2.9627502954099327e-05
YJL136C,YIL122W,8.794344807938614e-07
YJL136C,YCL029C,1.1050634149065153e-12
YJL136C,YNL173C,1.6522513912597958e-10
YJL136C,YLR452C,3.0293816066784274e-11
YJL136C,YDL160C,5.02745588215614e-11
YJL136C,YLR229C,1.7817544630815974e-06
YJL136C,YML057W,7.1260163568565016e-12
YJL136C,YER149C,3.9409007968060905e-07
YJL136C,YMR305C,1.396100657302668e-07
YJL136C,YLR433C,1.7167063560918905e-05
YJL136C,YJL073W,1.3695142797587323e-07
YJL136C,YGR279C,0.0003684503317344934
YJL136C,YKL190W,1.236519501286703e-20
YJL136C,YGL089C,1.743744207458476e-14
YJL136C,YJL019W,0.0019052077550441027
YJL136C,YJL018W,0.2020167112350464
YJL136C,YNR032C-A,5.893791967537254e-05
YJL136C,YGL178W,2.595411934373439e-18
YJL136C,YKL116C,1.017996538772169e-17
YJL136C,YDL214C,1.1799190815509064e-06
YJL136C,YLR362W,3.5641194856550484e-13
YJL136C,YER068W,2.2805076582699257e-07
YJL136C,YHR084W,5.656891630678729e-07
YJL136C,YDR392W,1.6812828107504174e-07
YJL136C,YNL053W,1.3829543987512404e-16
YJL136C,YGR040W,6.114610187069047e-07
YJL136C,YDL216C,2.409461519192746e-09
YJL136C,YOL117W,1.8339798568689503e-09
YJL136C,YJR086W,0.000271057419013232
YJL136C,YMR025W,8.686404726176988e-06
YJL136C,YBR081C,5.710577410250606e-13
YJL136C,YFL026W,0.0007471111021004617
YJL136C,YHL007C,0.31037208437919617
YJL136C,YNR044W,9.831773240875918e-06
YJL136C,YNL271C,1.2501500079869635e-21
YJL136C,YDR200C,6.378561416033046e-13
YJL136C,YKL178C,1.7249457342095181e-13
YJL136C,YOR212W,4.4124808516211866e-13
YJL136C,YOL111C,3.560202297087176e-15
YJL136C,YGL032C,1.1791811402872554e-06
YJL136C,YHR005C,8.36161125334911e-05
YJL136C,YDR103W,2.4002522636124013e-08
YJL136C,YJR084W,1.3015010304780822e-17
YJL136C,YCL032W,2.6043693568920945e-13
YJL136C,YJL170C,0.9183452129364014
YJL136C,YDR179C,4.250073193769535e-14
YJL136C,YBR095C,7.649690885076776e-13
YJL136C,YLL021W,1.1849463077417965e-10
YJL136C,YDL159W,1.2603634802488273e-10
YJL136C,YNL161W,3.42186911130634e-14
YJL136C,YNL188W,2.7041389960569262e-11
YJL136C,YJL157C,6.146337351259996e-16
YJL136C,YJL034W,1.4540625417036368e-18
YJL136C,YLR238W,1.717432418502085e-08
YJL136C,YPR141C,6.299882837623727e-10
YJL136C,YNL127W,2.4648318941444813e-09
YJL136C,YCL055W,6.071725899836622e-10
YJL136C,YPR122W,0.2655417323112488
YJL136C,YMR065W,3.121122426819056e-05
YJL136C,YDR356W,7.818487191002532e-09
YJL136C,YMR052W,2.324047800993795e-13
YJL136C,YFR008W,2.77757955524649e-11
YJL136C,YLL043W,2.4505020235210395e-09
YJL136C,YMR029C,3.3138351372560273e-20
YJL136C,YJR004C,0.0011643492616713047
YJL136C,YDL223C,6.633818497372989e-24
YJL136C,YHR158C,3.792742595681853e-12
YJL136C,YGR238C,2.82124440115542e-15
YJL136C,YIL015W,1.2254271496203728e-05
YJL136C,YGL173C,1.1583837188078316e-12
YJL136C,YDL225W,0.0012139214668422937
YJL136C,YLR330W,1.0381668847142989e-15
YJL136C,YBR129C,4.900966299459242e-10
YJL136C,YKR095W-A,0.2020167112350464
YJL136C,YPR075C,1.2850820498607873e-14
YJL136C,YMR198W,1.269198721814968e-12
YJL136C,YOR127W,8.995644091476728e-20
YJL136C,YDR264C,2.910809929695886e-16
YJL136C,YLR110C,1.0145778531547855e-12
YJL136C,YDR379W,2.4693679279153e-07
YJL136C,YDL100C,1.8605764783127983e-14
YJL136C,YHR073W,1.4889885114818813e-13
YJL136C,YJR090C,2.425673865328465e-13
YJL136C,YOR208W,1.2564125881908694e-06
YJL136C,YBR040W,1.811852712307882e-07
YJL136C,YNL279W,3.5386654544111718e-12
YJL136C,YER075C,7.339179958210096e-11
YJL136C,YCR089W,0.01480304729193449
YJL136C,YCR002C,3.2452404652438815e-10
YJL136C,YJL108C,9.784877769147826e-11
YJL136C,YBR200W,1.5133710951076296e-10
YJL136C,YIL026C,1.8266049514137437e-15
YJL136C,YJR076C,5.457165535432962e-12
YJL136C,YKR031C,6.779923182875791e-07
YJL136C,YPL192C,0.001318284310400486
YJL136C,YHR107C,5.0576081517261784e-11
YJL136C,YIL037C,0.006605942267924547
YJL136C,YPL156C,6.20018770249226e-18
YJL136C,YIL117C,4.564901110110445e-14
YJL136C,YHR066W,6.108245284358257e-14
YJL136C,YML085C,8.281464842227818e-14
YJL136C,YML047C,0.9574847221374512
YJL136C,YDR312W,3.71646955264155e-16
YJL136C,YFL037W,5.169510652880405e-12
YJL136C,YDL038C,0.2020167112350464
YJL136C,YDL039C,9.771519531021067e-12
YJL136C,YCL027W,1.86539643988981e-16
YJL136C,YML124C,3.621552628759009e-16
YJL136C,YGL053W,2.9543905358382832e-18
YJL136C,YMR232W,0.9156416654586792
YJL136C,YNL298W,8.244559467129875e-06
YJL136C,YGL099W,9.620883733782448e-13
YJL136C,YBL016W,1.8642688068577564e-20
YJL136C,YAL041W,9.039005655075982e-12
YJL136C,YDR085C,1.9738401135782624e-08
YJL136C,YPL187W,2.280203261761926e-07
YJL136C,YPL256C,7.630248655132732e-10
YJL136C,YDR461W,5.2678995416499674e-05
YJL136C,YNL145W,4.667478903375155e-11
YBR158W,YDL165W,4.224063232527442e-08
YBR158W,YGR059W,1.4257395611338985e-11
YBR158W,YBR109C,1.1491792065498885e-05
YBR158W,YJL080C,9.944325363164808e-09
YBR158W,YCR093W,6.766938167857006e-05
YBR158W,YIL122W,1.7966934906001042e-13
YBR158W,YCL029C,6.23936557531124e-06
YBR158W,YNL173C,1.208675737274234e-08
YBR158W,YLR452C,0.966528594493866
YBR158W,YDL160C,1.2996160814182645e-09
YBR158W,YLR229C,2.5341032596770674e-05
YBR158W,YML057W,3.1545165785074047e-13
YBR158W,YER149C,0.00032520011882297695
YBR158W,YMR305C,0.03180331736803055
YBR158W,YLR433C,0.8674205541610718
YBR158W,YJL073W,4.897612660706839e-17
YBR158W,YGR279C,4.826414875397367e-12
YBR158W,YKL190W,1.0641966809998848e-06
YBR158W,YGL089C,4.846210672343476e-12
YBR158W,YJL019W,0.9232053160667419
YBR158W,YJL018W,0.04300084710121155
YBR158W,YNR032C-A,4.083464588688912e-08
YBR158W,YGL178W,7.336290241966026e-09
YBR158W,YKL116C,3.0091845474089496e-05
YBR158W,YDL214C,0.7391619086265564
YBR158W,YLR362W,2.3276868432731135e-08
YBR158W,YER068W,2.1913877656931646e-10
YBR158W,YHR084W,0.0017134282970800996
YBR158W,YDR392W,1.4228567657426083e-08
YBR158W,YNL053W,0.5877357721328735
YBR158W,YGR040W,5.350461393383021e-12
YBR158W,YDL216C,6.648031014577782e-09
YBR158W,YOL117W,3.2245945931208553e-06
YBR158W,YJR086W,0.9968798160552979
YBR158W,YMR025W,1.3169718648953221e-08
YBR158W,YBR081C,2.178125896534766e-06
YBR158W,YFL026W,1.4310578990262002e-05
YBR158W,YHL007C,0.6194919943809509
YBR158W,YNR044W,0.06584276258945465
YBR158W,YNL271C,3.337271152759058e-07
YBR158W,YDR200C,1.0343123926781495e-12
YBR158W,YKL178C,7.729727231550743e-13
YBR158W,YOR212W,0.031223662197589874
YBR158W,YOL111C,1.2723138809178636e-07
YBR158W,YGL032C,0.00021033604571130127
YBR158W,YHR005C,1.962229816854233e-06
YBR158W,YDR103W,4.041083957417868e-05
YBR158W,YJR084W,1.896576395665761e-05
YBR158W,YCL032W,4.3977897712377256e-11
YBR158W,YJL170C,0.00014158026897348464
YBR158W,YDR179C,1.7931289786332627e-10
YBR158W,YBR095C,0.017770949751138687
YBR158W,YLL021W,0.011611374095082283
YBR158W,YDL159W,1.7893842061290216e-14
YBR158W,YNL161W,1.1755492778320331e-05
YBR158W,YNL188W,1.0608943057377473e-06
YBR158W,YJL157C,0.00014362177171278745
YBR158W,YJL034W,8.920306715509696e-10
YBR158W,YLR238W,1.1250549825092548e-08
YBR158W,YPR141C,1.1848421763716033e-06
YBR158W,YNL127W,0.005689698271453381
YBR158W,YCL055W,0.27969756722450256
YBR158W,YPR122W,0.45147833228111267
YBR158W,YMR065W,0.9969730377197266
YBR158W,YDR356W,0.996743381023407
YBR158W,YMR052W,1.256028099305695e-06
YBR158W,YFR008W,0.0113474540412426
YBR158W,YLL043W,7.806442714475281e-10
YBR158W,YMR029C,5.121065669300151e-07
YBR158W,YJR004C,2.1465587035168304e-16
YBR158W,YDL223C,1.200150547518708e-12
YBR158W,YHR158C,0.16524089872837067
YBR158W,YGR238C,5.455893958838942e-09
YBR158W,YIL015W,9.865128231467679e-05
YBR158W,YGL173C,4.560693560051732e-05
YBR158W,YDL225W,0.00011628957145148888
YBR158W,YLR330W,4.0358457449070756e-19
YBR158W,YBR129C,1.8454243341792242e-11
YBR158W,YKR095W-A,0.2020167112350464
YBR158W,YPR075C,3.16089959762067e-10
YBR158W,YMR198W,4.797665042133303e-06
YBR158W,YOR127W,0.009433027356863022
YBR158W,YDR264C,1.540241555630928e-06
YBR158W,YLR110C,2.534030494119599e-12
YBR158W,YDR379W,0.0001268752384930849
YBR158W,YDL100C,1.9045576209464343e-06
YBR158W,YHR073W,0.0005808493588119745
YBR158W,YJR090C,0.06500834226608276
YBR158W,YOR208W,5.865181951225651e-11
YBR158W,YBR040W,0.4061010181903839
YBR158W,YNL279W,1.0
YBR158W,YER075C,1.3175481399230193e-06
YBR158W,YCR089W,0.0013530234573408961
YBR158W,YCR002C,2.7934414781327632e-09
YBR158W,YJL108C,6.819239928290699e-08
YBR158W,YBR200W,6.666508767239065e-08
YBR158W,YIL026C,0.018830914050340652
YBR158W,YJR076C,1.7055341459126794e-06
YBR158W,YKR031C,5.778542533363407e-09
YBR158W,YPL192C,1.116922596078318e-10
YBR158W,YHR107C,4.9228048737859353e-05
YBR158W,YIL037C,1.7548003938827605e-07
YBR158W,YPL156C,0.001718019018881023
YBR158W,YIL117C,9.614632290322334e-05
YBR158W,YHR066W,2.0931292965542525e-05
YBR158W,YML085C,9.6038835181389e-05
YBR158W,YML047C,0.05037567764520645
YBR158W,YDR312W,2.157612925657304e-06
YBR158W,YFL037W,0.0005357494228519499
YBR158W,YDL038C,0.2020167112350464
YBR158W,YDL039C,3.1171027564669274e-11
YBR158W,YCL027W,0.9339964389801025
YBR158W,YML124C,9.26303656001437e-08
YBR158W,YGL053W,3.2321377148036845e-06
YBR158W,YMR232W,0.10858767479658127
YBR158W,YNL298W,0.05538765341043472
YBR158W,YGL099W,4.030582658742787e-06
YBR158W,YBL016W,0.0001326411438640207
YBR158W,YAL041W,0.002674916060641408
YBR158W,YDR085C,2.3552581751573598e-07
YBR158W,YPL187W,9.107419828069396e-06
YBR158W,YPL256C,4.571198974900881e-11
YBR158W,YDR461W,1.5779699769069566e-10
YBR158W,YNL145W,0.902761697769165
YLR103C,YDL165W,3.9119109374041727e-07
YLR103C,YGR059W,1.1914017328251703e-08
YLR103C,YBR109C,1.5049480452944408e-06
YLR103C,YJL080C,2.4373975975322537e-05
YLR103C,YCR093W,0.0025977001059800386
YLR103C,YIL122W,0.9244931936264038
YLR103C,YCL029C,1.5573017051254134e-12
YLR103C,YNL173C,4.820253224346871e-11
YLR103C,YLR452C,0.9999563694000244
YLR103C,YDL160C,9.949601007974707e-06
YLR103C,YLR229C,0.10543328523635864
YLR103C,YML057W,8.922901480190593e-12
YLR103C,YER149C,0.002298856619745493
YLR103C,YMR305C,0.3845687210559845
YLR103C,YLR433C,0.009159439243376255
YLR103C,YJL073W,3.7405301078763387e-11
YLR103C,YGR279C,0.19280299544334412
YLR103C,YKL190W,8.082052431745979e-07
YLR103C,YGL089C,9.657930786488578e-05
YLR103C,YJL019W,2.5712657588883303e-05
YLR103C,YJL018W,0.0015984702622517943
YLR103C,YNR032C-A,0.0014135702513158321
YLR103C,YGL178W,9.310715540777892e-06
YLR103C,YKL116C,3.5707045653587954e-10
YLR103C,YDL214C,0.9976277947425842
YLR103C,YLR362W,6.03859627232306e-12
YLR103C,YER068W,4.121947672075521e-09
YLR103C,YHR084W,0.013319844380021095
YLR103C,YDR392W,0.034747425466775894
YLR103C,YNL053W,2.0519875576496815e-08
YLR103C,YGR040W,0.0016211214242503047
YLR103C,YDL216C,3.9276979805435985e-05
YLR103C,YOL117W,5.879934039665358e-11
YLR103C,YJR086W,0.00036069369525648654
YLR103C,YMR025W,2.141504573671682e-08
YLR103C,YBR081C,0.9928666353225708
YLR103C,YFL026W,0.05587970092892647
YLR103C,YHL007C,0.0001303148310398683
YLR103C,YNR044W,5.250691629044013e-06
YLR103C,YNL271C,9.049326763488352e-06
YLR103C,YDR200C,1.699004315014463e-08
YLR103C,YKL178C,0.9403910636901855
YLR103C,YOR212W,0.649267852306366
YLR103C,YOL111C,4.945787113186384e-10
YLR103C,YGL032C,0.027316363528370857
YLR103C,YHR005C,2.972568108816631e-05
YLR103C,YDR103W,1.1903169934157631e-06
YLR103C,YJR084W,5.4246527270152e-08
YLR103C,YCL032W,4.154244503951077e-09
YLR103C,YJL170C,0.17542888224124908
YLR103C,YDR179C,2.4927086172965573e-08
YLR103C,YBR095C,8.576422558248531e-12
YLR103C,YLL021W,0.8865312933921814
YLR103C,YDL159W,9.865791980701033e-06
YLR103C,YNL161W,3.6640240068663843e-06
YLR103C,YNL188W,5.677808803739026e-05
YLR103C,YJL157C,0.010617200285196304
YLR103C,YJL034W,6.338914726455869e-09
YLR103C,YLR238W,1.4824909158051014e-06
YLR103C,YPR141C,0.0009813429787755013
YLR103C,YNL127W,5.082671705736175e-08
YLR103C,YCL055W,1.9507831893861294e-05
YLR103C,YPR122W,0.8452627062797546
YLR103C,YMR065W,0.24073855578899384
YLR103C,YDR356W,9.918318937707227e-06
YLR103C,YMR052W,1.9561517683452934e-10
YLR103C,YFR008W,0.99904865026474
YLR103C,YLL043W,0.0002930929767899215
YLR103C,YMR029C,2.148728839301839e-07
YLR103C,YJR004C,2.8459030687599807e-09
YLR103C,YDL223C,1.8948674226915152e-11
YLR103C,YHR158C,0.00032491720048710704
YLR103C,YGR238C,1.049497413418976e-07
YLR103C,YIL015W,0.9999593496322632
YLR103C,YGL173C,5.173254749024636e-07
YLR103C,YDL225W,5.896957009099424e-05
YLR103C,YLR330W,0.0002725526865106076
YLR103C,YBR129C,1.606387245445262e-11
YLR103C,YKR095W-A,0.2020167112350464
YLR103C,YPR075C,2.9113159882854234e-08
YLR103C,YMR198W,0.015394983813166618
YLR103C,YOR127W,3.256958938657739e-11
YLR103C,YDR264C,3.8930826917749073e-07
YLR103C,YLR110C,2.285043798622155e-08
YLR103C,YDR379W,7.333661778829992e-05
YLR103C,YDL100C,1.3729647641014253e-08
YLR103C,YHR073W,1.6479620944774565e-13
YLR103C,YJR090C,6.123182256373427e-12
YLR103C,YOR208W,3.025405419521121e-07
YLR103C,YBR040W,0.9888384342193604
YLR103C,YNL279W,0.2012491375207901
YLR103C,YER075C,0.012941775843501091
YLR103C,YCR089W,0.007662973366677761
YLR103C,YCR002C,3.944037541003809e-09
YLR103C,YJL108C,0.6634309887886047
YLR103C,YBR200W,1.3154455302810675e-08
YLR103C,YIL026C,2.747329652663666e-08
YLR103C,YJR076C,6.504261546069756e-05
YLR103C,YKR031C,5.624996902042767e-06
YLR103C,YPL192C,0.9606490135192871
YLR103C,YHR107C,0.02702648565173149
YLR103C,YIL037C,0.0031498263124376535
YLR103C,YPL156C,0.0015931088710203767
YLR103C,YIL117C,1.7862220147435437e-06
YLR103C,YHR066W,2.9477134305361786e-19
YLR103C,YML085C,1.511574737378396e-06
YLR103C,YML047C,0.9947289824485779
YLR103C,YDR312W,1.8467371774022467e-06
YLR103C,YFL037W,0.00030842775595374405
YLR103C,YDL038C,0.2020167112350464
YLR103C,YDL039C,1.9429569064755015e-08
YLR103C,YCL027W,0.000495637534186244
YLR103C,YML124C,0.000764333875849843
YLR103C,YGL053W,4.3327519350100374e-09
YLR103C,YMR232W,0.04742295667529106
YLR103C,YNL298W,0.8074327707290649
YLR103C,YGL099W,1.0539806722021814e-15
YLR103C,YBL016W,1.5526163688051042e-11
YLR103C,YAL041W,6.447699973932686e-08
YLR103C,YDR085C,3.828554042684118e-07
YLR103C,YPL187W,0.0020847029518336058
YLR103C,YPL256C,0.004697979893535376
YLR103C,YDR461W,7.99081931290857e-07
YLR103C,YNL145W,0.2926679849624634
YDL042C,YDL165W,0.00017405604012310505
YDL042C,YGR059W,2.7553227914859334e-15
YDL042C,YBR109C,0.0006522005423903465
YDL042C,YJL080C,1.4499370400069406e-13
YDL042C,YCR093W,4.950854417984374e-05
YDL042C,YIL122W,1.2519902270469174e-07
YDL042C,YCL029C,6.85702744585015e-11
YDL042C,YNL173C,3.8405303826039017e-07
YDL042C,YLR452C,1.3963074252387742e-06
YDL042C,YDL160C,1.8032416448932054e-08
YDL042C,YLR229C,0.00016596756177023053
YDL042C,YML057W,1.5158603005386785e-19
YDL042C,YER149C,2.255750863877637e-10
YDL042C,YMR305C,1.0219033624360937e-16
YDL042C,YLR433C,7.976034976309165e-05
YDL042C,YJL073W,2.029591650860882e-18
YDL042C,YGR279C,0.001055423286743462
YDL042C,YKL190W,1.6954196564462204e-13
YDL042C,YGL089C,0.08942703157663345
YDL042C,YJL019W,7.24548669950309e-08
YDL042C,YJL018W,0.002276910236105323
YDL042C,YNR032C-A,0.00044493775931186974
YDL042C,YGL178W,0.052504416555166245
YDL042C,YKL116C,1.2253429986230913e-06
YDL042C,YDL214C,2.7234550614707587e-08
YDL042C,YLR362W,6.981145262568988e-14
YDL042C,YER068W,1.1054117690645349e-11
YDL042C,YHR084W,5.6033119477660875e-08
YDL042C,YDR392W,5.689903165599294e-15
YDL042C,YNL053W,5.041240314085371e-09
YDL042C,YGR040W,2.6632787921698764e-06
YDL042C,YDL216C,1.7780688033042225e-10
YDL042C,YOL117W,7.570085530650417e-11
YDL042C,YJR086W,3.4216133398823345e-11
YDL042C,YMR025W,0.0008489446481689811
YDL042C,YBR081C,0.0054077873937785625
YDL042C,YFL026W,3.143375943182036e-05
YDL042C,YHL007C,1.3900923967469225e-08
YDL042C,YNR044W,1.0168368369534164e-08
YDL042C,YNL271C,0.07609236240386963
YDL042C,YDR200C,2.6871668085126643e-11
YDL042C,YKL178C,8.142837032210082e-06
YDL042C,YOR212W,2.4990866292570168e-20
YDL042C,YOL111C,2.542400968572056e-12
YDL042C,YGL032C,5.616915769211212e-18
YDL042C,YHR005C,8.06370348271912e-09
YDL042C,YDR103W,1.8411193680734073e-09
YDL042C,YJR084W,4.185487026409085e-12
YDL042C,YCL032W,2.4330000236716387e-09
YDL042C,YJL170C,3.2189021226258774e-08
YDL042C,YDR179C,1.9384831806694598e-14
YDL042C,YBR095C,2.5116800316027366e-05
YDL042C,YLL021W,9.034238607858944e-14
YDL042C,YDL159W,0.00016057383618317544
YDL042C,YNL161W,1.3503164154826663e-05
YDL042C,YNL188W,4.4488825838085496e-15
YDL042C,YJL157C,7.087569974828511e-05
YDL042C,YJL034W,3.9222666997976163e-13
YDL042C,YLR238W,2.8390273465461746e-10
YDL042C,YPR141C,3.437794271476946e-09
YDL042C,YNL127W,0.0361088365316391
YDL042C,YCL055W,2.0878825779391263e-08
YDL042C,YPR122W,1.2198270269436762e-05
YDL042C,YMR065W,0.0001366679643979296
YDL042C,YDR356W,0.0002663084596861154
YDL042C,YMR052W,1.2642645819127551e-09
YDL042C,YFR008W,1.7331657318209182e-06
YDL042C,YLL043W,3.2553342066421465e-07
YDL042C,YMR029C,3.834092331816974e-12
YDL042C,YJR004C,7.88675808688355e-12
YDL042C,YDL223C,5.038508650548711e-17
YDL042C,YHR158C,7.398991783702513e-06
YDL042C,YGR238C,6.068692770533346e-10
YDL042C,YIL015W,7.85663905844558e-06
YDL042C,YGL173C,9.052209861692972e-06
YDL042C,YDL225W,2.8495905572586323e-17
YDL042C,YLR330W,1.7343892155999969e-15
YDL042C,YBR129C,4.128735326958122e-06
YDL042C,YKR095W-A,0.2020167112350464
YDL042C,YPR075C,5.769908550945502e-09
YDL042C,YMR198W,3.711908789227891e-07
YDL042C,YOR127W,5.348538252292201e-07
YDL042C,YDR264C,0.0002816205669660121
YDL042C,YLR110C,3.0146961762511637e-06
YDL042C,YDR379W,2.2439444399835473e-11
YDL042C,YDL100C,1.400061089388878e-18
YDL042C,YHR073W,2.2495005858047534e-09
YDL042C,YJR090C,1.533723981150814e-10
YDL042C,YOR208W,4.4936837584330647e-10
YDL042C,YBR040W,0.0009246194968000054
YDL042C,YNL279W,3.148373217947559e-13
YDL042C,YER075C,0.6265416145324707
YDL042C,YCR089W,7.33995017543343e-11
YDL042C,YCR002C,1.636764324075557e-08
YDL042C,YJL108C,8.447584943843331e-15
YDL042C,YBR200W,5.544360082154753e-09
YDL042C,YIL026C,3.77057070011233e-08
YDL042C,YJR076C,4.168747812227647e-12
YDL042C,YKR031C,1.8662600268726237e-05
YDL042C,YPL192C,9.317377598627719e-13
YDL042C,YHR107C,1.717905540044029e-10
YDL042C,YIL037C,0.00015362317208200693
YDL042C,YPL156C,2.2757585746435716e-11
YDL042C,YIL117C,0.5696743726730347
YDL042C,YHR066W,2.4926407604652923e-09
YDL042C,YML085C,5.562662960464926e-13
YDL042C,YML047C,0.18563880026340485
YDL042C,YDR312W,5.334356290020992e-10
YDL042C,YFL037W,1.6822653492454265e-08
YDL042C,YDL038C,0.2020167112350464
YDL042C,YDL039C,4.893566107888603e-11
YDL042C,YCL027W,3.998677083894009e-11
YDL042C,YML124C,4.2362173236009754e-18
YDL042C,YGL053W,1.1273737072770018e-06
YDL042C,YMR232W,8.464432710297842e-09
YDL042C,YNL298W,0.00028685625875368714
YDL042C,YGL099W,4.842251599690428e-10
YDL042C,YBL016W,2.748533063368086e-07
YDL042C,YAL041W,7.495325249351481e-09
YDL042C,YDR085C,1.2068329446890402e-08
YDL042C,YPL187W,0.16520383954048157
YDL042C,YPL256C,6.271766122438311e-18
YDL042C,YDR461W,1.4201757825293981e-11
YDL042C,YNL145W,1.8672222616972255e-20
YJR094W-A,YDL165W,0.9783048629760742
YJR094W-A,YGR059W,2.592676628943025e-10
YJR094W-A,YBR109C,0.0021260695066303015
YJR094W-A,YJL080C,1.7010850683618628e-07
YJR094W-A,YCR093W,4.6015498078588735e-09
YJR094W-A,YIL122W,3.500622187857516e-05
YJR094W-A,YCL029C,1.140024039614218e-07
YJR094W-A,YNL173C,0.9999997615814209
YJR094W-A,YLR452C,1.6377205147577456e-11
YJR094W-A,YDL160C,1.83538770670566e-06
YJR094W-A,YLR229C,1.9887062080670148e-05
YJR094W-A,YML057W,8.568467007596907e-18
YJR094W-A,YER149C,2.7363472327124327e-05
YJR094W-A,YMR305C,8.664470385610912e-08
YJR094W-A,YLR433C,0.2794223129749298
YJR094W-A,YJL073W,1.731578231556341e-05
YJR094W-A,YGR279C,1.6318592310771152e-10
YJR094W-A,YKL190W,7.76657196220113e-20
YJR094W-A,YGL089C,0.0990196019411087
YJR094W-A,YJL019W,0.00013699766714125872
YJR094W-A,YJL018W,0.2020167112350464
YJR094W-A,YNR032C-A,9.492729986959603e-06
YJR094W-A,YGL178W,9.390262789565895e-08
YJR094W-A,YKL116C,1.2769204360552067e-08
YJR094W-A,YDL214C,3.9224803913384676e-05
YJR094W-A,YLR362W,8.557001933695574e-07
YJR094W-A,YER068W,1.3654934264195617e-05
YJR094W-A,YHR084W,1.3017391331526795e-10
YJR094W-A,YDR392W,1.852734499152575e-08
YJR094W-A,YNL053W,1.366144176950801e-12
YJR094W-A,YGR040W,3.472618814726047e-08
YJR094W-A,YDL216C,1.8534167978145888e-08
YJR094W-A,YOL117W,5.412279513450358e-09
YJR094W-A,YJR086W,0.0003520133323036134
YJR094W-A,YMR025W,8.674557648191694e-06
YJR094W-A,YBR081C,1.9821219154891878e-07
YJR094W-A,YFL026W,4.1244706494580896e-07
YJR094W-A,YHL007C,2.64557391835632e-13
YJR094W-A,YNR044W,3.450796981496751e-08
YJR094W-A,YNL271C,5.7013192389376854e-08
YJR094W-A,YDR200C,0.0016139154322445393
YJR094W-A,YKL178C,2.482657066593674e-07
YJR094W-A,YOR212W,2.6606016035657376e-05
YJR094W-A,YOL111C,6.383651853653083e-12
YJR094W-A,YGL032C,0.0005401467205956578
YJR094W-A,YHR005C,0.02258700504899025
YJR094W-A,YDR103W,5.10735276293417e-09
YJR094W-A,YJR084W,1.1606748557824176e-06
YJR094W-A,YCL032W,1.3515870023184107e-06
YJR094W-A,YJL170C,0.007934533059597015
YJR094W-A,YDR179C,1.1560855606163045e-09
YJR094W-A,YBR095C,3.6379528278729367e-09
YJR094W-A,YLL021W,5.780212419814745e-11
YJR094W-A,YDL159W,2.2359138152072688e-10
YJR094W-A,YNL161W,2.752070489900338e-12
YJR094W-A,YNL188W,1.1295800277366652e-06
YJR094W-A,YJL157C,7.62233594286954e-06
YJR094W-A,YJL034W,1.7301733208632754e-15
YJR094W-A,YLR238W,1.108270794247801e-06
YJR094W-A,YPR141C,3.5836234153763247e-12
YJR094W-A,YNL127W,0.29357969760894775
YJR094W-A,YCL055W,5.489844625117257e-06
YJR094W-A,YPR122W,2.5765017696395207e-14
YJR094W-A,YMR065W,5.127516260472476e-07
YJR094W-A,YDR356W,2.642747176651028e-06
YJR094W-A,YMR052W,0.04003189876675606
YJR094W-A,YFR008W,4.040217937983925e-09
YJR094W-A,YLL043W,0.001612496213056147
YJR094W-A,YMR029C,6.190218693538641e-13
YJR094W-A,YJR004C,0.002929823938757181
YJR094W-A,YDL223C,3.6250265421502284e-21
YJR094W-A,YHR158C,1.3766981998841743e-09
YJR094W-A,YGR238C,2.1058497759701526e-14
YJR094W-A,YIL015W,0.3658508360385895
YJR094W-A,YGL173C,1.8977831132360734e-05
YJR094W-A,YDL225W,0.06717733293771744
YJR094W-A,YLR330W,4.5024648898106534e-08
YJR094W-A,YBR129C,1.0854687815253783e-08
YJR094W-A,YKR095W-A,0.2020167112350464
YJR094W-A,YPR075C,7.674813673475e-09
YJR094W-A,YMR198W,3.623507272010329e-09
YJR094W-A,YOR127W,3.319439656479517e-06
YJR094W-A,YDR264C,0.3479139804840088
YJR094W-A,YLR110C,7.586773875800645e-09
YJR094W-A,YDR379W,1.2465980034903623e-05
YJR094W-A,YDL100C,4.7768525246461024e-11
YJR094W-A,YHR073W,0.00013915079762227833
YJR094W-A,YJR090C,8.925166184781119e-05
YJR094W-A,YOR208W,2.2490327467039606e-07
YJR094W-A,YBR040W,2.3199824283892667e-09
YJR094W-A,YNL279W,1.0788517648685492e-11
YJR094W-A,YER075C,1.6157294946417267e-10
YJR094W-A,YCR089W,1.6999402996376034e-09
YJR094W-A,YCR002C,9.36946207730216e-07
YJR094W-A,YJL108C,2.631984671097598e-06
YJR094W-A,YBR200W,2.2739631155171448e-14
YJR094W-A,YIL026C,4.681221071223263e-06
YJR094W-A,YJR076C,0.6867992281913757
YJR094W-A,YKR031C,7.19894352463335e-11
YJR094W-A,YPL192C,1.3126534526008982e-08
YJR094W-A,YHR107C,0.16082394123077393
YJR094W-A,YIL037C,0.00043893777183257043
YJR094W-A,YPL156C,3.0895701552680066e-09
YJR094W-A,YIL117C,3.3668765559970388e-15
YJR094W-A,YHR066W,5.8469286301487955e-08
YJR094W-A,YML085C,1.3596913959190715e-05
YJR094W-A,YML047C,8.162301674019545e-05
YJR094W-A,YDR312W,6.647570671702852e-07
YJR094W-A,YFL037W,1.0424223546579015e-05
YJR094W-A,YDL038C,0.2020167112350464
YJR094W-A,YDL039C,2.74833563025656e-12
YJR094W-A,YCL027W,4.473990511399961e-09
YJR094W-A,YML124C,7.442651985911652e-05
YJR094W-A,YGL053W,9.016900420766305e-11
YJR094W-A,YMR232W,1.0156457392440643e-05
YJR094W-A,YNL298W,1.0765111255750526e-06
YJR094W-A,YGL099W,2.677682520157987e-10
YJR094W-A,YBL016W,1.771070934353247e-08
YJR094W-A,YAL041W,1.2973605301169755e-08
YJR094W-A,YDR085C,1.38955174406874e-05
YJR094W-A,YPL187W,0.004135509487241507
YJR094W-A,YPL256C,4.851378410108964e-09
YJR094W-A,YDR461W,1.4960430689825444e-06
YJR094W-A,YNL145W,4.6341187953657936e-07
YDR392W,YDL165W,0.9951445460319519
YDR392W,YGR059W,9.479485925112385e-06
YDR392W,YBR109C,0.9996289014816284
YDR392W,YJL080C,0.9993689656257629
YDR392W,YCR093W,0.9995836615562439
YDR392W,YIL122W,0.9946987628936768
YDR392W,YCL029C,3.243318133172579e-05
YDR392W,YNL173C,0.9999512434005737
YDR392W,YLR452C,0.9999933242797852
YDR392W,YDL160C,1.0
YDR392W,YLR229C,0.9999877214431763
YDR392W,YML057W,0.11717181652784348
YDR392W,YER149C,0.9988862872123718
YDR392W,YMR305C,0.9982585310935974
YDR392W,YLR433C,0.9999226331710815
YDR392W,YJL073W,0.00018282276869285852
YDR392W,YGR279C,0.9999774694442749
YDR392W,YKL190W,0.9999480247497559
YDR392W,YGL089C,0.999112069606781
YDR392W,YJL019W,0.9993366599082947
YDR392W,YJL018W,0.0009293703478761017
YDR392W,YNR032C-A,0.9948503375053406
YDR392W,YGL178W,0.9973838925361633
YDR392W,YKL116C,1.2021827160424436e-06
YDR392W,YDL214C,0.999579131603241
YDR392W,YLR362W,0.9976857900619507
YDR392W,YER068W,2.6544055582028436e-12
YDR392W,YHR084W,0.07144910842180252
YDR392W,YNL053W,0.999739944934845
YDR392W,YGR040W,0.9998080134391785
YDR392W,YDL216C,0.9974547028541565
YDR392W,YOL117W,0.9999995231628418
YDR392W,YJR086W,0.999984860420227
YDR392W,YMR025W,0.9993595480918884
YDR392W,YBR081C,1.0
YDR392W,YFL026W,3.870293241448053e-08
YDR392W,YHL007C,0.9993292093276978
YDR392W,YNR044W,0.9903035759925842
YDR392W,YNL271C,0.9994601607322693
YDR392W,YDR200C,0.9986642599105835
YDR392W,YKL178C,0.9999887943267822
YDR392W,YOR212W,0.9980798959732056
YDR392W,YOL111C,3.1652691578898384e-09
YDR392W,YGL032C,0.0002913483767770231
YDR392W,YHR005C,0.9744577407836914
YDR392W,YDR103W,0.9944631457328796
YDR392W,YJR084W,0.9968950748443604
YDR392W,YCL032W,0.9993271827697754
YDR392W,YJL170C,0.9876512289047241
YDR392W,YDR179C,7.88680245022988e-06
YDR392W,YBR095C,0.9731762409210205
YDR392W,YLL021W,0.9978919625282288
YDR392W,YDL159W,0.35644102096557617
YDR392W,YNL161W,0.9989251494407654
YDR392W,YNL188W,0.9999699592590332
YDR392W,YJL157C,2.84094967355486e-05
YDR392W,YJL034W,4.565530353946301e-13
YDR392W,YLR238W,0.9998849630355835
YDR392W,YPR141C,0.9999704360961914
YDR392W,YNL127W,0.9999842643737793
YDR392W,YCL055W,1.2713407215869665e-08
YDR392W,YPR122W,0.9999951124191284
YDR392W,YMR065W,0.9881172776222229
YDR392W,YDR356W,0.8509259819984436
YDR392W,YMR052W,0.9999992847442627
YDR392W,YFR008W,0.9793083071708679
YDR392W,YLL043W,0.9999735355377197
YDR392W,YMR029C,0.9994550347328186
YDR392W,YJR004C,9.843261796049774e-05
YDR392W,YDL223C,0.6018374562263489
YDR392W,YHR158C,0.9744421243667603
YDR392W,YGR238C,3.176241989422124e-07
YDR392W,YIL015W,0.9983672499656677
YDR392W,YGL173C,0.9993948936462402
YDR392W,YDL225W,0.9961156845092773
YDR392W,YLR330W,8.272384166563285e-11
YDR392W,YBR129C,0.9997552037239075
YDR392W,YKR095W-A,0.2020167112350464
YDR392W,YPR075C,0.3034466505050659
YDR392W,YMR198W,0.9938556551933289
YDR392W,YOR127W,0.9997701048851013
YDR392W,YDR264C,0.9982884526252747
YDR392W,YLR110C,0.9999703168869019
YDR392W,YDR379W,0.9999991655349731
YDR392W,YDL100C,0.9999651908874512
YDR392W,YHR073W,0.9948796033859253
YDR392W,YJR090C,0.9999966621398926
YDR392W,YOR208W,0.9999806880950928
YDR392W,YBR040W,0.9999585151672363
YDR392W,YNL279W,0.9918774366378784
YDR392W,YER075C,0.9964009523391724
YDR392W,YCR089W,3.7056438473292985e-10
YDR392W,YCR002C,0.9999324083328247
YDR392W,YJL108C,0.9997407793998718
YDR392W,YBR200W,1.2665911697240517e-07
YDR392W,YIL026C,0.9996603727340698
YDR392W,YJR076C,0.9999352693557739
YDR392W,YKR031C,0.9999865293502808
YDR392W,YPL192C,0.99888676404953
YDR392W,YHR107C,0.9989204406738281
YDR392W,YIL037C,0.2571052610874176
YDR392W,YPL156C,0.9687049388885498
YDR392W,YIL117C,0.9999990463256836
YDR392W,YHR066W,7.68756599719457e-15
YDR392W,YML085C,0.9940231442451477
YDR392W,YML047C,0.9998482465744019
YDR392W,YDR312W,0.9999396800994873
YDR392W,YFL037W,1.0
YDR392W,YDL038C,0.2020167112350464
YDR392W,YDL039C,6.355899422223754e-13
YDR392W,YCL027W,0.8991108536720276
YDR392W,YML124C,3.8913449316169135e-06
YDR392W,YGL053W,0.9999126195907593
YDR392W,YMR232W,0.9995468258857727
YDR392W,YNL298W,0.9988996982574463
YDR392W,YGL099W,0.9671919941902161
YDR392W,YBL016W,2.9153881427757954e-16
YDR392W,YAL041W,0.9999582767486572
YDR392W,YDR085C,0.9999992847442627
YDR392W,YPL187W,0.9994578957557678
YDR392W,YPL256C,0.00035786302760243416
YDR392W,YDR461W,0.016688404604792595
YDR392W,YNL145W,5.367521893617777e-08
YGR244C,YDL165W,1.5734031915889957e-12
YGR244C,YGR059W,3.1939424438576225e-09
YGR244C,YBR109C,1.031518728940306e-12
YGR244C,YJL080C,1.215189060488342e-09
YGR244C,YCR093W,5.0777849537553266e-05
YGR244C,YIL122W,3.289459345978685e-05
YGR244C,YCL029C,2.3606780974461117e-09
YGR244C,YNL173C,3.4026068078674143e-06
YGR244C,YLR452C,2.883098039272014e-21
YGR244C,YDL160C,0.001895015244372189
YGR244C,YLR229C,3.104768109274403e-10
YGR244C,YML057W,1.238674514070226e-07
YGR244C,YER149C,8.487696767645048e-09
YGR244C,YMR305C,1.4883323274261784e-05
YGR244C,YLR433C,9.753335698759955e-14
YGR244C,YJL073W,4.7460784664430446e-17
YGR244C,YGR279C,2.6756787008253013e-08
YGR244C,YKL190W,7.001984340604395e-05
YGR244C,YGL089C,2.0267253790485183e-14
YGR244C,YJL019W,8.909160698067353e-08
YGR244C,YJL018W,0.0021243931259959936
YGR244C,YNR032C-A,3.318940071039833e-05
YGR244C,YGL178W,6.6679708629613366e-12
YGR244C,YKL116C,1.784120702737202e-12
YGR244C,YDL214C,0.006165131460875273
YGR244C,YLR362W,9.429604830302196e-08
YGR244C,YER068W,8.258936590177512e-11
YGR244C,YHR084W,1.523612202928345e-14
YGR244C,YDR392W,2.2871279981018233e-08
YGR244C,YNL053W,0.17070835828781128
YGR244C,YGR040W,8.507731195095403e-07
YGR244C,YDL216C,0.05491216853260994
YGR244C,YOL117W,1.5203926523099653e-05
YGR244C,YJR086W,0.006985734682530165
YGR244C,YMR025W,1.0159063094761223e-05
YGR244C,YBR081C,0.00021025323076173663
YGR244C,YFL026W,8.440040116450276e-13
YGR244C,YHL007C,8.890143937852202e-13
YGR244C,YNR044W,6.949306019521373e-09
YGR244C,YNL271C,3.0096180125838146e-05
YGR244C,YDR200C,9.104939580062421e-10
YGR244C,YKL178C,1.6505701250224547e-09
YGR244C,YOR212W,7.418785217821705e-18
YGR244C,YOL111C,0.0007426228257827461
YGR244C,YGL032C,1.6735782850968873e-17
YGR244C,YHR005C,2.59816640424404e-10
YGR244C,YDR103W,9.354947927420199e-10
YGR244C,YJR084W,5.010863333154703e-07
YGR244C,YCL032W,1.1076232375728523e-08
YGR244C,YJL170C,0.000114476824819576
YGR244C,YDR179C,3.836250925814966e-06
YGR244C,YBR095C,1.0401020063000033e-06
YGR244C,YLL021W,2.788850188570496e-18
YGR244C,YDL159W,9.692380231740572e-10
YGR244C,YNL161W,7.49425744288601e-05
YGR244C,YNL188W,1.7117990358528345e-10
YGR244C,YJL157C,9.808635573504388e-17
YGR244C,YJL034W,3.0621267240599215e-12
YGR244C,YLR238W,6.868025592687843e-10
YGR244C,YPR141C,4.7395207758427205e-09
YGR244C,YNL127W,8.585856789977697e-07
YGR244C,YCL055W,1.0221223173401128e-11
YGR244C,YPR122W,1.3420446975942468e-07
YGR244C,YMR065W,2.695651168949098e-08
YGR244C,YDR356W,1.3107228369335644e-06
YGR244C,YMR052W,7.776484562782571e-05
YGR244C,YFR008W,0.0006464925245381892
YGR244C,YLL043W,2.28112795319646e-09
YGR244C,YMR029C,0.0034288575407117605
YGR244C,YJR004C,1.4985998220140573e-08
YGR244C,YDL223C,3.152722359437213e-14
YGR244C,YHR158C,6.55958360545883e-13
YGR244C,YGR238C,1.1494903162656556e-07
YGR244C,YIL015W,8.100430048951779e-11
YGR244C,YGL173C,3.1830240914132446e-06
YGR244C,YDL225W,7.634505874709596e-12
YGR244C,YLR330W,0.30369052290916443
YGR244C,YBR129C,0.0004640369734261185
YGR244C,YKR095W-A,0.2020167112350464
YGR244C,YPR075C,3.136010718662874e-06
YGR244C,YMR198W,5.800043436465785e-05
YGR244C,YOR127W,4.4649705159827136e-06
YGR244C,YDR264C,2.1562071572667207e-11
YGR244C,YLR110C,1.7632098092690285e-07
YGR244C,YDR379W,0.0006734119378961623
YGR244C,YDL100C,5.68962488234348e-10
YGR244C,YHR073W,0.2090098112821579
YGR244C,YJR090C,3.2639039915238754e-08
YGR244C,YOR208W,1.3640195743735983e-12
YGR244C,YBR040W,1.447598151571583e-06
YGR244C,YNL279W,2.9117163080627506e-07
YGR244C,YER075C,0.9510538578033447
YGR244C,YCR089W,0.0003395486855879426
YGR244C,YCR002C,6.622591472611739e-13
YGR244C,YJL108C,2.5730514607857913e-05
YGR244C,YBR200W,1.162115455949353e-11
YGR244C,YIL026C,5.142503756161432e-09
YGR244C,YJR076C,1.5775405426410316e-09
YGR244C,YKR031C,1.0205610800895215e-09
YGR244C,YPL192C,1.158125897404716e-07
YGR244C,YHR107C,7.692235182155116e-10
YGR244C,YIL037C,0.29022833704948425
YGR244C,YPL156C,0.02376561425626278
YGR244C,YIL117C,6.257745190085817e-12
YGR244C,YHR066W,1.7409007961678677e-20
YGR244C,YML085C,2.721315972564753e-08
YGR244C,YML047C,0.9869992136955261
YGR244C,YDR312W,2.8319729494796775e-07
YGR244C,YFL037W,1.3297285050839491e-08
YGR244C,YDL038C,0.2020167112350464
YGR244C,YDL039C,1.0523201581236208e-06
YGR244C,YCL027W,7.458705653107245e-08
YGR244C,YML124C,1.2035879935659143e-14
YGR244C,YGL053W,1.5679532339163416e-07
YGR244C,YMR232W,7.018543692538515e-05
YGR244C,YNL298W,3.891782853315817e-06
YGR244C,YGL099W,1.339005035491767e-16
YGR244C,YBL016W,1.720012221539946e-08
YGR244C,YAL041W,6.85922714183107e-05
YGR244C,YDR085C,4.277561638232896e-10
YGR244C,YPL187W,1.413107497683086e-06
YGR244C,YPL256C,6.475883829182294e-09
YGR244C,YDR461W,1.0332795046086416e-15
YGR244C,YNL145W,1.0143510476012807e-09
YEL018W,YDL165W,6.334490709747342e-09
YEL018W,YGR059W,2.224737234712837e-11
YEL018W,YBR109C,2.6443556180311134e-06
YEL018W,YJL080C,2.8169233701191843e-05
YEL018W,YCR093W,1.8287331840838306e-05
YEL018W,YIL122W,6.543961353600025e-05
YEL018W,YCL029C,3.345166088575269e-10
YEL018W,YNL173C,3.9042879172723755e-12
YEL018W,YLR452C,0.9856263995170593
YEL018W,YDL160C,7.590594819362195e-09
YEL018W,YLR229C,5.8872479712590575e-05
YEL018W,YML057W,2.8062976298315334e-07
YEL018W,YER149C,4.317161295119831e-09
YEL018W,YMR305C,1.0596419997455087e-05
YEL018W,YLR433C,0.9556214809417725
YEL018W,YJL073W,1.811307903665238e-08
YEL018W,YGR279C,0.23732395470142365
YEL018W,YKL190W,3.748324672869785e-07
YEL018W,YGL089C,0.18243974447250366
YEL018W,YJL019W,9.64540504355682e-07
YEL018W,YJL018W,0.0018345462158322334
YEL018W,YNR032C-A,0.019941138103604317
YEL018W,YGL178W,4.440784111964247e-12
YEL018W,YKL116C,8.996569711428037e-09
YEL018W,YDL214C,0.002246635966002941
YEL018W,YLR362W,9.511238658888033e-07
YEL018W,YER068W,3.4227451806145837e-07
YEL018W,YHR084W,1.9270342818344943e-05
YEL018W,YDR392W,3.3102480756497243e-08
YEL018W,YNL053W,0.0013782241148874164
YEL018W,YGR040W,5.772745339527319e-07
YEL018W,YDL216C,2.4436094463453628e-05
YEL018W,YOL117W,1.5064457459246228e-09
YEL018W,YJR086W,5.066224773031536e-09
YEL018W,YMR025W,1.8079781511914916e-05
YEL018W,YBR081C,3.560891173037817e-07
YEL018W,YFL026W,2.89695350375041e-07
YEL018W,YHL007C,0.0008198735304176807
YEL018W,YNR044W,0.005820001009851694
YEL018W,YNL271C,2.1408814063761383e-06
YEL018W,YDR200C,2.4455708725473757e-13
YEL018W,YKL178C,0.01375511009246111
YEL018W,YOR212W,3.6283955751059693e-07
YEL018W,YOL111C,7.333655389629712e-07
YEL018W,YGL032C,1.104668399420916e-06
YEL018W,YHR005C,2.374488516920792e-08
YEL018W,YDR103W,2.551147986196156e-07
YEL018W,YJR084W,0.0001605410798219964
YEL018W,YCL032W,3.52470870268462e-08
YEL018W,YJL170C,0.9733456373214722
YEL018W,YDR179C,2.147061418629817e-13
YEL018W,YBR095C,2.0225125740847005e-10
YEL018W,YLL021W,1.9694108743806282e-07
YEL018W,YDL159W,4.9650307119009085e-06
YEL018W,YNL161W,1.1520870430103969e-05
YEL018W,YNL188W,2.6707795086622355e-07
YEL018W,YJL157C,5.631750968349003e-11
YEL018W,YJL034W,1.5511156448155816e-07
YEL018W,YLR238W,1.6550047443608662e-10
YEL018W,YPR141C,1.7118474715971388e-05
YEL018W,YNL127W,0.8057383298873901
YEL018W,YCL055W,0.3414509892463684
YEL018W,YPR122W,0.0017568791517987847
YEL018W,YMR065W,4.445734157343395e-05
YEL018W,YDR356W,0.00014403513341676444
YEL018W,YMR052W,9.989388483067074e-11
YEL018W,YFR008W,4.827957695852092e-07
YEL018W,YLL043W,3.76251876876843e-11
YEL018W,YMR029C,3.8236726285223455e-11
YEL018W,YJR004C,4.3741639643712915e-08
YEL018W,YDL223C,6.588538169189761e-20
YEL018W,YHR158C,5.613139730797911e-09
YEL018W,YGR238C,1.0590658907493043e-17
YEL018W,YIL015W,1.4195148878570762e-07
YEL018W,YGL173C,0.0001842086057877168
YEL018W,YDL225W,4.1386436350876465e-05
YEL018W,YLR330W,4.2229274299643293e-08
YEL018W,YBR129C,1.4366562481882283e-06
YEL018W,YKR095W-A,0.2020167112350464
YEL018W,YPR075C,2.9912755508121336e-06
YEL018W,YMR198W,9.288757318870466e-09
YEL018W,YOR127W,0.0002795894688460976
YEL018W,YDR264C,9.489430681242084e-07
YEL018W,YLR110C,6.18772560301295e-07
YEL018W,YDR379W,0.001078336383216083
YEL018W,YDL100C,1.4496026601307221e-09
YEL018W,YHR073W,1.0215435253257965e-07
YEL018W,YJR090C,3.803524509238265e-11
YEL018W,YOR208W,6.32297769698198e-08
YEL018W,YBR040W,3.5377397580305114e-05
YEL018W,YNL279W,0.01674114726483822
YEL018W,YER075C,3.271295767603988e-08
YEL018W,YCR089W,0.2440008819103241
YEL018W,YCR002C,0.003977818414568901
YEL018W,YJL108C,0.9396610856056213
YEL018W,YBR200W,1.6744869379969884e-11
YEL018W,YIL026C,0.00012085839989595115
YEL018W,YJR076C,1.2648994740516173e-08
YEL018W,YKR031C,0.000997539609670639
YEL018W,YPL192C,0.00023345951922237873
YEL018W,YHR107C,3.208622700867636e-08
YEL018W,YIL037C,0.0009526709327474236
YEL018W,YPL156C,0.0001210794216603972
YEL018W,YIL117C,3.282664806647517e-08
YEL018W,YHR066W,1.9029576091983413e-12
YEL018W,YML085C,8.763200298744778e-07
YEL018W,YML047C,1.1545071174623445e-06
YEL018W,YDR312W,0.002038931706920266
YEL018W,YFL037W,9.462751040700823e-05
YEL018W,YDL038C,0.2020167112350464
YEL018W,YDL039C,4.1161126773658907e-07
YEL018W,YCL027W,4.841002087179825e-15
YEL018W,YML124C,1.9196497724749406e-09
YEL018W,YGL053W,2.4843843675625976e-06
YEL018W,YMR232W,4.9347557151691035e-09
YEL018W,YNL298W,1.4236758438812558e-09
YEL018W,YGL099W,1.5767611825576178e-13
YEL018W,YBL016W,7.40164960572054e-12
YEL018W,YAL041W,0.004365172702819109
YEL018W,YDR085C,8.766118116909638e-05
YEL018W,YPL187W,0.8399049043655396
YEL018W,YPL256C,8.064733769685972e-09
YEL018W,YDR461W,5.53758241039759e-07
YEL018W,YNL145W,9.260401725441625e-07
YHR115C,YDL165W,3.806999757216545e-06
YHR115C,YGR059W,5.258194487461898e-12
YHR115C,YBR109C,4.441866874316247e-09
YHR115C,YJL080C,4.906045796815306e-05
YHR115C,YCR093W,0.2606706917285919
YHR115C,YIL122W,2.8425384268615517e-10
YHR115C,YCL029C,1.7134556698113337e-17
YHR115C,YNL173C,7.30151328287576e-10
YHR115C,YLR452C,0.012429964728653431
YHR115C,YDL160C,0.00018529959197621793
YHR115C,YLR229C,4.6512578677493366e-08
YHR115C,YML057W,2.524424669303471e-09
YHR115C,YER149C,0.03757988288998604
YHR115C,YMR305C,2.4634649889776483e-05
YHR115C,YLR433C,4.434453870771904e-08
YHR115C,YJL073W,6.58981591517005e-10
YHR115C,YGR279C,0.005147990770637989
YHR115C,YKL190W,7.256390990471526e-14
YHR115C,YGL089C,2.838260071413856e-09
YHR115C,YJL019W,0.013953919522464275
YHR115C,YJL018W,0.06842205673456192
YHR115C,YNR032C-A,0.9996681213378906
YHR115C,YGL178W,0.0002285535156261176
YHR115C,YKL116C,1.1757204931850396e-10
YHR115C,YDL214C,0.15686064958572388
YHR115C,YLR362W,1.6687414472471573e-06
YHR115C,YER068W,2.1428221697039618e-10
YHR115C,YHR084W,6.1438640841515735e-06
YHR115C,YDR392W,1.2756539158331748e-09
YHR115C,YNL053W,0.009900962002575397
YHR115C,YGR040W,0.003733537858352065
YHR115C,YDL216C,0.0014830012805759907
YHR115C,YOL117W,8.141500984493177e-06
YHR115C,YJR086W,4.5953154170774724e-08
YHR115C,YMR025W,6.170041888253763e-05
YHR115C,YBR081C,3.158668187097646e-05
YHR115C,YFL026W,5.241910461251109e-09
YHR115C,YHL007C,1.0800527139309679e-10
YHR115C,YNR044W,5.0063074013451114e-05
YHR115C,YNL271C,0.3516100347042084
YHR115C,YDR200C,5.001002043036884e-11
YHR115C,YKL178C,0.10194606333971024
YHR115C,YOR212W,0.0065702092833817005
YHR115C,YOL111C,1.5486886695725843e-05
YHR115C,YGL032C,5.873542718859426e-08
YHR115C,YHR005C,1.009869077250869e-08
YHR115C,YDR103W,5.820411388413049e-05
YHR115C,YJR084W,0.5024183392524719
YHR115C,YCL032W,3.3362571230100002e-06
YHR115C,YJL170C,0.00015917229757178575
YHR115C,YDR179C,4.580726020719794e-09
YHR115C,YBR095C,2.131943688254978e-08
YHR115C,YLL021W,7.437531701626199e-10
YHR115C,YDL159W,5.6737623488345434e-09
YHR115C,YNL161W,0.11960414797067642
YHR115C,YNL188W,3.3784511299650433e-10
YHR115C,YJL157C,2.192949295931612e-06
YHR115C,YJL034W,5.265628970178848e-13
YHR115C,YLR238W,1.918951511470368e-06
YHR115C,YPR141C,4.4340749821847325e-11
YHR115C,YNL127W,0.012588522396981716
YHR115C,YCL055W,4.564868990621085e-13
YHR115C,YPR122W,2.2806338506597967e-07
YHR115C,YMR065W,0.08223050087690353
YHR115C,YDR356W,5.700875206881553e-15
YHR115C,YMR052W,0.29129132628440857
YHR115C,YFR008W,2.735692214628216e-05
YHR115C,YLL043W,1.3277097477004673e-10
YHR115C,YMR029C,4.945254161725643e-08
YHR115C,YJR004C,1.8880030872026055e-10
YHR115C,YDL223C,1.0266383014823077e-06
YHR115C,YHR158C,0.011958647519350052
YHR115C,YGR238C,1.4948366242606426e-06
YHR115C,YIL015W,0.9778832197189331
YHR115C,YGL173C,7.358534048762522e-08
YHR115C,YDL225W,1.0257554527992596e-10
YHR115C,YLR330W,1.0889912118727807e-05
YHR115C,YBR129C,8.867945325619075e-06
YHR115C,YKR095W-A,0.2020167112350464
YHR115C,YPR075C,1.8569859605577221e-07
YHR115C,YMR198W,2.8792494430329718e-11
YHR115C,YOR127W,0.2190006524324417
YHR115C,YDR264C,0.0008687156368978322
YHR115C,YLR110C,1.2309275234656525e-06
YHR115C,YDR379W,4.526542335403505e-11
YHR115C,YDL100C,0.3350844085216522
YHR115C,YHR073W,1.557534051244147e-05
YHR115C,YJR090C,0.0005916559603065252
YHR115C,YOR208W,1.2342253796759906e-07
YHR115C,YBR040W,1.594238341340315e-08
YHR115C,YNL279W,1.1029756024072412e-06
YHR115C,YER075C,1.1777627832998405e-06
YHR115C,YCR089W,1.0137132449017372e-05
YHR115C,YCR002C,0.0037121877539902925
YHR115C,YJL108C,0.010479345917701721
YHR115C,YBR200W,0.0002674065763130784
YHR115C,YIL026C,0.003199755446985364
YHR115C,YJR076C,1.3432525065582013e-06
YHR115C,YKR031C,1.2000935385003686e-05
YHR115C,YPL192C,1.6479809801239753e-06
YHR115C,YHR107C,4.900888234260492e-05
YHR115C,YIL037C,0.00011995367094641551
YHR115C,YPL156C,7.632205978325146e-08
YHR115C,YIL117C,5.660998425582875e-08
YHR115C,YHR066W,5.734020638429018e-17
YHR115C,YML085C,0.0013292682124301791
YHR115C,YML047C,2.333042175450828e-06
YHR115C,YDR312W,2.717641109484248e-05
YHR115C,YFL037W,1.5914332607280812e-06
YHR115C,YDL038C,0.2020167112350464
YHR115C,YDL039C,7.938817952502155e-18
YHR115C,YCL027W,0.00035483273677527905
YHR115C,YML124C,0.012693746015429497
YHR115C,YGL053W,3.6285691749071702e-06
YHR115C,YMR232W,2.0592664441210218e-05
YHR115C,YNL298W,2.3929686676638084e-07
YHR115C,YGL099W,1.1864291667162963e-11
YHR115C,YBL016W,6.204380564867051e-09
YHR115C,YAL041W,1.4878190768286004e-07
YHR115C,YDR085C,0.0011428239522501826
YHR115C,YPL187W,3.005758308916029e-09
YHR115C,YPL256C,7.803762855473906e-06
YHR115C,YDR461W,2.7525615120538305e-10
YHR115C,YNL145W,6.108243542257696e-05
YER145C,YDL165W,4.855875772591389e-07
YER145C,YGR059W,8.286772867904801e-07
YER145C,YBR109C,0.0985565185546875
YER145C,YJL080C,1.807052467484027e-05
YER145C,YCR093W,0.0001476947363698855
YER145C,YIL122W,2.7615181252826915e-09
YER145C,YCL029C,1.7152036735357257e-11
YER145C,YNL173C,1.6559789983716655e-08
YER145C,YLR452C,1.2634925050658552e-10
YER145C,YDL160C,2.4030866185853483e-09
YER145C,YLR229C,2.0369601757575043e-18
YER145C,YML057W,2.743855475273449e-06
YER145C,YER149C,1.4739813991582196e-07
YER145C,YMR305C,1.1988512405025631e-08
YER145C,YLR433C,3.540302613244152e-14
YER145C,YJL073W,1.1195586829566145e-14
YER145C,YGR279C,1.071648214612253e-09
YER145C,YKL190W,4.9629318432664604e-09
YER145C,YGL089C,1.3486777050718803e-17
YER145C,YJL019W,0.0012937590945512056
YER145C,YJL018W,0.0006756297079846263
YER145C,YNR032C-A,0.9911933541297913
YER145C,YGL178W,0.00010830579412868246
YER145C,YKL116C,1.0690315548345097e-06
YER145C,YDL214C,1.9245558036118382e-08
YER145C,YLR362W,2.8872120310552418e-05
YER145C,YER068W,2.379417992415256e-06
YER145C,YHR084W,2.277230291001294e-15
YER145C,YDR392W,8.192461292688691e-11
YER145C,YNL053W,0.09836011379957199
YER145C,YGR040W,7.755686648458493e-10
YER145C,YDL216C,0.00616561621427536
YER145C,YOL117W,6.142154493349317e-12
YER145C,YJR086W,9.716803750503544e-12
YER145C,YMR025W,7.0510122895939276e-06
YER145C,YBR081C,0.9998384714126587
YER145C,YFL026W,4.44944948940762e-12
YER145C,YHL007C,3.0818582672509365e-06
YER145C,YNR044W,4.7725510253716e-16
YER145C,YNL271C,7.679108966840431e-05
YER145C,YDR200C,4.823545161653387e-15
YER145C,YKL178C,4.362734216556419e-06
YER145C,YOR212W,1.747008462373023e-12
YER145C,YOL111C,2.6906261663128817e-09
YER145C,YGL032C,1.992654485860612e-09
YER145C,YHR005C,4.302063416616875e-08
YER145C,YDR103W,0.986833393573761
YER145C,YJR084W,3.4967637674299112e-09
YER145C,YCL032W,1.5562429613751906e-14
YER145C,YJL170C,0.9905617833137512
YER145C,YDR179C,4.704657628880023e-16
YER145C,YBR095C,2.2939129706855965e-08
YER145C,YLL021W,7.925421414256562e-06
YER145C,YDL159W,2.207068485219829e-13
YER145C,YNL161W,1.14300036102577e-09
YER145C,YNL188W,1.6854688489071484e-14
YER145C,YJL157C,7.436098178187356e-14
YER145C,YJL034W,3.2853294330880203e-14
YER145C,YLR238W,1.4312155016682482e-08
YER145C,YPR141C,4.688182730916424e-09
YER145C,YNL127W,6.0333495639497414e-05
YER145C,YCL055W,1.7540652264003143e-10
YER145C,YPR122W,4.12341677247241e-07
YER145C,YMR065W,0.04121086001396179
YER145C,YDR356W,5.601154953183141e-06
YER145C,YMR052W,4.138024087296799e-05
YER145C,YFR008W,1.126848072317832e-12
YER145C,YLL043W,3.807108228670586e-08
YER145C,YMR029C,1.8254009415130668e-10
YER145C,YJR004C,3.362634476422599e-11
YER145C,YDL223C,3.253647568382534e-12
YER145C,YHR158C,0.039158470928668976
YER145C,YGR238C,3.547277760158202e-14
YER145C,YIL015W,1.2313321917645226e-07
YER145C,YGL173C,1.620739931240678e-05
YER145C,YDL225W,0.0024508412461727858
YER145C,YLR330W,9.228129371763316e-10
YER145C,YBR129C,0.00047960501979105175
YER145C,YKR095W-A,0.2020167112350464
YER145C,YPR075C,7.754251685199165e-10
YER145C,YMR198W,3.515939539511237e-08
YER145C,YOR127W,1.9804112980637e-06
YER145C,YDR264C,3.964924742694276e-12
YER145C,YLR110C,0.008799688890576363
YER145C,YDR379W,3.655873683783284e-07
YER145C,YDL100C,1.2673086926775903e-17
YER145C,YHR073W,0.0001665530144236982
YER145C,YJR090C,9.829402847216784e-10
YER145C,YOR208W,7.354769877565559e-06
YER145C,YBR040W,9.789670940563155e-08
YER145C,YNL279W,0.00031920208130031824
YER145C,YER075C,2.5786886515000162e-11
YER145C,YCR089W,0.005608281120657921
YER145C,YCR002C,1.762940337357577e-05
YER145C,YJL108C,0.9906478524208069
YER145C,YBR200W,4.359250319659752e-14
YER145C,YIL026C,9.080516200077327e-11
YER145C,YJR076C,2.994381131937729e-10
YER145C,YKR031C,0.045724429190158844
YER145C,YPL192C,1.0777705483633326e-06
YER145C,YHR107C,1.7788582340472203e-07
YER145C,YIL037C,1.1199730579392053e-05
YER145C,YPL156C,0.00040816180990077555
YER145C,YIL117C,9.7502160425339e-13
YER145C,YHR066W,6.20733594191257e-14
YER145C,YML085C,1.8905084164799746e-09
YER145C,YML047C,0.9997631907463074
YER145C,YDR312W,6.003311454720606e-14
YER145C,YFL037W,1.2799664973750513e-11
YER145C,YDL038C,0.2020167112350464
YER145C,YDL039C,2.185520209252445e-09
YER145C,YCL027W,2.4990578495476257e-09
YER145C,YML124C,1.9403238127324585e-08
YER145C,YGL053W,8.308949084323558e-10
YER145C,YMR232W,5.4884079503381145e-08
YER145C,YNL298W,7.961297611352243e-16
YER145C,YGL099W,2.9560462412318847e-19
YER145C,YBL016W,6.056656912112324e-13
YER145C,YAL041W,3.683163843359871e-11
YER145C,YDR085C,0.005454357713460922
YER145C,YPL187W,1.7367478903906886e-06
YER145C,YPL256C,7.715788457370726e-14
YER145C,YDR461W,1.0236246746064825e-11
YER145C,YNL145W,3.334607612259788e-08
YOR020C,YDL165W,2.9157378733657424e-09
YOR020C,YGR059W,0.007835881784558296
YOR020C,YBR109C,2.6320175205984953e-11
YOR020C,YJL080C,3.0775640880165156e-06
YOR020C,YCR093W,3.427261512783941e-12
YOR020C,YIL122W,3.532970582753592e-10
YOR020C,YCL029C,2.7908709391081748e-19
YOR020C,YNL173C,9.496721307565223e-14
YOR020C,YLR452C,3.2087031057344284e-15
YOR020C,YDL160C,1.1491871907201578e-12
YOR020C,YLR229C,5.437039726530202e-05
YOR020C,YML057W,1.0455493242023106e-11
YOR020C,YER149C,7.09301133383633e-08
YOR020C,YMR305C,8.245285530728008e-12
YOR020C,YLR433C,1.1269598871876951e-06
YOR020C,YJL073W,1.2465970939956605e-06
YOR020C,YGR279C,6.639976762867761e-11
YOR020C,YKL190W,3.3448924114210944e-17
YOR020C,YGL089C,2.994495207353509e-10
YOR020C,YJL019W,2.0883566875795623e-08
YOR020C,YJL018W,0.00010492709407117218
YOR020C,YNR032C-A,0.00036984955659136176
YOR020C,YGL178W,1.256478526556748e-06
YOR020C,YKL116C,6.996973223039049e-09
YOR020C,YDL214C,1.2963059987415593e-13
YOR020C,YLR362W,5.3447504200221374e-08
YOR020C,YER068W,4.840795320149027e-09
YOR020C,YHR084W,3.3270098625920096e-19
YOR020C,YDR392W,3.2348723699726634e-09
YOR020C,YNL053W,5.476153930317196e-08
YOR020C,YGR040W,3.628056788329559e-07
YOR020C,YDL216C,2.7669196794866124e-11
YOR020C,YOL117W,1.101661496250017e-06
YOR020C,YJR086W,2.306295432408234e-10
YOR020C,YMR025W,5.345976023818366e-05
YOR020C,YBR081C,4.5084799893402305e-08
YOR020C,YFL026W,5.849335238394815e-09
YOR020C,YHL007C,2.6315021386835724e-05
YOR020C,YNR044W,1.6838630099644258e-13
YOR020C,YNL271C,3.51421447280717e-13
YOR020C,YDR200C,4.185822533031569e-08
YOR020C,YKL178C,4.055353622356428e-11
YOR020C,YOR212W,4.197064917832449e-11
YOR020C,YOL111C,2.5837177872745087e-06
YOR020C,YGL032C,3.4092507121386006e-05
YOR020C,YHR005C,7.920833013486117e-05
YOR020C,YDR103W,1.5344342116363485e-11
YOR020C,YJR084W,1.1241972683098396e-15
YOR020C,YCL032W,1.0517132054133072e-08
YOR020C,YJL170C,8.967009079707822e-11
YOR020C,YDR179C,0.00016257728566415608
YOR020C,YBR095C,9.685247277957387e-06
YOR020C,YLL021W,6.073986799637332e-13
YOR020C,YDL159W,8.414815610806314e-14
YOR020C,YNL161W,5.664418495143764e-05
YOR020C,YNL188W,8.006827622794588e-13
YOR020C,YJL157C,2.3321051687008598e-11
YOR020C,YJL034W,3.903470602306669e-11
YOR020C,YLR238W,6.6461667280748316e-09
YOR020C,YPR141C,5.975648775802256e-08
YOR020C,YNL127W,4.47208646906343e-17
YOR020C,YCL055W,6.972874757593672e-07
YOR020C,YPR122W,2.477734284411781e-08
YOR020C,YMR065W,6.046953160421253e-08
YOR020C,YDR356W,9.25748681765981e-05
YOR020C,YMR052W,3.421192884545121e-09
YOR020C,YFR008W,3.425560345365203e-13
YOR020C,YLL043W,4.9171360342811776e-14
YOR020C,YMR029C,2.9760976940230305e-14
YOR020C,YJR004C,6.748247100007987e-11
YOR020C,YDL223C,1.5826550070485723e-09
YOR020C,YHR158C,7.112801458930562e-09
YOR020C,YGR238C,6.644217478424252e-07
YOR020C,YIL015W,4.562779733034705e-13
YOR020C,YGL173C,6.221785864291007e-10
YOR020C,YDL225W,0.014396476559340954
YOR020C,YLR330W,1.0079197636514436e-06
YOR020C,YBR129C,1.1400033628206074e-07
YOR020C,YKR095W-A,0.2020167112350464
YOR020C,YPR075C,2.6223889726395555e-09
YOR020C,YMR198W,4.288600585766744e-09
YOR020C,YOR127W,7.179026795776922e-13
YOR020C,YDR264C,1.6728333775972715e-06
YOR020C,YLR110C,7.277683921751797e-17
YOR020C,YDR379W,1.1817101039923728e-05
YOR020C,YDL100C,4.977610290363577e-15
YOR020C,YHR073W,5.6625172874191776e-05
YOR020C,YJR090C,7.20519408026199e-11
YOR020C,YOR208W,3.0625053604182995e-09
YOR020C,YBR040W,9.519353625364602e-05
YOR020C,YNL279W,0.0007773489924147725
YOR020C,YER075C,0.0005501924897544086
YOR020C,YCR089W,7.0413861610744196e-15
YOR020C,YCR002C,1.1152431061978163e-10
YOR020C,YJL108C,4.9658523820772515e-11
YOR020C,YBR200W,1.0207664757899693e-07
YOR020C,YIL026C,0.0016673948848620057
YOR020C,YJR076C,1.248643827223006e-10
YOR020C,YKR031C,2.0791742351249087e-13
YOR020C,YPL192C,0.12055175006389618
YOR020C,YHR107C,4.296003552894945e-08
YOR020C,YIL037C,1.904438136079989e-07
YOR020C,YPL156C,6.733721913398938e-10
YOR020C,YIL117C,1.4262866898206994e-05
YOR020C,YHR066W,1.1680086585419414e-11
YOR020C,YML085C,3.302977683028452e-11
YOR020C,YML047C,5.682949904439738e-06
YOR020C,YDR312W,6.970511667869772e-11
YOR020C,YFL037W,6.255562112755797e-08
YOR020C,YDL038C,0.2020167112350464
YOR020C,YDL039C,1.711798698665959e-14
YOR020C,YCL027W,8.935735484882912e-10
YOR020C,YML124C,2.3016029615519074e-07
YOR020C,YGL053W,7.088022539392114e-05
YOR020C,YMR232W,3.0054899013975955e-08
YOR020C,YNL298W,6.821679332524866e-10
YOR020C,YGL099W,7.747793834451955e-13
YOR020C,YBL016W,8.269601003974003e-09
YOR020C,YAL041W,1.4055122621314808e-09
YOR020C,YDR085C,4.640366239996646e-16
YOR020C,YPL187W,0.00010863482748391107
YOR020C,YPL256C,2.283901068267369e-09
YOR020C,YDR461W,4.384459089123993e-07
YOR020C,YNL145W,0.007823772728443146
YLR093C,YDL165W,2.1812106751895044e-06
YLR093C,YGR059W,1.6056759477578453e-08
YLR093C,YBR109C,0.003690944751724601
YLR093C,YJL080C,4.513340414666063e-16
YLR093C,YCR093W,4.5673496629206056e-07
YLR093C,YIL122W,0.022736942395567894
YLR093C,YCL029C,3.24908921314304e-16
YLR093C,YNL173C,7.700248829678458e-07
YLR093C,YLR452C,4.301942681195214e-06
YLR093C,YDL160C,1.3918725727535275e-08
YLR093C,YLR229C,0.0001553752226755023
YLR093C,YML057W,4.38241443134757e-08
YLR093C,YER149C,0.8002126812934875
YLR093C,YMR305C,9.944144119256038e-11
YLR093C,YLR433C,0.9991468191146851
YLR093C,YJL073W,1.1048898768873944e-17
YLR093C,YGR279C,2.619303385298366e-10
YLR093C,YKL190W,2.5594050595770384e-20
YLR093C,YGL089C,0.009882225655019283
YLR093C,YJL019W,8.895686964827121e-10
YLR093C,YJL018W,0.0008053301135078073
YLR093C,YNR032C-A,0.03666098788380623
YLR093C,YGL178W,8.117297056742245e-09
YLR093C,YKL116C,1.052535503198726e-09
YLR093C,YDL214C,2.0084678453713423e-06
YLR093C,YLR362W,1.554667164782586e-06
YLR093C,YER068W,3.182733780704439e-05
YLR093C,YHR084W,9.842858707997948e-05
YLR093C,YDR392W,2.718419125358196e-07
YLR093C,YNL053W,1.5112986417875618e-08
YLR093C,YGR040W,0.45848897099494934
YLR093C,YDL216C,0.0006736317300237715
YLR093C,YOL117W,2.373298438538272e-15
YLR093C,YJR086W,0.01119451317936182
YLR093C,YMR025W,0.010543781332671642
YLR093C,YBR081C,2.8867486889794236e-06
YLR093C,YFL026W,0.556394636631012
YLR093C,YHL007C,0.343706339597702
YLR093C,YNR044W,0.3212515413761139
YLR093C,YNL271C,0.002618201309815049
YLR093C,YDR200C,1.888937958938186e-06
YLR093C,YKL178C,0.9980669617652893
YLR093C,YOR212W,0.000228879987844266
YLR093C,YOL111C,1.070251959972568e-11
YLR093C,YGL032C,4.57547685073223e-06
YLR093C,YHR005C,0.946785032749176
YLR093C,YDR103W,0.0006663593230769038
YLR093C,YJR084W,0.000769049278460443
YLR093C,YCL032W,9.453848121010466e-11
YLR093C,YJL170C,1.971501660591457e-05
YLR093C,YDR179C,9.50921749993277e-16
YLR093C,YBR095C,4.4942605192943574e-09
YLR093C,YLL021W,1.5662921626358184e-08
YLR093C,YDL159W,3.927617854060372e-06
YLR093C,YNL161W,3.500620096019702e-07
YLR093C,YNL188W,2.8797683626180515e-05
YLR093C,YJL157C,4.330807081007639e-18
YLR093C,YJL034W,1.3366037509822878e-20
YLR093C,YLR238W,5.6624236549618345e-12
YLR093C,YPR141C,2.828580468808295e-13
YLR093C,YNL127W,0.0005602043820545077
YLR093C,YCL055W,1.1330492100114498e-07
YLR093C,YPR122W,3.427646106501925e-06
YLR093C,YMR065W,0.00010752115485956892
YLR093C,YDR356W,0.0009908236097544432
YLR093C,YMR052W,0.06421428173780441
YLR093C,YFR008W,0.047923117876052856
YLR093C,YLL043W,9.59448811954644e-07
YLR093C,YMR029C,0.00012710616283584386
YLR093C,YJR004C,2.558144251985084e-10
YLR093C,YDL223C,5.335525054842617e-18
YLR093C,YHR158C,0.00016844976926222444
YLR093C,YGR238C,3.5884602311853087e-07
YLR093C,YIL015W,0.5957480669021606
YLR093C,YGL173C,4.8874604544835165e-05
YLR093C,YDL225W,2.1785707460253434e-08
YLR093C,YLR330W,2.5641756451477704e-07
YLR093C,YBR129C,1.9096542303032038e-07
YLR093C,YKR095W-A,0.2020167112350464
YLR093C,YPR075C,0.0010238317772746086
YLR093C,YMR198W,6.666569074553763e-09
YLR093C,YOR127W,3.489225228192616e-11
YLR093C,YDR264C,3.4570737383887717e-09
YLR093C,YLR110C,6.969065452722134e-06
YLR093C,YDR379W,6.140411278465763e-05
YLR093C,YDL100C,0.000715814414434135
YLR093C,YHR073W,0.022249605506658554
YLR093C,YJR090C,1.4577609363186639e-05
YLR093C,YOR208W,4.475046166962926e-10
YLR093C,YBR040W,0.15421824157238007
YLR093C,YNL279W,0.0038487070705741644
YLR093C,YER075C,0.00014314788859337568
YLR093C,YCR089W,3.088776168169716e-08
YLR093C,YCR002C,0.03809579089283943
YLR093C,YJL108C,0.0007477464969269931
YLR093C,YBR200W,1.072129039193792e-12
YLR093C,YIL026C,2.5474433673622343e-09
YLR093C,YJR076C,8.660825301376462e-07
YLR093C,YKR031C,5.21637755213078e-09
YLR093C,YPL192C,7.315158541132405e-07
YLR093C,YHR107C,0.0015507983043789864
YLR093C,YIL037C,5.014788371227041e-07
YLR093C,YPL156C,0.0009535675635561347
YLR093C,YIL117C,0.004896229598671198
YLR093C,YHR066W,1.7361228008754508e-16
YLR093C,YML085C,7.978865901314691e-10
YLR093C,YML047C,0.04131495952606201
YLR093C,YDR312W,3.310984197923972e-07
YLR093C,YFL037W,0.002625949215143919
YLR093C,YDL038C,0.2020167112350464
YLR093C,YDL039C,3.2596034760246084e-09
YLR093C,YCL027W,0.09809130430221558
YLR093C,YML124C,8.05319331220744e-08
YLR093C,YGL053W,2.9859694450351526e-07
YLR093C,YMR232W,9.414634405402467e-05
YLR093C,YNL298W,0.00011243033804930747
YLR093C,YGL099W,5.404078962101266e-09
YLR093C,YBL016W,4.492314964466004e-09
YLR093C,YAL041W,3.977251617470756e-05
YLR093C,YDR085C,0.0009244683897122741
YLR093C,YPL187W,0.00012118255835957825
YLR093C,YPL256C,1.7479017344612657e-08
YLR093C,YDR461W,5.787935061785099e-11
YLR093C,YNL145W,1.1343687447151751e-06
YOR007C,YDL165W,7.339634542496976e-13
YOR007C,YGR059W,3.3687430622819647e-09
YOR007C,YBR109C,5.469710462335797e-09
YOR007C,YJL080C,7.231852214317769e-05
YOR007C,YCR093W,6.855360723534432e-09
YOR007C,YIL122W,1.2325593878870222e-08
YOR007C,YCL029C,2.6399410222021366e-15
YOR007C,YNL173C,1.0962161468341947e-05
YOR007C,YLR452C,1.5484685202907938e-13
YOR007C,YDL160C,3.574231703792549e-15
YOR007C,YLR229C,0.00013074310845695436
YOR007C,YML057W,5.667141067533521e-06
YOR007C,YER149C,1.4154634766800483e-13
YOR007C,YMR305C,4.0670600220948927e-10
YOR007C,YLR433C,1.2636127166842925e-06
YOR007C,YJL073W,0.0016780906589701772
YOR007C,YGR279C,0.0004940670332871377
YOR007C,YKL190W,6.200031722698512e-15
YOR007C,YGL089C,4.1283480106679704e-11
YOR007C,YJL019W,0.012685590423643589
YOR007C,YJL018W,0.009800530038774014
YOR007C,YNR032C-A,0.09579478949308395
YOR007C,YGL178W,7.144287864786609e-21
YOR007C,YKL116C,7.802516854837904e-09
YOR007C,YDL214C,3.776631380869509e-19
YOR007C,YLR362W,8.741346535501293e-11
YOR007C,YER068W,7.536442823974365e-12
YOR007C,YHR084W,4.46416192900756e-09
YOR007C,YDR392W,5.1032631454006605e-09
YOR007C,YNL053W,1.2048133758019164e-12
YOR007C,YGR040W,0.0034699204843491316
YOR007C,YDL216C,6.505192218231315e-11
YOR007C,YOL117W,4.149730781222161e-09
YOR007C,YJR086W,4.5953615912530665e-11
YOR007C,YMR025W,0.001938267843797803
YOR007C,YBR081C,8.664386405143887e-05
YOR007C,YFL026W,6.247867349352954e-13
YOR007C,YHL007C,2.3110460460884497e-06
YOR007C,YNR044W,3.0464781808348107e-09
YOR007C,YNL271C,1.0458349681066736e-14
YOR007C,YDR200C,6.040986802588119e-14
YOR007C,YKL178C,8.233317316808098e-07
YOR007C,YOR212W,1.5593337237192285e-17
YOR007C,YOL111C,0.00011339234333718196
YOR007C,YGL032C,1.106996994071352e-10
YOR007C,YHR005C,6.106527195015587e-08
YOR007C,YDR103W,4.686556032140743e-09
YOR007C,YJR084W,1.9483461718983186e-11
YOR007C,YCL032W,3.981916307793654e-08
YOR007C,YJL170C,2.1366981534792773e-12
YOR007C,YDR179C,6.634916505099397e-10
YOR007C,YBR095C,8.346653229684975e-11
YOR007C,YLL021W,2.2979444684915082e-17
YOR007C,YDL159W,2.4747960143275906e-16
YOR007C,YNL161W,1.052937070866733e-09
YOR007C,YNL188W,1.0360187729929748e-07
YOR007C,YJL157C,9.711420442771665e-14
YOR007C,YJL034W,4.468446945793403e-09
YOR007C,YLR238W,4.901540378953037e-16
YOR007C,YPR141C,8.727880397574328e-12
YOR007C,YNL127W,3.3560414863798016e-11
YOR007C,YCL055W,4.553050416689075e-07
YOR007C,YPR122W,0.04080139100551605
YOR007C,YMR065W,4.27684767601022e-08
YOR007C,YDR356W,5.612077416117245e-07
YOR007C,YMR052W,1.1746300820902889e-08
YOR007C,YFR008W,1.4956050287118217e-11
YOR007C,YLL043W,2.2698076751481722e-10
YOR007C,YMR029C,1.6787017784736236e-06
YOR007C,YJR004C,6.676106195646625e-11
YOR007C,YDL223C,3.9765079792343505e-14
YOR007C,YHR158C,7.037097684084448e-13
YOR007C,YGR238C,7.585029270797648e-15
YOR007C,YIL015W,1.1009787611487073e-14
YOR007C,YGL173C,7.3152479629357e-09
YOR007C,YDL225W,2.9267127610310695e-10
YOR007C,YLR330W,6.827913807683217e-07
YOR007C,YBR129C,2.8127274731559737e-08
YOR007C,YKR095W-A,0.2020167112350464
YOR007C,YPR075C,1.5827741805500383e-22
YOR007C,YMR198W,9.021118406319154e-14
YOR007C,YOR127W,7.44611525216321e-11
YOR007C,YDR264C,1.1999898852366186e-09
YOR007C,YLR110C,2.237092289192333e-09
YOR007C,YDR379W,3.902819845080785e-09
YOR007C,YDL100C,4.308251437346482e-17
YOR007C,YHR073W,1.966306081158109e-05
YOR007C,YJR090C,1.7416079689525077e-09
YOR007C,YOR208W,1.9707850732805782e-16
YOR007C,YBR040W,1.0251442706873948e-12
YOR007C,YNL279W,4.6613059955956035e-14
YOR007C,YER075C,1.6724792430977686e-06
YOR007C,YCR089W,2.759550183847881e-12
YOR007C,YCR002C,1.185731071018381e-05
YOR007C,YJL108C,1.262277869035211e-11
YOR007C,YBR200W,1.770190244387848e-11
YOR007C,YIL026C,0.26512229442596436
YOR007C,YJR076C,2.972973158887199e-13
YOR007C,YKR031C,9.132237500930618e-12
YOR007C,YPL192C,1.0934699048448238e-06
YOR007C,YHR107C,3.683486283989623e-06
YOR007C,YIL037C,1.2113215461795335e-06
YOR007C,YPL156C,5.8404606534168124e-05
YOR007C,YIL117C,1.1251809488473097e-13
YOR007C,YHR066W,8.184894795704167e-06
YOR007C,YML085C,7.132917303684372e-14
YOR007C,YML047C,1.3502235787776762e-11
YOR007C,YDR312W,0.000613287731539458
YOR007C,YFL037W,1.220511425259474e-08
YOR007C,YDL038C,0.2020167112350464
YOR007C,YDL039C,1.1239677172112548e-19
YOR007C,YCL027W,1.8429368537908886e-06
YOR007C,YML124C,0.013531016185879707
YOR007C,YGL053W,1.3863435573135963e-11
YOR007C,YMR232W,4.983797818880475e-10
YOR007C,YNL298W,3.43340957442706e-07
YOR007C,YGL099W,4.1162266484207066e-07
YOR007C,YBL016W,3.0782725164942514e-19
YOR007C,YAL041W,3.009827764799411e-07
YOR007C,YDR085C,6.840541327823857e-11
YOR007C,YPL187W,2.3424423488904722e-05
YOR007C,YPL256C,1.3517238069420297e-14
YOR007C,YDR461W,7.914586954566039e-13
YOR007C,YNL145W,3.798717034155094e-15
YLR019W,YDL165W,4.2011311762735204e-08
YLR019W,YGR059W,7.276265705513651e-07
YLR019W,YBR109C,2.097873957884744e-12
YLR019W,YJL080C,1.0403315542362179e-07
YLR019W,YCR093W,3.1442565022986313e-13
YLR019W,YIL122W,2.1163704469473466e-11
YLR019W,YCL029C,2.555409537308151e-06
YLR019W,YNL173C,2.5512090360280126e-06
YLR019W,YLR452C,1.32905488499091e-05
YLR019W,YDL160C,0.0003690904995892197
YLR019W,YLR229C,5.739569708396175e-09
YLR019W,YML057W,2.879064368244144e-06
YLR019W,YER149C,5.614953352051089e-06
YLR019W,YMR305C,5.098702331451932e-07
YLR019W,YLR433C,8.93029664439382e-07
YLR019W,YJL073W,5.506791694642743e-06
YLR019W,YGR279C,0.0002107154141413048
YLR019W,YKL190W,1.8779448482386663e-12
YLR019W,YGL089C,0.9466196298599243
YLR019W,YJL019W,2.3610349231262262e-08
YLR019W,YJL018W,0.013305163942277431
YLR019W,YNR032C-A,2.793843304971233e-05
YLR019W,YGL178W,5.769603376393206e-06
YLR019W,YKL116C,1.356331935653543e-09
YLR019W,YDL214C,3.777027814066969e-06
YLR019W,YLR362W,2.172355095808598e-08
YLR019W,YER068W,1.8629525584401563e-06
YLR019W,YHR084W,3.6104540868109325e-06
YLR019W,YDR392W,2.380509567245781e-09
YLR019W,YNL053W,0.009314557537436485
YLR019W,YGR040W,4.4809232235820673e-07
YLR019W,YDL216C,0.002323941793292761
YLR019W,YOL117W,1.037009838000813e-06
YLR019W,YJR086W,1.1600331155728338e-12
YLR019W,YMR025W,0.0009036185801960528
YLR019W,YBR081C,1.1208984460608917e-06
YLR019W,YFL026W,3.499979811749654e-06
YLR019W,YHL007C,1.0766277114271361e-07
YLR019W,YNR044W,5.389742727857083e-05
YLR019W,YNL271C,4.9121963456855156e-06
YLR019W,YDR200C,2.5186594143633556e-08
YLR019W,YKL178C,0.007779799867421389
YLR019W,YOR212W,1.604706922897492e-10
YLR019W,YOL111C,8.607756996070748e-08
YLR019W,YGL032C,3.620984330154897e-07
YLR019W,YHR005C,6.052405296941288e-07
YLR019W,YDR103W,0.00020282540936022997
YLR019W,YJR084W,2.141389684956211e-16
YLR019W,YCL032W,1.4540878223723297e-10
YLR019W,YJL170C,2.5363808831002643e-08
YLR019W,YDR179C,7.37925362769053e-15
YLR019W,YBR095C,5.980235057156946e-11
YLR019W,YLL021W,3.3828328582785616e-08
YLR019W,YDL159W,1.2605539723153925e-07
YLR019W,YNL161W,7.015310075075831e-07
YLR019W,YNL188W,2.520335014907088e-13
YLR019W,YJL157C,2.454381728966837e-07
YLR019W,YJL034W,4.1696504582411364e-10
YLR019W,YLR238W,4.987701231584651e-06
YLR019W,YPR141C,0.017745306715369225
YLR019W,YNL127W,6.311750621534884e-05
YLR019W,YCL055W,0.002822320209816098
YLR019W,YPR122W,0.008309347555041313
YLR019W,YMR065W,0.008420388214290142
YLR019W,YDR356W,0.000494063482619822
YLR019W,YMR052W,6.571548510692082e-06
YLR019W,YFR008W,6.270260541896278e-07
YLR019W,YLL043W,1.013796513404941e-08
YLR019W,YMR029C,1.8490973197060612e-09
YLR019W,YJR004C,2.914482683991082e-05
YLR019W,YDL223C,2.78294296094401e-17
YLR019W,YHR158C,1.5942754316711216e-06
YLR019W,YGR238C,0.1601470559835434
YLR019W,YIL015W,0.015342316590249538
YLR019W,YGL173C,0.0011966588208451867
YLR019W,YDL225W,3.81845133290426e-09
YLR019W,YLR330W,0.0025267822202295065
YLR019W,YBR129C,2.665487045305781e-06
YLR019W,YKR095W-A,0.2020167112350464
YLR019W,YPR075C,2.500101618352346e-05
YLR019W,YMR198W,0.027390656992793083
YLR019W,YOR127W,1.4630242572977181e-09
YLR019W,YDR264C,8.378582094792364e-08
YLR019W,YLR110C,0.003530708374455571
YLR019W,YDR379W,3.3439305298088584e-06
YLR019W,YDL100C,8.741851686977498e-10
YLR019W,YHR073W,9.218932063959073e-06
YLR019W,YJR090C,2.6796850849386544e-10
YLR019W,YOR208W,6.21002254774794e-06
YLR019W,YBR040W,0.4569341838359833
YLR019W,YNL279W,0.001474298071116209
YLR019W,YER075C,5.235640855971724e-06
YLR019W,YCR089W,8.598881322541274e-06
YLR019W,YCR002C,2.910996954597067e-05
YLR019W,YJL108C,0.0060737100429832935
YLR019W,YBR200W,3.5678040789756046e-14
YLR019W,YIL026C,6.794824116695963e-07
YLR019W,YJR076C,1.8932721872460395e-13
YLR019W,YKR031C,1.4154028643575955e-11
YLR019W,YPL192C,5.760693255751903e-09
YLR019W,YHR107C,5.432534630478436e-11
YLR019W,YIL037C,0.03003116510808468
YLR019W,YPL156C,2.5398856450919993e-05
YLR019W,YIL117C,1.2998077281167753e-08
YLR019W,YHR066W,8.08827126368844e-13
YLR019W,YML085C,9.789144606031641e-09
YLR019W,YML047C,0.12269026041030884
YLR019W,YDR312W,5.307295580792015e-08
YLR019W,YFL037W,1.2738868120087954e-12
YLR019W,YDL038C,0.2020167112350464
YLR019W,YDL039C,1.4175912180225403e-11
YLR019W,YCL027W,4.48412240672269e-09
YLR019W,YML124C,2.1626256612117134e-17
YLR019W,YGL053W,7.265196083627856e-11
YLR019W,YMR232W,0.0008057967643253505
YLR019W,YNL298W,2.467064405209385e-05
YLR019W,YGL099W,4.675929782260724e-13
YLR019W,YBL016W,7.076156609449324e-13
YLR019W,YAL041W,0.00011166746116941795
YLR019W,YDR085C,7.196109041984755e-09
YLR019W,YPL187W,0.0044166818261146545
YLR019W,YPL256C,1.5522979083471e-05
YLR019W,YDR461W,1.2556203635421398e-13
YLR019W,YNL145W,6.819427699400124e-14
YGR040W,YDL165W,0.9998602867126465
YGR040W,YGR059W,0.9876354336738586
YGR040W,YBR109C,0.9985988736152649
YGR040W,YJL080C,0.9999971389770508
YGR040W,YCR093W,0.9996820688247681
YGR040W,YIL122W,0.9970376491546631
YGR040W,YCL029C,1.897979728937571e-07
YGR040W,YNL173C,0.9999959468841553
YGR040W,YLR452C,0.9986522793769836
YGR040W,YDL160C,0.9477967619895935
YGR040W,YLR229C,0.9999451637268066
YGR040W,YML057W,0.0606895312666893
YGR040W,YER149C,0.9842658042907715
YGR040W,YMR305C,0.9999878406524658
YGR040W,YLR433C,0.99407958984375
YGR040W,YJL073W,1.2900164847451379e-07
YGR040W,YGR279C,0.9999960660934448
YGR040W,YKL190W,0.9998273849487305
YGR040W,YGL089C,0.9989755153656006
YGR040W,YJL019W,0.9729630351066589
YGR040W,YJL018W,0.14660634100437164
YGR040W,YNR032C-A,0.9972330927848816
YGR040W,YGL178W,0.9231986999511719
YGR040W,YKL116C,6.599051527444999e-09
YGR040W,YDL214C,0.9997590184211731
YGR040W,YLR362W,0.9943721294403076
YGR040W,YER068W,1.389513639782694e-13
YGR040W,YHR084W,0.12153605371713638
YGR040W,YDR392W,0.9998080134391785
YGR040W,YNL053W,0.9980584979057312
YGR040W,YDL216C,0.9999915361404419
YGR040W,YOL117W,0.9604323506355286
YGR040W,YJR086W,0.999839186668396
YGR040W,YMR025W,0.9996604919433594
YGR040W,YBR081C,0.998056173324585
YGR040W,YFL026W,1.6959209858669055e-07
YGR040W,YHL007C,0.9628267884254456
YGR040W,YNR044W,1.0
YGR040W,YNL271C,0.9999556541442871
YGR040W,YDR200C,0.985416829586029
YGR040W,YKL178C,0.9995996356010437
YGR040W,YOR212W,0.9992496371269226
YGR040W,YOL111C,0.0009038566495291889
YGR040W,YGL032C,0.05721304193139076
YGR040W,YHR005C,0.9999744892120361
YGR040W,YDR103W,0.9998682737350464
YGR040W,YJR084W,0.9998059868812561
YGR040W,YCL032W,0.9997081160545349
YGR040W,YJL170C,0.998347282409668
YGR040W,YDR179C,0.00023975156364031136
YGR040W,YBR095C,0.9993521571159363
YGR040W,YLL021W,0.999461829662323
YGR040W,YDL159W,3.6232404454494826e-06
YGR040W,YNL161W,0.9952449202537537
YGR040W,YNL188W,0.9998654127120972
YGR040W,YJL157C,0.0008704656502231956
YGR040W,YJL034W,3.263854253532372e-08
YGR040W,YLR238W,0.9998680353164673
YGR040W,YPR141C,0.989932656288147
YGR040W,YNL127W,0.9999067783355713
YGR040W,YCL055W,0.9916917085647583
YGR040W,YPR122W,0.9999996423721313
YGR040W,YMR065W,0.9978799819946289
YGR040W,YDR356W,0.9990031123161316
YGR040W,YMR052W,0.9993748068809509
YGR040W,YFR008W,0.999685525894165
YGR040W,YLL043W,0.9975831508636475
YGR040W,YMR029C,0.9998812675476074
YGR040W,YJR004C,0.0006645853281952441
YGR040W,YDL223C,8.516255434187769e-07
YGR040W,YHR158C,0.9970003962516785
YGR040W,YGR238C,3.802260550855863e-08
YGR040W,YIL015W,0.9993045330047607
YGR040W,YGL173C,0.9989243149757385
YGR040W,YDL225W,0.9991387128829956
YGR040W,YLR330W,1.9012165921594715e-06
YGR040W,YBR129C,0.9986359477043152
YGR040W,YKR095W-A,0.2020167112350464
YGR040W,YPR075C,0.0019732313230633736
YGR040W,YMR198W,0.9980621933937073
YGR040W,YOR127W,0.9963376522064209
YGR040W,YDR264C,0.996941864490509
YGR040W,YLR110C,0.9993439316749573
YGR040W,YDR379W,0.9996070265769958
YGR040W,YDL100C,0.9983260035514832
YGR040W,YHR073W,0.9947022795677185
YGR040W,YJR090C,0.9991986155509949
YGR040W,YOR208W,0.9970260262489319
YGR040W,YBR040W,0.9991425275802612
YGR040W,YNL279W,0.9999264478683472
YGR040W,YER075C,0.996178150177002
YGR040W,YCR089W,0.9972167015075684
YGR040W,YCR002C,0.9999608993530273
YGR040W,YJL108C,0.9989069700241089
YGR040W,YBR200W,0.003356463275849819
YGR040W,YIL026C,0.9999490976333618
YGR040W,YJR076C,0.9999322891235352
YGR040W,YKR031C,0.9999822378158569
YGR040W,YPL192C,0.9980668425559998
YGR040W,YHR107C,0.9992368221282959
YGR040W,YIL037C,0.9857634902000427
YGR040W,YPL156C,0.9999902248382568
YGR040W,YIL117C,0.9999960660934448
YGR040W,YHR066W,3.333701092955721e-10
YGR040W,YML085C,0.9990965127944946
YGR040W,YML047C,0.999563992023468
YGR040W,YDR312W,0.9658318758010864
YGR040W,YFL037W,0.9929487705230713
YGR040W,YDL038C,0.2020167112350464
YGR040W,YDL039C,5.849825289970523e-13
YGR040W,YCL027W,0.9987587928771973
YGR040W,YML124C,0.0016573824686929584
YGR040W,YGL053W,0.9990776777267456
YGR040W,YMR232W,0.9945687055587769
YGR040W,YNL298W,0.9921407699584961
YGR040W,YGL099W,0.6137163639068604
YGR040W,YBL016W,0.975274920463562
YGR040W,YAL041W,0.9973874688148499
YGR040W,YDR085C,0.9850465059280396
YGR040W,YPL187W,0.9999645948410034
YGR040W,YPL256C,0.04858141392469406
YGR040W,YDR461W,0.9129221439361572
YGR040W,YNL145W,9.34297622734448e-06
YPL214C,YDL165W,0.0019506020471453667
YPL214C,YGR059W,4.966707365383627e-06
YPL214C,YBR109C,0.9965141415596008
YPL214C,YJL080C,2.8389517865434755e-06
YPL214C,YCR093W,0.003671000013127923
YPL214C,YIL122W,0.03270662948489189
YPL214C,YCL029C,3.0095165319240016e-16
YPL214C,YNL173C,0.999914288520813
YPL214C,YLR452C,0.0031040923204272985
YPL214C,YDL160C,0.000590094830840826
YPL214C,YLR229C,0.8071227073669434
YPL214C,YML057W,1.0363721436590367e-08
YPL214C,YER149C,7.641834542937431e-08
YPL214C,YMR305C,4.354229986347491e-06
YPL214C,YLR433C,0.00011073866335209459
YPL214C,YJL073W,3.425686756486357e-08
YPL214C,YGR279C,0.004355662502348423
YPL214C,YKL190W,6.579673481610371e-07
YPL214C,YGL089C,0.0016996461199596524
YPL214C,YJL019W,0.00025876369909383357
YPL214C,YJL018W,0.0020548179745674133
YPL214C,YNR032C-A,0.9988287091255188
YPL214C,YGL178W,7.308408953576873e-07
YPL214C,YKL116C,1.4994726598160923e-06
YPL214C,YDL214C,2.8151484912086744e-06
YPL214C,YLR362W,1.615167895263614e-11
YPL214C,YER068W,5.322928231521473e-08
YPL214C,YHR084W,3.110594843747094e-05
YPL214C,YDR392W,6.64705680719635e-07
YPL214C,YNL053W,0.0004556832427624613
YPL214C,YGR040W,0.9999552965164185
YPL214C,YDL216C,0.9759406447410583
YPL214C,YOL117W,0.0005701858317479491
YPL214C,YJR086W,2.60245741401377e-07
YPL214C,YMR025W,0.0036401920951902866
YPL214C,YBR081C,0.02681802213191986
YPL214C,YFL026W,0.004702871665358543
YPL214C,YHL007C,0.02512393333017826
YPL214C,YNR044W,0.003368950914591551
YPL214C,YNL271C,1.6497621047051325e-08
YPL214C,YDR200C,0.0004489262937568128
YPL214C,YKL178C,1.45336650803074e-06
YPL214C,YOR212W,0.998777449131012
YPL214C,YOL111C,6.435903969759238e-07
YPL214C,YGL032C,0.002308111172169447
YPL214C,YHR005C,5.252238770481199e-05
YPL214C,YDR103W,4.947697718193922e-08
YPL214C,YJR084W,0.004895254038274288
YPL214C,YCL032W,0.9360225796699524
YPL214C,YJL170C,7.02426632415154e-06
YPL214C,YDR179C,1.9811496193566924e-12
YPL214C,YBR095C,3.1298010849667435e-09
YPL214C,YLL021W,6.439730350393802e-05
YPL214C,YDL159W,2.7661892090691254e-05
YPL214C,YNL161W,0.0012401413405314088
YPL214C,YNL188W,2.990235836719535e-11
YPL214C,YJL157C,0.0008513708598911762
YPL214C,YJL034W,2.146589317471301e-18
YPL214C,YLR238W,1.2499121112341527e-05
YPL214C,YPR141C,2.1811929684645293e-07
YPL214C,YNL127W,1.9722594515769742e-05
YPL214C,YCL055W,1.2935081485920819e-06
YPL214C,YPR122W,0.05123025178909302
YPL214C,YMR065W,0.006910229567438364
YPL214C,YDR356W,0.00015115576388780028
YPL214C,YMR052W,0.2268330156803131
YPL214C,YFR008W,0.0030067104380577803
YPL214C,YLL043W,0.0002499652619007975
YPL214C,YMR029C,4.0045602389682244e-08
YPL214C,YJR004C,1.5025429433990212e-07
YPL214C,YDL223C,1.7958583838767472e-12
YPL214C,YHR158C,9.313841474067885e-06
YPL214C,YGR238C,4.698136411157572e-13
YPL214C,YIL015W,0.3108583688735962
YPL214C,YGL173C,0.999472439289093
YPL214C,YDL225W,2.0983663944207365e-06
YPL214C,YLR330W,1.7258812651591016e-12
YPL214C,YBR129C,7.977819294069377e-09
YPL214C,YKR095W-A,0.2020167112350464
YPL214C,YPR075C,1.2473732047268982e-09
YPL214C,YMR198W,0.023770511150360107
YPL214C,YOR127W,0.0022018933668732643
YPL214C,YDR264C,7.75867407430339e-14
YPL214C,YLR110C,0.93675297498703
YPL214C,YDR379W,4.452872872207081e-06
YPL214C,YDL100C,0.0018685278482735157
YPL214C,YHR073W,0.003909895662218332
YPL214C,YJR090C,4.569693601297331e-07
YPL214C,YOR208W,0.002197826048359275
YPL214C,YBR040W,0.000667762360535562
YPL214C,YNL279W,0.02439047582447529
YPL214C,YER075C,0.9774157404899597
YPL214C,YCR089W,5.526842414838029e-06
YPL214C,YCR002C,9.88364718068624e-06
YPL214C,YJL108C,0.010236517526209354
YPL214C,YBR200W,0.8941799402236938
YPL214C,YIL026C,2.2252197595662437e-06
YPL214C,YJR076C,0.988521933555603
YPL214C,YKR031C,8.403201354667544e-05
YPL214C,YPL192C,3.6956180338165723e-07
YPL214C,YHR107C,1.490419435867807e-06
YPL214C,YIL037C,3.1553272492601536e-06
YPL214C,YPL156C,0.001316949026659131
YPL214C,YIL117C,0.0430133081972599
YPL214C,YHR066W,2.0907215981256014e-14
YPL214C,YML085C,3.1552851851301966e-06
YPL214C,YML047C,3.4488868550397456e-05
YPL214C,YDR312W,0.0033866241574287415
YPL214C,YFL037W,0.004485975485295057
YPL214C,YDL038C,0.2020167112350464
YPL214C,YDL039C,4.578382672981718e-10
YPL214C,YCL027W,0.009687977842986584
YPL214C,YML124C,2.5264308006756053e-11
YPL214C,YGL053W,2.5924871806637384e-05
YPL214C,YMR232W,1.3383739672079287e-09
YPL214C,YNL298W,0.12743620574474335
YPL214C,YGL099W,1.9828916286712683e-09
YPL214C,YBL016W,2.72437319015148e-13
YPL214C,YAL041W,0.00015696755144745111
YPL214C,YDR085C,0.9945061802864075
YPL214C,YPL187W,0.006798232905566692
YPL214C,YPL256C,1.1074584108428098e-05
YPL214C,YDR461W,2.7062551704313105e-18
YPL214C,YNL145W,1.321466697845608e-06
YLR114C,YDL165W,4.0721488403505646e-07
YLR114C,YGR059W,9.649668442079928e-08
YLR114C,YBR109C,0.012863487005233765
YLR114C,YJL080C,0.999782383441925
YLR114C,YCR093W,0.2508404850959778
YLR114C,YIL122W,6.35824608252733e-06
YLR114C,YCL029C,3.6576148776390482e-09
YLR114C,YNL173C,0.2771834135055542
YLR114C,YLR452C,2.3712933838737627e-08
YLR114C,YDL160C,0.023314980790019035
YLR114C,YLR229C,1.2552588968262057e-09
YLR114C,YML057W,5.617824172077235e-06
YLR114C,YER149C,0.0057271933183074
YLR114C,YMR305C,6.829828635090962e-06
YLR114C,YLR433C,1.5462020996892534e-07
YLR114C,YJL073W,1.0387943802925292e-06
YLR114C,YGR279C,0.001075904001481831
YLR114C,YKL190W,8.19736214907607e-06
YLR114C,YGL089C,2.042697587967268e-06
YLR114C,YJL019W,1.0166263564315159e-05
YLR114C,YJL018W,0.00043013106915168464
YLR114C,YNR032C-A,5.918410170124844e-05
YLR114C,YGL178W,1.1824678125549326e-07
YLR114C,YKL116C,1.4132858772164525e-10
YLR114C,YDL214C,0.9851735830307007
YLR114C,YLR362W,2.1371171499140473e-09
YLR114C,YER068W,0.0002688358072191477
YLR114C,YHR084W,1.1462374105430939e-10
YLR114C,YDR392W,1.2821799828088842e-05
YLR114C,YNL053W,0.0002223677875008434
YLR114C,YGR040W,0.0002519615227356553
YLR114C,YDL216C,1.722033515783039e-09
YLR114C,YOL117W,2.0341701656434452e-09
YLR114C,YJR086W,0.0028583600651472807
YLR114C,YMR025W,5.018370757170487e-06
YLR114C,YBR081C,0.00918744970113039
YLR114C,YFL026W,0.0021491229999810457
YLR114C,YHL007C,2.2197884806327006e-13
YLR114C,YNR044W,1.8167496818932705e-05
YLR114C,YNL271C,0.9502438306808472
YLR114C,YDR200C,4.199435716145672e-05
YLR114C,YKL178C,1.8329480155898636e-07
YLR114C,YOR212W,0.01565297693014145
YLR114C,YOL111C,3.0937549126974773e-06
YLR114C,YGL032C,0.0011978077236562967
YLR114C,YHR005C,0.0016927473479881883
YLR114C,YDR103W,7.982433089637198e-06
YLR114C,YJR084W,4.442624685907504e-06
YLR114C,YCL032W,2.278604142702534e-06
YLR114C,YJL170C,1.0688942893466447e-05
YLR114C,YDR179C,1.1592237392221705e-08
YLR114C,YBR095C,1.2240595424373168e-05
YLR114C,YLL021W,0.9913520812988281
YLR114C,YDL159W,2.8717869327010703e-07
YLR114C,YNL161W,1.2435203643690329e-05
YLR114C,YNL188W,2.2879467564962397e-07
YLR114C,YJL157C,1.4971618611525628e-07
YLR114C,YJL034W,2.642261298646531e-09
YLR114C,YLR238W,0.0015841315034776926
YLR114C,YPR141C,8.913994861359242e-06
YLR114C,YNL127W,7.801546075825172e-10
YLR114C,YCL055W,3.0250322646113714e-12
YLR114C,YPR122W,0.9991722106933594
YLR114C,YMR065W,3.3067621529880853e-07
YLR114C,YDR356W,4.61023796916038e-09
YLR114C,YMR052W,4.598763189278543e-05
YLR114C,YFR008W,0.002694380469620228
YLR114C,YLL043W,3.990187906310894e-06
YLR114C,YMR029C,0.16935589909553528
YLR114C,YJR004C,9.97901428156922e-10
YLR114C,YDL223C,1.4568939832315664e-06
YLR114C,YHR158C,1.3455209391111111e-08
YLR114C,YGR238C,0.0008303119684569538
YLR114C,YIL015W,0.6335294842720032
YLR114C,YGL173C,0.00024229311384260654
YLR114C,YDL225W,0.00013015921285841614
YLR114C,YLR330W,0.005518634803593159
YLR114C,YBR129C,4.017167043457448e-08
YLR114C,YKR095W-A,0.2020167112350464
YLR114C,YPR075C,1.0718004608833986e-11
YLR114C,YMR198W,9.942146627186284e-16
YLR114C,YOR127W,8.558927788726578e-07
YLR114C,YDR264C,8.195245300157694e-07
YLR114C,YLR110C,0.6318455934524536
YLR114C,YDR379W,7.384804234789044e-07
YLR114C,YDL100C,1.0164315611405073e-08
YLR114C,YHR073W,1.0626476068864577e-05
YLR114C,YJR090C,4.336612449348798e-13
YLR114C,YOR208W,2.5179197393754293e-08
YLR114C,YBR040W,0.998700737953186
YLR114C,YNL279W,0.7490314245223999
YLR114C,YER075C,3.823344765785386e-11
YLR114C,YCR089W,9.291398441746423e-07
YLR114C,YCR002C,7.726111448391748e-07
YLR114C,YJL108C,1.2481884368753526e-05
YLR114C,YBR200W,8.787594651948893e-09
YLR114C,YIL026C,0.9994320273399353
YLR114C,YJR076C,1.6136036720126867e-06
YLR114C,YKR031C,5.330297426553443e-05
YLR114C,YPL192C,6.258313078433275e-05
YLR114C,YHR107C,0.0006297078798525035
YLR114C,YIL037C,0.6882984042167664
YLR114C,YPL156C,0.4003673493862152
YLR114C,YIL117C,0.9999910593032837
YLR114C,YHR066W,1.946868499747012e-10
YLR114C,YML085C,1.020703621179564e-05
YLR114C,YML047C,0.000251321675023064
YLR114C,YDR312W,0.0002898312814068049
YLR114C,YFL037W,0.8404784798622131
YLR114C,YDL038C,0.2020167112350464
YLR114C,YDL039C,1.2025245688107589e-08
YLR114C,YCL027W,0.6049692630767822
YLR114C,YML124C,7.857726691540279e-10
YLR114C,YGL053W,0.9286125898361206
YLR114C,YMR232W,0.003969908691942692
YLR114C,YNL298W,3.213264676560357e-08
YLR114C,YGL099W,8.36726542274846e-07
YLR114C,YBL016W,2.4677742488377064e-11
YLR114C,YAL041W,5.415939995145891e-06
YLR114C,YDR085C,0.022442543879151344
YLR114C,YPL187W,0.6040151119232178
YLR114C,YPL256C,0.9996193647384644
YLR114C,YDR461W,4.736071090860605e-08
YLR114C,YNL145W,1.3874012438463978e-05
YFR030W,YDL165W,3.0210223211923903e-10
YFR030W,YGR059W,2.130158271995697e-09
YFR030W,YBR109C,7.361351972434704e-09
YFR030W,YJL080C,0.002615933772176504
YFR030W,YCR093W,0.0007196255610324442
YFR030W,YIL122W,0.9998806715011597
YFR030W,YCL029C,0.1842510849237442
YFR030W,YNL173C,0.017235295847058296
YFR030W,YLR452C,3.292786795858942e-15
YFR030W,YDL160C,4.70234990643803e-05
YFR030W,YLR229C,1.3958284398110643e-12
YFR030W,YML057W,2.8778507354942917e-10
YFR030W,YER149C,2.395935371168889e-05
YFR030W,YMR305C,5.220729804022994e-07
YFR030W,YLR433C,1.1595851674428559e-06
YFR030W,YJL073W,2.0471527251153532e-11
YFR030W,YGR279C,1.5213962797133718e-05
YFR030W,YKL190W,3.4404198601123426e-08
YFR030W,YGL089C,1.165935282188002e-05
YFR030W,YJL019W,3.7179776768425654e-07
YFR030W,YJL018W,0.00027698930352926254
YFR030W,YNR032C-A,8.775426977081224e-05
YFR030W,YGL178W,2.081650478658048e-07
YFR030W,YKL116C,2.3932028234141534e-12
YFR030W,YDL214C,0.7714065313339233
YFR030W,YLR362W,2.597211050670012e-07
YFR030W,YER068W,1.509503189112138e-09
YFR030W,YHR084W,9.846344659752981e-14
YFR030W,YDR392W,1.5672984021719572e-09
YFR030W,YNL053W,0.22539842128753662
YFR030W,YGR040W,0.01901896670460701
YFR030W,YDL216C,4.996519464839366e-07
YFR030W,YOL117W,6.725869194923462e-09
YFR030W,YJR086W,7.581117266071413e-13
YFR030W,YMR025W,1.2825729367449412e-09
YFR030W,YBR081C,0.0032784941140562296
YFR030W,YFL026W,2.1206213868252277e-11
YFR030W,YHL007C,3.633763754305741e-13
YFR030W,YNR044W,2.5376180106881363e-13
YFR030W,YNL271C,1.6303179251053734e-08
YFR030W,YDR200C,0.00020540505647659302
YFR030W,YKL178C,0.002465649275109172
YFR030W,YOR212W,3.6613747922192505e-14
YFR030W,YOL111C,5.69050673249194e-09
YFR030W,YGL032C,4.3624035583889054e-07
YFR030W,YHR005C,3.0585470679571347e-13
YFR030W,YDR103W,2.9018148994808257e-11
YFR030W,YJR084W,7.141504054786196e-11
YFR030W,YCL032W,5.062067066319287e-05
YFR030W,YJL170C,2.3381440769298933e-05
YFR030W,YDR179C,1.1982920047665015e-14
YFR030W,YBR095C,0.46648335456848145
YFR030W,YLL021W,5.625186538793514e-09
YFR030W,YDL159W,1.4465298750487854e-11
YFR030W,YNL161W,5.34790600692503e-10
YFR030W,YNL188W,6.528858383152104e-15
YFR030W,YJL157C,2.2522667589049905e-19
YFR030W,YJL034W,3.5908034468018814e-18
YFR030W,YLR238W,2.2866439408630868e-08
YFR030W,YPR141C,1.2622910617210437e-05
YFR030W,YNL127W,1.5631530791981874e-11
YFR030W,YCL055W,1.1184600473427078e-13
YFR030W,YPR122W,2.4267723830462273e-08
YFR030W,YMR065W,0.0002669355890247971
YFR030W,YDR356W,0.018997080624103546
YFR030W,YMR052W,3.879295036313124e-05
YFR030W,YFR008W,6.662507351373748e-11
YFR030W,YLL043W,3.592959174625321e-08
YFR030W,YMR029C,3.5487551940605044e-05
YFR030W,YJR004C,1.7529279080791965e-14
YFR030W,YDL223C,6.315480760576975e-08
YFR030W,YHR158C,2.3902255634311587e-05
YFR030W,YGR238C,3.449003303551863e-14
YFR030W,YIL015W,7.037121996233964e-10
YFR030W,YGL173C,2.9790683808705865e-10
YFR030W,YDL225W,9.552193347417415e-08
YFR030W,YLR330W,9.544859267407446e-07
YFR030W,YBR129C,7.36791844246909e-06
YFR030W,YKR095W-A,0.2020167112350464
YFR030W,YPR075C,7.656810740996889e-10
YFR030W,YMR198W,7.446818273137978e-09
YFR030W,YOR127W,0.0002796220069285482
YFR030W,YDR264C,5.262087938717741e-07
YFR030W,YLR110C,1.9815597773753524e-10
YFR030W,YDR379W,1.0107675052495324e-07
YFR030W,YDL100C,1.4905561993658278e-18
YFR030W,YHR073W,2.3785091229910904e-08
YFR030W,YJR090C,1.832783924626824e-09
YFR030W,YOR208W,1.8288251339981798e-06
YFR030W,YBR040W,0.001689734635874629
YFR030W,YNL279W,0.0028374390676617622
YFR030W,YER075C,0.7592883110046387
YFR030W,YCR089W,0.00019379508739802986
YFR030W,YCR002C,4.75706069859045e-14
YFR030W,YJL108C,0.15998044610023499
YFR030W,YBR200W,2.035522618515362e-11
YFR030W,YIL026C,9.251953451894224e-05
YFR030W,YJR076C,1.4836139143881155e-06
YFR030W,YKR031C,7.402864099503859e-08
YFR030W,YPL192C,0.9986999034881592
YFR030W,YHR107C,3.8070120389477324e-09
YFR030W,YIL037C,0.010793845169246197
YFR030W,YPL156C,0.08591971546411514
YFR030W,YIL117C,5.308211092902582e-10
YFR030W,YHR066W,2.7925776298467824e-17
YFR030W,YML085C,9.089870189882276e-08
YFR030W,YML047C,0.000955170311499387
YFR030W,YDR312W,6.408166086657729e-07
YFR030W,YFL037W,2.433382633171277e-07
YFR030W,YDL038C,0.2020167112350464
YFR030W,YDL039C,1.1514274866897267e-08
YFR030W,YCL027W,0.0001868627150543034
YFR030W,YML124C,3.218246849567841e-11
YFR030W,YGL053W,1.6880065054070137e-11
YFR030W,YMR232W,0.00021039661078248173
YFR030W,YNL298W,1.1703635456605799e-11
YFR030W,YGL099W,8.011273393802865e-13
YFR030W,YBL016W,1.3325999375160547e-12
YFR030W,YAL041W,0.7484272718429565
YFR030W,YDR085C,7.264004671014845e-05
YFR030W,YPL187W,9.730602101853947e-08
YFR030W,YPL256C,1.890302803175814e-09
YFR030W,YDR461W,0.0017504567513242364
YFR030W,YNL145W,1.5413907927808168e-09
YMR166C,YDL165W,2.8641652534133755e-05
YMR166C,YGR059W,0.00014664996706414968
YMR166C,YBR109C,6.949288014609575e-14
YMR166C,YJL080C,1.0477188894242317e-08
YMR166C,YCR093W,0.0001417706225765869
YMR166C,YIL122W,5.061224896962813e-07
YMR166C,YCL029C,8.447609473917483e-13
YMR166C,YNL173C,1.82916892299545e-06
YMR166C,YLR452C,5.210142983713695e-09
YMR166C,YDL160C,1.1064563538120114e-14
YMR166C,YLR229C,1.9940172776844456e-11
YMR166C,YML057W,3.5651549268322924e-08
YMR166C,YER149C,0.0002497941895853728
YMR166C,YMR305C,4.271115358278621e-06
YMR166C,YLR433C,3.5248415297672864e-09
YMR166C,YJL073W,4.907552310455225e-21
YMR166C,YGR279C,2.826919365261915e-09
YMR166C,YKL190W,2.698661489830556e-07
YMR166C,YGL089C,5.346113329807167e-09
YMR166C,YJL019W,2.172295898716925e-09
YMR166C,YJL018W,0.2020167112350464
YMR166C,YNR032C-A,5.920300827710889e-05
YMR166C,YGL178W,9.511087409919128e-05
YMR166C,YKL116C,0.00017205039330292493
YMR166C,YDL214C,0.00045707557001151145
YMR166C,YLR362W,0.0009179097251035273
YMR166C,YER068W,1.603939536742871e-09
YMR166C,YHR084W,4.8736772839674813e-08
YMR166C,YDR392W,0.0006100571481510997
YMR166C,YNL053W,5.03669107274618e-05
YMR166C,YGR040W,4.782167525263503e-05
YMR166C,YDL216C,0.0002725999802350998
YMR166C,YOL117W,6.262289389269426e-05
YMR166C,YJR086W,3.9083028241293505e-05
YMR166C,YMR025W,4.439351553031656e-09
YMR166C,YBR081C,3.3141623134724796e-07
YMR166C,YFL026W,7.370878574164408e-09
YMR166C,YHL007C,4.173195478074376e-08
YMR166C,YNR044W,1.2686929415015036e-12
YMR166C,YNL271C,6.551797559950501e-05
YMR166C,YDR200C,0.0001786952343536541
YMR166C,YKL178C,1.5946297082791716e-07
YMR166C,YOR212W,1.2507948667916935e-06
YMR166C,YOL111C,0.038729626685380936
YMR166C,YGL032C,4.3851576947417925e-07
YMR166C,YHR005C,0.000756521534640342
YMR166C,YDR103W,2.4713117454666644e-06
YMR166C,YJR084W,3.368230849787324e-08
YMR166C,YCL032W,2.7431513061060286e-08
YMR166C,YJL170C,1.7660991034063045e-06
YMR166C,YDR179C,1.0072437106600773e-07
YMR166C,YBR095C,1.0715418284235056e-05
YMR166C,YLL021W,1.5154661969773997e-09
YMR166C,YDL159W,0.00041601990233175457
YMR166C,YNL161W,1.6502078779012663e-06
YMR166C,YNL188W,3.2562677887426617e-08
YMR166C,YJL157C,1.132349838894875e-10
YMR166C,YJL034W,1.325152654274575e-09
YMR166C,YLR238W,2.705951942516549e-07
YMR166C,YPR141C,3.951712221339498e-12
YMR166C,YNL127W,0.0008419736986979842
YMR166C,YCL055W,2.3727295128672665e-10
YMR166C,YPR122W,3.097167800003575e-10
YMR166C,YMR065W,7.729582875981578e-07
YMR166C,YDR356W,7.007233193689899e-08
YMR166C,YMR052W,1.4014532589978757e-10
YMR166C,YFR008W,9.058952589804936e-13
YMR166C,YLL043W,1.9735237749562984e-12
YMR166C,YMR029C,0.00725330226123333
YMR166C,YJR004C,8.819186353425934e-11
YMR166C,YDL223C,2.898590791217473e-14
YMR166C,YHR158C,6.188444240251556e-05
YMR166C,YGR238C,0.0024237611796706915
YMR166C,YIL015W,1.931312908709515e-06
YMR166C,YGL173C,7.474710628230241e-09
YMR166C,YDL225W,9.448940761769276e-12
YMR166C,YLR330W,3.720372621085488e-11
YMR166C,YBR129C,1.1675398425836647e-09
YMR166C,YKR095W-A,0.2020167112350464
YMR166C,YPR075C,6.453067247225164e-11
YMR166C,YMR198W,0.0003473999386187643
YMR166C,YOR127W,6.283280384877798e-08
YMR166C,YDR264C,4.420820187078789e-05
YMR166C,YLR110C,0.004587361589074135
YMR166C,YDR379W,7.394064596155658e-07
YMR166C,YDL100C,1.505963886927475e-08
YMR166C,YHR073W,8.007953147171065e-05
YMR166C,YJR090C,3.375382107151381e-08
YMR166C,YOR208W,1.1351723827601745e-07
YMR166C,YBR040W,4.9834528908832e-05
YMR166C,YNL279W,7.64513788453769e-06
YMR166C,YER075C,1.27112176340205e-09
YMR166C,YCR089W,5.603602651338413e-11
YMR166C,YCR002C,1.2133108384659863e-07
YMR166C,YJL108C,6.285581832798925e-08
YMR166C,YBR200W,1.6162263705155056e-07
YMR166C,YIL026C,6.497397862403886e-06
YMR166C,YJR076C,7.581807496279472e-14
YMR166C,YKR031C,5.384204015967953e-08
YMR166C,YPL192C,1.898195841931738e-05
YMR166C,YHR107C,1.1587588256544573e-13
YMR166C,YIL037C,7.924703822936863e-06
YMR166C,YPL156C,9.55614751774192e-08
YMR166C,YIL117C,3.980763635391682e-11
YMR166C,YHR066W,9.808124476698467e-22
YMR166C,YML085C,1.877954042273089e-10
YMR166C,YML047C,1.6280557346703972e-08
YMR166C,YDR312W,4.0348960609302986e-13
YMR166C,YFL037W,0.008357129991054535
YMR166C,YDL038C,0.2020167112350464
YMR166C,YDL039C,6.442149591556756e-10
YMR166C,YCL027W,4.5764853712215725e-11
YMR166C,YML124C,4.803501951755607e-07
YMR166C,YGL053W,1.2109657063774648e-06
YMR166C,YMR232W,1.2271135346964002e-05
YMR166C,YNL298W,0.00021565105998888612
YMR166C,YGL099W,2.457634829031198e-17
YMR166C,YBL016W,2.8225433101880526e-10
YMR166C,YAL041W,1.410045206284849e-05
YMR166C,YDR085C,3.388486158328874e-10
YMR166C,YPL187W,0.019422708079218864
YMR166C,YPL256C,1.4152294447455915e-08
YMR166C,YDR461W,8.56785562636242e-12
YMR166C,YNL145W,3.971817079673201e-07
YKR001C,YDL165W,2.6757993509818334e-06
YKR001C,YGR059W,5.354941379209777e-09
YKR001C,YBR109C,7.165080334603502e-11
YKR001C,YJL080C,1.2988560449400666e-08
YKR001C,YCR093W,0.9854277968406677
YKR001C,YIL122W,7.277827762663946e-08
YKR001C,YCL029C,2.2458168658090472e-10
YKR001C,YNL173C,0.0018966167699545622
YKR001C,YLR452C,0.0056848665699362755
YKR001C,YDL160C,4.816841965293861e-07
YKR001C,YLR229C,0.04529082030057907
YKR001C,YML057W,1.4630730654774382e-11
YKR001C,YER149C,3.4274610927198523e-10
YKR001C,YMR305C,1.4018227225721935e-13
YKR001C,YLR433C,4.2833343627535214e-07
YKR001C,YJL073W,1.0373316788880871e-11
YKR001C,YGR279C,0.0002481008996255696
YKR001C,YKL190W,1.8245907995151356e-05
YKR001C,YGL089C,0.0014071118785068393
YKR001C,YJL019W,0.9999934434890747
YKR001C,YJL018W,0.0008508481550961733
YKR001C,YNR032C-A,0.31182989478111267
YKR001C,YGL178W,0.017545530572533607
YKR001C,YKL116C,3.300127389138652e-07
YKR001C,YDL214C,0.00024550684611313045
YKR001C,YLR362W,3.0649139910049472e-12
YKR001C,YER068W,0.03755182400345802
YKR001C,YHR084W,6.303355917225417e-07
YKR001C,YDR392W,5.175720161787467e-06
YKR001C,YNL053W,0.9763603806495667
YKR001C,YGR040W,4.944362444803119e-05
YKR001C,YDL216C,3.364726205989932e-11
YKR001C,YOL117W,6.888935255577877e-11
YKR001C,YJR086W,0.04630286991596222
YKR001C,YMR025W,3.960465164709603e-06
YKR001C,YBR081C,1.6837024077176466e-06
YKR001C,YFL026W,1.8816656677245192e-07
YKR001C,YHL007C,0.45829832553863525
YKR001C,YNR044W,3.109855924776639e-06
YKR001C,YNL271C,0.4082319438457489
YKR001C,YDR200C,1.0279897821874329e-07
YKR001C,YKL178C,0.00013063917867839336
YKR001C,YOR212W,6.896210834383965e-05
YKR001C,YOL111C,4.477165749250389e-09
YKR001C,YGL032C,1.4610221796829137e-06
YKR001C,YHR005C,3.218108890479243e-09
YKR001C,YDR103W,0.18310239911079407
YKR001C,YJR084W,0.002017789287492633
YKR001C,YCL032W,0.00017458944057580084
YKR001C,YJL170C,2.7133867774864484e-07
YKR001C,YDR179C,0.002704068087041378
YKR001C,YBR095C,1.0156112617565327e-09
YKR001C,YLL021W,1.9492303181323223e-05
YKR001C,YDL159W,7.687313541282492e-08
YKR001C,YNL161W,0.9999638795852661
YKR001C,YNL188W,4.0677071166927146e-16
YKR001C,YJL157C,5.2030944885927966e-08
YKR001C,YJL034W,1.8501265797166155e-10
YKR001C,YLR238W,1.6538725731152226e-06
YKR001C,YPR141C,8.855908006921709e-09
YKR001C,YNL127W,1.647544195293449e-05
YKR001C,YCL055W,2.4589457206514176e-11
YKR001C,YPR122W,0.9934465289115906
YKR001C,YMR065W,3.299679883639328e-05
YKR001C,YDR356W,4.64740956829246e-08
YKR001C,YMR052W,1.7029370968923985e-11
YKR001C,YFR008W,0.0008837819332256913
YKR001C,YLL043W,0.8778123259544373
YKR001C,YMR029C,1.3859532373317052e-05
YKR001C,YJR004C,2.2185082571013481e-07
YKR001C,YDL223C,1.4939348789619854e-14
YKR001C,YHR158C,1.0110948522878971e-08
YKR001C,YGR238C,1.3078409892841591e-06
YKR001C,YIL015W,0.2098185122013092
YKR001C,YGL173C,3.2089678825286683e-06
YKR001C,YDL225W,9.688951507769161e-08
YKR001C,YLR330W,1.918212116924778e-12
YKR001C,YBR129C,0.00032202270813286304
YKR001C,YKR095W-A,0.2020167112350464
YKR001C,YPR075C,1.135250747574812e-12
YKR001C,YMR198W,9.689792932476848e-05
YKR001C,YOR127W,1.7541075067128986e-05
YKR001C,YDR264C,8.253814298697648e-12
YKR001C,YLR110C,0.9983938336372375
YKR001C,YDR379W,0.00031424048938788474
YKR001C,YDL100C,1.796243668650277e-05
YKR001C,YHR073W,9.734017680784746e-08
YKR001C,YJR090C,3.2866889796423493e-06
YKR001C,YOR208W,8.559777779737487e-05
YKR001C,YBR040W,0.06321131438016891
YKR001C,YNL279W,0.7794297337532043
YKR001C,YER075C,7.661951713089366e-07
YKR001C,YCR089W,2.3868201424193103e-06
YKR001C,YCR002C,4.355431926228448e-08
YKR001C,YJL108C,0.09675075113773346
YKR001C,YBR200W,1.341450001746125e-06
YKR001C,YIL026C,4.884220743406331e-07
YKR001C,YJR076C,1.92651707919822e-08
YKR001C,YKR031C,5.1083770813420415e-06
YKR001C,YPL192C,5.040257633481815e-07
YKR001C,YHR107C,2.605998195015502e-10
YKR001C,YIL037C,1.6271046376914455e-07
YKR001C,YPL156C,3.424501926474477e-07
YKR001C,YIL117C,0.0002719709591474384
YKR001C,YHR066W,7.469966091781138e-16
YKR001C,YML085C,0.00667352881282568
YKR001C,YML047C,6.854794264654629e-06
YKR001C,YDR312W,2.7715495889424346e-05
YKR001C,YFL037W,0.0069630141369998455
YKR001C,YDL038C,0.2020167112350464
YKR001C,YDL039C,2.222640659965691e-06
YKR001C,YCL027W,0.00033959271968342364
YKR001C,YML124C,0.005514569580554962
YKR001C,YGL053W,3.904966305867674e-08
YKR001C,YMR232W,3.365175143699162e-05
YKR001C,YNL298W,2.796564695017878e-05
YKR001C,YGL099W,1.8762007503170253e-09
YKR001C,YBL016W,4.255559815646848e-06
YKR001C,YAL041W,0.04248477891087532
YKR001C,YDR085C,2.1522768633985834e-07
YKR001C,YPL187W,0.999090313911438
YKR001C,YPL256C,2.7013809592024707e-11
YKR001C,YDR461W,1.9257493377722312e-08
YKR001C,YNL145W,0.00012158929894212633
YNL072W,YDL165W,1.3810542043302121e-08
YNL072W,YGR059W,8.196442990993091e-08
YNL072W,YBR109C,9.06042671999785e-08
YNL072W,YJL080C,7.485391429959409e-14
YNL072W,YCR093W,4.436820290720789e-06
YNL072W,YIL122W,6.853760714875534e-05
YNL072W,YCL029C,2.010609136959829e-07
YNL072W,YNL173C,5.514386725025133e-09
YNL072W,YLR452C,0.008010398596525192
YNL072W,YDL160C,0.0033772606402635574
YNL072W,YLR229C,1.2118103768443689e-05
YNL072W,YML057W,8.788959837691124e-11
YNL072W,YER149C,1.1799872368101205e-07
YNL072W,YMR305C,7.737973817256716e-09
YNL072W,YLR433C,7.542518831726852e-10
YNL072W,YJL073W,1.1309707988831301e-17
YNL072W,YGR279C,8.106177683527253e-19
YNL072W,YKL190W,7.764873000224576e-15
YNL072W,YGL089C,1.0019795659843567e-08
YNL072W,YJL019W,3.632201014625025e-06
YNL072W,YJL018W,0.0010210478212684393
YNL072W,YNR032C-A,0.047887079417705536
YNL072W,YGL178W,0.0049058315344154835
YNL072W,YKL116C,9.600385265408351e-14
YNL072W,YDL214C,0.0329832024872303
YNL072W,YLR362W,1.5581767820460612e-10
YNL072W,YER068W,0.00015570611867588013
YNL072W,YHR084W,6.328621626749964e-09
YNL072W,YDR392W,2.839816204414092e-07
YNL072W,YNL053W,0.0003296168288215995
YNL072W,YGR040W,7.551490125479177e-05
YNL072W,YDL216C,0.011033152230083942
YNL072W,YOL117W,9.381503820321546e-13
YNL072W,YJR086W,1.6650687939545605e-08
YNL072W,YMR025W,1.1505499060149305e-05
YNL072W,YBR081C,0.00043150418787263334
YNL072W,YFL026W,1.6763355006332858e-06
YNL072W,YHL007C,3.1464360197158703e-12
YNL072W,YNR044W,5.788925818706048e-07
YNL072W,YNL271C,1.6851121886762854e-10
YNL072W,YDR200C,2.198048736296379e-13
YNL072W,YKL178C,4.6537121534129255e-07
YNL072W,YOR212W,4.03906369683682e-06
YNL072W,YOL111C,5.0046544686210837e-08
YNL072W,YGL032C,6.593070680334032e-14
YNL072W,YHR005C,2.9015848213020945e-07
YNL072W,YDR103W,5.103486966362425e-09
YNL072W,YJR084W,3.918776327743734e-12
YNL072W,YCL032W,2.663508953323901e-12
YNL072W,YJL170C,0.9153538942337036
YNL072W,YDR179C,6.563504229006867e-08
YNL072W,YBR095C,5.778495459907163e-10
YNL072W,YLL021W,5.62147273175384e-10
YNL072W,YDL159W,1.585386030455993e-06
YNL072W,YNL161W,1.52506165248395e-12
YNL072W,YNL188W,2.2405690584120785e-12
YNL072W,YJL157C,5.7467277464473554e-11
YNL072W,YJL034W,1.1242899299092384e-18
YNL072W,YLR238W,6.442198241529695e-07
YNL072W,YPR141C,1.5901173711085903e-08
YNL072W,YNL127W,4.665444066631608e-06
YNL072W,YCL055W,2.7484273190658826e-10
YNL072W,YPR122W,1.9255498045822605e-05
YNL072W,YMR065W,0.9891874194145203
YNL072W,YDR356W,1.4388819996602464e-12
YNL072W,YMR052W,5.511652911849296e-09
YNL072W,YFR008W,5.975634653765383e-09
YNL072W,YLL043W,0.2236998826265335
YNL072W,YMR029C,2.3243305891096355e-10
YNL072W,YJR004C,3.78703255421442e-08
YNL072W,YDL223C,1.1729979654262479e-08
YNL072W,YHR158C,9.47245553106768e-06
YNL072W,YGR238C,1.7777031757759687e-07
YNL072W,YIL015W,5.900969313188398e-07
YNL072W,YGL173C,3.168539736142506e-11
YNL072W,YDL225W,1.097497470681219e-08
YNL072W,YLR330W,2.6094258487319166e-07
YNL072W,YBR129C,8.649544014360799e-08
YNL072W,YKR095W-A,0.2020167112350464
YNL072W,YPR075C,2.391039366500536e-09
YNL072W,YMR198W,0.0026837154291570187
YNL072W,YOR127W,1.1906365209892172e-15
YNL072W,YDR264C,2.415071342909414e-08
YNL072W,YLR110C,9.207390926080361e-12
YNL072W,YDR379W,1.0867997474184321e-10
YNL072W,YDL100C,2.3482172764488496e-05
YNL072W,YHR073W,7.483369479643898e-09
YNL072W,YJR090C,1.0140979852732435e-12
YNL072W,YOR208W,7.112661570829459e-10
YNL072W,YBR040W,0.0012856152607128024
YNL072W,YNL279W,0.001156445941887796
YNL072W,YER075C,5.054011029126393e-11
YNL072W,YCR089W,0.0021295626647770405
YNL072W,YCR002C,1.6557781418202223e-14
YNL072W,YJL108C,0.007578381337225437
YNL072W,YBR200W,4.3580763997574934e-11
YNL072W,YIL026C,0.0001276920665986836
YNL072W,YJR076C,4.4871789839362464e-08
YNL072W,YKR031C,2.655705202414538e-07
YNL072W,YPL192C,0.013645971193909645
YNL072W,YHR107C,2.715941083142326e-10
YNL072W,YIL037C,0.0004414756840560585
YNL072W,YPL156C,0.034171465784311295
YNL072W,YIL117C,0.9920765161514282
YNL072W,YHR066W,6.339880877226367e-13
YNL072W,YML085C,4.666677808073949e-11
YNL072W,YML047C,1.5815030565136112e-05
YNL072W,YDR312W,3.490266067274206e-07
YNL072W,YFL037W,2.109128871552457e-07
YNL072W,YDL038C,0.2020167112350464
YNL072W,YDL039C,3.921354352343087e-09
YNL072W,YCL027W,0.0003150374977849424
YNL072W,YML124C,2.543510735364407e-09
YNL072W,YGL053W,6.784141078242101e-06
YNL072W,YMR232W,0.9320554137229919
YNL072W,YNL298W,1.5675734044151568e-09
YNL072W,YGL099W,3.638211260037494e-12
YNL072W,YBL016W,5.43081114301458e-05
YNL072W,YAL041W,3.3859353720799845e-07
YNL072W,YDR085C,0.0001010603373288177
YNL072W,YPL187W,9.879610907148617e-09
YNL072W,YPL256C,5.607584427439063e-17
YNL072W,YDR461W,1.5338864400860075e-08
YNL072W,YNL145W,2.553794047344127e-07
YDL179W,YDL165W,1.3796043276670389e-06
YDL179W,YGR059W,1.668639879048861e-11
YDL179W,YBR109C,2.064493909159637e-09
YDL179W,YJL080C,2.6199388685199665e-06
YDL179W,YCR093W,4.197802354610758e-06
YDL179W,YIL122W,1.7100800775438074e-09
YDL179W,YCL029C,9.552785229516303e-10
YDL179W,YNL173C,6.326125821104478e-12
YDL179W,YLR452C,1.3061857089269324e-06
YDL179W,YDL160C,1.8903758558508343e-08
YDL179W,YLR229C,4.3330555810072724e-10
YDL179W,YML057W,4.781476832249609e-07
YDL179W,YER149C,0.0015843071741983294
YDL179W,YMR305C,1.028917941380816e-14
YDL179W,YLR433C,0.0009031446534208953
YDL179W,YJL073W,2.946417276827873e-10
YDL179W,YGR279C,1.9451817934168503e-08
YDL179W,YKL190W,2.679553290363401e-07
YDL179W,YGL089C,2.8516740080419822e-09
YDL179W,YJL019W,1.6254864121378887e-08
YDL179W,YJL018W,0.005963222123682499
YDL179W,YNR032C-A,4.067064196533465e-08
YDL179W,YGL178W,2.026751644734759e-05
YDL179W,YKL116C,8.175852356240298e-11
YDL179W,YDL214C,4.435967682070441e-08
YDL179W,YLR362W,0.002616890473291278
YDL179W,YER068W,0.07618574053049088
YDL179W,YHR084W,3.1964708568921196e-07
YDL179W,YDR392W,1.3455547787089017e-07
YDL179W,YNL053W,6.847462645964697e-05
YDL179W,YGR040W,2.7464180263336857e-08
YDL179W,YDL216C,7.852374306338561e-11
YDL179W,YOL117W,1.1458505672079511e-10
YDL179W,YJR086W,4.10252198435046e-07
YDL179W,YMR025W,2.3858968186546425e-12
YDL179W,YBR081C,4.6023728828004096e-07
YDL179W,YFL026W,9.034740733326885e-10
YDL179W,YHL007C,5.137256380294275e-07
YDL179W,YNR044W,0.0024070299696177244
YDL179W,YNL271C,8.677664808942609e-09
YDL179W,YDR200C,7.431841947402873e-11
YDL179W,YKL178C,8.05117997515481e-06
YDL179W,YOR212W,1.132264401348948e-06
YDL179W,YOL111C,2.6914742136396885e-12
YDL179W,YGL032C,0.00010587315773591399
YDL179W,YHR005C,1.0443050086905714e-05
YDL179W,YDR103W,0.004430417437106371
YDL179W,YJR084W,2.0952155921349913e-07
YDL179W,YCL032W,2.17308007526007e-12
YDL179W,YJL170C,1.1961584277742077e-05
YDL179W,YDR179C,4.324871016869736e-11
YDL179W,YBR095C,0.6814464926719666
YDL179W,YLL021W,9.184200280287769e-06
YDL179W,YDL159W,2.059802639564623e-08
YDL179W,YNL161W,7.262580083988723e-07
YDL179W,YNL188W,0.017095331102609634
YDL179W,YJL157C,6.700508762880241e-15
YDL179W,YJL034W,4.229032957159262e-10
YDL179W,YLR238W,3.6060660590919724e-07
YDL179W,YPR141C,1.0451596255123263e-09
YDL179W,YNL127W,0.00022216668003238738
YDL179W,YCL055W,5.1366906284044944e-09
YDL179W,YPR122W,1.6752200212959145e-13
YDL179W,YMR065W,8.345350011040864e-07
YDL179W,YDR356W,8.67580729391193e-06
YDL179W,YMR052W,2.185976573365611e-11
YDL179W,YFR008W,2.1213553225152282e-07
YDL179W,YLL043W,1.1982626347162295e-05
YDL179W,YMR029C,2.863539405595361e-09
YDL179W,YJR004C,4.129538410779787e-06
YDL179W,YDL223C,4.9204453073028055e-15
YDL179W,YHR158C,7.550456615490475e-08
YDL179W,YGR238C,1.168542951290874e-08
YDL179W,YIL015W,3.562843531312865e-08
YDL179W,YGL173C,6.650049044765183e-07
YDL179W,YDL225W,2.8001911900332743e-08
YDL179W,YLR330W,1.3479271387950575e-07
YDL179W,YBR129C,9.431838075585775e-15
YDL179W,YKR095W-A,0.2020167112350464
YDL179W,YPR075C,1.9727731341845356e-06
YDL179W,YMR198W,4.7038745833560824e-05
YDL179W,YOR127W,4.80095074806286e-10
YDL179W,YDR264C,0.015051477588713169
YDL179W,YLR110C,1.6516422647328e-06
YDL179W,YDR379W,3.630319100889068e-10
YDL179W,YDL100C,5.41789757588923e-13
YDL179W,YHR073W,8.985681233752985e-06
YDL179W,YJR090C,6.09031872045307e-07
YDL179W,YOR208W,0.1065443903207779
YDL179W,YBR040W,0.6340027451515198
YDL179W,YNL279W,0.09673520922660828
YDL179W,YER075C,0.0004828513483516872
YDL179W,YCR089W,0.00013292970834299922
YDL179W,YCR002C,7.783488984460212e-17
YDL179W,YJL108C,0.0006795679219067097
YDL179W,YBR200W,2.5131409842060748e-08
YDL179W,YIL026C,2.5215806545020314e-06
YDL179W,YJR076C,6.974155974948104e-11
YDL179W,YKR031C,2.099429138979758e-06
YDL179W,YPL192C,3.4390111977700144e-05
YDL179W,YHR107C,7.74291575300623e-10
YDL179W,YIL037C,0.0009801334235817194
YDL179W,YPL156C,2.7266901979567174e-14
YDL179W,YIL117C,7.796804979420813e-09
YDL179W,YHR066W,1.1808342605945654e-06
YDL179W,YML085C,4.600814087346583e-12
YDL179W,YML047C,0.12708613276481628
YDL179W,YDR312W,3.4442115826038844e-10
YDL179W,YFL037W,2.456477886880748e-06
YDL179W,YDL038C,0.2020167112350464
YDL179W,YDL039C,9.771053757767767e-12
YDL179W,YCL027W,1.5602562373605994e-13
YDL179W,YML124C,2.0291691937845968e-11
YDL179W,YGL053W,9.904037142405286e-06
YDL179W,YMR232W,9.086268114863807e-15
YDL179W,YNL298W,3.307452061562799e-05
YDL179W,YGL099W,5.446448267321102e-05
YDL179W,YBL016W,0.035945404320955276
YDL179W,YAL041W,3.3807962154241977e-06
YDL179W,YDR085C,1.4961541694447078e-07
YDL179W,YPL187W,0.0012429357739165425
YDL179W,YPL256C,3.470778153769061e-08
YDL179W,YDR461W,1.3559673384122561e-09
YDL179W,YNL145W,1.1538914804987144e-05
YLR256W,YDL165W,5.287228987960191e-12
YLR256W,YGR059W,0.00011174468090757728
YLR256W,YBR109C,4.979619147582603e-13
YLR256W,YJL080C,2.6246700144838542e-05
YLR256W,YCR093W,0.0030944454483687878
YLR256W,YIL122W,9.591376304296517e-11
YLR256W,YCL029C,6.003627106565546e-08
YLR256W,YNL173C,2.452638341310376e-07
YLR256W,YLR452C,0.6409564018249512
YLR256W,YDL160C,2.6416449583344104e-10
YLR256W,YLR229C,3.169582818429717e-09
YLR256W,YML057W,5.776544471708042e-14
YLR256W,YER149C,0.00010058049520011991
YLR256W,YMR305C,2.0389554265420884e-05
YLR256W,YLR433C,0.0003562957572285086
YLR256W,YJL073W,0.009211149998009205
YLR256W,YGR279C,1.047457587333156e-07
YLR256W,YKL190W,2.8879162172756878e-08
YLR256W,YGL089C,1.3650099106587987e-10
YLR256W,YJL019W,0.6202036142349243
YLR256W,YJL018W,0.2020167112350464
YLR256W,YNR032C-A,0.9959478974342346
YLR256W,YGL178W,5.233350819366933e-08
YLR256W,YKL116C,1.1386204278096557e-05
YLR256W,YDL214C,0.0014773090369999409
YLR256W,YLR362W,0.0003341778938192874
YLR256W,YER068W,1.0510269321528654e-09
YLR256W,YHR084W,2.2344605895341374e-05
YLR256W,YDR392W,3.44678592227865e-05
YLR256W,YNL053W,0.020007770508527756
YLR256W,YGR040W,0.0008437060168944299
YLR256W,YDL216C,1.7766634517746294e-12
YLR256W,YOL117W,4.027621480987252e-17
YLR256W,YJR086W,7.837837366977962e-13
YLR256W,YMR025W,5.3833726809671134e-08
YLR256W,YBR081C,6.395472951226111e-07
YLR256W,YFL026W,0.0015842174179852009
YLR256W,YHL007C,0.0003976812295150012
YLR256W,YNR044W,0.09984403848648071
YLR256W,YNL271C,0.0001552015310153365
YLR256W,YDR200C,9.648686636305214e-17
YLR256W,YKL178C,4.24741101665016e-12
YLR256W,YOR212W,1.2462054229268188e-13
YLR256W,YOL111C,1.3639590568104154e-09
YLR256W,YGL032C,0.9100750088691711
YLR256W,YHR005C,0.00022685945441480726
YLR256W,YDR103W,1.2886253898614086e-05
YLR256W,YJR084W,7.244267852257735e-09
YLR256W,YCL032W,3.5375740026211133e-06
YLR256W,YJL170C,1.9451844579521094e-09
YLR256W,YDR179C,3.209298660156179e-10
YLR256W,YBR095C,9.58053205977194e-05
YLR256W,YLL021W,4.624013172360719e-08
YLR256W,YDL159W,2.563430153909585e-13
YLR256W,YNL161W,6.457317795138806e-05
YLR256W,YNL188W,0.0006270649028010666
YLR256W,YJL157C,0.34287410974502563
YLR256W,YJL034W,1.431443939076127e-13
YLR256W,YLR238W,2.0605719353028462e-09
YLR256W,YPR141C,0.5197179913520813
YLR256W,YNL127W,4.9370455599273555e-06
YLR256W,YCL055W,5.717412568628788e-05
YLR256W,YPR122W,0.27967482805252075
YLR256W,YMR065W,0.04986586049199104
YLR256W,YDR356W,5.2357258937263396e-06
YLR256W,YMR052W,4.716124366033192e-11
YLR256W,YFR008W,1.3496880455932114e-05
YLR256W,YLL043W,0.4374997615814209
YLR256W,YMR029C,2.0073262069740267e-16
YLR256W,YJR004C,0.00016344802861567587
YLR256W,YDL223C,3.2908370485529304e-05
YLR256W,YHR158C,2.5485269361524843e-06
YLR256W,YGR238C,3.585451588238663e-18
YLR256W,YIL015W,0.9998342990875244
YLR256W,YGL173C,4.4598149543162435e-05
YLR256W,YDL225W,2.4266225422293897e-13
YLR256W,YLR330W,6.822632236946902e-09
YLR256W,YBR129C,4.1504335968056694e-07
YLR256W,YKR095W-A,0.2020167112350464
YLR256W,YPR075C,6.172019059030864e-12
YLR256W,YMR198W,1.6796795898610384e-10
YLR256W,YOR127W,0.8582386374473572
YLR256W,YDR264C,4.3795253077405505e-06
YLR256W,YLR110C,1.5548981536994688e-05
YLR256W,YDR379W,3.7331349491721844e-13
YLR256W,YDL100C,6.247012455939949e-12
YLR256W,YHR073W,8.105725282803178e-05
YLR256W,YJR090C,7.12844716588279e-09
YLR256W,YOR208W,2.5225330713141147e-09
YLR256W,YBR040W,6.051569653209299e-05
YLR256W,YNL279W,0.20266751945018768
YLR256W,YER075C,1.0533228305575904e-05
YLR256W,YCR089W,0.34869155287742615
YLR256W,YCR002C,0.07557714730501175
YLR256W,YJL108C,9.032943143472139e-11
YLR256W,YBR200W,6.00872754330517e-11
YLR256W,YIL026C,0.1854638159275055
YLR256W,YJR076C,3.598351130951194e-11
YLR256W,YKR031C,4.379664096632041e-05
YLR256W,YPL192C,5.5923443653682625e-09
YLR256W,YHR107C,7.236975907431997e-09
YLR256W,YIL037C,0.001615591230802238
YLR256W,YPL156C,8.597278906563588e-07
YLR256W,YIL117C,2.377919259069494e-12
YLR256W,YHR066W,1.593414467038201e-08
YLR256W,YML085C,0.00015906865883152932
YLR256W,YML047C,8.39987478684634e-06
YLR256W,YDR312W,5.985219218018756e-07
YLR256W,YFL037W,9.607168394154542e-09
YLR256W,YDL038C,0.2020167112350464
YLR256W,YDL039C,3.406559160191308e-14
YLR256W,YCL027W,0.09766039997339249
YLR256W,YML124C,1.7254628917512433e-20
YLR256W,YGL053W,1.4310618245971796e-09
YLR256W,YMR232W,0.0015102798352017999
YLR256W,YNL298W,0.000706218124832958
YLR256W,YGL099W,1.072008037894534e-09
YLR256W,YBL016W,0.07887668162584305
YLR256W,YAL041W,9.987191879190505e-05
YLR256W,YDR085C,3.99150439989171e-06
YLR256W,YPL187W,4.168883242527954e-05
YLR256W,YPL256C,6.963551300032123e-07
YLR256W,YDR461W,0.8560276627540588
YLR256W,YNL145W,2.2351170514411933e-07
YNL261W,YDL165W,0.0003138749161735177
YNL261W,YGR059W,1.8209314264772125e-11
YNL261W,YBR109C,3.6094777897233143e-05
YNL261W,YJL080C,9.190038487150165e-12
YNL261W,YCR093W,0.6337942481040955
YNL261W,YIL122W,0.0009494888363406062
YNL261W,YCL029C,1.3691610345478722e-10
YNL261W,YNL173C,1.2286225370417014e-09
YNL261W,YLR452C,2.469451587661098e-10
YNL261W,YDL160C,0.9999250173568726
YNL261W,YLR229C,2.218067507442356e-08
YNL261W,YML057W,2.0443442771966858e-10
YNL261W,YER149C,1.1372745234439208e-07
YNL261W,YMR305C,2.517565178550285e-07
YNL261W,YLR433C,2.4252210550912423e-06
YNL261W,YJL073W,3.35932298867192e-07
YNL261W,YGR279C,1.996208531807042e-08
YNL261W,YKL190W,1.4496641220773654e-08
YNL261W,YGL089C,0.0027399840764701366
YNL261W,YJL019W,1.1396941168584362e-08
YNL261W,YJL018W,0.00025892831035889685
YNL261W,YNR032C-A,0.9945752620697021
YNL261W,YGL178W,0.9809314608573914
YNL261W,YKL116C,1.532611371146686e-08
YNL261W,YDL214C,0.999993085861206
YNL261W,YLR362W,3.8578784611331685e-10
YNL261W,YER068W,2.6880908610138476e-10
YNL261W,YHR084W,2.608484817034906e-10
YNL261W,YDR392W,0.5040768980979919
YNL261W,YNL053W,2.2777378205773857e-08
YNL261W,YGR040W,1.936089688570064e-07
YNL261W,YDL216C,3.5799047282125684e-07
YNL261W,YOL117W,2.2917514552744933e-09
YNL261W,YJR086W,6.398794994311174e-06
YNL261W,YMR025W,3.0928848815392485e-08
YNL261W,YBR081C,2.3513548441655985e-08
YNL261W,YFL026W,5.848169171152051e-11
YNL261W,YHL007C,4.248470908407853e-09
YNL261W,YNR044W,8.399783268941974e-08
YNL261W,YNL271C,9.493054875520102e-08
YNL261W,YDR200C,9.191578165257397e-09
YNL261W,YKL178C,0.0021050251089036465
YNL261W,YOR212W,9.619957608286711e-11
YNL261W,YOL111C,5.242339765412773e-13
YNL261W,YGL032C,9.625158972706245e-17
YNL261W,YHR005C,5.190108367969515e-06
YNL261W,YDR103W,7.681071110710036e-06
YNL261W,YJR084W,0.00355625175870955
YNL261W,YCL032W,7.791608330753874e-11
YNL261W,YJL170C,4.891422267228052e-10
YNL261W,YDR179C,0.02960684336721897
YNL261W,YBR095C,1.9993718486377432e-11
YNL261W,YLL021W,7.353934822207364e-11
YNL261W,YDL159W,1.2815397099075199e-07
YNL261W,YNL161W,0.00016914409934543073
YNL261W,YNL188W,1.8455875760992058e-05
YNL261W,YJL157C,1.4216018228048466e-14
YNL261W,YJL034W,2.453997751672432e-07
YNL261W,YLR238W,6.54964242130518e-05
YNL261W,YPR141C,2.9040018653669897e-11
YNL261W,YNL127W,4.01323450205382e-06
YNL261W,YCL055W,6.615376996199629e-11
YNL261W,YPR122W,2.2044141587684862e-05
YNL261W,YMR065W,0.03608822822570801
YNL261W,YDR356W,3.561817862873795e-08
YNL261W,YMR052W,0.003273122711107135
YNL261W,YFR008W,0.0031686106231063604
YNL261W,YLL043W,3.589729385566898e-05
YNL261W,YMR029C,1.1691151485138107e-05
YNL261W,YJR004C,9.946881096567495e-10
YNL261W,YDL223C,5.580897410872865e-10
YNL261W,YHR158C,1.108625014012432e-08
YNL261W,YGR238C,0.00031946541275829077
YNL261W,YIL015W,7.293088355453392e-11
YNL261W,YGL173C,0.29316195845603943
YNL261W,YDL225W,1.846029534476653e-15
YNL261W,YLR330W,6.394189767888747e-06
YNL261W,YBR129C,2.424951350832316e-10
YNL261W,YKR095W-A,0.2020167112350464
YNL261W,YPR075C,0.0012766782892867923
YNL261W,YMR198W,0.00016108558338601142
YNL261W,YOR127W,2.259224276366799e-15
YNL261W,YDR264C,1.1356557934050215e-06
YNL261W,YLR110C,4.432880373883563e-08
YNL261W,YDR379W,1.365214927773195e-07
YNL261W,YDL100C,8.015951607376337e-05
YNL261W,YHR073W,4.254934538039379e-06
YNL261W,YJR090C,0.0010154969058930874
YNL261W,YOR208W,2.6318844881245695e-09
YNL261W,YBR040W,8.641233580419794e-05
YNL261W,YNL279W,8.120239726849832e-06
YNL261W,YER075C,7.59957998752725e-08
YNL261W,YCR089W,3.747994969938162e-10
YNL261W,YCR002C,3.373049821675522e-07
YNL261W,YJL108C,7.1060931077227e-05
YNL261W,YBR200W,2.0781839540831972e-16
YNL261W,YIL026C,0.00031211672467179596
YNL261W,YJR076C,1.3915107401844123e-13
YNL261W,YKR031C,0.000624709005933255
YNL261W,YPL192C,0.02027604915201664
YNL261W,YHR107C,1.5881289073149674e-05
YNL261W,YIL037C,0.0603165440261364
YNL261W,YPL156C,0.002074254909530282
YNL261W,YIL117C,0.5426560044288635
YNL261W,YHR066W,6.523848421497111e-17
YNL261W,YML085C,0.012818763963878155
YNL261W,YML047C,0.13352659344673157
YNL261W,YDR312W,7.860910500312457e-07
YNL261W,YFL037W,4.3918405023823937e-10
YNL261W,YDL038C,0.2020167112350464
YNL261W,YDL039C,6.349829163809773e-06
YNL261W,YCL027W,5.398852636062657e-07
YNL261W,YML124C,3.734687378452418e-17
YNL261W,YGL053W,9.252720367669554e-09
YNL261W,YMR232W,2.6028669708466623e-07
YNL261W,YNL298W,1.9242803964841793e-12
YNL261W,YGL099W,1.217827775690239e-05
YNL261W,YBL016W,1.631779014132917e-07
YNL261W,YAL041W,0.00020131834025960416
YNL261W,YDR085C,0.0003348887839820236
YNL261W,YPL187W,2.9399364720461563e-08
YNL261W,YPL256C,2.8828052916521785e-18
YNL261W,YDR461W,8.978179311114332e-12
YNL261W,YNL145W,6.526341099488686e-12
YDR142C,YDL165W,0.8195047378540039
YDR142C,YGR059W,2.8897177983822075e-08
YDR142C,YBR109C,0.8396686315536499
YDR142C,YJL080C,7.674751941522118e-06
YDR142C,YCR093W,0.9711654782295227
YDR142C,YIL122W,0.001325298217125237
YDR142C,YCL029C,3.35307267960161e-05
YDR142C,YNL173C,0.30233100056648254
YDR142C,YLR452C,0.0002855598577298224
YDR142C,YDL160C,2.3414959571255167e-07
YDR142C,YLR229C,0.44801846146583557
YDR142C,YML057W,0.0807921513915062
YDR142C,YER149C,0.6239973306655884
YDR142C,YMR305C,0.00736256642267108
YDR142C,YLR433C,0.01721598021686077
YDR142C,YJL073W,3.76915382585552e-12
YDR142C,YGR279C,0.0010982737876474857
YDR142C,YKL190W,4.306905054818344e-09
YDR142C,YGL089C,0.9996551275253296
YDR142C,YJL019W,7.301822734007146e-06
YDR142C,YJL018W,0.0009589128312654793
YDR142C,YNR032C-A,0.9870497584342957
YDR142C,YGL178W,0.0071904477663338184
YDR142C,YKL116C,4.3979580368613824e-05
YDR142C,YDL214C,6.807746831327677e-05
YDR142C,YLR362W,6.912445615903096e-10
YDR142C,YER068W,0.028183890506625175
YDR142C,YHR084W,0.766889214515686
YDR142C,YDR392W,0.5037473440170288
YDR142C,YNL053W,0.0007763976464048028
YDR142C,YGR040W,0.006393344607204199
YDR142C,YDL216C,0.9896265268325806
YDR142C,YOL117W,3.7435667763929814e-05
YDR142C,YJR086W,0.013982054777443409
YDR142C,YMR025W,0.0010097018675878644
YDR142C,YBR081C,0.00023562977730762213
YDR142C,YFL026W,0.0007242916617542505
YDR142C,YHL007C,9.912813681012267e-09
YDR142C,YNR044W,0.006851132493466139
YDR142C,YNL271C,0.00044996393262408674
YDR142C,YDR200C,0.00017739128088578582
YDR142C,YKL178C,0.0018748760921880603
YDR142C,YOR212W,4.4045378899681964e-07
YDR142C,YOL111C,4.405066533763602e-08
YDR142C,YGL032C,7.626537126270705e-07
YDR142C,YHR005C,0.0009232927695848048
YDR142C,YDR103W,0.009840011596679688
YDR142C,YJR084W,0.002870616503059864
YDR142C,YCL032W,0.9003533124923706
YDR142C,YJL170C,0.026462789624929428
YDR142C,YDR179C,9.45135667507202e-08
YDR142C,YBR095C,8.290583082271041e-07
YDR142C,YLL021W,1.3105287166581547e-07
YDR142C,YDL159W,2.2740172425983474e-05
YDR142C,YNL161W,0.003277769312262535
YDR142C,YNL188W,8.241276816534082e-08
YDR142C,YJL157C,1.6879452005014173e-06
YDR142C,YJL034W,4.8965986820803664e-08
YDR142C,YLR238W,4.862010882789036e-06
YDR142C,YPR141C,1.7416277842130512e-07
YDR142C,YNL127W,3.726586044194846e-07
YDR142C,YCL055W,0.002334568416699767
YDR142C,YPR122W,6.480272531916853e-07
YDR142C,YMR065W,7.896256448702843e-08
YDR142C,YDR356W,1.080878428183496e-05
YDR142C,YMR052W,0.000912848103325814
YDR142C,YFR008W,0.047830794006586075
YDR142C,YLL043W,0.926527738571167
YDR142C,YMR029C,0.0020328154787421227
YDR142C,YJR004C,8.637459814053727e-08
YDR142C,YDL223C,1.362362667123307e-07
YDR142C,YHR158C,0.00013826778740622103
YDR142C,YGR238C,1.618519540613761e-08
YDR142C,YIL015W,9.52133268583566e-05
YDR142C,YGL173C,0.9999581575393677
YDR142C,YDL225W,5.358644557418302e-05
YDR142C,YLR330W,0.0004203377466183156
YDR142C,YBR129C,4.201316272656186e-08
YDR142C,YKR095W-A,0.2020167112350464
YDR142C,YPR075C,0.25145038962364197
YDR142C,YMR198W,8.609914061707968e-07
YDR142C,YOR127W,0.4339369237422943
YDR142C,YDR264C,0.004392870236188173
YDR142C,YLR110C,2.2972112674324308e-06
YDR142C,YDR379W,2.031666099355789e-06
YDR142C,YDL100C,3.645662047802034e-07
YDR142C,YHR073W,0.22279132902622223
YDR142C,YJR090C,0.00021250809368211776
YDR142C,YOR208W,1.0401565759821096e-06
YDR142C,YBR040W,0.038158781826496124
YDR142C,YNL279W,0.007615877781063318
YDR142C,YER075C,5.8859171986114234e-05
YDR142C,YCR089W,0.0009058861760422587
YDR142C,YCR002C,0.0002544521994423121
YDR142C,YJL108C,4.150978384132031e-06
YDR142C,YBR200W,1.2644308614463e-13
YDR142C,YIL026C,0.0006670035072602332
YDR142C,YJR076C,0.9839029312133789
YDR142C,YKR031C,0.5166734457015991
YDR142C,YPL192C,9.736784704728052e-06
YDR142C,YHR107C,0.626003086566925
YDR142C,YIL037C,2.1903449578530854e-06
YDR142C,YPL156C,3.437768100411631e-06
YDR142C,YIL117C,0.006342202425003052
YDR142C,YHR066W,2.3723480675714526e-15
YDR142C,YML085C,1.2929700687891454e-07
YDR142C,YML047C,0.909641444683075
YDR142C,YDR312W,0.07449343800544739
YDR142C,YFL037W,0.1408517062664032
YDR142C,YDL038C,0.2020167112350464
YDR142C,YDL039C,5.3542169973161455e-20
YDR142C,YCL027W,2.1239058867195126e-07
YDR142C,YML124C,5.912702931709646e-07
YDR142C,YGL053W,0.053375061601400375
YDR142C,YMR232W,3.041133425085718e-07
YDR142C,YNL298W,0.0010291070211678743
YDR142C,YGL099W,0.0014929730677977204
YDR142C,YBL016W,0.00012384640285745263
YDR142C,YAL041W,5.7967813660297907e-08
YDR142C,YDR085C,0.5771266222000122
YDR142C,YPL187W,0.026407601311802864
YDR142C,YPL256C,9.81859905879734e-12
YDR142C,YDR461W,6.923004378968367e-13
YDR142C,YNL145W,1.6021354436266538e-13
YDL030W,YDL165W,0.2594977021217346
YDL030W,YGR059W,3.0268476614025985e-10
YDL030W,YBR109C,8.117261067952172e-14
YDL030W,YJL080C,1.8726032067206688e-05
YDL030W,YCR093W,1.1084207926232836e-14
YDL030W,YIL122W,1.428930076578783e-15
YDL030W,YCL029C,4.75057826410108e-10
YDL030W,YNL173C,2.43522322307399e-07
YDL030W,YLR452C,0.00031153729651123285
YDL030W,YDL160C,6.012416520206898e-08
YDL030W,YLR229C,1.0710329661378637e-05
YDL030W,YML057W,3.6676939263458053e-10
YDL030W,YER149C,0.0015548340743407607
YDL030W,YMR305C,0.02295662648975849
YDL030W,YLR433C,0.0008159555145539343
YDL030W,YJL073W,5.299495597910209e-08
YDL030W,YGR279C,2.0786947718676174e-09
YDL030W,YKL190W,0.001620636903680861
YDL030W,YGL089C,0.0003277148643974215
YDL030W,YJL019W,1.0427000916024554e-06
YDL030W,YJL018W,0.0002609973889775574
YDL030W,YNR032C-A,0.9809224009513855
YDL030W,YGL178W,1.6730495027567072e-12
YDL030W,YKL116C,3.221796021080081e-07
YDL030W,YDL214C,5.4946740419836715e-06
YDL030W,YLR362W,3.4407313109774407e-10
YDL030W,YER068W,2.8078268599074363e-09
YDL030W,YHR084W,0.0015245388494804502
YDL030W,YDR392W,3.2515055181647767e-07
YDL030W,YNL053W,2.058887503153528e-06
YDL030W,YGR040W,1.2209119049089168e-08
YDL030W,YDL216C,8.779003110248595e-06
YDL030W,YOL117W,3.5518624486030603e-07
YDL030W,YJR086W,1.9057905147020816e-16
YDL030W,YMR025W,2.359462625278752e-09
YDL030W,YBR081C,5.078724996110395e-09
YDL030W,YFL026W,0.00017580842541065067
YDL030W,YHL007C,8.369330117830032e-09
YDL030W,YNR044W,2.927885589087964e-06
YDL030W,YNL271C,4.372434858623819e-09
YDL030W,YDR200C,0.0069528138265013695
YDL030W,YKL178C,2.4034945145245956e-09
YDL030W,YOR212W,0.0007027223473414779
YDL030W,YOL111C,5.002951297683467e-07
YDL030W,YGL032C,4.302225534047466e-06
YDL030W,YHR005C,4.961810554959811e-05
YDL030W,YDR103W,6.440847073463374e-07
YDL030W,YJR084W,0.0010491646826267242
YDL030W,YCL032W,0.0013176127104088664
YDL030W,YJL170C,0.006298992782831192
YDL030W,YDR179C,5.100359430798562e-06
YDL030W,YBR095C,3.836629236531053e-09
YDL030W,YLL021W,1.549356420582626e-05
YDL030W,YDL159W,2.897696731452015e-07
YDL030W,YNL161W,4.009068561572349e-06
YDL030W,YNL188W,0.0004364533524494618
YDL030W,YJL157C,0.17930647730827332
YDL030W,YJL034W,2.5857538332729746e-09
YDL030W,YLR238W,8.991907662903031e-08
YDL030W,YPR141C,2.9605078452732414e-05
YDL030W,YNL127W,1.0545082862467581e-10
YDL030W,YCL055W,5.3001834032784245e-08
YDL030W,YPR122W,7.033820192958729e-10
YDL030W,YMR065W,1.305113350724696e-09
YDL030W,YDR356W,9.004142917379276e-12
YDL030W,YMR052W,2.6905491168349727e-09
YDL030W,YFR008W,2.0522287513813353e-07
YDL030W,YLL043W,4.506758521927168e-09
YDL030W,YMR029C,1.371590201415529e-06
YDL030W,YJR004C,7.793298573233187e-05
YDL030W,YDL223C,4.5274014155438635e-06
YDL030W,YHR158C,3.8877395525105385e-08
YDL030W,YGR238C,4.1357668578712037e-07
YDL030W,YIL015W,0.0003848763008136302
YDL030W,YGL173C,1.8146522506867768e-07
YDL030W,YDL225W,3.178122764957436e-10
YDL030W,YLR330W,0.00024078882415778935
YDL030W,YBR129C,2.2871687178849243e-05
YDL030W,YKR095W-A,0.2020167112350464
YDL030W,YPR075C,4.0495946406046614e-15
YDL030W,YMR198W,1.0830562835462132e-10
YDL030W,YOR127W,4.7062071644177195e-06
YDL030W,YDR264C,0.0013107337290421128
YDL030W,YLR110C,1.2677514593661954e-09
YDL030W,YDR379W,7.856894626456778e-06
YDL030W,YDL100C,1.9699426534458553e-09
YDL030W,YHR073W,4.342084025665827e-09
YDL030W,YJR090C,5.039480832635945e-09
YDL030W,YOR208W,4.501230638220832e-11
YDL030W,YBR040W,8.241754585469607e-07
YDL030W,YNL279W,2.2072497163350135e-09
YDL030W,YER075C,3.646699042292312e-05
YDL030W,YCR089W,6.426630495132146e-12
YDL030W,YCR002C,5.080145456304308e-06
YDL030W,YJL108C,1.052139069201985e-07
YDL030W,YBR200W,0.011473516933619976
YDL030W,YIL026C,1.844984234833369e-11
YDL030W,YJR076C,4.560058997071792e-08
YDL030W,YKR031C,1.6754557336244764e-14
YDL030W,YPL192C,4.8536875907334576e-11
YDL030W,YHR107C,1.0154244023397041e-07
YDL030W,YIL037C,1.2575186447705278e-09
YDL030W,YPL156C,0.0001710640062810853
YDL030W,YIL117C,3.4058524533975287e-07
YDL030W,YHR066W,3.215677446544163e-10
YDL030W,YML085C,3.7869816878810525e-05
YDL030W,YML047C,0.0006891746306791902
YDL030W,YDR312W,1.5161717783485074e-05
YDL030W,YFL037W,1.159915882453788e-06
YDL030W,YDL038C,0.2020167112350464
YDL030W,YDL039C,1.9166256493008405e-07
YDL030W,YCL027W,0.0024268447887152433
YDL030W,YML124C,2.5351334898005007e-07
YDL030W,YGL053W,2.4918597740786197e-10
YDL030W,YMR232W,1.8564085269643804e-17
YDL030W,YNL298W,3.4028939666086444e-08
YDL030W,YGL099W,6.353311228350124e-15
YDL030W,YBL016W,1.7744916647188802e-07
YDL030W,YAL041W,1.7927962403518904e-07
YDL030W,YDR085C,1.7954929210084458e-11
YDL030W,YPL187W,0.7603772282600403
YDL030W,YPL256C,0.00030509461066685617
YDL030W,YDR461W,0.00010850415856111795
YDL030W,YNL145W,2.8993717933190055e-05
YGR198W,YDL165W,0.0039595915004611015
YGR198W,YGR059W,1.616138979443349e-05
YGR198W,YBR109C,0.000260915287071839
YGR198W,YJL080C,0.00037742123822681606
YGR198W,YCR093W,0.00029070634627714753
YGR198W,YIL122W,0.9475801587104797
YGR198W,YCL029C,2.1735183910933514e-13
YGR198W,YNL173C,1.139758182944206e-06
YGR198W,YLR452C,0.9993054866790771
YGR198W,YDL160C,0.03873562067747116
YGR198W,YLR229C,0.4096403121948242
YGR198W,YML057W,5.437933126017924e-08
YGR198W,YER149C,0.11319258064031601
YGR198W,YMR305C,0.07745274156332016
YGR198W,YLR433C,1.1272252777416725e-05
YGR198W,YJL073W,0.000905187742318958
YGR198W,YGR279C,8.668113878229633e-05
YGR198W,YKL190W,0.4532800018787384
YGR198W,YGL089C,0.12288892269134521
YGR198W,YJL019W,0.014303887262940407
YGR198W,YJL018W,0.011646877974271774
YGR198W,YNR032C-A,0.20711654424667358
YGR198W,YGL178W,5.014892945354177e-10
YGR198W,YKL116C,4.493977758102119e-05
YGR198W,YDL214C,0.000351426366250962
YGR198W,YLR362W,1.9378427168703638e-05
YGR198W,YER068W,0.09246741980314255
YGR198W,YHR084W,0.9491332769393921
YGR198W,YDR392W,0.04016345366835594
YGR198W,YNL053W,0.9986203908920288
YGR198W,YGR040W,1.9504611259435478e-08
YGR198W,YDL216C,0.022055471315979958
YGR198W,YOL117W,1.6149639847640174e-08
YGR198W,YJR086W,0.021643249318003654
YGR198W,YMR025W,0.0002357760677114129
YGR198W,YBR081C,1.6275874941129587e-06
YGR198W,YFL026W,0.0005388662684708834
YGR198W,YHL007C,1.1990671282546828e-06
YGR198W,YNR044W,0.02697053737938404
YGR198W,YNL271C,0.02861829660832882
YGR198W,YDR200C,1.100881149795896e-06
YGR198W,YKL178C,1.5980405805748887e-05
YGR198W,YOR212W,0.22849184274673462
YGR198W,YOL111C,3.58644228981575e-06
YGR198W,YGL032C,0.08252520114183426
YGR198W,YHR005C,0.001407815609127283
YGR198W,YDR103W,5.252264236332849e-05
YGR198W,YJR084W,0.0018533064285293221
YGR198W,YCL032W,0.7977146506309509
YGR198W,YJL170C,0.003973078913986683
YGR198W,YDR179C,0.000173979060491547
YGR198W,YBR095C,1.629375219636131e-05
YGR198W,YLL021W,2.6556318744042073e-07
YGR198W,YDL159W,0.00012927693023812026
YGR198W,YNL161W,0.05195776745676994
YGR198W,YNL188W,5.94105149502866e-05
YGR198W,YJL157C,0.9824584126472473
YGR198W,YJL034W,0.008647734299302101
YGR198W,YLR238W,4.997066298528807e-06
YGR198W,YPR141C,6.230342108892728e-08
YGR198W,YNL127W,1.9527398364971305e-07
YGR198W,YCL055W,2.7524158507929997e-09
YGR198W,YPR122W,1.23361715509418e-07
YGR198W,YMR065W,8.585959221818484e-06
YGR198W,YDR356W,0.43696072697639465
YGR198W,YMR052W,3.009611646120902e-06
YGR198W,YFR008W,5.361972643669333e-09
YGR198W,YLL043W,1.412607616657624e-06
YGR198W,YMR029C,0.548785388469696
YGR198W,YJR004C,3.766013634276533e-08
YGR198W,YDL223C,2.0751944873609318e-07
YGR198W,YHR158C,0.988174557685852
YGR198W,YGR238C,4.784332645613176e-07
YGR198W,YIL015W,0.935806393623352
YGR198W,YGL173C,0.9996585845947266
YGR198W,YDL225W,2.5539293346810155e-05
YGR198W,YLR330W,0.0010722363367676735
YGR198W,YBR129C,0.9363272190093994
YGR198W,YKR095W-A,0.2020167112350464
YGR198W,YPR075C,0.00040012371027842164
YGR198W,YMR198W,1.1530399035564187e-07
YGR198W,YOR127W,0.23772943019866943
YGR198W,YDR264C,0.0021128824446350336
YGR198W,YLR110C,0.0011607236228883266
YGR198W,YDR379W,9.276305834582388e-10
YGR198W,YDL100C,3.4740776300168363e-06
YGR198W,YHR073W,4.109391738893464e-05
YGR198W,YJR090C,0.0809410959482193
YGR198W,YOR208W,0.0006623899098485708
YGR198W,YBR040W,7.740557339275256e-05
YGR198W,YNL279W,0.0953008383512497
YGR198W,YER075C,2.7766896421033138e-11
YGR198W,YCR089W,4.832190825254656e-06
YGR198W,YCR002C,0.026269927620887756
YGR198W,YJL108C,3.6633118760676098e-09
YGR198W,YBR200W,9.65149488107997e-11
YGR198W,YIL026C,0.9715022444725037
YGR198W,YJR076C,1.4397393897525035e-05
YGR198W,YKR031C,2.6714324121712707e-05
YGR198W,YPL192C,0.0020009095314890146
YGR198W,YHR107C,8.074385732470546e-06
YGR198W,YIL037C,3.945240314351395e-05
YGR198W,YPL156C,0.9968523383140564
YGR198W,YIL117C,4.6389779129185627e-08
YGR198W,YHR066W,1.9857215871610379e-10
YGR198W,YML085C,0.00035502409446053207
YGR198W,YML047C,0.032803166657686234
YGR198W,YDR312W,0.46840107440948486
YGR198W,YFL037W,0.10027195513248444
YGR198W,YDL038C,0.2020167112350464
YGR198W,YDL039C,1.129590216919496e-07
YGR198W,YCL027W,0.24211421608924866
YGR198W,YML124C,5.280522259454301e-07
YGR198W,YGL053W,0.08914852887392044
YGR198W,YMR232W,2.767106650480855e-07
YGR198W,YNL298W,0.0002419164084130898
YGR198W,YGL099W,0.0010772855021059513
YGR198W,YBL016W,3.410028170947044e-08
YGR198W,YAL041W,9.193650640781925e-08
YGR198W,YDR085C,0.005698337685316801
YGR198W,YPL187W,0.9782399535179138
YGR198W,YPL256C,0.9982030391693115
YGR198W,YDR461W,5.2565500396895004e-08
YGR198W,YNL145W,7.78721886973699e-09
YKL216W,YDL165W,8.577799235354178e-06
YKL216W,YGR059W,0.09019956737756729
YKL216W,YBR109C,1.5530028463217604e-07
YKL216W,YJL080C,3.019239155563347e-12
YKL216W,YCR093W,0.538631021976471
YKL216W,YIL122W,8.455981151200831e-05
YKL216W,YCL029C,7.19537485149857e-11
YKL216W,YNL173C,4.057385922351386e-06
YKL216W,YLR452C,0.012196476571261883
YKL216W,YDL160C,0.8945696949958801
YKL216W,YLR229C,8.45889462652849e-06
YKL216W,YML057W,1.1432024393798201e-06
YKL216W,YER149C,1.0964983782058013e-10
YKL216W,YMR305C,3.683488791761391e-10
YKL216W,YLR433C,1.2043055903632194e-06
YKL216W,YJL073W,5.130602431790976e-08
YKL216W,YGR279C,3.260972107455018e-06
YKL216W,YKL190W,0.013417241163551807
YKL216W,YGL089C,2.5899419761610254e-11
YKL216W,YJL019W,0.9921952486038208
YKL216W,YJL018W,0.0024914818350225687
YKL216W,YNR032C-A,0.00509016215801239
YKL216W,YGL178W,2.763650974735299e-10
YKL216W,YKL116C,8.069144853163623e-14
YKL216W,YDL214C,0.0002039879182120785
YKL216W,YLR362W,0.3875051736831665
YKL216W,YER068W,5.343034903404487e-09
YKL216W,YHR084W,0.00017738755559548736
YKL216W,YDR392W,0.0005143093294464052
YKL216W,YNL053W,1.411490976183094e-11
YKL216W,YGR040W,6.564963572763816e-10
YKL216W,YDL216C,0.001723899389617145
YKL216W,YOL117W,9.481017748669274e-09
YKL216W,YJR086W,6.771433618268929e-06
YKL216W,YMR025W,4.507689936872339e-07
YKL216W,YBR081C,6.931688403710723e-05
YKL216W,YFL026W,0.9864163398742676
YKL216W,YHL007C,3.7429814256029204e-05
YKL216W,YNR044W,2.500025519935889e-09
YKL216W,YNL271C,5.524558943648117e-08
YKL216W,YDR200C,0.02047659084200859
YKL216W,YKL178C,0.0009417461114935577
YKL216W,YOR212W,2.656376523191284e-07
YKL216W,YOL111C,1.558875796532119e-17
YKL216W,YGL032C,0.9993036985397339
YKL216W,YHR005C,0.9843512773513794
YKL216W,YDR103W,0.9457149505615234
YKL216W,YJR084W,0.8868748545646667
YKL216W,YCL032W,7.715826541243587e-06
YKL216W,YJL170C,0.0002634080301504582
YKL216W,YDR179C,2.3261415016406772e-09
YKL216W,YBR095C,0.9783967137336731
YKL216W,YLL021W,0.02714346908032894
YKL216W,YDL159W,0.32163235545158386
YKL216W,YNL161W,1.6362419046345167e-06
YKL216W,YNL188W,3.784375479654045e-08
YKL216W,YJL157C,0.011028825305402279
YKL216W,YJL034W,1.477915034797661e-08
YKL216W,YLR238W,0.9698901176452637
YKL216W,YPR141C,1.1579221137481e-08
YKL216W,YNL127W,0.020159641280770302
YKL216W,YCL055W,1.190152598695704e-08
YKL216W,YPR122W,4.853669202664612e-11
YKL216W,YMR065W,0.003074253210797906
YKL216W,YDR356W,3.718869265867397e-05
YKL216W,YMR052W,0.971698522567749
YKL216W,YFR008W,0.9192339181900024
YKL216W,YLL043W,0.670989453792572
YKL216W,YMR029C,1.4284338156755894e-08
YKL216W,YJR004C,1.1399853292459738e-06
YKL216W,YDL223C,4.2621042806167964e-10
YKL216W,YHR158C,2.8199902857295456e-08
YKL216W,YGR238C,1.2734893743981957e-06
YKL216W,YIL015W,0.0017659980803728104
YKL216W,YGL173C,7.556538093922427e-06
YKL216W,YDL225W,8.207579753616301e-07
YKL216W,YLR330W,0.04714475944638252
YKL216W,YBR129C,6.6463448078479814e-09
YKL216W,YKR095W-A,0.2020167112350464
YKL216W,YPR075C,2.8219545811225544e-07
YKL216W,YMR198W,0.0013535459293052554
YKL216W,YOR127W,0.00037607585545629263
YKL216W,YDR264C,0.002104155719280243
YKL216W,YLR110C,1.0677482009668893e-07
YKL216W,YDR379W,0.07398363947868347
YKL216W,YDL100C,1.566008954456688e-11
YKL216W,YHR073W,0.5395861864089966
YKL216W,YJR090C,0.00016096964827738702
YKL216W,YOR208W,5.961794045106217e-07
YKL216W,YBR040W,0.0005167328636161983
YKL216W,YNL279W,4.121459642192349e-05
YKL216W,YER075C,0.008316337130963802
YKL216W,YCR089W,3.958472518661438e-07
YKL216W,YCR002C,2.4431876227026805e-05
YKL216W,YJL108C,0.701984703540802
YKL216W,YBR200W,0.001053290325216949
YKL216W,YIL026C,2.60243188110465e-10
YKL216W,YJR076C,3.0021130442037247e-05
YKL216W,YKR031C,5.953328108265765e-12
YKL216W,YPL192C,0.00024115966516546905
YKL216W,YHR107C,1.152528295023103e-08
YKL216W,YIL037C,0.0001661197020439431
YKL216W,YPL156C,6.132799157398949e-09
YKL216W,YIL117C,0.5672301650047302
YKL216W,YHR066W,6.23448721034231e-13
YKL216W,YML085C,1.8975772342333386e-10
YKL216W,YML047C,2.8079245595336033e-08
YKL216W,YDR312W,2.8167987603122846e-18
YKL216W,YFL037W,0.024040091782808304
YKL216W,YDL038C,0.2020167112350464
YKL216W,YDL039C,5.235839539707854e-11
YKL216W,YCL027W,5.324247119575798e-12
YKL216W,YML124C,5.426543546113716e-13
YKL216W,YGL053W,0.003272546920925379
YKL216W,YMR232W,0.015337844379246235
YKL216W,YNL298W,1.3644129467138555e-05
YKL216W,YGL099W,2.6823706775758183e-06
YKL216W,YBL016W,1.057948217919602e-08
YKL216W,YAL041W,0.0013839013408869505
YKL216W,YDR085C,3.3181840990437195e-05
YKL216W,YPL187W,1.3747872285030382e-10
YKL216W,YPL256C,1.0147076919211129e-19
YKL216W,YDR461W,1.8892323261354704e-09
YKL216W,YNL145W,2.6225511646771338e-06
YDR027C,YDL165W,9.754564416653011e-06
YDR027C,YGR059W,3.6272278521209955e-05
YDR027C,YBR109C,2.385717456920844e-10
YDR027C,YJL080C,6.397672669411492e-11
YDR027C,YCR093W,1.1229206414275616e-14
YDR027C,YIL122W,1.406016991722936e-08
YDR027C,YCL029C,2.803988763844245e-06
YDR027C,YNL173C,0.56944340467453
YDR027C,YLR452C,0.0007004861254245043
YDR027C,YDL160C,1.4544782045433635e-11
YDR027C,YLR229C,1.3966966434963979e-05
YDR027C,YML057W,2.9211166818754464e-08
YDR027C,YER149C,0.9827760457992554
YDR027C,YMR305C,4.972100509093025e-10
YDR027C,YLR433C,2.8163972274342086e-06
YDR027C,YJL073W,0.0600382536649704
YDR027C,YGR279C,1.221502343717873e-10
YDR027C,YKL190W,5.850772089033285e-10
YDR027C,YGL089C,3.172432116116397e-06
YDR027C,YJL019W,1.7986376121825742e-07
YDR027C,YJL018W,0.0005272100097499788
YDR027C,YNR032C-A,0.005418256390839815
YDR027C,YGL178W,2.519176689474989e-07
YDR027C,YKL116C,0.00012072017852915451
YDR027C,YDL214C,9.65863250712573e-07
YDR027C,YLR362W,7.349731276917737e-07
YDR027C,YER068W,0.0007491958094760776
YDR027C,YHR084W,2.168017658732424e-07
YDR027C,YDR392W,1.7140501518131401e-10
YDR027C,YNL053W,1.2232765129738254e-06
YDR027C,YGR040W,0.00022270453337114304
YDR027C,YDL216C,8.813372005533893e-06
YDR027C,YOL117W,0.00043298915261402726
YDR027C,YJR086W,9.425862663192675e-05
YDR027C,YMR025W,7.50314921305062e-09
YDR027C,YBR081C,9.351828339276835e-06
YDR027C,YFL026W,2.8886883228551596e-05
YDR027C,YHL007C,2.0753114782223747e-09
YDR027C,YNR044W,0.01796562969684601
YDR027C,YNL271C,5.897114533581771e-05
YDR027C,YDR200C,5.745092579445554e-08
YDR027C,YKL178C,1.3561753803514875e-05
YDR027C,YOR212W,0.05511902645230293
YDR027C,YOL111C,6.049346001337982e-14
YDR027C,YGL032C,0.3181670904159546
YDR027C,YHR005C,0.00046707375440746546
YDR027C,YDR103W,4.966987532384337e-08
YDR027C,YJR084W,5.402324143588544e-10
YDR027C,YCL032W,9.003937861962186e-08
YDR027C,YJL170C,1.1775408893299755e-05
YDR027C,YDR179C,2.8027670850860886e-07
YDR027C,YBR095C,4.3142537720086693e-07
YDR027C,YLL021W,4.1611100676242074e-10
YDR027C,YDL159W,1.065922447196499e-06
YDR027C,YNL161W,0.0009081175085157156
YDR027C,YNL188W,9.12304353257651e-16
YDR027C,YJL157C,0.0008204244659282267
YDR027C,YJL034W,3.593784991817728e-10
YDR027C,YLR238W,0.12618954479694366
YDR027C,YPR141C,0.037794165313243866
YDR027C,YNL127W,2.2218851825073216e-07
YDR027C,YCL055W,1.3266650000787195e-07
YDR027C,YPR122W,1.3982515838506515e-06
YDR027C,YMR065W,0.0002217032597400248
YDR027C,YDR356W,0.0038648906629532576
YDR027C,YMR052W,7.789159326421213e-07
YDR027C,YFR008W,6.116573025849448e-09
YDR027C,YLL043W,4.175081357971067e-06
YDR027C,YMR029C,0.01593252271413803
YDR027C,YJR004C,1.3177328582969494e-05
YDR027C,YDL223C,4.558865221090946e-13
YDR027C,YHR158C,4.796893438019367e-11
YDR027C,YGR238C,2.9489276585081825e-06
YDR027C,YIL015W,0.004590698517858982
YDR027C,YGL173C,1.5449861166416667e-05
YDR027C,YDL225W,3.1766811048328236e-07
YDR027C,YLR330W,7.1520624977949865e-09
YDR027C,YBR129C,5.564130560742342e-07
YDR027C,YKR095W-A,0.2020167112350464
YDR027C,YPR075C,2.5385049964854467e-12
YDR027C,YMR198W,3.869451958848913e-08
YDR027C,YOR127W,6.1855103261621025e-09
YDR027C,YDR264C,7.193602505140007e-05
YDR027C,YLR110C,0.0009431419894099236
YDR027C,YDR379W,5.219195735317594e-12
YDR027C,YDL100C,1.9011740732821636e-05
YDR027C,YHR073W,0.7944920063018799
YDR027C,YJR090C,1.7002659546960786e-07
YDR027C,YOR208W,0.00018763401021715254
YDR027C,YBR040W,0.14587195217609406
YDR027C,YNL279W,1.578537478508224e-08
YDR027C,YER075C,0.9698532819747925
YDR027C,YCR089W,0.01207653060555458
YDR027C,YCR002C,1.0550862498348579e-05
YDR027C,YJL108C,4.3668700300258934e-07
YDR027C,YBR200W,3.632165146427724e-08
YDR027C,YIL026C,2.674034021765692e-06
YDR027C,YJR076C,0.0090446462854743
YDR027C,YKR031C,5.544205123442225e-06
YDR027C,YPL192C,4.173596971668303e-05
YDR027C,YHR107C,1.9287164832348935e-05
YDR027C,YIL037C,6.364454748108983e-05
YDR027C,YPL156C,0.00023671738745179027
YDR027C,YIL117C,1.0682748019519295e-09
YDR027C,YHR066W,4.971240308293545e-09
YDR027C,YML085C,0.1890294998884201
YDR027C,YML047C,2.7975464035989717e-05
YDR027C,YDR312W,3.1359149943455122e-06
YDR027C,YFL037W,0.0515768937766552
YDR027C,YDL038C,0.2020167112350464
YDR027C,YDL039C,8.257837366383927e-14
YDR027C,YCL027W,3.024749821634032e-05
YDR027C,YML124C,0.00022766899201087654
YDR027C,YGL053W,1.0686119523983795e-11
YDR027C,YMR232W,7.237826503114775e-05
YDR027C,YNL298W,5.933645502026463e-13
YDR027C,YGL099W,4.306494156480767e-05
YDR027C,YBL016W,9.361595942891654e-08
YDR027C,YAL041W,1.7955336488739704e-06
YDR027C,YDR085C,0.010518484748899937
YDR027C,YPL187W,0.4491904675960541
YDR027C,YPL256C,2.7833780222863425e-06
YDR027C,YDR461W,3.6986963891649793e-07
YDR027C,YNL145W,1.86751032390034e-13
YOR151C,YDL165W,0.36075565218925476
YOR151C,YGR059W,1.122650323398533e-11
YOR151C,YBR109C,0.00023577449610456824
YOR151C,YJL080C,0.007860376499593258
YOR151C,YCR093W,0.007173831574618816
YOR151C,YIL122W,0.0010637767845764756
YOR151C,YCL029C,8.856362908662985e-13
YOR151C,YNL173C,2.969731758639682e-05
YOR151C,YLR452C,0.9520375728607178
YOR151C,YDL160C,3.6262269986764295e-06
YOR151C,YLR229C,0.0415932796895504
YOR151C,YML057W,9.283318471581259e-13
YOR151C,YER149C,6.030721255712024e-09
YOR151C,YMR305C,6.449104148487095e-06
YOR151C,YLR433C,0.01116007287055254
YOR151C,YJL073W,9.035454676120658e-12
YOR151C,YGR279C,0.5347692966461182
YOR151C,YKL190W,0.11600665003061295
YOR151C,YGL089C,5.326934342519962e-07
YOR151C,YJL019W,4.260324999449949e-07
YOR151C,YJL018W,0.000295947800623253
YOR151C,YNR032C-A,0.9973932504653931
YOR151C,YGL178W,2.0601876258297125e-06
YOR151C,YKL116C,3.0037423215389936e-08
YOR151C,YDL214C,0.008565953001379967
YOR151C,YLR362W,0.004466899670660496
YOR151C,YER068W,1.9981829609605484e-05
YOR151C,YHR084W,3.042620392079698e-06
YOR151C,YDR392W,0.342888206243515
YOR151C,YNL053W,0.013473947532474995
YOR151C,YGR040W,3.2003100614019786e-08
YOR151C,YDL216C,0.03522247076034546
YOR151C,YOL117W,7.191747532343622e-16
YOR151C,YJR086W,0.993569016456604
YOR151C,YMR025W,0.017005281522870064
YOR151C,YBR081C,0.7677133083343506
YOR151C,YFL026W,1.354562300548423e-05
YOR151C,YHL007C,8.810363549827116e-10
YOR151C,YNR044W,0.9893249869346619
YOR151C,YNL271C,0.011065583676099777
YOR151C,YDR200C,3.124344948446378e-05
YOR151C,YKL178C,0.979072630405426
YOR151C,YOR212W,0.003327883081510663
YOR151C,YOL111C,0.05198799446225166
YOR151C,YGL032C,5.0970374587677725e-09
YOR151C,YHR005C,0.002403823658823967
YOR151C,YDR103W,0.00016233191126957536
YOR151C,YJR084W,0.20968224108219147
YOR151C,YCL032W,7.79581739607238e-07
YOR151C,YJL170C,0.003571885172277689
YOR151C,YDR179C,5.579878337158561e-09
YOR151C,YBR095C,0.3819221258163452
YOR151C,YLL021W,0.9997665286064148
YOR151C,YDL159W,3.0583191801270004e-07
YOR151C,YNL161W,0.00010439594916533679
YOR151C,YNL188W,8.178980351658538e-06
YOR151C,YJL157C,0.03118196874856949
YOR151C,YJL034W,1.1178385474208685e-11
YOR151C,YLR238W,0.007143857888877392
YOR151C,YPR141C,0.34258297085762024
YOR151C,YNL127W,0.05387509986758232
YOR151C,YCL055W,1.2014623962386395e-07
YOR151C,YPR122W,0.0007628134917467833
YOR151C,YMR065W,6.22074765033176e-08
YOR151C,YDR356W,0.5808430314064026
YOR151C,YMR052W,0.29370659589767456
YOR151C,YFR008W,0.39132121205329895
YOR151C,YLL043W,1.0780224712902964e-08
YOR151C,YMR029C,0.08045507967472076
YOR151C,YJR004C,1.118284274070902e-07
YOR151C,YDL223C,3.2555835275563946e-20
YOR151C,YHR158C,0.9993394017219543
YOR151C,YGR238C,2.798423537342387e-08
YOR151C,YIL015W,0.2664760947227478
YOR151C,YGL173C,0.9999504089355469
YOR151C,YDL225W,0.002120347460731864
YOR151C,YLR330W,0.011216968297958374
YOR151C,YBR129C,0.18503373861312866
YOR151C,YKR095W-A,0.2020167112350464
YOR151C,YPR075C,0.00017041523824445903
YOR151C,YMR198W,0.00019304652232676744
YOR151C,YOR127W,2.7581230632733877e-09
YOR151C,YDR264C,4.129588671020201e-09
YOR151C,YLR110C,0.03168481960892677
YOR151C,YDR379W,0.00016072900325525552
YOR151C,YDL100C,1.2591465647915356e-08
YOR151C,YHR073W,0.998933732509613
YOR151C,YJR090C,0.052770763635635376
YOR151C,YOR208W,8.155303703460959e-07
YOR151C,YBR040W,0.02893768809735775
YOR151C,YNL279W,0.00025673583149909973
YOR151C,YER075C,7.470067231452049e-08
YOR151C,YCR089W,1.6470572683502382e-09
YOR151C,YCR002C,0.0021048407070338726
YOR151C,YJL108C,0.30487608909606934
YOR151C,YBR200W,3.805356366386875e-13
YOR151C,YIL026C,0.030741294845938683
YOR151C,YJR076C,0.031125226989388466
YOR151C,YKR031C,3.0507930205203593e-05
YOR151C,YPL192C,9.97787807932582e-09
YOR151C,YHR107C,6.889628423323302e-08
YOR151C,YIL037C,0.00034493967541493475
YOR151C,YPL156C,0.6110724806785583
YOR151C,YIL117C,2.0888535345875425e-09
YOR151C,YHR066W,2.2123884755448353e-12
YOR151C,YML085C,3.0546107310236437e-10
YOR151C,YML047C,6.037329058017349e-06
YOR151C,YDR312W,1.2255358342372347e-05
YOR151C,YFL037W,0.0001881361531559378
YOR151C,YDL038C,0.2020167112350464
YOR151C,YDL039C,1.2130138609062549e-14
YOR151C,YCL027W,0.006370974238961935
YOR151C,YML124C,2.2639298435933597e-08
YOR151C,YGL053W,1.2276341054828777e-09
YOR151C,YMR232W,3.5361168854164404e-11
YOR151C,YNL298W,0.0038911523297429085
YOR151C,YGL099W,0.00012365347356535494
YOR151C,YBL016W,9.34567312427248e-10
YOR151C,YAL041W,6.563434726558626e-05
YOR151C,YDR085C,4.900611028091362e-10
YOR151C,YPL187W,0.9997422099113464
YOR151C,YPL256C,0.0004071488801855594
YOR151C,YDR461W,4.427292151376605e-05
YOR151C,YNL145W,4.249587561844237e-07
YOR209C,YDL165W,2.2812859157284038e-08
YOR209C,YGR059W,3.79902186098402e-11
YOR209C,YBR109C,0.00012795155635103583
YOR209C,YJL080C,3.883910903823562e-05
YOR209C,YCR093W,0.0012241866206750274
YOR209C,YIL122W,0.0011367097031325102
YOR209C,YCL029C,0.0001938488712767139
YOR209C,YNL173C,0.668411374092102
YOR209C,YLR452C,0.0009691728046163917
YOR209C,YDL160C,0.03269880264997482
YOR209C,YLR229C,1.168422500086308e-06
YOR209C,YML057W,9.679844879428856e-06
YOR209C,YER149C,2.131169622998641e-07
YOR209C,YMR305C,4.0642818971425854e-11
YOR209C,YLR433C,0.03937928378582001
YOR209C,YJL073W,0.0015313646290451288
YOR209C,YGR279C,0.9994267225265503
YOR209C,YKL190W,8.02741851657629e-05
YOR209C,YGL089C,0.9383292198181152
YOR209C,YJL019W,0.007891017012298107
YOR209C,YJL018W,0.0008135235402733088
YOR209C,YNR032C-A,0.9111430644989014
YOR209C,YGL178W,0.14342767000198364
YOR209C,YKL116C,6.138671237998494e-10
YOR209C,YDL214C,3.0511341719829943e-06
YOR209C,YLR362W,2.0621171437085195e-09
YOR209C,YER068W,1.577628516713503e-08
YOR209C,YHR084W,1.4788372304508357e-08
YOR209C,YDR392W,0.8229007124900818
YOR209C,YNL053W,0.016270499676465988
YOR209C,YGR040W,0.0011370849097147584
YOR209C,YDL216C,4.246129670093524e-09
YOR209C,YOL117W,7.153024853323586e-06
YOR209C,YJR086W,9.793023059145867e-10
YOR209C,YMR025W,2.274175494676456e-05
YOR209C,YBR081C,0.5847395062446594
YOR209C,YFL026W,1.1547609801709768e-07
YOR209C,YHL007C,7.218368835992806e-08
YOR209C,YNR044W,0.0042302897199988365
YOR209C,YNL271C,3.1668673727835994e-06
YOR209C,YDR200C,1.9956145180799467e-08
YOR209C,YKL178C,0.9991289973258972
YOR209C,YOR212W,4.125347743411112e-07
YOR209C,YOL111C,4.857399460433953e-08
YOR209C,YGL032C,1.8438947591015165e-10
YOR209C,YHR005C,0.00043607738916762173
YOR209C,YDR103W,0.9217484593391418
YOR209C,YJR084W,0.0019072826253250241
YOR209C,YCL032W,0.00019696330127771944
YOR209C,YJL170C,1.1132367490063189e-06
YOR209C,YDR179C,7.356540723812977e-12
YOR209C,YBR095C,0.00019055262964684516
YOR209C,YLL021W,0.010981902480125427
YOR209C,YDL159W,2.3602291676638743e-08
YOR209C,YNL161W,3.047723495797072e-08
YOR209C,YNL188W,2.4339737137779593e-05
YOR209C,YJL157C,3.3873263305395085e-08
YOR209C,YJL034W,6.5839121816679835e-06
YOR209C,YLR238W,5.391793251874333e-07
YOR209C,YPR141C,0.9999898672103882
YOR209C,YNL127W,2.065656872218824e-06
YOR209C,YCL055W,0.0005546397878788412
YOR209C,YPR122W,0.0012644316302612424
YOR209C,YMR065W,0.01033985149115324
YOR209C,YDR356W,0.11185983568429947
YOR209C,YMR052W,0.28143396973609924
YOR209C,YFR008W,2.5925507074475718e-08
YOR209C,YLL043W,1.3508250162885815e-07
YOR209C,YMR029C,0.0036950325593352318
YOR209C,YJR004C,1.885626055297962e-08
YOR209C,YDL223C,9.240621601236398e-09
YOR209C,YHR158C,2.0059505914105102e-06
YOR209C,YGR238C,2.727107357713976e-06
YOR209C,YIL015W,4.545379488263279e-05
YOR209C,YGL173C,0.9912713766098022
YOR209C,YDL225W,9.902669972916556e-08
YOR209C,YLR330W,0.00023343168140854686
YOR209C,YBR129C,0.05523739382624626
YOR209C,YKR095W-A,0.2020167112350464
YOR209C,YPR075C,7.44586683976145e-13
YOR209C,YMR198W,0.25356996059417725
YOR209C,YOR127W,0.00012948048242833465
YOR209C,YDR264C,1.3479569815899595e-06
YOR209C,YLR110C,1.4067339861867367e-06
YOR209C,YDR379W,2.406503369911661e-07
YOR209C,YDL100C,0.07399432361125946
YOR209C,YHR073W,0.001242131576873362
YOR209C,YJR090C,4.5766479161102325e-05
YOR209C,YOR208W,1.5800579733493691e-09
YOR209C,YBR040W,4.737575363833457e-05
YOR209C,YNL279W,0.002646713051944971
YOR209C,YER075C,5.215004428293923e-09
YOR209C,YCR089W,1.2989852393729961e-07
YOR209C,YCR002C,0.14323601126670837
YOR209C,YJL108C,0.014115756377577782
YOR209C,YBR200W,0.0003361535491421819
YOR209C,YIL026C,0.017961421981453896
YOR209C,YJR076C,0.00662710377946496
YOR209C,YKR031C,0.0004745065525639802
YOR209C,YPL192C,0.0006159222684800625
YOR209C,YHR107C,2.8242454845894827e-06
YOR209C,YIL037C,0.0009686794364824891
YOR209C,YPL156C,0.0003767170710489154
YOR209C,YIL117C,2.4707444026716985e-05
YOR209C,YHR066W,6.208180636235738e-09
YOR209C,YML085C,0.0007465218659490347
YOR209C,YML047C,0.0003494828997645527
YOR209C,YDR312W,3.0446813070739154e-06
YOR209C,YFL037W,0.007207686081528664
YOR209C,YDL038C,0.2020167112350464
YOR209C,YDL039C,2.2878988742598694e-13
YOR209C,YCL027W,1.2416485617450235e-08
YOR209C,YML124C,0.39949995279312134
YOR209C,YGL053W,7.310201510790648e-08
YOR209C,YMR232W,1.5465412843695958e-06
YOR209C,YNL298W,2.8834972908953205e-05
YOR209C,YGL099W,3.4052249020533054e-08
YOR209C,YBL016W,1.2453888587060646e-08
YOR209C,YAL041W,0.005499349907040596
YOR209C,YDR085C,0.2659898102283478
YOR209C,YPL187W,1.1330422822197761e-08
YOR209C,YPL256C,1.3545040928875096e-05
YOR209C,YDR461W,1.1140103461015557e-13
YOR209C,YNL145W,2.848961067059008e-09
YFR014C,YDL165W,0.006368858739733696
YFR014C,YGR059W,0.0009441066067665815
YFR014C,YBR109C,0.003375409170985222
YFR014C,YJL080C,2.3773880002408987e-06
YFR014C,YCR093W,5.022473942517536e-06
YFR014C,YIL122W,0.006834527011960745
YFR014C,YCL029C,5.146446255821502e-07
YFR014C,YNL173C,5.181964302103381e-10
YFR014C,YLR452C,0.00015465111937373877
YFR014C,YDL160C,0.0017245509661734104
YFR014C,YLR229C,0.024096909910440445
YFR014C,YML057W,2.5563409167261852e-09
YFR014C,YER149C,0.462306410074234
YFR014C,YMR305C,0.0010770201915875077
YFR014C,YLR433C,3.8716666495020036e-06
YFR014C,YJL073W,1.5599363814566836e-11
YFR014C,YGR279C,0.00021111640671733767
YFR014C,YKL190W,0.18413057923316956
YFR014C,YGL089C,0.00041378760943189263
YFR014C,YJL019W,0.0033192303963005543
YFR014C,YJL018W,0.2020195871591568
YFR014C,YNR032C-A,0.9155601859092712
YFR014C,YGL178W,4.380027166916989e-05
YFR014C,YKL116C,2.4613191484945673e-08
YFR014C,YDL214C,0.8640444874763489
YFR014C,YLR362W,5.606524382528733e-07
YFR014C,YER068W,2.6241198156640166e-06
YFR014C,YHR084W,5.615669351755059e-08
YFR014C,YDR392W,0.1427936851978302
YFR014C,YNL053W,0.016135506331920624
YFR014C,YGR040W,0.0143130486831069
YFR014C,YDL216C,0.002055338118225336
YFR014C,YOL117W,6.531604867632268e-06
YFR014C,YJR086W,0.00316080660559237
YFR014C,YMR025W,0.27366337180137634
YFR014C,YBR081C,3.62961545761209e-05
YFR014C,YFL026W,0.05251449719071388
YFR014C,YHL007C,0.045817017555236816
YFR014C,YNR044W,0.00821759458631277
YFR014C,YNL271C,0.0005282950587570667
YFR014C,YDR200C,5.379523031479039e-07
YFR014C,YKL178C,0.9892417788505554
YFR014C,YOR212W,0.0014410348376259208
YFR014C,YOL111C,1.5009132825483107e-09
YFR014C,YGL032C,1.4305161499805763e-09
YFR014C,YHR005C,0.08928263932466507
YFR014C,YDR103W,0.04219233617186546
YFR014C,YJR084W,3.629885395639576e-05
YFR014C,YCL032W,5.421244564374206e-10
YFR014C,YJL170C,2.2995518520474434e-05
YFR014C,YDR179C,1.34163838892698e-12
YFR014C,YBR095C,0.4876003861427307
YFR014C,YLL021W,0.5214919447898865
YFR014C,YDL159W,4.2284419021765274e-11
YFR014C,YNL161W,8.645313937449828e-05
YFR014C,YNL188W,0.00129225617274642
YFR014C,YJL157C,1.986993555802563e-11
YFR014C,YJL034W,0.002140084048733115
YFR014C,YLR238W,0.024873629212379456
YFR014C,YPR141C,0.0004043700755573809
YFR014C,YNL127W,0.0010716808028519154
YFR014C,YCL055W,0.7405644655227661
YFR014C,YPR122W,3.6791018365525674e-13
YFR014C,YMR065W,0.4192345440387726
YFR014C,YDR356W,0.0478820726275444
YFR014C,YMR052W,6.645333172627943e-08
YFR014C,YFR008W,2.881391480968887e-07
YFR014C,YLL043W,0.0017966399900615215
YFR014C,YMR029C,2.402696566150553e-07
YFR014C,YJR004C,0.0014657024294137955
YFR014C,YDL223C,9.651653247193832e-20
YFR014C,YHR158C,6.350190233206376e-05
YFR014C,YGR238C,2.5860265040478225e-08
YFR014C,YIL015W,0.007670264691114426
YFR014C,YGL173C,0.9869475364685059
YFR014C,YDL225W,1.5423096556332894e-05
YFR014C,YLR330W,7.555091663391522e-09
YFR014C,YBR129C,0.4312881529331207
YFR014C,YKR095W-A,0.2020167112350464
YFR014C,YPR075C,0.9301964044570923
YFR014C,YMR198W,8.862456866154389e-07
YFR014C,YOR127W,0.8911292552947998
YFR014C,YDR264C,0.0936213806271553
YFR014C,YLR110C,0.005537348799407482
YFR014C,YDR379W,0.36026477813720703
YFR014C,YDL100C,0.12894843518733978
YFR014C,YHR073W,0.002937109675258398
YFR014C,YJR090C,0.9941171407699585
YFR014C,YOR208W,0.03564561530947685
YFR014C,YBR040W,2.2261691101643777e-10
YFR014C,YNL279W,0.00902038998901844
YFR014C,YER075C,0.9908967614173889
YFR014C,YCR089W,3.226679687329259e-11
YFR014C,YCR002C,0.019807804375886917
YFR014C,YJL108C,8.080372936092317e-05
YFR014C,YBR200W,0.0001441317144781351
YFR014C,YIL026C,3.896168436767766e-06
YFR014C,YJR076C,0.003436359344050288
YFR014C,YKR031C,4.026627721032128e-05
YFR014C,YPL192C,0.02029321901500225
YFR014C,YHR107C,0.9659122824668884
YFR014C,YIL037C,0.01729648746550083
YFR014C,YPL156C,0.01862386241555214
YFR014C,YIL117C,2.153857349185273e-05
YFR014C,YHR066W,2.4669055384644472e-17
YFR014C,YML085C,7.118858047761023e-05
YFR014C,YML047C,1.0332802276025177e-06
YFR014C,YDR312W,8.607457129983231e-05
YFR014C,YFL037W,2.1773990738438442e-05
YFR014C,YDL038C,0.2020167112350464
YFR014C,YDL039C,9.02402220466893e-15
YFR014C,YCL027W,2.374969483298628e-07
YFR014C,YML124C,9.519478112451907e-07
YFR014C,YGL053W,5.025332594499332e-09
YFR014C,YMR232W,0.0008155229734256864
YFR014C,YNL298W,0.7631524801254272
YFR014C,YGL099W,2.3076438763341978e-12
YFR014C,YBL016W,7.027849135976538e-11
YFR014C,YAL041W,0.3853398561477661
YFR014C,YDR085C,3.414171942495159e-06
YFR014C,YPL187W,9.621577191865072e-06
YFR014C,YPL256C,2.9075957286295306e-07
YFR014C,YDR461W,4.190461755371189e-09
YFR014C,YNL145W,2.15712572804172e-10
YIR027C,YDL165W,9.541516882149992e-13
YIR027C,YGR059W,3.904834294551513e-18
YIR027C,YBR109C,3.115193216232659e-12
YIR027C,YJL080C,1.846606600963696e-08
YIR027C,YCR093W,5.2948965212351595e-09
YIR027C,YIL122W,2.8834992917836644e-06
YIR027C,YCL029C,3.6840981654240323e-11
YIR027C,YNL173C,5.576383105276861e-11
YIR027C,YLR452C,1.0138171413487385e-09
YIR027C,YDL160C,1.963140240646144e-11
YIR027C,YLR229C,1.0139840966871816e-08
YIR027C,YML057W,5.284121122432761e-13
YIR027C,YER149C,1.2152847617130647e-08
YIR027C,YMR305C,5.247884592163299e-12
YIR027C,YLR433C,3.636187184685724e-11
YIR027C,YJL073W,1.7160666334128938e-12
YIR027C,YGR279C,1.9777009196975115e-10
YIR027C,YKL190W,5.62002390036288e-18
YIR027C,YGL089C,1.6877063899300992e-05
YIR027C,YJL019W,1.2225696082168724e-06
YIR027C,YJL018W,0.00046924257185310125
YIR027C,YNR032C-A,2.6115788642755433e-08
YIR027C,YGL178W,3.464393785179709e-06
YIR027C,YKL116C,1.7903668131369344e-11
YIR027C,YDL214C,8.662438233386638e-08
YIR027C,YLR362W,4.540182896306533e-09
YIR027C,YER068W,5.749302545154933e-06
YIR027C,YHR084W,9.933423441438327e-13
YIR027C,YDR392W,2.352883115008808e-07
YIR027C,YNL053W,9.679148433860973e-07
YIR027C,YGR040W,1.3584954103862401e-06
YIR027C,YDL216C,5.127755997591521e-08
YIR027C,YOL117W,2.2067560279115384e-10
YIR027C,YJR086W,8.111751270689638e-10
YIR027C,YMR025W,1.9592330602336006e-07
YIR027C,YBR081C,0.00128524552565068
YIR027C,YFL026W,1.7358134374312328e-10
YIR027C,YHL007C,3.596100847658157e-11
YIR027C,YNR044W,7.244239874637515e-09
YIR027C,YNL271C,0.02542756125330925
YIR027C,YDR200C,5.264361724321986e-10
YIR027C,YKL178C,2.6062232372225935e-09
YIR027C,YOR212W,2.0439465397981138e-10
YIR027C,YOL111C,2.80510885630747e-08
YIR027C,YGL032C,3.260776926250486e-10
YIR027C,YHR005C,2.7152653458983877e-08
YIR027C,YDR103W,2.677484189916868e-07
YIR027C,YJR084W,4.5304057727513225e-10
YIR027C,YCL032W,6.041168260084717e-11
YIR027C,YJL170C,1.1048074260999741e-10
YIR027C,YDR179C,1.4277343196589243e-11
YIR027C,YBR095C,3.4428303957723116e-11
YIR027C,YLL021W,3.5294779252015296e-12
YIR027C,YDL159W,8.476865043238746e-11
YIR027C,YNL161W,0.2016795575618744
YIR027C,YNL188W,1.1826290814698215e-11
YIR027C,YJL157C,5.830151492873872e-14
YIR027C,YJL034W,1.7735334034707506e-10
YIR027C,YLR238W,2.5000455265017374e-12
YIR027C,YPR141C,0.00047042197547852993
YIR027C,YNL127W,0.00010325068433303386
YIR027C,YCL055W,8.480443569602869e-10
YIR027C,YPR122W,7.167337116698036e-06
YIR027C,YMR065W,4.741712018585531e-06
YIR027C,YDR356W,0.0006336339865811169
YIR027C,YMR052W,2.955756972511381e-09
YIR027C,YFR008W,3.041065001963427e-18
YIR027C,YLL043W,1.3139494512870442e-05
YIR027C,YMR029C,2.934401521770269e-08
YIR027C,YJR004C,2.5619554477884776e-08
YIR027C,YDL223C,5.3697884084148023e-14
YIR027C,YHR158C,0.00020646813209168613
YIR027C,YGR238C,2.4212922777877566e-09
YIR027C,YIL015W,3.938219015253708e-05
YIR027C,YGL173C,5.882842546434119e-10
YIR027C,YDL225W,1.1326930689392611e-05
YIR027C,YLR330W,6.27626965156447e-13
YIR027C,YBR129C,1.0318000022380147e-05
YIR027C,YKR095W-A,0.2020167112350464
YIR027C,YPR075C,3.966172442554372e-12
YIR027C,YMR198W,1.9002202122919698e-07
YIR027C,YOR127W,1.5721676405178187e-08
YIR027C,YDR264C,1.185566130944976e-13
YIR027C,YLR110C,4.4274577060132714e-11
YIR027C,YDR379W,2.5050052698816216e-08
YIR027C,YDL100C,2.915543362291828e-09
YIR027C,YHR073W,1.1827004575481548e-16
YIR027C,YJR090C,0.00010806172213051468
YIR027C,YOR208W,7.697947097470847e-13
YIR027C,YBR040W,1.2848873964799168e-08
YIR027C,YNL279W,2.5459882466161154e-11
YIR027C,YER075C,0.0029853670857846737
YIR027C,YCR089W,8.457489153457232e-10
YIR027C,YCR002C,3.968251237589787e-13
YIR027C,YJL108C,1.2426741022864007e-06
YIR027C,YBR200W,1.4746348142580246e-08
YIR027C,YIL026C,1.1458111542905769e-10
YIR027C,YJR076C,1.7732263411524701e-13
YIR027C,YKR031C,1.296697178077011e-06
YIR027C,YPL192C,2.408686725630105e-07
YIR027C,YHR107C,4.508022399818401e-09
YIR027C,YIL037C,5.243575365576625e-11
YIR027C,YPL156C,1.5839941625017673e-06
YIR027C,YIL117C,1.3531509896955174e-13
YIR027C,YHR066W,2.965050081520009e-17
YIR027C,YML085C,3.0589268895653277e-09
YIR027C,YML047C,5.482400311507263e-09
YIR027C,YDR312W,3.75380550394766e-05
YIR027C,YFL037W,1.576724387446389e-14
YIR027C,YDL038C,0.2020167112350464
YIR027C,YDL039C,3.467539804333312e-17
YIR027C,YCL027W,8.393438974962919e-07
YIR027C,YML124C,3.4755417775255825e-15
YIR027C,YGL053W,6.072120029010364e-10
YIR027C,YMR232W,1.1787084329417663e-11
YIR027C,YNL298W,0.0009363385615870357
YIR027C,YGL099W,2.3698146309897306e-12
YIR027C,YBL016W,1.119560965889832e-05
YIR027C,YAL041W,1.3122337350068847e-06
YIR027C,YDR085C,1.2461394763296774e-12
YIR027C,YPL187W,7.503606568558252e-13
YIR027C,YPL256C,1.4874273958787737e-13
YIR027C,YDR461W,3.094532132763561e-07
YIR027C,YNL145W,1.2359747669776766e-09
YOR061W,YDL165W,5.821814571090522e-15
YOR061W,YGR059W,1.000736985819076e-14
YOR061W,YBR109C,1.6733343954911106e-06
YOR061W,YJL080C,4.843941545616681e-14
YOR061W,YCR093W,9.064254067377847e-14
YOR061W,YIL122W,3.052429775607379e-08
YOR061W,YCL029C,2.5651721443864517e-05
YOR061W,YNL173C,1.086302298114461e-10
YOR061W,YLR452C,0.12759427726268768
YOR061W,YDL160C,3.1074111461748544e-07
YOR061W,YLR229C,3.835291893100612e-12
YOR061W,YML057W,5.635530670594635e-12
YOR061W,YER149C,6.095843218645314e-06
YOR061W,YMR305C,5.830940067312876e-18
YOR061W,YLR433C,3.7736543845312553e-07
YOR061W,YJL073W,4.748068604953914e-10
YOR061W,YGR279C,3.735177722674621e-10
YOR061W,YKL190W,1.244136460520906e-10
YOR061W,YGL089C,0.0008418919169344008
YOR061W,YJL019W,1.0402665534536837e-10
YOR061W,YJL018W,0.2020167112350464
YOR061W,YNR032C-A,0.49822983145713806
YOR061W,YGL178W,1.0346088569201939e-11
YOR061W,YKL116C,1.279775330212724e-16
YOR061W,YDL214C,4.652118335002342e-08
YOR061W,YLR362W,6.827522623870444e-14
YOR061W,YER068W,6.586958079424221e-06
YOR061W,YHR084W,7.275134487894075e-12
YOR061W,YDR392W,6.115281081520152e-08
YOR061W,YNL053W,3.307309043520945e-06
YOR061W,YGR040W,1.5255693930349423e-10
YOR061W,YDL216C,3.86260523566051e-10
YOR061W,YOL117W,3.399066918063909e-05
YOR061W,YJR086W,5.301695193971057e-10
YOR061W,YMR025W,1.2659234016609844e-07
YOR061W,YBR081C,1.0776544989710146e-08
YOR061W,YFL026W,1.6003745214216184e-15
YOR061W,YHL007C,2.0138649858836288e-08
YOR061W,YNR044W,5.472644473009103e-12
YOR061W,YNL271C,4.5308890103332167e-14
YOR061W,YDR200C,1.0054277907534993e-15
YOR061W,YKL178C,5.256149248483721e-12
YOR061W,YOR212W,7.31119886854259e-10
YOR061W,YOL111C,0.00014165374159347266
YOR061W,YGL032C,3.9225941939058373e-10
YOR061W,YHR005C,5.132968160757867e-13
YOR061W,YDR103W,0.00255928048864007
YOR061W,YJR084W,0.019435280933976173
YOR061W,YCL032W,8.48666488195704e-08
YOR061W,YJL170C,1.5614805455588243e-12
YOR061W,YDR179C,7.266318789334036e-06
YOR061W,YBR095C,2.310104418954545e-13
YOR061W,YLL021W,5.6580198304345686e-08
YOR061W,YDL159W,4.966498878822279e-10
YOR061W,YNL161W,3.854370334011037e-06
YOR061W,YNL188W,0.002510390942916274
YOR061W,YJL157C,1.9677138141105388e-07
YOR061W,YJL034W,9.528648859259258e-15
YOR061W,YLR238W,5.283435166347772e-05
YOR061W,YPR141C,0.0004919375060126185
YOR061W,YNL127W,1.787913046780165e-11
YOR061W,YCL055W,3.0498775727139105e-10
YOR061W,YPR122W,1.693835969263091e-07
YOR061W,YMR065W,8.812864962237654e-07
YOR061W,YDR356W,8.492767165080295e-07
YOR061W,YMR052W,1.2937605588559417e-15
YOR061W,YFR008W,1.864746551616392e-11
YOR061W,YLL043W,8.29919554234948e-06
YOR061W,YMR029C,5.956360951131501e-07
YOR061W,YJR004C,1.531519763710732e-14
YOR061W,YDL223C,4.570374054680451e-17
YOR061W,YHR158C,3.235135227441788e-05
YOR061W,YGR238C,0.9996575117111206
YOR061W,YIL015W,9.704469050575426e-08
YOR061W,YGL173C,0.00031907184165902436
YOR061W,YDL225W,1.8573524591573116e-15
YOR061W,YLR330W,1.2648360820082666e-13
YOR061W,YBR129C,0.0015348654706031084
YOR061W,YKR095W-A,0.2020167112350464
YOR061W,YPR075C,5.674124017862603e-11
YOR061W,YMR198W,0.00012274549226276577
YOR061W,YOR127W,8.415367069858348e-09
YOR061W,YDR264C,1.5182999391072372e-07
YOR061W,YLR110C,2.758211159470392e-10
YOR061W,YDR379W,1.1167484714746934e-09
YOR061W,YDL100C,8.295578952227916e-15
YOR061W,YHR073W,1.6320094800903462e-05
YOR061W,YJR090C,0.004579488188028336
YOR061W,YOR208W,1.0853692077039678e-12
YOR061W,YBR040W,6.9675816227743326e-09
YOR061W,YNL279W,5.4266108967526705e-11
YOR061W,YER075C,1.4770814779629937e-11
YOR061W,YCR089W,5.845543160631905e-09
YOR061W,YCR002C,0.27098986506462097
YOR061W,YJL108C,1.666574966918688e-08
YOR061W,YBR200W,2.085917202854226e-11
YOR061W,YIL026C,8.495416068399209e-07
YOR061W,YJR076C,4.1651574550494175e-11
YOR061W,YKR031C,2.4684247701411977e-14
YOR061W,YPL192C,2.5546105231200045e-09
YOR061W,YHR107C,2.421658429341278e-08
YOR061W,YIL037C,9.58483958868328e-09
YOR061W,YPL156C,3.3378575459153126e-09
YOR061W,YIL117C,0.7237879037857056
YOR061W,YHR066W,1.6902182986555658e-09
YOR061W,YML085C,1.3421278845238138e-11
YOR061W,YML047C,4.497519245916237e-09
YOR061W,YDR312W,1.4079351018381203e-09
YOR061W,YFL037W,2.344833774259314e-05
YOR061W,YDL038C,0.2020167112350464
YOR061W,YDL039C,5.767685049180848e-13
YOR061W,YCL027W,1.46387013622018e-09
YOR061W,YML124C,6.442570001791159e-13
YOR061W,YGL053W,1.6680719028272506e-09
YOR061W,YMR232W,1.615588303138793e-07
YOR061W,YNL298W,5.676281489286339e-07
YOR061W,YGL099W,7.010745066080015e-13
YOR061W,YBL016W,1.11080694796317e-16
YOR061W,YAL041W,2.073284877113224e-10
YOR061W,YDR085C,1.55438395488261e-09
YOR061W,YPL187W,8.049909229157493e-05
YOR061W,YPL256C,1.9193601243951142e-13
YOR061W,YDR461W,1.5743070846951923e-08
YOR061W,YNL145W,1.0551690814500359e-12
YKL045W,YDL165W,7.555461820629716e-07
YKL045W,YGR059W,2.2662343326373957e-05
YKL045W,YBR109C,6.20773032977695e-09
YKL045W,YJL080C,0.0004831473925150931
YKL045W,YCR093W,2.5132516157100326e-07
YKL045W,YIL122W,0.00014833267778158188
YKL045W,YCL029C,9.047659539976327e-13
YKL045W,YNL173C,0.0009662381489761174
YKL045W,YLR452C,0.9982762336730957
YKL045W,YDL160C,0.0879446268081665
YKL045W,YLR229C,0.29970288276672363
YKL045W,YML057W,1.7808831387355895e-07
YKL045W,YER149C,7.286816253326833e-05
YKL045W,YMR305C,0.24648186564445496
YKL045W,YLR433C,7.160423137975158e-06
YKL045W,YJL073W,2.9212149734759996e-13
YKL045W,YGR279C,0.004603266716003418
YKL045W,YKL190W,0.0005407679709605873
YKL045W,YGL089C,5.065719165756738e-14
YKL045W,YJL019W,3.4866456943838386e-10
YKL045W,YJL018W,0.2020167112350464
YKL045W,YNR032C-A,0.5747530460357666
YKL045W,YGL178W,4.628399619832635e-05
YKL045W,YKL116C,1.3782154439923033e-07
YKL045W,YDL214C,0.028464628383517265
YKL045W,YLR362W,7.898048534626945e-12
YKL045W,YER068W,0.31210654973983765
YKL045W,YHR084W,0.0002886634028982371
YKL045W,YDR392W,0.00108425528742373
YKL045W,YNL053W,9.967227015295066e-06
YKL045W,YGR040W,0.07410035282373428
YKL045W,YDL216C,0.6455182433128357
YKL045W,YOL117W,3.2126192195391923e-07
YKL045W,YJR086W,8.330724554639346e-09
YKL045W,YMR025W,0.024835994467139244
YKL045W,YBR081C,0.0017463829135522246
YKL045W,YFL026W,0.00014293729327619076
YKL045W,YHL007C,6.988350176317937e-11
YKL045W,YNR044W,4.616917070876525e-09
YKL045W,YNL271C,5.90702207148297e-08
YKL045W,YDR200C,7.895277320812966e-08
YKL045W,YKL178C,4.295407961762976e-06
YKL045W,YOR212W,6.586617473658407e-08
YKL045W,YOL111C,2.915676589054783e-09
YKL045W,YGL032C,3.266757630626671e-05
YKL045W,YHR005C,0.7671476602554321
YKL045W,YDR103W,0.00015986176731530577
YKL045W,YJR084W,3.522571390135454e-08
YKL045W,YCL032W,0.02193947695195675
YKL045W,YJL170C,0.059435565024614334
YKL045W,YDR179C,6.3370068741075425e-12
YKL045W,YBR095C,3.780508350814671e-08
YKL045W,YLL021W,0.011138727888464928
YKL045W,YDL159W,0.0007514159078709781
YKL045W,YNL161W,1.5027788791144303e-08
YKL045W,YNL188W,1.0116118609460045e-08
YKL045W,YJL157C,4.144510068471163e-09
YKL045W,YJL034W,2.361668860473287e-09
YKL045W,YLR238W,6.449503871408524e-06
YKL045W,YPR141C,0.5391747355461121
YKL045W,YNL127W,0.004863646812736988
YKL045W,YCL055W,0.0006883961032144725
YKL045W,YPR122W,0.015334884636104107
YKL045W,YMR065W,0.17288535833358765
YKL045W,YDR356W,0.04945315793156624
YKL045W,YMR052W,1.6837168811956182e-11
YKL045W,YFR008W,1.0350416914661764e-06
YKL045W,YLL043W,0.0006209005368873477
YKL045W,YMR029C,8.002142060092865e-09
YKL045W,YJR004C,8.156332143016698e-08
YKL045W,YDL223C,7.643810022273101e-06
YKL045W,YHR158C,6.042499833824877e-09
YKL045W,YGR238C,1.1723972193067311e-06
YKL045W,YIL015W,0.39457741379737854
YKL045W,YGL173C,3.7869858715566806e-06
YKL045W,YDL225W,1.6286963727907278e-05
YKL045W,YLR330W,8.160175660187896e-12
YKL045W,YBR129C,3.212715682820999e-06
YKL045W,YKR095W-A,0.2020167112350464
YKL045W,YPR075C,1.4773541501256204e-08
YKL045W,YMR198W,0.00024082534946501255
YKL045W,YOR127W,0.00044127204455435276
YKL045W,YDR264C,1.1109921160823433e-07
YKL045W,YLR110C,8.116499884636141e-06
YKL045W,YDR379W,2.6702057231986487e-10
YKL045W,YDL100C,3.331416564833489e-07
YKL045W,YHR073W,0.011391200125217438
YKL045W,YJR090C,0.18638873100280762
YKL045W,YOR208W,2.9782398996758275e-05
YKL045W,YBR040W,0.005894789472222328
YKL045W,YNL279W,0.2925719916820526
YKL045W,YER075C,4.111284943064675e-05
YKL045W,YCR089W,4.952565291205246e-07
YKL045W,YCR002C,2.7406102276472666e-07
YKL045W,YJL108C,4.8058718675747514e-05
YKL045W,YBR200W,0.03202572092413902
YKL045W,YIL026C,0.0009562360937707126
YKL045W,YJR076C,9.862755057099548e-10
YKL045W,YKR031C,8.557574619771913e-05
YKL045W,YPL192C,0.0003217143239453435
YKL045W,YHR107C,1.7890293747768737e-05
YKL045W,YIL037C,5.9939236962236464e-05
YKL045W,YPL156C,0.012399435043334961
YKL045W,YIL117C,0.02399727888405323
YKL045W,YHR066W,2.0428721260683003e-20
YKL045W,YML085C,1.375606188958045e-07
YKL045W,YML047C,0.2151232212781906
YKL045W,YDR312W,1.2774940827409154e-10
YKL045W,YFL037W,0.0004629867326002568
YKL045W,YDL038C,0.2020167112350464
YKL045W,YDL039C,2.2970443255831974e-11
YKL045W,YCL027W,7.623030978720635e-05
YKL045W,YML124C,9.276040491279502e-10
YKL045W,YGL053W,9.022565063787624e-05
YKL045W,YMR232W,8.473193702229764e-06
YKL045W,YNL298W,1.9094423264753857e-10
YKL045W,YGL099W,9.215530422101992e-11
YKL045W,YBL016W,4.1045153921004385e-05
YKL045W,YAL041W,0.0005071611376479268
YKL045W,YDR085C,0.006989596411585808
YKL045W,YPL187W,0.0019752203952521086
YKL045W,YPL256C,4.693730293325871e-09
YKL045W,YDR461W,8.848083439261245e-07
YKL045W,YNL145W,3.917575291945141e-11
YDL044C,YDL165W,1.8381624613539316e-06
YDL044C,YGR059W,2.120148201356642e-05
YDL044C,YBR109C,8.381613952224143e-06
YDL044C,YJL080C,0.0016965564573183656
YDL044C,YCR093W,3.122323448678799e-07
YDL044C,YIL122W,0.0024195865262299776
YDL044C,YCL029C,1.2887909406344988e-06
YDL044C,YNL173C,3.0613854562488996e-08
YDL044C,YLR452C,0.5029792189598083
YDL044C,YDL160C,0.7016536593437195
YDL044C,YLR229C,2.013752600760199e-05
YDL044C,YML057W,8.052201678765414e-07
YDL044C,YER149C,0.0007088721613399684
YDL044C,YMR305C,2.4082666641334072e-05
YDL044C,YLR433C,0.0013049464905634522
YDL044C,YJL073W,3.3476825755940354e-09
YDL044C,YGR279C,1.2938383545969823e-13
YDL044C,YKL190W,0.0053114923648536205
YDL044C,YGL089C,7.482567889383063e-05
YDL044C,YJL019W,0.00011439749505370855
YDL044C,YJL018W,0.0002910727052949369
YDL044C,YNR032C-A,0.5560012459754944
YDL044C,YGL178W,0.01944590173661709
YDL044C,YKL116C,3.9092240864757946e-14
YDL044C,YDL214C,0.001859240815974772
YDL044C,YLR362W,6.49433215538231e-11
YDL044C,YER068W,0.008187743835151196
YDL044C,YHR084W,0.9991520643234253
YDL044C,YDR392W,7.689770427532494e-05
YDL044C,YNL053W,0.00015166669618338346
YDL044C,YGR040W,6.894386501699046e-07
YDL044C,YDL216C,6.06635086538047e-15
YDL044C,YOL117W,0.02117462456226349
YDL044C,YJR086W,0.5232766270637512
YDL044C,YMR025W,1.8734319651159126e-10
YDL044C,YBR081C,3.143783760606311e-05
YDL044C,YFL026W,0.8568617701530457
YDL044C,YHL007C,8.040135838192648e-15
YDL044C,YNR044W,1.9775866708093837e-11
YDL044C,YNL271C,0.0013058573240414262
YDL044C,YDR200C,1.2281726746721233e-09
YDL044C,YKL178C,0.0013559794751927257
YDL044C,YOR212W,0.0017201376613229513
YDL044C,YOL111C,1.2426999298674093e-20
YDL044C,YGL032C,0.0010719483252614737
YDL044C,YHR005C,0.0003679701476357877
YDL044C,YDR103W,0.0019183033145964146
YDL044C,YJR084W,2.949990266642999e-05
YDL044C,YCL032W,0.3001684248447418
YDL044C,YJL170C,0.00027739364304579794
YDL044C,YDR179C,7.024829631570913e-16
YDL044C,YBR095C,7.712749356869608e-05
YDL044C,YLL021W,0.001517590251751244
YDL044C,YDL159W,7.359340088441968e-07
YDL044C,YNL161W,1.0902155844760841e-09
YDL044C,YNL188W,3.314795549158589e-09
YDL044C,YJL157C,5.6646951018812786e-11
YDL044C,YJL034W,1.024934778531308e-20
YDL044C,YLR238W,0.0008220913587138057
YDL044C,YPR141C,0.773578941822052
YDL044C,YNL127W,0.04874729365110397
YDL044C,YCL055W,2.611960553622339e-05
YDL044C,YPR122W,0.9978315234184265
YDL044C,YMR065W,0.0015530451200902462
YDL044C,YDR356W,1.5860887714325145e-08
YDL044C,YMR052W,0.012543059885501862
YDL044C,YFR008W,0.0014990752097219229
YDL044C,YLL043W,2.7395623192205676e-07
YDL044C,YMR029C,0.3744681179523468
YDL044C,YJR004C,1.2285838124626025e-07
YDL044C,YDL223C,1.6905968710731207e-15
YDL044C,YHR158C,0.0005228559020906687
YDL044C,YGR238C,8.277302754322591e-07
YDL044C,YIL015W,0.9211497902870178
YDL044C,YGL173C,7.88080967595306e-07
YDL044C,YDL225W,0.00023733593116048723
YDL044C,YLR330W,4.626979261956876e-06
YDL044C,YBR129C,0.001064283074811101
YDL044C,YKR095W-A,0.2020167112350464
YDL044C,YPR075C,1.908370857173214e-11
YDL044C,YMR198W,0.0801386833190918
YDL044C,YOR127W,0.008269102312624454
YDL044C,YDR264C,0.7277714610099792
YDL044C,YLR110C,1.260913904843619e-06
YDL044C,YDR379W,0.9996384382247925
YDL044C,YDL100C,0.8256272077560425
YDL044C,YHR073W,7.534617196824911e-08
YDL044C,YJR090C,0.00012602517381310463
YDL044C,YOR208W,2.5658188462784892e-08
YDL044C,YBR040W,0.6752488017082214
YDL044C,YNL279W,8.081999112619087e-05
YDL044C,YER075C,0.00016389842494390905
YDL044C,YCR089W,1.7730351373757003e-06
YDL044C,YCR002C,0.5921716094017029
YDL044C,YJL108C,0.021641965955495834
YDL044C,YBR200W,5.013525705699351e-10
YDL044C,YIL026C,6.589504941700852e-09
YDL044C,YJR076C,2.413527226963197e-07
YDL044C,YKR031C,0.0019194858614355326
YDL044C,YPL192C,0.026821188628673553
YDL044C,YHR107C,1.7674675234502502e-07
YDL044C,YIL037C,0.9874824285507202
YDL044C,YPL156C,0.00037292606430128217
YDL044C,YIL117C,0.9788855910301208
YDL044C,YHR066W,2.46430259960009e-15
YDL044C,YML085C,0.021814139559864998
YDL044C,YML047C,0.0018898327834904194
YDL044C,YDR312W,9.326280660292355e-14
YDL044C,YFL037W,2.7796148060588166e-05
YDL044C,YDL038C,0.2020167112350464
YDL044C,YDL039C,2.2033518121133966e-08
YDL044C,YCL027W,0.9991874098777771
YDL044C,YML124C,0.00016620653332211077
YDL044C,YGL053W,0.007751523517072201
YDL044C,YMR232W,0.0015689012361690402
YDL044C,YNL298W,0.0006819024565629661
YDL044C,YGL099W,1.7018327327195615e-19
YDL044C,YBL016W,4.6185569146928174e-08
YDL044C,YAL041W,0.00018292563618160784
YDL044C,YDR085C,2.104568193317391e-05
YDL044C,YPL187W,0.0006089621456339955
YDL044C,YPL256C,9.166481618194666e-07
YDL044C,YDR461W,0.008110549300909042
YDL044C,YNL145W,6.959984602872282e-05
YDR522C,YDL165W,8.872087953193386e-09
YDR522C,YGR059W,6.234149168449221e-06
YDR522C,YBR109C,0.039736367762088776
YDR522C,YJL080C,5.658073405356845e-07
YDR522C,YCR093W,1.6399928881583037e-06
YDR522C,YIL122W,4.774054573886133e-08
YDR522C,YCL029C,0.0002388632856309414
YDR522C,YNL173C,1.7652708095283742e-07
YDR522C,YLR452C,1.543149830141033e-09
YDR522C,YDL160C,1.847647945396602e-05
YDR522C,YLR229C,1.7035721100455703e-07
YDR522C,YML057W,0.0006023661699146032
YDR522C,YER149C,0.9983918070793152
YDR522C,YMR305C,4.410063980664347e-10
YDR522C,YLR433C,2.652104230671526e-11
YDR522C,YJL073W,0.0029735818970948458
YDR522C,YGR279C,1.1747878261303413e-06
YDR522C,YKL190W,3.346692096783954e-07
YDR522C,YGL089C,0.0021329892333596945
YDR522C,YJL019W,0.0026926472783088684
YDR522C,YJL018W,0.0015566013753414154
YDR522C,YNR032C-A,0.00024466001195833087
YDR522C,YGL178W,0.00022335650282911956
YDR522C,YKL116C,7.556870696134865e-05
YDR522C,YDL214C,5.6098506320267916e-05
YDR522C,YLR362W,3.3957994673983194e-06
YDR522C,YER068W,0.0010440164478495717
YDR522C,YHR084W,9.465378481010589e-11
YDR522C,YDR392W,0.00031087655224837363
YDR522C,YNL053W,0.0032932907342910767
YDR522C,YGR040W,0.9952893257141113
YDR522C,YDL216C,1.6299368799099767e-10
YDR522C,YOL117W,0.11338077485561371
YDR522C,YJR086W,2.545767188166792e-07
YDR522C,YMR025W,0.9019286036491394
YDR522C,YBR081C,0.0003964886418543756
YDR522C,YFL026W,3.565019213169762e-08
YDR522C,YHL007C,1.7857855709735304e-05
YDR522C,YNR044W,4.4217930650347625e-08
YDR522C,YNL271C,0.0020105382427573204
YDR522C,YDR200C,1.2579816077717965e-09
YDR522C,YKL178C,0.8803902268409729
YDR522C,YOR212W,5.2979422932031284e-11
YDR522C,YOL111C,0.0013038346078246832
YDR522C,YGL032C,2.999402681780339e-08
YDR522C,YHR005C,1.805650917674484e-08
YDR522C,YDR103W,0.0035451739095151424
YDR522C,YJR084W,2.1809859390486963e-05
YDR522C,YCL032W,0.047145433723926544
YDR522C,YJL170C,1.0170211339755042e-08
YDR522C,YDR179C,0.00022647409059572965
YDR522C,YBR095C,0.3685450851917267
YDR522C,YLL021W,8.00067656570036e-09
YDR522C,YDL159W,4.1237324666099084e-09
YDR522C,YNL161W,0.0012656678445637226
YDR522C,YNL188W,5.831864435812406e-10
YDR522C,YJL157C,0.07591240108013153
YDR522C,YJL034W,1.0556165364050685e-07
YDR522C,YLR238W,5.441030452857376e-07
YDR522C,YPR141C,1.8532880858401768e-05
YDR522C,YNL127W,0.0001243428123416379
YDR522C,YCL055W,0.0029481565579771996
YDR522C,YPR122W,2.24846027213621e-11
YDR522C,YMR065W,6.940529401200379e-11
YDR522C,YDR356W,4.0993494709873346e-10
YDR522C,YMR052W,0.9866437315940857
YDR522C,YFR008W,0.031157825142145157
YDR522C,YLL043W,0.0005328317638486624
YDR522C,YMR029C,0.7537199258804321
YDR522C,YJR004C,4.5487817956768595e-09
YDR522C,YDL223C,3.6877460729556333e-07
YDR522C,YHR158C,8.673916446211294e-11
YDR522C,YGR238C,0.005825507454574108
YDR522C,YIL015W,1.6025277105313762e-08
YDR522C,YGL173C,6.562026828760281e-05
YDR522C,YDL225W,0.11978158354759216
YDR522C,YLR330W,2.7573335614761163e-07
YDR522C,YBR129C,5.41633453394752e-05
YDR522C,YKR095W-A,0.2020167112350464
YDR522C,YPR075C,5.3166036018126306e-09
YDR522C,YMR198W,2.5776685230738394e-09
YDR522C,YOR127W,6.428305641748011e-05
YDR522C,YDR264C,6.11080281487375e-07
YDR522C,YLR110C,0.0012205301318317652
YDR522C,YDR379W,0.0002457850787322968
YDR522C,YDL100C,2.5066562714393115e-10
YDR522C,YHR073W,0.7973620891571045
YDR522C,YJR090C,1.3160847345261573e-07
YDR522C,YOR208W,0.3740644156932831
YDR522C,YBR040W,1.3647153309648274e-06
YDR522C,YNL279W,0.0008693437557667494
YDR522C,YER075C,0.013762356713414192
YDR522C,YCR089W,3.7240172332531074e-06
YDR522C,YCR002C,1.4887203292346385e-07
YDR522C,YJL108C,0.47666609287261963
YDR522C,YBR200W,0.34047338366508484
YDR522C,YIL026C,3.367793866004831e-08
YDR522C,YJR076C,2.8151137598797504e-07
YDR522C,YKR031C,0.015268618240952492
YDR522C,YPL192C,4.672552313422784e-05
YDR522C,YHR107C,9.346773367724381e-06
YDR522C,YIL037C,1.962692839198657e-13
YDR522C,YPL156C,2.742658100629569e-09
YDR522C,YIL117C,5.2481028411932584e-09
YDR522C,YHR066W,3.0489848086290294e-06
YDR522C,YML085C,6.501880125142634e-05
YDR522C,YML047C,0.0005750966374762356
YDR522C,YDR312W,0.00067704584216699
YDR522C,YFL037W,2.565211252658628e-05
YDR522C,YDL038C,0.2020167112350464
YDR522C,YDL039C,2.0880456759186927e-06
YDR522C,YCL027W,5.9771869018732104e-06
YDR522C,YML124C,3.101092488577706e-06
YDR522C,YGL053W,1.0748031797902513e-08
YDR522C,YMR232W,1.7536455843014664e-08
YDR522C,YNL298W,9.930061787599698e-05
YDR522C,YGL099W,5.157559379576071e-10
YDR522C,YBL016W,0.06470825523138046
YDR522C,YAL041W,0.0003113045240752399
YDR522C,YDR085C,2.6835379685508087e-05
YDR522C,YPL187W,0.00035724384360946715
YDR522C,YPL256C,1.1483977857551508e-07
YDR522C,YDR461W,3.500988388083215e-09
YDR522C,YNL145W,3.9577514598931884e-07
YNL037C,YDL165W,3.5050252630841605e-12
YNL037C,YGR059W,9.262329618564547e-12
YNL037C,YBR109C,1.2310880093124865e-09
YNL037C,YJL080C,7.519878545813458e-14
YNL037C,YCR093W,4.6507160732289776e-05
YNL037C,YIL122W,0.6309715509414673
YNL037C,YCL029C,0.00048129312926903367
YNL037C,YNL173C,1.8844182250177255e-06
YNL037C,YLR452C,1.271020784583635e-19
YNL037C,YDL160C,3.768627632183552e-09
YNL037C,YLR229C,8.236306602016352e-13
YNL037C,YML057W,6.880878977710836e-09
YNL037C,YER149C,2.0222715946260905e-08
YNL037C,YMR305C,5.462334057293461e-11
YNL037C,YLR433C,2.5616180183984927e-12
YNL037C,YJL073W,3.375132812122317e-11
YNL037C,YGR279C,1.3228814168542158e-06
YNL037C,YKL190W,4.992658286795404e-09
YNL037C,YGL089C,0.8370839953422546
YNL037C,YJL019W,5.4993458675767215e-09
YNL037C,YJL018W,0.0005795065080747008
YNL037C,YNR032C-A,5.174805482965894e-05
YNL037C,YGL178W,1.296605378620086e-09
YNL037C,YKL116C,1.1157614392998752e-19
YNL037C,YDL214C,4.565591904537314e-09
YNL037C,YLR362W,1.977514152429194e-08
YNL037C,YER068W,0.00034655974013730884
YNL037C,YHR084W,4.322260237328435e-17
YNL037C,YDR392W,6.994831103224186e-11
YNL037C,YNL053W,3.0877814083396515e-07
YNL037C,YGR040W,1.7479319325275355e-08
YNL037C,YDL216C,0.00048130666255019605
YNL037C,YOL117W,2.531150357754086e-06
YNL037C,YJR086W,7.917776201793458e-06
YNL037C,YMR025W,0.0002444343117531389
YNL037C,YBR081C,0.0005267476080916822
YNL037C,YFL026W,1.677731115408175e-27
YNL037C,YHL007C,1.0620856340129263e-14
YNL037C,YNR044W,1.1411961653440272e-10
YNL037C,YNL271C,2.594094904162514e-11
YNL037C,YDR200C,3.63835378491828e-10
YNL037C,YKL178C,2.4105373253036078e-09
YNL037C,YOR212W,5.383583039972772e-21
YNL037C,YOL111C,5.581360085216147e-08
YNL037C,YGL032C,9.296325487184731e-09
YNL037C,YHR005C,4.3624465476642393e-13
YNL037C,YDR103W,4.514293721058493e-07
YNL037C,YJR084W,6.397626748366747e-07
YNL037C,YCL032W,0.0008213897235691547
YNL037C,YJL170C,7.138531953054805e-12
YNL037C,YDR179C,4.7098714276216924e-05
YNL037C,YBR095C,3.703856110703896e-10
YNL037C,YLL021W,2.9305295160442215e-24
YNL037C,YDL159W,5.429095836007036e-06
YNL037C,YNL161W,2.0796912636456e-08
YNL037C,YNL188W,8.762834343778794e-14
YNL037C,YJL157C,2.010544613846996e-31
YNL037C,YJL034W,1.6239681537084136e-19
YNL037C,YLR238W,0.00024765776470303535
YNL037C,YPR141C,1.1974267606108813e-13
YNL037C,YNL127W,2.804470398132253e-07
YNL037C,YCL055W,0.0012292922474443913
YNL037C,YPR122W,1.7820732953546803e-12
YNL037C,YMR065W,2.6301797333871946e-05
YNL037C,YDR356W,7.477376939846181e-09
YNL037C,YMR052W,6.1037902163163515e-12
YNL037C,YFR008W,1.9328934408439392e-14
YNL037C,YLL043W,3.180770136168576e-08
YNL037C,YMR029C,1.9864819858494975e-11
YNL037C,YJR004C,1.3883402205649986e-09
YNL037C,YDL223C,1.2650207270592517e-11
YNL037C,YHR158C,6.917091788238849e-09
YNL037C,YGR238C,3.7289868487278e-05
YNL037C,YIL015W,2.801723468094761e-16
YNL037C,YGL173C,9.21391347219469e-06
YNL037C,YDL225W,5.77385465827529e-11
YNL037C,YLR330W,1.359100133413449e-05
YNL037C,YBR129C,1.2968863529749797e-06
YNL037C,YKR095W-A,0.2020167112350464
YNL037C,YPR075C,1.007401806418784e-05
YNL037C,YMR198W,3.816236358034075e-07
YNL037C,YOR127W,6.670273222653123e-08
YNL037C,YDR264C,1.6745846931343067e-09
YNL037C,YLR110C,5.210587801229849e-07
YNL037C,YDR379W,4.079392965650186e-06
YNL037C,YDL100C,2.9674250411357407e-18
YNL037C,YHR073W,3.063369433675689e-07
YNL037C,YJR090C,2.6889354558079503e-05
YNL037C,YOR208W,1.4808482218242602e-10
YNL037C,YBR040W,2.123609419868444e-06
YNL037C,YNL279W,6.559709664344382e-09
YNL037C,YER075C,0.002175716683268547
YNL037C,YCR089W,1.5280876652923325e-07
YNL037C,YCR002C,0.00011329594417475164
YNL037C,YJL108C,4.3526628701329173e-07
YNL037C,YBR200W,0.0006815308588556945
YNL037C,YIL026C,5.48687484336341e-10
YNL037C,YJR076C,3.269928356530727e-06
YNL037C,YKR031C,7.619349617016269e-06
YNL037C,YPL192C,5.13417091951851e-07
YNL037C,YHR107C,4.080487485680351e-07
YNL037C,YIL037C,5.047168106596508e-16
YNL037C,YPL156C,1.9811110529843745e-09
YNL037C,YIL117C,1.3605525668765328e-13
YNL037C,YHR066W,2.8569472633986626e-14
YNL037C,YML085C,4.206062147876777e-12
YNL037C,YML047C,8.240070431542179e-11
YNL037C,YDR312W,1.514828085191766e-08
YNL037C,YFL037W,4.328456704172368e-09
YNL037C,YDL038C,0.2020167112350464
YNL037C,YDL039C,7.59545285824656e-15
YNL037C,YCL027W,1.928406845763675e-06
YNL037C,YML124C,3.297208697478765e-13
YNL037C,YGL053W,1.9076111523741446e-10
YNL037C,YMR232W,8.235801485234617e-10
YNL037C,YNL298W,1.9459614228025312e-15
YNL037C,YGL099W,7.860057223141315e-12
YNL037C,YBL016W,3.162357181674125e-11
YNL037C,YAL041W,2.881295646517401e-09
YNL037C,YDR085C,2.989657410523705e-09
YNL037C,YPL187W,2.202051945232597e-07
YNL037C,YPL256C,2.2482749884034092e-08
YNL037C,YDR461W,1.1499711599638474e-10
YNL037C,YNL145W,9.097640175925736e-12
tS(AGA)M,YDL165W,4.942345185554586e-06
tS(AGA)M,YGR059W,2.0549317802931455e-09
tS(AGA)M,YBR109C,6.481963410465141e-09
tS(AGA)M,YJL080C,0.008544188924133778
tS(AGA)M,YCR093W,0.00035167287569493055
tS(AGA)M,YIL122W,2.564462920418009e-05
tS(AGA)M,YCL029C,5.496045218933432e-07
tS(AGA)M,YNL173C,1.3945064836207166e-07
tS(AGA)M,YLR452C,0.0002838487271219492
tS(AGA)M,YDL160C,0.0014672287506982684
tS(AGA)M,YLR229C,1.3181798408368195e-07
tS(AGA)M,YML057W,0.00301087717525661
tS(AGA)M,YER149C,5.181277273891283e-08
tS(AGA)M,YMR305C,7.035678351030583e-08
tS(AGA)M,YLR433C,0.00010505153477424756
tS(AGA)M,YJL073W,0.2859213650226593
tS(AGA)M,YGR279C,0.00036430152249522507
tS(AGA)M,YKL190W,1.27285645135089e-07
tS(AGA)M,YGL089C,0.0003846756590064615
tS(AGA)M,YJL019W,0.0001691728102741763
tS(AGA)M,YJL018W,0.2020167112350464
tS(AGA)M,YNR032C-A,1.6983035777684563e-07
tS(AGA)M,YGL178W,0.2067602425813675
tS(AGA)M,YKL116C,0.052400942891836166
tS(AGA)M,YDL214C,0.0002622220781631768
tS(AGA)M,YLR362W,6.516212579299463e-06
tS(AGA)M,YER068W,3.878670611356938e-07
tS(AGA)M,YHR084W,9.109933785111934e-08
tS(AGA)M,YDR392W,2.9410470503421493e-08
tS(AGA)M,YNL053W,7.307786290766671e-06
tS(AGA)M,YGR040W,0.002107354113832116
tS(AGA)M,YDL216C,8.119185804389417e-05
tS(AGA)M,YOL117W,0.0002489729376975447
tS(AGA)M,YJR086W,2.50638527177216e-06
tS(AGA)M,YMR025W,0.0001686275063548237
tS(AGA)M,YBR081C,2.252567199434452e-08
tS(AGA)M,YFL026W,5.156249608262442e-05
tS(AGA)M,YHL007C,6.447609848692082e-06
tS(AGA)M,YNR044W,5.073796637589112e-05
tS(AGA)M,YNL271C,1.0748076419986319e-05
tS(AGA)M,YDR200C,1.4730989050804055e-07
tS(AGA)M,YKL178C,0.01313087623566389
tS(AGA)M,YOR212W,0.02079731598496437
tS(AGA)M,YOL111C,0.01071228738874197
tS(AGA)M,YGL032C,8.265896553893981e-07
tS(AGA)M,YHR005C,4.534600066108396e-06
tS(AGA)M,YDR103W,7.887916581239551e-06
tS(AGA)M,YJR084W,0.0010660162661224604
tS(AGA)M,YCL032W,1.8634449361343286e-06
tS(AGA)M,YJL170C,1.0730316716944799e-05
tS(AGA)M,YDR179C,1.945078622611618e-07
tS(AGA)M,YBR095C,3.5951225640928897e-07
tS(AGA)M,YLL021W,2.3016711566015147e-05
tS(AGA)M,YDL159W,1.0847634257515892e-07
tS(AGA)M,YNL161W,0.0002898125094361603
tS(AGA)M,YNL188W,9.571701230015606e-05
tS(AGA)M,YJL157C,0.00011256056313868612
tS(AGA)M,YJL034W,2.2061591664623847e-07
tS(AGA)M,YLR238W,0.00010311695950804278
tS(AGA)M,YPR141C,2.9694215299969073e-06
tS(AGA)M,YNL127W,0.02444843389093876
tS(AGA)M,YCL055W,4.659892510971986e-05
tS(AGA)M,YPR122W,1.3147015124559402e-05
tS(AGA)M,YMR065W,1.1355266906321049e-05
tS(AGA)M,YDR356W,4.6730228859814815e-06
tS(AGA)M,YMR052W,3.5516633943188936e-05
tS(AGA)M,YFR008W,0.0071518984623253345
tS(AGA)M,YLL043W,9.116944966081064e-06
tS(AGA)M,YMR029C,1.996943410631502e-06
tS(AGA)M,YJR004C,6.238994683371857e-05
tS(AGA)M,YDL223C,6.889979704283178e-05
tS(AGA)M,YHR158C,0.0005841414094902575
tS(AGA)M,YGR238C,0.0003106069634668529
tS(AGA)M,YIL015W,1.9600807088515637e-10
tS(AGA)M,YGL173C,0.007452812511473894
tS(AGA)M,YDL225W,5.077535902842101e-08
tS(AGA)M,YLR330W,1.8625511074787937e-05
tS(AGA)M,YBR129C,4.2905729060294107e-05
tS(AGA)M,YKR095W-A,0.2020167112350464
tS(AGA)M,YPR075C,0.001330181839875877
tS(AGA)M,YMR198W,0.0001115614504669793
tS(AGA)M,YOR127W,0.0003270797024015337
tS(AGA)M,YDR264C,4.359660579211777e-06
tS(AGA)M,YLR110C,2.841405148501508e-05
tS(AGA)M,YDR379W,0.0002178217109758407
tS(AGA)M,YDL100C,0.0037083872593939304
tS(AGA)M,YHR073W,3.5681754440020086e-08
tS(AGA)M,YJR090C,8.322977862462722e-08
tS(AGA)M,YOR208W,0.002218614798039198
tS(AGA)M,YBR040W,1.0315359677548486e-09
tS(AGA)M,YNL279W,1.8873862472901237e-07
tS(AGA)M,YER075C,1.1955721745948722e-08
tS(AGA)M,YCR089W,1.0955432117043529e-05
tS(AGA)M,YCR002C,9.764827169078671e-09
tS(AGA)M,YJL108C,2.6349473046138883e-05
tS(AGA)M,YBR200W,4.9285263230558485e-05
tS(AGA)M,YIL026C,3.7111547612767026e-07
tS(AGA)M,YJR076C,9.06295554159442e-06
tS(AGA)M,YKR031C,5.8275112735373114e-08
tS(AGA)M,YPL192C,0.0001353834813926369
tS(AGA)M,YHR107C,0.00012206583051010966
tS(AGA)M,YIL037C,7.099620688677533e-06
tS(AGA)M,YPL156C,0.02057483419775963
tS(AGA)M,YIL117C,0.0010000455658882856
tS(AGA)M,YHR066W,5.4204665062007606e-11
tS(AGA)M,YML085C,0.00523836724460125
tS(AGA)M,YML047C,2.339522779948311e-07
tS(AGA)M,YDR312W,1.5251986340558688e-08
tS(AGA)M,YFL037W,0.0004748408973682672
tS(AGA)M,YDL038C,0.2020167112350464
tS(AGA)M,YDL039C,1.598220296727959e-05
tS(AGA)M,YCL027W,0.00047927189734764397
tS(AGA)M,YML124C,0.06183739751577377
tS(AGA)M,YGL053W,3.250954614486545e-05
tS(AGA)M,YMR232W,6.900019070599228e-05
tS(AGA)M,YNL298W,3.419202920795783e-09
tS(AGA)M,YGL099W,4.4292187695305074e-09
tS(AGA)M,YBL016W,0.005696976091712713
tS(AGA)M,YAL041W,3.867075903940531e-08
tS(AGA)M,YDR085C,1.5149130376812536e-05
tS(AGA)M,YPL187W,0.00021123905025888234
tS(AGA)M,YPL256C,0.00018647380056791008
tS(AGA)M,YDR461W,2.083862966628658e-07
tS(AGA)M,YNL145W,1.744149085425306e-05
YMR087W,YDL165W,0.0002924471045844257
YMR087W,YGR059W,1.256910735492056e-07
YMR087W,YBR109C,0.003615487599745393
YMR087W,YJL080C,1.6989480400297907e-06
YMR087W,YCR093W,0.001893943059258163
YMR087W,YIL122W,0.09593833237886429
YMR087W,YCL029C,3.817317306697987e-08
YMR087W,YNL173C,0.9979200959205627
YMR087W,YLR452C,7.279361557976927e-10
YMR087W,YDL160C,0.43445947766304016
YMR087W,YLR229C,6.148363172542304e-05
YMR087W,YML057W,0.00015008678019512445
YMR087W,YER149C,0.999876856803894
YMR087W,YMR305C,0.999924898147583
YMR087W,YLR433C,0.000777853187173605
YMR087W,YJL073W,1.6393356006005888e-08
YMR087W,YGR279C,0.8675041198730469
YMR087W,YKL190W,2.698836397030391e-06
YMR087W,YGL089C,1.0269427548337262e-06
YMR087W,YJL019W,0.026682941243052483
YMR087W,YJL018W,0.0006145967054180801
YMR087W,YNR032C-A,0.6946191787719727
YMR087W,YGL178W,4.2213073356833775e-06
YMR087W,YKL116C,7.348679673668812e-07
YMR087W,YDL214C,0.0013977508060634136
YMR087W,YLR362W,7.71612426730961e-11
YMR087W,YER068W,2.0353418506147136e-07
YMR087W,YHR084W,3.341836695065249e-14
YMR087W,YDR392W,0.0005341185606084764
YMR087W,YNL053W,0.000232441583648324
YMR087W,YGR040W,0.0216594859957695
YMR087W,YDL216C,0.000562527624424547
YMR087W,YOL117W,2.8039326934958808e-05
YMR087W,YJR086W,0.4148120880126953
YMR087W,YMR025W,0.0001485482498537749
YMR087W,YBR081C,1.1193966429345892e-06
YMR087W,YFL026W,6.219115675776266e-07
YMR087W,YHL007C,4.668146424968711e-11
YMR087W,YNR044W,3.432703351791133e-06
YMR087W,YNL271C,0.7713328003883362
YMR087W,YDR200C,0.0031827937345951796
YMR087W,YKL178C,0.0001240117271663621
YMR087W,YOR212W,0.5898947715759277
YMR087W,YOL111C,1.237773858520086e-06
YMR087W,YGL032C,1.2602703463926446e-05
YMR087W,YHR005C,5.288160082272952e-06
YMR087W,YDR103W,0.0005602753954008222
YMR087W,YJR084W,1.4396844562725164e-05
YMR087W,YCL032W,5.771964060841128e-05
YMR087W,YJL170C,0.18853452801704407
YMR087W,YDR179C,4.864834005592473e-20
YMR087W,YBR095C,0.005748812574893236
YMR087W,YLL021W,1.8645558839125442e-06
YMR087W,YDL159W,1.963637608071167e-08
YMR087W,YNL161W,0.0035617456305772066
YMR087W,YNL188W,1.886099942893793e-09
YMR087W,YJL157C,2.0338906340372498e-13
YMR087W,YJL034W,0.07361719757318497
YMR087W,YLR238W,4.6793552428425755e-06
YMR087W,YPR141C,0.03389773517847061
YMR087W,YNL127W,0.48385390639305115
YMR087W,YCL055W,5.3265863941831526e-11
YMR087W,YPR122W,0.8200058341026306
YMR087W,YMR065W,0.42813289165496826
YMR087W,YDR356W,0.010253416374325752
YMR087W,YMR052W,0.002007175935432315
YMR087W,YFR008W,9.403889862369397e-07
YMR087W,YLL043W,0.015721585601568222
YMR087W,YMR029C,0.0010212939232587814
YMR087W,YJR004C,2.1084081254230114e-06
YMR087W,YDL223C,1.064060714539572e-10
YMR087W,YHR158C,5.134200478096318e-07
YMR087W,YGR238C,0.004526089411228895
YMR087W,YIL015W,0.018884263932704926
YMR087W,YGL173C,0.5379044413566589
YMR087W,YDL225W,3.5245226172264665e-05
YMR087W,YLR330W,7.927756655590201e-07
YMR087W,YBR129C,0.5057104825973511
YMR087W,YKR095W-A,0.2020167112350464
YMR087W,YPR075C,1.6122976376209408e-06
YMR087W,YMR198W,0.00019976474868599325
YMR087W,YOR127W,9.431621947442181e-06
YMR087W,YDR264C,0.0051108188927173615
YMR087W,YLR110C,0.04890500754117966
YMR087W,YDR379W,0.00016440838226117194
YMR087W,YDL100C,2.252826561743859e-06
YMR087W,YHR073W,0.06469816714525223
YMR087W,YJR090C,4.725965118268505e-05
YMR087W,YOR208W,6.48205855213746e-07
YMR087W,YBR040W,2.428163861623034e-05
YMR087W,YNL279W,7.60373495722888e-06
YMR087W,YER075C,0.009485273621976376
YMR087W,YCR089W,3.4073813649088125e-12
YMR087W,YCR002C,0.9597128033638
YMR087W,YJL108C,0.0008402818348258734
YMR087W,YBR200W,1.758742818047665e-09
YMR087W,YIL026C,0.0005218182923272252
YMR087W,YJR076C,0.9979795813560486
YMR087W,YKR031C,0.0006432707305066288
YMR087W,YPL192C,0.007861354388296604
YMR087W,YHR107C,0.02715846337378025
YMR087W,YIL037C,1.0032829322881298e-06
YMR087W,YPL156C,0.056301143020391464
YMR087W,YIL117C,1.7918374339842558e-07
YMR087W,YHR066W,1.6907456357565106e-22
YMR087W,YML085C,0.8701580166816711
YMR087W,YML047C,0.00016901222988963127
YMR087W,YDR312W,8.644216723041609e-05
YMR087W,YFL037W,0.8995739221572876
YMR087W,YDL038C,0.2020167112350464
YMR087W,YDL039C,9.547841821824485e-19
YMR087W,YCL027W,0.0020233362447470427
YMR087W,YML124C,1.215040015267732e-06
YMR087W,YGL053W,4.344725255123194e-07
YMR087W,YMR232W,0.05422874540090561
YMR087W,YNL298W,2.475001019774936e-05
YMR087W,YGL099W,4.240632449636905e-07
YMR087W,YBL016W,1.0619794466038002e-06
YMR087W,YAL041W,0.03922354429960251
YMR087W,YDR085C,0.8981115818023682
YMR087W,YPL187W,0.007304641418159008
YMR087W,YPL256C,1.3385475483573828e-07
YMR087W,YDR461W,2.3156560928327963e-05
YMR087W,YNL145W,4.810082110395797e-09
tT(AGU)H,YDL165W,0.2020167112350464
tT(AGU)H,YGR059W,0.2020167112350464
tT(AGU)H,YBR109C,0.2020167112350464
tT(AGU)H,YJL080C,0.2020167112350464
tT(AGU)H,YCR093W,0.2020167112350464
tT(AGU)H,YIL122W,0.2020167112350464
tT(AGU)H,YCL029C,0.2020167112350464
tT(AGU)H,YNL173C,0.2020167112350464
tT(AGU)H,YLR452C,0.2020167112350464
tT(AGU)H,YDL160C,0.2020167112350464
tT(AGU)H,YLR229C,0.2020167112350464
tT(AGU)H,YML057W,0.2020167112350464
tT(AGU)H,YER149C,0.2020167112350464
tT(AGU)H,YMR305C,0.2020167112350464
tT(AGU)H,YLR433C,0.2020167112350464
tT(AGU)H,YJL073W,0.2020167112350464
tT(AGU)H,YGR279C,0.2020167112350464
tT(AGU)H,YKL190W,0.2020167112350464
tT(AGU)H,YGL089C,0.2020167112350464
tT(AGU)H,YJL019W,0.2020167112350464
tT(AGU)H,YJL018W,0.2020167112350464
tT(AGU)H,YNR032C-A,0.2020167112350464
tT(AGU)H,YGL178W,0.2020167112350464
tT(AGU)H,YKL116C,0.2020167112350464
tT(AGU)H,YDL214C,0.2020167112350464
tT(AGU)H,YLR362W,0.2020167112350464
tT(AGU)H,YER068W,0.2020167112350464
tT(AGU)H,YHR084W,0.2020167112350464
tT(AGU)H,YDR392W,0.2020167112350464
tT(AGU)H,YNL053W,0.2020167112350464
tT(AGU)H,YGR040W,0.2020167112350464
tT(AGU)H,YDL216C,0.2020167112350464
tT(AGU)H,YOL117W,0.2020167112350464
tT(AGU)H,YJR086W,0.2020167112350464
tT(AGU)H,YMR025W,0.2020167112350464
tT(AGU)H,YBR081C,0.2020167112350464
tT(AGU)H,YFL026W,0.2020167112350464
tT(AGU)H,YHL007C,0.2020167112350464
tT(AGU)H,YNR044W,0.2020167112350464
tT(AGU)H,YNL271C,0.2020167112350464
tT(AGU)H,YDR200C,0.2020167112350464
tT(AGU)H,YKL178C,0.2020167112350464
tT(AGU)H,YOR212W,0.2020167112350464
tT(AGU)H,YOL111C,0.2020167112350464
tT(AGU)H,YGL032C,0.2020167112350464
tT(AGU)H,YHR005C,0.2020167112350464
tT(AGU)H,YDR103W,0.2020167112350464
tT(AGU)H,YJR084W,0.2020167112350464
tT(AGU)H,YCL032W,0.2020167112350464
tT(AGU)H,YJL170C,0.2020167112350464
tT(AGU)H,YDR179C,0.2020167112350464
tT(AGU)H,YBR095C,0.2020167112350464
tT(AGU)H,YLL021W,0.2020167112350464
tT(AGU)H,YDL159W,0.2020167112350464
tT(AGU)H,YNL161W,0.2020167112350464
tT(AGU)H,YNL188W,0.2020167112350464
tT(AGU)H,YJL157C,0.2020167112350464
tT(AGU)H,YJL034W,0.2020167112350464
tT(AGU)H,YLR238W,0.2020167112350464
tT(AGU)H,YPR141C,0.2020167112350464
tT(AGU)H,YNL127W,0.2020167112350464
tT(AGU)H,YCL055W,0.2020167112350464
tT(AGU)H,YPR122W,0.2020167112350464
tT(AGU)H,YMR065W,0.2020167112350464
tT(AGU)H,YDR356W,0.2020167112350464
tT(AGU)H,YMR052W,0.2020167112350464
tT(AGU)H,YFR008W,0.2020167112350464
tT(AGU)H,YLL043W,0.2020167112350464
tT(AGU)H,YMR029C,0.2020167112350464
tT(AGU)H,YJR004C,0.2020167112350464
tT(AGU)H,YDL223C,0.2020167112350464
tT(AGU)H,YHR158C,0.2020167112350464
tT(AGU)H,YGR238C,0.2020167112350464
tT(AGU)H,YIL015W,0.2020167112350464
tT(AGU)H,YGL173C,0.2020167112350464
tT(AGU)H,YDL225W,0.2020167112350464
tT(AGU)H,YLR330W,0.2020167112350464
tT(AGU)H,YBR129C,0.2020167112350464
tT(AGU)H,YKR095W-A,0.2020167112350464
tT(AGU)H,YPR075C,0.2020167112350464
tT(AGU)H,YMR198W,0.2020167112350464
tT(AGU)H,YOR127W,0.2020167112350464
tT(AGU)H,YDR264C,0.2020167112350464
tT(AGU)H,YLR110C,0.2020167112350464
tT(AGU)H,YDR379W,0.2020167112350464
tT(AGU)H,YDL100C,0.2020167112350464
tT(AGU)H,YHR073W,0.2020167112350464
tT(AGU)H,YJR090C,0.2020167112350464
tT(AGU)H,YOR208W,0.2020167112350464
tT(AGU)H,YBR040W,0.2020167112350464
tT(AGU)H,YNL279W,0.2020167112350464
tT(AGU)H,YER075C,0.2020167112350464
tT(AGU)H,YCR089W,0.2020167112350464
tT(AGU)H,YCR002C,0.2020167112350464
tT(AGU)H,YJL108C,0.2020167112350464
tT(AGU)H,YBR200W,0.2020167112350464
tT(AGU)H,YIL026C,0.2020167112350464
tT(AGU)H,YJR076C,0.2020167112350464
tT(AGU)H,YKR031C,0.2020167112350464
tT(AGU)H,YPL192C,0.2020167112350464
tT(AGU)H,YHR107C,0.2020167112350464
tT(AGU)H,YIL037C,0.2020167112350464
tT(AGU)H,YPL156C,0.2020167112350464
tT(AGU)H,YIL117C,0.2020167112350464
tT(AGU)H,YHR066W,0.2020167112350464
tT(AGU)H,YML085C,0.2020167112350464
tT(AGU)H,YML047C,0.2020167112350464
tT(AGU)H,YDR312W,0.2020167112350464
tT(AGU)H,YFL037W,0.2020167112350464
tT(AGU)H,YDL038C,0.2020167112350464
tT(AGU)H,YDL039C,0.2020167112350464
tT(AGU)H,YCL027W,0.2020167112350464
tT(AGU)H,YML124C,0.2020167112350464
tT(AGU)H,YGL053W,0.2020167112350464
tT(AGU)H,YMR232W,0.2020167112350464
tT(AGU)H,YNL298W,0.2020167112350464
tT(AGU)H,YGL099W,0.2020167112350464
tT(AGU)H,YBL016W,0.2020167112350464
tT(AGU)H,YAL041W,0.2020167112350464
tT(AGU)H,YDR085C,0.2020167112350464
tT(AGU)H,YPL187W,0.2020167112350464
tT(AGU)H,YPL256C,0.2020167112350464
tT(AGU)H,YDR461W,0.2020167112350464
tT(AGU)H,YNL145W,0.2020167112350464
YDR012W,YDL165W,0.0432075634598732
YDR012W,YGR059W,3.40168440970956e-07
YDR012W,YBR109C,1.1905417522939388e-06
YDR012W,YJL080C,0.0009470824734307826
YDR012W,YCR093W,8.216882633860223e-06
YDR012W,YIL122W,0.9999732971191406
YDR012W,YCL029C,5.831216759455415e-11
YDR012W,YNL173C,0.0009333720081485808
YDR012W,YLR452C,1.9833823472481527e-10
YDR012W,YDL160C,4.864580205321545e-07
YDR012W,YLR229C,1.82495952572026e-07
YDR012W,YML057W,5.307253808215678e-16
YDR012W,YER149C,2.2902704586158507e-06
YDR012W,YMR305C,2.12809496247246e-07
YDR012W,YLR433C,1.2502027857408393e-07
YDR012W,YJL073W,0.0013774085091426969
YDR012W,YGR279C,5.090032128424182e-13
YDR012W,YKL190W,1.6668154785293154e-06
YDR012W,YGL089C,1.5792105123590972e-10
YDR012W,YJL019W,2.0934216138357442e-08
YDR012W,YJL018W,0.000939964025747031
YDR012W,YNR032C-A,0.006335540674626827
YDR012W,YGL178W,4.012356039865411e-13
YDR012W,YKL116C,3.0718943542655235e-17
YDR012W,YDL214C,0.6969820857048035
YDR012W,YLR362W,3.574331275402187e-09
YDR012W,YER068W,0.3880364000797272
YDR012W,YHR084W,3.151458607963953e-11
YDR012W,YDR392W,8.025290154645148e-11
YDR012W,YNL053W,4.140668465879571e-07
YDR012W,YGR040W,2.249646469110189e-09
YDR012W,YDL216C,9.154793224297464e-05
YDR012W,YOL117W,2.681552124540935e-17
YDR012W,YJR086W,2.6547154448053334e-06
YDR012W,YMR025W,4.1788904781014935e-08
YDR012W,YBR081C,3.297740704510943e-06
YDR012W,YFL026W,1.0153860785067081e-05
YDR012W,YHL007C,1.7641822447345135e-09
YDR012W,YNR044W,2.740895013175759e-07
YDR012W,YNL271C,4.506371675556259e-13
YDR012W,YDR200C,0.00013810228847432882
YDR012W,YKL178C,2.6449551882024025e-08
YDR012W,YOR212W,2.347209920117166e-05
YDR012W,YOL111C,3.8973640264395465e-18
YDR012W,YGL032C,4.293601705285255e-06
YDR012W,YHR005C,0.07806839793920517
YDR012W,YDR103W,0.7733356356620789
YDR012W,YJR084W,2.3837706808471637e-10
YDR012W,YCL032W,2.459867403103999e-07
YDR012W,YJL170C,0.0011079683899879456
YDR012W,YDR179C,5.617378693086209e-21
YDR012W,YBR095C,0.25461867451667786
YDR012W,YLL021W,2.537336174501803e-10
YDR012W,YDL159W,2.051670248623405e-12
YDR012W,YNL161W,4.9167902034241706e-05
YDR012W,YNL188W,1.377592582230136e-07
YDR012W,YJL157C,2.1287261453480652e-15
YDR012W,YJL034W,3.748692962356149e-15
YDR012W,YLR238W,0.0005971848149783909
YDR012W,YPR141C,2.898675743878698e-09
YDR012W,YNL127W,0.013484871946275234
YDR012W,YCL055W,4.4137950357871816e-20
YDR012W,YPR122W,9.863764739346213e-15
YDR012W,YMR065W,0.04958727955818176
YDR012W,YDR356W,5.4200991144170985e-06
YDR012W,YMR052W,0.0002000777458306402
YDR012W,YFR008W,2.531903797731161e-09
YDR012W,YLL043W,0.967850923538208
YDR012W,YMR029C,2.2685763857721586e-12
YDR012W,YJR004C,2.098806588593516e-12
YDR012W,YDL223C,6.845366643453777e-16
YDR012W,YHR158C,0.0001188982350868173
YDR012W,YGR238C,1.9262508072495473e-21
YDR012W,YIL015W,0.0040359110571444035
YDR012W,YGL173C,0.00011653344699880108
YDR012W,YDL225W,1.5460949984473157e-14
YDR012W,YLR330W,2.2975018509896472e-07
YDR012W,YBR129C,1.6969654097920284e-05
YDR012W,YKR095W-A,0.2020167112350464
YDR012W,YPR075C,0.0006583149661310017
YDR012W,YMR198W,1.888323525323088e-10
YDR012W,YOR127W,2.2011682407341304e-11
YDR012W,YDR264C,1.1736853676447279e-11
YDR012W,YLR110C,1.5725935168263936e-19
YDR012W,YDR379W,1.2011634742403743e-11
YDR012W,YDL100C,2.7612156215362572e-22
YDR012W,YHR073W,1.3338987514543987e-07
YDR012W,YJR090C,4.397788302412664e-07
YDR012W,YOR208W,0.03931613638997078
YDR012W,YBR040W,0.2881172001361847
YDR012W,YNL279W,1.5832071710488588e-13
YDR012W,YER075C,3.491290589963114e-10
YDR012W,YCR089W,3.995340591700369e-07
YDR012W,YCR002C,4.19858418865271e-12
YDR012W,YJL108C,2.0119455257372465e-06
YDR012W,YBR200W,7.59671081596025e-08
YDR012W,YIL026C,1.5268667787974037e-15
YDR012W,YJR076C,2.0987679818063043e-05
YDR012W,YKR031C,0.0063515822403132915
YDR012W,YPL192C,5.5207248550459553e-08
YDR012W,YHR107C,2.011531030632341e-08
YDR012W,YIL037C,2.2373501451511402e-07
YDR012W,YPL156C,1.4766684216738213e-05
YDR012W,YIL117C,5.0985990207115035e-18
YDR012W,YHR066W,2.7711236083582946e-11
YDR012W,YML085C,1.9751449087390682e-10
YDR012W,YML047C,0.9981077909469604
YDR012W,YDR312W,0.00028492865385487676
YDR012W,YFL037W,2.84845980136339e-10
YDR012W,YDL038C,0.2020167112350464
YDR012W,YDL039C,1.9129319069177364e-20
YDR012W,YCL027W,2.477563043612463e-09
YDR012W,YML124C,9.488815067015821e-09
YDR012W,YGL053W,3.4578478945321506e-15
YDR012W,YMR232W,0.2597387135028839
YDR012W,YNL298W,1.7068319414087485e-12
YDR012W,YGL099W,0.005790072958916426
YDR012W,YBL016W,0.00023620741558261216
YDR012W,YAL041W,1.3027412933297455e-05
YDR012W,YDR085C,1.4270403880800586e-05
YDR012W,YPL187W,0.0003327054437249899
YDR012W,YPL256C,7.546723120553656e-13
YDR012W,YDR461W,1.3596630488166284e-09
YDR012W,YNL145W,1.3115477454084257e-11
YDL126C,YDL165W,3.69649146361728e-12
YDL126C,YGR059W,4.216892460218169e-11
YDL126C,YBR109C,0.0033786266576498747
YDL126C,YJL080C,1.6262669078059844e-07
YDL126C,YCR093W,0.9954089522361755
YDL126C,YIL122W,0.001719750347547233
YDL126C,YCL029C,4.631589209380671e-11
YDL126C,YNL173C,2.71131193585461e-06
YDL126C,YLR452C,1.782348772394471e-05
YDL126C,YDL160C,0.9626898765563965
YDL126C,YLR229C,3.1964150770669164e-10
YDL126C,YML057W,1.1371400177040414e-07
YDL126C,YER149C,6.975173771905929e-09
YDL126C,YMR305C,8.061252263688579e-18
YDL126C,YLR433C,7.491580689134025e-09
YDL126C,YJL073W,2.4844090673603603e-10
YDL126C,YGR279C,1.2022905457667599e-12
YDL126C,YKL190W,0.0008227175567299128
YDL126C,YGL089C,2.974026529060404e-14
YDL126C,YJL019W,0.16771937906742096
YDL126C,YJL018W,0.0007305002654902637
YDL126C,YNR032C-A,3.8156085793161765e-05
YDL126C,YGL178W,3.6391938351698627e-07
YDL126C,YKL116C,1.0112086279434607e-08
YDL126C,YDL214C,0.03993580490350723
YDL126C,YLR362W,2.765370652468846e-07
YDL126C,YER068W,2.351223656660295e-06
YDL126C,YHR084W,6.522091755556403e-10
YDL126C,YDR392W,1.0042717768499188e-08
YDL126C,YNL053W,2.466488524532906e-08
YDL126C,YGR040W,0.0016773957759141922
YDL126C,YDL216C,0.002672942355275154
YDL126C,YOL117W,6.253044659842999e-08
YDL126C,YJR086W,0.00018424216250423342
YDL126C,YMR025W,1.58917643489076e-07
YDL126C,YBR081C,0.7052299976348877
YDL126C,YFL026W,1.6588325024713413e-07
YDL126C,YHL007C,2.6800182695296826e-07
YDL126C,YNR044W,2.655631448078566e-08
YDL126C,YNL271C,5.769961353507824e-05
YDL126C,YDR200C,4.260807884293172e-08
YDL126C,YKL178C,1.6365979682575471e-09
YDL126C,YOR212W,5.444443160196322e-11
YDL126C,YOL111C,5.1470351536409e-07
YDL126C,YGL032C,2.5056108370336005e-06
YDL126C,YHR005C,7.228128424685565e-07
YDL126C,YDR103W,0.00041365489596500993
YDL126C,YJR084W,0.00022612238535657525
YDL126C,YCL032W,5.0855220479206764e-08
YDL126C,YJL170C,9.093532871151666e-11
YDL126C,YDR179C,1.470816133753194e-17
YDL126C,YBR095C,8.792296284809709e-05
YDL126C,YLL021W,4.148616739030331e-08
YDL126C,YDL159W,8.225714509535464e-08
YDL126C,YNL161W,5.667572509082675e-07
YDL126C,YNL188W,6.6495042978786945e-12
YDL126C,YJL157C,1.0663576688330068e-08
YDL126C,YJL034W,1.5214416098502381e-12
YDL126C,YLR238W,1.0654782611752012e-10
YDL126C,YPR141C,1.8111728479833222e-12
YDL126C,YNL127W,0.891812264919281
YDL126C,YCL055W,5.167052517739452e-17
YDL126C,YPR122W,1.6137205420818646e-06
YDL126C,YMR065W,1.2832840639021015e-06
YDL126C,YDR356W,0.00038706636405549943
YDL126C,YMR052W,7.840805483283475e-05
YDL126C,YFR008W,0.0031585507094860077
YDL126C,YLL043W,1.1471753168734722e-05
YDL126C,YMR029C,0.0005033746710978448
YDL126C,YJR004C,5.641951261736722e-08
YDL126C,YDL223C,5.443615834487521e-21
YDL126C,YHR158C,0.29055625200271606
YDL126C,YGR238C,0.0010293712839484215
YDL126C,YIL015W,5.9509215333264365e-08
YDL126C,YGL173C,0.9856804609298706
YDL126C,YDL225W,1.9963644959375415e-08
YDL126C,YLR330W,4.628491865332762e-07
YDL126C,YBR129C,4.869686449637811e-07
YDL126C,YKR095W-A,0.2020167112350464
YDL126C,YPR075C,3.876421406090458e-10
YDL126C,YMR198W,5.198139696460657e-10
YDL126C,YOR127W,0.04744919762015343
YDL126C,YDR264C,1.2346451638833855e-10
YDL126C,YLR110C,0.0002010085736401379
YDL126C,YDR379W,2.0929341159464654e-12
YDL126C,YDL100C,1.0864337072548255e-16
YDL126C,YHR073W,0.00010408244270365685
YDL126C,YJR090C,0.1456863433122635
YDL126C,YOR208W,2.072032287969705e-07
YDL126C,YBR040W,5.583787772434068e-12
YDL126C,YNL279W,1.2218751010983908e-10
YDL126C,YER075C,1.4235936041107067e-10
YDL126C,YCR089W,6.569838531707284e-13
YDL126C,YCR002C,7.464868900797228e-08
YDL126C,YJL108C,0.9220854640007019
YDL126C,YBR200W,1.4704237827345423e-09
YDL126C,YIL026C,0.5017274022102356
YDL126C,YJR076C,2.488336576789152e-07
YDL126C,YKR031C,5.892808985663578e-06
YDL126C,YPL192C,7.935663148828098e-08
YDL126C,YHR107C,2.9314935895419225e-11
YDL126C,YIL037C,0.0003549051471054554
YDL126C,YPL156C,1.6502946578733635e-11
YDL126C,YIL117C,4.014783616668183e-09
YDL126C,YHR066W,4.249118280588536e-17
YDL126C,YML085C,0.01603035070002079
YDL126C,YML047C,3.3347268981742673e-06
YDL126C,YDR312W,5.4154545431339685e-11
YDL126C,YFL037W,0.0008821417577564716
YDL126C,YDL038C,0.2020167112350464
YDL126C,YDL039C,1.4555203708965792e-09
YDL126C,YCL027W,1.5903757477619962e-11
YDL126C,YML124C,1.8480722729918853e-08
YDL126C,YGL053W,3.982043583761197e-09
YDL126C,YMR232W,0.0038984832353889942
YDL126C,YNL298W,1.2062699852322112e-06
YDL126C,YGL099W,3.512436584532201e-14
YDL126C,YBL016W,5.990701623659334e-08
YDL126C,YAL041W,8.647155907981485e-11
YDL126C,YDR085C,3.149370968458243e-05
YDL126C,YPL187W,2.9868469937355258e-05
YDL126C,YPL256C,3.754890842699865e-11
YDL126C,YDR461W,1.8759251929623133e-09
YDL126C,YNL145W,3.1022732827068467e-08
YER179W,YDL165W,1.0393021512844491e-11
YER179W,YGR059W,2.352570582786484e-08
YER179W,YBR109C,2.239834451245315e-08
YER179W,YJL080C,1.0266250072277217e-09
YER179W,YCR093W,1.5714547316747485e-06
YER179W,YIL122W,5.557819449109047e-08
YER179W,YCL029C,2.1028685249276785e-13
YER179W,YNL173C,1.4774768715142272e-05
YER179W,YLR452C,0.0011813348392024636
YER179W,YDL160C,2.939676448932005e-07
YER179W,YLR229C,0.11317438632249832
YER179W,YML057W,9.511019749552929e-11
YER179W,YER149C,1.038900965255607e-09
YER179W,YMR305C,0.0020645817276090384
YER179W,YLR433C,0.0032437427435070276
YER179W,YJL073W,5.86521878176427e-07
YER179W,YGR279C,1.2484021816305813e-08
YER179W,YKL190W,4.846785517931919e-30
YER179W,YGL089C,3.1982967385602024e-08
YER179W,YJL019W,0.07299377024173737
YER179W,YJL018W,0.0005116481333971024
YER179W,YNR032C-A,0.0021927193738520145
YER179W,YGL178W,2.702214631841988e-23
YER179W,YKL116C,9.068025219605147e-10
YER179W,YDL214C,0.026993947103619576
YER179W,YLR362W,1.0202214184573677e-07
YER179W,YER068W,2.7246851441731224e-09
YER179W,YHR084W,7.032256522331558e-16
YER179W,YDR392W,0.008415396325290203
YER179W,YNL053W,3.6893782180413837e-06
YER179W,YGR040W,1.1547158464964014e-05
YER179W,YDL216C,8.391328520929164e-08
YER179W,YOL117W,8.191588131012395e-05
YER179W,YJR086W,0.11599461734294891
YER179W,YMR025W,0.00031781921279616654
YER179W,YBR081C,5.772244193735787e-08
YER179W,YFL026W,0.004996558651328087
YER179W,YHL007C,5.0041485621932225e-08
YER179W,YNR044W,2.7883734219358303e-05
YER179W,YNL271C,3.2332553701053257e-07
YER179W,YDR200C,2.0171922465728187e-10
YER179W,YKL178C,0.0005058867391198874
YER179W,YOR212W,0.048808421939611435
YER179W,YOL111C,3.797346551787095e-12
YER179W,YGL032C,1.3548788956541102e-05
YER179W,YHR005C,4.9030886657419614e-06
YER179W,YDR103W,1.3060063110970077e-06
YER179W,YJR084W,1.628509060935812e-08
YER179W,YCL032W,3.967000793636544e-06
YER179W,YJL170C,0.00023989698092918843
YER179W,YDR179C,6.305944265025398e-13
YER179W,YBR095C,1.8811808786267648e-06
YER179W,YLL021W,0.15193676948547363
YER179W,YDL159W,3.5207887094657053e-07
YER179W,YNL161W,8.75585901667364e-05
YER179W,YNL188W,7.962912967895974e-11
YER179W,YJL157C,3.805929225109139e-07
YER179W,YJL034W,4.234746596471856e-18
YER179W,YLR238W,1.5414111942391173e-07
YER179W,YPR141C,9.8078845045535e-10
YER179W,YNL127W,1.0041026898832683e-09
YER179W,YCL055W,1.5246070272430273e-17
YER179W,YPR122W,1.8080978492207578e-08
YER179W,YMR065W,6.010421316204884e-07
YER179W,YDR356W,3.484353916505256e-09
YER179W,YMR052W,2.71737883930645e-12
YER179W,YFR008W,2.09768331842497e-05
YER179W,YLL043W,0.8331045508384705
YER179W,YMR029C,1.0972137781672942e-10
YER179W,YJR004C,7.959553016689824e-08
YER179W,YDL223C,6.945396702207063e-09
YER179W,YHR158C,3.737688166438602e-05
YER179W,YGR238C,3.8529200663273144e-11
YER179W,YIL015W,0.9629071354866028
YER179W,YGL173C,3.620123933956165e-08
YER179W,YDL225W,6.141888386768102e-11
YER179W,YLR330W,3.494135307846591e-05
YER179W,YBR129C,6.996335173425905e-07
YER179W,YKR095W-A,0.2020167112350464
YER179W,YPR075C,1.2982958423890523e-06
YER179W,YMR198W,1.5434470697073266e-05
YER179W,YOR127W,7.79290494392626e-05
YER179W,YDR264C,3.9806138940612357e-10
YER179W,YLR110C,9.940124527929584e-07
YER179W,YDR379W,4.92211375045066e-16
YER179W,YDL100C,3.1629326713300543e-07
YER179W,YHR073W,1.5101704609055133e-10
YER179W,YJR090C,6.327070117828626e-11
YER179W,YOR208W,1.884112599270793e-08
YER179W,YBR040W,1.703196943481089e-07
YER179W,YNL279W,7.048663410759437e-13
YER179W,YER075C,0.0025214434135705233
YER179W,YCR089W,1.0790406112029527e-12
YER179W,YCR002C,0.5707341432571411
YER179W,YJL108C,2.6152999210715677e-10
YER179W,YBR200W,4.874275828336931e-14
YER179W,YIL026C,1.2700942519927594e-09
YER179W,YJR076C,8.331297429720053e-09
YER179W,YKR031C,2.6685729608288966e-05
YER179W,YPL192C,3.9677861690678995e-11
YER179W,YHR107C,2.2163330868352205e-06
YER179W,YIL037C,6.997622222115751e-06
YER179W,YPL156C,3.401291905902326e-07
YER179W,YIL117C,1.0929627862477087e-11
YER179W,YHR066W,2.6916073320671296e-16
YER179W,YML085C,1.2980660441479246e-23
YER179W,YML047C,2.933684481831733e-05
YER179W,YDR312W,4.05435407468957e-12
YER179W,YFL037W,0.0038165657315403223
YER179W,YDL038C,0.2020167112350464
YER179W,YDL039C,7.859614651814506e-14
YER179W,YCL027W,1.421339445879105e-13
YER179W,YML124C,3.3460548981212425e-24
YER179W,YGL053W,0.0010413189884275198
YER179W,YMR232W,5.578492050517525e-07
YER179W,YNL298W,4.412003314774315e-12
YER179W,YGL099W,1.579945618779277e-10
YER179W,YBL016W,1.1915863495914891e-07
YER179W,YAL041W,1.1597477535610357e-12
YER179W,YDR085C,8.045387689392669e-10
YER179W,YPL187W,6.63354648988701e-11
YER179W,YPL256C,1.1920053111680318e-05
YER179W,YDR461W,3.796182465598541e-11
YER179W,YNL145W,0.5998615622520447
YDR434W,YDL165W,1.688172490688089e-09
YDR434W,YGR059W,5.962453286656455e-08
YDR434W,YBR109C,7.289538764276848e-12
YDR434W,YJL080C,4.112650458409917e-06
YDR434W,YCR093W,0.9865706562995911
YDR434W,YIL122W,9.964194305212004e-07
YDR434W,YCL029C,5.136109297739465e-14
YDR434W,YNL173C,7.89458187711034e-09
YDR434W,YLR452C,1.4390269825526047e-05
YDR434W,YDL160C,1.5778726676613343e-15
YDR434W,YLR229C,5.178911237635475e-07
YDR434W,YML057W,5.766585431388194e-09
YDR434W,YER149C,1.3004496395296883e-06
YDR434W,YMR305C,1.95080751005201e-15
YDR434W,YLR433C,4.319167146604741e-06
YDR434W,YJL073W,1.853023263720388e-07
YDR434W,YGR279C,0.0001527397835161537
YDR434W,YKL190W,1.0864435571892109e-13
YDR434W,YGL089C,1.3355817563009964e-09
YDR434W,YJL019W,1.5627432503606542e-07
YDR434W,YJL018W,0.1895209401845932
YDR434W,YNR032C-A,1.5113820154510904e-05
YDR434W,YGL178W,3.7221312254587247e-08
YDR434W,YKL116C,4.34419817826881e-12
YDR434W,YDL214C,6.014090558892349e-08
YDR434W,YLR362W,6.761827209267324e-11
YDR434W,YER068W,1.652500856152983e-07
YDR434W,YHR084W,0.00021705235121771693
YDR434W,YDR392W,1.5981160839118047e-09
YDR434W,YNL053W,3.4794274666322123e-12
YDR434W,YGR040W,2.5880940057732005e-08
YDR434W,YDL216C,2.7271614300161673e-08
YDR434W,YOL117W,2.2637340180153842e-07
YDR434W,YJR086W,7.809196540620178e-05
YDR434W,YMR025W,6.851974543309325e-09
YDR434W,YBR081C,0.12868574261665344
YDR434W,YFL026W,0.00018221313075628132
YDR434W,YHL007C,3.6938467840030853e-09
YDR434W,YNR044W,4.433895810507238e-05
YDR434W,YNL271C,0.05316755920648575
YDR434W,YDR200C,1.8032230855169473e-06
YDR434W,YKL178C,0.001134577440097928
YDR434W,YOR212W,4.8682817578082904e-05
YDR434W,YOL111C,1.8398772089200932e-12
YDR434W,YGL032C,7.571605564749007e-10
YDR434W,YHR005C,3.9691922211204655e-06
YDR434W,YDR103W,0.6460027694702148
YDR434W,YJR084W,0.6577504277229309
YDR434W,YCL032W,0.0016307149780914187
YDR434W,YJL170C,1.079797806724514e-09
YDR434W,YDR179C,5.956847015653466e-09
YDR434W,YBR095C,3.3847913361029214e-10
YDR434W,YLL021W,1.1195369609140471e-07
YDR434W,YDL159W,1.3750808251658617e-14
YDR434W,YNL161W,1.9724626326933503e-05
YDR434W,YNL188W,1.614551820239285e-06
YDR434W,YJL157C,4.523747506148326e-14
YDR434W,YJL034W,4.5497310779962774e-11
YDR434W,YLR238W,3.6455599823626006e-12
YDR434W,YPR141C,3.4749230160002753e-09
YDR434W,YNL127W,8.163909114955459e-06
YDR434W,YCL055W,5.0555783005555067e-20
YDR434W,YPR122W,0.012858941219747066
YDR434W,YMR065W,9.708764281413096e-08
YDR434W,YDR356W,3.811347348836591e-10
YDR434W,YMR052W,7.79502400405363e-08
YDR434W,YFR008W,9.494230823747785e-08
YDR434W,YLL043W,2.9284885627589574e-10
YDR434W,YMR029C,1.2391407011591582e-08
YDR434W,YJR004C,5.831466494583826e-13
YDR434W,YDL223C,2.6002385127336068e-14
YDR434W,YHR158C,4.496125256991945e-05
YDR434W,YGR238C,1.582478375894425e-06
YDR434W,YIL015W,4.268933025741717e-06
YDR434W,YGL173C,0.020024390891194344
YDR434W,YDL225W,1.3231060620455537e-06
YDR434W,YLR330W,9.125959401145786e-14
YDR434W,YBR129C,2.4728230574311283e-09
YDR434W,YKR095W-A,0.2020167112350464
YDR434W,YPR075C,0.0018795004580169916
YDR434W,YMR198W,3.648865742889029e-07
YDR434W,YOR127W,6.310011180232777e-09
YDR434W,YDR264C,1.2391860974847457e-11
YDR434W,YLR110C,0.0006905470509082079
YDR434W,YDR379W,3.319763345643878e-05
YDR434W,YDL100C,2.324053838265172e-08
YDR434W,YHR073W,4.129054737012083e-12
YDR434W,YJR090C,1.0083989820941497e-07
YDR434W,YOR208W,9.931585718755964e-13
YDR434W,YBR040W,9.706588866009724e-10
YDR434W,YNL279W,7.095673826285065e-09
YDR434W,YER075C,1.0811791071319021e-06
YDR434W,YCR089W,7.87459866842255e-05
YDR434W,YCR002C,4.559341515442128e-10
YDR434W,YJL108C,0.00043157843174412847
YDR434W,YBR200W,9.186249371850863e-06
YDR434W,YIL026C,6.501208105191836e-08
YDR434W,YJR076C,8.495073394731989e-11
YDR434W,YKR031C,0.0020299910102039576
YDR434W,YPL192C,3.5126351605185846e-08
YDR434W,YHR107C,0.0006490295054391026
YDR434W,YIL037C,1.6153381410255463e-10
YDR434W,YPL156C,2.2388649156823703e-08
YDR434W,YIL117C,8.844762700022102e-10
YDR434W,YHR066W,3.5796399335771394e-20
YDR434W,YML085C,5.819103445631191e-12
YDR434W,YML047C,0.002685368759557605
YDR434W,YDR312W,3.973226912409866e-13
YDR434W,YFL037W,0.0051209828816354275
YDR434W,YDL038C,0.2020167112350464
YDR434W,YDL039C,2.094336650770856e-07
YDR434W,YCL027W,8.942997374106199e-05
YDR434W,YML124C,6.408985564476666e-10
YDR434W,YGL053W,1.3964697361254628e-20
YDR434W,YMR232W,1.9424163838266395e-05
YDR434W,YNL298W,1.1446633862988165e-08
YDR434W,YGL099W,5.1071917528400235e-11
YDR434W,YBL016W,5.51618983712812e-15
YDR434W,YAL041W,2.8957691800002294e-09
YDR434W,YDR085C,7.383879729871978e-09
YDR434W,YPL187W,0.0004579825035762042
YDR434W,YPL256C,1.4819311333624796e-09
YDR434W,YDR461W,5.880727371732064e-07
YDR434W,YNL145W,5.965140881247777e-11
YIL029C,YDL165W,1.2761762491209083e-06
YIL029C,YGR059W,5.753011955711429e-11
YIL029C,YBR109C,3.1376378046843456e-06
YIL029C,YJL080C,3.109858765361177e-14
YIL029C,YCR093W,3.336219015181996e-05
YIL029C,YIL122W,0.000287827686406672
YIL029C,YCL029C,0.0001262237346963957
YIL029C,YNL173C,0.004236426204442978
YIL029C,YLR452C,7.799988210877018e-09
YIL029C,YDL160C,2.904353095800616e-07
YIL029C,YLR229C,7.943255582176789e-07
YIL029C,YML057W,1.776816475285159e-06
YIL029C,YER149C,0.012727661989629269
YIL029C,YMR305C,0.0005562099977396429
YIL029C,YLR433C,0.05019809305667877
YIL029C,YJL073W,0.030660094693303108
YIL029C,YGR279C,1.8801116219435698e-10
YIL029C,YKL190W,0.391162633895874
YIL029C,YGL089C,0.9562862515449524
YIL029C,YJL019W,0.00014515398652292788
YIL029C,YJL018W,0.00026940181851387024
YIL029C,YNR032C-A,0.11974877864122391
YIL029C,YGL178W,0.002793741412460804
YIL029C,YKL116C,4.504200603605568e-07
YIL029C,YDL214C,0.1904381513595581
YIL029C,YLR362W,4.584412016672701e-10
YIL029C,YER068W,4.6062115870881826e-05
YIL029C,YHR084W,8.472414629068226e-05
YIL029C,YDR392W,1.171968633251197e-09
YIL029C,YNL053W,0.01423043105751276
YIL029C,YGR040W,0.922347366809845
YIL029C,YDL216C,1.4847744145285446e-09
YIL029C,YOL117W,7.852655414808396e-08
YIL029C,YJR086W,1.6055234937084606e-06
YIL029C,YMR025W,0.002159623894840479
YIL029C,YBR081C,1.525561259541064e-07
YIL029C,YFL026W,5.693945315243809e-10
YIL029C,YHL007C,1.6220740235439735e-06
YIL029C,YNR044W,2.177200109088062e-08
YIL029C,YNL271C,0.00018711767916101962
YIL029C,YDR200C,0.0007308741332963109
YIL029C,YKL178C,2.217908331658691e-06
YIL029C,YOR212W,5.450229764392134e-06
YIL029C,YOL111C,0.012073840945959091
YIL029C,YGL032C,1.6884442857190152e-06
YIL029C,YHR005C,1.8018899936578237e-05
YIL029C,YDR103W,0.000633101852145046
YIL029C,YJR084W,0.02222660928964615
YIL029C,YCL032W,1.3643234320070974e-09
YIL029C,YJL170C,1.576038258233048e-11
YIL029C,YDR179C,7.116019560271525e-07
YIL029C,YBR095C,2.977376789203845e-05
YIL029C,YLL021W,0.0035635025706142187
YIL029C,YDL159W,4.73817328688203e-13
YIL029C,YNL161W,0.7348009347915649
YIL029C,YNL188W,9.775891157914884e-06
YIL029C,YJL157C,1.727266246698278e-10
YIL029C,YJL034W,3.5410001597568908e-09
YIL029C,YLR238W,0.00023485015844926238
YIL029C,YPR141C,0.0003251464804634452
YIL029C,YNL127W,2.9955092486488866e-06
YIL029C,YCL055W,4.3641117386528094e-09
YIL029C,YPR122W,8.080100144525204e-09
YIL029C,YMR065W,0.0014018539804965258
YIL029C,YDR356W,0.9898174405097961
YIL029C,YMR052W,7.386488931615531e-08
YIL029C,YFR008W,6.16103216088959e-06
YIL029C,YLL043W,0.0031401212327182293
YIL029C,YMR029C,3.089144001933164e-06
YIL029C,YJR004C,7.41418887173495e-07
YIL029C,YDL223C,3.077916136480681e-14
YIL029C,YHR158C,0.0075156050734221935
YIL029C,YGR238C,1.047360184691648e-10
YIL029C,YIL015W,6.261010412345058e-07
YIL029C,YGL173C,1.3764159234597173e-07
YIL029C,YDL225W,1.2580728681044206e-09
YIL029C,YLR330W,2.6239822545903735e-06
YIL029C,YBR129C,8.486941624141764e-06
YIL029C,YKR095W-A,0.2020167112350464
YIL029C,YPR075C,2.89579588752531e-07
YIL029C,YMR198W,1.815163341234438e-05
YIL029C,YOR127W,4.996819598090951e-07
YIL029C,YDR264C,5.681931270373752e-06
YIL029C,YLR110C,0.03565763309597969
YIL029C,YDR379W,7.306938414330943e-07
YIL029C,YDL100C,0.0004815289576072246
YIL029C,YHR073W,0.04197712615132332
YIL029C,YJR090C,6.063347609597258e-05
YIL029C,YOR208W,7.512439559320683e-10
YIL029C,YBR040W,0.0004632993077393621
YIL029C,YNL279W,3.176844984409399e-05
YIL029C,YER075C,0.00011641527089523152
YIL029C,YCR089W,1.6626543891673506e-11
YIL029C,YCR002C,0.973220705986023
YIL029C,YJL108C,3.374462539795786e-05
YIL029C,YBR200W,3.6167645267592974e-11
YIL029C,YIL026C,2.4061063186309184e-07
YIL029C,YJR076C,0.991996705532074
YIL029C,YKR031C,1.173418029409845e-09
YIL029C,YPL192C,0.7561142444610596
YIL029C,YHR107C,0.9985554814338684
YIL029C,YIL037C,1.692476381265351e-09
YIL029C,YPL156C,0.19030365347862244
YIL029C,YIL117C,0.00027632986893877387
YIL029C,YHR066W,0.034157805144786835
YIL029C,YML085C,0.01675347425043583
YIL029C,YML047C,0.0002757876936811954
YIL029C,YDR312W,0.03800313174724579
YIL029C,YFL037W,0.49215635657310486
YIL029C,YDL038C,0.2020167112350464
YIL029C,YDL039C,6.410773689680127e-09
YIL029C,YCL027W,1.4852489584882278e-06
YIL029C,YML124C,2.7469582164485473e-07
YIL029C,YGL053W,8.03613438620232e-05
YIL029C,YMR232W,9.643225348554552e-05
YIL029C,YNL298W,0.00027175660943612456
YIL029C,YGL099W,2.1675457873016057e-08
YIL029C,YBL016W,4.4511214269959964e-08
YIL029C,YAL041W,0.5435749888420105
YIL029C,YDR085C,6.298335847532144e-06
YIL029C,YPL187W,1.241019617737038e-06
YIL029C,YPL256C,6.766660226276144e-05
YIL029C,YDR461W,4.2310222170272027e-07
YIL029C,YNL145W,3.906782009011067e-09
YBR119W,YDL165W,2.7119462231439684e-09
YBR119W,YGR059W,7.136922608452778e-09
YBR119W,YBR109C,0.000426975020673126
YBR119W,YJL080C,1.0832582830744286e-07
YBR119W,YCR093W,0.0005665956414304674
YBR119W,YIL122W,0.00010585084237391129
YBR119W,YCL029C,1.4496421660583358e-19
YBR119W,YNL173C,0.04544008523225784
YBR119W,YLR452C,0.2665724456310272
YBR119W,YDL160C,0.9932275414466858
YBR119W,YLR229C,0.9725809693336487
YBR119W,YML057W,0.28821924328804016
YBR119W,YER149C,0.33111709356307983
YBR119W,YMR305C,3.2865009416127577e-06
YBR119W,YLR433C,0.7439547777175903
YBR119W,YJL073W,4.112345308726617e-08
YBR119W,YGR279C,1.2593824420814581e-11
YBR119W,YKL190W,6.529680852143888e-15
YBR119W,YGL089C,9.676651643530931e-06
YBR119W,YJL019W,1.7664404661221766e-10
YBR119W,YJL018W,0.0004955907352268696
YBR119W,YNR032C-A,1.050955233949935e-06
YBR119W,YGL178W,7.8206376201706e-06
YBR119W,YKL116C,1.6764203110142262e-06
YBR119W,YDL214C,0.0033943001180887222
YBR119W,YLR362W,1.795015123207122e-07
YBR119W,YER068W,2.854399383522832e-07
YBR119W,YHR084W,7.107665442163125e-05
YBR119W,YDR392W,1.4004829154146137e-06
YBR119W,YNL053W,4.140923465456581e-06
YBR119W,YGR040W,6.410816322244273e-11
YBR119W,YDL216C,7.17880477285604e-10
YBR119W,YOL117W,4.452214150737349e-13
YBR119W,YJR086W,1.0577311968518188e-06
YBR119W,YMR025W,0.0026621404103934765
YBR119W,YBR081C,0.0001845440419856459
YBR119W,YFL026W,0.0002744358207564801
YBR119W,YHL007C,1.1718918813130585e-06
YBR119W,YNR044W,0.009445484727621078
YBR119W,YNL271C,0.0015838893596082926
YBR119W,YDR200C,5.158415774531022e-07
YBR119W,YKL178C,5.0628405006136745e-06
YBR119W,YOR212W,0.000575915037188679
YBR119W,YOL111C,0.009935063309967518
YBR119W,YGL032C,5.169325186546274e-15
YBR119W,YHR005C,0.0031038771849125624
YBR119W,YDR103W,1.868142263106165e-08
YBR119W,YJR084W,1.989141962255303e-09
YBR119W,YCL032W,0.0038262605667114258
YBR119W,YJL170C,2.964657686010952e-11
YBR119W,YDR179C,2.097500216164682e-21
YBR119W,YBR095C,2.143498486345541e-12
YBR119W,YLL021W,7.647395629077625e-14
YBR119W,YDL159W,1.234411531325641e-11
YBR119W,YNL161W,0.0010168091394007206
YBR119W,YNL188W,6.978193522154397e-13
YBR119W,YJL157C,2.0232640216000242e-11
YBR119W,YJL034W,2.8956386813661084e-05
YBR119W,YLR238W,1.2817960026723085e-08
YBR119W,YPR141C,0.027635607868433
YBR119W,YNL127W,3.3420335967093706e-05
YBR119W,YCL055W,3.740640686089591e-09
YBR119W,YPR122W,0.00011874946358148009
YBR119W,YMR065W,1.762938417471105e-08
YBR119W,YDR356W,0.0018654116429388523
YBR119W,YMR052W,3.4456719731679186e-05
YBR119W,YFR008W,2.319584302412636e-09
YBR119W,YLL043W,0.0008102089632302523
YBR119W,YMR029C,0.0016837295843288302
YBR119W,YJR004C,0.010081164538860321
YBR119W,YDL223C,2.0132437383857393e-11
YBR119W,YHR158C,0.11368368566036224
YBR119W,YGR238C,2.373285075407683e-11
YBR119W,YIL015W,0.06594979017972946
YBR119W,YGL173C,0.09531062096357346
YBR119W,YDL225W,1.9271530149467253e-08
YBR119W,YLR330W,3.209283860883261e-08
YBR119W,YBR129C,1.2113136271807434e-08
YBR119W,YKR095W-A,0.2020167112350464
YBR119W,YPR075C,0.0041593932546675205
YBR119W,YMR198W,0.009660489857196808
YBR119W,YOR127W,4.034090750337782e-07
YBR119W,YDR264C,2.507441877241945e-06
YBR119W,YLR110C,3.87079174268834e-10
YBR119W,YDR379W,0.0005338572082109749
YBR119W,YDL100C,0.15855123102664948
YBR119W,YHR073W,6.325492449832382e-07
YBR119W,YJR090C,5.222046406405667e-11
YBR119W,YOR208W,7.328923058713688e-12
YBR119W,YBR040W,0.02012885920703411
YBR119W,YNL279W,0.00020342349307611585
YBR119W,YER075C,0.21815350651741028
YBR119W,YCR089W,8.094362442534475e-07
YBR119W,YCR002C,4.919538696412928e-07
YBR119W,YJL108C,0.0013146632118150592
YBR119W,YBR200W,0.009180945344269276
YBR119W,YIL026C,2.2406890565207505e-08
YBR119W,YJR076C,0.0006189626292325556
YBR119W,YKR031C,0.00010496802133275196
YBR119W,YPL192C,4.972243345946481e-07
YBR119W,YHR107C,0.0410165898501873
YBR119W,YIL037C,4.956046857629293e-12
YBR119W,YPL156C,0.05757749453186989
YBR119W,YIL117C,9.357003019627719e-13
YBR119W,YHR066W,1.3529127250515446e-18
YBR119W,YML085C,0.0290679968893528
YBR119W,YML047C,0.9954278469085693
YBR119W,YDR312W,0.0006113548879511654
YBR119W,YFL037W,5.7924487919081e-05
YBR119W,YDL038C,0.2020167112350464
YBR119W,YDL039C,1.3178693379634066e-11
YBR119W,YCL027W,8.470707468788419e-11
YBR119W,YML124C,5.38856979870328e-12
YBR119W,YGL053W,0.00020291343389544636
YBR119W,YMR232W,3.126977026113309e-05
YBR119W,YNL298W,1.3686619695363333e-06
YBR119W,YGL099W,4.9445020994243194e-11
YBR119W,YBL016W,8.547191754360028e-08
YBR119W,YAL041W,4.47039601567667e-05
YBR119W,YDR085C,0.0014092669589444995
YBR119W,YPL187W,0.959489643573761
YBR119W,YPL256C,2.9515722417272627e-06
YBR119W,YDR461W,0.007240718230605125
YBR119W,YNL145W,3.538407788994391e-09
YPL040C,YDL165W,5.67970346310176e-07
YPL040C,YGR059W,1.0212596635028603e-06
YPL040C,YBR109C,0.01620965264737606
YPL040C,YJL080C,1.2153485162702538e-10
YPL040C,YCR093W,3.3542678495303683e-34
YPL040C,YIL122W,5.115722775950182e-11
YPL040C,YCL029C,5.3752870210477255e-12
YPL040C,YNL173C,5.2048417131800306e-08
YPL040C,YLR452C,4.740698145155875e-08
YPL040C,YDL160C,5.978029182784894e-09
YPL040C,YLR229C,2.0617227369790214e-10
YPL040C,YML057W,5.076279674387507e-11
YPL040C,YER149C,2.2572875513215962e-10
YPL040C,YMR305C,3.051665365717826e-13
YPL040C,YLR433C,2.7208520236854383e-07
YPL040C,YJL073W,1.890649403723217e-16
YPL040C,YGR279C,7.774428670281885e-12
YPL040C,YKL190W,7.06337432987425e-09
YPL040C,YGL089C,0.09977815300226212
YPL040C,YJL019W,1.4665296361733408e-14
YPL040C,YJL018W,0.0007241150015033782
YPL040C,YNR032C-A,0.0003164498775731772
YPL040C,YGL178W,1.662731847318355e-06
YPL040C,YKL116C,3.5828016443396893e-13
YPL040C,YDL214C,8.509715371474158e-06
YPL040C,YLR362W,1.2660832702604628e-14
YPL040C,YER068W,0.0002772080770228058
YPL040C,YHR084W,1.7488996362224896e-11
YPL040C,YDR392W,8.05806337211834e-07
YPL040C,YNL053W,6.525774551846553e-07
YPL040C,YGR040W,8.097690442809835e-05
YPL040C,YDL216C,2.6212689796523136e-09
YPL040C,YOL117W,5.899472398596117e-06
YPL040C,YJR086W,1.8904174794442952e-06
YPL040C,YMR025W,0.0028653829358518124
YPL040C,YBR081C,3.9914857530298775e-10
YPL040C,YFL026W,0.00014141027349978685
YPL040C,YHL007C,9.776073006673158e-11
YPL040C,YNR044W,2.405393388471566e-06
YPL040C,YNL271C,1.9835327824679894e-11
YPL040C,YDR200C,6.969801180645163e-09
YPL040C,YKL178C,7.64195044050675e-12
YPL040C,YOR212W,1.1734587910747218e-12
YPL040C,YOL111C,8.573936699507456e-12
YPL040C,YGL032C,6.763026944023309e-11
YPL040C,YHR005C,2.0649584087095718e-07
YPL040C,YDR103W,0.002008218551054597
YPL040C,YJR084W,4.916702808777096e-11
YPL040C,YCL032W,7.909760824986733e-06
YPL040C,YJL170C,8.916963167848735e-08
YPL040C,YDR179C,2.7247436307220596e-08
YPL040C,YBR095C,9.748101348350247e-08
YPL040C,YLL021W,3.0407492929845903e-12
YPL040C,YDL159W,1.1774757695093285e-05
YPL040C,YNL161W,7.635540896444581e-06
YPL040C,YNL188W,6.905526904422629e-14
YPL040C,YJL157C,8.885241986611447e-10
YPL040C,YJL034W,1.7229132009966008e-10
YPL040C,YLR238W,1.199725030431864e-08
YPL040C,YPR141C,3.3610345951708143e-13
YPL040C,YNL127W,3.006681004429773e-13
YPL040C,YCL055W,4.081218418772181e-10
YPL040C,YPR122W,0.025364845991134644
YPL040C,YMR065W,1.0547004158922846e-08
YPL040C,YDR356W,1.9137857965034755e-09
YPL040C,YMR052W,6.625616151723079e-06
YPL040C,YFR008W,4.0157519670680486e-11
YPL040C,YLL043W,7.454175216534478e-14
YPL040C,YMR029C,1.7475105301940193e-17
YPL040C,YJR004C,4.096875727555016e-08
YPL040C,YDL223C,2.928942082359304e-13
YPL040C,YHR158C,8.753259228555521e-11
YPL040C,YGR238C,1.4861720046610571e-05
YPL040C,YIL015W,0.00011214039113838226
YPL040C,YGL173C,8.673047631642394e-13
YPL040C,YDL225W,6.423343302565387e-13
YPL040C,YLR330W,5.965137672009346e-12
YPL040C,YBR129C,8.3341850087848e-10
YPL040C,YKR095W-A,0.2020167112350464
YPL040C,YPR075C,3.350583916220118e-12
YPL040C,YMR198W,4.387629530810955e-07
YPL040C,YOR127W,1.0724046298335108e-13
YPL040C,YDR264C,4.97997859838506e-07
YPL040C,YLR110C,0.0004863154317717999
YPL040C,YDR379W,8.226475056716254e-10
YPL040C,YDL100C,1.7613042135877777e-09
YPL040C,YHR073W,1.1877272776406045e-10
YPL040C,YJR090C,1.600485577402111e-10
YPL040C,YOR208W,6.925774300725607e-07
YPL040C,YBR040W,6.822953868557136e-10
YPL040C,YNL279W,7.313824212928921e-09
YPL040C,YER075C,3.1951587970979745e-06
YPL040C,YCR089W,1.1244354425343772e-07
YPL040C,YCR002C,2.9520967359530914e-07
YPL040C,YJL108C,3.2751247545093065e-06
YPL040C,YBR200W,5.8009405279335624e-08
YPL040C,YIL026C,3.559057215607453e-10
YPL040C,YJR076C,1.6684924926055333e-12
YPL040C,YKR031C,0.00010364654735894874
YPL040C,YPL192C,0.1396523118019104
YPL040C,YHR107C,9.053946819904241e-16
YPL040C,YIL037C,2.624169894716033e-07
YPL040C,YPL156C,6.241028249753811e-10
YPL040C,YIL117C,0.04151273891329765
YPL040C,YHR066W,5.284669898138628e-15
YPL040C,YML085C,4.9361504352418706e-05
YPL040C,YML047C,7.986885458555193e-11
YPL040C,YDR312W,7.698197634908865e-09
YPL040C,YFL037W,2.3171134344579514e-08
YPL040C,YDL038C,0.2020167112350464
YPL040C,YDL039C,3.235671452994637e-11
YPL040C,YCL027W,5.89502946457543e-10
YPL040C,YML124C,2.0427109236422804e-14
YPL040C,YGL053W,1.297955595406337e-14
YPL040C,YMR232W,0.5531313419342041
YPL040C,YNL298W,3.039221652123558e-10
YPL040C,YGL099W,2.612183710168966e-14
YPL040C,YBL016W,2.501668677723501e-05
YPL040C,YAL041W,0.012171385809779167
YPL040C,YDR085C,2.4780320018180646e-08
YPL040C,YPL187W,0.001553842332214117
YPL040C,YPL256C,2.3210942716456184e-12
YPL040C,YDR461W,1.0701688779590768e-06
YPL040C,YNL145W,0.0014369997661560774
YPL019C,YDL165W,2.0699468614854277e-13
YPL019C,YGR059W,5.422319873105153e-07
YPL019C,YBR109C,8.06116804596968e-06
YPL019C,YJL080C,5.137057793036526e-11
YPL019C,YCR093W,0.0001357855653623119
YPL019C,YIL122W,7.330772100466731e-11
YPL019C,YCL029C,7.242547533925503e-11
YPL019C,YNL173C,1.1110513753465057e-07
YPL019C,YLR452C,2.956041314505775e-11
YPL019C,YDL160C,0.017229054123163223
YPL019C,YLR229C,5.260652156946488e-12
YPL019C,YML057W,0.024547291919589043
YPL019C,YER149C,3.884557064036398e-13
YPL019C,YMR305C,9.51398182458263e-10
YPL019C,YLR433C,5.501935926987055e-17
YPL019C,YJL073W,3.3092380391508414e-08
YPL019C,YGR279C,9.04448347664994e-17
YPL019C,YKL190W,7.34009786285128e-09
YPL019C,YGL089C,5.140315393363778e-17
YPL019C,YJL019W,3.5779945672942404e-09
YPL019C,YJL018W,0.00027566414792090654
YPL019C,YNR032C-A,0.1269376426935196
YPL019C,YGL178W,4.174397929546103e-07
YPL019C,YKL116C,1.1723665371832226e-09
YPL019C,YDL214C,9.823718227774947e-11
YPL019C,YLR362W,1.0749823882612308e-14
YPL019C,YER068W,2.0358170260692532e-08
YPL019C,YHR084W,1.19994125746814e-10
YPL019C,YDR392W,0.19657933712005615
YPL019C,YNL053W,3.913936325261602e-06
YPL019C,YGR040W,1.5444483381088503e-07
YPL019C,YDL216C,2.1555441875875658e-08
YPL019C,YOL117W,3.623954469844648e-10
YPL019C,YJR086W,4.269706550985575e-06
YPL019C,YMR025W,3.4608888199727517e-08
YPL019C,YBR081C,3.702948703221409e-08
YPL019C,YFL026W,0.00012886596960015595
YPL019C,YHL007C,1.9619102855757213e-17
YPL019C,YNR044W,0.011519850231707096
YPL019C,YNL271C,3.351391039685403e-11
YPL019C,YDR200C,8.430464104591806e-10
YPL019C,YKL178C,2.1876247046748176e-05
YPL019C,YOR212W,1.4260508464196409e-13
YPL019C,YOL111C,8.927531457147975e-12
YPL019C,YGL032C,1.4024434946691144e-09
YPL019C,YHR005C,7.420503767008313e-09
YPL019C,YDR103W,1.9819555063804728e-07
YPL019C,YJR084W,0.11151106655597687
YPL019C,YCL032W,4.255372498818133e-09
YPL019C,YJL170C,0.0022045904770493507
YPL019C,YDR179C,9.238296456715034e-07
YPL019C,YBR095C,0.09040180593729019
YPL019C,YLL021W,0.03231019526720047
YPL019C,YDL159W,7.68509198336223e-14
YPL019C,YNL161W,1.5739789205326815e-07
YPL019C,YNL188W,1.513265488028992e-05
YPL019C,YJL157C,5.840305572490934e-09
YPL019C,YJL034W,2.7765027690168642e-12
YPL019C,YLR238W,1.0156567427366259e-11
YPL019C,YPR141C,0.000948560715187341
YPL019C,YNL127W,3.064955933496094e-07
YPL019C,YCL055W,0.00022751012875232846
YPL019C,YPR122W,0.015985487028956413
YPL019C,YMR065W,0.999991774559021
YPL019C,YDR356W,1.0748876633215332e-07
YPL019C,YMR052W,3.776192158966296e-07
YPL019C,YFR008W,1.3744481293542776e-05
YPL019C,YLL043W,7.391633261022434e-08
YPL019C,YMR029C,2.867035497899906e-10
YPL019C,YJR004C,1.1915835429476829e-08
YPL019C,YDL223C,2.475392460454806e-11
YPL019C,YHR158C,0.00015914163668639958
YPL019C,YGR238C,3.942587767369332e-08
YPL019C,YIL015W,1.3235767255537212e-06
YPL019C,YGL173C,6.996795036684489e-06
YPL019C,YDL225W,8.745239309530307e-17
YPL019C,YLR330W,1.2341537791726864e-09
YPL019C,YBR129C,0.00010469891276443377
YPL019C,YKR095W-A,0.2020167112350464
YPL019C,YPR075C,9.327363272859657e-07
YPL019C,YMR198W,0.02270941063761711
YPL019C,YOR127W,5.4972929319774266e-08
YPL019C,YDR264C,0.0037042531184852123
YPL019C,YLR110C,6.8254012148827314e-06
YPL019C,YDR379W,2.565724521730317e-09
YPL019C,YDL100C,1.0256675295750028e-06
YPL019C,YHR073W,3.788701263829353e-08
YPL019C,YJR090C,0.00010318266868125647
YPL019C,YOR208W,2.0824474414836425e-14
YPL019C,YBR040W,0.05178485065698624
YPL019C,YNL279W,0.9952001571655273
YPL019C,YER075C,1.0330274591296984e-07
YPL019C,YCR089W,0.026820188388228416
YPL019C,YCR002C,1.1974155000871178e-09
YPL019C,YJL108C,4.776317723553802e-07
YPL019C,YBR200W,3.770508888835747e-14
YPL019C,YIL026C,1.8877175864129292e-11
YPL019C,YJR076C,0.005419705528765917
YPL019C,YKR031C,0.0009561308543197811
YPL019C,YPL192C,0.09243099391460419
YPL019C,YHR107C,1.6422906437552065e-11
YPL019C,YIL037C,0.08625690639019012
YPL019C,YPL156C,0.00010895902960328385
YPL019C,YIL117C,2.2364404165392537e-12
YPL019C,YHR066W,7.209049438135218e-13
YPL019C,YML085C,5.4413485470075715e-15
YPL019C,YML047C,7.442538480972871e-05
YPL019C,YDR312W,1.3158441106891802e-16
YPL019C,YFL037W,1.2799516298400704e-05
YPL019C,YDL038C,0.2020167112350464
YPL019C,YDL039C,2.393236130104892e-11
YPL019C,YCL027W,0.27685225009918213
YPL019C,YML124C,2.5338384168627215e-11
YPL019C,YGL053W,1.5369122641217814e-11
YPL019C,YMR232W,0.001386716146953404
YPL019C,YNL298W,2.1788144129799887e-17
YPL019C,YGL099W,6.881647628844577e-18
YPL019C,YBL016W,1.5984848289463116e-07
YPL019C,YAL041W,0.0006368870381265879
YPL019C,YDR085C,6.293598281414958e-11
YPL019C,YPL187W,1.824806310831567e-13
YPL019C,YPL256C,1.273553373870584e-09
YPL019C,YDR461W,8.254487511294428e-06
YPL019C,YNL145W,2.9783424615459353e-09
YGR119C,YDL165W,1.758951739816439e-08
YGR119C,YGR059W,1.1988461334766498e-09
YGR119C,YBR109C,3.536870707421258e-08
YGR119C,YJL080C,0.020669424906373024
YGR119C,YCR093W,0.002346260007470846
YGR119C,YIL122W,1.057610234056483e-06
YGR119C,YCL029C,5.879339376457793e-11
YGR119C,YNL173C,0.00015875000099185854
YGR119C,YLR452C,0.0051149106584489346
YGR119C,YDL160C,0.8165779113769531
YGR119C,YLR229C,6.745354426129779e-07
YGR119C,YML057W,1.2072703725607425e-08
YGR119C,YER149C,5.403411051929652e-08
YGR119C,YMR305C,1.3395705536822788e-05
YGR119C,YLR433C,1.56172703213997e-07
YGR119C,YJL073W,6.60983046074648e-10
YGR119C,YGR279C,0.8088846802711487
YGR119C,YKL190W,0.42836737632751465
YGR119C,YGL089C,0.018205543980002403
YGR119C,YJL019W,3.207570955510164e-07
YGR119C,YJL018W,0.00043155046296305954
YGR119C,YNR032C-A,0.86402827501297
YGR119C,YGL178W,3.251695093742235e-11
YGR119C,YKL116C,8.03793742676362e-09
YGR119C,YDL214C,0.00034085410879924893
YGR119C,YLR362W,1.0236445632472169e-05
YGR119C,YER068W,0.0022424582857638597
YGR119C,YHR084W,1.4370219787451788e-06
YGR119C,YDR392W,0.00029053649632260203
YGR119C,YNL053W,7.002020993240876e-06
YGR119C,YGR040W,2.192449028370902e-05
YGR119C,YDL216C,0.006921105086803436
YGR119C,YOL117W,9.399319294894556e-14
YGR119C,YJR086W,4.818408569917665e-07
YGR119C,YMR025W,5.6940265835692117e-08
YGR119C,YBR081C,0.1306188851594925
YGR119C,YFL026W,0.8934342861175537
YGR119C,YHL007C,5.913215773034608e-06
YGR119C,YNR044W,0.990456759929657
YGR119C,YNL271C,0.00010016987653216347
YGR119C,YDR200C,7.921265932964161e-06
YGR119C,YKL178C,0.000561220571398735
YGR119C,YOR212W,0.00708139268681407
YGR119C,YOL111C,3.4668784792302176e-05
YGR119C,YGL032C,0.016452865675091743
YGR119C,YHR005C,0.00015001409337855875
YGR119C,YDR103W,4.100923600702799e-09
YGR119C,YJR084W,4.789762169821188e-05
YGR119C,YCL032W,4.269511919119395e-05
YGR119C,YJL170C,4.0217613961335275e-11
YGR119C,YDR179C,2.3618606519448804e-06
YGR119C,YBR095C,0.00010787032806547359
YGR119C,YLL021W,0.05920787528157234
YGR119C,YDL159W,1.2484816807045718e-06
YGR119C,YNL161W,3.148175892420113e-05
YGR119C,YNL188W,9.127706107392441e-06
YGR119C,YJL157C,0.04618093743920326
YGR119C,YJL034W,5.352150389548171e-10
YGR119C,YLR238W,2.999846913098736e-07
YGR119C,YPR141C,1.1785708409206563e-08
YGR119C,YNL127W,6.796589877922088e-05
YGR119C,YCL055W,6.963431928852515e-07
YGR119C,YPR122W,3.962985647376627e-05
YGR119C,YMR065W,6.413949904526817e-07
YGR119C,YDR356W,0.0001699700951576233
YGR119C,YMR052W,0.010201194323599339
YGR119C,YFR008W,0.7722756266593933
YGR119C,YLL043W,0.00155557447578758
YGR119C,YMR029C,3.38770149710399e-08
YGR119C,YJR004C,0.0004565510607790202
YGR119C,YDL223C,3.5684553626087485e-15
YGR119C,YHR158C,0.00012855521345045418
YGR119C,YGR238C,3.650850455283461e-11
YGR119C,YIL015W,0.26612621545791626
YGR119C,YGL173C,0.021739408373832703
YGR119C,YDL225W,4.6136981836752966e-05
YGR119C,YLR330W,3.6048672935606874e-09
YGR119C,YBR129C,9.706023774924688e-06
YGR119C,YKR095W-A,0.2020167112350464
YGR119C,YPR075C,7.417227249062464e-11
YGR119C,YMR198W,4.0123168787431496e-07
YGR119C,YOR127W,5.850422166986391e-05
YGR119C,YDR264C,0.00012720207450911403
YGR119C,YLR110C,0.9997069239616394
YGR119C,YDR379W,1.0312687663827091e-05
YGR119C,YDL100C,6.578294176051713e-08
YGR119C,YHR073W,6.436635113793443e-10
YGR119C,YJR090C,2.1340047169360332e-05
YGR119C,YOR208W,0.0011527702445164323
YGR119C,YBR040W,4.5199659126637926e-08
YGR119C,YNL279W,0.9996601343154907
YGR119C,YER075C,1.3898504391818278e-07
YGR119C,YCR089W,0.3430692255496979
YGR119C,YCR002C,6.239853522771455e-09
YGR119C,YJL108C,0.4011562764644623
YGR119C,YBR200W,1.063028207681782e-06
YGR119C,YIL026C,0.8722900748252869
YGR119C,YJR076C,0.00036896669189445674
YGR119C,YKR031C,2.973875052703079e-05
YGR119C,YPL192C,1.6544278480523644e-07
YGR119C,YHR107C,0.000641453720163554
YGR119C,YIL037C,1.9033946955460124e-05
YGR119C,YPL156C,0.04511095955967903
YGR119C,YIL117C,1.6054568785506262e-10
YGR119C,YHR066W,5.874516584986056e-12
YGR119C,YML085C,0.04527291655540466
YGR119C,YML047C,5.677841181750409e-05
YGR119C,YDR312W,0.025670690461993217
YGR119C,YFL037W,0.0021415529772639275
YGR119C,YDL038C,0.2020167112350464
YGR119C,YDL039C,1.8862418571519157e-11
YGR119C,YCL027W,0.6372987627983093
YGR119C,YML124C,0.00021272522280924022
YGR119C,YGL053W,4.5701934141106904e-05
YGR119C,YMR232W,2.964602440489253e-14
YGR119C,YNL298W,3.5864035453414544e-05
YGR119C,YGL099W,8.950522169470787e-05
YGR119C,YBL016W,0.00077870610402897
YGR119C,YAL041W,0.0038124381098896265
YGR119C,YDR085C,3.6761280686192777e-09
YGR119C,YPL187W,0.9985489249229431
YGR119C,YPL256C,1.5995156843473524e-07
YGR119C,YDR461W,1.386735948472051e-05
YGR119C,YNL145W,0.00037471274845302105
YLR102C,YDL165W,4.3802330651487864e-08
YLR102C,YGR059W,0.0009622739744372666
YLR102C,YBR109C,3.559922845397523e-08
YLR102C,YJL080C,5.288286253346541e-09
YLR102C,YCR093W,0.3555346429347992
YLR102C,YIL122W,4.6690794874848507e-07
YLR102C,YCL029C,5.779355660706642e-07
YLR102C,YNL173C,0.6870574951171875
YLR102C,YLR452C,2.422618106123764e-09
YLR102C,YDL160C,7.768696103083172e-11
YLR102C,YLR229C,0.0009233565651811659
YLR102C,YML057W,3.673662263281585e-08
YLR102C,YER149C,1.2072224819803523e-07
YLR102C,YMR305C,0.0003769717877730727
YLR102C,YLR433C,0.040969349443912506
YLR102C,YJL073W,1.2213757701615494e-15
YLR102C,YGR279C,7.433616246999009e-07
YLR102C,YKL190W,0.000911425391677767
YLR102C,YGL089C,0.00031547178514301777
YLR102C,YJL019W,3.820046221621881e-13
YLR102C,YJL018W,0.0013459853362292051
YLR102C,YNR032C-A,0.09158413112163544
YLR102C,YGL178W,2.7089788190437503e-09
YLR102C,YKL116C,2.2650926273515282e-11
YLR102C,YDL214C,2.5209096747857984e-06
YLR102C,YLR362W,4.794073991953862e-12
YLR102C,YER068W,3.2271079817292048e-06
YLR102C,YHR084W,4.0689877682520414e-12
YLR102C,YDR392W,4.697508018125518e-07
YLR102C,YNL053W,0.00011817257473012432
YLR102C,YGR040W,9.189272532239556e-06
YLR102C,YDL216C,0.00041397855966351926
YLR102C,YOL117W,0.06768105179071426
YLR102C,YJR086W,5.63192305291782e-11
YLR102C,YMR025W,0.003021347103640437
YLR102C,YBR081C,0.022840166464447975
YLR102C,YFL026W,4.860814897256205e-06
YLR102C,YHL007C,0.26288339495658875
YLR102C,YNR044W,1.2010145482299617e-11
YLR102C,YNL271C,0.9992504715919495
YLR102C,YDR200C,2.3771848489673175e-08
YLR102C,YKL178C,0.026198800653219223
YLR102C,YOR212W,0.0006327499286271632
YLR102C,YOL111C,0.0019342702580615878
YLR102C,YGL032C,0.00015158516180235893
YLR102C,YHR005C,0.027080250903964043
YLR102C,YDR103W,2.4312868385223396e-10
YLR102C,YJR084W,0.0014629769138991833
YLR102C,YCL032W,0.00013608965673483908
YLR102C,YJL170C,1.1152099209377209e-12
YLR102C,YDR179C,2.3332219836746937e-11
YLR102C,YBR095C,4.265755161755001e-14
YLR102C,YLL021W,0.0003925299970433116
YLR102C,YDL159W,4.412575773521388e-12
YLR102C,YNL161W,0.013968287967145443
YLR102C,YNL188W,8.806012374407146e-06
YLR102C,YJL157C,8.420986574719791e-09
YLR102C,YJL034W,2.5556642305885058e-12
YLR102C,YLR238W,1.380178471510618e-10
YLR102C,YPR141C,2.4557329503238634e-09
YLR102C,YNL127W,0.02681368589401245
YLR102C,YCL055W,3.0833473552149826e-09
YLR102C,YPR122W,8.055922808125615e-05
YLR102C,YMR065W,3.940678197977832e-06
YLR102C,YDR356W,1.6503285849012173e-08
YLR102C,YMR052W,0.000731628155335784
YLR102C,YFR008W,2.2372672603410138e-09
YLR102C,YLL043W,1.640253488588428e-10
YLR102C,YMR029C,0.001271202927455306
YLR102C,YJR004C,7.190863016148796e-07
YLR102C,YDL223C,2.268475851607832e-09
YLR102C,YHR158C,1.646356759010814e-05
YLR102C,YGR238C,3.097403999952064e-10
YLR102C,YIL015W,2.5388379754076595e-07
YLR102C,YGL173C,0.001159487059339881
YLR102C,YDL225W,0.001077521126717329
YLR102C,YLR330W,2.0308283943393235e-09
YLR102C,YBR129C,0.006815893109887838
YLR102C,YKR095W-A,0.2020167112350464
YLR102C,YPR075C,1.1171262137565918e-08
YLR102C,YMR198W,1.5459661426575622e-06
YLR102C,YOR127W,5.335069053202801e-10
YLR102C,YDR264C,9.3877472462367e-10
YLR102C,YLR110C,3.5375288809369465e-10
YLR102C,YDR379W,1.1465060197224375e-05
YLR102C,YDL100C,9.717619775528874e-08
YLR102C,YHR073W,2.555783917834731e-10
YLR102C,YJR090C,8.4237080955063e-06
YLR102C,YOR208W,1.020248146232916e-05
YLR102C,YBR040W,0.0035299286246299744
YLR102C,YNL279W,2.4761996542110865e-07
YLR102C,YER075C,0.00012498305295594037
YLR102C,YCR089W,1.4199903475287101e-09
YLR102C,YCR002C,0.00010310712968930602
YLR102C,YJL108C,0.04254912957549095
YLR102C,YBR200W,1.3489108141584438e-07
YLR102C,YIL026C,1.2852414965625059e-10
YLR102C,YJR076C,2.2532525845164741e-10
YLR102C,YKR031C,0.001073010847903788
YLR102C,YPL192C,4.002419728976747e-09
YLR102C,YHR107C,3.620969635242943e-10
YLR102C,YIL037C,2.46827767114155e-07
YLR102C,YPL156C,0.12542705237865448
YLR102C,YIL117C,9.039867876481367e-08
YLR102C,YHR066W,1.2455086961793427e-10
YLR102C,YML085C,9.55321502260631e-06
YLR102C,YML047C,2.2382485553862352e-07
YLR102C,YDR312W,3.3765612897695974e-05
YLR102C,YFL037W,7.473026471416233e-06
YLR102C,YDL038C,0.2020167112350464
YLR102C,YDL039C,2.8482785164582252e-15
YLR102C,YCL027W,1.1247909696976421e-06
YLR102C,YML124C,2.5918319579432136e-07
YLR102C,YGL053W,0.00020552222849801183
YLR102C,YMR232W,4.226252349326387e-05
YLR102C,YNL298W,4.8569779664831e-07
YLR102C,YGL099W,1.6014519354720647e-12
YLR102C,YBL016W,5.084013722164715e-14
YLR102C,YAL041W,3.31668124999851e-05
YLR102C,YDR085C,4.293970068403041e-09
YLR102C,YPL187W,3.418157575652003e-05
YLR102C,YPL256C,1.2478983535402222e-06
YLR102C,YDR461W,0.0007905982783995569
YLR102C,YNL145W,2.393998784100404e-06
YOR021C,YDL165W,2.4295497951243306e-06
YOR021C,YGR059W,9.306966308741949e-10
YOR021C,YBR109C,1.9844817344960575e-08
YOR021C,YJL080C,2.7764962095937207e-13
YOR021C,YCR093W,4.2620673212923066e-08
YOR021C,YIL122W,7.033141855572467e-07
YOR021C,YCL029C,8.384662919524999e-07
YOR021C,YNL173C,4.943656222167192e-07
YOR021C,YLR452C,0.02036902867257595
YOR021C,YDL160C,0.18798014521598816
YOR021C,YLR229C,8.711033672170743e-08
YOR021C,YML057W,4.285080276722475e-11
YOR021C,YER149C,1.0225923406659287e-11
YOR021C,YMR305C,6.548486999236047e-05
YOR021C,YLR433C,5.505576599002318e-14
YOR021C,YJL073W,5.920455532076874e-12
YOR021C,YGR279C,1.1933188812096596e-12
YOR021C,YKL190W,1.8270737200509757e-05
YOR021C,YGL089C,2.123531339748297e-05
YOR021C,YJL019W,3.905483481503325e-06
YOR021C,YJL018W,9.486676572123542e-05
YOR021C,YNR032C-A,0.8876778483390808
YOR021C,YGL178W,3.418605916877043e-15
YOR021C,YKL116C,3.920314322735513e-13
YOR021C,YDL214C,0.03982798755168915
YOR021C,YLR362W,3.9911745797091853e-17
YOR021C,YER068W,5.261741597983871e-10
YOR021C,YHR084W,2.7222657721787114e-12
YOR021C,YDR392W,4.3315294533385895e-06
YOR021C,YNL053W,0.3853412866592407
YOR021C,YGR040W,4.265089330601768e-07
YOR021C,YDL216C,0.022786974906921387
YOR021C,YOL117W,1.2503976449806942e-06
YOR021C,YJR086W,4.488257943080498e-08
YOR021C,YMR025W,0.0002922241110354662
YOR021C,YBR081C,0.0006042277091182768
YOR021C,YFL026W,0.0004140620294492692
YOR021C,YHL007C,1.234489732659938e-10
YOR021C,YNR044W,2.3740228533020158e-11
YOR021C,YNL271C,9.993621448048194e-18
YOR021C,YDR200C,1.8969348661301844e-12
YOR021C,YKL178C,0.03808268904685974
YOR021C,YOR212W,0.0002598195569589734
YOR021C,YOL111C,2.4825963919283822e-05
YOR021C,YGL032C,2.730133275008484e-08
YOR021C,YHR005C,0.9881346225738525
YOR021C,YDR103W,0.5299660563468933
YOR021C,YJR084W,5.898313504282271e-10
YOR021C,YCL032W,1.7745778677635826e-06
YOR021C,YJL170C,0.3382851481437683
YOR021C,YDR179C,5.344420905828429e-09
YOR021C,YBR095C,5.087357567390427e-05
YOR021C,YLL021W,8.184929296828347e-12
YOR021C,YDL159W,4.185580647266679e-13
YOR021C,YNL161W,3.2431995578008355e-07
YOR021C,YNL188W,8.824661883225198e-17
YOR021C,YJL157C,2.6748327511261216e-11
YOR021C,YJL034W,9.304247471185275e-18
YOR021C,YLR238W,2.7409949865386807e-09
YOR021C,YPR141C,0.001621218048967421
YOR021C,YNL127W,6.318866212495777e-07
YOR021C,YCL055W,7.911532884463668e-05
YOR021C,YPR122W,1.3634327160616522e-06
YOR021C,YMR065W,0.7341392636299133
YOR021C,YDR356W,0.3422878384590149
YOR021C,YMR052W,0.0002134033275069669
YOR021C,YFR008W,4.4299608248365985e-07
YOR021C,YLL043W,5.241658413979167e-07
YOR021C,YMR029C,4.186507140957474e-09
YOR021C,YJR004C,2.92508835349984e-14
YOR021C,YDL223C,1.5394449603967075e-10
YOR021C,YHR158C,6.276611869138193e-11
YOR021C,YGR238C,1.3306386392741842e-07
YOR021C,YIL015W,4.709333367713953e-09
YOR021C,YGL173C,1.7208793418044266e-11
YOR021C,YDL225W,5.607966915754307e-18
YOR021C,YLR330W,3.8365858194082646e-20
YOR021C,YBR129C,6.5892954808077775e-06
YOR021C,YKR095W-A,0.2020167112350464
YOR021C,YPR075C,4.0271604007102724e-07
YOR021C,YMR198W,2.3987634253062884e-13
YOR021C,YOR127W,1.299257412767929e-08
YOR021C,YDR264C,6.373687142513518e-07
YOR021C,YLR110C,2.1866615462773353e-10
YOR021C,YDR379W,3.031732731528791e-08
YOR021C,YDL100C,3.9182953059935244e-07
YOR021C,YHR073W,9.2724099232111e-11
YOR021C,YJR090C,4.006523113275762e-08
YOR021C,YOR208W,1.1144004989638301e-11
YOR021C,YBR040W,6.091281829867512e-05
YOR021C,YNL279W,3.347376154039239e-09
YOR021C,YER075C,8.40550526959305e-08
YOR021C,YCR089W,1.604308179359304e-11
YOR021C,YCR002C,1.8167763127241443e-10
YOR021C,YJL108C,1.251238188615389e-07
YOR021C,YBR200W,3.6174874651351274e-08
YOR021C,YIL026C,9.746042633196339e-05
YOR021C,YJR076C,1.705264912743587e-05
YOR021C,YKR031C,7.510916888442409e-11
YOR021C,YPL192C,4.6366125161512173e-07
YOR021C,YHR107C,3.4783194990950506e-08
YOR021C,YIL037C,4.837419851355662e-07
YOR021C,YPL156C,6.205422687344253e-05
YOR021C,YIL117C,3.993818165071161e-09
YOR021C,YHR066W,4.910360451582108e-10
YOR021C,YML085C,1.545120802137756e-12
YOR021C,YML047C,0.0030531282536685467
YOR021C,YDR312W,8.578832783046053e-11
YOR021C,YFL037W,6.429521359763157e-09
YOR021C,YDL038C,0.2020167112350464
YOR021C,YDL039C,9.967966122653715e-13
YOR021C,YCL027W,7.97500780691518e-12
YOR021C,YML124C,2.568558143956068e-10
YOR021C,YGL053W,4.817925572386805e-12
YOR021C,YMR232W,3.931208425456134e-07
YOR021C,YNL298W,5.428679017427385e-08
YOR021C,YGL099W,3.690782616771573e-17
YOR021C,YBL016W,5.608860931261006e-08
YOR021C,YAL041W,1.7087543255911442e-06
YOR021C,YDR085C,2.06181915984871e-08
YOR021C,YPL187W,0.4930574893951416
YOR021C,YPL256C,1.9039579635116155e-10
YOR021C,YDR461W,5.022850082907204e-13
YOR021C,YNL145W,5.853556785950786e-07
YPL248C,YDL165W,7.66850860145496e-07
YPL248C,YGR059W,8.397230885748286e-06
YPL248C,YBR109C,5.562151272897609e-07
YPL248C,YJL080C,2.2121627446525238e-14
YPL248C,YCR093W,5.78930410555234e-11
YPL248C,YIL122W,3.7340853964451526e-07
YPL248C,YCL029C,1.4979953388838396e-10
YPL248C,YNL173C,1.3664986475703245e-08
YPL248C,YLR452C,6.854505772935227e-05
YPL248C,YDL160C,3.836619471555766e-14
YPL248C,YLR229C,3.686887167092534e-12
YPL248C,YML057W,1.2703969549509447e-13
YPL248C,YER149C,3.176569771112803e-11
YPL248C,YMR305C,4.078436177223921e-06
YPL248C,YLR433C,2.3578262897672175e-08
YPL248C,YJL073W,1.2015708428236849e-08
YPL248C,YGR279C,1.565783364510659e-13
YPL248C,YKL190W,2.3997496698124898e-11
YPL248C,YGL089C,6.247206224552215e-11
YPL248C,YJL019W,1.3870942616733828e-08
YPL248C,YJL018W,0.2020167112350464
YPL248C,YNR032C-A,0.001782478066161275
YPL248C,YGL178W,2.251157127375336e-07
YPL248C,YKL116C,5.9981430240441114e-05
YPL248C,YDL214C,2.0544821381918155e-06
YPL248C,YLR362W,8.939092799309378e-10
YPL248C,YER068W,5.8744724810821936e-05
YPL248C,YHR084W,2.0340587880696148e-08
YPL248C,YDR392W,7.626243386793519e-11
YPL248C,YNL053W,0.016832157969474792
YPL248C,YGR040W,0.005518775898963213
YPL248C,YDL216C,8.896996637683396e-13
YPL248C,YOL117W,4.130444697749737e-14
YPL248C,YJR086W,0.010343038477003574
YPL248C,YMR025W,1.226843604484884e-08
YPL248C,YBR081C,1.8476740137884917e-08
YPL248C,YFL026W,0.00023277536092791706
YPL248C,YHL007C,1.6857002583083383e-14
YPL248C,YNR044W,0.0736892893910408
YPL248C,YNL271C,1.4661433169749216e-06
YPL248C,YDR200C,4.4137531628705984e-16
YPL248C,YKL178C,4.155783983605943e-08
YPL248C,YOR212W,1.1639777142136154e-07
YPL248C,YOL111C,1.1712690279469529e-13
YPL248C,YGL032C,4.5238902401933956e-08
YPL248C,YHR005C,6.117646389469655e-09
YPL248C,YDR103W,2.591389602457639e-06
YPL248C,YJR084W,1.8277395152921372e-09
YPL248C,YCL032W,0.0010593710467219353
YPL248C,YJL170C,0.016582133248448372
YPL248C,YDR179C,1.4835996875461888e-09
YPL248C,YBR095C,7.0692444751330186e-06
YPL248C,YLL021W,1.979950017415473e-14
YPL248C,YDL159W,2.418347522237241e-09
YPL248C,YNL161W,1.5927937511150958e-06
YPL248C,YNL188W,5.4611256489200954e-11
YPL248C,YJL157C,1.90400708532934e-08
YPL248C,YJL034W,2.941311777471256e-11
YPL248C,YLR238W,3.032178241824113e-08
YPL248C,YPR141C,5.004405920772115e-06
YPL248C,YNL127W,1.960800766198645e-08
YPL248C,YCL055W,9.102662943405448e-07
YPL248C,YPR122W,1.9703136344695338e-10
YPL248C,YMR065W,0.00019623672415036708
YPL248C,YDR356W,3.4470339471681655e-08
YPL248C,YMR052W,5.721870479646896e-07
YPL248C,YFR008W,1.1593341469051666e-06
YPL248C,YLL043W,5.940335654486262e-07
YPL248C,YMR029C,0.0003117176238447428
YPL248C,YJR004C,0.9138413667678833
YPL248C,YDL223C,1.1339890615066905e-12
YPL248C,YHR158C,6.092557708337054e-11
YPL248C,YGR238C,3.3957114897731344e-11
YPL248C,YIL015W,1.1558049656246183e-10
YPL248C,YGL173C,5.900510746670307e-09
YPL248C,YDL225W,1.1943515620949086e-10
YPL248C,YLR330W,2.1231256752685113e-08
YPL248C,YBR129C,0.004576895851641893
YPL248C,YKR095W-A,0.2020167112350464
YPL248C,YPR075C,3.268307331925056e-16
YPL248C,YMR198W,5.0572388943237456e-08
YPL248C,YOR127W,1.13980880289688e-09
YPL248C,YDR264C,2.715078595977305e-12
YPL248C,YLR110C,0.0001223082945216447
YPL248C,YDR379W,2.8938300147274276e-06
YPL248C,YDL100C,7.654331812476101e-13
YPL248C,YHR073W,0.0027270761784166098
YPL248C,YJR090C,2.9350843533393345e-08
YPL248C,YOR208W,4.1932721184245736e-11
YPL248C,YBR040W,0.018831120803952217
YPL248C,YNL279W,0.00023881321249064058
YPL248C,YER075C,0.9754531383514404
YPL248C,YCR089W,1.7115553418989293e-05
YPL248C,YCR002C,7.052900929949146e-09
YPL248C,YJL108C,1.0565360435491056e-13
YPL248C,YBR200W,1.01385481343641e-07
YPL248C,YIL026C,1.689162054674398e-08
YPL248C,YJR076C,4.30784964991493e-13
YPL248C,YKR031C,3.013681748598174e-08
YPL248C,YPL192C,7.810768147464842e-05
YPL248C,YHR107C,1.4360225009113492e-08
YPL248C,YIL037C,2.425618594870116e-09
YPL248C,YPL156C,0.0016034678556025028
YPL248C,YIL117C,4.815360554744075e-09
YPL248C,YHR066W,9.82770548968448e-12
YPL248C,YML085C,1.5072201620114356e-07
YPL248C,YML047C,1.3792903708065296e-08
YPL248C,YDR312W,2.0537438103929162e-05
YPL248C,YFL037W,1.6023248861074535e-07
YPL248C,YDL038C,0.2020167112350464
YPL248C,YDL039C,9.097724387174821e-07
YPL248C,YCL027W,0.005608626641333103
YPL248C,YML124C,2.7181083989483157e-13
YPL248C,YGL053W,4.749866298892069e-12
YPL248C,YMR232W,1.5255489926868648e-10
YPL248C,YNL298W,3.962372693410571e-14
YPL248C,YGL099W,1.1404343181614651e-14
YPL248C,YBL016W,0.6529055237770081
YPL248C,YAL041W,2.6322544946673354e-14
YPL248C,YDR085C,1.9064518852474066e-09
YPL248C,YPL187W,3.963689039210294e-07
YPL248C,YPL256C,8.633779543743003e-06
YPL248C,YDR461W,9.382681298575335e-10
YPL248C,YNL145W,0.00011001978418789804
YOR083W,YDL165W,2.2864637116981612e-07
YOR083W,YGR059W,5.238909306370942e-10
YOR083W,YBR109C,7.144957958615805e-09
YOR083W,YJL080C,6.318962714191301e-12
YOR083W,YCR093W,2.0806273370865824e-12
YOR083W,YIL122W,8.788283935722994e-16
YOR083W,YCL029C,5.975195338514538e-11
YOR083W,YNL173C,2.0534778855108016e-07
YOR083W,YLR452C,0.9999364614486694
YOR083W,YDL160C,0.02314780466258526
YOR083W,YLR229C,1.2093588283579315e-11
YOR083W,YML057W,4.613768981936387e-15
YOR083W,YER149C,4.433673428394513e-09
YOR083W,YMR305C,2.676080839592032e-05
YOR083W,YLR433C,0.24663779139518738
YOR083W,YJL073W,2.7300185223566587e-08
YOR083W,YGR279C,1.248675385312481e-09
YOR083W,YKL190W,2.884725791574283e-10
YOR083W,YGL089C,5.837737626279704e-05
YOR083W,YJL019W,3.478817598079331e-05
YOR083W,YJL018W,0.004000116605311632
YOR083W,YNR032C-A,5.232202937577313e-08
YOR083W,YGL178W,2.0922991097904742e-05
YOR083W,YKL116C,1.975106363183432e-11
YOR083W,YDL214C,1.062722576605779e-09
YOR083W,YLR362W,3.990422214883438e-09
YOR083W,YER068W,1.54346926137805e-05
YOR083W,YHR084W,9.559862235164474e-09
YOR083W,YDR392W,2.0800735469456676e-14
YOR083W,YNL053W,9.473808404436568e-08
YOR083W,YGR040W,0.0011860840022563934
YOR083W,YDL216C,5.192724188418651e-07
YOR083W,YOL117W,3.2747334574936837e-13
YOR083W,YJR086W,1.096803203815e-11
YOR083W,YMR025W,9.618182916781848e-10
YOR083W,YBR081C,3.898288213500384e-13
YOR083W,YFL026W,0.0002443744451738894
YOR083W,YHL007C,6.465482726980554e-08
YOR083W,YNR044W,0.9474063515663147
YOR083W,YNL271C,4.159681488147271e-10
YOR083W,YDR200C,2.6610794123804737e-10
YOR083W,YKL178C,7.1610334849425694e-12
YOR083W,YOR212W,3.868687461312456e-14
YOR083W,YOL111C,2.404710919279296e-08
YOR083W,YGL032C,6.386839945804468e-09
YOR083W,YHR005C,1.1720266979153848e-09
YOR083W,YDR103W,1.3253762670695224e-11
YOR083W,YJR084W,2.635378200388505e-11
YOR083W,YCL032W,5.790642488082143e-14
YOR083W,YJL170C,4.184800772577546e-08
YOR083W,YDR179C,2.4970910755817144e-12
YOR083W,YBR095C,3.120689470725857e-11
YOR083W,YLL021W,7.977807570114237e-08
YOR083W,YDL159W,8.232494547177893e-12
YOR083W,YNL161W,5.403865088737803e-07
YOR083W,YNL188W,2.342737204230616e-08
YOR083W,YJL157C,0.0006395734963007271
YOR083W,YJL034W,5.64593216623166e-09
YOR083W,YLR238W,7.405076985628201e-13
YOR083W,YPR141C,0.00013671763008460402
YOR083W,YNL127W,7.859851658409411e-11
YOR083W,YCL055W,2.155706715711858e-05
YOR083W,YPR122W,1.5456338431363292e-08
YOR083W,YMR065W,0.0005475077196024358
YOR083W,YDR356W,1.330730015070003e-07
YOR083W,YMR052W,9.386833532687433e-10
YOR083W,YFR008W,2.206139265724494e-16
YOR083W,YLL043W,3.22171183773836e-14
YOR083W,YMR029C,3.7715989185949095e-12
YOR083W,YJR004C,6.3420978538286654e-12
YOR083W,YDL223C,4.322264287204714e-15
YOR083W,YHR158C,7.125771760846389e-12
YOR083W,YGR238C,2.7245184242019604e-07
YOR083W,YIL015W,0.00022368728241417557
YOR083W,YGL173C,1.3516974865790399e-11
YOR083W,YDL225W,7.229645755755382e-14
YOR083W,YLR330W,5.1222130537098565e-08
YOR083W,YBR129C,0.00013762996240984648
YOR083W,YKR095W-A,0.2020167112350464
YOR083W,YPR075C,6.365805799157798e-11
YOR083W,YMR198W,2.4667491743457504e-05
YOR083W,YOR127W,4.371182027451681e-10
YOR083W,YDR264C,7.221359063025803e-15
YOR083W,YLR110C,8.053892161475826e-14
YOR083W,YDR379W,1.1939607017907167e-16
YOR083W,YDL100C,4.31440678606951e-15
YOR083W,YHR073W,3.871908219391096e-13
YOR083W,YJR090C,2.8209340419138584e-10
YOR083W,YOR208W,6.923747974951766e-08
YOR083W,YBR040W,3.9889357140054926e-05
YOR083W,YNL279W,0.020983416587114334
YOR083W,YER075C,3.7788109352732135e-07
YOR083W,YCR089W,6.043090650109662e-08
YOR083W,YCR002C,1.5382868590041454e-12
YOR083W,YJL108C,0.0006007545161992311
YOR083W,YBR200W,4.614057833723928e-12
YOR083W,YIL026C,3.306566611627204e-07
YOR083W,YJR076C,1.0882865097983085e-07
YOR083W,YKR031C,1.1266929078601606e-07
YOR083W,YPL192C,1.826834591156512e-06
YOR083W,YHR107C,2.5731637833814602e-06
YOR083W,YIL037C,1.7200378351844847e-05
YOR083W,YPL156C,0.05400443822145462
YOR083W,YIL117C,4.177410153904937e-11
YOR083W,YHR066W,1.2215291889106084e-08
YOR083W,YML085C,5.4888790401719234e-08
YOR083W,YML047C,0.004868438467383385
YOR083W,YDR312W,0.04619881510734558
YOR083W,YFL037W,1.2415036962920567e-06
YOR083W,YDL038C,0.2020167112350464
YOR083W,YDL039C,1.6406843315053266e-06
YOR083W,YCL027W,1.5099855090738856e-06
YOR083W,YML124C,7.803258039729144e-10
YOR083W,YGL053W,1.4148771043664965e-10
YOR083W,YMR232W,0.0006767477607354522
YOR083W,YNL298W,5.463240276837311e-11
YOR083W,YGL099W,3.5598310410556167e-10
YOR083W,YBL016W,0.00024261815997306257
YOR083W,YAL041W,6.973932607616529e-14
YOR083W,YDR085C,5.170902785410535e-15
YOR083W,YPL187W,0.0008531176717951894
YOR083W,YPL256C,0.00028455944266170263
YOR083W,YDR461W,2.109336483258062e-09
YOR083W,YNL145W,0.00191913777962327
YFL017W-A,YDL165W,0.9988945126533508
YFL017W-A,YGR059W,0.00017611378279980272
YFL017W-A,YBR109C,1.2229249835016276e-09
YFL017W-A,YJL080C,2.3653756286989847e-08
YFL017W-A,YCR093W,0.00896615069359541
YFL017W-A,YIL122W,0.004356948658823967
YFL017W-A,YCL029C,0.0002819434739649296
YFL017W-A,YNL173C,1.3826907284061885e-12
YFL017W-A,YLR452C,1.4305339391285088e-05
YFL017W-A,YDL160C,6.550705983369973e-17
YFL017W-A,YLR229C,0.000603134511038661
YFL017W-A,YML057W,9.494036806723116e-11
YFL017W-A,YER149C,0.00014424130495171994
YFL017W-A,YMR305C,0.5253790020942688
YFL017W-A,YLR433C,4.177926271609067e-08
YFL017W-A,YJL073W,1.8018293454491463e-11
YFL017W-A,YGR279C,1.1443587482062867e-06
YFL017W-A,YKL190W,0.0039869556203484535
YFL017W-A,YGL089C,8.424970943110566e-09
YFL017W-A,YJL019W,4.829334443456901e-07
YFL017W-A,YJL018W,0.2020167112350464
YFL017W-A,YNR032C-A,0.020993739366531372
YFL017W-A,YGL178W,2.6677807909436524e-06
YFL017W-A,YKL116C,2.276744680784759e-06
YFL017W-A,YDL214C,0.00615498423576355
YFL017W-A,YLR362W,2.135566376515463e-11
YFL017W-A,YER068W,5.618230147774739e-07
YFL017W-A,YHR084W,4.13556226703804e-05
YFL017W-A,YDR392W,1.5985092716164218e-07
YFL017W-A,YNL053W,7.56478168995045e-09
YFL017W-A,YGR040W,0.0001002772114588879
YFL017W-A,YDL216C,0.008224914781749249
YFL017W-A,YOL117W,2.3456341036176553e-12
YFL017W-A,YJR086W,4.9525720330345635e-11
YFL017W-A,YMR025W,3.224830038561777e-07
YFL017W-A,YBR081C,0.04467706382274628
YFL017W-A,YFL026W,2.345141638215864e-06
YFL017W-A,YHL007C,4.073877448718122e-07
YFL017W-A,YNR044W,1.05832909103043e-09
YFL017W-A,YNL271C,4.0964296204037964e-06
YFL017W-A,YDR200C,7.289429369462167e-19
YFL017W-A,YKL178C,1.247711156615594e-09
YFL017W-A,YOR212W,1.3772204511042219e-05
YFL017W-A,YOL111C,8.308312544613727e-07
YFL017W-A,YGL032C,8.961225717030175e-08
YFL017W-A,YHR005C,0.0015908547211438417
YFL017W-A,YDR103W,0.00032255795667879283
YFL017W-A,YJR084W,0.023403503000736237
YFL017W-A,YCL032W,4.999492573404263e-12
YFL017W-A,YJL170C,0.03151155263185501
YFL017W-A,YDR179C,6.059850784367882e-05
YFL017W-A,YBR095C,3.36565831086065e-14
YFL017W-A,YLL021W,5.350622611643985e-09
YFL017W-A,YDL159W,2.7255345003140974e-07
YFL017W-A,YNL161W,3.926842358226157e-12
YFL017W-A,YNL188W,0.00023622634762432426
YFL017W-A,YJL157C,2.1786941317714081e-07
YFL017W-A,YJL034W,2.3631259963582214e-15
YFL017W-A,YLR238W,0.0026962929405272007
YFL017W-A,YPR141C,1.911292565637268e-05
YFL017W-A,YNL127W,7.58868845878169e-05
YFL017W-A,YCL055W,2.2684067957357e-09
YFL017W-A,YPR122W,0.00024015121744014323
YFL017W-A,YMR065W,0.03614697977900505
YFL017W-A,YDR356W,2.3600949319857456e-11
YFL017W-A,YMR052W,6.742274081261712e-07
YFL017W-A,YFR008W,3.0433007459571004e-13
YFL017W-A,YLL043W,0.9918180704116821
YFL017W-A,YMR029C,5.7444372175696756e-11
YFL017W-A,YJR004C,5.2133955819044786e-08
YFL017W-A,YDL223C,2.850475966376109e-10
YFL017W-A,YHR158C,2.4245594421046235e-09
YFL017W-A,YGR238C,1.152812307420037e-11
YFL017W-A,YIL015W,0.59549480676651
YFL017W-A,YGL173C,9.049196947330529e-09
YFL017W-A,YDL225W,4.555104027303969e-08
YFL017W-A,YLR330W,6.172775485202564e-11
YFL017W-A,YBR129C,1.0527528182535661e-08
YFL017W-A,YKR095W-A,0.2020167112350464
YFL017W-A,YPR075C,1.8413265356898023e-09
YFL017W-A,YMR198W,3.2388498993896064e-08
YFL017W-A,YOR127W,5.368324673682423e-10
YFL017W-A,YDR264C,6.327052055020432e-13
YFL017W-A,YLR110C,3.6380257370183244e-05
YFL017W-A,YDR379W,0.2811893820762634
YFL017W-A,YDL100C,4.7381849554994915e-08
YFL017W-A,YHR073W,4.583776025413044e-09
YFL017W-A,YJR090C,0.001533371745608747
YFL017W-A,YOR208W,4.917075457910869e-08
YFL017W-A,YBR040W,2.4771244083732213e-12
YFL017W-A,YNL279W,9.819957069723273e-10
YFL017W-A,YER075C,1.3297508303367067e-06
YFL017W-A,YCR089W,1.6351438603123825e-07
YFL017W-A,YCR002C,1.941571827046573e-05
YFL017W-A,YJL108C,0.0028869910165667534
YFL017W-A,YBR200W,0.19068296253681183
YFL017W-A,YIL026C,0.000571247364860028
YFL017W-A,YJR076C,0.0002854362828657031
YFL017W-A,YKR031C,1.5294459032588748e-08
YFL017W-A,YPL192C,0.000319739046972245
YFL017W-A,YHR107C,1.4150458582662395e-08
YFL017W-A,YIL037C,7.597991498187184e-07
YFL017W-A,YPL156C,0.00023803098883945495
YFL017W-A,YIL117C,2.2399712307219488e-08
YFL017W-A,YHR066W,4.220490552204811e-18
YFL017W-A,YML085C,5.3841842600377277e-05
YFL017W-A,YML047C,0.0011774779995903373
YFL017W-A,YDR312W,1.7074222244395365e-11
YFL017W-A,YFL037W,6.077191527786852e-11
YFL017W-A,YDL038C,0.2020167112350464
YFL017W-A,YDL039C,1.1779464556549435e-11
YFL017W-A,YCL027W,6.84314741713197e-16
YFL017W-A,YML124C,4.469665970674441e-09
YFL017W-A,YGL053W,1.3872206716669666e-09
YFL017W-A,YMR232W,0.3227710723876953
YFL017W-A,YNL298W,7.74694126448594e-06
YFL017W-A,YGL099W,1.775094285970391e-13
YFL017W-A,YBL016W,3.8794431020505726e-05
YFL017W-A,YAL041W,0.9629657864570618
YFL017W-A,YDR085C,0.0005071142222732306
YFL017W-A,YPL187W,9.22986885143473e-07
YFL017W-A,YPL256C,2.158970779930769e-09
YFL017W-A,YDR461W,2.0525237325735857e-12
YFL017W-A,YNL145W,0.001243047066964209
YLR303W,YDL165W,7.498835580266316e-11
YLR303W,YGR059W,3.4985248031915717e-09
YLR303W,YBR109C,8.054613833546886e-14
YLR303W,YJL080C,0.00046619304339401424
YLR303W,YCR093W,2.5594592443667352e-05
YLR303W,YIL122W,8.334998815272276e-13
YLR303W,YCL029C,1.9171458864875035e-10
YLR303W,YNL173C,8.864816481946036e-05
YLR303W,YLR452C,5.27178689591068e-10
YLR303W,YDL160C,2.260904571199651e-12
YLR303W,YLR229C,1.0274761308437519e-07
YLR303W,YML057W,4.6860679026657515e-15
YLR303W,YER149C,2.4129062694555614e-06
YLR303W,YMR305C,3.125551575368368e-14
YLR303W,YLR433C,3.5308829637870076e-07
YLR303W,YJL073W,1.1583715604501776e-06
YLR303W,YGR279C,8.627749209511038e-11
YLR303W,YKL190W,6.974523815437888e-16
YLR303W,YGL089C,2.5758362456884676e-12
YLR303W,YJL019W,1.821054809170164e-07
YLR303W,YJL018W,0.0002600021834950894
YLR303W,YNR032C-A,6.371486961143091e-05
YLR303W,YGL178W,9.70826370683131e-12
YLR303W,YKL116C,1.369471116369203e-11
YLR303W,YDL214C,3.5135445664025156e-09
YLR303W,YLR362W,2.530292165028869e-12
YLR303W,YER068W,1.1618649618794219e-11
YLR303W,YHR084W,5.406815620223604e-11
YLR303W,YDR392W,5.883100673287345e-10
YLR303W,YNL053W,1.6718909590096587e-09
YLR303W,YGR040W,3.105239088085909e-08
YLR303W,YDL216C,2.4235849872128457e-12
YLR303W,YOL117W,4.659929109251948e-10
YLR303W,YJR086W,1.1036587529624588e-19
YLR303W,YMR025W,3.806998211075552e-05
YLR303W,YBR081C,1.3172062836019904e-06
YLR303W,YFL026W,5.71650271064851e-14
YLR303W,YHL007C,1.1040033331966015e-09
YLR303W,YNR044W,3.1992555119989908e-15
YLR303W,YNL271C,2.411106314603728e-10
YLR303W,YDR200C,3.556364980283888e-09
YLR303W,YKL178C,2.135810888148626e-07
YLR303W,YOR212W,9.136028547657919e-17
YLR303W,YOL111C,3.229026333428919e-05
YLR303W,YGL032C,4.782132535015998e-14
YLR303W,YHR005C,2.9989830154804044e-17
YLR303W,YDR103W,1.6215425947515086e-14
YLR303W,YJR084W,2.6997868385336687e-09
YLR303W,YCL032W,8.537530504781898e-08
YLR303W,YJL170C,8.353784153314336e-08
YLR303W,YDR179C,1.6918285349054596e-12
YLR303W,YBR095C,7.621694066983764e-07
YLR303W,YLL021W,7.612077024532482e-05
YLR303W,YDL159W,3.870198952982129e-11
YLR303W,YNL161W,5.756553964757249e-16
YLR303W,YNL188W,4.1466486494501353e-11
YLR303W,YJL157C,1.7802696206103974e-08
YLR303W,YJL034W,2.67679087293508e-16
YLR303W,YLR238W,4.712157064545863e-08
YLR303W,YPR141C,1.650996139801464e-08
YLR303W,YNL127W,3.3442992730670085e-07
YLR303W,YCL055W,4.774887707448272e-10
YLR303W,YPR122W,2.3774294165279652e-12
YLR303W,YMR065W,0.0002302639913978055
YLR303W,YDR356W,1.8906663399320678e-06
YLR303W,YMR052W,1.00461457729073e-12
YLR303W,YFR008W,1.3348596533679924e-11
YLR303W,YLL043W,0.00033156771678477526
YLR303W,YMR029C,4.891148944197177e-11
YLR303W,YJR004C,2.1406630808240568e-12
YLR303W,YDL223C,2.5019632633044298e-12
YLR303W,YHR158C,1.3290751894601271e-06
YLR303W,YGR238C,6.50275126190536e-07
YLR303W,YIL015W,1.345974665056815e-09
YLR303W,YGL173C,3.3779753039198113e-07
YLR303W,YDL225W,2.0160678104730323e-07
YLR303W,YLR330W,2.8481395020207856e-06
YLR303W,YBR129C,0.08008059859275818
YLR303W,YKR095W-A,0.2020167112350464
YLR303W,YPR075C,2.605842798486524e-11
YLR303W,YMR198W,1.267735569854267e-07
YLR303W,YOR127W,8.93747298391645e-10
YLR303W,YDR264C,9.45964620768791e-06
YLR303W,YLR110C,2.0473154421774e-12
YLR303W,YDR379W,1.2005833610259642e-12
YLR303W,YDL100C,2.842959361307705e-15
YLR303W,YHR073W,5.4873116467346605e-11
YLR303W,YJR090C,1.2406528000850469e-14
YLR303W,YOR208W,5.189911434638761e-12
YLR303W,YBR040W,3.307215229142457e-05
YLR303W,YNL279W,1.1126318213428021e-06
YLR303W,YER075C,9.073842480340766e-13
YLR303W,YCR089W,1.269704341666511e-09
YLR303W,YCR002C,1.9138796103490563e-10
YLR303W,YJL108C,6.909181162714017e-20
YLR303W,YBR200W,2.255344131937842e-12
YLR303W,YIL026C,3.878665921774882e-08
YLR303W,YJR076C,7.130296353352605e-09
YLR303W,YKR031C,5.092664512318379e-09
YLR303W,YPL192C,3.8140353808557848e-06
YLR303W,YHR107C,1.3326595080798143e-06
YLR303W,YIL037C,6.609506275623289e-09
YLR303W,YPL156C,7.112131470421446e-07
YLR303W,YIL117C,6.510547357247259e-17
YLR303W,YHR066W,5.850269531038066e-07
YLR303W,YML085C,5.5959934464056005e-09
YLR303W,YML047C,0.00011309096589684486
YLR303W,YDR312W,9.545705688651651e-05
YLR303W,YFL037W,4.176260899602102e-12
YLR303W,YDL038C,0.2020167112350464
YLR303W,YDL039C,4.246520290962508e-08
YLR303W,YCL027W,5.707844863422906e-09
YLR303W,YML124C,2.487297923181586e-09
YLR303W,YGL053W,2.084963451887134e-10
YLR303W,YMR232W,5.9622383560054004e-05
YLR303W,YNL298W,4.776719552437724e-17
YLR303W,YGL099W,1.496615169571669e-07
YLR303W,YBL016W,2.239351030539641e-16
YLR303W,YAL041W,3.4809983162631397e-07
YLR303W,YDR085C,1.868716464935912e-15
YLR303W,YPL187W,1.2155462192353639e-09
YLR303W,YPL256C,1.3247040617225814e-11
YLR303W,YDR461W,7.363405024607417e-12
YLR303W,YNL145W,1.266609129489942e-15
YPL037C,YDL165W,4.676912067225203e-05
YPL037C,YGR059W,4.770267878484447e-07
YPL037C,YBR109C,0.0024800519458949566
YPL037C,YJL080C,0.1614987999200821
YPL037C,YCR093W,0.05858452990651131
YPL037C,YIL122W,0.0756361186504364
YPL037C,YCL029C,8.403836327392357e-16
YPL037C,YNL173C,0.0005401294911280274
YPL037C,YLR452C,2.218660597463895e-07
YPL037C,YDL160C,9.21180526347598e-06
YPL037C,YLR229C,0.009309673681855202
YPL037C,YML057W,4.0451042515599056e-10
YPL037C,YER149C,9.396834421693256e-09
YPL037C,YMR305C,2.0355139795924515e-08
YPL037C,YLR433C,2.7564203364249806e-08
YPL037C,YJL073W,5.744432485244033e-09
YPL037C,YGR279C,0.0025463036727160215
YPL037C,YKL190W,0.00014912075130268931
YPL037C,YGL089C,1.4603841469451595e-09
YPL037C,YJL019W,0.0027809487655758858
YPL037C,YJL018W,0.1689673364162445
YPL037C,YNR032C-A,8.16658757685218e-06
YPL037C,YGL178W,2.070824631564272e-12
YPL037C,YKL116C,4.209001159080237e-15
YPL037C,YDL214C,0.0011205641785636544
YPL037C,YLR362W,2.3405442917123764e-08
YPL037C,YER068W,8.300487388623878e-05
YPL037C,YHR084W,2.017324085556993e-09
YPL037C,YDR392W,3.1102047604036898e-09
YPL037C,YNL053W,7.94238630419386e-08
YPL037C,YGR040W,2.010065145441331e-05
YPL037C,YDL216C,3.967406598803791e-07
YPL037C,YOL117W,0.0032456258777529
YPL037C,YJR086W,5.777551326247021e-09
YPL037C,YMR025W,0.0013440913753584027
YPL037C,YBR081C,0.041496314108371735
YPL037C,YFL026W,0.0012366516748443246
YPL037C,YHL007C,0.0037784832529723644
YPL037C,YNR044W,3.9408336306223646e-05
YPL037C,YNL271C,1.395071802219941e-13
YPL037C,YDR200C,0.05808541178703308
YPL037C,YKL178C,4.953967902565637e-08
YPL037C,YOR212W,1.6766968401801113e-13
YPL037C,YOL111C,2.1459456898910347e-15
YPL037C,YGL032C,6.172817847982515e-06
YPL037C,YHR005C,0.46288615465164185
YPL037C,YDR103W,2.4075782221189e-06
YPL037C,YJR084W,1.031995409267461e-11
YPL037C,YCL032W,1.7208249528024439e-13
YPL037C,YJL170C,0.11938770115375519
YPL037C,YDR179C,6.671506778282727e-16
YPL037C,YBR095C,6.843102369202825e-07
YPL037C,YLL021W,9.908475249176263e-07
YPL037C,YDL159W,1.618869760466879e-10
YPL037C,YNL161W,2.1332278166141805e-09
YPL037C,YNL188W,1.5173594874795526e-05
YPL037C,YJL157C,0.0010102507658302784
YPL037C,YJL034W,1.536212326238521e-14
YPL037C,YLR238W,2.0953527801736982e-10
YPL037C,YPR141C,1.8891779518526164e-07
YPL037C,YNL127W,3.698876298585674e-07
YPL037C,YCL055W,1.0150840584755016e-10
YPL037C,YPR122W,1.1261250517703193e-14
YPL037C,YMR065W,0.0005614027613773942
YPL037C,YDR356W,4.75148675960213e-09
YPL037C,YMR052W,3.260769972257549e-06
YPL037C,YFR008W,0.03541376814246178
YPL037C,YLL043W,0.9386968612670898
YPL037C,YMR029C,3.249765256896353e-08
YPL037C,YJR004C,2.2138732674648054e-05
YPL037C,YDL223C,1.0703965926854798e-19
YPL037C,YHR158C,7.872735449665491e-12
YPL037C,YGR238C,1.8950749192620492e-17
YPL037C,YIL015W,0.9985437393188477
YPL037C,YGL173C,8.648454752346879e-08
YPL037C,YDL225W,6.37628971844606e-08
YPL037C,YLR330W,2.0459862306427233e-14
YPL037C,YBR129C,1.241075509028633e-08
YPL037C,YKR095W-A,0.2020167112350464
YPL037C,YPR075C,4.718057785231357e-19
YPL037C,YMR198W,1.5563774713456269e-09
YPL037C,YOR127W,5.904754766736242e-13
YPL037C,YDR264C,9.142195344560624e-18
YPL037C,YLR110C,1.1433188774390146e-05
YPL037C,YDR379W,0.010224900208413601
YPL037C,YDL100C,3.5502245587792913e-09
YPL037C,YHR073W,2.98887569425213e-13
YPL037C,YJR090C,1.3004355405021872e-11
YPL037C,YOR208W,0.00013585550186689943
YPL037C,YBR040W,1.0281323739036452e-05
YPL037C,YNL279W,2.036981250341796e-09
YPL037C,YER075C,3.6448627724894322e-06
YPL037C,YCR089W,0.004079952836036682
YPL037C,YCR002C,3.82236964302507e-10
YPL037C,YJL108C,2.993541525775356e-10
YPL037C,YBR200W,6.485292374236451e-07
YPL037C,YIL026C,1.9280139984534372e-11
YPL037C,YJR076C,3.7136089342526546e-11
YPL037C,YKR031C,1.0589192633858602e-08
YPL037C,YPL192C,1.2637733526332795e-08
YPL037C,YHR107C,3.0222192803908143e-11
YPL037C,YIL037C,0.00016305559256579727
YPL037C,YPL156C,1.3028553667027154e-06
YPL037C,YIL117C,2.792774694171385e-06
YPL037C,YHR066W,8.249990202102708e-08
YPL037C,YML085C,5.684102683976497e-14
YPL037C,YML047C,1.3643475682556527e-08
YPL037C,YDR312W,1.9541141227819026e-05
YPL037C,YFL037W,0.0453668087720871
YPL037C,YDL038C,0.2020167112350464
YPL037C,YDL039C,1.9335442109633588e-16
YPL037C,YCL027W,2.9077202818950054e-19
YPL037C,YML124C,5.172434475089055e-14
YPL037C,YGL053W,3.00914422268761e-08
YPL037C,YMR232W,4.714131137006916e-05
YPL037C,YNL298W,4.265499597977396e-08
YPL037C,YGL099W,1.1318272707949717e-10
YPL037C,YBL016W,3.052925967583775e-11
YPL037C,YAL041W,0.00010783514881040901
YPL037C,YDR085C,8.141126454574987e-05
YPL037C,YPL187W,1.0776980730042851e-07
YPL037C,YPL256C,0.0012053048703819513
YPL037C,YDR461W,1.9185560258538903e-12
YPL037C,YNL145W,1.169267420664255e-06
YOR213C,YDL165W,8.053396838292315e-11
YOR213C,YGR059W,7.495035970350727e-05
YOR213C,YBR109C,1.769560518082025e-13
YOR213C,YJL080C,3.516449353924145e-08
YOR213C,YCR093W,0.9383015036582947
YOR213C,YIL122W,9.014692295750137e-06
YOR213C,YCL029C,3.731084348146396e-07
YOR213C,YNL173C,2.8144128009444103e-05
YOR213C,YLR452C,0.9998424053192139
YOR213C,YDL160C,0.00855052936822176
YOR213C,YLR229C,6.402564878271733e-08
YOR213C,YML057W,5.74366822547745e-07
YOR213C,YER149C,5.0550097512314096e-05
YOR213C,YMR305C,1.6913242006921791e-06
YOR213C,YLR433C,4.622603682946647e-06
YOR213C,YJL073W,9.466910341870971e-06
YOR213C,YGR279C,0.00015634747978765517
YOR213C,YKL190W,1.4878473886953403e-13
YOR213C,YGL089C,0.0024737536441534758
YOR213C,YJL019W,2.3791110947968264e-07
YOR213C,YJL018W,0.00015797355445101857
YOR213C,YNR032C-A,0.9259705543518066
YOR213C,YGL178W,0.7525885701179504
YOR213C,YKL116C,4.7474163814530124e-14
YOR213C,YDL214C,0.002902424894273281
YOR213C,YLR362W,1.977253027973802e-09
YOR213C,YER068W,3.235806502743799e-07
YOR213C,YHR084W,8.036517829168588e-05
YOR213C,YDR392W,0.011934900656342506
YOR213C,YNL053W,4.877220050047981e-08
YOR213C,YGR040W,4.274384665658992e-12
YOR213C,YDL216C,5.707715536118485e-05
YOR213C,YOL117W,1.9213786799809895e-05
YOR213C,YJR086W,2.7755686637931376e-10
YOR213C,YMR025W,7.599395418500521e-11
YOR213C,YBR081C,0.0004755294357892126
YOR213C,YFL026W,0.013294318690896034
YOR213C,YHL007C,1.0325325483506731e-08
YOR213C,YNR044W,0.02198425680398941
YOR213C,YNL271C,0.7896815538406372
YOR213C,YDR200C,2.0722707176901167e-06
YOR213C,YKL178C,0.045532625168561935
YOR213C,YOR212W,1.2176442396594211e-06
YOR213C,YOL111C,4.311145624519286e-13
YOR213C,YGL032C,4.883261226495961e-07
YOR213C,YHR005C,8.700734179001302e-05
YOR213C,YDR103W,5.64126274582577e-08
YOR213C,YJR084W,0.01579313352704048
YOR213C,YCL032W,0.0398811399936676
YOR213C,YJL170C,1.9402521502343006e-05
YOR213C,YDR179C,8.934856765563381e-08
YOR213C,YBR095C,4.346467449067859e-06
YOR213C,YLL021W,0.5450736880302429
YOR213C,YDL159W,0.0320405438542366
YOR213C,YNL161W,3.8874873098393437e-08
YOR213C,YNL188W,5.865040120234255e-10
YOR213C,YJL157C,9.629612645473129e-15
YOR213C,YJL034W,2.0084193426971278e-18
YOR213C,YLR238W,4.486954363613904e-09
YOR213C,YPR141C,0.0005186538910493255
YOR213C,YNL127W,1.775331156750326e-06
YOR213C,YCL055W,3.553618174462897e-13
YOR213C,YPR122W,0.6802870035171509
YOR213C,YMR065W,0.12539240717887878
YOR213C,YDR356W,6.322971444205905e-07
YOR213C,YMR052W,7.679113878111821e-07
YOR213C,YFR008W,4.355486566964828e-07
YOR213C,YLL043W,1.150018231685368e-12
YOR213C,YMR029C,8.855434607824009e-09
YOR213C,YJR004C,0.0011385915568098426
YOR213C,YDL223C,3.15949591822573e-07
YOR213C,YHR158C,0.01884138397872448
YOR213C,YGR238C,0.9267510175704956
YOR213C,YIL015W,0.08871474862098694
YOR213C,YGL173C,1.6139190961439454e-07
YOR213C,YDL225W,7.2374614981662866e-12
YOR213C,YLR330W,6.416467385861324e-06
YOR213C,YBR129C,4.997629616809718e-07
YOR213C,YKR095W-A,0.2020167112350464
YOR213C,YPR075C,5.052094820712227e-06
YOR213C,YMR198W,2.7255239274381893e-06
YOR213C,YOR127W,3.574371305603563e-07
YOR213C,YDR264C,0.055522024631500244
YOR213C,YLR110C,3.566485133887909e-07
YOR213C,YDR379W,2.399827086929803e-15
YOR213C,YDL100C,1.2159820528268028e-07
YOR213C,YHR073W,5.909371338930214e-07
YOR213C,YJR090C,0.0009986027143895626
YOR213C,YOR208W,8.255589137654007e-13
YOR213C,YBR040W,0.0011135950917378068
YOR213C,YNL279W,2.2891837758720612e-08
YOR213C,YER075C,0.00010027491225628182
YOR213C,YCR089W,4.265778898115968e-06
YOR213C,YCR002C,1.371619691781234e-05
YOR213C,YJL108C,2.4507917260052636e-06
YOR213C,YBR200W,0.00013703465810976923
YOR213C,YIL026C,0.31029027700424194
YOR213C,YJR076C,2.0859301785858264e-10
YOR213C,YKR031C,7.957053071994125e-11
YOR213C,YPL192C,1.939201581535599e-07
YOR213C,YHR107C,8.53825510294115e-10
YOR213C,YIL037C,1.6880885311820748e-07
YOR213C,YPL156C,0.003651081584393978
YOR213C,YIL117C,0.0007174175698310137
YOR213C,YHR066W,1.5118190033192036e-10
YOR213C,YML085C,0.0010684003354981542
YOR213C,YML047C,2.0609776996138862e-08
YOR213C,YDR312W,0.00769480224698782
YOR213C,YFL037W,5.365745323615556e-07
YOR213C,YDL038C,0.2020167112350464
YOR213C,YDL039C,7.116562547593297e-12
YOR213C,YCL027W,1.774410293364781e-06
YOR213C,YML124C,9.761372439243132e-07
YOR213C,YGL053W,0.6630199551582336
YOR213C,YMR232W,3.929402737412602e-05
YOR213C,YNL298W,0.0026168818585574627
YOR213C,YGL099W,0.0012154822470620275
YOR213C,YBL016W,0.0002670982794370502
YOR213C,YAL041W,2.5279556211899035e-05
YOR213C,YDR085C,0.20200055837631226
YOR213C,YPL187W,2.4229565909195117e-08
YOR213C,YPL256C,3.8314826866781004e-08
YOR213C,YDR461W,1.3357641815564536e-14
YOR213C,YNL145W,2.3171067842220339e-10
YNL262W,YDL165W,0.0027936247643083334
YNL262W,YGR059W,5.789917434384506e-09
YNL262W,YBR109C,0.0014331970596686006
YNL262W,YJL080C,0.05024905502796173
YNL262W,YCR093W,9.472438978264108e-05
YNL262W,YIL122W,0.0004690143105108291
YNL262W,YCL029C,2.919996002008859e-16
YNL262W,YNL173C,5.0632678206436485e-17
YNL262W,YLR452C,0.025237957015633583
YNL262W,YDL160C,0.5211186408996582
YNL262W,YLR229C,6.06747430076382e-11
YNL262W,YML057W,3.513378032948822e-05
YNL262W,YER149C,2.4306577870447654e-06
YNL262W,YMR305C,4.2956836004970356e-12
YNL262W,YLR433C,0.08621778339147568
YNL262W,YJL073W,9.176093662688345e-09
YNL262W,YGR279C,0.00010350185766583309
YNL262W,YKL190W,6.298840889940038e-05
YNL262W,YGL089C,0.36294323205947876
YNL262W,YJL019W,0.0019345326581969857
YNL262W,YJL018W,0.2020167112350464
YNL262W,YNR032C-A,0.021657884120941162
YNL262W,YGL178W,5.394493928179145e-05
YNL262W,YKL116C,2.4449975626339437e-06
YNL262W,YDL214C,2.0816871710849227e-06
YNL262W,YLR362W,0.906345009803772
YNL262W,YER068W,1.480755740246309e-09
YNL262W,YHR084W,0.0016092215664684772
YNL262W,YDR392W,0.9981100559234619
YNL262W,YNL053W,0.000125843973364681
YNL262W,YGR040W,0.11041514575481415
YNL262W,YDL216C,0.00016615804634056985
YNL262W,YOL117W,2.1804609441795908e-13
YNL262W,YJR086W,0.006669878493994474
YNL262W,YMR025W,0.00011737476597772911
YNL262W,YBR081C,0.9986662864685059
YNL262W,YFL026W,0.0031577986665070057
YNL262W,YHL007C,4.63791320726159e-06
YNL262W,YNR044W,0.0016006305813789368
YNL262W,YNL271C,0.007825331762433052
YNL262W,YDR200C,0.0055961888283491135
YNL262W,YKL178C,6.349650760739678e-08
YNL262W,YOR212W,0.2633706033229828
YNL262W,YOL111C,1.2445785513293117e-09
YNL262W,YGL032C,5.802307327940071e-07
YNL262W,YHR005C,0.999957799911499
YNL262W,YDR103W,0.4973684251308441
YNL262W,YJR084W,0.00020685396157205105
YNL262W,YCL032W,0.0015752585604786873
YNL262W,YJL170C,0.20126813650131226
YNL262W,YDR179C,0.00016319916176144034
YNL262W,YBR095C,1.2755891475535464e-05
YNL262W,YLL021W,2.7623769938145415e-09
YNL262W,YDL159W,8.552533108741045e-05
YNL262W,YNL161W,0.9824960231781006
YNL262W,YNL188W,0.05415743589401245
YNL262W,YJL157C,4.01112120016478e-05
YNL262W,YJL034W,5.155366693543328e-07
YNL262W,YLR238W,0.0024678644258528948
YNL262W,YPR141C,1.956456117113703e-06
YNL262W,YNL127W,3.2141015253728256e-05
YNL262W,YCL055W,1.3883256144708866e-07
YNL262W,YPR122W,0.18153564631938934
YNL262W,YMR065W,0.7618608474731445
YNL262W,YDR356W,0.0001999246160266921
YNL262W,YMR052W,0.0006504435441456735
YNL262W,YFR008W,0.13995958864688873
YNL262W,YLL043W,0.0003525711945258081
YNL262W,YMR029C,6.211805157363415e-06
YNL262W,YJR004C,5.234409528043216e-08
YNL262W,YDL223C,7.429711956774554e-08
YNL262W,YHR158C,0.30217209458351135
YNL262W,YGR238C,0.0017813278827816248
YNL262W,YIL015W,2.893308419515961e-06
YNL262W,YGL173C,2.099812463935303e-15
YNL262W,YDL225W,0.7870032787322998
YNL262W,YLR330W,0.004348265938460827
YNL262W,YBR129C,0.00012529772357083857
YNL262W,YKR095W-A,0.2020167112350464
YNL262W,YPR075C,4.854551320931932e-07
YNL262W,YMR198W,0.9794243574142456
YNL262W,YOR127W,0.7099300622940063
YNL262W,YDR264C,0.00034607178531587124
YNL262W,YLR110C,7.764671128285272e-10
YNL262W,YDR379W,0.8205767273902893
YNL262W,YDL100C,0.033576034009456635
YNL262W,YHR073W,0.00021543198090512305
YNL262W,YJR090C,0.04201202094554901
YNL262W,YOR208W,3.8543962546100374e-06
YNL262W,YBR040W,1.652012360864319e-05
YNL262W,YNL279W,5.247938315733336e-05
YNL262W,YER075C,0.006579278968274593
YNL262W,YCR089W,2.6158790205954574e-05
YNL262W,YCR002C,0.0001328612706856802
YNL262W,YJL108C,0.9996538162231445
YNL262W,YBR200W,2.771503659459995e-06
YNL262W,YIL026C,0.002630310133099556
YNL262W,YJR076C,0.7817795276641846
YNL262W,YKR031C,0.0003820944402832538
YNL262W,YPL192C,7.586033916595625e-06
YNL262W,YHR107C,8.088390796977957e-14
YNL262W,YIL037C,0.32547882199287415
YNL262W,YPL156C,2.462528811975062e-07
YNL262W,YIL117C,0.006462442688643932
YNL262W,YHR066W,0.2442219853401184
YNL262W,YML085C,0.08148425817489624
YNL262W,YML047C,0.05988573655486107
YNL262W,YDR312W,0.08369020372629166
YNL262W,YFL037W,6.236095941858366e-07
YNL262W,YDL038C,0.2020167112350464
YNL262W,YDL039C,3.640778123426003e-09
YNL262W,YCL027W,3.466558609943604e-06
YNL262W,YML124C,0.11029745638370514
YNL262W,YGL053W,6.605359521927312e-05
YNL262W,YMR232W,0.0002520074194762856
YNL262W,YNL298W,0.9685310125350952
YNL262W,YGL099W,0.5941687226295471
YNL262W,YBL016W,1.1932204113662692e-09
YNL262W,YAL041W,0.999996542930603
YNL262W,YDR085C,0.340922087430954
YNL262W,YPL187W,0.0006106359651312232
YNL262W,YPL256C,1.6660939650137152e-07
YNL262W,YDR461W,2.705283108639378e-08
YNL262W,YNL145W,3.7244768464006484e-05
YFR010W,YDL165W,2.176738689740887e-06
YFR010W,YGR059W,2.7894904633285478e-05
YFR010W,YBR109C,0.001236885553225875
YFR010W,YJL080C,3.879776159010362e-06
YFR010W,YCR093W,0.18418782949447632
YFR010W,YIL122W,6.383231720974436e-07
YFR010W,YCL029C,2.1546818149142943e-11
YFR010W,YNL173C,5.7921570260077715e-06
YFR010W,YLR452C,0.06473807245492935
YFR010W,YDL160C,0.03350573405623436
YFR010W,YLR229C,4.536904611995851e-07
YFR010W,YML057W,2.511173768926511e-10
YFR010W,YER149C,0.002966164844110608
YFR010W,YMR305C,0.0003840693971142173
YFR010W,YLR433C,0.0007722489535808563
YFR010W,YJL073W,1.2588546871583617e-10
YFR010W,YGR279C,0.33241140842437744
YFR010W,YKL190W,1.0669470611901488e-05
YFR010W,YGL089C,4.5223117695059045e-08
YFR010W,YJL019W,0.013447471894323826
YFR010W,YJL018W,0.00602320209145546
YFR010W,YNR032C-A,0.9989929795265198
YFR010W,YGL178W,0.9043741226196289
YFR010W,YKL116C,4.94420817176433e-07
YFR010W,YDL214C,0.049384232610464096
YFR010W,YLR362W,0.9707560539245605
YFR010W,YER068W,1.5211334414289013e-09
YFR010W,YHR084W,4.65773518953938e-06
YFR010W,YDR392W,2.2951360256762143e-10
YFR010W,YNL053W,0.004945012275129557
YFR010W,YGR040W,0.02140476182103157
YFR010W,YDL216C,4.2039923755510245e-06
YFR010W,YOL117W,0.0016217536758631468
YFR010W,YJR086W,0.041631847620010376
YFR010W,YMR025W,0.00034317761310376227
YFR010W,YBR081C,0.1613260805606842
YFR010W,YFL026W,0.017825614660978317
YFR010W,YHL007C,1.8754200254988973e-06
YFR010W,YNR044W,7.092318810464349e-06
YFR010W,YNL271C,0.0023314363788813353
YFR010W,YDR200C,2.925069253478796e-08
YFR010W,YKL178C,0.9885731935501099
YFR010W,YOR212W,0.0013470696285367012
YFR010W,YOL111C,7.123949785636796e-07
YFR010W,YGL032C,0.06185999885201454
YFR010W,YHR005C,1.0707613910199143e-05
YFR010W,YDR103W,5.73383829305385e-08
YFR010W,YJR084W,0.001033094828017056
YFR010W,YCL032W,0.00029741297475993633
YFR010W,YJL170C,1.611937818779552e-07
YFR010W,YDR179C,7.937308691907674e-05
YFR010W,YBR095C,1.6484713682984875e-07
YFR010W,YLL021W,3.712105215380822e-16
YFR010W,YDL159W,5.236771016825514e-10
YFR010W,YNL161W,0.005951136816293001
YFR010W,YNL188W,3.4431022299941105e-07
YFR010W,YJL157C,3.1823643720230166e-09
YFR010W,YJL034W,0.0009129629470407963
YFR010W,YLR238W,3.7220866389020557e-09
YFR010W,YPR141C,1.2252833585080225e-05
YFR010W,YNL127W,0.00020995513477828354
YFR010W,YCL055W,1.0282334012012839e-10
YFR010W,YPR122W,4.776937657879898e-06
YFR010W,YMR065W,0.9824057221412659
YFR010W,YDR356W,0.00013456749729812145
YFR010W,YMR052W,0.0004262375005055219
YFR010W,YFR008W,3.038037448277464e-07
YFR010W,YLL043W,0.0003904940385837108
YFR010W,YMR029C,3.590267567687988e-07
YFR010W,YJR004C,0.0011575177777558565
YFR010W,YDL223C,2.604535857819723e-11
YFR010W,YHR158C,0.035736214369535446
YFR010W,YGR238C,5.834546072946978e-07
YFR010W,YIL015W,6.903020403115079e-05
YFR010W,YGL173C,2.1372240865957792e-08
YFR010W,YDL225W,1.0798017683555372e-05
YFR010W,YLR330W,3.217948290057393e-07
YFR010W,YBR129C,1.856872245298291e-06
YFR010W,YKR095W-A,0.2020167112350464
YFR010W,YPR075C,3.228406967537012e-06
YFR010W,YMR198W,1.828173376572373e-11
YFR010W,YOR127W,1.9925941160181537e-05
YFR010W,YDR264C,0.0024383801501244307
YFR010W,YLR110C,3.504436608636752e-05
YFR010W,YDR379W,0.00010266613389831036
YFR010W,YDL100C,1.657543893807123e-11
YFR010W,YHR073W,3.4081799604734897e-09
YFR010W,YJR090C,0.00013286583998706192
YFR010W,YOR208W,7.994784279041767e-10
YFR010W,YBR040W,0.00028858138830401003
YFR010W,YNL279W,0.73533695936203
YFR010W,YER075C,0.0006321922992356122
YFR010W,YCR089W,7.992669637246763e-09
YFR010W,YCR002C,0.6108131408691406
YFR010W,YJL108C,0.0529058538377285
YFR010W,YBR200W,1.4220067345860343e-09
YFR010W,YIL026C,0.8657105565071106
YFR010W,YJR076C,1.3209006111125632e-09
YFR010W,YKR031C,0.2905772030353546
YFR010W,YPL192C,0.006145872175693512
YFR010W,YHR107C,0.00014212727546691895
YFR010W,YIL037C,0.0865928903222084
YFR010W,YPL156C,7.936980495060197e-08
YFR010W,YIL117C,1.0689371265470982e-05
YFR010W,YHR066W,6.716083293339026e-18
YFR010W,YML085C,0.0019501026254147291
YFR010W,YML047C,2.2637053120888595e-08
YFR010W,YDR312W,7.464009286195505e-06
YFR010W,YFL037W,5.50119978015573e-07
YFR010W,YDL038C,0.2020167112350464
YFR010W,YDL039C,4.263606481758053e-11
YFR010W,YCL027W,0.009671787731349468
YFR010W,YML124C,2.695775401662104e-05
YFR010W,YGL053W,0.00010944729729089886
YFR010W,YMR232W,0.3026367127895355
YFR010W,YNL298W,4.074773642059881e-06
YFR010W,YGL099W,9.100456499488985e-11
YFR010W,YBL016W,1.3934877252097522e-08
YFR010W,YAL041W,0.9837840795516968
YFR010W,YDR085C,8.564388309650894e-09
YFR010W,YPL187W,0.00014690664829686284
YFR010W,YPL256C,1.921501461765729e-05
YFR010W,YDR461W,1.26765653529759e-10
YFR010W,YNL145W,1.4342679932610736e-08
YJL050W,YDL165W,0.00016438736929558218
YJL050W,YGR059W,1.4673735115877662e-08
YJL050W,YBR109C,1.2115827303205151e-05
YJL050W,YJL080C,9.013742237584665e-05
YJL050W,YCR093W,0.42031610012054443
YJL050W,YIL122W,5.419174158305395e-06
YJL050W,YCL029C,1.811689687158946e-10
YJL050W,YNL173C,0.5555747151374817
YJL050W,YLR452C,0.24403038620948792
YJL050W,YDL160C,7.164747827754299e-16
YJL050W,YLR229C,3.1703864806331694e-05
YJL050W,YML057W,2.2308130542366034e-19
YJL050W,YER149C,2.6898514526862982e-09
YJL050W,YMR305C,0.020272700116038322
YJL050W,YLR433C,0.0013035447336733341
YJL050W,YJL073W,5.363284035636573e-12
YJL050W,YGR279C,1.5171191989793442e-05
YJL050W,YKL190W,0.9414092898368835
YJL050W,YGL089C,0.9987533092498779
YJL050W,YJL019W,7.001822410757086e-08
YJL050W,YJL018W,0.00010833337728399783
YJL050W,YNR032C-A,0.0008180957520380616
YJL050W,YGL178W,5.411195491689114e-09
YJL050W,YKL116C,7.256494427565485e-07
YJL050W,YDL214C,0.9995591044425964
YJL050W,YLR362W,1.1248665998664364e-07
YJL050W,YER068W,1.6136582087905582e-12
YJL050W,YHR084W,1.6582084487524844e-14
YJL050W,YDR392W,1.492327506014135e-08
YJL050W,YNL053W,0.0916496068239212
YJL050W,YGR040W,7.541323157056468e-07
YJL050W,YDL216C,0.009414550848305225
YJL050W,YOL117W,3.9433969584003675e-17
YJL050W,YJR086W,9.444546776649076e-06
YJL050W,YMR025W,1.8475368506187806e-06
YJL050W,YBR081C,4.355298733571544e-05
YJL050W,YFL026W,0.007805712055414915
YJL050W,YHL007C,3.930821380199179e-12
YJL050W,YNR044W,2.2686042939312756e-05
YJL050W,YNL271C,4.771146109305846e-07
YJL050W,YDR200C,3.474029597327899e-08
YJL050W,YKL178C,0.6819915771484375
YJL050W,YOR212W,1.435593389942369e-06
YJL050W,YOL111C,2.628553597006089e-09
YJL050W,YGL032C,1.0983166731648453e-07
YJL050W,YHR005C,0.7949221730232239
YJL050W,YDR103W,1.1740532157578087e-10
YJL050W,YJR084W,4.4091981976635e-07
YJL050W,YCL032W,5.355926813166434e-11
YJL050W,YJL170C,0.0001745713088894263
YJL050W,YDR179C,1.432148479807438e-07
YJL050W,YBR095C,7.788640687067527e-06
YJL050W,YLL021W,0.03462396189570427
YJL050W,YDL159W,7.024083398254888e-11
YJL050W,YNL161W,0.6500830054283142
YJL050W,YNL188W,9.513980330666527e-05
YJL050W,YJL157C,8.447690246979334e-13
YJL050W,YJL034W,6.644819650026765e-14
YJL050W,YLR238W,0.9959102869033813
YJL050W,YPR141C,0.0063460469245910645
YJL050W,YNL127W,0.000773950363509357
YJL050W,YCL055W,7.149996690714033e-06
YJL050W,YPR122W,1.324561225146681e-07
YJL050W,YMR065W,0.13805919885635376
YJL050W,YDR356W,0.8647861480712891
YJL050W,YMR052W,0.35402482748031616
YJL050W,YFR008W,2.2228114460176585e-07
YJL050W,YLL043W,0.04707275331020355
YJL050W,YMR029C,2.2719519321423576e-10
YJL050W,YJR004C,1.3227159367801278e-09
YJL050W,YDL223C,3.000176862074827e-22
YJL050W,YHR158C,6.698086053802399e-06
YJL050W,YGR238C,4.167730396908986e-12
YJL050W,YIL015W,0.00018108401854988188
YJL050W,YGL173C,0.016182005405426025
YJL050W,YDL225W,1.5117245020894454e-13
YJL050W,YLR330W,1.288607892266369e-12
YJL050W,YBR129C,7.610482043673983e-06
YJL050W,YKR095W-A,0.2020167112350464
YJL050W,YPR075C,1.828802624004311e-06
YJL050W,YMR198W,0.37593650817871094
YJL050W,YOR127W,0.004297399893403053
YJL050W,YDR264C,0.0028439343441277742
YJL050W,YLR110C,1.601387521077413e-05
YJL050W,YDR379W,1.6989732102956623e-05
YJL050W,YDL100C,7.111793376424203e-10
YJL050W,YHR073W,0.0017565364250913262
YJL050W,YJR090C,3.5325090408377946e-08
YJL050W,YOR208W,3.848355412117144e-09
YJL050W,YBR040W,0.0023355046287178993
YJL050W,YNL279W,3.7437260402839456e-08
YJL050W,YER075C,0.000549603602848947
YJL050W,YCR089W,0.008007397875189781
YJL050W,YCR002C,4.3252796899651e-09
YJL050W,YJL108C,4.560072568438045e-07
YJL050W,YBR200W,9.326094385642136e-08
YJL050W,YIL026C,1.413494099544721e-09
YJL050W,YJR076C,0.0027096224948763847
YJL050W,YKR031C,0.0061890967190265656
YJL050W,YPL192C,0.00894335936754942
YJL050W,YHR107C,0.00933474488556385
YJL050W,YIL037C,0.00031172891613096
YJL050W,YPL156C,0.8813071846961975
YJL050W,YIL117C,0.006878537125885487
YJL050W,YHR066W,8.28001093002619e-18
YJL050W,YML085C,9.361477282254782e-07
YJL050W,YML047C,0.1258247345685959
YJL050W,YDR312W,3.5221130456619676e-09
YJL050W,YFL037W,0.00084197852993384
YJL050W,YDL038C,0.2020167112350464
YJL050W,YDL039C,1.4568647399570978e-09
YJL050W,YCL027W,2.4367850528506096e-06
YJL050W,YML124C,5.363327071686557e-15
YJL050W,YGL053W,1.6286246656838088e-11
YJL050W,YMR232W,1.3016750699534896e-07
YJL050W,YNL298W,0.09712734818458557
YJL050W,YGL099W,3.4226476362288205e-13
YJL050W,YBL016W,2.831700531610165e-13
YJL050W,YAL041W,0.008675695396959782
YJL050W,YDR085C,1.1792365306462216e-08
YJL050W,YPL187W,0.020343929529190063
YJL050W,YPL256C,5.089881641162641e-11
YJL050W,YDR461W,3.035041107324332e-09
YJL050W,YNL145W,4.5430954997982553e-08
YLL060C,YDL165W,2.0601570796530133e-11
YLL060C,YGR059W,3.4405616133881267e-07
YLL060C,YBR109C,5.797800420239435e-19
YLL060C,YJL080C,4.854616122429434e-07
YLL060C,YCR093W,0.5744550228118896
YLL060C,YIL122W,0.00015246680413838476
YLL060C,YCL029C,0.0018093978287652135
YLL060C,YNL173C,0.0016558178467676044
YLL060C,YLR452C,6.081528336476794e-11
YLL060C,YDL160C,1.241247900907183e-05
YLL060C,YLR229C,6.158140403861312e-13
YLL060C,YML057W,8.536260054370359e-08
YLL060C,YER149C,1.5913249384880146e-08
YLL060C,YMR305C,2.3328455595224284e-13
YLL060C,YLR433C,5.110408892505802e-06
YLL060C,YJL073W,1.331682208949303e-09
YLL060C,YGR279C,0.0023657132405787706
YLL060C,YKL190W,2.043898730819116e-11
YLL060C,YGL089C,1.1322175197392426e-07
YLL060C,YJL019W,8.718440949451178e-05
YLL060C,YJL018W,0.1583133488893509
YLL060C,YNR032C-A,0.4536593556404114
YLL060C,YGL178W,6.655734807736735e-08
YLL060C,YKL116C,1.4528521719014975e-09
YLL060C,YDL214C,5.161607141701552e-09
YLL060C,YLR362W,0.000129010557429865
YLL060C,YER068W,1.7268907137601985e-10
YLL060C,YHR084W,2.6079583371335646e-13
YLL060C,YDR392W,4.098960726395262e-09
YLL060C,YNL053W,1.067992116077221e-06
YLL060C,YGR040W,2.8012440452584997e-05
YLL060C,YDL216C,1.0356637075714659e-10
YLL060C,YOL117W,7.225261513220393e-14
YLL060C,YJR086W,1.9556777800921327e-14
YLL060C,YMR025W,0.030628757551312447
YLL060C,YBR081C,5.443986083264463e-06
YLL060C,YFL026W,2.2373396468822193e-09
YLL060C,YHL007C,1.9359144495800784e-11
YLL060C,YNR044W,1.5769508081575623e-06
YLL060C,YNL271C,4.632143912886022e-08
YLL060C,YDR200C,1.6557047501919442e-06
YLL060C,YKL178C,0.0003698037180583924
YLL060C,YOR212W,0.0005647867219522595
YLL060C,YOL111C,8.243408956332132e-05
YLL060C,YGL032C,1.4098806566664734e-09
YLL060C,YHR005C,2.7339328312336875e-07
YLL060C,YDR103W,0.006935346405953169
YLL060C,YJR084W,0.0002733873261604458
YLL060C,YCL032W,0.027719980105757713
YLL060C,YJL170C,1.5642072526134143e-07
YLL060C,YDR179C,1.0031751471184513e-11
YLL060C,YBR095C,0.0009388393955305219
YLL060C,YLL021W,4.936795972021457e-10
YLL060C,YDL159W,8.300434473085261e-08
YLL060C,YNL161W,0.0005737139144912362
YLL060C,YNL188W,5.890721244128372e-11
YLL060C,YJL157C,2.2339219016287437e-11
YLL060C,YJL034W,1.8803428866037697e-12
YLL060C,YLR238W,6.412684427914428e-08
YLL060C,YPR141C,7.579276370961452e-07
YLL060C,YNL127W,0.00024547032080590725
YLL060C,YCL055W,9.884331547693748e-11
YLL060C,YPR122W,0.004816602449864149
YLL060C,YMR065W,0.0003658322966657579
YLL060C,YDR356W,0.00014939656830392778
YLL060C,YMR052W,0.18751709163188934
YLL060C,YFR008W,3.8681328973222406e-11
YLL060C,YLL043W,9.671196039562346e-07
YLL060C,YMR029C,5.335296373232268e-05
YLL060C,YJR004C,1.2711216186289676e-05
YLL060C,YDL223C,5.0421370190179005e-08
YLL060C,YHR158C,1.0721781791289686e-06
YLL060C,YGR238C,1.2065399790373021e-09
YLL060C,YIL015W,5.403663627667754e-10
YLL060C,YGL173C,0.37223032116889954
YLL060C,YDL225W,5.36629796155097e-10
YLL060C,YLR330W,0.0006420830613933504
YLL060C,YBR129C,8.662082146395148e-14
YLL060C,YKR095W-A,0.2020167112350464
YLL060C,YPR075C,1.887850089588028e-06
YLL060C,YMR198W,0.0014302111230790615
YLL060C,YOR127W,3.899777220794931e-05
YLL060C,YDR264C,0.14277294278144836
YLL060C,YLR110C,8.191385063582857e-07
YLL060C,YDR379W,3.529813693603501e-05
YLL060C,YDL100C,5.8833025832427666e-05
YLL060C,YHR073W,7.764480373983744e-17
YLL060C,YJR090C,0.11276300996541977
YLL060C,YOR208W,1.8908645482706987e-10
YLL060C,YBR040W,7.236528472276405e-05
YLL060C,YNL279W,3.7378003470145416e-10
YLL060C,YER075C,3.963247785510049e-11
YLL060C,YCR089W,1.5969748119459837e-06
YLL060C,YCR002C,4.382489163234915e-12
YLL060C,YJL108C,2.078719596454448e-08
YLL060C,YBR200W,7.793537406541873e-06
YLL060C,YIL026C,1.9026256958820653e-10
YLL060C,YJR076C,1.904750500120872e-13
YLL060C,YKR031C,0.9610460996627808
YLL060C,YPL192C,3.106403880792641e-07
YLL060C,YHR107C,4.5747749338742594e-11
YLL060C,YIL037C,1.0702107147153583e-06
YLL060C,YPL156C,0.014114760793745518
YLL060C,YIL117C,4.2220615892318847e-10
YLL060C,YHR066W,2.217973360529868e-09
YLL060C,YML085C,0.0007932209991849959
YLL060C,YML047C,0.26629582047462463
YLL060C,YDR312W,2.100080287448236e-08
YLL060C,YFL037W,9.851582944975235e-07
YLL060C,YDL038C,0.2020167112350464
YLL060C,YDL039C,3.3617301955677584e-15
YLL060C,YCL027W,5.130928911967203e-06
YLL060C,YML124C,1.586782927276431e-10
YLL060C,YGL053W,4.850492274499629e-08
YLL060C,YMR232W,6.656156875672892e-11
YLL060C,YNL298W,4.643342066401601e-08
YLL060C,YGL099W,1.1197919492128435e-17
YLL060C,YBL016W,0.08084292709827423
YLL060C,YAL041W,2.9250916213641176e-06
YLL060C,YDR085C,1.0688311347095691e-09
YLL060C,YPL187W,4.073713311125715e-10
YLL060C,YPL256C,1.8442115833961635e-17
YLL060C,YDR461W,1.289028345868859e-12
YLL060C,YNL145W,1.776617047921647e-11
YBR182C,YDL165W,7.831348347586697e-10
YBR182C,YGR059W,4.912728210348938e-11
YBR182C,YBR109C,2.408693904054626e-13
YBR182C,YJL080C,3.2015588658396155e-05
YBR182C,YCR093W,2.5110122869875795e-09
YBR182C,YIL122W,1.5978761425117227e-08
YBR182C,YCL029C,0.001527398475445807
YBR182C,YNL173C,2.2190731385762774e-07
YBR182C,YLR452C,0.11977647989988327
YBR182C,YDL160C,1.38215445986134e-05
YBR182C,YLR229C,0.06581000983715057
YBR182C,YML057W,1.1935672773688566e-05
YBR182C,YER149C,5.27513380199629e-11
YBR182C,YMR305C,0.0004986829590052366
YBR182C,YLR433C,0.0017814796883612871
YBR182C,YJL073W,0.003145050723105669
YBR182C,YGR279C,1.2989637143689947e-10
YBR182C,YKL190W,0.9984757304191589
YBR182C,YGL089C,1.5167044509212246e-08
YBR182C,YJL019W,7.418044134510637e-08
YBR182C,YJL018W,0.00010678404942154884
YBR182C,YNR032C-A,0.007309442386031151
YBR182C,YGL178W,3.400400828468264e-06
YBR182C,YKL116C,4.046163404325398e-09
YBR182C,YDL214C,3.962142969271554e-08
YBR182C,YLR362W,0.9986597299575806
YBR182C,YER068W,8.931472166295862e-07
YBR182C,YHR084W,1.4974254725075298e-08
YBR182C,YDR392W,0.002649511443451047
YBR182C,YNL053W,4.659023488784442e-06
YBR182C,YGR040W,4.7467082348040535e-11
YBR182C,YDL216C,0.00013442180352285504
YBR182C,YOL117W,1.092825755222293e-06
YBR182C,YJR086W,3.2553836604165554e-07
YBR182C,YMR025W,0.9974265694618225
YBR182C,YBR081C,1.6061783014720277e-08
YBR182C,YFL026W,0.19475559890270233
YBR182C,YHL007C,0.9970017075538635
YBR182C,YNR044W,0.007883409038186073
YBR182C,YNL271C,0.04746183007955551
YBR182C,YDR200C,0.9999511241912842
YBR182C,YKL178C,0.7087712287902832
YBR182C,YOR212W,0.1139599084854126
YBR182C,YOL111C,3.131320550076033e-11
YBR182C,YGL032C,1.3289519484871448e-09
YBR182C,YHR005C,0.012982143089175224
YBR182C,YDR103W,0.09659748524427414
YBR182C,YJR084W,1.2870714272139594e-06
YBR182C,YCL032W,0.00023868503922130913
YBR182C,YJL170C,1.1235003150034117e-08
YBR182C,YDR179C,4.298971134630847e-08
YBR182C,YBR095C,0.00718185817822814
YBR182C,YLL021W,0.9797678589820862
YBR182C,YDL159W,2.3499835322127183e-07
YBR182C,YNL161W,0.44271785020828247
YBR182C,YNL188W,6.023831815582525e-07
YBR182C,YJL157C,0.0036509826313704252
YBR182C,YJL034W,3.841783211555594e-07
YBR182C,YLR238W,0.00022201993851922452
YBR182C,YPR141C,1.5514204278588295e-05
YBR182C,YNL127W,3.844599305580232e-09
YBR182C,YCL055W,0.117587149143219
YBR182C,YPR122W,3.4705004736679257e-07
YBR182C,YMR065W,0.00021356211800593883
YBR182C,YDR356W,0.00060981884598732
YBR182C,YMR052W,9.319924032524796e-08
YBR182C,YFR008W,3.3637900287430966e-06
YBR182C,YLL043W,0.023440241813659668
YBR182C,YMR029C,0.01610925979912281
YBR182C,YJR004C,0.0005536270327866077
YBR182C,YDL223C,6.333804662972398e-07
YBR182C,YHR158C,0.014883847907185555
YBR182C,YGR238C,1.4311061016791804e-12
YBR182C,YIL015W,0.003053154330700636
YBR182C,YGL173C,1.7688143998384476e-05
YBR182C,YDL225W,0.00712493946775794
YBR182C,YLR330W,0.01413518562912941
YBR182C,YBR129C,2.0648592908401042e-05
YBR182C,YKR095W-A,0.2020167112350464
YBR182C,YPR075C,1.2158503523096442e-05
YBR182C,YMR198W,0.5626562833786011
YBR182C,YOR127W,3.7359597627073526e-05
YBR182C,YDR264C,5.805055103280665e-09
YBR182C,YLR110C,8.064468537405389e-10
YBR182C,YDR379W,2.60331329826613e-08
YBR182C,YDL100C,7.386224964989196e-11
YBR182C,YHR073W,0.010428794659674168
YBR182C,YJR090C,7.668424223084003e-05
YBR182C,YOR208W,0.7504963874816895
YBR182C,YBR040W,0.14146263897418976
YBR182C,YNL279W,0.0054118153639137745
YBR182C,YER075C,0.0010764345061033964
YBR182C,YCR089W,0.8780356049537659
YBR182C,YCR002C,4.524113084158898e-09
YBR182C,YJL108C,0.49605995416641235
YBR182C,YBR200W,0.00036350463051348925
YBR182C,YIL026C,1.3252300959720742e-05
YBR182C,YJR076C,1.4845508156113851e-09
YBR182C,YKR031C,2.077122189803049e-06
YBR182C,YPL192C,2.4048836166912224e-07
YBR182C,YHR107C,1.0227314533040044e-06
YBR182C,YIL037C,0.0007095402106642723
YBR182C,YPL156C,0.0632212683558464
YBR182C,YIL117C,0.0005300715565681458
YBR182C,YHR066W,2.663858467144564e-09
YBR182C,YML085C,0.0002980283461511135
YBR182C,YML047C,0.9556525349617004
YBR182C,YDR312W,0.9110846519470215
YBR182C,YFL037W,1.2910030818602536e-05
YBR182C,YDL038C,0.2020167112350464
YBR182C,YDL039C,3.430619639277835e-14
YBR182C,YCL027W,0.0008194809779524803
YBR182C,YML124C,6.149839526514711e-10
YBR182C,YGL053W,1.101505517908663e-07
YBR182C,YMR232W,0.0006406670436263084
YBR182C,YNL298W,1.8334563947064453e-06
YBR182C,YGL099W,1.7529167962493375e-05
YBR182C,YBL016W,1.0016485418873344e-09
YBR182C,YAL041W,3.466880645411341e-12
YBR182C,YDR085C,0.008407441899180412
YBR182C,YPL187W,4.6471785026369616e-05
YBR182C,YPL256C,3.1797019444529395e-12
YBR182C,YDR461W,1.9646557714025903e-09
YBR182C,YNL145W,5.258548480924219e-05
YJL141C,YDL165W,1.1243234787627898e-08
YJL141C,YGR059W,1.1227692109372356e-09
YJL141C,YBR109C,0.0040077646262943745
YJL141C,YJL080C,0.2884626090526581
YJL141C,YCR093W,0.1672566533088684
YJL141C,YIL122W,1.4193960851116572e-06
YJL141C,YCL029C,2.9557791769718733e-09
YJL141C,YNL173C,0.2645266354084015
YJL141C,YLR452C,0.02054581604897976
YJL141C,YDL160C,0.0019027601229026914
YJL141C,YLR229C,0.06875400245189667
YJL141C,YML057W,2.849900981871656e-09
YJL141C,YER149C,0.06205202639102936
YJL141C,YMR305C,1.9006472840032984e-08
YJL141C,YLR433C,2.979992643759033e-07
YJL141C,YJL073W,5.674166987505204e-15
YJL141C,YGR279C,0.9724780321121216
YJL141C,YKL190W,0.3606666624546051
YJL141C,YGL089C,6.3644525205575064e-09
YJL141C,YJL019W,0.002816400257870555
YJL141C,YJL018W,0.049157340079545975
YJL141C,YNR032C-A,0.6611194610595703
YJL141C,YGL178W,3.257717708038399e-06
YJL141C,YKL116C,3.1593159199871934e-09
YJL141C,YDL214C,0.49540233612060547
YJL141C,YLR362W,7.221830173875787e-07
YJL141C,YER068W,3.657085079211697e-09
YJL141C,YHR084W,2.176474278581253e-11
YJL141C,YDR392W,5.624813184113009e-07
YJL141C,YNL053W,0.002191911218687892
YJL141C,YGR040W,0.00021480783470906317
YJL141C,YDL216C,0.9687917828559875
YJL141C,YOL117W,7.695397471252363e-06
YJL141C,YJR086W,0.004204718861728907
YJL141C,YMR025W,4.414622196691198e-07
YJL141C,YBR081C,0.02667282521724701
YJL141C,YFL026W,0.9811144471168518
YJL141C,YHL007C,2.8292384968153783e-07
YJL141C,YNR044W,0.9851198792457581
YJL141C,YNL271C,0.9748803973197937
YJL141C,YDR200C,0.9993836879730225
YJL141C,YKL178C,2.9248598366393708e-05
YJL141C,YOR212W,0.6770870685577393
YJL141C,YOL111C,5.391376147606541e-12
YJL141C,YGL032C,1.1863580118287587e-09
YJL141C,YHR005C,0.012684270739555359
YJL141C,YDR103W,0.004191185813397169
YJL141C,YJR084W,1.351916090186478e-08
YJL141C,YCL032W,0.06509548425674438
YJL141C,YJL170C,0.00036094291135668755
YJL141C,YDR179C,3.5578416162631785e-14
YJL141C,YBR095C,6.268876859394368e-06
YJL141C,YLL021W,1.043128486344358e-05
YJL141C,YDL159W,3.792284530845791e-07
YJL141C,YNL161W,0.9688904285430908
YJL141C,YNL188W,7.637366040327617e-18
YJL141C,YJL157C,4.388846974734406e-08
YJL141C,YJL034W,1.0337367965210405e-15
YJL141C,YLR238W,0.00644259387627244
YJL141C,YPR141C,0.009607370011508465
YJL141C,YNL127W,0.00037219442310743034
YJL141C,YCL055W,1.5308720545566257e-13
YJL141C,YPR122W,1.573892768647056e-05
YJL141C,YMR065W,0.0002607372298371047
YJL141C,YDR356W,1.0142339225416297e-11
YJL141C,YMR052W,1.6432759366580285e-05
YJL141C,YFR008W,1.8985307178809308e-05
YJL141C,YLL043W,0.9975696206092834
YJL141C,YMR029C,0.001565727056004107
YJL141C,YJR004C,3.4727327147265896e-06
YJL141C,YDL223C,4.3057921811362476e-11
YJL141C,YHR158C,0.16606086492538452
YJL141C,YGR238C,3.577078678063117e-05
YJL141C,YIL015W,0.51267409324646
YJL141C,YGL173C,0.012116829864680767
YJL141C,YDL225W,0.0010857069864869118
YJL141C,YLR330W,4.5446708618612774e-09
YJL141C,YBR129C,5.178315768716857e-05
YJL141C,YKR095W-A,0.2020167112350464
YJL141C,YPR075C,9.26168183923437e-07
YJL141C,YMR198W,5.527573421204579e-07
YJL141C,YOR127W,0.029567256569862366
YJL141C,YDR264C,1.2871710808326497e-08
YJL141C,YLR110C,4.121341668546913e-13
YJL141C,YDR379W,8.640695341455285e-07
YJL141C,YDL100C,0.0020076909568160772
YJL141C,YHR073W,0.004674533382058144
YJL141C,YJR090C,1.4653307516709901e-05
YJL141C,YOR208W,0.17176829278469086
YJL141C,YBR040W,5.49595597476582e-07
YJL141C,YNL279W,3.837714757537469e-06
YJL141C,YER075C,0.060162607580423355
YJL141C,YCR089W,0.004094265401363373
YJL141C,YCR002C,9.883460450055281e-08
YJL141C,YJL108C,8.685034913469281e-07
YJL141C,YBR200W,0.007235716097056866
YJL141C,YIL026C,1.023099205355038e-08
YJL141C,YJR076C,7.611336332047358e-05
YJL141C,YKR031C,0.566717267036438
YJL141C,YPL192C,1.939575389187098e-09
YJL141C,YHR107C,0.6779769659042358
YJL141C,YIL037C,0.02530456706881523
YJL141C,YPL156C,0.006081579253077507
YJL141C,YIL117C,4.399132447208132e-11
YJL141C,YHR066W,2.2888870785984787e-19
YJL141C,YML085C,3.546302423274028e-06
YJL141C,YML047C,0.0001849343825597316
YJL141C,YDR312W,5.925093091718736e-07
YJL141C,YFL037W,3.177322229104551e-14
YJL141C,YDL038C,0.2020167112350464
YJL141C,YDL039C,5.0971081577699806e-08
YJL141C,YCL027W,4.2726534843495756e-07
YJL141C,YML124C,7.075212488416582e-05
YJL141C,YGL053W,1.4641038381668636e-10
YJL141C,YMR232W,0.04700066149234772
YJL141C,YNL298W,0.9999998807907104
YJL141C,YGL099W,1.1449907333371812e-06
YJL141C,YBL016W,2.312102160983721e-16
YJL141C,YAL041W,2.7129568479722366e-05
YJL141C,YDR085C,0.0008921538246795535
YJL141C,YPL187W,2.460240295931726e-07
YJL141C,YPL256C,6.197771540428221e-08
YJL141C,YDR461W,9.048414551264192e-14
YJL141C,YNL145W,1.974190125611508e-12
YGL183C,YDL165W,1.3911851965531241e-05
YGL183C,YGR059W,7.039399445296635e-15
YGL183C,YBR109C,4.970289735339861e-10
YGL183C,YJL080C,4.756102862302214e-05
YGL183C,YCR093W,1.9775499293661625e-10
YGL183C,YIL122W,0.234560027718544
YGL183C,YCL029C,1.5756533230937286e-11
YGL183C,YNL173C,4.9979975301539525e-05
YGL183C,YLR452C,5.0485876272432506e-05
YGL183C,YDL160C,0.0002663742343429476
YGL183C,YLR229C,1.2337378230142804e-08
YGL183C,YML057W,1.0015975931310095e-05
YGL183C,YER149C,4.145807906752452e-06
YGL183C,YMR305C,1.819676617742516e-05
YGL183C,YLR433C,1.2089753909094725e-05
YGL183C,YJL073W,0.0012129113310948014
YGL183C,YGR279C,8.927944104494823e-15
YGL183C,YKL190W,1.5186913515208289e-05
YGL183C,YGL089C,1.1832978088932578e-05
YGL183C,YJL019W,3.6157307476969436e-05
YGL183C,YJL018W,0.014621694572269917
YGL183C,YNR032C-A,0.01765328459441662
YGL183C,YGL178W,0.006710093002766371
YGL183C,YKL116C,6.800665630635194e-08
YGL183C,YDL214C,0.012185497209429741
YGL183C,YLR362W,0.5396860241889954
YGL183C,YER068W,5.826011602039216e-06
YGL183C,YHR084W,8.818230526230764e-06
YGL183C,YDR392W,3.886738966230041e-07
YGL183C,YNL053W,0.004726700019091368
YGL183C,YGR040W,5.648546448355773e-07
YGL183C,YDL216C,5.761481247645861e-07
YGL183C,YOL117W,2.409870205610787e-07
YGL183C,YJR086W,2.5106146051001588e-09
YGL183C,YMR025W,3.0734801839571446e-05
YGL183C,YBR081C,4.000793012437498e-07
YGL183C,YFL026W,0.003542407648637891
YGL183C,YHL007C,0.009295404888689518
YGL183C,YNR044W,0.27746355533599854
YGL183C,YNL271C,5.0771555834217e-05
YGL183C,YDR200C,1.759978886184399e-06
YGL183C,YKL178C,0.3437652587890625
YGL183C,YOR212W,7.45361830922775e-05
YGL183C,YOL111C,2.935310658358503e-05
YGL183C,YGL032C,2.643733232332579e-09
YGL183C,YHR005C,0.004255124367773533
YGL183C,YDR103W,0.0005885271821171045
YGL183C,YJR084W,2.1905245830566855e-06
YGL183C,YCL032W,2.234458662542238e-07
YGL183C,YJL170C,2.0451809135124677e-08
YGL183C,YDR179C,1.4153458915663105e-15
YGL183C,YBR095C,3.871910170955006e-12
YGL183C,YLL021W,8.998821954264713e-08
YGL183C,YDL159W,4.0774272846988424e-11
YGL183C,YNL161W,0.0003250590816605836
YGL183C,YNL188W,1.945343228726415e-06
YGL183C,YJL157C,2.5839787554104987e-07
YGL183C,YJL034W,2.3619433774275944e-13
YGL183C,YLR238W,4.6600229097748525e-07
YGL183C,YPR141C,7.961405401601951e-08
YGL183C,YNL127W,0.005052823107689619
YGL183C,YCL055W,9.128414690806608e-10
YGL183C,YPR122W,2.0580766257882743e-10
YGL183C,YMR065W,0.8101362586021423
YGL183C,YDR356W,4.524759744401613e-13
YGL183C,YMR052W,8.626434464531485e-07
YGL183C,YFR008W,3.173221060914777e-11
YGL183C,YLL043W,0.7091479301452637
YGL183C,YMR029C,0.005117544438689947
YGL183C,YJR004C,0.32130956649780273
YGL183C,YDL223C,3.6816856230359463e-09
YGL183C,YHR158C,9.018089031087584e-07
YGL183C,YGR238C,9.947570106305648e-06
YGL183C,YIL015W,3.6707704566651955e-05
YGL183C,YGL173C,6.394890381664943e-15
YGL183C,YDL225W,2.566157263572677e-06
YGL183C,YLR330W,4.048767365816275e-08
YGL183C,YBR129C,3.0704463971353846e-10
YGL183C,YKR095W-A,0.2020167112350464
YGL183C,YPR075C,0.002442008815705776
YGL183C,YMR198W,0.01152457483112812
YGL183C,YOR127W,0.1401953101158142
YGL183C,YDR264C,1.5435883682357598e-09
YGL183C,YLR110C,1.5765107657370915e-14
YGL183C,YDR379W,1.3567970358341341e-10
YGL183C,YDL100C,1.1865781246456208e-08
YGL183C,YHR073W,3.840714857261673e-09
YGL183C,YJR090C,6.445990408110447e-08
YGL183C,YOR208W,0.9064429402351379
YGL183C,YBR040W,0.00032314646523445845
YGL183C,YNL279W,9.221940544534846e-09
YGL183C,YER075C,6.400608253898099e-05
YGL183C,YCR089W,1.052714556151746e-12
YGL183C,YCR002C,1.0057199517632398e-10
YGL183C,YJL108C,5.598798646921921e-10
YGL183C,YBR200W,5.946995429439994e-07
YGL183C,YIL026C,4.5276585258768876e-10
YGL183C,YJR076C,4.785878715551917e-08
YGL183C,YKR031C,0.00010241141717415303
YGL183C,YPL192C,0.01047227717936039
YGL183C,YHR107C,1.428088580723852e-06
YGL183C,YIL037C,1.1372540939191822e-05
YGL183C,YPL156C,0.00017770683916751295
YGL183C,YIL117C,0.0008213971741497517
YGL183C,YHR066W,0.02809230051934719
YGL183C,YML085C,0.007692738436162472
YGL183C,YML047C,0.9027377367019653
YGL183C,YDR312W,0.4114442765712738
YGL183C,YFL037W,0.0019912109710276127
YGL183C,YDL038C,0.2020167112350464
YGL183C,YDL039C,1.7591435252928278e-11
YGL183C,YCL027W,5.104315278003924e-06
YGL183C,YML124C,3.3939323573761726e-10
YGL183C,YGL053W,1.6277379017992644e-06
YGL183C,YMR232W,6.688641640550941e-09
YGL183C,YNL298W,2.4235019324692075e-08
YGL183C,YGL099W,0.0008250711252912879
YGL183C,YBL016W,0.028622062876820564
YGL183C,YAL041W,3.4742946367072314e-12
YGL183C,YDR085C,0.003728670533746481
YGL183C,YPL187W,1.2266010571693187e-06
YGL183C,YPL256C,0.0019664631690829992
YGL183C,YDR461W,8.406097862234674e-08
YGL183C,YNL145W,6.659736831964155e-15
YLR409C,YDL165W,0.9660696387290955
YLR409C,YGR059W,7.763337750432697e-10
YLR409C,YBR109C,0.008954252116382122
YLR409C,YJL080C,4.624628680005571e-09
YLR409C,YCR093W,0.3363688886165619
YLR409C,YIL122W,1.0405399564206164e-07
YLR409C,YCL029C,5.2447462621785235e-06
YLR409C,YNL173C,0.9933863282203674
YLR409C,YLR452C,0.9618120193481445
YLR409C,YDL160C,0.9303669333457947
YLR409C,YLR229C,1.3084289207654365e-08
YLR409C,YML057W,5.6359690248086736e-09
YLR409C,YER149C,9.688415758546398e-08
YLR409C,YMR305C,0.3938881754875183
YLR409C,YLR433C,0.11052198708057404
YLR409C,YJL073W,1.1641429185858788e-15
YLR409C,YGR279C,0.010992996394634247
YLR409C,YKL190W,0.002534684492275119
YLR409C,YGL089C,0.10652146488428116
YLR409C,YJL019W,0.024981340393424034
YLR409C,YJL018W,9.129790123552084e-05
YLR409C,YNR032C-A,0.05941162630915642
YLR409C,YGL178W,2.0114542920168788e-08
YLR409C,YKL116C,6.584607425280664e-12
YLR409C,YDL214C,0.9897286891937256
YLR409C,YLR362W,2.518213705116068e-06
YLR409C,YER068W,1.888171216601897e-11
YLR409C,YHR084W,2.4261197495434317e-08
YLR409C,YDR392W,0.0002514839288778603
YLR409C,YNL053W,2.577587110863533e-06
YLR409C,YGR040W,2.121829156820354e-09
YLR409C,YDL216C,0.20353442430496216
YLR409C,YOL117W,5.723703131930583e-18
YLR409C,YJR086W,0.49777984619140625
YLR409C,YMR025W,0.9709022641181946
YLR409C,YBR081C,0.0038543841801583767
YLR409C,YFL026W,0.20324426889419556
YLR409C,YHL007C,9.90426074487516e-11
YLR409C,YNR044W,0.5378038287162781
YLR409C,YNL271C,7.438332971787531e-08
YLR409C,YDR200C,6.289070006459951e-05
YLR409C,YKL178C,1.4588291378458962e-05
YLR409C,YOR212W,1.1739741239580326e-05
YLR409C,YOL111C,8.486690603604075e-06
YLR409C,YGL032C,0.5237167477607727
YLR409C,YHR005C,0.9999940395355225
YLR409C,YDR103W,0.08189676702022552
YLR409C,YJR084W,2.5913257559295744e-05
YLR409C,YCL032W,8.240635313071318e-15
YLR409C,YJL170C,0.9987772107124329
YLR409C,YDR179C,5.474586473042109e-08
YLR409C,YBR095C,0.08057542145252228
YLR409C,YLL021W,0.062326911836862564
YLR409C,YDL159W,3.2854655728442594e-05
YLR409C,YNL161W,4.661943421524484e-06
YLR409C,YNL188W,9.643082194088493e-06
YLR409C,YJL157C,1.1103263659606455e-06
YLR409C,YJL034W,6.177836388986016e-16
YLR409C,YLR238W,0.00017703862977214158
YLR409C,YPR141C,0.1317087560892105
YLR409C,YNL127W,0.9975683093070984
YLR409C,YCL055W,1.3197900550210306e-09
YLR409C,YPR122W,0.022390030324459076
YLR409C,YMR065W,0.6242956519126892
YLR409C,YDR356W,0.9760194420814514
YLR409C,YMR052W,0.9961211085319519
YLR409C,YFR008W,5.45747866453894e-07
YLR409C,YLL043W,0.3370131552219391
YLR409C,YMR029C,1.3079640837077022e-07
YLR409C,YJR004C,6.948333916697788e-14
YLR409C,YDL223C,5.505124622221663e-14
YLR409C,YHR158C,0.8639666438102722
YLR409C,YGR238C,8.339723578387748e-09
YLR409C,YIL015W,0.986695408821106
YLR409C,YGL173C,9.207257676280278e-07
YLR409C,YDL225W,0.00034520417102612555
YLR409C,YLR330W,2.37084556431455e-08
YLR409C,YBR129C,0.38208287954330444
YLR409C,YKR095W-A,0.2020167112350464
YLR409C,YPR075C,8.89084432742493e-08
YLR409C,YMR198W,1.8402641217107885e-05
YLR409C,YOR127W,1.076115313480841e-05
YLR409C,YDR264C,0.0027748446445912123
YLR409C,YLR110C,0.4764504134654999
YLR409C,YDR379W,1.757133105684261e-07
YLR409C,YDL100C,3.058294851143728e-06
YLR409C,YHR073W,6.000580469844863e-05
YLR409C,YJR090C,1.150371020663954e-09
YLR409C,YOR208W,1.449699357181089e-05
YLR409C,YBR040W,1.6645022697048262e-05
YLR409C,YNL279W,0.014420291408896446
YLR409C,YER075C,4.835925210500136e-06
YLR409C,YCR089W,7.416866676379641e-09
YLR409C,YCR002C,0.04855944216251373
YLR409C,YJL108C,0.11638027429580688
YLR409C,YBR200W,1.011291956842797e-07
YLR409C,YIL026C,0.0013439711183309555
YLR409C,YJR076C,5.145111003912461e-07
YLR409C,YKR031C,0.0002539078996051103
YLR409C,YPL192C,0.005494235549122095
YLR409C,YHR107C,0.24745696783065796
YLR409C,YIL037C,1.9254298422310967e-06
YLR409C,YPL156C,0.9985600113868713
YLR409C,YIL117C,1.1061695204261923e-06
YLR409C,YHR066W,3.368887460664105e-11
YLR409C,YML085C,1.4360794011736289e-06
YLR409C,YML047C,0.001151090837083757
YLR409C,YDR312W,5.626948559878109e-12
YLR409C,YFL037W,9.551510629535187e-06
YLR409C,YDL038C,0.2020167112350464
YLR409C,YDL039C,4.664119757080698e-09
YLR409C,YCL027W,4.8577316192677245e-05
YLR409C,YML124C,1.4139460397536166e-18
YLR409C,YGL053W,4.620346061301461e-08
YLR409C,YMR232W,0.0004547236312646419
YLR409C,YNL298W,0.9988100528717041
YLR409C,YGL099W,4.17375248945584e-12
YLR409C,YBL016W,5.133693470327216e-09
YLR409C,YAL041W,0.010344229638576508
YLR409C,YDR085C,0.8494141101837158
YLR409C,YPL187W,0.607774555683136
YLR409C,YPL256C,1.5199100658613851e-12
YLR409C,YDR461W,2.325419323767619e-08
YLR409C,YNL145W,1.0963926797558088e-06
YOR219C,YDL165W,6.06276898906799e-07
YOR219C,YGR059W,4.867285952059319e-07
YOR219C,YBR109C,0.02269626036286354
YOR219C,YJL080C,0.8305668234825134
YOR219C,YCR093W,0.049156468361616135
YOR219C,YIL122W,0.00017801074136514217
YOR219C,YCL029C,2.3877772589026014e-12
YOR219C,YNL173C,5.927082611378864e-07
YOR219C,YLR452C,0.0007990279700607061
YOR219C,YDL160C,1.1879528756253421e-05
YOR219C,YLR229C,1.0191243135106013e-15
YOR219C,YML057W,3.571434351014462e-17
YOR219C,YER149C,0.9999970197677612
YOR219C,YMR305C,1.7287929665599222e-07
YOR219C,YLR433C,0.029533548280596733
YOR219C,YJL073W,7.892683839827441e-09
YOR219C,YGR279C,5.370093276724219e-05
YOR219C,YKL190W,0.30817675590515137
YOR219C,YGL089C,3.0764823577555944e-07
YOR219C,YJL019W,0.0005221703322604299
YOR219C,YJL018W,0.10213957726955414
YOR219C,YNR032C-A,9.677602065494284e-06
YOR219C,YGL178W,7.688750969236935e-08
YOR219C,YKL116C,3.700792376548634e-06
YOR219C,YDL214C,0.8986189365386963
YOR219C,YLR362W,1.6879791076007677e-07
YOR219C,YER068W,2.237390939185957e-09
YOR219C,YHR084W,5.058186508533069e-11
YOR219C,YDR392W,0.0004895726451650262
YOR219C,YNL053W,3.8573347410419956e-05
YOR219C,YGR040W,0.09232748299837112
YOR219C,YDL216C,0.0004227117169648409
YOR219C,YOL117W,4.972025067218055e-07
YOR219C,YJR086W,7.287582320714137e-06
YOR219C,YMR025W,9.309407323598862e-05
YOR219C,YBR081C,0.0008260292815975845
YOR219C,YFL026W,5.8083802656483385e-08
YOR219C,YHL007C,2.5577305677870754e-06
YOR219C,YNR044W,0.6908667683601379
YOR219C,YNL271C,0.9733128547668457
YOR219C,YDR200C,0.0016627531731501222
YOR219C,YKL178C,0.825420081615448
YOR219C,YOR212W,0.03137929365038872
YOR219C,YOL111C,4.181079094056628e-10
YOR219C,YGL032C,8.337980943906587e-06
YOR219C,YHR005C,0.0001321746240137145
YOR219C,YDR103W,0.022556602954864502
YOR219C,YJR084W,0.9978618025779724
YOR219C,YCL032W,0.002579899039119482
YOR219C,YJL170C,0.004719334188848734
YOR219C,YDR179C,4.910711595584871e-06
YOR219C,YBR095C,1.0673394112981072e-10
YOR219C,YLL021W,0.9764147996902466
YOR219C,YDL159W,1.1903187413508931e-07
YOR219C,YNL161W,0.07639649510383606
YOR219C,YNL188W,7.256606693317735e-08
YOR219C,YJL157C,4.099544597020721e-14
YOR219C,YJL034W,6.068463331669605e-13
YOR219C,YLR238W,0.0011518175015226007
YOR219C,YPR141C,1.1052911474962457e-08
YOR219C,YNL127W,0.0002308898838236928
YOR219C,YCL055W,4.405543222674169e-06
YOR219C,YPR122W,2.6492794069632453e-10
YOR219C,YMR065W,7.00880482327193e-05
YOR219C,YDR356W,0.013437190093100071
YOR219C,YMR052W,0.0024160807952284813
YOR219C,YFR008W,2.7669219093695574e-07
YOR219C,YLL043W,0.004295327700674534
YOR219C,YMR029C,0.008162176236510277
YOR219C,YJR004C,2.0700505046988837e-05
YOR219C,YDL223C,3.5450882138708673e-13
YOR219C,YHR158C,0.26568275690078735
YOR219C,YGR238C,1.1775655366363935e-05
YOR219C,YIL015W,0.001467941445298493
YOR219C,YGL173C,0.9347320795059204
YOR219C,YDL225W,0.0002947912726085633
YOR219C,YLR330W,1.9060639715462457e-06
YOR219C,YBR129C,4.88995028717909e-05
YOR219C,YKR095W-A,0.2020167112350464
YOR219C,YPR075C,4.124298558921824e-13
YOR219C,YMR198W,0.014884057454764843
YOR219C,YOR127W,8.536455396723763e-12
YOR219C,YDR264C,3.897982878697803e-07
YOR219C,YLR110C,2.4696484440811517e-11
YOR219C,YDR379W,1.0112530617334414e-05
YOR219C,YDL100C,0.5050150156021118
YOR219C,YHR073W,0.04901939257979393
YOR219C,YJR090C,0.0002964617742691189
YOR219C,YOR208W,1.683357446491396e-11
YOR219C,YBR040W,0.002755505498498678
YOR219C,YNL279W,0.003219419391825795
YOR219C,YER075C,0.9916216135025024
YOR219C,YCR089W,0.05023498460650444
YOR219C,YCR002C,5.9357680584071204e-05
YOR219C,YJL108C,0.0003788830654229969
YOR219C,YBR200W,3.2355995926991454e-07
YOR219C,YIL026C,0.029735010117292404
YOR219C,YJR076C,1.3327101441973355e-05
YOR219C,YKR031C,0.00046557950554415584
YOR219C,YPL192C,0.0022975094616413116
YOR219C,YHR107C,0.0017178596463054419
YOR219C,YIL037C,0.8186625838279724
YOR219C,YPL156C,7.804943358280525e-09
YOR219C,YIL117C,0.9478757977485657
YOR219C,YHR066W,3.279763748998202e-14
YOR219C,YML085C,1.6233092537731864e-05
YOR219C,YML047C,0.006873304955661297
YOR219C,YDR312W,1.336469637180926e-07
YOR219C,YFL037W,0.5046827793121338
YOR219C,YDL038C,0.2020167112350464
YOR219C,YDL039C,2.2700812312825142e-13
YOR219C,YCL027W,0.00012388467439450324
YOR219C,YML124C,0.0034223105758428574
YOR219C,YGL053W,1.7107619765255322e-09
YOR219C,YMR232W,0.48518168926239014
YOR219C,YNL298W,0.8497763276100159
YOR219C,YGL099W,9.84464634257165e-08
YOR219C,YBL016W,0.009946838021278381
YOR219C,YAL041W,0.015435867011547089
YOR219C,YDR085C,1.6273717928783071e-09
YOR219C,YPL187W,0.05931632220745087
YOR219C,YPL256C,0.00396500900387764
YOR219C,YDR461W,6.427740562031659e-10
YOR219C,YNL145W,8.693123489868118e-16
YIL080W,YDL165W,2.5409639420104213e-05
YIL080W,YGR059W,9.990383114200085e-05
YIL080W,YBR109C,1.936551585757229e-09
YIL080W,YJL080C,6.86374114593491e-05
YIL080W,YCR093W,2.16388980334159e-05
YIL080W,YIL122W,0.10622722655534744
YIL080W,YCL029C,2.3396549142518097e-09
YIL080W,YNL173C,0.0033553214743733406
YIL080W,YLR452C,0.043280668556690216
YIL080W,YDL160C,0.016209334135055542
YIL080W,YLR229C,0.00011423147952882573
YIL080W,YML057W,1.1534122101863886e-08
YIL080W,YER149C,0.8599112629890442
YIL080W,YMR305C,0.9831052422523499
YIL080W,YLR433C,1.821643854782451e-05
YIL080W,YJL073W,1.8848245417757425e-06
YIL080W,YGR279C,9.226681918494961e-11
YIL080W,YKL190W,0.0031453301198780537
YIL080W,YGL089C,0.000245844159508124
YIL080W,YJL019W,0.005647657439112663
YIL080W,YJL018W,0.0005683014751411974
YIL080W,YNR032C-A,0.02622448094189167
YIL080W,YGL178W,9.385946952988888e-08
YIL080W,YKL116C,7.598568996236565e-11
YIL080W,YDL214C,0.0010910503333434463
YIL080W,YLR362W,1.7775034777400833e-09
YIL080W,YER068W,0.000181885581696406
YIL080W,YHR084W,2.270645154567319e-06
YIL080W,YDR392W,9.503322573323203e-09
YIL080W,YNL053W,0.9985494017601013
YIL080W,YGR040W,0.0015610118862241507
YIL080W,YDL216C,1.4026031724956312e-10
YIL080W,YOL117W,0.000137653318233788
YIL080W,YJR086W,1.5367357164564055e-08
YIL080W,YMR025W,1.4087441741139628e-05
YIL080W,YBR081C,1.1757264473999385e-05
YIL080W,YFL026W,0.2291577160358429
YIL080W,YHL007C,5.262235980296737e-09
YIL080W,YNR044W,0.0036516194231808186
YIL080W,YNL271C,0.0010461469646543264
YIL080W,YDR200C,0.013966462574899197
YIL080W,YKL178C,4.2610373562901316e-11
YIL080W,YOR212W,0.0019238281529396772
YIL080W,YOL111C,7.168344495767087e-08
YIL080W,YGL032C,0.997277557849884
YIL080W,YHR005C,6.4974239322168614e-09
YIL080W,YDR103W,0.0014837069902569056
YIL080W,YJR084W,3.804110093597046e-08
YIL080W,YCL032W,8.645832713227719e-05
YIL080W,YJL170C,4.271352736395784e-05
YIL080W,YDR179C,0.005200487095862627
YIL080W,YBR095C,1.8871464817493688e-06
YIL080W,YLL021W,0.993536114692688
YIL080W,YDL159W,6.206871822067583e-11
YIL080W,YNL161W,2.0700456104805198e-07
YIL080W,YNL188W,0.9694072008132935
YIL080W,YJL157C,0.0012641334906220436
YIL080W,YJL034W,4.421811410814302e-15
YIL080W,YLR238W,6.293353362707421e-05
YIL080W,YPR141C,2.0124788946418448e-08
YIL080W,YNL127W,1.3310361737239873e-06
YIL080W,YCL055W,5.6876619964896236e-06
YIL080W,YPR122W,0.002230564132332802
YIL080W,YMR065W,0.3069031536579132
YIL080W,YDR356W,0.994283139705658
YIL080W,YMR052W,2.0378631404582848e-07
YIL080W,YFR008W,1.4906476280884817e-05
YIL080W,YLL043W,2.594569741631858e-05
YIL080W,YMR029C,2.7845415388583206e-05
YIL080W,YJR004C,3.5341326219684444e-12
YIL080W,YDL223C,3.6393011271229625e-08
YIL080W,YHR158C,0.9567248821258545
YIL080W,YGR238C,9.544913837089553e-07
YIL080W,YIL015W,0.04321414232254028
YIL080W,YGL173C,0.0011131352512165904
YIL080W,YDL225W,0.03876727074384689
YIL080W,YLR330W,3.111882688244805e-05
YIL080W,YBR129C,4.4432931645133067e-07
YIL080W,YKR095W-A,0.2020167112350464
YIL080W,YPR075C,3.2434549837589977e-12
YIL080W,YMR198W,1.1720445399987511e-05
YIL080W,YOR127W,5.523617801372893e-06
YIL080W,YDR264C,0.00010722516162786633
YIL080W,YLR110C,0.0006577323074452579
YIL080W,YDR379W,1.2631340950974845e-07
YIL080W,YDL100C,6.0820293583674356e-05
YIL080W,YHR073W,2.3523743948317133e-06
YIL080W,YJR090C,1.363316459901398e-05
YIL080W,YOR208W,2.2589391295013694e-12
YIL080W,YBR040W,0.9950339794158936
YIL080W,YNL279W,0.6547192931175232
YIL080W,YER075C,1.665656412797034e-08
YIL080W,YCR089W,0.36218318343162537
YIL080W,YCR002C,0.0015132646076381207
YIL080W,YJL108C,0.017931966111063957
YIL080W,YBR200W,3.587463374868198e-14
YIL080W,YIL026C,0.0003794733784161508
YIL080W,YJR076C,2.6858459900580556e-10
YIL080W,YKR031C,2.4076685090079764e-10
YIL080W,YPL192C,0.9403795599937439
YIL080W,YHR107C,1.0320678711650544e-06
YIL080W,YIL037C,0.002610954688861966
YIL080W,YPL156C,0.9976596832275391
YIL080W,YIL117C,0.9946761131286621
YIL080W,YHR066W,2.499358646308985e-16
YIL080W,YML085C,0.0011159424902871251
YIL080W,YML047C,0.9654614925384521
YIL080W,YDR312W,9.596175914339256e-06
YIL080W,YFL037W,7.250093858601758e-06
YIL080W,YDL038C,0.2020167112350464
YIL080W,YDL039C,5.43844691502926e-10
YIL080W,YCL027W,0.9939693212509155
YIL080W,YML124C,1.6115766707236467e-11
YIL080W,YGL053W,0.9967437982559204
YIL080W,YMR232W,0.2599591314792633
YIL080W,YNL298W,1.194453943753615e-06
YIL080W,YGL099W,2.281249633639959e-09
YIL080W,YBL016W,2.7871976726601133e-06
YIL080W,YAL041W,6.682370923272174e-08
YIL080W,YDR085C,0.10769695788621902
YIL080W,YPL187W,1.2962874507138622e-07
YIL080W,YPL256C,0.9999914169311523
YIL080W,YDR461W,2.2789322429161984e-06
YIL080W,YNL145W,7.3638806163955906e-09
YMR266W,YDL165W,2.056822722806828e-06
YMR266W,YGR059W,0.12176869064569473
YMR266W,YBR109C,4.4796393922297284e-05
YMR266W,YJL080C,1.1420882468915483e-11
YMR266W,YCR093W,0.0002207502693636343
YMR266W,YIL122W,1.1731593994868117e-11
YMR266W,YCL029C,1.5555986010440392e-06
YMR266W,YNL173C,2.050690454780124e-06
YMR266W,YLR452C,5.997851621941663e-05
YMR266W,YDL160C,0.0013157830107957125
YMR266W,YLR229C,1.6070920635935515e-11
YMR266W,YML057W,4.451369828295526e-11
YMR266W,YER149C,3.864126796315759e-08
YMR266W,YMR305C,7.031995323814044e-07
YMR266W,YLR433C,0.0002776855253614485
YMR266W,YJL073W,2.284718448208878e-06
YMR266W,YGR279C,3.3306610270624707e-15
YMR266W,YKL190W,1.8097037757236478e-10
YMR266W,YGL089C,4.877929310476148e-11
YMR266W,YJL019W,0.008285374380648136
YMR266W,YJL018W,0.2020167112350464
YMR266W,YNR032C-A,0.04436787590384483
YMR266W,YGL178W,0.6405354738235474
YMR266W,YKL116C,0.08093412220478058
YMR266W,YDL214C,0.0004915866302326322
YMR266W,YLR362W,4.704780944171649e-13
YMR266W,YER068W,7.921746814076869e-09
YMR266W,YHR084W,0.00014658216969110072
YMR266W,YDR392W,4.163470013196502e-09
YMR266W,YNL053W,5.008574817111366e-07
YMR266W,YGR040W,0.0004883463261649013
YMR266W,YDL216C,4.841543166378415e-09
YMR266W,YOL117W,1.473572410759516e-07
YMR266W,YJR086W,6.747088998615425e-11
YMR266W,YMR025W,9.573554416419938e-05
YMR266W,YBR081C,3.467271270096717e-08
YMR266W,YFL026W,0.0011008253786712885
YMR266W,YHL007C,2.4847441812414495e-11
YMR266W,YNR044W,0.000160169365699403
YMR266W,YNL271C,2.15307371931317e-09
YMR266W,YDR200C,3.507563406390801e-10
YMR266W,YKL178C,2.2011841238622765e-08
YMR266W,YOR212W,1.3044997373978795e-11
YMR266W,YOL111C,3.4582664479221024e-17
YMR266W,YGL032C,0.00013894395669922233
YMR266W,YHR005C,1.0163723800360458e-06
YMR266W,YDR103W,0.00028471386758610606
YMR266W,YJR084W,6.937796149207587e-13
YMR266W,YCL032W,0.004845089744776487
YMR266W,YJL170C,6.8608442234108225e-06
YMR266W,YDR179C,3.3210737910849275e-06
YMR266W,YBR095C,3.0676674533935966e-09
YMR266W,YLL021W,2.981296598481009e-10
YMR266W,YDL159W,1.3396483922178959e-09
YMR266W,YNL161W,5.691887494663206e-08
YMR266W,YNL188W,1.8674812963581644e-05
YMR266W,YJL157C,1.4916544387233444e-05
YMR266W,YJL034W,5.405637742983416e-12
YMR266W,YLR238W,1.3395692803896964e-05
YMR266W,YPR141C,1.2343338084974675e-07
YMR266W,YNL127W,0.0023860353976488113
YMR266W,YCL055W,3.574865559130558e-07
YMR266W,YPR122W,2.0140091692155693e-06
YMR266W,YMR065W,0.30461758375167847
YMR266W,YDR356W,0.059727780520915985
YMR266W,YMR052W,3.3360568068019347e-06
YMR266W,YFR008W,1.9089836769126123e-06
YMR266W,YLL043W,0.005334742367267609
YMR266W,YMR029C,0.5370364785194397
YMR266W,YJR004C,4.6429619260379695e-08
YMR266W,YDL223C,4.2671437938679446e-08
YMR266W,YHR158C,0.9924720525741577
YMR266W,YGR238C,7.342263188547804e-07
YMR266W,YIL015W,9.514213843431207e-07
YMR266W,YGL173C,6.108008792759384e-15
YMR266W,YDL225W,3.6300400552136125e-06
YMR266W,YLR330W,0.006526084616780281
YMR266W,YBR129C,3.8187877748896426e-08
YMR266W,YKR095W-A,0.2020167112350464
YMR266W,YPR075C,7.381945579254534e-07
YMR266W,YMR198W,1.3122163181833457e-05
YMR266W,YOR127W,3.360156551934779e-05
YMR266W,YDR264C,1.1165738333929198e-09
YMR266W,YLR110C,8.606969714719526e-08
YMR266W,YDR379W,1.9999241374080157e-08
YMR266W,YDL100C,1.3832573975136597e-09
YMR266W,YHR073W,3.176437530783005e-06
YMR266W,YJR090C,6.395180918161714e-08
YMR266W,YOR208W,0.0005818938952870667
YMR266W,YBR040W,0.0012265192344784737
YMR266W,YNL279W,7.141070091165602e-05
YMR266W,YER075C,0.0001923230302054435
YMR266W,YCR089W,4.712512691185111e-07
YMR266W,YCR002C,5.243381110631162e-06
YMR266W,YJL108C,0.05837862193584442
YMR266W,YBR200W,5.02636476085172e-06
YMR266W,YIL026C,3.905822280186877e-12
YMR266W,YJR076C,4.84431161851262e-10
YMR266W,YKR031C,0.03541811555624008
YMR266W,YPL192C,4.6482259676849935e-06
YMR266W,YHR107C,0.0025732743088155985
YMR266W,YIL037C,6.279925059970992e-07
YMR266W,YPL156C,4.2845806547120446e-07
YMR266W,YIL117C,3.96540872316109e-06
YMR266W,YHR066W,8.317917752145854e-15
YMR266W,YML085C,2.166076228604652e-06
YMR266W,YML047C,7.854080467950553e-05
YMR266W,YDR312W,0.007366192061454058
YMR266W,YFL037W,2.757044538417158e-13
YMR266W,YDL038C,0.2020167112350464
YMR266W,YDL039C,3.0975143612977773e-15
YMR266W,YCL027W,4.878443746747507e-07
YMR266W,YML124C,5.885479007362165e-14
YMR266W,YGL053W,0.1400279849767685
YMR266W,YMR232W,0.002239691326394677
YMR266W,YNL298W,0.007218087092041969
YMR266W,YGL099W,1.5240388812065575e-11
YMR266W,YBL016W,8.855062950258175e-13
YMR266W,YAL041W,0.0016575624467805028
YMR266W,YDR085C,1.4747569831996543e-10
YMR266W,YPL187W,0.9936646223068237
YMR266W,YPL256C,1.567721951876381e-14
YMR266W,YDR461W,7.301844107132638e-06
YMR266W,YNL145W,7.989578421074839e-08
YER151C,YDL165W,0.5446463823318481
YER151C,YGR059W,6.35357277900539e-09
YER151C,YBR109C,0.9757875204086304
YER151C,YJL080C,0.9998921155929565
YER151C,YCR093W,0.8462744951248169
YER151C,YIL122W,0.24577662348747253
YER151C,YCL029C,2.0957619199180044e-05
YER151C,YNL173C,1.2668496651713212e-07
YER151C,YLR452C,0.6992074251174927
YER151C,YDL160C,0.9760023951530457
YER151C,YLR229C,0.0004564729752019048
YER151C,YML057W,1.5589445290231652e-09
YER151C,YER149C,1.0549353646638338e-05
YER151C,YMR305C,0.023337772116065025
YER151C,YLR433C,0.014627665281295776
YER151C,YJL073W,4.945336674888612e-13
YER151C,YGR279C,0.8463717699050903
YER151C,YKL190W,1.8497440805731458e-06
YER151C,YGL089C,0.9210560321807861
YER151C,YJL019W,0.00407788809388876
YER151C,YJL018W,0.002914369571954012
YER151C,YNR032C-A,0.9892567992210388
YER151C,YGL178W,0.008167361840605736
YER151C,YKL116C,6.978866096130076e-11
YER151C,YDL214C,0.9888167381286621
YER151C,YLR362W,3.3551696532185815e-08
YER151C,YER068W,6.532825864269398e-06
YER151C,YHR084W,0.9657009840011597
YER151C,YDR392W,4.706911909124756e-07
YER151C,YNL053W,0.2066388875246048
YER151C,YGR040W,8.56456517794868e-06
YER151C,YDL216C,0.0023721468169242144
YER151C,YOL117W,0.0016447696834802628
YER151C,YJR086W,0.9953973889350891
YER151C,YMR025W,0.003673594444990158
YER151C,YBR081C,0.1150858923792839
YER151C,YFL026W,0.0009203500812873244
YER151C,YHL007C,0.0009464293252676725
YER151C,YNR044W,0.9959916472434998
YER151C,YNL271C,0.9981526732444763
YER151C,YDR200C,0.002167022554203868
YER151C,YKL178C,0.9615136981010437
YER151C,YOR212W,0.9987044334411621
YER151C,YOL111C,3.1598085259432196e-10
YER151C,YGL032C,0.0003155370650347322
YER151C,YHR005C,7.584854301967425e-06
YER151C,YDR103W,2.394840805663989e-07
YER151C,YJR084W,7.061841955646742e-08
YER151C,YCL032W,1.1051193723687902e-05
YER151C,YJL170C,0.0002206869248766452
YER151C,YDR179C,0.004105536267161369
YER151C,YBR095C,0.2939414381980896
YER151C,YLL021W,0.004703894257545471
YER151C,YDL159W,0.051089487969875336
YER151C,YNL161W,0.2675682604312897
YER151C,YNL188W,0.8238081932067871
YER151C,YJL157C,0.0008277493179775774
YER151C,YJL034W,5.664279711936615e-09
YER151C,YLR238W,1.5562351336484426e-06
YER151C,YPR141C,0.028246937319636345
YER151C,YNL127W,0.002555673010647297
YER151C,YCL055W,4.770115205610104e-11
YER151C,YPR122W,0.7816466689109802
YER151C,YMR065W,1.4761013591990668e-11
YER151C,YDR356W,0.9915022850036621
YER151C,YMR052W,2.980714555178565e-07
YER151C,YFR008W,6.60278310533613e-05
YER151C,YLL043W,1.4674714776674591e-08
YER151C,YMR029C,0.16004416346549988
YER151C,YJR004C,1.7630149562464226e-09
YER151C,YDL223C,2.8657272735377326e-11
YER151C,YHR158C,0.6997509002685547
YER151C,YGR238C,2.4003199996514013e-06
YER151C,YIL015W,0.09508164972066879
YER151C,YGL173C,0.9986801743507385
YER151C,YDL225W,2.748580072875484e-06
YER151C,YLR330W,4.765428457176313e-05
YER151C,YBR129C,0.00011667265789583325
YER151C,YKR095W-A,0.2020167112350464
YER151C,YPR075C,7.780885658004166e-11
YER151C,YMR198W,1.1587268090806901e-05
YER151C,YOR127W,0.11540555208921432
YER151C,YDR264C,0.0006712385220453143
YER151C,YLR110C,0.9995943903923035
YER151C,YDR379W,0.7012664079666138
YER151C,YDL100C,2.0346483324829023e-06
YER151C,YHR073W,1.4935888430045452e-05
YER151C,YJR090C,0.870468020439148
YER151C,YOR208W,0.011720594018697739
YER151C,YBR040W,0.8971822261810303
YER151C,YNL279W,0.27207955718040466
YER151C,YER075C,0.0007856438751332462
YER151C,YCR089W,0.8024628758430481
YER151C,YCR002C,2.459253209963208e-06
YER151C,YJL108C,0.00011835538316518068
YER151C,YBR200W,9.03260058748856e-07
YER151C,YIL026C,0.0043549491092562675
YER151C,YJR076C,0.0069489856250584126
YER151C,YKR031C,3.5644112358568236e-05
YER151C,YPL192C,8.175215384653711e-07
YER151C,YHR107C,0.0004811614635400474
YER151C,YIL037C,0.0005895975627936423
YER151C,YPL156C,0.006658720783889294
YER151C,YIL117C,0.9999746084213257
YER151C,YHR066W,7.785955040418013e-13
YER151C,YML085C,0.1337084174156189
YER151C,YML047C,0.0053465720266103745
YER151C,YDR312W,0.0004033181176055223
YER151C,YFL037W,0.0010644575813785195
YER151C,YDL038C,0.2020167112350464
YER151C,YDL039C,1.1801554200031872e-14
YER151C,YCL027W,0.008859598077833652
YER151C,YML124C,2.5892256871884456e-06
YER151C,YGL053W,2.1129933429619996e-06
YER151C,YMR232W,0.0010274314554408193
YER151C,YNL298W,0.012447801418602467
YER151C,YGL099W,1.258349948329851e-05
YER151C,YBL016W,0.00025135662872344255
YER151C,YAL041W,9.261636790824923e-09
YER151C,YDR085C,2.3344036037542537e-07
YER151C,YPL187W,0.6069195866584778
YER151C,YPL256C,6.55409678529395e-07
YER151C,YDR461W,0.021932747215032578
YER151C,YNL145W,7.635752808710095e-06
YCL055W,YDL165W,0.9667412042617798
YCL055W,YGR059W,0.017848646268248558
YCL055W,YBR109C,5.744380814576289e-06
YCL055W,YJL080C,6.58468877645646e-07
YCL055W,YCR093W,0.00020882333046756685
YCL055W,YIL122W,0.9907714128494263
YCL055W,YCL029C,7.876698404629678e-09
YCL055W,YNL173C,0.9999986886978149
YCL055W,YLR452C,0.9996427297592163
YCL055W,YDL160C,4.785367480053537e-08
YCL055W,YLR229C,1.003823602019338e-08
YCL055W,YML057W,0.0026851631700992584
YCL055W,YER149C,0.31229206919670105
YCL055W,YMR305C,2.277782868986833e-06
YCL055W,YLR433C,0.9980803728103638
YCL055W,YJL073W,0.22556647658348083
YCL055W,YGR279C,9.359322575619444e-06
YCL055W,YKL190W,0.006718167103827
YCL055W,YGL089C,9.702141173795198e-11
YCL055W,YJL019W,0.06669249385595322
YCL055W,YJL018W,0.18769842386245728
YCL055W,YNR032C-A,0.9975530505180359
YCL055W,YGL178W,3.093959719535633e-07
YCL055W,YKL116C,3.456932887190879e-14
YCL055W,YDL214C,0.06299641728401184
YCL055W,YLR362W,4.426667305117123e-17
YCL055W,YER068W,1.812846574245075e-11
YCL055W,YHR084W,2.7968982863058045e-07
YCL055W,YDR392W,1.2713407215869665e-08
YCL055W,YNL053W,0.011627068743109703
YCL055W,YGR040W,0.9916917085647583
YCL055W,YDL216C,0.0017969042528420687
YCL055W,YOL117W,0.01205969788134098
YCL055W,YJR086W,0.9999557733535767
YCL055W,YMR025W,0.000702594465110451
YCL055W,YBR081C,0.21616245806217194
YCL055W,YFL026W,0.9999072551727295
YCL055W,YHL007C,0.04695460945367813
YCL055W,YNR044W,0.9998230338096619
YCL055W,YNL271C,0.0014358240878209472
YCL055W,YDR200C,1.1738673038053093e-06
YCL055W,YKL178C,0.9969172477722168
YCL055W,YOR212W,0.999612033367157
YCL055W,YOL111C,1.1325971271958224e-08
YCL055W,YGL032C,5.365167154991468e-08
YCL055W,YHR005C,0.9807009696960449
YCL055W,YDR103W,4.099480793229304e-05
YCL055W,YJR084W,6.024736649123952e-05
YCL055W,YCL032W,0.9533447027206421
YCL055W,YJL170C,1.0
YCL055W,YDR179C,0.00017426113481633365
YCL055W,YBR095C,1.240136526803326e-07
YCL055W,YLL021W,0.6567898392677307
YCL055W,YDL159W,2.8272734969706816e-14
YCL055W,YNL161W,4.941275832948122e-08
YCL055W,YNL188W,5.034914920543088e-07
YCL055W,YJL157C,4.287595220375806e-05
YCL055W,YJL034W,0.0005569115746766329
YCL055W,YLR238W,4.4556409761753457e-07
YCL055W,YPR141C,0.6492124795913696
YCL055W,YNL127W,2.63813899437082e-06
YCL055W,YPR122W,0.06100834906101227
YCL055W,YMR065W,0.9999998807907104
YCL055W,YDR356W,6.254688322826496e-09
YCL055W,YMR052W,2.709071168283117e-06
YCL055W,YFR008W,2.2275600031207432e-08
YCL055W,YLL043W,0.0023939255625009537
YCL055W,YMR029C,3.517358777571644e-07
YCL055W,YJR004C,1.7401915101800114e-05
YCL055W,YDL223C,5.763190458196732e-08
YCL055W,YHR158C,0.005269378423690796
YCL055W,YGR238C,0.001085716881789267
YCL055W,YIL015W,0.0008342695073224604
YCL055W,YGL173C,0.8823094964027405
YCL055W,YDL225W,0.15932753682136536
YCL055W,YLR330W,0.00013466685777530074
YCL055W,YBR129C,0.0029926381539553404
YCL055W,YKR095W-A,0.2020167112350464
YCL055W,YPR075C,7.479829472814559e-13
YCL055W,YMR198W,0.9999979734420776
YCL055W,YOR127W,1.8221156778963632e-06
YCL055W,YDR264C,8.73565895176398e-08
YCL055W,YLR110C,6.0331050051598556e-12
YCL055W,YDR379W,0.0021853018552064896
YCL055W,YDL100C,0.7779291868209839
YCL055W,YHR073W,2.532699545554351e-05
YCL055W,YJR090C,9.44196454355506e-09
YCL055W,YOR208W,6.590865098132781e-08
YCL055W,YBR040W,0.9999994039535522
YCL055W,YNL279W,0.9998527765274048
YCL055W,YER075C,3.6202135039742345e-12
YCL055W,YCR089W,0.9999831914901733
YCL055W,YCR002C,0.024234076961874962
YCL055W,YJL108C,4.861658453592099e-07
YCL055W,YBR200W,3.334506976093721e-11
YCL055W,YIL026C,0.9782237410545349
YCL055W,YJR076C,0.004593935329467058
YCL055W,YKR031C,1.326574672333436e-08
YCL055W,YPL192C,0.39833781123161316
YCL055W,YHR107C,0.00028009372181259096
YCL055W,YIL037C,0.009589170105755329
YCL055W,YPL156C,1.0
YCL055W,YIL117C,1.0
YCL055W,YHR066W,1.6747826458995974e-09
YCL055W,YML085C,1.8690277103772246e-10
YCL055W,YML047C,0.9998297691345215
YCL055W,YDR312W,0.031602680683135986
YCL055W,YFL037W,1.5775960946484702e-06
YCL055W,YDL038C,0.2020167112350464
YCL055W,YDL039C,2.3529384662879238e-08
YCL055W,YCL027W,1.0
YCL055W,YML124C,1.440770835969829e-09
YCL055W,YGL053W,0.0014352116268128157
YCL055W,YMR232W,0.9888654351234436
YCL055W,YNL298W,1.0571261921388242e-10
YCL055W,YGL099W,0.0036504066083580256
YCL055W,YBL016W,2.9524779165512882e-05
YCL055W,YAL041W,4.367871497379383e-06
YCL055W,YDR085C,0.9999872446060181
YCL055W,YPL187W,0.08009027689695358
YCL055W,YPL256C,5.625403076692237e-08
YCL055W,YDR461W,2.187288350441463e-09
YCL055W,YNL145W,0.5762567520141602
YMR068W,YDL165W,9.418184163223486e-06
YMR068W,YGR059W,5.662216029378442e-09
YMR068W,YBR109C,0.0004196107038296759
YMR068W,YJL080C,0.9937782287597656
YMR068W,YCR093W,0.000148073784657754
YMR068W,YIL122W,0.0015162930358201265
YMR068W,YCL029C,2.1918076527072117e-06
YMR068W,YNL173C,0.00026003242237493396
YMR068W,YLR452C,5.681832249138097e-08
YMR068W,YDL160C,1.8043661839328706e-05
YMR068W,YLR229C,0.015329888090491295
YMR068W,YML057W,8.623739631730132e-06
YMR068W,YER149C,0.0980459451675415
YMR068W,YMR305C,1.384216943733918e-06
YMR068W,YLR433C,3.293530170811465e-10
YMR068W,YJL073W,1.4605091564590111e-05
YMR068W,YGR279C,0.998315691947937
YMR068W,YKL190W,5.3643971114070155e-06
YMR068W,YGL089C,0.0017696331487968564
YMR068W,YJL019W,0.015417543239891529
YMR068W,YJL018W,0.0007015095907263458
YMR068W,YNR032C-A,0.9992314577102661
YMR068W,YGL178W,0.041813503950834274
YMR068W,YKL116C,0.0004072409064974636
YMR068W,YDL214C,0.09797866642475128
YMR068W,YLR362W,9.652313747210428e-05
YMR068W,YER068W,3.770286305382342e-10
YMR068W,YHR084W,4.512226703390354e-10
YMR068W,YDR392W,0.99018794298172
YMR068W,YNL053W,0.009879957884550095
YMR068W,YGR040W,0.005006641615182161
YMR068W,YDL216C,0.09209059178829193
YMR068W,YOL117W,0.9999786615371704
YMR068W,YJR086W,0.0031740767881274223
YMR068W,YMR025W,0.0060119591653347015
YMR068W,YBR081C,0.00031157027115114033
YMR068W,YFL026W,8.05221134214662e-08
YMR068W,YHL007C,5.704238355974667e-05
YMR068W,YNR044W,0.0015014746459200978
YMR068W,YNL271C,0.2424091100692749
YMR068W,YDR200C,0.6696165204048157
YMR068W,YKL178C,0.0024384893476963043
YMR068W,YOR212W,0.000772886211052537
YMR068W,YOL111C,3.97502190025989e-05
YMR068W,YGL032C,3.440820819378132e-07
YMR068W,YHR005C,7.368172044719401e-11
YMR068W,YDR103W,1.071990141099377e-06
YMR068W,YJR084W,6.139882872957525e-12
YMR068W,YCL032W,5.254122515907511e-05
YMR068W,YJL170C,2.2762243478968713e-10
YMR068W,YDR179C,1.0896457483056468e-13
YMR068W,YBR095C,1.0651140769368794e-07
YMR068W,YLL021W,0.0007084541139192879
YMR068W,YDL159W,3.767385708952631e-12
YMR068W,YNL161W,0.9270073175430298
YMR068W,YNL188W,2.8822123567806557e-06
YMR068W,YJL157C,2.3542828797573634e-10
YMR068W,YJL034W,0.0013108435086905956
YMR068W,YLR238W,0.9099664092063904
YMR068W,YPR141C,0.45052269101142883
YMR068W,YNL127W,0.0020947472658008337
YMR068W,YCL055W,5.4277677463687724e-08
YMR068W,YPR122W,0.012457647360861301
YMR068W,YMR065W,0.04433941841125488
YMR068W,YDR356W,8.826602424960583e-06
YMR068W,YMR052W,5.380941729526967e-06
YMR068W,YFR008W,0.00022463686764240265
YMR068W,YLL043W,4.530536898528226e-06
YMR068W,YMR029C,0.11331186443567276
YMR068W,YJR004C,1.242424104930251e-06
YMR068W,YDL223C,3.167686557503657e-08
YMR068W,YHR158C,4.449377533077836e-10
YMR068W,YGR238C,4.673621879192069e-05
YMR068W,YIL015W,0.0009070548112504184
YMR068W,YGL173C,4.3265072235953994e-07
YMR068W,YDL225W,0.2772178649902344
YMR068W,YLR330W,0.006395622156560421
YMR068W,YBR129C,5.5857067309261765e-06
YMR068W,YKR095W-A,0.2020167112350464
YMR068W,YPR075C,0.015585907734930515
YMR068W,YMR198W,0.18304689228534698
YMR068W,YOR127W,0.00013156099885236472
YMR068W,YDR264C,4.258504873178026e-07
YMR068W,YLR110C,1.8715078375919347e-09
YMR068W,YDR379W,0.0006761534023098648
YMR068W,YDL100C,4.060890717028087e-07
YMR068W,YHR073W,1.095904547665505e-10
YMR068W,YJR090C,2.2948443074710667e-06
YMR068W,YOR208W,0.012220870703458786
YMR068W,YBR040W,4.59185685031116e-05
YMR068W,YNL279W,0.1323966681957245
YMR068W,YER075C,0.0008588068885728717
YMR068W,YCR089W,0.0003006473125424236
YMR068W,YCR002C,0.006253402214497328
YMR068W,YJL108C,5.093719664728269e-06
YMR068W,YBR200W,0.00729275681078434
YMR068W,YIL026C,2.164650403368995e-11
YMR068W,YJR076C,2.886438596760854e-05
YMR068W,YKR031C,0.00043429690413177013
YMR068W,YPL192C,0.0001252153015229851
YMR068W,YHR107C,1.1509245041452232e-06
YMR068W,YIL037C,6.658136044279672e-06
YMR068W,YPL156C,2.1071926425975107e-07
YMR068W,YIL117C,0.9876680970191956
YMR068W,YHR066W,4.829768736233338e-15
YMR068W,YML085C,0.039724431931972504
YMR068W,YML047C,2.6159268600167707e-06
YMR068W,YDR312W,0.009528739377856255
YMR068W,YFL037W,3.2005667890189216e-05
YMR068W,YDL038C,0.2020167112350464
YMR068W,YDL039C,5.08112552033424e-10
YMR068W,YCL027W,9.838073466994501e-09
YMR068W,YML124C,1.1744444236683194e-05
YMR068W,YGL053W,0.0005659708986058831
YMR068W,YMR232W,0.00014802480291109532
YMR068W,YNL298W,0.0016675551887601614
YMR068W,YGL099W,7.152555099310121e-07
YMR068W,YBL016W,1.4961749911890365e-05
YMR068W,YAL041W,1.2254086634300165e-10
YMR068W,YDR085C,0.032522108405828476
YMR068W,YPL187W,6.433543603634462e-05
YMR068W,YPL256C,3.444554749876261e-05
YMR068W,YDR461W,3.412904732158495e-07
YMR068W,YNL145W,0.005474550183862448
YFR008W,YDL165W,0.9966152310371399
YFR008W,YGR059W,2.086047601324026e-08
YFR008W,YBR109C,0.9997249245643616
YFR008W,YJL080C,0.9999997615814209
YFR008W,YCR093W,0.9996401071548462
YFR008W,YIL122W,0.9847072958946228
YFR008W,YCL029C,2.3252358005265705e-05
YFR008W,YNL173C,0.9991264939308167
YFR008W,YLR452C,0.9951808452606201
YFR008W,YDL160C,0.8845413327217102
YFR008W,YLR229C,0.9997814297676086
YFR008W,YML057W,1.3704546290682629e-05
YFR008W,YER149C,0.9967635869979858
YFR008W,YMR305C,0.9999802112579346
YFR008W,YLR433C,0.9994571805000305
YFR008W,YJL073W,1.2457888942662976e-06
YFR008W,YGR279C,0.9987996816635132
YFR008W,YKL190W,0.9999544620513916
YFR008W,YGL089C,0.9975959658622742
YFR008W,YJL019W,0.9998351335525513
YFR008W,YJL018W,0.05256108194589615
YFR008W,YNR032C-A,0.9940939545631409
YFR008W,YGL178W,0.9999876022338867
YFR008W,YKL116C,3.381098281352024e-07
YFR008W,YDL214C,0.9921595454216003
YFR008W,YLR362W,0.998295247554779
YFR008W,YER068W,1.8020175195782029e-12
YFR008W,YHR084W,0.9999716281890869
YFR008W,YDR392W,0.9793083071708679
YFR008W,YNL053W,0.9999994039535522
YFR008W,YGR040W,0.999685525894165
YFR008W,YDL216C,0.9946115016937256
YFR008W,YOL117W,0.9983354210853577
YFR008W,YJR086W,0.9997947812080383
YFR008W,YMR025W,0.999146580696106
YFR008W,YBR081C,0.9962564706802368
YFR008W,YFL026W,0.006934945937246084
YFR008W,YHL007C,0.9988935589790344
YFR008W,YNR044W,0.9973948001861572
YFR008W,YNL271C,0.9983238577842712
YFR008W,YDR200C,0.979468822479248
YFR008W,YKL178C,0.9914826154708862
YFR008W,YOR212W,0.9999793767929077
YFR008W,YOL111C,4.555269583761401e-07
YFR008W,YGL032C,1.3994598882516307e-11
YFR008W,YHR005C,0.9690589308738708
YFR008W,YDR103W,0.989638090133667
YFR008W,YJR084W,0.9369784593582153
YFR008W,YCL032W,0.9864770174026489
YFR008W,YJL170C,0.9990921020507812
YFR008W,YDR179C,1.2448899333258878e-12
YFR008W,YBR095C,0.9669961929321289
YFR008W,YLL021W,0.9989444613456726
YFR008W,YDL159W,1.8244280752810482e-08
YFR008W,YNL161W,0.9382550120353699
YFR008W,YNL188W,0.9991117119789124
YFR008W,YJL157C,9.910801600199193e-05
YFR008W,YJL034W,1.4386651592257493e-12
YFR008W,YLR238W,0.9967220425605774
YFR008W,YPR141C,0.9996888637542725
YFR008W,YNL127W,0.997441291809082
YFR008W,YCL055W,2.2275600031207432e-08
YFR008W,YPR122W,0.9924356341362
YFR008W,YMR065W,0.9743737578392029
YFR008W,YDR356W,0.9996166229248047
YFR008W,YMR052W,0.9992293119430542
YFR008W,YLL043W,0.9996463060379028
YFR008W,YMR029C,0.9882838726043701
YFR008W,YJR004C,0.0021455083042383194
YFR008W,YDL223C,5.282339898826649e-08
YFR008W,YHR158C,0.999790370464325
YFR008W,YGR238C,0.0003053692926187068
YFR008W,YIL015W,0.9987427592277527
YFR008W,YGL173C,0.999980092048645
YFR008W,YDL225W,0.936499297618866
YFR008W,YLR330W,6.361657369780005e-07
YFR008W,YBR129C,0.9913560152053833
YFR008W,YKR095W-A,0.2020167112350464
YFR008W,YPR075C,6.6162169076733335e-09
YFR008W,YMR198W,0.9477642178535461
YFR008W,YOR127W,0.9987139701843262
YFR008W,YDR264C,0.9980320334434509
YFR008W,YLR110C,0.9999786615371704
YFR008W,YDR379W,0.9934828877449036
YFR008W,YDL100C,0.9999516010284424
YFR008W,YHR073W,0.9998505115509033
YFR008W,YJR090C,0.9998008608818054
YFR008W,YOR208W,0.9968626499176025
YFR008W,YBR040W,0.9999840259552002
YFR008W,YNL279W,0.995469331741333
YFR008W,YER075C,0.998971700668335
YFR008W,YCR089W,0.0009657494956627488
YFR008W,YCR002C,0.9992867112159729
YFR008W,YJL108C,0.9997944235801697
YFR008W,YBR200W,0.0004304089234210551
YFR008W,YIL026C,0.9999978542327881
YFR008W,YJR076C,0.9999405145645142
YFR008W,YKR031C,0.999325156211853
YFR008W,YPL192C,0.9802936315536499
YFR008W,YHR107C,0.9917477369308472
YFR008W,YIL037C,0.1036410927772522
YFR008W,YPL156C,0.996377170085907
YFR008W,YIL117C,0.9999991655349731
YFR008W,YHR066W,2.4337909905323323e-15
YFR008W,YML085C,0.9999464750289917
YFR008W,YML047C,0.9883822798728943
YFR008W,YDR312W,0.9999988079071045
YFR008W,YFL037W,0.9999547004699707
YFR008W,YDL038C,0.2020167112350464
YFR008W,YDL039C,1.797653280573297e-13
YFR008W,YCL027W,0.9999865293502808
YFR008W,YML124C,0.9995960593223572
YFR008W,YGL053W,0.9996165037155151
YFR008W,YMR232W,0.9936274290084839
YFR008W,YNL298W,0.997535228729248
YFR008W,YGL099W,0.999723494052887
YFR008W,YBL016W,2.804662699418259e-06
YFR008W,YAL041W,0.9935957789421082
YFR008W,YDR085C,0.9994853734970093
YFR008W,YPL187W,0.9993689656257629
YFR008W,YPL256C,0.06833529472351074
YFR008W,YDR461W,3.0544260454234973e-09
YFR008W,YNL145W,2.791954557324061e-06
YNL283C,YDL165W,0.07559110224246979
YNL283C,YGR059W,2.4210979177041736e-07
YNL283C,YBR109C,0.0008277193992398679
YNL283C,YJL080C,0.6709945797920227
YNL283C,YCR093W,0.9816024899482727
YNL283C,YIL122W,1.9468322420834738e-07
YNL283C,YCL029C,0.005496846977621317
YNL283C,YNL173C,0.0008586898329667747
YNL283C,YLR452C,0.4092209041118622
YNL283C,YDL160C,0.031019607558846474
YNL283C,YLR229C,0.4609139561653137
YNL283C,YML057W,0.014974786899983883
YNL283C,YER149C,8.637020982860122e-07
YNL283C,YMR305C,0.981964647769928
YNL283C,YLR433C,0.004099354613572359
YNL283C,YJL073W,2.6447288759364916e-15
YNL283C,YGR279C,2.6870688998315018e-06
YNL283C,YKL190W,0.00846667680889368
YNL283C,YGL089C,0.07693082839250565
YNL283C,YJL019W,0.9893063902854919
YNL283C,YJL018W,0.03305066004395485
YNL283C,YNR032C-A,0.9844545125961304
YNL283C,YGL178W,4.063314463564893e-06
YNL283C,YKL116C,1.089913013174737e-07
YNL283C,YDL214C,0.8556647896766663
YNL283C,YLR362W,0.0002036348159890622
YNL283C,YER068W,0.001120684202760458
YNL283C,YHR084W,4.722757148556411e-05
YNL283C,YDR392W,5.012498149881139e-07
YNL283C,YNL053W,0.999833345413208
YNL283C,YGR040W,0.0004860023909714073
YNL283C,YDL216C,0.011168953031301498
YNL283C,YOL117W,2.8942658900632523e-06
YNL283C,YJR086W,0.0003608620318118483
YNL283C,YMR025W,0.822311282157898
YNL283C,YBR081C,0.8361545205116272
YNL283C,YFL026W,1.5156092558754608e-06
YNL283C,YHL007C,1.1118171642010566e-05
YNL283C,YNR044W,0.023451581597328186
YNL283C,YNL271C,3.3210354466461922e-09
YNL283C,YDR200C,1.5488645885852748e-06
YNL283C,YKL178C,0.0005636842106468976
YNL283C,YOR212W,0.010508449748158455
YNL283C,YOL111C,8.828940245564354e-09
YNL283C,YGL032C,2.0869495642727998e-07
YNL283C,YHR005C,0.9249823689460754
YNL283C,YDR103W,0.9999629259109497
YNL283C,YJR084W,4.902430737274699e-05
YNL283C,YCL032W,5.757070908884998e-08
YNL283C,YJL170C,0.05711600184440613
YNL283C,YDR179C,0.024383794516324997
YNL283C,YBR095C,0.300875723361969
YNL283C,YLL021W,0.055760834366083145
YNL283C,YDL159W,0.000154225665028207
YNL283C,YNL161W,0.6005786657333374
YNL283C,YNL188W,0.018502475693821907
YNL283C,YJL157C,0.010370202362537384
YNL283C,YJL034W,8.248912108932416e-10
YNL283C,YLR238W,0.0005691541591659188
YNL283C,YPR141C,7.067155820550397e-06
YNL283C,YNL127W,2.8684482458629645e-05
YNL283C,YCL055W,8.220201186404097e-10
YNL283C,YPR122W,0.12125091999769211
YNL283C,YMR065W,0.8981406092643738
YNL283C,YDR356W,0.9768839478492737
YNL283C,YMR052W,0.033490072935819626
YNL283C,YFR008W,0.918802797794342
YNL283C,YLL043W,0.9922467470169067
YNL283C,YMR029C,0.1211402416229248
YNL283C,YJR004C,4.579548112254583e-12
YNL283C,YDL223C,3.518229641485959e-05
YNL283C,YHR158C,0.1583106368780136
YNL283C,YGR238C,0.9991365075111389
YNL283C,YIL015W,0.9983410835266113
YNL283C,YGL173C,0.5185832381248474
YNL283C,YDL225W,0.006250777747482061
YNL283C,YLR330W,0.9999781847000122
YNL283C,YBR129C,0.9996256828308105
YNL283C,YKR095W-A,0.2020167112350464
YNL283C,YPR075C,0.0007955256151035428
YNL283C,YMR198W,4.7831115807639435e-05
YNL283C,YOR127W,0.004146582446992397
YNL283C,YDR264C,4.249541234457865e-06
YNL283C,YLR110C,0.010968527756631374
YNL283C,YDR379W,1.6802841855678707e-06
YNL283C,YDL100C,8.089269272204547e-07
YNL283C,YHR073W,0.6877596974372864
YNL283C,YJR090C,2.185437551815994e-06
YNL283C,YOR208W,0.5768463611602783
YNL283C,YBR040W,0.007816868834197521
YNL283C,YNL279W,0.8284972906112671
YNL283C,YER075C,0.8477630615234375
YNL283C,YCR089W,0.013154365122318268
YNL283C,YCR002C,0.03548954054713249
YNL283C,YJL108C,0.8161360025405884
YNL283C,YBR200W,1.492386436652282e-09
YNL283C,YIL026C,0.09785807877779007
YNL283C,YJR076C,0.00012001281720586121
YNL283C,YKR031C,0.00036126101622357965
YNL283C,YPL192C,1.5423627246491378e-06
YNL283C,YHR107C,0.05207720771431923
YNL283C,YIL037C,0.9898832440376282
YNL283C,YPL156C,0.9776241779327393
YNL283C,YIL117C,0.0006568155367858708
YNL283C,YHR066W,7.196543947429745e-07
YNL283C,YML085C,0.00030559414881281555
YNL283C,YML047C,0.7100821733474731
YNL283C,YDR312W,0.6794372797012329
YNL283C,YFL037W,2.286800281581236e-06
YNL283C,YDL038C,0.2020167112350464
YNL283C,YDL039C,0.0013311476213857532
YNL283C,YCL027W,0.0002291736745974049
YNL283C,YML124C,1.6906058590393513e-05
YNL283C,YGL053W,0.9989638328552246
YNL283C,YMR232W,0.005006349179893732
YNL283C,YNL298W,0.5839956402778625
YNL283C,YGL099W,0.002054424025118351
YNL283C,YBL016W,5.354193035600474e-07
YNL283C,YAL041W,0.000758717767894268
YNL283C,YDR085C,0.014657041057944298
YNL283C,YPL187W,0.662744402885437
YNL283C,YPL256C,5.737850515899479e-13
YNL283C,YDR461W,5.6726605635049054e-08
YNL283C,YNL145W,2.5819932147896907e-07
YMR009W,YDL165W,2.0420783286567712e-08
YMR009W,YGR059W,4.393286445747435e-08
YMR009W,YBR109C,2.862326482500066e-07
YMR009W,YJL080C,6.243353389834283e-09
YMR009W,YCR093W,7.61495666523615e-09
YMR009W,YIL122W,0.9533488154411316
YMR009W,YCL029C,8.772405024615182e-09
YMR009W,YNL173C,0.004140919540077448
YMR009W,YLR452C,2.675763539627951e-07
YMR009W,YDL160C,0.2782840132713318
YMR009W,YLR229C,4.63852654203345e-12
YMR009W,YML057W,1.53384044097038e-05
YMR009W,YER149C,0.4040873646736145
YMR009W,YMR305C,0.011072938330471516
YMR009W,YLR433C,0.005503288935869932
YMR009W,YJL073W,7.265677481882449e-08
YMR009W,YGR279C,0.13937854766845703
YMR009W,YKL190W,3.739392351320703e-09
YMR009W,YGL089C,0.0006732238689437509
YMR009W,YJL019W,0.000878569611813873
YMR009W,YJL018W,0.20029790699481964
YMR009W,YNR032C-A,0.014409298077225685
YMR009W,YGL178W,0.0021984190680086613
YMR009W,YKL116C,2.850833027423505e-07
YMR009W,YDL214C,0.0009218165068887174
YMR009W,YLR362W,6.034551915945485e-05
YMR009W,YER068W,3.795344594159644e-10
YMR009W,YHR084W,0.0008628892828710377
YMR009W,YDR392W,0.0007072411826811731
YMR009W,YNL053W,5.153358870302327e-05
YMR009W,YGR040W,0.00014870130689814687
YMR009W,YDL216C,2.817299957769137e-07
YMR009W,YOL117W,0.99122154712677
YMR009W,YJR086W,1.4031646742296289e-06
YMR009W,YMR025W,3.400084835902817e-08
YMR009W,YBR081C,0.9427016377449036
YMR009W,YFL026W,1.4251672553200478e-07
YMR009W,YHL007C,0.17141678929328918
YMR009W,YNR044W,0.052167151123285294
YMR009W,YNL271C,1.6747339032008313e-05
YMR009W,YDR200C,0.0006279713124968112
YMR009W,YKL178C,0.025838766247034073
YMR009W,YOR212W,2.352221369072982e-11
YMR009W,YOL111C,1.495248511673708e-06
YMR009W,YGL032C,1.0069362878228905e-11
YMR009W,YHR005C,2.81647498923121e-06
YMR009W,YDR103W,1.3356638461914372e-08
YMR009W,YJR084W,6.840133928015524e-12
YMR009W,YCL032W,0.11539358645677567
YMR009W,YJL170C,5.751752962801504e-10
YMR009W,YDR179C,3.3462783655124895e-09
YMR009W,YBR095C,2.2719017579220235e-05
YMR009W,YLL021W,1.433108565151997e-08
YMR009W,YDL159W,1.7527198442612857e-11
YMR009W,YNL161W,1.626234734430909e-05
YMR009W,YNL188W,2.2436769597788953e-07
YMR009W,YJL157C,2.157999112739617e-09
YMR009W,YJL034W,1.5762117088966021e-12
YMR009W,YLR238W,2.8490294425864704e-05
YMR009W,YPR141C,1.0182206096942537e-05
YMR009W,YNL127W,2.72144928814555e-09
YMR009W,YCL055W,1.2892251710638902e-08
YMR009W,YPR122W,0.0025025142822414637
YMR009W,YMR065W,0.07746168971061707
YMR009W,YDR356W,0.0006857180269435048
YMR009W,YMR052W,0.12835104763507843
YMR009W,YFR008W,0.5061835646629333
YMR009W,YLL043W,0.9441045522689819
YMR009W,YMR029C,1.0548000091148424e-06
YMR009W,YJR004C,5.0898612244054675e-05
YMR009W,YDL223C,3.780874280323587e-09
YMR009W,YHR158C,7.418969971695333e-07
YMR009W,YGR238C,1.2175943311376614e-06
YMR009W,YIL015W,3.6281727947527764e-14
YMR009W,YGL173C,0.00012102931941626593
YMR009W,YDL225W,3.361461131135002e-05
YMR009W,YLR330W,0.48949459195137024
YMR009W,YBR129C,1.3381321828376258e-08
YMR009W,YKR095W-A,0.2020167112350464
YMR009W,YPR075C,0.39260658621788025
YMR009W,YMR198W,2.3838265406084247e-05
YMR009W,YOR127W,1.1997548426734284e-05
YMR009W,YDR264C,0.28462404012680054
YMR009W,YLR110C,0.0011027565924450755
YMR009W,YDR379W,0.0006777285016141832
YMR009W,YDL100C,9.813643373490777e-07
YMR009W,YHR073W,0.00428682379424572
YMR009W,YJR090C,0.003724828828126192
YMR009W,YOR208W,0.01128432247787714
YMR009W,YBR040W,3.412121474255514e-09
YMR009W,YNL279W,7.064205886919694e-10
YMR009W,YER075C,2.2645403987553436e-06
YMR009W,YCR089W,1.1683100320514228e-10
YMR009W,YCR002C,3.5523005408322206e-06
YMR009W,YJL108C,0.24133731424808502
YMR009W,YBR200W,0.02911982871592045
YMR009W,YIL026C,1.4185178542902577e-06
YMR009W,YJR076C,5.333062290446833e-06
YMR009W,YKR031C,7.352880260214079e-08
YMR009W,YPL192C,4.423644952566974e-07
YMR009W,YHR107C,1.3147678146196995e-06
YMR009W,YIL037C,6.443998756822111e-08
YMR009W,YPL156C,0.002747367136180401
YMR009W,YIL117C,0.01955251209437847
YMR009W,YHR066W,3.360123013163019e-10
YMR009W,YML085C,8.008349686861038e-05
YMR009W,YML047C,0.9999576807022095
YMR009W,YDR312W,0.0746665820479393
YMR009W,YFL037W,2.7011099518858828e-05
YMR009W,YDL038C,0.2020167112350464
YMR009W,YDL039C,1.967802143454378e-09
YMR009W,YCL027W,5.812941026306362e-07
YMR009W,YML124C,1.0574281034125832e-11
YMR009W,YGL053W,0.027122827246785164
YMR009W,YMR232W,1.3563087319923284e-09
YMR009W,YNL298W,1.4699177199872793e-06
YMR009W,YGL099W,5.134134006823388e-09
YMR009W,YBL016W,1.1830983241700732e-11
YMR009W,YAL041W,0.27300068736076355
YMR009W,YDR085C,6.283322022682114e-07
YMR009W,YPL187W,0.00016689655603840947
YMR009W,YPL256C,1.2601085539604151e-14
YMR009W,YDR461W,3.2166188115856365e-12
YMR009W,YNL145W,1.4429317463093838e-10
YDR197W,YDL165W,0.0046273148618638515
YDR197W,YGR059W,5.643260465149069e-06
YDR197W,YBR109C,0.08902036398649216
YDR197W,YJL080C,1.2417615824489303e-09
YDR197W,YCR093W,1.365523445429062e-07
YDR197W,YIL122W,6.184138756637481e-10
YDR197W,YCL029C,1.1748247743526008e-06
YDR197W,YNL173C,2.1856129350794617e-08
YDR197W,YLR452C,0.008602162823081017
YDR197W,YDL160C,1.632926614547614e-05
YDR197W,YLR229C,1.4008740834015043e-07
YDR197W,YML057W,5.874982207387802e-07
YDR197W,YER149C,2.497463719919324e-05
YDR197W,YMR305C,1.4339998521961661e-08
YDR197W,YLR433C,0.12051521241664886
YDR197W,YJL073W,1.6917084399992177e-09
YDR197W,YGR279C,8.951360208619974e-10
YDR197W,YKL190W,2.556005165388342e-05
YDR197W,YGL089C,0.32872819900512695
YDR197W,YJL019W,0.5347692370414734
YDR197W,YJL018W,0.00016379547014366835
YDR197W,YNR032C-A,0.714789628982544
YDR197W,YGL178W,9.323565031138514e-09
YDR197W,YKL116C,7.433301890680255e-11
YDR197W,YDL214C,7.522537259774253e-09
YDR197W,YLR362W,1.1906157837415776e-08
YDR197W,YER068W,5.781929601766933e-08
YDR197W,YHR084W,4.6368150985465206e-10
YDR197W,YDR392W,1.6336724684151704e-06
YDR197W,YNL053W,1.2647986295633018e-05
YDR197W,YGR040W,0.0533934012055397
YDR197W,YDL216C,0.0001547511201351881
YDR197W,YOL117W,2.718144287428004e-07
YDR197W,YJR086W,1.3275145647639874e-05
YDR197W,YMR025W,2.499496304153581e-06
YDR197W,YBR081C,0.001726088346913457
YDR197W,YFL026W,1.2761534939897956e-08
YDR197W,YHL007C,0.0018318466609343886
YDR197W,YNR044W,9.664040589996148e-07
YDR197W,YNL271C,0.0012202028883621097
YDR197W,YDR200C,1.2773750313499477e-05
YDR197W,YKL178C,1.1324294973746873e-05
YDR197W,YOR212W,8.224902558140457e-05
YDR197W,YOL111C,8.767764256845112e-07
YDR197W,YGL032C,0.0008596742991358042
YDR197W,YHR005C,0.002186358440667391
YDR197W,YDR103W,7.588000880787149e-05
YDR197W,YJR084W,3.126554588561703e-07
YDR197W,YCL032W,1.2680776308116037e-05
YDR197W,YJL170C,2.2778889885444187e-09
YDR197W,YDR179C,8.405030686199633e-14
YDR197W,YBR095C,3.338838359923102e-05
YDR197W,YLL021W,0.0001465796522097662
YDR197W,YDL159W,0.00022222557163331658
YDR197W,YNL161W,0.9998970031738281
YDR197W,YNL188W,3.3720166214834535e-08
YDR197W,YJL157C,2.316489222664586e-09
YDR197W,YJL034W,5.440636274833821e-10
YDR197W,YLR238W,8.184968258717618e-10
YDR197W,YPR141C,4.778278467343355e-13
YDR197W,YNL127W,0.9260114431381226
YDR197W,YCL055W,0.26347866654396057
YDR197W,YPR122W,8.133276878652396e-07
YDR197W,YMR065W,0.00195557763800025
YDR197W,YDR356W,3.447744916229567e-07
YDR197W,YMR052W,5.6598132430751846e-11
YDR197W,YFR008W,2.877081914181255e-14
YDR197W,YLL043W,2.643309073846467e-07
YDR197W,YMR029C,0.008763247169554234
YDR197W,YJR004C,0.5363724231719971
YDR197W,YDL223C,8.969743903274957e-19
YDR197W,YHR158C,0.001033632317557931
YDR197W,YGR238C,9.414063242729753e-06
YDR197W,YIL015W,2.6207584369331016e-07
YDR197W,YGL173C,0.0009745836141519248
YDR197W,YDL225W,0.0002447365259286016
YDR197W,YLR330W,7.59903059588396e-06
YDR197W,YBR129C,0.00029891845770180225
YDR197W,YKR095W-A,0.2020167112350464
YDR197W,YPR075C,1.2222654731885996e-05
YDR197W,YMR198W,8.26813704307705e-12
YDR197W,YOR127W,0.541382372379303
YDR197W,YDR264C,0.6982043981552124
YDR197W,YLR110C,4.93302604809287e-06
YDR197W,YDR379W,0.00035080243833363056
YDR197W,YDL100C,1.1983940567006357e-05
YDR197W,YHR073W,0.006592818535864353
YDR197W,YJR090C,0.00012318743392825127
YDR197W,YOR208W,1.488431644247612e-05
YDR197W,YBR040W,1.3018542404097388e-06
YDR197W,YNL279W,1.0984829714288935e-05
YDR197W,YER075C,2.964450800391205e-07
YDR197W,YCR089W,6.004056696262694e-10
YDR197W,YCR002C,5.752054903496173e-07
YDR197W,YJL108C,2.4934668219067646e-10
YDR197W,YBR200W,4.912749886898382e-07
YDR197W,YIL026C,0.001186050707474351
YDR197W,YJR076C,1.781169521564152e-05
YDR197W,YKR031C,0.8167982697486877
YDR197W,YPL192C,0.0008696391596458852
YDR197W,YHR107C,5.063725083687132e-08
YDR197W,YIL037C,0.0005628922954201698
YDR197W,YPL156C,1.497311041021021e-05
YDR197W,YIL117C,1.6218513110288768e-06
YDR197W,YHR066W,3.1050219865405678e-18
YDR197W,YML085C,2.0563581393240327e-10
YDR197W,YML047C,0.0008898345404304564
YDR197W,YDR312W,0.0001283603342017159
YDR197W,YFL037W,1.1849972558763966e-08
YDR197W,YDL038C,0.2020167112350464
YDR197W,YDL039C,1.153251005803213e-07
YDR197W,YCL027W,2.4088917527365084e-09
YDR197W,YML124C,2.081678385223995e-09
YDR197W,YGL053W,3.250464133963682e-13
YDR197W,YMR232W,0.0014406616101041436
YDR197W,YNL298W,0.0002918796963058412
YDR197W,YGL099W,1.7226257753577556e-08
YDR197W,YBL016W,6.463336887918558e-08
YDR197W,YAL041W,8.659527317433913e-09
YDR197W,YDR085C,5.605390924756648e-07
YDR197W,YPL187W,0.08525940030813217
YDR197W,YPL256C,4.129619264858775e-05
YDR197W,YDR461W,1.4349567090121695e-09
YDR197W,YNL145W,0.0002140028082067147
YOR109W,YDL165W,1.6582663420194876e-07
YOR109W,YGR059W,1.1070063692386611e-06
YOR109W,YBR109C,7.832980486455199e-09
YOR109W,YJL080C,0.001198753947392106
YOR109W,YCR093W,1.348976468307228e-07
YOR109W,YIL122W,0.005396376363933086
YOR109W,YCL029C,1.8760672901407816e-05
YOR109W,YNL173C,0.00010063211811939254
YOR109W,YLR452C,0.7718262076377869
YOR109W,YDL160C,1.6270721516775666e-06
YOR109W,YLR229C,0.00938749872148037
YOR109W,YML057W,6.818985931467125e-10
YOR109W,YER149C,4.7842000583386834e-08
YOR109W,YMR305C,2.6901769160758704e-05
YOR109W,YLR433C,0.0024738749489188194
YOR109W,YJL073W,2.950858654648947e-11
YOR109W,YGR279C,0.001617630710825324
YOR109W,YKL190W,7.948160174464647e-08
YOR109W,YGL089C,0.00010924752859864384
YOR109W,YJL019W,6.746622460696017e-08
YOR109W,YJL018W,0.0002811001322697848
YOR109W,YNR032C-A,0.0012908580247312784
YOR109W,YGL178W,6.856441814306891e-07
YOR109W,YKL116C,1.8136084301012545e-10
YOR109W,YDL214C,0.32075321674346924
YOR109W,YLR362W,9.14351039682515e-06
YOR109W,YER068W,2.203851181548089e-06
YOR109W,YHR084W,0.014463993720710278
YOR109W,YDR392W,0.00032603644649498165
YOR109W,YNL053W,0.004980783443897963
YOR109W,YGR040W,0.00023953241179697216
YOR109W,YDL216C,0.15683454275131226
YOR109W,YOL117W,4.240010093781166e-05
YOR109W,YJR086W,8.003733142913916e-08
YOR109W,YMR025W,4.2347204725956544e-05
YOR109W,YBR081C,2.6326717488700524e-05
YOR109W,YFL026W,0.00027600498287938535
YOR109W,YHL007C,8.856846989147016e-07
YOR109W,YNR044W,0.007308113854378462
YOR109W,YNL271C,2.5674042262835428e-05
YOR109W,YDR200C,1.8971231696696123e-08
YOR109W,YKL178C,6.542805977005628e-07
YOR109W,YOR212W,1.539122786198277e-05
YOR109W,YOL111C,6.221572146358767e-10
YOR109W,YGL032C,9.888679208813755e-09
YOR109W,YHR005C,1.6385796470785863e-06
YOR109W,YDR103W,6.47458218736574e-05
YOR109W,YJR084W,4.1897804670121275e-10
YOR109W,YCL032W,2.4083369964955637e-08
YOR109W,YJL170C,4.265291863703169e-05
YOR109W,YDR179C,1.6735392008129442e-18
YOR109W,YBR095C,2.635277496665367e-06
YOR109W,YLL021W,0.00044343527406454086
YOR109W,YDL159W,6.188596163303473e-11
YOR109W,YNL161W,1.030843941407511e-05
YOR109W,YNL188W,0.0009068987565115094
YOR109W,YJL157C,0.8883617520332336
YOR109W,YJL034W,8.539777951455108e-08
YOR109W,YLR238W,3.4468979720259085e-05
YOR109W,YPR141C,0.00180924276355654
YOR109W,YNL127W,0.0010107028065249324
YOR109W,YCL055W,0.012640269473195076
YOR109W,YPR122W,1.8961913156090304e-05
YOR109W,YMR065W,1.0646950840964564e-06
YOR109W,YDR356W,3.4989135144769534e-08
YOR109W,YMR052W,2.494195960878187e-09
YOR109W,YFR008W,6.620410175628422e-08
YOR109W,YLL043W,0.10590098053216934
YOR109W,YMR029C,1.7228546767000807e-07
YOR109W,YJR004C,3.000715878442861e-06
YOR109W,YDL223C,1.9326162198352037e-11
YOR109W,YHR158C,3.910536179319024e-05
YOR109W,YGR238C,7.70653088011386e-08
YOR109W,YIL015W,0.00013950897846370935
YOR109W,YGL173C,0.0002448910672683269
YOR109W,YDL225W,0.00023188111663330346
YOR109W,YLR330W,2.938506440841593e-05
YOR109W,YBR129C,3.110965707264768e-08
YOR109W,YKR095W-A,0.2020167112350464
YOR109W,YPR075C,1.1586412385078404e-10
YOR109W,YMR198W,0.0001328553189523518
YOR109W,YOR127W,3.2352925245504593e-06
YOR109W,YDR264C,0.000295248901238665
YOR109W,YLR110C,0.996130108833313
YOR109W,YDR379W,1.0476533418568579e-07
YOR109W,YDL100C,0.025828445330262184
YOR109W,YHR073W,0.00011188681673957035
YOR109W,YJR090C,0.0017060773679986596
YOR109W,YOR208W,1.8787168747243753e-14
YOR109W,YBR040W,0.10941953957080841
YOR109W,YNL279W,1.7213718820130453e-05
YOR109W,YER075C,1.0989033683017624e-07
YOR109W,YCR089W,1.5336575343027903e-09
YOR109W,YCR002C,6.587540610780707e-07
YOR109W,YJL108C,0.0011629076907411218
YOR109W,YBR200W,8.005494009921676e-07
YOR109W,YIL026C,1.9166522535751795e-10
YOR109W,YJR076C,4.14246486002412e-08
YOR109W,YKR031C,8.796985362380383e-09
YOR109W,YPL192C,0.0036428840830922127
YOR109W,YHR107C,0.00013547776325140148
YOR109W,YIL037C,0.012351523153483868
YOR109W,YPL156C,5.5232932936633006e-05
YOR109W,YIL117C,3.743963125635297e-11
YOR109W,YHR066W,1.2175743921733905e-16
YOR109W,YML085C,0.0021699394565075636
YOR109W,YML047C,4.002807145297993e-06
YOR109W,YDR312W,0.00025466043734923005
YOR109W,YFL037W,0.0007378190639428794
YOR109W,YDL038C,0.2020167112350464
YOR109W,YDL039C,1.0440173725534407e-10
YOR109W,YCL027W,1.758012579955448e-08
YOR109W,YML124C,0.1156763955950737
YOR109W,YGL053W,2.2666482379918307e-07
YOR109W,YMR232W,0.0003703927795868367
YOR109W,YNL298W,0.005912786815315485
YOR109W,YGL099W,3.503836978779873e-06
YOR109W,YBL016W,7.444754714924784e-07
YOR109W,YAL041W,2.0830565006235702e-07
YOR109W,YDR085C,5.2218875057352676e-11
YOR109W,YPL187W,1.7184114767587744e-05
YOR109W,YPL256C,2.2772942429583054e-06
YOR109W,YDR461W,1.066418546351311e-12
YOR109W,YNL145W,0.0010668615577742457
YML103C,YDL165W,0.01932687498629093
YML103C,YGR059W,2.3052721189742442e-06
YML103C,YBR109C,0.014714394696056843
YML103C,YJL080C,7.918936617556938e-09
YML103C,YCR093W,1.1775959137594327e-05
YML103C,YIL122W,9.896720257529523e-06
YML103C,YCL029C,3.7449295465527307e-25
YML103C,YNL173C,0.9986364245414734
YML103C,YLR452C,0.00022027194791007787
YML103C,YDL160C,2.122101427914913e-08
YML103C,YLR229C,0.0006148181273601949
YML103C,YML057W,1.1345331243212391e-14
YML103C,YER149C,0.00012467750639189035
YML103C,YMR305C,3.180056182827684e-06
YML103C,YLR433C,5.479512399375608e-10
YML103C,YJL073W,1.0684494955448542e-10
YML103C,YGR279C,3.736900372475205e-11
YML103C,YKL190W,3.841515535896178e-06
YML103C,YGL089C,4.6869849029462785e-05
YML103C,YJL019W,0.0011045649880543351
YML103C,YJL018W,0.2020167112350464
YML103C,YNR032C-A,0.965728759765625
YML103C,YGL178W,1.9286612237823242e-11
YML103C,YKL116C,4.147540039411979e-06
YML103C,YDL214C,0.7358832955360413
YML103C,YLR362W,5.275792136671953e-05
YML103C,YER068W,0.8742640614509583
YML103C,YHR084W,0.006239390466362238
YML103C,YDR392W,3.655866748886183e-06
YML103C,YNL053W,0.01200827769935131
YML103C,YGR040W,0.005104918498545885
YML103C,YDL216C,0.9396610856056213
YML103C,YOL117W,0.00015880345017649233
YML103C,YJR086W,0.967807948589325
YML103C,YMR025W,0.0011639611329883337
YML103C,YBR081C,0.1802392154932022
YML103C,YFL026W,3.9780427840696575e-09
YML103C,YHL007C,0.04418065398931503
YML103C,YNR044W,0.7152853012084961
YML103C,YNL271C,0.019772987812757492
YML103C,YDR200C,0.00017971945635508746
YML103C,YKL178C,6.069016400545024e-10
YML103C,YOR212W,0.006839568726718426
YML103C,YOL111C,1.0055943675979506e-05
YML103C,YGL032C,1.880422553779404e-11
YML103C,YHR005C,0.005823972634971142
YML103C,YDR103W,0.08816053718328476
YML103C,YJR084W,0.00029255167464725673
YML103C,YCL032W,6.327387040983012e-07
YML103C,YJL170C,0.9991105198860168
YML103C,YDR179C,9.979118226199901e-12
YML103C,YBR095C,5.996423055876221e-07
YML103C,YLL021W,7.027282435956295e-07
YML103C,YDL159W,4.672005786687805e-07
YML103C,YNL161W,0.15599584579467773
YML103C,YNL188W,0.0019119823118671775
YML103C,YJL157C,0.9987092018127441
YML103C,YJL034W,1.8551220096489542e-15
YML103C,YLR238W,3.523684313222475e-07
YML103C,YPR141C,0.999997615814209
YML103C,YNL127W,0.8251095414161682
YML103C,YCL055W,0.19768090546131134
YML103C,YPR122W,7.700375135755166e-06
YML103C,YMR065W,0.12724365293979645
YML103C,YDR356W,7.07019426045008e-05
YML103C,YMR052W,6.442272137974214e-07
YML103C,YFR008W,3.3423372576557586e-12
YML103C,YLL043W,0.9995602965354919
YML103C,YMR029C,0.0014113715151324868
YML103C,YJR004C,0.45727163553237915
YML103C,YDL223C,9.848647071486472e-12
YML103C,YHR158C,0.12987536191940308
YML103C,YGR238C,7.291089398897554e-10
YML103C,YIL015W,0.5418858528137207
YML103C,YGL173C,9.134779975283891e-05
YML103C,YDL225W,0.02500445395708084
YML103C,YLR330W,0.0014875329798087478
YML103C,YBR129C,0.06152309477329254
YML103C,YKR095W-A,0.2020167112350464
YML103C,YPR075C,3.070332255106223e-08
YML103C,YMR198W,0.0010303681483492255
YML103C,YOR127W,4.017320330562679e-12
YML103C,YDR264C,0.013149636797606945
YML103C,YLR110C,6.541153174666192e-10
YML103C,YDR379W,0.00019814245752058923
YML103C,YDL100C,5.505860372068128e-07
YML103C,YHR073W,0.020251790061593056
YML103C,YJR090C,0.6999351978302002
YML103C,YOR208W,1.545264431820556e-13
YML103C,YBR040W,0.007908503524959087
YML103C,YNL279W,0.01735864020884037
YML103C,YER075C,2.623764316922461e-07
YML103C,YCR089W,0.7267054319381714
YML103C,YCR002C,0.0002463063283357769
YML103C,YJL108C,0.23581808805465698
YML103C,YBR200W,1.1518601183979627e-08
YML103C,YIL026C,3.460935840848833e-05
YML103C,YJR076C,2.963978218417651e-08
YML103C,YKR031C,4.909668496111408e-05
YML103C,YPL192C,1.7108889949213335e-07
YML103C,YHR107C,1.7594382839547507e-08
YML103C,YIL037C,0.39001885056495667
YML103C,YPL156C,0.0009901191806420684
YML103C,YIL117C,1.3762895832769573e-05
YML103C,YHR066W,6.1922771597833215e-12
YML103C,YML085C,0.024042585864663124
YML103C,YML047C,1.988268438779528e-10
YML103C,YDR312W,0.0001788348308764398
YML103C,YFL037W,6.832316898908175e-07
YML103C,YDL038C,0.2020167112350464
YML103C,YDL039C,5.380041412372805e-10
YML103C,YCL027W,0.05542977899312973
YML103C,YML124C,3.70646187353163e-11
YML103C,YGL053W,0.00912155956029892
YML103C,YMR232W,0.006707922555506229
YML103C,YNL298W,2.5622335670050234e-05
YML103C,YGL099W,1.3789135389075113e-09
YML103C,YBL016W,1.7705982457982827e-08
YML103C,YAL041W,0.00835507083684206
YML103C,YDR085C,6.0321938555318866e-09
YML103C,YPL187W,0.6941889524459839
YML103C,YPL256C,6.278763464706572e-08
YML103C,YDR461W,1.958480426444975e-11
YML103C,YNL145W,7.717383176952808e-09
YNL234W,YDL165W,3.766927464128166e-15
YNL234W,YGR059W,8.834426523662842e-10
YNL234W,YBR109C,1.8214034997216916e-19
YNL234W,YJL080C,1.6529234647677526e-09
YNL234W,YCR093W,6.210089300434651e-12
YNL234W,YIL122W,9.497473120456679e-12
YNL234W,YCL029C,3.6523772694403364e-14
YNL234W,YNL173C,1.8248673405718563e-11
YNL234W,YLR452C,1.2767831767974275e-13
YNL234W,YDL160C,0.00027796285576187074
YNL234W,YLR229C,1.1454358572748902e-09
YNL234W,YML057W,1.1523410761828866e-16
YNL234W,YER149C,1.1872576006835014e-15
YNL234W,YMR305C,3.7028418513114123e-16
YNL234W,YLR433C,3.884514754304291e-08
YNL234W,YJL073W,3.425959516079047e-09
YNL234W,YGR279C,5.357798487639828e-14
YNL234W,YKL190W,9.920061300183747e-12
YNL234W,YGL089C,1.7105747247114778e-05
YNL234W,YJL019W,5.883352400815056e-07
YNL234W,YJL018W,0.004884074907749891
YNL234W,YNR032C-A,8.592523954575881e-05
YNL234W,YGL178W,1.2078899658263254e-08
YNL234W,YKL116C,2.8640678717550827e-10
YNL234W,YDL214C,4.454294355582533e-07
YNL234W,YLR362W,8.926199081098207e-13
YNL234W,YER068W,2.2919143916055873e-08
YNL234W,YHR084W,4.3896539505555805e-18
YNL234W,YDR392W,6.527542950607312e-10
YNL234W,YNL053W,6.097401183069451e-06
YNL234W,YGR040W,4.505062975771433e-14
YNL234W,YDL216C,2.0539177967293654e-06
YNL234W,YOL117W,2.4368024265086774e-10
YNL234W,YJR086W,4.4188553260937624e-07
YNL234W,YMR025W,1.6952029682215652e-06
YNL234W,YBR081C,7.23058390939002e-10
YNL234W,YFL026W,1.5978754521437673e-20
YNL234W,YHL007C,0.7771202921867371
YNL234W,YNR044W,4.1002388984079374e-11
YNL234W,YNL271C,0.009478618390858173
YNL234W,YDR200C,8.441203465381353e-12
YNL234W,YKL178C,4.6388453966983434e-08
YNL234W,YOR212W,5.573930749653465e-17
YNL234W,YOL111C,1.505314806138358e-08
YNL234W,YGL032C,3.690814354037316e-15
YNL234W,YHR005C,9.923995769917809e-16
YNL234W,YDR103W,4.020194865006488e-06
YNL234W,YJR084W,1.1523319187745074e-07
YNL234W,YCL032W,1.0456111670942292e-11
YNL234W,YJL170C,7.966415083160427e-09
YNL234W,YDR179C,7.199386642398053e-10
YNL234W,YBR095C,3.4186284987754167e-13
YNL234W,YLL021W,0.0005931380437687039
YNL234W,YDL159W,7.426519521985198e-17
YNL234W,YNL161W,2.851580347851268e-06
YNL234W,YNL188W,1.0896480384658958e-09
YNL234W,YJL157C,4.258023872499405e-18
YNL234W,YJL034W,1.1734115501414293e-16
YNL234W,YLR238W,3.8891520559580783e-10
YNL234W,YPR141C,2.6317957235733047e-05
YNL234W,YNL127W,6.415940879378468e-05
YNL234W,YCL055W,1.4207136578292534e-09
YNL234W,YPR122W,4.578587819992208e-08
YNL234W,YMR065W,9.297821088694036e-05
YNL234W,YDR356W,4.2067721918795375e-14
YNL234W,YMR052W,2.1378343717515236e-07
YNL234W,YFR008W,4.360689587201705e-10
YNL234W,YLL043W,3.3679518196549907e-07
YNL234W,YMR029C,6.787518880280174e-10
YNL234W,YJR004C,0.0003553276474121958
YNL234W,YDL223C,1.269842342388472e-09
YNL234W,YHR158C,0.0008259580936282873
YNL234W,YGR238C,1.5491834160982765e-13
YNL234W,YIL015W,1.906866185135206e-13
YNL234W,YGL173C,4.460886702872813e-05
YNL234W,YDL225W,9.873953190448967e-14
YNL234W,YLR330W,1.1880341545603135e-12
YNL234W,YBR129C,7.657890819245949e-07
YNL234W,YKR095W-A,0.2020167112350464
YNL234W,YPR075C,3.0800879208259246e-11
YNL234W,YMR198W,1.3180345376895275e-05
YNL234W,YOR127W,4.0720780816627666e-05
YNL234W,YDR264C,3.259355517161558e-16
YNL234W,YLR110C,9.10485937311023e-07
YNL234W,YDR379W,8.147258909185773e-14
YNL234W,YDL100C,1.90270685594733e-20
YNL234W,YHR073W,1.064260235494885e-09
YNL234W,YJR090C,5.3183306647497375e-08
YNL234W,YOR208W,2.9948177184685454e-12
YNL234W,YBR040W,2.93691009289887e-08
YNL234W,YNL279W,5.984499239275465e-06
YNL234W,YER075C,2.1396550309304985e-08
YNL234W,YCR089W,2.987961267297834e-11
YNL234W,YCR002C,1.7284032538533722e-10
YNL234W,YJL108C,1.0402497006151146e-12
YNL234W,YBR200W,1.9486369462473618e-10
YNL234W,YIL026C,1.4698890993258829e-08
YNL234W,YJR076C,3.323323820997315e-12
YNL234W,YKR031C,4.806059587281197e-05
YNL234W,YPL192C,1.3818032584822504e-06
YNL234W,YHR107C,1.129276256506273e-06
YNL234W,YIL037C,5.448125739349052e-05
YNL234W,YPL156C,2.739442245096313e-13
YNL234W,YIL117C,1.020681138891831e-14
YNL234W,YHR066W,3.866715587719227e-07
YNL234W,YML085C,1.476862521165856e-10
YNL234W,YML047C,2.9889515644754283e-06
YNL234W,YDR312W,0.07320187240839005
YNL234W,YFL037W,7.510597203469742e-16
YNL234W,YDL038C,0.2020167112350464
YNL234W,YDL039C,3.0004240758607637e-10
YNL234W,YCL027W,2.017350952954189e-09
YNL234W,YML124C,3.697215014260386e-21
YNL234W,YGL053W,4.852134805055641e-10
YNL234W,YMR232W,4.780856821540169e-10
YNL234W,YNL298W,8.048986188669005e-08
YNL234W,YGL099W,0.0003239969373680651
YNL234W,YBL016W,3.3544394653533855e-16
YNL234W,YAL041W,3.899582208793245e-13
YNL234W,YDR085C,3.002053536383981e-15
YNL234W,YPL187W,1.346365596788246e-08
YNL234W,YPL256C,1.1204898120453777e-11
YNL234W,YDR461W,2.5952933649809468e-14
YNL234W,YNL145W,9.68299951500047e-20
YIL126W,YDL165W,0.019375720992684364
YIL126W,YGR059W,0.0004782888281624764
YIL126W,YBR109C,7.810602831170854e-09
YIL126W,YJL080C,1.825562989665741e-08
YIL126W,YCR093W,4.993665243091527e-06
YIL126W,YIL122W,7.219249908985148e-08
YIL126W,YCL029C,7.701336790510993e-10
YIL126W,YNL173C,2.548838210714166e-06
YIL126W,YLR452C,0.823655366897583
YIL126W,YDL160C,0.00037440669257193804
YIL126W,YLR229C,0.0002470422477927059
YIL126W,YML057W,3.294822747967885e-11
YIL126W,YER149C,1.6029547396101407e-06
YIL126W,YMR305C,1.3480337656801566e-05
YIL126W,YLR433C,0.6061106324195862
YIL126W,YJL073W,3.5343166473467136e-06
YIL126W,YGR279C,0.4241340756416321
YIL126W,YKL190W,1.1682257650136307e-07
YIL126W,YGL089C,2.0640823095163796e-07
YIL126W,YJL019W,5.059791305939143e-07
YIL126W,YJL018W,0.2020167112350464
YIL126W,YNR032C-A,0.7621426582336426
YIL126W,YGL178W,4.5680277253268287e-05
YIL126W,YKL116C,1.134283422743465e-08
YIL126W,YDL214C,7.484302386728814e-06
YIL126W,YLR362W,1.8258404566040554e-07
YIL126W,YER068W,2.0790503185708076e-05
YIL126W,YHR084W,8.818753505224208e-10
YIL126W,YDR392W,3.3286778489127755e-05
YIL126W,YNL053W,1.1671706943161553e-06
YIL126W,YGR040W,1.96416222024709e-05
YIL126W,YDL216C,0.07160636782646179
YIL126W,YOL117W,2.396101876911416e-07
YIL126W,YJR086W,1.1573336039516491e-10
YIL126W,YMR025W,0.00041257424163632095
YIL126W,YBR081C,0.45209839940071106
YIL126W,YFL026W,0.0026088629383593798
YIL126W,YHL007C,0.0012153792195022106
YIL126W,YNR044W,3.219991413061507e-06
YIL126W,YNL271C,2.21480398465701e-08
YIL126W,YDR200C,4.983676626579836e-05
YIL126W,YKL178C,5.163861782619961e-09
YIL126W,YOR212W,0.6985728144645691
YIL126W,YOL111C,3.552962724029385e-08
YIL126W,YGL032C,0.015061292797327042
YIL126W,YHR005C,0.005451723001897335
YIL126W,YDR103W,0.01708674430847168
YIL126W,YJR084W,3.107905649812892e-05
YIL126W,YCL032W,0.003279950935393572
YIL126W,YJL170C,2.3213769964058883e-06
YIL126W,YDR179C,2.685903943699941e-09
YIL126W,YBR095C,0.0034401416778564453
YIL126W,YLL021W,4.7300858568632975e-05
YIL126W,YDL159W,0.06696046143770218
YIL126W,YNL161W,0.00012497852731030434
YIL126W,YNL188W,0.00035612203646451235
YIL126W,YJL157C,0.005765131209045649
YIL126W,YJL034W,1.2228724109719646e-11
YIL126W,YLR238W,5.767528676869915e-10
YIL126W,YPR141C,0.00010016300075221807
YIL126W,YNL127W,0.00010065764945466071
YIL126W,YCL055W,5.6102624512277544e-05
YIL126W,YPR122W,8.467245061183348e-05
YIL126W,YMR065W,0.0007914176676422358
YIL126W,YDR356W,0.00019660042016766965
YIL126W,YMR052W,0.0002869134477805346
YIL126W,YFR008W,1.6166395653272048e-06
YIL126W,YLL043W,0.6603298187255859
YIL126W,YMR029C,0.003975197207182646
YIL126W,YJR004C,1.7966532311241212e-16
YIL126W,YDL223C,5.7567410040315625e-12
YIL126W,YHR158C,0.0003105311479885131
YIL126W,YGR238C,5.438942005109304e-11
YIL126W,YIL015W,0.006615279708057642
YIL126W,YGL173C,3.364828043210051e-19
YIL126W,YDL225W,2.3420448997057974e-05
YIL126W,YLR330W,9.34966101340251e-06
YIL126W,YBR129C,3.241098238504492e-05
YIL126W,YKR095W-A,0.2020167112350464
YIL126W,YPR075C,1.961416806750549e-09
YIL126W,YMR198W,2.2303665900835767e-05
YIL126W,YOR127W,0.003998655825853348
YIL126W,YDR264C,1.0424574838907574e-06
YIL126W,YLR110C,0.038003481924533844
YIL126W,YDR379W,3.5360494621272665e-06
YIL126W,YDL100C,0.006597721017897129
YIL126W,YHR073W,7.679181726416573e-05
YIL126W,YJR090C,1.2363435795970101e-11
YIL126W,YOR208W,0.0005552774528041482
YIL126W,YBR040W,0.943778395652771
YIL126W,YNL279W,8.215174602810293e-06
YIL126W,YER075C,3.4333855203350083e-12
YIL126W,YCR089W,5.84852122287316e-09
YIL126W,YCR002C,0.3149087131023407
YIL126W,YJL108C,2.217486508016009e-05
YIL126W,YBR200W,4.4286090883360885e-07
YIL126W,YIL026C,2.947181656054454e-06
YIL126W,YJR076C,0.0001973076577996835
YIL126W,YKR031C,1.6967500414466485e-05
YIL126W,YPL192C,4.639399321604287e-06
YIL126W,YHR107C,3.256772833992727e-05
YIL126W,YIL037C,1.6604559394117757e-10
YIL126W,YPL156C,0.005799608770757914
YIL126W,YIL117C,0.0003863338497467339
YIL126W,YHR066W,4.6466826120195037e-07
YIL126W,YML085C,0.013849216513335705
YIL126W,YML047C,3.102586924796924e-05
YIL126W,YDR312W,0.04574063792824745
YIL126W,YFL037W,1.15881903184345e-06
YIL126W,YDL038C,0.2020167112350464
YIL126W,YDL039C,6.944891294220483e-17
YIL126W,YCL027W,0.8876863121986389
YIL126W,YML124C,3.3831151995400432e-06
YIL126W,YGL053W,0.0001589173625689
YIL126W,YMR232W,3.086094579884957e-07
YIL126W,YNL298W,2.2856098439660855e-05
YIL126W,YGL099W,6.040964422027173e-07
YIL126W,YBL016W,7.288665074156597e-05
YIL126W,YAL041W,4.373554673975377e-08
YIL126W,YDR085C,5.631351029933285e-08
YIL126W,YPL187W,1.9934371664476203e-07
YIL126W,YPL256C,1.7696629939223385e-08
YIL126W,YDR461W,1.046244165081589e-06
YIL126W,YNL145W,0.0017844957765191793
YNL270C,YDL165W,6.9478637253206355e-12
YNL270C,YGR059W,2.569853441158898e-09
YNL270C,YBR109C,2.7425684834270214e-07
YNL270C,YJL080C,1.0350179309170926e-06
YNL270C,YCR093W,3.7314283607425835e-12
YNL270C,YIL122W,1.276184349308096e-07
YNL270C,YCL029C,6.341015490463064e-10
YNL270C,YNL173C,6.007714182487689e-05
YNL270C,YLR452C,2.433761767895652e-16
YNL270C,YDL160C,0.014071735553443432
YNL270C,YLR229C,1.7209803360174192e-08
YNL270C,YML057W,1.9559055763895827e-10
YNL270C,YER149C,0.9871045351028442
YNL270C,YMR305C,2.5424885308211742e-08
YNL270C,YLR433C,8.93939089419149e-12
YNL270C,YJL073W,1.3054990688488033e-07
YNL270C,YGR279C,0.28779336810112
YNL270C,YKL190W,0.00021916542027611285
YNL270C,YGL089C,1.9696524759638123e-05
YNL270C,YJL019W,0.0281682088971138
YNL270C,YJL018W,0.00254265614785254
YNL270C,YNR032C-A,0.015703722834587097
YNL270C,YGL178W,0.9452022910118103
YNL270C,YKL116C,7.921240052777279e-11
YNL270C,YDL214C,1.7983609268412692e-08
YNL270C,YLR362W,2.431079053621943e-07
YNL270C,YER068W,6.050116657663196e-11
YNL270C,YHR084W,3.701837389349977e-17
YNL270C,YDR392W,3.31881570836412e-11
YNL270C,YNL053W,2.170764723530283e-08
YNL270C,YGR040W,3.8983000855141725e-11
YNL270C,YDL216C,8.794704520198593e-09
YNL270C,YOL117W,3.718249885764635e-08
YNL270C,YJR086W,0.00038114035851322114
YNL270C,YMR025W,2.212655374478345e-07
YNL270C,YBR081C,0.0005237429868429899
YNL270C,YFL026W,1.5102411765610668e-08
YNL270C,YHL007C,2.7261276569490178e-11
YNL270C,YNR044W,6.578264950991841e-13
YNL270C,YNL271C,0.022004960104823112
YNL270C,YDR200C,1.2164577123385811e-09
YNL270C,YKL178C,5.239439246906841e-07
YNL270C,YOR212W,8.719137440493796e-06
YNL270C,YOL111C,0.0014837549533694983
YNL270C,YGL032C,1.2845859358873168e-12
YNL270C,YHR005C,4.6487702576314405e-10
YNL270C,YDR103W,1.4132897376839537e-05
YNL270C,YJR084W,2.044609481721693e-10
YNL270C,YCL032W,1.3685325095380563e-09
YNL270C,YJL170C,7.933048662422948e-11
YNL270C,YDR179C,1.3734182900728147e-15
YNL270C,YBR095C,2.1134600736161246e-09
YNL270C,YLL021W,2.4937319267337443e-06
YNL270C,YDL159W,3.4522779600310027e-12
YNL270C,YNL161W,0.0012491840170696378
YNL270C,YNL188W,8.132992057596766e-10
YNL270C,YJL157C,1.7719281445761903e-13
YNL270C,YJL034W,2.2971260023041395e-06
YNL270C,YLR238W,4.31489343100111e-06
YNL270C,YPR141C,1.9141780174813938e-11
YNL270C,YNL127W,5.426938514574431e-05
YNL270C,YCL055W,1.7881056635360437e-07
YNL270C,YPR122W,7.638722987479696e-10
YNL270C,YMR065W,3.998871900279255e-09
YNL270C,YDR356W,1.83658860689051e-12
YNL270C,YMR052W,5.0142998588853516e-06
YNL270C,YFR008W,2.64171573505223e-10
YNL270C,YLL043W,4.4907753249390225e-07
YNL270C,YMR029C,5.032135277360794e-07
YNL270C,YJR004C,0.8683224320411682
YNL270C,YDL223C,2.4678610088813e-07
YNL270C,YHR158C,2.4776408355520196e-11
YNL270C,YGR238C,2.1170347697108127e-09
YNL270C,YIL015W,1.0129512784118333e-09
YNL270C,YGL173C,1.769053653566388e-10
YNL270C,YDL225W,4.4473247839960095e-07
YNL270C,YLR330W,3.6568947869852764e-10
YNL270C,YBR129C,1.181832587349163e-08
YNL270C,YKR095W-A,0.2020167112350464
YNL270C,YPR075C,4.971484031557338e-06
YNL270C,YMR198W,0.0033156638965010643
YNL270C,YOR127W,2.657535080885509e-09
YNL270C,YDR264C,1.624091811557038e-12
YNL270C,YLR110C,0.0003012547385878861
YNL270C,YDR379W,1.62141205350963e-07
YNL270C,YDL100C,7.437921567543526e-08
YNL270C,YHR073W,5.686038879321176e-12
YNL270C,YJR090C,4.0914716947781926e-08
YNL270C,YOR208W,1.4498459099954175e-09
YNL270C,YBR040W,3.970237230532803e-06
YNL270C,YNL279W,2.1466560440330795e-07
YNL270C,YER075C,5.28560394741362e-06
YNL270C,YCR089W,1.912799108829636e-14
YNL270C,YCR002C,2.179312332373229e-06
YNL270C,YJL108C,2.927685045506223e-07
YNL270C,YBR200W,0.000723986653611064
YNL270C,YIL026C,2.6986371443700127e-14
YNL270C,YJR076C,1.2312039993276594e-15
YNL270C,YKR031C,2.6810286726686172e-05
YNL270C,YPL192C,1.93288524314994e-05
YNL270C,YHR107C,3.620752409005945e-08
YNL270C,YIL037C,7.631544576724991e-06
YNL270C,YPL156C,1.658272852367304e-09
YNL270C,YIL117C,1.0704203305067495e-05
YNL270C,YHR066W,8.228788498512783e-16
YNL270C,YML085C,2.708804380802121e-08
YNL270C,YML047C,2.720937573030824e-06
YNL270C,YDR312W,6.477764458168167e-08
YNL270C,YFL037W,1.241097918880385e-10
YNL270C,YDL038C,0.2020167112350464
YNL270C,YDL039C,1.1281933720574955e-10
YNL270C,YCL027W,1.9103461622948807e-17
YNL270C,YML124C,3.5015682442463003e-07
YNL270C,YGL053W,2.3077353361600217e-09
YNL270C,YMR232W,1.5836356396903284e-05
YNL270C,YNL298W,1.4763910257897805e-05
YNL270C,YGL099W,1.9871648746535957e-14
YNL270C,YBL016W,7.449420991179068e-07
YNL270C,YAL041W,3.166490358808005e-08
YNL270C,YDR085C,5.142621439802042e-09
YNL270C,YPL187W,1.3681886734673299e-08
YNL270C,YPL256C,3.054234909427578e-08
YNL270C,YDR461W,1.5431277233801666e-06
YNL270C,YNL145W,1.3390890671871603e-05
YEL029C,YDL165W,0.00021911422663833946
YEL029C,YGR059W,1.0177763698493436e-07
YEL029C,YBR109C,5.4123542980732964e-08
YEL029C,YJL080C,3.994951036645489e-10
YEL029C,YCR093W,0.00834276620298624
YEL029C,YIL122W,1.0933813854308028e-08
YEL029C,YCL029C,9.964540303997182e-10
YEL029C,YNL173C,5.611672693368874e-13
YEL029C,YLR452C,0.009306279942393303
YEL029C,YDL160C,9.61552792944076e-09
YEL029C,YLR229C,4.686032811784813e-11
YEL029C,YML057W,1.4232106771848614e-14
YEL029C,YER149C,1.4992143405834213e-05
YEL029C,YMR305C,4.391898357578722e-14
YEL029C,YLR433C,8.150300709530711e-05
YEL029C,YJL073W,3.314266194820448e-08
YEL029C,YGR279C,3.297442162875086e-06
YEL029C,YKL190W,1.5412533471703682e-08
YEL029C,YGL089C,1.012317261483986e-05
YEL029C,YJL019W,3.027792946919128e-11
YEL029C,YJL018W,0.00037969337427057326
YEL029C,YNR032C-A,0.008251680061221123
YEL029C,YGL178W,0.9175578951835632
YEL029C,YKL116C,2.180374804316987e-12
YEL029C,YDL214C,3.697404604707799e-10
YEL029C,YLR362W,5.221773749019042e-20
YEL029C,YER068W,3.3942775257145286e-09
YEL029C,YHR084W,1.9335391243657796e-06
YEL029C,YDR392W,2.6035515077182936e-08
YEL029C,YNL053W,5.197170693804765e-09
YEL029C,YGR040W,0.0002485199656803161
YEL029C,YDL216C,0.0007546375854872167
YEL029C,YOL117W,3.173532400410628e-13
YEL029C,YJR086W,9.192672393697893e-15
YEL029C,YMR025W,3.117999014534689e-08
YEL029C,YBR081C,0.4574677348136902
YEL029C,YFL026W,2.608401494796908e-09
YEL029C,YHL007C,0.0001673880615271628
YEL029C,YNR044W,4.7615860906957685e-12
YEL029C,YNL271C,4.7373225697810994e-07
YEL029C,YDR200C,4.042554792249575e-06
YEL029C,YKL178C,0.19205039739608765
YEL029C,YOR212W,0.002440239069983363
YEL029C,YOL111C,1.6976985138875134e-12
YEL029C,YGL032C,7.661024592486854e-12
YEL029C,YHR005C,9.35982279770542e-06
YEL029C,YDR103W,0.3017016351222992
YEL029C,YJR084W,0.0009482349851168692
YEL029C,YCL032W,4.88502166717808e-07
YEL029C,YJL170C,4.738056613717845e-09
YEL029C,YDR179C,4.993326996327596e-08
YEL029C,YBR095C,3.737627775990404e-05
YEL029C,YLL021W,1.3063883841368806e-07
YEL029C,YDL159W,4.597662700689398e-05
YEL029C,YNL161W,0.0034010831732302904
YEL029C,YNL188W,6.130114235100353e-15
YEL029C,YJL157C,1.6804021285565796e-08
YEL029C,YJL034W,8.656772347570563e-12
YEL029C,YLR238W,7.722687073163925e-12
YEL029C,YPR141C,8.550583879696205e-05
YEL029C,YNL127W,1.3429614398319245e-07
YEL029C,YCL055W,6.604965733418913e-14
YEL029C,YPR122W,0.0418684184551239
YEL029C,YMR065W,0.001062149996869266
YEL029C,YDR356W,1.646100322716393e-08
YEL029C,YMR052W,4.4541981214507587e-11
YEL029C,YFR008W,1.359843508907943e-06
YEL029C,YLL043W,2.974624597848637e-16
YEL029C,YMR029C,6.944279000572692e-14
YEL029C,YJR004C,1.8060219986182346e-09
YEL029C,YDL223C,1.2691331553238617e-16
YEL029C,YHR158C,0.005551498848944902
YEL029C,YGR238C,1.3549467325901787e-08
YEL029C,YIL015W,3.011601634739236e-08
YEL029C,YGL173C,1.0901624136749888e-07
YEL029C,YDL225W,0.004223576281219721
YEL029C,YLR330W,2.55347040170259e-13
YEL029C,YBR129C,8.72693277642611e-08
YEL029C,YKR095W-A,0.2020167112350464
YEL029C,YPR075C,1.638232952072549e-11
YEL029C,YMR198W,8.698046727317887e-09
YEL029C,YOR127W,7.126892887754366e-05
YEL029C,YDR264C,0.0024489520583301783
YEL029C,YLR110C,1.111545230858546e-11
YEL029C,YDR379W,8.422584157896651e-11
YEL029C,YDL100C,1.9202428536146954e-09
YEL029C,YHR073W,6.100543714637752e-08
YEL029C,YJR090C,2.7795874757430283e-06
YEL029C,YOR208W,5.712965690796157e-12
YEL029C,YBR040W,3.905964263140049e-08
YEL029C,YNL279W,1.548589679883569e-13
YEL029C,YER075C,6.530908702728766e-09
YEL029C,YCR089W,1.5219689928919894e-13
YEL029C,YCR002C,0.00017542814020998776
YEL029C,YJL108C,1.5013104530225974e-05
YEL029C,YBR200W,8.154208645111405e-14
YEL029C,YIL026C,6.213869596649602e-08
YEL029C,YJR076C,0.002747896360233426
YEL029C,YKR031C,3.039262310267077e-06
YEL029C,YPL192C,0.4122159481048584
YEL029C,YHR107C,4.4656079012384e-07
YEL029C,YIL037C,1.2249313542656015e-11
YEL029C,YPL156C,2.5421478255793772e-09
YEL029C,YIL117C,2.4675309018284963e-10
YEL029C,YHR066W,6.099573588684372e-17
YEL029C,YML085C,3.5816537452895703e-13
YEL029C,YML047C,0.00037515719304792583
YEL029C,YDR312W,9.049416083021025e-14
YEL029C,YFL037W,3.9982101185387364e-08
YEL029C,YDL038C,0.2020167112350464
YEL029C,YDL039C,0.019077304750680923
YEL029C,YCL027W,3.297199319129973e-11
YEL029C,YML124C,2.1485739801868056e-16
YEL029C,YGL053W,1.1939086164147739e-08
YEL029C,YMR232W,7.18958503842515e-11
YEL029C,YNL298W,1.6939209146471512e-08
YEL029C,YGL099W,8.314944327687812e-13
YEL029C,YBL016W,1.6268627556215165e-09
YEL029C,YAL041W,1.76161648823836e-07
YEL029C,YDR085C,2.9556099321453866e-13
YEL029C,YPL187W,1.168387370853452e-05
YEL029C,YPL256C,1.725961936576998e-14
YEL029C,YDR461W,3.891138800060645e-11
YEL029C,YNL145W,1.3151603752703522e-06
YIR033W,YDL165W,0.0023296934086829424
YIR033W,YGR059W,0.00048101882566697896
YIR033W,YBR109C,0.0005896587972529233
YIR033W,YJL080C,0.0010422791820019484
YIR033W,YCR093W,0.015299199149012566
YIR033W,YIL122W,0.6533690094947815
YIR033W,YCL029C,1.7645276854786653e-14
YIR033W,YNL173C,0.0474015474319458
YIR033W,YLR452C,0.07341252267360687
YIR033W,YDL160C,0.3450142741203308
YIR033W,YLR229C,3.123770966340089e-07
YIR033W,YML057W,2.0093586516889417e-10
YIR033W,YER149C,2.129236918335664e-06
YIR033W,YMR305C,0.0002454342902638018
YIR033W,YLR433C,0.00021641523926518857
YIR033W,YJL073W,2.8876249416498467e-05
YIR033W,YGR279C,5.527495886781253e-06
YIR033W,YKL190W,5.020262392463337e-07
YIR033W,YGL089C,0.0003750704927369952
YIR033W,YJL019W,0.8858823776245117
YIR033W,YJL018W,0.00040086015360429883
YIR033W,YNR032C-A,2.762094020170025e-08
YIR033W,YGL178W,5.405143710390803e-08
YIR033W,YKL116C,0.00018625416851136833
YIR033W,YDL214C,7.2859006650105584e-06
YIR033W,YLR362W,3.5971946992299775e-13
YIR033W,YER068W,0.037902962416410446
YIR033W,YHR084W,0.0007186938310042024
YIR033W,YDR392W,0.0003964244097005576
YIR033W,YNL053W,0.9973276853561401
YIR033W,YGR040W,2.4942304222008715e-08
YIR033W,YDL216C,5.1201691775304425e-09
YIR033W,YOL117W,0.0003147744864691049
YIR033W,YJR086W,0.9719478487968445
YIR033W,YMR025W,0.0018901439616456628
YIR033W,YBR081C,5.176351805857848e-06
YIR033W,YFL026W,0.012287740595638752
YIR033W,YHL007C,0.3894772529602051
YIR033W,YNR044W,0.0016367861535400152
YIR033W,YNL271C,0.04684539511799812
YIR033W,YDR200C,0.006416242569684982
YIR033W,YKL178C,1.730668736854568e-05
YIR033W,YOR212W,1.3754960548340023e-07
YIR033W,YOL111C,2.930612837907104e-13
YIR033W,YGL032C,0.00022410911333281547
YIR033W,YHR005C,2.311330016269153e-09
YIR033W,YDR103W,2.9376747079368215e-06
YIR033W,YJR084W,1.7267680959776044e-05
YIR033W,YCL032W,9.570088650434627e-07
YIR033W,YJL170C,9.901666089717764e-06
YIR033W,YDR179C,1.6538865690182377e-15
YIR033W,YBR095C,0.0011592739028856158
YIR033W,YLL021W,1.6023668649722822e-05
YIR033W,YDL159W,1.4157659222746588e-07
YIR033W,YNL161W,1.4124650988378562e-05
YIR033W,YNL188W,0.00011125677701784298
YIR033W,YJL157C,2.693128953978885e-05
YIR033W,YJL034W,1.1416115739848465e-05
YIR033W,YLR238W,0.03573879972100258
YIR033W,YPR141C,7.423901493552876e-09
YIR033W,YNL127W,3.345841150803608e-06
YIR033W,YCL055W,3.3624825146461035e-10
YIR033W,YPR122W,0.011378003284335136
YIR033W,YMR065W,0.019762741401791573
YIR033W,YDR356W,0.005783447530120611
YIR033W,YMR052W,2.3772290802526186e-09
YIR033W,YFR008W,5.548638364416547e-05
YIR033W,YLL043W,5.37142852863326e-07
YIR033W,YMR029C,2.7761808496507e-07
YIR033W,YJR004C,4.021372888018959e-07
YIR033W,YDL223C,2.8612519020754235e-09
YIR033W,YHR158C,0.8349016904830933
YIR033W,YGR238C,8.43221914692549e-06
YIR033W,YIL015W,0.00016346049960702658
YIR033W,YGL173C,0.11122819781303406
YIR033W,YDL225W,0.00639653205871582
YIR033W,YLR330W,0.0015854699304327369
YIR033W,YBR129C,5.4213845857020715e-08
YIR033W,YKR095W-A,0.2020167112350464
YIR033W,YPR075C,1.699542963251588e-06
YIR033W,YMR198W,2.907176188671201e-08
YIR033W,YOR127W,0.00013186193245928735
YIR033W,YDR264C,8.474527021462563e-06
YIR033W,YLR110C,1.2174027688161004e-05
YIR033W,YDR379W,0.029669122770428658
YIR033W,YDL100C,5.1604679640604445e-08
YIR033W,YHR073W,0.0015385301085188985
YIR033W,YJR090C,0.22636263072490692
YIR033W,YOR208W,0.18580731749534607
YIR033W,YBR040W,9.495201993559022e-06
YIR033W,YNL279W,0.00034635758493095636
YIR033W,YER075C,0.025538256391882896
YIR033W,YCR089W,2.3150159904616885e-05
YIR033W,YCR002C,0.01679687388241291
YIR033W,YJL108C,0.408143550157547
YIR033W,YBR200W,7.5297439394717e-09
YIR033W,YIL026C,0.001309520797803998
YIR033W,YJR076C,0.0035056599881500006
YIR033W,YKR031C,0.004249935038387775
YIR033W,YPL192C,0.18849167227745056
YIR033W,YHR107C,1.064444435372458e-10
YIR033W,YIL037C,0.47158390283584595
YIR033W,YPL156C,0.7659587860107422
YIR033W,YIL117C,0.9987986087799072
YIR033W,YHR066W,5.713698438670036e-15
YIR033W,YML085C,0.0028086344245821238
YIR033W,YML047C,0.030061598867177963
YIR033W,YDR312W,1.3136256882262387e-07
YIR033W,YFL037W,3.517164941513329e-06
YIR033W,YDL038C,0.2020167112350464
YIR033W,YDL039C,2.464762110321317e-05
YIR033W,YCL027W,7.766990893287584e-05
YIR033W,YML124C,4.069756250751899e-12
YIR033W,YGL053W,0.00013978808419778943
YIR033W,YMR232W,5.7059962273342535e-05
YIR033W,YNL298W,0.00045444024726748466
YIR033W,YGL099W,1.0564414878899697e-05
YIR033W,YBL016W,2.3814862288418226e-05
YIR033W,YAL041W,0.09616871923208237
YIR033W,YDR085C,4.0387988065049285e-07
YIR033W,YPL187W,0.9512614607810974
YIR033W,YPL256C,2.316857899131719e-05
YIR033W,YDR461W,4.733406375190263e-12
YIR033W,YNL145W,5.927271867767203e-11
YDR456W,YDL165W,6.593666501686357e-09
YDR456W,YGR059W,1.2323359563706782e-12
YDR456W,YBR109C,1.842831352405483e-06
YDR456W,YJL080C,6.628778081996245e-11
YDR456W,YCR093W,0.3656686842441559
YDR456W,YIL122W,0.8335509300231934
YDR456W,YCL029C,8.520985132765002e-12
YDR456W,YNL173C,5.431568865787995e-07
YDR456W,YLR452C,4.7541168896714225e-05
YDR456W,YDL160C,0.001522223697975278
YDR456W,YLR229C,5.2982676568540804e-14
YDR456W,YML057W,0.0013723621377721429
YDR456W,YER149C,3.30831971950829e-05
YDR456W,YMR305C,7.589424736519188e-16
YDR456W,YLR433C,2.623704347115563e-07
YDR456W,YJL073W,2.6976439135360623e-14
YDR456W,YGR279C,0.08936725556850433
YDR456W,YKL190W,1.2753230693718365e-09
YDR456W,YGL089C,0.0030851950868964195
YDR456W,YJL019W,3.336924123686913e-07
YDR456W,YJL018W,0.13209886848926544
YDR456W,YNR032C-A,0.07657964527606964
YDR456W,YGL178W,3.309024236841651e-07
YDR456W,YKL116C,6.976317672524601e-05
YDR456W,YDL214C,0.6934919953346252
YDR456W,YLR362W,5.547318715493077e-10
YDR456W,YER068W,9.54679780988954e-05
YDR456W,YHR084W,7.760780462717776e-09
YDR456W,YDR392W,4.611187875980249e-09
YDR456W,YNL053W,0.012870106846094131
YDR456W,YGR040W,3.822217138349515e-07
YDR456W,YDL216C,2.0961713267930726e-11
YDR456W,YOL117W,9.90957038649043e-11
YDR456W,YJR086W,1.796004909238036e-07
YDR456W,YMR025W,0.0007424208451993763
YDR456W,YBR081C,6.25353422947228e-05
YDR456W,YFL026W,2.4602262535414286e-15
YDR456W,YHL007C,3.735614154720679e-05
YDR456W,YNR044W,2.6635544898151453e-12
YDR456W,YNL271C,1.6805881131176648e-08
YDR456W,YDR200C,4.976775588860782e-11
YDR456W,YKL178C,6.821456963734818e-07
YDR456W,YOR212W,3.1194729022132606e-09
YDR456W,YOL111C,0.00011293083662167192
YDR456W,YGL032C,3.806465098633513e-14
YDR456W,YHR005C,3.150315078248589e-12
YDR456W,YDR103W,0.0008987169712781906
YDR456W,YJR084W,1.5640343065115303e-07
YDR456W,YCL032W,1.4730134125784389e-06
YDR456W,YJL170C,0.011758384294807911
YDR456W,YDR179C,3.688828322662152e-12
YDR456W,YBR095C,2.871124562056626e-13
YDR456W,YLL021W,5.207045887800632e-07
YDR456W,YDL159W,1.3871506325813243e-06
YDR456W,YNL161W,8.610946677922726e-11
YDR456W,YNL188W,8.581161637266632e-06
YDR456W,YJL157C,8.289658933080437e-16
YDR456W,YJL034W,7.828159127865053e-12
YDR456W,YLR238W,0.5030349493026733
YDR456W,YPR141C,1.19344076665584e-05
YDR456W,YNL127W,1.2259402865311131e-05
YDR456W,YCL055W,1.752896959528183e-11
YDR456W,YPR122W,2.1848460818318927e-08
YDR456W,YMR065W,0.0008356880280189216
YDR456W,YDR356W,1.6159514004687736e-10
YDR456W,YMR052W,0.00010955381003441289
YDR456W,YFR008W,2.8033789476467064e-06
YDR456W,YLL043W,0.07500386238098145
YDR456W,YMR029C,3.258393519445235e-07
YDR456W,YJR004C,9.648118748373236e-09
YDR456W,YDL223C,1.3911940186517313e-06
YDR456W,YHR158C,2.991101507102134e-12
YDR456W,YGR238C,3.77030594245209e-11
YDR456W,YIL015W,1.173908188434325e-07
YDR456W,YGL173C,0.0006821117713116109
YDR456W,YDL225W,7.480446839736032e-08
YDR456W,YLR330W,2.7489649667700178e-08
YDR456W,YBR129C,6.316028811070851e-10
YDR456W,YKR095W-A,0.2020167112350464
YDR456W,YPR075C,2.1897417212812798e-10
YDR456W,YMR198W,3.4870066834002955e-09
YDR456W,YOR127W,2.2336228866493002e-08
YDR456W,YDR264C,1.297545395573252e-07
YDR456W,YLR110C,0.6939623355865479
YDR456W,YDR379W,4.536888354778057e-06
YDR456W,YDL100C,3.1894696661538546e-08
YDR456W,YHR073W,1.173190433689797e-08
YDR456W,YJR090C,1.5599735547766613e-07
YDR456W,YOR208W,7.177668459590336e-10
YDR456W,YBR040W,0.010929814539849758
YDR456W,YNL279W,0.9946504235267639
YDR456W,YER075C,0.007360190153121948
YDR456W,YCR089W,1.385195291803143e-09
YDR456W,YCR002C,3.593782594180084e-06
YDR456W,YJL108C,0.08154680579900742
YDR456W,YBR200W,3.1287677870750485e-07
YDR456W,YIL026C,4.529110447037965e-05
YDR456W,YJR076C,3.9259455661522225e-05
YDR456W,YKR031C,0.06384050101041794
YDR456W,YPL192C,0.005241078790277243
YDR456W,YHR107C,9.927036970225345e-10
YDR456W,YIL037C,1.6599951635498655e-08
YDR456W,YPL156C,0.15933789312839508
YDR456W,YIL117C,3.928150533738517e-07
YDR456W,YHR066W,1.7834521713666618e-05
YDR456W,YML085C,9.026700276137944e-09
YDR456W,YML047C,2.2763842935091816e-05
YDR456W,YDR312W,6.01370629738085e-07
YDR456W,YFL037W,8.725264066811178e-09
YDR456W,YDL038C,0.2020167112350464
YDR456W,YDL039C,9.589359688255694e-12
YDR456W,YCL027W,9.97860206553014e-06
YDR456W,YML124C,1.0145090639150731e-14
YDR456W,YGL053W,3.7222349646981456e-07
YDR456W,YMR232W,7.984534022398293e-06
YDR456W,YNL298W,2.1975604624913103e-07
YDR456W,YGL099W,9.105126375086314e-11
YDR456W,YBL016W,8.98130991799917e-09
YDR456W,YAL041W,8.40770724153117e-07
YDR456W,YDR085C,6.370418503820474e-08
YDR456W,YPL187W,0.00018104173068422824
YDR456W,YPL256C,2.4101522555497468e-08
YDR456W,YDR461W,5.516729850718605e-10
YDR456W,YNL145W,2.667420488238018e-18
YPL237W,YDL165W,5.660681563313119e-05
YPL237W,YGR059W,1.456741671734818e-10
YPL237W,YBR109C,2.185646934549368e-07
YPL237W,YJL080C,4.454193913261406e-06
YPL237W,YCR093W,0.5569700598716736
YPL237W,YIL122W,2.2239101185594912e-11
YPL237W,YCL029C,7.234004248488773e-14
YPL237W,YNL173C,0.4522073268890381
YPL237W,YLR452C,4.454395457287319e-05
YPL237W,YDL160C,9.070572737357452e-09
YPL237W,YLR229C,0.841230034828186
YPL237W,YML057W,2.8280663198093116e-14
YPL237W,YER149C,3.027703030511475e-07
YPL237W,YMR305C,8.95175980986096e-06
YPL237W,YLR433C,4.725414726181043e-08
YPL237W,YJL073W,7.686082881264156e-08
YPL237W,YGR279C,1.720652065273498e-08
YPL237W,YKL190W,4.386503604791869e-08
YPL237W,YGL089C,0.20683236420154572
YPL237W,YJL019W,0.03765248879790306
YPL237W,YJL018W,9.180267807096243e-05
YPL237W,YNR032C-A,0.7666614055633545
YPL237W,YGL178W,6.587392849081997e-13
YPL237W,YKL116C,0.00012230199354235083
YPL237W,YDL214C,3.530871950374603e-08
YPL237W,YLR362W,2.440401353220878e-11
YPL237W,YER068W,4.903930594934991e-10
YPL237W,YHR084W,2.7846466799097414e-10
YPL237W,YDR392W,0.2482955902814865
YPL237W,YNL053W,3.029076879101922e-06
YPL237W,YGR040W,0.000543715781532228
YPL237W,YDL216C,9.3397358114089e-07
YPL237W,YOL117W,0.01229341421276331
YPL237W,YJR086W,2.9306089999181495e-08
YPL237W,YMR025W,0.00027609130484052
YPL237W,YBR081C,0.00018065425683744252
YPL237W,YFL026W,5.16426644026069e-06
YPL237W,YHL007C,4.047667607665062e-05
YPL237W,YNR044W,0.0002477831731084734
YPL237W,YNL271C,8.613337598717408e-09
YPL237W,YDR200C,0.23430661857128143
YPL237W,YKL178C,0.9990712404251099
YPL237W,YOR212W,0.7222091555595398
YPL237W,YOL111C,4.4345377148147236e-08
YPL237W,YGL032C,1.264703564096692e-09
YPL237W,YHR005C,0.9999074935913086
YPL237W,YDR103W,0.00020719268650282174
YPL237W,YJR084W,9.550103641231544e-07
YPL237W,YCL032W,0.05806775391101837
YPL237W,YJL170C,0.02965380810201168
YPL237W,YDR179C,6.171930744258702e-10
YPL237W,YBR095C,7.543660558440024e-07
YPL237W,YLL021W,0.09399411827325821
YPL237W,YDL159W,4.6747449232498184e-05
YPL237W,YNL161W,2.531454583731829e-06
YPL237W,YNL188W,0.0009172112913802266
YPL237W,YJL157C,0.05068042129278183
YPL237W,YJL034W,5.39068464346093e-13
YPL237W,YLR238W,2.351730472582858e-06
YPL237W,YPR141C,0.0007050191052258015
YPL237W,YNL127W,0.0022084107622504234
YPL237W,YCL055W,1.6075206943355624e-08
YPL237W,YPR122W,0.006141496356576681
YPL237W,YMR065W,0.7173288464546204
YPL237W,YDR356W,0.05503455549478531
YPL237W,YMR052W,3.0205068668465174e-08
YPL237W,YFR008W,0.0025968304835259914
YPL237W,YLL043W,9.409105405211449e-05
YPL237W,YMR029C,0.0774386003613472
YPL237W,YJR004C,1.6787604181445204e-05
YPL237W,YDL223C,1.177315050607243e-19
YPL237W,YHR158C,0.0011267842492088675
YPL237W,YGR238C,6.1730882627841765e-09
YPL237W,YIL015W,0.9580432176589966
YPL237W,YGL173C,5.121145729702903e-09
YPL237W,YDL225W,7.20703974366188e-05
YPL237W,YLR330W,4.651929952359524e-09
YPL237W,YBR129C,0.0041617280803620815
YPL237W,YKR095W-A,0.2020167112350464
YPL237W,YPR075C,1.1203593608399842e-11
YPL237W,YMR198W,1.5157610278038192e-06
YPL237W,YOR127W,4.3510317482287064e-07
YPL237W,YDR264C,5.966185057104667e-08
YPL237W,YLR110C,0.00033176757278852165
YPL237W,YDR379W,0.0003167565737385303
YPL237W,YDL100C,3.195501267327927e-05
YPL237W,YHR073W,6.525307867377705e-07
YPL237W,YJR090C,2.128827509295661e-05
YPL237W,YOR208W,5.312473604135448e-06
YPL237W,YBR040W,1.4400769998701435e-07
YPL237W,YNL279W,2.014594883803511e-06
YPL237W,YER075C,0.0025163935497403145
YPL237W,YCR089W,1.6849707740185238e-10
YPL237W,YCR002C,0.0011347633553668857
YPL237W,YJL108C,0.007159717381000519
YPL237W,YBR200W,4.310272139207427e-10
YPL237W,YIL026C,4.881482254859293e-06
YPL237W,YJR076C,0.0007033779402263463
YPL237W,YKR031C,4.5435982087838056e-08
YPL237W,YPL192C,4.002673449576832e-06
YPL237W,YHR107C,0.39087069034576416
YPL237W,YIL037C,0.00026968427118845284
YPL237W,YPL156C,0.26022249460220337
YPL237W,YIL117C,0.0019653141498565674
YPL237W,YHR066W,2.2732054105745192e-07
YPL237W,YML085C,1.3763806236966047e-06
YPL237W,YML047C,0.00019407931540627033
YPL237W,YDR312W,3.2579367825746886e-07
YPL237W,YFL037W,2.6813020692628697e-09
YPL237W,YDL038C,0.2020167112350464
YPL237W,YDL039C,2.412396682416329e-08
YPL237W,YCL027W,2.512326169323842e-08
YPL237W,YML124C,2.707412072311399e-10
YPL237W,YGL053W,1.0600093673929223e-06
YPL237W,YMR232W,0.43145450949668884
YPL237W,YNL298W,7.35236426407937e-06
YPL237W,YGL099W,1.1141480058961435e-14
YPL237W,YBL016W,2.2156636247938621e-10
YPL237W,YAL041W,0.0043679941445589066
YPL237W,YDR085C,4.675974196288735e-06
YPL237W,YPL187W,5.640430117637152e-06
YPL237W,YPL256C,0.00021695613395422697
YPL237W,YDR461W,1.2263445814397755e-09
YPL237W,YNL145W,0.01312280260026455
tV(AAC)E1,YDL165W,0.2020167112350464
tV(AAC)E1,YGR059W,0.2020167112350464
tV(AAC)E1,YBR109C,0.2020167112350464
tV(AAC)E1,YJL080C,0.2020167112350464
tV(AAC)E1,YCR093W,0.2020167112350464
tV(AAC)E1,YIL122W,0.2020167112350464
tV(AAC)E1,YCL029C,0.2020167112350464
tV(AAC)E1,YNL173C,0.2020167112350464
tV(AAC)E1,YLR452C,0.2020167112350464
tV(AAC)E1,YDL160C,0.2020167112350464
tV(AAC)E1,YLR229C,0.2020167112350464
tV(AAC)E1,YML057W,0.2020167112350464
tV(AAC)E1,YER149C,0.2020167112350464
tV(AAC)E1,YMR305C,0.2020167112350464
tV(AAC)E1,YLR433C,0.2020167112350464
tV(AAC)E1,YJL073W,0.2020167112350464
tV(AAC)E1,YGR279C,0.2020167112350464
tV(AAC)E1,YKL190W,0.2020167112350464
tV(AAC)E1,YGL089C,0.2020167112350464
tV(AAC)E1,YJL019W,0.2020167112350464
tV(AAC)E1,YJL018W,0.2020167112350464
tV(AAC)E1,YNR032C-A,0.2020167112350464
tV(AAC)E1,YGL178W,0.2020167112350464
tV(AAC)E1,YKL116C,0.2020167112350464
tV(AAC)E1,YDL214C,0.2020167112350464
tV(AAC)E1,YLR362W,0.2020167112350464
tV(AAC)E1,YER068W,0.2020167112350464
tV(AAC)E1,YHR084W,0.2020167112350464
tV(AAC)E1,YDR392W,0.2020167112350464
tV(AAC)E1,YNL053W,0.2020167112350464
tV(AAC)E1,YGR040W,0.2020167112350464
tV(AAC)E1,YDL216C,0.2020167112350464
tV(AAC)E1,YOL117W,0.2020167112350464
tV(AAC)E1,YJR086W,0.2020167112350464
tV(AAC)E1,YMR025W,0.2020167112350464
tV(AAC)E1,YBR081C,0.2020167112350464
tV(AAC)E1,YFL026W,0.2020167112350464
tV(AAC)E1,YHL007C,0.2020167112350464
tV(AAC)E1,YNR044W,0.2020167112350464
tV(AAC)E1,YNL271C,0.2020167112350464
tV(AAC)E1,YDR200C,0.2020167112350464
tV(AAC)E1,YKL178C,0.2020167112350464
tV(AAC)E1,YOR212W,0.2020167112350464
tV(AAC)E1,YOL111C,0.2020167112350464
tV(AAC)E1,YGL032C,0.2020167112350464
tV(AAC)E1,YHR005C,0.2020167112350464
tV(AAC)E1,YDR103W,0.2020167112350464
tV(AAC)E1,YJR084W,0.2020167112350464
tV(AAC)E1,YCL032W,0.2020167112350464
tV(AAC)E1,YJL170C,0.2020167112350464
tV(AAC)E1,YDR179C,0.2020167112350464
tV(AAC)E1,YBR095C,0.2020167112350464
tV(AAC)E1,YLL021W,0.2020167112350464
tV(AAC)E1,YDL159W,0.2020167112350464
tV(AAC)E1,YNL161W,0.2020167112350464
tV(AAC)E1,YNL188W,0.2020167112350464
tV(AAC)E1,YJL157C,0.2020167112350464
tV(AAC)E1,YJL034W,0.2020167112350464
tV(AAC)E1,YLR238W,0.2020167112350464
tV(AAC)E1,YPR141C,0.2020167112350464
tV(AAC)E1,YNL127W,0.2020167112350464
tV(AAC)E1,YCL055W,0.2020167112350464
tV(AAC)E1,YPR122W,0.2020167112350464
tV(AAC)E1,YMR065W,0.2020167112350464
tV(AAC)E1,YDR356W,0.2020167112350464
tV(AAC)E1,YMR052W,0.2020167112350464
tV(AAC)E1,YFR008W,0.2020167112350464
tV(AAC)E1,YLL043W,0.2020167112350464
tV(AAC)E1,YMR029C,0.2020167112350464
tV(AAC)E1,YJR004C,0.2020167112350464
tV(AAC)E1,YDL223C,0.2020167112350464
tV(AAC)E1,YHR158C,0.2020167112350464
tV(AAC)E1,YGR238C,0.2020167112350464
tV(AAC)E1,YIL015W,0.2020167112350464
tV(AAC)E1,YGL173C,0.2020167112350464
tV(AAC)E1,YDL225W,0.2020167112350464
tV(AAC)E1,YLR330W,0.2020167112350464
tV(AAC)E1,YBR129C,0.2020167112350464
tV(AAC)E1,YKR095W-A,0.2020167112350464
tV(AAC)E1,YPR075C,0.2020167112350464
tV(AAC)E1,YMR198W,0.2020167112350464
tV(AAC)E1,YOR127W,0.2020167112350464
tV(AAC)E1,YDR264C,0.2020167112350464
tV(AAC)E1,YLR110C,0.2020167112350464
tV(AAC)E1,YDR379W,0.2020167112350464
tV(AAC)E1,YDL100C,0.2020167112350464
tV(AAC)E1,YHR073W,0.2020167112350464
tV(AAC)E1,YJR090C,0.2020167112350464
tV(AAC)E1,YOR208W,0.2020167112350464
tV(AAC)E1,YBR040W,0.2020167112350464
tV(AAC)E1,YNL279W,0.2020167112350464
tV(AAC)E1,YER075C,0.2020167112350464
tV(AAC)E1,YCR089W,0.2020167112350464
tV(AAC)E1,YCR002C,0.2020167112350464
tV(AAC)E1,YJL108C,0.2020167112350464
tV(AAC)E1,YBR200W,0.2020167112350464
tV(AAC)E1,YIL026C,0.2020167112350464
tV(AAC)E1,YJR076C,0.2020167112350464
tV(AAC)E1,YKR031C,0.2020167112350464
tV(AAC)E1,YPL192C,0.2020167112350464
tV(AAC)E1,YHR107C,0.2020167112350464
tV(AAC)E1,YIL037C,0.2020167112350464
tV(AAC)E1,YPL156C,0.2020167112350464
tV(AAC)E1,YIL117C,0.2020167112350464
tV(AAC)E1,YHR066W,0.2020167112350464
tV(AAC)E1,YML085C,0.2020167112350464
tV(AAC)E1,YML047C,0.2020167112350464
tV(AAC)E1,YDR312W,0.2020167112350464
tV(AAC)E1,YFL037W,0.2020167112350464
tV(AAC)E1,YDL038C,0.2020167112350464
tV(AAC)E1,YDL039C,0.2020167112350464
tV(AAC)E1,YCL027W,0.2020167112350464
tV(AAC)E1,YML124C,0.2020167112350464
tV(AAC)E1,YGL053W,0.2020167112350464
tV(AAC)E1,YMR232W,0.2020167112350464
tV(AAC)E1,YNL298W,0.2020167112350464
tV(AAC)E1,YGL099W,0.2020167112350464
tV(AAC)E1,YBL016W,0.2020167112350464
tV(AAC)E1,YAL041W,0.2020167112350464
tV(AAC)E1,YDR085C,0.2020167112350464
tV(AAC)E1,YPL187W,0.2020167112350464
tV(AAC)E1,YPL256C,0.2020167112350464
tV(AAC)E1,YDR461W,0.2020167112350464
tV(AAC)E1,YNL145W,0.2020167112350464
YDR261C-C,YDL165W,1.3156252975932148e-07
YDR261C-C,YGR059W,0.0002825942065101117
YDR261C-C,YBR109C,0.0022285720333456993
YDR261C-C,YJL080C,0.002765999874100089
YDR261C-C,YCR093W,0.003547106636688113
YDR261C-C,YIL122W,0.0007546821725554764
YDR261C-C,YCL029C,0.03505605459213257
YDR261C-C,YNL173C,4.5456741645466536e-05
YDR261C-C,YLR452C,4.34223584306892e-05
YDR261C-C,YDL160C,0.0001711787044769153
YDR261C-C,YLR229C,4.9243168177781627e-05
YDR261C-C,YML057W,0.0005290118278935552
YDR261C-C,YER149C,0.0004507811681833118
YDR261C-C,YMR305C,0.0016064989613369107
YDR261C-C,YLR433C,0.0008015132625587285
YDR261C-C,YJL073W,0.00020135616068728268
YDR261C-C,YGR279C,0.0015655116876587272
YDR261C-C,YKL190W,9.30015230551362e-05
YDR261C-C,YGL089C,0.00015931592497508973
YDR261C-C,YJL019W,0.00019241656991653144
YDR261C-C,YJL018W,0.2020167112350464
YDR261C-C,YNR032C-A,0.006106185726821423
YDR261C-C,YGL178W,0.00026288593653589487
YDR261C-C,YKL116C,0.00032152910716831684
YDR261C-C,YDL214C,0.0003877233248203993
YDR261C-C,YLR362W,0.0009025820763781667
YDR261C-C,YER068W,0.00031667714938521385
YDR261C-C,YHR084W,0.00038146262522786856
YDR261C-C,YDR392W,0.0007475516176782548
YDR261C-C,YNL053W,5.7899701459973585e-06
YDR261C-C,YGR040W,2.1682319129467942e-05
YDR261C-C,YDL216C,0.000569571740925312
YDR261C-C,YOL117W,0.0022630877792835236
YDR261C-C,YJR086W,0.0032633503433316946
YDR261C-C,YMR025W,1.0866487173188943e-05
YDR261C-C,YBR081C,0.0002163257304346189
YDR261C-C,YFL026W,8.53569963510381e-06
YDR261C-C,YHL007C,0.009725824929773808
YDR261C-C,YNR044W,0.0014005342964082956
YDR261C-C,YNL271C,0.003470680443570018
YDR261C-C,YDR200C,2.1603123968816362e-05
YDR261C-C,YKL178C,0.0001563407713547349
YDR261C-C,YOR212W,2.8000686143059283e-05
YDR261C-C,YOL111C,0.005936019588261843
YDR261C-C,YGL032C,5.049743776908144e-06
YDR261C-C,YHR005C,9.577114724379499e-06
YDR261C-C,YDR103W,0.00035603632568381727
YDR261C-C,YJR084W,0.0015103588812053204
YDR261C-C,YCL032W,6.86340790707618e-05
YDR261C-C,YJL170C,0.006768417544662952
YDR261C-C,YDR179C,0.00017332304560113698
YDR261C-C,YBR095C,0.0007418914465233684
YDR261C-C,YLL021W,0.0001560524251544848
YDR261C-C,YDL159W,0.0003249670844525099
YDR261C-C,YNL161W,0.001149920979514718
YDR261C-C,YNL188W,0.0032472352031618357
YDR261C-C,YJL157C,0.00664097722619772
YDR261C-C,YJL034W,0.010230006650090218
YDR261C-C,YLR238W,2.8133449632150587e-06
YDR261C-C,YPR141C,0.0008106391760520637
YDR261C-C,YNL127W,0.0039182016626000404
YDR261C-C,YCL055W,2.065670742013026e-05
YDR261C-C,YPR122W,0.0003063365293201059
YDR261C-C,YMR065W,0.0018141425680369139
YDR261C-C,YDR356W,0.0018215264426544309
YDR261C-C,YMR052W,3.3558626455487683e-06
YDR261C-C,YFR008W,0.00018196120799984783
YDR261C-C,YLL043W,0.0026537913363426924
YDR261C-C,YMR029C,0.00037328354665078223
YDR261C-C,YJR004C,0.0001318317517871037
YDR261C-C,YDL223C,0.0020357409957796335
YDR261C-C,YHR158C,0.00045515273814089596
YDR261C-C,YGR238C,0.0002020236715907231
YDR261C-C,YIL015W,0.006206449121236801
YDR261C-C,YGL173C,3.7720853924838593e-06
YDR261C-C,YDL225W,0.01854756288230419
YDR261C-C,YLR330W,0.03605024889111519
YDR261C-C,YBR129C,0.00021188435493968427
YDR261C-C,YKR095W-A,0.2020167112350464
YDR261C-C,YPR075C,0.0007952027954161167
YDR261C-C,YMR198W,5.262692866381258e-06
YDR261C-C,YOR127W,0.0015151117695495486
YDR261C-C,YDR264C,1.7938563132702257e-06
YDR261C-C,YLR110C,0.00038724642945453525
YDR261C-C,YDR379W,0.0031977545004338026
YDR261C-C,YDL100C,0.0005045991856604815
YDR261C-C,YHR073W,0.002978792879730463
YDR261C-C,YJR090C,0.001906214514747262
YDR261C-C,YOR208W,0.0051333485171198845
YDR261C-C,YBR040W,0.10377536714076996
YDR261C-C,YNL279W,0.0038210698403418064
YDR261C-C,YER075C,0.0003756544610951096
YDR261C-C,YCR089W,0.009685910306870937
YDR261C-C,YCR002C,0.0003038898576050997
YDR261C-C,YJL108C,0.004362870939075947
YDR261C-C,YBR200W,0.0005522283026948571
YDR261C-C,YIL026C,0.0009583894861862063
YDR261C-C,YJR076C,0.0004492098814807832
YDR261C-C,YKR031C,0.0005937616224400699
YDR261C-C,YPL192C,0.0005497248494066298
YDR261C-C,YHR107C,0.0002594920224510133
YDR261C-C,YIL037C,0.004188474267721176
YDR261C-C,YPL156C,0.006783381570130587
YDR261C-C,YIL117C,0.0008618531282991171
YDR261C-C,YHR066W,0.0018922979943454266
YDR261C-C,YML085C,0.002254297723993659
YDR261C-C,YML047C,0.00017665095219854265
YDR261C-C,YDR312W,0.01102736871689558
YDR261C-C,YFL037W,0.004717303439974785
YDR261C-C,YDL038C,0.2020167112350464
YDR261C-C,YDL039C,0.0006228523561730981
YDR261C-C,YCL027W,0.05935921519994736
YDR261C-C,YML124C,0.0006008613272570074
YDR261C-C,YGL053W,0.01624896749854088
YDR261C-C,YMR232W,0.001756887650117278
YDR261C-C,YNL298W,9.708550351206213e-05
YDR261C-C,YGL099W,0.00041857713949866593
YDR261C-C,YBL016W,0.0010246074525639415
YDR261C-C,YAL041W,0.0004993389011360705
YDR261C-C,YDR085C,0.0006342889973893762
YDR261C-C,YPL187W,0.09807886183261871
YDR261C-C,YPL256C,0.0008862835820764303
YDR261C-C,YDR461W,2.6738352971733548e-06
YDR261C-C,YNL145W,0.002485702047124505
YGL190C,YDL165W,0.00022100804198998958
YGL190C,YGR059W,1.0335618753742892e-05
YGL190C,YBR109C,1.0584785270495445e-09
YGL190C,YJL080C,0.9976859092712402
YGL190C,YCR093W,3.783968168136198e-06
YGL190C,YIL122W,2.1480843770405045e-06
YGL190C,YCL029C,7.966204066178761e-06
YGL190C,YNL173C,1.6824232318413124e-07
YGL190C,YLR452C,0.24827364087104797
YGL190C,YDL160C,8.424859743172419e-07
YGL190C,YLR229C,0.001087199430912733
YGL190C,YML057W,0.012294664047658443
YGL190C,YER149C,0.04809663072228432
YGL190C,YMR305C,0.0002750988642219454
YGL190C,YLR433C,0.9935077428817749
YGL190C,YJL073W,4.667758692587787e-13
YGL190C,YGR279C,1.347396505479992e-06
YGL190C,YKL190W,2.817227874596373e-11
YGL190C,YGL089C,0.0010832719272002578
YGL190C,YJL019W,1.064937805494992e-06
YGL190C,YJL018W,0.0003065559430979192
YGL190C,YNR032C-A,0.02303403429687023
YGL190C,YGL178W,0.8408825397491455
YGL190C,YKL116C,3.1384635803988203e-05
YGL190C,YDL214C,0.0003935512213502079
YGL190C,YLR362W,1.969594268302899e-05
YGL190C,YER068W,4.366453154602823e-08
YGL190C,YHR084W,0.06364563852548599
YGL190C,YDR392W,0.0036791693419218063
YGL190C,YNL053W,6.735301099070057e-07
YGL190C,YGR040W,1.49029153817537e-06
YGL190C,YDL216C,2.443515086270054e-06
YGL190C,YOL117W,1.2024259810061722e-08
YGL190C,YJR086W,8.941044143284671e-06
YGL190C,YMR025W,5.2592075659718684e-12
YGL190C,YBR081C,5.77144092517301e-08
YGL190C,YFL026W,4.546473519440042e-06
YGL190C,YHL007C,6.679248798491244e-08
YGL190C,YNR044W,0.6308383941650391
YGL190C,YNL271C,8.269454565557055e-10
YGL190C,YDR200C,0.014438635669648647
YGL190C,YKL178C,5.390826913753699e-07
YGL190C,YOR212W,1.473493375669932e-05
YGL190C,YOL111C,7.700652615572068e-12
YGL190C,YGL032C,3.1141595968620095e-08
YGL190C,YHR005C,1.1249036333538243e-06
YGL190C,YDR103W,5.841062011313625e-05
YGL190C,YJR084W,0.061429787427186966
YGL190C,YCL032W,0.00012576756125781685
YGL190C,YJL170C,1.999095218252478e-07
YGL190C,YDR179C,0.0011629482032731175
YGL190C,YBR095C,0.0003290297172497958
YGL190C,YLL021W,0.002609348390251398
YGL190C,YDL159W,1.6584158091942358e-12
YGL190C,YNL161W,3.7217805015643535e-07
YGL190C,YNL188W,6.508177552433381e-09
YGL190C,YJL157C,7.596681683708084e-08
YGL190C,YJL034W,4.1904883119059377e-07
YGL190C,YLR238W,1.4562654193639446e-08
YGL190C,YPR141C,7.810263014107477e-06
YGL190C,YNL127W,1.2625450551695394e-07
YGL190C,YCL055W,1.2079751286364626e-05
YGL190C,YPR122W,4.6551636501135363e-07
YGL190C,YMR065W,0.00017096780356951058
YGL190C,YDR356W,2.4819666577968746e-05
YGL190C,YMR052W,1.400477316337856e-07
YGL190C,YFR008W,1.8387319444812533e-10
YGL190C,YLL043W,2.0282655555092788e-07
YGL190C,YMR029C,7.98776877974916e-11
YGL190C,YJR004C,0.30403879284858704
YGL190C,YDL223C,4.3511064973245084e-07
YGL190C,YHR158C,1.2543853699753527e-05
YGL190C,YGR238C,1.3184904901208938e-07
YGL190C,YIL015W,1.6101341770990985e-06
YGL190C,YGL173C,3.7275373759859676e-12
YGL190C,YDL225W,2.0826102627324872e-05
YGL190C,YLR330W,8.310414756351747e-08
YGL190C,YBR129C,4.565651465782139e-07
YGL190C,YKR095W-A,0.2020167112350464
YGL190C,YPR075C,3.6449503137969685e-11
YGL190C,YMR198W,0.00010739000572357327
YGL190C,YOR127W,1.947212877051463e-11
YGL190C,YDR264C,9.102769094049279e-10
YGL190C,YLR110C,1.5143145418172743e-11
YGL190C,YDR379W,8.754432201385498e-06
YGL190C,YDL100C,0.018325919285416603
YGL190C,YHR073W,1.4557912209056667e-06
YGL190C,YJR090C,2.126050094375387e-05
YGL190C,YOR208W,2.855616401120642e-07
YGL190C,YBR040W,0.00045875742216594517
YGL190C,YNL279W,0.0028319722041487694
YGL190C,YER075C,4.994332170049631e-10
YGL190C,YCR089W,1.63643085215881e-06
YGL190C,YCR002C,2.05266781350133e-09
YGL190C,YJL108C,0.024061916396021843
YGL190C,YBR200W,1.1653204002616806e-15
YGL190C,YIL026C,0.00047130731400102377
YGL190C,YJR076C,5.137042592522068e-13
YGL190C,YKR031C,0.1488381326198578
YGL190C,YPL192C,1.7623839084990323e-05
YGL190C,YHR107C,1.3577891877503134e-07
YGL190C,YIL037C,0.0001892040017992258
YGL190C,YPL156C,7.574001870125358e-07
YGL190C,YIL117C,0.008660378865897655
YGL190C,YHR066W,5.380177192648716e-09
YGL190C,YML085C,0.0067482804879546165
YGL190C,YML047C,2.1680334612028673e-05
YGL190C,YDR312W,3.3883057767525315e-05
YGL190C,YFL037W,3.866220868076198e-05
YGL190C,YDL038C,0.2020167112350464
YGL190C,YDL039C,1.2529078421725116e-16
YGL190C,YCL027W,0.4769020676612854
YGL190C,YML124C,4.2971674929503934e-07
YGL190C,YGL053W,1.7694468112949835e-08
YGL190C,YMR232W,6.922641626605497e-11
YGL190C,YNL298W,2.3177221009973437e-05
YGL190C,YGL099W,3.7731143720520777e-07
YGL190C,YBL016W,8.935772044180168e-13
YGL190C,YAL041W,1.9757138943532482e-05
YGL190C,YDR085C,0.004495062865316868
YGL190C,YPL187W,0.0005120977875776589
YGL190C,YPL256C,3.163506698911078e-05
YGL190C,YDR461W,1.8183247808378593e-15
YGL190C,YNL145W,4.50776655586127e-12
YOL103W,YDL165W,1.6578182382431805e-08
YOL103W,YGR059W,6.171236854868312e-10
YOL103W,YBR109C,0.00012357390369288623
YOL103W,YJL080C,0.0257545355707407
YOL103W,YCR093W,0.000749085855204612
YOL103W,YIL122W,0.0450812466442585
YOL103W,YCL029C,2.512120893249925e-11
YOL103W,YNL173C,7.972882770657108e-11
YOL103W,YLR452C,0.9046152830123901
YOL103W,YDL160C,1.6274882000288926e-05
YOL103W,YLR229C,0.0002657289442140609
YOL103W,YML057W,2.7184311659350646e-12
YOL103W,YER149C,2.022283922542556e-07
YOL103W,YMR305C,6.51701157039497e-07
YOL103W,YLR433C,0.00020387786207720637
YOL103W,YJL073W,5.177634362918404e-11
YOL103W,YGR279C,5.644493285217322e-06
YOL103W,YKL190W,2.9109767981511103e-12
YOL103W,YGL089C,1.2202802679439628e-07
YOL103W,YJL019W,5.377994583000145e-08
YOL103W,YJL018W,0.00010491768625797704
YOL103W,YNR032C-A,0.3890690803527832
YOL103W,YGL178W,8.341820648638532e-05
YOL103W,YKL116C,1.361520935461158e-05
YOL103W,YDL214C,0.08331668376922607
YOL103W,YLR362W,9.429758085488515e-10
YOL103W,YER068W,6.029832206877472e-07
YOL103W,YHR084W,6.147067324491218e-05
YOL103W,YDR392W,3.7214380427030846e-05
YOL103W,YNL053W,3.093577788604307e-06
YOL103W,YGR040W,3.1055886211106554e-05
YOL103W,YDL216C,1.1547390386112966e-05
YOL103W,YOL117W,2.7454026962914213e-07
YOL103W,YJR086W,0.0001553136098664254
YOL103W,YMR025W,6.337605440442928e-10
YOL103W,YBR081C,0.0013553312746807933
YOL103W,YFL026W,0.00011480291868792847
YOL103W,YHL007C,3.470311260578285e-10
YOL103W,YNR044W,0.27970391511917114
YOL103W,YNL271C,0.017145607620477676
YOL103W,YDR200C,4.893815841455762e-08
YOL103W,YKL178C,1.6489832435173483e-14
YOL103W,YOR212W,5.876814157090848e-06
YOL103W,YOL111C,1.132242921642046e-08
YOL103W,YGL032C,9.282840338423193e-13
YOL103W,YHR005C,3.4589829738251865e-06
YOL103W,YDR103W,2.719603564571571e-08
YOL103W,YJR084W,4.551805432129186e-06
YOL103W,YCL032W,0.0010033141588792205
YOL103W,YJL170C,9.346826118417084e-06
YOL103W,YDR179C,0.00011383903620298952
YOL103W,YBR095C,3.489842370640872e-08
YOL103W,YLL021W,0.008872671984136105
YOL103W,YDL159W,2.579570723693081e-10
YOL103W,YNL161W,0.00016839307500049472
YOL103W,YNL188W,1.6664942847910424e-07
YOL103W,YJL157C,0.021757273003458977
YOL103W,YJL034W,5.195479869891592e-15
YOL103W,YLR238W,0.011826670728623867
YOL103W,YPR141C,0.9353854656219482
YOL103W,YNL127W,1.1172497593747721e-08
YOL103W,YCL055W,1.718836356611516e-14
YOL103W,YPR122W,0.7009260654449463
YOL103W,YMR065W,6.291692784543557e-07
YOL103W,YDR356W,0.0424911305308342
YOL103W,YMR052W,5.46016963198781e-07
YOL103W,YFR008W,0.0006047802744433284
YOL103W,YLL043W,1.6463754946016707e-05
YOL103W,YMR029C,0.0019692406058311462
YOL103W,YJR004C,7.933491086298261e-10
YOL103W,YDL223C,1.7268869736486328e-18
YOL103W,YHR158C,0.11338415741920471
YOL103W,YGR238C,9.003473877555734e-08
YOL103W,YIL015W,3.1018910249258624e-06
YOL103W,YGL173C,0.9153617024421692
YOL103W,YDL225W,8.27962232108348e-09
YOL103W,YLR330W,3.7804370549565647e-06
YOL103W,YBR129C,7.853834915749758e-09
YOL103W,YKR095W-A,0.2020167112350464
YOL103W,YPR075C,1.7164891730203635e-08
YOL103W,YMR198W,8.568257214847108e-10
YOL103W,YOR127W,9.841791325015947e-06
YOL103W,YDR264C,3.4331385450059315e-06
YOL103W,YLR110C,0.010111408308148384
YOL103W,YDR379W,1.1516734232941417e-08
YOL103W,YDL100C,1.6832849780712422e-07
YOL103W,YHR073W,6.650043848921428e-10
YOL103W,YJR090C,7.331414642042233e-11
YOL103W,YOR208W,2.3039167795779747e-10
YOL103W,YBR040W,1.1474579650894157e-06
YOL103W,YNL279W,4.86445969727356e-07
YOL103W,YER075C,3.4331957721178696e-08
YOL103W,YCR089W,3.6613545528751956e-10
YOL103W,YCR002C,3.595935140765505e-07
YOL103W,YJL108C,1.6775845779193332e-06
YOL103W,YBR200W,0.0023360459599643946
YOL103W,YIL026C,0.014019119553267956
YOL103W,YJR076C,0.8011661171913147
YOL103W,YKR031C,9.051079359778669e-06
YOL103W,YPL192C,4.136802012055796e-09
YOL103W,YHR107C,0.02691272273659706
YOL103W,YIL037C,9.59590124693932e-06
YOL103W,YPL156C,4.629767055841505e-12
YOL103W,YIL117C,2.9589321986524253e-13
YOL103W,YHR066W,5.92837072293205e-14
YOL103W,YML085C,8.98388825589791e-05
YOL103W,YML047C,1.3623616723634768e-06
YOL103W,YDR312W,5.5715112523557764e-08
YOL103W,YFL037W,0.00018925074255093932
YOL103W,YDL038C,0.2020167112350464
YOL103W,YDL039C,1.2763871737320187e-08
YOL103W,YCL027W,6.620277304136835e-07
YOL103W,YML124C,0.000127457533380948
YOL103W,YGL053W,6.715534239809529e-10
YOL103W,YMR232W,9.231781916696491e-08
YOL103W,YNL298W,2.012490440961301e-08
YOL103W,YGL099W,0.0001531329471617937
YOL103W,YBL016W,3.260275871398309e-16
YOL103W,YAL041W,2.728077141966878e-08
YOL103W,YDR085C,1.30843263832503e-05
YOL103W,YPL187W,2.2566726443074003e-07
YOL103W,YPL256C,2.6085806847930826e-09
YOL103W,YDR461W,1.2527240529636163e-12
YOL103W,YNL145W,1.61141997523373e-06
YMR093W,YDL165W,0.23944656550884247
YMR093W,YGR059W,1.5423046173523858e-10
YMR093W,YBR109C,1.3988396858621854e-06
YMR093W,YJL080C,1.0266328898111965e-09
YMR093W,YCR093W,0.9744538068771362
YMR093W,YIL122W,0.0002783468517009169
YMR093W,YCL029C,2.1707518595148745e-12
YMR093W,YNL173C,4.8855247104795385e-12
YMR093W,YLR452C,0.9727885723114014
YMR093W,YDL160C,0.9919120073318481
YMR093W,YLR229C,1.0993399940373294e-10
YMR093W,YML057W,5.01464736402113e-09
YMR093W,YER149C,0.00022054958390071988
YMR093W,YMR305C,5.372084501686913e-07
YMR093W,YLR433C,1.1877401107085461e-07
YMR093W,YJL073W,9.898470696750097e-17
YMR093W,YGR279C,0.014590509235858917
YMR093W,YKL190W,0.683791995048523
YMR093W,YGL089C,0.49474242329597473
YMR093W,YJL019W,2.4506773570465157e-06
YMR093W,YJL018W,0.00014282450138125569
YMR093W,YNR032C-A,0.9660738110542297
YMR093W,YGL178W,3.703625184314774e-09
YMR093W,YKL116C,2.0255708731414107e-13
YMR093W,YDL214C,0.4333418905735016
YMR093W,YLR362W,1.2028317541989964e-06
YMR093W,YER068W,1.443953151492039e-10
YMR093W,YHR084W,2.1912968672672256e-13
YMR093W,YDR392W,2.802357994369231e-05
YMR093W,YNL053W,8.99825226952089e-06
YMR093W,YGR040W,0.08293589949607849
YMR093W,YDL216C,3.2387715691584162e-06
YMR093W,YOL117W,5.715878701476268e-15
YMR093W,YJR086W,3.7342063023970695e-06
YMR093W,YMR025W,8.372397815037402e-07
YMR093W,YBR081C,0.9539992809295654
YMR093W,YFL026W,0.003425375558435917
YMR093W,YHL007C,8.683385260832566e-11
YMR093W,YNR044W,0.7258611917495728
YMR093W,YNL271C,0.0018675962928682566
YMR093W,YDR200C,7.297656923199725e-10
YMR093W,YKL178C,0.2670378088951111
YMR093W,YOR212W,0.01320431288331747
YMR093W,YOL111C,1.776820184040684e-11
YMR093W,YGL032C,1.5111478420589547e-13
YMR093W,YHR005C,0.9998995065689087
YMR093W,YDR103W,5.2391424105735496e-06
YMR093W,YJR084W,8.044869659329379e-09
YMR093W,YCL032W,8.106454174594546e-08
YMR093W,YJL170C,0.000662054808344692
YMR093W,YDR179C,5.866577191858478e-16
YMR093W,YBR095C,0.1510191410779953
YMR093W,YLL021W,0.8218929171562195
YMR093W,YDL159W,7.143500457829077e-09
YMR093W,YNL161W,8.436165899183834e-08
YMR093W,YNL188W,6.690166628686711e-05
YMR093W,YJL157C,4.739987902505592e-14
YMR093W,YJL034W,2.1592387867372273e-16
YMR093W,YLR238W,2.4214019678225895e-10
YMR093W,YPR141C,0.16205935180187225
YMR093W,YNL127W,0.9952387809753418
YMR093W,YCL055W,0.661177396774292
YMR093W,YPR122W,0.002622016938403249
YMR093W,YMR065W,0.000988663756288588
YMR093W,YDR356W,1.0024690709542483e-05
YMR093W,YMR052W,0.0005418107029981911
YMR093W,YFR008W,6.368042522808537e-05
YMR093W,YLL043W,2.7154446797794662e-06
YMR093W,YMR029C,6.419824671866081e-07
YMR093W,YJR004C,3.0584818011547554e-10
YMR093W,YDL223C,1.899574652547367e-19
YMR093W,YHR158C,0.9999305009841919
YMR093W,YGR238C,1.1248310903587758e-13
YMR093W,YIL015W,0.8968489170074463
YMR093W,YGL173C,0.9949476718902588
YMR093W,YDL225W,2.6049473689226943e-08
YMR093W,YLR330W,1.0021068955133928e-17
YMR093W,YBR129C,1.1101336738761347e-08
YMR093W,YKR095W-A,0.2020167112350464
YMR093W,YPR075C,2.9725535569014028e-05
YMR093W,YMR198W,0.162032350897789
YMR093W,YOR127W,0.3306618332862854
YMR093W,YDR264C,0.9530284404754639
YMR093W,YLR110C,0.0008331373683176935
YMR093W,YDR379W,0.0009742354159243405
YMR093W,YDL100C,2.9708673021655585e-11
YMR093W,YHR073W,2.422996699114055e-13
YMR093W,YJR090C,4.019588915188388e-12
YMR093W,YOR208W,6.767378636141075e-06
YMR093W,YBR040W,0.004734645131975412
YMR093W,YNL279W,1.0454778021085076e-05
YMR093W,YER075C,3.3003844102097446e-10
YMR093W,YCR089W,4.483108568820171e-06
YMR093W,YCR002C,4.4159414755995385e-06
YMR093W,YJL108C,0.06458886712789536
YMR093W,YBR200W,5.784830947597186e-12
YMR093W,YIL026C,6.283388387373634e-08
YMR093W,YJR076C,0.0006509042577818036
YMR093W,YKR031C,4.768376129504759e-07
YMR093W,YPL192C,2.166040458106977e-09
YMR093W,YHR107C,0.003787049325183034
YMR093W,YIL037C,0.00356251560151577
YMR093W,YPL156C,0.0011542756110429764
YMR093W,YIL117C,0.01610403135418892
YMR093W,YHR066W,9.567264668842084e-21
YMR093W,YML085C,0.0003511937684379518
YMR093W,YML047C,0.8746644258499146
YMR093W,YDR312W,0.01190809067338705
YMR093W,YFL037W,0.6466197967529297
YMR093W,YDL038C,0.2020167112350464
YMR093W,YDL039C,4.058505851389782e-07
YMR093W,YCL027W,1.8212964278063737e-05
YMR093W,YML124C,6.198220603437221e-08
YMR093W,YGL053W,2.5475610954117656e-08
YMR093W,YMR232W,3.015488553304024e-11
YMR093W,YNL298W,0.9960098266601562
YMR093W,YGL099W,4.773055886786665e-18
YMR093W,YBL016W,1.5907420779920356e-12
YMR093W,YAL041W,9.249598224414513e-05
YMR093W,YDR085C,1.5852135959448788e-07
YMR093W,YPL187W,7.561806181222153e-10
YMR093W,YPL256C,3.0730433753234365e-09
YMR093W,YDR461W,1.5918347529009225e-08
YMR093W,YNL145W,0.03228212893009186
tF(GAA)D,YDL165W,0.2020167112350464
tF(GAA)D,YGR059W,0.2020167112350464
tF(GAA)D,YBR109C,0.2020167112350464
tF(GAA)D,YJL080C,0.2020167112350464
tF(GAA)D,YCR093W,0.2020167112350464
tF(GAA)D,YIL122W,0.2020167112350464
tF(GAA)D,YCL029C,0.2020167112350464
tF(GAA)D,YNL173C,0.2020167112350464
tF(GAA)D,YLR452C,0.2020167112350464
tF(GAA)D,YDL160C,0.2020167112350464
tF(GAA)D,YLR229C,0.2020167112350464
tF(GAA)D,YML057W,0.2020167112350464
tF(GAA)D,YER149C,0.2020167112350464
tF(GAA)D,YMR305C,0.2020167112350464
tF(GAA)D,YLR433C,0.2020167112350464
tF(GAA)D,YJL073W,0.2020167112350464
tF(GAA)D,YGR279C,0.2020167112350464
tF(GAA)D,YKL190W,0.2020167112350464
tF(GAA)D,YGL089C,0.2020167112350464
tF(GAA)D,YJL019W,0.2020167112350464
tF(GAA)D,YJL018W,0.2020167112350464
tF(GAA)D,YNR032C-A,0.2020167112350464
tF(GAA)D,YGL178W,0.2020167112350464
tF(GAA)D,YKL116C,0.2020167112350464
tF(GAA)D,YDL214C,0.2020167112350464
tF(GAA)D,YLR362W,0.2020167112350464
tF(GAA)D,YER068W,0.2020167112350464
tF(GAA)D,YHR084W,0.2020167112350464
tF(GAA)D,YDR392W,0.2020167112350464
tF(GAA)D,YNL053W,0.2020167112350464
tF(GAA)D,YGR040W,0.2020167112350464
tF(GAA)D,YDL216C,0.2020167112350464
tF(GAA)D,YOL117W,0.2020167112350464
tF(GAA)D,YJR086W,0.2020167112350464
tF(GAA)D,YMR025W,0.2020167112350464
tF(GAA)D,YBR081C,0.2020167112350464
tF(GAA)D,YFL026W,0.2020167112350464
tF(GAA)D,YHL007C,0.2020167112350464
tF(GAA)D,YNR044W,0.2020167112350464
tF(GAA)D,YNL271C,0.2020167112350464
tF(GAA)D,YDR200C,0.2020167112350464
tF(GAA)D,YKL178C,0.2020167112350464
tF(GAA)D,YOR212W,0.2020167112350464
tF(GAA)D,YOL111C,0.2020167112350464
tF(GAA)D,YGL032C,0.2020167112350464
tF(GAA)D,YHR005C,0.2020167112350464
tF(GAA)D,YDR103W,0.2020167112350464
tF(GAA)D,YJR084W,0.2020167112350464
tF(GAA)D,YCL032W,0.2020167112350464
tF(GAA)D,YJL170C,0.2020167112350464
tF(GAA)D,YDR179C,0.2020167112350464
tF(GAA)D,YBR095C,0.2020167112350464
tF(GAA)D,YLL021W,0.2020167112350464
tF(GAA)D,YDL159W,0.2020167112350464
tF(GAA)D,YNL161W,0.2020167112350464
tF(GAA)D,YNL188W,0.2020167112350464
tF(GAA)D,YJL157C,0.2020167112350464
tF(GAA)D,YJL034W,0.2020167112350464
tF(GAA)D,YLR238W,0.2020167112350464
tF(GAA)D,YPR141C,0.2020167112350464
tF(GAA)D,YNL127W,0.2020167112350464
tF(GAA)D,YCL055W,0.2020167112350464
tF(GAA)D,YPR122W,0.2020167112350464
tF(GAA)D,YMR065W,0.2020167112350464
tF(GAA)D,YDR356W,0.2020167112350464
tF(GAA)D,YMR052W,0.2020167112350464
tF(GAA)D,YFR008W,0.2020167112350464
tF(GAA)D,YLL043W,0.2020167112350464
tF(GAA)D,YMR029C,0.2020167112350464
tF(GAA)D,YJR004C,0.2020167112350464
tF(GAA)D,YDL223C,0.2020167112350464
tF(GAA)D,YHR158C,0.2020167112350464
tF(GAA)D,YGR238C,0.2020167112350464
tF(GAA)D,YIL015W,0.2020167112350464
tF(GAA)D,YGL173C,0.2020167112350464
tF(GAA)D,YDL225W,0.2020167112350464
tF(GAA)D,YLR330W,0.2020167112350464
tF(GAA)D,YBR129C,0.2020167112350464
tF(GAA)D,YKR095W-A,0.2020167112350464
tF(GAA)D,YPR075C,0.2020167112350464
tF(GAA)D,YMR198W,0.2020167112350464
tF(GAA)D,YOR127W,0.2020167112350464
tF(GAA)D,YDR264C,0.2020167112350464
tF(GAA)D,YLR110C,0.2020167112350464
tF(GAA)D,YDR379W,0.2020167112350464
tF(GAA)D,YDL100C,0.2020167112350464
tF(GAA)D,YHR073W,0.2020167112350464
tF(GAA)D,YJR090C,0.2020167112350464
tF(GAA)D,YOR208W,0.2020167112350464
tF(GAA)D,YBR040W,0.2020167112350464
tF(GAA)D,YNL279W,0.2020167112350464
tF(GAA)D,YER075C,0.2020167112350464
tF(GAA)D,YCR089W,0.2020167112350464
tF(GAA)D,YCR002C,0.2020167112350464
tF(GAA)D,YJL108C,0.2020167112350464
tF(GAA)D,YBR200W,0.2020167112350464
tF(GAA)D,YIL026C,0.2020167112350464
tF(GAA)D,YJR076C,0.2020167112350464
tF(GAA)D,YKR031C,0.2020167112350464
tF(GAA)D,YPL192C,0.2020167112350464
tF(GAA)D,YHR107C,0.2020167112350464
tF(GAA)D,YIL037C,0.2020167112350464
tF(GAA)D,YPL156C,0.2020167112350464
tF(GAA)D,YIL117C,0.2020167112350464
tF(GAA)D,YHR066W,0.2020167112350464
tF(GAA)D,YML085C,0.2020167112350464
tF(GAA)D,YML047C,0.2020167112350464
tF(GAA)D,YDR312W,0.2020167112350464
tF(GAA)D,YFL037W,0.2020167112350464
tF(GAA)D,YDL038C,0.2020167112350464
tF(GAA)D,YDL039C,0.2020167112350464
tF(GAA)D,YCL027W,0.2020167112350464
tF(GAA)D,YML124C,0.2020167112350464
tF(GAA)D,YGL053W,0.2020167112350464
tF(GAA)D,YMR232W,0.2020167112350464
tF(GAA)D,YNL298W,0.2020167112350464
tF(GAA)D,YGL099W,0.2020167112350464
tF(GAA)D,YBL016W,0.2020167112350464
tF(GAA)D,YAL041W,0.2020167112350464
tF(GAA)D,YDR085C,0.2020167112350464
tF(GAA)D,YPL187W,0.2020167112350464
tF(GAA)D,YPL256C,0.2020167112350464
tF(GAA)D,YDR461W,0.2020167112350464
tF(GAA)D,YNL145W,0.2020167112350464
YPR066W,YDL165W,6.76363631768595e-10
YPR066W,YGR059W,4.391023722405407e-08
YPR066W,YBR109C,2.37327185459435e-06
YPR066W,YJL080C,5.5086725296860095e-06
YPR066W,YCR093W,0.0017284521600231528
YPR066W,YIL122W,2.6642442207958084e-07
YPR066W,YCL029C,6.594792073544298e-11
YPR066W,YNL173C,3.5997671510301643e-10
YPR066W,YLR452C,0.9969051480293274
YPR066W,YDL160C,0.15407009422779083
YPR066W,YLR229C,1.3878043318982236e-06
YPR066W,YML057W,1.8330757051154833e-11
YPR066W,YER149C,0.00044954483746550977
YPR066W,YMR305C,7.605909195262939e-05
YPR066W,YLR433C,0.9925417900085449
YPR066W,YJL073W,1.8819039269146742e-06
YPR066W,YGR279C,1.9112756888262084e-07
YPR066W,YKL190W,5.665687695000088e-06
YPR066W,YGL089C,0.5283333659172058
YPR066W,YJL019W,0.002436382696032524
YPR066W,YJL018W,0.0001857653696788475
YPR066W,YNR032C-A,0.0047120945528149605
YPR066W,YGL178W,0.09202668815851212
YPR066W,YKL116C,0.0002059659454971552
YPR066W,YDL214C,9.243531167157926e-07
YPR066W,YLR362W,1.361312729208919e-10
YPR066W,YER068W,2.3886892464020093e-11
YPR066W,YHR084W,0.0016885671066120267
YPR066W,YDR392W,1.5269342839019373e-05
YPR066W,YNL053W,0.04548752307891846
YPR066W,YGR040W,0.4790714383125305
YPR066W,YDL216C,5.060963204073232e-08
YPR066W,YOL117W,1.943153371541939e-08
YPR066W,YJR086W,3.0225262435124023e-06
YPR066W,YMR025W,0.04463440552353859
YPR066W,YBR081C,1.569917742472171e-07
YPR066W,YFL026W,0.9999979734420776
YPR066W,YHL007C,0.0005611111992038786
YPR066W,YNR044W,0.8796910643577576
YPR066W,YNL271C,0.3289016783237457
YPR066W,YDR200C,2.9942360924906097e-05
YPR066W,YKL178C,1.5944806364132091e-07
YPR066W,YOR212W,3.026411468454171e-05
YPR066W,YOL111C,6.0014149205755984e-09
YPR066W,YGL032C,0.0014195531839504838
YPR066W,YHR005C,0.5978685617446899
YPR066W,YDR103W,0.0012526636710390449
YPR066W,YJR084W,0.07252119481563568
YPR066W,YCL032W,0.0009606209932826459
YPR066W,YJL170C,4.985584837413626e-06
YPR066W,YDR179C,8.713020305251007e-10
YPR066W,YBR095C,0.003712201490998268
YPR066W,YLL021W,0.5804020166397095
YPR066W,YDL159W,0.0003484530607238412
YPR066W,YNL161W,2.7074776880908757e-05
YPR066W,YNL188W,2.425284947094042e-05
YPR066W,YJL157C,0.0006798976683057845
YPR066W,YJL034W,9.857746570255971e-15
YPR066W,YLR238W,1.0677939826564398e-05
YPR066W,YPR141C,0.49358052015304565
YPR066W,YNL127W,5.685693395207636e-06
YPR066W,YCL055W,0.22717498242855072
YPR066W,YPR122W,0.004658226389437914
YPR066W,YMR065W,5.737172958930614e-09
YPR066W,YDR356W,7.367535914681866e-08
YPR066W,YMR052W,2.2001229638135555e-07
YPR066W,YFR008W,0.00266869249753654
YPR066W,YLL043W,0.0027145168278366327
YPR066W,YMR029C,3.7881889625168697e-07
YPR066W,YJR004C,7.84169060352724e-07
YPR066W,YDL223C,5.148523751427603e-15
YPR066W,YHR158C,0.0006690809968858957
YPR066W,YGR238C,1.951668855326716e-05
YPR066W,YIL015W,0.9528023600578308
YPR066W,YGL173C,0.0024354441557079554
YPR066W,YDL225W,7.88549459684873e-06
YPR066W,YLR330W,0.0002373035968048498
YPR066W,YBR129C,1.6302188896588632e-06
YPR066W,YKR095W-A,0.2020167112350464
YPR066W,YPR075C,3.1644433167582475e-12
YPR066W,YMR198W,8.370962234494073e-08
YPR066W,YOR127W,0.05184644088149071
YPR066W,YDR264C,1.7820497077991604e-08
YPR066W,YLR110C,4.62370031151238e-10
YPR066W,YDR379W,3.757898170420049e-08
YPR066W,YDL100C,0.3023945093154907
YPR066W,YHR073W,0.0033212879206985235
YPR066W,YJR090C,1.246922981534837e-10
YPR066W,YOR208W,2.5951232274223912e-08
YPR066W,YBR040W,6.283896073000506e-05
YPR066W,YNL279W,0.8516430854797363
YPR066W,YER075C,1.908186817445312e-07
YPR066W,YCR089W,8.852735481923446e-05
YPR066W,YCR002C,1.1850794408019283e-06
YPR066W,YJL108C,4.634242577594705e-05
YPR066W,YBR200W,0.005185071844607592
YPR066W,YIL026C,5.836521804053474e-12
YPR066W,YJR076C,0.0002733166911639273
YPR066W,YKR031C,0.03283487260341644
YPR066W,YPL192C,9.604805200069677e-07
YPR066W,YHR107C,0.0010014981962740421
YPR066W,YIL037C,0.4070073068141937
YPR066W,YPL156C,1.58917643489076e-07
YPR066W,YIL117C,6.216053589014336e-05
YPR066W,YHR066W,1.5696227954539732e-13
YPR066W,YML085C,2.114635572070256e-05
YPR066W,YML047C,0.38542088866233826
YPR066W,YDR312W,1.3887519401123427e-07
YPR066W,YFL037W,5.251367838354781e-06
YPR066W,YDL038C,0.2020167112350464
YPR066W,YDL039C,1.4053260883883922e-06
YPR066W,YCL027W,0.0006874324171803892
YPR066W,YML124C,0.0014327098615467548
YPR066W,YGL053W,1.2012544630124466e-06
YPR066W,YMR232W,0.00920819491147995
YPR066W,YNL298W,0.0075897653587162495
YPR066W,YGL099W,0.0002983834419865161
YPR066W,YBL016W,0.6516953110694885
YPR066W,YAL041W,0.9958568215370178
YPR066W,YDR085C,0.0034963591024279594
YPR066W,YPL187W,0.004567943513393402
YPR066W,YPL256C,1.6414152241850388e-06
YPR066W,YDR461W,0.0015140078030526638
YPR066W,YNL145W,3.9208072166729835e-07
YPR168W,YDL165W,1.3023729872330136e-09
YPR168W,YGR059W,7.15946607554585e-11
YPR168W,YBR109C,7.287474512729375e-10
YPR168W,YJL080C,0.005736077204346657
YPR168W,YCR093W,1.917157987918472e-09
YPR168W,YIL122W,8.706013687742598e-09
YPR168W,YCL029C,1.4260061013959824e-11
YPR168W,YNL173C,1.6954813109038014e-09
YPR168W,YLR452C,0.00548626109957695
YPR168W,YDL160C,6.444933120519636e-08
YPR168W,YLR229C,7.3121816967614e-05
YPR168W,YML057W,1.6881337439045296e-09
YPR168W,YER149C,5.537262040888891e-06
YPR168W,YMR305C,6.88071821741687e-10
YPR168W,YLR433C,2.7130681701237336e-06
YPR168W,YJL073W,6.138378139119993e-10
YPR168W,YGR279C,1.2545017398224445e-06
YPR168W,YKL190W,1.2894298476173738e-11
YPR168W,YGL089C,0.00363926705904305
YPR168W,YJL019W,0.00017879494407679886
YPR168W,YJL018W,0.2020167112350464
YPR168W,YNR032C-A,0.00017135556845460087
YPR168W,YGL178W,2.917619568165719e-08
YPR168W,YKL116C,6.975126726205261e-11
YPR168W,YDL214C,1.2226561429962146e-10
YPR168W,YLR362W,3.474354670629509e-08
YPR168W,YER068W,0.012849605642259121
YPR168W,YHR084W,7.909541750450444e-07
YPR168W,YDR392W,0.00031346757896244526
YPR168W,YNL053W,2.8235178084479173e-10
YPR168W,YGR040W,6.830008086877726e-11
YPR168W,YDL216C,1.0401559171271946e-13
YPR168W,YOL117W,5.12929831941733e-09
YPR168W,YJR086W,1.1595442401812761e-06
YPR168W,YMR025W,0.010495387949049473
YPR168W,YBR081C,1.5952350388998698e-13
YPR168W,YFL026W,1.627514575375244e-05
YPR168W,YHL007C,0.9975836277008057
YPR168W,YNR044W,0.00028030798421241343
YPR168W,YNL271C,0.0010383258340880275
YPR168W,YDR200C,5.034726655139821e-06
YPR168W,YKL178C,0.0070589808747172356
YPR168W,YOR212W,6.678505087620579e-06
YPR168W,YOL111C,1.477739371841258e-13
YPR168W,YGL032C,2.9476991585397627e-06
YPR168W,YHR005C,0.0295961182564497
YPR168W,YDR103W,4.44973811681848e-05
YPR168W,YJR084W,1.4215735255618256e-08
YPR168W,YCL032W,7.837608109184657e-07
YPR168W,YJL170C,4.5373287349548264e-08
YPR168W,YDR179C,2.755245203267965e-14
YPR168W,YBR095C,1.6171679106946613e-08
YPR168W,YLL021W,1.546941007291025e-06
YPR168W,YDL159W,1.841807488744962e-07
YPR168W,YNL161W,0.03356675058603287
YPR168W,YNL188W,0.0024677119217813015
YPR168W,YJL157C,5.383770318445613e-09
YPR168W,YJL034W,5.682501452893007e-13
YPR168W,YLR238W,7.666243817538998e-08
YPR168W,YPR141C,0.00011053556954720989
YPR168W,YNL127W,3.2205564366449835e-06
YPR168W,YCL055W,2.2460180937322605e-10
YPR168W,YPR122W,5.94796147197485e-05
YPR168W,YMR065W,3.444333174229541e-08
YPR168W,YDR356W,0.012970429845154285
YPR168W,YMR052W,1.1958276445511729e-05
YPR168W,YFR008W,3.667942962692905e-07
YPR168W,YLL043W,1.356013856756988e-09
YPR168W,YMR029C,1.0183410559250206e-08
YPR168W,YJR004C,2.409245780654601e-06
YPR168W,YDL223C,2.004197690783343e-15
YPR168W,YHR158C,1.3855000361218117e-05
YPR168W,YGR238C,5.255887117527891e-06
YPR168W,YIL015W,0.00022470969997812063
YPR168W,YGL173C,3.3991009863201594e-37
YPR168W,YDL225W,1.628380960028153e-05
YPR168W,YLR330W,8.258775778813288e-05
YPR168W,YBR129C,6.489693987532519e-06
YPR168W,YKR095W-A,0.2020167112350464
YPR168W,YPR075C,1.4712338292088845e-10
YPR168W,YMR198W,0.0029279524460434914
YPR168W,YOR127W,1.8600305338623002e-05
YPR168W,YDR264C,2.4238717699631707e-08
YPR168W,YLR110C,9.835617674980313e-06
YPR168W,YDR379W,1.3139359822389451e-08
YPR168W,YDL100C,2.1158033278959737e-13
YPR168W,YHR073W,0.009970019571483135
YPR168W,YJR090C,0.09382909536361694
YPR168W,YOR208W,6.248394596869433e-12
YPR168W,YBR040W,0.0011626973282545805
YPR168W,YNL279W,9.33692354010418e-05
YPR168W,YER075C,0.2107110172510147
YPR168W,YCR089W,8.47455594339408e-05
YPR168W,YCR002C,5.9530329110657476e-08
YPR168W,YJL108C,3.9442587876692414e-05
YPR168W,YBR200W,0.0008049492025747895
YPR168W,YIL026C,1.704127839730063e-06
YPR168W,YJR076C,6.269776520184678e-08
YPR168W,YKR031C,1.3176201463238613e-08
YPR168W,YPL192C,5.517542867039538e-09
YPR168W,YHR107C,5.7190836741938256e-06
YPR168W,YIL037C,0.0024670721031725407
YPR168W,YPL156C,1.2029972573657233e-08
YPR168W,YIL117C,1.2718996689198292e-10
YPR168W,YHR066W,2.241398711078091e-08
YPR168W,YML085C,1.2878604138677474e-07
YPR168W,YML047C,0.5103684663772583
YPR168W,YDR312W,9.552904884913005e-06
YPR168W,YFL037W,2.4952818478141126e-08
YPR168W,YDL038C,0.2020167112350464
YPR168W,YDL039C,3.4663810314977325e-14
YPR168W,YCL027W,7.465134694939479e-05
YPR168W,YML124C,6.261832025122871e-11
YPR168W,YGL053W,4.070898285135627e-08
YPR168W,YMR232W,3.464324436208699e-06
YPR168W,YNL298W,1.950310917209208e-07
YPR168W,YGL099W,2.7138620239952616e-08
YPR168W,YBL016W,1.6797554280856275e-06
YPR168W,YAL041W,0.001308324048295617
YPR168W,YDR085C,2.4287160158564802e-06
YPR168W,YPL187W,2.4717833184695337e-06
YPR168W,YPL256C,1.303221506404606e-11
YPR168W,YDR461W,5.372024233935397e-17
YPR168W,YNL145W,0.02286858856678009
YJL113W,YDL165W,9.439555981316516e-08
YJL113W,YGR059W,2.2125827645741447e-12
YJL113W,YBR109C,0.0006764118443243206
YJL113W,YJL080C,7.71168407452151e-14
YJL113W,YCR093W,3.027313816295063e-11
YJL113W,YIL122W,8.715982602325312e-09
YJL113W,YCL029C,1.0760446353397235e-11
YJL113W,YNL173C,1.4630213273497672e-13
YJL113W,YLR452C,1.86907844756945e-09
YJL113W,YDL160C,1.0765690603875555e-05
YJL113W,YLR229C,5.006897513306079e-16
YJL113W,YML057W,1.1258469385211356e-05
YJL113W,YER149C,0.924265444278717
YJL113W,YMR305C,1.384474201948649e-09
YJL113W,YLR433C,4.8414737496838e-11
YJL113W,YJL073W,6.274112092796713e-05
YJL113W,YGR279C,0.0004884436493739486
YJL113W,YKL190W,1.4947281190558215e-09
YJL113W,YGL089C,1.187429552373942e-05
YJL113W,YJL019W,0.0001489291898906231
YJL113W,YJL018W,0.2020167112350464
YJL113W,YNR032C-A,1.5865121895330958e-05
YJL113W,YGL178W,0.00013550851144827902
YJL113W,YKL116C,4.0620146677695923e-13
YJL113W,YDL214C,6.8609683694376145e-06
YJL113W,YLR362W,6.475209433855385e-15
YJL113W,YER068W,2.8260163306703667e-11
YJL113W,YHR084W,8.164182645487017e-07
YJL113W,YDR392W,2.367209390286007e-06
YJL113W,YNL053W,1.1685963272611843e-06
YJL113W,YGR040W,0.06909406185150146
YJL113W,YDL216C,4.2950160095145407e-10
YJL113W,YOL117W,1.4113309410035413e-09
YJL113W,YJR086W,0.00011080974945798516
YJL113W,YMR025W,0.0016420651227235794
YJL113W,YBR081C,9.032721095536544e-07
YJL113W,YFL026W,7.216950592692228e-08
YJL113W,YHL007C,9.849102783343611e-11
YJL113W,YNR044W,6.913988270795812e-10
YJL113W,YNL271C,3.221486410964758e-09
YJL113W,YDR200C,6.535366692261846e-10
YJL113W,YKL178C,8.473474144565785e-10
YJL113W,YOR212W,2.5704312633934023e-07
YJL113W,YOL111C,8.598216028055106e-10
YJL113W,YGL032C,5.328819270289387e-07
YJL113W,YHR005C,2.181644621901402e-11
YJL113W,YDR103W,1.2136734994783183e-06
YJL113W,YJR084W,3.8039976724135727e-10
YJL113W,YCL032W,4.067824193043634e-05
YJL113W,YJL170C,2.568632453403552e-07
YJL113W,YDR179C,7.429860615637551e-10
YJL113W,YBR095C,5.2533214329741895e-06
YJL113W,YLL021W,1.7621859171867982e-07
YJL113W,YDL159W,7.507905755432809e-12
YJL113W,YNL161W,8.777463733622426e-08
YJL113W,YNL188W,1.4608380297431722e-05
YJL113W,YJL157C,6.194190559777324e-12
YJL113W,YJL034W,7.796339684951192e-10
YJL113W,YLR238W,2.480158627804485e-06
YJL113W,YPR141C,1.3413592796496232e-06
YJL113W,YNL127W,1.8563821413408732e-07
YJL113W,YCL055W,1.6847762334543104e-12
YJL113W,YPR122W,1.833810187035212e-11
YJL113W,YMR065W,2.4646388396831753e-07
YJL113W,YDR356W,7.591757457703352e-05
YJL113W,YMR052W,2.6840256239779592e-08
YJL113W,YFR008W,1.1148596712473591e-07
YJL113W,YLL043W,1.0268674105473607e-10
YJL113W,YMR029C,5.61146691779868e-07
YJL113W,YJR004C,2.0955640138708986e-05
YJL113W,YDL223C,1.0675607967081113e-11
YJL113W,YHR158C,8.052026601035323e-08
YJL113W,YGR238C,5.490500054605718e-09
YJL113W,YIL015W,2.396591526121483e-06
YJL113W,YGL173C,2.813616333585833e-28
YJL113W,YDL225W,2.031925916412547e-08
YJL113W,YLR330W,1.69388442827767e-07
YJL113W,YBR129C,1.5252741292215433e-08
YJL113W,YKR095W-A,0.2020167112350464
YJL113W,YPR075C,5.608601148614223e-13
YJL113W,YMR198W,3.2251874504396483e-09
YJL113W,YOR127W,4.200587397917843e-07
YJL113W,YDR264C,1.115750455937814e-05
YJL113W,YLR110C,3.0232514408590205e-11
YJL113W,YDR379W,6.019450182748187e-08
YJL113W,YDL100C,1.3655055681738304e-06
YJL113W,YHR073W,2.150097088815528e-06
YJL113W,YJR090C,8.900284456103691e-07
YJL113W,YOR208W,7.001164981090824e-09
YJL113W,YBR040W,0.04606261104345322
YJL113W,YNL279W,0.008038543164730072
YJL113W,YER075C,5.24908455190598e-06
YJL113W,YCR089W,0.00029188275220803916
YJL113W,YCR002C,2.2548461231508554e-07
YJL113W,YJL108C,1.789486668712925e-05
YJL113W,YBR200W,5.1342144757882124e-08
YJL113W,YIL026C,8.16076362042395e-09
YJL113W,YJR076C,5.792860288678092e-11
YJL113W,YKR031C,0.0005503403372131288
YJL113W,YPL192C,5.244441126706079e-06
YJL113W,YHR107C,6.01059924054681e-10
YJL113W,YIL037C,0.0009378443355672061
YJL113W,YPL156C,8.073654953477671e-07
YJL113W,YIL117C,0.016088465228676796
YJL113W,YHR066W,1.9925736061132682e-10
YJL113W,YML085C,1.6933012355154669e-15
YJL113W,YML047C,5.591925287262711e-07
YJL113W,YDR312W,0.0005380076472647488
YJL113W,YFL037W,1.059761206199071e-13
YJL113W,YDL038C,0.2020167112350464
YJL113W,YDL039C,8.915361782158016e-09
YJL113W,YCL027W,1.6590384621650855e-09
YJL113W,YML124C,2.4072714308043253e-12
YJL113W,YGL053W,5.282333404466044e-06
YJL113W,YMR232W,0.139383003115654
YJL113W,YNL298W,6.252033613041164e-11
YJL113W,YGL099W,4.913070394962915e-09
YJL113W,YBL016W,5.377671641326742e-07
YJL113W,YAL041W,0.04478054866194725
YJL113W,YDR085C,1.0785123549794662e-07
YJL113W,YPL187W,2.2923173775835082e-11
YJL113W,YPL256C,2.100824939357815e-12
YJL113W,YDR461W,0.0037213831674307585
YJL113W,YNL145W,1.3928937170337718e-10
YLR016C,YDL165W,5.469334318775054e-09
YLR016C,YGR059W,7.874925600503957e-09
YLR016C,YBR109C,5.692588160854939e-07
YLR016C,YJL080C,2.975203491928526e-16
YLR016C,YCR093W,0.7835641503334045
YLR016C,YIL122W,4.7786819834527705e-08
YLR016C,YCL029C,0.0016514732269570231
YLR016C,YNL173C,4.870626568731495e-09
YLR016C,YLR452C,6.33025715179869e-11
YLR016C,YDL160C,5.2234486958013804e-08
YLR016C,YLR229C,8.18272184317387e-21
YLR016C,YML057W,1.5398188438111953e-20
YLR016C,YER149C,5.576843022936373e-07
YLR016C,YMR305C,2.7878467221374714e-13
YLR016C,YLR433C,0.37971749901771545
YLR016C,YJL073W,1.4665095526833483e-11
YLR016C,YGR279C,3.654401867919654e-12
YLR016C,YKL190W,2.9612007290680253e-10
YLR016C,YGL089C,1.7898910300573334e-05
YLR016C,YJL019W,1.0791966209566795e-09
YLR016C,YJL018W,0.0008748618420213461
YLR016C,YNR032C-A,0.02699301578104496
YLR016C,YGL178W,1.3378828043641988e-05
YLR016C,YKL116C,5.4945583097211394e-15
YLR016C,YDL214C,0.0007231088820844889
YLR016C,YLR362W,5.411422865364557e-09
YLR016C,YER068W,2.5017221435175326e-14
YLR016C,YHR084W,6.568241783799778e-11
YLR016C,YDR392W,2.6506286303629167e-05
YLR016C,YNL053W,7.403477922949056e-14
YLR016C,YGR040W,5.704283921659226e-06
YLR016C,YDL216C,4.639774715542444e-07
YLR016C,YOL117W,3.700491302272013e-12
YLR016C,YJR086W,1.271289515919114e-16
YLR016C,YMR025W,7.246827493645469e-08
YLR016C,YBR081C,1.0242017234318723e-09
YLR016C,YFL026W,1.0364470783355562e-12
YLR016C,YHL007C,1.6302850736060748e-10
YLR016C,YNR044W,1.0737576383590408e-09
YLR016C,YNL271C,1.003756539691425e-12
YLR016C,YDR200C,6.192235613156072e-10
YLR016C,YKL178C,8.819299779361245e-08
YLR016C,YOR212W,9.527414968069081e-11
YLR016C,YOL111C,5.011405244774447e-13
YLR016C,YGL032C,2.234733953443424e-09
YLR016C,YHR005C,5.685602271106316e-13
YLR016C,YDR103W,3.3791813791594905e-09
YLR016C,YJR084W,3.755521241211035e-11
YLR016C,YCL032W,3.6295548966336355e-07
YLR016C,YJL170C,2.613946906149245e-11
YLR016C,YDR179C,2.1129339597414365e-11
YLR016C,YBR095C,0.01575440913438797
YLR016C,YLL021W,6.245415988814784e-07
YLR016C,YDL159W,1.542731808967801e-07
YLR016C,YNL161W,1.8197684678589177e-11
YLR016C,YNL188W,6.92463517082409e-11
YLR016C,YJL157C,3.3468622859800234e-05
YLR016C,YJL034W,3.737751586313559e-17
YLR016C,YLR238W,5.772549322227705e-13
YLR016C,YPR141C,6.596926596103003e-07
YLR016C,YNL127W,0.0002974263043142855
YLR016C,YCL055W,1.8177802303398494e-06
YLR016C,YPR122W,7.944718163344078e-06
YLR016C,YMR065W,0.0015769468154758215
YLR016C,YDR356W,9.195659789185129e-10
YLR016C,YMR052W,5.982560224992994e-08
YLR016C,YFR008W,4.171865977675715e-12
YLR016C,YLL043W,8.184862835235174e-13
YLR016C,YMR029C,3.145542493143694e-08
YLR016C,YJR004C,6.563860240928199e-14
YLR016C,YDL223C,3.0721863941707284e-10
YLR016C,YHR158C,5.498120621977298e-12
YLR016C,YGR238C,0.0001251304493052885
YLR016C,YIL015W,6.659836770950278e-08
YLR016C,YGL173C,3.08388869996179e-09
YLR016C,YDL225W,5.855798159738745e-13
YLR016C,YLR330W,4.2856664397850075e-12
YLR016C,YBR129C,1.9862767430822714e-08
YLR016C,YKR095W-A,0.2020167112350464
YLR016C,YPR075C,9.348940288589347e-09
YLR016C,YMR198W,6.320759382560937e-08
YLR016C,YOR127W,3.874251613966706e-12
YLR016C,YDR264C,2.9709257276522294e-10
YLR016C,YLR110C,3.862942257737423e-11
YLR016C,YDR379W,2.64804924654527e-08
YLR016C,YDL100C,6.189133650025269e-09
YLR016C,YHR073W,3.3696313968267777e-12
YLR016C,YJR090C,5.243235591478879e-06
YLR016C,YOR208W,9.110801788906318e-16
YLR016C,YBR040W,9.011065230879467e-06
YLR016C,YNL279W,6.818244302486676e-10
YLR016C,YER075C,1.4443477525105664e-09
YLR016C,YCR089W,2.8424407272353847e-10
YLR016C,YCR002C,3.121948045747842e-17
YLR016C,YJL108C,1.1414927314490342e-07
YLR016C,YBR200W,1.0693826880014967e-05
YLR016C,YIL026C,0.0003027392376679927
YLR016C,YJR076C,2.265457821337691e-09
YLR016C,YKR031C,0.2578730583190918
YLR016C,YPL192C,0.06615657359361649
YLR016C,YHR107C,3.218066631449851e-16
YLR016C,YIL037C,0.00017727950762491673
YLR016C,YPL156C,9.419762747597815e-10
YLR016C,YIL117C,3.611605643527582e-05
YLR016C,YHR066W,5.1150758975659905e-12
YLR016C,YML085C,6.64800836602808e-08
YLR016C,YML047C,0.0008060725522227585
YLR016C,YDR312W,4.2224087337672245e-07
YLR016C,YFL037W,2.3172356122813653e-07
YLR016C,YDL038C,0.2020167112350464
YLR016C,YDL039C,1.5205860867757705e-19
YLR016C,YCL027W,4.374739503987257e-08
YLR016C,YML124C,5.527624781916053e-16
YLR016C,YGL053W,1.4847589682176476e-06
YLR016C,YMR232W,0.01461512129753828
YLR016C,YNL298W,4.017113464788169e-12
YLR016C,YGL099W,3.069688966675365e-19
YLR016C,YBL016W,4.399237241159426e-06
YLR016C,YAL041W,1.3814644983511926e-09
YLR016C,YDR085C,1.579260953121775e-07
YLR016C,YPL187W,5.649001232066464e-13
YLR016C,YPL256C,1.2396466075870194e-08
YLR016C,YDR461W,9.673647993757584e-11
YLR016C,YNL145W,1.3651123254021513e-06
YOR142W-B,YDL165W,3.0901406944394694e-07
YOR142W-B,YGR059W,0.002342415740713477
YOR142W-B,YBR109C,0.0014632012462243438
YOR142W-B,YJL080C,0.0042405943386256695
YOR142W-B,YCR093W,0.0032839567866176367
YOR142W-B,YIL122W,0.0010427545057609677
YOR142W-B,YCL029C,0.001526199746876955
YOR142W-B,YNL173C,5.943391442997381e-05
YOR142W-B,YLR452C,0.0001205950029543601
YOR142W-B,YDL160C,0.0006280153174884617
YOR142W-B,YLR229C,0.00023491376487072557
YOR142W-B,YML057W,0.0013595218770205975
YOR142W-B,YER149C,0.00029905897099524736
YOR142W-B,YMR305C,0.0006882779998704791
YOR142W-B,YLR433C,0.0014627784257754683
YOR142W-B,YJL073W,0.000481452327221632
YOR142W-B,YGR279C,0.0011159345740452409
YOR142W-B,YKL190W,6.16525430814363e-05
YOR142W-B,YGL089C,0.00030614121351391077
YOR142W-B,YJL019W,0.00034934451105073094
YOR142W-B,YJL018W,0.2020167112350464
YOR142W-B,YNR032C-A,0.002126541221514344
YOR142W-B,YGL178W,0.0004870351986028254
YOR142W-B,YKL116C,0.00011870995513163507
YOR142W-B,YDL214C,0.0008622136665508151
YOR142W-B,YLR362W,0.0008026356226764619
YOR142W-B,YER068W,0.0016338961431756616
YOR142W-B,YHR084W,0.0007172962068580091
YOR142W-B,YDR392W,5.382167000789195e-05
YOR142W-B,YNL053W,2.8388620194164105e-05
YOR142W-B,YGR040W,2.731143649725709e-05
YOR142W-B,YDL216C,0.00014515330258291215
YOR142W-B,YOL117W,0.0005983356386423111
YOR142W-B,YJR086W,0.003084546886384487
YOR142W-B,YMR025W,5.5784345022402704e-05
YOR142W-B,YBR081C,0.0002471364859957248
YOR142W-B,YFL026W,6.02600266574882e-06
YOR142W-B,YHL007C,0.00012826368038076907
YOR142W-B,YNR044W,0.0004684113373514265
YOR142W-B,YNL271C,0.0028451206162571907
YOR142W-B,YDR200C,0.0001212234710692428
YOR142W-B,YKL178C,0.0005240333848632872
YOR142W-B,YOR212W,1.3746944205195177e-05
YOR142W-B,YOL111C,0.000495660409796983
YOR142W-B,YGL032C,3.9258931792574e-05
YOR142W-B,YHR005C,3.688821743708104e-05
YOR142W-B,YDR103W,0.0001037871916196309
YOR142W-B,YJR084W,0.0008242637268267572
YOR142W-B,YCL032W,5.069197140983306e-05
YOR142W-B,YJL170C,0.000653306080494076
YOR142W-B,YDR179C,2.341176150366664e-05
YOR142W-B,YBR095C,4.198054375592619e-05
YOR142W-B,YLL021W,0.00016809950466267765
YOR142W-B,YDL159W,0.0002539236447773874
YOR142W-B,YNL161W,0.0045508225448429585
YOR142W-B,YNL188W,0.0032772584818303585
YOR142W-B,YJL157C,0.0012596185551956296
YOR142W-B,YJL034W,0.009948392398655415
YOR142W-B,YLR238W,6.7127111833542585e-06
YOR142W-B,YPR141C,0.0003052618994843215
YOR142W-B,YNL127W,0.0008643990149721503
YOR142W-B,YCL055W,0.00021315239428076893
YOR142W-B,YPR122W,0.0007142525864765048
YOR142W-B,YMR065W,0.001363380579277873
YOR142W-B,YDR356W,0.0030429388862103224
YOR142W-B,YMR052W,1.4472529983322602e-06
YOR142W-B,YFR008W,0.0016129782889038324
YOR142W-B,YLL043W,0.0005524689331650734
YOR142W-B,YMR029C,0.00034017645521089435
YOR142W-B,YJR004C,9.933546971296892e-05
YOR142W-B,YDL223C,0.0003119132306892425
YOR142W-B,YHR158C,0.0005785881076008081
YOR142W-B,YGR238C,9.842022700468078e-05
YOR142W-B,YIL015W,0.0022296856623142958
YOR142W-B,YGL173C,0.0008707352681085467
YOR142W-B,YDL225W,0.0018931239610537887
YOR142W-B,YLR330W,0.003440496511757374
YOR142W-B,YBR129C,0.00034974951995536685
YOR142W-B,YKR095W-A,0.2020167112350464
YOR142W-B,YPR075C,0.0005764886736869812
YOR142W-B,YMR198W,2.172934910049662e-05
YOR142W-B,YOR127W,0.003293514484539628
YOR142W-B,YDR264C,0.001427233568392694
YOR142W-B,YLR110C,0.0009126210934482515
YOR142W-B,YDR379W,0.0012714554322883487
YOR142W-B,YDL100C,2.383131140959449e-05
YOR142W-B,YHR073W,0.000921773083973676
YOR142W-B,YJR090C,0.0034882526379078627
YOR142W-B,YOR208W,0.0013583091786131263
YOR142W-B,YBR040W,0.0006010078941471875
YOR142W-B,YNL279W,0.0006559232133440673
YOR142W-B,YER075C,0.0002673589042387903
YOR142W-B,YCR089W,0.0005930040497332811
YOR142W-B,YCR002C,7.972089224494994e-05
YOR142W-B,YJL108C,1.5898973288130946e-05
YOR142W-B,YBR200W,0.0010318170534446836
YOR142W-B,YIL026C,0.00030809888266958296
YOR142W-B,YJR076C,0.000632148003205657
YOR142W-B,YKR031C,0.005291431210935116
YOR142W-B,YPL192C,0.0035332629922777414
YOR142W-B,YHR107C,0.00030909449560567737
YOR142W-B,YIL037C,0.0010756012052297592
YOR142W-B,YPL156C,0.0030451875645667315
YOR142W-B,YIL117C,0.000875538622494787
YOR142W-B,YHR066W,1.2218365554872435e-05
YOR142W-B,YML085C,0.00041998966480605304
YOR142W-B,YML047C,0.0007093346794135869
YOR142W-B,YDR312W,0.00010452005517436191
YOR142W-B,YFL037W,0.0010123352985829115
YOR142W-B,YDL038C,0.2020167112350464
YOR142W-B,YDL039C,0.000706894148606807
YOR142W-B,YCL027W,0.0013802206376567483
YOR142W-B,YML124C,0.001383147668093443
YOR142W-B,YGL053W,9.162443166133016e-05
YOR142W-B,YMR232W,0.005212015472352505
YOR142W-B,YNL298W,5.983232767903246e-05
YOR142W-B,YGL099W,0.00035525753628462553
YOR142W-B,YBL016W,0.0020795876625925303
YOR142W-B,YAL041W,2.013322591665201e-05
YOR142W-B,YDR085C,0.000489681086037308
YOR142W-B,YPL187W,0.01697556860744953
YOR142W-B,YPL256C,4.7577996156178415e-05
YOR142W-B,YDR461W,1.2527487342595123e-05
YOR142W-B,YNL145W,0.0011382716475054622
YER011W,YDL165W,5.7419383665546775e-06
YER011W,YGR059W,0.0187322199344635
YER011W,YBR109C,1.1231360730334927e-08
YER011W,YJL080C,3.807629764196463e-05
YER011W,YCR093W,2.3466645870939828e-07
YER011W,YIL122W,1.1386695177861839e-06
YER011W,YCL029C,2.9656499153131455e-13
YER011W,YNL173C,6.945313768547123e-10
YER011W,YLR452C,5.841591793620537e-11
YER011W,YDL160C,4.185557234137605e-09
YER011W,YLR229C,6.954339824005729e-07
YER011W,YML057W,5.426546749731642e-07
YER011W,YER149C,4.97615189942735e-07
YER011W,YMR305C,8.479559619445354e-05
YER011W,YLR433C,3.857036946639447e-15
YER011W,YJL073W,7.700760168427578e-11
YER011W,YGR279C,1.2131058698601504e-15
YER011W,YKL190W,0.0003918432048521936
YER011W,YGL089C,1.3182722968796412e-10
YER011W,YJL019W,9.778195089893416e-05
YER011W,YJL018W,0.00473796296864748
YER011W,YNR032C-A,0.007317795883864164
YER011W,YGL178W,6.217035064537413e-08
YER011W,YKL116C,0.000162985481438227
YER011W,YDL214C,1.3713490261579864e-05
YER011W,YLR362W,1.9149301935805774e-11
YER011W,YER068W,0.1498788595199585
YER011W,YHR084W,2.233733380554992e-12
YER011W,YDR392W,8.838605845482017e-14
YER011W,YNL053W,2.2617220596377052e-10
YER011W,YGR040W,9.444781426282134e-06
YER011W,YDL216C,4.865100322604121e-07
YER011W,YOL117W,2.256214659546174e-11
YER011W,YJR086W,1.0124993066185084e-09
YER011W,YMR025W,0.000369491521269083
YER011W,YBR081C,4.99232783113257e-07
YER011W,YFL026W,3.287241590044232e-10
YER011W,YHL007C,0.00012376967060845345
YER011W,YNR044W,2.2243143438238633e-10
YER011W,YNL271C,3.2730187626839324e-07
YER011W,YDR200C,7.565717475465622e-17
YER011W,YKL178C,9.063563788380691e-10
YER011W,YOR212W,1.357613674257685e-12
YER011W,YOL111C,6.705798907152317e-16
YER011W,YGL032C,4.482812414607906e-07
YER011W,YHR005C,2.3651114839382328e-14
YER011W,YDR103W,1.617636691264579e-08
YER011W,YJR084W,5.430207787350132e-17
YER011W,YCL032W,4.841885115069999e-09
YER011W,YJL170C,6.911403943377081e-06
YER011W,YDR179C,1.1981746261824355e-08
YER011W,YBR095C,1.3484877658953565e-09
YER011W,YLL021W,6.835921152054114e-12
YER011W,YDL159W,3.899276179719635e-10
YER011W,YNL161W,3.252114765928127e-06
YER011W,YNL188W,1.3455938295027503e-14
YER011W,YJL157C,0.00031433036201633513
YER011W,YJL034W,1.260608642212474e-14
YER011W,YLR238W,0.0008181534358300269
YER011W,YPR141C,1.1575797316254466e-06
YER011W,YNL127W,8.043956473136049e-11
YER011W,YCL055W,4.0180293581215665e-06
YER011W,YPR122W,1.9547577778666891e-07
YER011W,YMR065W,4.108876017205887e-10
YER011W,YDR356W,2.5727735913916305e-11
YER011W,YMR052W,1.7774873413145542e-05
YER011W,YFR008W,1.6700749940964932e-12
YER011W,YLL043W,0.9273453950881958
YER011W,YMR029C,7.488983391756854e-12
YER011W,YJR004C,0.00015976425493136048
YER011W,YDL223C,0.0022629965096712112
YER011W,YHR158C,1.1627690810200875e-08
YER011W,YGR238C,2.3003302374036139e-07
YER011W,YIL015W,7.596564728373778e-07
YER011W,YGL173C,8.518404501955956e-05
YER011W,YDL225W,1.9305082332721213e-06
YER011W,YLR330W,0.00011695201101247221
YER011W,YBR129C,1.3945344790045056e-07
YER011W,YKR095W-A,0.2020167112350464
YER011W,YPR075C,2.842959895277275e-11
YER011W,YMR198W,9.451658843318e-05
YER011W,YOR127W,0.0381203256547451
YER011W,YDR264C,1.105925462319135e-09
YER011W,YLR110C,1.6954693649040564e-08
YER011W,YDR379W,3.306201341347903e-13
YER011W,YDL100C,1.5384709565330335e-13
YER011W,YHR073W,0.0012153827119618654
YER011W,YJR090C,5.395985525069591e-08
YER011W,YOR208W,1.7899672855037352e-07
YER011W,YBR040W,0.00046391625073738396
YER011W,YNL279W,1.3659827047263207e-08
YER011W,YER075C,1.7677068342436542e-07
YER011W,YCR089W,1.6828334281626667e-08
YER011W,YCR002C,0.008079295046627522
YER011W,YJL108C,2.115779990444211e-12
YER011W,YBR200W,1.8634338863621203e-12
YER011W,YIL026C,1.1507981980685145e-06
YER011W,YJR076C,4.4935406506851905e-09
YER011W,YKR031C,4.2778865463333204e-06
YER011W,YPL192C,2.198875082015661e-09
YER011W,YHR107C,1.1330395510711355e-09
YER011W,YIL037C,1.184357529382396e-06
YER011W,YPL156C,9.147646663320696e-16
YER011W,YIL117C,5.4892224099489795e-09
YER011W,YHR066W,6.8303756961540785e-06
YER011W,YML085C,3.536479553645222e-08
YER011W,YML047C,8.464652978545928e-07
YER011W,YDR312W,1.5130414112718427e-06
YER011W,YFL037W,5.066063479830518e-08
YER011W,YDL038C,0.2020167112350464
YER011W,YDL039C,7.4044791291276e-18
YER011W,YCL027W,1.633481524143058e-14
YER011W,YML124C,7.353846874437638e-16
YER011W,YGL053W,1.3471526242355824e-14
YER011W,YMR232W,1.190254579341854e-06
YER011W,YNL298W,5.484280252154861e-10
YER011W,YGL099W,6.557260689987743e-07
YER011W,YBL016W,0.00037872474058531225
YER011W,YAL041W,3.287875927071582e-07
YER011W,YDR085C,3.772988463879301e-07
YER011W,YPL187W,7.231184184774975e-08
YER011W,YPL256C,1.1266192839753941e-10
YER011W,YDR461W,1.4585593149929466e-11
YER011W,YNL145W,0.05173324793577194
YNR016C,YDL165W,1.5178547307925783e-10
YNR016C,YGR059W,1.0554389362482652e-08
YNR016C,YBR109C,7.260818620125065e-06
YNR016C,YJL080C,2.573511892478564e-07
YNR016C,YCR093W,4.226051474910675e-13
YNR016C,YIL122W,0.0013791057281196117
YNR016C,YCL029C,0.0
YNR016C,YNL173C,6.942064978421314e-11
YNR016C,YLR452C,6.183489631439443e-07
YNR016C,YDL160C,0.008943185210227966
YNR016C,YLR229C,4.0779988275119194e-09
YNR016C,YML057W,7.370625443314793e-09
YNR016C,YER149C,2.986062352244856e-12
YNR016C,YMR305C,1.2315945450438147e-14
YNR016C,YLR433C,2.9249244803963848e-08
YNR016C,YJL073W,1.1282197398543303e-09
YNR016C,YGR279C,7.505420285269793e-07
YNR016C,YKL190W,1.3373967703955714e-05
YNR016C,YGL089C,0.0019434737041592598
YNR016C,YJL019W,8.727483509574085e-05
YNR016C,YJL018W,0.2020167112350464
YNR016C,YNR032C-A,1.2639510771350615e-07
YNR016C,YGL178W,0.010890727862715721
YNR016C,YKL116C,0.08191709965467453
YNR016C,YDL214C,6.87980282236822e-05
YNR016C,YLR362W,5.5797418241354535e-08
YNR016C,YER068W,0.08237261325120926
YNR016C,YHR084W,2.10865721585185e-12
YNR016C,YDR392W,2.7149186280439608e-05
YNR016C,YNL053W,0.014843016862869263
YNR016C,YGR040W,2.3877542738165447e-12
YNR016C,YDL216C,2.3526758319292185e-10
YNR016C,YOL117W,1.6911502198624362e-09
YNR016C,YJR086W,5.719238833989948e-05
YNR016C,YMR025W,0.009335167706012726
YNR016C,YBR081C,1.8371219476231992e-11
YNR016C,YFL026W,7.190500639353559e-08
YNR016C,YHL007C,4.409069151734002e-05
YNR016C,YNR044W,7.556045744649964e-08
YNR016C,YNL271C,0.0015082282479852438
YNR016C,YDR200C,2.1196760826569516e-06
YNR016C,YKL178C,0.011725378222763538
YNR016C,YOR212W,3.376613199725727e-15
YNR016C,YOL111C,3.5706111400912732e-09
YNR016C,YGL032C,5.8049378631329536e-15
YNR016C,YHR005C,5.049826442421468e-12
YNR016C,YDR103W,0.09813611209392548
YNR016C,YJR084W,2.331502768626592e-09
YNR016C,YCL032W,3.79016036026149e-16
YNR016C,YJL170C,5.334100569598377e-05
YNR016C,YDR179C,1.9316633795979365e-13
YNR016C,YBR095C,3.792873215502368e-08
YNR016C,YLL021W,3.2825708297379297e-12
YNR016C,YDL159W,4.750138650477798e-12
YNR016C,YNL161W,1.4729116593059643e-08
YNR016C,YNL188W,9.479659895603176e-13
YNR016C,YJL157C,1.6559411619709863e-08
YNR016C,YJL034W,1.4393515712640692e-08
YNR016C,YLR238W,0.007155749015510082
YNR016C,YPR141C,0.001139019033871591
YNR016C,YNL127W,1.88767010911306e-08
YNR016C,YCL055W,4.347794124726079e-09
YNR016C,YPR122W,0.03227754682302475
YNR016C,YMR065W,2.215263748439611e-06
YNR016C,YDR356W,0.03035471960902214
YNR016C,YMR052W,2.972302681758521e-10
YNR016C,YFR008W,1.2531801152348976e-09
YNR016C,YLL043W,0.9837040305137634
YNR016C,YMR029C,2.1565394803246818e-08
YNR016C,YJR004C,8.086718139566074e-08
YNR016C,YDL223C,2.5946456094771975e-10
YNR016C,YHR158C,5.393379964857559e-09
YNR016C,YGR238C,4.503798028965278e-11
YNR016C,YIL015W,1.1151335854719946e-08
YNR016C,YGL173C,1.0497346325522017e-09
YNR016C,YDL225W,4.4903243126451216e-18
YNR016C,YLR330W,1.2674428944592364e-05
YNR016C,YBR129C,6.935338751645759e-05
YNR016C,YKR095W-A,0.2020167112350464
YNR016C,YPR075C,3.30484759558658e-08
YNR016C,YMR198W,8.933071643513202e-11
YNR016C,YOR127W,7.388560874233008e-08
YNR016C,YDR264C,2.1831087285151263e-12
YNR016C,YLR110C,8.614077451341018e-09
YNR016C,YDR379W,6.423908989284046e-16
YNR016C,YDL100C,3.2905943594951914e-12
YNR016C,YHR073W,1.4028761142981239e-05
YNR016C,YJR090C,1.2157308447058313e-05
YNR016C,YOR208W,0.03454360365867615
YNR016C,YBR040W,0.00048768907436169684
YNR016C,YNL279W,1.3478664824277046e-15
YNR016C,YER075C,5.5289228056976114e-12
YNR016C,YCR089W,0.00023741787299513817
YNR016C,YCR002C,7.878368705860339e-06
YNR016C,YJL108C,2.4178905277949525e-07
YNR016C,YBR200W,1.586885218785028e-06
YNR016C,YIL026C,0.006452291738241911
YNR016C,YJR076C,6.581228080904111e-05
YNR016C,YKR031C,3.893645771313459e-05
YNR016C,YPL192C,1.5251591656273433e-10
YNR016C,YHR107C,3.2214765610660834e-07
YNR016C,YIL037C,5.085647444502683e-06
YNR016C,YPL156C,7.363764042978005e-10
YNR016C,YIL117C,0.02228444442152977
YNR016C,YHR066W,0.0011926452862098813
YNR016C,YML085C,1.1725470594470266e-10
YNR016C,YML047C,1.214881385595834e-12
YNR016C,YDR312W,2.049515288385373e-12
YNR016C,YFL037W,2.428864858669338e-16
YNR016C,YDL038C,0.2020167112350464
YNR016C,YDL039C,5.889081583498879e-11
YNR016C,YCL027W,4.880109094607121e-10
YNR016C,YML124C,5.045135316461558e-13
YNR016C,YGL053W,1.637328568904195e-05
YNR016C,YMR232W,0.08207306265830994
YNR016C,YNL298W,1.7151399189785366e-09
YNR016C,YGL099W,5.784685175314053e-09
YNR016C,YBL016W,1.935207549763618e-09
YNR016C,YAL041W,0.0017298070015385747
YNR016C,YDR085C,0.000724659999832511
YNR016C,YPL187W,8.236362286639931e-11
YNR016C,YPL256C,1.3920953400899924e-16
YNR016C,YDR461W,2.113949987281316e-11
YNR016C,YNL145W,1.3115430444735066e-18
YKL114C,YDL165W,6.386429163285356e-08
YKL114C,YGR059W,1.028472240705014e-07
YKL114C,YBR109C,6.084605597145298e-10
YKL114C,YJL080C,3.7469983453775058e-06
YKL114C,YCR093W,0.002447886625304818
YKL114C,YIL122W,1.6600363750285396e-08
YKL114C,YCL029C,1.912874495246797e-06
YKL114C,YNL173C,3.387847584690462e-07
YKL114C,YLR452C,0.0008426494896411896
YKL114C,YDL160C,7.491875635423639e-07
YKL114C,YLR229C,0.015750454738736153
YKL114C,YML057W,8.801319495432836e-08
YKL114C,YER149C,2.6016559786512516e-06
YKL114C,YMR305C,2.1948824269202305e-06
YKL114C,YLR433C,2.7758082069340162e-05
YKL114C,YJL073W,8.93187954154051e-11
YKL114C,YGR279C,0.9829971790313721
YKL114C,YKL190W,0.025455500930547714
YKL114C,YGL089C,1.0738128366938327e-05
YKL114C,YJL019W,4.713924499810673e-05
YKL114C,YJL018W,0.00044661431456916034
YKL114C,YNR032C-A,0.8170053958892822
YKL114C,YGL178W,3.410835347494867e-07
YKL114C,YKL116C,3.3201025262385997e-10
YKL114C,YDL214C,4.6001741083046e-08
YKL114C,YLR362W,1.1138479294459103e-07
YKL114C,YER068W,2.5293081407085083e-08
YKL114C,YHR084W,0.0032138314563781023
YKL114C,YDR392W,0.9651681184768677
YKL114C,YNL053W,8.324533951054036e-08
YKL114C,YGR040W,0.00036417407682165504
YKL114C,YDL216C,0.9921759963035583
YKL114C,YOL117W,7.75007436004671e-08
YKL114C,YJR086W,9.278346624341793e-07
YKL114C,YMR025W,0.0036405103746801615
YKL114C,YBR081C,0.11876732110977173
YKL114C,YFL026W,2.24633768084459e-05
YKL114C,YHL007C,1.653975983950673e-10
YKL114C,YNR044W,4.6747649662393087e-07
YKL114C,YNL271C,3.384217848179105e-07
YKL114C,YDR200C,2.7893735023098998e-05
YKL114C,YKL178C,0.19269846379756927
YKL114C,YOR212W,1.4109702295428406e-09
YKL114C,YOL111C,7.47266051120965e-12
YKL114C,YGL032C,0.9104910492897034
YKL114C,YHR005C,0.0005358592025004327
YKL114C,YDR103W,0.023153837770223618
YKL114C,YJR084W,0.059254370629787445
YKL114C,YCL032W,0.1753881573677063
YKL114C,YJL170C,1.482263201069145e-06
YKL114C,YDR179C,0.0011175887193530798
YKL114C,YBR095C,4.963184778716823e-07
YKL114C,YLL021W,9.240438521374017e-05
YKL114C,YDL159W,6.394560050396042e-19
YKL114C,YNL161W,8.848032848618459e-07
YKL114C,YNL188W,0.004230181220918894
YKL114C,YJL157C,0.7025644183158875
YKL114C,YJL034W,1.218970535404526e-13
YKL114C,YLR238W,0.10577216744422913
YKL114C,YPR141C,0.7565470933914185
YKL114C,YNL127W,0.022266851738095284
YKL114C,YCL055W,4.0345174423528363e-10
YKL114C,YPR122W,9.486621820542496e-06
YKL114C,YMR065W,0.992850661277771
YKL114C,YDR356W,0.0031177904456853867
YKL114C,YMR052W,9.009900531964377e-05
YKL114C,YFR008W,9.261619561584666e-05
YKL114C,YLL043W,2.9411809009616263e-05
YKL114C,YMR029C,1.1874114534293767e-05
YKL114C,YJR004C,9.593178695865845e-09
YKL114C,YDL223C,1.1712327250279486e-06
YKL114C,YHR158C,0.007897952571511269
YKL114C,YGR238C,1.2556460455811005e-14
YKL114C,YIL015W,8.402400271734223e-05
YKL114C,YGL173C,0.0006261395756155252
YKL114C,YDL225W,3.1098206676460904e-08
YKL114C,YLR330W,2.713101991957956e-07
YKL114C,YBR129C,5.324999463596214e-08
YKL114C,YKR095W-A,0.2020167112350464
YKL114C,YPR075C,3.6117413060310355e-07
YKL114C,YMR198W,5.10388235852588e-06
YKL114C,YOR127W,1.1725208581836455e-09
YKL114C,YDR264C,4.644179352908395e-05
YKL114C,YLR110C,0.00880204327404499
YKL114C,YDR379W,8.376012374355923e-06
YKL114C,YDL100C,1.7597470147734384e-08
YKL114C,YHR073W,6.918226880259226e-09
YKL114C,YJR090C,1.5097123650775757e-05
YKL114C,YOR208W,5.679942072234212e-10
YKL114C,YBR040W,8.559019448739491e-08
YKL114C,YNL279W,2.9645980248460546e-07
YKL114C,YER075C,9.520970678522644e-10
YKL114C,YCR089W,7.773257948429091e-08
YKL114C,YCR002C,0.7529816627502441
YKL114C,YJL108C,0.36679041385650635
YKL114C,YBR200W,1.0782015793289182e-15
YKL114C,YIL026C,0.006104420870542526
YKL114C,YJR076C,2.2995760446065105e-05
YKL114C,YKR031C,0.0816001370549202
YKL114C,YPL192C,0.0006684894906356931
YKL114C,YHR107C,1.4276273305885434e-12
YKL114C,YIL037C,1.7641865269979462e-05
YKL114C,YPL156C,1.41498196626344e-06
YKL114C,YIL117C,3.3243245933789467e-09
YKL114C,YHR066W,1.5396547968851704e-12
YKL114C,YML085C,3.206791721055424e-09
YKL114C,YML047C,5.1762631301244255e-06
YKL114C,YDR312W,5.37100041091837e-13
YKL114C,YFL037W,0.00023484948906116188
YKL114C,YDL038C,0.2020167112350464
YKL114C,YDL039C,6.115508313087048e-07
YKL114C,YCL027W,0.07983484119176865
YKL114C,YML124C,6.771032623476003e-10
YKL114C,YGL053W,0.0011985667515546083
YKL114C,YMR232W,6.125366706910551e-12
YKL114C,YNL298W,1.1339683624100871e-05
YKL114C,YGL099W,6.278691542377368e-12
YKL114C,YBL016W,3.3020938414174417e-12
YKL114C,YAL041W,0.003113505896180868
YKL114C,YDR085C,1.4209825316413571e-08
YKL114C,YPL187W,0.02629982680082321
YKL114C,YPL256C,0.0011168135097250342
YKL114C,YDR461W,0.08725887537002563
YKL114C,YNL145W,0.02522415667772293
snR32,YDL165W,5.7796591136138886e-05
snR32,YGR059W,1.1723898751370143e-05
snR32,YBR109C,2.9457100936269853e-07
snR32,YJL080C,0.07742618769407272
snR32,YCR093W,0.0007462230860255659
snR32,YIL122W,8.409519978158642e-07
snR32,YCL029C,0.0037112210411578417
snR32,YNL173C,0.017113134264945984
snR32,YLR452C,0.0010039337212219834
snR32,YDL160C,9.928547660820186e-05
snR32,YLR229C,6.295588406146635e-08
snR32,YML057W,0.0486019141972065
snR32,YER149C,1.626859921088908e-05
snR32,YMR305C,0.002709656022489071
snR32,YLR433C,0.05707825347781181
snR32,YJL073W,0.16040340065956116
snR32,YGR279C,0.03954993560910225
snR32,YKL190W,0.00010817233851412311
snR32,YGL089C,1.770280687196646e-05
snR32,YJL019W,0.0013906743843108416
snR32,YJL018W,0.2020167112350464
snR32,YNR032C-A,2.7569757321543875e-07
snR32,YGL178W,0.007164396345615387
snR32,YKL116C,0.00959500391036272
snR32,YDL214C,0.0008726772502996027
snR32,YLR362W,6.841060530859977e-05
snR32,YER068W,2.3618724299012683e-05
snR32,YHR084W,0.0007941232761368155
snR32,YDR392W,0.05287792533636093
snR32,YNL053W,3.523605118971318e-05
snR32,YGR040W,0.022974304854869843
snR32,YDL216C,0.0032385066151618958
snR32,YOL117W,0.0016359416767954826
snR32,YJR086W,0.0003081881732214242
snR32,YMR025W,2.4801043764455244e-05
snR32,YBR081C,1.6708718248992227e-05
snR32,YFL026W,2.9047520001768135e-05
snR32,YHL007C,0.0637095719575882
snR32,YNR044W,0.012699693441390991
snR32,YNL271C,0.3059957027435303
snR32,YDR200C,0.0036233102437108755
snR32,YKL178C,1.6645375922053063e-07
snR32,YOR212W,0.0030621937476098537
snR32,YOL111C,0.009786407463252544
snR32,YGL032C,0.00019472678832244128
snR32,YHR005C,0.0016538531053811312
snR32,YDR103W,0.015950392931699753
snR32,YJR084W,0.0021588625386357307
snR32,YCL032W,2.856004357454367e-05
snR32,YJL170C,0.03861808031797409
snR32,YDR179C,6.615299753320869e-06
snR32,YBR095C,0.019129155203700066
snR32,YLL021W,0.0016862335614860058
snR32,YDL159W,0.3066771328449249
snR32,YNL161W,0.0018136997241526842
snR32,YNL188W,1.925750075315591e-05
snR32,YJL157C,0.06563037633895874
snR32,YJL034W,0.00837626587599516
snR32,YLR238W,0.09854160249233246
snR32,YPR141C,0.2280646413564682
snR32,YNL127W,0.053649481385946274
snR32,YCL055W,0.00024722059606574476
snR32,YPR122W,0.08074429631233215
snR32,YMR065W,4.7210054617607966e-05
snR32,YDR356W,0.0001244314044015482
snR32,YMR052W,5.596604023594409e-05
snR32,YFR008W,0.00032659422140568495
snR32,YLL043W,0.5643527507781982
snR32,YMR029C,0.00036248326068744063
snR32,YJR004C,2.0200461221975274e-05
snR32,YDL223C,8.311640726788028e-07
snR32,YHR158C,0.04634391888976097
snR32,YGR238C,0.0005990249337628484
snR32,YIL015W,0.00041567045263946056
snR32,YGL173C,0.005012259818613529
snR32,YDL225W,0.00012347214214969426
snR32,YLR330W,0.0012999078026041389
snR32,YBR129C,4.910473944619298e-05
snR32,YKR095W-A,0.2020167112350464
snR32,YPR075C,0.0017624568426981568
snR32,YMR198W,0.8624939322471619
snR32,YOR127W,0.06615482270717621
snR32,YDR264C,0.00029126147273927927
snR32,YLR110C,0.0007258701953105628
snR32,YDR379W,4.603606384989689e-07
snR32,YDL100C,8.701016486156732e-05
snR32,YHR073W,0.021726101636886597
snR32,YJR090C,2.8183825634187087e-05
snR32,YOR208W,3.602790172863024e-07
snR32,YBR040W,4.470750880614105e-08
snR32,YNL279W,0.0005233846604824066
snR32,YER075C,2.3689057343290187e-05
snR32,YCR089W,0.0029017708729952574
snR32,YCR002C,7.253547096297552e-07
snR32,YJL108C,7.115430344128981e-05
snR32,YBR200W,0.00043560416088439524
snR32,YIL026C,0.006471576169133186
snR32,YJR076C,0.004879273474216461
snR32,YKR031C,0.018151508644223213
snR32,YPL192C,5.486802547238767e-05
snR32,YHR107C,0.1526479423046112
snR32,YIL037C,8.857067768985871e-06
snR32,YPL156C,3.6023047869093716e-05
snR32,YIL117C,9.945995770976879e-06
snR32,YHR066W,0.0002651526592671871
snR32,YML085C,0.02558097615838051
snR32,YML047C,7.509286206186516e-07
snR32,YDR312W,0.004984189290553331
snR32,YFL037W,0.006548775359988213
snR32,YDL038C,0.2020167112350464
snR32,YDL039C,7.138871751521947e-07
snR32,YCL027W,0.04758131504058838
snR32,YML124C,0.02491847425699234
snR32,YGL053W,2.361942097195424e-05
snR32,YMR232W,0.007857353426516056
snR32,YNL298W,0.049341604113578796
snR32,YGL099W,0.08052008599042892
snR32,YBL016W,0.012535885907709599
snR32,YAL041W,1.3481341738952324e-05
snR32,YDR085C,2.303432893313584e-06
snR32,YPL187W,0.010246004909276962
snR32,YPL256C,0.022500116378068924
snR32,YDR461W,2.4682117327756714e-07
snR32,YNL145W,1.0587207725620829e-05
YKL146W,YDL165W,2.2687923075994244e-16
YKL146W,YGR059W,1.8628145087660336e-13
YKL146W,YBR109C,2.2398779012111625e-11
YKL146W,YJL080C,9.453148253250946e-18
YKL146W,YCR093W,0.016834162175655365
YKL146W,YIL122W,9.537846779039683e-08
YKL146W,YCL029C,3.220600175435351e-10
YKL146W,YNL173C,2.2051569885661593e-06
YKL146W,YLR452C,9.879882929299515e-15
YKL146W,YDL160C,5.819009163410271e-10
YKL146W,YLR229C,2.2658466214409145e-09
YKL146W,YML057W,7.737102516829075e-13
YKL146W,YER149C,0.0006815724191255867
YKL146W,YMR305C,1.7011839190672617e-06
YKL146W,YLR433C,2.249969091247528e-12
YKL146W,YJL073W,5.920067020556663e-21
YKL146W,YGR279C,0.030490394681692123
YKL146W,YKL190W,0.0005335997557267547
YKL146W,YGL089C,3.79718567700138e-09
YKL146W,YJL019W,0.0012388704344630241
YKL146W,YJL018W,0.19169272482395172
YKL146W,YNR032C-A,0.00012838395196013153
YKL146W,YGL178W,3.319452389405342e-06
YKL146W,YKL116C,3.9523623956982945e-11
YKL146W,YDL214C,8.888264915185573e-07
YKL146W,YLR362W,8.741366463137223e-14
YKL146W,YER068W,0.0004719992575701326
YKL146W,YHR084W,2.7017413930667577e-15
YKL146W,YDR392W,1.9989352783699593e-13
YKL146W,YNL053W,4.697625627159141e-05
YKL146W,YGR040W,0.0009344914578832686
YKL146W,YDL216C,6.926706555532292e-05
YKL146W,YOL117W,3.596963438212697e-08
YKL146W,YJR086W,7.007273233883282e-12
YKL146W,YMR025W,3.7950839693046134e-10
YKL146W,YBR081C,9.942508683025153e-08
YKL146W,YFL026W,2.9550281666068656e-10
YKL146W,YHL007C,6.520066551736519e-17
YKL146W,YNR044W,1.1869905591765928e-07
YKL146W,YNL271C,3.245833116172214e-11
YKL146W,YDR200C,1.2051298815211192e-13
YKL146W,YKL178C,2.092673696552083e-07
YKL146W,YOR212W,1.1568789676230651e-10
YKL146W,YOL111C,4.780922768787832e-09
YKL146W,YGL032C,4.5144240450913087e-13
YKL146W,YHR005C,5.503390104744099e-11
YKL146W,YDR103W,1.7497297832846925e-08
YKL146W,YJR084W,4.354660063654592e-07
YKL146W,YCL032W,6.64386012871887e-09
YKL146W,YJL170C,1.4829178995867665e-09
YKL146W,YDR179C,4.285795718317331e-09
YKL146W,YBR095C,4.919242613254937e-08
YKL146W,YLL021W,7.631681597786155e-08
YKL146W,YDL159W,3.3616232020250436e-10
YKL146W,YNL161W,0.0016858949093148112
YKL146W,YNL188W,4.205681358726565e-10
YKL146W,YJL157C,1.361477984252726e-15
YKL146W,YJL034W,8.146489718566371e-16
YKL146W,YLR238W,3.6215865861777274e-09
YKL146W,YPR141C,3.9932546158638615e-09
YKL146W,YNL127W,5.079444918010267e-07
YKL146W,YCL055W,2.525110676110387e-11
YKL146W,YPR122W,4.200384864816442e-05
YKL146W,YMR065W,4.929307237944158e-07
YKL146W,YDR356W,4.458208380242468e-08
YKL146W,YMR052W,7.675226773584676e-12
YKL146W,YFR008W,4.641128907678649e-05
YKL146W,YLL043W,2.6424622581212864e-13
YKL146W,YMR029C,1.864264964623885e-09
YKL146W,YJR004C,2.6641690055839717e-05
YKL146W,YDL223C,2.0653060425063208e-12
YKL146W,YHR158C,1.8769753751257667e-07
YKL146W,YGR238C,5.079464315826954e-08
YKL146W,YIL015W,3.2479743720947862e-12
YKL146W,YGL173C,7.639105348289377e-09
YKL146W,YDL225W,0.0003557689778972417
YKL146W,YLR330W,8.362255243810068e-07
YKL146W,YBR129C,8.923675058440661e-14
YKL146W,YKR095W-A,0.2020167112350464
YKL146W,YPR075C,0.0004440682823769748
YKL146W,YMR198W,9.393752442576897e-09
YKL146W,YOR127W,5.443620310074948e-08
YKL146W,YDR264C,8.242311722028717e-09
YKL146W,YLR110C,3.15910870085645e-06
YKL146W,YDR379W,2.943218646578316e-08
YKL146W,YDL100C,6.9621136180903105e-15
YKL146W,YHR073W,7.386428933386924e-06
YKL146W,YJR090C,4.3500684825115155e-12
YKL146W,YOR208W,4.943566977999581e-07
YKL146W,YBR040W,3.838826856394917e-08
YKL146W,YNL279W,0.20335538685321808
YKL146W,YER075C,6.211445793269377e-07
YKL146W,YCR089W,5.275313128549897e-07
YKL146W,YCR002C,9.953746484825388e-07
YKL146W,YJL108C,6.6208976932102814e-06
YKL146W,YBR200W,5.236748534809266e-11
YKL146W,YIL026C,3.6744552289746935e-06
YKL146W,YJR076C,2.125264941810201e-08
YKL146W,YKR031C,3.5142463938875323e-10
YKL146W,YPL192C,3.731534192752406e-09
YKL146W,YHR107C,4.661804831052052e-10
YKL146W,YIL037C,2.6058351068058982e-05
YKL146W,YPL156C,2.564510737101955e-07
YKL146W,YIL117C,4.466306506856199e-07
YKL146W,YHR066W,1.1909624036807835e-17
YKL146W,YML085C,2.747515548406909e-10
YKL146W,YML047C,2.3081531708157854e-07
YKL146W,YDR312W,6.20947417928619e-08
YKL146W,YFL037W,2.3702458588513095e-14
YKL146W,YDL038C,0.2020167112350464
YKL146W,YDL039C,4.989251340125825e-20
YKL146W,YCL027W,0.0018727980786934495
YKL146W,YML124C,1.8555174757795e-12
YKL146W,YGL053W,6.450722139561549e-06
YKL146W,YMR232W,3.7127053928998066e-06
YKL146W,YNL298W,1.986750248761382e-06
YKL146W,YGL099W,1.195305139589653e-12
YKL146W,YBL016W,2.273386455486654e-14
YKL146W,YAL041W,2.8292026499343592e-08
YKL146W,YDR085C,1.3671828358557785e-14
YKL146W,YPL187W,0.0015911615919321775
YKL146W,YPL256C,6.76942063602276e-13
YKL146W,YDR461W,2.945248752439511e-06
YKL146W,YNL145W,1.5125595220766286e-11
snR80,YDL165W,0.2020167112350464
snR80,YGR059W,0.2020167112350464
snR80,YBR109C,0.2020167112350464
snR80,YJL080C,0.2020167112350464
snR80,YCR093W,0.2020167112350464
snR80,YIL122W,0.2020167112350464
snR80,YCL029C,0.2020167112350464
snR80,YNL173C,0.2020167112350464
snR80,YLR452C,0.2020167112350464
snR80,YDL160C,0.2020167112350464
snR80,YLR229C,0.2020167112350464
snR80,YML057W,0.2020167112350464
snR80,YER149C,0.2020167112350464
snR80,YMR305C,0.2020167112350464
snR80,YLR433C,0.2020167112350464
snR80,YJL073W,0.2020167112350464
snR80,YGR279C,0.2020167112350464
snR80,YKL190W,0.2020167112350464
snR80,YGL089C,0.2020167112350464
snR80,YJL019W,0.2020167112350464
snR80,YJL018W,0.2020167112350464
snR80,YNR032C-A,0.2020167112350464
snR80,YGL178W,0.2020167112350464
snR80,YKL116C,0.2020167112350464
snR80,YDL214C,0.2020167112350464
snR80,YLR362W,0.2020167112350464
snR80,YER068W,0.2020167112350464
snR80,YHR084W,0.2020167112350464
snR80,YDR392W,0.2020167112350464
snR80,YNL053W,0.2020167112350464
snR80,YGR040W,0.2020167112350464
snR80,YDL216C,0.2020167112350464
snR80,YOL117W,0.2020167112350464
snR80,YJR086W,0.2020167112350464
snR80,YMR025W,0.2020167112350464
snR80,YBR081C,0.2020167112350464
snR80,YFL026W,0.2020167112350464
snR80,YHL007C,0.2020167112350464
snR80,YNR044W,0.2020167112350464
snR80,YNL271C,0.2020167112350464
snR80,YDR200C,0.2020167112350464
snR80,YKL178C,0.2020167112350464
snR80,YOR212W,0.2020167112350464
snR80,YOL111C,0.2020167112350464
snR80,YGL032C,0.2020167112350464
snR80,YHR005C,0.2020167112350464
snR80,YDR103W,0.2020167112350464
snR80,YJR084W,0.2020167112350464
snR80,YCL032W,0.2020167112350464
snR80,YJL170C,0.2020167112350464
snR80,YDR179C,0.2020167112350464
snR80,YBR095C,0.2020167112350464
snR80,YLL021W,0.2020167112350464
snR80,YDL159W,0.2020167112350464
snR80,YNL161W,0.2020167112350464
snR80,YNL188W,0.2020167112350464
snR80,YJL157C,0.2020167112350464
snR80,YJL034W,0.2020167112350464
snR80,YLR238W,0.2020167112350464
snR80,YPR141C,0.2020167112350464
snR80,YNL127W,0.2020167112350464
snR80,YCL055W,0.2020167112350464
snR80,YPR122W,0.2020167112350464
snR80,YMR065W,0.2020167112350464
snR80,YDR356W,0.2020167112350464
snR80,YMR052W,0.2020167112350464
snR80,YFR008W,0.2020167112350464
snR80,YLL043W,0.2020167112350464
snR80,YMR029C,0.2020167112350464
snR80,YJR004C,0.2020167112350464
snR80,YDL223C,0.2020167112350464
snR80,YHR158C,0.2020167112350464
snR80,YGR238C,0.2020167112350464
snR80,YIL015W,0.2020167112350464
snR80,YGL173C,0.2020167112350464
snR80,YDL225W,0.2020167112350464
snR80,YLR330W,0.2020167112350464
snR80,YBR129C,0.2020167112350464
snR80,YKR095W-A,0.2020167112350464
snR80,YPR075C,0.2020167112350464
snR80,YMR198W,0.2020167112350464
snR80,YOR127W,0.2020167112350464
snR80,YDR264C,0.2020167112350464
snR80,YLR110C,0.2020167112350464
snR80,YDR379W,0.2020167112350464
snR80,YDL100C,0.2020167112350464
snR80,YHR073W,0.2020167112350464
snR80,YJR090C,0.2020167112350464
snR80,YOR208W,0.2020167112350464
snR80,YBR040W,0.2020167112350464
snR80,YNL279W,0.2020167112350464
snR80,YER075C,0.2020167112350464
snR80,YCR089W,0.2020167112350464
snR80,YCR002C,0.2020167112350464
snR80,YJL108C,0.2020167112350464
snR80,YBR200W,0.2020167112350464
snR80,YIL026C,0.2020167112350464
snR80,YJR076C,0.2020167112350464
snR80,YKR031C,0.2020167112350464
snR80,YPL192C,0.2020167112350464
snR80,YHR107C,0.2020167112350464
snR80,YIL037C,0.2020167112350464
snR80,YPL156C,0.2020167112350464
snR80,YIL117C,0.2020167112350464
snR80,YHR066W,0.2020167112350464
snR80,YML085C,0.2020167112350464
snR80,YML047C,0.2020167112350464
snR80,YDR312W,0.2020167112350464
snR80,YFL037W,0.2020167112350464
snR80,YDL038C,0.2020167112350464
snR80,YDL039C,0.2020167112350464
snR80,YCL027W,0.2020167112350464
snR80,YML124C,0.2020167112350464
snR80,YGL053W,0.2020167112350464
snR80,YMR232W,0.2020167112350464
snR80,YNL298W,0.2020167112350464
snR80,YGL099W,0.2020167112350464
snR80,YBL016W,0.2020167112350464
snR80,YAL041W,0.2020167112350464
snR80,YDR085C,0.2020167112350464
snR80,YPL187W,0.2020167112350464
snR80,YPL256C,0.2020167112350464
snR80,YDR461W,0.2020167112350464
snR80,YNL145W,0.2020167112350464
YKR030W,YDL165W,0.001555074006319046
YKR030W,YGR059W,5.980426465157507e-08
YKR030W,YBR109C,9.733182082527492e-08
YKR030W,YJL080C,0.001017145812511444
YKR030W,YCR093W,0.0005070304032415152
YKR030W,YIL122W,8.39962126519822e-07
YKR030W,YCL029C,3.8698555536280377e-13
YKR030W,YNL173C,0.00033647226518951356
YKR030W,YLR452C,3.4345041513006436e-06
YKR030W,YDL160C,3.8010341086192057e-05
YKR030W,YLR229C,2.0465133729885565e-06
YKR030W,YML057W,2.4052736989688128e-05
YKR030W,YER149C,1.9916414828458073e-07
YKR030W,YMR305C,5.3332524174720675e-08
YKR030W,YLR433C,0.9456449151039124
YKR030W,YJL073W,0.00012011437502223998
YKR030W,YGR279C,5.1745784730883315e-05
YKR030W,YKL190W,5.660410238306213e-07
YKR030W,YGL089C,6.0043589655833784e-06
YKR030W,YJL019W,4.0229184605777846e-07
YKR030W,YJL018W,0.01150229200720787
YKR030W,YNR032C-A,0.05818311497569084
YKR030W,YGL178W,2.9113998352040893e-15
YKR030W,YKL116C,9.623260521784971e-11
YKR030W,YDL214C,1.3029443834966514e-07
YKR030W,YLR362W,8.054926503575643e-09
YKR030W,YER068W,0.00016415680875070393
YKR030W,YHR084W,0.00026221032021567225
YKR030W,YDR392W,1.6667139890458316e-09
YKR030W,YNL053W,1.061872626451077e-05
YKR030W,YGR040W,0.13054847717285156
YKR030W,YDL216C,0.00037567419349215925
YKR030W,YOL117W,7.034323346033489e-08
YKR030W,YJR086W,8.223728400480468e-07
YKR030W,YMR025W,1.3625238715064825e-09
YKR030W,YBR081C,0.2027146965265274
YKR030W,YFL026W,9.11257558300349e-08
YKR030W,YHL007C,4.019565949420212e-06
YKR030W,YNR044W,2.807344117172761e-07
YKR030W,YNL271C,3.994658754891134e-07
YKR030W,YDR200C,5.03354112879606e-06
YKR030W,YKL178C,0.06247548386454582
YKR030W,YOR212W,2.219888983745477e-06
YKR030W,YOL111C,1.4766526760037757e-12
YKR030W,YGL032C,2.645235781528754e-06
YKR030W,YHR005C,4.004490749415224e-12
YKR030W,YDR103W,3.989145170635311e-06
YKR030W,YJR084W,5.007733307138551e-06
YKR030W,YCL032W,9.190038487150165e-12
YKR030W,YJL170C,0.011997421272099018
YKR030W,YDR179C,3.2586648934795903e-09
YKR030W,YBR095C,7.698164328218127e-10
YKR030W,YLL021W,1.0642605503471958e-12
YKR030W,YDL159W,1.5997407565304655e-10
YKR030W,YNL161W,4.4803658965975046e-05
YKR030W,YNL188W,1.3320054392806924e-08
YKR030W,YJL157C,5.711233797001114e-08
YKR030W,YJL034W,1.1655712839342414e-08
YKR030W,YLR238W,0.007854402996599674
YKR030W,YPR141C,0.00010229273902950808
YKR030W,YNL127W,5.007590453409705e-10
YKR030W,YCL055W,6.642606020790254e-09
YKR030W,YPR122W,2.8913893848625527e-11
YKR030W,YMR065W,0.002524933312088251
YKR030W,YDR356W,1.1076874670834513e-06
YKR030W,YMR052W,9.572532144375145e-05
YKR030W,YFR008W,1.2934503468287062e-10
YKR030W,YLL043W,6.965829470573226e-06
YKR030W,YMR029C,0.0032612665090709925
YKR030W,YJR004C,1.9657098164316267e-05
YKR030W,YDL223C,7.666435028209109e-19
YKR030W,YHR158C,4.4007670396695175e-08
YKR030W,YGR238C,2.4347592084833503e-13
YKR030W,YIL015W,0.0011585905449464917
YKR030W,YGL173C,2.0941535694873892e-05
YKR030W,YDL225W,1.4791636804289965e-09
YKR030W,YLR330W,3.9718389688303546e-10
YKR030W,YBR129C,1.6510943653957888e-11
YKR030W,YKR095W-A,0.2020167112350464
YKR030W,YPR075C,6.903788403178623e-07
YKR030W,YMR198W,1.021778439636023e-09
YKR030W,YOR127W,2.796047340325458e-07
YKR030W,YDR264C,1.2419118888828962e-07
YKR030W,YLR110C,1.09582872290237e-11
YKR030W,YDR379W,4.208129382732295e-07
YKR030W,YDL100C,4.123936378164217e-05
YKR030W,YHR073W,4.428923450205957e-09
YKR030W,YJR090C,7.403872928080091e-07
YKR030W,YOR208W,6.131117315233414e-12
YKR030W,YBR040W,1.5887120785595954e-10
YKR030W,YNL279W,2.500177629372047e-07
YKR030W,YER075C,3.008610656252131e-05
YKR030W,YCR089W,0.12708276510238647
YKR030W,YCR002C,2.600423272269836e-07
YKR030W,YJL108C,5.740971027989872e-05
YKR030W,YBR200W,1.1308797184028663e-05
YKR030W,YIL026C,6.6128609255144966e-09
YKR030W,YJR076C,1.4136754877824842e-08
YKR030W,YKR031C,1.6119125478830654e-10
YKR030W,YPL192C,3.42356288456358e-05
YKR030W,YHR107C,4.066450998152504e-08
YKR030W,YIL037C,1.4082877086707413e-08
YKR030W,YPL156C,2.4080739624565695e-09
YKR030W,YIL117C,1.0298930597230083e-08
YKR030W,YHR066W,0.00014043993724044412
YKR030W,YML085C,1.3084949790354017e-10
YKR030W,YML047C,0.0010412272531539202
YKR030W,YDR312W,5.811084520246368e-07
YKR030W,YFL037W,0.006649346556514502
YKR030W,YDL038C,0.2020167112350464
YKR030W,YDL039C,1.199621890539404e-12
YKR030W,YCL027W,7.153701631068543e-07
YKR030W,YML124C,0.43993890285491943
YKR030W,YGL053W,6.733252888579955e-08
YKR030W,YMR232W,1.5722156604169868e-05
YKR030W,YNL298W,2.0865587035956423e-10
YKR030W,YGL099W,0.25779977440834045
YKR030W,YBL016W,0.004531734623014927
YKR030W,YAL041W,3.4095498646635747e-10
YKR030W,YDR085C,2.879000859934422e-08
YKR030W,YPL187W,1.8489786270947661e-06
YKR030W,YPL256C,1.9933434458607735e-08
YKR030W,YDR461W,1.760620034474414e-05
YKR030W,YNL145W,6.282719079009477e-15
YLR344W,YDL165W,2.0319366189625043e-09
YLR344W,YGR059W,1.3692121214603503e-08
YLR344W,YBR109C,0.9985916018486023
YLR344W,YJL080C,0.05670921877026558
YLR344W,YCR093W,0.005882192403078079
YLR344W,YIL122W,0.932826042175293
YLR344W,YCL029C,7.164257034841803e-12
YLR344W,YNL173C,6.890998188735509e-11
YLR344W,YLR452C,1.8950785829474626e-07
YLR344W,YDL160C,3.8880706922268804e-13
YLR344W,YLR229C,0.00019696987874340266
YLR344W,YML057W,2.3295230558461645e-14
YLR344W,YER149C,5.79962167179815e-09
YLR344W,YMR305C,9.047747440149578e-09
YLR344W,YLR433C,1.0127559598241409e-13
YLR344W,YJL073W,1.9405223955493156e-13
YLR344W,YGR279C,0.06534532457590103
YLR344W,YKL190W,2.8379261422290194e-19
YLR344W,YGL089C,9.948970546247438e-05
YLR344W,YJL019W,0.8685073256492615
YLR344W,YJL018W,0.00012163162318756804
YLR344W,YNR032C-A,2.0266814004799016e-08
YLR344W,YGL178W,1.4911430978870044e-09
YLR344W,YKL116C,3.368794230119293e-13
YLR344W,YDL214C,0.03082379698753357
YLR344W,YLR362W,8.825593056371872e-08
YLR344W,YER068W,0.00016586076526436955
YLR344W,YHR084W,4.3745429501029776e-10
YLR344W,YDR392W,3.425563999126524e-11
YLR344W,YNL053W,5.198637964554109e-09
YLR344W,YGR040W,1.7674201444606297e-06
YLR344W,YDL216C,2.425401817404048e-16
YLR344W,YOL117W,0.015349477529525757
YLR344W,YJR086W,5.963534931652248e-05
YLR344W,YMR025W,1.781566112413202e-07
YLR344W,YBR081C,5.917088650650437e-13
YLR344W,YFL026W,1.1959524215399142e-07
YLR344W,YHL007C,6.479795410996303e-05
YLR344W,YNR044W,1.6239129081441206e-06
YLR344W,YNL271C,5.227482400942118e-13
YLR344W,YDR200C,1.8536078414399526e-06
YLR344W,YKL178C,7.091092265909538e-05
YLR344W,YOR212W,4.5376086921103745e-14
YLR344W,YOL111C,7.844796101608154e-08
YLR344W,YGL032C,4.2819754686451716e-11
YLR344W,YHR005C,4.591353519600716e-09
YLR344W,YDR103W,1.864785730276708e-07
YLR344W,YJR084W,1.7168705346293223e-10
YLR344W,YCL032W,2.4133858973762745e-12
YLR344W,YJL170C,0.0061641293577849865
YLR344W,YDR179C,2.0531842827471725e-13
YLR344W,YBR095C,4.0270056733682225e-10
YLR344W,YLL021W,4.970631266587588e-07
YLR344W,YDL159W,7.481185448909855e-09
YLR344W,YNL161W,1.366092988064338e-06
YLR344W,YNL188W,0.000698062009178102
YLR344W,YJL157C,1.3147209185313414e-15
YLR344W,YJL034W,8.197486201129423e-13
YLR344W,YLR238W,8.967724548604562e-19
YLR344W,YPR141C,3.5997532732423565e-10
YLR344W,YNL127W,1.4942476411761163e-07
YLR344W,YCL055W,1.7970087640151178e-07
YLR344W,YPR122W,2.230786000367857e-09
YLR344W,YMR065W,0.0006597730098292232
YLR344W,YDR356W,0.0002791366714518517
YLR344W,YMR052W,8.819472235854775e-11
YLR344W,YFR008W,2.957643158163492e-11
YLR344W,YLL043W,2.9902011533522455e-07
YLR344W,YMR029C,1.43024782691065e-14
YLR344W,YJR004C,2.3251045533356773e-08
YLR344W,YDL223C,7.249056713336902e-26
YLR344W,YHR158C,6.0397937886591535e-06
YLR344W,YGR238C,8.752367042150615e-20
YLR344W,YIL015W,4.302284750679064e-08
YLR344W,YGL173C,8.557370957673616e-12
YLR344W,YDL225W,2.1851363385394507e-07
YLR344W,YLR330W,3.5610702754651502e-12
YLR344W,YBR129C,1.535179317002644e-09
YLR344W,YKR095W-A,0.2020167112350464
YLR344W,YPR075C,1.3519700766892462e-12
YLR344W,YMR198W,9.677205525804311e-08
YLR344W,YOR127W,8.249749082651914e-13
YLR344W,YDR264C,1.7901839407565012e-13
YLR344W,YLR110C,1.47688444940286e-06
YLR344W,YDR379W,0.00011426438140915707
YLR344W,YDL100C,5.150521360519633e-07
YLR344W,YHR073W,2.7315544646508265e-16
YLR344W,YJR090C,2.401950041530654e-05
YLR344W,YOR208W,1.5136971342144534e-05
YLR344W,YBR040W,3.411906618566718e-06
YLR344W,YNL279W,5.036523281765071e-12
YLR344W,YER075C,2.41183406579637e-09
YLR344W,YCR089W,6.599927928618854e-07
YLR344W,YCR002C,6.522852345369756e-05
YLR344W,YJL108C,0.0013674423098564148
YLR344W,YBR200W,1.253159913056478e-18
YLR344W,YIL026C,5.827255344925675e-12
YLR344W,YJR076C,5.019457627319923e-10
YLR344W,YKR031C,0.01572229340672493
YLR344W,YPL192C,1.971066154737855e-07
YLR344W,YHR107C,2.1215658624427342e-13
YLR344W,YIL037C,0.0013963045785203576
YLR344W,YPL156C,7.236185539660767e-10
YLR344W,YIL117C,1.69766245505798e-09
YLR344W,YHR066W,2.364278206806042e-13
YLR344W,YML085C,1.2875359883505332e-17
YLR344W,YML047C,0.979459822177887
YLR344W,YDR312W,9.195127095179036e-15
YLR344W,YFL037W,0.011168316937983036
YLR344W,YDL038C,0.2020167112350464
YLR344W,YDL039C,9.243061536697104e-15
YLR344W,YCL027W,6.074502286948372e-15
YLR344W,YML124C,1.3402825994042429e-16
YLR344W,YGL053W,2.4550138245422624e-15
YLR344W,YMR232W,0.0005173987010493875
YLR344W,YNL298W,1.3894914445700124e-06
YLR344W,YGL099W,3.38884980190593e-13
YLR344W,YBL016W,1.0093933067861771e-12
YLR344W,YAL041W,4.725391744564433e-10
YLR344W,YDR085C,0.2609000504016876
YLR344W,YPL187W,1.046524555903261e-08
YLR344W,YPL256C,1.4958031613332423e-07
YLR344W,YDR461W,3.7444404910047524e-08
YLR344W,YNL145W,1.6172554221922757e-14
YLR136C,YDL165W,5.756966743319936e-07
YLR136C,YGR059W,2.2095227905083448e-06
YLR136C,YBR109C,1.4618367849550395e-08
YLR136C,YJL080C,0.0053492579609155655
YLR136C,YCR093W,0.005542021710425615
YLR136C,YIL122W,0.0012959691230207682
YLR136C,YCL029C,1.4653225832716998e-07
YLR136C,YNL173C,0.0001273245143238455
YLR136C,YLR452C,5.2597973990486935e-05
YLR136C,YDL160C,1.7509137251181528e-06
YLR136C,YLR229C,7.155973540508634e-14
YLR136C,YML057W,5.583913331719259e-09
YLR136C,YER149C,1.856360540841706e-05
YLR136C,YMR305C,0.004151251632720232
YLR136C,YLR433C,0.0987323522567749
YLR136C,YJL073W,1.2496606359491125e-05
YLR136C,YGR279C,8.601207355241058e-07
YLR136C,YKL190W,2.495506805644254e-06
YLR136C,YGL089C,0.0020265846978873014
YLR136C,YJL019W,6.838209287707286e-07
YLR136C,YJL018W,0.01218876987695694
YLR136C,YNR032C-A,0.003985976800322533
YLR136C,YGL178W,9.509187187672907e-11
YLR136C,YKL116C,2.68043254436634e-06
YLR136C,YDL214C,3.5199920235540194e-12
YLR136C,YLR362W,1.6917236280278303e-05
YLR136C,YER068W,4.0298957060258545e-07
YLR136C,YHR084W,2.4511025153994837e-11
YLR136C,YDR392W,1.9433055058470927e-06
YLR136C,YNL053W,7.714499952271581e-05
YLR136C,YGR040W,5.7231011596492465e-11
YLR136C,YDL216C,2.4745250293278787e-10
YLR136C,YOL117W,0.0003848311898764223
YLR136C,YJR086W,8.271394680292588e-10
YLR136C,YMR025W,0.003143084002658725
YLR136C,YBR081C,0.0002828273281920701
YLR136C,YFL026W,0.008849688805639744
YLR136C,YHL007C,6.078539338538747e-10
YLR136C,YNR044W,0.016297591850161552
YLR136C,YNL271C,0.012956377118825912
YLR136C,YDR200C,6.035605348841955e-11
YLR136C,YKL178C,1.2274634173081722e-05
YLR136C,YOR212W,5.416306958494488e-09
YLR136C,YOL111C,0.00010517080954741687
YLR136C,YGL032C,1.2445303121388918e-10
YLR136C,YHR005C,2.8552765078508624e-13
YLR136C,YDR103W,8.459400851279497e-05
YLR136C,YJR084W,1.4686308169586937e-08
YLR136C,YCL032W,1.0229465052802311e-09
YLR136C,YJL170C,3.659865119298722e-11
YLR136C,YDR179C,3.815592895079715e-15
YLR136C,YBR095C,6.153048275336914e-07
YLR136C,YLL021W,3.443932072855205e-08
YLR136C,YDL159W,4.921577367866803e-09
YLR136C,YNL161W,1.4733992429682985e-05
YLR136C,YNL188W,9.170459058793767e-09
YLR136C,YJL157C,1.5178041934404973e-08
YLR136C,YJL034W,2.6510849693295313e-06
YLR136C,YLR238W,9.872716866254905e-09
YLR136C,YPR141C,0.0001383628841722384
YLR136C,YNL127W,1.8084226383052737e-07
YLR136C,YCL055W,1.5370382050461373e-11
YLR136C,YPR122W,7.24779819494259e-11
YLR136C,YMR065W,1.7208434655913152e-05
YLR136C,YDR356W,1.981830109798466e-06
YLR136C,YMR052W,1.3919009174412356e-13
YLR136C,YFR008W,1.5066510539174516e-11
YLR136C,YLL043W,2.0455981939448975e-06
YLR136C,YMR029C,8.385803084820509e-06
YLR136C,YJR004C,8.906914317208248e-09
YLR136C,YDL223C,1.3352039539651396e-14
YLR136C,YHR158C,9.122631816627091e-11
YLR136C,YGR238C,5.448679303299286e-07
YLR136C,YIL015W,1.2074101718440033e-09
YLR136C,YGL173C,0.00041708353091962636
YLR136C,YDL225W,0.000102127822174225
YLR136C,YLR330W,2.355079232074786e-06
YLR136C,YBR129C,3.688154989744952e-11
YLR136C,YKR095W-A,0.2020167112350464
YLR136C,YPR075C,3.4195563047845212e-12
YLR136C,YMR198W,2.3282271399693855e-07
YLR136C,YOR127W,0.8499467372894287
YLR136C,YDR264C,6.453306777842727e-09
YLR136C,YLR110C,2.664151954601124e-10
YLR136C,YDR379W,2.2387906994936202e-07
YLR136C,YDL100C,6.351051954310571e-13
YLR136C,YHR073W,0.0033179072197526693
YLR136C,YJR090C,2.9693775216443896e-11
YLR136C,YOR208W,2.28616303665774e-09
YLR136C,YBR040W,0.9466400146484375
YLR136C,YNL279W,5.121175039590753e-09
YLR136C,YER075C,8.119225640257355e-06
YLR136C,YCR089W,4.558880846161628e-07
YLR136C,YCR002C,0.008577623404562473
YLR136C,YJL108C,1.5725301919997103e-12
YLR136C,YBR200W,0.0007769038784317672
YLR136C,YIL026C,1.0497031688316838e-08
YLR136C,YJR076C,0.3133881092071533
YLR136C,YKR031C,5.126484836637246e-08
YLR136C,YPL192C,9.254291944671422e-05
YLR136C,YHR107C,0.4454925060272217
YLR136C,YIL037C,0.00014578706759493798
YLR136C,YPL156C,1.0000540673349434e-10
YLR136C,YIL117C,3.863335393816669e-07
YLR136C,YHR066W,4.052902458084873e-11
YLR136C,YML085C,0.000433204259024933
YLR136C,YML047C,0.000869798706844449
YLR136C,YDR312W,0.004449967760592699
YLR136C,YFL037W,0.9788185358047485
YLR136C,YDL038C,0.2020167112350464
YLR136C,YDL039C,3.643887966429775e-14
YLR136C,YCL027W,3.0513672144572013e-10
YLR136C,YML124C,1.763292289957974e-11
YLR136C,YGL053W,4.271737824579347e-11
YLR136C,YMR232W,5.058527108303679e-07
YLR136C,YNL298W,0.9921557903289795
YLR136C,YGL099W,1.019177489069989e-06
YLR136C,YBL016W,5.1285989344229677e-11
YLR136C,YAL041W,8.18238948818717e-11
YLR136C,YDR085C,0.0006163626676425338
YLR136C,YPL187W,0.0010699930135160685
YLR136C,YPL256C,8.33276590128662e-06
YLR136C,YDR461W,4.598547826344007e-17
YLR136C,YNL145W,3.1727367261202843e-11
YKL190W,YDL165W,0.947380781173706
YKL190W,YGR059W,8.786546823102981e-05
YKL190W,YBR109C,0.9996277093887329
YKL190W,YJL080C,0.9999902248382568
YKL190W,YCR093W,0.9997311234474182
YKL190W,YIL122W,0.9971266388893127
YKL190W,YCL029C,9.083439778123648e-08
YKL190W,YNL173C,0.9729185700416565
YKL190W,YLR452C,0.9823932647705078
YKL190W,YDL160C,0.9978877902030945
YKL190W,YLR229C,0.9997920393943787
YKL190W,YML057W,0.001646718941628933
YKL190W,YER149C,0.9962905645370483
YKL190W,YMR305C,0.9999079704284668
YKL190W,YLR433C,0.9981080293655396
YKL190W,YJL073W,2.17065746710432e-07
YKL190W,YGR279C,0.9999998807907104
YKL190W,YGL089C,0.9964523315429688
YKL190W,YJL019W,0.9974608421325684
YKL190W,YJL018W,0.02409196086227894
YKL190W,YNR032C-A,0.9901810884475708
YKL190W,YGL178W,0.9997392296791077
YKL190W,YKL116C,7.675110282434616e-06
YKL190W,YDL214C,0.9995192289352417
YKL190W,YLR362W,0.9996470212936401
YKL190W,YER068W,7.573286779916089e-07
YKL190W,YHR084W,7.944143476379395e-08
YKL190W,YDR392W,0.9999480247497559
YKL190W,YNL053W,0.9995887875556946
YKL190W,YGR040W,0.9998273849487305
YKL190W,YDL216C,0.9928833246231079
YKL190W,YOL117W,0.9998455047607422
YKL190W,YJR086W,0.9990666508674622
YKL190W,YMR025W,0.9989344477653503
YKL190W,YBR081C,0.9999969005584717
YKL190W,YFL026W,0.5236364006996155
YKL190W,YHL007C,0.9955720901489258
YKL190W,YNR044W,0.9989537000656128
YKL190W,YNL271C,0.9987583160400391
YKL190W,YDR200C,0.9972168207168579
YKL190W,YKL178C,0.9944022297859192
YKL190W,YOR212W,0.9999312162399292
YKL190W,YOL111C,2.2394249299395597e-07
YKL190W,YGL032C,0.0006973232957534492
YKL190W,YHR005C,0.9985197186470032
YKL190W,YDR103W,0.9999990463256836
YKL190W,YJR084W,0.9995787739753723
YKL190W,YCL032W,0.9978479146957397
YKL190W,YJL170C,0.8127669095993042
YKL190W,YDR179C,7.064356695105078e-13
YKL190W,YBR095C,0.9799750447273254
YKL190W,YLL021W,0.999679684638977
YKL190W,YDL159W,1.8084729269673971e-09
YKL190W,YNL161W,0.9999743700027466
YKL190W,YNL188W,0.9999291896820068
YKL190W,YJL157C,0.179559588432312
YKL190W,YJL034W,2.11542827699418e-09
YKL190W,YLR238W,0.9998903274536133
YKL190W,YPR141C,0.9997357726097107
YKL190W,YNL127W,0.9987336993217468
YKL190W,YCL055W,0.006718167103827
YKL190W,YPR122W,0.9993960857391357
YKL190W,YMR065W,0.9999995231628418
YKL190W,YDR356W,0.9993306398391724
YKL190W,YMR052W,0.9996134638786316
YKL190W,YFR008W,0.9999544620513916
YKL190W,YLL043W,0.9998621940612793
YKL190W,YMR029C,0.995780348777771
YKL190W,YJR004C,9.256445991923101e-07
YKL190W,YDL223C,8.2794293643218e-10
YKL190W,YHR158C,0.9985395669937134
YKL190W,YGR238C,2.5260671332461015e-09
YKL190W,YIL015W,0.9993982315063477
YKL190W,YGL173C,0.9999926090240479
YKL190W,YDL225W,0.9993608593940735
YKL190W,YLR330W,0.05021391808986664
YKL190W,YBR129C,0.9926391839981079
YKL190W,YKR095W-A,0.2020167112350464
YKL190W,YPR075C,3.4132062864955515e-05
YKL190W,YMR198W,0.9933269023895264
YKL190W,YOR127W,0.998577356338501
YKL190W,YDR264C,0.999809205532074
YKL190W,YLR110C,0.999816358089447
YKL190W,YDR379W,0.9969863295555115
YKL190W,YDL100C,0.9886772632598877
YKL190W,YHR073W,0.9999678134918213
YKL190W,YJR090C,0.9999986886978149
YKL190W,YOR208W,0.997455894947052
YKL190W,YBR040W,0.9247952699661255
YKL190W,YNL279W,0.9999387264251709
YKL190W,YER075C,0.9976513981819153
YKL190W,YCR089W,2.0589759515132755e-05
YKL190W,YCR002C,0.9999561309814453
YKL190W,YJL108C,0.9988073110580444
YKL190W,YBR200W,0.21418292820453644
YKL190W,YIL026C,0.9994459748268127
YKL190W,YJR076C,0.997527539730072
YKL190W,YKR031C,0.9999681711196899
YKL190W,YPL192C,0.9971767663955688
YKL190W,YHR107C,0.9885619878768921
YKL190W,YIL037C,0.6819069385528564
YKL190W,YPL156C,0.9999512434005737
YKL190W,YIL117C,0.9655280113220215
YKL190W,YHR066W,0.01233439240604639
YKL190W,YML085C,1.0
YKL190W,YML047C,0.9877140522003174
YKL190W,YDR312W,0.9992526173591614
YKL190W,YFL037W,0.9999997615814209
YKL190W,YDL038C,0.2020167112350464
YKL190W,YDL039C,7.637335208698914e-11
YKL190W,YCL027W,0.9809442162513733
YKL190W,YML124C,4.237612643009925e-07
YKL190W,YGL053W,0.9983602166175842
YKL190W,YMR232W,0.9990537762641907
YKL190W,YNL298W,0.9999605417251587
YKL190W,YGL099W,0.9996340274810791
YKL190W,YBL016W,2.9438257342917495e-07
YKL190W,YAL041W,0.9984422326087952
YKL190W,YDR085C,0.9992998838424683
YKL190W,YPL187W,0.9996964931488037
YKL190W,YPL256C,0.015304040163755417
YKL190W,YDR461W,2.3467018763767555e-05
YKL190W,YNL145W,4.8780152610561345e-06
YBL056W,YDL165W,0.12998726963996887
YBL056W,YGR059W,8.724462531972677e-05
YBL056W,YBR109C,0.07893827557563782
YBL056W,YJL080C,2.810271871567238e-05
YBL056W,YCR093W,1.5565987041554763e-06
YBL056W,YIL122W,0.09055918455123901
YBL056W,YCL029C,2.6257060414813793e-10
YBL056W,YNL173C,2.517489827713604e-10
YBL056W,YLR452C,0.00039346382254734635
YBL056W,YDL160C,5.993386366753839e-05
YBL056W,YLR229C,0.9999041557312012
YBL056W,YML057W,1.7588279206393054e-06
YBL056W,YER149C,0.00036155281122773886
YBL056W,YMR305C,8.666047506267205e-07
YBL056W,YLR433C,6.505110832222272e-06
YBL056W,YJL073W,2.5648988710713638e-08
YBL056W,YGR279C,0.011739792302250862
YBL056W,YKL190W,0.4615406394004822
YBL056W,YGL089C,9.716775821289048e-06
YBL056W,YJL019W,0.3776825964450836
YBL056W,YJL018W,0.001007021521218121
YBL056W,YNR032C-A,0.044099967926740646
YBL056W,YGL178W,0.0012224604142829776
YBL056W,YKL116C,0.0005936481757089496
YBL056W,YDL214C,0.26354536414146423
YBL056W,YLR362W,2.007916236834717e-06
YBL056W,YER068W,2.561528731348517e-07
YBL056W,YHR084W,1.6005808447516756e-06
YBL056W,YDR392W,0.0001014343579299748
YBL056W,YNL053W,0.7994444966316223
YBL056W,YGR040W,0.008906129747629166
YBL056W,YDL216C,0.0012290095910429955
YBL056W,YOL117W,0.23649419844150543
YBL056W,YJR086W,0.08268144726753235
YBL056W,YMR025W,2.5715345941534906e-07
YBL056W,YBR081C,1.234358535384672e-07
YBL056W,YFL026W,8.194494876079261e-05
YBL056W,YHL007C,0.0002569760545156896
YBL056W,YNR044W,2.2808102073668124e-09
YBL056W,YNL271C,0.2649684250354767
YBL056W,YDR200C,0.003302583936601877
YBL056W,YKL178C,0.0001635805529076606
YBL056W,YOR212W,0.22953082621097565
YBL056W,YOL111C,0.008694673888385296
YBL056W,YGL032C,0.0012069276999682188
YBL056W,YHR005C,0.43353205919265747
YBL056W,YDR103W,0.01793745905160904
YBL056W,YJR084W,0.0028913056012243032
YBL056W,YCL032W,0.0020483736880123615
YBL056W,YJL170C,7.129156438168138e-05
YBL056W,YDR179C,4.790527441400627e-08
YBL056W,YBR095C,1.450809890002347e-07
YBL056W,YLL021W,7.46781303462285e-09
YBL056W,YDL159W,4.780738436238607e-07
YBL056W,YNL161W,4.0739510609455465e-07
YBL056W,YNL188W,0.03161734342575073
YBL056W,YJL157C,4.694422841566848e-06
YBL056W,YJL034W,1.7133812434622087e-05
YBL056W,YLR238W,1.6675398561982746e-10
YBL056W,YPR141C,0.823508620262146
YBL056W,YNL127W,0.9317485094070435
YBL056W,YCL055W,0.008162646554410458
YBL056W,YPR122W,1.54180526124037e-07
YBL056W,YMR065W,4.745338810607791e-05
YBL056W,YDR356W,0.0016692319186404347
YBL056W,YMR052W,1.2942753535583051e-09
YBL056W,YFR008W,4.2370757000753656e-05
YBL056W,YLL043W,0.0003263175312895328
YBL056W,YMR029C,0.038658369332551956
YBL056W,YJR004C,7.035772000563156e-07
YBL056W,YDL223C,1.5110405982010633e-10
YBL056W,YHR158C,0.012605378404259682
YBL056W,YGR238C,1.0496180493646534e-06
YBL056W,YIL015W,0.15414613485336304
YBL056W,YGL173C,3.0391183258871024e-07
YBL056W,YDL225W,0.42635923624038696
YBL056W,YLR330W,0.1112312600016594
YBL056W,YBR129C,9.946505424851537e-13
YBL056W,YKR095W-A,0.2020167112350464
YBL056W,YPR075C,2.1309800146696034e-08
YBL056W,YMR198W,0.00010424880747450516
YBL056W,YOR127W,3.5595942904365074e-07
YBL056W,YDR264C,5.9183533629436624e-09
YBL056W,YLR110C,7.496464036194084e-07
YBL056W,YDR379W,0.054721105843782425
YBL056W,YDL100C,9.928899089572951e-06
YBL056W,YHR073W,0.00025237290537916124
YBL056W,YJR090C,0.011949011124670506
YBL056W,YOR208W,0.00026353588327765465
YBL056W,YBR040W,0.9718567728996277
YBL056W,YNL279W,0.7410420179367065
YBL056W,YER075C,2.5307929263362894e-07
YBL056W,YCR089W,1.3126507838023826e-05
YBL056W,YCR002C,2.8117813144490356e-07
YBL056W,YJL108C,0.00045493736979551613
YBL056W,YBR200W,2.971690719277831e-06
YBL056W,YIL026C,0.0002731627319008112
YBL056W,YJR076C,4.554100985210141e-10
YBL056W,YKR031C,0.00020952816703356802
YBL056W,YPL192C,0.002768735634163022
YBL056W,YHR107C,0.0005011797766201198
YBL056W,YIL037C,0.0075044273398816586
YBL056W,YPL156C,0.2876163423061371
YBL056W,YIL117C,2.4843578216859896e-07
YBL056W,YHR066W,4.309717079736819e-12
YBL056W,YML085C,0.07814915478229523
YBL056W,YML047C,0.002235741587355733
YBL056W,YDR312W,1.893437365652062e-05
YBL056W,YFL037W,3.696177736856043e-05
YBL056W,YDL038C,0.2020167112350464
YBL056W,YDL039C,5.769943550726353e-12
YBL056W,YCL027W,0.21243612468242645
YBL056W,YML124C,0.0018129409290850163
YBL056W,YGL053W,9.252667076964372e-09
YBL056W,YMR232W,0.00013559614308178425
YBL056W,YNL298W,7.525084722015407e-11
YBL056W,YGL099W,3.792921651670639e-13
YBL056W,YBL016W,9.331863111583516e-06
YBL056W,YAL041W,8.933440085456823e-07
YBL056W,YDR085C,0.00018139353778678924
YBL056W,YPL187W,0.6742163300514221
YBL056W,YPL256C,9.644594683777541e-05
YBL056W,YDR461W,6.332602775493967e-10
YBL056W,YNL145W,0.00010020197805715725
YGR278W,YDL165W,0.00017677395953796804
YGR278W,YGR059W,0.03751198574900627
YGR278W,YBR109C,0.010195532813668251
YGR278W,YJL080C,0.049331314861774445
YGR278W,YCR093W,0.0013760797446593642
YGR278W,YIL122W,7.813638625009389e-10
YGR278W,YCL029C,2.426800947696872e-11
YGR278W,YNL173C,8.943407125983072e-10
YGR278W,YLR452C,0.14222212135791779
YGR278W,YDL160C,0.0015471507795155048
YGR278W,YLR229C,0.0013025797670707107
YGR278W,YML057W,3.8572620653098966e-09
YGR278W,YER149C,0.6810548901557922
YGR278W,YMR305C,6.048060186003568e-08
YGR278W,YLR433C,3.7285829534994264e-08
YGR278W,YJL073W,5.502700150827877e-05
YGR278W,YGR279C,6.257942497533975e-10
YGR278W,YKL190W,0.005437374580651522
YGR278W,YGL089C,4.071658622706309e-05
YGR278W,YJL019W,0.0028927370440214872
YGR278W,YJL018W,0.0006348574534058571
YGR278W,YNR032C-A,4.093469033250585e-05
YGR278W,YGL178W,0.008175527676939964
YGR278W,YKL116C,0.0009473027312196791
YGR278W,YDL214C,1.1247104794165352e-06
YGR278W,YLR362W,1.0974858923873398e-06
YGR278W,YER068W,0.24115130305290222
YGR278W,YHR084W,0.00027622320340014994
YGR278W,YDR392W,0.006381372455507517
YGR278W,YNL053W,0.0010018497705459595
YGR278W,YGR040W,8.918733129803513e-08
YGR278W,YDL216C,3.860414210521412e-08
YGR278W,YOL117W,0.016814908012747765
YGR278W,YJR086W,2.6258194907313737e-07
YGR278W,YMR025W,1.3186702840783937e-09
YGR278W,YBR081C,1.2642451110878028e-05
YGR278W,YFL026W,0.015478065237402916
YGR278W,YHL007C,0.0288527924567461
YGR278W,YNR044W,0.08508488535881042
YGR278W,YNL271C,0.9655293822288513
YGR278W,YDR200C,5.123443997945287e-07
YGR278W,YKL178C,0.0811360776424408
YGR278W,YOR212W,0.006521362345665693
YGR278W,YOL111C,5.4029172247282986e-08
YGR278W,YGL032C,2.114620201609796e-06
YGR278W,YHR005C,2.3619455191692396e-07
YGR278W,YDR103W,0.0002823978429660201
YGR278W,YJR084W,1.0836517503776122e-05
YGR278W,YCL032W,8.191082656594517e-08
YGR278W,YJL170C,0.00033517112024128437
YGR278W,YDR179C,5.373367457650602e-06
YGR278W,YBR095C,0.0004257207619957626
YGR278W,YLL021W,0.7181495428085327
YGR278W,YDL159W,4.28748814229607e-09
YGR278W,YNL161W,2.2812241695646662e-06
YGR278W,YNL188W,9.397202234140423e-07
YGR278W,YJL157C,7.832237315597013e-06
YGR278W,YJL034W,4.139578124728871e-10
YGR278W,YLR238W,3.4427158901451094e-09
YGR278W,YPR141C,7.947826929921575e-08
YGR278W,YNL127W,0.00015795533545315266
YGR278W,YCL055W,2.2298076718385573e-09
YGR278W,YPR122W,0.9999483823776245
YGR278W,YMR065W,2.426470473437803e-06
YGR278W,YDR356W,6.660859641627326e-10
YGR278W,YMR052W,3.9139549934397166e-10
YGR278W,YFR008W,0.000579318730160594
YGR278W,YLL043W,7.88234899573581e-09
YGR278W,YMR029C,2.580011937425297e-07
YGR278W,YJR004C,4.5298790496417496e-07
YGR278W,YDL223C,0.00011378325143596157
YGR278W,YHR158C,0.000702052318956703
YGR278W,YGR238C,0.31555333733558655
YGR278W,YIL015W,0.9643450379371643
YGR278W,YGL173C,3.916527901992595e-08
YGR278W,YDL225W,0.8625264763832092
YGR278W,YLR330W,4.972470719621924e-07
YGR278W,YBR129C,9.764001333678607e-06
YGR278W,YKR095W-A,0.2020167112350464
YGR278W,YPR075C,0.0008075729128904641
YGR278W,YMR198W,2.004736785465866e-07
YGR278W,YOR127W,0.04094232991337776
YGR278W,YDR264C,0.0001680240238783881
YGR278W,YLR110C,4.0036746895566466e-07
YGR278W,YDR379W,0.19398292899131775
YGR278W,YDL100C,5.607147191000195e-09
YGR278W,YHR073W,0.00034140926436521113
YGR278W,YJR090C,7.752904025437601e-07
YGR278W,YOR208W,0.0031367840711027384
YGR278W,YBR040W,0.00027247576508671045
YGR278W,YNL279W,0.17769500613212585
YGR278W,YER075C,3.3799676657508826e-06
YGR278W,YCR089W,5.53838797046069e-09
YGR278W,YCR002C,0.7957229018211365
YGR278W,YJL108C,0.00013654031499754637
YGR278W,YBR200W,0.02932922914624214
YGR278W,YIL026C,1.3219633729022462e-05
YGR278W,YJR076C,0.014598730020225048
YGR278W,YKR031C,1.474400477263771e-07
YGR278W,YPL192C,0.0026715281419456005
YGR278W,YHR107C,1.945341682585422e-05
YGR278W,YIL037C,1.393070458988177e-08
YGR278W,YPL156C,0.9894534349441528
YGR278W,YIL117C,0.003685140050947666
YGR278W,YHR066W,2.754281178130036e-12
YGR278W,YML085C,5.482169854076346e-06
YGR278W,YML047C,0.6446284651756287
YGR278W,YDR312W,0.00033226609230041504
YGR278W,YFL037W,1.8645398085936904e-05
YGR278W,YDL038C,0.2020167112350464
YGR278W,YDL039C,6.204545341045864e-13
YGR278W,YCL027W,0.004249394405633211
YGR278W,YML124C,8.491073822369799e-05
YGR278W,YGL053W,5.905331818212289e-06
YGR278W,YMR232W,5.347436626834678e-07
YGR278W,YNL298W,1.185905595946224e-09
YGR278W,YGL099W,7.6080441431258805e-06
YGR278W,YBL016W,1.843694832359688e-07
YGR278W,YAL041W,0.11626490950584412
YGR278W,YDR085C,2.410157549093128e-07
YGR278W,YPL187W,0.0017914684722200036
YGR278W,YPL256C,0.0001642050192458555
YGR278W,YDR461W,0.00012154501746408641
YGR278W,YNL145W,0.2634848654270172
snR35,YDL165W,0.0007041710778139532
snR35,YGR059W,8.683555279276334e-06
snR35,YBR109C,3.2397434779340983e-07
snR35,YJL080C,0.00012591118866112083
snR35,YCR093W,1.306770940345814e-07
snR35,YIL122W,0.00017039704835042357
snR35,YCL029C,0.008327087387442589
snR35,YNL173C,0.321963906288147
snR35,YLR452C,0.0012112314580008388
snR35,YDL160C,2.282490640936885e-05
snR35,YLR229C,2.62471600009917e-09
snR35,YML057W,0.08165065199136734
snR35,YER149C,0.0004753610701300204
snR35,YMR305C,0.005412036087363958
snR35,YLR433C,0.3906465768814087
snR35,YJL073W,0.5010485053062439
snR35,YGR279C,0.0016791581874713302
snR35,YKL190W,6.190917338244617e-05
snR35,YGL089C,9.542264933770639e-07
snR35,YJL019W,0.0002874226775020361
snR35,YJL018W,0.2020167112350464
snR35,YNR032C-A,3.5101681987725897e-06
snR35,YGL178W,0.00036681274650618434
snR35,YKL116C,0.009718682616949081
snR35,YDL214C,0.0004972217720933259
snR35,YLR362W,4.442780436875182e-07
snR35,YER068W,4.353623808128759e-06
snR35,YHR084W,1.1447614269854967e-06
snR35,YDR392W,0.009320331737399101
snR35,YNL053W,0.0009759230888448656
snR35,YGR040W,0.07732409983873367
snR35,YDL216C,0.004000779706984758
snR35,YOL117W,0.00042417796794325113
snR35,YJR086W,0.0006385149317793548
snR35,YMR025W,8.560293451864709e-08
snR35,YBR081C,6.3711258917464875e-06
snR35,YFL026W,0.0007110039587132633
snR35,YHL007C,7.233127689687535e-05
snR35,YNR044W,0.0001213093928527087
snR35,YNL271C,0.05540881305932999
snR35,YDR200C,0.08122938871383667
snR35,YKL178C,1.4649656271056855e-12
snR35,YOR212W,5.2195548050804064e-05
snR35,YOL111C,5.5633470765314996e-05
snR35,YGL032C,9.803571629163343e-06
snR35,YHR005C,0.00048437746590934694
snR35,YDR103W,0.6118704676628113
snR35,YJR084W,0.014289266429841518
snR35,YCL032W,0.28777310252189636
snR35,YJL170C,0.010924403555691242
snR35,YDR179C,0.00014823215315118432
snR35,YBR095C,0.009731274098157883
snR35,YLL021W,0.014928449876606464
snR35,YDL159W,2.8609176752070198e-06
snR35,YNL161W,0.00044192661880515516
snR35,YNL188W,0.0003364347212482244
snR35,YJL157C,0.00026436359621584415
snR35,YJL034W,0.007695618085563183
snR35,YLR238W,0.8725707530975342
snR35,YPR141C,0.017523622140288353
snR35,YNL127W,0.009862997569143772
snR35,YCL055W,0.0006784768193028867
snR35,YPR122W,0.7629918456077576
snR35,YMR065W,1.4384739870365593e-06
snR35,YDR356W,0.0004835790896322578
snR35,YMR052W,9.325418068328872e-05
snR35,YFR008W,0.0028350790962576866
snR35,YLL043W,0.10386766493320465
snR35,YMR029C,0.043894220143556595
snR35,YJR004C,7.524889042542782e-06
snR35,YDL223C,0.0009635653113946319
snR35,YHR158C,0.004546318668872118
snR35,YGR238C,0.0034970352426171303
snR35,YIL015W,4.665966844186187e-05
snR35,YGL173C,5.4747556532674935e-06
snR35,YDL225W,0.0020861311350017786
snR35,YLR330W,0.0012243586825206876
snR35,YBR129C,6.544174539158121e-06
snR35,YKR095W-A,0.2020167112350464
snR35,YPR075C,0.000773983949329704
snR35,YMR198W,0.023748112842440605
snR35,YOR127W,0.3038507103919983
snR35,YDR264C,8.323799193021841e-06
snR35,YLR110C,0.0007722636801190674
snR35,YDR379W,0.07198775559663773
snR35,YDL100C,5.816850716655608e-07
snR35,YHR073W,0.00017099600518122315
snR35,YJR090C,0.0005109015619382262
snR35,YOR208W,0.0364648811519146
snR35,YBR040W,1.4168033146688686e-07
snR35,YNL279W,6.969994137762114e-05
snR35,YER075C,8.269386853498872e-06
snR35,YCR089W,0.22541649639606476
snR35,YCR002C,8.992315656541905e-07
snR35,YJL108C,0.09167584776878357
snR35,YBR200W,0.04037537798285484
snR35,YIL026C,3.4625506941665662e-06
snR35,YJR076C,9.890484943753108e-05
snR35,YKR031C,0.0014273972483351827
snR35,YPL192C,2.5639142222644296e-06
snR35,YHR107C,0.013783478178083897
snR35,YIL037C,0.0006066822679713368
snR35,YPL156C,0.0004364621127024293
snR35,YIL117C,0.034919001162052155
snR35,YHR066W,0.011694635264575481
snR35,YML085C,0.023363588377833366
snR35,YML047C,2.1361363906180486e-05
snR35,YDR312W,0.006558207329362631
snR35,YFL037W,6.453814904716637e-08
snR35,YDL038C,0.2020167112350464
snR35,YDL039C,9.392121746998328e-09
snR35,YCL027W,0.0007252541254274547
snR35,YML124C,0.0003298415686003864
snR35,YGL053W,0.0012863273732364178
snR35,YMR232W,0.0013830976095050573
snR35,YNL298W,0.01735035516321659
snR35,YGL099W,7.529651338700205e-05
snR35,YBL016W,0.009041043929755688
snR35,YAL041W,2.197387038904708e-05
snR35,YDR085C,1.899977905850392e-05
snR35,YPL187W,3.24014326906763e-05
snR35,YPL256C,0.0001888797414721921
snR35,YDR461W,3.673730134323705e-06
snR35,YNL145W,0.0017145982710644603
YER169W,YDL165W,1.977286112619936e-10
YER169W,YGR059W,4.916310685377373e-14
YER169W,YBR109C,6.001545788114626e-11
YER169W,YJL080C,3.226594708394259e-05
YER169W,YCR093W,1.0385369897392138e-08
YER169W,YIL122W,4.683167276198219e-07
YER169W,YCL029C,1.5151253137446474e-05
YER169W,YNL173C,0.9525479674339294
YER169W,YLR452C,7.913111943480544e-08
YER169W,YDL160C,0.05038125440478325
YER169W,YLR229C,0.00017768514226190746
YER169W,YML057W,3.19956576788627e-08
YER169W,YER149C,0.9999974966049194
YER169W,YMR305C,0.3997560739517212
YER169W,YLR433C,4.2064438043887264e-10
YER169W,YJL073W,1.1594623856581165e-06
YER169W,YGR279C,1.1940827493450712e-10
YER169W,YKL190W,0.00769033282995224
YER169W,YGL089C,3.296473551017698e-06
YER169W,YJL019W,0.0006769722676835954
YER169W,YJL018W,0.0030301506631076336
YER169W,YNR032C-A,0.9575742483139038
YER169W,YGL178W,0.00017423804092686623
YER169W,YKL116C,1.0596769683957064e-08
YER169W,YDL214C,0.0037454364355653524
YER169W,YLR362W,3.689722660737971e-08
YER169W,YER068W,6.716963980579749e-05
YER169W,YHR084W,4.448249057986686e-07
YER169W,YDR392W,0.2635912001132965
YER169W,YNL053W,0.6808283925056458
YER169W,YGR040W,0.0014684762572869658
YER169W,YDL216C,0.0002442416443955153
YER169W,YOL117W,0.00019580141815822572
YER169W,YJR086W,3.800255330690602e-14
YER169W,YMR025W,3.908006007691256e-08
YER169W,YBR081C,0.001684007584117353
YER169W,YFL026W,0.0002086253371089697
YER169W,YHL007C,4.058570539200446e-06
YER169W,YNR044W,3.071421872391511e-08
YER169W,YNL271C,0.5214682817459106
YER169W,YDR200C,2.5129876846108345e-08
YER169W,YKL178C,0.0011616306146606803
YER169W,YOR212W,3.067483073104782e-11
YER169W,YOL111C,1.3218268493653262e-11
YER169W,YGL032C,2.6324664759158622e-06
YER169W,YHR005C,1.0344999523681508e-08
YER169W,YDR103W,0.0006207592086866498
YER169W,YJR084W,1.576864505636877e-08
YER169W,YCL032W,0.45743227005004883
YER169W,YJL170C,0.10917074978351593
YER169W,YDR179C,1.8929913494503126e-05
YER169W,YBR095C,0.24566826224327087
YER169W,YLL021W,0.0008620034786872566
YER169W,YDL159W,1.7825850517905195e-10
YER169W,YNL161W,1.5381030607386492e-05
YER169W,YNL188W,1.0773318237511376e-08
YER169W,YJL157C,0.000764069554861635
YER169W,YJL034W,0.00042662755004130304
YER169W,YLR238W,1.885953199165513e-12
YER169W,YPR141C,0.021249212324619293
YER169W,YNL127W,0.0006785133737139404
YER169W,YCL055W,4.992898455791206e-12
YER169W,YPR122W,0.15485377609729767
YER169W,YMR065W,8.931790216593072e-05
YER169W,YDR356W,2.7969542770733824e-07
YER169W,YMR052W,1.2289295625578234e-07
YER169W,YFR008W,1.7711459035507637e-11
YER169W,YLL043W,0.0027111046947538853
YER169W,YMR029C,0.00018277691560797393
YER169W,YJR004C,0.0030983812175691128
YER169W,YDL223C,4.306054194176635e-15
YER169W,YHR158C,4.437901952769607e-05
YER169W,YGR238C,7.869486173817108e-10
YER169W,YIL015W,0.09725439548492432
YER169W,YGL173C,0.000451089785201475
YER169W,YDL225W,0.0004140576929785311
YER169W,YLR330W,1.1027012078557163e-05
YER169W,YBR129C,0.7427166104316711
YER169W,YKR095W-A,0.2020167112350464
YER169W,YPR075C,1.80729251009204e-10
YER169W,YMR198W,8.306746401842702e-10
YER169W,YOR127W,0.0117165083065629
YER169W,YDR264C,3.983541319030337e-06
YER169W,YLR110C,0.00030753485043533146
YER169W,YDR379W,0.06263752281665802
YER169W,YDL100C,2.4597424541639157e-08
YER169W,YHR073W,2.6460142180440016e-05
YER169W,YJR090C,2.3455617448320254e-09
YER169W,YOR208W,0.00010246387682855129
YER169W,YBR040W,3.613600347307511e-05
YER169W,YNL279W,1.4161645367494202e-06
YER169W,YER075C,0.11388130486011505
YER169W,YCR089W,0.002686509396880865
YER169W,YCR002C,3.35744232415891e-08
YER169W,YJL108C,0.0006902098539285362
YER169W,YBR200W,1.0757120435300749e-05
YER169W,YIL026C,0.01415514200925827
YER169W,YJR076C,4.8867086377413216e-08
YER169W,YKR031C,0.010530209168791771
YER169W,YPL192C,6.601061386390938e-07
YER169W,YHR107C,5.69463977384034e-14
YER169W,YIL037C,0.9904941916465759
YER169W,YPL156C,0.1207597628235817
YER169W,YIL117C,5.377332854550332e-07
YER169W,YHR066W,7.032208941382123e-06
YER169W,YML085C,6.6849842994543e-08
YER169W,YML047C,0.02191011607646942
YER169W,YDR312W,0.45971161127090454
YER169W,YFL037W,0.926386833190918
YER169W,YDL038C,0.2020167112350464
YER169W,YDL039C,1.4705293295553065e-18
YER169W,YCL027W,1.4654009117265332e-09
YER169W,YML124C,5.891921261991229e-08
YER169W,YGL053W,0.00014358494081534445
YER169W,YMR232W,0.9999973773956299
YER169W,YNL298W,3.059732262045145e-05
YER169W,YGL099W,0.004703380633145571
YER169W,YBL016W,4.6306170703447336e-11
YER169W,YAL041W,0.003092595376074314
YER169W,YDR085C,5.5803833776124634e-11
YER169W,YPL187W,0.0008169751381501555
YER169W,YPL256C,0.0033597382716834545
YER169W,YDR461W,7.109718369591178e-10
YER169W,YNL145W,2.6692390520111076e-07
YNL242W,YDL165W,7.257837278053139e-16
YNL242W,YGR059W,3.3034912583218556e-09
YNL242W,YBR109C,1.9384538418876218e-10
YNL242W,YJL080C,1.3013213770451948e-11
YNL242W,YCR093W,1.917775080073625e-06
YNL242W,YIL122W,2.7494223911461724e-11
YNL242W,YCL029C,5.850923301409239e-08
YNL242W,YNL173C,1.976821137339435e-11
YNL242W,YLR452C,5.615455052065954e-07
YNL242W,YDL160C,5.743049369399955e-10
YNL242W,YLR229C,1.602076804552155e-10
YNL242W,YML057W,9.742933890222183e-12
YNL242W,YER149C,1.5722979862520248e-10
YNL242W,YMR305C,0.408677875995636
YNL242W,YLR433C,2.4633702651044587e-06
YNL242W,YJL073W,1.6919583789576365e-11
YNL242W,YGR279C,4.576601320138707e-10
YNL242W,YKL190W,3.128101866423094e-08
YNL242W,YGL089C,7.835612905182643e-07
YNL242W,YJL019W,0.6272261142730713
YNL242W,YJL018W,0.05062127485871315
YNL242W,YNR032C-A,4.502870433498174e-05
YNL242W,YGL178W,7.870121976338851e-07
YNL242W,YKL116C,8.971252896117221e-07
YNL242W,YDL214C,5.678715137014123e-11
YNL242W,YLR362W,8.524445179179871e-20
YNL242W,YER068W,6.6371495677231e-07
YNL242W,YHR084W,2.0509113071026652e-12
YNL242W,YDR392W,7.174734981477138e-15
YNL242W,YNL053W,1.6024669946546055e-07
YNL242W,YGR040W,6.011387221338538e-11
YNL242W,YDL216C,4.3883868983130014e-08
YNL242W,YOL117W,7.417590677505359e-05
YNL242W,YJR086W,9.752898290945992e-16
YNL242W,YMR025W,1.246785785724569e-09
YNL242W,YBR081C,1.2456092008505948e-05
YNL242W,YFL026W,4.983204462405411e-07
YNL242W,YHL007C,2.802678636726341e-06
YNL242W,YNR044W,0.0020770439878106117
YNL242W,YNL271C,0.001121686538681388
YNL242W,YDR200C,7.10341874210485e-09
YNL242W,YKL178C,1.283442796484735e-11
YNL242W,YOR212W,9.311789790037318e-15
YNL242W,YOL111C,5.524942389456555e-05
YNL242W,YGL032C,0.8926827907562256
YNL242W,YHR005C,5.997904395371734e-08
YNL242W,YDR103W,7.799969864109099e-21
YNL242W,YJR084W,3.6125862717950596e-11
YNL242W,YCL032W,8.805768614283949e-12
YNL242W,YJL170C,2.208266596426256e-05
YNL242W,YDR179C,2.4506945919711143e-05
YNL242W,YBR095C,1.7345016592237449e-15
YNL242W,YLL021W,1.8311429812456481e-06
YNL242W,YDL159W,9.222682706422347e-08
YNL242W,YNL161W,1.836354783790739e-07
YNL242W,YNL188W,8.986598345472885e-07
YNL242W,YJL157C,0.006042273249477148
YNL242W,YJL034W,1.9251680249965375e-09
YNL242W,YLR238W,6.342531887063366e-16
YNL242W,YPR141C,0.0008328849798999727
YNL242W,YNL127W,3.0909095727338354e-08
YNL242W,YCL055W,3.2767847102377345e-08
YNL242W,YPR122W,3.052377144444063e-12
YNL242W,YMR065W,7.143492741779056e-11
YNL242W,YDR356W,0.0009110156097449362
YNL242W,YMR052W,1.2764215826674094e-15
YNL242W,YFR008W,6.238006565534307e-17
YNL242W,YLL043W,0.9972420930862427
YNL242W,YMR029C,7.676346780449705e-10
YNL242W,YJR004C,2.1257785299839266e-13
YNL242W,YDL223C,1.5422897681194314e-10
YNL242W,YHR158C,0.7603741884231567
YNL242W,YGR238C,6.6832640186476056e-06
YNL242W,YIL015W,2.5782834200072102e-05
YNL242W,YGL173C,1.0956443001128302e-12
YNL242W,YDL225W,1.7764262283392895e-12
YNL242W,YLR330W,0.09256067872047424
YNL242W,YBR129C,2.0544722867388288e-10
YNL242W,YKR095W-A,0.2020167112350464
YNL242W,YPR075C,1.8359624584518563e-11
YNL242W,YMR198W,1.2280145256227115e-07
YNL242W,YOR127W,3.826191914413357e-06
YNL242W,YDR264C,4.435709577421676e-10
YNL242W,YLR110C,7.612905861265062e-10
YNL242W,YDR379W,1.3928626030335067e-09
YNL242W,YDL100C,2.397516318808357e-08
YNL242W,YHR073W,8.837606346604257e-15
YNL242W,YJR090C,2.276187051342138e-12
YNL242W,YOR208W,6.523179999634587e-12
YNL242W,YBR040W,1.0816761982640477e-12
YNL242W,YNL279W,1.91979987462787e-09
YNL242W,YER075C,4.852928822685065e-11
YNL242W,YCR089W,0.011080277152359486
YNL242W,YCR002C,1.1582618197891748e-09
YNL242W,YJL108C,1.5456845403605257e-07
YNL242W,YBR200W,9.883437996904831e-07
YNL242W,YIL026C,0.011567915789783001
YNL242W,YJR076C,6.099402071413351e-06
YNL242W,YKR031C,3.5325508633832214e-06
YNL242W,YPL192C,3.083278343751772e-08
YNL242W,YHR107C,6.033976751496084e-05
YNL242W,YIL037C,1.580315565907764e-11
YNL242W,YPL156C,1.2103500424132108e-09
YNL242W,YIL117C,4.742430803617026e-07
YNL242W,YHR066W,4.484758214303252e-19
YNL242W,YML085C,1.7186817785841413e-05
YNL242W,YML047C,0.002757488517090678
YNL242W,YDR312W,7.665979830095981e-12
YNL242W,YFL037W,0.0979350134730339
YNL242W,YDL038C,0.2020167112350464
YNL242W,YDL039C,7.09340355342647e-08
YNL242W,YCL027W,3.588568461485031e-12
YNL242W,YML124C,6.4744785054082765e-12
YNL242W,YGL053W,4.211569027551265e-12
YNL242W,YMR232W,2.593962544761297e-10
YNL242W,YNL298W,1.2958285878994502e-05
YNL242W,YGL099W,1.1668640119289332e-15
YNL242W,YBL016W,1.4789286462146833e-10
YNL242W,YAL041W,1.5508244688433592e-09
YNL242W,YDR085C,1.1797373245404225e-13
YNL242W,YPL187W,2.268392199766822e-05
YNL242W,YPL256C,8.565925782022532e-07
YNL242W,YDR461W,8.970259841589723e-07
YNL242W,YNL145W,1.8659486613614717e-06
YHR006W,YDL165W,2.5982954676706527e-10
YHR006W,YGR059W,3.795011804808013e-10
YHR006W,YBR109C,2.1356232537073083e-05
YHR006W,YJL080C,4.08725270517607e-07
YHR006W,YCR093W,1.81724190042587e-05
YHR006W,YIL122W,0.08982720971107483
YHR006W,YCL029C,2.827762113008503e-12
YHR006W,YNL173C,0.0019088436383754015
YHR006W,YLR452C,0.0003533728886395693
YHR006W,YDL160C,0.9974784255027771
YHR006W,YLR229C,1.3261707181300153e-06
YHR006W,YML057W,1.311784347812761e-09
YHR006W,YER149C,0.05839218944311142
YHR006W,YMR305C,0.8355154991149902
YHR006W,YLR433C,9.214050805894658e-05
YHR006W,YJL073W,7.024649676168337e-05
YHR006W,YGR279C,0.998584508895874
YHR006W,YKL190W,1.7810660210670903e-05
YHR006W,YGL089C,0.9977912902832031
YHR006W,YJL019W,0.25127390027046204
YHR006W,YJL018W,0.2020167112350464
YHR006W,YNR032C-A,0.9989251494407654
YHR006W,YGL178W,5.0066541916748974e-06
YHR006W,YKL116C,0.00836245808750391
YHR006W,YDL214C,0.000152470005559735
YHR006W,YLR362W,0.02103189192712307
YHR006W,YER068W,5.31616296939319e-06
YHR006W,YHR084W,0.003758419305086136
YHR006W,YDR392W,0.00013779502478428185
YHR006W,YNL053W,0.9998308420181274
YHR006W,YGR040W,0.00017006770940497518
YHR006W,YDL216C,0.018326811492443085
YHR006W,YOL117W,0.0007990744197741151
YHR006W,YJR086W,2.9531897760559644e-11
YHR006W,YMR025W,7.345523954427335e-06
YHR006W,YBR081C,0.6463489532470703
YHR006W,YFL026W,0.07468981295824051
YHR006W,YHL007C,0.013555720448493958
YHR006W,YNR044W,0.23140759766101837
YHR006W,YNL271C,0.9998621940612793
YHR006W,YDR200C,0.06909965723752975
YHR006W,YKL178C,0.021442808210849762
YHR006W,YOR212W,1.8682497682220855e-07
YHR006W,YOL111C,1.678152949935452e-09
YHR006W,YGL032C,2.96767332930159e-11
YHR006W,YHR005C,5.127475560584571e-06
YHR006W,YDR103W,0.24669723212718964
YHR006W,YJR084W,4.120407993468689e-06
YHR006W,YCL032W,0.005574874114245176
YHR006W,YJL170C,9.093517405744933e-07
YHR006W,YDR179C,1.0558238311419998e-11
YHR006W,YBR095C,0.6949062347412109
YHR006W,YLL021W,0.0013509535929188132
YHR006W,YDL159W,3.500396900571576e-15
YHR006W,YNL161W,0.005113210063427687
YHR006W,YNL188W,0.48597511649131775
YHR006W,YJL157C,2.803469401069236e-10
YHR006W,YJL034W,8.568468065064602e-14
YHR006W,YLR238W,2.2009612621332053e-06
YHR006W,YPR141C,0.5210805535316467
YHR006W,YNL127W,0.060872633010149
YHR006W,YCL055W,2.046356115670278e-07
YHR006W,YPR122W,2.1973574071409985e-09
YHR006W,YMR065W,0.0008569525089114904
YHR006W,YDR356W,6.390702633751744e-09
YHR006W,YMR052W,0.0002111778303515166
YHR006W,YFR008W,0.9783103466033936
YHR006W,YLL043W,0.1190258115530014
YHR006W,YMR029C,3.547787400748348e-06
YHR006W,YJR004C,0.9671028852462769
YHR006W,YDL223C,2.5741262454914704e-09
YHR006W,YHR158C,0.06301351636648178
YHR006W,YGR238C,0.14140497148036957
YHR006W,YIL015W,1.3815009879181162e-05
YHR006W,YGL173C,9.258355504471183e-08
YHR006W,YDL225W,0.005962871480733156
YHR006W,YLR330W,3.1554616725770757e-05
YHR006W,YBR129C,2.1655650073171273e-07
YHR006W,YKR095W-A,0.2020167112350464
YHR006W,YPR075C,0.3457808792591095
YHR006W,YMR198W,0.002970286877825856
YHR006W,YOR127W,0.7102604508399963
YHR006W,YDR264C,0.15235069394111633
YHR006W,YLR110C,9.269217116525397e-06
YHR006W,YDR379W,1.7904134438140318e-05
YHR006W,YDL100C,3.2616620515568684e-09
YHR006W,YHR073W,0.9978259205818176
YHR006W,YJR090C,0.0035395438317209482
YHR006W,YOR208W,7.085350262059364e-07
YHR006W,YBR040W,0.9431886672973633
YHR006W,YNL279W,0.0071494197472929955
YHR006W,YER075C,0.007446191273629665
YHR006W,YCR089W,0.0011337784817442298
YHR006W,YCR002C,0.7975407242774963
YHR006W,YJL108C,0.8489546775817871
YHR006W,YBR200W,3.669251782412175e-06
YHR006W,YIL026C,0.9999161958694458
YHR006W,YJR076C,4.848753931696592e-08
YHR006W,YKR031C,0.0007260317797772586
YHR006W,YPL192C,0.1163768619298935
YHR006W,YHR107C,0.0013093817979097366
YHR006W,YIL037C,0.9998466968536377
YHR006W,YPL156C,0.06600703299045563
YHR006W,YIL117C,2.7988252340738207e-11
YHR006W,YHR066W,2.837585721948699e-11
YHR006W,YML085C,6.909255945153348e-10
YHR006W,YML047C,0.9265443086624146
YHR006W,YDR312W,2.3443688405677676e-05
YHR006W,YFL037W,9.417819910595426e-07
YHR006W,YDL038C,0.2020167112350464
YHR006W,YDL039C,7.199468798901876e-10
YHR006W,YCL027W,0.6399133801460266
YHR006W,YML124C,1.870506061152355e-08
YHR006W,YGL053W,0.0003982427006121725
YHR006W,YMR232W,0.00019858502491842955
YHR006W,YNL298W,0.002135099144652486
YHR006W,YGL099W,1.4145351201477752e-07
YHR006W,YBL016W,6.659403766207106e-07
YHR006W,YAL041W,0.9999955892562866
YHR006W,YDR085C,0.20548412203788757
YHR006W,YPL187W,2.271174821544264e-07
YHR006W,YPL256C,5.0143054977525026e-05
YHR006W,YDR461W,1.0677185047561211e-13
YHR006W,YNL145W,3.1789852972252675e-09
YJL091C,YDL165W,5.30283568878076e-06
YJL091C,YGR059W,4.730631553684361e-05
YJL091C,YBR109C,1.5577477824990638e-05
YJL091C,YJL080C,3.136336454190314e-05
YJL091C,YCR093W,3.9104055758798495e-05
YJL091C,YIL122W,0.158425435423851
YJL091C,YCL029C,3.635288955711885e-13
YJL091C,YNL173C,2.4332235445262418e-12
YJL091C,YLR452C,0.984207272529602
YJL091C,YDL160C,5.103895528435487e-09
YJL091C,YLR229C,0.06220845505595207
YJL091C,YML057W,6.837075034127338e-06
YJL091C,YER149C,0.16824480891227722
YJL091C,YMR305C,4.0075289575725037e-07
YJL091C,YLR433C,8.390725838580693e-07
YJL091C,YJL073W,6.842626731895507e-08
YJL091C,YGR279C,6.109218730898647e-08
YJL091C,YKL190W,8.118798966449958e-09
YJL091C,YGL089C,1.146018439612817e-05
YJL091C,YJL019W,0.5371381044387817
YJL091C,YJL018W,0.10128957033157349
YJL091C,YNR032C-A,0.9851905703544617
YJL091C,YGL178W,3.61714483005926e-05
YJL091C,YKL116C,5.870370411997783e-09
YJL091C,YDL214C,0.7391576170921326
YJL091C,YLR362W,1.0256057071320046e-12
YJL091C,YER068W,5.258934621110711e-09
YJL091C,YHR084W,0.1463346630334854
YJL091C,YDR392W,0.6518047451972961
YJL091C,YNL053W,0.00010526140249567106
YJL091C,YGR040W,8.326683200721163e-07
YJL091C,YDL216C,0.009518502280116081
YJL091C,YOL117W,1.7526961528346874e-05
YJL091C,YJR086W,0.7510521411895752
YJL091C,YMR025W,0.00024422514252364635
YJL091C,YBR081C,0.9346081614494324
YJL091C,YFL026W,0.11523515731096268
YJL091C,YHL007C,0.0015193107537925243
YJL091C,YNR044W,4.06197386837448e-06
YJL091C,YNL271C,0.09452877193689346
YJL091C,YDR200C,3.6594030916603515e-08
YJL091C,YKL178C,3.2326069598909157e-10
YJL091C,YOR212W,0.0012203308288007975
YJL091C,YOL111C,1.4081378424402047e-11
YJL091C,YGL032C,0.0009272577008232474
YJL091C,YHR005C,0.0002723682555370033
YJL091C,YDR103W,0.9745802879333496
YJL091C,YJR084W,0.23742781579494476
YJL091C,YCL032W,4.5992797481630987e-07
YJL091C,YJL170C,0.9495592713356018
YJL091C,YDR179C,0.0037642582319676876
YJL091C,YBR095C,1.0746044054599224e-08
YJL091C,YLL021W,2.1828755052410997e-06
YJL091C,YDL159W,1.2309932344578556e-06
YJL091C,YNL161W,7.677175017306581e-05
YJL091C,YNL188W,3.8124130696814973e-06
YJL091C,YJL157C,0.002032521413639188
YJL091C,YJL034W,3.693261511631272e-17
YJL091C,YLR238W,2.420594319119118e-05
YJL091C,YPR141C,0.0045820060186088085
YJL091C,YNL127W,0.29618194699287415
YJL091C,YCL055W,2.1701183868572116e-05
YJL091C,YPR122W,0.9998974800109863
YJL091C,YMR065W,0.9963145852088928
YJL091C,YDR356W,6.887272974154257e-09
YJL091C,YMR052W,0.009625785052776337
YJL091C,YFR008W,0.04875381663441658
YJL091C,YLL043W,1.545746454212349e-05
YJL091C,YMR029C,8.134814066806939e-08
YJL091C,YJR004C,5.9949184105789755e-06
YJL091C,YDL223C,3.135772601581266e-07
YJL091C,YHR158C,0.04668143764138222
YJL091C,YGR238C,1.097746604727945e-08
YJL091C,YIL015W,0.007723432965576649
YJL091C,YGL173C,0.00012655154569074512
YJL091C,YDL225W,9.992143532144837e-06
YJL091C,YLR330W,8.679518437304523e-09
YJL091C,YBR129C,0.008588908240199089
YJL091C,YKR095W-A,0.2020167112350464
YJL091C,YPR075C,4.595574409904657e-07
YJL091C,YMR198W,2.4189450869016582e-06
YJL091C,YOR127W,0.0012067948700860143
YJL091C,YDR264C,7.049084160826169e-08
YJL091C,YLR110C,0.3130338788032532
YJL091C,YDR379W,1.9387596694286913e-05
YJL091C,YDL100C,1.5155675100686494e-05
YJL091C,YHR073W,0.0004357329453341663
YJL091C,YJR090C,0.11858005076646805
YJL091C,YOR208W,2.0357398170745e-05
YJL091C,YBR040W,0.3081633448600769
YJL091C,YNL279W,5.077252840379742e-09
YJL091C,YER075C,0.0006193204899318516
YJL091C,YCR089W,0.0007931337459012866
YJL091C,YCR002C,0.00037900247843936086
YJL091C,YJL108C,0.5192519426345825
YJL091C,YBR200W,7.569138233520789e-06
YJL091C,YIL026C,0.0003479362349025905
YJL091C,YJR076C,0.9227220416069031
YJL091C,YKR031C,0.0001331712701357901
YJL091C,YPL192C,0.3434246778488159
YJL091C,YHR107C,9.661786037895581e-08
YJL091C,YIL037C,0.37459608912467957
YJL091C,YPL156C,7.266638021974359e-06
YJL091C,YIL117C,7.668611488043098e-07
YJL091C,YHR066W,8.975541215141647e-16
YJL091C,YML085C,4.557118238324165e-09
YJL091C,YML047C,0.007662056013941765
YJL091C,YDR312W,4.349371557355042e-12
YJL091C,YFL037W,0.06739615648984909
YJL091C,YDL038C,0.2020167112350464
YJL091C,YDL039C,2.004628884763604e-12
YJL091C,YCL027W,0.9844489693641663
YJL091C,YML124C,0.015560015104711056
YJL091C,YGL053W,4.961826107319212e-06
YJL091C,YMR232W,2.050992043223232e-05
YJL091C,YNL298W,1.99616260943003e-06
YJL091C,YGL099W,1.6062882423284464e-05
YJL091C,YBL016W,2.3170769747338227e-09
YJL091C,YAL041W,0.0008683147607371211
YJL091C,YDR085C,7.446805102517828e-05
YJL091C,YPL187W,0.3181578516960144
YJL091C,YPL256C,5.523977961274795e-05
YJL091C,YDR461W,2.8460679004638223e-06
YJL091C,YNL145W,4.819939567823894e-05
YMR046C,YDL165W,9.752601727086585e-06
YMR046C,YGR059W,8.263091899607389e-08
YMR046C,YBR109C,6.239172944333404e-05
YMR046C,YJL080C,5.85353045607917e-05
YMR046C,YCR093W,2.2622666051574924e-07
YMR046C,YIL122W,4.151882603764534e-05
YMR046C,YCL029C,1.2469713510654401e-05
YMR046C,YNL173C,7.843938714703624e-13
YMR046C,YLR452C,7.90912491055451e-09
YMR046C,YDL160C,2.0726058647113632e-09
YMR046C,YLR229C,7.653904732229933e-10
YMR046C,YML057W,1.2400218452057743e-07
YMR046C,YER149C,1.8044312710685517e-09
YMR046C,YMR305C,3.566923467701599e-08
YMR046C,YLR433C,0.00024733899044804275
YMR046C,YJL073W,1.0017011220497807e-07
YMR046C,YGR279C,0.0010632793419063091
YMR046C,YKL190W,9.86983832262922e-06
YMR046C,YGL089C,1.0260449926136062e-05
YMR046C,YJL019W,2.0243865250790805e-08
YMR046C,YJL018W,0.00924333930015564
YMR046C,YNR032C-A,0.00036613253178074956
YMR046C,YGL178W,4.326838887180884e-09
YMR046C,YKL116C,7.766257476760074e-05
YMR046C,YDL214C,0.0004140154633205384
YMR046C,YLR362W,7.011764866643455e-12
YMR046C,YER068W,6.570709948361397e-11
YMR046C,YHR084W,9.047936622152974e-09
YMR046C,YDR392W,2.62700361464141e-10
YMR046C,YNL053W,3.3609551337576704e-06
YMR046C,YGR040W,0.0005013780319131911
YMR046C,YDL216C,4.8384798771727855e-12
YMR046C,YOL117W,2.73041173004529e-10
YMR046C,YJR086W,4.116039509227676e-09
YMR046C,YMR025W,2.1676838587460744e-14
YMR046C,YBR081C,0.00332001899369061
YMR046C,YFL026W,1.536984206573777e-09
YMR046C,YHL007C,1.2336407451130071e-09
YMR046C,YNR044W,0.0004931692383252084
YMR046C,YNL271C,1.1504054653332929e-10
YMR046C,YDR200C,2.8530816962302197e-06
YMR046C,YKL178C,0.0025757343973964453
YMR046C,YOR212W,1.4625302924287098e-07
YMR046C,YOL111C,0.004041241016238928
YMR046C,YGL032C,5.429634256870486e-06
YMR046C,YHR005C,0.00032064749393612146
YMR046C,YDR103W,2.44774600588471e-09
YMR046C,YJR084W,3.647739140433259e-05
YMR046C,YCL032W,1.6459330565155028e-09
YMR046C,YJL170C,7.071954314596951e-05
YMR046C,YDR179C,3.233983718840816e-13
YMR046C,YBR095C,2.7589768691882455e-08
YMR046C,YLL021W,1.0187883248136131e-07
YMR046C,YDL159W,1.124011994591001e-09
YMR046C,YNL161W,1.1526934788619325e-11
YMR046C,YNL188W,2.1677851691492833e-06
YMR046C,YJL157C,4.6186818508431315e-05
YMR046C,YJL034W,5.7224242705489203e-11
YMR046C,YLR238W,2.171682833562727e-09
YMR046C,YPR141C,5.1940194367716686e-09
YMR046C,YNL127W,4.441445611291783e-08
YMR046C,YCL055W,3.333293352625333e-05
YMR046C,YPR122W,0.06675376743078232
YMR046C,YMR065W,0.6871016621589661
YMR046C,YDR356W,1.5020251709074728e-08
YMR046C,YMR052W,1.711199293374932e-09
YMR046C,YFR008W,4.017477461815133e-10
YMR046C,YLL043W,0.004093470051884651
YMR046C,YMR029C,2.638955720613012e-10
YMR046C,YJR004C,2.096208207014172e-10
YMR046C,YDL223C,1.2536928092887756e-11
YMR046C,YHR158C,5.5100791485074296e-08
YMR046C,YGR238C,1.1469683869336222e-07
YMR046C,YIL015W,4.4926149712409824e-05
YMR046C,YGL173C,6.700008157167758e-07
YMR046C,YDL225W,1.8001187346294856e-11
YMR046C,YLR330W,4.140028977417387e-07
YMR046C,YBR129C,3.039407147298334e-06
YMR046C,YKR095W-A,0.2020167112350464
YMR046C,YPR075C,2.1913926868105926e-17
YMR046C,YMR198W,2.366422613420127e-08
YMR046C,YOR127W,0.0014307723613455892
YMR046C,YDR264C,7.518925571048385e-08
YMR046C,YLR110C,0.0004764677141793072
YMR046C,YDR379W,2.8112663130741566e-06
YMR046C,YDL100C,6.38627041874007e-12
YMR046C,YHR073W,9.843126491659859e-08
YMR046C,YJR090C,9.756991577663599e-16
YMR046C,YOR208W,7.956167792144697e-06
YMR046C,YBR040W,1.324580580330803e-06
YMR046C,YNL279W,5.091671368973039e-07
YMR046C,YER075C,1.0029991415194672e-07
YMR046C,YCR089W,0.11182637512683868
YMR046C,YCR002C,1.1060930817097248e-11
YMR046C,YJL108C,1.4883826224831864e-06
YMR046C,YBR200W,1.1579811598494416e-07
YMR046C,YIL026C,1.593070123817597e-06
YMR046C,YJR076C,8.270747975380743e-10
YMR046C,YKR031C,2.1642188130499562e-07
YMR046C,YPL192C,0.05899348855018616
YMR046C,YHR107C,0.00015603606880176812
YMR046C,YIL037C,5.8846373576670885e-05
YMR046C,YPL156C,2.0080483409401495e-06
YMR046C,YIL117C,4.306415987698209e-11
YMR046C,YHR066W,2.030144059972372e-06
YMR046C,YML085C,1.1359326812510062e-09
YMR046C,YML047C,8.962661723899146e-08
YMR046C,YDR312W,4.071425337315304e-06
YMR046C,YFL037W,3.2513548831047956e-06
YMR046C,YDL038C,0.2020167112350464
YMR046C,YDL039C,7.589179773503929e-08
YMR046C,YCL027W,0.0006620119092985988
YMR046C,YML124C,7.750666242145599e-08
YMR046C,YGL053W,2.188064396335676e-09
YMR046C,YMR232W,0.006303940434008837
YMR046C,YNL298W,9.459498739872174e-10
YMR046C,YGL099W,0.008356841281056404
YMR046C,YBL016W,0.5201833844184875
YMR046C,YAL041W,2.4192237106035464e-05
YMR046C,YDR085C,2.18756440517609e-06
YMR046C,YPL187W,0.37953251600265503
YMR046C,YPL256C,2.417334243887126e-08
YMR046C,YDR461W,1.4520293007080909e-05
YMR046C,YNL145W,0.0010075983591377735
tR(UCU)G1,YDL165W,0.2020167112350464
tR(UCU)G1,YGR059W,0.2020167112350464
tR(UCU)G1,YBR109C,0.2020167112350464
tR(UCU)G1,YJL080C,0.2020167112350464
tR(UCU)G1,YCR093W,0.2020167112350464
tR(UCU)G1,YIL122W,0.2020167112350464
tR(UCU)G1,YCL029C,0.2020167112350464
tR(UCU)G1,YNL173C,0.2020167112350464
tR(UCU)G1,YLR452C,0.2020167112350464
tR(UCU)G1,YDL160C,0.2020167112350464
tR(UCU)G1,YLR229C,0.2020167112350464
tR(UCU)G1,YML057W,0.2020167112350464
tR(UCU)G1,YER149C,0.2020167112350464
tR(UCU)G1,YMR305C,0.2020167112350464
tR(UCU)G1,YLR433C,0.2020167112350464
tR(UCU)G1,YJL073W,0.2020167112350464
tR(UCU)G1,YGR279C,0.2020167112350464
tR(UCU)G1,YKL190W,0.2020167112350464
tR(UCU)G1,YGL089C,0.2020167112350464
tR(UCU)G1,YJL019W,0.2020167112350464
tR(UCU)G1,YJL018W,0.2020167112350464
tR(UCU)G1,YNR032C-A,0.2020167112350464
tR(UCU)G1,YGL178W,0.2020167112350464
tR(UCU)G1,YKL116C,0.2020167112350464
tR(UCU)G1,YDL214C,0.2020167112350464
tR(UCU)G1,YLR362W,0.2020167112350464
tR(UCU)G1,YER068W,0.2020167112350464
tR(UCU)G1,YHR084W,0.2020167112350464
tR(UCU)G1,YDR392W,0.2020167112350464
tR(UCU)G1,YNL053W,0.2020167112350464
tR(UCU)G1,YGR040W,0.2020167112350464
tR(UCU)G1,YDL216C,0.2020167112350464
tR(UCU)G1,YOL117W,0.2020167112350464
tR(UCU)G1,YJR086W,0.2020167112350464
tR(UCU)G1,YMR025W,0.2020167112350464
tR(UCU)G1,YBR081C,0.2020167112350464
tR(UCU)G1,YFL026W,0.2020167112350464
tR(UCU)G1,YHL007C,0.2020167112350464
tR(UCU)G1,YNR044W,0.2020167112350464
tR(UCU)G1,YNL271C,0.2020167112350464
tR(UCU)G1,YDR200C,0.2020167112350464
tR(UCU)G1,YKL178C,0.2020167112350464
tR(UCU)G1,YOR212W,0.2020167112350464
tR(UCU)G1,YOL111C,0.2020167112350464
tR(UCU)G1,YGL032C,0.2020167112350464
tR(UCU)G1,YHR005C,0.2020167112350464
tR(UCU)G1,YDR103W,0.2020167112350464
tR(UCU)G1,YJR084W,0.2020167112350464
tR(UCU)G1,YCL032W,0.2020167112350464
tR(UCU)G1,YJL170C,0.2020167112350464
tR(UCU)G1,YDR179C,0.2020167112350464
tR(UCU)G1,YBR095C,0.2020167112350464
tR(UCU)G1,YLL021W,0.2020167112350464
tR(UCU)G1,YDL159W,0.2020167112350464
tR(UCU)G1,YNL161W,0.2020167112350464
tR(UCU)G1,YNL188W,0.2020167112350464
tR(UCU)G1,YJL157C,0.2020167112350464
tR(UCU)G1,YJL034W,0.2020167112350464
tR(UCU)G1,YLR238W,0.2020167112350464
tR(UCU)G1,YPR141C,0.2020167112350464
tR(UCU)G1,YNL127W,0.2020167112350464
tR(UCU)G1,YCL055W,0.2020167112350464
tR(UCU)G1,YPR122W,0.2020167112350464
tR(UCU)G1,YMR065W,0.2020167112350464
tR(UCU)G1,YDR356W,0.2020167112350464
tR(UCU)G1,YMR052W,0.2020167112350464
tR(UCU)G1,YFR008W,0.2020167112350464
tR(UCU)G1,YLL043W,0.2020167112350464
tR(UCU)G1,YMR029C,0.2020167112350464
tR(UCU)G1,YJR004C,0.2020167112350464
tR(UCU)G1,YDL223C,0.2020167112350464
tR(UCU)G1,YHR158C,0.2020167112350464
tR(UCU)G1,YGR238C,0.2020167112350464
tR(UCU)G1,YIL015W,0.2020167112350464
tR(UCU)G1,YGL173C,0.2020167112350464
tR(UCU)G1,YDL225W,0.2020167112350464
tR(UCU)G1,YLR330W,0.2020167112350464
tR(UCU)G1,YBR129C,0.2020167112350464
tR(UCU)G1,YKR095W-A,0.2020167112350464
tR(UCU)G1,YPR075C,0.2020167112350464
tR(UCU)G1,YMR198W,0.2020167112350464
tR(UCU)G1,YOR127W,0.2020167112350464
tR(UCU)G1,YDR264C,0.2020167112350464
tR(UCU)G1,YLR110C,0.2020167112350464
tR(UCU)G1,YDR379W,0.2020167112350464
tR(UCU)G1,YDL100C,0.2020167112350464
tR(UCU)G1,YHR073W,0.2020167112350464
tR(UCU)G1,YJR090C,0.2020167112350464
tR(UCU)G1,YOR208W,0.2020167112350464
tR(UCU)G1,YBR040W,0.2020167112350464
tR(UCU)G1,YNL279W,0.2020167112350464
tR(UCU)G1,YER075C,0.2020167112350464
tR(UCU)G1,YCR089W,0.2020167112350464
tR(UCU)G1,YCR002C,0.2020167112350464
tR(UCU)G1,YJL108C,0.2020167112350464
tR(UCU)G1,YBR200W,0.2020167112350464
tR(UCU)G1,YIL026C,0.2020167112350464
tR(UCU)G1,YJR076C,0.2020167112350464
tR(UCU)G1,YKR031C,0.2020167112350464
tR(UCU)G1,YPL192C,0.2020167112350464
tR(UCU)G1,YHR107C,0.2020167112350464
tR(UCU)G1,YIL037C,0.2020167112350464
tR(UCU)G1,YPL156C,0.2020167112350464
tR(UCU)G1,YIL117C,0.2020167112350464
tR(UCU)G1,YHR066W,0.2020167112350464
tR(UCU)G1,YML085C,0.2020167112350464
tR(UCU)G1,YML047C,0.2020167112350464
tR(UCU)G1,YDR312W,0.2020167112350464
tR(UCU)G1,YFL037W,0.2020167112350464
tR(UCU)G1,YDL038C,0.2020167112350464
tR(UCU)G1,YDL039C,0.2020167112350464
tR(UCU)G1,YCL027W,0.2020167112350464
tR(UCU)G1,YML124C,0.2020167112350464
tR(UCU)G1,YGL053W,0.2020167112350464
tR(UCU)G1,YMR232W,0.2020167112350464
tR(UCU)G1,YNL298W,0.2020167112350464
tR(UCU)G1,YGL099W,0.2020167112350464
tR(UCU)G1,YBL016W,0.2020167112350464
tR(UCU)G1,YAL041W,0.2020167112350464
tR(UCU)G1,YDR085C,0.2020167112350464
tR(UCU)G1,YPL187W,0.2020167112350464
tR(UCU)G1,YPL256C,0.2020167112350464
tR(UCU)G1,YDR461W,0.2020167112350464
tR(UCU)G1,YNL145W,0.2020167112350464
tN(GUU)N2,YDL165W,0.2020167112350464
tN(GUU)N2,YGR059W,0.2020167112350464
tN(GUU)N2,YBR109C,0.2020167112350464
tN(GUU)N2,YJL080C,0.2020167112350464
tN(GUU)N2,YCR093W,0.2020167112350464
tN(GUU)N2,YIL122W,0.2020167112350464
tN(GUU)N2,YCL029C,0.2020167112350464
tN(GUU)N2,YNL173C,0.2020167112350464
tN(GUU)N2,YLR452C,0.2020167112350464
tN(GUU)N2,YDL160C,0.2020167112350464
tN(GUU)N2,YLR229C,0.2020167112350464
tN(GUU)N2,YML057W,0.2020167112350464
tN(GUU)N2,YER149C,0.2020167112350464
tN(GUU)N2,YMR305C,0.2020167112350464
tN(GUU)N2,YLR433C,0.2020167112350464
tN(GUU)N2,YJL073W,0.2020167112350464
tN(GUU)N2,YGR279C,0.2020167112350464
tN(GUU)N2,YKL190W,0.2020167112350464
tN(GUU)N2,YGL089C,0.2020167112350464
tN(GUU)N2,YJL019W,0.2020167112350464
tN(GUU)N2,YJL018W,0.2020167112350464
tN(GUU)N2,YNR032C-A,0.2020167112350464
tN(GUU)N2,YGL178W,0.2020167112350464
tN(GUU)N2,YKL116C,0.2020167112350464
tN(GUU)N2,YDL214C,0.2020167112350464
tN(GUU)N2,YLR362W,0.2020167112350464
tN(GUU)N2,YER068W,0.2020167112350464
tN(GUU)N2,YHR084W,0.2020167112350464
tN(GUU)N2,YDR392W,0.2020167112350464
tN(GUU)N2,YNL053W,0.2020167112350464
tN(GUU)N2,YGR040W,0.2020167112350464
tN(GUU)N2,YDL216C,0.2020167112350464
tN(GUU)N2,YOL117W,0.2020167112350464
tN(GUU)N2,YJR086W,0.2020167112350464
tN(GUU)N2,YMR025W,0.2020167112350464
tN(GUU)N2,YBR081C,0.2020167112350464
tN(GUU)N2,YFL026W,0.2020167112350464
tN(GUU)N2,YHL007C,0.2020167112350464
tN(GUU)N2,YNR044W,0.2020167112350464
tN(GUU)N2,YNL271C,0.2020167112350464
tN(GUU)N2,YDR200C,0.2020167112350464
tN(GUU)N2,YKL178C,0.2020167112350464
tN(GUU)N2,YOR212W,0.2020167112350464
tN(GUU)N2,YOL111C,0.2020167112350464
tN(GUU)N2,YGL032C,0.2020167112350464
tN(GUU)N2,YHR005C,0.2020167112350464
tN(GUU)N2,YDR103W,0.2020167112350464
tN(GUU)N2,YJR084W,0.2020167112350464
tN(GUU)N2,YCL032W,0.2020167112350464
tN(GUU)N2,YJL170C,0.2020167112350464
tN(GUU)N2,YDR179C,0.2020167112350464
tN(GUU)N2,YBR095C,0.2020167112350464
tN(GUU)N2,YLL021W,0.2020167112350464
tN(GUU)N2,YDL159W,0.2020167112350464
tN(GUU)N2,YNL161W,0.2020167112350464
tN(GUU)N2,YNL188W,0.2020167112350464
tN(GUU)N2,YJL157C,0.2020167112350464
tN(GUU)N2,YJL034W,0.2020167112350464
tN(GUU)N2,YLR238W,0.2020167112350464
tN(GUU)N2,YPR141C,0.2020167112350464
tN(GUU)N2,YNL127W,0.2020167112350464
tN(GUU)N2,YCL055W,0.2020167112350464
tN(GUU)N2,YPR122W,0.2020167112350464
tN(GUU)N2,YMR065W,0.2020167112350464
tN(GUU)N2,YDR356W,0.2020167112350464
tN(GUU)N2,YMR052W,0.2020167112350464
tN(GUU)N2,YFR008W,0.2020167112350464
tN(GUU)N2,YLL043W,0.2020167112350464
tN(GUU)N2,YMR029C,0.2020167112350464
tN(GUU)N2,YJR004C,0.2020167112350464
tN(GUU)N2,YDL223C,0.2020167112350464
tN(GUU)N2,YHR158C,0.2020167112350464
tN(GUU)N2,YGR238C,0.2020167112350464
tN(GUU)N2,YIL015W,0.2020167112350464
tN(GUU)N2,YGL173C,0.2020167112350464
tN(GUU)N2,YDL225W,0.2020167112350464
tN(GUU)N2,YLR330W,0.2020167112350464
tN(GUU)N2,YBR129C,0.2020167112350464
tN(GUU)N2,YKR095W-A,0.2020167112350464
tN(GUU)N2,YPR075C,0.2020167112350464
tN(GUU)N2,YMR198W,0.2020167112350464
tN(GUU)N2,YOR127W,0.2020167112350464
tN(GUU)N2,YDR264C,0.2020167112350464
tN(GUU)N2,YLR110C,0.2020167112350464
tN(GUU)N2,YDR379W,0.2020167112350464
tN(GUU)N2,YDL100C,0.2020167112350464
tN(GUU)N2,YHR073W,0.2020167112350464
tN(GUU)N2,YJR090C,0.2020167112350464
tN(GUU)N2,YOR208W,0.2020167112350464
tN(GUU)N2,YBR040W,0.2020167112350464
tN(GUU)N2,YNL279W,0.2020167112350464
tN(GUU)N2,YER075C,0.2020167112350464
tN(GUU)N2,YCR089W,0.2020167112350464
tN(GUU)N2,YCR002C,0.2020167112350464
tN(GUU)N2,YJL108C,0.2020167112350464
tN(GUU)N2,YBR200W,0.2020167112350464
tN(GUU)N2,YIL026C,0.2020167112350464
tN(GUU)N2,YJR076C,0.2020167112350464
tN(GUU)N2,YKR031C,0.2020167112350464
tN(GUU)N2,YPL192C,0.2020167112350464
tN(GUU)N2,YHR107C,0.2020167112350464
tN(GUU)N2,YIL037C,0.2020167112350464
tN(GUU)N2,YPL156C,0.2020167112350464
tN(GUU)N2,YIL117C,0.2020167112350464
tN(GUU)N2,YHR066W,0.2020167112350464
tN(GUU)N2,YML085C,0.2020167112350464
tN(GUU)N2,YML047C,0.2020167112350464
tN(GUU)N2,YDR312W,0.2020167112350464
tN(GUU)N2,YFL037W,0.2020167112350464
tN(GUU)N2,YDL038C,0.2020167112350464
tN(GUU)N2,YDL039C,0.2020167112350464
tN(GUU)N2,YCL027W,0.2020167112350464
tN(GUU)N2,YML124C,0.2020167112350464
tN(GUU)N2,YGL053W,0.2020167112350464
tN(GUU)N2,YMR232W,0.2020167112350464
tN(GUU)N2,YNL298W,0.2020167112350464
tN(GUU)N2,YGL099W,0.2020167112350464
tN(GUU)N2,YBL016W,0.2020167112350464
tN(GUU)N2,YAL041W,0.2020167112350464
tN(GUU)N2,YDR085C,0.2020167112350464
tN(GUU)N2,YPL187W,0.2020167112350464
tN(GUU)N2,YPL256C,0.2020167112350464
tN(GUU)N2,YDR461W,0.2020167112350464
tN(GUU)N2,YNL145W,0.2020167112350464
YOR173W,YDL165W,3.494425371286525e-08
YOR173W,YGR059W,2.2032722444864953e-15
YOR173W,YBR109C,2.53433536272496e-05
YOR173W,YJL080C,1.2837091389883426e-08
YOR173W,YCR093W,1.8353006614457712e-11
YOR173W,YIL122W,0.1272316575050354
YOR173W,YCL029C,1.104813804886362e-06
YOR173W,YNL173C,7.134229963412508e-05
YOR173W,YLR452C,9.149582911049947e-05
YOR173W,YDL160C,7.767752322251908e-06
YOR173W,YLR229C,4.792771619577252e-07
YOR173W,YML057W,8.000018399046993e-17
YOR173W,YER149C,0.9522035121917725
YOR173W,YMR305C,5.997239895805251e-06
YOR173W,YLR433C,9.284894986194558e-06
YOR173W,YJL073W,1.0252982907132946e-09
YOR173W,YGR279C,0.0011073579080402851
YOR173W,YKL190W,1.1580971658986527e-05
YOR173W,YGL089C,0.6703715920448303
YOR173W,YJL019W,0.1098790243268013
YOR173W,YJL018W,0.2020167112350464
YOR173W,YNR032C-A,0.8753794431686401
YOR173W,YGL178W,9.421355571248569e-06
YOR173W,YKL116C,1.1586218096049095e-13
YOR173W,YDL214C,0.7042914032936096
YOR173W,YLR362W,0.3294110596179962
YOR173W,YER068W,4.071507575531541e-10
YOR173W,YHR084W,0.00013828599185217172
YOR173W,YDR392W,1.680313180263404e-11
YOR173W,YNL053W,0.009782195091247559
YOR173W,YGR040W,0.9953739047050476
YOR173W,YDL216C,0.012666542083024979
YOR173W,YOL117W,9.48924571275711e-06
YOR173W,YJR086W,4.3078640654670153e-10
YOR173W,YMR025W,0.006861587055027485
YOR173W,YBR081C,0.015528581105172634
YOR173W,YFL026W,5.801029146823566e-06
YOR173W,YHL007C,6.957169951249398e-09
YOR173W,YNR044W,0.9567103981971741
YOR173W,YNL271C,0.041209835559129715
YOR173W,YDR200C,9.599832537787734e-07
YOR173W,YKL178C,0.06363426893949509
YOR173W,YOR212W,1.346732005913509e-07
YOR173W,YOL111C,4.259015490000288e-14
YOR173W,YGL032C,8.070631452028465e-08
YOR173W,YHR005C,0.007197228725999594
YOR173W,YDR103W,0.00022174129844643176
YOR173W,YJR084W,1.36394472105561e-11
YOR173W,YCL032W,3.0038252134545473e-06
YOR173W,YJL170C,1.4679326643118884e-09
YOR173W,YDR179C,1.6533609203950306e-10
YOR173W,YBR095C,1.6853100248681585e-08
YOR173W,YLL021W,0.00030547502683475614
YOR173W,YDL159W,1.2021024366898336e-12
YOR173W,YNL161W,0.9986854195594788
YOR173W,YNL188W,8.402908235893847e-08
YOR173W,YJL157C,8.631942383097169e-12
YOR173W,YJL034W,6.1570651294160905e-15
YOR173W,YLR238W,3.1039210171002196e-06
YOR173W,YPR141C,1.433638807668558e-08
YOR173W,YNL127W,5.194916866457788e-06
YOR173W,YCL055W,1.4680942572731226e-10
YOR173W,YPR122W,1.6138569647328183e-10
YOR173W,YMR065W,0.00023357149621006101
YOR173W,YDR356W,0.0003216256736777723
YOR173W,YMR052W,0.1609780192375183
YOR173W,YFR008W,7.506058274930894e-12
YOR173W,YLL043W,0.0003765544097404927
YOR173W,YMR029C,0.02921433188021183
YOR173W,YJR004C,0.0002273191203130409
YOR173W,YDL223C,2.720348902737757e-13
YOR173W,YHR158C,1.6532907238797634e-06
YOR173W,YGR238C,1.190152598695704e-08
YOR173W,YIL015W,0.020148806273937225
YOR173W,YGL173C,3.5861989999830257e-07
YOR173W,YDL225W,0.00029968834132887423
YOR173W,YLR330W,2.3436585649960762e-07
YOR173W,YBR129C,0.9555302858352661
YOR173W,YKR095W-A,0.2020167112350464
YOR173W,YPR075C,8.374004822897518e-10
YOR173W,YMR198W,9.716570639284328e-05
YOR173W,YOR127W,1.1936764167330693e-05
YOR173W,YDR264C,0.00502376863732934
YOR173W,YLR110C,1.772627683749306e-06
YOR173W,YDR379W,0.31024420261383057
YOR173W,YDL100C,0.47110214829444885
YOR173W,YHR073W,1.4983888263486733e-07
YOR173W,YJR090C,0.001355424290522933
YOR173W,YOR208W,3.6911229281400004e-12
YOR173W,YBR040W,0.0007998477085493505
YOR173W,YNL279W,4.7625539423279406e-07
YOR173W,YER075C,0.17395912110805511
YOR173W,YCR089W,0.00669268611818552
YOR173W,YCR002C,6.068623406463303e-05
YOR173W,YJL108C,2.507709723431617e-06
YOR173W,YBR200W,0.04639197140932083
YOR173W,YIL026C,4.7397847424690553e-08
YOR173W,YJR076C,0.0002918718964792788
YOR173W,YKR031C,0.009315063245594501
YOR173W,YPL192C,1.31468551600733e-08
YOR173W,YHR107C,0.0002789403370115906
YOR173W,YIL037C,8.893239282770082e-05
YOR173W,YPL156C,0.00018152728443965316
YOR173W,YIL117C,8.582192179140691e-10
YOR173W,YHR066W,9.030702753523925e-15
YOR173W,YML085C,3.66659946848813e-08
YOR173W,YML047C,0.002860452514141798
YOR173W,YDR312W,1.9138224160997197e-05
YOR173W,YFL037W,3.283958105448903e-10
YOR173W,YDL038C,0.2020167112350464
YOR173W,YDL039C,0.9184103608131409
YOR173W,YCL027W,0.019143087789416313
YOR173W,YML124C,0.001286076265387237
YOR173W,YGL053W,6.492159698723299e-09
YOR173W,YMR232W,0.00022210186580196023
YOR173W,YNL298W,0.9788569211959839
YOR173W,YGL099W,1.40524122525693e-17
YOR173W,YBL016W,3.012227898580022e-05
YOR173W,YAL041W,0.9642091393470764
YOR173W,YDR085C,3.9007636010168767e-10
YOR173W,YPL187W,0.5760512948036194
YOR173W,YPL256C,5.1816213542110745e-09
YOR173W,YDR461W,1.0955415908373847e-20
YOR173W,YNL145W,2.518098085602105e-07
YIR038C,YDL165W,5.279708419590745e-13
YIR038C,YGR059W,1.7403667482845941e-12
YIR038C,YBR109C,5.594685227383123e-15
YIR038C,YJL080C,1.3630097755751996e-13
YIR038C,YCR093W,0.0002221323666162789
YIR038C,YIL122W,0.003960392437875271
YIR038C,YCL029C,2.7043955182909363e-12
YIR038C,YNL173C,7.029119046819687e-07
YIR038C,YLR452C,5.743193078805496e-17
YIR038C,YDL160C,8.467325187666574e-07
YIR038C,YLR229C,1.2957159789550587e-08
YIR038C,YML057W,2.207813931676128e-09
YIR038C,YER149C,5.559474629990291e-06
YIR038C,YMR305C,5.59135420255541e-12
YIR038C,YLR433C,1.296662865968301e-08
YIR038C,YJL073W,2.0128054678951902e-19
YIR038C,YGR279C,2.6720151709014317e-06
YIR038C,YKL190W,3.077140042542759e-15
YIR038C,YGL089C,2.2219086531549692e-05
YIR038C,YJL019W,0.002605463145300746
YIR038C,YJL018W,0.001663947245106101
YIR038C,YNR032C-A,0.035377006977796555
YIR038C,YGL178W,1.8598322751653407e-13
YIR038C,YKL116C,4.8651615844178854e-15
YIR038C,YDL214C,0.38640111684799194
YIR038C,YLR362W,1.5599632661178475e-06
YIR038C,YER068W,1.299325908367746e-13
YIR038C,YHR084W,6.346864460588571e-16
YIR038C,YDR392W,0.5687348246574402
YIR038C,YNL053W,0.0099414624273777
YIR038C,YGR040W,0.0011988482438027859
YIR038C,YDL216C,1.4344053852255456e-05
YIR038C,YOL117W,3.004616000445992e-10
YIR038C,YJR086W,1.2805036544993875e-11
YIR038C,YMR025W,0.013259406201541424
YIR038C,YBR081C,2.8686770292551955e-06
YIR038C,YFL026W,3.1897589888759594e-17
YIR038C,YHL007C,4.2934533424181243e-13
YIR038C,YNR044W,0.00016345504263881594
YIR038C,YNL271C,2.3088246337010787e-07
YIR038C,YDR200C,2.079724617942702e-05
YIR038C,YKL178C,0.0009472827659919858
YIR038C,YOR212W,1.1882806960628045e-09
YIR038C,YOL111C,1.8828280601290714e-10
YIR038C,YGL032C,6.908387101637709e-21
YIR038C,YHR005C,1.0904126213073795e-10
YIR038C,YDR103W,1.1110821193215797e-13
YIR038C,YJR084W,3.6298895611302714e-14
YIR038C,YCL032W,1.5878887893450155e-07
YIR038C,YJL170C,3.9829151088355275e-10
YIR038C,YDR179C,4.547785325409448e-12
YIR038C,YBR095C,5.773372502727164e-14
YIR038C,YLL021W,2.4763598096153797e-19
YIR038C,YDL159W,6.867112212205484e-09
YIR038C,YNL161W,0.00043580002966336906
YIR038C,YNL188W,7.81466566262233e-14
YIR038C,YJL157C,1.4479031127895541e-24
YIR038C,YJL034W,8.297707387277077e-28
YIR038C,YLR238W,1.1860292943310924e-06
YIR038C,YPR141C,6.492818001996303e-12
YIR038C,YNL127W,0.0007115774787962437
YIR038C,YCL055W,5.1829027858775814e-14
YIR038C,YPR122W,4.513957776453026e-07
YIR038C,YMR065W,0.0002849792072083801
YIR038C,YDR356W,6.308179534286751e-10
YIR038C,YMR052W,0.10510510951280594
YIR038C,YFR008W,6.977432520649529e-10
YIR038C,YLL043W,3.942377240634398e-12
YIR038C,YMR029C,0.0048952423967421055
YIR038C,YJR004C,3.235194664247265e-12
YIR038C,YDL223C,3.725938394621986e-12
YIR038C,YHR158C,4.405166769555491e-12
YIR038C,YGR238C,8.067867527479164e-14
YIR038C,YIL015W,1.1235393060360366e-07
YIR038C,YGL173C,2.919840881077107e-05
YIR038C,YDL225W,5.528590918402188e-10
YIR038C,YLR330W,2.0206358808394498e-09
YIR038C,YBR129C,0.0001513250608695671
YIR038C,YKR095W-A,0.2020167112350464
YIR038C,YPR075C,2.237407714612491e-13
YIR038C,YMR198W,2.750174417087692e-06
YIR038C,YOR127W,2.0034365277865618e-08
YIR038C,YDR264C,7.028848614254457e-09
YIR038C,YLR110C,3.6990904783706924e-10
YIR038C,YDR379W,0.03244861215353012
YIR038C,YDL100C,3.0258073946475644e-22
YIR038C,YHR073W,2.1056339960523474e-07
YIR038C,YJR090C,4.587184521120946e-10
YIR038C,YOR208W,1.3943489375264906e-12
YIR038C,YBR040W,0.004336256999522448
YIR038C,YNL279W,0.035781655460596085
YIR038C,YER075C,2.3573436497108247e-13
YIR038C,YCR089W,0.047674208879470825
YIR038C,YCR002C,8.330961450728639e-17
YIR038C,YJL108C,0.8100612759590149
YIR038C,YBR200W,2.1169152830680105e-07
YIR038C,YIL026C,0.010442149825394154
YIR038C,YJR076C,1.0448818866344231e-14
YIR038C,YKR031C,0.00038463258533738554
YIR038C,YPL192C,0.004118809476494789
YIR038C,YHR107C,8.088297962166938e-14
YIR038C,YIL037C,0.011801614426076412
YIR038C,YPL156C,0.7427946329116821
YIR038C,YIL117C,8.59528694929551e-16
YIR038C,YHR066W,4.713719739906399e-20
YIR038C,YML085C,3.072026292881948e-15
YIR038C,YML047C,0.012048562988638878
YIR038C,YDR312W,1.0908919167301745e-12
YIR038C,YFL037W,6.0376361235675145e-21
YIR038C,YDL038C,0.2020167112350464
YIR038C,YDL039C,1.5806646658234058e-08
YIR038C,YCL027W,3.407862316992527e-12
YIR038C,YML124C,7.712719919384514e-20
YIR038C,YGL053W,1.1860271098562691e-10
YIR038C,YMR232W,5.823775239832685e-09
YIR038C,YNL298W,0.002141300356015563
YIR038C,YGL099W,2.0095112009108586e-22
YIR038C,YBL016W,8.988335791805524e-13
YIR038C,YAL041W,6.416036057999008e-07
YIR038C,YDR085C,2.745719775675004e-13
YIR038C,YPL187W,0.005629429593682289
YIR038C,YPL256C,5.3856103604532635e-12
YIR038C,YDR461W,1.7299549379817813e-12
YIR038C,YNL145W,7.199557356535324e-12
YMR022W,YDL165W,6.228872280189535e-06
YMR022W,YGR059W,2.1298249830437044e-09
YMR022W,YBR109C,2.398141463189063e-09
YMR022W,YJL080C,5.831447304205373e-12
YMR022W,YCR093W,0.0003018774732481688
YMR022W,YIL122W,0.000180399336386472
YMR022W,YCL029C,4.491507060483575e-14
YMR022W,YNL173C,0.00025404832558706403
YMR022W,YLR452C,4.2772516084532697e-10
YMR022W,YDL160C,1.5262466637744332e-11
YMR022W,YLR229C,5.739770131185651e-06
YMR022W,YML057W,2.735693345034401e-13
YMR022W,YER149C,2.7758467524563457e-08
YMR022W,YMR305C,0.00110294995829463
YMR022W,YLR433C,1.364647141599562e-05
YMR022W,YJL073W,4.533875878898197e-12
YMR022W,YGR279C,0.005823751911520958
YMR022W,YKL190W,5.6725322792772204e-05
YMR022W,YGL089C,5.910140821185905e-09
YMR022W,YJL019W,6.275342745443169e-11
YMR022W,YJL018W,0.010633351281285286
YMR022W,YNR032C-A,0.010128622874617577
YMR022W,YGL178W,4.304055892134784e-06
YMR022W,YKL116C,1.51035628448426e-08
YMR022W,YDL214C,2.6385439468867844e-06
YMR022W,YLR362W,1.07490154732659e-06
YMR022W,YER068W,3.842823389277328e-06
YMR022W,YHR084W,8.070789175862458e-11
YMR022W,YDR392W,2.1298712454154156e-05
YMR022W,YNL053W,0.0021093024406582117
YMR022W,YGR040W,0.011785454116761684
YMR022W,YDL216C,1.0246066148300592e-12
YMR022W,YOL117W,6.449990541668171e-11
YMR022W,YJR086W,5.441518347026886e-10
YMR022W,YMR025W,0.001976653467863798
YMR022W,YBR081C,2.4276994281535735e-06
YMR022W,YFL026W,2.3484997058176305e-08
YMR022W,YHL007C,1.2123518899898045e-07
YMR022W,YNR044W,8.533010031896993e-07
YMR022W,YNL271C,3.1502331694355235e-05
YMR022W,YDR200C,2.6373987438432778e-08
YMR022W,YKL178C,0.31387394666671753
YMR022W,YOR212W,0.14250458776950836
YMR022W,YOL111C,1.983159865709752e-13
YMR022W,YGL032C,0.00847723986953497
YMR022W,YHR005C,0.05998489260673523
YMR022W,YDR103W,0.09386523067951202
YMR022W,YJR084W,0.0005936651723459363
YMR022W,YCL032W,4.6200995029721525e-08
YMR022W,YJL170C,0.019103283062577248
YMR022W,YDR179C,4.152058252770985e-09
YMR022W,YBR095C,5.554535865683269e-15
YMR022W,YLL021W,3.279642157849594e-08
YMR022W,YDL159W,1.3313716795693153e-10
YMR022W,YNL161W,0.9996694326400757
YMR022W,YNL188W,1.5686785204138687e-11
YMR022W,YJL157C,7.243109934051972e-08
YMR022W,YJL034W,1.5567136338670573e-12
YMR022W,YLR238W,3.1821755896999093e-07
YMR022W,YPR141C,5.4953707149252295e-06
YMR022W,YNL127W,1.780408638296649e-05
YMR022W,YCL055W,0.024924326688051224
YMR022W,YPR122W,0.00054980005370453
YMR022W,YMR065W,1.5263225350281573e-06
YMR022W,YDR356W,2.4691949818134162e-08
YMR022W,YMR052W,3.2296051358571276e-05
YMR022W,YFR008W,7.095917187172063e-09
YMR022W,YLL043W,0.23756296932697296
YMR022W,YMR029C,6.461096241361375e-11
YMR022W,YJR004C,0.0002566225011833012
YMR022W,YDL223C,7.506161186045853e-15
YMR022W,YHR158C,4.870416576822651e-15
YMR022W,YGR238C,5.326629661794868e-07
YMR022W,YIL015W,5.802705800306285e-06
YMR022W,YGL173C,0.0006570763071067631
YMR022W,YDL225W,7.250546083664711e-12
YMR022W,YLR330W,1.9892233693585837e-11
YMR022W,YBR129C,0.00025877379812300205
YMR022W,YKR095W-A,0.2020167112350464
YMR022W,YPR075C,1.3860645316799908e-17
YMR022W,YMR198W,7.012038736320392e-07
YMR022W,YOR127W,0.007553215138614178
YMR022W,YDR264C,3.027800175914308e-06
YMR022W,YLR110C,1.2349948537784816e-12
YMR022W,YDR379W,0.00014763660146854818
YMR022W,YDL100C,9.661307132091679e-08
YMR022W,YHR073W,0.00019878546299878508
YMR022W,YJR090C,0.9937451481819153
YMR022W,YOR208W,6.829708326661077e-11
YMR022W,YBR040W,0.011775733903050423
YMR022W,YNL279W,0.0007382255862466991
YMR022W,YER075C,5.814111318613868e-06
YMR022W,YCR089W,4.2435148728259264e-09
YMR022W,YCR002C,0.00020889104052912444
YMR022W,YJL108C,4.859289788328169e-07
YMR022W,YBR200W,0.0013546447735279799
YMR022W,YIL026C,1.0961427960864967e-06
YMR022W,YJR076C,8.220301879191538e-07
YMR022W,YKR031C,0.001843865611590445
YMR022W,YPL192C,0.2843796908855438
YMR022W,YHR107C,0.015857836231589317
YMR022W,YIL037C,0.0005923036369495094
YMR022W,YPL156C,2.7312591424633048e-11
YMR022W,YIL117C,9.292823051509913e-06
YMR022W,YHR066W,1.1715692003242956e-23
YMR022W,YML085C,0.0004909565905109048
YMR022W,YML047C,0.023511400446295738
YMR022W,YDR312W,4.204670500662644e-10
YMR022W,YFL037W,0.9969411492347717
YMR022W,YDL038C,0.2020167112350464
YMR022W,YDL039C,1.0779689318951569e-06
YMR022W,YCL027W,2.6889247806138883e-07
YMR022W,YML124C,3.870422593532652e-10
YMR022W,YGL053W,4.394686874744378e-15
YMR022W,YMR232W,0.23870770633220673
YMR022W,YNL298W,1.368965218961904e-10
YMR022W,YGL099W,6.333873855089711e-13
YMR022W,YBL016W,2.7411990455306068e-09
YMR022W,YAL041W,0.8085495829582214
YMR022W,YDR085C,9.740719342232751e-09
YMR022W,YPL187W,0.0045000966638326645
YMR022W,YPL256C,9.266128662976936e-12
YMR022W,YDR461W,1.0957634799524385e-08
YMR022W,YNL145W,0.00031565772951580584
YHR036W,YDL165W,8.547760899091372e-07
YHR036W,YGR059W,1.4521235414122202e-07
YHR036W,YBR109C,2.5679309820594333e-14
YHR036W,YJL080C,9.197002509608865e-05
YHR036W,YCR093W,0.08046120405197144
YHR036W,YIL122W,1.483663365775545e-11
YHR036W,YCL029C,1.0000142939997562e-17
YHR036W,YNL173C,7.843676576158032e-05
YHR036W,YLR452C,0.007534379605203867
YHR036W,YDL160C,0.9997126460075378
YHR036W,YLR229C,1.209936755230956e-07
YHR036W,YML057W,2.542499370761231e-11
YHR036W,YER149C,7.023530770311481e-07
YHR036W,YMR305C,3.520436848702957e-06
YHR036W,YLR433C,0.0020698397420346737
YHR036W,YJL073W,3.507659857859835e-05
YHR036W,YGR279C,0.045976422727108
YHR036W,YKL190W,1.2091875944975072e-08
YHR036W,YGL089C,1.4512639836539165e-06
YHR036W,YJL019W,5.3246007603036105e-09
YHR036W,YJL018W,0.001867462764494121
YHR036W,YNR032C-A,0.3741791844367981
YHR036W,YGL178W,5.563493346016912e-07
YHR036W,YKL116C,8.136565156746656e-06
YHR036W,YDL214C,4.341363364801509e-06
YHR036W,YLR362W,5.549509296542965e-07
YHR036W,YER068W,1.876196904504468e-07
YHR036W,YHR084W,2.2324171591175945e-12
YHR036W,YDR392W,0.0008415746851824224
YHR036W,YNL053W,0.0018129409290850163
YHR036W,YGR040W,3.2710147479519947e-08
YHR036W,YDL216C,4.9353035137755796e-05
YHR036W,YOL117W,0.9588248133659363
YHR036W,YJR086W,0.0047012073919177055
YHR036W,YMR025W,0.6213932633399963
YHR036W,YBR081C,0.0006616548635065556
YHR036W,YFL026W,0.08176314830780029
YHR036W,YHL007C,2.9628954845151156e-10
YHR036W,YNR044W,0.9987221360206604
YHR036W,YNL271C,3.102089607409653e-08
YHR036W,YDR200C,2.935742031695554e-06
YHR036W,YKL178C,0.003584854071959853
YHR036W,YOR212W,3.297587980455319e-08
YHR036W,YOL111C,1.97495495513067e-08
YHR036W,YGL032C,2.3168844563770108e-05
YHR036W,YHR005C,4.247807282808935e-06
YHR036W,YDR103W,1.8679335855864565e-10
YHR036W,YJR084W,2.301260479953271e-07
YHR036W,YCL032W,5.043574219598668e-06
YHR036W,YJL170C,0.2499837875366211
YHR036W,YDR179C,1.4224297466888108e-13
YHR036W,YBR095C,1.4486986401607282e-05
YHR036W,YLL021W,8.002446705290822e-09
YHR036W,YDL159W,3.9047023392413394e-07
YHR036W,YNL161W,1.5338894598926345e-08
YHR036W,YNL188W,2.290275391211849e-12
YHR036W,YJL157C,3.9374832283556316e-09
YHR036W,YJL034W,1.3142650914232945e-06
YHR036W,YLR238W,4.186751993984217e-06
YHR036W,YPR141C,3.434153995840461e-06
YHR036W,YNL127W,0.9081348776817322
YHR036W,YCL055W,3.668443241622299e-05
YHR036W,YPR122W,0.028518274426460266
YHR036W,YMR065W,0.9787823557853699
YHR036W,YDR356W,0.000158017996000126
YHR036W,YMR052W,0.18350282311439514
YHR036W,YFR008W,2.1843372906005243e-06
YHR036W,YLL043W,2.6568809516902547e-06
YHR036W,YMR029C,0.0033435169607400894
YHR036W,YJR004C,2.8253401840316883e-09
YHR036W,YDL223C,3.755436445759125e-14
YHR036W,YHR158C,0.0004836915759369731
YHR036W,YGR238C,2.059798512310529e-12
YHR036W,YIL015W,0.9106320142745972
YHR036W,YGL173C,1.777243596734479e-06
YHR036W,YDL225W,0.00011003321560565382
YHR036W,YLR330W,7.163735426729545e-05
YHR036W,YBR129C,0.0010481197386980057
YHR036W,YKR095W-A,0.2020167112350464
YHR036W,YPR075C,1.1035385938384934e-08
YHR036W,YMR198W,0.04895869269967079
YHR036W,YOR127W,2.0358154870336875e-05
YHR036W,YDR264C,7.724197947922562e-10
YHR036W,YLR110C,1.196487440374705e-11
YHR036W,YDR379W,2.3919824454488037e-10
YHR036W,YDL100C,1.3321033165425433e-10
YHR036W,YHR073W,0.00015704419638495892
YHR036W,YJR090C,1.983641695346705e-08
YHR036W,YOR208W,7.009649749534219e-09
YHR036W,YBR040W,0.002151158871129155
YHR036W,YNL279W,1.1085700357682526e-08
YHR036W,YER075C,8.594862668798164e-12
YHR036W,YCR089W,0.00046521396143361926
YHR036W,YCR002C,0.0003149450058117509
YHR036W,YJL108C,0.00013353812391869724
YHR036W,YBR200W,7.745485919308237e-10
YHR036W,YIL026C,1.0437491981818425e-09
YHR036W,YJR076C,4.598785796616767e-09
YHR036W,YKR031C,9.033539754454978e-06
YHR036W,YPL192C,0.0024171003606170416
YHR036W,YHR107C,5.527993562282063e-05
YHR036W,YIL037C,2.198103175032884e-07
YHR036W,YPL156C,2.0721225155284628e-05
YHR036W,YIL117C,1.3917267096985597e-05
YHR036W,YHR066W,2.4245656370664305e-19
YHR036W,YML085C,0.033994968980550766
YHR036W,YML047C,0.0008411457529291511
YHR036W,YDR312W,0.00020263153419364244
YHR036W,YFL037W,1.0713415710128515e-09
YHR036W,YDL038C,0.2020167112350464
YHR036W,YDL039C,3.683869875814594e-09
YHR036W,YCL027W,2.940188096545171e-05
YHR036W,YML124C,3.568645112750346e-08
YHR036W,YGL053W,1.6896361785256886e-06
YHR036W,YMR232W,5.443653662950965e-06
YHR036W,YNL298W,0.0016333067324012518
YHR036W,YGL099W,5.118167174800181e-13
YHR036W,YBL016W,4.985509227672935e-10
YHR036W,YAL041W,0.14247354865074158
YHR036W,YDR085C,1.8334131368646922e-07
YHR036W,YPL187W,0.9953025579452515
YHR036W,YPL256C,5.450373805615527e-07
YHR036W,YDR461W,1.6457727269880706e-07
YHR036W,YNL145W,1.8805868862159514e-08
tL(UAA)Q,YDL165W,0.2020167112350464
tL(UAA)Q,YGR059W,0.2020167112350464
tL(UAA)Q,YBR109C,0.2020167112350464
tL(UAA)Q,YJL080C,0.2020167112350464
tL(UAA)Q,YCR093W,0.2020167112350464
tL(UAA)Q,YIL122W,0.2020167112350464
tL(UAA)Q,YCL029C,0.2020167112350464
tL(UAA)Q,YNL173C,0.2020167112350464
tL(UAA)Q,YLR452C,0.2020167112350464
tL(UAA)Q,YDL160C,0.2020167112350464
tL(UAA)Q,YLR229C,0.2020167112350464
tL(UAA)Q,YML057W,0.2020167112350464
tL(UAA)Q,YER149C,0.2020167112350464
tL(UAA)Q,YMR305C,0.2020167112350464
tL(UAA)Q,YLR433C,0.2020167112350464
tL(UAA)Q,YJL073W,0.2020167112350464
tL(UAA)Q,YGR279C,0.2020167112350464
tL(UAA)Q,YKL190W,0.2020167112350464
tL(UAA)Q,YGL089C,0.2020167112350464
tL(UAA)Q,YJL019W,0.2020167112350464
tL(UAA)Q,YJL018W,0.2020167112350464
tL(UAA)Q,YNR032C-A,0.2020167112350464
tL(UAA)Q,YGL178W,0.2020167112350464
tL(UAA)Q,YKL116C,0.2020167112350464
tL(UAA)Q,YDL214C,0.2020167112350464
tL(UAA)Q,YLR362W,0.2020167112350464
tL(UAA)Q,YER068W,0.2020167112350464
tL(UAA)Q,YHR084W,0.2020167112350464
tL(UAA)Q,YDR392W,0.2020167112350464
tL(UAA)Q,YNL053W,0.2020167112350464
tL(UAA)Q,YGR040W,0.2020167112350464
tL(UAA)Q,YDL216C,0.2020167112350464
tL(UAA)Q,YOL117W,0.2020167112350464
tL(UAA)Q,YJR086W,0.2020167112350464
tL(UAA)Q,YMR025W,0.2020167112350464
tL(UAA)Q,YBR081C,0.2020167112350464
tL(UAA)Q,YFL026W,0.2020167112350464
tL(UAA)Q,YHL007C,0.2020167112350464
tL(UAA)Q,YNR044W,0.2020167112350464
tL(UAA)Q,YNL271C,0.2020167112350464
tL(UAA)Q,YDR200C,0.2020167112350464
tL(UAA)Q,YKL178C,0.2020167112350464
tL(UAA)Q,YOR212W,0.2020167112350464
tL(UAA)Q,YOL111C,0.2020167112350464
tL(UAA)Q,YGL032C,0.2020167112350464
tL(UAA)Q,YHR005C,0.2020167112350464
tL(UAA)Q,YDR103W,0.2020167112350464
tL(UAA)Q,YJR084W,0.2020167112350464
tL(UAA)Q,YCL032W,0.2020167112350464
tL(UAA)Q,YJL170C,0.2020167112350464
tL(UAA)Q,YDR179C,0.2020167112350464
tL(UAA)Q,YBR095C,0.2020167112350464
tL(UAA)Q,YLL021W,0.2020167112350464
tL(UAA)Q,YDL159W,0.2020167112350464
tL(UAA)Q,YNL161W,0.2020167112350464
tL(UAA)Q,YNL188W,0.2020167112350464
tL(UAA)Q,YJL157C,0.2020167112350464
tL(UAA)Q,YJL034W,0.2020167112350464
tL(UAA)Q,YLR238W,0.2020167112350464
tL(UAA)Q,YPR141C,0.2020167112350464
tL(UAA)Q,YNL127W,0.2020167112350464
tL(UAA)Q,YCL055W,0.2020167112350464
tL(UAA)Q,YPR122W,0.2020167112350464
tL(UAA)Q,YMR065W,0.2020167112350464
tL(UAA)Q,YDR356W,0.2020167112350464
tL(UAA)Q,YMR052W,0.2020167112350464
tL(UAA)Q,YFR008W,0.2020167112350464
tL(UAA)Q,YLL043W,0.2020167112350464
tL(UAA)Q,YMR029C,0.2020167112350464
tL(UAA)Q,YJR004C,0.2020167112350464
tL(UAA)Q,YDL223C,0.2020167112350464
tL(UAA)Q,YHR158C,0.2020167112350464
tL(UAA)Q,YGR238C,0.2020167112350464
tL(UAA)Q,YIL015W,0.2020167112350464
tL(UAA)Q,YGL173C,0.2020167112350464
tL(UAA)Q,YDL225W,0.2020167112350464
tL(UAA)Q,YLR330W,0.2020167112350464
tL(UAA)Q,YBR129C,0.2020167112350464
tL(UAA)Q,YKR095W-A,0.2020167112350464
tL(UAA)Q,YPR075C,0.2020167112350464
tL(UAA)Q,YMR198W,0.2020167112350464
tL(UAA)Q,YOR127W,0.2020167112350464
tL(UAA)Q,YDR264C,0.2020167112350464
tL(UAA)Q,YLR110C,0.2020167112350464
tL(UAA)Q,YDR379W,0.2020167112350464
tL(UAA)Q,YDL100C,0.2020167112350464
tL(UAA)Q,YHR073W,0.2020167112350464
tL(UAA)Q,YJR090C,0.2020167112350464
tL(UAA)Q,YOR208W,0.2020167112350464
tL(UAA)Q,YBR040W,0.2020167112350464
tL(UAA)Q,YNL279W,0.2020167112350464
tL(UAA)Q,YER075C,0.2020167112350464
tL(UAA)Q,YCR089W,0.2020167112350464
tL(UAA)Q,YCR002C,0.2020167112350464
tL(UAA)Q,YJL108C,0.2020167112350464
tL(UAA)Q,YBR200W,0.2020167112350464
tL(UAA)Q,YIL026C,0.2020167112350464
tL(UAA)Q,YJR076C,0.2020167112350464
tL(UAA)Q,YKR031C,0.2020167112350464
tL(UAA)Q,YPL192C,0.2020167112350464
tL(UAA)Q,YHR107C,0.2020167112350464
tL(UAA)Q,YIL037C,0.2020167112350464
tL(UAA)Q,YPL156C,0.2020167112350464
tL(UAA)Q,YIL117C,0.2020167112350464
tL(UAA)Q,YHR066W,0.2020167112350464
tL(UAA)Q,YML085C,0.2020167112350464
tL(UAA)Q,YML047C,0.2020167112350464
tL(UAA)Q,YDR312W,0.2020167112350464
tL(UAA)Q,YFL037W,0.2020167112350464
tL(UAA)Q,YDL038C,0.2020167112350464
tL(UAA)Q,YDL039C,0.2020167112350464
tL(UAA)Q,YCL027W,0.2020167112350464
tL(UAA)Q,YML124C,0.2020167112350464
tL(UAA)Q,YGL053W,0.2020167112350464
tL(UAA)Q,YMR232W,0.2020167112350464
tL(UAA)Q,YNL298W,0.2020167112350464
tL(UAA)Q,YGL099W,0.2020167112350464
tL(UAA)Q,YBL016W,0.2020167112350464
tL(UAA)Q,YAL041W,0.2020167112350464
tL(UAA)Q,YDR085C,0.2020167112350464
tL(UAA)Q,YPL187W,0.2020167112350464
tL(UAA)Q,YPL256C,0.2020167112350464
tL(UAA)Q,YDR461W,0.2020167112350464
tL(UAA)Q,YNL145W,0.2020167112350464
YDL208W,YDL165W,0.00010287417535437271
YDL208W,YGR059W,1.0020148599743095e-10
YDL208W,YBR109C,0.997126042842865
YDL208W,YJL080C,3.9393571737988964e-11
YDL208W,YCR093W,6.89277555920853e-07
YDL208W,YIL122W,1.4487386117145729e-11
YDL208W,YCL029C,1.832521205235074e-17
YDL208W,YNL173C,1.4862506780843887e-09
YDL208W,YLR452C,5.4371073929360136e-05
YDL208W,YDL160C,1.9084719582451726e-08
YDL208W,YLR229C,3.848694800356878e-12
YDL208W,YML057W,7.940291761772411e-13
YDL208W,YER149C,4.01930078848752e-18
YDL208W,YMR305C,1.2960881174230459e-21
YDL208W,YLR433C,7.851880257092603e-11
YDL208W,YJL073W,4.330948932818046e-10
YDL208W,YGR279C,2.4885091320925312e-08
YDL208W,YKL190W,1.1247904829758681e-09
YDL208W,YGL089C,3.3964453471924116e-10
YDL208W,YJL019W,5.720821354771033e-05
YDL208W,YJL018W,8.112592331599444e-05
YDL208W,YNR032C-A,8.056990191107616e-05
YDL208W,YGL178W,2.1621963242068887e-05
YDL208W,YKL116C,4.7697621270411175e-14
YDL208W,YDL214C,1.1307127109616566e-12
YDL208W,YLR362W,2.3472546573088948e-08
YDL208W,YER068W,1.0971683561677992e-09
YDL208W,YHR084W,1.3448420877620621e-14
YDL208W,YDR392W,1.586457720748058e-08
YDL208W,YNL053W,1.6590296844642971e-12
YDL208W,YGR040W,3.049331667170918e-07
YDL208W,YDL216C,5.555015540441299e-14
YDL208W,YOL117W,4.057862105686337e-14
YDL208W,YJR086W,1.0087881037179613e-06
YDL208W,YMR025W,4.297878695069812e-05
YDL208W,YBR081C,1.5114567759155761e-05
YDL208W,YFL026W,0.17829053103923798
YDL208W,YHL007C,4.698788219951143e-14
YDL208W,YNR044W,9.193124839157463e-08
YDL208W,YNL271C,5.090345246011596e-12
YDL208W,YDR200C,2.2909965480266692e-08
YDL208W,YKL178C,0.00033299101050943136
YDL208W,YOR212W,4.622920641054336e-19
YDL208W,YOL111C,5.585318449061183e-13
YDL208W,YGL032C,2.2449370362664922e-08
YDL208W,YHR005C,1.1827779644590919e-07
YDL208W,YDR103W,9.081132702704053e-06
YDL208W,YJR084W,3.6865429137833416e-05
YDL208W,YCL032W,1.1617697255605908e-11
YDL208W,YJL170C,0.00011929458560189232
YDL208W,YDR179C,7.014302335525523e-17
YDL208W,YBR095C,4.206940582029452e-14
YDL208W,YLL021W,3.5543352386747246e-14
YDL208W,YDL159W,2.7075631775681785e-13
YDL208W,YNL161W,6.277632302875702e-10
YDL208W,YNL188W,6.467903630956223e-22
YDL208W,YJL157C,5.566048381748512e-13
YDL208W,YJL034W,1.5523572824329562e-13
YDL208W,YLR238W,1.397658699886506e-08
YDL208W,YPR141C,0.0007945066317915916
YDL208W,YNL127W,4.47402426217991e-09
YDL208W,YCL055W,3.111834956381898e-10
YDL208W,YPR122W,1.557943640762005e-08
YDL208W,YMR065W,8.099275694561925e-10
YDL208W,YDR356W,2.8679909291895456e-07
YDL208W,YMR052W,6.392497908791483e-08
YDL208W,YFR008W,9.461795791310124e-09
YDL208W,YLL043W,1.3285311978132597e-13
YDL208W,YMR029C,1.4759854671808625e-08
YDL208W,YJR004C,2.4424560251645744e-05
YDL208W,YDL223C,6.522451478878632e-18
YDL208W,YHR158C,4.813047670579828e-16
YDL208W,YGR238C,2.1497465266251403e-12
YDL208W,YIL015W,0.9984909296035767
YDL208W,YGL173C,1.004110748541176e-12
YDL208W,YDL225W,7.056102369062955e-09
YDL208W,YLR330W,4.297053237678483e-07
YDL208W,YBR129C,5.530713148745037e-13
YDL208W,YKR095W-A,0.2020167112350464
YDL208W,YPR075C,4.0181987515097717e-07
YDL208W,YMR198W,1.67106506410164e-07
YDL208W,YOR127W,3.2637171187843705e-08
YDL208W,YDR264C,4.3354034251485984e-10
YDL208W,YLR110C,2.216231198559626e-09
YDL208W,YDR379W,0.0005361299845390022
YDL208W,YDL100C,7.310879672350285e-17
YDL208W,YHR073W,1.206075239679194e-09
YDL208W,YJR090C,8.44276558387147e-12
YDL208W,YOR208W,1.248251493279895e-07
YDL208W,YBR040W,0.04151786491274834
YDL208W,YNL279W,6.04960873062943e-11
YDL208W,YER075C,5.647711465162075e-12
YDL208W,YCR089W,0.000151822401676327
YDL208W,YCR002C,1.7046040738932788e-06
YDL208W,YJL108C,0.00036968319909647107
YDL208W,YBR200W,2.3919661824162164e-12
YDL208W,YIL026C,5.432487684524367e-13
YDL208W,YJR076C,8.920659350097893e-11
YDL208W,YKR031C,2.232471763008448e-09
YDL208W,YPL192C,3.330373954044119e-12
YDL208W,YHR107C,1.1155683954453943e-14
YDL208W,YIL037C,0.0023631069343537092
YDL208W,YPL156C,3.4895812905944013e-09
YDL208W,YIL117C,3.944223836427341e-10
YDL208W,YHR066W,3.6008680824392824e-35
YDL208W,YML085C,3.4444428104012104e-13
YDL208W,YML047C,5.667373443429824e-06
YDL208W,YDR312W,1.5381617613315106e-22
YDL208W,YFL037W,1.4423491290216361e-09
YDL208W,YDL038C,0.2020167112350464
YDL208W,YDL039C,0.0007646832382306457
YDL208W,YCL027W,7.967432052655155e-13
YDL208W,YML124C,4.508422454807537e-11
YDL208W,YGL053W,1.9965298403250287e-14
YDL208W,YMR232W,0.02434753067791462
YDL208W,YNL298W,3.658433978529678e-15
YDL208W,YGL099W,6.0517305264261874e-34
YDL208W,YBL016W,1.7509395829388118e-14
YDL208W,YAL041W,3.357253086644363e-10
YDL208W,YDR085C,1.175821995325066e-09
YDL208W,YPL187W,0.001945033553056419
YDL208W,YPL256C,5.1217049862407483e-23
YDL208W,YDR461W,1.4300380324350215e-10
YDL208W,YNL145W,1.5279028042769482e-09
YLR141W,YDL165W,9.550445611239411e-06
YLR141W,YGR059W,5.856907847601178e-08
YLR141W,YBR109C,1.1085133877486442e-07
YLR141W,YJL080C,1.4844199540675618e-05
YLR141W,YCR093W,4.249933179223354e-15
YLR141W,YIL122W,3.0157551123011217e-07
YLR141W,YCL029C,1.8913664833815334e-28
YLR141W,YNL173C,8.32286328744658e-09
YLR141W,YLR452C,4.596019051450462e-11
YLR141W,YDL160C,4.302479705842188e-09
YLR141W,YLR229C,3.085449861828238e-05
YLR141W,YML057W,1.5206801096123712e-10
YLR141W,YER149C,0.020074380561709404
YLR141W,YMR305C,3.189444441886735e-06
YLR141W,YLR433C,7.512061529268976e-06
YLR141W,YJL073W,6.832251986388371e-10
YLR141W,YGR279C,4.22995753979194e-07
YLR141W,YKL190W,0.664730966091156
YLR141W,YGL089C,3.8147948688838085e-10
YLR141W,YJL019W,0.0005305868689902127
YLR141W,YJL018W,0.05085652321577072
YLR141W,YNR032C-A,0.048900309950113297
YLR141W,YGL178W,2.506906412236276e-06
YLR141W,YKL116C,1.3826592315524522e-08
YLR141W,YDL214C,3.3636825946814497e-07
YLR141W,YLR362W,1.858179530245252e-06
YLR141W,YER068W,2.1134360927987927e-09
YLR141W,YHR084W,0.002616120269522071
YLR141W,YDR392W,7.862981099560074e-12
YLR141W,YNL053W,0.009162974543869495
YLR141W,YGR040W,6.720125345083261e-09
YLR141W,YDL216C,1.8949676897084267e-12
YLR141W,YOL117W,4.8765942395334605e-09
YLR141W,YJR086W,8.12043344922131e-06
YLR141W,YMR025W,6.644535233135684e-08
YLR141W,YBR081C,1.5001863085117861e-09
YLR141W,YFL026W,2.0169852632534457e-07
YLR141W,YHL007C,1.1674067934563936e-08
YLR141W,YNR044W,0.9330540299415588
YLR141W,YNL271C,2.499495055374723e-10
YLR141W,YDR200C,1.344808538306097e-06
YLR141W,YKL178C,4.23213606381978e-07
YLR141W,YOR212W,5.169875905153276e-08
YLR141W,YOL111C,3.9934267988428473e-05
YLR141W,YGL032C,2.1888071444209345e-07
YLR141W,YHR005C,6.215977464307798e-06
YLR141W,YDR103W,0.002549316268414259
YLR141W,YJR084W,3.346975674389796e-08
YLR141W,YCL032W,8.470240686619945e-07
YLR141W,YJL170C,2.9600769058113485e-10
YLR141W,YDR179C,2.34380994612593e-08
YLR141W,YBR095C,0.0005725989467464387
YLR141W,YLL021W,0.00010109493450727314
YLR141W,YDL159W,4.556107160169631e-05
YLR141W,YNL161W,6.175870481683887e-08
YLR141W,YNL188W,7.692285919347341e-08
YLR141W,YJL157C,3.1554328927541064e-08
YLR141W,YJL034W,6.049219458681421e-10
YLR141W,YLR238W,1.2619961125892587e-05
YLR141W,YPR141C,5.340049938240554e-06
YLR141W,YNL127W,1.8864953688080277e-07
YLR141W,YCL055W,3.756921884701114e-09
YLR141W,YPR122W,2.1606697941933817e-07
YLR141W,YMR065W,1.2557569789350964e-05
YLR141W,YDR356W,0.00013062747893854976
YLR141W,YMR052W,8.831705855527616e-08
YLR141W,YFR008W,1.9995693989471874e-08
YLR141W,YLL043W,2.7850477479773872e-08
YLR141W,YMR029C,4.0621470631663215e-09
YLR141W,YJR004C,0.19853223860263824
YLR141W,YDL223C,1.403572582603374e-07
YLR141W,YHR158C,0.019049158319830894
YLR141W,YGR238C,2.5382488999525776e-08
YLR141W,YIL015W,9.81718494585948e-06
YLR141W,YGL173C,0.0006781377596780658
YLR141W,YDL225W,2.697523449057826e-08
YLR141W,YLR330W,0.016273383051156998
YLR141W,YBR129C,4.144621090773626e-09
YLR141W,YKR095W-A,0.2020167112350464
YLR141W,YPR075C,3.2189029752771603e-07
YLR141W,YMR198W,1.3698311818188813e-08
YLR141W,YOR127W,0.0013018337776884437
YLR141W,YDR264C,1.5116856957320124e-06
YLR141W,YLR110C,6.332005142439812e-08
YLR141W,YDR379W,7.411035489717638e-14
YLR141W,YDL100C,1.0335697879781947e-05
YLR141W,YHR073W,2.287750877627559e-09
YLR141W,YJR090C,0.00015343257109634578
YLR141W,YOR208W,2.1124264094396494e-05
YLR141W,YBR040W,0.033604223281145096
YLR141W,YNL279W,0.0005993376253172755
YLR141W,YER075C,0.0010867820819839835
YLR141W,YCR089W,0.54780113697052
YLR141W,YCR002C,3.6756398458237527e-06
YLR141W,YJL108C,4.869165877607884e-06
YLR141W,YBR200W,0.0001768596121110022
YLR141W,YIL026C,2.694408238190782e-11
YLR141W,YJR076C,4.8888061598972854e-08
YLR141W,YKR031C,0.0050427839159965515
YLR141W,YPL192C,0.2018691450357437
YLR141W,YHR107C,9.894188579551155e-09
YLR141W,YIL037C,1.286937136718569e-13
YLR141W,YPL156C,0.12327854335308075
YLR141W,YIL117C,5.275586911768215e-11
YLR141W,YHR066W,2.365830198414187e-09
YLR141W,YML085C,0.00010371555981691927
YLR141W,YML047C,3.888692674536287e-07
YLR141W,YDR312W,0.0005476546357385814
YLR141W,YFL037W,3.9540844909424777e-07
YLR141W,YDL038C,0.2020167112350464
YLR141W,YDL039C,3.852504524160666e-13
YLR141W,YCL027W,2.1480475425050827e-06
YLR141W,YML124C,3.5553639463614672e-06
YLR141W,YGL053W,0.0005059581599198282
YLR141W,YMR232W,0.0037959879264235497
YLR141W,YNL298W,4.892709570825104e-10
YLR141W,YGL099W,3.738969966970984e-10
YLR141W,YBL016W,8.582560440117959e-08
YLR141W,YAL041W,1.9508834157022648e-06
YLR141W,YDR085C,3.029227855222416e-07
YLR141W,YPL187W,2.077243378834761e-21
YLR141W,YPL256C,6.159818440210074e-05
YLR141W,YDR461W,1.1316307109154877e-06
YLR141W,YNL145W,4.2977146222256124e-05
YIL107C,YDL165W,1.9761982912314124e-06
YIL107C,YGR059W,8.803560658243725e-10
YIL107C,YBR109C,6.329819370876066e-07
YIL107C,YJL080C,0.00030610678368248045
YIL107C,YCR093W,0.4381278157234192
YIL107C,YIL122W,0.34983474016189575
YIL107C,YCL029C,1.0354536264260065e-15
YIL107C,YNL173C,3.197569098389863e-09
YIL107C,YLR452C,7.04900230630301e-05
YIL107C,YDL160C,0.0005396418855525553
YIL107C,YLR229C,0.6466511487960815
YIL107C,YML057W,1.1972046964903171e-10
YIL107C,YER149C,0.00042393343755975366
YIL107C,YMR305C,0.8615102767944336
YIL107C,YLR433C,2.669993115489433e-09
YIL107C,YJL073W,2.1371950189827301e-16
YIL107C,YGR279C,0.002045636298134923
YIL107C,YKL190W,0.13668932020664215
YIL107C,YGL089C,3.6893354149469815e-08
YIL107C,YJL019W,0.6931147575378418
YIL107C,YJL018W,0.00026039217482320964
YIL107C,YNR032C-A,0.7926360368728638
YIL107C,YGL178W,3.648642916687095e-07
YIL107C,YKL116C,2.0111079468421167e-09
YIL107C,YDL214C,0.0007676336099393666
YIL107C,YLR362W,7.872795322327875e-06
YIL107C,YER068W,1.2615311356309333e-12
YIL107C,YHR084W,1.1777565479194356e-17
YIL107C,YDR392W,2.1003897927585058e-05
YIL107C,YNL053W,0.7157033085823059
YIL107C,YGR040W,4.4234002416487783e-07
YIL107C,YDL216C,0.17496323585510254
YIL107C,YOL117W,2.8978681143598806e-07
YIL107C,YJR086W,0.012272275052964687
YIL107C,YMR025W,6.599164044018835e-05
YIL107C,YBR081C,7.008289770737974e-08
YIL107C,YFL026W,4.4642358261626214e-05
YIL107C,YHL007C,3.4912434813787196e-14
YIL107C,YNR044W,1.7148966435343027e-05
YIL107C,YNL271C,0.9934211373329163
YIL107C,YDR200C,6.376592670059237e-16
YIL107C,YKL178C,0.000765172706451267
YIL107C,YOR212W,2.028629205597099e-05
YIL107C,YOL111C,1.417014061644295e-07
YIL107C,YGL032C,0.0010101767256855965
YIL107C,YHR005C,4.4739914301317185e-05
YIL107C,YDR103W,0.0001176451551145874
YIL107C,YJR084W,2.1493067947631062e-07
YIL107C,YCL032W,1.098474513128167e-05
YIL107C,YJL170C,0.009330389089882374
YIL107C,YDR179C,3.406066262368057e-10
YIL107C,YBR095C,1.025073470550808e-09
YIL107C,YLL021W,2.6455964494327168e-15
YIL107C,YDL159W,2.642183414544178e-18
YIL107C,YNL161W,4.214604996377602e-05
YIL107C,YNL188W,2.504613714400777e-19
YIL107C,YJL157C,5.7556608226150274e-06
YIL107C,YJL034W,1.0170166930834057e-09
YIL107C,YLR238W,1.9903750114735885e-07
YIL107C,YPR141C,0.026020245626568794
YIL107C,YNL127W,0.04172813519835472
YIL107C,YCL055W,8.768289371484383e-13
YIL107C,YPR122W,0.02446885034441948
YIL107C,YMR065W,1.6546076722079306e-06
YIL107C,YDR356W,2.6424913812661543e-05
YIL107C,YMR052W,7.458182517439127e-05
YIL107C,YFR008W,4.176077452594518e-12
YIL107C,YLL043W,0.9838436245918274
YIL107C,YMR029C,1.9171332965584043e-08
YIL107C,YJR004C,8.082777640083805e-05
YIL107C,YDL223C,1.4746226462136747e-09
YIL107C,YHR158C,0.001030345680192113
YIL107C,YGR238C,1.873240711852686e-12
YIL107C,YIL015W,0.46356579661369324
YIL107C,YGL173C,1.664953619417986e-09
YIL107C,YDL225W,2.0974208325696964e-07
YIL107C,YLR330W,8.201768153526245e-10
YIL107C,YBR129C,0.011615489609539509
YIL107C,YKR095W-A,0.2020167112350464
YIL107C,YPR075C,1.2821366226489772e-06
YIL107C,YMR198W,3.8108313726858967e-10
YIL107C,YOR127W,6.257990321500984e-07
YIL107C,YDR264C,1.200488213726203e-06
YIL107C,YLR110C,5.4866872233105823e-05
YIL107C,YDR379W,7.783940159100666e-12
YIL107C,YDL100C,0.0013069254346191883
YIL107C,YHR073W,0.0024479611311107874
YIL107C,YJR090C,1.5314826669055037e-06
YIL107C,YOR208W,2.575629150669556e-05
YIL107C,YBR040W,0.12270975857973099
YIL107C,YNL279W,0.0012010604841634631
YIL107C,YER075C,0.29999229311943054
YIL107C,YCR089W,4.205567529425025e-05
YIL107C,YCR002C,2.075488373520784e-05
YIL107C,YJL108C,0.006632567849010229
YIL107C,YBR200W,4.949630483253031e-09
YIL107C,YIL026C,2.1304423611541445e-13
YIL107C,YJR076C,7.184036689977802e-07
YIL107C,YKR031C,0.002855476224794984
YIL107C,YPL192C,3.112235295865684e-12
YIL107C,YHR107C,3.209819965377392e-07
YIL107C,YIL037C,3.0178141514625167e-06
YIL107C,YPL156C,0.05659008398652077
YIL107C,YIL117C,1.000345127977198e-05
YIL107C,YHR066W,2.8295599424077985e-26
YIL107C,YML085C,0.31613093614578247
YIL107C,YML047C,0.49545055627822876
YIL107C,YDR312W,5.807294769510918e-07
YIL107C,YFL037W,8.597567813239948e-08
YIL107C,YDL038C,0.2020167112350464
YIL107C,YDL039C,7.706467842344411e-13
YIL107C,YCL027W,2.6047098505843636e-11
YIL107C,YML124C,1.8459659258951433e-06
YIL107C,YGL053W,3.3800479776191494e-11
YIL107C,YMR232W,2.9447430733853253e-06
YIL107C,YNL298W,0.5677495002746582
YIL107C,YGL099W,1.1026583090308488e-17
YIL107C,YBL016W,1.3655858399370252e-13
YIL107C,YAL041W,0.0015615923330187798
YIL107C,YDR085C,3.1826437041360123e-09
YIL107C,YPL187W,1.338590891464264e-07
YIL107C,YPL256C,0.005688565317541361
YIL107C,YDR461W,2.6676475698567126e-12
YIL107C,YNL145W,9.578474680083104e-10
YBR005W,YDL165W,3.228518471587449e-05
YBR005W,YGR059W,8.558182374579504e-13
YBR005W,YBR109C,3.064944825714733e-11
YBR005W,YJL080C,0.0022090403363108635
YBR005W,YCR093W,1.4621871741837822e-05
YBR005W,YIL122W,0.0009259135695174336
YBR005W,YCL029C,5.934575938072869e-16
YBR005W,YNL173C,0.9147912263870239
YBR005W,YLR452C,0.0031631002202630043
YBR005W,YDL160C,0.7376984357833862
YBR005W,YLR229C,0.00011791054566856474
YBR005W,YML057W,5.330184649210423e-06
YBR005W,YER149C,6.639733034219386e-12
YBR005W,YMR305C,9.12406861175441e-09
YBR005W,YLR433C,0.0018511692760512233
YBR005W,YJL073W,1.828797024927553e-08
YBR005W,YGR279C,5.233760802525467e-08
YBR005W,YKL190W,9.03125680906669e-07
YBR005W,YGL089C,3.0830358266342728e-09
YBR005W,YJL019W,1.1955305012634199e-07
YBR005W,YJL018W,0.00038731476524844766
YBR005W,YNR032C-A,0.9213020205497742
YBR005W,YGL178W,8.815706564746506e-07
YBR005W,YKL116C,1.490170427375162e-13
YBR005W,YDL214C,0.9853118658065796
YBR005W,YLR362W,5.684656230187102e-07
YBR005W,YER068W,0.9006162285804749
YBR005W,YHR084W,4.820423615825575e-09
YBR005W,YDR392W,5.7075361837632954e-05
YBR005W,YNL053W,0.8692747354507446
YBR005W,YGR040W,1.0491206694496213e-06
YBR005W,YDL216C,0.9917843341827393
YBR005W,YOL117W,0.0036067322362214327
YBR005W,YJR086W,0.00034882299951277673
YBR005W,YMR025W,0.02791666053235531
YBR005W,YBR081C,1.0944798987111426e-06
YBR005W,YFL026W,7.509223360102624e-05
YBR005W,YHL007C,4.087678640019021e-09
YBR005W,YNR044W,0.9993299245834351
YBR005W,YNL271C,9.751932594781465e-08
YBR005W,YDR200C,5.710156258942334e-08
YBR005W,YKL178C,3.1021218092064373e-06
YBR005W,YOR212W,0.12718980014324188
YBR005W,YOL111C,3.6694942640025374e-09
YBR005W,YGL032C,7.827763502492313e-14
YBR005W,YHR005C,5.130416269594207e-08
YBR005W,YDR103W,9.779235199403047e-09
YBR005W,YJR084W,0.9745363593101501
YBR005W,YCL032W,8.117003017105162e-05
YBR005W,YJL170C,2.3041287931846455e-05
YBR005W,YDR179C,7.902848375707094e-10
YBR005W,YBR095C,0.2315259426832199
YBR005W,YLL021W,0.7251712083816528
YBR005W,YDL159W,5.3160560398168855e-09
YBR005W,YNL161W,0.9371693134307861
YBR005W,YNL188W,0.000717301678378135
YBR005W,YJL157C,1.4967244110764e-10
YBR005W,YJL034W,1.2408090776638153e-14
YBR005W,YLR238W,0.4089032709598541
YBR005W,YPR141C,0.14103364944458008
YBR005W,YNL127W,3.242001184844412e-06
YBR005W,YCL055W,0.9192644357681274
YBR005W,YPR122W,1.9533574686647626e-06
YBR005W,YMR065W,5.851642299603554e-07
YBR005W,YDR356W,0.0015645765233784914
YBR005W,YMR052W,0.00034702938864938915
YBR005W,YFR008W,3.256035938647983e-07
YBR005W,YLL043W,1.233655075338902e-05
YBR005W,YMR029C,3.141015625374166e-08
YBR005W,YJR004C,1.5576284836602006e-12
YBR005W,YDL223C,0.013603159226477146
YBR005W,YHR158C,3.478538928902708e-05
YBR005W,YGR238C,4.1701855302278545e-09
YBR005W,YIL015W,0.4348621666431427
YBR005W,YGL173C,6.324560319903583e-11
YBR005W,YDL225W,9.285365649702726e-07
YBR005W,YLR330W,2.923360398199293e-07
YBR005W,YBR129C,1.4995949371154893e-08
YBR005W,YKR095W-A,0.2020167112350464
YBR005W,YPR075C,1.7155317444395024e-10
YBR005W,YMR198W,8.864200026437175e-06
YBR005W,YOR127W,0.0025647422298789024
YBR005W,YDR264C,1.3435189885058207e-06
YBR005W,YLR110C,0.7133475542068481
YBR005W,YDR379W,4.456123026130854e-09
YBR005W,YDL100C,8.305026710786478e-08
YBR005W,YHR073W,1.3401161291781705e-09
YBR005W,YJR090C,3.856911234834115e-08
YBR005W,YOR208W,3.5509503323871705e-12
YBR005W,YBR040W,0.008496616035699844
YBR005W,YNL279W,7.830523827578872e-05
YBR005W,YER075C,1.9862611225107685e-05
YBR005W,YCR089W,0.3927552103996277
YBR005W,YCR002C,8.776345622463211e-11
YBR005W,YJL108C,0.7513675093650818
YBR005W,YBR200W,9.407266770722345e-05
YBR005W,YIL026C,6.189770918041404e-09
YBR005W,YJR076C,0.003642224706709385
YBR005W,YKR031C,0.9934561848640442
YBR005W,YPL192C,0.00012216770846862346
YBR005W,YHR107C,3.040109675112035e-07
YBR005W,YIL037C,1.0835852890522801e-06
YBR005W,YPL156C,1.2903121842100518e-06
YBR005W,YIL117C,3.4651924352147034e-07
YBR005W,YHR066W,4.68754205845851e-19
YBR005W,YML085C,0.723709762096405
YBR005W,YML047C,0.0058639985509216785
YBR005W,YDR312W,4.584800854939841e-12
YBR005W,YFL037W,1.5679665921197738e-06
YBR005W,YDL038C,0.2020167112350464
YBR005W,YDL039C,7.894094313778618e-14
YBR005W,YCL027W,0.8818855285644531
YBR005W,YML124C,1.7490978052592254e-06
YBR005W,YGL053W,5.778428950609094e-14
YBR005W,YMR232W,0.0001424317160854116
YBR005W,YNL298W,0.004791750572621822
YBR005W,YGL099W,1.8023291128768886e-17
YBR005W,YBL016W,0.0007307163905352354
YBR005W,YAL041W,0.10202274471521378
YBR005W,YDR085C,0.608887791633606
YBR005W,YPL187W,4.47277631598908e-10
YBR005W,YPL256C,1.2204719013197973e-08
YBR005W,YDR461W,7.858869999211038e-09
YBR005W,YNL145W,1.1825197487880246e-09
SME3,YDL165W,0.2020167112350464
SME3,YGR059W,0.2020167112350464
SME3,YBR109C,0.2020167112350464
SME3,YJL080C,0.2020167112350464
SME3,YCR093W,0.2020167112350464
SME3,YIL122W,0.2020167112350464
SME3,YCL029C,0.2020167112350464
SME3,YNL173C,0.2020167112350464
SME3,YLR452C,0.2020167112350464
SME3,YDL160C,0.2020167112350464
SME3,YLR229C,0.2020167112350464
SME3,YML057W,0.2020167112350464
SME3,YER149C,0.2020167112350464
SME3,YMR305C,0.2020167112350464
SME3,YLR433C,0.2020167112350464
SME3,YJL073W,0.2020167112350464
SME3,YGR279C,0.2020167112350464
SME3,YKL190W,0.2020167112350464
SME3,YGL089C,0.2020167112350464
SME3,YJL019W,0.2020167112350464
SME3,YJL018W,0.2020167112350464
SME3,YNR032C-A,0.2020167112350464
SME3,YGL178W,0.2020167112350464
SME3,YKL116C,0.2020167112350464
SME3,YDL214C,0.2020167112350464
SME3,YLR362W,0.2020167112350464
SME3,YER068W,0.2020167112350464
SME3,YHR084W,0.2020167112350464
SME3,YDR392W,0.2020167112350464
SME3,YNL053W,0.2020167112350464
SME3,YGR040W,0.2020167112350464
SME3,YDL216C,0.2020167112350464
SME3,YOL117W,0.2020167112350464
SME3,YJR086W,0.2020167112350464
SME3,YMR025W,0.2020167112350464
SME3,YBR081C,0.2020167112350464
SME3,YFL026W,0.2020167112350464
SME3,YHL007C,0.2020167112350464
SME3,YNR044W,0.2020167112350464
SME3,YNL271C,0.2020167112350464
SME3,YDR200C,0.2020167112350464
SME3,YKL178C,0.2020167112350464
SME3,YOR212W,0.2020167112350464
SME3,YOL111C,0.2020167112350464
SME3,YGL032C,0.2020167112350464
SME3,YHR005C,0.2020167112350464
SME3,YDR103W,0.2020167112350464
SME3,YJR084W,0.2020167112350464
SME3,YCL032W,0.2020167112350464
SME3,YJL170C,0.2020167112350464
SME3,YDR179C,0.2020167112350464
SME3,YBR095C,0.2020167112350464
SME3,YLL021W,0.2020167112350464
SME3,YDL159W,0.2020167112350464
SME3,YNL161W,0.2020167112350464
SME3,YNL188W,0.2020167112350464
SME3,YJL157C,0.2020167112350464
SME3,YJL034W,0.2020167112350464
SME3,YLR238W,0.2020167112350464
SME3,YPR141C,0.2020167112350464
SME3,YNL127W,0.2020167112350464
SME3,YCL055W,0.2020167112350464
SME3,YPR122W,0.2020167112350464
SME3,YMR065W,0.2020167112350464
SME3,YDR356W,0.2020167112350464
SME3,YMR052W,0.2020167112350464
SME3,YFR008W,0.2020167112350464
SME3,YLL043W,0.2020167112350464
SME3,YMR029C,0.2020167112350464
SME3,YJR004C,0.2020167112350464
SME3,YDL223C,0.2020167112350464
SME3,YHR158C,0.2020167112350464
SME3,YGR238C,0.2020167112350464
SME3,YIL015W,0.2020167112350464
SME3,YGL173C,0.2020167112350464
SME3,YDL225W,0.2020167112350464
SME3,YLR330W,0.2020167112350464
SME3,YBR129C,0.2020167112350464
SME3,YKR095W-A,0.2020167112350464
SME3,YPR075C,0.2020167112350464
SME3,YMR198W,0.2020167112350464
SME3,YOR127W,0.2020167112350464
SME3,YDR264C,0.2020167112350464
SME3,YLR110C,0.2020167112350464
SME3,YDR379W,0.2020167112350464
SME3,YDL100C,0.2020167112350464
SME3,YHR073W,0.2020167112350464
SME3,YJR090C,0.2020167112350464
SME3,YOR208W,0.2020167112350464
SME3,YBR040W,0.2020167112350464
SME3,YNL279W,0.2020167112350464
SME3,YER075C,0.2020167112350464
SME3,YCR089W,0.2020167112350464
SME3,YCR002C,0.2020167112350464
SME3,YJL108C,0.2020167112350464
SME3,YBR200W,0.2020167112350464
SME3,YIL026C,0.2020167112350464
SME3,YJR076C,0.2020167112350464
SME3,YKR031C,0.2020167112350464
SME3,YPL192C,0.2020167112350464
SME3,YHR107C,0.2020167112350464
SME3,YIL037C,0.2020167112350464
SME3,YPL156C,0.2020167112350464
SME3,YIL117C,0.2020167112350464
SME3,YHR066W,0.2020167112350464
SME3,YML085C,0.2020167112350464
SME3,YML047C,0.2020167112350464
SME3,YDR312W,0.2020167112350464
SME3,YFL037W,0.2020167112350464
SME3,YDL038C,0.2020167112350464
SME3,YDL039C,0.2020167112350464
SME3,YCL027W,0.2020167112350464
SME3,YML124C,0.2020167112350464
SME3,YGL053W,0.2020167112350464
SME3,YMR232W,0.2020167112350464
SME3,YNL298W,0.2020167112350464
SME3,YGL099W,0.2020167112350464
SME3,YBL016W,0.2020167112350464
SME3,YAL041W,0.2020167112350464
SME3,YDR085C,0.2020167112350464
SME3,YPL187W,0.2020167112350464
SME3,YPL256C,0.2020167112350464
SME3,YDR461W,0.2020167112350464
SME3,YNL145W,0.2020167112350464
YLR430W,YDL165W,1.2450275240872904e-16
YLR430W,YGR059W,1.4082752840391052e-14
YLR430W,YBR109C,0.013821078464388847
YLR430W,YJL080C,0.0023618170525878668
YLR430W,YCR093W,3.240571701288357e-17
YLR430W,YIL122W,1.7464160464442102e-06
YLR430W,YCL029C,1.1015568353271732e-17
YLR430W,YNL173C,4.813577106688172e-06
YLR430W,YLR452C,4.021063432446681e-05
YLR430W,YDL160C,0.0019458446186035872
YLR430W,YLR229C,1.210636835224932e-08
YLR430W,YML057W,9.114242860254538e-16
YLR430W,YER149C,1.0070015576957303e-07
YLR430W,YMR305C,0.001384677249006927
YLR430W,YLR433C,6.2712092585570645e-06
YLR430W,YJL073W,4.309256944334816e-12
YLR430W,YGR279C,1.1503150744829327e-05
YLR430W,YKL190W,1.600309133209521e-06
YLR430W,YGL089C,0.013190402649343014
YLR430W,YJL019W,1.5370845929396637e-08
YLR430W,YJL018W,0.001115699065849185
YLR430W,YNR032C-A,0.3335697650909424
YLR430W,YGL178W,4.405484421710071e-09
YLR430W,YKL116C,7.314863298413243e-11
YLR430W,YDL214C,0.0020932448096573353
YLR430W,YLR362W,3.85969229910188e-08
YLR430W,YER068W,0.0001327389618381858
YLR430W,YHR084W,1.7472039814947493e-07
YLR430W,YDR392W,0.00715531874448061
YLR430W,YNL053W,0.0019132603192701936
YLR430W,YGR040W,7.360116433119401e-05
YLR430W,YDL216C,0.0035724351182579994
YLR430W,YOL117W,1.5790371397580993e-12
YLR430W,YJR086W,3.909605936769367e-07
YLR430W,YMR025W,7.570812613266753e-06
YLR430W,YBR081C,0.016133159399032593
YLR430W,YFL026W,0.01984589546918869
YLR430W,YHL007C,8.46626935224748e-10
YLR430W,YNR044W,3.0209976881190315e-11
YLR430W,YNL271C,2.1387920601245725e-10
YLR430W,YDR200C,5.892140664265355e-10
YLR430W,YKL178C,6.440282196429337e-10
YLR430W,YOR212W,5.679876328382877e-14
YLR430W,YOL111C,1.9475416559392583e-13
YLR430W,YGL032C,2.1602535732467842e-11
YLR430W,YHR005C,0.0005965368472971022
YLR430W,YDR103W,3.0895710096956464e-06
YLR430W,YJR084W,4.248699482511942e-12
YLR430W,YCL032W,9.466564684923462e-12
YLR430W,YJL170C,0.017076728865504265
YLR430W,YDR179C,6.884226522174686e-09
YLR430W,YBR095C,4.4961829814837984e-08
YLR430W,YLL021W,4.827779055840238e-15
YLR430W,YDL159W,0.01386634074151516
YLR430W,YNL161W,1.8876572527304347e-10
YLR430W,YNL188W,2.4959072623346318e-14
YLR430W,YJL157C,6.681969422217549e-10
YLR430W,YJL034W,6.467180849005494e-13
YLR430W,YLR238W,7.864991147243927e-08
YLR430W,YPR141C,2.074168833132717e-06
YLR430W,YNL127W,1.8366065432928735e-06
YLR430W,YCL055W,1.9409964746586184e-09
YLR430W,YPR122W,0.0666985958814621
YLR430W,YMR065W,0.0007240145932883024
YLR430W,YDR356W,1.3438454793401888e-09
YLR430W,YMR052W,0.7974628806114197
YLR430W,YFR008W,4.9042045979774684e-09
YLR430W,YLL043W,0.0009712073369883001
YLR430W,YMR029C,1.9468090063212012e-14
YLR430W,YJR004C,6.228455251555687e-11
YLR430W,YDL223C,2.5679750277726905e-14
YLR430W,YHR158C,1.4240893797534682e-08
YLR430W,YGR238C,2.407019928796217e-05
YLR430W,YIL015W,0.001076194690540433
YLR430W,YGL173C,0.6657443046569824
YLR430W,YDL225W,2.595796644300208e-08
YLR430W,YLR330W,5.401334934873603e-10
YLR430W,YBR129C,3.809902011653321e-07
YLR430W,YKR095W-A,0.2020167112350464
YLR430W,YPR075C,0.00017322704661637545
YLR430W,YMR198W,8.319590016903078e-10
YLR430W,YOR127W,0.0018566761864349246
YLR430W,YDR264C,5.686538173677036e-08
YLR430W,YLR110C,6.806494950994946e-11
YLR430W,YDR379W,1.0168353270501029e-07
YLR430W,YDL100C,3.140407656143651e-10
YLR430W,YHR073W,0.0019721940625458956
YLR430W,YJR090C,1.2679809515248053e-05
YLR430W,YOR208W,3.447180461080279e-06
YLR430W,YBR040W,4.750568405142985e-05
YLR430W,YNL279W,0.05673898756504059
YLR430W,YER075C,8.985379099613056e-05
YLR430W,YCR089W,0.0001524675462860614
YLR430W,YCR002C,0.004397229291498661
YLR430W,YJL108C,1.5921596059342846e-05
YLR430W,YBR200W,1.1017929864465259e-05
YLR430W,YIL026C,0.0004473252047318965
YLR430W,YJR076C,2.285874267649035e-10
YLR430W,YKR031C,1.3268994507598109e-06
YLR430W,YPL192C,1.1124238881166093e-06
YLR430W,YHR107C,2.3832330206530195e-11
YLR430W,YIL037C,0.019512588158249855
YLR430W,YPL156C,0.02688789553940296
YLR430W,YIL117C,0.0002992517838720232
YLR430W,YHR066W,1.1936672983381413e-08
YLR430W,YML085C,2.0797951902351564e-11
YLR430W,YML047C,2.238812015775693e-07
YLR430W,YDR312W,0.01864124834537506
YLR430W,YFL037W,2.6217435333819594e-07
YLR430W,YDL038C,0.2020167112350464
YLR430W,YDL039C,1.8772982639443138e-14
YLR430W,YCL027W,4.784076850228303e-07
YLR430W,YML124C,6.985470551610848e-15
YLR430W,YGL053W,0.00010242879943689331
YLR430W,YMR232W,0.7310043573379517
YLR430W,YNL298W,0.012506418861448765
YLR430W,YGL099W,5.7004323025466874e-05
YLR430W,YBL016W,6.438494892790914e-08
YLR430W,YAL041W,0.011448655277490616
YLR430W,YDR085C,0.001885102246887982
YLR430W,YPL187W,0.00024748663417994976
YLR430W,YPL256C,5.3197348598692934e-14
YLR430W,YDR461W,5.4482217848317305e-08
YLR430W,YNL145W,3.3173460423086e-08
YLL062C,YDL165W,4.085709193191178e-08
YLL062C,YGR059W,2.0176983070996357e-06
YLL062C,YBR109C,7.62407494856723e-15
YLL062C,YJL080C,5.157434035396591e-09
YLL062C,YCR093W,3.299399509160139e-08
YLL062C,YIL122W,2.3340222199408345e-08
YLL062C,YCL029C,4.8969872295856476e-05
YLL062C,YNL173C,0.008098880760371685
YLL062C,YLR452C,4.190927119229748e-12
YLL062C,YDL160C,0.0002055592485703528
YLL062C,YLR229C,9.783982651834222e-11
YLL062C,YML057W,7.475519092636773e-10
YLL062C,YER149C,8.527809534919495e-13
YLL062C,YMR305C,5.690286024491453e-14
YLL062C,YLR433C,2.8856006473176876e-10
YLL062C,YJL073W,2.5366536128557104e-14
YLL062C,YGR279C,1.6180193185277858e-08
YLL062C,YKL190W,6.398652163674967e-10
YLL062C,YGL089C,2.0009665799292087e-11
YLL062C,YJL019W,1.3325306724709662e-07
YLL062C,YJL018W,0.00043585902312770486
YLL062C,YNR032C-A,0.00035240265424363315
YLL062C,YGL178W,1.490666617920411e-11
YLL062C,YKL116C,2.0788978177810336e-12
YLL062C,YDL214C,5.497948207811021e-10
YLL062C,YLR362W,4.0710119194979633e-13
YLL062C,YER068W,1.843239516574613e-07
YLL062C,YHR084W,6.423853617813842e-18
YLL062C,YDR392W,2.397000287146511e-07
YLL062C,YNL053W,1.5347788144548513e-12
YLL062C,YGR040W,0.0002508299658074975
YLL062C,YDL216C,2.5175115325737352e-08
YLL062C,YOL117W,1.8720621497436696e-08
YLL062C,YJR086W,5.703690675318285e-08
YLL062C,YMR025W,0.18560293316841125
YLL062C,YBR081C,9.298453562678333e-09
YLL062C,YFL026W,8.059144876483052e-22
YLL062C,YHL007C,1.1538797695109793e-10
YLL062C,YNR044W,7.576729194947503e-15
YLL062C,YNL271C,1.4160986836278533e-12
YLL062C,YDR200C,9.77104974708709e-09
YLL062C,YKL178C,2.629319539870778e-10
YLL062C,YOR212W,3.946577455254054e-22
YLL062C,YOL111C,0.0006049884250387549
YLL062C,YGL032C,3.7931786184275396e-11
YLL062C,YHR005C,1.0470929136773e-13
YLL062C,YDR103W,4.73821959445786e-09
YLL062C,YJR084W,2.8293829478225237e-14
YLL062C,YCL032W,7.199778195854378e-08
YLL062C,YJL170C,1.8314000316266288e-09
YLL062C,YDR179C,1.4264102901506703e-05
YLL062C,YBR095C,0.00023253957624547184
YLL062C,YLL021W,8.580898769317002e-10
YLL062C,YDL159W,1.0805866622831672e-05
YLL062C,YNL161W,2.770037976773665e-09
YLL062C,YNL188W,5.082048559756913e-09
YLL062C,YJL157C,2.9444057868949214e-14
YLL062C,YJL034W,7.008315802692344e-12
YLL062C,YLR238W,0.0009872537339106202
YLL062C,YPR141C,5.391289081835282e-10
YLL062C,YNL127W,1.2793521797505036e-10
YLL062C,YCL055W,2.5472295384076915e-09
YLL062C,YPR122W,7.2459674811398145e-06
YLL062C,YMR065W,0.11884339898824692
YLL062C,YDR356W,0.0004014793084934354
YLL062C,YMR052W,0.0014146819012239575
YLL062C,YFR008W,4.8274810815485125e-09
YLL062C,YLL043W,6.461173818195221e-10
YLL062C,YMR029C,0.0034973244182765484
YLL062C,YJR004C,1.5461422628857725e-14
YLL062C,YDL223C,3.90026688246517e-13
YLL062C,YHR158C,6.5161764872812e-09
YLL062C,YGR238C,1.101106931855611e-06
YLL062C,YIL015W,8.781772899336569e-18
YLL062C,YGL173C,4.79455457025324e-06
YLL062C,YDL225W,9.028297554003473e-10
YLL062C,YLR330W,1.4002349280062276e-10
YLL062C,YBR129C,1.8659173164903287e-11
YLL062C,YKR095W-A,0.2020167112350464
YLL062C,YPR075C,2.364981582965442e-13
YLL062C,YMR198W,2.4416699773155415e-09
YLL062C,YOR127W,7.326567331338366e-14
YLL062C,YDR264C,6.668712110302621e-11
YLL062C,YLR110C,4.147057097725337e-06
YLL062C,YDR379W,2.55078305144707e-07
YLL062C,YDL100C,2.3107687299544176e-14
YLL062C,YHR073W,1.3712145134625597e-11
YLL062C,YJR090C,1.415712490814014e-12
YLL062C,YOR208W,6.345047598443898e-09
YLL062C,YBR040W,2.2496839113816947e-10
YLL062C,YNL279W,9.580369136896749e-11
YLL062C,YER075C,1.4818514500802848e-05
YLL062C,YCR089W,1.0569542636951201e-11
YLL062C,YCR002C,3.914122498338557e-12
YLL062C,YJL108C,6.206536512216951e-16
YLL062C,YBR200W,4.0343827834021795e-08
YLL062C,YIL026C,6.866362127766479e-06
YLL062C,YJR076C,2.8035405108539635e-09
YLL062C,YKR031C,5.64486165261601e-18
YLL062C,YPL192C,2.802846893246169e-06
YLL062C,YHR107C,4.122851837706776e-09
YLL062C,YIL037C,3.780257221619107e-15
YLL062C,YPL156C,5.172537385078613e-06
YLL062C,YIL117C,0.00132287060841918
YLL062C,YHR066W,2.7309621239228997e-15
YLL062C,YML085C,1.9164556874784466e-07
YLL062C,YML047C,9.126365441147755e-09
YLL062C,YDR312W,1.2901382219487889e-11
YLL062C,YFL037W,9.447791094114363e-15
YLL062C,YDL038C,0.2020167112350464
YLL062C,YDL039C,6.654627071611685e-09
YLL062C,YCL027W,1.1800532107031358e-08
YLL062C,YML124C,1.0233463293838557e-17
YLL062C,YGL053W,1.2061540211050215e-08
YLL062C,YMR232W,0.0032595249358564615
YLL062C,YNL298W,4.486365706019013e-12
YLL062C,YGL099W,3.240688460416758e-21
YLL062C,YBL016W,2.559032223322169e-14
YLL062C,YAL041W,1.7681293928983877e-10
YLL062C,YDR085C,4.557106512947939e-05
YLL062C,YPL187W,2.2225862039704225e-08
YLL062C,YPL256C,5.2597042796446655e-14
YLL062C,YDR461W,2.136339499400619e-12
YLL062C,YNL145W,1.1142829280802458e-12
YIL129C,YDL165W,1.0702459007916332e-07
YIL129C,YGR059W,0.07190611958503723
YIL129C,YBR109C,3.693408356930661e-10
YIL129C,YJL080C,3.0248851544456556e-05
YIL129C,YCR093W,0.00016437468002550304
YIL129C,YIL122W,6.470688163062732e-08
YIL129C,YCL029C,1.8031417288108531e-12
YIL129C,YNL173C,6.211297969016538e-12
YIL129C,YLR452C,0.00014648282376583666
YIL129C,YDL160C,4.276623499777088e-10
YIL129C,YLR229C,0.00014533750072587281
YIL129C,YML057W,3.38380147013595e-07
YIL129C,YER149C,1.687828721230744e-08
YIL129C,YMR305C,4.871611114509733e-09
YIL129C,YLR433C,0.005603870842605829
YIL129C,YJL073W,1.6653713130754255e-11
YIL129C,YGR279C,1.0489875421626493e-06
YIL129C,YKL190W,4.066768724442227e-06
YIL129C,YGL089C,1.3488002878148109e-05
YIL129C,YJL019W,5.707052608272534e-08
YIL129C,YJL018W,0.2020167112350464
YIL129C,YNR032C-A,0.6076603531837463
YIL129C,YGL178W,8.256648698079516e-08
YIL129C,YKL116C,9.048738841554993e-11
YIL129C,YDL214C,4.025726866530022e-06
YIL129C,YLR362W,9.051444749275106e-08
YIL129C,YER068W,7.652985914319288e-06
YIL129C,YHR084W,0.0033521531149744987
YIL129C,YDR392W,2.030749006454169e-11
YIL129C,YNL053W,7.716922656442193e-10
YIL129C,YGR040W,1.410910135746235e-05
YIL129C,YDL216C,0.8090183734893799
YIL129C,YOL117W,1.6457518015045025e-08
YIL129C,YJR086W,0.0003981383051723242
YIL129C,YMR025W,8.74335626122047e-09
YIL129C,YBR081C,3.108474629698321e-05
YIL129C,YFL026W,1.299650733699309e-07
YIL129C,YHL007C,1.712248490548518e-06
YIL129C,YNR044W,1.824336903766266e-09
YIL129C,YNL271C,0.4732854664325714
YIL129C,YDR200C,0.026150723919272423
YIL129C,YKL178C,1.2940075226619552e-11
YIL129C,YOR212W,8.373285953489074e-10
YIL129C,YOL111C,2.0044799153851045e-12
YIL129C,YGL032C,0.00015939251170493662
YIL129C,YHR005C,1.9874342449544002e-10
YIL129C,YDR103W,0.05414162576198578
YIL129C,YJR084W,1.99289479496656e-06
YIL129C,YCL032W,0.04215807840228081
YIL129C,YJL170C,0.11463771015405655
YIL129C,YDR179C,7.909652750479057e-13
YIL129C,YBR095C,2.5101982714659243e-09
YIL129C,YLL021W,1.3008593313657002e-08
YIL129C,YDL159W,1.4056254826755321e-08
YIL129C,YNL161W,0.00039609387749806046
YIL129C,YNL188W,0.01251958217471838
YIL129C,YJL157C,0.001538574113510549
YIL129C,YJL034W,5.5929762311279774e-05
YIL129C,YLR238W,1.704560492754581e-09
YIL129C,YPR141C,5.409098169373294e-10
YIL129C,YNL127W,0.00020770003902725875
YIL129C,YCL055W,1.1286796184359436e-14
YIL129C,YPR122W,7.855138761669878e-09
YIL129C,YMR065W,1.1379521325238784e-08
YIL129C,YDR356W,0.05920984223484993
YIL129C,YMR052W,1.3420243805128962e-09
YIL129C,YFR008W,8.244119165112807e-09
YIL129C,YLL043W,2.6991814593202434e-05
YIL129C,YMR029C,9.655854241175099e-12
YIL129C,YJR004C,6.709468980403699e-09
YIL129C,YDL223C,2.6042443201923504e-10
YIL129C,YHR158C,0.0015505272895097733
YIL129C,YGR238C,4.377110229825121e-08
YIL129C,YIL015W,2.2168912892084336e-06
YIL129C,YGL173C,5.422247650876955e-10
YIL129C,YDL225W,3.2869854749151273e-07
YIL129C,YLR330W,9.85480710369302e-07
YIL129C,YBR129C,1.3801265685842168e-09
YIL129C,YKR095W-A,0.2020167112350464
YIL129C,YPR075C,4.4913662122780806e-08
YIL129C,YMR198W,1.1291852075601128e-07
YIL129C,YOR127W,3.116831521765562e-07
YIL129C,YDR264C,1.3638791429571029e-08
YIL129C,YLR110C,3.7392212107079104e-05
YIL129C,YDR379W,4.885710950475186e-06
YIL129C,YDL100C,6.435759297853489e-15
YIL129C,YHR073W,0.0005417778738774359
YIL129C,YJR090C,4.5966324250912294e-05
YIL129C,YOR208W,3.1086416213676202e-15
YIL129C,YBR040W,3.6019559956912417e-06
YIL129C,YNL279W,1.848899592005182e-05
YIL129C,YER075C,5.275357109696746e-14
YIL129C,YCR089W,2.3797026571514834e-08
YIL129C,YCR002C,0.049744196236133575
YIL129C,YJL108C,1.8434836874803295e-06
YIL129C,YBR200W,1.9222792709818956e-14
YIL129C,YIL026C,0.9998903274536133
YIL129C,YJR076C,2.7155660063726828e-05
YIL129C,YKR031C,0.0003481117310002446
YIL129C,YPL192C,2.7789599510441576e-09
YIL129C,YHR107C,1.6085525966769154e-10
YIL129C,YIL037C,7.637287779971302e-08
YIL129C,YPL156C,2.0725138272226218e-10
YIL129C,YIL117C,6.219422175490763e-06
YIL129C,YHR066W,1.4143029737796742e-13
YIL129C,YML085C,1.1830099566623176e-08
YIL129C,YML047C,0.41181620955467224
YIL129C,YDR312W,1.0310378684152965e-06
YIL129C,YFL037W,0.003971803933382034
YIL129C,YDL038C,0.2020167112350464
YIL129C,YDL039C,1.253146586499554e-09
YIL129C,YCL027W,2.6567228972318446e-10
YIL129C,YML124C,5.920267054371209e-11
YIL129C,YGL053W,0.0002044355496764183
YIL129C,YMR232W,3.5062068945990177e-06
YIL129C,YNL298W,3.0813439907267925e-12
YIL129C,YGL099W,1.1499804442038908e-09
YIL129C,YBL016W,3.8347013064932156e-11
YIL129C,YAL041W,0.0031577670015394688
YIL129C,YDR085C,2.5937806640286e-05
YIL129C,YPL187W,0.00020753136777784675
YIL129C,YPL256C,1.302486339227471e-06
YIL129C,YDR461W,0.02140304259955883
YIL129C,YNL145W,4.4474134597294324e-08
YNL222W,YDL165W,1.2264364634972935e-08
YNL222W,YGR059W,2.007941881342068e-13
YNL222W,YBR109C,1.5844307199586183e-07
YNL222W,YJL080C,1.3697526186212672e-12
YNL222W,YCR093W,3.317078833831033e-09
YNL222W,YIL122W,1.3630208073323047e-12
YNL222W,YCL029C,1.549899423212986e-12
YNL222W,YNL173C,1.2394802523761628e-13
YNL222W,YLR452C,2.2659294245386263e-06
YNL222W,YDL160C,9.270887858292554e-06
YNL222W,YLR229C,1.1420039219833811e-10
YNL222W,YML057W,2.81007422192614e-11
YNL222W,YER149C,9.640442888425582e-10
YNL222W,YMR305C,8.928209282998978e-09
YNL222W,YLR433C,0.003952920902520418
YNL222W,YJL073W,4.2932608856904864e-11
YNL222W,YGR279C,0.0022904572542756796
YNL222W,YKL190W,8.22569418232888e-05
YNL222W,YGL089C,0.002071928698569536
YNL222W,YJL019W,7.296887399865781e-11
YNL222W,YJL018W,0.2020167112350464
YNL222W,YNR032C-A,0.030620034784078598
YNL222W,YGL178W,5.461281034513377e-06
YNL222W,YKL116C,5.169142637711251e-17
YNL222W,YDL214C,1.0778292036661696e-08
YNL222W,YLR362W,1.4708151363507227e-11
YNL222W,YER068W,9.132655520716071e-08
YNL222W,YHR084W,0.001383887603878975
YNL222W,YDR392W,0.003426365554332733
YNL222W,YNL053W,9.296624193666503e-05
YNL222W,YGR040W,0.17113517224788666
YNL222W,YDL216C,1.5196624514324242e-10
YNL222W,YOL117W,2.214219784946181e-05
YNL222W,YJR086W,0.0015203572111204267
YNL222W,YMR025W,0.008256095461547375
YNL222W,YBR081C,0.0001693778031039983
YNL222W,YFL026W,1.8161429933723217e-13
YNL222W,YHL007C,1.4615243694102165e-12
YNL222W,YNR044W,2.1888657553148505e-09
YNL222W,YNL271C,5.052881419942423e-07
YNL222W,YDR200C,5.467175601125973e-09
YNL222W,YKL178C,0.2550419867038727
YNL222W,YOR212W,0.004703568294644356
YNL222W,YOL111C,1.8756871056346824e-11
YNL222W,YGL032C,7.0478922680194955e-06
YNL222W,YHR005C,0.00023570595658384264
YNL222W,YDR103W,0.3970237076282501
YNL222W,YJR084W,3.898240064081904e-11
YNL222W,YCL032W,1.7190604921779595e-05
YNL222W,YJL170C,0.02439155988395214
YNL222W,YDR179C,0.0001438491599401459
YNL222W,YBR095C,1.013079309331033e-08
YNL222W,YLL021W,2.5769383155127557e-11
YNL222W,YDL159W,0.11370828747749329
YNL222W,YNL161W,0.9895281195640564
YNL222W,YNL188W,7.909730811661575e-06
YNL222W,YJL157C,8.925922067443137e-14
YNL222W,YJL034W,5.352721710967165e-14
YNL222W,YLR238W,2.775410337108042e-07
YNL222W,YPR141C,0.0004703473241534084
YNL222W,YNL127W,8.335070560860913e-06
YNL222W,YCL055W,1.046422403305769e-05
YNL222W,YPR122W,3.4408699889354466e-07
YNL222W,YMR065W,7.26028943631718e-08
YNL222W,YDR356W,2.559191258910687e-08
YNL222W,YMR052W,3.0518981981343674e-13
YNL222W,YFR008W,7.933525836278932e-09
YNL222W,YLL043W,3.7021930410219284e-08
YNL222W,YMR029C,7.412357808789238e-05
YNL222W,YJR004C,0.00014094154175836593
YNL222W,YDL223C,4.5657596809073095e-23
YNL222W,YHR158C,4.381547114462592e-06
YNL222W,YGR238C,1.271185467999203e-08
YNL222W,YIL015W,1.9322726529935608e-06
YNL222W,YGL173C,5.269198272150888e-12
YNL222W,YDL225W,5.16341858158853e-09
YNL222W,YLR330W,6.185958412174841e-09
YNL222W,YBR129C,1.2385745549181593e-06
YNL222W,YKR095W-A,0.2020167112350464
YNL222W,YPR075C,7.473761887144548e-11
YNL222W,YMR198W,0.15819577872753143
YNL222W,YOR127W,3.367179033375578e-06
YNL222W,YDR264C,1.931266561602807e-12
YNL222W,YLR110C,5.3215266859751864e-08
YNL222W,YDR379W,2.2008761391134612e-07
YNL222W,YDL100C,1.953520456510205e-09
YNL222W,YHR073W,1.1530300980666652e-05
YNL222W,YJR090C,0.14984822273254395
YNL222W,YOR208W,4.2283262687114033e-16
YNL222W,YBR040W,1.872130269475747e-06
YNL222W,YNL279W,0.4188363254070282
YNL222W,YER075C,4.873449483966397e-07
YNL222W,YCR089W,5.352188831020399e-11
YNL222W,YCR002C,0.00041141017572954297
YNL222W,YJL108C,3.3741030165401753e-06
YNL222W,YBR200W,0.0013479295885190368
YNL222W,YIL026C,1.1705957383978394e-11
YNL222W,YJR076C,1.4264727177248915e-09
YNL222W,YKR031C,2.6885893021244556e-05
YNL222W,YPL192C,4.099113721167669e-05
YNL222W,YHR107C,1.223470352806899e-10
YNL222W,YIL037C,0.0422201007604599
YNL222W,YPL156C,0.031214214861392975
YNL222W,YIL117C,0.020530756562948227
YNL222W,YHR066W,2.2246771536060805e-08
YNL222W,YML085C,5.908300515500287e-10
YNL222W,YML047C,1.0778029491120833e-07
YNL222W,YDR312W,7.708441523979204e-12
YNL222W,YFL037W,5.563430249821977e-07
YNL222W,YDL038C,0.2020167112350464
YNL222W,YDL039C,5.720879499293563e-13
YNL222W,YCL027W,9.054575684785959e-07
YNL222W,YML124C,1.6289593372104116e-12
YNL222W,YGL053W,0.0020067691802978516
YNL222W,YMR232W,3.423755697440356e-05
YNL222W,YNL298W,8.13457834425435e-09
YNL222W,YGL099W,3.1544398169935928e-12
YNL222W,YBL016W,4.215024091536179e-06
YNL222W,YAL041W,1.5503881513723172e-05
YNL222W,YDR085C,0.0007268053595907986
YNL222W,YPL187W,0.35088050365448
YNL222W,YPL256C,1.9715587669388857e-13
YNL222W,YDR461W,3.4670304671635677e-07
YNL222W,YNL145W,0.000194153530173935
YLR388W,YDL165W,5.397804599127642e-13
YLR388W,YGR059W,4.149836754747472e-15
YLR388W,YBR109C,0.39300432801246643
YLR388W,YJL080C,0.007663354277610779
YLR388W,YCR093W,1.0362333213720376e-09
YLR388W,YIL122W,9.828161182667827e-07
YLR388W,YCL029C,3.4032915374737627e-11
YLR388W,YNL173C,0.01547306589782238
YLR388W,YLR452C,0.0058342465199530125
YLR388W,YDL160C,2.9278442070790334e-07
YLR388W,YLR229C,0.05367599427700043
YLR388W,YML057W,7.603919880024166e-22
YLR388W,YER149C,5.079821221443126e-06
YLR388W,YMR305C,3.0982735665929795e-07
YLR388W,YLR433C,0.00908429455012083
YLR388W,YJL073W,1.7536613272639556e-09
YLR388W,YGR279C,0.0017232511891052127
YLR388W,YKL190W,9.77792069534189e-07
YLR388W,YGL089C,9.87084376902203e-07
YLR388W,YJL019W,2.9384171540414172e-08
YLR388W,YJL018W,0.00014878754154779017
YLR388W,YNR032C-A,6.872244739497546e-06
YLR388W,YGL178W,1.030562239457462e-17
YLR388W,YKL116C,2.0380395172099153e-19
YLR388W,YDL214C,4.550994692209542e-09
YLR388W,YLR362W,7.325288099829775e-16
YLR388W,YER068W,1.6831918969728576e-07
YLR388W,YHR084W,2.075093732401001e-07
YLR388W,YDR392W,7.171175112063999e-12
YLR388W,YNL053W,2.855698313317936e-15
YLR388W,YGR040W,4.22070144168174e-07
YLR388W,YDL216C,6.729577290386091e-13
YLR388W,YOL117W,2.1470265039317312e-15
YLR388W,YJR086W,2.767004662018735e-05
YLR388W,YMR025W,7.820412429282442e-05
YLR388W,YBR081C,0.14450354874134064
YLR388W,YFL026W,0.003499566577374935
YLR388W,YHL007C,4.107077074877452e-06
YLR388W,YNR044W,0.9999510049819946
YLR388W,YNL271C,1.824353789302848e-17
YLR388W,YDR200C,4.805005119123962e-06
YLR388W,YKL178C,2.259400986304172e-07
YLR388W,YOR212W,1.7708029531604552e-07
YLR388W,YOL111C,2.2249951447256278e-12
YLR388W,YGL032C,0.00142137729562819
YLR388W,YHR005C,0.7213963866233826
YLR388W,YDR103W,1.4571474582503186e-10
YLR388W,YJR084W,3.609103016444237e-10
YLR388W,YCL032W,1.861050376306128e-12
YLR388W,YJL170C,0.9974421262741089
YLR388W,YDR179C,2.2218396831463424e-16
YLR388W,YBR095C,1.5678357223603e-10
YLR388W,YLL021W,4.810038218422408e-12
YLR388W,YDL159W,5.7771982753251905e-09
YLR388W,YNL161W,1.1627714663651556e-15
YLR388W,YNL188W,5.212446581026597e-07
YLR388W,YJL157C,5.727518069195692e-13
YLR388W,YJL034W,2.2507993921971097e-18
YLR388W,YLR238W,2.762834128144931e-10
YLR388W,YPR141C,1.7269244922957228e-09
YLR388W,YNL127W,2.7171490728505887e-06
YLR388W,YCL055W,6.246500561246648e-08
YLR388W,YPR122W,4.2356523843878335e-10
YLR388W,YMR065W,5.913627774134511e-06
YLR388W,YDR356W,2.184279424000124e-08
YLR388W,YMR052W,0.0006972558912821114
YLR388W,YFR008W,1.3389993053138788e-13
YLR388W,YLL043W,1.1760545248762355e-06
YLR388W,YMR029C,2.4088497017362905e-17
YLR388W,YJR004C,0.00010327795462217182
YLR388W,YDL223C,8.397290251635184e-18
YLR388W,YHR158C,1.6007341936338793e-12
YLR388W,YGR238C,3.526862799041839e-18
YLR388W,YIL015W,0.9983643889427185
YLR388W,YGL173C,9.252173249763018e-09
YLR388W,YDL225W,0.0012650537537410855
YLR388W,YLR330W,9.344460020219506e-14
YLR388W,YBR129C,0.00010734864190453663
YLR388W,YKR095W-A,0.2020167112350464
YLR388W,YPR075C,4.734128552092961e-16
YLR388W,YMR198W,6.354269194153161e-11
YLR388W,YOR127W,9.61404523869378e-16
YLR388W,YDR264C,1.0968145608327567e-13
YLR388W,YLR110C,3.4083632183962154e-12
YLR388W,YDR379W,0.0320122055709362
YLR388W,YDL100C,4.1986743942734606e-11
YLR388W,YHR073W,2.5343873696912842e-20
YLR388W,YJR090C,1.688929329723976e-09
YLR388W,YOR208W,3.5004920647232e-14
YLR388W,YBR040W,0.0007218946702778339
YLR388W,YNL279W,7.850741584602972e-11
YLR388W,YER075C,9.672384670977863e-09
YLR388W,YCR089W,4.227801220224592e-09
YLR388W,YCR002C,2.2685341452555186e-11
YLR388W,YJL108C,3.377310653362997e-10
YLR388W,YBR200W,4.357492231626958e-12
YLR388W,YIL026C,4.640209538901404e-15
YLR388W,YJR076C,1.880371591767016e-08
YLR388W,YKR031C,1.7799604021609405e-12
YLR388W,YPL192C,5.208049103089252e-08
YLR388W,YHR107C,0.0005487388698384166
YLR388W,YIL037C,1.548614214641475e-08
YLR388W,YPL156C,9.259654154547547e-10
YLR388W,YIL117C,2.2596262358519185e-14
YLR388W,YHR066W,4.924236365888568e-12
YLR388W,YML085C,2.4182012836604372e-08
YLR388W,YML047C,0.194721981883049
YLR388W,YDR312W,1.0022385699137715e-10
YLR388W,YFL037W,4.488077465225615e-08
YLR388W,YDL038C,0.2020167112350464
YLR388W,YDL039C,1.0537549776264076e-16
YLR388W,YCL027W,1.921272252403128e-09
YLR388W,YML124C,6.93008530335687e-13
YLR388W,YGL053W,2.7609713895133763e-16
YLR388W,YMR232W,0.9999979734420776
YLR388W,YNL298W,6.11023569945246e-05
YLR388W,YGL099W,4.107735852854066e-12
YLR388W,YBL016W,1.8377922794687862e-10
YLR388W,YAL041W,1.1311760417243022e-09
YLR388W,YDR085C,2.4523567844880745e-05
YLR388W,YPL187W,2.0127080802012642e-07
YLR388W,YPL256C,0.00010669896437320858
YLR388W,YDR461W,0.0014681316679343581
YLR388W,YNL145W,1.341248753771243e-13
YOL162W,YDL165W,2.703609003340546e-10
YOL162W,YGR059W,1.0997526089795429e-07
YOL162W,YBR109C,2.2018896927988862e-08
YOL162W,YJL080C,1.2940072572018295e-15
YOL162W,YCR093W,2.6558645060958952e-08
YOL162W,YIL122W,5.217364741838537e-05
YOL162W,YCL029C,2.4049387698302227e-13
YOL162W,YNL173C,4.184291801934137e-11
YOL162W,YLR452C,5.73751224308694e-09
YOL162W,YDL160C,0.00013353137183003128
YOL162W,YLR229C,1.6363206144696208e-16
YOL162W,YML057W,3.4155966943671956e-10
YOL162W,YER149C,3.7490543036255985e-05
YOL162W,YMR305C,4.6596113634223e-09
YOL162W,YLR433C,6.034813964106434e-07
YOL162W,YJL073W,1.1132420939946597e-12
YOL162W,YGR279C,5.5186681364177776e-17
YOL162W,YKL190W,0.009053638204932213
YOL162W,YGL089C,2.097910170237305e-12
YOL162W,YJL019W,0.016704382374882698
YOL162W,YJL018W,0.0001561354729346931
YOL162W,YNR032C-A,0.0003175081801600754
YOL162W,YGL178W,0.5863951444625854
YOL162W,YKL116C,6.415271010815418e-14
YOL162W,YDL214C,1.1994596427200577e-08
YOL162W,YLR362W,1.4885705168499186e-10
YOL162W,YER068W,6.606509828088747e-08
YOL162W,YHR084W,1.255689085155609e-06
YOL162W,YDR392W,0.026936959475278854
YOL162W,YNL053W,0.442841112613678
YOL162W,YGR040W,1.148768120629029e-07
YOL162W,YDL216C,0.8002588152885437
YOL162W,YOL117W,0.0011325743980705738
YOL162W,YJR086W,4.384666317491792e-05
YOL162W,YMR025W,1.6923407031299575e-07
YOL162W,YBR081C,8.631383934698533e-06
YOL162W,YFL026W,0.00028891561669297516
YOL162W,YHL007C,4.086814897164004e-06
YOL162W,YNR044W,0.015413823537528515
YOL162W,YNL271C,1.4002171155880205e-06
YOL162W,YDR200C,2.9782398996758275e-05
YOL162W,YKL178C,5.855524398690193e-11
YOL162W,YOR212W,5.889612566534197e-07
YOL162W,YOL111C,1.2218680240039248e-05
YOL162W,YGL032C,3.3153230161175884e-11
YOL162W,YHR005C,2.2977721982897492e-06
YOL162W,YDR103W,1.6178461009985767e-05
YOL162W,YJR084W,0.00013160253001842648
YOL162W,YCL032W,5.214343673287658e-06
YOL162W,YJL170C,5.682634050818702e-12
YOL162W,YDR179C,8.706798126922877e-08
YOL162W,YBR095C,9.683451480668737e-07
YOL162W,YLL021W,4.6526459307428755e-14
YOL162W,YDL159W,9.497028272305308e-14
YOL162W,YNL161W,2.475593285922173e-09
YOL162W,YNL188W,2.905506502060007e-09
YOL162W,YJL157C,4.71167246789033e-19
YOL162W,YJL034W,4.3289248460821536e-14
YOL162W,YLR238W,1.8089524322917327e-09
YOL162W,YPR141C,1.5097976202582686e-08
YOL162W,YNL127W,3.87083304076441e-07
YOL162W,YCL055W,2.2903668978752068e-12
YOL162W,YPR122W,1.261916566962153e-15
YOL162W,YMR065W,0.9939660429954529
YOL162W,YDR356W,9.35828938963823e-05
YOL162W,YMR052W,6.4351029323006514e-06
YOL162W,YFR008W,1.9763940917877365e-12
YOL162W,YLL043W,0.9522997736930847
YOL162W,YMR029C,0.011081029660999775
YOL162W,YJR004C,3.1588518467629e-09
YOL162W,YDL223C,1.0408617526991293e-05
YOL162W,YHR158C,2.5384483706147876e-06
YOL162W,YGR238C,1.9441048948465323e-07
YOL162W,YIL015W,4.837968390347669e-07
YOL162W,YGL173C,5.632086867990438e-07
YOL162W,YDL225W,5.319890750143941e-09
YOL162W,YLR330W,2.8619739467217187e-08
YOL162W,YBR129C,0.0016361721791327
YOL162W,YKR095W-A,0.2020167112350464
YOL162W,YPR075C,5.0274437057851173e-08
YOL162W,YMR198W,1.7843152591012768e-06
YOL162W,YOR127W,3.35761285311445e-13
YOL162W,YDR264C,1.8340965652896557e-06
YOL162W,YLR110C,9.062066689494858e-16
YOL162W,YDR379W,6.357530474287998e-11
YOL162W,YDL100C,6.262111270328592e-17
YOL162W,YHR073W,3.5528084936231608e-06
YOL162W,YJR090C,7.895110343270062e-07
YOL162W,YOR208W,2.426002367883484e-07
YOL162W,YBR040W,9.493635297985747e-05
YOL162W,YNL279W,8.286339289043099e-05
YOL162W,YER075C,0.9992815852165222
YOL162W,YCR089W,0.0001273859670618549
YOL162W,YCR002C,8.84197618233884e-07
YOL162W,YJL108C,5.37452069693245e-06
YOL162W,YBR200W,8.207435924466322e-13
YOL162W,YIL026C,6.41991004086094e-14
YOL162W,YJR076C,6.102599979171397e-13
YOL162W,YKR031C,0.00013143323303665966
YOL162W,YPL192C,0.0005092249484732747
YOL162W,YHR107C,5.589368486276503e-13
YOL162W,YIL037C,0.6211702227592468
YOL162W,YPL156C,0.00042053128709085286
YOL162W,YIL117C,2.2698476698224113e-07
YOL162W,YHR066W,6.283434927729025e-16
YOL162W,YML085C,2.713782974381185e-13
YOL162W,YML047C,0.24377001821994781
YOL162W,YDR312W,7.646495741274462e-13
YOL162W,YFL037W,5.1027182479401745e-09
YOL162W,YDL038C,0.2020167112350464
YOL162W,YDL039C,7.565787996099971e-10
YOL162W,YCL027W,1.5907261285974528e-07
YOL162W,YML124C,3.390708251484512e-15
YOL162W,YGL053W,7.468717311276407e-11
YOL162W,YMR232W,0.00042730625136755407
YOL162W,YNL298W,0.0004935353645123541
YOL162W,YGL099W,1.3320109785671698e-15
YOL162W,YBL016W,5.212968545720287e-08
YOL162W,YAL041W,0.0006463286117650568
YOL162W,YDR085C,8.435164566833464e-09
YOL162W,YPL187W,2.5798130298682054e-09
YOL162W,YPL256C,1.8864515505256918e-10
YOL162W,YDR461W,6.688615590208502e-13
YOL162W,YNL145W,9.560069546437656e-15
YKR089C,YDL165W,5.580819106398849e-06
YKR089C,YGR059W,0.004540937952697277
YKR089C,YBR109C,0.27844029664993286
YKR089C,YJL080C,1.6152927884149904e-09
YKR089C,YCR093W,0.0003591587010305375
YKR089C,YIL122W,0.9999995231628418
YKR089C,YCL029C,8.172212240253884e-09
YKR089C,YNL173C,2.036709245700763e-09
YKR089C,YLR452C,0.04065835475921631
YKR089C,YDL160C,4.5145773697186087e-07
YKR089C,YLR229C,0.0005616553826257586
YKR089C,YML057W,6.363629978523022e-08
YKR089C,YER149C,0.0266029704362154
YKR089C,YMR305C,0.22102044522762299
YKR089C,YLR433C,0.035336557775735855
YKR089C,YJL073W,5.079681675290715e-10
YKR089C,YGR279C,0.0004519712529145181
YKR089C,YKL190W,6.811524599470431e-06
YKR089C,YGL089C,0.001101851463317871
YKR089C,YJL019W,0.10740174353122711
YKR089C,YJL018W,0.0038367619272321463
YKR089C,YNR032C-A,0.9995775818824768
YKR089C,YGL178W,0.0001564090489409864
YKR089C,YKL116C,1.3108003713568905e-06
YKR089C,YDL214C,0.16054072976112366
YKR089C,YLR362W,8.249494976020344e-10
YKR089C,YER068W,0.010009468533098698
YKR089C,YHR084W,2.299856987519888e-06
YKR089C,YDR392W,0.22985117137432098
YKR089C,YNL053W,0.33385714888572693
YKR089C,YGR040W,1.3933024547441164e-06
YKR089C,YDL216C,1.8405376067676116e-06
YKR089C,YOL117W,6.980265879974468e-06
YKR089C,YJR086W,1.1250892839598237e-06
YKR089C,YMR025W,0.0001733367535052821
YKR089C,YBR081C,0.0008710049442015588
YKR089C,YFL026W,8.892433834262192e-05
YKR089C,YHL007C,6.626005983889627e-07
YKR089C,YNR044W,4.3770127376774326e-05
YKR089C,YNL271C,0.001562386634759605
YKR089C,YDR200C,3.685685356913382e-08
YKR089C,YKL178C,0.9962230920791626
YKR089C,YOR212W,0.8857088685035706
YKR089C,YOL111C,3.5129447961690374e-11
YKR089C,YGL032C,0.9964305758476257
YKR089C,YHR005C,9.947782331209964e-08
YKR089C,YDR103W,4.638886366592487e-06
YKR089C,YJR084W,5.6459242614437244e-08
YKR089C,YCL032W,0.00850695837289095
YKR089C,YJL170C,1.6032360994344685e-09
YKR089C,YDR179C,1.3301221235550997e-11
YKR089C,YBR095C,0.07620644569396973
YKR089C,YLL021W,0.016513796523213387
YKR089C,YDL159W,2.242940979613195e-07
YKR089C,YNL161W,8.336373866768554e-06
YKR089C,YNL188W,3.5924877656023924e-11
YKR089C,YJL157C,1.0628558450020975e-10
YKR089C,YJL034W,2.7452787265680456e-10
YKR089C,YLR238W,3.196320903953165e-05
YKR089C,YPR141C,0.0077997976914048195
YKR089C,YNL127W,0.0020925188437104225
YKR089C,YCL055W,1.1132740063146684e-08
YKR089C,YPR122W,1.2682793482099441e-08
YKR089C,YMR065W,0.00416693277657032
YKR089C,YDR356W,0.0007475626189261675
YKR089C,YMR052W,8.823210919217672e-06
YKR089C,YFR008W,1.4733737840888494e-10
YKR089C,YLL043W,0.5293362736701965
YKR089C,YMR029C,4.672578768349922e-09
YKR089C,YJR004C,0.004303503315895796
YKR089C,YDL223C,8.28855620206223e-15
YKR089C,YHR158C,0.0006970114191062748
YKR089C,YGR238C,2.049973558959639e-11
YKR089C,YIL015W,0.015428940765559673
YKR089C,YGL173C,0.3911373019218445
YKR089C,YDL225W,5.523189727796307e-08
YKR089C,YLR330W,5.487631238310087e-09
YKR089C,YBR129C,9.907303137879353e-07
YKR089C,YKR095W-A,0.2020167112350464
YKR089C,YPR075C,1.038647837958706e-06
YKR089C,YMR198W,0.00015958960284478962
YKR089C,YOR127W,0.02054356224834919
YKR089C,YDR264C,0.9977503418922424
YKR089C,YLR110C,0.4472426176071167
YKR089C,YDR379W,5.064140964350372e-07
YKR089C,YDL100C,6.025906031936756e-07
YKR089C,YHR073W,7.54989820661578e-11
YKR089C,YJR090C,6.755388692880615e-09
YKR089C,YOR208W,2.2652400275546825e-06
YKR089C,YBR040W,6.839781417511404e-05
YKR089C,YNL279W,0.00010552754247328267
YKR089C,YER075C,0.27377066016197205
YKR089C,YCR089W,0.007349266204982996
YKR089C,YCR002C,0.9602152109146118
YKR089C,YJL108C,0.007268222514539957
YKR089C,YBR200W,7.255779310710864e-11
YKR089C,YIL026C,1.5601563063682988e-05
YKR089C,YJR076C,0.004979703109711409
YKR089C,YKR031C,0.9946164488792419
YKR089C,YPL192C,0.07587312161922455
YKR089C,YHR107C,3.0759958463022485e-05
YKR089C,YIL037C,0.0003706133575178683
YKR089C,YPL156C,1.6185265849344432e-05
YKR089C,YIL117C,6.824848242104053e-05
YKR089C,YHR066W,3.723522425416422e-16
YKR089C,YML085C,2.7398228130692814e-10
YKR089C,YML047C,0.04768398776650429
YKR089C,YDR312W,9.413272891833913e-06
YKR089C,YFL037W,0.009354958310723305
YKR089C,YDL038C,0.2020167112350464
YKR089C,YDL039C,0.0003466605267021805
YKR089C,YCL027W,0.0022253510542213917
YKR089C,YML124C,1.183795234283025e-06
YKR089C,YGL053W,7.275304664267068e-11
YKR089C,YMR232W,0.0019321264699101448
YKR089C,YNL298W,0.0008457207004539669
YKR089C,YGL099W,9.219790486625357e-10
YKR089C,YBL016W,0.035120412707328796
YKR089C,YAL041W,0.0010784113546833396
YKR089C,YDR085C,7.88173579735485e-08
YKR089C,YPL187W,0.31700536608695984
YKR089C,YPL256C,3.0816187379656412e-09
YKR089C,YDR461W,1.8472864127261346e-08
YKR089C,YNL145W,2.826937262057072e-08
YPL232W,YDL165W,1.6312561967879446e-07
YPL232W,YGR059W,0.001497659832239151
YPL232W,YBR109C,1.1703311741939615e-07
YPL232W,YJL080C,2.817729637172306e-06
YPL232W,YCR093W,1.7319498510914855e-05
YPL232W,YIL122W,4.863877984462306e-05
YPL232W,YCL029C,1.79152635837454e-07
YPL232W,YNL173C,0.044720686972141266
YPL232W,YLR452C,0.00022353674285113811
YPL232W,YDL160C,2.9152918159525143e-06
YPL232W,YLR229C,3.7211004382697865e-05
YPL232W,YML057W,1.0402075867332883e-09
YPL232W,YER149C,4.4928805436939e-05
YPL232W,YMR305C,0.02345539815723896
YPL232W,YLR433C,0.10704080760478973
YPL232W,YJL073W,2.754295280738006e-07
YPL232W,YGR279C,0.8741284608840942
YPL232W,YKL190W,5.307153696776368e-05
YPL232W,YGL089C,0.02536860480904579
YPL232W,YJL019W,7.388270546471176e-07
YPL232W,YJL018W,0.0009537275764159858
YPL232W,YNR032C-A,4.257696491549723e-05
YPL232W,YGL178W,2.051494220722816e-06
YPL232W,YKL116C,6.106036380515434e-06
YPL232W,YDL214C,0.05104012042284012
YPL232W,YLR362W,1.7084139471990056e-06
YPL232W,YER068W,5.372268674364022e-07
YPL232W,YHR084W,4.19320613787022e-08
YPL232W,YDR392W,0.0042477683164179325
YPL232W,YNL053W,0.0002499144757166505
YPL232W,YGR040W,0.2683359384536743
YPL232W,YDL216C,0.00020166204194538295
YPL232W,YOL117W,1.5834188404895144e-09
YPL232W,YJR086W,1.9457908706499438e-07
YPL232W,YMR025W,1.5709954226394984e-08
YPL232W,YBR081C,1.5636584294043132e-07
YPL232W,YFL026W,6.278320370256552e-07
YPL232W,YHL007C,0.00038449346902780235
YPL232W,YNR044W,0.00967120286077261
YPL232W,YNL271C,0.000700412318110466
YPL232W,YDR200C,0.0003805925080087036
YPL232W,YKL178C,0.00036218189052306116
YPL232W,YOR212W,2.612004501578724e-10
YPL232W,YOL111C,6.5604258137064164e-12
YPL232W,YGL032C,9.516173804513528e-07
YPL232W,YHR005C,1.2248211334053849e-08
YPL232W,YDR103W,0.00017261385801248252
YPL232W,YJR084W,0.024313347414135933
YPL232W,YCL032W,8.144458115566522e-05
YPL232W,YJL170C,9.659993520472199e-05
YPL232W,YDR179C,9.176583830594609e-07
YPL232W,YBR095C,8.84867734640693e-10
YPL232W,YLL021W,6.63860046188347e-05
YPL232W,YDL159W,0.349403440952301
YPL232W,YNL161W,0.7594797015190125
YPL232W,YNL188W,6.516384019050747e-07
YPL232W,YJL157C,5.327625007822689e-10
YPL232W,YJL034W,2.947742397396702e-11
YPL232W,YLR238W,4.020419510197826e-05
YPL232W,YPR141C,1.2624740520550404e-05
YPL232W,YNL127W,4.0033931031357994e-11
YPL232W,YCL055W,1.389770964976833e-09
YPL232W,YPR122W,1.2198642252769787e-05
YPL232W,YMR065W,3.349223476334373e-08
YPL232W,YDR356W,0.0002639800077304244
YPL232W,YMR052W,3.524330895743333e-05
YPL232W,YFR008W,0.00019433598208706826
YPL232W,YLL043W,5.3165906138019636e-05
YPL232W,YMR029C,1.145929795498546e-09
YPL232W,YJR004C,0.0013718956615775824
YPL232W,YDL223C,0.0017738398164510727
YPL232W,YHR158C,0.0018900647992268205
YPL232W,YGR238C,0.002614612691104412
YPL232W,YIL015W,3.2013587336621185e-09
YPL232W,YGL173C,0.00031545464298687875
YPL232W,YDL225W,0.00031875810236670077
YPL232W,YLR330W,4.45107559698954e-07
YPL232W,YBR129C,1.4299840245257656e-07
YPL232W,YKR095W-A,0.2020167112350464
YPL232W,YPR075C,1.290135376308399e-08
YPL232W,YMR198W,3.1003131084617053e-07
YPL232W,YOR127W,3.0393792371796735e-07
YPL232W,YDR264C,0.025152327492833138
YPL232W,YLR110C,0.9906050562858582
YPL232W,YDR379W,1.421845581717207e-06
YPL232W,YDL100C,1.1665881174849346e-05
YPL232W,YHR073W,0.003516357159242034
YPL232W,YJR090C,1.65669131191315e-10
YPL232W,YOR208W,2.147683142439405e-10
YPL232W,YBR040W,0.018368473276495934
YPL232W,YNL279W,0.00718794297426939
YPL232W,YER075C,0.26442763209342957
YPL232W,YCR089W,8.662041750540084e-08
YPL232W,YCR002C,0.17888180911540985
YPL232W,YJL108C,0.9573239684104919
YPL232W,YBR200W,0.0008263587369583547
YPL232W,YIL026C,0.00039185196510516107
YPL232W,YJR076C,1.954843620310953e-09
YPL232W,YKR031C,2.19978124604836e-09
YPL232W,YPL192C,0.00023665059416089207
YPL232W,YHR107C,0.006355980411171913
YPL232W,YIL037C,1.4411398296942934e-08
YPL232W,YPL156C,2.761376708804164e-05
YPL232W,YIL117C,9.51007166349882e-08
YPL232W,YHR066W,1.3234535664148694e-19
YPL232W,YML085C,3.0703390052622126e-07
YPL232W,YML047C,0.013562404550611973
YPL232W,YDR312W,7.143882612581365e-06
YPL232W,YFL037W,0.07721073925495148
YPL232W,YDL038C,0.2020167112350464
YPL232W,YDL039C,7.878331320654297e-10
YPL232W,YCL027W,1.2696873552542343e-09
YPL232W,YML124C,3.052202757203304e-08
YPL232W,YGL053W,7.82211463956628e-06
YPL232W,YMR232W,1.222488094754226e-06
YPL232W,YNL298W,0.009473409503698349
YPL232W,YGL099W,7.868530929044937e-07
YPL232W,YBL016W,1.6749383576097898e-05
YPL232W,YAL041W,6.0351057484808734e-09
YPL232W,YDR085C,4.642501494345197e-08
YPL232W,YPL187W,0.6953412294387817
YPL232W,YPL256C,6.594999657494327e-09
YPL232W,YDR461W,3.833390202490072e-12
YPL232W,YNL145W,2.3062169418608391e-07
YOR299W,YDL165W,0.02901839278638363
YOR299W,YGR059W,1.088810819283026e-09
YOR299W,YBR109C,0.00020657762070186436
YOR299W,YJL080C,0.0057090758346021175
YOR299W,YCR093W,0.14432400465011597
YOR299W,YIL122W,0.00039940685383044183
YOR299W,YCL029C,0.0023326100781559944
YOR299W,YNL173C,0.9991971850395203
YOR299W,YLR452C,1.940686544799064e-08
YOR299W,YDL160C,0.0030541543383151293
YOR299W,YLR229C,0.9985975623130798
YOR299W,YML057W,9.26796701605781e-08
YOR299W,YER149C,0.24188554286956787
YOR299W,YMR305C,9.261345257982612e-05
YOR299W,YLR433C,0.0007658840040676296
YOR299W,YJL073W,4.749042830098915e-07
YOR299W,YGR279C,0.0022182960528880358
YOR299W,YKL190W,0.02286345511674881
YOR299W,YGL089C,0.025763964280486107
YOR299W,YJL019W,0.6989796161651611
YOR299W,YJL018W,0.13096563518047333
YOR299W,YNR032C-A,0.9960713386535645
YOR299W,YGL178W,0.01490175724029541
YOR299W,YKL116C,6.604802815779465e-10
YOR299W,YDL214C,2.9962586268084124e-05
YOR299W,YLR362W,0.00013219303218647838
YOR299W,YER068W,0.008023492991924286
YOR299W,YHR084W,0.008521554060280323
YOR299W,YDR392W,0.0016968739219009876
YOR299W,YNL053W,0.9567901492118835
YOR299W,YGR040W,0.7567939758300781
YOR299W,YDL216C,0.9807954430580139
YOR299W,YOL117W,0.008542545139789581
YOR299W,YJR086W,0.0002972703950945288
YOR299W,YMR025W,4.66331111965701e-05
YOR299W,YBR081C,0.22826619446277618
YOR299W,YFL026W,1.8909542632172816e-05
YOR299W,YHL007C,9.510964932291088e-11
YOR299W,YNR044W,1.6345810536222416e-06
YOR299W,YNL271C,0.0009401857387274504
YOR299W,YDR200C,1.2773880619931788e-08
YOR299W,YKL178C,0.011536705307662487
YOR299W,YOR212W,0.34174594283103943
YOR299W,YOL111C,2.2060204685203644e-07
YOR299W,YGL032C,5.772552214011739e-08
YOR299W,YHR005C,0.004597545601427555
YOR299W,YDR103W,0.9991884827613831
YOR299W,YJR084W,0.5628337264060974
YOR299W,YCL032W,0.8999783396720886
YOR299W,YJL170C,2.0709036107291467e-05
YOR299W,YDR179C,4.19434777708394e-13
YOR299W,YBR095C,0.0004360747116152197
YOR299W,YLL021W,0.007510470692068338
YOR299W,YDL159W,1.737981847327319e-08
YOR299W,YNL161W,0.009741166606545448
YOR299W,YNL188W,9.85236511041876e-06
YOR299W,YJL157C,1.7365128712754085e-07
YOR299W,YJL034W,3.9553336300679476e-11
YOR299W,YLR238W,0.0014298229943960905
YOR299W,YPR141C,0.0010290967766195536
YOR299W,YNL127W,2.6451893063494936e-05
YOR299W,YCL055W,1.2379446445720532e-07
YOR299W,YPR122W,0.9998553991317749
YOR299W,YMR065W,0.10418067872524261
YOR299W,YDR356W,1.0313034408682142e-06
YOR299W,YMR052W,0.0005028346786275506
YOR299W,YFR008W,0.9887867569923401
YOR299W,YLL043W,6.896007107570767e-05
YOR299W,YMR029C,0.22894755005836487
YOR299W,YJR004C,1.7188687706948258e-05
YOR299W,YDL223C,1.1281465761570075e-09
YOR299W,YHR158C,6.474928522948176e-05
YOR299W,YGR238C,3.423253625012279e-10
YOR299W,YIL015W,0.7934205532073975
YOR299W,YGL173C,0.14087525010108948
YOR299W,YDL225W,6.55429444051947e-09
YOR299W,YLR330W,0.015876905992627144
YOR299W,YBR129C,0.9792299866676331
YOR299W,YKR095W-A,0.2020167112350464
YOR299W,YPR075C,5.896199084531872e-10
YOR299W,YMR198W,5.867892696187482e-07
YOR299W,YOR127W,0.046236827969551086
YOR299W,YDR264C,2.007325747399591e-05
YOR299W,YLR110C,0.8657401204109192
YOR299W,YDR379W,0.0028292990755289793
YOR299W,YDL100C,0.0009949260856956244
YOR299W,YHR073W,8.209325415009516e-07
YOR299W,YJR090C,0.9963621497154236
YOR299W,YOR208W,1.1836490898531338e-07
YOR299W,YBR040W,3.815279342234135e-06
YOR299W,YNL279W,0.0024128167424350977
YOR299W,YER075C,0.1043720617890358
YOR299W,YCR089W,0.04551754146814346
YOR299W,YCR002C,0.21597762405872345
YOR299W,YJL108C,5.634305466628575e-08
YOR299W,YBR200W,0.0018115176353603601
YOR299W,YIL026C,0.498003214597702
YOR299W,YJR076C,2.238445858893101e-06
YOR299W,YKR031C,0.28929463028907776
YOR299W,YPL192C,1.5577198553273774e-07
YOR299W,YHR107C,1.7014971831486037e-07
YOR299W,YIL037C,0.00012807021266780794
YOR299W,YPL156C,0.9980055689811707
YOR299W,YIL117C,1.1357489029251155e-06
YOR299W,YHR066W,1.2545442039474885e-15
YOR299W,YML085C,0.0007641379488632083
YOR299W,YML047C,0.13954010605812073
YOR299W,YDR312W,0.9253028631210327
YOR299W,YFL037W,1.5854557204875164e-06
YOR299W,YDL038C,0.2020167112350464
YOR299W,YDL039C,2.713932865331531e-13
YOR299W,YCL027W,0.23996515572071075
YOR299W,YML124C,1.2175119081803132e-05
YOR299W,YGL053W,0.0008018730441108346
YOR299W,YMR232W,0.9997488856315613
YOR299W,YNL298W,0.0009076677379198372
YOR299W,YGL099W,1.091883132176008e-05
YOR299W,YBL016W,2.8640662758094848e-11
YOR299W,YAL041W,0.05998211354017258
YOR299W,YDR085C,0.4488604664802551
YOR299W,YPL187W,0.03965233638882637
YOR299W,YPL256C,1.3031713024247438e-05
YOR299W,YDR461W,3.355168143315268e-09
YOR299W,YNL145W,2.951334109827647e-13
YKR101W,YDL165W,0.0003821724094450474
YKR101W,YGR059W,1.2178178929699024e-13
YKR101W,YBR109C,0.00013405317440629005
YKR101W,YJL080C,5.937011238188461e-08
YKR101W,YCR093W,0.8303886651992798
YKR101W,YIL122W,2.3480248273699544e-05
YKR101W,YCL029C,3.4242453693877906e-05
YKR101W,YNL173C,3.469067735295539e-07
YKR101W,YLR452C,3.7787174278491875e-07
YKR101W,YDL160C,0.29075512290000916
YKR101W,YLR229C,2.0199085071226364e-08
YKR101W,YML057W,6.149428486423858e-07
YKR101W,YER149C,1.5051260788823129e-06
YKR101W,YMR305C,2.715200564384901e-10
YKR101W,YLR433C,0.0005682061892002821
YKR101W,YJL073W,1.1672453281708073e-10
YKR101W,YGR279C,1.4637385902460665e-05
YKR101W,YKL190W,1.1773327059927396e-06
YKR101W,YGL089C,0.00028879527235403657
YKR101W,YJL019W,7.6079281825514045e-06
YKR101W,YJL018W,0.17657901346683502
YKR101W,YNR032C-A,0.9535252451896667
YKR101W,YGL178W,9.808301228986238e-07
YKR101W,YKL116C,4.189789791150811e-13
YKR101W,YDL214C,0.26846855878829956
YKR101W,YLR362W,0.00020585072343237698
YKR101W,YER068W,2.0270872980177046e-08
YKR101W,YHR084W,1.0538405306010582e-14
YKR101W,YDR392W,1.0910710557254788e-08
YKR101W,YNL053W,0.004756125155836344
YKR101W,YGR040W,0.25463518500328064
YKR101W,YDL216C,1.5157695543166483e-07
YKR101W,YOL117W,2.06233835342573e-05
YKR101W,YJR086W,8.834173947924739e-10
YKR101W,YMR025W,0.0001758454745868221
YKR101W,YBR081C,0.0001263028389075771
YKR101W,YFL026W,1.7491362086730078e-05
YKR101W,YHL007C,1.1521863324537307e-10
YKR101W,YNR044W,3.703567301727162e-07
YKR101W,YNL271C,0.05911415442824364
YKR101W,YDR200C,2.240516187157482e-05
YKR101W,YKL178C,2.568858459284229e-09
YKR101W,YOR212W,9.124002099270001e-05
YKR101W,YOL111C,5.3351439419202507e-05
YKR101W,YGL032C,6.856239451735746e-06
YKR101W,YHR005C,0.000303040724247694
YKR101W,YDR103W,0.025183143094182014
YKR101W,YJR084W,1.4364189837579033e-09
YKR101W,YCL032W,0.06274644285440445
YKR101W,YJL170C,2.4118350545887512e-12
YKR101W,YDR179C,3.068043241682972e-08
YKR101W,YBR095C,0.002843762980774045
YKR101W,YLL021W,4.1313762307038093e-13
YKR101W,YDL159W,2.751622594230302e-17
YKR101W,YNL161W,6.47742926958017e-05
YKR101W,YNL188W,5.842847906889492e-12
YKR101W,YJL157C,4.2081846340913387e-10
YKR101W,YJL034W,4.8888081083386936e-11
YKR101W,YLR238W,1.4049520302705787e-07
YKR101W,YPR141C,6.307318756171298e-08
YKR101W,YNL127W,0.007576689589768648
YKR101W,YCL055W,6.850650606793351e-07
YKR101W,YPR122W,0.9858027696609497
YKR101W,YMR065W,0.9556259512901306
YKR101W,YDR356W,3.5249772878387375e-08
YKR101W,YMR052W,0.0012967285001650453
YKR101W,YFR008W,2.661663756953203e-06
YKR101W,YLL043W,1.3220255112855739e-08
YKR101W,YMR029C,1.2765481187670957e-05
YKR101W,YJR004C,5.159517257879997e-10
YKR101W,YDL223C,2.180930920303581e-07
YKR101W,YHR158C,1.2089938536519185e-05
YKR101W,YGR238C,2.6634871066501253e-13
YKR101W,YIL015W,0.9915071129798889
YKR101W,YGL173C,1.2702871572400909e-06
YKR101W,YDL225W,3.4899171623692382e-06
YKR101W,YLR330W,6.4585826006172565e-15
YKR101W,YBR129C,1.232461613653868e-06
YKR101W,YKR095W-A,0.2020167112350464
YKR101W,YPR075C,2.8807900889660232e-05
YKR101W,YMR198W,6.753535126335919e-05
YKR101W,YOR127W,0.8976847529411316
YKR101W,YDR264C,0.00033094530226662755
YKR101W,YLR110C,7.561461643490475e-06
YKR101W,YDR379W,0.0003004739701282233
YKR101W,YDL100C,5.774854798801243e-06
YKR101W,YHR073W,1.1491012628539465e-05
YKR101W,YJR090C,0.9713994264602661
YKR101W,YOR208W,0.00024215872690547258
YKR101W,YBR040W,0.14659307897090912
YKR101W,YNL279W,7.446868403349072e-05
YKR101W,YER075C,0.7105019092559814
YKR101W,YCR089W,2.652642994149801e-09
YKR101W,YCR002C,4.628076931112446e-05
YKR101W,YJL108C,0.002153190551325679
YKR101W,YBR200W,0.005184954032301903
YKR101W,YIL026C,0.0033575640991330147
YKR101W,YJR076C,7.70675740113802e-07
YKR101W,YKR031C,0.077773317694664
YKR101W,YPL192C,0.00023588445037603378
YKR101W,YHR107C,4.755240201603783e-09
YKR101W,YIL037C,3.5790606034424854e-08
YKR101W,YPL156C,0.7243646383285522
YKR101W,YIL117C,3.834933672702823e-12
YKR101W,YHR066W,6.205738700693075e-10
YKR101W,YML085C,4.607260279954062e-07
YKR101W,YML047C,3.3603491100819838e-09
YKR101W,YDR312W,5.912255801376887e-05
YKR101W,YFL037W,5.409025902736175e-07
YKR101W,YDL038C,0.2020167112350464
YKR101W,YDL039C,6.82255260511287e-17
YKR101W,YCL027W,4.535080279310932e-06
YKR101W,YML124C,4.1290568186802545e-11
YKR101W,YGL053W,5.63165713174385e-07
YKR101W,YMR232W,1.7733701440647565e-07
YKR101W,YNL298W,0.9181421995162964
YKR101W,YGL099W,9.340182441519573e-05
YKR101W,YBL016W,2.264590330014471e-05
YKR101W,YAL041W,0.00025536114117130637
YKR101W,YDR085C,2.75122968851349e-09
YKR101W,YPL187W,2.7692553317137936e-07
YKR101W,YPL256C,5.597446985083909e-12
YKR101W,YDR461W,3.976731932198163e-06
YKR101W,YNL145W,2.968572232475708e-08
YOR255W,YDL165W,9.961603590624701e-12
YOR255W,YGR059W,1.3135593235347187e-07
YOR255W,YBR109C,3.369159118360443e-10
YOR255W,YJL080C,1.9773256809685336e-08
YOR255W,YCR093W,1.5480648447169232e-12
YOR255W,YIL122W,2.788066666425948e-08
YOR255W,YCL029C,5.704717978005647e-07
YOR255W,YNL173C,1.3249642702439779e-11
YOR255W,YLR452C,3.0325022493116194e-08
YOR255W,YDL160C,9.217741171596572e-05
YOR255W,YLR229C,2.9368341092350647e-10
YOR255W,YML057W,1.600718292138481e-06
YOR255W,YER149C,0.00015328092558775097
YOR255W,YMR305C,5.1182429160689935e-05
YOR255W,YLR433C,0.012473959475755692
YOR255W,YJL073W,0.0021308630239218473
YOR255W,YGR279C,3.119759442102299e-12
YOR255W,YKL190W,8.354676594990451e-08
YOR255W,YGL089C,1.7989919449956648e-12
YOR255W,YJL019W,2.4299316692122375e-07
YOR255W,YJL018W,0.0024924040772020817
YOR255W,YNR032C-A,1.507691678170886e-07
YOR255W,YGL178W,0.9988625049591064
YOR255W,YKL116C,8.169921584177362e-24
YOR255W,YDL214C,0.00012330847675912082
YOR255W,YLR362W,8.236527719418518e-06
YOR255W,YER068W,4.9412792577641085e-05
YOR255W,YHR084W,1.0066636235706028e-07
YOR255W,YDR392W,2.6608566372487985e-07
YOR255W,YNL053W,5.546410769899368e-13
YOR255W,YGR040W,0.000286328635411337
YOR255W,YDL216C,4.529369834926911e-05
YOR255W,YOL117W,2.3199509087135084e-05
YOR255W,YJR086W,0.0013885801890864968
YOR255W,YMR025W,3.704713890329003e-05
YOR255W,YBR081C,3.0723798505327693e-10
YOR255W,YFL026W,4.657042154576629e-06
YOR255W,YHL007C,0.0002867498842533678
YOR255W,YNR044W,0.0013020960614085197
YOR255W,YNL271C,0.000594083743635565
YOR255W,YDR200C,5.159112788533093e-06
YOR255W,YKL178C,4.0406402490589244e-07
YOR255W,YOR212W,9.471640538549764e-08
YOR255W,YOL111C,2.4554461242054515e-10
YOR255W,YGL032C,2.794170173014976e-10
YOR255W,YHR005C,0.030831046402454376
YOR255W,YDR103W,9.487226108884084e-12
YOR255W,YJR084W,2.4821367183847087e-09
YOR255W,YCL032W,9.07250353066047e-07
YOR255W,YJL170C,0.0014268760569393635
YOR255W,YDR179C,7.374518463620916e-05
YOR255W,YBR095C,6.480105412265402e-07
YOR255W,YLL021W,1.923669556980201e-10
YOR255W,YDL159W,2.0458275074020094e-09
YOR255W,YNL161W,1.3577018620480885e-08
YOR255W,YNL188W,4.433848843632404e-10
YOR255W,YJL157C,3.689297944833164e-13
YOR255W,YJL034W,6.898604252375486e-17
YOR255W,YLR238W,8.529131889645214e-08
YOR255W,YPR141C,3.1864786365076725e-07
YOR255W,YNL127W,7.177719078550315e-15
YOR255W,YCL055W,1.8282938496483325e-09
YOR255W,YPR122W,3.803181294198543e-12
YOR255W,YMR065W,1.0542944989255787e-11
YOR255W,YDR356W,6.774692883482203e-05
YOR255W,YMR052W,0.0001519459328847006
YOR255W,YFR008W,2.3680093996780727e-10
YOR255W,YLL043W,1.3184027920942754e-05
YOR255W,YMR029C,5.9258198348288715e-09
YOR255W,YJR004C,3.358295586064486e-11
YOR255W,YDL223C,3.0851396334548656e-14
YOR255W,YHR158C,6.0666146585452996e-12
YOR255W,YGR238C,1.3245511354398332e-07
YOR255W,YIL015W,0.4602748155593872
YOR255W,YGL173C,1.8363362046247556e-12
YOR255W,YDL225W,2.001692155317869e-05
YOR255W,YLR330W,1.7584390540892336e-11
YOR255W,YBR129C,1.4866347736175456e-11
YOR255W,YKR095W-A,0.2020167112350464
YOR255W,YPR075C,6.462280016661381e-11
YOR255W,YMR198W,6.99478987371549e-05
YOR255W,YOR127W,0.000293500954285264
YOR255W,YDR264C,1.686525320110377e-05
YOR255W,YLR110C,1.3611262453510492e-13
YOR255W,YDR379W,5.0563805586989474e-08
YOR255W,YDL100C,1.2387263252904707e-13
YOR255W,YHR073W,9.673270184862304e-09
YOR255W,YJR090C,1.2407440526385205e-12
YOR255W,YOR208W,5.907731974730268e-07
YOR255W,YBR040W,0.00031104404479265213
YOR255W,YNL279W,6.676338926148162e-10
YOR255W,YER075C,0.0005827939021401107
YOR255W,YCR089W,1.878300640023589e-11
YOR255W,YCR002C,1.0838984820793485e-08
YOR255W,YJL108C,0.0006543182535097003
YOR255W,YBR200W,8.579864925195579e-07
YOR255W,YIL026C,2.002340160345284e-08
YOR255W,YJR076C,8.809347207261453e-08
YOR255W,YKR031C,7.744828423028594e-08
YOR255W,YPL192C,9.569307568568775e-10
YOR255W,YHR107C,4.767911576664119e-08
YOR255W,YIL037C,2.4046142681199978e-12
YOR255W,YPL156C,0.05428394302725792
YOR255W,YIL117C,1.82496107222136e-15
YOR255W,YHR066W,6.180480432993463e-11
YOR255W,YML085C,3.4352943188225248e-18
YOR255W,YML047C,1.0116764315171167e-06
YOR255W,YDR312W,1.7683300157500526e-08
YOR255W,YFL037W,2.4841351306710557e-13
YOR255W,YDL038C,0.2020167112350464
YOR255W,YDL039C,3.4295840123377275e-07
YOR255W,YCL027W,1.1936849286797724e-09
YOR255W,YML124C,2.874337598817838e-19
YOR255W,YGL053W,5.051656575688623e-12
YOR255W,YMR232W,4.821713810088113e-05
YOR255W,YNL298W,1.2418261974289635e-08
YOR255W,YGL099W,1.9567516010288166e-11
YOR255W,YBL016W,6.115697141415022e-13
YOR255W,YAL041W,4.7325543164333794e-06
YOR255W,YDR085C,6.449456080304117e-09
YOR255W,YPL187W,0.0007604071870446205
YOR255W,YPL256C,2.9631667075591395e-06
YOR255W,YDR461W,8.271534852610785e-07
YOR255W,YNL145W,0.18433648347854614
YBL047C,YDL165W,1.4248167090613606e-09
YBL047C,YGR059W,2.2139450095437496e-07
YBL047C,YBR109C,5.090369792348781e-10
YBL047C,YJL080C,0.9369939565658569
YBL047C,YCR093W,0.021097876131534576
YBL047C,YIL122W,4.178347808192484e-05
YBL047C,YCL029C,2.827036769303959e-05
YBL047C,YNL173C,0.039598897099494934
YBL047C,YLR452C,4.860251312521768e-09
YBL047C,YDL160C,0.9965533018112183
YBL047C,YLR229C,0.3697473108768463
YBL047C,YML057W,1.3055032468400896e-06
YBL047C,YER149C,0.02111121453344822
YBL047C,YMR305C,0.15656952559947968
YBL047C,YLR433C,0.0008306685485877097
YBL047C,YJL073W,5.062809099363151e-15
YBL047C,YGR279C,0.004506728146225214
YBL047C,YKL190W,9.864995809039101e-05
YBL047C,YGL089C,0.03376097232103348
YBL047C,YJL019W,0.0004397511074785143
YBL047C,YJL018W,0.2020167112350464
YBL047C,YNR032C-A,0.0753989890217781
YBL047C,YGL178W,5.42707130080089e-06
YBL047C,YKL116C,2.8311378628131934e-05
YBL047C,YDL214C,1.4996628578956006e-06
YBL047C,YLR362W,0.0004619727551471442
YBL047C,YER068W,9.453493543531977e-10
YBL047C,YHR084W,0.0001007558821584098
YBL047C,YDR392W,2.7477803143938218e-08
YBL047C,YNL053W,0.0003523003833834082
YBL047C,YGR040W,4.6627148549305275e-05
YBL047C,YDL216C,6.145916241206972e-12
YBL047C,YOL117W,0.00020224337640684098
YBL047C,YJR086W,0.023455895483493805
YBL047C,YMR025W,0.001847358187660575
YBL047C,YBR081C,0.0006818488473072648
YBL047C,YFL026W,1.915285707809744e-10
YBL047C,YHL007C,3.186153480783105e-05
YBL047C,YNR044W,6.9520051511062775e-06
YBL047C,YNL271C,0.9677355885505676
YBL047C,YDR200C,0.03990437462925911
YBL047C,YKL178C,0.9905509948730469
YBL047C,YOR212W,1.0390436289142713e-09
YBL047C,YOL111C,4.168193568077072e-11
YBL047C,YGL032C,0.03712791949510574
YBL047C,YHR005C,1.1324734572326633e-07
YBL047C,YDR103W,5.53588712648434e-08
YBL047C,YJR084W,0.26341187953948975
YBL047C,YCL032W,0.001864239340648055
YBL047C,YJL170C,2.399289769527968e-05
YBL047C,YDR179C,8.591934488322295e-07
YBL047C,YBR095C,7.252220091819028e-12
YBL047C,YLL021W,0.21022525429725647
YBL047C,YDL159W,7.343725155806169e-05
YBL047C,YNL161W,0.5804129838943481
YBL047C,YNL188W,0.9910422563552856
YBL047C,YJL157C,4.87482667080319e-13
YBL047C,YJL034W,1.831501259246665e-13
YBL047C,YLR238W,1.4404948842638987e-06
YBL047C,YPR141C,4.6918348317603886e-08
YBL047C,YNL127W,0.00020490470342338085
YBL047C,YCL055W,8.788771310719312e-08
YBL047C,YPR122W,1.223468548694484e-09
YBL047C,YMR065W,5.9749250794993713e-05
YBL047C,YDR356W,0.6188734769821167
YBL047C,YMR052W,0.002867375500500202
YBL047C,YFR008W,8.90005594555987e-06
YBL047C,YLL043W,0.027773713693022728
YBL047C,YMR029C,0.5563454627990723
YBL047C,YJR004C,0.00013797647261526436
YBL047C,YDL223C,1.430802427648814e-07
YBL047C,YHR158C,0.0003169731644447893
YBL047C,YGR238C,1.0476544076709615e-09
YBL047C,YIL015W,8.749507784955313e-10
YBL047C,YGL173C,7.147474207158666e-06
YBL047C,YDL225W,0.034048452973365784
YBL047C,YLR330W,1.7651598227530485e-07
YBL047C,YBR129C,3.5078942788729917e-12
YBL047C,YKR095W-A,0.2020167112350464
YBL047C,YPR075C,5.488342594617279e-06
YBL047C,YMR198W,1.1912739683594964e-09
YBL047C,YOR127W,0.0004364032356534153
YBL047C,YDR264C,3.3214490713362466e-07
YBL047C,YLR110C,0.017875047400593758
YBL047C,YDR379W,0.0032734819687902927
YBL047C,YDL100C,6.277499778661877e-05
YBL047C,YHR073W,0.015620940364897251
YBL047C,YJR090C,0.0032626742031425238
YBL047C,YOR208W,7.804014785506297e-07
YBL047C,YBR040W,1.6833260815474205e-05
YBL047C,YNL279W,0.11147021502256393
YBL047C,YER075C,6.802751251200334e-09
YBL047C,YCR089W,0.0018535179551690817
YBL047C,YCR002C,1.1025049762025674e-09
YBL047C,YJL108C,0.0039719450287520885
YBL047C,YBR200W,0.009572365321218967
YBL047C,YIL026C,0.0010029489640146494
YBL047C,YJR076C,0.0006559541216120124
YBL047C,YKR031C,0.003395645646378398
YBL047C,YPL192C,1.3563688838758026e-08
YBL047C,YHR107C,1.3748518540523946e-05
YBL047C,YIL037C,0.0365922637283802
YBL047C,YPL156C,0.0008831947925500572
YBL047C,YIL117C,4.118829366461796e-08
YBL047C,YHR066W,7.173555586353908e-12
YBL047C,YML085C,0.344590961933136
YBL047C,YML047C,3.0869716738379793e-07
YBL047C,YDR312W,5.142321984896725e-11
YBL047C,YFL037W,1.0866691582123167e-06
YBL047C,YDL038C,0.2020167112350464
YBL047C,YDL039C,4.646417437470518e-06
YBL047C,YCL027W,0.0011014353949576616
YBL047C,YML124C,1.1810624300778727e-07
YBL047C,YGL053W,1.238329616626288e-07
YBL047C,YMR232W,9.221258369507268e-05
YBL047C,YNL298W,1.0107381058332976e-05
YBL047C,YGL099W,0.006310608237981796
YBL047C,YBL016W,9.823384971241467e-06
YBL047C,YAL041W,0.00024418646353296936
YBL047C,YDR085C,0.4564312696456909
YBL047C,YPL187W,0.3560907542705536
YBL047C,YPL256C,7.584794161630271e-07
YBL047C,YDR461W,0.000926960026845336
YBL047C,YNL145W,0.00035565299913287163
YBR202W,YDL165W,8.566752512706444e-05
YBR202W,YGR059W,1.372638962493511e-05
YBR202W,YBR109C,0.00016451659030281007
YBR202W,YJL080C,7.0856791545281794e-09
YBR202W,YCR093W,0.008641457185149193
YBR202W,YIL122W,4.829260547012382e-08
YBR202W,YCL029C,1.7329256085663047e-10
YBR202W,YNL173C,6.329381903924514e-06
YBR202W,YLR452C,1.1608088925640914e-06
YBR202W,YDL160C,9.616686787172757e-12
YBR202W,YLR229C,2.0052084437338635e-06
YBR202W,YML057W,3.066488729608352e-11
YBR202W,YER149C,1.7722371694617323e-06
YBR202W,YMR305C,3.2360859868532654e-14
YBR202W,YLR433C,4.3820778117265036e-09
YBR202W,YJL073W,1.3960399778193116e-14
YBR202W,YGR279C,2.2800604710937478e-05
YBR202W,YKL190W,0.02091175876557827
YBR202W,YGL089C,1.1862071914947592e-05
YBR202W,YJL019W,9.069028306107896e-10
YBR202W,YJL018W,0.0003944688069168478
YBR202W,YNR032C-A,0.025393055751919746
YBR202W,YGL178W,6.007084084558301e-05
YBR202W,YKL116C,5.654661627829682e-09
YBR202W,YDL214C,0.9993846416473389
YBR202W,YLR362W,2.548575594119029e-06
YBR202W,YER068W,4.220368282403797e-05
YBR202W,YHR084W,7.194749895682306e-13
YBR202W,YDR392W,2.0628723174098695e-09
YBR202W,YNL053W,0.017355313524603844
YBR202W,YGR040W,3.018187089143254e-11
YBR202W,YDL216C,0.09622441232204437
YBR202W,YOL117W,2.077078953277578e-08
YBR202W,YJR086W,6.455975380958989e-05
YBR202W,YMR025W,5.8091503829516e-10
YBR202W,YBR081C,4.18146464653546e-06
YBR202W,YFL026W,9.123503332375549e-06
YBR202W,YHL007C,0.001268022577278316
YBR202W,YNR044W,2.0456182028283365e-05
YBR202W,YNL271C,1.4477443073701579e-05
YBR202W,YDR200C,4.0305098991666455e-06
YBR202W,YKL178C,0.0015342239057645202
YBR202W,YOR212W,2.505548195586016e-07
YBR202W,YOL111C,2.8596829765303866e-11
YBR202W,YGL032C,9.513148143014405e-06
YBR202W,YHR005C,4.234616476916919e-11
YBR202W,YDR103W,0.00997987575829029
YBR202W,YJR084W,1.5190038311629905e-06
YBR202W,YCL032W,1.5235446584882517e-11
YBR202W,YJL170C,5.841340680490248e-05
YBR202W,YDR179C,4.698758004906267e-08
YBR202W,YBR095C,3.229943831684068e-05
YBR202W,YLL021W,0.007863846607506275
YBR202W,YDL159W,6.5732342591218185e-06
YBR202W,YNL161W,2.1373490710629994e-07
YBR202W,YNL188W,1.6276075598398165e-07
YBR202W,YJL157C,2.1261939764372073e-05
YBR202W,YJL034W,9.379072678433174e-20
YBR202W,YLR238W,4.5069677412357123e-07
YBR202W,YPR141C,7.638420562727788e-09
YBR202W,YNL127W,4.4015561684318527e-07
YBR202W,YCL055W,2.7061145374318585e-05
YBR202W,YPR122W,0.009171489626169205
YBR202W,YMR065W,0.001211058464832604
YBR202W,YDR356W,0.0015451257349923253
YBR202W,YMR052W,1.747389069350902e-05
YBR202W,YFR008W,0.000751749612390995
YBR202W,YLL043W,5.4426629503723234e-05
YBR202W,YMR029C,2.8394999684877575e-09
YBR202W,YJR004C,1.6366666910627714e-09
YBR202W,YDL223C,1.0474331020304817e-06
YBR202W,YHR158C,1.4191597230706066e-08
YBR202W,YGR238C,8.893964557887823e-12
YBR202W,YIL015W,0.0007219142862595618
YBR202W,YGL173C,0.13890443742275238
YBR202W,YDL225W,6.510967875961171e-10
YBR202W,YLR330W,1.5311788104099833e-07
YBR202W,YBR129C,2.824054661232367e-07
YBR202W,YKR095W-A,0.2020167112350464
YBR202W,YPR075C,0.01918194629251957
YBR202W,YMR198W,6.559142639162019e-05
YBR202W,YOR127W,2.916537289454624e-10
YBR202W,YDR264C,1.9578261344577186e-05
YBR202W,YLR110C,0.012962989509105682
YBR202W,YDR379W,6.940648750175527e-11
YBR202W,YDL100C,3.6122792061733507e-17
YBR202W,YHR073W,6.1180429611340514e-09
YBR202W,YJR090C,9.130086686681693e-10
YBR202W,YOR208W,0.005846109706908464
YBR202W,YBR040W,0.9938325881958008
YBR202W,YNL279W,1.0608462019945364e-07
YBR202W,YER075C,0.002061128383502364
YBR202W,YCR089W,6.957702134968713e-05
YBR202W,YCR002C,1.1675228976827786e-15
YBR202W,YJL108C,1.0620716466291924e-06
YBR202W,YBR200W,5.569800123339519e-07
YBR202W,YIL026C,3.375506124614347e-11
YBR202W,YJR076C,7.224554918335794e-15
YBR202W,YKR031C,0.0017844957765191793
YBR202W,YPL192C,0.00030541588785126805
YBR202W,YHR107C,1.0606702005588886e-07
YBR202W,YIL037C,5.5474721705195407e-08
YBR202W,YPL156C,0.00011883318074978888
YBR202W,YIL117C,1.117846960829727e-11
YBR202W,YHR066W,1.3531096544876914e-13
YBR202W,YML085C,2.0244701204319426e-07
YBR202W,YML047C,0.04246174916625023
YBR202W,YDR312W,1.2170121976851078e-07
YBR202W,YFL037W,5.441165296105055e-10
YBR202W,YDL038C,0.2020167112350464
YBR202W,YDL039C,1.0970458916292891e-11
YBR202W,YCL027W,0.09666614979505539
YBR202W,YML124C,6.274114653633472e-17
YBR202W,YGL053W,4.8084355941391266e-11
YBR202W,YMR232W,6.034324087522691e-06
YBR202W,YNL298W,7.109459829734988e-07
YBR202W,YGL099W,7.032994846223328e-12
YBR202W,YBL016W,1.4310727181054972e-07
YBR202W,YAL041W,0.0006631127907894552
YBR202W,YDR085C,5.427473297459073e-07
YBR202W,YPL187W,0.5161370635032654
YBR202W,YPL256C,1.9392540071212408e-16
YBR202W,YDR461W,0.00020615181711036712
YBR202W,YNL145W,0.0009566917433403432
snR49,YDL165W,0.2020167112350464
snR49,YGR059W,0.2020167112350464
snR49,YBR109C,0.2020167112350464
snR49,YJL080C,0.2020167112350464
snR49,YCR093W,0.2020167112350464
snR49,YIL122W,0.2020167112350464
snR49,YCL029C,0.2020167112350464
snR49,YNL173C,0.2020167112350464
snR49,YLR452C,0.2020167112350464
snR49,YDL160C,0.2020167112350464
snR49,YLR229C,0.2020167112350464
snR49,YML057W,0.2020167112350464
snR49,YER149C,0.2020167112350464
snR49,YMR305C,0.2020167112350464
snR49,YLR433C,0.2020167112350464
snR49,YJL073W,0.2020167112350464
snR49,YGR279C,0.2020167112350464
snR49,YKL190W,0.2020167112350464
snR49,YGL089C,0.2020167112350464
snR49,YJL019W,0.2020167112350464
snR49,YJL018W,0.2020167112350464
snR49,YNR032C-A,0.2020167112350464
snR49,YGL178W,0.2020167112350464
snR49,YKL116C,0.2020167112350464
snR49,YDL214C,0.2020167112350464
snR49,YLR362W,0.2020167112350464
snR49,YER068W,0.2020167112350464
snR49,YHR084W,0.2020167112350464
snR49,YDR392W,0.2020167112350464
snR49,YNL053W,0.2020167112350464
snR49,YGR040W,0.2020167112350464
snR49,YDL216C,0.2020167112350464
snR49,YOL117W,0.2020167112350464
snR49,YJR086W,0.2020167112350464
snR49,YMR025W,0.2020167112350464
snR49,YBR081C,0.2020167112350464
snR49,YFL026W,0.2020167112350464
snR49,YHL007C,0.2020167112350464
snR49,YNR044W,0.2020167112350464
snR49,YNL271C,0.2020167112350464
snR49,YDR200C,0.2020167112350464
snR49,YKL178C,0.2020167112350464
snR49,YOR212W,0.2020167112350464
snR49,YOL111C,0.2020167112350464
snR49,YGL032C,0.2020167112350464
snR49,YHR005C,0.2020167112350464
snR49,YDR103W,0.2020167112350464
snR49,YJR084W,0.2020167112350464
snR49,YCL032W,0.2020167112350464
snR49,YJL170C,0.2020167112350464
snR49,YDR179C,0.2020167112350464
snR49,YBR095C,0.2020167112350464
snR49,YLL021W,0.2020167112350464
snR49,YDL159W,0.2020167112350464
snR49,YNL161W,0.2020167112350464
snR49,YNL188W,0.2020167112350464
snR49,YJL157C,0.2020167112350464
snR49,YJL034W,0.2020167112350464
snR49,YLR238W,0.2020167112350464
snR49,YPR141C,0.2020167112350464
snR49,YNL127W,0.2020167112350464
snR49,YCL055W,0.2020167112350464
snR49,YPR122W,0.2020167112350464
snR49,YMR065W,0.2020167112350464
snR49,YDR356W,0.2020167112350464
snR49,YMR052W,0.2020167112350464
snR49,YFR008W,0.2020167112350464
snR49,YLL043W,0.2020167112350464
snR49,YMR029C,0.2020167112350464
snR49,YJR004C,0.2020167112350464
snR49,YDL223C,0.2020167112350464
snR49,YHR158C,0.2020167112350464
snR49,YGR238C,0.2020167112350464
snR49,YIL015W,0.2020167112350464
snR49,YGL173C,0.2020167112350464
snR49,YDL225W,0.2020167112350464
snR49,YLR330W,0.2020167112350464
snR49,YBR129C,0.2020167112350464
snR49,YKR095W-A,0.2020167112350464
snR49,YPR075C,0.2020167112350464
snR49,YMR198W,0.2020167112350464
snR49,YOR127W,0.2020167112350464
snR49,YDR264C,0.2020167112350464
snR49,YLR110C,0.2020167112350464
snR49,YDR379W,0.2020167112350464
snR49,YDL100C,0.2020167112350464
snR49,YHR073W,0.2020167112350464
snR49,YJR090C,0.2020167112350464
snR49,YOR208W,0.2020167112350464
snR49,YBR040W,0.2020167112350464
snR49,YNL279W,0.2020167112350464
snR49,YER075C,0.2020167112350464
snR49,YCR089W,0.2020167112350464
snR49,YCR002C,0.2020167112350464
snR49,YJL108C,0.2020167112350464
snR49,YBR200W,0.2020167112350464
snR49,YIL026C,0.2020167112350464
snR49,YJR076C,0.2020167112350464
snR49,YKR031C,0.2020167112350464
snR49,YPL192C,0.2020167112350464
snR49,YHR107C,0.2020167112350464
snR49,YIL037C,0.2020167112350464
snR49,YPL156C,0.2020167112350464
snR49,YIL117C,0.2020167112350464
snR49,YHR066W,0.2020167112350464
snR49,YML085C,0.2020167112350464
snR49,YML047C,0.2020167112350464
snR49,YDR312W,0.2020167112350464
snR49,YFL037W,0.2020167112350464
snR49,YDL038C,0.2020167112350464
snR49,YDL039C,0.2020167112350464
snR49,YCL027W,0.2020167112350464
snR49,YML124C,0.2020167112350464
snR49,YGL053W,0.2020167112350464
snR49,YMR232W,0.2020167112350464
snR49,YNL298W,0.2020167112350464
snR49,YGL099W,0.2020167112350464
snR49,YBL016W,0.2020167112350464
snR49,YAL041W,0.2020167112350464
snR49,YDR085C,0.2020167112350464
snR49,YPL187W,0.2020167112350464
snR49,YPL256C,0.2020167112350464
snR49,YDR461W,0.2020167112350464
snR49,YNL145W,0.2020167112350464
YNR050C,YDL165W,9.672689884610008e-07
YNR050C,YGR059W,3.5873028991773026e-08
YNR050C,YBR109C,2.4276725074656724e-10
YNR050C,YJL080C,7.704712562395244e-11
YNR050C,YCR093W,0.0004897476173937321
YNR050C,YIL122W,2.645180359195365e-07
YNR050C,YCL029C,4.817379704036284e-07
YNR050C,YNL173C,5.227116162132006e-08
YNR050C,YLR452C,3.871092335572257e-11
YNR050C,YDL160C,8.886618112387279e-13
YNR050C,YLR229C,3.7957073573124944e-07
YNR050C,YML057W,2.901232205865245e-12
YNR050C,YER149C,4.6956358801253373e-07
YNR050C,YMR305C,1.229045992312116e-14
YNR050C,YLR433C,0.0001436609454685822
YNR050C,YJL073W,3.5182096222875076e-14
YNR050C,YGR279C,1.0588140607337149e-12
YNR050C,YKL190W,4.7498527870224946e-14
YNR050C,YGL089C,0.5986704230308533
YNR050C,YJL019W,5.707314812752884e-06
YNR050C,YJL018W,0.04177467152476311
YNR050C,YNR032C-A,1.6096126273623668e-05
YNR050C,YGL178W,1.2783843317265564e-07
YNR050C,YKL116C,5.3103629937822916e-08
YNR050C,YDL214C,0.00014411014853976667
YNR050C,YLR362W,8.757171099382788e-10
YNR050C,YER068W,1.5877843679845682e-06
YNR050C,YHR084W,7.226067834376071e-12
YNR050C,YDR392W,1.855349437995292e-14
YNR050C,YNL053W,2.4423789813515784e-12
YNR050C,YGR040W,5.213502156029004e-13
YNR050C,YDL216C,0.0002387833665125072
YNR050C,YOL117W,7.693979569012299e-07
YNR050C,YJR086W,0.00013419422612059861
YNR050C,YMR025W,0.00010612625192152336
YNR050C,YBR081C,0.07372399419546127
YNR050C,YFL026W,2.8352314984658733e-06
YNR050C,YHL007C,0.0002694842987693846
YNR050C,YNR044W,6.091097071170282e-10
YNR050C,YNL271C,0.09906643629074097
YNR050C,YDR200C,3.471254572673388e-08
YNR050C,YKL178C,0.002419733675196767
YNR050C,YOR212W,3.155393562539674e-14
YNR050C,YOL111C,1.757297529714208e-09
YNR050C,YGL032C,6.076002873577069e-13
YNR050C,YHR005C,8.703547604849149e-11
YNR050C,YDR103W,0.8931466937065125
YNR050C,YJR084W,0.0009354000794701278
YNR050C,YCL032W,0.003343167481943965
YNR050C,YJL170C,0.007313605863600969
YNR050C,YDR179C,1.863184273531715e-09
YNR050C,YBR095C,0.00023767471429891884
YNR050C,YLL021W,0.0022897927556186914
YNR050C,YDL159W,0.0280121099203825
YNR050C,YNL161W,6.579297462394607e-08
YNR050C,YNL188W,8.206048107695096e-08
YNR050C,YJL157C,1.1377978637386321e-12
YNR050C,YJL034W,5.5369925030915424e-17
YNR050C,YLR238W,2.160998701583594e-05
YNR050C,YPR141C,0.5117684602737427
YNR050C,YNL127W,4.927201189275365e-07
YNR050C,YCL055W,9.584071944913396e-20
YNR050C,YPR122W,0.0006043236353434622
YNR050C,YMR065W,5.376084118324798e-06
YNR050C,YDR356W,1.883638446997793e-06
YNR050C,YMR052W,1.869267629572846e-09
YNR050C,YFR008W,1.0255339333298252e-07
YNR050C,YLL043W,4.953857933287509e-05
YNR050C,YMR029C,0.8596683740615845
YNR050C,YJR004C,2.598625997052295e-06
YNR050C,YDL223C,1.5277169751470865e-08
YNR050C,YHR158C,4.136059578740969e-05
YNR050C,YGR238C,1.1384518927570753e-07
YNR050C,YIL015W,3.0836044970783405e-06
YNR050C,YGL173C,0.00010588315490167588
YNR050C,YDL225W,0.0038552135229110718
YNR050C,YLR330W,2.0773004507645965e-06
YNR050C,YBR129C,0.4518619179725647
YNR050C,YKR095W-A,0.2020167112350464
YNR050C,YPR075C,1.2070463517588337e-09
YNR050C,YMR198W,2.1882207851264823e-11
YNR050C,YOR127W,0.00024290516739711165
YNR050C,YDR264C,1.1933349419734895e-08
YNR050C,YLR110C,8.693066821940931e-10
YNR050C,YDR379W,0.0001241945574292913
YNR050C,YDL100C,3.185517627457557e-08
YNR050C,YHR073W,6.179433694342151e-05
YNR050C,YJR090C,1.6829896765102603e-07
YNR050C,YOR208W,5.4527209414345634e-09
YNR050C,YBR040W,0.005608602426946163
YNR050C,YNL279W,1.1165855566541705e-11
YNR050C,YER075C,2.715126186103589e-07
YNR050C,YCR089W,1.0852751302081742e-06
YNR050C,YCR002C,1.2889295186724326e-09
YNR050C,YJL108C,7.012948799456353e-07
YNR050C,YBR200W,2.228770881629316e-06
YNR050C,YIL026C,1.421073011442786e-05
YNR050C,YJR076C,2.459046982039581e-06
YNR050C,YKR031C,1.479475599808211e-06
YNR050C,YPL192C,9.112888221807225e-08
YNR050C,YHR107C,2.7824648896057624e-06
YNR050C,YIL037C,8.570576838290087e-14
YNR050C,YPL156C,1.564156026923058e-10
YNR050C,YIL117C,1.5600392089254456e-09
YNR050C,YHR066W,6.44736743993235e-08
YNR050C,YML085C,8.193251410659741e-09
YNR050C,YML047C,9.440780246450231e-08
YNR050C,YDR312W,4.492173047765391e-06
YNR050C,YFL037W,2.3848070328409687e-14
YNR050C,YDL038C,0.2020167112350464
YNR050C,YDL039C,4.447683974589944e-12
YNR050C,YCL027W,2.29014762709312e-09
YNR050C,YML124C,3.151257477185254e-09
YNR050C,YGL053W,3.068022579100216e-06
YNR050C,YMR232W,1.567926154579305e-13
YNR050C,YNL298W,7.1883863306254625e-09
YNR050C,YGL099W,0.00300678052008152
YNR050C,YBL016W,3.519377511315182e-14
YNR050C,YAL041W,0.3187709152698517
YNR050C,YDR085C,0.0026661239098757505
YNR050C,YPL187W,2.6642493007773826e-13
YNR050C,YPL256C,6.32286540833138e-13
YNR050C,YDR461W,2.7592869395604014e-12
YNR050C,YNL145W,1.8859974346141506e-11
YMR061W,YDL165W,0.06565059721469879
YMR061W,YGR059W,4.9389851483283564e-05
YMR061W,YBR109C,4.322602762840688e-05
YMR061W,YJL080C,0.0036671096459031105
YMR061W,YCR093W,2.5127414119197056e-05
YMR061W,YIL122W,1.9325221956023597e-07
YMR061W,YCL029C,2.996092973717168e-07
YMR061W,YNL173C,0.004828965291380882
YMR061W,YLR452C,5.03812849217411e-08
YMR061W,YDL160C,3.342788886584458e-06
YMR061W,YLR229C,0.9134520292282104
YMR061W,YML057W,1.354542922271662e-09
YMR061W,YER149C,2.3582015273859724e-05
YMR061W,YMR305C,0.0015324908308684826
YMR061W,YLR433C,0.0011224529007449746
YMR061W,YJL073W,1.177666963947388e-09
YMR061W,YGR279C,0.0037699940148741007
YMR061W,YKL190W,3.1668685096519766e-07
YMR061W,YGL089C,7.406222302108745e-09
YMR061W,YJL019W,0.5116294026374817
YMR061W,YJL018W,0.00019486999372020364
YMR061W,YNR032C-A,0.8669220209121704
YMR061W,YGL178W,0.0004401562036946416
YMR061W,YKL116C,0.6962404251098633
YMR061W,YDL214C,0.0033419616520404816
YMR061W,YLR362W,0.00027456172392703593
YMR061W,YER068W,4.0932903289103706e-08
YMR061W,YHR084W,2.3786078600096516e-06
YMR061W,YDR392W,1.416863935205237e-11
YMR061W,YNL053W,0.0017230320954695344
YMR061W,YGR040W,3.0265510986282607e-07
YMR061W,YDL216C,4.557384818326682e-05
YMR061W,YOL117W,4.33593640991603e-08
YMR061W,YJR086W,0.007656377274543047
YMR061W,YMR025W,3.433623177451217e-11
YMR061W,YBR081C,4.604248533723876e-05
YMR061W,YFL026W,0.0018323350232094526
YMR061W,YHL007C,1.7860946854852955e-07
YMR061W,YNR044W,0.02924857661128044
YMR061W,YNL271C,3.5081268379144603e-06
YMR061W,YDR200C,0.977732241153717
YMR061W,YKL178C,1.2674220006836379e-10
YMR061W,YOR212W,0.3588993549346924
YMR061W,YOL111C,9.178737935125927e-20
YMR061W,YGL032C,0.0005329171544872224
YMR061W,YHR005C,9.184659433003617e-08
YMR061W,YDR103W,0.007881566882133484
YMR061W,YJR084W,6.3551968132458114e-09
YMR061W,YCL032W,0.003128260839730501
YMR061W,YJL170C,3.5463923464540414e-10
YMR061W,YDR179C,5.1491724079033574e-11
YMR061W,YBR095C,1.4952343008189928e-06
YMR061W,YLL021W,0.33476167917251587
YMR061W,YDL159W,4.525068375560437e-10
YMR061W,YNL161W,0.4680348336696625
YMR061W,YNL188W,6.593976991098316e-07
YMR061W,YJL157C,2.319788109161891e-06
YMR061W,YJL034W,4.94058222102467e-05
YMR061W,YLR238W,5.745185944761033e-07
YMR061W,YPR141C,0.014487014152109623
YMR061W,YNL127W,1.5141131404217134e-10
YMR061W,YCL055W,2.854766378845852e-08
YMR061W,YPR122W,2.8213219138706336e-06
YMR061W,YMR065W,0.018160544335842133
YMR061W,YDR356W,0.001932544051669538
YMR061W,YMR052W,2.3453117137250956e-06
YMR061W,YFR008W,9.8983243188689e-16
YMR061W,YLL043W,2.163165757629315e-10
YMR061W,YMR029C,0.0002539204724598676
YMR061W,YJR004C,1.0483431651664432e-05
YMR061W,YDL223C,7.987307863721593e-12
YMR061W,YHR158C,0.0007591199246235192
YMR061W,YGR238C,9.717313620427603e-10
YMR061W,YIL015W,1.974597125808941e-06
YMR061W,YGL173C,0.04914886876940727
YMR061W,YDL225W,1.6337099451035897e-09
YMR061W,YLR330W,0.15419678390026093
YMR061W,YBR129C,3.426368493819609e-05
YMR061W,YKR095W-A,0.2020167112350464
YMR061W,YPR075C,5.0844435328656346e-09
YMR061W,YMR198W,0.005256808828562498
YMR061W,YOR127W,0.009844012558460236
YMR061W,YDR264C,2.2484102373709902e-05
YMR061W,YLR110C,2.2895496840646956e-06
YMR061W,YDR379W,3.572571927179524e-07
YMR061W,YDL100C,1.8467510187747394e-08
YMR061W,YHR073W,0.0016389708034694195
YMR061W,YJR090C,4.21956428908743e-06
YMR061W,YOR208W,8.118186678451877e-11
YMR061W,YBR040W,0.9967130422592163
YMR061W,YNL279W,1.916140718094539e-06
YMR061W,YER075C,0.0004984332481399179
YMR061W,YCR089W,1.9218752640881576e-05
YMR061W,YCR002C,9.613079082759768e-11
YMR061W,YJL108C,0.0012733156327158213
YMR061W,YBR200W,1.4779558132893555e-10
YMR061W,YIL026C,5.044575313029043e-10
YMR061W,YJR076C,9.554912685416639e-05
YMR061W,YKR031C,1.1194872058695182e-05
YMR061W,YPL192C,7.890444067015778e-06
YMR061W,YHR107C,3.686869968078099e-05
YMR061W,YIL037C,0.5523759722709656
YMR061W,YPL156C,0.01101737841963768
YMR061W,YIL117C,2.010503692417842e-07
YMR061W,YHR066W,9.618087233320693e-07
YMR061W,YML085C,0.0029411145951598883
YMR061W,YML047C,2.635221463265225e-08
YMR061W,YDR312W,0.0013468259712681174
YMR061W,YFL037W,0.004828734323382378
YMR061W,YDL038C,0.2020167112350464
YMR061W,YDL039C,6.387585358424985e-07
YMR061W,YCL027W,2.4370787506111657e-12
YMR061W,YML124C,4.793572900814794e-15
YMR061W,YGL053W,9.636958253622652e-08
YMR061W,YMR232W,1.2650291125737567e-07
YMR061W,YNL298W,0.011513499543070793
YMR061W,YGL099W,0.0021506932098418474
YMR061W,YBL016W,6.401413145222523e-13
YMR061W,YAL041W,2.883683336563081e-08
YMR061W,YDR085C,9.903166073854663e-07
YMR061W,YPL187W,4.0106315282173455e-05
YMR061W,YPL256C,2.5335208930776787e-10
YMR061W,YDR461W,6.251678455514512e-14
YMR061W,YNL145W,0.00048039655666798353
YDR093W,YDL165W,5.419691206043353e-06
YDR093W,YGR059W,2.3487640277153332e-08
YDR093W,YBR109C,2.8045608360116603e-06
YDR093W,YJL080C,2.7842384042742196e-06
YDR093W,YCR093W,3.380144775189109e-11
YDR093W,YIL122W,0.02682555839419365
YDR093W,YCL029C,0.0
YDR093W,YNL173C,1.153603701453676e-08
YDR093W,YLR452C,1.5214557606668677e-05
YDR093W,YDL160C,2.3717094066455502e-08
YDR093W,YLR229C,5.460252805455923e-10
YDR093W,YML057W,1.6986041739830426e-10
YDR093W,YER149C,0.003312976798042655
YDR093W,YMR305C,4.846769661526196e-05
YDR093W,YLR433C,1.7527464990507724e-07
YDR093W,YJL073W,1.1748814594814139e-11
YDR093W,YGR279C,0.5486654043197632
YDR093W,YKL190W,4.604791925544305e-08
YDR093W,YGL089C,0.00019616713689174503
YDR093W,YJL019W,0.0011791774304583669
YDR093W,YJL018W,0.2020167112350464
YDR093W,YNR032C-A,0.0002781253424473107
YDR093W,YGL178W,0.006456007249653339
YDR093W,YKL116C,6.600343644032336e-14
YDR093W,YDL214C,3.2337844459107146e-05
YDR093W,YLR362W,1.0367976442660076e-11
YDR093W,YER068W,5.9795933339046314e-05
YDR093W,YHR084W,2.140414920859257e-07
YDR093W,YDR392W,4.556225619012366e-08
YDR093W,YNL053W,0.6743179559707642
YDR093W,YGR040W,3.6344296461265913e-09
YDR093W,YDL216C,0.00474096555262804
YDR093W,YOL117W,0.0002924702421296388
YDR093W,YJR086W,1.7038125577073515e-07
YDR093W,YMR025W,5.63462731334452e-12
YDR093W,YBR081C,9.707505199685329e-08
YDR093W,YFL026W,3.998679574124253e-07
YDR093W,YHL007C,5.060051648797526e-07
YDR093W,YNR044W,6.396406320163806e-07
YDR093W,YNL271C,4.801234410045652e-10
YDR093W,YDR200C,7.769435966711435e-15
YDR093W,YKL178C,0.35083770751953125
YDR093W,YOR212W,4.877615083387354e-06
YDR093W,YOL111C,1.1864211598832525e-13
YDR093W,YGL032C,3.99808630646703e-09
YDR093W,YHR005C,7.788290901089567e-08
YDR093W,YDR103W,0.30106329917907715
YDR093W,YJR084W,1.8837549575767554e-10
YDR093W,YCL032W,2.8368174129211887e-11
YDR093W,YJL170C,0.6980340480804443
YDR093W,YDR179C,1.2698282034762087e-06
YDR093W,YBR095C,6.420460951089835e-14
YDR093W,YLL021W,0.024975325912237167
YDR093W,YDL159W,5.519505685835924e-11
YDR093W,YNL161W,3.451818884059321e-06
YDR093W,YNL188W,4.036760942877082e-12
YDR093W,YJL157C,0.43619975447654724
YDR093W,YJL034W,9.756742080924141e-10
YDR093W,YLR238W,0.01235505472868681
YDR093W,YPR141C,9.151028459303268e-13
YDR093W,YNL127W,2.998526808828969e-16
YDR093W,YCL055W,6.943117413470146e-13
YDR093W,YPR122W,0.27090850472450256
YDR093W,YMR065W,0.017583908513188362
YDR093W,YDR356W,2.566056878094969e-07
YDR093W,YMR052W,0.23122625052928925
YDR093W,YFR008W,0.0017346737440675497
YDR093W,YLL043W,0.5678030252456665
YDR093W,YMR029C,3.5730272229415536e-14
YDR093W,YJR004C,0.30650094151496887
YDR093W,YDL223C,1.8549502075444494e-17
YDR093W,YHR158C,6.286210294708175e-14
YDR093W,YGR238C,4.019458377246821e-12
YDR093W,YIL015W,0.251619815826416
YDR093W,YGL173C,1.3729692938113658e-09
YDR093W,YDL225W,6.431382075788861e-07
YDR093W,YLR330W,2.3728803171252366e-06
YDR093W,YBR129C,0.00288226455450058
YDR093W,YKR095W-A,0.2020167112350464
YDR093W,YPR075C,2.5347711776757542e-11
YDR093W,YMR198W,6.800722481566983e-18
YDR093W,YOR127W,2.383131004535244e-06
YDR093W,YDR264C,7.485692066211413e-10
YDR093W,YLR110C,2.6792497010319494e-05
YDR093W,YDR379W,5.006087761389032e-19
YDR093W,YDL100C,9.206685191998076e-09
YDR093W,YHR073W,4.131098194193328e-06
YDR093W,YJR090C,0.20949497818946838
YDR093W,YOR208W,0.17832323908805847
YDR093W,YBR040W,0.003449747571721673
YDR093W,YNL279W,0.0020451555028557777
YDR093W,YER075C,1.1271071116425446e-06
YDR093W,YCR089W,0.00016892813437152654
YDR093W,YCR002C,1.3248245522845536e-05
YDR093W,YJL108C,4.856005034525879e-06
YDR093W,YBR200W,2.1167579841718798e-11
YDR093W,YIL026C,1.2791590872738168e-14
YDR093W,YJR076C,5.3314647835422946e-11
YDR093W,YKR031C,0.001324544195085764
YDR093W,YPL192C,0.21432919800281525
YDR093W,YHR107C,1.7873721099426523e-21
YDR093W,YIL037C,1.9891542706318432e-06
YDR093W,YPL156C,0.0017083983402699232
YDR093W,YIL117C,4.489029981069592e-11
YDR093W,YHR066W,4.9178499466506764e-05
YDR093W,YML085C,2.3527588766114604e-08
YDR093W,YML047C,0.0004090017464477569
YDR093W,YDR312W,0.019055074080824852
YDR093W,YFL037W,3.8613939977949485e-05
YDR093W,YDL038C,0.2020167112350464
YDR093W,YDL039C,1.2609886745895693e-10
YDR093W,YCL027W,0.0003307692823000252
YDR093W,YML124C,1.6517205381205713e-08
YDR093W,YGL053W,1.6309778629874927e-06
YDR093W,YMR232W,0.0008085299632512033
YDR093W,YNL298W,0.00013904455408919603
YDR093W,YGL099W,7.259779583046466e-11
YDR093W,YBL016W,0.862879753112793
YDR093W,YAL041W,7.181157798186177e-06
YDR093W,YDR085C,0.0029980752151459455
YDR093W,YPL187W,9.227384828447427e-11
YDR093W,YPL256C,6.211727660021538e-11
YDR093W,YDR461W,5.7159832422826184e-09
YDR093W,YNL145W,0.9938417673110962
YDR299W,YDL165W,0.002506418153643608
YDR299W,YGR059W,2.4632952317915624e-06
YDR299W,YBR109C,0.8100762963294983
YDR299W,YJL080C,1.729421293672484e-11
YDR299W,YCR093W,0.8671820759773254
YDR299W,YIL122W,1.6447277175757335e-06
YDR299W,YCL029C,2.2495721241745995e-14
YDR299W,YNL173C,6.811777808479746e-08
YDR299W,YLR452C,0.0006502786418423057
YDR299W,YDL160C,0.032324377447366714
YDR299W,YLR229C,1.199649320854368e-12
YDR299W,YML057W,3.687892873027732e-12
YDR299W,YER149C,1.4651463061454706e-05
YDR299W,YMR305C,9.828448865280748e-17
YDR299W,YLR433C,4.505563921952671e-09
YDR299W,YJL073W,1.267516230862853e-10
YDR299W,YGR279C,2.1044634479494562e-07
YDR299W,YKL190W,9.851144966432912e-08
YDR299W,YGL089C,7.587964773847489e-06
YDR299W,YJL019W,1.8950283564578285e-09
YDR299W,YJL018W,0.00012664207315538079
YDR299W,YNR032C-A,0.9613834619522095
YDR299W,YGL178W,2.996406678335006e-08
YDR299W,YKL116C,2.9946538304681525e-11
YDR299W,YDL214C,0.0020970262121409178
YDR299W,YLR362W,0.9676551222801208
YDR299W,YER068W,1.2230414370151266e-07
YDR299W,YHR084W,1.094370697138174e-15
YDR299W,YDR392W,4.1332368638791195e-09
YDR299W,YNL053W,0.8311565518379211
YDR299W,YGR040W,9.06546290480037e-07
YDR299W,YDL216C,0.5320949554443359
YDR299W,YOL117W,2.2606660365909192e-07
YDR299W,YJR086W,0.0009977981681004167
YDR299W,YMR025W,0.0003577627649065107
YDR299W,YBR081C,4.983329721097718e-11
YDR299W,YFL026W,0.9261313676834106
YDR299W,YHL007C,3.104274823306774e-11
YDR299W,YNR044W,5.086290546726935e-15
YDR299W,YNL271C,9.837049924632524e-11
YDR299W,YDR200C,8.174378058126153e-13
YDR299W,YKL178C,0.16484400629997253
YDR299W,YOR212W,1.3872993032126857e-10
YDR299W,YOL111C,8.812816741556734e-14
YDR299W,YGL032C,1.7988058820250785e-09
YDR299W,YHR005C,0.4474982023239136
YDR299W,YDR103W,0.7922690510749817
YDR299W,YJR084W,7.610409738845192e-06
YDR299W,YCL032W,2.4163854944747598e-11
YDR299W,YJL170C,0.040279388427734375
YDR299W,YDR179C,1.0215143220193568e-07
YDR299W,YBR095C,2.815239531628322e-05
YDR299W,YLL021W,0.003210068214684725
YDR299W,YDL159W,3.8267827085327125e-14
YDR299W,YNL161W,0.010960259474813938
YDR299W,YNL188W,7.620691729569307e-14
YDR299W,YJL157C,3.498360001685796e-08
YDR299W,YJL034W,1.9291781171680566e-13
YDR299W,YLR238W,8.437286851403769e-06
YDR299W,YPR141C,2.6155199520871975e-05
YDR299W,YNL127W,0.1732577085494995
YDR299W,YCL055W,0.00011853371688630432
YDR299W,YPR122W,4.2643154301913455e-05
YDR299W,YMR065W,0.0007915518945083022
YDR299W,YDR356W,2.6492346023587743e-06
YDR299W,YMR052W,0.003167646937072277
YDR299W,YFR008W,0.0013334830291569233
YDR299W,YLL043W,3.823735106323056e-09
YDR299W,YMR029C,0.0013458706671372056
YDR299W,YJR004C,0.0009844660526141524
YDR299W,YDL223C,1.1583269066139934e-11
YDR299W,YHR158C,0.9830397963523865
YDR299W,YGR238C,5.1247834420564686e-08
YDR299W,YIL015W,0.15634039044380188
YDR299W,YGL173C,0.9960590600967407
YDR299W,YDL225W,5.269716325528861e-07
YDR299W,YLR330W,7.790953991703483e-15
YDR299W,YBR129C,2.631287410181926e-09
YDR299W,YKR095W-A,0.2020167112350464
YDR299W,YPR075C,2.005085480050184e-05
YDR299W,YMR198W,0.0008210493251681328
YDR299W,YOR127W,2.910405328293564e-06
YDR299W,YDR264C,0.6467716097831726
YDR299W,YLR110C,0.9413754343986511
YDR299W,YDR379W,0.009173414669930935
YDR299W,YDL100C,2.811471055963466e-09
YDR299W,YHR073W,1.2259076811460545e-06
YDR299W,YJR090C,2.6528098260314437e-06
YDR299W,YOR208W,0.0007081662188284099
YDR299W,YBR040W,0.00027325208066031337
YDR299W,YNL279W,7.467956031348422e-09
YDR299W,YER075C,8.275394236534339e-08
YDR299W,YCR089W,1.2669361393324863e-10
YDR299W,YCR002C,0.00017942667182069272
YDR299W,YJL108C,1.784188862075098e-05
YDR299W,YBR200W,2.1015286733039318e-10
YDR299W,YIL026C,2.7851565498338005e-10
YDR299W,YJR076C,0.00012105931818950921
YDR299W,YKR031C,0.32151272892951965
YDR299W,YPL192C,2.0849365967023914e-07
YDR299W,YHR107C,1.670395431574434e-05
YDR299W,YIL037C,0.0020529129542410374
YDR299W,YPL156C,0.005287321750074625
YDR299W,YIL117C,0.06551496684551239
YDR299W,YHR066W,1.9184270329004188e-13
YDR299W,YML085C,3.880570994749255e-14
YDR299W,YML047C,0.9303721189498901
YDR299W,YDR312W,3.7905849126218527e-07
YDR299W,YFL037W,7.113937217084754e-10
YDR299W,YDL038C,0.2020167112350464
YDR299W,YDL039C,2.8759464254513034e-10
YDR299W,YCL027W,2.763846964626282e-07
YDR299W,YML124C,9.737206211504718e-17
YDR299W,YGL053W,1.1826466028708182e-08
YDR299W,YMR232W,1.3245806258055381e-05
YDR299W,YNL298W,1.64836296789872e-06
YDR299W,YGL099W,9.76443047511627e-14
YDR299W,YBL016W,4.508053274713971e-18
YDR299W,YAL041W,2.9206350404820114e-07
YDR299W,YDR085C,0.01092271413654089
YDR299W,YPL187W,0.0003365123411640525
YDR299W,YPL256C,2.4586687717096647e-15
YDR299W,YDR461W,5.964298499527843e-11
YDR299W,YNL145W,0.0024729417636990547
tM(CAU)J3,YDL165W,0.0011620717123150826
tM(CAU)J3,YGR059W,7.209690011222847e-06
tM(CAU)J3,YBR109C,0.002620360115543008
tM(CAU)J3,YJL080C,2.0200748451770778e-07
tM(CAU)J3,YCR093W,7.487164566555293e-06
tM(CAU)J3,YIL122W,4.975679257768206e-05
tM(CAU)J3,YCL029C,0.0018199405167251825
tM(CAU)J3,YNL173C,1.1479371096356772e-05
tM(CAU)J3,YLR452C,6.190528074512258e-05
tM(CAU)J3,YDL160C,0.006173823494464159
tM(CAU)J3,YLR229C,9.680225775809959e-05
tM(CAU)J3,YML057W,0.007307964842766523
tM(CAU)J3,YER149C,2.096116077154875e-06
tM(CAU)J3,YMR305C,3.674780600704253e-05
tM(CAU)J3,YLR433C,0.0004395960131660104
tM(CAU)J3,YJL073W,0.04352618381381035
tM(CAU)J3,YGR279C,2.0303684777900344e-06
tM(CAU)J3,YKL190W,4.0383678424404934e-05
tM(CAU)J3,YGL089C,0.00022508687106892467
tM(CAU)J3,YJL019W,0.00010794255649670959
tM(CAU)J3,YJL018W,0.2020167112350464
tM(CAU)J3,YNR032C-A,0.0005234390264376998
tM(CAU)J3,YGL178W,0.0011156692635267973
tM(CAU)J3,YKL116C,0.00043114522122778
tM(CAU)J3,YDL214C,5.251647962722927e-05
tM(CAU)J3,YLR362W,0.00042368052527308464
tM(CAU)J3,YER068W,0.001990152755752206
tM(CAU)J3,YHR084W,1.0788642157422146e-07
tM(CAU)J3,YDR392W,0.00025036261649802327
tM(CAU)J3,YNL053W,1.4011552593728993e-05
tM(CAU)J3,YGR040W,0.0001516536867711693
tM(CAU)J3,YDL216C,0.0017971821362152696
tM(CAU)J3,YOL117W,8.013522347027902e-06
tM(CAU)J3,YJR086W,2.4848393877618946e-05
tM(CAU)J3,YMR025W,0.0021234117448329926
tM(CAU)J3,YBR081C,2.003014998308572e-07
tM(CAU)J3,YFL026W,6.085678251110949e-06
tM(CAU)J3,YHL007C,0.0009742453112266958
tM(CAU)J3,YNR044W,1.3772749980489607e-06
tM(CAU)J3,YNL271C,0.0005722296191379428
tM(CAU)J3,YDR200C,0.014803408645093441
tM(CAU)J3,YKL178C,9.411696169081551e-07
tM(CAU)J3,YOR212W,2.055128867084477e-08
tM(CAU)J3,YOL111C,0.0007500566425733268
tM(CAU)J3,YGL032C,4.2431365727679804e-05
tM(CAU)J3,YHR005C,0.0003086351207457483
tM(CAU)J3,YDR103W,0.00033286947291344404
tM(CAU)J3,YJR084W,0.006985397543758154
tM(CAU)J3,YCL032W,0.08122798800468445
tM(CAU)J3,YJL170C,4.980904122930951e-06
tM(CAU)J3,YDR179C,0.0016775490948930383
tM(CAU)J3,YBR095C,0.00016798317665234208
tM(CAU)J3,YLL021W,0.00017137729446403682
tM(CAU)J3,YDL159W,1.3444674777929322e-06
tM(CAU)J3,YNL161W,1.1378054978194996e-06
tM(CAU)J3,YNL188W,0.000157632734044455
tM(CAU)J3,YJL157C,1.2014653293590527e-05
tM(CAU)J3,YJL034W,0.006117665208876133
tM(CAU)J3,YLR238W,0.011676521971821785
tM(CAU)J3,YPR141C,0.0008279481553472579
tM(CAU)J3,YNL127W,0.0010221520205959678
tM(CAU)J3,YCL055W,5.914420762564987e-05
tM(CAU)J3,YPR122W,0.032845593988895416
tM(CAU)J3,YMR065W,2.9180260753491893e-05
tM(CAU)J3,YDR356W,0.0002476653316989541
tM(CAU)J3,YMR052W,0.0001755549747031182
tM(CAU)J3,YFR008W,0.008065775036811829
tM(CAU)J3,YLL043W,0.049463268369436264
tM(CAU)J3,YMR029C,0.0063042836263775826
tM(CAU)J3,YJR004C,5.897851224290207e-05
tM(CAU)J3,YDL223C,1.128364374380908e-06
tM(CAU)J3,YHR158C,3.3330674341414124e-05
tM(CAU)J3,YGR238C,1.026522227220994e-07
tM(CAU)J3,YIL015W,9.259345290502097e-08
tM(CAU)J3,YGL173C,0.00021229586855042726
tM(CAU)J3,YDL225W,5.197302743908949e-05
tM(CAU)J3,YLR330W,4.671866190619767e-05
tM(CAU)J3,YBR129C,0.024538496509194374
tM(CAU)J3,YKR095W-A,0.2020167112350464
tM(CAU)J3,YPR075C,0.1247318908572197
tM(CAU)J3,YMR198W,0.002095937728881836
tM(CAU)J3,YOR127W,0.03923560306429863
tM(CAU)J3,YDR264C,0.032826244831085205
tM(CAU)J3,YLR110C,3.7189565773587674e-06
tM(CAU)J3,YDR379W,0.16569054126739502
tM(CAU)J3,YDL100C,2.799852518364787e-05
tM(CAU)J3,YHR073W,0.012932531535625458
tM(CAU)J3,YJR090C,0.0025958390906453133
tM(CAU)J3,YOR208W,1.180798608402256e-05
tM(CAU)J3,YBR040W,3.120337055406708e-08
tM(CAU)J3,YNL279W,1.2723668341152461e-08
tM(CAU)J3,YER075C,1.0971541541948682e-06
tM(CAU)J3,YCR089W,9.356325608678162e-05
tM(CAU)J3,YCR002C,0.000530497170984745
tM(CAU)J3,YJL108C,3.556438969098963e-05
tM(CAU)J3,YBR200W,0.050688281655311584
tM(CAU)J3,YIL026C,9.71748977462994e-06
tM(CAU)J3,YJR076C,1.2797891940863337e-05
tM(CAU)J3,YKR031C,4.782133601111127e-06
tM(CAU)J3,YPL192C,5.291325351208798e-07
tM(CAU)J3,YHR107C,0.0018466304754838347
tM(CAU)J3,YIL037C,6.102964107412845e-07
tM(CAU)J3,YPL156C,1.3459656656777952e-05
tM(CAU)J3,YIL117C,1.675675491696893e-07
tM(CAU)J3,YHR066W,6.10684510320425e-05
tM(CAU)J3,YML085C,5.698878794646589e-06
tM(CAU)J3,YML047C,3.689420964292367e-06
tM(CAU)J3,YDR312W,4.633677122001245e-07
tM(CAU)J3,YFL037W,0.00014093320351094007
tM(CAU)J3,YDL038C,0.2020167112350464
tM(CAU)J3,YDL039C,2.5810706574702635e-05
tM(CAU)J3,YCL027W,3.660049696918577e-05
tM(CAU)J3,YML124C,4.410322799230926e-05
tM(CAU)J3,YGL053W,0.0005160894943401217
tM(CAU)J3,YMR232W,0.0002100122073898092
tM(CAU)J3,YNL298W,1.804410931072198e-05
tM(CAU)J3,YGL099W,2.367175511608366e-06
tM(CAU)J3,YBL016W,0.006921058986335993
tM(CAU)J3,YAL041W,1.3490755009115674e-05
tM(CAU)J3,YDR085C,7.056725337406533e-08
tM(CAU)J3,YPL187W,0.00024438212858513
tM(CAU)J3,YPL256C,0.00013224068970885128
tM(CAU)J3,YDR461W,3.3723873116286995e-07
tM(CAU)J3,YNL145W,3.7638167214026907e-06
YGR111W,YDL165W,0.01051207073032856
YGR111W,YGR059W,2.2136894983759703e-07
YGR111W,YBR109C,9.448414495238922e-09
YGR111W,YJL080C,0.0011931759072467685
YGR111W,YCR093W,0.6902883052825928
YGR111W,YIL122W,1.198119753098581e-05
YGR111W,YCL029C,2.8212120021451877e-15
YGR111W,YNL173C,1.6196224805753445e-06
YGR111W,YLR452C,2.6370664272690192e-05
YGR111W,YDL160C,0.0003508903901092708
YGR111W,YLR229C,5.011665507481666e-06
YGR111W,YML057W,3.4505141854879184e-08
YGR111W,YER149C,0.9866834282875061
YGR111W,YMR305C,1.887399925237787e-08
YGR111W,YLR433C,0.025673694908618927
YGR111W,YJL073W,7.272336205454977e-11
YGR111W,YGR279C,3.7981684727128595e-05
YGR111W,YKL190W,0.0002248157688882202
YGR111W,YGL089C,0.38305363059043884
YGR111W,YJL019W,0.048889365047216415
YGR111W,YJL018W,0.00043250920134596527
YGR111W,YNR032C-A,0.00010191088222200051
YGR111W,YGL178W,0.0062950244173407555
YGR111W,YKL116C,1.1469800220709203e-08
YGR111W,YDL214C,0.9365748763084412
YGR111W,YLR362W,2.2477926904684864e-05
YGR111W,YER068W,5.253060209042815e-09
YGR111W,YHR084W,3.916584319085814e-07
YGR111W,YDR392W,7.505084909098514e-08
YGR111W,YNL053W,0.21157895028591156
YGR111W,YGR040W,8.290765254059806e-05
YGR111W,YDL216C,0.0021507323253899813
YGR111W,YOL117W,4.22556176715716e-08
YGR111W,YJR086W,0.013918365351855755
YGR111W,YMR025W,0.00034284897265024483
YGR111W,YBR081C,0.00034822660381905735
YGR111W,YFL026W,0.0014518870739266276
YGR111W,YHL007C,3.4152475564042106e-05
YGR111W,YNR044W,0.00011924305727006868
YGR111W,YNL271C,0.14699384570121765
YGR111W,YDR200C,0.10060329735279083
YGR111W,YKL178C,0.9997395873069763
YGR111W,YOR212W,0.016343891620635986
YGR111W,YOL111C,7.475781558241579e-07
YGR111W,YGL032C,8.354642773156229e-07
YGR111W,YHR005C,0.6716181635856628
YGR111W,YDR103W,1.3161404240236152e-05
YGR111W,YJR084W,0.0003397277614567429
YGR111W,YCL032W,6.63115827137517e-07
YGR111W,YJL170C,4.367889050627127e-05
YGR111W,YDR179C,4.91705476335369e-09
YGR111W,YBR095C,5.841179518029094e-05
YGR111W,YLL021W,0.0001227294560521841
YGR111W,YDL159W,0.0003292958135716617
YGR111W,YNL161W,0.0005100853159092367
YGR111W,YNL188W,0.0012320834212005138
YGR111W,YJL157C,0.0011216978309676051
YGR111W,YJL034W,3.103312451457896e-07
YGR111W,YLR238W,2.983492095154361e-06
YGR111W,YPR141C,6.016121194968305e-12
YGR111W,YNL127W,0.000895298202522099
YGR111W,YCL055W,4.3127027282707786e-08
YGR111W,YPR122W,8.514467353393229e-09
YGR111W,YMR065W,0.9914538860321045
YGR111W,YDR356W,0.012422000989317894
YGR111W,YMR052W,0.04795822501182556
YGR111W,YFR008W,4.648788944905391e-06
YGR111W,YLL043W,0.0011312734568491578
YGR111W,YMR029C,1.1154079402331263e-06
YGR111W,YJR004C,6.093610060986521e-09
YGR111W,YDL223C,3.9085262988933697e-20
YGR111W,YHR158C,0.3952079713344574
YGR111W,YGR238C,7.641732224783482e-08
YGR111W,YIL015W,0.0019429195672273636
YGR111W,YGL173C,0.060581550002098083
YGR111W,YDL225W,0.002406931482255459
YGR111W,YLR330W,8.518482794150906e-12
YGR111W,YBR129C,0.11181271076202393
YGR111W,YKR095W-A,0.2020167112350464
YGR111W,YPR075C,2.850175064850191e-07
YGR111W,YMR198W,8.875372827787942e-07
YGR111W,YOR127W,1.6446461813757196e-05
YGR111W,YDR264C,0.6402019262313843
YGR111W,YLR110C,4.646334428315413e-09
YGR111W,YDR379W,0.2727968990802765
YGR111W,YDL100C,5.351337313186377e-05
YGR111W,YHR073W,5.161897570360452e-05
YGR111W,YJR090C,0.03670550510287285
YGR111W,YOR208W,4.828548585272818e-13
YGR111W,YBR040W,0.17392124235630035
YGR111W,YNL279W,0.020959636196494102
YGR111W,YER075C,0.012573884800076485
YGR111W,YCR089W,0.004035648424178362
YGR111W,YCR002C,4.7400517360074446e-05
YGR111W,YJL108C,1.9448256338705505e-08
YGR111W,YBR200W,5.292857167660259e-06
YGR111W,YIL026C,6.664823786195484e-07
YGR111W,YJR076C,0.010949295945465565
YGR111W,YKR031C,0.00042748553096316755
YGR111W,YPL192C,2.4687400582479313e-05
YGR111W,YHR107C,0.07540658861398697
YGR111W,YIL037C,1.8545468265074305e-05
YGR111W,YPL156C,0.005702916067093611
YGR111W,YIL117C,1.2896039791598923e-08
YGR111W,YHR066W,2.6072805752504896e-14
YGR111W,YML085C,0.2382509410381317
YGR111W,YML047C,0.9773581027984619
YGR111W,YDR312W,0.09870145469903946
YGR111W,YFL037W,0.00637997267767787
YGR111W,YDL038C,0.2020167112350464
YGR111W,YDL039C,0.023399656638503075
YGR111W,YCL027W,0.8422359824180603
YGR111W,YML124C,0.00014611704682465643
YGR111W,YGL053W,1.3737028181637356e-09
YGR111W,YMR232W,2.0469216906349175e-05
YGR111W,YNL298W,3.1275385481421836e-07
YGR111W,YGL099W,1.0322154372563452e-12
YGR111W,YBL016W,9.150086910381106e-09
YGR111W,YAL041W,1.951957301571383e-06
YGR111W,YDR085C,0.009488926269114017
YGR111W,YPL187W,0.0049984268844127655
YGR111W,YPL256C,2.69066663349804e-06
YGR111W,YDR461W,2.953663008620211e-11
YGR111W,YNL145W,2.5202216420439072e-05
YPL046C,YDL165W,1.6323199736323346e-10
YPL046C,YGR059W,3.441765841216693e-07
YPL046C,YBR109C,9.148974113026842e-12
YPL046C,YJL080C,2.687011637497738e-12
YPL046C,YCR093W,5.791090416096267e-07
YPL046C,YIL122W,0.021677114069461823
YPL046C,YCL029C,1.7182590454467572e-05
YPL046C,YNL173C,0.0019685979932546616
YPL046C,YLR452C,1.3973655768495519e-05
YPL046C,YDL160C,8.55791029152897e-08
YPL046C,YLR229C,3.8220015596834855e-08
YPL046C,YML057W,0.004181159660220146
YPL046C,YER149C,3.0343995545412117e-12
YPL046C,YMR305C,1.497366717651081e-14
YPL046C,YLR433C,3.485864397134719e-08
YPL046C,YJL073W,1.8529741074857498e-09
YPL046C,YGR279C,2.5418858058401383e-06
YPL046C,YKL190W,2.0891273433409907e-10
YPL046C,YGL089C,3.4940917714720854e-08
YPL046C,YJL019W,0.928828239440918
YPL046C,YJL018W,0.2020167112350464
YPL046C,YNR032C-A,5.57305829715915e-05
YPL046C,YGL178W,0.9912776947021484
YPL046C,YKL116C,2.0026271840833942e-07
YPL046C,YDL214C,9.229966053680982e-07
YPL046C,YLR362W,1.1428448942751857e-06
YPL046C,YER068W,2.0784727272626924e-09
YPL046C,YHR084W,0.6067713499069214
YPL046C,YDR392W,1.659965346334502e-05
YPL046C,YNL053W,1.487401846134162e-07
YPL046C,YGR040W,1.7325526187050855e-06
YPL046C,YDL216C,3.202275111746644e-09
YPL046C,YOL117W,4.3256697779270326e-08
YPL046C,YJR086W,9.536287037814617e-11
YPL046C,YMR025W,0.00015472692030016333
YPL046C,YBR081C,9.021701771416701e-06
YPL046C,YFL026W,8.539242116967216e-06
YPL046C,YHL007C,3.085078199849267e-12
YPL046C,YNR044W,1.2752377642755164e-07
YPL046C,YNL271C,3.172721335431561e-05
YPL046C,YDR200C,2.8891172121348063e-08
YPL046C,YKL178C,1.1767474147883483e-11
YPL046C,YOR212W,2.1900250430917367e-05
YPL046C,YOL111C,6.019674203550096e-10
YPL046C,YGL032C,5.502870408236049e-06
YPL046C,YHR005C,2.0282282093830872e-06
YPL046C,YDR103W,0.03412234038114548
YPL046C,YJR084W,0.0001416472514392808
YPL046C,YCL032W,1.0851314982573967e-05
YPL046C,YJL170C,4.831245958847319e-10
YPL046C,YDR179C,2.6306915970053524e-05
YPL046C,YBR095C,8.804319077171385e-05
YPL046C,YLL021W,2.0771012405711164e-13
YPL046C,YDL159W,8.242043804784771e-06
YPL046C,YNL161W,0.00024470945936627686
YPL046C,YNL188W,0.0006260998779907823
YPL046C,YJL157C,2.5363792133248353e-07
YPL046C,YJL034W,7.229698090194248e-11
YPL046C,YLR238W,6.787098527638591e-08
YPL046C,YPR141C,0.00022698947577737272
YPL046C,YNL127W,4.771969486228045e-08
YPL046C,YCL055W,3.629480124800466e-05
YPL046C,YPR122W,0.0011223385808989406
YPL046C,YMR065W,4.965049356542295e-06
YPL046C,YDR356W,1.9608044112828793e-06
YPL046C,YMR052W,9.85530505204224e-07
YPL046C,YFR008W,0.18600110709667206
YPL046C,YLL043W,9.519387731415918e-07
YPL046C,YMR029C,5.1590593776185134e-12
YPL046C,YJR004C,3.0252574561018264e-06
YPL046C,YDL223C,9.685237854772932e-12
YPL046C,YHR158C,0.0017864947440102696
YPL046C,YGR238C,0.006153219845145941
YPL046C,YIL015W,5.118741341902933e-07
YPL046C,YGL173C,1.1814463505288586e-05
YPL046C,YDL225W,2.9838777282353846e-11
YPL046C,YLR330W,8.290747643968643e-09
YPL046C,YBR129C,0.0010303250746801496
YPL046C,YKR095W-A,0.2020167112350464
YPL046C,YPR075C,3.8215389963625057e-07
YPL046C,YMR198W,3.4556709493926974e-08
YPL046C,YOR127W,1.8166541188024965e-11
YPL046C,YDR264C,2.493330157449236e-06
YPL046C,YLR110C,2.565768113527156e-07
YPL046C,YDR379W,0.0939967930316925
YPL046C,YDL100C,1.828195763664553e-06
YPL046C,YHR073W,2.8886993491683555e-11
YPL046C,YJR090C,1.1667522416963783e-12
YPL046C,YOR208W,8.311725650855806e-06
YPL046C,YBR040W,2.2691347467684864e-08
YPL046C,YNL279W,0.003148720134049654
YPL046C,YER075C,2.7207191166667144e-08
YPL046C,YCR089W,2.5817327696131542e-05
YPL046C,YCR002C,7.230870323837735e-06
YPL046C,YJL108C,0.04066391661763191
YPL046C,YBR200W,1.283623191739025e-06
YPL046C,YIL026C,4.837465894524939e-06
YPL046C,YJR076C,2.4884886897780234e-06
YPL046C,YKR031C,0.24819721281528473
YPL046C,YPL192C,2.3661666546104243e-06
YPL046C,YHR107C,1.435961224282047e-17
YPL046C,YIL037C,3.6895082189403183e-07
YPL046C,YPL156C,1.6566650629101787e-06
YPL046C,YIL117C,2.757396977415283e-09
YPL046C,YHR066W,5.752143295012502e-08
YPL046C,YML085C,2.3421273254164987e-10
YPL046C,YML047C,0.0005600100266747177
YPL046C,YDR312W,1.1357008133927593e-07
YPL046C,YFL037W,3.5102518722851528e-06
YPL046C,YDL038C,0.2020167112350464
YPL046C,YDL039C,1.1222837770219485e-08
YPL046C,YCL027W,0.07195597141981125
YPL046C,YML124C,1.795652805804075e-16
YPL046C,YGL053W,1.6105174138747458e-10
YPL046C,YMR232W,1.1761134999233036e-07
YPL046C,YNL298W,1.0905129022020787e-09
YPL046C,YGL099W,2.0759061953867786e-06
YPL046C,YBL016W,1.821244222810492e-05
YPL046C,YAL041W,9.384851118454662e-09
YPL046C,YDR085C,6.839684374426724e-10
YPL046C,YPL187W,1.2667250671245973e-15
YPL046C,YPL256C,0.013676511123776436
YPL046C,YDR461W,1.369629558212182e-06
YPL046C,YNL145W,3.247161872721449e-09
YKL186C,YDL165W,0.0029587692115455866
YKL186C,YGR059W,2.1984900878957436e-12
YKL186C,YBR109C,0.0016925829695537686
YKL186C,YJL080C,4.967611595816832e-16
YKL186C,YCR093W,2.9656448408132974e-09
YKL186C,YIL122W,2.4944004053395474e-06
YKL186C,YCL029C,1.564585683233588e-10
YKL186C,YNL173C,1.1963646659983191e-14
YKL186C,YLR452C,7.179287877079332e-06
YKL186C,YDL160C,2.2883858002975543e-11
YKL186C,YLR229C,1.4825247696137467e-09
YKL186C,YML057W,1.0742024853220244e-16
YKL186C,YER149C,7.757461123122922e-14
YKL186C,YMR305C,1.627325878217345e-12
YKL186C,YLR433C,5.726453673560172e-05
YKL186C,YJL073W,3.582329384244076e-07
YKL186C,YGR279C,1.6396035789512098e-05
YKL186C,YKL190W,0.0
YKL186C,YGL089C,2.2697219037581817e-07
YKL186C,YJL019W,1.0990731064239746e-15
YKL186C,YJL018W,0.19188952445983887
YKL186C,YNR032C-A,0.9447667002677917
YKL186C,YGL178W,1.7189937353331158e-14
YKL186C,YKL116C,4.414621012499564e-12
YKL186C,YDL214C,1.2805683979877358e-07
YKL186C,YLR362W,3.5535353007593376e-14
YKL186C,YER068W,9.33950278225737e-11
YKL186C,YHR084W,3.13112508143476e-10
YKL186C,YDR392W,1.2308277291595004e-05
YKL186C,YNL053W,5.509666056724427e-09
YKL186C,YGR040W,4.266328232915839e-06
YKL186C,YDL216C,1.4392490754744358e-07
YKL186C,YOL117W,3.660554498408075e-12
YKL186C,YJR086W,8.814669126877561e-05
YKL186C,YMR025W,3.2372178271344865e-09
YKL186C,YBR081C,1.497086259405478e-07
YKL186C,YFL026W,6.69492195015664e-09
YKL186C,YHL007C,5.731012331366969e-10
YKL186C,YNR044W,5.087418230687035e-06
YKL186C,YNL271C,3.086237070517152e-16
YKL186C,YDR200C,3.3853803549539763e-13
YKL186C,YKL178C,3.975920287446755e-12
YKL186C,YOR212W,8.982080487371369e-13
YKL186C,YOL111C,2.3339404719990853e-07
YKL186C,YGL032C,2.3696447897236794e-05
YKL186C,YHR005C,3.4059163822597327e-10
YKL186C,YDR103W,1.2319288922313376e-09
YKL186C,YJR084W,5.908872696691603e-11
YKL186C,YCL032W,6.043544842088827e-14
YKL186C,YJL170C,0.00022554706083610654
YKL186C,YDR179C,2.5129544155788608e-05
YKL186C,YBR095C,6.276118114101337e-08
YKL186C,YLL021W,1.8850190031116654e-07
YKL186C,YDL159W,5.524680091184564e-07
YKL186C,YNL161W,9.575849162501981e-07
YKL186C,YNL188W,9.729610450648352e-10
YKL186C,YJL157C,0.0002732408756855875
YKL186C,YJL034W,5.900478890208394e-12
YKL186C,YLR238W,5.6013697152801356e-11
YKL186C,YPR141C,9.116017836430235e-12
YKL186C,YNL127W,3.7641894809481435e-12
YKL186C,YCL055W,1.54655754158739e-05
YKL186C,YPR122W,6.000094344926765e-06
YKL186C,YMR065W,1.6236203492780987e-09
YKL186C,YDR356W,0.0015922808088362217
YKL186C,YMR052W,8.195798706367441e-09
YKL186C,YFR008W,7.92956189599181e-09
YKL186C,YLL043W,5.27635076404717e-15
YKL186C,YMR029C,2.0005225471741045e-16
YKL186C,YJR004C,8.298399402535683e-14
YKL186C,YDL223C,1.425119592986441e-15
YKL186C,YHR158C,4.09168077197819e-09
YKL186C,YGR238C,2.15423082150501e-10
YKL186C,YIL015W,0.00024292507441714406
YKL186C,YGL173C,5.9860752799068e-08
YKL186C,YDL225W,1.8878776586461754e-07
YKL186C,YLR330W,1.87698164302863e-12
YKL186C,YBR129C,0.005012757144868374
YKL186C,YKR095W-A,0.2020167112350464
YKL186C,YPR075C,2.67130542404119e-14
YKL186C,YMR198W,1.5296724598101719e-07
YKL186C,YOR127W,2.5364130351590575e-07
YKL186C,YDR264C,2.2123325578177894e-13
YKL186C,YLR110C,1.1772216534922109e-10
YKL186C,YDR379W,3.897017819554094e-09
YKL186C,YDL100C,3.905522010395207e-13
YKL186C,YHR073W,0.00015339745732489973
YKL186C,YJR090C,3.279167515302106e-07
YKL186C,YOR208W,1.3612536653440088e-09
YKL186C,YBR040W,0.010993592441082
YKL186C,YNL279W,0.000312067597405985
YKL186C,YER075C,0.06973524391651154
YKL186C,YCR089W,8.927187877816323e-09
YKL186C,YCR002C,6.53106084769206e-08
YKL186C,YJL108C,3.4426911099672e-08
YKL186C,YBR200W,5.103954148211187e-09
YKL186C,YIL026C,9.779902757145464e-05
YKL186C,YJR076C,1.5222072988763102e-06
YKL186C,YKR031C,5.254588431036211e-11
YKL186C,YPL192C,0.0003649193386081606
YKL186C,YHR107C,1.1216693514183183e-16
YKL186C,YIL037C,0.06835291534662247
YKL186C,YPL156C,1.1303504834359046e-06
YKL186C,YIL117C,0.003039473434910178
YKL186C,YHR066W,4.523975972110024e-16
YKL186C,YML085C,1.494568357962578e-13
YKL186C,YML047C,2.2071619696362177e-06
YKL186C,YDR312W,1.9426007137051814e-16
YKL186C,YFL037W,4.098243012312652e-12
YKL186C,YDL038C,0.2020167112350464
YKL186C,YDL039C,3.682107543553811e-16
YKL186C,YCL027W,2.086070427509412e-09
YKL186C,YML124C,1.0881921049472485e-24
YKL186C,YGL053W,5.97068098087683e-12
YKL186C,YMR232W,8.800643769291128e-09
YKL186C,YNL298W,5.767149559687823e-06
YKL186C,YGL099W,1.2907757328262104e-11
YKL186C,YBL016W,1.906441937649106e-08
YKL186C,YAL041W,3.9732746870413393e-08
YKL186C,YDR085C,5.58846502060617e-12
YKL186C,YPL187W,1.2872517345385859e-06
YKL186C,YPL256C,9.463897721051495e-11
YKL186C,YDR461W,0.0017102910205721855
YKL186C,YNL145W,0.00019749286002479494
YBR162W-A,YDL165W,0.000533360755071044
YBR162W-A,YGR059W,1.5932509711547027e-07
YBR162W-A,YBR109C,0.9088773727416992
YBR162W-A,YJL080C,1.5436046538197523e-11
YBR162W-A,YCR093W,0.48301202058792114
YBR162W-A,YIL122W,0.19767987728118896
YBR162W-A,YCL029C,4.929638475204001e-09
YBR162W-A,YNL173C,1.5113696559003412e-17
YBR162W-A,YLR452C,9.454420753229886e-12
YBR162W-A,YDL160C,5.996665830565462e-09
YBR162W-A,YLR229C,0.000785376294516027
YBR162W-A,YML057W,2.29503742399384e-12
YBR162W-A,YER149C,1.2889197487098158e-09
YBR162W-A,YMR305C,1.9541408421974715e-11
YBR162W-A,YLR433C,6.100381000351263e-08
YBR162W-A,YJL073W,2.1585867216344923e-05
YBR162W-A,YGR279C,0.005572664551436901
YBR162W-A,YKL190W,0.0013277024263516068
YBR162W-A,YGL089C,0.8702144622802734
YBR162W-A,YJL019W,0.0012463221792131662
YBR162W-A,YJL018W,0.001171639421954751
YBR162W-A,YNR032C-A,0.0017229353543370962
YBR162W-A,YGL178W,3.704361617451468e-08
YBR162W-A,YKL116C,5.838753281859829e-14
YBR162W-A,YDL214C,9.431643093193998e-07
YBR162W-A,YLR362W,7.57479287763008e-15
YBR162W-A,YER068W,3.483307182250428e-06
YBR162W-A,YHR084W,9.639906011216226e-07
YBR162W-A,YDR392W,0.9497861266136169
YBR162W-A,YNL053W,0.08781334012746811
YBR162W-A,YGR040W,5.5364171203109436e-06
YBR162W-A,YDL216C,0.00016312464140355587
YBR162W-A,YOL117W,1.2331340712989913e-06
YBR162W-A,YJR086W,3.959989669510833e-08
YBR162W-A,YMR025W,1.0435709896228218e-07
YBR162W-A,YBR081C,5.79222296437365e-06
YBR162W-A,YFL026W,0.009306257590651512
YBR162W-A,YHL007C,5.955720553174615e-05
YBR162W-A,YNR044W,9.489914409854805e-10
YBR162W-A,YNL271C,5.068000394890283e-14
YBR162W-A,YDR200C,0.09152381122112274
YBR162W-A,YKL178C,0.0007701794384047389
YBR162W-A,YOR212W,3.2743616845687384e-11
YBR162W-A,YOL111C,1.9438541585259372e-06
YBR162W-A,YGL032C,2.5624389762834987e-12
YBR162W-A,YHR005C,1.8421409322399995e-06
YBR162W-A,YDR103W,6.992579528741771e-07
YBR162W-A,YJR084W,8.439992704722954e-09
YBR162W-A,YCL032W,2.2397562320433662e-13
YBR162W-A,YJL170C,9.95991830676779e-11
YBR162W-A,YDR179C,1.8072566945193103e-06
YBR162W-A,YBR095C,1.8095940390594478e-07
YBR162W-A,YLL021W,0.21613924205303192
YBR162W-A,YDL159W,5.829262477163866e-07
YBR162W-A,YNL161W,2.671367838047445e-07
YBR162W-A,YNL188W,3.8356300774422536e-11
YBR162W-A,YJL157C,1.0833587791329454e-16
YBR162W-A,YJL034W,2.0113063992077684e-10
YBR162W-A,YLR238W,2.3327492826297203e-08
YBR162W-A,YPR141C,5.690072413244707e-09
YBR162W-A,YNL127W,9.152052371064201e-05
YBR162W-A,YCL055W,9.152330676442944e-06
YBR162W-A,YPR122W,4.5575714466394857e-05
YBR162W-A,YMR065W,4.4188604078954086e-05
YBR162W-A,YDR356W,8.614016223873477e-06
YBR162W-A,YMR052W,1.2183400031062774e-06
YBR162W-A,YFR008W,5.826820359544627e-09
YBR162W-A,YLL043W,6.313216260878107e-08
YBR162W-A,YMR029C,6.095571052355808e-07
YBR162W-A,YJR004C,7.43155439408838e-08
YBR162W-A,YDL223C,6.358910569323053e-23
YBR162W-A,YHR158C,1.040404953300822e-07
YBR162W-A,YGR238C,7.720598588071594e-15
YBR162W-A,YIL015W,1.0029150253332286e-11
YBR162W-A,YGL173C,5.6526147318436415e-08
YBR162W-A,YDL225W,4.941868974128738e-05
YBR162W-A,YLR330W,2.0501281028373342e-07
YBR162W-A,YBR129C,4.840174372411354e-10
YBR162W-A,YKR095W-A,0.2020167112350464
YBR162W-A,YPR075C,8.321791866716666e-11
YBR162W-A,YMR198W,6.840388232376426e-05
YBR162W-A,YOR127W,0.0003711259923875332
YBR162W-A,YDR264C,1.1927266951872184e-09
YBR162W-A,YLR110C,1.7816900310663186e-07
YBR162W-A,YDR379W,0.9768328666687012
YBR162W-A,YDL100C,7.873267122704419e-07
YBR162W-A,YHR073W,1.0117524666566389e-16
YBR162W-A,YJR090C,2.3714551389275584e-06
YBR162W-A,YOR208W,1.0727801054599695e-05
YBR162W-A,YBR040W,4.2842324132763565e-10
YBR162W-A,YNL279W,9.889693508569053e-10
YBR162W-A,YER075C,4.6926764696308965e-08
YBR162W-A,YCR089W,2.654253883349611e-08
YBR162W-A,YCR002C,4.8642135652698926e-08
YBR162W-A,YJL108C,3.3757916639842733e-07
YBR162W-A,YBR200W,2.6555200705047355e-08
YBR162W-A,YIL026C,5.071646569376753e-07
YBR162W-A,YJR076C,0.03953385353088379
YBR162W-A,YKR031C,0.003592873690649867
YBR162W-A,YPL192C,2.108849344040209e-07
YBR162W-A,YHR107C,9.68792664934881e-05
YBR162W-A,YIL037C,7.034937965499921e-09
YBR162W-A,YPL156C,1.6677768499562262e-08
YBR162W-A,YIL117C,1.6067689401211283e-09
YBR162W-A,YHR066W,2.3474557801078655e-12
YBR162W-A,YML085C,1.0471539724221657e-07
YBR162W-A,YML047C,6.790458750849382e-10
YBR162W-A,YDR312W,2.3112382233764217e-12
YBR162W-A,YFL037W,2.681483507460669e-11
YBR162W-A,YDL038C,0.2020167112350464
YBR162W-A,YDL039C,4.3433565934374724e-14
YBR162W-A,YCL027W,1.873189645930362e-13
YBR162W-A,YML124C,3.449564310413489e-13
YBR162W-A,YGL053W,3.0169881566121726e-16
YBR162W-A,YMR232W,1.0236494745186064e-05
YBR162W-A,YNL298W,2.2258045646594837e-05
YBR162W-A,YGL099W,1.6840034819083985e-14
YBR162W-A,YBL016W,2.3973495531441032e-21
YBR162W-A,YAL041W,6.606687747989781e-06
YBR162W-A,YDR085C,1.3783587604621061e-09
YBR162W-A,YPL187W,0.031988099217414856
YBR162W-A,YPL256C,6.028127302881714e-11
YBR162W-A,YDR461W,1.7488300073481333e-18
YBR162W-A,YNL145W,4.119369259569794e-05
YHR042W,YDL165W,2.070114430013383e-15
YHR042W,YGR059W,3.0079934276727727e-06
YHR042W,YBR109C,5.161703029443743e-07
YHR042W,YJL080C,3.6982401070417836e-05
YHR042W,YCR093W,6.067840331525076e-06
YHR042W,YIL122W,5.755391541129029e-08
YHR042W,YCL029C,1.6941451767924637e-14
YHR042W,YNL173C,5.885123499638212e-09
YHR042W,YLR452C,4.645154376703431e-07
YHR042W,YDL160C,0.008345835842192173
YHR042W,YLR229C,9.757729069193033e-10
YHR042W,YML057W,1.5125125544385165e-12
YHR042W,YER149C,1.8896766817988464e-08
YHR042W,YMR305C,5.841968231834471e-06
YHR042W,YLR433C,1.2767401358360075e-08
YHR042W,YJL073W,8.193465905748099e-10
YHR042W,YGR279C,2.87348866550019e-05
YHR042W,YKL190W,6.926601054146886e-05
YHR042W,YGL089C,2.3207524790791467e-09
YHR042W,YJL019W,2.9275872748257825e-07
YHR042W,YJL018W,0.014341788366436958
YHR042W,YNR032C-A,0.001033502398058772
YHR042W,YGL178W,5.046096021033009e-07
YHR042W,YKL116C,0.0013783244648948312
YHR042W,YDL214C,0.05282745137810707
YHR042W,YLR362W,0.0009608027176000178
YHR042W,YER068W,1.4914802477505873e-06
YHR042W,YHR084W,1.2707018770541367e-10
YHR042W,YDR392W,1.8670724966085572e-09
YHR042W,YNL053W,0.20234908163547516
YHR042W,YGR040W,0.5240171551704407
YHR042W,YDL216C,3.074236155953258e-05
YHR042W,YOL117W,8.191526285372674e-05
YHR042W,YJR086W,2.3112606939434954e-08
YHR042W,YMR025W,1.677730239180164e-07
YHR042W,YBR081C,2.2705057745042723e-07
YHR042W,YFL026W,1.4490110222808994e-09
YHR042W,YHL007C,6.956674951652531e-07
YHR042W,YNR044W,3.944487980334088e-05
YHR042W,YNL271C,0.9767873883247375
YHR042W,YDR200C,0.0006636849720962346
YHR042W,YKL178C,0.00039379362715408206
YHR042W,YOR212W,2.981459203965642e-07
YHR042W,YOL111C,3.4981912921949743e-09
YHR042W,YGL032C,1.0671810792917472e-13
YHR042W,YHR005C,9.204035222865059e-07
YHR042W,YDR103W,0.0032005007378757
YHR042W,YJR084W,0.004710039589554071
YHR042W,YCL032W,9.940271183950244e-08
YHR042W,YJL170C,1.1632491805357859e-06
YHR042W,YDR179C,3.0948659433815973e-13
YHR042W,YBR095C,1.4267587175709195e-05
YHR042W,YLL021W,1.2420200619089883e-06
YHR042W,YDL159W,0.018338516354560852
YHR042W,YNL161W,4.267988515493926e-06
YHR042W,YNL188W,7.349535979805921e-10
YHR042W,YJL157C,1.3773374121228699e-05
YHR042W,YJL034W,3.063336606601297e-08
YHR042W,YLR238W,0.26526299118995667
YHR042W,YPR141C,0.00015463650925084949
YHR042W,YNL127W,3.111778923425845e-08
YHR042W,YCL055W,1.1504658559147174e-08
YHR042W,YPR122W,0.9777097702026367
YHR042W,YMR065W,0.003697094274684787
YHR042W,YDR356W,0.014928814023733139
YHR042W,YMR052W,0.04458559304475784
YHR042W,YFR008W,5.616499834104616e-07
YHR042W,YLL043W,7.285806957746388e-10
YHR042W,YMR029C,0.03100552223622799
YHR042W,YJR004C,0.00014070412726141512
YHR042W,YDL223C,4.03514519575765e-07
YHR042W,YHR158C,0.2250157743692398
YHR042W,YGR238C,0.005292028654366732
YHR042W,YIL015W,0.01679961383342743
YHR042W,YGL173C,0.0017511483747512102
YHR042W,YDL225W,1.990294595799469e-10
YHR042W,YLR330W,6.754750231374729e-11
YHR042W,YBR129C,0.012774946168065071
YHR042W,YKR095W-A,0.2020167112350464
YHR042W,YPR075C,0.1960475891828537
YHR042W,YMR198W,4.491784056881443e-05
YHR042W,YOR127W,7.611613561664399e-10
YHR042W,YDR264C,6.817659141233889e-06
YHR042W,YLR110C,0.060515113174915314
YHR042W,YDR379W,6.117800666061157e-08
YHR042W,YDL100C,0.0005545742460526526
YHR042W,YHR073W,2.505729810309276e-07
YHR042W,YJR090C,0.003601514734327793
YHR042W,YOR208W,3.128086245851591e-05
YHR042W,YBR040W,3.2818767067510635e-05
YHR042W,YNL279W,0.8999646902084351
YHR042W,YER075C,2.3450531443813816e-05
YHR042W,YCR089W,1.0891614692809526e-05
YHR042W,YCR002C,4.805756361747626e-07
YHR042W,YJL108C,0.999687910079956
YHR042W,YBR200W,0.583283543586731
YHR042W,YIL026C,9.53441881001993e-10
YHR042W,YJR076C,2.4814073640300194e-07
YHR042W,YKR031C,1.3028767170908395e-05
YHR042W,YPL192C,2.4134170217848805e-09
YHR042W,YHR107C,7.992076461960096e-06
YHR042W,YIL037C,2.36605160353065e-06
YHR042W,YPL156C,5.239986421656795e-06
YHR042W,YIL117C,0.00012062479072483256
YHR042W,YHR066W,5.478652870711859e-22
YHR042W,YML085C,0.0020002848468720913
YHR042W,YML047C,0.017055578529834747
YHR042W,YDR312W,4.699732158996994e-09
YHR042W,YFL037W,1.284522266331578e-08
YHR042W,YDL038C,0.2020167112350464
YHR042W,YDL039C,6.9031207416969664e-09
YHR042W,YCL027W,0.9708999991416931
YHR042W,YML124C,2.6304693978573823e-09
YHR042W,YGL053W,2.2037131230945306e-08
YHR042W,YMR232W,0.22862380743026733
YHR042W,YNL298W,0.02468816377222538
YHR042W,YGL099W,5.085232402398106e-19
YHR042W,YBL016W,4.162000876318378e-13
YHR042W,YAL041W,2.66848047658641e-07
YHR042W,YDR085C,3.1066279007063713e-06
YHR042W,YPL187W,0.012496093288064003
YHR042W,YPL256C,5.599272651946334e-16
YHR042W,YDR461W,6.37004745840386e-07
YHR042W,YNL145W,3.469823241175618e-06
YPR036W,YDL165W,2.337001753259445e-16
YPR036W,YGR059W,2.7548574621505395e-07
YPR036W,YBR109C,1.4527550717957638e-07
YPR036W,YJL080C,0.0004231973725836724
YPR036W,YCR093W,7.235590828713612e-07
YPR036W,YIL122W,5.234937634668313e-05
YPR036W,YCL029C,1.4691043048742358e-08
YPR036W,YNL173C,0.14909309148788452
YPR036W,YLR452C,2.7257156531845794e-08
YPR036W,YDL160C,1.4777840988244861e-05
YPR036W,YLR229C,2.9590325993922306e-06
YPR036W,YML057W,8.97565143986867e-07
YPR036W,YER149C,0.11036235094070435
YPR036W,YMR305C,4.88326046266252e-12
YPR036W,YLR433C,0.0002893594210036099
YPR036W,YJL073W,3.564580297599207e-10
YPR036W,YGR279C,0.0037403672467917204
YPR036W,YKL190W,0.08663538843393326
YPR036W,YGL089C,0.7077047228813171
YPR036W,YJL019W,5.415815849119099e-06
YPR036W,YJL018W,0.002103507984429598
YPR036W,YNR032C-A,0.014747127890586853
YPR036W,YGL178W,1.1286593881720819e-08
YPR036W,YKL116C,1.2094049720023925e-11
YPR036W,YDL214C,1.1157718304843911e-08
YPR036W,YLR362W,6.263722318600173e-10
YPR036W,YER068W,6.209211278473958e-06
YPR036W,YHR084W,0.031601447612047195
YPR036W,YDR392W,0.01071703340858221
YPR036W,YNL053W,0.00015348524902947247
YPR036W,YGR040W,0.0010832187253981829
YPR036W,YDL216C,0.0005677108420059085
YPR036W,YOL117W,0.006303369998931885
YPR036W,YJR086W,3.0656832628039865e-10
YPR036W,YMR025W,1.6726626199670136e-06
YPR036W,YBR081C,0.000509039789903909
YPR036W,YFL026W,2.3788615521880274e-07
YPR036W,YHL007C,3.511392776545108e-07
YPR036W,YNR044W,5.523705937093837e-08
YPR036W,YNL271C,0.005229630041867495
YPR036W,YDR200C,1.262023147319269e-06
YPR036W,YKL178C,1.3922231367757831e-08
YPR036W,YOR212W,0.0001961381349246949
YPR036W,YOL111C,0.00030772900208830833
YPR036W,YGL032C,1.4156573135970518e-10
YPR036W,YHR005C,5.784499990113545e-07
YPR036W,YDR103W,0.007408475037664175
YPR036W,YJR084W,0.0008605815819464624
YPR036W,YCL032W,0.0011148995254188776
YPR036W,YJL170C,0.0006018276326358318
YPR036W,YDR179C,1.3238098985068891e-11
YPR036W,YBR095C,7.618228892170009e-08
YPR036W,YLL021W,7.63157315120111e-10
YPR036W,YDL159W,1.345335363112099e-07
YPR036W,YNL161W,3.723354893736541e-05
YPR036W,YNL188W,0.05690779164433479
YPR036W,YJL157C,0.009680304676294327
YPR036W,YJL034W,1.0536501006538565e-13
YPR036W,YLR238W,1.8470923225974407e-16
YPR036W,YPR141C,0.00011416657798690721
YPR036W,YNL127W,0.003549381159245968
YPR036W,YCL055W,1.3257399622546018e-08
YPR036W,YPR122W,1.83490868721492e-07
YPR036W,YMR065W,1.5702337350376183e-06
YPR036W,YDR356W,5.1241889204023394e-11
YPR036W,YMR052W,5.379734648158774e-05
YPR036W,YFR008W,1.6745950404128962e-08
YPR036W,YLL043W,3.267618467361899e-06
YPR036W,YMR029C,3.9333132008323446e-05
YPR036W,YJR004C,9.184095262071423e-09
YPR036W,YDL223C,4.3612547384261346e-14
YPR036W,YHR158C,8.425701000618069e-15
YPR036W,YGR238C,0.000469393766252324
YPR036W,YIL015W,0.012415556237101555
YPR036W,YGL173C,1.722396700643003e-05
YPR036W,YDL225W,2.1935806216788478e-05
YPR036W,YLR330W,0.000276027072686702
YPR036W,YBR129C,5.508481137894705e-08
YPR036W,YKR095W-A,0.2020167112350464
YPR036W,YPR075C,2.7096890703459664e-11
YPR036W,YMR198W,0.012049770914018154
YPR036W,YOR127W,0.0008424468105658889
YPR036W,YDR264C,3.651606128585172e-09
YPR036W,YLR110C,1.2268954208138894e-07
YPR036W,YDR379W,4.627671842172276e-06
YPR036W,YDL100C,4.6010551868046895e-14
YPR036W,YHR073W,0.0038901728112250566
YPR036W,YJR090C,4.656359742227778e-09
YPR036W,YOR208W,0.0007237872341647744
YPR036W,YBR040W,6.5609215198492166e-06
YPR036W,YNL279W,3.0669735906485585e-07
YPR036W,YER075C,1.7690165998729412e-10
YPR036W,YCR089W,5.8282449089119837e-08
YPR036W,YCR002C,3.0305462583868348e-09
YPR036W,YJL108C,0.001632900908589363
YPR036W,YBR200W,9.597955319406992e-09
YPR036W,YIL026C,0.010011065751314163
YPR036W,YJR076C,3.679421350932799e-11
YPR036W,YKR031C,4.593612629832933e-06
YPR036W,YPL192C,0.0022090382408350706
YPR036W,YHR107C,1.749536835404797e-07
YPR036W,YIL037C,5.163700279808836e-06
YPR036W,YPL156C,0.18531425297260284
YPR036W,YIL117C,1.5492524596538715e-08
YPR036W,YHR066W,3.8091059195721755e-08
YPR036W,YML085C,3.3669025900628924e-11
YPR036W,YML047C,1.368454949357556e-08
YPR036W,YDR312W,0.00010052047582576051
YPR036W,YFL037W,1.7983546943267648e-11
YPR036W,YDL038C,0.2020167112350464
YPR036W,YDL039C,1.4241757071431493e-06
YPR036W,YCL027W,0.000865125737618655
YPR036W,YML124C,3.042588758717102e-08
YPR036W,YGL053W,8.677964069647714e-05
YPR036W,YMR232W,0.0005063693970441818
YPR036W,YNL298W,0.877850353717804
YPR036W,YGL099W,0.0002556237450335175
YPR036W,YBL016W,0.0017371971625834703
YPR036W,YAL041W,1.2281872159292107e-06
YPR036W,YDR085C,1.5052278001803643e-07
YPR036W,YPL187W,4.237984830979258e-05
YPR036W,YPL256C,0.005244395695626736
YPR036W,YDR461W,7.300648800778742e-14
YPR036W,YNL145W,0.00018554498092271388
YLR385C,YDL165W,7.724732859060168e-05
YLR385C,YGR059W,1.262410228436428e-11
YLR385C,YBR109C,0.0028421946335583925
YLR385C,YJL080C,1.2154046657997242e-07
YLR385C,YCR093W,1.1413767153634069e-10
YLR385C,YIL122W,2.1818637833348475e-05
YLR385C,YCL029C,4.580344638321259e-15
YLR385C,YNL173C,4.848684511671308e-07
YLR385C,YLR452C,0.0009403398726135492
YLR385C,YDL160C,3.938634563382948e-06
YLR385C,YLR229C,7.169204279848041e-16
YLR385C,YML057W,8.9866574626285e-07
YLR385C,YER149C,4.853023938267143e-07
YLR385C,YMR305C,2.097033213743771e-09
YLR385C,YLR433C,5.6409839999105316e-06
YLR385C,YJL073W,6.096373961206325e-10
YLR385C,YGR279C,2.7696152038458877e-09
YLR385C,YKL190W,8.06731925706572e-09
YLR385C,YGL089C,4.2106607907044236e-06
YLR385C,YJL019W,1.0405576352079241e-15
YLR385C,YJL018W,0.005740394350141287
YLR385C,YNR032C-A,0.7578063011169434
YLR385C,YGL178W,5.837001026520738e-06
YLR385C,YKL116C,5.992819933453575e-05
YLR385C,YDL214C,0.8930354714393616
YLR385C,YLR362W,0.0001628647733014077
YLR385C,YER068W,6.990592851252586e-07
YLR385C,YHR084W,2.6466739200259326e-07
YLR385C,YDR392W,1.400970148779379e-07
YLR385C,YNL053W,1.107533301181185e-10
YLR385C,YGR040W,5.686608406385574e-10
YLR385C,YDL216C,0.6217250227928162
YLR385C,YOL117W,2.7147274295202806e-07
YLR385C,YJR086W,1.4132434111857606e-09
YLR385C,YMR025W,1.5903613530099392e-05
YLR385C,YBR081C,2.694097020139452e-06
YLR385C,YFL026W,4.219551819062417e-09
YLR385C,YHL007C,9.985335891471436e-10
YLR385C,YNR044W,0.07315513491630554
YLR385C,YNL271C,4.6024204412853376e-12
YLR385C,YDR200C,0.0020477869547903538
YLR385C,YKL178C,0.0008601532899774611
YLR385C,YOR212W,5.577651673860373e-10
YLR385C,YOL111C,1.034767635617849e-13
YLR385C,YGL032C,1.894341465913385e-07
YLR385C,YHR005C,2.546715904827579e-08
YLR385C,YDR103W,2.93555561803327e-11
YLR385C,YJR084W,5.882991427341722e-09
YLR385C,YCL032W,2.8691891884591314e-07
YLR385C,YJL170C,1.0198478861411786e-07
YLR385C,YDR179C,3.3040674363160605e-11
YLR385C,YBR095C,2.7711346774594858e-05
YLR385C,YLL021W,2.1895617033341162e-14
YLR385C,YDL159W,2.7336118364473805e-06
YLR385C,YNL161W,7.432049720688483e-16
YLR385C,YNL188W,3.680723725807411e-09
YLR385C,YJL157C,0.0018120764289051294
YLR385C,YJL034W,6.088807367632398e-06
YLR385C,YLR238W,6.246033535717288e-06
YLR385C,YPR141C,4.428672184531024e-08
YLR385C,YNL127W,6.492646662081825e-06
YLR385C,YCL055W,1.5201109468399032e-11
YLR385C,YPR122W,9.965068556994083e-07
YLR385C,YMR065W,2.570293144987801e-10
YLR385C,YDR356W,1.6957610662893252e-11
YLR385C,YMR052W,4.376464968203209e-09
YLR385C,YFR008W,0.0003355384978931397
YLR385C,YLL043W,4.131678110752546e-08
YLR385C,YMR029C,0.0004484363307710737
YLR385C,YJR004C,8.926761552174867e-09
YLR385C,YDL223C,5.511208769348741e-07
YLR385C,YHR158C,1.398123977702781e-10
YLR385C,YGR238C,2.015893013499262e-13
YLR385C,YIL015W,0.1716199815273285
YLR385C,YGL173C,5.608890685238066e-09
YLR385C,YDL225W,1.3040608592973513e-09
YLR385C,YLR330W,2.845087776481847e-10
YLR385C,YBR129C,1.3533291109979473e-07
YLR385C,YKR095W-A,0.2020167112350464
YLR385C,YPR075C,0.1240541934967041
YLR385C,YMR198W,0.002096792683005333
YLR385C,YOR127W,6.49044289789528e-15
YLR385C,YDR264C,0.009292538277804852
YLR385C,YLR110C,2.4904153739235824e-10
YLR385C,YDR379W,8.466099643555935e-08
YLR385C,YDL100C,5.1646641824332207e-11
YLR385C,YHR073W,3.052199604169914e-10
YLR385C,YJR090C,2.2082556938585185e-07
YLR385C,YOR208W,0.010502220131456852
YLR385C,YBR040W,0.02685147523880005
YLR385C,YNL279W,3.2668543425984353e-09
YLR385C,YER075C,2.2776910565958097e-11
YLR385C,YCR089W,2.2974974456246855e-07
YLR385C,YCR002C,0.00038878520717844367
YLR385C,YJL108C,2.9556210452176546e-13
YLR385C,YBR200W,2.393090066388215e-11
YLR385C,YIL026C,4.1422261176649045e-09
YLR385C,YJR076C,2.5772273204438534e-08
YLR385C,YKR031C,4.190122854197398e-05
YLR385C,YPL192C,5.107381531588295e-13
YLR385C,YHR107C,4.632114691816014e-09
YLR385C,YIL037C,3.200406384351595e-09
YLR385C,YPL156C,7.0437135946122e-07
YLR385C,YIL117C,0.00028650532476603985
YLR385C,YHR066W,1.695953599778477e-09
YLR385C,YML085C,0.00032562919659540057
YLR385C,YML047C,0.001063522999174893
YLR385C,YDR312W,8.148149710507369e-09
YLR385C,YFL037W,5.076233322576229e-10
YLR385C,YDL038C,0.2020167112350464
YLR385C,YDL039C,0.007603466045111418
YLR385C,YCL027W,2.0456202037166804e-05
YLR385C,YML124C,5.23867385027188e-08
YLR385C,YGL053W,8.230977641687787e-07
YLR385C,YMR232W,5.813997727699416e-09
YLR385C,YNL298W,6.431283321650313e-14
YLR385C,YGL099W,1.3943667997572823e-13
YLR385C,YBL016W,2.456252703401246e-13
YLR385C,YAL041W,5.601068764349293e-08
YLR385C,YDR085C,7.071839558392412e-09
YLR385C,YPL187W,0.0011307692620903254
YLR385C,YPL256C,6.808592800666702e-09
YLR385C,YDR461W,1.1936688792957284e-07
YLR385C,YNL145W,7.717990229139104e-06
YLR086W,YDL165W,5.948025183499794e-09
YLR086W,YGR059W,1.0808177686172371e-09
YLR086W,YBR109C,0.9447211623191833
YLR086W,YJL080C,1.6362453607143834e-05
YLR086W,YCR093W,3.0529030482284725e-05
YLR086W,YIL122W,0.000366266758646816
YLR086W,YCL029C,3.2697922591751194e-08
YLR086W,YNL173C,1.9948338376707397e-05
YLR086W,YLR452C,0.9945014715194702
YLR086W,YDL160C,0.09543285518884659
YLR086W,YLR229C,1.3913567834759194e-13
YLR086W,YML057W,3.222786273959777e-11
YLR086W,YER149C,1.5824676324882603e-07
YLR086W,YMR305C,0.013552786782383919
YLR086W,YLR433C,0.0020207171328365803
YLR086W,YJL073W,4.7782606998225674e-05
YLR086W,YGR279C,2.1326863134163432e-05
YLR086W,YKL190W,3.3329721190966666e-05
YLR086W,YGL089C,0.008543943054974079
YLR086W,YJL019W,3.785292619795655e-06
YLR086W,YJL018W,0.03644566237926483
YLR086W,YNR032C-A,0.011319899931550026
YLR086W,YGL178W,0.014718148857355118
YLR086W,YKL116C,4.953178978084338e-10
YLR086W,YDL214C,0.21066470444202423
YLR086W,YLR362W,0.0001048293779604137
YLR086W,YER068W,3.31149494741112e-05
YLR086W,YHR084W,0.5643909573554993
YLR086W,YDR392W,0.000829941825941205
YLR086W,YNL053W,2.8395348572463064e-11
YLR086W,YGR040W,0.014343244954943657
YLR086W,YDL216C,3.8831145502626896e-05
YLR086W,YOL117W,1.1344991612816102e-09
YLR086W,YJR086W,3.146951348753646e-05
YLR086W,YMR025W,0.04620586335659027
YLR086W,YBR081C,0.00017629691865295172
YLR086W,YFL026W,0.32395562529563904
YLR086W,YHL007C,7.150080136852921e-07
YLR086W,YNR044W,1.1285149412287865e-05
YLR086W,YNL271C,1.175156771893171e-08
YLR086W,YDR200C,3.600557647587266e-07
YLR086W,YKL178C,0.00020408131240401417
YLR086W,YOR212W,9.373925280442563e-08
YLR086W,YOL111C,6.0695533647958655e-06
YLR086W,YGL032C,3.760422941923025e-06
YLR086W,YHR005C,1.2142014384153299e-05
YLR086W,YDR103W,0.0074326456524431705
YLR086W,YJR084W,4.5311278995541215e-07
YLR086W,YCL032W,9.754583516041748e-06
YLR086W,YJL170C,5.34492050618951e-09
YLR086W,YDR179C,5.218947762841708e-07
YLR086W,YBR095C,6.365929584717378e-05
YLR086W,YLL021W,8.612561941845343e-06
YLR086W,YDL159W,1.235201665394925e-07
YLR086W,YNL161W,3.8444954952865373e-07
YLR086W,YNL188W,2.334592075214914e-08
YLR086W,YJL157C,2.4659864266141085e-06
YLR086W,YJL034W,1.2733299570300005e-07
YLR086W,YLR238W,6.384843436535448e-05
YLR086W,YPR141C,2.1922752502234744e-09
YLR086W,YNL127W,0.036128930747509
YLR086W,YCL055W,0.0014730154071003199
YLR086W,YPR122W,4.847254604101181e-05
YLR086W,YMR065W,0.15969261527061462
YLR086W,YDR356W,4.1407631101719744e-07
YLR086W,YMR052W,0.003752858377993107
YLR086W,YFR008W,8.74819534146809e-07
YLR086W,YLL043W,0.02493525668978691
YLR086W,YMR029C,2.187276550102979e-06
YLR086W,YJR004C,7.117584299720647e-11
YLR086W,YDL223C,2.0535563294288295e-07
YLR086W,YHR158C,8.868291843100451e-06
YLR086W,YGR238C,7.150919856258042e-08
YLR086W,YIL015W,0.0009466629708185792
YLR086W,YGL173C,6.072218070585222e-07
YLR086W,YDL225W,0.0032401124481111765
YLR086W,YLR330W,1.8989121031154355e-07
YLR086W,YBR129C,0.9181569814682007
YLR086W,YKR095W-A,0.2020167112350464
YLR086W,YPR075C,6.151444722490851e-06
YLR086W,YMR198W,0.00018927059136331081
YLR086W,YOR127W,4.878178216927154e-08
YLR086W,YDR264C,0.0019059316255152225
YLR086W,YLR110C,0.98438960313797
YLR086W,YDR379W,0.04058334603905678
YLR086W,YDL100C,1.7047332221409306e-05
YLR086W,YHR073W,4.758075183852739e-11
YLR086W,YJR090C,0.0009250547736883163
YLR086W,YOR208W,1.500602820669883e-06
YLR086W,YBR040W,0.0024309521540999413
YLR086W,YNL279W,0.0033395453356206417
YLR086W,YER075C,7.80777220654727e-09
YLR086W,YCR089W,1.4513978669090932e-13
YLR086W,YCR002C,0.0025184936821460724
YLR086W,YJL108C,4.7176705265883356e-05
YLR086W,YBR200W,9.981711984741182e-11
YLR086W,YIL026C,0.006633203011006117
YLR086W,YJR076C,0.00010819606541190296
YLR086W,YKR031C,3.1802647182388455e-09
YLR086W,YPL192C,0.0021379906684160233
YLR086W,YHR107C,4.612215889210347e-06
YLR086W,YIL037C,1.735861928864324e-06
YLR086W,YPL156C,1.1276822988293134e-05
YLR086W,YIL117C,2.0147429558026175e-10
YLR086W,YHR066W,1.0158525043379996e-07
YLR086W,YML085C,0.9095914363861084
YLR086W,YML047C,0.002563272602856159
YLR086W,YDR312W,9.414419110953531e-08
YLR086W,YFL037W,0.026970582082867622
YLR086W,YDL038C,0.2020167112350464
YLR086W,YDL039C,6.281820896791857e-11
YLR086W,YCL027W,0.0011745765805244446
YLR086W,YML124C,0.000690504617523402
YLR086W,YGL053W,0.0024560156743973494
YLR086W,YMR232W,0.42948028445243835
YLR086W,YNL298W,0.006604386959224939
YLR086W,YGL099W,3.734483655648546e-08
YLR086W,YBL016W,7.323291839611556e-08
YLR086W,YAL041W,9.850231208474725e-07
YLR086W,YDR085C,0.004400169476866722
YLR086W,YPL187W,0.6858602166175842
YLR086W,YPL256C,5.937311016168678e-07
YLR086W,YDR461W,2.8366628157527884e-07
YLR086W,YNL145W,1.538967886460796e-08
YJR112W,YDL165W,2.504945417758364e-10
YJR112W,YGR059W,8.319220312635878e-11
YJR112W,YBR109C,7.207802354969317e-08
YJR112W,YJL080C,7.003578083144071e-14
YJR112W,YCR093W,6.521476336729393e-08
YJR112W,YIL122W,0.001530219684354961
YJR112W,YCL029C,1.7914519694073316e-12
YJR112W,YNL173C,9.225770190823823e-05
YJR112W,YLR452C,2.236246327003144e-10
YJR112W,YDL160C,8.851431957182521e-13
YJR112W,YLR229C,9.17588568299097e-16
YJR112W,YML057W,1.6461621044072672e-07
YJR112W,YER149C,2.3215084021810384e-10
YJR112W,YMR305C,9.9320532171987e-06
YJR112W,YLR433C,4.94101648484957e-10
YJR112W,YJL073W,3.786890333320333e-18
YJR112W,YGR279C,3.6626901511738197e-09
YJR112W,YKL190W,3.1570730243402068e-06
YJR112W,YGL089C,9.165196388494223e-06
YJR112W,YJL019W,5.4708473307130134e-09
YJR112W,YJL018W,0.0005474169156514108
YJR112W,YNR032C-A,0.002675857627764344
YJR112W,YGL178W,7.202312080067941e-10
YJR112W,YKL116C,2.368715513512143e-06
YJR112W,YDL214C,1.1517095610535932e-10
YJR112W,YLR362W,1.4888772159604713e-10
YJR112W,YER068W,9.283686597250096e-10
YJR112W,YHR084W,1.9751493112796325e-17
YJR112W,YDR392W,2.911444696440668e-11
YJR112W,YNL053W,0.01162930391728878
YJR112W,YGR040W,1.3058983228120269e-08
YJR112W,YDL216C,8.152067493938375e-06
YJR112W,YOL117W,8.21417864282914e-11
YJR112W,YJR086W,5.41027188327714e-11
YJR112W,YMR025W,5.975198291707784e-06
YJR112W,YBR081C,0.24228423833847046
YJR112W,YFL026W,9.871187200971576e-10
YJR112W,YHL007C,2.159290801717617e-10
YJR112W,YNR044W,4.627008776125763e-10
YJR112W,YNL271C,1.720813595784687e-11
YJR112W,YDR200C,1.2368754566567663e-13
YJR112W,YKL178C,5.234393029240891e-06
YJR112W,YOR212W,3.2645679779244596e-13
YJR112W,YOL111C,2.3862829490184367e-09
YJR112W,YGL032C,5.100813723402098e-05
YJR112W,YHR005C,7.222706699394621e-08
YJR112W,YDR103W,4.4991813052952523e-10
YJR112W,YJR084W,8.830552400418412e-10
YJR112W,YCL032W,2.031258191162455e-13
YJR112W,YJL170C,2.5716306026879465e-06
YJR112W,YDR179C,0.0015783439157530665
YJR112W,YBR095C,5.163711875866284e-07
YJR112W,YLL021W,5.910899147920645e-08
YJR112W,YDL159W,0.01565922424197197
YJR112W,YNL161W,0.0001436668389942497
YJR112W,YNL188W,1.188457969189538e-12
YJR112W,YJL157C,1.0697130386480092e-15
YJR112W,YJL034W,3.4774820800720363e-09
YJR112W,YLR238W,6.277757827466424e-12
YJR112W,YPR141C,2.8816709018997244e-08
YJR112W,YNL127W,5.323100538134895e-08
YJR112W,YCL055W,2.351004013689817e-06
YJR112W,YPR122W,0.0037003764882683754
YJR112W,YMR065W,2.9952389013487846e-07
YJR112W,YDR356W,3.1219838092511054e-07
YJR112W,YMR052W,0.00029780142358504236
YJR112W,YFR008W,2.3647306335305984e-08
YJR112W,YLL043W,6.007568770691937e-19
YJR112W,YMR029C,1.8044234162406525e-10
YJR112W,YJR004C,1.4498277558160858e-15
YJR112W,YDL223C,2.116224079654061e-12
YJR112W,YHR158C,3.361418805525318e-07
YJR112W,YGR238C,9.116687960109005e-10
YJR112W,YIL015W,4.642385829356499e-05
YJR112W,YGL173C,4.51721247755367e-14
YJR112W,YDL225W,8.853350492102008e-18
YJR112W,YLR330W,6.483181352878731e-11
YJR112W,YBR129C,7.450135647291134e-11
YJR112W,YKR095W-A,0.2020167112350464
YJR112W,YPR075C,7.736361551380355e-10
YJR112W,YMR198W,0.30754512548446655
YJR112W,YOR127W,5.296900630380507e-15
YJR112W,YDR264C,1.0224928542745815e-11
YJR112W,YLR110C,3.714491159101385e-09
YJR112W,YDR379W,2.9958584946143674e-07
YJR112W,YDL100C,1.4126868078112587e-11
YJR112W,YHR073W,1.983264796151258e-14
YJR112W,YJR090C,3.426159082664526e-06
YJR112W,YOR208W,1.994386253367786e-11
YJR112W,YBR040W,3.704305129303975e-08
YJR112W,YNL279W,6.920412829458655e-07
YJR112W,YER075C,2.4582831430197682e-12
YJR112W,YCR089W,0.006652049720287323
YJR112W,YCR002C,1.89712272067371e-16
YJR112W,YJL108C,5.040501127950847e-05
YJR112W,YBR200W,1.522902159933892e-08
YJR112W,YIL026C,0.0001530914887553081
YJR112W,YJR076C,9.84246885382678e-12
YJR112W,YKR031C,2.9664949607877134e-08
YJR112W,YPL192C,0.033609647303819656
YJR112W,YHR107C,5.812159429297026e-07
YJR112W,YIL037C,0.002037462079897523
YJR112W,YPL156C,0.017421362921595573
YJR112W,YIL117C,4.438786405103201e-08
YJR112W,YHR066W,1.8515085298265177e-12
YJR112W,YML085C,1.1764234140134084e-16
YJR112W,YML047C,0.001862329081632197
YJR112W,YDR312W,3.4975325746700037e-08
YJR112W,YFL037W,7.306792948469365e-10
YJR112W,YDL038C,0.2020167112350464
YJR112W,YDL039C,1.480595468450474e-08
YJR112W,YCL027W,3.982497387422512e-10
YJR112W,YML124C,3.763375656456982e-17
YJR112W,YGL053W,9.551440584634752e-13
YJR112W,YMR232W,1.8253077938013007e-09
YJR112W,YNL298W,0.1429971307516098
YJR112W,YGL099W,2.538380969819812e-22
YJR112W,YBL016W,3.793443337229974e-09
YJR112W,YAL041W,1.7990624268104938e-10
YJR112W,YDR085C,2.6845921752283175e-07
YJR112W,YPL187W,4.259019078745041e-06
YJR112W,YPL256C,1.554896211786172e-10
YJR112W,YDR461W,6.236149374672095e-07
YJR112W,YNL145W,7.616267794219311e-08
YLR277C,YDL165W,0.39031341671943665
YLR277C,YGR059W,2.590668304880417e-11
YLR277C,YBR109C,0.05006043240427971
YLR277C,YJL080C,0.0002078932011500001
YLR277C,YCR093W,0.0026474797632545233
YLR277C,YIL122W,0.008949619717895985
YLR277C,YCL029C,1.4675903547978209e-10
YLR277C,YNL173C,0.00031049089739099145
YLR277C,YLR452C,0.0015911933733150363
YLR277C,YDL160C,0.6939839720726013
YLR277C,YLR229C,2.8401728968674433e-08
YLR277C,YML057W,4.066075784175862e-17
YLR277C,YER149C,3.004049176524859e-05
YLR277C,YMR305C,3.1015006243251264e-06
YLR277C,YLR433C,0.040922630578279495
YLR277C,YJL073W,1.7466035562296867e-10
YLR277C,YGR279C,0.00015098981384653598
YLR277C,YKL190W,0.1178777888417244
YLR277C,YGL089C,0.05041259899735451
YLR277C,YJL019W,0.08587555587291718
YLR277C,YJL018W,0.005560899153351784
YLR277C,YNR032C-A,0.09325823187828064
YLR277C,YGL178W,3.1269371536524204e-09
YLR277C,YKL116C,3.562344943475182e-07
YLR277C,YDL214C,4.4534402832141495e-07
YLR277C,YLR362W,7.800562116244691e-07
YLR277C,YER068W,5.282146275931154e-09
YLR277C,YHR084W,0.0107252923771739
YLR277C,YDR392W,0.0002094335068250075
YLR277C,YNL053W,0.0095300218090415
YLR277C,YGR040W,0.03272312879562378
YLR277C,YDL216C,2.909593455058257e-09
YLR277C,YOL117W,5.842176964421242e-09
YLR277C,YJR086W,0.001140159904025495
YLR277C,YMR025W,0.0007768010254949331
YLR277C,YBR081C,0.9983968138694763
YLR277C,YFL026W,2.6319085009163246e-05
YLR277C,YHL007C,9.335120921605267e-06
YLR277C,YNR044W,0.5140635967254639
YLR277C,YNL271C,0.9938967823982239
YLR277C,YDR200C,6.948964426101156e-08
YLR277C,YKL178C,2.663653140189126e-05
YLR277C,YOR212W,0.1595981866121292
YLR277C,YOL111C,1.990628634152003e-10
YLR277C,YGL032C,4.666646624684745e-09
YLR277C,YHR005C,0.11988134682178497
YLR277C,YDR103W,0.0010798419825732708
YLR277C,YJR084W,1.94758751348445e-08
YLR277C,YCL032W,2.6374764274805784e-05
YLR277C,YJL170C,0.9998490810394287
YLR277C,YDR179C,1.1856243729304293e-14
YLR277C,YBR095C,0.00017281410691794008
YLR277C,YLL021W,0.36575210094451904
YLR277C,YDL159W,5.061508545622928e-06
YLR277C,YNL161W,0.02932438999414444
YLR277C,YNL188W,0.00021660496713593602
YLR277C,YJL157C,3.977801497967448e-06
YLR277C,YJL034W,1.6878634045980334e-09
YLR277C,YLR238W,1.144004269093557e-08
YLR277C,YPR141C,0.9961835741996765
YLR277C,YNL127W,1.982463221361641e-10
YLR277C,YCL055W,0.0006823361036367714
YLR277C,YPR122W,2.730476822421224e-08
YLR277C,YMR065W,0.005350092425942421
YLR277C,YDR356W,3.5895420751330676e-06
YLR277C,YMR052W,0.00010456630843691528
YLR277C,YFR008W,1.912501268463984e-09
YLR277C,YLL043W,3.4985830899003645e-10
YLR277C,YMR029C,0.671981692314148
YLR277C,YJR004C,1.8822005642959994e-07
YLR277C,YDL223C,1.3837755833383282e-19
YLR277C,YHR158C,0.3242907226085663
YLR277C,YGR238C,5.156189711308379e-11
YLR277C,YIL015W,0.9995290040969849
YLR277C,YGL173C,0.8414999842643738
YLR277C,YDL225W,0.0020672548562288284
YLR277C,YLR330W,1.930249293735642e-09
YLR277C,YBR129C,0.8973186016082764
YLR277C,YKR095W-A,0.2020167112350464
YLR277C,YPR075C,9.343992288626032e-15
YLR277C,YMR198W,0.9900977611541748
YLR277C,YOR127W,1.161929219506419e-07
YLR277C,YDR264C,0.8140744566917419
YLR277C,YLR110C,7.4035729085153434e-06
YLR277C,YDR379W,0.0016033487627282739
YLR277C,YDL100C,0.13832536339759827
YLR277C,YHR073W,2.981633042509202e-05
YLR277C,YJR090C,5.208535731071606e-05
YLR277C,YOR208W,3.030937656346884e-14
YLR277C,YBR040W,0.9885343909263611
YLR277C,YNL279W,0.7943316698074341
YLR277C,YER075C,5.15973188157659e-05
YLR277C,YCR089W,0.0015430937055498362
YLR277C,YCR002C,4.786815225088503e-06
YLR277C,YJL108C,1.5456904293387197e-05
YLR277C,YBR200W,5.316126770564533e-13
YLR277C,YIL026C,0.0006821361603215337
YLR277C,YJR076C,0.017171710729599
YLR277C,YKR031C,1.4245022050829448e-08
YLR277C,YPL192C,0.3827064037322998
YLR277C,YHR107C,1.7843998648459092e-05
YLR277C,YIL037C,0.09464064240455627
YLR277C,YPL156C,4.001925390184624e-06
YLR277C,YIL117C,6.767023573439612e-12
YLR277C,YHR066W,1.5593369928623702e-09
YLR277C,YML085C,0.08842700719833374
YLR277C,YML047C,0.2507389485836029
YLR277C,YDR312W,0.6534460186958313
YLR277C,YFL037W,0.012710520066320896
YLR277C,YDL038C,0.2020167112350464
YLR277C,YDL039C,6.8172384866651e-19
YLR277C,YCL027W,0.00019673563656397164
YLR277C,YML124C,1.6370037547730476e-09
YLR277C,YGL053W,0.00038301292806863785
YLR277C,YMR232W,2.6282441112357446e-08
YLR277C,YNL298W,0.9525161981582642
YLR277C,YGL099W,3.3793117637515024e-08
YLR277C,YBL016W,7.139041690706199e-14
YLR277C,YAL041W,1.1755638297472615e-05
YLR277C,YDR085C,0.03222862258553505
YLR277C,YPL187W,0.14365197718143463
YLR277C,YPL256C,0.01911211386322975
YLR277C,YDR461W,3.232678125186794e-08
YLR277C,YNL145W,4.05488435717416e-07
YLR396C,YDL165W,2.346129076613579e-05
YLR396C,YGR059W,0.013625167310237885
YLR396C,YBR109C,0.00010711438517319039
YLR396C,YJL080C,6.165257673274027e-06
YLR396C,YCR093W,0.05073729157447815
YLR396C,YIL122W,0.005402268376201391
YLR396C,YCL029C,3.907758117094318e-09
YLR396C,YNL173C,0.08539905399084091
YLR396C,YLR452C,6.162361643191616e-08
YLR396C,YDL160C,0.8463431596755981
YLR396C,YLR229C,2.303891960764304e-06
YLR396C,YML057W,2.5286508442690092e-09
YLR396C,YER149C,0.18962199985980988
YLR396C,YMR305C,6.265209862021948e-08
YLR396C,YLR433C,0.21957801282405853
YLR396C,YJL073W,1.0256205769110238e-06
YLR396C,YGR279C,1.0912561002399124e-12
YLR396C,YKL190W,0.0033471432980149984
YLR396C,YGL089C,0.7230475544929504
YLR396C,YJL019W,0.00014435508637689054
YLR396C,YJL018W,0.0002884587156586349
YLR396C,YNR032C-A,0.021834008395671844
YLR396C,YGL178W,3.346624311006963e-08
YLR396C,YKL116C,4.116687199462454e-11
YLR396C,YDL214C,3.783001147894538e-07
YLR396C,YLR362W,1.8745121015302513e-13
YLR396C,YER068W,3.1011815337933513e-10
YLR396C,YHR084W,0.0008014945778995752
YLR396C,YDR392W,0.06494512408971786
YLR396C,YNL053W,0.007517718244343996
YLR396C,YGR040W,0.003963305149227381
YLR396C,YDL216C,0.00016948184929788113
YLR396C,YOL117W,1.071078115089108e-09
YLR396C,YJR086W,0.37784963846206665
YLR396C,YMR025W,1.837554736994207e-05
YLR396C,YBR081C,0.053184352815151215
YLR396C,YFL026W,3.968047224134352e-09
YLR396C,YHL007C,0.0034040759783238173
YLR396C,YNR044W,0.5138761401176453
YLR396C,YNL271C,0.0007757882704026997
YLR396C,YDR200C,3.150560587528162e-05
YLR396C,YKL178C,4.28834701082792e-09
YLR396C,YOR212W,0.03551210090517998
YLR396C,YOL111C,0.0209353007376194
YLR396C,YGL032C,0.23998183012008667
YLR396C,YHR005C,0.0003613376466091722
YLR396C,YDR103W,0.0003672720049507916
YLR396C,YJR084W,0.012706954032182693
YLR396C,YCL032W,0.9933203458786011
YLR396C,YJL170C,0.00563403032720089
YLR396C,YDR179C,4.641971529384392e-11
YLR396C,YBR095C,1.6361704183509573e-05
YLR396C,YLL021W,0.0005233756965026259
YLR396C,YDL159W,4.738456027553184e-08
YLR396C,YNL161W,0.027014432474970818
YLR396C,YNL188W,1.2189757399028167e-05
YLR396C,YJL157C,1.0407369472886785e-06
YLR396C,YJL034W,0.10125875473022461
YLR396C,YLR238W,1.3007277033239006e-08
YLR396C,YPR141C,0.00048671613330952823
YLR396C,YNL127W,0.000457779155112803
YLR396C,YCL055W,3.5765944517152093e-07
YLR396C,YPR122W,2.0939033618105896e-07
YLR396C,YMR065W,0.03386782109737396
YLR396C,YDR356W,5.853300066860356e-08
YLR396C,YMR052W,0.9360467791557312
YLR396C,YFR008W,1.1095630725321826e-06
YLR396C,YLL043W,0.0030804278794676065
YLR396C,YMR029C,0.012121397070586681
YLR396C,YJR004C,5.284025300644757e-11
YLR396C,YDL223C,3.6527724103102305e-15
YLR396C,YHR158C,0.004255625419318676
YLR396C,YGR238C,1.617595624505211e-13
YLR396C,YIL015W,0.0004376167489681393
YLR396C,YGL173C,0.985024094581604
YLR396C,YDL225W,0.0018677135230973363
YLR396C,YLR330W,1.4852327694825362e-05
YLR396C,YBR129C,0.8948807120323181
YLR396C,YKR095W-A,0.2020167112350464
YLR396C,YPR075C,6.272955932473678e-09
YLR396C,YMR198W,0.04758669063448906
YLR396C,YOR127W,0.002630419097840786
YLR396C,YDR264C,0.9252796769142151
YLR396C,YLR110C,0.0007361489115282893
YLR396C,YDR379W,6.585009373338835e-07
YLR396C,YDL100C,0.8056718111038208
YLR396C,YHR073W,0.00574712036177516
YLR396C,YJR090C,0.002765652723610401
YLR396C,YOR208W,3.907050238893817e-09
YLR396C,YBR040W,0.001407087780535221
YLR396C,YNL279W,1.1585108268263866e-06
YLR396C,YER075C,0.014396043494343758
YLR396C,YCR089W,1.4009756688082575e-09
YLR396C,YCR002C,0.9999979734420776
YLR396C,YJL108C,0.009886210784316063
YLR396C,YBR200W,6.564843625004137e-16
YLR396C,YIL026C,0.0001175383004010655
YLR396C,YJR076C,0.0001279281423194334
YLR396C,YKR031C,0.0035561821423470974
YLR396C,YPL192C,0.0003130763361696154
YLR396C,YHR107C,3.1097258101908665e-08
YLR396C,YIL037C,0.004979715216904879
YLR396C,YPL156C,1.9104096082855904e-08
YLR396C,YIL117C,7.456492312485352e-07
YLR396C,YHR066W,3.6648337142786147e-10
YLR396C,YML085C,1.1708067177096382e-05
YLR396C,YML047C,8.293056907859864e-09
YLR396C,YDR312W,0.06146007403731346
YLR396C,YFL037W,0.022846367210149765
YLR396C,YDL038C,0.2020167112350464
YLR396C,YDL039C,7.166139426653673e-13
YLR396C,YCL027W,1.1362914847268257e-05
YLR396C,YML124C,9.308283921427574e-09
YLR396C,YGL053W,6.026981136386667e-10
YLR396C,YMR232W,2.149635136561301e-09
YLR396C,YNL298W,7.905173404765264e-09
YLR396C,YGL099W,4.8793875606634174e-08
YLR396C,YBL016W,0.0007244300795719028
YLR396C,YAL041W,0.001814254792407155
YLR396C,YDR085C,2.9032723447564024e-10
YLR396C,YPL187W,0.0003630812279880047
YLR396C,YPL256C,1.947211103470181e-07
YLR396C,YDR461W,2.064687087965922e-09
YLR396C,YNL145W,1.1409636613279872e-07
Q0045,YDL165W,0.09424225240945816
Q0045,YGR059W,6.374403892550617e-05
Q0045,YBR109C,0.004325665533542633
Q0045,YJL080C,0.0036331394221633673
Q0045,YCR093W,0.004364217631518841
Q0045,YIL122W,2.2899950636201538e-05
Q0045,YCL029C,0.0007331486558541656
Q0045,YNL173C,0.0001360092282993719
Q0045,YLR452C,0.06025489792227745
Q0045,YDL160C,0.02079416997730732
Q0045,YLR229C,8.773987792665139e-05
Q0045,YML057W,0.0010241843992844224
Q0045,YER149C,0.09931290149688721
Q0045,YMR305C,0.000885410001501441
Q0045,YLR433C,0.0013734775129705667
Q0045,YJL073W,0.001759708160534501
Q0045,YGR279C,0.004397608805447817
Q0045,YKL190W,0.003574785077944398
Q0045,YGL089C,0.005320526659488678
Q0045,YJL019W,0.04601272568106651
Q0045,YJL018W,0.2020167112350464
Q0045,YNR032C-A,0.00013828401279170066
Q0045,YGL178W,0.0018532657995820045
Q0045,YKL116C,0.00012625382805708796
Q0045,YDL214C,0.027973301708698273
Q0045,YLR362W,0.0001909449347294867
Q0045,YER068W,0.008550246246159077
Q0045,YHR084W,0.002770267426967621
Q0045,YDR392W,0.006426403298974037
Q0045,YNL053W,0.08734273910522461
Q0045,YGR040W,0.005100094247609377
Q0045,YDL216C,0.00013527148985303938
Q0045,YOL117W,0.001283210120163858
Q0045,YJR086W,0.2020167112350464
Q0045,YMR025W,0.0015129080275073647
Q0045,YBR081C,0.004864200949668884
Q0045,YFL026W,0.10353375226259232
Q0045,YHL007C,6.837962428107858e-05
Q0045,YNR044W,0.0005164755275472999
Q0045,YNL271C,0.006210417952388525
Q0045,YDR200C,0.006181666627526283
Q0045,YKL178C,0.03339799866080284
Q0045,YOR212W,0.030758095905184746
Q0045,YOL111C,0.0010006374213844538
Q0045,YGL032C,0.01016512792557478
Q0045,YHR005C,0.003206819761544466
Q0045,YDR103W,0.0034848644863814116
Q0045,YJR084W,0.0002903329732362181
Q0045,YCL032W,0.029337940737605095
Q0045,YJL170C,0.1815144568681717
Q0045,YDR179C,0.06775176525115967
Q0045,YBR095C,0.00430992990732193
Q0045,YLL021W,0.00019181810785084963
Q0045,YDL159W,0.00027381902327761054
Q0045,YNL161W,0.0002760186616797
Q0045,YNL188W,0.02364947646856308
Q0045,YJL157C,0.001928279409185052
Q0045,YJL034W,0.002077382057905197
Q0045,YLR238W,0.008018317632377148
Q0045,YPR141C,0.02127600461244583
Q0045,YNL127W,0.00018707664276007563
Q0045,YCL055W,0.16570697724819183
Q0045,YPR122W,0.0010849889367818832
Q0045,YMR065W,0.0003233190218452364
Q0045,YDR356W,0.0008523489814251661
Q0045,YMR052W,0.00044024980161339045
Q0045,YFR008W,0.00010973469034070149
Q0045,YLL043W,0.004615590441972017
Q0045,YMR029C,0.09893342852592468
Q0045,YJR004C,0.0005172909586690366
Q0045,YDL223C,0.00011906399595318362
Q0045,YHR158C,0.00015913526294752955
Q0045,YGR238C,8.10713172541e-05
Q0045,YIL015W,0.18630670011043549
Q0045,YGL173C,0.06883156299591064
Q0045,YDL225W,0.034115348011255264
Q0045,YLR330W,7.640104013262317e-05
Q0045,YBR129C,0.0001262202422367409
Q0045,YKR095W-A,0.2020167112350464
Q0045,YPR075C,1.8438439610690693e-06
Q0045,YMR198W,0.012104240246117115
Q0045,YOR127W,0.00017142420983873308
Q0045,YDR264C,0.0006180600612424314
Q0045,YLR110C,0.011342410929501057
Q0045,YDR379W,0.000618010584730655
Q0045,YDL100C,0.0021450184285640717
Q0045,YHR073W,2.1176907466724515e-05
Q0045,YJR090C,0.0002804247778840363
Q0045,YOR208W,0.0005563017330132425
Q0045,YBR040W,0.2020167112350464
Q0045,YNL279W,0.0003591927816160023
Q0045,YER075C,0.026532772928476334
Q0045,YCR089W,0.00013268200564198196
Q0045,YCR002C,0.0013852694537490606
Q0045,YJL108C,3.892197855748236e-05
Q0045,YBR200W,0.0006593295838683844
Q0045,YIL026C,0.0015724531840533018
Q0045,YJR076C,0.0005330725689418614
Q0045,YKR031C,0.001510288449935615
Q0045,YPL192C,0.2020167112350464
Q0045,YHR107C,0.07892978936433792
Q0045,YIL037C,0.10789180546998978
Q0045,YPL156C,0.0015582749620079994
Q0045,YIL117C,0.00024583993945270777
Q0045,YHR066W,0.0003560526529327035
Q0045,YML085C,0.003315781941637397
Q0045,YML047C,7.06445935065858e-05
Q0045,YDR312W,0.00033758123754523695
Q0045,YFL037W,6.881686567794532e-05
Q0045,YDL038C,0.2020167112350464
Q0045,YDL039C,0.0036731266882270575
Q0045,YCL027W,2.145718281099107e-05
Q0045,YML124C,0.0009462490561418235
Q0045,YGL053W,0.00016147248970810324
Q0045,YMR232W,0.021404670551419258
Q0045,YNL298W,0.0018448111368343234
Q0045,YGL099W,4.3737330997828394e-05
Q0045,YBL016W,0.00033604606869630516
Q0045,YAL041W,0.00043928457307629287
Q0045,YDR085C,2.6105932192876935e-05
Q0045,YPL187W,0.2020167112350464
Q0045,YPL256C,0.0008427547290921211
Q0045,YDR461W,0.001315131550654769
Q0045,YNL145W,0.003565574064850807
YIL090W,YDL165W,1.8106089783032076e-07
YIL090W,YGR059W,1.995126126530522e-07
YIL090W,YBR109C,8.611777069233995e-09
YIL090W,YJL080C,2.0392018740267304e-08
YIL090W,YCR093W,0.005320379976183176
YIL090W,YIL122W,3.3930746667215628e-12
YIL090W,YCL029C,3.748697796623901e-09
YIL090W,YNL173C,1.287720920117863e-06
YIL090W,YLR452C,2.221441263827728e-06
YIL090W,YDL160C,4.873091370427574e-07
YIL090W,YLR229C,0.9257267117500305
YIL090W,YML057W,4.002818513981765e-06
YIL090W,YER149C,1.0248251136601993e-09
YIL090W,YMR305C,1.5016391898825532e-06
YIL090W,YLR433C,4.056774741911795e-06
YIL090W,YJL073W,2.5242430368166424e-08
YIL090W,YGR279C,2.762293649025138e-12
YIL090W,YKL190W,2.047350911027479e-08
YIL090W,YGL089C,0.003921022173017263
YIL090W,YJL019W,8.110587201848318e-11
YIL090W,YJL018W,0.03343288227915764
YIL090W,YNR032C-A,0.9996802806854248
YIL090W,YGL178W,1.1947120981403714e-07
YIL090W,YKL116C,8.687796253070701e-06
YIL090W,YDL214C,1.991819331692568e-08
YIL090W,YLR362W,5.377427019295777e-13
YIL090W,YER068W,1.5017050103427465e-11
YIL090W,YHR084W,2.243451035610633e-06
YIL090W,YDR392W,8.156854081065035e-10
YIL090W,YNL053W,5.0869584100610155e-08
YIL090W,YGR040W,0.0015193572035059333
YIL090W,YDL216C,3.8416812458308414e-05
YIL090W,YOL117W,2.5251396459924358e-11
YIL090W,YJR086W,3.500867080674652e-07
YIL090W,YMR025W,5.6366594947121484e-08
YIL090W,YBR081C,0.0004093660390935838
YIL090W,YFL026W,7.783090616442223e-09
YIL090W,YHL007C,9.856667020358145e-07
YIL090W,YNR044W,5.8297793259498576e-08
YIL090W,YNL271C,4.771587782670395e-07
YIL090W,YDR200C,3.727795502839193e-11
YIL090W,YKL178C,1.0521687272557756e-06
YIL090W,YOR212W,8.760754099057522e-06
YIL090W,YOL111C,1.606005404549063e-17
YIL090W,YGL032C,3.074282162174313e-08
YIL090W,YHR005C,7.134693191801489e-08
YIL090W,YDR103W,3.2816592465678696e-06
YIL090W,YJR084W,0.03218695521354675
YIL090W,YCL032W,1.4128769265653318e-09
YIL090W,YJL170C,2.691380132091581e-06
YIL090W,YDR179C,5.8297438954468817e-05
YIL090W,YBR095C,4.643665452164214e-10
YIL090W,YLL021W,4.8799138312460855e-06
YIL090W,YDL159W,5.6114637242421495e-11
YIL090W,YNL161W,2.489499593139044e-07
YIL090W,YNL188W,8.14125584724934e-08
YIL090W,YJL157C,3.4907399193429e-09
YIL090W,YJL034W,4.399493263917975e-05
YIL090W,YLR238W,1.5756986613268964e-06
YIL090W,YPR141C,3.682404496885283e-07
YIL090W,YNL127W,0.005476090125739574
YIL090W,YCL055W,1.273414113711624e-06
YIL090W,YPR122W,2.314188805030426e-06
YIL090W,YMR065W,5.09352003064123e-06
YIL090W,YDR356W,7.257193601617473e-07
YIL090W,YMR052W,0.02698751725256443
YIL090W,YFR008W,7.035423976731181e-08
YIL090W,YLL043W,2.994415353896329e-06
YIL090W,YMR029C,9.191669127217583e-12
YIL090W,YJR004C,5.553749815589981e-08
YIL090W,YDL223C,3.344340768762777e-07
YIL090W,YHR158C,2.040791287072352e-06
YIL090W,YGR238C,7.048006955301389e-05
YIL090W,YIL015W,1.568451098166168e-11
YIL090W,YGL173C,5.053429504187079e-06
YIL090W,YDL225W,7.700616810879524e-10
YIL090W,YLR330W,6.338234381786378e-10
YIL090W,YBR129C,5.106673128807415e-08
YIL090W,YKR095W-A,0.2020167112350464
YIL090W,YPR075C,1.6071435737785578e-08
YIL090W,YMR198W,2.678779247033969e-11
YIL090W,YOR127W,0.00045010875328443944
YIL090W,YDR264C,2.6714224077295512e-05
YIL090W,YLR110C,0.029475651681423187
YIL090W,YDR379W,8.820998619041287e-12
YIL090W,YDL100C,1.636276323324637e-07
YIL090W,YHR073W,9.493326797382906e-05
YIL090W,YJR090C,8.805949747170416e-09
YIL090W,YOR208W,7.588796813173815e-10
YIL090W,YBR040W,1.8919872335487753e-09
YIL090W,YNL279W,0.00400684354826808
YIL090W,YER075C,0.052629876881837845
YIL090W,YCR089W,6.59130237181671e-05
YIL090W,YCR002C,0.002306233160197735
YIL090W,YJL108C,0.992743968963623
YIL090W,YBR200W,4.880388315697815e-10
YIL090W,YIL026C,3.829860872883728e-08
YIL090W,YJR076C,1.7774602383724414e-05
YIL090W,YKR031C,0.5112572312355042
YIL090W,YPL192C,0.012977493926882744
YIL090W,YHR107C,2.6566750577217135e-08
YIL090W,YIL037C,8.883669799786276e-09
YIL090W,YPL156C,1.4581275742386879e-08
YIL090W,YIL117C,4.504735866867327e-18
YIL090W,YHR066W,5.583251420795713e-17
YIL090W,YML085C,8.422933357732365e-12
YIL090W,YML047C,0.08808714896440506
YIL090W,YDR312W,8.116541749814132e-08
YIL090W,YFL037W,1.535598204149835e-09
YIL090W,YDL038C,0.2020167112350464
YIL090W,YDL039C,7.279619040900798e-08
YIL090W,YCL027W,6.635769977947348e-07
YIL090W,YML124C,6.635423051193357e-05
YIL090W,YGL053W,1.6937963686247844e-14
YIL090W,YMR232W,1.4228287170681142e-07
YIL090W,YNL298W,2.444913320687192e-07
YIL090W,YGL099W,1.7191617018852412e-07
YIL090W,YBL016W,6.045776501650835e-08
YIL090W,YAL041W,0.003990670666098595
YIL090W,YDR085C,5.568873806538477e-09
YIL090W,YPL187W,1.5725096091045998e-05
YIL090W,YPL256C,2.2009163588854186e-11
YIL090W,YDR461W,2.232415681646671e-05
YIL090W,YNL145W,6.810124296083298e-13
YNL002C,YDL165W,1.3666640281755852e-14
YNL002C,YGR059W,3.784584191174334e-12
YNL002C,YBR109C,1.5502919836762885e-07
YNL002C,YJL080C,4.0517814797746965e-11
YNL002C,YCR093W,0.02087298594415188
YNL002C,YIL122W,1.9078042896580882e-06
YNL002C,YCL029C,2.3360405623784608e-11
YNL002C,YNL173C,3.0819649055047194e-07
YNL002C,YLR452C,0.03889879956841469
YNL002C,YDL160C,1.2970122043043375e-07
YNL002C,YLR229C,9.262912485652475e-12
YNL002C,YML057W,2.567955731976869e-25
YNL002C,YER149C,6.8066500379842035e-15
YNL002C,YMR305C,5.395316138301354e-12
YNL002C,YLR433C,1.0768201651537024e-12
YNL002C,YJL073W,4.12206683716998e-12
YNL002C,YGR279C,2.0422052039446112e-17
YNL002C,YKL190W,1.884118860928652e-09
YNL002C,YGL089C,0.09822966903448105
YNL002C,YJL019W,9.82040782027127e-10
YNL002C,YJL018W,9.846773173194379e-05
YNL002C,YNR032C-A,0.007203756365925074
YNL002C,YGL178W,5.0660087254073005e-06
YNL002C,YKL116C,1.1586013114075859e-14
YNL002C,YDL214C,4.697692929767072e-05
YNL002C,YLR362W,8.983120508305326e-14
YNL002C,YER068W,1.130125723905473e-13
YNL002C,YHR084W,3.321994762606195e-11
YNL002C,YDR392W,5.1242742687973575e-12
YNL002C,YNL053W,5.243587679615302e-07
YNL002C,YGR040W,1.4373431915168378e-12
YNL002C,YDL216C,5.479467745317379e-06
YNL002C,YOL117W,1.81023707308825e-12
YNL002C,YJR086W,1.7601485069462797e-06
YNL002C,YMR025W,0.0001471987197874114
YNL002C,YBR081C,5.831901216879487e-05
YNL002C,YFL026W,0.006623896304517984
YNL002C,YHL007C,1.4968735073065537e-13
YNL002C,YNR044W,3.085153466031443e-09
YNL002C,YNL271C,7.613339752255402e-18
YNL002C,YDR200C,1.1568147749924e-18
YNL002C,YKL178C,0.005610461812466383
YNL002C,YOR212W,8.356874173818618e-16
YNL002C,YOL111C,4.34249580738566e-10
YNL002C,YGL032C,4.578943890720666e-09
YNL002C,YHR005C,0.4481825530529022
YNL002C,YDR103W,4.3232044937761664e-15
YNL002C,YJR084W,1.671583184370551e-11
YNL002C,YCL032W,1.1971585181513866e-11
YNL002C,YJL170C,0.9937686920166016
YNL002C,YDR179C,4.635245932149701e-05
YNL002C,YBR095C,1.1671138508972945e-06
YNL002C,YLL021W,5.962886007182533e-08
YNL002C,YDL159W,1.6825380064894313e-12
YNL002C,YNL161W,6.987746701270225e-07
YNL002C,YNL188W,4.57908721791106e-15
YNL002C,YJL157C,9.031469691035687e-13
YNL002C,YJL034W,3.833659991108785e-20
YNL002C,YLR238W,2.112464608217124e-05
YNL002C,YPR141C,0.0005215241690166295
YNL002C,YNL127W,0.3630673885345459
YNL002C,YCL055W,2.5387748544061783e-13
YNL002C,YPR122W,0.9976473450660706
YNL002C,YMR065W,6.139242941571865e-06
YNL002C,YDR356W,0.07459406554698944
YNL002C,YMR052W,0.004404800944030285
YNL002C,YFR008W,3.010960553692481e-14
YNL002C,YLL043W,0.34688663482666016
YNL002C,YMR029C,8.236612753604808e-15
YNL002C,YJR004C,1.202921334590712e-12
YNL002C,YDL223C,1.909379128601802e-15
YNL002C,YHR158C,7.32234809674992e-07
YNL002C,YGR238C,1.131619288631037e-15
YNL002C,YIL015W,1.2342199624981731e-05
YNL002C,YGL173C,0.9819567203521729
YNL002C,YDL225W,1.4367823251170977e-18
YNL002C,YLR330W,4.123356122536138e-16
YNL002C,YBR129C,2.8313336120078247e-09
YNL002C,YKR095W-A,0.2020167112350464
YNL002C,YPR075C,0.00012187066749902442
YNL002C,YMR198W,8.78285281942226e-05
YNL002C,YOR127W,3.525632841228088e-10
YNL002C,YDR264C,4.894819767287117e-07
YNL002C,YLR110C,1.3926786113227507e-10
YNL002C,YDR379W,1.4648179785581306e-05
YNL002C,YDL100C,7.911322963925771e-14
YNL002C,YHR073W,1.3021953307323919e-11
YNL002C,YJR090C,8.187119038272073e-11
YNL002C,YOR208W,1.5006783371518395e-07
YNL002C,YBR040W,4.039468706196203e-07
YNL002C,YNL279W,4.619314479537007e-12
YNL002C,YER075C,0.005786099936813116
YNL002C,YCR089W,8.333086611855833e-07
YNL002C,YCR002C,1.4076154286613018e-07
YNL002C,YJL108C,5.503655984284705e-07
YNL002C,YBR200W,1.311484449685596e-12
YNL002C,YIL026C,1.6208710462706222e-07
YNL002C,YJR076C,1.0093595271122406e-14
YNL002C,YKR031C,1.1664386789789205e-08
YNL002C,YPL192C,8.127815753766754e-09
YNL002C,YHR107C,1.32426866912283e-05
YNL002C,YIL037C,1.1155727861478226e-06
YNL002C,YPL156C,0.1503700464963913
YNL002C,YIL117C,0.00011160677968291566
YNL002C,YHR066W,3.3129321768549103e-12
YNL002C,YML085C,1.5196682801033035e-10
YNL002C,YML047C,0.9234682321548462
YNL002C,YDR312W,6.301899702521041e-05
YNL002C,YFL037W,1.0306111519753358e-10
YNL002C,YDL038C,0.2020167112350464
YNL002C,YDL039C,1.2471568879846018e-05
YNL002C,YCL027W,2.1314319553766836e-07
YNL002C,YML124C,1.0548371923298543e-23
YNL002C,YGL053W,5.166489458474643e-10
YNL002C,YMR232W,0.040451906621456146
YNL002C,YNL298W,7.993639314918255e-07
YNL002C,YGL099W,3.800978188607789e-15
YNL002C,YBL016W,2.624111844605367e-19
YNL002C,YAL041W,9.75138300418621e-06
YNL002C,YDR085C,0.0005309341941028833
YNL002C,YPL187W,2.1345380218917853e-07
YNL002C,YPL256C,1.3459698962494635e-16
YNL002C,YDR461W,2.298698360901789e-17
YNL002C,YNL145W,1.539711186409568e-15
tE(UUC)K,YDL165W,6.387083431036444e-06
tE(UUC)K,YGR059W,8.249824712258658e-10
tE(UUC)K,YBR109C,9.679943104856648e-07
tE(UUC)K,YJL080C,0.6337272524833679
tE(UUC)K,YCR093W,0.002733916277065873
tE(UUC)K,YIL122W,0.00019036921730730683
tE(UUC)K,YCL029C,1.0310860609763495e-08
tE(UUC)K,YNL173C,2.2502126739709638e-07
tE(UUC)K,YLR452C,0.001637102453969419
tE(UUC)K,YDL160C,0.0003207447298336774
tE(UUC)K,YLR229C,3.983770398008346e-07
tE(UUC)K,YML057W,0.07642563432455063
tE(UUC)K,YER149C,0.00022970832651481032
tE(UUC)K,YMR305C,1.4321911976367119e-06
tE(UUC)K,YLR433C,0.0005292440764605999
tE(UUC)K,YJL073W,0.9424693584442139
tE(UUC)K,YGR279C,0.004206701647490263
tE(UUC)K,YKL190W,4.325026168316981e-07
tE(UUC)K,YGL089C,0.004280197899788618
tE(UUC)K,YJL019W,1.636405954741349e-06
tE(UUC)K,YJL018W,0.2020167112350464
tE(UUC)K,YNR032C-A,4.356503424673974e-08
tE(UUC)K,YGL178W,0.02273706905543804
tE(UUC)K,YKL116C,0.0011181910522282124
tE(UUC)K,YDL214C,0.00042095885146409273
tE(UUC)K,YLR362W,0.00014148269838187844
tE(UUC)K,YER068W,8.109575901471544e-06
tE(UUC)K,YHR084W,4.805573098565219e-06
tE(UUC)K,YDR392W,3.7363783178534504e-08
tE(UUC)K,YNL053W,2.602775168725202e-07
tE(UUC)K,YGR040W,0.00012154119758633897
tE(UUC)K,YDL216C,0.000273717480013147
tE(UUC)K,YOL117W,0.0002991453802678734
tE(UUC)K,YJR086W,6.343776476569474e-06
tE(UUC)K,YMR025W,0.000356535630999133
tE(UUC)K,YBR081C,4.45783825853141e-07
tE(UUC)K,YFL026W,8.688715752214193e-06
tE(UUC)K,YHL007C,4.6532503006346815e-07
tE(UUC)K,YNR044W,0.0013831253163516521
tE(UUC)K,YNL271C,0.0016050121048465371
tE(UUC)K,YDR200C,1.1279575119260699e-05
tE(UUC)K,YKL178C,0.04147511348128319
tE(UUC)K,YOR212W,1.421429533365881e-05
tE(UUC)K,YOL111C,0.01156498771160841
tE(UUC)K,YGL032C,1.1472894811959122e-06
tE(UUC)K,YHR005C,1.9786612028838135e-06
tE(UUC)K,YDR103W,2.2724932932760566e-05
tE(UUC)K,YJR084W,8.535151323485479e-07
tE(UUC)K,YCL032W,5.429013071989175e-06
tE(UUC)K,YJL170C,0.00017067347653210163
tE(UUC)K,YDR179C,7.846846017400821e-08
tE(UUC)K,YBR095C,6.440158699660969e-07
tE(UUC)K,YLL021W,1.843111022026278e-05
tE(UUC)K,YDL159W,0.0009391471394337714
tE(UUC)K,YNL161W,0.00045918396790511906
tE(UUC)K,YNL188W,1.935144666731503e-07
tE(UUC)K,YJL157C,0.0022673155181109905
tE(UUC)K,YJL034W,0.0005593090900219977
tE(UUC)K,YLR238W,0.0009217277402058244
tE(UUC)K,YPR141C,6.620039494009688e-05
tE(UUC)K,YNL127W,0.0014698327286168933
tE(UUC)K,YCL055W,0.00021561385074164718
tE(UUC)K,YPR122W,5.878226829736377e-07
tE(UUC)K,YMR065W,3.955328793381341e-07
tE(UUC)K,YDR356W,3.023893953013612e-07
tE(UUC)K,YMR052W,1.31459114527388e-06
tE(UUC)K,YFR008W,4.99280467920471e-05
tE(UUC)K,YLL043W,2.1061423467472196e-05
tE(UUC)K,YMR029C,1.2092083125025965e-05
tE(UUC)K,YJR004C,0.2225576639175415
tE(UUC)K,YDL223C,0.00021995567658450454
tE(UUC)K,YHR158C,6.038106221240014e-06
tE(UUC)K,YGR238C,0.0005093440995551646
tE(UUC)K,YIL015W,2.5447445040072125e-08
tE(UUC)K,YGL173C,0.06137300655245781
tE(UUC)K,YDL225W,6.398676077878918e-07
tE(UUC)K,YLR330W,0.003328536171466112
tE(UUC)K,YBR129C,3.9615762943867594e-05
tE(UUC)K,YKR095W-A,0.2020167112350464
tE(UUC)K,YPR075C,0.0004396178119350225
tE(UUC)K,YMR198W,0.0020121654961258173
tE(UUC)K,YOR127W,9.99750045593828e-06
tE(UUC)K,YDR264C,0.002053632168099284
tE(UUC)K,YLR110C,0.0015261336229741573
tE(UUC)K,YDR379W,0.0007877477328293025
tE(UUC)K,YDL100C,0.003989533521234989
tE(UUC)K,YHR073W,4.348018137534382e-06
tE(UUC)K,YJR090C,1.4973703343912348e-07
tE(UUC)K,YOR208W,0.0005603926256299019
tE(UUC)K,YBR040W,5.6000537540512596e-08
tE(UUC)K,YNL279W,0.0023255841806530952
tE(UUC)K,YER075C,6.52529124636203e-05
tE(UUC)K,YCR089W,0.00022514528245665133
tE(UUC)K,YCR002C,2.62032564535275e-08
tE(UUC)K,YJL108C,2.5187464416376315e-05
tE(UUC)K,YBR200W,0.0031863509211689234
tE(UUC)K,YIL026C,0.0006348961615003645
tE(UUC)K,YJR076C,0.0003748099261429161
tE(UUC)K,YKR031C,2.1377623227181175e-08
tE(UUC)K,YPL192C,0.00730613898485899
tE(UUC)K,YHR107C,0.00017138104885816574
tE(UUC)K,YIL037C,0.00028788286726921797
tE(UUC)K,YPL156C,0.0007449125405400991
tE(UUC)K,YIL117C,0.0003020484873559326
tE(UUC)K,YHR066W,6.032590399440707e-11
tE(UUC)K,YML085C,0.006720569916069508
tE(UUC)K,YML047C,5.2951214968288696e-08
tE(UUC)K,YDR312W,3.6866129704549166e-08
tE(UUC)K,YFL037W,4.4839860493084416e-05
tE(UUC)K,YDL038C,0.2020167112350464
tE(UUC)K,YDL039C,1.788580630091019e-05
tE(UUC)K,YCL027W,1.1954810361203272e-05
tE(UUC)K,YML124C,0.4107748866081238
tE(UUC)K,YGL053W,6.4039537392091e-05
tE(UUC)K,YMR232W,5.3495357860811055e-05
tE(UUC)K,YNL298W,1.3367134670261294e-06
tE(UUC)K,YGL099W,3.173580580551061e-07
tE(UUC)K,YBL016W,0.00021467228361871094
tE(UUC)K,YAL041W,1.924631760630291e-07
tE(UUC)K,YDR085C,0.0001202521234517917
tE(UUC)K,YPL187W,0.0002718436880968511
tE(UUC)K,YPL256C,0.0001349493977613747
tE(UUC)K,YDR461W,2.3715817860647803e-06
tE(UUC)K,YNL145W,6.96814022376202e-05
YLR440C,YDL165W,4.993896851601676e-09
YLR440C,YGR059W,9.487351876336092e-12
YLR440C,YBR109C,3.880138521594745e-08
YLR440C,YJL080C,2.1268378986860625e-06
YLR440C,YCR093W,0.001273820293135941
YLR440C,YIL122W,0.00277302716858685
YLR440C,YCL029C,3.1197687349049374e-05
YLR440C,YNL173C,0.00014296484005171806
YLR440C,YLR452C,6.112724104667677e-09
YLR440C,YDL160C,0.024683834984898567
YLR440C,YLR229C,7.862898200983182e-06
YLR440C,YML057W,3.016502325703385e-10
YLR440C,YER149C,2.683061438801815e-06
YLR440C,YMR305C,0.94819575548172
YLR440C,YLR433C,0.7177798748016357
YLR440C,YJL073W,1.2583763892015654e-11
YLR440C,YGR279C,0.9828824996948242
YLR440C,YKL190W,0.1637565791606903
YLR440C,YGL089C,3.4021832107100636e-05
YLR440C,YJL019W,2.0852932721027173e-05
YLR440C,YJL018W,0.008839680813252926
YLR440C,YNR032C-A,0.11704074591398239
YLR440C,YGL178W,3.951460894313641e-05
YLR440C,YKL116C,1.0356058766092247e-07
YLR440C,YDL214C,0.0003028679930139333
YLR440C,YLR362W,6.311591006780137e-12
YLR440C,YER068W,7.812825970177073e-06
YLR440C,YHR084W,0.0007030244451016188
YLR440C,YDR392W,0.9953756332397461
YLR440C,YNL053W,0.2951017916202545
YLR440C,YGR040W,2.040733306785114e-05
YLR440C,YDL216C,1.43912711791927e-06
YLR440C,YOL117W,0.0783856213092804
YLR440C,YJR086W,1.2178869610579568e-06
YLR440C,YMR025W,0.00620723981410265
YLR440C,YBR081C,0.0002959342673420906
YLR440C,YFL026W,0.047398779541254044
YLR440C,YHL007C,4.2600031946449235e-08
YLR440C,YNR044W,3.5638341167043563e-09
YLR440C,YNL271C,0.00010715422104112804
YLR440C,YDR200C,0.005101839080452919
YLR440C,YKL178C,6.531151314215222e-11
YLR440C,YOR212W,2.6687886275911232e-11
YLR440C,YOL111C,0.9998718500137329
YLR440C,YGL032C,2.2686754164169542e-06
YLR440C,YHR005C,7.073710435179237e-07
YLR440C,YDR103W,8.850297161799858e-10
YLR440C,YJR084W,4.5547083573183045e-05
YLR440C,YCL032W,0.0014728177338838577
YLR440C,YJL170C,0.018960174173116684
YLR440C,YDR179C,3.2174827246933546e-09
YLR440C,YBR095C,0.0037177999038249254
YLR440C,YLL021W,5.997641494559502e-08
YLR440C,YDL159W,4.56717179986299e-06
YLR440C,YNL161W,2.2559022738732892e-07
YLR440C,YNL188W,1.169902020592417e-06
YLR440C,YJL157C,2.5679887585283723e-06
YLR440C,YJL034W,1.7718316717586628e-15
YLR440C,YLR238W,0.07078763842582703
YLR440C,YPR141C,0.00544515997171402
YLR440C,YNL127W,0.00042559116263873875
YLR440C,YCL055W,6.459617251362328e-15
YLR440C,YPR122W,0.10781963169574738
YLR440C,YMR065W,5.6421586153154735e-11
YLR440C,YDR356W,0.011194134131073952
YLR440C,YMR052W,0.01365121640264988
YLR440C,YFR008W,1.3719807611778378e-05
YLR440C,YLL043W,3.9737447110610447e-08
YLR440C,YMR029C,0.2609928846359253
YLR440C,YJR004C,0.0363929308950901
YLR440C,YDL223C,9.449379285797477e-05
YLR440C,YHR158C,8.375929290427298e-12
YLR440C,YGR238C,1.2728418141705333e-07
YLR440C,YIL015W,0.0008455422939732671
YLR440C,YGL173C,1.2746450011036359e-06
YLR440C,YDL225W,6.52215694646463e-13
YLR440C,YLR330W,1.0127377235435997e-11
YLR440C,YBR129C,1.2933728754660478e-08
YLR440C,YKR095W-A,0.2020167112350464
YLR440C,YPR075C,0.00026412701117806137
YLR440C,YMR198W,0.001447297167032957
YLR440C,YOR127W,1.7609076508051658e-07
YLR440C,YDR264C,1.1032060598381577e-08
YLR440C,YLR110C,0.9999980926513672
YLR440C,YDR379W,0.0070792133919894695
YLR440C,YDL100C,1.2376449864959227e-09
YLR440C,YHR073W,1.6946938644069043e-11
YLR440C,YJR090C,1.2519961629930965e-11
YLR440C,YOR208W,8.682752195454668e-06
YLR440C,YBR040W,0.795429527759552
YLR440C,YNL279W,8.329594857059419e-05
YLR440C,YER075C,2.445201425871346e-05
YLR440C,YCR089W,3.346071025589481e-06
YLR440C,YCR002C,0.05858477205038071
YLR440C,YJL108C,0.1262819468975067
YLR440C,YBR200W,4.900590003242833e-11
YLR440C,YIL026C,0.04028759151697159
YLR440C,YJR076C,2.0884768048290425e-07
YLR440C,YKR031C,0.031008031219244003
YLR440C,YPL192C,7.661945744530385e-08
YLR440C,YHR107C,9.623779551048983e-10
YLR440C,YIL037C,0.0001593818742549047
YLR440C,YPL156C,0.003772491356357932
YLR440C,YIL117C,2.1244538856990403e-06
YLR440C,YHR066W,3.5213832006309852e-15
YLR440C,YML085C,0.03715649992227554
YLR440C,YML047C,4.7698795242467895e-05
YLR440C,YDR312W,2.4236712192760024e-07
YLR440C,YFL037W,0.08738123625516891
YLR440C,YDL038C,0.2020167112350464
YLR440C,YDL039C,2.603328219663581e-08
YLR440C,YCL027W,0.00020451236923690885
YLR440C,YML124C,4.919732676800237e-11
YLR440C,YGL053W,0.00127749505918473
YLR440C,YMR232W,0.0016072974540293217
YLR440C,YNL298W,3.904713423708017e-07
YLR440C,YGL099W,3.455184749423523e-11
YLR440C,YBL016W,6.803253516096675e-10
YLR440C,YAL041W,5.8660589274950325e-05
YLR440C,YDR085C,0.00852657575160265
YLR440C,YPL187W,0.0024415268562734127
YLR440C,YPL256C,5.249755304248538e-06
YLR440C,YDR461W,3.5225635656388476e-05
YLR440C,YNL145W,0.1636708527803421
tN(GUU)K,YDL165W,0.0007798817241564393
tN(GUU)K,YGR059W,1.3961082068192354e-08
tN(GUU)K,YBR109C,2.213235745784914e-07
tN(GUU)K,YJL080C,1.8689137505134568e-05
tN(GUU)K,YCR093W,0.006968275178223848
tN(GUU)K,YIL122W,5.040319450699826e-08
tN(GUU)K,YCL029C,4.351465122454101e-06
tN(GUU)K,YNL173C,1.6653038059644132e-08
tN(GUU)K,YLR452C,0.05788378044962883
tN(GUU)K,YDL160C,0.0008883278933353722
tN(GUU)K,YLR229C,9.96664653030166e-07
tN(GUU)K,YML057W,0.006776304449886084
tN(GUU)K,YER149C,0.00038444303208962083
tN(GUU)K,YMR305C,1.3494833694949193e-07
tN(GUU)K,YLR433C,0.6176216006278992
tN(GUU)K,YJL073W,0.00059874466387555
tN(GUU)K,YGR279C,5.658234769612136e-08
tN(GUU)K,YKL190W,6.933836630196311e-06
tN(GUU)K,YGL089C,0.13623030483722687
tN(GUU)K,YJL019W,0.0006298675434663892
tN(GUU)K,YJL018W,0.2020167112350464
tN(GUU)K,YNR032C-A,0.0027826656587421894
tN(GUU)K,YGL178W,0.028422988951206207
tN(GUU)K,YKL116C,1.053894629876595e-05
tN(GUU)K,YDL214C,0.0016068730037659407
tN(GUU)K,YLR362W,7.763873145449907e-05
tN(GUU)K,YER068W,0.002125498140230775
tN(GUU)K,YHR084W,0.00010181791731156409
tN(GUU)K,YDR392W,0.0002982125151902437
tN(GUU)K,YNL053W,0.00012546007928904146
tN(GUU)K,YGR040W,0.0069670770317316055
tN(GUU)K,YDL216C,0.0030496364925056696
tN(GUU)K,YOL117W,2.901324023696361e-06
tN(GUU)K,YJR086W,0.0008438603836111724
tN(GUU)K,YMR025W,0.0008970850030891597
tN(GUU)K,YBR081C,5.451955985336099e-06
tN(GUU)K,YFL026W,0.0003200577339157462
tN(GUU)K,YHL007C,0.1622006893157959
tN(GUU)K,YNR044W,6.0895158640050795e-06
tN(GUU)K,YNL271C,0.000460352428490296
tN(GUU)K,YDR200C,0.0029543021228164434
tN(GUU)K,YKL178C,0.00022002719924785197
tN(GUU)K,YOR212W,0.0009076677379198372
tN(GUU)K,YOL111C,4.00192839151714e-05
tN(GUU)K,YGL032C,9.725273031335746e-09
tN(GUU)K,YHR005C,0.0011183699825778604
tN(GUU)K,YDR103W,0.00011995481327176094
tN(GUU)K,YJR084W,0.008826685138046741
tN(GUU)K,YCL032W,3.0990562663646415e-05
tN(GUU)K,YJL170C,0.016202012076973915
tN(GUU)K,YDR179C,0.013034702278673649
tN(GUU)K,YBR095C,0.008207806386053562
tN(GUU)K,YLL021W,0.027931539341807365
tN(GUU)K,YDL159W,9.905775368679315e-05
tN(GUU)K,YNL161W,3.4422396311128978e-06
tN(GUU)K,YNL188W,1.280245851376094e-05
tN(GUU)K,YJL157C,0.00010160425881622359
tN(GUU)K,YJL034W,4.707266327841353e-07
tN(GUU)K,YLR238W,0.03265146166086197
tN(GUU)K,YPR141C,0.026478242129087448
tN(GUU)K,YNL127W,0.004143887665122747
tN(GUU)K,YCL055W,0.008982079103589058
tN(GUU)K,YPR122W,0.0029731702525168657
tN(GUU)K,YMR065W,0.0008332521538250148
tN(GUU)K,YDR356W,0.005446861498057842
tN(GUU)K,YMR052W,0.008466244675219059
tN(GUU)K,YFR008W,0.0010065727401524782
tN(GUU)K,YLL043W,0.00853628758341074
tN(GUU)K,YMR029C,7.507625559810549e-05
tN(GUU)K,YJR004C,0.00516494968906045
tN(GUU)K,YDL223C,3.71844848245928e-08
tN(GUU)K,YHR158C,0.0002665617212187499
tN(GUU)K,YGR238C,3.224467377549445e-07
tN(GUU)K,YIL015W,7.619218195031863e-06
tN(GUU)K,YGL173C,0.00014359698980115354
tN(GUU)K,YDL225W,6.844002928119153e-05
tN(GUU)K,YLR330W,5.127506597091269e-07
tN(GUU)K,YBR129C,0.03101726993918419
tN(GUU)K,YKR095W-A,0.2020167112350464
tN(GUU)K,YPR075C,0.000687872467096895
tN(GUU)K,YMR198W,0.015219170600175858
tN(GUU)K,YOR127W,0.002425276441499591
tN(GUU)K,YDR264C,0.013906328938901424
tN(GUU)K,YLR110C,0.004563329741358757
tN(GUU)K,YDR379W,0.020581282675266266
tN(GUU)K,YDL100C,3.964074494433589e-05
tN(GUU)K,YHR073W,0.016435522586107254
tN(GUU)K,YJR090C,0.08003576844930649
tN(GUU)K,YOR208W,1.5452158663720184e-07
tN(GUU)K,YBR040W,1.634662112337537e-05
tN(GUU)K,YNL279W,1.1057603842345998e-05
tN(GUU)K,YER075C,0.0011045585852116346
tN(GUU)K,YCR089W,0.00029321317560970783
tN(GUU)K,YCR002C,0.003728339681401849
tN(GUU)K,YJL108C,1.8536148900238913e-06
tN(GUU)K,YBR200W,0.0006193568115122616
tN(GUU)K,YIL026C,0.008515420369803905
tN(GUU)K,YJR076C,0.0007467264076694846
tN(GUU)K,YKR031C,1.0345279832790766e-07
tN(GUU)K,YPL192C,2.5647026632213965e-05
tN(GUU)K,YHR107C,0.00031988692353479564
tN(GUU)K,YIL037C,6.487142059086182e-07
tN(GUU)K,YPL156C,0.0036695857997983694
tN(GUU)K,YIL117C,1.8935805883302237e-06
tN(GUU)K,YHR066W,1.3537952327169478e-05
tN(GUU)K,YML085C,0.00047183193964883685
tN(GUU)K,YML047C,2.4395567379542626e-06
tN(GUU)K,YDR312W,9.240276995114982e-06
tN(GUU)K,YFL037W,3.697736872254609e-07
tN(GUU)K,YDL038C,0.2020167112350464
tN(GUU)K,YDL039C,0.0004995443159714341
tN(GUU)K,YCL027W,9.45896250215128e-09
tN(GUU)K,YML124C,4.588316005538218e-05
tN(GUU)K,YGL053W,0.002056421246379614
tN(GUU)K,YMR232W,0.173972949385643
tN(GUU)K,YNL298W,0.0023057416547089815
tN(GUU)K,YGL099W,0.005561975296586752
tN(GUU)K,YBL016W,0.0016912692226469517
tN(GUU)K,YAL041W,0.0031098169274628162
tN(GUU)K,YDR085C,4.3083824152745365e-07
tN(GUU)K,YPL187W,0.000719510018825531
tN(GUU)K,YPL256C,1.8798858718582778e-06
tN(GUU)K,YDR461W,6.100087102112184e-09
tN(GUU)K,YNL145W,1.762644197267349e-10
YOR084W,YDL165W,2.3490760660445364e-13
YOR084W,YGR059W,1.164855678581489e-08
YOR084W,YBR109C,1.4055005735104896e-14
YOR084W,YJL080C,4.0409570221250357e-13
YOR084W,YCR093W,1.1444133835025738e-10
YOR084W,YIL122W,7.329184459857474e-13
YOR084W,YCL029C,1.5681833815447271e-13
YOR084W,YNL173C,2.0215850327076623e-06
YOR084W,YLR452C,4.0405878642957305e-09
YOR084W,YDL160C,4.46933549197448e-12
YOR084W,YLR229C,9.239580671741021e-13
YOR084W,YML057W,2.2046590331115112e-08
YOR084W,YER149C,2.7702177249011584e-05
YOR084W,YMR305C,3.6627906752073613e-07
YOR084W,YLR433C,1.9393313621662855e-09
YOR084W,YJL073W,2.945019174274005e-13
YOR084W,YGR279C,1.1348956832080148e-06
YOR084W,YKL190W,2.448933822046871e-15
YOR084W,YGL089C,3.65399238644315e-11
YOR084W,YJL019W,0.00020418738131411374
YOR084W,YJL018W,0.00026616049581207335
YOR084W,YNR032C-A,0.04298650473356247
YOR084W,YGL178W,0.1979343146085739
YOR084W,YKL116C,3.922360700125971e-11
YOR084W,YDL214C,4.54786164283405e-09
YOR084W,YLR362W,8.977132694096587e-20
YOR084W,YER068W,7.0961282290227246e-06
YOR084W,YHR084W,2.136584095410732e-12
YOR084W,YDR392W,4.1341252253121463e-14
YOR084W,YNL053W,8.017128857318312e-05
YOR084W,YGR040W,6.156215931696352e-06
YOR084W,YDL216C,6.644586392212659e-06
YOR084W,YOL117W,3.01603063235234e-06
YOR084W,YJR086W,8.884325295843015e-14
YOR084W,YMR025W,1.1378812311565206e-18
YOR084W,YBR081C,4.350945602069056e-13
YOR084W,YFL026W,4.345606773731303e-12
YOR084W,YHL007C,2.2126842580405537e-08
YOR084W,YNR044W,1.6121977068905835e-06
YOR084W,YNL271C,2.0105863640651478e-09
YOR084W,YDR200C,4.115738511719508e-14
YOR084W,YKL178C,4.006460148451435e-13
YOR084W,YOR212W,5.99980308491066e-12
YOR084W,YOL111C,5.70581981662599e-09
YOR084W,YGL032C,9.16365316960821e-10
YOR084W,YHR005C,3.569558537641626e-11
YOR084W,YDR103W,6.867783497455093e-08
YOR084W,YJR084W,2.508040469320546e-16
YOR084W,YCL032W,7.575856386665691e-09
YOR084W,YJL170C,1.073208966140271e-09
YOR084W,YDR179C,2.428605493792757e-12
YOR084W,YBR095C,6.4865273152747704e-09
YOR084W,YLL021W,7.430826816870884e-17
YOR084W,YDL159W,7.434276483309077e-08
YOR084W,YNL161W,9.372294051956942e-09
YOR084W,YNL188W,1.107343722468214e-13
YOR084W,YJL157C,3.2177739639482894e-11
YOR084W,YJL034W,3.171528317746919e-10
YOR084W,YLR238W,7.676698166036999e-10
YOR084W,YPR141C,3.9427231257604944e-08
YOR084W,YNL127W,1.307580044240808e-09
YOR084W,YCL055W,8.420351915727764e-11
YOR084W,YPR122W,1.0041897868795502e-11
YOR084W,YMR065W,0.0026161042042076588
YOR084W,YDR356W,1.4294852917373646e-05
YOR084W,YMR052W,1.755251766155652e-08
YOR084W,YFR008W,2.619419792182498e-09
YOR084W,YLL043W,8.301863363424644e-11
YOR084W,YMR029C,1.5249104062808883e-12
YOR084W,YJR004C,1.6958509263531596e-08
YOR084W,YDL223C,7.531519077019766e-05
YOR084W,YHR158C,3.802407000375041e-11
YOR084W,YGR238C,2.7467240215628408e-05
YOR084W,YIL015W,0.00023964321007952094
YOR084W,YGL173C,0.04031219333410263
YOR084W,YDL225W,6.300473260160841e-17
YOR084W,YLR330W,3.309445816349066e-12
YOR084W,YBR129C,0.00034952338319271803
YOR084W,YKR095W-A,0.2020167112350464
YOR084W,YPR075C,2.7066580381607426e-14
YOR084W,YMR198W,3.9037490751070436e-07
YOR084W,YOR127W,5.034419201949147e-16
YOR084W,YDR264C,1.6581293358752108e-14
YOR084W,YLR110C,3.639305182018928e-17
YOR084W,YDR379W,4.294000433002765e-10
YOR084W,YDL100C,4.1288205493428265e-11
YOR084W,YHR073W,3.3300543312436703e-13
YOR084W,YJR090C,3.5646923780829898e-12
YOR084W,YOR208W,4.4143856570144635e-08
YOR084W,YBR040W,6.363760348904179e-06
YOR084W,YNL279W,9.197588801690415e-10
YOR084W,YER075C,2.562629930480398e-08
YOR084W,YCR089W,1.1147512424258821e-07
YOR084W,YCR002C,1.20941021086729e-10
YOR084W,YJL108C,6.058549772980371e-10
YOR084W,YBR200W,2.664935436769156e-07
YOR084W,YIL026C,8.325349654114689e-07
YOR084W,YJR076C,1.869007064999456e-13
YOR084W,YKR031C,1.0489051049944464e-07
YOR084W,YPL192C,3.931496195264117e-08
YOR084W,YHR107C,3.376996761655232e-13
YOR084W,YIL037C,0.0008437675423920155
YOR084W,YPL156C,1.0161407772102393e-05
YOR084W,YIL117C,1.1643417892163999e-13
YOR084W,YHR066W,6.539110586345487e-09
YOR084W,YML085C,3.498646030530042e-16
YOR084W,YML047C,1.0273232931012899e-07
YOR084W,YDR312W,1.4906432208375286e-12
YOR084W,YFL037W,6.86709578090472e-10
YOR084W,YDL038C,0.2020167112350464
YOR084W,YDL039C,3.0273622542154044e-07
YOR084W,YCL027W,4.7589622909072204e-08
YOR084W,YML124C,9.675666620908733e-17
YOR084W,YGL053W,9.641734025761517e-13
YOR084W,YMR232W,1.4598306563584629e-08
YOR084W,YNL298W,8.997856681958183e-09
YOR084W,YGL099W,1.7149018750189926e-12
YOR084W,YBL016W,7.611271968244182e-08
YOR084W,YAL041W,4.756884663947858e-07
YOR084W,YDR085C,4.685647127189441e-06
YOR084W,YPL187W,8.117056859191507e-05
YOR084W,YPL256C,0.000449201965238899
YOR084W,YDR461W,6.898284027334611e-11
YOR084W,YNL145W,2.523799517304212e-16
YIL047C,YDL165W,6.842439350527625e-17
YIL047C,YGR059W,4.640241099349018e-13
YIL047C,YBR109C,1.6278604229226653e-15
YIL047C,YJL080C,1.278586791997327e-09
YIL047C,YCR093W,9.959624236444142e-09
YIL047C,YIL122W,4.931231001336668e-15
YIL047C,YCL029C,3.895996696886996e-18
YIL047C,YNL173C,2.9047719091179758e-11
YIL047C,YLR452C,1.1485982304160203e-11
YIL047C,YDL160C,1.5500369203772478e-14
YIL047C,YLR229C,1.3467601599898016e-13
YIL047C,YML057W,3.9669983403355265e-15
YIL047C,YER149C,2.4345633910829696e-21
YIL047C,YMR305C,1.1206607690439352e-11
YIL047C,YLR433C,2.8927270192928567e-13
YIL047C,YJL073W,4.551501472401355e-15
YIL047C,YGR279C,9.354692008815748e-15
YIL047C,YKL190W,1.2426312423485797e-05
YIL047C,YGL089C,8.665642035290044e-16
YIL047C,YJL019W,1.0173305253768916e-10
YIL047C,YJL018W,0.0011127260513603687
YIL047C,YNR032C-A,0.7802131175994873
YIL047C,YGL178W,7.132126484066248e-06
YIL047C,YKL116C,8.859602775804915e-14
YIL047C,YDL214C,1.479756122080289e-07
YIL047C,YLR362W,5.163179883638236e-10
YIL047C,YER068W,1.6314772437908687e-05
YIL047C,YHR084W,6.588749012358022e-17
YIL047C,YDR392W,5.291811232916929e-15
YIL047C,YNL053W,2.2778190466622716e-13
YIL047C,YGR040W,3.975948169865554e-17
YIL047C,YDL216C,3.804036197152527e-09
YIL047C,YOL117W,5.418092086095783e-10
YIL047C,YJR086W,2.253823890756637e-14
YIL047C,YMR025W,1.3440537571796085e-08
YIL047C,YBR081C,0.00016230034816544503
YIL047C,YFL026W,9.828770544118015e-07
YIL047C,YHL007C,3.609211812132043e-22
YIL047C,YNR044W,3.023737235707813e-06
YIL047C,YNL271C,0.9999368190765381
YIL047C,YDR200C,1.6876764200556005e-13
YIL047C,YKL178C,8.801671356195584e-06
YIL047C,YOR212W,5.325407823053574e-11
YIL047C,YOL111C,1.1581279258691892e-15
YIL047C,YGL032C,1.0473790888407275e-12
YIL047C,YHR005C,1.8038252846963587e-07
YIL047C,YDR103W,3.414845836657854e-11
YIL047C,YJR084W,1.3416778301689192e-06
YIL047C,YCL032W,1.8973336848171355e-15
YIL047C,YJL170C,1.4760992450048305e-14
YIL047C,YDR179C,2.5115699031630356e-07
YIL047C,YBR095C,1.0037989463959293e-15
YIL047C,YLL021W,0.001576943788677454
YIL047C,YDL159W,4.180197876735292e-08
YIL047C,YNL161W,2.1623818611260504e-05
YIL047C,YNL188W,5.3970456576069026e-12
YIL047C,YJL157C,1.174473544168829e-15
YIL047C,YJL034W,2.3620768980765714e-18
YIL047C,YLR238W,0.00042179759475402534
YIL047C,YPR141C,6.674923497484997e-05
YIL047C,YNL127W,0.00015727557183708996
YIL047C,YCL055W,1.164873353332041e-08
YIL047C,YPR122W,4.1400051031814655e-07
YIL047C,YMR065W,6.541990842379164e-06
YIL047C,YDR356W,0.0007547781569883227
YIL047C,YMR052W,8.749665880714019e-08
YIL047C,YFR008W,2.1377068545229763e-14
YIL047C,YLL043W,0.09253106266260147
YIL047C,YMR029C,8.697132470337693e-17
YIL047C,YJR004C,5.937395997079875e-08
YIL047C,YDL223C,8.268701279234847e-09
YIL047C,YHR158C,2.8200358428875916e-05
YIL047C,YGR238C,1.8847159379277006e-16
YIL047C,YIL015W,0.01097497995942831
YIL047C,YGL173C,4.1436980069420315e-08
YIL047C,YDL225W,1.2917090450576918e-15
YIL047C,YLR330W,7.129165958873616e-17
YIL047C,YBR129C,1.4085722605666762e-12
YIL047C,YKR095W-A,0.2020167112350464
YIL047C,YPR075C,7.94204590981451e-10
YIL047C,YMR198W,1.3676947219209978e-07
YIL047C,YOR127W,0.00011037800140911713
YIL047C,YDR264C,0.0004721734148915857
YIL047C,YLR110C,0.001023594755679369
YIL047C,YDR379W,1.6770629786418915e-15
YIL047C,YDL100C,1.780497559962903e-15
YIL047C,YHR073W,2.2906091135374492e-18
YIL047C,YJR090C,8.619257217679088e-12
YIL047C,YOR208W,2.0283576207535958e-10
YIL047C,YBR040W,3.188935573938956e-11
YIL047C,YNL279W,0.0011993901571258903
YIL047C,YER075C,3.3318339198729063e-09
YIL047C,YCR089W,1.2446001846910804e-06
YIL047C,YCR002C,3.325239106288791e-08
YIL047C,YJL108C,8.715075407487397e-15
YIL047C,YBR200W,4.703981630882481e-06
YIL047C,YIL026C,0.0074592167511582375
YIL047C,YJR076C,2.8175115573958465e-08
YIL047C,YKR031C,0.002992419060319662
YIL047C,YPL192C,1.1349779623082146e-12
YIL047C,YHR107C,2.1110083336738734e-15
YIL047C,YIL037C,4.802340122789239e-11
YIL047C,YPL156C,7.058214376395758e-17
YIL047C,YIL117C,6.85854817383813e-10
YIL047C,YHR066W,2.351075485203427e-24
YIL047C,YML085C,3.5015373846952746e-12
YIL047C,YML047C,6.307478906819597e-05
YIL047C,YDR312W,4.199891319732517e-15
YIL047C,YFL037W,1.6283986659093586e-10
YIL047C,YDL038C,0.2020167112350464
YIL047C,YDL039C,8.543781682135432e-09
YIL047C,YCL027W,9.098260811413184e-09
YIL047C,YML124C,1.1382094086022025e-21
YIL047C,YGL053W,4.406883538643491e-11
YIL047C,YMR232W,0.009816044010221958
YIL047C,YNL298W,0.9959235191345215
YIL047C,YGL099W,1.8403061328520556e-15
YIL047C,YBL016W,4.388336048710695e-12
YIL047C,YAL041W,8.879874374874419e-13
YIL047C,YDR085C,9.711995652139649e-10
YIL047C,YPL187W,1.1526023513397377e-07
YIL047C,YPL256C,2.7464855379285516e-16
YIL047C,YDR461W,3.2498986834994525e-10
YIL047C,YNL145W,2.879785819531744e-12
YEL044W,YDL165W,1.0098617254927778e-11
YEL044W,YGR059W,1.7540724002174102e-05
YEL044W,YBR109C,6.196816670911431e-11
YEL044W,YJL080C,7.626996278986553e-08
YEL044W,YCR093W,6.7971505160469015e-12
YEL044W,YIL122W,4.262278707756195e-08
YEL044W,YCL029C,1.0138621497901568e-08
YEL044W,YNL173C,6.331024593464463e-09
YEL044W,YLR452C,2.0106008378206752e-06
YEL044W,YDL160C,1.9296908959631764e-08
YEL044W,YLR229C,2.961185074923378e-09
YEL044W,YML057W,2.4119040098469213e-12
YEL044W,YER149C,6.502308469436002e-09
YEL044W,YMR305C,9.381919720274912e-12
YEL044W,YLR433C,0.01926279067993164
YEL044W,YJL073W,4.433307332352143e-10
YEL044W,YGR279C,6.151041986868222e-08
YEL044W,YKL190W,6.728666512856307e-09
YEL044W,YGL089C,1.3943686099082697e-06
YEL044W,YJL019W,2.328577330956705e-10
YEL044W,YJL018W,0.0009582092170603573
YEL044W,YNR032C-A,0.0005322594661265612
YEL044W,YGL178W,1.14741034598978e-13
YEL044W,YKL116C,3.1548353339461155e-13
YEL044W,YDL214C,4.7559699234422936e-11
YEL044W,YLR362W,2.5346070728349268e-11
YEL044W,YER068W,5.307563277767713e-10
YEL044W,YHR084W,3.199849743396044e-05
YEL044W,YDR392W,3.7766807910177835e-12
YEL044W,YNL053W,3.596199803723721e-06
YEL044W,YGR040W,0.0016029189573600888
YEL044W,YDL216C,0.0008804501849226654
YEL044W,YOL117W,6.110325787012094e-12
YEL044W,YJR086W,1.1191056761838958e-11
YEL044W,YMR025W,0.07493701577186584
YEL044W,YBR081C,0.004466204438358545
YEL044W,YFL026W,0.4524582624435425
YEL044W,YHL007C,2.370492779846245e-08
YEL044W,YNR044W,6.525799900458651e-10
YEL044W,YNL271C,4.332135609172016e-15
YEL044W,YDR200C,2.639275300045374e-12
YEL044W,YKL178C,8.466112255689495e-09
YEL044W,YOR212W,2.2018419087999064e-07
YEL044W,YOL111C,7.42493740102379e-12
YEL044W,YGL032C,1.688978409219999e-05
YEL044W,YHR005C,0.10411988198757172
YEL044W,YDR103W,2.183521274901068e-08
YEL044W,YJR084W,5.022354889661074e-05
YEL044W,YCL032W,9.522038908471586e-07
YEL044W,YJL170C,2.5411842216271907e-05
YEL044W,YDR179C,1.752106681962573e-09
YEL044W,YBR095C,1.3156888911680653e-08
YEL044W,YLL021W,4.6192497393349186e-05
YEL044W,YDL159W,2.0729941201114155e-12
YEL044W,YNL161W,4.93232050757797e-08
YEL044W,YNL188W,6.920829794671013e-12
YEL044W,YJL157C,0.2914069890975952
YEL044W,YJL034W,3.462150398387729e-15
YEL044W,YLR238W,2.863298790775626e-13
YEL044W,YPR141C,8.008722574004423e-09
YEL044W,YNL127W,7.475567826986662e-07
YEL044W,YCL055W,1.7523402705017094e-13
YEL044W,YPR122W,6.475534553018747e-10
YEL044W,YMR065W,1.3292699918565631e-07
YEL044W,YDR356W,1.3744194150844269e-11
YEL044W,YMR052W,0.19445465505123138
YEL044W,YFR008W,1.2008015241871117e-11
YEL044W,YLL043W,2.527705646571121e-06
YEL044W,YMR029C,3.8072792563070834e-07
YEL044W,YJR004C,6.792633939767256e-07
YEL044W,YDL223C,1.1976970526461628e-08
YEL044W,YHR158C,1.0684994222742716e-08
YEL044W,YGR238C,3.570626105897645e-08
YEL044W,YIL015W,0.010009284131228924
YEL044W,YGL173C,8.066714518584206e-10
YEL044W,YDL225W,1.0583200114877567e-11
YEL044W,YLR330W,5.248033119187312e-09
YEL044W,YBR129C,8.393693740060826e-09
YEL044W,YKR095W-A,0.2020167112350464
YEL044W,YPR075C,9.297562719723373e-10
YEL044W,YMR198W,3.94846537687954e-08
YEL044W,YOR127W,0.0002862481342162937
YEL044W,YDR264C,8.235737647410701e-10
YEL044W,YLR110C,2.7049413819923984e-09
YEL044W,YDR379W,8.178491385643291e-14
YEL044W,YDL100C,0.0009650132269598544
YEL044W,YHR073W,1.3581006978735655e-12
YEL044W,YJR090C,1.0807754864672336e-11
YEL044W,YOR208W,1.4437236128816977e-15
YEL044W,YBR040W,0.10154042392969131
YEL044W,YNL279W,0.00010027137614088133
YEL044W,YER075C,9.263128958991729e-06
YEL044W,YCR089W,7.869252982573016e-08
YEL044W,YCR002C,6.192259482951101e-10
YEL044W,YJL108C,2.1465260124919894e-12
YEL044W,YBR200W,2.425573697451e-08
YEL044W,YIL026C,0.001229241956025362
YEL044W,YJR076C,5.9481730652066744e-09
YEL044W,YKR031C,9.831567382434514e-08
YEL044W,YPL192C,0.005751508753746748
YEL044W,YHR107C,3.324778806760263e-14
YEL044W,YIL037C,3.6669138836487036e-08
YEL044W,YPL156C,5.253886561917831e-11
YEL044W,YIL117C,0.00933238584548235
YEL044W,YHR066W,7.231987231293147e-11
YEL044W,YML085C,6.91865068347397e-07
YEL044W,YML047C,2.1887194634473417e-07
YEL044W,YDR312W,3.151494288718636e-15
YEL044W,YFL037W,1.3448186109599192e-05
YEL044W,YDL038C,0.2020167112350464
YEL044W,YDL039C,9.397096680440961e-14
YEL044W,YCL027W,0.0005000181263312697
YEL044W,YML124C,6.204938906434476e-12
YEL044W,YGL053W,0.003466538619250059
YEL044W,YMR232W,2.926105082678987e-07
YEL044W,YNL298W,6.590544776585716e-10
YEL044W,YGL099W,1.15874657755804e-15
YEL044W,YBL016W,7.90893864177633e-06
YEL044W,YAL041W,4.333452485738576e-10
YEL044W,YDR085C,0.0004611500189639628
YEL044W,YPL187W,2.8411478898704434e-12
YEL044W,YPL256C,3.965450900977885e-07
YEL044W,YDR461W,1.3590206293656593e-08
YEL044W,YNL145W,0.03156701475381851
Endo.SceI,YDL165W,0.2020167112350464
Endo.SceI,YGR059W,0.2020167112350464
Endo.SceI,YBR109C,0.2020167112350464
Endo.SceI,YJL080C,0.2020167112350464
Endo.SceI,YCR093W,0.2020167112350464
Endo.SceI,YIL122W,0.2020167112350464
Endo.SceI,YCL029C,0.2020167112350464
Endo.SceI,YNL173C,0.2020167112350464
Endo.SceI,YLR452C,0.2020167112350464
Endo.SceI,YDL160C,0.2020167112350464
Endo.SceI,YLR229C,0.2020167112350464
Endo.SceI,YML057W,0.2020167112350464
Endo.SceI,YER149C,0.2020167112350464
Endo.SceI,YMR305C,0.2020167112350464
Endo.SceI,YLR433C,0.2020167112350464
Endo.SceI,YJL073W,0.2020167112350464
Endo.SceI,YGR279C,0.2020167112350464
Endo.SceI,YKL190W,0.2020167112350464
Endo.SceI,YGL089C,0.2020167112350464
Endo.SceI,YJL019W,0.2020167112350464
Endo.SceI,YJL018W,0.2020167112350464
Endo.SceI,YNR032C-A,0.2020167112350464
Endo.SceI,YGL178W,0.2020167112350464
Endo.SceI,YKL116C,0.2020167112350464
Endo.SceI,YDL214C,0.2020167112350464
Endo.SceI,YLR362W,0.2020167112350464
Endo.SceI,YER068W,0.2020167112350464
Endo.SceI,YHR084W,0.2020167112350464
Endo.SceI,YDR392W,0.2020167112350464
Endo.SceI,YNL053W,0.2020167112350464
Endo.SceI,YGR040W,0.2020167112350464
Endo.SceI,YDL216C,0.2020167112350464
Endo.SceI,YOL117W,0.2020167112350464
Endo.SceI,YJR086W,0.2020167112350464
Endo.SceI,YMR025W,0.2020167112350464
Endo.SceI,YBR081C,0.2020167112350464
Endo.SceI,YFL026W,0.2020167112350464
Endo.SceI,YHL007C,0.2020167112350464
Endo.SceI,YNR044W,0.2020167112350464
Endo.SceI,YNL271C,0.2020167112350464
Endo.SceI,YDR200C,0.2020167112350464
Endo.SceI,YKL178C,0.2020167112350464
Endo.SceI,YOR212W,0.2020167112350464
Endo.SceI,YOL111C,0.2020167112350464
Endo.SceI,YGL032C,0.2020167112350464
Endo.SceI,YHR005C,0.2020167112350464
Endo.SceI,YDR103W,0.2020167112350464
Endo.SceI,YJR084W,0.2020167112350464
Endo.SceI,YCL032W,0.2020167112350464
Endo.SceI,YJL170C,0.2020167112350464
Endo.SceI,YDR179C,0.2020167112350464
Endo.SceI,YBR095C,0.2020167112350464
Endo.SceI,YLL021W,0.2020167112350464
Endo.SceI,YDL159W,0.2020167112350464
Endo.SceI,YNL161W,0.2020167112350464
Endo.SceI,YNL188W,0.2020167112350464
Endo.SceI,YJL157C,0.2020167112350464
Endo.SceI,YJL034W,0.2020167112350464
Endo.SceI,YLR238W,0.2020167112350464
Endo.SceI,YPR141C,0.2020167112350464
Endo.SceI,YNL127W,0.2020167112350464
Endo.SceI,YCL055W,0.2020167112350464
Endo.SceI,YPR122W,0.2020167112350464
Endo.SceI,YMR065W,0.2020167112350464
Endo.SceI,YDR356W,0.2020167112350464
Endo.SceI,YMR052W,0.2020167112350464
Endo.SceI,YFR008W,0.2020167112350464
Endo.SceI,YLL043W,0.2020167112350464
Endo.SceI,YMR029C,0.2020167112350464
Endo.SceI,YJR004C,0.2020167112350464
Endo.SceI,YDL223C,0.2020167112350464
Endo.SceI,YHR158C,0.2020167112350464
Endo.SceI,YGR238C,0.2020167112350464
Endo.SceI,YIL015W,0.2020167112350464
Endo.SceI,YGL173C,0.2020167112350464
Endo.SceI,YDL225W,0.2020167112350464
Endo.SceI,YLR330W,0.2020167112350464
Endo.SceI,YBR129C,0.2020167112350464
Endo.SceI,YKR095W-A,0.2020167112350464
Endo.SceI,YPR075C,0.2020167112350464
Endo.SceI,YMR198W,0.2020167112350464
Endo.SceI,YOR127W,0.2020167112350464
Endo.SceI,YDR264C,0.2020167112350464
Endo.SceI,YLR110C,0.2020167112350464
Endo.SceI,YDR379W,0.2020167112350464
Endo.SceI,YDL100C,0.2020167112350464
Endo.SceI,YHR073W,0.2020167112350464
Endo.SceI,YJR090C,0.2020167112350464
Endo.SceI,YOR208W,0.2020167112350464
Endo.SceI,YBR040W,0.2020167112350464
Endo.SceI,YNL279W,0.2020167112350464
Endo.SceI,YER075C,0.2020167112350464
Endo.SceI,YCR089W,0.2020167112350464
Endo.SceI,YCR002C,0.2020167112350464
Endo.SceI,YJL108C,0.2020167112350464
Endo.SceI,YBR200W,0.2020167112350464
Endo.SceI,YIL026C,0.2020167112350464
Endo.SceI,YJR076C,0.2020167112350464
Endo.SceI,YKR031C,0.2020167112350464
Endo.SceI,YPL192C,0.2020167112350464
Endo.SceI,YHR107C,0.2020167112350464
Endo.SceI,YIL037C,0.2020167112350464
Endo.SceI,YPL156C,0.2020167112350464
Endo.SceI,YIL117C,0.2020167112350464
Endo.SceI,YHR066W,0.2020167112350464
Endo.SceI,YML085C,0.2020167112350464
Endo.SceI,YML047C,0.2020167112350464
Endo.SceI,YDR312W,0.2020167112350464
Endo.SceI,YFL037W,0.2020167112350464
Endo.SceI,YDL038C,0.2020167112350464
Endo.SceI,YDL039C,0.2020167112350464
Endo.SceI,YCL027W,0.2020167112350464
Endo.SceI,YML124C,0.2020167112350464
Endo.SceI,YGL053W,0.2020167112350464
Endo.SceI,YMR232W,0.2020167112350464
Endo.SceI,YNL298W,0.2020167112350464
Endo.SceI,YGL099W,0.2020167112350464
Endo.SceI,YBL016W,0.2020167112350464
Endo.SceI,YAL041W,0.2020167112350464
Endo.SceI,YDR085C,0.2020167112350464
Endo.SceI,YPL187W,0.2020167112350464
Endo.SceI,YPL256C,0.2020167112350464
Endo.SceI,YDR461W,0.2020167112350464
Endo.SceI,YNL145W,0.2020167112350464
YMR106C,YDL165W,6.819386028089625e-11
YMR106C,YGR059W,9.500925601813037e-10
YMR106C,YBR109C,0.0011112912325188518
YMR106C,YJL080C,4.743029524689746e-09
YMR106C,YCR093W,0.00020035800116602331
YMR106C,YIL122W,1.0060951353807468e-05
YMR106C,YCL029C,3.240179652364006e-11
YMR106C,YNL173C,1.4816337170486804e-05
YMR106C,YLR452C,0.9999486207962036
YMR106C,YDL160C,3.265605982960551e-06
YMR106C,YLR229C,1.8077581098729922e-10
YMR106C,YML057W,0.01779215969145298
YMR106C,YER149C,5.3798183685671574e-09
YMR106C,YMR305C,2.7771795974018687e-09
YMR106C,YLR433C,1.284313384530833e-07
YMR106C,YJL073W,0.00012171144044259563
YMR106C,YGR279C,4.3757788148468535e-07
YMR106C,YKL190W,5.457061647007322e-08
YMR106C,YGL089C,1.6875767450130752e-09
YMR106C,YJL019W,1.3599844805867178e-07
YMR106C,YJL018W,0.0009700476657599211
YMR106C,YNR032C-A,0.9838992357254028
YMR106C,YGL178W,6.848326350450407e-10
YMR106C,YKL116C,0.01597648113965988
YMR106C,YDL214C,1.4404081412067171e-05
YMR106C,YLR362W,5.819389843964018e-05
YMR106C,YER068W,1.788601184671279e-05
YMR106C,YHR084W,3.3858052472801603e-10
YMR106C,YDR392W,2.7570873498916626e-05
YMR106C,YNL053W,0.03319869562983513
YMR106C,YGR040W,1.7213996894582806e-09
YMR106C,YDL216C,0.0013562067179009318
YMR106C,YOL117W,0.00024417947861365974
YMR106C,YJR086W,1.7944604735475878e-07
YMR106C,YMR025W,1.4570155748572233e-08
YMR106C,YBR081C,0.016982531175017357
YMR106C,YFL026W,0.06461285799741745
YMR106C,YHL007C,1.6832296667601554e-10
YMR106C,YNR044W,0.0005124283488839865
YMR106C,YNL271C,0.7871273756027222
YMR106C,YDR200C,0.00013030240370426327
YMR106C,YKL178C,4.544815965346061e-05
YMR106C,YOR212W,4.494435870583402e-06
YMR106C,YOL111C,4.997581072530011e-06
YMR106C,YGL032C,4.208528480376117e-05
YMR106C,YHR005C,0.006974457763135433
YMR106C,YDR103W,3.9029483644981156e-08
YMR106C,YJR084W,1.5465664091607323e-06
YMR106C,YCL032W,8.432630982380118e-11
YMR106C,YJL170C,9.574302384862676e-05
YMR106C,YDR179C,4.106010965188034e-05
YMR106C,YBR095C,2.272164123517939e-10
YMR106C,YLL021W,7.938573409749239e-11
YMR106C,YDL159W,0.0004183248383924365
YMR106C,YNL161W,5.210138624534011e-06
YMR106C,YNL188W,4.522998642642051e-05
YMR106C,YJL157C,1.7658584283708478e-07
YMR106C,YJL034W,0.0008454645285382867
YMR106C,YLR238W,6.689907650070381e-08
YMR106C,YPR141C,2.1554862996708835e-06
YMR106C,YNL127W,2.890756800599803e-10
YMR106C,YCL055W,2.4145492716343142e-05
YMR106C,YPR122W,0.0009874231182038784
YMR106C,YMR065W,4.852320785175834e-07
YMR106C,YDR356W,0.007131078280508518
YMR106C,YMR052W,2.4777767393402428e-08
YMR106C,YFR008W,2.9824406738043763e-05
YMR106C,YLL043W,6.911060950187675e-07
YMR106C,YMR029C,2.199094417676406e-08
YMR106C,YJR004C,1.8756136509374965e-13
YMR106C,YDL223C,6.60106191929799e-10
YMR106C,YHR158C,8.070130674830978e-10
YMR106C,YGR238C,2.043206706048295e-07
YMR106C,YIL015W,0.00442995922639966
YMR106C,YGL173C,0.0001803033665055409
YMR106C,YDL225W,2.3688508932195873e-09
YMR106C,YLR330W,0.00025997788179665804
YMR106C,YBR129C,2.7420380202536343e-11
YMR106C,YKR095W-A,0.2020167112350464
YMR106C,YPR075C,4.896627433481626e-05
YMR106C,YMR198W,4.302252065713219e-08
YMR106C,YOR127W,3.135019674416206e-11
YMR106C,YDR264C,0.0019601478707045317
YMR106C,YLR110C,0.9994980096817017
YMR106C,YDR379W,0.0003603256191127002
YMR106C,YDL100C,0.00014593283412978053
YMR106C,YHR073W,3.1996535199141363e-06
YMR106C,YJR090C,6.1196960814413615e-06
YMR106C,YOR208W,0.03384311497211456
YMR106C,YBR040W,6.275674735434222e-08
YMR106C,YNL279W,0.009951836429536343
YMR106C,YER075C,4.0084575658738686e-08
YMR106C,YCR089W,3.378862402314553e-06
YMR106C,YCR002C,2.151090302504599e-05
YMR106C,YJL108C,1.80430433829315e-05
YMR106C,YBR200W,3.841667428616802e-09
YMR106C,YIL026C,1.8221676612029114e-08
YMR106C,YJR076C,0.00016860355390235782
YMR106C,YKR031C,3.8341482877513045e-07
YMR106C,YPL192C,3.0204031276070964e-08
YMR106C,YHR107C,8.935657547226583e-08
YMR106C,YIL037C,5.8534409618005157e-05
YMR106C,YPL156C,2.8451963007825043e-10
YMR106C,YIL117C,3.0447993015769725e-09
YMR106C,YHR066W,1.1093583056299636e-13
YMR106C,YML085C,0.00047161654219962656
YMR106C,YML047C,6.921846943441778e-05
YMR106C,YDR312W,0.0002421857207082212
YMR106C,YFL037W,0.9995934367179871
YMR106C,YDL038C,0.2020167112350464
YMR106C,YDL039C,1.4196941352010405e-14
YMR106C,YCL027W,0.3903660774230957
YMR106C,YML124C,2.629090056771588e-09
YMR106C,YGL053W,3.172357878611365e-07
YMR106C,YMR232W,0.00030875016818754375
YMR106C,YNL298W,9.982398978536366e-07
YMR106C,YGL099W,1.4533234615754509e-09
YMR106C,YBL016W,5.7366032706340775e-05
YMR106C,YAL041W,3.28031528624706e-05
YMR106C,YDR085C,6.183388904901221e-05
YMR106C,YPL187W,1.8678096580515557e-07
YMR106C,YPL256C,1.1410350442275785e-10
YMR106C,YDR461W,2.310370383895588e-08
YMR106C,YNL145W,0.012546208687126637
YGR100W,YDL165W,3.8318702877404576e-08
YGR100W,YGR059W,0.00470372661948204
YGR100W,YBR109C,1.3787833097467228e-07
YGR100W,YJL080C,3.929298220128885e-09
YGR100W,YCR093W,0.00037204669206403196
YGR100W,YIL122W,0.0002316819882253185
YGR100W,YCL029C,4.492588686844101e-06
YGR100W,YNL173C,0.16477422416210175
YGR100W,YLR452C,0.007600311189889908
YGR100W,YDL160C,0.08495587110519409
YGR100W,YLR229C,0.00027111120289191604
YGR100W,YML057W,7.963432153701433e-07
YGR100W,YER149C,2.2170270952415194e-08
YGR100W,YMR305C,0.055754996836185455
YGR100W,YLR433C,1.4202861997603122e-08
YGR100W,YJL073W,5.355106982851687e-12
YGR100W,YGR279C,9.353087748742439e-11
YGR100W,YKL190W,0.8459544777870178
YGR100W,YGL089C,0.01845460757613182
YGR100W,YJL019W,0.02712865173816681
YGR100W,YJL018W,0.0018962863832712173
YGR100W,YNR032C-A,0.9871975183486938
YGR100W,YGL178W,2.2850983605327002e-10
YGR100W,YKL116C,2.1963608105579624e-06
YGR100W,YDL214C,0.030921177938580513
YGR100W,YLR362W,1.1824712216335076e-11
YGR100W,YER068W,8.761828068637456e-11
YGR100W,YHR084W,3.947546289850834e-08
YGR100W,YDR392W,0.000605361012276262
YGR100W,YNL053W,4.699157216236927e-06
YGR100W,YGR040W,0.05452413111925125
YGR100W,YDL216C,8.026568742991458e-09
YGR100W,YOL117W,0.00041293189860880375
YGR100W,YJR086W,3.010899529698463e-09
YGR100W,YMR025W,0.00019287689065095037
YGR100W,YBR081C,0.9414011240005493
YGR100W,YFL026W,6.335725970529893e-07
YGR100W,YHL007C,1.6583177973178431e-12
YGR100W,YNR044W,0.002364710671827197
YGR100W,YNL271C,0.8244662880897522
YGR100W,YDR200C,7.413513230858371e-06
YGR100W,YKL178C,0.5871617197990417
YGR100W,YOR212W,6.433501648084317e-11
YGR100W,YOL111C,3.082745934079867e-06
YGR100W,YGL032C,3.1878964819043176e-06
YGR100W,YHR005C,0.13387426733970642
YGR100W,YDR103W,1.9091237035695485e-08
YGR100W,YJR084W,2.510095100660692e-06
YGR100W,YCL032W,0.0005311825079843402
YGR100W,YJL170C,0.7368029356002808
YGR100W,YDR179C,2.6307363405753126e-12
YGR100W,YBR095C,0.18423622846603394
YGR100W,YLL021W,9.734853548271083e-12
YGR100W,YDL159W,3.392905068011487e-09
YGR100W,YNL161W,1.0811392712639645e-05
YGR100W,YNL188W,7.07648410980255e-08
YGR100W,YJL157C,0.0023865450639277697
YGR100W,YJL034W,1.1797909871269496e-10
YGR100W,YLR238W,3.2384054549083885e-08
YGR100W,YPR141C,0.0060796658508479595
YGR100W,YNL127W,0.0015713800676167011
YGR100W,YCL055W,0.00036221538903191686
YGR100W,YPR122W,2.678502397657212e-08
YGR100W,YMR065W,0.015250511467456818
YGR100W,YDR356W,4.052289568790002e-06
YGR100W,YMR052W,8.823850293993019e-06
YGR100W,YFR008W,4.267621989129111e-06
YGR100W,YLL043W,7.736826773907524e-06
YGR100W,YMR029C,0.004188496619462967
YGR100W,YJR004C,0.00010354065307183191
YGR100W,YDL223C,5.002769865036782e-10
YGR100W,YHR158C,1.8717871697049304e-08
YGR100W,YGR238C,2.6781992801261367e-07
YGR100W,YIL015W,2.9459313282131916e-06
YGR100W,YGL173C,1.1225748494325671e-05
YGR100W,YDL225W,3.408587508602068e-05
YGR100W,YLR330W,0.21720294654369354
YGR100W,YBR129C,1.4454391017437729e-09
YGR100W,YKR095W-A,0.2020167112350464
YGR100W,YPR075C,5.1958906808710105e-17
YGR100W,YMR198W,2.6077362491605527e-08
YGR100W,YOR127W,0.00023257882276084274
YGR100W,YDR264C,0.002549199853092432
YGR100W,YLR110C,0.005095460452139378
YGR100W,YDR379W,0.017790228128433228
YGR100W,YDL100C,0.40142112970352173
YGR100W,YHR073W,3.4356762057541346e-07
YGR100W,YJR090C,0.021810496225953102
YGR100W,YOR208W,1.9874370593697677e-07
YGR100W,YBR040W,0.9992669224739075
YGR100W,YNL279W,3.662008384708315e-05
YGR100W,YER075C,6.563379884028109e-08
YGR100W,YCR089W,0.010103483684360981
YGR100W,YCR002C,0.050168149173259735
YGR100W,YJL108C,0.8395451307296753
YGR100W,YBR200W,8.067997896432644e-07
YGR100W,YIL026C,0.002395066898316145
YGR100W,YJR076C,2.0621914131879748e-07
YGR100W,YKR031C,0.0038135263603180647
YGR100W,YPL192C,1.6759322534198873e-05
YGR100W,YHR107C,7.772575985609542e-12
YGR100W,YIL037C,0.04032959043979645
YGR100W,YPL156C,0.00021341859246604145
YGR100W,YIL117C,3.20493562244728e-11
YGR100W,YHR066W,8.78201453775645e-24
YGR100W,YML085C,3.700012257468188e-06
YGR100W,YML047C,0.002312704222276807
YGR100W,YDR312W,1.3595504242402967e-06
YGR100W,YFL037W,1.66280494795501e-06
YGR100W,YDL038C,0.2020167112350464
YGR100W,YDL039C,1.8648619819524273e-17
YGR100W,YCL027W,4.2938100991429806e-11
YGR100W,YML124C,1.1883645179011637e-09
YGR100W,YGL053W,0.9901711344718933
YGR100W,YMR232W,0.00013284201850183308
YGR100W,YNL298W,3.796174325998436e-07
YGR100W,YGL099W,1.0752607868151696e-15
YGR100W,YBL016W,1.3873245734430384e-05
YGR100W,YAL041W,0.0005413460894487798
YGR100W,YDR085C,0.036569081246852875
YGR100W,YPL187W,0.016192181035876274
YGR100W,YPL256C,1.6888927254865398e-14
YGR100W,YDR461W,3.124696945633332e-08
YGR100W,YNL145W,2.228285778116401e-09
YDR331W,YDL165W,0.005303698126226664
YDR331W,YGR059W,1.4048178310736847e-13
YDR331W,YBR109C,0.9967143535614014
YDR331W,YJL080C,0.00012927112402394414
YDR331W,YCR093W,4.657221275294887e-09
YDR331W,YIL122W,9.727002189818812e-12
YDR331W,YCL029C,1.2355832231924352e-13
YDR331W,YNL173C,1.0064409375343253e-11
YDR331W,YLR452C,1.3990255865792278e-05
YDR331W,YDL160C,1.9856781108273935e-08
YDR331W,YLR229C,1.1682087297515409e-08
YDR331W,YML057W,1.4593779675930833e-14
YDR331W,YER149C,0.0004378287121653557
YDR331W,YMR305C,2.7351836351385828e-08
YDR331W,YLR433C,3.8970285332062815e-11
YDR331W,YJL073W,5.422285884182365e-11
YDR331W,YGR279C,0.9999812841415405
YDR331W,YKL190W,0.0009085593628697097
YDR331W,YGL089C,0.9996603727340698
YDR331W,YJL019W,5.612960052303606e-08
YDR331W,YJL018W,0.001454654149711132
YDR331W,YNR032C-A,0.05462232977151871
YDR331W,YGL178W,1.754015932498021e-09
YDR331W,YKL116C,1.4068414202483837e-06
YDR331W,YDL214C,4.842967769036477e-07
YDR331W,YLR362W,1.8852537586599993e-10
YDR331W,YER068W,9.51686331518431e-07
YDR331W,YHR084W,0.3010137975215912
YDR331W,YDR392W,0.9910845756530762
YDR331W,YNL053W,0.0027960925363004208
YDR331W,YGR040W,7.406652002828196e-06
YDR331W,YDL216C,1.3322042254071409e-11
YDR331W,YOL117W,0.0004075713804922998
YDR331W,YJR086W,0.6996198296546936
YDR331W,YMR025W,9.506087508270866e-07
YDR331W,YBR081C,2.711041027086969e-13
YDR331W,YFL026W,0.012196797877550125
YDR331W,YHL007C,1.3729102923965009e-11
YDR331W,YNR044W,1.0654635929085998e-07
YDR331W,YNL271C,1.1038785032724263e-06
YDR331W,YDR200C,8.088233555136881e-11
YDR331W,YKL178C,0.9173582196235657
YDR331W,YOR212W,8.396872726734728e-05
YDR331W,YOL111C,4.610768840868049e-19
YDR331W,YGL032C,0.18923062086105347
YDR331W,YHR005C,0.018566051498055458
YDR331W,YDR103W,1.2664957466768101e-05
YDR331W,YJR084W,2.4992782954313952e-08
YDR331W,YCL032W,1.964386769567894e-12
YDR331W,YJL170C,0.4420350193977356
YDR331W,YDR179C,7.6213696047489066e-06
YDR331W,YBR095C,0.0010638771345838904
YDR331W,YLL021W,8.58621073546173e-12
YDR331W,YDL159W,5.011545648955784e-14
YDR331W,YNL161W,0.23129844665527344
YDR331W,YNL188W,6.810724926253897e-07
YDR331W,YJL157C,0.001708224299363792
YDR331W,YJL034W,2.241259539070839e-10
YDR331W,YLR238W,0.00021542048489209265
YDR331W,YPR141C,0.022712787613272667
YDR331W,YNL127W,1.3875653166905977e-05
YDR331W,YCL055W,7.558077635328082e-16
YDR331W,YPR122W,0.002055200282484293
YDR331W,YMR065W,0.06453610956668854
YDR331W,YDR356W,1.073384396477195e-06
YDR331W,YMR052W,0.020692788064479828
YDR331W,YFR008W,0.0009734862833283842
YDR331W,YLL043W,2.0498836761362327e-07
YDR331W,YMR029C,1.4369411474035587e-05
YDR331W,YJR004C,8.59902460348394e-09
YDR331W,YDL223C,3.768792833369616e-09
YDR331W,YHR158C,0.00016346096526831388
YDR331W,YGR238C,6.009789558447665e-06
YDR331W,YIL015W,0.002995962044224143
YDR331W,YGL173C,4.862205514655216e-06
YDR331W,YDL225W,0.042505521327257156
YDR331W,YLR330W,4.170073845694705e-13
YDR331W,YBR129C,0.00014092231867834926
YDR331W,YKR095W-A,0.2020167112350464
YDR331W,YPR075C,9.338635420519381e-10
YDR331W,YMR198W,0.09195684641599655
YDR331W,YOR127W,1.2872274801623007e-08
YDR331W,YDR264C,6.370292597816237e-17
YDR331W,YLR110C,0.0033141232561320066
YDR331W,YDR379W,0.16414815187454224
YDR331W,YDL100C,5.660350552716409e-07
YDR331W,YHR073W,3.892217534939846e-07
YDR331W,YJR090C,2.691136273824668e-07
YDR331W,YOR208W,2.3193107590718798e-12
YDR331W,YBR040W,0.5512449741363525
YDR331W,YNL279W,2.901233165175654e-05
YDR331W,YER075C,0.00038607316673733294
YDR331W,YCR089W,2.9003342206124216e-05
YDR331W,YCR002C,0.16963055729866028
YDR331W,YJL108C,0.10460925847291946
YDR331W,YBR200W,6.763153237443476e-08
YDR331W,YIL026C,2.3786460648378416e-11
YDR331W,YJR076C,7.138114597182721e-06
YDR331W,YKR031C,0.02208641730248928
YDR331W,YPL192C,0.0005708285607397556
YDR331W,YHR107C,1.8448379705660045e-05
YDR331W,YIL037C,0.7484762072563171
YDR331W,YPL156C,5.637551936388263e-08
YDR331W,YIL117C,1.0010093319579028e-05
YDR331W,YHR066W,1.0150587035945464e-14
YDR331W,YML085C,2.1839753117092187e-08
YDR331W,YML047C,0.4412679076194763
YDR331W,YDR312W,1.7640972016508272e-10
YDR331W,YFL037W,1.735531163227222e-11
YDR331W,YDL038C,0.2020167112350464
YDR331W,YDL039C,3.0349425195197455e-09
YDR331W,YCL027W,0.017614848911762238
YDR331W,YML124C,0.00011979169357800856
YDR331W,YGL053W,1.1770386098078345e-12
YDR331W,YMR232W,0.2224739044904709
YDR331W,YNL298W,6.552300368944941e-11
YDR331W,YGL099W,4.9882227237674215e-09
YDR331W,YBL016W,2.968474355213857e-09
YDR331W,YAL041W,4.4006137613905594e-05
YDR331W,YDR085C,2.9363493013079278e-05
YDR331W,YPL187W,0.03232777863740921
YDR331W,YPL256C,0.00011697945592459291
YDR331W,YDR461W,1.0663372904673452e-06
YDR331W,YNL145W,7.25456266081892e-05
YER112W,YDL165W,0.0001958008506335318
YER112W,YGR059W,1.7343843917473623e-13
YER112W,YBR109C,0.000531491416040808
YER112W,YJL080C,0.8541027903556824
YER112W,YCR093W,0.017311042174696922
YER112W,YIL122W,0.657112181186676
YER112W,YCL029C,3.9089667896301543e-16
YER112W,YNL173C,4.5334013520914596e-07
YER112W,YLR452C,0.0001180084072984755
YER112W,YDL160C,0.0005931838531978428
YER112W,YLR229C,1.5654162552891648e-06
YER112W,YML057W,4.816689824771458e-10
YER112W,YER149C,0.00010106081026606262
YER112W,YMR305C,0.11908019334077835
YER112W,YLR433C,0.00030590343521907926
YER112W,YJL073W,0.0036629566457122564
YER112W,YGR279C,0.13326624035835266
YER112W,YKL190W,0.00019920666818507016
YER112W,YGL089C,1.0691543138818815e-05
YER112W,YJL019W,1.2541772065333134e-09
YER112W,YJL018W,0.0010742100421339273
YER112W,YNR032C-A,0.009309524670243263
YER112W,YGL178W,4.797913621956695e-09
YER112W,YKL116C,4.207915699910858e-12
YER112W,YDL214C,0.9254024028778076
YER112W,YLR362W,1.1319750683469465e-06
YER112W,YER068W,6.832668987044599e-06
YER112W,YHR084W,3.296411887276918e-05
YER112W,YDR392W,1.5250453543558251e-05
YER112W,YNL053W,1.798744597181212e-05
YER112W,YGR040W,0.00024995525018312037
YER112W,YDL216C,6.846509495517239e-05
YER112W,YOL117W,0.00012539095769170672
YER112W,YJR086W,1.540916005904336e-11
YER112W,YMR025W,1.3886296557075184e-08
YER112W,YBR081C,5.117886558991813e-08
YER112W,YFL026W,0.0021882057189941406
YER112W,YHL007C,2.0941681668773526e-06
YER112W,YNR044W,3.9111750993470196e-06
YER112W,YNL271C,2.2687774617224932e-05
YER112W,YDR200C,0.00017684105841908604
YER112W,YKL178C,0.055028680711984634
YER112W,YOR212W,0.00012773468915838748
YER112W,YOL111C,3.702306897065662e-15
YER112W,YGL032C,1.7163931431696255e-07
YER112W,YHR005C,5.055778018459023e-10
YER112W,YDR103W,4.214817730940901e-11
YER112W,YJR084W,2.848764097507228e-06
YER112W,YCL032W,0.00011654100671876222
YER112W,YJL170C,3.919505616067909e-06
YER112W,YDR179C,1.2978257579732144e-08
YER112W,YBR095C,2.1003744576919559e-10
YER112W,YLL021W,0.00013651518383994699
YER112W,YDL159W,1.304810837154946e-07
YER112W,YNL161W,6.557910091942176e-05
YER112W,YNL188W,0.020164599642157555
YER112W,YJL157C,2.5733993425092194e-06
YER112W,YJL034W,2.59518989631502e-10
YER112W,YLR238W,8.38918001733191e-09
YER112W,YPR141C,0.1614970862865448
YER112W,YNL127W,5.406323566603533e-07
YER112W,YCL055W,3.596369788283482e-05
YER112W,YPR122W,0.7757102251052856
YER112W,YMR065W,3.669286525109783e-05
YER112W,YDR356W,0.0003152192512061447
YER112W,YMR052W,0.001557629555463791
YER112W,YFR008W,0.06145050749182701
YER112W,YLL043W,0.06779726594686508
YER112W,YMR029C,5.1340179197723046e-05
YER112W,YJR004C,3.0494735625552494e-08
YER112W,YDL223C,8.158023952556381e-13
YER112W,YHR158C,1.926010736497119e-05
YER112W,YGR238C,0.0013429090613499284
YER112W,YIL015W,1.105139944002076e-07
YER112W,YGL173C,0.0036677210591733456
YER112W,YDL225W,0.00045625458005815744
YER112W,YLR330W,5.8005202845379245e-06
YER112W,YBR129C,2.528906009047205e-07
YER112W,YKR095W-A,0.2020167112350464
YER112W,YPR075C,7.3638806163955906e-09
YER112W,YMR198W,3.4127267554140417e-06
YER112W,YOR127W,1.232031698883418e-10
YER112W,YDR264C,1.5183216905967356e-09
YER112W,YLR110C,0.7288421988487244
YER112W,YDR379W,0.9460225701332092
YER112W,YDL100C,1.4387155715667177e-06
YER112W,YHR073W,0.002773789456114173
YER112W,YJR090C,1.2627623391381348e-06
YER112W,YOR208W,0.09600207954645157
YER112W,YBR040W,0.38385096192359924
YER112W,YNL279W,1.8949365767184645e-05
YER112W,YER075C,0.28968188166618347
YER112W,YCR089W,2.144639984180685e-05
YER112W,YCR002C,0.002284248126670718
YER112W,YJL108C,0.19295985996723175
YER112W,YBR200W,0.00010008213575929403
YER112W,YIL026C,1.1424044714658521e-05
YER112W,YJR076C,0.03606131672859192
YER112W,YKR031C,0.15957030653953552
YER112W,YPL192C,0.8003371357917786
YER112W,YHR107C,5.204097419664322e-08
YER112W,YIL037C,2.0380088017191156e-07
YER112W,YPL156C,0.008827331475913525
YER112W,YIL117C,2.2165181690070312e-07
YER112W,YHR066W,1.603502587626049e-16
YER112W,YML085C,5.138973014490178e-13
YER112W,YML047C,0.046819936484098434
YER112W,YDR312W,7.997456863417796e-13
YER112W,YFL037W,6.399966667736123e-11
YER112W,YDL038C,0.2020167112350464
YER112W,YDL039C,5.1532966262313185e-12
YER112W,YCL027W,8.036246668119418e-10
YER112W,YML124C,4.571630075368704e-13
YER112W,YGL053W,1.6049372941751017e-09
YER112W,YMR232W,9.328686246590223e-06
YER112W,YNL298W,2.4017940414289285e-13
YER112W,YGL099W,5.798409669077742e-11
YER112W,YBL016W,4.82073669871852e-09
YER112W,YAL041W,0.0006907395436428487
YER112W,YDR085C,0.0008618683204986155
YER112W,YPL187W,2.256528644495326e-11
YER112W,YPL256C,1.5438607761097956e-06
YER112W,YDR461W,2.0854827198490966e-08
YER112W,YNL145W,3.4108527415810386e-06
YML063W,YDL165W,1.6751890541399916e-08
YML063W,YGR059W,8.490205608870094e-13
YML063W,YBR109C,2.1790088794659823e-05
YML063W,YJL080C,0.002800924237817526
YML063W,YCR093W,3.106379517703317e-05
YML063W,YIL122W,0.012748255394399166
YML063W,YCL029C,1.3138478922605182e-16
YML063W,YNL173C,0.00016777538985479623
YML063W,YLR452C,2.3589191187056713e-05
YML063W,YDL160C,5.411394568000105e-07
YML063W,YLR229C,1.5007243225895195e-09
YML063W,YML057W,8.236389868743199e-12
YML063W,YER149C,7.849345706745225e-08
YML063W,YMR305C,2.861730289045218e-14
YML063W,YLR433C,0.005422721151262522
YML063W,YJL073W,1.8434396906741313e-06
YML063W,YGR279C,1.981913328563678e-06
YML063W,YKL190W,2.34658109548036e-05
YML063W,YGL089C,8.643219916848466e-05
YML063W,YJL019W,0.00017682992620393634
YML063W,YJL018W,0.0007147187134250998
YML063W,YNR032C-A,3.4426292927491886e-07
YML063W,YGL178W,5.489653353681827e-16
YML063W,YKL116C,3.354029977862947e-16
YML063W,YDL214C,0.9152846932411194
YML063W,YLR362W,1.8206519191571457e-13
YML063W,YER068W,0.0011262906482443213
YML063W,YHR084W,5.496176291863719e-10
YML063W,YDR392W,0.005037217866629362
YML063W,YNL053W,5.619456113002512e-14
YML063W,YGR040W,2.514024117772351e-06
YML063W,YDL216C,1.7931330376086407e-07
YML063W,YOL117W,1.3249972299900215e-11
YML063W,YJR086W,1.577912058792208e-07
YML063W,YMR025W,1.0405543662272976e-06
YML063W,YBR081C,0.009278308600187302
YML063W,YFL026W,0.7656511664390564
YML063W,YHL007C,1.8508559151086956e-05
YML063W,YNR044W,0.000389599590562284
YML063W,YNL271C,1.668605439366852e-14
YML063W,YDR200C,1.3652838504185638e-07
YML063W,YKL178C,0.0007794856792315841
YML063W,YOR212W,9.594553951786274e-16
YML063W,YOL111C,7.883005636059523e-14
YML063W,YGL032C,3.228989271519822e-06
YML063W,YHR005C,0.1335083544254303
YML063W,YDR103W,0.012403348460793495
YML063W,YJR084W,1.3061808203929104e-06
YML063W,YCL032W,1.0119090347870952e-06
YML063W,YJL170C,0.06132332608103752
YML063W,YDR179C,7.823944733858956e-17
YML063W,YBR095C,5.95356097754518e-10
YML063W,YLL021W,3.4760430480673676e-06
YML063W,YDL159W,1.4149695859444478e-09
YML063W,YNL161W,5.01527075078001e-12
YML063W,YNL188W,3.311441787445801e-08
YML063W,YJL157C,7.732511297930955e-10
YML063W,YJL034W,1.4536748194071691e-10
YML063W,YLR238W,0.00029687696951441467
YML063W,YPR141C,6.476454355447414e-12
YML063W,YNL127W,8.24446555469649e-09
YML063W,YCL055W,2.2177317759997095e-07
YML063W,YPR122W,1.5547129805781879e-07
YML063W,YMR065W,0.0001274107489734888
YML063W,YDR356W,0.029059115797281265
YML063W,YMR052W,4.541662201518193e-05
YML063W,YFR008W,1.1672992216923972e-13
YML063W,YLL043W,5.029035781561886e-12
YML063W,YMR029C,2.0146217593469684e-12
YML063W,YJR004C,5.0742612074827775e-05
YML063W,YDL223C,3.1974578596580525e-25
YML063W,YHR158C,2.453567383986499e-11
YML063W,YGR238C,2.934715687626685e-15
YML063W,YIL015W,0.7447249293327332
YML063W,YGL173C,2.1366124656196916e-06
YML063W,YDL225W,1.6815676644910127e-05
YML063W,YLR330W,2.5315569952832906e-12
YML063W,YBR129C,0.0004901630454696715
YML063W,YKR095W-A,0.2020167112350464
YML063W,YPR075C,1.1451589459685052e-12
YML063W,YMR198W,1.7457185697011823e-09
YML063W,YOR127W,8.029982928592361e-13
YML063W,YDR264C,2.994645198484136e-09
YML063W,YLR110C,6.464107582537792e-10
YML063W,YDR379W,0.004035778809338808
YML063W,YDL100C,4.340007520031719e-12
YML063W,YHR073W,2.1037194208872734e-09
YML063W,YJR090C,2.4500754079781473e-05
YML063W,YOR208W,8.835671678752988e-07
YML063W,YBR040W,7.95359540006757e-07
YML063W,YNL279W,2.0391684624502734e-14
YML063W,YER075C,3.11959695409314e-07
YML063W,YCR089W,1.3380650898398017e-07
YML063W,YCR002C,8.241932846431155e-06
YML063W,YJL108C,3.6385245039127767e-06
YML063W,YBR200W,1.3836834455993596e-11
YML063W,YIL026C,1.637713321923364e-16
YML063W,YJR076C,1.1793616749855573e-07
YML063W,YKR031C,0.00014262851618696004
YML063W,YPL192C,0.16720739006996155
YML063W,YHR107C,7.19080844646669e-07
YML063W,YIL037C,1.7328072487998725e-07
YML063W,YPL156C,2.038790490599407e-11
YML063W,YIL117C,2.5450023931003225e-15
YML063W,YHR066W,9.853194171682844e-08
YML063W,YML085C,0.00842212326824665
YML063W,YML047C,0.9924378991127014
YML063W,YDR312W,0.0004242416762281209
YML063W,YFL037W,1.7072759874281473e-05
YML063W,YDL038C,0.2020167112350464
YML063W,YDL039C,3.194618235311669e-13
YML063W,YCL027W,2.8740502816190783e-13
YML063W,YML124C,3.742653298388632e-09
YML063W,YGL053W,4.9400997181869855e-11
YML063W,YMR232W,0.9631840586662292
YML063W,YNL298W,0.049574047327041626
YML063W,YGL099W,2.6203654357459527e-08
YML063W,YBL016W,1.011804307005093e-09
YML063W,YAL041W,4.574494383291494e-08
YML063W,YDR085C,1.0341570799710098e-07
YML063W,YPL187W,1.4036197626410285e-06
YML063W,YPL256C,8.796733119709188e-09
YML063W,YDR461W,1.6574751293685352e-10
YML063W,YNL145W,8.608517371166968e-11
YPL145C,YDL165W,0.05920577794313431
YPL145C,YGR059W,0.000377138756448403
YPL145C,YBR109C,1.4326642649997723e-10
YPL145C,YJL080C,3.448093650604278e-07
YPL145C,YCR093W,1.9019529418073944e-06
YPL145C,YIL122W,3.9431856748706196e-06
YPL145C,YCL029C,3.823585198459156e-11
YPL145C,YNL173C,0.009298448450863361
YPL145C,YLR452C,0.9943934679031372
YPL145C,YDL160C,0.02685321867465973
YPL145C,YLR229C,3.2891893653186344e-08
YPL145C,YML057W,7.957519443380079e-08
YPL145C,YER149C,8.410484531040652e-10
YPL145C,YMR305C,3.027901485097573e-08
YPL145C,YLR433C,2.6003488073911285e-07
YPL145C,YJL073W,5.156150506557822e-11
YPL145C,YGR279C,4.323038282905145e-08
YPL145C,YKL190W,0.0022905413061380386
YPL145C,YGL089C,0.9995985627174377
YPL145C,YJL019W,3.114294822026409e-09
YPL145C,YJL018W,0.0005556935793720186
YPL145C,YNR032C-A,0.6114834547042847
YPL145C,YGL178W,0.0055749849416315556
YPL145C,YKL116C,6.8269927488984194e-09
YPL145C,YDL214C,0.5024226307868958
YPL145C,YLR362W,4.271602165317745e-07
YPL145C,YER068W,1.4343577277031727e-05
YPL145C,YHR084W,1.583249753522864e-09
YPL145C,YDR392W,0.00012502870231401175
YPL145C,YNL053W,1.9487953977659345e-05
YPL145C,YGR040W,4.786504632647848e-06
YPL145C,YDL216C,0.10331988334655762
YPL145C,YOL117W,6.557723963851458e-08
YPL145C,YJR086W,0.00011079644173150882
YPL145C,YMR025W,2.790229882521089e-05
YPL145C,YBR081C,0.00023974446230567992
YPL145C,YFL026W,0.801950991153717
YPL145C,YHL007C,5.575277045588578e-11
YPL145C,YNR044W,0.2908787131309509
YPL145C,YNL271C,8.342119599547004e-07
YPL145C,YDR200C,7.498757170765202e-09
YPL145C,YKL178C,0.007211450021713972
YPL145C,YOR212W,0.0005514990189112723
YPL145C,YOL111C,4.061962571855204e-12
YPL145C,YGL032C,0.2834489941596985
YPL145C,YHR005C,0.4282643795013428
YPL145C,YDR103W,0.17873527109622955
YPL145C,YJR084W,3.4608297028171364e-07
YPL145C,YCL032W,2.3462489480152726e-06
YPL145C,YJL170C,1.108865126298042e-05
YPL145C,YDR179C,0.0002520526177249849
YPL145C,YBR095C,0.00016407950897701085
YPL145C,YLL021W,0.0008297745371237397
YPL145C,YDL159W,0.09071969985961914
YPL145C,YNL161W,2.2159709260449745e-05
YPL145C,YNL188W,2.465715851940331e-06
YPL145C,YJL157C,6.949229458541595e-08
YPL145C,YJL034W,2.371526031108573e-10
YPL145C,YLR238W,0.0009835739620029926
YPL145C,YPR141C,7.207599100889084e-11
YPL145C,YNL127W,2.326793946849648e-06
YPL145C,YCL055W,1.1187029258508119e-06
YPL145C,YPR122W,0.000128687679534778
YPL145C,YMR065W,0.002907890360802412
YPL145C,YDR356W,0.00433000922203064
YPL145C,YMR052W,0.007697082590311766
YPL145C,YFR008W,0.2153862565755844
YPL145C,YLL043W,0.6912935376167297
YPL145C,YMR029C,0.7054414749145508
YPL145C,YJR004C,8.024963449315692e-07
YPL145C,YDL223C,2.177810642933764e-08
YPL145C,YHR158C,0.0004714832757599652
YPL145C,YGR238C,0.00010434449359308928
YPL145C,YIL015W,0.27454042434692383
YPL145C,YGL173C,1.607738298048389e-08
YPL145C,YDL225W,0.09812651574611664
YPL145C,YLR330W,0.0003200549981556833
YPL145C,YBR129C,0.998171329498291
YPL145C,YKR095W-A,0.2020167112350464
YPL145C,YPR075C,1.779706622073718e-07
YPL145C,YMR198W,0.0003596920578274876
YPL145C,YOR127W,2.3065108156750114e-10
YPL145C,YDR264C,6.649574061157182e-05
YPL145C,YLR110C,1.4915555457406526e-09
YPL145C,YDR379W,0.007393160834908485
YPL145C,YDL100C,4.426287341630086e-05
YPL145C,YHR073W,1.8645023374119774e-05
YPL145C,YJR090C,1.6413400771853048e-07
YPL145C,YOR208W,4.798329609911889e-05
YPL145C,YBR040W,0.07482793927192688
YPL145C,YNL279W,0.9889609217643738
YPL145C,YER075C,6.585546774573459e-09
YPL145C,YCR089W,0.9735036492347717
YPL145C,YCR002C,2.177617034249124e-06
YPL145C,YJL108C,0.9999104738235474
YPL145C,YBR200W,2.561495016095705e-09
YPL145C,YIL026C,0.9797512888908386
YPL145C,YJR076C,0.7793236374855042
YPL145C,YKR031C,0.00015187653480097651
YPL145C,YPL192C,0.0017511717742308974
YPL145C,YHR107C,3.0251969292294234e-05
YPL145C,YIL037C,6.349950126605108e-06
YPL145C,YPL156C,2.8234654614323063e-09
YPL145C,YIL117C,0.0009642581571824849
YPL145C,YHR066W,1.5377639211913013e-13
YPL145C,YML085C,0.001305075129494071
YPL145C,YML047C,0.19331830739974976
YPL145C,YDR312W,0.00881730392575264
YPL145C,YFL037W,5.2008818585136396e-08
YPL145C,YDL038C,0.2020167112350464
YPL145C,YDL039C,1.2892161989697815e-18
YPL145C,YCL027W,0.9998440742492676
YPL145C,YML124C,1.8796080212268862e-06
YPL145C,YGL053W,4.115864157938631e-06
YPL145C,YMR232W,0.004591919016093016
YPL145C,YNL298W,0.0024568757507950068
YPL145C,YGL099W,2.0981174575496198e-09
YPL145C,YBL016W,3.460355401330162e-06
YPL145C,YAL041W,0.017172442749142647
YPL145C,YDR085C,0.0002995843533426523
YPL145C,YPL187W,0.8140842914581299
YPL145C,YPL256C,0.008910790085792542
YPL145C,YDR461W,1.202721366944104e-09
YPL145C,YNL145W,0.00028875755378976464
YKL120W,YDL165W,2.156087981763921e-11
YKL120W,YGR059W,1.912971598619015e-13
YKL120W,YBR109C,0.00011385585821699351
YKL120W,YJL080C,2.958402365038637e-05
YKL120W,YCR093W,1.7147750233648118e-11
YKL120W,YIL122W,1.1477797878800544e-10
YKL120W,YCL029C,2.4300379538063516e-19
YKL120W,YNL173C,4.179994406161569e-10
YKL120W,YLR452C,1.192840386465832e-07
YKL120W,YDL160C,8.696354747428359e-09
YKL120W,YLR229C,6.981022704355411e-11
YKL120W,YML057W,1.0756413121315589e-13
YKL120W,YER149C,9.91987071946468e-16
YKL120W,YMR305C,2.040026046251677e-16
YKL120W,YLR433C,7.51052375846939e-09
YKL120W,YJL073W,2.450229316588049e-14
YKL120W,YGR279C,0.19976790249347687
YKL120W,YKL190W,3.052716066043182e-11
YKL120W,YGL089C,1.3226268691379772e-10
YKL120W,YJL019W,2.9141934091564403e-12
YKL120W,YJL018W,0.0004927451955154538
YKL120W,YNR032C-A,0.009270920418202877
YKL120W,YGL178W,1.3167235161768874e-15
YKL120W,YKL116C,4.381838334537873e-19
YKL120W,YDL214C,6.339165303792527e-10
YKL120W,YLR362W,6.793279133665564e-11
YKL120W,YER068W,3.1494446873619625e-19
YKL120W,YHR084W,0.0001805499050533399
YKL120W,YDR392W,1.4640445106239852e-11
YKL120W,YNL053W,2.2442525455076056e-15
YKL120W,YGR040W,2.007582100560512e-09
YKL120W,YDL216C,2.491592567821499e-05
YKL120W,YOL117W,2.8045545486660162e-14
YKL120W,YJR086W,9.75786292045644e-13
YKL120W,YMR025W,0.9998282194137573
YKL120W,YBR081C,1.1817209042419563e-06
YKL120W,YFL026W,1.209266571322587e-07
YKL120W,YHL007C,2.705619109899288e-15
YKL120W,YNR044W,5.3346442818735795e-09
YKL120W,YNL271C,2.404871224034877e-12
YKL120W,YDR200C,4.79145329076202e-22
YKL120W,YKL178C,3.258853382703819e-07
YKL120W,YOR212W,9.196491658480799e-12
YKL120W,YOL111C,1.39901315495035e-20
YKL120W,YGL032C,1.7749285385632724e-13
YKL120W,YHR005C,6.527454843308078e-07
YKL120W,YDR103W,2.0459847149822963e-08
YKL120W,YJR084W,6.810748853780524e-09
YKL120W,YCL032W,1.2569824941652784e-15
YKL120W,YJL170C,8.189276559278369e-05
YKL120W,YDR179C,2.8843719079851837e-11
YKL120W,YBR095C,4.934150865665288e-10
YKL120W,YLL021W,1.2003686239436817e-11
YKL120W,YDL159W,2.0125724749394357e-14
YKL120W,YNL161W,8.99101692067829e-19
YKL120W,YNL188W,6.468609536902648e-10
YKL120W,YJL157C,7.635922449900079e-11
YKL120W,YJL034W,5.4659917623212095e-06
YKL120W,YLR238W,2.3412072280848406e-10
YKL120W,YPR141C,3.8651733723360504e-12
YKL120W,YNL127W,7.459694528755278e-10
YKL120W,YCL055W,1.8796489364980573e-10
YKL120W,YPR122W,2.3004391447312145e-10
YKL120W,YMR065W,0.00016970695287454873
YKL120W,YDR356W,1.5871073054024314e-17
YKL120W,YMR052W,1.901917676150333e-05
YKL120W,YFR008W,3.978655947539451e-21
YKL120W,YLL043W,7.375584055969898e-18
YKL120W,YMR029C,1.0892715488695357e-17
YKL120W,YJR004C,7.5602120050422e-12
YKL120W,YDL223C,3.740520523783244e-16
YKL120W,YHR158C,6.845020071320729e-18
YKL120W,YGR238C,8.934923867738435e-16
YKL120W,YIL015W,9.970511018764228e-05
YKL120W,YGL173C,3.102587978198734e-11
YKL120W,YDL225W,1.686370091963027e-13
YKL120W,YLR330W,4.2089829478718713e-16
YKL120W,YBR129C,3.2619215661888745e-10
YKL120W,YKR095W-A,0.2020167112350464
YKL120W,YPR075C,1.5513352524787992e-14
YKL120W,YMR198W,1.6797329323707554e-15
YKL120W,YOR127W,6.33864516430549e-10
YKL120W,YDR264C,3.0517843230249385e-15
YKL120W,YLR110C,3.3903497786980097e-09
YKL120W,YDR379W,6.635852978220669e-10
YKL120W,YDL100C,2.2036028510514435e-20
YKL120W,YHR073W,6.455929124626891e-09
YKL120W,YJR090C,1.1184318748913569e-10
YKL120W,YOR208W,2.7918496507683965e-12
YKL120W,YBR040W,0.0003432307858020067
YKL120W,YNL279W,7.935859434871073e-12
YKL120W,YER075C,1.7258862118315135e-14
YKL120W,YCR089W,0.03661483898758888
YKL120W,YCR002C,1.7274786202198245e-12
YKL120W,YJL108C,2.8997264589492033e-09
YKL120W,YBR200W,3.194849458365611e-17
YKL120W,YIL026C,2.393418435650877e-15
YKL120W,YJR076C,7.657950384931667e-10
YKL120W,YKR031C,4.881277604340539e-08
YKL120W,YPL192C,2.8411534458427923e-08
YKL120W,YHR107C,4.5293469495832905e-12
YKL120W,YIL037C,2.6307026002037048e-11
YKL120W,YPL156C,3.6709488426822645e-07
YKL120W,YIL117C,1.3076478918780388e-12
YKL120W,YHR066W,5.07021174380568e-15
YKL120W,YML085C,3.470277383055102e-14
YKL120W,YML047C,0.20224377512931824
YKL120W,YDR312W,6.656501928435296e-14
YKL120W,YFL037W,3.2524252388532737e-12
YKL120W,YDL038C,0.2020167112350464
YKL120W,YDL039C,7.74683095450257e-10
YKL120W,YCL027W,1.2086347547790588e-11
YKL120W,YML124C,1.4694239319136e-19
YKL120W,YGL053W,8.727787417228683e-07
YKL120W,YMR232W,4.976673608325655e-06
YKL120W,YNL298W,8.137452517376076e-12
YKL120W,YGL099W,1.0352370349853146e-10
YKL120W,YBL016W,1.3777279317395141e-09
YKL120W,YAL041W,5.822573143632326e-07
YKL120W,YDR085C,2.774200993371778e-06
YKL120W,YPL187W,1.6384219634346664e-05
YKL120W,YPL256C,9.451467217105446e-15
YKL120W,YDR461W,1.2861648635009715e-08
YKL120W,YNL145W,3.3328486590553444e-14
snR17a,YDL165W,2.6693917334341677e-06
snR17a,YGR059W,7.759125963957558e-08
snR17a,YBR109C,0.00014276090951170772
snR17a,YJL080C,0.022825662046670914
snR17a,YCR093W,0.00054098607506603
snR17a,YIL122W,0.0008752862340770662
snR17a,YCL029C,2.4206128728110343e-05
snR17a,YNL173C,0.0003622397198341787
snR17a,YLR452C,0.00026995103689841926
snR17a,YDL160C,0.03272969648241997
snR17a,YLR229C,3.0605297069996595e-06
snR17a,YML057W,2.1795700376969762e-05
snR17a,YER149C,8.368826456717215e-06
snR17a,YMR305C,0.0027089742943644524
snR17a,YLR433C,0.0003684413677547127
snR17a,YJL073W,0.035308223217725754
snR17a,YGR279C,0.00016524639795534313
snR17a,YKL190W,0.0013904619263485074
snR17a,YGL089C,1.6207860653594253e-07
snR17a,YJL019W,1.1650160558929201e-05
snR17a,YJL018W,0.2020167112350464
snR17a,YNR032C-A,6.491514341178117e-06
snR17a,YGL178W,0.029932675883173943
snR17a,YKL116C,0.006634717341512442
snR17a,YDL214C,0.0004980029771104455
snR17a,YLR362W,0.0005888071027584374
snR17a,YER068W,0.00010686606401577592
snR17a,YHR084W,8.657356715957576e-07
snR17a,YDR392W,9.599484656064305e-07
snR17a,YNL053W,8.970116141426843e-06
snR17a,YGR040W,0.0019645493011921644
snR17a,YDL216C,6.824353476986289e-06
snR17a,YOL117W,2.052093441307079e-05
snR17a,YJR086W,3.0189776225597598e-05
snR17a,YMR025W,0.004663876257836819
snR17a,YBR081C,2.0159775715455908e-07
snR17a,YFL026W,1.4913600352883805e-05
snR17a,YHL007C,3.2642078622302506e-06
snR17a,YNR044W,5.4233012633631006e-05
snR17a,YNL271C,1.0897308129642624e-05
snR17a,YDR200C,0.0007390097016468644
snR17a,YKL178C,1.5765161833769525e-06
snR17a,YOR212W,6.507785201392835e-06
snR17a,YOL111C,0.00015018040721770376
snR17a,YGL032C,6.00815064899507e-06
snR17a,YHR005C,0.0002477248490322381
snR17a,YDR103W,5.048023776765831e-09
snR17a,YJR084W,0.031249336898326874
snR17a,YCL032W,6.89358712406829e-05
snR17a,YJL170C,0.0003864321915898472
snR17a,YDR179C,1.2862924947398824e-08
snR17a,YBR095C,0.00010777244460768998
snR17a,YLL021W,1.918807720358018e-05
snR17a,YDL159W,8.269548561656848e-05
snR17a,YNL161W,0.00028820967418141663
snR17a,YNL188W,0.0023212081287056208
snR17a,YJL157C,7.991039638000075e-06
snR17a,YJL034W,0.046049244701862335
snR17a,YLR238W,0.002302381908521056
snR17a,YPR141C,6.945339009689633e-06
snR17a,YNL127W,0.004913822747766972
snR17a,YCL055W,0.00027294119354337454
snR17a,YPR122W,4.385874035506276e-06
snR17a,YMR065W,0.00021313207980711013
snR17a,YDR356W,0.00024792144540697336
snR17a,YMR052W,0.0005365558317862451
snR17a,YFR008W,6.563450369867496e-06
snR17a,YLL043W,9.039865290105809e-06
snR17a,YMR029C,2.429021650485197e-09
snR17a,YJR004C,0.00037385139148682356
snR17a,YDL223C,0.0004760933807119727
snR17a,YHR158C,0.002556227147579193
snR17a,YGR238C,0.00019967144180554897
snR17a,YIL015W,2.119528517141589e-06
snR17a,YGL173C,0.0013436345616355538
snR17a,YDL225W,2.6388550395495258e-05
snR17a,YLR330W,0.0006975928554311395
snR17a,YBR129C,8.831781087792479e-06
snR17a,YKR095W-A,0.2020167112350464
snR17a,YPR075C,2.332567237317562e-05
snR17a,YMR198W,0.001281850622035563
snR17a,YOR127W,0.0021106014028191566
snR17a,YDR264C,0.00027823433629237115
snR17a,YLR110C,8.65378460730426e-05
snR17a,YDR379W,0.0006254742620512843
snR17a,YDL100C,1.4364602975547314e-05
snR17a,YHR073W,0.0005890849861316383
snR17a,YJR090C,5.3482046496355906e-05
snR17a,YOR208W,0.047104086726903915
snR17a,YBR040W,1.965424045735631e-09
snR17a,YNL279W,1.2170695526947384e-06
snR17a,YER075C,0.00011859964433824643
snR17a,YCR089W,0.0007071451400406659
snR17a,YCR002C,1.625623735890258e-05
snR17a,YJL108C,0.5724855065345764
snR17a,YBR200W,0.001081730704754591
snR17a,YIL026C,4.765578341903165e-05
snR17a,YJR076C,7.053930312395096e-05
snR17a,YKR031C,2.211662604167941e-06
snR17a,YPL192C,8.090155461104587e-06
snR17a,YHR107C,0.00029732962138950825
snR17a,YIL037C,0.00010344215843360871
snR17a,YPL156C,0.00620914064347744
snR17a,YIL117C,0.44391000270843506
snR17a,YHR066W,6.684691470582038e-06
snR17a,YML085C,0.0378970243036747
snR17a,YML047C,3.505331278574886e-06
snR17a,YDR312W,8.139387500705197e-05
snR17a,YFL037W,0.004650249611586332
snR17a,YDL038C,0.2020167112350464
snR17a,YDL039C,0.037340231239795685
snR17a,YCL027W,7.573369202873437e-06
snR17a,YML124C,0.0024412027560174465
snR17a,YGL053W,0.00010816120629897341
snR17a,YMR232W,8.606199116911739e-06
snR17a,YNL298W,0.00016201676044147462
snR17a,YGL099W,2.7028159820474684e-05
snR17a,YBL016W,0.0011195061961188912
snR17a,YAL041W,4.1733710531843826e-07
snR17a,YDR085C,0.002447625622153282
snR17a,YPL187W,0.00033178526791743934
snR17a,YPL256C,4.34465209764312e-06
snR17a,YDR461W,1.955481110371693e-07
snR17a,YNL145W,1.603857526788488e-05
YMR088C,YDL165W,9.480826540508858e-11
YMR088C,YGR059W,0.1121506467461586
YMR088C,YBR109C,2.4047014379746656e-12
YMR088C,YJL080C,0.0006520022870972753
YMR088C,YCR093W,4.056759280501865e-06
YMR088C,YIL122W,1.4381790203188416e-09
YMR088C,YCL029C,9.390487276661474e-10
YMR088C,YNL173C,0.0005747508257627487
YMR088C,YLR452C,9.119113997257955e-08
YMR088C,YDL160C,0.017972184345126152
YMR088C,YLR229C,0.0004793502448592335
YMR088C,YML057W,1.5938618480593192e-11
YMR088C,YER149C,1.6308160866174148e-06
YMR088C,YMR305C,4.352167931598316e-12
YMR088C,YLR433C,1.4851003697913256e-06
YMR088C,YJL073W,0.042208872735500336
YMR088C,YGR279C,1.584066731952216e-11
YMR088C,YKL190W,0.024028798565268517
YMR088C,YGL089C,4.19709289545267e-09
YMR088C,YJL019W,0.0033562418539077044
YMR088C,YJL018W,0.0004798489680979401
YMR088C,YNR032C-A,4.023837263389396e-09
YMR088C,YGL178W,2.05563260857744e-10
YMR088C,YKL116C,9.217705591868519e-12
YMR088C,YDL214C,0.04352125898003578
YMR088C,YLR362W,1.129411884903675e-06
YMR088C,YER068W,5.861310455657076e-06
YMR088C,YHR084W,9.46635100262938e-06
YMR088C,YDR392W,2.6098926554532324e-14
YMR088C,YNL053W,0.20548775792121887
YMR088C,YGR040W,1.5093274408073398e-09
YMR088C,YDL216C,0.030468575656414032
YMR088C,YOL117W,2.541371486586286e-07
YMR088C,YJR086W,1.7061962194649116e-13
YMR088C,YMR025W,0.09447947144508362
YMR088C,YBR081C,7.458751497324556e-05
YMR088C,YFL026W,7.311997229919598e-09
YMR088C,YHL007C,0.9820214509963989
YMR088C,YNR044W,6.132535054348409e-05
YMR088C,YNL271C,1.8993462802541217e-08
YMR088C,YDR200C,2.4781360963288535e-08
YMR088C,YKL178C,0.0001945094991242513
YMR088C,YOR212W,9.33835497818336e-09
YMR088C,YOL111C,2.8359776749198318e-08
YMR088C,YGL032C,0.01875079795718193
YMR088C,YHR005C,4.595705482834944e-10
YMR088C,YDR103W,0.059686362743377686
YMR088C,YJR084W,9.786581545156992e-10
YMR088C,YCL032W,2.8140188204801853e-13
YMR088C,YJL170C,0.20297066867351532
YMR088C,YDR179C,1.1066538796455916e-08
YMR088C,YBR095C,1.4189283081833537e-10
YMR088C,YLL021W,3.190595805335761e-07
YMR088C,YDL159W,3.787517357523029e-07
YMR088C,YNL161W,9.038253097060078e-07
YMR088C,YNL188W,1.397467457309176e-07
YMR088C,YJL157C,1.3639257908856783e-12
YMR088C,YJL034W,5.486071666394032e-13
YMR088C,YLR238W,3.4083370792359347e-08
YMR088C,YPR141C,2.2933617671583306e-08
YMR088C,YNL127W,0.034477271139621735
YMR088C,YCL055W,4.7927031232575246e-08
YMR088C,YPR122W,0.9991804957389832
YMR088C,YMR065W,0.00042288278928026557
YMR088C,YDR356W,0.04320184886455536
YMR088C,YMR052W,2.3779753973940387e-05
YMR088C,YFR008W,1.2453220961106126e-06
YMR088C,YLL043W,9.954114648280665e-05
YMR088C,YMR029C,5.758633153662984e-11
YMR088C,YJR004C,9.374184761767879e-10
YMR088C,YDL223C,0.0005478334496729076
YMR088C,YHR158C,0.988696813583374
YMR088C,YGR238C,2.540742061185597e-09
YMR088C,YIL015W,0.25231441855430603
YMR088C,YGL173C,0.015406508930027485
YMR088C,YDL225W,0.00015999368042685091
YMR088C,YLR330W,6.52174989568266e-08
YMR088C,YBR129C,0.02002253755927086
YMR088C,YKR095W-A,0.2020167112350464
YMR088C,YPR075C,4.977265266603581e-09
YMR088C,YMR198W,3.257512071286328e-05
YMR088C,YOR127W,4.4527268983074464e-08
YMR088C,YDR264C,1.4910811300949955e-12
YMR088C,YLR110C,1.9123367982470246e-13
YMR088C,YDR379W,7.81573555874715e-11
YMR088C,YDL100C,8.073614665704554e-09
YMR088C,YHR073W,0.00039478292455896735
YMR088C,YJR090C,8.073733903657399e-10
YMR088C,YOR208W,0.0013500300701707602
YMR088C,YBR040W,0.6840294599533081
YMR088C,YNL279W,0.012135560624301434
YMR088C,YER075C,8.700572380615501e-12
YMR088C,YCR089W,0.0016790070803835988
YMR088C,YCR002C,1.640883056097664e-05
YMR088C,YJL108C,1.4984154195207822e-10
YMR088C,YBR200W,4.339867132330255e-08
YMR088C,YIL026C,0.8519287705421448
YMR088C,YJR076C,0.001545817474834621
YMR088C,YKR031C,0.005235130432993174
YMR088C,YPL192C,7.417866640935245e-07
YMR088C,YHR107C,1.6122088709380478e-05
YMR088C,YIL037C,0.6048508286476135
YMR088C,YPL156C,1.2217735275044106e-05
YMR088C,YIL117C,6.734248927386943e-06
YMR088C,YHR066W,8.722805464045358e-12
YMR088C,YML085C,3.908332324442654e-09
YMR088C,YML047C,0.9962230920791626
YMR088C,YDR312W,4.5246113700159185e-07
YMR088C,YFL037W,7.76349029507628e-09
YMR088C,YDL038C,0.2020167112350464
YMR088C,YDL039C,4.488726936409402e-20
YMR088C,YCL027W,0.042443472892045975
YMR088C,YML124C,6.585254260296769e-14
YMR088C,YGL053W,6.510168987006182e-06
YMR088C,YMR232W,0.02036268450319767
YMR088C,YNL298W,1.0298635721994742e-08
YMR088C,YGL099W,0.00013072192086838186
YMR088C,YBL016W,1.1587076752344446e-21
YMR088C,YAL041W,0.008081534877419472
YMR088C,YDR085C,6.697500793961808e-05
YMR088C,YPL187W,1.926598633872345e-05
YMR088C,YPL256C,4.151189568801783e-05
YMR088C,YDR461W,0.0008909840835258365
YMR088C,YNL145W,4.4412253430436976e-08
YOR194C,YDL165W,0.09001479297876358
YOR194C,YGR059W,1.1800991615018575e-06
YOR194C,YBR109C,1.1986243109163297e-09
YOR194C,YJL080C,8.494248322676867e-05
YOR194C,YCR093W,0.0009587251115590334
YOR194C,YIL122W,1.988860048873775e-10
YOR194C,YCL029C,4.798560993002354e-10
YOR194C,YNL173C,3.086161086685024e-06
YOR194C,YLR452C,5.497619440575363e-06
YOR194C,YDL160C,1.452810494129153e-07
YOR194C,YLR229C,1.9612613755271013e-07
YOR194C,YML057W,5.612542963717715e-08
YOR194C,YER149C,0.020419534295797348
YOR194C,YMR305C,7.367289072135463e-07
YOR194C,YLR433C,3.977917301112299e-11
YOR194C,YJL073W,8.273564588989757e-08
YOR194C,YGR279C,0.0109786968678236
YOR194C,YKL190W,8.372745469387155e-06
YOR194C,YGL089C,1.5920534224278526e-08
YOR194C,YJL019W,1.3134328469277534e-07
YOR194C,YJL018W,0.00034968802356161177
YOR194C,YNR032C-A,0.03661404550075531
YOR194C,YGL178W,0.10576281696557999
YOR194C,YKL116C,5.071785381005611e-06
YOR194C,YDL214C,4.144128373795297e-10
YOR194C,YLR362W,4.402714637308236e-08
YOR194C,YER068W,1.4819149463107806e-08
YOR194C,YHR084W,1.6854198592319847e-11
YOR194C,YDR392W,0.42184627056121826
YOR194C,YNL053W,0.0015786475269123912
YOR194C,YGR040W,0.0034384909085929394
YOR194C,YDL216C,1.348396608591429e-06
YOR194C,YOL117W,0.0016243784921243787
YOR194C,YJR086W,0.0012963296612724662
YOR194C,YMR025W,0.8507810235023499
YOR194C,YBR081C,0.0010723057202994823
YOR194C,YFL026W,0.00031769348424859345
YOR194C,YHL007C,2.752833825070411e-05
YOR194C,YNR044W,1.2124878594477195e-05
YOR194C,YNL271C,3.0816623620921746e-05
YOR194C,YDR200C,0.09318671375513077
YOR194C,YKL178C,0.9994462132453918
YOR194C,YOR212W,0.07666761428117752
YOR194C,YOL111C,2.6466562994079687e-15
YOR194C,YGL032C,1.9228314158681314e-06
YOR194C,YHR005C,5.613002684173862e-12
YOR194C,YDR103W,3.2888632262029205e-08
YOR194C,YJR084W,0.0009539398015476763
YOR194C,YCL032W,2.1503011282675288e-07
YOR194C,YJL170C,1.0773112180118005e-08
YOR194C,YDR179C,2.9665153533642297e-07
YOR194C,YBR095C,1.0187431144004222e-05
YOR194C,YLL021W,1.4053489394427743e-06
YOR194C,YDL159W,4.391601665654221e-12
YOR194C,YNL161W,1.6341315856038818e-08
YOR194C,YNL188W,1.5994401983410178e-12
YOR194C,YJL157C,1.3177588360779868e-11
YOR194C,YJL034W,3.5790639896227106e-10
YOR194C,YLR238W,3.1403592402057257e-06
YOR194C,YPR141C,2.5282643036916852e-05
YOR194C,YNL127W,2.568887396137143e-07
YOR194C,YCL055W,8.438447274272676e-09
YOR194C,YPR122W,0.005100909620523453
YOR194C,YMR065W,0.0002472182677593082
YOR194C,YDR356W,3.021248584644809e-09
YOR194C,YMR052W,2.88761129922932e-05
YOR194C,YFR008W,7.267808996402891e-06
YOR194C,YLL043W,2.6298446059724867e-11
YOR194C,YMR029C,3.0347382939943657e-10
YOR194C,YJR004C,1.2432630683179013e-05
YOR194C,YDL223C,1.148721434407517e-14
YOR194C,YHR158C,0.0015514044789597392
YOR194C,YGR238C,0.21501263976097107
YOR194C,YIL015W,0.0037122422363609076
YOR194C,YGL173C,2.093070747832826e-07
YOR194C,YDL225W,3.823629594990052e-05
YOR194C,YLR330W,2.363645778126304e-14
YOR194C,YBR129C,3.0820874599157833e-06
YOR194C,YKR095W-A,0.2020167112350464
YOR194C,YPR075C,2.110219464446228e-11
YOR194C,YMR198W,0.0003651855804491788
YOR194C,YOR127W,0.01087671983987093
YOR194C,YDR264C,1.7009882867569104e-05
YOR194C,YLR110C,0.0878862589597702
YOR194C,YDR379W,0.769608199596405
YOR194C,YDL100C,9.258467616746202e-05
YOR194C,YHR073W,1.787616409065773e-11
YOR194C,YJR090C,6.648305657108722e-07
YOR194C,YOR208W,5.473550501733371e-09
YOR194C,YBR040W,2.2332205844577402e-05
YOR194C,YNL279W,0.6967570781707764
YOR194C,YER075C,2.5000251977110033e-13
YOR194C,YCR089W,8.102141180188482e-08
YOR194C,YCR002C,2.861807786302961e-07
YOR194C,YJL108C,2.397432808720623e-06
YOR194C,YBR200W,3.836424511405312e-09
YOR194C,YIL026C,1.7623770887098544e-08
YOR194C,YJR076C,1.13473674900888e-10
YOR194C,YKR031C,0.43177035450935364
YOR194C,YPL192C,2.8922572710143868e-06
YOR194C,YHR107C,4.527880848037569e-11
YOR194C,YIL037C,0.000159344490384683
YOR194C,YPL156C,0.0031537620816379786
YOR194C,YIL117C,0.03335578367114067
YOR194C,YHR066W,2.5910481430519156e-19
YOR194C,YML085C,1.3167162672689248e-11
YOR194C,YML047C,5.447813691716874e-06
YOR194C,YDR312W,9.50381526948485e-12
YOR194C,YFL037W,5.92982473790471e-07
YOR194C,YDL038C,0.2020167112350464
YOR194C,YDL039C,1.6402727971449177e-13
YOR194C,YCL027W,0.0003515394637361169
YOR194C,YML124C,8.434393644806403e-20
YOR194C,YGL053W,7.23121702321805e-05
YOR194C,YMR232W,2.1199983166297898e-05
YOR194C,YNL298W,6.673417374258861e-08
YOR194C,YGL099W,3.550414931677302e-20
YOR194C,YBL016W,5.693320872524055e-07
YOR194C,YAL041W,5.024742774639712e-11
YOR194C,YDR085C,1.658251858316362e-05
YOR194C,YPL187W,0.5902041792869568
YOR194C,YPL256C,1.7921912218166192e-11
YOR194C,YDR461W,1.2965570457545983e-11
YOR194C,YNL145W,3.962890815500941e-08
YMR213W,YDL165W,4.247004525836928e-09
YMR213W,YGR059W,6.900869307414903e-13
YMR213W,YBR109C,1.728652243571105e-08
YMR213W,YJL080C,1.8672789980911375e-09
YMR213W,YCR093W,6.49259309284389e-05
YMR213W,YIL122W,0.03890848159790039
YMR213W,YCL029C,1.3518509645038534e-09
YMR213W,YNL173C,7.030863002910337e-08
YMR213W,YLR452C,0.1518896371126175
YMR213W,YDL160C,0.9273197054862976
YMR213W,YLR229C,6.631109499721788e-06
YMR213W,YML057W,1.5481275983386666e-11
YMR213W,YER149C,4.943076419294812e-07
YMR213W,YMR305C,8.025667739275377e-06
YMR213W,YLR433C,2.9594986017400515e-08
YMR213W,YJL073W,3.45253647537902e-05
YMR213W,YGR279C,0.003138372441753745
YMR213W,YKL190W,3.5142498688855994e-08
YMR213W,YGL089C,0.0002264153736177832
YMR213W,YJL019W,0.00012267130659893155
YMR213W,YJL018W,0.10679610073566437
YMR213W,YNR032C-A,0.7559590339660645
YMR213W,YGL178W,0.00030644607613794506
YMR213W,YKL116C,0.02805122174322605
YMR213W,YDL214C,2.3011599292743767e-09
YMR213W,YLR362W,6.200461810657032e-10
YMR213W,YER068W,0.01876935549080372
YMR213W,YHR084W,1.356093974891337e-07
YMR213W,YDR392W,0.0003232586313970387
YMR213W,YNL053W,0.03202589228749275
YMR213W,YGR040W,5.561824582400732e-05
YMR213W,YDL216C,0.00016244649305008352
YMR213W,YOL117W,2.9656319067150605e-10
YMR213W,YJR086W,6.575496223903965e-12
YMR213W,YMR025W,2.4746768190198054e-07
YMR213W,YBR081C,1.7319612197752576e-06
YMR213W,YFL026W,0.7852261066436768
YMR213W,YHL007C,1.1138904199015087e-07
YMR213W,YNR044W,2.267757253093805e-07
YMR213W,YNL271C,2.6266436634614365e-06
YMR213W,YDR200C,1.4722943433298497e-06
YMR213W,YKL178C,8.751067781531674e-08
YMR213W,YOR212W,1.8462313622347182e-10
YMR213W,YOL111C,4.1115534088476124e-08
YMR213W,YGL032C,2.3239368601934984e-05
YMR213W,YHR005C,0.00019970705034211278
YMR213W,YDR103W,2.412050434941193e-06
YMR213W,YJR084W,5.469336209650748e-16
YMR213W,YCL032W,2.873162596728207e-09
YMR213W,YJL170C,2.6189993150183e-05
YMR213W,YDR179C,4.890083715736182e-08
YMR213W,YBR095C,2.2597621864406392e-05
YMR213W,YLL021W,6.819314446460112e-09
YMR213W,YDL159W,5.871259728396083e-11
YMR213W,YNL161W,0.0011469415621832013
YMR213W,YNL188W,7.278097200469347e-07
YMR213W,YJL157C,0.00030844775028526783
YMR213W,YJL034W,4.508797671090819e-16
YMR213W,YLR238W,8.278477253043093e-06
YMR213W,YPR141C,0.03190085291862488
YMR213W,YNL127W,3.397418026906962e-07
YMR213W,YCL055W,1.1148756362544532e-09
YMR213W,YPR122W,0.9997357726097107
YMR213W,YMR065W,1.8847359783968898e-10
YMR213W,YDR356W,2.6038943445882978e-08
YMR213W,YMR052W,0.003688131459057331
YMR213W,YFR008W,7.510698196711019e-08
YMR213W,YLL043W,0.00335335754789412
YMR213W,YMR029C,4.029645239711499e-08
YMR213W,YJR004C,1.492417050030781e-05
YMR213W,YDL223C,4.965580046700779e-06
YMR213W,YHR158C,7.368024856901911e-09
YMR213W,YGR238C,8.97972898838452e-14
YMR213W,YIL015W,0.0181303508579731
YMR213W,YGL173C,0.004180822521448135
YMR213W,YDL225W,5.132731462076379e-10
YMR213W,YLR330W,3.310187478397682e-14
YMR213W,YBR129C,8.933541835176584e-07
YMR213W,YKR095W-A,0.2020167112350464
YMR213W,YPR075C,1.256204086530488e-06
YMR213W,YMR198W,8.122663530230056e-06
YMR213W,YOR127W,4.50192416678874e-08
YMR213W,YDR264C,1.885662115341802e-08
YMR213W,YLR110C,0.0027185138314962387
YMR213W,YDR379W,1.3072549336357042e-06
YMR213W,YDL100C,3.313501295565402e-08
YMR213W,YHR073W,7.820616376719158e-10
YMR213W,YJR090C,7.376964039629286e-10
YMR213W,YOR208W,0.006240171380341053
YMR213W,YBR040W,0.0027017106767743826
YMR213W,YNL279W,3.4358137668277777e-07
YMR213W,YER075C,0.016751347109675407
YMR213W,YCR089W,1.588406803421094e-06
YMR213W,YCR002C,7.790363451931626e-05
YMR213W,YJL108C,0.0003493486437946558
YMR213W,YBR200W,9.647037586546503e-06
YMR213W,YIL026C,5.1775430165434955e-08
YMR213W,YJR076C,1.3447894764281258e-16
YMR213W,YKR031C,1.5798765161889605e-05
YMR213W,YPL192C,0.01249251700937748
YMR213W,YHR107C,2.1704334329797348e-08
YMR213W,YIL037C,4.727296776252388e-09
YMR213W,YPL156C,5.361192734198994e-07
YMR213W,YIL117C,0.0054811714217066765
YMR213W,YHR066W,8.678835102839122e-14
YMR213W,YML085C,5.548112524955684e-10
YMR213W,YML047C,5.1326082029845566e-05
YMR213W,YDR312W,3.1980145198673426e-09
YMR213W,YFL037W,0.0002484289580024779
YMR213W,YDL038C,0.2020167112350464
YMR213W,YDL039C,5.118701573714191e-10
YMR213W,YCL027W,0.0016297308029606938
YMR213W,YML124C,1.2716286912350938e-09
YMR213W,YGL053W,0.00031979268533177674
YMR213W,YMR232W,0.0036377718206495047
YMR213W,YNL298W,1.0729509085649624e-05
YMR213W,YGL099W,2.0499557208481105e-17
YMR213W,YBL016W,1.0963121894747019e-06
YMR213W,YAL041W,2.2983987946645357e-05
YMR213W,YDR085C,3.6324050256553164e-07
YMR213W,YPL187W,1.8218659220137212e-11
YMR213W,YPL256C,1.932269795557051e-11
YMR213W,YDR461W,2.6336920200265013e-06
YMR213W,YNL145W,0.008779498748481274
YJL190C,YDL165W,0.7529740929603577
YJL190C,YGR059W,1.2186943285483383e-16
YJL190C,YBR109C,0.0004037743783555925
YJL190C,YJL080C,7.046435968049991e-08
YJL190C,YCR093W,8.484012141707353e-06
YJL190C,YIL122W,0.0032544040586799383
YJL190C,YCL029C,4.069834313308318e-12
YJL190C,YNL173C,3.54800395143684e-05
YJL190C,YLR452C,0.13288575410842896
YJL190C,YDL160C,0.0001016690002870746
YJL190C,YLR229C,1.1027748492153933e-08
YJL190C,YML057W,9.314119871796096e-18
YJL190C,YER149C,3.9995605050080485e-08
YJL190C,YMR305C,6.987754264109469e-10
YJL190C,YLR433C,0.10747504979372025
YJL190C,YJL073W,1.43497190947528e-05
YJL190C,YGR279C,7.140308298403397e-05
YJL190C,YKL190W,9.525971123025556e-09
YJL190C,YGL089C,9.734807404626622e-10
YJL190C,YJL019W,0.00018152763368561864
YJL190C,YJL018W,0.0006406481843441725
YJL190C,YNR032C-A,2.9812892535119317e-05
YJL190C,YGL178W,1.86497512040789e-14
YJL190C,YKL116C,9.38968315162506e-17
YJL190C,YDL214C,8.926306327339262e-05
YJL190C,YLR362W,1.5871167713399359e-09
YJL190C,YER068W,3.051725272484873e-08
YJL190C,YHR084W,8.116292065096786e-07
YJL190C,YDR392W,3.2130512295225344e-07
YJL190C,YNL053W,2.54656254308587e-14
YJL190C,YGR040W,5.271973009257636e-07
YJL190C,YDL216C,1.904093327453893e-09
YJL190C,YOL117W,7.445393856563703e-14
YJL190C,YJR086W,0.00025609065778553486
YJL190C,YMR025W,0.028247328475117683
YJL190C,YBR081C,2.270426557515748e-05
YJL190C,YFL026W,0.9999855756759644
YJL190C,YHL007C,9.112923748944013e-08
YJL190C,YNR044W,0.9998522996902466
YJL190C,YNL271C,1.0719229476073957e-15
YJL190C,YDR200C,9.730274541652761e-07
YJL190C,YKL178C,1.862612997172164e-08
YJL190C,YOR212W,6.025707276896553e-13
YJL190C,YOL111C,3.32016504642071e-18
YJL190C,YGL032C,0.0993850827217102
YJL190C,YHR005C,0.9824391603469849
YJL190C,YDR103W,7.229176844703034e-05
YJL190C,YJR084W,0.00010574309999356046
YJL190C,YCL032W,1.2515616147623643e-11
YJL190C,YJL170C,0.4882698059082031
YJL190C,YDR179C,6.10978379000926e-10
YJL190C,YBR095C,5.661653176503023e-06
YJL190C,YLL021W,7.310117788872361e-12
YJL190C,YDL159W,1.4130250747257378e-07
YJL190C,YNL161W,1.636860313958266e-09
YJL190C,YNL188W,5.876214572708705e-07
YJL190C,YJL157C,1.736413476113169e-13
YJL190C,YJL034W,4.503104502117744e-25
YJL190C,YLR238W,1.592369436309582e-08
YJL190C,YPR141C,1.1882624884052007e-09
YJL190C,YNL127W,1.2825260455429088e-05
YJL190C,YCL055W,1.6719702459860842e-17
YJL190C,YPR122W,0.0007898467592895031
YJL190C,YMR065W,1.330915266883892e-09
YJL190C,YDR356W,3.748771405298612e-06
YJL190C,YMR052W,1.4952178384319836e-10
YJL190C,YFR008W,4.760755984989373e-07
YJL190C,YLL043W,2.100859347597961e-10
YJL190C,YMR029C,7.572036969909404e-18
YJL190C,YJR004C,5.6460066844010726e-05
YJL190C,YDL223C,1.4872445490682267e-26
YJL190C,YHR158C,9.273869672199453e-09
YJL190C,YGR238C,2.3623089222383925e-20
YJL190C,YIL015W,0.9993444085121155
YJL190C,YGL173C,2.736799444846838e-07
YJL190C,YDL225W,1.1824378134406288e-06
YJL190C,YLR330W,1.3655739909469817e-19
YJL190C,YBR129C,0.0011061823461204767
YJL190C,YKR095W-A,0.2020167112350464
YJL190C,YPR075C,1.8674256131940762e-16
YJL190C,YMR198W,2.7198835184094605e-08
YJL190C,YOR127W,3.0100047888198533e-12
YJL190C,YDR264C,2.3801414398422205e-13
YJL190C,YLR110C,3.1299648287818e-15
YJL190C,YDR379W,0.6623073816299438
YJL190C,YDL100C,5.892109911087573e-09
YJL190C,YHR073W,8.703079056038288e-12
YJL190C,YJR090C,2.305473034702743e-10
YJL190C,YOR208W,7.884269143687561e-05
YJL190C,YBR040W,0.0030660275369882584
YJL190C,YNL279W,1.4153405913930328e-07
YJL190C,YER075C,3.940758830367486e-09
YJL190C,YCR089W,4.167129645793466e-06
YJL190C,YCR002C,1.2886049205462768e-07
YJL190C,YJL108C,0.0006134262657724321
YJL190C,YBR200W,8.351410708817841e-12
YJL190C,YIL026C,2.787800589335032e-12
YJL190C,YJR076C,7.07362346474838e-08
YJL190C,YKR031C,6.664067200290447e-07
YJL190C,YPL192C,4.08683503705376e-10
YJL190C,YHR107C,1.8543842088547535e-05
YJL190C,YIL037C,0.0001963156828423962
YJL190C,YPL156C,8.253051020368218e-10
YJL190C,YIL117C,2.129966802976238e-13
YJL190C,YHR066W,6.268801395949847e-14
YJL190C,YML085C,0.0002804395044222474
YJL190C,YML047C,0.9999576807022095
YJL190C,YDR312W,2.17078532926962e-08
YJL190C,YFL037W,4.395652013045037e-06
YJL190C,YDL038C,0.2020167112350464
YJL190C,YDL039C,3.859537689443471e-12
YJL190C,YCL027W,3.4713589780466236e-09
YJL190C,YML124C,5.958445958853531e-10
YJL190C,YGL053W,3.0007497409199196e-14
YJL190C,YMR232W,0.0342734158039093
YJL190C,YNL298W,0.00036298742634244263
YJL190C,YGL099W,2.9576081033155788e-06
YJL190C,YBL016W,2.2869279712144086e-15
YJL190C,YAL041W,5.506905154106789e-08
YJL190C,YDR085C,1.3518226538167255e-09
YJL190C,YPL187W,3.072619620070327e-06
YJL190C,YPL256C,1.3552697375809886e-12
YJL190C,YDR461W,0.000577749393414706
YJL190C,YNL145W,8.673506912693085e-10
tY(GUA)M2,YDL165W,0.2020167112350464
tY(GUA)M2,YGR059W,0.2020167112350464
tY(GUA)M2,YBR109C,0.2020167112350464
tY(GUA)M2,YJL080C,0.2020167112350464
tY(GUA)M2,YCR093W,0.2020167112350464
tY(GUA)M2,YIL122W,0.2020167112350464
tY(GUA)M2,YCL029C,0.2020167112350464
tY(GUA)M2,YNL173C,0.2020167112350464
tY(GUA)M2,YLR452C,0.2020167112350464
tY(GUA)M2,YDL160C,0.2020167112350464
tY(GUA)M2,YLR229C,0.2020167112350464
tY(GUA)M2,YML057W,0.2020167112350464
tY(GUA)M2,YER149C,0.2020167112350464
tY(GUA)M2,YMR305C,0.2020167112350464
tY(GUA)M2,YLR433C,0.2020167112350464
tY(GUA)M2,YJL073W,0.2020167112350464
tY(GUA)M2,YGR279C,0.2020167112350464
tY(GUA)M2,YKL190W,0.2020167112350464
tY(GUA)M2,YGL089C,0.2020167112350464
tY(GUA)M2,YJL019W,0.2020167112350464
tY(GUA)M2,YJL018W,0.2020167112350464
tY(GUA)M2,YNR032C-A,0.2020167112350464
tY(GUA)M2,YGL178W,0.2020167112350464
tY(GUA)M2,YKL116C,0.2020167112350464
tY(GUA)M2,YDL214C,0.2020167112350464
tY(GUA)M2,YLR362W,0.2020167112350464
tY(GUA)M2,YER068W,0.2020167112350464
tY(GUA)M2,YHR084W,0.2020167112350464
tY(GUA)M2,YDR392W,0.2020167112350464
tY(GUA)M2,YNL053W,0.2020167112350464
tY(GUA)M2,YGR040W,0.2020167112350464
tY(GUA)M2,YDL216C,0.2020167112350464
tY(GUA)M2,YOL117W,0.2020167112350464
tY(GUA)M2,YJR086W,0.2020167112350464
tY(GUA)M2,YMR025W,0.2020167112350464
tY(GUA)M2,YBR081C,0.2020167112350464
tY(GUA)M2,YFL026W,0.2020167112350464
tY(GUA)M2,YHL007C,0.2020167112350464
tY(GUA)M2,YNR044W,0.2020167112350464
tY(GUA)M2,YNL271C,0.2020167112350464
tY(GUA)M2,YDR200C,0.2020167112350464
tY(GUA)M2,YKL178C,0.2020167112350464
tY(GUA)M2,YOR212W,0.2020167112350464
tY(GUA)M2,YOL111C,0.2020167112350464
tY(GUA)M2,YGL032C,0.2020167112350464
tY(GUA)M2,YHR005C,0.2020167112350464
tY(GUA)M2,YDR103W,0.2020167112350464
tY(GUA)M2,YJR084W,0.2020167112350464
tY(GUA)M2,YCL032W,0.2020167112350464
tY(GUA)M2,YJL170C,0.2020167112350464
tY(GUA)M2,YDR179C,0.2020167112350464
tY(GUA)M2,YBR095C,0.2020167112350464
tY(GUA)M2,YLL021W,0.2020167112350464
tY(GUA)M2,YDL159W,0.2020167112350464
tY(GUA)M2,YNL161W,0.2020167112350464
tY(GUA)M2,YNL188W,0.2020167112350464
tY(GUA)M2,YJL157C,0.2020167112350464
tY(GUA)M2,YJL034W,0.2020167112350464
tY(GUA)M2,YLR238W,0.2020167112350464
tY(GUA)M2,YPR141C,0.2020167112350464
tY(GUA)M2,YNL127W,0.2020167112350464
tY(GUA)M2,YCL055W,0.2020167112350464
tY(GUA)M2,YPR122W,0.2020167112350464
tY(GUA)M2,YMR065W,0.2020167112350464
tY(GUA)M2,YDR356W,0.2020167112350464
tY(GUA)M2,YMR052W,0.2020167112350464
tY(GUA)M2,YFR008W,0.2020167112350464
tY(GUA)M2,YLL043W,0.2020167112350464
tY(GUA)M2,YMR029C,0.2020167112350464
tY(GUA)M2,YJR004C,0.2020167112350464
tY(GUA)M2,YDL223C,0.2020167112350464
tY(GUA)M2,YHR158C,0.2020167112350464
tY(GUA)M2,YGR238C,0.2020167112350464
tY(GUA)M2,YIL015W,0.2020167112350464
tY(GUA)M2,YGL173C,0.2020167112350464
tY(GUA)M2,YDL225W,0.2020167112350464
tY(GUA)M2,YLR330W,0.2020167112350464
tY(GUA)M2,YBR129C,0.2020167112350464
tY(GUA)M2,YKR095W-A,0.2020167112350464
tY(GUA)M2,YPR075C,0.2020167112350464
tY(GUA)M2,YMR198W,0.2020167112350464
tY(GUA)M2,YOR127W,0.2020167112350464
tY(GUA)M2,YDR264C,0.2020167112350464
tY(GUA)M2,YLR110C,0.2020167112350464
tY(GUA)M2,YDR379W,0.2020167112350464
tY(GUA)M2,YDL100C,0.2020167112350464
tY(GUA)M2,YHR073W,0.2020167112350464
tY(GUA)M2,YJR090C,0.2020167112350464
tY(GUA)M2,YOR208W,0.2020167112350464
tY(GUA)M2,YBR040W,0.2020167112350464
tY(GUA)M2,YNL279W,0.2020167112350464
tY(GUA)M2,YER075C,0.2020167112350464
tY(GUA)M2,YCR089W,0.2020167112350464
tY(GUA)M2,YCR002C,0.2020167112350464
tY(GUA)M2,YJL108C,0.2020167112350464
tY(GUA)M2,YBR200W,0.2020167112350464
tY(GUA)M2,YIL026C,0.2020167112350464
tY(GUA)M2,YJR076C,0.2020167112350464
tY(GUA)M2,YKR031C,0.2020167112350464
tY(GUA)M2,YPL192C,0.2020167112350464
tY(GUA)M2,YHR107C,0.2020167112350464
tY(GUA)M2,YIL037C,0.2020167112350464
tY(GUA)M2,YPL156C,0.2020167112350464
tY(GUA)M2,YIL117C,0.2020167112350464
tY(GUA)M2,YHR066W,0.2020167112350464
tY(GUA)M2,YML085C,0.2020167112350464
tY(GUA)M2,YML047C,0.2020167112350464
tY(GUA)M2,YDR312W,0.2020167112350464
tY(GUA)M2,YFL037W,0.2020167112350464
tY(GUA)M2,YDL038C,0.2020167112350464
tY(GUA)M2,YDL039C,0.2020167112350464
tY(GUA)M2,YCL027W,0.2020167112350464
tY(GUA)M2,YML124C,0.2020167112350464
tY(GUA)M2,YGL053W,0.2020167112350464
tY(GUA)M2,YMR232W,0.2020167112350464
tY(GUA)M2,YNL298W,0.2020167112350464
tY(GUA)M2,YGL099W,0.2020167112350464
tY(GUA)M2,YBL016W,0.2020167112350464
tY(GUA)M2,YAL041W,0.2020167112350464
tY(GUA)M2,YDR085C,0.2020167112350464
tY(GUA)M2,YPL187W,0.2020167112350464
tY(GUA)M2,YPL256C,0.2020167112350464
tY(GUA)M2,YDR461W,0.2020167112350464
tY(GUA)M2,YNL145W,0.2020167112350464
YGR138C,YDL165W,1.0459283572572531e-07
YGR138C,YGR059W,4.4590407924260944e-05
YGR138C,YBR109C,1.795194895515273e-11
YGR138C,YJL080C,9.864132080594779e-13
YGR138C,YCR093W,6.241763912839815e-06
YGR138C,YIL122W,0.02783253602683544
YGR138C,YCL029C,1.7480790859281115e-07
YGR138C,YNL173C,1.2988081721232447e-07
YGR138C,YLR452C,4.217524107730242e-09
YGR138C,YDL160C,4.6238284312494216e-08
YGR138C,YLR229C,1.1014266213492385e-13
YGR138C,YML057W,3.286303229543819e-09
YGR138C,YER149C,1.0194594324275386e-06
YGR138C,YMR305C,1.1272162023234777e-11
YGR138C,YLR433C,1.3884998040225582e-08
YGR138C,YJL073W,5.146814032741531e-07
YGR138C,YGR279C,1.2657278870842337e-11
YGR138C,YKL190W,3.982325870310888e-05
YGR138C,YGL089C,2.9272903545596307e-12
YGR138C,YJL019W,2.1696820728944743e-10
YGR138C,YJL018W,0.00011056277435272932
YGR138C,YNR032C-A,0.015267988666892052
YGR138C,YGL178W,3.990726415992185e-09
YGR138C,YKL116C,9.610793272329943e-10
YGR138C,YDL214C,5.094257460314111e-09
YGR138C,YLR362W,0.981475830078125
YGR138C,YER068W,3.5546898757843337e-09
YGR138C,YHR084W,3.321692643165619e-10
YGR138C,YDR392W,1.410919367117458e-06
YGR138C,YNL053W,8.55459626747379e-12
YGR138C,YGR040W,0.00015340506797656417
YGR138C,YDL216C,0.01134456042200327
YGR138C,YOL117W,1.8005694157885443e-10
YGR138C,YJR086W,5.645504643325694e-06
YGR138C,YMR025W,5.27482625329867e-05
YGR138C,YBR081C,1.6699349458804136e-08
YGR138C,YFL026W,1.5412626331315826e-15
YGR138C,YHL007C,6.008312425365148e-08
YGR138C,YNR044W,3.0934352301947854e-11
YGR138C,YNL271C,0.0008287749951705337
YGR138C,YDR200C,0.00030272972071543336
YGR138C,YKL178C,5.6564885628630594e-15
YGR138C,YOR212W,2.0101756125737004e-17
YGR138C,YOL111C,1.9955636806640725e-13
YGR138C,YGL032C,0.00013050447159912437
YGR138C,YHR005C,4.516432800666381e-12
YGR138C,YDR103W,1.2359658185800981e-08
YGR138C,YJR084W,6.875384315208066e-07
YGR138C,YCL032W,9.590136462733767e-10
YGR138C,YJL170C,5.806963145005284e-06
YGR138C,YDR179C,4.016161047389749e-13
YGR138C,YBR095C,1.434962992874489e-08
YGR138C,YLL021W,5.606293780147098e-05
YGR138C,YDL159W,3.511371694710913e-14
YGR138C,YNL161W,1.4025569768094659e-11
YGR138C,YNL188W,1.6577458628841651e-15
YGR138C,YJL157C,1.40609607290898e-10
YGR138C,YJL034W,3.3225067141984255e-08
YGR138C,YLR238W,2.316060232487871e-07
YGR138C,YPR141C,3.5635963069324816e-09
YGR138C,YNL127W,4.0694342340330536e-10
YGR138C,YCL055W,6.117400423027997e-13
YGR138C,YPR122W,1.4652338587231584e-12
YGR138C,YMR065W,4.296462208230878e-08
YGR138C,YDR356W,0.004008632618933916
YGR138C,YMR052W,1.8583887140266597e-06
YGR138C,YFR008W,3.077185424874007e-12
YGR138C,YLL043W,3.1435976044491554e-09
YGR138C,YMR029C,1.202362682306557e-06
YGR138C,YJR004C,5.0050041961456184e-17
YGR138C,YDL223C,4.584708467362218e-14
YGR138C,YHR158C,1.0940754968657984e-09
YGR138C,YGR238C,3.1616330613390333e-15
YGR138C,YIL015W,5.147872798261233e-06
YGR138C,YGL173C,3.34064997886685e-11
YGR138C,YDL225W,3.211315743101295e-06
YGR138C,YLR330W,3.377589763431388e-09
YGR138C,YBR129C,2.4426448362646624e-05
YGR138C,YKR095W-A,0.2020167112350464
YGR138C,YPR075C,2.469415116834739e-09
YGR138C,YMR198W,1.5060181834253283e-12
YGR138C,YOR127W,4.329412384151965e-10
YGR138C,YDR264C,1.465050858406869e-10
YGR138C,YLR110C,3.164268543368043e-12
YGR138C,YDR379W,4.6548691898351535e-05
YGR138C,YDL100C,9.500447744313373e-15
YGR138C,YHR073W,4.609654604098394e-14
YGR138C,YJR090C,9.921248935243487e-13
YGR138C,YOR208W,5.665499338647351e-05
YGR138C,YBR040W,0.002857124898582697
YGR138C,YNL279W,4.556320831738958e-08
YGR138C,YER075C,3.2124597737492877e-07
YGR138C,YCR089W,5.586936140389298e-07
YGR138C,YCR002C,4.616876321961172e-05
YGR138C,YJL108C,3.154455030518477e-10
YGR138C,YBR200W,4.898309882706009e-11
YGR138C,YIL026C,4.241192286258411e-09
YGR138C,YJR076C,3.269892765844079e-15
YGR138C,YKR031C,0.00574568472802639
YGR138C,YPL192C,1.674776086701968e-07
YGR138C,YHR107C,1.5801118389620705e-17
YGR138C,YIL037C,3.233022425774834e-06
YGR138C,YPL156C,1.7299859024159862e-18
YGR138C,YIL117C,9.579523806146906e-12
YGR138C,YHR066W,1.0121820102990814e-14
YGR138C,YML085C,1.2559301154624336e-08
YGR138C,YML047C,0.05673631280660629
YGR138C,YDR312W,2.8818314054546157e-11
YGR138C,YFL037W,1.4091131039783988e-11
YGR138C,YDL038C,0.2020167112350464
YGR138C,YDL039C,4.823241037947834e-19
YGR138C,YCL027W,1.0914586075216892e-11
YGR138C,YML124C,1.1333096239241058e-07
YGR138C,YGL053W,1.3732671944044483e-10
YGR138C,YMR232W,0.00013975930050946772
YGR138C,YNL298W,1.9833919395750854e-08
YGR138C,YGL099W,1.0835954427853862e-14
YGR138C,YBL016W,0.0036995396949350834
YGR138C,YAL041W,1.7866497046270524e-06
YGR138C,YDR085C,2.1127649233676493e-05
YGR138C,YPL187W,0.0014825748512521386
YGR138C,YPL256C,1.481757763905668e-14
YGR138C,YDR461W,9.358425899453834e-14
YGR138C,YNL145W,8.17894907356731e-09
YOR035C,YDL165W,7.359462702877934e-15
YOR035C,YGR059W,4.918402737530414e-06
YOR035C,YBR109C,2.3723428554944803e-08
YOR035C,YJL080C,3.864215614157729e-06
YOR035C,YCR093W,0.0630289614200592
YOR035C,YIL122W,0.0018242665100842714
YOR035C,YCL029C,2.35131434322966e-08
YOR035C,YNL173C,0.00017964989820029587
YOR035C,YLR452C,0.34466394782066345
YOR035C,YDL160C,0.22121991217136383
YOR035C,YLR229C,1.455738307676313e-11
YOR035C,YML057W,2.0009969148304663e-07
YOR035C,YER149C,0.00024408080207649618
YOR035C,YMR305C,7.703150117777113e-07
YOR035C,YLR433C,0.0628640428185463
YOR035C,YJL073W,3.451782317007851e-13
YOR035C,YGR279C,0.1670900583267212
YOR035C,YKL190W,0.008119952864944935
YOR035C,YGL089C,0.3523027300834656
YOR035C,YJL019W,3.876639675581828e-05
YOR035C,YJL018W,0.005240372382104397
YOR035C,YNR032C-A,0.07808101177215576
YOR035C,YGL178W,0.0007148269796743989
YOR035C,YKL116C,3.7551799891843984e-07
YOR035C,YDL214C,8.885443094186485e-06
YOR035C,YLR362W,5.7779943745117635e-05
YOR035C,YER068W,0.027830665931105614
YOR035C,YHR084W,1.4581728464690968e-06
YOR035C,YDR392W,0.7545422911643982
YOR035C,YNL053W,0.017200198024511337
YOR035C,YGR040W,0.00029615216772072017
YOR035C,YDL216C,1.3399716181083932e-07
YOR035C,YOL117W,1.0135025263480202e-08
YOR035C,YJR086W,0.20178000628948212
YOR035C,YMR025W,0.23384736478328705
YOR035C,YBR081C,0.05294465646147728
YOR035C,YFL026W,0.0005601891316473484
YOR035C,YHL007C,0.0016582418465986848
YOR035C,YNR044W,1.32671686969843e-07
YOR035C,YNL271C,0.713662326335907
YOR035C,YDR200C,0.00047864048974588513
YOR035C,YKL178C,0.0003040791198145598
YOR035C,YOR212W,1.9408240405027755e-05
YOR035C,YOL111C,2.12898594327271e-05
YOR035C,YGL032C,6.306173361281253e-09
YOR035C,YHR005C,0.03571372479200363
YOR035C,YDR103W,0.016519544646143913
YOR035C,YJR084W,0.10429697483778
YOR035C,YCL032W,0.4088420867919922
YOR035C,YJL170C,0.08052965253591537
YOR035C,YDR179C,4.6542452057096525e-17
YOR035C,YBR095C,6.424255116144195e-05
YOR035C,YLL021W,1.7121652717833058e-06
YOR035C,YDL159W,3.581566900695554e-12
YOR035C,YNL161W,2.030014229603694e-06
YOR035C,YNL188W,0.00015494808030780405
YOR035C,YJL157C,3.837346440604961e-09
YOR035C,YJL034W,3.593674836877003e-14
YOR035C,YLR238W,0.7459927797317505
YOR035C,YPR141C,0.9993379712104797
YOR035C,YNL127W,0.0014611836522817612
YOR035C,YCL055W,3.5697187428240795e-09
YOR035C,YPR122W,0.7354108691215515
YOR035C,YMR065W,0.004268635530024767
YOR035C,YDR356W,0.0005506420857273042
YOR035C,YMR052W,2.2277370703704946e-07
YOR035C,YFR008W,0.004577143583446741
YOR035C,YLL043W,0.8754180669784546
YOR035C,YMR029C,0.0041150595061481
YOR035C,YJR004C,1.4064768794064264e-10
YOR035C,YDL223C,9.686512214557297e-08
YOR035C,YHR158C,0.00015687895938754082
YOR035C,YGR238C,9.725925793901968e-12
YOR035C,YIL015W,0.010124331340193748
YOR035C,YGL173C,0.2588397264480591
YOR035C,YDL225W,4.468999748041824e-07
YOR035C,YLR330W,5.128092950279495e-10
YOR035C,YBR129C,3.515011428589787e-07
YOR035C,YKR095W-A,0.2020167112350464
YOR035C,YPR075C,0.00041337619768455625
YOR035C,YMR198W,0.0009201605571433902
YOR035C,YOR127W,0.000315153127303347
YOR035C,YDR264C,3.45989867867047e-08
YOR035C,YLR110C,2.9881947610777004e-11
YOR035C,YDR379W,5.136285108164884e-05
YOR035C,YDL100C,3.579594476832426e-06
YOR035C,YHR073W,0.34741780161857605
YOR035C,YJR090C,0.34314340353012085
YOR035C,YOR208W,1.3848108437741757e-07
YOR035C,YBR040W,0.04790458455681801
YOR035C,YNL279W,0.014324799180030823
YOR035C,YER075C,0.008438661694526672
YOR035C,YCR089W,0.9993973970413208
YOR035C,YCR002C,0.9996715784072876
YOR035C,YJL108C,0.6710792183876038
YOR035C,YBR200W,1.1182095960293736e-07
YOR035C,YIL026C,0.503591775894165
YOR035C,YJR076C,6.182391643960727e-06
YOR035C,YKR031C,0.2783685028553009
YOR035C,YPL192C,0.014541946351528168
YOR035C,YHR107C,0.0024024404119700193
YOR035C,YIL037C,2.5306595489382744e-05
YOR035C,YPL156C,0.9952768087387085
YOR035C,YIL117C,0.0005776987527497113
YOR035C,YHR066W,1.2082329422541556e-16
YOR035C,YML085C,8.62001385826261e-08
YOR035C,YML047C,9.909250593409524e-07
YOR035C,YDR312W,3.250594818382524e-05
YOR035C,YFL037W,2.922644765090965e-11
YOR035C,YDL038C,0.2020167112350464
YOR035C,YDL039C,2.0212213769355003e-07
YOR035C,YCL027W,3.575422402590789e-09
YOR035C,YML124C,2.7667761415273162e-08
YOR035C,YGL053W,0.0018490753136575222
YOR035C,YMR232W,0.0016324027674272656
YOR035C,YNL298W,0.6573197245597839
YOR035C,YGL099W,0.0027046017348766327
YOR035C,YBL016W,2.6929403151854103e-10
YOR035C,YAL041W,0.02293410338461399
YOR035C,YDR085C,0.22711798548698425
YOR035C,YPL187W,0.01255939994007349
YOR035C,YPL256C,1.2145176242484013e-06
YOR035C,YDR461W,2.1110729483964086e-11
YOR035C,YNL145W,3.222549451679241e-13
YFR041C,YDL165W,3.7604909266519826e-06
YFR041C,YGR059W,0.0003085471398662776
YFR041C,YBR109C,1.1949748746076239e-08
YFR041C,YJL080C,2.90826937998645e-05
YFR041C,YCR093W,0.003383474424481392
YFR041C,YIL122W,0.00447137001901865
YFR041C,YCL029C,2.6266155472853825e-08
YFR041C,YNL173C,1.0362277442360623e-12
YFR041C,YLR452C,0.0083498265594244
YFR041C,YDL160C,6.281003805952423e-08
YFR041C,YLR229C,1.3007742660775534e-09
YFR041C,YML057W,0.0003400579444132745
YFR041C,YER149C,0.8811774253845215
YFR041C,YMR305C,7.383664790694411e-10
YFR041C,YLR433C,0.00025048034149222076
YFR041C,YJL073W,3.0593657385225015e-08
YFR041C,YGR279C,1.923730997077655e-05
YFR041C,YKL190W,0.00020435448095668107
YFR041C,YGL089C,1.6765571136251323e-12
YFR041C,YJL019W,0.9285202026367188
YFR041C,YJL018W,0.0002726555976551026
YFR041C,YNR032C-A,0.03400975465774536
YFR041C,YGL178W,4.0141609480848217e-10
YFR041C,YKL116C,0.000549787248019129
YFR041C,YDL214C,0.9860514402389526
YFR041C,YLR362W,9.589181532154711e-11
YFR041C,YER068W,7.874196433776959e-11
YFR041C,YHR084W,2.7274627868723034e-12
YFR041C,YDR392W,2.0578752923938737e-07
YFR041C,YNL053W,0.0001832115522120148
YFR041C,YGR040W,0.43900367617607117
YFR041C,YDL216C,2.075486690955586e-06
YFR041C,YOL117W,5.039842562837293e-06
YFR041C,YJR086W,2.7156777377967956e-06
YFR041C,YMR025W,0.0006925888592377305
YFR041C,YBR081C,0.004969106055796146
YFR041C,YFL026W,0.0048843673430383205
YFR041C,YHL007C,3.3844930840132292e-06
YFR041C,YNR044W,8.8884262368083e-06
YFR041C,YNL271C,6.457563928030652e-10
YFR041C,YDR200C,4.9663047008152716e-08
YFR041C,YKL178C,0.9993302822113037
YFR041C,YOR212W,0.0002085539308609441
YFR041C,YOL111C,2.1540984274093233e-11
YFR041C,YGL032C,0.007617027498781681
YFR041C,YHR005C,2.735209925219806e-08
YFR041C,YDR103W,1.2226722901687026e-05
YFR041C,YJR084W,7.042918331867654e-11
YFR041C,YCL032W,3.866176356837059e-08
YFR041C,YJL170C,0.017408432438969612
YFR041C,YDR179C,0.002524977782741189
YFR041C,YBR095C,8.910009882678871e-12
YFR041C,YLL021W,2.0618978524566955e-08
YFR041C,YDL159W,9.351373333728406e-15
YFR041C,YNL161W,0.0009234968456439674
YFR041C,YNL188W,1.9232216798390107e-14
YFR041C,YJL157C,4.6439336820469634e-09
YFR041C,YJL034W,2.2423958523365428e-11
YFR041C,YLR238W,4.4427628242971196e-10
YFR041C,YPR141C,2.3997576929085662e-12
YFR041C,YNL127W,0.00027197072631679475
YFR041C,YCL055W,0.0018121902830898762
YFR041C,YPR122W,5.006708306609653e-05
YFR041C,YMR065W,0.2861950099468231
YFR041C,YDR356W,0.9989855885505676
YFR041C,YMR052W,0.0005616676644422114
YFR041C,YFR008W,4.406753628671822e-09
YFR041C,YLL043W,0.03364723548293114
YFR041C,YMR029C,6.466453349347756e-13
YFR041C,YJR004C,0.00023800852068234235
YFR041C,YDL223C,3.355889455214367e-10
YFR041C,YHR158C,1.856061498983763e-05
YFR041C,YGR238C,1.4693039247504203e-06
YFR041C,YIL015W,0.000156175228767097
YFR041C,YGL173C,0.4906814694404602
YFR041C,YDL225W,0.004309530835598707
YFR041C,YLR330W,0.0006017447449266911
YFR041C,YBR129C,6.367797261708219e-11
YFR041C,YKR095W-A,0.2020167112350464
YFR041C,YPR075C,4.317930735187048e-11
YFR041C,YMR198W,4.6627784099084746e-12
YFR041C,YOR127W,8.877504953375137e-09
YFR041C,YDR264C,3.268848161042115e-07
YFR041C,YLR110C,0.0004401805636007339
YFR041C,YDR379W,8.887915464583784e-05
YFR041C,YDL100C,1.345366200666831e-07
YFR041C,YHR073W,1.1061495719388859e-08
YFR041C,YJR090C,1.2704460964144126e-12
YFR041C,YOR208W,2.4034304715314647e-06
YFR041C,YBR040W,0.014279014430940151
YFR041C,YNL279W,0.9768259525299072
YFR041C,YER075C,2.0493452768111098e-10
YFR041C,YCR089W,3.937502965663682e-18
YFR041C,YCR002C,1.3014677335831948e-07
YFR041C,YJL108C,0.019845210015773773
YFR041C,YBR200W,0.0001161584586952813
YFR041C,YIL026C,0.0001537132920930162
YFR041C,YJR076C,8.835661979844645e-09
YFR041C,YKR031C,6.793389184167609e-05
YFR041C,YPL192C,1.1818497114290949e-05
YFR041C,YHR107C,5.207840914067674e-08
YFR041C,YIL037C,1.3116098429577505e-08
YFR041C,YPL156C,7.21701217116788e-05
YFR041C,YIL117C,4.2373415887198007e-10
YFR041C,YHR066W,1.7739226677804254e-05
YFR041C,YML085C,3.640559225459583e-05
YFR041C,YML047C,2.4209546722886444e-07
YFR041C,YDR312W,2.9357543956595733e-13
YFR041C,YFL037W,1.5169930867031667e-09
YFR041C,YDL038C,0.2020167112350464
YFR041C,YDL039C,5.28562349444428e-09
YFR041C,YCL027W,6.8605559135903604e-06
YFR041C,YML124C,1.9317160718235193e-12
YFR041C,YGL053W,0.0009730898891575634
YFR041C,YMR232W,2.8922213957116583e-08
YFR041C,YNL298W,9.514589294212783e-08
YFR041C,YGL099W,1.2172813484197936e-13
YFR041C,YBL016W,1.2262017889952403e-07
YFR041C,YAL041W,6.392177056113724e-06
YFR041C,YDR085C,7.210614327846088e-10
YFR041C,YPL187W,3.685551564558409e-05
YFR041C,YPL256C,8.148864694135227e-09
YFR041C,YDR461W,1.2921905181428883e-05
YFR041C,YNL145W,1.4218602473192732e-07
YHR197W,YDL165W,2.198778929596301e-05
YHR197W,YGR059W,0.00018324264965485781
YHR197W,YBR109C,8.802203956292942e-05
YHR197W,YJL080C,0.0010487079853191972
YHR197W,YCR093W,1.4958975498302607e-06
YHR197W,YIL122W,2.1024184455008255e-14
YHR197W,YCL029C,4.044025856374256e-13
YHR197W,YNL173C,1.577264629304409e-05
YHR197W,YLR452C,0.08226022124290466
YHR197W,YDL160C,6.456323475845238e-09
YHR197W,YLR229C,1.1358465279442953e-08
YHR197W,YML057W,5.993134502090111e-16
YHR197W,YER149C,4.3789081246359274e-05
YHR197W,YMR305C,5.423565676426767e-12
YHR197W,YLR433C,0.00039314228342846036
YHR197W,YJL073W,6.148075992263354e-15
YHR197W,YGR279C,3.4368625279057596e-07
YHR197W,YKL190W,3.7032387467661465e-07
YHR197W,YGL089C,5.762869292880168e-09
YHR197W,YJL019W,2.3189753846963868e-05
YHR197W,YJL018W,0.00040600509964860976
YHR197W,YNR032C-A,0.21545222401618958
YHR197W,YGL178W,5.825186599395238e-05
YHR197W,YKL116C,1.3243483797131285e-14
YHR197W,YDL214C,0.9551988840103149
YHR197W,YLR362W,4.77559769507252e-10
YHR197W,YER068W,1.3851145924670405e-11
YHR197W,YHR084W,4.545121612409275e-09
YHR197W,YDR392W,3.550571078467235e-12
YHR197W,YNL053W,1.1896429441549117e-06
YHR197W,YGR040W,4.756539346423283e-12
YHR197W,YDL216C,2.081361571981688e-06
YHR197W,YOL117W,7.139553271501287e-12
YHR197W,YJR086W,3.0264723136497196e-06
YHR197W,YMR025W,1.924834869271308e-08
YHR197W,YBR081C,1.2427414731064346e-05
YHR197W,YFL026W,0.041088201105594635
YHR197W,YHL007C,4.297560352028995e-08
YHR197W,YNR044W,1.956615136577966e-07
YHR197W,YNL271C,0.0002669462701305747
YHR197W,YDR200C,8.457671007988665e-09
YHR197W,YKL178C,8.334060112247244e-05
YHR197W,YOR212W,1.1692918633343652e-06
YHR197W,YOL111C,2.29994408934564e-13
YHR197W,YGL032C,8.818241622066125e-05
YHR197W,YHR005C,0.9625489115715027
YHR197W,YDR103W,1.2694476581032177e-09
YHR197W,YJR084W,6.668537935183849e-06
YHR197W,YCL032W,1.077432969509573e-07
YHR197W,YJL170C,0.9999476671218872
YHR197W,YDR179C,6.407759739479602e-11
YHR197W,YBR095C,0.00011078079842263833
YHR197W,YLL021W,0.017018653452396393
YHR197W,YDL159W,8.813312926680972e-12
YHR197W,YNL161W,1.5574820281472057e-05
YHR197W,YNL188W,5.783082315247157e-07
YHR197W,YJL157C,0.00016446733206976205
YHR197W,YJL034W,4.028645906456463e-12
YHR197W,YLR238W,1.0049927112731893e-07
YHR197W,YPR141C,6.34289754088968e-05
YHR197W,YNL127W,0.9875556826591492
YHR197W,YCL055W,5.647213038173504e-05
YHR197W,YPR122W,2.579321153461933e-05
YHR197W,YMR065W,0.00013721652794629335
YHR197W,YDR356W,0.04768839105963707
YHR197W,YMR052W,4.3687556171789765e-05
YHR197W,YFR008W,0.00014537977403961122
YHR197W,YLL043W,0.026271916925907135
YHR197W,YMR029C,7.42689153412357e-05
YHR197W,YJR004C,1.5499897199067192e-10
YHR197W,YDL223C,1.7727704754317962e-16
YHR197W,YHR158C,2.4362621295348497e-11
YHR197W,YGR238C,6.526416029828397e-08
YHR197W,YIL015W,0.04807274043560028
YHR197W,YGL173C,1.2151014061601018e-06
YHR197W,YDL225W,3.20040260636781e-15
YHR197W,YLR330W,5.2361993213567715e-11
YHR197W,YBR129C,2.5903114320158238e-08
YHR197W,YKR095W-A,0.2020167112350464
YHR197W,YPR075C,1.5416230514375684e-09
YHR197W,YMR198W,1.0230146729739431e-09
YHR197W,YOR127W,0.00013370899250730872
YHR197W,YDR264C,0.031160350888967514
YHR197W,YLR110C,1.5150945387176762e-07
YHR197W,YDR379W,1.557280171482489e-07
YHR197W,YDL100C,0.0009247445268556476
YHR197W,YHR073W,1.990397095141816e-06
YHR197W,YJR090C,2.669638989039047e-11
YHR197W,YOR208W,2.20877905121597e-06
YHR197W,YBR040W,2.8463364287745208e-06
YHR197W,YNL279W,5.290177796268836e-06
YHR197W,YER075C,5.7090346672339365e-08
YHR197W,YCR089W,4.028407815659385e-12
YHR197W,YCR002C,1.3458884495776147e-07
YHR197W,YJL108C,0.023182768374681473
YHR197W,YBR200W,6.904367637616815e-06
YHR197W,YIL026C,5.421590287824074e-08
YHR197W,YJR076C,0.00082410778850317
YHR197W,YKR031C,0.004445052705705166
YHR197W,YPL192C,5.302092631609412e-06
YHR197W,YHR107C,2.5661320179892755e-08
YHR197W,YIL037C,5.462666777256153e-11
YHR197W,YPL156C,6.630583726519035e-08
YHR197W,YIL117C,3.6378202139530913e-07
YHR197W,YHR066W,2.311518337849705e-10
YHR197W,YML085C,1.3579842139677112e-08
YHR197W,YML047C,3.9215748703913533e-11
YHR197W,YDR312W,6.474215297203045e-06
YHR197W,YFL037W,1.8575468274661944e-08
YHR197W,YDL038C,0.2020167112350464
YHR197W,YDL039C,1.0490500341239078e-13
YHR197W,YCL027W,9.910403377944021e-07
YHR197W,YML124C,3.4664436907600057e-16
YHR197W,YGL053W,2.419627662675339e-07
YHR197W,YMR232W,2.0661443045355554e-07
YHR197W,YNL298W,0.06110772117972374
YHR197W,YGL099W,2.169874211832291e-16
YHR197W,YBL016W,3.7236917993510588e-09
YHR197W,YAL041W,7.807930160197429e-07
YHR197W,YDR085C,0.2941189706325531
YHR197W,YPL187W,0.01774083636701107
YHR197W,YPL256C,1.209724542761137e-09
YHR197W,YDR461W,4.376704280570874e-14
YHR197W,YNL145W,4.1245289850166955e-08
YOR315W,YDL165W,4.108970108607224e-10
YOR315W,YGR059W,0.8472259640693665
YOR315W,YBR109C,1.847408697130959e-07
YOR315W,YJL080C,4.71723808459501e-07
YOR315W,YCR093W,0.017511403188109398
YOR315W,YIL122W,0.0012380842817947268
YOR315W,YCL029C,3.2358235330320895e-05
YOR315W,YNL173C,5.9039585664777405e-08
YOR315W,YLR452C,1.4995168440279372e-09
YOR315W,YDL160C,1.810350914316361e-12
YOR315W,YLR229C,6.810816233909778e-12
YOR315W,YML057W,8.237448351607274e-18
YOR315W,YER149C,6.425756964745233e-06
YOR315W,YMR305C,0.0008837099303491414
YOR315W,YLR433C,4.4783765584810453e-10
YOR315W,YJL073W,1.9150750545951728e-16
YOR315W,YGR279C,1.3770749297814522e-11
YOR315W,YKL190W,8.940797852119431e-05
YOR315W,YGL089C,0.3664601147174835
YOR315W,YJL019W,0.0010739839635789394
YOR315W,YJL018W,0.0009342716075479984
YOR315W,YNR032C-A,0.013055323623120785
YOR315W,YGL178W,0.00011567211186047643
YOR315W,YKL116C,2.1412540718301898e-07
YOR315W,YDL214C,0.33004873991012573
YOR315W,YLR362W,9.659851230026106e-08
YOR315W,YER068W,2.3384921606696982e-15
YOR315W,YHR084W,1.048786491680831e-12
YOR315W,YDR392W,1.987483649878996e-10
YOR315W,YNL053W,0.0002694819704629481
YOR315W,YGR040W,2.64338741867709e-11
YOR315W,YDL216C,2.0325878757887494e-09
YOR315W,YOL117W,3.0067845990799924e-09
YOR315W,YJR086W,2.509968455299827e-09
YOR315W,YMR025W,6.308026101464748e-09
YOR315W,YBR081C,0.5533296465873718
YOR315W,YFL026W,4.754430119646713e-05
YOR315W,YHL007C,0.00011964089935645461
YOR315W,YNR044W,0.009507350623607635
YOR315W,YNL271C,1.6489865029001294e-10
YOR315W,YDR200C,3.523110535752494e-06
YOR315W,YKL178C,6.251718787098071e-06
YOR315W,YOR212W,4.2855270294239745e-05
YOR315W,YOL111C,4.386598262170072e-22
YOR315W,YGL032C,0.002199500799179077
YOR315W,YHR005C,0.0012311384780332446
YOR315W,YDR103W,0.000442042073700577
YOR315W,YJR084W,0.00034442965989001095
YOR315W,YCL032W,7.760931654277048e-12
YOR315W,YJL170C,0.0005931315245106816
YOR315W,YDR179C,5.639549157526735e-13
YOR315W,YBR095C,1.993623932605715e-09
YOR315W,YLL021W,3.911675321432995e-06
YOR315W,YDL159W,2.929154314934568e-13
YOR315W,YNL161W,6.162356180894335e-10
YOR315W,YNL188W,1.6664561144352774e-06
YOR315W,YJL157C,1.9300670436872558e-11
YOR315W,YJL034W,2.823791745210808e-18
YOR315W,YLR238W,0.006229924503713846
YOR315W,YPR141C,4.010710199509049e-07
YOR315W,YNL127W,0.00760949170216918
YOR315W,YCL055W,9.63002233511645e-10
YOR315W,YPR122W,0.06609901785850525
YOR315W,YMR065W,0.09520948678255081
YOR315W,YDR356W,0.9998364448547363
YOR315W,YMR052W,5.139298446010798e-05
YOR315W,YFR008W,9.617687757312865e-10
YOR315W,YLL043W,0.3585027754306793
YOR315W,YMR029C,2.244931264537911e-13
YOR315W,YJR004C,1.7159749099091015e-12
YOR315W,YDL223C,1.0237190088233755e-21
YOR315W,YHR158C,0.0017071416368708014
YOR315W,YGR238C,1.9446861723487925e-14
YOR315W,YIL015W,0.000654767150990665
YOR315W,YGL173C,0.03228866681456566
YOR315W,YDL225W,1.2290374273860039e-09
YOR315W,YLR330W,3.943079993377549e-14
YOR315W,YBR129C,7.759274012641981e-06
YOR315W,YKR095W-A,0.2020167112350464
YOR315W,YPR075C,2.008122834684656e-12
YOR315W,YMR198W,0.0341426357626915
YOR315W,YOR127W,9.884262544801459e-05
YOR315W,YDR264C,8.015318599063903e-06
YOR315W,YLR110C,3.3215370558170587e-12
YOR315W,YDR379W,2.301721702124837e-09
YOR315W,YDL100C,0.0046237800270318985
YOR315W,YHR073W,9.135276979321816e-10
YOR315W,YJR090C,0.8812596201896667
YOR315W,YOR208W,0.0010118830250576138
YOR315W,YBR040W,0.02585606835782528
YOR315W,YNL279W,0.9965617060661316
YOR315W,YER075C,0.0026208763010799885
YOR315W,YCR089W,0.0037788168992847204
YOR315W,YCR002C,3.130841363940817e-08
YOR315W,YJL108C,0.0001454041776014492
YOR315W,YBR200W,7.030527194729075e-05
YOR315W,YIL026C,2.690207605293704e-11
YOR315W,YJR076C,8.758514923101757e-06
YOR315W,YKR031C,0.0004655834927689284
YOR315W,YPL192C,0.000216904649278149
YOR315W,YHR107C,0.0017230699304491282
YOR315W,YIL037C,8.850279300531838e-06
YOR315W,YPL156C,8.797257322612495e-08
YOR315W,YIL117C,9.552078095512173e-13
YOR315W,YHR066W,1.725491155664914e-14
YOR315W,YML085C,6.101368398958584e-06
YOR315W,YML047C,0.00036883604479953647
YOR315W,YDR312W,2.863075496861711e-05
YOR315W,YFL037W,1.1558500467509503e-12
YOR315W,YDL038C,0.2020167112350464
YOR315W,YDL039C,4.889998496255513e-16
YOR315W,YCL027W,1.807064654713031e-05
YOR315W,YML124C,1.99425500113648e-07
YOR315W,YGL053W,3.335390647281702e-15
YOR315W,YMR232W,2.1556631963903783e-06
YOR315W,YNL298W,0.003193419426679611
YOR315W,YGL099W,7.66256294526535e-11
YOR315W,YBL016W,3.449676766464904e-09
YOR315W,YAL041W,2.0319383111200295e-05
YOR315W,YDR085C,8.066249057581132e-11
YOR315W,YPL187W,0.9822705388069153
YOR315W,YPL256C,4.006460496697173e-09
YOR315W,YDR461W,1.1238968866678078e-08
YOR315W,YNL145W,1.9840433651552303e-07
YMR208W,YDL165W,0.02336297556757927
YMR208W,YGR059W,3.0718496191184386e-08
YMR208W,YBR109C,7.355285824850455e-10
YMR208W,YJL080C,0.16769947111606598
YMR208W,YCR093W,0.0006517382571473718
YMR208W,YIL122W,0.09407667070627213
YMR208W,YCL029C,5.3077652678850534e-14
YMR208W,YNL173C,5.730723273700278e-08
YMR208W,YLR452C,0.00011168215132784098
YMR208W,YDL160C,0.13008399307727814
YMR208W,YLR229C,0.0014785018283873796
YMR208W,YML057W,5.7984821388856744e-09
YMR208W,YER149C,0.00616203248500824
YMR208W,YMR305C,6.104826866248914e-08
YMR208W,YLR433C,6.3592342485208064e-06
YMR208W,YJL073W,3.215634702957715e-10
YMR208W,YGR279C,2.2615805050918425e-07
YMR208W,YKL190W,6.365344362713188e-11
YMR208W,YGL089C,2.0807045075343922e-05
YMR208W,YJL019W,8.201741366065107e-06
YMR208W,YJL018W,0.0007649047765880823
YMR208W,YNR032C-A,0.13165180385112762
YMR208W,YGL178W,2.783245910218529e-13
YMR208W,YKL116C,5.193124819058426e-10
YMR208W,YDL214C,1.253194386663381e-05
YMR208W,YLR362W,7.946401349434584e-12
YMR208W,YER068W,3.4249680425091356e-08
YMR208W,YHR084W,7.276894198327e-09
YMR208W,YDR392W,2.057865344795573e-07
YMR208W,YNL053W,6.219142960617319e-05
YMR208W,YGR040W,7.599819218739867e-05
YMR208W,YDL216C,0.048804379999637604
YMR208W,YOL117W,0.0033472469076514244
YMR208W,YJR086W,0.00033270829590037465
YMR208W,YMR025W,1.2850236998929176e-05
YMR208W,YBR081C,0.05227433890104294
YMR208W,YFL026W,0.04871172457933426
YMR208W,YHL007C,1.1813181544084728e-07
YMR208W,YNR044W,2.554499722862147e-08
YMR208W,YNL271C,4.724077371065505e-06
YMR208W,YDR200C,0.00014333392027765512
YMR208W,YKL178C,0.02074199542403221
YMR208W,YOR212W,0.10339637100696564
YMR208W,YOL111C,2.674263805194088e-13
YMR208W,YGL032C,0.28072991967201233
YMR208W,YHR005C,1.2833302776016353e-07
YMR208W,YDR103W,2.7823136861115927e-06
YMR208W,YJR084W,0.01001696940511465
YMR208W,YCL032W,0.0003840271383523941
YMR208W,YJL170C,4.896192535852606e-07
YMR208W,YDR179C,3.174622023593976e-13
YMR208W,YBR095C,1.4621020454796962e-05
YMR208W,YLL021W,2.118652264471166e-05
YMR208W,YDL159W,6.71749907913186e-16
YMR208W,YNL161W,5.944392796664033e-06
YMR208W,YNL188W,5.435921934804355e-08
YMR208W,YJL157C,9.731573663884774e-05
YMR208W,YJL034W,4.4861266701445857e-08
YMR208W,YLR238W,2.025946077566232e-09
YMR208W,YPR141C,1.4793694447234884e-07
YMR208W,YNL127W,0.7467649579048157
YMR208W,YCL055W,8.971606443863855e-12
YMR208W,YPR122W,7.596181967528537e-05
YMR208W,YMR065W,0.19027076661586761
YMR208W,YDR356W,8.818618613126716e-10
YMR208W,YMR052W,2.611273157526739e-05
YMR208W,YFR008W,0.0007382058538496494
YMR208W,YLL043W,2.3108759350520813e-09
YMR208W,YMR029C,0.0004230983031447977
YMR208W,YJR004C,2.464873887220165e-07
YMR208W,YDL223C,9.65158970938303e-18
YMR208W,YHR158C,0.8869664669036865
YMR208W,YGR238C,1.691041775128666e-15
YMR208W,YIL015W,0.5861511826515198
YMR208W,YGL173C,0.03445327281951904
YMR208W,YDL225W,0.6094817519187927
YMR208W,YLR330W,2.1953287798748278e-10
YMR208W,YBR129C,5.809075551317655e-13
YMR208W,YKR095W-A,0.2020167112350464
YMR208W,YPR075C,1.1333770672850469e-16
YMR208W,YMR198W,3.814027991211333e-07
YMR208W,YOR127W,3.231801883885055e-06
YMR208W,YDR264C,5.323744778351625e-10
YMR208W,YLR110C,5.113825363167734e-09
YMR208W,YDR379W,4.0970544432639144e-06
YMR208W,YDL100C,0.0007993669132702053
YMR208W,YHR073W,4.90162310740061e-09
YMR208W,YJR090C,0.010225560516119003
YMR208W,YOR208W,7.780325828043999e-10
YMR208W,YBR040W,2.3060644949168818e-08
YMR208W,YNL279W,0.00034878274891525507
YMR208W,YER075C,6.505195826456145e-10
YMR208W,YCR089W,8.715537802572726e-08
YMR208W,YCR002C,2.5079867782551446e-07
YMR208W,YJL108C,9.584436355680737e-09
YMR208W,YBR200W,2.5958014404636742e-08
YMR208W,YIL026C,0.003998625557869673
YMR208W,YJR076C,0.001431201002560556
YMR208W,YKR031C,1.6878695419109135e-07
YMR208W,YPL192C,0.3053121864795685
YMR208W,YHR107C,2.9276264967847965e-07
YMR208W,YIL037C,5.5660987971495324e-14
YMR208W,YPL156C,2.379459684842544e-10
YMR208W,YIL117C,1.0519078941229054e-08
YMR208W,YHR066W,1.374633029627148e-07
YMR208W,YML085C,0.0685853362083435
YMR208W,YML047C,2.1700800800772413e-07
YMR208W,YDR312W,0.0007308469503186643
YMR208W,YFL037W,1.4265965546655934e-06
YMR208W,YDL038C,0.2020167112350464
YMR208W,YDL039C,2.3954942847057015e-13
YMR208W,YCL027W,8.642404281999916e-05
YMR208W,YML124C,2.2898204861121485e-06
YMR208W,YGL053W,6.479289004346356e-05
YMR208W,YMR232W,1.7894477011282106e-08
YMR208W,YNL298W,1.2926872905438813e-08
YMR208W,YGL099W,7.4115069637059605e-09
YMR208W,YBL016W,9.70269752542663e-07
YMR208W,YAL041W,3.5403445583157e-13
YMR208W,YDR085C,5.486499139806256e-05
YMR208W,YPL187W,1.35501396769655e-08
YMR208W,YPL256C,0.17875541746616364
YMR208W,YDR461W,5.081755571900715e-10
YMR208W,YNL145W,4.189862679027101e-09
YJL035C,YDL165W,1.7931699181072958e-10
YJL035C,YGR059W,6.159738941136084e-09
YJL035C,YBR109C,3.116473635600414e-06
YJL035C,YJL080C,4.367635119706392e-05
YJL035C,YCR093W,4.2504956354605383e-07
YJL035C,YIL122W,1.245389285031706e-07
YJL035C,YCL029C,0.13089726865291595
YJL035C,YNL173C,1.8906126797446632e-07
YJL035C,YLR452C,0.7582370638847351
YJL035C,YDL160C,1.3267500662550447e-06
YJL035C,YLR229C,2.649678532140598e-10
YJL035C,YML057W,2.1073297830298543e-05
YJL035C,YER149C,1.0490340421418637e-13
YJL035C,YMR305C,8.546379478679283e-15
YJL035C,YLR433C,0.0003485151974018663
YJL035C,YJL073W,4.075720649865389e-09
YJL035C,YGR279C,6.294189613953449e-10
YJL035C,YKL190W,0.5952131748199463
YJL035C,YGL089C,4.8220115237990885e-14
YJL035C,YJL019W,2.1917747616839733e-08
YJL035C,YJL018W,0.0006329718744382262
YJL035C,YNR032C-A,0.067706398665905
YJL035C,YGL178W,3.4005388727109676e-08
YJL035C,YKL116C,0.00043286228901706636
YJL035C,YDL214C,0.0015291273593902588
YJL035C,YLR362W,2.098093254687683e-09
YJL035C,YER068W,0.033936336636543274
YJL035C,YHR084W,3.748949067849949e-12
YJL035C,YDR392W,2.4700320998619074e-13
YJL035C,YNL053W,3.221505961298332e-12
YJL035C,YGR040W,2.863551706866474e-08
YJL035C,YDL216C,1.4114039913692977e-05
YJL035C,YOL117W,1.698222454587367e-13
YJL035C,YJR086W,1.7744352589943446e-05
YJL035C,YMR025W,3.4888723803305766e-06
YJL035C,YBR081C,1.5348492254929624e-08
YJL035C,YFL026W,4.396389613248175e-06
YJL035C,YHL007C,2.793288267355365e-08
YJL035C,YNR044W,9.73014779859227e-10
YJL035C,YNL271C,6.186892229983348e-16
YJL035C,YDR200C,5.08408129462623e-06
YJL035C,YKL178C,7.624834665875824e-07
YJL035C,YOR212W,5.566593586081581e-08
YJL035C,YOL111C,4.3304120822540426e-07
YJL035C,YGL032C,4.847842774324818e-06
YJL035C,YHR005C,9.689311575300508e-10
YJL035C,YDR103W,8.098848411464132e-06
YJL035C,YJR084W,0.0004617440572474152
YJL035C,YCL032W,2.0211041174000854e-11
YJL035C,YJL170C,5.06920969201019e-07
YJL035C,YDR179C,0.03889784216880798
YJL035C,YBR095C,5.308175587970254e-08
YJL035C,YLL021W,2.7968491238261617e-12
YJL035C,YDL159W,0.0005364993121474981
YJL035C,YNL161W,0.0002954964293166995
YJL035C,YNL188W,5.5424711518990526e-15
YJL035C,YJL157C,7.377002214116728e-15
YJL035C,YJL034W,4.509931386564858e-05
YJL035C,YLR238W,1.6434978378221388e-10
YJL035C,YPR141C,2.249867306347575e-11
YJL035C,YNL127W,3.329705489194673e-13
YJL035C,YCL055W,0.023284651339054108
YJL035C,YPR122W,0.01265658624470234
YJL035C,YMR065W,7.044941519041004e-09
YJL035C,YDR356W,4.421430332968157e-08
YJL035C,YMR052W,0.002460847608745098
YJL035C,YFR008W,2.707480177832622e-07
YJL035C,YLL043W,1.1685700883390382e-05
YJL035C,YMR029C,0.0036829067394137383
YJL035C,YJR004C,2.3504779164795764e-05
YJL035C,YDL223C,5.758184863169716e-14
YJL035C,YHR158C,2.0700919776572846e-05
YJL035C,YGR238C,0.0010682538850232959
YJL035C,YIL015W,1.2047628519806786e-12
YJL035C,YGL173C,3.7805748115404825e-11
YJL035C,YDL225W,1.495680478341005e-13
YJL035C,YLR330W,0.0013770255027338862
YJL035C,YBR129C,3.6420001671595703e-13
YJL035C,YKR095W-A,0.2020167112350464
YJL035C,YPR075C,4.065353609306044e-10
YJL035C,YMR198W,0.044413693249225616
YJL035C,YOR127W,3.4257570860063424e-06
YJL035C,YDR264C,1.0992587951008659e-09
YJL035C,YLR110C,1.2884090239140278e-08
YJL035C,YDR379W,3.0377450229747416e-13
YJL035C,YDL100C,3.564860162441619e-05
YJL035C,YHR073W,1.169315477778099e-10
YJL035C,YJR090C,2.5256383651139913e-09
YJL035C,YOR208W,1.1012644962615781e-10
YJL035C,YBR040W,7.3652430820914105e-09
YJL035C,YNL279W,2.8463560397540277e-07
YJL035C,YER075C,6.943643387049073e-14
YJL035C,YCR089W,2.8831180498567477e-11
YJL035C,YCR002C,2.04081951338253e-09
YJL035C,YJL108C,3.131371030529184e-13
YJL035C,YBR200W,6.360856841247653e-10
YJL035C,YIL026C,5.278157186694443e-05
YJL035C,YJR076C,4.0059623529487e-07
YJL035C,YKR031C,5.424735718406737e-07
YJL035C,YPL192C,0.0002852768520824611
YJL035C,YHR107C,3.828686673257309e-11
YJL035C,YIL037C,4.027886291169125e-07
YJL035C,YPL156C,6.802958640861334e-09
YJL035C,YIL117C,1.0368545133587759e-08
YJL035C,YHR066W,1.8995124123761511e-16
YJL035C,YML085C,2.3914813596093154e-07
YJL035C,YML047C,5.4902617563357126e-08
YJL035C,YDR312W,5.838981387832525e-16
YJL035C,YFL037W,3.78195818484528e-06
YJL035C,YDL038C,0.2020167112350464
YJL035C,YDL039C,1.3675591503670148e-07
YJL035C,YCL027W,1.1769628674440646e-11
YJL035C,YML124C,2.1059091970254684e-11
YJL035C,YGL053W,9.591042982037834e-08
YJL035C,YMR232W,4.619780114012428e-09
YJL035C,YNL298W,7.124797775759362e-06
YJL035C,YGL099W,1.336441018119699e-27
YJL035C,YBL016W,1.3828566807205789e-06
YJL035C,YAL041W,1.2830442983613466e-06
YJL035C,YDR085C,4.5271406068359e-10
YJL035C,YPL187W,0.025841616094112396
YJL035C,YPL256C,2.048875305526998e-11
YJL035C,YDR461W,2.602487256808672e-07
YJL035C,YNL145W,1.1744508476851934e-08
YKR068C,YDL165W,3.0566843634005636e-05
YKR068C,YGR059W,1.029477630254405e-06
YKR068C,YBR109C,1.1482926964845319e-07
YKR068C,YJL080C,4.7756549825805905e-09
YKR068C,YCR093W,1.162995795311872e-05
YKR068C,YIL122W,0.0966210812330246
YKR068C,YCL029C,0.4425312876701355
YKR068C,YNL173C,2.853889433801493e-12
YKR068C,YLR452C,1.6421511928044197e-09
YKR068C,YDL160C,4.249685048307583e-07
YKR068C,YLR229C,4.628842101284114e-11
YKR068C,YML057W,3.2709646546891236e-08
YKR068C,YER149C,0.00011975846427958459
YKR068C,YMR305C,4.08751716918232e-08
YKR068C,YLR433C,0.25431832671165466
YKR068C,YJL073W,1.1270921002060064e-10
YKR068C,YGR279C,2.0770825358340517e-05
YKR068C,YKL190W,0.0046849325299263
YKR068C,YGL089C,2.959247240141849e-06
YKR068C,YJL019W,5.455714213731255e-10
YKR068C,YJL018W,0.04465233162045479
YKR068C,YNR032C-A,0.0032969429157674313
YKR068C,YGL178W,0.21991562843322754
YKR068C,YKL116C,4.568025815387955e-06
YKR068C,YDL214C,0.01228947751224041
YKR068C,YLR362W,5.215378223510925e-06
YKR068C,YER068W,6.516148731705584e-10
YKR068C,YHR084W,0.00013025259249843657
YKR068C,YDR392W,0.0003423045272938907
YKR068C,YNL053W,4.228325689581425e-09
YKR068C,YGR040W,4.328563227318227e-05
YKR068C,YDL216C,1.1492591511341743e-05
YKR068C,YOL117W,0.013119610026478767
YKR068C,YJR086W,7.088821196710171e-11
YKR068C,YMR025W,3.5456803743727505e-05
YKR068C,YBR081C,0.0009708220022730529
YKR068C,YFL026W,0.00019663716375362128
YKR068C,YHL007C,9.951330071089615e-08
YKR068C,YNR044W,7.929954978259934e-13
YKR068C,YNL271C,1.9058645286951226e-11
YKR068C,YDR200C,5.230833988179029e-09
YKR068C,YKL178C,2.3007960407994688e-06
YKR068C,YOR212W,1.951693047885783e-05
YKR068C,YOL111C,1.0797807786788738e-10
YKR068C,YGL032C,0.191697895526886
YKR068C,YHR005C,2.0608949853340164e-06
YKR068C,YDR103W,0.07660724967718124
YKR068C,YJR084W,4.737314156955108e-06
YKR068C,YCL032W,0.5587174296379089
YKR068C,YJL170C,2.3040738597046584e-05
YKR068C,YDR179C,1.2035214491668e-10
YKR068C,YBR095C,0.0071596563793718815
YKR068C,YLL021W,3.935093917384336e-10
YKR068C,YDL159W,2.5191452300777272e-15
YKR068C,YNL161W,0.012606547214090824
YKR068C,YNL188W,1.5280979814846773e-09
YKR068C,YJL157C,0.24214564263820648
YKR068C,YJL034W,4.49405779233988e-19
YKR068C,YLR238W,7.880787961767055e-06
YKR068C,YPR141C,3.757572308860091e-10
YKR068C,YNL127W,0.013903562910854816
YKR068C,YCL055W,3.2385823623554133e-13
YKR068C,YPR122W,9.000300633488223e-05
YKR068C,YMR065W,0.0012475877301767468
YKR068C,YDR356W,0.0017038469668477774
YKR068C,YMR052W,0.3003389537334442
YKR068C,YFR008W,0.9969081282615662
YKR068C,YLL043W,2.0168922674201895e-06
YKR068C,YMR029C,5.906396722821228e-07
YKR068C,YJR004C,1.1035264435577119e-07
YKR068C,YDL223C,6.906673011286557e-10
YKR068C,YHR158C,2.6292756860613054e-09
YKR068C,YGR238C,1.1957943115703529e-06
YKR068C,YIL015W,0.9262763857841492
YKR068C,YGL173C,7.583393198729027e-06
YKR068C,YDL225W,1.00890542853449e-06
YKR068C,YLR330W,3.863656963809525e-11
YKR068C,YBR129C,4.928084536004462e-07
YKR068C,YKR095W-A,0.2020167112350464
YKR068C,YPR075C,0.015881801024079323
YKR068C,YMR198W,1.411503376402834e-06
YKR068C,YOR127W,7.10371992340697e-08
YKR068C,YDR264C,0.06444632261991501
YKR068C,YLR110C,0.17227843403816223
YKR068C,YDR379W,0.47201770544052124
YKR068C,YDL100C,3.355372868441009e-09
YKR068C,YHR073W,3.584916612453526e-07
YKR068C,YJR090C,0.020663060247898102
YKR068C,YOR208W,5.893572918580503e-08
YKR068C,YBR040W,0.010166510008275509
YKR068C,YNL279W,0.800709068775177
YKR068C,YER075C,3.200084464083375e-08
YKR068C,YCR089W,0.0004164184210821986
YKR068C,YCR002C,6.97807500671388e-09
YKR068C,YJL108C,0.08711583912372589
YKR068C,YBR200W,4.535413822281953e-09
YKR068C,YIL026C,3.147499968991774e-11
YKR068C,YJR076C,0.04876852408051491
YKR068C,YKR031C,5.200900432100752e-06
YKR068C,YPL192C,0.9856390953063965
YKR068C,YHR107C,7.067083629408444e-08
YKR068C,YIL037C,0.03162331506609917
YKR068C,YPL156C,0.0003374755324330181
YKR068C,YIL117C,0.0753374993801117
YKR068C,YHR066W,1.4692210470457212e-07
YKR068C,YML085C,1.3279045560921077e-05
YKR068C,YML047C,0.18897423148155212
YKR068C,YDR312W,0.0028087825048714876
YKR068C,YFL037W,0.00015340624668169767
YKR068C,YDL038C,0.2020167112350464
YKR068C,YDL039C,6.056412593657967e-10
YKR068C,YCL027W,6.113041877142678e-07
YKR068C,YML124C,6.490824375759985e-07
YKR068C,YGL053W,1.0821889873113832e-06
YKR068C,YMR232W,9.17162251425907e-05
YKR068C,YNL298W,7.939288670932854e-10
YKR068C,YGL099W,3.5383063146099403e-09
YKR068C,YBL016W,0.001543643418699503
YKR068C,YAL041W,0.00047973624896258116
YKR068C,YDR085C,0.17934679985046387
YKR068C,YPL187W,0.3571626543998718
YKR068C,YPL256C,1.9868475083489184e-13
YKR068C,YDR461W,0.0004608722811099142
YKR068C,YNL145W,0.003936059772968292
YIL118W,YDL165W,0.001699180924333632
YIL118W,YGR059W,3.2609481337431134e-08
YIL118W,YBR109C,6.443372768671907e-08
YIL118W,YJL080C,3.7364978197729215e-05
YIL118W,YCR093W,1.1892306162053501e-07
YIL118W,YIL122W,8.999993111880045e-11
YIL118W,YCL029C,3.372568066831172e-13
YIL118W,YNL173C,8.01246624604346e-09
YIL118W,YLR452C,0.018804633989930153
YIL118W,YDL160C,3.332947633161165e-12
YIL118W,YLR229C,6.304201161100309e-09
YIL118W,YML057W,4.80556254630406e-16
YIL118W,YER149C,0.028254017233848572
YIL118W,YMR305C,1.5722484647540114e-08
YIL118W,YLR433C,0.0010215080110356212
YIL118W,YJL073W,7.857928717436291e-12
YIL118W,YGR279C,0.034715358167886734
YIL118W,YKL190W,2.0949274315285038e-08
YIL118W,YGL089C,0.001593790017068386
YIL118W,YJL019W,1.743909479046124e-06
YIL118W,YJL018W,0.0021853120997548103
YIL118W,YNR032C-A,0.8273879289627075
YIL118W,YGL178W,4.357563375378959e-05
YIL118W,YKL116C,2.2710213709586924e-09
YIL118W,YDL214C,2.033742341200906e-10
YIL118W,YLR362W,9.138395877690553e-14
YIL118W,YER068W,8.090273242999935e-14
YIL118W,YHR084W,3.174404517025664e-09
YIL118W,YDR392W,8.268910534070528e-08
YIL118W,YNL053W,2.3064745619194582e-05
YIL118W,YGR040W,1.4055583960725926e-05
YIL118W,YDL216C,0.01002615224570036
YIL118W,YOL117W,9.952145774150267e-08
YIL118W,YJR086W,3.4646714386354915e-09
YIL118W,YMR025W,0.00017491719336248934
YIL118W,YBR081C,0.00027331148157827556
YIL118W,YFL026W,0.7777451872825623
YIL118W,YHL007C,1.8490664728532114e-12
YIL118W,YNR044W,5.162341039977036e-06
YIL118W,YNL271C,1.7358712123966002e-12
YIL118W,YDR200C,4.285322851034349e-16
YIL118W,YKL178C,5.224609049037099e-05
YIL118W,YOR212W,1.543485268484801e-07
YIL118W,YOL111C,2.0831231184459398e-10
YIL118W,YGL032C,3.5771841794485226e-05
YIL118W,YHR005C,0.0167123731225729
YIL118W,YDR103W,5.379283174988814e-05
YIL118W,YJR084W,0.0008185324259102345
YIL118W,YCL032W,0.009655140340328217
YIL118W,YJL170C,2.2162316781759728e-06
YIL118W,YDR179C,7.683843985279793e-22
YIL118W,YBR095C,7.475123631195402e-09
YIL118W,YLL021W,0.0015759351663291454
YIL118W,YDL159W,1.964218796501882e-07
YIL118W,YNL161W,0.8917137384414673
YIL118W,YNL188W,0.007552518043667078
YIL118W,YJL157C,0.019758298993110657
YIL118W,YJL034W,2.4639808964867227e-13
YIL118W,YLR238W,5.795637321170943e-07
YIL118W,YPR141C,2.8044166811014293e-07
YIL118W,YNL127W,3.745138421606953e-09
YIL118W,YCL055W,3.706728790575653e-08
YIL118W,YPR122W,3.4706965834629955e-06
YIL118W,YMR065W,0.0384136438369751
YIL118W,YDR356W,0.007804913446307182
YIL118W,YMR052W,1.0827939933566455e-10
YIL118W,YFR008W,1.3485732530682526e-08
YIL118W,YLL043W,1.4917162616256974e-06
YIL118W,YMR029C,1.0394093408194749e-07
YIL118W,YJR004C,4.634783667967213e-09
YIL118W,YDL223C,2.809612048744949e-23
YIL118W,YHR158C,0.00042238220339640975
YIL118W,YGR238C,6.972233662812244e-13
YIL118W,YIL015W,0.00023578798572998494
YIL118W,YGL173C,0.0028634420596063137
YIL118W,YDL225W,0.0003951447724830359
YIL118W,YLR330W,6.494351691799238e-05
YIL118W,YBR129C,2.9281085889287795e-10
YIL118W,YKR095W-A,0.2020167112350464
YIL118W,YPR075C,1.272060345947068e-09
YIL118W,YMR198W,4.725113740278175e-06
YIL118W,YOR127W,8.981378050521016e-05
YIL118W,YDR264C,0.0022642789408564568
YIL118W,YLR110C,3.819391025672303e-09
YIL118W,YDR379W,1.3524493747141264e-09
YIL118W,YDL100C,0.0022237275261431932
YIL118W,YHR073W,1.2290350070998102e-07
YIL118W,YJR090C,3.852878478483035e-07
YIL118W,YOR208W,6.599954471830927e-10
YIL118W,YBR040W,3.3932501253275404e-08
YIL118W,YNL279W,2.661932967384928e-07
YIL118W,YER075C,1.3101644071866758e-05
YIL118W,YCR089W,9.763517482497264e-06
YIL118W,YCR002C,0.028634965419769287
YIL118W,YJL108C,2.598009141152602e-09
YIL118W,YBR200W,2.4576878786319867e-05
YIL118W,YIL026C,0.008817708119750023
YIL118W,YJR076C,5.162145839676668e-07
YIL118W,YKR031C,4.1611613710301754e-08
YIL118W,YPL192C,1.734279564402641e-08
YIL118W,YHR107C,2.3917394106898193e-11
YIL118W,YIL037C,3.9482958569259097e-10
YIL118W,YPL156C,0.04488484561443329
YIL118W,YIL117C,5.536552976082021e-07
YIL118W,YHR066W,1.3309073839724036e-17
YIL118W,YML085C,8.26140631599026e-12
YIL118W,YML047C,0.0001356178690912202
YIL118W,YDR312W,3.9818856748752296e-05
YIL118W,YFL037W,1.0834344266186235e-06
YIL118W,YDL038C,0.2020167112350464
YIL118W,YDL039C,4.1866878164728315e-18
YIL118W,YCL027W,0.00020175051758997142
YIL118W,YML124C,1.6315254702803372e-11
YIL118W,YGL053W,1.6238772208420488e-13
YIL118W,YMR232W,1.2367741275554067e-09
YIL118W,YNL298W,1.1447442105350092e-08
YIL118W,YGL099W,5.4663985143976745e-11
YIL118W,YBL016W,1.9521826415720976e-17
YIL118W,YAL041W,0.00017848663264885545
YIL118W,YDR085C,1.6515910817790913e-12
YIL118W,YPL187W,0.0003575187874957919
YIL118W,YPL256C,2.117519493083364e-09
YIL118W,YDR461W,3.1284304213841096e-07
YIL118W,YNL145W,3.6715164242195897e-06
YPL096W,YDL165W,7.215966157936293e-10
YPL096W,YGR059W,5.150651016805341e-09
YPL096W,YBR109C,0.00013133851462043822
YPL096W,YJL080C,0.27230149507522583
YPL096W,YCR093W,2.125788523699157e-05
YPL096W,YIL122W,4.946267290506512e-05
YPL096W,YCL029C,8.1154061240312e-17
YPL096W,YNL173C,2.5087861104111653e-06
YPL096W,YLR452C,0.06893441826105118
YPL096W,YDL160C,5.6045637393253855e-06
YPL096W,YLR229C,0.7761857509613037
YPL096W,YML057W,6.79272194048508e-11
YPL096W,YER149C,0.8225245475769043
YPL096W,YMR305C,0.560207724571228
YPL096W,YLR433C,6.019954071234679e-06
YPL096W,YJL073W,1.7111004280145892e-10
YPL096W,YGR279C,2.2901262127561495e-05
YPL096W,YKL190W,0.00010217155795544386
YPL096W,YGL089C,0.009290949441492558
YPL096W,YJL019W,1.5201548194454517e-05
YPL096W,YJL018W,0.1468745619058609
YPL096W,YNR032C-A,0.024480070918798447
YPL096W,YGL178W,0.3064883053302765
YPL096W,YKL116C,1.4250887033995241e-05
YPL096W,YDL214C,2.517435291338188e-07
YPL096W,YLR362W,2.8368498522501895e-11
YPL096W,YER068W,5.846917972007759e-08
YPL096W,YHR084W,7.25619841990266e-10
YPL096W,YDR392W,4.340629118360084e-07
YPL096W,YNL053W,0.0029699676670134068
YPL096W,YGR040W,5.9984693507431075e-05
YPL096W,YDL216C,1.1903389349754434e-05
YPL096W,YOL117W,6.387031135091092e-07
YPL096W,YJR086W,0.00010923856461886317
YPL096W,YMR025W,7.655500233738621e-09
YPL096W,YBR081C,0.7742483019828796
YPL096W,YFL026W,9.400114464597209e-09
YPL096W,YHL007C,1.2516180731836357e-06
YPL096W,YNR044W,0.0500662587583065
YPL096W,YNL271C,0.012786311097443104
YPL096W,YDR200C,0.008835283108055592
YPL096W,YKL178C,0.003764984430745244
YPL096W,YOR212W,0.007545687258243561
YPL096W,YOL111C,7.779171729525858e-13
YPL096W,YGL032C,0.05219695717096329
YPL096W,YHR005C,1.104961302189622e-05
YPL096W,YDR103W,0.0004986313870176673
YPL096W,YJR084W,8.037302450247807e-07
YPL096W,YCL032W,2.6367095415480435e-05
YPL096W,YJL170C,0.013170784339308739
YPL096W,YDR179C,1.0173986526254156e-17
YPL096W,YBR095C,3.234712721678079e-06
YPL096W,YLL021W,1.0605504030536395e-06
YPL096W,YDL159W,1.1476811323518632e-06
YPL096W,YNL161W,0.04426383227109909
YPL096W,YNL188W,9.437202947992773e-07
YPL096W,YJL157C,5.3709434723714367e-05
YPL096W,YJL034W,7.844712292953693e-14
YPL096W,YLR238W,0.00012576862354762852
YPL096W,YPR141C,0.02426081895828247
YPL096W,YNL127W,7.09093956174911e-06
YPL096W,YCL055W,9.009183372654661e-07
YPL096W,YPR122W,0.08842700719833374
YPL096W,YMR065W,0.00037229913868941367
YPL096W,YDR356W,2.8340639346424723e-07
YPL096W,YMR052W,0.014028951525688171
YPL096W,YFR008W,3.0417559173656628e-06
YPL096W,YLL043W,5.460671673063189e-05
YPL096W,YMR029C,0.0001018743496388197
YPL096W,YJR004C,5.563260287999583e-07
YPL096W,YDL223C,1.266072024996845e-09
YPL096W,YHR158C,2.052471614888418e-07
YPL096W,YGR238C,0.0019971441943198442
YPL096W,YIL015W,0.01789250038564205
YPL096W,YGL173C,0.0011440025409683585
YPL096W,YDL225W,0.08395371586084366
YPL096W,YLR330W,4.352380346972495e-05
YPL096W,YBR129C,0.013840824365615845
YPL096W,YKR095W-A,0.2020167112350464
YPL096W,YPR075C,3.3138708444013787e-10
YPL096W,YMR198W,0.004607940558344126
YPL096W,YOR127W,0.6438040137290955
YPL096W,YDR264C,3.002227003889857e-06
YPL096W,YLR110C,9.387545674144349e-07
YPL096W,YDR379W,0.00328809698112309
YPL096W,YDL100C,0.00016337994020432234
YPL096W,YHR073W,0.00015852613432798535
YPL096W,YJR090C,2.8377343141983147e-07
YPL096W,YOR208W,5.115481371831265e-07
YPL096W,YBR040W,0.023131167516112328
YPL096W,YNL279W,0.7294055819511414
YPL096W,YER075C,6.592147627770828e-08
YPL096W,YCR089W,0.008833968080580235
YPL096W,YCR002C,0.00014634990657214075
YPL096W,YJL108C,0.02790851704776287
YPL096W,YBR200W,2.6253837859258056e-07
YPL096W,YIL026C,0.2264382541179657
YPL096W,YJR076C,5.579392018262297e-05
YPL096W,YKR031C,0.012796113267540932
YPL096W,YPL192C,0.30496686697006226
YPL096W,YHR107C,6.769302340892125e-10
YPL096W,YIL037C,5.061179035692476e-05
YPL096W,YPL156C,0.86943519115448
YPL096W,YIL117C,0.9776145219802856
YPL096W,YHR066W,7.731116407935887e-16
YPL096W,YML085C,1.1844377922898275e-06
YPL096W,YML047C,0.6979700922966003
YPL096W,YDR312W,0.0003068477672059089
YPL096W,YFL037W,3.10547293338459e-05
YPL096W,YDL038C,0.2020167112350464
YPL096W,YDL039C,1.6624567424994383e-16
YPL096W,YCL027W,0.0016767650377005339
YPL096W,YML124C,1.2450379269224321e-11
YPL096W,YGL053W,1.7691601897240616e-05
YPL096W,YMR232W,0.8578335642814636
YPL096W,YNL298W,0.0007513439632020891
YPL096W,YGL099W,8.271313731711416e-07
YPL096W,YBL016W,3.654753999438043e-10
YPL096W,YAL041W,0.7659178972244263
YPL096W,YDR085C,0.4785018861293793
YPL096W,YPL187W,0.003978974651545286
YPL096W,YPL256C,1.2812917393745238e-09
YPL096W,YDR461W,3.050654130351549e-12
YPL096W,YNL145W,0.012750624679028988
YBR173C,YDL165W,6.731815119564999e-06
YBR173C,YGR059W,1.865729318544125e-14
YBR173C,YBR109C,5.3286606998881325e-05
YBR173C,YJL080C,0.028667476028203964
YBR173C,YCR093W,1.1580667674815359e-10
YBR173C,YIL122W,6.686036724268263e-10
YBR173C,YCL029C,4.397339159467606e-10
YBR173C,YNL173C,4.6539915388166264e-07
YBR173C,YLR452C,1.2125043705884814e-15
YBR173C,YDL160C,2.7185642466065474e-06
YBR173C,YLR229C,0.9310526251792908
YBR173C,YML057W,2.4298553620571983e-13
YBR173C,YER149C,5.2233176575100515e-06
YBR173C,YMR305C,9.481109770369321e-16
YBR173C,YLR433C,1.2662916560657322e-05
YBR173C,YJL073W,6.620258830025705e-08
YBR173C,YGR279C,0.07363719493150711
YBR173C,YKL190W,4.856963355809318e-12
YBR173C,YGL089C,1.8178745449404232e-05
YBR173C,YJL019W,0.003961231559514999
YBR173C,YJL018W,0.07766261696815491
YBR173C,YNR032C-A,0.7205883264541626
YBR173C,YGL178W,4.201372050260943e-08
YBR173C,YKL116C,1.8829199532888197e-08
YBR173C,YDL214C,0.08709929138422012
YBR173C,YLR362W,1.813087990854001e-08
YBR173C,YER068W,2.267992549320752e-08
YBR173C,YHR084W,7.70121175719396e-08
YBR173C,YDR392W,0.00015381592675112188
YBR173C,YNL053W,7.3814856449416766e-09
YBR173C,YGR040W,0.0011392115848138928
YBR173C,YDL216C,0.8001108169555664
YBR173C,YOL117W,0.0013719276757910848
YBR173C,YJR086W,1.2923026204703092e-08
YBR173C,YMR025W,5.6523102102801204e-05
YBR173C,YBR081C,2.308946477569407e-06
YBR173C,YFL026W,1.1711886145349126e-05
YBR173C,YHL007C,1.0717877252375274e-08
YBR173C,YNR044W,2.3866515430626123e-09
YBR173C,YNL271C,2.9580345994872914e-07
YBR173C,YDR200C,1.4022001550983987e-06
YBR173C,YKL178C,2.5867457225103863e-05
YBR173C,YOR212W,4.073437139595626e-06
YBR173C,YOL111C,8.044489553660217e-12
YBR173C,YGL032C,3.4867671274696477e-06
YBR173C,YHR005C,0.8981083035469055
YBR173C,YDR103W,0.006091196555644274
YBR173C,YJR084W,5.459508400917912e-08
YBR173C,YCL032W,0.005932171363383532
YBR173C,YJL170C,1.1180662617960024e-08
YBR173C,YDR179C,8.151192498750959e-10
YBR173C,YBR095C,1.1262615089435712e-06
YBR173C,YLL021W,4.3923160247816284e-11
YBR173C,YDL159W,4.603246139822659e-08
YBR173C,YNL161W,9.578095649942497e-09
YBR173C,YNL188W,9.005737489076182e-09
YBR173C,YJL157C,0.0011869282461702824
YBR173C,YJL034W,1.5237140715829156e-10
YBR173C,YLR238W,0.29536303877830505
YBR173C,YPR141C,6.87491956341546e-06
YBR173C,YNL127W,3.985415730767272e-07
YBR173C,YCL055W,2.4698329070815817e-05
YBR173C,YPR122W,0.0006057982100173831
YBR173C,YMR065W,0.0028240384999662638
YBR173C,YDR356W,6.165677746139409e-08
YBR173C,YMR052W,8.942478046947144e-08
YBR173C,YFR008W,5.6869096237699424e-11
YBR173C,YLL043W,6.546001429796888e-08
YBR173C,YMR029C,2.227250028852268e-08
YBR173C,YJR004C,1.2462864162898768e-07
YBR173C,YDL223C,3.82891968795534e-15
YBR173C,YHR158C,4.510813250702128e-11
YBR173C,YGR238C,8.132515105785387e-09
YBR173C,YIL015W,3.9857131267292956e-13
YBR173C,YGL173C,6.319045041891513e-06
YBR173C,YDL225W,0.003650625003501773
YBR173C,YLR330W,2.1400877514565764e-08
YBR173C,YBR129C,0.14256519079208374
YBR173C,YKR095W-A,0.2020167112350464
YBR173C,YPR075C,2.6243838645214485e-14
YBR173C,YMR198W,6.684746040264145e-05
YBR173C,YOR127W,3.2593983068096577e-09
YBR173C,YDR264C,6.3403767853742465e-06
YBR173C,YLR110C,6.429953458564341e-08
YBR173C,YDR379W,2.482501440681517e-05
YBR173C,YDL100C,7.473027188384385e-13
YBR173C,YHR073W,0.00519451592117548
YBR173C,YJR090C,0.10665073990821838
YBR173C,YOR208W,6.037628730304334e-12
YBR173C,YBR040W,7.215415487316079e-10
YBR173C,YNL279W,2.895525616150585e-13
YBR173C,YER075C,5.901588107093403e-10
YBR173C,YCR089W,9.027056879773454e-10
YBR173C,YCR002C,0.0004805220814887434
YBR173C,YJL108C,8.281060281944974e-09
YBR173C,YBR200W,2.035175020864699e-05
YBR173C,YIL026C,5.542083840737178e-07
YBR173C,YJR076C,3.9891384062684665e-07
YBR173C,YKR031C,7.662445568712428e-05
YBR173C,YPL192C,2.103720575519219e-08
YBR173C,YHR107C,1.04650757748459e-06
YBR173C,YIL037C,9.610384710256881e-11
YBR173C,YPL156C,4.865422670263797e-05
YBR173C,YIL117C,1.2003881977307174e-07
YBR173C,YHR066W,1.0711413978015116e-09
YBR173C,YML085C,0.009093175642192364
YBR173C,YML047C,6.44162767571288e-08
YBR173C,YDR312W,0.00019418336160015315
YBR173C,YFL037W,3.971521073253825e-05
YBR173C,YDL038C,0.2020167112350464
YBR173C,YDL039C,1.423455797677775e-09
YBR173C,YCL027W,9.764342223661515e-09
YBR173C,YML124C,0.015918711200356483
YBR173C,YGL053W,8.015079485529375e-13
YBR173C,YMR232W,5.722574324129592e-12
YBR173C,YNL298W,1.0664252467207369e-11
YBR173C,YGL099W,1.0063810229610226e-08
YBR173C,YBL016W,2.851057070074603e-05
YBR173C,YAL041W,0.0319865420460701
YBR173C,YDR085C,0.002509139943867922
YBR173C,YPL187W,0.0026483775582164526
YBR173C,YPL256C,2.613087302094641e-09
YBR173C,YDR461W,3.903424428131075e-08
YBR173C,YNL145W,5.141887349929819e-12
YCR027C,YDL165W,1.1677480671323792e-07
YCR027C,YGR059W,1.7356702880499952e-11
YCR027C,YBR109C,8.241421164711937e-05
YCR027C,YJL080C,1.1455189019571321e-09
YCR027C,YCR093W,0.00242440914735198
YCR027C,YIL122W,7.259270091708458e-07
YCR027C,YCL029C,3.9880878830445e-06
YCR027C,YNL173C,8.541822899132967e-05
YCR027C,YLR452C,1.168308916277283e-08
YCR027C,YDL160C,3.1033823688630946e-06
YCR027C,YLR229C,1.617670204723254e-05
YCR027C,YML057W,5.729610536020502e-11
YCR027C,YER149C,0.0011869848240166903
YCR027C,YMR305C,1.5847150258707643e-09
YCR027C,YLR433C,0.8189492225646973
YCR027C,YJL073W,8.452256139435121e-08
YCR027C,YGR279C,1.770936393086231e-07
YCR027C,YKL190W,7.367272337432951e-05
YCR027C,YGL089C,1.829331495173392e-07
YCR027C,YJL019W,0.003716189181432128
YCR027C,YJL018W,0.2020167112350464
YCR027C,YNR032C-A,0.9931012392044067
YCR027C,YGL178W,5.035497713246073e-11
YCR027C,YKL116C,2.9412635171865986e-07
YCR027C,YDL214C,0.7280766367912292
YCR027C,YLR362W,3.0689835739394766e-07
YCR027C,YER068W,4.4807219268250265e-08
YCR027C,YHR084W,3.077175279031508e-05
YCR027C,YDR392W,3.25030050589703e-05
YCR027C,YNL053W,5.76570791110953e-08
YCR027C,YGR040W,0.00045718628098256886
YCR027C,YDL216C,5.452442317088746e-12
YCR027C,YOL117W,0.00015720749797765166
YCR027C,YJR086W,1.3106255210004747e-05
YCR027C,YMR025W,1.2304849406064022e-05
YCR027C,YBR081C,0.08907897770404816
YCR027C,YFL026W,4.5034457798465155e-06
YCR027C,YHL007C,1.5440758047158276e-11
YCR027C,YNR044W,1.8831371184635515e-10
YCR027C,YNL271C,0.2915901243686676
YCR027C,YDR200C,0.00055548339150846
YCR027C,YKL178C,0.0001993645855691284
YCR027C,YOR212W,0.000676048977766186
YCR027C,YOL111C,0.002967287553474307
YCR027C,YGL032C,0.017812605947256088
YCR027C,YHR005C,0.00464934716001153
YCR027C,YDR103W,0.00033638885361142457
YCR027C,YJR084W,7.249045097523776e-07
YCR027C,YCL032W,0.023588959127664566
YCR027C,YJL170C,7.5135821175909e-11
YCR027C,YDR179C,5.759072732591797e-11
YCR027C,YBR095C,0.00043439690489321947
YCR027C,YLL021W,9.713006221545584e-08
YCR027C,YDL159W,4.55485249517551e-08
YCR027C,YNL161W,6.007241371008831e-10
YCR027C,YNL188W,0.0004120245866943151
YCR027C,YJL157C,9.68745462159859e-06
YCR027C,YJL034W,6.122951451414949e-11
YCR027C,YLR238W,0.5707141757011414
YCR027C,YPR141C,2.7877724278368987e-05
YCR027C,YNL127W,0.9610933065414429
YCR027C,YCL055W,5.472437624121085e-05
YCR027C,YPR122W,0.3407990634441376
YCR027C,YMR065W,6.332992796842518e-09
YCR027C,YDR356W,0.0011398564092814922
YCR027C,YMR052W,6.297099753282964e-05
YCR027C,YFR008W,3.5771208217738604e-09
YCR027C,YLL043W,4.911377260441441e-08
YCR027C,YMR029C,0.00017197905981447548
YCR027C,YJR004C,1.5632947736321512e-07
YCR027C,YDL223C,4.288846412237035e-06
YCR027C,YHR158C,3.642256615421502e-06
YCR027C,YGR238C,1.0777443382181673e-09
YCR027C,YIL015W,1.633635982045689e-08
YCR027C,YGL173C,0.07040257006883621
YCR027C,YDL225W,2.990595271423757e-11
YCR027C,YLR330W,1.122895554317438e-09
YCR027C,YBR129C,6.242093775199464e-08
YCR027C,YKR095W-A,0.2020167112350464
YCR027C,YPR075C,0.00010421899787615985
YCR027C,YMR198W,0.36536863446235657
YCR027C,YOR127W,9.852788934949785e-06
YCR027C,YDR264C,1.8109514712705277e-05
YCR027C,YLR110C,4.416447154653724e-06
YCR027C,YDR379W,0.11277758330106735
YCR027C,YDL100C,1.3989584886076045e-06
YCR027C,YHR073W,5.774199053121265e-06
YCR027C,YJR090C,8.185659680748358e-06
YCR027C,YOR208W,0.031017709523439407
YCR027C,YBR040W,0.001475114026106894
YCR027C,YNL279W,0.0016343629686161876
YCR027C,YER075C,1.5668828723391925e-07
YCR027C,YCR089W,1.1255384180230976e-07
YCR027C,YCR002C,0.007218027953058481
YCR027C,YJL108C,0.086746446788311
YCR027C,YBR200W,5.2275277856450586e-11
YCR027C,YIL026C,4.107374934392283e-06
YCR027C,YJR076C,3.434382986333695e-11
YCR027C,YKR031C,0.00743924081325531
YCR027C,YPL192C,1.412103642906004e-07
YCR027C,YHR107C,3.058865695493296e-05
YCR027C,YIL037C,2.274320650030859e-06
YCR027C,YPL156C,1.4367329868036904e-06
YCR027C,YIL117C,0.000290209281956777
YCR027C,YHR066W,1.0853065679234525e-13
YCR027C,YML085C,3.617432753344474e-07
YCR027C,YML047C,0.14581874012947083
YCR027C,YDR312W,3.4722641428786005e-10
YCR027C,YFL037W,2.3821397121537302e-07
YCR027C,YDL038C,0.2020167112350464
YCR027C,YDL039C,1.8921581386166508e-06
YCR027C,YCL027W,7.699288289586548e-06
YCR027C,YML124C,2.734453288799621e-12
YCR027C,YGL053W,7.093935892044101e-06
YCR027C,YMR232W,9.899721590045374e-06
YCR027C,YNL298W,1.6490877214891952e-06
YCR027C,YGL099W,4.102552065426979e-12
YCR027C,YBL016W,1.1615669848197285e-07
YCR027C,YAL041W,0.0008139465353451669
YCR027C,YDR085C,1.6038079593272414e-06
YCR027C,YPL187W,2.8638249105483737e-08
YCR027C,YPL256C,2.927719178202892e-09
YCR027C,YDR461W,4.78316386498534e-10
YCR027C,YNL145W,3.429382104513934e-06
YER164W,YDL165W,0.00046275067143142223
YER164W,YGR059W,2.432739881937096e-13
YER164W,YBR109C,2.9022992897864697e-09
YER164W,YJL080C,0.013231741264462471
YER164W,YCR093W,0.002894187346100807
YER164W,YIL122W,0.10815638303756714
YER164W,YCL029C,0.00038841270725242794
YER164W,YNL173C,0.14034207165241241
YER164W,YLR452C,0.0024160738103091717
YER164W,YDL160C,0.08970436453819275
YER164W,YLR229C,1.774682687027962e-06
YER164W,YML057W,6.1744941028552686e-15
YER164W,YER149C,0.009259900078177452
YER164W,YMR305C,0.06643278151750565
YER164W,YLR433C,1.068998933817511e-08
YER164W,YJL073W,2.3275467585736308e-14
YER164W,YGR279C,0.011016884818673134
YER164W,YKL190W,2.330248634052623e-07
YER164W,YGL089C,0.003681404050439596
YER164W,YJL019W,0.00015368529420811683
YER164W,YJL018W,0.00033952310332097113
YER164W,YNR032C-A,0.9908722043037415
YER164W,YGL178W,0.003753678174689412
YER164W,YKL116C,0.0009943504119291902
YER164W,YDL214C,0.5519039034843445
YER164W,YLR362W,1.2683615935316084e-08
YER164W,YER068W,0.00016083908849395812
YER164W,YHR084W,1.2115687013647403e-06
YER164W,YDR392W,0.01372557319700718
YER164W,YNL053W,0.019031202420592308
YER164W,YGR040W,0.4956541955471039
YER164W,YDL216C,1.3091949995214236e-06
YER164W,YOL117W,0.0033687714021652937
YER164W,YJR086W,0.0001647366734687239
YER164W,YMR025W,0.0022874234709888697
YER164W,YBR081C,0.9989868998527527
YER164W,YFL026W,0.0007852842099964619
YER164W,YHL007C,1.480861669733713e-06
YER164W,YNR044W,3.7854769630030205e-07
YER164W,YNL271C,0.9999438524246216
YER164W,YDR200C,2.1826295778737403e-05
YER164W,YKL178C,7.631148037035018e-05
YER164W,YOR212W,0.003486428176984191
YER164W,YOL111C,6.383590971381636e-07
YER164W,YGL032C,7.489818472095067e-07
YER164W,YHR005C,0.0026839899364858866
YER164W,YDR103W,8.908403287932742e-06
YER164W,YJR084W,0.7996484637260437
YER164W,YCL032W,0.19959379732608795
YER164W,YJL170C,0.001238132594153285
YER164W,YDR179C,1.3247702021208611e-14
YER164W,YBR095C,0.006679433397948742
YER164W,YLL021W,0.0008104773005470634
YER164W,YDL159W,9.675328556113527e-07
YER164W,YNL161W,4.4621187953453045e-06
YER164W,YNL188W,0.5483348965644836
YER164W,YJL157C,2.1208081761869835e-06
YER164W,YJL034W,1.5442127221376722e-07
YER164W,YLR238W,1.2207463441882282e-05
YER164W,YPR141C,0.9590110778808594
YER164W,YNL127W,0.002576252445578575
YER164W,YCL055W,1.1930025856088378e-08
YER164W,YPR122W,0.9994269609451294
YER164W,YMR065W,0.0075933365151286125
YER164W,YDR356W,3.4597995579588314e-08
YER164W,YMR052W,0.0004467548569664359
YER164W,YFR008W,0.0008300960762426257
YER164W,YLL043W,0.00012860511196777225
YER164W,YMR029C,0.0137815922498703
YER164W,YJR004C,1.0392571525574823e-10
YER164W,YDL223C,1.1283876055756537e-09
YER164W,YHR158C,0.04516731575131416
YER164W,YGR238C,1.385634050166118e-06
YER164W,YIL015W,0.009244543500244617
YER164W,YGL173C,0.6849277019500732
YER164W,YDL225W,3.6999981603003107e-06
YER164W,YLR330W,0.0010129285510629416
YER164W,YBR129C,0.002623174339532852
YER164W,YKR095W-A,0.2020167112350464
YER164W,YPR075C,2.677682520157987e-10
YER164W,YMR198W,0.02865716814994812
YER164W,YOR127W,5.563166268984787e-06
YER164W,YDR264C,0.8494807481765747
YER164W,YLR110C,0.040812842547893524
YER164W,YDR379W,8.967226250433669e-08
YER164W,YDL100C,9.073506589629687e-06
YER164W,YHR073W,0.02333441935479641
YER164W,YJR090C,0.0022337990812957287
YER164W,YOR208W,0.08249863237142563
YER164W,YBR040W,0.9778940677642822
YER164W,YNL279W,0.0032487199641764164
YER164W,YER075C,0.04108482226729393
YER164W,YCR089W,5.544608211494051e-05
YER164W,YCR002C,0.6036553978919983
YER164W,YJL108C,0.9996578693389893
YER164W,YBR200W,2.3404927995684943e-10
YER164W,YIL026C,6.880461711489261e-08
YER164W,YJR076C,0.0005026372382417321
YER164W,YKR031C,0.004068313166499138
YER164W,YPL192C,0.00036688358522951603
YER164W,YHR107C,1.3101806871418376e-05
YER164W,YIL037C,1.0535529327171389e-05
YER164W,YPL156C,0.0011096314992755651
YER164W,YIL117C,0.007306640036404133
YER164W,YHR066W,7.907695331876852e-12
YER164W,YML085C,0.0007710587815381587
YER164W,YML047C,0.010841221548616886
YER164W,YDR312W,0.02694864757359028
YER164W,YFL037W,0.00823906622827053
YER164W,YDL038C,0.2020167112350464
YER164W,YDL039C,7.969917781291969e-11
YER164W,YCL027W,5.661489694830379e-07
YER164W,YML124C,4.240507109898317e-07
YER164W,YGL053W,1.958716893568635e-05
YER164W,YMR232W,3.7858089854125865e-06
YER164W,YNL298W,1.1542458196345251e-05
YER164W,YGL099W,4.893269760941621e-06
YER164W,YBL016W,5.004786363116409e-09
YER164W,YAL041W,0.426534503698349
YER164W,YDR085C,0.9959717392921448
YER164W,YPL187W,0.09351275116205215
YER164W,YPL256C,0.22745655477046967
YER164W,YDR461W,8.478273798573355e-07
YER164W,YNL145W,0.00036673148861154914
YER098W,YDL165W,0.7666561007499695
YER098W,YGR059W,2.9496848696908273e-07
YER098W,YBR109C,0.2840104401111603
YER098W,YJL080C,0.03708738088607788
YER098W,YCR093W,0.002751076128333807
YER098W,YIL122W,0.0008926372393034399
YER098W,YCL029C,9.850266360444948e-05
YER098W,YNL173C,6.707545594508701e-07
YER098W,YLR452C,0.262477308511734
YER098W,YDL160C,6.231839222436975e-08
YER098W,YLR229C,0.07215917110443115
YER098W,YML057W,0.0007542248931713402
YER098W,YER149C,0.799311637878418
YER098W,YMR305C,0.9831417798995972
YER098W,YLR433C,2.6138841349165887e-05
YER098W,YJL073W,2.2601166449476295e-07
YER098W,YGR279C,5.9471221902640536e-05
YER098W,YKL190W,0.8017251491546631
YER098W,YGL089C,0.00010240526171401143
YER098W,YJL019W,0.9796411991119385
YER098W,YJL018W,0.03797511011362076
YER098W,YNR032C-A,0.7740669846534729
YER098W,YGL178W,0.069984070956707
YER098W,YKL116C,8.912820703699253e-07
YER098W,YDL214C,1.0057539157060091e-07
YER098W,YLR362W,9.5425014023931e-07
YER098W,YER068W,1.6871854313649237e-06
YER098W,YHR084W,1.2220644407534564e-07
YER098W,YDR392W,0.8239490389823914
YER098W,YNL053W,0.9999923706054688
YER098W,YGR040W,0.12132140249013901
YER098W,YDL216C,1.8801203623297624e-05
YER098W,YOL117W,5.2392069846973754e-06
YER098W,YJR086W,0.002092197071760893
YER098W,YMR025W,4.0850193272490287e-07
YER098W,YBR081C,0.31668421626091003
YER098W,YFL026W,0.2772147059440613
YER098W,YHL007C,1.4546663429371165e-08
YER098W,YNR044W,0.9809371829032898
YER098W,YNL271C,0.0012594362488016486
YER098W,YDR200C,4.1358924618428716e-10
YER098W,YKL178C,0.12425553053617477
YER098W,YOR212W,7.340215688600438e-06
YER098W,YOL111C,2.4698198330952437e-07
YER098W,YGL032C,5.000780220143497e-06
YER098W,YHR005C,0.05928489565849304
YER098W,YDR103W,0.0001420064363628626
YER098W,YJR084W,0.028257468715310097
YER098W,YCL032W,1.6978887060759007e-06
YER098W,YJL170C,0.00015613087452948093
YER098W,YDR179C,3.5191939673495654e-07
YER098W,YBR095C,5.314694863045588e-05
YER098W,YLL021W,0.00013317025150172412
YER098W,YDL159W,1.9000746078745578e-06
YER098W,YNL161W,0.006058202590793371
YER098W,YNL188W,2.3636617996203313e-08
YER098W,YJL157C,0.0001952244492713362
YER098W,YJL034W,0.005331383552402258
YER098W,YLR238W,0.0023693679831922054
YER098W,YPR141C,0.49639061093330383
YER098W,YNL127W,0.0011879880912601948
YER098W,YCL055W,6.42813873241721e-08
YER098W,YPR122W,2.331190955828788e-07
YER098W,YMR065W,0.9955119490623474
YER098W,YDR356W,0.0008084475412033498
YER098W,YMR052W,8.482365956297144e-05
YER098W,YFR008W,4.2995345062024626e-09
YER098W,YLL043W,0.3206736445426941
YER098W,YMR029C,0.0069947573356330395
YER098W,YJR004C,0.9994258880615234
YER098W,YDL223C,1.630114576118656e-17
YER098W,YHR158C,0.996986448764801
YER098W,YGR238C,2.5714178264024667e-05
YER098W,YIL015W,0.0006621390348300338
YER098W,YGL173C,0.6965081691741943
YER098W,YDL225W,0.4485456943511963
YER098W,YLR330W,0.00014921234105713665
YER098W,YBR129C,6.075247256376315e-07
YER098W,YKR095W-A,0.2020167112350464
YER098W,YPR075C,6.875765734548622e-08
YER098W,YMR198W,0.0006425186293199658
YER098W,YOR127W,0.0003734825295396149
YER098W,YDR264C,1.729205081346663e-07
YER098W,YLR110C,5.9399582823971286e-05
YER098W,YDR379W,6.084686174290255e-05
YER098W,YDL100C,0.0002558539272285998
YER098W,YHR073W,2.021456708689584e-07
YER098W,YJR090C,0.03891056403517723
YER098W,YOR208W,1.7384446664436837e-06
YER098W,YBR040W,0.9248328804969788
YER098W,YNL279W,0.999995231628418
YER098W,YER075C,0.01360422745347023
YER098W,YCR089W,0.9693575501441956
YER098W,YCR002C,6.469040090451017e-05
YER098W,YJL108C,0.006325708236545324
YER098W,YBR200W,4.1830521695374046e-06
YER098W,YIL026C,3.368735690401081e-07
YER098W,YJR076C,0.9996647834777832
YER098W,YKR031C,0.8785054683685303
YER098W,YPL192C,7.531644769187551e-06
YER098W,YHR107C,3.337414113957493e-07
YER098W,YIL037C,0.734011709690094
YER098W,YPL156C,0.023399783298373222
YER098W,YIL117C,0.9998983144760132
YER098W,YHR066W,3.947042188990538e-23
YER098W,YML085C,0.01853288523852825
YER098W,YML047C,0.02652469463646412
YER098W,YDR312W,0.007444383110851049
YER098W,YFL037W,1.7496249711257406e-05
YER098W,YDL038C,0.2020167112350464
YER098W,YDL039C,1.6547782024853297e-13
YER098W,YCL027W,4.757618444273248e-05
YER098W,YML124C,0.9875856637954712
YER098W,YGL053W,2.4763894543866627e-05
YER098W,YMR232W,0.7036812901496887
YER098W,YNL298W,0.0050667654722929
YER098W,YGL099W,4.552452707341781e-13
YER098W,YBL016W,0.010389951057732105
YER098W,YAL041W,0.09137599915266037
YER098W,YDR085C,1.1928352705581347e-06
YER098W,YPL187W,0.995026171207428
YER098W,YPL256C,0.9486205577850342
YER098W,YDR461W,1.752303024904478e-10
YER098W,YNL145W,1.5559989208213665e-07
YDR184C,YDL165W,2.6057609403551396e-09
YDR184C,YGR059W,1.4063595843438748e-09
YDR184C,YBR109C,8.960189006756991e-05
YDR184C,YJL080C,2.522121178571979e-07
YDR184C,YCR093W,0.00025247878511436284
YDR184C,YIL122W,0.0021695359610021114
YDR184C,YCL029C,2.3503387211183495e-14
YDR184C,YNL173C,1.6556443327431225e-08
YDR184C,YLR452C,0.9875834584236145
YDR184C,YDL160C,3.1682011181199954e-11
YDR184C,YLR229C,7.034695634171306e-13
YDR184C,YML057W,1.3714308551640575e-12
YDR184C,YER149C,4.1393499827790947e-07
YDR184C,YMR305C,1.0847960751902974e-08
YDR184C,YLR433C,3.390930314317586e-10
YDR184C,YJL073W,1.7638116130894793e-17
YDR184C,YGR279C,2.8300755072763195e-09
YDR184C,YKL190W,3.6820416160487923e-10
YDR184C,YGL089C,0.8214573860168457
YDR184C,YJL019W,3.561347217129196e-09
YDR184C,YJL018W,8.721301128389314e-05
YDR184C,YNR032C-A,0.019793396815657616
YDR184C,YGL178W,0.27057918906211853
YDR184C,YKL116C,2.3067574239643562e-10
YDR184C,YDL214C,0.08760112524032593
YDR184C,YLR362W,2.0975728749414446e-13
YDR184C,YER068W,2.7118310375051635e-10
YDR184C,YHR084W,3.96890158071983e-07
YDR184C,YDR392W,2.793670628165046e-09
YDR184C,YNL053W,5.166100436326815e-08
YDR184C,YGR040W,0.00011253308912273496
YDR184C,YDL216C,0.00016413834237027913
YDR184C,YOL117W,6.627248749779824e-11
YDR184C,YJR086W,1.1015891310250936e-08
YDR184C,YMR025W,3.4848842915380374e-05
YDR184C,YBR081C,6.000043839549107e-08
YDR184C,YFL026W,0.007278716657310724
YDR184C,YHL007C,1.5028794410058724e-15
YDR184C,YNR044W,0.0025667836889624596
YDR184C,YNL271C,1.1202226346540556e-07
YDR184C,YDR200C,8.637930481813025e-21
YDR184C,YKL178C,0.0001522828679298982
YDR184C,YOR212W,3.727373878298357e-12
YDR184C,YOL111C,3.7104834760270933e-09
YDR184C,YGL032C,0.00010065514652524143
YDR184C,YHR005C,0.999126136302948
YDR184C,YDR103W,0.0002253043930977583
YDR184C,YJR084W,2.0635521069678475e-10
YDR184C,YCL032W,5.912662666331808e-14
YDR184C,YJL170C,0.32883530855178833
YDR184C,YDR179C,8.979211124637843e-11
YDR184C,YBR095C,4.973385259177121e-08
YDR184C,YLL021W,6.329792689996339e-09
YDR184C,YDL159W,3.831093664530272e-09
YDR184C,YNL161W,1.6476493556183414e-06
YDR184C,YNL188W,1.2458252740543685e-07
YDR184C,YJL157C,1.4441468465520302e-06
YDR184C,YJL034W,8.640898868823854e-13
YDR184C,YLR238W,6.15632927747356e-07
YDR184C,YPR141C,3.778652113428649e-10
YDR184C,YNL127W,2.0377696330342587e-07
YDR184C,YCL055W,0.010051662102341652
YDR184C,YPR122W,0.012061220593750477
YDR184C,YMR065W,2.7419791877036914e-05
YDR184C,YDR356W,1.979553881925611e-10
YDR184C,YMR052W,2.2197392368639157e-08
YDR184C,YFR008W,5.881327647117018e-10
YDR184C,YLL043W,5.447961939353263e-07
YDR184C,YMR029C,1.0435854264079225e-10
YDR184C,YJR004C,5.05682207219138e-09
YDR184C,YDL223C,2.0558548421045937e-15
YDR184C,YHR158C,0.9868283271789551
YDR184C,YGR238C,2.3199691057129712e-09
YDR184C,YIL015W,0.00039480740088038146
YDR184C,YGL173C,0.0014119307743385434
YDR184C,YDL225W,2.4837079615203095e-10
YDR184C,YLR330W,1.4506783632423775e-13
YDR184C,YBR129C,2.955661049242053e-09
YDR184C,YKR095W-A,0.2020167112350464
YDR184C,YPR075C,5.329073553966834e-12
YDR184C,YMR198W,3.914436774721253e-08
YDR184C,YOR127W,7.449478534038434e-12
YDR184C,YDR264C,6.612988840970502e-07
YDR184C,YLR110C,0.007844175212085247
YDR184C,YDR379W,1.3557654199303215e-07
YDR184C,YDL100C,2.669351852091495e-05
YDR184C,YHR073W,1.540390570360737e-14
YDR184C,YJR090C,7.343328722875242e-10
YDR184C,YOR208W,0.08619789034128189
YDR184C,YBR040W,1.8905906244981452e-06
YDR184C,YNL279W,1.3641263230113054e-08
YDR184C,YER075C,2.75012212114234e-07
YDR184C,YCR089W,2.0489581304414597e-14
YDR184C,YCR002C,2.586726921549598e-08
YDR184C,YJL108C,5.132858582612698e-10
YDR184C,YBR200W,3.1319322602030297e-07
YDR184C,YIL026C,8.330581233520484e-13
YDR184C,YJR076C,5.049869287176989e-06
YDR184C,YKR031C,0.0021843090653419495
YDR184C,YPL192C,1.869669558063336e-10
YDR184C,YHR107C,0.20716212689876556
YDR184C,YIL037C,1.4934605201827322e-12
YDR184C,YPL156C,4.4239289315184394e-11
YDR184C,YIL117C,0.5846784710884094
YDR184C,YHR066W,1.2278518202180067e-09
YDR184C,YML085C,1.1807567423804954e-10
YDR184C,YML047C,0.9122782945632935
YDR184C,YDR312W,0.00042674512951634824
YDR184C,YFL037W,1.573633596763102e-07
YDR184C,YDL038C,0.2020167112350464
YDR184C,YDL039C,3.8101545214885846e-05
YDR184C,YCL027W,0.00019743636948987842
YDR184C,YML124C,6.018751848909515e-15
YDR184C,YGL053W,3.340723151671471e-13
YDR184C,YMR232W,0.13185177743434906
YDR184C,YNL298W,0.055829837918281555
YDR184C,YGL099W,3.686156943376838e-15
YDR184C,YBL016W,7.866689748616332e-15
YDR184C,YAL041W,9.406858403337992e-09
YDR184C,YDR085C,0.04842866584658623
YDR184C,YPL187W,0.0017225098563358188
YDR184C,YPL256C,1.4246187582865974e-16
YDR184C,YDR461W,3.6486284216152853e-08
YDR184C,YNL145W,5.730291241512475e-10
YGR094W,YDL165W,2.810818614307209e-06
YGR094W,YGR059W,1.7937512893695384e-05
YGR094W,YBR109C,3.804607184854092e-10
YGR094W,YJL080C,0.10817048698663712
YGR094W,YCR093W,0.14853303134441376
YGR094W,YIL122W,0.004045400302857161
YGR094W,YCL029C,1.9913240009774944e-17
YGR094W,YNL173C,0.005112732294946909
YGR094W,YLR452C,0.00040077915764413774
YGR094W,YDL160C,3.593747166519279e-08
YGR094W,YLR229C,9.795891031672e-08
YGR094W,YML057W,4.70941374005468e-13
YGR094W,YER149C,1.4699848804866633e-07
YGR094W,YMR305C,2.961567352032651e-14
YGR094W,YLR433C,1.997571234824136e-05
YGR094W,YJL073W,1.3752134542244221e-08
YGR094W,YGR279C,1.6845304318113818e-10
YGR094W,YKL190W,6.197130364427039e-09
YGR094W,YGL089C,0.4948475956916809
YGR094W,YJL019W,0.002843911526724696
YGR094W,YJL018W,9.658077760832384e-05
YGR094W,YNR032C-A,7.418107270495966e-05
YGR094W,YGL178W,6.307253053172701e-10
YGR094W,YKL116C,1.07478876998357e-06
YGR094W,YDL214C,0.0020352478604763746
YGR094W,YLR362W,0.00032405287493020296
YGR094W,YER068W,3.463488829069661e-09
YGR094W,YHR084W,3.1958936365372725e-12
YGR094W,YDR392W,0.005422395188361406
YGR094W,YNL053W,2.166912963730283e-06
YGR094W,YGR040W,2.914415927079972e-05
YGR094W,YDL216C,7.345138719472288e-09
YGR094W,YOL117W,9.854801419351134e-10
YGR094W,YJR086W,1.8199249097961e-05
YGR094W,YMR025W,0.9620949625968933
YGR094W,YBR081C,0.0021573235280811787
YGR094W,YFL026W,3.0712485568074044e-06
YGR094W,YHL007C,0.034700389951467514
YGR094W,YNR044W,0.035665616393089294
YGR094W,YNL271C,0.004967863671481609
YGR094W,YDR200C,1.2289561368561408e-08
YGR094W,YKL178C,8.643581961287339e-10
YGR094W,YOR212W,9.991829756472725e-06
YGR094W,YOL111C,6.692438270228251e-11
YGR094W,YGL032C,7.849839701867811e-12
YGR094W,YHR005C,6.395947275450453e-05
YGR094W,YDR103W,0.15002453327178955
YGR094W,YJR084W,0.21421198546886444
YGR094W,YCL032W,4.231831553624943e-06
YGR094W,YJL170C,0.010412676259875298
YGR094W,YDR179C,1.0717789988845539e-09
YGR094W,YBR095C,0.003412590827792883
YGR094W,YLL021W,0.03272559866309166
YGR094W,YDL159W,4.0652118105696626e-15
YGR094W,YNL161W,0.0006574362050741911
YGR094W,YNL188W,0.009662036783993244
YGR094W,YJL157C,2.718494215514511e-06
YGR094W,YJL034W,8.189287621597752e-19
YGR094W,YLR238W,5.049217932651118e-09
YGR094W,YPR141C,8.150205133006239e-08
YGR094W,YNL127W,0.00031748670153319836
YGR094W,YCL055W,4.248936619211108e-11
YGR094W,YPR122W,0.0014356927713379264
YGR094W,YMR065W,3.3905636076525525e-09
YGR094W,YDR356W,0.00034089505788870156
YGR094W,YMR052W,0.7391347885131836
YGR094W,YFR008W,8.315118884237582e-13
YGR094W,YLL043W,2.633405813412537e-07
YGR094W,YMR029C,0.0001913756423164159
YGR094W,YJR004C,1.1262046850646357e-10
YGR094W,YDL223C,1.3464666099354954e-18
YGR094W,YHR158C,0.0009788856841623783
YGR094W,YGR238C,2.558257827800503e-09
YGR094W,YIL015W,0.7908715009689331
YGR094W,YGL173C,0.024333279579877853
YGR094W,YDL225W,3.8193688212118104e-09
YGR094W,YLR330W,2.356127737357383e-07
YGR094W,YBR129C,0.960418701171875
YGR094W,YKR095W-A,0.2020167112350464
YGR094W,YPR075C,7.130778606478927e-11
YGR094W,YMR198W,1.7816478292687066e-09
YGR094W,YOR127W,4.447531682671979e-05
YGR094W,YDR264C,2.72830419589809e-07
YGR094W,YLR110C,1.7666066387533874e-09
YGR094W,YDR379W,3.193064185325056e-05
YGR094W,YDL100C,9.953851076716091e-07
YGR094W,YHR073W,0.01948564313352108
YGR094W,YJR090C,4.6174973249435425e-05
YGR094W,YOR208W,1.4251662832975853e-05
YGR094W,YBR040W,0.016301078721880913
YGR094W,YNL279W,8.534169865015429e-06
YGR094W,YER075C,0.14036878943443298
YGR094W,YCR089W,4.720541539882106e-07
YGR094W,YCR002C,4.1870528377785377e-08
YGR094W,YJL108C,0.017340634018182755
YGR094W,YBR200W,2.6116785178942337e-08
YGR094W,YIL026C,9.672776002389583e-08
YGR094W,YJR076C,3.20115276508659e-08
YGR094W,YKR031C,2.303657083757571e-06
YGR094W,YPL192C,0.0013124524848535657
YGR094W,YHR107C,6.190892243296275e-09
YGR094W,YIL037C,9.02382950584979e-08
YGR094W,YPL156C,4.744363251194634e-15
YGR094W,YIL117C,1.6826785520507315e-09
YGR094W,YHR066W,2.776939411113042e-14
YGR094W,YML085C,0.005290964152663946
YGR094W,YML047C,0.0003577695752028376
YGR094W,YDR312W,6.114703743342886e-10
YGR094W,YFL037W,4.3650771885950235e-09
YGR094W,YDL038C,0.2020167112350464
YGR094W,YDL039C,8.618793070729047e-13
YGR094W,YCL027W,0.0005892543122172356
YGR094W,YML124C,3.62920977992065e-11
YGR094W,YGL053W,0.9546433687210083
YGR094W,YMR232W,7.29854145902209e-05
YGR094W,YNL298W,2.206563181061938e-07
YGR094W,YGL099W,1.9255332972534234e-07
YGR094W,YBL016W,2.0694869817816652e-07
YGR094W,YAL041W,0.0003886425693053752
YGR094W,YDR085C,5.933654279033362e-07
YGR094W,YPL187W,0.0025996617041528225
YGR094W,YPL256C,7.546129832114445e-10
YGR094W,YDR461W,2.1989641010855543e-12
YGR094W,YNL145W,6.28980778856203e-05
YKL022C,YDL165W,1.169272735402908e-18
YKL022C,YGR059W,0.11122996360063553
YKL022C,YBR109C,2.6426730248552133e-10
YKL022C,YJL080C,0.00019927677931264043
YKL022C,YCR093W,0.020865684375166893
YKL022C,YIL122W,0.010993405245244503
YKL022C,YCL029C,1.4889934581542932e-14
YKL022C,YNL173C,5.063261454552048e-08
YKL022C,YLR452C,4.749638016221525e-09
YKL022C,YDL160C,5.213090844335966e-06
YKL022C,YLR229C,2.612647320709982e-10
YKL022C,YML057W,2.555169686946357e-10
YKL022C,YER149C,0.0013511130819097161
YKL022C,YMR305C,6.785347795812413e-05
YKL022C,YLR433C,0.017318036407232285
YKL022C,YJL073W,7.81812320214393e-18
YKL022C,YGR279C,3.333188215037808e-05
YKL022C,YKL190W,5.218608531420976e-12
YKL022C,YGL089C,5.8843511396844406e-06
YKL022C,YJL019W,0.0023485783021897078
YKL022C,YJL018W,0.0007428288226947188
YKL022C,YNR032C-A,0.20871688425540924
YKL022C,YGL178W,0.8407112956047058
YKL022C,YKL116C,1.4349513799416513e-09
YKL022C,YDL214C,0.982582688331604
YKL022C,YLR362W,2.985611313732761e-09
YKL022C,YER068W,2.14024300504434e-08
YKL022C,YHR084W,6.812961510149762e-05
YKL022C,YDR392W,1.1586008952235716e-07
YKL022C,YNL053W,3.685374005968356e-09
YKL022C,YGR040W,1.4899113921273965e-05
YKL022C,YDL216C,0.0025918446481227875
YKL022C,YOL117W,6.430942903534742e-06
YKL022C,YJR086W,1.1955304524136068e-09
YKL022C,YMR025W,4.170388340218878e-11
YKL022C,YBR081C,0.0030643343925476074
YKL022C,YFL026W,9.721092055769986e-07
YKL022C,YHL007C,1.9115656973989203e-11
YKL022C,YNR044W,3.631670608683635e-07
YKL022C,YNL271C,6.454208545392248e-08
YKL022C,YDR200C,0.00013951017172075808
YKL022C,YKL178C,3.6534902392304502e-06
YKL022C,YOR212W,6.390325157923371e-09
YKL022C,YOL111C,5.303821826174726e-09
YKL022C,YGL032C,2.194133763566697e-08
YKL022C,YHR005C,2.0561430704758854e-13
YKL022C,YDR103W,0.00013697038230020553
YKL022C,YJR084W,6.339405996674818e-14
YKL022C,YCL032W,2.7917412808164954e-06
YKL022C,YJL170C,0.00017061912512872368
YKL022C,YDR179C,2.762077675952379e-12
YKL022C,YBR095C,5.498121069535955e-08
YKL022C,YLL021W,3.244377211331084e-08
YKL022C,YDL159W,1.8306832438863552e-10
YKL022C,YNL161W,2.4626591766718775e-05
YKL022C,YNL188W,7.321007160498993e-07
YKL022C,YJL157C,0.012647795490920544
YKL022C,YJL034W,2.433565772941987e-13
YKL022C,YLR238W,1.600817540747812e-06
YKL022C,YPR141C,7.345873655140167e-06
YKL022C,YNL127W,0.8948190212249756
YKL022C,YCL055W,2.320448087150817e-12
YKL022C,YPR122W,6.253984441428884e-09
YKL022C,YMR065W,5.235687794424848e-08
YKL022C,YDR356W,4.305669335735729e-06
YKL022C,YMR052W,0.0012937313877046108
YKL022C,YFR008W,1.5023782680145814e-06
YKL022C,YLL043W,0.0019402565667405725
YKL022C,YMR029C,4.878157433552133e-09
YKL022C,YJR004C,1.138039870673957e-10
YKL022C,YDL223C,1.6303303596032492e-08
YKL022C,YHR158C,4.849484095542644e-12
YKL022C,YGR238C,1.765876511683473e-08
YKL022C,YIL015W,0.0005355400498956442
YKL022C,YGL173C,2.355238848394947e-06
YKL022C,YDL225W,1.55789742217749e-10
YKL022C,YLR330W,1.1478814485599287e-06
YKL022C,YBR129C,3.123692295048386e-05
YKL022C,YKR095W-A,0.2020167112350464
YKL022C,YPR075C,4.962489015269966e-07
YKL022C,YMR198W,1.779421154424199e-06
YKL022C,YOR127W,3.916640309853392e-07
YKL022C,YDR264C,1.143031340689049e-06
YKL022C,YLR110C,1.8395783785152275e-09
YKL022C,YDR379W,3.1050939597321303e-10
YKL022C,YDL100C,7.296647197563289e-08
YKL022C,YHR073W,1.799670856783564e-09
YKL022C,YJR090C,0.7508596777915955
YKL022C,YOR208W,3.096983086647853e-11
YKL022C,YBR040W,0.02656121738255024
YKL022C,YNL279W,0.0007146839634515345
YKL022C,YER075C,7.413560609847991e-08
YKL022C,YCR089W,8.467850420856848e-05
YKL022C,YCR002C,0.00012048959615640342
YKL022C,YJL108C,0.00011741216439986601
YKL022C,YBR200W,0.00010051932622445747
YKL022C,YIL026C,0.0009583077626302838
YKL022C,YJR076C,8.683008201337827e-10
YKL022C,YKR031C,0.0001860521879279986
YKL022C,YPL192C,0.8493469953536987
YKL022C,YHR107C,0.008596731349825859
YKL022C,YIL037C,0.02985350973904133
YKL022C,YPL156C,0.00035843407385982573
YKL022C,YIL117C,2.7454229112322537e-08
YKL022C,YHR066W,7.072991501435319e-15
YKL022C,YML085C,5.174077746111783e-12
YKL022C,YML047C,0.0008454564376734197
YKL022C,YDR312W,2.784467324090656e-05
YKL022C,YFL037W,0.009071704931557178
YKL022C,YDL038C,0.2020167112350464
YKL022C,YDL039C,2.7966718567709603e-13
YKL022C,YCL027W,0.008547227829694748
YKL022C,YML124C,1.3815073529599431e-08
YKL022C,YGL053W,5.3452113206731156e-06
YKL022C,YMR232W,0.00022063918004278094
YKL022C,YNL298W,0.0003700622182805091
YKL022C,YGL099W,1.2804017568424086e-10
YKL022C,YBL016W,0.00022332968364935368
YKL022C,YAL041W,0.003453380661085248
YKL022C,YDR085C,2.3215756300487556e-05
YKL022C,YPL187W,3.738444220857673e-09
YKL022C,YPL256C,0.26997116208076477
YKL022C,YDR461W,3.8204980628772645e-13
YKL022C,YNL145W,1.5484413751210013e-10
YMR064W,YDL165W,0.0008265914511866868
YMR064W,YGR059W,5.322460765455617e-07
YMR064W,YBR109C,8.384896688085064e-08
YMR064W,YJL080C,0.00013268580369185656
YMR064W,YCR093W,3.2674174121893884e-07
YMR064W,YIL122W,5.47984782315325e-05
YMR064W,YCL029C,1.609408092906328e-11
YMR064W,YNL173C,0.015434389933943748
YMR064W,YLR452C,0.001417585532180965
YMR064W,YDL160C,2.1981870190757036e-07
YMR064W,YLR229C,2.5604773327359e-05
YMR064W,YML057W,0.00235462817363441
YMR064W,YER149C,3.233146728121028e-08
YMR064W,YMR305C,0.8077402710914612
YMR064W,YLR433C,0.02432127110660076
YMR064W,YJL073W,8.224098485554165e-12
YMR064W,YGR279C,0.00012562396295834333
YMR064W,YKL190W,2.0327350913618147e-09
YMR064W,YGL089C,0.014105521142482758
YMR064W,YJL019W,0.00033835775684565306
YMR064W,YJL018W,0.000279413303360343
YMR064W,YNR032C-A,0.01260610856115818
YMR064W,YGL178W,8.361332737294447e-10
YMR064W,YKL116C,5.267485336801769e-10
YMR064W,YDL214C,4.318744117881579e-08
YMR064W,YLR362W,2.2590944226408283e-08
YMR064W,YER068W,6.467002627852381e-11
YMR064W,YHR084W,2.2094231098890305e-05
YMR064W,YDR392W,0.4638127386569977
YMR064W,YNL053W,0.8993668556213379
YMR064W,YGR040W,3.7207897207736096e-08
YMR064W,YDL216C,1.9832960163057578e-07
YMR064W,YOL117W,1.0635621038090903e-05
YMR064W,YJR086W,8.585005275563162e-07
YMR064W,YMR025W,0.00017326371744275093
YMR064W,YBR081C,3.5807048437419553e-09
YMR064W,YFL026W,0.005626160651445389
YMR064W,YHL007C,1.153908968376527e-09
YMR064W,YNR044W,5.0074709179170895e-06
YMR064W,YNL271C,7.616492075612769e-05
YMR064W,YDR200C,9.77034186888659e-09
YMR064W,YKL178C,0.047784119844436646
YMR064W,YOR212W,0.09298116713762283
YMR064W,YOL111C,4.975948186825008e-08
YMR064W,YGL032C,0.007553433533757925
YMR064W,YHR005C,0.5166106224060059
YMR064W,YDR103W,2.1720071075037595e-08
YMR064W,YJR084W,0.0016602956457063556
YMR064W,YCL032W,0.009146460331976414
YMR064W,YJL170C,0.05699498578906059
YMR064W,YDR179C,7.589443656863537e-11
YMR064W,YBR095C,0.00035681005101650953
YMR064W,YLL021W,7.956760583738287e-08
YMR064W,YDL159W,2.1602793165431677e-10
YMR064W,YNL161W,2.2294052541838028e-05
YMR064W,YNL188W,2.177385375753742e-17
YMR064W,YJL157C,0.03855058178305626
YMR064W,YJL034W,3.399559389549722e-08
YMR064W,YLR238W,1.4718753327258582e-08
YMR064W,YPR141C,0.029999297112226486
YMR064W,YNL127W,0.029106875881552696
YMR064W,YCL055W,4.238941975209798e-10
YMR064W,YPR122W,1.0209615067973722e-14
YMR064W,YMR065W,0.00016731690266169608
YMR064W,YDR356W,0.0018171040574088693
YMR064W,YMR052W,5.03063783980906e-05
YMR064W,YFR008W,2.7838726964546368e-05
YMR064W,YLL043W,9.128727504817413e-14
YMR064W,YMR029C,5.069057078799233e-05
YMR064W,YJR004C,0.003432834055274725
YMR064W,YDL223C,1.0684444440300922e-08
YMR064W,YHR158C,0.2154013216495514
YMR064W,YGR238C,1.8783319788440167e-08
YMR064W,YIL015W,0.5620378851890564
YMR064W,YGL173C,0.005705579649657011
YMR064W,YDL225W,1.030073248919905e-09
YMR064W,YLR330W,0.037482909858226776
YMR064W,YBR129C,1.1042617416023859e-06
YMR064W,YKR095W-A,0.2020167112350464
YMR064W,YPR075C,3.858628694342059e-10
YMR064W,YMR198W,1.1505120411925418e-08
YMR064W,YOR127W,1.0657169591254956e-12
YMR064W,YDR264C,5.1373302056845205e-08
YMR064W,YLR110C,0.25988370180130005
YMR064W,YDR379W,0.00704357260838151
YMR064W,YDL100C,2.199933160987322e-12
YMR064W,YHR073W,0.00011968448961852118
YMR064W,YJR090C,0.028246846050024033
YMR064W,YOR208W,1.0906933312071487e-06
YMR064W,YBR040W,0.07044636458158493
YMR064W,YNL279W,6.655196102656191e-06
YMR064W,YER075C,2.4643806995072737e-09
YMR064W,YCR089W,0.00828919094055891
YMR064W,YCR002C,2.3641766233595263e-07
YMR064W,YJL108C,0.000221268244786188
YMR064W,YBR200W,2.1167075525078266e-13
YMR064W,YIL026C,0.11725616455078125
YMR064W,YJR076C,8.332328967422531e-13
YMR064W,YKR031C,0.018437348306179047
YMR064W,YPL192C,7.312112160207107e-08
YMR064W,YHR107C,0.00042355473851785064
YMR064W,YIL037C,0.39199066162109375
YMR064W,YPL156C,0.9969891905784607
YMR064W,YIL117C,0.8650296926498413
YMR064W,YHR066W,9.659556318949753e-16
YMR064W,YML085C,4.574880586005747e-05
YMR064W,YML047C,7.236757255668635e-07
YMR064W,YDR312W,1.9243705240423736e-10
YMR064W,YFL037W,0.0007264947635121644
YMR064W,YDL038C,0.2020167112350464
YMR064W,YDL039C,8.719419500660686e-14
YMR064W,YCL027W,2.0820001278565314e-09
YMR064W,YML124C,1.3729142267493444e-07
YMR064W,YGL053W,0.31142371892929077
YMR064W,YMR232W,4.547968401880098e-08
YMR064W,YNL298W,2.761916942980308e-14
YMR064W,YGL099W,5.191760649864152e-13
YMR064W,YBL016W,3.0225352020352148e-05
YMR064W,YAL041W,8.88948270585388e-05
YMR064W,YDR085C,1.810108507527275e-09
YMR064W,YPL187W,6.726604624418542e-05
YMR064W,YPL256C,0.0010062543442472816
YMR064W,YDR461W,0.000222503105760552
YMR064W,YNL145W,1.0357643909220116e-10
YIL135C,YDL165W,5.7482400187425925e-15
YIL135C,YGR059W,1.6180532469434183e-08
YIL135C,YBR109C,0.09712344408035278
YIL135C,YJL080C,0.005925578065216541
YIL135C,YCR093W,0.035884127020835876
YIL135C,YIL122W,1.1177457848177141e-09
YIL135C,YCL029C,1.4434360195991758e-07
YIL135C,YNL173C,0.00012968968076165766
YIL135C,YLR452C,5.563664672081359e-06
YIL135C,YDL160C,1.7324174317323582e-09
YIL135C,YLR229C,0.7175930142402649
YIL135C,YML057W,4.9671791202854365e-05
YIL135C,YER149C,0.17091138660907745
YIL135C,YMR305C,2.4564539558014076e-07
YIL135C,YLR433C,0.007508946117013693
YIL135C,YJL073W,3.372795021050479e-08
YIL135C,YGR279C,0.002641107654199004
YIL135C,YKL190W,0.004222753923386335
YIL135C,YGL089C,0.8107830286026001
YIL135C,YJL019W,0.08704840391874313
YIL135C,YJL018W,0.0005560708232223988
YIL135C,YNR032C-A,0.9916901588439941
YIL135C,YGL178W,8.464371057925746e-05
YIL135C,YKL116C,5.098687583249273e-10
YIL135C,YDL214C,0.00028261763509362936
YIL135C,YLR362W,1.168165724152459e-07
YIL135C,YER068W,4.36350965173915e-05
YIL135C,YHR084W,0.09144711494445801
YIL135C,YDR392W,1.99763672270592e-08
YIL135C,YNL053W,5.31815764759358e-08
YIL135C,YGR040W,1.426922062819358e-05
YIL135C,YDL216C,0.0010445177322253585
YIL135C,YOL117W,0.049578990787267685
YIL135C,YJR086W,4.966063116285113e-10
YIL135C,YMR025W,0.003647597972303629
YIL135C,YBR081C,4.6820525234636534e-09
YIL135C,YFL026W,0.002228686586022377
YIL135C,YHL007C,2.307882704388753e-11
YIL135C,YNR044W,0.05381820350885391
YIL135C,YNL271C,0.9998158812522888
YIL135C,YDR200C,0.020560862496495247
YIL135C,YKL178C,1.1668240404105745e-05
YIL135C,YOR212W,0.9876135587692261
YIL135C,YOL111C,9.867716995078102e-15
YIL135C,YGL032C,0.00032299122540280223
YIL135C,YHR005C,8.392123163503129e-06
YIL135C,YDR103W,9.225529673528854e-09
YIL135C,YJR084W,0.00011385825200704858
YIL135C,YCL032W,0.0010219645919278264
YIL135C,YJL170C,9.526979205531916e-11
YIL135C,YDR179C,0.3035706877708435
YIL135C,YBR095C,0.503774106502533
YIL135C,YLL021W,0.22062666714191437
YIL135C,YDL159W,6.63599939798587e-06
YIL135C,YNL161W,0.004796006716787815
YIL135C,YNL188W,0.0031250654719769955
YIL135C,YJL157C,5.5385043218336705e-09
YIL135C,YJL034W,1.7808846540197983e-15
YIL135C,YLR238W,0.027025237679481506
YIL135C,YPR141C,0.9417240023612976
YIL135C,YNL127W,7.065916065585043e-07
YIL135C,YCL055W,1.0548506512719769e-13
YIL135C,YPR122W,1.7752663552528247e-05
YIL135C,YMR065W,8.24682757638584e-08
YIL135C,YDR356W,0.000597379810642451
YIL135C,YMR052W,9.25294152693823e-05
YIL135C,YFR008W,1.6665053408360109e-06
YIL135C,YLL043W,4.154037014814094e-05
YIL135C,YMR029C,2.6809641440195264e-07
YIL135C,YJR004C,0.0017900161910802126
YIL135C,YDL223C,1.7717118794280395e-07
YIL135C,YHR158C,5.88993225392187e-06
YIL135C,YGR238C,0.0015133835840970278
YIL135C,YIL015W,0.010305202566087246
YIL135C,YGL173C,7.709611282713524e-10
YIL135C,YDL225W,0.004556459840387106
YIL135C,YLR330W,0.0006117966840974987
YIL135C,YBR129C,0.0005363824893720448
YIL135C,YKR095W-A,0.2020167112350464
YIL135C,YPR075C,1.8078081254202516e-08
YIL135C,YMR198W,0.4141893982887268
YIL135C,YOR127W,4.099962552572833e-06
YIL135C,YDR264C,9.520080279656895e-10
YIL135C,YLR110C,0.002542292233556509
YIL135C,YDR379W,0.27486708760261536
YIL135C,YDL100C,0.42144060134887695
YIL135C,YHR073W,0.8574641942977905
YIL135C,YJR090C,6.495741444734193e-12
YIL135C,YOR208W,0.028934380039572716
YIL135C,YBR040W,0.0038662441074848175
YIL135C,YNL279W,1.0070519552540357e-14
YIL135C,YER075C,0.0019960333593189716
YIL135C,YCR089W,5.839411301167274e-07
YIL135C,YCR002C,0.0005570395151153207
YIL135C,YJL108C,6.5164113038918e-06
YIL135C,YBR200W,8.807083534678739e-11
YIL135C,YIL026C,0.00016175187192857265
YIL135C,YJR076C,1.5289872408175142e-06
YIL135C,YKR031C,0.2686055898666382
YIL135C,YPL192C,5.442987216497386e-08
YIL135C,YHR107C,0.41677966713905334
YIL135C,YIL037C,0.0036111664958298206
YIL135C,YPL156C,4.552599875751184e-06
YIL135C,YIL117C,1.5248533600242808e-05
YIL135C,YHR066W,3.3842848523590874e-08
YIL135C,YML085C,0.36103612184524536
YIL135C,YML047C,0.000856556580401957
YIL135C,YDR312W,0.025376612320542336
YIL135C,YFL037W,0.00020749673421960324
YIL135C,YDL038C,0.2020167112350464
YIL135C,YDL039C,2.9925976840773074e-15
YIL135C,YCL027W,0.0007873635040596128
YIL135C,YML124C,6.155150185804814e-05
YIL135C,YGL053W,7.099589538483997e-08
YIL135C,YMR232W,0.6150155663490295
YIL135C,YNL298W,0.0056889113038778305
YIL135C,YGL099W,9.557099110679701e-05
YIL135C,YBL016W,1.0831399777089246e-08
YIL135C,YAL041W,2.4176883925974835e-06
YIL135C,YDR085C,1.4240343348959073e-09
YIL135C,YPL187W,0.024433448910713196
YIL135C,YPL256C,0.9247210621833801
YIL135C,YDR461W,9.349485026177717e-07
YIL135C,YNL145W,4.210896561995803e-11
YDL008W,YDL165W,1.6579289052742752e-08
YDL008W,YGR059W,1.1621818885032553e-07
YDL008W,YBR109C,9.923739708028734e-05
YDL008W,YJL080C,1.1951137779062093e-12
YDL008W,YCR093W,0.018216174095869064
YDL008W,YIL122W,6.9404659370775335e-06
YDL008W,YCL029C,1.78698913305686e-11
YDL008W,YNL173C,2.9900677489536065e-09
YDL008W,YLR452C,5.864262107024842e-07
YDL008W,YDL160C,0.0006413509836420417
YDL008W,YLR229C,4.568717599795491e-07
YDL008W,YML057W,0.00036025469307787716
YDL008W,YER149C,0.0019093034788966179
YDL008W,YMR305C,1.1394864912750435e-10
YDL008W,YLR433C,2.892007069021929e-05
YDL008W,YJL073W,1.1964046290127706e-12
YDL008W,YGR279C,8.155271643772721e-06
YDL008W,YKL190W,1.221786496437673e-14
YDL008W,YGL089C,0.00022776148398406804
YDL008W,YJL019W,4.6050593893731673e-10
YDL008W,YJL018W,0.0005668203230015934
YDL008W,YNR032C-A,0.051296789199113846
YDL008W,YGL178W,0.00015331878967117518
YDL008W,YKL116C,9.678275603164366e-08
YDL008W,YDL214C,9.964907121684519e-09
YDL008W,YLR362W,1.0346989256504457e-05
YDL008W,YER068W,2.94503799125323e-08
YDL008W,YHR084W,1.0323169590265024e-06
YDL008W,YDR392W,3.986059052274449e-11
YDL008W,YNL053W,1.094984099836438e-06
YDL008W,YGR040W,0.05152645334601402
YDL008W,YDL216C,0.00014947949966881424
YDL008W,YOL117W,0.00046352852950803936
YDL008W,YJR086W,4.431789570741307e-12
YDL008W,YMR025W,0.00010942393419099972
YDL008W,YBR081C,4.21019592522498e-08
YDL008W,YFL026W,1.5122061380878904e-09
YDL008W,YHL007C,0.6433840394020081
YDL008W,YNR044W,1.8321399952725415e-10
YDL008W,YNL271C,8.954865293731018e-09
YDL008W,YDR200C,9.07447599729494e-07
YDL008W,YKL178C,2.3080980326994904e-07
YDL008W,YOR212W,8.560764399589971e-07
YDL008W,YOL111C,3.243821877774167e-11
YDL008W,YGL032C,0.0020236617419868708
YDL008W,YHR005C,8.447493815566531e-10
YDL008W,YDR103W,6.410223463149123e-09
YDL008W,YJR084W,2.300211718875289e-07
YDL008W,YCL032W,9.586361557012424e-06
YDL008W,YJL170C,2.94756955554476e-06
YDL008W,YDR179C,8.667575102094816e-09
YDL008W,YBR095C,2.441569506572705e-07
YDL008W,YLL021W,0.00013240420958027244
YDL008W,YDL159W,3.737602671805007e-09
YDL008W,YNL161W,6.977915134598334e-09
YDL008W,YNL188W,4.21243385062553e-07
YDL008W,YJL157C,4.68116170826427e-12
YDL008W,YJL034W,5.606435801719378e-11
YDL008W,YLR238W,5.2863439320427474e-11
YDL008W,YPR141C,1.7615282843497226e-10
YDL008W,YNL127W,0.00017548954929225147
YDL008W,YCL055W,6.096669610128336e-12
YDL008W,YPR122W,2.5643128083174815e-06
YDL008W,YMR065W,1.1577154737096862e-06
YDL008W,YDR356W,0.0002941385318990797
YDL008W,YMR052W,0.0006370361079461873
YDL008W,YFR008W,0.006302877329289913
YDL008W,YLL043W,5.531199349206872e-05
YDL008W,YMR029C,8.250503015005961e-05
YDL008W,YJR004C,1.4549271076108594e-12
YDL008W,YDL223C,3.4853737951312525e-11
YDL008W,YHR158C,9.205650144394895e-07
YDL008W,YGR238C,1.4855491770049412e-07
YDL008W,YIL015W,2.690655753756488e-10
YDL008W,YGL173C,0.0003720087406691164
YDL008W,YDL225W,1.4100425687502138e-05
YDL008W,YLR330W,1.9472441636025906e-05
YDL008W,YBR129C,4.016733782918891e-06
YDL008W,YKR095W-A,0.2020167112350464
YDL008W,YPR075C,1.235880972214054e-12
YDL008W,YMR198W,0.0009619659394957125
YDL008W,YOR127W,0.02687145583331585
YDL008W,YDR264C,0.20341384410858154
YDL008W,YLR110C,3.2790448134534245e-10
YDL008W,YDR379W,3.638548832896049e-06
YDL008W,YDL100C,0.0008965138113126159
YDL008W,YHR073W,1.9913783035008237e-05
YDL008W,YJR090C,8.230328063518755e-08
YDL008W,YOR208W,1.4884309393892181e-06
YDL008W,YBR040W,2.881875218463392e-07
YDL008W,YNL279W,8.334380297014832e-09
YDL008W,YER075C,0.009610827080905437
YDL008W,YCR089W,1.9027319719810976e-09
YDL008W,YCR002C,0.00035076195490546525
YDL008W,YJL108C,6.932878750376403e-05
YDL008W,YBR200W,1.001061213090626e-11
YDL008W,YIL026C,0.00025508133694529533
YDL008W,YJR076C,9.121223229158204e-06
YDL008W,YKR031C,3.863968913719873e-07
YDL008W,YPL192C,0.00015381093544419855
YDL008W,YHR107C,1.209087274745002e-10
YDL008W,YIL037C,2.6199233616353013e-05
YDL008W,YPL156C,0.00471323961392045
YDL008W,YIL117C,1.4043042028788477e-05
YDL008W,YHR066W,5.432149308148837e-08
YDL008W,YML085C,8.172410526086082e-10
YDL008W,YML047C,0.06654900312423706
YDL008W,YDR312W,2.5432314032514114e-07
YDL008W,YFL037W,1.1107007535926527e-09
YDL008W,YDL038C,0.2020167112350464
YDL008W,YDL039C,9.625902641164155e-15
YDL008W,YCL027W,1.0699131536284767e-07
YDL008W,YML124C,6.230255866768175e-09
YDL008W,YGL053W,5.803159410788794e-07
YDL008W,YMR232W,0.000574028177652508
YDL008W,YNL298W,8.436904295194836e-07
YDL008W,YGL099W,0.029694460332393646
YDL008W,YBL016W,7.723170547535574e-09
YDL008W,YAL041W,2.5119115121263746e-10
YDL008W,YDR085C,1.3209805471703362e-10
YDL008W,YPL187W,3.278892472735606e-05
YDL008W,YPL256C,3.3138580768365955e-10
YDL008W,YDR461W,0.0011777904583141208
YDL008W,YNL145W,0.3632446527481079
YNR053C,YDL165W,3.696077471859738e-11
YNR053C,YGR059W,3.0984232107095222e-12
YNR053C,YBR109C,2.7248059808471226e-08
YNR053C,YJL080C,1.3508044503396377e-05
YNR053C,YCR093W,0.008014427497982979
YNR053C,YIL122W,1.8750916375154247e-09
YNR053C,YCL029C,1.2400249715938116e-08
YNR053C,YNL173C,1.440448068024125e-05
YNR053C,YLR452C,2.363931889703963e-05
YNR053C,YDL160C,0.32708632946014404
YNR053C,YLR229C,2.3781535255128152e-17
YNR053C,YML057W,1.2303631420976235e-12
YNR053C,YER149C,1.493811119246402e-08
YNR053C,YMR305C,2.8474724800275908e-09
YNR053C,YLR433C,1.2584525435621607e-12
YNR053C,YJL073W,1.8138607477992397e-14
YNR053C,YGR279C,1.5077277204511574e-09
YNR053C,YKL190W,1.7406161297148759e-19
YNR053C,YGL089C,1.9700039501913125e-06
YNR053C,YJL019W,3.82572125090519e-06
YNR053C,YJL018W,7.581303361803293e-05
YNR053C,YNR032C-A,0.001586923492141068
YNR053C,YGL178W,1.8320742600948237e-13
YNR053C,YKL116C,6.233616400841413e-10
YNR053C,YDL214C,0.4719715416431427
YNR053C,YLR362W,4.235314898272391e-13
YNR053C,YER068W,1.6546644967824903e-13
YNR053C,YHR084W,4.176774011832758e-14
YNR053C,YDR392W,1.577300464718212e-12
YNR053C,YNL053W,0.005205497145652771
YNR053C,YGR040W,1.8191437939352184e-11
YNR053C,YDL216C,9.318493754406632e-10
YNR053C,YOL117W,1.33332635297162e-13
YNR053C,YJR086W,3.7952120118193555e-15
YNR053C,YMR025W,5.687525117537007e-05
YNR053C,YBR081C,8.829448233882431e-06
YNR053C,YFL026W,3.940595405538261e-08
YNR053C,YHL007C,5.033343999501726e-16
YNR053C,YNR044W,0.00010221960110357031
YNR053C,YNL271C,9.842220372036081e-09
YNR053C,YDR200C,1.1493656876671986e-14
YNR053C,YKL178C,0.00014405586989596486
YNR053C,YOR212W,3.768210632415503e-09
YNR053C,YOL111C,2.315146979731304e-16
YNR053C,YGL032C,5.819766890624578e-09
YNR053C,YHR005C,0.01621781475841999
YNR053C,YDR103W,1.8638895937783673e-07
YNR053C,YJR084W,3.996426301000611e-08
YNR053C,YCL032W,5.359833132878578e-10
YNR053C,YJL170C,8.71044836259216e-09
YNR053C,YDR179C,8.894928349434394e-09
YNR053C,YBR095C,3.188943810528144e-05
YNR053C,YLL021W,0.005068258382380009
YNR053C,YDL159W,1.0662369424874196e-13
YNR053C,YNL161W,0.1577187478542328
YNR053C,YNL188W,2.721666533034295e-05
YNR053C,YJL157C,2.6286588461488236e-09
YNR053C,YJL034W,5.290010905838457e-24
YNR053C,YLR238W,1.1851880117319524e-06
YNR053C,YPR141C,0.003023287048563361
YNR053C,YNL127W,0.0017746471567079425
YNR053C,YCL055W,4.3310966385589136e-14
YNR053C,YPR122W,0.9508370757102966
YNR053C,YMR065W,0.873242199420929
YNR053C,YDR356W,0.17008516192436218
YNR053C,YMR052W,0.009366131387650967
YNR053C,YFR008W,0.0004604349087458104
YNR053C,YLL043W,8.121456289700291e-07
YNR053C,YMR029C,2.0189132868202205e-17
YNR053C,YJR004C,2.417647948504964e-08
YNR053C,YDL223C,5.781063561888233e-14
YNR053C,YHR158C,4.395019004732603e-06
YNR053C,YGR238C,8.281586502297951e-19
YNR053C,YIL015W,3.188086338923313e-05
YNR053C,YGL173C,4.791569949702534e-07
YNR053C,YDL225W,1.4504538329954356e-21
YNR053C,YLR330W,2.645465371084129e-15
YNR053C,YBR129C,1.048210197041044e-05
YNR053C,YKR095W-A,0.2020167112350464
YNR053C,YPR075C,9.799908184504602e-06
YNR053C,YMR198W,5.506067282112781e-06
YNR053C,YOR127W,6.18046396994032e-06
YNR053C,YDR264C,0.1559186428785324
YNR053C,YLR110C,0.00016395063721574843
YNR053C,YDR379W,4.658938337342988e-07
YNR053C,YDL100C,6.632119493588107e-07
YNR053C,YHR073W,1.809821181808502e-10
YNR053C,YJR090C,3.589187933948808e-14
YNR053C,YOR208W,3.105310315731913e-05
YNR053C,YBR040W,0.0002938218240160495
YNR053C,YNL279W,9.813093492994085e-05
YNR053C,YER075C,6.807641057093861e-06
YNR053C,YCR089W,1.3843437045579776e-06
YNR053C,YCR002C,5.82254470332666e-12
YNR053C,YJL108C,1.8885340340168977e-12
YNR053C,YBR200W,9.160248514578084e-13
YNR053C,YIL026C,5.155612048390878e-10
YNR053C,YJR076C,0.062086086720228195
YNR053C,YKR031C,7.950111466925591e-05
YNR053C,YPL192C,0.00021750542509835213
YNR053C,YHR107C,7.778990229745375e-10
YNR053C,YIL037C,1.7704428145748352e-08
YNR053C,YPL156C,0.00042499558185227215
YNR053C,YIL117C,1.0820084384022266e-08
YNR053C,YHR066W,5.851859361666323e-12
YNR053C,YML085C,1.2730296170493244e-34
YNR053C,YML047C,0.35189881920814514
YNR053C,YDR312W,8.755583257880062e-05
YNR053C,YFL037W,0.009308495558798313
YNR053C,YDL038C,0.2020167112350464
YNR053C,YDL039C,3.869007336732011e-09
YNR053C,YCL027W,0.01422946061939001
YNR053C,YML124C,3.441038939499483e-33
YNR053C,YGL053W,8.171417320568253e-09
YNR053C,YMR232W,8.624871838947001e-07
YNR053C,YNL298W,0.18451334536075592
YNR053C,YGL099W,3.13794637789213e-14
YNR053C,YBL016W,6.9555420511082e-19
YNR053C,YAL041W,0.01716439798474312
YNR053C,YDR085C,2.664310159161687e-07
YNR053C,YPL187W,6.091717295930721e-05
YNR053C,YPL256C,6.340762911692584e-17
YNR053C,YDR461W,5.937919600462749e-11
YNR053C,YNL145W,4.335911837904938e-12
YPR086W,YDL165W,2.836513068871227e-08
YPR086W,YGR059W,1.1441257941058325e-09
YPR086W,YBR109C,1.7145410962111258e-17
YPR086W,YJL080C,2.7347851674256626e-17
YPR086W,YCR093W,5.880295702809235e-06
YPR086W,YIL122W,8.643504578742522e-09
YPR086W,YCL029C,4.291550794732757e-06
YPR086W,YNL173C,5.2499951053164295e-09
YPR086W,YLR452C,5.568472332545538e-12
YPR086W,YDL160C,3.631366325862473e-06
YPR086W,YLR229C,5.691312005007276e-12
YPR086W,YML057W,5.5333659712325425e-15
YPR086W,YER149C,7.506681387603464e-10
YPR086W,YMR305C,1.745599575997403e-08
YPR086W,YLR433C,1.994931380977505e-06
YPR086W,YJL073W,3.969903832751198e-12
YPR086W,YGR279C,9.022238373290747e-05
YPR086W,YKL190W,5.79381431720094e-10
YPR086W,YGL089C,0.009182337671518326
YPR086W,YJL019W,9.612625140320574e-10
YPR086W,YJL018W,0.004349632654339075
YPR086W,YNR032C-A,0.9947519898414612
YPR086W,YGL178W,3.4392337511235382e-06
YPR086W,YKL116C,1.2588071740537998e-07
YPR086W,YDL214C,3.367122414221768e-10
YPR086W,YLR362W,5.151040113560157e-06
YPR086W,YER068W,0.0001057451227097772
YPR086W,YHR084W,4.531260688390472e-14
YPR086W,YDR392W,5.444383832653443e-10
YPR086W,YNL053W,8.992737093649339e-06
YPR086W,YGR040W,2.0684206347709733e-08
YPR086W,YDL216C,0.00010516619659028947
YPR086W,YOL117W,1.2776394042873242e-15
YPR086W,YJR086W,1.016745606978453e-12
YPR086W,YMR025W,1.7010226560643105e-10
YPR086W,YBR081C,4.9019618586498837e-08
YPR086W,YFL026W,2.3715363006715506e-09
YPR086W,YHL007C,3.493764738473693e-16
YPR086W,YNR044W,3.24268945571006e-15
YPR086W,YNL271C,4.861904301378672e-08
YPR086W,YDR200C,6.215735798243902e-14
YPR086W,YKL178C,0.006407635752111673
YPR086W,YOR212W,4.926891292344703e-21
YPR086W,YOL111C,2.3375754545191684e-21
YPR086W,YGL032C,5.443968054130721e-10
YPR086W,YHR005C,1.8069190502080052e-19
YPR086W,YDR103W,4.67613940597451e-15
YPR086W,YJR084W,3.8237054039540197e-13
YPR086W,YCL032W,6.375606265152101e-09
YPR086W,YJL170C,1.7269958249924167e-14
YPR086W,YDR179C,1.507688835999943e-07
YPR086W,YBR095C,1.970199264178518e-06
YPR086W,YLL021W,4.1842063147612407e-10
YPR086W,YDL159W,2.6950625064969813e-10
YPR086W,YNL161W,4.349406945713952e-11
YPR086W,YNL188W,9.998649051811291e-19
YPR086W,YJL157C,1.847139595969448e-18
YPR086W,YJL034W,2.3257474505294917e-12
YPR086W,YLR238W,3.71031262602628e-07
YPR086W,YPR141C,1.4892634347951628e-10
YPR086W,YNL127W,6.048247319645483e-11
YPR086W,YCL055W,8.98247641010065e-20
YPR086W,YPR122W,0.9953370094299316
YPR086W,YMR065W,7.843389132622391e-12
YPR086W,YDR356W,4.872074965689421e-13
YPR086W,YMR052W,0.0004003786016255617
YPR086W,YFR008W,6.65633825835954e-10
YPR086W,YLL043W,3.616746930158038e-13
YPR086W,YMR029C,7.086465962646837e-12
YPR086W,YJR004C,1.5844436223114156e-12
YPR086W,YDL223C,8.142103102848353e-10
YPR086W,YHR158C,3.6883720895275474e-06
YPR086W,YGR238C,3.781790436363508e-09
YPR086W,YIL015W,4.932941465085605e-06
YPR086W,YGL173C,2.73890564130852e-05
YPR086W,YDL225W,5.798751160955988e-19
YPR086W,YLR330W,7.183496145042266e-23
YPR086W,YBR129C,6.588350958541822e-12
YPR086W,YKR095W-A,0.2020167112350464
YPR086W,YPR075C,4.5088690336166255e-15
YPR086W,YMR198W,6.311909714895592e-07
YPR086W,YOR127W,3.6671219394435184e-09
YPR086W,YDR264C,3.697743500286066e-10
YPR086W,YLR110C,0.8224613070487976
YPR086W,YDR379W,2.7056708518102823e-07
YPR086W,YDL100C,6.129313636499267e-13
YPR086W,YHR073W,1.3339322345799998e-16
YPR086W,YJR090C,5.1231083822614497e-17
YPR086W,YOR208W,2.2615938011227854e-09
YPR086W,YBR040W,0.012836528941988945
YPR086W,YNL279W,1.0293244034897953e-10
YPR086W,YER075C,3.869311555187993e-12
YPR086W,YCR089W,5.9031918908658554e-08
YPR086W,YCR002C,7.909267553775964e-15
YPR086W,YJL108C,1.8592635822076378e-18
YPR086W,YBR200W,2.02811861272148e-13
YPR086W,YIL026C,1.6648324162815697e-05
YPR086W,YJR076C,1.2184486360540753e-15
YPR086W,YKR031C,0.12283994257450104
YPR086W,YPL192C,0.0057053957134485245
YPR086W,YHR107C,7.699457726161103e-21
YPR086W,YIL037C,1.3760013644059654e-06
YPR086W,YPL156C,1.1344897757226136e-05
YPR086W,YIL117C,0.0003177883045282215
YPR086W,YHR066W,1.2482101974470392e-14
YPR086W,YML085C,5.494912369493092e-16
YPR086W,YML047C,0.6484264135360718
YPR086W,YDR312W,4.521156019010597e-12
YPR086W,YFL037W,5.613742911176612e-19
YPR086W,YDL038C,0.2020167112350464
YPR086W,YDL039C,0.0008268120582215488
YPR086W,YCL027W,1.9667607820128552e-11
YPR086W,YML124C,1.7468014050569838e-20
YPR086W,YGL053W,8.159021014364498e-09
YPR086W,YMR232W,0.0015271148877218366
YPR086W,YNL298W,0.0005753537407144904
YPR086W,YGL099W,9.004341055326298e-14
YPR086W,YBL016W,1.4450385468290153e-14
YPR086W,YAL041W,3.0526944860831406e-10
YPR086W,YDR085C,1.1812860412074855e-10
YPR086W,YPL187W,0.00041858034092001617
YPR086W,YPL256C,2.3646412952715856e-11
YPR086W,YDR461W,5.318682235085082e-13
YPR086W,YNL145W,1.1307127529793605e-23
YOR005C,YDL165W,5.8693312894320115e-06
YOR005C,YGR059W,2.663527709501068e-07
YOR005C,YBR109C,1.929226960475927e-12
YOR005C,YJL080C,4.9450582517707176e-11
YOR005C,YCR093W,6.313662481716165e-08
YOR005C,YIL122W,0.00029691096278838813
YOR005C,YCL029C,4.300052935252152e-12
YOR005C,YNL173C,0.00021406279120128602
YOR005C,YLR452C,0.005579729564487934
YOR005C,YDL160C,0.007908851839601994
YOR005C,YLR229C,4.256403229874195e-09
YOR005C,YML057W,2.1426308194349986e-07
YOR005C,YER149C,0.22973434627056122
YOR005C,YMR305C,9.252251402358525e-06
YOR005C,YLR433C,3.936257144232513e-06
YOR005C,YJL073W,1.8486578028387157e-06
YOR005C,YGR279C,1.5438172962234376e-10
YOR005C,YKL190W,0.002531043952330947
YOR005C,YGL089C,6.096418474044185e-06
YOR005C,YJL019W,1.9950329033235903e-07
YOR005C,YJL018W,0.000715241301804781
YOR005C,YNR032C-A,0.9995636343955994
YOR005C,YGL178W,9.997311281040311e-05
YOR005C,YKL116C,2.2402088006856502e-07
YOR005C,YDL214C,2.3653792595723644e-06
YOR005C,YLR362W,0.17084726691246033
YOR005C,YER068W,1.2459258513786153e-08
YOR005C,YHR084W,2.1223620478849625e-06
YOR005C,YDR392W,0.03773587569594383
YOR005C,YNL053W,5.324092722247542e-09
YOR005C,YGR040W,0.0007300718571059406
YOR005C,YDL216C,0.1603100746870041
YOR005C,YOL117W,5.882497600140368e-09
YOR005C,YJR086W,7.26620783098042e-05
YOR005C,YMR025W,0.23687773942947388
YOR005C,YBR081C,0.0002950741327367723
YOR005C,YFL026W,1.979612534341868e-06
YOR005C,YHL007C,4.4120417896920117e-07
YOR005C,YNR044W,6.860050780232996e-05
YOR005C,YNL271C,1.2326093212777778e-07
YOR005C,YDR200C,0.0018569035455584526
YOR005C,YKL178C,0.00020312190463300794
YOR005C,YOR212W,9.799281476324459e-14
YOR005C,YOL111C,1.348933985345635e-11
YOR005C,YGL032C,0.0002488220052327961
YOR005C,YHR005C,0.030020318925380707
YOR005C,YDR103W,3.770294370042393e-07
YOR005C,YJR084W,3.955770080210641e-05
YOR005C,YCL032W,1.3581426173914224e-05
YOR005C,YJL170C,3.034677320101764e-05
YOR005C,YDR179C,1.3090838137941319e-06
YOR005C,YBR095C,5.92601452353847e-08
YOR005C,YLL021W,6.779523054056824e-10
YOR005C,YDL159W,9.275470915781625e-07
YOR005C,YNL161W,2.1089109125682626e-08
YOR005C,YNL188W,1.556963616167195e-05
YOR005C,YJL157C,2.3209377734147673e-17
YOR005C,YJL034W,1.2798555548698687e-09
YOR005C,YLR238W,0.6112781763076782
YOR005C,YPR141C,0.00036422492121346295
YOR005C,YNL127W,1.1013947869287222e-06
YOR005C,YCL055W,2.8447744160331467e-09
YOR005C,YPR122W,0.9543370008468628
YOR005C,YMR065W,0.9999698400497437
YOR005C,YDR356W,1.0232212162009091e-06
YOR005C,YMR052W,2.3865924791977022e-09
YOR005C,YFR008W,0.021163908764719963
YOR005C,YLL043W,1.1919437383767217e-06
YOR005C,YMR029C,5.110706297273282e-06
YOR005C,YJR004C,1.2141680549859757e-08
YOR005C,YDL223C,0.0005085724988020957
YOR005C,YHR158C,2.8027324106005835e-07
YOR005C,YGR238C,4.047272796015022e-06
YOR005C,YIL015W,0.011932780966162682
YOR005C,YGL173C,0.00028167961863800883
YOR005C,YDL225W,8.454278537005713e-14
YOR005C,YLR330W,1.5059294256047906e-08
YOR005C,YBR129C,3.182657337674755e-08
YOR005C,YKR095W-A,0.2020167112350464
YOR005C,YPR075C,1.6141607375175226e-06
YOR005C,YMR198W,0.9848569631576538
YOR005C,YOR127W,1.0674702025426086e-05
YOR005C,YDR264C,1.9656551505844305e-14
YOR005C,YLR110C,0.00010285799362463877
YOR005C,YDR379W,0.0005868892767466605
YOR005C,YDL100C,4.756711517728274e-12
YOR005C,YHR073W,4.30346926805214e-06
YOR005C,YJR090C,1.801928846134615e-07
YOR005C,YOR208W,0.0006250854348763824
YOR005C,YBR040W,0.00021860755805391818
YOR005C,YNL279W,0.0007021258934400976
YOR005C,YER075C,0.2102889120578766
YOR005C,YCR089W,3.3762360544642434e-05
YOR005C,YCR002C,0.04534514993429184
YOR005C,YJL108C,0.9762342572212219
YOR005C,YBR200W,2.276942900891754e-08
YOR005C,YIL026C,1.6511854710188345e-06
YOR005C,YJR076C,1.5772906181155122e-07
YOR005C,YKR031C,1.6957527293470775e-07
YOR005C,YPL192C,0.41162097454071045
YOR005C,YHR107C,0.00012512686953414232
YOR005C,YIL037C,0.018756050616502762
YOR005C,YPL156C,3.1961350032361224e-05
YOR005C,YIL117C,3.6009803352499148e-06
YOR005C,YHR066W,3.16870019112514e-09
YOR005C,YML085C,1.6610107386738626e-13
YOR005C,YML047C,0.22397659718990326
YOR005C,YDR312W,0.028815975412726402
YOR005C,YFL037W,6.650700129506859e-11
YOR005C,YDL038C,0.2020167112350464
YOR005C,YDL039C,2.381929661919146e-14
YOR005C,YCL027W,0.000506418407894671
YOR005C,YML124C,1.5653147666938594e-09
YOR005C,YGL053W,0.003398596541956067
YOR005C,YMR232W,0.025403078645467758
YOR005C,YNL298W,9.487345232628286e-05
YOR005C,YGL099W,0.0002617704449221492
YOR005C,YBL016W,1.297157632507151e-05
YOR005C,YAL041W,0.0003111781261395663
YOR005C,YDR085C,1.524890258508549e-08
YOR005C,YPL187W,0.00011488713062135503
YOR005C,YPL256C,9.335720392300573e-07
YOR005C,YDR461W,0.00011147755139973015
YOR005C,YNL145W,1.4572210625674042e-12
YPL125W,YDL165W,0.1513616442680359
YPL125W,YGR059W,8.641233580419794e-05
YPL125W,YBR109C,0.005401558708399534
YPL125W,YJL080C,5.621735681415885e-07
YPL125W,YCR093W,9.811137715587392e-05
YPL125W,YIL122W,2.3665079424972646e-05
YPL125W,YCL029C,2.0215858853589452e-07
YPL125W,YNL173C,0.005353407934308052
YPL125W,YLR452C,0.6572881937026978
YPL125W,YDL160C,3.2036631125720305e-08
YPL125W,YLR229C,9.395930078426318e-07
YPL125W,YML057W,1.4220148614185746e-07
YPL125W,YER149C,0.002854938618838787
YPL125W,YMR305C,3.43004747868636e-12
YPL125W,YLR433C,5.400269031952121e-08
YPL125W,YJL073W,1.5754378357435428e-10
YPL125W,YGR279C,0.006425037048757076
YPL125W,YKL190W,5.595542362790695e-10
YPL125W,YGL089C,0.06980299204587936
YPL125W,YJL019W,3.858739887618867e-07
YPL125W,YJL018W,0.00028676766669377685
YPL125W,YNR032C-A,0.9852131009101868
YPL125W,YGL178W,3.769090942129516e-11
YPL125W,YKL116C,1.0766477487322845e-08
YPL125W,YDL214C,0.33853232860565186
YPL125W,YLR362W,0.0001125509079429321
YPL125W,YER068W,6.129687972133979e-05
YPL125W,YHR084W,0.0005274568102322519
YPL125W,YDR392W,0.013090532273054123
YPL125W,YNL053W,7.767750389575667e-07
YPL125W,YGR040W,5.969027938590443e-09
YPL125W,YDL216C,5.655329368892126e-05
YPL125W,YOL117W,8.698183506794521e-08
YPL125W,YJR086W,0.0013857694575563073
YPL125W,YMR025W,0.0006279078661464155
YPL125W,YBR081C,2.1168591047171503e-05
YPL125W,YFL026W,0.05445079132914543
YPL125W,YHL007C,8.065176304583588e-10
YPL125W,YNR044W,0.0024240505881607533
YPL125W,YNL271C,1.3526995079615745e-09
YPL125W,YDR200C,0.00021533772815018892
YPL125W,YKL178C,8.692345545568969e-06
YPL125W,YOR212W,1.360001391503829e-07
YPL125W,YOL111C,8.924822054723336e-07
YPL125W,YGL032C,1.49243705891422e-05
YPL125W,YHR005C,0.06016511842608452
YPL125W,YDR103W,0.0002065528096864
YPL125W,YJR084W,1.0499043301415156e-10
YPL125W,YCL032W,7.437622571160318e-07
YPL125W,YJL170C,0.008815466426312923
YPL125W,YDR179C,0.4802335500717163
YPL125W,YBR095C,1.6927798185406573e-07
YPL125W,YLL021W,2.2521528080687858e-05
YPL125W,YDL159W,4.014909585348114e-11
YPL125W,YNL161W,8.316685673470658e-10
YPL125W,YNL188W,1.0186819054069929e-05
YPL125W,YJL157C,0.39276590943336487
YPL125W,YJL034W,6.094178980897702e-13
YPL125W,YLR238W,1.2963735862570047e-08
YPL125W,YPR141C,1.5295976041329595e-08
YPL125W,YNL127W,2.1046873825980583e-06
YPL125W,YCL055W,1.1013669620751898e-07
YPL125W,YPR122W,0.5894950032234192
YPL125W,YMR065W,0.875624418258667
YPL125W,YDR356W,3.520754243702129e-10
YPL125W,YMR052W,3.0179829746401765e-09
YPL125W,YFR008W,0.00025876492145471275
YPL125W,YLL043W,1.8875009573093848e-06
YPL125W,YMR029C,3.506407675064188e-13
YPL125W,YJR004C,9.095350340937447e-12
YPL125W,YDL223C,8.652839187349437e-13
YPL125W,YHR158C,3.1811886458399385e-08
YPL125W,YGR238C,1.561996782584174e-06
YPL125W,YIL015W,0.00010555500921327621
YPL125W,YGL173C,0.0035164556466042995
YPL125W,YDL225W,2.7239883593210834e-07
YPL125W,YLR330W,0.001398949301801622
YPL125W,YBR129C,0.0005518615944311023
YPL125W,YKR095W-A,0.2020167112350464
YPL125W,YPR075C,1.880168069845478e-11
YPL125W,YMR198W,0.6873117089271545
YPL125W,YOR127W,9.425158136594503e-13
YPL125W,YDR264C,3.72409544979746e-07
YPL125W,YLR110C,0.10024524480104446
YPL125W,YDR379W,8.681725375936367e-06
YPL125W,YDL100C,0.0015998815651983023
YPL125W,YHR073W,4.4008675814666276e-08
YPL125W,YJR090C,1.0493184163351543e-05
YPL125W,YOR208W,0.0008857090724632144
YPL125W,YBR040W,4.222450389335108e-09
YPL125W,YNL279W,3.6302798545051473e-09
YPL125W,YER075C,0.00010142951941816136
YPL125W,YCR089W,0.00011455173807917163
YPL125W,YCR002C,0.03418135643005371
YPL125W,YJL108C,0.0029644814785569906
YPL125W,YBR200W,1.450699109450948e-11
YPL125W,YIL026C,6.733194481967075e-07
YPL125W,YJR076C,5.4531108795163874e-11
YPL125W,YKR031C,2.551016905272263e-06
YPL125W,YPL192C,1.9652694390970282e-05
YPL125W,YHR107C,1.3794622191198869e-06
YPL125W,YIL037C,0.0013508216943591833
YPL125W,YPL156C,0.8722752928733826
YPL125W,YIL117C,0.008242487907409668
YPL125W,YHR066W,3.4844556788792943e-19
YPL125W,YML085C,1.1599208846746478e-05
YPL125W,YML047C,0.05420965701341629
YPL125W,YDR312W,2.5375936729687965e-07
YPL125W,YFL037W,2.0811751255678246e-06
YPL125W,YDL038C,0.2020167112350464
YPL125W,YDL039C,3.187414838429323e-15
YPL125W,YCL027W,3.5561197364586405e-07
YPL125W,YML124C,7.03013439563166e-13
YPL125W,YGL053W,1.1675563655444421e-05
YPL125W,YMR232W,7.478736370103434e-05
YPL125W,YNL298W,7.945318847291105e-10
YPL125W,YGL099W,3.805215170737952e-11
YPL125W,YBL016W,2.6736099445479056e-10
YPL125W,YAL041W,1.7737507107540296e-07
YPL125W,YDR085C,0.003499232465401292
YPL125W,YPL187W,0.35584837198257446
YPL125W,YPL256C,3.608721144132687e-08
YPL125W,YDR461W,8.486195213208703e-08
YPL125W,YNL145W,0.7988777756690979
YDL149W,YDL165W,3.330548614677298e-10
YDL149W,YGR059W,2.8376956340281367e-10
YDL149W,YBR109C,0.0002409486914984882
YDL149W,YJL080C,7.320010049494119e-12
YDL149W,YCR093W,2.8745373583660694e-06
YDL149W,YIL122W,1.730480471451301e-05
YDL149W,YCL029C,6.408994168705107e-11
YDL149W,YNL173C,0.0005646523786708713
YDL149W,YLR452C,2.0555589230752958e-07
YDL149W,YDL160C,1.7324091459158808e-05
YDL149W,YLR229C,6.765277899521693e-13
YDL149W,YML057W,1.9907496607629582e-05
YDL149W,YER149C,0.002708215732127428
YDL149W,YMR305C,3.8827712955935567e-07
YDL149W,YLR433C,1.8886043108068407e-05
YDL149W,YJL073W,7.422289627356804e-08
YDL149W,YGR279C,0.35070911049842834
YDL149W,YKL190W,0.0006997851887717843
YDL149W,YGL089C,5.838923971168697e-05
YDL149W,YJL019W,7.851620011933846e-07
YDL149W,YJL018W,0.010743384249508381
YDL149W,YNR032C-A,0.7136227488517761
YDL149W,YGL178W,9.562785635353066e-06
YDL149W,YKL116C,3.6873453268526646e-07
YDL149W,YDL214C,1.1586300668886551e-10
YDL149W,YLR362W,2.970731646789737e-11
YDL149W,YER068W,1.654419357066672e-08
YDL149W,YHR084W,1.7156543113266975e-12
YDL149W,YDR392W,0.0013642723206430674
YDL149W,YNL053W,3.9475209632655606e-05
YDL149W,YGR040W,0.7042204737663269
YDL149W,YDL216C,6.98764665685303e-07
YDL149W,YOL117W,1.8209620478160105e-08
YDL149W,YJR086W,1.2046374422425288e-06
YDL149W,YMR025W,0.00459276931360364
YDL149W,YBR081C,2.885622961912304e-06
YDL149W,YFL026W,0.0005271697882562876
YDL149W,YHL007C,6.038709088329597e-09
YDL149W,YNR044W,0.9984604120254517
YDL149W,YNL271C,0.9922019243240356
YDL149W,YDR200C,1.8247278603666928e-06
YDL149W,YKL178C,2.056191624433268e-05
YDL149W,YOR212W,4.165072095929645e-05
YDL149W,YOL111C,2.415286871837452e-06
YDL149W,YGL032C,1.192666937432918e-10
YDL149W,YHR005C,5.666789206770773e-07
YDL149W,YDR103W,0.0002003339322982356
YDL149W,YJR084W,5.196152841335788e-08
YDL149W,YCL032W,9.756726649357006e-05
YDL149W,YJL170C,5.206235997867736e-10
YDL149W,YDR179C,5.059809586290334e-14
YDL149W,YBR095C,3.920025193338006e-08
YDL149W,YLL021W,0.0008279205649159849
YDL149W,YDL159W,8.781825272308197e-06
YDL149W,YNL161W,0.004839152563363314
YDL149W,YNL188W,7.659482434974052e-07
YDL149W,YJL157C,0.9889323711395264
YDL149W,YJL034W,1.1337080607631833e-08
YDL149W,YLR238W,3.567154749362089e-08
YDL149W,YPR141C,6.685469543299405e-06
YDL149W,YNL127W,5.199220822760253e-07
YDL149W,YCL055W,1.5695667422016557e-12
YDL149W,YPR122W,3.579532858566381e-06
YDL149W,YMR065W,0.5057116150856018
YDL149W,YDR356W,0.00012383896682877094
YDL149W,YMR052W,0.0016998839564621449
YDL149W,YFR008W,1.8303522608675848e-07
YDL149W,YLL043W,2.5512539650662802e-05
YDL149W,YMR029C,3.496652061585337e-05
YDL149W,YJR004C,2.8279695470700972e-05
YDL149W,YDL223C,0.00018103655020240694
YDL149W,YHR158C,0.0001694871752988547
YDL149W,YGR238C,0.012902398593723774
YDL149W,YIL015W,6.489917652764687e-13
YDL149W,YGL173C,0.12297958880662918
YDL149W,YDL225W,0.15552698075771332
YDL149W,YLR330W,1.2656015542233945e-06
YDL149W,YBR129C,2.355138484233521e-08
YDL149W,YKR095W-A,0.2020167112350464
YDL149W,YPR075C,3.07278114064502e-08
YDL149W,YMR198W,0.0030640650074929
YDL149W,YOR127W,0.010448206216096878
YDL149W,YDR264C,5.346399323258311e-09
YDL149W,YLR110C,0.013052540831267834
YDL149W,YDR379W,0.6408156752586365
YDL149W,YDL100C,2.282373088746681e-06
YDL149W,YHR073W,6.988256791373715e-05
YDL149W,YJR090C,1.0668936738511547e-06
YDL149W,YOR208W,0.07540622353553772
YDL149W,YBR040W,1.4102577551966533e-05
YDL149W,YNL279W,0.652019739151001
YDL149W,YER075C,0.00039350733277387917
YDL149W,YCR089W,4.880863571088412e-07
YDL149W,YCR002C,0.0006073004333302379
YDL149W,YJL108C,2.5723250196563185e-09
YDL149W,YBR200W,0.005352219566702843
YDL149W,YIL026C,1.8754779951279943e-09
YDL149W,YJR076C,0.00017518743698019534
YDL149W,YKR031C,0.18357470631599426
YDL149W,YPL192C,3.029888603123254e-06
YDL149W,YHR107C,0.000927878194488585
YDL149W,YIL037C,6.190379735926399e-06
YDL149W,YPL156C,0.006418704986572266
YDL149W,YIL117C,1.6136537939193119e-10
YDL149W,YHR066W,2.9285287302810437e-13
YDL149W,YML085C,0.0009454479441046715
YDL149W,YML047C,0.10347907245159149
YDL149W,YDR312W,0.9799990653991699
YDL149W,YFL037W,5.501425403053872e-05
YDL149W,YDL038C,0.2020167112350464
YDL149W,YDL039C,2.2124836684955795e-10
YDL149W,YCL027W,5.564679828040653e-09
YDL149W,YML124C,0.04050401970744133
YDL149W,YGL053W,9.44793464441318e-06
YDL149W,YMR232W,0.001184317166917026
YDL149W,YNL298W,2.670828225248556e-09
YDL149W,YGL099W,1.1954910672518082e-10
YDL149W,YBL016W,0.0006377897225320339
YDL149W,YAL041W,9.471039952302363e-09
YDL149W,YDR085C,6.407799446606077e-07
YDL149W,YPL187W,9.149817401521432e-07
YDL149W,YPL256C,0.07695895433425903
YDL149W,YDR461W,2.3759063293160576e-12
YDL149W,YNL145W,5.050508455894942e-09
YKL221W,YDL165W,5.008822800967039e-10
YKL221W,YGR059W,6.501080056231512e-13
YKL221W,YBR109C,9.818692733865042e-12
YKL221W,YJL080C,1.8008527611843017e-12
YKL221W,YCR093W,1.5861696400776282e-09
YKL221W,YIL122W,1.937250772243715e-06
YKL221W,YCL029C,2.4413007422910415e-14
YKL221W,YNL173C,4.331274488372783e-12
YKL221W,YLR452C,3.859810604467384e-08
YKL221W,YDL160C,8.849443474900909e-06
YKL221W,YLR229C,0.14672759175300598
YKL221W,YML057W,0.49702009558677673
YKL221W,YER149C,0.005483038257807493
YKL221W,YMR305C,0.0003922305768355727
YKL221W,YLR433C,7.012783316895366e-05
YKL221W,YJL073W,2.7006565225323372e-17
YKL221W,YGR279C,8.542371671138582e-11
YKL221W,YKL190W,2.984236016345676e-05
YKL221W,YGL089C,2.495534631696183e-19
YKL221W,YJL019W,5.884472464856572e-09
YKL221W,YJL018W,0.000728502229321748
YKL221W,YNR032C-A,1.1882556805176137e-07
YKL221W,YGL178W,0.05069858580827713
YKL221W,YKL116C,1.6475183717279407e-10
YKL221W,YDL214C,8.841717402674476e-08
YKL221W,YLR362W,5.029401108913589e-07
YKL221W,YER068W,0.0024308457504957914
YKL221W,YHR084W,5.1653933041961864e-05
YKL221W,YDR392W,6.319144318922554e-08
YKL221W,YNL053W,0.28920379281044006
YKL221W,YGR040W,0.000390379223972559
YKL221W,YDL216C,5.059909381088801e-05
YKL221W,YOL117W,3.2855764402484056e-06
YKL221W,YJR086W,2.0971148428916564e-11
YKL221W,YMR025W,5.7440193046431887e-08
YKL221W,YBR081C,2.2524888620978345e-09
YKL221W,YFL026W,9.104936680159881e-07
YKL221W,YHL007C,3.608516610520418e-11
YKL221W,YNR044W,2.954545198008418e-05
YKL221W,YNL271C,1.1323743920337346e-16
YKL221W,YDR200C,6.547463016204347e-08
YKL221W,YKL178C,3.3992222597589716e-05
YKL221W,YOR212W,4.705808429017987e-15
YKL221W,YOL111C,3.854284946758213e-12
YKL221W,YGL032C,8.459589907923448e-13
YKL221W,YHR005C,1.6880498776572495e-07
YKL221W,YDR103W,4.4032603341293e-08
YKL221W,YJR084W,1.8846615379430887e-09
YKL221W,YCL032W,2.6435411655256758e-06
YKL221W,YJL170C,2.626430095631349e-08
YKL221W,YDR179C,2.5737049210577956e-12
YKL221W,YBR095C,1.051079934200061e-07
YKL221W,YLL021W,3.8642483657369553e-10
YKL221W,YDL159W,2.075481191062517e-17
YKL221W,YNL161W,1.055471031755073e-12
YKL221W,YNL188W,1.1181424675044127e-09
YKL221W,YJL157C,1.0767827740565394e-09
YKL221W,YJL034W,1.0307698271316834e-11
YKL221W,YLR238W,1.665548341606149e-12
YKL221W,YPR141C,2.9127961624908494e-06
YKL221W,YNL127W,1.4577178168977828e-13
YKL221W,YCL055W,1.9498988289880632e-16
YKL221W,YPR122W,3.4515261759793248e-09
YKL221W,YMR065W,2.9719204874822935e-08
YKL221W,YDR356W,7.886731545614367e-11
YKL221W,YMR052W,3.1242246567586562e-09
YKL221W,YFR008W,0.00011745964002329856
YKL221W,YLL043W,7.057818912636904e-11
YKL221W,YMR029C,0.00022313959198072553
YKL221W,YJR004C,2.1603958622051778e-09
YKL221W,YDL223C,1.3753281846717869e-09
YKL221W,YHR158C,1.022768869596291e-09
YKL221W,YGR238C,7.417163033096585e-06
YKL221W,YIL015W,4.7613614440056296e-11
YKL221W,YGL173C,4.529241294081582e-13
YKL221W,YDL225W,2.9805757861822713e-09
YKL221W,YLR330W,0.5480313301086426
YKL221W,YBR129C,1.2373804238186015e-13
YKL221W,YKR095W-A,0.2020167112350464
YKL221W,YPR075C,0.00010030742851085961
YKL221W,YMR198W,0.004815633408725262
YKL221W,YOR127W,1.7407108998668264e-06
YKL221W,YDR264C,3.198467268816785e-08
YKL221W,YLR110C,1.2578015072626375e-13
YKL221W,YDR379W,0.06320667266845703
YKL221W,YDL100C,3.28119953083017e-12
YKL221W,YHR073W,2.988591152330855e-09
YKL221W,YJR090C,2.630675011161543e-09
YKL221W,YOR208W,1.56289814867705e-07
YKL221W,YBR040W,0.020446404814720154
YKL221W,YNL279W,6.023343282479665e-12
YKL221W,YER075C,1.0363295638304848e-10
YKL221W,YCR089W,2.5500562514935154e-06
YKL221W,YCR002C,3.700268980111332e-10
YKL221W,YJL108C,0.004042118322104216
YKL221W,YBR200W,3.205349941026725e-08
YKL221W,YIL026C,0.0004568952426780015
YKL221W,YJR076C,2.332865101095649e-08
YKL221W,YKR031C,1.0829504049070238e-07
YKL221W,YPL192C,2.858809864392242e-07
YKL221W,YHR107C,1.3416997547699427e-12
YKL221W,YIL037C,2.302224260120056e-07
YKL221W,YPL156C,0.892672061920166
YKL221W,YIL117C,5.517518957276479e-07
YKL221W,YHR066W,2.62972611587816e-17
YKL221W,YML085C,3.1834611850930714e-14
YKL221W,YML047C,1.0319738663611133e-07
YKL221W,YDR312W,3.4254965299029567e-16
YKL221W,YFL037W,6.338306546282979e-10
YKL221W,YDL038C,0.2020167112350464
YKL221W,YDL039C,0.0003214466560166329
YKL221W,YCL027W,1.226551944455423e-06
YKL221W,YML124C,2.527154874254478e-10
YKL221W,YGL053W,9.9944053033596e-10
YKL221W,YMR232W,0.025769254192709923
YKL221W,YNL298W,5.753596497015678e-07
YKL221W,YGL099W,3.0543652390326672e-18
YKL221W,YBL016W,1.5790667662329838e-09
YKL221W,YAL041W,8.01136934569513e-08
YKL221W,YDR085C,0.2230597734451294
YKL221W,YPL187W,2.924447350949322e-10
YKL221W,YPL256C,1.7679107031653984e-06
YKL221W,YDR461W,2.701422245621199e-11
YKL221W,YNL145W,8.536732085118182e-12
YFR005C,YDL165W,0.8125504851341248
YFR005C,YGR059W,4.525260374754758e-13
YFR005C,YBR109C,7.200524123618379e-06
YFR005C,YJL080C,1.079516209756548e-06
YFR005C,YCR093W,0.011326578445732594
YFR005C,YIL122W,7.511142749438982e-12
YFR005C,YCL029C,2.2025811317759848e-17
YFR005C,YNL173C,5.4547177569475025e-05
YFR005C,YLR452C,0.07905129343271255
YFR005C,YDL160C,6.231093419017952e-11
YFR005C,YLR229C,5.154609539204102e-07
YFR005C,YML057W,9.873488693301624e-09
YFR005C,YER149C,1.1133186490042135e-05
YFR005C,YMR305C,0.0011445207055658102
YFR005C,YLR433C,2.306292046228009e-09
YFR005C,YJL073W,4.977661660632293e-07
YFR005C,YGR279C,0.3064938485622406
YFR005C,YKL190W,1.4797443327552173e-05
YFR005C,YGL089C,0.43090882897377014
YFR005C,YJL019W,5.839516804134748e-12
YFR005C,YJL018W,0.0004938400234095752
YFR005C,YNR032C-A,0.15235865116119385
YFR005C,YGL178W,1.8848491890821606e-05
YFR005C,YKL116C,3.537289217092621e-08
YFR005C,YDL214C,9.584944928064942e-05
YFR005C,YLR362W,4.4058229065058185e-08
YFR005C,YER068W,7.685884151342748e-10
YFR005C,YHR084W,2.563834459579084e-05
YFR005C,YDR392W,0.18447273969650269
YFR005C,YNL053W,2.7054895213041164e-08
YFR005C,YGR040W,2.2767725482708556e-09
YFR005C,YDL216C,0.010937935672700405
YFR005C,YOL117W,4.6356792182677964e-08
YFR005C,YJR086W,3.891014455081887e-10
YFR005C,YMR025W,2.836438722786383e-11
YFR005C,YBR081C,0.7152981162071228
YFR005C,YFL026W,4.882921075477498e-06
YFR005C,YHL007C,4.418222454560805e-10
YFR005C,YNR044W,9.846613102126867e-05
YFR005C,YNL271C,0.0001286967599298805
YFR005C,YDR200C,0.00017083872808143497
YFR005C,YKL178C,0.0006698520737700164
YFR005C,YOR212W,0.28956177830696106
YFR005C,YOL111C,2.3125555514980078e-07
YFR005C,YGL032C,8.612349120085128e-06
YFR005C,YHR005C,0.06352437287569046
YFR005C,YDR103W,0.28071895241737366
YFR005C,YJR084W,1.9176461137249134e-05
YFR005C,YCL032W,0.7921292781829834
YFR005C,YJL170C,0.0006361839477904141
YFR005C,YDR179C,1.6750928858856964e-16
YFR005C,YBR095C,3.385296849955921e-06
YFR005C,YLL021W,0.00014864672266412526
YFR005C,YDL159W,7.644239730097979e-08
YFR005C,YNL161W,1.0202317071161815e-06
YFR005C,YNL188W,0.01170206069946289
YFR005C,YJL157C,5.8485905896077384e-08
YFR005C,YJL034W,4.9684860392584795e-11
YFR005C,YLR238W,0.01576632633805275
YFR005C,YPR141C,0.5658971667289734
YFR005C,YNL127W,8.687920174943464e-12
YFR005C,YCL055W,5.870055960408016e-13
YFR005C,YPR122W,1.7286459979004576e-06
YFR005C,YMR065W,0.05443468689918518
YFR005C,YDR356W,5.846512067364529e-05
YFR005C,YMR052W,2.436040915654303e-07
YFR005C,YFR008W,1.9098895791103132e-05
YFR005C,YLL043W,3.3352964237565175e-05
YFR005C,YMR029C,0.0004168100713286549
YFR005C,YJR004C,7.640680088627505e-09
YFR005C,YDL223C,4.905994925222647e-15
YFR005C,YHR158C,1.2232153778768406e-07
YFR005C,YGR238C,8.397496586987074e-11
YFR005C,YIL015W,1.0501537417439977e-08
YFR005C,YGL173C,7.132220508632159e-11
YFR005C,YDL225W,7.964966357576486e-07
YFR005C,YLR330W,9.66547304415144e-08
YFR005C,YBR129C,0.0014250421663746238
YFR005C,YKR095W-A,0.2020167112350464
YFR005C,YPR075C,8.25825523520507e-08
YFR005C,YMR198W,0.08712171763181686
YFR005C,YOR127W,0.06508122384548187
YFR005C,YDR264C,8.465663370316179e-08
YFR005C,YLR110C,0.0015691021690145135
YFR005C,YDR379W,2.3120494234418754e-12
YFR005C,YDL100C,1.0220477633993141e-05
YFR005C,YHR073W,4.286907824280206e-06
YFR005C,YJR090C,3.6517553780868184e-06
YFR005C,YOR208W,2.599649349122046e-07
YFR005C,YBR040W,0.013453274965286255
YFR005C,YNL279W,0.19902746379375458
YFR005C,YER075C,7.814195123501122e-05
YFR005C,YCR089W,1.8849768967932334e-10
YFR005C,YCR002C,0.8468208909034729
YFR005C,YJL108C,2.058173009800157e-08
YFR005C,YBR200W,4.95770646757876e-10
YFR005C,YIL026C,0.0001109692093450576
YFR005C,YJR076C,0.0001687824260443449
YFR005C,YKR031C,0.003386002965271473
YFR005C,YPL192C,0.0012379527324810624
YFR005C,YHR107C,0.6673905253410339
YFR005C,YIL037C,0.000316314137307927
YFR005C,YPL156C,1.270590132662619e-06
YFR005C,YIL117C,0.005367421079427004
YFR005C,YHR066W,5.356022590421681e-17
YFR005C,YML085C,0.00015062111197039485
YFR005C,YML047C,0.8573321104049683
YFR005C,YDR312W,7.247021471812332e-08
YFR005C,YFL037W,0.00014099423424340785
YFR005C,YDL038C,0.2020167112350464
YFR005C,YDL039C,3.0619986546298605e-08
YFR005C,YCL027W,2.2588001076778025e-13
YFR005C,YML124C,1.0259403097734321e-05
YFR005C,YGL053W,3.424856842570989e-08
YFR005C,YMR232W,2.8628365456029314e-08
YFR005C,YNL298W,2.0649634346198154e-12
YFR005C,YGL099W,7.961019066193842e-10
YFR005C,YBL016W,0.0017181645380333066
YFR005C,YAL041W,3.648938502465171e-07
YFR005C,YDR085C,1.785317310654122e-10
YFR005C,YPL187W,0.06500331312417984
YFR005C,YPL256C,0.00019143459212500602
YFR005C,YDR461W,1.2249270184838679e-05
YFR005C,YNL145W,1.6624495401629247e-05
YCL032W,YDL165W,0.9998941421508789
YCL032W,YGR059W,9.07020948943682e-05
YCL032W,YBR109C,0.9989179372787476
YCL032W,YJL080C,0.9999969005584717
YCL032W,YCR093W,0.9997928738594055
YCL032W,YIL122W,0.9978932738304138
YCL032W,YCL029C,0.0005325662204995751
YCL032W,YNL173C,0.9676240682601929
YCL032W,YLR452C,0.9999974966049194
YCL032W,YDL160C,0.9980733394622803
YCL032W,YLR229C,0.9998646974563599
YCL032W,YML057W,0.0006415946409106255
YCL032W,YER149C,0.9998107552528381
YCL032W,YMR305C,0.9994422793388367
YCL032W,YLR433C,0.9999446868896484
YCL032W,YJL073W,7.36898302794442e-12
YCL032W,YGR279C,0.9997095465660095
YCL032W,YKL190W,0.9978479146957397
YCL032W,YGL089C,0.9951837658882141
YCL032W,YJL019W,0.9912717938423157
YCL032W,YJL018W,0.039390336722135544
YCL032W,YNR032C-A,0.9999783039093018
YCL032W,YGL178W,0.9999350309371948
YCL032W,YKL116C,2.9382083432949457e-09
YCL032W,YDL214C,0.9981817007064819
YCL032W,YLR362W,0.9978455305099487
YCL032W,YER068W,4.1608241851953665e-10
YCL032W,YHR084W,0.0009149283287115395
YCL032W,YDR392W,0.9993271827697754
YCL032W,YNL053W,0.9999897480010986
YCL032W,YGR040W,0.9997081160545349
YCL032W,YDL216C,0.9981175661087036
YCL032W,YOL117W,0.9999617338180542
YCL032W,YJR086W,0.9979664087295532
YCL032W,YMR025W,0.9999761581420898
YCL032W,YBR081C,0.9995313882827759
YCL032W,YFL026W,0.003747778944671154
YCL032W,YHL007C,0.9983092546463013
YCL032W,YNR044W,0.9961150884628296
YCL032W,YNL271C,0.9992200136184692
YCL032W,YDR200C,0.9999672174453735
YCL032W,YKL178C,0.9999788999557495
YCL032W,YOR212W,0.9999463558197021
YCL032W,YOL111C,1.6502550352015533e-05
YCL032W,YGL032C,8.60182480799665e-10
YCL032W,YHR005C,0.9989757537841797
YCL032W,YDR103W,0.9972634315490723
YCL032W,YJR084W,0.999735414981842
YCL032W,YJL170C,0.9881793260574341
YCL032W,YDR179C,8.252189154234202e-09
YCL032W,YBR095C,0.9975805282592773
YCL032W,YLL021W,0.9946901798248291
YCL032W,YDL159W,2.0136625607847236e-05
YCL032W,YNL161W,0.9974976181983948
YCL032W,YNL188W,0.9932102560997009
YCL032W,YJL157C,0.7269845604896545
YCL032W,YJL034W,4.269544787161017e-12
YCL032W,YLR238W,0.9996651411056519
YCL032W,YPR141C,0.9972435235977173
YCL032W,YNL127W,0.9997286200523376
YCL032W,YCL055W,0.9533447027206421
YCL032W,YPR122W,0.9997739195823669
YCL032W,YMR065W,0.9987861514091492
YCL032W,YDR356W,0.9998999834060669
YCL032W,YMR052W,0.9999270439147949
YCL032W,YFR008W,0.9864770174026489
YCL032W,YLL043W,0.9920670986175537
YCL032W,YMR029C,0.9997654557228088
YCL032W,YJR004C,0.0035511490423232317
YCL032W,YDL223C,0.02816079743206501
YCL032W,YHR158C,0.9552801251411438
YCL032W,YGR238C,9.237353424396133e-07
YCL032W,YIL015W,0.9996960163116455
YCL032W,YGL173C,0.9998379945755005
YCL032W,YDL225W,0.9996562004089355
YCL032W,YLR330W,1.647112307656684e-11
YCL032W,YBR129C,0.9863065481185913
YCL032W,YKR095W-A,0.2020167112350464
YCL032W,YPR075C,0.0004961569793522358
YCL032W,YMR198W,0.999997615814209
YCL032W,YOR127W,0.9999105930328369
YCL032W,YDR264C,0.981590747833252
YCL032W,YLR110C,0.9998452663421631
YCL032W,YDR379W,0.9997665286064148
YCL032W,YDL100C,0.9997053742408752
YCL032W,YHR073W,0.9993441700935364
YCL032W,YJR090C,0.9995056390762329
YCL032W,YOR208W,0.9999508857727051
YCL032W,YBR040W,0.9999165534973145
YCL032W,YNL279W,0.9970909357070923
YCL032W,YER075C,0.9962940812110901
YCL032W,YCR089W,0.001311657833866775
YCL032W,YCR002C,0.9997010231018066
YCL032W,YJL108C,0.9998908042907715
YCL032W,YBR200W,0.00016085273819044232
YCL032W,YIL026C,0.9768911004066467
YCL032W,YJR076C,0.9984147548675537
YCL032W,YKR031C,0.9967544674873352
YCL032W,YPL192C,0.9918212890625
YCL032W,YHR107C,0.988541841506958
YCL032W,YIL037C,8.729371074878145e-06
YCL032W,YPL156C,0.9999806880950928
YCL032W,YIL117C,0.9996175765991211
YCL032W,YHR066W,1.2272700217197396e-11
YCL032W,YML085C,0.9991638660430908
YCL032W,YML047C,0.9996310472488403
YCL032W,YDR312W,0.9989442229270935
YCL032W,YFL037W,0.9956681728363037
YCL032W,YDL038C,0.2020167112350464
YCL032W,YDL039C,1.1208060521350482e-11
YCL032W,YCL027W,0.9976927042007446
YCL032W,YML124C,0.0010096729965880513
YCL032W,YGL053W,0.9999959468841553
YCL032W,YMR232W,0.9876714944839478
YCL032W,YNL298W,0.9963163137435913
YCL032W,YGL099W,0.961488664150238
YCL032W,YBL016W,2.9576474602777125e-08
YCL032W,YAL041W,0.9999258518218994
YCL032W,YDR085C,0.999961256980896
YCL032W,YPL187W,0.9937618374824524
YCL032W,YPL256C,0.18642063438892365
YCL032W,YDR461W,7.768874432656503e-11
YCL032W,YNL145W,1.0583013576592748e-08
YDR204W,YDL165W,0.6577438116073608
YDR204W,YGR059W,5.740924393649038e-07
YDR204W,YBR109C,0.1468762457370758
YDR204W,YJL080C,8.470103693980491e-07
YDR204W,YCR093W,8.450162567896768e-06
YDR204W,YIL122W,0.9194857478141785
YDR204W,YCL029C,1.6591507681629203e-11
YDR204W,YNL173C,1.7466392819187604e-05
YDR204W,YLR452C,0.08410044014453888
YDR204W,YDL160C,1.1774117410823237e-05
YDR204W,YLR229C,0.00019723843433894217
YDR204W,YML057W,2.795044196091112e-10
YDR204W,YER149C,0.9999818801879883
YDR204W,YMR305C,0.21725566685199738
YDR204W,YLR433C,0.004725538194179535
YDR204W,YJL073W,5.311301566912369e-17
YDR204W,YGR279C,0.3307565152645111
YDR204W,YKL190W,0.8379654288291931
YDR204W,YGL089C,0.01491259690374136
YDR204W,YJL019W,0.14755631983280182
YDR204W,YJL018W,0.002375643001869321
YDR204W,YNR032C-A,0.8192678689956665
YDR204W,YGL178W,1.4756855459818752e-10
YDR204W,YKL116C,1.3166981283063706e-08
YDR204W,YDL214C,0.9760358929634094
YDR204W,YLR362W,5.3487601689994335e-06
YDR204W,YER068W,1.5297360600463605e-10
YDR204W,YHR084W,2.030512737116741e-11
YDR204W,YDR392W,3.746055199371767e-07
YDR204W,YNL053W,0.0003595523303374648
YDR204W,YGR040W,0.26380211114883423
YDR204W,YDL216C,3.054879584851733e-07
YDR204W,YOL117W,6.404182499863964e-07
YDR204W,YJR086W,3.592161306187336e-07
YDR204W,YMR025W,0.0025995627511292696
YDR204W,YBR081C,5.9817612054757774e-05
YDR204W,YFL026W,0.07242608815431595
YDR204W,YHL007C,1.080428724264948e-08
YDR204W,YNR044W,0.9998980760574341
YDR204W,YNL271C,0.02095748297870159
YDR204W,YDR200C,0.05582918971776962
YDR204W,YKL178C,0.03730103000998497
YDR204W,YOR212W,1.3506680261343718e-05
YDR204W,YOL111C,1.4830648353836295e-07
YDR204W,YGL032C,1.1368301784386858e-05
YDR204W,YHR005C,0.9997726082801819
YDR204W,YDR103W,0.1804712861776352
YDR204W,YJR084W,1.4731258488609456e-06
YDR204W,YCL032W,0.0018342407420277596
YDR204W,YJL170C,8.846819582686294e-06
YDR204W,YDR179C,2.7907743390537254e-12
YDR204W,YBR095C,2.861540338017221e-07
YDR204W,YLL021W,0.00031091863638721406
YDR204W,YDL159W,0.00015397396055050194
YDR204W,YNL161W,0.1860605925321579
YDR204W,YNL188W,2.4645012672408484e-05
YDR204W,YJL157C,1.4765230054239464e-12
YDR204W,YJL034W,4.595337036784365e-14
YDR204W,YLR238W,0.018993912264704704
YDR204W,YPR141C,4.8680981308280025e-06
YDR204W,YNL127W,0.07577360421419144
YDR204W,YCL055W,0.003681785427033901
YDR204W,YPR122W,0.0003045102348551154
YDR204W,YMR065W,0.9871598482131958
YDR204W,YDR356W,5.373508304984398e-10
YDR204W,YMR052W,0.01880115456879139
YDR204W,YFR008W,9.38598532229662e-06
YDR204W,YLL043W,7.165725151025981e-07
YDR204W,YMR029C,0.14750827848911285
YDR204W,YJR004C,0.22646217048168182
YDR204W,YDL223C,6.398819668573807e-11
YDR204W,YHR158C,0.001167876529507339
YDR204W,YGR238C,4.346396963228472e-06
YDR204W,YIL015W,5.028604209655896e-05
YDR204W,YGL173C,0.9824621677398682
YDR204W,YDL225W,0.0011101707350462675
YDR204W,YLR330W,3.469758524943245e-08
YDR204W,YBR129C,0.0029638486448675394
YDR204W,YKR095W-A,0.2020167112350464
YDR204W,YPR075C,1.9084011455561267e-06
YDR204W,YMR198W,8.886900104698725e-07
YDR204W,YOR127W,1.6647200027364306e-06
YDR204W,YDR264C,0.02982080914080143
YDR204W,YLR110C,3.6392216884451045e-07
YDR204W,YDR379W,0.02223092131316662
YDR204W,YDL100C,0.012727733701467514
YDR204W,YHR073W,0.00021694766473956406
YDR204W,YJR090C,0.12330430746078491
YDR204W,YOR208W,5.830330107592374e-10
YDR204W,YBR040W,0.9979666471481323
YDR204W,YNL279W,0.03569610044360161
YDR204W,YER075C,0.9195903539657593
YDR204W,YCR089W,0.8283736109733582
YDR204W,YCR002C,0.00661624176427722
YDR204W,YJL108C,0.9999818801879883
YDR204W,YBR200W,4.353526321665413e-07
YDR204W,YIL026C,1.5017478460777056e-07
YDR204W,YJR076C,0.7866557836532593
YDR204W,YKR031C,0.0005681176553480327
YDR204W,YPL192C,5.172239980311133e-05
YDR204W,YHR107C,0.010418102145195007
YDR204W,YIL037C,0.04853126406669617
YDR204W,YPL156C,0.9998706579208374
YDR204W,YIL117C,0.00525750732049346
YDR204W,YHR066W,1.1858224969320098e-23
YDR204W,YML085C,1.2098767854240577e-07
YDR204W,YML047C,0.0474337674677372
YDR204W,YDR312W,0.022472701966762543
YDR204W,YFL037W,7.234705662995111e-06
YDR204W,YDL038C,0.2020167112350464
YDR204W,YDL039C,2.0783627263654125e-08
YDR204W,YCL027W,0.9992751479148865
YDR204W,YML124C,5.088864327262854e-06
YDR204W,YGL053W,9.140162404719376e-09
YDR204W,YMR232W,0.2203405201435089
YDR204W,YNL298W,0.0044761160388588905
YDR204W,YGL099W,5.71606308499789e-19
YDR204W,YBL016W,0.00016469205729663372
YDR204W,YAL041W,0.347044438123703
YDR204W,YDR085C,8.329394063366635e-08
YDR204W,YPL187W,0.0019709302578121424
YDR204W,YPL256C,0.009055876173079014
YDR204W,YDR461W,5.7167383715750475e-08
YDR204W,YNL145W,0.0005600115982815623
YFL004W,YDL165W,5.176783020033326e-07
YFL004W,YGR059W,2.1699191332658074e-09
YFL004W,YBR109C,0.0014666449278593063
YFL004W,YJL080C,1.6202509436223287e-17
YFL004W,YCR093W,0.0009597340249456465
YFL004W,YIL122W,2.823302793331095e-06
YFL004W,YCL029C,1.4958902738726465e-07
YFL004W,YNL173C,0.0014093327336013317
YFL004W,YLR452C,0.0015286883572116494
YFL004W,YDL160C,0.8879696130752563
YFL004W,YLR229C,6.417253950452562e-10
YFL004W,YML057W,4.5819426475190994e-08
YFL004W,YER149C,3.716329274539021e-06
YFL004W,YMR305C,2.7514454452303176e-16
YFL004W,YLR433C,0.0017464460106566548
YFL004W,YJL073W,1.6915315427468158e-05
YFL004W,YGR279C,3.7862560309243065e-10
YFL004W,YKL190W,4.731623981513167e-10
YFL004W,YGL089C,0.0005908371531404555
YFL004W,YJL019W,4.226568307785783e-06
YFL004W,YJL018W,0.00026836819597519934
YFL004W,YNR032C-A,4.8024030547821894e-06
YFL004W,YGL178W,4.0680887991584314e-07
YFL004W,YKL116C,0.3439207375049591
YFL004W,YDL214C,5.608417836810986e-07
YFL004W,YLR362W,9.864400851711252e-08
YFL004W,YER068W,6.606666715924803e-07
YFL004W,YHR084W,1.9393322503447052e-08
YFL004W,YDR392W,7.780918514751003e-14
YFL004W,YNL053W,0.06784843653440475
YFL004W,YGR040W,6.938468133377285e-10
YFL004W,YDL216C,1.0225772939520539e-06
YFL004W,YOL117W,4.60931369161699e-06
YFL004W,YJR086W,1.286868289880616e-13
YFL004W,YMR025W,1.6182533727260306e-05
YFL004W,YBR081C,0.0008367239497601986
YFL004W,YFL026W,1.5645158782717772e-05
YFL004W,YHL007C,3.619488708750396e-08
YFL004W,YNR044W,0.0014343125512823462
YFL004W,YNL271C,9.369345299603538e-09
YFL004W,YDR200C,4.85507424194398e-12
YFL004W,YKL178C,0.9405093789100647
YFL004W,YOR212W,3.55521151504945e-05
YFL004W,YOL111C,0.0002287412207806483
YFL004W,YGL032C,6.266431817891771e-11
YFL004W,YHR005C,1.3506873074220493e-05
YFL004W,YDR103W,8.719991342331923e-07
YFL004W,YJR084W,2.2879336825099017e-07
YFL004W,YCL032W,9.554597564520595e-12
YFL004W,YJL170C,0.0006675670156255364
YFL004W,YDR179C,3.9071241901555975e-13
YFL004W,YBR095C,2.0729151728460238e-08
YFL004W,YLL021W,0.00040980707854032516
YFL004W,YDL159W,5.991263735127816e-11
YFL004W,YNL161W,0.9883807897567749
YFL004W,YNL188W,0.0029198285192251205
YFL004W,YJL157C,3.458236008668791e-08
YFL004W,YJL034W,6.864286482971549e-12
YFL004W,YLR238W,1.5016318855032296e-07
YFL004W,YPR141C,8.061974767770153e-06
YFL004W,YNL127W,0.02602514438331127
YFL004W,YCL055W,1.506084705908921e-19
YFL004W,YPR122W,1.4219974673324032e-06
YFL004W,YMR065W,1.4961507076804992e-05
YFL004W,YDR356W,0.00042711483547464013
YFL004W,YMR052W,9.640782096254075e-12
YFL004W,YFR008W,4.1636845082848595e-09
YFL004W,YLL043W,0.001754633616656065
YFL004W,YMR029C,2.6820350385037273e-08
YFL004W,YJR004C,5.500326583085524e-11
YFL004W,YDL223C,6.80048373169484e-08
YFL004W,YHR158C,1.9962235455750488e-06
YFL004W,YGR238C,0.001321817166171968
YFL004W,YIL015W,0.0033551014494150877
YFL004W,YGL173C,0.002919925609603524
YFL004W,YDL225W,5.036389083556969e-08
YFL004W,YLR330W,6.612297056562966e-06
YFL004W,YBR129C,0.6867969036102295
YFL004W,YKR095W-A,0.2020167112350464
YFL004W,YPR075C,7.939878816269966e-14
YFL004W,YMR198W,4.6327315317284956e-07
YFL004W,YOR127W,3.0642611818620935e-05
YFL004W,YDR264C,1.0570506248086531e-08
YFL004W,YLR110C,5.592127871878461e-10
YFL004W,YDR379W,3.864986522902996e-17
YFL004W,YDL100C,2.74303962790462e-13
YFL004W,YHR073W,2.7099813504349868e-09
YFL004W,YJR090C,0.0017287813825532794
YFL004W,YOR208W,4.6796762376288825e-07
YFL004W,YBR040W,0.5882903933525085
YFL004W,YNL279W,0.10039079189300537
YFL004W,YER075C,0.002783374860882759
YFL004W,YCR089W,5.497890379047021e-05
YFL004W,YCR002C,5.553840165539725e-10
YFL004W,YJL108C,0.0026193696539849043
YFL004W,YBR200W,3.438910667341588e-08
YFL004W,YIL026C,4.812617589777801e-06
YFL004W,YJR076C,0.02005155384540558
YFL004W,YKR031C,0.023783383890986443
YFL004W,YPL192C,7.6129479566589e-05
YFL004W,YHR107C,0.003707355121150613
YFL004W,YIL037C,0.00013019435573369265
YFL004W,YPL156C,1.3491077144323071e-09
YFL004W,YIL117C,1.1184855828714385e-17
YFL004W,YHR066W,1.951064041350037e-05
YFL004W,YML085C,2.2037104372429894e-06
YFL004W,YML047C,0.002538967877626419
YFL004W,YDR312W,0.000796188076492399
YFL004W,YFL037W,1.0946969268843532e-06
YFL004W,YDL038C,0.2020167112350464
YFL004W,YDL039C,1.8806305471241735e-11
YFL004W,YCL027W,1.4079188925819608e-09
YFL004W,YML124C,9.845753218997561e-16
YFL004W,YGL053W,3.586560493040736e-10
YFL004W,YMR232W,2.947939115038878e-11
YFL004W,YNL298W,2.6893742788303143e-09
YFL004W,YGL099W,9.595782103133388e-06
YFL004W,YBL016W,0.0001100655208574608
YFL004W,YAL041W,1.0733358646319857e-09
YFL004W,YDR085C,9.339109990718058e-15
YFL004W,YPL187W,0.7691725492477417
YFL004W,YPL256C,1.1434189417514062e-07
YFL004W,YDR461W,3.57952834040276e-10
YFL004W,YNL145W,1.2994239365071714e-11
YOL018C,YDL165W,0.0012647482799366117
YOL018C,YGR059W,1.229355461873638e-06
YOL018C,YBR109C,1.3745600426773308e-06
YOL018C,YJL080C,9.4299774152512e-13
YOL018C,YCR093W,1.6214199982655941e-09
YOL018C,YIL122W,0.6222854256629944
YOL018C,YCL029C,1.4962277250507583e-10
YOL018C,YNL173C,5.24187804273879e-10
YOL018C,YLR452C,1.4144581339525786e-11
YOL018C,YDL160C,0.993729829788208
YOL018C,YLR229C,6.310011485766154e-06
YOL018C,YML057W,5.560390481385014e-10
YOL018C,YER149C,3.4883495914073137e-07
YOL018C,YMR305C,6.568783850191551e-10
YOL018C,YLR433C,0.0004846018855459988
YOL018C,YJL073W,0.00013360536831896752
YOL018C,YGR279C,1.5945414588713902e-07
YOL018C,YKL190W,5.291311026667245e-05
YOL018C,YGL089C,0.0003351692284923047
YOL018C,YJL019W,0.0007246019667945802
YOL018C,YJL018W,0.0009204894886352122
YOL018C,YNR032C-A,0.10089274495840073
YOL018C,YGL178W,3.4423578654241282e-06
YOL018C,YKL116C,9.97399585145331e-09
YOL018C,YDL214C,1.8391956473351456e-05
YOL018C,YLR362W,9.034865797730163e-06
YOL018C,YER068W,1.984110349440016e-05
YOL018C,YHR084W,2.8545905639276725e-09
YOL018C,YDR392W,6.233378813114143e-10
YOL018C,YNL053W,6.06736161312682e-10
YOL018C,YGR040W,4.3318550135840184e-11
YOL018C,YDL216C,1.7761724535603207e-08
YOL018C,YOL117W,4.86242834085715e-06
YOL018C,YJR086W,0.006683572195470333
YOL018C,YMR025W,0.0032405713573098183
YOL018C,YBR081C,8.524011354893446e-05
YOL018C,YFL026W,0.0011672743130475283
YOL018C,YHL007C,9.834340062297997e-07
YOL018C,YNR044W,2.1475581729601956e-12
YOL018C,YNL271C,1.899671769933775e-05
YOL018C,YDR200C,1.0370823991245892e-11
YOL018C,YKL178C,0.005114947445690632
YOL018C,YOR212W,1.3514475540432613e-05
YOL018C,YOL111C,5.3295538121611585e-11
YOL018C,YGL032C,1.1940760487050284e-05
YOL018C,YHR005C,3.435578710409004e-09
YOL018C,YDR103W,2.679558929230552e-05
YOL018C,YJR084W,1.897796551020292e-06
YOL018C,YCL032W,0.01618710719048977
YOL018C,YJL170C,1.380795366934251e-09
YOL018C,YDR179C,2.8153293030186433e-09
YOL018C,YBR095C,0.10885153710842133
YOL018C,YLL021W,0.09452705085277557
YOL018C,YDL159W,5.416019629306268e-12
YOL018C,YNL161W,7.748141069896519e-05
YOL018C,YNL188W,4.36564499828318e-12
YOL018C,YJL157C,1.9136577122935705e-07
YOL018C,YJL034W,2.274073494845652e-06
YOL018C,YLR238W,0.004249545745551586
YOL018C,YPR141C,0.019094090908765793
YOL018C,YNL127W,3.8411469560628575e-09
YOL018C,YCL055W,5.846496203831819e-11
YOL018C,YPR122W,0.0006435936084017158
YOL018C,YMR065W,1.4539091708343221e-08
YOL018C,YDR356W,0.014716537669301033
YOL018C,YMR052W,1.8189036055105134e-08
YOL018C,YFR008W,0.00014304147043731064
YOL018C,YLL043W,1.9953365608671447e-06
YOL018C,YMR029C,5.004545187148324e-07
YOL018C,YJR004C,0.00015001639258116484
YOL018C,YDL223C,1.814681581890909e-06
YOL018C,YHR158C,0.0002484633296262473
YOL018C,YGR238C,1.5756925222376594e-06
YOL018C,YIL015W,1.4499705685011577e-06
YOL018C,YGL173C,6.892635351363197e-09
YOL018C,YDL225W,5.936104585657631e-08
YOL018C,YLR330W,1.8982494509600656e-07
YOL018C,YBR129C,3.1824624784349e-06
YOL018C,YKR095W-A,0.2020167112350464
YOL018C,YPR075C,2.7811764002905193e-09
YOL018C,YMR198W,0.020051511004567146
YOL018C,YOR127W,1.7515183969862846e-07
YOL018C,YDR264C,1.4551915228366852e-06
YOL018C,YLR110C,8.882072854987655e-10
YOL018C,YDR379W,4.36970859496455e-09
YOL018C,YDL100C,0.8252311944961548
YOL018C,YHR073W,5.829232208043322e-09
YOL018C,YJR090C,0.0003104500356130302
YOL018C,YOR208W,2.5381662917267622e-12
YOL018C,YBR040W,8.464536222163588e-06
YOL018C,YNL279W,3.4155431954951965e-11
YOL018C,YER075C,0.0001357274450128898
YOL018C,YCR089W,1.5541838820354315e-06
YOL018C,YCR002C,0.018297430127859116
YOL018C,YJL108C,0.0002438458614051342
YOL018C,YBR200W,9.924645232430116e-15
YOL018C,YIL026C,0.9154008626937866
YOL018C,YJR076C,2.0009122181363637e-06
YOL018C,YKR031C,0.008481701835989952
YOL018C,YPL192C,2.9057716233182873e-07
YOL018C,YHR107C,5.738997610471586e-10
YOL018C,YIL037C,0.0013392618857324123
YOL018C,YPL156C,2.1821085738338297e-07
YOL018C,YIL117C,0.0004722598532680422
YOL018C,YHR066W,1.0219239903353373e-14
YOL018C,YML085C,0.0002500796690583229
YOL018C,YML047C,7.99725508038307e-10
YOL018C,YDR312W,6.452909815379826e-07
YOL018C,YFL037W,0.0768708661198616
YOL018C,YDL038C,0.2020167112350464
YOL018C,YDL039C,1.5375129162949904e-19
YOL018C,YCL027W,2.56789923526457e-12
YOL018C,YML124C,0.00013724715972784907
YOL018C,YGL053W,0.22002577781677246
YOL018C,YMR232W,1.6425379953943775e-06
YOL018C,YNL298W,1.254347070656081e-09
YOL018C,YGL099W,5.098893854880993e-13
YOL018C,YBL016W,0.00017507972370367497
YOL018C,YAL041W,1.72597583514289e-06
YOL018C,YDR085C,0.08559564501047134
YOL018C,YPL187W,0.0031235062051564455
YOL018C,YPL256C,2.509408154362236e-13
YOL018C,YDR461W,2.872034201573115e-05
YOL018C,YNL145W,1.559839688525244e-07
YPL153C,YDL165W,6.701388599594793e-08
YPL153C,YGR059W,2.515460441939593e-13
YPL153C,YBR109C,2.900171595932033e-11
YPL153C,YJL080C,2.229313261770116e-10
YPL153C,YCR093W,3.052051016430579e-12
YPL153C,YIL122W,5.376264527191466e-18
YPL153C,YCL029C,5.215198412011901e-11
YPL153C,YNL173C,2.2250299798026165e-15
YPL153C,YLR452C,0.0007177311345003545
YPL153C,YDL160C,1.2496778611925663e-10
YPL153C,YLR229C,4.4522127651269727e-10
YPL153C,YML057W,1.3501441515413296e-18
YPL153C,YER149C,0.013614475727081299
YPL153C,YMR305C,1.0889883128584188e-07
YPL153C,YLR433C,2.2370301167029538e-07
YPL153C,YJL073W,3.665390522655798e-06
YPL153C,YGR279C,1.303828139204155e-11
YPL153C,YKL190W,4.4901845797085116e-08
YPL153C,YGL089C,0.0002856481005437672
YPL153C,YJL019W,3.711135999201476e-12
YPL153C,YJL018W,0.2020167112350464
YPL153C,YNR032C-A,0.05679431930184364
YPL153C,YGL178W,1.322597540820425e-06
YPL153C,YKL116C,2.2854010350847886e-12
YPL153C,YDL214C,4.993532343178231e-07
YPL153C,YLR362W,1.9451076695986558e-06
YPL153C,YER068W,0.00016382343892473727
YPL153C,YHR084W,6.346817826852202e-05
YPL153C,YDR392W,1.2197542780499615e-13
YPL153C,YNL053W,1.6098032195460688e-12
YPL153C,YGR040W,8.055265858333859e-16
YPL153C,YDL216C,0.00010084921814268455
YPL153C,YOL117W,6.87137638455404e-11
YPL153C,YJR086W,1.9559884040145498e-13
YPL153C,YMR025W,5.2788481919030517e-11
YPL153C,YBR081C,5.098683075743793e-08
YPL153C,YFL026W,2.3529212000994448e-07
YPL153C,YHL007C,6.875674074535709e-08
YPL153C,YNR044W,1.903494251109805e-09
YPL153C,YNL271C,0.00017176519031636417
YPL153C,YDR200C,3.7770876243304816e-14
YPL153C,YKL178C,0.0032600301783531904
YPL153C,YOR212W,1.564229822059726e-11
YPL153C,YOL111C,7.717740118096117e-06
YPL153C,YGL032C,7.124378385015007e-07
YPL153C,YHR005C,3.626640437612294e-12
YPL153C,YDR103W,5.498839716899795e-10
YPL153C,YJR084W,1.0488184756449193e-12
YPL153C,YCL032W,6.06100116410429e-17
YPL153C,YJL170C,2.8065253571650517e-13
YPL153C,YDR179C,8.776858157943934e-05
YPL153C,YBR095C,6.503898016262414e-16
YPL153C,YLL021W,7.664144163754827e-07
YPL153C,YDL159W,5.2957553897670095e-09
YPL153C,YNL161W,3.893733779847253e-09
YPL153C,YNL188W,0.02717491053044796
YPL153C,YJL157C,0.0016252680215984583
YPL153C,YJL034W,8.989006921420622e-16
YPL153C,YLR238W,3.2161417490772157e-15
YPL153C,YPR141C,8.046187956363415e-13
YPL153C,YNL127W,6.034610144922681e-09
YPL153C,YCL055W,0.006201230455189943
YPL153C,YPR122W,4.818672544315561e-11
YPL153C,YMR065W,0.08874956518411636
YPL153C,YDR356W,1.091912622541713e-07
YPL153C,YMR052W,3.081511434910311e-10
YPL153C,YFR008W,6.654535127381678e-07
YPL153C,YLL043W,1.5520450915573747e-06
YPL153C,YMR029C,8.003980811466249e-11
YPL153C,YJR004C,1.6965002203050972e-07
YPL153C,YDL223C,2.9154979923611424e-17
YPL153C,YHR158C,1.1418443790489619e-07
YPL153C,YGR238C,1.42185342610901e-07
YPL153C,YIL015W,2.3745218641124666e-05
YPL153C,YGL173C,1.1663154437461382e-13
YPL153C,YDL225W,2.189331181623455e-11
YPL153C,YLR330W,5.735399052201777e-17
YPL153C,YBR129C,3.7307959246390965e-06
YPL153C,YKR095W-A,0.2020167112350464
YPL153C,YPR075C,5.685545693268068e-05
YPL153C,YMR198W,1.0097418901011679e-08
YPL153C,YOR127W,4.340571138072846e-07
YPL153C,YDR264C,1.1303311175936415e-08
YPL153C,YLR110C,2.425494461632654e-16
YPL153C,YDR379W,3.2625491712678922e-06
YPL153C,YDL100C,2.5743751574935914e-10
YPL153C,YHR073W,1.6172155281601874e-10
YPL153C,YJR090C,7.66264705021058e-08
YPL153C,YOR208W,5.3253955911714e-07
YPL153C,YBR040W,0.33535051345825195
YPL153C,YNL279W,3.967894068868105e-10
YPL153C,YER075C,6.340014806482941e-06
YPL153C,YCR089W,3.9502458921113204e-14
YPL153C,YCR002C,2.3186662659324675e-11
YPL153C,YJL108C,1.2969552515285088e-11
YPL153C,YBR200W,1.9681936009874335e-06
YPL153C,YIL026C,3.738415355059033e-09
YPL153C,YJR076C,1.4162506237203054e-11
YPL153C,YKR031C,1.1640925094980048e-06
YPL153C,YPL192C,1.0713941946960404e-06
YPL153C,YHR107C,3.1749746243516766e-16
YPL153C,YIL037C,3.903111341074794e-12
YPL153C,YPL156C,2.4636521711585146e-09
YPL153C,YIL117C,1.7537779513077112e-06
YPL153C,YHR066W,0.2860296666622162
YPL153C,YML085C,1.4468112397025834e-07
YPL153C,YML047C,2.851146928151138e-05
YPL153C,YDR312W,2.43668273469666e-06
YPL153C,YFL037W,8.468069978562198e-08
YPL153C,YDL038C,0.2020167112350464
YPL153C,YDL039C,2.673378141082594e-08
YPL153C,YCL027W,4.103558524093387e-07
YPL153C,YML124C,5.105519340631304e-10
YPL153C,YGL053W,1.192053454644043e-13
YPL153C,YMR232W,0.7633374929428101
YPL153C,YNL298W,2.4671906878603878e-11
YPL153C,YGL099W,0.00016091471479739994
YPL153C,YBL016W,7.105352818701643e-14
YPL153C,YAL041W,2.2033221469541786e-08
YPL153C,YDR085C,3.1193939098450585e-10
YPL153C,YPL187W,0.1709841638803482
YPL153C,YPL256C,0.06528148800134659
YPL153C,YDR461W,1.343992191843446e-12
YPL153C,YNL145W,2.3594884379640746e-10
YIL146C,YDL165W,1.6300517183330358e-14
YIL146C,YGR059W,2.8970643592418632e-11
YIL146C,YBR109C,5.735635568271391e-05
YIL146C,YJL080C,2.4931740699729588e-12
YIL146C,YCR093W,1.627154522232388e-09
YIL146C,YIL122W,2.202693999420191e-10
YIL146C,YCL029C,1.6068506388747933e-14
YIL146C,YNL173C,0.9996955394744873
YIL146C,YLR452C,4.806688824743333e-09
YIL146C,YDL160C,1.5098651495737414e-10
YIL146C,YLR229C,8.424066999523916e-10
YIL146C,YML057W,3.806984594234564e-08
YIL146C,YER149C,2.9041006044394635e-08
YIL146C,YMR305C,6.796637990191812e-07
YIL146C,YLR433C,0.0083748959004879
YIL146C,YJL073W,4.085840503906653e-16
YIL146C,YGR279C,9.331289874126014e-08
YIL146C,YKL190W,6.866130570415407e-05
YIL146C,YGL089C,0.8107625246047974
YIL146C,YJL019W,4.327878944110353e-09
YIL146C,YJL018W,0.08009668439626694
YIL146C,YNR032C-A,0.40931013226509094
YIL146C,YGL178W,1.455959131035911e-09
YIL146C,YKL116C,1.978234649868682e-05
YIL146C,YDL214C,6.731580626251343e-09
YIL146C,YLR362W,0.011656367219984531
YIL146C,YER068W,2.1936678818931798e-13
YIL146C,YHR084W,5.303025574221465e-08
YIL146C,YDR392W,2.452069202263374e-05
YIL146C,YNL053W,5.3515737619136416e-08
YIL146C,YGR040W,3.4451264063761755e-09
YIL146C,YDL216C,8.166131659770315e-10
YIL146C,YOL117W,0.029781077057123184
YIL146C,YJR086W,6.237582965695765e-07
YIL146C,YMR025W,2.540790319471853e-06
YIL146C,YBR081C,0.765598475933075
YIL146C,YFL026W,4.735915215547948e-09
YIL146C,YHL007C,2.5492463500385865e-13
YIL146C,YNR044W,0.00033092257217504084
YIL146C,YNL271C,0.0014989245682954788
YIL146C,YDR200C,0.9428404569625854
YIL146C,YKL178C,1.813209337342414e-06
YIL146C,YOR212W,5.258945020614192e-05
YIL146C,YOL111C,2.7371720889846074e-08
YIL146C,YGL032C,2.0410623619682156e-05
YIL146C,YHR005C,1.2824608996292453e-12
YIL146C,YDR103W,1.6222932330833828e-08
YIL146C,YJR084W,1.740520201565232e-05
YIL146C,YCL032W,7.512811484033932e-10
YIL146C,YJL170C,0.9829263687133789
YIL146C,YDR179C,1.3830508960310794e-10
YIL146C,YBR095C,2.647244627951295e-07
YIL146C,YLL021W,1.0894220636714635e-08
YIL146C,YDL159W,2.9165579673584574e-11
YIL146C,YNL161W,3.466984139777196e-07
YIL146C,YNL188W,4.619257754079342e-10
YIL146C,YJL157C,8.775504767299935e-08
YIL146C,YJL034W,2.3079923658090394e-19
YIL146C,YLR238W,1.1149027159262914e-06
YIL146C,YPR141C,1.969723449830093e-14
YIL146C,YNL127W,6.882430170662701e-06
YIL146C,YCL055W,2.3527205184059596e-10
YIL146C,YPR122W,2.0110697732889093e-05
YIL146C,YMR065W,0.08848113566637039
YIL146C,YDR356W,0.0031117540784180164
YIL146C,YMR052W,1.4713155906065367e-05
YIL146C,YFR008W,3.866111210603382e-15
YIL146C,YLL043W,5.1771458231542056e-09
YIL146C,YMR029C,1.1636181085350472e-07
YIL146C,YJR004C,0.032171666622161865
YIL146C,YDL223C,9.449568239006112e-09
YIL146C,YHR158C,1.793945216377324e-06
YIL146C,YGR238C,2.988110315280991e-14
YIL146C,YIL015W,0.0003056807036045939
YIL146C,YGL173C,2.72539346042322e-05
YIL146C,YDL225W,0.0001670552883297205
YIL146C,YLR330W,9.254732979968594e-09
YIL146C,YBR129C,1.8060060256175348e-06
YIL146C,YKR095W-A,0.2020167112350464
YIL146C,YPR075C,3.368875013620709e-06
YIL146C,YMR198W,3.448886332080292e-07
YIL146C,YOR127W,0.028928229585289955
YIL146C,YDR264C,2.4710549162421103e-09
YIL146C,YLR110C,4.693423818480369e-07
YIL146C,YDR379W,0.0018222774378955364
YIL146C,YDL100C,2.3560862462412846e-12
YIL146C,YHR073W,3.544374976627296e-06
YIL146C,YJR090C,3.688860328310284e-10
YIL146C,YOR208W,3.888062110490864e-06
YIL146C,YBR040W,0.011757724918425083
YIL146C,YNL279W,0.007349119987338781
YIL146C,YER075C,0.0005595452967099845
YIL146C,YCR089W,0.000299681763863191
YIL146C,YCR002C,0.561416745185852
YIL146C,YJL108C,0.9392709136009216
YIL146C,YBR200W,3.3893511499627493e-06
YIL146C,YIL026C,6.692367605865002e-05
YIL146C,YJR076C,1.6847105143824592e-05
YIL146C,YKR031C,0.30209386348724365
YIL146C,YPL192C,0.007005354389548302
YIL146C,YHR107C,4.396790131977468e-08
YIL146C,YIL037C,0.00019265779701527208
YIL146C,YPL156C,0.8320362567901611
YIL146C,YIL117C,9.182531957030449e-10
YIL146C,YHR066W,1.4741898170233553e-20
YIL146C,YML085C,5.094956574691611e-13
YIL146C,YML047C,0.0049174935556948185
YIL146C,YDR312W,3.673666810755094e-07
YIL146C,YFL037W,2.200072762859051e-11
YIL146C,YDL038C,0.2020167112350464
YIL146C,YDL039C,7.78204235806542e-15
YIL146C,YCL027W,7.556733908131719e-05
YIL146C,YML124C,3.7482197885759893e-16
YIL146C,YGL053W,5.0598810048541054e-05
YIL146C,YMR232W,1.1310964509902988e-05
YIL146C,YNL298W,2.022503764465e-07
YIL146C,YGL099W,2.572868993411248e-07
YIL146C,YBL016W,6.945312380768343e-14
YIL146C,YAL041W,3.4944634990097256e-06
YIL146C,YDR085C,3.560024237209136e-12
YIL146C,YPL187W,0.0018822253914549947
YIL146C,YPL256C,2.849202205887206e-15
YIL146C,YDR461W,1.2057549611199647e-05
YIL146C,YNL145W,7.498112916150268e-13
tE(UUC)E3,YDL165W,0.2020167112350464
tE(UUC)E3,YGR059W,0.2020167112350464
tE(UUC)E3,YBR109C,0.2020167112350464
tE(UUC)E3,YJL080C,0.2020167112350464
tE(UUC)E3,YCR093W,0.2020167112350464
tE(UUC)E3,YIL122W,0.2020167112350464
tE(UUC)E3,YCL029C,0.2020167112350464
tE(UUC)E3,YNL173C,0.2020167112350464
tE(UUC)E3,YLR452C,0.2020167112350464
tE(UUC)E3,YDL160C,0.2020167112350464
tE(UUC)E3,YLR229C,0.2020167112350464
tE(UUC)E3,YML057W,0.2020167112350464
tE(UUC)E3,YER149C,0.2020167112350464
tE(UUC)E3,YMR305C,0.2020167112350464
tE(UUC)E3,YLR433C,0.2020167112350464
tE(UUC)E3,YJL073W,0.2020167112350464
tE(UUC)E3,YGR279C,0.2020167112350464
tE(UUC)E3,YKL190W,0.2020167112350464
tE(UUC)E3,YGL089C,0.2020167112350464
tE(UUC)E3,YJL019W,0.2020167112350464
tE(UUC)E3,YJL018W,0.2020167112350464
tE(UUC)E3,YNR032C-A,0.2020167112350464
tE(UUC)E3,YGL178W,0.2020167112350464
tE(UUC)E3,YKL116C,0.2020167112350464
tE(UUC)E3,YDL214C,0.2020167112350464
tE(UUC)E3,YLR362W,0.2020167112350464
tE(UUC)E3,YER068W,0.2020167112350464
tE(UUC)E3,YHR084W,0.2020167112350464
tE(UUC)E3,YDR392W,0.2020167112350464
tE(UUC)E3,YNL053W,0.2020167112350464
tE(UUC)E3,YGR040W,0.2020167112350464
tE(UUC)E3,YDL216C,0.2020167112350464
tE(UUC)E3,YOL117W,0.2020167112350464
tE(UUC)E3,YJR086W,0.2020167112350464
tE(UUC)E3,YMR025W,0.2020167112350464
tE(UUC)E3,YBR081C,0.2020167112350464
tE(UUC)E3,YFL026W,0.2020167112350464
tE(UUC)E3,YHL007C,0.2020167112350464
tE(UUC)E3,YNR044W,0.2020167112350464
tE(UUC)E3,YNL271C,0.2020167112350464
tE(UUC)E3,YDR200C,0.2020167112350464
tE(UUC)E3,YKL178C,0.2020167112350464
tE(UUC)E3,YOR212W,0.2020167112350464
tE(UUC)E3,YOL111C,0.2020167112350464
tE(UUC)E3,YGL032C,0.2020167112350464
tE(UUC)E3,YHR005C,0.2020167112350464
tE(UUC)E3,YDR103W,0.2020167112350464
tE(UUC)E3,YJR084W,0.2020167112350464
tE(UUC)E3,YCL032W,0.2020167112350464
tE(UUC)E3,YJL170C,0.2020167112350464
tE(UUC)E3,YDR179C,0.2020167112350464
tE(UUC)E3,YBR095C,0.2020167112350464
tE(UUC)E3,YLL021W,0.2020167112350464
tE(UUC)E3,YDL159W,0.2020167112350464
tE(UUC)E3,YNL161W,0.2020167112350464
tE(UUC)E3,YNL188W,0.2020167112350464
tE(UUC)E3,YJL157C,0.2020167112350464
tE(UUC)E3,YJL034W,0.2020167112350464
tE(UUC)E3,YLR238W,0.2020167112350464
tE(UUC)E3,YPR141C,0.2020167112350464
tE(UUC)E3,YNL127W,0.2020167112350464
tE(UUC)E3,YCL055W,0.2020167112350464
tE(UUC)E3,YPR122W,0.2020167112350464
tE(UUC)E3,YMR065W,0.2020167112350464
tE(UUC)E3,YDR356W,0.2020167112350464
tE(UUC)E3,YMR052W,0.2020167112350464
tE(UUC)E3,YFR008W,0.2020167112350464
tE(UUC)E3,YLL043W,0.2020167112350464
tE(UUC)E3,YMR029C,0.2020167112350464
tE(UUC)E3,YJR004C,0.2020167112350464
tE(UUC)E3,YDL223C,0.2020167112350464
tE(UUC)E3,YHR158C,0.2020167112350464
tE(UUC)E3,YGR238C,0.2020167112350464
tE(UUC)E3,YIL015W,0.2020167112350464
tE(UUC)E3,YGL173C,0.2020167112350464
tE(UUC)E3,YDL225W,0.2020167112350464
tE(UUC)E3,YLR330W,0.2020167112350464
tE(UUC)E3,YBR129C,0.2020167112350464
tE(UUC)E3,YKR095W-A,0.2020167112350464
tE(UUC)E3,YPR075C,0.2020167112350464
tE(UUC)E3,YMR198W,0.2020167112350464
tE(UUC)E3,YOR127W,0.2020167112350464
tE(UUC)E3,YDR264C,0.2020167112350464
tE(UUC)E3,YLR110C,0.2020167112350464
tE(UUC)E3,YDR379W,0.2020167112350464
tE(UUC)E3,YDL100C,0.2020167112350464
tE(UUC)E3,YHR073W,0.2020167112350464
tE(UUC)E3,YJR090C,0.2020167112350464
tE(UUC)E3,YOR208W,0.2020167112350464
tE(UUC)E3,YBR040W,0.2020167112350464
tE(UUC)E3,YNL279W,0.2020167112350464
tE(UUC)E3,YER075C,0.2020167112350464
tE(UUC)E3,YCR089W,0.2020167112350464
tE(UUC)E3,YCR002C,0.2020167112350464
tE(UUC)E3,YJL108C,0.2020167112350464
tE(UUC)E3,YBR200W,0.2020167112350464
tE(UUC)E3,YIL026C,0.2020167112350464
tE(UUC)E3,YJR076C,0.2020167112350464
tE(UUC)E3,YKR031C,0.2020167112350464
tE(UUC)E3,YPL192C,0.2020167112350464
tE(UUC)E3,YHR107C,0.2020167112350464
tE(UUC)E3,YIL037C,0.2020167112350464
tE(UUC)E3,YPL156C,0.2020167112350464
tE(UUC)E3,YIL117C,0.2020167112350464
tE(UUC)E3,YHR066W,0.2020167112350464
tE(UUC)E3,YML085C,0.2020167112350464
tE(UUC)E3,YML047C,0.2020167112350464
tE(UUC)E3,YDR312W,0.2020167112350464
tE(UUC)E3,YFL037W,0.2020167112350464
tE(UUC)E3,YDL038C,0.2020167112350464
tE(UUC)E3,YDL039C,0.2020167112350464
tE(UUC)E3,YCL027W,0.2020167112350464
tE(UUC)E3,YML124C,0.2020167112350464
tE(UUC)E3,YGL053W,0.2020167112350464
tE(UUC)E3,YMR232W,0.2020167112350464
tE(UUC)E3,YNL298W,0.2020167112350464
tE(UUC)E3,YGL099W,0.2020167112350464
tE(UUC)E3,YBL016W,0.2020167112350464
tE(UUC)E3,YAL041W,0.2020167112350464
tE(UUC)E3,YDR085C,0.2020167112350464
tE(UUC)E3,YPL187W,0.2020167112350464
tE(UUC)E3,YPL256C,0.2020167112350464
tE(UUC)E3,YDR461W,0.2020167112350464
tE(UUC)E3,YNL145W,0.2020167112350464
YNL145W,YDL165W,0.00015654246089980006
YNL145W,YGR059W,1.7262906112591736e-05
YNL145W,YBR109C,0.8561177253723145
YNL145W,YJL080C,9.162147034658119e-05
YNL145W,YCR093W,0.6231021881103516
YNL145W,YIL122W,0.9905598759651184
YNL145W,YCL029C,4.4795142457587644e-06
YNL145W,YNL173C,0.07451267540454865
YNL145W,YLR452C,0.9998224377632141
YNL145W,YDL160C,0.0014795961324125528
YNL145W,YLR229C,0.04748580604791641
YNL145W,YML057W,3.4967001516506e-11
YNL145W,YER149C,0.5089912414550781
YNL145W,YMR305C,6.03202024649363e-05
YNL145W,YLR433C,0.7181954979896545
YNL145W,YJL073W,0.00580966891720891
YNL145W,YGR279C,0.00015773317136336118
YNL145W,YKL190W,4.8780152610561345e-06
YNL145W,YGL089C,1.2243492442109982e-08
YNL145W,YJL019W,1.1251611340412637e-06
YNL145W,YJL018W,0.0005000607925467193
YNL145W,YNR032C-A,0.0029419369529932737
YNL145W,YGL178W,1.987102677958319e-06
YNL145W,YKL116C,0.0003372548962943256
YNL145W,YDL214C,0.23461461067199707
YNL145W,YLR362W,3.2393031688116025e-06
YNL145W,YER068W,4.944325504574465e-10
YNL145W,YHR084W,0.8773314356803894
YNL145W,YDR392W,5.367521893617777e-08
YNL145W,YNL053W,0.00011737981549231336
YNL145W,YGR040W,9.34297622734448e-06
YNL145W,YDL216C,0.5002996325492859
YNL145W,YOL117W,8.746284834160178e-07
YNL145W,YJR086W,0.9869792461395264
YNL145W,YMR025W,2.755387584763014e-10
YNL145W,YBR081C,0.020550085231661797
YNL145W,YFL026W,0.0635489672422409
YNL145W,YHL007C,0.0004409581597428769
YNL145W,YNR044W,1.7696092982077971e-06
YNL145W,YNL271C,3.141533170492039e-06
YNL145W,YDR200C,4.983419785276055e-05
YNL145W,YKL178C,6.569992905269828e-08
YNL145W,YOR212W,0.002934736665338278
YNL145W,YOL111C,1.5233123790148184e-11
YNL145W,YGL032C,3.432784296819591e-07
YNL145W,YHR005C,0.003889016341418028
YNL145W,YDR103W,0.9923958778381348
YNL145W,YJR084W,6.131365080364048e-05
YNL145W,YCL032W,1.0583013576592748e-08
YNL145W,YJL170C,0.951365053653717
YNL145W,YDR179C,6.422957085305825e-06
YNL145W,YBR095C,3.88977859984152e-05
YNL145W,YLL021W,5.772943154624954e-07
YNL145W,YDL159W,7.458129669402069e-10
YNL145W,YNL161W,0.0006469023646786809
YNL145W,YNL188W,3.345507337826348e-08
YNL145W,YJL157C,0.9999984502792358
YNL145W,YJL034W,5.33243920131099e-08
YNL145W,YLR238W,0.002594222314655781
YNL145W,YPR141C,8.160553989000618e-06
YNL145W,YNL127W,1.7303742438912195e-08
YNL145W,YCL055W,0.5762567520141602
YNL145W,YPR122W,0.0015222476795315742
YNL145W,YMR065W,0.002152402885258198
YNL145W,YDR356W,7.032358029235297e-10
YNL145W,YMR052W,0.8300260901451111
YNL145W,YFR008W,2.791954557324061e-06
YNL145W,YLL043W,0.9960072636604309
YNL145W,YMR029C,0.027145156636834145
YNL145W,YJR004C,2.053790467471117e-06
YNL145W,YDL223C,2.4943813681232996e-09
YNL145W,YHR158C,2.8849223357441112e-11
YNL145W,YGR238C,0.00036076418473385274
YNL145W,YIL015W,3.003178107974236e-06
YNL145W,YGL173C,1.6764806431979196e-08
YNL145W,YDL225W,0.00014909572200849652
YNL145W,YLR330W,1.5114141049821228e-08
YNL145W,YBR129C,7.260618772875205e-09
YNL145W,YKR095W-A,0.2020167112350464
YNL145W,YPR075C,3.780041210599272e-11
YNL145W,YMR198W,0.9163913726806641
YNL145W,YOR127W,0.7035641670227051
YNL145W,YDR264C,4.4884373551212775e-08
YNL145W,YLR110C,1.0344861038902309e-06
YNL145W,YDR379W,0.020134717226028442
YNL145W,YDL100C,0.13128410279750824
YNL145W,YHR073W,0.5755483508110046
YNL145W,YJR090C,1.0290584668837255e-06
YNL145W,YOR208W,2.1712973818921455e-07
YNL145W,YBR040W,0.740925669670105
YNL145W,YNL279W,0.9730411171913147
YNL145W,YER075C,0.2027972936630249
YNL145W,YCR089W,0.0020273940172046423
YNL145W,YCR002C,0.08378484845161438
YNL145W,YJL108C,1.7865374957182212e-07
YNL145W,YBR200W,0.0003702568355947733
YNL145W,YIL026C,1.6891377185856982e-10
YNL145W,YJR076C,0.249054417014122
YNL145W,YKR031C,2.00464746740181e-05
YNL145W,YPL192C,0.2724188268184662
YNL145W,YHR107C,1.151504875451792e-05
YNL145W,YIL037C,0.00116354925557971
YNL145W,YPL156C,1.5753920479255612e-06
YNL145W,YIL117C,7.475974839188382e-10
YNL145W,YHR066W,2.982070100188139e-06
YNL145W,YML085C,8.058342064032331e-05
YNL145W,YML047C,0.0004962903913110495
YNL145W,YDR312W,2.3280317407170514e-07
YNL145W,YFL037W,9.293309267377481e-05
YNL145W,YDL038C,0.2020167112350464
YNL145W,YDL039C,1.0878655899823793e-14
YNL145W,YCL027W,3.3811210187195684e-07
YNL145W,YML124C,1.721156536405033e-06
YNL145W,YGL053W,1.5737582543806639e-06
YNL145W,YMR232W,0.09879577159881592
YNL145W,YNL298W,0.004283422138541937
YNL145W,YGL099W,0.0026914081536233425
YNL145W,YBL016W,2.2814995759290468e-07
YNL145W,YAL041W,7.874454240663908e-06
YNL145W,YDR085C,0.9831241369247437
YNL145W,YPL187W,0.00030463101575151086
YNL145W,YPL256C,8.42742394979723e-07
YNL145W,YDR461W,6.66549454519938e-11
YML092C,YDL165W,2.570372571470553e-13
YML092C,YGR059W,4.9709390249896845e-12
YML092C,YBR109C,1.1742681826909518e-10
YML092C,YJL080C,8.107907945031911e-08
YML092C,YCR093W,1.4129872738521954e-07
YML092C,YIL122W,2.014604660871555e-06
YML092C,YCL029C,1.6167381561120464e-13
YML092C,YNL173C,0.0029101655818521976
YML092C,YLR452C,1.2381566605323968e-10
YML092C,YDL160C,0.05449649691581726
YML092C,YLR229C,2.0856492260242637e-16
YML092C,YML057W,1.0416445093142102e-06
YML092C,YER149C,7.538736301881954e-10
YML092C,YMR305C,2.486208217078456e-08
YML092C,YLR433C,4.867197844760085e-07
YML092C,YJL073W,4.974168299476389e-10
YML092C,YGR279C,2.3355862383001025e-11
YML092C,YKL190W,1.896850898575053e-09
YML092C,YGL089C,1.5759404448090208e-07
YML092C,YJL019W,4.057245650557206e-09
YML092C,YJL018W,0.007385218515992165
YML092C,YNR032C-A,0.6209401488304138
YML092C,YGL178W,5.188030744516083e-16
YML092C,YKL116C,2.3913133964944536e-20
YML092C,YDL214C,0.9928720593452454
YML092C,YLR362W,1.479022682104869e-09
YML092C,YER068W,3.389866078812309e-12
YML092C,YHR084W,6.515392609110493e-13
YML092C,YDR392W,7.749993424788215e-10
YML092C,YNL053W,0.7444602847099304
YML092C,YGR040W,2.351702278247103e-05
YML092C,YDL216C,0.030578531324863434
YML092C,YOL117W,4.260689820512198e-05
YML092C,YJR086W,3.692776084918137e-09
YML092C,YMR025W,6.967350600461941e-06
YML092C,YBR081C,3.1183108148979954e-06
YML092C,YFL026W,0.0004510880680754781
YML092C,YHL007C,4.228958502827673e-11
YML092C,YNR044W,7.877711677428678e-11
YML092C,YNL271C,0.004274529404938221
YML092C,YDR200C,2.6205638136919673e-13
YML092C,YKL178C,3.5609393762570107e-06
YML092C,YOR212W,9.192326899665204e-10
YML092C,YOL111C,3.404968251796703e-10
YML092C,YGL032C,3.184858488047837e-10
YML092C,YHR005C,1.318301154004664e-12
YML092C,YDR103W,0.9977095127105713
YML092C,YJR084W,3.892198195687424e-12
YML092C,YCL032W,0.5091994404792786
YML092C,YJL170C,5.332967574489533e-12
YML092C,YDR179C,1.0694696495674089e-20
YML092C,YBR095C,6.798875773483815e-08
YML092C,YLL021W,2.6072326519965827e-09
YML092C,YDL159W,5.383510859324758e-10
YML092C,YNL161W,6.873279971841839e-07
YML092C,YNL188W,9.539825818194458e-09
YML092C,YJL157C,1.7287927564209244e-17
YML092C,YJL034W,5.115904300870603e-16
YML092C,YLR238W,8.898322079176069e-09
YML092C,YPR141C,1.2778826391154907e-12
YML092C,YNL127W,1.900811548694037e-05
YML092C,YCL055W,1.8224517450704525e-09
YML092C,YPR122W,5.597318875061319e-08
YML092C,YMR065W,7.520810640926356e-07
YML092C,YDR356W,8.110123683735537e-11
YML092C,YMR052W,9.533779666526243e-05
YML092C,YFR008W,0.00045309739653021097
YML092C,YLL043W,2.669821164147379e-08
YML092C,YMR029C,3.587320804854244e-07
YML092C,YJR004C,5.037816796684372e-17
YML092C,YDL223C,6.92990993365547e-14
YML092C,YHR158C,4.097533770619499e-11
YML092C,YGR238C,2.2163597179769567e-07
YML092C,YIL015W,3.0700733066879593e-09
YML092C,YGL173C,1.1644673577393405e-05
YML092C,YDL225W,0.00012333692575339228
YML092C,YLR330W,0.09006834775209427
YML092C,YBR129C,4.8168066757448e-11
YML092C,YKR095W-A,0.2020167112350464
YML092C,YPR075C,3.4144456151352642e-09
YML092C,YMR198W,8.015156538476731e-09
YML092C,YOR127W,4.467377493710956e-06
YML092C,YDR264C,0.5282451510429382
YML092C,YLR110C,8.94837315357222e-10
YML092C,YDR379W,6.714000466701009e-09
YML092C,YDL100C,8.145623758837317e-11
YML092C,YHR073W,4.513463908173421e-11
YML092C,YJR090C,8.36255648062334e-11
YML092C,YOR208W,4.16572598638254e-09
YML092C,YBR040W,2.265046344929189e-10
YML092C,YNL279W,2.1543304740134772e-07
YML092C,YER075C,7.162897190937656e-07
YML092C,YCR089W,6.172025113215795e-10
YML092C,YCR002C,4.2085491081841995e-16
YML092C,YJL108C,5.694097415798183e-10
YML092C,YBR200W,2.662781071194331e-06
YML092C,YIL026C,2.9715212690462067e-07
YML092C,YJR076C,4.297099565064855e-09
YML092C,YKR031C,9.502715556664043e-07
YML092C,YPL192C,0.8878175616264343
YML092C,YHR107C,3.649976987318837e-09
YML092C,YIL037C,4.748440574076085e-07
YML092C,YPL156C,1.577971531219191e-08
YML092C,YIL117C,2.6019391502485334e-11
YML092C,YHR066W,2.644250538894948e-18
YML092C,YML085C,2.7574655891982047e-09
YML092C,YML047C,7.146085945208824e-10
YML092C,YDR312W,3.294856287539005e-05
YML092C,YFL037W,1.690135832177475e-06
YML092C,YDL038C,0.2020167112350464
YML092C,YDL039C,5.224422240310278e-13
YML092C,YCL027W,4.295022790756775e-06
YML092C,YML124C,1.2279540821398104e-14
YML092C,YGL053W,7.418927339131187e-07
YML092C,YMR232W,5.847856920926375e-11
YML092C,YNL298W,1.3029835827182978e-05
YML092C,YGL099W,1.4408979787106091e-08
YML092C,YBL016W,2.455524499012096e-11
YML092C,YAL041W,0.2577756941318512
YML092C,YDR085C,0.0015689937863498926
YML092C,YPL187W,0.01699826866388321
YML092C,YPL256C,2.870515375960961e-14
YML092C,YDR461W,4.3103466396132717e-07
YML092C,YNL145W,1.7247922201590882e-08
YEL009C,YDL165W,2.5746154272659853e-14
YEL009C,YGR059W,2.936006548992509e-09
YEL009C,YBR109C,2.745590599317893e-08
YEL009C,YJL080C,3.449018143569099e-13
YEL009C,YCR093W,0.0023031290620565414
YEL009C,YIL122W,0.0032343133352696896
YEL009C,YCL029C,3.131052014881952e-11
YEL009C,YNL173C,4.665133612746786e-09
YEL009C,YLR452C,4.708209807128122e-17
YEL009C,YDL160C,5.503432431996913e-11
YEL009C,YLR229C,1.4093046174501467e-10
YEL009C,YML057W,3.0014777922078643e-17
YEL009C,YER149C,4.125967123513874e-09
YEL009C,YMR305C,9.728807343067913e-11
YEL009C,YLR433C,3.4602531950866933e-09
YEL009C,YJL073W,1.7162687981908675e-07
YEL009C,YGR279C,9.364631466113327e-12
YEL009C,YKL190W,1.0200643600910553e-06
YEL009C,YGL089C,1.1883503903131754e-10
YEL009C,YJL019W,1.3927476175012998e-05
YEL009C,YJL018W,0.05094457417726517
YEL009C,YNR032C-A,0.01753348484635353
YEL009C,YGL178W,1.6275253714170823e-11
YEL009C,YKL116C,4.434676909546853e-14
YEL009C,YDL214C,1.5749517956464842e-07
YEL009C,YLR362W,1.1909172314972238e-07
YEL009C,YER068W,1.7201111859321827e-06
YEL009C,YHR084W,1.0530052714117707e-13
YEL009C,YDR392W,9.64859192542633e-10
YEL009C,YNL053W,6.6722456552870124e-12
YEL009C,YGR040W,9.019098797580227e-05
YEL009C,YDL216C,9.371667886171053e-09
YEL009C,YOL117W,0.016894666478037834
YEL009C,YJR086W,2.2452180360125334e-13
YEL009C,YMR025W,6.222616311113427e-10
YEL009C,YBR081C,0.13035722076892853
YEL009C,YFL026W,7.197049911353666e-22
YEL009C,YHL007C,6.5889748839254025e-06
YEL009C,YNR044W,0.9759171605110168
YEL009C,YNL271C,1.6843836325719508e-09
YEL009C,YDR200C,9.672689038620064e-11
YEL009C,YKL178C,1.289037654395031e-09
YEL009C,YOR212W,1.1436753942600427e-22
YEL009C,YOL111C,2.5797289651685595e-13
YEL009C,YGL032C,2.7632955809190125e-19
YEL009C,YHR005C,4.084056399733527e-06
YEL009C,YDR103W,0.7153602838516235
YEL009C,YJR084W,8.071870949422078e-10
YEL009C,YCL032W,3.187460874670006e-13
YEL009C,YJL170C,0.002361320424824953
YEL009C,YDR179C,0.23010918498039246
YEL009C,YBR095C,4.310579004851434e-09
YEL009C,YLL021W,2.4715684143403194e-13
YEL009C,YDL159W,0.024119116365909576
YEL009C,YNL161W,1.727639187265595e-07
YEL009C,YNL188W,4.57115238532424e-05
YEL009C,YJL157C,2.3266500894956674e-14
YEL009C,YJL034W,2.447413367249168e-21
YEL009C,YLR238W,0.017265206202864647
YEL009C,YPR141C,3.6314122553449124e-05
YEL009C,YNL127W,0.000887915724888444
YEL009C,YCL055W,1.0853950489851227e-14
YEL009C,YPR122W,0.0032247703056782484
YEL009C,YMR065W,0.004359713289886713
YEL009C,YDR356W,3.1065032999322284e-06
YEL009C,YMR052W,1.3861910701962188e-05
YEL009C,YFR008W,7.054016116884998e-13
YEL009C,YLL043W,1.6713132936274633e-05
YEL009C,YMR029C,9.441652646345611e-14
YEL009C,YJR004C,7.102886456777924e-07
YEL009C,YDL223C,5.382653966989892e-08
YEL009C,YHR158C,1.0987441356746785e-07
YEL009C,YGR238C,1.0713809396947771e-12
YEL009C,YIL015W,4.2100417883596195e-24
YEL009C,YGL173C,5.127946400840244e-10
YEL009C,YDL225W,3.228782588848844e-06
YEL009C,YLR330W,2.0038692927215607e-11
YEL009C,YBR129C,6.227475868314514e-09
YEL009C,YKR095W-A,0.2020167112350464
YEL009C,YPR075C,7.2863000355472e-12
YEL009C,YMR198W,0.07684975117444992
YEL009C,YOR127W,0.022104892879724503
YEL009C,YDR264C,1.366690871584808e-09
YEL009C,YLR110C,3.89413085111201e-11
YEL009C,YDR379W,0.0011333541478961706
YEL009C,YDL100C,1.5548085163729714e-16
YEL009C,YHR073W,8.147541666403413e-05
YEL009C,YJR090C,0.11016421020030975
YEL009C,YOR208W,7.405688506878505e-08
YEL009C,YBR040W,6.096204270555905e-12
YEL009C,YNL279W,0.002711751963943243
YEL009C,YER075C,6.309247692115605e-05
YEL009C,YCR089W,1.1245410852511739e-10
YEL009C,YCR002C,3.221829192323611e-10
YEL009C,YJL108C,9.219929913940536e-14
YEL009C,YBR200W,1.282364920631926e-13
YEL009C,YIL026C,4.821580432690098e-07
YEL009C,YJR076C,1.812382777188759e-08
YEL009C,YKR031C,1.1442562026786618e-06
YEL009C,YPL192C,1.9998954030597815e-06
YEL009C,YHR107C,9.613950524567372e-09
YEL009C,YIL037C,9.953418297903305e-12
YEL009C,YPL156C,0.02971533313393593
YEL009C,YIL117C,8.83790274037316e-13
YEL009C,YHR066W,2.5897293326053753e-15
YEL009C,YML085C,5.6730339962349566e-14
YEL009C,YML047C,5.211209099797998e-07
YEL009C,YDR312W,3.783434010529163e-07
YEL009C,YFL037W,9.361319497358522e-10
YEL009C,YDL038C,0.2020167112350464
YEL009C,YDL039C,1.0559631569511332e-18
YEL009C,YCL027W,1.5454815090272317e-18
YEL009C,YML124C,2.1076282372437462e-23
YEL009C,YGL053W,1.8514950145688113e-15
YEL009C,YMR232W,0.007681429851800203
YEL009C,YNL298W,0.554934024810791
YEL009C,YGL099W,1.2956040507106081e-07
YEL009C,YBL016W,8.900109771358711e-19
YEL009C,YAL041W,0.04117634892463684
YEL009C,YDR085C,5.612135964838671e-07
YEL009C,YPL187W,0.00045475634397007525
YEL009C,YPL256C,1.4852799545828077e-11
YEL009C,YDR461W,2.0053095468874904e-12
YEL009C,YNL145W,8.666660722411734e-10
YFR029W,YDL165W,0.00029171054484322667
YFR029W,YGR059W,1.1964651491780387e-10
YFR029W,YBR109C,5.157400664757006e-06
YFR029W,YJL080C,1.572507818403679e-10
YFR029W,YCR093W,0.539350688457489
YFR029W,YIL122W,0.005527545232325792
YFR029W,YCL029C,2.627242694230869e-11
YFR029W,YNL173C,7.009678029135102e-06
YFR029W,YLR452C,4.5761677029076964e-05
YFR029W,YDL160C,1.2755830539390445e-05
YFR029W,YLR229C,0.02141457051038742
YFR029W,YML057W,1.717495615594089e-05
YFR029W,YER149C,0.006193001754581928
YFR029W,YMR305C,0.9999475479125977
YFR029W,YLR433C,4.322317295191169e-07
YFR029W,YJL073W,5.4767379964459906e-08
YFR029W,YGR279C,2.283456626908653e-13
YFR029W,YKL190W,0.038325611501932144
YFR029W,YGL089C,0.04471085965633392
YFR029W,YJL019W,6.801173731219023e-05
YFR029W,YJL018W,0.00033298786729574203
YFR029W,YNR032C-A,0.00012686326226685196
YFR029W,YGL178W,7.286926262395355e-08
YFR029W,YKL116C,1.3798146653032362e-11
YFR029W,YDL214C,0.0022238860838115215
YFR029W,YLR362W,1.3788480828225147e-06
YFR029W,YER068W,1.8381098243480665e-06
YFR029W,YHR084W,1.2201731866643556e-13
YFR029W,YDR392W,0.0009806546149775386
YFR029W,YNL053W,0.002187109552323818
YFR029W,YGR040W,0.01409962773323059
YFR029W,YDL216C,2.458630632418135e-08
YFR029W,YOL117W,1.4849565559416078e-05
YFR029W,YJR086W,6.767523282220911e-13
YFR029W,YMR025W,8.1693229958546e-07
YFR029W,YBR081C,1.165555113402661e-05
YFR029W,YFL026W,4.920122531615334e-09
YFR029W,YHL007C,7.926518885703615e-10
YFR029W,YNR044W,0.07236350327730179
YFR029W,YNL271C,0.9999991655349731
YFR029W,YDR200C,0.08397939056158066
YFR029W,YKL178C,0.0035704716574400663
YFR029W,YOR212W,6.271438905969262e-05
YFR029W,YOL111C,4.330512092565186e-05
YFR029W,YGL032C,9.69921365445714e-12
YFR029W,YHR005C,2.726516061535289e-12
YFR029W,YDR103W,5.758828081070533e-08
YFR029W,YJR084W,2.311072421434801e-06
YFR029W,YCL032W,5.05372736370191e-05
YFR029W,YJL170C,0.26587048172950745
YFR029W,YDR179C,2.1921661641499668e-07
YFR029W,YBR095C,0.0004389180976431817
YFR029W,YLL021W,3.895635369843831e-09
YFR029W,YDL159W,3.7855843402212486e-05
YFR029W,YNL161W,4.266878750058822e-05
YFR029W,YNL188W,9.885463281289475e-11
YFR029W,YJL157C,1.4414608395796336e-09
YFR029W,YJL034W,3.2432975749507875e-10
YFR029W,YLR238W,2.2796659493451443e-07
YFR029W,YPR141C,0.7776951789855957
YFR029W,YNL127W,0.00010122409730684012
YFR029W,YCL055W,4.549882606091904e-13
YFR029W,YPR122W,0.00018389394972473383
YFR029W,YMR065W,0.00014097057282924652
YFR029W,YDR356W,1.8620894479681738e-06
YFR029W,YMR052W,1.0153953411418115e-07
YFR029W,YFR008W,0.0003123098867945373
YFR029W,YLL043W,3.304670144643751e-06
YFR029W,YMR029C,1.6029500216063752e-07
YFR029W,YJR004C,1.7300116041951696e-06
YFR029W,YDL223C,1.6144796610717549e-09
YFR029W,YHR158C,1.6467932937302976e-06
YFR029W,YGR238C,4.953112919814373e-10
YFR029W,YIL015W,6.74184993840754e-05
YFR029W,YGL173C,0.0001342102186754346
YFR029W,YDL225W,0.9903483390808105
YFR029W,YLR330W,1.2169959973107325e-07
YFR029W,YBR129C,4.906962567474693e-05
YFR029W,YKR095W-A,0.2020167112350464
YFR029W,YPR075C,0.6756540536880493
YFR029W,YMR198W,0.6983848810195923
YFR029W,YOR127W,1.4408834658752312e-07
YFR029W,YDR264C,4.1458068089639255e-09
YFR029W,YLR110C,0.035470154136419296
YFR029W,YDR379W,0.0012987531954422593
YFR029W,YDL100C,5.318041758073377e-07
YFR029W,YHR073W,0.6717299818992615
YFR029W,YJR090C,0.0004284409515094012
YFR029W,YOR208W,0.9721966981887817
YFR029W,YBR040W,0.9977018237113953
YFR029W,YNL279W,0.014924776740372181
YFR029W,YER075C,0.6544812321662903
YFR029W,YCR089W,0.008642633445560932
YFR029W,YCR002C,0.8573710918426514
YFR029W,YJL108C,0.00021191989071667194
YFR029W,YBR200W,0.33435797691345215
YFR029W,YIL026C,0.00013203619164414704
YFR029W,YJR076C,1.3943464182375465e-05
YFR029W,YKR031C,0.00015029587666504085
YFR029W,YPL192C,3.8571433833567426e-05
YFR029W,YHR107C,0.04722961410880089
YFR029W,YIL037C,0.024722998961806297
YFR029W,YPL156C,5.286869054543786e-06
YFR029W,YIL117C,0.8170523643493652
YFR029W,YHR066W,5.768066068952721e-18
YFR029W,YML085C,0.009112215600907803
YFR029W,YML047C,0.00014732833369635046
YFR029W,YDR312W,0.0016179365338757634
YFR029W,YFL037W,5.865430921403458e-06
YFR029W,YDL038C,0.2020167112350464
YFR029W,YDL039C,4.588740524362718e-22
YFR029W,YCL027W,1.7538767451696913e-06
YFR029W,YML124C,1.5569096576198427e-12
YFR029W,YGL053W,0.0018777792574837804
YFR029W,YMR232W,0.001864754711277783
YFR029W,YNL298W,2.900107210734859e-05
YFR029W,YGL099W,0.0069596911780536175
YFR029W,YBL016W,1.1033365332480116e-08
YFR029W,YAL041W,4.553445265287337e-08
YFR029W,YDR085C,5.463560910357046e-07
YFR029W,YPL187W,0.022379381582140923
YFR029W,YPL256C,2.762313711102138e-09
YFR029W,YDR461W,0.06484489142894745
YFR029W,YNL145W,2.533077100939224e-13
YMR169C,YDL165W,0.9979978203773499
YMR169C,YGR059W,1.2264135887396499e-11
YMR169C,YBR109C,0.9697431325912476
YMR169C,YJL080C,9.84417274594307e-05
YMR169C,YCR093W,1.5515358095519183e-11
YMR169C,YIL122W,0.990727424621582
YMR169C,YCL029C,5.378857844290938e-15
YMR169C,YNL173C,0.9949557185173035
YMR169C,YLR452C,6.110084359534085e-05
YMR169C,YDL160C,0.0007429941324517131
YMR169C,YLR229C,0.0011001869570463896
YMR169C,YML057W,2.536638260552948e-11
YMR169C,YER149C,0.38908490538597107
YMR169C,YMR305C,2.1938235477136914e-06
YMR169C,YLR433C,0.9355883598327637
YMR169C,YJL073W,1.069954021215569e-11
YMR169C,YGR279C,0.011024144478142262
YMR169C,YKL190W,0.013683941215276718
YMR169C,YGL089C,9.813653605306172e-07
YMR169C,YJL019W,4.2412100498268046e-08
YMR169C,YJL018W,0.2020167112350464
YMR169C,YNR032C-A,0.9744656682014465
YMR169C,YGL178W,0.6947932839393616
YMR169C,YKL116C,1.1709127647918649e-05
YMR169C,YDL214C,0.03431607037782669
YMR169C,YLR362W,0.000214558735024184
YMR169C,YER068W,2.227666185197763e-12
YMR169C,YHR084W,5.693028924724786e-06
YMR169C,YDR392W,0.023330654948949814
YMR169C,YNL053W,0.9374909400939941
YMR169C,YGR040W,0.9764763116836548
YMR169C,YDL216C,9.846500324783847e-05
YMR169C,YOL117W,0.008515766821801662
YMR169C,YJR086W,0.12974031269550323
YMR169C,YMR025W,0.8961775302886963
YMR169C,YBR081C,1.6885007836364707e-09
YMR169C,YFL026W,0.3021262586116791
YMR169C,YHL007C,8.579823074228443e-09
YMR169C,YNR044W,0.3025030195713043
YMR169C,YNL271C,4.938057827530429e-06
YMR169C,YDR200C,0.027989724650979042
YMR169C,YKL178C,2.026561332968413e-06
YMR169C,YOR212W,1.1009825584551436e-07
YMR169C,YOL111C,1.0199797451093673e-08
YMR169C,YGL032C,1.109165329027384e-10
YMR169C,YHR005C,1.1030655855392979e-07
YMR169C,YDR103W,0.9362841844558716
YMR169C,YJR084W,1.0394343917141668e-05
YMR169C,YCL032W,1.1067214700233308e-06
YMR169C,YJL170C,7.405924407066777e-06
YMR169C,YDR179C,2.1429764213154456e-11
YMR169C,YBR095C,2.1188291157159256e-06
YMR169C,YLL021W,0.00012472922389861196
YMR169C,YDL159W,1.1303843905352551e-07
YMR169C,YNL161W,0.0002564124297350645
YMR169C,YNL188W,9.131362276093569e-06
YMR169C,YJL157C,1.0079306502928584e-13
YMR169C,YJL034W,1.1306479840919592e-12
YMR169C,YLR238W,0.0014716540463268757
YMR169C,YPR141C,7.31088439351879e-05
YMR169C,YNL127W,0.01083601638674736
YMR169C,YCL055W,7.663917926947761e-07
YMR169C,YPR122W,0.5667064189910889
YMR169C,YMR065W,0.9771341681480408
YMR169C,YDR356W,0.9468838572502136
YMR169C,YMR052W,0.31813618540763855
YMR169C,YFR008W,7.0213532126217615e-06
YMR169C,YLL043W,0.0231038685888052
YMR169C,YMR029C,0.893646776676178
YMR169C,YJR004C,5.972583039692836e-06
YMR169C,YDL223C,6.702489924140212e-19
YMR169C,YHR158C,0.047054894268512726
YMR169C,YGR238C,1.4235144590202253e-05
YMR169C,YIL015W,0.01510436087846756
YMR169C,YGL173C,0.0002301647764397785
YMR169C,YDL225W,9.623381203027748e-09
YMR169C,YLR330W,0.00014029753219801933
YMR169C,YBR129C,3.488800914830392e-10
YMR169C,YKR095W-A,0.2020167112350464
YMR169C,YPR075C,2.0208892892448205e-10
YMR169C,YMR198W,0.05171472206711769
YMR169C,YOR127W,0.009472165256738663
YMR169C,YDR264C,0.003309486201032996
YMR169C,YLR110C,0.000607843860052526
YMR169C,YDR379W,0.0026382606010884047
YMR169C,YDL100C,0.00021409503824543208
YMR169C,YHR073W,3.354598447913304e-05
YMR169C,YJR090C,3.3512850450279075e-07
YMR169C,YOR208W,0.0025084337685257196
YMR169C,YBR040W,0.883049488067627
YMR169C,YNL279W,0.0006036984268575907
YMR169C,YER075C,2.167609636671841e-05
YMR169C,YCR089W,0.959581732749939
YMR169C,YCR002C,0.0166470929980278
YMR169C,YJL108C,0.0005977246328257024
YMR169C,YBR200W,6.603709334740415e-05
YMR169C,YIL026C,0.005573449190706015
YMR169C,YJR076C,2.2372892090061214e-06
YMR169C,YKR031C,0.20087338984012604
YMR169C,YPL192C,0.05691889300942421
YMR169C,YHR107C,0.0004251724458299577
YMR169C,YIL037C,0.9895256757736206
YMR169C,YPL156C,0.17522309720516205
YMR169C,YIL117C,0.18574784696102142
YMR169C,YHR066W,4.6107319351396114e-12
YMR169C,YML085C,0.4449714422225952
YMR169C,YML047C,0.8961596488952637
YMR169C,YDR312W,2.590553549453034e-08
YMR169C,YFL037W,0.0019304536981508136
YMR169C,YDL038C,0.2020167112350464
YMR169C,YDL039C,2.591556526668204e-12
YMR169C,YCL027W,1.4342876712702957e-11
YMR169C,YML124C,0.00016330937796738
YMR169C,YGL053W,0.003354639047756791
YMR169C,YMR232W,0.20150820910930634
YMR169C,YNL298W,0.003277324140071869
YMR169C,YGL099W,6.048251994759132e-17
YMR169C,YBL016W,0.0017579381819814444
YMR169C,YAL041W,0.998694121837616
YMR169C,YDR085C,1.8935556056476344e-07
YMR169C,YPL187W,0.000559675449039787
YMR169C,YPL256C,7.5229872891213745e-06
YMR169C,YDR461W,1.2996299892915179e-18
YMR169C,YNL145W,1.4300518459859682e-17
YHL027W,YDL165W,1.3059474020856582e-13
YHL027W,YGR059W,2.5304984774265904e-07
YHL027W,YBR109C,1.904884167069909e-10
YHL027W,YJL080C,0.019235244020819664
YHL027W,YCR093W,0.15090987086296082
YHL027W,YIL122W,1.034864726534579e-05
YHL027W,YCL029C,4.189198629916263e-13
YHL027W,YNL173C,0.2837291955947876
YHL027W,YLR452C,3.2088364083915355e-12
YHL027W,YDL160C,0.0003984517534263432
YHL027W,YLR229C,9.491855621490686e-07
YHL027W,YML057W,5.392540391004411e-15
YHL027W,YER149C,6.5841870844352e-10
YHL027W,YMR305C,1.1066401961468131e-10
YHL027W,YLR433C,0.0008459085365757346
YHL027W,YJL073W,0.8783777952194214
YHL027W,YGR279C,2.0349371940655593e-14
YHL027W,YKL190W,0.018115317448973656
YHL027W,YGL089C,0.00041942312964238226
YHL027W,YJL019W,1.4125350389804225e-05
YHL027W,YJL018W,0.00010098461643792689
YHL027W,YNR032C-A,0.217959925532341
YHL027W,YGL178W,1.249516259349548e-07
YHL027W,YKL116C,2.0507089082411056e-11
YHL027W,YDL214C,0.01879303716123104
YHL027W,YLR362W,0.0001450102572562173
YHL027W,YER068W,8.173366040864494e-06
YHL027W,YHR084W,4.2211944312073053e-20
YHL027W,YDR392W,3.931974745796651e-09
YHL027W,YNL053W,1.6411382603109814e-05
YHL027W,YGR040W,5.2486983509458796e-11
YHL027W,YDL216C,0.4612733721733093
YHL027W,YOL117W,1.6415318540227708e-12
YHL027W,YJR086W,9.921066748184177e-19
YHL027W,YMR025W,0.050963662564754486
YHL027W,YBR081C,2.790815597109031e-05
YHL027W,YFL026W,6.746558511849798e-08
YHL027W,YHL007C,0.003713173558935523
YHL027W,YNR044W,0.2858371436595917
YHL027W,YNL271C,0.9998338222503662
YHL027W,YDR200C,1.8014613942796132e-06
YHL027W,YKL178C,0.9979031085968018
YHL027W,YOR212W,1.947868258866947e-05
YHL027W,YOL111C,9.519915780166477e-14
YHL027W,YGL032C,1.0893912508191939e-11
YHL027W,YHR005C,0.0033063357695937157
YHL027W,YDR103W,0.22919520735740662
YHL027W,YJR084W,1.7709770361307164e-07
YHL027W,YCL032W,7.261975021322087e-09
YHL027W,YJL170C,2.136380494732748e-08
YHL027W,YDR179C,2.300006940458843e-08
YHL027W,YBR095C,0.003603183664381504
YHL027W,YLL021W,3.372970305837164e-11
YHL027W,YDL159W,5.898180706863376e-13
YHL027W,YNL161W,0.802891731262207
YHL027W,YNL188W,1.26634475350329e-07
YHL027W,YJL157C,5.907023544485463e-15
YHL027W,YJL034W,3.7459838221865365e-19
YHL027W,YLR238W,2.7014557257842853e-09
YHL027W,YPR141C,3.0836415643165083e-09
YHL027W,YNL127W,1.5714840628788806e-05
YHL027W,YCL055W,0.00025994839961640537
YHL027W,YPR122W,1.485861048422521e-06
YHL027W,YMR065W,1.624828314561455e-06
YHL027W,YDR356W,3.407683834666386e-05
YHL027W,YMR052W,0.4868699610233307
YHL027W,YFR008W,1.945158478733333e-09
YHL027W,YLL043W,1.059503151878971e-08
YHL027W,YMR029C,1.2188694498149744e-11
YHL027W,YJR004C,0.0029119665268808603
YHL027W,YDL223C,4.878789816586959e-09
YHL027W,YHR158C,1.65822306996688e-08
YHL027W,YGR238C,3.6991696056136447e-13
YHL027W,YIL015W,8.113949512278396e-10
YHL027W,YGL173C,1.7814362485157886e-10
YHL027W,YDL225W,1.4209117980022777e-16
YHL027W,YLR330W,2.288606415490335e-09
YHL027W,YBR129C,2.3253691949776112e-07
YHL027W,YKR095W-A,0.2020167112350464
YHL027W,YPR075C,4.9604941682046544e-11
YHL027W,YMR198W,3.5129390444765124e-14
YHL027W,YOR127W,0.6744048595428467
YHL027W,YDR264C,2.249925357133975e-09
YHL027W,YLR110C,1.9804688999869313e-09
YHL027W,YDR379W,2.6137997792829992e-06
YHL027W,YDL100C,4.187598128736946e-18
YHL027W,YHR073W,8.1379258887182e-10
YHL027W,YJR090C,0.00029419545899145305
YHL027W,YOR208W,2.5738864165014697e-12
YHL027W,YBR040W,9.750422123033786e-07
YHL027W,YNL279W,0.9936400055885315
YHL027W,YER075C,2.752508776460161e-10
YHL027W,YCR089W,0.9673830270767212
YHL027W,YCR002C,4.224063729907357e-07
YHL027W,YJL108C,1.4230669420634e-10
YHL027W,YBR200W,3.6146502679912373e-06
YHL027W,YIL026C,1.2169177665555253e-08
YHL027W,YJR076C,3.1937292099819123e-24
YHL027W,YKR031C,0.6651784181594849
YHL027W,YPL192C,1.6485813830513507e-05
YHL027W,YHR107C,4.845581676688273e-16
YHL027W,YIL037C,0.5471243262290955
YHL027W,YPL156C,1.2690629773715045e-06
YHL027W,YIL117C,0.0025991201400756836
YHL027W,YHR066W,1.518611754512141e-16
YHL027W,YML085C,0.00014078385720495135
YHL027W,YML047C,0.01906200498342514
YHL027W,YDR312W,0.0001786395296221599
YHL027W,YFL037W,2.0513651541320677e-12
YHL027W,YDL038C,0.2020167112350464
YHL027W,YDL039C,1.0074499859621179e-17
YHL027W,YCL027W,0.9694324731826782
YHL027W,YML124C,4.1151129270659836e-13
YHL027W,YGL053W,3.229567937523825e-06
YHL027W,YMR232W,0.520993173122406
YHL027W,YNL298W,0.05654175952076912
YHL027W,YGL099W,7.249851218492365e-13
YHL027W,YBL016W,1.317408646173135e-06
YHL027W,YAL041W,7.50845572383696e-07
YHL027W,YDR085C,0.0004370197420939803
YHL027W,YPL187W,0.05864164978265762
YHL027W,YPL256C,4.64601329630554e-10
YHL027W,YDR461W,7.63431981206427e-15
YHL027W,YNL145W,1.3399287037449241e-14
YBR249C,YDL165W,0.0018319583032280207
YBR249C,YGR059W,1.7784313924946657e-14
YBR249C,YBR109C,0.0029448813293129206
YBR249C,YJL080C,1.6101346773211844e-05
YBR249C,YCR093W,1.3306322443895624e-07
YBR249C,YIL122W,0.002054172568023205
YBR249C,YCL029C,4.400227680889657e-06
YBR249C,YNL173C,3.599907722673379e-05
YBR249C,YLR452C,3.5479627058521146e-07
YBR249C,YDL160C,3.657983083105165e-10
YBR249C,YLR229C,6.019122510527233e-14
YBR249C,YML057W,1.4454760181704484e-15
YBR249C,YER149C,8.443467036656216e-10
YBR249C,YMR305C,1.3622662145845952e-17
YBR249C,YLR433C,2.17240030906396e-05
YBR249C,YJL073W,8.191275924218644e-07
YBR249C,YGR279C,3.2122013518065887e-14
YBR249C,YKL190W,1.4645996004522543e-12
YBR249C,YGL089C,0.05341799929738045
YBR249C,YJL019W,4.5640925350198813e-07
YBR249C,YJL018W,0.17413955926895142
YBR249C,YNR032C-A,0.0015237457118928432
YBR249C,YGL178W,2.9606427986300643e-13
YBR249C,YKL116C,1.001431142871878e-12
YBR249C,YDL214C,4.0884216900849424e-08
YBR249C,YLR362W,2.6608217851276095e-09
YBR249C,YER068W,1.21303770583836e-07
YBR249C,YHR084W,1.4602141718000894e-09
YBR249C,YDR392W,8.014013064272518e-12
YBR249C,YNL053W,8.70916117001741e-11
YBR249C,YGR040W,1.5790788676639522e-09
YBR249C,YDL216C,1.260505939626455e-07
YBR249C,YOL117W,2.957088783908657e-12
YBR249C,YJR086W,0.0002203700423706323
YBR249C,YMR025W,0.20952481031417847
YBR249C,YBR081C,3.2888927137264545e-09
YBR249C,YFL026W,8.585803698224481e-06
YBR249C,YHL007C,3.683352815642138e-06
YBR249C,YNR044W,9.856200924862613e-12
YBR249C,YNL271C,3.029407237217785e-13
YBR249C,YDR200C,2.0228251018661325e-10
YBR249C,YKL178C,8.341740613104776e-05
YBR249C,YOR212W,2.778043128870422e-09
YBR249C,YOL111C,8.566544283834798e-13
YBR249C,YGL032C,2.5644236302468926e-05
YBR249C,YHR005C,6.137894524727017e-05
YBR249C,YDR103W,8.580217354392516e-07
YBR249C,YJR084W,4.760244629031796e-11
YBR249C,YCL032W,1.803080174056504e-08
YBR249C,YJL170C,7.687336323058958e-10
YBR249C,YDR179C,5.487264786328066e-24
YBR249C,YBR095C,2.5406013719475595e-06
YBR249C,YLL021W,3.9755195757607e-07
YBR249C,YDL159W,1.7379411243467757e-09
YBR249C,YNL161W,0.0826372429728508
YBR249C,YNL188W,0.003456071252003312
YBR249C,YJL157C,8.811645635375953e-09
YBR249C,YJL034W,1.943181352619175e-21
YBR249C,YLR238W,0.035621002316474915
YBR249C,YPR141C,8.688868374795433e-11
YBR249C,YNL127W,2.828822107403539e-05
YBR249C,YCL055W,1.646635437594149e-14
YBR249C,YPR122W,4.557406535488084e-12
YBR249C,YMR065W,3.9933202060637996e-05
YBR249C,YDR356W,1.4560687724984867e-11
YBR249C,YMR052W,0.05907711386680603
YBR249C,YFR008W,6.410543536977675e-12
YBR249C,YLL043W,0.04542452096939087
YBR249C,YMR029C,1.0864074084793174e-07
YBR249C,YJR004C,5.656264776758395e-14
YBR249C,YDL223C,1.2388444151829055e-17
YBR249C,YHR158C,4.116006147025786e-10
YBR249C,YGR238C,2.6442060165447123e-21
YBR249C,YIL015W,6.844773452030495e-05
YBR249C,YGL173C,0.006055693607777357
YBR249C,YDL225W,0.014596673659980297
YBR249C,YLR330W,1.3666108245047326e-08
YBR249C,YBR129C,0.5319161415100098
YBR249C,YKR095W-A,0.2020167112350464
YBR249C,YPR075C,5.102517580413959e-15
YBR249C,YMR198W,9.789536292714729e-09
YBR249C,YOR127W,0.0001941337250173092
YBR249C,YDR264C,1.4945164366508834e-05
YBR249C,YLR110C,2.960428126599912e-13
YBR249C,YDR379W,6.799673046842258e-10
YBR249C,YDL100C,5.546440178883297e-14
YBR249C,YHR073W,2.2891728790330745e-10
YBR249C,YJR090C,9.720882085395566e-12
YBR249C,YOR208W,9.29782362213416e-11
YBR249C,YBR040W,0.6427623629570007
YBR249C,YNL279W,8.543092313217579e-14
YBR249C,YER075C,0.04374036565423012
YBR249C,YCR089W,3.087527389311617e-08
YBR249C,YCR002C,0.00011137342517031357
YBR249C,YJL108C,0.00085896608652547
YBR249C,YBR200W,4.748680026978036e-08
YBR249C,YIL026C,1.6765558029874228e-05
YBR249C,YJR076C,6.022189413812384e-10
YBR249C,YKR031C,1.7511477823362043e-09
YBR249C,YPL192C,1.8608986351864587e-07
YBR249C,YHR107C,2.1461678443301935e-06
YBR249C,YIL037C,1.0073858414116899e-11
YBR249C,YPL156C,1.0304491482315825e-08
YBR249C,YIL117C,6.344949522382737e-13
YBR249C,YHR066W,4.1622936919338827e-07
YBR249C,YML085C,1.0821218053569392e-12
YBR249C,YML047C,0.0003307427978143096
YBR249C,YDR312W,1.8084220343439483e-08
YBR249C,YFL037W,1.2278397697496225e-17
YBR249C,YDL038C,0.2020167112350464
YBR249C,YDL039C,3.5123409121608088e-15
YBR249C,YCL027W,2.865681025809863e-09
YBR249C,YML124C,3.613900845245155e-12
YBR249C,YGL053W,0.0019594847690314054
YBR249C,YMR232W,0.0005164324538782239
YBR249C,YNL298W,4.5505123974498574e-11
YBR249C,YGL099W,1.103784286193843e-09
YBR249C,YBL016W,5.2216954316008923e-08
YBR249C,YAL041W,5.721017441828735e-05
YBR249C,YDR085C,6.554009246428905e-07
YBR249C,YPL187W,2.4924471375697976e-08
YBR249C,YPL256C,6.899575737406849e-07
YBR249C,YDR461W,3.832321571195507e-09
YBR249C,YNL145W,5.731390501750866e-06
YDR461W,YDL165W,7.444343474993786e-10
YDR461W,YGR059W,2.543349419958929e-10
YDR461W,YBR109C,0.002491972642019391
YDR461W,YJL080C,6.73025857267362e-09
YDR461W,YCR093W,1.0193835805694107e-05
YDR461W,YIL122W,0.014063719660043716
YDR461W,YCL029C,1.0763411646338983e-13
YDR461W,YNL173C,3.243815162496961e-15
YDR461W,YLR452C,6.166088860481977e-05
YDR461W,YDL160C,3.1380541204830206e-14
YDR461W,YLR229C,7.925853862111865e-10
YDR461W,YML057W,4.881389372712874e-07
YDR461W,YER149C,0.015059453435242176
YDR461W,YMR305C,7.345611896525384e-10
YDR461W,YLR433C,1.9080449931152543e-07
YDR461W,YJL073W,2.4316697988524538e-08
YDR461W,YGR279C,0.13789229094982147
YDR461W,YKL190W,2.3467018763767555e-05
YDR461W,YGL089C,7.03868536788832e-08
YDR461W,YJL019W,2.33413593377918e-05
YDR461W,YJL018W,0.008317953906953335
YDR461W,YNR032C-A,1.8165141227655113e-05
YDR461W,YGL178W,0.03369113802909851
YDR461W,YKL116C,1.1387333870516159e-05
YDR461W,YDL214C,1.175828060695494e-06
YDR461W,YLR362W,2.9264767692493976e-11
YDR461W,YER068W,4.2090243823622586e-07
YDR461W,YHR084W,1.452356173103908e-07
YDR461W,YDR392W,0.016688404604792595
YDR461W,YNL053W,1.5539979025813722e-10
YDR461W,YGR040W,0.9129221439361572
YDR461W,YDL216C,1.2842648402511259e-06
YDR461W,YOL117W,4.821040011648847e-09
YDR461W,YJR086W,0.0006924202898517251
YDR461W,YMR025W,0.017306240275502205
YDR461W,YBR081C,0.0011639705626294017
YDR461W,YFL026W,2.1923585791228106e-07
YDR461W,YHL007C,0.9633987545967102
YDR461W,YNR044W,8.625218594904283e-14
YDR461W,YNL271C,1.905793745038409e-09
YDR461W,YDR200C,9.05244348814449e-07
YDR461W,YKL178C,1.0396418448355149e-10
YDR461W,YOR212W,1.0981805331766736e-07
YDR461W,YOL111C,1.0789547207068484e-11
YDR461W,YGL032C,4.1333669126286665e-11
YDR461W,YHR005C,8.82966411097641e-09
YDR461W,YDR103W,0.967570960521698
YDR461W,YJR084W,1.0064649114127633e-09
YDR461W,YCL032W,7.768874432656503e-11
YDR461W,YJL170C,5.14974362886278e-06
YDR461W,YDR179C,3.595005182432942e-05
YDR461W,YBR095C,4.4475621052697534e-07
YDR461W,YLL021W,2.696780939004384e-05
YDR461W,YDL159W,8.309205441037193e-06
YDR461W,YNL161W,0.4927317798137665
YDR461W,YNL188W,4.7457833716180176e-06
YDR461W,YJL157C,6.582064673030588e-14
YDR461W,YJL034W,7.531598856001321e-16
YDR461W,YLR238W,0.3629491925239563
YDR461W,YPR141C,2.0250996385584585e-05
YDR461W,YNL127W,4.381563861732829e-11
YDR461W,YCL055W,2.187288350441463e-09
YDR461W,YPR122W,2.5324942143356566e-08
YDR461W,YMR065W,5.556183896260336e-05
YDR461W,YDR356W,0.0005953570944257081
YDR461W,YMR052W,1.594560421203095e-12
YDR461W,YFR008W,3.0544260454234973e-09
YDR461W,YLL043W,3.8692382076988e-05
YDR461W,YMR029C,0.0035499748773872852
YDR461W,YJR004C,2.5028178640695842e-08
YDR461W,YDL223C,6.623939949063767e-14
YDR461W,YHR158C,4.825301758160094e-08
YDR461W,YGR238C,5.5696105846436694e-05
YDR461W,YIL015W,1.575033545571036e-16
YDR461W,YGL173C,2.549130828297108e-12
YDR461W,YDL225W,0.0001910527644213289
YDR461W,YLR330W,1.3703023569178185e-06
YDR461W,YBR129C,3.3314653258287308e-09
YDR461W,YKR095W-A,0.2020167112350464
YDR461W,YPR075C,3.818452498638436e-12
YDR461W,YMR198W,1.486052951804595e-05
YDR461W,YOR127W,1.6284755020024022e-06
YDR461W,YDR264C,0.005154886748641729
YDR461W,YLR110C,8.687994212941419e-10
YDR461W,YDR379W,2.3488713144642626e-12
YDR461W,YDL100C,0.5240298509597778
YDR461W,YHR073W,5.4243937341880155e-08
YDR461W,YJR090C,0.0039019458927214146
YDR461W,YOR208W,1.0397036692959966e-13
YDR461W,YBR040W,4.9830514825544014e-08
YDR461W,YNL279W,4.19234538640012e-06
YDR461W,YER075C,0.972423791885376
YDR461W,YCR089W,1.863388234824015e-07
YDR461W,YCR002C,0.6736626625061035
YDR461W,YJL108C,2.258495257131954e-12
YDR461W,YBR200W,0.0005015762289986014
YDR461W,YIL026C,1.1124019110028498e-15
YDR461W,YJR076C,0.0004174040805082768
YDR461W,YKR031C,6.597742321901023e-05
YDR461W,YPL192C,1.2471566748079033e-13
YDR461W,YHR107C,0.5484440922737122
YDR461W,YIL037C,0.00016497151227667928
YDR461W,YPL156C,2.9710121030035452e-09
YDR461W,YIL117C,2.628236517310256e-10
YDR461W,YHR066W,1.613223776786299e-09
YDR461W,YML085C,2.7363787680201312e-08
YDR461W,YML047C,0.002138571348041296
YDR461W,YDR312W,6.789852341171354e-05
YDR461W,YFL037W,6.18437843513675e-06
YDR461W,YDL038C,0.2020167112350464
YDR461W,YDL039C,2.2872010951857646e-09
YDR461W,YCL027W,2.4737154599024924e-12
YDR461W,YML124C,1.0548512285879497e-08
YDR461W,YGL053W,1.4068067830184505e-14
YDR461W,YMR232W,0.0008888121228665113
YDR461W,YNL298W,1.5054432145333863e-09
YDR461W,YGL099W,1.439405506679231e-13
YDR461W,YBL016W,4.168046387632157e-13
YDR461W,YAL041W,1.1141517575197213e-07
YDR461W,YDR085C,1.3165616058290197e-13
YDR461W,YPL187W,2.416200857169315e-07
YDR461W,YPL256C,3.687071315443399e-15
YDR461W,YNL145W,6.66549454519938e-11
YLR082C,YDL165W,7.828133974374651e-11
YLR082C,YGR059W,4.159826705318892e-09
YLR082C,YBR109C,1.27172139485765e-08
YLR082C,YJL080C,5.274042905512033e-06
YLR082C,YCR093W,9.2879815838387e-08
YLR082C,YIL122W,1.7363480445120594e-12
YLR082C,YCL029C,1.4326814179455027e-09
YLR082C,YNL173C,1.3634661399919423e-07
YLR082C,YLR452C,0.009449617005884647
YLR082C,YDL160C,1.06538533550804e-09
YLR082C,YLR229C,1.129856718762312e-05
YLR082C,YML057W,5.073343345429748e-06
YLR082C,YER149C,0.3411538600921631
YLR082C,YMR305C,1.5824474758119322e-05
YLR082C,YLR433C,0.9929720759391785
YLR082C,YJL073W,3.2513341352569114e-08
YLR082C,YGR279C,1.9528004213675842e-10
YLR082C,YKL190W,4.0895283746067435e-06
YLR082C,YGL089C,4.555269228490033e-08
YLR082C,YJL019W,5.490491972182099e-08
YLR082C,YJL018W,0.20191653072834015
YLR082C,YNR032C-A,0.22192664444446564
YLR082C,YGL178W,0.0015643687220290303
YLR082C,YKL116C,0.00029791216365993023
YLR082C,YDL214C,0.00393204391002655
YLR082C,YLR362W,3.0486066862067673e-06
YLR082C,YER068W,0.004660552833229303
YLR082C,YHR084W,9.10689035293899e-09
YLR082C,YDR392W,1.5373485595659986e-08
YLR082C,YNL053W,0.01296282559633255
YLR082C,YGR040W,0.001172532676719129
YLR082C,YDL216C,0.007345267105847597
YLR082C,YOL117W,6.735602937624208e-07
YLR082C,YJR086W,9.554781172482762e-06
YLR082C,YMR025W,5.626807615044527e-05
YLR082C,YBR081C,6.212610969669186e-06
YLR082C,YFL026W,1.598237213329412e-05
YLR082C,YHL007C,5.5549498938489705e-05
YLR082C,YNR044W,1.6394370583316942e-10
YLR082C,YNL271C,6.039593269946408e-10
YLR082C,YDR200C,1.7338850000214734e-07
YLR082C,YKL178C,0.000684447877574712
YLR082C,YOR212W,1.2585555850819219e-06
YLR082C,YOL111C,1.642216224118087e-10
YLR082C,YGL032C,0.0009156756568700075
YLR082C,YHR005C,0.003156062215566635
YLR082C,YDR103W,4.588731826515868e-05
YLR082C,YJR084W,1.0071917699860933e-07
YLR082C,YCL032W,1.4946960618544836e-05
YLR082C,YJL170C,0.0002521198766771704
YLR082C,YDR179C,2.0842355297645554e-05
YLR082C,YBR095C,9.49250315898098e-05
YLR082C,YLL021W,0.00012558443995658308
YLR082C,YDL159W,1.5036867692837241e-13
YLR082C,YNL161W,1.3367682640819112e-06
YLR082C,YNL188W,0.00030610617250204086
YLR082C,YJL157C,0.010794531553983688
YLR082C,YJL034W,1.0002099770645145e-07
YLR082C,YLR238W,5.421306923381053e-07
YLR082C,YPR141C,0.9837438464164734
YLR082C,YNL127W,0.008473396301269531
YLR082C,YCL055W,1.523459104646463e-06
YLR082C,YPR122W,0.08465739339590073
YLR082C,YMR065W,0.23618659377098083
YLR082C,YDR356W,7.632297638338059e-05
YLR082C,YMR052W,4.48769933427684e-05
YLR082C,YFR008W,0.01241833996027708
YLR082C,YLL043W,0.00039852637564763427
YLR082C,YMR029C,3.5163458278475446e-07
YLR082C,YJR004C,7.330995532850437e-11
YLR082C,YDL223C,2.040761873725594e-12
YLR082C,YHR158C,0.00024191364354919642
YLR082C,YGR238C,3.0105720139061987e-09
YLR082C,YIL015W,0.00019463842909317464
YLR082C,YGL173C,0.0005049104802310467
YLR082C,YDL225W,1.0811424289158822e-07
YLR082C,YLR330W,1.165690036941669e-06
YLR082C,YBR129C,8.379971916383511e-08
YLR082C,YKR095W-A,0.2020167112350464
YLR082C,YPR075C,3.689926234073937e-05
YLR082C,YMR198W,0.016856353729963303
YLR082C,YOR127W,3.075390168305603e-06
YLR082C,YDR264C,3.491360985208303e-05
YLR082C,YLR110C,0.026505185291171074
YLR082C,YDR379W,7.938065391499549e-05
YLR082C,YDL100C,6.022157883478485e-09
YLR082C,YHR073W,0.002785081509500742
YLR082C,YJR090C,1.665039235376753e-07
YLR082C,YOR208W,5.403205705079017e-08
YLR082C,YBR040W,0.000544374343007803
YLR082C,YNL279W,0.004439791198819876
YLR082C,YER075C,0.9993591904640198
YLR082C,YCR089W,9.193458083700534e-08
YLR082C,YCR002C,0.9932257533073425
YLR082C,YJL108C,0.00011176589032402262
YLR082C,YBR200W,2.080819740513107e-06
YLR082C,YIL026C,7.392148836515844e-05
YLR082C,YJR076C,0.17739573121070862
YLR082C,YKR031C,7.267635373864323e-05
YLR082C,YPL192C,0.013855984434485435
YLR082C,YHR107C,8.154901109946877e-08
YLR082C,YIL037C,2.828725769177254e-07
YLR082C,YPL156C,0.00017020900850184262
YLR082C,YIL117C,4.3526291847229004e-05
YLR082C,YHR066W,4.4071602819256445e-15
YLR082C,YML085C,1.5973457266227342e-05
YLR082C,YML047C,0.0002832347818184644
YLR082C,YDR312W,0.999356210231781
YLR082C,YFL037W,0.10262192785739899
YLR082C,YDL038C,0.2020167112350464
YLR082C,YDL039C,4.599691287576757e-12
YLR082C,YCL027W,0.01718556508421898
YLR082C,YML124C,4.628416139934588e-12
YLR082C,YGL053W,2.2836293283035047e-05
YLR082C,YMR232W,0.391169935464859
YLR082C,YNL298W,0.000362838851287961
YLR082C,YGL099W,2.4350068997591734e-05
YLR082C,YBL016W,5.854758637724444e-05
YLR082C,YAL041W,0.01589035987854004
YLR082C,YDR085C,5.484301800606772e-05
YLR082C,YPL187W,0.3343008756637573
YLR082C,YPL256C,3.45106825061503e-11
YLR082C,YDR461W,0.0003339954128023237
YLR082C,YNL145W,3.5255236230380405e-11
YGL091C,YDL165W,0.015032847411930561
YGL091C,YGR059W,8.218002667259583e-11
YGL091C,YBR109C,3.3989744352425078e-09
YGL091C,YJL080C,0.3122604191303253
YGL091C,YCR093W,0.7074023485183716
YGL091C,YIL122W,0.9891335368156433
YGL091C,YCL029C,3.050104317877354e-14
YGL091C,YNL173C,0.006114294286817312
YGL091C,YLR452C,0.9995573163032532
YGL091C,YDL160C,3.3051460377464537e-06
YGL091C,YLR229C,1.645287852625188e-06
YGL091C,YML057W,1.1336296346087238e-09
YGL091C,YER149C,0.014365041628479958
YGL091C,YMR305C,8.570432328269817e-06
YGL091C,YLR433C,0.02974901720881462
YGL091C,YJL073W,1.6907008020157488e-14
YGL091C,YGR279C,1.951761760210502e-06
YGL091C,YKL190W,1.1074350823037094e-06
YGL091C,YGL089C,0.0018690448487177491
YGL091C,YJL019W,0.001616031164303422
YGL091C,YJL018W,0.006339354440569878
YGL091C,YNR032C-A,0.4674653708934784
YGL091C,YGL178W,0.008216972462832928
YGL091C,YKL116C,1.996413448068779e-05
YGL091C,YDL214C,0.00038413587026298046
YGL091C,YLR362W,1.918538039547002e-08
YGL091C,YER068W,1.2721411479788003e-08
YGL091C,YHR084W,6.341522901416596e-14
YGL091C,YDR392W,5.001544423066662e-07
YGL091C,YNL053W,0.03982600197196007
YGL091C,YGR040W,2.7836934535230284e-08
YGL091C,YDL216C,4.403451384860091e-06
YGL091C,YOL117W,2.1706061392734455e-09
YGL091C,YJR086W,2.4632024420156995e-08
YGL091C,YMR025W,1.3312291230249684e-05
YGL091C,YBR081C,0.00017003819812089205
YGL091C,YFL026W,0.23563534021377563
YGL091C,YHL007C,1.0349330420433844e-10
YGL091C,YNR044W,0.015119086019694805
YGL091C,YNL271C,0.3968079090118408
YGL091C,YDR200C,0.001772838644683361
YGL091C,YKL178C,8.42963854665868e-05
YGL091C,YOR212W,1.4802229088672902e-05
YGL091C,YOL111C,1.2567381163508529e-11
YGL091C,YGL032C,0.0004247708129696548
YGL091C,YHR005C,3.4290257300284566e-09
YGL091C,YDR103W,0.0008199942531064153
YGL091C,YJR084W,1.262902742382721e-07
YGL091C,YCL032W,6.007829142617993e-05
YGL091C,YJL170C,4.469539760521002e-08
YGL091C,YDR179C,9.942574541454974e-10
YGL091C,YBR095C,5.862232683284674e-06
YGL091C,YLL021W,3.7660909946168886e-09
YGL091C,YDL159W,6.231207407836337e-06
YGL091C,YNL161W,0.0004462185606826097
YGL091C,YNL188W,2.076602445555409e-09
YGL091C,YJL157C,3.5090640722046373e-06
YGL091C,YJL034W,2.1512869263773382e-10
YGL091C,YLR238W,5.149015588901129e-11
YGL091C,YPR141C,4.1982406173701747e-07
YGL091C,YNL127W,0.0006071751122362912
YGL091C,YCL055W,1.833773577430975e-09
YGL091C,YPR122W,4.001749857707182e-06
YGL091C,YMR065W,1.5485600670217536e-05
YGL091C,YDR356W,5.0946681540153804e-08
YGL091C,YMR052W,0.0046464791521430016
YGL091C,YFR008W,7.353020237133023e-08
YGL091C,YLL043W,3.6548451021189976e-07
YGL091C,YMR029C,0.004612713120877743
YGL091C,YJR004C,6.725275056851387e-07
YGL091C,YDL223C,4.4117889896888585e-10
YGL091C,YHR158C,0.002499315654858947
YGL091C,YGR238C,1.51219520846263e-12
YGL091C,YIL015W,0.021735113114118576
YGL091C,YGL173C,2.7072815100837033e-07
YGL091C,YDL225W,7.537146728964217e-08
YGL091C,YLR330W,4.215194451262505e-07
YGL091C,YBR129C,7.3066019901091295e-09
YGL091C,YKR095W-A,0.2020167112350464
YGL091C,YPR075C,3.994790858996566e-06
YGL091C,YMR198W,5.4365436596981453e-08
YGL091C,YOR127W,1.3681915334018413e-05
YGL091C,YDR264C,7.673252184758894e-06
YGL091C,YLR110C,3.0997004074606593e-08
YGL091C,YDR379W,2.332013622208251e-07
YGL091C,YDL100C,1.7471418090053703e-08
YGL091C,YHR073W,0.014839963056147099
YGL091C,YJR090C,2.931878270828747e-06
YGL091C,YOR208W,9.175394666272041e-07
YGL091C,YBR040W,0.49500370025634766
YGL091C,YNL279W,0.011681723408401012
YGL091C,YER075C,4.3857048548368027e-10
YGL091C,YCR089W,0.07423148304224014
YGL091C,YCR002C,1.4184447536536027e-06
YGL091C,YJL108C,0.00011129793711006641
YGL091C,YBR200W,6.016689368948391e-10
YGL091C,YIL026C,0.001038642949424684
YGL091C,YJR076C,3.099145939877701e-11
YGL091C,YKR031C,0.004462940618395805
YGL091C,YPL192C,0.00016524748934898525
YGL091C,YHR107C,5.465090602285727e-09
YGL091C,YIL037C,0.3807366192340851
YGL091C,YPL156C,4.09789845434716e-06
YGL091C,YIL117C,2.6855708767925535e-09
YGL091C,YHR066W,5.846733009849323e-14
YGL091C,YML085C,4.177985735154266e-10
YGL091C,YML047C,0.828436553478241
YGL091C,YDR312W,6.611125718336552e-05
YGL091C,YFL037W,2.135924859203442e-07
YGL091C,YDL038C,0.2020167112350464
YGL091C,YDL039C,6.7844091455882e-11
YGL091C,YCL027W,0.00015820840781088918
YGL091C,YML124C,2.2257450837059878e-05
YGL091C,YGL053W,1.462734267043686e-09
YGL091C,YMR232W,1.7552455346958595e-06
YGL091C,YNL298W,0.0002035369980148971
YGL091C,YGL099W,1.6824776367572146e-15
YGL091C,YBL016W,0.0001019803894450888
YGL091C,YAL041W,8.970802412022749e-08
YGL091C,YDR085C,0.06367401778697968
YGL091C,YPL187W,9.481541773936897e-09
YGL091C,YPL256C,1.4934669820276802e-11
YGL091C,YDR461W,2.807794663439722e-09
YGL091C,YNL145W,5.543058416782043e-13
YLR022C,YDL165W,2.6226492089165276e-09
YLR022C,YGR059W,8.938631627410099e-14
YLR022C,YBR109C,0.013728136196732521
YLR022C,YJL080C,3.349812788266959e-11
YLR022C,YCR093W,0.6570830941200256
YLR022C,YIL122W,1.3955123279174586e-07
YLR022C,YCL029C,9.346875165262012e-16
YLR022C,YNL173C,9.915517296121834e-09
YLR022C,YLR452C,0.1497558206319809
YLR022C,YDL160C,5.417132671256542e-13
YLR022C,YLR229C,8.335802881287435e-11
YLR022C,YML057W,6.564461087058056e-18
YLR022C,YER149C,4.52724385757719e-10
YLR022C,YMR305C,1.3664002221358551e-11
YLR022C,YLR433C,0.0005271285772323608
YLR022C,YJL073W,1.168994151560512e-14
YLR022C,YGR279C,1.3166913959139492e-06
YLR022C,YKL190W,4.572423222271027e-06
YLR022C,YGL089C,3.9584912883583456e-05
YLR022C,YJL019W,5.3685805394320177e-14
YLR022C,YJL018W,0.015923045575618744
YLR022C,YNR032C-A,3.8350961403921247e-05
YLR022C,YGL178W,2.226319606099536e-12
YLR022C,YKL116C,2.0288845917093568e-05
YLR022C,YDL214C,5.876243136526682e-08
YLR022C,YLR362W,0.00011997643014183268
YLR022C,YER068W,1.5059572433528956e-07
YLR022C,YHR084W,1.3368566698090945e-08
YLR022C,YDR392W,9.423083611181937e-07
YLR022C,YNL053W,1.7652672722965604e-15
YLR022C,YGR040W,9.305026194006416e-11
YLR022C,YDL216C,6.732455563398002e-16
YLR022C,YOL117W,3.4287117589570926e-09
YLR022C,YJR086W,2.0716294077318537e-13
YLR022C,YMR025W,7.803723001131857e-09
YLR022C,YBR081C,4.877145798332094e-08
YLR022C,YFL026W,2.2856272607896244e-06
YLR022C,YHL007C,3.165895601231483e-10
YLR022C,YNR044W,5.071390063449144e-08
YLR022C,YNL271C,2.2564584490962177e-16
YLR022C,YDR200C,1.0264292749084802e-09
YLR022C,YKL178C,0.9467202425003052
YLR022C,YOR212W,7.722786854458263e-09
YLR022C,YOL111C,2.079257447641647e-13
YLR022C,YGL032C,0.26521334052085876
YLR022C,YHR005C,0.002060961676761508
YLR022C,YDR103W,0.012625894509255886
YLR022C,YJR084W,1.1872390006870126e-12
YLR022C,YCL032W,4.33015359679878e-11
YLR022C,YJL170C,1.3366883599985613e-08
YLR022C,YDR179C,5.43186893034453e-12
YLR022C,YBR095C,1.7238998850643839e-07
YLR022C,YLL021W,1.3712322832759583e-08
YLR022C,YDL159W,5.873633929221172e-15
YLR022C,YNL161W,1.0115643538739436e-14
YLR022C,YNL188W,2.774029378600773e-13
YLR022C,YJL157C,3.221727456548251e-05
YLR022C,YJL034W,2.6356516968917276e-07
YLR022C,YLR238W,2.063081356633653e-16
YLR022C,YPR141C,6.714000015672905e-13
YLR022C,YNL127W,1.0603374844819768e-09
YLR022C,YCL055W,1.3319996128302591e-07
YLR022C,YPR122W,0.00014405119873117656
YLR022C,YMR065W,0.004897270817309618
YLR022C,YDR356W,2.8794781809769493e-16
YLR022C,YMR052W,3.401855863671699e-08
YLR022C,YFR008W,3.6843243028921585e-14
YLR022C,YLL043W,8.71849727829277e-12
YLR022C,YMR029C,4.3447532897811225e-12
YLR022C,YJR004C,4.5155823524822836e-11
YLR022C,YDL223C,1.1880013639498088e-10
YLR022C,YHR158C,1.3665892861780549e-09
YLR022C,YGR238C,1.7613283878267771e-12
YLR022C,YIL015W,0.11441390961408615
YLR022C,YGL173C,2.761694304354023e-07
YLR022C,YDL225W,4.3746673327405006e-05
YLR022C,YLR330W,3.2061657027356424e-18
YLR022C,YBR129C,3.7060996049831374e-08
YLR022C,YKR095W-A,0.2020167112350464
YLR022C,YPR075C,4.2346914863600205e-10
YLR022C,YMR198W,2.370543825236382e-06
YLR022C,YOR127W,1.1234129078385724e-11
YLR022C,YDR264C,1.655019697677229e-11
YLR022C,YLR110C,1.0439737252454506e-06
YLR022C,YDR379W,0.00027842834242619574
YLR022C,YDL100C,7.427955495131755e-08
YLR022C,YHR073W,1.0695389018877677e-09
YLR022C,YJR090C,4.3900672608288005e-06
YLR022C,YOR208W,4.561019895099605e-10
YLR022C,YBR040W,2.8814429242629558e-06
YLR022C,YNL279W,1.5943080189373404e-12
YLR022C,YER075C,3.961074253311381e-05
YLR022C,YCR089W,1.6454441364999184e-08
YLR022C,YCR002C,5.6627491176186595e-06
YLR022C,YJL108C,5.447589956020238e-06
YLR022C,YBR200W,9.629697039770235e-09
YLR022C,YIL026C,1.4102424089612597e-11
YLR022C,YJR076C,4.853620794165181e-08
YLR022C,YKR031C,8.394826500612851e-10
YLR022C,YPL192C,0.018333207815885544
YLR022C,YHR107C,8.558562569760397e-08
YLR022C,YIL037C,4.088428718956107e-16
YLR022C,YPL156C,2.780342622799026e-10
YLR022C,YIL117C,4.648402196494317e-08
YLR022C,YHR066W,2.667391589723789e-13
YLR022C,YML085C,4.153334430156974e-06
YLR022C,YML047C,0.006085203494876623
YLR022C,YDR312W,4.256112823286529e-12
YLR022C,YFL037W,1.3020457600987356e-08
YLR022C,YDL038C,0.2020167112350464
YLR022C,YDL039C,2.9491970053641126e-05
YLR022C,YCL027W,1.3007021948396869e-07
YLR022C,YML124C,1.3696325851242364e-08
YLR022C,YGL053W,1.3238612719450107e-21
YLR022C,YMR232W,1.0786939128593076e-06
YLR022C,YNL298W,1.5796640582266264e-05
YLR022C,YGL099W,4.159677376852633e-12
YLR022C,YBL016W,4.397272448386502e-07
YLR022C,YAL041W,0.00706278532743454
YLR022C,YDR085C,5.359840997698484e-06
YLR022C,YPL187W,6.505450045324324e-08
YLR022C,YPL256C,2.3891177231005756e-11
YLR022C,YDR461W,3.500926322885789e-05
YLR022C,YNL145W,3.3217153827536094e-07
YLR300W,YDL165W,6.131818147752874e-16
YLR300W,YGR059W,1.797501499822829e-05
YLR300W,YBR109C,2.4558299838162156e-10
YLR300W,YJL080C,1.2379722420519101e-06
YLR300W,YCR093W,1.4307507001376507e-07
YLR300W,YIL122W,1.0028102653825144e-10
YLR300W,YCL029C,1.1833325430643526e-08
YLR300W,YNL173C,1.4539634868252835e-17
YLR300W,YLR452C,1.3361828191203046e-13
YLR300W,YDL160C,1.7206347457943139e-09
YLR300W,YLR229C,7.855434080994428e-10
YLR300W,YML057W,3.973253255134526e-15
YLR300W,YER149C,2.0552832642717865e-14
YLR300W,YMR305C,7.8211558323521e-13
YLR300W,YLR433C,7.738021423620012e-08
YLR300W,YJL073W,8.172671567274747e-11
YLR300W,YGR279C,7.29494936679842e-12
YLR300W,YKL190W,1.909127153240653e-12
YLR300W,YGL089C,4.680136977969077e-15
YLR300W,YJL019W,4.312872487529512e-13
YLR300W,YJL018W,0.011076390743255615
YLR300W,YNR032C-A,0.00010888185352087021
YLR300W,YGL178W,5.236445559594362e-16
YLR300W,YKL116C,3.471529998932965e-05
YLR300W,YDL214C,0.00037906895158812404
YLR300W,YLR362W,0.0004123239777982235
YLR300W,YER068W,7.445880328305066e-06
YLR300W,YHR084W,6.634194468736407e-14
YLR300W,YDR392W,8.85684511842122e-11
YLR300W,YNL053W,1.339827249147163e-09
YLR300W,YGR040W,1.0372739112085583e-08
YLR300W,YDL216C,0.00019452153355814517
YLR300W,YOL117W,4.0412254098676215e-10
YLR300W,YJR086W,3.964325756555809e-09
YLR300W,YMR025W,0.00014349583943840116
YLR300W,YBR081C,1.5140666619117837e-05
YLR300W,YFL026W,1.0456498483943067e-17
YLR300W,YHL007C,7.371896842967018e-11
YLR300W,YNR044W,6.321707317357323e-17
YLR300W,YNL271C,0.00017031500465236604
YLR300W,YDR200C,2.216063964277648e-11
YLR300W,YKL178C,2.9078862553433282e-06
YLR300W,YOR212W,1.1160383195374379e-07
YLR300W,YOL111C,1.285980192776079e-13
YLR300W,YGL032C,7.530466973548755e-06
YLR300W,YHR005C,1.3434263250455825e-11
YLR300W,YDR103W,0.7030575275421143
YLR300W,YJR084W,7.601109186516908e-10
YLR300W,YCL032W,1.4582026253151525e-08
YLR300W,YJL170C,0.0007980703958310187
YLR300W,YDR179C,0.0001973817852558568
YLR300W,YBR095C,0.01681617833673954
YLR300W,YLL021W,3.02440952282268e-08
YLR300W,YDL159W,2.442328659124182e-15
YLR300W,YNL161W,0.0015680842334404588
YLR300W,YNL188W,8.840743415117203e-11
YLR300W,YJL157C,5.093805585665301e-11
YLR300W,YJL034W,1.0744747314106462e-09
YLR300W,YLR238W,1.0380252565703532e-13
YLR300W,YPR141C,2.4843186657700668e-14
YLR300W,YNL127W,2.643949947866986e-09
YLR300W,YCL055W,8.559841995349817e-18
YLR300W,YPR122W,0.0014292969135567546
YLR300W,YMR065W,0.2889857292175293
YLR300W,YDR356W,0.013888311572372913
YLR300W,YMR052W,0.014788206666707993
YLR300W,YFR008W,1.2986563433514675e-06
YLR300W,YLL043W,3.926707492496462e-08
YLR300W,YMR029C,5.263422510337623e-12
YLR300W,YJR004C,4.158281358135341e-12
YLR300W,YDL223C,5.290482496533855e-10
YLR300W,YHR158C,1.8095215637004003e-07
YLR300W,YGR238C,6.644751166420363e-19
YLR300W,YIL015W,6.216387674800108e-14
YLR300W,YGL173C,0.019602613523602486
YLR300W,YDL225W,7.971518445337722e-10
YLR300W,YLR330W,6.873280972242127e-25
YLR300W,YBR129C,2.526918674305989e-10
YLR300W,YKR095W-A,0.2020167112350464
YLR300W,YPR075C,3.5739714139559897e-12
YLR300W,YMR198W,2.7511239295563428e-06
YLR300W,YOR127W,9.675553883425891e-06
YLR300W,YDR264C,2.171248706872575e-05
YLR300W,YLR110C,1.354410811179424e-17
YLR300W,YDR379W,1.5532133357254452e-09
YLR300W,YDL100C,4.718003310699714e-06
YLR300W,YHR073W,0.07010767608880997
YLR300W,YJR090C,1.1796863041979577e-08
YLR300W,YOR208W,2.7346958031415625e-10
YLR300W,YBR040W,7.762619702589291e-08
YLR300W,YNL279W,0.001127178780734539
YLR300W,YER075C,6.571370931851561e-07
YLR300W,YCR089W,7.816716024455772e-12
YLR300W,YCR002C,8.089549030643184e-10
YLR300W,YJL108C,0.0006812684587202966
YLR300W,YBR200W,2.5608206666305477e-09
YLR300W,YIL026C,1.6868271224268483e-09
YLR300W,YJR076C,9.847940418694634e-06
YLR300W,YKR031C,5.89599968847665e-09
YLR300W,YPL192C,0.3712034225463867
YLR300W,YHR107C,7.187640562733577e-07
YLR300W,YIL037C,0.000853105855640024
YLR300W,YPL156C,6.236887202248909e-07
YLR300W,YIL117C,1.4547514397538625e-13
YLR300W,YHR066W,1.418788697638007e-12
YLR300W,YML085C,9.421838309542352e-12
YLR300W,YML047C,2.3882341793068917e-06
YLR300W,YDR312W,1.46833771270255e-14
YLR300W,YFL037W,2.1204709099720276e-08
YLR300W,YDL038C,0.2020167112350464
YLR300W,YDL039C,5.13177167427159e-10
YLR300W,YCL027W,9.545331704430282e-05
YLR300W,YML124C,3.4784519015174098e-12
YLR300W,YGL053W,3.2836293684113116e-08
YLR300W,YMR232W,0.9339476823806763
YLR300W,YNL298W,6.16139250730896e-10
YLR300W,YGL099W,2.2429913558007913e-14
YLR300W,YBL016W,1.6821176613071587e-12
YLR300W,YAL041W,0.00048084830632433295
YLR300W,YDR085C,1.2097147191525437e-05
YLR300W,YPL187W,0.005047556944191456
YLR300W,YPL256C,4.119717154221769e-12
YLR300W,YDR461W,1.1053217369161317e-10
YLR300W,YNL145W,1.879964517392807e-10
tW(CCA)G1,YDL165W,0.2020167112350464
tW(CCA)G1,YGR059W,0.2020167112350464
tW(CCA)G1,YBR109C,0.2020167112350464
tW(CCA)G1,YJL080C,0.2020167112350464
tW(CCA)G1,YCR093W,0.2020167112350464
tW(CCA)G1,YIL122W,0.2020167112350464
tW(CCA)G1,YCL029C,0.2020167112350464
tW(CCA)G1,YNL173C,0.2020167112350464
tW(CCA)G1,YLR452C,0.2020167112350464
tW(CCA)G1,YDL160C,0.2020167112350464
tW(CCA)G1,YLR229C,0.2020167112350464
tW(CCA)G1,YML057W,0.2020167112350464
tW(CCA)G1,YER149C,0.2020167112350464
tW(CCA)G1,YMR305C,0.2020167112350464
tW(CCA)G1,YLR433C,0.2020167112350464
tW(CCA)G1,YJL073W,0.2020167112350464
tW(CCA)G1,YGR279C,0.2020167112350464
tW(CCA)G1,YKL190W,0.2020167112350464
tW(CCA)G1,YGL089C,0.2020167112350464
tW(CCA)G1,YJL019W,0.2020167112350464
tW(CCA)G1,YJL018W,0.2020167112350464
tW(CCA)G1,YNR032C-A,0.2020167112350464
tW(CCA)G1,YGL178W,0.2020167112350464
tW(CCA)G1,YKL116C,0.2020167112350464
tW(CCA)G1,YDL214C,0.2020167112350464
tW(CCA)G1,YLR362W,0.2020167112350464
tW(CCA)G1,YER068W,0.2020167112350464
tW(CCA)G1,YHR084W,0.2020167112350464
tW(CCA)G1,YDR392W,0.2020167112350464
tW(CCA)G1,YNL053W,0.2020167112350464
tW(CCA)G1,YGR040W,0.2020167112350464
tW(CCA)G1,YDL216C,0.2020167112350464
tW(CCA)G1,YOL117W,0.2020167112350464
tW(CCA)G1,YJR086W,0.2020167112350464
tW(CCA)G1,YMR025W,0.2020167112350464
tW(CCA)G1,YBR081C,0.2020167112350464
tW(CCA)G1,YFL026W,0.2020167112350464
tW(CCA)G1,YHL007C,0.2020167112350464
tW(CCA)G1,YNR044W,0.2020167112350464
tW(CCA)G1,YNL271C,0.2020167112350464
tW(CCA)G1,YDR200C,0.2020167112350464
tW(CCA)G1,YKL178C,0.2020167112350464
tW(CCA)G1,YOR212W,0.2020167112350464
tW(CCA)G1,YOL111C,0.2020167112350464
tW(CCA)G1,YGL032C,0.2020167112350464
tW(CCA)G1,YHR005C,0.2020167112350464
tW(CCA)G1,YDR103W,0.2020167112350464
tW(CCA)G1,YJR084W,0.2020167112350464
tW(CCA)G1,YCL032W,0.2020167112350464
tW(CCA)G1,YJL170C,0.2020167112350464
tW(CCA)G1,YDR179C,0.2020167112350464
tW(CCA)G1,YBR095C,0.2020167112350464
tW(CCA)G1,YLL021W,0.2020167112350464
tW(CCA)G1,YDL159W,0.2020167112350464
tW(CCA)G1,YNL161W,0.2020167112350464
tW(CCA)G1,YNL188W,0.2020167112350464
tW(CCA)G1,YJL157C,0.2020167112350464
tW(CCA)G1,YJL034W,0.2020167112350464
tW(CCA)G1,YLR238W,0.2020167112350464
tW(CCA)G1,YPR141C,0.2020167112350464
tW(CCA)G1,YNL127W,0.2020167112350464
tW(CCA)G1,YCL055W,0.2020167112350464
tW(CCA)G1,YPR122W,0.2020167112350464
tW(CCA)G1,YMR065W,0.2020167112350464
tW(CCA)G1,YDR356W,0.2020167112350464
tW(CCA)G1,YMR052W,0.2020167112350464
tW(CCA)G1,YFR008W,0.2020167112350464
tW(CCA)G1,YLL043W,0.2020167112350464
tW(CCA)G1,YMR029C,0.2020167112350464
tW(CCA)G1,YJR004C,0.2020167112350464
tW(CCA)G1,YDL223C,0.2020167112350464
tW(CCA)G1,YHR158C,0.2020167112350464
tW(CCA)G1,YGR238C,0.2020167112350464
tW(CCA)G1,YIL015W,0.2020167112350464
tW(CCA)G1,YGL173C,0.2020167112350464
tW(CCA)G1,YDL225W,0.2020167112350464
tW(CCA)G1,YLR330W,0.2020167112350464
tW(CCA)G1,YBR129C,0.2020167112350464
tW(CCA)G1,YKR095W-A,0.2020167112350464
tW(CCA)G1,YPR075C,0.2020167112350464
tW(CCA)G1,YMR198W,0.2020167112350464
tW(CCA)G1,YOR127W,0.2020167112350464
tW(CCA)G1,YDR264C,0.2020167112350464
tW(CCA)G1,YLR110C,0.2020167112350464
tW(CCA)G1,YDR379W,0.2020167112350464
tW(CCA)G1,YDL100C,0.2020167112350464
tW(CCA)G1,YHR073W,0.2020167112350464
tW(CCA)G1,YJR090C,0.2020167112350464
tW(CCA)G1,YOR208W,0.2020167112350464
tW(CCA)G1,YBR040W,0.2020167112350464
tW(CCA)G1,YNL279W,0.2020167112350464
tW(CCA)G1,YER075C,0.2020167112350464
tW(CCA)G1,YCR089W,0.2020167112350464
tW(CCA)G1,YCR002C,0.2020167112350464
tW(CCA)G1,YJL108C,0.2020167112350464
tW(CCA)G1,YBR200W,0.2020167112350464
tW(CCA)G1,YIL026C,0.2020167112350464
tW(CCA)G1,YJR076C,0.2020167112350464
tW(CCA)G1,YKR031C,0.2020167112350464
tW(CCA)G1,YPL192C,0.2020167112350464
tW(CCA)G1,YHR107C,0.2020167112350464
tW(CCA)G1,YIL037C,0.2020167112350464
tW(CCA)G1,YPL156C,0.2020167112350464
tW(CCA)G1,YIL117C,0.2020167112350464
tW(CCA)G1,YHR066W,0.2020167112350464
tW(CCA)G1,YML085C,0.2020167112350464
tW(CCA)G1,YML047C,0.2020167112350464
tW(CCA)G1,YDR312W,0.2020167112350464
tW(CCA)G1,YFL037W,0.2020167112350464
tW(CCA)G1,YDL038C,0.2020167112350464
tW(CCA)G1,YDL039C,0.2020167112350464
tW(CCA)G1,YCL027W,0.2020167112350464
tW(CCA)G1,YML124C,0.2020167112350464
tW(CCA)G1,YGL053W,0.2020167112350464
tW(CCA)G1,YMR232W,0.2020167112350464
tW(CCA)G1,YNL298W,0.2020167112350464
tW(CCA)G1,YGL099W,0.2020167112350464
tW(CCA)G1,YBL016W,0.2020167112350464
tW(CCA)G1,YAL041W,0.2020167112350464
tW(CCA)G1,YDR085C,0.2020167112350464
tW(CCA)G1,YPL187W,0.2020167112350464
tW(CCA)G1,YPL256C,0.2020167112350464
tW(CCA)G1,YDR461W,0.2020167112350464
tW(CCA)G1,YNL145W,0.2020167112350464
YDR473C,YDL165W,0.3734467029571533
YDR473C,YGR059W,2.630524249980226e-06
YDR473C,YBR109C,3.761882965136465e-07
YDR473C,YJL080C,8.728980901651084e-05
YDR473C,YCR093W,0.999658465385437
YDR473C,YIL122W,3.313595516374335e-05
YDR473C,YCL029C,2.9261740600028396e-12
YDR473C,YNL173C,3.2442032988910796e-06
YDR473C,YLR452C,0.034240178763866425
YDR473C,YDL160C,0.9986513257026672
YDR473C,YLR229C,3.808893200840657e-09
YDR473C,YML057W,3.412803835090017e-07
YDR473C,YER149C,0.13057060539722443
YDR473C,YMR305C,1.265277049800062e-10
YDR473C,YLR433C,0.6195045113563538
YDR473C,YJL073W,0.00099563121329993
YDR473C,YGR279C,0.9782947897911072
YDR473C,YKL190W,0.5591447949409485
YDR473C,YGL089C,0.801140546798706
YDR473C,YJL019W,1.1011158651541564e-09
YDR473C,YJL018W,0.011793136596679688
YDR473C,YNR032C-A,0.9997486472129822
YDR473C,YGL178W,0.9964442849159241
YDR473C,YKL116C,1.3115772468097475e-08
YDR473C,YDL214C,1.7574765251993085e-06
YDR473C,YLR362W,0.002292550401762128
YDR473C,YER068W,0.0013974698958918452
YDR473C,YHR084W,2.1105908687424346e-10
YDR473C,YDR392W,0.0004321185115259141
YDR473C,YNL053W,0.2313297688961029
YDR473C,YGR040W,0.0009631462744437158
YDR473C,YDL216C,0.8303531408309937
YDR473C,YOL117W,9.803105058381334e-06
YDR473C,YJR086W,0.9999178647994995
YDR473C,YMR025W,1.1607608030317351e-05
YDR473C,YBR081C,8.753729343879968e-05
YDR473C,YFL026W,1.9836870706058107e-06
YDR473C,YHL007C,7.289083919781447e-11
YDR473C,YNR044W,7.158698167586408e-08
YDR473C,YNL271C,0.0015888293273746967
YDR473C,YDR200C,0.0005750749842263758
YDR473C,YKL178C,0.15635813772678375
YDR473C,YOR212W,0.04651257395744324
YDR473C,YOL111C,1.6523127754908273e-08
YDR473C,YGL032C,0.005610206630080938
YDR473C,YHR005C,0.15670259296894073
YDR473C,YDR103W,0.8847412467002869
YDR473C,YJR084W,5.087539648229722e-06
YDR473C,YCL032W,0.021936828270554543
YDR473C,YJL170C,0.0868036299943924
YDR473C,YDR179C,0.005848103202879429
YDR473C,YBR095C,4.6809993364149705e-05
YDR473C,YLL021W,1.1305316682808098e-08
YDR473C,YDL159W,6.950353181878199e-09
YDR473C,YNL161W,0.01182042621076107
YDR473C,YNL188W,4.875785089097917e-05
YDR473C,YJL157C,0.9711044430732727
YDR473C,YJL034W,7.14136447754754e-08
YDR473C,YLR238W,6.786150333937258e-05
YDR473C,YPR141C,0.0037559508346021175
YDR473C,YNL127W,2.7164414859726094e-05
YDR473C,YCL055W,1.4685361975352862e-06
YDR473C,YPR122W,0.9975360631942749
YDR473C,YMR065W,0.001492326962761581
YDR473C,YDR356W,6.165389640955254e-05
YDR473C,YMR052W,6.244911492103711e-05
YDR473C,YFR008W,0.010781443677842617
YDR473C,YLL043W,0.00021392446069512516
YDR473C,YMR029C,4.6909200968059395e-09
YDR473C,YJR004C,0.00127349270042032
YDR473C,YDL223C,6.53552774565469e-07
YDR473C,YHR158C,4.358029457307566e-07
YDR473C,YGR238C,0.00023664925538469106
YDR473C,YIL015W,0.9578249454498291
YDR473C,YGL173C,0.000686882296577096
YDR473C,YDL225W,0.9920644164085388
YDR473C,YLR330W,7.577032192784827e-06
YDR473C,YBR129C,1.2315047419331204e-11
YDR473C,YKR095W-A,0.2020167112350464
YDR473C,YPR075C,0.14006678760051727
YDR473C,YMR198W,0.0002854613121598959
YDR473C,YOR127W,0.32412052154541016
YDR473C,YDR264C,0.061576277017593384
YDR473C,YLR110C,0.017859892919659615
YDR473C,YDR379W,0.009184121154248714
YDR473C,YDL100C,0.0002314027224201709
YDR473C,YHR073W,2.05712950673842e-07
YDR473C,YJR090C,0.16728325188159943
YDR473C,YOR208W,0.001082224422134459
YDR473C,YBR040W,0.9994627833366394
YDR473C,YNL279W,0.00010686952009564266
YDR473C,YER075C,0.0015107070794329047
YDR473C,YCR089W,0.5417664051055908
YDR473C,YCR002C,0.00010119697981281206
YDR473C,YJL108C,0.009910594671964645
YDR473C,YBR200W,5.081954768115793e-08
YDR473C,YIL026C,3.972259492002195e-06
YDR473C,YJR076C,1.0092442153109005e-06
YDR473C,YKR031C,0.00013914376904722303
YDR473C,YPL192C,0.5894120931625366
YDR473C,YHR107C,9.474400819442508e-09
YDR473C,YIL037C,0.014641921035945415
YDR473C,YPL156C,0.037491630762815475
YDR473C,YIL117C,0.5473547577857971
YDR473C,YHR066W,6.18706474941888e-10
YDR473C,YML085C,3.5062821552855894e-05
YDR473C,YML047C,0.9904834032058716
YDR473C,YDR312W,6.66391633785679e-06
YDR473C,YFL037W,1.8543184765462684e-08
YDR473C,YDL038C,0.2020167112350464
YDR473C,YDL039C,5.244819406720257e-17
YDR473C,YCL027W,0.4768151044845581
YDR473C,YML124C,1.7705660548816837e-10
YDR473C,YGL053W,0.0003505842760205269
YDR473C,YMR232W,0.005466090515255928
YDR473C,YNL298W,3.126231149508385e-06
YDR473C,YGL099W,0.0012031936785206199
YDR473C,YBL016W,0.08719509094953537
YDR473C,YAL041W,4.421531940579371e-08
YDR473C,YDR085C,1.4291878791539148e-09
YDR473C,YPL187W,0.6788179278373718
YDR473C,YPL256C,1.5006613729440232e-09
YDR473C,YDR461W,0.006942470092326403
YDR473C,YNL145W,1.902032749967475e-06
tV(UAC)B,YDL165W,0.018279824405908585
tV(UAC)B,YGR059W,3.47218920069281e-05
tV(UAC)B,YBR109C,0.024436097592115402
tV(UAC)B,YJL080C,0.0012304075062274933
tV(UAC)B,YCR093W,0.0008284188807010651
tV(UAC)B,YIL122W,0.04751167446374893
tV(UAC)B,YCL029C,0.06850304454565048
tV(UAC)B,YNL173C,3.3252479624934494e-05
tV(UAC)B,YLR452C,0.003829310182482004
tV(UAC)B,YDL160C,5.8242752857040614e-05
tV(UAC)B,YLR229C,0.001801509759388864
tV(UAC)B,YML057W,0.00010132985335076228
tV(UAC)B,YER149C,0.0007504512323066592
tV(UAC)B,YMR305C,0.00022773303498979658
tV(UAC)B,YLR433C,0.5234804153442383
tV(UAC)B,YJL073W,8.131203503580764e-05
tV(UAC)B,YGR279C,1.8058173736790195e-05
tV(UAC)B,YKL190W,0.00011135079694213346
tV(UAC)B,YGL089C,0.0003136388841085136
tV(UAC)B,YJL019W,9.691003651823848e-05
tV(UAC)B,YJL018W,0.2020167112350464
tV(UAC)B,YNR032C-A,0.022947389632463455
tV(UAC)B,YGL178W,0.0014437283389270306
tV(UAC)B,YKL116C,0.0006489070365205407
tV(UAC)B,YDL214C,0.12297596782445908
tV(UAC)B,YLR362W,0.010994261130690575
tV(UAC)B,YER068W,0.003517038654536009
tV(UAC)B,YHR084W,0.00011169323261128739
tV(UAC)B,YDR392W,0.14913307130336761
tV(UAC)B,YNL053W,2.1445990569191054e-05
tV(UAC)B,YGR040W,0.0006706648855470121
tV(UAC)B,YDL216C,0.0021777558140456676
tV(UAC)B,YOL117W,1.7194289512190153e-06
tV(UAC)B,YJR086W,0.00024761291570030153
tV(UAC)B,YMR025W,0.013582668267190456
tV(UAC)B,YBR081C,1.4548278159054462e-05
tV(UAC)B,YFL026W,0.0056255473755300045
tV(UAC)B,YHL007C,6.33255040156655e-05
tV(UAC)B,YNR044W,0.00161987473256886
tV(UAC)B,YNL271C,0.0002121878060279414
tV(UAC)B,YDR200C,0.13961392641067505
tV(UAC)B,YKL178C,0.00764516880735755
tV(UAC)B,YOR212W,0.004432719200849533
tV(UAC)B,YOL111C,0.00030251045245677233
tV(UAC)B,YGL032C,1.591444743098691e-05
tV(UAC)B,YHR005C,0.0040346309542655945
tV(UAC)B,YDR103W,0.007478446699678898
tV(UAC)B,YJR084W,0.36582502722740173
tV(UAC)B,YCL032W,0.2778961956501007
tV(UAC)B,YJL170C,0.004145556595176458
tV(UAC)B,YDR179C,0.10786960273981094
tV(UAC)B,YBR095C,0.12924638390541077
tV(UAC)B,YLL021W,0.2211148589849472
tV(UAC)B,YDL159W,2.023890147029306e-06
tV(UAC)B,YNL161W,1.4924711649655364e-05
tV(UAC)B,YNL188W,0.0012241033837199211
tV(UAC)B,YJL157C,5.340356074157171e-05
tV(UAC)B,YJL034W,0.08954896777868271
tV(UAC)B,YLR238W,0.8272832036018372
tV(UAC)B,YPR141C,0.004398939199745655
tV(UAC)B,YNL127W,0.022558847442269325
tV(UAC)B,YCL055W,0.0016080650966614485
tV(UAC)B,YPR122W,0.46839219331741333
tV(UAC)B,YMR065W,0.021479744464159012
tV(UAC)B,YDR356W,0.0008974971133284271
tV(UAC)B,YMR052W,0.5303698778152466
tV(UAC)B,YFR008W,0.13641081750392914
tV(UAC)B,YLL043W,0.23185478150844574
tV(UAC)B,YMR029C,3.5658835258800536e-05
tV(UAC)B,YJR004C,0.00535203143954277
tV(UAC)B,YDL223C,0.0018477988196536899
tV(UAC)B,YHR158C,0.0010454929433763027
tV(UAC)B,YGR238C,9.949164450517856e-06
tV(UAC)B,YIL015W,7.891889254096895e-06
tV(UAC)B,YGL173C,0.041520047932863235
tV(UAC)B,YDL225W,6.417586700990796e-05
tV(UAC)B,YLR330W,0.0019972610753029585
tV(UAC)B,YBR129C,0.014144652523100376
tV(UAC)B,YKR095W-A,0.2020167112350464
tV(UAC)B,YPR075C,0.0006604245281778276
tV(UAC)B,YMR198W,0.0036219984758645296
tV(UAC)B,YOR127W,0.5033312439918518
tV(UAC)B,YDR264C,0.00011101069685537368
tV(UAC)B,YLR110C,1.330367354057671e-06
tV(UAC)B,YDR379W,0.0825924500823021
tV(UAC)B,YDL100C,4.643959073291626e-06
tV(UAC)B,YHR073W,0.046244777739048004
tV(UAC)B,YJR090C,0.36758115887641907
tV(UAC)B,YOR208W,3.5181010389351286e-06
tV(UAC)B,YBR040W,0.0008520561968907714
tV(UAC)B,YNL279W,0.0011321596102789044
tV(UAC)B,YER075C,0.00178148050326854
tV(UAC)B,YCR089W,0.44474002718925476
tV(UAC)B,YCR002C,0.0229671448469162
tV(UAC)B,YJL108C,0.007095010485500097
tV(UAC)B,YBR200W,0.005123179405927658
tV(UAC)B,YIL026C,0.022257480770349503
tV(UAC)B,YJR076C,0.0017002318054437637
tV(UAC)B,YKR031C,1.0344157999497838e-05
tV(UAC)B,YPL192C,0.0021196745801717043
tV(UAC)B,YHR107C,0.00016439551836811006
tV(UAC)B,YIL037C,2.2647091100225225e-05
tV(UAC)B,YPL156C,0.04992147907614708
tV(UAC)B,YIL117C,0.00729448301717639
tV(UAC)B,YHR066W,0.0004118621873203665
tV(UAC)B,YML085C,0.006182859186083078
tV(UAC)B,YML047C,1.0212645065621473e-05
tV(UAC)B,YDR312W,0.0009382626158185303
tV(UAC)B,YFL037W,2.6912879548035562e-05
tV(UAC)B,YDL038C,0.2020167112350464
tV(UAC)B,YDL039C,0.041846614331007004
tV(UAC)B,YCL027W,0.017653334885835648
tV(UAC)B,YML124C,3.6244668422114046e-07
tV(UAC)B,YGL053W,0.0014852003660053015
tV(UAC)B,YMR232W,0.0018386328592896461
tV(UAC)B,YNL298W,0.02303800918161869
tV(UAC)B,YGL099W,0.0021357384975999594
tV(UAC)B,YBL016W,0.03518911078572273
tV(UAC)B,YAL041W,0.003398254280909896
tV(UAC)B,YDR085C,0.0007982643437571824
tV(UAC)B,YPL187W,0.00016081485955510288
tV(UAC)B,YPL256C,3.996944087703014e-06
tV(UAC)B,YDR461W,3.838863904093159e-06
tV(UAC)B,YNL145W,9.762521585798822e-06
tK(CUU)M,YDL165W,0.2020167112350464
tK(CUU)M,YGR059W,0.2020167112350464
tK(CUU)M,YBR109C,0.2020167112350464
tK(CUU)M,YJL080C,0.2020167112350464
tK(CUU)M,YCR093W,0.2020167112350464
tK(CUU)M,YIL122W,0.2020167112350464
tK(CUU)M,YCL029C,0.2020167112350464
tK(CUU)M,YNL173C,0.2020167112350464
tK(CUU)M,YLR452C,0.2020167112350464
tK(CUU)M,YDL160C,0.2020167112350464
tK(CUU)M,YLR229C,0.2020167112350464
tK(CUU)M,YML057W,0.2020167112350464
tK(CUU)M,YER149C,0.2020167112350464
tK(CUU)M,YMR305C,0.2020167112350464
tK(CUU)M,YLR433C,0.2020167112350464
tK(CUU)M,YJL073W,0.2020167112350464
tK(CUU)M,YGR279C,0.2020167112350464
tK(CUU)M,YKL190W,0.2020167112350464
tK(CUU)M,YGL089C,0.2020167112350464
tK(CUU)M,YJL019W,0.2020167112350464
tK(CUU)M,YJL018W,0.2020167112350464
tK(CUU)M,YNR032C-A,0.2020167112350464
tK(CUU)M,YGL178W,0.2020167112350464
tK(CUU)M,YKL116C,0.2020167112350464
tK(CUU)M,YDL214C,0.2020167112350464
tK(CUU)M,YLR362W,0.2020167112350464
tK(CUU)M,YER068W,0.2020167112350464
tK(CUU)M,YHR084W,0.2020167112350464
tK(CUU)M,YDR392W,0.2020167112350464
tK(CUU)M,YNL053W,0.2020167112350464
tK(CUU)M,YGR040W,0.2020167112350464
tK(CUU)M,YDL216C,0.2020167112350464
tK(CUU)M,YOL117W,0.2020167112350464
tK(CUU)M,YJR086W,0.2020167112350464
tK(CUU)M,YMR025W,0.2020167112350464
tK(CUU)M,YBR081C,0.2020167112350464
tK(CUU)M,YFL026W,0.2020167112350464
tK(CUU)M,YHL007C,0.2020167112350464
tK(CUU)M,YNR044W,0.2020167112350464
tK(CUU)M,YNL271C,0.2020167112350464
tK(CUU)M,YDR200C,0.2020167112350464
tK(CUU)M,YKL178C,0.2020167112350464
tK(CUU)M,YOR212W,0.2020167112350464
tK(CUU)M,YOL111C,0.2020167112350464
tK(CUU)M,YGL032C,0.2020167112350464
tK(CUU)M,YHR005C,0.2020167112350464
tK(CUU)M,YDR103W,0.2020167112350464
tK(CUU)M,YJR084W,0.2020167112350464
tK(CUU)M,YCL032W,0.2020167112350464
tK(CUU)M,YJL170C,0.2020167112350464
tK(CUU)M,YDR179C,0.2020167112350464
tK(CUU)M,YBR095C,0.2020167112350464
tK(CUU)M,YLL021W,0.2020167112350464
tK(CUU)M,YDL159W,0.2020167112350464
tK(CUU)M,YNL161W,0.2020167112350464
tK(CUU)M,YNL188W,0.2020167112350464
tK(CUU)M,YJL157C,0.2020167112350464
tK(CUU)M,YJL034W,0.2020167112350464
tK(CUU)M,YLR238W,0.2020167112350464
tK(CUU)M,YPR141C,0.2020167112350464
tK(CUU)M,YNL127W,0.2020167112350464
tK(CUU)M,YCL055W,0.2020167112350464
tK(CUU)M,YPR122W,0.2020167112350464
tK(CUU)M,YMR065W,0.2020167112350464
tK(CUU)M,YDR356W,0.2020167112350464
tK(CUU)M,YMR052W,0.2020167112350464
tK(CUU)M,YFR008W,0.2020167112350464
tK(CUU)M,YLL043W,0.2020167112350464
tK(CUU)M,YMR029C,0.2020167112350464
tK(CUU)M,YJR004C,0.2020167112350464
tK(CUU)M,YDL223C,0.2020167112350464
tK(CUU)M,YHR158C,0.2020167112350464
tK(CUU)M,YGR238C,0.2020167112350464
tK(CUU)M,YIL015W,0.2020167112350464
tK(CUU)M,YGL173C,0.2020167112350464
tK(CUU)M,YDL225W,0.2020167112350464
tK(CUU)M,YLR330W,0.2020167112350464
tK(CUU)M,YBR129C,0.2020167112350464
tK(CUU)M,YKR095W-A,0.2020167112350464
tK(CUU)M,YPR075C,0.2020167112350464
tK(CUU)M,YMR198W,0.2020167112350464
tK(CUU)M,YOR127W,0.2020167112350464
tK(CUU)M,YDR264C,0.2020167112350464
tK(CUU)M,YLR110C,0.2020167112350464
tK(CUU)M,YDR379W,0.2020167112350464
tK(CUU)M,YDL100C,0.2020167112350464
tK(CUU)M,YHR073W,0.2020167112350464
tK(CUU)M,YJR090C,0.2020167112350464
tK(CUU)M,YOR208W,0.2020167112350464
tK(CUU)M,YBR040W,0.2020167112350464
tK(CUU)M,YNL279W,0.2020167112350464
tK(CUU)M,YER075C,0.2020167112350464
tK(CUU)M,YCR089W,0.2020167112350464
tK(CUU)M,YCR002C,0.2020167112350464
tK(CUU)M,YJL108C,0.2020167112350464
tK(CUU)M,YBR200W,0.2020167112350464
tK(CUU)M,YIL026C,0.2020167112350464
tK(CUU)M,YJR076C,0.2020167112350464
tK(CUU)M,YKR031C,0.2020167112350464
tK(CUU)M,YPL192C,0.2020167112350464
tK(CUU)M,YHR107C,0.2020167112350464
tK(CUU)M,YIL037C,0.2020167112350464
tK(CUU)M,YPL156C,0.2020167112350464
tK(CUU)M,YIL117C,0.2020167112350464
tK(CUU)M,YHR066W,0.2020167112350464
tK(CUU)M,YML085C,0.2020167112350464
tK(CUU)M,YML047C,0.2020167112350464
tK(CUU)M,YDR312W,0.2020167112350464
tK(CUU)M,YFL037W,0.2020167112350464
tK(CUU)M,YDL038C,0.2020167112350464
tK(CUU)M,YDL039C,0.2020167112350464
tK(CUU)M,YCL027W,0.2020167112350464
tK(CUU)M,YML124C,0.2020167112350464
tK(CUU)M,YGL053W,0.2020167112350464
tK(CUU)M,YMR232W,0.2020167112350464
tK(CUU)M,YNL298W,0.2020167112350464
tK(CUU)M,YGL099W,0.2020167112350464
tK(CUU)M,YBL016W,0.2020167112350464
tK(CUU)M,YAL041W,0.2020167112350464
tK(CUU)M,YDR085C,0.2020167112350464
tK(CUU)M,YPL187W,0.2020167112350464
tK(CUU)M,YPL256C,0.2020167112350464
tK(CUU)M,YDR461W,0.2020167112350464
tK(CUU)M,YNL145W,0.2020167112350464
YMR314W,YDL165W,5.384098500371692e-09
YMR314W,YGR059W,4.212511242607242e-11
YMR314W,YBR109C,0.0074825529009103775
YMR314W,YJL080C,9.61596846593693e-09
YMR314W,YCR093W,0.0003093261911999434
YMR314W,YIL122W,8.898659871192649e-05
YMR314W,YCL029C,3.127629044641367e-09
YMR314W,YNL173C,0.0004965998814441264
YMR314W,YLR452C,5.109006906423019e-07
YMR314W,YDL160C,8.062335837166756e-06
YMR314W,YLR229C,7.731315587733434e-14
YMR314W,YML057W,3.637755027763312e-11
YMR314W,YER149C,9.60590932663763e-06
YMR314W,YMR305C,6.615922529817908e-07
YMR314W,YLR433C,0.00016012173728086054
YMR314W,YJL073W,5.3483025137647236e-18
YMR314W,YGR279C,4.886419446847867e-06
YMR314W,YKL190W,1.2325084753683768e-05
YMR314W,YGL089C,1.1643358277524385e-08
YMR314W,YJL019W,4.938332728854355e-13
YMR314W,YJL018W,0.0003524386265780777
YMR314W,YNR032C-A,0.0021554571576416492
YMR314W,YGL178W,6.351912816171534e-06
YMR314W,YKL116C,4.057469915608181e-09
YMR314W,YDL214C,4.20745273004286e-05
YMR314W,YLR362W,1.742247377478634e-07
YMR314W,YER068W,0.01820695772767067
YMR314W,YHR084W,1.4366492440132106e-09
YMR314W,YDR392W,2.1960079266136745e-07
YMR314W,YNL053W,2.8721649414364947e-07
YMR314W,YGR040W,0.0062520988285541534
YMR314W,YDL216C,0.00037558499025180936
YMR314W,YOL117W,6.527225338004428e-08
YMR314W,YJR086W,0.0014196537667885423
YMR314W,YMR025W,1.928218080138322e-05
YMR314W,YBR081C,1.346751469100127e-05
YMR314W,YFL026W,0.003946003038436174
YMR314W,YHL007C,5.651978451232109e-12
YMR314W,YNR044W,1.6451869200295732e-08
YMR314W,YNL271C,9.519862675944069e-10
YMR314W,YDR200C,2.914722976865569e-11
YMR314W,YKL178C,3.7375524698290974e-05
YMR314W,YOR212W,3.152368088787938e-10
YMR314W,YOL111C,5.437854620803442e-14
YMR314W,YGL032C,4.594450001604855e-05
YMR314W,YHR005C,1.0309371134553658e-07
YMR314W,YDR103W,0.03531733527779579
YMR314W,YJR084W,0.00026727988733910024
YMR314W,YCL032W,0.02611887827515602
YMR314W,YJL170C,2.5223116928430045e-09
YMR314W,YDR179C,6.2368001523894e-15
YMR314W,YBR095C,0.00022156907652970403
YMR314W,YLL021W,3.5940949652188414e-13
YMR314W,YDL159W,1.868473258059833e-12
YMR314W,YNL161W,2.31116126236941e-10
YMR314W,YNL188W,3.278532676631585e-05
YMR314W,YJL157C,2.1204887161729857e-06
YMR314W,YJL034W,4.084762394995778e-07
YMR314W,YLR238W,4.218082904117182e-05
YMR314W,YPR141C,1.4045421492525634e-09
YMR314W,YNL127W,1.9058521502302028e-05
YMR314W,YCL055W,3.3004052824026076e-09
YMR314W,YPR122W,9.481441326508744e-11
YMR314W,YMR065W,0.00012689907453022897
YMR314W,YDR356W,9.539903658151161e-06
YMR314W,YMR052W,2.1721811904740207e-08
YMR314W,YFR008W,0.0010007594246417284
YMR314W,YLL043W,4.8068573960335925e-05
YMR314W,YMR029C,1.6865677707755822e-06
YMR314W,YJR004C,1.1940748834149417e-08
YMR314W,YDL223C,6.1723837846416885e-12
YMR314W,YHR158C,1.3738973514421104e-08
YMR314W,YGR238C,2.3622102162335068e-05
YMR314W,YIL015W,4.500976865529083e-05
YMR314W,YGL173C,1.7563939763931558e-05
YMR314W,YDL225W,0.9152829051017761
YMR314W,YLR330W,0.5025684833526611
YMR314W,YBR129C,9.599086297384929e-06
YMR314W,YKR095W-A,0.2020167112350464
YMR314W,YPR075C,1.441831171870942e-14
YMR314W,YMR198W,0.14361365139484406
YMR314W,YOR127W,2.0877312323364094e-08
YMR314W,YDR264C,0.0019137575291097164
YMR314W,YLR110C,9.455271538172383e-06
YMR314W,YDR379W,0.005508393980562687
YMR314W,YDL100C,2.6852375574829e-13
YMR314W,YHR073W,0.00018938125867862254
YMR314W,YJR090C,1.1028005530988594e-07
YMR314W,YOR208W,8.59370811667759e-06
YMR314W,YBR040W,2.910511057052645e-06
YMR314W,YNL279W,1.5441082723555155e-06
YMR314W,YER075C,3.572678224372794e-06
YMR314W,YCR089W,1.109936783905141e-05
YMR314W,YCR002C,4.705086030298844e-05
YMR314W,YJL108C,0.0010846622753888369
YMR314W,YBR200W,3.0063420126680285e-05
YMR314W,YIL026C,3.5944026421930175e-07
YMR314W,YJR076C,2.7731992258139826e-09
YMR314W,YKR031C,0.8583784103393555
YMR314W,YPL192C,1.8314729004487162e-06
YMR314W,YHR107C,3.894459477127299e-10
YMR314W,YIL037C,0.00018867112521547824
YMR314W,YPL156C,4.2498511902522296e-05
YMR314W,YIL117C,1.9148278340708202e-07
YMR314W,YHR066W,7.904232284665839e-22
YMR314W,YML085C,2.526696740560736e-14
YMR314W,YML047C,0.04648876190185547
YMR314W,YDR312W,1.0864136612553921e-07
YMR314W,YFL037W,0.2940947413444519
YMR314W,YDL038C,0.2020167112350464
YMR314W,YDL039C,1.467465522876762e-16
YMR314W,YCL027W,0.004246157594025135
YMR314W,YML124C,4.59977016475932e-08
YMR314W,YGL053W,0.03687937185168266
YMR314W,YMR232W,3.25741566484794e-05
YMR314W,YNL298W,3.232573063394195e-12
YMR314W,YGL099W,2.0166362069834465e-12
YMR314W,YBL016W,1.2681886096821415e-10
YMR314W,YAL041W,1.1525033727366463e-07
YMR314W,YDR085C,1.133785954010591e-08
YMR314W,YPL187W,3.4586619790388795e-07
YMR314W,YPL256C,4.610112847025505e-10
YMR314W,YDR461W,9.955358647097557e-15
YMR314W,YNL145W,3.759569381145411e-06
YFR013W,YDL165W,0.3309813439846039
YFR013W,YGR059W,3.272894173278473e-05
YFR013W,YBR109C,1.8597876305648242e-06
YFR013W,YJL080C,0.0010004605865105987
YFR013W,YCR093W,0.9213439226150513
YFR013W,YIL122W,0.01660427823662758
YFR013W,YCL029C,4.74817118956139e-09
YFR013W,YNL173C,0.00037360982969403267
YFR013W,YLR452C,0.04687695577740669
YFR013W,YDL160C,0.34162914752960205
YFR013W,YLR229C,0.06526011973619461
YFR013W,YML057W,9.759994201719024e-11
YFR013W,YER149C,0.09710577875375748
YFR013W,YMR305C,9.581107588019222e-05
YFR013W,YLR433C,0.0030071751680225134
YFR013W,YJL073W,8.023564590509125e-10
YFR013W,YGR279C,0.0003036677371710539
YFR013W,YKL190W,0.5877600908279419
YFR013W,YGL089C,0.35436147451400757
YFR013W,YJL019W,0.32960522174835205
YFR013W,YJL018W,0.0013428041711449623
YFR013W,YNR032C-A,0.4929392337799072
YFR013W,YGL178W,0.07730669528245926
YFR013W,YKL116C,5.959623376838863e-05
YFR013W,YDL214C,0.7001131176948547
YFR013W,YLR362W,1.8735068806563504e-05
YFR013W,YER068W,2.0704324299458676e-07
YFR013W,YHR084W,9.177161253148824e-09
YFR013W,YDR392W,1.2926069936636253e-10
YFR013W,YNL053W,0.05491294711828232
YFR013W,YGR040W,0.021494286134839058
YFR013W,YDL216C,9.739966480992734e-05
YFR013W,YOL117W,7.788581446455112e-10
YFR013W,YJR086W,3.542773629305884e-05
YFR013W,YMR025W,2.521856367820874e-05
YFR013W,YBR081C,2.4752607714617625e-05
YFR013W,YFL026W,0.007044890429824591
YFR013W,YHL007C,0.001713303616270423
YFR013W,YNR044W,4.2110009923490566e-11
YFR013W,YNL271C,0.9761294722557068
YFR013W,YDR200C,0.021071622148156166
YFR013W,YKL178C,0.999990701675415
YFR013W,YOR212W,0.9954833984375
YFR013W,YOL111C,1.8656272082751e-09
YFR013W,YGL032C,0.20112599432468414
YFR013W,YHR005C,0.9667016863822937
YFR013W,YDR103W,3.977228971052682e-06
YFR013W,YJR084W,0.1783933937549591
YFR013W,YCL032W,6.082253811712235e-09
YFR013W,YJL170C,0.000241140354773961
YFR013W,YDR179C,1.8265633797143188e-11
YFR013W,YBR095C,0.00028615424525924027
YFR013W,YLL021W,0.00043482566252350807
YFR013W,YDL159W,4.142327816225588e-05
YFR013W,YNL161W,0.008487112820148468
YFR013W,YNL188W,1.3166099051886704e-05
YFR013W,YJL157C,0.8756629228591919
YFR013W,YJL034W,5.949750025990852e-09
YFR013W,YLR238W,8.565303133423185e-09
YFR013W,YPR141C,0.8300469517707825
YFR013W,YNL127W,0.0010947264963760972
YFR013W,YCL055W,5.252135948374814e-10
YFR013W,YPR122W,0.07610544562339783
YFR013W,YMR065W,0.0008365991525352001
YFR013W,YDR356W,3.6105955031340287e-11
YFR013W,YMR052W,1.4123311586899945e-07
YFR013W,YFR008W,0.0077072205021977425
YFR013W,YLL043W,0.0009060774464160204
YFR013W,YMR029C,0.02538960613310337
YFR013W,YJR004C,2.2075231242979498e-07
YFR013W,YDL223C,1.2865356854532177e-15
YFR013W,YHR158C,3.1190245408652117e-06
YFR013W,YGR238C,0.008061411790549755
YFR013W,YIL015W,0.999679446220398
YFR013W,YGL173C,1.8745563465927262e-06
YFR013W,YDL225W,0.0001769218361005187
YFR013W,YLR330W,5.597914576327412e-09
YFR013W,YBR129C,2.575429505213833e-07
YFR013W,YKR095W-A,0.2020167112350464
YFR013W,YPR075C,7.518155542562965e-11
YFR013W,YMR198W,3.4403885820211144e-06
YFR013W,YOR127W,0.07183004170656204
YFR013W,YDR264C,2.78162751783384e-05
YFR013W,YLR110C,1.1458575954748085e-07
YFR013W,YDR379W,1.1380149089745828e-06
YFR013W,YDL100C,0.006173861213028431
YFR013W,YHR073W,1.5836883903830312e-05
YFR013W,YJR090C,0.7236620783805847
YFR013W,YOR208W,2.581546887370223e-08
YFR013W,YBR040W,0.9463075995445251
YFR013W,YNL279W,8.31753004604252e-06
YFR013W,YER075C,2.2623528650456137e-07
YFR013W,YCR089W,2.9167884463277005e-07
YFR013W,YCR002C,9.121296898229048e-05
YFR013W,YJL108C,0.00013335233961697668
YFR013W,YBR200W,3.468159093245049e-06
YFR013W,YIL026C,0.006322175730019808
YFR013W,YJR076C,0.00011445838754298165
YFR013W,YKR031C,1.2366190738077876e-08
YFR013W,YPL192C,3.8041762309148908e-06
YFR013W,YHR107C,0.8677161931991577
YFR013W,YIL037C,5.580130846283282e-07
YFR013W,YPL156C,2.0995922511701792e-07
YFR013W,YIL117C,0.0002259706670884043
YFR013W,YHR066W,3.775664225713626e-09
YFR013W,YML085C,0.3420729339122772
YFR013W,YML047C,0.0034831741359084845
YFR013W,YDR312W,0.998915433883667
YFR013W,YFL037W,0.9826062917709351
YFR013W,YDL038C,0.2020167112350464
YFR013W,YDL039C,1.849779174278865e-08
YFR013W,YCL027W,7.010137609286815e-11
YFR013W,YML124C,0.0002597603597678244
YFR013W,YGL053W,0.00025523165822960436
YFR013W,YMR232W,1.983413655537447e-09
YFR013W,YNL298W,0.1375674605369568
YFR013W,YGL099W,1.9112476934424194e-08
YFR013W,YBL016W,3.723170084413141e-05
YFR013W,YAL041W,0.0314282663166523
YFR013W,YDR085C,0.0016217605443671346
YFR013W,YPL187W,0.004436632618308067
YFR013W,YPL256C,0.9440920352935791
YFR013W,YDR461W,1.652065290125293e-10
YFR013W,YNL145W,1.0438552244806942e-08
YML080W,YDL165W,2.840230592937587e-07
YML080W,YGR059W,1.3512135854654161e-10
YML080W,YBR109C,2.2738863743321236e-13
YML080W,YJL080C,2.046154218282581e-10
YML080W,YCR093W,0.0007757480489090085
YML080W,YIL122W,4.7527127122748425e-08
YML080W,YCL029C,3.350114630151779e-10
YML080W,YNL173C,7.42707631506967e-12
YML080W,YLR452C,0.00015666997933294624
YML080W,YDL160C,0.9104674458503723
YML080W,YLR229C,1.452617776465223e-15
YML080W,YML057W,1.8983761706169687e-15
YML080W,YER149C,1.7068137822207063e-05
YML080W,YMR305C,7.924288829286308e-12
YML080W,YLR433C,5.223728294367902e-07
YML080W,YJL073W,3.9576103036041926e-16
YML080W,YGR279C,4.774502321280849e-11
YML080W,YKL190W,1.1904547136509791e-05
YML080W,YGL089C,1.6325089973179274e-06
YML080W,YJL019W,0.0009916697163134813
YML080W,YJL018W,0.0005502585554495454
YML080W,YNR032C-A,0.007267173379659653
YML080W,YGL178W,2.663926579771214e-06
YML080W,YKL116C,2.2622979878317295e-12
YML080W,YDL214C,0.12027207762002945
YML080W,YLR362W,1.2208700717053489e-08
YML080W,YER068W,3.223357152502697e-19
YML080W,YHR084W,8.26652879482026e-08
YML080W,YDR392W,3.0289482727541284e-11
YML080W,YNL053W,1.3124073916515044e-07
YML080W,YGR040W,0.0006506202626042068
YML080W,YDL216C,5.144291321812489e-07
YML080W,YOL117W,1.542759855510667e-05
YML080W,YJR086W,2.0525079032218674e-12
YML080W,YMR025W,0.015475885011255741
YML080W,YBR081C,2.6678079190212145e-10
YML080W,YFL026W,3.4134084447856594e-10
YML080W,YHL007C,2.0014114809896455e-09
YML080W,YNR044W,5.773733574576667e-11
YML080W,YNL271C,3.1693539312982466e-06
YML080W,YDR200C,1.9985765551522368e-17
YML080W,YKL178C,0.006582255940884352
YML080W,YOR212W,2.8048546818482123e-10
YML080W,YOL111C,5.243704420194095e-15
YML080W,YGL032C,2.1238920344668344e-11
YML080W,YHR005C,3.820114500285854e-07
YML080W,YDR103W,9.262489442107835e-08
YML080W,YJR084W,8.123648171931563e-07
YML080W,YCL032W,5.095751598460652e-10
YML080W,YJL170C,0.00017850262520369142
YML080W,YDR179C,1.3784243435566168e-07
YML080W,YBR095C,0.007658808026462793
YML080W,YLL021W,6.245428352258386e-08
YML080W,YDL159W,8.328403782797977e-05
YML080W,YNL161W,0.011378206312656403
YML080W,YNL188W,2.1720594615450006e-13
YML080W,YJL157C,1.194685179658415e-16
YML080W,YJL034W,6.930626729993128e-17
YML080W,YLR238W,2.837143711076351e-06
YML080W,YPR141C,3.111846891279413e-10
YML080W,YNL127W,0.0004434219154063612
YML080W,YCL055W,1.8148290162334213e-11
YML080W,YPR122W,0.3623734414577484
YML080W,YMR065W,0.0005010515451431274
YML080W,YDR356W,0.00033706173417158425
YML080W,YMR052W,0.010786093771457672
YML080W,YFR008W,9.225273970514536e-06
YML080W,YLL043W,9.858264378437287e-13
YML080W,YMR029C,1.1401985041889495e-12
YML080W,YJR004C,1.1386427799505512e-15
YML080W,YDL223C,3.885370283428398e-14
YML080W,YHR158C,0.0015171054983511567
YML080W,YGR238C,1.5076391740934114e-12
YML080W,YIL015W,1.9316321697715466e-07
YML080W,YGL173C,6.499955418348691e-08
YML080W,YDL225W,6.972336119917544e-14
YML080W,YLR330W,3.9485923143916905e-16
YML080W,YBR129C,9.772875841917994e-09
YML080W,YKR095W-A,0.2020167112350464
YML080W,YPR075C,4.936080586048774e-06
YML080W,YMR198W,9.066918327249596e-10
YML080W,YOR127W,3.120759293345765e-12
YML080W,YDR264C,0.0058019268326461315
YML080W,YLR110C,5.79627368324509e-08
YML080W,YDR379W,6.191633019625442e-07
YML080W,YDL100C,5.108263118058787e-11
YML080W,YHR073W,2.8175083929349656e-14
YML080W,YJR090C,1.1250141369600897e-06
YML080W,YOR208W,3.679770443909547e-08
YML080W,YBR040W,4.431020528272711e-08
YML080W,YNL279W,1.910035879459926e-10
YML080W,YER075C,1.833404435214181e-11
YML080W,YCR089W,1.4078396434746843e-11
YML080W,YCR002C,6.829163794463966e-07
YML080W,YJL108C,0.015383207239210606
YML080W,YBR200W,9.340602943885834e-12
YML080W,YIL026C,4.017084928586989e-11
YML080W,YJR076C,4.598804843880533e-12
YML080W,YKR031C,3.151042449189845e-08
YML080W,YPL192C,0.0008656122372485697
YML080W,YHR107C,0.0008166427724063396
YML080W,YIL037C,2.922261321813835e-10
YML080W,YPL156C,1.5816953302660863e-09
YML080W,YIL117C,0.0005417164065875113
YML080W,YHR066W,2.6443789651473955e-20
YML080W,YML085C,3.5321290444116575e-17
YML080W,YML047C,8.913784199648944e-08
YML080W,YDR312W,4.008410790790062e-12
YML080W,YFL037W,1.7678053641713605e-14
YML080W,YDL038C,0.2020167112350464
YML080W,YDL039C,4.360053117158369e-12
YML080W,YCL027W,1.743604566284418e-10
YML080W,YML124C,2.590681210902066e-20
YML080W,YGL053W,8.29280377701025e-09
YML080W,YMR232W,0.0010783851612359285
YML080W,YNL298W,0.0006689554429613054
YML080W,YGL099W,6.749030207329743e-19
YML080W,YBL016W,9.461373737262173e-18
YML080W,YAL041W,2.925568878708873e-06
YML080W,YDR085C,2.5335137252113782e-05
YML080W,YPL187W,2.764497594398563e-06
YML080W,YPL256C,5.433849739510111e-19
YML080W,YDR461W,4.086690187643516e-12
YML080W,YNL145W,2.8590543561107795e-12
YMR127C,YDL165W,0.0021289284341037273
YMR127C,YGR059W,9.110976730009046e-12
YMR127C,YBR109C,0.22727766633033752
YMR127C,YJL080C,1.0140932538149627e-10
YMR127C,YCR093W,0.02613123506307602
YMR127C,YIL122W,4.405421350384131e-05
YMR127C,YCL029C,0.0005923284916207194
YMR127C,YNL173C,2.2918266676802412e-12
YMR127C,YLR452C,5.6959775065479334e-06
YMR127C,YDL160C,9.436074833502062e-06
YMR127C,YLR229C,2.655412112417821e-09
YMR127C,YML057W,1.2909006546005242e-12
YMR127C,YER149C,0.00012212066212669015
YMR127C,YMR305C,9.032290108734742e-06
YMR127C,YLR433C,1.513364736638323e-06
YMR127C,YJL073W,3.146725588432098e-11
YMR127C,YGR279C,8.664433103280911e-13
YMR127C,YKL190W,0.00015131395775824785
YMR127C,YGL089C,2.544928677516989e-12
YMR127C,YJL019W,1.2368502666504355e-08
YMR127C,YJL018W,0.10473302751779556
YMR127C,YNR032C-A,0.03910098224878311
YMR127C,YGL178W,6.774621579097584e-05
YMR127C,YKL116C,4.574342749204263e-13
YMR127C,YDL214C,9.292940603700117e-07
YMR127C,YLR362W,5.053425455869842e-10
YMR127C,YER068W,9.59091028818193e-09
YMR127C,YHR084W,5.544023906622897e-08
YMR127C,YDR392W,1.3823268701571023e-12
YMR127C,YNL053W,3.2464368649939845e-13
YMR127C,YGR040W,2.0137651972618187e-06
YMR127C,YDL216C,0.02647526003420353
YMR127C,YOL117W,6.006587796036911e-07
YMR127C,YJR086W,1.3858310694558895e-06
YMR127C,YMR025W,0.8161952495574951
YMR127C,YBR081C,0.0406063012778759
YMR127C,YFL026W,3.579020267352462e-05
YMR127C,YHL007C,1.3164628853701288e-06
YMR127C,YNR044W,4.374966361408994e-11
YMR127C,YNL271C,1.524477159092763e-12
YMR127C,YDR200C,6.147030973124856e-08
YMR127C,YKL178C,4.043725354563321e-09
YMR127C,YOR212W,5.200880423217313e-06
YMR127C,YOL111C,1.6832425731028167e-10
YMR127C,YGL032C,4.903313310933299e-06
YMR127C,YHR005C,5.733327998314053e-05
YMR127C,YDR103W,0.20469309389591217
YMR127C,YJR084W,1.9742548643396666e-15
YMR127C,YCL032W,5.340688744581712e-07
YMR127C,YJL170C,8.746403909754008e-05
YMR127C,YDR179C,0.0002658188750501722
YMR127C,YBR095C,1.1619691576925106e-05
YMR127C,YLL021W,7.727658726253139e-07
YMR127C,YDL159W,0.000493737228680402
YMR127C,YNL161W,6.199394469996733e-11
YMR127C,YNL188W,3.205469693057239e-05
YMR127C,YJL157C,0.00010373415716458112
YMR127C,YJL034W,3.992304316996487e-12
YMR127C,YLR238W,3.43854226230178e-05
YMR127C,YPR141C,3.1493345709066034e-09
YMR127C,YNL127W,0.0031878401059657335
YMR127C,YCL055W,2.470033599877297e-08
YMR127C,YPR122W,0.07636114209890366
YMR127C,YMR065W,0.00018605271179694682
YMR127C,YDR356W,1.3843342117070279e-07
YMR127C,YMR052W,9.74396516539855e-06
YMR127C,YFR008W,2.2197725684236502e-06
YMR127C,YLL043W,8.772654911531896e-13
YMR127C,YMR029C,0.00013888646208215505
YMR127C,YJR004C,1.2876958071887656e-13
YMR127C,YDL223C,2.1110849179883928e-11
YMR127C,YHR158C,0.1343979835510254
YMR127C,YGR238C,0.0019184930715709925
YMR127C,YIL015W,0.9392684102058411
YMR127C,YGL173C,8.291861377074383e-06
YMR127C,YDL225W,2.4540764570701867e-05
YMR127C,YLR330W,3.8975170217656443e-16
YMR127C,YBR129C,1.883102918043278e-08
YMR127C,YKR095W-A,0.2020167112350464
YMR127C,YPR075C,8.006473817268045e-10
YMR127C,YMR198W,0.0017725881189107895
YMR127C,YOR127W,0.000497764500323683
YMR127C,YDR264C,0.00016468641115352511
YMR127C,YLR110C,0.12068408727645874
YMR127C,YDR379W,1.0438134268042631e-06
YMR127C,YDL100C,0.11822333931922913
YMR127C,YHR073W,1.328337657469092e-05
YMR127C,YJR090C,3.832689831603569e-15
YMR127C,YOR208W,0.007264489773660898
YMR127C,YBR040W,0.05451704189181328
YMR127C,YNL279W,7.088006397093505e-12
YMR127C,YER075C,0.0006744967540726066
YMR127C,YCR089W,1.3652794450536021e-08
YMR127C,YCR002C,1.7428575249667233e-09
YMR127C,YJL108C,6.999144261499168e-06
YMR127C,YBR200W,1.6221083569689654e-05
YMR127C,YIL026C,2.424092482300466e-09
YMR127C,YJR076C,1.5957949983658182e-07
YMR127C,YKR031C,3.2627940527163446e-05
YMR127C,YPL192C,0.5740373134613037
YMR127C,YHR107C,1.567681207070848e-09
YMR127C,YIL037C,1.1637212992354762e-05
YMR127C,YPL156C,1.6887819143107663e-08
YMR127C,YIL117C,0.773061990737915
YMR127C,YHR066W,6.0455342988652294e-12
YMR127C,YML085C,4.886698684591906e-12
YMR127C,YML047C,0.006397962104529142
YMR127C,YDR312W,3.9629627357484765e-10
YMR127C,YFL037W,6.588988794679895e-13
YMR127C,YDL038C,0.2020167112350464
YMR127C,YDL039C,4.986436177162323e-12
YMR127C,YCL027W,3.2226040502791875e-07
YMR127C,YML124C,4.507366227761607e-14
YMR127C,YGL053W,6.189602572703734e-07
YMR127C,YMR232W,0.0004172584740445018
YMR127C,YNL298W,1.217108103190867e-08
YMR127C,YGL099W,1.698917395653865e-11
YMR127C,YBL016W,8.655738952256797e-07
YMR127C,YAL041W,0.0006107683875598013
YMR127C,YDR085C,0.9981921315193176
YMR127C,YPL187W,1.4043338524061255e-05
YMR127C,YPL256C,1.1977509922499449e-17
YMR127C,YDR461W,0.0011978442780673504
YMR127C,YNL145W,0.0007643863209523261
YDR479C,YDL165W,6.191454303916544e-06
YDR479C,YGR059W,4.8295274609699845e-05
YDR479C,YBR109C,5.875682518308167e-07
YDR479C,YJL080C,1.1572265498291379e-12
YDR479C,YCR093W,0.0065344832837581635
YDR479C,YIL122W,7.046131486276863e-06
YDR479C,YCL029C,4.76505445344555e-13
YDR479C,YNL173C,2.4798631784506142e-05
YDR479C,YLR452C,1.1483234363396377e-09
YDR479C,YDL160C,1.5604713965444716e-08
YDR479C,YLR229C,6.269719465823442e-11
YDR479C,YML057W,0.007657133974134922
YDR479C,YER149C,0.00021965200721751899
YDR479C,YMR305C,2.338852937100455e-05
YDR479C,YLR433C,4.622421612143768e-10
YDR479C,YJL073W,4.997988209008621e-15
YDR479C,YGR279C,2.3346101443166845e-05
YDR479C,YKL190W,4.531430306542461e-07
YDR479C,YGL089C,1.458805741094693e-06
YDR479C,YJL019W,0.9252899289131165
YDR479C,YJL018W,0.0010270292405039072
YDR479C,YNR032C-A,4.2173629481112584e-05
YDR479C,YGL178W,4.824680099879686e-10
YDR479C,YKL116C,5.354327549909887e-13
YDR479C,YDL214C,0.00018130586249753833
YDR479C,YLR362W,1.486949052775799e-08
YDR479C,YER068W,2.2957476630836027e-07
YDR479C,YHR084W,2.9322861413300094e-12
YDR479C,YDR392W,0.0009697788045741618
YDR479C,YNL053W,0.18658791482448578
YDR479C,YGR040W,3.845878381980583e-05
YDR479C,YDL216C,0.0018093195976689458
YDR479C,YOL117W,2.2577928575628903e-06
YDR479C,YJR086W,3.304331031017682e-08
YDR479C,YMR025W,5.445450369734317e-06
YDR479C,YBR081C,0.16884905099868774
YDR479C,YFL026W,0.9943038821220398
YDR479C,YHL007C,0.0004561249807011336
YDR479C,YNR044W,2.776248919644786e-08
YDR479C,YNL271C,1.2065920600434765e-06
YDR479C,YDR200C,0.0006859507993794978
YDR479C,YKL178C,0.00015388002793770283
YDR479C,YOR212W,3.996235875547427e-07
YDR479C,YOL111C,0.00029115568031556904
YDR479C,YGL032C,1.1604199823267436e-09
YDR479C,YHR005C,0.012243847362697124
YDR479C,YDR103W,0.0003996452724095434
YDR479C,YJR084W,0.658473014831543
YDR479C,YCL032W,0.001228588749654591
YDR479C,YJL170C,0.00011415775952627882
YDR479C,YDR179C,1.5445756652854303e-12
YDR479C,YBR095C,0.004837903659790754
YDR479C,YLL021W,1.1133402466612097e-07
YDR479C,YDL159W,8.030033882278076e-08
YDR479C,YNL161W,1.62337273650337e-05
YDR479C,YNL188W,1.298416804846117e-13
YDR479C,YJL157C,2.1868906696382445e-14
YDR479C,YJL034W,4.3885128775400517e-07
YDR479C,YLR238W,3.8886921460701274e-10
YDR479C,YPR141C,6.665103469138955e-10
YDR479C,YNL127W,0.006023778580129147
YDR479C,YCL055W,0.0009183183428831398
YDR479C,YPR122W,3.437430201591596e-11
YDR479C,YMR065W,0.9999781847000122
YDR479C,YDR356W,9.666353939508099e-09
YDR479C,YMR052W,0.000566166709177196
YDR479C,YFR008W,0.0009439205168746412
YDR479C,YLL043W,1.6692285953467945e-06
YDR479C,YMR029C,0.00013987021520733833
YDR479C,YJR004C,1.2559366041386966e-05
YDR479C,YDL223C,2.3098480073091565e-10
YDR479C,YHR158C,0.9649024605751038
YDR479C,YGR238C,3.2933199690887704e-05
YDR479C,YIL015W,0.07006222754716873
YDR479C,YGL173C,0.23905308544635773
YDR479C,YDL225W,1.3292044513946166e-06
YDR479C,YLR330W,0.00012075507402187213
YDR479C,YBR129C,0.0019716788083314896
YDR479C,YKR095W-A,0.2020167112350464
YDR479C,YPR075C,0.008744599297642708
YDR479C,YMR198W,0.0025390898808836937
YDR479C,YOR127W,4.323102320569205e-09
YDR479C,YDR264C,0.0004541620146483183
YDR479C,YLR110C,1.2495155488068121e-06
YDR479C,YDR379W,0.00018472218653187156
YDR479C,YDL100C,0.07970835268497467
YDR479C,YHR073W,0.004736445378512144
YDR479C,YJR090C,1.9597827805029056e-09
YDR479C,YOR208W,0.0011366128455847502
YDR479C,YBR040W,0.9943907856941223
YDR479C,YNL279W,0.012907824479043484
YDR479C,YER075C,0.013662785291671753
YDR479C,YCR089W,0.6534841656684875
YDR479C,YCR002C,1.704131136648357e-06
YDR479C,YJL108C,0.37118786573410034
YDR479C,YBR200W,1.0794863101182273e-06
YDR479C,YIL026C,2.638856130943168e-06
YDR479C,YJR076C,1.7795558360234054e-09
YDR479C,YKR031C,0.01693052425980568
YDR479C,YPL192C,0.38232994079589844
YDR479C,YHR107C,3.3467063076386694e-06
YDR479C,YIL037C,0.41161054372787476
YDR479C,YPL156C,0.9339678883552551
YDR479C,YIL117C,4.5332890294957906e-05
YDR479C,YHR066W,2.6675834428186908e-18
YDR479C,YML085C,4.064762415545431e-11
YDR479C,YML047C,0.2666853964328766
YDR479C,YDR312W,1.6399469282557533e-10
YDR479C,YFL037W,1.1076320305392073e-07
YDR479C,YDL038C,0.2020167112350464
YDR479C,YDL039C,4.121942689244967e-15
YDR479C,YCL027W,1.5472066934307804e-06
YDR479C,YML124C,6.759134976164205e-07
YDR479C,YGL053W,2.3715834629456367e-07
YDR479C,YMR232W,4.726104816654697e-05
YDR479C,YNL298W,6.510106767765788e-15
YDR479C,YGL099W,2.2384031477321042e-16
YDR479C,YBL016W,0.7973026037216187
YDR479C,YAL041W,0.30133873224258423
YDR479C,YDR085C,0.00044364071800373495
YDR479C,YPL187W,0.10518679022789001
YDR479C,YPL256C,3.6531233593706247e-10
YDR479C,YDR461W,7.478954557882389e-07
YDR479C,YNL145W,9.552999363782178e-11
YNL334C,YDL165W,2.5514417245631194e-08
YNL334C,YGR059W,6.687869702481919e-11
YNL334C,YBR109C,1.7101386617923708e-07
YNL334C,YJL080C,1.3406632470847057e-09
YNL334C,YCR093W,0.3254411816596985
YNL334C,YIL122W,8.298677300899726e-08
YNL334C,YCL029C,8.277939491101345e-15
YNL334C,YNL173C,5.255911331158991e-11
YNL334C,YLR452C,3.3186649229469817e-14
YNL334C,YDL160C,8.426670472516662e-10
YNL334C,YLR229C,4.439529188715596e-09
YNL334C,YML057W,1.4798973158036688e-09
YNL334C,YER149C,9.210654157779108e-13
YNL334C,YMR305C,1.6448563973543717e-13
YNL334C,YLR433C,1.4437363526909053e-09
YNL334C,YJL073W,7.699675857834876e-14
YNL334C,YGR279C,2.8257336470716155e-09
YNL334C,YKL190W,4.2424335495083645e-15
YNL334C,YGL089C,0.0009724684059619904
YNL334C,YJL019W,3.941038784205375e-08
YNL334C,YJL018W,0.0012985978974029422
YNL334C,YNR032C-A,5.548615149564284e-07
YNL334C,YGL178W,3.849616859952221e-06
YNL334C,YKL116C,6.82481224312248e-11
YNL334C,YDL214C,1.025069991555938e-06
YNL334C,YLR362W,2.9449700377881527e-05
YNL334C,YER068W,4.604872447089292e-05
YNL334C,YHR084W,2.731376680387143e-09
YNL334C,YDR392W,4.918117610941408e-07
YNL334C,YNL053W,2.635295537345428e-09
YNL334C,YGR040W,9.88944814928061e-10
YNL334C,YDL216C,0.0003038704744540155
YNL334C,YOL117W,2.750271505647106e-06
YNL334C,YJR086W,4.7565952539859336e-15
YNL334C,YMR025W,3.15036956521908e-08
YNL334C,YBR081C,2.1345676962103433e-12
YNL334C,YFL026W,9.239251141934801e-08
YNL334C,YHL007C,2.6811525222214527e-10
YNL334C,YNR044W,0.035612355917692184
YNL334C,YNL271C,0.00028677479713223875
YNL334C,YDR200C,1.196904020339673e-09
YNL334C,YKL178C,4.038871281863976e-08
YNL334C,YOR212W,7.484432518189976e-11
YNL334C,YOL111C,0.1578645259141922
YNL334C,YGL032C,2.757504375949793e-07
YNL334C,YHR005C,6.034123125209928e-14
YNL334C,YDR103W,4.5108761170808975e-10
YNL334C,YJR084W,2.086891072394792e-06
YNL334C,YCL032W,4.805602443758161e-11
YNL334C,YJL170C,1.302278007653257e-10
YNL334C,YDR179C,3.509339954049784e-12
YNL334C,YBR095C,1.8635282685863785e-05
YNL334C,YLL021W,1.6785234038252383e-05
YNL334C,YDL159W,5.380743445510645e-16
YNL334C,YNL161W,0.0030104881152510643
YNL334C,YNL188W,1.3100477300187485e-11
YNL334C,YJL157C,7.491972537146396e-15
YNL334C,YJL034W,2.721191272314627e-08
YNL334C,YLR238W,7.137531676804088e-10
YNL334C,YPR141C,6.496468944391931e-13
YNL334C,YNL127W,5.336585617854439e-10
YNL334C,YCL055W,1.148174444409733e-09
YNL334C,YPR122W,1.2408695404531045e-08
YNL334C,YMR065W,1.0746913403636427e-06
YNL334C,YDR356W,0.006103723309934139
YNL334C,YMR052W,8.633825814285956e-07
YNL334C,YFR008W,1.907383756147296e-12
YNL334C,YLL043W,1.0289516012562672e-06
YNL334C,YMR029C,7.944920416003143e-11
YNL334C,YJR004C,1.66367204457174e-08
YNL334C,YDL223C,8.316083932591312e-10
YNL334C,YHR158C,4.101949343748856e-06
YNL334C,YGR238C,1.1144748413016714e-07
YNL334C,YIL015W,5.739796971049316e-10
YNL334C,YGL173C,3.127045420114882e-05
YNL334C,YDL225W,9.276544687963906e-08
YNL334C,YLR330W,5.311186213052821e-11
YNL334C,YBR129C,0.00028710963670164347
YNL334C,YKR095W-A,0.2020167112350464
YNL334C,YPR075C,1.4178259455377429e-08
YNL334C,YMR198W,2.3901444712315367e-10
YNL334C,YOR127W,0.00041704793693497777
YNL334C,YDR264C,1.1809012155725856e-13
YNL334C,YLR110C,0.0005042253760620952
YNL334C,YDR379W,1.3109949748013605e-07
YNL334C,YDL100C,2.0160914368201054e-22
YNL334C,YHR073W,4.037939049794659e-08
YNL334C,YJR090C,0.002625635825097561
YNL334C,YOR208W,1.2356241363420395e-08
YNL334C,YBR040W,7.360116960342111e-09
YNL334C,YNL279W,3.1914878725891604e-13
YNL334C,YER075C,0.00019117940973956138
YNL334C,YCR089W,0.01892593316733837
YNL334C,YCR002C,1.0381821445422392e-16
YNL334C,YJL108C,0.8794419169425964
YNL334C,YBR200W,9.466079973208252e-06
YNL334C,YIL026C,7.80678080232293e-15
YNL334C,YJR076C,1.0147230611323721e-08
YNL334C,YKR031C,2.9060534534330884e-10
YNL334C,YPL192C,1.8177144056608086e-06
YNL334C,YHR107C,0.6992468237876892
YNL334C,YIL037C,2.875606419650012e-10
YNL334C,YPL156C,0.0001528554712422192
YNL334C,YIL117C,2.1546892270407625e-08
YNL334C,YHR066W,1.4355653614902732e-19
YNL334C,YML085C,5.5010158754587035e-12
YNL334C,YML047C,6.874628888908774e-05
YNL334C,YDR312W,1.00259433111205e-06
YNL334C,YFL037W,5.66047925271493e-16
YNL334C,YDL038C,0.2020167112350464
YNL334C,YDL039C,1.213109473985341e-13
YNL334C,YCL027W,2.1912850871565117e-16
YNL334C,YML124C,3.1231037824997013e-17
YNL334C,YGL053W,2.1398872602660187e-16
YNL334C,YMR232W,1.8107059185368257e-09
YNL334C,YNL298W,1.1907370662811445e-06
YNL334C,YGL099W,6.604238933505258e-09
YNL334C,YBL016W,1.2767187480833275e-11
YNL334C,YAL041W,2.1947081305095928e-11
YNL334C,YDR085C,9.475164119976398e-08
YNL334C,YPL187W,6.181779463076964e-05
YNL334C,YPL256C,5.361237864922154e-16
YNL334C,YDR461W,4.730348138170246e-19
YNL334C,YNL145W,7.66534503782168e-06
YPR028W,YDL165W,4.122298612489403e-14
YPR028W,YGR059W,2.2777420140979165e-12
YPR028W,YBR109C,2.3400403392770386e-07
YPR028W,YJL080C,0.0009760127286426723
YPR028W,YCR093W,2.058742933075397e-11
YPR028W,YIL122W,0.9891246557235718
YPR028W,YCL029C,1.3623575600973936e-09
YPR028W,YNL173C,6.51202008983276e-11
YPR028W,YLR452C,1.1382254730754604e-12
YPR028W,YDL160C,7.116254113759268e-11
YPR028W,YLR229C,3.087021832470782e-05
YPR028W,YML057W,7.810453617196345e-09
YPR028W,YER149C,0.42552822828292847
YPR028W,YMR305C,2.628844253393936e-09
YPR028W,YLR433C,3.4448469250492053e-06
YPR028W,YJL073W,1.6233363098194786e-08
YPR028W,YGR279C,0.9156897068023682
YPR028W,YKL190W,1.4923465130323166e-07
YPR028W,YGL089C,1.9106945192692848e-11
YPR028W,YJL019W,1.3090840184304398e-05
YPR028W,YJL018W,0.0013961929362267256
YPR028W,YNR032C-A,0.47291266918182373
YPR028W,YGL178W,4.067920599482022e-06
YPR028W,YKL116C,8.955723274084448e-08
YPR028W,YDL214C,0.0013538877246901393
YPR028W,YLR362W,0.9998918771743774
YPR028W,YER068W,9.613110887585208e-05
YPR028W,YHR084W,7.534559781641192e-12
YPR028W,YDR392W,9.497764949628618e-06
YPR028W,YNL053W,0.09038306772708893
YPR028W,YGR040W,0.0037633394822478294
YPR028W,YDL216C,0.9402217864990234
YPR028W,YOL117W,5.999351060381741e-07
YPR028W,YJR086W,0.00455211428925395
YPR028W,YMR025W,5.824764593853615e-05
YPR028W,YBR081C,4.3014133552787825e-06
YPR028W,YFL026W,2.429245853363682e-07
YPR028W,YHL007C,0.09456110000610352
YPR028W,YNR044W,2.267963074287227e-11
YPR028W,YNL271C,9.204508266691391e-09
YPR028W,YDR200C,0.0033559738658368587
YPR028W,YKL178C,1.4650181583419908e-06
YPR028W,YOR212W,6.48855973395257e-08
YPR028W,YOL111C,1.0321219573450335e-10
YPR028W,YGL032C,0.00040035718120634556
YPR028W,YHR005C,2.5373437892994843e-05
YPR028W,YDR103W,0.004119370598345995
YPR028W,YJR084W,0.05595136806368828
YPR028W,YCL032W,2.111649882730049e-10
YPR028W,YJL170C,4.442607740018367e-11
YPR028W,YDR179C,2.231517726158927e-07
YPR028W,YBR095C,0.0038461321964859962
YPR028W,YLL021W,4.187240276731785e-10
YPR028W,YDL159W,1.1115373899084346e-10
YPR028W,YNL161W,0.0010860757902264595
YPR028W,YNL188W,1.7349215397644002e-08
YPR028W,YJL157C,8.133860807113535e-10
YPR028W,YJL034W,1.7793493458165277e-12
YPR028W,YLR238W,0.000269700976787135
YPR028W,YPR141C,8.999820779299981e-15
YPR028W,YNL127W,1.706982402538415e-06
YPR028W,YCL055W,0.0009681470110081136
YPR028W,YPR122W,1.2457284552860881e-12
YPR028W,YMR065W,0.03546488657593727
YPR028W,YDR356W,4.414980867295526e-05
YPR028W,YMR052W,1.003225588647183e-05
YPR028W,YFR008W,1.9237051674281247e-05
YPR028W,YLL043W,0.050670914351940155
YPR028W,YMR029C,1.1036175237677526e-05
YPR028W,YJR004C,1.4121360747409994e-09
YPR028W,YDL223C,2.297227891853021e-15
YPR028W,YHR158C,9.158598879288604e-11
YPR028W,YGR238C,3.299838624570839e-09
YPR028W,YIL015W,0.6977349519729614
YPR028W,YGL173C,5.633795097104155e-10
YPR028W,YDL225W,0.06353750824928284
YPR028W,YLR330W,1.94645272122429e-10
YPR028W,YBR129C,9.720103832933091e-08
YPR028W,YKR095W-A,0.2020167112350464
YPR028W,YPR075C,5.119229172123596e-05
YPR028W,YMR198W,1.5115169844648335e-06
YPR028W,YOR127W,0.3934897780418396
YPR028W,YDR264C,0.4801954925060272
YPR028W,YLR110C,2.6555399657013368e-08
YPR028W,YDR379W,4.489239472604822e-06
YPR028W,YDL100C,2.673901349226071e-07
YPR028W,YHR073W,6.53500683256425e-06
YPR028W,YJR090C,0.0031994604505598545
YPR028W,YOR208W,1.5464234337514426e-09
YPR028W,YBR040W,0.003324379911646247
YPR028W,YNL279W,1.549502667330671e-05
YPR028W,YER075C,0.46696916222572327
YPR028W,YCR089W,1.921687726280652e-06
YPR028W,YCR002C,0.00012149450049037114
YPR028W,YJL108C,1.5423692878435702e-10
YPR028W,YBR200W,0.2526992857456207
YPR028W,YIL026C,2.1830042896908708e-05
YPR028W,YJR076C,4.02282748837024e-05
YPR028W,YKR031C,0.03383583575487137
YPR028W,YPL192C,2.1001682171117864e-08
YPR028W,YHR107C,3.768108626900357e-06
YPR028W,YIL037C,0.0010038375621661544
YPR028W,YPL156C,0.7470234632492065
YPR028W,YIL117C,2.0384810341056436e-05
YPR028W,YHR066W,7.935946821566175e-13
YPR028W,YML085C,1.6140732084224396e-09
YPR028W,YML047C,0.9894408583641052
YPR028W,YDR312W,6.778731767553836e-05
YPR028W,YFL037W,0.06472154706716537
YPR028W,YDL038C,0.2020167112350464
YPR028W,YDL039C,3.449865670912544e-10
YPR028W,YCL027W,3.391092468518764e-05
YPR028W,YML124C,3.0012173738214187e-05
YPR028W,YGL053W,7.805222579371218e-10
YPR028W,YMR232W,0.005465727765113115
YPR028W,YNL298W,0.006714091636240482
YPR028W,YGL099W,2.7804405913073316e-12
YPR028W,YBL016W,3.3369932594951024e-08
YPR028W,YAL041W,5.4155647376319394e-05
YPR028W,YDR085C,4.6295514266603277e-07
YPR028W,YPL187W,0.7512208223342896
YPR028W,YPL256C,1.1805922905949728e-10
YPR028W,YDR461W,5.199307304137868e-11
YPR028W,YNL145W,0.018699495121836662
YMR175W,YDL165W,9.331262117484584e-05
YMR175W,YGR059W,5.778721970273182e-06
YMR175W,YBR109C,1.1520401130837854e-06
YMR175W,YJL080C,2.277158767539228e-13
YMR175W,YCR093W,6.063824030573539e-13
YMR175W,YIL122W,0.004357294645160437
YMR175W,YCL029C,2.3030335971618854e-10
YMR175W,YNL173C,0.6436354517936707
YMR175W,YLR452C,8.029580283010554e-14
YMR175W,YDL160C,2.4529146003260394e-07
YMR175W,YLR229C,0.0003136065788567066
YMR175W,YML057W,3.5438904588680487e-10
YMR175W,YER149C,2.0120136468904093e-05
YMR175W,YMR305C,1.2643858404715047e-08
YMR175W,YLR433C,2.531834741859029e-10
YMR175W,YJL073W,2.8356721486488823e-06
YMR175W,YGR279C,9.322751282070385e-08
YMR175W,YKL190W,0.9993427395820618
YMR175W,YGL089C,0.801436722278595
YMR175W,YJL019W,0.010929174721240997
YMR175W,YJL018W,0.2020167112350464
YMR175W,YNR032C-A,0.01689436472952366
YMR175W,YGL178W,3.33682646669331e-06
YMR175W,YKL116C,5.0890522906854585e-09
YMR175W,YDL214C,3.788102276303107e-07
YMR175W,YLR362W,0.03456917777657509
YMR175W,YER068W,1.6974365024680083e-08
YMR175W,YHR084W,4.039419840284886e-11
YMR175W,YDR392W,0.0044836741872131824
YMR175W,YNL053W,0.9999961853027344
YMR175W,YGR040W,2.0878429651816077e-08
YMR175W,YDL216C,8.939159670262598e-06
YMR175W,YOL117W,9.820723789744079e-06
YMR175W,YJR086W,4.753959501613281e-07
YMR175W,YMR025W,3.392218059161678e-05
YMR175W,YBR081C,1.6593829059274867e-05
YMR175W,YFL026W,4.049224497371107e-11
YMR175W,YHL007C,9.819396407095837e-10
YMR175W,YNR044W,0.9297183752059937
YMR175W,YNL271C,0.8621971011161804
YMR175W,YDR200C,3.6179130802338477e-09
YMR175W,YKL178C,0.0021528322249650955
YMR175W,YOR212W,8.255672412360582e-08
YMR175W,YOL111C,0.0038767901714891195
YMR175W,YGL032C,0.0015518463915213943
YMR175W,YHR005C,6.08638517363147e-09
YMR175W,YDR103W,0.9852741956710815
YMR175W,YJR084W,1.225003171817507e-12
YMR175W,YCL032W,0.9840866923332214
YMR175W,YJL170C,1.0047344858321594e-06
YMR175W,YDR179C,1.3067763120488962e-06
YMR175W,YBR095C,1.1593098179218941e-06
YMR175W,YLL021W,9.585332918504719e-07
YMR175W,YDL159W,5.318769036311011e-11
YMR175W,YNL161W,0.0012952374527230859
YMR175W,YNL188W,2.9904914100598035e-08
YMR175W,YJL157C,1.6469142022357275e-11
YMR175W,YJL034W,4.0430572088848895e-19
YMR175W,YLR238W,1.9685296592797386e-06
YMR175W,YPR141C,6.653714024196233e-09
YMR175W,YNL127W,0.024656837806105614
YMR175W,YCL055W,7.620118225304395e-08
YMR175W,YPR122W,0.0506305955350399
YMR175W,YMR065W,0.0020285695791244507
YMR175W,YDR356W,0.01722557470202446
YMR175W,YMR052W,5.960406497251824e-07
YMR175W,YFR008W,4.250138943007187e-07
YMR175W,YLL043W,0.9881027340888977
YMR175W,YMR029C,3.600304721018688e-09
YMR175W,YJR004C,0.03384891524910927
YMR175W,YDL223C,1.431467467227776e-06
YMR175W,YHR158C,2.4541784160447833e-09
YMR175W,YGR238C,9.604625716974624e-08
YMR175W,YIL015W,4.843896476813825e-06
YMR175W,YGL173C,0.0009409600170329213
YMR175W,YDL225W,7.341031671437293e-10
YMR175W,YLR330W,0.03465576842427254
YMR175W,YBR129C,9.699681413621875e-07
YMR175W,YKR095W-A,0.2020167112350464
YMR175W,YPR075C,4.772797623786573e-08
YMR175W,YMR198W,0.11831779778003693
YMR175W,YOR127W,9.021667210618034e-06
YMR175W,YDR264C,1.0328551347527082e-09
YMR175W,YLR110C,0.0007029246189631522
YMR175W,YDR379W,4.961157537763938e-05
YMR175W,YDL100C,1.0016450559605095e-12
YMR175W,YHR073W,5.021339893573895e-05
YMR175W,YJR090C,1.2157598575868178e-05
YMR175W,YOR208W,7.535192025898141e-08
YMR175W,YBR040W,5.5771474762877915e-06
YMR175W,YNL279W,0.995644211769104
YMR175W,YER075C,0.9034468531608582
YMR175W,YCR089W,0.3145465850830078
YMR175W,YCR002C,5.222108825364558e-07
YMR175W,YJL108C,6.96706621283738e-08
YMR175W,YBR200W,0.0005492272903211415
YMR175W,YIL026C,7.886230264375627e-07
YMR175W,YJR076C,4.0649158705718946e-08
YMR175W,YKR031C,0.0023878987412899733
YMR175W,YPL192C,7.589142114738934e-07
YMR175W,YHR107C,0.0018556683789938688
YMR175W,YIL037C,0.0005623815231956542
YMR175W,YPL156C,0.8901064395904541
YMR175W,YIL117C,9.689746548247058e-06
YMR175W,YHR066W,2.9836768906249533e-12
YMR175W,YML085C,0.0043558902107179165
YMR175W,YML047C,0.023183783516287804
YMR175W,YDR312W,2.544091512390878e-05
YMR175W,YFL037W,9.252212151977801e-08
YMR175W,YDL038C,0.2020167112350464
YMR175W,YDL039C,5.897357482353982e-07
YMR175W,YCL027W,3.6665718994299823e-07
YMR175W,YML124C,7.042855187933128e-10
YMR175W,YGL053W,3.642589285757225e-10
YMR175W,YMR232W,0.49653634428977966
YMR175W,YNL298W,9.800924090086482e-07
YMR175W,YGL099W,7.372961616236573e-12
YMR175W,YBL016W,0.03755251690745354
YMR175W,YAL041W,0.999421238899231
YMR175W,YDR085C,3.6137579040307344e-11
YMR175W,YPL187W,0.0002656055730767548
YMR175W,YPL256C,6.777007774405597e-12
YMR175W,YDR461W,9.75044295419014e-16
YMR175W,YNL145W,0.4129035472869873
YML068W,YDL165W,0.0001517234049970284
YML068W,YGR059W,1.5536371078539446e-09
YML068W,YBR109C,5.126293035573326e-05
YML068W,YJL080C,1.808396774549692e-07
YML068W,YCR093W,0.7119289636611938
YML068W,YIL122W,0.002579821739345789
YML068W,YCL029C,6.411640378787558e-17
YML068W,YNL173C,0.0038058245554566383
YML068W,YLR452C,0.8782539367675781
YML068W,YDL160C,0.9654540419578552
YML068W,YLR229C,3.886864163860082e-08
YML068W,YML057W,1.1344336598995142e-06
YML068W,YER149C,0.8986387848854065
YML068W,YMR305C,1.2924575685246964e-06
YML068W,YLR433C,1.9458719080489573e-08
YML068W,YJL073W,5.330056600076627e-13
YML068W,YGR279C,1.0067164879501433e-09
YML068W,YKL190W,0.03310708329081535
YML068W,YGL089C,1.6302983567584306e-05
YML068W,YJL019W,0.0001734738179948181
YML068W,YJL018W,0.0015312684699892998
YML068W,YNR032C-A,0.4850901663303375
YML068W,YGL178W,0.0003127276140730828
YML068W,YKL116C,1.4553447355114373e-14
YML068W,YDL214C,9.631259308662266e-05
YML068W,YLR362W,1.6365469363791713e-14
YML068W,YER068W,6.269753072274398e-08
YML068W,YHR084W,3.0167784936807607e-10
YML068W,YDR392W,4.6125575581257294e-10
YML068W,YNL053W,0.0006495242705568671
YML068W,YGR040W,6.163996295072138e-05
YML068W,YDL216C,0.0005319087649695575
YML068W,YOL117W,0.3602615296840668
YML068W,YJR086W,2.3844086172175594e-05
YML068W,YMR025W,0.1438131481409073
YML068W,YBR081C,4.72754254587926e-05
YML068W,YFL026W,1.1871303513544262e-06
YML068W,YHL007C,0.0012398904655128717
YML068W,YNR044W,1.5910547546127418e-08
YML068W,YNL271C,1.911614759819713e-07
YML068W,YDR200C,5.071084160590544e-06
YML068W,YKL178C,2.3477405193261802e-05
YML068W,YOR212W,0.0032570408657193184
YML068W,YOL111C,2.518758947189781e-06
YML068W,YGL032C,1.3213623972774258e-08
YML068W,YHR005C,7.293756425497122e-06
YML068W,YDR103W,0.001564169768244028
YML068W,YJR084W,0.4309077262878418
YML068W,YCL032W,4.223363794153556e-05
YML068W,YJL170C,3.83032805473249e-08
YML068W,YDR179C,2.562598189204124e-10
YML068W,YBR095C,2.6002523051404935e-11
YML068W,YLL021W,1.6161615690180042e-07
YML068W,YDL159W,1.977297415578505e-06
YML068W,YNL161W,0.00020705285714939237
YML068W,YNL188W,2.4595394609860932e-09
YML068W,YJL157C,2.2532181901624426e-05
YML068W,YJL034W,4.070020764856963e-08
YML068W,YLR238W,0.011441177688539028
YML068W,YPR141C,2.419305866752097e-10
YML068W,YNL127W,0.002596692182123661
YML068W,YCL055W,7.990633849042084e-11
YML068W,YPR122W,0.12343449145555496
YML068W,YMR065W,0.00893319584429264
YML068W,YDR356W,1.3397179416188565e-12
YML068W,YMR052W,0.006447742227464914
YML068W,YFR008W,0.00014260553871281445
YML068W,YLL043W,2.4147704607457854e-05
YML068W,YMR029C,0.010397632606327534
YML068W,YJR004C,4.432854690955557e-12
YML068W,YDL223C,6.5224838863287e-08
YML068W,YHR158C,0.022945011034607887
YML068W,YGR238C,1.3013549127194324e-09
YML068W,YIL015W,0.0001868450635811314
YML068W,YGL173C,0.46195483207702637
YML068W,YDL225W,3.2168586017178313e-08
YML068W,YLR330W,1.1041669661926434e-10
YML068W,YBR129C,4.7984027332859114e-05
YML068W,YKR095W-A,0.2020167112350464
YML068W,YPR075C,2.1176869285932653e-11
YML068W,YMR198W,0.00042188726365566254
YML068W,YOR127W,2.849557631634525e-06
YML068W,YDR264C,0.0006768232560716569
YML068W,YLR110C,0.9071375131607056
YML068W,YDR379W,3.9949896168955945e-10
YML068W,YDL100C,0.5030579566955566
YML068W,YHR073W,1.5473924225295477e-11
YML068W,YJR090C,4.143559662050933e-10
YML068W,YOR208W,3.171976743487903e-07
YML068W,YBR040W,0.020976893603801727
YML068W,YNL279W,2.0181938452878967e-05
YML068W,YER075C,3.021817518433778e-10
YML068W,YCR089W,7.562815929063049e-10
YML068W,YCR002C,0.04910790175199509
YML068W,YJL108C,0.05769239366054535
YML068W,YBR200W,7.211864954115299e-07
YML068W,YIL026C,3.8380232581403106e-05
YML068W,YJR076C,7.2171810643339995e-06
YML068W,YKR031C,2.8923986405970936e-07
YML068W,YPL192C,0.0002721987257245928
YML068W,YHR107C,1.9095973584626336e-06
YML068W,YIL037C,1.6817232051380415e-08
YML068W,YPL156C,1.1123523213640851e-09
YML068W,YIL117C,2.955938498416799e-06
YML068W,YHR066W,2.122920369000328e-22
YML068W,YML085C,4.478111492733916e-10
YML068W,YML047C,0.4054814279079437
YML068W,YDR312W,1.6769818866890773e-09
YML068W,YFL037W,4.956898010277655e-06
YML068W,YDL038C,0.2020167112350464
YML068W,YDL039C,2.8197553106167022e-18
YML068W,YCL027W,0.9944868683815002
YML068W,YML124C,9.4468319389307e-08
YML068W,YGL053W,3.059228447455098e-06
YML068W,YMR232W,0.20582085847854614
YML068W,YNL298W,1.1381027889001416e-06
YML068W,YGL099W,1.4556847480889923e-12
YML068W,YBL016W,1.6738302292651497e-05
YML068W,YAL041W,5.678059476592334e-13
YML068W,YDR085C,3.506482926241006e-08
YML068W,YPL187W,1.507352521912253e-06
YML068W,YPL256C,1.0416770237497985e-05
YML068W,YDR461W,1.2047542650994725e-11
YML068W,YNL145W,6.651432471471708e-08
YLR436C,YDL165W,1.2334907317779198e-08
YLR436C,YGR059W,6.71720044920221e-06
YLR436C,YBR109C,0.0003825959865935147
YLR436C,YJL080C,4.513132353167748e-06
YLR436C,YCR093W,2.8519284569483716e-06
YLR436C,YIL122W,5.877761282135907e-07
YLR436C,YCL029C,0.2509673833847046
YLR436C,YNL173C,2.8275086151552387e-05
YLR436C,YLR452C,1.646664486543159e-06
YLR436C,YDL160C,2.0523776811387506e-07
YLR436C,YLR229C,1.1896376236109063e-05
YLR436C,YML057W,4.336504207458347e-05
YLR436C,YER149C,0.007180892396718264
YLR436C,YMR305C,0.010204034857451916
YLR436C,YLR433C,1.38599270949058e-10
YLR436C,YJL073W,1.846933059823641e-07
YLR436C,YGR279C,5.44504281663194e-08
YLR436C,YKL190W,3.680211024814639e-09
YLR436C,YGL089C,4.390670255816076e-06
YLR436C,YJL019W,3.1804447644390166e-06
YLR436C,YJL018W,0.0007608145824633539
YLR436C,YNR032C-A,3.29792122499839e-08
YLR436C,YGL178W,3.21450897899922e-05
YLR436C,YKL116C,7.949203073565059e-09
YLR436C,YDL214C,9.431522812519688e-06
YLR436C,YLR362W,0.007049662061035633
YLR436C,YER068W,8.614993930677883e-06
YLR436C,YHR084W,6.757181836292148e-07
YLR436C,YDR392W,1.6634436050821932e-08
YLR436C,YNL053W,0.00029168720357120037
YLR436C,YGR040W,3.156858292641118e-05
YLR436C,YDL216C,0.0001849077525548637
YLR436C,YOL117W,0.0005550403730012476
YLR436C,YJR086W,3.665888800201758e-14
YLR436C,YMR025W,5.100950147607364e-05
YLR436C,YBR081C,0.0007576755597256124
YLR436C,YFL026W,5.538244295166805e-06
YLR436C,YHL007C,5.313841033860456e-11
YLR436C,YNR044W,6.839531163649326e-09
YLR436C,YNL271C,0.0004643909924197942
YLR436C,YDR200C,5.455669452203438e-06
YLR436C,YKL178C,3.324302724649897e-06
YLR436C,YOR212W,0.0010014623403549194
YLR436C,YOL111C,0.00011367740080459043
YLR436C,YGL032C,2.2610594261865847e-16
YLR436C,YHR005C,6.030505517173879e-08
YLR436C,YDR103W,1.958134134838474e-06
YLR436C,YJR084W,0.0051713851280510426
YLR436C,YCL032W,9.670832514530048e-05
YLR436C,YJL170C,0.0009732965845614672
YLR436C,YDR179C,3.5128217859892175e-05
YLR436C,YBR095C,4.5801773040921034e-08
YLR436C,YLL021W,1.7211646081705112e-06
YLR436C,YDL159W,5.0929944706012975e-09
YLR436C,YNL161W,1.4223004995983501e-08
YLR436C,YNL188W,2.401571208565656e-08
YLR436C,YJL157C,1.4877050489303656e-05
YLR436C,YJL034W,4.133840145192913e-11
YLR436C,YLR238W,0.5678588151931763
YLR436C,YPR141C,0.0007918910123407841
YLR436C,YNL127W,2.276586201332975e-06
YLR436C,YCL055W,2.8045338273940956e-10
YLR436C,YPR122W,2.257485357404221e-05
YLR436C,YMR065W,0.003400494810193777
YLR436C,YDR356W,0.08507658541202545
YLR436C,YMR052W,2.9765833894912497e-12
YLR436C,YFR008W,8.029329023884202e-08
YLR436C,YLL043W,9.287765223575661e-09
YLR436C,YMR029C,3.1185045656911825e-08
YLR436C,YJR004C,1.8525281575421104e-06
YLR436C,YDL223C,3.807596252181078e-11
YLR436C,YHR158C,1.6729348573107927e-08
YLR436C,YGR238C,1.0819444895560082e-08
YLR436C,YIL015W,0.0009310888708569109
YLR436C,YGL173C,2.1633067603943346e-07
YLR436C,YDL225W,1.2719658659676725e-09
YLR436C,YLR330W,3.573770723797054e-10
YLR436C,YBR129C,0.970840573310852
YLR436C,YKR095W-A,0.2020167112350464
YLR436C,YPR075C,4.115585397812538e-06
YLR436C,YMR198W,8.22432957647834e-06
YLR436C,YOR127W,8.486073510560743e-10
YLR436C,YDR264C,9.858117782445106e-16
YLR436C,YLR110C,1.0542568134042085e-06
YLR436C,YDR379W,0.00344097544439137
YLR436C,YDL100C,0.10939263552427292
YLR436C,YHR073W,5.390230626289849e-07
YLR436C,YJR090C,1.2618112350537558e-06
YLR436C,YOR208W,5.396036915905622e-12
YLR436C,YBR040W,0.004737270530313253
YLR436C,YNL279W,7.497351628416027e-10
YLR436C,YER075C,0.9538261294364929
YLR436C,YCR089W,1.2009424210646102e-07
YLR436C,YCR002C,0.009250175207853317
YLR436C,YJL108C,5.364299795473926e-06
YLR436C,YBR200W,1.0681555551173005e-07
YLR436C,YIL026C,2.0325121793951517e-11
YLR436C,YJR076C,4.6492191358993296e-06
YLR436C,YKR031C,0.9374846816062927
YLR436C,YPL192C,0.24767126142978668
YLR436C,YHR107C,6.733686941373662e-09
YLR436C,YIL037C,1.1581887804368307e-07
YLR436C,YPL156C,0.6385884881019592
YLR436C,YIL117C,3.387869540460997e-08
YLR436C,YHR066W,1.0410724365916835e-10
YLR436C,YML085C,0.002433347050100565
YLR436C,YML047C,8.317459105455782e-06
YLR436C,YDR312W,0.008529316633939743
YLR436C,YFL037W,4.292725407140097e-06
YLR436C,YDL038C,0.2020167112350464
YLR436C,YDL039C,0.0743551030755043
YLR436C,YCL027W,6.651052331108076e-08
YLR436C,YML124C,0.00010029843542724848
YLR436C,YGL053W,1.0963504548655578e-09
YLR436C,YMR232W,2.4224002117989585e-05
YLR436C,YNL298W,1.6931641644291062e-09
YLR436C,YGL099W,1.812821714963775e-08
YLR436C,YBL016W,1.4838060735655745e-07
YLR436C,YAL041W,0.5391348004341125
YLR436C,YDR085C,3.6486704857452423e-07
YLR436C,YPL187W,2.589781388451229e-06
YLR436C,YPL256C,1.7131851564045064e-05
YLR436C,YDR461W,3.2580134336906985e-12
YLR436C,YNL145W,7.5287385215006e-09
YBR207W,YDL165W,5.545842896026443e-07
YBR207W,YGR059W,7.787571143502703e-10
YBR207W,YBR109C,0.004644960165023804
YBR207W,YJL080C,1.8697843024318567e-13
YBR207W,YCR093W,0.041803810745477676
YBR207W,YIL122W,0.004740290809422731
YBR207W,YCL029C,3.9151366593159764e-09
YBR207W,YNL173C,5.204121862334432e-07
YBR207W,YLR452C,2.079627620332758e-06
YBR207W,YDL160C,1.1050625289499294e-05
YBR207W,YLR229C,3.443679508219333e-10
YBR207W,YML057W,0.002138741547241807
YBR207W,YER149C,1.532432292172814e-09
YBR207W,YMR305C,1.372756227945417e-14
YBR207W,YLR433C,2.980274693697993e-09
YBR207W,YJL073W,4.764593233841374e-12
YBR207W,YGR279C,0.35960549116134644
YBR207W,YKL190W,4.767207428812981e-06
YBR207W,YGL089C,0.0431196428835392
YBR207W,YJL019W,0.0002363326639169827
YBR207W,YJL018W,0.0005823888350278139
YBR207W,YNR032C-A,0.025289446115493774
YBR207W,YGL178W,0.00301531795412302
YBR207W,YKL116C,1.0127759964007055e-08
YBR207W,YDL214C,0.0007712157093919814
YBR207W,YLR362W,1.0000402284049414e-07
YBR207W,YER068W,0.0015332724433392286
YBR207W,YHR084W,4.213019655363581e-10
YBR207W,YDR392W,2.1618603796014213e-08
YBR207W,YNL053W,0.0006441164296120405
YBR207W,YGR040W,0.42324748635292053
YBR207W,YDL216C,0.006173667963594198
YBR207W,YOL117W,0.01710442639887333
YBR207W,YJR086W,9.263915856649874e-09
YBR207W,YMR025W,4.548867309495108e-06
YBR207W,YBR081C,0.00039727461989969015
YBR207W,YFL026W,1.886783618232357e-09
YBR207W,YHL007C,1.191116510979029e-10
YBR207W,YNR044W,2.3071504529070808e-06
YBR207W,YNL271C,2.860154604475418e-13
YBR207W,YDR200C,8.066187301425387e-11
YBR207W,YKL178C,1.0721172657213174e-05
YBR207W,YOR212W,3.59686865930792e-15
YBR207W,YOL111C,0.05383085831999779
YBR207W,YGL032C,6.347797287808987e-12
YBR207W,YHR005C,1.3248076413674426e-07
YBR207W,YDR103W,5.93574234902805e-12
YBR207W,YJR084W,1.6344339215379478e-08
YBR207W,YCL032W,2.3327306735154707e-06
YBR207W,YJL170C,3.4213469916721806e-05
YBR207W,YDR179C,1.48263069377208e-07
YBR207W,YBR095C,0.0050645614974200726
YBR207W,YLL021W,5.238753875147495e-12
YBR207W,YDL159W,3.056839720586013e-12
YBR207W,YNL161W,1.0770938274617947e-07
YBR207W,YNL188W,1.015048722158296e-11
YBR207W,YJL157C,1.0380981491087127e-10
YBR207W,YJL034W,2.087717002855101e-14
YBR207W,YLR238W,6.84092019143101e-11
YBR207W,YPR141C,1.3415336397315514e-08
YBR207W,YNL127W,0.0024129864759743214
YBR207W,YCL055W,3.178721175167709e-11
YBR207W,YPR122W,4.186746949130793e-09
YBR207W,YMR065W,0.31848666071891785
YBR207W,YDR356W,8.41257008499241e-10
YBR207W,YMR052W,0.00018916143744718283
YBR207W,YFR008W,5.696515017916681e-06
YBR207W,YLL043W,1.0241753625739314e-11
YBR207W,YMR029C,0.00012549453822430223
YBR207W,YJR004C,0.0027632720302790403
YBR207W,YDL223C,5.819597390654963e-07
YBR207W,YHR158C,8.584735041949898e-05
YBR207W,YGR238C,0.00043661208474077284
YBR207W,YIL015W,1.2621929326370185e-12
YBR207W,YGL173C,1.28408800037505e-07
YBR207W,YDL225W,1.360552781548563e-09
YBR207W,YLR330W,2.6646511663841466e-09
YBR207W,YBR129C,7.166389443674648e-12
YBR207W,YKR095W-A,0.2020167112350464
YBR207W,YPR075C,0.0006019911379553378
YBR207W,YMR198W,9.452909580431879e-06
YBR207W,YOR127W,1.4015616223161942e-08
YBR207W,YDR264C,1.0172097539284941e-11
YBR207W,YLR110C,0.00036609816015698016
YBR207W,YDR379W,0.005559652112424374
YBR207W,YDL100C,9.98183202760572e-10
YBR207W,YHR073W,2.7511936423252337e-05
YBR207W,YJR090C,0.0054961638525128365
YBR207W,YOR208W,0.024971215054392815
YBR207W,YBR040W,3.109583076366107e-06
YBR207W,YNL279W,8.063923451118171e-05
YBR207W,YER075C,7.019425083854003e-06
YBR207W,YCR089W,0.00010002422641264275
YBR207W,YCR002C,3.0706700745487814e-13
YBR207W,YJL108C,0.47061100602149963
YBR207W,YBR200W,2.833705270433029e-09
YBR207W,YIL026C,6.77807115989637e-11
YBR207W,YJR076C,1.9268984186027183e-09
YBR207W,YKR031C,6.917425343999639e-05
YBR207W,YPL192C,2.3579689312214214e-09
YBR207W,YHR107C,1.2942818441075057e-14
YBR207W,YIL037C,3.948796347685857e-06
YBR207W,YPL156C,4.28566265808783e-10
YBR207W,YIL117C,1.9855974642268848e-07
YBR207W,YHR066W,4.037389491404768e-17
YBR207W,YML085C,0.0006530607352033257
YBR207W,YML047C,0.10936112701892853
YBR207W,YDR312W,1.018761846274903e-17
YBR207W,YFL037W,1.8157412284836028e-07
YBR207W,YDL038C,0.2020167112350464
YBR207W,YDL039C,8.118111054500332e-07
YBR207W,YCL027W,1.0326136647142992e-11
YBR207W,YML124C,3.0707361566711944e-12
YBR207W,YGL053W,0.01910361275076866
YBR207W,YMR232W,4.388024610335606e-09
YBR207W,YNL298W,4.189069091609099e-10
YBR207W,YGL099W,3.3131609028557232e-15
YBR207W,YBL016W,5.2041690401516405e-11
YBR207W,YAL041W,4.092898020502389e-09
YBR207W,YDR085C,8.942008571466431e-05
YBR207W,YPL187W,1.4860885130474344e-05
YBR207W,YPL256C,7.606955477967858e-06
YBR207W,YDR461W,1.3155186118094181e-15
YBR207W,YNL145W,2.744918736752311e-09
YCL020W,YDL165W,9.146901985834788e-11
YCL020W,YGR059W,7.192610610218253e-06
YCL020W,YBR109C,1.1285139862593496e-06
YCL020W,YJL080C,0.000412671419326216
YCL020W,YCR093W,2.7376025172998197e-05
YCL020W,YIL122W,2.0274835605960106e-06
YCL020W,YCL029C,1.0726230357249733e-06
YCL020W,YNL173C,2.5627123250160366e-05
YCL020W,YLR452C,3.368733814568259e-06
YCL020W,YDL160C,2.8929088102813694e-07
YCL020W,YLR229C,0.00021791622566524893
YCL020W,YML057W,0.0004582565452437848
YCL020W,YER149C,6.255743839611583e-11
YCL020W,YMR305C,8.221617164849704e-09
YCL020W,YLR433C,0.0070036924444139
YCL020W,YJL073W,0.00012417846301104873
YCL020W,YGR279C,3.803904178312223e-07
YCL020W,YKL190W,1.6378517386783642e-07
YCL020W,YGL089C,3.4966601560881827e-06
YCL020W,YJL019W,1.2556259143536863e-08
YCL020W,YJL018W,0.02356552705168724
YCL020W,YNR032C-A,3.5398184991208836e-05
YCL020W,YGL178W,1.036857497638266e-06
YCL020W,YKL116C,0.00012077303108526394
YCL020W,YDL214C,0.016232360154390335
YCL020W,YLR362W,3.5275568577297634e-10
YCL020W,YER068W,5.4698667817376645e-09
YCL020W,YHR084W,1.0234938940811844e-07
YCL020W,YDR392W,6.159151780593675e-06
YCL020W,YNL053W,0.024422187358140945
YCL020W,YGR040W,0.8211072087287903
YCL020W,YDL216C,1.8544003375778936e-15
YCL020W,YOL117W,3.019776442791944e-11
YCL020W,YJR086W,0.8115838766098022
YCL020W,YMR025W,6.94077129104187e-10
YCL020W,YBR081C,7.525129603891401e-07
YCL020W,YFL026W,1.2528967999969609e-05
YCL020W,YHL007C,6.471460034518373e-10
YCL020W,YNR044W,0.9931913018226624
YCL020W,YNL271C,3.2015543549590575e-09
YCL020W,YDR200C,3.159650441375561e-05
YCL020W,YKL178C,0.029630962759256363
YCL020W,YOR212W,2.9368875331670097e-08
YCL020W,YOL111C,2.4186493874367443e-07
YCL020W,YGL032C,0.003145814873278141
YCL020W,YHR005C,0.7567738890647888
YCL020W,YDR103W,1.7754698546923464e-06
YCL020W,YJR084W,1.942753215189441e-06
YCL020W,YCL032W,4.515668394766692e-11
YCL020W,YJL170C,0.0004640099941752851
YCL020W,YDR179C,3.0311010320617504e-13
YCL020W,YBR095C,0.01597975753247738
YCL020W,YLL021W,8.451649478047329e-07
YCL020W,YDL159W,1.9767841470718153e-14
YCL020W,YNL161W,1.0765803892809345e-07
YCL020W,YNL188W,1.546076808245367e-11
YCL020W,YJL157C,9.341162513010204e-05
YCL020W,YJL034W,1.6636487380847914e-13
YCL020W,YLR238W,0.2782391309738159
YCL020W,YPR141C,2.370889120584252e-07
YCL020W,YNL127W,1.2938992313138442e-06
YCL020W,YCL055W,0.48903870582580566
YCL020W,YPR122W,8.234903816628503e-07
YCL020W,YMR065W,0.6235030293464661
YCL020W,YDR356W,0.0003516515716910362
YCL020W,YMR052W,1.8082416675113677e-09
YCL020W,YFR008W,9.394977496413048e-06
YCL020W,YLL043W,8.5987566080057e-14
YCL020W,YMR029C,0.000334631884470582
YCL020W,YJR004C,3.794642964294326e-07
YCL020W,YDL223C,5.208553588431641e-09
YCL020W,YHR158C,0.0045709689147770405
YCL020W,YGR238C,5.121787993722648e-10
YCL020W,YIL015W,0.0027738262433558702
YCL020W,YGL173C,0.146121546626091
YCL020W,YDL225W,0.00014880712842568755
YCL020W,YLR330W,1.5493195633098367e-06
YCL020W,YBR129C,0.005099823232740164
YCL020W,YKR095W-A,0.2020167112350464
YCL020W,YPR075C,4.976495660002911e-09
YCL020W,YMR198W,0.03089158982038498
YCL020W,YOR127W,0.00018404568254482
YCL020W,YDR264C,1.0367952718581819e-08
YCL020W,YLR110C,1.9231009840137148e-10
YCL020W,YDR379W,0.061889924108982086
YCL020W,YDL100C,9.575671356287785e-06
YCL020W,YHR073W,5.383374627854209e-06
YCL020W,YJR090C,4.765818406582412e-09
YCL020W,YOR208W,1.2735946741671e-09
YCL020W,YBR040W,1.3543094610213302e-06
YCL020W,YNL279W,1.3671717169927433e-05
YCL020W,YER075C,3.5761549952439964e-06
YCL020W,YCR089W,0.5547866821289062
YCL020W,YCR002C,6.455510348502003e-09
YCL020W,YJL108C,0.020422441884875298
YCL020W,YBR200W,1.4533438954592568e-15
YCL020W,YIL026C,4.3804117012768984e-05
YCL020W,YJR076C,8.744256874138046e-09
YCL020W,YKR031C,1.5322383864631826e-14
YCL020W,YPL192C,0.2131355106830597
YCL020W,YHR107C,3.853429859645985e-07
YCL020W,YIL037C,3.7138881907594623e-06
YCL020W,YPL156C,0.05503227189183235
YCL020W,YIL117C,0.09017067402601242
YCL020W,YHR066W,3.60709551117111e-09
YCL020W,YML085C,1.487370782093933e-09
YCL020W,YML047C,0.07069971412420273
YCL020W,YDR312W,3.37997576593807e-08
YCL020W,YFL037W,8.770919635026075e-08
YCL020W,YDL038C,0.2020167112350464
YCL020W,YDL039C,1.4051670937931249e-08
YCL020W,YCL027W,0.6747857332229614
YCL020W,YML124C,3.817615834122989e-06
YCL020W,YGL053W,3.2611918868497014e-05
YCL020W,YMR232W,1.4721353181812447e-05
YCL020W,YNL298W,1.9043113752559293e-09
YCL020W,YGL099W,7.859461692572012e-11
YCL020W,YBL016W,0.5560110807418823
YCL020W,YAL041W,2.672305754458648e-06
YCL020W,YDR085C,2.48019830451085e-07
YCL020W,YPL187W,0.00503389211371541
YCL020W,YPL256C,0.000494958134368062
YCL020W,YDR461W,1.1175810868735425e-05
YCL020W,YNL145W,0.0006711179157719016
YPL178W,YDL165W,0.0004009316035080701
YPL178W,YGR059W,8.388538844883442e-06
YPL178W,YBR109C,2.705028236960061e-07
YPL178W,YJL080C,6.791399937355891e-05
YPL178W,YCR093W,0.7990357279777527
YPL178W,YIL122W,1.2582252395532123e-07
YPL178W,YCL029C,5.791115503805955e-11
YPL178W,YNL173C,2.4246566976415806e-09
YPL178W,YLR452C,0.011619223281741142
YPL178W,YDL160C,0.00012863185838796198
YPL178W,YLR229C,0.0004945971304550767
YPL178W,YML057W,6.0745396694983356e-06
YPL178W,YER149C,7.414287779283768e-07
YPL178W,YMR305C,5.154769951332128e-06
YPL178W,YLR433C,8.454979365524196e-07
YPL178W,YJL073W,0.8580672740936279
YPL178W,YGR279C,8.354816394273712e-09
YPL178W,YKL190W,3.577948248789653e-08
YPL178W,YGL089C,4.623005978032779e-09
YPL178W,YJL019W,6.063039108994417e-06
YPL178W,YJL018W,0.002353494754061103
YPL178W,YNR032C-A,0.1118423119187355
YPL178W,YGL178W,0.00032832531724125147
YPL178W,YKL116C,2.2018419087999064e-07
YPL178W,YDL214C,0.001643260708078742
YPL178W,YLR362W,3.747432142375828e-09
YPL178W,YER068W,1.0707644833019003e-05
YPL178W,YHR084W,1.760733225886213e-09
YPL178W,YDR392W,0.04895452782511711
YPL178W,YNL053W,3.632249217844219e-06
YPL178W,YGR040W,1.6956193576334044e-05
YPL178W,YDL216C,1.2733550214250045e-08
YPL178W,YOL117W,2.5727222574545294e-09
YPL178W,YJR086W,1.4475635907729156e-06
YPL178W,YMR025W,0.005934624001383781
YPL178W,YBR081C,0.3245495557785034
YPL178W,YFL026W,0.9895065426826477
YPL178W,YHL007C,5.575924660661258e-06
YPL178W,YNR044W,9.164116221427321e-08
YPL178W,YNL271C,0.002355047035962343
YPL178W,YDR200C,0.002230725483968854
YPL178W,YKL178C,4.674970568885328e-06
YPL178W,YOR212W,1.0198377253800572e-08
YPL178W,YOL111C,3.6603189229600375e-11
YPL178W,YGL032C,5.5381402489729226e-05
YPL178W,YHR005C,9.21198989090044e-06
YPL178W,YDR103W,0.0008194395923055708
YPL178W,YJR084W,0.0020188658963888884
YPL178W,YCL032W,7.4987551670346875e-06
YPL178W,YJL170C,2.5013278115437743e-09
YPL178W,YDR179C,3.084988319489168e-13
YPL178W,YBR095C,3.886441845679656e-06
YPL178W,YLL021W,2.3348711408743839e-07
YPL178W,YDL159W,3.638347152445931e-07
YPL178W,YNL161W,1.0835752618731931e-05
YPL178W,YNL188W,2.6185955626090163e-09
YPL178W,YJL157C,6.152943387860432e-05
YPL178W,YJL034W,8.060914638008398e-07
YPL178W,YLR238W,0.3590615391731262
YPL178W,YPR141C,0.18722040951251984
YPL178W,YNL127W,7.362814926636929e-07
YPL178W,YCL055W,0.0029658405110239983
YPL178W,YPR122W,3.7165204958000686e-07
YPL178W,YMR065W,0.014175856485962868
YPL178W,YDR356W,3.878454767633835e-14
YPL178W,YMR052W,0.25461655855178833
YPL178W,YFR008W,4.384351992570146e-09
YPL178W,YLL043W,0.005104313138872385
YPL178W,YMR029C,0.35380643606185913
YPL178W,YJR004C,1.431475652680092e-06
YPL178W,YDL223C,2.9585895365558113e-12
YPL178W,YHR158C,1.4117347291175975e-07
YPL178W,YGR238C,7.0322357714758255e-06
YPL178W,YIL015W,0.907456636428833
YPL178W,YGL173C,0.00010880723129957914
YPL178W,YDL225W,8.34550692441205e-11
YPL178W,YLR330W,0.00020494651107583195
YPL178W,YBR129C,4.625310975825414e-05
YPL178W,YKR095W-A,0.2020167112350464
YPL178W,YPR075C,7.340642308416301e-13
YPL178W,YMR198W,9.898359394355793e-07
YPL178W,YOR127W,1.3945104565451366e-13
YPL178W,YDR264C,0.027957580983638763
YPL178W,YLR110C,4.868518590228632e-05
YPL178W,YDR379W,1.6444815855720663e-06
YPL178W,YDL100C,1.9455045574545693e-08
YPL178W,YHR073W,3.7286383303580806e-05
YPL178W,YJR090C,0.8909357190132141
YPL178W,YOR208W,7.747118502265948e-08
YPL178W,YBR040W,0.7059704065322876
YPL178W,YNL279W,0.0002660635800566524
YPL178W,YER075C,1.4978438230173197e-05
YPL178W,YCR089W,8.417147729679331e-13
YPL178W,YCR002C,0.9939233660697937
YPL178W,YJL108C,0.00024373497581109405
YPL178W,YBR200W,1.3706797918899838e-09
YPL178W,YIL026C,5.016006980440579e-06
YPL178W,YJR076C,2.0369201436665207e-08
YPL178W,YKR031C,0.06965334713459015
YPL178W,YPL192C,0.0004126362327951938
YPL178W,YHR107C,7.112722499869051e-08
YPL178W,YIL037C,0.20986993610858917
YPL178W,YPL156C,3.129057776773969e-11
YPL178W,YIL117C,0.8696849346160889
YPL178W,YHR066W,1.7473389561928343e-06
YPL178W,YML085C,5.53431107365443e-13
YPL178W,YML047C,0.5015593767166138
YPL178W,YDR312W,8.829910029817256e-07
YPL178W,YFL037W,8.396527917398089e-09
YPL178W,YDL038C,0.2020167112350464
YPL178W,YDL039C,1.7323182888162592e-09
YPL178W,YCL027W,9.339878488390241e-07
YPL178W,YML124C,1.117279602169674e-08
YPL178W,YGL053W,2.6166130737692583e-06
YPL178W,YMR232W,2.0389820747368503e-06
YPL178W,YNL298W,2.8396893725357586e-09
YPL178W,YGL099W,5.419079229795898e-08
YPL178W,YBL016W,1.403833646551611e-11
YPL178W,YAL041W,0.0053664459846913815
YPL178W,YDR085C,6.627229875988405e-09
YPL178W,YPL187W,0.03241187334060669
YPL178W,YPL256C,0.0016911524580791593
YPL178W,YDR461W,2.013456708027661e-07
YPL178W,YNL145W,0.00040251630707643926
YER074W-A,YDL165W,4.7731282393215224e-05
YER074W-A,YGR059W,8.660512685310096e-05
YER074W-A,YBR109C,1.2132326219216338e-06
YER074W-A,YJL080C,3.144333049931447e-06
YER074W-A,YCR093W,0.2020167112350464
YER074W-A,YIL122W,4.8610865633236244e-05
YER074W-A,YCL029C,0.00020183497690595686
YER074W-A,YNL173C,7.403890776913613e-06
YER074W-A,YLR452C,1.4470554560830351e-05
YER074W-A,YDL160C,0.002404106082394719
YER074W-A,YLR229C,1.308966091073671e-07
YER074W-A,YML057W,6.5138767240569e-05
YER074W-A,YER149C,4.379880465421593e-06
YER074W-A,YMR305C,2.5371917899974505e-07
YER074W-A,YLR433C,0.00013898675388190895
YER074W-A,YJL073W,3.579354412863722e-08
YER074W-A,YGR279C,0.0005810484290122986
YER074W-A,YKL190W,1.3710631492358516e-06
YER074W-A,YGL089C,0.2020167112350464
YER074W-A,YJL019W,1.7709736255255848e-07
YER074W-A,YJL018W,0.2020167112350464
YER074W-A,YNR032C-A,0.2020167112350464
YER074W-A,YGL178W,5.814832547912374e-06
YER074W-A,YKL116C,2.770568016785546e-06
YER074W-A,YDL214C,0.2020167112350464
YER074W-A,YLR362W,0.0001703439193079248
YER074W-A,YER068W,7.050918156892294e-06
YER074W-A,YHR084W,4.8742066383056226e-08
YER074W-A,YDR392W,6.293019794156862e-08
YER074W-A,YNL053W,0.000375334988348186
YER074W-A,YGR040W,1.2292088285903446e-05
YER074W-A,YDL216C,4.5215415411803406e-06
YER074W-A,YOL117W,9.386409374201321e-07
YER074W-A,YJR086W,1.1456043466750998e-05
YER074W-A,YMR025W,4.934828211844433e-06
YER074W-A,YBR081C,2.8180090794194257e-06
YER074W-A,YFL026W,3.86764804716222e-06
YER074W-A,YHL007C,7.419501343974844e-05
YER074W-A,YNR044W,0.11713331192731857
YER074W-A,YNL271C,6.657943595200777e-05
YER074W-A,YDR200C,0.00010437812306918204
YER074W-A,YKL178C,0.0003253930190112442
YER074W-A,YOR212W,5.570736902882345e-06
YER074W-A,YOL111C,4.941370548294799e-07
YER074W-A,YGL032C,6.96539217415193e-08
YER074W-A,YHR005C,0.00859032478183508
YER074W-A,YDR103W,0.00025835202541202307
YER074W-A,YJR084W,7.936517249618191e-06
YER074W-A,YCL032W,2.431844040984288e-05
YER074W-A,YJL170C,1.7690728100205888e-06
YER074W-A,YDR179C,2.5542326511640567e-06
YER074W-A,YBR095C,6.622842920478433e-05
YER074W-A,YLL021W,1.601623694114096e-06
YER074W-A,YDL159W,0.00029627387993969023
YER074W-A,YNL161W,0.08924593776464462
YER074W-A,YNL188W,2.1594811983050022e-07
YER074W-A,YJL157C,2.6683304099606175e-07
YER074W-A,YJL034W,6.911100172146689e-07
YER074W-A,YLR238W,1.037089873534569e-06
YER074W-A,YPR141C,0.2020167112350464
YER074W-A,YNL127W,0.0001897608453873545
YER074W-A,YCL055W,1.0384422921561054e-07
YER074W-A,YPR122W,3.548684162524296e-06
YER074W-A,YMR065W,8.187012281268835e-05
YER074W-A,YDR356W,9.232633146893932e-07
YER074W-A,YMR052W,3.956411021022177e-08
YER074W-A,YFR008W,4.396959866426187e-06
YER074W-A,YLL043W,0.00010199030657531694
YER074W-A,YMR029C,0.001255708746612072
YER074W-A,YJR004C,1.804039939656832e-08
YER074W-A,YDL223C,2.208032725548037e-07
YER074W-A,YHR158C,2.0994784790673293e-05
YER074W-A,YGR238C,9.591312633006055e-09
YER074W-A,YIL015W,1.2416833783390757e-07
YER074W-A,YGL173C,1.7414931789971888e-05
YER074W-A,YDL225W,5.064907782070804e-06
YER074W-A,YLR330W,0.0005299631739035249
YER074W-A,YBR129C,1.4422158756133285e-06
YER074W-A,YKR095W-A,0.2020167112350464
YER074W-A,YPR075C,0.004657103214412928
YER074W-A,YMR198W,0.0003080730384681374
YER074W-A,YOR127W,0.0006102525512687862
YER074W-A,YDR264C,2.5064253350137733e-05
YER074W-A,YLR110C,3.298638162618772e-08
YER074W-A,YDR379W,6.437875708797947e-05
YER074W-A,YDL100C,3.2305329966675345e-08
YER074W-A,YHR073W,9.330503871751716e-07
YER074W-A,YJR090C,9.383855649502948e-05
YER074W-A,YOR208W,9.765090908331331e-06
YER074W-A,YBR040W,5.877066087123239e-06
YER074W-A,YNL279W,1.537149728392251e-05
YER074W-A,YER075C,2.4108799152600113e-06
YER074W-A,YCR089W,0.00043678985093720257
YER074W-A,YCR002C,5.695200755440055e-08
YER074W-A,YJL108C,3.3251115382881835e-05
YER074W-A,YBR200W,0.2020167112350464
YER074W-A,YIL026C,1.3168950317776762e-05
YER074W-A,YJR076C,6.707687589369016e-06
YER074W-A,YKR031C,6.856611889816122e-06
YER074W-A,YPL192C,1.453895777103753e-07
YER074W-A,YHR107C,0.0005550086498260498
YER074W-A,YIL037C,1.524134972896718e-06
YER074W-A,YPL156C,0.00027665201923809946
YER074W-A,YIL117C,1.7449977463002142e-07
YER074W-A,YHR066W,0.00011921282566618174
YER074W-A,YML085C,0.00014407798880711198
YER074W-A,YML047C,3.3294043078058166e-06
YER074W-A,YDR312W,0.0017581977881491184
YER074W-A,YFL037W,1.4553758774127346e-05
YER074W-A,YDL038C,0.2020167112350464
YER074W-A,YDL039C,4.027996510558296e-06
YER074W-A,YCL027W,0.2020167112350464
YER074W-A,YML124C,2.8151802666798176e-08
YER074W-A,YGL053W,2.55306476901751e-05
YER074W-A,YMR232W,9.639422387408558e-06
YER074W-A,YNL298W,5.347210026229732e-05
YER074W-A,YGL099W,9.251883170691144e-07
YER074W-A,YBL016W,1.735583850859257e-06
YER074W-A,YAL041W,5.728362566514988e-07
YER074W-A,YDR085C,2.029299821515451e-06
YER074W-A,YPL187W,5.0522339734015986e-05
YER074W-A,YPL256C,4.745186288346304e-06
YER074W-A,YDR461W,1.962034019697967e-07
YER074W-A,YNL145W,9.866589607554488e-07
YJL020C,YDL165W,3.4959102279685794e-09
YJL020C,YGR059W,4.015719180794353e-12
YJL020C,YBR109C,0.0002791281440295279
YJL020C,YJL080C,0.0032657012343406677
YJL020C,YCR093W,0.28726792335510254
YJL020C,YIL122W,3.997912244813051e-06
YJL020C,YCL029C,8.894720515684185e-10
YJL020C,YNL173C,8.939630060922354e-05
YJL020C,YLR452C,4.664781044994015e-06
YJL020C,YDL160C,0.01188727654516697
YJL020C,YLR229C,3.034920936784147e-08
YJL020C,YML057W,7.5839284363610204e-06
YJL020C,YER149C,0.9999144077301025
YJL020C,YMR305C,9.249667698441044e-09
YJL020C,YLR433C,1.655649430176709e-05
YJL020C,YJL073W,1.4092052524894427e-10
YJL020C,YGR279C,3.4368144952168223e-06
YJL020C,YKL190W,1.9496036729460542e-10
YJL020C,YGL089C,0.0036300786305218935
YJL020C,YJL019W,0.005019063595682383
YJL020C,YJL018W,0.05614349991083145
YJL020C,YNR032C-A,0.001897361595183611
YJL020C,YGL178W,0.013081449083983898
YJL020C,YKL116C,3.5162375788821976e-10
YJL020C,YDL214C,0.3977721333503723
YJL020C,YLR362W,9.483676066679436e-09
YJL020C,YER068W,4.190134017534319e-09
YJL020C,YHR084W,2.937345255915602e-09
YJL020C,YDR392W,0.0015262216329574585
YJL020C,YNL053W,1.547411754287964e-09
YJL020C,YGR040W,0.15173645317554474
YJL020C,YDL216C,2.0200539438519627e-05
YJL020C,YOL117W,2.1214839307504008e-06
YJL020C,YJR086W,0.007823609746992588
YJL020C,YMR025W,3.0910043278709054e-05
YJL020C,YBR081C,2.6692372557590716e-05
YJL020C,YFL026W,0.3934996426105499
YJL020C,YHL007C,2.7867730750585906e-05
YJL020C,YNR044W,0.3494284749031067
YJL020C,YNL271C,0.00013618740194942802
YJL020C,YDR200C,1.5046959561004769e-05
YJL020C,YKL178C,3.426445687182422e-07
YJL020C,YOR212W,0.000862225191667676
YJL020C,YOL111C,1.7250906125809706e-07
YJL020C,YGL032C,2.820932550051669e-11
YJL020C,YHR005C,0.9999997615814209
YJL020C,YDR103W,0.0014128421898931265
YJL020C,YJR084W,0.0002589653595350683
YJL020C,YCL032W,5.389228681451641e-05
YJL020C,YJL170C,0.0014139303239062428
YJL020C,YDR179C,1.1862615958166487e-15
YJL020C,YBR095C,4.310290751163848e-05
YJL020C,YLL021W,1.6811826930585028e-10
YJL020C,YDL159W,1.5481025350538857e-09
YJL020C,YNL161W,2.384229758067846e-10
YJL020C,YNL188W,0.8980699181556702
YJL020C,YJL157C,2.0120261012834817e-08
YJL020C,YJL034W,7.27193374960855e-11
YJL020C,YLR238W,6.077107883584176e-08
YJL020C,YPR141C,0.04118845611810684
YJL020C,YNL127W,0.0006051876698620617
YJL020C,YCL055W,4.441790679265978e-06
YJL020C,YPR122W,0.001776161603629589
YJL020C,YMR065W,0.00015940360026434064
YJL020C,YDR356W,0.00022636442736256868
YJL020C,YMR052W,0.020186949521303177
YJL020C,YFR008W,9.159621549770236e-05
YJL020C,YLL043W,2.097828161184978e-10
YJL020C,YMR029C,7.798859769536648e-06
YJL020C,YJR004C,0.0005756877944804728
YJL020C,YDL223C,1.3561133119233126e-11
YJL020C,YHR158C,6.826663593528792e-06
YJL020C,YGR238C,1.5970525168995664e-07
YJL020C,YIL015W,0.5679327845573425
YJL020C,YGL173C,0.056680887937545776
YJL020C,YDL225W,1.3766101106260642e-11
YJL020C,YLR330W,2.7051599317928776e-05
YJL020C,YBR129C,1.4601243825129728e-10
YJL020C,YKR095W-A,0.2020167112350464
YJL020C,YPR075C,2.0215081164565163e-08
YJL020C,YMR198W,0.8129865527153015
YJL020C,YOR127W,1.9141418306389824e-05
YJL020C,YDR264C,1.3106766800774494e-06
YJL020C,YLR110C,0.0006113362032920122
YJL020C,YDR379W,0.00026682362658903003
YJL020C,YDL100C,3.5259037911572477e-09
YJL020C,YHR073W,3.3811604680522578e-06
YJL020C,YJR090C,5.0437258536373264e-11
YJL020C,YOR208W,3.1423865731738942e-09
YJL020C,YBR040W,0.5817619562149048
YJL020C,YNL279W,0.31119197607040405
YJL020C,YER075C,9.629334272176493e-06
YJL020C,YCR089W,0.00023271545069292188
YJL020C,YCR002C,1.7794059203879442e-06
YJL020C,YJL108C,0.9818108677864075
YJL020C,YBR200W,0.00014058825036045164
YJL020C,YIL026C,1.3530614850765232e-08
YJL020C,YJR076C,7.579561497550458e-05
YJL020C,YKR031C,7.923939847387373e-06
YJL020C,YPL192C,0.006889330688863993
YJL020C,YHR107C,0.00014734365686308593
YJL020C,YIL037C,3.088824087171815e-05
YJL020C,YPL156C,0.01600768230855465
YJL020C,YIL117C,1.487433928559767e-05
YJL020C,YHR066W,6.3618142446917526e-18
YJL020C,YML085C,6.334112754302623e-07
YJL020C,YML047C,0.01728951185941696
YJL020C,YDR312W,0.8514648675918579
YJL020C,YFL037W,2.9865211672586156e-06
YJL020C,YDL038C,0.2020167112350464
YJL020C,YDL039C,3.431202544312839e-10
YJL020C,YCL027W,1.1501777663625035e-07
YJL020C,YML124C,7.455317252436089e-09
YJL020C,YGL053W,3.109909812337719e-05
YJL020C,YMR232W,0.9988407492637634
YJL020C,YNL298W,3.214015720232055e-10
YJL020C,YGL099W,2.601266544388636e-07
YJL020C,YBL016W,0.17840519547462463
YJL020C,YAL041W,0.005195979494601488
YJL020C,YDR085C,6.0996284446446225e-05
YJL020C,YPL187W,0.986884355545044
YJL020C,YPL256C,1.3090597406062443e-07
YJL020C,YDR461W,7.230282502185568e-17
YJL020C,YNL145W,0.9374150037765503
YJR153W,YDL165W,3.1012816634756746e-06
YJR153W,YGR059W,4.26689517052381e-10
YJR153W,YBR109C,1.2508854752013576e-06
YJR153W,YJL080C,1.8523567177908262e-06
YJR153W,YCR093W,4.205916866339976e-06
YJR153W,YIL122W,2.3791746025549065e-13
YJR153W,YCL029C,1.5699305744298897e-10
YJR153W,YNL173C,1.1937706858589081e-06
YJR153W,YLR452C,0.00016859614697750658
YJR153W,YDL160C,0.8871887922286987
YJR153W,YLR229C,0.9973468780517578
YJR153W,YML057W,1.3552931221738618e-08
YJR153W,YER149C,1.877641445102718e-11
YJR153W,YMR305C,0.27621757984161377
YJR153W,YLR433C,4.1795480965056697e-10
YJR153W,YJL073W,2.4228474519087488e-14
YJR153W,YGR279C,3.1688404789065316e-08
YJR153W,YKL190W,0.00020015216432511806
YJR153W,YGL089C,0.0007284285966306925
YJR153W,YJL019W,1.2736614962705062e-07
YJR153W,YJL018W,0.00026604809681884944
YJR153W,YNR032C-A,1.294662433792837e-05
YJR153W,YGL178W,0.0016578101785853505
YJR153W,YKL116C,4.416904175741365e-08
YJR153W,YDL214C,9.159246587842063e-07
YJR153W,YLR362W,6.799174201432834e-08
YJR153W,YER068W,2.8457253914426772e-12
YJR153W,YHR084W,0.0025122412480413914
YJR153W,YDR392W,5.352330134655858e-08
YJR153W,YNL053W,0.9306430220603943
YJR153W,YGR040W,0.8490713834762573
YJR153W,YDL216C,2.541031551839268e-10
YJR153W,YOL117W,1.1350516970765057e-08
YJR153W,YJR086W,4.815527750862136e-12
YJR153W,YMR025W,0.05121771618723869
YJR153W,YBR081C,1.4259748937206496e-09
YJR153W,YFL026W,7.732614548672245e-10
YJR153W,YHL007C,8.653375932476948e-11
YJR153W,YNR044W,0.9999953508377075
YJR153W,YNL271C,0.000603565014898777
YJR153W,YDR200C,0.0024198153987526894
YJR153W,YKL178C,3.4981210319529055e-06
YJR153W,YOR212W,3.542681383805757e-07
YJR153W,YOL111C,0.0009621218778192997
YJR153W,YGL032C,1.3405021537238326e-09
YJR153W,YHR005C,5.817472370495125e-08
YJR153W,YDR103W,0.0001923785894177854
YJR153W,YJR084W,6.907556193702646e-10
YJR153W,YCL032W,8.317499577970011e-09
YJR153W,YJL170C,0.9992666840553284
YJR153W,YDR179C,0.0016240212135016918
YJR153W,YBR095C,1.2918869742861716e-06
YJR153W,YLL021W,0.036344923079013824
YJR153W,YDL159W,8.268815319956158e-12
YJR153W,YNL161W,1.205833086714847e-05
YJR153W,YNL188W,2.4858868528099265e-06
YJR153W,YJL157C,1.0124998652827344e-06
YJR153W,YJL034W,4.518855975581227e-15
YJR153W,YLR238W,3.36937555402983e-05
YJR153W,YPR141C,3.809857429537544e-10
YJR153W,YNL127W,9.413359848553515e-12
YJR153W,YCL055W,1.0
YJR153W,YPR122W,1.059966416505631e-05
YJR153W,YMR065W,0.9986993074417114
YJR153W,YDR356W,4.629272964962183e-08
YJR153W,YMR052W,7.640038823808482e-09
YJR153W,YFR008W,0.019177477806806564
YJR153W,YLL043W,0.0012644135858863592
YJR153W,YMR029C,0.00026446671108715236
YJR153W,YJR004C,3.5115510854666354e-06
YJR153W,YDL223C,0.00018980300228577107
YJR153W,YHR158C,0.7816770672798157
YJR153W,YGR238C,2.3693980892858235e-06
YJR153W,YIL015W,0.10800568759441376
YJR153W,YGL173C,0.18655242025852203
YJR153W,YDL225W,0.2728537917137146
YJR153W,YLR330W,0.7589486837387085
YJR153W,YBR129C,1.096035675413054e-11
YJR153W,YKR095W-A,0.2020167112350464
YJR153W,YPR075C,2.2065528224035624e-11
YJR153W,YMR198W,0.9987804293632507
YJR153W,YOR127W,0.6236593127250671
YJR153W,YDR264C,4.106943833903642e-06
YJR153W,YLR110C,0.00022092250583227724
YJR153W,YDR379W,9.281122765969485e-05
YJR153W,YDL100C,0.0009386658784933388
YJR153W,YHR073W,4.637350627945125e-07
YJR153W,YJR090C,1.9397248252062127e-05
YJR153W,YOR208W,4.109750051384253e-08
YJR153W,YBR040W,0.894487738609314
YJR153W,YNL279W,0.010667692869901657
YJR153W,YER075C,8.458652700937819e-06
YJR153W,YCR089W,1.0
YJR153W,YCR002C,2.312085101152661e-08
YJR153W,YJL108C,1.6109297007460555e-07
YJR153W,YBR200W,3.191572659488884e-07
YJR153W,YIL026C,3.64568531613374e-12
YJR153W,YJR076C,3.8847408623254864e-10
YJR153W,YKR031C,0.00025140936486423016
YJR153W,YPL192C,0.02148069068789482
YJR153W,YHR107C,3.696102091055309e-09
YJR153W,YIL037C,0.9995458722114563
YJR153W,YPL156C,0.999994158744812
YJR153W,YIL117C,1.0
YJR153W,YHR066W,4.7976340002804044e-15
YJR153W,YML085C,2.772946672280341e-08
YJR153W,YML047C,0.25804126262664795
YJR153W,YDR312W,2.2582102854329378e-09
YJR153W,YFL037W,1.640639880895467e-12
YJR153W,YDL038C,0.2020167112350464
YJR153W,YDL039C,1.296576127712834e-12
YJR153W,YCL027W,0.9998770952224731
YJR153W,YML124C,6.101309235617691e-09
YJR153W,YGL053W,0.00010613029735395685
YJR153W,YMR232W,3.9585930267094227e-07
YJR153W,YNL298W,0.00030454708030447364
YJR153W,YGL099W,2.1409894618886334e-16
YJR153W,YBL016W,0.010882245376706123
YJR153W,YAL041W,2.164707893189191e-15
YJR153W,YDR085C,0.04249922186136246
YJR153W,YPL187W,5.106240132590756e-05
YJR153W,YPL256C,5.765170936808785e-15
YJR153W,YDR461W,9.445151908857308e-13
YJR153W,YNL145W,5.025056759588864e-12
YOL103W-B,YDL165W,7.089561648854215e-08
YOL103W-B,YGR059W,0.002770580817013979
YOL103W-B,YBR109C,0.0019960724748671055
YOL103W-B,YJL080C,0.0019194933120161295
YOL103W-B,YCR093W,0.0023843299131840467
YOL103W-B,YIL122W,0.0012073967372998595
YOL103W-B,YCL029C,0.00039781827945262194
YOL103W-B,YNL173C,3.022685086762067e-05
YOL103W-B,YLR452C,2.653856063261628e-05
YOL103W-B,YDL160C,0.0005525684100575745
YOL103W-B,YLR229C,0.0005379038630053401
YOL103W-B,YML057W,0.00029755025752820075
YOL103W-B,YER149C,0.0002101229620166123
YOL103W-B,YMR305C,0.0015540909953415394
YOL103W-B,YLR433C,0.003663280513137579
YOL103W-B,YJL073W,0.0008889836026355624
YOL103W-B,YGR279C,0.0025123893283307552
YOL103W-B,YKL190W,8.265157521236688e-05
YOL103W-B,YGL089C,0.0002815749030560255
YOL103W-B,YJL019W,0.0005277965101413429
YOL103W-B,YJL018W,0.2020167112350464
YOL103W-B,YNR032C-A,0.002097905380651355
YOL103W-B,YGL178W,5.770109419245273e-05
YOL103W-B,YKL116C,0.0006471062079071999
YOL103W-B,YDL214C,0.00011615335824899375
YOL103W-B,YLR362W,0.00021216413006186485
YOL103W-B,YER068W,0.0009980847826227546
YOL103W-B,YHR084W,0.0005107228644192219
YOL103W-B,YDR392W,5.768613118561916e-05
YOL103W-B,YNL053W,5.233484989730641e-05
YOL103W-B,YGR040W,1.779475132934749e-05
YOL103W-B,YDL216C,0.0002469430910423398
YOL103W-B,YOL117W,0.0065061068162322044
YOL103W-B,YJR086W,0.0032753259874880314
YOL103W-B,YMR025W,4.760504816658795e-05
YOL103W-B,YBR081C,0.00021881316206417978
YOL103W-B,YFL026W,5.627308610200998e-07
YOL103W-B,YHL007C,0.00016007715021260083
YOL103W-B,YNR044W,0.0010493220761418343
YOL103W-B,YNL271C,0.0030189924873411655
YOL103W-B,YDR200C,3.183629451086745e-05
YOL103W-B,YKL178C,0.0008288977551274002
YOL103W-B,YOR212W,6.4741784626676235e-06
YOL103W-B,YOL111C,0.00043016282143071294
YOL103W-B,YGL032C,1.865208469098434e-05
YOL103W-B,YHR005C,2.699021706575877e-06
YOL103W-B,YDR103W,4.19379684899468e-05
YOL103W-B,YJR084W,0.001652445993386209
YOL103W-B,YCL032W,5.789677015854977e-05
YOL103W-B,YJL170C,0.007342388387769461
YOL103W-B,YDR179C,0.00030431951745413244
YOL103W-B,YBR095C,0.0001679530687397346
YOL103W-B,YLL021W,0.00023388327099382877
YOL103W-B,YDL159W,4.466999598662369e-05
YOL103W-B,YNL161W,0.00376444635912776
YOL103W-B,YNL188W,0.003367220750078559
YOL103W-B,YJL157C,0.001147103263065219
YOL103W-B,YJL034W,0.0014983159489929676
YOL103W-B,YLR238W,4.6687306166859344e-05
YOL103W-B,YPR141C,0.0014556096866726875
YOL103W-B,YNL127W,0.000835104554425925
YOL103W-B,YCL055W,0.004277780186384916
YOL103W-B,YPR122W,0.00018772223847918212
YOL103W-B,YMR065W,0.006289484910666943
YOL103W-B,YDR356W,0.000521000474691391
YOL103W-B,YMR052W,6.336599199130433e-06
YOL103W-B,YFR008W,0.0017032282194122672
YOL103W-B,YLL043W,0.001222816645167768
YOL103W-B,YMR029C,0.0004386870132293552
YOL103W-B,YJR004C,0.001806827960535884
YOL103W-B,YDL223C,0.0012671973090618849
YOL103W-B,YHR158C,0.0005023257108405232
YOL103W-B,YGR238C,0.00017226231284439564
YOL103W-B,YIL015W,0.00014994731463957578
YOL103W-B,YGL173C,0.0009619815391488373
YOL103W-B,YDL225W,0.0012252458836883307
YOL103W-B,YLR330W,0.0019080315250903368
YOL103W-B,YBR129C,0.00036504410672932863
YOL103W-B,YKR095W-A,0.2020167112350464
YOL103W-B,YPR075C,0.001608360791578889
YOL103W-B,YMR198W,7.183574052760378e-05
YOL103W-B,YOR127W,0.0018867295002564788
YOL103W-B,YDR264C,0.0012064040638506413
YOL103W-B,YLR110C,0.00039705884410068393
YOL103W-B,YDR379W,0.001167625654488802
YOL103W-B,YDL100C,1.7673693946562707e-05
YOL103W-B,YHR073W,3.921582901966758e-05
YOL103W-B,YJR090C,0.0038004987873136997
YOL103W-B,YOR208W,0.0018736511701717973
YOL103W-B,YBR040W,0.0024070367217063904
YOL103W-B,YNL279W,0.0007063560769893229
YOL103W-B,YER075C,0.008324041031301022
YOL103W-B,YCR089W,7.043377991067246e-05
YOL103W-B,YCR002C,0.00022247996821533889
YOL103W-B,YJL108C,8.596019142714795e-06
YOL103W-B,YBR200W,0.00023550174955744296
YOL103W-B,YIL026C,0.000726970552932471
YOL103W-B,YJR076C,0.0002450945321470499
YOL103W-B,YKR031C,0.0049242437817156315
YOL103W-B,YPL192C,0.0017362746875733137
YOL103W-B,YHR107C,0.0005870296736247838
YOL103W-B,YIL037C,0.00032589471084065735
YOL103W-B,YPL156C,0.002105886582285166
YOL103W-B,YIL117C,0.0007816956494934857
YOL103W-B,YHR066W,1.5258466419254546e-06
YOL103W-B,YML085C,0.0012362118577584624
YOL103W-B,YML047C,0.003915822133421898
YOL103W-B,YDR312W,2.045928340521641e-05
YOL103W-B,YFL037W,0.0009443126618862152
YOL103W-B,YDL038C,0.2020167112350464
YOL103W-B,YDL039C,0.0009322246769443154
YOL103W-B,YCL027W,0.0013877234887331724
YOL103W-B,YML124C,0.002205182332545519
YOL103W-B,YGL053W,0.0019974035676568747
YOL103W-B,YMR232W,8.7932770838961e-05
YOL103W-B,YNL298W,3.560942423064262e-05
YOL103W-B,YGL099W,0.0005156740080565214
YOL103W-B,YBL016W,0.002344634383916855
YOL103W-B,YAL041W,5.0932412705151364e-05
YOL103W-B,YDR085C,0.0009619247284717858
YOL103W-B,YPL187W,0.0027885576710104942
YOL103W-B,YPL256C,0.00021251660655252635
YOL103W-B,YDR461W,1.026333757181419e-05
YOL103W-B,YNL145W,0.0007918121409602463
YMR261C,YDL165W,0.0033463146537542343
YMR261C,YGR059W,3.2817720239108894e-06
YMR261C,YBR109C,2.4326517905105816e-13
YMR261C,YJL080C,0.0027981153689324856
YMR261C,YCR093W,2.680609136806472e-26
YMR261C,YIL122W,8.386366243939847e-05
YMR261C,YCL029C,3.3619011163113206e-20
YMR261C,YNL173C,1.5608855392201804e-05
YMR261C,YLR452C,2.2172540411702357e-05
YMR261C,YDL160C,0.005368128884583712
YMR261C,YLR229C,1.6587165418968652e-08
YMR261C,YML057W,5.330273324943846e-07
YMR261C,YER149C,0.01628563366830349
YMR261C,YMR305C,0.003082197392359376
YMR261C,YLR433C,0.000186956996913068
YMR261C,YJL073W,8.457513335502487e-12
YMR261C,YGR279C,0.004670851863920689
YMR261C,YKL190W,1.6739217016947805e-06
YMR261C,YGL089C,4.2678230394166405e-10
YMR261C,YJL019W,0.00010630147880874574
YMR261C,YJL018W,0.0019724250305444
YMR261C,YNR032C-A,3.1450797450816026e-06
YMR261C,YGL178W,0.24359963834285736
YMR261C,YKL116C,9.483969876100673e-08
YMR261C,YDL214C,6.590148871055135e-08
YMR261C,YLR362W,5.5760250688763335e-05
YMR261C,YER068W,0.002776907989755273
YMR261C,YHR084W,2.005736271515346e-10
YMR261C,YDR392W,9.141567147707974e-07
YMR261C,YNL053W,4.353563053882681e-05
YMR261C,YGR040W,0.004649598617106676
YMR261C,YDL216C,6.032593313776147e-10
YMR261C,YOL117W,2.640909435580596e-10
YMR261C,YJR086W,0.006395491771399975
YMR261C,YMR025W,0.025011451914906502
YMR261C,YBR081C,0.1574997901916504
YMR261C,YFL026W,7.337251304306847e-07
YMR261C,YHL007C,2.8850524518632707e-16
YMR261C,YNR044W,1.390109105159354e-06
YMR261C,YNL271C,0.04512083902955055
YMR261C,YDR200C,3.2611541200822103e-07
YMR261C,YKL178C,1.0911151804293695e-07
YMR261C,YOR212W,6.718051537291103e-08
YMR261C,YOL111C,8.094646730683053e-09
YMR261C,YGL032C,3.340942736492717e-15
YMR261C,YHR005C,0.03629184886813164
YMR261C,YDR103W,9.654565474193078e-06
YMR261C,YJR084W,0.00035379594191908836
YMR261C,YCL032W,0.00024762755492702127
YMR261C,YJL170C,4.138892109040171e-07
YMR261C,YDR179C,2.563258514064829e-17
YMR261C,YBR095C,1.5315090307055357e-09
YMR261C,YLL021W,1.2916162583920254e-10
YMR261C,YDL159W,7.398974766203992e-10
YMR261C,YNL161W,0.09512358158826828
YMR261C,YNL188W,1.5294843516699963e-11
YMR261C,YJL157C,1.8255307265846454e-09
YMR261C,YJL034W,0.3050432503223419
YMR261C,YLR238W,0.0009681558003649116
YMR261C,YPR141C,0.0012517411960288882
YMR261C,YNL127W,2.170962943637278e-05
YMR261C,YCL055W,2.5566487238393165e-05
YMR261C,YPR122W,1.2669269381149206e-05
YMR261C,YMR065W,5.581818550126627e-05
YMR261C,YDR356W,1.5826019534870284e-06
YMR261C,YMR052W,0.0005163716850802302
YMR261C,YFR008W,4.021540600529505e-10
YMR261C,YLL043W,0.5837050080299377
YMR261C,YMR029C,1.5303510281228228e-07
YMR261C,YJR004C,0.7766220569610596
YMR261C,YDL223C,2.638664148778677e-21
YMR261C,YHR158C,1.8833936337614432e-05
YMR261C,YGR238C,6.148854203580356e-10
YMR261C,YIL015W,1.1876923053932842e-05
YMR261C,YGL173C,0.8426358699798584
YMR261C,YDL225W,0.0011906152358278632
YMR261C,YLR330W,5.916199825151125e-06
YMR261C,YBR129C,1.4963625005748327e-07
YMR261C,YKR095W-A,0.2020167112350464
YMR261C,YPR075C,0.0002559310232754797
YMR261C,YMR198W,0.0013468567049130797
YMR261C,YOR127W,0.0004104930558241904
YMR261C,YDR264C,0.0006096102297306061
YMR261C,YLR110C,0.003438677405938506
YMR261C,YDR379W,5.863244609827234e-07
YMR261C,YDL100C,0.9920898675918579
YMR261C,YHR073W,0.8003184795379639
YMR261C,YJR090C,0.0006585339433513582
YMR261C,YOR208W,5.335121450525393e-13
YMR261C,YBR040W,0.002837900537997484
YMR261C,YNL279W,4.631029934532016e-12
YMR261C,YER075C,0.03971659392118454
YMR261C,YCR089W,4.160908062544877e-08
YMR261C,YCR002C,6.808088528487133e-07
YMR261C,YJL108C,0.0012945837806910276
YMR261C,YBR200W,2.844594004791645e-10
YMR261C,YIL026C,1.6900129296004707e-08
YMR261C,YJR076C,1.4650288903794717e-05
YMR261C,YKR031C,0.19082704186439514
YMR261C,YPL192C,0.6387712359428406
YMR261C,YHR107C,0.5375737547874451
YMR261C,YIL037C,0.00850517675280571
YMR261C,YPL156C,5.165265247342177e-05
YMR261C,YIL117C,2.511636232327419e-08
YMR261C,YHR066W,6.747619867383011e-25
YMR261C,YML085C,0.15036022663116455
YMR261C,YML047C,0.0006236584158614278
YMR261C,YDR312W,5.348138074623421e-06
YMR261C,YFL037W,0.99649977684021
YMR261C,YDL038C,0.2020167112350464
YMR261C,YDL039C,1.663546661534454e-10
YMR261C,YCL027W,3.563629320524342e-07
YMR261C,YML124C,1.124138004904296e-10
YMR261C,YGL053W,1.8593216159421e-13
YMR261C,YMR232W,0.07079101353883743
YMR261C,YNL298W,0.00048156201955862343
YMR261C,YGL099W,3.3008717782800434e-16
YMR261C,YBL016W,1.6281046555377543e-05
YMR261C,YAL041W,0.9294378757476807
YMR261C,YDR085C,1.4778175360416305e-14
YMR261C,YPL187W,0.84067302942276
YMR261C,YPL256C,0.0010031993733718991
YMR261C,YDR461W,3.454179307027516e-07
YMR261C,YNL145W,7.499268428468042e-10
YIR011C,YDL165W,1.3491884891001318e-15
YIR011C,YGR059W,6.925814523128793e-05
YIR011C,YBR109C,7.751982167292226e-08
YIR011C,YJL080C,4.423037296419352e-07
YIR011C,YCR093W,0.9718945026397705
YIR011C,YIL122W,7.767930947011337e-05
YIR011C,YCL029C,0.00035244450555182993
YIR011C,YNL173C,3.226608100703743e-07
YIR011C,YLR452C,1.1317111692221715e-09
YIR011C,YDL160C,4.429504770087078e-05
YIR011C,YLR229C,9.571539294483955e-07
YIR011C,YML057W,6.2056095405353e-17
YIR011C,YER149C,1.984559929724128e-07
YIR011C,YMR305C,4.875024429279451e-12
YIR011C,YLR433C,3.925743658328429e-05
YIR011C,YJL073W,2.3773849489923003e-15
YIR011C,YGR279C,2.368837613175856e-06
YIR011C,YKL190W,1.1614108112734112e-11
YIR011C,YGL089C,2.4233961084974e-05
YIR011C,YJL019W,2.3881187825869343e-12
YIR011C,YJL018W,0.08397361636161804
YIR011C,YNR032C-A,0.11574629694223404
YIR011C,YGL178W,9.257451552002749e-07
YIR011C,YKL116C,4.233820072840899e-05
YIR011C,YDL214C,4.324326660642974e-11
YIR011C,YLR362W,1.0448352405489914e-08
YIR011C,YER068W,9.914969041346922e-07
YIR011C,YHR084W,6.60218901771259e-08
YIR011C,YDR392W,4.928479597765545e-07
YIR011C,YNL053W,4.740631140975893e-07
YIR011C,YGR040W,3.861408259808741e-08
YIR011C,YDL216C,0.00027003599097952247
YIR011C,YOL117W,0.0004124745901208371
YIR011C,YJR086W,3.2335822197637754e-07
YIR011C,YMR025W,1.5696958143962547e-05
YIR011C,YBR081C,2.2026510123396292e-05
YIR011C,YFL026W,5.399184374255128e-06
YIR011C,YHL007C,1.9346384760865476e-06
YIR011C,YNR044W,0.00977508444339037
YIR011C,YNL271C,6.439423304982483e-05
YIR011C,YDR200C,2.164422403438948e-05
YIR011C,YKL178C,0.01710376888513565
YIR011C,YOR212W,4.3187935866439986e-12
YIR011C,YOL111C,6.408694647012936e-13
YIR011C,YGL032C,1.268490347483553e-11
YIR011C,YHR005C,2.651747932347348e-09
YIR011C,YDR103W,1.3809305528411642e-05
YIR011C,YJR084W,1.208525191032095e-07
YIR011C,YCL032W,0.10386287420988083
YIR011C,YJL170C,8.307741836688365e-07
YIR011C,YDR179C,1.391477155721077e-08
YIR011C,YBR095C,2.65924336417811e-06
YIR011C,YLL021W,5.388464785482938e-09
YIR011C,YDL159W,1.3214220841682722e-13
YIR011C,YNL161W,1.1180486536588319e-09
YIR011C,YNL188W,3.0510090981428206e-12
YIR011C,YJL157C,6.87591983350444e-09
YIR011C,YJL034W,2.5643336331324443e-14
YIR011C,YLR238W,4.7888647713989485e-08
YIR011C,YPR141C,4.02593650505878e-05
YIR011C,YNL127W,6.936724528117111e-09
YIR011C,YCL055W,8.753951881955435e-13
YIR011C,YPR122W,1.9647541193990037e-06
YIR011C,YMR065W,0.0004067004192620516
YIR011C,YDR356W,3.640600546858186e-15
YIR011C,YMR052W,0.6031869053840637
YIR011C,YFR008W,2.4690427835594164e-07
YIR011C,YLL043W,6.516461144201458e-05
YIR011C,YMR029C,1.5788370610891889e-10
YIR011C,YJR004C,6.368188769556582e-05
YIR011C,YDL223C,5.75337139707699e-07
YIR011C,YHR158C,2.1776513697748662e-13
YIR011C,YGR238C,3.030098047474006e-11
YIR011C,YIL015W,5.208912767784568e-08
YIR011C,YGL173C,1.7281646478295443e-06
YIR011C,YDL225W,0.000583336572162807
YIR011C,YLR330W,1.0258606408797277e-07
YIR011C,YBR129C,5.4038444829984655e-08
YIR011C,YKR095W-A,0.2020167112350464
YIR011C,YPR075C,7.90242982162681e-09
YIR011C,YMR198W,2.235485771961976e-05
YIR011C,YOR127W,0.0008099897531792521
YIR011C,YDR264C,0.05952629819512367
YIR011C,YLR110C,4.20189189753728e-06
YIR011C,YDR379W,1.7047250366886146e-05
YIR011C,YDL100C,3.2725318988013896e-07
YIR011C,YHR073W,8.0745866171128e-07
YIR011C,YJR090C,4.385792706784741e-08
YIR011C,YOR208W,7.226126641501907e-11
YIR011C,YBR040W,4.652567326957069e-07
YIR011C,YNL279W,2.2107572716922874e-11
YIR011C,YER075C,1.9352441427145095e-07
YIR011C,YCR089W,4.238477515627892e-07
YIR011C,YCR002C,2.096403833948962e-14
YIR011C,YJL108C,5.538709046959411e-06
YIR011C,YBR200W,1.4529767363227752e-13
YIR011C,YIL026C,0.08164415508508682
YIR011C,YJR076C,1.1502749863723238e-08
YIR011C,YKR031C,3.1663922595015492e-09
YIR011C,YPL192C,0.00012235950271133333
YIR011C,YHR107C,2.9932634149076875e-09
YIR011C,YIL037C,2.527681544961524e-06
YIR011C,YPL156C,0.0013175305211916566
YIR011C,YIL117C,9.241986845154315e-06
YIR011C,YHR066W,3.1040040084917564e-06
YIR011C,YML085C,2.908266196754994e-06
YIR011C,YML047C,0.00046582211507484317
YIR011C,YDR312W,1.9767665282444113e-09
YIR011C,YFL037W,5.061345231816006e-10
YIR011C,YDL038C,0.2020167112350464
YIR011C,YDL039C,2.0560453339868445e-09
YIR011C,YCL027W,0.3192892074584961
YIR011C,YML124C,5.213612652710253e-09
YIR011C,YGL053W,2.536755527859924e-10
YIR011C,YMR232W,4.013531174074103e-11
YIR011C,YNL298W,0.0005201624007895589
YIR011C,YGL099W,7.893468705333362e-07
YIR011C,YBL016W,4.873231205237971e-07
YIR011C,YAL041W,9.334974633568027e-12
YIR011C,YDR085C,2.5963595717826138e-09
YIR011C,YPL187W,0.002297109691426158
YIR011C,YPL256C,1.8019684944192704e-07
YIR011C,YDR461W,3.4458162235032064e-13
YIR011C,YNL145W,2.7003571601014187e-10
YDR261W-A,YDL165W,0.0003365572774782777
YDR261W-A,YGR059W,0.0019637434743344784
YDR261W-A,YBR109C,1.7875780031317845e-05
YDR261W-A,YJL080C,0.0009538452723063529
YDR261W-A,YCR093W,0.0018110891105607152
YDR261W-A,YIL122W,5.3721621952718124e-05
YDR261W-A,YCL029C,0.009400051087141037
YDR261W-A,YNL173C,2.233791383332573e-05
YDR261W-A,YLR452C,0.0010075920727103949
YDR261W-A,YDL160C,0.0005018739029765129
YDR261W-A,YLR229C,0.0017542237183079123
YDR261W-A,YML057W,0.002165967132896185
YDR261W-A,YER149C,3.034827568626497e-05
YDR261W-A,YMR305C,0.0005697177839465439
YDR261W-A,YLR433C,4.626775626093149e-05
YDR261W-A,YJL073W,4.94916457682848e-05
YDR261W-A,YGR279C,0.0017482300754636526
YDR261W-A,YKL190W,3.5250704968348145e-05
YDR261W-A,YGL089C,6.800492701586336e-05
YDR261W-A,YJL019W,9.797319944482297e-05
YDR261W-A,YJL018W,0.2020167112350464
YDR261W-A,YNR032C-A,7.728291529929265e-05
YDR261W-A,YGL178W,0.0007526184199377894
YDR261W-A,YKL116C,0.00033519926364533603
YDR261W-A,YDL214C,0.0010455417213961482
YDR261W-A,YLR362W,0.00011790783901233226
YDR261W-A,YER068W,7.61397895985283e-05
YDR261W-A,YHR084W,0.0004679351986851543
YDR261W-A,YDR392W,0.00137446413282305
YDR261W-A,YNL053W,2.91436881525442e-05
YDR261W-A,YGR040W,0.0003898566938005388
YDR261W-A,YDL216C,0.00010435284639243037
YDR261W-A,YOL117W,0.00013208882592152804
YDR261W-A,YJR086W,0.0037093262653797865
YDR261W-A,YMR025W,0.0001819820172386244
YDR261W-A,YBR081C,1.9600007362896577e-05
YDR261W-A,YFL026W,0.0010013931896537542
YDR261W-A,YHL007C,7.37281734473072e-05
YDR261W-A,YNR044W,0.0013179321540519595
YDR261W-A,YNL271C,0.0006026122136972845
YDR261W-A,YDR200C,3.400989589863457e-05
YDR261W-A,YKL178C,2.2843916667625308e-05
YDR261W-A,YOR212W,0.0017590874340385199
YDR261W-A,YOL111C,0.0018522684695199132
YDR261W-A,YGL032C,0.00022785247710999101
YDR261W-A,YHR005C,0.0005013035261072218
YDR261W-A,YDR103W,0.0007832417031750083
YDR261W-A,YJR084W,0.003084189258515835
YDR261W-A,YCL032W,4.4884373551212775e-08
YDR261W-A,YJL170C,0.0011845845729112625
YDR261W-A,YDR179C,0.00011204600741621107
YDR261W-A,YBR095C,0.001613861764781177
YDR261W-A,YLL021W,0.0009257632191292942
YDR261W-A,YDL159W,0.004711334127932787
YDR261W-A,YNL161W,9.745327406562865e-05
YDR261W-A,YNL188W,0.00038186958408914506
YDR261W-A,YJL157C,0.0008633732795715332
YDR261W-A,YJL034W,7.698289664404001e-06
YDR261W-A,YLR238W,0.0004696999385487288
YDR261W-A,YPR141C,0.0014614167157560587
YDR261W-A,YNL127W,0.0012266429839655757
YDR261W-A,YCL055W,0.009585592895746231
YDR261W-A,YPR122W,0.00010526612459216267
YDR261W-A,YMR065W,0.0001684809394646436
YDR261W-A,YDR356W,0.002254934748634696
YDR261W-A,YMR052W,0.00042484712321311235
YDR261W-A,YFR008W,0.0001927153061842546
YDR261W-A,YLL043W,0.0029529077000916004
YDR261W-A,YMR029C,0.00021425922750495374
YDR261W-A,YJR004C,0.0006093920674175024
YDR261W-A,YDL223C,5.15566898684483e-05
YDR261W-A,YHR158C,0.0027380783576518297
YDR261W-A,YGR238C,0.00015528383664786816
YDR261W-A,YIL015W,0.002957340329885483
YDR261W-A,YGL173C,0.0005532369250431657
YDR261W-A,YDL225W,9.392149422637885e-07
YDR261W-A,YLR330W,0.0001843342324718833
YDR261W-A,YBR129C,2.6499968953430653e-05
YDR261W-A,YKR095W-A,0.2020167112350464
YDR261W-A,YPR075C,1.8638802430359647e-05
YDR261W-A,YMR198W,0.0003277836076449603
YDR261W-A,YOR127W,0.00021595539874397218
YDR261W-A,YDR264C,0.00020933129417244345
YDR261W-A,YLR110C,0.0016285667661577463
YDR261W-A,YDR379W,0.00010550339356996119
YDR261W-A,YDL100C,0.0012678010389208794
YDR261W-A,YHR073W,0.00014157893019728363
YDR261W-A,YJR090C,9.645026875659823e-05
YDR261W-A,YOR208W,1.8189020920544863e-06
YDR261W-A,YBR040W,0.008277972228825092
YDR261W-A,YNL279W,0.000673149770591408
YDR261W-A,YER075C,0.0002140664728358388
YDR261W-A,YCR089W,1.9714789232239127e-05
YDR261W-A,YCR002C,2.4290902729262598e-05
YDR261W-A,YJL108C,0.0006325554568320513
YDR261W-A,YBR200W,5.667995355906896e-05
YDR261W-A,YIL026C,0.0005524051957763731
YDR261W-A,YJR076C,0.0013895961456000805
YDR261W-A,YKR031C,0.003328099614009261
YDR261W-A,YPL192C,0.0031143806409090757
YDR261W-A,YHR107C,1.5197575521597173e-05
YDR261W-A,YIL037C,0.003136277198791504
YDR261W-A,YPL156C,8.040809916565195e-05
YDR261W-A,YIL117C,6.522976946143899e-06
YDR261W-A,YHR066W,9.818504622671753e-06
YDR261W-A,YML085C,4.4868305849377066e-05
YDR261W-A,YML047C,0.0005125211318954825
YDR261W-A,YDR312W,0.0006205627578310668
YDR261W-A,YFL037W,0.0015419943956658244
YDR261W-A,YDL038C,0.2020167112350464
YDR261W-A,YDL039C,7.729537173872814e-05
YDR261W-A,YCL027W,0.0013896437594667077
YDR261W-A,YML124C,0.0016205605352297425
YDR261W-A,YGL053W,6.527924415422603e-05
YDR261W-A,YMR232W,0.0014325242955237627
YDR261W-A,YNL298W,0.0021651778370141983
YDR261W-A,YGL099W,2.323840135431965e-06
YDR261W-A,YBL016W,0.002538395579904318
YDR261W-A,YAL041W,5.718903139495524e-06
YDR261W-A,YDR085C,0.00021139357704669237
YDR261W-A,YPL187W,0.11010993272066116
YDR261W-A,YPL256C,0.001444759895093739
YDR261W-A,YDR461W,0.0006207996630109847
YDR261W-A,YNL145W,0.0018377762753516436
YGL033W,YDL165W,1.6767033453931462e-13
YGL033W,YGR059W,4.197420677091307e-13
YGL033W,YBR109C,1.1139632966061797e-10
YGL033W,YJL080C,1.1046833298884399e-17
YGL033W,YCR093W,2.5304060783172326e-21
YGL033W,YIL122W,6.015337967318901e-13
YGL033W,YCL029C,1.6550630223960416e-12
YGL033W,YNL173C,8.170399814844131e-05
YGL033W,YLR452C,0.6288083791732788
YGL033W,YDL160C,2.6649617931288774e-16
YGL033W,YLR229C,1.146732665421868e-12
YGL033W,YML057W,5.7454535920542504e-12
YGL033W,YER149C,1.764818051697148e-07
YGL033W,YMR305C,0.00024723002570681274
YGL033W,YLR433C,0.0016301575815305114
YGL033W,YJL073W,3.923149805018511e-09
YGL033W,YGR279C,6.781707628192996e-14
YGL033W,YKL190W,1.4296662811941196e-11
YGL033W,YGL089C,1.3965791884056218e-16
YGL033W,YJL019W,2.0897658714602585e-07
YGL033W,YJL018W,0.00043475357233546674
YGL033W,YNR032C-A,2.799456979118986e-06
YGL033W,YGL178W,3.529920496528338e-13
YGL033W,YKL116C,4.967488659995967e-12
YGL033W,YDL214C,8.735742164367455e-12
YGL033W,YLR362W,5.3402379740497e-11
YGL033W,YER068W,1.754738150339108e-05
YGL033W,YHR084W,1.017289741866989e-05
YGL033W,YDR392W,1.8955655832542107e-05
YGL033W,YNL053W,5.7391147390006836e-11
YGL033W,YGR040W,3.6110081964579877e-06
YGL033W,YDL216C,0.0008276271400973201
YGL033W,YOL117W,1.0902339454332832e-05
YGL033W,YJR086W,1.5438799891853705e-06
YGL033W,YMR025W,2.3474781146726187e-12
YGL033W,YBR081C,1.1003730478881257e-12
YGL033W,YFL026W,0.9208164811134338
YGL033W,YHL007C,4.1419704444696157e-14
YGL033W,YNR044W,5.198896815272747e-06
YGL033W,YNL271C,4.161300748428687e-10
YGL033W,YDR200C,1.4673616988147842e-06
YGL033W,YKL178C,7.306252999314242e-24
YGL033W,YOR212W,6.481743527325667e-12
YGL033W,YOL111C,6.31592058653041e-07
YGL033W,YGL032C,7.325930937440717e-07
YGL033W,YHR005C,7.708031262154691e-06
YGL033W,YDR103W,3.0056400856408923e-15
YGL033W,YJR084W,1.0298684127718616e-10
YGL033W,YCL032W,3.858923458555097e-10
YGL033W,YJL170C,1.2941834938828833e-05
YGL033W,YDR179C,1.1990706821549124e-12
YGL033W,YBR095C,1.3161104150949399e-12
YGL033W,YLL021W,5.400125585936324e-19
YGL033W,YDL159W,9.681859556718795e-19
YGL033W,YNL161W,1.19003323106881e-06
YGL033W,YNL188W,3.505556678273791e-10
YGL033W,YJL157C,0.0012533457484096289
YGL033W,YJL034W,4.60487644886598e-05
YGL033W,YLR238W,0.5407912135124207
YGL033W,YPR141C,6.572236088686623e-08
YGL033W,YNL127W,1.3460386234440125e-13
YGL033W,YCL055W,7.585809271404287e-06
YGL033W,YPR122W,1.1794751678432473e-15
YGL033W,YMR065W,0.0009323982521891594
YGL033W,YDR356W,2.1969930457999e-05
YGL033W,YMR052W,2.9617592675300587e-18
YGL033W,YFR008W,8.946845000967762e-12
YGL033W,YLL043W,3.7196969060460106e-08
YGL033W,YMR029C,6.847795884823427e-05
YGL033W,YJR004C,7.827510861702081e-10
YGL033W,YDL223C,3.5856648206156194e-10
YGL033W,YHR158C,5.625886387861101e-07
YGL033W,YGR238C,1.57926045574186e-08
YGL033W,YIL015W,0.6621110439300537
YGL033W,YGL173C,1.914018952220431e-07
YGL033W,YDL225W,6.870941149372811e-08
YGL033W,YLR330W,3.812641591327548e-10
YGL033W,YBR129C,1.130464184484481e-07
YGL033W,YKR095W-A,0.2020167112350464
YGL033W,YPR075C,1.1537137467598768e-08
YGL033W,YMR198W,0.035323575139045715
YGL033W,YOR127W,8.15165108747351e-08
YGL033W,YDR264C,1.5886512889700874e-14
YGL033W,YLR110C,6.543239257708611e-13
YGL033W,YDR379W,2.180858160727439e-07
YGL033W,YDL100C,1.7135310947935523e-09
YGL033W,YHR073W,5.76631589699339e-11
YGL033W,YJR090C,0.0038924389518797398
YGL033W,YOR208W,1.3211171523072607e-13
YGL033W,YBR040W,8.27699297989426e-11
YGL033W,YNL279W,2.4631319206491753e-08
YGL033W,YER075C,2.807026139306501e-11
YGL033W,YCR089W,9.489500028758569e-17
YGL033W,YCR002C,2.0037701688124798e-05
YGL033W,YJL108C,2.235553322321726e-12
YGL033W,YBR200W,3.152208805090595e-08
YGL033W,YIL026C,8.33633961860869e-08
YGL033W,YJR076C,4.9912442234845145e-11
YGL033W,YKR031C,1.929948388601499e-12
YGL033W,YPL192C,1.9464440198242294e-15
YGL033W,YHR107C,1.4596529581467621e-05
YGL033W,YIL037C,4.954547998577231e-18
YGL033W,YPL156C,7.498928236183977e-13
YGL033W,YIL117C,2.0361554456393982e-11
YGL033W,YHR066W,2.5426943883744e-10
YGL033W,YML085C,3.382716450645363e-27
YGL033W,YML047C,1.3107453469274333e-06
YGL033W,YDR312W,9.561905045529784e-09
YGL033W,YFL037W,1.525435611160475e-10
YGL033W,YDL038C,0.2020167112350464
YGL033W,YDL039C,1.5730898528243387e-10
YGL033W,YCL027W,1.214026031396906e-13
YGL033W,YML124C,5.059817964701946e-22
YGL033W,YGL053W,1.3862088560356867e-11
YGL033W,YMR232W,9.864083309761165e-19
YGL033W,YNL298W,4.62698364882562e-17
YGL033W,YGL099W,6.516477028123413e-12
YGL033W,YBL016W,0.00021053949603810906
YGL033W,YAL041W,3.967773054558421e-10
YGL033W,YDR085C,2.4224906802761126e-11
YGL033W,YPL187W,1.7875735342379226e-17
YGL033W,YPL256C,6.353381820645154e-08
YGL033W,YDR461W,0.0012124428758397698
YGL033W,YNL145W,2.8300287340243813e-06
YMR318C,YDL165W,3.6898813959851395e-07
YMR318C,YGR059W,1.5564384057142888e-06
YMR318C,YBR109C,4.375375409204629e-11
YMR318C,YJL080C,3.160256056844446e-09
YMR318C,YCR093W,0.0003237264754716307
YMR318C,YIL122W,0.0001574195921421051
YMR318C,YCL029C,8.827838655633968e-07
YMR318C,YNL173C,1.4145746717986185e-05
YMR318C,YLR452C,1.028893550220067e-12
YMR318C,YDL160C,0.002300770254805684
YMR318C,YLR229C,3.1033334776454143e-15
YMR318C,YML057W,4.834957534336765e-19
YMR318C,YER149C,9.372925887873862e-06
YMR318C,YMR305C,9.152429682190988e-12
YMR318C,YLR433C,0.00038273315294645727
YMR318C,YJL073W,1.7740656721443315e-09
YMR318C,YGR279C,7.361408371764355e-09
YMR318C,YKL190W,8.638748744127511e-11
YMR318C,YGL089C,1.104302316257133e-09
YMR318C,YJL019W,2.378322278673295e-06
YMR318C,YJL018W,0.001015947898849845
YMR318C,YNR032C-A,4.020466803922318e-06
YMR318C,YGL178W,1.7774310465839584e-14
YMR318C,YKL116C,6.085261361477023e-08
YMR318C,YDL214C,2.9822519991284935e-06
YMR318C,YLR362W,3.044175764872932e-14
YMR318C,YER068W,1.2650255842849845e-11
YMR318C,YHR084W,7.395171905955067e-07
YMR318C,YDR392W,3.6173131157113403e-09
YMR318C,YNL053W,7.080944669723976e-06
YMR318C,YGR040W,1.733213593979599e-06
YMR318C,YDL216C,0.0014031028840690851
YMR318C,YOL117W,1.0691048740740783e-12
YMR318C,YJR086W,9.5219914852257e-13
YMR318C,YMR025W,7.902296783868223e-05
YMR318C,YBR081C,0.0002641796600073576
YMR318C,YFL026W,7.371099286501703e-10
YMR318C,YHL007C,1.7097392945863987e-11
YMR318C,YNR044W,1.5651669196814488e-11
YMR318C,YNL271C,0.043237410485744476
YMR318C,YDR200C,4.0744829732375365e-10
YMR318C,YKL178C,1.2396369738001956e-12
YMR318C,YOR212W,9.257344240135024e-13
YMR318C,YOL111C,7.464550895799893e-13
YMR318C,YGL032C,1.1124673231222015e-12
YMR318C,YHR005C,4.86242834085715e-06
YMR318C,YDR103W,1.8919757849289454e-06
YMR318C,YJR084W,5.4297791957091945e-11
YMR318C,YCL032W,6.557692167064033e-10
YMR318C,YJL170C,4.3772508074042663e-16
YMR318C,YDR179C,4.488566924420361e-15
YMR318C,YBR095C,5.883653120264398e-09
YMR318C,YLL021W,3.88542080453913e-11
YMR318C,YDL159W,1.215152090061622e-09
YMR318C,YNL161W,5.656626642785989e-12
YMR318C,YNL188W,8.287247106024804e-18
YMR318C,YJL157C,2.5128027436593925e-10
YMR318C,YJL034W,1.1125292835822932e-15
YMR318C,YLR238W,2.46120362135116e-05
YMR318C,YPR141C,1.0683608664407984e-08
YMR318C,YNL127W,0.5116727352142334
YMR318C,YCL055W,5.787682657179416e-18
YMR318C,YPR122W,1.2637906346424366e-11
YMR318C,YMR065W,0.0362362302839756
YMR318C,YDR356W,2.1102919758875238e-11
YMR318C,YMR052W,2.0872628738288768e-05
YMR318C,YFR008W,0.00035672925878316164
YMR318C,YLL043W,2.0403718714590013e-09
YMR318C,YMR029C,7.0001051426515914e-06
YMR318C,YJR004C,3.888687212006595e-20
YMR318C,YDL223C,6.240255791758226e-21
YMR318C,YHR158C,2.2771184376324527e-05
YMR318C,YGR238C,5.098793769467945e-14
YMR318C,YIL015W,1.1634416520467372e-11
YMR318C,YGL173C,1.2431532248058375e-08
YMR318C,YDL225W,1.2113130498647706e-09
YMR318C,YLR330W,0.00036589542287401855
YMR318C,YBR129C,9.72781961650071e-08
YMR318C,YKR095W-A,0.2020167112350464
YMR318C,YPR075C,3.8492639631293457e-10
YMR318C,YMR198W,5.915698011449422e-07
YMR318C,YOR127W,5.752510219281248e-07
YMR318C,YDR264C,5.811633396746174e-10
YMR318C,YLR110C,1.6376643543480895e-05
YMR318C,YDR379W,2.4317645065576737e-14
YMR318C,YDL100C,2.3584802324007684e-14
YMR318C,YHR073W,1.08483563963091e-05
YMR318C,YJR090C,9.687146895194234e-18
YMR318C,YOR208W,2.824803289058764e-07
YMR318C,YBR040W,5.159234042588501e-13
YMR318C,YNL279W,8.071293677858193e-08
YMR318C,YER075C,5.945713973248834e-12
YMR318C,YCR089W,1.896263840395207e-10
YMR318C,YCR002C,7.798793832947126e-10
YMR318C,YJL108C,1.1385995435375662e-07
YMR318C,YBR200W,2.716008930292446e-05
YMR318C,YIL026C,8.4504354163073e-05
YMR318C,YJR076C,0.018424883484840393
YMR318C,YKR031C,0.00013404665514826775
YMR318C,YPL192C,0.0001264168240595609
YMR318C,YHR107C,2.1980538349453127e-06
YMR318C,YIL037C,5.872642212458615e-17
YMR318C,YPL156C,1.4570957220200013e-16
YMR318C,YIL117C,6.845974898084251e-10
YMR318C,YHR066W,1.6671772296028564e-10
YMR318C,YML085C,0.00017800735076889396
YMR318C,YML047C,3.3589136246708895e-13
YMR318C,YDR312W,8.652488759253174e-05
YMR318C,YFL037W,0.017997192218899727
YMR318C,YDL038C,0.2020167112350464
YMR318C,YDL039C,3.388717088783754e-15
YMR318C,YCL027W,1.4185589591875214e-08
YMR318C,YML124C,4.576049261739712e-11
YMR318C,YGL053W,5.785785788248177e-07
YMR318C,YMR232W,2.678325894400757e-10
YMR318C,YNL298W,3.3859037795735958e-09
YMR318C,YGL099W,1.25788005789218e-06
YMR318C,YBL016W,1.1874847132276045e-06
YMR318C,YAL041W,3.382690395153931e-12
YMR318C,YDR085C,1.3492311268237245e-07
YMR318C,YPL187W,1.4125669167697197e-07
YMR318C,YPL256C,3.3821463148342445e-05
YMR318C,YDR461W,1.4042780296818938e-15
YMR318C,YNL145W,2.1365647098758878e-11
YAR018C,YDL165W,1.8200948034063913e-05
YAR018C,YGR059W,1.6673115510457137e-07
YAR018C,YBR109C,2.8070358482068514e-08
YAR018C,YJL080C,6.478836578338587e-09
YAR018C,YCR093W,1.1954444545381193e-08
YAR018C,YIL122W,8.619744221505243e-06
YAR018C,YCL029C,1.0684372137026443e-10
YAR018C,YNL173C,2.731588844007149e-10
YAR018C,YLR452C,1.0005633821474902e-10
YAR018C,YDL160C,1.1549521061748891e-10
YAR018C,YLR229C,0.935716450214386
YAR018C,YML057W,2.1704372556996532e-05
YAR018C,YER149C,1.9946289739891654e-06
YAR018C,YMR305C,0.03529135137796402
YAR018C,YLR433C,0.008914505131542683
YAR018C,YJL073W,2.991022540754784e-07
YAR018C,YGR279C,1.4890456441207789e-06
YAR018C,YKL190W,0.4631751775741577
YAR018C,YGL089C,1.8316795857842294e-09
YAR018C,YJL019W,2.4864957026693446e-07
YAR018C,YJL018W,0.0010234630899503827
YAR018C,YNR032C-A,0.020732898265123367
YAR018C,YGL178W,9.48893793975003e-05
YAR018C,YKL116C,3.23161799542504e-08
YAR018C,YDL214C,2.2944610464037396e-05
YAR018C,YLR362W,0.0014682316686958075
YAR018C,YER068W,0.0033295978792011738
YAR018C,YHR084W,1.0241778909403365e-06
YAR018C,YDR392W,3.8040514482418075e-05
YAR018C,YNL053W,0.000135599504574202
YAR018C,YGR040W,4.2726409077431526e-08
YAR018C,YDL216C,0.00016110308934003115
YAR018C,YOL117W,4.2196321992094e-09
YAR018C,YJR086W,0.755757212638855
YAR018C,YMR025W,2.914065788672815e-08
YAR018C,YBR081C,8.043981551963952e-07
YAR018C,YFL026W,7.297204263068124e-08
YAR018C,YHL007C,5.906737765570824e-09
YAR018C,YNR044W,1.7274199990424677e-06
YAR018C,YNL271C,2.9294503178789455e-07
YAR018C,YDR200C,9.476007107878104e-05
YAR018C,YKL178C,1.9803204909241146e-10
YAR018C,YOR212W,7.608992018504068e-05
YAR018C,YOL111C,2.5966948656954737e-14
YAR018C,YGL032C,3.9301738752328674e-07
YAR018C,YHR005C,8.809383143670857e-05
YAR018C,YDR103W,0.008618700318038464
YAR018C,YJR084W,5.369949576561339e-05
YAR018C,YCL032W,4.297099803807214e-05
YAR018C,YJL170C,7.584253762615845e-05
YAR018C,YDR179C,7.010759972558844e-09
YAR018C,YBR095C,3.933189773874801e-09
YAR018C,YLL021W,1.3041593547313823e-06
YAR018C,YDL159W,2.9040837290494892e-08
YAR018C,YNL161W,2.0369749108795077e-05
YAR018C,YNL188W,2.764685591571947e-09
YAR018C,YJL157C,3.891285516033349e-08
YAR018C,YJL034W,5.566375138599255e-10
YAR018C,YLR238W,5.472876637213631e-06
YAR018C,YPR141C,1.1344659469614271e-05
YAR018C,YNL127W,7.1815473567937715e-09
YAR018C,YCL055W,2.502040661056526e-05
YAR018C,YPR122W,4.391804850456538e-06
YAR018C,YMR065W,0.001489917398430407
YAR018C,YDR356W,1.4646298041043337e-06
YAR018C,YMR052W,0.00023886922281235456
YAR018C,YFR008W,0.7456837296485901
YAR018C,YLL043W,0.013915713876485825
YAR018C,YMR029C,4.5335005438573717e-07
YAR018C,YJR004C,7.209971730759435e-09
YAR018C,YDL223C,5.146393727839538e-11
YAR018C,YHR158C,3.672912640695358e-08
YAR018C,YGR238C,2.055323689020838e-09
YAR018C,YIL015W,0.31795963644981384
YAR018C,YGL173C,0.0043792459182441235
YAR018C,YDL225W,2.4094060790957883e-07
YAR018C,YLR330W,3.391594134427578e-07
YAR018C,YBR129C,2.2511621864396147e-06
YAR018C,YKR095W-A,0.2020167112350464
YAR018C,YPR075C,1.4538461527990876e-06
YAR018C,YMR198W,0.04697710648179054
YAR018C,YOR127W,6.189809198531293e-08
YAR018C,YDR264C,4.0909129893407226e-05
YAR018C,YLR110C,2.996587866732625e-09
YAR018C,YDR379W,1.3810832570015918e-05
YAR018C,YDL100C,2.094183049194953e-09
YAR018C,YHR073W,1.9821655428131635e-09
YAR018C,YJR090C,1.5798531372013258e-09
YAR018C,YOR208W,0.21345782279968262
YAR018C,YBR040W,2.2751549977328978e-07
YAR018C,YNL279W,0.0009273894247598946
YAR018C,YER075C,1.3942706573288888e-05
YAR018C,YCR089W,0.0004155369533691555
YAR018C,YCR002C,7.932460448500933e-07
YAR018C,YJL108C,5.021433047147639e-09
YAR018C,YBR200W,7.499148523493204e-06
YAR018C,YIL026C,2.651046315804706e-08
YAR018C,YJR076C,0.0008880163659341633
YAR018C,YKR031C,3.373683199470179e-08
YAR018C,YPL192C,1.5767192280691233e-06
YAR018C,YHR107C,9.318451702711172e-06
YAR018C,YIL037C,1.629000580261053e-11
YAR018C,YPL156C,5.589683230167175e-11
YAR018C,YIL117C,2.0413839507682496e-09
YAR018C,YHR066W,1.736110560868198e-11
YAR018C,YML085C,0.5753177404403687
YAR018C,YML047C,0.19127869606018066
YAR018C,YDR312W,3.1817626222618856e-07
YAR018C,YFL037W,0.0004833993734791875
YAR018C,YDL038C,0.2020167112350464
YAR018C,YDL039C,2.2820357116870582e-05
YAR018C,YCL027W,4.807026243724977e-07
YAR018C,YML124C,6.586504497363421e-08
YAR018C,YGL053W,4.211850779256565e-08
YAR018C,YMR232W,1.2724413744891194e-09
YAR018C,YNL298W,6.895734259160236e-07
YAR018C,YGL099W,5.652084134055713e-09
YAR018C,YBL016W,3.035816007468384e-07
YAR018C,YAL041W,0.11091046035289764
YAR018C,YDR085C,0.035604845732450485
YAR018C,YPL187W,1.5977848377701775e-08
YAR018C,YPL256C,1.637369132367894e-05
YAR018C,YDR461W,2.6153804810746806e-07
YAR018C,YNL145W,0.0004664659791160375
YBL102W,YDL165W,1.0077101819661038e-08
YBL102W,YGR059W,9.720489515530062e-07
YBL102W,YBR109C,1.071253700501984e-05
YBL102W,YJL080C,1.4078641942998205e-18
YBL102W,YCR093W,1.812638856790727e-06
YBL102W,YIL122W,0.9627891778945923
YBL102W,YCL029C,5.19285517364132e-11
YBL102W,YNL173C,2.2768045937482384e-07
YBL102W,YLR452C,2.987668923024045e-12
YBL102W,YDL160C,3.231926015700992e-08
YBL102W,YLR229C,7.285338554652299e-09
YBL102W,YML057W,2.2714385039535046e-08
YBL102W,YER149C,9.465875905334542e-07
YBL102W,YMR305C,3.835907709770188e-15
YBL102W,YLR433C,6.674107100312909e-11
YBL102W,YJL073W,1.1268421959420571e-11
YBL102W,YGR279C,4.2819453538456287e-10
YBL102W,YKL190W,1.693541953808747e-13
YBL102W,YGL089C,0.95064377784729
YBL102W,YJL019W,2.3659599279746146e-10
YBL102W,YJL018W,0.0006282987887971103
YBL102W,YNR032C-A,0.9751877784729004
YBL102W,YGL178W,3.6470532904786523e-06
YBL102W,YKL116C,9.629640834729614e-13
YBL102W,YDL214C,4.342817192082293e-06
YBL102W,YLR362W,2.147134275931606e-10
YBL102W,YER068W,6.47170901937888e-13
YBL102W,YHR084W,5.2360572766474434e-08
YBL102W,YDR392W,5.494420918239484e-08
YBL102W,YNL053W,3.122559155688265e-11
YBL102W,YGR040W,1.4316531633085106e-05
YBL102W,YDL216C,9.254065957975399e-08
YBL102W,YOL117W,0.00012309853627812117
YBL102W,YJR086W,0.0007576040807180107
YBL102W,YMR025W,0.0006360929692164063
YBL102W,YBR081C,2.653171577549074e-06
YBL102W,YFL026W,2.047138014660277e-10
YBL102W,YHL007C,3.797074532485567e-05
YBL102W,YNR044W,0.0006123771308921278
YBL102W,YNL271C,1.3138437386650548e-11
YBL102W,YDR200C,3.1228108987590986e-10
YBL102W,YKL178C,2.336619218112901e-05
YBL102W,YOR212W,1.0285397750511849e-13
YBL102W,YOL111C,1.3539409665034446e-13
YBL102W,YGL032C,8.649889832179625e-12
YBL102W,YHR005C,0.0038005239330232143
YBL102W,YDR103W,0.00011708703823387623
YBL102W,YJR084W,0.00031800681608729064
YBL102W,YCL032W,0.0009818602120503783
YBL102W,YJL170C,6.673232746834401e-06
YBL102W,YDR179C,1.799449819372967e-05
YBL102W,YBR095C,7.244729816058282e-11
YBL102W,YLL021W,9.565213577526332e-15
YBL102W,YDL159W,0.20336681604385376
YBL102W,YNL161W,0.3301299214363098
YBL102W,YNL188W,2.2923076770098305e-08
YBL102W,YJL157C,4.346533799548524e-09
YBL102W,YJL034W,9.505513583673105e-17
YBL102W,YLR238W,1.3599467820313293e-05
YBL102W,YPR141C,2.14483986127334e-12
YBL102W,YNL127W,0.00020866491831839085
YBL102W,YCL055W,3.1732707011112443e-14
YBL102W,YPR122W,6.555818713414874e-13
YBL102W,YMR065W,3.644385415668694e-08
YBL102W,YDR356W,2.431063421681756e-06
YBL102W,YMR052W,1.6411023651130563e-09
YBL102W,YFR008W,8.445242727361801e-09
YBL102W,YLL043W,1.3422879474589422e-09
YBL102W,YMR029C,1.9682179497326757e-10
YBL102W,YJR004C,9.905710385282873e-08
YBL102W,YDL223C,2.657041646297162e-18
YBL102W,YHR158C,0.0006777733797207475
YBL102W,YGR238C,6.044510725278229e-11
YBL102W,YIL015W,0.2615047097206116
YBL102W,YGL173C,7.218251552032484e-10
YBL102W,YDL225W,4.53557659056969e-05
YBL102W,YLR330W,5.536319847010418e-08
YBL102W,YBR129C,1.6741303625167347e-05
YBL102W,YKR095W-A,0.2020167112350464
YBL102W,YPR075C,8.626056149023461e-18
YBL102W,YMR198W,1.538679498480633e-06
YBL102W,YOR127W,6.938778369658394e-07
YBL102W,YDR264C,9.263129152614624e-11
YBL102W,YLR110C,0.0061310711316764355
YBL102W,YDR379W,0.004806975834071636
YBL102W,YDL100C,4.558377619692717e-17
YBL102W,YHR073W,1.4519366686727153e-06
YBL102W,YJR090C,1.411644689142122e-06
YBL102W,YOR208W,2.8389560337904362e-18
YBL102W,YBR040W,0.0006942697800695896
YBL102W,YNL279W,5.764180173173372e-07
YBL102W,YER075C,1.0205275202679331e-06
YBL102W,YCR089W,7.007404434489217e-09
YBL102W,YCR002C,6.360517113002118e-10
YBL102W,YJL108C,8.583456211422313e-13
YBL102W,YBR200W,1.6125435134319716e-13
YBL102W,YIL026C,3.492367239989842e-15
YBL102W,YJR076C,2.2591352399903286e-10
YBL102W,YKR031C,0.02128353714942932
YBL102W,YPL192C,9.470658177893591e-17
YBL102W,YHR107C,8.036053562903355e-16
YBL102W,YIL037C,1.0985122571582906e-05
YBL102W,YPL156C,5.6941590826427736e-15
YBL102W,YIL117C,1.4764728712378643e-15
YBL102W,YHR066W,1.2671486683015192e-14
YBL102W,YML085C,7.15654095984064e-08
YBL102W,YML047C,5.704184513888322e-05
YBL102W,YDR312W,3.436790782518351e-13
YBL102W,YFL037W,6.599465982373709e-13
YBL102W,YDL038C,0.2020167112350464
YBL102W,YDL039C,1.4009647120779428e-13
YBL102W,YCL027W,5.4922615934371866e-12
YBL102W,YML124C,1.114307451643981e-05
YBL102W,YGL053W,9.607523720274631e-15
YBL102W,YMR232W,4.916771104035433e-06
YBL102W,YNL298W,1.1436416571086738e-05
YBL102W,YGL099W,9.488274749225312e-12
YBL102W,YBL016W,5.203049795454717e-07
YBL102W,YAL041W,0.20196332037448883
YBL102W,YDR085C,1.2774580682162195e-07
YBL102W,YPL187W,0.013289985246956348
YBL102W,YPL256C,2.6111972555985935e-14
YBL102W,YDR461W,1.3830990797103482e-09
YBL102W,YNL145W,3.8637068655589246e-08
YNL327W,YDL165W,0.00022936976165510714
YNL327W,YGR059W,2.1072803224608805e-10
YNL327W,YBR109C,9.04894562059333e-11
YNL327W,YJL080C,3.9000969991320744e-05
YNL327W,YCR093W,0.05625760927796364
YNL327W,YIL122W,0.003617907175794244
YNL327W,YCL029C,7.173469930421561e-05
YNL327W,YNL173C,1.535732820912017e-07
YNL327W,YLR452C,0.03908691555261612
YNL327W,YDL160C,2.2492127982332022e-07
YNL327W,YLR229C,0.0001524816470919177
YNL327W,YML057W,8.183349109458504e-09
YNL327W,YER149C,0.0024973764084279537
YNL327W,YMR305C,4.587678859024891e-08
YNL327W,YLR433C,7.899953197920695e-05
YNL327W,YJL073W,9.257943803936408e-13
YNL327W,YGR279C,1.6302285075653344e-05
YNL327W,YKL190W,0.00025605695554986596
YNL327W,YGL089C,0.011606504209339619
YNL327W,YJL019W,2.1666225791250326e-07
YNL327W,YJL018W,0.11092819273471832
YNL327W,YNR032C-A,7.258655188024932e-08
YNL327W,YGL178W,0.4526140093803406
YNL327W,YKL116C,7.260333306779998e-11
YNL327W,YDL214C,3.6925172025803477e-05
YNL327W,YLR362W,2.288648101966828e-05
YNL327W,YER068W,0.8786296844482422
YNL327W,YHR084W,1.4545447811542545e-05
YNL327W,YDR392W,0.004700000397861004
YNL327W,YNL053W,6.778705574106425e-05
YNL327W,YGR040W,1.4026994843430174e-10
YNL327W,YDL216C,3.3956111256117083e-09
YNL327W,YOL117W,1.8488239561520459e-07
YNL327W,YJR086W,6.985944492043927e-05
YNL327W,YMR025W,0.028556175529956818
YNL327W,YBR081C,0.06519614160060883
YNL327W,YFL026W,0.004931616596877575
YNL327W,YHL007C,0.002197182970121503
YNL327W,YNR044W,2.7076919195678784e-07
YNL327W,YNL271C,0.0009827706962823868
YNL327W,YDR200C,0.00220862845890224
YNL327W,YKL178C,5.1325496315257624e-05
YNL327W,YOR212W,4.356817573381022e-09
YNL327W,YOL111C,1.2570872880227215e-16
YNL327W,YGL032C,1.1769506480518999e-09
YNL327W,YHR005C,1.102705766697909e-07
YNL327W,YDR103W,0.0009556572185829282
YNL327W,YJR084W,0.16166077554225922
YNL327W,YCL032W,1.4840957796025123e-08
YNL327W,YJL170C,4.157471721555339e-06
YNL327W,YDR179C,1.9722659378058893e-13
YNL327W,YBR095C,7.167106907957077e-10
YNL327W,YLL021W,0.9148708581924438
YNL327W,YDL159W,6.181870489276433e-15
YNL327W,YNL161W,2.1946553374618816e-07
YNL327W,YNL188W,6.223449599929154e-05
YNL327W,YJL157C,1.9396245534153422e-06
YNL327W,YJL034W,6.179150751186094e-14
YNL327W,YLR238W,0.0780627578496933
YNL327W,YPR141C,6.617136023123749e-06
YNL327W,YNL127W,0.002891429467126727
YNL327W,YCL055W,3.938474879561227e-09
YNL327W,YPR122W,4.684153672579461e-12
YNL327W,YMR065W,0.09083109349012375
YNL327W,YDR356W,1.4445669194174116e-06
YNL327W,YMR052W,2.043364293058403e-05
YNL327W,YFR008W,0.00021758487855549902
YNL327W,YLL043W,5.5398832046194e-05
YNL327W,YMR029C,0.018312739208340645
YNL327W,YJR004C,2.2271743477242367e-11
YNL327W,YDL223C,7.75161461206153e-05
YNL327W,YHR158C,0.07860248535871506
YNL327W,YGR238C,2.2698127176030698e-17
YNL327W,YIL015W,0.014244993217289448
YNL327W,YGL173C,1.8196236184486736e-10
YNL327W,YDL225W,0.032186612486839294
YNL327W,YLR330W,1.0061406152672703e-09
YNL327W,YBR129C,0.00017641193699091673
YNL327W,YKR095W-A,0.2020167112350464
YNL327W,YPR075C,4.4824717939165315e-13
YNL327W,YMR198W,0.0020668120123445988
YNL327W,YOR127W,7.244563530615835e-15
YNL327W,YDR264C,0.7720890641212463
YNL327W,YLR110C,7.690049153019629e-10
YNL327W,YDR379W,0.019388172775506973
YNL327W,YDL100C,6.678363417833566e-10
YNL327W,YHR073W,0.9995537400245667
YNL327W,YJR090C,0.1174251139163971
YNL327W,YOR208W,0.10361672937870026
YNL327W,YBR040W,0.99973064661026
YNL327W,YNL279W,0.0027146884240210056
YNL327W,YER075C,0.21006445586681366
YNL327W,YCR089W,1.210089645674317e-12
YNL327W,YCR002C,9.106727687484967e-14
YNL327W,YJL108C,0.999923586845398
YNL327W,YBR200W,2.1191576271561985e-11
YNL327W,YIL026C,0.3315569758415222
YNL327W,YJR076C,0.9968454241752625
YNL327W,YKR031C,0.00029538149829022586
YNL327W,YPL192C,0.5075525045394897
YNL327W,YHR107C,3.7054326185170794e-07
YNL327W,YIL037C,0.000998038100078702
YNL327W,YPL156C,1.864602694467976e-09
YNL327W,YIL117C,0.0009271128801628947
YNL327W,YHR066W,3.8606798625551164e-05
YNL327W,YML085C,9.740542400438201e-11
YNL327W,YML047C,0.7669585943222046
YNL327W,YDR312W,1.8291933656655601e-06
YNL327W,YFL037W,0.004078349098563194
YNL327W,YDL038C,0.2020167112350464
YNL327W,YDL039C,2.594829766167095e-06
YNL327W,YCL027W,0.002307277638465166
YNL327W,YML124C,3.480546129086548e-10
YNL327W,YGL053W,0.03796437382698059
YNL327W,YMR232W,1.17497164775493e-10
YNL327W,YNL298W,0.00048168966895900667
YNL327W,YGL099W,0.028325233608484268
YNL327W,YBL016W,0.0005579255521297455
YNL327W,YAL041W,0.0005212068790569901
YNL327W,YDR085C,0.0014283743221312761
YNL327W,YPL187W,0.0017912170151248574
YNL327W,YPL256C,2.759126538354195e-10
YNL327W,YDR461W,5.857764360378548e-13
YNL327W,YNL145W,0.0007169825839810073
YGL095C,YDL165W,0.015410720370709896
YGL095C,YGR059W,0.00011875818017870188
YGL095C,YBR109C,0.0003248920838814229
YGL095C,YJL080C,4.003696631116327e-06
YGL095C,YCR093W,0.9987080097198486
YGL095C,YIL122W,0.35624194145202637
YGL095C,YCL029C,2.120887233197921e-12
YGL095C,YNL173C,1.2775193454217515e-06
YGL095C,YLR452C,4.986275143892271e-07
YGL095C,YDL160C,0.048893388360738754
YGL095C,YLR229C,0.6493924260139465
YGL095C,YML057W,6.309771372059458e-09
YGL095C,YER149C,0.30920493602752686
YGL095C,YMR305C,0.0005565215251408517
YGL095C,YLR433C,0.23672564327716827
YGL095C,YJL073W,9.849469684297674e-09
YGL095C,YGR279C,0.2450498789548874
YGL095C,YKL190W,4.203118351142621e-06
YGL095C,YGL089C,0.04370278865098953
YGL095C,YJL019W,4.0142530965958656e-10
YGL095C,YJL018W,0.0005304799415171146
YGL095C,YNR032C-A,0.9999736547470093
YGL095C,YGL178W,1.0407141814994247e-08
YGL095C,YKL116C,8.958474495557311e-08
YGL095C,YDL214C,0.9967387318611145
YGL095C,YLR362W,8.637270343392345e-10
YGL095C,YER068W,1.6168640037950155e-10
YGL095C,YHR084W,8.453714950285018e-10
YGL095C,YDR392W,0.07450325042009354
YGL095C,YNL053W,3.43983742823184e-06
YGL095C,YGR040W,0.5033951997756958
YGL095C,YDL216C,0.12575142085552216
YGL095C,YOL117W,0.0039855982176959515
YGL095C,YJR086W,0.39098820090293884
YGL095C,YMR025W,0.001561553799547255
YGL095C,YBR081C,0.7160885334014893
YGL095C,YFL026W,0.006492518819868565
YGL095C,YHL007C,2.9909426757512847e-07
YGL095C,YNR044W,0.001114404178224504
YGL095C,YNL271C,0.000573912519030273
YGL095C,YDR200C,0.025153789669275284
YGL095C,YKL178C,3.418358573981095e-06
YGL095C,YOR212W,0.3811849057674408
YGL095C,YOL111C,1.3217762821760015e-11
YGL095C,YGL032C,8.576669330295772e-08
YGL095C,YHR005C,0.009440743364393711
YGL095C,YDR103W,4.868253745371476e-05
YGL095C,YJR084W,0.00017705498612485826
YGL095C,YCL032W,0.660329282283783
YGL095C,YJL170C,5.202370812185109e-05
YGL095C,YDR179C,1.0094284874639925e-07
YGL095C,YBR095C,4.786307528092948e-08
YGL095C,YLL021W,0.0009629030828364193
YGL095C,YDL159W,0.0007100076181814075
YGL095C,YNL161W,0.6797375679016113
YGL095C,YNL188W,7.197242211987032e-06
YGL095C,YJL157C,0.0009436269174329937
YGL095C,YJL034W,8.218798037973318e-12
YGL095C,YLR238W,1.5066598280100152e-06
YGL095C,YPR141C,0.9989135265350342
YGL095C,YNL127W,0.997223973274231
YGL095C,YCL055W,0.00010462426143931225
YGL095C,YPR122W,0.9996213912963867
YGL095C,YMR065W,0.9708160758018494
YGL095C,YDR356W,0.00018904298485722393
YGL095C,YMR052W,0.879709005355835
YGL095C,YFR008W,0.010446801781654358
YGL095C,YLL043W,8.941955229602172e-07
YGL095C,YMR029C,0.00040351288043893874
YGL095C,YJR004C,2.6100788197425118e-09
YGL095C,YDL223C,0.004339389503002167
YGL095C,YHR158C,0.8776243925094604
YGL095C,YGR238C,2.3598170639793636e-10
YGL095C,YIL015W,0.00023602730652783066
YGL095C,YGL173C,0.0038634443189948797
YGL095C,YDL225W,0.0055342381820082664
YGL095C,YLR330W,4.225058081175348e-10
YGL095C,YBR129C,2.501580498304179e-09
YGL095C,YKR095W-A,0.2020167112350464
YGL095C,YPR075C,7.616700159474021e-09
YGL095C,YMR198W,9.578768367646262e-05
YGL095C,YOR127W,0.008486478589475155
YGL095C,YDR264C,0.9838077425956726
YGL095C,YLR110C,0.00772030558437109
YGL095C,YDR379W,0.22946763038635254
YGL095C,YDL100C,0.002627279609441757
YGL095C,YHR073W,0.0001784376217983663
YGL095C,YJR090C,0.01561051607131958
YGL095C,YOR208W,4.747592943776802e-12
YGL095C,YBR040W,0.9920754432678223
YGL095C,YNL279W,0.0012967668008059263
YGL095C,YER075C,5.954795051366091e-05
YGL095C,YCR089W,0.7871044278144836
YGL095C,YCR002C,5.471063673212484e-07
YGL095C,YJL108C,0.0008962576393969357
YGL095C,YBR200W,3.8524554213381634e-08
YGL095C,YIL026C,0.02707698382437229
YGL095C,YJR076C,3.5819480714849306e-09
YGL095C,YKR031C,0.026751937344670296
YGL095C,YPL192C,2.178575009281758e-08
YGL095C,YHR107C,4.1990009691517116e-08
YGL095C,YIL037C,0.0003449968935456127
YGL095C,YPL156C,8.978334165021806e-08
YGL095C,YIL117C,0.00251096417196095
YGL095C,YHR066W,5.469088028997203e-15
YGL095C,YML085C,1.4848665159661323e-06
YGL095C,YML047C,0.06955838948488235
YGL095C,YDR312W,3.5070891613031563e-07
YGL095C,YFL037W,8.205488372103886e-11
YGL095C,YDL038C,0.2020167112350464
YGL095C,YDL039C,6.912104436196387e-05
YGL095C,YCL027W,2.449031200058016e-08
YGL095C,YML124C,1.3916469470132142e-05
YGL095C,YGL053W,4.605341473506996e-06
YGL095C,YMR232W,5.715531369787641e-05
YGL095C,YNL298W,5.071281339041889e-05
YGL095C,YGL099W,1.3431408207864592e-09
YGL095C,YBL016W,1.3854081544195651e-06
YGL095C,YAL041W,2.2549631921719993e-06
YGL095C,YDR085C,6.591290002688766e-05
YGL095C,YPL187W,0.5807443857192993
YGL095C,YPL256C,0.0018524994375184178
YGL095C,YDR461W,7.956587796797976e-05
YGL095C,YNL145W,3.3147179445691677e-10
YLR237W,YDL165W,2.1202148110105457e-13
YLR237W,YGR059W,7.013711069703277e-07
YLR237W,YBR109C,8.216172154521667e-14
YLR237W,YJL080C,8.19730741619118e-11
YLR237W,YCR093W,5.9755402617156506e-06
YLR237W,YIL122W,9.803049033507705e-05
YLR237W,YCL029C,0.0007106544217094779
YLR237W,YNL173C,4.582249615419634e-15
YLR237W,YLR452C,1.424414514290817e-13
YLR237W,YDL160C,0.022194568067789078
YLR237W,YLR229C,1.469996901981574e-10
YLR237W,YML057W,1.7688788034320169e-07
YLR237W,YER149C,1.929766025796087e-14
YLR237W,YMR305C,1.2547556430089079e-21
YLR237W,YLR433C,2.5778563311762426e-12
YLR237W,YJL073W,4.29221935771551e-12
YLR237W,YGR279C,5.382427142874846e-12
YLR237W,YKL190W,2.3654026293229435e-08
YLR237W,YGL089C,6.648133433498837e-16
YLR237W,YJL019W,8.920562910603336e-21
YLR237W,YJL018W,0.0010336111299693584
YLR237W,YNR032C-A,0.9210289120674133
YLR237W,YGL178W,6.67336550463915e-08
YLR237W,YKL116C,7.071807431202615e-06
YLR237W,YDL214C,4.4206930738255323e-07
YLR237W,YLR362W,3.4893332667707e-10
YLR237W,YER068W,8.002019491470946e-09
YLR237W,YHR084W,3.1918203322520675e-22
YLR237W,YDR392W,0.0027213813737034798
YLR237W,YNL053W,7.82143501965038e-07
YLR237W,YGR040W,6.309238131940731e-10
YLR237W,YDL216C,3.6571324812939565e-07
YLR237W,YOL117W,4.968519085740697e-13
YLR237W,YJR086W,5.81531062860503e-15
YLR237W,YMR025W,2.2680244455841603e-06
YLR237W,YBR081C,5.936264102501809e-08
YLR237W,YFL026W,7.21733570685501e-08
YLR237W,YHL007C,3.378865409686682e-09
YLR237W,YNR044W,2.107046972337802e-14
YLR237W,YNL271C,1.5962722810236585e-10
YLR237W,YDR200C,5.1959236913035056e-08
YLR237W,YKL178C,4.139177445239284e-09
YLR237W,YOR212W,9.838859639935076e-28
YLR237W,YOL111C,1.9589053934510048e-08
YLR237W,YGL032C,6.694173687593619e-11
YLR237W,YHR005C,4.229371369725461e-14
YLR237W,YDR103W,1.298562210649834e-06
YLR237W,YJR084W,1.1701391855467591e-07
YLR237W,YCL032W,2.838539958638364e-10
YLR237W,YJL170C,1.2239663504942655e-08
YLR237W,YDR179C,2.5303219786110276e-07
YLR237W,YBR095C,1.7695859355626453e-07
YLR237W,YLL021W,1.1444989667097616e-07
YLR237W,YDL159W,5.832854981235869e-07
YLR237W,YNL161W,3.7660530249894464e-10
YLR237W,YNL188W,7.027533936720953e-13
YLR237W,YJL157C,1.271821624663557e-18
YLR237W,YJL034W,2.902521972769634e-12
YLR237W,YLR238W,1.1135432576026005e-09
YLR237W,YPR141C,7.067217921985502e-08
YLR237W,YNL127W,2.3751995925636038e-08
YLR237W,YCL055W,0.0047395057044923306
YLR237W,YPR122W,0.0001829141256166622
YLR237W,YMR065W,1.5410158766826498e-06
YLR237W,YDR356W,0.003964514005929232
YLR237W,YMR052W,0.00036239359178580344
YLR237W,YFR008W,8.406502151835603e-15
YLR237W,YLL043W,1.2001493786132408e-14
YLR237W,YMR029C,1.5358946753307734e-12
YLR237W,YJR004C,2.8640871008178692e-08
YLR237W,YDL223C,5.535767614040474e-17
YLR237W,YHR158C,1.4298839445814338e-08
YLR237W,YGR238C,2.55925225456366e-10
YLR237W,YIL015W,1.7570711463577027e-07
YLR237W,YGL173C,0.0008017672807909548
YLR237W,YDL225W,9.711686566049593e-09
YLR237W,YLR330W,4.6463674574503955e-10
YLR237W,YBR129C,1.9110106292546947e-12
YLR237W,YKR095W-A,0.2020167112350464
YLR237W,YPR075C,4.189886014093619e-13
YLR237W,YMR198W,2.0419343854882754e-05
YLR237W,YOR127W,3.4389796566003383e-10
YLR237W,YDR264C,1.0569548014593977e-10
YLR237W,YLR110C,5.191021301698129e-08
YLR237W,YDR379W,9.357454189284908e-08
YLR237W,YDL100C,1.8407063559196333e-15
YLR237W,YHR073W,2.345373895096259e-09
YLR237W,YJR090C,7.667892987228697e-09
YLR237W,YOR208W,1.0995416579188715e-17
YLR237W,YBR040W,4.007900955560473e-11
YLR237W,YNL279W,1.0471793788005557e-12
YLR237W,YER075C,3.75586894918456e-09
YLR237W,YCR089W,3.1601065080683055e-12
YLR237W,YCR002C,3.075091967730259e-07
YLR237W,YJL108C,1.0321641078008955e-16
YLR237W,YBR200W,1.1059439202654175e-05
YLR237W,YIL026C,5.493171251202966e-09
YLR237W,YJR076C,8.984655033850153e-12
YLR237W,YKR031C,2.857071523809651e-11
YLR237W,YPL192C,1.1499020402538918e-08
YLR237W,YHR107C,1.191716945394758e-13
YLR237W,YIL037C,3.5589229046423254e-13
YLR237W,YPL156C,1.6695565818736213e-06
YLR237W,YIL117C,1.7086647403630195e-06
YLR237W,YHR066W,1.4402010625887794e-18
YLR237W,YML085C,2.2955611957106205e-17
YLR237W,YML047C,4.629303607117663e-10
YLR237W,YDR312W,1.1916725481628276e-15
YLR237W,YFL037W,3.1800273744053955e-17
YLR237W,YDL038C,0.2020167112350464
YLR237W,YDL039C,1.2674800098366745e-10
YLR237W,YCL027W,2.346946768871927e-11
YLR237W,YML124C,6.692256682143037e-23
YLR237W,YGL053W,7.382689960715558e-22
YLR237W,YMR232W,1.3252541173375834e-16
YLR237W,YNL298W,1.7495765860076062e-05
YLR237W,YGL099W,4.61830629744976e-25
YLR237W,YBL016W,1.0369944902777206e-09
YLR237W,YAL041W,5.555850293603726e-05
YLR237W,YDR085C,3.295980011564512e-22
YLR237W,YPL187W,3.2846808153408347e-06
YLR237W,YPL256C,2.8444138150929137e-22
YLR237W,YDR461W,5.121724910850389e-08
YLR237W,YNL145W,2.8941897767253977e-09
YCR073W-A,YDL165W,7.649087478966976e-07
YCR073W-A,YGR059W,5.089887178399977e-09
YCR073W-A,YBR109C,1.0881500429604785e-06
YCR073W-A,YJL080C,6.62897126080253e-10
YCR073W-A,YCR093W,3.1981351639842615e-05
YCR073W-A,YIL122W,0.9062033295631409
YCR073W-A,YCL029C,0.0005575138493441045
YCR073W-A,YNL173C,6.39318709083625e-10
YCR073W-A,YLR452C,4.4104515950493806e-07
YCR073W-A,YDL160C,7.530429058100196e-10
YCR073W-A,YLR229C,1.6036326996982098e-05
YCR073W-A,YML057W,5.045858911297408e-16
YCR073W-A,YER149C,1.7220053223354626e-06
YCR073W-A,YMR305C,1.29762911456055e-05
YCR073W-A,YLR433C,6.489121915365104e-07
YCR073W-A,YJL073W,7.519940074286746e-13
YCR073W-A,YGR279C,1.054917153631152e-09
YCR073W-A,YKL190W,2.1240317437332124e-05
YCR073W-A,YGL089C,0.0013329572975635529
YCR073W-A,YJL019W,7.988053766894154e-06
YCR073W-A,YJL018W,0.2020167112350464
YCR073W-A,YNR032C-A,0.00014637544518336654
YCR073W-A,YGL178W,8.941719586985641e-10
YCR073W-A,YKL116C,1.032708779602487e-10
YCR073W-A,YDL214C,0.2385503053665161
YCR073W-A,YLR362W,5.1576163969002664e-05
YCR073W-A,YER068W,1.5636199002244666e-09
YCR073W-A,YHR084W,0.0017207994824275374
YCR073W-A,YDR392W,2.1326350463368726e-08
YCR073W-A,YNL053W,0.0004553100443445146
YCR073W-A,YGR040W,0.08014027774333954
YCR073W-A,YDL216C,0.00040945602813735604
YCR073W-A,YOL117W,1.4674602866193709e-08
YCR073W-A,YJR086W,1.6292592275313211e-10
YCR073W-A,YMR025W,3.0242792945500696e-06
YCR073W-A,YBR081C,4.852732260474113e-08
YCR073W-A,YFL026W,0.45427653193473816
YCR073W-A,YHL007C,2.736969281584827e-15
YCR073W-A,YNR044W,0.02580622211098671
YCR073W-A,YNL271C,9.340420881187583e-09
YCR073W-A,YDR200C,2.707144517444249e-07
YCR073W-A,YKL178C,3.2875270505883236e-08
YCR073W-A,YOR212W,1.5789657936693402e-07
YCR073W-A,YOL111C,2.522002606752949e-10
YCR073W-A,YGL032C,1.6439430372550135e-10
YCR073W-A,YHR005C,0.022264590486884117
YCR073W-A,YDR103W,3.774603407613597e-10
YCR073W-A,YJR084W,4.2543473220213804e-14
YCR073W-A,YCL032W,2.2715287286700914e-06
YCR073W-A,YJL170C,8.091229233286867e-07
YCR073W-A,YDR179C,8.679430736407631e-14
YCR073W-A,YBR095C,0.5180679559707642
YCR073W-A,YLL021W,3.706994156082999e-10
YCR073W-A,YDL159W,5.23059462409492e-09
YCR073W-A,YNL161W,5.644335487886565e-07
YCR073W-A,YNL188W,5.792642163464021e-14
YCR073W-A,YJL157C,1.4237735435074228e-09
YCR073W-A,YJL034W,3.057254787108832e-07
YCR073W-A,YLR238W,2.1465949018306674e-09
YCR073W-A,YPR141C,1.509143365829857e-09
YCR073W-A,YNL127W,1.500423896239056e-09
YCR073W-A,YCL055W,0.10531023144721985
YCR073W-A,YPR122W,1.8496608411577853e-10
YCR073W-A,YMR065W,0.0015726868296042085
YCR073W-A,YDR356W,0.01577247679233551
YCR073W-A,YMR052W,1.0800182970172045e-09
YCR073W-A,YFR008W,2.454437009191679e-08
YCR073W-A,YLL043W,8.324149369798306e-09
YCR073W-A,YMR029C,1.496102868259186e-07
YCR073W-A,YJR004C,3.3256019466021414e-11
YCR073W-A,YDL223C,3.5821982180680653e-14
YCR073W-A,YHR158C,2.0932606759060945e-09
YCR073W-A,YGR238C,1.7473315546204238e-12
YCR073W-A,YIL015W,0.886932373046875
YCR073W-A,YGL173C,2.109007546380326e-08
YCR073W-A,YDL225W,7.556107128880996e-11
YCR073W-A,YLR330W,8.496527925672126e-08
YCR073W-A,YBR129C,5.674815474776551e-05
YCR073W-A,YKR095W-A,0.2020167112350464
YCR073W-A,YPR075C,3.5630151606902416e-11
YCR073W-A,YMR198W,1.514602110397334e-09
YCR073W-A,YOR127W,2.0554384718707297e-06
YCR073W-A,YDR264C,8.779916242929175e-06
YCR073W-A,YLR110C,7.526773515564855e-07
YCR073W-A,YDR379W,3.556332472953727e-08
YCR073W-A,YDL100C,9.838087011715402e-10
YCR073W-A,YHR073W,0.00021080987062305212
YCR073W-A,YJR090C,4.625328438123688e-05
YCR073W-A,YOR208W,6.812693448656273e-14
YCR073W-A,YBR040W,0.9647443890571594
YCR073W-A,YNL279W,0.000917089288122952
YCR073W-A,YER075C,2.298214894835837e-06
YCR073W-A,YCR089W,0.0004713025991804898
YCR073W-A,YCR002C,0.007508761715143919
YCR073W-A,YJL108C,0.016248570755124092
YCR073W-A,YBR200W,5.979341949569061e-06
YCR073W-A,YIL026C,1.750030849401174e-11
YCR073W-A,YJR076C,6.096085858331435e-09
YCR073W-A,YKR031C,1.3972371561976615e-06
YCR073W-A,YPL192C,0.8133244514465332
YCR073W-A,YHR107C,2.354042408114765e-05
YCR073W-A,YIL037C,0.5804311633110046
YCR073W-A,YPL156C,2.9699370074354192e-08
YCR073W-A,YIL117C,1.7889997261377744e-09
YCR073W-A,YHR066W,2.941413519593398e-18
YCR073W-A,YML085C,6.7440080186997875e-09
YCR073W-A,YML047C,0.023017020896077156
YCR073W-A,YDR312W,7.264409629392787e-10
YCR073W-A,YFL037W,2.1823888474159503e-08
YCR073W-A,YDL038C,0.2020167112350464
YCR073W-A,YDL039C,5.4983934072438956e-12
YCR073W-A,YCL027W,0.003265230916440487
YCR073W-A,YML124C,8.518986760464031e-08
YCR073W-A,YGL053W,1.3136484136087553e-22
YCR073W-A,YMR232W,5.01739982894378e-10
YCR073W-A,YNL298W,1.7679934671832598e-07
YCR073W-A,YGL099W,4.225553500852852e-12
YCR073W-A,YBL016W,1.4508874528473825e-06
YCR073W-A,YAL041W,8.546523895347491e-05
YCR073W-A,YDR085C,1.3549261268508417e-08
YCR073W-A,YPL187W,0.0005323031218722463
YCR073W-A,YPL256C,2.0300684744345432e-10
YCR073W-A,YDR461W,5.377729858646596e-11
YCR073W-A,YNL145W,6.776581784606606e-08
YJL138C,YDL165W,0.9788722395896912
YJL138C,YGR059W,3.559624683069285e-19
YJL138C,YBR109C,3.4004938243015204e-07
YJL138C,YJL080C,2.533185750053235e-07
YJL138C,YCR093W,1.4693132470711134e-05
YJL138C,YIL122W,0.2007109522819519
YJL138C,YCL029C,3.58797365151986e-08
YJL138C,YNL173C,0.062203213572502136
YJL138C,YLR452C,0.14880423247814178
YJL138C,YDL160C,0.05076088011264801
YJL138C,YLR229C,0.0004227782192174345
YJL138C,YML057W,1.559728840766321e-14
YJL138C,YER149C,4.002765308541711e-06
YJL138C,YMR305C,4.293429167745444e-09
YJL138C,YLR433C,2.0507920908130473e-06
YJL138C,YJL073W,7.894087872273303e-08
YJL138C,YGR279C,8.784061833466694e-08
YJL138C,YKL190W,0.00258829677477479
YJL138C,YGL089C,0.005367028992623091
YJL138C,YJL019W,0.5436615347862244
YJL138C,YJL018W,0.008018913678824902
YJL138C,YNR032C-A,0.6025519967079163
YJL138C,YGL178W,1.0721537435642858e-08
YJL138C,YKL116C,3.0059595229411256e-16
YJL138C,YDL214C,0.9999865293502808
YJL138C,YLR362W,3.6926969815276323e-10
YJL138C,YER068W,1.4835409345437256e-08
YJL138C,YHR084W,0.00026113729109056294
YJL138C,YDR392W,2.64147217876598e-07
YJL138C,YNL053W,1.7548648645338005e-10
YJL138C,YGR040W,0.16181331872940063
YJL138C,YDL216C,4.986788098904071e-06
YJL138C,YOL117W,2.920842012699154e-09
YJL138C,YJR086W,0.001030383980832994
YJL138C,YMR025W,0.9948379397392273
YJL138C,YBR081C,1.2644810198914058e-10
YJL138C,YFL026W,0.1704668253660202
YJL138C,YHL007C,1.8639395582553675e-11
YJL138C,YNR044W,0.06752923130989075
YJL138C,YNL271C,3.84433769795578e-06
YJL138C,YDR200C,3.907321115548257e-07
YJL138C,YKL178C,0.002487864112481475
YJL138C,YOR212W,1.785781194030278e-07
YJL138C,YOL111C,2.351561079194653e-08
YJL138C,YGL032C,0.034106574952602386
YJL138C,YHR005C,0.0037619629874825478
YJL138C,YDR103W,0.4022619426250458
YJL138C,YJR084W,0.01750628463923931
YJL138C,YCL032W,8.135654934449121e-05
YJL138C,YJL170C,0.9998692274093628
YJL138C,YDR179C,1.8487233433006622e-07
YJL138C,YBR095C,0.0003670868754852563
YJL138C,YLL021W,2.5389654823015917e-08
YJL138C,YDL159W,5.592592344783043e-08
YJL138C,YNL161W,2.9092100817251776e-07
YJL138C,YNL188W,1.0862850103876553e-05
YJL138C,YJL157C,4.214940341196183e-10
YJL138C,YJL034W,1.8476840545204366e-16
YJL138C,YLR238W,1.2000120932498248e-06
YJL138C,YPR141C,6.76042509439867e-06
YJL138C,YNL127W,0.008803283795714378
YJL138C,YCL055W,2.5205515452597638e-09
YJL138C,YPR122W,1.293185050599277e-06
YJL138C,YMR065W,0.17093650996685028
YJL138C,YDR356W,2.842988344742281e-10
YJL138C,YMR052W,0.9183198809623718
YJL138C,YFR008W,0.03062409907579422
YJL138C,YLL043W,5.901726218837666e-09
YJL138C,YMR029C,2.9609493523707897e-08
YJL138C,YJR004C,1.0843456266229623e-07
YJL138C,YDL223C,6.002784971315123e-07
YJL138C,YHR158C,3.349298640387133e-05
YJL138C,YGR238C,5.827989132956013e-12
YJL138C,YIL015W,0.9999841451644897
YJL138C,YGL173C,0.0039029913023114204
YJL138C,YDL225W,0.0015647724503651261
YJL138C,YLR330W,1.3631775175326766e-07
YJL138C,YBR129C,0.6428653001785278
YJL138C,YKR095W-A,0.2020167112350464
YJL138C,YPR075C,2.6909594344481924e-13
YJL138C,YMR198W,0.2542273998260498
YJL138C,YOR127W,1.7259792173263122e-07
YJL138C,YDR264C,2.624254375405144e-05
YJL138C,YLR110C,4.7884741311010615e-11
YJL138C,YDR379W,2.636005547174136e-08
YJL138C,YDL100C,1.264740312478807e-08
YJL138C,YHR073W,8.736850132251561e-10
YJL138C,YJR090C,9.786679910916973e-09
YJL138C,YOR208W,7.5355678745836485e-06
YJL138C,YBR040W,1.0832921361725312e-05
YJL138C,YNL279W,7.010555469477708e-10
YJL138C,YER075C,0.0018956431886181235
YJL138C,YCR089W,1.0924667037670588e-07
YJL138C,YCR002C,0.5443585515022278
YJL138C,YJL108C,0.035720136016607285
YJL138C,YBR200W,5.7235698819324554e-11
YJL138C,YIL026C,1.5278835974186222e-07
YJL138C,YJR076C,0.6314594745635986
YJL138C,YKR031C,1.7233852531717275e-06
YJL138C,YPL192C,4.0679016819922253e-05
YJL138C,YHR107C,0.053352225571870804
YJL138C,YIL037C,0.001871570129878819
YJL138C,YPL156C,8.588881428295281e-08
YJL138C,YIL117C,0.0012321766698732972
YJL138C,YHR066W,6.524406015451234e-10
YJL138C,YML085C,0.0057670013047754765
YJL138C,YML047C,0.04573630914092064
YJL138C,YDR312W,3.0743978474134792e-09
YJL138C,YFL037W,8.519759830960538e-06
YJL138C,YDL038C,0.2020167112350464
YJL138C,YDL039C,1.16373958267222e-14
YJL138C,YCL027W,3.1587978899239033e-09
YJL138C,YML124C,7.307619398488896e-09
YJL138C,YGL053W,0.0003571535926312208
YJL138C,YMR232W,0.26553162932395935
YJL138C,YNL298W,0.0005686265649273992
YJL138C,YGL099W,2.582180968602188e-05
YJL138C,YBL016W,0.00019820952729787678
YJL138C,YAL041W,0.00489675672724843
YJL138C,YDR085C,2.4179245272648586e-08
YJL138C,YPL187W,0.07413066923618317
YJL138C,YPL256C,6.942578456570203e-12
YJL138C,YDR461W,0.006628849543631077
YJL138C,YNL145W,6.39410382063943e-06
YBR294W,YDL165W,5.852920145071883e-12
YBR294W,YGR059W,3.401862258556321e-08
YBR294W,YBR109C,1.2442104909294455e-13
YBR294W,YJL080C,2.15201081637029e-16
YBR294W,YCR093W,3.5435150907286994e-12
YBR294W,YIL122W,0.9278777837753296
YBR294W,YCL029C,9.698185722377406e-14
YBR294W,YNL173C,0.08169960975646973
YBR294W,YLR452C,3.5106215623328246e-14
YBR294W,YDL160C,1.2704058462986723e-06
YBR294W,YLR229C,8.604179001225898e-12
YBR294W,YML057W,1.4391629509200254e-18
YBR294W,YER149C,1.3738395187104513e-12
YBR294W,YMR305C,0.00011191562953172252
YBR294W,YLR433C,3.2219473755645822e-09
YBR294W,YJL073W,2.898649498206396e-08
YBR294W,YGR279C,6.859391987745767e-08
YBR294W,YKL190W,9.971191502700094e-06
YBR294W,YGL089C,8.513258649145428e-07
YBR294W,YJL019W,1.9171540088791517e-07
YBR294W,YJL018W,0.0002581643930170685
YBR294W,YNR032C-A,1.0458504817734138e-07
YBR294W,YGL178W,7.226231446111342e-06
YBR294W,YKL116C,1.367174958449369e-14
YBR294W,YDL214C,0.0018482570303604007
YBR294W,YLR362W,1.9268736650701612e-06
YBR294W,YER068W,1.995678289290481e-09
YBR294W,YHR084W,4.038939077280597e-20
YBR294W,YDR392W,3.0492319638142362e-06
YBR294W,YNL053W,0.2207704335451126
YBR294W,YGR040W,5.2801568672933286e-11
YBR294W,YDL216C,4.576693513058672e-08
YBR294W,YOL117W,2.4083001218255795e-12
YBR294W,YJR086W,6.951432485191589e-11
YBR294W,YMR025W,2.668476190592628e-05
YBR294W,YBR081C,3.646792937073151e-11
YBR294W,YFL026W,3.505199169112627e-12
YBR294W,YHL007C,7.993091744040726e-10
YBR294W,YNR044W,0.001223112689331174
YBR294W,YNL271C,4.702754186070024e-09
YBR294W,YDR200C,9.280167432734743e-06
YBR294W,YKL178C,7.33201999114641e-10
YBR294W,YOR212W,6.523325643349978e-17
YBR294W,YOL111C,6.269868521938116e-13
YBR294W,YGL032C,2.2804490500821784e-13
YBR294W,YHR005C,4.533512504304924e-16
YBR294W,YDR103W,6.323629264670672e-08
YBR294W,YJR084W,3.961477413466641e-12
YBR294W,YCL032W,1.9859915934006267e-09
YBR294W,YJL170C,0.0008072031778283417
YBR294W,YDR179C,3.766629674828437e-09
YBR294W,YBR095C,0.0010030517587438226
YBR294W,YLL021W,6.236195701737306e-18
YBR294W,YDL159W,8.161089534199084e-13
YBR294W,YNL161W,1.0605241129724163e-08
YBR294W,YNL188W,4.012450750738603e-19
YBR294W,YJL157C,2.0190100702421887e-09
YBR294W,YJL034W,9.909994916693088e-13
YBR294W,YLR238W,5.101158535580907e-07
YBR294W,YPR141C,2.8260367136712095e-12
YBR294W,YNL127W,2.67935575948286e-08
YBR294W,YCL055W,3.403871073892617e-10
YBR294W,YPR122W,1.596563237171722e-08
YBR294W,YMR065W,0.4178805649280548
YBR294W,YDR356W,4.802550718219223e-11
YBR294W,YMR052W,1.3416341062111314e-05
YBR294W,YFR008W,1.5541941422725358e-07
YBR294W,YLL043W,0.0020535551011562347
YBR294W,YMR029C,5.899410666643234e-07
YBR294W,YJR004C,3.480825072621485e-10
YBR294W,YDL223C,2.994997860827908e-10
YBR294W,YHR158C,1.0677425610339242e-10
YBR294W,YGR238C,1.0084194581836423e-16
YBR294W,YIL015W,2.3083692735070827e-09
YBR294W,YGL173C,5.602746578908485e-19
YBR294W,YDL225W,2.197058294980152e-18
YBR294W,YLR330W,1.1010345133399824e-06
YBR294W,YBR129C,3.9445478705602e-07
YBR294W,YKR095W-A,0.2020167112350464
YBR294W,YPR075C,5.490659142626253e-12
YBR294W,YMR198W,3.397679648742269e-08
YBR294W,YOR127W,3.751196345547214e-06
YBR294W,YDR264C,3.922491664809513e-09
YBR294W,YLR110C,0.163741797208786
YBR294W,YDR379W,0.003717446466907859
YBR294W,YDL100C,1.276246382880819e-11
YBR294W,YHR073W,1.3845750717819683e-12
YBR294W,YJR090C,1.8581281437946018e-06
YBR294W,YOR208W,6.70380146793742e-13
YBR294W,YBR040W,0.006662080064415932
YBR294W,YNL279W,2.1376159565988928e-05
YBR294W,YER075C,3.930986622435739e-06
YBR294W,YCR089W,4.1673997657198925e-06
YBR294W,YCR002C,3.327178173167149e-17
YBR294W,YJL108C,1.8728300688053423e-08
YBR294W,YBR200W,8.037618925982315e-08
YBR294W,YIL026C,2.575467226862199e-20
YBR294W,YJR076C,5.005257445761958e-15
YBR294W,YKR031C,1.6999969140729654e-11
YBR294W,YPL192C,5.0349871827393144e-08
YBR294W,YHR107C,2.4315994515999894e-16
YBR294W,YIL037C,1.721613185345916e-09
YBR294W,YPL156C,2.315965321031399e-05
YBR294W,YIL117C,4.191575087020283e-08
YBR294W,YHR066W,3.642249614127372e-17
YBR294W,YML085C,3.2196192378819433e-09
YBR294W,YML047C,0.9948320388793945
YBR294W,YDR312W,4.828731334782788e-07
YBR294W,YFL037W,9.652438489335738e-14
YBR294W,YDL038C,0.2020167112350464
YBR294W,YDL039C,1.0382619641626282e-15
YBR294W,YCL027W,9.396009303941355e-09
YBR294W,YML124C,2.437438635349287e-18
YBR294W,YGL053W,2.380158570236546e-10
YBR294W,YMR232W,0.0010242917342111468
YBR294W,YNL298W,3.732516518084594e-09
YBR294W,YGL099W,1.1670389955510196e-20
YBR294W,YBL016W,1.0943733741441974e-06
YBR294W,YAL041W,7.673835966670595e-08
YBR294W,YDR085C,5.47463605471421e-06
YBR294W,YPL187W,5.1091007204800195e-15
YBR294W,YPL256C,1.6256684583562664e-13
YBR294W,YDR461W,1.8605145635924858e-12
YBR294W,YNL145W,1.6044651718338798e-10
MEL4,YDL165W,0.2020167112350464
MEL4,YGR059W,0.2020167112350464
MEL4,YBR109C,0.2020167112350464
MEL4,YJL080C,0.2020167112350464
MEL4,YCR093W,0.2020167112350464
MEL4,YIL122W,0.2020167112350464
MEL4,YCL029C,0.2020167112350464
MEL4,YNL173C,0.2020167112350464
MEL4,YLR452C,0.2020167112350464
MEL4,YDL160C,0.2020167112350464
MEL4,YLR229C,0.2020167112350464
MEL4,YML057W,0.2020167112350464
MEL4,YER149C,0.2020167112350464
MEL4,YMR305C,0.2020167112350464
MEL4,YLR433C,0.2020167112350464
MEL4,YJL073W,0.2020167112350464
MEL4,YGR279C,0.2020167112350464
MEL4,YKL190W,0.2020167112350464
MEL4,YGL089C,0.2020167112350464
MEL4,YJL019W,0.2020167112350464
MEL4,YJL018W,0.2020167112350464
MEL4,YNR032C-A,0.2020167112350464
MEL4,YGL178W,0.2020167112350464
MEL4,YKL116C,0.2020167112350464
MEL4,YDL214C,0.2020167112350464
MEL4,YLR362W,0.2020167112350464
MEL4,YER068W,0.2020167112350464
MEL4,YHR084W,0.2020167112350464
MEL4,YDR392W,0.2020167112350464
MEL4,YNL053W,0.2020167112350464
MEL4,YGR040W,0.2020167112350464
MEL4,YDL216C,0.2020167112350464
MEL4,YOL117W,0.2020167112350464
MEL4,YJR086W,0.2020167112350464
MEL4,YMR025W,0.2020167112350464
MEL4,YBR081C,0.2020167112350464
MEL4,YFL026W,0.2020167112350464
MEL4,YHL007C,0.2020167112350464
MEL4,YNR044W,0.2020167112350464
MEL4,YNL271C,0.2020167112350464
MEL4,YDR200C,0.2020167112350464
MEL4,YKL178C,0.2020167112350464
MEL4,YOR212W,0.2020167112350464
MEL4,YOL111C,0.2020167112350464
MEL4,YGL032C,0.2020167112350464
MEL4,YHR005C,0.2020167112350464
MEL4,YDR103W,0.2020167112350464
MEL4,YJR084W,0.2020167112350464
MEL4,YCL032W,0.2020167112350464
MEL4,YJL170C,0.2020167112350464
MEL4,YDR179C,0.2020167112350464
MEL4,YBR095C,0.2020167112350464
MEL4,YLL021W,0.2020167112350464
MEL4,YDL159W,0.2020167112350464
MEL4,YNL161W,0.2020167112350464
MEL4,YNL188W,0.2020167112350464
MEL4,YJL157C,0.2020167112350464
MEL4,YJL034W,0.2020167112350464
MEL4,YLR238W,0.2020167112350464
MEL4,YPR141C,0.2020167112350464
MEL4,YNL127W,0.2020167112350464
MEL4,YCL055W,0.2020167112350464
MEL4,YPR122W,0.2020167112350464
MEL4,YMR065W,0.2020167112350464
MEL4,YDR356W,0.2020167112350464
MEL4,YMR052W,0.2020167112350464
MEL4,YFR008W,0.2020167112350464
MEL4,YLL043W,0.2020167112350464
MEL4,YMR029C,0.2020167112350464
MEL4,YJR004C,0.2020167112350464
MEL4,YDL223C,0.2020167112350464
MEL4,YHR158C,0.2020167112350464
MEL4,YGR238C,0.2020167112350464
MEL4,YIL015W,0.2020167112350464
MEL4,YGL173C,0.2020167112350464
MEL4,YDL225W,0.2020167112350464
MEL4,YLR330W,0.2020167112350464
MEL4,YBR129C,0.2020167112350464
MEL4,YKR095W-A,0.2020167112350464
MEL4,YPR075C,0.2020167112350464
MEL4,YMR198W,0.2020167112350464
MEL4,YOR127W,0.2020167112350464
MEL4,YDR264C,0.2020167112350464
MEL4,YLR110C,0.2020167112350464
MEL4,YDR379W,0.2020167112350464
MEL4,YDL100C,0.2020167112350464
MEL4,YHR073W,0.2020167112350464
MEL4,YJR090C,0.2020167112350464
MEL4,YOR208W,0.2020167112350464
MEL4,YBR040W,0.2020167112350464
MEL4,YNL279W,0.2020167112350464
MEL4,YER075C,0.2020167112350464
MEL4,YCR089W,0.2020167112350464
MEL4,YCR002C,0.2020167112350464
MEL4,YJL108C,0.2020167112350464
MEL4,YBR200W,0.2020167112350464
MEL4,YIL026C,0.2020167112350464
MEL4,YJR076C,0.2020167112350464
MEL4,YKR031C,0.2020167112350464
MEL4,YPL192C,0.2020167112350464
MEL4,YHR107C,0.2020167112350464
MEL4,YIL037C,0.2020167112350464
MEL4,YPL156C,0.2020167112350464
MEL4,YIL117C,0.2020167112350464
MEL4,YHR066W,0.2020167112350464
MEL4,YML085C,0.2020167112350464
MEL4,YML047C,0.2020167112350464
MEL4,YDR312W,0.2020167112350464
MEL4,YFL037W,0.2020167112350464
MEL4,YDL038C,0.2020167112350464
MEL4,YDL039C,0.2020167112350464
MEL4,YCL027W,0.2020167112350464
MEL4,YML124C,0.2020167112350464
MEL4,YGL053W,0.2020167112350464
MEL4,YMR232W,0.2020167112350464
MEL4,YNL298W,0.2020167112350464
MEL4,YGL099W,0.2020167112350464
MEL4,YBL016W,0.2020167112350464
MEL4,YAL041W,0.2020167112350464
MEL4,YDR085C,0.2020167112350464
MEL4,YPL187W,0.2020167112350464
MEL4,YPL256C,0.2020167112350464
MEL4,YDR461W,0.2020167112350464
MEL4,YNL145W,0.2020167112350464
YPL227C,YDL165W,0.05819040536880493
YPL227C,YGR059W,2.3416193428715815e-09
YPL227C,YBR109C,0.02250135876238346
YPL227C,YJL080C,2.4967041554191383e-06
YPL227C,YCR093W,0.731857180595398
YPL227C,YIL122W,0.2675505578517914
YPL227C,YCL029C,1.5486931488339906e-06
YPL227C,YNL173C,9.964014680008404e-06
YPL227C,YLR452C,0.9999860525131226
YPL227C,YDL160C,2.1087743107273127e-08
YPL227C,YLR229C,2.0441113246505438e-09
YPL227C,YML057W,5.1656275701361665e-08
YPL227C,YER149C,0.004188454709947109
YPL227C,YMR305C,4.326305145241349e-07
YPL227C,YLR433C,0.07354813814163208
YPL227C,YJL073W,8.985601845923341e-11
YPL227C,YGR279C,6.740744140643073e-08
YPL227C,YKL190W,0.15095311403274536
YPL227C,YGL089C,0.9997642636299133
YPL227C,YJL019W,0.22315317392349243
YPL227C,YJL018W,0.00041060306830331683
YPL227C,YNR032C-A,0.00941054429858923
YPL227C,YGL178W,4.86496953833182e-10
YPL227C,YKL116C,1.701558199895814e-10
YPL227C,YDL214C,0.6910235285758972
YPL227C,YLR362W,2.4437734821858292e-11
YPL227C,YER068W,1.824614628276322e-06
YPL227C,YHR084W,0.32375410199165344
YPL227C,YDR392W,0.00043409570935182273
YPL227C,YNL053W,0.9998630285263062
YPL227C,YGR040W,0.22580361366271973
YPL227C,YDL216C,8.501874253852293e-05
YPL227C,YOL117W,0.00207772315479815
YPL227C,YJR086W,9.911084362101974e-07
YPL227C,YMR025W,0.004753577522933483
YPL227C,YBR081C,0.9901304841041565
YPL227C,YFL026W,0.9967827796936035
YPL227C,YHL007C,4.1041475924430415e-05
YPL227C,YNR044W,1.0
YPL227C,YNL271C,4.892210654361406e-06
YPL227C,YDR200C,7.031033977256129e-09
YPL227C,YKL178C,0.3513745963573456
YPL227C,YOR212W,0.0002809139550663531
YPL227C,YOL111C,8.701906040187168e-07
YPL227C,YGL032C,0.510551929473877
YPL227C,YHR005C,0.9772130846977234
YPL227C,YDR103W,0.015240396372973919
YPL227C,YJR084W,0.005319870542734861
YPL227C,YCL032W,0.000734092085622251
YPL227C,YJL170C,0.0010544925462454557
YPL227C,YDR179C,5.308813706506044e-05
YPL227C,YBR095C,2.364968443302473e-09
YPL227C,YLL021W,0.8135281205177307
YPL227C,YDL159W,4.811504528134947e-09
YPL227C,YNL161W,0.9558587670326233
YPL227C,YNL188W,0.0005302373319864273
YPL227C,YJL157C,0.00022741862630937248
YPL227C,YJL034W,2.4362897116381177e-11
YPL227C,YLR238W,0.0004935906617902219
YPL227C,YPR141C,0.026576271280646324
YPL227C,YNL127W,3.55483171006199e-05
YPL227C,YCL055W,0.9701812267303467
YPL227C,YPR122W,0.9270861148834229
YPL227C,YMR065W,0.9395051002502441
YPL227C,YDR356W,0.03748837858438492
YPL227C,YMR052W,0.00030876550590619445
YPL227C,YFR008W,1.3678681170858908e-05
YPL227C,YLL043W,0.9831536412239075
YPL227C,YMR029C,0.24836966395378113
YPL227C,YJR004C,4.442680165084312e-06
YPL227C,YDL223C,9.28581078132526e-14
YPL227C,YHR158C,0.9950450658798218
YPL227C,YGR238C,3.528227709992393e-11
YPL227C,YIL015W,0.9936479926109314
YPL227C,YGL173C,0.9998998641967773
YPL227C,YDL225W,0.00047279856516979635
YPL227C,YLR330W,3.4599711540295175e-08
YPL227C,YBR129C,6.360593033605255e-06
YPL227C,YKR095W-A,0.2020167112350464
YPL227C,YPR075C,1.0607881240076722e-10
YPL227C,YMR198W,0.24380402266979218
YPL227C,YOR127W,5.845188510988919e-08
YPL227C,YDR264C,0.018933800980448723
YPL227C,YLR110C,0.09971141070127487
YPL227C,YDR379W,4.030149511891068e-07
YPL227C,YDL100C,0.9884202480316162
YPL227C,YHR073W,3.5619296401279144e-10
YPL227C,YJR090C,0.05661097541451454
YPL227C,YOR208W,5.093089612273616e-07
YPL227C,YBR040W,0.9872681498527527
YPL227C,YNL279W,0.01002442929893732
YPL227C,YER075C,0.12246497720479965
YPL227C,YCR089W,1.1556048775673844e-05
YPL227C,YCR002C,0.0005732657155022025
YPL227C,YJL108C,0.005086958408355713
YPL227C,YBR200W,2.864664168100717e-07
YPL227C,YIL026C,3.148207028402794e-08
YPL227C,YJR076C,0.0019351523369550705
YPL227C,YKR031C,0.0018006740137934685
YPL227C,YPL192C,0.0006143308128230274
YPL227C,YHR107C,0.9863265752792358
YPL227C,YIL037C,3.1183051760308444e-05
YPL227C,YPL156C,0.016946492716670036
YPL227C,YIL117C,8.592798621975817e-06
YPL227C,YHR066W,4.093063665777663e-08
YPL227C,YML085C,4.906767880896723e-09
YPL227C,YML047C,0.9996919631958008
YPL227C,YDR312W,0.004428653512150049
YPL227C,YFL037W,0.00011814239405794069
YPL227C,YDL038C,0.2020167112350464
YPL227C,YDL039C,7.02898541931063e-05
YPL227C,YCL027W,0.48647090792655945
YPL227C,YML124C,6.817916370360777e-11
YPL227C,YGL053W,4.895920937997289e-06
YPL227C,YMR232W,3.318936478535761e-06
YPL227C,YNL298W,0.00040606141556054354
YPL227C,YGL099W,5.7573477235672854e-11
YPL227C,YBL016W,3.0600347145082196e-07
YPL227C,YAL041W,0.0014135970268398523
YPL227C,YDR085C,0.006365020759403706
YPL227C,YPL187W,0.43018704652786255
YPL227C,YPL256C,0.00025508739054203033
YPL227C,YDR461W,0.0011125723831355572
YPL227C,YNL145W,0.013782214373350143
YBL091C,YDL165W,0.0917537584900856
YBL091C,YGR059W,5.71490623713089e-08
YBL091C,YBR109C,0.00020151173521298915
YBL091C,YJL080C,0.8058710098266602
YBL091C,YCR093W,0.0007961444789543748
YBL091C,YIL122W,1.1081308315397109e-07
YBL091C,YCL029C,1.2315646813476633e-07
YBL091C,YNL173C,0.00505527388304472
YBL091C,YLR452C,0.0004090742440894246
YBL091C,YDL160C,2.4411916456301697e-05
YBL091C,YLR229C,1.0782613912851957e-07
YBL091C,YML057W,5.024033619682733e-11
YBL091C,YER149C,3.8025715184630826e-05
YBL091C,YMR305C,3.075602966751134e-11
YBL091C,YLR433C,1.69534644101077e-08
YBL091C,YJL073W,2.1448853360084286e-08
YBL091C,YGR279C,2.7420453534432454e-06
YBL091C,YKL190W,1.449240394357787e-09
YBL091C,YGL089C,2.0925266653648578e-05
YBL091C,YJL019W,3.115549773724524e-08
YBL091C,YJL018W,0.16128478944301605
YBL091C,YNR032C-A,0.9591578841209412
YBL091C,YGL178W,6.318763894341828e-07
YBL091C,YKL116C,1.3484080518821884e-09
YBL091C,YDL214C,0.3554140329360962
YBL091C,YLR362W,1.3558354439169307e-09
YBL091C,YER068W,0.00010341109009459615
YBL091C,YHR084W,8.602730615543674e-13
YBL091C,YDR392W,3.253174156725436e-07
YBL091C,YNL053W,1.5640522121884715e-07
YBL091C,YGR040W,0.00018227307009510696
YBL091C,YDL216C,1.9342904522545723e-07
YBL091C,YOL117W,2.624880289658904e-05
YBL091C,YJR086W,4.436236267224558e-09
YBL091C,YMR025W,0.0007137793581932783
YBL091C,YBR081C,0.10257536917924881
YBL091C,YFL026W,2.263140716496359e-11
YBL091C,YHL007C,4.3809202793232416e-11
YBL091C,YNR044W,6.247805868042633e-05
YBL091C,YNL271C,9.316376008428051e-07
YBL091C,YDR200C,6.991080425677865e-08
YBL091C,YKL178C,1.8197354734184046e-09
YBL091C,YOR212W,2.66010061977795e-07
YBL091C,YOL111C,1.7457044143576184e-10
YBL091C,YGL032C,3.535793211995042e-06
YBL091C,YHR005C,2.9484617618112012e-15
YBL091C,YDR103W,1.8491040464141406e-05
YBL091C,YJR084W,0.8286237120628357
YBL091C,YCL032W,1.1957703707418665e-12
YBL091C,YJL170C,3.493497160889092e-06
YBL091C,YDR179C,0.0009596645832061768
YBL091C,YBR095C,1.7538596353006142e-08
YBL091C,YLL021W,2.2391889160644496e-06
YBL091C,YDL159W,2.2186224668985233e-05
YBL091C,YNL161W,0.03385108336806297
YBL091C,YNL188W,1.0640114851412363e-05
YBL091C,YJL157C,7.514872057967636e-11
YBL091C,YJL034W,3.796293981395138e-07
YBL091C,YLR238W,0.08471168577671051
YBL091C,YPR141C,0.5630221366882324
YBL091C,YNL127W,0.010522009804844856
YBL091C,YCL055W,6.99621086823754e-05
YBL091C,YPR122W,5.846483119853474e-08
YBL091C,YMR065W,5.216310796640755e-07
YBL091C,YDR356W,1.4315621577054571e-08
YBL091C,YMR052W,0.08143250644207001
YBL091C,YFR008W,3.5275568577297634e-10
YBL091C,YLL043W,3.27322794646534e-07
YBL091C,YMR029C,7.555136676273833e-07
YBL091C,YJR004C,3.100477652395739e-10
YBL091C,YDL223C,1.0845933040570799e-08
YBL091C,YHR158C,0.021264608949422836
YBL091C,YGR238C,0.09121367335319519
YBL091C,YIL015W,1.364567907558012e-07
YBL091C,YGL173C,0.00014343920338433236
YBL091C,YDL225W,0.16605202853679657
YBL091C,YLR330W,1.763708860380575e-05
YBL091C,YBR129C,1.1947325617711613e-07
YBL091C,YKR095W-A,0.2020167112350464
YBL091C,YPR075C,1.8618699029330847e-24
YBL091C,YMR198W,0.8160277009010315
YBL091C,YOR127W,4.096727224123242e-08
YBL091C,YDR264C,1.8074144463753328e-05
YBL091C,YLR110C,1.5066769947225112e-06
YBL091C,YDR379W,2.5513736900961703e-08
YBL091C,YDL100C,0.0005398729117587209
YBL091C,YHR073W,0.03468988090753555
YBL091C,YJR090C,3.4641452657524496e-05
YBL091C,YOR208W,1.237983138224763e-08
YBL091C,YBR040W,2.9378902581811417e-06
YBL091C,YNL279W,0.006869061850011349
YBL091C,YER075C,8.965283200268459e-07
YBL091C,YCR089W,5.688713281415403e-05
YBL091C,YCR002C,0.0019273582147434354
YBL091C,YJL108C,9.347168088424951e-05
YBL091C,YBR200W,9.107366943927886e-11
YBL091C,YIL026C,0.002927760360762477
YBL091C,YJR076C,2.8771814868377987e-06
YBL091C,YKR031C,7.313475180126261e-06
YBL091C,YPL192C,0.00033051110222004354
YBL091C,YHR107C,3.424067358537286e-07
YBL091C,YIL037C,0.0002721875789575279
YBL091C,YPL156C,0.0004437862371560186
YBL091C,YIL117C,3.272532194387168e-05
YBL091C,YHR066W,6.914999951498132e-15
YBL091C,YML085C,2.2148511561681516e-05
YBL091C,YML047C,6.209536513779312e-05
YBL091C,YDR312W,1.6902577044675127e-05
YBL091C,YFL037W,5.42988755114493e-06
YBL091C,YDL038C,0.2020167112350464
YBL091C,YDL039C,3.357218929522787e-07
YBL091C,YCL027W,5.342548092812649e-08
YBL091C,YML124C,1.086482825485291e-05
YBL091C,YGL053W,1.8678785636438988e-05
YBL091C,YMR232W,0.0001892617583507672
YBL091C,YNL298W,1.5171897871368856e-07
YBL091C,YGL099W,6.998110858164042e-12
YBL091C,YBL016W,2.1052779075603212e-08
YBL091C,YAL041W,9.712541213957593e-05
YBL091C,YDR085C,8.714052819414064e-05
YBL091C,YPL187W,0.07399588078260422
YBL091C,YPL256C,2.7994084828009136e-10
YBL091C,YDR461W,0.5003729462623596
YBL091C,YNL145W,9.528589725960046e-05
YLR090W,YDL165W,8.441919987492094e-14
YLR090W,YGR059W,3.1989539905907804e-09
YLR090W,YBR109C,0.00028602825477719307
YLR090W,YJL080C,1.1223270490745563e-07
YLR090W,YCR093W,3.5864802239160554e-09
YLR090W,YIL122W,0.26122811436653137
YLR090W,YCL029C,0.0001468233240302652
YLR090W,YNL173C,2.164000312276926e-09
YLR090W,YLR452C,3.494469865472638e-06
YLR090W,YDL160C,9.08447600522777e-06
YLR090W,YLR229C,8.378010091236732e-11
YLR090W,YML057W,3.9180754113680126e-15
YLR090W,YER149C,0.6151101589202881
YLR090W,YMR305C,2.7467162658917355e-12
YLR090W,YLR433C,0.0009319360251538455
YLR090W,YJL073W,5.6536828040074e-23
YLR090W,YGR279C,1.1484022621743861e-07
YLR090W,YKL190W,4.247617813035731e-10
YLR090W,YGL089C,9.860879117695731e-07
YLR090W,YJL019W,2.1879028366811326e-08
YLR090W,YJL018W,0.11275342851877213
YLR090W,YNR032C-A,0.7003850936889648
YLR090W,YGL178W,7.006005762377754e-05
YLR090W,YKL116C,1.0375085713694373e-17
YLR090W,YDL214C,5.8733356127049774e-05
YLR090W,YLR362W,1.9275681311520243e-12
YLR090W,YER068W,0.008191442117094994
YLR090W,YHR084W,1.6947543734760408e-16
YLR090W,YDR392W,6.014077371219173e-05
YLR090W,YNL053W,6.32038209005259e-05
YLR090W,YGR040W,0.00035510447924025357
YLR090W,YDL216C,0.0035122574772685766
YLR090W,YOL117W,2.7447080719333883e-10
YLR090W,YJR086W,2.079583964587073e-06
YLR090W,YMR025W,5.189531027127714e-10
YLR090W,YBR081C,9.568744280841202e-05
YLR090W,YFL026W,8.057151717366651e-05
YLR090W,YHL007C,4.7400920522022716e-08
YLR090W,YNR044W,5.177760130370412e-12
YLR090W,YNL271C,1.0301670627654858e-10
YLR090W,YDR200C,1.598421698820185e-12
YLR090W,YKL178C,1.324171421401843e-06
YLR090W,YOR212W,6.69641859324388e-12
YLR090W,YOL111C,5.559202542748665e-10
YLR090W,YGL032C,3.308258333944991e-09
YLR090W,YHR005C,9.951871549063185e-10
YLR090W,YDR103W,8.581686511838362e-17
YLR090W,YJR084W,4.351616289532956e-10
YLR090W,YCL032W,1.162751686933916e-05
YLR090W,YJL170C,1.8637110084374076e-12
YLR090W,YDR179C,3.30327054598456e-09
YLR090W,YBR095C,0.2942849397659302
YLR090W,YLL021W,1.6390384058664886e-12
YLR090W,YDL159W,1.9030282449698788e-14
YLR090W,YNL161W,0.00024793585180304945
YLR090W,YNL188W,1.1925913381838349e-11
YLR090W,YJL157C,7.405954072225995e-09
YLR090W,YJL034W,6.536973048122306e-18
YLR090W,YLR238W,0.19907765090465546
YLR090W,YPR141C,1.4700157757729926e-11
YLR090W,YNL127W,0.0001011780695989728
YLR090W,YCL055W,4.6259047617848784e-14
YLR090W,YPR122W,2.174518613173859e-06
YLR090W,YMR065W,2.1715884299111643e-12
YLR090W,YDR356W,0.00258399685844779
YLR090W,YMR052W,2.4157266464985838e-11
YLR090W,YFR008W,5.237051254880498e-07
YLR090W,YLL043W,2.2052665249461256e-10
YLR090W,YMR029C,4.1164970099316633e-08
YLR090W,YJR004C,0.00011866445856867358
YLR090W,YDL223C,2.567584172360114e-17
YLR090W,YHR158C,1.3299170859681908e-05
YLR090W,YGR238C,1.1491867457635863e-09
YLR090W,YIL015W,0.0005054900539107621
YLR090W,YGL173C,4.385849024401978e-06
YLR090W,YDL225W,3.431879563517426e-12
YLR090W,YLR330W,7.745419594584746e-08
YLR090W,YBR129C,1.579542470153683e-07
YLR090W,YKR095W-A,0.2020167112350464
YLR090W,YPR075C,1.4301640384115077e-13
YLR090W,YMR198W,0.00012095916463294998
YLR090W,YOR127W,6.956242726853773e-16
YLR090W,YDR264C,1.3516409126168583e-05
YLR090W,YLR110C,0.0613146536052227
YLR090W,YDR379W,5.617767140364549e-09
YLR090W,YDL100C,4.211776261087152e-09
YLR090W,YHR073W,4.968147560013847e-10
YLR090W,YJR090C,2.808831119083255e-11
YLR090W,YOR208W,5.773726631320544e-17
YLR090W,YBR040W,2.8882366984173125e-11
YLR090W,YNL279W,0.00017209994257427752
YLR090W,YER075C,4.017981433679374e-11
YLR090W,YCR089W,7.843875549085055e-10
YLR090W,YCR002C,1.1977359463344328e-05
YLR090W,YJL108C,1.3190039680921473e-05
YLR090W,YBR200W,5.6683891358488836e-08
YLR090W,YIL026C,1.6406687564085587e-06
YLR090W,YJR076C,8.54650992175316e-15
YLR090W,YKR031C,5.045936177339172e-06
YLR090W,YPL192C,0.0006396518438123167
YLR090W,YHR107C,1.272612073287034e-19
YLR090W,YIL037C,5.8201560023007914e-05
YLR090W,YPL156C,1.7444484910811298e-05
YLR090W,YIL117C,4.496900898529055e-13
YLR090W,YHR066W,7.365293101969126e-18
YLR090W,YML085C,2.8568144898599712e-06
YLR090W,YML047C,0.00046284153359010816
YLR090W,YDR312W,6.128568941221602e-08
YLR090W,YFL037W,1.0603946520859608e-06
YLR090W,YDL038C,0.2020167112350464
YLR090W,YDL039C,1.0421512264269239e-10
YLR090W,YCL027W,5.572919348217908e-10
YLR090W,YML124C,2.5691531023715555e-16
YLR090W,YGL053W,5.650227508091632e-10
YLR090W,YMR232W,0.00011335947783663869
YLR090W,YNL298W,0.009414413012564182
YLR090W,YGL099W,1.8628620505167908e-19
YLR090W,YBL016W,2.4436884807355064e-12
YLR090W,YAL041W,1.6313309458837466e-07
YLR090W,YDR085C,1.5087493793303447e-16
YLR090W,YPL187W,0.9419850707054138
YLR090W,YPL256C,1.422191076017043e-07
YLR090W,YDR461W,8.374266407203709e-16
YLR090W,YNL145W,7.555934350422788e-11
YKR046C,YDL165W,4.959015270193385e-16
YKR046C,YGR059W,1.3027954270938835e-09
YKR046C,YBR109C,1.0253836964083975e-14
YKR046C,YJL080C,3.808006698597516e-13
YKR046C,YCR093W,0.0004427839012350887
YKR046C,YIL122W,0.0006486263009719551
YKR046C,YCL029C,1.786164460781947e-07
YKR046C,YNL173C,0.7941510677337646
YKR046C,YLR452C,7.441225671412685e-20
YKR046C,YDL160C,1.7873556146241754e-07
YKR046C,YLR229C,0.0006338611128740013
YKR046C,YML057W,1.2150627526352764e-07
YKR046C,YER149C,2.0681066654668588e-14
YKR046C,YMR305C,2.1681551061192295e-06
YKR046C,YLR433C,2.63998373384311e-07
YKR046C,YJL073W,1.542761854978443e-16
YKR046C,YGR279C,0.001954723382368684
YKR046C,YKL190W,4.482343044908549e-13
YKR046C,YGL089C,0.0032811330165714025
YKR046C,YJL019W,3.0476562642434146e-06
YKR046C,YJL018W,0.018952976912260056
YKR046C,YNR032C-A,0.9786974787712097
YKR046C,YGL178W,5.910028466615813e-09
YKR046C,YKL116C,5.341439316813032e-15
YKR046C,YDL214C,0.06704335659742355
YKR046C,YLR362W,3.404339527293687e-13
YKR046C,YER068W,1.3083435446148428e-09
YKR046C,YHR084W,1.934434861144313e-18
YKR046C,YDR392W,5.615197976732711e-12
YKR046C,YNL053W,2.269825022382932e-10
YKR046C,YGR040W,6.916289294167655e-06
YKR046C,YDL216C,1.2662993640333298e-06
YKR046C,YOL117W,3.14186926475557e-10
YKR046C,YJR086W,2.1217541612550406e-11
YKR046C,YMR025W,7.46805380913429e-05
YKR046C,YBR081C,1.8003412094458326e-08
YKR046C,YFL026W,1.5707022161254715e-15
YKR046C,YHL007C,3.4251247171823707e-08
YKR046C,YNR044W,8.534238205015754e-09
YKR046C,YNL271C,1.991671297219e-06
YKR046C,YDR200C,0.0019773298408836126
YKR046C,YKL178C,1.4415804798773024e-06
YKR046C,YOR212W,5.3657618678934395e-15
YKR046C,YOL111C,3.2826875440150616e-07
YKR046C,YGL032C,3.716315551463827e-15
YKR046C,YHR005C,6.77091202387365e-15
YKR046C,YDR103W,1.366902040444984e-07
YKR046C,YJR084W,6.349105269309874e-12
YKR046C,YCL032W,8.58871729292332e-08
YKR046C,YJL170C,1.2427106412360445e-05
YKR046C,YDR179C,1.805674750346431e-12
YKR046C,YBR095C,3.0458879149208645e-15
YKR046C,YLL021W,5.6745163038926516e-14
YKR046C,YDL159W,7.959641834531794e-09
YKR046C,YNL161W,2.4080553089750323e-13
YKR046C,YNL188W,4.095480532939795e-14
YKR046C,YJL157C,9.950111645692505e-24
YKR046C,YJL034W,2.794209491759227e-16
YKR046C,YLR238W,9.67775940807769e-06
YKR046C,YPR141C,9.063135441786385e-13
YKR046C,YNL127W,6.727148047502851e-07
YKR046C,YCL055W,1.8139370561165435e-10
YKR046C,YPR122W,1.6878044795110014e-10
YKR046C,YMR065W,1.6977188752043126e-11
YKR046C,YDR356W,1.0665217814675998e-05
YKR046C,YMR052W,0.00029834648012183607
YKR046C,YFR008W,1.2153564966865815e-05
YKR046C,YLL043W,5.716639401437407e-12
YKR046C,YMR029C,5.677574729801016e-12
YKR046C,YJR004C,4.232613355270587e-05
YKR046C,YDL223C,4.041510237584589e-06
YKR046C,YHR158C,5.153065751883901e-10
YKR046C,YGR238C,8.977797499154895e-17
YKR046C,YIL015W,8.753918478987543e-09
YKR046C,YGL173C,1.0451385890064557e-07
YKR046C,YDL225W,3.6850412315787145e-14
YKR046C,YLR330W,9.381689778820146e-06
YKR046C,YBR129C,8.071106433238699e-16
YKR046C,YKR095W-A,0.2020167112350464
YKR046C,YPR075C,2.466588512106682e-06
YKR046C,YMR198W,7.468626677109569e-07
YKR046C,YOR127W,3.006801136962167e-07
YKR046C,YDR264C,4.658889385389386e-10
YKR046C,YLR110C,5.66736218843289e-07
YKR046C,YDR379W,0.3021391034126282
YKR046C,YDL100C,3.985319133589045e-16
YKR046C,YHR073W,2.1742513345301973e-10
YKR046C,YJR090C,8.909411874924444e-09
YKR046C,YOR208W,2.9727706518656305e-08
YKR046C,YBR040W,0.00043532915879040956
YKR046C,YNL279W,9.06110031451135e-08
YKR046C,YER075C,2.59742696101517e-11
YKR046C,YCR089W,1.4893473121446732e-08
YKR046C,YCR002C,1.6137805403104721e-07
YKR046C,YJL108C,1.5912957258314153e-14
YKR046C,YBR200W,5.807890612885558e-09
YKR046C,YIL026C,5.854530749083153e-11
YKR046C,YJR076C,2.1411449002695093e-12
YKR046C,YKR031C,2.2026951373987913e-09
YKR046C,YPL192C,0.0021833761129528284
YKR046C,YHR107C,2.4389306546579448e-11
YKR046C,YIL037C,0.010009241290390491
YKR046C,YPL156C,0.5329890251159668
YKR046C,YIL117C,2.8428345899556007e-07
YKR046C,YHR066W,9.212326099173034e-16
YKR046C,YML085C,0.0006311520119197667
YKR046C,YML047C,2.1829909299490857e-13
YKR046C,YDR312W,4.334240077952245e-09
YKR046C,YFL037W,3.3902156255927185e-12
YKR046C,YDL038C,0.2020167112350464
YKR046C,YDL039C,2.949612125727197e-13
YKR046C,YCL027W,9.83400513798749e-12
YKR046C,YML124C,8.327792462244944e-15
YKR046C,YGL053W,1.347419143152436e-15
YKR046C,YMR232W,2.3592947400175035e-05
YKR046C,YNL298W,0.0005308026447892189
YKR046C,YGL099W,7.158176744259257e-20
YKR046C,YBL016W,4.896110628038741e-09
YKR046C,YAL041W,0.000293913995847106
YKR046C,YDR085C,5.485343990585534e-06
YKR046C,YPL187W,6.66830132778351e-12
YKR046C,YPL256C,5.846703121648034e-09
YKR046C,YDR461W,2.4206319721997716e-06
YKR046C,YNL145W,1.40046516592697e-13
YKL205W,YDL165W,0.019197978079319
YKL205W,YGR059W,1.2362765255957697e-09
YKL205W,YBR109C,0.0004936741897836328
YKL205W,YJL080C,0.17109009623527527
YKL205W,YCR093W,0.14126305282115936
YKL205W,YIL122W,0.9372851848602295
YKL205W,YCL029C,5.632376787190196e-10
YKL205W,YNL173C,8.93443513616532e-11
YKL205W,YLR452C,0.9226995706558228
YKL205W,YDL160C,0.7479567527770996
YKL205W,YLR229C,5.768822302343324e-05
YKL205W,YML057W,1.724948207545724e-14
YKL205W,YER149C,0.02403435669839382
YKL205W,YMR305C,6.562928319908679e-05
YKL205W,YLR433C,3.6699855598953945e-08
YKL205W,YJL073W,5.730586005725513e-10
YKL205W,YGR279C,0.0020331928972154856
YKL205W,YKL190W,0.0010889101540669799
YKL205W,YGL089C,0.9670038819313049
YKL205W,YJL019W,2.060079623333877e-06
YKL205W,YJL018W,0.00011104161239927635
YKL205W,YNR032C-A,0.8980243802070618
YKL205W,YGL178W,0.8857845067977905
YKL205W,YKL116C,1.8087350506235111e-09
YKL205W,YDL214C,0.9559369683265686
YKL205W,YLR362W,5.596071787294932e-06
YKL205W,YER068W,2.029454662988428e-06
YKL205W,YHR084W,6.49683784104127e-07
YKL205W,YDR392W,3.537456359481439e-05
YKL205W,YNL053W,0.00016759040590841323
YKL205W,YGR040W,0.08642441034317017
YKL205W,YDL216C,0.000721432501450181
YKL205W,YOL117W,4.434846934131542e-10
YKL205W,YJR086W,3.266002224222575e-08
YKL205W,YMR025W,9.730405145091936e-05
YKL205W,YBR081C,0.02212769351899624
YKL205W,YFL026W,0.024283090606331825
YKL205W,YHL007C,0.0006184368976391852
YKL205W,YNR044W,0.06856497377157211
YKL205W,YNL271C,6.125662821432343e-06
YKL205W,YDR200C,1.79108974407427e-05
YKL205W,YKL178C,0.8018434047698975
YKL205W,YOR212W,0.00246288999915123
YKL205W,YOL111C,7.921877672074917e-14
YKL205W,YGL032C,0.0001362327457172796
YKL205W,YHR005C,0.021119438111782074
YKL205W,YDR103W,2.677885049706674e-06
YKL205W,YJR084W,0.00033230349072255194
YKL205W,YCL032W,6.378539865181665e-07
YKL205W,YJL170C,7.421068403345998e-06
YKL205W,YDR179C,3.001952109116246e-06
YKL205W,YBR095C,6.518145528389141e-05
YKL205W,YLL021W,0.9173940420150757
YKL205W,YDL159W,2.696350698272454e-08
YKL205W,YNL161W,0.8990945816040039
YKL205W,YNL188W,0.9985150694847107
YKL205W,YJL157C,0.7949769496917725
YKL205W,YJL034W,1.480486536858429e-14
YKL205W,YLR238W,4.93664117584558e-07
YKL205W,YPR141C,0.0038107018917798996
YKL205W,YNL127W,0.005854402203112841
YKL205W,YCL055W,2.868842420866713e-05
YKL205W,YPR122W,0.0004451997228898108
YKL205W,YMR065W,0.9574898481369019
YKL205W,YDR356W,6.418065190416655e-09
YKL205W,YMR052W,0.9856812953948975
YKL205W,YFR008W,1.9726439859368838e-07
YKL205W,YLL043W,0.01424848847091198
YKL205W,YMR029C,3.339545173730585e-06
YKL205W,YJR004C,7.940565538433475e-09
YKL205W,YDL223C,3.6242690706206337e-12
YKL205W,YHR158C,0.021072788164019585
YKL205W,YGR238C,1.6378877143452542e-09
YKL205W,YIL015W,0.9992011189460754
YKL205W,YGL173C,0.0003439097781665623
YKL205W,YDL225W,0.028061825782060623
YKL205W,YLR330W,3.212471995084343e-07
YKL205W,YBR129C,0.012364518828690052
YKL205W,YKR095W-A,0.2020167112350464
YKL205W,YPR075C,1.3890089599344346e-11
YKL205W,YMR198W,0.004282799549400806
YKL205W,YOR127W,9.939964911609422e-06
YKL205W,YDR264C,0.27605387568473816
YKL205W,YLR110C,0.12491343915462494
YKL205W,YDR379W,0.12187724560499191
YKL205W,YDL100C,0.018682168796658516
YKL205W,YHR073W,0.00025727832689881325
YKL205W,YJR090C,7.36915239940572e-08
YKL205W,YOR208W,0.000433235865784809
YKL205W,YBR040W,1.383862358039778e-08
YKL205W,YNL279W,0.9999704360961914
YKL205W,YER075C,2.2109112318702273e-09
YKL205W,YCR089W,0.02736460044980049
YKL205W,YCR002C,1.8160690160584636e-05
YKL205W,YJL108C,0.9982311129570007
YKL205W,YBR200W,8.967702888185158e-05
YKL205W,YIL026C,0.5089460015296936
YKL205W,YJR076C,4.0388069464825094e-05
YKL205W,YKR031C,5.737952335493901e-08
YKL205W,YPL192C,0.00035695871338248253
YKL205W,YHR107C,0.004512608516961336
YKL205W,YIL037C,0.9515011310577393
YKL205W,YPL156C,0.8883285522460938
YKL205W,YIL117C,2.4117615456814567e-12
YKL205W,YHR066W,1.1535040700394461e-09
YKL205W,YML085C,0.0002228355733677745
YKL205W,YML047C,0.00023237487766891718
YKL205W,YDR312W,7.322603323700605e-06
YKL205W,YFL037W,0.07129289209842682
YKL205W,YDL038C,0.2020167112350464
YKL205W,YDL039C,1.6839834415804944e-06
YKL205W,YCL027W,0.9880356192588806
YKL205W,YML124C,3.9793385253616975e-10
YKL205W,YGL053W,0.056186575442552567
YKL205W,YMR232W,0.6713659167289734
YKL205W,YNL298W,0.17814584076404572
YKL205W,YGL099W,0.00010960668441839516
YKL205W,YBL016W,1.0895518515185998e-10
YKL205W,YAL041W,0.06189560890197754
YKL205W,YDR085C,8.804344543023035e-05
YKL205W,YPL187W,0.9888247847557068
YKL205W,YPL256C,1.7117130255428492e-06
YKL205W,YDR461W,0.04518234729766846
YKL205W,YNL145W,0.18035423755645752
YBR223C,YDL165W,4.0728624298935756e-05
YBR223C,YGR059W,3.3051235082126595e-09
YBR223C,YBR109C,2.276978605664226e-11
YBR223C,YJL080C,5.596899427473545e-06
YBR223C,YCR093W,1.505794955392048e-07
YBR223C,YIL122W,3.014506233609687e-14
YBR223C,YCL029C,3.383168950676918e-05
YBR223C,YNL173C,0.006087536923587322
YBR223C,YLR452C,8.74827219377039e-06
YBR223C,YDL160C,0.00041722567402757704
YBR223C,YLR229C,7.402132723655086e-06
YBR223C,YML057W,3.5707610201995976e-09
YBR223C,YER149C,0.9850967526435852
YBR223C,YMR305C,2.8007677954633436e-08
YBR223C,YLR433C,9.605816586599758e-08
YBR223C,YJL073W,5.916225148672183e-11
YBR223C,YGR279C,1.6240103066587214e-13
YBR223C,YKL190W,0.00016652046178933233
YBR223C,YGL089C,1.3950572468057754e-11
YBR223C,YJL019W,1.214393591908447e-06
YBR223C,YJL018W,0.0005314169684424996
YBR223C,YNR032C-A,2.215251015513786e-06
YBR223C,YGL178W,4.745898340985377e-09
YBR223C,YKL116C,7.034406609589044e-15
YBR223C,YDL214C,4.17912042394164e-06
YBR223C,YLR362W,3.4077779660635077e-12
YBR223C,YER068W,0.001218745717778802
YBR223C,YHR084W,6.568821042662876e-10
YBR223C,YDR392W,9.843553527844051e-09
YBR223C,YNL053W,0.7830577492713928
YBR223C,YGR040W,0.5276127457618713
YBR223C,YDL216C,3.4191949271900057e-10
YBR223C,YOL117W,1.896655499322719e-09
YBR223C,YJR086W,2.8417005523806438e-05
YBR223C,YMR025W,2.820587496898952e-06
YBR223C,YBR081C,1.2615986477726437e-08
YBR223C,YFL026W,0.7799786329269409
YBR223C,YHL007C,2.4954181299108313e-07
YBR223C,YNR044W,0.0016599763184785843
YBR223C,YNL271C,5.480547429215221e-07
YBR223C,YDR200C,2.8805837359868747e-07
YBR223C,YKL178C,5.8186400142545835e-11
YBR223C,YOR212W,6.93161639198081e-10
YBR223C,YOL111C,3.2459059311901184e-12
YBR223C,YGL032C,3.443400942160224e-07
YBR223C,YHR005C,0.8644776940345764
YBR223C,YDR103W,1.5787150232926539e-12
YBR223C,YJR084W,8.918494387444298e-08
YBR223C,YCL032W,7.108968969049556e-11
YBR223C,YJL170C,9.009100687684679e-10
YBR223C,YDR179C,3.8764066956353815e-10
YBR223C,YBR095C,2.0376412066980265e-05
YBR223C,YLL021W,0.6222524642944336
YBR223C,YDL159W,4.842187206755e-10
YBR223C,YNL161W,1.3116506352162105e-06
YBR223C,YNL188W,7.24243651162304e-11
YBR223C,YJL157C,0.0003854904498439282
YBR223C,YJL034W,5.3524424004081084e-08
YBR223C,YLR238W,3.596275721662323e-09
YBR223C,YPR141C,5.4746500666169595e-08
YBR223C,YNL127W,2.4000339635676937e-06
YBR223C,YCL055W,1.4131167347386508e-09
YBR223C,YPR122W,3.325684519439598e-11
YBR223C,YMR065W,0.0007506654364988208
YBR223C,YDR356W,1.9128121395844966e-12
YBR223C,YMR052W,1.531724330705586e-10
YBR223C,YFR008W,5.234598887682296e-08
YBR223C,YLL043W,4.24503845408708e-08
YBR223C,YMR029C,3.478649590604732e-09
YBR223C,YJR004C,2.7787622260155333e-14
YBR223C,YDL223C,1.5565913003001697e-09
YBR223C,YHR158C,0.0005894669448025525
YBR223C,YGR238C,8.206326285176146e-09
YBR223C,YIL015W,0.4407786428928375
YBR223C,YGL173C,1.3929169449811152e-11
YBR223C,YDL225W,5.918843042231449e-15
YBR223C,YLR330W,5.994424249512742e-13
YBR223C,YBR129C,0.0003234648611396551
YBR223C,YKR095W-A,0.2020167112350464
YBR223C,YPR075C,3.305312295566465e-13
YBR223C,YMR198W,1.0547324791332358e-06
YBR223C,YOR127W,0.0646233782172203
YBR223C,YDR264C,1.7229632165438602e-09
YBR223C,YLR110C,0.00022244307911023498
YBR223C,YDR379W,0.0014829370193183422
YBR223C,YDL100C,1.6937294899932454e-09
YBR223C,YHR073W,0.07117364555597305
YBR223C,YJR090C,3.49133406416513e-05
YBR223C,YOR208W,4.536339023603758e-13
YBR223C,YBR040W,1.4864329322961112e-08
YBR223C,YNL279W,1.278342875998817e-09
YBR223C,YER075C,1.2665098303443756e-08
YBR223C,YCR089W,2.245106043119449e-05
YBR223C,YCR002C,7.012955904883711e-08
YBR223C,YJL108C,0.0008040610700845718
YBR223C,YBR200W,2.4990690193572574e-19
YBR223C,YIL026C,0.0010181298712268472
YBR223C,YJR076C,6.373675205395557e-07
YBR223C,YKR031C,9.359689412402616e-11
YBR223C,YPL192C,0.9998206496238708
YBR223C,YHR107C,5.908280592201165e-13
YBR223C,YIL037C,7.660945211540593e-10
YBR223C,YPL156C,0.022190792486071587
YBR223C,YIL117C,9.283948543270526e-07
YBR223C,YHR066W,1.1333452921373502e-26
YBR223C,YML085C,1.3112246399771266e-08
YBR223C,YML047C,0.6272899508476257
YBR223C,YDR312W,3.6532066260974716e-10
YBR223C,YFL037W,0.00015135161811485887
YBR223C,YDL038C,0.2020167112350464
YBR223C,YDL039C,3.762580296448618e-20
YBR223C,YCL027W,1.1589920489996075e-07
YBR223C,YML124C,8.117113751981986e-12
YBR223C,YGL053W,1.2016206918374905e-09
YBR223C,YMR232W,0.001436570892110467
YBR223C,YNL298W,1.090645764634246e-05
YBR223C,YGL099W,2.2240858424688934e-17
YBR223C,YBL016W,9.405415539731621e-07
YBR223C,YAL041W,3.099899050211874e-17
YBR223C,YDR085C,1.7979243649435261e-09
YBR223C,YPL187W,3.2442621886730194e-06
YBR223C,YPL256C,1.0600165190055577e-08
YBR223C,YDR461W,2.367780780332396e-06
YBR223C,YNL145W,0.007482602726668119
YDR058C,YDL165W,2.4146644136635587e-05
YDR058C,YGR059W,1.5824177405771825e-15
YDR058C,YBR109C,0.6138142943382263
YDR058C,YJL080C,7.269645996288432e-11
YDR058C,YCR093W,0.007789766415953636
YDR058C,YIL122W,6.560119669707376e-10
YDR058C,YCL029C,8.055787148464333e-09
YDR058C,YNL173C,2.287671302392269e-10
YDR058C,YLR452C,0.0063160136342048645
YDR058C,YDL160C,2.8754060764357714e-12
YDR058C,YLR229C,0.8297718167304993
YDR058C,YML057W,8.34521199973709e-13
YDR058C,YER149C,0.978049099445343
YDR058C,YMR305C,0.007729743141680956
YDR058C,YLR433C,0.0034213997423648834
YDR058C,YJL073W,3.8936071706206776e-13
YDR058C,YGR279C,0.0008696035365574062
YDR058C,YKL190W,9.833889258459294e-09
YDR058C,YGL089C,0.9994478821754456
YDR058C,YJL019W,2.196263579890001e-07
YDR058C,YJL018W,0.0001837132585933432
YDR058C,YNR032C-A,0.981543779373169
YDR058C,YGL178W,0.0052138520404696465
YDR058C,YKL116C,3.627442129072733e-05
YDR058C,YDL214C,0.2312626838684082
YDR058C,YLR362W,2.9685181743843714e-06
YDR058C,YER068W,9.247296111425385e-05
YDR058C,YHR084W,1.7982870748056712e-10
YDR058C,YDR392W,8.902780791686382e-06
YDR058C,YNL053W,4.53706036296353e-07
YDR058C,YGR040W,0.00023018979118205607
YDR058C,YDL216C,2.3795354309186223e-07
YDR058C,YOL117W,0.2547644078731537
YDR058C,YJR086W,0.004876986145973206
YDR058C,YMR025W,0.8760205507278442
YDR058C,YBR081C,0.9968204498291016
YDR058C,YFL026W,0.9855327010154724
YDR058C,YHL007C,4.2506004271913866e-10
YDR058C,YNR044W,0.4162852466106415
YDR058C,YNL271C,0.07691525667905807
YDR058C,YDR200C,0.18371936678886414
YDR058C,YKL178C,0.0844234898686409
YDR058C,YOR212W,0.9998047947883606
YDR058C,YOL111C,4.566667183292239e-11
YDR058C,YGL032C,1.7137903540742627e-08
YDR058C,YHR005C,0.7178812026977539
YDR058C,YDR103W,0.002568579977378249
YDR058C,YJR084W,8.066484588198364e-05
YDR058C,YCL032W,0.0077169714495539665
YDR058C,YJL170C,2.97619617839473e-09
YDR058C,YDR179C,6.48124569124775e-06
YDR058C,YBR095C,0.08803945034742355
YDR058C,YLL021W,0.039637792855501175
YDR058C,YDL159W,5.896820033136907e-13
YDR058C,YNL161W,8.697478848240792e-10
YDR058C,YNL188W,0.00036438676761463284
YDR058C,YJL157C,9.892880916595459e-05
YDR058C,YJL034W,7.79413165952203e-12
YDR058C,YLR238W,0.00017140425916295499
YDR058C,YPR141C,0.044897209852933884
YDR058C,YNL127W,0.302473247051239
YDR058C,YCL055W,4.849956440011738e-06
YDR058C,YPR122W,0.01605566404759884
YDR058C,YMR065W,1.859198891906999e-05
YDR058C,YDR356W,4.4777716539101675e-06
YDR058C,YMR052W,7.749217445507384e-08
YDR058C,YFR008W,3.7218211218714714e-05
YDR058C,YLL043W,0.001991960685700178
YDR058C,YMR029C,0.47811076045036316
YDR058C,YJR004C,4.398673354444327e-07
YDR058C,YDL223C,3.506588194725907e-13
YDR058C,YHR158C,3.2831176213221624e-06
YDR058C,YGR238C,2.591503118765104e-07
YDR058C,YIL015W,0.0667981207370758
YDR058C,YGL173C,0.8668918609619141
YDR058C,YDL225W,4.103475475858431e-06
YDR058C,YLR330W,2.5809740122895164e-07
YDR058C,YBR129C,0.12254876643419266
YDR058C,YKR095W-A,0.2020167112350464
YDR058C,YPR075C,4.286586363644318e-10
YDR058C,YMR198W,5.320358832250349e-05
YDR058C,YOR127W,0.14700089395046234
YDR058C,YDR264C,0.06639182567596436
YDR058C,YLR110C,1.3035155461693648e-05
YDR058C,YDR379W,0.0024405713193118572
YDR058C,YDL100C,0.003166781272739172
YDR058C,YHR073W,1.7692633491606102e-06
YDR058C,YJR090C,4.998329572458715e-08
YDR058C,YOR208W,1.4093643585511018e-07
YDR058C,YBR040W,0.012640174478292465
YDR058C,YNL279W,1.0091759577335324e-05
YDR058C,YER075C,0.9978860020637512
YDR058C,YCR089W,1.6293073661077795e-12
YDR058C,YCR002C,0.0052494932897388935
YDR058C,YJL108C,1.5609825254614407e-07
YDR058C,YBR200W,1.6832283122880654e-08
YDR058C,YIL026C,5.387547616919619e-07
YDR058C,YJR076C,5.798628990305588e-06
YDR058C,YKR031C,2.3594095182488672e-05
YDR058C,YPL192C,0.00048620859161019325
YDR058C,YHR107C,0.4106355607509613
YDR058C,YIL037C,0.0009493790566921234
YDR058C,YPL156C,1.640348091314081e-05
YDR058C,YIL117C,3.2759010082372697e-07
YDR058C,YHR066W,6.2229492184831846e-21
YDR058C,YML085C,0.01831745356321335
YDR058C,YML047C,0.17645075917243958
YDR058C,YDR312W,0.9991317391395569
YDR058C,YFL037W,0.03128036484122276
YDR058C,YDL038C,0.2020167112350464
YDR058C,YDL039C,1.693947309895985e-15
YDR058C,YCL027W,7.758059723528277e-07
YDR058C,YML124C,6.880704290779249e-07
YDR058C,YGL053W,3.294045314294891e-10
YDR058C,YMR232W,0.10023604333400726
YDR058C,YNL298W,0.9146996736526489
YDR058C,YGL099W,6.978729771844883e-08
YDR058C,YBL016W,1.0429585667326435e-10
YDR058C,YAL041W,7.278283309375411e-09
YDR058C,YDR085C,1.7691959897092602e-07
YDR058C,YPL187W,0.022795386612415314
YDR058C,YPL256C,3.34165584092716e-08
YDR058C,YDR461W,6.916748951368845e-09
YDR058C,YNL145W,3.149922918055381e-07
YLR438C-A,YDL165W,0.0011142031289637089
YLR438C-A,YGR059W,2.3767766421656233e-08
YLR438C-A,YBR109C,2.650356918820762e-06
YLR438C-A,YJL080C,3.833844175460399e-08
YLR438C-A,YCR093W,0.047569625079631805
YLR438C-A,YIL122W,8.552190411137417e-05
YLR438C-A,YCL029C,8.398440513701644e-06
YLR438C-A,YNL173C,7.244674998796441e-11
YLR438C-A,YLR452C,7.810241342554036e-10
YLR438C-A,YDL160C,4.358593650977127e-05
YLR438C-A,YLR229C,0.0028902064077556133
YLR438C-A,YML057W,8.862991937585996e-12
YLR438C-A,YER149C,3.8830336279715993e-08
YLR438C-A,YMR305C,6.592194238402849e-13
YLR438C-A,YLR433C,3.9728436718178273e-07
YLR438C-A,YJL073W,1.7288687104155542e-06
YLR438C-A,YGR279C,1.5669007780161337e-07
YLR438C-A,YKL190W,6.919018691320389e-09
YLR438C-A,YGL089C,0.000728654267732054
YLR438C-A,YJL019W,2.1070170532766497e-06
YLR438C-A,YJL018W,0.2020167112350464
YLR438C-A,YNR032C-A,6.183018541605634e-10
YLR438C-A,YGL178W,8.227138096117415e-06
YLR438C-A,YKL116C,3.298072215329739e-08
YLR438C-A,YDL214C,2.1700220997900033e-07
YLR438C-A,YLR362W,3.506542998366058e-05
YLR438C-A,YER068W,0.0008603290771134198
YLR438C-A,YHR084W,2.2160282497907247e-09
YLR438C-A,YDR392W,0.00024247246619779617
YLR438C-A,YNL053W,1.1265933608228806e-05
YLR438C-A,YGR040W,2.41982579609612e-05
YLR438C-A,YDL216C,5.420564775704406e-06
YLR438C-A,YOL117W,4.767620609413825e-08
YLR438C-A,YJR086W,6.119422835126898e-08
YLR438C-A,YMR025W,0.0035636534448713064
YLR438C-A,YBR081C,2.711537035793299e-06
YLR438C-A,YFL026W,7.532133167842403e-06
YLR438C-A,YHL007C,7.2874093426378295e-09
YLR438C-A,YNR044W,2.1239729619537684e-07
YLR438C-A,YNL271C,7.192630619101692e-06
YLR438C-A,YDR200C,4.413584164808526e-09
YLR438C-A,YKL178C,0.04788953810930252
YLR438C-A,YOR212W,3.904814036559401e-07
YLR438C-A,YOL111C,2.0654903210015618e-07
YLR438C-A,YGL032C,6.317263512300997e-08
YLR438C-A,YHR005C,0.002945050597190857
YLR438C-A,YDR103W,1.94721465618386e-07
YLR438C-A,YJR084W,7.0249097916530445e-06
YLR438C-A,YCL032W,0.01839412935078144
YLR438C-A,YJL170C,1.801525115752156e-07
YLR438C-A,YDR179C,1.0894666502281325e-06
YLR438C-A,YBR095C,6.970678256834617e-09
YLR438C-A,YLL021W,1.3635221840502254e-09
YLR438C-A,YDL159W,1.2196544219023053e-07
YLR438C-A,YNL161W,0.005496873054653406
YLR438C-A,YNL188W,5.504001117720425e-14
YLR438C-A,YJL157C,1.9144103984293742e-16
YLR438C-A,YJL034W,9.751489675154709e-15
YLR438C-A,YLR238W,3.193541786572496e-08
YLR438C-A,YPR141C,0.005046699661761522
YLR438C-A,YNL127W,5.738719210057752e-06
YLR438C-A,YCL055W,1.1231376939591087e-09
YLR438C-A,YPR122W,0.004141399171203375
YLR438C-A,YMR065W,1.156977269545223e-08
YLR438C-A,YDR356W,4.366133055100363e-07
YLR438C-A,YMR052W,0.5418958067893982
YLR438C-A,YFR008W,0.004971966613084078
YLR438C-A,YLL043W,6.820988573963405e-07
YLR438C-A,YMR029C,3.1048064101923956e-06
YLR438C-A,YJR004C,1.0340096423533396e-06
YLR438C-A,YDL223C,3.1773498762599495e-12
YLR438C-A,YHR158C,4.7196589747500184e-08
YLR438C-A,YGR238C,1.9703953746397218e-11
YLR438C-A,YIL015W,2.166532794944942e-06
YLR438C-A,YGL173C,7.694938908286986e-09
YLR438C-A,YDL225W,8.702722431586096e-10
YLR438C-A,YLR330W,4.0349039664988595e-09
YLR438C-A,YBR129C,7.056522900728002e-12
YLR438C-A,YKR095W-A,0.2020167112350464
YLR438C-A,YPR075C,1.558358775355373e-07
YLR438C-A,YMR198W,2.1151066675884067e-08
YLR438C-A,YOR127W,2.2205410914466484e-06
YLR438C-A,YDR264C,6.909328021720285e-06
YLR438C-A,YLR110C,3.712927565402424e-08
YLR438C-A,YDR379W,3.972115605183069e-12
YLR438C-A,YDL100C,1.3064931181361317e-07
YLR438C-A,YHR073W,1.7652627137820787e-09
YLR438C-A,YJR090C,1.339690697932383e-05
YLR438C-A,YOR208W,7.85030351835303e-06
YLR438C-A,YBR040W,1.7619406378344138e-07
YLR438C-A,YNL279W,3.714948140776109e-11
YLR438C-A,YER075C,3.163865697208834e-11
YLR438C-A,YCR089W,0.00048220145981758833
YLR438C-A,YCR002C,5.2401412098390665e-09
YLR438C-A,YJL108C,6.935827627785329e-07
YLR438C-A,YBR200W,7.010131142237697e-09
YLR438C-A,YIL026C,3.352799426981079e-10
YLR438C-A,YJR076C,2.1304422261891887e-05
YLR438C-A,YKR031C,1.1440114576544147e-05
YLR438C-A,YPL192C,5.846331752046297e-10
YLR438C-A,YHR107C,9.43410696785385e-11
YLR438C-A,YIL037C,2.473756977039443e-09
YLR438C-A,YPL156C,2.839611806848552e-05
YLR438C-A,YIL117C,0.00023610384960193187
YLR438C-A,YHR066W,1.0129323595176043e-12
YLR438C-A,YML085C,1.1107431641121934e-09
YLR438C-A,YML047C,4.1643511555777835e-13
YLR438C-A,YDR312W,1.0070453804189583e-08
YLR438C-A,YFL037W,2.2159413193278965e-11
YLR438C-A,YDL038C,0.2020167112350464
YLR438C-A,YDL039C,1.1811806686825438e-13
YLR438C-A,YCL027W,1.8510236259317026e-05
YLR438C-A,YML124C,7.308336535061244e-06
YLR438C-A,YGL053W,3.452164776263089e-09
YLR438C-A,YMR232W,1.80537256255775e-07
YLR438C-A,YNL298W,4.055079383391558e-09
YLR438C-A,YGL099W,2.0547142112747885e-11
YLR438C-A,YBL016W,4.411244258761826e-09
YLR438C-A,YAL041W,4.6432935050688684e-05
YLR438C-A,YDR085C,3.5249336782783303e-10
YLR438C-A,YPL187W,7.78051116867573e-08
YLR438C-A,YPL256C,8.542054325162696e-13
YLR438C-A,YDR461W,6.205258962915794e-12
YLR438C-A,YNL145W,1.1177037961829228e-08
YJL154C,YDL165W,9.965856584415178e-09
YJL154C,YGR059W,1.4229250666630833e-07
YJL154C,YBR109C,0.003888434497639537
YJL154C,YJL080C,0.0011208192445337772
YJL154C,YCR093W,0.015629807487130165
YJL154C,YIL122W,0.000499193265568465
YJL154C,YCL029C,7.769129171377939e-14
YJL154C,YNL173C,1.4412353266379796e-05
YJL154C,YLR452C,0.03291889280080795
YJL154C,YDL160C,0.02162998542189598
YJL154C,YLR229C,0.022599926218390465
YJL154C,YML057W,1.2676086580138551e-13
YJL154C,YER149C,0.5179715752601624
YJL154C,YMR305C,5.694882343476593e-09
YJL154C,YLR433C,0.5927581787109375
YJL154C,YJL073W,2.3651528932614417e-17
YJL154C,YGR279C,0.00044604824506677687
YJL154C,YKL190W,0.9453265070915222
YJL154C,YGL089C,0.0021467909682542086
YJL154C,YJL019W,3.277054202044383e-05
YJL154C,YJL018W,0.0031208228319883347
YJL154C,YNR032C-A,0.008512699045240879
YJL154C,YGL178W,0.006004640366882086
YJL154C,YKL116C,0.13533379137516022
YJL154C,YDL214C,0.05458572879433632
YJL154C,YLR362W,1.511226699335566e-08
YJL154C,YER068W,3.890899733960396e-06
YJL154C,YHR084W,3.923062195099192e-06
YJL154C,YDR392W,0.0009918828727677464
YJL154C,YNL053W,3.560545565051143e-06
YJL154C,YGR040W,0.03270469978451729
YJL154C,YDL216C,1.8616263730564242e-07
YJL154C,YOL117W,0.7330892086029053
YJL154C,YJR086W,2.4098818426909752e-11
YJL154C,YMR025W,1.5539375453954563e-05
YJL154C,YBR081C,0.00017680716700851917
YJL154C,YFL026W,0.12433202564716339
YJL154C,YHL007C,2.0826364561798982e-06
YJL154C,YNR044W,0.8492835760116577
YJL154C,YNL271C,0.0008490854525007308
YJL154C,YDR200C,5.417409192887135e-05
YJL154C,YKL178C,1.0777762327052187e-07
YJL154C,YOR212W,2.7803544071502984e-05
YJL154C,YOL111C,0.0009740047971718013
YJL154C,YGL032C,0.0002898926322814077
YJL154C,YHR005C,0.9888774752616882
YJL154C,YDR103W,5.4665729720682066e-08
YJL154C,YJR084W,0.0017862558597698808
YJL154C,YCL032W,0.00023869004508014768
YJL154C,YJL170C,0.012942579574882984
YJL154C,YDR179C,2.0220513453664507e-16
YJL154C,YBR095C,0.5856269598007202
YJL154C,YLL021W,0.002304648282006383
YJL154C,YDL159W,8.897166844690219e-05
YJL154C,YNL161W,0.9419209957122803
YJL154C,YNL188W,2.486706591753318e-07
YJL154C,YJL157C,0.0011392772430554032
YJL154C,YJL034W,2.0560951270454098e-06
YJL154C,YLR238W,0.03231140971183777
YJL154C,YPR141C,5.850024081155425e-06
YJL154C,YNL127W,0.9037612676620483
YJL154C,YCL055W,5.800318891857614e-09
YJL154C,YPR122W,7.236646342789754e-05
YJL154C,YMR065W,0.11627929657697678
YJL154C,YDR356W,0.10155443847179413
YJL154C,YMR052W,1.4184119834226294e-07
YJL154C,YFR008W,1.8345877594860838e-10
YJL154C,YLL043W,0.003549001645296812
YJL154C,YMR029C,2.2071019599619046e-13
YJL154C,YJR004C,3.6924857615971973e-10
YJL154C,YDL223C,8.586990007941608e-10
YJL154C,YHR158C,0.0136524997651577
YJL154C,YGR238C,1.767979362909955e-08
YJL154C,YIL015W,0.2677103579044342
YJL154C,YGL173C,0.8999640345573425
YJL154C,YDL225W,4.772113243234344e-05
YJL154C,YLR330W,3.856097940957426e-10
YJL154C,YBR129C,0.8729249238967896
YJL154C,YKR095W-A,0.2020167112350464
YJL154C,YPR075C,1.044723685339477e-08
YJL154C,YMR198W,0.006891337689012289
YJL154C,YOR127W,2.2778458514949307e-06
YJL154C,YDR264C,0.002396730938926339
YJL154C,YLR110C,0.01686439849436283
YJL154C,YDR379W,4.862449713982642e-05
YJL154C,YDL100C,0.0016808873042464256
YJL154C,YHR073W,0.28813856840133667
YJL154C,YJR090C,9.910026710713282e-05
YJL154C,YOR208W,6.991869583305999e-11
YJL154C,YBR040W,3.415618994040415e-05
YJL154C,YNL279W,0.7895159125328064
YJL154C,YER075C,0.5172337889671326
YJL154C,YCR089W,0.001222348539158702
YJL154C,YCR002C,0.00014577331603504717
YJL154C,YJL108C,3.5911812412692257e-10
YJL154C,YBR200W,9.68834228842752e-06
YJL154C,YIL026C,0.9279700517654419
YJL154C,YJR076C,1.6255428647582448e-07
YJL154C,YKR031C,2.7504984245751984e-05
YJL154C,YPL192C,0.11156350374221802
YJL154C,YHR107C,8.66328764368568e-14
YJL154C,YIL037C,0.0024867579340934753
YJL154C,YPL156C,0.6114121079444885
YJL154C,YIL117C,0.844702422618866
YJL154C,YHR066W,2.1285101681201013e-08
YJL154C,YML085C,1.1084441666753264e-06
YJL154C,YML047C,0.9995706677436829
YJL154C,YDR312W,0.00024820619728416204
YJL154C,YFL037W,2.383576429565437e-06
YJL154C,YDL038C,0.2020167112350464
YJL154C,YDL039C,1.1121904786026704e-10
YJL154C,YCL027W,0.9787359833717346
YJL154C,YML124C,0.05886873975396156
YJL154C,YGL053W,0.0023131940979510546
YJL154C,YMR232W,0.0032241176813840866
YJL154C,YNL298W,4.2579684222943115e-10
YJL154C,YGL099W,2.0990034954593284e-07
YJL154C,YBL016W,2.4821014449116774e-05
YJL154C,YAL041W,0.01069115474820137
YJL154C,YDR085C,3.870714408549247e-06
YJL154C,YPL187W,0.06115898862481117
YJL154C,YPL256C,1.243539173856334e-07
YJL154C,YDR461W,2.3892569060990354e-06
YJL154C,YNL145W,0.005876707378774881
YBR017C,YDL165W,0.0015836820239201188
YBR017C,YGR059W,3.5346952551333286e-14
YBR017C,YBR109C,0.010180280543863773
YBR017C,YJL080C,1.8208951587439515e-05
YBR017C,YCR093W,0.431458055973053
YBR017C,YIL122W,0.013684727251529694
YBR017C,YCL029C,1.7954100428596576e-08
YBR017C,YNL173C,1.152551885752473e-05
YBR017C,YLR452C,0.08282922953367233
YBR017C,YDL160C,0.4506247043609619
YBR017C,YLR229C,0.06997683644294739
YBR017C,YML057W,1.1645395403547809e-07
YBR017C,YER149C,6.6128843172919e-05
YBR017C,YMR305C,3.784745086776731e-11
YBR017C,YLR433C,4.961227872968266e-09
YBR017C,YJL073W,6.371949409084143e-12
YBR017C,YGR279C,0.9021498560905457
YBR017C,YKL190W,0.9311380982398987
YBR017C,YGL089C,0.99244624376297
YBR017C,YJL019W,9.03150818021281e-12
YBR017C,YJL018W,0.00023914016492199153
YBR017C,YNR032C-A,0.12654267251491547
YBR017C,YGL178W,1.196700304717524e-05
YBR017C,YKL116C,5.871509389798746e-10
YBR017C,YDL214C,0.00015457725385203958
YBR017C,YLR362W,7.471116987289861e-05
YBR017C,YER068W,1.1776161954912823e-05
YBR017C,YHR084W,2.5850377394220914e-10
YBR017C,YDR392W,2.3013069949229248e-05
YBR017C,YNL053W,1.0048967734321845e-11
YBR017C,YGR040W,0.0028625084087252617
YBR017C,YDL216C,0.009434115141630173
YBR017C,YOL117W,6.257951101762416e-11
YBR017C,YJR086W,0.8781258463859558
YBR017C,YMR025W,6.323975631356005e-13
YBR017C,YBR081C,0.5611554384231567
YBR017C,YFL026W,6.866990588605404e-06
YBR017C,YHL007C,4.806560482961686e-09
YBR017C,YNR044W,0.00027467324980534613
YBR017C,YNL271C,5.684103962266818e-05
YBR017C,YDR200C,1.7274397805522312e-06
YBR017C,YKL178C,7.174225657990974e-08
YBR017C,YOR212W,0.1617915779352188
YBR017C,YOL111C,2.269870128657203e-05
YBR017C,YGL032C,7.342094932027976e-07
YBR017C,YHR005C,0.3681245744228363
YBR017C,YDR103W,0.33075934648513794
YBR017C,YJR084W,9.921979653881863e-06
YBR017C,YCL032W,0.00010773946269182488
YBR017C,YJL170C,0.19168324768543243
YBR017C,YDR179C,1.7943175377720675e-16
YBR017C,YBR095C,0.012015475891530514
YBR017C,YLL021W,0.09814920276403427
YBR017C,YDL159W,1.5635824232584916e-11
YBR017C,YNL161W,5.388706540543353e-06
YBR017C,YNL188W,2.6784289275383344e-06
YBR017C,YJL157C,3.175510528308223e-06
YBR017C,YJL034W,7.073231955700976e-08
YBR017C,YLR238W,0.0004906279500573874
YBR017C,YPR141C,1.2943854699187796e-06
YBR017C,YNL127W,0.01374194584786892
YBR017C,YCL055W,1.1279155842203181e-05
YBR017C,YPR122W,2.3190461433841847e-05
YBR017C,YMR065W,3.9896851376397535e-05
YBR017C,YDR356W,0.003354754066094756
YBR017C,YMR052W,5.0125834150094306e-08
YBR017C,YFR008W,0.032854821532964706
YBR017C,YLL043W,0.0005972235230728984
YBR017C,YMR029C,0.057501792907714844
YBR017C,YJR004C,0.00010727097105700523
YBR017C,YDL223C,3.176650054115271e-10
YBR017C,YHR158C,0.00045580900041386485
YBR017C,YGR238C,1.4444752061137933e-08
YBR017C,YIL015W,0.09041038900613785
YBR017C,YGL173C,0.0017980086850002408
YBR017C,YDL225W,0.011698929592967033
YBR017C,YLR330W,1.289785389602116e-09
YBR017C,YBR129C,0.00015227735275402665
YBR017C,YKR095W-A,0.2020167112350464
YBR017C,YPR075C,1.3315465366758872e-05
YBR017C,YMR198W,0.0005246266373433173
YBR017C,YOR127W,1.359582557647343e-09
YBR017C,YDR264C,0.03644614666700363
YBR017C,YLR110C,0.0074961003847420216
YBR017C,YDR379W,0.002637944184243679
YBR017C,YDL100C,7.602266038908567e-11
YBR017C,YHR073W,1.99569058167981e-06
YBR017C,YJR090C,0.002621918451040983
YBR017C,YOR208W,0.008080911822617054
YBR017C,YBR040W,0.9925745725631714
YBR017C,YNL279W,0.5115789175033569
YBR017C,YER075C,3.1023230349092046e-06
YBR017C,YCR089W,2.4365377612411976e-05
YBR017C,YCR002C,0.0010187721345573664
YBR017C,YJL108C,0.0045080226846039295
YBR017C,YBR200W,1.500329130680808e-13
YBR017C,YIL026C,0.8756402134895325
YBR017C,YJR076C,0.00014291112893261015
YBR017C,YKR031C,0.9490838646888733
YBR017C,YPL192C,8.006381668757001e-10
YBR017C,YHR107C,1.7478088238931377e-06
YBR017C,YIL037C,2.495901753718499e-05
YBR017C,YPL156C,0.0004307549388613552
YBR017C,YIL117C,2.871853199692964e-09
YBR017C,YHR066W,6.890232742001734e-12
YBR017C,YML085C,0.06932803243398666
YBR017C,YML047C,0.011589678935706615
YBR017C,YDR312W,2.2494225049740635e-05
YBR017C,YFL037W,0.0008510909974575043
YBR017C,YDL038C,0.2020167112350464
YBR017C,YDL039C,1.0263739858018539e-10
YBR017C,YCL027W,2.3357715690508485e-06
YBR017C,YML124C,1.0086082511406858e-05
YBR017C,YGL053W,0.10062409937381744
YBR017C,YMR232W,1.0086524504515637e-08
YBR017C,YNL298W,0.003822874277830124
YBR017C,YGL099W,1.7223736694313904e-18
YBR017C,YBL016W,3.102655625752959e-07
YBR017C,YAL041W,7.013900176389143e-05
YBR017C,YDR085C,8.45370814204216e-05
YBR017C,YPL187W,0.007932892069220543
YBR017C,YPL256C,0.06849537044763565
YBR017C,YDR461W,3.4639230372945917e-10
YBR017C,YNL145W,1.0958209486489068e-06
YPR101W,YDL165W,2.0898303924101478e-16
YPR101W,YGR059W,2.7717174427775387e-21
YPR101W,YBR109C,3.23400883850411e-09
YPR101W,YJL080C,1.3127094693914966e-14
YPR101W,YCR093W,2.245462269456766e-07
YPR101W,YIL122W,3.163045173004697e-11
YPR101W,YCL029C,1.438135086573311e-07
YPR101W,YNL173C,7.42626070859842e-05
YPR101W,YLR452C,0.005768910050392151
YPR101W,YDL160C,8.687982777644265e-09
YPR101W,YLR229C,2.761619910529589e-08
YPR101W,YML057W,2.7198548114789646e-14
YPR101W,YER149C,3.943335002572487e-18
YPR101W,YMR305C,1.4351298815995506e-08
YPR101W,YLR433C,5.963110449869191e-09
YPR101W,YJL073W,3.2750380185575523e-10
YPR101W,YGR279C,1.6214189279412095e-14
YPR101W,YKL190W,2.084229011600769e-09
YPR101W,YGL089C,4.497566260397434e-05
YPR101W,YJL019W,3.64075332381919e-11
YPR101W,YJL018W,0.00597668020054698
YPR101W,YNR032C-A,0.9631505608558655
YPR101W,YGL178W,0.000822232395876199
YPR101W,YKL116C,1.1203925565084205e-09
YPR101W,YDL214C,5.108601897063636e-08
YPR101W,YLR362W,1.0419778817549741e-07
YPR101W,YER068W,4.2760865920192515e-13
YPR101W,YHR084W,8.360359626813363e-10
YPR101W,YDR392W,4.421407084009843e-06
YPR101W,YNL053W,6.841572447457978e-11
YPR101W,YGR040W,0.0004601885157171637
YPR101W,YDL216C,1.2235867643539677e-06
YPR101W,YOL117W,9.796581679211158e-08
YPR101W,YJR086W,1.2384823628610025e-14
YPR101W,YMR025W,3.221308331191608e-09
YPR101W,YBR081C,0.10614431649446487
YPR101W,YFL026W,0.00016582725220359862
YPR101W,YHL007C,3.2866058319314106e-08
YPR101W,YNR044W,3.1073717817603486e-12
YPR101W,YNL271C,2.1647589276696522e-10
YPR101W,YDR200C,6.211754444152007e-10
YPR101W,YKL178C,4.405854269862175e-05
YPR101W,YOR212W,2.7885025018214993e-12
YPR101W,YOL111C,4.992231888295562e-12
YPR101W,YGL032C,0.0013318539131432772
YPR101W,YHR005C,1.403632321483883e-08
YPR101W,YDR103W,3.0739887080244443e-08
YPR101W,YJR084W,2.3809303324479753e-14
YPR101W,YCL032W,7.077739436200936e-12
YPR101W,YJL170C,7.986078465194169e-11
YPR101W,YDR179C,1.4210358692708092e-13
YPR101W,YBR095C,2.8755813000239875e-16
YPR101W,YLL021W,5.984853856944028e-08
YPR101W,YDL159W,6.618579382472456e-12
YPR101W,YNL161W,3.569027533364619e-15
YPR101W,YNL188W,5.408952840203589e-14
YPR101W,YJL157C,4.228851210180684e-12
YPR101W,YJL034W,5.792610833832884e-17
YPR101W,YLR238W,2.2464880772136465e-15
YPR101W,YPR141C,7.042490778985666e-06
YPR101W,YNL127W,7.528230412390258e-07
YPR101W,YCL055W,5.2949300879845396e-05
YPR101W,YPR122W,1.4957164466977702e-06
YPR101W,YMR065W,1.7324712331401315e-08
YPR101W,YDR356W,1.364352630872645e-08
YPR101W,YMR052W,1.9010589085155516e-06
YPR101W,YFR008W,7.556063285100393e-15
YPR101W,YLL043W,5.483027809560781e-09
YPR101W,YMR029C,5.856413132221405e-09
YPR101W,YJR004C,8.376420217170999e-13
YPR101W,YDL223C,8.806180784581841e-10
YPR101W,YHR158C,6.863900317262764e-14
YPR101W,YGR238C,7.043896488312384e-08
YPR101W,YIL015W,1.9239363609813154e-05
YPR101W,YGL173C,8.351998417310824e-07
YPR101W,YDL225W,3.90337198327706e-12
YPR101W,YLR330W,2.7740079214033345e-17
YPR101W,YBR129C,3.737589664848384e-12
YPR101W,YKR095W-A,0.2020167112350464
YPR101W,YPR075C,7.582020609769001e-15
YPR101W,YMR198W,0.0377129390835762
YPR101W,YOR127W,4.660977714898706e-10
YPR101W,YDR264C,6.755506506266344e-16
YPR101W,YLR110C,2.8352586056712425e-08
YPR101W,YDR379W,2.7230817067902535e-06
YPR101W,YDL100C,0.16053731739521027
YPR101W,YHR073W,4.526792829473436e-11
YPR101W,YJR090C,1.2415176664504202e-09
YPR101W,YOR208W,9.907428864260699e-16
YPR101W,YBR040W,0.013241175562143326
YPR101W,YNL279W,9.747962437245405e-10
YPR101W,YER075C,8.322010103256616e-08
YPR101W,YCR089W,9.912090037644816e-10
YPR101W,YCR002C,0.005254081916064024
YPR101W,YJL108C,2.8407252678636086e-12
YPR101W,YBR200W,2.1238583808314004e-12
YPR101W,YIL026C,0.0001272351946681738
YPR101W,YJR076C,7.185111558597477e-16
YPR101W,YKR031C,7.131693569029096e-10
YPR101W,YPL192C,4.621739662979962e-06
YPR101W,YHR107C,7.025652742454853e-18
YPR101W,YIL037C,3.6357052923818856e-09
YPR101W,YPL156C,6.720916794001509e-21
YPR101W,YIL117C,7.97272567399748e-16
YPR101W,YHR066W,5.31870048003924e-10
YPR101W,YML085C,0.00010349979129387066
YPR101W,YML047C,7.128189281502273e-06
YPR101W,YDR312W,0.00018802568956743926
YPR101W,YFL037W,0.9577962160110474
YPR101W,YDL038C,0.2020167112350464
YPR101W,YDL039C,5.08514367766888e-12
YPR101W,YCL027W,0.00018143678607884794
YPR101W,YML124C,3.286774281560656e-12
YPR101W,YGL053W,5.24970149816395e-14
YPR101W,YMR232W,2.291225200679037e-06
YPR101W,YNL298W,2.9166099011490587e-06
YPR101W,YGL099W,5.216406733649093e-13
YPR101W,YBL016W,8.695231372257695e-06
YPR101W,YAL041W,6.145889085542442e-17
YPR101W,YDR085C,1.3550880524019343e-13
YPR101W,YPL187W,6.67897256789729e-05
YPR101W,YPL256C,4.990562592865899e-05
YPR101W,YDR461W,4.216161414660746e-06
YPR101W,YNL145W,7.248443694152229e-07
YOR101W,YDL165W,1.5432984751262424e-11
YOR101W,YGR059W,7.615417086000165e-14
YOR101W,YBR109C,1.786329733022285e-07
YOR101W,YJL080C,8.973711373982951e-08
YOR101W,YCR093W,0.047595296055078506
YOR101W,YIL122W,8.98348453130232e-17
YOR101W,YCL029C,1.4361043927024677e-16
YOR101W,YNL173C,5.1346258800322175e-08
YOR101W,YLR452C,0.006055808160454035
YOR101W,YDL160C,0.9383372068405151
YOR101W,YLR229C,5.632520812708433e-16
YOR101W,YML057W,6.867027085855071e-11
YOR101W,YER149C,0.00011639018339337781
YOR101W,YMR305C,6.270823305065676e-10
YOR101W,YLR433C,1.2438622180865888e-12
YOR101W,YJL073W,6.885942147429394e-14
YOR101W,YGR279C,1.7995428758244003e-10
YOR101W,YKL190W,4.8731048991612624e-06
YOR101W,YGL089C,0.00013577405479736626
YOR101W,YJL019W,3.565057804522098e-09
YOR101W,YJL018W,0.004695766139775515
YOR101W,YNR032C-A,0.000684412952978164
YOR101W,YGL178W,0.00032397962058894336
YOR101W,YKL116C,6.517007968703543e-17
YOR101W,YDL214C,0.32336553931236267
YOR101W,YLR362W,5.530566410916196e-20
YOR101W,YER068W,0.0005646306090056896
YOR101W,YHR084W,1.2036614313224413e-14
YOR101W,YDR392W,9.439222736773445e-10
YOR101W,YNL053W,0.02190309204161167
YOR101W,YGR040W,2.2998843718369244e-08
YOR101W,YDL216C,3.351929567241285e-10
YOR101W,YOL117W,2.4724675313336775e-05
YOR101W,YJR086W,8.090870570634338e-15
YOR101W,YMR025W,2.899547824064541e-10
YOR101W,YBR081C,0.02845604531466961
YOR101W,YFL026W,1.11120783685692e-08
YOR101W,YHL007C,2.1083656332300874e-14
YOR101W,YNR044W,0.010409521870315075
YOR101W,YNL271C,5.03183328337542e-10
YOR101W,YDR200C,1.7101477178815827e-10
YOR101W,YKL178C,0.9908477067947388
YOR101W,YOR212W,2.2172328805868807e-13
YOR101W,YOL111C,6.647716332963682e-08
YOR101W,YGL032C,2.003772581887775e-12
YOR101W,YHR005C,1.2531992069853004e-05
YOR101W,YDR103W,2.5568078210191914e-10
YOR101W,YJR084W,5.810213692548222e-14
YOR101W,YCL032W,7.17171921849058e-09
YOR101W,YJL170C,0.0013014946598559618
YOR101W,YDR179C,2.9593449653475545e-05
YOR101W,YBR095C,0.03813600167632103
YOR101W,YLL021W,6.37128096059314e-07
YOR101W,YDL159W,5.094294124319276e-07
YOR101W,YNL161W,3.076274310842564e-07
YOR101W,YNL188W,3.2422107221208307e-09
YOR101W,YJL157C,7.415089897622965e-15
YOR101W,YJL034W,1.2074431657149265e-19
YOR101W,YLR238W,9.63131788012106e-06
YOR101W,YPR141C,0.06362634152173996
YOR101W,YNL127W,0.001280505210161209
YOR101W,YCL055W,6.896741666650996e-08
YOR101W,YPR122W,0.22106312215328217
YOR101W,YMR065W,1.5033255351681873e-07
YOR101W,YDR356W,1.9096446521871258e-06
YOR101W,YMR052W,5.75017626829738e-13
YOR101W,YFR008W,0.00205731182359159
YOR101W,YLL043W,2.8532360935723533e-12
YOR101W,YMR029C,1.4423352512338283e-09
YOR101W,YJR004C,2.767222611055331e-07
YOR101W,YDL223C,4.903655843738804e-15
YOR101W,YHR158C,6.436671751153256e-10
YOR101W,YGR238C,1.505540723201193e-07
YOR101W,YIL015W,5.140607026987709e-05
YOR101W,YGL173C,5.855270712729066e-10
YOR101W,YDL225W,2.6299584212813895e-16
YOR101W,YLR330W,3.835433964242789e-14
YOR101W,YBR129C,6.659645919171453e-07
YOR101W,YKR095W-A,0.2020167112350464
YOR101W,YPR075C,1.050003083946649e-05
YOR101W,YMR198W,1.1637035640887916e-05
YOR101W,YOR127W,6.856588864387336e-13
YOR101W,YDR264C,0.001192060299217701
YOR101W,YLR110C,0.0009015872492454946
YOR101W,YDR379W,2.5968955718463915e-12
YOR101W,YDL100C,6.156135063523083e-12
YOR101W,YHR073W,3.2705040098335303e-07
YOR101W,YJR090C,1.3171570500958296e-09
YOR101W,YOR208W,1.268027816081485e-08
YOR101W,YBR040W,0.008153976872563362
YOR101W,YNL279W,1.5388659448944964e-05
YOR101W,YER075C,1.7313010175712407e-05
YOR101W,YCR089W,3.068211071877158e-07
YOR101W,YCR002C,7.829190451502654e-08
YOR101W,YJL108C,0.2802291512489319
YOR101W,YBR200W,5.3896489049520824e-08
YOR101W,YIL026C,1.3179568547627696e-08
YOR101W,YJR076C,1.6086592040664982e-06
YOR101W,YKR031C,7.13619774384e-10
YOR101W,YPL192C,3.8268785829131957e-07
YOR101W,YHR107C,4.552591485219859e-13
YOR101W,YIL037C,0.047469355165958405
YOR101W,YPL156C,0.00028236283105798066
YOR101W,YIL117C,0.00044828953105024993
YOR101W,YHR066W,1.505017901412669e-17
YOR101W,YML085C,1.3385616400019007e-11
YOR101W,YML047C,0.5274031758308411
YOR101W,YDR312W,2.8994113776548147e-09
YOR101W,YFL037W,0.0007940491195768118
YOR101W,YDL038C,0.2020167112350464
YOR101W,YDL039C,6.614161588962427e-16
YOR101W,YCL027W,0.00017005132394842803
YOR101W,YML124C,6.272086697939067e-15
YOR101W,YGL053W,6.906879571033642e-05
YOR101W,YMR232W,0.0003287800936959684
YOR101W,YNL298W,4.7661256985520595e-07
YOR101W,YGL099W,4.92838680022506e-13
YOR101W,YBL016W,3.8678440700278486e-19
YOR101W,YAL041W,2.0090942598471884e-06
YOR101W,YDR085C,3.500479692775116e-07
YOR101W,YPL187W,4.87256857084617e-09
YOR101W,YPL256C,8.501961917958215e-15
YOR101W,YDR461W,2.872398945955955e-18
YOR101W,YNL145W,1.0406505301582825e-12
tE(CUC)D,YDL165W,5.570237408392131e-05
tE(CUC)D,YGR059W,3.87084675423921e-08
tE(CUC)D,YBR109C,7.438732609443832e-06
tE(CUC)D,YJL080C,0.37887755036354065
tE(CUC)D,YCR093W,0.057248905301094055
tE(CUC)D,YIL122W,0.0029087658040225506
tE(CUC)D,YCL029C,5.8769157476490363e-05
tE(CUC)D,YNL173C,6.367685045916005e-07
tE(CUC)D,YLR452C,0.0013929815031588078
tE(CUC)D,YDL160C,0.0028747564647346735
tE(CUC)D,YLR229C,2.0775796656380408e-05
tE(CUC)D,YML057W,0.11240939795970917
tE(CUC)D,YER149C,0.0005820189835503697
tE(CUC)D,YMR305C,6.968766228965251e-06
tE(CUC)D,YLR433C,0.005429950542747974
tE(CUC)D,YJL073W,0.9543532729148865
tE(CUC)D,YGR279C,0.050416249781847
tE(CUC)D,YKL190W,1.0313562597730197e-05
tE(CUC)D,YGL089C,0.0038587183225899935
tE(CUC)D,YJL019W,0.0001574503694428131
tE(CUC)D,YJL018W,0.2020167112350464
tE(CUC)D,YNR032C-A,1.7705544905766146e-06
tE(CUC)D,YGL178W,0.0002804750401992351
tE(CUC)D,YKL116C,0.04923926666378975
tE(CUC)D,YDL214C,2.6606270694173872e-05
tE(CUC)D,YLR362W,0.00010356830171076581
tE(CUC)D,YER068W,2.837579415881919e-08
tE(CUC)D,YHR084W,5.281349513097666e-05
tE(CUC)D,YDR392W,2.978211523441132e-05
tE(CUC)D,YNL053W,0.0001968602155102417
tE(CUC)D,YGR040W,4.50372499471996e-05
tE(CUC)D,YDL216C,0.0016111856093630195
tE(CUC)D,YOL117W,1.9389961380511522e-05
tE(CUC)D,YJR086W,3.2718810416554334e-06
tE(CUC)D,YMR025W,0.03692704811692238
tE(CUC)D,YBR081C,1.7024888165906304e-06
tE(CUC)D,YFL026W,0.0003377404354978353
tE(CUC)D,YHL007C,0.00025076037854887545
tE(CUC)D,YNR044W,0.000860119704157114
tE(CUC)D,YNL271C,0.0013389947125688195
tE(CUC)D,YDR200C,3.0954175599617884e-05
tE(CUC)D,YKL178C,0.0006315148784779012
tE(CUC)D,YOR212W,0.0013317886041477323
tE(CUC)D,YOL111C,0.006935038138180971
tE(CUC)D,YGL032C,2.0740737909363816e-06
tE(CUC)D,YHR005C,1.4319753972813487e-05
tE(CUC)D,YDR103W,3.412132355151698e-05
tE(CUC)D,YJR084W,0.00021772141917608678
tE(CUC)D,YCL032W,0.0001264671009266749
tE(CUC)D,YJL170C,2.930555638158694e-05
tE(CUC)D,YDR179C,1.5338738990067213e-07
tE(CUC)D,YBR095C,5.397830591391539e-06
tE(CUC)D,YLL021W,8.105555025395006e-05
tE(CUC)D,YDL159W,0.00017301624757237732
tE(CUC)D,YNL161W,0.0034426406491547823
tE(CUC)D,YNL188W,0.0002775838947854936
tE(CUC)D,YJL157C,0.009689890779554844
tE(CUC)D,YJL034W,0.0038746807258576155
tE(CUC)D,YLR238W,0.0015160331968218088
tE(CUC)D,YPR141C,0.0007710650097578764
tE(CUC)D,YNL127W,0.005351216997951269
tE(CUC)D,YCL055W,6.147700332803652e-05
tE(CUC)D,YPR122W,3.0677242648380343e-06
tE(CUC)D,YMR065W,2.0751324427692452e-06
tE(CUC)D,YDR356W,9.161666412182967e-07
tE(CUC)D,YMR052W,5.7561492212698795e-06
tE(CUC)D,YFR008W,4.733912646770477e-05
tE(CUC)D,YLL043W,0.000387457461329177
tE(CUC)D,YMR029C,4.098523277207278e-05
tE(CUC)D,YJR004C,0.01449702400714159
tE(CUC)D,YDL223C,7.494593592127785e-05
tE(CUC)D,YHR158C,0.0007756511331535876
tE(CUC)D,YGR238C,2.623623913677875e-05
tE(CUC)D,YIL015W,2.5018377414198767e-07
tE(CUC)D,YGL173C,0.07595432549715042
tE(CUC)D,YDL225W,8.613412774138851e-07
tE(CUC)D,YLR330W,0.032733991742134094
tE(CUC)D,YBR129C,0.00042859558016061783
tE(CUC)D,YKR095W-A,0.2020167112350464
tE(CUC)D,YPR075C,3.5592689528129995e-05
tE(CUC)D,YMR198W,0.0026098384987562895
tE(CUC)D,YOR127W,6.136278534540907e-05
tE(CUC)D,YDR264C,0.00048545582103542984
tE(CUC)D,YLR110C,2.7891926947631873e-05
tE(CUC)D,YDR379W,0.0017917593941092491
tE(CUC)D,YDL100C,1.3599144040199462e-05
tE(CUC)D,YHR073W,3.372844366822392e-05
tE(CUC)D,YJR090C,2.0515647065622034e-06
tE(CUC)D,YOR208W,1.8407221432426013e-05
tE(CUC)D,YBR040W,1.0168727158088586e-06
tE(CUC)D,YNL279W,0.002241869457066059
tE(CUC)D,YER075C,0.00020164166926406324
tE(CUC)D,YCR089W,2.649653106345795e-05
tE(CUC)D,YCR002C,5.556616429203132e-07
tE(CUC)D,YJL108C,3.8310408854158595e-06
tE(CUC)D,YBR200W,0.0014244139892980456
tE(CUC)D,YIL026C,0.003755503101274371
tE(CUC)D,YJR076C,0.0034518172033131123
tE(CUC)D,YKR031C,7.582699254271574e-06
tE(CUC)D,YPL192C,0.002438782714307308
tE(CUC)D,YHR107C,0.000596111174672842
tE(CUC)D,YIL037C,5.2638315537478775e-05
tE(CUC)D,YPL156C,3.484289482003078e-05
tE(CUC)D,YIL117C,0.0005479055107571185
tE(CUC)D,YHR066W,3.9773390199115966e-06
tE(CUC)D,YML085C,0.0035709314979612827
tE(CUC)D,YML047C,3.8691418069447536e-08
tE(CUC)D,YDR312W,2.827994649123866e-06
tE(CUC)D,YFL037W,1.451292700949125e-05
tE(CUC)D,YDL038C,0.2020167112350464
tE(CUC)D,YDL039C,0.0008758840849623084
tE(CUC)D,YCL027W,0.0028898254968225956
tE(CUC)D,YML124C,0.21725118160247803
tE(CUC)D,YGL053W,6.258516077650711e-05
tE(CUC)D,YMR232W,3.0996354325907305e-05
tE(CUC)D,YNL298W,1.7598430304133217e-06
tE(CUC)D,YGL099W,2.125679202436004e-05
tE(CUC)D,YBL016W,0.0005482510896399617
tE(CUC)D,YAL041W,3.8947945313339005e-07
tE(CUC)D,YDR085C,5.830124337080633e-06
tE(CUC)D,YPL187W,0.0011243139160797
tE(CUC)D,YPL256C,0.00029905440169386566
tE(CUC)D,YDR461W,4.726839506474789e-06
tE(CUC)D,YNL145W,0.0001389538956573233
YMR277W,YDL165W,9.175974469144421e-08
YMR277W,YGR059W,2.608317858573961e-12
YMR277W,YBR109C,4.853700991472309e-13
YMR277W,YJL080C,0.49637743830680847
YMR277W,YCR093W,0.0010345239425078034
YMR277W,YIL122W,0.0001634402433410287
YMR277W,YCL029C,1.2797896431493427e-07
YMR277W,YNL173C,0.0022818194702267647
YMR277W,YLR452C,0.005138074979186058
YMR277W,YDL160C,0.978865921497345
YMR277W,YLR229C,1.3697049894290103e-07
YMR277W,YML057W,5.2105999515106305e-09
YMR277W,YER149C,0.0005704820505343378
YMR277W,YMR305C,0.0002561502333264798
YMR277W,YLR433C,2.158547613362316e-05
YMR277W,YJL073W,1.3923083953460065e-15
YMR277W,YGR279C,4.995119525119662e-05
YMR277W,YKL190W,0.06845004111528397
YMR277W,YGL089C,0.9999599456787109
YMR277W,YJL019W,0.00012692327436525375
YMR277W,YJL018W,0.0015820566331967711
YMR277W,YNR032C-A,0.07473915815353394
YMR277W,YGL178W,4.647426621318118e-08
YMR277W,YKL116C,7.511608002275239e-10
YMR277W,YDL214C,0.9988805651664734
YMR277W,YLR362W,0.002365316031500697
YMR277W,YER068W,0.0017596964025869966
YMR277W,YHR084W,5.270977965210477e-08
YMR277W,YDR392W,0.42777353525161743
YMR277W,YNL053W,0.9978083968162537
YMR277W,YGR040W,0.27493566274642944
YMR277W,YDL216C,0.4681566059589386
YMR277W,YOL117W,8.99265069165267e-06
YMR277W,YJR086W,1.726279919012086e-08
YMR277W,YMR025W,1.4480012850981439e-06
YMR277W,YBR081C,2.0430606184618227e-07
YMR277W,YFL026W,0.0016313842497766018
YMR277W,YHL007C,8.966226650031217e-10
YMR277W,YNR044W,0.6279608011245728
YMR277W,YNL271C,0.9746553301811218
YMR277W,YDR200C,0.021886257454752922
YMR277W,YKL178C,0.5996622443199158
YMR277W,YOR212W,0.0004672643553931266
YMR277W,YOL111C,1.0203668352914974e-05
YMR277W,YGL032C,2.996695548063144e-05
YMR277W,YHR005C,0.0016536721959710121
YMR277W,YDR103W,0.0004504029348026961
YMR277W,YJR084W,0.02462019771337509
YMR277W,YCL032W,2.8080616175429896e-05
YMR277W,YJL170C,0.9999995231628418
YMR277W,YDR179C,6.924325557378097e-09
YMR277W,YBR095C,0.013454458676278591
YMR277W,YLL021W,0.5987039804458618
YMR277W,YDL159W,7.765232226120133e-07
YMR277W,YNL161W,0.6198847889900208
YMR277W,YNL188W,1.1524071627522225e-12
YMR277W,YJL157C,8.334384204999878e-08
YMR277W,YJL034W,0.0003407097246963531
YMR277W,YLR238W,6.81493565934943e-06
YMR277W,YPR141C,0.97967129945755
YMR277W,YNL127W,0.004598853178322315
YMR277W,YCL055W,0.013700137846171856
YMR277W,YPR122W,0.9949132204055786
YMR277W,YMR065W,0.9941989183425903
YMR277W,YDR356W,0.040757376700639725
YMR277W,YMR052W,0.9992826581001282
YMR277W,YFR008W,7.444308636195274e-08
YMR277W,YLL043W,2.3352423994538185e-08
YMR277W,YMR029C,0.9144067168235779
YMR277W,YJR004C,0.0016227916348725557
YMR277W,YDL223C,1.9724816411326174e-06
YMR277W,YHR158C,0.9999731779098511
YMR277W,YGR238C,7.948620805109385e-06
YMR277W,YIL015W,0.99544358253479
YMR277W,YGL173C,0.19176089763641357
YMR277W,YDL225W,0.24641427397727966
YMR277W,YLR330W,1.4972326156659221e-10
YMR277W,YBR129C,0.9908682107925415
YMR277W,YKR095W-A,0.2020167112350464
YMR277W,YPR075C,0.00035098809166811407
YMR277W,YMR198W,0.3218196630477905
YMR277W,YOR127W,2.9150442060199566e-06
YMR277W,YDR264C,0.0006512309773825109
YMR277W,YLR110C,0.0015344810672104359
YMR277W,YDR379W,0.011841565370559692
YMR277W,YDL100C,3.107745527586303e-08
YMR277W,YHR073W,1.0684061635402031e-05
YMR277W,YJR090C,0.00034106263774447143
YMR277W,YOR208W,0.02265792340040207
YMR277W,YBR040W,0.00013579709047917277
YMR277W,YNL279W,0.9999533891677856
YMR277W,YER075C,0.0017364680534228683
YMR277W,YCR089W,5.269196190482717e-09
YMR277W,YCR002C,1.2813967664726533e-09
YMR277W,YJL108C,1.0
YMR277W,YBR200W,7.574088272122026e-07
YMR277W,YIL026C,3.3915417589014396e-05
YMR277W,YJR076C,1.0081315990340123e-11
YMR277W,YKR031C,0.00021789586753584445
YMR277W,YPL192C,0.03385425731539726
YMR277W,YHR107C,1.354962790856007e-07
YMR277W,YIL037C,0.9957197308540344
YMR277W,YPL156C,0.9954683780670166
YMR277W,YIL117C,0.0017269193194806576
YMR277W,YHR066W,1.4868553080304991e-05
YMR277W,YML085C,0.8252114653587341
YMR277W,YML047C,0.9999899864196777
YMR277W,YDR312W,3.0557439458789304e-06
YMR277W,YFL037W,1.9634977377336327e-07
YMR277W,YDL038C,0.2020167112350464
YMR277W,YDL039C,0.024280225858092308
YMR277W,YCL027W,0.9738153219223022
YMR277W,YML124C,3.761483924336062e-08
YMR277W,YGL053W,0.0026428678538650274
YMR277W,YMR232W,0.501037061214447
YMR277W,YNL298W,0.0004768157668877393
YMR277W,YGL099W,8.48730419278354e-10
YMR277W,YBL016W,7.80536936417775e-07
YMR277W,YAL041W,6.533479609061033e-05
YMR277W,YDR085C,0.09970204532146454
YMR277W,YPL187W,0.5764515995979309
YMR277W,YPL256C,5.921500587646733e-07
YMR277W,YDR461W,9.840314674214312e-11
YMR277W,YNL145W,2.4680357455508783e-06
YBR085W,YDL165W,2.3631404455491615e-18
YBR085W,YGR059W,1.0273218387091276e-10
YBR085W,YBR109C,7.663876203878317e-06
YBR085W,YJL080C,1.380624528750699e-16
YBR085W,YCR093W,2.475366727594519e-06
YBR085W,YIL122W,3.462622711900052e-17
YBR085W,YCL029C,7.033149618251855e-10
YBR085W,YNL173C,5.8146740755660176e-09
YBR085W,YLR452C,6.7596936936809016e-09
YBR085W,YDL160C,6.361730586768033e-10
YBR085W,YLR229C,1.4286141714059397e-11
YBR085W,YML057W,1.8003793229581788e-06
YBR085W,YER149C,2.9211754292134614e-17
YBR085W,YMR305C,2.4024606659622805e-07
YBR085W,YLR433C,4.795582767697093e-12
YBR085W,YJL073W,6.60594281498561e-08
YBR085W,YGR279C,1.2235869262244847e-10
YBR085W,YKL190W,4.4662187143051923e-11
YBR085W,YGL089C,9.888743740960743e-15
YBR085W,YJL019W,1.280529318137269e-07
YBR085W,YJL018W,0.11738315969705582
YBR085W,YNR032C-A,7.385541955784447e-09
YBR085W,YGL178W,2.5997736949334715e-13
YBR085W,YKL116C,1.2511493230338289e-10
YBR085W,YDL214C,5.080597702544765e-07
YBR085W,YLR362W,1.3428272040982847e-06
YBR085W,YER068W,1.8792232481246174e-07
YBR085W,YHR084W,2.1702925678823703e-08
YBR085W,YDR392W,1.818038219969509e-10
YBR085W,YNL053W,4.738136283322092e-07
YBR085W,YGR040W,6.532848706441996e-10
YBR085W,YDL216C,1.1356569157294771e-10
YBR085W,YOL117W,2.6281360421265276e-10
YBR085W,YJR086W,7.603480156603837e-08
YBR085W,YMR025W,1.2437589020919404e-06
YBR085W,YBR081C,1.231838382409478e-07
YBR085W,YFL026W,0.0007801894098520279
YBR085W,YHL007C,1.5727356916794832e-10
YBR085W,YNR044W,8.376614459848497e-07
YBR085W,YNL271C,3.73424435904518e-14
YBR085W,YDR200C,2.947440975731297e-07
YBR085W,YKL178C,2.6218136277463e-13
YBR085W,YOR212W,8.974717857768155e-09
YBR085W,YOL111C,2.320212164758084e-13
YBR085W,YGL032C,1.0147555018491516e-09
YBR085W,YHR005C,3.4274007703061216e-06
YBR085W,YDR103W,2.130021675839089e-05
YBR085W,YJR084W,2.3016339945058917e-09
YBR085W,YCL032W,6.046930138836615e-07
YBR085W,YJL170C,0.0009370967163704336
YBR085W,YDR179C,4.810098630514403e-07
YBR085W,YBR095C,1.3081044926366303e-05
YBR085W,YLL021W,0.00018981586617883295
YBR085W,YDL159W,9.445255585690052e-14
YBR085W,YNL161W,0.00038175765075720847
YBR085W,YNL188W,1.2288270845317584e-08
YBR085W,YJL157C,0.00017945951549336314
YBR085W,YJL034W,1.0571814244213982e-16
YBR085W,YLR238W,1.2776790754287504e-06
YBR085W,YPR141C,2.1937376004643738e-05
YBR085W,YNL127W,5.692856602790286e-11
YBR085W,YCL055W,0.03757844492793083
YBR085W,YPR122W,2.159851101168897e-05
YBR085W,YMR065W,6.477155238826526e-06
YBR085W,YDR356W,1.4958845895307604e-07
YBR085W,YMR052W,4.490430001169443e-06
YBR085W,YFR008W,5.920692009276187e-16
YBR085W,YLL043W,1.8588851162348874e-05
YBR085W,YMR029C,9.9810949905077e-07
YBR085W,YJR004C,2.4832177203393258e-08
YBR085W,YDL223C,8.274820003328553e-21
YBR085W,YHR158C,9.220959327649325e-05
YBR085W,YGR238C,9.872819177458467e-26
YBR085W,YIL015W,2.195400696791694e-07
YBR085W,YGL173C,1.0438228059683752e-09
YBR085W,YDL225W,5.9035581978506e-10
YBR085W,YLR330W,7.195988162983502e-12
YBR085W,YBR129C,2.3127384451981925e-07
YBR085W,YKR095W-A,0.2020167112350464
YBR085W,YPR075C,0.0003252032329328358
YBR085W,YMR198W,6.080646403061607e-11
YBR085W,YOR127W,1.1192706483864612e-10
YBR085W,YDR264C,1.4688981975208293e-10
YBR085W,YLR110C,1.649005376691548e-10
YBR085W,YDR379W,0.0004556917119771242
YBR085W,YDL100C,6.831436657240588e-16
YBR085W,YHR073W,0.12766940891742706
YBR085W,YJR090C,2.949946349417587e-07
YBR085W,YOR208W,3.9483541436347025e-11
YBR085W,YBR040W,1.2281683666515164e-05
YBR085W,YNL279W,4.83079852162116e-12
YBR085W,YER075C,1.2068166561560179e-12
YBR085W,YCR089W,8.23113223304972e-05
YBR085W,YCR002C,6.62204624468643e-10
YBR085W,YJL108C,0.033349573612213135
YBR085W,YBR200W,7.25786930555472e-11
YBR085W,YIL026C,4.086605187580972e-08
YBR085W,YJR076C,3.407593096582673e-10
YBR085W,YKR031C,6.176785749545388e-09
YBR085W,YPL192C,0.00017069723980966955
YBR085W,YHR107C,8.037196125645907e-14
YBR085W,YIL037C,2.677685870366986e-06
YBR085W,YPL156C,1.978479879927164e-12
YBR085W,YIL117C,1.6465570573664934e-10
YBR085W,YHR066W,1.0687546334042786e-11
YBR085W,YML085C,0.005366504658013582
YBR085W,YML047C,0.18982180953025818
YBR085W,YDR312W,1.5944346554453594e-21
YBR085W,YFL037W,1.7154205833591618e-10
YBR085W,YDL038C,0.2020167112350464
YBR085W,YDL039C,3.4428815354203834e-08
YBR085W,YCL027W,6.552111699420493e-06
YBR085W,YML124C,8.814228237260038e-14
YBR085W,YGL053W,6.495664894856645e-09
YBR085W,YMR232W,3.6270507430824495e-11
YBR085W,YNL298W,0.0002106412866851315
YBR085W,YGL099W,1.0629449489379158e-14
YBR085W,YBL016W,2.62900989866921e-09
YBR085W,YAL041W,0.01701047085225582
YBR085W,YDR085C,3.599137432530597e-09
YBR085W,YPL187W,1.5474803660708858e-08
YBR085W,YPL256C,4.9635033801435306e-15
YBR085W,YDR461W,2.9484842081843035e-15
YBR085W,YNL145W,2.9361621467494103e-10
YMR173W,YDL165W,1.5574834833387285e-05
YMR173W,YGR059W,0.00013539950305130333
YMR173W,YBR109C,1.0852207310563244e-07
YMR173W,YJL080C,0.0006712225149385631
YMR173W,YCR093W,2.885329475343923e-11
YMR173W,YIL122W,0.002063425723463297
YMR173W,YCL029C,4.2705376262422293e-16
YMR173W,YNL173C,0.0002464254212100059
YMR173W,YLR452C,4.9128384915775314e-08
YMR173W,YDL160C,6.207595106388908e-06
YMR173W,YLR229C,1.2695160478415346e-08
YMR173W,YML057W,1.1718292555382669e-14
YMR173W,YER149C,0.00036003460991196334
YMR173W,YMR305C,0.0018629762344062328
YMR173W,YLR433C,4.7170456127787475e-06
YMR173W,YJL073W,9.832546493042209e-15
YMR173W,YGR279C,0.0037137113977223635
YMR173W,YKL190W,0.00010122979438165203
YMR173W,YGL089C,9.507383325058072e-09
YMR173W,YJL019W,1.3561878731138677e-08
YMR173W,YJL018W,0.2020167112350464
YMR173W,YNR032C-A,0.03274008259177208
YMR173W,YGL178W,3.2019894291579476e-08
YMR173W,YKL116C,1.933426292330398e-12
YMR173W,YDL214C,0.0005279970355331898
YMR173W,YLR362W,1.392819332091122e-10
YMR173W,YER068W,1.7878193148135324e-07
YMR173W,YHR084W,1.9047174541354593e-21
YMR173W,YDR392W,2.6722094844444655e-05
YMR173W,YNL053W,6.845845001990369e-10
YMR173W,YGR040W,0.33638086915016174
YMR173W,YDL216C,0.026479028165340424
YMR173W,YOL117W,1.9906035959138535e-05
YMR173W,YJR086W,2.951513806692674e-07
YMR173W,YMR025W,2.2633639673586003e-05
YMR173W,YBR081C,0.05814659222960472
YMR173W,YFL026W,4.884935567162074e-09
YMR173W,YHL007C,6.223073256705902e-08
YMR173W,YNR044W,1.1804751238742028e-06
YMR173W,YNL271C,8.581362635595724e-05
YMR173W,YDR200C,0.00020979426335543394
YMR173W,YKL178C,2.250461506037027e-07
YMR173W,YOR212W,4.354892269020638e-08
YMR173W,YOL111C,3.9384668486588947e-13
YMR173W,YGL032C,1.3091695154170135e-13
YMR173W,YHR005C,5.873161171621177e-06
YMR173W,YDR103W,3.7483596782017514e-10
YMR173W,YJR084W,4.894942415810399e-13
YMR173W,YCL032W,6.180536615829624e-08
YMR173W,YJL170C,1.1561388646441628e-06
YMR173W,YDR179C,3.698687948798518e-14
YMR173W,YBR095C,6.87332968318799e-11
YMR173W,YLL021W,1.8391472859010933e-16
YMR173W,YDL159W,7.515307515859604e-06
YMR173W,YNL161W,1.4990856470831204e-05
YMR173W,YNL188W,5.48122853528954e-13
YMR173W,YJL157C,1.4167484087203742e-14
YMR173W,YJL034W,2.3115138969576066e-10
YMR173W,YLR238W,4.880974756815704e-06
YMR173W,YPR141C,8.91514264367288e-06
YMR173W,YNL127W,0.0006916914717294276
YMR173W,YCL055W,9.721136656065665e-13
YMR173W,YPR122W,6.745432545862684e-10
YMR173W,YMR065W,0.87600177526474
YMR173W,YDR356W,8.163417987816501e-06
YMR173W,YMR052W,0.0024344087578356266
YMR173W,YFR008W,1.2589579378996518e-10
YMR173W,YLL043W,0.27353835105895996
YMR173W,YMR029C,0.0016643552808091044
YMR173W,YJR004C,3.7703635352714926e-11
YMR173W,YDL223C,6.556563625359502e-11
YMR173W,YHR158C,2.1580277170286932e-13
YMR173W,YGR238C,3.6747345617815785e-12
YMR173W,YIL015W,3.289017342922307e-07
YMR173W,YGL173C,7.707074109930545e-05
YMR173W,YDL225W,0.00023388548288494349
YMR173W,YLR330W,1.8026662473857868e-07
YMR173W,YBR129C,4.9057639444072265e-06
YMR173W,YKR095W-A,0.2020167112350464
YMR173W,YPR075C,9.799776270620598e-16
YMR173W,YMR198W,2.339937236683909e-05
YMR173W,YOR127W,1.5273782310032402e-06
YMR173W,YDR264C,0.00047658197581768036
YMR173W,YLR110C,2.2212212538036402e-12
YMR173W,YDR379W,0.002686993684619665
YMR173W,YDL100C,8.022589703671201e-09
YMR173W,YHR073W,0.04685838147997856
YMR173W,YJR090C,2.2780490382956486e-07
YMR173W,YOR208W,1.911111649792116e-13
YMR173W,YBR040W,0.006302772555500269
YMR173W,YNL279W,0.00015638594049960375
YMR173W,YER075C,3.529668224366844e-11
YMR173W,YCR089W,0.0023036913480609655
YMR173W,YCR002C,7.010709168753237e-08
YMR173W,YJL108C,1.335824428849719e-08
YMR173W,YBR200W,0.01095327828079462
YMR173W,YIL026C,0.0012744246050715446
YMR173W,YJR076C,1.0687313256596553e-09
YMR173W,YKR031C,6.591149485757342e-06
YMR173W,YPL192C,0.6524708271026611
YMR173W,YHR107C,0.14813202619552612
YMR173W,YIL037C,0.009306073188781738
YMR173W,YPL156C,0.004034837707877159
YMR173W,YIL117C,2.3016555024749086e-13
YMR173W,YHR066W,6.585249997007892e-19
YMR173W,YML085C,3.8719954318366945e-05
YMR173W,YML047C,0.9833003282546997
YMR173W,YDR312W,4.4050119107907904e-10
YMR173W,YFL037W,7.215192454168573e-06
YMR173W,YDL038C,0.2020167112350464
YMR173W,YDL039C,2.2727013752389148e-14
YMR173W,YCL027W,3.410967897021777e-10
YMR173W,YML124C,6.032113475384904e-09
YMR173W,YGL053W,1.2879212973881948e-10
YMR173W,YMR232W,0.00026234061806462705
YMR173W,YNL298W,1.8012127345201634e-09
YMR173W,YGL099W,2.022140159945089e-27
YMR173W,YBL016W,7.900930604209933e-11
YMR173W,YAL041W,6.482161918341944e-09
YMR173W,YDR085C,7.097249871135247e-11
YMR173W,YPL187W,0.5448091626167297
YMR173W,YPL256C,1.7876932156823955e-09
YMR173W,YDR461W,8.101422229464875e-14
YMR173W,YNL145W,9.915180655684086e-12
YDR071C,YDL165W,0.00028227752773091197
YDR071C,YGR059W,0.016509421169757843
YDR071C,YBR109C,3.286856735940091e-05
YDR071C,YJL080C,3.894796041237214e-09
YDR071C,YCR093W,4.6020126598378397e-10
YDR071C,YIL122W,1.347350098512834e-05
YDR071C,YCL029C,7.639780683933236e-19
YDR071C,YNL173C,9.346178558189422e-05
YDR071C,YLR452C,6.721658678543463e-07
YDR071C,YDL160C,4.1849317120323814e-18
YDR071C,YLR229C,2.0592936264638567e-14
YDR071C,YML057W,1.1715109167198534e-06
YDR071C,YER149C,1.3744073839916382e-05
YDR071C,YMR305C,1.1883770009712968e-11
YDR071C,YLR433C,7.212743639684049e-06
YDR071C,YJL073W,1.1749240002245642e-05
YDR071C,YGR279C,3.418220018147622e-08
YDR071C,YKL190W,2.417616269667633e-05
YDR071C,YGL089C,0.0004076001641806215
YDR071C,YJL019W,2.9998767675886557e-16
YDR071C,YJL018W,0.0012443679152056575
YDR071C,YNR032C-A,0.013501298613846302
YDR071C,YGL178W,5.2489276488633385e-15
YDR071C,YKL116C,1.4298497108544694e-10
YDR071C,YDL214C,3.513402759836026e-07
YDR071C,YLR362W,2.975177049169275e-11
YDR071C,YER068W,9.293592302128673e-05
YDR071C,YHR084W,1.1927081683635766e-17
YDR071C,YDR392W,0.0025530948769301176
YDR071C,YNL053W,2.3421593198236224e-07
YDR071C,YGR040W,5.7586803450249135e-06
YDR071C,YDL216C,2.2569203450562014e-11
YDR071C,YOL117W,0.012068262323737144
YDR071C,YJR086W,1.7502303606420355e-08
YDR071C,YMR025W,2.4952426791458038e-09
YDR071C,YBR081C,0.025306593626737595
YDR071C,YFL026W,1.0918872028753412e-08
YDR071C,YHL007C,1.6804935221159667e-10
YDR071C,YNR044W,1.4518180291322492e-14
YDR071C,YNL271C,4.4037706814492594e-09
YDR071C,YDR200C,0.001959044486284256
YDR071C,YKL178C,0.15570557117462158
YDR071C,YOR212W,9.345847012953712e-11
YDR071C,YOL111C,1.085558665181452e-06
YDR071C,YGL032C,2.749635859800037e-05
YDR071C,YHR005C,0.8028060793876648
YDR071C,YDR103W,1.879453623981897e-12
YDR071C,YJR084W,1.5695146430516616e-05
YDR071C,YCL032W,0.009339450858533382
YDR071C,YJL170C,1.188846798783061e-10
YDR071C,YDR179C,2.9123358997844295e-13
YDR071C,YBR095C,2.082897481159307e-07
YDR071C,YLL021W,9.053807161762961e-07
YDR071C,YDL159W,5.1856002131200896e-11
YDR071C,YNL161W,1.29822498237675e-11
YDR071C,YNL188W,1.7104617722196735e-09
YDR071C,YJL157C,2.7190964757561886e-11
YDR071C,YJL034W,5.756021879835607e-14
YDR071C,YLR238W,8.699195859662723e-06
YDR071C,YPR141C,4.885814064437e-07
YDR071C,YNL127W,0.0005833824397996068
YDR071C,YCL055W,0.6507735252380371
YDR071C,YPR122W,9.097078928718512e-17
YDR071C,YMR065W,0.0026118909008800983
YDR071C,YDR356W,3.569521345170301e-09
YDR071C,YMR052W,2.297649883667343e-14
YDR071C,YFR008W,5.7183650176151346e-11
YDR071C,YLL043W,6.501970628569609e-10
YDR071C,YMR029C,0.0003494301054161042
YDR071C,YJR004C,4.399027602630667e-06
YDR071C,YDL223C,1.1307138558791507e-10
YDR071C,YHR158C,1.9477361092867795e-06
YDR071C,YGR238C,4.226012151775649e-06
YDR071C,YIL015W,1.0590601050353143e-05
YDR071C,YGL173C,8.03393618298287e-09
YDR071C,YDL225W,0.00015612892457284033
YDR071C,YLR330W,4.0276557911056443e-07
YDR071C,YBR129C,1.1672013755514854e-07
YDR071C,YKR095W-A,0.2020167112350464
YDR071C,YPR075C,1.4058646282712195e-15
YDR071C,YMR198W,5.484366738528479e-09
YDR071C,YOR127W,3.0239103322032834e-14
YDR071C,YDR264C,8.481615583477708e-12
YDR071C,YLR110C,8.301660818195791e-14
YDR071C,YDR379W,0.32431262731552124
YDR071C,YDL100C,2.5132256302115574e-13
YDR071C,YHR073W,5.233005867921747e-05
YDR071C,YJR090C,3.9256706219070736e-10
YDR071C,YOR208W,8.550292770895598e-15
YDR071C,YBR040W,4.6460223757094354e-07
YDR071C,YNL279W,0.7663061618804932
YDR071C,YER075C,1.3160880385498785e-08
YDR071C,YCR089W,1.018419393501306e-18
YDR071C,YCR002C,6.8250565163907595e-06
YDR071C,YJL108C,1.2194456999736758e-08
YDR071C,YBR200W,6.70376601452638e-12
YDR071C,YIL026C,5.534594151868077e-07
YDR071C,YJR076C,3.1148986113973404e-14
YDR071C,YKR031C,1.523606657505283e-10
YDR071C,YPL192C,7.794354672796544e-08
YDR071C,YHR107C,1.1534248220163718e-13
YDR071C,YIL037C,4.074909611517796e-06
YDR071C,YPL156C,1.753580818331102e-07
YDR071C,YIL117C,5.360776267337997e-09
YDR071C,YHR066W,4.914758857490532e-16
YDR071C,YML085C,1.203050318226821e-15
YDR071C,YML047C,6.301359987189586e-14
YDR071C,YDR312W,7.655555078756038e-10
YDR071C,YFL037W,3.537705905998223e-09
YDR071C,YDL038C,0.2020167112350464
YDR071C,YDL039C,2.551970510467072e-07
YDR071C,YCL027W,2.5014934568190483e-10
YDR071C,YML124C,9.005953734589465e-18
YDR071C,YGL053W,8.932202893996433e-11
YDR071C,YMR232W,6.063259206712246e-06
YDR071C,YNL298W,7.163761229188326e-13
YDR071C,YGL099W,1.1409565139734474e-14
YDR071C,YBL016W,1.672962639531761e-07
YDR071C,YAL041W,1.1341327081026975e-05
YDR071C,YDR085C,0.00011145660391775891
YDR071C,YPL187W,3.4676585869419796e-07
YDR071C,YPL256C,8.807159446178048e-09
YDR071C,YDR461W,1.209864708417996e-10
YDR071C,YNL145W,1.5495721527258866e-05
YER064C,YDL165W,0.00669771246612072
YER064C,YGR059W,0.018064303323626518
YER064C,YBR109C,2.1257098303806288e-09
YER064C,YJL080C,4.058541697160578e-11
YER064C,YCR093W,0.002061115810647607
YER064C,YIL122W,1.1136047639581648e-09
YER064C,YCL029C,1.5101864647704133e-08
YER064C,YNL173C,3.03234878629155e-06
YER064C,YLR452C,4.573418532771711e-09
YER064C,YDL160C,0.03456570953130722
YER064C,YLR229C,4.6207267179187994e-11
YER064C,YML057W,1.6813277170513174e-07
YER064C,YER149C,0.007288725581020117
YER064C,YMR305C,0.9984976053237915
YER064C,YLR433C,0.0004982632235623896
YER064C,YJL073W,0.02937718667089939
YER064C,YGR279C,1.1808388468426134e-12
YER064C,YKL190W,1.3477072968726134e-07
YER064C,YGL089C,7.479225700990355e-07
YER064C,YJL019W,1.431071632396197e-05
YER064C,YJL018W,0.00013949022104498
YER064C,YNR032C-A,0.0021568513475358486
YER064C,YGL178W,7.850523252272978e-05
YER064C,YKL116C,5.261302948866842e-09
YER064C,YDL214C,0.0039212084375321865
YER064C,YLR362W,7.643886412722622e-09
YER064C,YER068W,2.819197391090711e-07
YER064C,YHR084W,7.049923169688554e-07
YER064C,YDR392W,0.0014923965791240335
YER064C,YNL053W,0.0609804131090641
YER064C,YGR040W,0.004239541478455067
YER064C,YDL216C,2.3664609161144767e-10
YER064C,YOL117W,2.3201279475415504e-07
YER064C,YJR086W,4.3757841100555694e-11
YER064C,YMR025W,0.004899171646684408
YER064C,YBR081C,1.284664961076487e-07
YER064C,YFL026W,0.00018058123532682657
YER064C,YHL007C,1.2739103112835437e-05
YER064C,YNR044W,0.0002206623030360788
YER064C,YNL271C,6.047096690053877e-07
YER064C,YDR200C,9.487651775330619e-10
YER064C,YKL178C,5.8624401333418064e-08
YER064C,YOR212W,0.0003386464377399534
YER064C,YOL111C,2.1824984686331468e-18
YER064C,YGL032C,1.2707727092831078e-09
YER064C,YHR005C,5.98871883994434e-05
YER064C,YDR103W,0.002480534603819251
YER064C,YJR084W,2.506729288143106e-06
YER064C,YCL032W,2.6431645892444067e-05
YER064C,YJL170C,0.0008309856057167053
YER064C,YDR179C,0.34176236391067505
YER064C,YBR095C,0.0007865858497098088
YER064C,YLL021W,2.923666670540115e-06
YER064C,YDL159W,1.332129827454065e-12
YER064C,YNL161W,1.6708290786482394e-06
YER064C,YNL188W,0.3896559774875641
YER064C,YJL157C,0.6418482065200806
YER064C,YJL034W,0.0003762329288292676
YER064C,YLR238W,0.00604598643258214
YER064C,YPR141C,0.03219199180603027
YER064C,YNL127W,0.00012454678653739393
YER064C,YCL055W,4.166645521763712e-05
YER064C,YPR122W,0.6913427710533142
YER064C,YMR065W,0.6198261976242065
YER064C,YDR356W,0.004829845391213894
YER064C,YMR052W,0.0004030348500236869
YER064C,YFR008W,3.921167808584869e-05
YER064C,YLL043W,1.2269930493857828e-06
YER064C,YMR029C,1.3231351658760104e-05
YER064C,YJR004C,0.9965674877166748
YER064C,YDL223C,5.402401015430769e-08
YER064C,YHR158C,2.6328825231125563e-10
YER064C,YGR238C,3.677140512081678e-06
YER064C,YIL015W,0.0025054144207388163
YER064C,YGL173C,3.1445673842611654e-10
YER064C,YDL225W,4.520904095528522e-09
YER064C,YLR330W,0.08020218461751938
YER064C,YBR129C,7.9026412080907e-09
YER064C,YKR095W-A,0.2020167112350464
YER064C,YPR075C,2.678046451265459e-09
YER064C,YMR198W,0.04848272725939751
YER064C,YOR127W,3.091086142603672e-08
YER064C,YDR264C,0.017729155719280243
YER064C,YLR110C,0.002529720077291131
YER064C,YDR379W,3.3876593197312843e-10
YER064C,YDL100C,9.157538061188575e-10
YER064C,YHR073W,5.5765903006488315e-09
YER064C,YJR090C,0.9361789226531982
YER064C,YOR208W,4.5189710307091957e-10
YER064C,YBR040W,0.05107332766056061
YER064C,YNL279W,0.35452499985694885
YER064C,YER075C,0.00026905298000201583
YER064C,YCR089W,5.049243100074818e-06
YER064C,YCR002C,1.349684225715464e-05
YER064C,YJL108C,0.9858822822570801
YER064C,YBR200W,0.20114177465438843
YER064C,YIL026C,8.663509021289428e-09
YER064C,YJR076C,0.001238985569216311
YER064C,YKR031C,0.001046055811457336
YER064C,YPL192C,0.9957595467567444
YER064C,YHR107C,2.7887166534346086e-11
YER064C,YIL037C,0.015116751194000244
YER064C,YPL156C,2.635363108294264e-11
YER064C,YIL117C,3.146933977404842e-06
YER064C,YHR066W,7.051997874540916e-13
YER064C,YML085C,0.004696053918451071
YER064C,YML047C,0.0012562117772176862
YER064C,YDR312W,1.1854164871927253e-10
YER064C,YFL037W,2.384772596997209e-05
YER064C,YDL038C,0.2020167112350464
YER064C,YDL039C,3.763659869870928e-11
YER064C,YCL027W,3.8994435271888506e-06
YER064C,YML124C,0.09676963835954666
YER064C,YGL053W,5.813510506413877e-05
YER064C,YMR232W,5.797339781565825e-07
YER064C,YNL298W,0.8243805766105652
YER064C,YGL099W,4.0626330077842e-10
YER064C,YBL016W,1.0562514751732976e-10
YER064C,YAL041W,0.05272777006030083
YER064C,YDR085C,6.660943199676694e-06
YER064C,YPL187W,1.9088530223143607e-07
YER064C,YPL256C,0.2483680248260498
YER064C,YDR461W,4.375131368306029e-08
YER064C,YNL145W,0.030685706064105034
YFL003C,YDL165W,4.351037659944268e-06
YFL003C,YGR059W,8.694828856903314e-09
YFL003C,YBR109C,6.996162937866757e-08
YFL003C,YJL080C,7.21075510412561e-09
YFL003C,YCR093W,5.541903602690468e-10
YFL003C,YIL122W,8.885652641765773e-05
YFL003C,YCL029C,0.004587540403008461
YFL003C,YNL173C,2.6224849437086464e-16
YFL003C,YLR452C,0.016398770734667778
YFL003C,YDL160C,1.5374766348941193e-07
YFL003C,YLR229C,0.5775656700134277
YFL003C,YML057W,5.3240688430378214e-05
YFL003C,YER149C,0.005358762573450804
YFL003C,YMR305C,0.9996949434280396
YFL003C,YLR433C,0.899104654788971
YFL003C,YJL073W,0.9475905895233154
YFL003C,YGR279C,1.0719374188283837e-07
YFL003C,YKL190W,0.0015845930902287364
YFL003C,YGL089C,8.81605698139316e-15
YFL003C,YJL019W,2.2481672203866765e-06
YFL003C,YJL018W,0.17724549770355225
YFL003C,YNR032C-A,0.10249494761228561
YFL003C,YGL178W,0.009306750260293484
YFL003C,YKL116C,1.0992085019978504e-09
YFL003C,YDL214C,8.764847052589175e-07
YFL003C,YLR362W,1.274750729862717e-06
YFL003C,YER068W,1.2184568731754553e-07
YFL003C,YHR084W,1.9438415677086596e-07
YFL003C,YDR392W,0.00015140126924961805
YFL003C,YNL053W,1.773988697095774e-05
YFL003C,YGR040W,5.00375199408154e-06
YFL003C,YDL216C,0.3419274687767029
YFL003C,YOL117W,0.9945149421691895
YFL003C,YJR086W,5.6343997130170465e-05
YFL003C,YMR025W,3.913966679647274e-07
YFL003C,YBR081C,4.083372289187537e-07
YFL003C,YFL026W,0.08457949012517929
YFL003C,YHL007C,3.7627359561476226e-10
YFL003C,YNR044W,0.02120307646691799
YFL003C,YNL271C,9.669356950325891e-05
YFL003C,YDR200C,0.001006847945973277
YFL003C,YKL178C,0.11173193156719208
YFL003C,YOR212W,0.2481480836868286
YFL003C,YOL111C,3.1793254038348095e-06
YFL003C,YGL032C,0.03231539949774742
YFL003C,YHR005C,0.701402485370636
YFL003C,YDR103W,0.0028544769156724215
YFL003C,YJR084W,0.0007529645808972418
YFL003C,YCL032W,0.9603099226951599
YFL003C,YJL170C,3.3694534522510367e-06
YFL003C,YDR179C,3.0959023539223196e-11
YFL003C,YBR095C,0.10740926861763
YFL003C,YLL021W,6.357742677209899e-06
YFL003C,YDL159W,3.0255803267209558e-06
YFL003C,YNL161W,0.9558875560760498
YFL003C,YNL188W,1.377368789690081e-05
YFL003C,YJL157C,7.05952916177921e-05
YFL003C,YJL034W,6.764455520169577e-07
YFL003C,YLR238W,8.680779046699172e-07
YFL003C,YPR141C,0.0052136522717773914
YFL003C,YNL127W,5.559618330153171e-06
YFL003C,YCL055W,4.785794871509097e-09
YFL003C,YPR122W,2.2509147323823697e-11
YFL003C,YMR065W,2.0528122490759415e-07
YFL003C,YDR356W,0.9582818746566772
YFL003C,YMR052W,1.3190225578441073e-09
YFL003C,YFR008W,0.00010639436368364841
YFL003C,YLL043W,0.0013114186003804207
YFL003C,YMR029C,2.744577898283751e-07
YFL003C,YJR004C,1.2166239002908696e-06
YFL003C,YDL223C,2.36356618188438e-06
YFL003C,YHR158C,3.5774231946561486e-05
YFL003C,YGR238C,7.676014490698435e-09
YFL003C,YIL015W,3.974472565460019e-05
YFL003C,YGL173C,7.318240458076275e-11
YFL003C,YDL225W,1.296832397201797e-05
YFL003C,YLR330W,0.0977758914232254
YFL003C,YBR129C,0.011371386237442493
YFL003C,YKR095W-A,0.2020167112350464
YFL003C,YPR075C,4.8212215915555134e-05
YFL003C,YMR198W,5.993443664920051e-06
YFL003C,YOR127W,0.9864591360092163
YFL003C,YDR264C,1.750292910607243e-09
YFL003C,YLR110C,1.710893293704885e-08
YFL003C,YDR379W,0.5009263157844543
YFL003C,YDL100C,9.294499392353828e-09
YFL003C,YHR073W,0.004740468692034483
YFL003C,YJR090C,6.344929204260552e-08
YFL003C,YOR208W,9.203932194168374e-08
YFL003C,YBR040W,0.0006432912196032703
YFL003C,YNL279W,8.02135069477572e-09
YFL003C,YER075C,0.7812623381614685
YFL003C,YCR089W,2.560062717371636e-10
YFL003C,YCR002C,7.883036596467718e-05
YFL003C,YJL108C,4.2492104057600955e-08
YFL003C,YBR200W,7.252244813571451e-06
YFL003C,YIL026C,1.4688077953906031e-07
YFL003C,YJR076C,0.0007339913863688707
YFL003C,YKR031C,3.282105171820149e-05
YFL003C,YPL192C,4.698732300312258e-05
YFL003C,YHR107C,9.8314048955217e-05
YFL003C,YIL037C,2.01943184947595e-05
YFL003C,YPL156C,0.031969230622053146
YFL003C,YIL117C,0.003514404408633709
YFL003C,YHR066W,2.848842472688573e-12
YFL003C,YML085C,0.6601089835166931
YFL003C,YML047C,6.210312130860984e-05
YFL003C,YDR312W,3.907870632247068e-05
YFL003C,YFL037W,0.9346567392349243
YFL003C,YDL038C,0.2020167112350464
YFL003C,YDL039C,5.484952492196271e-09
YFL003C,YCL027W,1.6285371273738747e-08
YFL003C,YML124C,2.658785768861003e-14
YFL003C,YGL053W,0.001066735596396029
YFL003C,YMR232W,2.0077697282516738e-09
YFL003C,YNL298W,8.251470717368647e-05
YFL003C,YGL099W,9.513260401661228e-09
YFL003C,YBL016W,0.021033158525824547
YFL003C,YAL041W,1.860440352174919e-05
YFL003C,YDR085C,4.136796292186773e-07
YFL003C,YPL187W,8.737331793746545e-18
YFL003C,YPL256C,0.00011314188304822892
YFL003C,YDR461W,0.7050064206123352
YFL003C,YNL145W,0.0002976858813781291
YMR183C,YDL165W,0.002528639743104577
YMR183C,YGR059W,1.1813136779892375e-07
YMR183C,YBR109C,3.226543583423336e-07
YMR183C,YJL080C,0.0004938883357681334
YMR183C,YCR093W,1.2092568724142438e-08
YMR183C,YIL122W,1.0945357331593186e-07
YMR183C,YCL029C,1.1601355254242662e-05
YMR183C,YNL173C,1.1761772839236073e-05
YMR183C,YLR452C,5.02776797972615e-09
YMR183C,YDL160C,1.0930367722039591e-09
YMR183C,YLR229C,1.8419774505673558e-06
YMR183C,YML057W,6.877168289065594e-06
YMR183C,YER149C,1.35338086693082e-05
YMR183C,YMR305C,0.06765580922365189
YMR183C,YLR433C,1.7271733668167144e-05
YMR183C,YJL073W,1.0753200108126748e-08
YMR183C,YGR279C,6.565590865648119e-06
YMR183C,YKL190W,0.0001635531079955399
YMR183C,YGL089C,0.9689216613769531
YMR183C,YJL019W,3.0094031444605207e-07
YMR183C,YJL018W,0.001191754941828549
YMR183C,YNR032C-A,0.6200839281082153
YMR183C,YGL178W,5.689141602260861e-08
YMR183C,YKL116C,9.32052479640788e-09
YMR183C,YDL214C,0.2719120383262634
YMR183C,YLR362W,0.0011529723415151238
YMR183C,YER068W,4.654012809623964e-05
YMR183C,YHR084W,1.217874228132132e-06
YMR183C,YDR392W,1.8259100897921599e-07
YMR183C,YNL053W,0.9769870042800903
YMR183C,YGR040W,2.0625762772397138e-05
YMR183C,YDL216C,3.055793513340177e-06
YMR183C,YOL117W,1.3806994729748112e-06
YMR183C,YJR086W,1.1374118535911748e-08
YMR183C,YMR025W,4.28202110924758e-06
YMR183C,YBR081C,9.122511073655915e-06
YMR183C,YFL026W,8.167163834116309e-09
YMR183C,YHL007C,2.141134700650582e-06
YMR183C,YNR044W,0.9918116331100464
YMR183C,YNL271C,0.30473944544792175
YMR183C,YDR200C,1.152024875494817e-08
YMR183C,YKL178C,0.0001995055063161999
YMR183C,YOR212W,2.3980999230843736e-07
YMR183C,YOL111C,4.0231227095392785e-13
YMR183C,YGL032C,4.7275921133405063e-07
YMR183C,YHR005C,6.212803072003226e-08
YMR183C,YDR103W,0.018931232392787933
YMR183C,YJR084W,5.3204908908810467e-05
YMR183C,YCL032W,3.7714340578531846e-05
YMR183C,YJL170C,0.35266634821891785
YMR183C,YDR179C,0.11697475612163544
YMR183C,YBR095C,0.21431447565555573
YMR183C,YLL021W,1.5647802342755313e-07
YMR183C,YDL159W,0.00046458133147098124
YMR183C,YNL161W,3.758389433006215e-10
YMR183C,YNL188W,1.1457281061666436e-06
YMR183C,YJL157C,0.8109027147293091
YMR183C,YJL034W,1.0593039639905655e-10
YMR183C,YLR238W,3.9955228015031707e-10
YMR183C,YPR141C,2.351317807125497e-09
YMR183C,YNL127W,0.00033427952439524233
YMR183C,YCL055W,0.0016665798611938953
YMR183C,YPR122W,1.2447310737684347e-08
YMR183C,YMR065W,0.9985260367393494
YMR183C,YDR356W,0.02973780408501625
YMR183C,YMR052W,3.6468898088060087e-06
YMR183C,YFR008W,3.686118361656554e-06
YMR183C,YLL043W,4.9118993317165405e-09
YMR183C,YMR029C,0.9999463558197021
YMR183C,YJR004C,3.459231834312959e-08
YMR183C,YDL223C,2.3278532150939474e-14
YMR183C,YHR158C,0.009501613676548004
YMR183C,YGR238C,1.0630566293912125e-06
YMR183C,YIL015W,0.985932469367981
YMR183C,YGL173C,0.36002466082572937
YMR183C,YDL225W,2.9804392397636548e-05
YMR183C,YLR330W,6.2821154642733745e-06
YMR183C,YBR129C,0.015188884921371937
YMR183C,YKR095W-A,0.2020167112350464
YMR183C,YPR075C,1.6142147618580793e-09
YMR183C,YMR198W,0.002240703906863928
YMR183C,YOR127W,4.731787612399785e-06
YMR183C,YDR264C,8.056710498749453e-07
YMR183C,YLR110C,3.027681927392223e-08
YMR183C,YDR379W,0.04318777844309807
YMR183C,YDL100C,3.738296072697267e-08
YMR183C,YHR073W,1.4176826823586453e-08
YMR183C,YJR090C,0.0053162481635808945
YMR183C,YOR208W,0.0001253106165677309
YMR183C,YBR040W,0.9928047060966492
YMR183C,YNL279W,0.23245929181575775
YMR183C,YER075C,1.6460766083525868e-10
YMR183C,YCR089W,0.17762970924377441
YMR183C,YCR002C,2.628610040744661e-08
YMR183C,YJL108C,0.6742426156997681
YMR183C,YBR200W,0.0008544501615688205
YMR183C,YIL026C,0.0003814488009084016
YMR183C,YJR076C,0.0046827117912471294
YMR183C,YKR031C,0.0014311879640445113
YMR183C,YPL192C,3.657882174934457e-08
YMR183C,YHR107C,4.098507311312005e-09
YMR183C,YIL037C,0.2890532314777374
YMR183C,YPL156C,0.000476252258522436
YMR183C,YIL117C,8.587690535932779e-05
YMR183C,YHR066W,1.4590629052180226e-11
YMR183C,YML085C,0.19564779102802277
YMR183C,YML047C,0.01171465776860714
YMR183C,YDR312W,0.07803470641374588
YMR183C,YFL037W,0.4728640913963318
YMR183C,YDL038C,0.2020167112350464
YMR183C,YDL039C,1.6843144934330923e-11
YMR183C,YCL027W,0.9877874255180359
YMR183C,YML124C,4.5559647787740687e-07
YMR183C,YGL053W,3.649404902716924e-07
YMR183C,YMR232W,0.09852255880832672
YMR183C,YNL298W,3.706280282678165e-10
YMR183C,YGL099W,3.3491103295091307e-06
YMR183C,YBL016W,0.0006581255001947284
YMR183C,YAL041W,0.0005132784717716277
YMR183C,YDR085C,2.34375630014938e-08
YMR183C,YPL187W,0.019404035061597824
YMR183C,YPL256C,2.413653703570162e-07
YMR183C,YDR461W,2.6447327400092036e-05
YMR183C,YNL145W,7.396659498226654e-07
YPR129W,YDL165W,1.480904704420638e-10
YPR129W,YGR059W,0.00015479199646506459
YPR129W,YBR109C,0.0014707903610542417
YPR129W,YJL080C,0.0001341135211987421
YPR129W,YCR093W,1.3018688349575314e-09
YPR129W,YIL122W,5.752345941800741e-07
YPR129W,YCL029C,1.9555658023365056e-14
YPR129W,YNL173C,0.541692316532135
YPR129W,YLR452C,0.0002728654653765261
YPR129W,YDL160C,8.896998693330715e-09
YPR129W,YLR229C,3.591263397773048e-10
YPR129W,YML057W,1.1757210760521275e-09
YPR129W,YER149C,0.000427764724008739
YPR129W,YMR305C,0.00012073077232344076
YPR129W,YLR433C,3.362695906616864e-06
YPR129W,YJL073W,2.0898137620406487e-07
YPR129W,YGR279C,0.060775429010391235
YPR129W,YKL190W,0.05926750600337982
YPR129W,YGL089C,2.1324301258118794e-07
YPR129W,YJL019W,4.3474852873259806e-07
YPR129W,YJL018W,0.0002879191015381366
YPR129W,YNR032C-A,0.00013792871322948486
YPR129W,YGL178W,0.0002207338548032567
YPR129W,YKL116C,0.0005708339740522206
YPR129W,YDL214C,0.00010686146561056376
YPR129W,YLR362W,2.9236832688184222e-06
YPR129W,YER068W,0.0010849775280803442
YPR129W,YHR084W,6.775806582481891e-08
YPR129W,YDR392W,0.5298678278923035
YPR129W,YNL053W,0.2715640068054199
YPR129W,YGR040W,0.00011225550406379625
YPR129W,YDL216C,1.1337090988217113e-10
YPR129W,YOL117W,1.1879572880957312e-08
YPR129W,YJR086W,2.3984159270185046e-05
YPR129W,YMR025W,3.66279055015184e-05
YPR129W,YBR081C,7.187792583351893e-10
YPR129W,YFL026W,0.0006233000895008445
YPR129W,YHL007C,0.0003962760965805501
YPR129W,YNR044W,5.526131635624765e-11
YPR129W,YNL271C,0.0002603675820864737
YPR129W,YDR200C,6.559549365192652e-05
YPR129W,YKL178C,0.001640418078750372
YPR129W,YOR212W,0.010173891671001911
YPR129W,YOL111C,3.623398470153916e-08
YPR129W,YGL032C,1.6082835063713219e-09
YPR129W,YHR005C,0.002893865341320634
YPR129W,YDR103W,1.5430613586886466e-07
YPR129W,YJR084W,0.0003059862647205591
YPR129W,YCL032W,1.2875629181507975e-05
YPR129W,YJL170C,0.38185355067253113
YPR129W,YDR179C,6.623802062399875e-10
YPR129W,YBR095C,1.8496524489819421e-06
YPR129W,YLL021W,0.10295668244361877
YPR129W,YDL159W,0.03576189652085304
YPR129W,YNL161W,1.4710060440847883e-06
YPR129W,YNL188W,2.5530905531923054e-06
YPR129W,YJL157C,0.9224004149436951
YPR129W,YJL034W,7.894389142393266e-08
YPR129W,YLR238W,2.6541982833805378e-08
YPR129W,YPR141C,0.0002851341268979013
YPR129W,YNL127W,1.105418187541396e-11
YPR129W,YCL055W,2.2886088117957115e-05
YPR129W,YPR122W,1.3532415188421965e-09
YPR129W,YMR065W,0.00880490243434906
YPR129W,YDR356W,0.008613426238298416
YPR129W,YMR052W,2.6854493739847385e-08
YPR129W,YFR008W,6.306407479561571e-11
YPR129W,YLL043W,1.3743614545091987e-05
YPR129W,YMR029C,3.385057141258585e-07
YPR129W,YJR004C,3.561173434718512e-05
YPR129W,YDL223C,4.0202639439712584e-08
YPR129W,YHR158C,1.4219243894331157e-05
YPR129W,YGR238C,0.00782858207821846
YPR129W,YIL015W,0.002531960140913725
YPR129W,YGL173C,0.16807381808757782
YPR129W,YDL225W,1.7719427702900248e-08
YPR129W,YLR330W,0.0004155015049036592
YPR129W,YBR129C,8.11975486847416e-10
YPR129W,YKR095W-A,0.2020167112350464
YPR129W,YPR075C,2.811856631979026e-07
YPR129W,YMR198W,0.0004268171323928982
YPR129W,YOR127W,2.8582924221920436e-11
YPR129W,YDR264C,0.0003470573283266276
YPR129W,YLR110C,3.7277650584421895e-12
YPR129W,YDR379W,4.248297500453191e-06
YPR129W,YDL100C,6.58940480207093e-05
YPR129W,YHR073W,2.476674296758574e-07
YPR129W,YJR090C,0.049214769154787064
YPR129W,YOR208W,2.2660705256694058e-10
YPR129W,YBR040W,0.0004803427727892995
YPR129W,YNL279W,0.9581703543663025
YPR129W,YER075C,2.1387156490249026e-09
YPR129W,YCR089W,2.902284722949844e-05
YPR129W,YCR002C,1.4554344396344732e-09
YPR129W,YJL108C,0.9990559220314026
YPR129W,YBR200W,1.830086221454863e-10
YPR129W,YIL026C,5.449461241369136e-05
YPR129W,YJR076C,1.3644702448800672e-05
YPR129W,YKR031C,6.837460375663795e-08
YPR129W,YPL192C,9.315214555272178e-08
YPR129W,YHR107C,1.2821831205656053e-06
YPR129W,YIL037C,0.03823992982506752
YPR129W,YPL156C,0.6327601075172424
YPR129W,YIL117C,2.1966000574025202e-08
YPR129W,YHR066W,8.01531963631058e-14
YPR129W,YML085C,0.25735700130462646
YPR129W,YML047C,0.0016926312819123268
YPR129W,YDR312W,6.991133716383047e-08
YPR129W,YFL037W,0.0014335750602185726
YPR129W,YDL038C,0.2020167112350464
YPR129W,YDL039C,0.0015959037700667977
YPR129W,YCL027W,4.705658640524746e-10
YPR129W,YML124C,0.16819503903388977
YPR129W,YGL053W,1.7644588047593945e-12
YPR129W,YMR232W,0.0005065526347607374
YPR129W,YNL298W,1.9252976102279717e-08
YPR129W,YGL099W,4.0327609895030037e-05
YPR129W,YBL016W,4.3885503941965e-07
YPR129W,YAL041W,0.2572578191757202
YPR129W,YDR085C,0.0007059583440423012
YPR129W,YPL187W,0.0015822229906916618
YPR129W,YPL256C,1.4625484850983028e-11
YPR129W,YDR461W,2.5546273429988275e-11
YPR129W,YNL145W,0.00020152651995886117
YGL075C,YDL165W,0.01895705610513687
YGL075C,YGR059W,1.7902028817684545e-11
YGL075C,YBR109C,0.1170806810259819
YGL075C,YJL080C,1.2060291654236721e-09
YGL075C,YCR093W,1.0409721045226417e-12
YGL075C,YIL122W,0.8532198667526245
YGL075C,YCL029C,9.618641438891018e-10
YGL075C,YNL173C,5.5460094294801365e-09
YGL075C,YLR452C,0.0010082219960168004
YGL075C,YDL160C,0.01413679402321577
YGL075C,YLR229C,0.0014095621882006526
YGL075C,YML057W,0.002330633345991373
YGL075C,YER149C,1.3046335880062543e-05
YGL075C,YMR305C,1.2341001701457466e-12
YGL075C,YLR433C,0.0008648389484733343
YGL075C,YJL073W,1.5701566269399336e-08
YGL075C,YGR279C,2.732999462295993e-07
YGL075C,YKL190W,0.06858894228935242
YGL075C,YGL089C,6.145624098508051e-08
YGL075C,YJL019W,0.07860012352466583
YGL075C,YJL018W,0.19844064116477966
YGL075C,YNR032C-A,0.5559661388397217
YGL075C,YGL178W,0.0005759643972851336
YGL075C,YKL116C,2.011621063502389e-06
YGL075C,YDL214C,1.6235895600402728e-05
YGL075C,YLR362W,0.0033200648613274097
YGL075C,YER068W,1.6365738986223732e-08
YGL075C,YHR084W,7.77621753513813e-05
YGL075C,YDR392W,7.310266937565757e-06
YGL075C,YNL053W,0.0002358334168093279
YGL075C,YGR040W,8.034422571689959e-10
YGL075C,YDL216C,0.001986261224374175
YGL075C,YOL117W,2.8632001658479567e-07
YGL075C,YJR086W,9.138968835031847e-07
YGL075C,YMR025W,8.198035743589571e-07
YGL075C,YBR081C,1.854304798598605e-07
YGL075C,YFL026W,0.9999611377716064
YGL075C,YHL007C,1.1085652396047863e-09
YGL075C,YNR044W,4.078168058185838e-05
YGL075C,YNL271C,3.3984912106710397e-11
YGL075C,YDR200C,1.3654096520099301e-08
YGL075C,YKL178C,1.6018649817714308e-15
YGL075C,YOR212W,0.0004141255631111562
YGL075C,YOL111C,0.06447775661945343
YGL075C,YGL032C,0.00012386530579533428
YGL075C,YHR005C,6.412558286683634e-05
YGL075C,YDR103W,9.997683082474396e-05
YGL075C,YJR084W,0.001396100502461195
YGL075C,YCL032W,7.022438808235165e-07
YGL075C,YJL170C,0.0002513424842618406
YGL075C,YDR179C,1.236811875138244e-09
YGL075C,YBR095C,4.5955366658745334e-05
YGL075C,YLL021W,0.0001288415223825723
YGL075C,YDL159W,2.3334311913258965e-11
YGL075C,YNL161W,2.6309074030450574e-08
YGL075C,YNL188W,3.4500672541071253e-07
YGL075C,YJL157C,1.0124639028639276e-14
YGL075C,YJL034W,5.415113149553896e-11
YGL075C,YLR238W,1.8482028352195812e-08
YGL075C,YPR141C,1.7222855086540534e-10
YGL075C,YNL127W,1.757247076739077e-07
YGL075C,YCL055W,3.3010486705231656e-12
YGL075C,YPR122W,0.5285726189613342
YGL075C,YMR065W,3.0491943192600957e-08
YGL075C,YDR356W,2.0230334030202357e-06
YGL075C,YMR052W,2.6676936215608293e-08
YGL075C,YFR008W,2.806388511089608e-05
YGL075C,YLL043W,1.2047572454321198e-05
YGL075C,YMR029C,1.6033776972790292e-08
YGL075C,YJR004C,3.4643304388737306e-05
YGL075C,YDL223C,2.8247783120605163e-05
YGL075C,YHR158C,1.7336699329462135e-06
YGL075C,YGR238C,2.6542747377789055e-07
YGL075C,YIL015W,0.021011430770158768
YGL075C,YGL173C,3.933601762460409e-13
YGL075C,YDL225W,0.016563845798373222
YGL075C,YLR330W,8.211543445213465e-08
YGL075C,YBR129C,2.173820945472471e-07
YGL075C,YKR095W-A,0.2020167112350464
YGL075C,YPR075C,5.653754487866536e-05
YGL075C,YMR198W,4.697831172961742e-06
YGL075C,YOR127W,0.00013036938617005944
YGL075C,YDR264C,6.685233529424295e-06
YGL075C,YLR110C,0.005493396893143654
YGL075C,YDR379W,0.037981338798999786
YGL075C,YDL100C,9.069933248895268e-09
YGL075C,YHR073W,1.3385171769186854e-05
YGL075C,YJR090C,3.726128738890111e-09
YGL075C,YOR208W,1.3731814574313717e-09
YGL075C,YBR040W,0.8444692492485046
YGL075C,YNL279W,2.8842321864175346e-09
YGL075C,YER075C,2.9722332328674383e-05
YGL075C,YCR089W,8.916938853964496e-10
YGL075C,YCR002C,6.65605242033962e-08
YGL075C,YJL108C,6.744608640474326e-07
YGL075C,YBR200W,8.30426305498122e-09
YGL075C,YIL026C,0.00015182442439254373
YGL075C,YJR076C,2.993082048874385e-08
YGL075C,YKR031C,0.06832839548587799
YGL075C,YPL192C,0.0005326690734364092
YGL075C,YHR107C,9.578939597076896e-08
YGL075C,YIL037C,1.0001189139074995e-06
YGL075C,YPL156C,0.04265910014510155
YGL075C,YIL117C,0.0003579964686650783
YGL075C,YHR066W,3.535689029376954e-05
YGL075C,YML085C,4.630239802683178e-10
YGL075C,YML047C,0.027841079980134964
YGL075C,YDR312W,0.0009459186694584787
YGL075C,YFL037W,1.0590933512133471e-11
YGL075C,YDL038C,0.2020167112350464
YGL075C,YDL039C,1.4334002873539475e-09
YGL075C,YCL027W,1.0867821309545889e-08
YGL075C,YML124C,3.6902272348982024e-09
YGL075C,YGL053W,2.371757901187266e-09
YGL075C,YMR232W,4.266181186096674e-09
YGL075C,YNL298W,6.912030130479252e-06
YGL075C,YGL099W,3.65797359336284e-06
YGL075C,YBL016W,1.0582291309901848e-07
YGL075C,YAL041W,3.331949827156677e-08
YGL075C,YDR085C,0.00046842516167089343
YGL075C,YPL187W,0.0005490017356351018
YGL075C,YPL256C,2.719432323772253e-08
YGL075C,YDR461W,0.003306351602077484
YGL075C,YNL145W,1.5052536994630827e-09
YGL141W,YDL165W,3.9117986716519226e-07
YGL141W,YGR059W,2.538484755731929e-09
YGL141W,YBR109C,2.924766277691976e-13
YGL141W,YJL080C,0.0004889966221526265
YGL141W,YCR093W,0.11889760196208954
YGL141W,YIL122W,0.0006639820639975369
YGL141W,YCL029C,3.853788829396611e-14
YGL141W,YNL173C,1.1760220104406471e-06
YGL141W,YLR452C,0.10394071042537689
YGL141W,YDL160C,0.03801394999027252
YGL141W,YLR229C,0.00030233024153858423
YGL141W,YML057W,8.824725347168771e-14
YGL141W,YER149C,1.556604365759995e-05
YGL141W,YMR305C,2.101928353592797e-11
YGL141W,YLR433C,4.90346246806439e-06
YGL141W,YJL073W,2.0610926160236076e-11
YGL141W,YGR279C,1.6929881496707821e-07
YGL141W,YKL190W,4.331192089007674e-12
YGL141W,YGL089C,4.355000271516474e-08
YGL141W,YJL019W,3.8026016682124464e-06
YGL141W,YJL018W,0.2020167112350464
YGL141W,YNR032C-A,1.4097628991294187e-05
YGL141W,YGL178W,0.00031344188028015196
YGL141W,YKL116C,1.6861272911228298e-07
YGL141W,YDL214C,7.085414893692743e-11
YGL141W,YLR362W,2.48256862116214e-12
YGL141W,YER068W,0.08336252719163895
YGL141W,YHR084W,0.0016474646981805563
YGL141W,YDR392W,6.525625595443785e-10
YGL141W,YNL053W,0.027285302057862282
YGL141W,YGR040W,1.0230606051209179e-07
YGL141W,YDL216C,9.763765547177172e-07
YGL141W,YOL117W,3.5076969107095124e-10
YGL141W,YJR086W,5.644157450440668e-12
YGL141W,YMR025W,0.00040104228537529707
YGL141W,YBR081C,0.00010534113243920729
YGL141W,YFL026W,0.007723414804786444
YGL141W,YHL007C,1.7887481718048548e-08
YGL141W,YNR044W,3.3562403132236795e-06
YGL141W,YNL271C,0.00021075320546515286
YGL141W,YDR200C,0.0037311993073672056
YGL141W,YKL178C,0.014577604830265045
YGL141W,YOR212W,3.471917153774484e-08
YGL141W,YOL111C,2.743034688279522e-09
YGL141W,YGL032C,0.022853735834360123
YGL141W,YHR005C,1.4862548691763067e-11
YGL141W,YDR103W,8.587730136386251e-13
YGL141W,YJR084W,2.858940284511391e-08
YGL141W,YCL032W,0.026053667068481445
YGL141W,YJL170C,6.03043508817791e-06
YGL141W,YDR179C,1.2897396692301832e-11
YGL141W,YBR095C,2.836447583767451e-16
YGL141W,YLL021W,2.7338626917838837e-09
YGL141W,YDL159W,2.3719107233866055e-10
YGL141W,YNL161W,3.961226457960265e-09
YGL141W,YNL188W,1.1325917287363652e-10
YGL141W,YJL157C,2.3853169439647104e-10
YGL141W,YJL034W,4.001245949153409e-12
YGL141W,YLR238W,1.2241810213101112e-12
YGL141W,YPR141C,1.894602428365033e-05
YGL141W,YNL127W,0.004338886588811874
YGL141W,YCL055W,0.01900317333638668
YGL141W,YPR122W,3.8151148906706567e-10
YGL141W,YMR065W,0.0009208534611389041
YGL141W,YDR356W,1.2550102610475733e-06
YGL141W,YMR052W,1.3641082041715435e-08
YGL141W,YFR008W,9.1659430045965e-10
YGL141W,YLL043W,8.273917160295241e-07
YGL141W,YMR029C,0.03723212331533432
YGL141W,YJR004C,0.04313793405890465
YGL141W,YDL223C,7.731175170846603e-16
YGL141W,YHR158C,1.0883109524684187e-08
YGL141W,YGR238C,4.429421551321866e-06
YGL141W,YIL015W,2.2519745471072383e-05
YGL141W,YGL173C,2.511551679075299e-33
YGL141W,YDL225W,4.06477585965237e-12
YGL141W,YLR330W,1.2095102874809527e-06
YGL141W,YBR129C,7.634183063487399e-09
YGL141W,YKR095W-A,0.2020167112350464
YGL141W,YPR075C,1.3394976317374074e-13
YGL141W,YMR198W,4.036292739328928e-05
YGL141W,YOR127W,1.941223854373675e-05
YGL141W,YDR264C,3.5130946685058007e-07
YGL141W,YLR110C,0.0006158594624139369
YGL141W,YDR379W,1.3503330364983412e-07
YGL141W,YDL100C,9.085805441344519e-10
YGL141W,YHR073W,5.6264234160607884e-08
YGL141W,YJR090C,1.7131846163920272e-07
YGL141W,YOR208W,1.0625022639487725e-08
YGL141W,YBR040W,0.06877549737691879
YGL141W,YNL279W,0.00043660670053213835
YGL141W,YER075C,5.57304265385028e-05
YGL141W,YCR089W,0.0021872399374842644
YGL141W,YCR002C,7.523380252116851e-10
YGL141W,YJL108C,0.00037511729169636965
YGL141W,YBR200W,1.2234910400366061e-06
YGL141W,YIL026C,1.9102326664910407e-10
YGL141W,YJR076C,2.2204957870249759e-13
YGL141W,YKR031C,8.912770681490656e-06
YGL141W,YPL192C,0.004235698375850916
YGL141W,YHR107C,0.0006461013690568507
YGL141W,YIL037C,0.9937373399734497
YGL141W,YPL156C,1.661608177438989e-11
YGL141W,YIL117C,3.674882934848883e-15
YGL141W,YHR066W,1.2463818503606112e-16
YGL141W,YML085C,0.0001724643079796806
YGL141W,YML047C,0.7720109820365906
YGL141W,YDR312W,7.454460937417196e-10
YGL141W,YFL037W,9.612990834284574e-05
YGL141W,YDL038C,0.2020167112350464
YGL141W,YDL039C,1.6874224240126523e-09
YGL141W,YCL027W,0.00031739831320010126
YGL141W,YML124C,2.0977559966883774e-10
YGL141W,YGL053W,8.297482700925229e-10
YGL141W,YMR232W,0.005501486361026764
YGL141W,YNL298W,3.210931538433215e-07
YGL141W,YGL099W,9.172387675782101e-12
YGL141W,YBL016W,1.84008974724037e-10
YGL141W,YAL041W,2.8068107837952994e-08
YGL141W,YDR085C,5.4767067617089715e-12
YGL141W,YPL187W,0.0002867498842533678
YGL141W,YPL256C,0.0010664575966075063
YGL141W,YDR461W,6.3508105085929856e-06
YGL141W,YNL145W,0.006168176420032978
YLR024C,YDL165W,1.8664093881515242e-10
YLR024C,YGR059W,1.4538646730954952e-08
YLR024C,YBR109C,3.6478320453170454e-07
YLR024C,YJL080C,5.675432035445738e-08
YLR024C,YCR093W,7.077469632577049e-08
YLR024C,YIL122W,1.1856391211040318e-06
YLR024C,YCL029C,1.1807109956407658e-07
YLR024C,YNL173C,6.236750493826548e-08
YLR024C,YLR452C,0.0005364581593312323
YLR024C,YDL160C,0.5590630769729614
YLR024C,YLR229C,1.5101424555297172e-09
YLR024C,YML057W,9.918883206103124e-13
YLR024C,YER149C,3.387633507045962e-10
YLR024C,YMR305C,5.580176321018371e-09
YLR024C,YLR433C,4.1689268982736394e-05
YLR024C,YJL073W,5.402164049428393e-08
YLR024C,YGR279C,3.3520719533441934e-09
YLR024C,YKL190W,4.9396305257687345e-05
YLR024C,YGL089C,0.24617713689804077
YLR024C,YJL019W,0.940722644329071
YLR024C,YJL018W,0.000939993595238775
YLR024C,YNR032C-A,0.011364521458745003
YLR024C,YGL178W,0.9650763869285583
YLR024C,YKL116C,1.1590469028988082e-08
YLR024C,YDL214C,2.0664785160828814e-10
YLR024C,YLR362W,0.0004796027787961066
YLR024C,YER068W,5.722916102968156e-05
YLR024C,YHR084W,4.413171154737938e-06
YLR024C,YDR392W,6.070782205824798e-07
YLR024C,YNL053W,8.254508429672569e-05
YLR024C,YGR040W,0.003131423844024539
YLR024C,YDL216C,1.0556045708653983e-05
YLR024C,YOL117W,0.00026396967587061226
YLR024C,YJR086W,2.3728199960437735e-10
YLR024C,YMR025W,3.146640281670443e-08
YLR024C,YBR081C,1.9512535800458863e-06
YLR024C,YFL026W,3.632887455751188e-05
YLR024C,YHL007C,0.0033547987695783377
YLR024C,YNR044W,7.042733341222629e-05
YLR024C,YNL271C,4.525660202148174e-08
YLR024C,YDR200C,1.0814287243476883e-08
YLR024C,YKL178C,0.004959439393132925
YLR024C,YOR212W,1.999802101693149e-08
YLR024C,YOL111C,0.002683350583538413
YLR024C,YGL032C,8.936654313698028e-14
YLR024C,YHR005C,0.7602230310440063
YLR024C,YDR103W,5.282569873088505e-06
YLR024C,YJR084W,6.665097293523381e-12
YLR024C,YCL032W,0.001366223907098174
YLR024C,YJL170C,6.140505138318986e-05
YLR024C,YDR179C,2.8363086185256847e-11
YLR024C,YBR095C,0.0071560232900083065
YLR024C,YLL021W,0.0007148160948418081
YLR024C,YDL159W,2.0915881293603888e-07
YLR024C,YNL161W,0.9886930584907532
YLR024C,YNL188W,4.037732651340775e-05
YLR024C,YJL157C,1.7655162082519382e-05
YLR024C,YJL034W,4.44814283184769e-08
YLR024C,YLR238W,7.795967760237943e-10
YLR024C,YPR141C,7.505306931498978e-10
YLR024C,YNL127W,4.61716263089329e-06
YLR024C,YCL055W,8.468966639085806e-10
YLR024C,YPR122W,1.7682955100184472e-09
YLR024C,YMR065W,0.00020762477652169764
YLR024C,YDR356W,2.769292279936053e-07
YLR024C,YMR052W,1.5653714990904177e-09
YLR024C,YFR008W,6.0313530411804095e-05
YLR024C,YLL043W,0.13838011026382446
YLR024C,YMR029C,1.0663734339999564e-09
YLR024C,YJR004C,0.0004379355814307928
YLR024C,YDL223C,1.5479933915912653e-20
YLR024C,YHR158C,1.2244333547073438e-08
YLR024C,YGR238C,4.35804559106856e-10
YLR024C,YIL015W,1.9222923697270744e-08
YLR024C,YGL173C,4.4442546864864596e-10
YLR024C,YDL225W,2.1467658206653084e-10
YLR024C,YLR330W,1.168332232737157e-06
YLR024C,YBR129C,0.0009207688271999359
YLR024C,YKR095W-A,0.2020167112350464
YLR024C,YPR075C,1.448760826860962e-07
YLR024C,YMR198W,2.4319238036696333e-06
YLR024C,YOR127W,5.6453864090144634e-06
YLR024C,YDR264C,6.605995440622792e-05
YLR024C,YLR110C,1.2964675988769159e-05
YLR024C,YDR379W,1.2014510275548673e-07
YLR024C,YDL100C,2.156445617629288e-07
YLR024C,YHR073W,4.146042726915766e-07
YLR024C,YJR090C,1.5147602616671918e-10
YLR024C,YOR208W,0.027912870049476624
YLR024C,YBR040W,0.3384891748428345
YLR024C,YNL279W,2.1205361917964183e-05
YLR024C,YER075C,1.286288897972554e-05
YLR024C,YCR089W,7.918022487674037e-11
YLR024C,YCR002C,1.8806422303896397e-05
YLR024C,YJL108C,5.68082247909274e-09
YLR024C,YBR200W,0.0006196402246132493
YLR024C,YIL026C,1.597399023012258e-05
YLR024C,YJR076C,1.8482099903849303e-06
YLR024C,YKR031C,2.5909672331181355e-05
YLR024C,YPL192C,0.045620258897542953
YLR024C,YHR107C,2.2915940256496015e-09
YLR024C,YIL037C,3.2132072647073073e-07
YLR024C,YPL156C,2.723556380423986e-10
YLR024C,YIL117C,1.0105458136955292e-11
YLR024C,YHR066W,8.946748266680515e-07
YLR024C,YML085C,4.5733818865301146e-07
YLR024C,YML047C,3.2330149224435445e-07
YLR024C,YDR312W,3.8580703403567895e-05
YLR024C,YFL037W,2.211957284004029e-09
YLR024C,YDL038C,0.2020167112350464
YLR024C,YDL039C,9.119913738686591e-05
YLR024C,YCL027W,3.346414416682819e-07
YLR024C,YML124C,8.240975013507068e-09
YLR024C,YGL053W,4.3480158362640964e-10
YLR024C,YMR232W,0.0009371319902129471
YLR024C,YNL298W,1.665160027641832e-07
YLR024C,YGL099W,4.351363998011948e-07
YLR024C,YBL016W,0.0002664811909198761
YLR024C,YAL041W,1.549380068688322e-11
YLR024C,YDR085C,3.0537901807292656e-07
YLR024C,YPL187W,1.291302265116201e-08
YLR024C,YPL256C,1.1885023923241533e-05
YLR024C,YDR461W,2.7834343200083822e-05
YLR024C,YNL145W,6.235230387563462e-11
YMR210W,YDL165W,3.097611056546157e-10
YMR210W,YGR059W,3.8318298534179007e-10
YMR210W,YBR109C,6.656566142737574e-07
YMR210W,YJL080C,6.544122466145552e-10
YMR210W,YCR093W,1.1464331003616102e-12
YMR210W,YIL122W,1.9351338309547828e-09
YMR210W,YCL029C,8.413139108987e-12
YMR210W,YNL173C,1.0566761007857473e-11
YMR210W,YLR452C,9.47201406233944e-05
YMR210W,YDL160C,0.18179292976856232
YMR210W,YLR229C,1.1598364046960796e-08
YMR210W,YML057W,2.3612917843252035e-08
YMR210W,YER149C,1.1535458725120407e-05
YMR210W,YMR305C,2.8737121127164755e-08
YMR210W,YLR433C,9.468099904097471e-08
YMR210W,YJL073W,1.0474117077378813e-22
YMR210W,YGR279C,2.722242431474342e-10
YMR210W,YKL190W,3.967053999076597e-06
YMR210W,YGL089C,7.777596329106018e-05
YMR210W,YJL019W,3.1497364716415177e-07
YMR210W,YJL018W,0.05958957225084305
YMR210W,YNR032C-A,7.089390692271991e-06
YMR210W,YGL178W,0.0005778540507890284
YMR210W,YKL116C,2.979996027718812e-09
YMR210W,YDL214C,0.00041743411566130817
YMR210W,YLR362W,3.518015601056135e-10
YMR210W,YER068W,2.605426707713576e-10
YMR210W,YHR084W,2.3131448992901296e-22
YMR210W,YDR392W,7.881964525502383e-11
YMR210W,YNL053W,0.00027748069260269403
YMR210W,YGR040W,1.1197456615263945e-06
YMR210W,YDL216C,6.367429587067486e-12
YMR210W,YOL117W,1.263302777942954e-07
YMR210W,YJR086W,1.565792331348348e-07
YMR210W,YMR025W,7.052933237439163e-11
YMR210W,YBR081C,9.035676157509442e-06
YMR210W,YFL026W,9.455805411562324e-05
YMR210W,YHL007C,2.269262278087325e-10
YMR210W,YNR044W,1.9480926312098745e-06
YMR210W,YNL271C,2.855286766134668e-06
YMR210W,YDR200C,0.0006048578070476651
YMR210W,YKL178C,0.00047886610263958573
YMR210W,YOR212W,2.6094208806171082e-05
YMR210W,YOL111C,1.6533303615062778e-09
YMR210W,YGL032C,4.594172264837937e-10
YMR210W,YHR005C,1.6730997284223476e-13
YMR210W,YDR103W,2.674781750255928e-11
YMR210W,YJR084W,1.5616762539139017e-05
YMR210W,YCL032W,2.845327973233225e-09
YMR210W,YJL170C,4.2624301954674593e-07
YMR210W,YDR179C,3.70877981104023e-12
YMR210W,YBR095C,8.807872486915613e-11
YMR210W,YLL021W,3.1273615604732186e-05
YMR210W,YDL159W,2.5690701736108545e-12
YMR210W,YNL161W,7.033947326817724e-07
YMR210W,YNL188W,1.3396214626482106e-07
YMR210W,YJL157C,2.4555078565087485e-13
YMR210W,YJL034W,5.052153824181005e-07
YMR210W,YLR238W,1.552930370962713e-06
YMR210W,YPR141C,1.2671603144553956e-07
YMR210W,YNL127W,2.5644104084676655e-07
YMR210W,YCL055W,0.40906429290771484
YMR210W,YPR122W,1.0129850083751002e-11
YMR210W,YMR065W,0.9823066592216492
YMR210W,YDR356W,4.324266811295274e-08
YMR210W,YMR052W,3.440206453042549e-10
YMR210W,YFR008W,4.0593875483274644e-10
YMR210W,YLL043W,3.6696339300590353e-09
YMR210W,YMR029C,0.01871790923178196
YMR210W,YJR004C,9.245303954230621e-05
YMR210W,YDL223C,1.9280304891684807e-13
YMR210W,YHR158C,2.9882883723075793e-07
YMR210W,YGR238C,6.851029752397153e-07
YMR210W,YIL015W,0.038011327385902405
YMR210W,YGL173C,2.8786001138314532e-08
YMR210W,YDL225W,6.372423655420789e-08
YMR210W,YLR330W,1.6116597123527754e-07
YMR210W,YBR129C,7.695719929368128e-12
YMR210W,YKR095W-A,0.2020167112350464
YMR210W,YPR075C,1.2018577422168164e-07
YMR210W,YMR198W,0.00010280562855768949
YMR210W,YOR127W,2.312097180379169e-09
YMR210W,YDR264C,0.00016810576198622584
YMR210W,YLR110C,8.269674944827443e-10
YMR210W,YDR379W,2.065067974399426e-06
YMR210W,YDL100C,4.974072908225935e-06
YMR210W,YHR073W,0.4553110897541046
YMR210W,YJR090C,1.8860218276017804e-08
YMR210W,YOR208W,3.8244699074319044e-10
YMR210W,YBR040W,0.0002527762553654611
YMR210W,YNL279W,0.001392660429701209
YMR210W,YER075C,8.434728079009801e-05
YMR210W,YCR089W,0.9906676411628723
YMR210W,YCR002C,8.515512490703259e-06
YMR210W,YJL108C,1.3063721837625053e-07
YMR210W,YBR200W,2.8968463183787208e-09
YMR210W,YIL026C,1.1435934510473089e-07
YMR210W,YJR076C,6.298023436102085e-06
YMR210W,YKR031C,5.1245337090222165e-05
YMR210W,YPL192C,2.5528326119683697e-09
YMR210W,YHR107C,1.7607393601792865e-05
YMR210W,YIL037C,2.101963758605052e-08
YMR210W,YPL156C,0.047834258526563644
YMR210W,YIL117C,3.0587121377378956e-12
YMR210W,YHR066W,4.108268412961191e-12
YMR210W,YML085C,0.0079425610601902
YMR210W,YML047C,0.0006150983390398324
YMR210W,YDR312W,4.605399226420559e-05
YMR210W,YFL037W,1.8607725849051349e-07
YMR210W,YDL038C,0.2020167112350464
YMR210W,YDL039C,1.987617181953283e-09
YMR210W,YCL027W,4.4030301182829135e-07
YMR210W,YML124C,4.0545766744060074e-09
YMR210W,YGL053W,5.719848900076485e-11
YMR210W,YMR232W,0.7836425304412842
YMR210W,YNL298W,1.3323395164910323e-10
YMR210W,YGL099W,7.600919947701318e-14
YMR210W,YBL016W,3.6838139205741527e-09
YMR210W,YAL041W,1.407923638785391e-10
YMR210W,YDR085C,3.733407680228673e-12
YMR210W,YPL187W,5.099855115986429e-07
YMR210W,YPL256C,1.9206274259886413e-07
YMR210W,YDR461W,3.810456328468887e-16
YMR210W,YNL145W,1.1772316383940051e-06
YNL172W,YDL165W,1.339809485578769e-09
YNL172W,YGR059W,0.003192199394106865
YNL172W,YBR109C,3.0521786698014446e-16
YNL172W,YJL080C,2.131840703967214e-09
YNL172W,YCR093W,0.004303286783397198
YNL172W,YIL122W,0.054967500269412994
YNL172W,YCL029C,5.18857705174014e-05
YNL172W,YNL173C,1.2414707933547375e-12
YNL172W,YLR452C,0.012462357990443707
YNL172W,YDL160C,2.4926961604315907e-14
YNL172W,YLR229C,3.6461561851372504e-13
YNL172W,YML057W,2.2647839159617433e-09
YNL172W,YER149C,1.6103649613796733e-05
YNL172W,YMR305C,4.3710008945652135e-09
YNL172W,YLR433C,0.009005487896502018
YNL172W,YJL073W,1.579193331657791e-09
YNL172W,YGR279C,0.7338933944702148
YNL172W,YKL190W,2.8244088925294397e-12
YNL172W,YGL089C,0.0001788453955668956
YNL172W,YJL019W,0.00016677708481438458
YNL172W,YJL018W,0.2020167112350464
YNL172W,YNR032C-A,0.9006583094596863
YNL172W,YGL178W,1.5944418919389136e-05
YNL172W,YKL116C,4.235906764238351e-12
YNL172W,YDL214C,0.0004302797024138272
YNL172W,YLR362W,0.0005507171154022217
YNL172W,YER068W,3.2300056773237884e-05
YNL172W,YHR084W,8.05213949206518e-06
YNL172W,YDR392W,1.1529722954151111e-08
YNL172W,YNL053W,1.0516727343201637e-05
YNL172W,YGR040W,2.090941170207472e-10
YNL172W,YDL216C,0.7174246311187744
YNL172W,YOL117W,6.750960324097832e-08
YNL172W,YJR086W,0.015780087560415268
YNL172W,YMR025W,0.016796313226222992
YNL172W,YBR081C,4.060386709170416e-05
YNL172W,YFL026W,0.9479116797447205
YNL172W,YHL007C,1.0046817806141917e-05
YNL172W,YNR044W,0.5919983386993408
YNL172W,YNL271C,4.977193384547718e-05
YNL172W,YDR200C,4.0154358060817685e-08
YNL172W,YKL178C,7.24019409972243e-05
YNL172W,YOR212W,0.0001043143420247361
YNL172W,YOL111C,1.905673002511321e-06
YNL172W,YGL032C,0.002630506409332156
YNL172W,YHR005C,1.1122414207420661e-06
YNL172W,YDR103W,0.001684437389485538
YNL172W,YJR084W,0.015492217615246773
YNL172W,YCL032W,0.00012153007264714688
YNL172W,YJL170C,2.0534007489914075e-06
YNL172W,YDR179C,2.2794566234551894e-10
YNL172W,YBR095C,5.608377318111479e-09
YNL172W,YLL021W,2.0273752121546806e-10
YNL172W,YDL159W,0.00017632852541282773
YNL172W,YNL161W,0.007374606095254421
YNL172W,YNL188W,1.8945305768625076e-08
YNL172W,YJL157C,1.9549626983916824e-07
YNL172W,YJL034W,7.934379539563212e-15
YNL172W,YLR238W,0.00023345727822743356
YNL172W,YPR141C,2.5575023755664006e-05
YNL172W,YNL127W,1.5400977645185776e-05
YNL172W,YCL055W,4.609552295420372e-09
YNL172W,YPR122W,0.004048421513289213
YNL172W,YMR065W,2.424178092041984e-06
YNL172W,YDR356W,6.045468292636968e-11
YNL172W,YMR052W,0.1787176877260208
YNL172W,YFR008W,1.0811299034685362e-05
YNL172W,YLL043W,9.060491912293855e-09
YNL172W,YMR029C,1.539477807455114e-07
YNL172W,YJR004C,0.0001274980022571981
YNL172W,YDL223C,1.1066264349324229e-08
YNL172W,YHR158C,8.172569608902447e-13
YNL172W,YGR238C,0.47008171677589417
YNL172W,YIL015W,0.9695115089416504
YNL172W,YGL173C,1.6916146489218825e-13
YNL172W,YDL225W,1.8162838387070224e-05
YNL172W,YLR330W,5.751204525950016e-07
YNL172W,YBR129C,0.0029801116324961185
YNL172W,YKR095W-A,0.2020167112350464
YNL172W,YPR075C,2.8161874070065096e-05
YNL172W,YMR198W,1.0196898436731772e-08
YNL172W,YOR127W,0.016305897384881973
YNL172W,YDR264C,3.5174788082237285e-10
YNL172W,YLR110C,2.7343837700755103e-06
YNL172W,YDR379W,7.249830596967044e-11
YNL172W,YDL100C,5.234289564282069e-12
YNL172W,YHR073W,0.00011326234380248934
YNL172W,YJR090C,0.00037498539313673973
YNL172W,YOR208W,1.7747415768099017e-05
YNL172W,YBR040W,1.0426045946587692e-06
YNL172W,YNL279W,0.31733718514442444
YNL172W,YER075C,3.4446187568981657e-10
YNL172W,YCR089W,0.002343634143471718
YNL172W,YCR002C,0.0003972455160692334
YNL172W,YJL108C,0.004546129144728184
YNL172W,YBR200W,2.0968780489738492e-08
YNL172W,YIL026C,0.03786228597164154
YNL172W,YJR076C,3.717376184653176e-09
YNL172W,YKR031C,7.489806012017652e-05
YNL172W,YPL192C,0.19755996763706207
YNL172W,YHR107C,1.120358361639262e-09
YNL172W,YIL037C,0.0028089762199670076
YNL172W,YPL156C,0.07789916545152664
YNL172W,YIL117C,0.002255619503557682
YNL172W,YHR066W,5.889788118074732e-15
YNL172W,YML085C,2.5148390704998747e-05
YNL172W,YML047C,0.0033208285458385944
YNL172W,YDR312W,2.720738523365185e-09
YNL172W,YFL037W,0.00015890524082351476
YNL172W,YDL038C,0.2020167112350464
YNL172W,YDL039C,2.3981699872471784e-12
YNL172W,YCL027W,3.4181643626673974e-10
YNL172W,YML124C,1.597963574795358e-07
YNL172W,YGL053W,1.782376202186242e-08
YNL172W,YMR232W,0.44484463334083557
YNL172W,YNL298W,0.332293838262558
YNL172W,YGL099W,4.421158106282519e-09
YNL172W,YBL016W,8.872138579363309e-09
YNL172W,YAL041W,3.753505506409738e-09
YNL172W,YDR085C,9.53614289755933e-07
YNL172W,YPL187W,0.001376688596792519
YNL172W,YPL256C,2.2277841793538755e-09
YNL172W,YDR461W,1.3836058769811643e-06
YNL172W,YNL145W,5.372929098163004e-12
YDR503C,YDL165W,1.7894066672852205e-08
YDR503C,YGR059W,9.54524125518219e-07
YDR503C,YBR109C,0.00040408779750578105
YDR503C,YJL080C,7.312216387944659e-10
YDR503C,YCR093W,1.0124380445120096e-08
YDR503C,YIL122W,0.00011636644194368273
YDR503C,YCL029C,3.1194311578275347e-09
YDR503C,YNL173C,0.447322279214859
YDR503C,YLR452C,6.003477892591036e-07
YDR503C,YDL160C,1.6201430526052718e-06
YDR503C,YLR229C,0.08486367017030716
YDR503C,YML057W,4.618239818343639e-12
YDR503C,YER149C,1.6607918951194733e-05
YDR503C,YMR305C,5.546128226813218e-12
YDR503C,YLR433C,6.833314546383917e-05
YDR503C,YJL073W,6.967470085042157e-14
YDR503C,YGR279C,1.5898510810075095e-06
YDR503C,YKL190W,7.228660336977555e-08
YDR503C,YGL089C,5.796107416244922e-06
YDR503C,YJL019W,2.285417366465481e-07
YDR503C,YJL018W,0.0016540641663596034
YDR503C,YNR032C-A,1.000886072688445e-06
YDR503C,YGL178W,8.917725224932838e-09
YDR503C,YKL116C,2.4093708361760946e-08
YDR503C,YDL214C,0.09065862745046616
YDR503C,YLR362W,2.582689270780314e-12
YDR503C,YER068W,1.759069638100619e-15
YDR503C,YHR084W,1.3075557035335805e-05
YDR503C,YDR392W,2.1285380775639952e-16
YDR503C,YNL053W,0.0005702450289390981
YDR503C,YGR040W,2.410815068287775e-05
YDR503C,YDL216C,6.470480911957566e-06
YDR503C,YOL117W,3.839954842987936e-08
YDR503C,YJR086W,0.8182073831558228
YDR503C,YMR025W,0.00981537252664566
YDR503C,YBR081C,8.856883559893447e-10
YDR503C,YFL026W,0.13559408485889435
YDR503C,YHL007C,1.948547456742146e-14
YDR503C,YNR044W,2.936063719971571e-05
YDR503C,YNL271C,0.9505805373191833
YDR503C,YDR200C,5.689798632246834e-10
YDR503C,YKL178C,0.3797706067562103
YDR503C,YOR212W,7.52713503970881e-06
YDR503C,YOL111C,1.7807678664993887e-09
YDR503C,YGL032C,6.420776480808854e-05
YDR503C,YHR005C,4.8563466407358646e-05
YDR503C,YDR103W,2.613794958250537e-09
YDR503C,YJR084W,7.972649655130226e-06
YDR503C,YCL032W,3.0918749782671284e-09
YDR503C,YJL170C,1.7776862648588576e-07
YDR503C,YDR179C,8.032778714550659e-05
YDR503C,YBR095C,2.1579879216915288e-08
YDR503C,YLL021W,1.8595264217324825e-10
YDR503C,YDL159W,1.949456773786551e-08
YDR503C,YNL161W,0.00019782737945206463
YDR503C,YNL188W,1.145104306488065e-06
YDR503C,YJL157C,0.0003961457696277648
YDR503C,YJL034W,5.624622336354405e-15
YDR503C,YLR238W,4.489768556936724e-10
YDR503C,YPR141C,0.00026228008209727705
YDR503C,YNL127W,4.9568079703021795e-06
YDR503C,YCL055W,2.3587888975384885e-08
YDR503C,YPR122W,7.659521543246228e-06
YDR503C,YMR065W,1.0691797797335312e-05
YDR503C,YDR356W,1.586402453845892e-09
YDR503C,YMR052W,2.236179241776881e-09
YDR503C,YFR008W,5.537334004657168e-07
YDR503C,YLL043W,0.0012906036572530866
YDR503C,YMR029C,5.49366374613669e-09
YDR503C,YJR004C,8.84566361492034e-06
YDR503C,YDL223C,1.2802790945454223e-11
YDR503C,YHR158C,6.462926194217289e-06
YDR503C,YGR238C,3.35111326421611e-05
YDR503C,YIL015W,0.5269508361816406
YDR503C,YGL173C,2.5447760565455724e-10
YDR503C,YDL225W,2.7841937089156943e-11
YDR503C,YLR330W,0.005278551485389471
YDR503C,YBR129C,2.7941727154257023e-08
YDR503C,YKR095W-A,0.2020167112350464
YDR503C,YPR075C,5.448003648211852e-08
YDR503C,YMR198W,7.6271135185379535e-06
YDR503C,YOR127W,1.187626253340568e-06
YDR503C,YDR264C,1.2875921162613935e-10
YDR503C,YLR110C,0.00024150434182956815
YDR503C,YDR379W,6.914779078215361e-06
YDR503C,YDL100C,2.1680333309875843e-12
YDR503C,YHR073W,4.0222497700893325e-16
YDR503C,YJR090C,6.596137525072265e-11
YDR503C,YOR208W,2.1444328043439438e-14
YDR503C,YBR040W,9.915557711792644e-06
YDR503C,YNL279W,0.00012442357547115535
YDR503C,YER075C,9.568174296490164e-14
YDR503C,YCR089W,2.285169557580957e-06
YDR503C,YCR002C,0.0006872339290566742
YDR503C,YJL108C,5.355782549225363e-15
YDR503C,YBR200W,1.0499599056856823e-07
YDR503C,YIL026C,0.0004169954627286643
YDR503C,YJR076C,1.589683571411038e-12
YDR503C,YKR031C,8.337935923918849e-07
YDR503C,YPL192C,2.3115303074416893e-11
YDR503C,YHR107C,9.953238233606498e-10
YDR503C,YIL037C,0.00017040548846125603
YDR503C,YPL156C,1.0477844625711441e-05
YDR503C,YIL117C,6.009795661338427e-14
YDR503C,YHR066W,1.5154127798733644e-22
YDR503C,YML085C,8.519967877873569e-07
YDR503C,YML047C,0.8480284214019775
YDR503C,YDR312W,2.1324415844237166e-10
YDR503C,YFL037W,3.847440439130878e-06
YDR503C,YDL038C,0.2020167112350464
YDR503C,YDL039C,3.0961644951823193e-17
YDR503C,YCL027W,1.2400136029100395e-07
YDR503C,YML124C,8.119891390379053e-06
YDR503C,YGL053W,4.5408216076125996e-10
YDR503C,YMR232W,0.0004227900644764304
YDR503C,YNL298W,1.5175926921379146e-12
YDR503C,YGL099W,3.1321727260379367e-16
YDR503C,YBL016W,1.345468320090859e-10
YDR503C,YAL041W,1.4096149377959555e-12
YDR503C,YDR085C,2.082304490613751e-05
YDR503C,YPL187W,6.474495603470132e-05
YDR503C,YPL256C,6.48025024929666e-06
YDR503C,YDR461W,0.004959914833307266
YDR503C,YNL145W,1.920373961183941e-06
YEL054C,YDL165W,2.509805199224502e-07
YEL054C,YGR059W,2.7241041453823778e-12
YEL054C,YBR109C,0.002233954146504402
YEL054C,YJL080C,0.0015315857017412782
YEL054C,YCR093W,0.00015482964226976037
YEL054C,YIL122W,4.167612246419594e-07
YEL054C,YCL029C,5.026995833490311e-11
YEL054C,YNL173C,0.06668867915868759
YEL054C,YLR452C,0.0034983132500201464
YEL054C,YDL160C,0.9663476943969727
YEL054C,YLR229C,0.00045697929454036057
YEL054C,YML057W,5.64757521861549e-18
YEL054C,YER149C,0.00016664086433593184
YEL054C,YMR305C,1.0578422688922728e-06
YEL054C,YLR433C,0.00010794029367389157
YEL054C,YJL073W,2.655158368725097e-07
YEL054C,YGR279C,1.7132695973032241e-07
YEL054C,YKL190W,0.00038125066203065217
YEL054C,YGL089C,4.5733628212474287e-05
YEL054C,YJL019W,0.9790008664131165
YEL054C,YJL018W,0.00019773365056607872
YEL054C,YNR032C-A,0.12612007558345795
YEL054C,YGL178W,9.53136347625616e-10
YEL054C,YKL116C,3.0410727104926427e-13
YEL054C,YDL214C,0.00012701516970992088
YEL054C,YLR362W,4.761448124668277e-09
YEL054C,YER068W,5.760394287790405e-06
YEL054C,YHR084W,1.2345260074653197e-05
YEL054C,YDR392W,3.166615636374104e-09
YEL054C,YNL053W,3.875194332092491e-10
YEL054C,YGR040W,2.3642742235097103e-06
YEL054C,YDL216C,0.0002578753337729722
YEL054C,YOL117W,5.004818259178806e-15
YEL054C,YJR086W,0.4197330176830292
YEL054C,YMR025W,0.9869773983955383
YEL054C,YBR081C,0.0025152736343443394
YEL054C,YFL026W,0.05223766714334488
YEL054C,YHL007C,1.80440194036402e-11
YEL054C,YNR044W,0.9781623482704163
YEL054C,YNL271C,1.863700383256117e-12
YEL054C,YDR200C,0.0023647916968911886
YEL054C,YKL178C,4.982400241715368e-06
YEL054C,YOR212W,5.062000582256587e-06
YEL054C,YOL111C,2.4156132267328916e-17
YEL054C,YGL032C,0.3721083402633667
YEL054C,YHR005C,0.0001111258243327029
YEL054C,YDR103W,0.0023658876307308674
YEL054C,YJR084W,6.627240509260446e-05
YEL054C,YCL032W,2.083213388459626e-07
YEL054C,YJL170C,0.742510199546814
YEL054C,YDR179C,2.3956761574517316e-10
YEL054C,YBR095C,8.605134644312784e-05
YEL054C,YLL021W,0.0002132426598109305
YEL054C,YDL159W,2.288688986593068e-13
YEL054C,YNL161W,2.386833273249067e-07
YEL054C,YNL188W,0.04184328764677048
YEL054C,YJL157C,7.455889772245428e-08
YEL054C,YJL034W,3.625702412930273e-22
YEL054C,YLR238W,0.15400542318820953
YEL054C,YPR141C,5.69330417228911e-14
YEL054C,YNL127W,0.08860786259174347
YEL054C,YCL055W,1.990457630532752e-14
YEL054C,YPR122W,3.154589285259135e-05
YEL054C,YMR065W,0.8554844856262207
YEL054C,YDR356W,1.1523436427296474e-08
YEL054C,YMR052W,3.3179105296543554e-11
YEL054C,YFR008W,1.978691216208972e-05
YEL054C,YLL043W,4.70685381515068e-06
YEL054C,YMR029C,0.00019168081053067
YEL054C,YJR004C,9.22018106308542e-09
YEL054C,YDL223C,6.661622726703732e-21
YEL054C,YHR158C,0.08805716037750244
YEL054C,YGR238C,6.9771620054312304e-15
YEL054C,YIL015W,0.9999998807907104
YEL054C,YGL173C,1.6883074067663983e-06
YEL054C,YDL225W,7.098766019453251e-11
YEL054C,YLR330W,1.1986123205076638e-10
YEL054C,YBR129C,0.00202380632981658
YEL054C,YKR095W-A,0.2020167112350464
YEL054C,YPR075C,2.1071316913534588e-10
YEL054C,YMR198W,0.000813339080195874
YEL054C,YOR127W,1.1668663431330106e-11
YEL054C,YDR264C,4.021487309824323e-10
YEL054C,YLR110C,4.176884185747021e-11
YEL054C,YDR379W,0.0003213930467609316
YEL054C,YDL100C,4.3579789776870825e-10
YEL054C,YHR073W,1.6126831425822274e-08
YEL054C,YJR090C,7.750267286610324e-06
YEL054C,YOR208W,0.0812225490808487
YEL054C,YBR040W,0.0015467287739738822
YEL054C,YNL279W,0.0006231990992091596
YEL054C,YER075C,1.0904697091973503e-06
YEL054C,YCR089W,7.955604175435838e-09
YEL054C,YCR002C,3.440795580900158e-06
YEL054C,YJL108C,0.33206066489219666
YEL054C,YBR200W,2.235104767933649e-09
YEL054C,YIL026C,1.752089471192868e-17
YEL054C,YJR076C,0.011509754694998264
YEL054C,YKR031C,0.811603844165802
YEL054C,YPL192C,0.17965374886989594
YEL054C,YHR107C,0.022190088406205177
YEL054C,YIL037C,0.0009519214509055018
YEL054C,YPL156C,2.576239488405463e-08
YEL054C,YIL117C,5.781976980534509e-11
YEL054C,YHR066W,2.1106779908244442e-15
YEL054C,YML085C,0.000537501007784158
YEL054C,YML047C,0.9998917579650879
YEL054C,YDR312W,9.73093676748249e-08
YEL054C,YFL037W,0.009975235909223557
YEL054C,YDL038C,0.2020167112350464
YEL054C,YDL039C,2.0304999001630186e-12
YEL054C,YCL027W,4.486004456794035e-09
YEL054C,YML124C,5.068300779065282e-10
YEL054C,YGL053W,1.450324416119031e-09
YEL054C,YMR232W,0.9996592998504639
YEL054C,YNL298W,0.0002214459382230416
YEL054C,YGL099W,6.404885510846725e-08
YEL054C,YBL016W,6.135562977821474e-12
YEL054C,YAL041W,1.252862062983695e-07
YEL054C,YDR085C,3.265389523221529e-07
YEL054C,YPL187W,1.0956004992124235e-08
YEL054C,YPL256C,1.3294729032942154e-11
YEL054C,YDR461W,9.468966766235098e-08
YEL054C,YNL145W,2.6588935497784405e-07
YEL031W,YDL165W,8.507563008025229e-14
YEL031W,YGR059W,0.3457375466823578
YEL031W,YBR109C,3.7799969732077443e-07
YEL031W,YJL080C,6.2133809208830826e-09
YEL031W,YCR093W,5.191867558096419e-07
YEL031W,YIL122W,0.000782895484007895
YEL031W,YCL029C,1.7926910227551024e-14
YEL031W,YNL173C,2.054104334092699e-05
YEL031W,YLR452C,2.441730373448081e-07
YEL031W,YDL160C,0.001914336928166449
YEL031W,YLR229C,0.00035798721364699304
YEL031W,YML057W,6.05902064632069e-11
YEL031W,YER149C,1.549935113587253e-08
YEL031W,YMR305C,1.3332839721158507e-08
YEL031W,YLR433C,5.728785890113386e-09
YEL031W,YJL073W,6.133664687268947e-09
YEL031W,YGR279C,1.2773822163580917e-05
YEL031W,YKL190W,9.2547152164002e-09
YEL031W,YGL089C,0.008307980373501778
YEL031W,YJL019W,1.1104873010481242e-05
YEL031W,YJL018W,0.2020167112350464
YEL031W,YNR032C-A,0.9443063139915466
YEL031W,YGL178W,2.5912207490819128e-08
YEL031W,YKL116C,2.8394797482178546e-06
YEL031W,YDL214C,3.1812537049091816e-09
YEL031W,YLR362W,2.4096349915403437e-10
YEL031W,YER068W,2.8343316671453067e-07
YEL031W,YHR084W,0.001475559314712882
YEL031W,YDR392W,1.860438331169334e-10
YEL031W,YNL053W,2.692550822303019e-07
YEL031W,YGR040W,0.8513852953910828
YEL031W,YDL216C,0.0006775266956537962
YEL031W,YOL117W,1.3143219845801468e-08
YEL031W,YJR086W,0.0047314041294157505
YEL031W,YMR025W,3.227801359528826e-10
YEL031W,YBR081C,6.024363756296225e-05
YEL031W,YFL026W,4.909845756628783e-07
YEL031W,YHL007C,4.457255311368646e-12
YEL031W,YNR044W,3.596734359234688e-07
YEL031W,YNL271C,0.00014541985001415014
YEL031W,YDR200C,5.1792092563118786e-05
YEL031W,YKL178C,2.0195349392793105e-08
YEL031W,YOR212W,6.522246849272051e-07
YEL031W,YOL111C,3.3678534236969426e-06
YEL031W,YGL032C,0.02006308175623417
YEL031W,YHR005C,1.1764386727008969e-05
YEL031W,YDR103W,1.072507984645199e-07
YEL031W,YJR084W,0.02611757442355156
YEL031W,YCL032W,0.00023693959519732744
YEL031W,YJL170C,7.095240395216251e-09
YEL031W,YDR179C,1.0886318705161102e-05
YEL031W,YBR095C,1.0200588068448244e-13
YEL031W,YLL021W,1.568228356063628e-07
YEL031W,YDL159W,0.0005523217841982841
YEL031W,YNL161W,1.1518901743556853e-07
YEL031W,YNL188W,6.769870651623933e-06
YEL031W,YJL157C,0.00020032170868944377
YEL031W,YJL034W,1.1778375608173519e-07
YEL031W,YLR238W,0.0017031229799613357
YEL031W,YPR141C,1.3245069971357104e-11
YEL031W,YNL127W,0.0033956519328057766
YEL031W,YCL055W,2.0524805677268887e-06
YEL031W,YPR122W,1.6614528703939868e-06
YEL031W,YMR065W,3.86264655389823e-05
YEL031W,YDR356W,7.654449518668116e-09
YEL031W,YMR052W,0.00019010530377272516
YEL031W,YFR008W,0.01215197704732418
YEL031W,YLL043W,1.9055531765843625e-06
YEL031W,YMR029C,2.488403424649732e-06
YEL031W,YJR004C,5.291693194742209e-10
YEL031W,YDL223C,7.319395090021885e-12
YEL031W,YHR158C,6.320153733696543e-09
YEL031W,YGR238C,3.611421334426268e-06
YEL031W,YIL015W,0.0002746436803136021
YEL031W,YGL173C,8.298228921273181e-17
YEL031W,YDL225W,2.2527947389494596e-12
YEL031W,YLR330W,4.9014306569006294e-05
YEL031W,YBR129C,3.6889888921365355e-09
YEL031W,YKR095W-A,0.2020167112350464
YEL031W,YPR075C,0.004529775585979223
YEL031W,YMR198W,3.623959812792954e-11
YEL031W,YOR127W,2.718164978432469e-06
YEL031W,YDR264C,5.410047378973104e-07
YEL031W,YLR110C,0.0011780227068811655
YEL031W,YDR379W,1.3364022111161944e-09
YEL031W,YDL100C,0.012390295043587685
YEL031W,YHR073W,3.2136563277163077e-06
YEL031W,YJR090C,5.5097766626932554e-11
YEL031W,YOR208W,6.987830453164534e-11
YEL031W,YBR040W,0.00805617868900299
YEL031W,YNL279W,0.08197265863418579
YEL031W,YER075C,3.6117246509093093e-06
YEL031W,YCR089W,6.421037141990382e-07
YEL031W,YCR002C,0.009535104967653751
YEL031W,YJL108C,0.42031314969062805
YEL031W,YBR200W,5.600330865718206e-08
YEL031W,YIL026C,6.18689384168647e-08
YEL031W,YJR076C,3.491538564048824e-06
YEL031W,YKR031C,9.39209932049323e-10
YEL031W,YPL192C,0.021705228835344315
YEL031W,YHR107C,5.132068103819165e-09
YEL031W,YIL037C,2.6057381319333217e-07
YEL031W,YPL156C,2.688175548826166e-08
YEL031W,YIL117C,1.3797961173622753e-07
YEL031W,YHR066W,3.0697253626223176e-18
YEL031W,YML085C,0.00020401281653903425
YEL031W,YML047C,0.00030146646895445883
YEL031W,YDR312W,4.418268702288675e-12
YEL031W,YFL037W,2.045487690338632e-07
YEL031W,YDL038C,0.2020167112350464
YEL031W,YDL039C,4.40663738138225e-12
YEL031W,YCL027W,1.4974048667681927e-09
YEL031W,YML124C,1.2699092621915042e-06
YEL031W,YGL053W,2.0313483967832058e-12
YEL031W,YMR232W,1.060640908434607e-09
YEL031W,YNL298W,1.8573085291961888e-09
YEL031W,YGL099W,4.0832834617872404e-13
YEL031W,YBL016W,8.569420672198402e-13
YEL031W,YAL041W,2.3204886019811966e-05
YEL031W,YDR085C,1.2940420436591271e-11
YEL031W,YPL187W,0.00041698251152411103
YEL031W,YPL256C,6.453426522057271e-07
YEL031W,YDR461W,1.0233841294393642e-06
YEL031W,YNL145W,8.003479160834104e-05
YHR214C-B,YDL165W,1.469277824406312e-12
YHR214C-B,YGR059W,1.5097311006684322e-05
YHR214C-B,YBR109C,1.809145146580704e-06
YHR214C-B,YJL080C,0.04189975932240486
YHR214C-B,YCR093W,1.7212943248523516e-06
YHR214C-B,YIL122W,9.142498313963188e-09
YHR214C-B,YCL029C,9.352056906664075e-10
YHR214C-B,YNL173C,3.2689080609049626e-11
YHR214C-B,YLR452C,3.7041330831592834e-13
YHR214C-B,YDL160C,8.957542485532599e-10
YHR214C-B,YLR229C,0.0005605662590824068
YHR214C-B,YML057W,9.47659160033254e-08
YHR214C-B,YER149C,3.049978269942244e-09
YHR214C-B,YMR305C,8.455379408786601e-13
YHR214C-B,YLR433C,1.0278795343765523e-06
YHR214C-B,YJL073W,9.731090239162299e-11
YHR214C-B,YGR279C,3.127651950762811e-07
YHR214C-B,YKL190W,0.660106897354126
YHR214C-B,YGL089C,3.134749348987498e-08
YHR214C-B,YJL019W,8.755792890724479e-08
YHR214C-B,YJL018W,0.2020167112350464
YHR214C-B,YNR032C-A,0.01771068014204502
YHR214C-B,YGL178W,3.297316425232566e-06
YHR214C-B,YKL116C,3.0300215461687152e-12
YHR214C-B,YDL214C,0.007615651469677687
YHR214C-B,YLR362W,2.7748069442168344e-07
YHR214C-B,YER068W,5.3986359789060315e-14
YHR214C-B,YHR084W,2.37115305168345e-08
YHR214C-B,YDR392W,3.338120180274018e-08
YHR214C-B,YNL053W,0.042631130665540695
YHR214C-B,YGR040W,1.4555768146351511e-08
YHR214C-B,YDL216C,1.2746053471346386e-05
YHR214C-B,YOL117W,3.8550840031348343e-07
YHR214C-B,YJR086W,6.417572584460629e-10
YHR214C-B,YMR025W,9.413542102265637e-06
YHR214C-B,YBR081C,0.0004299875581637025
YHR214C-B,YFL026W,2.5242850032469732e-09
YHR214C-B,YHL007C,1.0174944654189888e-12
YHR214C-B,YNR044W,1.004719138109067e-06
YHR214C-B,YNL271C,7.260341226356104e-05
YHR214C-B,YDR200C,4.2226416807622513e-10
YHR214C-B,YKL178C,9.649756549379163e-09
YHR214C-B,YOR212W,4.2785432015080005e-06
YHR214C-B,YOL111C,0.0007307773339562118
YHR214C-B,YGL032C,4.1792812766061616e-08
YHR214C-B,YHR005C,5.030911798264981e-10
YHR214C-B,YDR103W,0.000762901792768389
YHR214C-B,YJR084W,2.003050030907616e-05
YHR214C-B,YCL032W,1.5875935982512246e-11
YHR214C-B,YJL170C,0.0014598859706893563
YHR214C-B,YDR179C,1.94268091036065e-06
YHR214C-B,YBR095C,1.0463729438470182e-08
YHR214C-B,YLL021W,0.1285407543182373
YHR214C-B,YDL159W,3.689388239358493e-10
YHR214C-B,YNL161W,1.3736461369262543e-05
YHR214C-B,YNL188W,6.3511433836538345e-06
YHR214C-B,YJL157C,5.86220494369627e-06
YHR214C-B,YJL034W,1.112539060876827e-09
YHR214C-B,YLR238W,3.970445686718449e-05
YHR214C-B,YPR141C,5.2266423153923824e-05
YHR214C-B,YNL127W,2.928427988990734e-07
YHR214C-B,YCL055W,2.7891410070424172e-08
YHR214C-B,YPR122W,1.7154621473336462e-11
YHR214C-B,YMR065W,6.780712737963768e-06
YHR214C-B,YDR356W,4.631914634956047e-06
YHR214C-B,YMR052W,5.468914423545357e-07
YHR214C-B,YFR008W,1.0396805194545777e-08
YHR214C-B,YLL043W,0.1046934723854065
YHR214C-B,YMR029C,8.923663132216764e-13
YHR214C-B,YJR004C,2.6137886299792967e-10
YHR214C-B,YDL223C,2.9284017728059553e-05
YHR214C-B,YHR158C,4.977503976988373e-06
YHR214C-B,YGR238C,2.3684364691689552e-08
YHR214C-B,YIL015W,7.892844587331638e-05
YHR214C-B,YGL173C,9.800067346077412e-05
YHR214C-B,YDL225W,1.018270971014923e-12
YHR214C-B,YLR330W,1.0182278353809693e-09
YHR214C-B,YBR129C,1.0636513891881805e-09
YHR214C-B,YKR095W-A,0.2020167112350464
YHR214C-B,YPR075C,7.389247091808826e-13
YHR214C-B,YMR198W,1.957531879648311e-11
YHR214C-B,YOR127W,8.622861059848219e-05
YHR214C-B,YDR264C,4.483037281582448e-16
YHR214C-B,YLR110C,8.039936801651493e-05
YHR214C-B,YDR379W,9.5732410443361e-08
YHR214C-B,YDL100C,4.62297897445979e-13
YHR214C-B,YHR073W,1.1108257647052255e-09
YHR214C-B,YJR090C,4.5996983999430086e-09
YHR214C-B,YOR208W,4.4012534061721453e-08
YHR214C-B,YBR040W,1.4971520840845187e-06
YHR214C-B,YNL279W,8.231631198896139e-08
YHR214C-B,YER075C,0.00029115736833773553
YHR214C-B,YCR089W,4.545054821392114e-07
YHR214C-B,YCR002C,2.463818589149014e-07
YHR214C-B,YJL108C,0.002861559623852372
YHR214C-B,YBR200W,3.237720855309156e-11
YHR214C-B,YIL026C,5.9411565445088854e-08
YHR214C-B,YJR076C,1.2862703790972319e-08
YHR214C-B,YKR031C,2.7150534151587635e-05
YHR214C-B,YPL192C,8.705486465032664e-08
YHR214C-B,YHR107C,0.09908134490251541
YHR214C-B,YIL037C,1.2872612842329545e-07
YHR214C-B,YPL156C,5.331105421646498e-05
YHR214C-B,YIL117C,5.9939448959767105e-09
YHR214C-B,YHR066W,4.849277988709655e-13
YHR214C-B,YML085C,2.458365270285867e-05
YHR214C-B,YML047C,1.0877058975733433e-10
YHR214C-B,YDR312W,2.5627921659832076e-11
YHR214C-B,YFL037W,2.7373391276341863e-05
YHR214C-B,YDL038C,0.2020167112350464
YHR214C-B,YDL039C,1.9139673179680017e-10
YHR214C-B,YCL027W,2.89701688416244e-07
YHR214C-B,YML124C,3.268771706643747e-06
YHR214C-B,YGL053W,8.7851742591738e-07
YHR214C-B,YMR232W,1.6884732758626342e-06
YHR214C-B,YNL298W,4.636668653190679e-12
YHR214C-B,YGL099W,9.66572777372221e-09
YHR214C-B,YBL016W,3.4747893096209737e-07
YHR214C-B,YAL041W,3.765114442444428e-09
YHR214C-B,YDR085C,6.240313723537838e-07
YHR214C-B,YPL187W,1.3398516784945969e-05
YHR214C-B,YPL256C,2.3564136881759623e-06
YHR214C-B,YDR461W,4.8639186428500736e-11
YHR214C-B,YNL145W,0.00015998024900909513
YML073C,YDL165W,0.015615272335708141
YML073C,YGR059W,1.922417780519936e-11
YML073C,YBR109C,8.564267659494362e-07
YML073C,YJL080C,2.4886594474082813e-07
YML073C,YCR093W,1.2275477274670266e-05
YML073C,YIL122W,0.004908500239253044
YML073C,YCL029C,3.605311714319562e-14
YML073C,YNL173C,0.1863197535276413
YML073C,YLR452C,0.0020514423958957195
YML073C,YDL160C,3.5672812259690545e-07
YML073C,YLR229C,9.698325698082044e-08
YML073C,YML057W,1.2794784329250852e-11
YML073C,YER149C,6.981006350770258e-08
YML073C,YMR305C,2.537789001166857e-08
YML073C,YLR433C,2.3653069547435734e-06
YML073C,YJL073W,2.519996314731543e-06
YML073C,YGR279C,2.3313882380193718e-08
YML073C,YKL190W,1.1533728247647786e-19
YML073C,YGL089C,0.3272702395915985
YML073C,YJL019W,0.027286840602755547
YML073C,YJL018W,0.2020167112350464
YML073C,YNR032C-A,0.0016748839989304543
YML073C,YGL178W,3.800017441487366e-17
YML073C,YKL116C,2.739824367381516e-09
YML073C,YDL214C,1.0322901289328001e-05
YML073C,YLR362W,3.200014142556995e-10
YML073C,YER068W,2.8450418909642394e-08
YML073C,YHR084W,1.1677497013806715e-06
YML073C,YDR392W,0.00012170436821179464
YML073C,YNL053W,2.115287979498337e-12
YML073C,YGR040W,0.003234913107007742
YML073C,YDL216C,3.3183818106546914e-13
YML073C,YOL117W,2.9573804342930554e-13
YML073C,YJR086W,0.028319330886006355
YML073C,YMR025W,2.5749146516318433e-05
YML073C,YBR081C,6.3898949065333e-07
YML073C,YFL026W,0.03089982643723488
YML073C,YHL007C,2.5250663782117044e-08
YML073C,YNR044W,0.10581518709659576
YML073C,YNL271C,7.479696364498523e-07
YML073C,YDR200C,1.650976355627165e-09
YML073C,YKL178C,3.603495626891551e-11
YML073C,YOR212W,8.591134470492534e-10
YML073C,YOL111C,1.3474039592398235e-11
YML073C,YGL032C,0.00012414981028996408
YML073C,YHR005C,0.9981471300125122
YML073C,YDR103W,0.9688460230827332
YML073C,YJR084W,1.3671230814082946e-10
YML073C,YCL032W,2.107366903203456e-08
YML073C,YJL170C,0.002544221468269825
YML073C,YDR179C,4.023232268168808e-12
YML073C,YBR095C,0.12257621437311172
YML073C,YLL021W,1.6119356283789132e-12
YML073C,YDL159W,2.7334925434274737e-09
YML073C,YNL161W,0.003324955003336072
YML073C,YNL188W,0.002703621983528137
YML073C,YJL157C,6.142399342934368e-06
YML073C,YJL034W,2.7014617663150453e-16
YML073C,YLR238W,3.706526695168577e-05
YML073C,YPR141C,9.526468596453026e-15
YML073C,YNL127W,2.8968208425794728e-05
YML073C,YCL055W,6.508986925835014e-12
YML073C,YPR122W,6.667131913218327e-08
YML073C,YMR065W,1.6671810953994282e-06
YML073C,YDR356W,8.517107517036493e-07
YML073C,YMR052W,0.0016966735711321235
YML073C,YFR008W,4.707699119421704e-09
YML073C,YLL043W,9.571267957275069e-16
YML073C,YMR029C,5.822214932393877e-11
YML073C,YJR004C,3.6406738217920065e-05
YML073C,YDL223C,1.0902349040904302e-19
YML073C,YHR158C,0.0005793157033622265
YML073C,YGR238C,1.5601641090157159e-09
YML073C,YIL015W,0.8055388927459717
YML073C,YGL173C,0.9770535826683044
YML073C,YDL225W,5.832791066495702e-05
YML073C,YLR330W,3.9576107148386885e-12
YML073C,YBR129C,0.0313231498003006
YML073C,YKR095W-A,0.2020167112350464
YML073C,YPR075C,5.024092794987321e-18
YML073C,YMR198W,0.0028912548441439867
YML073C,YOR127W,3.919818671347911e-18
YML073C,YDR264C,7.755725891427177e-15
YML073C,YLR110C,1.1439229563592335e-09
YML073C,YDR379W,0.5156213045120239
YML073C,YDL100C,2.4951497465397487e-11
YML073C,YHR073W,2.8191638341270794e-14
YML073C,YJR090C,0.017989996820688248
YML073C,YOR208W,6.28610905550886e-08
YML073C,YBR040W,0.19838345050811768
YML073C,YNL279W,6.030703714188235e-11
YML073C,YER075C,2.9718736360706544e-09
YML073C,YCR089W,0.3827541470527649
YML073C,YCR002C,4.406223979458446e-06
YML073C,YJL108C,0.0005466504371725023
YML073C,YBR200W,7.468676699318166e-07
YML073C,YIL026C,1.4701061201716215e-10
YML073C,YJR076C,0.018130462616682053
YML073C,YKR031C,1.4609831850975752e-06
YML073C,YPL192C,4.899836494587362e-05
YML073C,YHR107C,0.17929798364639282
YML073C,YIL037C,0.1114448606967926
YML073C,YPL156C,6.934118612633711e-09
YML073C,YIL117C,2.629872319914739e-09
YML073C,YHR066W,2.488685290019752e-15
YML073C,YML085C,1.8220710136110454e-26
YML073C,YML047C,0.9991706609725952
YML073C,YDR312W,5.0654906935676536e-09
YML073C,YFL037W,9.38185075938236e-06
YML073C,YDL038C,0.2020167112350464
YML073C,YDL039C,5.103430698871758e-12
YML073C,YCL027W,1.9327784164802075e-11
YML073C,YML124C,4.219228180886001e-21
YML073C,YGL053W,4.597004743013555e-13
YML073C,YMR232W,0.9999961853027344
YML073C,YNL298W,0.00023129110923036933
YML073C,YGL099W,2.2561060575299052e-08
YML073C,YBL016W,1.6220236959130219e-12
YML073C,YAL041W,0.00048786477418616414
YML073C,YDR085C,4.0533951306542804e-08
YML073C,YPL187W,4.688415356213227e-05
YML073C,YPL256C,8.549804032885033e-15
YML073C,YDR461W,7.922313670860603e-05
YML073C,YNL145W,4.079185253469397e-11
YGR197C,YDL165W,1.359012620320843e-12
YGR197C,YGR059W,8.22356511775979e-08
YGR197C,YBR109C,5.154888782499256e-08
YGR197C,YJL080C,1.8732233924178124e-19
YGR197C,YCR093W,0.2143058180809021
YGR197C,YIL122W,3.082315015490167e-05
YGR197C,YCL029C,4.345791435045321e-11
YGR197C,YNL173C,0.6541755199432373
YGR197C,YLR452C,0.00033169452217407525
YGR197C,YDL160C,9.647293808257018e-08
YGR197C,YLR229C,1.816781569630166e-08
YGR197C,YML057W,0.007930953055620193
YGR197C,YER149C,0.00032224718597717583
YGR197C,YMR305C,5.8301904970470275e-12
YGR197C,YLR433C,0.09744041413068771
YGR197C,YJL073W,3.742490404781202e-16
YGR197C,YGR279C,0.00010242137796012685
YGR197C,YKL190W,5.624834365641762e-12
YGR197C,YGL089C,7.906879909569398e-05
YGR197C,YJL019W,1.5261639418895356e-06
YGR197C,YJL018W,0.15974821150302887
YGR197C,YNR032C-A,0.004031292628496885
YGR197C,YGL178W,1.3570112059824169e-05
YGR197C,YKL116C,7.273213697978065e-10
YGR197C,YDL214C,1.0043210707522121e-09
YGR197C,YLR362W,1.9458939667926778e-12
YGR197C,YER068W,5.416680992631484e-12
YGR197C,YHR084W,0.009193810634315014
YGR197C,YDR392W,1.20140117472467e-12
YGR197C,YNL053W,0.18637657165527344
YGR197C,YGR040W,0.13409210741519928
YGR197C,YDL216C,0.000695661932695657
YGR197C,YOL117W,0.005224951542913914
YGR197C,YJR086W,5.985864581781186e-10
YGR197C,YMR025W,5.756873378004457e-08
YGR197C,YBR081C,5.58908395760227e-05
YGR197C,YFL026W,5.399395860972156e-11
YGR197C,YHL007C,3.994434720055312e-13
YGR197C,YNR044W,2.0056738492257864e-07
YGR197C,YNL271C,4.1040311771212146e-06
YGR197C,YDR200C,6.326633439357465e-08
YGR197C,YKL178C,1.1633762841967155e-09
YGR197C,YOR212W,5.398512747945006e-10
YGR197C,YOL111C,1.334368675998121e-06
YGR197C,YGL032C,5.686380186165074e-14
YGR197C,YHR005C,0.39147865772247314
YGR197C,YDR103W,1.0639105312293395e-06
YGR197C,YJR084W,8.317641913890839e-05
YGR197C,YCL032W,0.0009104398195631802
YGR197C,YJL170C,3.3151998923841575e-09
YGR197C,YDR179C,9.211141849263527e-10
YGR197C,YBR095C,8.149378061261814e-09
YGR197C,YLL021W,4.7874989969566226e-14
YGR197C,YDL159W,6.522941298214846e-09
YGR197C,YNL161W,8.930512507276944e-08
YGR197C,YNL188W,4.995246993821922e-10
YGR197C,YJL157C,1.8632695386600062e-09
YGR197C,YJL034W,5.322602601720572e-12
YGR197C,YLR238W,3.237359180729982e-07
YGR197C,YPR141C,8.788825917038778e-11
YGR197C,YNL127W,1.8387376030659652e-06
YGR197C,YCL055W,1.3905371076816664e-07
YGR197C,YPR122W,4.9480604502605274e-05
YGR197C,YMR065W,2.775852578906779e-07
YGR197C,YDR356W,0.00013313521048985422
YGR197C,YMR052W,0.06266636401414871
YGR197C,YFR008W,2.0223937542002135e-13
YGR197C,YLL043W,8.61552340580829e-09
YGR197C,YMR029C,0.04832472279667854
YGR197C,YJR004C,1.6058060436918709e-10
YGR197C,YDL223C,1.3348259386702921e-08
YGR197C,YHR158C,4.1550829337211326e-05
YGR197C,YGR238C,2.9996977900736965e-05
YGR197C,YIL015W,6.345313607880598e-09
YGR197C,YGL173C,0.23215292394161224
YGR197C,YDL225W,1.90955711332208e-06
YGR197C,YLR330W,3.5790580454886367e-07
YGR197C,YBR129C,1.690250201136223e-06
YGR197C,YKR095W-A,0.2020167112350464
YGR197C,YPR075C,6.717423492452745e-12
YGR197C,YMR198W,4.655515972729063e-09
YGR197C,YOR127W,8.718247954675462e-06
YGR197C,YDR264C,0.3655402362346649
YGR197C,YLR110C,8.7224269473829e-11
YGR197C,YDR379W,0.00011758100299630314
YGR197C,YDL100C,5.7449198176406924e-11
YGR197C,YHR073W,8.153308590408415e-05
YGR197C,YJR090C,1.7797323614843208e-09
YGR197C,YOR208W,9.646084625503093e-11
YGR197C,YBR040W,0.0006630262359976768
YGR197C,YNL279W,8.880410860001575e-06
YGR197C,YER075C,0.0004176018701400608
YGR197C,YCR089W,0.004646424204111099
YGR197C,YCR002C,0.008824149146676064
YGR197C,YJL108C,5.82772762339201e-14
YGR197C,YBR200W,1.8317091132757923e-07
YGR197C,YIL026C,0.016831833869218826
YGR197C,YJR076C,1.525745028629899e-05
YGR197C,YKR031C,0.0003078789450228214
YGR197C,YPL192C,0.06286824494600296
YGR197C,YHR107C,3.7532145142904483e-06
YGR197C,YIL037C,3.931970422854647e-05
YGR197C,YPL156C,1.538696392522354e-10
YGR197C,YIL117C,1.1317390015180081e-17
YGR197C,YHR066W,4.5841318073317275e-14
YGR197C,YML085C,9.068144997924354e-14
YGR197C,YML047C,0.002034354256466031
YGR197C,YDR312W,0.041710175573825836
YGR197C,YFL037W,7.0814225594517666e-09
YGR197C,YDL038C,0.2020167112350464
YGR197C,YDL039C,1.32812570620075e-13
YGR197C,YCL027W,6.394263618858531e-05
YGR197C,YML124C,3.1462814992222476e-11
YGR197C,YGL053W,2.115236384270247e-05
YGR197C,YMR232W,0.0002895708312280476
YGR197C,YNL298W,8.263912576467192e-08
YGR197C,YGL099W,1.7159135268229875e-06
YGR197C,YBL016W,1.3148458016809528e-12
YGR197C,YAL041W,2.0283158619349706e-07
YGR197C,YDR085C,0.0007441466441377997
YGR197C,YPL187W,2.1947516870568506e-07
YGR197C,YPL256C,4.496825654898284e-12
YGR197C,YDR461W,2.002896959396594e-09
YGR197C,YNL145W,3.2767713086504944e-16
YNR019W,YDL165W,7.126963673210755e-17
YNR019W,YGR059W,1.0632654479092452e-10
YNR019W,YBR109C,6.144472486369068e-09
YNR019W,YJL080C,3.7078923265099206e-10
YNR019W,YCR093W,5.915387291111074e-08
YNR019W,YIL122W,0.0004890352720394731
YNR019W,YCL029C,6.079408643167028e-10
YNR019W,YNL173C,0.0006980487378314137
YNR019W,YLR452C,0.3119719624519348
YNR019W,YDL160C,3.6797775493369045e-08
YNR019W,YLR229C,7.360210124750591e-14
YNR019W,YML057W,2.7558664896787377e-06
YNR019W,YER149C,0.0003282148391008377
YNR019W,YMR305C,3.332911030495822e-11
YNR019W,YLR433C,0.02424990013241768
YNR019W,YJL073W,1.601834611619779e-07
YNR019W,YGR279C,4.5361169043189875e-08
YNR019W,YKL190W,3.483956612787553e-12
YNR019W,YGL089C,1.9001578976940436e-08
YNR019W,YJL019W,5.470761266224144e-07
YNR019W,YJL018W,0.026075158268213272
YNR019W,YNR032C-A,9.82457137865822e-09
YNR019W,YGL178W,0.0006314697093330324
YNR019W,YKL116C,1.9614572011050768e-05
YNR019W,YDL214C,6.085608220018912e-06
YNR019W,YLR362W,8.731386724747381e-10
YNR019W,YER068W,0.015289963223040104
YNR019W,YHR084W,1.613617428120051e-06
YNR019W,YDR392W,0.00019864657951984555
YNR019W,YNL053W,2.0986044546589255e-06
YNR019W,YGR040W,1.0366783499193843e-05
YNR019W,YDL216C,2.7705613319994882e-05
YNR019W,YOL117W,6.850050340290181e-06
YNR019W,YJR086W,2.9932305523061586e-08
YNR019W,YMR025W,2.5834638108790386e-06
YNR019W,YBR081C,1.4223922335077077e-05
YNR019W,YFL026W,0.5992408394813538
YNR019W,YHL007C,0.001629648613743484
YNR019W,YNR044W,0.32424190640449524
YNR019W,YNL271C,0.024022962898015976
YNR019W,YDR200C,4.6956508126250185e-11
YNR019W,YKL178C,0.3754196763038635
YNR019W,YOR212W,1.8285798432771116e-05
YNR019W,YOL111C,5.144428882886132e-08
YNR019W,YGL032C,0.0004560217494145036
YNR019W,YHR005C,9.074950503418222e-05
YNR019W,YDR103W,0.0002163019817089662
YNR019W,YJR084W,6.637871763359726e-08
YNR019W,YCL032W,1.221139456220044e-07
YNR019W,YJL170C,5.1629855946089265e-09
YNR019W,YDR179C,2.0957733703856618e-13
YNR019W,YBR095C,1.70356713624642e-06
YNR019W,YLL021W,4.228673944339789e-08
YNR019W,YDL159W,1.7165625813679065e-14
YNR019W,YNL161W,6.480085721705109e-05
YNR019W,YNL188W,2.5727515549078817e-06
YNR019W,YJL157C,1.6670078650804498e-07
YNR019W,YJL034W,1.2078354529876378e-06
YNR019W,YLR238W,7.317489121305698e-07
YNR019W,YPR141C,3.8094657384135644e-07
YNR019W,YNL127W,2.5469415465551037e-10
YNR019W,YCL055W,3.340602461321396e-09
YNR019W,YPR122W,3.901087950453075e-07
YNR019W,YMR065W,1.937789484429686e-09
YNR019W,YDR356W,2.2853831978864037e-05
YNR019W,YMR052W,5.646201284292829e-09
YNR019W,YFR008W,5.4423403526016045e-06
YNR019W,YLL043W,6.177437228416238e-08
YNR019W,YMR029C,2.951211757612482e-12
YNR019W,YJR004C,2.7100844897202936e-13
YNR019W,YDL223C,3.7337537150961e-07
YNR019W,YHR158C,3.728344855069565e-10
YNR019W,YGR238C,1.5917208656901494e-05
YNR019W,YIL015W,5.390348434275438e-08
YNR019W,YGL173C,2.4114774413441786e-11
YNR019W,YDL225W,3.649513382697478e-05
YNR019W,YLR330W,4.529392486074535e-11
YNR019W,YBR129C,1.0349419881094946e-06
YNR019W,YKR095W-A,0.2020167112350464
YNR019W,YPR075C,0.0004719333373941481
YNR019W,YMR198W,5.000293867851724e-08
YNR019W,YOR127W,0.00011051102046621963
YNR019W,YDR264C,7.126321293071669e-07
YNR019W,YLR110C,1.5581804291286971e-07
YNR019W,YDR379W,3.4612548938106613e-10
YNR019W,YDL100C,9.350642358185723e-06
YNR019W,YHR073W,6.328005838440731e-06
YNR019W,YJR090C,6.25381746388598e-09
YNR019W,YOR208W,1.704021634907349e-08
YNR019W,YBR040W,1.805346011574116e-10
YNR019W,YNL279W,3.595604933584462e-12
YNR019W,YER075C,1.0333854334021453e-05
YNR019W,YCR089W,6.251744366636558e-07
YNR019W,YCR002C,2.6669377817256645e-10
YNR019W,YJL108C,0.0013271347852423787
YNR019W,YBR200W,0.04877404496073723
YNR019W,YIL026C,2.97163404994194e-10
YNR019W,YJR076C,5.874780106829292e-10
YNR019W,YKR031C,1.0055339771497529e-05
YNR019W,YPL192C,6.97781729286362e-07
YNR019W,YHR107C,2.542178378917015e-08
YNR019W,YIL037C,5.9574492006220225e-09
YNR019W,YPL156C,9.48054512264207e-05
YNR019W,YIL117C,3.4721717168118005e-10
YNR019W,YHR066W,1.7641046667904448e-07
YNR019W,YML085C,1.9042396104396175e-08
YNR019W,YML047C,0.10229907929897308
YNR019W,YDR312W,4.545052334492539e-09
YNR019W,YFL037W,4.8042170419648755e-06
YNR019W,YDL038C,0.2020167112350464
YNR019W,YDL039C,2.5316609919556754e-10
YNR019W,YCL027W,2.622693671128218e-07
YNR019W,YML124C,3.038422920383088e-13
YNR019W,YGL053W,2.806434167723637e-05
YNR019W,YMR232W,2.7840107996723873e-09
YNR019W,YNL298W,2.1519281911963617e-09
YNR019W,YGL099W,1.9054011701769014e-09
YNR019W,YBL016W,0.9328806400299072
YNR019W,YAL041W,1.74076859593697e-08
YNR019W,YDR085C,3.730416938196868e-05
YNR019W,YPL187W,0.1444004327058792
YNR019W,YPL256C,1.6807868874479936e-08
YNR019W,YDR461W,2.9034524118287663e-08
YNR019W,YNL145W,3.6977055515308166e-06
YNL182C,YDL165W,2.7611866126875384e-09
YNL182C,YGR059W,2.0407480094903133e-14
YNL182C,YBR109C,5.5519713271223736e-08
YNL182C,YJL080C,6.886278214324193e-08
YNL182C,YCR093W,0.0028827334754168987
YNL182C,YIL122W,4.319742670120738e-15
YNL182C,YCL029C,3.411422823374442e-14
YNL182C,YNL173C,9.83198020776399e-08
YNL182C,YLR452C,0.043187789618968964
YNL182C,YDL160C,0.002370701637119055
YNL182C,YLR229C,8.462227602402516e-15
YNL182C,YML057W,3.9997557513838104e-17
YNL182C,YER149C,8.321528730448335e-05
YNL182C,YMR305C,0.00017721240874379873
YNL182C,YLR433C,4.000327749054122e-07
YNL182C,YJL073W,7.88464341264422e-18
YNL182C,YGR279C,2.1864174967051175e-12
YNL182C,YKL190W,3.777481879296829e-06
YNL182C,YGL089C,0.1099366620182991
YNL182C,YJL019W,0.0026642896700650454
YNL182C,YJL018W,0.0001134504345827736
YNL182C,YNR032C-A,0.9111016988754272
YNL182C,YGL178W,0.0038464812096208334
YNL182C,YKL116C,4.777872298104488e-15
YNL182C,YDL214C,0.9976425766944885
YNL182C,YLR362W,2.015922984099916e-10
YNL182C,YER068W,6.377706116044227e-14
YNL182C,YHR084W,6.830573975359633e-13
YNL182C,YDR392W,2.0990609250759462e-10
YNL182C,YNL053W,1.810740832297597e-05
YNL182C,YGR040W,0.0002878370287362486
YNL182C,YDL216C,0.0026107633020728827
YNL182C,YOL117W,3.966416431411268e-11
YNL182C,YJR086W,0.00012043537572026253
YNL182C,YMR025W,0.00016343555762432516
YNL182C,YBR081C,4.135573590247077e-07
YNL182C,YFL026W,4.3794258090201765e-05
YNL182C,YHL007C,1.163756265833149e-12
YNL182C,YNR044W,0.0012986882356926799
YNL182C,YNL271C,0.004547134507447481
YNL182C,YDR200C,2.0972290570853147e-09
YNL182C,YKL178C,0.9875554442405701
YNL182C,YOR212W,9.908903558786264e-12
YNL182C,YOL111C,9.706391946976995e-16
YNL182C,YGL032C,2.2552465103742314e-11
YNL182C,YHR005C,0.004254330415278673
YNL182C,YDR103W,0.02011147513985634
YNL182C,YJR084W,1.1419033398851752e-05
YNL182C,YCL032W,2.28243341110837e-13
YNL182C,YJL170C,0.9978335499763489
YNL182C,YDR179C,8.334257017850177e-08
YNL182C,YBR095C,0.0007885198574513197
YNL182C,YLL021W,0.09634249657392502
YNL182C,YDL159W,1.7048023437382653e-06
YNL182C,YNL161W,9.17938359634718e-06
YNL182C,YNL188W,5.056524798874307e-08
YNL182C,YJL157C,6.547261338601506e-16
YNL182C,YJL034W,9.080340590638776e-23
YNL182C,YLR238W,5.165378752280958e-05
YNL182C,YPR141C,0.2638965845108032
YNL182C,YNL127W,6.626265189879632e-07
YNL182C,YCL055W,1.2336270174273523e-06
YNL182C,YPR122W,0.017314255237579346
YNL182C,YMR065W,0.04385637491941452
YNL182C,YDR356W,0.4089798927307129
YNL182C,YMR052W,0.6071987748146057
YNL182C,YFR008W,8.416666241828352e-05
YNL182C,YLL043W,1.4762268074619556e-09
YNL182C,YMR029C,2.0507321985978365e-15
YNL182C,YJR004C,1.3841113286616746e-06
YNL182C,YDL223C,3.887640022030618e-17
YNL182C,YHR158C,3.616453341237502e-06
YNL182C,YGR238C,5.541258708938353e-14
YNL182C,YIL015W,0.014937575906515121
YNL182C,YGL173C,3.6899377846566495e-06
YNL182C,YDL225W,1.4660124503240723e-10
YNL182C,YLR330W,2.8798838869192878e-09
YNL182C,YBR129C,0.8748100996017456
YNL182C,YKR095W-A,0.2020167112350464
YNL182C,YPR075C,1.615598388578221e-12
YNL182C,YMR198W,0.0001340090821031481
YNL182C,YOR127W,5.130469799041748e-05
YNL182C,YDR264C,0.7068586349487305
YNL182C,YLR110C,4.271498255548067e-06
YNL182C,YDR379W,3.414636395859816e-08
YNL182C,YDL100C,6.292993202805519e-05
YNL182C,YHR073W,2.735728776315227e-05
YNL182C,YJR090C,2.5574173334597106e-10
YNL182C,YOR208W,0.004382553044706583
YNL182C,YBR040W,0.00012125376088079065
YNL182C,YNL279W,0.0009512246469967067
YNL182C,YER075C,0.0020138320978730917
YNL182C,YCR089W,7.143077362242733e-13
YNL182C,YCR002C,0.1908712238073349
YNL182C,YJL108C,0.9465416669845581
YNL182C,YBR200W,2.724857665892255e-12
YNL182C,YIL026C,6.581265310501294e-09
YNL182C,YJR076C,0.00013053296424914151
YNL182C,YKR031C,1.6627303693894646e-06
YNL182C,YPL192C,2.66269978510536e-07
YNL182C,YHR107C,0.0029082626570016146
YNL182C,YIL037C,6.160669272503583e-07
YNL182C,YPL156C,0.9989854693412781
YNL182C,YIL117C,1.8974755221279338e-05
YNL182C,YHR066W,2.447925005806691e-15
YNL182C,YML085C,2.462322609263906e-13
YNL182C,YML047C,0.9999958276748657
YNL182C,YDR312W,0.004244615323841572
YNL182C,YFL037W,5.929665803705575e-06
YNL182C,YDL038C,0.2020167112350464
YNL182C,YDL039C,1.9935413320126827e-08
YNL182C,YCL027W,0.003383000148460269
YNL182C,YML124C,2.7134913464299244e-18
YNL182C,YGL053W,8.724268951709746e-08
YNL182C,YMR232W,0.23841725289821625
YNL182C,YNL298W,2.9804305086145177e-05
YNL182C,YGL099W,4.646991992596217e-12
YNL182C,YBL016W,2.012679432839004e-11
YNL182C,YAL041W,6.24313106527552e-05
YNL182C,YDR085C,6.27840179845407e-09
YNL182C,YPL187W,0.21182289719581604
YNL182C,YPL256C,1.031454519184223e-18
YNL182C,YDR461W,2.558272062073985e-13
YNL182C,YNL145W,1.3561664502503845e-07
tH(GUG)Q,YDL165W,0.2020167112350464
tH(GUG)Q,YGR059W,0.2020167112350464
tH(GUG)Q,YBR109C,0.2020167112350464
tH(GUG)Q,YJL080C,0.2020167112350464
tH(GUG)Q,YCR093W,0.2020167112350464
tH(GUG)Q,YIL122W,0.2020167112350464
tH(GUG)Q,YCL029C,0.2020167112350464
tH(GUG)Q,YNL173C,0.2020167112350464
tH(GUG)Q,YLR452C,0.2020167112350464
tH(GUG)Q,YDL160C,0.2020167112350464
tH(GUG)Q,YLR229C,0.2020167112350464
tH(GUG)Q,YML057W,0.2020167112350464
tH(GUG)Q,YER149C,0.2020167112350464
tH(GUG)Q,YMR305C,0.2020167112350464
tH(GUG)Q,YLR433C,0.2020167112350464
tH(GUG)Q,YJL073W,0.2020167112350464
tH(GUG)Q,YGR279C,0.2020167112350464
tH(GUG)Q,YKL190W,0.2020167112350464
tH(GUG)Q,YGL089C,0.2020167112350464
tH(GUG)Q,YJL019W,0.2020167112350464
tH(GUG)Q,YJL018W,0.2020167112350464
tH(GUG)Q,YNR032C-A,0.2020167112350464
tH(GUG)Q,YGL178W,0.2020167112350464
tH(GUG)Q,YKL116C,0.2020167112350464
tH(GUG)Q,YDL214C,0.2020167112350464
tH(GUG)Q,YLR362W,0.2020167112350464
tH(GUG)Q,YER068W,0.2020167112350464
tH(GUG)Q,YHR084W,0.2020167112350464
tH(GUG)Q,YDR392W,0.2020167112350464
tH(GUG)Q,YNL053W,0.2020167112350464
tH(GUG)Q,YGR040W,0.2020167112350464
tH(GUG)Q,YDL216C,0.2020167112350464
tH(GUG)Q,YOL117W,0.2020167112350464
tH(GUG)Q,YJR086W,0.2020167112350464
tH(GUG)Q,YMR025W,0.2020167112350464
tH(GUG)Q,YBR081C,0.2020167112350464
tH(GUG)Q,YFL026W,0.2020167112350464
tH(GUG)Q,YHL007C,0.2020167112350464
tH(GUG)Q,YNR044W,0.2020167112350464
tH(GUG)Q,YNL271C,0.2020167112350464
tH(GUG)Q,YDR200C,0.2020167112350464
tH(GUG)Q,YKL178C,0.2020167112350464
tH(GUG)Q,YOR212W,0.2020167112350464
tH(GUG)Q,YOL111C,0.2020167112350464
tH(GUG)Q,YGL032C,0.2020167112350464
tH(GUG)Q,YHR005C,0.2020167112350464
tH(GUG)Q,YDR103W,0.2020167112350464
tH(GUG)Q,YJR084W,0.2020167112350464
tH(GUG)Q,YCL032W,0.2020167112350464
tH(GUG)Q,YJL170C,0.2020167112350464
tH(GUG)Q,YDR179C,0.2020167112350464
tH(GUG)Q,YBR095C,0.2020167112350464
tH(GUG)Q,YLL021W,0.2020167112350464
tH(GUG)Q,YDL159W,0.2020167112350464
tH(GUG)Q,YNL161W,0.2020167112350464
tH(GUG)Q,YNL188W,0.2020167112350464
tH(GUG)Q,YJL157C,0.2020167112350464
tH(GUG)Q,YJL034W,0.2020167112350464
tH(GUG)Q,YLR238W,0.2020167112350464
tH(GUG)Q,YPR141C,0.2020167112350464
tH(GUG)Q,YNL127W,0.2020167112350464
tH(GUG)Q,YCL055W,0.2020167112350464
tH(GUG)Q,YPR122W,0.2020167112350464
tH(GUG)Q,YMR065W,0.2020167112350464
tH(GUG)Q,YDR356W,0.2020167112350464
tH(GUG)Q,YMR052W,0.2020167112350464
tH(GUG)Q,YFR008W,0.2020167112350464
tH(GUG)Q,YLL043W,0.2020167112350464
tH(GUG)Q,YMR029C,0.2020167112350464
tH(GUG)Q,YJR004C,0.2020167112350464
tH(GUG)Q,YDL223C,0.2020167112350464
tH(GUG)Q,YHR158C,0.2020167112350464
tH(GUG)Q,YGR238C,0.2020167112350464
tH(GUG)Q,YIL015W,0.2020167112350464
tH(GUG)Q,YGL173C,0.2020167112350464
tH(GUG)Q,YDL225W,0.2020167112350464
tH(GUG)Q,YLR330W,0.2020167112350464
tH(GUG)Q,YBR129C,0.2020167112350464
tH(GUG)Q,YKR095W-A,0.2020167112350464
tH(GUG)Q,YPR075C,0.2020167112350464
tH(GUG)Q,YMR198W,0.2020167112350464
tH(GUG)Q,YOR127W,0.2020167112350464
tH(GUG)Q,YDR264C,0.2020167112350464
tH(GUG)Q,YLR110C,0.2020167112350464
tH(GUG)Q,YDR379W,0.2020167112350464
tH(GUG)Q,YDL100C,0.2020167112350464
tH(GUG)Q,YHR073W,0.2020167112350464
tH(GUG)Q,YJR090C,0.2020167112350464
tH(GUG)Q,YOR208W,0.2020167112350464
tH(GUG)Q,YBR040W,0.2020167112350464
tH(GUG)Q,YNL279W,0.2020167112350464
tH(GUG)Q,YER075C,0.2020167112350464
tH(GUG)Q,YCR089W,0.2020167112350464
tH(GUG)Q,YCR002C,0.2020167112350464
tH(GUG)Q,YJL108C,0.2020167112350464
tH(GUG)Q,YBR200W,0.2020167112350464
tH(GUG)Q,YIL026C,0.2020167112350464
tH(GUG)Q,YJR076C,0.2020167112350464
tH(GUG)Q,YKR031C,0.2020167112350464
tH(GUG)Q,YPL192C,0.2020167112350464
tH(GUG)Q,YHR107C,0.2020167112350464
tH(GUG)Q,YIL037C,0.2020167112350464
tH(GUG)Q,YPL156C,0.2020167112350464
tH(GUG)Q,YIL117C,0.2020167112350464
tH(GUG)Q,YHR066W,0.2020167112350464
tH(GUG)Q,YML085C,0.2020167112350464
tH(GUG)Q,YML047C,0.2020167112350464
tH(GUG)Q,YDR312W,0.2020167112350464
tH(GUG)Q,YFL037W,0.2020167112350464
tH(GUG)Q,YDL038C,0.2020167112350464
tH(GUG)Q,YDL039C,0.2020167112350464
tH(GUG)Q,YCL027W,0.2020167112350464
tH(GUG)Q,YML124C,0.2020167112350464
tH(GUG)Q,YGL053W,0.2020167112350464
tH(GUG)Q,YMR232W,0.2020167112350464
tH(GUG)Q,YNL298W,0.2020167112350464
tH(GUG)Q,YGL099W,0.2020167112350464
tH(GUG)Q,YBL016W,0.2020167112350464
tH(GUG)Q,YAL041W,0.2020167112350464
tH(GUG)Q,YDR085C,0.2020167112350464
tH(GUG)Q,YPL187W,0.2020167112350464
tH(GUG)Q,YPL256C,0.2020167112350464
tH(GUG)Q,YDR461W,0.2020167112350464
tH(GUG)Q,YNL145W,0.2020167112350464
YKR009C,YDL165W,0.03152526170015335
YKR009C,YGR059W,0.011508995667099953
YKR009C,YBR109C,0.0004187405575066805
YKR009C,YJL080C,1.0737031991042874e-15
YKR009C,YCR093W,0.00019133422756567597
YKR009C,YIL122W,0.2954094707965851
YKR009C,YCL029C,3.01783886769158e-09
YKR009C,YNL173C,0.7354857921600342
YKR009C,YLR452C,3.4824159229174256e-05
YKR009C,YDL160C,3.3052992876037024e-07
YKR009C,YLR229C,9.196913453024536e-08
YKR009C,YML057W,2.803657972449969e-09
YKR009C,YER149C,0.15273575484752655
YKR009C,YMR305C,0.06162572279572487
YKR009C,YLR433C,6.896168542880332e-07
YKR009C,YJL073W,1.378500091853141e-10
YKR009C,YGR279C,0.021834366023540497
YKR009C,YKL190W,2.9190536565693037e-07
YKR009C,YGL089C,2.1711659428547136e-05
YKR009C,YJL019W,0.23938533663749695
YKR009C,YJL018W,0.0002598254941403866
YKR009C,YNR032C-A,0.0002913758798968047
YKR009C,YGL178W,9.863317245617509e-06
YKR009C,YKL116C,6.456147838562742e-10
YKR009C,YDL214C,0.9753679037094116
YKR009C,YLR362W,2.6146299205720425e-06
YKR009C,YER068W,2.2775345845382766e-11
YKR009C,YHR084W,1.4155997554721189e-11
YKR009C,YDR392W,0.00013325853797141463
YKR009C,YNL053W,0.00645088916644454
YKR009C,YGR040W,0.9914225935935974
YKR009C,YDL216C,8.784455530985724e-06
YKR009C,YOL117W,6.331269833026454e-05
YKR009C,YJR086W,3.238781638714716e-12
YKR009C,YMR025W,0.32786598801612854
YKR009C,YBR081C,0.9084420204162598
YKR009C,YFL026W,6.780495219113614e-13
YKR009C,YHL007C,1.6139230396561288e-08
YKR009C,YNR044W,0.00028113980079069734
YKR009C,YNL271C,3.58042462345054e-09
YKR009C,YDR200C,0.03291983902454376
YKR009C,YKL178C,8.841532540826424e-12
YKR009C,YOR212W,7.195986199803883e-06
YKR009C,YOL111C,0.001110223587602377
YKR009C,YGL032C,1.3827416012190952e-07
YKR009C,YHR005C,0.32446399331092834
YKR009C,YDR103W,0.017971890047192574
YKR009C,YJR084W,7.750267286610324e-06
YKR009C,YCL032W,1.1009861964339507e-06
YKR009C,YJL170C,0.9976907968521118
YKR009C,YDR179C,4.187413610301505e-11
YKR009C,YBR095C,0.01733389124274254
YKR009C,YLL021W,9.379388377084297e-10
YKR009C,YDL159W,1.1806025490557204e-08
YKR009C,YNL161W,0.00039541363366879523
YKR009C,YNL188W,0.007852158509194851
YKR009C,YJL157C,4.416922730343664e-11
YKR009C,YJL034W,5.085817012296028e-18
YKR009C,YLR238W,9.446078365726862e-06
YKR009C,YPR141C,6.982790523579752e-07
YKR009C,YNL127W,0.0015294688055291772
YKR009C,YCL055W,0.001037269365042448
YKR009C,YPR122W,0.00138674711342901
YKR009C,YMR065W,0.15943503379821777
YKR009C,YDR356W,1.0588777771269875e-10
YKR009C,YMR052W,0.060028571635484695
YKR009C,YFR008W,1.2130719369451981e-05
YKR009C,YLL043W,8.063569839578122e-05
YKR009C,YMR029C,0.3063810467720032
YKR009C,YJR004C,0.0036464582663029432
YKR009C,YDL223C,1.2826959050471487e-08
YKR009C,YHR158C,2.642058238855327e-10
YKR009C,YGR238C,6.837887145394461e-09
YKR009C,YIL015W,0.45039308071136475
YKR009C,YGL173C,0.0028555900789797306
YKR009C,YDL225W,3.3971851482079984e-13
YKR009C,YLR330W,1.0384287661257662e-14
YKR009C,YBR129C,0.1662382185459137
YKR009C,YKR095W-A,0.2020167112350464
YKR009C,YPR075C,1.9559940472868576e-11
YKR009C,YMR198W,0.029479632154107094
YKR009C,YOR127W,8.822852726728982e-15
YKR009C,YDR264C,2.353096988372272e-06
YKR009C,YLR110C,5.932958174525993e-06
YKR009C,YDR379W,2.712698005780112e-05
YKR009C,YDL100C,1.278447209207556e-10
YKR009C,YHR073W,2.5528727576329402e-08
YKR009C,YJR090C,5.384583404155485e-12
YKR009C,YOR208W,2.1020336860022582e-10
YKR009C,YBR040W,6.202653457876295e-05
YKR009C,YNL279W,0.9997132420539856
YKR009C,YER075C,2.7307632990414277e-05
YKR009C,YCR089W,4.365187322719066e-08
YKR009C,YCR002C,3.281089448137209e-06
YKR009C,YJL108C,0.974545419216156
YKR009C,YBR200W,1.4352990547195077e-06
YKR009C,YIL026C,7.719055474808556e-07
YKR009C,YJR076C,1.6224872556591663e-09
YKR009C,YKR031C,0.0007710019126534462
YKR009C,YPL192C,0.000652917311526835
YKR009C,YHR107C,3.3359057738380216e-07
YKR009C,YIL037C,3.512463445076719e-05
YKR009C,YPL156C,0.0002812666061799973
YKR009C,YIL117C,6.853708782728063e-07
YKR009C,YHR066W,7.724817597401815e-21
YKR009C,YML085C,2.6994438161973304e-15
YKR009C,YML047C,0.9999457597732544
YKR009C,YDR312W,1.6216023368542665e-07
YKR009C,YFL037W,0.37371504306793213
YKR009C,YDL038C,0.2020167112350464
YKR009C,YDL039C,1.7677954933237316e-10
YKR009C,YCL027W,0.9995920062065125
YKR009C,YML124C,3.2537392376762175e-13
YKR009C,YGL053W,0.025641825050115585
YKR009C,YMR232W,0.006345012690871954
YKR009C,YNL298W,4.1095838241744787e-05
YKR009C,YGL099W,1.0243651677443372e-18
YKR009C,YBL016W,0.0038915183395147324
YKR009C,YAL041W,0.0016449959948658943
YKR009C,YDR085C,0.03747330233454704
YKR009C,YPL187W,0.00250905635766685
YKR009C,YPL256C,0.008990584872663021
YKR009C,YDR461W,1.0563099006599685e-10
YKR009C,YNL145W,8.189277842006806e-14
YBR200W,YDL165W,0.000915560987778008
YBR200W,YGR059W,0.04083883389830589
YBR200W,YBR109C,6.086636972213455e-07
YBR200W,YJL080C,0.0022219782695174217
YBR200W,YCR093W,0.8940669298171997
YBR200W,YIL122W,6.825920877417957e-07
YBR200W,YCL029C,8.394775932174525e-07
YBR200W,YNL173C,0.0003005240869242698
YBR200W,YLR452C,0.0030617411248385906
YBR200W,YDL160C,8.331760628643714e-12
YBR200W,YLR229C,0.09960858523845673
YBR200W,YML057W,0.00010040149936685339
YBR200W,YER149C,0.05083624646067619
YBR200W,YMR305C,1.3511420871026303e-09
YBR200W,YLR433C,0.9989041090011597
YBR200W,YJL073W,2.1397729597083526e-06
YBR200W,YGR279C,0.06719275563955307
YBR200W,YKL190W,0.21418292820453644
YBR200W,YGL089C,0.019885025918483734
YBR200W,YJL019W,0.012525572441518307
YBR200W,YJL018W,0.009519140236079693
YBR200W,YNR032C-A,0.9615927338600159
YBR200W,YGL178W,0.28591740131378174
YBR200W,YKL116C,1.2234182417136807e-11
YBR200W,YDL214C,0.7685279846191406
YBR200W,YLR362W,7.28726081433706e-05
YBR200W,YER068W,1.2729008957990118e-08
YBR200W,YHR084W,0.00039066027966327965
YBR200W,YDR392W,1.2665911697240517e-07
YBR200W,YNL053W,0.0008788058185018599
YBR200W,YGR040W,0.003356463275849819
YBR200W,YDL216C,0.9933644533157349
YBR200W,YOL117W,0.002242062473669648
YBR200W,YJR086W,0.9990398287773132
YBR200W,YMR025W,0.03552582487463951
YBR200W,YBR081C,5.527682515094057e-05
YBR200W,YFL026W,0.7771427035331726
YBR200W,YHL007C,1.8228281106758004e-08
YBR200W,YNR044W,0.0018565721111372113
YBR200W,YNL271C,0.005726607516407967
YBR200W,YDR200C,0.00022732540674041957
YBR200W,YKL178C,8.105756705845124e-07
YBR200W,YOR212W,6.229113932931796e-05
YBR200W,YOL111C,6.561085896805707e-09
YBR200W,YGL032C,0.9948262572288513
YBR200W,YHR005C,0.00018717673083301634
YBR200W,YDR103W,0.0004551692109089345
YBR200W,YJR084W,5.990340468997601e-06
YBR200W,YCL032W,0.00016085273819044232
YBR200W,YJL170C,0.00021702400408685207
YBR200W,YDR179C,1.5780986473146186e-07
YBR200W,YBR095C,7.9226711022784e-06
YBR200W,YLL021W,2.7295864128973335e-05
YBR200W,YDL159W,1.4377121715369867e-10
YBR200W,YNL161W,0.00013735555694438517
YBR200W,YNL188W,2.394731097865588e-07
YBR200W,YJL157C,0.4567286968231201
YBR200W,YJL034W,3.188132743914274e-11
YBR200W,YLR238W,2.53309667641588e-06
YBR200W,YPR141C,0.9999014139175415
YBR200W,YNL127W,0.0058158994652330875
YBR200W,YCL055W,3.334506976093721e-11
YBR200W,YPR122W,0.9997054934501648
YBR200W,YMR065W,0.0008328051771968603
YBR200W,YDR356W,5.7459006441717975e-09
YBR200W,YMR052W,0.0011565975146368146
YBR200W,YFR008W,0.0004304089234210551
YBR200W,YLL043W,3.989038788176913e-08
YBR200W,YMR029C,0.023261195048689842
YBR200W,YJR004C,1.5059736142575275e-05
YBR200W,YDL223C,0.0005129595519974828
YBR200W,YHR158C,0.646056056022644
YBR200W,YGR238C,2.0227982986398274e-06
YBR200W,YIL015W,0.003756991121917963
YBR200W,YGL173C,5.961748428262581e-08
YBR200W,YDL225W,3.043654714929289e-07
YBR200W,YLR330W,1.65820324138366e-09
YBR200W,YBR129C,1.539651961479649e-08
YBR200W,YKR095W-A,0.2020167112350464
YBR200W,YPR075C,0.00884426198899746
YBR200W,YMR198W,7.123788492435779e-08
YBR200W,YOR127W,1.1792973964475095e-05
YBR200W,YDR264C,1.0895604646066204e-05
YBR200W,YLR110C,0.752784013748169
YBR200W,YDR379W,0.5661022663116455
YBR200W,YDL100C,0.00973436702042818
YBR200W,YHR073W,0.18278385698795319
YBR200W,YJR090C,0.003433617064729333
YBR200W,YOR208W,5.803502745038713e-07
YBR200W,YBR040W,0.000339607271598652
YBR200W,YNL279W,0.07390528172254562
YBR200W,YER075C,7.027846004348248e-05
YBR200W,YCR089W,2.676112487165483e-08
YBR200W,YCR002C,0.01970568485558033
YBR200W,YJL108C,5.393752644522465e-08
YBR200W,YIL026C,0.0012483858736231923
YBR200W,YJR076C,5.124722424199035e-09
YBR200W,YKR031C,0.01773662306368351
YBR200W,YPL192C,1.1035137958970154e-07
YBR200W,YHR107C,1.4144885263078777e-10
YBR200W,YIL037C,8.566572068957612e-05
YBR200W,YPL156C,0.0008427599677816033
YBR200W,YIL117C,0.006566460244357586
YBR200W,YHR066W,4.856742923955125e-15
YBR200W,YML085C,0.9053712487220764
YBR200W,YML047C,0.0018223468214273453
YBR200W,YDR312W,1.403080034378945e-07
YBR200W,YFL037W,1.0733235411564124e-09
YBR200W,YDL038C,0.2020167112350464
YBR200W,YDL039C,7.469551199790203e-09
YBR200W,YCL027W,0.04865476116538048
YBR200W,YML124C,5.095870836413496e-09
YBR200W,YGL053W,4.6376866521313787e-05
YBR200W,YMR232W,0.9058437943458557
YBR200W,YNL298W,4.5290970973610456e-08
YBR200W,YGL099W,0.0003009025240316987
YBR200W,YBL016W,0.000843771209474653
YBR200W,YAL041W,1.8970660112249682e-11
YBR200W,YDR085C,7.417322933633841e-08
YBR200W,YPL187W,0.010779735632240772
YBR200W,YPL256C,2.2458377770817606e-06
YBR200W,YDR461W,0.0005015762289986014
YBR200W,YNL145W,0.0003702568355947733
YGL197W,YDL165W,2.048050085079467e-08
YGL197W,YGR059W,9.968698089224404e-11
YGL197W,YBR109C,2.412855246802792e-05
YGL197W,YJL080C,6.402991852005879e-12
YGL197W,YCR093W,0.012639306485652924
YGL197W,YIL122W,1.1222617344978925e-13
YGL197W,YCL029C,2.7316410244893063e-10
YGL197W,YNL173C,9.591668431729872e-11
YGL197W,YLR452C,2.7925616450374946e-06
YGL197W,YDL160C,1.4101449785641762e-08
YGL197W,YLR229C,3.9729411582811736e-06
YGL197W,YML057W,1.4091534362992153e-11
YGL197W,YER149C,7.633255336259026e-06
YGL197W,YMR305C,0.00011377771443221718
YGL197W,YLR433C,1.1095452556730834e-08
YGL197W,YJL073W,1.4020437220096937e-06
YGL197W,YGR279C,7.695162906884434e-08
YGL197W,YKL190W,4.115992435771432e-09
YGL197W,YGL089C,0.0009201623033732176
YGL197W,YJL019W,2.212944281154705e-07
YGL197W,YJL018W,0.1651753932237625
YGL197W,YNR032C-A,0.001056973822414875
YGL197W,YGL178W,6.895662426481541e-12
YGL197W,YKL116C,3.4659337622144903e-09
YGL197W,YDL214C,8.063927452894859e-06
YGL197W,YLR362W,4.487949638587452e-07
YGL197W,YER068W,7.091230600053677e-06
YGL197W,YHR084W,3.876968548865989e-05
YGL197W,YDR392W,3.7149693044025156e-11
YGL197W,YNL053W,1.7217442405126349e-07
YGL197W,YGR040W,4.1874042722156446e-07
YGL197W,YDL216C,2.594051640159023e-10
YGL197W,YOL117W,0.006399426143616438
YGL197W,YJR086W,1.2788268577423878e-07
YGL197W,YMR025W,1.282587959394732e-06
YGL197W,YBR081C,3.1141564327263893e-10
YGL197W,YFL026W,0.9723735451698303
YGL197W,YHL007C,4.1060144867488546e-11
YGL197W,YNR044W,2.485223376424983e-05
YGL197W,YNL271C,0.000518354878295213
YGL197W,YDR200C,0.0011176085099577904
YGL197W,YKL178C,1.894310230454721e-06
YGL197W,YOR212W,7.279159913720079e-12
YGL197W,YOL111C,6.318577171898765e-12
YGL197W,YGL032C,1.7111609906805825e-08
YGL197W,YHR005C,8.902598710308629e-13
YGL197W,YDR103W,1.1658379435175448e-06
YGL197W,YJR084W,5.341972837413778e-07
YGL197W,YCL032W,1.805983913527598e-07
YGL197W,YJL170C,0.06361566483974457
YGL197W,YDR179C,1.025673212269769e-14
YGL197W,YBR095C,1.7301934349234216e-05
YGL197W,YLL021W,4.631658043763309e-07
YGL197W,YDL159W,5.081159017844561e-12
YGL197W,YNL161W,2.0950949419784592e-06
YGL197W,YNL188W,1.2052753390889848e-06
YGL197W,YJL157C,2.2634404217569681e-07
YGL197W,YJL034W,2.894359568017535e-06
YGL197W,YLR238W,9.030312608793167e-10
YGL197W,YPR141C,0.093733049929142
YGL197W,YNL127W,0.01328683365136385
YGL197W,YCL055W,5.016437626181869e-06
YGL197W,YPR122W,3.2536974003960495e-08
YGL197W,YMR065W,5.000013061362552e-07
YGL197W,YDR356W,4.705769107715696e-09
YGL197W,YMR052W,0.019201520830392838
YGL197W,YFR008W,7.651974193167987e-11
YGL197W,YLL043W,1.7862081591601964e-08
YGL197W,YMR029C,4.35469038606584e-09
YGL197W,YJR004C,0.00021784206910524517
YGL197W,YDL223C,8.783596137755534e-15
YGL197W,YHR158C,1.4169329176638712e-07
YGL197W,YGR238C,4.2302322981413454e-05
YGL197W,YIL015W,0.0009099143790081143
YGL197W,YGL173C,1.1601824780882453e-06
YGL197W,YDL225W,3.012495108123403e-05
YGL197W,YLR330W,4.978501237928867e-06
YGL197W,YBR129C,0.0007570927264168859
YGL197W,YKR095W-A,0.2020167112350464
YGL197W,YPR075C,4.076988080470301e-09
YGL197W,YMR198W,0.016704021021723747
YGL197W,YOR127W,4.0310830229373096e-08
YGL197W,YDR264C,1.2746307120892197e-08
YGL197W,YLR110C,1.31714443796227e-07
YGL197W,YDR379W,0.001947134267538786
YGL197W,YDL100C,7.89641735245844e-13
YGL197W,YHR073W,0.004455702845007181
YGL197W,YJR090C,1.1057477422582451e-05
YGL197W,YOR208W,6.070330436230842e-12
YGL197W,YBR040W,0.9159709215164185
YGL197W,YNL279W,1.7924742579111808e-08
YGL197W,YER075C,5.982705886253825e-09
YGL197W,YCR089W,6.648472208325984e-06
YGL197W,YCR002C,3.7220431181594904e-07
YGL197W,YJL108C,1.806071203702686e-08
YGL197W,YBR200W,8.749453245249228e-11
YGL197W,YIL026C,1.4968027902198533e-12
YGL197W,YJR076C,2.1413320006047343e-09
YGL197W,YKR031C,8.172274412743263e-09
YGL197W,YPL192C,0.20412984490394592
YGL197W,YHR107C,4.1702952202626875e-10
YGL197W,YIL037C,8.378316852031276e-05
YGL197W,YPL156C,1.2679512337854248e-06
YGL197W,YIL117C,0.004123255610466003
YGL197W,YHR066W,1.6948035069704507e-19
YGL197W,YML085C,0.0011538057588040829
YGL197W,YML047C,2.8577453122125007e-05
YGL197W,YDR312W,1.894322303996887e-05
YGL197W,YFL037W,2.1408783368315198e-07
YGL197W,YDL038C,0.2020167112350464
YGL197W,YDL039C,4.89312859732425e-18
YGL197W,YCL027W,1.1649839981586751e-09
YGL197W,YML124C,1.6025199223168585e-10
YGL197W,YGL053W,6.241200264933688e-12
YGL197W,YMR232W,0.47726336121559143
YGL197W,YNL298W,2.616982328618178e-06
YGL197W,YGL099W,4.473432732641884e-14
YGL197W,YBL016W,1.3740441673348869e-08
YGL197W,YAL041W,0.022021031007170677
YGL197W,YDR085C,1.2303931207213736e-09
YGL197W,YPL187W,1.8099275621352717e-05
YGL197W,YPL256C,0.26230674982070923
YGL197W,YDR461W,1.8293744297182002e-10
YGL197W,YNL145W,0.049316514283418655
YNL227C,YDL165W,7.225468152682879e-07
YNL227C,YGR059W,4.074391934949517e-09
YNL227C,YBR109C,0.010347158648073673
YNL227C,YJL080C,5.72295704159842e-08
YNL227C,YCR093W,0.00010510243737371638
YNL227C,YIL122W,0.012850632891058922
YNL227C,YCL029C,3.567793846817602e-12
YNL227C,YNL173C,1.2254810144440853e-06
YNL227C,YLR452C,6.900070559368032e-08
YNL227C,YDL160C,0.9999830722808838
YNL227C,YLR229C,1.4264293895394076e-05
YNL227C,YML057W,2.2829361664977732e-11
YNL227C,YER149C,1.2874896704317962e-09
YNL227C,YMR305C,9.751002089108951e-12
YNL227C,YLR433C,0.12142658233642578
YNL227C,YJL073W,3.3563321721885586e-07
YNL227C,YGR279C,2.1645625829930237e-12
YNL227C,YKL190W,0.0006197486072778702
YNL227C,YGL089C,1.9367067949360717e-09
YNL227C,YJL019W,2.4824619695496854e-14
YNL227C,YJL018W,0.00017612687952350825
YNL227C,YNR032C-A,0.40804362297058105
YNL227C,YGL178W,0.17934909462928772
YNL227C,YKL116C,1.4887267807406346e-10
YNL227C,YDL214C,0.0002884485584218055
YNL227C,YLR362W,0.0006660875515080988
YNL227C,YER068W,1.2226466424181126e-05
YNL227C,YHR084W,8.218853375652202e-10
YNL227C,YDR392W,3.680220572732651e-07
YNL227C,YNL053W,0.00120387296192348
YNL227C,YGR040W,6.778640149196491e-11
YNL227C,YDL216C,0.359036922454834
YNL227C,YOL117W,3.0279734275495684e-10
YNL227C,YJR086W,1.2924608432107743e-11
YNL227C,YMR025W,0.0009052602108567953
YNL227C,YBR081C,3.6899589872518845e-07
YNL227C,YFL026W,0.015413569286465645
YNL227C,YHL007C,0.0008587001357227564
YNL227C,YNR044W,5.744136721830273e-09
YNL227C,YNL271C,3.058148286072537e-05
YNL227C,YDR200C,0.0002451753825880587
YNL227C,YKL178C,0.0003129507240373641
YNL227C,YOR212W,5.685328687832225e-07
YNL227C,YOL111C,8.629291725625876e-12
YNL227C,YGL032C,5.806553460274699e-08
YNL227C,YHR005C,4.500933755480219e-06
YNL227C,YDR103W,4.229760088492185e-05
YNL227C,YJR084W,1.8981137372975354e-07
YNL227C,YCL032W,2.311272169208678e-07
YNL227C,YJL170C,0.00453312648460269
YNL227C,YDR179C,0.0056787836365401745
YNL227C,YBR095C,3.700926356486889e-07
YNL227C,YLL021W,4.119070536046099e-13
YNL227C,YDL159W,9.735425798851338e-09
YNL227C,YNL161W,7.149560406105593e-05
YNL227C,YNL188W,1.9021448912498462e-12
YNL227C,YJL157C,4.475375874335441e-07
YNL227C,YJL034W,3.407506312669284e-07
YNL227C,YLR238W,0.00014815076428931206
YNL227C,YPR141C,7.570645266241627e-08
YNL227C,YNL127W,0.9706675410270691
YNL227C,YCL055W,0.005403859540820122
YNL227C,YPR122W,0.009561566635966301
YNL227C,YMR065W,5.0821694458136335e-05
YNL227C,YDR356W,0.003488801186904311
YNL227C,YMR052W,0.9998080134391785
YNL227C,YFR008W,1.2322579623358365e-09
YNL227C,YLL043W,2.562509926473666e-10
YNL227C,YMR029C,0.0051038265228271484
YNL227C,YJR004C,1.020603934698272e-09
YNL227C,YDL223C,0.00014954963990021497
YNL227C,YHR158C,2.630803040692964e-11
YNL227C,YGR238C,0.000752942287363112
YNL227C,YIL015W,5.773906863737466e-08
YNL227C,YGL173C,1.925193782170709e-09
YNL227C,YDL225W,0.3610936403274536
YNL227C,YLR330W,3.183542096607539e-09
YNL227C,YBR129C,0.05632087215781212
YNL227C,YKR095W-A,0.2020167112350464
YNL227C,YPR075C,6.23349706074805e-07
YNL227C,YMR198W,3.05556598632125e-14
YNL227C,YOR127W,4.896593130965243e-10
YNL227C,YDR264C,1.7825702798290877e-06
YNL227C,YLR110C,0.010491724126040936
YNL227C,YDR379W,0.11037441343069077
YNL227C,YDL100C,3.379511426260251e-08
YNL227C,YHR073W,0.001859016134403646
YNL227C,YJR090C,1.4596258923749161e-10
YNL227C,YOR208W,0.00013702825526706874
YNL227C,YBR040W,2.1796388478823037e-12
YNL227C,YNL279W,2.8712987543144664e-10
YNL227C,YER075C,3.943332558264956e-06
YNL227C,YCR089W,0.0014252321561798453
YNL227C,YCR002C,0.0008912779157981277
YNL227C,YJL108C,1.7982851204578765e-05
YNL227C,YBR200W,3.208071674976054e-08
YNL227C,YIL026C,0.0025432065594941378
YNL227C,YJR076C,0.07332845777273178
YNL227C,YKR031C,0.0007019158219918609
YNL227C,YPL192C,6.051938544260338e-05
YNL227C,YHR107C,8.434593301576143e-11
YNL227C,YIL037C,0.0008852496976032853
YNL227C,YPL156C,0.0008958601974882185
YNL227C,YIL117C,0.0002141552686225623
YNL227C,YHR066W,7.0726922582475815e-12
YNL227C,YML085C,7.697548426222056e-06
YNL227C,YML047C,0.5458030104637146
YNL227C,YDR312W,1.8607373419854412e-09
YNL227C,YFL037W,2.518532653539296e-07
YNL227C,YDL038C,0.2020167112350464
YNL227C,YDL039C,1.1490507438767505e-13
YNL227C,YCL027W,2.5092114810831845e-05
YNL227C,YML124C,3.5900954518247596e-12
YNL227C,YGL053W,0.0001627860765438527
YNL227C,YMR232W,6.885571929160506e-05
YNL227C,YNL298W,1.381199668526456e-11
YNL227C,YGL099W,4.860810547394227e-19
YNL227C,YBL016W,4.242923790087616e-09
YNL227C,YAL041W,0.0037809915374964476
YNL227C,YDR085C,0.3540979325771332
YNL227C,YPL187W,0.0006809432525187731
YNL227C,YPL256C,7.2431518248483595e-12
YNL227C,YDR461W,2.4191560754616148e-08
YNL227C,YNL145W,2.31995181820821e-06
YDR451C,YDL165W,1.0359551438909875e-08
YDR451C,YGR059W,0.001887465245090425
YDR451C,YBR109C,7.99902422077281e-10
YDR451C,YJL080C,0.00018782213737722486
YDR451C,YCR093W,3.314414576127689e-10
YDR451C,YIL122W,3.3171593250003184e-10
YDR451C,YCL029C,2.51251047744816e-10
YDR451C,YNL173C,5.778788181487471e-05
YDR451C,YLR452C,4.076530331076356e-06
YDR451C,YDL160C,0.0007586577557958663
YDR451C,YLR229C,0.03007899783551693
YDR451C,YML057W,9.509844676358625e-05
YDR451C,YER149C,7.792419154384334e-09
YDR451C,YMR305C,4.820412868866697e-05
YDR451C,YLR433C,8.9010249837429e-08
YDR451C,YJL073W,4.163823105751696e-11
YDR451C,YGR279C,2.381054242661662e-09
YDR451C,YKL190W,4.4340730198655365e-08
YDR451C,YGL089C,0.9716530442237854
YDR451C,YJL019W,0.0009476772975176573
YDR451C,YJL018W,0.0007121282978914678
YDR451C,YNR032C-A,0.00011136099783470854
YDR451C,YGL178W,1.1811655653559683e-08
YDR451C,YKL116C,3.7482457173609873e-06
YDR451C,YDL214C,0.00021916603145655245
YDR451C,YLR362W,1.042052444333308e-09
YDR451C,YER068W,4.584818924513456e-08
YDR451C,YHR084W,7.131950042094104e-06
YDR451C,YDR392W,0.0009695774060674012
YDR451C,YNL053W,1.248663394903815e-09
YDR451C,YGR040W,1.619614026227012e-10
YDR451C,YDL216C,0.0003580488555599004
YDR451C,YOL117W,5.936671527706494e-07
YDR451C,YJR086W,1.2760021945723565e-06
YDR451C,YMR025W,7.293864297264196e-12
YDR451C,YBR081C,2.852535089914454e-06
YDR451C,YFL026W,1.4896294260324794e-06
YDR451C,YHL007C,0.00013729074271395802
YDR451C,YNR044W,0.0004968938883394003
YDR451C,YNL271C,2.131001019733958e-05
YDR451C,YDR200C,0.00019399402663111687
YDR451C,YKL178C,7.186082241414371e-13
YDR451C,YOR212W,7.931044819997624e-05
YDR451C,YOL111C,3.0721976476471777e-14
YDR451C,YGL032C,2.5405228370800614e-05
YDR451C,YHR005C,4.551105803329847e-07
YDR451C,YDR103W,0.14406900107860565
YDR451C,YJR084W,0.21220672130584717
YDR451C,YCL032W,1.315309782512486e-05
YDR451C,YJL170C,0.9999982118606567
YDR451C,YDR179C,4.591922841967744e-09
YDR451C,YBR095C,4.0294024762849504e-14
YDR451C,YLL021W,0.03095121495425701
YDR451C,YDL159W,8.531085888535023e-19
YDR451C,YNL161W,0.0017062576953321695
YDR451C,YNL188W,5.109851777818086e-11
YDR451C,YJL157C,2.9078114494041074e-06
YDR451C,YJL034W,4.929896421645985e-11
YDR451C,YLR238W,0.0012767926091328263
YDR451C,YPR141C,0.0008390192524529994
YDR451C,YNL127W,0.004710444714874029
YDR451C,YCL055W,7.95792858693245e-12
YDR451C,YPR122W,2.520521569238099e-10
YDR451C,YMR065W,0.006573765072971582
YDR451C,YDR356W,0.0003249707806389779
YDR451C,YMR052W,4.868033443017339e-07
YDR451C,YFR008W,0.997055172920227
YDR451C,YLL043W,4.667801931645954e-07
YDR451C,YMR029C,3.180108024025685e-06
YDR451C,YJR004C,4.597279154583411e-12
YDR451C,YDL223C,2.6040501609962512e-14
YDR451C,YHR158C,4.630224204049682e-09
YDR451C,YGR238C,0.0004155076458118856
YDR451C,YIL015W,1.9385930499993265e-05
YDR451C,YGL173C,2.80585591099225e-05
YDR451C,YDL225W,8.665594464218884e-08
YDR451C,YLR330W,3.686705269956292e-07
YDR451C,YBR129C,7.71436098148115e-05
YDR451C,YKR095W-A,0.2020167112350464
YDR451C,YPR075C,2.4767476247689046e-07
YDR451C,YMR198W,1.6717855544357008e-07
YDR451C,YOR127W,3.40368433171534e-06
YDR451C,YDR264C,0.00032132104388438165
YDR451C,YLR110C,2.2808754884806604e-09
YDR451C,YDR379W,5.9508663980523124e-05
YDR451C,YDL100C,4.433954071958457e-12
YDR451C,YHR073W,1.9812526619311654e-11
YDR451C,YJR090C,3.3686596907500643e-06
YDR451C,YOR208W,1.572859274464114e-13
YDR451C,YBR040W,0.4538896977901459
YDR451C,YNL279W,8.48111230880022e-05
YDR451C,YER075C,3.667387574179948e-13
YDR451C,YCR089W,3.1785555165697588e-06
YDR451C,YCR002C,0.00011138690751977265
YDR451C,YJL108C,0.0007667263271287084
YDR451C,YBR200W,1.4920798818707226e-08
YDR451C,YIL026C,8.061483072197007e-07
YDR451C,YJR076C,1.5963893618478608e-12
YDR451C,YKR031C,0.005426145624369383
YDR451C,YPL192C,0.5636119842529297
YDR451C,YHR107C,0.00024941033916547894
YDR451C,YIL037C,0.4816509485244751
YDR451C,YPL156C,0.0008911929908208549
YDR451C,YIL117C,1.4854102335016997e-15
YDR451C,YHR066W,4.8348363634431735e-05
YDR451C,YML085C,0.00023443558893632144
YDR451C,YML047C,0.07579116523265839
YDR451C,YDR312W,1.4429386574477121e-08
YDR451C,YFL037W,1.8765540510390366e-10
YDR451C,YDL038C,0.2020167112350464
YDR451C,YDL039C,5.968292402175682e-15
YDR451C,YCL027W,4.18273702962324e-06
YDR451C,YML124C,0.00036908366018906236
YDR451C,YGL053W,0.027441781014204025
YDR451C,YMR232W,1.710905337404256e-07
YDR451C,YNL298W,2.0763961572356493e-07
YDR451C,YGL099W,9.476682549802717e-08
YDR451C,YBL016W,2.7272291092117484e-08
YDR451C,YAL041W,1.4856421870490522e-08
YDR451C,YDR085C,1.300901476497529e-05
YDR451C,YPL187W,0.002042879583314061
YDR451C,YPL256C,0.13426938652992249
YDR451C,YDR461W,5.014037185446796e-08
YDR451C,YNL145W,0.0019830670207738876
YNL151C,YDL165W,6.703325672319238e-10
YNL151C,YGR059W,2.799401045194827e-06
YNL151C,YBR109C,1.1459845154604409e-05
YNL151C,YJL080C,0.003587979357689619
YNL151C,YCR093W,0.0003958273446187377
YNL151C,YIL122W,4.414841043853812e-07
YNL151C,YCL029C,5.266772018508448e-10
YNL151C,YNL173C,0.009834456257522106
YNL151C,YLR452C,0.4658944606781006
YNL151C,YDL160C,0.019054139032959938
YNL151C,YLR229C,1.0506730034609557e-11
YNL151C,YML057W,1.1693191369265498e-15
YNL151C,YER149C,2.7585120060576174e-13
YNL151C,YMR305C,6.627954280702397e-05
YNL151C,YLR433C,0.00014094072685111314
YNL151C,YJL073W,3.3217759055556573e-13
YNL151C,YGR279C,1.0867203838194062e-11
YNL151C,YKL190W,3.0398769013118e-06
YNL151C,YGL089C,3.0291750590549782e-05
YNL151C,YJL019W,2.6621989945851965e-08
YNL151C,YJL018W,0.00020806214888580143
YNL151C,YNR032C-A,1.9694571165018715e-05
YNL151C,YGL178W,2.5338908017147332e-05
YNL151C,YKL116C,2.612420479594646e-12
YNL151C,YDL214C,6.157151455354892e-10
YNL151C,YLR362W,9.779863585634985e-10
YNL151C,YER068W,2.4781321092404163e-11
YNL151C,YHR084W,5.0925116568123485e-08
YNL151C,YDR392W,4.4917602082250596e-08
YNL151C,YNL053W,0.006692883092910051
YNL151C,YGR040W,0.0003988331009168178
YNL151C,YDL216C,3.4755845490508364e-07
YNL151C,YOL117W,1.1189760016350192e-06
YNL151C,YJR086W,2.4310484292300316e-08
YNL151C,YMR025W,0.012654663063585758
YNL151C,YBR081C,7.739398279227316e-05
YNL151C,YFL026W,0.9999921321868896
YNL151C,YHL007C,1.0449523468736288e-09
YNL151C,YNR044W,0.05557379871606827
YNL151C,YNL271C,2.343532833037898e-05
YNL151C,YDR200C,8.67063625759057e-12
YNL151C,YKL178C,0.015861155465245247
YNL151C,YOR212W,0.006960013881325722
YNL151C,YOL111C,5.3443752895399044e-11
YNL151C,YGL032C,0.0004450758278835565
YNL151C,YHR005C,0.19109489023685455
YNL151C,YDR103W,0.0003225053660571575
YNL151C,YJR084W,3.559486705384529e-09
YNL151C,YCL032W,1.6737016286794137e-11
YNL151C,YJL170C,0.9850045442581177
YNL151C,YDR179C,1.1393871401921274e-09
YNL151C,YBR095C,5.350629939115947e-10
YNL151C,YLL021W,0.0002938316320069134
YNL151C,YDL159W,8.27619494204318e-13
YNL151C,YNL161W,0.3610711693763733
YNL151C,YNL188W,5.353840201033355e-12
YNL151C,YJL157C,0.004618798848241568
YNL151C,YJL034W,1.2031341363721165e-13
YNL151C,YLR238W,3.893865994086809e-07
YNL151C,YPR141C,2.366416840260399e-09
YNL151C,YNL127W,0.42879757285118103
YNL151C,YCL055W,7.657117717663198e-10
YNL151C,YPR122W,2.192794272559695e-05
YNL151C,YMR065W,0.16655394434928894
YNL151C,YDR356W,1.7312281386239192e-07
YNL151C,YMR052W,3.131205448880792e-05
YNL151C,YFR008W,0.034341078251600266
YNL151C,YLL043W,1.5248596829664507e-10
YNL151C,YMR029C,0.0006386199383996427
YNL151C,YJR004C,4.5245306728113575e-15
YNL151C,YDL223C,1.801706810684898e-21
YNL151C,YHR158C,0.41091492772102356
YNL151C,YGR238C,1.9764166431929242e-12
YNL151C,YIL015W,0.999715268611908
YNL151C,YGL173C,3.088005178142339e-05
YNL151C,YDL225W,1.915985421874211e-06
YNL151C,YLR330W,9.537632490697837e-15
YNL151C,YBR129C,1.4865128225571844e-11
YNL151C,YKR095W-A,0.2020167112350464
YNL151C,YPR075C,6.753451771146501e-07
YNL151C,YMR198W,0.00024689131532795727
YNL151C,YOR127W,6.664494321739767e-06
YNL151C,YDR264C,0.001894901623018086
YNL151C,YLR110C,3.178681140525441e-07
YNL151C,YDR379W,0.8295982480049133
YNL151C,YDL100C,0.003302984172478318
YNL151C,YHR073W,1.0140830883353935e-11
YNL151C,YJR090C,4.009451259889829e-08
YNL151C,YOR208W,0.22462204098701477
YNL151C,YBR040W,0.2875075042247772
YNL151C,YNL279W,2.0957045820946263e-10
YNL151C,YER075C,1.0466522759600139e-08
YNL151C,YCR089W,0.0020779850892722607
YNL151C,YCR002C,3.3859555159665433e-09
YNL151C,YJL108C,0.0005197995924390852
YNL151C,YBR200W,2.6683082978706807e-05
YNL151C,YIL026C,9.411169760165095e-12
YNL151C,YJR076C,0.1365353912115097
YNL151C,YKR031C,0.3125915229320526
YNL151C,YPL192C,4.7231489475052513e-07
YNL151C,YHR107C,0.018652422353625298
YNL151C,YIL037C,0.06621887534856796
YNL151C,YPL156C,9.29270845517749e-06
YNL151C,YIL117C,0.23840279877185822
YNL151C,YHR066W,1.4999726166639783e-19
YNL151C,YML085C,6.158304660490443e-13
YNL151C,YML047C,0.023461002856492996
YNL151C,YDR312W,2.974272138089873e-05
YNL151C,YFL037W,4.30533655162435e-05
YNL151C,YDL038C,0.2020167112350464
YNL151C,YDL039C,0.001198470825329423
YNL151C,YCL027W,2.8276249395275954e-06
YNL151C,YML124C,2.019819858242733e-12
YNL151C,YGL053W,2.409088206700716e-10
YNL151C,YMR232W,0.0007787210051901639
YNL151C,YNL298W,0.9647877812385559
YNL151C,YGL099W,2.5194298116413088e-18
YNL151C,YBL016W,1.2781470523084374e-14
YNL151C,YAL041W,1.6909112900975742e-06
YNL151C,YDR085C,0.32045769691467285
YNL151C,YPL187W,2.2049576386962144e-08
YNL151C,YPL256C,4.3810243518897785e-13
YNL151C,YDR461W,8.965632680713043e-09
YNL151C,YNL145W,3.247071163059445e-07
A1,YDL165W,0.2020167112350464
A1,YGR059W,0.2020167112350464
A1,YBR109C,0.2020167112350464
A1,YJL080C,0.2020167112350464
A1,YCR093W,0.2020167112350464
A1,YIL122W,0.2020167112350464
A1,YCL029C,0.2020167112350464
A1,YNL173C,0.2020167112350464
A1,YLR452C,0.2020167112350464
A1,YDL160C,0.2020167112350464
A1,YLR229C,0.2020167112350464
A1,YML057W,0.2020167112350464
A1,YER149C,0.2020167112350464
A1,YMR305C,0.2020167112350464
A1,YLR433C,0.2020167112350464
A1,YJL073W,0.2020167112350464
A1,YGR279C,0.2020167112350464
A1,YKL190W,0.2020167112350464
A1,YGL089C,0.2020167112350464
A1,YJL019W,0.2020167112350464
A1,YJL018W,0.2020167112350464
A1,YNR032C-A,0.2020167112350464
A1,YGL178W,0.2020167112350464
A1,YKL116C,0.2020167112350464
A1,YDL214C,0.2020167112350464
A1,YLR362W,0.2020167112350464
A1,YER068W,0.2020167112350464
A1,YHR084W,0.2020167112350464
A1,YDR392W,0.2020167112350464
A1,YNL053W,0.2020167112350464
A1,YGR040W,0.2020167112350464
A1,YDL216C,0.2020167112350464
A1,YOL117W,0.2020167112350464
A1,YJR086W,0.2020167112350464
A1,YMR025W,0.2020167112350464
A1,YBR081C,0.2020167112350464
A1,YFL026W,0.2020167112350464
A1,YHL007C,0.2020167112350464
A1,YNR044W,0.2020167112350464
A1,YNL271C,0.2020167112350464
A1,YDR200C,0.2020167112350464
A1,YKL178C,0.2020167112350464
A1,YOR212W,0.2020167112350464
A1,YOL111C,0.2020167112350464
A1,YGL032C,0.2020167112350464
A1,YHR005C,0.2020167112350464
A1,YDR103W,0.2020167112350464
A1,YJR084W,0.2020167112350464
A1,YCL032W,0.2020167112350464
A1,YJL170C,0.2020167112350464
A1,YDR179C,0.2020167112350464
A1,YBR095C,0.2020167112350464
A1,YLL021W,0.2020167112350464
A1,YDL159W,0.2020167112350464
A1,YNL161W,0.2020167112350464
A1,YNL188W,0.2020167112350464
A1,YJL157C,0.2020167112350464
A1,YJL034W,0.2020167112350464
A1,YLR238W,0.2020167112350464
A1,YPR141C,0.2020167112350464
A1,YNL127W,0.2020167112350464
A1,YCL055W,0.2020167112350464
A1,YPR122W,0.2020167112350464
A1,YMR065W,0.2020167112350464
A1,YDR356W,0.2020167112350464
A1,YMR052W,0.2020167112350464
A1,YFR008W,0.2020167112350464
A1,YLL043W,0.2020167112350464
A1,YMR029C,0.2020167112350464
A1,YJR004C,0.2020167112350464
A1,YDL223C,0.2020167112350464
A1,YHR158C,0.2020167112350464
A1,YGR238C,0.2020167112350464
A1,YIL015W,0.2020167112350464
A1,YGL173C,0.2020167112350464
A1,YDL225W,0.2020167112350464
A1,YLR330W,0.2020167112350464
A1,YBR129C,0.2020167112350464
A1,YKR095W-A,0.2020167112350464
A1,YPR075C,0.2020167112350464
A1,YMR198W,0.2020167112350464
A1,YOR127W,0.2020167112350464
A1,YDR264C,0.2020167112350464
A1,YLR110C,0.2020167112350464
A1,YDR379W,0.2020167112350464
A1,YDL100C,0.2020167112350464
A1,YHR073W,0.2020167112350464
A1,YJR090C,0.2020167112350464
A1,YOR208W,0.2020167112350464
A1,YBR040W,0.2020167112350464
A1,YNL279W,0.2020167112350464
A1,YER075C,0.2020167112350464
A1,YCR089W,0.2020167112350464
A1,YCR002C,0.2020167112350464
A1,YJL108C,0.2020167112350464
A1,YBR200W,0.2020167112350464
A1,YIL026C,0.2020167112350464
A1,YJR076C,0.2020167112350464
A1,YKR031C,0.2020167112350464
A1,YPL192C,0.2020167112350464
A1,YHR107C,0.2020167112350464
A1,YIL037C,0.2020167112350464
A1,YPL156C,0.2020167112350464
A1,YIL117C,0.2020167112350464
A1,YHR066W,0.2020167112350464
A1,YML085C,0.2020167112350464
A1,YML047C,0.2020167112350464
A1,YDR312W,0.2020167112350464
A1,YFL037W,0.2020167112350464
A1,YDL038C,0.2020167112350464
A1,YDL039C,0.2020167112350464
A1,YCL027W,0.2020167112350464
A1,YML124C,0.2020167112350464
A1,YGL053W,0.2020167112350464
A1,YMR232W,0.2020167112350464
A1,YNL298W,0.2020167112350464
A1,YGL099W,0.2020167112350464
A1,YBL016W,0.2020167112350464
A1,YAL041W,0.2020167112350464
A1,YDR085C,0.2020167112350464
A1,YPL187W,0.2020167112350464
A1,YPL256C,0.2020167112350464
A1,YDR461W,0.2020167112350464
A1,YNL145W,0.2020167112350464
YCR075C,YDL165W,3.7831172114248524e-13
YCR075C,YGR059W,1.6100926147899486e-11
YCR075C,YBR109C,0.008084749802947044
YCR075C,YJL080C,1.876490358654337e-07
YCR075C,YCR093W,3.2023413609749696e-07
YCR075C,YIL122W,0.12794314324855804
YCR075C,YCL029C,6.703520849526967e-09
YCR075C,YNL173C,2.022524231426459e-10
YCR075C,YLR452C,1.4557631402567495e-05
YCR075C,YDL160C,3.093022019062808e-11
YCR075C,YLR229C,0.00973579566925764
YCR075C,YML057W,4.956019239443776e-08
YCR075C,YER149C,5.160641879109473e-13
YCR075C,YMR305C,2.218004772902571e-11
YCR075C,YLR433C,2.0095962394162115e-10
YCR075C,YJL073W,1.2169710316811688e-05
YCR075C,YGR279C,0.00027344076079316437
YCR075C,YKL190W,2.6138160646310693e-12
YCR075C,YGL089C,0.8122724294662476
YCR075C,YJL019W,0.00037275816430337727
YCR075C,YJL018W,0.009727079421281815
YCR075C,YNR032C-A,0.04258090257644653
YCR075C,YGL178W,0.1288001388311386
YCR075C,YKL116C,1.9145650753671362e-07
YCR075C,YDL214C,1.0900614142883569e-05
YCR075C,YLR362W,1.180183062388096e-07
YCR075C,YER068W,8.526675025766206e-12
YCR075C,YHR084W,1.3588410752163327e-07
YCR075C,YDR392W,1.1205512073786394e-08
YCR075C,YNL053W,0.12022852897644043
YCR075C,YGR040W,0.0031610741280019283
YCR075C,YDL216C,3.500994580463157e-06
YCR075C,YOL117W,1.9401933393226045e-09
YCR075C,YJR086W,0.49485015869140625
YCR075C,YMR025W,4.736572245533921e-10
YCR075C,YBR081C,6.572493105316823e-10
YCR075C,YFL026W,3.4936324055934165e-08
YCR075C,YHL007C,1.6169757754980196e-09
YCR075C,YNR044W,0.07533002644777298
YCR075C,YNL271C,3.835262774032344e-08
YCR075C,YDR200C,3.4339951326956e-08
YCR075C,YKL178C,8.591105604693894e-09
YCR075C,YOR212W,2.8141952498117462e-05
YCR075C,YOL111C,6.034828127672587e-13
YCR075C,YGL032C,0.00031674630008637905
YCR075C,YHR005C,2.1428627405839507e-06
YCR075C,YDR103W,6.740249469672221e-10
YCR075C,YJR084W,0.5422710180282593
YCR075C,YCL032W,0.14368583261966705
YCR075C,YJL170C,0.0015481403097510338
YCR075C,YDR179C,4.974928060619277e-07
YCR075C,YBR095C,3.6594042285287287e-06
YCR075C,YLL021W,4.26396900365944e-06
YCR075C,YDL159W,0.00105882971547544
YCR075C,YNL161W,0.9784836769104004
YCR075C,YNL188W,1.77368781351106e-06
YCR075C,YJL157C,0.21412698924541473
YCR075C,YJL034W,5.972099481610371e-10
YCR075C,YLR238W,3.4773428581047483e-09
YCR075C,YPR141C,1.6928443358210643e-07
YCR075C,YNL127W,3.1029638858370845e-09
YCR075C,YCL055W,0.7028281092643738
YCR075C,YPR122W,2.0812346974707907e-06
YCR075C,YMR065W,0.4667808413505554
YCR075C,YDR356W,5.1835882253215004e-09
YCR075C,YMR052W,3.5939993203726317e-09
YCR075C,YFR008W,3.974874289269792e-06
YCR075C,YLL043W,6.864090096314612e-08
YCR075C,YMR029C,3.561115590855479e-05
YCR075C,YJR004C,0.00016914022853597999
YCR075C,YDL223C,4.162241785938534e-19
YCR075C,YHR158C,1.041008417246303e-07
YCR075C,YGR238C,8.924569527835047e-08
YCR075C,YIL015W,0.44847890734672546
YCR075C,YGL173C,2.4765721917674455e-08
YCR075C,YDL225W,2.125321316270856e-06
YCR075C,YLR330W,1.2232584367666277e-07
YCR075C,YBR129C,9.26836107861817e-11
YCR075C,YKR095W-A,0.2020167112350464
YCR075C,YPR075C,1.2334739946867417e-16
YCR075C,YMR198W,4.39539180661086e-05
YCR075C,YOR127W,0.03212480619549751
YCR075C,YDR264C,1.9766960122069577e-06
YCR075C,YLR110C,3.122409353295552e-08
YCR075C,YDR379W,4.198727310722461e-06
YCR075C,YDL100C,0.20057953894138336
YCR075C,YHR073W,0.024561047554016113
YCR075C,YJR090C,3.134348298772238e-05
YCR075C,YOR208W,2.398502374489908e-07
YCR075C,YBR040W,0.9996292591094971
YCR075C,YNL279W,0.029703030362725258
YCR075C,YER075C,8.338670886587352e-05
YCR075C,YCR089W,2.8415383823698903e-08
YCR075C,YCR002C,0.008006393909454346
YCR075C,YJL108C,1.236092543877021e-07
YCR075C,YBR200W,9.246225548862233e-17
YCR075C,YIL026C,3.190092229488073e-06
YCR075C,YJR076C,1.1746926702471683e-06
YCR075C,YKR031C,0.525061309337616
YCR075C,YPL192C,9.342720659333281e-07
YCR075C,YHR107C,8.611419843873591e-08
YCR075C,YIL037C,0.09722819924354553
YCR075C,YPL156C,2.805050598908565e-06
YCR075C,YIL117C,1.549753242402474e-10
YCR075C,YHR066W,7.771076219130423e-20
YCR075C,YML085C,1.2195804262316035e-12
YCR075C,YML047C,4.196367342501617e-07
YCR075C,YDR312W,4.062811198579652e-10
YCR075C,YFL037W,2.7825469928188795e-08
YCR075C,YDL038C,0.2020167112350464
YCR075C,YDL039C,2.7715976825344775e-16
YCR075C,YCL027W,2.7707190497494594e-07
YCR075C,YML124C,0.00029787636594846845
YCR075C,YGL053W,3.651146107586101e-05
YCR075C,YMR232W,3.9422803865818423e-07
YCR075C,YNL298W,1.4394922800420318e-06
YCR075C,YGL099W,1.241534652862697e-12
YCR075C,YBL016W,4.161606193520129e-05
YCR075C,YAL041W,5.841107153514713e-09
YCR075C,YDR085C,5.399848970744081e-11
YCR075C,YPL187W,0.001116063678637147
YCR075C,YPL256C,0.004185376688838005
YCR075C,YDR461W,0.0013211161131039262
YCR075C,YNL145W,3.710308102422566e-12
YMR186W,YDL165W,1.774355469952478e-14
YMR186W,YGR059W,2.0341620256658643e-05
YMR186W,YBR109C,1.1998285177894363e-11
YMR186W,YJL080C,8.429008359345236e-12
YMR186W,YCR093W,1.3440380826068576e-06
YMR186W,YIL122W,6.586681593034882e-06
YMR186W,YCL029C,1.9216798291532555e-12
YMR186W,YNL173C,0.000121517208754085
YMR186W,YLR452C,3.284327223704829e-14
YMR186W,YDL160C,3.834588202522582e-09
YMR186W,YLR229C,5.1430550485065396e-08
YMR186W,YML057W,1.1986718163825572e-05
YMR186W,YER149C,1.676960863505883e-07
YMR186W,YMR305C,3.449929578125399e-11
YMR186W,YLR433C,1.0874170186525589e-07
YMR186W,YJL073W,2.711630031626555e-06
YMR186W,YGR279C,3.380693215149222e-06
YMR186W,YKL190W,1.2244961988816527e-12
YMR186W,YGL089C,4.739339346318538e-13
YMR186W,YJL019W,0.0001024310477077961
YMR186W,YJL018W,0.003182972315698862
YMR186W,YNR032C-A,3.9888407627586275e-05
YMR186W,YGL178W,9.472594229009701e-07
YMR186W,YKL116C,0.0005646758363582194
YMR186W,YDL214C,1.919949060846804e-10
YMR186W,YLR362W,3.7347872732830523e-13
YMR186W,YER068W,0.571408748626709
YMR186W,YHR084W,1.482343137126918e-10
YMR186W,YDR392W,3.288220251640439e-10
YMR186W,YNL053W,1.3434198686216453e-13
YMR186W,YGR040W,6.377578392857686e-05
YMR186W,YDL216C,6.184450954821452e-12
YMR186W,YOL117W,1.0595999988885496e-12
YMR186W,YJR086W,3.289477845669353e-08
YMR186W,YMR025W,1.2024689510781172e-07
YMR186W,YBR081C,0.039837926626205444
YMR186W,YFL026W,2.2408220620712257e-15
YMR186W,YHL007C,3.4460153841564534e-08
YMR186W,YNR044W,4.750788521259985e-13
YMR186W,YNL271C,7.74023547478464e-08
YMR186W,YDR200C,3.4697204682743177e-06
YMR186W,YKL178C,1.8751336028799415e-05
YMR186W,YOR212W,1.4853647054807848e-15
YMR186W,YOL111C,7.540710066678002e-05
YMR186W,YGL032C,3.0573094056407513e-10
YMR186W,YHR005C,9.464628237765282e-05
YMR186W,YDR103W,8.109761324703868e-07
YMR186W,YJR084W,1.925273551695028e-10
YMR186W,YCL032W,1.3523701269946287e-08
YMR186W,YJL170C,1.5705922077214468e-14
YMR186W,YDR179C,9.405602519052536e-09
YMR186W,YBR095C,1.5509736840613186e-05
YMR186W,YLL021W,2.786866223902784e-11
YMR186W,YDL159W,2.736987611377806e-13
YMR186W,YNL161W,0.020885366946458817
YMR186W,YNL188W,8.091466163762107e-09
YMR186W,YJL157C,1.0554470186718845e-08
YMR186W,YJL034W,4.705140357191828e-13
YMR186W,YLR238W,7.920011637316292e-16
YMR186W,YPR141C,3.465006614966626e-10
YMR186W,YNL127W,7.372793220383755e-08
YMR186W,YCL055W,6.604256597435472e-15
YMR186W,YPR122W,0.010349942371249199
YMR186W,YMR065W,5.530116989338474e-11
YMR186W,YDR356W,7.013381431164589e-09
YMR186W,YMR052W,1.0897346913729677e-10
YMR186W,YFR008W,7.613031333000928e-15
YMR186W,YLL043W,2.0270880460304674e-11
YMR186W,YMR029C,9.375842463521522e-11
YMR186W,YJR004C,2.680130819499027e-06
YMR186W,YDL223C,4.4233781041293674e-16
YMR186W,YHR158C,7.811014074832201e-05
YMR186W,YGR238C,5.555227744480362e-07
YMR186W,YIL015W,3.0706909456057474e-05
YMR186W,YGL173C,4.4414432522899006e-06
YMR186W,YDL225W,9.223624086729387e-10
YMR186W,YLR330W,8.948219942794822e-10
YMR186W,YBR129C,4.543171616688824e-09
YMR186W,YKR095W-A,0.2020167112350464
YMR186W,YPR075C,6.944757546811786e-10
YMR186W,YMR198W,5.638874256419513e-08
YMR186W,YOR127W,8.699725835559224e-12
YMR186W,YDR264C,2.4306912038696282e-08
YMR186W,YLR110C,2.996847908720568e-11
YMR186W,YDR379W,7.788986344792193e-09
YMR186W,YDL100C,9.821193858172705e-10
YMR186W,YHR073W,2.3645351632239908e-07
YMR186W,YJR090C,1.5994549018572002e-09
YMR186W,YOR208W,0.00020841417426709086
YMR186W,YBR040W,0.0013810851378366351
YMR186W,YNL279W,0.0003879930591210723
YMR186W,YER075C,4.433690303784488e-09
YMR186W,YCR089W,5.218536106715854e-13
YMR186W,YCR002C,6.296776901976164e-12
YMR186W,YJL108C,1.4083002497500274e-07
YMR186W,YBR200W,8.882365065687736e-09
YMR186W,YIL026C,0.00017833539459388703
YMR186W,YJR076C,2.177191163355019e-06
YMR186W,YKR031C,9.174466519823454e-09
YMR186W,YPL192C,1.5694147350586718e-06
YMR186W,YHR107C,1.3013394528638145e-10
YMR186W,YIL037C,7.864057849360506e-09
YMR186W,YPL156C,8.105183191275955e-09
YMR186W,YIL117C,2.2971549662464952e-10
YMR186W,YHR066W,0.001134031335823238
YMR186W,YML085C,3.472269000104333e-11
YMR186W,YML047C,3.364607925604446e-09
YMR186W,YDR312W,0.0016577912028878927
YMR186W,YFL037W,5.703298029402504e-07
YMR186W,YDL038C,0.2020167112350464
YMR186W,YDL039C,1.8339737280909096e-12
YMR186W,YCL027W,2.1181069051467993e-11
YMR186W,YML124C,1.4965979844294708e-11
YMR186W,YGL053W,3.612536758623719e-08
YMR186W,YMR232W,1.95765242096968e-05
YMR186W,YNL298W,2.1573289359366754e-06
YMR186W,YGL099W,2.45051601233115e-09
YMR186W,YBL016W,3.7354351434260025e-07
YMR186W,YAL041W,1.6138523406539207e-08
YMR186W,YDR085C,4.716785230625409e-13
YMR186W,YPL187W,2.3038005281250662e-08
YMR186W,YPL256C,1.1298422464278701e-07
YMR186W,YDR461W,1.188794563142118e-14
YMR186W,YNL145W,2.0846123049977905e-07
YIL076W,YDL165W,7.584067380182746e-13
YIL076W,YGR059W,3.7310514920674276e-12
YIL076W,YBR109C,7.155762527660814e-12
YIL076W,YJL080C,1.2209304678378885e-08
YIL076W,YCR093W,0.00040479376912117004
YIL076W,YIL122W,5.15483520757698e-07
YIL076W,YCL029C,1.6554319065696666e-24
YIL076W,YNL173C,1.1023983503832824e-08
YIL076W,YLR452C,9.063767097972075e-11
YIL076W,YDL160C,6.427889904375705e-13
YIL076W,YLR229C,1.2223594532401183e-11
YIL076W,YML057W,1.8544760678196326e-06
YIL076W,YER149C,5.273534952721093e-06
YIL076W,YMR305C,3.702375073189046e-09
YIL076W,YLR433C,1.0440702524761036e-08
YIL076W,YJL073W,9.704306108693217e-11
YIL076W,YGR279C,2.8717445054707216e-16
YIL076W,YKL190W,1.079729861075407e-09
YIL076W,YGL089C,4.985710737488713e-13
YIL076W,YJL019W,1.4633831142418785e-06
YIL076W,YJL018W,0.1403515338897705
YIL076W,YNR032C-A,0.2459876537322998
YIL076W,YGL178W,1.0848203446656157e-09
YIL076W,YKL116C,1.741392030574218e-09
YIL076W,YDL214C,2.9715263583085516e-10
YIL076W,YLR362W,0.0001039854105329141
YIL076W,YER068W,1.0120045079720086e-10
YIL076W,YHR084W,3.716191258718027e-06
YIL076W,YDR392W,1.403835199198511e-06
YIL076W,YNL053W,0.16212639212608337
YIL076W,YGR040W,0.0001256624236702919
YIL076W,YDL216C,0.00029915253981016576
YIL076W,YOL117W,2.4220646821504488e-08
YIL076W,YJR086W,1.4192959270076244e-06
YIL076W,YMR025W,3.415723650104785e-12
YIL076W,YBR081C,3.355854971687222e-07
YIL076W,YFL026W,7.846064242755801e-09
YIL076W,YHL007C,9.018912006109048e-11
YIL076W,YNR044W,0.00010929618292720988
YIL076W,YNL271C,1.7638536746744649e-06
YIL076W,YDR200C,7.834346642558374e-15
YIL076W,YKL178C,9.436852997168899e-05
YIL076W,YOR212W,1.307570163255889e-09
YIL076W,YOL111C,3.1910805109447438e-09
YIL076W,YGL032C,1.4708802231755413e-10
YIL076W,YHR005C,1.2447898370737676e-05
YIL076W,YDR103W,7.000834374021325e-12
YIL076W,YJR084W,2.0859959093399993e-08
YIL076W,YCL032W,1.9478827653074404e-06
YIL076W,YJL170C,0.00012080193846486509
YIL076W,YDR179C,4.611182703229133e-06
YIL076W,YBR095C,2.712450576647374e-11
YIL076W,YLL021W,4.3378535897857506e-13
YIL076W,YDL159W,2.309605701134032e-10
YIL076W,YNL161W,1.4805920045546372e-06
YIL076W,YNL188W,6.8052559143438884e-09
YIL076W,YJL157C,1.4337467324487818e-10
YIL076W,YJL034W,7.863382833761534e-09
YIL076W,YLR238W,1.4216414712109327e-08
YIL076W,YPR141C,2.8643764693470075e-08
YIL076W,YNL127W,2.943672866226321e-12
YIL076W,YCL055W,1.2307375951703392e-10
YIL076W,YPR122W,8.219111435892046e-08
YIL076W,YMR065W,3.7054000756597816e-08
YIL076W,YDR356W,7.302491944471967e-09
YIL076W,YMR052W,1.7826699838519033e-10
YIL076W,YFR008W,1.5609648018610756e-09
YIL076W,YLL043W,2.3859380249291462e-08
YIL076W,YMR029C,6.292616983039068e-10
YIL076W,YJR004C,3.4521410100500248e-15
YIL076W,YDL223C,4.800209808308864e-06
YIL076W,YHR158C,0.7875648736953735
YIL076W,YGR238C,0.0002511719358153641
YIL076W,YIL015W,1.1803142014113477e-12
YIL076W,YGL173C,2.3734250699638864e-15
YIL076W,YDL225W,3.140220375397185e-11
YIL076W,YLR330W,5.2235162861791196e-09
YIL076W,YBR129C,2.790046271883913e-15
YIL076W,YKR095W-A,0.2020167112350464
YIL076W,YPR075C,6.909885164052554e-11
YIL076W,YMR198W,6.607231428645832e-11
YIL076W,YOR127W,7.72614594524157e-09
YIL076W,YDR264C,2.276845240123393e-10
YIL076W,YLR110C,1.8336940854624117e-08
YIL076W,YDR379W,1.7487622017142712e-08
YIL076W,YDL100C,2.4546989874779657e-12
YIL076W,YHR073W,7.844663503855931e-15
YIL076W,YJR090C,5.2309905403591025e-14
YIL076W,YOR208W,1.660060661379248e-06
YIL076W,YBR040W,0.31594401597976685
YIL076W,YNL279W,2.501337359461786e-09
YIL076W,YER075C,1.2814655579891903e-16
YIL076W,YCR089W,5.085812517791055e-06
YIL076W,YCR002C,9.321186666966241e-08
YIL076W,YJL108C,7.457598712790059e-06
YIL076W,YBR200W,2.395819870618099e-12
YIL076W,YIL026C,3.1976938458244675e-11
YIL076W,YJR076C,0.015648245811462402
YIL076W,YKR031C,2.037809736066265e-06
YIL076W,YPL192C,4.154912502940533e-08
YIL076W,YHR107C,0.02741534821689129
YIL076W,YIL037C,2.678584678506013e-07
YIL076W,YPL156C,2.2198111793159114e-08
YIL076W,YIL117C,1.5370894119147438e-13
YIL076W,YHR066W,6.958535852565062e-13
YIL076W,YML085C,3.712433485625333e-11
YIL076W,YML047C,4.724657992483117e-05
YIL076W,YDR312W,1.227021328986666e-08
YIL076W,YFL037W,3.6779654877250323e-09
YIL076W,YDL038C,0.2020167112350464
YIL076W,YDL039C,1.9939736528584717e-09
YIL076W,YCL027W,1.1342513733803017e-11
YIL076W,YML124C,2.9408905578121687e-15
YIL076W,YGL053W,9.820476273543835e-15
YIL076W,YMR232W,0.00012024901661789045
YIL076W,YNL298W,6.324681750546901e-11
YIL076W,YGL099W,0.0008708543609827757
YIL076W,YBL016W,4.7740925795958233e-11
YIL076W,YAL041W,4.2163253682718504e-13
YIL076W,YDR085C,1.0844122821929147e-10
YIL076W,YPL187W,6.502361316051974e-08
YIL076W,YPL256C,1.3649187335929014e-10
YIL076W,YDR461W,2.8868199063863953e-12
YIL076W,YNL145W,4.369017148064813e-09
YNL241C,YDL165W,5.897897170648037e-10
YNL241C,YGR059W,9.13426209669943e-11
YNL241C,YBR109C,2.484057057272615e-11
YNL241C,YJL080C,4.61938716445065e-11
YNL241C,YCR093W,5.338253322406672e-05
YNL241C,YIL122W,2.6740137855085777e-06
YNL241C,YCL029C,8.216663445637096e-06
YNL241C,YNL173C,3.681811528832152e-13
YNL241C,YLR452C,7.522062942140473e-13
YNL241C,YDL160C,3.30628827214241e-05
YNL241C,YLR229C,3.5950063193013193e-06
YNL241C,YML057W,8.732186085325111e-10
YNL241C,YER149C,0.0017311281990259886
YNL241C,YMR305C,7.852624861470758e-08
YNL241C,YLR433C,9.978318518677476e-12
YNL241C,YJL073W,1.699713097049263e-13
YNL241C,YGR279C,9.650339202879263e-14
YNL241C,YKL190W,1.7887597734403057e-14
YNL241C,YGL089C,4.7573447403692626e-09
YNL241C,YJL019W,1.0268825720305408e-11
YNL241C,YJL018W,0.0014214287512004375
YNL241C,YNR032C-A,5.323855657479726e-05
YNL241C,YGL178W,0.054740261286497116
YNL241C,YKL116C,7.81805065130925e-10
YNL241C,YDL214C,7.757730054436252e-05
YNL241C,YLR362W,6.202227723406395e-06
YNL241C,YER068W,1.453259483241709e-05
YNL241C,YHR084W,5.2511427061948575e-18
YNL241C,YDR392W,3.854550413961988e-06
YNL241C,YNL053W,7.952997549409702e-08
YNL241C,YGR040W,8.508301618803671e-08
YNL241C,YDL216C,6.934861858098884e-07
YNL241C,YOL117W,1.3666439713233558e-07
YNL241C,YJR086W,4.5426576389395734e-10
YNL241C,YMR025W,0.0156013872474432
YNL241C,YBR081C,1.0753906281024683e-06
YNL241C,YFL026W,5.723203101250295e-17
YNL241C,YHL007C,4.71878249884553e-17
YNL241C,YNR044W,1.6450918405297443e-09
YNL241C,YNL271C,4.398207309463942e-08
YNL241C,YDR200C,6.971516268095002e-05
YNL241C,YKL178C,0.00010210405889665708
YNL241C,YOR212W,7.215356140528612e-15
YNL241C,YOL111C,2.634468511397703e-11
YNL241C,YGL032C,1.9096174161752214e-17
YNL241C,YHR005C,6.046362077682943e-09
YNL241C,YDR103W,3.9210776847653506e-09
YNL241C,YJR084W,4.020120000780558e-11
YNL241C,YCL032W,1.3888136474182744e-10
YNL241C,YJL170C,2.6235144699043866e-13
YNL241C,YDR179C,5.436472601846702e-15
YNL241C,YBR095C,2.4484277219016803e-06
YNL241C,YLL021W,1.0453798417187077e-11
YNL241C,YDL159W,1.6755363958509406e-06
YNL241C,YNL161W,6.463552040258946e-07
YNL241C,YNL188W,1.6910525757474204e-10
YNL241C,YJL157C,1.3352050339321474e-16
YNL241C,YJL034W,1.8833000694168058e-16
YNL241C,YLR238W,3.870980435749516e-06
YNL241C,YPR141C,6.1555837760352e-08
YNL241C,YNL127W,8.479733878630213e-06
YNL241C,YCL055W,1.1930747730905245e-13
YNL241C,YPR122W,1.868788734871174e-10
YNL241C,YMR065W,0.00041096939821727574
YNL241C,YDR356W,1.8965264416692662e-06
YNL241C,YMR052W,7.588926709267696e-10
YNL241C,YFR008W,8.186361202637549e-13
YNL241C,YLL043W,0.00238022324629128
YNL241C,YMR029C,4.5160519768217e-09
YNL241C,YJR004C,8.729495704073997e-08
YNL241C,YDL223C,1.484106078048636e-13
YNL241C,YHR158C,0.0004137136274948716
YNL241C,YGR238C,6.894136390656058e-07
YNL241C,YIL015W,2.358816787728646e-11
YNL241C,YGL173C,9.323800753691103e-08
YNL241C,YDL225W,1.0313319762644824e-06
YNL241C,YLR330W,2.340001803435854e-10
YNL241C,YBR129C,7.778638178024266e-09
YNL241C,YKR095W-A,0.2020167112350464
YNL241C,YPR075C,1.541669831794934e-07
YNL241C,YMR198W,8.75490435703341e-09
YNL241C,YOR127W,3.3706513136166905e-07
YNL241C,YDR264C,3.16920018006428e-10
YNL241C,YLR110C,1.5003420479332537e-15
YNL241C,YDR379W,8.252838516742411e-12
YNL241C,YDL100C,7.878146746076453e-11
YNL241C,YHR073W,0.10794539749622345
YNL241C,YJR090C,8.205593322874183e-12
YNL241C,YOR208W,7.410411173580655e-11
YNL241C,YBR040W,3.794490112341009e-05
YNL241C,YNL279W,2.9746293876087293e-05
YNL241C,YER075C,1.2597383829415776e-06
YNL241C,YCR089W,4.2185661214277914e-11
YNL241C,YCR002C,8.353656308357493e-12
YNL241C,YJL108C,0.0001443340297555551
YNL241C,YBR200W,7.45020329873114e-08
YNL241C,YIL026C,6.871326831969782e-07
YNL241C,YJR076C,0.051215700805187225
YNL241C,YKR031C,0.0005405257688835263
YNL241C,YPL192C,0.49184757471084595
YNL241C,YHR107C,9.586030753905295e-12
YNL241C,YIL037C,6.286815187195316e-05
YNL241C,YPL156C,1.0038984328275546e-05
YNL241C,YIL117C,1.3065072400418164e-14
YNL241C,YHR066W,6.888171876959746e-15
YNL241C,YML085C,0.009635617956519127
YNL241C,YML047C,5.799136778422698e-12
YNL241C,YDR312W,4.561822919413316e-09
YNL241C,YFL037W,5.1588182510553526e-14
YNL241C,YDL038C,0.2020167112350464
YNL241C,YDL039C,4.691713123149317e-14
YNL241C,YCL027W,5.33649097134159e-11
YNL241C,YML124C,4.560920174867533e-08
YNL241C,YGL053W,5.951041326390794e-10
YNL241C,YMR232W,1.1866881322930567e-05
YNL241C,YNL298W,7.537411761404655e-07
YNL241C,YGL099W,9.35368427677774e-13
YNL241C,YBL016W,5.047382997669381e-11
YNL241C,YAL041W,3.7846859868295724e-08
YNL241C,YDR085C,8.515924632135352e-10
YNL241C,YPL187W,6.482304888777435e-05
YNL241C,YPL256C,4.342007855484553e-07
YNL241C,YDR461W,8.327512377700462e-21
YNL241C,YNL145W,1.5848256310802805e-18
YDL133C-A,YDL165W,0.0013196906074881554
YDL133C-A,YGR059W,2.4600508297112356e-09
YDL133C-A,YBR109C,0.0017379192868247628
YDL133C-A,YJL080C,4.203410753689241e-06
YDL133C-A,YCR093W,1.5175774592535163e-07
YDL133C-A,YIL122W,0.2528419494628906
YDL133C-A,YCL029C,0.002808172255754471
YDL133C-A,YNL173C,2.7483975095776714e-09
YDL133C-A,YLR452C,2.1605772726474015e-09
YDL133C-A,YDL160C,0.00015565149078611284
YDL133C-A,YLR229C,3.5518194181349827e-06
YDL133C-A,YML057W,2.66002825810574e-05
YDL133C-A,YER149C,7.853358852116799e-08
YDL133C-A,YMR305C,2.1067808955721468e-11
YDL133C-A,YLR433C,1.23364060300446e-07
YDL133C-A,YJL073W,2.776244173219311e-06
YDL133C-A,YGR279C,4.348275069787633e-06
YDL133C-A,YKL190W,1.641341668801033e-06
YDL133C-A,YGL089C,4.971384441887494e-06
YDL133C-A,YJL019W,0.6573715209960938
YDL133C-A,YJL018W,0.2020167112350464
YDL133C-A,YNR032C-A,0.0003080001915805042
YDL133C-A,YGL178W,4.159393403974868e-15
YDL133C-A,YKL116C,1.593453049508753e-07
YDL133C-A,YDL214C,8.762752190527578e-10
YDL133C-A,YLR362W,9.186748584077975e-11
YDL133C-A,YER068W,5.100628186482936e-07
YDL133C-A,YHR084W,5.054056565617637e-12
YDL133C-A,YDR392W,6.463968943437592e-11
YDL133C-A,YNL053W,9.004902976983507e-15
YDL133C-A,YGR040W,4.7443895709875505e-06
YDL133C-A,YDL216C,2.384946924394171e-07
YDL133C-A,YOL117W,4.650078011536607e-08
YDL133C-A,YJR086W,9.935258171722694e-10
YDL133C-A,YMR025W,4.3929091475547466e-07
YDL133C-A,YBR081C,0.00219542533159256
YDL133C-A,YFL026W,3.2889947276099063e-12
YDL133C-A,YHL007C,1.4456225017056568e-06
YDL133C-A,YNR044W,1.468205539367773e-07
YDL133C-A,YNL271C,6.973427946199706e-10
YDL133C-A,YDR200C,4.968720901388224e-08
YDL133C-A,YKL178C,5.55872784867989e-13
YDL133C-A,YOR212W,2.86345860217585e-12
YDL133C-A,YOL111C,4.529464026070684e-10
YDL133C-A,YGL032C,0.0006660418002866209
YDL133C-A,YHR005C,3.069823151236051e-08
YDL133C-A,YDR103W,5.213356502054012e-08
YDL133C-A,YJR084W,3.6903893274597976e-09
YDL133C-A,YCL032W,1.2517095023103835e-15
YDL133C-A,YJL170C,4.66316540936873e-10
YDL133C-A,YDR179C,2.009366423250114e-10
YDL133C-A,YBR095C,3.614976762378319e-08
YDL133C-A,YLL021W,1.3401907621862774e-12
YDL133C-A,YDL159W,8.305359004701085e-12
YDL133C-A,YNL161W,1.8121648182045647e-08
YDL133C-A,YNL188W,2.4234114064450307e-14
YDL133C-A,YJL157C,1.9040442111872835e-07
YDL133C-A,YJL034W,9.30782295682775e-09
YDL133C-A,YLR238W,3.972017111664172e-06
YDL133C-A,YPR141C,1.2907616642188202e-10
YDL133C-A,YNL127W,1.612264350114856e-05
YDL133C-A,YCL055W,8.781591565032443e-10
YDL133C-A,YPR122W,8.398004780474366e-08
YDL133C-A,YMR065W,8.744752449274529e-06
YDL133C-A,YDR356W,1.2372956916806288e-05
YDL133C-A,YMR052W,1.1068386811530218e-05
YDL133C-A,YFR008W,2.618444705149159e-05
YDL133C-A,YLL043W,8.285526709173041e-10
YDL133C-A,YMR029C,1.3956787370261736e-07
YDL133C-A,YJR004C,2.9774239962421234e-08
YDL133C-A,YDL223C,2.824935652154942e-13
YDL133C-A,YHR158C,0.0019261525012552738
YDL133C-A,YGR238C,1.710229665422377e-17
YDL133C-A,YIL015W,6.888878374411433e-07
YDL133C-A,YGL173C,8.972441719379276e-05
YDL133C-A,YDL225W,5.390832029661397e-07
YDL133C-A,YLR330W,2.2482579879579134e-05
YDL133C-A,YBR129C,6.037030289007816e-07
YDL133C-A,YKR095W-A,0.2020167112350464
YDL133C-A,YPR075C,7.133724277963438e-09
YDL133C-A,YMR198W,1.0221271935393836e-13
YDL133C-A,YOR127W,2.209410558862146e-05
YDL133C-A,YDR264C,7.806777801988574e-08
YDL133C-A,YLR110C,5.87157336640054e-11
YDL133C-A,YDR379W,0.022593732923269272
YDL133C-A,YDL100C,9.061005834531954e-10
YDL133C-A,YHR073W,1.431627705272831e-08
YDL133C-A,YJR090C,0.6256088018417358
YDL133C-A,YOR208W,0.09506745636463165
YDL133C-A,YBR040W,2.94181262683324e-10
YDL133C-A,YNL279W,7.878428142957619e-16
YDL133C-A,YER075C,1.7617550213816502e-12
YDL133C-A,YCR089W,0.0023996171075850725
YDL133C-A,YCR002C,3.2118617099285984e-08
YDL133C-A,YJL108C,0.0008193124085664749
YDL133C-A,YBR200W,3.919169841992698e-07
YDL133C-A,YIL026C,5.948847664472012e-11
YDL133C-A,YJR076C,3.7848778333682276e-07
YDL133C-A,YKR031C,3.597808699851157e-06
YDL133C-A,YPL192C,2.1210452061382057e-08
YDL133C-A,YHR107C,9.085042288782541e-14
YDL133C-A,YIL037C,1.9863038297485147e-11
YDL133C-A,YPL156C,5.862956647950668e-11
YDL133C-A,YIL117C,1.153029005607209e-09
YDL133C-A,YHR066W,5.489850796180917e-09
YDL133C-A,YML085C,3.043696183979705e-09
YDL133C-A,YML047C,0.04105067998170853
YDL133C-A,YDR312W,0.0007029363769106567
YDL133C-A,YFL037W,2.5120719306798156e-12
YDL133C-A,YDL038C,0.2020167112350464
YDL133C-A,YDL039C,2.5474589885471355e-12
YDL133C-A,YCL027W,1.843843655535693e-08
YDL133C-A,YML124C,2.458423068674165e-06
YDL133C-A,YGL053W,8.524854433478168e-12
YDL133C-A,YMR232W,5.83064093007124e-07
YDL133C-A,YNL298W,8.667460497235879e-05
YDL133C-A,YGL099W,6.018574971733415e-09
YDL133C-A,YBL016W,6.005362318539653e-10
YDL133C-A,YAL041W,1.4521805269396282e-06
YDL133C-A,YDR085C,0.01116208266466856
YDL133C-A,YPL187W,3.924282054867945e-08
YDL133C-A,YPL256C,1.7630265303214543e-11
YDL133C-A,YDR461W,0.0006171324639581144
YDL133C-A,YNL145W,3.827271832790302e-10
YMR264W,YDL165W,1.1379780581396992e-12
YMR264W,YGR059W,3.48240192238336e-08
YMR264W,YBR109C,5.444684916255937e-07
YMR264W,YJL080C,3.2520202353225613e-07
YMR264W,YCR093W,5.791737089921867e-10
YMR264W,YIL122W,2.3226961332056817e-07
YMR264W,YCL029C,8.039276872295886e-05
YMR264W,YNL173C,5.158668241520394e-15
YMR264W,YLR452C,3.2730678611869735e-08
YMR264W,YDL160C,6.440432631649173e-09
YMR264W,YLR229C,3.091758671303069e-08
YMR264W,YML057W,6.487927816517525e-12
YMR264W,YER149C,7.72452157793424e-10
YMR264W,YMR305C,1.0037641291066324e-12
YMR264W,YLR433C,2.428113702990231e-06
YMR264W,YJL073W,1.2773764684892441e-11
YMR264W,YGR279C,8.318755817526835e-08
YMR264W,YKL190W,7.209940667962655e-05
YMR264W,YGL089C,3.841678017368899e-11
YMR264W,YJL019W,2.1817776030275127e-07
YMR264W,YJL018W,0.06259248405694962
YMR264W,YNR032C-A,0.20880140364170074
YMR264W,YGL178W,1.5772282568535245e-12
YMR264W,YKL116C,2.028282430899253e-08
YMR264W,YDL214C,7.788989023538306e-06
YMR264W,YLR362W,7.307138275791658e-06
YMR264W,YER068W,2.990591108087415e-10
YMR264W,YHR084W,6.153212054466062e-12
YMR264W,YDR392W,0.006236543878912926
YMR264W,YNL053W,9.190933525360379e-08
YMR264W,YGR040W,0.0241994746029377
YMR264W,YDL216C,0.039101216942071915
YMR264W,YOL117W,0.046133752912282944
YMR264W,YJR086W,3.193640837895195e-11
YMR264W,YMR025W,1.9155022528138943e-05
YMR264W,YBR081C,9.884628705825182e-12
YMR264W,YFL026W,4.54494148982576e-08
YMR264W,YHL007C,7.1324315342735645e-09
YMR264W,YNR044W,0.00038908407441340387
YMR264W,YNL271C,6.1668510298318324e-09
YMR264W,YDR200C,0.02699621021747589
YMR264W,YKL178C,1.169853658389286e-09
YMR264W,YOR212W,4.3246262748652953e-07
YMR264W,YOL111C,1.2391489223606555e-10
YMR264W,YGL032C,7.215732330223545e-05
YMR264W,YHR005C,2.6818054266186664e-06
YMR264W,YDR103W,1.705496742943069e-06
YMR264W,YJR084W,0.003760172752663493
YMR264W,YCL032W,2.2282638383330777e-05
YMR264W,YJL170C,5.203169166634325e-07
YMR264W,YDR179C,3.188573849399745e-09
YMR264W,YBR095C,0.0751604214310646
YMR264W,YLL021W,2.443479445446428e-07
YMR264W,YDL159W,9.269904547739208e-21
YMR264W,YNL161W,1.320976839025434e-08
YMR264W,YNL188W,0.0003019097202923149
YMR264W,YJL157C,0.887712299823761
YMR264W,YJL034W,4.6993451974230993e-07
YMR264W,YLR238W,0.0009549664100632071
YMR264W,YPR141C,1.4925621849570803e-10
YMR264W,YNL127W,2.1364765416365117e-05
YMR264W,YCL055W,6.842979018983897e-06
YMR264W,YPR122W,1.4434499462367967e-05
YMR264W,YMR065W,2.385426967066451e-07
YMR264W,YDR356W,3.962114317190846e-11
YMR264W,YMR052W,1.5664421149086394e-11
YMR264W,YFR008W,3.559628748917021e-05
YMR264W,YLL043W,3.2548808803767315e-07
YMR264W,YMR029C,0.0010423492640256882
YMR264W,YJR004C,0.3861548900604248
YMR264W,YDL223C,5.366827468544777e-11
YMR264W,YHR158C,1.5012215645940352e-14
YMR264W,YGR238C,2.1856821627337715e-17
YMR264W,YIL015W,0.0004347086069174111
YMR264W,YGL173C,7.782450707355336e-17
YMR264W,YDL225W,6.3712689638006914e-12
YMR264W,YLR330W,2.3424546746753094e-09
YMR264W,YBR129C,3.9409335170215165e-12
YMR264W,YKR095W-A,0.2020167112350464
YMR264W,YPR075C,1.504762568889373e-13
YMR264W,YMR198W,0.07308759540319443
YMR264W,YOR127W,1.0252342974581552e-08
YMR264W,YDR264C,7.877886571266968e-16
YMR264W,YLR110C,1.2109168778806634e-07
YMR264W,YDR379W,1.173455416392244e-06
YMR264W,YDL100C,1.186587069920697e-12
YMR264W,YHR073W,4.877878101439137e-09
YMR264W,YJR090C,6.2081921825551944e-09
YMR264W,YOR208W,2.2003566755302018e-06
YMR264W,YBR040W,3.078268719036714e-06
YMR264W,YNL279W,0.00010733820090536028
YMR264W,YER075C,3.015536833572696e-07
YMR264W,YCR089W,1.5877950065856794e-09
YMR264W,YCR002C,5.972543152318183e-14
YMR264W,YJL108C,0.09682050347328186
YMR264W,YBR200W,0.0014690777752548456
YMR264W,YIL026C,3.5621947058750436e-10
YMR264W,YJR076C,9.225004760082811e-05
YMR264W,YKR031C,1.1286582085601182e-10
YMR264W,YPL192C,1.418415195075795e-05
YMR264W,YHR107C,8.973365765996277e-05
YMR264W,YIL037C,0.07664380222558975
YMR264W,YPL156C,5.74624289123582e-12
YMR264W,YIL117C,0.0004965979605913162
YMR264W,YHR066W,8.514097515899266e-08
YMR264W,YML085C,1.0740462143607009e-17
YMR264W,YML047C,1.3595317795989104e-05
YMR264W,YDR312W,2.0412333157082685e-08
YMR264W,YFL037W,0.22635464370250702
YMR264W,YDL038C,0.2020167112350464
YMR264W,YDL039C,1.9024910070438933e-18
YMR264W,YCL027W,1.0861326700251084e-05
YMR264W,YML124C,1.495324930544939e-08
YMR264W,YGL053W,2.135216309318011e-11
YMR264W,YMR232W,2.0522097354813695e-09
YMR264W,YNL298W,2.769429556792602e-06
YMR264W,YGL099W,7.77473625843822e-13
YMR264W,YBL016W,1.8584318528525046e-09
YMR264W,YAL041W,5.649292589282595e-09
YMR264W,YDR085C,1.6945241441135295e-06
YMR264W,YPL187W,0.0024324802216142416
YMR264W,YPL256C,1.1918670139721144e-07
YMR264W,YDR461W,8.904488257854837e-12
YMR264W,YNL145W,0.11528344452381134
YLR308W,YDL165W,0.0021492664236575365
YLR308W,YGR059W,6.184466133651867e-11
YLR308W,YBR109C,6.686059350613505e-05
YLR308W,YJL080C,0.000196622553630732
YLR308W,YCR093W,1.1686447720649085e-07
YLR308W,YIL122W,1.3725729104407947e-06
YLR308W,YCL029C,3.7587415135931224e-07
YLR308W,YNL173C,9.640824600865017e-07
YLR308W,YLR452C,0.054937057197093964
YLR308W,YDL160C,5.220864522925694e-07
YLR308W,YLR229C,6.55480325804092e-05
YLR308W,YML057W,1.2227232247530306e-11
YLR308W,YER149C,9.517876605968922e-06
YLR308W,YMR305C,1.321318943148242e-09
YLR308W,YLR433C,0.06335040926933289
YLR308W,YJL073W,1.1625605367271419e-08
YLR308W,YGR279C,2.4229793518792953e-12
YLR308W,YKL190W,2.20812239604129e-08
YLR308W,YGL089C,0.0003183978551533073
YLR308W,YJL019W,1.3110945218386405e-08
YLR308W,YJL018W,0.0036589547526091337
YLR308W,YNR032C-A,0.0003210408613085747
YLR308W,YGL178W,1.1102235930593451e-06
YLR308W,YKL116C,9.17465836636211e-09
YLR308W,YDL214C,2.6689063815865666e-05
YLR308W,YLR362W,8.706428590229964e-13
YLR308W,YER068W,4.458656555073048e-09
YLR308W,YHR084W,0.00332770892418921
YLR308W,YDR392W,3.0292126211861614e-06
YLR308W,YNL053W,1.2321613951371546e-07
YLR308W,YGR040W,0.5853478312492371
YLR308W,YDL216C,0.013657528907060623
YLR308W,YOL117W,0.6041176915168762
YLR308W,YJR086W,0.0011783840600401163
YLR308W,YMR025W,0.20399808883666992
YLR308W,YBR081C,6.615858865188784e-07
YLR308W,YFL026W,0.0001533636823296547
YLR308W,YHL007C,1.1085895579299176e-07
YLR308W,YNR044W,2.407490455880179e-07
YLR308W,YNL271C,0.10286343842744827
YLR308W,YDR200C,1.8330354578210972e-05
YLR308W,YKL178C,1.5620899018742307e-10
YLR308W,YOR212W,7.154743798309937e-05
YLR308W,YOL111C,1.8392204426120884e-09
YLR308W,YGL032C,4.011255896330113e-06
YLR308W,YHR005C,0.009125676937401295
YLR308W,YDR103W,0.00025919359177351
YLR308W,YJR084W,2.6970049457619716e-11
YLR308W,YCL032W,2.4276965859826305e-07
YLR308W,YJL170C,2.2635085770161822e-05
YLR308W,YDR179C,1.1360791177139618e-05
YLR308W,YBR095C,4.821947149295097e-14
YLR308W,YLL021W,6.20082232671848e-07
YLR308W,YDL159W,2.1724458747485187e-06
YLR308W,YNL161W,6.743850917700911e-06
YLR308W,YNL188W,0.04480241611599922
YLR308W,YJL157C,1.9457165763014928e-05
YLR308W,YJL034W,3.2451849540926503e-10
YLR308W,YLR238W,0.00022418753360398114
YLR308W,YPR141C,2.811240351618949e-09
YLR308W,YNL127W,7.882455861363269e-07
YLR308W,YCL055W,3.488369803520547e-13
YLR308W,YPR122W,1.2985117869845908e-08
YLR308W,YMR065W,0.0017997459508478642
YLR308W,YDR356W,7.078420480866043e-07
YLR308W,YMR052W,0.03130239620804787
YLR308W,YFR008W,2.1667972760042176e-05
YLR308W,YLL043W,0.00039833306800574064
YLR308W,YMR029C,2.7970814553412993e-10
YLR308W,YJR004C,1.3694630069949199e-05
YLR308W,YDL223C,1.8751148203599577e-11
YLR308W,YHR158C,6.559565390862332e-11
YLR308W,YGR238C,5.919050067859644e-07
YLR308W,YIL015W,3.4813601814676076e-05
YLR308W,YGL173C,0.0001584486017236486
YLR308W,YDL225W,0.0006207221886143088
YLR308W,YLR330W,1.3086790331962028e-11
YLR308W,YBR129C,0.00022193865152075887
YLR308W,YKR095W-A,0.2020167112350464
YLR308W,YPR075C,1.4117534874458215e-07
YLR308W,YMR198W,0.014318713918328285
YLR308W,YOR127W,1.9982451249234146e-07
YLR308W,YDR264C,3.420120853192543e-10
YLR308W,YLR110C,5.433076211147636e-10
YLR308W,YDR379W,2.3524176867795177e-05
YLR308W,YDL100C,8.185940714611206e-06
YLR308W,YHR073W,5.442522127419025e-11
YLR308W,YJR090C,6.384612061083317e-05
YLR308W,YOR208W,3.443513529877151e-11
YLR308W,YBR040W,1.060816430253908e-06
YLR308W,YNL279W,6.378618127200752e-05
YLR308W,YER075C,0.26368969678878784
YLR308W,YCR089W,3.2260611959600283e-09
YLR308W,YCR002C,0.15823347866535187
YLR308W,YJL108C,4.756809612871393e-09
YLR308W,YBR200W,2.250830846151075e-07
YLR308W,YIL026C,0.0006737579242326319
YLR308W,YJR076C,2.3692493414273486e-05
YLR308W,YKR031C,6.013672191329533e-07
YLR308W,YPL192C,0.07018815726041794
YLR308W,YHR107C,1.5283260879073168e-08
YLR308W,YIL037C,0.03665831685066223
YLR308W,YPL156C,2.6224657631246373e-05
YLR308W,YIL117C,0.00011231654207222164
YLR308W,YHR066W,5.1457416105904485e-09
YLR308W,YML085C,6.341429070744198e-06
YLR308W,YML047C,1.3741208704232122e-06
YLR308W,YDR312W,1.2946228707733098e-05
YLR308W,YFL037W,1.7385623323207255e-06
YLR308W,YDL038C,0.2020167112350464
YLR308W,YDL039C,2.2782403164001153e-07
YLR308W,YCL027W,5.26602370598539e-08
YLR308W,YML124C,1.6633856514403078e-09
YLR308W,YGL053W,0.0008474373025819659
YLR308W,YMR232W,4.988669388694689e-05
YLR308W,YNL298W,0.002969436813145876
YLR308W,YGL099W,0.13120198249816895
YLR308W,YBL016W,0.0006912278477102518
YLR308W,YAL041W,1.8402460000288556e-08
YLR308W,YDR085C,0.0002537203545216471
YLR308W,YPL187W,5.957974735792959e-07
YLR308W,YPL256C,0.005848413333296776
YLR308W,YDR461W,0.9927737712860107
YLR308W,YNL145W,0.0006278480286709964
YLR009W,YDL165W,2.2513922285716595e-14
YLR009W,YGR059W,8.386291098681168e-15
YLR009W,YBR109C,1.3170364798753553e-09
YLR009W,YJL080C,5.114656431715048e-08
YLR009W,YCR093W,0.06693477183580399
YLR009W,YIL122W,3.1802510624956426e-10
YLR009W,YCL029C,1.5135711919356254e-06
YLR009W,YNL173C,6.762646442837195e-09
YLR009W,YLR452C,0.0015922238817438483
YLR009W,YDL160C,8.371565662912417e-09
YLR009W,YLR229C,1.1891206769254481e-11
YLR009W,YML057W,8.910709056932813e-19
YLR009W,YER149C,7.056588856357848e-06
YLR009W,YMR305C,2.340555511182174e-05
YLR009W,YLR433C,0.013158618472516537
YLR009W,YJL073W,3.0905408787695876e-10
YLR009W,YGR279C,5.197247077148859e-10
YLR009W,YKL190W,6.872893436593586e-07
YLR009W,YGL089C,6.84198039380135e-06
YLR009W,YJL019W,7.901851972746954e-07
YLR009W,YJL018W,0.00010128029680345207
YLR009W,YNR032C-A,0.02058989740908146
YLR009W,YGL178W,5.189902481106401e-07
YLR009W,YKL116C,2.984864693189593e-07
YLR009W,YDL214C,0.00026355875888839364
YLR009W,YLR362W,4.550073967775348e-13
YLR009W,YER068W,2.609577265388907e-08
YLR009W,YHR084W,5.343836674163646e-14
YLR009W,YDR392W,2.4830719078106078e-11
YLR009W,YNL053W,5.299734198160877e-07
YLR009W,YGR040W,2.3882135792518966e-05
YLR009W,YDL216C,1.295536872225611e-10
YLR009W,YOL117W,2.7278299967292696e-05
YLR009W,YJR086W,6.285162612584827e-08
YLR009W,YMR025W,0.0331389456987381
YLR009W,YBR081C,3.1196861982607516e-07
YLR009W,YFL026W,1.3882138993892568e-08
YLR009W,YHL007C,1.0853164443276175e-14
YLR009W,YNR044W,0.46361926198005676
YLR009W,YNL271C,8.003847029591782e-10
YLR009W,YDR200C,2.939740443406933e-19
YLR009W,YKL178C,0.15882661938667297
YLR009W,YOR212W,8.999742269933682e-17
YLR009W,YOL111C,1.6317376527112508e-14
YLR009W,YGL032C,2.835235030692468e-13
YLR009W,YHR005C,0.013697012327611446
YLR009W,YDR103W,9.887969183924399e-19
YLR009W,YJR084W,1.2830310815517554e-12
YLR009W,YCL032W,6.627276434301166e-07
YLR009W,YJL170C,0.8846517205238342
YLR009W,YDR179C,1.6710212857526385e-12
YLR009W,YBR095C,8.51854622396786e-07
YLR009W,YLL021W,1.1516316789084158e-08
YLR009W,YDL159W,3.3673114544758946e-16
YLR009W,YNL161W,9.413078032594058e-07
YLR009W,YNL188W,1.0931393594135197e-12
YLR009W,YJL157C,2.0636932055891462e-18
YLR009W,YJL034W,7.20485117772645e-22
YLR009W,YLR238W,0.03669346868991852
YLR009W,YPR141C,0.0008722316124476492
YLR009W,YNL127W,0.002793186344206333
YLR009W,YCL055W,2.43704249669463e-07
YLR009W,YPR122W,0.0008495750371366739
YLR009W,YMR065W,0.9982935786247253
YLR009W,YDR356W,0.0032041778322309256
YLR009W,YMR052W,0.0005885647260583937
YLR009W,YFR008W,4.172840390825709e-14
YLR009W,YLL043W,0.8649006485939026
YLR009W,YMR029C,2.0684107204793634e-10
YLR009W,YJR004C,1.6124857211252674e-05
YLR009W,YDL223C,2.868370865886036e-17
YLR009W,YHR158C,0.0001078738205251284
YLR009W,YGR238C,4.621200001982649e-16
YLR009W,YIL015W,7.236209548233674e-11
YLR009W,YGL173C,0.9959908127784729
YLR009W,YDL225W,9.316195208395987e-15
YLR009W,YLR330W,2.5809803513160423e-12
YLR009W,YBR129C,1.6492927917079224e-16
YLR009W,YKR095W-A,0.2020167112350464
YLR009W,YPR075C,8.561077180502252e-08
YLR009W,YMR198W,0.2285773605108261
YLR009W,YOR127W,6.494688875591237e-08
YLR009W,YDR264C,0.012961390428245068
YLR009W,YLR110C,3.820303362545019e-08
YLR009W,YDR379W,3.371058454604281e-08
YLR009W,YDL100C,5.594765983829575e-09
YLR009W,YHR073W,7.326281803443635e-08
YLR009W,YJR090C,5.1345843132821756e-09
YLR009W,YOR208W,0.01344467606395483
YLR009W,YBR040W,9.645432146498933e-05
YLR009W,YNL279W,5.723139295810142e-09
YLR009W,YER075C,0.2631440758705139
YLR009W,YCR089W,1.1326163075864315e-05
YLR009W,YCR002C,2.0819951318529206e-10
YLR009W,YJL108C,8.18206990516046e-06
YLR009W,YBR200W,3.274099741323866e-11
YLR009W,YIL026C,9.202184912508737e-14
YLR009W,YJR076C,5.226083885645494e-05
YLR009W,YKR031C,0.003657682565972209
YLR009W,YPL192C,3.547326627995062e-07
YLR009W,YHR107C,9.47320888400327e-09
YLR009W,YIL037C,4.918234153272749e-10
YLR009W,YPL156C,0.9955748319625854
YLR009W,YIL117C,0.00046613148879259825
YLR009W,YHR066W,1.853275001367907e-16
YLR009W,YML085C,8.408393576406822e-15
YLR009W,YML047C,0.0009055349510163069
YLR009W,YDR312W,3.442802665176714e-08
YLR009W,YFL037W,1.5625619118650024e-16
YLR009W,YDL038C,0.2020167112350464
YLR009W,YDL039C,4.215193732254319e-12
YLR009W,YCL027W,0.0004980879602953792
YLR009W,YML124C,6.806443856411672e-22
YLR009W,YGL053W,4.281724104502997e-14
YLR009W,YMR232W,2.1806033601023955e-06
YLR009W,YNL298W,3.260619632783346e-05
YLR009W,YGL099W,1.9204887862682099e-16
YLR009W,YBL016W,7.512564605369502e-26
YLR009W,YAL041W,4.493251282156052e-08
YLR009W,YDR085C,3.2908176184065496e-10
YLR009W,YPL187W,2.0398183551151305e-06
YLR009W,YPL256C,1.5735751243695084e-11
YLR009W,YDR461W,1.38116392780184e-13
YLR009W,YNL145W,3.838484391449626e-11
YOR362C,YDL165W,8.23904500180106e-08
YOR362C,YGR059W,9.52507805952121e-17
YOR362C,YBR109C,5.310365850164089e-06
YOR362C,YJL080C,1.0727724202297395e-06
YOR362C,YCR093W,1.8586214164950654e-11
YOR362C,YIL122W,6.500943527498748e-06
YOR362C,YCL029C,2.5278521206928417e-05
YOR362C,YNL173C,2.4843403778618267e-08
YOR362C,YLR452C,1.3050144076487413e-08
YOR362C,YDL160C,6.375268668534773e-08
YOR362C,YLR229C,7.53999085389978e-09
YOR362C,YML057W,1.0242774683977274e-10
YOR362C,YER149C,1.4593065644774583e-09
YOR362C,YMR305C,1.7820970393822577e-12
YOR362C,YLR433C,6.458568435618872e-08
YOR362C,YJL073W,1.174689373550919e-10
YOR362C,YGR279C,0.019665485247969627
YOR362C,YKL190W,6.1946379901201e-06
YOR362C,YGL089C,1.622630563247185e-08
YOR362C,YJL019W,1.015613260157977e-09
YOR362C,YJL018W,0.0002980419958475977
YOR362C,YNR032C-A,0.011217845603823662
YOR362C,YGL178W,1.039058403762283e-07
YOR362C,YKL116C,2.8970728038757443e-09
YOR362C,YDL214C,0.003505298402160406
YOR362C,YLR362W,2.90542980299624e-12
YOR362C,YER068W,1.5258329710832186e-08
YOR362C,YHR084W,4.5666424775011016e-18
YOR362C,YDR392W,0.1248767226934433
YOR362C,YNL053W,1.1952270499281797e-13
YOR362C,YGR040W,0.21151775121688843
YOR362C,YDL216C,2.631317386203591e-09
YOR362C,YOL117W,3.7880504541294388e-16
YOR362C,YJR086W,6.377232630860874e-10
YOR362C,YMR025W,1.3624626262753736e-05
YOR362C,YBR081C,3.2944231520559697e-07
YOR362C,YFL026W,1.766431334537799e-09
YOR362C,YHL007C,2.647936758748415e-09
YOR362C,YNR044W,3.897607214753407e-08
YOR362C,YNL271C,1.3887594832340255e-05
YOR362C,YDR200C,1.3537379217609669e-08
YOR362C,YKL178C,0.00019327747577335685
YOR362C,YOR212W,8.35525815201521e-10
YOR362C,YOL111C,9.379375498497211e-09
YOR362C,YGL032C,3.38763652546481e-12
YOR362C,YHR005C,0.0008307568496093154
YOR362C,YDR103W,1.7843829525077126e-08
YOR362C,YJR084W,1.7570944237377262e-06
YOR362C,YCL032W,2.2466483642347157e-05
YOR362C,YJL170C,5.228626975828377e-10
YOR362C,YDR179C,4.639802116053774e-15
YOR362C,YBR095C,0.0007644519209861755
YOR362C,YLL021W,1.4274851301010472e-09
YOR362C,YDL159W,3.644726120910491e-08
YOR362C,YNL161W,0.00019509326375555247
YOR362C,YNL188W,5.969918959181086e-08
YOR362C,YJL157C,1.085081713370073e-08
YOR362C,YJL034W,1.8668427914647623e-11
YOR362C,YLR238W,3.070260246127582e-13
YOR362C,YPR141C,6.148724764898361e-07
YOR362C,YNL127W,5.901481017644983e-06
YOR362C,YCL055W,7.558945071650669e-06
YOR362C,YPR122W,1.6938440233760232e-11
YOR362C,YMR065W,1.5592410695930425e-10
YOR362C,YDR356W,3.679584692495297e-10
YOR362C,YMR052W,2.3819811758585274e-06
YOR362C,YFR008W,8.636471449108285e-08
YOR362C,YLL043W,4.4999370629739133e-07
YOR362C,YMR029C,5.520657850865973e-06
YOR362C,YJR004C,7.236205558369679e-12
YOR362C,YDL223C,5.882860436604028e-19
YOR362C,YHR158C,0.00018250559514854103
YOR362C,YGR238C,8.12288192264532e-07
YOR362C,YIL015W,0.00037814443930983543
YOR362C,YGL173C,1.4947843737900257e-05
YOR362C,YDL225W,0.0008495920337736607
YOR362C,YLR330W,0.00013536063488572836
YOR362C,YBR129C,4.716905550594674e-06
YOR362C,YKR095W-A,0.2020167112350464
YOR362C,YPR075C,9.048605753569916e-10
YOR362C,YMR198W,2.9133793759683613e-06
YOR362C,YOR127W,1.712242152507315e-07
YOR362C,YDR264C,8.52696321089752e-05
YOR362C,YLR110C,0.0007655599620193243
YOR362C,YDR379W,0.001957000233232975
YOR362C,YDL100C,8.325883385507105e-12
YOR362C,YHR073W,4.752445875055855e-06
YOR362C,YJR090C,2.2980513492143473e-08
YOR362C,YOR208W,1.1411290207034852e-13
YOR362C,YBR040W,2.0991219873423006e-09
YOR362C,YNL279W,2.8804839402596372e-08
YOR362C,YER075C,1.3155343367543537e-05
YOR362C,YCR089W,4.315442100888411e-12
YOR362C,YCR002C,0.004699320066720247
YOR362C,YJL108C,0.0027468211483210325
YOR362C,YBR200W,2.5690762017749336e-11
YOR362C,YIL026C,1.4043454257262056e-06
YOR362C,YJR076C,9.964924935559893e-13
YOR362C,YKR031C,1.857674760685768e-06
YOR362C,YPL192C,6.975047290325165e-05
YOR362C,YHR107C,5.598966082431822e-11
YOR362C,YIL037C,6.191412921907613e-06
YOR362C,YPL156C,2.717586511380432e-08
YOR362C,YIL117C,5.492319701261295e-07
YOR362C,YHR066W,2.6292233555018504e-18
YOR362C,YML085C,1.9362782488485664e-09
YOR362C,YML047C,1.7543467265568324e-06
YOR362C,YDR312W,2.4860926828296215e-07
YOR362C,YFL037W,0.00046356106759049
YOR362C,YDL038C,0.2020167112350464
YOR362C,YDL039C,8.88475515381515e-09
YOR362C,YCL027W,0.25416454672813416
YOR362C,YML124C,1.811346558855398e-11
YOR362C,YGL053W,6.787948950659484e-05
YOR362C,YMR232W,7.327277216973016e-06
YOR362C,YNL298W,5.551015419769101e-05
YOR362C,YGL099W,7.859682522870504e-12
YOR362C,YBL016W,1.900864710080441e-08
YOR362C,YAL041W,4.582055979085453e-08
YOR362C,YDR085C,1.3423582558014235e-11
YOR362C,YPL187W,0.29371339082717896
YOR362C,YPL256C,8.139703311371704e-08
YOR362C,YDR461W,3.4659280594533646e-16
YOR362C,YNL145W,4.306446692303734e-12
YJL177W,YDL165W,0.09220292419195175
YJL177W,YGR059W,4.183310295391429e-11
YJL177W,YBR109C,0.009761721827089787
YJL177W,YJL080C,2.2949359845370054e-05
YJL177W,YCR093W,0.00014810654101893306
YJL177W,YIL122W,0.004814591724425554
YJL177W,YCL029C,3.6640998568593375e-10
YJL177W,YNL173C,0.7383912801742554
YJL177W,YLR452C,0.0006647114059887826
YJL177W,YDL160C,0.3508622348308563
YJL177W,YLR229C,3.198104604962282e-05
YJL177W,YML057W,9.718346960507773e-11
YJL177W,YER149C,0.6584815382957458
YJL177W,YMR305C,5.5355372751364484e-05
YJL177W,YLR433C,0.0005233330302871764
YJL177W,YJL073W,9.360494459542679e-07
YJL177W,YGR279C,0.22080305218696594
YJL177W,YKL190W,6.689683935924215e-14
YJL177W,YGL089C,5.265105187390873e-07
YJL177W,YJL019W,0.02536655403673649
YJL177W,YJL018W,0.00017613830277696252
YJL177W,YNR032C-A,0.0005159104475751519
YJL177W,YGL178W,5.05616815776877e-12
YJL177W,YKL116C,7.433819185220791e-13
YJL177W,YDL214C,0.2194514274597168
YJL177W,YLR362W,6.371782268477233e-11
YJL177W,YER068W,3.149804683744151e-08
YJL177W,YHR084W,1.1679279765530737e-08
YJL177W,YDR392W,7.2317325248150155e-06
YJL177W,YNL053W,2.870208750034055e-14
YJL177W,YGR040W,1.9713999790837988e-05
YJL177W,YDL216C,1.290409723520014e-10
YJL177W,YOL117W,2.7082603195650867e-13
YJL177W,YJR086W,0.43279579281806946
YJL177W,YMR025W,0.000223752751480788
YJL177W,YBR081C,1.0870765621007195e-08
YJL177W,YFL026W,1.0568857078396832e-07
YJL177W,YHL007C,1.5839018735908789e-13
YJL177W,YNR044W,0.05474597215652466
YJL177W,YNL271C,2.7700196369551122e-05
YJL177W,YDR200C,0.0038863075897097588
YJL177W,YKL178C,8.8183202962e-09
YJL177W,YOR212W,1.0763021333556888e-13
YJL177W,YOL111C,9.731827323167241e-12
YJL177W,YGL032C,0.0020851108711212873
YJL177W,YHR005C,0.9994454979896545
YJL177W,YDR103W,0.015860432758927345
YJL177W,YJR084W,4.268997599865543e-09
YJL177W,YCL032W,9.038769803737523e-07
YJL177W,YJL170C,1.9130065993522294e-05
YJL177W,YDR179C,1.6336441557924198e-17
YJL177W,YBR095C,3.609276006955042e-07
YJL177W,YLL021W,3.982079666009497e-10
YJL177W,YDL159W,2.1825126150787355e-09
YJL177W,YNL161W,2.1058047666722146e-11
YJL177W,YNL188W,0.0007703096489422023
YJL177W,YJL157C,4.758075183852739e-11
YJL177W,YJL034W,3.284079822321595e-12
YJL177W,YLR238W,4.495304892770946e-07
YJL177W,YPR141C,7.80780117209251e-13
YJL177W,YNL127W,4.2159081203863025e-06
YJL177W,YCL055W,1.3110613705791252e-09
YJL177W,YPR122W,1.2673621041514593e-09
YJL177W,YMR065W,0.0020254170522093773
YJL177W,YDR356W,4.956846169079654e-06
YJL177W,YMR052W,0.0004153820627834648
YJL177W,YFR008W,0.24691087007522583
YJL177W,YLL043W,0.00023605927708558738
YJL177W,YMR029C,1.132170291384682e-05
YJL177W,YJR004C,3.31083060700621e-06
YJL177W,YDL223C,1.9340049792573783e-20
YJL177W,YHR158C,2.0527586457319558e-06
YJL177W,YGR238C,9.57312534170972e-17
YJL177W,YIL015W,0.0964268296957016
YJL177W,YGL173C,0.4568496644496918
YJL177W,YDL225W,3.363624898611306e-07
YJL177W,YLR330W,9.883713720506768e-14
YJL177W,YBR129C,0.08037781715393066
YJL177W,YKR095W-A,0.2020167112350464
YJL177W,YPR075C,2.6894919668077333e-13
YJL177W,YMR198W,0.09754209965467453
YJL177W,YOR127W,9.190520930011867e-14
YJL177W,YDR264C,3.489556547719985e-05
YJL177W,YLR110C,1.8364517805763425e-12
YJL177W,YDR379W,0.0631050392985344
YJL177W,YDL100C,9.769279607496628e-09
YJL177W,YHR073W,1.771601532141176e-08
YJL177W,YJR090C,2.67394570983015e-05
YJL177W,YOR208W,4.245224616283849e-08
YJL177W,YBR040W,6.504503835458308e-05
YJL177W,YNL279W,9.59923546900443e-13
YJL177W,YER075C,3.865791242674277e-09
YJL177W,YCR089W,4.3053812987636775e-05
YJL177W,YCR002C,0.0003291677567176521
YJL177W,YJL108C,6.493595439138744e-09
YJL177W,YBR200W,1.227760948463441e-12
YJL177W,YIL026C,5.023436961543171e-12
YJL177W,YJR076C,0.6330812573432922
YJL177W,YKR031C,4.4889143282489385e-06
YJL177W,YPL192C,0.3701617121696472
YJL177W,YHR107C,0.5119889974594116
YJL177W,YIL037C,0.8918519020080566
YJL177W,YPL156C,1.1137105127012603e-10
YJL177W,YIL117C,2.2688178002994164e-09
YJL177W,YHR066W,3.361855904771005e-09
YJL177W,YML085C,4.861419711232884e-09
YJL177W,YML047C,0.6796004772186279
YJL177W,YDR312W,0.00040636403718963265
YJL177W,YFL037W,9.066690722647763e-07
YJL177W,YDL038C,0.2020167112350464
YJL177W,YDL039C,3.796181864543962e-15
YJL177W,YCL027W,1.2147551020635916e-10
YJL177W,YML124C,2.37154610185919e-12
YJL177W,YGL053W,1.2088798018172753e-10
YJL177W,YMR232W,0.061849821358919144
YJL177W,YNL298W,1.647200986720776e-10
YJL177W,YGL099W,1.0601493505768209e-13
YJL177W,YBL016W,3.681667067212402e-06
YJL177W,YAL041W,5.607770248161614e-08
YJL177W,YDR085C,9.966419383999892e-06
YJL177W,YPL187W,0.0001075666950782761
YJL177W,YPL256C,9.940531890606508e-05
YJL177W,YDR461W,0.00012457625416573137
YJL177W,YNL145W,4.270638356840273e-11
YML028W,YDL165W,1.3419247845307321e-16
YML028W,YGR059W,2.682764010941696e-10
YML028W,YBR109C,1.2159408679587869e-12
YML028W,YJL080C,2.3450700155080995e-06
YML028W,YCR093W,8.9368339117879e-12
YML028W,YIL122W,0.00018305772391613573
YML028W,YCL029C,2.339461632229478e-14
YML028W,YNL173C,0.007237771525979042
YML028W,YLR452C,1.4027957961904036e-10
YML028W,YDL160C,0.0018987030489370227
YML028W,YLR229C,5.389944133377123e-13
YML028W,YML057W,7.750156072461323e-10
YML028W,YER149C,1.69333434314467e-05
YML028W,YMR305C,1.3473400031216443e-06
YML028W,YLR433C,3.927681097026792e-12
YML028W,YJL073W,9.43459972063118e-17
YML028W,YGR279C,0.07195126265287399
YML028W,YKL190W,2.923760883464903e-14
YML028W,YGL089C,2.3403708837577142e-07
YML028W,YJL019W,9.72117280425548e-17
YML028W,YJL018W,0.0008828161517158151
YML028W,YNR032C-A,1.201626787405985e-06
YML028W,YGL178W,9.443526283224937e-14
YML028W,YKL116C,1.143713352106876e-13
YML028W,YDL214C,9.721671245799257e-10
YML028W,YLR362W,1.1374075015169183e-08
YML028W,YER068W,7.167520799100657e-09
YML028W,YHR084W,1.8072105227237567e-13
YML028W,YDR392W,1.5987501456038444e-07
YML028W,YNL053W,1.5185248012861493e-16
YML028W,YGR040W,0.00015042733866721392
YML028W,YDL216C,0.0002482615818735212
YML028W,YOL117W,0.028041740879416466
YML028W,YJR086W,2.5439035198360216e-06
YML028W,YMR025W,0.5293107032775879
YML028W,YBR081C,1.017860379315394e-10
YML028W,YFL026W,1.2332710376516457e-17
YML028W,YHL007C,2.987895575488203e-13
YML028W,YNR044W,7.412601462419843e-06
YML028W,YNL271C,3.082034627510666e-10
YML028W,YDR200C,3.235521717215306e-08
YML028W,YKL178C,8.249077154687257e-08
YML028W,YOR212W,1.4106538853697614e-11
YML028W,YOL111C,1.860039671182476e-15
YML028W,YGL032C,0.0009274578769691288
YML028W,YHR005C,4.452484427019954e-05
YML028W,YDR103W,1.8495850184763185e-08
YML028W,YJR084W,1.3431226617011127e-13
YML028W,YCL032W,7.529886936197272e-09
YML028W,YJL170C,6.168215715973702e-09
YML028W,YDR179C,5.274396804727521e-12
YML028W,YBR095C,3.389035403765332e-14
YML028W,YLL021W,3.477184597926782e-16
YML028W,YDL159W,1.5102168969986873e-17
YML028W,YNL161W,5.700324101631793e-10
YML028W,YNL188W,1.4216408317224705e-06
YML028W,YJL157C,2.854310958053628e-14
YML028W,YJL034W,9.806961862870393e-15
YML028W,YLR238W,1.176374644273892e-05
YML028W,YPR141C,3.723836780518972e-15
YML028W,YNL127W,0.00136176822707057
YML028W,YCL055W,1.9574720316883898e-11
YML028W,YPR122W,5.849499754636626e-25
YML028W,YMR065W,1.4396698893789917e-12
YML028W,YDR356W,1.0096571578799285e-08
YML028W,YMR052W,2.3617863007530104e-06
YML028W,YFR008W,0.00041632261127233505
YML028W,YLL043W,1.111184477764482e-08
YML028W,YMR029C,1.9953060927946353e-06
YML028W,YJR004C,1.441518571176914e-09
YML028W,YDL223C,2.1269718217808986e-06
YML028W,YHR158C,1.1177179787182773e-13
YML028W,YGR238C,2.872728164832368e-14
YML028W,YIL015W,9.131087379266045e-12
YML028W,YGL173C,1.329616077612103e-13
YML028W,YDL225W,0.0008887185831554234
YML028W,YLR330W,2.0612567368516466e-06
YML028W,YBR129C,6.214865067022401e-08
YML028W,YKR095W-A,0.2020167112350464
YML028W,YPR075C,1.628614970046401e-19
YML028W,YMR198W,1.322463958786102e-05
YML028W,YOR127W,1.0142723105843743e-08
YML028W,YDR264C,0.0010218550451099873
YML028W,YLR110C,2.881773595794779e-13
YML028W,YDR379W,2.1086975721118506e-06
YML028W,YDL100C,1.2456935394311586e-07
YML028W,YHR073W,3.695603467690489e-08
YML028W,YJR090C,1.5090863669797727e-08
YML028W,YOR208W,5.5051331548927607e-11
YML028W,YBR040W,1.0493215086171404e-05
YML028W,YNL279W,1.1945719587125314e-11
YML028W,YER075C,0.00047767555224709213
YML028W,YCR089W,2.035086099638761e-09
YML028W,YCR002C,8.064056150267063e-13
YML028W,YJL108C,1.5706360656508878e-08
YML028W,YBR200W,0.01976992003619671
YML028W,YIL026C,1.6054001661033879e-12
YML028W,YJR076C,1.2099580999347381e-05
YML028W,YKR031C,4.0360642605818953e-10
YML028W,YPL192C,2.549161308706971e-06
YML028W,YHR107C,3.03556624281498e-10
YML028W,YIL037C,0.00017333609866909683
YML028W,YPL156C,0.0006376240635290742
YML028W,YIL117C,4.94220604111556e-13
YML028W,YHR066W,3.091709777081064e-09
YML028W,YML085C,6.034880234428996e-11
YML028W,YML047C,0.8515028953552246
YML028W,YDR312W,4.0482184715529e-08
YML028W,YFL037W,4.107456788915442e-06
YML028W,YDL038C,0.2020167112350464
YML028W,YDL039C,1.0620492679747073e-10
YML028W,YCL027W,1.9864553151536807e-15
YML028W,YML124C,0.0015656613977625966
YML028W,YGL053W,3.4518301845337662e-12
YML028W,YMR232W,0.16066892445087433
YML028W,YNL298W,3.097798406681562e-11
YML028W,YGL099W,4.4713194193198025e-13
YML028W,YBL016W,0.0005388570134527981
YML028W,YAL041W,0.5817977786064148
YML028W,YDR085C,1.2296709428483155e-06
YML028W,YPL187W,0.11391136795282364
YML028W,YPL256C,2.4500193540610837e-10
YML028W,YDR461W,1.410230225928899e-07
YML028W,YNL145W,3.8340083885479714e-10
YJR050W,YDL165W,6.07006667152632e-11
YJR050W,YGR059W,4.814937511199435e-13
YJR050W,YBR109C,9.560144342835031e-11
YJR050W,YJL080C,1.5491257458600627e-15
YJR050W,YCR093W,6.425707397283986e-05
YJR050W,YIL122W,8.37021786992409e-07
YJR050W,YCL029C,2.712449188868593e-12
YJR050W,YNL173C,6.302472866509534e-12
YJR050W,YLR452C,2.679420907369945e-09
YJR050W,YDL160C,7.523975398271432e-08
YJR050W,YLR229C,1.2312421793377569e-14
YJR050W,YML057W,1.3010295965565355e-13
YJR050W,YER149C,9.13638444899334e-08
YJR050W,YMR305C,1.0802622796290962e-07
YJR050W,YLR433C,0.7853496074676514
YJR050W,YJL073W,1.8409792593473268e-16
YJR050W,YGR279C,6.450692063841856e-11
YJR050W,YKL190W,1.7897168253794965e-16
YJR050W,YGL089C,3.863600568365655e-07
YJR050W,YJL019W,1.1226325858509911e-12
YJR050W,YJL018W,0.00014392228331416845
YJR050W,YNR032C-A,0.9878422021865845
YJR050W,YGL178W,8.371212970814668e-06
YJR050W,YKL116C,9.174496162778212e-10
YJR050W,YDL214C,1.1917090578239531e-11
YJR050W,YLR362W,3.77180112991482e-05
YJR050W,YER068W,1.799060811435993e-08
YJR050W,YHR084W,2.506339362464663e-15
YJR050W,YDR392W,0.002878517610952258
YJR050W,YNL053W,1.3023170215842317e-11
YJR050W,YGR040W,1.2428554327925667e-06
YJR050W,YDL216C,6.375784141710028e-05
YJR050W,YOL117W,6.062152863028913e-11
YJR050W,YJR086W,5.4280165431852545e-12
YJR050W,YMR025W,6.573965265488368e-07
YJR050W,YBR081C,2.2963981827217594e-09
YJR050W,YFL026W,8.061782864388078e-06
YJR050W,YHL007C,2.5341211351559423e-09
YJR050W,YNR044W,1.6381327441195026e-06
YJR050W,YNL271C,7.80025928293071e-08
YJR050W,YDR200C,0.00015980568423401564
YJR050W,YKL178C,6.170993401610758e-06
YJR050W,YOR212W,2.471472043907852e-06
YJR050W,YOL111C,1.1946406998407724e-14
YJR050W,YGL032C,0.013857235200703144
YJR050W,YHR005C,1.4666827155451756e-05
YJR050W,YDR103W,9.045410479302518e-06
YJR050W,YJR084W,6.270643448935687e-10
YJR050W,YCL032W,0.03538000211119652
YJR050W,YJL170C,4.8310826450403965e-09
YJR050W,YDR179C,3.5677035869867424e-13
YJR050W,YBR095C,1.1554698176041711e-06
YJR050W,YLL021W,1.2238839941502988e-09
YJR050W,YDL159W,1.0303389001362073e-12
YJR050W,YNL161W,1.7263942497791618e-09
YJR050W,YNL188W,6.743714527773781e-12
YJR050W,YJL157C,1.7082771819332265e-07
YJR050W,YJL034W,4.821293751388308e-18
YJR050W,YLR238W,4.2336620253990986e-07
YJR050W,YPR141C,2.4479465992044425e-06
YJR050W,YNL127W,1.8809320420642983e-11
YJR050W,YCL055W,3.3954204354813555e-06
YJR050W,YPR122W,4.394170787236362e-07
YJR050W,YMR065W,0.0011628473876044154
YJR050W,YDR356W,2.4701592225666313e-13
YJR050W,YMR052W,0.003293070010840893
YJR050W,YFR008W,8.842431498123915e-07
YJR050W,YLL043W,0.0001698244595900178
YJR050W,YMR029C,5.274211067884949e-10
YJR050W,YJR004C,3.012700158788739e-11
YJR050W,YDL223C,1.8855629557723574e-10
YJR050W,YHR158C,5.708483680330265e-14
YJR050W,YGR238C,8.401433859717145e-08
YJR050W,YIL015W,0.653237521648407
YJR050W,YGL173C,8.587437605456216e-07
YJR050W,YDL225W,1.683943429142687e-09
YJR050W,YLR330W,1.480991371205498e-11
YJR050W,YBR129C,1.1199845495468708e-09
YJR050W,YKR095W-A,0.2020167112350464
YJR050W,YPR075C,1.8386724087715578e-10
YJR050W,YMR198W,2.876145299524069e-05
YJR050W,YOR127W,1.547763872622454e-08
YJR050W,YDR264C,1.6227658106160447e-09
YJR050W,YLR110C,0.06173209846019745
YJR050W,YDR379W,3.3648928365437314e-05
YJR050W,YDL100C,6.219928218309523e-12
YJR050W,YHR073W,2.6606045925442467e-12
YJR050W,YJR090C,8.321746341067443e-14
YJR050W,YOR208W,5.039068883433981e-16
YJR050W,YBR040W,0.9926685094833374
YJR050W,YNL279W,5.198446673126966e-10
YJR050W,YER075C,2.975962729578896e-07
YJR050W,YCR089W,0.002667753491550684
YJR050W,YCR002C,9.912515253063248e-08
YJR050W,YJL108C,1.8285496707903803e-06
YJR050W,YBR200W,1.877262729976792e-05
YJR050W,YIL026C,3.722556984886438e-12
YJR050W,YJR076C,0.00034963717916980386
YJR050W,YKR031C,1.7852627934189513e-05
YJR050W,YPL192C,0.44614312052726746
YJR050W,YHR107C,5.802196017482691e-14
YJR050W,YIL037C,0.0008253345731645823
YJR050W,YPL156C,2.5105543954850873e-07
YJR050W,YIL117C,0.00038623090949840844
YJR050W,YHR066W,1.3405038391161098e-14
YJR050W,YML085C,2.0927924671010345e-10
YJR050W,YML047C,6.596445746254176e-05
YJR050W,YDR312W,3.4560498907154624e-10
YJR050W,YFL037W,5.0244093472429086e-06
YJR050W,YDL038C,0.2020167112350464
YJR050W,YDL039C,6.864485871139201e-15
YJR050W,YCL027W,0.0004546022682916373
YJR050W,YML124C,1.1350127948617228e-08
YJR050W,YGL053W,4.939014175420198e-08
YJR050W,YMR232W,4.465703113964992e-06
YJR050W,YNL298W,2.6297254236934235e-14
YJR050W,YGL099W,3.88590737643234e-16
YJR050W,YBL016W,7.654394721612334e-06
YJR050W,YAL041W,5.4177574088771184e-15
YJR050W,YDR085C,4.653756491279637e-07
YJR050W,YPL187W,3.8383084756787866e-05
YJR050W,YPL256C,8.020225455984686e-11
YJR050W,YDR461W,0.0016756495460867882
YJR050W,YNL145W,8.927794624469243e-06
YPL106C,YDL165W,5.186164345194477e-11
YPL106C,YGR059W,6.2221805485762616e-09
YPL106C,YBR109C,2.376584831154105e-07
YPL106C,YJL080C,2.769886675981024e-15
YPL106C,YCR093W,2.3238439439410286e-07
YPL106C,YIL122W,1.0638166259013815e-07
YPL106C,YCL029C,7.568429771787066e-10
YPL106C,YNL173C,1.0068643696570234e-09
YPL106C,YLR452C,2.642145901903399e-16
YPL106C,YDL160C,2.502896131182427e-14
YPL106C,YLR229C,6.19597217976775e-09
YPL106C,YML057W,1.4233621226100723e-11
YPL106C,YER149C,0.00038941376260481775
YPL106C,YMR305C,1.1614500593920551e-12
YPL106C,YLR433C,4.886500981626796e-09
YPL106C,YJL073W,7.237088652800594e-07
YPL106C,YGR279C,0.00024163931084331125
YPL106C,YKL190W,7.272023503901437e-05
YPL106C,YGL089C,1.65431430332319e-07
YPL106C,YJL019W,8.30101635074243e-06
YPL106C,YJL018W,0.008472166955471039
YPL106C,YNR032C-A,0.9972814321517944
YPL106C,YGL178W,1.653401027201795e-11
YPL106C,YKL116C,3.358558223198749e-11
YPL106C,YDL214C,1.3867451187365987e-08
YPL106C,YLR362W,2.801885633230139e-11
YPL106C,YER068W,7.211866104306353e-10
YPL106C,YHR084W,4.927614427607807e-10
YPL106C,YDR392W,1.178528086752395e-12
YPL106C,YNL053W,3.368406169101945e-06
YPL106C,YGR040W,5.283784048515372e-06
YPL106C,YDL216C,3.90939904113105e-16
YPL106C,YOL117W,6.410872698310442e-20
YPL106C,YJR086W,9.015629075292964e-06
YPL106C,YMR025W,2.295518470418756e-06
YPL106C,YBR081C,9.609490916773211e-06
YPL106C,YFL026W,2.8562731606979197e-13
YPL106C,YHL007C,3.227312106446334e-08
YPL106C,YNR044W,3.8195914385141805e-05
YPL106C,YNL271C,6.121477724718716e-08
YPL106C,YDR200C,3.045310226212905e-09
YPL106C,YKL178C,6.125909521870199e-07
YPL106C,YOR212W,2.4311159149011154e-17
YPL106C,YOL111C,4.2845451631023934e-09
YPL106C,YGL032C,7.275689026812115e-16
YPL106C,YHR005C,7.647495137153015e-11
YPL106C,YDR103W,4.25386517122206e-08
YPL106C,YJR084W,2.774164578611682e-11
YPL106C,YCL032W,1.443608843576527e-10
YPL106C,YJL170C,0.0006262261304073036
YPL106C,YDR179C,6.01659486121342e-11
YPL106C,YBR095C,1.585150215532849e-07
YPL106C,YLL021W,0.00011229972733417526
YPL106C,YDL159W,1.1972841121310474e-11
YPL106C,YNL161W,5.279944889480248e-05
YPL106C,YNL188W,7.4964318628190085e-06
YPL106C,YJL157C,2.961580362458721e-13
YPL106C,YJL034W,6.152699551907894e-22
YPL106C,YLR238W,1.202722296755887e-11
YPL106C,YPR141C,4.3443845743063036e-10
YPL106C,YNL127W,6.447277607624091e-13
YPL106C,YCL055W,7.551630432089951e-10
YPL106C,YPR122W,1.8423222059027466e-07
YPL106C,YMR065W,0.002614860190078616
YPL106C,YDR356W,2.7391929870168585e-12
YPL106C,YMR052W,1.597773996442342e-10
YPL106C,YFR008W,6.694094063786071e-12
YPL106C,YLL043W,0.0010743712773546576
YPL106C,YMR029C,5.687142756727326e-09
YPL106C,YJR004C,3.827940417977516e-06
YPL106C,YDL223C,9.350636406172103e-20
YPL106C,YHR158C,4.794880806002766e-05
YPL106C,YGR238C,0.00026734592393040657
YPL106C,YIL015W,4.966060548894369e-11
YPL106C,YGL173C,0.9772107601165771
YPL106C,YDL225W,2.640527554831351e-06
YPL106C,YLR330W,8.954578398223667e-12
YPL106C,YBR129C,0.01019115000963211
YPL106C,YKR095W-A,0.2020167112350464
YPL106C,YPR075C,6.741274899413341e-11
YPL106C,YMR198W,4.906441523344087e-16
YPL106C,YOR127W,3.810049487956409e-16
YPL106C,YDR264C,6.116434178693453e-06
YPL106C,YLR110C,1.2781966063357686e-07
YPL106C,YDR379W,1.1439571512283919e-10
YPL106C,YDL100C,1.3576337591029303e-13
YPL106C,YHR073W,0.0010805493220686913
YPL106C,YJR090C,1.568395135986833e-10
YPL106C,YOR208W,3.6709763007181095e-10
YPL106C,YBR040W,9.079946721612941e-06
YPL106C,YNL279W,5.549919660552405e-05
YPL106C,YER075C,0.0009524934575892985
YPL106C,YCR089W,2.659208031725868e-13
YPL106C,YCR002C,7.314064731644976e-08
YPL106C,YJL108C,1.2748971648990905e-17
YPL106C,YBR200W,3.1303230840773466e-11
YPL106C,YIL026C,0.3421071171760559
YPL106C,YJR076C,4.719691332866205e-06
YPL106C,YKR031C,1.2793506130037713e-06
YPL106C,YPL192C,1.1465485272310616e-07
YPL106C,YHR107C,4.695814292965395e-10
YPL106C,YIL037C,9.650980246078689e-07
YPL106C,YPL156C,3.9271287610720407e-11
YPL106C,YIL117C,2.4851484758947606e-10
YPL106C,YHR066W,1.2557276052316269e-10
YPL106C,YML085C,0.7594658136367798
YPL106C,YML047C,9.815135683377552e-12
YPL106C,YDR312W,1.2296528950628272e-07
YPL106C,YFL037W,2.9695859993239537e-08
YPL106C,YDL038C,0.2020167112350464
YPL106C,YDL039C,1.2023427586882462e-07
YPL106C,YCL027W,0.028174124658107758
YPL106C,YML124C,4.2912952835649776e-07
YPL106C,YGL053W,5.745925477640412e-07
YPL106C,YMR232W,1.0624556345817382e-08
YPL106C,YNL298W,0.0006560201290994883
YPL106C,YGL099W,0.000551787146832794
YPL106C,YBL016W,9.219865546583605e-07
YPL106C,YAL041W,0.01852666772902012
YPL106C,YDR085C,3.557646778062917e-05
YPL106C,YPL187W,0.9981821775436401
YPL106C,YPL256C,7.68299701636721e-10
YPL106C,YDR461W,1.4320295818910232e-15
YPL106C,YNL145W,3.336023711765546e-17
YGR252W,YDL165W,0.7317031025886536
YGR252W,YGR059W,1.1457520940894028e-06
YGR252W,YBR109C,5.780711376246472e-07
YGR252W,YJL080C,0.005531055852770805
YGR252W,YCR093W,1.0701050712214055e-07
YGR252W,YIL122W,9.942569158738479e-05
YGR252W,YCL029C,9.549858077662066e-07
YGR252W,YNL173C,1.9156172129441984e-05
YGR252W,YLR452C,0.5936004519462585
YGR252W,YDL160C,5.491703632287681e-06
YGR252W,YLR229C,0.08562012761831284
YGR252W,YML057W,0.0005126828327775002
YGR252W,YER149C,0.021582860499620438
YGR252W,YMR305C,7.073768210830167e-05
YGR252W,YLR433C,0.6086936593055725
YGR252W,YJL073W,6.271905294852331e-05
YGR252W,YGR279C,5.994039042889199e-08
YGR252W,YKL190W,3.6941797588951886e-05
YGR252W,YGL089C,0.1036236360669136
YGR252W,YJL019W,3.0556536785297794e-06
YGR252W,YJL018W,0.0017506640870124102
YGR252W,YNR032C-A,0.9993236064910889
YGR252W,YGL178W,0.003995620645582676
YGR252W,YKL116C,0.023660488426685333
YGR252W,YDL214C,2.0575212147377897e-06
YGR252W,YLR362W,2.2754350936793344e-07
YGR252W,YER068W,3.3874229376368303e-12
YGR252W,YHR084W,0.019442910328507423
YGR252W,YDR392W,0.41409581899642944
YGR252W,YNL053W,6.964274689380545e-06
YGR252W,YGR040W,0.0010653025237843394
YGR252W,YDL216C,1.1665759558354694e-07
YGR252W,YOL117W,4.943533440382453e-07
YGR252W,YJR086W,0.00020766319357790053
YGR252W,YMR025W,0.0016594636254012585
YGR252W,YBR081C,0.9619562029838562
YGR252W,YFL026W,0.0002601437736302614
YGR252W,YHL007C,0.000494995852932334
YGR252W,YNR044W,0.0012480606092140079
YGR252W,YNL271C,4.5056326598569285e-06
YGR252W,YDR200C,4.400210855237674e-06
YGR252W,YKL178C,0.9478933811187744
YGR252W,YOR212W,0.00041537178913131356
YGR252W,YOL111C,8.112413518723827e-11
YGR252W,YGL032C,0.31367748975753784
YGR252W,YHR005C,0.04354220628738403
YGR252W,YDR103W,0.0003454696561675519
YGR252W,YJR084W,0.4121210277080536
YGR252W,YCL032W,6.934002885827795e-05
YGR252W,YJL170C,4.745516434923047e-06
YGR252W,YDR179C,5.087540344561603e-08
YGR252W,YBR095C,0.2655152976512909
YGR252W,YLL021W,0.44222086668014526
YGR252W,YDL159W,0.004387920256704092
YGR252W,YNL161W,0.00011358378833392635
YGR252W,YNL188W,6.609480962538328e-09
YGR252W,YJL157C,0.0021128805819898844
YGR252W,YJL034W,1.3467556516569398e-16
YGR252W,YLR238W,6.035545396798625e-08
YGR252W,YPR141C,0.8409891128540039
YGR252W,YNL127W,0.0010060395579785109
YGR252W,YCL055W,0.00015436440298799425
YGR252W,YPR122W,0.4959285855293274
YGR252W,YMR065W,0.003911842126399279
YGR252W,YDR356W,0.9829850792884827
YGR252W,YMR052W,0.03252962604165077
YGR252W,YFR008W,9.065359449778043e-07
YGR252W,YLL043W,4.88813930132892e-06
YGR252W,YMR029C,0.2459745556116104
YGR252W,YJR004C,0.9859100580215454
YGR252W,YDL223C,1.7168926003119367e-11
YGR252W,YHR158C,1.034309971004177e-09
YGR252W,YGR238C,4.3320583245076705e-06
YGR252W,YIL015W,0.0003294810885563493
YGR252W,YGL173C,0.0005318023031577468
YGR252W,YDL225W,0.21941106021404266
YGR252W,YLR330W,1.288679953859173e-07
YGR252W,YBR129C,3.133837162749842e-05
YGR252W,YKR095W-A,0.2020167112350464
YGR252W,YPR075C,1.6012105920684694e-12
YGR252W,YMR198W,5.413385952124372e-05
YGR252W,YOR127W,0.0003834363305941224
YGR252W,YDR264C,0.0013022548519074917
YGR252W,YLR110C,7.312062280107057e-07
YGR252W,YDR379W,3.799635305767879e-05
YGR252W,YDL100C,0.0018783092964440584
YGR252W,YHR073W,3.939525777241215e-05
YGR252W,YJR090C,3.907007339876145e-06
YGR252W,YOR208W,8.196802525617386e-08
YGR252W,YBR040W,0.00010622810805216432
YGR252W,YNL279W,4.232774517731741e-05
YGR252W,YER075C,8.300748595502228e-05
YGR252W,YCR089W,1.9186229110346176e-05
YGR252W,YCR002C,0.03456481918692589
YGR252W,YJL108C,2.8491109333117492e-05
YGR252W,YBR200W,1.4137097537059162e-07
YGR252W,YIL026C,0.2746608853340149
YGR252W,YJR076C,0.8761443495750427
YGR252W,YKR031C,8.278480527224019e-05
YGR252W,YPL192C,0.0020895206835120916
YGR252W,YHR107C,2.7884452720172703e-05
YGR252W,YIL037C,6.158579344628379e-05
YGR252W,YPL156C,0.002860399428755045
YGR252W,YIL117C,3.046544960749742e-11
YGR252W,YHR066W,2.8735874366248026e-05
YGR252W,YML085C,1.5078154547154554e-06
YGR252W,YML047C,0.0008064716239459813
YGR252W,YDR312W,0.007951050065457821
YGR252W,YFL037W,0.009289294481277466
YGR252W,YDL038C,0.2020167112350464
YGR252W,YDL039C,5.665655407938175e-05
YGR252W,YCL027W,7.202443521237001e-05
YGR252W,YML124C,0.00011755779996747151
YGR252W,YGL053W,7.658646063646302e-05
YGR252W,YMR232W,7.840610487619415e-05
YGR252W,YNL298W,0.007450756151229143
YGR252W,YGL099W,0.0007878596661612391
YGR252W,YBL016W,2.20213064494601e-06
YGR252W,YAL041W,0.0019462902564555407
YGR252W,YDR085C,3.7058495649944234e-07
YGR252W,YPL187W,0.9881256818771362
YGR252W,YPL256C,0.14534428715705872
YGR252W,YDR461W,9.149398465524428e-06
YGR252W,YNL145W,2.700491847917874e-07
YOR080W,YDL165W,1.4997928246551773e-11
YOR080W,YGR059W,2.5425999410799704e-05
YOR080W,YBR109C,3.4916538993456925e-08
YOR080W,YJL080C,0.0010734382085502148
YOR080W,YCR093W,0.338029146194458
YOR080W,YIL122W,4.3328554966137744e-06
YOR080W,YCL029C,7.21706291191733e-15
YOR080W,YNL173C,4.936377081321552e-06
YOR080W,YLR452C,4.0785842429613695e-05
YOR080W,YDL160C,7.770285526120801e-10
YOR080W,YLR229C,0.005351976025849581
YOR080W,YML057W,4.6025452320463955e-06
YOR080W,YER149C,1.9431928421909106e-07
YOR080W,YMR305C,7.635394053129296e-12
YOR080W,YLR433C,3.083892863298132e-10
YOR080W,YJL073W,5.843190514775998e-13
YOR080W,YGR279C,1.2312483477217029e-08
YOR080W,YKL190W,4.794833785126684e-06
YOR080W,YGL089C,0.0032557870727032423
YOR080W,YJL019W,2.4660729991410335e-07
YOR080W,YJL018W,0.0009660659707151353
YOR080W,YNR032C-A,0.9839074611663818
YOR080W,YGL178W,3.214789545680219e-13
YOR080W,YKL116C,2.4161572807594733e-13
YOR080W,YDL214C,0.9997459053993225
YOR080W,YLR362W,3.7171001167735085e-05
YOR080W,YER068W,5.6280849094036967e-05
YOR080W,YHR084W,4.2537878774950855e-10
YOR080W,YDR392W,3.878559482473065e-07
YOR080W,YNL053W,4.14567330153659e-06
YOR080W,YGR040W,0.003369770711287856
YOR080W,YDL216C,0.0032535321079194546
YOR080W,YOL117W,6.193275337018633e-10
YOR080W,YJR086W,4.778486868417531e-07
YOR080W,YMR025W,5.361877608578425e-10
YOR080W,YBR081C,2.9421473429476572e-15
YOR080W,YFL026W,0.0003430922224652022
YOR080W,YHL007C,6.653305263171205e-06
YOR080W,YNR044W,5.111094381927972e-13
YOR080W,YNL271C,5.876166914164926e-11
YOR080W,YDR200C,1.3012382282795443e-07
YOR080W,YKL178C,6.351904448820278e-05
YOR080W,YOR212W,3.0890279223427797e-09
YOR080W,YOL111C,0.0007382147014141083
YOR080W,YGL032C,1.0138200678966314e-07
YOR080W,YHR005C,7.73795125197374e-11
YOR080W,YDR103W,3.5245923299953574e-06
YOR080W,YJR084W,0.03605670854449272
YOR080W,YCL032W,1.995918501052074e-05
YOR080W,YJL170C,8.025797910704568e-07
YOR080W,YDR179C,1.531590474021169e-13
YOR080W,YBR095C,0.041859015822410583
YOR080W,YLL021W,1.1107882613714537e-08
YOR080W,YDL159W,2.78092215921788e-09
YOR080W,YNL161W,9.930667399515869e-11
YOR080W,YNL188W,5.733680197295143e-10
YOR080W,YJL157C,4.516551577182781e-09
YOR080W,YJL034W,9.36868715939454e-08
YOR080W,YLR238W,2.837339696526442e-09
YOR080W,YPR141C,3.0139935686124275e-11
YOR080W,YNL127W,1.0990124366117016e-07
YOR080W,YCL055W,6.039645228383961e-08
YOR080W,YPR122W,0.5268188118934631
YOR080W,YMR065W,0.001576820737682283
YOR080W,YDR356W,5.067216989118606e-06
YOR080W,YMR052W,0.790223240852356
YOR080W,YFR008W,0.0003868232306558639
YOR080W,YLL043W,1.7399104379478558e-10
YOR080W,YMR029C,0.09799659252166748
YOR080W,YJR004C,1.528013342522172e-07
YOR080W,YDL223C,4.653777797153369e-12
YOR080W,YHR158C,2.6683499854129877e-08
YOR080W,YGR238C,6.698831071646343e-20
YOR080W,YIL015W,0.26824668049812317
YOR080W,YGL173C,3.9104449456317525e-07
YOR080W,YDL225W,1.8688459113569422e-10
YOR080W,YLR330W,1.5760953147037071e-06
YOR080W,YBR129C,8.416673153988086e-06
YOR080W,YKR095W-A,0.2020167112350464
YOR080W,YPR075C,2.867664439243356e-10
YOR080W,YMR198W,3.776731816174106e-08
YOR080W,YOR127W,3.2676454857910597e-13
YOR080W,YDR264C,3.200579001827464e-08
YOR080W,YLR110C,4.291440563974902e-05
YOR080W,YDR379W,0.00019320784485898912
YOR080W,YDL100C,2.60399724005822e-09
YOR080W,YHR073W,0.9209314584732056
YOR080W,YJR090C,0.003204196458682418
YOR080W,YOR208W,1.4501785550180557e-08
YOR080W,YBR040W,7.337803253903985e-05
YOR080W,YNL279W,4.0568064463286646e-08
YOR080W,YER075C,7.419423491228372e-05
YOR080W,YCR089W,1.4559090288912557e-07
YOR080W,YCR002C,0.0524190329015255
YOR080W,YJL108C,0.00020684428454842418
YOR080W,YBR200W,8.943467122435322e-08
YOR080W,YIL026C,0.9845376014709473
YOR080W,YJR076C,3.4655240899184037e-09
YOR080W,YKR031C,8.717019954929128e-05
YOR080W,YPL192C,3.9360115167141885e-09
YOR080W,YHR107C,5.2184423449119777e-11
YOR080W,YIL037C,5.218139449425507e-06
YOR080W,YPL156C,0.8689067959785461
YOR080W,YIL117C,0.0021469686180353165
YOR080W,YHR066W,9.305638926093707e-09
YOR080W,YML085C,0.01542640570551157
YOR080W,YML047C,0.07450634241104126
YOR080W,YDR312W,4.50098559667822e-05
YOR080W,YFL037W,3.9806599261282827e-07
YOR080W,YDL038C,0.2020167112350464
YOR080W,YDL039C,4.405244293398955e-15
YOR080W,YCL027W,6.5504455193377e-09
YOR080W,YML124C,1.12874856691785e-14
YOR080W,YGL053W,1.1702395568136126e-05
YOR080W,YMR232W,6.21173654735685e-08
YOR080W,YNL298W,3.940918338191102e-12
YOR080W,YGL099W,6.471904043792165e-07
YOR080W,YBL016W,8.786458494114413e-08
YOR080W,YAL041W,0.0007154840277507901
YOR080W,YDR085C,0.5387779474258423
YOR080W,YPL187W,0.08714223653078079
YOR080W,YPL256C,4.48350818277321e-12
YOR080W,YDR461W,0.00042542623123154044
YOR080W,YNL145W,1.3758693739873706e-08
tI(AAU)D,YDL165W,0.2020167112350464
tI(AAU)D,YGR059W,0.2020167112350464
tI(AAU)D,YBR109C,0.2020167112350464
tI(AAU)D,YJL080C,0.2020167112350464
tI(AAU)D,YCR093W,0.2020167112350464
tI(AAU)D,YIL122W,0.2020167112350464
tI(AAU)D,YCL029C,0.2020167112350464
tI(AAU)D,YNL173C,0.2020167112350464
tI(AAU)D,YLR452C,0.2020167112350464
tI(AAU)D,YDL160C,0.2020167112350464
tI(AAU)D,YLR229C,0.2020167112350464
tI(AAU)D,YML057W,0.2020167112350464
tI(AAU)D,YER149C,0.2020167112350464
tI(AAU)D,YMR305C,0.2020167112350464
tI(AAU)D,YLR433C,0.2020167112350464
tI(AAU)D,YJL073W,0.2020167112350464
tI(AAU)D,YGR279C,0.2020167112350464
tI(AAU)D,YKL190W,0.2020167112350464
tI(AAU)D,YGL089C,0.2020167112350464
tI(AAU)D,YJL019W,0.2020167112350464
tI(AAU)D,YJL018W,0.2020167112350464
tI(AAU)D,YNR032C-A,0.2020167112350464
tI(AAU)D,YGL178W,0.2020167112350464
tI(AAU)D,YKL116C,0.2020167112350464
tI(AAU)D,YDL214C,0.2020167112350464
tI(AAU)D,YLR362W,0.2020167112350464
tI(AAU)D,YER068W,0.2020167112350464
tI(AAU)D,YHR084W,0.2020167112350464
tI(AAU)D,YDR392W,0.2020167112350464
tI(AAU)D,YNL053W,0.2020167112350464
tI(AAU)D,YGR040W,0.2020167112350464
tI(AAU)D,YDL216C,0.2020167112350464
tI(AAU)D,YOL117W,0.2020167112350464
tI(AAU)D,YJR086W,0.2020167112350464
tI(AAU)D,YMR025W,0.2020167112350464
tI(AAU)D,YBR081C,0.2020167112350464
tI(AAU)D,YFL026W,0.2020167112350464
tI(AAU)D,YHL007C,0.2020167112350464
tI(AAU)D,YNR044W,0.2020167112350464
tI(AAU)D,YNL271C,0.2020167112350464
tI(AAU)D,YDR200C,0.2020167112350464
tI(AAU)D,YKL178C,0.2020167112350464
tI(AAU)D,YOR212W,0.2020167112350464
tI(AAU)D,YOL111C,0.2020167112350464
tI(AAU)D,YGL032C,0.2020167112350464
tI(AAU)D,YHR005C,0.2020167112350464
tI(AAU)D,YDR103W,0.2020167112350464
tI(AAU)D,YJR084W,0.2020167112350464
tI(AAU)D,YCL032W,0.2020167112350464
tI(AAU)D,YJL170C,0.2020167112350464
tI(AAU)D,YDR179C,0.2020167112350464
tI(AAU)D,YBR095C,0.2020167112350464
tI(AAU)D,YLL021W,0.2020167112350464
tI(AAU)D,YDL159W,0.2020167112350464
tI(AAU)D,YNL161W,0.2020167112350464
tI(AAU)D,YNL188W,0.2020167112350464
tI(AAU)D,YJL157C,0.2020167112350464
tI(AAU)D,YJL034W,0.2020167112350464
tI(AAU)D,YLR238W,0.2020167112350464
tI(AAU)D,YPR141C,0.2020167112350464
tI(AAU)D,YNL127W,0.2020167112350464
tI(AAU)D,YCL055W,0.2020167112350464
tI(AAU)D,YPR122W,0.2020167112350464
tI(AAU)D,YMR065W,0.2020167112350464
tI(AAU)D,YDR356W,0.2020167112350464
tI(AAU)D,YMR052W,0.2020167112350464
tI(AAU)D,YFR008W,0.2020167112350464
tI(AAU)D,YLL043W,0.2020167112350464
tI(AAU)D,YMR029C,0.2020167112350464
tI(AAU)D,YJR004C,0.2020167112350464
tI(AAU)D,YDL223C,0.2020167112350464
tI(AAU)D,YHR158C,0.2020167112350464
tI(AAU)D,YGR238C,0.2020167112350464
tI(AAU)D,YIL015W,0.2020167112350464
tI(AAU)D,YGL173C,0.2020167112350464
tI(AAU)D,YDL225W,0.2020167112350464
tI(AAU)D,YLR330W,0.2020167112350464
tI(AAU)D,YBR129C,0.2020167112350464
tI(AAU)D,YKR095W-A,0.2020167112350464
tI(AAU)D,YPR075C,0.2020167112350464
tI(AAU)D,YMR198W,0.2020167112350464
tI(AAU)D,YOR127W,0.2020167112350464
tI(AAU)D,YDR264C,0.2020167112350464
tI(AAU)D,YLR110C,0.2020167112350464
tI(AAU)D,YDR379W,0.2020167112350464
tI(AAU)D,YDL100C,0.2020167112350464
tI(AAU)D,YHR073W,0.2020167112350464
tI(AAU)D,YJR090C,0.2020167112350464
tI(AAU)D,YOR208W,0.2020167112350464
tI(AAU)D,YBR040W,0.2020167112350464
tI(AAU)D,YNL279W,0.2020167112350464
tI(AAU)D,YER075C,0.2020167112350464
tI(AAU)D,YCR089W,0.2020167112350464
tI(AAU)D,YCR002C,0.2020167112350464
tI(AAU)D,YJL108C,0.2020167112350464
tI(AAU)D,YBR200W,0.2020167112350464
tI(AAU)D,YIL026C,0.2020167112350464
tI(AAU)D,YJR076C,0.2020167112350464
tI(AAU)D,YKR031C,0.2020167112350464
tI(AAU)D,YPL192C,0.2020167112350464
tI(AAU)D,YHR107C,0.2020167112350464
tI(AAU)D,YIL037C,0.2020167112350464
tI(AAU)D,YPL156C,0.2020167112350464
tI(AAU)D,YIL117C,0.2020167112350464
tI(AAU)D,YHR066W,0.2020167112350464
tI(AAU)D,YML085C,0.2020167112350464
tI(AAU)D,YML047C,0.2020167112350464
tI(AAU)D,YDR312W,0.2020167112350464
tI(AAU)D,YFL037W,0.2020167112350464
tI(AAU)D,YDL038C,0.2020167112350464
tI(AAU)D,YDL039C,0.2020167112350464
tI(AAU)D,YCL027W,0.2020167112350464
tI(AAU)D,YML124C,0.2020167112350464
tI(AAU)D,YGL053W,0.2020167112350464
tI(AAU)D,YMR232W,0.2020167112350464
tI(AAU)D,YNL298W,0.2020167112350464
tI(AAU)D,YGL099W,0.2020167112350464
tI(AAU)D,YBL016W,0.2020167112350464
tI(AAU)D,YAL041W,0.2020167112350464
tI(AAU)D,YDR085C,0.2020167112350464
tI(AAU)D,YPL187W,0.2020167112350464
tI(AAU)D,YPL256C,0.2020167112350464
tI(AAU)D,YDR461W,0.2020167112350464
tI(AAU)D,YNL145W,0.2020167112350464
YOR058C,YDL165W,6.632544113926997e-08
YOR058C,YGR059W,0.001103422837331891
YOR058C,YBR109C,6.2589985277972104e-12
YOR058C,YJL080C,0.029221972450613976
YOR058C,YCR093W,6.0189366195118055e-05
YOR058C,YIL122W,6.641326155687466e-09
YOR058C,YCL029C,1.6376565326936543e-05
YOR058C,YNL173C,1.4360034050753256e-08
YOR058C,YLR452C,0.05000610277056694
YOR058C,YDL160C,8.610519935947636e-11
YOR058C,YLR229C,2.844448374617059e-07
YOR058C,YML057W,1.0746508934469934e-13
YOR058C,YER149C,0.0011074349749833345
YOR058C,YMR305C,1.6771751631949883e-07
YOR058C,YLR433C,5.124132258060854e-06
YOR058C,YJL073W,8.013784480453978e-08
YOR058C,YGR279C,1.8573646229924634e-05
YOR058C,YKL190W,2.285202860274893e-10
YOR058C,YGL089C,8.124099792894413e-08
YOR058C,YJL019W,7.012440050857549e-07
YOR058C,YJL018W,0.2020167112350464
YOR058C,YNR032C-A,0.005301517900079489
YOR058C,YGL178W,0.0014587894547730684
YOR058C,YKL116C,0.002286187605932355
YOR058C,YDL214C,0.07326455414295197
YOR058C,YLR362W,1.686597715888638e-05
YOR058C,YER068W,5.486738841042893e-10
YOR058C,YHR084W,0.4242953658103943
YOR058C,YDR392W,4.495392058601055e-09
YOR058C,YNL053W,2.9579014153569005e-06
YOR058C,YGR040W,4.87312357133618e-10
YOR058C,YDL216C,1.195845200641088e-09
YOR058C,YOL117W,2.5865209279940515e-11
YOR058C,YJR086W,7.241437742777634e-07
YOR058C,YMR025W,0.002393507631495595
YOR058C,YBR081C,1.89720648080538e-08
YOR058C,YFL026W,8.180855814998722e-08
YOR058C,YHL007C,0.0004600093816407025
YOR058C,YNR044W,0.9865759015083313
YOR058C,YNL271C,6.208524155226769e-06
YOR058C,YDR200C,1.3373635532332173e-09
YOR058C,YKL178C,0.0001521577505627647
YOR058C,YOR212W,1.0148159162781667e-05
YOR058C,YOL111C,1.5759314964114424e-09
YOR058C,YGL032C,6.521177908780373e-08
YOR058C,YHR005C,0.12679430842399597
YOR058C,YDR103W,0.00017602882871869951
YOR058C,YJR084W,1.2402387028487283e-06
YOR058C,YCL032W,6.608559033338679e-06
YOR058C,YJL170C,0.0016478945035487413
YOR058C,YDR179C,0.00015192737919278443
YOR058C,YBR095C,2.5817320192800253e-07
YOR058C,YLL021W,0.000100367033155635
YOR058C,YDL159W,4.258651244981593e-07
YOR058C,YNL161W,3.24427512632397e-10
YOR058C,YNL188W,0.31599703431129456
YOR058C,YJL157C,0.00036936349351890385
YOR058C,YJL034W,4.582891944326338e-17
YOR058C,YLR238W,0.41067343950271606
YOR058C,YPR141C,0.00910889357328415
YOR058C,YNL127W,7.349275701895586e-12
YOR058C,YCL055W,0.00027515788679011166
YOR058C,YPR122W,0.20197616517543793
YOR058C,YMR065W,0.015520446002483368
YOR058C,YDR356W,2.0305841985646111e-07
YOR058C,YMR052W,8.007000928955676e-08
YOR058C,YFR008W,5.879454874957446e-06
YOR058C,YLL043W,0.9381812810897827
YOR058C,YMR029C,4.929665616687506e-13
YOR058C,YJR004C,0.0003503056650515646
YOR058C,YDL223C,6.423527931787021e-09
YOR058C,YHR158C,7.383006650485413e-09
YOR058C,YGR238C,0.7271768450737
YOR058C,YIL015W,0.7429426908493042
YOR058C,YGL173C,0.3127342760562897
YOR058C,YDL225W,5.428663598650019e-07
YOR058C,YLR330W,5.078153453297318e-09
YOR058C,YBR129C,3.11846748424216e-09
YOR058C,YKR095W-A,0.2020167112350464
YOR058C,YPR075C,1.8394496237306157e-06
YOR058C,YMR198W,0.007925297133624554
YOR058C,YOR127W,1.9720188149108253e-08
YOR058C,YDR264C,1.0323321220084836e-07
YOR058C,YLR110C,4.452206603389186e-09
YOR058C,YDR379W,3.024620980340842e-07
YOR058C,YDL100C,9.837655134958823e-10
YOR058C,YHR073W,4.2884632733830585e-08
YOR058C,YJR090C,5.091384380762065e-08
YOR058C,YOR208W,3.8240925981369855e-09
YOR058C,YBR040W,3.646333425422199e-06
YOR058C,YNL279W,4.401977639645338e-05
YOR058C,YER075C,0.005379536654800177
YOR058C,YCR089W,5.4561325669055805e-05
YOR058C,YCR002C,3.915644629159942e-05
YOR058C,YJL108C,0.5574168562889099
YOR058C,YBR200W,1.1868632162140291e-12
YOR058C,YIL026C,2.4366335082959267e-07
YOR058C,YJR076C,3.534209099598229e-05
YOR058C,YKR031C,3.243964602006599e-05
YOR058C,YPL192C,4.706401587895037e-11
YOR058C,YHR107C,0.19377265870571136
YOR058C,YIL037C,0.9849132895469666
YOR058C,YPL156C,5.5050569137959915e-12
YOR058C,YIL117C,1.3377681398196728e-06
YOR058C,YHR066W,7.813421689206734e-06
YOR058C,YML085C,4.5043866521155e-06
YOR058C,YML047C,0.9624555706977844
YOR058C,YDR312W,0.0988847091794014
YOR058C,YFL037W,0.055082932114601135
YOR058C,YDL038C,0.2020167112350464
YOR058C,YDL039C,0.002434533555060625
YOR058C,YCL027W,0.9258827567100525
YOR058C,YML124C,8.26466539649573e-09
YOR058C,YGL053W,6.930614748767994e-09
YOR058C,YMR232W,5.224627784627955e-06
YOR058C,YNL298W,0.004126769490540028
YOR058C,YGL099W,0.02545211650431156
YOR058C,YBL016W,0.00039457823731936514
YOR058C,YAL041W,3.686068157549016e-05
YOR058C,YDR085C,4.4907046685693786e-05
YOR058C,YPL187W,0.05520681291818619
YOR058C,YPL256C,4.5918685032120266e-07
YOR058C,YDR461W,3.5272590404034077e-11
YOR058C,YNL145W,3.2009856454351393e-07
YFL044C,YDL165W,1.2828876378989662e-06
YFL044C,YGR059W,1.3354415351329862e-09
YFL044C,YBR109C,2.5231644031065148e-12
YFL044C,YJL080C,2.4843505989121783e-15
YFL044C,YCR093W,3.1934039270709036e-06
YFL044C,YIL122W,8.632733283775451e-08
YFL044C,YCL029C,1.1374339692338253e-07
YFL044C,YNL173C,1.7974544649999175e-13
YFL044C,YLR452C,3.7596922103366737e-11
YFL044C,YDL160C,1.9238593357284728e-11
YFL044C,YLR229C,1.9806424234047881e-07
YFL044C,YML057W,8.411080671066884e-06
YFL044C,YER149C,1.7007385395118035e-05
YFL044C,YMR305C,1.776399471964396e-08
YFL044C,YLR433C,1.1944683020459479e-09
YFL044C,YJL073W,5.752929599714407e-13
YFL044C,YGR279C,1.2789410419600244e-08
YFL044C,YKL190W,1.2441907983884448e-06
YFL044C,YGL089C,0.0066711013205349445
YFL044C,YJL019W,7.246620015166627e-08
YFL044C,YJL018W,0.0002570919750723988
YFL044C,YNR032C-A,0.01599106937646866
YFL044C,YGL178W,0.002451974665746093
YFL044C,YKL116C,3.636501377801693e-10
YFL044C,YDL214C,9.130213918240315e-09
YFL044C,YLR362W,7.626975824653339e-17
YFL044C,YER068W,5.394601432229251e-10
YFL044C,YHR084W,1.7417101094707732e-10
YFL044C,YDR392W,1.1145658618261223e-08
YFL044C,YNL053W,1.8229571878691786e-06
YFL044C,YGR040W,0.0002971289795823395
YFL044C,YDL216C,4.935690185448038e-07
YFL044C,YOL117W,2.116686409481261e-10
YFL044C,YJR086W,1.261113050332564e-15
YFL044C,YMR025W,0.000451725791208446
YFL044C,YBR081C,1.9868873907258333e-11
YFL044C,YFL026W,3.103794199432741e-08
YFL044C,YHL007C,1.2843792319472414e-05
YFL044C,YNR044W,0.02507280558347702
YFL044C,YNL271C,3.771646051031752e-10
YFL044C,YDR200C,1.2344872472619828e-14
YFL044C,YKL178C,0.14578714966773987
YFL044C,YOR212W,8.785637106711874e-08
YFL044C,YOL111C,1.824357775959129e-09
YFL044C,YGL032C,0.00010225850564893335
YFL044C,YHR005C,0.0014349123230203986
YFL044C,YDR103W,1.1129035193402359e-10
YFL044C,YJR084W,7.999570450500926e-11
YFL044C,YCL032W,1.5026060395939567e-07
YFL044C,YJL170C,2.2246416619964293e-07
YFL044C,YDR179C,6.914677164182592e-13
YFL044C,YBR095C,7.869177352404222e-06
YFL044C,YLL021W,0.00014934672799427062
YFL044C,YDL159W,1.318936349026245e-10
YFL044C,YNL161W,1.917050962418898e-10
YFL044C,YNL188W,0.00027268732083030045
YFL044C,YJL157C,6.058445412016056e-10
YFL044C,YJL034W,1.829478062098655e-11
YFL044C,YLR238W,2.1345332446021104e-10
YFL044C,YPR141C,3.580920892383606e-14
YFL044C,YNL127W,1.2583379429997876e-05
YFL044C,YCL055W,3.5752275380218634e-06
YFL044C,YPR122W,2.410867807611794e-07
YFL044C,YMR065W,0.00018108748190570623
YFL044C,YDR356W,2.0074499354483244e-11
YFL044C,YMR052W,0.005338916555047035
YFL044C,YFR008W,1.4197084396982973e-07
YFL044C,YLL043W,3.0337965473137274e-09
YFL044C,YMR029C,2.4361528350169692e-09
YFL044C,YJR004C,6.227309768291889e-06
YFL044C,YDL223C,4.2173905969063175e-15
YFL044C,YHR158C,5.236294065014135e-09
YFL044C,YGR238C,1.2357247115759445e-13
YFL044C,YIL015W,0.0009893294190987945
YFL044C,YGL173C,2.0466245587158483e-06
YFL044C,YDL225W,3.4909984947262274e-07
YFL044C,YLR330W,9.435240783117749e-11
YFL044C,YBR129C,5.921675594322551e-08
YFL044C,YKR095W-A,0.2020167112350464
YFL044C,YPR075C,1.6427087283759495e-13
YFL044C,YMR198W,5.049542450841216e-10
YFL044C,YOR127W,0.9573284983634949
YFL044C,YDR264C,1.4049259533521763e-08
YFL044C,YLR110C,6.541502339807437e-10
YFL044C,YDR379W,0.006172217428684235
YFL044C,YDL100C,1.9873716387841522e-12
YFL044C,YHR073W,1.6672844367349171e-06
YFL044C,YJR090C,8.799149017919838e-13
YFL044C,YOR208W,4.293601705285255e-06
YFL044C,YBR040W,0.09102097153663635
YFL044C,YNL279W,3.055108663829742e-06
YFL044C,YER075C,6.61919402773492e-05
YFL044C,YCR089W,0.02277347818017006
YFL044C,YCR002C,6.481264830382472e-11
YFL044C,YJL108C,0.4175056219100952
YFL044C,YBR200W,0.08539631217718124
YFL044C,YIL026C,5.6131426617866964e-08
YFL044C,YJR076C,2.583709424186509e-08
YFL044C,YKR031C,2.635845708365281e-11
YFL044C,YPL192C,4.543806397805383e-08
YFL044C,YHR107C,6.39189767781545e-09
YFL044C,YIL037C,1.476823885404599e-09
YFL044C,YPL156C,0.0009281045058742166
YFL044C,YIL117C,3.810024963968317e-06
YFL044C,YHR066W,1.6885310222348552e-19
YFL044C,YML085C,3.567386386293947e-08
YFL044C,YML047C,0.10361570119857788
YFL044C,YDR312W,0.11014313995838165
YFL044C,YFL037W,5.838089123244572e-09
YFL044C,YDL038C,0.2020167112350464
YFL044C,YDL039C,6.310037995588269e-12
YFL044C,YCL027W,0.6174920797348022
YFL044C,YML124C,1.2402157480249226e-13
YFL044C,YGL053W,6.355047645891995e-14
YFL044C,YMR232W,6.564139898301846e-09
YFL044C,YNL298W,0.005387241952121258
YFL044C,YGL099W,1.0856801964109764e-05
YFL044C,YBL016W,2.8073954619345365e-11
YFL044C,YAL041W,6.341354108485575e-10
YFL044C,YDR085C,1.2049761188848152e-09
YFL044C,YPL187W,4.9736161599867046e-05
YFL044C,YPL256C,5.190263436816167e-07
YFL044C,YDR461W,3.1840165775065543e-06
YFL044C,YNL145W,9.637469489121031e-09
YBL076C,YDL165W,1.6686233720974997e-05
YBL076C,YGR059W,1.6672056327182196e-14
YBL076C,YBR109C,5.178113937631679e-09
YBL076C,YJL080C,7.727075717411935e-05
YBL076C,YCR093W,2.3444774797098944e-06
YBL076C,YIL122W,0.5787070989608765
YBL076C,YCL029C,3.341015912198426e-17
YBL076C,YNL173C,1.531146875954903e-09
YBL076C,YLR452C,6.082568233978236e-06
YBL076C,YDL160C,8.778138749221398e-07
YBL076C,YLR229C,1.5078370552146225e-06
YBL076C,YML057W,1.338081557821023e-15
YBL076C,YER149C,0.0003932717954739928
YBL076C,YMR305C,3.486105955900126e-18
YBL076C,YLR433C,2.7084739784299927e-08
YBL076C,YJL073W,5.823395099469053e-10
YBL076C,YGR279C,1.3944767488283105e-05
YBL076C,YKL190W,1.51938957060338e-05
YBL076C,YGL089C,1.4178255696606357e-05
YBL076C,YJL019W,8.648513016851211e-10
YBL076C,YJL018W,0.0010547618148848414
YBL076C,YNR032C-A,0.0010584216797724366
YBL076C,YGL178W,0.020132819190621376
YBL076C,YKL116C,2.2052822146179096e-07
YBL076C,YDL214C,0.7189790606498718
YBL076C,YLR362W,4.854829057876486e-06
YBL076C,YER068W,0.013651357963681221
YBL076C,YHR084W,3.3634219541445187e-12
YBL076C,YDR392W,9.168565906492177e-10
YBL076C,YNL053W,3.044420054720831e-06
YBL076C,YGR040W,0.7440437078475952
YBL076C,YDL216C,1.2295817214180715e-05
YBL076C,YOL117W,6.187920575939643e-08
YBL076C,YJR086W,2.105684507114347e-05
YBL076C,YMR025W,0.026290500536561012
YBL076C,YBR081C,5.098056499264203e-05
YBL076C,YFL026W,0.024208320304751396
YBL076C,YHL007C,7.973161020302655e-10
YBL076C,YNR044W,1.4641696743922239e-08
YBL076C,YNL271C,4.2878419037606363e-08
YBL076C,YDR200C,2.0944788126087133e-09
YBL076C,YKL178C,0.9835712909698486
YBL076C,YOR212W,1.2329905075603165e-05
YBL076C,YOL111C,8.690111824583013e-11
YBL076C,YGL032C,1.3367463802538282e-09
YBL076C,YHR005C,0.00842458475381136
YBL076C,YDR103W,6.625639343837975e-07
YBL076C,YJR084W,0.016869625076651573
YBL076C,YCL032W,4.844240120149834e-09
YBL076C,YJL170C,1.4176995364323375e-06
YBL076C,YDR179C,7.355655129513782e-20
YBL076C,YBR095C,0.028546566143631935
YBL076C,YLL021W,0.00039189474773593247
YBL076C,YDL159W,2.9024196934734903e-10
YBL076C,YNL161W,0.006147410254925489
YBL076C,YNL188W,6.755919174789016e-12
YBL076C,YJL157C,1.0862856925086817e-06
YBL076C,YJL034W,4.094796553834887e-16
YBL076C,YLR238W,0.0001802968472475186
YBL076C,YPR141C,3.642908752432561e-10
YBL076C,YNL127W,0.0815417692065239
YBL076C,YCL055W,1.243177435994447e-11
YBL076C,YPR122W,1.6101603250717744e-06
YBL076C,YMR065W,0.12195946276187897
YBL076C,YDR356W,3.2465184176544426e-06
YBL076C,YMR052W,2.1996513169142418e-05
YBL076C,YFR008W,3.7887915823375806e-05
YBL076C,YLL043W,0.3465997576713562
YBL076C,YMR029C,0.9986969828605652
YBL076C,YJR004C,3.3299482962712013e-12
YBL076C,YDL223C,4.235841021045749e-20
YBL076C,YHR158C,0.005081405863165855
YBL076C,YGR238C,4.918219911193011e-12
YBL076C,YIL015W,0.9999339580535889
YBL076C,YGL173C,0.9974291920661926
YBL076C,YDL225W,3.0813545048857804e-09
YBL076C,YLR330W,4.6086907623532625e-09
YBL076C,YBR129C,0.0014301518676802516
YBL076C,YKR095W-A,0.2020167112350464
YBL076C,YPR075C,8.017457730602473e-05
YBL076C,YMR198W,3.0037639042745923e-09
YBL076C,YOR127W,0.00018974293197970837
YBL076C,YDR264C,0.8145790696144104
YBL076C,YLR110C,2.3697428730429237e-07
YBL076C,YDR379W,7.208096559950875e-14
YBL076C,YDL100C,5.682720786992501e-12
YBL076C,YHR073W,0.00225163740105927
YBL076C,YJR090C,5.497122312903002e-09
YBL076C,YOR208W,2.008995636515465e-09
YBL076C,YBR040W,0.020975450053811073
YBL076C,YNL279W,6.0856033087475225e-05
YBL076C,YER075C,0.0008455817005597055
YBL076C,YCR089W,4.908220944344066e-06
YBL076C,YCR002C,2.841180624102435e-08
YBL076C,YJL108C,2.3609120301110176e-13
YBL076C,YBR200W,0.00017202201706822962
YBL076C,YIL026C,1.5452984314379137e-07
YBL076C,YJR076C,0.0024160267785191536
YBL076C,YKR031C,1.7769161142489054e-10
YBL076C,YPL192C,4.030566103097044e-09
YBL076C,YHR107C,0.008599206805229187
YBL076C,YIL037C,1.1303358604664027e-07
YBL076C,YPL156C,3.305915242890478e-06
YBL076C,YIL117C,6.675574399902032e-14
YBL076C,YHR066W,3.036404461198572e-11
YBL076C,YML085C,1.3367387197149583e-09
YBL076C,YML047C,0.22096967697143555
YBL076C,YDR312W,0.0018239902565255761
YBL076C,YFL037W,0.016655337065458298
YBL076C,YDL038C,0.2020167112350464
YBL076C,YDL039C,9.70296933078263e-12
YBL076C,YCL027W,3.202472669272538e-07
YBL076C,YML124C,9.512429954838808e-08
YBL076C,YGL053W,0.022454164922237396
YBL076C,YMR232W,3.314931315556713e-11
YBL076C,YNL298W,1.8526111489336472e-06
YBL076C,YGL099W,4.5679497510942024e-14
YBL076C,YBL016W,1.670167648626375e-08
YBL076C,YAL041W,2.8411136554495897e-07
YBL076C,YDR085C,1.8270267243547522e-11
YBL076C,YPL187W,9.431725629838184e-05
YBL076C,YPL256C,1.496658769140069e-10
YBL076C,YDR461W,1.889566888999181e-17
YBL076C,YNL145W,1.3134084098087584e-10
YGL142C,YDL165W,1.8735248886514455e-05
YGL142C,YGR059W,3.738859533086725e-08
YGL142C,YBR109C,0.00017793421284295619
YGL142C,YJL080C,1.1576941687962972e-05
YGL142C,YCR093W,1.4192134585755412e-05
YGL142C,YIL122W,1.3627559525275501e-08
YGL142C,YCL029C,1.927695393533213e-06
YGL142C,YNL173C,2.8607061164365177e-09
YGL142C,YLR452C,2.022598533102382e-09
YGL142C,YDL160C,8.471144496979832e-07
YGL142C,YLR229C,1.3236815902928356e-05
YGL142C,YML057W,1.0924609131278233e-14
YGL142C,YER149C,0.004862776957452297
YGL142C,YMR305C,5.131977620642658e-10
YGL142C,YLR433C,7.06982473275275e-06
YGL142C,YJL073W,7.606254515124533e-11
YGL142C,YGR279C,0.00011551955685717985
YGL142C,YKL190W,1.0311337206303506e-07
YGL142C,YGL089C,0.00032734923297539353
YGL142C,YJL019W,6.060291851683886e-11
YGL142C,YJL018W,0.00027112720999866724
YGL142C,YNR032C-A,0.005459111649543047
YGL142C,YGL178W,8.504031256961753e-09
YGL142C,YKL116C,1.0847649889456079e-08
YGL142C,YDL214C,3.394373493392777e-07
YGL142C,YLR362W,1.3159859918232542e-05
YGL142C,YER068W,1.582888131679283e-08
YGL142C,YHR084W,2.0651317811370973e-07
YGL142C,YDR392W,9.117061239294344e-08
YGL142C,YNL053W,3.8628242965410564e-11
YGL142C,YGR040W,1.1718730874576977e-08
YGL142C,YDL216C,2.0406635314884625e-07
YGL142C,YOL117W,1.3500679463263054e-09
YGL142C,YJR086W,1.8426260339765577e-07
YGL142C,YMR025W,0.001225922955200076
YGL142C,YBR081C,2.3225995846587466e-06
YGL142C,YFL026W,8.591756750497836e-10
YGL142C,YHL007C,2.5495154432064737e-08
YGL142C,YNR044W,7.794440648467571e-09
YGL142C,YNL271C,5.661171371684759e-07
YGL142C,YDR200C,8.386252581260578e-09
YGL142C,YKL178C,0.013294313102960587
YGL142C,YOR212W,0.000256910891039297
YGL142C,YOL111C,1.3078213512152104e-10
YGL142C,YGL032C,0.011241359636187553
YGL142C,YHR005C,5.127374151925324e-07
YGL142C,YDR103W,9.090888930529673e-09
YGL142C,YJR084W,9.346302398682838e-09
YGL142C,YCL032W,8.93017841008259e-06
YGL142C,YJL170C,2.435042688375688e-06
YGL142C,YDR179C,4.18259332946036e-06
YGL142C,YBR095C,3.0780960003085056e-08
YGL142C,YLL021W,4.240278350664539e-09
YGL142C,YDL159W,1.0820744257220016e-12
YGL142C,YNL161W,5.298290560624974e-13
YGL142C,YNL188W,9.647879828378336e-09
YGL142C,YJL157C,7.030774617014512e-14
YGL142C,YJL034W,1.0759800828097354e-09
YGL142C,YLR238W,4.235824579978953e-09
YGL142C,YPR141C,9.648086233937647e-06
YGL142C,YNL127W,1.8963795811455242e-10
YGL142C,YCL055W,2.824481506969942e-14
YGL142C,YPR122W,1.0710484588116742e-07
YGL142C,YMR065W,2.239448519958387e-07
YGL142C,YDR356W,4.7270369042673455e-12
YGL142C,YMR052W,8.085218716757936e-09
YGL142C,YFR008W,0.02685069665312767
YGL142C,YLL043W,6.828165144412424e-09
YGL142C,YMR029C,1.0923813069385613e-11
YGL142C,YJR004C,5.010622139423049e-09
YGL142C,YDL223C,3.560236291377805e-05
YGL142C,YHR158C,5.373959610643908e-10
YGL142C,YGR238C,1.545073639343253e-12
YGL142C,YIL015W,5.461596970235405e-07
YGL142C,YGL173C,0.002469667000696063
YGL142C,YDL225W,8.0630104372717e-13
YGL142C,YLR330W,3.2869011874249454e-15
YGL142C,YBR129C,2.0083010254801081e-10
YGL142C,YKR095W-A,0.2020167112350464
YGL142C,YPR075C,5.93492746267521e-12
YGL142C,YMR198W,1.4218685464584269e-06
YGL142C,YOR127W,1.2580133332620869e-12
YGL142C,YDR264C,1.230898902804256e-07
YGL142C,YLR110C,4.360285998927793e-08
YGL142C,YDR379W,0.00014868061407469213
YGL142C,YDL100C,1.560631233132881e-07
YGL142C,YHR073W,0.001803260762244463
YGL142C,YJR090C,2.2281462699197396e-12
YGL142C,YOR208W,0.00012510908709373325
YGL142C,YBR040W,2.729423158598365e-07
YGL142C,YNL279W,0.0006455852999351919
YGL142C,YER075C,0.0004251440695952624
YGL142C,YCR089W,9.341131620135137e-17
YGL142C,YCR002C,0.09933022409677505
YGL142C,YJL108C,1.0394046512374189e-05
YGL142C,YBR200W,3.714189498766219e-15
YGL142C,YIL026C,1.6905431221569955e-10
YGL142C,YJR076C,2.6247042123821e-14
YGL142C,YKR031C,1.4360566902293925e-10
YGL142C,YPL192C,1.5779556861161836e-07
YGL142C,YHR107C,8.767921284846825e-13
YGL142C,YIL037C,1.7479533098718747e-10
YGL142C,YPL156C,6.649036549788434e-06
YGL142C,YIL117C,7.006076430116082e-07
YGL142C,YHR066W,9.333780016251921e-20
YGL142C,YML085C,0.00014431806630454957
YGL142C,YML047C,0.00046394276432693005
YGL142C,YDR312W,8.549617902531281e-09
YGL142C,YFL037W,0.6492078304290771
YGL142C,YDL038C,0.2020167112350464
YGL142C,YDL039C,2.840988277963419e-10
YGL142C,YCL027W,3.111910729103329e-11
YGL142C,YML124C,7.601649344712857e-13
YGL142C,YGL053W,3.6675626979842946e-09
YGL142C,YMR232W,3.508879672153853e-06
YGL142C,YNL298W,4.0758620437064685e-12
YGL142C,YGL099W,5.656248323143394e-16
YGL142C,YBL016W,6.828969056904555e-10
YGL142C,YAL041W,4.15651265939232e-06
YGL142C,YDR085C,6.020190426170302e-07
YGL142C,YPL187W,7.509157171625702e-07
YGL142C,YPL256C,3.875927627895043e-13
YGL142C,YDR461W,4.240077906836337e-12
YGL142C,YNL145W,2.995536485528305e-09
YGR095C,YDL165W,1.0756851409610135e-08
YGR095C,YGR059W,3.645972412869014e-11
YGR095C,YBR109C,0.00012143368803663179
YGR095C,YJL080C,3.3017163222209822e-12
YGR095C,YCR093W,0.030989965423941612
YGR095C,YIL122W,3.565492363577505e-07
YGR095C,YCL029C,7.023792658600314e-10
YGR095C,YNL173C,2.577850042803642e-13
YGR095C,YLR452C,1.585414679539099e-07
YGR095C,YDL160C,1.8274047874911048e-07
YGR095C,YLR229C,4.0407025151941654e-17
YGR095C,YML057W,3.3427867272188896e-14
YGR095C,YER149C,1.6590159422017609e-13
YGR095C,YMR305C,5.2479536922889183e-20
YGR095C,YLR433C,1.5739474292786326e-06
YGR095C,YJL073W,3.020791556891493e-14
YGR095C,YGR279C,2.2325855053573207e-10
YGR095C,YKL190W,2.4285677682200912e-06
YGR095C,YGL089C,6.541217762758011e-13
YGR095C,YJL019W,7.04357390191035e-08
YGR095C,YJL018W,0.00042174573172815144
YGR095C,YNR032C-A,0.02620841935276985
YGR095C,YGL178W,6.237139710957296e-13
YGR095C,YKL116C,7.327231799081346e-08
YGR095C,YDL214C,3.2335437936126254e-06
YGR095C,YLR362W,4.457409664488559e-15
YGR095C,YER068W,9.383557264541764e-10
YGR095C,YHR084W,3.977148706719389e-16
YGR095C,YDR392W,1.0211169583496105e-11
YGR095C,YNL053W,3.11874970293502e-11
YGR095C,YGR040W,6.25525160558027e-08
YGR095C,YDL216C,8.24664295184796e-11
YGR095C,YOL117W,4.542460374068469e-06
YGR095C,YJR086W,1.46427271349725e-12
YGR095C,YMR025W,1.674322437422368e-13
YGR095C,YBR081C,7.678908104935545e-07
YGR095C,YFL026W,6.794743240279288e-11
YGR095C,YHL007C,5.6688560096107565e-11
YGR095C,YNR044W,6.225666412517511e-14
YGR095C,YNL271C,3.3947820140926843e-13
YGR095C,YDR200C,1.2937366455911814e-10
YGR095C,YKL178C,1.411019301400529e-08
YGR095C,YOR212W,5.807835101734327e-09
YGR095C,YOL111C,9.379167872859608e-15
YGR095C,YGL032C,3.0239016585859035e-12
YGR095C,YHR005C,0.00024492820375598967
YGR095C,YDR103W,2.115611823683139e-05
YGR095C,YJR084W,2.3131446411084333e-11
YGR095C,YCL032W,1.0731387306561757e-10
YGR095C,YJL170C,0.012304616160690784
YGR095C,YDR179C,7.927899225990132e-09
YGR095C,YBR095C,1.0055516419527066e-09
YGR095C,YLL021W,9.057601335626941e-10
YGR095C,YDL159W,4.620438476266031e-10
YGR095C,YNL161W,6.730511703523234e-10
YGR095C,YNL188W,4.561163512856181e-12
YGR095C,YJL157C,2.5401751813092233e-09
YGR095C,YJL034W,4.727555569239428e-10
YGR095C,YLR238W,1.8440922346010108e-13
YGR095C,YPR141C,1.1212956962936005e-07
YGR095C,YNL127W,9.53979542828165e-06
YGR095C,YCL055W,0.012961195781826973
YGR095C,YPR122W,0.9999747276306152
YGR095C,YMR065W,0.00016324555326718837
YGR095C,YDR356W,0.0008009410230442882
YGR095C,YMR052W,5.675047941622324e-05
YGR095C,YFR008W,7.840889760317676e-16
YGR095C,YLL043W,1.573380640183808e-14
YGR095C,YMR029C,1.743144040569633e-12
YGR095C,YJR004C,7.5153288889850955e-06
YGR095C,YDL223C,1.0274651925260022e-17
YGR095C,YHR158C,2.2483929569716565e-05
YGR095C,YGR238C,8.72143690600069e-09
YGR095C,YIL015W,3.1547989465252613e-07
YGR095C,YGL173C,1.7064810435840627e-06
YGR095C,YDL225W,1.9356938274484037e-10
YGR095C,YLR330W,9.100851627863449e-08
YGR095C,YBR129C,5.2432025735016374e-12
YGR095C,YKR095W-A,0.2020167112350464
YGR095C,YPR075C,1.4056777963844524e-10
YGR095C,YMR198W,5.459229596160853e-11
YGR095C,YOR127W,1.612717568377775e-07
YGR095C,YDR264C,6.781291449442506e-05
YGR095C,YLR110C,1.0122008831103813e-07
YGR095C,YDR379W,6.7339049891756986e-09
YGR095C,YDL100C,6.784545257687569e-05
YGR095C,YHR073W,9.284373270190827e-11
YGR095C,YJR090C,1.430418069503503e-05
YGR095C,YOR208W,5.438716699224244e-10
YGR095C,YBR040W,9.595766055933794e-15
YGR095C,YNL279W,7.848704698047281e-15
YGR095C,YER075C,0.512156069278717
YGR095C,YCR089W,4.9715271899231084e-08
YGR095C,YCR002C,4.83199255540967e-06
YGR095C,YJL108C,9.722065215100884e-07
YGR095C,YBR200W,6.94889948059667e-15
YGR095C,YIL026C,1.2364638735107292e-07
YGR095C,YJR076C,7.958804290462661e-17
YGR095C,YKR031C,0.038881704211235046
YGR095C,YPL192C,3.095151157594955e-08
YGR095C,YHR107C,7.189865564895259e-13
YGR095C,YIL037C,9.59445847423246e-13
YGR095C,YPL156C,1.8513024997446337e-06
YGR095C,YIL117C,9.475448869977754e-09
YGR095C,YHR066W,5.612907116869792e-08
YGR095C,YML085C,1.347661704453884e-10
YGR095C,YML047C,0.03240083158016205
YGR095C,YDR312W,2.039438930234727e-12
YGR095C,YFL037W,9.563532188394674e-08
YGR095C,YDL038C,0.2020167112350464
YGR095C,YDL039C,8.3398556895856e-19
YGR095C,YCL027W,1.2515572481381146e-14
YGR095C,YML124C,2.777144689547809e-15
YGR095C,YGL053W,5.932205837666515e-10
YGR095C,YMR232W,4.567211362882517e-06
YGR095C,YNL298W,2.6419701981694743e-08
YGR095C,YGL099W,3.041831177674932e-14
YGR095C,YBL016W,6.456397638743283e-09
YGR095C,YAL041W,1.262856486050623e-10
YGR095C,YDR085C,1.5203973063177e-12
YGR095C,YPL187W,1.970328867173521e-06
YGR095C,YPL256C,4.160000523310142e-13
YGR095C,YDR461W,1.7591661634341893e-12
YGR095C,YNL145W,2.5489000108791515e-05
YNR060W,YDL165W,1.087649934561341e-06
YNR060W,YGR059W,1.619310019407294e-08
YNR060W,YBR109C,4.023685562515311e-08
YNR060W,YJL080C,1.7503342633062857e-06
YNR060W,YCR093W,3.870439080344568e-09
YNR060W,YIL122W,3.971831002112791e-14
YNR060W,YCL029C,4.609767081942273e-11
YNR060W,YNL173C,0.005650646984577179
YNR060W,YLR452C,2.1733749249706283e-19
YNR060W,YDL160C,1.8766245502011003e-11
YNR060W,YLR229C,0.0004467727558221668
YNR060W,YML057W,0.0003829994238913059
YNR060W,YER149C,0.00017498759552836418
YNR060W,YMR305C,0.00012470876390580088
YNR060W,YLR433C,1.617633671457952e-08
YNR060W,YJL073W,0.0006933549884706736
YNR060W,YGR279C,0.8213652968406677
YNR060W,YKL190W,2.778148484594567e-07
YNR060W,YGL089C,0.00010182326514041051
YNR060W,YJL019W,0.6159905791282654
YNR060W,YJL018W,0.0013767488999292254
YNR060W,YNR032C-A,1.4088112948229536e-05
YNR060W,YGL178W,5.270924521028064e-05
YNR060W,YKL116C,2.4930983499871218e-08
YNR060W,YDL214C,0.5562995076179504
YNR060W,YLR362W,2.4833254883560585e-06
YNR060W,YER068W,1.0211997913955884e-09
YNR060W,YHR084W,0.00010153277980862185
YNR060W,YDR392W,5.639257324219216e-06
YNR060W,YNL053W,0.029209449887275696
YNR060W,YGR040W,0.02267475612461567
YNR060W,YDL216C,1.796238575479947e-05
YNR060W,YOL117W,0.0007511352887377143
YNR060W,YJR086W,3.968427719769352e-08
YNR060W,YMR025W,0.0026214695535600185
YNR060W,YBR081C,0.003735379548743367
YNR060W,YFL026W,6.0753871442284e-21
YNR060W,YHL007C,0.020235231146216393
YNR060W,YNR044W,1.355331136210225e-07
YNR060W,YNL271C,9.307333129981998e-06
YNR060W,YDR200C,0.06260035932064056
YNR060W,YKL178C,0.0004616579972207546
YNR060W,YOR212W,5.2767696878675e-09
YNR060W,YOL111C,8.58046259963885e-05
YNR060W,YGL032C,7.581352212682191e-12
YNR060W,YHR005C,2.3988892469684053e-11
YNR060W,YDR103W,0.00027138221776112914
YNR060W,YJR084W,0.9975353479385376
YNR060W,YCL032W,0.00019845347560476512
YNR060W,YJL170C,7.593009650008753e-05
YNR060W,YDR179C,0.007646724581718445
YNR060W,YBR095C,3.2965083391900407e-06
YNR060W,YLL021W,0.012051780708134174
YNR060W,YDL159W,7.162259067078347e-13
YNR060W,YNL161W,6.638278136961162e-06
YNR060W,YNL188W,1.8382221469437354e-06
YNR060W,YJL157C,6.793117179881847e-09
YNR060W,YJL034W,2.976973322802584e-13
YNR060W,YLR238W,1.088442672880774e-06
YNR060W,YPR141C,4.495199004694861e-11
YNR060W,YNL127W,6.119037134627581e-12
YNR060W,YCL055W,1.0821668006144591e-09
YNR060W,YPR122W,8.944890396378469e-06
YNR060W,YMR065W,1.884909295313264e-07
YNR060W,YDR356W,1.1945601727347821e-05
YNR060W,YMR052W,3.6406722081494536e-10
YNR060W,YFR008W,4.24561328316031e-08
YNR060W,YLL043W,4.581171742756851e-05
YNR060W,YMR029C,4.012984209111892e-05
YNR060W,YJR004C,1.6856465379078145e-07
YNR060W,YDL223C,3.5530880673631873e-14
YNR060W,YHR158C,8.670381248521153e-06
YNR060W,YGR238C,1.8737054574557988e-08
YNR060W,YIL015W,2.0694246487327865e-14
YNR060W,YGL173C,0.00010614062921376899
YNR060W,YDL225W,1.1665330248433747e-06
YNR060W,YLR330W,1.0379293513551602e-07
YNR060W,YBR129C,0.0016175267519429326
YNR060W,YKR095W-A,0.2020167112350464
YNR060W,YPR075C,4.120941365926001e-09
YNR060W,YMR198W,1.1821718604032583e-10
YNR060W,YOR127W,2.4914430468925275e-05
YNR060W,YDR264C,2.1725193732891057e-07
YNR060W,YLR110C,1.1730867299775127e-07
YNR060W,YDR379W,3.849900167551823e-05
YNR060W,YDL100C,3.347948884812636e-14
YNR060W,YHR073W,0.028221137821674347
YNR060W,YJR090C,1.5908664359812197e-12
YNR060W,YOR208W,0.9375942349433899
YNR060W,YBR040W,1.7315038292053941e-07
YNR060W,YNL279W,8.940934659307231e-10
YNR060W,YER075C,2.778715781914798e-07
YNR060W,YCR089W,0.002031128155067563
YNR060W,YCR002C,1.0509316439311078e-07
YNR060W,YJL108C,9.247005800716579e-05
YNR060W,YBR200W,0.0005166952032595873
YNR060W,YIL026C,2.0698303160315845e-07
YNR060W,YJR076C,1.5497908512074332e-11
YNR060W,YKR031C,4.210347469779663e-06
YNR060W,YPL192C,7.779973998367495e-09
YNR060W,YHR107C,0.9208716154098511
YNR060W,YIL037C,1.3572013813245576e-05
YNR060W,YPL156C,0.00018362622358836234
YNR060W,YIL117C,0.1690646857023239
YNR060W,YHR066W,9.603306865002548e-12
YNR060W,YML085C,1.1500183028090305e-08
YNR060W,YML047C,4.517751861499164e-08
YNR060W,YDR312W,1.0416152385062105e-09
YNR060W,YFL037W,0.12365297228097916
YNR060W,YDL038C,0.2020167112350464
YNR060W,YDL039C,4.793507102363037e-08
YNR060W,YCL027W,2.194334669525233e-08
YNR060W,YML124C,2.193007331285912e-09
YNR060W,YGL053W,0.9894340634346008
YNR060W,YMR232W,4.085719774593599e-05
YNR060W,YNL298W,3.032566905925016e-11
YNR060W,YGL099W,1.1407141009556199e-08
YNR060W,YBL016W,0.00012933154357597232
YNR060W,YAL041W,3.4219528970425017e-06
YNR060W,YDR085C,1.7132433640654199e-06
YNR060W,YPL187W,0.053647685796022415
YNR060W,YPL256C,1.0711771381011204e-07
YNR060W,YDR461W,3.2367292819069255e-17
YNR060W,YNL145W,2.14823430155775e-08
YNR041C,YDL165W,3.2298157609540524e-21
YNR041C,YGR059W,2.8696700127284203e-08
YNR041C,YBR109C,2.802645675216084e-14
YNR041C,YJL080C,2.3724136610780988e-07
YNR041C,YCR093W,4.981611709808931e-06
YNR041C,YIL122W,2.6399284251965582e-06
YNR041C,YCL029C,0.8021960854530334
YNR041C,YNL173C,7.731807194488738e-09
YNR041C,YLR452C,0.004445012658834457
YNR041C,YDL160C,0.028487252071499825
YNR041C,YLR229C,0.0016842151526361704
YNR041C,YML057W,9.343609235656913e-06
YNR041C,YER149C,3.0212382075289757e-12
YNR041C,YMR305C,1.4885025156896603e-10
YNR041C,YLR433C,7.270431865435967e-07
YNR041C,YJL073W,1.1851910863525837e-20
YNR041C,YGR279C,1.441304540994448e-12
YNR041C,YKL190W,4.824280352977439e-08
YNR041C,YGL089C,5.594648300188965e-09
YNR041C,YJL019W,0.16840220987796783
YNR041C,YJL018W,0.0011029693996533751
YNR041C,YNR032C-A,0.9760500192642212
YNR041C,YGL178W,2.925864464486949e-05
YNR041C,YKL116C,0.0002984645252581686
YNR041C,YDL214C,6.864775787107646e-05
YNR041C,YLR362W,2.759635922555681e-11
YNR041C,YER068W,0.05198347941040993
YNR041C,YHR084W,0.9838618636131287
YNR041C,YDR392W,0.04836162179708481
YNR041C,YNL053W,0.0012837962713092566
YNR041C,YGR040W,0.00035328074591234326
YNR041C,YDL216C,0.0020451184827834368
YNR041C,YOL117W,5.896996663068421e-05
YNR041C,YJR086W,1.7691840585237826e-15
YNR041C,YMR025W,1.8348175956361956e-07
YNR041C,YBR081C,0.020723886787891388
YNR041C,YFL026W,1.619793188467611e-10
YNR041C,YHL007C,3.8219249987037074e-10
YNR041C,YNR044W,1.8434137549760976e-09
YNR041C,YNL271C,3.5979661561214016e-07
YNR041C,YDR200C,2.4995400714489246e-12
YNR041C,YKL178C,2.7873753083440533e-08
YNR041C,YOR212W,1.2617061258615725e-13
YNR041C,YOL111C,0.0009553340496495366
YNR041C,YGL032C,4.4871248974232e-06
YNR041C,YHR005C,1.0498133029557266e-08
YNR041C,YDR103W,1.1575085778758876e-07
YNR041C,YJR084W,0.06779351830482483
YNR041C,YCL032W,0.00011997471301583573
YNR041C,YJL170C,1.2500551747507416e-05
YNR041C,YDR179C,1.5259775665299458e-09
YNR041C,YBR095C,4.698853750539911e-09
YNR041C,YLL021W,7.592402107547969e-05
YNR041C,YDL159W,0.0001444427907699719
YNR041C,YNL161W,0.001823338447138667
YNR041C,YNL188W,2.6340854410861203e-12
YNR041C,YJL157C,9.567946261668236e-12
YNR041C,YJL034W,1.229687228016923e-16
YNR041C,YLR238W,0.1331447958946228
YNR041C,YPR141C,8.616496671720597e-08
YNR041C,YNL127W,0.690673828125
YNR041C,YCL055W,6.3447836394503465e-12
YNR041C,YPR122W,0.36523881554603577
YNR041C,YMR065W,0.00010954137542285025
YNR041C,YDR356W,2.0539941969488495e-10
YNR041C,YMR052W,4.207725487481717e-11
YNR041C,YFR008W,1.5437503009252396e-07
YNR041C,YLL043W,1.4461713362834416e-05
YNR041C,YMR029C,1.1026223546650726e-05
YNR041C,YJR004C,7.429740378483984e-08
YNR041C,YDL223C,1.5083695379930603e-16
YNR041C,YHR158C,8.589136086811777e-06
YNR041C,YGR238C,1.977805226260898e-07
YNR041C,YIL015W,0.01607394963502884
YNR041C,YGL173C,0.5101337432861328
YNR041C,YDL225W,1.33408645242028e-10
YNR041C,YLR330W,2.0208371864782748e-08
YNR041C,YBR129C,3.3634657281567115e-09
YNR041C,YKR095W-A,0.2020167112350464
YNR041C,YPR075C,0.00011930982873309404
YNR041C,YMR198W,1.7732394553604536e-05
YNR041C,YOR127W,8.705357962268678e-11
YNR041C,YDR264C,1.216285272676032e-05
YNR041C,YLR110C,3.380860522095297e-11
YNR041C,YDR379W,1.1107470600868211e-17
YNR041C,YDL100C,2.3140359420303902e-11
YNR041C,YHR073W,6.385174344814004e-08
YNR041C,YJR090C,3.0406424600393223e-10
YNR041C,YOR208W,1.3104020979426423e-08
YNR041C,YBR040W,1.2498030166341323e-08
YNR041C,YNL279W,0.9992114305496216
YNR041C,YER075C,1.8070513141399402e-10
YNR041C,YCR089W,4.7883763727440964e-06
YNR041C,YCR002C,4.041059587650553e-12
YNR041C,YJL108C,2.0676304635439124e-13
YNR041C,YBR200W,0.007557978387922049
YNR041C,YIL026C,3.520919023003444e-08
YNR041C,YJR076C,3.2789577630865097e-07
YNR041C,YKR031C,5.257405973679852e-06
YNR041C,YPL192C,0.03416485711932182
YNR041C,YHR107C,0.012366865761578083
YNR041C,YIL037C,0.5582966208457947
YNR041C,YPL156C,0.9671337008476257
YNR041C,YIL117C,3.125058185560192e-07
YNR041C,YHR066W,9.776398440797252e-13
YNR041C,YML085C,1.3726477636824552e-12
YNR041C,YML047C,0.013226618058979511
YNR041C,YDR312W,0.002634752308949828
YNR041C,YFL037W,3.7262897032309256e-14
YNR041C,YDL038C,0.2020167112350464
YNR041C,YDL039C,2.1517940412830612e-19
YNR041C,YCL027W,2.317383768968284e-05
YNR041C,YML124C,4.7696911642089833e-17
YNR041C,YGL053W,7.980866212164983e-05
YNR041C,YMR232W,0.029041673988103867
YNR041C,YNL298W,1.621107692528767e-09
YNR041C,YGL099W,1.0757050805665358e-09
YNR041C,YBL016W,5.91614366385329e-07
YNR041C,YAL041W,0.0013471703277900815
YNR041C,YDR085C,0.0782061293721199
YNR041C,YPL187W,1.980359957087785e-05
YNR041C,YPL256C,1.2255361170332435e-08
YNR041C,YDR461W,1.9288159611163813e-11
YNR041C,YNL145W,1.7767106344744067e-16
YOL003C,YDL165W,8.755614544497803e-07
YOL003C,YGR059W,3.0513322424319256e-10
YOL003C,YBR109C,0.029552873224020004
YOL003C,YJL080C,0.9428532719612122
YOL003C,YCR093W,0.037554215639829636
YOL003C,YIL122W,0.9985522627830505
YOL003C,YCL029C,3.601552944765274e-10
YOL003C,YNL173C,0.0003678035282064229
YOL003C,YLR452C,0.7799390554428101
YOL003C,YDL160C,7.468086948847485e-08
YOL003C,YLR229C,0.0002027422742685303
YOL003C,YML057W,9.731508043842041e-09
YOL003C,YER149C,9.163300092041027e-06
YOL003C,YMR305C,6.863978829763084e-10
YOL003C,YLR433C,1.2578280461639224e-07
YOL003C,YJL073W,1.994171294024058e-13
YOL003C,YGR279C,0.999858021736145
YOL003C,YKL190W,7.833185766692452e-10
YOL003C,YGL089C,2.834730730683077e-05
YOL003C,YJL019W,2.562632914759888e-07
YOL003C,YJL018W,0.11424467712640762
YOL003C,YNR032C-A,0.9825472235679626
YOL003C,YGL178W,1.1307224601075916e-10
YOL003C,YKL116C,2.2614372937823646e-05
YOL003C,YDL214C,3.1717729571251185e-12
YOL003C,YLR362W,6.762659009174055e-13
YOL003C,YER068W,1.8552459835063928e-07
YOL003C,YHR084W,1.2979446850636123e-08
YOL003C,YDR392W,1.454208498410936e-12
YOL003C,YNL053W,0.005602311342954636
YOL003C,YGR040W,0.05701880156993866
YOL003C,YDL216C,2.2006790345585614e-07
YOL003C,YOL117W,7.824746717233211e-05
YOL003C,YJR086W,0.6179224252700806
YOL003C,YMR025W,0.7286405563354492
YOL003C,YBR081C,0.011916532181203365
YOL003C,YFL026W,1.0996623700521013e-07
YOL003C,YHL007C,3.1700373881449195e-08
YOL003C,YNR044W,3.065634898713476e-11
YOL003C,YNL271C,1.6714364267644832e-11
YOL003C,YDR200C,3.425653267186135e-05
YOL003C,YKL178C,3.15022116410546e-05
YOL003C,YOR212W,7.557581227501942e-10
YOL003C,YOL111C,1.0701096953003031e-10
YOL003C,YGL032C,1.0784948489828139e-09
YOL003C,YHR005C,1.3458904130070337e-12
YOL003C,YDR103W,2.6450768473296193e-06
YOL003C,YJR084W,0.0042535122483968735
YOL003C,YCL032W,9.644848120160532e-08
YOL003C,YJL170C,2.373237975916709e-06
YOL003C,YDR179C,4.774819444719469e-06
YOL003C,YBR095C,4.843222427552973e-07
YOL003C,YLL021W,1.0543493161874196e-10
YOL003C,YDL159W,1.0512113401972556e-09
YOL003C,YNL161W,1.0649125137263127e-08
YOL003C,YNL188W,1.8798573364620097e-06
YOL003C,YJL157C,1.6923538126434323e-09
YOL003C,YJL034W,3.439269810785739e-13
YOL003C,YLR238W,8.098872058326378e-05
YOL003C,YPR141C,7.050509509554104e-08
YOL003C,YNL127W,3.212253795936704e-05
YOL003C,YCL055W,3.0688918286614353e-06
YOL003C,YPR122W,0.0025564085226505995
YOL003C,YMR065W,0.9643307328224182
YOL003C,YDR356W,6.248856987411955e-09
YOL003C,YMR052W,9.220947276844527e-07
YOL003C,YFR008W,2.243108910421343e-12
YOL003C,YLL043W,2.478290355156787e-07
YOL003C,YMR029C,6.207159231053083e-10
YOL003C,YJR004C,1.1320149724269868e-06
YOL003C,YDL223C,7.315331007617942e-09
YOL003C,YHR158C,0.00529028195887804
YOL003C,YGR238C,4.860669287154451e-05
YOL003C,YIL015W,0.13470259308815002
YOL003C,YGL173C,0.0005302850622683764
YOL003C,YDL225W,3.65292580681853e-05
YOL003C,YLR330W,2.52768747772969e-12
YOL003C,YBR129C,2.2902222553966567e-05
YOL003C,YKR095W-A,0.2020167112350464
YOL003C,YPR075C,7.77172726174058e-09
YOL003C,YMR198W,8.909411874924444e-09
YOL003C,YOR127W,1.4775548839995878e-11
YOL003C,YDR264C,1.0375358215242159e-05
YOL003C,YLR110C,1.865187005023472e-05
YOL003C,YDR379W,0.00010127401765203103
YOL003C,YDL100C,1.50911307628121e-06
YOL003C,YHR073W,0.000981638440862298
YOL003C,YJR090C,0.002012550365179777
YOL003C,YOR208W,2.7391258754505543e-06
YOL003C,YBR040W,0.031200338155031204
YOL003C,YNL279W,0.9999940395355225
YOL003C,YER075C,2.2597363980025875e-08
YOL003C,YCR089W,0.0002005646238103509
YOL003C,YCR002C,2.832748293712939e-07
YOL003C,YJL108C,0.0002074367948807776
YOL003C,YBR200W,2.682166488909843e-09
YOL003C,YIL026C,9.244878473868567e-11
YOL003C,YJR076C,9.126891598043585e-08
YOL003C,YKR031C,4.547533904997181e-08
YOL003C,YPL192C,0.0002424620761303231
YOL003C,YHR107C,3.5783521070698043e-06
YOL003C,YIL037C,0.0017760838381946087
YOL003C,YPL156C,1.3080183634883724e-05
YOL003C,YIL117C,0.00016881509509403259
YOL003C,YHR066W,8.879624857627277e-08
YOL003C,YML085C,1.0233879038423765e-05
YOL003C,YML047C,0.9956578016281128
YOL003C,YDR312W,6.525703977189323e-09
YOL003C,YFL037W,0.11356336623430252
YOL003C,YDL038C,0.2020167112350464
YOL003C,YDL039C,1.6017428379200283e-06
YOL003C,YCL027W,2.684930109353445e-07
YOL003C,YML124C,7.373619155259803e-06
YOL003C,YGL053W,1.0034067798869728e-07
YOL003C,YMR232W,7.284115326910978e-06
YOL003C,YNL298W,1.6531064295222109e-09
YOL003C,YGL099W,6.915669246154721e-07
YOL003C,YBL016W,3.456602018503396e-11
YOL003C,YAL041W,1.1205870675823348e-09
YOL003C,YDR085C,0.0021852352656424046
YOL003C,YPL187W,0.08962833136320114
YOL003C,YPL256C,3.358874494097108e-07
YOL003C,YDR461W,1.925948289738244e-11
YOL003C,YNL145W,3.425763450692898e-09
YBL082C,YDL165W,1.074206167268367e-13
YBL082C,YGR059W,3.669240189463352e-10
YBL082C,YBR109C,1.0105039027763496e-10
YBL082C,YJL080C,5.146749693096808e-10
YBL082C,YCR093W,0.0053408644162118435
YBL082C,YIL122W,0.10353272408246994
YBL082C,YCL029C,1.7337409872197895e-06
YBL082C,YNL173C,3.3066305249462857e-09
YBL082C,YLR452C,4.3977644442749764e-11
YBL082C,YDL160C,1.521392434256086e-08
YBL082C,YLR229C,2.513290114829832e-15
YBL082C,YML057W,2.0641728326609154e-07
YBL082C,YER149C,1.0253054305640712e-14
YBL082C,YMR305C,3.495448779973153e-21
YBL082C,YLR433C,1.5226805771817453e-06
YBL082C,YJL073W,2.9275955171215173e-07
YBL082C,YGR279C,2.8471914890035055e-23
YBL082C,YKL190W,3.1486140361636217e-09
YBL082C,YGL089C,3.052469166320293e-09
YBL082C,YJL019W,6.723761885041313e-07
YBL082C,YJL018W,0.005761721171438694
YBL082C,YNR032C-A,0.04567131772637367
YBL082C,YGL178W,0.16855917870998383
YBL082C,YKL116C,2.290413902983346e-07
YBL082C,YDL214C,0.00527962576597929
YBL082C,YLR362W,0.0005638967268168926
YBL082C,YER068W,7.880847988417372e-06
YBL082C,YHR084W,1.591777560523461e-15
YBL082C,YDR392W,0.697759211063385
YBL082C,YNL053W,0.003946118988096714
YBL082C,YGR040W,2.3279553285071586e-10
YBL082C,YDL216C,1.8813131608119704e-10
YBL082C,YOL117W,0.004941761493682861
YBL082C,YJR086W,8.35867375315047e-09
YBL082C,YMR025W,4.063185343738951e-09
YBL082C,YBR081C,8.761940825663395e-12
YBL082C,YFL026W,1.7767254681388955e-11
YBL082C,YHL007C,2.758676194924113e-16
YBL082C,YNR044W,2.3760072034861857e-11
YBL082C,YNL271C,3.59303930963506e-06
YBL082C,YDR200C,0.0004806650395039469
YBL082C,YKL178C,4.119898378007747e-08
YBL082C,YOR212W,4.273029929890981e-09
YBL082C,YOL111C,2.8387196564748363e-13
YBL082C,YGL032C,6.585210675369435e-12
YBL082C,YHR005C,2.581289626490957e-09
YBL082C,YDR103W,1.850748776455191e-09
YBL082C,YJR084W,1.4981873164288118e-07
YBL082C,YCL032W,0.9635958671569824
YBL082C,YJL170C,0.001062396913766861
YBL082C,YDR179C,8.207575227848107e-21
YBL082C,YBR095C,7.797721082170028e-07
YBL082C,YLL021W,1.211939970602316e-08
YBL082C,YDL159W,1.8438857211922066e-12
YBL082C,YNL161W,1.2950778227605042e-07
YBL082C,YNL188W,8.956392553061306e-15
YBL082C,YJL157C,2.2810927951220916e-13
YBL082C,YJL034W,5.7181025864792845e-15
YBL082C,YLR238W,0.0002028285089181736
YBL082C,YPR141C,2.284276945374586e-08
YBL082C,YNL127W,3.0054274247959256e-05
YBL082C,YCL055W,1.481150949502255e-13
YBL082C,YPR122W,2.2768968847231008e-05
YBL082C,YMR065W,3.1066967494552955e-05
YBL082C,YDR356W,2.8951140507160744e-07
YBL082C,YMR052W,0.033193618059158325
YBL082C,YFR008W,0.4361812472343445
YBL082C,YLL043W,0.07799046486616135
YBL082C,YMR029C,0.998700737953186
YBL082C,YJR004C,1.5140987075223933e-10
YBL082C,YDL223C,4.847113921173374e-13
YBL082C,YHR158C,1.6012702275247648e-10
YBL082C,YGR238C,8.333191914289273e-08
YBL082C,YIL015W,1.2745938420266612e-06
YBL082C,YGL173C,2.832342215697281e-05
YBL082C,YDL225W,3.7563553071003064e-13
YBL082C,YLR330W,0.9927992820739746
YBL082C,YBR129C,2.016944927163422e-05
YBL082C,YKR095W-A,0.2020167112350464
YBL082C,YPR075C,5.741111181123415e-06
YBL082C,YMR198W,4.9846556066768244e-05
YBL082C,YOR127W,3.8433577880577635e-14
YBL082C,YDR264C,0.00017353238945361227
YBL082C,YLR110C,6.855247706299972e-15
YBL082C,YDR379W,0.022654419764876366
YBL082C,YDL100C,1.9444764946366556e-16
YBL082C,YHR073W,3.343494925367452e-10
YBL082C,YJR090C,1.094203298634966e-06
YBL082C,YOR208W,0.3824590742588043
YBL082C,YBR040W,2.2672049453831278e-05
YBL082C,YNL279W,2.3835582396714017e-05
YBL082C,YER075C,2.0601242852054494e-16
YBL082C,YCR089W,3.40519686016158e-13
YBL082C,YCR002C,1.3735387805095616e-15
YBL082C,YJL108C,0.08048657327890396
YBL082C,YBR200W,0.37284034490585327
YBL082C,YIL026C,1.6944036912479657e-14
YBL082C,YJR076C,5.990349882800672e-11
YBL082C,YKR031C,5.189622509504943e-09
YBL082C,YPL192C,9.960531288655261e-10
YBL082C,YHR107C,4.898601259329359e-14
YBL082C,YIL037C,1.3809811889586854e-06
YBL082C,YPL156C,0.9793813824653625
YBL082C,YIL117C,0.0001282614830415696
YBL082C,YHR066W,5.39142820487721e-23
YBL082C,YML085C,4.646101076566031e-14
YBL082C,YML047C,0.0001208525281981565
YBL082C,YDR312W,6.83698804579085e-24
YBL082C,YFL037W,1.4854721006411164e-23
YBL082C,YDL038C,0.2020167112350464
YBL082C,YDL039C,7.60983399538328e-16
YBL082C,YCL027W,4.289332430906789e-11
YBL082C,YML124C,3.0281971374890304e-11
YBL082C,YGL053W,0.009559114463627338
YBL082C,YMR232W,2.1933608877588995e-05
YBL082C,YNL298W,6.507078209594397e-11
YBL082C,YGL099W,7.560745671825435e-27
YBL082C,YBL016W,2.576699704298635e-13
YBL082C,YAL041W,6.549482635918868e-13
YBL082C,YDR085C,0.006512881256639957
YBL082C,YPL187W,0.00010506837134016678
YBL082C,YPL256C,4.231316130809404e-10
YBL082C,YDR461W,6.232692584262622e-09
YBL082C,YNL145W,1.0972723885060987e-06
YJL148W,YDL165W,0.00013002958439756185
YJL148W,YGR059W,2.6893857807408494e-08
YJL148W,YBR109C,0.20365501940250397
YJL148W,YJL080C,5.21753406701464e-07
YJL148W,YCR093W,0.9955905675888062
YJL148W,YIL122W,4.372770590066466e-08
YJL148W,YCL029C,1.310960016098761e-07
YJL148W,YNL173C,1.1973406207482773e-12
YJL148W,YLR452C,0.9967946410179138
YJL148W,YDL160C,0.43638283014297485
YJL148W,YLR229C,1.0272007176055295e-13
YJL148W,YML057W,5.994298482060734e-13
YJL148W,YER149C,4.243077889043434e-09
YJL148W,YMR305C,4.0505277354441205e-08
YJL148W,YLR433C,2.813782202792936e-06
YJL148W,YJL073W,2.1212976240489977e-14
YJL148W,YGR279C,0.0003873457608278841
YJL148W,YKL190W,3.2241811709354806e-07
YJL148W,YGL089C,6.106492378421535e-07
YJL148W,YJL019W,0.0005206380737945437
YJL148W,YJL018W,7.893115980550647e-05
YJL148W,YNR032C-A,0.0013218586100265384
YJL148W,YGL178W,0.03212304040789604
YJL148W,YKL116C,3.352167254888627e-07
YJL148W,YDL214C,1.2386582056933548e-05
YJL148W,YLR362W,1.6706040995018157e-08
YJL148W,YER068W,5.561984650626073e-09
YJL148W,YHR084W,2.3412272554673708e-12
YJL148W,YDR392W,8.102423593170371e-11
YJL148W,YNL053W,0.0002835890627466142
YJL148W,YGR040W,5.905292823626951e-07
YJL148W,YDL216C,0.007705988362431526
YJL148W,YOL117W,1.7918758924567735e-12
YJL148W,YJR086W,6.184472489678683e-09
YJL148W,YMR025W,7.785549200889363e-07
YJL148W,YBR081C,0.0002016960788751021
YJL148W,YFL026W,0.9213005304336548
YJL148W,YHL007C,3.1803369893168565e-07
YJL148W,YNR044W,0.04122170805931091
YJL148W,YNL271C,7.292409236470121e-07
YJL148W,YDR200C,1.5904964456581183e-08
YJL148W,YKL178C,0.00024402333656325936
YJL148W,YOR212W,9.270315182163813e-09
YJL148W,YOL111C,3.172792296902635e-14
YJL148W,YGL032C,3.737734732567333e-05
YJL148W,YHR005C,0.9986642599105835
YJL148W,YDR103W,4.294232348911464e-05
YJL148W,YJR084W,2.748608629588034e-08
YJL148W,YCL032W,4.732964242748494e-08
YJL148W,YJL170C,0.9213622212409973
YJL148W,YDR179C,4.010007881305455e-09
YJL148W,YBR095C,0.004266011994332075
YJL148W,YLL021W,8.764372978475876e-06
YJL148W,YDL159W,2.618546240503914e-16
YJL148W,YNL161W,3.763738277484663e-05
YJL148W,YNL188W,3.8493681983262085e-13
YJL148W,YJL157C,1.0914084668911528e-05
YJL148W,YJL034W,9.407982747879073e-14
YJL148W,YLR238W,0.0008961388957686722
YJL148W,YPR141C,3.342620038893074e-05
YJL148W,YNL127W,0.9999146461486816
YJL148W,YCL055W,1.596513584445347e-06
YJL148W,YPR122W,2.0436796148715075e-06
YJL148W,YMR065W,0.31203073263168335
YJL148W,YDR356W,6.627613038290292e-05
YJL148W,YMR052W,7.640674084541388e-07
YJL148W,YFR008W,1.583337350119507e-09
YJL148W,YLL043W,5.078482967491027e-09
YJL148W,YMR029C,5.227016686149e-08
YJL148W,YJR004C,4.3793104964606755e-07
YJL148W,YDL223C,1.594078398469735e-14
YJL148W,YHR158C,0.010422487743198872
YJL148W,YGR238C,2.9496152048613666e-11
YJL148W,YIL015W,0.9999557733535767
YJL148W,YGL173C,1.49098023030092e-05
YJL148W,YDL225W,2.97608391264248e-08
YJL148W,YLR330W,1.5287777380659686e-16
YJL148W,YBR129C,3.460277897548991e-10
YJL148W,YKR095W-A,0.2020167112350464
YJL148W,YPR075C,2.6844952927262966e-09
YJL148W,YMR198W,1.4445020735109892e-09
YJL148W,YOR127W,2.3015098160605874e-10
YJL148W,YDR264C,0.13634148240089417
YJL148W,YLR110C,1.1524182355060475e-06
YJL148W,YDR379W,0.8971957564353943
YJL148W,YDL100C,0.04992149770259857
YJL148W,YHR073W,8.345499402651058e-09
YJL148W,YJR090C,1.60402269102633e-05
YJL148W,YOR208W,0.008382058702409267
YJL148W,YBR040W,9.597320058674086e-06
YJL148W,YNL279W,8.675657035221024e-14
YJL148W,YER075C,0.00033458624966442585
YJL148W,YCR089W,0.0008882973925210536
YJL148W,YCR002C,1.5049326066218782e-05
YJL148W,YJL108C,0.6089955568313599
YJL148W,YBR200W,1.000221290984964e-15
YJL148W,YIL026C,4.18413415026464e-10
YJL148W,YJR076C,1.4495845789497253e-05
YJL148W,YKR031C,0.6408579349517822
YJL148W,YPL192C,6.064849912945647e-06
YJL148W,YHR107C,1.913137595010994e-07
YJL148W,YIL037C,8.084217370196711e-06
YJL148W,YPL156C,0.006156498100608587
YJL148W,YIL117C,0.7520509958267212
YJL148W,YHR066W,1.4739655412174283e-19
YJL148W,YML085C,1.2104235646703798e-17
YJL148W,YML047C,0.9993484616279602
YJL148W,YDR312W,0.00031811234657652676
YJL148W,YFL037W,5.234308264334686e-05
YJL148W,YDL038C,0.2020167112350464
YJL148W,YDL039C,5.283681048240396e-07
YJL148W,YCL027W,0.18516777455806732
YJL148W,YML124C,1.959445043828341e-14
YJL148W,YGL053W,2.9826796890120022e-05
YJL148W,YMR232W,0.008290547877550125
YJL148W,YNL298W,0.2761290371417999
YJL148W,YGL099W,1.0221617524836316e-14
YJL148W,YBL016W,8.486636393634228e-11
YJL148W,YAL041W,3.0972776585258543e-05
YJL148W,YDR085C,0.00026986945886164904
YJL148W,YPL187W,0.01328503992408514
YJL148W,YPL256C,6.677296937596111e-09
YJL148W,YDR461W,2.070769369311165e-06
YJL148W,YNL145W,1.057509857460559e-09
YBR135W,YDL165W,1.9506206545838456e-12
YBR135W,YGR059W,1.8287227021573926e-07
YBR135W,YBR109C,0.017071230337023735
YBR135W,YJL080C,5.428496660897508e-05
YBR135W,YCR093W,1.0608057834926576e-11
YBR135W,YIL122W,2.9104168788762763e-05
YBR135W,YCL029C,8.149282147965452e-17
YBR135W,YNL173C,7.166197312885288e-16
YBR135W,YLR452C,1.5432071620580246e-07
YBR135W,YDL160C,2.1036860289314063e-06
YBR135W,YLR229C,0.852550208568573
YBR135W,YML057W,2.033040982496459e-05
YBR135W,YER149C,3.476002851440091e-13
YBR135W,YMR305C,1.1595462825393665e-16
YBR135W,YLR433C,3.2742528688345374e-09
YBR135W,YJL073W,2.27201493174789e-08
YBR135W,YGR279C,0.0003384782758075744
YBR135W,YKL190W,5.180792860687289e-12
YBR135W,YGL089C,1.2696120393229648e-05
YBR135W,YJL019W,2.0486288040315673e-15
YBR135W,YJL018W,0.05461592599749565
YBR135W,YNR032C-A,0.0005898350500501692
YBR135W,YGL178W,2.893860983022023e-05
YBR135W,YKL116C,3.7016829601554946e-09
YBR135W,YDL214C,0.0005912142223678529
YBR135W,YLR362W,2.7688490606206373e-13
YBR135W,YER068W,3.3538694044210615e-09
YBR135W,YHR084W,1.6423281137822876e-11
YBR135W,YDR392W,8.925222232392116e-07
YBR135W,YNL053W,0.1778947412967682
YBR135W,YGR040W,1.33529283630196e-06
YBR135W,YDL216C,0.0023916137870401144
YBR135W,YOL117W,4.9060403739531466e-08
YBR135W,YJR086W,2.6443167371326126e-05
YBR135W,YMR025W,5.822009541134321e-09
YBR135W,YBR081C,8.955554653842375e-19
YBR135W,YFL026W,4.615202726654388e-07
YBR135W,YHL007C,8.51490767672658e-07
YBR135W,YNR044W,1.0902482472374686e-06
YBR135W,YNL271C,0.0004532783932518214
YBR135W,YDR200C,0.7848886251449585
YBR135W,YKL178C,2.4147288968379144e-07
YBR135W,YOR212W,0.7804471850395203
YBR135W,YOL111C,2.032479295976941e-09
YBR135W,YGL032C,3.1569019398602904e-08
YBR135W,YHR005C,3.512494970436819e-07
YBR135W,YDR103W,1.3706548429581744e-07
YBR135W,YJR084W,2.134568421752192e-05
YBR135W,YCL032W,3.803879780606145e-11
YBR135W,YJL170C,3.685994306579232e-05
YBR135W,YDR179C,1.6695962646272322e-13
YBR135W,YBR095C,2.3188255135475622e-11
YBR135W,YLL021W,0.007635186892002821
YBR135W,YDL159W,6.095135063333146e-07
YBR135W,YNL161W,6.632568982922749e-08
YBR135W,YNL188W,3.484325328262372e-10
YBR135W,YJL157C,4.9598187615629286e-05
YBR135W,YJL034W,2.187621964003586e-13
YBR135W,YLR238W,1.675998402561607e-11
YBR135W,YPR141C,1.1088094709066354e-07
YBR135W,YNL127W,0.0007539550424553454
YBR135W,YCL055W,1.1584760528648985e-07
YBR135W,YPR122W,3.997929418075863e-11
YBR135W,YMR065W,1.1597627747050865e-07
YBR135W,YDR356W,2.498514277249342e-06
YBR135W,YMR052W,2.8910790862007874e-12
YBR135W,YFR008W,6.8091471803199966e-06
YBR135W,YLL043W,2.723915486058104e-06
YBR135W,YMR029C,1.1949957516577125e-11
YBR135W,YJR004C,0.001513846218585968
YBR135W,YDL223C,2.1684480600026035e-11
YBR135W,YHR158C,0.03952725604176521
YBR135W,YGR238C,5.504500677488977e-08
YBR135W,YIL015W,0.9565380215644836
YBR135W,YGL173C,1.4302843737823423e-05
YBR135W,YDL225W,6.365960558696315e-08
YBR135W,YLR330W,3.5028467237907535e-08
YBR135W,YBR129C,2.7059146820462322e-14
YBR135W,YKR095W-A,0.2020167112350464
YBR135W,YPR075C,5.153488746856283e-10
YBR135W,YMR198W,8.110815485906642e-08
YBR135W,YOR127W,1.6012435821721738e-09
YBR135W,YDR264C,5.1131525680148115e-09
YBR135W,YLR110C,6.9059950646988e-08
YBR135W,YDR379W,0.00012263984535820782
YBR135W,YDL100C,2.1154351088625845e-06
YBR135W,YHR073W,1.2718832653746404e-09
YBR135W,YJR090C,0.002567571122199297
YBR135W,YOR208W,9.417328072913733e-08
YBR135W,YBR040W,9.746669617227699e-12
YBR135W,YNL279W,2.0897948616038775e-06
YBR135W,YER075C,5.825680216009488e-11
YBR135W,YCR089W,4.031984468522154e-11
YBR135W,YCR002C,4.208853265907919e-09
YBR135W,YJL108C,3.6866342867369895e-08
YBR135W,YBR200W,5.327257038278965e-11
YBR135W,YIL026C,2.8639703941735206e-07
YBR135W,YJR076C,2.3042529662120614e-08
YBR135W,YKR031C,2.512395569365111e-10
YBR135W,YPL192C,5.144727349758009e-14
YBR135W,YHR107C,1.454814740897703e-10
YBR135W,YIL037C,0.0026472858153283596
YBR135W,YPL156C,1.227057622177341e-10
YBR135W,YIL117C,0.05852653831243515
YBR135W,YHR066W,8.109886893981066e-12
YBR135W,YML085C,0.00030968678765930235
YBR135W,YML047C,0.049697231501340866
YBR135W,YDR312W,4.047014044772368e-06
YBR135W,YFL037W,0.0013274457305669785
YBR135W,YDL038C,0.2020167112350464
YBR135W,YDL039C,1.0108656363957535e-15
YBR135W,YCL027W,2.166878942944095e-07
YBR135W,YML124C,0.00020852708257734776
YBR135W,YGL053W,1.5377170825559006e-07
YBR135W,YMR232W,5.683686055135695e-08
YBR135W,YNL298W,1.9078785860188185e-12
YBR135W,YGL099W,2.4552385000315216e-15
YBR135W,YBL016W,1.8651495625743308e-10
YBR135W,YAL041W,2.091508521928631e-09
YBR135W,YDR085C,1.1826160744021763e-06
YBR135W,YPL187W,5.393069295678288e-05
YBR135W,YPL256C,7.13384296080477e-10
YBR135W,YDR461W,1.788139081249085e-10
YBR135W,YNL145W,7.823435225873254e-06
YBR044C,YDL165W,0.0007080946234054863
YBR044C,YGR059W,2.91556417897354e-10
YBR044C,YBR109C,0.8233838081359863
YBR044C,YJL080C,1.5542958919922967e-08
YBR044C,YCR093W,1.1144370842819384e-10
YBR044C,YIL122W,0.03793804347515106
YBR044C,YCL029C,4.5440838647436976e-08
YBR044C,YNL173C,0.00033805935527198017
YBR044C,YLR452C,1.2432712537702173e-05
YBR044C,YDL160C,0.00032480290974490345
YBR044C,YLR229C,0.0009757022489793599
YBR044C,YML057W,0.00031329458579421043
YBR044C,YER149C,3.2254498364636675e-05
YBR044C,YMR305C,2.969609056435729e-07
YBR044C,YLR433C,0.0001012146458378993
YBR044C,YJL073W,5.213271481174786e-10
YBR044C,YGR279C,6.725077383862299e-08
YBR044C,YKL190W,4.1823863284662366e-05
YBR044C,YGL089C,0.03882569447159767
YBR044C,YJL019W,4.650587692722752e-10
YBR044C,YJL018W,0.12291038036346436
YBR044C,YNR032C-A,0.13796298205852509
YBR044C,YGL178W,4.3371491642574256e-07
YBR044C,YKL116C,5.529014746041838e-13
YBR044C,YDL214C,0.00014154113887343556
YBR044C,YLR362W,6.4757527979963925e-06
YBR044C,YER068W,8.082454705515829e-10
YBR044C,YHR084W,2.557474718112296e-11
YBR044C,YDR392W,8.363429515156895e-05
YBR044C,YNL053W,0.11449438333511353
YBR044C,YGR040W,2.78355628324789e-07
YBR044C,YDL216C,0.000708362553268671
YBR044C,YOL117W,0.6148648858070374
YBR044C,YJR086W,0.0019682373385876417
YBR044C,YMR025W,7.775256882780468e-09
YBR044C,YBR081C,0.08832063525915146
YBR044C,YFL026W,1.0117955952237967e-11
YBR044C,YHL007C,5.258573576583103e-09
YBR044C,YNR044W,8.156885451171547e-05
YBR044C,YNL271C,8.261607035819907e-06
YBR044C,YDR200C,1.1998227966714126e-09
YBR044C,YKL178C,1.4977517821535002e-06
YBR044C,YOR212W,0.08014117926359177
YBR044C,YOL111C,1.6037390082601632e-07
YBR044C,YGL032C,9.373142539903512e-11
YBR044C,YHR005C,2.1207041811521776e-07
YBR044C,YDR103W,1.6726882279272104e-07
YBR044C,YJR084W,1.0934378224192187e-05
YBR044C,YCL032W,4.622911120577555e-08
YBR044C,YJL170C,3.340750609481802e-08
YBR044C,YDR179C,6.292224519199863e-09
YBR044C,YBR095C,7.325691058213124e-06
YBR044C,YLL021W,2.042877582653091e-07
YBR044C,YDL159W,1.2037429429970214e-12
YBR044C,YNL161W,4.708038545686577e-07
YBR044C,YNL188W,2.025599421529023e-08
YBR044C,YJL157C,1.2411498390184957e-14
YBR044C,YJL034W,4.664997832470874e-10
YBR044C,YLR238W,5.589959073404316e-06
YBR044C,YPR141C,5.9274982049828395e-05
YBR044C,YNL127W,2.057269966826425e-06
YBR044C,YCL055W,1.5441390132764354e-05
YBR044C,YPR122W,6.36147547083965e-07
YBR044C,YMR065W,7.184523553860345e-08
YBR044C,YDR356W,0.00016878436144907027
YBR044C,YMR052W,7.281686862370407e-07
YBR044C,YFR008W,1.980481101782061e-06
YBR044C,YLL043W,6.733862463947568e-14
YBR044C,YMR029C,5.412869722931646e-05
YBR044C,YJR004C,3.1036900054459693e-06
YBR044C,YDL223C,3.5318922786409246e-10
YBR044C,YHR158C,7.161749522310856e-07
YBR044C,YGR238C,2.2089945872494354e-08
YBR044C,YIL015W,2.375596892534304e-07
YBR044C,YGL173C,3.872508750646375e-05
YBR044C,YDL225W,6.578682043567596e-12
YBR044C,YLR330W,0.0044058337807655334
YBR044C,YBR129C,1.269269432668807e-05
YBR044C,YKR095W-A,0.2020167112350464
YBR044C,YPR075C,4.38093294974351e-09
YBR044C,YMR198W,2.3621444142918335e-06
YBR044C,YOR127W,1.036980847857194e-05
YBR044C,YDR264C,4.6245524572441354e-05
YBR044C,YLR110C,0.41779592633247375
YBR044C,YDR379W,2.5649760093671148e-09
YBR044C,YDL100C,6.043003963895899e-07
YBR044C,YHR073W,0.0032247304916381836
YBR044C,YJR090C,5.941751624050085e-07
YBR044C,YOR208W,0.00061694101896137
YBR044C,YBR040W,3.739829992355226e-07
YBR044C,YNL279W,1.111005349230254e-05
YBR044C,YER075C,6.078695706512871e-12
YBR044C,YCR089W,3.876650667145043e-10
YBR044C,YCR002C,0.00016011424304451793
YBR044C,YJL108C,0.0005916189984418452
YBR044C,YBR200W,5.025100335842581e-10
YBR044C,YIL026C,3.964650829857419e-09
YBR044C,YJR076C,0.0011531118070706725
YBR044C,YKR031C,3.7336481909733266e-05
YBR044C,YPL192C,3.3151318348245695e-05
YBR044C,YHR107C,1.3423878675311585e-09
YBR044C,YIL037C,3.7798707808178733e-07
YBR044C,YPL156C,5.827933691193721e-08
YBR044C,YIL117C,1.9479931268051587e-07
YBR044C,YHR066W,1.150258951672714e-13
YBR044C,YML085C,4.7039989681252337e-07
YBR044C,YML047C,9.473910904489458e-05
YBR044C,YDR312W,8.815309051300735e-13
YBR044C,YFL037W,2.5503305778329377e-07
YBR044C,YDL038C,0.2020167112350464
YBR044C,YDL039C,7.876267997183883e-15
YBR044C,YCL027W,4.421278632094072e-08
YBR044C,YML124C,9.946399950422347e-05
YBR044C,YGL053W,6.245040822250303e-07
YBR044C,YMR232W,0.02953697182238102
YBR044C,YNL298W,2.3097201928834465e-10
YBR044C,YGL099W,4.386218818708265e-12
YBR044C,YBL016W,1.300397833858824e-08
YBR044C,YAL041W,0.02060350589454174
YBR044C,YDR085C,1.1387019185349345e-05
YBR044C,YPL187W,0.024254433810710907
YBR044C,YPL256C,1.4346795032906846e-14
YBR044C,YDR461W,1.0649003456819628e-08
YBR044C,YNL145W,0.0001432873250450939
YFL047W,YDL165W,0.4117465913295746
YFL047W,YGR059W,0.001137961633503437
YFL047W,YBR109C,0.024259647354483604
YFL047W,YJL080C,1.4336041203932837e-05
YFL047W,YCR093W,0.25018006563186646
YFL047W,YIL122W,0.8929669260978699
YFL047W,YCL029C,2.3504266209783964e-05
YFL047W,YNL173C,0.032078202813863754
YFL047W,YLR452C,0.0003067184879910201
YFL047W,YDL160C,0.006741996854543686
YFL047W,YLR229C,0.9570808410644531
YFL047W,YML057W,0.1858559548854828
YFL047W,YER149C,1.0807382750499528e-05
YFL047W,YMR305C,0.012953110039234161
YFL047W,YLR433C,0.0005926808807998896
YFL047W,YJL073W,8.025562436841938e-08
YFL047W,YGR279C,4.164769507042365e-06
YFL047W,YKL190W,1.7760961782187223e-05
YFL047W,YGL089C,0.015155518427491188
YFL047W,YJL019W,0.9689224362373352
YFL047W,YJL018W,0.010114152915775776
YFL047W,YNR032C-A,0.9510538578033447
YFL047W,YGL178W,3.5504815514286747e-06
YFL047W,YKL116C,3.6499514521892706e-07
YFL047W,YDL214C,0.9999958276748657
YFL047W,YLR362W,2.1516282799893816e-07
YFL047W,YER068W,0.0003697536885738373
YFL047W,YHR084W,1.9609560695244e-05
YFL047W,YDR392W,1.4218945580068976e-05
YFL047W,YNL053W,0.0006934914272278547
YFL047W,YGR040W,0.005858835764229298
YFL047W,YDL216C,1.114891006182006e-06
YFL047W,YOL117W,0.5658873915672302
YFL047W,YJR086W,0.9811456799507141
YFL047W,YMR025W,0.0006270766025409102
YFL047W,YBR081C,0.0464322566986084
YFL047W,YFL026W,7.535116530732466e-09
YFL047W,YHL007C,1.758320955502768e-08
YFL047W,YNR044W,0.0044227768667042255
YFL047W,YNL271C,0.4181766211986542
YFL047W,YDR200C,0.6459039449691772
YFL047W,YKL178C,5.152494122739881e-05
YFL047W,YOR212W,0.9945758581161499
YFL047W,YOL111C,2.852511897799559e-05
YFL047W,YGL032C,5.021162792218092e-07
YFL047W,YHR005C,0.004521857015788555
YFL047W,YDR103W,0.8044717907905579
YFL047W,YJR084W,0.9998669624328613
YFL047W,YCL032W,0.06511731445789337
YFL047W,YJL170C,0.792736828327179
YFL047W,YDR179C,1.3414931743227498e-07
YFL047W,YBR095C,0.0014352601720020175
YFL047W,YLL021W,0.003662655595690012
YFL047W,YDL159W,2.5008000648085726e-07
YFL047W,YNL161W,0.9661254286766052
YFL047W,YNL188W,0.0004133304755669087
YFL047W,YJL157C,0.1076996773481369
YFL047W,YJL034W,1.1485796758137212e-09
YFL047W,YLR238W,0.0014882221585139632
YFL047W,YPR141C,0.8857600092887878
YFL047W,YNL127W,0.11996262520551682
YFL047W,YCL055W,0.0959816426038742
YFL047W,YPR122W,0.997774064540863
YFL047W,YMR065W,0.9999071359634399
YFL047W,YDR356W,0.002412307308986783
YFL047W,YMR052W,0.00023144244914874434
YFL047W,YFR008W,0.9807785749435425
YFL047W,YLL043W,0.7468507885932922
YFL047W,YMR029C,0.05075563117861748
YFL047W,YJR004C,2.931154313046136e-06
YFL047W,YDL223C,2.7975310956662724e-09
YFL047W,YHR158C,0.03422168642282486
YFL047W,YGR238C,9.489823371566786e-10
YFL047W,YIL015W,9.771510267597705e-10
YFL047W,YGL173C,0.7789208292961121
YFL047W,YDL225W,1.4591131503038923e-06
YFL047W,YLR330W,0.05660933628678322
YFL047W,YBR129C,8.363249435205944e-06
YFL047W,YKR095W-A,0.2020167112350464
YFL047W,YPR075C,3.226499029551633e-05
YFL047W,YMR198W,0.00010602702241158113
YFL047W,YOR127W,0.00011716342123690993
YFL047W,YDR264C,2.2466954760602675e-05
YFL047W,YLR110C,0.7991350293159485
YFL047W,YDR379W,0.5333515405654907
YFL047W,YDL100C,2.0839454009546898e-05
YFL047W,YHR073W,0.00017631893570069224
YFL047W,YJR090C,0.971405029296875
YFL047W,YOR208W,0.9187272191047668
YFL047W,YBR040W,0.9978572726249695
YFL047W,YNL279W,0.9754391312599182
YFL047W,YER075C,0.0869755670428276
YFL047W,YCR089W,0.9819108843803406
YFL047W,YCR002C,0.19929829239845276
YFL047W,YJL108C,0.2575700581073761
YFL047W,YBR200W,0.00317744305357337
YFL047W,YIL026C,0.004345512483268976
YFL047W,YJR076C,0.003935341723263264
YFL047W,YKR031C,0.27607816457748413
YFL047W,YPL192C,0.8455601930618286
YFL047W,YHR107C,0.00307570886798203
YFL047W,YIL037C,0.8438312411308289
YFL047W,YPL156C,0.9851860404014587
YFL047W,YIL117C,0.9778003692626953
YFL047W,YHR066W,2.2436447993679507e-15
YFL047W,YML085C,0.0076095773838460445
YFL047W,YML047C,0.33298259973526
YFL047W,YDR312W,1.6502152533348635e-08
YFL047W,YFL037W,0.22634612023830414
YFL047W,YDL038C,0.2020167112350464
YFL047W,YDL039C,0.010152047500014305
YFL047W,YCL027W,0.9527887105941772
YFL047W,YML124C,0.0004730228101834655
YFL047W,YGL053W,0.6236303448677063
YFL047W,YMR232W,0.05246450752019882
YFL047W,YNL298W,9.993905009109127e-11
YFL047W,YGL099W,4.891664850958932e-10
YFL047W,YBL016W,4.768789252374006e-10
YFL047W,YAL041W,4.583076952258125e-05
YFL047W,YDR085C,0.9175154566764832
YFL047W,YPL187W,0.018367664888501167
YFL047W,YPL256C,1.0888074029935524e-05
YFL047W,YDR461W,5.109244938239499e-08
YFL047W,YNL145W,0.0020117326639592648
tQ(UUG)Q,YDL165W,0.2020167112350464
tQ(UUG)Q,YGR059W,0.2020167112350464
tQ(UUG)Q,YBR109C,0.2020167112350464
tQ(UUG)Q,YJL080C,0.2020167112350464
tQ(UUG)Q,YCR093W,0.2020167112350464
tQ(UUG)Q,YIL122W,0.2020167112350464
tQ(UUG)Q,YCL029C,0.2020167112350464
tQ(UUG)Q,YNL173C,0.2020167112350464
tQ(UUG)Q,YLR452C,0.2020167112350464
tQ(UUG)Q,YDL160C,0.2020167112350464
tQ(UUG)Q,YLR229C,0.2020167112350464
tQ(UUG)Q,YML057W,0.2020167112350464
tQ(UUG)Q,YER149C,0.2020167112350464
tQ(UUG)Q,YMR305C,0.2020167112350464
tQ(UUG)Q,YLR433C,0.2020167112350464
tQ(UUG)Q,YJL073W,0.2020167112350464
tQ(UUG)Q,YGR279C,0.2020167112350464
tQ(UUG)Q,YKL190W,0.2020167112350464
tQ(UUG)Q,YGL089C,0.2020167112350464
tQ(UUG)Q,YJL019W,0.2020167112350464
tQ(UUG)Q,YJL018W,0.2020167112350464
tQ(UUG)Q,YNR032C-A,0.2020167112350464
tQ(UUG)Q,YGL178W,0.2020167112350464
tQ(UUG)Q,YKL116C,0.2020167112350464
tQ(UUG)Q,YDL214C,0.2020167112350464
tQ(UUG)Q,YLR362W,0.2020167112350464
tQ(UUG)Q,YER068W,0.2020167112350464
tQ(UUG)Q,YHR084W,0.2020167112350464
tQ(UUG)Q,YDR392W,0.2020167112350464
tQ(UUG)Q,YNL053W,0.2020167112350464
tQ(UUG)Q,YGR040W,0.2020167112350464
tQ(UUG)Q,YDL216C,0.2020167112350464
tQ(UUG)Q,YOL117W,0.2020167112350464
tQ(UUG)Q,YJR086W,0.2020167112350464
tQ(UUG)Q,YMR025W,0.2020167112350464
tQ(UUG)Q,YBR081C,0.2020167112350464
tQ(UUG)Q,YFL026W,0.2020167112350464
tQ(UUG)Q,YHL007C,0.2020167112350464
tQ(UUG)Q,YNR044W,0.2020167112350464
tQ(UUG)Q,YNL271C,0.2020167112350464
tQ(UUG)Q,YDR200C,0.2020167112350464
tQ(UUG)Q,YKL178C,0.2020167112350464
tQ(UUG)Q,YOR212W,0.2020167112350464
tQ(UUG)Q,YOL111C,0.2020167112350464
tQ(UUG)Q,YGL032C,0.2020167112350464
tQ(UUG)Q,YHR005C,0.2020167112350464
tQ(UUG)Q,YDR103W,0.2020167112350464
tQ(UUG)Q,YJR084W,0.2020167112350464
tQ(UUG)Q,YCL032W,0.2020167112350464
tQ(UUG)Q,YJL170C,0.2020167112350464
tQ(UUG)Q,YDR179C,0.2020167112350464
tQ(UUG)Q,YBR095C,0.2020167112350464
tQ(UUG)Q,YLL021W,0.2020167112350464
tQ(UUG)Q,YDL159W,0.2020167112350464
tQ(UUG)Q,YNL161W,0.2020167112350464
tQ(UUG)Q,YNL188W,0.2020167112350464
tQ(UUG)Q,YJL157C,0.2020167112350464
tQ(UUG)Q,YJL034W,0.2020167112350464
tQ(UUG)Q,YLR238W,0.2020167112350464
tQ(UUG)Q,YPR141C,0.2020167112350464
tQ(UUG)Q,YNL127W,0.2020167112350464
tQ(UUG)Q,YCL055W,0.2020167112350464
tQ(UUG)Q,YPR122W,0.2020167112350464
tQ(UUG)Q,YMR065W,0.2020167112350464
tQ(UUG)Q,YDR356W,0.2020167112350464
tQ(UUG)Q,YMR052W,0.2020167112350464
tQ(UUG)Q,YFR008W,0.2020167112350464
tQ(UUG)Q,YLL043W,0.2020167112350464
tQ(UUG)Q,YMR029C,0.2020167112350464
tQ(UUG)Q,YJR004C,0.2020167112350464
tQ(UUG)Q,YDL223C,0.2020167112350464
tQ(UUG)Q,YHR158C,0.2020167112350464
tQ(UUG)Q,YGR238C,0.2020167112350464
tQ(UUG)Q,YIL015W,0.2020167112350464
tQ(UUG)Q,YGL173C,0.2020167112350464
tQ(UUG)Q,YDL225W,0.2020167112350464
tQ(UUG)Q,YLR330W,0.2020167112350464
tQ(UUG)Q,YBR129C,0.2020167112350464
tQ(UUG)Q,YKR095W-A,0.2020167112350464
tQ(UUG)Q,YPR075C,0.2020167112350464
tQ(UUG)Q,YMR198W,0.2020167112350464
tQ(UUG)Q,YOR127W,0.2020167112350464
tQ(UUG)Q,YDR264C,0.2020167112350464
tQ(UUG)Q,YLR110C,0.2020167112350464
tQ(UUG)Q,YDR379W,0.2020167112350464
tQ(UUG)Q,YDL100C,0.2020167112350464
tQ(UUG)Q,YHR073W,0.2020167112350464
tQ(UUG)Q,YJR090C,0.2020167112350464
tQ(UUG)Q,YOR208W,0.2020167112350464
tQ(UUG)Q,YBR040W,0.2020167112350464
tQ(UUG)Q,YNL279W,0.2020167112350464
tQ(UUG)Q,YER075C,0.2020167112350464
tQ(UUG)Q,YCR089W,0.2020167112350464
tQ(UUG)Q,YCR002C,0.2020167112350464
tQ(UUG)Q,YJL108C,0.2020167112350464
tQ(UUG)Q,YBR200W,0.2020167112350464
tQ(UUG)Q,YIL026C,0.2020167112350464
tQ(UUG)Q,YJR076C,0.2020167112350464
tQ(UUG)Q,YKR031C,0.2020167112350464
tQ(UUG)Q,YPL192C,0.2020167112350464
tQ(UUG)Q,YHR107C,0.2020167112350464
tQ(UUG)Q,YIL037C,0.2020167112350464
tQ(UUG)Q,YPL156C,0.2020167112350464
tQ(UUG)Q,YIL117C,0.2020167112350464
tQ(UUG)Q,YHR066W,0.2020167112350464
tQ(UUG)Q,YML085C,0.2020167112350464
tQ(UUG)Q,YML047C,0.2020167112350464
tQ(UUG)Q,YDR312W,0.2020167112350464
tQ(UUG)Q,YFL037W,0.2020167112350464
tQ(UUG)Q,YDL038C,0.2020167112350464
tQ(UUG)Q,YDL039C,0.2020167112350464
tQ(UUG)Q,YCL027W,0.2020167112350464
tQ(UUG)Q,YML124C,0.2020167112350464
tQ(UUG)Q,YGL053W,0.2020167112350464
tQ(UUG)Q,YMR232W,0.2020167112350464
tQ(UUG)Q,YNL298W,0.2020167112350464
tQ(UUG)Q,YGL099W,0.2020167112350464
tQ(UUG)Q,YBL016W,0.2020167112350464
tQ(UUG)Q,YAL041W,0.2020167112350464
tQ(UUG)Q,YDR085C,0.2020167112350464
tQ(UUG)Q,YPL187W,0.2020167112350464
tQ(UUG)Q,YPL256C,0.2020167112350464
tQ(UUG)Q,YDR461W,0.2020167112350464
tQ(UUG)Q,YNL145W,0.2020167112350464
YGL071W,YDL165W,1.0191793936575877e-10
YGL071W,YGR059W,0.002929450711235404
YGL071W,YBR109C,0.0025404561311006546
YGL071W,YJL080C,0.0008779148338362575
YGL071W,YCR093W,7.308165352222893e-27
YGL071W,YIL122W,0.005220105871558189
YGL071W,YCL029C,1.562790175047013e-10
YGL071W,YNL173C,6.869093027717099e-08
YGL071W,YLR452C,0.038673125207424164
YGL071W,YDL160C,6.7994565533524565e-09
YGL071W,YLR229C,0.004195481073111296
YGL071W,YML057W,2.0666490740950394e-09
YGL071W,YER149C,0.16031061112880707
YGL071W,YMR305C,0.00011545557936187834
YGL071W,YLR433C,0.001663934555836022
YGL071W,YJL073W,0.00010687512985896319
YGL071W,YGR279C,0.1604839712381363
YGL071W,YKL190W,3.902212927786586e-11
YGL071W,YGL089C,7.924316014396027e-05
YGL071W,YJL019W,2.9190376782395333e-09
YGL071W,YJL018W,0.2020167112350464
YGL071W,YNR032C-A,0.9995144605636597
YGL071W,YGL178W,7.026622664794979e-13
YGL071W,YKL116C,1.7478056406616815e-06
YGL071W,YDL214C,1.2543189598090976e-08
YGL071W,YLR362W,0.995895504951477
YGL071W,YER068W,0.000882485241163522
YGL071W,YHR084W,2.9158949033103454e-08
YGL071W,YDR392W,0.22332283854484558
YGL071W,YNL053W,0.0742856040596962
YGL071W,YGR040W,4.507143955834181e-07
YGL071W,YDL216C,1.1177377245985554e-06
YGL071W,YOL117W,1.3172705621400382e-05
YGL071W,YJR086W,7.534430324085406e-08
YGL071W,YMR025W,4.914418241241947e-05
YGL071W,YBR081C,0.0003443667956162244
YGL071W,YFL026W,1.9066466848016717e-05
YGL071W,YHL007C,1.2224262491145055e-06
YGL071W,YNR044W,0.9517611861228943
YGL071W,YNL271C,0.9146103858947754
YGL071W,YDR200C,0.00011920894758077338
YGL071W,YKL178C,0.0012262283125892282
YGL071W,YOR212W,3.379186637175735e-07
YGL071W,YOL111C,5.712387549305041e-16
YGL071W,YGL032C,0.9974865913391113
YGL071W,YHR005C,8.289470088129747e-08
YGL071W,YDR103W,0.000873439246788621
YGL071W,YJR084W,9.566509106662124e-05
YGL071W,YCL032W,2.9786656341457274e-07
YGL071W,YJL170C,0.00865975208580494
YGL071W,YDR179C,0.0012815368827432394
YGL071W,YBR095C,1.1901955758730765e-06
YGL071W,YLL021W,9.440728717891034e-06
YGL071W,YDL159W,0.0021442060824483633
YGL071W,YNL161W,5.4575355079578e-07
YGL071W,YNL188W,6.621707847841163e-13
YGL071W,YJL157C,5.208853313953821e-12
YGL071W,YJL034W,2.328709141887148e-15
YGL071W,YLR238W,0.5042111873626709
YGL071W,YPR141C,0.00026621378492563963
YGL071W,YNL127W,6.332949124043807e-05
YGL071W,YCL055W,1.7672209651209414e-05
YGL071W,YPR122W,8.081883424893022e-05
YGL071W,YMR065W,0.00010045646922662854
YGL071W,YDR356W,3.14106483878529e-11
YGL071W,YMR052W,2.572373659859295e-06
YGL071W,YFR008W,9.235838547283493e-07
YGL071W,YLL043W,0.014561126939952374
YGL071W,YMR029C,8.7699081330328e-10
YGL071W,YJR004C,1.0219985968618062e-09
YGL071W,YDL223C,4.545806842060074e-09
YGL071W,YHR158C,9.820070312471785e-10
YGL071W,YGR238C,4.214135515212547e-06
YGL071W,YIL015W,5.34654209332075e-05
YGL071W,YGL173C,2.3616503597168048e-07
YGL071W,YDL225W,0.0004315274127293378
YGL071W,YLR330W,3.870175714837387e-05
YGL071W,YBR129C,1.5628535265932442e-07
YGL071W,YKR095W-A,0.2020167112350464
YGL071W,YPR075C,4.424694921567607e-08
YGL071W,YMR198W,1.6315029327529373e-08
YGL071W,YOR127W,0.0007649951730854809
YGL071W,YDR264C,2.6725485440692864e-05
YGL071W,YLR110C,0.998505711555481
YGL071W,YDR379W,6.859593122499064e-05
YGL071W,YDL100C,1.4143066273675231e-08
YGL071W,YHR073W,0.0010959295323118567
YGL071W,YJR090C,0.00011970000196015462
YGL071W,YOR208W,8.511980013281573e-06
YGL071W,YBR040W,0.002333887619897723
YGL071W,YNL279W,8.097142085716769e-07
YGL071W,YER075C,0.9988142251968384
YGL071W,YCR089W,0.014667747542262077
YGL071W,YCR002C,0.849708080291748
YGL071W,YJL108C,0.0069981892593204975
YGL071W,YBR200W,7.23134497161021e-13
YGL071W,YIL026C,0.0001326842902926728
YGL071W,YJR076C,0.00010877144086407498
YGL071W,YKR031C,0.2359912395477295
YGL071W,YPL192C,7.285248102562036e-06
YGL071W,YHR107C,8.93195829121396e-06
YGL071W,YIL037C,2.2843945401973542e-08
YGL071W,YPL156C,0.009687612764537334
YGL071W,YIL117C,1.3083154004611686e-10
YGL071W,YHR066W,7.964336655452708e-12
YGL071W,YML085C,0.01633477956056595
YGL071W,YML047C,0.9688283205032349
YGL071W,YDR312W,6.3220286392606795e-06
YGL071W,YFL037W,0.053814854472875595
YGL071W,YDL038C,0.2020167112350464
YGL071W,YDL039C,4.332095828401997e-18
YGL071W,YCL027W,4.17159604637618e-08
YGL071W,YML124C,9.77029901427784e-10
YGL071W,YGL053W,1.7017242726069526e-07
YGL071W,YMR232W,3.4541133686616377e-07
YGL071W,YNL298W,0.00086637755157426
YGL071W,YGL099W,4.456617830328469e-08
YGL071W,YBL016W,7.846665539545938e-06
YGL071W,YAL041W,0.0016512838192284107
YGL071W,YDR085C,0.00017306162044405937
YGL071W,YPL187W,0.0058254944160580635
YGL071W,YPL256C,3.2586081033514347e-07
YGL071W,YDR461W,0.0013237030943855643
YGL071W,YNL145W,2.8525161610559735e-07
YEL027W,YDL165W,6.995111434537904e-11
YEL027W,YGR059W,3.58657104015947e-08
YEL027W,YBR109C,0.03668734058737755
YEL027W,YJL080C,7.22733730640357e-08
YEL027W,YCR093W,1.6642201217109687e-07
YEL027W,YIL122W,6.890745396503917e-08
YEL027W,YCL029C,3.0530338257506173e-09
YEL027W,YNL173C,1.0253831458369818e-15
YEL027W,YLR452C,2.2662507287440903e-11
YEL027W,YDL160C,0.001021657488308847
YEL027W,YLR229C,2.0359186558849274e-11
YEL027W,YML057W,8.241810879605627e-12
YEL027W,YER149C,0.5099720358848572
YEL027W,YMR305C,6.5106006523485416e-12
YEL027W,YLR433C,1.8640916366052807e-08
YEL027W,YJL073W,1.5459957012353698e-06
YEL027W,YGR279C,9.991607151024762e-13
YEL027W,YKL190W,0.012779554352164268
YEL027W,YGL089C,3.382413638064463e-08
YEL027W,YJL019W,6.551637704577118e-11
YEL027W,YJL018W,0.0006589435506612062
YEL027W,YNR032C-A,0.5778793692588806
YEL027W,YGL178W,7.950476721418909e-09
YEL027W,YKL116C,2.962408096607305e-11
YEL027W,YDL214C,0.7565646767616272
YEL027W,YLR362W,0.0006727155996486545
YEL027W,YER068W,2.760169536486501e-06
YEL027W,YHR084W,9.596221207175404e-05
YEL027W,YDR392W,2.3103157786863449e-07
YEL027W,YNL053W,0.9927870631217957
YEL027W,YGR040W,3.126533840713819e-07
YEL027W,YDL216C,0.07184810191392899
YEL027W,YOL117W,2.3613006661094005e-08
YEL027W,YJR086W,6.82317663016698e-17
YEL027W,YMR025W,2.1730638621875187e-08
YEL027W,YBR081C,2.536086791959935e-11
YEL027W,YFL026W,4.447478829661122e-09
YEL027W,YHL007C,5.4665417158206164e-12
YEL027W,YNR044W,5.36243589976948e-07
YEL027W,YNL271C,4.6296495384012815e-06
YEL027W,YDR200C,6.827077791982106e-11
YEL027W,YKL178C,0.07326952368021011
YEL027W,YOR212W,1.3849059052328805e-11
YEL027W,YOL111C,2.5538264372037072e-20
YEL027W,YGL032C,1.4314105456492143e-10
YEL027W,YHR005C,5.8702669775811955e-05
YEL027W,YDR103W,0.003802170976996422
YEL027W,YJR084W,2.1329175925455246e-10
YEL027W,YCL032W,1.0169787754976678e-11
YEL027W,YJL170C,0.00017179564747493714
YEL027W,YDR179C,9.249597532345888e-09
YEL027W,YBR095C,0.008580397814512253
YEL027W,YLL021W,1.0380566545231673e-10
YEL027W,YDL159W,4.3408583394466405e-09
YEL027W,YNL161W,0.0006670976872555912
YEL027W,YNL188W,2.1043962674326643e-14
YEL027W,YJL157C,7.88700159869149e-15
YEL027W,YJL034W,5.317973172935808e-09
YEL027W,YLR238W,0.008595963940024376
YEL027W,YPR141C,0.001410008640959859
YEL027W,YNL127W,6.6292946030444e-06
YEL027W,YCL055W,5.664407765054515e-17
YEL027W,YPR122W,3.1570747535333843e-13
YEL027W,YMR065W,0.8641166687011719
YEL027W,YDR356W,7.814793434590683e-08
YEL027W,YMR052W,1.3274917591843405e-06
YEL027W,YFR008W,0.00898254569619894
YEL027W,YLL043W,4.00179587245475e-08
YEL027W,YMR029C,1.05133500714308e-14
YEL027W,YJR004C,2.778909333756019e-07
YEL027W,YDL223C,2.9667929354534883e-13
YEL027W,YHR158C,1.2903765167493475e-08
YEL027W,YGR238C,5.395030602817208e-11
YEL027W,YIL015W,9.067268713636167e-09
YEL027W,YGL173C,2.0697415406990133e-13
YEL027W,YDL225W,4.927019556233425e-11
YEL027W,YLR330W,6.615871452021402e-14
YEL027W,YBR129C,3.069747981498949e-05
YEL027W,YKR095W-A,0.2020167112350464
YEL027W,YPR075C,2.25571511691669e-07
YEL027W,YMR198W,4.958467343385564e-06
YEL027W,YOR127W,0.00011186015035491437
YEL027W,YDR264C,2.1063649414086727e-13
YEL027W,YLR110C,5.779915844817849e-18
YEL027W,YDR379W,2.5656668629914225e-12
YEL027W,YDL100C,9.017231363233688e-25
YEL027W,YHR073W,0.9667649865150452
YEL027W,YJR090C,3.1425025781572913e-07
YEL027W,YOR208W,0.016609424725174904
YEL027W,YBR040W,2.5360808564300896e-08
YEL027W,YNL279W,0.00010769200889626518
YEL027W,YER075C,7.27515953258262e-06
YEL027W,YCR089W,2.603823077151901e-06
YEL027W,YCR002C,0.001603643293492496
YEL027W,YJL108C,0.0026580782141536474
YEL027W,YBR200W,0.00033840790274553
YEL027W,YIL026C,7.0209111981967e-06
YEL027W,YJR076C,1.6199694363727701e-10
YEL027W,YKR031C,0.0012791394256055355
YEL027W,YPL192C,7.947794983920176e-06
YEL027W,YHR107C,5.720118823049347e-12
YEL027W,YIL037C,2.098391814797651e-05
YEL027W,YPL156C,6.612024816554651e-10
YEL027W,YIL117C,2.8955313702283547e-09
YEL027W,YHR066W,3.599422149225262e-11
YEL027W,YML085C,5.240258227345862e-10
YEL027W,YML047C,0.003079978283494711
YEL027W,YDR312W,3.918694801541278e-06
YEL027W,YFL037W,1.7208038813332216e-11
YEL027W,YDL038C,0.2020167112350464
YEL027W,YDL039C,1.9553952099009286e-13
YEL027W,YCL027W,5.728479912647799e-09
YEL027W,YML124C,1.5920787642814517e-18
YEL027W,YGL053W,2.813275443713792e-07
YEL027W,YMR232W,0.0006974383140914142
YEL027W,YNL298W,1.4438518292081426e-07
YEL027W,YGL099W,3.215938448875022e-08
YEL027W,YBL016W,0.055249929428100586
YEL027W,YAL041W,0.00014186324551701546
YEL027W,YDR085C,5.867797881364822e-06
YEL027W,YPL187W,2.024892182816984e-06
YEL027W,YPL256C,1.9787056437792216e-09
YEL027W,YDR461W,1.7837368204709492e-06
YEL027W,YNL145W,5.295919436321128e-07
YBR218C,YDL165W,1.926354409320652e-09
YBR218C,YGR059W,3.626468014772399e-08
YBR218C,YBR109C,8.432758477283642e-06
YBR218C,YJL080C,3.733892484092394e-08
YBR218C,YCR093W,0.016812078654766083
YBR218C,YIL122W,1.0473732992011264e-08
YBR218C,YCL029C,4.719731805380434e-06
YBR218C,YNL173C,3.3797971354943e-06
YBR218C,YLR452C,6.648990440259045e-14
YBR218C,YDL160C,7.213266144390218e-06
YBR218C,YLR229C,8.096038072835654e-05
YBR218C,YML057W,6.423307219449725e-09
YBR218C,YER149C,2.2289063927871666e-09
YBR218C,YMR305C,7.470016765527207e-14
YBR218C,YLR433C,4.070211616635788e-07
YBR218C,YJL073W,1.3285121266970457e-11
YBR218C,YGR279C,2.6495849785035386e-12
YBR218C,YKL190W,5.813234442431092e-12
YBR218C,YGL089C,4.0051440919341985e-06
YBR218C,YJL019W,6.538667524091935e-11
YBR218C,YJL018W,0.2020167112350464
YBR218C,YNR032C-A,2.770946805341623e-09
YBR218C,YGL178W,1.2142778587076464e-06
YBR218C,YKL116C,2.6237323078048824e-11
YBR218C,YDL214C,4.978425295121269e-06
YBR218C,YLR362W,0.00011752664431696758
YBR218C,YER068W,5.330410317583301e-07
YBR218C,YHR084W,1.6602379735754236e-13
YBR218C,YDR392W,8.982033961046909e-08
YBR218C,YNL053W,0.0320797860622406
YBR218C,YGR040W,1.967728167073801e-06
YBR218C,YDL216C,1.853759634684593e-08
YBR218C,YOL117W,1.4816005089457462e-09
YBR218C,YJR086W,1.1297221362838172e-06
YBR218C,YMR025W,9.30378955672495e-05
YBR218C,YBR081C,1.3533317542169243e-05
YBR218C,YFL026W,5.443985360572374e-15
YBR218C,YHL007C,0.0014749158872291446
YBR218C,YNR044W,2.8295263267835713e-12
YBR218C,YNL271C,7.042459060357942e-08
YBR218C,YDR200C,5.77266270340715e-08
YBR218C,YKL178C,3.5902955914934864e-06
YBR218C,YOR212W,3.0379969559842434e-15
YBR218C,YOL111C,7.572793947474565e-09
YBR218C,YGL032C,5.567562036401519e-11
YBR218C,YHR005C,1.4108980394667014e-05
YBR218C,YDR103W,0.1432468295097351
YBR218C,YJR084W,9.537227896316836e-08
YBR218C,YCL032W,6.304233579612628e-07
YBR218C,YJL170C,0.9993067979812622
YBR218C,YDR179C,1.7437233948425224e-11
YBR218C,YBR095C,8.386424332762488e-10
YBR218C,YLL021W,4.039339529526842e-09
YBR218C,YDL159W,4.612766418832237e-11
YBR218C,YNL161W,2.1938761918249838e-10
YBR218C,YNL188W,1.7047643852130534e-10
YBR218C,YJL157C,5.318675988519317e-08
YBR218C,YJL034W,3.0561768393777555e-11
YBR218C,YLR238W,0.0001801001199055463
YBR218C,YPR141C,0.005356582347303629
YBR218C,YNL127W,0.4216012954711914
YBR218C,YCL055W,1.2658497894335596e-07
YBR218C,YPR122W,2.1128823517180262e-14
YBR218C,YMR065W,5.161176375167997e-08
YBR218C,YDR356W,0.027880588546395302
YBR218C,YMR052W,4.688247656758904e-08
YBR218C,YFR008W,5.362052206692169e-07
YBR218C,YLL043W,9.687340707387193e-07
YBR218C,YMR029C,1.6580451456249534e-09
YBR218C,YJR004C,1.376561584720548e-07
YBR218C,YDL223C,3.029827704372802e-14
YBR218C,YHR158C,1.562878182426175e-08
YBR218C,YGR238C,1.6997360186010724e-09
YBR218C,YIL015W,7.209304681010664e-11
YBR218C,YGL173C,8.35303853818914e-06
YBR218C,YDL225W,1.870718003790274e-14
YBR218C,YLR330W,2.1270115389045857e-13
YBR218C,YBR129C,1.181522520710132e-06
YBR218C,YKR095W-A,0.2020167112350464
YBR218C,YPR075C,7.0001502372463165e-09
YBR218C,YMR198W,7.065405482897802e-10
YBR218C,YOR127W,1.4976091051721596e-06
YBR218C,YDR264C,2.848320603407792e-16
YBR218C,YLR110C,1.0277217370457947e-06
YBR218C,YDR379W,1.8029587822709914e-09
YBR218C,YDL100C,8.227963898703741e-18
YBR218C,YHR073W,6.921271506143967e-06
YBR218C,YJR090C,6.519591693177063e-07
YBR218C,YOR208W,5.7116072288421194e-11
YBR218C,YBR040W,5.3654195653507486e-05
YBR218C,YNL279W,0.004976528696715832
YBR218C,YER075C,2.6173807565754714e-10
YBR218C,YCR089W,0.020340166985988617
YBR218C,YCR002C,9.802442191286787e-10
YBR218C,YJL108C,0.4862197935581207
YBR218C,YBR200W,2.650849852126047e-11
YBR218C,YIL026C,2.6125287913916773e-13
YBR218C,YJR076C,2.822889255682526e-09
YBR218C,YKR031C,0.539304792881012
YBR218C,YPL192C,0.0012142775813117623
YBR218C,YHR107C,0.00017919960373546928
YBR218C,YIL037C,1.4291035022040433e-09
YBR218C,YPL156C,8.831739251036197e-08
YBR218C,YIL117C,2.4287920633025983e-11
YBR218C,YHR066W,1.213716898252476e-15
YBR218C,YML085C,0.00018417261890135705
YBR218C,YML047C,3.0577768939110683e-07
YBR218C,YDR312W,1.324159115689838e-10
YBR218C,YFL037W,0.00016634240455459803
YBR218C,YDL038C,0.2020167112350464
YBR218C,YDL039C,4.710175582900433e-10
YBR218C,YCL027W,6.753291068722911e-12
YBR218C,YML124C,2.9113794708379714e-10
YBR218C,YGL053W,0.006039132829755545
YBR218C,YMR232W,0.0006045537884347141
YBR218C,YNL298W,8.66210783101451e-08
YBR218C,YGL099W,6.242311883397633e-06
YBR218C,YBL016W,2.6316238077583876e-09
YBR218C,YAL041W,0.005751034710556269
YBR218C,YDR085C,4.277833340893267e-06
YBR218C,YPL187W,1.215099808965503e-11
YBR218C,YPL256C,6.446020339679823e-14
YBR218C,YDR461W,1.289778868729136e-15
YBR218C,YNL145W,2.0197144939615394e-17
YOR112W,YDL165W,0.18030723929405212
YOR112W,YGR059W,8.312360478157643e-06
YOR112W,YBR109C,3.381439483973736e-08
YOR112W,YJL080C,0.00014300327165983617
YOR112W,YCR093W,0.08346807211637497
YOR112W,YIL122W,0.0067823054268956184
YOR112W,YCL029C,1.003068064164836e-07
YOR112W,YNL173C,4.043176886625588e-05
YOR112W,YLR452C,0.9891170859336853
YOR112W,YDL160C,0.9999991655349731
YOR112W,YLR229C,0.02902020700275898
YOR112W,YML057W,1.1091641927835072e-12
YOR112W,YER149C,7.072449079714715e-07
YOR112W,YMR305C,0.11456502974033356
YOR112W,YLR433C,0.006641578394919634
YOR112W,YJL073W,1.3148496180726e-10
YOR112W,YGR279C,0.998670220375061
YOR112W,YKL190W,5.810386127791389e-08
YOR112W,YGL089C,0.0001794737036107108
YOR112W,YJL019W,9.067860418099372e-08
YOR112W,YJL018W,0.2015569806098938
YOR112W,YNR032C-A,0.9962408542633057
YOR112W,YGL178W,1.9208287937999557e-07
YOR112W,YKL116C,3.6458853713838835e-09
YOR112W,YDL214C,0.993922770023346
YOR112W,YLR362W,8.026140130823478e-05
YOR112W,YER068W,1.580088171415639e-09
YOR112W,YHR084W,0.9161768555641174
YOR112W,YDR392W,0.31844088435173035
YOR112W,YNL053W,0.8772976398468018
YOR112W,YGR040W,0.011571280658245087
YOR112W,YDL216C,0.001462828484363854
YOR112W,YOL117W,1.4245808309040764e-12
YOR112W,YJR086W,0.8031371235847473
YOR112W,YMR025W,3.005389825894156e-10
YOR112W,YBR081C,0.00014863057003822178
YOR112W,YFL026W,0.0005772418808192015
YOR112W,YHL007C,0.00012345447612460703
YOR112W,YNR044W,0.0007482525543309748
YOR112W,YNL271C,0.9823967218399048
YOR112W,YDR200C,1.43834071764104e-07
YOR112W,YKL178C,4.662163100022099e-09
YOR112W,YOR212W,9.898730240820441e-06
YOR112W,YOL111C,2.41612724494189e-07
YOR112W,YGL032C,1.0030781822933932e-06
YOR112W,YHR005C,0.9520312547683716
YOR112W,YDR103W,0.00023051441530697048
YOR112W,YJR084W,0.5490323305130005
YOR112W,YCL032W,0.00038069189758971334
YOR112W,YJL170C,0.0076869274489581585
YOR112W,YDR179C,5.644238854074501e-07
YOR112W,YBR095C,8.292158781841863e-08
YOR112W,YLL021W,8.526580131729133e-06
YOR112W,YDL159W,5.316273810063166e-11
YOR112W,YNL161W,2.5312181239911524e-09
YOR112W,YNL188W,8.582255190958676e-07
YOR112W,YJL157C,0.28763291239738464
YOR112W,YJL034W,3.65692721970845e-06
YOR112W,YLR238W,0.011693394742906094
YOR112W,YPR141C,0.0003455502155702561
YOR112W,YNL127W,0.0007580622914247215
YOR112W,YCL055W,7.764610359117796e-07
YOR112W,YPR122W,5.7971135447587585e-08
YOR112W,YMR065W,2.1706638619889418e-07
YOR112W,YDR356W,1.1106589226983488e-05
YOR112W,YMR052W,6.294699517184199e-08
YOR112W,YFR008W,0.015973355621099472
YOR112W,YLL043W,0.06435772776603699
YOR112W,YMR029C,0.9883990287780762
YOR112W,YJR004C,1.995338339000341e-10
YOR112W,YDL223C,1.2408080785064612e-08
YOR112W,YHR158C,2.7665121749009813e-08
YOR112W,YGR238C,8.312284904832268e-08
YOR112W,YIL015W,0.999998927116394
YOR112W,YGL173C,0.00025258041569031775
YOR112W,YDL225W,1.7177474376239843e-07
YOR112W,YLR330W,0.0002760691859293729
YOR112W,YBR129C,0.0011971102794632316
YOR112W,YKR095W-A,0.2020167112350464
YOR112W,YPR075C,0.0013537987833842635
YOR112W,YMR198W,0.0025745925959199667
YOR112W,YOR127W,1.8866960090235807e-05
YOR112W,YDR264C,2.9105889552738518e-05
YOR112W,YLR110C,0.924614667892456
YOR112W,YDR379W,0.0005781683139503002
YOR112W,YDL100C,1.1383392120478675e-05
YOR112W,YHR073W,4.054175860801479e-06
YOR112W,YJR090C,0.6055811643600464
YOR112W,YOR208W,1.4573539042217476e-09
YOR112W,YBR040W,0.008890943601727486
YOR112W,YNL279W,0.03477250412106514
YOR112W,YER075C,2.840235538315028e-06
YOR112W,YCR089W,1.327437508871765e-12
YOR112W,YCR002C,0.2164994776248932
YOR112W,YJL108C,3.8065045373514295e-05
YOR112W,YBR200W,6.4820873113546895e-09
YOR112W,YIL026C,2.2889273168402724e-05
YOR112W,YJR076C,1.0756830093328063e-08
YOR112W,YKR031C,0.00985406618565321
YOR112W,YPL192C,6.848455882391136e-07
YOR112W,YHR107C,1.6780231248958444e-07
YOR112W,YIL037C,0.00027042656438425183
YOR112W,YPL156C,0.0004334422410465777
YOR112W,YIL117C,2.323182618502173e-10
YOR112W,YHR066W,9.195276918366746e-13
YOR112W,YML085C,0.5982610583305359
YOR112W,YML047C,0.014479145407676697
YOR112W,YDR312W,0.003720119595527649
YOR112W,YFL037W,0.0007414970314130187
YOR112W,YDL038C,0.2020167112350464
YOR112W,YDL039C,4.041457896529549e-17
YOR112W,YCL027W,0.0005025050486437976
YOR112W,YML124C,1.9860872271237895e-06
YOR112W,YGL053W,0.14521224796772003
YOR112W,YMR232W,0.5240409970283508
YOR112W,YNL298W,0.0008249803795479238
YOR112W,YGL099W,3.5249654501967598e-06
YOR112W,YBL016W,0.0003120560140814632
YOR112W,YAL041W,0.3467849791049957
YOR112W,YDR085C,0.7463722825050354
YOR112W,YPL187W,0.0001384128991048783
YOR112W,YPL256C,1.1027567747845524e-10
YOR112W,YDR461W,5.172637997929996e-07
YOR112W,YNL145W,0.026505418121814728
YDL191W,YDL165W,8.069661998888478e-05
YDL191W,YGR059W,2.023573669740486e-10
YDL191W,YBR109C,0.000639517733361572
YDL191W,YJL080C,1.3000915621841358e-10
YDL191W,YCR093W,0.0006309469463303685
YDL191W,YIL122W,1.431953478459036e-06
YDL191W,YCL029C,6.400203448766155e-17
YDL191W,YNL173C,3.779670354475684e-09
YDL191W,YLR452C,5.95450338342074e-14
YDL191W,YDL160C,1.2301051732777069e-08
YDL191W,YLR229C,1.5937707750768304e-11
YDL191W,YML057W,5.169226507207919e-15
YDL191W,YER149C,9.601640726941696e-08
YDL191W,YMR305C,6.05680158805022e-11
YDL191W,YLR433C,7.279198577236912e-09
YDL191W,YJL073W,3.3855898431424912e-15
YDL191W,YGR279C,3.374298466951586e-05
YDL191W,YKL190W,9.42919310271141e-19
YDL191W,YGL089C,0.00027572616818360984
YDL191W,YJL019W,0.00011244555935263634
YDL191W,YJL018W,0.00014940013352315873
YDL191W,YNR032C-A,6.413536902982742e-05
YDL191W,YGL178W,5.521234511252082e-14
YDL191W,YKL116C,1.520917791123129e-14
YDL191W,YDL214C,3.9931083506417053e-07
YDL191W,YLR362W,1.4196713466266275e-12
YDL191W,YER068W,8.414951366830792e-07
YDL191W,YHR084W,7.468289181522536e-11
YDL191W,YDR392W,0.00013848708476871252
YDL191W,YNL053W,6.010882763751724e-11
YDL191W,YGR040W,0.001607623533345759
YDL191W,YDL216C,2.5667253045202898e-11
YDL191W,YOL117W,1.6586215068059573e-08
YDL191W,YJR086W,6.427365519812156e-07
YDL191W,YMR025W,3.5006166854145704e-07
YDL191W,YBR081C,4.987135071132798e-06
YDL191W,YFL026W,4.126403291593306e-05
YDL191W,YHL007C,3.313896101975189e-10
YDL191W,YNR044W,6.938262941957873e-08
YDL191W,YNL271C,4.161665315745994e-14
YDL191W,YDR200C,0.003382694674655795
YDL191W,YKL178C,1.206045254775745e-07
YDL191W,YOR212W,9.185513677803514e-13
YDL191W,YOL111C,2.1728375460103484e-14
YDL191W,YGL032C,9.141682966173903e-08
YDL191W,YHR005C,0.11222512274980545
YDL191W,YDR103W,8.776073912031279e-08
YDL191W,YJR084W,1.8256120029036538e-06
YDL191W,YCL032W,6.539574437525175e-12
YDL191W,YJL170C,0.11653335392475128
YDL191W,YDR179C,3.9708237105319164e-14
YDL191W,YBR095C,2.537210441744264e-10
YDL191W,YLL021W,8.056239009235355e-11
YDL191W,YDL159W,2.4059755787675385e-07
YDL191W,YNL161W,1.0793936577879748e-10
YDL191W,YNL188W,3.2511601917584176e-12
YDL191W,YJL157C,1.7387556916189165e-14
YDL191W,YJL034W,4.2460216657762284e-14
YDL191W,YLR238W,6.474030838331257e-13
YDL191W,YPR141C,9.034277391380016e-17
YDL191W,YNL127W,2.99495081512724e-11
YDL191W,YCL055W,9.441562522040023e-14
YDL191W,YPR122W,1.254094484509638e-11
YDL191W,YMR065W,0.00014957245730329305
YDL191W,YDR356W,9.309916119276673e-13
YDL191W,YMR052W,9.487406520125585e-12
YDL191W,YFR008W,9.047431692721375e-10
YDL191W,YLL043W,1.2460213838494383e-07
YDL191W,YMR029C,1.1726836168790555e-10
YDL191W,YJR004C,2.40966346609639e-05
YDL191W,YDL223C,3.5599394456071075e-25
YDL191W,YHR158C,1.9284609464875757e-09
YDL191W,YGR238C,4.4493532297247576e-17
YDL191W,YIL015W,5.842482642037794e-05
YDL191W,YGL173C,0.00028223582194186747
YDL191W,YDL225W,1.971650362975197e-06
YDL191W,YLR330W,2.579861779934689e-13
YDL191W,YBR129C,6.30837920430144e-19
YDL191W,YKR095W-A,0.2020167112350464
YDL191W,YPR075C,1.0723531090883753e-10
YDL191W,YMR198W,1.1335176504020938e-12
YDL191W,YOR127W,1.5505248113548663e-14
YDL191W,YDR264C,2.2983774849690344e-14
YDL191W,YLR110C,1.0820925266941117e-09
YDL191W,YDR379W,0.09127144515514374
YDL191W,YDL100C,1.5543958342689734e-09
YDL191W,YHR073W,3.7835306443412264e-08
YDL191W,YJR090C,4.7092245949897915e-05
YDL191W,YOR208W,0.0018718579085543752
YDL191W,YBR040W,0.0037671313621103764
YDL191W,YNL279W,1.723517738304401e-14
YDL191W,YER075C,8.569330661734043e-11
YDL191W,YCR089W,5.322597917967187e-10
YDL191W,YCR002C,6.570799450855702e-05
YDL191W,YJL108C,1.3558697276039311e-08
YDL191W,YBR200W,2.4198548845060994e-14
YDL191W,YIL026C,7.612295793713031e-10
YDL191W,YJR076C,1.4155642880098185e-08
YDL191W,YKR031C,2.7583139328157813e-08
YDL191W,YPL192C,0.0021087785717099905
YDL191W,YHR107C,1.463828969150427e-08
YDL191W,YIL037C,0.0010395714780315757
YDL191W,YPL156C,0.9478161334991455
YDL191W,YIL117C,8.106963884924046e-12
YDL191W,YHR066W,4.409711493735813e-07
YDL191W,YML085C,2.1235098782308568e-16
YDL191W,YML047C,0.9738204479217529
YDL191W,YDR312W,3.2117633205763774e-12
YDL191W,YFL037W,1.6848686357207043e-07
YDL191W,YDL038C,0.2020167112350464
YDL191W,YDL039C,7.307875855291305e-15
YDL191W,YCL027W,1.0032621435007716e-13
YDL191W,YML124C,4.531504506824339e-17
YDL191W,YGL053W,5.0683363755910094e-11
YDL191W,YMR232W,0.9990386962890625
YDL191W,YNL298W,2.980582891609629e-08
YDL191W,YGL099W,4.582125911339885e-12
YDL191W,YBL016W,7.264908674642356e-10
YDL191W,YAL041W,8.081441293938951e-09
YDL191W,YDR085C,0.00015138091112021357
YDL191W,YPL187W,1.8160448234993964e-05
YDL191W,YPL256C,3.971082902613776e-13
YDL191W,YDR461W,1.106274533785312e-11
YDL191W,YNL145W,1.9751909974274895e-07
snR8,YDL165W,4.64715194539167e-05
snR8,YGR059W,3.5145396850566613e-06
snR8,YBR109C,4.139307646644497e-11
snR8,YJL080C,0.00035944487899541855
snR8,YCR093W,0.001417795429006219
snR8,YIL122W,3.360448545208783e-06
snR8,YCL029C,0.0004748862120322883
snR8,YNL173C,0.00177553272806108
snR8,YLR452C,0.022308342158794403
snR8,YDL160C,2.020361307586427e-06
snR8,YLR229C,1.3286670537127065e-06
snR8,YML057W,0.1997506320476532
snR8,YER149C,9.383309225086123e-05
snR8,YMR305C,9.770027645572554e-06
snR8,YLR433C,0.36230015754699707
snR8,YJL073W,0.3375367522239685
snR8,YGR279C,0.007578094955533743
snR8,YKL190W,7.822636689525098e-06
snR8,YGL089C,5.9062767832074314e-05
snR8,YJL019W,0.0005783789092674851
snR8,YJL018W,0.2020167112350464
snR8,YNR032C-A,5.774639362243761e-07
snR8,YGL178W,0.105034738779068
snR8,YKL116C,0.0687512531876564
snR8,YDL214C,9.994907486543525e-06
snR8,YLR362W,0.06496419757604599
snR8,YER068W,1.0916272685790318e-07
snR8,YHR084W,0.0036526585463434458
snR8,YDR392W,0.004777244292199612
snR8,YNL053W,0.009734085761010647
snR8,YGR040W,0.46268385648727417
snR8,YDL216C,0.21077701449394226
snR8,YOL117W,7.1433992161473725e-06
snR8,YJR086W,3.112374770353199e-06
snR8,YMR025W,2.0706971781692118e-07
snR8,YBR081C,1.5414259451063117e-06
snR8,YFL026W,0.0013583848485723138
snR8,YHL007C,0.011198821477591991
snR8,YNR044W,0.00020431434677448124
snR8,YNL271C,5.402808528742753e-05
snR8,YDR200C,0.002696493174880743
snR8,YKL178C,1.248630070449508e-07
snR8,YOR212W,1.0942901099042501e-05
snR8,YOL111C,7.864397957746405e-06
snR8,YGL032C,0.0004538930079434067
snR8,YHR005C,0.0004823060007765889
snR8,YDR103W,0.4277905821800232
snR8,YJR084W,0.0015437197871506214
snR8,YCL032W,0.020886609330773354
snR8,YJL170C,0.012109634466469288
snR8,YDR179C,9.984256394091062e-06
snR8,YBR095C,0.0036006816662847996
snR8,YLL021W,9.29677662497852e-06
snR8,YDL159W,4.739247015095316e-05
snR8,YNL161W,0.0018621154595166445
snR8,YNL188W,1.5584703305648873e-06
snR8,YJL157C,0.00014643199392594397
snR8,YJL034W,1.9811348010989605e-06
snR8,YLR238W,0.011992736719548702
snR8,YPR141C,0.014272491447627544
snR8,YNL127W,0.0019423140911385417
snR8,YCL055W,0.002281252760440111
snR8,YPR122W,0.00034568001865409315
snR8,YMR065W,6.823584612902778e-07
snR8,YDR356W,0.0005123980226926506
snR8,YMR052W,8.128729677991942e-05
snR8,YFR008W,0.0014946565497666597
snR8,YLL043W,0.005513978656381369
snR8,YMR029C,2.1628025933750905e-05
snR8,YJR004C,0.0007811167160980403
snR8,YDL223C,9.355193469673395e-05
snR8,YHR158C,1.3680966048923437e-07
snR8,YGR238C,0.0001853584253694862
snR8,YIL015W,4.506362984102452e-06
snR8,YGL173C,0.0027276366017758846
snR8,YDL225W,5.9367137872357034e-09
snR8,YLR330W,7.430178084177896e-05
snR8,YBR129C,2.21410136873601e-05
snR8,YKR095W-A,0.2020167112350464
snR8,YPR075C,0.0017777449684217572
snR8,YMR198W,0.0003675504704006016
snR8,YOR127W,0.384949266910553
snR8,YDR264C,0.0002709866384975612
snR8,YLR110C,0.0067816562950611115
snR8,YDR379W,0.00029643886955454946
snR8,YDL100C,5.349206730898004e-07
snR8,YHR073W,3.3033848012564704e-06
snR8,YJR090C,0.00035757009754888713
snR8,YOR208W,0.0006370382034219801
snR8,YBR040W,1.5327259461628273e-07
snR8,YNL279W,1.8750449726212537e-07
snR8,YER075C,1.6308284784827265e-06
snR8,YCR089W,0.0075354743748903275
snR8,YCR002C,1.2811906344722956e-06
snR8,YJL108C,0.0015879839193075895
snR8,YBR200W,7.923955308797304e-06
snR8,YIL026C,0.0004991573514416814
snR8,YJR076C,7.693973748246208e-05
snR8,YKR031C,6.422485057555605e-06
snR8,YPL192C,1.4407846720132511e-05
snR8,YHR107C,0.003932701889425516
snR8,YIL037C,8.538467955077067e-05
snR8,YPL156C,8.834351319819689e-05
snR8,YIL117C,0.11542387306690216
snR8,YHR066W,0.03948618844151497
snR8,YML085C,0.0006396286771632731
snR8,YML047C,1.2979141672531114e-07
snR8,YDR312W,0.0022136264014989138
snR8,YFL037W,8.552337385481223e-05
snR8,YDL038C,0.2020167112350464
snR8,YDL039C,5.0911520332874716e-08
snR8,YCL027W,0.0012416496174409986
snR8,YML124C,0.007021280471235514
snR8,YGL053W,0.12297100573778152
snR8,YMR232W,0.0004958657664246857
snR8,YNL298W,0.11139274388551712
snR8,YGL099W,0.0010994069743901491
snR8,YBL016W,0.3454439640045166
snR8,YAL041W,0.00026498158695176244
snR8,YDR085C,0.0021294269245117903
snR8,YPL187W,0.0001048702688422054
snR8,YPL256C,0.00015351363981608301
snR8,YDR461W,1.8888573159996785e-13
snR8,YNL145W,1.7710101829493397e-08
YNL132W,YDL165W,1.6022800863879638e-08
YNL132W,YGR059W,7.732079559952254e-11
YNL132W,YBR109C,3.0707858513778774e-06
YNL132W,YJL080C,2.2811371309217066e-05
YNL132W,YCR093W,0.006203646771609783
YNL132W,YIL122W,0.000565418740734458
YNL132W,YCL029C,2.938971392911927e-16
YNL132W,YNL173C,0.13271039724349976
YNL132W,YLR452C,0.9857941269874573
YNL132W,YDL160C,0.9999889135360718
YNL132W,YLR229C,1.6210520703552334e-09
YNL132W,YML057W,8.831036596435027e-11
YNL132W,YER149C,1.987205067166542e-08
YNL132W,YMR305C,6.228185043255507e-07
YNL132W,YLR433C,0.052452750504016876
YNL132W,YJL073W,1.527823142522325e-14
YNL132W,YGR279C,1.3510131793736946e-05
YNL132W,YKL190W,0.0007730002980679274
YNL132W,YGL089C,0.0006780663970857859
YNL132W,YJL019W,3.209494025213644e-06
YNL132W,YJL018W,7.163544069044292e-05
YNL132W,YNR032C-A,0.9494914412498474
YNL132W,YGL178W,0.993843674659729
YNL132W,YKL116C,1.8807463919578993e-10
YNL132W,YDL214C,0.9253879189491272
YNL132W,YLR362W,1.2470735555325518e-09
YNL132W,YER068W,6.007707525901296e-11
YNL132W,YHR084W,1.1254973580047565e-15
YNL132W,YDR392W,0.00019251952471677214
YNL132W,YNL053W,0.0757177546620369
YNL132W,YGR040W,0.0001528981956653297
YNL132W,YDL216C,0.00010859132453333586
YNL132W,YOL117W,2.5687013476272114e-06
YNL132W,YJR086W,3.415005721763009e-06
YNL132W,YMR025W,0.8774629235267639
YNL132W,YBR081C,0.12547756731510162
YNL132W,YFL026W,0.0006917319842614233
YNL132W,YHL007C,2.0851653736997378e-11
YNL132W,YNR044W,0.7581709623336792
YNL132W,YNL271C,0.7139626741409302
YNL132W,YDR200C,0.0004839332541450858
YNL132W,YKL178C,0.9573138356208801
YNL132W,YOR212W,7.679752889089286e-05
YNL132W,YOL111C,4.361413084552623e-05
YNL132W,YGL032C,4.345897153257283e-08
YNL132W,YHR005C,0.9998254179954529
YNL132W,YDR103W,0.013704248704016209
YNL132W,YJR084W,0.0009098354494199157
YNL132W,YCL032W,7.660131196018938e-09
YNL132W,YJL170C,0.5645669102668762
YNL132W,YDR179C,1.9523171599332423e-13
YNL132W,YBR095C,0.017515381798148155
YNL132W,YLL021W,0.0019230665639042854
YNL132W,YDL159W,6.504525806860784e-10
YNL132W,YNL161W,1.5693574823671952e-05
YNL132W,YNL188W,7.393871737093605e-09
YNL132W,YJL157C,7.548222811237792e-07
YNL132W,YJL034W,1.0075619696734453e-16
YNL132W,YLR238W,0.019704896956682205
YNL132W,YPR141C,0.016839640215039253
YNL132W,YNL127W,0.11791684478521347
YNL132W,YCL055W,0.013887149281799793
YNL132W,YPR122W,0.9997861981391907
YNL132W,YMR065W,0.28286364674568176
YNL132W,YDR356W,0.974987804889679
YNL132W,YMR052W,0.9980379939079285
YNL132W,YFR008W,2.9837954329536842e-09
YNL132W,YLL043W,0.0004256789979990572
YNL132W,YMR029C,0.9778653383255005
YNL132W,YJR004C,9.80819186224835e-06
YNL132W,YDL223C,4.0510129518934e-24
YNL132W,YHR158C,0.08986202627420425
YNL132W,YGR238C,1.1794832488476459e-07
YNL132W,YIL015W,0.9999624490737915
YNL132W,YGL173C,0.0004190244944766164
YNL132W,YDL225W,3.2271473687783825e-11
YNL132W,YLR330W,2.1298422581139675e-08
YNL132W,YBR129C,0.38157156109809875
YNL132W,YKR095W-A,0.2020167112350464
YNL132W,YPR075C,1.4909694812104135e-07
YNL132W,YMR198W,0.23102644085884094
YNL132W,YOR127W,0.003257852280512452
YNL132W,YDR264C,5.748393596149981e-05
YNL132W,YLR110C,0.4229138195514679
YNL132W,YDR379W,0.000176399655174464
YNL132W,YDL100C,0.00015727886056993157
YNL132W,YHR073W,1.4989542052035176e-08
YNL132W,YJR090C,1.2639661761681964e-08
YNL132W,YOR208W,0.9998925924301147
YNL132W,YBR040W,0.04285529628396034
YNL132W,YNL279W,8.345194510184228e-05
YNL132W,YER075C,8.14781742519699e-07
YNL132W,YCR089W,0.015554800629615784
YNL132W,YCR002C,2.3525390133727342e-05
YNL132W,YJL108C,0.7961075305938721
YNL132W,YBR200W,3.3453337877631384e-09
YNL132W,YIL026C,6.300114364421461e-06
YNL132W,YJR076C,0.008617104031145573
YNL132W,YKR031C,0.0027258209884166718
YNL132W,YPL192C,0.0018162557389587164
YNL132W,YHR107C,0.0028967438265681267
YNL132W,YIL037C,0.8794884085655212
YNL132W,YPL156C,0.6555154323577881
YNL132W,YIL117C,0.8728686571121216
YNL132W,YHR066W,2.6489027984966107e-12
YNL132W,YML085C,4.301745138945989e-05
YNL132W,YML047C,1.0
YNL132W,YDR312W,5.864351805939805e-06
YNL132W,YFL037W,2.7181800760445185e-05
YNL132W,YDL038C,0.2020167112350464
YNL132W,YDL039C,1.1040762206778566e-18
YNL132W,YCL027W,0.010550439357757568
YNL132W,YML124C,1.1606267789427077e-15
YNL132W,YGL053W,0.0018374912906438112
YNL132W,YMR232W,0.0007984936819411814
YNL132W,YNL298W,0.9414362907409668
YNL132W,YGL099W,1.6365736890677773e-12
YNL132W,YBL016W,2.8560273221955867e-06
YNL132W,YAL041W,0.014414254575967789
YNL132W,YDR085C,6.971464699745411e-06
YNL132W,YPL187W,0.10949985682964325
YNL132W,YPL256C,2.945280824784291e-11
YNL132W,YDR461W,7.997369259882259e-12
YNL132W,YNL145W,1.4754539603978323e-11
YDR195W,YDL165W,1.462520503991982e-05
YDR195W,YGR059W,7.86372757275583e-13
YDR195W,YBR109C,0.0014406410045921803
YDR195W,YJL080C,0.0007717846892774105
YDR195W,YCR093W,0.008185477927327156
YDR195W,YIL122W,6.858094092621059e-09
YDR195W,YCL029C,2.3810038244675504e-17
YDR195W,YNL173C,4.3650257453009544e-07
YDR195W,YLR452C,0.16980664432048798
YDR195W,YDL160C,0.21694661676883698
YDR195W,YLR229C,0.00012578422320075333
YDR195W,YML057W,9.39668290131003e-22
YDR195W,YER149C,0.0018774530617520213
YDR195W,YMR305C,1.0285894802564144e-08
YDR195W,YLR433C,1.0760446400581714e-07
YDR195W,YJL073W,0.01118464209139347
YDR195W,YGR279C,0.9998095631599426
YDR195W,YKL190W,1.2758637701892894e-08
YDR195W,YGL089C,0.8646037578582764
YDR195W,YJL019W,7.718538308498779e-11
YDR195W,YJL018W,0.0004527547862380743
YDR195W,YNR032C-A,0.9887064695358276
YDR195W,YGL178W,0.0004893880686722696
YDR195W,YKL116C,1.3338320725697628e-10
YDR195W,YDL214C,0.000817220367025584
YDR195W,YLR362W,3.2316885278937946e-10
YDR195W,YER068W,1.4446308038706945e-10
YDR195W,YHR084W,3.6321840717404297e-13
YDR195W,YDR392W,1.9491337729482354e-15
YDR195W,YNL053W,0.0016616975190117955
YDR195W,YGR040W,6.622885280194168e-07
YDR195W,YDL216C,2.572080681773059e-08
YDR195W,YOL117W,3.609235306456515e-13
YDR195W,YJR086W,8.550364145776257e-05
YDR195W,YMR025W,0.055668286979198456
YDR195W,YBR081C,0.0001527090644231066
YDR195W,YFL026W,0.0029293671250343323
YDR195W,YHL007C,2.2366491521097487e-06
YDR195W,YNR044W,7.472767959981752e-10
YDR195W,YNL271C,5.614604106085608e-07
YDR195W,YDR200C,1.2509773341662367e-06
YDR195W,YKL178C,1.6451356543711881e-07
YDR195W,YOR212W,6.860046397605402e-08
YDR195W,YOL111C,4.6386172680712434e-11
YDR195W,YGL032C,5.0553144319565035e-06
YDR195W,YHR005C,5.0425063972438233e-14
YDR195W,YDR103W,4.0129788203557837e-07
YDR195W,YJR084W,2.122388842451528e-08
YDR195W,YCL032W,5.335489913704805e-05
YDR195W,YJL170C,1.4155291161443984e-08
YDR195W,YDR179C,9.42706535056459e-09
YDR195W,YBR095C,3.32206254824996e-05
YDR195W,YLL021W,9.036256233230233e-05
YDR195W,YDL159W,4.8586707573905485e-11
YDR195W,YNL161W,0.9996028542518616
YDR195W,YNL188W,2.5486616601357558e-14
YDR195W,YJL157C,5.379530648497166e-06
YDR195W,YJL034W,3.0307481242546064e-13
YDR195W,YLR238W,2.181438807369318e-09
YDR195W,YPR141C,0.00040617780177854
YDR195W,YNL127W,2.497961304470664e-07
YDR195W,YCL055W,9.110820542446163e-08
YDR195W,YPR122W,0.3762162923812866
YDR195W,YMR065W,6.60239311400801e-05
YDR195W,YDR356W,7.770278344365611e-12
YDR195W,YMR052W,4.24607441221192e-12
YDR195W,YFR008W,4.118481999881851e-09
YDR195W,YLL043W,3.0334416805999354e-05
YDR195W,YMR029C,3.335949472216271e-08
YDR195W,YJR004C,0.025105783715844154
YDR195W,YDL223C,2.4170422607827646e-13
YDR195W,YHR158C,1.1315999870475935e-07
YDR195W,YGR238C,1.9121996501780814e-06
YDR195W,YIL015W,0.00044250497012399137
YDR195W,YGL173C,8.214253455207654e-08
YDR195W,YDL225W,3.9823298720875755e-06
YDR195W,YLR330W,2.8935440710142757e-09
YDR195W,YBR129C,5.417820375441806e-06
YDR195W,YKR095W-A,0.2020167112350464
YDR195W,YPR075C,3.882429655543973e-10
YDR195W,YMR198W,1.347857960354304e-06
YDR195W,YOR127W,1.765204956427624e-06
YDR195W,YDR264C,0.0007501463405787945
YDR195W,YLR110C,1.0331245903216768e-06
YDR195W,YDR379W,1.2519520975473597e-09
YDR195W,YDL100C,0.0002122972800862044
YDR195W,YHR073W,3.248968141633668e-06
YDR195W,YJR090C,3.6968231142964214e-08
YDR195W,YOR208W,2.570371693266793e-10
YDR195W,YBR040W,5.848112778039649e-05
YDR195W,YNL279W,1.6597931362660745e-11
YDR195W,YER075C,0.0065314448438584805
YDR195W,YCR089W,1.0255007509840652e-07
YDR195W,YCR002C,1.7689343394522439e-06
YDR195W,YJL108C,1.7735645485572604e-07
YDR195W,YBR200W,2.7015847336997467e-09
YDR195W,YIL026C,3.319732044815282e-08
YDR195W,YJR076C,0.0020676995627582073
YDR195W,YKR031C,1.2270967886252038e-07
YDR195W,YPL192C,5.308869455156184e-10
YDR195W,YHR107C,0.00038985724677331746
YDR195W,YIL037C,4.081157101154531e-07
YDR195W,YPL156C,0.00016418124141637236
YDR195W,YIL117C,5.329948180587962e-07
YDR195W,YHR066W,3.295397537749628e-13
YDR195W,YML085C,0.004027819260954857
YDR195W,YML047C,1.234864294152871e-10
YDR195W,YDR312W,1.0099971632371307e-06
YDR195W,YFL037W,2.4397486413363367e-05
YDR195W,YDL038C,0.2020167112350464
YDR195W,YDL039C,5.59090873098779e-15
YDR195W,YCL027W,2.6052279777921683e-10
YDR195W,YML124C,2.1737887436756864e-05
YDR195W,YGL053W,2.3340353087764054e-12
YDR195W,YMR232W,1.2239330260399583e-07
YDR195W,YNL298W,6.479409876192221e-06
YDR195W,YGL099W,6.54576481906588e-08
YDR195W,YBL016W,3.166152140465783e-08
YDR195W,YAL041W,7.677399480598979e-07
YDR195W,YDR085C,1.4091492187527643e-13
YDR195W,YPL187W,0.00017537729581817985
YDR195W,YPL256C,0.024335617199540138
YDR195W,YDR461W,0.0008198016439564526
YDR195W,YNL145W,5.196162078391353e-07
YCR024C,YDL165W,0.0003658221976365894
YCR024C,YGR059W,4.576678838930093e-05
YCR024C,YBR109C,1.04066721178242e-05
YCR024C,YJL080C,0.002529332647100091
YCR024C,YCR093W,1.6806810890557244e-05
YCR024C,YIL122W,5.546553438762203e-06
YCR024C,YCL029C,8.040660829213356e-14
YCR024C,YNL173C,0.0014672098914161325
YCR024C,YLR452C,2.574776544861379e-06
YCR024C,YDL160C,0.002029256895184517
YCR024C,YLR229C,1.146870043378101e-09
YCR024C,YML057W,7.226788611980339e-11
YCR024C,YER149C,0.004258423112332821
YCR024C,YMR305C,3.6626809170239166e-14
YCR024C,YLR433C,1.6628556441956183e-13
YCR024C,YJL073W,3.8150739536030575e-20
YCR024C,YGR279C,1.1146793496639561e-14
YCR024C,YKL190W,0.14895924925804138
YCR024C,YGL089C,1.8333676621296036e-07
YCR024C,YJL019W,0.08557524532079697
YCR024C,YJL018W,0.002816709689795971
YCR024C,YNR032C-A,0.055368658155202866
YCR024C,YGL178W,0.0002991069050040096
YCR024C,YKL116C,1.895667095519471e-10
YCR024C,YDL214C,0.5564461350440979
YCR024C,YLR362W,1.761518833867605e-17
YCR024C,YER068W,1.2166346152753249e-08
YCR024C,YHR084W,5.4508073610293195e-09
YCR024C,YDR392W,1.3248206869320711e-06
YCR024C,YNL053W,5.1967103900096845e-06
YCR024C,YGR040W,0.0002998826967086643
YCR024C,YDL216C,3.552455041244684e-08
YCR024C,YOL117W,0.00011853417527163401
YCR024C,YJR086W,0.08552731573581696
YCR024C,YMR025W,3.4746907573435237e-09
YCR024C,YBR081C,3.7437408195728494e-07
YCR024C,YFL026W,8.873926441756164e-14
YCR024C,YHL007C,5.375138112384548e-10
YCR024C,YNR044W,1.0417329576739576e-06
YCR024C,YNL271C,1.2375461437841295e-06
YCR024C,YDR200C,7.453844773408491e-06
YCR024C,YKL178C,1.2037672247888764e-10
YCR024C,YOR212W,1.0540903544985214e-13
YCR024C,YOL111C,2.745614879114816e-13
YCR024C,YGL032C,2.351715766568674e-10
YCR024C,YHR005C,3.0291027997009223e-06
YCR024C,YDR103W,0.00033222176716662943
YCR024C,YJR084W,4.42566204128525e-07
YCR024C,YCL032W,3.6327746366637825e-12
YCR024C,YJL170C,9.346327715320513e-06
YCR024C,YDR179C,1.6572460737052097e-08
YCR024C,YBR095C,1.6285757464817863e-10
YCR024C,YLL021W,2.29801116802264e-06
YCR024C,YDL159W,2.8918821044499055e-06
YCR024C,YNL161W,2.276954846891499e-09
YCR024C,YNL188W,5.002149004252124e-14
YCR024C,YJL157C,6.24333633837517e-18
YCR024C,YJL034W,0.0009238000493496656
YCR024C,YLR238W,0.0009985583601519465
YCR024C,YPR141C,3.1597614065168034e-13
YCR024C,YNL127W,3.2231584068398433e-09
YCR024C,YCL055W,1.2605964911927003e-06
YCR024C,YPR122W,0.0003215674078091979
YCR024C,YMR065W,4.073670424986631e-06
YCR024C,YDR356W,2.8554883550261354e-17
YCR024C,YMR052W,9.34804859388516e-13
YCR024C,YFR008W,1.678759389278639e-07
YCR024C,YLL043W,1.4784739404971603e-11
YCR024C,YMR029C,0.0006027584313414991
YCR024C,YJR004C,0.00036248122341930866
YCR024C,YDL223C,8.076316850534615e-15
YCR024C,YHR158C,7.380640987264542e-09
YCR024C,YGR238C,7.79535085371208e-08
YCR024C,YIL015W,6.745603631230779e-09
YCR024C,YGL173C,0.00039880041731521487
YCR024C,YDL225W,4.4891626203025226e-06
YCR024C,YLR330W,1.3737601989305404e-07
YCR024C,YBR129C,9.099189457462131e-11
YCR024C,YKR095W-A,0.2020167112350464
YCR024C,YPR075C,1.5611041841053916e-21
YCR024C,YMR198W,2.846906321796183e-10
YCR024C,YOR127W,1.4130870917838934e-09
YCR024C,YDR264C,1.772581216507644e-16
YCR024C,YLR110C,1.2215845002216952e-09
YCR024C,YDR379W,9.650336778577184e-07
YCR024C,YDL100C,1.647152885198011e-06
YCR024C,YHR073W,3.2650621761831644e-08
YCR024C,YJR090C,0.0030286817345768213
YCR024C,YOR208W,1.2811511400367959e-11
YCR024C,YBR040W,9.401857425928029e-08
YCR024C,YNL279W,9.121074121681838e-13
YCR024C,YER075C,3.5346591431562047e-08
YCR024C,YCR089W,2.706234691093705e-14
YCR024C,YCR002C,0.0013247611932456493
YCR024C,YJL108C,2.938959520193407e-09
YCR024C,YBR200W,4.7477784391958266e-05
YCR024C,YIL026C,6.802621133061848e-09
YCR024C,YJR076C,0.13555631041526794
YCR024C,YKR031C,3.06687570628128e-06
YCR024C,YPL192C,0.47474750876426697
YCR024C,YHR107C,4.2968358116013405e-07
YCR024C,YIL037C,9.720835805637762e-06
YCR024C,YPL156C,3.705438211909495e-05
YCR024C,YIL117C,4.1906064325303305e-06
YCR024C,YHR066W,4.667437743863138e-17
YCR024C,YML085C,1.0623410844345926e-06
YCR024C,YML047C,0.11994431912899017
YCR024C,YDR312W,5.0838053385071635e-12
YCR024C,YFL037W,3.602557585580257e-09
YCR024C,YDL038C,0.2020167112350464
YCR024C,YDL039C,5.348648688851077e-18
YCR024C,YCL027W,6.336469682288737e-10
YCR024C,YML124C,1.390129522604866e-08
YCR024C,YGL053W,5.143122325534932e-05
YCR024C,YMR232W,4.762847675010562e-05
YCR024C,YNL298W,6.206916057516221e-12
YCR024C,YGL099W,9.890667352783957e-15
YCR024C,YBL016W,2.1697288410393867e-09
YCR024C,YAL041W,0.3090813457965851
YCR024C,YDR085C,5.690792477253126e-06
YCR024C,YPL187W,0.000244331342400983
YCR024C,YPL256C,3.359712478384104e-14
YCR024C,YDR461W,4.793703767269619e-10
YCR024C,YNL145W,4.6981654677757945e-12
YHR012W,YDL165W,0.004423493053764105
YHR012W,YGR059W,1.6748741608028916e-14
YHR012W,YBR109C,8.877017165787038e-08
YHR012W,YJL080C,0.0001452164287911728
YHR012W,YCR093W,0.0004345799679867923
YHR012W,YIL122W,0.8980300426483154
YHR012W,YCL029C,0.002837294479832053
YHR012W,YNL173C,1.9945289864153892e-09
YHR012W,YLR452C,0.13278433680534363
YHR012W,YDL160C,0.015692906454205513
YHR012W,YLR229C,1.440670757801854e-06
YHR012W,YML057W,7.168364790643977e-10
YHR012W,YER149C,0.0005306837265379727
YHR012W,YMR305C,7.75233672811737e-08
YHR012W,YLR433C,0.0002748665865510702
YHR012W,YJL073W,3.731127264927636e-07
YHR012W,YGR279C,6.17624706933384e-08
YHR012W,YKL190W,4.711023324979932e-20
YHR012W,YGL089C,0.5945905447006226
YHR012W,YJL019W,0.006993995979428291
YHR012W,YJL018W,0.005783763248473406
YHR012W,YNR032C-A,0.03009968250989914
YHR012W,YGL178W,5.29689777164431e-16
YHR012W,YKL116C,5.426639972938574e-07
YHR012W,YDL214C,7.205242582131177e-06
YHR012W,YLR362W,2.1985869125273894e-08
YHR012W,YER068W,7.219614053610712e-05
YHR012W,YHR084W,1.2251884129454993e-07
YHR012W,YDR392W,0.0001867211249191314
YHR012W,YNL053W,0.9785656332969666
YHR012W,YGR040W,0.9902852177619934
YHR012W,YDL216C,0.012026745826005936
YHR012W,YOL117W,1.49447867275887e-11
YHR012W,YJR086W,3.1478914479521336e-06
YHR012W,YMR025W,3.035784817972953e-11
YHR012W,YBR081C,0.15632274746894836
YHR012W,YFL026W,1.6481266129630967e-08
YHR012W,YHL007C,7.217595907604846e-07
YHR012W,YNR044W,0.04480738565325737
YHR012W,YNL271C,0.007666020188480616
YHR012W,YDR200C,0.00017923155974131078
YHR012W,YKL178C,4.359491867944598e-05
YHR012W,YOR212W,0.00426469324156642
YHR012W,YOL111C,1.2105311544829966e-11
YHR012W,YGL032C,8.687270458551666e-09
YHR012W,YHR005C,1.2708239864878124e-06
YHR012W,YDR103W,7.603335205885742e-08
YHR012W,YJR084W,7.819689199095592e-05
YHR012W,YCL032W,3.0868716294207843e-07
YHR012W,YJL170C,7.365899001854359e-10
YHR012W,YDR179C,4.253832529277357e-12
YHR012W,YBR095C,0.1251552700996399
YHR012W,YLL021W,7.123148293430859e-07
YHR012W,YDL159W,3.171543738744731e-08
YHR012W,YNL161W,0.0338127575814724
YHR012W,YNL188W,1.2273548843921844e-10
YHR012W,YJL157C,1.3580591729303593e-12
YHR012W,YJL034W,1.2617073252840783e-07
YHR012W,YLR238W,4.804573805472501e-08
YHR012W,YPR141C,0.18949128687381744
YHR012W,YNL127W,0.00038371881237253547
YHR012W,YCL055W,1.6279307601507753e-05
YHR012W,YPR122W,0.9999773502349854
YHR012W,YMR065W,3.035371946680243e-06
YHR012W,YDR356W,5.921447332468688e-09
YHR012W,YMR052W,0.003111385740339756
YHR012W,YFR008W,4.610570556451421e-07
YHR012W,YLL043W,0.012333963066339493
YHR012W,YMR029C,1.4543091992891277e-06
YHR012W,YJR004C,6.247757369237661e-07
YHR012W,YDL223C,3.170268350478054e-15
YHR012W,YHR158C,2.267113075049565e-07
YHR012W,YGR238C,6.288301435120047e-09
YHR012W,YIL015W,2.4057300834101625e-05
YHR012W,YGL173C,2.0466650722942827e-18
YHR012W,YDL225W,7.017753523541614e-05
YHR012W,YLR330W,1.3870241066804567e-10
YHR012W,YBR129C,0.0006952433614060283
YHR012W,YKR095W-A,0.2020167112350464
YHR012W,YPR075C,0.8724846243858337
YHR012W,YMR198W,0.005226503126323223
YHR012W,YOR127W,0.0002552302030380815
YHR012W,YDR264C,0.00010906640818575397
YHR012W,YLR110C,7.796275052678135e-15
YHR012W,YDR379W,2.0009994841529988e-05
YHR012W,YDL100C,0.007793733384460211
YHR012W,YHR073W,1.4991585750578906e-10
YHR012W,YJR090C,0.007658330257982016
YHR012W,YOR208W,5.203218411686805e-10
YHR012W,YBR040W,1.1747379176085815e-05
YHR012W,YNL279W,1.2589945981744677e-05
YHR012W,YER075C,1.4088680444501733e-08
YHR012W,YCR089W,9.292063509747095e-07
YHR012W,YCR002C,1.2642909496207722e-05
YHR012W,YJL108C,1.6389971278840676e-05
YHR012W,YBR200W,0.000581278873141855
YHR012W,YIL026C,4.1119500338027137e-07
YHR012W,YJR076C,1.1464219040683551e-16
YHR012W,YKR031C,7.987293315636634e-08
YHR012W,YPL192C,1.232341304557849e-07
YHR012W,YHR107C,2.922351711731608e-07
YHR012W,YIL037C,0.002716893097385764
YHR012W,YPL156C,0.003720297710970044
YHR012W,YIL117C,7.72638429680228e-07
YHR012W,YHR066W,1.4631483524762956e-11
YHR012W,YML085C,0.00021106067288201302
YHR012W,YML047C,0.058032866567373276
YHR012W,YDR312W,0.9552316069602966
YHR012W,YFL037W,6.309725222308771e-07
YHR012W,YDL038C,0.2020167112350464
YHR012W,YDL039C,2.4813356924724417e-10
YHR012W,YCL027W,2.2645122044195887e-06
YHR012W,YML124C,2.410985051943984e-15
YHR012W,YGL053W,3.804661830031364e-08
YHR012W,YMR232W,7.266544033157629e-10
YHR012W,YNL298W,1.4027970792085398e-05
YHR012W,YGL099W,2.9280877722470677e-09
YHR012W,YBL016W,2.606951284178649e-06
YHR012W,YAL041W,9.005162269204448e-07
YHR012W,YDR085C,3.1246247090166435e-05
YHR012W,YPL187W,0.04579957574605942
YHR012W,YPL256C,2.004173271785703e-09
YHR012W,YDR461W,8.260204964471995e-09
YHR012W,YNL145W,6.819681885872342e-08
YJL008C,YDL165W,0.0019181105308234692
YJL008C,YGR059W,5.0421462560734653e-08
YJL008C,YBR109C,3.735195619469778e-08
YJL008C,YJL080C,9.894625918605016e-08
YJL008C,YCR093W,2.2517402612720616e-05
YJL008C,YIL122W,7.314978574868292e-05
YJL008C,YCL029C,2.5177499196615827e-07
YJL008C,YNL173C,0.03077233023941517
YJL008C,YLR452C,8.171479748853017e-06
YJL008C,YDL160C,0.9057438969612122
YJL008C,YLR229C,2.3085500178154916e-09
YJL008C,YML057W,1.36863070565596e-06
YJL008C,YER149C,2.0429811176114754e-09
YJL008C,YMR305C,0.00024561971076764166
YJL008C,YLR433C,0.00010027404641732574
YJL008C,YJL073W,3.9432200082956115e-07
YJL008C,YGR279C,0.0002347856789128855
YJL008C,YKL190W,6.878610747662606e-07
YJL008C,YGL089C,0.7879102826118469
YJL008C,YJL019W,0.21669453382492065
YJL008C,YJL018W,0.0022224329877644777
YJL008C,YNR032C-A,0.005803973879665136
YJL008C,YGL178W,0.002120226388797164
YJL008C,YKL116C,1.6411099909574567e-11
YJL008C,YDL214C,0.12591694295406342
YJL008C,YLR362W,6.435290345052636e-08
YJL008C,YER068W,1.532429365624921e-07
YJL008C,YHR084W,1.0658259270712733e-06
YJL008C,YDR392W,0.8353298902511597
YJL008C,YNL053W,0.06745534390211105
YJL008C,YGR040W,5.113471956974536e-07
YJL008C,YDL216C,1.8593405911815353e-05
YJL008C,YOL117W,1.2515085856534824e-08
YJL008C,YJR086W,0.009672107174992561
YJL008C,YMR025W,2.8238735467311926e-05
YJL008C,YBR081C,9.324155689682811e-05
YJL008C,YFL026W,7.135388102597062e-08
YJL008C,YHL007C,1.902109943330288e-05
YJL008C,YNR044W,8.836901201902947e-07
YJL008C,YNL271C,3.955125009724725e-07
YJL008C,YDR200C,2.1549893062910996e-05
YJL008C,YKL178C,0.9998362064361572
YJL008C,YOR212W,6.551709695601371e-12
YJL008C,YOL111C,9.361185437928299e-12
YJL008C,YGL032C,0.00015641174104530364
YJL008C,YHR005C,1.3836407575240628e-08
YJL008C,YDR103W,0.0001666108291829005
YJL008C,YJR084W,0.554834246635437
YJL008C,YCL032W,0.03511306270956993
YJL008C,YJL170C,0.7958976030349731
YJL008C,YDR179C,1.8651786604095832e-07
YJL008C,YBR095C,0.013261383399367332
YJL008C,YLL021W,0.06351251900196075
YJL008C,YDL159W,1.5150916965467331e-07
YJL008C,YNL161W,0.0029059709049761295
YJL008C,YNL188W,7.577010546810925e-05
YJL008C,YJL157C,0.05725986137986183
YJL008C,YJL034W,1.8085270780954232e-10
YJL008C,YLR238W,2.282418790855445e-06
YJL008C,YPR141C,1.7029591958817036e-08
YJL008C,YNL127W,7.390099654003279e-06
YJL008C,YCL055W,0.001186332548968494
YJL008C,YPR122W,0.5888153314590454
YJL008C,YMR065W,0.024219654500484467
YJL008C,YDR356W,0.001208165311254561
YJL008C,YMR052W,1.8742004613159224e-05
YJL008C,YFR008W,0.15938451886177063
YJL008C,YLL043W,1.314388811124445e-07
YJL008C,YMR029C,0.00010980670049320906
YJL008C,YJR004C,3.967231805290794e-06
YJL008C,YDL223C,1.9008464507280776e-12
YJL008C,YHR158C,0.9995855689048767
YJL008C,YGR238C,2.065062254530403e-08
YJL008C,YIL015W,0.9997420907020569
YJL008C,YGL173C,0.6136054992675781
YJL008C,YDL225W,1.443105884391116e-05
YJL008C,YLR330W,4.870135978524148e-12
YJL008C,YBR129C,0.0005896450602449477
YJL008C,YKR095W-A,0.2020167112350464
YJL008C,YPR075C,0.7850147485733032
YJL008C,YMR198W,1.2214183831016356e-10
YJL008C,YOR127W,3.830026980722323e-05
YJL008C,YDR264C,0.006125930231064558
YJL008C,YLR110C,0.9996516704559326
YJL008C,YDR379W,0.0008728572283871472
YJL008C,YDL100C,7.777884239446031e-12
YJL008C,YHR073W,0.00017845022375695407
YJL008C,YJR090C,0.0020668909419327974
YJL008C,YOR208W,0.000709242420271039
YJL008C,YBR040W,0.9988504648208618
YJL008C,YNL279W,0.0013841702602803707
YJL008C,YER075C,3.74559050442258e-08
YJL008C,YCR089W,1.750506442022015e-07
YJL008C,YCR002C,0.0013825221685692668
YJL008C,YJL108C,0.9981905817985535
YJL008C,YBR200W,4.3190456722186354e-07
YJL008C,YIL026C,0.003009756561368704
YJL008C,YJR076C,0.08259104192256927
YJL008C,YKR031C,2.0032983229612e-05
YJL008C,YPL192C,0.0010354014812037349
YJL008C,YHR107C,4.354416827112573e-09
YJL008C,YIL037C,0.0004263138980604708
YJL008C,YPL156C,0.010046419687569141
YJL008C,YIL117C,0.18006615340709686
YJL008C,YHR066W,2.933428409305095e-15
YJL008C,YML085C,0.18149930238723755
YJL008C,YML047C,4.836926109419437e-06
YJL008C,YDR312W,0.3762703835964203
YJL008C,YFL037W,0.00046110033872537315
YJL008C,YDL038C,0.2020167112350464
YJL008C,YDL039C,8.649684857253703e-10
YJL008C,YCL027W,0.006372842472046614
YJL008C,YML124C,2.184987657471993e-08
YJL008C,YGL053W,0.0012403209693729877
YJL008C,YMR232W,0.11338295787572861
YJL008C,YNL298W,0.010917656123638153
YJL008C,YGL099W,1.2272890899112099e-06
YJL008C,YBL016W,0.0001924800599226728
YJL008C,YAL041W,1.1534810255398043e-05
YJL008C,YDR085C,3.5553199268179014e-05
YJL008C,YPL187W,0.0056851389817893505
YJL008C,YPL256C,0.0002689596440177411
YJL008C,YDR461W,1.655554660828784e-05
YJL008C,YNL145W,0.023798903450369835
YLR068W,YDL165W,1.031471956458585e-11
YLR068W,YGR059W,2.907613703808981e-16
YLR068W,YBR109C,0.0004369743401184678
YLR068W,YJL080C,3.79985198861732e-09
YLR068W,YCR093W,2.0251402985116407e-11
YLR068W,YIL122W,1.5838927933976843e-13
YLR068W,YCL029C,1.7809509608177006e-17
YLR068W,YNL173C,3.201353895518344e-12
YLR068W,YLR452C,4.041136847376947e-08
YLR068W,YDL160C,0.0033416091464459896
YLR068W,YLR229C,2.7198348704705017e-17
YLR068W,YML057W,1.1584978807437923e-17
YLR068W,YER149C,8.357394776226101e-10
YLR068W,YMR305C,8.983378006321291e-14
YLR068W,YLR433C,2.7027349542435575e-12
YLR068W,YJL073W,5.4357476853006403e-11
YLR068W,YGR279C,2.0471036066282977e-07
YLR068W,YKL190W,3.4985677329219802e-15
YLR068W,YGL089C,2.438462209930492e-10
YLR068W,YJL019W,0.00040688193985261023
YLR068W,YJL018W,0.00019288221665192395
YLR068W,YNR032C-A,1.3917078210343159e-12
YLR068W,YGL178W,4.958488827866425e-11
YLR068W,YKL116C,8.233793421380531e-13
YLR068W,YDL214C,9.623835062200214e-10
YLR068W,YLR362W,9.600676020512942e-22
YLR068W,YER068W,3.556456171227573e-11
YLR068W,YHR084W,5.567546423890235e-09
YLR068W,YDR392W,6.509735112070203e-11
YLR068W,YNL053W,2.6210289494343897e-09
YLR068W,YGR040W,3.984808927270933e-09
YLR068W,YDL216C,1.890270384663495e-09
YLR068W,YOL117W,1.0605091554820868e-17
YLR068W,YJR086W,8.339348656072332e-11
YLR068W,YMR025W,0.0017465706914663315
YLR068W,YBR081C,5.873679320700376e-11
YLR068W,YFL026W,1.3880701033031073e-07
YLR068W,YHL007C,9.634900516308775e-12
YLR068W,YNR044W,1.107567068115746e-14
YLR068W,YNL271C,3.043389114786905e-16
YLR068W,YDR200C,7.730445515490014e-14
YLR068W,YKL178C,0.004212942440062761
YLR068W,YOR212W,7.200717247295575e-18
YLR068W,YOL111C,1.4456267081186525e-06
YLR068W,YGL032C,1.3094694217841152e-09
YLR068W,YHR005C,5.679877124187271e-10
YLR068W,YDR103W,6.708097939859623e-17
YLR068W,YJR084W,1.89358179472892e-14
YLR068W,YCL032W,1.0833457923973283e-17
YLR068W,YJL170C,0.073093943297863
YLR068W,YDR179C,1.1884102377734962e-06
YLR068W,YBR095C,2.6186550757673066e-13
YLR068W,YLL021W,1.3634421282965326e-12
YLR068W,YDL159W,8.210975899203277e-09
YLR068W,YNL161W,1.001864480265624e-09
YLR068W,YNL188W,5.690955276804743e-06
YLR068W,YJL157C,1.1563268161859713e-15
YLR068W,YJL034W,1.19348042733336e-12
YLR068W,YLR238W,3.1864486743637954e-11
YLR068W,YPR141C,1.7367060678452617e-08
YLR068W,YNL127W,0.000965746643487364
YLR068W,YCL055W,1.776894777150151e-11
YLR068W,YPR122W,1.8377931398916303e-09
YLR068W,YMR065W,0.0021328257862478495
YLR068W,YDR356W,1.380036362963466e-10
YLR068W,YMR052W,4.725367208635589e-09
YLR068W,YFR008W,4.39860983192375e-08
YLR068W,YLL043W,3.6760714914804704e-13
YLR068W,YMR029C,2.93105560532204e-16
YLR068W,YJR004C,1.5891557023841333e-16
YLR068W,YDL223C,6.0170255105205945e-24
YLR068W,YHR158C,5.940998448750179e-08
YLR068W,YGR238C,3.6433963485071885e-13
YLR068W,YIL015W,6.553034381795442e-07
YLR068W,YGL173C,1.2779521885164513e-10
YLR068W,YDL225W,4.895988128805762e-13
YLR068W,YLR330W,1.123988606752896e-20
YLR068W,YBR129C,5.919904374514359e-15
YLR068W,YKR095W-A,0.2020167112350464
YLR068W,YPR075C,1.318035958153274e-10
YLR068W,YMR198W,2.632501718835556e-07
YLR068W,YOR127W,1.394029141010833e-07
YLR068W,YDR264C,1.4893330709322972e-12
YLR068W,YLR110C,0.01806134730577469
YLR068W,YDR379W,7.518186512798022e-14
YLR068W,YDL100C,2.641813634171597e-12
YLR068W,YHR073W,1.3982591194378231e-15
YLR068W,YJR090C,3.1694844867163164e-21
YLR068W,YOR208W,1.1641958013938747e-12
YLR068W,YBR040W,0.18958620727062225
YLR068W,YNL279W,4.891720302479044e-14
YLR068W,YER075C,9.384547361435125e-09
YLR068W,YCR089W,4.795747022632159e-16
YLR068W,YCR002C,1.3672788595764374e-11
YLR068W,YJL108C,2.622668716867338e-06
YLR068W,YBR200W,4.606257811397491e-16
YLR068W,YIL026C,2.690895416890271e-05
YLR068W,YJR076C,9.184068783252286e-11
YLR068W,YKR031C,1.6089678478437008e-09
YLR068W,YPL192C,1.0570158082146008e-09
YLR068W,YHR107C,6.057645357548935e-11
YLR068W,YIL037C,1.1981928764726035e-05
YLR068W,YPL156C,4.717166390832972e-08
YLR068W,YIL117C,0.0013155806809663773
YLR068W,YHR066W,2.304402535457939e-08
YLR068W,YML085C,3.107718143696876e-14
YLR068W,YML047C,0.8082479238510132
YLR068W,YDR312W,2.2844553939499468e-12
YLR068W,YFL037W,9.382528531887147e-08
YLR068W,YDL038C,0.2020167112350464
YLR068W,YDL039C,1.8763901721285947e-07
YLR068W,YCL027W,7.104540289404326e-10
YLR068W,YML124C,5.160046971004728e-22
YLR068W,YGL053W,2.3147865568784454e-11
YLR068W,YMR232W,0.006947432644665241
YLR068W,YNL298W,3.5889180082654404e-12
YLR068W,YGL099W,9.005541798644414e-18
YLR068W,YBL016W,1.1628401653693894e-19
YLR068W,YAL041W,0.06422685086727142
YLR068W,YDR085C,1.8902354668171029e-06
YLR068W,YPL187W,8.685703545285861e-11
YLR068W,YPL256C,1.136335053830706e-10
YLR068W,YDR461W,8.905727700837763e-16
YLR068W,YNL145W,1.4880033916142565e-07
YJR003C,YDL165W,8.381784368793888e-07
YJR003C,YGR059W,1.495858370503811e-08
YJR003C,YBR109C,0.9884852170944214
YJR003C,YJL080C,0.0002838839136529714
YJR003C,YCR093W,0.0036794263869524
YJR003C,YIL122W,0.7821816205978394
YJR003C,YCL029C,2.553840090513404e-07
YJR003C,YNL173C,2.1259011191432364e-06
YJR003C,YLR452C,0.9984723925590515
YJR003C,YDL160C,1.0398474614703446e-07
YJR003C,YLR229C,7.079425813572016e-06
YJR003C,YML057W,4.943195917699039e-13
YJR003C,YER149C,0.004315841477364302
YJR003C,YMR305C,2.2855051611259114e-06
YJR003C,YLR433C,7.95055612456963e-08
YJR003C,YJL073W,7.470622211125377e-12
YJR003C,YGR279C,0.0022192830219864845
YJR003C,YKL190W,0.001334481523372233
YJR003C,YGL089C,0.00010519438365008682
YJR003C,YJL019W,7.393297352109585e-08
YJR003C,YJL018W,0.0001858192408690229
YJR003C,YNR032C-A,0.03030317835509777
YJR003C,YGL178W,0.015033066272735596
YJR003C,YKL116C,1.2476646452097562e-11
YJR003C,YDL214C,2.3424593109666603e-06
YJR003C,YLR362W,2.828914375641034e-06
YJR003C,YER068W,3.6285957571990934e-10
YJR003C,YHR084W,1.9206927390769124e-06
YJR003C,YDR392W,1.1417626843979178e-09
YJR003C,YNL053W,3.521489944091627e-08
YJR003C,YGR040W,6.539362948387861e-05
YJR003C,YDL216C,0.08496172726154327
YJR003C,YOL117W,9.095874315518618e-15
YJR003C,YJR086W,6.305009492280078e-08
YJR003C,YMR025W,4.565813469525892e-06
YJR003C,YBR081C,0.00048403890104964375
YJR003C,YFL026W,0.025776389986276627
YJR003C,YHL007C,2.640862476255279e-06
YJR003C,YNR044W,0.8378747701644897
YJR003C,YNL271C,1.4309070373030863e-08
YJR003C,YDR200C,4.3631266812395667e-14
YJR003C,YKL178C,0.9972749352455139
YJR003C,YOR212W,0.00017072100308723748
YJR003C,YOL111C,1.4011825553994495e-11
YJR003C,YGL032C,0.5965483784675598
YJR003C,YHR005C,0.5804181098937988
YJR003C,YDR103W,0.828298807144165
YJR003C,YJR084W,2.5708495662163378e-12
YJR003C,YCL032W,4.852148630801745e-12
YJR003C,YJL170C,0.8624592423439026
YJR003C,YDR179C,3.934272172045894e-06
YJR003C,YBR095C,0.30694514513015747
YJR003C,YLL021W,0.0001317392598139122
YJR003C,YDL159W,6.609213176744788e-10
YJR003C,YNL161W,0.9744088649749756
YJR003C,YNL188W,2.6300430722159263e-09
YJR003C,YJL157C,1.8615695296375634e-07
YJR003C,YJL034W,9.8254229459558e-15
YJR003C,YLR238W,0.0003186675312463194
YJR003C,YPR141C,0.005539475940167904
YJR003C,YNL127W,8.89627870037657e-07
YJR003C,YCL055W,0.0004236849781591445
YJR003C,YPR122W,0.46814829111099243
YJR003C,YMR065W,0.9812402129173279
YJR003C,YDR356W,0.9926891922950745
YJR003C,YMR052W,0.015020975843071938
YJR003C,YFR008W,1.299639507124084e-07
YJR003C,YLL043W,8.687464287504554e-06
YJR003C,YMR029C,8.771300200917376e-13
YJR003C,YJR004C,8.532788191295548e-13
YJR003C,YDL223C,3.3897847026762354e-18
YJR003C,YHR158C,0.07064209133386612
YJR003C,YGR238C,1.0762827429289246e-07
YJR003C,YIL015W,0.8116093873977661
YJR003C,YGL173C,9.381414756148843e-09
YJR003C,YDL225W,7.232982898131013e-05
YJR003C,YLR330W,7.889277278435742e-18
YJR003C,YBR129C,0.00610574334859848
YJR003C,YKR095W-A,0.2020167112350464
YJR003C,YPR075C,1.0477877178632737e-14
YJR003C,YMR198W,0.0013074122834950686
YJR003C,YOR127W,0.2848587930202484
YJR003C,YDR264C,3.5838709209201625e-06
YJR003C,YLR110C,9.318529191659763e-05
YJR003C,YDR379W,1.472441272198921e-05
YJR003C,YDL100C,2.8671056497842073e-05
YJR003C,YHR073W,8.75183587822903e-08
YJR003C,YJR090C,5.230238286912936e-08
YJR003C,YOR208W,6.853101853360188e-12
YJR003C,YBR040W,0.9999186992645264
YJR003C,YNL279W,0.04167400673031807
YJR003C,YER075C,0.03004397265613079
YJR003C,YCR089W,5.265230242912367e-07
YJR003C,YCR002C,9.411842620465904e-05
YJR003C,YJL108C,0.006648181471973658
YJR003C,YBR200W,9.456733220938526e-15
YJR003C,YIL026C,1.127841642301064e-08
YJR003C,YJR076C,0.901142954826355
YJR003C,YKR031C,2.1486805508175166e-06
YJR003C,YPL192C,2.580462137302675e-07
YJR003C,YHR107C,0.0031720492988824844
YJR003C,YIL037C,0.8560043573379517
YJR003C,YPL156C,8.452066824204962e-11
YJR003C,YIL117C,0.0004401635960675776
YJR003C,YHR066W,3.331877959297791e-13
YJR003C,YML085C,4.838332756662567e-08
YJR003C,YML047C,0.999842643737793
YJR003C,YDR312W,9.98486575554125e-06
YJR003C,YFL037W,0.0007497193291783333
YJR003C,YDL038C,0.2020167112350464
YJR003C,YDL039C,5.640945488494253e-10
YJR003C,YCL027W,0.0007811896502971649
YJR003C,YML124C,2.214378810094786e-06
YJR003C,YGL053W,1.5538421244132294e-12
YJR003C,YMR232W,0.08737555146217346
YJR003C,YNL298W,0.7915126085281372
YJR003C,YGL099W,3.311957057279438e-17
YJR003C,YBL016W,1.639296476341201e-10
YJR003C,YAL041W,4.465564416022971e-05
YJR003C,YDR085C,0.0005026576109230518
YJR003C,YPL187W,0.07231888920068741
YJR003C,YPL256C,8.739792178857897e-08
YJR003C,YDR461W,2.7660618684421934e-07
YJR003C,YNL145W,0.0012226129183545709
YPR055W,YDL165W,0.0007274483796209097
YPR055W,YGR059W,1.3494345640907568e-09
YPR055W,YBR109C,3.0777548545302125e-06
YPR055W,YJL080C,0.6039847731590271
YPR055W,YCR093W,0.002119968179613352
YPR055W,YIL122W,0.0003756476507987827
YPR055W,YCL029C,1.2516703229437098e-09
YPR055W,YNL173C,0.18775591254234314
YPR055W,YLR452C,0.669634222984314
YPR055W,YDL160C,8.562519724364392e-07
YPR055W,YLR229C,0.03890307620167732
YPR055W,YML057W,0.000577008118852973
YPR055W,YER149C,0.9889736771583557
YPR055W,YMR305C,0.00048207846703007817
YPR055W,YLR433C,0.00181250786408782
YPR055W,YJL073W,7.548955238689814e-09
YPR055W,YGR279C,0.00013619507080875337
YPR055W,YKL190W,5.562837486650096e-06
YPR055W,YGL089C,3.544527338306125e-09
YPR055W,YJL019W,0.9912660717964172
YPR055W,YJL018W,0.00041386907105334103
YPR055W,YNR032C-A,0.9938845038414001
YPR055W,YGL178W,0.00016377485007978976
YPR055W,YKL116C,3.902985554304905e-06
YPR055W,YDL214C,0.05065939947962761
YPR055W,YLR362W,0.021982597187161446
YPR055W,YER068W,6.792858039261773e-05
YPR055W,YHR084W,0.9940488338470459
YPR055W,YDR392W,0.8585289120674133
YPR055W,YNL053W,0.00013842846965417266
YPR055W,YGR040W,0.008801935240626335
YPR055W,YDL216C,1.765765659911267e-06
YPR055W,YOL117W,3.8818338765622684e-08
YPR055W,YJR086W,0.23288866877555847
YPR055W,YMR025W,0.5773897767066956
YPR055W,YBR081C,0.00013897444296162575
YPR055W,YFL026W,1.1612518164838548e-06
YPR055W,YHL007C,0.004135049879550934
YPR055W,YNR044W,0.08093513548374176
YPR055W,YNL271C,0.9023091197013855
YPR055W,YDR200C,0.00016704382142052054
YPR055W,YKL178C,0.9984418749809265
YPR055W,YOR212W,0.0538785494863987
YPR055W,YOL111C,8.62897948650243e-08
YPR055W,YGL032C,0.0357830636203289
YPR055W,YHR005C,0.024932341650128365
YPR055W,YDR103W,0.0002610210212878883
YPR055W,YJR084W,0.0003210711874999106
YPR055W,YCL032W,0.009666641242802143
YPR055W,YJL170C,0.0014123268192633986
YPR055W,YDR179C,6.170500910229748e-07
YPR055W,YBR095C,1.8962117565024528e-06
YPR055W,YLL021W,0.11485949903726578
YPR055W,YDL159W,1.5512783647864126e-05
YPR055W,YNL161W,0.439418762922287
YPR055W,YNL188W,5.350331775844097e-05
YPR055W,YJL157C,9.212275472236797e-05
YPR055W,YJL034W,1.6291527344947099e-06
YPR055W,YLR238W,8.968918336904608e-06
YPR055W,YPR141C,0.16315457224845886
YPR055W,YNL127W,6.942286745470483e-08
YPR055W,YCL055W,8.991550566861406e-05
YPR055W,YPR122W,1.9165647699992405e-06
YPR055W,YMR065W,0.0017540473490953445
YPR055W,YDR356W,0.00016375941049773246
YPR055W,YMR052W,8.052023986238055e-06
YPR055W,YFR008W,0.013658691197633743
YPR055W,YLL043W,0.006847931072115898
YPR055W,YMR029C,9.736642095958814e-05
YPR055W,YJR004C,2.42155266505506e-07
YPR055W,YDL223C,2.5922075900727815e-13
YPR055W,YHR158C,0.0008871089667081833
YPR055W,YGR238C,2.221653176093241e-06
YPR055W,YIL015W,0.9659284949302673
YPR055W,YGL173C,0.0006233556196093559
YPR055W,YDL225W,0.0003672935417853296
YPR055W,YLR330W,6.555217623827048e-06
YPR055W,YBR129C,0.001294778543524444
YPR055W,YKR095W-A,0.2020167112350464
YPR055W,YPR075C,3.9649776795158687e-08
YPR055W,YMR198W,9.353935456601903e-05
YPR055W,YOR127W,5.103068634326746e-09
YPR055W,YDR264C,6.455094592183741e-08
YPR055W,YLR110C,3.483266118564643e-05
YPR055W,YDR379W,0.44877663254737854
YPR055W,YDL100C,0.16359607875347137
YPR055W,YHR073W,2.336989200557582e-05
YPR055W,YJR090C,0.00010110207222169265
YPR055W,YOR208W,5.7690439231317114e-11
YPR055W,YBR040W,0.03233341500163078
YPR055W,YNL279W,0.25776076316833496
YPR055W,YER075C,0.0061227381229400635
YPR055W,YCR089W,3.860846753411806e-09
YPR055W,YCR002C,0.030121134594082832
YPR055W,YJL108C,5.422469939730945e-07
YPR055W,YBR200W,2.7526416701562084e-09
YPR055W,YIL026C,0.8756822943687439
YPR055W,YJR076C,4.7290664952015504e-05
YPR055W,YKR031C,0.01190518494695425
YPR055W,YPL192C,0.014802435413002968
YPR055W,YHR107C,3.5414746690776155e-08
YPR055W,YIL037C,0.01060683187097311
YPR055W,YPL156C,0.012701774947345257
YPR055W,YIL117C,6.314261099760188e-06
YPR055W,YHR066W,2.623002925972173e-10
YPR055W,YML085C,0.000554120633751154
YPR055W,YML047C,0.0015562085900455713
YPR055W,YDR312W,0.02405986189842224
YPR055W,YFL037W,0.005286893341690302
YPR055W,YDL038C,0.2020167112350464
YPR055W,YDL039C,2.56485827776487e-06
YPR055W,YCL027W,0.844752848148346
YPR055W,YML124C,6.251120066735893e-05
YPR055W,YGL053W,0.015274555422365665
YPR055W,YMR232W,0.36863940954208374
YPR055W,YNL298W,6.863232556497678e-06
YPR055W,YGL099W,2.3515967768616974e-05
YPR055W,YBL016W,1.1348893380613845e-08
YPR055W,YAL041W,0.023325663059949875
YPR055W,YDR085C,7.393641681119334e-07
YPR055W,YPL187W,0.36357244849205017
YPR055W,YPL256C,0.9781258702278137
YPR055W,YDR461W,0.17485271394252777
YPR055W,YNL145W,3.5268938377436276e-12
YMR051C,YDL165W,1.8158228393128084e-11
YMR051C,YGR059W,0.001674368977546692
YMR051C,YBR109C,3.0472689104499295e-05
YMR051C,YJL080C,1.2449751011445187e-05
YMR051C,YCR093W,1.840908536721031e-09
YMR051C,YIL122W,1.5957904508923093e-07
YMR051C,YCL029C,1.0596975386079066e-07
YMR051C,YNL173C,5.167561170638102e-11
YMR051C,YLR452C,6.030867472084367e-10
YMR051C,YDL160C,1.5539283637622248e-08
YMR051C,YLR229C,2.7606689156911557e-10
YMR051C,YML057W,2.3580823835800402e-05
YMR051C,YER149C,1.3939241254312673e-11
YMR051C,YMR305C,1.4034797324313786e-08
YMR051C,YLR433C,3.296117892515049e-11
YMR051C,YJL073W,7.958180225919875e-10
YMR051C,YGR279C,1.039256236623487e-08
YMR051C,YKL190W,1.2790156688424759e-05
YMR051C,YGL089C,0.00025476099108345807
YMR051C,YJL019W,4.457512831068655e-11
YMR051C,YJL018W,0.01149018108844757
YMR051C,YNR032C-A,3.73896436940413e-05
YMR051C,YGL178W,1.04523734112405e-09
YMR051C,YKL116C,1.2156948514530086e-06
YMR051C,YDL214C,0.0012253508903086185
YMR051C,YLR362W,5.912096001290095e-15
YMR051C,YER068W,1.3822477233985109e-12
YMR051C,YHR084W,1.1064775484737055e-10
YMR051C,YDR392W,4.648100047216497e-12
YMR051C,YNL053W,0.0016912652645260096
YMR051C,YGR040W,0.00020307621161919087
YMR051C,YDL216C,1.9443348264758242e-07
YMR051C,YOL117W,3.4052249020533054e-08
YMR051C,YJR086W,3.1367329711429193e-07
YMR051C,YMR025W,7.30207647819947e-12
YMR051C,YBR081C,7.349643810217188e-11
YMR051C,YFL026W,7.413421371893492e-06
YMR051C,YHL007C,7.247725856973641e-12
YMR051C,YNR044W,3.0987698096396343e-07
YMR051C,YNL271C,7.019364680874347e-16
YMR051C,YDR200C,3.0376294812839433e-09
YMR051C,YKL178C,1.6057740026553802e-08
YMR051C,YOR212W,1.266472926531037e-09
YMR051C,YOL111C,4.132592579253469e-08
YMR051C,YGL032C,3.207067720722989e-06
YMR051C,YHR005C,2.9495295166270807e-06
YMR051C,YDR103W,1.8429567871791619e-09
YMR051C,YJR084W,1.1185097719135229e-05
YMR051C,YCL032W,4.526022352041581e-12
YMR051C,YJL170C,0.0012345633003860712
YMR051C,YDR179C,7.749937302146959e-13
YMR051C,YBR095C,1.857245734981916e-08
YMR051C,YLL021W,4.790645237311728e-16
YMR051C,YDL159W,5.828606486346644e-10
YMR051C,YNL161W,4.426803368318133e-09
YMR051C,YNL188W,6.061794816103472e-11
YMR051C,YJL157C,4.329743319431145e-07
YMR051C,YJL034W,7.009977320837635e-11
YMR051C,YLR238W,1.6573874495051655e-09
YMR051C,YPR141C,2.816091804191956e-09
YMR051C,YNL127W,3.3233181540026635e-08
YMR051C,YCL055W,2.868696036273377e-08
YMR051C,YPR122W,0.4228871762752533
YMR051C,YMR065W,0.008566041477024555
YMR051C,YDR356W,1.971411367485132e-10
YMR051C,YMR052W,1.4862287400774221e-08
YMR051C,YFR008W,1.4200749909321075e-08
YMR051C,YLL043W,4.7049514250829816e-05
YMR051C,YMR029C,2.2820655087851804e-11
YMR051C,YJR004C,1.893645986683623e-07
YMR051C,YDL223C,1.5673267625970766e-06
YMR051C,YHR158C,1.582479924877589e-09
YMR051C,YGR238C,5.721229712207787e-09
YMR051C,YIL015W,0.0002626249042805284
YMR051C,YGL173C,0.00027207861421629786
YMR051C,YDL225W,1.1722093192216999e-14
YMR051C,YLR330W,1.385792074870551e-05
YMR051C,YBR129C,1.9702675047028606e-07
YMR051C,YKR095W-A,0.2020167112350464
YMR051C,YPR075C,1.2382125616914783e-15
YMR051C,YMR198W,3.6914406109644915e-07
YMR051C,YOR127W,1.5970480262694764e-06
YMR051C,YDR264C,8.993134015256032e-10
YMR051C,YLR110C,4.5687160309171304e-05
YMR051C,YDR379W,3.909154244752244e-08
YMR051C,YDL100C,1.5523514695914287e-09
YMR051C,YHR073W,3.787649984587915e-05
YMR051C,YJR090C,3.913701670718081e-21
YMR051C,YOR208W,7.603249287058134e-06
YMR051C,YBR040W,0.0006304816342890263
YMR051C,YNL279W,0.00012637187319342047
YMR051C,YER075C,4.677250586837545e-09
YMR051C,YCR089W,1.636855631659273e-05
YMR051C,YCR002C,1.7341329923686172e-13
YMR051C,YJL108C,6.303221744019538e-05
YMR051C,YBR200W,5.954926222268009e-13
YMR051C,YIL026C,7.947834057553393e-10
YMR051C,YJR076C,4.0369686760133305e-12
YMR051C,YKR031C,7.085135256268416e-10
YMR051C,YPL192C,0.3840888440608978
YMR051C,YHR107C,0.009289816953241825
YMR051C,YIL037C,0.0011477716034278274
YMR051C,YPL156C,0.00015218938642647117
YMR051C,YIL117C,0.0029103208798915148
YMR051C,YHR066W,3.2308610647957536e-11
YMR051C,YML085C,2.5235397538986293e-12
YMR051C,YML047C,7.400442156866097e-14
YMR051C,YDR312W,6.364177814030449e-15
YMR051C,YFL037W,4.685447585472957e-09
YMR051C,YDL038C,0.2020167112350464
YMR051C,YDL039C,0.0006416603573597968
YMR051C,YCL027W,6.226579898793716e-06
YMR051C,YML124C,1.533255120089727e-11
YMR051C,YGL053W,2.0442161257960834e-05
YMR051C,YMR232W,0.00018484483007341623
YMR051C,YNL298W,1.0832101274976802e-12
YMR051C,YGL099W,3.3508112950997315e-10
YMR051C,YBL016W,0.027140580117702484
YMR051C,YAL041W,1.9444274812485673e-07
YMR051C,YDR085C,0.00015539921878371388
YMR051C,YPL187W,0.04319204390048981
YMR051C,YPL256C,5.083202303524104e-09
YMR051C,YDR461W,0.0019613178446888924
YMR051C,YNL145W,9.562714694766328e-05
YBR162C,YDL165W,0.00011482952686492354
YBR162C,YGR059W,1.4181204278429504e-05
YBR162C,YBR109C,1.1291541035518549e-09
YBR162C,YJL080C,0.5049300789833069
YBR162C,YCR093W,0.3705284893512726
YBR162C,YIL122W,5.473558530866285e-07
YBR162C,YCL029C,2.0106220688376197e-08
YBR162C,YNL173C,6.104885130753246e-08
YBR162C,YLR452C,0.00204774783924222
YBR162C,YDL160C,0.995851993560791
YBR162C,YLR229C,0.00025322879082523286
YBR162C,YML057W,7.568724669226867e-08
YBR162C,YER149C,0.00027259919443167746
YBR162C,YMR305C,2.3850452723905846e-09
YBR162C,YLR433C,0.0009562902268953621
YBR162C,YJL073W,1.0268296080084838e-07
YBR162C,YGR279C,4.313483970008747e-08
YBR162C,YKL190W,0.029081998392939568
YBR162C,YGL089C,0.9985094666481018
YBR162C,YJL019W,0.9999970197677612
YBR162C,YJL018W,0.0013592661125585437
YBR162C,YNR032C-A,0.001867706305347383
YBR162C,YGL178W,2.3815679014660418e-05
YBR162C,YKL116C,0.02384861744940281
YBR162C,YDL214C,0.9941524863243103
YBR162C,YLR362W,1.860197755831905e-07
YBR162C,YER068W,1.62146940319019e-09
YBR162C,YHR084W,0.0006485425983555615
YBR162C,YDR392W,6.984399725240564e-09
YBR162C,YNL053W,0.007916008122265339
YBR162C,YGR040W,7.939671195345e-05
YBR162C,YDL216C,0.2069813460111618
YBR162C,YOL117W,1.1108564734740867e-07
YBR162C,YJR086W,0.9992830157279968
YBR162C,YMR025W,0.9551692605018616
YBR162C,YBR081C,0.38022929430007935
YBR162C,YFL026W,0.8159795999526978
YBR162C,YHL007C,0.0061240787617862225
YBR162C,YNR044W,0.001115181134082377
YBR162C,YNL271C,0.0059111639857292175
YBR162C,YDR200C,2.652214168771816e-12
YBR162C,YKL178C,0.00033277363399975
YBR162C,YOR212W,0.22857566177845
YBR162C,YOL111C,1.2367680528790545e-15
YBR162C,YGL032C,7.829599439901358e-07
YBR162C,YHR005C,0.0003825358289759606
YBR162C,YDR103W,0.9999998807907104
YBR162C,YJR084W,1.384263100590033e-06
YBR162C,YCL032W,5.542715592055103e-11
YBR162C,YJL170C,5.479942956299055e-06
YBR162C,YDR179C,2.252558624604717e-05
YBR162C,YBR095C,5.515691015034463e-09
YBR162C,YLL021W,0.0030242041684687138
YBR162C,YDL159W,4.683901378733923e-13
YBR162C,YNL161W,0.0005297785974107683
YBR162C,YNL188W,0.999705970287323
YBR162C,YJL157C,0.00017332022252958268
YBR162C,YJL034W,2.287261213762548e-10
YBR162C,YLR238W,0.06462572515010834
YBR162C,YPR141C,7.204344569800014e-07
YBR162C,YNL127W,3.5166578982170904e-07
YBR162C,YCL055W,5.019598972588746e-11
YBR162C,YPR122W,5.469755706144497e-05
YBR162C,YMR065W,0.0387534573674202
YBR162C,YDR356W,0.9655604958534241
YBR162C,YMR052W,0.03577465936541557
YBR162C,YFR008W,0.1425933986902237
YBR162C,YLL043W,0.6356326341629028
YBR162C,YMR029C,1.0710851228168394e-07
YBR162C,YJR004C,6.488042741947808e-11
YBR162C,YDL223C,2.7625809972953164e-10
YBR162C,YHR158C,0.2957996726036072
YBR162C,YGR238C,1.5117186080715328e-07
YBR162C,YIL015W,0.997485876083374
YBR162C,YGL173C,0.15073905885219574
YBR162C,YDL225W,0.9814833998680115
YBR162C,YLR330W,5.31002399384306e-07
YBR162C,YBR129C,0.577010989189148
YBR162C,YKR095W-A,0.2020167112350464
YBR162C,YPR075C,1.831817168654673e-15
YBR162C,YMR198W,0.00021364763961173594
YBR162C,YOR127W,0.0022961513604968786
YBR162C,YDR264C,5.249008519503384e-11
YBR162C,YLR110C,0.00033870580955408514
YBR162C,YDR379W,1.4542815733875614e-06
YBR162C,YDL100C,1.6024786830826088e-08
YBR162C,YHR073W,2.1457446564454585e-05
YBR162C,YJR090C,2.859153092060751e-08
YBR162C,YOR208W,5.763190983998356e-06
YBR162C,YBR040W,0.9998877048492432
YBR162C,YNL279W,0.04071362689137459
YBR162C,YER075C,9.185470844386145e-06
YBR162C,YCR089W,5.075228909845464e-05
YBR162C,YCR002C,0.04819171503186226
YBR162C,YJL108C,0.850038468837738
YBR162C,YBR200W,0.0006131752161309123
YBR162C,YIL026C,4.543074101093225e-05
YBR162C,YJR076C,0.05143628641963005
YBR162C,YKR031C,0.8113412261009216
YBR162C,YPL192C,0.23133544623851776
YBR162C,YHR107C,0.0002719126350712031
YBR162C,YIL037C,3.206171868441743e-06
YBR162C,YPL156C,1.580850783611254e-09
YBR162C,YIL117C,5.1666461331478786e-06
YBR162C,YHR066W,1.456767242643056e-13
YBR162C,YML085C,0.0049806199967861176
YBR162C,YML047C,2.785491282075725e-10
YBR162C,YDR312W,5.377191205323262e-13
YBR162C,YFL037W,0.0009490051306784153
YBR162C,YDL038C,0.2020167112350464
YBR162C,YDL039C,1.0505317996805166e-13
YBR162C,YCL027W,0.004205323755741119
YBR162C,YML124C,1.2744088007110577e-09
YBR162C,YGL053W,4.0124792576534674e-05
YBR162C,YMR232W,2.386817868682556e-06
YBR162C,YNL298W,0.9999876022338867
YBR162C,YGL099W,1.3690997668902583e-08
YBR162C,YBL016W,5.660891929437639e-06
YBR162C,YAL041W,0.7315775752067566
YBR162C,YDR085C,5.572224472416565e-05
YBR162C,YPL187W,0.982098400592804
YBR162C,YPL256C,1.7647012739985257e-08
YBR162C,YDR461W,4.387451166265599e-11
YBR162C,YNL145W,0.04981597512960434
YPR144C,YDL165W,3.4818707916883795e-08
YPR144C,YGR059W,1.0234582958901228e-08
YPR144C,YBR109C,1.464218329916278e-10
YPR144C,YJL080C,1.2214989020264966e-08
YPR144C,YCR093W,0.9877618551254272
YPR144C,YIL122W,2.2070158200993006e-11
YPR144C,YCL029C,9.031009447213467e-12
YPR144C,YNL173C,3.1407187179866014e-06
YPR144C,YLR452C,6.730248713893161e-08
YPR144C,YDL160C,3.861774455771183e-09
YPR144C,YLR229C,3.4467160503481864e-07
YPR144C,YML057W,3.383222265286546e-18
YPR144C,YER149C,2.0327777239259603e-09
YPR144C,YMR305C,1.5433101907547098e-06
YPR144C,YLR433C,5.735980579402167e-09
YPR144C,YJL073W,5.507316743489157e-15
YPR144C,YGR279C,2.9322063440501145e-13
YPR144C,YKL190W,3.6519816148938844e-07
YPR144C,YGL089C,0.0003621868963818997
YPR144C,YJL019W,1.5888558914725626e-12
YPR144C,YJL018W,9.306735591962934e-05
YPR144C,YNR032C-A,0.16642789542675018
YPR144C,YGL178W,0.0003103476483374834
YPR144C,YKL116C,2.46810933507164e-14
YPR144C,YDL214C,0.009195848368108273
YPR144C,YLR362W,4.78231214123871e-19
YPR144C,YER068W,4.350373728811974e-06
YPR144C,YHR084W,1.203444122133135e-09
YPR144C,YDR392W,5.3837411959078985e-12
YPR144C,YNL053W,0.02650015987455845
YPR144C,YGR040W,1.7832846310739114e-11
YPR144C,YDL216C,5.861561476194765e-06
YPR144C,YOL117W,3.9548385188936663e-07
YPR144C,YJR086W,6.889789074193686e-05
YPR144C,YMR025W,1.2088163359180726e-08
YPR144C,YBR081C,0.001178295467980206
YPR144C,YFL026W,1.1788601739226579e-07
YPR144C,YHL007C,9.173148352026317e-10
YPR144C,YNR044W,4.5282780997135674e-11
YPR144C,YNL271C,1.3946622745564241e-09
YPR144C,YDR200C,3.348633253023304e-17
YPR144C,YKL178C,0.9627249836921692
YPR144C,YOR212W,5.1837467052963305e-20
YPR144C,YOL111C,9.149537618213799e-06
YPR144C,YGL032C,9.740019659563164e-19
YPR144C,YHR005C,1.0881910128546224e-07
YPR144C,YDR103W,1.5090699889697134e-06
YPR144C,YJR084W,1.236592344364476e-13
YPR144C,YCL032W,1.5724933562309001e-13
YPR144C,YJL170C,0.002538414904847741
YPR144C,YDR179C,2.6178288703437858e-11
YPR144C,YBR095C,2.6536413955113858e-08
YPR144C,YLL021W,4.205371624266263e-06
YPR144C,YDL159W,3.232865310565103e-06
YPR144C,YNL161W,3.129718606942333e-05
YPR144C,YNL188W,3.670436689502156e-14
YPR144C,YJL157C,1.366306177931194e-15
YPR144C,YJL034W,7.158996170053567e-20
YPR144C,YLR238W,2.872542950171919e-07
YPR144C,YPR141C,7.422632279485697e-06
YPR144C,YNL127W,0.1733132004737854
YPR144C,YCL055W,2.2162169831512618e-14
YPR144C,YPR122W,0.00224068365059793
YPR144C,YMR065W,7.417116307806282e-07
YPR144C,YDR356W,1.3751376172876917e-05
YPR144C,YMR052W,0.002654760843142867
YPR144C,YFR008W,1.208080391279509e-07
YPR144C,YLL043W,0.46832916140556335
YPR144C,YMR029C,6.782154265277951e-12
YPR144C,YJR004C,3.0243499761842263e-13
YPR144C,YDL223C,4.762114520670243e-15
YPR144C,YHR158C,2.294839759997558e-05
YPR144C,YGR238C,6.354828290828436e-18
YPR144C,YIL015W,1.3823199651596951e-06
YPR144C,YGL173C,0.00022419160814024508
YPR144C,YDL225W,6.111385703055916e-12
YPR144C,YLR330W,1.8143538971573947e-12
YPR144C,YBR129C,4.230741451616282e-11
YPR144C,YKR095W-A,0.2020167112350464
YPR144C,YPR075C,5.663773805508754e-08
YPR144C,YMR198W,5.099436428679383e-10
YPR144C,YOR127W,1.213596671073569e-11
YPR144C,YDR264C,0.07721229642629623
YPR144C,YLR110C,8.709027249365064e-11
YPR144C,YDR379W,1.2311986524321799e-16
YPR144C,YDL100C,1.6712100432414445e-06
YPR144C,YHR073W,2.016946054617108e-10
YPR144C,YJR090C,5.144300021636119e-16
YPR144C,YOR208W,2.82187322397931e-08
YPR144C,YBR040W,2.0694092273121356e-10
YPR144C,YNL279W,2.5387294044776354e-06
YPR144C,YER075C,0.0017429736908525229
YPR144C,YCR089W,2.730817868723534e-05
YPR144C,YCR002C,2.498969434161502e-11
YPR144C,YJL108C,6.708594924020872e-07
YPR144C,YBR200W,6.148669129402151e-09
YPR144C,YIL026C,1.376590491987753e-13
YPR144C,YJR076C,1.8602647742227418e-06
YPR144C,YKR031C,9.126986697083339e-05
YPR144C,YPL192C,8.015090813273673e-10
YPR144C,YHR107C,1.380363414682506e-07
YPR144C,YIL037C,3.9989867218537256e-05
YPR144C,YPL156C,3.167593547459546e-07
YPR144C,YIL117C,0.00013113916793372482
YPR144C,YHR066W,2.4058116609992908e-12
YPR144C,YML085C,2.7324928344313326e-12
YPR144C,YML047C,3.8246824374255084e-07
YPR144C,YDR312W,5.748553633111442e-09
YPR144C,YFL037W,6.3414928690164185e-12
YPR144C,YDL038C,0.2020167112350464
YPR144C,YDL039C,1.8886815079587288e-16
YPR144C,YCL027W,7.862848724471405e-05
YPR144C,YML124C,1.4066330565609686e-13
YPR144C,YGL053W,2.756705627660061e-11
YPR144C,YMR232W,6.100936644770627e-09
YPR144C,YNL298W,4.465219171834178e-05
YPR144C,YGL099W,1.5027633379350944e-17
YPR144C,YBL016W,1.178273916305363e-16
YPR144C,YAL041W,2.6209611405647593e-06
YPR144C,YDR085C,0.00012390429037623107
YPR144C,YPL187W,0.07775884866714478
YPR144C,YPL256C,2.0554874469169704e-10
YPR144C,YDR461W,4.5597140126903574e-18
YPR144C,YNL145W,1.0486698020926766e-17
YJR150C,YDL165W,0.0030796886421740055
YJR150C,YGR059W,3.412275277332559e-14
YJR150C,YBR109C,0.001773305470123887
YJR150C,YJL080C,0.0001474207965657115
YJR150C,YCR093W,2.7099290491605643e-06
YJR150C,YIL122W,1.1871826188780688e-08
YJR150C,YCL029C,2.0923046281651203e-11
YJR150C,YNL173C,1.7515600120532326e-05
YJR150C,YLR452C,0.0012538442388176918
YJR150C,YDL160C,1.8788232409860939e-06
YJR150C,YLR229C,2.7226469708862937e-14
YJR150C,YML057W,3.667446435429156e-05
YJR150C,YER149C,5.653994633592063e-12
YJR150C,YMR305C,7.150753390305908e-06
YJR150C,YLR433C,6.373353044321697e-14
YJR150C,YJL073W,3.4254107958986424e-06
YJR150C,YGR279C,8.485167568572649e-10
YJR150C,YKL190W,0.00020518427481874824
YJR150C,YGL089C,1.2017849145310941e-14
YJR150C,YJL019W,0.3611207604408264
YJR150C,YJL018W,0.07387049496173859
YJR150C,YNR032C-A,0.03667110949754715
YJR150C,YGL178W,0.000102864476502873
YJR150C,YKL116C,4.170788159285621e-10
YJR150C,YDL214C,5.210128620092291e-06
YJR150C,YLR362W,7.757625097859489e-10
YJR150C,YER068W,2.896207433877862e-07
YJR150C,YHR084W,2.6568592147668824e-05
YJR150C,YDR392W,1.9185715516290003e-11
YJR150C,YNL053W,1.370977855685851e-07
YJR150C,YGR040W,4.100299832998644e-08
YJR150C,YDL216C,6.40077269054018e-06
YJR150C,YOL117W,7.827052468201146e-05
YJR150C,YJR086W,1.0928156166448155e-13
YJR150C,YMR025W,5.417422954678841e-09
YJR150C,YBR081C,6.562224541539763e-09
YJR150C,YFL026W,4.6578506953665055e-06
YJR150C,YHL007C,2.7439362781933596e-08
YJR150C,YNR044W,1.5195036340287515e-09
YJR150C,YNL271C,1.3506215509551112e-05
YJR150C,YDR200C,5.4537053177520015e-14
YJR150C,YKL178C,1.1164126512142047e-08
YJR150C,YOR212W,0.00014757734606973827
YJR150C,YOL111C,3.1528884392173495e-08
YJR150C,YGL032C,0.0007860141922719777
YJR150C,YHR005C,2.3283315897515422e-07
YJR150C,YDR103W,3.3319008707621833e-06
YJR150C,YJR084W,8.721990144011649e-12
YJR150C,YCL032W,1.0915678354695563e-13
YJR150C,YJL170C,3.853156960165194e-10
YJR150C,YDR179C,1.4258417877499596e-06
YJR150C,YBR095C,3.948098098449648e-11
YJR150C,YLL021W,1.4346282739552407e-07
YJR150C,YDL159W,1.5594230279910443e-13
YJR150C,YNL161W,1.1962809631782534e-09
YJR150C,YNL188W,0.0015862627187743783
YJR150C,YJL157C,0.2544114887714386
YJR150C,YJL034W,2.529272649098857e-07
YJR150C,YLR238W,9.262263872544807e-11
YJR150C,YPR141C,1.3204033848523977e-06
YJR150C,YNL127W,1.7326354381178716e-13
YJR150C,YCL055W,4.211900619943698e-11
YJR150C,YPR122W,0.0009729447192512453
YJR150C,YMR065W,2.479359409335302e-06
YJR150C,YDR356W,0.00032516694045625627
YJR150C,YMR052W,2.3044510299996546e-08
YJR150C,YFR008W,1.2693083563386498e-11
YJR150C,YLL043W,3.2523701065656496e-08
YJR150C,YMR029C,1.7275701980068447e-09
YJR150C,YJR004C,3.843530649305649e-08
YJR150C,YDL223C,2.344949280086439e-06
YJR150C,YHR158C,0.04624071717262268
YJR150C,YGR238C,6.032264965316614e-12
YJR150C,YIL015W,8.247252480941825e-08
YJR150C,YGL173C,5.278241488326785e-08
YJR150C,YDL225W,0.04179256036877632
YJR150C,YLR330W,2.8830893228359855e-08
YJR150C,YBR129C,1.8884188917461797e-12
YJR150C,YKR095W-A,0.2020167112350464
YJR150C,YPR075C,3.91124936258147e-12
YJR150C,YMR198W,3.428979766795237e-09
YJR150C,YOR127W,1.7089989512442116e-07
YJR150C,YDR264C,1.200508421561608e-07
YJR150C,YLR110C,1.081656591850333e-06
YJR150C,YDR379W,3.8186698247955064e-09
YJR150C,YDL100C,6.204374514151567e-11
YJR150C,YHR073W,1.5265924375312823e-12
YJR150C,YJR090C,0.0053177159279584885
YJR150C,YOR208W,4.5297017692291774e-08
YJR150C,YBR040W,9.87172299460326e-08
YJR150C,YNL279W,2.5598196895515457e-09
YJR150C,YER075C,5.849323846465748e-13
YJR150C,YCR089W,1.691390423275152e-07
YJR150C,YCR002C,3.5745422337640775e-06
YJR150C,YJL108C,3.302721751176406e-17
YJR150C,YBR200W,3.727830062416615e-07
YJR150C,YIL026C,0.0001318988943239674
YJR150C,YJR076C,2.2402537069865502e-07
YJR150C,YKR031C,8.279774920083582e-05
YJR150C,YPL192C,1.7160384231829084e-05
YJR150C,YHR107C,2.349160310721743e-10
YJR150C,YIL037C,7.85996322281296e-13
YJR150C,YPL156C,4.309405099434116e-08
YJR150C,YIL117C,1.5409246145736688e-07
YJR150C,YHR066W,1.6933981896727346e-06
YJR150C,YML085C,5.762289845279156e-08
YJR150C,YML047C,1.1870393556989711e-09
YJR150C,YDR312W,0.7224996089935303
YJR150C,YFL037W,0.2112865149974823
YJR150C,YDL038C,0.2020167112350464
YJR150C,YDL039C,4.0442757493247567e-19
YJR150C,YCL027W,2.046693925450427e-09
YJR150C,YML124C,3.175899792040582e-07
YJR150C,YGL053W,6.639571531463773e-11
YJR150C,YMR232W,4.723013091734174e-10
YJR150C,YNL298W,7.462810209211967e-14
YJR150C,YGL099W,1.3773023965768516e-06
YJR150C,YBL016W,5.0962228215212235e-08
YJR150C,YAL041W,1.7295977983167177e-09
YJR150C,YDR085C,5.965977489807983e-09
YJR150C,YPL187W,1.1687428368850616e-13
YJR150C,YPL256C,0.008086984045803547
YJR150C,YDR461W,3.926784244989712e-11
YJR150C,YNL145W,0.0011370438151061535
YER142C,YDL165W,6.993360751605948e-12
YER142C,YGR059W,1.4230980760129852e-12
YER142C,YBR109C,4.1091889141581586e-14
YER142C,YJL080C,1.0865101041090952e-09
YER142C,YCR093W,0.8776601552963257
YER142C,YIL122W,0.00011249382077949122
YER142C,YCL029C,3.4971719742316054e-08
YER142C,YNL173C,0.24012655019760132
YER142C,YLR452C,2.7635023798211478e-05
YER142C,YDL160C,0.15610447525978088
YER142C,YLR229C,1.2161877975813695e-06
YER142C,YML057W,3.268703531586134e-14
YER142C,YER149C,0.000985602498985827
YER142C,YMR305C,0.000210508587770164
YER142C,YLR433C,0.07277393341064453
YER142C,YJL073W,7.969700420440429e-12
YER142C,YGR279C,4.2076436557181296e-08
YER142C,YKL190W,1.7829114573597593e-10
YER142C,YGL089C,1.701780092844274e-05
YER142C,YJL019W,3.548081804183312e-05
YER142C,YJL018W,0.00033691650605760515
YER142C,YNR032C-A,0.008651670999825
YER142C,YGL178W,0.0060759009793400764
YER142C,YKL116C,1.1668156503219507e-06
YER142C,YDL214C,0.9322206377983093
YER142C,YLR362W,3.4315085495340014e-11
YER142C,YER068W,2.3264142348655703e-11
YER142C,YHR084W,1.009257087625226e-11
YER142C,YDR392W,1.6071671780082397e-06
YER142C,YNL053W,2.5123290470219217e-05
YER142C,YGR040W,0.0001298381685046479
YER142C,YDL216C,2.5660065148258582e-05
YER142C,YOL117W,1.8490972308882192e-07
YER142C,YJR086W,0.00023988759494386613
YER142C,YMR025W,0.00019704537407960743
YER142C,YBR081C,0.6890167593955994
YER142C,YFL026W,0.013653187081217766
YER142C,YHL007C,0.9876909255981445
YER142C,YNR044W,0.0004848996759392321
YER142C,YNL271C,0.9750195741653442
YER142C,YDR200C,5.73826146137435e-05
YER142C,YKL178C,0.009594134986400604
YER142C,YOR212W,1.5146640919283527e-07
YER142C,YOL111C,4.3459239679188855e-11
YER142C,YGL032C,1.740316983404877e-12
YER142C,YHR005C,0.9997608065605164
YER142C,YDR103W,5.122686843606061e-07
YER142C,YJR084W,1.3993338143336587e-05
YER142C,YCL032W,1.2832610408325396e-12
YER142C,YJL170C,5.992923934883265e-10
YER142C,YDR179C,2.0929421390425418e-12
YER142C,YBR095C,0.010656145401299
YER142C,YLL021W,3.4327571167558357e-12
YER142C,YDL159W,9.961904190447513e-09
YER142C,YNL161W,3.900994670402724e-06
YER142C,YNL188W,0.0014692561235278845
YER142C,YJL157C,5.678083871141215e-12
YER142C,YJL034W,4.2496712342844157e-16
YER142C,YLR238W,0.000488678109832108
YER142C,YPR141C,0.00045178711297921836
YER142C,YNL127W,2.1932110294553553e-10
YER142C,YCL055W,2.6185718482452103e-08
YER142C,YPR122W,0.00010373534314567223
YER142C,YMR065W,3.9985789044294506e-05
YER142C,YDR356W,3.563813379514613e-06
YER142C,YMR052W,0.23189124464988708
YER142C,YFR008W,6.536276373481087e-07
YER142C,YLL043W,0.03371983394026756
YER142C,YMR029C,3.3411702133889776e-06
YER142C,YJR004C,0.0023617607075721025
YER142C,YDL223C,2.6041904635336344e-13
YER142C,YHR158C,0.0036085220053792
YER142C,YGR238C,4.590865643194775e-08
YER142C,YIL015W,0.0072050755843520164
YER142C,YGL173C,3.305793143226765e-05
YER142C,YDL225W,6.483353445219109e-06
YER142C,YLR330W,0.014761609025299549
YER142C,YBR129C,5.615635068068059e-09
YER142C,YKR095W-A,0.2020167112350464
YER142C,YPR075C,1.0585077347968763e-07
YER142C,YMR198W,1.4238223933205063e-09
YER142C,YOR127W,0.015619421377778053
YER142C,YDR264C,3.984549152846739e-07
YER142C,YLR110C,0.0071655563078820705
YER142C,YDR379W,4.045371315442026e-05
YER142C,YDL100C,2.1159628886380233e-05
YER142C,YHR073W,7.471499530176118e-10
YER142C,YJR090C,2.6774941375151684e-07
YER142C,YOR208W,6.642637134790519e-11
YER142C,YBR040W,0.965255856513977
YER142C,YNL279W,6.123366258492524e-09
YER142C,YER075C,0.0018799244426190853
YER142C,YCR089W,1.0496725710851251e-09
YER142C,YCR002C,5.364279159758567e-11
YER142C,YJL108C,0.21646657586097717
YER142C,YBR200W,6.028527366197522e-08
YER142C,YIL026C,0.004363407380878925
YER142C,YJR076C,4.678900040744338e-06
YER142C,YKR031C,6.531406970822218e-09
YER142C,YPL192C,2.2036669378167062e-08
YER142C,YHR107C,7.773204515615362e-07
YER142C,YIL037C,1.2429275557224173e-05
YER142C,YPL156C,0.0010219183750450611
YER142C,YIL117C,7.506738564089233e-10
YER142C,YHR066W,6.597810253190393e-15
YER142C,YML085C,7.235016585838139e-09
YER142C,YML047C,0.002140735974535346
YER142C,YDR312W,6.329482005185127e-08
YER142C,YFL037W,2.7876896524503536e-07
YER142C,YDL038C,0.2020167112350464
YER142C,YDL039C,5.2412369285154484e-14
YER142C,YCL027W,0.0024164486676454544
YER142C,YML124C,3.567234729828783e-09
YER142C,YGL053W,2.2436825730665078e-08
YER142C,YMR232W,4.1843730286927894e-05
YER142C,YNL298W,0.021460624411702156
YER142C,YGL099W,5.021329706200728e-12
YER142C,YBL016W,0.003986951895058155
YER142C,YAL041W,1.0776604995044181e-06
YER142C,YDR085C,1.9072911305872964e-10
YER142C,YPL187W,0.001528922701254487
YER142C,YPL256C,1.8206477991888903e-10
YER142C,YDR461W,2.904503841781881e-20
YER142C,YNL145W,1.2290186646168877e-09
YCR105W,YDL165W,4.0706087389708046e-09
YCR105W,YGR059W,1.980997410555574e-07
YCR105W,YBR109C,1.0139868891201331e-06
YCR105W,YJL080C,1.3667259679550625e-07
YCR105W,YCR093W,1.5508007322750927e-07
YCR105W,YIL122W,1.7553676343595725e-06
YCR105W,YCL029C,1.825391393595055e-09
YCR105W,YNL173C,3.937744168069912e-06
YCR105W,YLR452C,2.0508687157416716e-05
YCR105W,YDL160C,4.857797719637347e-08
YCR105W,YLR229C,1.9343433450558223e-06
YCR105W,YML057W,6.851822728577749e-15
YCR105W,YER149C,5.96452380818846e-08
YCR105W,YMR305C,0.10349639505147934
YCR105W,YLR433C,5.375876410695923e-10
YCR105W,YJL073W,4.321763515370597e-18
YCR105W,YGR279C,0.0041554877534508705
YCR105W,YKL190W,2.3851995140274085e-13
YCR105W,YGL089C,0.9945926070213318
YCR105W,YJL019W,7.636711529812601e-07
YCR105W,YJL018W,0.0006078542792238295
YCR105W,YNR032C-A,0.0049087353982031345
YCR105W,YGL178W,1.9290689579065656e-06
YCR105W,YKL116C,2.2321475626085885e-05
YCR105W,YDL214C,1.4153771488167877e-09
YCR105W,YLR362W,1.1999586028879994e-19
YCR105W,YER068W,7.518767830561046e-08
YCR105W,YHR084W,6.8037725213798694e-06
YCR105W,YDR392W,1.2959764035258559e-06
YCR105W,YNL053W,3.0525486636179266e-06
YCR105W,YGR040W,8.670017450640444e-06
YCR105W,YDL216C,6.172641406010371e-06
YCR105W,YOL117W,1.2805490001710496e-09
YCR105W,YJR086W,1.5912905837467406e-06
YCR105W,YMR025W,0.020224550738930702
YCR105W,YBR081C,1.2153912393841892e-05
YCR105W,YFL026W,3.037064288946567e-07
YCR105W,YHL007C,1.4654573127909076e-12
YCR105W,YNR044W,7.839938189135864e-05
YCR105W,YNL271C,6.216883952081531e-11
YCR105W,YDR200C,1.0534980887655365e-08
YCR105W,YKL178C,1.66289337357739e-05
YCR105W,YOR212W,5.761327526165871e-10
YCR105W,YOL111C,8.236779258652405e-09
YCR105W,YGL032C,6.002806912874803e-05
YCR105W,YHR005C,1.1875066775246523e-05
YCR105W,YDR103W,6.434728458756681e-15
YCR105W,YJR084W,1.5700329925039114e-07
YCR105W,YCL032W,5.525085455815315e-08
YCR105W,YJL170C,6.971542898526195e-09
YCR105W,YDR179C,3.032933816542031e-17
YCR105W,YBR095C,3.291807798566637e-11
YCR105W,YLL021W,3.57810275024062e-17
YCR105W,YDL159W,2.441062282865225e-11
YCR105W,YNL161W,8.705062631017904e-14
YCR105W,YNL188W,5.754199742559474e-14
YCR105W,YJL157C,0.9999372959136963
YCR105W,YJL034W,1.3325424718892372e-18
YCR105W,YLR238W,5.772383981396401e-13
YCR105W,YPR141C,1.952049630929599e-16
YCR105W,YNL127W,2.689944500512551e-16
YCR105W,YCL055W,6.961314369391403e-08
YCR105W,YPR122W,2.5846603503298926e-12
YCR105W,YMR065W,0.0023524125572293997
YCR105W,YDR356W,2.198560832766816e-05
YCR105W,YMR052W,6.914634013810428e-06
YCR105W,YFR008W,1.3478196423527544e-12
YCR105W,YLL043W,4.783237272931729e-07
YCR105W,YMR029C,0.004518839996308088
YCR105W,YJR004C,3.15039661025196e-10
YCR105W,YDL223C,3.488023943027524e-13
YCR105W,YHR158C,8.635859103378607e-07
YCR105W,YGR238C,4.437467407414353e-11
YCR105W,YIL015W,4.603997695085127e-06
YCR105W,YGL173C,6.063623588696901e-14
YCR105W,YDL225W,1.599504351190717e-08
YCR105W,YLR330W,3.12134687874277e-07
YCR105W,YBR129C,8.339642453177032e-13
YCR105W,YKR095W-A,0.2020167112350464
YCR105W,YPR075C,7.913607265435667e-24
YCR105W,YMR198W,3.319284083702634e-11
YCR105W,YOR127W,1.5357906613111538e-10
YCR105W,YDR264C,1.2222859391286534e-09
YCR105W,YLR110C,0.018359404057264328
YCR105W,YDR379W,1.8920116862108927e-10
YCR105W,YDL100C,2.094261986052004e-10
YCR105W,YHR073W,1.0035645003816235e-13
YCR105W,YJR090C,6.433823065239361e-14
YCR105W,YOR208W,1.3424140271611762e-12
YCR105W,YBR040W,6.425438847657006e-09
YCR105W,YNL279W,2.5022245608852245e-06
YCR105W,YER075C,1.5180393400648917e-11
YCR105W,YCR089W,6.791287532337265e-10
YCR105W,YCR002C,1.6543909353572417e-08
YCR105W,YJL108C,0.018222130835056305
YCR105W,YBR200W,2.2142100232860375e-14
YCR105W,YIL026C,4.474435578993852e-12
YCR105W,YJR076C,2.527863474099945e-10
YCR105W,YKR031C,4.677319642709676e-10
YCR105W,YPL192C,4.870868153261654e-09
YCR105W,YHR107C,9.261958666684222e-08
YCR105W,YIL037C,1.5047025847536588e-09
YCR105W,YPL156C,5.753966252086684e-05
YCR105W,YIL117C,1.0696145445981113e-16
YCR105W,YHR066W,2.584868848155049e-26
YCR105W,YML085C,1.1119577481011333e-09
YCR105W,YML047C,5.79093011765508e-07
YCR105W,YDR312W,2.573543724793126e-07
YCR105W,YFL037W,0.00033931262441910803
YCR105W,YDL038C,0.2020167112350464
YCR105W,YDL039C,6.002496416579461e-11
YCR105W,YCL027W,9.419321577297524e-05
YCR105W,YML124C,6.227474240230792e-17
YCR105W,YGL053W,1.2672115181462055e-14
YCR105W,YMR232W,2.2378396806743694e-06
YCR105W,YNL298W,1.3715723667928614e-08
YCR105W,YGL099W,3.635737552036987e-18
YCR105W,YBL016W,2.9407657792711263e-16
YCR105W,YAL041W,1.4841357665534372e-15
YCR105W,YDR085C,3.8004422525661496e-11
YCR105W,YPL187W,0.00010510122956475243
YCR105W,YPL256C,1.5690308210677961e-12
YCR105W,YDR461W,1.0385195281514825e-07
YCR105W,YNL145W,0.0010381374740973115
YDL109C,YDL165W,4.474256468794957e-12
YDL109C,YGR059W,7.807257618175356e-11
YDL109C,YBR109C,1.8120279379079708e-14
YDL109C,YJL080C,3.030409345683438e-08
YDL109C,YCR093W,4.427206379276072e-10
YDL109C,YIL122W,8.114520746961215e-14
YDL109C,YCL029C,4.2554914941265315e-14
YDL109C,YNL173C,0.00030764244729653
YDL109C,YLR452C,0.001253819209523499
YDL109C,YDL160C,4.275250986562895e-11
YDL109C,YLR229C,1.4070779263963828e-10
YDL109C,YML057W,1.5312984658066853e-07
YDL109C,YER149C,0.24210229516029358
YDL109C,YMR305C,0.00011074066424043849
YDL109C,YLR433C,0.0016935428138822317
YDL109C,YJL073W,1.460491148463916e-05
YDL109C,YGR279C,1.5972903000260885e-09
YDL109C,YKL190W,4.673128550791716e-10
YDL109C,YGL089C,1.3936610546161354e-11
YDL109C,YJL019W,4.5746773480459524e-07
YDL109C,YJL018W,0.08540748804807663
YDL109C,YNR032C-A,0.07605123519897461
YDL109C,YGL178W,1.9248716398578836e-08
YDL109C,YKL116C,8.175604762072908e-07
YDL109C,YDL214C,2.5905608214138454e-10
YDL109C,YLR362W,7.634065823935998e-09
YDL109C,YER068W,6.762972049045857e-08
YDL109C,YHR084W,2.5957628167816438e-05
YDL109C,YDR392W,5.887385717828764e-11
YDL109C,YNL053W,0.12410170584917068
YDL109C,YGR040W,6.4536875470366795e-06
YDL109C,YDL216C,2.108753172080924e-09
YDL109C,YOL117W,0.20769239962100983
YDL109C,YJR086W,7.499847498593226e-08
YDL109C,YMR025W,0.003185605863109231
YDL109C,YBR081C,3.1786798899702262e-06
YDL109C,YFL026W,0.0003425581962801516
YDL109C,YHL007C,0.0004046041576657444
YDL109C,YNR044W,2.1441354647322441e-07
YDL109C,YNL271C,1.1454155810497468e-06
YDL109C,YDR200C,0.0003034579276572913
YDL109C,YKL178C,0.16025830805301666
YDL109C,YOR212W,3.446571912417429e-13
YDL109C,YOL111C,0.00036827404983341694
YDL109C,YGL032C,2.4133936676662415e-05
YDL109C,YHR005C,8.771011380304117e-06
YDL109C,YDR103W,5.74647344819823e-07
YDL109C,YJR084W,1.1173742677783594e-06
YDL109C,YCL032W,1.3944380372610254e-10
YDL109C,YJL170C,0.00021991899120621383
YDL109C,YDR179C,6.0106821742067496e-09
YDL109C,YBR095C,0.02724355272948742
YDL109C,YLL021W,2.9248685677885078e-05
YDL109C,YDL159W,7.00190530555922e-11
YDL109C,YNL161W,6.379327714967076e-06
YDL109C,YNL188W,2.4455874825246582e-11
YDL109C,YJL157C,0.17443495988845825
YDL109C,YJL034W,3.2161754271071985e-13
YDL109C,YLR238W,1.0079604351176386e-07
YDL109C,YPR141C,0.15585558116436005
YDL109C,YNL127W,1.0374200428486802e-05
YDL109C,YCL055W,3.282571560703218e-05
YDL109C,YPR122W,4.90039129066866e-12
YDL109C,YMR065W,0.005465732887387276
YDL109C,YDR356W,0.0002677660377230495
YDL109C,YMR052W,0.000412685185438022
YDL109C,YFR008W,5.345802856027149e-05
YDL109C,YLL043W,1.8382323219157115e-08
YDL109C,YMR029C,1.880791095781875e-12
YDL109C,YJR004C,0.0005501266568899155
YDL109C,YDL223C,9.690693386632532e-11
YDL109C,YHR158C,1.8207700902550528e-09
YDL109C,YGR238C,4.0166348025394427e-10
YDL109C,YIL015W,0.178439661860466
YDL109C,YGL173C,3.270589559178916e-06
YDL109C,YDL225W,4.5408171445160406e-08
YDL109C,YLR330W,4.700559230741419e-08
YDL109C,YBR129C,0.00040724786231294274
YDL109C,YKR095W-A,0.2020167112350464
YDL109C,YPR075C,5.461195939915342e-08
YDL109C,YMR198W,0.0006677241763100028
YDL109C,YOR127W,8.811618317849934e-05
YDL109C,YDR264C,1.2106091162422672e-05
YDL109C,YLR110C,0.1742873191833496
YDL109C,YDR379W,1.955019797605928e-06
YDL109C,YDL100C,1.9757233530981466e-05
YDL109C,YHR073W,2.8466382673286716e-07
YDL109C,YJR090C,0.00013097096234560013
YDL109C,YOR208W,0.0761856734752655
YDL109C,YBR040W,0.0024875078815966845
YDL109C,YNL279W,4.4063752284273505e-05
YDL109C,YER075C,1.921617887035154e-08
YDL109C,YCR089W,1.2545079641768098e-08
YDL109C,YCR002C,0.0266981590539217
YDL109C,YJL108C,2.0072843653906602e-06
YDL109C,YBR200W,0.23560400307178497
YDL109C,YIL026C,7.58036975412324e-08
YDL109C,YJR076C,2.576229377396211e-12
YDL109C,YKR031C,0.00019246316514909267
YDL109C,YPL192C,6.878025305923074e-05
YDL109C,YHR107C,2.8799879146390595e-05
YDL109C,YIL037C,2.027435948548373e-05
YDL109C,YPL156C,1.2642957699426915e-05
YDL109C,YIL117C,1.0451326915017489e-07
YDL109C,YHR066W,6.299909927065528e-09
YDL109C,YML085C,5.744448571931571e-05
YDL109C,YML047C,0.10744483768939972
YDL109C,YDR312W,2.236008498357478e-07
YDL109C,YFL037W,0.9813115000724792
YDL109C,YDL038C,0.2020167112350464
YDL109C,YDL039C,0.0002297939790878445
YDL109C,YCL027W,5.947763202129863e-05
YDL109C,YML124C,3.887574262506632e-09
YDL109C,YGL053W,1.6224952560150996e-05
YDL109C,YMR232W,0.02108023501932621
YDL109C,YNL298W,9.533478078083135e-07
YDL109C,YGL099W,2.9721826649620198e-05
YDL109C,YBL016W,0.022136041894555092
YDL109C,YAL041W,3.039312090891144e-08
YDL109C,YDR085C,2.1965540497603797e-08
YDL109C,YPL187W,9.365456207888201e-06
YDL109C,YPL256C,0.0006365557201206684
YDL109C,YDR461W,1.1614900152778773e-08
YDL109C,YNL145W,7.629230025507638e-10
YDL022W,YDL165W,4.021651935082193e-12
YDL022W,YGR059W,1.5985573975640932e-10
YDL022W,YBR109C,0.01912936381995678
YDL022W,YJL080C,9.367092570755631e-05
YDL022W,YCR093W,9.548176693741084e-10
YDL022W,YIL122W,0.0004957388737238944
YDL022W,YCL029C,1.3639824404491907e-13
YDL022W,YNL173C,3.264204184727504e-11
YDL022W,YLR452C,2.509843568532233e-07
YDL022W,YDL160C,7.609749445691705e-06
YDL022W,YLR229C,1.392766180163818e-10
YDL022W,YML057W,7.681476787979591e-09
YDL022W,YER149C,3.664272704706484e-11
YDL022W,YMR305C,0.003943447023630142
YDL022W,YLR433C,1.2184360187461607e-09
YDL022W,YJL073W,1.175274748398472e-13
YDL022W,YGR279C,5.782249345998025e-08
YDL022W,YKL190W,2.381491271546965e-12
YDL022W,YGL089C,0.25463199615478516
YDL022W,YJL019W,2.527867081880686e-06
YDL022W,YJL018W,0.09250261634588242
YDL022W,YNR032C-A,1.885338463125663e-08
YDL022W,YGL178W,0.0022910304833203554
YDL022W,YKL116C,1.634564068808686e-05
YDL022W,YDL214C,0.005345027893781662
YDL022W,YLR362W,1.8071259546559304e-06
YDL022W,YER068W,7.481359887151484e-08
YDL022W,YHR084W,1.3909715046445115e-10
YDL022W,YDR392W,1.4643111213592103e-13
YDL022W,YNL053W,0.019102826714515686
YDL022W,YGR040W,1.5873537151378514e-08
YDL022W,YDL216C,0.0003954952408093959
YDL022W,YOL117W,1.3311716884345515e-07
YDL022W,YJR086W,3.0196923717085156e-07
YDL022W,YMR025W,1.0031815236288821e-06
YDL022W,YBR081C,1.5423265962988264e-12
YDL022W,YFL026W,2.1146870921029404e-08
YDL022W,YHL007C,1.357001415126487e-14
YDL022W,YNR044W,0.012050804682075977
YDL022W,YNL271C,2.4282353905391574e-08
YDL022W,YDR200C,2.1367222687190438e-16
YDL022W,YKL178C,1.022847495590895e-08
YDL022W,YOR212W,1.5271275799477735e-07
YDL022W,YOL111C,4.433938805036616e-15
YDL022W,YGL032C,0.00013894832227379084
YDL022W,YHR005C,0.002856828738003969
YDL022W,YDR103W,1.058762180150552e-07
YDL022W,YJR084W,2.6625899707255485e-08
YDL022W,YCL032W,1.0043965281402172e-15
YDL022W,YJL170C,0.03112892247736454
YDL022W,YDR179C,4.2669721922461434e-12
YDL022W,YBR095C,1.4945978676905725e-08
YDL022W,YLL021W,2.6354978643894356e-08
YDL022W,YDL159W,3.109421357547215e-13
YDL022W,YNL161W,0.005672088824212551
YDL022W,YNL188W,2.844324990176916e-16
YDL022W,YJL157C,7.215049408722588e-16
YDL022W,YJL034W,1.2838216817759318e-12
YDL022W,YLR238W,9.832055525293981e-08
YDL022W,YPR141C,5.955745230323828e-09
YDL022W,YNL127W,7.537661161904907e-09
YDL022W,YCL055W,0.02085522748529911
YDL022W,YPR122W,4.0750047025800044e-17
YDL022W,YMR065W,0.9101398587226868
YDL022W,YDR356W,2.915719960583374e-06
YDL022W,YMR052W,1.5568881739369544e-09
YDL022W,YFR008W,3.846516855032789e-11
YDL022W,YLL043W,1.9230301973038877e-07
YDL022W,YMR029C,2.3903047510070996e-13
YDL022W,YJR004C,1.4100830725283231e-08
YDL022W,YDL223C,1.881141191090564e-21
YDL022W,YHR158C,3.307429885524016e-10
YDL022W,YGR238C,1.1111399089713814e-06
YDL022W,YIL015W,4.197900409508293e-07
YDL022W,YGL173C,7.7549644629471e-05
YDL022W,YDL225W,5.8794467072686984e-09
YDL022W,YLR330W,1.1060561355691334e-09
YDL022W,YBR129C,3.029765309747745e-07
YDL022W,YKR095W-A,0.2020167112350464
YDL022W,YPR075C,3.8244913150038e-14
YDL022W,YMR198W,7.275554464447609e-11
YDL022W,YOR127W,4.2198498029222264e-09
YDL022W,YDR264C,7.464607915608212e-05
YDL022W,YLR110C,2.4142537968785405e-10
YDL022W,YDR379W,8.585859245791028e-10
YDL022W,YDL100C,1.4623824995396717e-07
YDL022W,YHR073W,0.7849989533424377
YDL022W,YJR090C,1.0208667244882008e-09
YDL022W,YOR208W,1.0196645234827884e-05
YDL022W,YBR040W,0.8344688415527344
YDL022W,YNL279W,2.304269441921747e-09
YDL022W,YER075C,9.506245260126889e-05
YDL022W,YCR089W,0.0004885030211880803
YDL022W,YCR002C,2.6763178478939054e-11
YDL022W,YJL108C,5.2128675633866806e-06
YDL022W,YBR200W,2.2541172484125127e-07
YDL022W,YIL026C,1.8291797232450335e-07
YDL022W,YJR076C,5.3215060802358494e-08
YDL022W,YKR031C,9.439795576327015e-07
YDL022W,YPL192C,7.188429972798671e-12
YDL022W,YHR107C,0.012677423655986786
YDL022W,YIL037C,0.09848570078611374
YDL022W,YPL156C,5.161099761608057e-05
YDL022W,YIL117C,0.9804383516311646
YDL022W,YHR066W,9.927027524567385e-23
YDL022W,YML085C,1.3530181774967787e-07
YDL022W,YML047C,0.10849712789058685
YDL022W,YDR312W,5.066565478273333e-08
YDL022W,YFL037W,1.0357555702000809e-08
YDL022W,YDL038C,0.2020167112350464
YDL022W,YDL039C,5.334175484129899e-13
YDL022W,YCL027W,6.471187225542963e-05
YDL022W,YML124C,0.07945284992456436
YDL022W,YGL053W,4.352687377195963e-10
YDL022W,YMR232W,3.8788366509834304e-06
YDL022W,YNL298W,6.883382752675971e-10
YDL022W,YGL099W,6.919817878210837e-18
YDL022W,YBL016W,5.750788178993105e-10
YDL022W,YAL041W,1.5496455674224308e-08
YDL022W,YDR085C,2.0555601665250833e-08
YDL022W,YPL187W,3.864650111040646e-08
YDL022W,YPL256C,3.5149456678595925e-09
YDL022W,YDR461W,1.1124796639450096e-09
YDL022W,YNL145W,1.3419328759312066e-08
YLL063C,YDL165W,5.336653885024134e-06
YLL063C,YGR059W,3.7789586713188328e-06
YLL063C,YBR109C,1.6870964827830903e-05
YLL063C,YJL080C,4.001466368208639e-05
YLL063C,YCR093W,5.0082203415513504e-06
YLL063C,YIL122W,0.010091805830597878
YLL063C,YCL029C,9.076318363554492e-09
YLL063C,YNL173C,0.13169163465499878
YLL063C,YLR452C,0.0018792374758049846
YLL063C,YDL160C,0.007031371351331472
YLL063C,YLR229C,1.0224733386354767e-11
YLL063C,YML057W,0.010030602104961872
YLL063C,YER149C,0.6343411803245544
YLL063C,YMR305C,2.2810168684439525e-11
YLL063C,YLR433C,8.565349162381608e-06
YLL063C,YJL073W,1.5094469077436834e-11
YLL063C,YGR279C,6.240887159947306e-05
YLL063C,YKL190W,0.0005863279802724719
YLL063C,YGL089C,0.9573898911476135
YLL063C,YJL019W,0.9978836178779602
YLL063C,YJL018W,0.0003816790704149753
YLL063C,YNR032C-A,2.6327117666369304e-05
YLL063C,YGL178W,2.9013688163104234e-07
YLL063C,YKL116C,2.7057861506918357e-10
YLL063C,YDL214C,0.00357903353869915
YLL063C,YLR362W,3.0035405274020377e-09
YLL063C,YER068W,5.368521382650981e-13
YLL063C,YHR084W,0.00014225988707039505
YLL063C,YDR392W,4.101674858247861e-05
YLL063C,YNL053W,0.0002288258692715317
YLL063C,YGR040W,0.00978945754468441
YLL063C,YDL216C,0.0012371452758088708
YLL063C,YOL117W,0.9999338388442993
YLL063C,YJR086W,0.00027832004707306623
YLL063C,YMR025W,0.7265152931213379
YLL063C,YBR081C,0.5534946918487549
YLL063C,YFL026W,0.0008111753850243986
YLL063C,YHL007C,9.203749505104497e-05
YLL063C,YNR044W,2.266443255294348e-09
YLL063C,YNL271C,6.446537736337632e-05
YLL063C,YDR200C,0.0005308064282871783
YLL063C,YKL178C,6.384458174579777e-06
YLL063C,YOR212W,0.0003507982473820448
YLL063C,YOL111C,0.00028098170878365636
YLL063C,YGL032C,1.2842003343394026e-05
YLL063C,YHR005C,1.5599305243085837e-06
YLL063C,YDR103W,1.038012165111013e-08
YLL063C,YJR084W,1.2351559234957676e-05
YLL063C,YCL032W,1.7074708011932671e-06
YLL063C,YJL170C,7.43534016578451e-08
YLL063C,YDR179C,1.0238950798324709e-09
YLL063C,YBR095C,2.680861825865577e-06
YLL063C,YLL021W,9.129777822636242e-09
YLL063C,YDL159W,1.324291121207466e-09
YLL063C,YNL161W,2.3675331917161202e-08
YLL063C,YNL188W,1.9521944061295926e-09
YLL063C,YJL157C,1.6083309617442865e-07
YLL063C,YJL034W,1.0378980999843114e-14
YLL063C,YLR238W,5.793308943680131e-09
YLL063C,YPR141C,0.0005736046005040407
YLL063C,YNL127W,9.760225657373667e-05
YLL063C,YCL055W,9.402669615132808e-11
YLL063C,YPR122W,6.409807247109711e-05
YLL063C,YMR065W,0.993510901927948
YLL063C,YDR356W,1.3607552862282546e-09
YLL063C,YMR052W,0.0008346232352778316
YLL063C,YFR008W,7.844772881071549e-06
YLL063C,YLL043W,3.857933734252583e-06
YLL063C,YMR029C,0.029153186827898026
YLL063C,YJR004C,3.6102503031543165e-07
YLL063C,YDL223C,3.149080995967779e-10
YLL063C,YHR158C,1.6460662664030679e-06
YLL063C,YGR238C,1.7985452016588965e-09
YLL063C,YIL015W,0.9998605251312256
YLL063C,YGL173C,4.4056441765860654e-06
YLL063C,YDL225W,4.443860746050632e-07
YLL063C,YLR330W,2.340256322064249e-10
YLL063C,YBR129C,0.017296187579631805
YLL063C,YKR095W-A,0.2020167112350464
YLL063C,YPR075C,2.3237156643318713e-09
YLL063C,YMR198W,1.0598406596784571e-08
YLL063C,YOR127W,1.7816255415414872e-11
YLL063C,YDR264C,8.615776459919289e-05
YLL063C,YLR110C,4.8447186600242276e-06
YLL063C,YDR379W,5.230795068200678e-06
YLL063C,YDL100C,5.114978662845715e-08
YLL063C,YHR073W,5.921718184254132e-05
YLL063C,YJR090C,4.616585647454485e-05
YLL063C,YOR208W,2.6144726916754735e-07
YLL063C,YBR040W,0.06126376986503601
YLL063C,YNL279W,0.8641682267189026
YLL063C,YER075C,0.37791430950164795
YLL063C,YCR089W,1.2378827130010706e-10
YLL063C,YCR002C,0.8049430251121521
YLL063C,YJL108C,0.0024237886536866426
YLL063C,YBR200W,4.833135558435231e-10
YLL063C,YIL026C,1.8839345361509885e-10
YLL063C,YJR076C,0.05844683572649956
YLL063C,YKR031C,0.000519961875397712
YLL063C,YPL192C,0.0008899756940081716
YLL063C,YHR107C,7.586539868498221e-05
YLL063C,YIL037C,0.046409763395786285
YLL063C,YPL156C,0.0009010474313981831
YLL063C,YIL117C,3.479863952549067e-09
YLL063C,YHR066W,1.0697732711608884e-13
YLL063C,YML085C,1.680685868254983e-10
YLL063C,YML047C,0.00018648429249878973
YLL063C,YDR312W,9.164191578747705e-05
YLL063C,YFL037W,0.003993859980255365
YLL063C,YDL038C,0.2020167112350464
YLL063C,YDL039C,3.924379399222744e-08
YLL063C,YCL027W,3.787253319842421e-07
YLL063C,YML124C,7.013538083633364e-10
YLL063C,YGL053W,2.279099680890795e-05
YLL063C,YMR232W,1.6415842765127309e-06
YLL063C,YNL298W,0.2980446219444275
YLL063C,YGL099W,5.835024694533786e-07
YLL063C,YBL016W,5.297737880027853e-05
YLL063C,YAL041W,0.016930952668190002
YLL063C,YDR085C,0.0036795646883547306
YLL063C,YPL187W,0.021756837144494057
YLL063C,YPL256C,9.554178628801147e-12
YLL063C,YDR461W,1.0712256859335412e-08
YLL063C,YNL145W,0.00037985722883604467
YLR195C,YDL165W,1.2819890926607513e-08
YLR195C,YGR059W,7.38724992288553e-08
YLR195C,YBR109C,2.9669122714182095e-09
YLR195C,YJL080C,3.531724079852694e-10
YLR195C,YCR093W,3.366597229614854e-05
YLR195C,YIL122W,1.0991700069931404e-14
YLR195C,YCL029C,1.1779170829968169e-19
YLR195C,YNL173C,1.3102638263262634e-07
YLR195C,YLR452C,9.774716591692822e-10
YLR195C,YDL160C,0.00022689015895593911
YLR195C,YLR229C,1.3751326832789346e-07
YLR195C,YML057W,8.927421579763006e-10
YLR195C,YER149C,3.237126833255388e-08
YLR195C,YMR305C,1.6604855380125e-16
YLR195C,YLR433C,6.495613433799008e-06
YLR195C,YJL073W,4.4671711663113456e-08
YLR195C,YGR279C,3.837858919553128e-09
YLR195C,YKL190W,0.003104940988123417
YLR195C,YGL089C,0.0004182052507530898
YLR195C,YJL019W,1.3220832848631625e-12
YLR195C,YJL018W,0.0006168881081975996
YLR195C,YNR032C-A,0.8241081833839417
YLR195C,YGL178W,5.163703098003102e-17
YLR195C,YKL116C,1.978334913065545e-21
YLR195C,YDL214C,3.336656675401173e-07
YLR195C,YLR362W,3.2546985939685413e-11
YLR195C,YER068W,8.631331906970325e-16
YLR195C,YHR084W,1.0920058635122132e-08
YLR195C,YDR392W,3.2681865547168343e-10
YLR195C,YNL053W,1.6224793284878771e-15
YLR195C,YGR040W,0.0002243419294245541
YLR195C,YDL216C,0.05704021453857422
YLR195C,YOL117W,2.699517831494802e-10
YLR195C,YJR086W,9.100058946387435e-07
YLR195C,YMR025W,0.9066818952560425
YLR195C,YBR081C,0.0004363143816590309
YLR195C,YFL026W,1.574499833623122e-06
YLR195C,YHL007C,8.079486236065004e-16
YLR195C,YNR044W,5.9515118527864175e-12
YLR195C,YNL271C,1.546931649443195e-08
YLR195C,YDR200C,1.610891454950636e-11
YLR195C,YKL178C,1.5214837723043217e-10
YLR195C,YOR212W,1.3201581754856972e-12
YLR195C,YOL111C,3.031643269757467e-10
YLR195C,YGL032C,4.2995357991914803e-16
YLR195C,YHR005C,3.067680864887734e-08
YLR195C,YDR103W,1.9474033496891252e-10
YLR195C,YJR084W,3.612199748204148e-07
YLR195C,YCL032W,8.491627401241431e-10
YLR195C,YJL170C,0.002637585625052452
YLR195C,YDR179C,1.783221600980614e-13
YLR195C,YBR095C,1.0190428362255588e-11
YLR195C,YLL021W,6.005561772326473e-06
YLR195C,YDL159W,7.659544903219757e-17
YLR195C,YNL161W,1.980165333190665e-14
YLR195C,YNL188W,1.430524254608656e-09
YLR195C,YJL157C,3.3787894357373283e-12
YLR195C,YJL034W,1.0999041955006561e-10
YLR195C,YLR238W,0.0011718861060217023
YLR195C,YPR141C,5.996221807436086e-05
YLR195C,YNL127W,3.587088031054009e-07
YLR195C,YCL055W,1.5085799276448597e-08
YLR195C,YPR122W,0.995372474193573
YLR195C,YMR065W,0.002359184669330716
YLR195C,YDR356W,4.965445623383857e-05
YLR195C,YMR052W,3.360171163535597e-08
YLR195C,YFR008W,3.25572750183023e-12
YLR195C,YLL043W,4.502915239030375e-14
YLR195C,YMR029C,0.0016179787926375866
YLR195C,YJR004C,1.7868067914150743e-07
YLR195C,YDL223C,1.2066596610793567e-09
YLR195C,YHR158C,0.0019642116967588663
YLR195C,YGR238C,9.680541958323463e-13
YLR195C,YIL015W,0.004452708642929792
YLR195C,YGL173C,1.7797660234464274e-07
YLR195C,YDL225W,2.0247185261723644e-08
YLR195C,YLR330W,2.49344767055959e-10
YLR195C,YBR129C,4.148249388435943e-07
YLR195C,YKR095W-A,0.2020167112350464
YLR195C,YPR075C,2.7591156356171487e-14
YLR195C,YMR198W,0.0008009562734514475
YLR195C,YOR127W,9.100562010644353e-07
YLR195C,YDR264C,5.4166216650886057e-11
YLR195C,YLR110C,6.350433959072255e-13
YLR195C,YDR379W,5.413257326836174e-07
YLR195C,YDL100C,8.79252315399981e-09
YLR195C,YHR073W,1.7550107145325455e-08
YLR195C,YJR090C,2.487157702013576e-11
YLR195C,YOR208W,3.7151623444309223e-10
YLR195C,YBR040W,0.016872543841600418
YLR195C,YNL279W,6.849116118701204e-08
YLR195C,YER075C,1.3426450923281763e-11
YLR195C,YCR089W,6.22271385895129e-13
YLR195C,YCR002C,0.005120229907333851
YLR195C,YJL108C,5.0910930582404035e-08
YLR195C,YBR200W,1.6067625665527885e-06
YLR195C,YIL026C,7.967360460270356e-08
YLR195C,YJR076C,3.6256392377254087e-06
YLR195C,YKR031C,1.0965317542854791e-10
YLR195C,YPL192C,6.7870132625103e-07
YLR195C,YHR107C,2.616756502238013e-14
YLR195C,YIL037C,7.042270766532965e-08
YLR195C,YPL156C,0.0020401147194206715
YLR195C,YIL117C,3.223076238409797e-14
YLR195C,YHR066W,8.318272150730985e-14
YLR195C,YML085C,3.422825608015434e-12
YLR195C,YML047C,0.022731497883796692
YLR195C,YDR312W,4.5862891155450895e-15
YLR195C,YFL037W,4.717584656255269e-10
YLR195C,YDL038C,0.2020167112350464
YLR195C,YDL039C,1.1321925520594092e-13
YLR195C,YCL027W,2.8089019998844833e-10
YLR195C,YML124C,2.212228230463742e-12
YLR195C,YGL053W,0.2235286980867386
YLR195C,YMR232W,1.2269984507595755e-11
YLR195C,YNL298W,3.650270841148995e-08
YLR195C,YGL099W,3.860427361860545e-20
YLR195C,YBL016W,2.4154464168288196e-14
YLR195C,YAL041W,2.7680787752615288e-05
YLR195C,YDR085C,1.1673732842609752e-06
YLR195C,YPL187W,0.024316130205988884
YLR195C,YPL256C,5.870515629169404e-09
YLR195C,YDR461W,2.5860204914351925e-05
YLR195C,YNL145W,9.272415057992589e-10
YBR217W,YDL165W,0.000916945980861783
YBR217W,YGR059W,1.911653129127444e-07
YBR217W,YBR109C,2.2925119580463615e-09
YBR217W,YJL080C,6.959999865330246e-08
YBR217W,YCR093W,2.606121142889606e-06
YBR217W,YIL122W,6.733253485435853e-06
YBR217W,YCL029C,3.3391577263647276e-12
YBR217W,YNL173C,0.06515812128782272
YBR217W,YLR452C,2.1711905446863966e-06
YBR217W,YDL160C,1.1741560683731223e-06
YBR217W,YLR229C,1.5889065707597183e-07
YBR217W,YML057W,2.141883337358763e-09
YBR217W,YER149C,6.0640126321231946e-05
YBR217W,YMR305C,2.457837045000133e-09
YBR217W,YLR433C,3.3184879844050386e-10
YBR217W,YJL073W,1.9134986733407734e-15
YBR217W,YGR279C,5.200803207117133e-05
YBR217W,YKL190W,7.314709364436567e-06
YBR217W,YGL089C,0.00013236861559562385
YBR217W,YJL019W,3.100380396858782e-08
YBR217W,YJL018W,0.06060165539383888
YBR217W,YNR032C-A,0.0007439109031111002
YBR217W,YGL178W,3.139457476208918e-05
YBR217W,YKL116C,1.884461857393216e-11
YBR217W,YDL214C,0.00022594569600187242
YBR217W,YLR362W,4.00315114390537e-10
YBR217W,YER068W,1.779263847367929e-09
YBR217W,YHR084W,6.158422296426158e-13
YBR217W,YDR392W,4.145601906202501e-06
YBR217W,YNL053W,0.004741147626191378
YBR217W,YGR040W,3.232577983069973e-09
YBR217W,YDL216C,2.908787564592785e-06
YBR217W,YOL117W,0.7940372228622437
YBR217W,YJR086W,4.349216396803968e-06
YBR217W,YMR025W,1.0058666788381743e-08
YBR217W,YBR081C,0.5001710653305054
YBR217W,YFL026W,1.4162552361085545e-05
YBR217W,YHL007C,8.990188149482492e-09
YBR217W,YNR044W,2.9571066306743887e-07
YBR217W,YNL271C,7.584362720081117e-06
YBR217W,YDR200C,0.0578509159386158
YBR217W,YKL178C,1.5017479881862528e-06
YBR217W,YOR212W,0.0034319369588047266
YBR217W,YOL111C,1.473759425607568e-07
YBR217W,YGL032C,0.0010748165659606457
YBR217W,YHR005C,0.00941421277821064
YBR217W,YDR103W,4.235014898767986e-07
YBR217W,YJR084W,6.810257673350861e-07
YBR217W,YCL032W,7.912795041420395e-08
YBR217W,YJL170C,0.003110395045951009
YBR217W,YDR179C,0.0003975726431235671
YBR217W,YBR095C,2.391217276453972e-05
YBR217W,YLL021W,5.220500298719344e-08
YBR217W,YDL159W,2.3929398339115374e-18
YBR217W,YNL161W,1.0355372809245367e-10
YBR217W,YNL188W,4.535959163831649e-09
YBR217W,YJL157C,0.1881486475467682
YBR217W,YJL034W,2.744009464095143e-08
YBR217W,YLR238W,2.7382839919154467e-12
YBR217W,YPR141C,6.616799907988025e-08
YBR217W,YNL127W,0.0007374773849733174
YBR217W,YCL055W,5.819061290495472e-15
YBR217W,YPR122W,8.040332488690183e-08
YBR217W,YMR065W,3.008432258866378e-08
YBR217W,YDR356W,0.016118822619318962
YBR217W,YMR052W,9.878156070897148e-10
YBR217W,YFR008W,0.0007683746516704559
YBR217W,YLL043W,6.100238536532743e-09
YBR217W,YMR029C,1.1434516267172512e-07
YBR217W,YJR004C,2.90202112340765e-10
YBR217W,YDL223C,1.2177517674794025e-11
YBR217W,YHR158C,0.003443746594712138
YBR217W,YGR238C,9.011488222299135e-10
YBR217W,YIL015W,0.055957477539777756
YBR217W,YGL173C,7.072854454892585e-12
YBR217W,YDL225W,0.00012812676141038537
YBR217W,YLR330W,2.4850331861725472e-11
YBR217W,YBR129C,0.005035810172557831
YBR217W,YKR095W-A,0.2020167112350464
YBR217W,YPR075C,5.723690271741688e-11
YBR217W,YMR198W,8.056547096124689e-11
YBR217W,YOR127W,6.41672158963047e-07
YBR217W,YDR264C,1.1543171800354468e-11
YBR217W,YLR110C,0.0013387289363890886
YBR217W,YDR379W,0.026478130370378494
YBR217W,YDL100C,0.0005787216359749436
YBR217W,YHR073W,7.881900861150815e-12
YBR217W,YJR090C,1.3692345419258345e-05
YBR217W,YOR208W,1.2026597166064912e-12
YBR217W,YBR040W,0.003746394068002701
YBR217W,YNL279W,8.485741886943288e-08
YBR217W,YER075C,3.895581812685123e-06
YBR217W,YCR089W,2.2803710031382707e-09
YBR217W,YCR002C,3.7656553786291624e-07
YBR217W,YJL108C,4.2273516243085396e-08
YBR217W,YBR200W,3.4129674642002783e-09
YBR217W,YIL026C,1.1158493862239993e-06
YBR217W,YJR076C,0.07163026928901672
YBR217W,YKR031C,0.0010753665119409561
YBR217W,YPL192C,3.92143826091762e-12
YBR217W,YHR107C,1.3034639014843086e-13
YBR217W,YIL037C,1.1886259088100815e-08
YBR217W,YPL156C,0.0011266624787822366
YBR217W,YIL117C,0.009239964187145233
YBR217W,YHR066W,1.8044096772307228e-10
YBR217W,YML085C,2.88128827979732e-14
YBR217W,YML047C,3.854057922580978e-06
YBR217W,YDR312W,5.052511685942063e-13
YBR217W,YFL037W,2.283760541788027e-10
YBR217W,YDL038C,0.2020167112350464
YBR217W,YDL039C,6.564765549742224e-13
YBR217W,YCL027W,2.0422499801497906e-05
YBR217W,YML124C,1.755087503281516e-12
YBR217W,YGL053W,5.8767333221965146e-09
YBR217W,YMR232W,8.040789367669277e-09
YBR217W,YNL298W,1.4707839862058677e-15
YBR217W,YGL099W,8.012236165332032e-13
YBR217W,YBL016W,2.640112122857482e-15
YBR217W,YAL041W,6.271983488126409e-10
YBR217W,YDR085C,1.036175490298774e-06
YBR217W,YPL187W,7.477435701730428e-07
YBR217W,YPL256C,6.266057517420511e-16
YBR217W,YDR461W,2.0569788095059494e-09
YBR217W,YNL145W,0.00014022998220752925
YMR113W,YDL165W,6.505722893734855e-08
YMR113W,YGR059W,8.634814337349173e-18
YMR113W,YBR109C,2.102955295413267e-05
YMR113W,YJL080C,1.255096737651229e-08
YMR113W,YCR093W,0.0003197509213350713
YMR113W,YIL122W,1.2943389415820405e-10
YMR113W,YCL029C,6.33199603861101e-11
YMR113W,YNL173C,1.346250044775843e-08
YMR113W,YLR452C,0.00012994059943594038
YMR113W,YDL160C,0.01611226052045822
YMR113W,YLR229C,2.672068603715161e-06
YMR113W,YML057W,3.98517931898823e-06
YMR113W,YER149C,2.2531030197114887e-07
YMR113W,YMR305C,1.552497887191695e-11
YMR113W,YLR433C,3.276992856626748e-06
YMR113W,YJL073W,7.965407034047495e-14
YMR113W,YGR279C,9.555428732710425e-06
YMR113W,YKL190W,1.1434876483196188e-11
YMR113W,YGL089C,0.0021212303545325994
YMR113W,YJL019W,1.924123046682468e-19
YMR113W,YJL018W,0.001065725926309824
YMR113W,YNR032C-A,0.9400799870491028
YMR113W,YGL178W,0.11281859874725342
YMR113W,YKL116C,3.0580659193617764e-15
YMR113W,YDL214C,7.176914209594543e-07
YMR113W,YLR362W,1.644473029971394e-10
YMR113W,YER068W,1.0139602490966126e-09
YMR113W,YHR084W,2.9349201020878457e-13
YMR113W,YDR392W,1.1590296430941116e-11
YMR113W,YNL053W,5.103586390303727e-12
YMR113W,YGR040W,5.212004694499228e-08
YMR113W,YDL216C,0.0026050331071019173
YMR113W,YOL117W,1.4175707591275455e-13
YMR113W,YJR086W,5.404720074264624e-12
YMR113W,YMR025W,0.0012140012113377452
YMR113W,YBR081C,3.112370166036271e-07
YMR113W,YFL026W,3.4324290027143434e-05
YMR113W,YHL007C,6.51032450605521e-13
YMR113W,YNR044W,5.203335604164749e-06
YMR113W,YNL271C,4.237192842992954e-05
YMR113W,YDR200C,6.924976332811639e-05
YMR113W,YKL178C,1.9635553627495028e-08
YMR113W,YOR212W,0.0004207268066238612
YMR113W,YOL111C,7.922731142472571e-16
YMR113W,YGL032C,4.614186764229089e-05
YMR113W,YHR005C,1.0930470938086412e-13
YMR113W,YDR103W,2.240233470729436e-06
YMR113W,YJR084W,6.303951494146531e-08
YMR113W,YCL032W,8.48314057888544e-11
YMR113W,YJL170C,7.031552513581119e-07
YMR113W,YDR179C,3.7729717128343054e-09
YMR113W,YBR095C,0.991817831993103
YMR113W,YLL021W,4.776210538182113e-09
YMR113W,YDL159W,2.9849793747871445e-09
YMR113W,YNL161W,5.4223091945290736e-14
YMR113W,YNL188W,1.4664901755168103e-06
YMR113W,YJL157C,2.6395197139095217e-10
YMR113W,YJL034W,1.9877829937620106e-10
YMR113W,YLR238W,4.190022551142647e-09
YMR113W,YPR141C,1.4352356651238518e-13
YMR113W,YNL127W,3.509023738246242e-09
YMR113W,YCL055W,3.562411299456611e-18
YMR113W,YPR122W,0.005160836968570948
YMR113W,YMR065W,3.415383616811596e-06
YMR113W,YDR356W,2.4073434058408314e-17
YMR113W,YMR052W,0.8601464033126831
YMR113W,YFR008W,0.4580729901790619
YMR113W,YLL043W,2.8847450650459905e-08
YMR113W,YMR029C,3.72250468672064e-07
YMR113W,YJR004C,3.377868804060891e-19
YMR113W,YDL223C,2.1368825112166867e-11
YMR113W,YHR158C,1.0882122296607122e-06
YMR113W,YGR238C,2.0933845767956427e-09
YMR113W,YIL015W,1.3610889482151833e-06
YMR113W,YGL173C,4.348832760570076e-08
YMR113W,YDL225W,1.0141076346725786e-12
YMR113W,YLR330W,1.6879990210238918e-16
YMR113W,YBR129C,5.69035998876366e-11
YMR113W,YKR095W-A,0.2020167112350464
YMR113W,YPR075C,1.2535464222196424e-08
YMR113W,YMR198W,3.155668082399643e-08
YMR113W,YOR127W,4.061943764099851e-05
YMR113W,YDR264C,1.0595616828368293e-08
YMR113W,YLR110C,7.372452870413326e-09
YMR113W,YDR379W,0.01568826660513878
YMR113W,YDL100C,0.012188206426799297
YMR113W,YHR073W,6.342684741866833e-07
YMR113W,YJR090C,4.2288981205729215e-09
YMR113W,YOR208W,1.530694859752657e-08
YMR113W,YBR040W,0.0002959455596283078
YMR113W,YNL279W,5.928620225859049e-07
YMR113W,YER075C,1.504495912740822e-06
YMR113W,YCR089W,3.226812505641181e-20
YMR113W,YCR002C,1.6304926159227406e-11
YMR113W,YJL108C,5.588385647570249e-07
YMR113W,YBR200W,3.06216926815317e-11
YMR113W,YIL026C,1.9039554377542345e-09
YMR113W,YJR076C,1.275803018785382e-08
YMR113W,YKR031C,4.1704584674562284e-08
YMR113W,YPL192C,7.34712443772878e-07
YMR113W,YHR107C,1.3750180161142822e-10
YMR113W,YIL037C,2.939068433072123e-11
YMR113W,YPL156C,2.3273844882367605e-16
YMR113W,YIL117C,0.07799211144447327
YMR113W,YHR066W,7.457354178619369e-12
YMR113W,YML085C,0.03203951567411423
YMR113W,YML047C,0.0028079852927476168
YMR113W,YDR312W,2.082340411213579e-10
YMR113W,YFL037W,5.868267649589143e-08
YMR113W,YDL038C,0.2020167112350464
YMR113W,YDL039C,3.095207146142087e-10
YMR113W,YCL027W,1.110648373270351e-08
YMR113W,YML124C,1.0271132389050308e-08
YMR113W,YGL053W,1.1245710993534885e-06
YMR113W,YMR232W,7.458026084350422e-05
YMR113W,YNL298W,5.502886687991371e-11
YMR113W,YGL099W,2.956104667149219e-14
YMR113W,YBL016W,1.0996015475939203e-07
YMR113W,YAL041W,9.78653315542033e-06
YMR113W,YDR085C,2.6390967189371395e-10
YMR113W,YPL187W,0.011625325307250023
YMR113W,YPL256C,2.7376691191793867e-11
YMR113W,YDR461W,7.894266786934168e-07
YMR113W,YNL145W,3.4237938872916374e-11
tA(AGC)L,YDL165W,0.000206169715966098
tA(AGC)L,YGR059W,7.565607518245088e-08
tA(AGC)L,YBR109C,1.0883972208830528e-05
tA(AGC)L,YJL080C,0.006844454910606146
tA(AGC)L,YCR093W,0.0052946219220757484
tA(AGC)L,YIL122W,2.4931493953772588e-06
tA(AGC)L,YCL029C,0.0012541298056021333
tA(AGC)L,YNL173C,0.0013192652259021997
tA(AGC)L,YLR452C,0.0003479889710433781
tA(AGC)L,YDL160C,0.0012519432930275798
tA(AGC)L,YLR229C,2.5342130811623065e-06
tA(AGC)L,YML057W,0.004613198805600405
tA(AGC)L,YER149C,0.00044427678221836686
tA(AGC)L,YMR305C,0.0032291754614561796
tA(AGC)L,YLR433C,0.000212614715564996
tA(AGC)L,YJL073W,0.0003167731629218906
tA(AGC)L,YGR279C,0.04555405676364899
tA(AGC)L,YKL190W,4.596558210323565e-05
tA(AGC)L,YGL089C,0.0038819240871816874
tA(AGC)L,YJL019W,8.305688970722258e-05
tA(AGC)L,YJL018W,0.2020167112350464
tA(AGC)L,YNR032C-A,0.0004451710847206414
tA(AGC)L,YGL178W,0.13139687478542328
tA(AGC)L,YKL116C,0.03687554597854614
tA(AGC)L,YDL214C,0.0021079678554087877
tA(AGC)L,YLR362W,0.010660694912075996
tA(AGC)L,YER068W,6.571495032403618e-05
tA(AGC)L,YHR084W,5.743690962844994e-06
tA(AGC)L,YDR392W,6.99860379427264e-07
tA(AGC)L,YNL053W,0.00012298730143811554
tA(AGC)L,YGR040W,0.12215695530176163
tA(AGC)L,YDL216C,2.3510385290137492e-05
tA(AGC)L,YOL117W,1.2460787957024877e-06
tA(AGC)L,YJR086W,2.129022504959721e-05
tA(AGC)L,YMR025W,0.00081021519144997
tA(AGC)L,YBR081C,7.911352781775349e-07
tA(AGC)L,YFL026W,0.0012723851250484586
tA(AGC)L,YHL007C,0.0009476682753302157
tA(AGC)L,YNR044W,6.02490490564378e-06
tA(AGC)L,YNL271C,3.806811037065927e-06
tA(AGC)L,YDR200C,2.0524397768895142e-05
tA(AGC)L,YKL178C,0.003315536305308342
tA(AGC)L,YOR212W,0.07398217171430588
tA(AGC)L,YOL111C,0.0023358669131994247
tA(AGC)L,YGL032C,8.996004225991783e-07
tA(AGC)L,YHR005C,0.0077584655955433846
tA(AGC)L,YDR103W,0.001003477955237031
tA(AGC)L,YJR084W,0.0036989387590438128
tA(AGC)L,YCL032W,0.000323890068102628
tA(AGC)L,YJL170C,0.0013197660446166992
tA(AGC)L,YDR179C,9.281618258683011e-05
tA(AGC)L,YBR095C,0.004247778560966253
tA(AGC)L,YLL021W,0.00871379766613245
tA(AGC)L,YDL159W,2.6162932044826448e-05
tA(AGC)L,YNL161W,0.003240391379222274
tA(AGC)L,YNL188W,0.00025786770856939256
tA(AGC)L,YJL157C,0.0010981205850839615
tA(AGC)L,YJL034W,0.26804137229919434
tA(AGC)L,YLR238W,0.003801845945417881
tA(AGC)L,YPR141C,0.0018770921742543578
tA(AGC)L,YNL127W,0.028427179902791977
tA(AGC)L,YCL055W,0.025929395109415054
tA(AGC)L,YPR122W,2.9552553314715624e-05
tA(AGC)L,YMR065W,0.000745150784496218
tA(AGC)L,YDR356W,7.206881855381653e-05
tA(AGC)L,YMR052W,0.010657190345227718
tA(AGC)L,YFR008W,0.009173315018415451
tA(AGC)L,YLL043W,0.0024411494378000498
tA(AGC)L,YMR029C,1.1496652518871997e-08
tA(AGC)L,YJR004C,0.00017291515541728586
tA(AGC)L,YDL223C,4.670670477935346e-06
tA(AGC)L,YHR158C,0.00021661468781530857
tA(AGC)L,YGR238C,0.000159803093993105
tA(AGC)L,YIL015W,3.170743667624265e-09
tA(AGC)L,YGL173C,0.03396395221352577
tA(AGC)L,YDL225W,9.466191954743408e-07
tA(AGC)L,YLR330W,0.0009136991575360298
tA(AGC)L,YBR129C,0.005744880996644497
tA(AGC)L,YKR095W-A,0.2020167112350464
tA(AGC)L,YPR075C,0.008595003746449947
tA(AGC)L,YMR198W,0.011435991153120995
tA(AGC)L,YOR127W,0.328561007976532
tA(AGC)L,YDR264C,5.945271368545946e-06
tA(AGC)L,YLR110C,0.003835083916783333
tA(AGC)L,YDR379W,0.0010200683027505875
tA(AGC)L,YDL100C,0.0006536585278809071
tA(AGC)L,YHR073W,0.003906316589564085
tA(AGC)L,YJR090C,3.9928636397235096e-06
tA(AGC)L,YOR208W,5.567364496528171e-05
tA(AGC)L,YBR040W,2.5642184482421726e-05
tA(AGC)L,YNL279W,0.0013873535208404064
tA(AGC)L,YER075C,1.7730246327118948e-05
tA(AGC)L,YCR089W,6.714805931551382e-05
tA(AGC)L,YCR002C,9.768310746949282e-07
tA(AGC)L,YJL108C,0.03538783639669418
tA(AGC)L,YBR200W,0.0006304723210632801
tA(AGC)L,YIL026C,1.3238961400929838e-05
tA(AGC)L,YJR076C,0.005427942145615816
tA(AGC)L,YKR031C,2.18712830246659e-06
tA(AGC)L,YPL192C,0.0002894860808737576
tA(AGC)L,YHR107C,0.024219365790486336
tA(AGC)L,YIL037C,1.800807694962714e-05
tA(AGC)L,YPL156C,0.33850252628326416
tA(AGC)L,YIL117C,0.13083525002002716
tA(AGC)L,YHR066W,0.0001297238195547834
tA(AGC)L,YML085C,0.003183591179549694
tA(AGC)L,YML047C,3.796362477714865e-07
tA(AGC)L,YDR312W,2.3723441699985415e-06
tA(AGC)L,YFL037W,0.000563712150324136
tA(AGC)L,YDL038C,0.2020167112350464
tA(AGC)L,YDL039C,0.0009031426161527634
tA(AGC)L,YCL027W,0.019668685272336006
tA(AGC)L,YML124C,0.0010819141753017902
tA(AGC)L,YGL053W,0.001710188458673656
tA(AGC)L,YMR232W,0.000584604509640485
tA(AGC)L,YNL298W,0.00015696694026701152
tA(AGC)L,YGL099W,3.478044891380705e-05
tA(AGC)L,YBL016W,0.009578674100339413
tA(AGC)L,YAL041W,1.7331576884771493e-07
tA(AGC)L,YDR085C,2.646558186825132e-06
tA(AGC)L,YPL187W,9.364304787595756e-06
tA(AGC)L,YPL256C,7.034449481579941e-06
tA(AGC)L,YDR461W,1.089689021682716e-06
tA(AGC)L,YNL145W,1.356962002319051e-05
YGL113W,YDL165W,0.7966685891151428
YGL113W,YGR059W,2.831785916868057e-10
YGL113W,YBR109C,0.011669613420963287
YGL113W,YJL080C,0.047468531876802444
YGL113W,YCR093W,2.3690553518918023e-08
YGL113W,YIL122W,3.5690877808747246e-08
YGL113W,YCL029C,2.1198913121873303e-13
YGL113W,YNL173C,5.7631586969364434e-05
YGL113W,YLR452C,0.9361074566841125
YGL113W,YDL160C,0.0003645441902335733
YGL113W,YLR229C,6.190321437316015e-05
YGL113W,YML057W,4.294756581657566e-05
YGL113W,YER149C,1.9201347356556653e-07
YGL113W,YMR305C,2.5568345662918546e-08
YGL113W,YLR433C,0.06740482151508331
YGL113W,YJL073W,0.44239768385887146
YGL113W,YGR279C,7.349259423250487e-09
YGL113W,YKL190W,4.582870587910293e-06
YGL113W,YGL089C,8.796997574833654e-10
YGL113W,YJL019W,5.747772775066551e-06
YGL113W,YJL018W,0.11009778082370758
YGL113W,YNR032C-A,0.005215158220380545
YGL113W,YGL178W,4.935505892866843e-10
YGL113W,YKL116C,2.1845989372961533e-13
YGL113W,YDL214C,3.213212767150253e-05
YGL113W,YLR362W,0.0002111965586664155
YGL113W,YER068W,5.702222551917657e-06
YGL113W,YHR084W,4.571301559508356e-08
YGL113W,YDR392W,1.86029879500893e-07
YGL113W,YNL053W,4.0933487155392356e-10
YGL113W,YGR040W,0.0010062860092148185
YGL113W,YDL216C,3.939606973979437e-10
YGL113W,YOL117W,2.363227622481645e-07
YGL113W,YJR086W,8.600618883747302e-08
YGL113W,YMR025W,2.2784749376114632e-07
YGL113W,YBR081C,5.671555225461589e-09
YGL113W,YFL026W,0.047528140246868134
YGL113W,YHL007C,9.74214926827699e-05
YGL113W,YNR044W,3.2970248867059126e-05
YGL113W,YNL271C,1.4516804469622002e-07
YGL113W,YDR200C,0.003333641681820154
YGL113W,YKL178C,0.13196341693401337
YGL113W,YOR212W,0.00041176387458108366
YGL113W,YOL111C,1.3120700272789554e-12
YGL113W,YGL032C,2.4694823963500312e-08
YGL113W,YHR005C,0.9834955334663391
YGL113W,YDR103W,0.00026092748157680035
YGL113W,YJR084W,3.031357209692942e-08
YGL113W,YCL032W,2.572540324763395e-06
YGL113W,YJL170C,4.82694485981483e-06
YGL113W,YDR179C,1.3310916605058232e-11
YGL113W,YBR095C,5.174319994694088e-07
YGL113W,YLL021W,2.6531910890525978e-08
YGL113W,YDL159W,0.00010515145550016314
YGL113W,YNL161W,0.0001047583282343112
YGL113W,YNL188W,2.5031687833632077e-10
YGL113W,YJL157C,0.024282915517687798
YGL113W,YJL034W,2.1794621662962754e-10
YGL113W,YLR238W,3.9143139929365134e-07
YGL113W,YPR141C,0.001985308714210987
YGL113W,YNL127W,1.438678398635318e-09
YGL113W,YCL055W,2.761391328931495e-07
YGL113W,YPR122W,0.004625461529940367
YGL113W,YMR065W,2.2572581315216667e-07
YGL113W,YDR356W,0.0008807106642052531
YGL113W,YMR052W,0.0001324577460763976
YGL113W,YFR008W,5.6350825616391376e-05
YGL113W,YLL043W,0.023970630019903183
YGL113W,YMR029C,3.115044364676578e-06
YGL113W,YJR004C,9.66684729064582e-06
YGL113W,YDL223C,6.218368753252435e-07
YGL113W,YHR158C,0.13683494925498962
YGL113W,YGR238C,0.00010006410593632609
YGL113W,YIL015W,0.0013019249308854342
YGL113W,YGL173C,0.00011882728722412139
YGL113W,YDL225W,1.8479681673788662e-10
YGL113W,YLR330W,6.450833645033072e-09
YGL113W,YBR129C,2.2471689590020105e-05
YGL113W,YKR095W-A,0.2020167112350464
YGL113W,YPR075C,0.00032269390067085624
YGL113W,YMR198W,0.9940056800842285
YGL113W,YOR127W,0.9815751314163208
YGL113W,YDR264C,1.6277761361038756e-08
YGL113W,YLR110C,4.532834663173446e-10
YGL113W,YDR379W,6.284388973654131e-07
YGL113W,YDL100C,1.3693973255693437e-12
YGL113W,YHR073W,3.437243867665529e-05
YGL113W,YJR090C,7.449961714200981e-08
YGL113W,YOR208W,0.03810606524348259
YGL113W,YBR040W,0.6606101989746094
YGL113W,YNL279W,1.1323978421629022e-09
YGL113W,YER075C,0.010628044605255127
YGL113W,YCR089W,4.1079283619183116e-07
YGL113W,YCR002C,4.385753072710941e-06
YGL113W,YJL108C,0.0011807307600975037
YGL113W,YBR200W,1.0724154897445715e-08
YGL113W,YIL026C,1.0513961663100035e-12
YGL113W,YJR076C,4.0469753912475426e-06
YGL113W,YKR031C,1.7050275346264243e-05
YGL113W,YPL192C,0.000105636368971318
YGL113W,YHR107C,0.0030157880391925573
YGL113W,YIL037C,3.7140082440600963e-06
YGL113W,YPL156C,2.576718560742819e-10
YGL113W,YIL117C,0.00043885514605790377
YGL113W,YHR066W,6.979162803233407e-10
YGL113W,YML085C,0.0002761945070233196
YGL113W,YML047C,0.0065949116833508015
YGL113W,YDR312W,0.00016977524501271546
YGL113W,YFL037W,0.00013687585305888206
YGL113W,YDL038C,0.2020167112350464
YGL113W,YDL039C,1.3638441252571731e-21
YGL113W,YCL027W,4.195755138880486e-07
YGL113W,YML124C,9.229294845730651e-13
YGL113W,YGL053W,0.0044015273451805115
YGL113W,YMR232W,5.3252406928550045e-09
YGL113W,YNL298W,0.995924711227417
YGL113W,YGL099W,1.8977661397912016e-07
YGL113W,YBL016W,8.722771636937576e-12
YGL113W,YAL041W,0.00019932296709157526
YGL113W,YDR085C,0.10938151180744171
YGL113W,YPL187W,0.01740611530840397
YGL113W,YPL256C,6.509490169115395e-10
YGL113W,YDR461W,1.1050830295289416e-07
YGL113W,YNL145W,0.0001211905328091234
YGR005C,YDL165W,0.003547829808667302
YGR005C,YGR059W,1.1485062900717935e-11
YGR005C,YBR109C,6.76103591104038e-05
YGR005C,YJL080C,8.836515368168193e-14
YGR005C,YCR093W,5.194302502786741e-06
YGR005C,YIL122W,5.818337456275913e-08
YGR005C,YCL029C,4.189501510154514e-07
YGR005C,YNL173C,2.2552024248057023e-08
YGR005C,YLR452C,1.3509217751561664e-05
YGR005C,YDL160C,0.9729165434837341
YGR005C,YLR229C,0.0001587671140441671
YGR005C,YML057W,0.00012912871898151934
YGR005C,YER149C,0.0010283446172252297
YGR005C,YMR305C,5.940063374509919e-07
YGR005C,YLR433C,0.004306256305426359
YGR005C,YJL073W,0.000226365722483024
YGR005C,YGR279C,1.6728971559132333e-06
YGR005C,YKL190W,0.36255237460136414
YGR005C,YGL089C,3.943219326174585e-06
YGR005C,YJL019W,7.782559319213789e-12
YGR005C,YJL018W,0.040308818221092224
YGR005C,YNR032C-A,0.21239760518074036
YGR005C,YGL178W,0.14255818724632263
YGR005C,YKL116C,2.0048841520292626e-07
YGR005C,YDL214C,4.4506086283035984e-07
YGR005C,YLR362W,0.000658899312838912
YGR005C,YER068W,0.00010799938900163397
YGR005C,YHR084W,1.0377429582320019e-08
YGR005C,YDR392W,1.1706151781254448e-06
YGR005C,YNL053W,0.9995952248573303
YGR005C,YGR040W,0.9166275858879089
YGR005C,YDL216C,0.0008041778928600252
YGR005C,YOL117W,0.0014081313274800777
YGR005C,YJR086W,1.2564996820785268e-09
YGR005C,YMR025W,6.7548602267208935e-09
YGR005C,YBR081C,8.981430710264249e-09
YGR005C,YFL026W,3.2530081170989433e-06
YGR005C,YHL007C,0.03437760844826698
YGR005C,YNR044W,4.3882128011318855e-06
YGR005C,YNL271C,1.247856120734428e-13
YGR005C,YDR200C,5.527695066120941e-07
YGR005C,YKL178C,2.0163017779850634e-06
YGR005C,YOR212W,8.603096830483992e-06
YGR005C,YOL111C,8.645285376474021e-09
YGR005C,YGL032C,3.2878446631912084e-07
YGR005C,YHR005C,1.3714394242470007e-07
YGR005C,YDR103W,1.3099132956995163e-05
YGR005C,YJR084W,0.013036763295531273
YGR005C,YCL032W,7.729678372925264e-07
YGR005C,YJL170C,0.012935235165059566
YGR005C,YDR179C,0.9982675313949585
YGR005C,YBR095C,3.4417692518218246e-07
YGR005C,YLL021W,0.0011819831561297178
YGR005C,YDL159W,7.682250725338235e-06
YGR005C,YNL161W,0.02249133586883545
YGR005C,YNL188W,1.5989494173140884e-08
YGR005C,YJL157C,0.00201125699095428
YGR005C,YJL034W,3.506197068792183e-11
YGR005C,YLR238W,1.854568108683452e-05
YGR005C,YPR141C,3.751407712115906e-05
YGR005C,YNL127W,4.1757832747180146e-08
YGR005C,YCL055W,1.7197621104969585e-09
YGR005C,YPR122W,1.2697561032837257e-05
YGR005C,YMR065W,7.423379619342363e-12
YGR005C,YDR356W,3.1375316211779136e-07
YGR005C,YMR052W,0.9424266219139099
YGR005C,YFR008W,0.05488761141896248
YGR005C,YLL043W,0.00016659415268804878
YGR005C,YMR029C,8.265536166618404e-08
YGR005C,YJR004C,0.000254201702773571
YGR005C,YDL223C,0.6217789649963379
YGR005C,YHR158C,0.0003131136472802609
YGR005C,YGR238C,0.12227990478277206
YGR005C,YIL015W,6.001082741846631e-09
YGR005C,YGL173C,1.5500229721965297e-07
YGR005C,YDL225W,2.5565724884324403e-11
YGR005C,YLR330W,1.3535698169947485e-12
YGR005C,YBR129C,1.055632203872392e-08
YGR005C,YKR095W-A,0.2020167112350464
YGR005C,YPR075C,0.0006961208418942988
YGR005C,YMR198W,2.820659938151948e-05
YGR005C,YOR127W,0.9836940169334412
YGR005C,YDR264C,4.836466782620619e-09
YGR005C,YLR110C,0.5197032690048218
YGR005C,YDR379W,0.00027647483511827886
YGR005C,YDL100C,2.0790288601801876e-08
YGR005C,YHR073W,1.527232562636982e-09
YGR005C,YJR090C,3.678585739377805e-15
YGR005C,YOR208W,1.9532681108103134e-06
YGR005C,YBR040W,0.11221586167812347
YGR005C,YNL279W,0.8388792276382446
YGR005C,YER075C,0.08493978530168533
YGR005C,YCR089W,6.759489669383445e-12
YGR005C,YCR002C,8.424533293194258e-10
YGR005C,YJL108C,0.02965414524078369
YGR005C,YBR200W,4.372963867779094e-15
YGR005C,YIL026C,0.0005402666865848005
YGR005C,YJR076C,3.621207934206838e-12
YGR005C,YKR031C,0.0005603734171018004
YGR005C,YPL192C,0.04588993266224861
YGR005C,YHR107C,1.8252648605878927e-14
YGR005C,YIL037C,0.0005127786425873637
YGR005C,YPL156C,1.175792241348006e-10
YGR005C,YIL117C,0.0018009439809247851
YGR005C,YHR066W,3.4512113219337115e-12
YGR005C,YML085C,1.1770772289310116e-05
YGR005C,YML047C,0.008444955572485924
YGR005C,YDR312W,1.3773730245247862e-07
YGR005C,YFL037W,0.9992344379425049
YGR005C,YDL038C,0.2020167112350464
YGR005C,YDL039C,2.058625995094831e-14
YGR005C,YCL027W,0.00905992928892374
YGR005C,YML124C,4.8266870180668775e-06
YGR005C,YGL053W,0.22628910839557648
YGR005C,YMR232W,0.002014326862990856
YGR005C,YNL298W,5.702309024968599e-08
YGR005C,YGL099W,4.5504773560356426e-11
YGR005C,YBL016W,5.743734618590679e-06
YGR005C,YAL041W,2.9013488500595486e-08
YGR005C,YDR085C,3.656494664028287e-05
YGR005C,YPL187W,3.1843476335779997e-06
YGR005C,YPL256C,2.4307735824180554e-09
YGR005C,YDR461W,0.030341370031237602
YGR005C,YNL145W,1.4257734903821984e-07
YDR389W,YDL165W,1.1002751421074208e-07
YDR389W,YGR059W,0.00014526462473440915
YDR389W,YBR109C,6.320677314874956e-11
YDR389W,YJL080C,1.2637875670407084e-06
YDR389W,YCR093W,0.0007620698306709528
YDR389W,YIL122W,0.7292842864990234
YDR389W,YCL029C,4.32237667880031e-09
YDR389W,YNL173C,0.1771768033504486
YDR389W,YLR452C,0.9120753407478333
YDR389W,YDL160C,0.9978887438774109
YDR389W,YLR229C,0.1118035539984703
YDR389W,YML057W,1.1284995160565359e-09
YDR389W,YER149C,7.460867550435069e-07
YDR389W,YMR305C,8.011199497559574e-06
YDR389W,YLR433C,3.0642299861938227e-06
YDR389W,YJL073W,8.666380391098016e-10
YDR389W,YGR279C,0.3624730408191681
YDR389W,YKL190W,1.9702385543496348e-05
YDR389W,YGL089C,0.6025123596191406
YDR389W,YJL019W,6.650449222433963e-07
YDR389W,YJL018W,0.17167535424232483
YDR389W,YNR032C-A,0.13989001512527466
YDR389W,YGL178W,0.12055029720067978
YDR389W,YKL116C,5.078903964061965e-11
YDR389W,YDL214C,0.9939741492271423
YDR389W,YLR362W,8.604245493870621e-08
YDR389W,YER068W,7.105469558155164e-05
YDR389W,YHR084W,0.2644745111465454
YDR389W,YDR392W,0.1998642534017563
YDR389W,YNL053W,0.005200541578233242
YDR389W,YGR040W,2.772373477455403e-07
YDR389W,YDL216C,0.003538647433742881
YDR389W,YOL117W,0.0018652882426977158
YDR389W,YJR086W,0.0029432938899844885
YDR389W,YMR025W,0.005110988859087229
YDR389W,YBR081C,2.853928208423895e-06
YDR389W,YFL026W,0.9999479055404663
YDR389W,YHL007C,0.13835985958576202
YDR389W,YNR044W,0.3011239767074585
YDR389W,YNL271C,4.715786053566262e-05
YDR389W,YDR200C,0.028319165110588074
YDR389W,YKL178C,0.07761852443218231
YDR389W,YOR212W,0.01554857473820448
YDR389W,YOL111C,0.00030667815008200705
YDR389W,YGL032C,0.025293830782175064
YDR389W,YHR005C,0.9997830986976624
YDR389W,YDR103W,0.8120993375778198
YDR389W,YJR084W,0.8891273736953735
YDR389W,YCL032W,0.031482893973588943
YDR389W,YJL170C,0.7050650119781494
YDR389W,YDR179C,1.1743998135083089e-11
YDR389W,YBR095C,0.0014789234846830368
YDR389W,YLL021W,7.643587014172226e-05
YDR389W,YDL159W,0.0035640359856188297
YDR389W,YNL161W,0.0019412791589275002
YDR389W,YNL188W,0.003176627214998007
YDR389W,YJL157C,0.5613913536071777
YDR389W,YJL034W,1.561990814469283e-11
YDR389W,YLR238W,0.7819976806640625
YDR389W,YPR141C,0.006870489567518234
YDR389W,YNL127W,0.6764009594917297
YDR389W,YCL055W,6.732973900636097e-11
YDR389W,YPR122W,0.006448023486882448
YDR389W,YMR065W,0.031375277787446976
YDR389W,YDR356W,0.01419717725366354
YDR389W,YMR052W,0.0005599923897534609
YDR389W,YFR008W,8.858537512423936e-06
YDR389W,YLL043W,0.00028057346935383976
YDR389W,YMR029C,0.07122409343719482
YDR389W,YJR004C,0.0003689603472594172
YDR389W,YDL223C,1.253940256750602e-13
YDR389W,YHR158C,2.4437073079752736e-05
YDR389W,YGR238C,5.538348446521013e-08
YDR389W,YIL015W,0.9641101956367493
YDR389W,YGL173C,0.5487262010574341
YDR389W,YDL225W,6.091996056056814e-06
YDR389W,YLR330W,0.0005016926443204284
YDR389W,YBR129C,0.0005394871113821864
YDR389W,YKR095W-A,0.2020167112350464
YDR389W,YPR075C,5.600050645426791e-09
YDR389W,YMR198W,9.677639354777057e-06
YDR389W,YOR127W,2.300216510775499e-05
YDR389W,YDR264C,0.00017558393301442266
YDR389W,YLR110C,0.999909520149231
YDR389W,YDR379W,1.9408036678214557e-05
YDR389W,YDL100C,0.00013115443289279938
YDR389W,YHR073W,0.15406346321105957
YDR389W,YJR090C,0.15869922935962677
YDR389W,YOR208W,4.902594446321018e-05
YDR389W,YBR040W,0.8329578638076782
YDR389W,YNL279W,0.7708725929260254
YDR389W,YER075C,0.7701510787010193
YDR389W,YCR089W,0.7558767795562744
YDR389W,YCR002C,9.127979137701914e-05
YDR389W,YJL108C,0.586047351360321
YDR389W,YBR200W,1.4395031655567436e-07
YDR389W,YIL026C,1.065298420144245e-06
YDR389W,YJR076C,2.7818285275316157e-07
YDR389W,YKR031C,0.08688730001449585
YDR389W,YPL192C,0.047583453357219696
YDR389W,YHR107C,0.008298623375594616
YDR389W,YIL037C,0.002990004373714328
YDR389W,YPL156C,3.199028597578035e-08
YDR389W,YIL117C,0.00014469755114987493
YDR389W,YHR066W,1.5659506026957648e-13
YDR389W,YML085C,0.7989180684089661
YDR389W,YML047C,0.01742507889866829
YDR389W,YDR312W,2.6151614207492457e-09
YDR389W,YFL037W,0.9994086027145386
YDR389W,YDL038C,0.2020167112350464
YDR389W,YDL039C,1.9311395538235132e-10
YDR389W,YCL027W,0.9115225672721863
YDR389W,YML124C,1.3842861335433554e-05
YDR389W,YGL053W,0.006341015454381704
YDR389W,YMR232W,3.882300006807782e-05
YDR389W,YNL298W,0.005476102698594332
YDR389W,YGL099W,0.15228067338466644
YDR389W,YBL016W,3.899830062437104e-06
YDR389W,YAL041W,5.151433015271323e-06
YDR389W,YDR085C,0.0001336963614448905
YDR389W,YPL187W,0.1719583123922348
YDR389W,YPL256C,0.00015571621770504862
YDR389W,YDR461W,0.024023795500397682
YDR389W,YNL145W,0.050839249044656754
YHR081W,YDL165W,2.8074940928490832e-05
YHR081W,YGR059W,4.458462678907926e-12
YHR081W,YBR109C,8.637855353299528e-05
YHR081W,YJL080C,4.86572162117227e-06
YHR081W,YCR093W,1.0210701617552331e-07
YHR081W,YIL122W,9.7598082393624e-11
YHR081W,YCL029C,1.9966080344602233e-06
YHR081W,YNL173C,1.1176940623025544e-10
YHR081W,YLR452C,1.8994300887698046e-07
YHR081W,YDL160C,0.004646311979740858
YHR081W,YLR229C,1.0871463234848888e-13
YHR081W,YML057W,7.578824193630555e-19
YHR081W,YER149C,3.5382608842837726e-08
YHR081W,YMR305C,6.411568165276549e-09
YHR081W,YLR433C,2.530271672185336e-07
YHR081W,YJL073W,1.3553655975329093e-08
YHR081W,YGR279C,1.5146706111579533e-10
YHR081W,YKL190W,6.628264145547291e-06
YHR081W,YGL089C,7.794881639711093e-06
YHR081W,YJL019W,2.40579038290889e-06
YHR081W,YJL018W,0.00018982580513693392
YHR081W,YNR032C-A,0.00012730874004773796
YHR081W,YGL178W,0.9881189465522766
YHR081W,YKL116C,2.2204634575473392e-08
YHR081W,YDL214C,3.670703185854052e-10
YHR081W,YLR362W,1.8814003688305547e-09
YHR081W,YER068W,9.883757812190197e-09
YHR081W,YHR084W,2.9373720122904956e-10
YHR081W,YDR392W,3.6007854475883505e-09
YHR081W,YNL053W,9.404190495843068e-05
YHR081W,YGR040W,6.436514732657828e-13
YHR081W,YDL216C,0.004289095755666494
YHR081W,YOL117W,0.00011112041829619557
YHR081W,YJR086W,6.595342227910805e-08
YHR081W,YMR025W,6.116824806667864e-06
YHR081W,YBR081C,3.8254129322012886e-05
YHR081W,YFL026W,0.00399424135684967
YHR081W,YHL007C,1.916716428240761e-06
YHR081W,YNR044W,1.0559145571797934e-11
YHR081W,YNL271C,1.0029513930476242e-07
YHR081W,YDR200C,4.062737701815422e-08
YHR081W,YKL178C,3.863699760131567e-08
YHR081W,YOR212W,1.6462757806284811e-12
YHR081W,YOL111C,8.637318291149221e-14
YHR081W,YGL032C,6.925238835719938e-07
YHR081W,YHR005C,0.0001101568850572221
YHR081W,YDR103W,5.4808581284593316e-11
YHR081W,YJR084W,2.0188647198438048e-08
YHR081W,YCL032W,5.9432875287868114e-12
YHR081W,YJL170C,0.08301091939210892
YHR081W,YDR179C,8.884749602700026e-10
YHR081W,YBR095C,3.604889542430101e-08
YHR081W,YLL021W,0.02129257284104824
YHR081W,YDL159W,2.0532050726274065e-08
YHR081W,YNL161W,0.00023177942784968764
YHR081W,YNL188W,2.9804392397636548e-05
YHR081W,YJL157C,2.0525423582995472e-09
YHR081W,YJL034W,0.0007772953249514103
YHR081W,YLR238W,6.770954428247933e-07
YHR081W,YPR141C,0.7869120240211487
YHR081W,YNL127W,0.20569896697998047
YHR081W,YCL055W,3.300244452719703e-11
YHR081W,YPR122W,0.9578508734703064
YHR081W,YMR065W,0.0006179758929647505
YHR081W,YDR356W,0.0012445836327970028
YHR081W,YMR052W,0.019755957648158073
YHR081W,YFR008W,6.703296945298476e-11
YHR081W,YLL043W,0.173726886510849
YHR081W,YMR029C,2.0446171145049874e-10
YHR081W,YJR004C,7.595021429551707e-07
YHR081W,YDL223C,1.644826492856169e-15
YHR081W,YHR158C,3.704227992784581e-06
YHR081W,YGR238C,3.2333129229566993e-12
YHR081W,YIL015W,1.7445046296415967e-08
YHR081W,YGL173C,4.5837253992431215e-08
YHR081W,YDL225W,5.7850954929272724e-12
YHR081W,YLR330W,5.41963866905297e-15
YHR081W,YBR129C,1.9955108676583677e-09
YHR081W,YKR095W-A,0.2020167112350464
YHR081W,YPR075C,3.18442216666881e-05
YHR081W,YMR198W,2.7204290574655557e-15
YHR081W,YOR127W,7.927947365260479e-08
YHR081W,YDR264C,1.4740891174369608e-08
YHR081W,YLR110C,0.0007071879226714373
YHR081W,YDR379W,2.529779408178001e-07
YHR081W,YDL100C,0.0005557661643251777
YHR081W,YHR073W,5.13487530273693e-10
YHR081W,YJR090C,1.6093665067273832e-07
YHR081W,YOR208W,1.913144387799548e-06
YHR081W,YBR040W,1.4104311958362814e-05
YHR081W,YNL279W,4.291120792032643e-09
YHR081W,YER075C,6.888159259688109e-05
YHR081W,YCR089W,5.612421117916783e-17
YHR081W,YCR002C,2.490630368612301e-09
YHR081W,YJL108C,0.003422908950597048
YHR081W,YBR200W,5.0774146578792465e-14
YHR081W,YIL026C,0.00023501613759435713
YHR081W,YJR076C,3.299695450209583e-08
YHR081W,YKR031C,0.00017571674834471196
YHR081W,YPL192C,3.725627445438917e-11
YHR081W,YHR107C,6.6989932747674175e-06
YHR081W,YIL037C,1.2481101521188975e-06
YHR081W,YPL156C,5.930432589451584e-09
YHR081W,YIL117C,0.009487710893154144
YHR081W,YHR066W,2.1314483164558418e-11
YHR081W,YML085C,1.499273066807305e-10
YHR081W,YML047C,0.00036681187339127064
YHR081W,YDR312W,1.2643464231132384e-07
YHR081W,YFL037W,1.5181226942218018e-08
YHR081W,YDL038C,0.2020167112350464
YHR081W,YDL039C,3.619744859406637e-07
YHR081W,YCL027W,5.332223107501477e-09
YHR081W,YML124C,1.2182468941472991e-18
YHR081W,YGL053W,1.592825071838888e-08
YHR081W,YMR232W,0.052335526794195175
YHR081W,YNL298W,0.000427341292379424
YHR081W,YGL099W,1.139072305064148e-16
YHR081W,YBL016W,0.00048631359823048115
YHR081W,YAL041W,1.3996408597449772e-05
YHR081W,YDR085C,0.41577160358428955
YHR081W,YPL187W,8.170594810508192e-05
YHR081W,YPL256C,3.397527259529909e-10
YHR081W,YDR461W,8.87771761881595e-07
YHR081W,YNL145W,1.0783730886032572e-06
YHR001W,YDL165W,3.8816597225377336e-05
YHR001W,YGR059W,5.352952214821016e-08
YHR001W,YBR109C,1.074174974746711e-06
YHR001W,YJL080C,0.00022460003674495965
YHR001W,YCR093W,0.08843819051980972
YHR001W,YIL122W,0.00024948810460045934
YHR001W,YCL029C,1.8110461047493587e-11
YHR001W,YNL173C,0.21905362606048584
YHR001W,YLR452C,0.05159705877304077
YHR001W,YDL160C,3.872524870218719e-11
YHR001W,YLR229C,0.00020952658087480813
YHR001W,YML057W,1.4040332230180752e-09
YHR001W,YER149C,0.0030051302164793015
YHR001W,YMR305C,0.00016158739163074642
YHR001W,YLR433C,0.019283434376120567
YHR001W,YJL073W,1.4638596113059066e-08
YHR001W,YGR279C,2.0984544397278926e-12
YHR001W,YKL190W,1.226509880325466e-06
YHR001W,YGL089C,0.01782776042819023
YHR001W,YJL019W,1.0108365131600294e-05
YHR001W,YJL018W,0.0004974137991666794
YHR001W,YNR032C-A,0.0008402020903304219
YHR001W,YGL178W,0.6154958605766296
YHR001W,YKL116C,0.0003790664195548743
YHR001W,YDL214C,0.006216539070010185
YHR001W,YLR362W,3.141845101141752e-14
YHR001W,YER068W,4.5874337217810535e-08
YHR001W,YHR084W,2.231164398835972e-05
YHR001W,YDR392W,1.1419515431043692e-06
YHR001W,YNL053W,0.005431034602224827
YHR001W,YGR040W,8.001919959976789e-11
YHR001W,YDL216C,1.5474574865947943e-06
YHR001W,YOL117W,0.00040745094884186983
YHR001W,YJR086W,0.0035753746051341295
YHR001W,YMR025W,0.06167370080947876
YHR001W,YBR081C,2.1379005374910776e-06
YHR001W,YFL026W,2.586868731668801e-06
YHR001W,YHL007C,1.164695717648101e-08
YHR001W,YNR044W,0.011351552791893482
YHR001W,YNL271C,0.04501396417617798
YHR001W,YDR200C,0.5030679702758789
YHR001W,YKL178C,5.733281795983203e-06
YHR001W,YOR212W,0.000132400295115076
YHR001W,YOL111C,4.201099104012007e-12
YHR001W,YGL032C,7.183577395153407e-07
YHR001W,YHR005C,0.0002747190883383155
YHR001W,YDR103W,7.40051400498487e-05
YHR001W,YJR084W,4.0980829840719935e-10
YHR001W,YCL032W,0.01655500940978527
YHR001W,YJL170C,6.593186299141962e-06
YHR001W,YDR179C,1.5018187696114182e-05
YHR001W,YBR095C,0.0010611213510856032
YHR001W,YLL021W,4.050086044316004e-09
YHR001W,YDL159W,7.320523298659509e-09
YHR001W,YNL161W,4.340790837886743e-07
YHR001W,YNL188W,9.241075127341958e-10
YHR001W,YJL157C,1.0617126101897245e-11
YHR001W,YJL034W,2.235719193777186e-06
YHR001W,YLR238W,6.244427481760795e-07
YHR001W,YPR141C,0.06562992185354233
YHR001W,YNL127W,8.057273737094306e-10
YHR001W,YCL055W,0.00210428680293262
YHR001W,YPR122W,1.7205142199827606e-08
YHR001W,YMR065W,0.15748144686222076
YHR001W,YDR356W,3.2723758636166167e-07
YHR001W,YMR052W,1.513101466343869e-08
YHR001W,YFR008W,1.5987356164259836e-05
YHR001W,YLL043W,0.07203305512666702
YHR001W,YMR029C,1.11528670458938e-05
YHR001W,YJR004C,2.4514215657411853e-10
YHR001W,YDL223C,9.399754195490995e-13
YHR001W,YHR158C,8.557710096113169e-09
YHR001W,YGR238C,2.272820211146609e-06
YHR001W,YIL015W,6.850122190371621e-06
YHR001W,YGL173C,0.07821008563041687
YHR001W,YDL225W,1.0940157153527252e-05
YHR001W,YLR330W,1.8578522542611609e-07
YHR001W,YBR129C,3.549977009242866e-06
YHR001W,YKR095W-A,0.2020167112350464
YHR001W,YPR075C,1.1432751412243647e-09
YHR001W,YMR198W,8.008451146679363e-08
YHR001W,YOR127W,0.055502451956272125
YHR001W,YDR264C,6.949904218345182e-06
YHR001W,YLR110C,9.378872346132994e-05
YHR001W,YDR379W,7.40547966415761e-06
YHR001W,YDL100C,7.527000398833972e-13
YHR001W,YHR073W,3.654604086023028e-08
YHR001W,YJR090C,6.094895798014477e-05
YHR001W,YOR208W,3.8074206258897902e-06
YHR001W,YBR040W,0.005483841989189386
YHR001W,YNL279W,4.017376015186258e-11
YHR001W,YER075C,1.5510256412554213e-09
YHR001W,YCR089W,2.6732555724606755e-08
YHR001W,YCR002C,2.05468199965253e-06
YHR001W,YJL108C,0.00012468795466702431
YHR001W,YBR200W,1.352664594916897e-11
YHR001W,YIL026C,2.870404216537281e-07
YHR001W,YJR076C,1.8645630461833207e-06
YHR001W,YKR031C,0.0007504869718104601
YHR001W,YPL192C,1.7618140280006855e-10
YHR001W,YHR107C,4.6577738999076246e-08
YHR001W,YIL037C,9.752397090778686e-06
YHR001W,YPL156C,5.90165029734635e-07
YHR001W,YIL117C,3.980539897696644e-09
YHR001W,YHR066W,6.4924140692949936e-18
YHR001W,YML085C,0.037310536950826645
YHR001W,YML047C,2.977362419187557e-05
YHR001W,YDR312W,9.459703278480447e-07
YHR001W,YFL037W,4.522303811427264e-07
YHR001W,YDL038C,0.2020167112350464
YHR001W,YDL039C,3.544850246672837e-10
YHR001W,YCL027W,0.0001436997263226658
YHR001W,YML124C,0.06811793893575668
YHR001W,YGL053W,1.045208932737296e-06
YHR001W,YMR232W,0.0013265312882140279
YHR001W,YNL298W,1.0829086960484346e-08
YHR001W,YGL099W,2.937887433329678e-10
YHR001W,YBL016W,1.0430269867356401e-05
YHR001W,YAL041W,8.921410881157499e-06
YHR001W,YDR085C,3.159754125015013e-10
YHR001W,YPL187W,0.02218525856733322
YHR001W,YPL256C,0.634208083152771
YHR001W,YDR461W,2.303548907178765e-09
YHR001W,YNL145W,2.1121524696354754e-05
YBR132C,YDL165W,1.4963826844294204e-09
YBR132C,YGR059W,2.7871148944313973e-08
YBR132C,YBR109C,9.120249160332605e-07
YBR132C,YJL080C,4.2563635012901605e-20
YBR132C,YCR093W,4.5785136792986236e-10
YBR132C,YIL122W,0.004434150643646717
YBR132C,YCL029C,2.2757901119163648e-10
YBR132C,YNL173C,9.246748049918097e-06
YBR132C,YLR452C,5.506490765583294e-07
YBR132C,YDL160C,4.583980527247348e-15
YBR132C,YLR229C,6.203327757248189e-06
YBR132C,YML057W,8.510400023586939e-11
YBR132C,YER149C,1.5333428970976115e-11
YBR132C,YMR305C,0.0030751125887036324
YBR132C,YLR433C,1.7316549669882386e-12
YBR132C,YJL073W,2.5114719193197743e-09
YBR132C,YGR279C,2.655367279658094e-05
YBR132C,YKL190W,9.611286240626335e-14
YBR132C,YGL089C,0.6421060562133789
YBR132C,YJL019W,0.32884660363197327
YBR132C,YJL018W,0.0003631584404502064
YBR132C,YNR032C-A,0.04792739078402519
YBR132C,YGL178W,0.00025911672855727375
YBR132C,YKL116C,1.4884883603460963e-10
YBR132C,YDL214C,0.00013371116074267775
YBR132C,YLR362W,1.0135711818293203e-05
YBR132C,YER068W,2.5289721671877205e-18
YBR132C,YHR084W,2.7224405997790246e-13
YBR132C,YDR392W,4.45379466640361e-09
YBR132C,YNL053W,0.007418292574584484
YBR132C,YGR040W,0.01118218433111906
YBR132C,YDL216C,3.2302415950424823e-13
YBR132C,YOL117W,0.0004046234244015068
YBR132C,YJR086W,0.0004584242997225374
YBR132C,YMR025W,8.608213697414158e-09
YBR132C,YBR081C,2.035200480365873e-11
YBR132C,YFL026W,6.669268373116211e-07
YBR132C,YHL007C,1.3195575775171164e-05
YBR132C,YNR044W,4.184480530966539e-06
YBR132C,YNL271C,2.322588566513583e-14
YBR132C,YDR200C,4.79610906545247e-10
YBR132C,YKL178C,0.6877063512802124
YBR132C,YOR212W,3.6229199640303023e-09
YBR132C,YOL111C,0.0003540758043527603
YBR132C,YGL032C,1.2728188295008103e-11
YBR132C,YHR005C,2.0229622421652493e-08
YBR132C,YDR103W,0.0002689422108232975
YBR132C,YJR084W,4.10604428680017e-07
YBR132C,YCL032W,3.773825869857195e-14
YBR132C,YJL170C,6.40941948404361e-08
YBR132C,YDR179C,2.2515755688530927e-15
YBR132C,YBR095C,7.495246784339216e-11
YBR132C,YLL021W,2.9473822183199256e-15
YBR132C,YDL159W,4.043554964818493e-17
YBR132C,YNL161W,8.850642188917845e-06
YBR132C,YNL188W,9.463279118659962e-12
YBR132C,YJL157C,1.8587094745948038e-19
YBR132C,YJL034W,4.606971047880665e-19
YBR132C,YLR238W,9.001917533169035e-06
YBR132C,YPR141C,0.0013445978984236717
YBR132C,YNL127W,2.5548658300067473e-07
YBR132C,YCL055W,0.5808987617492676
YBR132C,YPR122W,0.21077078580856323
YBR132C,YMR065W,0.06168940290808678
YBR132C,YDR356W,3.138610736641567e-06
YBR132C,YMR052W,4.220397775627307e-16
YBR132C,YFR008W,1.2572182184200642e-10
YBR132C,YLL043W,6.413354736167776e-09
YBR132C,YMR029C,8.201924694972718e-10
YBR132C,YJR004C,0.04368244484066963
YBR132C,YDL223C,6.344895442378373e-11
YBR132C,YHR158C,3.700247885873864e-10
YBR132C,YGR238C,9.854979055035074e-08
YBR132C,YIL015W,0.0005295986193232238
YBR132C,YGL173C,7.6206269739032e-08
YBR132C,YDL225W,6.262196983186641e-09
YBR132C,YLR330W,6.383280270463518e-14
YBR132C,YBR129C,0.018830597400665283
YBR132C,YKR095W-A,0.2020167112350464
YBR132C,YPR075C,4.147309606850058e-09
YBR132C,YMR198W,1.564401372888824e-06
YBR132C,YOR127W,1.1202094363227388e-08
YBR132C,YDR264C,8.711441296327394e-06
YBR132C,YLR110C,4.1396848615704585e-08
YBR132C,YDR379W,1.758804586415863e-07
YBR132C,YDL100C,0.05503207445144653
YBR132C,YHR073W,4.895791789749637e-05
YBR132C,YJR090C,6.697224307572469e-06
YBR132C,YOR208W,2.562506142608084e-13
YBR132C,YBR040W,2.5913946046784986e-06
YBR132C,YNL279W,6.411210451418015e-10
YBR132C,YER075C,5.6705539569490426e-11
YBR132C,YCR089W,5.326170882885561e-18
YBR132C,YCR002C,1.6792124313269596e-07
YBR132C,YJL108C,5.317853362524216e-12
YBR132C,YBR200W,0.9494002461433411
YBR132C,YIL026C,1.2392683323980691e-08
YBR132C,YJR076C,0.023778777569532394
YBR132C,YKR031C,6.01075385020522e-08
YBR132C,YPL192C,2.3121782533053192e-07
YBR132C,YHR107C,5.583406164078042e-06
YBR132C,YIL037C,2.420541932224296e-06
YBR132C,YPL156C,5.325410938894493e-07
YBR132C,YIL117C,3.122346547979049e-10
YBR132C,YHR066W,1.2784878136631178e-15
YBR132C,YML085C,3.3156823064928176e-08
YBR132C,YML047C,0.28290554881095886
YBR132C,YDR312W,1.360802421267182e-12
YBR132C,YFL037W,1.4316870533548354e-07
YBR132C,YDL038C,0.2020167112350464
YBR132C,YDL039C,5.461395275770239e-15
YBR132C,YCL027W,6.730884251737734e-06
YBR132C,YML124C,1.203717925335468e-08
YBR132C,YGL053W,4.502299361774931e-06
YBR132C,YMR232W,0.00024798716185614467
YBR132C,YNL298W,0.0012971819378435612
YBR132C,YGL099W,3.1132221637881347e-15
YBR132C,YBL016W,2.9274165171955246e-06
YBR132C,YAL041W,0.0005862173275090754
YBR132C,YDR085C,9.383278523752633e-16
YBR132C,YPL187W,3.1874465094006155e-06
YBR132C,YPL256C,5.1465522119542584e-05
YBR132C,YDR461W,3.213675518054515e-05
YBR132C,YNL145W,6.6128586695413105e-06
YKL043W,YDL165W,6.197434458954376e-07
YKL043W,YGR059W,0.00017861532978713512
YKL043W,YBR109C,6.72187141503855e-08
YKL043W,YJL080C,3.823086291987465e-09
YKL043W,YCR093W,2.904426915986691e-12
YKL043W,YIL122W,3.95739579994725e-10
YKL043W,YCL029C,0.649045467376709
YKL043W,YNL173C,0.0021930669900029898
YKL043W,YLR452C,6.417089082333405e-08
YKL043W,YDL160C,1.2996682619004218e-09
YKL043W,YLR229C,5.203139030740545e-10
YKL043W,YML057W,1.784097136692253e-08
YKL043W,YER149C,4.580933818942867e-07
YKL043W,YMR305C,1.8981064897616307e-07
YKL043W,YLR433C,1.940551330736895e-10
YKL043W,YJL073W,5.840274042157034e-08
YKL043W,YGR279C,3.7323325853544365e-12
YKL043W,YKL190W,0.02896266058087349
YKL043W,YGL089C,7.315104633143221e-10
YKL043W,YJL019W,7.976986182711698e-08
YKL043W,YJL018W,0.2020167112350464
YKL043W,YNR032C-A,0.00011824810644611716
YKL043W,YGL178W,7.478181032638531e-06
YKL043W,YKL116C,0.0002324311644770205
YKL043W,YDL214C,0.17999736964702606
YKL043W,YLR362W,2.704396422359423e-07
YKL043W,YER068W,2.4026716346270405e-05
YKL043W,YHR084W,7.91355383999992e-11
YKL043W,YDR392W,1.737670936563518e-05
YKL043W,YNL053W,1.8949777302879056e-09
YKL043W,YGR040W,2.463778514538717e-07
YKL043W,YDL216C,7.247538178489776e-07
YKL043W,YOL117W,7.541006539213413e-07
YKL043W,YJR086W,0.0018346772994846106
YKL043W,YMR025W,9.254563337890431e-06
YKL043W,YBR081C,4.3268637561766354e-09
YKL043W,YFL026W,5.259150406833335e-11
YKL043W,YHL007C,4.835325384533462e-08
YKL043W,YNR044W,5.434269244157767e-17
YKL043W,YNL271C,1.2438672314374344e-08
YKL043W,YDR200C,1.6814441394785717e-08
YKL043W,YKL178C,3.906440709106063e-12
YKL043W,YOR212W,7.068859719794318e-09
YKL043W,YOL111C,3.713277583095205e-14
YKL043W,YGL032C,1.945217449942156e-17
YKL043W,YHR005C,7.907974830523301e-10
YKL043W,YDR103W,0.003229583380743861
YKL043W,YJR084W,0.001194161712191999
YKL043W,YCL032W,3.9801437878850265e-07
YKL043W,YJL170C,9.681262902461185e-09
YKL043W,YDR179C,2.599039817141602e-06
YKL043W,YBR095C,7.71622055140142e-09
YKL043W,YLL021W,1.2288475659261167e-07
YKL043W,YDL159W,2.4717571704968577e-06
YKL043W,YNL161W,0.009851288981735706
YKL043W,YNL188W,1.1684274795698002e-05
YKL043W,YJL157C,6.293922327760271e-11
YKL043W,YJL034W,0.00023700376914348453
YKL043W,YLR238W,0.7228406667709351
YKL043W,YPR141C,2.589748326897734e-08
YKL043W,YNL127W,0.0034356522373855114
YKL043W,YCL055W,3.740350043579532e-12
YKL043W,YPR122W,2.1839960950842396e-08
YKL043W,YMR065W,0.060796912759542465
YKL043W,YDR356W,5.218748810875695e-07
YKL043W,YMR052W,2.313770868829371e-15
YKL043W,YFR008W,0.0031132942531257868
YKL043W,YLL043W,7.101952359533925e-10
YKL043W,YMR029C,0.0005337991751730442
YKL043W,YJR004C,0.17842797935009003
YKL043W,YDL223C,2.2494803488370962e-05
YKL043W,YHR158C,2.7564738047658466e-07
YKL043W,YGR238C,0.00011360002827132121
YKL043W,YIL015W,2.431253733448102e-06
YKL043W,YGL173C,1.4702787431986053e-08
YKL043W,YDL225W,0.03768535703420639
YKL043W,YLR330W,0.16018714010715485
YKL043W,YBR129C,8.992610389668698e-08
YKL043W,YKR095W-A,0.2020167112350464
YKL043W,YPR075C,2.3525381038780324e-06
YKL043W,YMR198W,9.478037554799812e-08
YKL043W,YOR127W,3.0509229986819264e-07
YKL043W,YDR264C,0.002216939115896821
YKL043W,YLR110C,5.460315533056814e-10
YKL043W,YDR379W,0.2371903359889984
YKL043W,YDL100C,0.9855669736862183
YKL043W,YHR073W,3.560466836916021e-07
YKL043W,YJR090C,6.343970238020802e-09
YKL043W,YOR208W,0.0007753943209536374
YKL043W,YBR040W,1.775442433427088e-05
YKL043W,YNL279W,4.398096109525795e-09
YKL043W,YER075C,2.992180725414073e-07
YKL043W,YCR089W,1.0050509140315303e-17
YKL043W,YCR002C,6.062271795670426e-10
YKL043W,YJL108C,0.16352272033691406
YKL043W,YBR200W,0.9964631199836731
YKL043W,YIL026C,6.787104767091989e-10
YKL043W,YJR076C,3.535324867698364e-05
YKL043W,YKR031C,4.2855933912733235e-08
YKL043W,YPL192C,4.2972264635565693e-11
YKL043W,YHR107C,1.1848547920578767e-08
YKL043W,YIL037C,4.821074526262237e-07
YKL043W,YPL156C,5.552630230609701e-11
YKL043W,YIL117C,1.435079943767903e-09
YKL043W,YHR066W,3.785100566311428e-10
YKL043W,YML085C,9.118348032188806e-08
YKL043W,YML047C,6.977564225962851e-06
YKL043W,YDR312W,0.24589161574840546
YKL043W,YFL037W,4.391023722405407e-08
YKL043W,YDL038C,0.2020167112350464
YKL043W,YDL039C,1.4245564363551955e-12
YKL043W,YCL027W,7.316360295384072e-10
YKL043W,YML124C,6.738516537298234e-13
YKL043W,YGL053W,0.004379364661872387
YKL043W,YMR232W,1.8931975986902216e-08
YKL043W,YNL298W,0.004371793009340763
YKL043W,YGL099W,4.176380025455728e-05
YKL043W,YBL016W,2.4529120423721906e-07
YKL043W,YAL041W,0.002480659633874893
YKL043W,YDR085C,1.1067282201793205e-07
YKL043W,YPL187W,5.841622296998139e-08
YKL043W,YPL256C,4.149452070123516e-05
YKL043W,YDR461W,4.388353147533053e-08
YKL043W,YNL145W,4.712727985634046e-10
YPR193C,YDL165W,2.316613670219034e-16
YPR193C,YGR059W,9.669266255729614e-13
YPR193C,YBR109C,3.401120178995509e-17
YPR193C,YJL080C,2.463103676575429e-08
YPR193C,YCR093W,0.6994473934173584
YPR193C,YIL122W,4.238382643961813e-06
YPR193C,YCL029C,4.742676520605449e-13
YPR193C,YNL173C,0.00012846759636886418
YPR193C,YLR452C,4.333533524913946e-06
YPR193C,YDL160C,8.625021807873168e-10
YPR193C,YLR229C,3.476581435929438e-12
YPR193C,YML057W,3.2846543263076455e-07
YPR193C,YER149C,3.5234226018580894e-13
YPR193C,YMR305C,2.0713695515761632e-12
YPR193C,YLR433C,1.867018966095202e-07
YPR193C,YJL073W,2.9712527577219205e-11
YPR193C,YGR279C,2.9265900813868484e-10
YPR193C,YKL190W,2.1487074619574997e-10
YPR193C,YGL089C,1.9667881133500487e-05
YPR193C,YJL019W,5.457038241729606e-06
YPR193C,YJL018W,0.06986630707979202
YPR193C,YNR032C-A,0.11497669667005539
YPR193C,YGL178W,1.0129290473059882e-07
YPR193C,YKL116C,2.130359083585276e-11
YPR193C,YDL214C,1.3684061741514597e-06
YPR193C,YLR362W,1.038354180415979e-09
YPR193C,YER068W,8.919306265786631e-13
YPR193C,YHR084W,1.7849714556414023e-16
YPR193C,YDR392W,3.1455820703740756e-07
YPR193C,YNL053W,1.723810399978376e-10
YPR193C,YGR040W,3.5653027197213305e-09
YPR193C,YDL216C,3.780938016006985e-07
YPR193C,YOL117W,0.034430451691150665
YPR193C,YJR086W,6.506165846076328e-06
YPR193C,YMR025W,7.812473631929606e-05
YPR193C,YBR081C,1.1745060874090996e-05
YPR193C,YFL026W,1.714873208713552e-11
YPR193C,YHL007C,6.894235298204876e-07
YPR193C,YNR044W,2.724673542342515e-10
YPR193C,YNL271C,1.754462459757633e-07
YPR193C,YDR200C,1.293419682468766e-08
YPR193C,YKL178C,3.3275270538979385e-07
YPR193C,YOR212W,1.8652999145274407e-09
YPR193C,YOL111C,7.419678205167202e-10
YPR193C,YGL032C,1.5259458450600505e-05
YPR193C,YHR005C,0.9994827508926392
YPR193C,YDR103W,3.870237741399052e-10
YPR193C,YJR084W,8.468358601021464e-07
YPR193C,YCL032W,2.924896398326382e-05
YPR193C,YJL170C,1.5833260036401953e-08
YPR193C,YDR179C,1.6774032163269226e-10
YPR193C,YBR095C,9.823775477058052e-22
YPR193C,YLL021W,5.530721436386443e-10
YPR193C,YDL159W,3.1243069997799466e-07
YPR193C,YNL161W,0.00043822245788760483
YPR193C,YNL188W,2.0807067357964115e-06
YPR193C,YJL157C,5.557716675818688e-22
YPR193C,YJL034W,2.486136550297823e-27
YPR193C,YLR238W,4.013286231119295e-11
YPR193C,YPR141C,0.08663193881511688
YPR193C,YNL127W,0.000376652431441471
YPR193C,YCL055W,4.1351408408552004e-11
YPR193C,YPR122W,1.4507437526845024e-06
YPR193C,YMR065W,3.825321656658609e-11
YPR193C,YDR356W,3.742638727999292e-05
YPR193C,YMR052W,7.750432934328089e-11
YPR193C,YFR008W,1.0491030787151967e-11
YPR193C,YLL043W,1.1030676461132316e-07
YPR193C,YMR029C,7.310281713301947e-09
YPR193C,YJR004C,7.72259954828769e-06
YPR193C,YDL223C,1.6321571649768885e-07
YPR193C,YHR158C,5.439240524651723e-08
YPR193C,YGR238C,8.27144663873014e-09
YPR193C,YIL015W,0.10070732980966568
YPR193C,YGL173C,1.2112013791920617e-06
YPR193C,YDL225W,2.846820544057105e-13
YPR193C,YLR330W,1.7139945018840308e-10
YPR193C,YBR129C,9.571831327548352e-09
YPR193C,YKR095W-A,0.2020167112350464
YPR193C,YPR075C,1.1071163541487294e-08
YPR193C,YMR198W,0.00014413158351089805
YPR193C,YOR127W,2.640172473954974e-15
YPR193C,YDR264C,3.594137965023947e-08
YPR193C,YLR110C,2.1552820292369823e-11
YPR193C,YDR379W,4.163362710141172e-11
YPR193C,YDL100C,1.8820575779623022e-16
YPR193C,YHR073W,4.617814919512242e-13
YPR193C,YJR090C,3.057650486970598e-12
YPR193C,YOR208W,2.579057453711009e-11
YPR193C,YBR040W,2.3832546602875482e-08
YPR193C,YNL279W,5.51211520871675e-09
YPR193C,YER075C,9.022723901352947e-09
YPR193C,YCR089W,3.783362956255587e-09
YPR193C,YCR002C,6.815484168107592e-15
YPR193C,YJL108C,3.2677127670410755e-10
YPR193C,YBR200W,0.006413644179701805
YPR193C,YIL026C,1.6809069414147615e-10
YPR193C,YJR076C,3.132196798105724e-05
YPR193C,YKR031C,5.408468837231339e-07
YPR193C,YPL192C,1.1081936149986982e-12
YPR193C,YHR107C,0.004255130421370268
YPR193C,YIL037C,0.00011177527630934492
YPR193C,YPL156C,6.63239177356445e-07
YPR193C,YIL117C,8.65879590250529e-10
YPR193C,YHR066W,1.6289964264538313e-16
YPR193C,YML085C,3.990201502546142e-09
YPR193C,YML047C,2.1389536414062604e-05
YPR193C,YDR312W,6.614698122575646e-07
YPR193C,YFL037W,2.2111040776096047e-10
YPR193C,YDL038C,0.2020167112350464
YPR193C,YDL039C,2.3345437165860723e-15
YPR193C,YCL027W,2.193363712876817e-08
YPR193C,YML124C,1.3636590940919058e-14
YPR193C,YGL053W,2.1590413918498585e-12
YPR193C,YMR232W,7.954277862154413e-06
YPR193C,YNL298W,0.9979518055915833
YPR193C,YGL099W,5.197183782001957e-05
YPR193C,YBL016W,3.574858931689991e-15
YPR193C,YAL041W,2.0708363081212156e-05
YPR193C,YDR085C,2.529472098444785e-08
YPR193C,YPL187W,2.2105759853729978e-05
YPR193C,YPL256C,1.6031588556675302e-10
YPR193C,YDR461W,1.3023552598966657e-17
YPR193C,YNL145W,1.5600399194681813e-08
YMR058W,YDL165W,2.885750749470617e-09
YMR058W,YGR059W,1.8794017730972001e-10
YMR058W,YBR109C,4.474995096703793e-10
YMR058W,YJL080C,9.50561921926954e-14
YMR058W,YCR093W,0.0043975901789963245
YMR058W,YIL122W,9.384300625470132e-08
YMR058W,YCL029C,1.0426965957321954e-09
YMR058W,YNL173C,2.4554796596021333e-07
YMR058W,YLR452C,5.676506140139814e-11
YMR058W,YDL160C,8.679228863384125e-11
YMR058W,YLR229C,1.3150545756512866e-11
YMR058W,YML057W,3.4210621002728203e-09
YMR058W,YER149C,0.00017909079906530678
YMR058W,YMR305C,3.1450574783375984e-11
YMR058W,YLR433C,7.703804816294735e-10
YMR058W,YJL073W,9.90133742682052e-14
YMR058W,YGR279C,3.373400219295515e-19
YMR058W,YKL190W,1.4828811512046514e-09
YMR058W,YGL089C,3.433797328708957e-20
YMR058W,YJL019W,2.4335142370546237e-05
YMR058W,YJL018W,0.04056747630238533
YMR058W,YNR032C-A,0.030408335849642754
YMR058W,YGL178W,4.504397850269015e-07
YMR058W,YKL116C,0.0032789441756904125
YMR058W,YDL214C,0.0005598616553470492
YMR058W,YLR362W,1.5001491160404612e-09
YMR058W,YER068W,0.0002425006532575935
YMR058W,YHR084W,1.0556242455445337e-19
YMR058W,YDR392W,9.781122092822336e-12
YMR058W,YNL053W,0.048994649201631546
YMR058W,YGR040W,1.0510449177658643e-09
YMR058W,YDL216C,2.3281418459752956e-10
YMR058W,YOL117W,1.451877817970626e-08
YMR058W,YJR086W,1.6082950249352024e-10
YMR058W,YMR025W,8.702431841811631e-08
YMR058W,YBR081C,6.367123205563985e-06
YMR058W,YFL026W,7.064110023493668e-18
YMR058W,YHL007C,1.4932001468626055e-10
YMR058W,YNR044W,4.860552238472593e-11
YMR058W,YNL271C,0.526062548160553
YMR058W,YDR200C,2.1457577034644792e-11
YMR058W,YKL178C,4.626862695061851e-12
YMR058W,YOR212W,3.291762921209301e-19
YMR058W,YOL111C,9.594057104322928e-09
YMR058W,YGL032C,1.3944977984847728e-12
YMR058W,YHR005C,8.690762554053322e-10
YMR058W,YDR103W,2.034528051808593e-06
YMR058W,YJR084W,1.1210631782887504e-06
YMR058W,YCL032W,8.79270089626516e-07
YMR058W,YJL170C,0.9980351328849792
YMR058W,YDR179C,3.2889455014431437e-15
YMR058W,YBR095C,0.00028627077699638903
YMR058W,YLL021W,1.2057738141280083e-09
YMR058W,YDL159W,7.985062056015124e-10
YMR058W,YNL161W,1.4052528671953946e-12
YMR058W,YNL188W,2.8235525896536107e-12
YMR058W,YJL157C,1.423588234545935e-21
YMR058W,YJL034W,7.978442667817831e-13
YMR058W,YLR238W,4.462948413608281e-11
YMR058W,YPR141C,2.4761570374551506e-15
YMR058W,YNL127W,4.4256708520151733e-07
YMR058W,YCL055W,2.6444759271271323e-08
YMR058W,YPR122W,2.6680253492616934e-11
YMR058W,YMR065W,4.07610167840744e-09
YMR058W,YDR356W,4.4062526861226615e-15
YMR058W,YMR052W,1.5904363408481004e-06
YMR058W,YFR008W,9.298250347455905e-07
YMR058W,YLL043W,1.270238914052868e-10
YMR058W,YMR029C,1.5823326975805685e-05
YMR058W,YJR004C,9.076569357224784e-11
YMR058W,YDL223C,3.2314879938599717e-12
YMR058W,YHR158C,2.39145630381854e-11
YMR058W,YGR238C,1.8677445793322325e-14
YMR058W,YIL015W,3.476390716296968e-15
YMR058W,YGL173C,0.0034826844930648804
YMR058W,YDL225W,1.7477040614721773e-07
YMR058W,YLR330W,1.0742722906798008e-06
YMR058W,YBR129C,0.010145307518541813
YMR058W,YKR095W-A,0.2020167112350464
YMR058W,YPR075C,2.7722352191617006e-10
YMR058W,YMR198W,1.1518127424059443e-10
YMR058W,YOR127W,1.7621368897380307e-05
YMR058W,YDR264C,3.064703655783485e-12
YMR058W,YLR110C,3.4472559491405264e-05
YMR058W,YDR379W,7.695367780502504e-12
YMR058W,YDL100C,7.153765648546453e-17
YMR058W,YHR073W,0.00012830624473281205
YMR058W,YJR090C,2.1311903353193884e-09
YMR058W,YOR208W,0.47020697593688965
YMR058W,YBR040W,3.437192587843474e-12
YMR058W,YNL279W,5.247064791547018e-07
YMR058W,YER075C,1.7681606179209552e-09
YMR058W,YCR089W,4.506121342728875e-07
YMR058W,YCR002C,7.766377763118726e-09
YMR058W,YJL108C,0.0003979736356996
YMR058W,YBR200W,2.791302421744691e-15
YMR058W,YIL026C,6.188126589921558e-14
YMR058W,YJR076C,8.859610961531317e-12
YMR058W,YKR031C,1.3394645975495223e-05
YMR058W,YPL192C,0.027662137523293495
YMR058W,YHR107C,1.2461344340408687e-05
YMR058W,YIL037C,6.13498940538193e-08
YMR058W,YPL156C,2.041761217697058e-05
YMR058W,YIL117C,2.809711074913679e-10
YMR058W,YHR066W,1.8019106587486102e-16
YMR058W,YML085C,9.521493780084711e-07
YMR058W,YML047C,0.06187562271952629
YMR058W,YDR312W,3.041358809241501e-08
YMR058W,YFL037W,1.8863095974097632e-08
YMR058W,YDL038C,0.2020167112350464
YMR058W,YDL039C,5.267487292702488e-13
YMR058W,YCL027W,1.753507058310788e-05
YMR058W,YML124C,1.1635558781666194e-13
YMR058W,YGL053W,2.24694907124956e-09
YMR058W,YMR232W,1.2569147429530858e-06
YMR058W,YNL298W,6.429522700141974e-16
YMR058W,YGL099W,4.967853906023834e-10
YMR058W,YBL016W,1.3035322821153272e-11
YMR058W,YAL041W,2.3753479183596937e-09
YMR058W,YDR085C,0.98600834608078
YMR058W,YPL187W,2.507549106667284e-05
YMR058W,YPL256C,2.6670549102547625e-10
YMR058W,YDR461W,1.1690861223979249e-13
YMR058W,YNL145W,4.4268105288552474e-21
YOR132W,YDL165W,1.035683983019453e-09
YOR132W,YGR059W,3.340488183312118e-05
YOR132W,YBR109C,0.0004558572545647621
YOR132W,YJL080C,0.005174810532480478
YOR132W,YCR093W,5.933889406151138e-05
YOR132W,YIL122W,2.0773450160049833e-07
YOR132W,YCL029C,9.251052007774874e-11
YOR132W,YNL173C,1.1854588422011147e-07
YOR132W,YLR452C,2.6818029255082365e-06
YOR132W,YDL160C,0.312878280878067
YOR132W,YLR229C,1.6472000652356655e-06
YOR132W,YML057W,1.5664249064517577e-10
YOR132W,YER149C,5.889634735467553e-07
YOR132W,YMR305C,1.474203327234136e-05
YOR132W,YLR433C,0.000577871105633676
YOR132W,YJL073W,6.310795150716523e-16
YOR132W,YGR279C,6.456162282120204e-06
YOR132W,YKL190W,1.5723091231767405e-11
YOR132W,YGL089C,1.3251661101776335e-08
YOR132W,YJL019W,6.602799973443041e-10
YOR132W,YJL018W,0.000523455033544451
YOR132W,YNR032C-A,0.14039911329746246
YOR132W,YGL178W,0.02193423919379711
YOR132W,YKL116C,7.126968171178305e-08
YOR132W,YDL214C,0.19389429688453674
YOR132W,YLR362W,0.0007247187313623726
YOR132W,YER068W,0.15706941485404968
YOR132W,YHR084W,7.72494175294014e-08
YOR132W,YDR392W,5.530549060495105e-06
YOR132W,YNL053W,5.173525892132602e-07
YOR132W,YGR040W,6.583439358109899e-07
YOR132W,YDL216C,0.7270302176475525
YOR132W,YOL117W,1.5103971406915662e-07
YOR132W,YJR086W,8.74606769230013e-07
YOR132W,YMR025W,5.8289097069064155e-05
YOR132W,YBR081C,0.0009757120278663933
YOR132W,YFL026W,5.439491815195652e-06
YOR132W,YHL007C,0.0009980900213122368
YOR132W,YNR044W,0.0008187430794350803
YOR132W,YNL271C,1.5307978173950687e-06
YOR132W,YDR200C,8.476194857109931e-09
YOR132W,YKL178C,0.7591289281845093
YOR132W,YOR212W,4.013418219983578e-06
YOR132W,YOL111C,2.1968017449580657e-07
YOR132W,YGL032C,2.539003007839824e-09
YOR132W,YHR005C,0.00010574894986348227
YOR132W,YDR103W,3.726374052348547e-05
YOR132W,YJR084W,8.861139212967828e-05
YOR132W,YCL032W,9.897210475173779e-06
YOR132W,YJL170C,3.535191694936657e-08
YOR132W,YDR179C,1.0408623426052047e-13
YOR132W,YBR095C,8.971760223630554e-08
YOR132W,YLL021W,0.0003141805646009743
YOR132W,YDL159W,1.2778790525747041e-10
YOR132W,YNL161W,0.0001797875011106953
YOR132W,YNL188W,3.260304526353508e-10
YOR132W,YJL157C,3.5168448014877285e-12
YOR132W,YJL034W,1.4578459683889378e-07
YOR132W,YLR238W,2.4889505567671222e-08
YOR132W,YPR141C,2.7763218390930433e-09
YOR132W,YNL127W,0.20224842429161072
YOR132W,YCL055W,8.319660932398776e-12
YOR132W,YPR122W,3.731186737354619e-08
YOR132W,YMR065W,5.05190733690597e-08
YOR132W,YDR356W,3.2475634270667797e-07
YOR132W,YMR052W,5.08241946306498e-08
YOR132W,YFR008W,5.854804641103328e-09
YOR132W,YLL043W,0.9996562004089355
YOR132W,YMR029C,1.931312908709515e-06
YOR132W,YJR004C,9.566582593834028e-05
YOR132W,YDL223C,2.6241497153023374e-07
YOR132W,YHR158C,3.2383331927121617e-06
YOR132W,YGR238C,1.2413897820806596e-07
YOR132W,YIL015W,7.064978126436472e-05
YOR132W,YGL173C,5.489345089593201e-10
YOR132W,YDL225W,0.0005471326294355094
YOR132W,YLR330W,5.5285036965058154e-11
YOR132W,YBR129C,9.930130545399152e-06
YOR132W,YKR095W-A,0.2020167112350464
YOR132W,YPR075C,2.6182509493821726e-09
YOR132W,YMR198W,0.9978912472724915
YOR132W,YOR127W,3.912033008646176e-08
YOR132W,YDR264C,0.0026891117449849844
YOR132W,YLR110C,0.0023195846006274223
YOR132W,YDR379W,1.2574538232001942e-05
YOR132W,YDL100C,3.287047578570679e-10
YOR132W,YHR073W,0.007326006423681974
YOR132W,YJR090C,0.12471374869346619
YOR132W,YOR208W,5.093108712550531e-10
YOR132W,YBR040W,0.8008732795715332
YOR132W,YNL279W,0.0001796632568584755
YOR132W,YER075C,5.805373461953423e-07
YOR132W,YCR089W,3.4068474707993346e-09
YOR132W,YCR002C,6.0540569393197075e-05
YOR132W,YJL108C,0.000970055116340518
YOR132W,YBR200W,1.4906140677339863e-07
YOR132W,YIL026C,1.920630836593773e-07
YOR132W,YJR076C,3.350577259811702e-16
YOR132W,YKR031C,1.4461533282883465e-05
YOR132W,YPL192C,1.8809457102975102e-08
YOR132W,YHR107C,4.2124573274016086e-10
YOR132W,YIL037C,0.0010517375776544213
YOR132W,YPL156C,5.5305176829278935e-06
YOR132W,YIL117C,9.987226121666026e-07
YOR132W,YHR066W,2.4091859907218542e-20
YOR132W,YML085C,1.0319554348825477e-05
YOR132W,YML047C,0.00733331311494112
YOR132W,YDR312W,3.887216735165566e-06
YOR132W,YFL037W,2.017967744905036e-06
YOR132W,YDL038C,0.2020167112350464
YOR132W,YDL039C,2.923829255964405e-13
YOR132W,YCL027W,0.000142816046718508
YOR132W,YML124C,0.26413193345069885
YOR132W,YGL053W,1.6764474736804397e-13
YOR132W,YMR232W,0.0009716664208099246
YOR132W,YNL298W,0.2960367798805237
YOR132W,YGL099W,1.390472769070188e-14
YOR132W,YBL016W,1.183111334596143e-12
YOR132W,YAL041W,0.007350835017859936
YOR132W,YDR085C,5.2514726121444255e-05
YOR132W,YPL187W,1.8739093547992525e-06
YOR132W,YPL256C,6.756737774534297e-14
YOR132W,YDR461W,1.320186004960533e-08
YOR132W,YNL145W,6.949441200276851e-08
YDR334W,YDL165W,1.7931304682861082e-05
YDR334W,YGR059W,6.802965135666028e-11
YDR334W,YBR109C,0.016097292304039
YDR334W,YJL080C,0.31292688846588135
YDR334W,YCR093W,0.0005009992164559662
YDR334W,YIL122W,3.196076249878388e-06
YDR334W,YCL029C,1.0291236662851588e-07
YDR334W,YNL173C,4.361009632702917e-05
YDR334W,YLR452C,0.8445864915847778
YDR334W,YDL160C,3.0214747312129475e-05
YDR334W,YLR229C,0.1726931929588318
YDR334W,YML057W,1.51075618681773e-09
YDR334W,YER149C,0.0004917391925118864
YDR334W,YMR305C,3.078099532348651e-17
YDR334W,YLR433C,0.9963384866714478
YDR334W,YJL073W,2.4455301065456903e-12
YDR334W,YGR279C,6.952038802410243e-07
YDR334W,YKL190W,2.4037095158746524e-07
YDR334W,YGL089C,0.0007240280392579734
YDR334W,YJL019W,2.7210124244447798e-05
YDR334W,YJL018W,0.0005175841506570578
YDR334W,YNR032C-A,0.08533473312854767
YDR334W,YGL178W,0.25036364793777466
YDR334W,YKL116C,8.339893775577423e-10
YDR334W,YDL214C,0.01250363327562809
YDR334W,YLR362W,0.006568483076989651
YDR334W,YER068W,0.00019922149658668786
YDR334W,YHR084W,1.2405819427296905e-10
YDR334W,YDR392W,3.5890953850114084e-16
YDR334W,YNL053W,2.967107115559031e-11
YDR334W,YGR040W,0.00026163345319218934
YDR334W,YDL216C,9.75016547499763e-08
YDR334W,YOL117W,0.00048016381333582103
YDR334W,YJR086W,9.984012285713106e-05
YDR334W,YMR025W,8.52540722462436e-08
YDR334W,YBR081C,0.0922376960515976
YDR334W,YFL026W,1.1818854090961395e-06
YDR334W,YHL007C,0.010706507600843906
YDR334W,YNR044W,2.155244160917391e-08
YDR334W,YNL271C,1.2952153838341474e-06
YDR334W,YDR200C,1.4556163705492509e-06
YDR334W,YKL178C,0.004261930473148823
YDR334W,YOR212W,0.001103011891245842
YDR334W,YOL111C,6.266894989059857e-12
YDR334W,YGL032C,1.5739833048034058e-11
YDR334W,YHR005C,8.413428531639511e-08
YDR334W,YDR103W,1.9262076378367965e-09
YDR334W,YJR084W,1.4330638726470918e-13
YDR334W,YCL032W,1.4665453740292378e-08
YDR334W,YJL170C,0.02184337191283703
YDR334W,YDR179C,9.280539661413179e-13
YDR334W,YBR095C,1.0662360949709182e-07
YDR334W,YLL021W,1.046535018645045e-07
YDR334W,YDL159W,3.218005221561175e-16
YDR334W,YNL161W,1.917820746655252e-08
YDR334W,YNL188W,1.0833765134998785e-10
YDR334W,YJL157C,5.928275231825708e-12
YDR334W,YJL034W,1.871558879429358e-06
YDR334W,YLR238W,0.019961649551987648
YDR334W,YPR141C,0.36003321409225464
YDR334W,YNL127W,0.00047573348274454474
YDR334W,YCL055W,2.564315133932876e-13
YDR334W,YPR122W,8.273011189885437e-05
YDR334W,YMR065W,0.05072607100009918
YDR334W,YDR356W,0.21678942441940308
YDR334W,YMR052W,0.008014105260372162
YDR334W,YFR008W,7.521289369094575e-09
YDR334W,YLL043W,5.919527534814506e-09
YDR334W,YMR029C,0.0001046780453179963
YDR334W,YJR004C,0.00039812634349800646
YDR334W,YDL223C,1.2421060707756837e-11
YDR334W,YHR158C,0.00110225984826684
YDR334W,YGR238C,1.2825300717278498e-11
YDR334W,YIL015W,1.0513922631821826e-12
YDR334W,YGL173C,0.014531959779560566
YDR334W,YDL225W,3.12567429716637e-08
YDR334W,YLR330W,3.3869500537520025e-09
YDR334W,YBR129C,2.682419335542363e-07
YDR334W,YKR095W-A,0.2020167112350464
YDR334W,YPR075C,5.149601989273833e-08
YDR334W,YMR198W,4.4542431965055584e-07
YDR334W,YOR127W,3.056019011182798e-07
YDR334W,YDR264C,0.00028112775180488825
YDR334W,YLR110C,6.167215627073119e-09
YDR334W,YDR379W,0.03663496673107147
YDR334W,YDL100C,3.902750904671848e-06
YDR334W,YHR073W,0.002243736758828163
YDR334W,YJR090C,0.019702401012182236
YDR334W,YOR208W,8.902607817606878e-11
YDR334W,YBR040W,2.5661222480266588e-08
YDR334W,YNL279W,9.822187507779745e-10
YDR334W,YER075C,7.464049933680883e-10
YDR334W,YCR089W,6.5490486297892225e-12
YDR334W,YCR002C,5.149170334561859e-08
YDR334W,YJL108C,0.00023815719760023057
YDR334W,YBR200W,2.4463784331629768e-09
YDR334W,YIL026C,5.3627550187229645e-06
YDR334W,YJR076C,2.255992654909278e-07
YDR334W,YKR031C,6.544796926633012e-10
YDR334W,YPL192C,6.545673780777861e-09
YDR334W,YHR107C,1.1680531541991002e-11
YDR334W,YIL037C,2.0218963982188143e-05
YDR334W,YPL156C,1.1040710446580393e-12
YDR334W,YIL117C,1.6116642598262843e-07
YDR334W,YHR066W,2.864339108171114e-15
YDR334W,YML085C,1.5575831469050172e-07
YDR334W,YML047C,0.0007330194348469377
YDR334W,YDR312W,4.3637443376647045e-13
YDR334W,YFL037W,7.371443189185811e-08
YDR334W,YDL038C,0.2020167112350464
YDR334W,YDL039C,1.3091846495782988e-09
YDR334W,YCL027W,0.00039231733535416424
YDR334W,YML124C,2.4197704988182522e-05
YDR334W,YGL053W,2.592183356853184e-09
YDR334W,YMR232W,0.8917831182479858
YDR334W,YNL298W,9.22018514870615e-08
YDR334W,YGL099W,2.6603506723954506e-12
YDR334W,YBL016W,1.4313413676213791e-15
YDR334W,YAL041W,0.04695713892579079
YDR334W,YDR085C,5.440815353807693e-09
YDR334W,YPL187W,0.0002734678564593196
YDR334W,YPL256C,4.3230238833125156e-11
YDR334W,YDR461W,3.266750638886151e-07
YDR334W,YNL145W,2.76244680463833e-08
YFR045W,YDL165W,0.00023343434440903366
YFR045W,YGR059W,6.846229894108546e-08
YFR045W,YBR109C,0.971086323261261
YFR045W,YJL080C,8.540706630810746e-08
YFR045W,YCR093W,0.15516546368598938
YFR045W,YIL122W,0.0003054817207157612
YFR045W,YCL029C,1.433235312115616e-14
YFR045W,YNL173C,0.0005464847781695426
YFR045W,YLR452C,0.002075902884826064
YFR045W,YDL160C,0.0013242188142612576
YFR045W,YLR229C,3.969162207795307e-05
YFR045W,YML057W,1.9877489931818815e-10
YFR045W,YER149C,1.5276026488209027e-06
YFR045W,YMR305C,0.00013504207890946418
YFR045W,YLR433C,2.447990941900624e-11
YFR045W,YJL073W,9.121781090470904e-07
YFR045W,YGR279C,2.77107381485564e-09
YFR045W,YKL190W,4.866002267789327e-09
YFR045W,YGL089C,0.0008269022800959647
YFR045W,YJL019W,1.1838964297794519e-07
YFR045W,YJL018W,0.0034613797906786203
YFR045W,YNR032C-A,0.00015887674817349762
YFR045W,YGL178W,0.0004882228095084429
YFR045W,YKL116C,4.560556135402294e-06
YFR045W,YDL214C,7.277844269992784e-05
YFR045W,YLR362W,6.720206147292629e-05
YFR045W,YER068W,8.39329572954739e-07
YFR045W,YHR084W,4.6016786030538687e-14
YFR045W,YDR392W,5.051973494119011e-05
YFR045W,YNL053W,7.351922704401659e-06
YFR045W,YGR040W,7.673207136349447e-08
YFR045W,YDL216C,1.0126585436864843e-07
YFR045W,YOL117W,9.133880780609616e-07
YFR045W,YJR086W,0.00024142653273884207
YFR045W,YMR025W,5.4787122394373e-08
YFR045W,YBR081C,6.337889146834641e-08
YFR045W,YFL026W,0.001207514083944261
YFR045W,YHL007C,3.3597562232312583e-11
YFR045W,YNR044W,2.0127754396526143e-05
YFR045W,YNL271C,3.891886635187802e-08
YFR045W,YDR200C,6.611566277570091e-06
YFR045W,YKL178C,0.000820191518869251
YFR045W,YOR212W,0.00015995035937521607
YFR045W,YOL111C,5.870344466529787e-06
YFR045W,YGL032C,1.3934503840573598e-05
YFR045W,YHR005C,1.386914482282009e-05
YFR045W,YDR103W,1.0750953833849053e-06
YFR045W,YJR084W,0.00041925322148017585
YFR045W,YCL032W,2.5066501052606327e-07
YFR045W,YJL170C,2.76149137334869e-07
YFR045W,YDR179C,1.2168057672568011e-09
YFR045W,YBR095C,9.15894133868278e-07
YFR045W,YLL021W,3.235628084907738e-11
YFR045W,YDL159W,1.881318530649878e-05
YFR045W,YNL161W,0.0039556738920509815
YFR045W,YNL188W,1.3199959181253718e-10
YFR045W,YJL157C,6.162301804733372e-16
YFR045W,YJL034W,3.003498560971707e-10
YFR045W,YLR238W,2.553549529693555e-05
YFR045W,YPR141C,0.0005324340309016407
YFR045W,YNL127W,0.7033125758171082
YFR045W,YCL055W,5.274170575830794e-07
YFR045W,YPR122W,5.091686006153395e-08
YFR045W,YMR065W,0.0004311653901822865
YFR045W,YDR356W,3.972248305217363e-05
YFR045W,YMR052W,1.9167957532317814e-07
YFR045W,YFR008W,3.8186635483321893e-16
YFR045W,YLL043W,1.2815287719902813e-09
YFR045W,YMR029C,5.1531817007344216e-05
YFR045W,YJR004C,2.989881977555342e-05
YFR045W,YDL223C,8.003541134959241e-14
YFR045W,YHR158C,2.4764129193499684e-05
YFR045W,YGR238C,1.8072430520987837e-06
YFR045W,YIL015W,0.018449947237968445
YFR045W,YGL173C,0.01036028191447258
YFR045W,YDL225W,1.3087218349028262e-06
YFR045W,YLR330W,1.0029188417248758e-11
YFR045W,YBR129C,7.411510694055323e-08
YFR045W,YKR095W-A,0.2020167112350464
YFR045W,YPR075C,1.6084106269076415e-11
YFR045W,YMR198W,1.4010640825290466e-06
YFR045W,YOR127W,2.499219772289507e-05
YFR045W,YDR264C,0.0016605834243819118
YFR045W,YLR110C,0.10432713478803635
YFR045W,YDR379W,3.822841972578317e-05
YFR045W,YDL100C,0.5912771821022034
YFR045W,YHR073W,4.831633123103529e-05
YFR045W,YJR090C,3.923084477719385e-06
YFR045W,YOR208W,5.131503257871373e-07
YFR045W,YBR040W,0.3577282130718231
YFR045W,YNL279W,1.6716940720584716e-08
YFR045W,YER075C,1.5805863284867883e-08
YFR045W,YCR089W,0.06057509779930115
YFR045W,YCR002C,0.00031412934185937047
YFR045W,YJL108C,0.00024024305457714945
YFR045W,YBR200W,7.30699539417401e-05
YFR045W,YIL026C,0.0019773731473833323
YFR045W,YJR076C,0.0069656455889344215
YFR045W,YKR031C,0.005252554547041655
YFR045W,YPL192C,9.777802034705019e-08
YFR045W,YHR107C,7.128708239179105e-05
YFR045W,YIL037C,7.849342509302915e-09
YFR045W,YPL156C,2.5714073217386613e-06
YFR045W,YIL117C,1.0102438636749866e-06
YFR045W,YHR066W,1.5457076260976203e-23
YFR045W,YML085C,0.0029055564664304256
YFR045W,YML047C,9.062419849215075e-06
YFR045W,YDR312W,9.703311288147831e-14
YFR045W,YFL037W,0.0056751444935798645
YFR045W,YDL038C,0.2020167112350464
YFR045W,YDL039C,3.1355684108197446e-12
YFR045W,YCL027W,5.815772308181977e-09
YFR045W,YML124C,6.87910301166994e-07
YFR045W,YGL053W,3.7431698274303926e-06
YFR045W,YMR232W,1.8185451722274593e-07
YFR045W,YNL298W,8.111063465321422e-08
YFR045W,YGL099W,1.0735289576441561e-19
YFR045W,YBL016W,5.453222939877378e-08
YFR045W,YAL041W,1.1339382904873574e-10
YFR045W,YDR085C,3.413475280211742e-09
YFR045W,YPL187W,3.569908528788801e-07
YFR045W,YPL256C,2.1484327135112835e-06
YFR045W,YDR461W,1.0136520414384333e-18
YFR045W,YNL145W,4.952805809921301e-08
YCR037C,YDL165W,7.295270916074514e-05
YCR037C,YGR059W,0.022063123062253
YCR037C,YBR109C,0.005471594166010618
YCR037C,YJL080C,0.0002514491498004645
YCR037C,YCR093W,4.057687874592375e-06
YCR037C,YIL122W,0.00023159498232416809
YCR037C,YCL029C,0.15780436992645264
YCR037C,YNL173C,1.1586400242014072e-12
YCR037C,YLR452C,1.9583900723318948e-08
YCR037C,YDL160C,0.04198453575372696
YCR037C,YLR229C,5.393274591369845e-07
YCR037C,YML057W,1.706097009446239e-06
YCR037C,YER149C,7.53010596099557e-08
YCR037C,YMR305C,1.844885446189437e-05
YCR037C,YLR433C,7.106146426849591e-08
YCR037C,YJL073W,1.861395759750195e-11
YCR037C,YGR279C,0.4047171473503113
YCR037C,YKL190W,1.9868666711886362e-09
YCR037C,YGL089C,1.9682521138960428e-17
YCR037C,YJL019W,1.2743273450355197e-11
YCR037C,YJL018W,0.0034517974127084017
YCR037C,YNR032C-A,0.0006956214783713222
YCR037C,YGL178W,2.7218973627896048e-05
YCR037C,YKL116C,4.5910688445394143e-11
YCR037C,YDL214C,5.0707811283245974e-08
YCR037C,YLR362W,3.1916297160705653e-08
YCR037C,YER068W,8.070075523392006e-07
YCR037C,YHR084W,6.986348211057702e-08
YCR037C,YDR392W,3.5557848150347127e-06
YCR037C,YNL053W,2.129219609514621e-07
YCR037C,YGR040W,8.166135323506296e-09
YCR037C,YDL216C,1.4489778266124631e-09
YCR037C,YOL117W,7.367982224337766e-09
YCR037C,YJR086W,5.2838697861545825e-09
YCR037C,YMR025W,8.613534774326581e-09
YCR037C,YBR081C,7.15562930631887e-15
YCR037C,YFL026W,2.4891058103548858e-09
YCR037C,YHL007C,1.6815082312660046e-12
YCR037C,YNR044W,1.116045311722047e-10
YCR037C,YNL271C,0.003017682582139969
YCR037C,YDR200C,1.5757812832362106e-09
YCR037C,YKL178C,3.041878642306983e-07
YCR037C,YOR212W,3.0464675920827133e-12
YCR037C,YOL111C,2.7972443916723932e-08
YCR037C,YGL032C,6.827972215406319e-12
YCR037C,YHR005C,0.0012509026564657688
YCR037C,YDR103W,0.0001947819400811568
YCR037C,YJR084W,0.0004915587487630546
YCR037C,YCL032W,2.818048905339765e-08
YCR037C,YJL170C,0.9737119078636169
YCR037C,YDR179C,8.656934724626808e-09
YCR037C,YBR095C,6.803422269996418e-10
YCR037C,YLL021W,1.7052358136648849e-10
YCR037C,YDL159W,7.235632584626575e-14
YCR037C,YNL161W,3.490230326974597e-11
YCR037C,YNL188W,1.7726751598730328e-13
YCR037C,YJL157C,6.49785624773358e-06
YCR037C,YJL034W,1.2764345136417887e-10
YCR037C,YLR238W,2.632479208841687e-06
YCR037C,YPR141C,3.1407049947947477e-15
YCR037C,YNL127W,1.4018068927867944e-09
YCR037C,YCL055W,7.343002594861758e-11
YCR037C,YPR122W,0.26057133078575134
YCR037C,YMR065W,5.908856515191019e-09
YCR037C,YDR356W,6.053426915286764e-08
YCR037C,YMR052W,0.002029421040788293
YCR037C,YFR008W,9.385770681547001e-06
YCR037C,YLL043W,3.5076067484568485e-12
YCR037C,YMR029C,7.977909240348968e-13
YCR037C,YJR004C,2.4141877474903595e-07
YCR037C,YDL223C,1.5161222971515897e-13
YCR037C,YHR158C,1.5582442358663684e-07
YCR037C,YGR238C,4.232182618579827e-06
YCR037C,YIL015W,0.005059544928371906
YCR037C,YGL173C,1.0824763194250409e-05
YCR037C,YDL225W,2.0000223699412345e-09
YCR037C,YLR330W,1.1653899036900839e-06
YCR037C,YBR129C,1.1928818393139307e-12
YCR037C,YKR095W-A,0.2020167112350464
YCR037C,YPR075C,2.923022712764123e-08
YCR037C,YMR198W,2.349176634266364e-15
YCR037C,YOR127W,0.00010980208753608167
YCR037C,YDR264C,8.09784151626497e-13
YCR037C,YLR110C,1.1221081572601599e-12
YCR037C,YDR379W,1.361573614272471e-12
YCR037C,YDL100C,7.934276595733536e-07
YCR037C,YHR073W,3.828180794585023e-08
YCR037C,YJR090C,0.0026174569502472878
YCR037C,YOR208W,4.3665841076290235e-06
YCR037C,YBR040W,0.09840085357427597
YCR037C,YNL279W,6.065784680098218e-11
YCR037C,YER075C,2.3502795196139736e-11
YCR037C,YCR089W,4.5688827721157566e-10
YCR037C,YCR002C,0.000294340803520754
YCR037C,YJL108C,1.1114706488513093e-08
YCR037C,YBR200W,0.008631177246570587
YCR037C,YIL026C,5.645268174703233e-06
YCR037C,YJR076C,5.640552558361378e-08
YCR037C,YKR031C,1.6785945966546478e-09
YCR037C,YPL192C,4.460333730094135e-05
YCR037C,YHR107C,0.000609377515502274
YCR037C,YIL037C,4.050478707995353e-07
YCR037C,YPL156C,0.00113411876372993
YCR037C,YIL117C,1.458208771509817e-07
YCR037C,YHR066W,1.9628311030336153e-17
YCR037C,YML085C,2.045054827704007e-07
YCR037C,YML047C,1.7416418784596543e-12
YCR037C,YDR312W,4.619067596537936e-16
YCR037C,YFL037W,3.6755340261152014e-05
YCR037C,YDL038C,0.2020167112350464
YCR037C,YDL039C,7.594943696176415e-08
YCR037C,YCL027W,7.855306449755517e-08
YCR037C,YML124C,3.5136717979611376e-09
YCR037C,YGL053W,2.461243639118038e-05
YCR037C,YMR232W,1.2063293297615019e-07
YCR037C,YNL298W,3.776283730161367e-09
YCR037C,YGL099W,1.4342587989664424e-13
YCR037C,YBL016W,9.563221742281414e-12
YCR037C,YAL041W,1.0056873389618914e-10
YCR037C,YDR085C,9.404960366055093e-08
YCR037C,YPL187W,0.5533406138420105
YCR037C,YPL256C,6.871517399531513e-08
YCR037C,YDR461W,3.245443804189563e-05
YCR037C,YNL145W,1.874611939456372e-06
YGR124W,YDL165W,1.774056363501586e-05
YGR124W,YGR059W,3.068249820881164e-11
YGR124W,YBR109C,9.198786621311683e-09
YGR124W,YJL080C,0.002611483447253704
YGR124W,YCR093W,0.00016837718430906534
YGR124W,YIL122W,0.0011154700769111514
YGR124W,YCL029C,4.12253509107785e-10
YGR124W,YNL173C,0.0004061748622916639
YGR124W,YLR452C,3.670815318379539e-10
YGR124W,YDL160C,4.4747994820681924e-07
YGR124W,YLR229C,3.4618738027347717e-06
YGR124W,YML057W,1.7718663789336765e-14
YGR124W,YER149C,8.94412187335547e-06
YGR124W,YMR305C,1.7219833892134773e-10
YGR124W,YLR433C,4.911353698844323e-06
YGR124W,YJL073W,5.231827799434541e-06
YGR124W,YGR279C,4.56918953627844e-13
YGR124W,YKL190W,9.119008836933062e-08
YGR124W,YGL089C,8.21524445693278e-11
YGR124W,YJL019W,6.969623882469023e-06
YGR124W,YJL018W,0.008727899752557278
YGR124W,YNR032C-A,0.49593818187713623
YGR124W,YGL178W,1.0980710698355045e-12
YGR124W,YKL116C,5.1443879783619195e-05
YGR124W,YDL214C,1.2835071894201633e-10
YGR124W,YLR362W,4.101469528450252e-07
YGR124W,YER068W,5.974634404992685e-05
YGR124W,YHR084W,8.131285644807917e-10
YGR124W,YDR392W,1.6678091014910024e-06
YGR124W,YNL053W,6.9726198148600815e-09
YGR124W,YGR040W,5.564581573302974e-10
YGR124W,YDL216C,5.655291859807399e-11
YGR124W,YOL117W,3.9967286208017483e-13
YGR124W,YJR086W,0.00018087074568029493
YGR124W,YMR025W,3.27275643030589e-07
YGR124W,YBR081C,0.9541380405426025
YGR124W,YFL026W,2.7543232451743282e-12
YGR124W,YHL007C,0.00046695576747879386
YGR124W,YNR044W,3.332160360969283e-07
YGR124W,YNL271C,9.287011380365584e-06
YGR124W,YDR200C,1.2044768482155632e-05
YGR124W,YKL178C,0.006478459574282169
YGR124W,YOR212W,7.271209767623077e-08
YGR124W,YOL111C,3.4610830867976006e-10
YGR124W,YGL032C,2.7850959259628475e-19
YGR124W,YHR005C,1.1494551444002354e-07
YGR124W,YDR103W,2.4778026852523283e-10
YGR124W,YJR084W,6.101799954194576e-07
YGR124W,YCL032W,2.4179966203519143e-05
YGR124W,YJL170C,1.5429400812561056e-10
YGR124W,YDR179C,4.758273755650036e-19
YGR124W,YBR095C,4.164089517644243e-09
YGR124W,YLL021W,0.0262884721159935
YGR124W,YDL159W,4.539351561305693e-09
YGR124W,YNL161W,7.9256460594479e-05
YGR124W,YNL188W,0.008762480691075325
YGR124W,YJL157C,1.6107454712255276e-06
YGR124W,YJL034W,9.584543373239066e-21
YGR124W,YLR238W,0.08216073364019394
YGR124W,YPR141C,8.053255129425452e-08
YGR124W,YNL127W,0.000831524608656764
YGR124W,YCL055W,3.356230224293988e-13
YGR124W,YPR122W,1.8616792658576742e-06
YGR124W,YMR065W,6.202620284057048e-07
YGR124W,YDR356W,8.263360359705985e-05
YGR124W,YMR052W,5.900656852020347e-09
YGR124W,YFR008W,9.678996320872102e-06
YGR124W,YLL043W,0.003089280566200614
YGR124W,YMR029C,0.01960490457713604
YGR124W,YJR004C,1.1856146556965541e-05
YGR124W,YDL223C,7.502968112544263e-19
YGR124W,YHR158C,0.7156205177307129
YGR124W,YGR238C,1.640377256251213e-08
YGR124W,YIL015W,0.035144515335559845
YGR124W,YGL173C,0.10403884202241898
YGR124W,YDL225W,8.123506995616481e-05
YGR124W,YLR330W,6.782792479498312e-05
YGR124W,YBR129C,4.353168936432894e-10
YGR124W,YKR095W-A,0.2020167112350464
YGR124W,YPR075C,1.344579916157107e-11
YGR124W,YMR198W,2.5540392023515324e-10
YGR124W,YOR127W,0.0017532167257741094
YGR124W,YDR264C,2.3220558432512917e-05
YGR124W,YLR110C,2.615893612833986e-10
YGR124W,YDR379W,6.651236228449875e-10
YGR124W,YDL100C,2.8791762810703725e-12
YGR124W,YHR073W,7.079589181557822e-08
YGR124W,YJR090C,1.0312058293493465e-05
YGR124W,YOR208W,2.7627638132798893e-07
YGR124W,YBR040W,1.275912154596881e-06
YGR124W,YNL279W,1.391823047924845e-06
YGR124W,YER075C,0.26654061675071716
YGR124W,YCR089W,1.8638816618593568e-12
YGR124W,YCR002C,3.7776143324563805e-10
YGR124W,YJL108C,0.0012816258240491152
YGR124W,YBR200W,9.346934337628454e-11
YGR124W,YIL026C,0.5887163281440735
YGR124W,YJR076C,0.01188931055366993
YGR124W,YKR031C,0.10308416932821274
YGR124W,YPL192C,4.367164729046635e-05
YGR124W,YHR107C,8.100886184081446e-09
YGR124W,YIL037C,2.1956060288017692e-13
YGR124W,YPL156C,1.4183667261524757e-12
YGR124W,YIL117C,4.426330633577891e-06
YGR124W,YHR066W,5.596561408749423e-12
YGR124W,YML085C,1.4953968729969347e-06
YGR124W,YML047C,1.515785413852555e-11
YGR124W,YDR312W,5.836616310261888e-07
YGR124W,YFL037W,9.401750867255032e-05
YGR124W,YDL038C,0.2020167112350464
YGR124W,YDL039C,6.861907569932768e-11
YGR124W,YCL027W,1.4706270923259268e-11
YGR124W,YML124C,0.00020886835409328341
YGR124W,YGL053W,1.2239352326776087e-13
YGR124W,YMR232W,1.5725992556780977e-12
YGR124W,YNL298W,0.06435355544090271
YGR124W,YGL099W,4.231328532000589e-08
YGR124W,YBL016W,1.4570822770565428e-08
YGR124W,YAL041W,7.207221486282833e-09
YGR124W,YDR085C,8.107218150144035e-07
YGR124W,YPL187W,2.0561842006827646e-07
YGR124W,YPL256C,1.456306449654221e-06
YGR124W,YDR461W,2.445032176533581e-15
YGR124W,YNL145W,3.546404142573678e-11
YGL257C,YDL165W,3.7302529953819885e-09
YGL257C,YGR059W,0.009930594824254513
YGL257C,YBR109C,0.02174076810479164
YGL257C,YJL080C,7.594695148327446e-07
YGL257C,YCR093W,2.446501525810163e-07
YGL257C,YIL122W,3.188538855170009e-08
YGL257C,YCL029C,1.9935477713062255e-09
YGL257C,YNL173C,6.773610039090272e-06
YGL257C,YLR452C,0.003529403591528535
YGL257C,YDL160C,0.9180029630661011
YGL257C,YLR229C,0.0019411554094403982
YGL257C,YML057W,4.485582086193355e-18
YGL257C,YER149C,2.7149214929522714e-06
YGL257C,YMR305C,2.7701541061020407e-09
YGL257C,YLR433C,1.3559106264438014e-06
YGL257C,YJL073W,1.8178587524175782e-09
YGL257C,YGR279C,3.710792784161754e-10
YGL257C,YKL190W,6.916636013931665e-11
YGL257C,YGL089C,0.0012522836914286017
YGL257C,YJL019W,8.903797144022008e-11
YGL257C,YJL018W,0.18016417324543
YGL257C,YNR032C-A,0.8505114316940308
YGL257C,YGL178W,0.29648369550704956
YGL257C,YKL116C,0.0004946732660755515
YGL257C,YDL214C,0.028970466926693916
YGL257C,YLR362W,1.8039352198684355e-06
YGL257C,YER068W,4.5144827254262054e-07
YGL257C,YHR084W,0.011509212665259838
YGL257C,YDR392W,0.0005377097986638546
YGL257C,YNL053W,3.7480745049833786e-06
YGL257C,YGR040W,0.02392202988266945
YGL257C,YDL216C,0.00018749700393527746
YGL257C,YOL117W,2.6934153692093066e-12
YGL257C,YJR086W,1.8053016219710116e-06
YGL257C,YMR025W,6.788256996514974e-06
YGL257C,YBR081C,0.9579669237136841
YGL257C,YFL026W,7.714397361269221e-05
YGL257C,YHL007C,2.4879525426513283e-06
YGL257C,YNR044W,1.4945913395791877e-09
YGL257C,YNL271C,0.00032906109117902815
YGL257C,YDR200C,0.00012718509242404252
YGL257C,YKL178C,4.5950899220770225e-05
YGL257C,YOR212W,0.00014155219832900912
YGL257C,YOL111C,3.546437796209112e-11
YGL257C,YGL032C,4.3516995562598026e-10
YGL257C,YHR005C,0.07510994374752045
YGL257C,YDR103W,0.04844970628619194
YGL257C,YJR084W,0.00362769584171474
YGL257C,YCL032W,0.00022486038506031036
YGL257C,YJL170C,0.00888941902667284
YGL257C,YDR179C,1.932219856826123e-05
YGL257C,YBR095C,0.003873094217851758
YGL257C,YLL021W,5.663575939252041e-05
YGL257C,YDL159W,3.185639130265372e-08
YGL257C,YNL161W,2.751806277956348e-06
YGL257C,YNL188W,6.420106668514336e-10
YGL257C,YJL157C,1.2383272007809865e-07
YGL257C,YJL034W,1.1044348758020711e-13
YGL257C,YLR238W,1.3060814126220066e-05
YGL257C,YPR141C,0.17356692254543304
YGL257C,YNL127W,8.827420970192179e-05
YGL257C,YCL055W,9.5662813691888e-05
YGL257C,YPR122W,0.00013089479762129486
YGL257C,YMR065W,0.14813673496246338
YGL257C,YDR356W,4.915054887533188e-06
YGL257C,YMR052W,0.4971311092376709
YGL257C,YFR008W,0.672592043876648
YGL257C,YLL043W,4.172053013462573e-05
YGL257C,YMR029C,3.0024732700084655e-10
YGL257C,YJR004C,2.1568753456446127e-13
YGL257C,YDL223C,7.067891411027816e-12
YGL257C,YHR158C,2.7796598356388813e-09
YGL257C,YGR238C,0.0057480414398014545
YGL257C,YIL015W,0.0010689313057810068
YGL257C,YGL173C,0.10776976495981216
YGL257C,YDL225W,2.694693250759883e-07
YGL257C,YLR330W,1.5347261222292685e-12
YGL257C,YBR129C,0.001941014896146953
YGL257C,YKR095W-A,0.2020167112350464
YGL257C,YPR075C,9.048358590169059e-11
YGL257C,YMR198W,0.000372578389942646
YGL257C,YOR127W,2.4257291443063878e-05
YGL257C,YDR264C,0.23631563782691956
YGL257C,YLR110C,0.0001289244828512892
YGL257C,YDR379W,0.014559675939381123
YGL257C,YDL100C,0.00010705352178774774
YGL257C,YHR073W,0.00020099669927731156
YGL257C,YJR090C,3.89016466609271e-12
YGL257C,YOR208W,9.818529322913605e-11
YGL257C,YBR040W,0.009645333513617516
YGL257C,YNL279W,0.0002228897501481697
YGL257C,YER075C,5.109747069909076e-10
YGL257C,YCR089W,5.7342987247466226e-08
YGL257C,YCR002C,0.3556523323059082
YGL257C,YJL108C,2.9865268516005017e-06
YGL257C,YBR200W,5.551147388982436e-11
YGL257C,YIL026C,0.441328227519989
YGL257C,YJR076C,2.6821333449333906e-05
YGL257C,YKR031C,3.6667188396677375e-05
YGL257C,YPL192C,0.0017552926437929273
YGL257C,YHR107C,0.0009626017417758703
YGL257C,YIL037C,4.669406639123963e-09
YGL257C,YPL156C,5.646545469062403e-05
YGL257C,YIL117C,0.03785644844174385
YGL257C,YHR066W,3.0377725346048684e-14
YGL257C,YML085C,2.0566452008097258e-07
YGL257C,YML047C,0.002149234525859356
YGL257C,YDR312W,1.4424764493981002e-08
YGL257C,YFL037W,0.021976403892040253
YGL257C,YDL038C,0.2020167112350464
YGL257C,YDL039C,5.313794358406359e-17
YGL257C,YCL027W,0.000301979947835207
YGL257C,YML124C,6.597782657991047e-07
YGL257C,YGL053W,0.00029272297979332507
YGL257C,YMR232W,4.570476448861882e-05
YGL257C,YNL298W,4.831471869692905e-06
YGL257C,YGL099W,3.892623376411386e-11
YGL257C,YBL016W,4.062779680680251e-06
YGL257C,YAL041W,3.7490897284442326e-06
YGL257C,YDR085C,0.031061261892318726
YGL257C,YPL187W,3.9087168261175975e-05
YGL257C,YPL256C,8.226018053392181e-07
YGL257C,YDR461W,0.005593159236013889
YGL257C,YNL145W,2.209907688666135e-05
YNL133C,YDL165W,0.8183197975158691
YNL133C,YGR059W,6.2601543504570145e-06
YNL133C,YBR109C,0.0017508392920717597
YNL133C,YJL080C,2.1704929588123485e-14
YNL133C,YCR093W,0.004282454028725624
YNL133C,YIL122W,0.001232741866260767
YNL133C,YCL029C,8.211402047209049e-08
YNL133C,YNL173C,4.00862809328828e-05
YNL133C,YLR452C,1.9522476080169326e-08
YNL133C,YDL160C,0.0006175984744913876
YNL133C,YLR229C,0.0023874773178249598
YNL133C,YML057W,0.00043388368794694543
YNL133C,YER149C,0.7308573126792908
YNL133C,YMR305C,2.1391621113364678e-11
YNL133C,YLR433C,3.320371888548834e-08
YNL133C,YJL073W,0.0006008555646985769
YNL133C,YGR279C,2.713280717724781e-13
YNL133C,YKL190W,8.07327960501425e-05
YNL133C,YGL089C,1.8519099285185803e-06
YNL133C,YJL019W,0.03689428046345711
YNL133C,YJL018W,0.03049371764063835
YNL133C,YNR032C-A,0.9504233002662659
YNL133C,YGL178W,3.6638039091485552e-06
YNL133C,YKL116C,1.7582857392284268e-10
YNL133C,YDL214C,9.191903131977597e-07
YNL133C,YLR362W,0.000976977520622313
YNL133C,YER068W,0.02385728433728218
YNL133C,YHR084W,2.4371149542901094e-09
YNL133C,YDR392W,3.6625320376515447e-07
YNL133C,YNL053W,1.5334980218995042e-07
YNL133C,YGR040W,0.021288251504302025
YNL133C,YDL216C,0.012720199301838875
YNL133C,YOL117W,7.15760523767317e-12
YNL133C,YJR086W,1.8375033050688216e-08
YNL133C,YMR025W,2.7809583116322756e-06
YNL133C,YBR081C,0.9460481405258179
YNL133C,YFL026W,1.1717942172140283e-09
YNL133C,YHL007C,0.9611490368843079
YNL133C,YNR044W,1.9631215764093213e-07
YNL133C,YNL271C,0.0008566766045987606
YNL133C,YDR200C,1.3056543402001353e-08
YNL133C,YKL178C,0.49212583899497986
YNL133C,YOR212W,0.06025966256856918
YNL133C,YOL111C,6.043825884205489e-09
YNL133C,YGL032C,5.6788096003401733e-08
YNL133C,YHR005C,6.30312497378327e-05
YNL133C,YDR103W,0.003945912700146437
YNL133C,YJR084W,7.810933766450034e-08
YNL133C,YCL032W,1.2292512110434473e-06
YNL133C,YJL170C,1.3338685675989836e-05
YNL133C,YDR179C,2.749975540252553e-13
YNL133C,YBR095C,0.00040197334601543844
YNL133C,YLL021W,1.571639884900833e-08
YNL133C,YDL159W,3.1773253732908513e-12
YNL133C,YNL161W,0.08732343465089798
YNL133C,YNL188W,1.3998940175952157e-06
YNL133C,YJL157C,2.985783709164025e-08
YNL133C,YJL034W,7.470309561873797e-23
YNL133C,YLR238W,0.00410153204575181
YNL133C,YPR141C,0.9993509650230408
YNL133C,YNL127W,7.846145308576524e-05
YNL133C,YCL055W,2.1308490527616186e-09
YNL133C,YPR122W,1.097487465490099e-11
YNL133C,YMR065W,0.06455335766077042
YNL133C,YDR356W,5.586623046838213e-06
YNL133C,YMR052W,0.4004455804824829
YNL133C,YFR008W,6.614139777864035e-15
YNL133C,YLL043W,0.02452634461224079
YNL133C,YMR029C,0.0017406969564035535
YNL133C,YJR004C,1.2839913160478389e-11
YNL133C,YDL223C,8.085183078598845e-10
YNL133C,YHR158C,0.00032800398184917867
YNL133C,YGR238C,2.8369284699181208e-09
YNL133C,YIL015W,0.14319363236427307
YNL133C,YGL173C,0.005327894818037748
YNL133C,YDL225W,4.921650429423607e-07
YNL133C,YLR330W,4.4883750049962146e-09
YNL133C,YBR129C,4.789621144141165e-09
YNL133C,YKR095W-A,0.2020167112350464
YNL133C,YPR075C,0.003843175247311592
YNL133C,YMR198W,0.48436853289604187
YNL133C,YOR127W,0.0009457101114094257
YNL133C,YDR264C,2.062687576298572e-09
YNL133C,YLR110C,1.8479108868096894e-11
YNL133C,YDR379W,3.851916335406713e-05
YNL133C,YDL100C,1.7289052411939565e-09
YNL133C,YHR073W,7.189403561369545e-08
YNL133C,YJR090C,0.0010927317198365927
YNL133C,YOR208W,0.00011096370144514367
YNL133C,YBR040W,0.03070659004151821
YNL133C,YNL279W,0.0007552689057774842
YNL133C,YER075C,0.02953583188354969
YNL133C,YCR089W,0.0011624984908849
YNL133C,YCR002C,0.9984554052352905
YNL133C,YJL108C,4.684545196198542e-09
YNL133C,YBR200W,2.0942994524375536e-05
YNL133C,YIL026C,0.4207870066165924
YNL133C,YJR076C,0.5869655609130859
YNL133C,YKR031C,1.1889045481439098e-06
YNL133C,YPL192C,0.004892031196504831
YNL133C,YHR107C,6.069751472270735e-12
YNL133C,YIL037C,1.0486980173141092e-09
YNL133C,YPL156C,7.821086001058575e-08
YNL133C,YIL117C,0.05115688219666481
YNL133C,YHR066W,1.0054047872021243e-11
YNL133C,YML085C,8.376004967738937e-13
YNL133C,YML047C,0.0017233167309314013
YNL133C,YDR312W,0.005225600674748421
YNL133C,YFL037W,2.428504657908518e-15
YNL133C,YDL038C,0.2020167112350464
YNL133C,YDL039C,5.875356158961177e-16
YNL133C,YCL027W,1.5137938135012519e-05
YNL133C,YML124C,6.934287033466546e-10
YNL133C,YGL053W,4.94169007936307e-08
YNL133C,YMR232W,8.527045172387893e-13
YNL133C,YNL298W,0.10081277042627335
YNL133C,YGL099W,9.079135776524083e-10
YNL133C,YBL016W,2.3420438992616255e-06
YNL133C,YAL041W,0.1333032101392746
YNL133C,YDR085C,5.98710266785929e-06
YNL133C,YPL187W,1.7619997683127053e-09
YNL133C,YPL256C,7.493763387600438e-10
YNL133C,YDR461W,5.711198115994354e-13
YNL133C,YNL145W,0.00044413391151465476
YGR133W,YDL165W,0.9448478817939758
YGR133W,YGR059W,3.7570790120504405e-13
YGR133W,YBR109C,6.564054638147354e-05
YGR133W,YJL080C,2.159325873662965e-08
YGR133W,YCR093W,5.0948987251331346e-09
YGR133W,YIL122W,2.1160186491897548e-08
YGR133W,YCL029C,2.80449398815108e-06
YGR133W,YNL173C,0.5098735094070435
YGR133W,YLR452C,0.0005485361907631159
YGR133W,YDL160C,2.028209718230034e-11
YGR133W,YLR229C,9.955823043128476e-05
YGR133W,YML057W,6.498885631034401e-13
YGR133W,YER149C,0.006134006194770336
YGR133W,YMR305C,1.3790079917818526e-13
YGR133W,YLR433C,0.010896174237132072
YGR133W,YJL073W,1.6730289376098995e-10
YGR133W,YGR279C,6.326587864702304e-11
YGR133W,YKL190W,2.3795787562619353e-09
YGR133W,YGL089C,8.455578063149005e-05
YGR133W,YJL019W,6.236961613836911e-09
YGR133W,YJL018W,0.0006421794532798231
YGR133W,YNR032C-A,0.027292022481560707
YGR133W,YGL178W,5.906914957165554e-10
YGR133W,YKL116C,1.3384947372685474e-08
YGR133W,YDL214C,0.00010399801249150187
YGR133W,YLR362W,2.6079352011265655e-08
YGR133W,YER068W,0.008561782538890839
YGR133W,YHR084W,1.4840533246740506e-08
YGR133W,YDR392W,1.8980559346459813e-09
YGR133W,YNL053W,0.00018726634152699262
YGR133W,YGR040W,2.1759855028946617e-10
YGR133W,YDL216C,1.1536030797287822e-07
YGR133W,YOL117W,9.067503583537473e-07
YGR133W,YJR086W,3.510835347493011e-18
YGR133W,YMR025W,0.00028266452136449516
YGR133W,YBR081C,9.865714218904031e-07
YGR133W,YFL026W,1.1288798305031378e-05
YGR133W,YHL007C,6.052003787004878e-09
YGR133W,YNR044W,5.9216084480340214e-08
YGR133W,YNL271C,0.0004935550969094038
YGR133W,YDR200C,0.006162338890135288
YGR133W,YKL178C,1.1693465467033093e-06
YGR133W,YOR212W,0.005415548570454121
YGR133W,YOL111C,6.573634414586138e-10
YGR133W,YGL032C,2.281943394078054e-15
YGR133W,YHR005C,0.5311792492866516
YGR133W,YDR103W,1.6957390471361578e-05
YGR133W,YJR084W,4.525060433024919e-07
YGR133W,YCL032W,1.6152772275290772e-07
YGR133W,YJL170C,3.2695188565412536e-05
YGR133W,YDR179C,2.2170364502582807e-11
YGR133W,YBR095C,1.4350921492822799e-11
YGR133W,YLL021W,1.2392990633713907e-08
YGR133W,YDL159W,9.034374670591205e-06
YGR133W,YNL161W,1.6270255400741007e-06
YGR133W,YNL188W,1.6483597846672637e-06
YGR133W,YJL157C,1.322703773766476e-12
YGR133W,YJL034W,1.5645181609264658e-16
YGR133W,YLR238W,8.132121413978802e-14
YGR133W,YPR141C,1.0007440323533956e-05
YGR133W,YNL127W,8.068621468737547e-07
YGR133W,YCL055W,4.862831204377471e-08
YGR133W,YPR122W,8.38198607744367e-12
YGR133W,YMR065W,0.7960779070854187
YGR133W,YDR356W,6.83577809468261e-06
YGR133W,YMR052W,0.0009737116633914411
YGR133W,YFR008W,4.035993067530441e-11
YGR133W,YLL043W,5.136582714726501e-09
YGR133W,YMR029C,6.06703742800363e-10
YGR133W,YJR004C,0.7187930941581726
YGR133W,YDL223C,3.109770477749407e-05
YGR133W,YHR158C,7.930155732083222e-08
YGR133W,YGR238C,1.8365431841971258e-08
YGR133W,YIL015W,0.05202721804380417
YGR133W,YGL173C,2.2206186258699745e-05
YGR133W,YDL225W,0.9460299015045166
YGR133W,YLR330W,1.796237186768579e-10
YGR133W,YBR129C,1.5062359137729686e-09
YGR133W,YKR095W-A,0.2020167112350464
YGR133W,YPR075C,3.305439033596258e-09
YGR133W,YMR198W,0.0024124346673488617
YGR133W,YOR127W,0.33194035291671753
YGR133W,YDR264C,8.224001035728179e-09
YGR133W,YLR110C,1.4385027613528223e-09
YGR133W,YDR379W,0.0006400240818038583
YGR133W,YDL100C,5.057554310246293e-13
YGR133W,YHR073W,7.49004802624853e-10
YGR133W,YJR090C,1.4290967556007672e-06
YGR133W,YOR208W,0.000497801520396024
YGR133W,YBR040W,0.994873583316803
YGR133W,YNL279W,0.0259886234998703
YGR133W,YER075C,1.1983894182776567e-05
YGR133W,YCR089W,0.057895053178071976
YGR133W,YCR002C,3.313488505796158e-08
YGR133W,YJL108C,0.004697991069406271
YGR133W,YBR200W,6.085621606644054e-08
YGR133W,YIL026C,1.2178544466223684e-06
YGR133W,YJR076C,1.5436599554163877e-08
YGR133W,YKR031C,1.3471253001995365e-09
YGR133W,YPL192C,4.024675490654772e-06
YGR133W,YHR107C,7.05896491126623e-06
YGR133W,YIL037C,1.3120269315436417e-09
YGR133W,YPL156C,0.6774032711982727
YGR133W,YIL117C,1.790120829348041e-11
YGR133W,YHR066W,2.674819370663121e-17
YGR133W,YML085C,1.9043087604586617e-06
YGR133W,YML047C,2.2406329662771896e-06
YGR133W,YDR312W,1.5143785276450217e-05
YGR133W,YFL037W,7.011290108493995e-07
YGR133W,YDL038C,0.2020167112350464
YGR133W,YDL039C,6.295245764563126e-14
YGR133W,YCL027W,5.1764836825896055e-05
YGR133W,YML124C,1.455952199080901e-11
YGR133W,YGL053W,1.2466208545447444e-06
YGR133W,YMR232W,1.1467922433894273e-07
YGR133W,YNL298W,8.885957504389808e-05
YGR133W,YGL099W,1.9139663812173247e-11
YGR133W,YBL016W,5.193780089030042e-05
YGR133W,YAL041W,5.47539624751181e-10
YGR133W,YDR085C,6.245884833333548e-06
YGR133W,YPL187W,7.507721420552116e-06
YGR133W,YPL256C,3.980256587965414e-05
YGR133W,YDR461W,2.8679219212790485e-06
YGR133W,YNL145W,3.672814222893672e-12
tI(UAU)L,YDL165W,0.2020167112350464
tI(UAU)L,YGR059W,0.2020167112350464
tI(UAU)L,YBR109C,0.2020167112350464
tI(UAU)L,YJL080C,0.2020167112350464
tI(UAU)L,YCR093W,0.2020167112350464
tI(UAU)L,YIL122W,0.2020167112350464
tI(UAU)L,YCL029C,0.2020167112350464
tI(UAU)L,YNL173C,0.2020167112350464
tI(UAU)L,YLR452C,0.2020167112350464
tI(UAU)L,YDL160C,0.2020167112350464
tI(UAU)L,YLR229C,0.2020167112350464
tI(UAU)L,YML057W,0.2020167112350464
tI(UAU)L,YER149C,0.2020167112350464
tI(UAU)L,YMR305C,0.2020167112350464
tI(UAU)L,YLR433C,0.2020167112350464
tI(UAU)L,YJL073W,0.2020167112350464
tI(UAU)L,YGR279C,0.2020167112350464
tI(UAU)L,YKL190W,0.2020167112350464
tI(UAU)L,YGL089C,0.2020167112350464
tI(UAU)L,YJL019W,0.2020167112350464
tI(UAU)L,YJL018W,0.2020167112350464
tI(UAU)L,YNR032C-A,0.2020167112350464
tI(UAU)L,YGL178W,0.2020167112350464
tI(UAU)L,YKL116C,0.2020167112350464
tI(UAU)L,YDL214C,0.2020167112350464
tI(UAU)L,YLR362W,0.2020167112350464
tI(UAU)L,YER068W,0.2020167112350464
tI(UAU)L,YHR084W,0.2020167112350464
tI(UAU)L,YDR392W,0.2020167112350464
tI(UAU)L,YNL053W,0.2020167112350464
tI(UAU)L,YGR040W,0.2020167112350464
tI(UAU)L,YDL216C,0.2020167112350464
tI(UAU)L,YOL117W,0.2020167112350464
tI(UAU)L,YJR086W,0.2020167112350464
tI(UAU)L,YMR025W,0.2020167112350464
tI(UAU)L,YBR081C,0.2020167112350464
tI(UAU)L,YFL026W,0.2020167112350464
tI(UAU)L,YHL007C,0.2020167112350464
tI(UAU)L,YNR044W,0.2020167112350464
tI(UAU)L,YNL271C,0.2020167112350464
tI(UAU)L,YDR200C,0.2020167112350464
tI(UAU)L,YKL178C,0.2020167112350464
tI(UAU)L,YOR212W,0.2020167112350464
tI(UAU)L,YOL111C,0.2020167112350464
tI(UAU)L,YGL032C,0.2020167112350464
tI(UAU)L,YHR005C,0.2020167112350464
tI(UAU)L,YDR103W,0.2020167112350464
tI(UAU)L,YJR084W,0.2020167112350464
tI(UAU)L,YCL032W,0.2020167112350464
tI(UAU)L,YJL170C,0.2020167112350464
tI(UAU)L,YDR179C,0.2020167112350464
tI(UAU)L,YBR095C,0.2020167112350464
tI(UAU)L,YLL021W,0.2020167112350464
tI(UAU)L,YDL159W,0.2020167112350464
tI(UAU)L,YNL161W,0.2020167112350464
tI(UAU)L,YNL188W,0.2020167112350464
tI(UAU)L,YJL157C,0.2020167112350464
tI(UAU)L,YJL034W,0.2020167112350464
tI(UAU)L,YLR238W,0.2020167112350464
tI(UAU)L,YPR141C,0.2020167112350464
tI(UAU)L,YNL127W,0.2020167112350464
tI(UAU)L,YCL055W,0.2020167112350464
tI(UAU)L,YPR122W,0.2020167112350464
tI(UAU)L,YMR065W,0.2020167112350464
tI(UAU)L,YDR356W,0.2020167112350464
tI(UAU)L,YMR052W,0.2020167112350464
tI(UAU)L,YFR008W,0.2020167112350464
tI(UAU)L,YLL043W,0.2020167112350464
tI(UAU)L,YMR029C,0.2020167112350464
tI(UAU)L,YJR004C,0.2020167112350464
tI(UAU)L,YDL223C,0.2020167112350464
tI(UAU)L,YHR158C,0.2020167112350464
tI(UAU)L,YGR238C,0.2020167112350464
tI(UAU)L,YIL015W,0.2020167112350464
tI(UAU)L,YGL173C,0.2020167112350464
tI(UAU)L,YDL225W,0.2020167112350464
tI(UAU)L,YLR330W,0.2020167112350464
tI(UAU)L,YBR129C,0.2020167112350464
tI(UAU)L,YKR095W-A,0.2020167112350464
tI(UAU)L,YPR075C,0.2020167112350464
tI(UAU)L,YMR198W,0.2020167112350464
tI(UAU)L,YOR127W,0.2020167112350464
tI(UAU)L,YDR264C,0.2020167112350464
tI(UAU)L,YLR110C,0.2020167112350464
tI(UAU)L,YDR379W,0.2020167112350464
tI(UAU)L,YDL100C,0.2020167112350464
tI(UAU)L,YHR073W,0.2020167112350464
tI(UAU)L,YJR090C,0.2020167112350464
tI(UAU)L,YOR208W,0.2020167112350464
tI(UAU)L,YBR040W,0.2020167112350464
tI(UAU)L,YNL279W,0.2020167112350464
tI(UAU)L,YER075C,0.2020167112350464
tI(UAU)L,YCR089W,0.2020167112350464
tI(UAU)L,YCR002C,0.2020167112350464
tI(UAU)L,YJL108C,0.2020167112350464
tI(UAU)L,YBR200W,0.2020167112350464
tI(UAU)L,YIL026C,0.2020167112350464
tI(UAU)L,YJR076C,0.2020167112350464
tI(UAU)L,YKR031C,0.2020167112350464
tI(UAU)L,YPL192C,0.2020167112350464
tI(UAU)L,YHR107C,0.2020167112350464
tI(UAU)L,YIL037C,0.2020167112350464
tI(UAU)L,YPL156C,0.2020167112350464
tI(UAU)L,YIL117C,0.2020167112350464
tI(UAU)L,YHR066W,0.2020167112350464
tI(UAU)L,YML085C,0.2020167112350464
tI(UAU)L,YML047C,0.2020167112350464
tI(UAU)L,YDR312W,0.2020167112350464
tI(UAU)L,YFL037W,0.2020167112350464
tI(UAU)L,YDL038C,0.2020167112350464
tI(UAU)L,YDL039C,0.2020167112350464
tI(UAU)L,YCL027W,0.2020167112350464
tI(UAU)L,YML124C,0.2020167112350464
tI(UAU)L,YGL053W,0.2020167112350464
tI(UAU)L,YMR232W,0.2020167112350464
tI(UAU)L,YNL298W,0.2020167112350464
tI(UAU)L,YGL099W,0.2020167112350464
tI(UAU)L,YBL016W,0.2020167112350464
tI(UAU)L,YAL041W,0.2020167112350464
tI(UAU)L,YDR085C,0.2020167112350464
tI(UAU)L,YPL187W,0.2020167112350464
tI(UAU)L,YPL256C,0.2020167112350464
tI(UAU)L,YDR461W,0.2020167112350464
tI(UAU)L,YNL145W,0.2020167112350464
YBR098W,YDL165W,7.276824817381566e-06
YBR098W,YGR059W,1.5420381985209453e-12
YBR098W,YBR109C,4.77152643725276e-05
YBR098W,YJL080C,1.2757086186032662e-11
YBR098W,YCR093W,2.653312414224729e-08
YBR098W,YIL122W,0.00017270456010010093
YBR098W,YCL029C,2.1679964490317616e-08
YBR098W,YNL173C,3.762521316730272e-07
YBR098W,YLR452C,2.3869746240343104e-13
YBR098W,YDL160C,3.9725779060972854e-05
YBR098W,YLR229C,3.8680864067330845e-12
YBR098W,YML057W,0.0001978935906663537
YBR098W,YER149C,8.07481193021431e-10
YBR098W,YMR305C,1.609266320201641e-08
YBR098W,YLR433C,2.5073362053262827e-07
YBR098W,YJL073W,1.677040700087673e-06
YBR098W,YGR279C,2.835163492864723e-10
YBR098W,YKL190W,1.633265924283478e-06
YBR098W,YGL089C,6.86361164843434e-14
YBR098W,YJL019W,1.0777140069251345e-08
YBR098W,YJL018W,0.009906030260026455
YBR098W,YNR032C-A,0.04631577059626579
YBR098W,YGL178W,0.009449045173823833
YBR098W,YKL116C,1.6804758473654147e-08
YBR098W,YDL214C,1.3643921192851849e-05
YBR098W,YLR362W,5.663682300927064e-10
YBR098W,YER068W,5.902786262166823e-16
YBR098W,YHR084W,3.5542879750494194e-10
YBR098W,YDR392W,3.9498776471802444e-10
YBR098W,YNL053W,1.1353188710927498e-05
YBR098W,YGR040W,0.0071754856035113335
YBR098W,YDL216C,2.2615914349599642e-11
YBR098W,YOL117W,5.540575109819201e-09
YBR098W,YJR086W,1.1510958408678107e-08
YBR098W,YMR025W,0.00014756355085410178
YBR098W,YBR081C,1.0910028436228458e-07
YBR098W,YFL026W,3.406117684789933e-05
YBR098W,YHL007C,4.349778464529663e-05
YBR098W,YNR044W,3.581959728826689e-10
YBR098W,YNL271C,2.40770203774332e-09
YBR098W,YDR200C,8.900187822291628e-05
YBR098W,YKL178C,0.00010752690286608413
YBR098W,YOR212W,1.148713346665886e-09
YBR098W,YOL111C,8.370190698769875e-06
YBR098W,YGL032C,4.5170578388820104e-10
YBR098W,YHR005C,4.049566237895874e-10
YBR098W,YDR103W,0.00019237218657508492
YBR098W,YJR084W,8.9051500253845e-06
YBR098W,YCL032W,2.7867999019548506e-09
YBR098W,YJL170C,1.3435942491923925e-07
YBR098W,YDR179C,0.0002931419003289193
YBR098W,YBR095C,0.0005544315208680928
YBR098W,YLL021W,5.87230431392527e-07
YBR098W,YDL159W,6.5808261062727524e-09
YBR098W,YNL161W,0.0006888233474455774
YBR098W,YNL188W,7.165190709201852e-06
YBR098W,YJL157C,2.065423245767306e-07
YBR098W,YJL034W,4.269379717380256e-13
YBR098W,YLR238W,1.3451045832724162e-09
YBR098W,YPR141C,1.5444438759004697e-06
YBR098W,YNL127W,3.2530846072464925e-11
YBR098W,YCL055W,0.35021495819091797
YBR098W,YPR122W,3.920488499814523e-12
YBR098W,YMR065W,6.013229722157121e-06
YBR098W,YDR356W,9.838785786087101e-09
YBR098W,YMR052W,9.230997238773853e-05
YBR098W,YFR008W,9.28469034988666e-06
YBR098W,YLL043W,0.03672818839550018
YBR098W,YMR029C,0.0006822033901698887
YBR098W,YJR004C,1.7050793758244254e-05
YBR098W,YDL223C,5.88601833939606e-10
YBR098W,YHR158C,1.185698238259647e-05
YBR098W,YGR238C,2.1621033283736324e-06
YBR098W,YIL015W,5.673699661201681e-07
YBR098W,YGL173C,1.440590224888183e-08
YBR098W,YDL225W,7.679113878111821e-07
YBR098W,YLR330W,0.000305970199406147
YBR098W,YBR129C,0.0001493991439929232
YBR098W,YKR095W-A,0.2020167112350464
YBR098W,YPR075C,4.6993761770863784e-08
YBR098W,YMR198W,5.7210909290006384e-06
YBR098W,YOR127W,2.2518873432630926e-09
YBR098W,YDR264C,1.068555521843706e-10
YBR098W,YLR110C,3.447334377595229e-13
YBR098W,YDR379W,2.2711241220996214e-10
YBR098W,YDL100C,4.4038461055606604e-05
YBR098W,YHR073W,1.6137129410509488e-09
YBR098W,YJR090C,1.5123005625561348e-10
YBR098W,YOR208W,7.063018074404681e-06
YBR098W,YBR040W,1.2247121958353091e-05
YBR098W,YNL279W,0.0002118409174727276
YBR098W,YER075C,3.1063700589584187e-06
YBR098W,YCR089W,1.2663491089082157e-10
YBR098W,YCR002C,6.451122275263899e-11
YBR098W,YJL108C,5.222475920163561e-06
YBR098W,YBR200W,8.37807878628638e-10
YBR098W,YIL026C,2.4062938308588855e-08
YBR098W,YJR076C,1.918434522352186e-09
YBR098W,YKR031C,0.0020294045098125935
YBR098W,YPL192C,7.666712008358445e-06
YBR098W,YHR107C,5.035541761344575e-09
YBR098W,YIL037C,4.625099245458841e-05
YBR098W,YPL156C,0.35898956656455994
YBR098W,YIL117C,1.3220125083535095e-06
YBR098W,YHR066W,0.0007742152083665133
YBR098W,YML085C,0.0004080884391441941
YBR098W,YML047C,1.8824581275111996e-05
YBR098W,YDR312W,0.0008223236654885113
YBR098W,YFL037W,9.253328658864746e-11
YBR098W,YDL038C,0.2020167112350464
YBR098W,YDL039C,2.938425613940865e-10
YBR098W,YCL027W,0.0001683031878201291
YBR098W,YML124C,0.0015732948668301105
YBR098W,YGL053W,0.0018946906784549356
YBR098W,YMR232W,0.04693777859210968
YBR098W,YNL298W,2.4967421463628625e-09
YBR098W,YGL099W,4.928178896079771e-07
YBR098W,YBL016W,0.0030118778813630342
YBR098W,YAL041W,2.662176711965003e-06
YBR098W,YDR085C,0.0714636743068695
YBR098W,YPL187W,8.110674798444961e-07
YBR098W,YPL256C,1.8812809643442563e-10
YBR098W,YDR461W,1.959820083996533e-09
YBR098W,YNL145W,6.105444185777742e-07
YHR064C,YDL165W,1.8912306387619537e-08
YHR064C,YGR059W,9.827640923276704e-10
YHR064C,YBR109C,2.532584346681688e-07
YHR064C,YJL080C,1.6597610397184326e-08
YHR064C,YCR093W,0.08778763562440872
YHR064C,YIL122W,0.0002010959869949147
YHR064C,YCL029C,7.695276416086472e-09
YHR064C,YNL173C,0.2142053246498108
YHR064C,YLR452C,0.00011829175491584465
YHR064C,YDL160C,6.798878166591749e-05
YHR064C,YLR229C,1.0706654451908548e-09
YHR064C,YML057W,2.7392780752033552e-11
YHR064C,YER149C,1.1551927769914982e-07
YHR064C,YMR305C,0.7251260876655579
YHR064C,YLR433C,8.096562669379637e-05
YHR064C,YJL073W,1.3182206203055102e-05
YHR064C,YGR279C,0.0011139552807435393
YHR064C,YKL190W,4.1267889173468575e-05
YHR064C,YGL089C,0.0017833893653005362
YHR064C,YJL019W,1.2998197007618728e-06
YHR064C,YJL018W,0.05900437757372856
YHR064C,YNR032C-A,0.7293125987052917
YHR064C,YGL178W,5.254651114228182e-07
YHR064C,YKL116C,2.1051964615992347e-09
YHR064C,YDL214C,0.9995090961456299
YHR064C,YLR362W,3.0152844665565226e-09
YHR064C,YER068W,5.778121314747864e-10
YHR064C,YHR084W,4.956973633646333e-12
YHR064C,YDR392W,3.906560053223984e-08
YHR064C,YNL053W,0.6552689671516418
YHR064C,YGR040W,2.985340506711509e-05
YHR064C,YDL216C,0.02626129239797592
YHR064C,YOL117W,2.2357525608640572e-07
YHR064C,YJR086W,2.2644594821485953e-07
YHR064C,YMR025W,0.011098871938884258
YHR064C,YBR081C,0.9993763566017151
YHR064C,YFL026W,5.208198103900941e-07
YHR064C,YHL007C,2.233710745258577e-07
YHR064C,YNR044W,0.0007993325707502663
YHR064C,YNL271C,3.768475380638847e-07
YHR064C,YDR200C,0.0005576536059379578
YHR064C,YKL178C,3.926786396046822e-10
YHR064C,YOR212W,0.9999018907546997
YHR064C,YOL111C,3.601907039296748e-08
YHR064C,YGL032C,0.00034696634975261986
YHR064C,YHR005C,0.00048735164455138147
YHR064C,YDR103W,0.04426320269703865
YHR064C,YJR084W,3.3640176297922153e-06
YHR064C,YCL032W,1.6823540818222682e-06
YHR064C,YJL170C,0.0001355798594886437
YHR064C,YDR179C,6.438501398697838e-10
YHR064C,YBR095C,8.321958011947572e-05
YHR064C,YLL021W,7.571723108412698e-05
YHR064C,YDL159W,3.3194454129858997e-13
YHR064C,YNL161W,1.6700168714578467e-07
YHR064C,YNL188W,5.834871696919208e-09
YHR064C,YJL157C,1.9468507161946036e-07
YHR064C,YJL034W,5.809650754451477e-17
YHR064C,YLR238W,0.0018265428952872753
YHR064C,YPR141C,1.446798097992641e-10
YHR064C,YNL127W,0.00014698202721774578
YHR064C,YCL055W,1.1381934457432852e-11
YHR064C,YPR122W,0.9998294115066528
YHR064C,YMR065W,0.017075367271900177
YHR064C,YDR356W,1.965442351092861e-07
YHR064C,YMR052W,8.712030648894142e-06
YHR064C,YFR008W,0.678848385810852
YHR064C,YLL043W,0.0001399941829731688
YHR064C,YMR029C,1.2904988011541718e-07
YHR064C,YJR004C,2.8744946423131523e-09
YHR064C,YDL223C,2.3853584340842745e-17
YHR064C,YHR158C,4.45611654242839e-08
YHR064C,YGR238C,2.0120565370068677e-12
YHR064C,YIL015W,1.0
YHR064C,YGL173C,0.01373498048633337
YHR064C,YDL225W,9.796796707206568e-10
YHR064C,YLR330W,3.803483537012653e-07
YHR064C,YBR129C,0.8556081056594849
YHR064C,YKR095W-A,0.2020167112350464
YHR064C,YPR075C,2.9755020669597343e-10
YHR064C,YMR198W,8.029741849213679e-08
YHR064C,YOR127W,3.386028765817173e-05
YHR064C,YDR264C,0.00012949047959409654
YHR064C,YLR110C,0.002617318881675601
YHR064C,YDR379W,1.4522370292979758e-05
YHR064C,YDL100C,3.3660778626654064e-06
YHR064C,YHR073W,6.535910415550461e-06
YHR064C,YJR090C,2.846877594775421e-11
YHR064C,YOR208W,0.0005259359022602439
YHR064C,YBR040W,2.209495278293616e-06
YHR064C,YNL279W,0.21796105802059174
YHR064C,YER075C,0.003886931110173464
YHR064C,YCR089W,4.4654624442586055e-10
YHR064C,YCR002C,1.8168051610700786e-05
YHR064C,YJL108C,0.036277033388614655
YHR064C,YBR200W,5.8145408488030625e-09
YHR064C,YIL026C,0.028292877599596977
YHR064C,YJR076C,0.01925722323358059
YHR064C,YKR031C,0.13165614008903503
YHR064C,YPL192C,7.911714874353493e-07
YHR064C,YHR107C,2.4553473849664442e-05
YHR064C,YIL037C,1.230764382853522e-06
YHR064C,YPL156C,4.245910806104092e-13
YHR064C,YIL117C,7.832521077943966e-06
YHR064C,YHR066W,3.64510331640755e-11
YHR064C,YML085C,7.378113514278084e-05
YHR064C,YML047C,4.354290297214902e-07
YHR064C,YDR312W,0.006515214219689369
YHR064C,YFL037W,5.813088232997643e-09
YHR064C,YDL038C,0.2020167112350464
YHR064C,YDL039C,1.3971750145724826e-10
YHR064C,YCL027W,0.052327416837215424
YHR064C,YML124C,4.93059451400768e-06
YHR064C,YGL053W,0.00010819070303114131
YHR064C,YMR232W,0.030164362862706184
YHR064C,YNL298W,2.628234142321162e-05
YHR064C,YGL099W,1.0347361856233306e-09
YHR064C,YBL016W,2.369552170631244e-16
YHR064C,YAL041W,0.7569959163665771
YHR064C,YDR085C,0.10094161331653595
YHR064C,YPL187W,0.9999328851699829
YHR064C,YPL256C,0.0006173892179504037
YHR064C,YDR461W,2.206894042511287e-11
YHR064C,YNL145W,2.8559535181216233e-08
YHR014W,YDL165W,3.3042377861614014e-11
YHR014W,YGR059W,6.840841781929896e-11
YHR014W,YBR109C,1.7755271983332932e-05
YHR014W,YJL080C,5.535861213878945e-10
YHR014W,YCR093W,2.872044778650523e-13
YHR014W,YIL122W,4.369017148064813e-09
YHR014W,YCL029C,1.9903368436344736e-17
YHR014W,YNL173C,3.2821814155425955e-09
YHR014W,YLR452C,2.1889254853135753e-08
YHR014W,YDL160C,8.35506316909651e-11
YHR014W,YLR229C,3.6427176379472126e-12
YHR014W,YML057W,4.14777406865241e-10
YHR014W,YER149C,1.4771345924202706e-08
YHR014W,YMR305C,1.5010454901612236e-12
YHR014W,YLR433C,1.3678548071993646e-08
YHR014W,YJL073W,1.6816821357679146e-07
YHR014W,YGR279C,1.4141641850595743e-11
YHR014W,YKL190W,2.8478873989948306e-15
YHR014W,YGL089C,1.8551273798378398e-13
YHR014W,YJL019W,2.6809916064962636e-08
YHR014W,YJL018W,0.01968168094754219
YHR014W,YNR032C-A,1.4850803919941313e-09
YHR014W,YGL178W,5.9585424594388314e-08
YHR014W,YKL116C,0.01051755715161562
YHR014W,YDL214C,1.5840962078073062e-05
YHR014W,YLR362W,1.905731838612243e-13
YHR014W,YER068W,8.927433792216277e-11
YHR014W,YHR084W,2.019152260755025e-13
YHR014W,YDR392W,1.7081712165418713e-15
YHR014W,YNL053W,4.166911793390682e-08
YHR014W,YGR040W,1.8396271116216667e-05
YHR014W,YDL216C,0.002904588123783469
YHR014W,YOL117W,1.3983246782700576e-09
YHR014W,YJR086W,0.0033788951113820076
YHR014W,YMR025W,8.416063792537898e-05
YHR014W,YBR081C,3.9830689857467405e-09
YHR014W,YFL026W,1.2290548787041722e-11
YHR014W,YHL007C,9.131862204348612e-14
YHR014W,YNR044W,6.693379361877305e-08
YHR014W,YNL271C,1.4625356925535016e-05
YHR014W,YDR200C,4.524977059174561e-16
YHR014W,YKL178C,2.6307692678528838e-05
YHR014W,YOR212W,4.339567372113606e-09
YHR014W,YOL111C,0.00013509011478163302
YHR014W,YGL032C,1.633997470662507e-08
YHR014W,YHR005C,1.7396573764871803e-11
YHR014W,YDR103W,0.005175925325602293
YHR014W,YJR084W,0.00010200110409641638
YHR014W,YCL032W,5.160651905811164e-09
YHR014W,YJL170C,0.0023164746817201376
YHR014W,YDR179C,2.185424677952696e-16
YHR014W,YBR095C,2.7125318050741365e-12
YHR014W,YLL021W,4.1000961306658645e-12
YHR014W,YDL159W,1.6159427582932567e-13
YHR014W,YNL161W,4.4179631199063596e-13
YHR014W,YNL188W,4.747615457745269e-05
YHR014W,YJL157C,4.69341927100686e-07
YHR014W,YJL034W,5.887901971535214e-11
YHR014W,YLR238W,3.590660708141513e-05
YHR014W,YPR141C,8.345397759512707e-07
YHR014W,YNL127W,1.0825527621679751e-13
YHR014W,YCL055W,1.9996025457658106e-07
YHR014W,YPR122W,6.487980985792063e-11
YHR014W,YMR065W,5.623076049232623e-07
YHR014W,YDR356W,0.03410198912024498
YHR014W,YMR052W,1.1713204850494208e-09
YHR014W,YFR008W,5.918639754324108e-15
YHR014W,YLL043W,4.22774704134099e-08
YHR014W,YMR029C,1.1974222502431076e-07
YHR014W,YJR004C,5.099434069455455e-11
YHR014W,YDL223C,1.1128598771392717e-06
YHR014W,YHR158C,2.920874067058321e-05
YHR014W,YGR238C,2.5961529814821915e-08
YHR014W,YIL015W,3.29149168248259e-16
YHR014W,YGL173C,0.0
YHR014W,YDL225W,0.0007952345767989755
YHR014W,YLR330W,1.8653805103764458e-14
YHR014W,YBR129C,9.512925203125633e-07
YHR014W,YKR095W-A,0.2020167112350464
YHR014W,YPR075C,4.7763295574584205e-20
YHR014W,YMR198W,1.570000023320972e-07
YHR014W,YOR127W,1.4590260423441581e-12
YHR014W,YDR264C,2.9517034420417854e-22
YHR014W,YLR110C,6.51482756630628e-11
YHR014W,YDR379W,1.4162433725761758e-10
YHR014W,YDL100C,7.54848353962112e-12
YHR014W,YHR073W,5.517014067812909e-10
YHR014W,YJR090C,1.1321732440450205e-09
YHR014W,YOR208W,1.0276932299949082e-12
YHR014W,YBR040W,3.014745075802239e-08
YHR014W,YNL279W,1.6119517454171728e-07
YHR014W,YER075C,1.6772240996942855e-05
YHR014W,YCR089W,6.882177661961253e-13
YHR014W,YCR002C,1.3195923997955106e-07
YHR014W,YJL108C,8.50291215215293e-09
YHR014W,YBR200W,4.178856154342381e-13
YHR014W,YIL026C,9.371689188575338e-12
YHR014W,YJR076C,7.9651339506253e-14
YHR014W,YKR031C,2.299755408330384e-07
YHR014W,YPL192C,1.9148574210703373e-05
YHR014W,YHR107C,7.721847467001552e-12
YHR014W,YIL037C,1.6417862980233622e-07
YHR014W,YPL156C,3.2168814279032176e-09
YHR014W,YIL117C,3.8758596332399975e-10
YHR014W,YHR066W,4.100219275215977e-09
YHR014W,YML085C,1.3307984000811984e-13
YHR014W,YML047C,1.2936721986989141e-06
YHR014W,YDR312W,7.717961125308648e-06
YHR014W,YFL037W,9.377595228121649e-11
YHR014W,YDL038C,0.2020167112350464
YHR014W,YDL039C,3.759321465235388e-10
YHR014W,YCL027W,6.374182865559463e-13
YHR014W,YML124C,3.63984564710762e-10
YHR014W,YGL053W,2.830350005338404e-17
YHR014W,YMR232W,2.0662431765572364e-09
YHR014W,YNL298W,1.0308632203068213e-13
YHR014W,YGL099W,1.2803945403927486e-10
YHR014W,YBL016W,2.1807403754792176e-05
YHR014W,YAL041W,1.6705052635314034e-23
YHR014W,YDR085C,1.4489785371551989e-08
YHR014W,YPL187W,8.948591698754171e-07
YHR014W,YPL256C,1.0976597195622162e-06
YHR014W,YDR461W,5.386967316667324e-08
YHR014W,YNL145W,0.02144278772175312
YER070W,YDL165W,0.0003862645826302469
YER070W,YGR059W,4.35373320728516e-10
YER070W,YBR109C,3.2123089965807594e-08
YER070W,YJL080C,4.820182766707148e-06
YER070W,YCR093W,0.0036497062537819147
YER070W,YIL122W,0.000549960182979703
YER070W,YCL029C,4.281587973054002e-09
YER070W,YNL173C,5.228863869666256e-11
YER070W,YLR452C,0.9619912505149841
YER070W,YDL160C,0.0014690427342429757
YER070W,YLR229C,0.007904045283794403
YER070W,YML057W,9.280978208181523e-10
YER070W,YER149C,3.942761759390123e-05
YER070W,YMR305C,3.2356096968388925e-11
YER070W,YLR433C,1.2097140711375687e-07
YER070W,YJL073W,2.6219906433220516e-19
YER070W,YGR279C,0.00026875099865719676
YER070W,YKL190W,1.5508361173033336e-07
YER070W,YGL089C,1.296063771860645e-07
YER070W,YJL019W,0.037321824580430984
YER070W,YJL018W,0.187399759888649
YER070W,YNR032C-A,0.0009223356610164046
YER070W,YGL178W,1.6517649783054367e-05
YER070W,YKL116C,3.452899993922412e-14
YER070W,YDL214C,0.9997279047966003
YER070W,YLR362W,0.035868361592292786
YER070W,YER068W,1.862920544226654e-05
YER070W,YHR084W,0.000606210611294955
YER070W,YDR392W,3.760871436497837e-07
YER070W,YNL053W,1.5786852600285783e-05
YER070W,YGR040W,0.9984524250030518
YER070W,YDL216C,0.0006741465185768902
YER070W,YOL117W,3.1393452104566677e-07
YER070W,YJR086W,1.5763897920351155e-07
YER070W,YMR025W,0.6604607105255127
YER070W,YBR081C,0.37056538462638855
YER070W,YFL026W,2.091059059239342e-08
YER070W,YHL007C,4.63810783912777e-06
YER070W,YNR044W,0.9839888215065002
YER070W,YNL271C,0.0006189714767970145
YER070W,YDR200C,3.326109526691212e-11
YER070W,YKL178C,0.004879692103713751
YER070W,YOR212W,0.9655264616012573
YER070W,YOL111C,4.286908935474676e-12
YER070W,YGL032C,1.881314215523844e-09
YER070W,YHR005C,0.9995953440666199
YER070W,YDR103W,0.9999946355819702
YER070W,YJR084W,2.577063969511073e-05
YER070W,YCL032W,0.18403354287147522
YER070W,YJL170C,0.9406282305717468
YER070W,YDR179C,9.910244261845946e-05
YER070W,YBR095C,0.020505379885435104
YER070W,YLL021W,0.9995437264442444
YER070W,YDL159W,5.759197665611282e-05
YER070W,YNL161W,0.15218232572078705
YER070W,YNL188W,8.376886398764327e-05
YER070W,YJL157C,0.023523014038801193
YER070W,YJL034W,8.856012277680403e-12
YER070W,YLR238W,0.22381028532981873
YER070W,YPR141C,8.9081862824969e-05
YER070W,YNL127W,0.03897490352392197
YER070W,YCL055W,0.10566350817680359
YER070W,YPR122W,0.9997811913490295
YER070W,YMR065W,0.983752965927124
YER070W,YDR356W,0.009961259551346302
YER070W,YMR052W,0.9999943971633911
YER070W,YFR008W,0.17432813346385956
YER070W,YLL043W,0.0006877685664221644
YER070W,YMR029C,7.73648665131077e-08
YER070W,YJR004C,2.016636472035316e-06
YER070W,YDL223C,2.2277064914977274e-10
YER070W,YHR158C,0.7901954054832458
YER070W,YGR238C,5.1872279804854315e-09
YER070W,YIL015W,0.9876912832260132
YER070W,YGL173C,0.0019738662522286177
YER070W,YDL225W,1.76965306764032e-06
YER070W,YLR330W,2.202270484030766e-13
YER070W,YBR129C,0.9948061108589172
YER070W,YKR095W-A,0.2020167112350464
YER070W,YPR075C,7.574859850478788e-09
YER070W,YMR198W,3.4905721690847713e-07
YER070W,YOR127W,2.892757038353011e-05
YER070W,YDR264C,9.981571565731429e-06
YER070W,YLR110C,0.999388575553894
YER070W,YDR379W,0.0034157431218773127
YER070W,YDL100C,0.6846408247947693
YER070W,YHR073W,0.30708253383636475
YER070W,YJR090C,4.578157852819231e-09
YER070W,YOR208W,0.07934367656707764
YER070W,YBR040W,1.3903408557780494e-07
YER070W,YNL279W,0.9998307228088379
YER070W,YER075C,6.019155262038112e-05
YER070W,YCR089W,1.2353162901490577e-06
YER070W,YCR002C,8.880426776158856e-07
YER070W,YJL108C,0.0009964092168956995
YER070W,YBR200W,0.16862092912197113
YER070W,YIL026C,0.000650916073936969
YER070W,YJR076C,0.929100513458252
YER070W,YKR031C,9.080015843210276e-06
YER070W,YPL192C,0.14710699021816254
YER070W,YHR107C,1.7823218456669565e-08
YER070W,YIL037C,0.8159999847412109
YER070W,YPL156C,0.9999836683273315
YER070W,YIL117C,0.9979421496391296
YER070W,YHR066W,1.358947563382093e-20
YER070W,YML085C,0.8512078523635864
YER070W,YML047C,0.8319439888000488
YER070W,YDR312W,2.0312285187173984e-08
YER070W,YFL037W,4.289275693736272e-06
YER070W,YDL038C,0.2020167112350464
YER070W,YDL039C,3.504766027617734e-06
YER070W,YCL027W,0.999976634979248
YER070W,YML124C,0.00011227487993892282
YER070W,YGL053W,5.646565568895312e-06
YER070W,YMR232W,0.9949353337287903
YER070W,YNL298W,6.2521239669877104e-06
YER070W,YGL099W,2.7175522371151485e-14
YER070W,YBL016W,0.0006213173037394881
YER070W,YAL041W,0.9999840259552002
YER070W,YDR085C,0.9176213145256042
YER070W,YPL187W,0.016590088605880737
YER070W,YPL256C,1.4461125439485523e-12
YER070W,YDR461W,1.6882833672737796e-11
YER070W,YNL145W,8.289545938566789e-09
YJL117W,YDL165W,1.584400450838075e-07
YJL117W,YGR059W,5.845782885538497e-11
YJL117W,YBR109C,2.850058251624432e-07
YJL117W,YJL080C,0.00020671554375439882
YJL117W,YCR093W,1.184092823791616e-07
YJL117W,YIL122W,2.035799298027996e-06
YJL117W,YCL029C,6.522554848661932e-13
YJL117W,YNL173C,3.751859267708824e-09
YJL117W,YLR452C,0.9998949766159058
YJL117W,YDL160C,0.0012833904474973679
YJL117W,YLR229C,2.9969667139084777e-06
YJL117W,YML057W,9.393769317966871e-09
YJL117W,YER149C,1.7591515643289313e-05
YJL117W,YMR305C,5.945674508289756e-10
YJL117W,YLR433C,0.12284278869628906
YJL117W,YJL073W,1.1554858758699993e-07
YJL117W,YGR279C,6.331989511713931e-13
YJL117W,YKL190W,0.9643043279647827
YJL117W,YGL089C,5.620611211832683e-15
YJL117W,YJL019W,1.4362224298736237e-08
YJL117W,YJL018W,0.001693155150860548
YJL117W,YNR032C-A,0.0030280337668955326
YJL117W,YGL178W,0.010174881666898727
YJL117W,YKL116C,1.9251202854064786e-09
YJL117W,YDL214C,4.2341234685050466e-11
YJL117W,YLR362W,3.570525819451831e-11
YJL117W,YER068W,0.0023936647921800613
YJL117W,YHR084W,0.00010507318074814975
YJL117W,YDR392W,2.4880630888901578e-08
YJL117W,YNL053W,4.500067007029429e-05
YJL117W,YGR040W,0.00014498012023977935
YJL117W,YDL216C,2.348343741687131e-11
YJL117W,YOL117W,3.6886034649796784e-05
YJL117W,YJR086W,2.6242303885481988e-09
YJL117W,YMR025W,3.026137673778351e-10
YJL117W,YBR081C,6.711231570477594e-10
YJL117W,YFL026W,0.0014319998444989324
YJL117W,YHL007C,0.0003920173039659858
YJL117W,YNR044W,0.05227835848927498
YJL117W,YNL271C,3.6767994204822685e-10
YJL117W,YDR200C,5.815269932263334e-10
YJL117W,YKL178C,0.11715676635503769
YJL117W,YOR212W,0.026813169941306114
YJL117W,YOL111C,1.4620332722259377e-10
YJL117W,YGL032C,0.00021423716680146754
YJL117W,YHR005C,0.657470703125
YJL117W,YDR103W,6.516822031699121e-05
YJL117W,YJR084W,7.897638099052529e-09
YJL117W,YCL032W,2.0901060437950036e-08
YJL117W,YJL170C,8.12397996097225e-11
YJL117W,YDR179C,2.579263380653174e-08
YJL117W,YBR095C,1.4495520062052236e-10
YJL117W,YLL021W,0.06004629656672478
YJL117W,YDL159W,3.5654232344306536e-10
YJL117W,YNL161W,1.351139388089742e-13
YJL117W,YNL188W,6.167553578961815e-07
YJL117W,YJL157C,6.010151082591619e-06
YJL117W,YJL034W,9.05315674992269e-15
YJL117W,YLR238W,1.1639160675258609e-06
YJL117W,YPR141C,1.3549642519095073e-09
YJL117W,YNL127W,4.880574806520599e-07
YJL117W,YCL055W,4.169074330206968e-08
YJL117W,YPR122W,2.6705531232587565e-13
YJL117W,YMR065W,0.00023771708947606385
YJL117W,YDR356W,2.008515356528677e-14
YJL117W,YMR052W,1.10266330466402e-06
YJL117W,YFR008W,4.2049958182133196e-08
YJL117W,YLL043W,9.569193935021758e-07
YJL117W,YMR029C,9.650706280488823e-18
YJL117W,YJR004C,4.970363079337403e-05
YJL117W,YDL223C,7.001745019142918e-15
YJL117W,YHR158C,1.168595744616141e-07
YJL117W,YGR238C,1.7727015688695502e-10
YJL117W,YIL015W,0.02748340740799904
YJL117W,YGL173C,1.5136603450684183e-13
YJL117W,YDL225W,8.674249443174631e-07
YJL117W,YLR330W,7.690400508249262e-14
YJL117W,YBR129C,8.183219324564561e-05
YJL117W,YKR095W-A,0.2020167112350464
YJL117W,YPR075C,1.2925496610527443e-11
YJL117W,YMR198W,0.000850908923894167
YJL117W,YOR127W,5.332627210918872e-07
YJL117W,YDR264C,9.412892541149631e-05
YJL117W,YLR110C,9.430212166705587e-09
YJL117W,YDR379W,5.8865800383500755e-05
YJL117W,YDL100C,4.839794811120103e-14
YJL117W,YHR073W,2.5703701320156647e-11
YJL117W,YJR090C,3.138181714490429e-09
YJL117W,YOR208W,0.0013539883075281978
YJL117W,YBR040W,1.03409445273428e-06
YJL117W,YNL279W,9.699768270365894e-05
YJL117W,YER075C,1.0855290383915417e-05
YJL117W,YCR089W,2.893611572574173e-08
YJL117W,YCR002C,4.756803264172049e-06
YJL117W,YJL108C,0.0005332779255695641
YJL117W,YBR200W,1.133443672252099e-09
YJL117W,YIL026C,1.1250430361542385e-05
YJL117W,YJR076C,4.7471946373889296e-08
YJL117W,YKR031C,0.0027593448758125305
YJL117W,YPL192C,3.567514773178404e-12
YJL117W,YHR107C,2.5115315338553046e-07
YJL117W,YIL037C,0.00019695222727023065
YJL117W,YPL156C,4.949828991129834e-09
YJL117W,YIL117C,2.2421411927098234e-07
YJL117W,YHR066W,4.3279303751919684e-12
YJL117W,YML085C,6.494066474260762e-05
YJL117W,YML047C,0.005188777577131987
YJL117W,YDR312W,2.1697265512043984e-11
YJL117W,YFL037W,4.249085031915456e-05
YJL117W,YDL038C,0.2020167112350464
YJL117W,YDL039C,2.1206283257191316e-12
YJL117W,YCL027W,2.1236430391979866e-09
YJL117W,YML124C,7.717890215808154e-11
YJL117W,YGL053W,1.100074444951417e-17
YJL117W,YMR232W,3.732437835424207e-05
YJL117W,YNL298W,0.0016900532646104693
YJL117W,YGL099W,7.396523172588376e-13
YJL117W,YBL016W,1.2004254479336396e-08
YJL117W,YAL041W,1.989870490604062e-09
YJL117W,YDR085C,6.503123586298898e-07
YJL117W,YPL187W,1.3097224638158877e-08
YJL117W,YPL256C,2.1135143982164983e-11
YJL117W,YDR461W,2.359699237786117e-06
YJL117W,YNL145W,2.3984263464171818e-08
YPL028W,YDL165W,1.458902714347038e-13
YPL028W,YGR059W,7.230825360693416e-08
YPL028W,YBR109C,9.213712459654744e-09
YPL028W,YJL080C,0.00011898976663360372
YPL028W,YCR093W,1.6055983853655725e-13
YPL028W,YIL122W,1.576623809285138e-08
YPL028W,YCL029C,4.600448147429326e-11
YPL028W,YNL173C,8.428114597336389e-07
YPL028W,YLR452C,1.5560346414145165e-11
YPL028W,YDL160C,0.05323851481080055
YPL028W,YLR229C,0.2566368877887726
YPL028W,YML057W,0.0005725498776882887
YPL028W,YER149C,5.971125460746407e-08
YPL028W,YMR305C,4.255903490952076e-15
YPL028W,YLR433C,0.0007280535064637661
YPL028W,YJL073W,4.327730493969284e-06
YPL028W,YGR279C,3.1788927046250137e-10
YPL028W,YKL190W,2.143613286875734e-08
YPL028W,YGL089C,2.8251259109879356e-08
YPL028W,YJL019W,0.04345057159662247
YPL028W,YJL018W,0.00025812649982981384
YPL028W,YNR032C-A,1.890347334665421e-06
YPL028W,YGL178W,0.00028054299764335155
YPL028W,YKL116C,4.499466376728378e-05
YPL028W,YDL214C,0.004291236400604248
YPL028W,YLR362W,0.015561682172119617
YPL028W,YER068W,0.12835486233234406
YPL028W,YHR084W,6.739075963935193e-11
YPL028W,YDR392W,4.388476693151233e-09
YPL028W,YNL053W,7.286128675332293e-05
YPL028W,YGR040W,2.3089738121484515e-08
YPL028W,YDL216C,0.0005899859825149179
YPL028W,YOL117W,1.9633642295957543e-05
YPL028W,YJR086W,2.338859222397391e-14
YPL028W,YMR025W,0.0003199893981218338
YPL028W,YBR081C,4.746109425468603e-06
YPL028W,YFL026W,6.245462970099207e-16
YPL028W,YHL007C,1.0623558409861289e-05
YPL028W,YNR044W,0.0004241240385454148
YPL028W,YNL271C,0.0008044345886446536
YPL028W,YDR200C,0.8979470729827881
YPL028W,YKL178C,7.383842603303492e-05
YPL028W,YOR212W,4.375623561397868e-12
YPL028W,YOL111C,2.0180606555145805e-15
YPL028W,YGL032C,1.6134082159169338e-07
YPL028W,YHR005C,1.321911358154182e-09
YPL028W,YDR103W,3.526460830016731e-07
YPL028W,YJR084W,0.0011987527832388878
YPL028W,YCL032W,2.701622037193374e-08
YPL028W,YJL170C,0.00029738122248090804
YPL028W,YDR179C,1.97331972984216e-09
YPL028W,YBR095C,1.4303722650765849e-08
YPL028W,YLL021W,7.231653142980576e-08
YPL028W,YDL159W,3.513228534757218e-07
YPL028W,YNL161W,0.9507894515991211
YPL028W,YNL188W,1.8778778879124935e-11
YPL028W,YJL157C,2.6630319283071913e-08
YPL028W,YJL034W,1.0592465571335197e-08
YPL028W,YLR238W,8.116410321612477e-10
YPL028W,YPR141C,2.2125486793811433e-06
YPL028W,YNL127W,0.0227081086486578
YPL028W,YCL055W,4.926679935124412e-07
YPL028W,YPR122W,3.9044836808166394e-11
YPL028W,YMR065W,0.000556670653168112
YPL028W,YDR356W,1.1038231662041653e-07
YPL028W,YMR052W,5.764767934124393e-07
YPL028W,YFR008W,0.0020919442176818848
YPL028W,YLL043W,1.042653341443156e-08
YPL028W,YMR029C,6.810825774888896e-13
YPL028W,YJR004C,0.9933417439460754
YPL028W,YDL223C,1.304314451999744e-07
YPL028W,YHR158C,1.16510318548535e-06
YPL028W,YGR238C,1.3087303463166222e-09
YPL028W,YIL015W,7.968702087080004e-11
YPL028W,YGL173C,0.12890519201755524
YPL028W,YDL225W,0.1007404774427414
YPL028W,YLR330W,0.007568074855953455
YPL028W,YBR129C,2.1007920736337837e-07
YPL028W,YKR095W-A,0.2020167112350464
YPL028W,YPR075C,1.1950401605786976e-13
YPL028W,YMR198W,0.9345155954360962
YPL028W,YOR127W,8.824706583254738e-07
YPL028W,YDR264C,0.0005581181030720472
YPL028W,YLR110C,0.0006231848383322358
YPL028W,YDR379W,1.2842796487735897e-12
YPL028W,YDL100C,2.0596787635440705e-06
YPL028W,YHR073W,3.5410431564741884e-07
YPL028W,YJR090C,1.1676388567138929e-05
YPL028W,YOR208W,5.191402578930138e-07
YPL028W,YBR040W,0.0003837841213680804
YPL028W,YNL279W,0.04242458939552307
YPL028W,YER075C,0.0017771627753973007
YPL028W,YCR089W,1.7905911590787582e-05
YPL028W,YCR002C,3.9403601367025975e-13
YPL028W,YJL108C,2.1716930120874167e-07
YPL028W,YBR200W,1.0982506543728496e-13
YPL028W,YIL026C,7.60333496145904e-05
YPL028W,YJR076C,1.872247779033387e-08
YPL028W,YKR031C,0.5376946330070496
YPL028W,YPL192C,7.37643904358265e-06
YPL028W,YHR107C,4.19312491430901e-05
YPL028W,YIL037C,1.3097623430269323e-08
YPL028W,YPL156C,5.0628106691874564e-05
YPL028W,YIL117C,2.3293729100259952e-05
YPL028W,YHR066W,3.366397161030932e-10
YPL028W,YML085C,0.0015136090805754066
YPL028W,YML047C,0.00516052870079875
YPL028W,YDR312W,1.0900631650656578e-06
YPL028W,YFL037W,1.774270140530998e-11
YPL028W,YDL038C,0.2020167112350464
YPL028W,YDL039C,4.246674192853739e-12
YPL028W,YCL027W,0.8140383362770081
YPL028W,YML124C,2.321615284017753e-05
YPL028W,YGL053W,1.014920036901401e-09
YPL028W,YMR232W,3.53928690799421e-08
YPL028W,YNL298W,1.802184925736583e-07
YPL028W,YGL099W,5.759531518378935e-07
YPL028W,YBL016W,7.759917934890836e-06
YPL028W,YAL041W,0.00015148313832469285
YPL028W,YDR085C,0.01024220883846283
YPL028W,YPL187W,0.0001684443122940138
YPL028W,YPL256C,3.05130879872835e-14
YPL028W,YDR461W,3.5780659685125116e-11
YPL028W,YNL145W,4.5869136267029376e-10
YKR029C,YDL165W,7.0079472607176285e-06
YKR029C,YGR059W,2.3147503469544972e-08
YKR029C,YBR109C,0.052822500467300415
YKR029C,YJL080C,0.9897708892822266
YKR029C,YCR093W,0.999657392501831
YKR029C,YIL122W,1.3532352340916987e-06
YKR029C,YCL029C,8.499407158524264e-06
YKR029C,YNL173C,1.8741557141765952e-05
YKR029C,YLR452C,0.03893209248781204
YKR029C,YDL160C,0.9994315505027771
YKR029C,YLR229C,0.0007783678593114018
YKR029C,YML057W,1.5240571304975248e-10
YKR029C,YER149C,0.33901098370552063
YKR029C,YMR305C,5.604144826065749e-05
YKR029C,YLR433C,2.522407385185943e-07
YKR029C,YJL073W,1.2429327789220679e-08
YKR029C,YGR279C,0.013921120204031467
YKR029C,YKL190W,0.016894293949007988
YKR029C,YGL089C,0.00021331626339815557
YKR029C,YJL019W,1.99332571355626e-05
YKR029C,YJL018W,0.011193357408046722
YKR029C,YNR032C-A,0.9999735355377197
YKR029C,YGL178W,0.000659931858535856
YKR029C,YKL116C,0.00040433075628243387
YKR029C,YDL214C,0.3902466595172882
YKR029C,YLR362W,0.004101183265447617
YKR029C,YER068W,1.5995210560504347e-05
YKR029C,YHR084W,6.216635483724531e-06
YKR029C,YDR392W,0.013389618135988712
YKR029C,YNL053W,0.0007498757913708687
YKR029C,YGR040W,0.9914884567260742
YKR029C,YDL216C,4.6290128352666216e-07
YKR029C,YOL117W,1.900966481116484e-06
YKR029C,YJR086W,0.006990969646722078
YKR029C,YMR025W,0.00046792556531727314
YKR029C,YBR081C,0.0741937980055809
YKR029C,YFL026W,0.5149825811386108
YKR029C,YHL007C,0.4471421241760254
YKR029C,YNR044W,0.0014160324353724718
YKR029C,YNL271C,0.0007715487154200673
YKR029C,YDR200C,1.5053342394821811e-06
YKR029C,YKL178C,0.6105865240097046
YKR029C,YOR212W,0.2463611215353012
YKR029C,YOL111C,8.884597502145652e-10
YKR029C,YGL032C,0.0008005374111235142
YKR029C,YHR005C,9.196258179144934e-05
YKR029C,YDR103W,5.024011443310883e-06
YKR029C,YJR084W,6.985668932202316e-08
YKR029C,YCL032W,4.3971696868538857e-05
YKR029C,YJL170C,0.00117451511323452
YKR029C,YDR179C,3.631160794270727e-08
YKR029C,YBR095C,4.4695221731672063e-05
YKR029C,YLL021W,0.000537330168299377
YKR029C,YDL159W,7.134522661544906e-07
YKR029C,YNL161W,0.0055257598869502544
YKR029C,YNL188W,5.003208798370906e-07
YKR029C,YJL157C,1.0982108099430107e-13
YKR029C,YJL034W,1.7022817752837885e-14
YKR029C,YLR238W,5.633425644191448e-06
YKR029C,YPR141C,0.9964573979377747
YKR029C,YNL127W,0.007713736966252327
YKR029C,YCL055W,1.094105708809856e-11
YKR029C,YPR122W,1.4109068047218898e-07
YKR029C,YMR065W,0.006335708778351545
YKR029C,YDR356W,0.0013558599166572094
YKR029C,YMR052W,0.8852179050445557
YKR029C,YFR008W,1.5784975548882585e-09
YKR029C,YLL043W,5.39627897921946e-10
YKR029C,YMR029C,3.4708971696773006e-08
YKR029C,YJR004C,0.020445015281438828
YKR029C,YDL223C,2.624829797959194e-10
YKR029C,YHR158C,8.353747944056522e-06
YKR029C,YGR238C,2.745628203959516e-11
YKR029C,YIL015W,0.06328217685222626
YKR029C,YGL173C,0.9857286810874939
YKR029C,YDL225W,0.13040709495544434
YKR029C,YLR330W,1.0362614766279421e-08
YKR029C,YBR129C,0.004565667361021042
YKR029C,YKR095W-A,0.2020167112350464
YKR029C,YPR075C,4.1741870404621295e-07
YKR029C,YMR198W,0.9752848148345947
YKR029C,YOR127W,0.0002502919523976743
YKR029C,YDR264C,1.14652784759528e-05
YKR029C,YLR110C,0.9905750155448914
YKR029C,YDR379W,0.26193806529045105
YKR029C,YDL100C,0.0691853016614914
YKR029C,YHR073W,8.802833326626569e-05
YKR029C,YJR090C,3.4815468552551465e-06
YKR029C,YOR208W,0.13545766472816467
YKR029C,YBR040W,0.9295803904533386
YKR029C,YNL279W,0.0005162405432201922
YKR029C,YER075C,0.9973721504211426
YKR029C,YCR089W,0.019544757902622223
YKR029C,YCR002C,0.991489827632904
YKR029C,YJL108C,3.283973981638155e-08
YKR029C,YBR200W,4.4805760664179406e-12
YKR029C,YIL026C,0.6262145042419434
YKR029C,YJR076C,0.001988684292882681
YKR029C,YKR031C,3.9457598177250475e-05
YKR029C,YPL192C,1.821885416575242e-05
YKR029C,YHR107C,0.1892150193452835
YKR029C,YIL037C,0.0009588503162376583
YKR029C,YPL156C,7.520406519745393e-11
YKR029C,YIL117C,0.20915326476097107
YKR029C,YHR066W,1.2513563102389824e-11
YKR029C,YML085C,0.061108432710170746
YKR029C,YML047C,2.809237594192382e-05
YKR029C,YDR312W,0.07519011199474335
YKR029C,YFL037W,8.489542402401185e-09
YKR029C,YDL038C,0.2020167112350464
YKR029C,YDL039C,1.5771050243529317e-08
YKR029C,YCL027W,1.3987503280077362e-06
YKR029C,YML124C,1.0209105028025078e-07
YKR029C,YGL053W,5.516319623311006e-10
YKR029C,YMR232W,8.904445166990627e-06
YKR029C,YNL298W,0.3508676290512085
YKR029C,YGL099W,0.005022644065320492
YKR029C,YBL016W,1.622612444407423e-06
YKR029C,YAL041W,0.032630667090415955
YKR029C,YDR085C,4.419636297825491e-06
YKR029C,YPL187W,0.9947686195373535
YKR029C,YPL256C,0.025194576010107994
YKR029C,YDR461W,0.5825486183166504
YKR029C,YNL145W,0.0004245568416081369
YHR148W,YDL165W,3.38650693265663e-07
YHR148W,YGR059W,1.2159803830513738e-08
YHR148W,YBR109C,0.00012794083158951253
YHR148W,YJL080C,1.0008871868194547e-05
YHR148W,YCR093W,8.359812454727944e-06
YHR148W,YIL122W,4.120883659197716e-06
YHR148W,YCL029C,3.51094809047936e-06
YHR148W,YNL173C,6.295437532822384e-14
YHR148W,YLR452C,0.00300289923325181
YHR148W,YDL160C,9.04118405742338e-06
YHR148W,YLR229C,3.3507452370330542e-15
YHR148W,YML057W,1.0604370029657084e-12
YHR148W,YER149C,6.447903433581814e-05
YHR148W,YMR305C,8.749991842194049e-10
YHR148W,YLR433C,0.018458666279911995
YHR148W,YJL073W,4.380224481737027e-12
YHR148W,YGR279C,9.274757177546444e-12
YHR148W,YKL190W,0.0004409457906149328
YHR148W,YGL089C,1.2949443828347285e-07
YHR148W,YJL019W,8.549635595045402e-07
YHR148W,YJL018W,0.00011723361967597157
YHR148W,YNR032C-A,0.4600740373134613
YHR148W,YGL178W,1.6425083515514416e-09
YHR148W,YKL116C,2.593637191239395e-06
YHR148W,YDL214C,0.026638302952051163
YHR148W,YLR362W,7.050875855396654e-11
YHR148W,YER068W,2.3148152283880563e-09
YHR148W,YHR084W,3.1024150262681793e-12
YHR148W,YDR392W,3.279691895841097e-08
YHR148W,YNL053W,0.00017144382582046092
YHR148W,YGR040W,0.02320617064833641
YHR148W,YDL216C,0.011815185658633709
YHR148W,YOL117W,5.7739402592460465e-08
YHR148W,YJR086W,5.777065024276107e-13
YHR148W,YMR025W,0.13437741994857788
YHR148W,YBR081C,0.35795873403549194
YHR148W,YFL026W,0.0010996692581102252
YHR148W,YHL007C,1.6480856393150112e-12
YHR148W,YNR044W,0.005428783595561981
YHR148W,YNL271C,1.7786641492989475e-08
YHR148W,YDR200C,7.279162285412331e-15
YHR148W,YKL178C,0.00014950986951589584
YHR148W,YOR212W,5.30579018231947e-06
YHR148W,YOL111C,2.2841554206198085e-15
YHR148W,YGL032C,4.873259058513213e-07
YHR148W,YHR005C,0.011712461709976196
YHR148W,YDR103W,2.4235870810782913e-14
YHR148W,YJR084W,6.779231398468255e-08
YHR148W,YCL032W,2.793907466491774e-11
YHR148W,YJL170C,0.9493380188941956
YHR148W,YDR179C,1.7107733632504285e-11
YHR148W,YBR095C,1.4426002614698064e-08
YHR148W,YLL021W,0.0017290669493377209
YHR148W,YDL159W,2.586750591504483e-09
YHR148W,YNL161W,8.826297026587326e-09
YHR148W,YNL188W,4.2929505070787854e-06
YHR148W,YJL157C,3.979234275419685e-09
YHR148W,YJL034W,1.7181193262810063e-13
YHR148W,YLR238W,2.541752337492653e-07
YHR148W,YPR141C,0.00041132859769277275
YHR148W,YNL127W,0.27708497643470764
YHR148W,YCL055W,0.002341159153729677
YHR148W,YPR122W,0.99998939037323
YHR148W,YMR065W,0.00180562783498317
YHR148W,YDR356W,0.0006200977950356901
YHR148W,YMR052W,7.033940346445888e-05
YHR148W,YFR008W,2.299071297784394e-07
YHR148W,YLL043W,0.0006942495820112526
YHR148W,YMR029C,3.8305401517391147e-08
YHR148W,YJR004C,8.262238004874689e-09
YHR148W,YDL223C,8.009848481097676e-14
YHR148W,YHR158C,0.000605102046392858
YHR148W,YGR238C,3.009933136066678e-10
YHR148W,YIL015W,1.8871554630095488e-06
YHR148W,YGL173C,1.9608783485836057e-09
YHR148W,YDL225W,3.801406758818793e-11
YHR148W,YLR330W,9.466291430726415e-07
YHR148W,YBR129C,2.236800582977594e-06
YHR148W,YKR095W-A,0.2020167112350464
YHR148W,YPR075C,1.9524735250797676e-07
YHR148W,YMR198W,0.13144689798355103
YHR148W,YOR127W,1.0133566092918045e-06
YHR148W,YDR264C,4.600671672960743e-05
YHR148W,YLR110C,0.0034805238246917725
YHR148W,YDR379W,0.0034161068033427
YHR148W,YDL100C,0.6227055191993713
YHR148W,YHR073W,7.698626723140478e-05
YHR148W,YJR090C,6.191875571298633e-12
YHR148W,YOR208W,0.4686509370803833
YHR148W,YBR040W,0.0014902678085491061
YHR148W,YNL279W,2.601110281830188e-06
YHR148W,YER075C,1.9242440885136602e-06
YHR148W,YCR089W,0.0007920578354969621
YHR148W,YCR002C,0.19921499490737915
YHR148W,YJL108C,0.9959999322891235
YHR148W,YBR200W,8.963958180174814e-07
YHR148W,YIL026C,3.9096375985536724e-05
YHR148W,YJR076C,2.2713462222156977e-09
YHR148W,YKR031C,0.015247784554958344
YHR148W,YPL192C,0.008309096097946167
YHR148W,YHR107C,1.510266116611092e-07
YHR148W,YIL037C,9.47550731211777e-08
YHR148W,YPL156C,1.4523256197662704e-07
YHR148W,YIL117C,1.4755943084310275e-05
YHR148W,YHR066W,2.229971811553637e-18
YHR148W,YML085C,1.606372573479363e-14
YHR148W,YML047C,0.01572396047413349
YHR148W,YDR312W,1.7821023823305637e-10
YHR148W,YFL037W,9.015319619720685e-07
YHR148W,YDL038C,0.2020167112350464
YHR148W,YDL039C,1.3017358892197795e-11
YHR148W,YCL027W,0.0012035908875986934
YHR148W,YML124C,1.1791415956807067e-16
YHR148W,YGL053W,1.8940342272344424e-07
YHR148W,YMR232W,0.0005992850637994707
YHR148W,YNL298W,3.2993389140756335e-06
YHR148W,YGL099W,5.858768739224875e-17
YHR148W,YBL016W,1.5600722967445648e-16
YHR148W,YAL041W,0.8705871105194092
YHR148W,YDR085C,6.868516777558398e-08
YHR148W,YPL187W,0.0006807006429880857
YHR148W,YPL256C,1.774564411804742e-15
YHR148W,YDR461W,1.1279002037900554e-11
YHR148W,YNL145W,3.785407317463685e-12
YGR019W,YDL165W,3.353561731696958e-13
YGR019W,YGR059W,4.5904150169917557e-07
YGR019W,YBR109C,1.8723156244959682e-05
YGR019W,YJL080C,6.424084875167324e-11
YGR019W,YCR093W,0.003161252709105611
YGR019W,YIL122W,0.1545322835445404
YGR019W,YCL029C,8.955002073207652e-09
YGR019W,YNL173C,0.5657991766929626
YGR019W,YLR452C,2.3728199960437735e-10
YGR019W,YDL160C,4.212057813646197e-09
YGR019W,YLR229C,0.39157766103744507
YGR019W,YML057W,1.048479011944714e-11
YGR019W,YER149C,3.0780661290918943e-06
YGR019W,YMR305C,1.1624311539379373e-13
YGR019W,YLR433C,1.0203611289227865e-08
YGR019W,YJL073W,2.666516638570593e-13
YGR019W,YGR279C,0.00019126126426272094
YGR019W,YKL190W,8.263620898674162e-10
YGR019W,YGL089C,0.710298478603363
YGR019W,YJL019W,0.9652271866798401
YGR019W,YJL018W,0.00031006670906208456
YGR019W,YNR032C-A,0.00837772712111473
YGR019W,YGL178W,3.6983954487368464e-05
YGR019W,YKL116C,7.96405402070377e-07
YGR019W,YDL214C,0.9998049139976501
YGR019W,YLR362W,5.619917828880716e-07
YGR019W,YER068W,2.8854834454250522e-05
YGR019W,YHR084W,1.323441885052977e-14
YGR019W,YDR392W,6.86577277519973e-06
YGR019W,YNL053W,5.5859292302784525e-08
YGR019W,YGR040W,0.06810930371284485
YGR019W,YDL216C,0.07667645812034607
YGR019W,YOL117W,0.0026865897234529257
YGR019W,YJR086W,2.5761510258348608e-08
YGR019W,YMR025W,0.9970863461494446
YGR019W,YBR081C,6.49707653792575e-05
YGR019W,YFL026W,3.636355927483237e-07
YGR019W,YHL007C,3.557654171260083e-09
YGR019W,YNR044W,0.007518991827964783
YGR019W,YNL271C,0.3927142024040222
YGR019W,YDR200C,2.080331432807725e-05
YGR019W,YKL178C,0.2527924180030823
YGR019W,YOR212W,7.129183359211311e-07
YGR019W,YOL111C,2.846711140591651e-06
YGR019W,YGL032C,1.7224243142877071e-09
YGR019W,YHR005C,0.08837123215198517
YGR019W,YDR103W,3.956801553073319e-09
YGR019W,YJR084W,0.010137921199202538
YGR019W,YCL032W,0.0165976844727993
YGR019W,YJL170C,1.6712718206690624e-05
YGR019W,YDR179C,5.521051349433037e-08
YGR019W,YBR095C,5.351984480594929e-11
YGR019W,YLL021W,4.427297070619396e-11
YGR019W,YDL159W,5.2160140789903053e-11
YGR019W,YNL161W,0.5253901481628418
YGR019W,YNL188W,9.830769417918869e-14
YGR019W,YJL157C,2.687059617136405e-18
YGR019W,YJL034W,2.842301798422454e-20
YGR019W,YLR238W,1.5145923498494085e-05
YGR019W,YPR141C,1.6634196797760126e-10
YGR019W,YNL127W,1.145867645391263e-05
YGR019W,YCL055W,2.0138406853220658e-07
YGR019W,YPR122W,3.831219785865869e-08
YGR019W,YMR065W,1.1935990187339485e-05
YGR019W,YDR356W,7.229732545965817e-06
YGR019W,YMR052W,0.21161821484565735
YGR019W,YFR008W,2.0997676486445016e-08
YGR019W,YLL043W,0.017004452645778656
YGR019W,YMR029C,2.6750467441161163e-07
YGR019W,YJR004C,0.0013014953583478928
YGR019W,YDL223C,3.067677202214271e-14
YGR019W,YHR158C,5.786178007838316e-06
YGR019W,YGR238C,1.4185473906636048e-09
YGR019W,YIL015W,1.6138381397468038e-05
YGR019W,YGL173C,0.006391121074557304
YGR019W,YDL225W,2.962633516290225e-07
YGR019W,YLR330W,1.477307452800794e-14
YGR019W,YBR129C,6.845628377050161e-05
YGR019W,YKR095W-A,0.2020167112350464
YGR019W,YPR075C,2.877987848037833e-10
YGR019W,YMR198W,5.452424375107512e-05
YGR019W,YOR127W,2.1292979823783753e-08
YGR019W,YDR264C,0.0004006622766610235
YGR019W,YLR110C,2.341240482733875e-12
YGR019W,YDR379W,2.2774346644660604e-11
YGR019W,YDL100C,1.6186413320795623e-10
YGR019W,YHR073W,0.66717928647995
YGR019W,YJR090C,0.02105095610022545
YGR019W,YOR208W,3.9135707083914895e-06
YGR019W,YBR040W,0.0006421005236916244
YGR019W,YNL279W,1.0642521308668051e-09
YGR019W,YER075C,0.2692788243293762
YGR019W,YCR089W,0.0001730999065330252
YGR019W,YCR002C,0.0001546915154904127
YGR019W,YJL108C,0.00044760439777746797
YGR019W,YBR200W,0.0002489648468326777
YGR019W,YIL026C,9.087598584756051e-08
YGR019W,YJR076C,8.40330560691882e-09
YGR019W,YKR031C,0.0014712057309225202
YGR019W,YPL192C,9.948915931090596e-07
YGR019W,YHR107C,0.11571367084980011
YGR019W,YIL037C,1.3513180796564939e-08
YGR019W,YPL156C,0.003797100856900215
YGR019W,YIL117C,1.0164668395873377e-07
YGR019W,YHR066W,3.8473199302523333e-17
YGR019W,YML085C,1.788580630091019e-05
YGR019W,YML047C,0.39236053824424744
YGR019W,YDR312W,8.735525369729658e-08
YGR019W,YFL037W,5.3972925684320217e-08
YGR019W,YDL038C,0.2020167112350464
YGR019W,YDL039C,9.982830534438492e-12
YGR019W,YCL027W,3.0290623271866934e-06
YGR019W,YML124C,0.0001448810362489894
YGR019W,YGL053W,6.114149897484822e-08
YGR019W,YMR232W,5.796117693535052e-05
YGR019W,YNL298W,0.14311906695365906
YGR019W,YGL099W,2.8600700621169524e-15
YGR019W,YBL016W,5.0222064601257443e-05
YGR019W,YAL041W,0.001348297344520688
YGR019W,YDR085C,0.005246062763035297
YGR019W,YPL187W,0.0018159705214202404
YGR019W,YPL256C,3.106450374712466e-10
YGR019W,YDR461W,4.037804026682176e-14
YGR019W,YNL145W,6.93371191573533e-08
snR31,YDL165W,4.106584583496442e-08
snR31,YGR059W,6.03524028974789e-07
snR31,YBR109C,9.723967377794906e-05
snR31,YJL080C,5.7453144108876586e-05
snR31,YCR093W,2.267557465529535e-05
snR31,YIL122W,0.00012876377149950713
snR31,YCL029C,4.29474821430631e-05
snR31,YNL173C,1.4230191482056398e-05
snR31,YLR452C,0.0062194825150072575
snR31,YDL160C,3.112410240646568e-06
snR31,YLR229C,4.786148792845779e-07
snR31,YML057W,0.00040510896360501647
snR31,YER149C,9.805607987800613e-07
snR31,YMR305C,0.02014218084514141
snR31,YLR433C,8.912349585443735e-05
snR31,YJL073W,2.5163737760180993e-08
snR31,YGR279C,0.16617020964622498
snR31,YKL190W,9.327045700047165e-05
snR31,YGL089C,0.00027832933119498193
snR31,YJL019W,1.7423702956875786e-05
snR31,YJL018W,0.2020167112350464
snR31,YNR032C-A,3.911734893335961e-06
snR31,YGL178W,2.452281023579417e-06
snR31,YKL116C,1.7436203052056953e-05
snR31,YDL214C,0.0007189438329078257
snR31,YLR362W,0.0005294287693686783
snR31,YER068W,2.4297576601384208e-05
snR31,YHR084W,4.925312168779783e-05
snR31,YDR392W,4.331279797042953e-07
snR31,YNL053W,3.510092938086018e-05
snR31,YGR040W,0.012074818834662437
snR31,YDL216C,0.0086534908041358
snR31,YOL117W,1.9489959868224105e-06
snR31,YJR086W,0.0018054577521979809
snR31,YMR025W,0.00039570359513163567
snR31,YBR081C,6.098593075876124e-05
snR31,YFL026W,0.0009827426401898265
snR31,YHL007C,0.0008487412123940885
snR31,YNR044W,0.0006080151069909334
snR31,YNL271C,0.00880366563796997
snR31,YDR200C,0.004511141683906317
snR31,YKL178C,8.402263483731076e-05
snR31,YOR212W,7.862606253183912e-06
snR31,YOL111C,1.5241613255057018e-05
snR31,YGL032C,0.0001633001957088709
snR31,YHR005C,0.000805969990324229
snR31,YDR103W,2.880363147994558e-08
snR31,YJR084W,7.633754285052419e-05
snR31,YCL032W,2.839823173417244e-05
snR31,YJL170C,0.3987547755241394
snR31,YDR179C,0.0012806138256564736
snR31,YBR095C,0.00016740178398322314
snR31,YLL021W,1.0108229844263406e-06
snR31,YDL159W,1.0320226238036412e-06
snR31,YNL161W,2.0492952046424762e-07
snR31,YNL188W,0.00012179689656477422
snR31,YJL157C,0.0022370407823473215
snR31,YJL034W,0.012544277124106884
snR31,YLR238W,5.395816060627112e-07
snR31,YPR141C,7.928800300760486e-07
snR31,YNL127W,0.00034303468419238925
snR31,YCL055W,0.008142584934830666
snR31,YPR122W,0.0004335349949542433
snR31,YMR065W,2.254432047266164e-06
snR31,YDR356W,0.014160685241222382
snR31,YMR052W,1.0642398592608515e-05
snR31,YFR008W,0.00035358351306058466
snR31,YLL043W,1.0852920240722597e-05
snR31,YMR029C,0.0001822185149649158
snR31,YJR004C,0.0002602539025247097
snR31,YDL223C,0.00019350097863934934
snR31,YHR158C,2.4184121230064193e-06
snR31,YGR238C,4.193896893411875e-05
snR31,YIL015W,0.013204244896769524
snR31,YGL173C,6.779972318327054e-05
snR31,YDL225W,2.4860341000021435e-05
snR31,YLR330W,8.260524191427976e-05
snR31,YBR129C,0.0004429637629073113
snR31,YKR095W-A,0.2020167112350464
snR31,YPR075C,8.452814654447138e-06
snR31,YMR198W,0.005503403954207897
snR31,YOR127W,0.00038649150519631803
snR31,YDR264C,1.1341048775648233e-06
snR31,YLR110C,0.0006318110390566289
snR31,YDR379W,1.6933705637711682e-06
snR31,YDL100C,1.1196816558367573e-05
snR31,YHR073W,0.0003197722544427961
snR31,YJR090C,8.413368050241843e-05
snR31,YOR208W,7.585837920487393e-06
snR31,YBR040W,2.042263076873496e-06
snR31,YNL279W,7.432977872667834e-05
snR31,YER075C,9.214278406943777e-08
snR31,YCR089W,0.000601280655246228
snR31,YCR002C,5.135400016342828e-08
snR31,YJL108C,2.9491050099750282e-06
snR31,YBR200W,6.489367660833523e-05
snR31,YIL026C,5.793272976006847e-06
snR31,YJR076C,0.00040658784564584494
snR31,YKR031C,4.196281224722043e-06
snR31,YPL192C,1.1770278433687054e-05
snR31,YHR107C,0.003253236413002014
snR31,YIL037C,0.004164820071309805
snR31,YPL156C,0.07961052656173706
snR31,YIL117C,0.000727323698811233
snR31,YHR066W,4.662422981027703e-08
snR31,YML085C,0.012355688959360123
snR31,YML047C,5.411884558270685e-07
snR31,YDR312W,2.0750530893565156e-05
snR31,YFL037W,0.032205112278461456
snR31,YDL038C,0.2020167112350464
snR31,YDL039C,4.66953906652634e-06
snR31,YCL027W,7.641478077857755e-06
snR31,YML124C,1.2369091528796616e-08
snR31,YGL053W,3.4478511224733666e-05
snR31,YMR232W,0.009063615463674068
snR31,YNL298W,0.004949808120727539
snR31,YGL099W,1.046239574975516e-07
snR31,YBL016W,0.06086878105998039
snR31,YAL041W,0.004623090848326683
snR31,YDR085C,0.00013793779362458736
snR31,YPL187W,0.0002973120426759124
snR31,YPL256C,0.00026309004169888794
snR31,YDR461W,0.005248283036053181
snR31,YNL145W,0.025929979979991913
YKR099W,YDL165W,4.840390843696696e-08
YKR099W,YGR059W,1.3205129789639614e-06
YKR099W,YBR109C,2.135937080538497e-07
YKR099W,YJL080C,4.865937808062881e-05
YKR099W,YCR093W,0.0002243485359940678
YKR099W,YIL122W,5.94806951994542e-05
YKR099W,YCL029C,2.8283292863306997e-07
YKR099W,YNL173C,4.914024187563371e-10
YKR099W,YLR452C,6.281923425888181e-09
YKR099W,YDL160C,1.8368645493538338e-09
YKR099W,YLR229C,1.6440285799390608e-09
YKR099W,YML057W,2.2700147812669484e-22
YKR099W,YER149C,3.002300144605563e-11
YKR099W,YMR305C,0.0005635727429762483
YKR099W,YLR433C,0.037907976657152176
YKR099W,YJL073W,2.0874287187666596e-08
YKR099W,YGR279C,1.7024623488737234e-08
YKR099W,YKL190W,1.157377804705817e-10
YKR099W,YGL089C,1.2285104276088532e-05
YKR099W,YJL019W,3.4685507244169855e-10
YKR099W,YJL018W,0.0024414744693785906
YKR099W,YNR032C-A,0.9900662899017334
YKR099W,YGL178W,7.088771236674063e-10
YKR099W,YKL116C,2.93868158973698e-11
YKR099W,YDL214C,5.012450401409296e-07
YKR099W,YLR362W,5.1126240334334626e-17
YKR099W,YER068W,6.046456304392711e-12
YKR099W,YHR084W,1.9641190063257596e-10
YKR099W,YDR392W,1.8040413607423034e-10
YKR099W,YNL053W,1.1620466466411017e-05
YKR099W,YGR040W,3.2116789442363696e-15
YKR099W,YDL216C,0.0001646630116738379
YKR099W,YOL117W,4.0391110403751287e-19
YKR099W,YJR086W,6.504907029691864e-11
YKR099W,YMR025W,9.760786952028866e-07
YKR099W,YBR081C,0.42266538739204407
YKR099W,YFL026W,4.5870574894024685e-08
YKR099W,YHL007C,8.079551669360179e-15
YKR099W,YNR044W,2.145725829905132e-06
YKR099W,YNL271C,0.00037775133387185633
YKR099W,YDR200C,6.849493811489273e-16
YKR099W,YKL178C,2.3570069060951937e-06
YKR099W,YOR212W,3.2821247347540605e-13
YKR099W,YOL111C,8.871616982708552e-12
YKR099W,YGL032C,2.021422034204079e-07
YKR099W,YHR005C,5.423696052275773e-07
YKR099W,YDR103W,3.550126166373957e-06
YKR099W,YJR084W,5.627946305397668e-16
YKR099W,YCL032W,8.853189292779007e-09
YKR099W,YJL170C,1.7274005585932173e-05
YKR099W,YDR179C,1.5242554995964497e-09
YKR099W,YBR095C,1.8838158212020062e-05
YKR099W,YLL021W,7.633396137407544e-09
YKR099W,YDL159W,1.2531385209513246e-06
YKR099W,YNL161W,0.0038272696547210217
YKR099W,YNL188W,1.7392515288243714e-16
YKR099W,YJL157C,2.6348102519224703e-11
YKR099W,YJL034W,1.0583203184524968e-14
YKR099W,YLR238W,3.935200584237464e-05
YKR099W,YPR141C,7.974437776780974e-10
YKR099W,YNL127W,1.0903861147326666e-09
YKR099W,YCL055W,1.3862560081179254e-05
YKR099W,YPR122W,0.002130827633664012
YKR099W,YMR065W,0.003979709930717945
YKR099W,YDR356W,0.7690443396568298
YKR099W,YMR052W,0.009672984480857849
YKR099W,YFR008W,4.6453195456930274e-11
YKR099W,YLL043W,5.8103076298721135e-05
YKR099W,YMR029C,2.477317240234811e-09
YKR099W,YJR004C,9.684425094746985e-06
YKR099W,YDL223C,5.6354903382738186e-11
YKR099W,YHR158C,7.072102625738097e-11
YKR099W,YGR238C,5.963786186896289e-15
YKR099W,YIL015W,0.000871660013217479
YKR099W,YGL173C,0.024783549830317497
YKR099W,YDL225W,2.5722225998475734e-12
YKR099W,YLR330W,1.7406861644090037e-15
YKR099W,YBR129C,1.5224586604745127e-05
YKR099W,YKR095W-A,0.2020167112350464
YKR099W,YPR075C,6.264468544597834e-12
YKR099W,YMR198W,0.0001163444685516879
YKR099W,YOR127W,6.159559529095304e-10
YKR099W,YDR264C,2.2879654277561175e-16
YKR099W,YLR110C,0.052632883191108704
YKR099W,YDR379W,4.9764583565092835e-09
YKR099W,YDL100C,1.569314339935901e-13
YKR099W,YHR073W,1.7546515184829053e-13
YKR099W,YJR090C,2.3324299089355627e-11
YKR099W,YOR208W,1.651173781036519e-10
YKR099W,YBR040W,5.17739656350066e-15
YKR099W,YNL279W,1.9740554080271977e-07
YKR099W,YER075C,8.005608833627775e-07
YKR099W,YCR089W,7.64522519602906e-06
YKR099W,YCR002C,2.3895806862128666e-06
YKR099W,YJL108C,1.0492697682940033e-10
YKR099W,YBR200W,3.467826286546183e-12
YKR099W,YIL026C,9.71267809291021e-07
YKR099W,YJR076C,4.2554005458272925e-11
YKR099W,YKR031C,5.889336534892209e-05
YKR099W,YPL192C,0.01828109100461006
YKR099W,YHR107C,0.8696522116661072
YKR099W,YIL037C,5.7378892961423844e-05
YKR099W,YPL156C,2.268454636578099e-06
YKR099W,YIL117C,1.3400220603282387e-12
YKR099W,YHR066W,2.1103200784078346e-11
YKR099W,YML085C,1.2076588618015194e-09
YKR099W,YML047C,7.965971599332988e-05
YKR099W,YDR312W,3.0081953638141923e-13
YKR099W,YFL037W,1.7408645971932988e-16
YKR099W,YDL038C,0.2020167112350464
YKR099W,YDL039C,3.990459492789894e-13
YKR099W,YCL027W,3.7566835753288785e-10
YKR099W,YML124C,5.960577517671872e-12
YKR099W,YGL053W,7.090033698454957e-16
YKR099W,YMR232W,1.2029260254564633e-08
YKR099W,YNL298W,0.0007757091661915183
YKR099W,YGL099W,3.24787696737161e-11
YKR099W,YBL016W,4.468616774354339e-13
YKR099W,YAL041W,1.7448938344558074e-12
YKR099W,YDR085C,8.047404756461596e-12
YKR099W,YPL187W,0.000513954262714833
YKR099W,YPL256C,4.177380386050089e-10
YKR099W,YDR461W,9.193594330270116e-09
YKR099W,YNL145W,2.971962479174535e-14
YNL173C,YDL165W,0.7463210225105286
YNL173C,YGR059W,0.0003320608811918646
YNL173C,YBR109C,0.9971151351928711
YNL173C,YJL080C,1.0
YNL173C,YCR093W,0.9944308400154114
YNL173C,YIL122W,0.8935196399688721
YNL173C,YCL029C,6.395393938873895e-07
YNL173C,YLR452C,0.9999947547912598
YNL173C,YDL160C,0.9996330738067627
YNL173C,YLR229C,0.9890710115432739
YNL173C,YML057W,0.004608578979969025
YNL173C,YER149C,0.9999417066574097
YNL173C,YMR305C,0.9999940395355225
YNL173C,YLR433C,0.9999756813049316
YNL173C,YJL073W,6.206451796941792e-09
YNL173C,YGR279C,0.9999985694885254
YNL173C,YKL190W,0.9729185700416565
YNL173C,YGL089C,0.9997689127922058
YNL173C,YJL019W,0.9999350309371948
YNL173C,YJL018W,0.012585684657096863
YNL173C,YNR032C-A,0.9339718222618103
YNL173C,YGL178W,0.9999912977218628
YNL173C,YKL116C,1.3875639526261807e-10
YNL173C,YDL214C,0.9992541670799255
YNL173C,YLR362W,0.9916362762451172
YNL173C,YER068W,1.4174689866308654e-08
YNL173C,YHR084W,3.8468686398118734e-05
YNL173C,YDR392W,0.9999512434005737
YNL173C,YNL053W,0.9994286894798279
YNL173C,YGR040W,0.9999959468841553
YNL173C,YDL216C,0.9997643828392029
YNL173C,YOL117W,0.9996047616004944
YNL173C,YJR086W,0.9980637431144714
YNL173C,YMR025W,0.9999682903289795
YNL173C,YBR081C,0.9909070730209351
YNL173C,YFL026W,0.9993581175804138
YNL173C,YHL007C,0.999947190284729
YNL173C,YNR044W,0.9999979734420776
YNL173C,YNL271C,0.9989557266235352
YNL173C,YDR200C,0.9998793601989746
YNL173C,YKL178C,0.9995262622833252
YNL173C,YOR212W,0.9999309778213501
YNL173C,YOL111C,1.4860621413981256e-11
YNL173C,YGL032C,7.814288902367392e-15
YNL173C,YHR005C,0.9999949932098389
YNL173C,YDR103W,0.9987718462944031
YNL173C,YJR084W,0.9982078075408936
YNL173C,YCL032W,0.9676240682601929
YNL173C,YJL170C,0.9992073178291321
YNL173C,YDR179C,4.496619454891671e-16
YNL173C,YBR095C,0.9913206696510315
YNL173C,YLL021W,0.9996857643127441
YNL173C,YDL159W,5.815073311765673e-09
YNL173C,YNL161W,0.9988396763801575
YNL173C,YNL188W,0.9999594688415527
YNL173C,YJL157C,0.002419103169813752
YNL173C,YJL034W,2.2719932601944492e-08
YNL173C,YLR238W,0.993880033493042
YNL173C,YPR141C,0.9999099969863892
YNL173C,YNL127W,0.9993746876716614
YNL173C,YCL055W,0.9999986886978149
YNL173C,YPR122W,0.9998619556427002
YNL173C,YMR065W,0.9994093179702759
YNL173C,YDR356W,0.9992608428001404
YNL173C,YMR052W,0.9995632767677307
YNL173C,YFR008W,0.9991264939308167
YNL173C,YLL043W,0.999030351638794
YNL173C,YMR029C,0.9999624490737915
YNL173C,YJR004C,0.000380625860998407
YNL173C,YDL223C,0.688276469707489
YNL173C,YHR158C,0.9999412298202515
YNL173C,YGR238C,0.00010616107465466484
YNL173C,YIL015W,0.9990791082382202
YNL173C,YGL173C,0.9999274015426636
YNL173C,YDL225W,0.9992550015449524
YNL173C,YLR330W,2.5938595626939787e-07
YNL173C,YBR129C,0.9999773502349854
YNL173C,YKR095W-A,0.2020167112350464
YNL173C,YPR075C,0.233965665102005
YNL173C,YMR198W,0.9978218078613281
YNL173C,YOR127W,0.9991044402122498
YNL173C,YDR264C,0.9924881458282471
YNL173C,YLR110C,0.9832393527030945
YNL173C,YDR379W,0.9997965693473816
YNL173C,YDL100C,0.9999996423721313
YNL173C,YHR073W,0.9999974966049194
YNL173C,YJR090C,0.9986482262611389
YNL173C,YOR208W,0.9998080134391785
YNL173C,YBR040W,0.9999865293502808
YNL173C,YNL279W,0.9999375343322754
YNL173C,YER075C,0.999259889125824
YNL173C,YCR089W,2.436424324514519e-07
YNL173C,YCR002C,0.9999837875366211
YNL173C,YJL108C,0.9999669790267944
YNL173C,YBR200W,0.0003005240869242698
YNL173C,YIL026C,0.9993767142295837
YNL173C,YJR076C,0.9993098974227905
YNL173C,YKR031C,0.9993197917938232
YNL173C,YPL192C,0.9994726777076721
YNL173C,YHR107C,0.9998742341995239
YNL173C,YIL037C,0.07903439551591873
YNL173C,YPL156C,0.9995755553245544
YNL173C,YIL117C,0.9963728189468384
YNL173C,YHR066W,3.8844000300741754e-06
YNL173C,YML085C,0.999997615814209
YNL173C,YML047C,0.9897953867912292
YNL173C,YDR312W,1.0
YNL173C,YFL037W,0.9998944997787476
YNL173C,YDL038C,0.2020167112350464
YNL173C,YDL039C,1.348654965482865e-09
YNL173C,YCL027W,0.9999978542327881
YNL173C,YML124C,1.4734459341525508e-07
YNL173C,YGL053W,0.9999926090240479
YNL173C,YMR232W,0.9994391798973083
YNL173C,YNL298W,0.9999555349349976
YNL173C,YGL099W,0.9999575614929199
YNL173C,YBL016W,0.020310984924435616
YNL173C,YAL041W,0.9981091022491455
YNL173C,YDR085C,0.9999998807907104
YNL173C,YPL187W,0.9982659220695496
YNL173C,YPL256C,1.2438348448995384e-06
YNL173C,YDR461W,3.243815162496961e-15
YNL173C,YNL145W,0.07451267540454865
YKL085W,YDL165W,3.582640623376416e-15
YKL085W,YGR059W,6.359541293932125e-05
YKL085W,YBR109C,3.957165617407554e-08
YKL085W,YJL080C,1.2355001217656536e-06
YKL085W,YCR093W,2.3429072015801466e-08
YKL085W,YIL122W,4.779940354637802e-06
YKL085W,YCL029C,6.793245847802609e-05
YKL085W,YNL173C,1.0473113043474314e-08
YKL085W,YLR452C,1.1428017150302923e-17
YKL085W,YDL160C,9.999067174248921e-08
YKL085W,YLR229C,9.382865151508213e-09
YKL085W,YML057W,1.06250711760748e-14
YKL085W,YER149C,0.00410136254504323
YKL085W,YMR305C,1.652325387624387e-08
YKL085W,YLR433C,1.6926166779285268e-07
YKL085W,YJL073W,6.203835730723972e-13
YKL085W,YGR279C,0.06383119523525238
YKL085W,YKL190W,1.855528317801225e-12
YKL085W,YGL089C,0.9823164343833923
YKL085W,YJL019W,1.5828128141492925e-08
YKL085W,YJL018W,0.018026022240519524
YKL085W,YNR032C-A,0.007859981618821621
YKL085W,YGL178W,6.859574540329927e-12
YKL085W,YKL116C,2.416048826660907e-15
YKL085W,YDL214C,0.007566018961369991
YKL085W,YLR362W,2.655421997739549e-13
YKL085W,YER068W,3.060875428673171e-07
YKL085W,YHR084W,3.1290574447370538e-15
YKL085W,YDR392W,7.078566704876721e-05
YKL085W,YNL053W,3.3251987474614e-07
YKL085W,YGR040W,4.136927236686461e-05
YKL085W,YDL216C,5.460375554489083e-11
YKL085W,YOL117W,1.4131494936009403e-05
YKL085W,YJR086W,1.5348032320616767e-05
YKL085W,YMR025W,0.0029651455115526915
YKL085W,YBR081C,7.109413502348616e-08
YKL085W,YFL026W,1.0332064877216103e-19
YKL085W,YHL007C,2.2591772202984473e-11
YKL085W,YNR044W,2.5076139991142554e-06
YKL085W,YNL271C,4.137077791455113e-09
YKL085W,YDR200C,7.564727155795481e-08
YKL085W,YKL178C,0.9998563528060913
YKL085W,YOR212W,8.400987967348977e-15
YKL085W,YOL111C,2.1214255241375213e-08
YKL085W,YGL032C,8.746030838658459e-19
YKL085W,YHR005C,1.4987761465939942e-13
YKL085W,YDR103W,0.0013877220917493105
YKL085W,YJR084W,1.6548099557311957e-09
YKL085W,YCL032W,4.200427028422382e-08
YKL085W,YJL170C,4.286081309746309e-13
YKL085W,YDR179C,3.4898218001042243e-16
YKL085W,YBR095C,2.4929539677032153e-07
YKL085W,YLL021W,2.0021406754722193e-09
YKL085W,YDL159W,1.6688396442532394e-08
YKL085W,YNL161W,5.65570479338362e-10
YKL085W,YNL188W,1.3942326460014698e-11
YKL085W,YJL157C,1.1670427124688132e-10
YKL085W,YJL034W,2.002986491944636e-11
YKL085W,YLR238W,0.0002553667582105845
YKL085W,YPR141C,8.113668217564227e-18
YKL085W,YNL127W,3.9975026761007726e-11
YKL085W,YCL055W,9.180578172673926e-12
YKL085W,YPR122W,1.806903782153313e-07
YKL085W,YMR065W,3.8210910702218825e-07
YKL085W,YDR356W,4.495477696764283e-06
YKL085W,YMR052W,1.3815345027978765e-06
YKL085W,YFR008W,8.263935887953267e-05
YKL085W,YLL043W,0.0085418950766325
YKL085W,YMR029C,1.368206170582198e-07
YKL085W,YJR004C,4.659157948339043e-09
YKL085W,YDL223C,1.502151875110158e-11
YKL085W,YHR158C,2.920202923917259e-08
YKL085W,YGR238C,1.8052203612159423e-12
YKL085W,YIL015W,1.3986300473334268e-07
YKL085W,YGL173C,1.3157190004164931e-08
YKL085W,YDL225W,0.0001368113880744204
YKL085W,YLR330W,9.339112807538186e-07
YKL085W,YBR129C,5.71257373849221e-07
YKL085W,YKR095W-A,0.2020167112350464
YKL085W,YPR075C,0.00021913176169618964
YKL085W,YMR198W,0.08119027316570282
YKL085W,YOR127W,1.3516353555265126e-15
YKL085W,YDR264C,1.9097663728206982e-10
YKL085W,YLR110C,2.57110798429494e-07
YKL085W,YDR379W,0.00016592023894190788
YKL085W,YDL100C,2.0251604009751713e-14
YKL085W,YHR073W,0.2225402444601059
YKL085W,YJR090C,1.843283747859914e-09
YKL085W,YOR208W,1.721594915238267e-11
YKL085W,YBR040W,0.0013008713722229004
YKL085W,YNL279W,2.2590722892346093e-06
YKL085W,YER075C,0.0004311715019866824
YKL085W,YCR089W,1.446717647013429e-06
YKL085W,YCR002C,1.4443235940575505e-08
YKL085W,YJL108C,5.8736559520778005e-15
YKL085W,YBR200W,0.006221227813512087
YKL085W,YIL026C,6.638460763497278e-05
YKL085W,YJR076C,3.561940076224346e-08
YKL085W,YKR031C,0.0001016153983073309
YKL085W,YPL192C,0.9995842576026917
YKL085W,YHR107C,1.5487677329853455e-12
YKL085W,YIL037C,1.110288167183171e-06
YKL085W,YPL156C,7.350719215537538e-07
YKL085W,YIL117C,1.6886883601532898e-12
YKL085W,YHR066W,3.0041385079836473e-15
YKL085W,YML085C,0.15933619439601898
YKL085W,YML047C,0.00011167758202645928
YKL085W,YDR312W,1.0564222208131469e-07
YKL085W,YFL037W,4.979747245670296e-05
YKL085W,YDL038C,0.2020167112350464
YKL085W,YDL039C,2.8538677497580434e-12
YKL085W,YCL027W,2.9262077205771675e-08
YKL085W,YML124C,0.009575828909873962
YKL085W,YGL053W,6.9533548738992274e-15
YKL085W,YMR232W,1.1217492212889368e-11
YKL085W,YNL298W,8.755450808806131e-10
YKL085W,YGL099W,3.257040904341979e-14
YKL085W,YBL016W,2.3797077250919084e-15
YKL085W,YAL041W,0.041611406952142715
YKL085W,YDR085C,5.558590155003984e-13
YKL085W,YPL187W,0.21136042475700378
YKL085W,YPL256C,1.9164000941707116e-10
YKL085W,YDR461W,6.244473685868036e-20
YKL085W,YNL145W,2.2054589057796115e-11
YDR343C,YDL165W,6.550847331254772e-08
YDR343C,YGR059W,9.867152024102283e-15
YDR343C,YBR109C,2.779282852169585e-17
YDR343C,YJL080C,2.1980491510475986e-05
YDR343C,YCR093W,8.825121966538063e-08
YDR343C,YIL122W,1.4133906915958505e-05
YDR343C,YCL029C,6.497786131376415e-08
YDR343C,YNL173C,1.5958998581195108e-15
YDR343C,YLR452C,5.37010222956269e-08
YDR343C,YDL160C,1.9238850096359172e-11
YDR343C,YLR229C,1.3251906239020173e-09
YDR343C,YML057W,1.5516646856283955e-09
YDR343C,YER149C,4.070416892432149e-08
YDR343C,YMR305C,1.9833947817460285e-09
YDR343C,YLR433C,1.6885053355508717e-06
YDR343C,YJL073W,5.870332703012543e-14
YDR343C,YGR279C,0.007075973320752382
YDR343C,YKL190W,2.727066077297391e-13
YDR343C,YGL089C,0.00016964724636636674
YDR343C,YJL019W,2.827786338421845e-10
YDR343C,YJL018W,9.598564065527171e-05
YDR343C,YNR032C-A,0.005136193707585335
YDR343C,YGL178W,1.600118366695824e-06
YDR343C,YKL116C,0.010672510601580143
YDR343C,YDL214C,1.318170234299032e-05
YDR343C,YLR362W,1.292902283012154e-07
YDR343C,YER068W,1.0644967005646322e-05
YDR343C,YHR084W,8.630596237679811e-11
YDR343C,YDR392W,1.0272802342115028e-07
YDR343C,YNL053W,0.00010890480916714296
YDR343C,YGR040W,2.2706132807304158e-10
YDR343C,YDL216C,5.4884238430072396e-14
YDR343C,YOL117W,1.1563251973711886e-06
YDR343C,YJR086W,8.545065210974201e-10
YDR343C,YMR025W,4.388070919958409e-06
YDR343C,YBR081C,0.0002686459629330784
YDR343C,YFL026W,2.8189072054374265e-07
YDR343C,YHL007C,2.8469075985526615e-09
YDR343C,YNR044W,0.46222320199012756
YDR343C,YNL271C,7.390554834785235e-10
YDR343C,YDR200C,9.660957797641423e-12
YDR343C,YKL178C,7.572790172716282e-10
YDR343C,YOR212W,3.224281952540764e-10
YDR343C,YOL111C,1.1008655098621034e-10
YDR343C,YGL032C,2.1319218035387166e-07
YDR343C,YHR005C,4.3015585537986567e-10
YDR343C,YDR103W,3.6761411890571396e-17
YDR343C,YJR084W,1.1440173253163266e-08
YDR343C,YCL032W,1.0615916479217447e-10
YDR343C,YJL170C,2.2484687722812424e-11
YDR343C,YDR179C,9.831562647333314e-13
YDR343C,YBR095C,1.3902858898851012e-12
YDR343C,YLL021W,3.027888606510487e-09
YDR343C,YDL159W,2.154233909312797e-11
YDR343C,YNL161W,6.123401785629312e-09
YDR343C,YNL188W,1.794652208959857e-13
YDR343C,YJL157C,4.779735718329903e-06
YDR343C,YJL034W,7.130502285696808e-16
YDR343C,YLR238W,2.5504820477806334e-09
YDR343C,YPR141C,4.1802804844337516e-06
YDR343C,YNL127W,1.0044814285903314e-10
YDR343C,YCL055W,0.05210927128791809
YDR343C,YPR122W,0.0014941308181732893
YDR343C,YMR065W,1.1703769331461444e-07
YDR343C,YDR356W,0.03384996950626373
YDR343C,YMR052W,0.002236877800896764
YDR343C,YFR008W,1.3474463855800423e-07
YDR343C,YLL043W,0.000741443713195622
YDR343C,YMR029C,5.248355350317979e-08
YDR343C,YJR004C,6.079002901060448e-07
YDR343C,YDL223C,3.846516855032789e-11
YDR343C,YHR158C,6.694202969725893e-10
YDR343C,YGR238C,8.914353144540144e-10
YDR343C,YIL015W,1.3739287929581678e-08
YDR343C,YGL173C,5.606615616216004e-08
YDR343C,YDL225W,3.68081186438592e-18
YDR343C,YLR330W,8.490219083334694e-10
YDR343C,YBR129C,1.5697736671427265e-05
YDR343C,YKR095W-A,0.2020167112350464
YDR343C,YPR075C,1.0679528713808395e-05
YDR343C,YMR198W,2.461205212966888e-06
YDR343C,YOR127W,1.850296027505749e-10
YDR343C,YDR264C,9.029454701298123e-13
YDR343C,YLR110C,5.943774986083561e-12
YDR343C,YDR379W,1.2850595587643454e-11
YDR343C,YDL100C,5.367247013055021e-06
YDR343C,YHR073W,0.00024272089649457484
YDR343C,YJR090C,2.835981503888224e-13
YDR343C,YOR208W,1.970522837174064e-15
YDR343C,YBR040W,0.00455883052200079
YDR343C,YNL279W,1.7944157661986537e-06
YDR343C,YER075C,3.459838969141482e-12
YDR343C,YCR089W,7.518893951896644e-09
YDR343C,YCR002C,5.288933787456207e-12
YDR343C,YJL108C,1.1051362602820802e-10
YDR343C,YBR200W,1.9411674958419445e-12
YDR343C,YIL026C,3.3176965948816806e-14
YDR343C,YJR076C,2.3667791282377948e-08
YDR343C,YKR031C,0.0002052527415798977
YDR343C,YPL192C,4.776935020345263e-05
YDR343C,YHR107C,4.046487266356341e-13
YDR343C,YIL037C,0.7241588830947876
YDR343C,YPL156C,1.645480279810485e-10
YDR343C,YIL117C,2.2325599702277543e-10
YDR343C,YHR066W,1.7623523010528133e-17
YDR343C,YML085C,1.6842676586747984e-06
YDR343C,YML047C,0.009283727034926414
YDR343C,YDR312W,2.9536374973430923e-13
YDR343C,YFL037W,1.396650017859713e-10
YDR343C,YDL038C,0.2020167112350464
YDR343C,YDL039C,3.5650874355333735e-19
YDR343C,YCL027W,3.0376975246326765e-06
YDR343C,YML124C,6.8512719053615e-08
YDR343C,YGL053W,7.30755754957415e-18
YDR343C,YMR232W,0.0005406314157880843
YDR343C,YNL298W,1.2514053082668397e-07
YDR343C,YGL099W,1.2071312203962962e-17
YDR343C,YBL016W,1.4558917960094675e-10
YDR343C,YAL041W,0.007109032012522221
YDR343C,YDR085C,1.644958206479467e-15
YDR343C,YPL187W,0.04790499806404114
YDR343C,YPL256C,1.9969184639201387e-10
YDR343C,YDR461W,2.3420581030109133e-08
YDR343C,YNL145W,0.008519253693521023
YPL111W,YDL165W,2.7467460768093588e-06
YPL111W,YGR059W,3.3689038225759305e-09
YPL111W,YBR109C,3.505800805214676e-08
YPL111W,YJL080C,4.2430424814941456e-14
YPL111W,YCR093W,3.903920914836989e-13
YPL111W,YIL122W,0.04382971674203873
YPL111W,YCL029C,1.7729474138805656e-11
YPL111W,YNL173C,1.851510717209798e-21
YPL111W,YLR452C,2.0843162563424547e-28
YPL111W,YDL160C,0.010366923175752163
YPL111W,YLR229C,5.593965290984215e-09
YPL111W,YML057W,3.100608962289253e-13
YPL111W,YER149C,4.4878209592980056e-08
YPL111W,YMR305C,3.984894011987983e-12
YPL111W,YLR433C,1.1641414221497115e-10
YPL111W,YJL073W,1.4020033398121079e-11
YPL111W,YGR279C,7.485452145281069e-13
YPL111W,YKL190W,3.919881783076562e-05
YPL111W,YGL089C,2.316329907828957e-13
YPL111W,YJL019W,3.3205570237893056e-11
YPL111W,YJL018W,0.00036369997542351484
YPL111W,YNR032C-A,2.2563513724094264e-08
YPL111W,YGL178W,3.3448861813667463e-07
YPL111W,YKL116C,2.3032571334624663e-06
YPL111W,YDL214C,1.8230375644634478e-05
YPL111W,YLR362W,2.081012517862746e-08
YPL111W,YER068W,6.989578650973272e-06
YPL111W,YHR084W,1.4742378159878563e-16
YPL111W,YDR392W,7.510407768786254e-13
YPL111W,YNL053W,2.547582977907581e-10
YPL111W,YGR040W,0.009445671923458576
YPL111W,YDL216C,2.2573728983843466e-06
YPL111W,YOL117W,1.5301183931004658e-10
YPL111W,YJR086W,1.3055558023555847e-10
YPL111W,YMR025W,4.77707828849816e-07
YPL111W,YBR081C,5.957251374030336e-18
YPL111W,YFL026W,7.728706048629533e-14
YPL111W,YHL007C,2.2849573490626215e-15
YPL111W,YNR044W,3.80698239859506e-13
YPL111W,YNL271C,0.0003329694445710629
YPL111W,YDR200C,9.241620056027466e-14
YPL111W,YKL178C,2.428616426186636e-06
YPL111W,YOR212W,1.5405088500414915e-13
YPL111W,YOL111C,3.6474225332747134e-13
YPL111W,YGL032C,1.8033947946083373e-10
YPL111W,YHR005C,2.505700369415109e-10
YPL111W,YDR103W,1.6480673821206437e-06
YPL111W,YJR084W,4.125661590137497e-08
YPL111W,YCL032W,0.00016736013640183955
YPL111W,YJL170C,3.496536556384794e-13
YPL111W,YDR179C,1.6452862837468274e-05
YPL111W,YBR095C,4.180333590397822e-08
YPL111W,YLL021W,1.8000275478057687e-13
YPL111W,YDL159W,5.159967939039056e-11
YPL111W,YNL161W,2.7216146918362938e-05
YPL111W,YNL188W,9.079675048630396e-17
YPL111W,YJL157C,1.0596379979688209e-05
YPL111W,YJL034W,4.266241873662757e-11
YPL111W,YLR238W,1.2550529192301152e-13
YPL111W,YPR141C,3.504122363231837e-16
YPL111W,YNL127W,6.128090035417699e-08
YPL111W,YCL055W,1.0100831897107273e-15
YPL111W,YPR122W,1.4617237975578234e-10
YPL111W,YMR065W,8.123042682939285e-09
YPL111W,YDR356W,1.2779667601936495e-10
YPL111W,YMR052W,6.744937309122179e-06
YPL111W,YFR008W,6.516002848400149e-09
YPL111W,YLL043W,2.1249484376956174e-12
YPL111W,YMR029C,1.5202411812048622e-15
YPL111W,YJR004C,1.3420862728444338e-12
YPL111W,YDL223C,3.3848590163393366e-12
YPL111W,YHR158C,0.00018256946350447834
YPL111W,YGR238C,1.6886729099496733e-06
YPL111W,YIL015W,6.277590358649832e-08
YPL111W,YGL173C,4.290905686321622e-10
YPL111W,YDL225W,2.136154080289998e-06
YPL111W,YLR330W,7.772583132670263e-10
YPL111W,YBR129C,9.345088721954276e-13
YPL111W,YKR095W-A,0.2020167112350464
YPL111W,YPR075C,4.8792150468589604e-14
YPL111W,YMR198W,4.703399670603903e-13
YPL111W,YOR127W,8.465808783164608e-12
YPL111W,YDR264C,1.897668688854992e-09
YPL111W,YLR110C,3.1778679687732847e-10
YPL111W,YDR379W,7.838947373162153e-12
YPL111W,YDL100C,3.0952292812136406e-11
YPL111W,YHR073W,5.6546767154941335e-05
YPL111W,YJR090C,6.13629424606188e-07
YPL111W,YOR208W,2.3492768841393286e-10
YPL111W,YBR040W,8.722930711080323e-10
YPL111W,YNL279W,3.1564966027249064e-13
YPL111W,YER075C,8.460739921167804e-12
YPL111W,YCR089W,7.53807086195657e-11
YPL111W,YCR002C,3.1806037441128865e-05
YPL111W,YJL108C,1.0808696602679357e-12
YPL111W,YBR200W,2.0255210841924054e-09
YPL111W,YIL026C,5.496225639944896e-06
YPL111W,YJR076C,4.568660827430904e-08
YPL111W,YKR031C,3.1323594384957687e-07
YPL111W,YPL192C,6.291762019827729e-06
YPL111W,YHR107C,2.1056772991911998e-10
YPL111W,YIL037C,1.4253908383471403e-12
YPL111W,YPL156C,1.915544944885994e-10
YPL111W,YIL117C,1.5408678098990437e-16
YPL111W,YHR066W,1.8120279379079708e-14
YPL111W,YML085C,2.849218951050947e-11
YPL111W,YML047C,2.4862778502665606e-09
YPL111W,YDR312W,3.417856275778064e-11
YPL111W,YFL037W,5.135692578705239e-16
YPL111W,YDL038C,0.2020167112350464
YPL111W,YDL039C,4.11619432982846e-10
YPL111W,YCL027W,1.0020282028438705e-14
YPL111W,YML124C,5.549148312622258e-14
YPL111W,YGL053W,1.2195838719616329e-14
YPL111W,YMR232W,2.696078766056126e-15
YPL111W,YNL298W,6.780069394807242e-09
YPL111W,YGL099W,1.4086847057686848e-20
YPL111W,YBL016W,2.2793370923340772e-12
YPL111W,YAL041W,2.3640010088366026e-11
YPL111W,YDR085C,1.4534285775781586e-13
YPL111W,YPL187W,0.0010486041428521276
YPL111W,YPL256C,6.383150008559824e-09
YPL111W,YDR461W,1.228225993132881e-10
YPL111W,YNL145W,9.071593254361687e-09
YJL124C,YDL165W,8.08956247055903e-06
YJL124C,YGR059W,2.3252779612903396e-07
YJL124C,YBR109C,1.616553527128417e-05
YJL124C,YJL080C,0.0004085259570274502
YJL124C,YCR093W,1.599841380084399e-05
YJL124C,YIL122W,1.2735634982163901e-06
YJL124C,YCL029C,7.1807120249900436e-09
YJL124C,YNL173C,0.979274570941925
YJL124C,YLR452C,0.9998538494110107
YJL124C,YDL160C,1.174288809124846e-05
YJL124C,YLR229C,0.00242180866189301
YJL124C,YML057W,4.510825965553522e-05
YJL124C,YER149C,0.0323091521859169
YJL124C,YMR305C,0.9993712306022644
YJL124C,YLR433C,0.00046252357424236834
YJL124C,YJL073W,5.6060960317320593e-14
YJL124C,YGR279C,0.009110881015658379
YJL124C,YKL190W,0.00021744093101006
YJL124C,YGL089C,0.08568251132965088
YJL124C,YJL019W,5.203513130363352e-15
YJL124C,YJL018W,0.02996070496737957
YJL124C,YNR032C-A,0.14182442426681519
YJL124C,YGL178W,0.00017072782793547958
YJL124C,YKL116C,0.0002646162756718695
YJL124C,YDL214C,1.9143571989843622e-05
YJL124C,YLR362W,0.0025967329274863005
YJL124C,YER068W,1.1799397725553717e-05
YJL124C,YHR084W,6.123950679892687e-09
YJL124C,YDR392W,0.002244893228635192
YJL124C,YNL053W,7.900473065092228e-06
YJL124C,YGR040W,0.0007401613402180374
YJL124C,YDL216C,0.001400167471729219
YJL124C,YOL117W,0.018375061452388763
YJL124C,YJR086W,1.3751164651409908e-08
YJL124C,YMR025W,1.2167166687504505e-06
YJL124C,YBR081C,0.0012654646998271346
YJL124C,YFL026W,0.02372366562485695
YJL124C,YHL007C,1.7861331969015737e-08
YJL124C,YNR044W,1.6501923028044985e-06
YJL124C,YNL271C,0.0005327246617525816
YJL124C,YDR200C,4.344310866599699e-07
YJL124C,YKL178C,0.9534976482391357
YJL124C,YOR212W,0.12903214991092682
YJL124C,YOL111C,3.048080954304311e-10
YJL124C,YGL032C,0.195641428232193
YJL124C,YHR005C,0.050763025879859924
YJL124C,YDR103W,1.224719881065539e-07
YJL124C,YJR084W,1.0927404218818992e-05
YJL124C,YCL032W,6.942193522263551e-06
YJL124C,YJL170C,0.9262239933013916
YJL124C,YDR179C,0.0001337983994744718
YJL124C,YBR095C,1.526533924334217e-05
YJL124C,YLL021W,9.475069617792542e-09
YJL124C,YDL159W,4.0901004805249386e-11
YJL124C,YNL161W,0.00013775061233900487
YJL124C,YNL188W,4.900115868622379e-07
YJL124C,YJL157C,1.6001113181118853e-05
YJL124C,YJL034W,8.942012169783908e-13
YJL124C,YLR238W,1.220583385475038e-06
YJL124C,YPR141C,4.7147335862973705e-05
YJL124C,YNL127W,0.0009209991549141705
YJL124C,YCL055W,4.140527016716078e-05
YJL124C,YPR122W,1.4484140592685435e-05
YJL124C,YMR065W,0.16236695647239685
YJL124C,YDR356W,6.386038399475158e-12
YJL124C,YMR052W,0.002938168356195092
YJL124C,YFR008W,1.2708675285466597e-06
YJL124C,YLL043W,3.0668951822576673e-09
YJL124C,YMR029C,0.16806448996067047
YJL124C,YJR004C,5.600407984585054e-11
YJL124C,YDL223C,4.714174742844607e-14
YJL124C,YHR158C,6.748916703269714e-11
YJL124C,YGR238C,1.294608031887634e-10
YJL124C,YIL015W,0.8178476095199585
YJL124C,YGL173C,1.7374286471749656e-06
YJL124C,YDL225W,0.010586809366941452
YJL124C,YLR330W,2.0212351955706254e-05
YJL124C,YBR129C,0.058765724301338196
YJL124C,YKR095W-A,0.2020167112350464
YJL124C,YPR075C,3.9383084526889434e-07
YJL124C,YMR198W,2.1852703866898082e-05
YJL124C,YOR127W,1.2140075966726727e-07
YJL124C,YDR264C,0.0035947503056377172
YJL124C,YLR110C,1.0962777352574449e-08
YJL124C,YDR379W,0.0003560981131158769
YJL124C,YDL100C,1.384327052988965e-08
YJL124C,YHR073W,4.533777371307224e-07
YJL124C,YJR090C,6.659067003056407e-05
YJL124C,YOR208W,0.06243469566106796
YJL124C,YBR040W,4.779969822266139e-05
YJL124C,YNL279W,9.714024599816184e-06
YJL124C,YER075C,3.0078680879341846e-07
YJL124C,YCR089W,3.097504304605536e-06
YJL124C,YCR002C,0.9665093421936035
YJL124C,YJL108C,0.10752130299806595
YJL124C,YBR200W,1.980336561402396e-09
YJL124C,YIL026C,2.976638643303886e-05
YJL124C,YJR076C,3.989510787505424e-06
YJL124C,YKR031C,7.338404975598678e-05
YJL124C,YPL192C,0.00782899372279644
YJL124C,YHR107C,2.6736229230550634e-08
YJL124C,YIL037C,3.5844681406160817e-05
YJL124C,YPL156C,0.008326087146997452
YJL124C,YIL117C,3.6584478948498145e-05
YJL124C,YHR066W,1.0716005860444966e-10
YJL124C,YML085C,0.000942304905038327
YJL124C,YML047C,0.29075366258621216
YJL124C,YDR312W,1.1203376004687016e-08
YJL124C,YFL037W,0.00015125813661143184
YJL124C,YDL038C,0.2020167112350464
YJL124C,YDL039C,1.8239850874124386e-07
YJL124C,YCL027W,0.001049045822583139
YJL124C,YML124C,1.2742972330670455e-06
YJL124C,YGL053W,0.931769609451294
YJL124C,YMR232W,0.0005339320050552487
YJL124C,YNL298W,0.7781633734703064
YJL124C,YGL099W,9.346222213935107e-07
YJL124C,YBL016W,0.00027755158953368664
YJL124C,YAL041W,7.888691470725462e-05
YJL124C,YDR085C,1.1274447615505778e-06
YJL124C,YPL187W,0.0006622564396820962
YJL124C,YPL256C,0.02553924173116684
YJL124C,YDR461W,0.9990954399108887
YJL124C,YNL145W,4.511118277150672e-06
YOL144W,YDL165W,7.767847876039013e-08
YOL144W,YGR059W,1.9938262596497225e-08
YOL144W,YBR109C,7.554522017017007e-05
YOL144W,YJL080C,0.0003712764009833336
YOL144W,YCR093W,9.405150194652379e-05
YOL144W,YIL122W,0.00011088141764048487
YOL144W,YCL029C,3.2308719501855654e-12
YOL144W,YNL173C,0.00026132434140890837
YOL144W,YLR452C,2.261340448228566e-08
YOL144W,YDL160C,6.030924396327464e-06
YOL144W,YLR229C,6.991309614567953e-11
YOL144W,YML057W,1.1337616401263517e-09
YOL144W,YER149C,0.0009159658220596611
YOL144W,YMR305C,5.362082444726468e-10
YOL144W,YLR433C,3.991346836373921e-11
YOL144W,YJL073W,5.277458678398794e-11
YOL144W,YGR279C,0.0020322061609476805
YOL144W,YKL190W,0.07456429302692413
YOL144W,YGL089C,5.425802951326613e-15
YOL144W,YJL019W,4.158222099981401e-10
YOL144W,YJL018W,0.00013616870273835957
YOL144W,YNR032C-A,0.8070533871650696
YOL144W,YGL178W,6.157802658890432e-07
YOL144W,YKL116C,1.5279381166570028e-16
YOL144W,YDL214C,1.8336475477553904e-05
YOL144W,YLR362W,6.370027172408754e-09
YOL144W,YER068W,0.8238596320152283
YOL144W,YHR084W,3.0969709896621136e-15
YOL144W,YDR392W,3.0682010674354387e-06
YOL144W,YNL053W,1.0282673601480496e-09
YOL144W,YGR040W,1.004197997644951e-06
YOL144W,YDL216C,0.00010444164945511147
YOL144W,YOL117W,1.187569775851216e-08
YOL144W,YJR086W,1.0540350814380872e-07
YOL144W,YMR025W,0.016539962962269783
YOL144W,YBR081C,7.463183465006296e-06
YOL144W,YFL026W,0.0001969726727111265
YOL144W,YHL007C,6.422198189914852e-11
YOL144W,YNR044W,1.4823423738485886e-11
YOL144W,YNL271C,1.657469147176016e-05
YOL144W,YDR200C,2.869656555049005e-06
YOL144W,YKL178C,3.603274478791718e-08
YOL144W,YOR212W,3.023385171775986e-14
YOL144W,YOL111C,1.0812749113230883e-14
YOL144W,YGL032C,3.7176808298511332e-09
YOL144W,YHR005C,0.0074763367883861065
YOL144W,YDR103W,6.470651925383208e-08
YOL144W,YJR084W,4.496937544562485e-12
YOL144W,YCL032W,2.067521442938869e-08
YOL144W,YJL170C,0.9977847933769226
YOL144W,YDR179C,2.450272515268359e-13
YOL144W,YBR095C,0.0002903373970184475
YOL144W,YLL021W,2.8894484785269015e-05
YOL144W,YDL159W,1.0608523126620639e-07
YOL144W,YNL161W,4.400791553393901e-08
YOL144W,YNL188W,7.975337314801881e-17
YOL144W,YJL157C,1.0745863932015709e-07
YOL144W,YJL034W,5.317822981965037e-08
YOL144W,YLR238W,9.331669161838363e-07
YOL144W,YPR141C,2.065092541414515e-09
YOL144W,YNL127W,8.017388609005138e-05
YOL144W,YCL055W,5.2289190755061554e-09
YOL144W,YPR122W,3.3887499739648774e-06
YOL144W,YMR065W,8.840452210279182e-06
YOL144W,YDR356W,0.0011648207437247038
YOL144W,YMR052W,0.16758932173252106
YOL144W,YFR008W,4.103783794562332e-05
YOL144W,YLL043W,0.9991058707237244
YOL144W,YMR029C,4.883950666112469e-08
YOL144W,YJR004C,1.4431029171646514e-07
YOL144W,YDL223C,7.267420172596406e-13
YOL144W,YHR158C,7.585917046526447e-05
YOL144W,YGR238C,2.9203447993175757e-10
YOL144W,YIL015W,1.003788163700392e-10
YOL144W,YGL173C,0.10070665925741196
YOL144W,YDL225W,4.898284942100872e-07
YOL144W,YLR330W,1.2760723467480917e-13
YOL144W,YBR129C,0.6213233470916748
YOL144W,YKR095W-A,0.2020167112350464
YOL144W,YPR075C,2.679177555364731e-07
YOL144W,YMR198W,1.551406503264019e-10
YOL144W,YOR127W,0.0001571395987411961
YOL144W,YDR264C,0.0005089330952614546
YOL144W,YLR110C,0.04904402792453766
YOL144W,YDR379W,9.92062521021353e-09
YOL144W,YDL100C,1.5756188531668158e-06
YOL144W,YHR073W,1.8138168744741279e-09
YOL144W,YJR090C,1.854894238206839e-09
YOL144W,YOR208W,0.0011474316706880927
YOL144W,YBR040W,1.0059275634688447e-09
YOL144W,YNL279W,4.346805508248508e-05
YOL144W,YER075C,2.6084360342792934e-06
YOL144W,YCR089W,4.1498672942452686e-08
YOL144W,YCR002C,0.003961645532399416
YOL144W,YJL108C,3.813129580976238e-07
YOL144W,YBR200W,1.0805275944825166e-12
YOL144W,YIL026C,4.596525116085104e-08
YOL144W,YJR076C,5.211720690567745e-07
YOL144W,YKR031C,0.017583783715963364
YOL144W,YPL192C,5.335170953912893e-07
YOL144W,YHR107C,1.8393851997089428e-09
YOL144W,YIL037C,3.537859092597913e-14
YOL144W,YPL156C,0.001661204849369824
YOL144W,YIL117C,2.5793900931603275e-05
YOL144W,YHR066W,2.5288568461512284e-10
YOL144W,YML085C,0.1303407847881317
YOL144W,YML047C,0.8818525075912476
YOL144W,YDR312W,2.5846910034488246e-07
YOL144W,YFL037W,0.055327363312244415
YOL144W,YDL038C,0.2020167112350464
YOL144W,YDL039C,2.450035907486381e-08
YOL144W,YCL027W,1.178733061102334e-15
YOL144W,YML124C,0.00011860948143294081
YOL144W,YGL053W,3.3606283977860585e-06
YOL144W,YMR232W,2.152200835325857e-07
YOL144W,YNL298W,2.5780516352824634e-06
YOL144W,YGL099W,7.325630851711881e-14
YOL144W,YBL016W,2.0046709518078965e-12
YOL144W,YAL041W,8.626546332379803e-05
YOL144W,YDR085C,0.969333827495575
YOL144W,YPL187W,2.4445778734616397e-09
YOL144W,YPL256C,7.025804634255839e-13
YOL144W,YDR461W,1.344754650745017e-06
YOL144W,YNL145W,7.929165102282809e-10
YIR028W,YDL165W,4.539052205659085e-15
YIR028W,YGR059W,3.970677851458399e-15
YIR028W,YBR109C,2.3318014186202163e-12
YIR028W,YJL080C,9.756471672228706e-12
YIR028W,YCR093W,2.6730415214615277e-08
YIR028W,YIL122W,7.206716645669076e-08
YIR028W,YCL029C,1.247212111366025e-08
YIR028W,YNL173C,5.736574166803621e-06
YIR028W,YLR452C,0.0015227905241772532
YIR028W,YDL160C,3.0042522212170297e-06
YIR028W,YLR229C,6.12420990364626e-07
YIR028W,YML057W,5.077283276477829e-06
YIR028W,YER149C,0.00010242567805107683
YIR028W,YMR305C,2.2768510916648665e-06
YIR028W,YLR433C,0.0003842212026938796
YIR028W,YJL073W,5.613182807451267e-09
YIR028W,YGR279C,9.698714364958505e-08
YIR028W,YKL190W,0.05317459627985954
YIR028W,YGL089C,4.708989864710134e-10
YIR028W,YJL019W,3.039229312662428e-09
YIR028W,YJL018W,0.007052656728774309
YIR028W,YNR032C-A,0.0001409833348589018
YIR028W,YGL178W,5.084047188574914e-06
YIR028W,YKL116C,3.5571602087502985e-12
YIR028W,YDL214C,0.00030390667961910367
YIR028W,YLR362W,1.384308006890933e-06
YIR028W,YER068W,2.4706113777028804e-07
YIR028W,YHR084W,4.271711077308282e-05
YIR028W,YDR392W,7.739719876553863e-06
YIR028W,YNL053W,1.1783859577008116e-07
YIR028W,YGR040W,3.632558476240888e-09
YIR028W,YDL216C,8.298179365873182e-10
YIR028W,YOL117W,1.4850576235403423e-07
YIR028W,YJR086W,1.9170606435636728e-07
YIR028W,YMR025W,6.180800846777856e-05
YIR028W,YBR081C,3.9939943235367537e-05
YIR028W,YFL026W,0.0006519463495351374
YIR028W,YHL007C,1.362559509665573e-10
YIR028W,YNR044W,4.264180120117089e-09
YIR028W,YNL271C,0.05646898224949837
YIR028W,YDR200C,0.0030968617647886276
YIR028W,YKL178C,6.022663256999294e-09
YIR028W,YOR212W,1.8809303004019284e-09
YIR028W,YOL111C,6.210883185531202e-08
YIR028W,YGL032C,0.0009174677543342113
YIR028W,YHR005C,8.34466561627778e-07
YIR028W,YDR103W,2.6999562123819487e-06
YIR028W,YJR084W,8.403469564655097e-08
YIR028W,YCL032W,0.00026503868866711855
YIR028W,YJL170C,8.471452588310058e-07
YIR028W,YDR179C,2.4628581396513027e-09
YIR028W,YBR095C,5.886765033769059e-12
YIR028W,YLL021W,3.527105162961317e-18
YIR028W,YDL159W,1.7483193712197753e-11
YIR028W,YNL161W,9.380100891576149e-07
YIR028W,YNL188W,0.002060164697468281
YIR028W,YJL157C,5.5154325896732744e-15
YIR028W,YJL034W,2.6889931660457542e-14
YIR028W,YLR238W,4.254980534579289e-10
YIR028W,YPR141C,1.6588431961395145e-08
YIR028W,YNL127W,0.00027259401394985616
YIR028W,YCL055W,2.5658991194255597e-14
YIR028W,YPR122W,0.0005867989384569228
YIR028W,YMR065W,0.00040524682844989
YIR028W,YDR356W,2.3669672088999505e-07
YIR028W,YMR052W,6.717775704601081e-07
YIR028W,YFR008W,0.00010851358092622831
YIR028W,YLL043W,5.972890448902035e-06
YIR028W,YMR029C,1.4011695839144522e-06
YIR028W,YJR004C,2.1733307221438736e-05
YIR028W,YDL223C,3.0009886131665553e-07
YIR028W,YHR158C,4.6368192840873235e-08
YIR028W,YGR238C,2.4690663735782437e-07
YIR028W,YIL015W,0.00439789704978466
YIR028W,YGL173C,1.0278289863663304e-07
YIR028W,YDL225W,3.681136604427593e-07
YIR028W,YLR330W,2.7120056200757858e-11
YIR028W,YBR129C,3.303326536752138e-07
YIR028W,YKR095W-A,0.2020167112350464
YIR028W,YPR075C,4.955882104695775e-07
YIR028W,YMR198W,0.0035160144325345755
YIR028W,YOR127W,5.929827462392012e-11
YIR028W,YDR264C,8.400678552789032e-07
YIR028W,YLR110C,3.151287819491699e-05
YIR028W,YDR379W,0.0009935871930792928
YIR028W,YDL100C,6.561791447657825e-15
YIR028W,YHR073W,3.1965931095688516e-13
YIR028W,YJR090C,7.232017651404021e-07
YIR028W,YOR208W,6.230085887182213e-07
YIR028W,YBR040W,2.8728004508593585e-07
YIR028W,YNL279W,4.164234894687979e-07
YIR028W,YER075C,0.05143636465072632
YIR028W,YCR089W,6.8912576978164e-08
YIR028W,YCR002C,4.2206728778637626e-08
YIR028W,YJL108C,0.00044348553637973964
YIR028W,YBR200W,4.561294630889279e-08
YIR028W,YIL026C,1.2451247130229603e-05
YIR028W,YJR076C,9.713455040305519e-11
YIR028W,YKR031C,1.8360728493149736e-09
YIR028W,YPL192C,3.1448621484742034e-07
YIR028W,YHR107C,2.4975233827717602e-06
YIR028W,YIL037C,8.55276873629185e-12
YIR028W,YPL156C,0.0004211477062199265
YIR028W,YIL117C,2.5121903490799014e-07
YIR028W,YHR066W,2.807093921678149e-16
YIR028W,YML085C,4.836409061681479e-06
YIR028W,YML047C,7.67489182180725e-05
YIR028W,YDR312W,3.0511586146531045e-07
YIR028W,YFL037W,6.056723319495388e-14
YIR028W,YDL038C,0.2020167112350464
YIR028W,YDL039C,1.474741335993901e-12
YIR028W,YCL027W,5.666913125423889e-07
YIR028W,YML124C,3.085929624027078e-17
YIR028W,YGL053W,3.542059801020514e-07
YIR028W,YMR232W,1.6326283380774242e-10
YIR028W,YNL298W,0.0004864959919359535
YIR028W,YGL099W,2.483925842788892e-10
YIR028W,YBL016W,6.854543321832551e-11
YIR028W,YAL041W,0.005941030103713274
YIR028W,YDR085C,7.511010480243385e-09
YIR028W,YPL187W,0.0008966957684606314
YIR028W,YPL256C,3.8796133594587445e-06
YIR028W,YDR461W,5.5704708756820764e-06
YIR028W,YNL145W,6.078707315282372e-08
YOR119C,YDL165W,2.814717126042865e-09
YOR119C,YGR059W,1.1878236172435663e-08
YOR119C,YBR109C,1.1894076834551015e-09
YOR119C,YJL080C,0.0001473884767619893
YOR119C,YCR093W,0.06605694442987442
YOR119C,YIL122W,7.861894468774722e-10
YOR119C,YCL029C,6.72571220938778e-10
YOR119C,YNL173C,5.531153868254535e-10
YOR119C,YLR452C,0.0024994928389787674
YOR119C,YDL160C,0.098323293030262
YOR119C,YLR229C,2.982653413141634e-08
YOR119C,YML057W,2.5924856836948592e-16
YOR119C,YER149C,1.490727754571708e-07
YOR119C,YMR305C,1.0681876574381022e-06
YOR119C,YLR433C,0.01966034807264805
YOR119C,YJL073W,3.8110652329260974e-13
YOR119C,YGR279C,1.488992396048161e-08
YOR119C,YKL190W,3.641501596790553e-12
YOR119C,YGL089C,1.5782816831233504e-08
YOR119C,YJL019W,2.456162474118173e-05
YOR119C,YJL018W,9.6975862106774e-05
YOR119C,YNR032C-A,0.14054206013679504
YOR119C,YGL178W,8.342186629306525e-05
YOR119C,YKL116C,4.0765252284913345e-11
YOR119C,YDL214C,1.998753340615167e-08
YOR119C,YLR362W,1.7401835528119136e-09
YOR119C,YER068W,2.9472639084815455e-07
YOR119C,YHR084W,3.475953552767308e-11
YOR119C,YDR392W,2.77529952144584e-13
YOR119C,YNL053W,8.644879950781004e-11
YOR119C,YGR040W,5.336483477336174e-10
YOR119C,YDL216C,1.412965161540214e-10
YOR119C,YOL117W,5.132005931329786e-14
YOR119C,YJR086W,3.768352296873445e-10
YOR119C,YMR025W,9.060586309006524e-11
YOR119C,YBR081C,1.997865183511749e-06
YOR119C,YFL026W,1.3320930469795655e-10
YOR119C,YHL007C,9.52495634448658e-12
YOR119C,YNR044W,0.11430638283491135
YOR119C,YNL271C,2.60535301777054e-07
YOR119C,YDR200C,5.24326946877568e-13
YOR119C,YKL178C,0.5675675272941589
YOR119C,YOR212W,0.00436048349365592
YOR119C,YOL111C,1.2212085658577614e-14
YOR119C,YGL032C,2.1722594283346552e-06
YOR119C,YHR005C,0.0006762880948372185
YOR119C,YDR103W,1.0257096505483787e-08
YOR119C,YJR084W,7.778804510250037e-12
YOR119C,YCL032W,1.1550042801179521e-15
YOR119C,YJL170C,4.930717523166095e-07
YOR119C,YDR179C,1.2636914625829831e-08
YOR119C,YBR095C,4.982338760312066e-12
YOR119C,YLL021W,0.023087382316589355
YOR119C,YDL159W,2.5893667210397098e-09
YOR119C,YNL161W,0.00023407800472341478
YOR119C,YNL188W,1.396589510704871e-09
YOR119C,YJL157C,7.128174939197152e-09
YOR119C,YJL034W,9.14278960699455e-14
YOR119C,YLR238W,1.380263370265311e-07
YOR119C,YPR141C,7.12709006620571e-05
YOR119C,YNL127W,1.5322132451700554e-09
YOR119C,YCL055W,1.9323525256038226e-13
YOR119C,YPR122W,6.304171256488189e-05
YOR119C,YMR065W,7.035362796159461e-05
YOR119C,YDR356W,8.750207780394703e-05
YOR119C,YMR052W,0.05427679419517517
YOR119C,YFR008W,4.613510462547765e-09
YOR119C,YLL043W,5.3202092830230505e-15
YOR119C,YMR029C,2.9305752703018273e-12
YOR119C,YJR004C,8.782641974791616e-11
YOR119C,YDL223C,3.8915740268494713e-16
YOR119C,YHR158C,0.03276962786912918
YOR119C,YGR238C,2.964668510685442e-07
YOR119C,YIL015W,0.007931643165647984
YOR119C,YGL173C,0.006542078219354153
YOR119C,YDL225W,2.072895240873285e-12
YOR119C,YLR330W,2.7152970965963787e-15
YOR119C,YBR129C,5.339682957128389e-06
YOR119C,YKR095W-A,0.2020167112350464
YOR119C,YPR075C,2.3964007667132137e-08
YOR119C,YMR198W,7.350678288275958e-08
YOR119C,YOR127W,3.938514011453398e-12
YOR119C,YDR264C,1.7487011838568378e-09
YOR119C,YLR110C,0.022978585213422775
YOR119C,YDR379W,5.25273082679651e-16
YOR119C,YDL100C,1.5211149803932497e-14
YOR119C,YHR073W,2.1340482254092314e-18
YOR119C,YJR090C,4.514229962060412e-11
YOR119C,YOR208W,1.6470484915168115e-12
YOR119C,YBR040W,0.0002303092333022505
YOR119C,YNL279W,3.559707043021554e-11
YOR119C,YER075C,5.771717042080127e-05
YOR119C,YCR089W,7.673424988752231e-07
YOR119C,YCR002C,3.020209915494121e-10
YOR119C,YJL108C,3.943702656106218e-11
YOR119C,YBR200W,1.6223161702910716e-10
YOR119C,YIL026C,3.4419531402818393e-07
YOR119C,YJR076C,1.0851618492679904e-09
YOR119C,YKR031C,1.679032538959291e-05
YOR119C,YPL192C,0.002903842367231846
YOR119C,YHR107C,5.256397983544048e-09
YOR119C,YIL037C,1.2471535910663079e-06
YOR119C,YPL156C,7.769839385218802e-07
YOR119C,YIL117C,2.7162446713191457e-05
YOR119C,YHR066W,8.07453713266848e-13
YOR119C,YML085C,1.4095876688102749e-09
YOR119C,YML047C,0.0027142884209752083
YOR119C,YDR312W,1.1670677757535941e-09
YOR119C,YFL037W,3.326653796875689e-08
YOR119C,YDL038C,0.2020167112350464
YOR119C,YDL039C,4.073670822890563e-08
YOR119C,YCL027W,2.34132414789201e-07
YOR119C,YML124C,1.6309495520813017e-15
YOR119C,YGL053W,4.4680356636739305e-10
YOR119C,YMR232W,2.626417699502781e-05
YOR119C,YNL298W,0.0019258720567449927
YOR119C,YGL099W,3.4375200168995645e-12
YOR119C,YBL016W,1.2979793240219806e-08
YOR119C,YAL041W,1.6655516077435095e-08
YOR119C,YDR085C,5.000031251256587e-06
YOR119C,YPL187W,1.265997013888409e-07
YOR119C,YPL256C,8.967557664915979e-18
YOR119C,YDR461W,7.14458714412558e-10
YOR119C,YNL145W,3.329077662783675e-05
YGR227W,YDL165W,0.0021834871731698513
YGR227W,YGR059W,7.662220191662072e-09
YGR227W,YBR109C,6.894442049087957e-05
YGR227W,YJL080C,5.65126856599818e-06
YGR227W,YCR093W,0.019556891173124313
YGR227W,YIL122W,7.913027729955502e-06
YGR227W,YCL029C,0.0021354476921260357
YGR227W,YNL173C,0.00450089992955327
YGR227W,YLR452C,7.766923954477534e-05
YGR227W,YDL160C,0.9725757837295532
YGR227W,YLR229C,0.42699018120765686
YGR227W,YML057W,1.269778096002483e-07
YGR227W,YER149C,0.00013360040611587465
YGR227W,YMR305C,0.30825141072273254
YGR227W,YLR433C,1.3206088624428958e-05
YGR227W,YJL073W,4.1023448527077733e-10
YGR227W,YGR279C,6.561269856319996e-07
YGR227W,YKL190W,8.05834679340478e-06
YGR227W,YGL089C,0.9757006764411926
YGR227W,YJL019W,0.0690251961350441
YGR227W,YJL018W,0.00841016136109829
YGR227W,YNR032C-A,0.19973279535770416
YGR227W,YGL178W,0.22223423421382904
YGR227W,YKL116C,1.055510324476927e-06
YGR227W,YDL214C,0.14665184915065765
YGR227W,YLR362W,6.759940151823685e-05
YGR227W,YER068W,1.0373594960810806e-07
YGR227W,YHR084W,0.0013706386089324951
YGR227W,YDR392W,2.0015388543619117e-15
YGR227W,YNL053W,0.0006812551873736084
YGR227W,YGR040W,0.0035927898716181517
YGR227W,YDL216C,0.004002034198492765
YGR227W,YOL117W,7.762927189958191e-09
YGR227W,YJR086W,4.253207953297533e-05
YGR227W,YMR025W,2.858882180589717e-05
YGR227W,YBR081C,0.8354631662368774
YGR227W,YFL026W,2.201843507521062e-08
YGR227W,YHL007C,3.9207637136939866e-09
YGR227W,YNR044W,6.100363520999963e-07
YGR227W,YNL271C,2.2918987541142855e-10
YGR227W,YDR200C,6.562168169965688e-11
YGR227W,YKL178C,0.0002510070044081658
YGR227W,YOR212W,0.9749754667282104
YGR227W,YOL111C,0.10315798223018646
YGR227W,YGL032C,1.625442109798314e-07
YGR227W,YHR005C,7.358123887968304e-09
YGR227W,YDR103W,1.4055700603421428e-06
YGR227W,YJR084W,1.635360113994011e-08
YGR227W,YCL032W,0.14546969532966614
YGR227W,YJL170C,1.6355128806821995e-08
YGR227W,YDR179C,0.000344104744726792
YGR227W,YBR095C,2.509845762688201e-05
YGR227W,YLL021W,0.002246471354737878
YGR227W,YDL159W,0.7656661868095398
YGR227W,YNL161W,6.72228925395757e-05
YGR227W,YNL188W,0.15692965686321259
YGR227W,YJL157C,0.00018694522441364825
YGR227W,YJL034W,2.2585250007978175e-06
YGR227W,YLR238W,0.0009042576421052217
YGR227W,YPR141C,6.116049007687252e-06
YGR227W,YNL127W,0.00018613114662002772
YGR227W,YCL055W,2.759655035333708e-05
YGR227W,YPR122W,0.00014612902305088937
YGR227W,YMR065W,0.6223107576370239
YGR227W,YDR356W,3.352386812593977e-08
YGR227W,YMR052W,0.0007917902548797429
YGR227W,YFR008W,2.711837169044884e-06
YGR227W,YLL043W,0.17132610082626343
YGR227W,YMR029C,6.284316329038114e-14
YGR227W,YJR004C,7.846019833834816e-09
YGR227W,YDL223C,3.5891218885808485e-09
YGR227W,YHR158C,8.139575236043584e-09
YGR227W,YGR238C,4.3905696855972565e-09
YGR227W,YIL015W,0.0030245045199990273
YGR227W,YGL173C,0.10340265184640884
YGR227W,YDL225W,0.007827019318938255
YGR227W,YLR330W,0.00046771488268859684
YGR227W,YBR129C,7.035301223368151e-06
YGR227W,YKR095W-A,0.2020167112350464
YGR227W,YPR075C,3.2037547725849436e-08
YGR227W,YMR198W,0.0003120955661870539
YGR227W,YOR127W,0.0018175989389419556
YGR227W,YDR264C,0.06606576591730118
YGR227W,YLR110C,9.581991378126986e-08
YGR227W,YDR379W,0.004434152506291866
YGR227W,YDL100C,0.9851399064064026
YGR227W,YHR073W,0.00075180409476161
YGR227W,YJR090C,3.14993644678907e-06
YGR227W,YOR208W,3.3859037795735958e-09
YGR227W,YBR040W,2.320709972991608e-05
YGR227W,YNL279W,1.182829601020785e-05
YGR227W,YER075C,0.0039236899465322495
YGR227W,YCR089W,7.230384113654509e-08
YGR227W,YCR002C,0.9247932434082031
YGR227W,YJL108C,6.344070158093018e-08
YGR227W,YBR200W,3.3644025734247407e-06
YGR227W,YIL026C,0.027490079402923584
YGR227W,YJR076C,0.9967026114463806
YGR227W,YKR031C,4.500386907579923e-08
YGR227W,YPL192C,0.0038432576693594456
YGR227W,YHR107C,1.3195764950069133e-05
YGR227W,YIL037C,0.005650293081998825
YGR227W,YPL156C,4.785327291756403e-06
YGR227W,YIL117C,0.006593556143343449
YGR227W,YHR066W,3.1328761451732134e-07
YGR227W,YML085C,0.027164379134774208
YGR227W,YML047C,1.1791490578616504e-05
YGR227W,YDR312W,0.0004118194046895951
YGR227W,YFL037W,0.9641517400741577
YGR227W,YDL038C,0.2020167112350464
YGR227W,YDL039C,4.204057241219417e-12
YGR227W,YCL027W,0.0005084414151497185
YGR227W,YML124C,0.0014177474658936262
YGR227W,YGL053W,1.087402594635023e-07
YGR227W,YMR232W,1.515179974376224e-06
YGR227W,YNL298W,0.08280452340841293
YGR227W,YGL099W,0.0015875810058787465
YGR227W,YBL016W,2.1408683853474386e-11
YGR227W,YAL041W,0.0014002175303176045
YGR227W,YDR085C,6.414574045265908e-07
YGR227W,YPL187W,0.0003270004817750305
YGR227W,YPL256C,0.004324023146182299
YGR227W,YDR461W,4.92882734626221e-10
YGR227W,YNL145W,0.04560508579015732
YBL018C,YDL165W,3.2468285837694566e-08
YBL018C,YGR059W,4.642350859285216e-07
YBL018C,YBR109C,0.025045137852430344
YBL018C,YJL080C,2.3759057512506843e-05
YBL018C,YCR093W,4.3033125673996864e-11
YBL018C,YIL122W,0.00015034718671813607
YBL018C,YCL029C,5.2765344854934296e-14
YBL018C,YNL173C,1.7048968140032095e-11
YBL018C,YLR452C,0.0037740920670330524
YBL018C,YDL160C,5.024634383221584e-16
YBL018C,YLR229C,9.3059488790459e-06
YBL018C,YML057W,3.7801976646150033e-16
YBL018C,YER149C,6.207128561142028e-12
YBL018C,YMR305C,3.539752668757501e-08
YBL018C,YLR433C,1.1957881440594065e-07
YBL018C,YJL073W,7.958779468797417e-12
YBL018C,YGR279C,1.4975116632842678e-11
YBL018C,YKL190W,2.503358827289365e-22
YBL018C,YGL089C,6.772893357265275e-06
YBL018C,YJL019W,4.464503945200704e-05
YBL018C,YJL018W,0.00017292075790464878
YBL018C,YNR032C-A,0.00025736296083778143
YBL018C,YGL178W,1.8624143390102464e-19
YBL018C,YKL116C,6.263220484470367e-07
YBL018C,YDL214C,1.1058440621547483e-11
YBL018C,YLR362W,5.969037870578604e-17
YBL018C,YER068W,6.1336929493025025e-15
YBL018C,YHR084W,0.0019168404396623373
YBL018C,YDR392W,2.3764187062624842e-08
YBL018C,YNL053W,1.2007866923013921e-09
YBL018C,YGR040W,1.4374967145444617e-12
YBL018C,YDL216C,1.1590219401114155e-05
YBL018C,YOL117W,2.0555385171761031e-10
YBL018C,YJR086W,9.8054668551395e-11
YBL018C,YMR025W,8.10298956821498e-07
YBL018C,YBR081C,3.3447822715970688e-06
YBL018C,YFL026W,6.968931120354682e-05
YBL018C,YHL007C,4.8610505842816565e-08
YBL018C,YNR044W,1.6245789435931357e-11
YBL018C,YNL271C,8.413648467167634e-13
YBL018C,YDR200C,9.846800363478604e-17
YBL018C,YKL178C,2.679052979459584e-09
YBL018C,YOR212W,3.9543551766385576e-10
YBL018C,YOL111C,1.2335076536584832e-11
YBL018C,YGL032C,0.012743285857141018
YBL018C,YHR005C,0.03768669813871384
YBL018C,YDR103W,5.955251664899489e-18
YBL018C,YJR084W,5.4631646428937586e-12
YBL018C,YCL032W,5.504043808180967e-14
YBL018C,YJL170C,0.7063003778457642
YBL018C,YDR179C,1.7481685432585437e-08
YBL018C,YBR095C,4.9599038902670145e-05
YBL018C,YLL021W,5.91271493988188e-08
YBL018C,YDL159W,8.817976890895807e-07
YBL018C,YNL161W,4.948419700667728e-06
YBL018C,YNL188W,4.2318468174151747e-11
YBL018C,YJL157C,6.482090242343475e-08
YBL018C,YJL034W,5.263330422167201e-06
YBL018C,YLR238W,0.001539754681289196
YBL018C,YPR141C,3.0686442187288776e-07
YBL018C,YNL127W,1.0846532561004096e-08
YBL018C,YCL055W,7.875569770984803e-13
YBL018C,YPR122W,2.341683114082116e-08
YBL018C,YMR065W,0.00019892273121513426
YBL018C,YDR356W,1.495306989340861e-09
YBL018C,YMR052W,9.19849613145729e-11
YBL018C,YFR008W,1.6950168937190952e-19
YBL018C,YLL043W,1.9306872900415328e-07
YBL018C,YMR029C,7.987581043705544e-16
YBL018C,YJR004C,3.6694005988010744e-14
YBL018C,YDL223C,1.1717867440796098e-18
YBL018C,YHR158C,7.598413009901606e-10
YBL018C,YGR238C,4.0916699011166874e-14
YBL018C,YIL015W,0.018561845645308495
YBL018C,YGL173C,6.134277825552582e-15
YBL018C,YDL225W,5.59999034521752e-06
YBL018C,YLR330W,5.104772160535731e-09
YBL018C,YBR129C,3.0401025528361755e-14
YBL018C,YKR095W-A,0.2020167112350464
YBL018C,YPR075C,2.9643085208697073e-10
YBL018C,YMR198W,0.03918857127428055
YBL018C,YOR127W,1.4726171670975674e-11
YBL018C,YDR264C,1.6399829050328663e-08
YBL018C,YLR110C,3.7734629643182416e-08
YBL018C,YDR379W,7.483430817956105e-05
YBL018C,YDL100C,1.696162871667184e-05
YBL018C,YHR073W,3.992600795754697e-06
YBL018C,YJR090C,1.2257692638684148e-09
YBL018C,YOR208W,6.177073070852655e-19
YBL018C,YBR040W,1.1235483725613449e-06
YBL018C,YNL279W,0.0002212180261267349
YBL018C,YER075C,8.97408369837649e-09
YBL018C,YCR089W,1.7748504760068534e-13
YBL018C,YCR002C,4.959961643180577e-06
YBL018C,YJL108C,0.41833382844924927
YBL018C,YBR200W,5.63871209415727e-16
YBL018C,YIL026C,4.834269589082396e-07
YBL018C,YJR076C,1.1942730360203768e-08
YBL018C,YKR031C,5.102925229039101e-07
YBL018C,YPL192C,3.925092096324079e-05
YBL018C,YHR107C,1.3264626064213303e-09
YBL018C,YIL037C,4.429480668477481e-06
YBL018C,YPL156C,2.8238640314981467e-09
YBL018C,YIL117C,1.111691503297152e-07
YBL018C,YHR066W,2.4267231358622056e-14
YBL018C,YML085C,7.571699645211319e-23
YBL018C,YML047C,0.12047162652015686
YBL018C,YDR312W,1.716967887310794e-11
YBL018C,YFL037W,0.046191658824682236
YBL018C,YDL038C,0.2020167112350464
YBL018C,YDL039C,1.2873732405650134e-18
YBL018C,YCL027W,3.11709555944617e-08
YBL018C,YML124C,1.177652851251934e-25
YBL018C,YGL053W,6.66576169261468e-11
YBL018C,YMR232W,0.00011901836842298508
YBL018C,YNL298W,1.64805010172131e-06
YBL018C,YGL099W,1.2535580723084273e-16
YBL018C,YBL016W,9.129507566596473e-11
YBL018C,YAL041W,1.0676743933402122e-08
YBL018C,YDR085C,2.741320191679275e-12
YBL018C,YPL187W,6.135181138233747e-06
YBL018C,YPL256C,1.9023397765903505e-13
YBL018C,YDR461W,1.2897618262286414e-07
YBL018C,YNL145W,2.6878763037530007e-07
YGR163W,YDL165W,0.008104716427624226
YGR163W,YGR059W,1.5907119177427376e-08
YGR163W,YBR109C,0.9677183032035828
YGR163W,YJL080C,0.0011065370636060834
YGR163W,YCR093W,0.0011975441593676805
YGR163W,YIL122W,3.2408047445642296e-06
YGR163W,YCL029C,1.2858804687709835e-08
YGR163W,YNL173C,3.4147356018365826e-06
YGR163W,YLR452C,3.910809937224258e-06
YGR163W,YDL160C,3.559472716574419e-09
YGR163W,YLR229C,0.13254304230213165
YGR163W,YML057W,0.00012681997031904757
YGR163W,YER149C,0.04297846183180809
YGR163W,YMR305C,0.00028054858557879925
YGR163W,YLR433C,0.3611831068992615
YGR163W,YJL073W,1.1149802869175884e-12
YGR163W,YGR279C,4.464530434233893e-08
YGR163W,YKL190W,6.192064461174596e-07
YGR163W,YGL089C,0.02813553623855114
YGR163W,YJL019W,0.0019143514800816774
YGR163W,YJL018W,0.003676623571664095
YGR163W,YNR032C-A,0.9834527373313904
YGR163W,YGL178W,5.800083191509486e-10
YGR163W,YKL116C,1.1002653081959579e-05
YGR163W,YDL214C,0.9971279501914978
YGR163W,YLR362W,3.046923824356895e-10
YGR163W,YER068W,6.338323721502288e-16
YGR163W,YHR084W,2.079575178726145e-09
YGR163W,YDR392W,1.0122719231731026e-06
YGR163W,YNL053W,7.719121981608623e-07
YGR163W,YGR040W,0.49204307794570923
YGR163W,YDL216C,0.760053277015686
YGR163W,YOL117W,0.00038751051761209965
YGR163W,YJR086W,0.8452854156494141
YGR163W,YMR025W,2.9056995117571205e-05
YGR163W,YBR081C,0.02063387632369995
YGR163W,YFL026W,2.508433851744485e-07
YGR163W,YHL007C,9.14314401967431e-09
YGR163W,YNR044W,8.623372849125843e-11
YGR163W,YNL271C,0.7643435001373291
YGR163W,YDR200C,1.716993892841856e-06
YGR163W,YKL178C,0.9712057709693909
YGR163W,YOR212W,0.9316290616989136
YGR163W,YOL111C,3.519831537346363e-08
YGR163W,YGL032C,0.05897511914372444
YGR163W,YHR005C,8.604254617239349e-06
YGR163W,YDR103W,0.0011785149108618498
YGR163W,YJR084W,7.035753091244601e-10
YGR163W,YCL032W,8.655848607319605e-12
YGR163W,YJL170C,1.259400846720382e-06
YGR163W,YDR179C,4.496163885647775e-09
YGR163W,YBR095C,3.0665967642562464e-05
YGR163W,YLL021W,1.2816601946408213e-10
YGR163W,YDL159W,6.605766600387142e-08
YGR163W,YNL161W,6.43779500819619e-08
YGR163W,YNL188W,8.340709456433615e-09
YGR163W,YJL157C,6.362258376385599e-12
YGR163W,YJL034W,1.1926093666024908e-15
YGR163W,YLR238W,1.52146981236001e-07
YGR163W,YPR141C,7.759970088727641e-08
YGR163W,YNL127W,1.1691096005961299e-05
YGR163W,YCL055W,5.624778864898872e-09
YGR163W,YPR122W,2.563566852131771e-07
YGR163W,YMR065W,0.9030560851097107
YGR163W,YDR356W,3.383163857506588e-06
YGR163W,YMR052W,7.201632979558781e-05
YGR163W,YFR008W,5.078790166201941e-10
YGR163W,YLL043W,1.1375057511031628e-05
YGR163W,YMR029C,5.084092435936327e-07
YGR163W,YJR004C,5.374243411404578e-11
YGR163W,YDL223C,7.121481876426472e-11
YGR163W,YHR158C,1.6003616110538132e-05
YGR163W,YGR238C,9.290865854438835e-09
YGR163W,YIL015W,8.02671547717182e-06
YGR163W,YGL173C,0.026041146367788315
YGR163W,YDL225W,1.1231959433644079e-06
YGR163W,YLR330W,0.1727905124425888
YGR163W,YBR129C,5.407503871762698e-12
YGR163W,YKR095W-A,0.2020167112350464
YGR163W,YPR075C,2.9180789624660974e-06
YGR163W,YMR198W,5.31436061823598e-10
YGR163W,YOR127W,2.44773764279671e-05
YGR163W,YDR264C,1.37041055836562e-07
YGR163W,YLR110C,9.819096646879188e-10
YGR163W,YDR379W,4.4385153330495086e-08
YGR163W,YDL100C,0.44998201727867126
YGR163W,YHR073W,2.324751221749466e-06
YGR163W,YJR090C,3.3647549571469426e-05
YGR163W,YOR208W,0.0001333213149337098
YGR163W,YBR040W,3.459081563050859e-05
YGR163W,YNL279W,0.054112233221530914
YGR163W,YER075C,1.866229393243657e-12
YGR163W,YCR089W,0.10632863640785217
YGR163W,YCR002C,0.4869796931743622
YGR163W,YJL108C,4.207706297165714e-06
YGR163W,YBR200W,6.834070202105247e-12
YGR163W,YIL026C,3.979964446898521e-08
YGR163W,YJR076C,1.160631768470921e-06
YGR163W,YKR031C,7.649172766832635e-05
YGR163W,YPL192C,3.578764517442323e-05
YGR163W,YHR107C,9.327111911261454e-06
YGR163W,YIL037C,7.487956463592127e-05
YGR163W,YPL156C,0.005353265441954136
YGR163W,YIL117C,0.00025369448121637106
YGR163W,YHR066W,1.367840709405252e-13
YGR163W,YML085C,1.4302833917234636e-10
YGR163W,YML047C,4.002397690783255e-05
YGR163W,YDR312W,1.1515300935016626e-09
YGR163W,YFL037W,1.3157113244233187e-05
YGR163W,YDL038C,0.2020167112350464
YGR163W,YDL039C,2.1556408047462838e-10
YGR163W,YCL027W,0.0001299791329074651
YGR163W,YML124C,0.00043262983672320843
YGR163W,YGL053W,1.9428848645475227e-06
YGR163W,YMR232W,8.527792670065537e-05
YGR163W,YNL298W,0.003736884566023946
YGR163W,YGL099W,2.386181530145137e-10
YGR163W,YBL016W,9.292354441470252e-09
YGR163W,YAL041W,0.0008429032750427723
YGR163W,YDR085C,7.783547334838659e-05
YGR163W,YPL187W,0.9918944239616394
YGR163W,YPL256C,1.1138898798890295e-06
YGR163W,YDR461W,7.802460459060967e-06
YGR163W,YNL145W,1.833767448999879e-08
YBR186W,YDL165W,2.298125778565918e-08
YBR186W,YGR059W,5.567915017934411e-10
YBR186W,YBR109C,0.010278482921421528
YBR186W,YJL080C,4.785036811227883e-09
YBR186W,YCR093W,1.2544032301775587e-07
YBR186W,YIL122W,0.019998356699943542
YBR186W,YCL029C,2.3126856078657014e-15
YBR186W,YNL173C,6.926817924584813e-14
YBR186W,YLR452C,5.975483996500941e-10
YBR186W,YDL160C,1.4929313566777258e-15
YBR186W,YLR229C,1.0480956689207233e-06
YBR186W,YML057W,7.106776278575921e-10
YBR186W,YER149C,1.0219845109071812e-10
YBR186W,YMR305C,1.3512360965250991e-05
YBR186W,YLR433C,6.212841981323436e-06
YBR186W,YJL073W,2.2822123964955088e-12
YBR186W,YGR279C,3.0981852283326616e-13
YBR186W,YKL190W,2.2331942339196692e-14
YBR186W,YGL089C,1.0334053612837124e-08
YBR186W,YJL019W,2.400984576086951e-12
YBR186W,YJL018W,0.0008530611521564424
YBR186W,YNR032C-A,0.00012059316941304132
YBR186W,YGL178W,7.415859984058291e-21
YBR186W,YKL116C,1.0254821436461725e-09
YBR186W,YDL214C,8.705179355139592e-10
YBR186W,YLR362W,6.573285915578708e-09
YBR186W,YER068W,0.00035589924664236605
YBR186W,YHR084W,7.864915460231714e-06
YBR186W,YDR392W,0.00012386412709020078
YBR186W,YNL053W,7.276227552210912e-05
YBR186W,YGR040W,9.727982978802174e-05
YBR186W,YDL216C,9.53505496781304e-10
YBR186W,YOL117W,1.908020763607965e-08
YBR186W,YJR086W,0.005839999299496412
YBR186W,YMR025W,2.80259087048762e-07
YBR186W,YBR081C,8.032936538171498e-10
YBR186W,YFL026W,1.3838388440490235e-05
YBR186W,YHL007C,0.0002610735537018627
YBR186W,YNR044W,4.942149800513107e-09
YBR186W,YNL271C,2.0445069248697934e-11
YBR186W,YDR200C,7.375205446358279e-10
YBR186W,YKL178C,7.50554318074137e-05
YBR186W,YOR212W,3.0566667252873714e-11
YBR186W,YOL111C,6.744673009961843e-05
YBR186W,YGL032C,0.22015245258808136
YBR186W,YHR005C,3.733640028258378e-07
YBR186W,YDR103W,0.00038152444176375866
YBR186W,YJR084W,1.2755332136293873e-05
YBR186W,YCL032W,1.2790782322191774e-11
YBR186W,YJL170C,0.002342086983844638
YBR186W,YDR179C,8.461668032921921e-10
YBR186W,YBR095C,4.929219532545659e-11
YBR186W,YLL021W,2.267182935611345e-06
YBR186W,YDL159W,2.3217069156089565e-06
YBR186W,YNL161W,3.0011862678196166e-13
YBR186W,YNL188W,2.2573347450816073e-05
YBR186W,YJL157C,5.208657116728688e-11
YBR186W,YJL034W,2.4235349038487404e-15
YBR186W,YLR238W,8.946441312218667e-07
YBR186W,YPR141C,3.103280479810344e-11
YBR186W,YNL127W,1.0330250432843968e-08
YBR186W,YCL055W,8.903085131350963e-07
YBR186W,YPR122W,8.262281414594952e-10
YBR186W,YMR065W,7.814956916263327e-06
YBR186W,YDR356W,2.8394847237378507e-12
YBR186W,YMR052W,4.959666899395643e-09
YBR186W,YFR008W,4.6953405217209365e-06
YBR186W,YLL043W,9.959412273019552e-05
YBR186W,YMR029C,0.13318940997123718
YBR186W,YJR004C,1.0124475043060688e-12
YBR186W,YDL223C,1.6228338672874543e-09
YBR186W,YHR158C,4.350080851089899e-10
YBR186W,YGR238C,0.0014756007585674524
YBR186W,YIL015W,0.2682870328426361
YBR186W,YGL173C,6.369045481985358e-12
YBR186W,YDL225W,3.412402804769954e-08
YBR186W,YLR330W,8.603966250575468e-08
YBR186W,YBR129C,1.7616157144129119e-10
YBR186W,YKR095W-A,0.2020167112350464
YBR186W,YPR075C,1.3263999273926963e-12
YBR186W,YMR198W,7.497747446905123e-06
YBR186W,YOR127W,0.014915792271494865
YBR186W,YDR264C,2.436947532657996e-09
YBR186W,YLR110C,1.6401768831997288e-08
YBR186W,YDR379W,5.693470583878479e-09
YBR186W,YDL100C,7.223918032650545e-07
YBR186W,YHR073W,9.740783180056667e-11
YBR186W,YJR090C,2.323727738007264e-10
YBR186W,YOR208W,2.0436844924698327e-11
YBR186W,YBR040W,4.798891382051806e-07
YBR186W,YNL279W,2.98662206077438e-11
YBR186W,YER075C,2.308155252147312e-15
YBR186W,YCR089W,9.406108603116081e-08
YBR186W,YCR002C,1.9077794899402534e-09
YBR186W,YJL108C,2.4641511117806658e-05
YBR186W,YBR200W,4.447063162160703e-09
YBR186W,YIL026C,1.4425858285704862e-09
YBR186W,YJR076C,5.999320151772736e-09
YBR186W,YKR031C,1.7745646965772188e-11
YBR186W,YPL192C,1.504713779791611e-13
YBR186W,YHR107C,5.62361356060137e-06
YBR186W,YIL037C,1.1852461284433957e-05
YBR186W,YPL156C,4.8569779664831e-07
YBR186W,YIL117C,7.484660807799415e-11
YBR186W,YHR066W,3.182894858864537e-15
YBR186W,YML085C,1.0404079393342654e-28
YBR186W,YML047C,1.0576733984635212e-05
YBR186W,YDR312W,1.1692771814987005e-18
YBR186W,YFL037W,3.949784513679333e-05
YBR186W,YDL038C,0.2020167112350464
YBR186W,YDL039C,5.937112780574072e-12
YBR186W,YCL027W,2.1302187747096468e-07
YBR186W,YML124C,5.9657113395818664e-33
YBR186W,YGL053W,6.873870916912495e-10
YBR186W,YMR232W,5.5009010679896164e-08
YBR186W,YNL298W,2.1378404316187583e-15
YBR186W,YGL099W,3.0077161633946126e-15
YBR186W,YBL016W,6.2086185081966505e-09
YBR186W,YAL041W,9.373901394688078e-13
YBR186W,YDR085C,1.2052887576885496e-09
YBR186W,YPL187W,2.4546693566662725e-07
YBR186W,YPL256C,2.9358343013596855e-12
YBR186W,YDR461W,0.00021553636179305613
YBR186W,YNL145W,1.680035779827449e-06
YNL130C,YDL165W,2.24550635863352e-08
YNL130C,YGR059W,6.556138271163192e-11
YNL130C,YBR109C,5.127755997591521e-08
YNL130C,YJL080C,2.5193374312948436e-05
YNL130C,YCR093W,0.01521802693605423
YNL130C,YIL122W,3.577962104373e-08
YNL130C,YCL029C,1.5582303503069994e-10
YNL130C,YNL173C,2.3791797048033914e-06
YNL130C,YLR452C,7.014638203628465e-09
YNL130C,YDL160C,1.6888285244931467e-05
YNL130C,YLR229C,0.017715733498334885
YNL130C,YML057W,1.293332663188096e-09
YNL130C,YER149C,0.031078094616532326
YNL130C,YMR305C,7.233009551229033e-18
YNL130C,YLR433C,1.540084326734359e-07
YNL130C,YJL073W,8.34422948514657e-08
YNL130C,YGR279C,4.189048847386134e-12
YNL130C,YKL190W,5.257104930933565e-06
YNL130C,YGL089C,0.024678032845258713
YNL130C,YJL019W,0.0009157442837022245
YNL130C,YJL018W,0.04042406752705574
YNL130C,YNR032C-A,0.0003357989771757275
YNL130C,YGL178W,9.668195707490668e-05
YNL130C,YKL116C,1.1231937688954696e-12
YNL130C,YDL214C,0.40985026955604553
YNL130C,YLR362W,4.051570812180216e-08
YNL130C,YER068W,0.00018192511925008148
YNL130C,YHR084W,3.425956046632095e-11
YNL130C,YDR392W,3.163610432649344e-12
YNL130C,YNL053W,1.1017765899623555e-07
YNL130C,YGR040W,2.7424053769209422e-05
YNL130C,YDL216C,7.533691587013891e-06
YNL130C,YOL117W,2.5200284567428177e-12
YNL130C,YJR086W,9.17047271453697e-10
YNL130C,YMR025W,6.746603276042151e-10
YNL130C,YBR081C,0.794913649559021
YNL130C,YFL026W,5.736985864666921e-13
YNL130C,YHL007C,5.01047215948347e-05
YNL130C,YNR044W,1.1191563084253509e-12
YNL130C,YNL271C,6.190632895197723e-09
YNL130C,YDR200C,2.4029627176958e-09
YNL130C,YKL178C,2.513457107375383e-12
YNL130C,YOR212W,8.378001526039569e-13
YNL130C,YOL111C,3.938758208477111e-10
YNL130C,YGL032C,1.1923423359760932e-09
YNL130C,YHR005C,4.622494387263032e-09
YNL130C,YDR103W,1.0152855338674271e-06
YNL130C,YJR084W,3.243025292753998e-10
YNL130C,YCL032W,4.3023959506172105e-07
YNL130C,YJL170C,0.0001489932619733736
YNL130C,YDR179C,3.27354132423352e-06
YNL130C,YBR095C,1.6834695770739927e-06
YNL130C,YLL021W,0.0003391890786588192
YNL130C,YDL159W,5.5257924458373964e-08
YNL130C,YNL161W,0.1563115268945694
YNL130C,YNL188W,3.345017665634664e-11
YNL130C,YJL157C,5.092263277717279e-10
YNL130C,YJL034W,1.446549653606917e-14
YNL130C,YLR238W,4.819350579055026e-06
YNL130C,YPR141C,1.1839333637908567e-05
YNL130C,YNL127W,2.9208825580440134e-08
YNL130C,YCL055W,3.136139681281236e-10
YNL130C,YPR122W,1.8811695554177277e-05
YNL130C,YMR065W,1.0356089319429884e-09
YNL130C,YDR356W,4.1459471966653894e-10
YNL130C,YMR052W,2.0141444068144665e-09
YNL130C,YFR008W,0.0005768788978457451
YNL130C,YLL043W,9.993573257816024e-06
YNL130C,YMR029C,3.1365294717033976e-07
YNL130C,YJR004C,6.796749119075685e-08
YNL130C,YDL223C,1.192970696546019e-27
YNL130C,YHR158C,5.501645716776693e-08
YNL130C,YGR238C,1.9152288262269668e-12
YNL130C,YIL015W,1.7979802535705858e-08
YNL130C,YGL173C,2.5719026552906143e-07
YNL130C,YDL225W,9.533086995361373e-07
YNL130C,YLR330W,7.974869731697254e-06
YNL130C,YBR129C,3.002722692713178e-08
YNL130C,YKR095W-A,0.2020167112350464
YNL130C,YPR075C,1.0516520293490927e-10
YNL130C,YMR198W,7.789687828108072e-08
YNL130C,YOR127W,8.290450637105096e-08
YNL130C,YDR264C,9.954538882084307e-08
YNL130C,YLR110C,1.4958894583097515e-12
YNL130C,YDR379W,7.030651755224326e-11
YNL130C,YDL100C,4.013085003196082e-12
YNL130C,YHR073W,0.0005353078595362604
YNL130C,YJR090C,9.455009603698272e-06
YNL130C,YOR208W,2.865380187896255e-13
YNL130C,YBR040W,2.2766548113395402e-07
YNL130C,YNL279W,6.14016428812647e-08
YNL130C,YER075C,5.294964466884267e-10
YNL130C,YCR089W,5.3210338695972026e-14
YNL130C,YCR002C,0.00015276382328011096
YNL130C,YJL108C,1.931190904619958e-14
YNL130C,YBR200W,2.080321792163886e-06
YNL130C,YIL026C,8.748739674047101e-06
YNL130C,YJR076C,6.712921885032586e-10
YNL130C,YKR031C,4.678385717021838e-12
YNL130C,YPL192C,0.0016571994638070464
YNL130C,YHR107C,0.00044738620636053383
YNL130C,YIL037C,2.410136949038133e-05
YNL130C,YPL156C,9.729328303365037e-05
YNL130C,YIL117C,6.524433228925763e-13
YNL130C,YHR066W,3.0737481893083896e-08
YNL130C,YML085C,5.61488179627416e-14
YNL130C,YML047C,2.424614467599895e-05
YNL130C,YDR312W,3.250560584588946e-11
YNL130C,YFL037W,4.515223679391056e-07
YNL130C,YDL038C,0.2020167112350464
YNL130C,YDL039C,3.629550409138191e-14
YNL130C,YCL027W,2.3999537006602623e-06
YNL130C,YML124C,1.5213668866365104e-11
YNL130C,YGL053W,2.2522459591778343e-11
YNL130C,YMR232W,4.673733201343566e-05
YNL130C,YNL298W,1.2635726909238088e-09
YNL130C,YGL099W,5.1040949244907097e-11
YNL130C,YBL016W,4.812205931588494e-15
YNL130C,YAL041W,1.9327330534613107e-12
YNL130C,YDR085C,7.041787597472648e-08
YNL130C,YPL187W,2.1118855997315222e-08
YNL130C,YPL256C,2.6620041891287083e-13
YNL130C,YDR461W,1.8100548837551855e-11
YNL130C,YNL145W,2.2077244199447676e-10
YER125W,YDL165W,0.018660349771380424
YER125W,YGR059W,6.426832954709027e-10
YER125W,YBR109C,4.154449015913997e-07
YER125W,YJL080C,7.287071071004902e-07
YER125W,YCR093W,3.878259303746745e-05
YER125W,YIL122W,2.544230248702206e-08
YER125W,YCL029C,1.3065429849135057e-09
YER125W,YNL173C,1.123457948892792e-07
YER125W,YLR452C,3.7566771879937733e-06
YER125W,YDL160C,1.4109862433997478e-07
YER125W,YLR229C,1.6944143510499998e-07
YER125W,YML057W,3.4093222689435265e-10
YER125W,YER149C,0.8150318264961243
YER125W,YMR305C,1.7660516604678378e-08
YER125W,YLR433C,4.814807539332833e-07
YER125W,YJL073W,1.8542531279308605e-06
YER125W,YGR279C,3.5759952776714954e-09
YER125W,YKL190W,0.14907535910606384
YER125W,YGL089C,1.2413934200594667e-05
YER125W,YJL019W,0.004397016018629074
YER125W,YJL018W,0.03398749977350235
YER125W,YNR032C-A,0.0012575004948303103
YER125W,YGL178W,0.4561637043952942
YER125W,YKL116C,1.8237079402183554e-08
YER125W,YDL214C,0.1056632325053215
YER125W,YLR362W,1.0985929293383379e-05
YER125W,YER068W,7.97483153291978e-06
YER125W,YHR084W,0.00013625872088596225
YER125W,YDR392W,5.540329084396944e-07
YER125W,YNL053W,3.1609184247827216e-07
YER125W,YGR040W,1.270534994546324e-05
YER125W,YDL216C,0.002646457403898239
YER125W,YOL117W,3.7525765606005734e-08
YER125W,YJR086W,3.379921326995827e-05
YER125W,YMR025W,0.2472793310880661
YER125W,YBR081C,3.433783604123164e-06
YER125W,YFL026W,1.1471718153188704e-07
YER125W,YHL007C,1.4889829458297754e-07
YER125W,YNR044W,2.2937325411476195e-05
YER125W,YNL271C,2.6356559828855097e-05
YER125W,YDR200C,0.0002747196122072637
YER125W,YKL178C,6.104076688551174e-10
YER125W,YOR212W,9.470826967117318e-08
YER125W,YOL111C,1.418486704096722e-06
YER125W,YGL032C,0.7088502645492554
YER125W,YHR005C,1.0182424148297287e-07
YER125W,YDR103W,0.000439120689406991
YER125W,YJR084W,0.00025440321769565344
YER125W,YCL032W,1.5082641766639426e-06
YER125W,YJL170C,0.000252883299253881
YER125W,YDR179C,0.4921894967556
YER125W,YBR095C,0.0027666562236845493
YER125W,YLL021W,2.2000483568263007e-06
YER125W,YDL159W,2.1770543267435327e-12
YER125W,YNL161W,3.0125290777505143e-06
YER125W,YNL188W,6.429799555007776e-07
YER125W,YJL157C,3.724850103026256e-05
YER125W,YJL034W,1.4406692505630758e-09
YER125W,YLR238W,3.320160431030672e-07
YER125W,YPR141C,6.485724588856101e-05
YER125W,YNL127W,7.164514499891084e-06
YER125W,YCL055W,0.7945838570594788
YER125W,YPR122W,3.2760885915195104e-07
YER125W,YMR065W,0.00020520068937912583
YER125W,YDR356W,1.8567735082797299e-07
YER125W,YMR052W,0.0008452647598460317
YER125W,YFR008W,9.119605692831101e-07
YER125W,YLL043W,0.0013804900227114558
YER125W,YMR029C,1.2299366858314897e-07
YER125W,YJR004C,2.7063216251344002e-11
YER125W,YDL223C,7.123492767879824e-11
YER125W,YHR158C,0.0004953567404299974
YER125W,YGR238C,9.544934422922938e-14
YER125W,YIL015W,0.2513190507888794
YER125W,YGL173C,5.650869752571452e-06
YER125W,YDL225W,0.04343870282173157
YER125W,YLR330W,4.125157374801347e-06
YER125W,YBR129C,0.4068303406238556
YER125W,YKR095W-A,0.2020167112350464
YER125W,YPR075C,5.56671202189829e-11
YER125W,YMR198W,3.060632280948994e-08
YER125W,YOR127W,0.0018912524683400989
YER125W,YDR264C,0.03117537498474121
YER125W,YLR110C,1.881713451723499e-08
YER125W,YDR379W,2.769870661722962e-06
YER125W,YDL100C,2.144987654162378e-08
YER125W,YHR073W,2.136661350959912e-06
YER125W,YJR090C,3.864668585151776e-10
YER125W,YOR208W,2.448357179218874e-07
YER125W,YBR040W,0.0002514796215109527
YER125W,YNL279W,0.004649007227271795
YER125W,YER075C,4.558554064715281e-05
YER125W,YCR089W,1.0090146673746858e-07
YER125W,YCR002C,0.05059875547885895
YER125W,YJL108C,0.9999995231628418
YER125W,YBR200W,1.23272323338669e-13
YER125W,YIL026C,9.079929554900446e-07
YER125W,YJR076C,1.3652475816527954e-09
YER125W,YKR031C,3.0215310253822736e-09
YER125W,YPL192C,1.2902748380838602e-07
YER125W,YHR107C,9.547804438625462e-06
YER125W,YIL037C,2.2097920009400696e-05
YER125W,YPL156C,0.0895719900727272
YER125W,YIL117C,0.2154945284128189
YER125W,YHR066W,9.381396992580449e-09
YER125W,YML085C,7.984504009073135e-06
YER125W,YML047C,1.5124614947126247e-06
YER125W,YDR312W,4.0502081333215756e-07
YER125W,YFL037W,3.6555393307935447e-05
YER125W,YDL038C,0.2020167112350464
YER125W,YDL039C,1.4569187870017153e-11
YER125W,YCL027W,0.9977596998214722
YER125W,YML124C,1.8209523489076673e-07
YER125W,YGL053W,2.82410042018455e-07
YER125W,YMR232W,0.1180487871170044
YER125W,YNL298W,6.450424552895129e-05
YER125W,YGL099W,1.5599178837533145e-08
YER125W,YBL016W,0.0009861030848696828
YER125W,YAL041W,0.00015816754603292793
YER125W,YDR085C,3.361659908773795e-11
YER125W,YPL187W,0.0009357816306874156
YER125W,YPL256C,0.00038921035593375564
YER125W,YDR461W,1.3717645075406182e-10
YER125W,YNL145W,0.4449218511581421
tG(GCC)P2,YDL165W,6.4417708927067e-06
tG(GCC)P2,YGR059W,3.270534421062621e-08
tG(GCC)P2,YBR109C,0.00010281033610226586
tG(GCC)P2,YJL080C,0.5108707547187805
tG(GCC)P2,YCR093W,0.0016668465686962008
tG(GCC)P2,YIL122W,0.00045734053128398955
tG(GCC)P2,YCL029C,1.0609858946963868e-07
tG(GCC)P2,YNL173C,6.43213206785731e-05
tG(GCC)P2,YLR452C,1.2988932212465443e-05
tG(GCC)P2,YDL160C,0.00020757826860062778
tG(GCC)P2,YLR229C,6.554797238322863e-08
tG(GCC)P2,YML057W,0.005437595769762993
tG(GCC)P2,YER149C,3.222098894184455e-05
tG(GCC)P2,YMR305C,8.819417416816577e-06
tG(GCC)P2,YLR433C,6.183654477354139e-05
tG(GCC)P2,YJL073W,0.7288166880607605
tG(GCC)P2,YGR279C,0.006244773510843515
tG(GCC)P2,YKL190W,1.4401911357708741e-05
tG(GCC)P2,YGL089C,2.7265716653346317e-06
tG(GCC)P2,YJL019W,0.0010348802898079157
tG(GCC)P2,YJL018W,0.2020167112350464
tG(GCC)P2,YNR032C-A,1.0770708769314297e-08
tG(GCC)P2,YGL178W,0.004912607837468386
tG(GCC)P2,YKL116C,6.917947030160576e-05
tG(GCC)P2,YDL214C,0.0011970327468588948
tG(GCC)P2,YLR362W,0.00010508580453461036
tG(GCC)P2,YER068W,9.01071762200445e-05
tG(GCC)P2,YHR084W,1.086780514469865e-07
tG(GCC)P2,YDR392W,4.337955061828325e-08
tG(GCC)P2,YNL053W,9.76781734607357e-07
tG(GCC)P2,YGR040W,5.454759048006963e-06
tG(GCC)P2,YDL216C,2.406278690614272e-05
tG(GCC)P2,YOL117W,1.4613469829782844e-06
tG(GCC)P2,YJR086W,5.576615876634605e-06
tG(GCC)P2,YMR025W,0.0006545643555000424
tG(GCC)P2,YBR081C,4.518436753642163e-07
tG(GCC)P2,YFL026W,0.0005444955313578248
tG(GCC)P2,YHL007C,1.3019213156439946e-06
tG(GCC)P2,YNR044W,0.00018965773051604629
tG(GCC)P2,YNL271C,0.0003347298479638994
tG(GCC)P2,YDR200C,0.00028728487086482346
tG(GCC)P2,YKL178C,0.0006152598652988672
tG(GCC)P2,YOR212W,1.737067759677302e-05
tG(GCC)P2,YOL111C,0.00033575351699255407
tG(GCC)P2,YGL032C,3.7741399410151644e-06
tG(GCC)P2,YHR005C,5.446379873319529e-06
tG(GCC)P2,YDR103W,1.7401133618477616e-06
tG(GCC)P2,YJR084W,0.0016075362218543887
tG(GCC)P2,YCL032W,1.9098511984338984e-05
tG(GCC)P2,YJL170C,0.0005674303392879665
tG(GCC)P2,YDR179C,2.132439476554282e-06
tG(GCC)P2,YBR095C,3.89820161217358e-06
tG(GCC)P2,YLL021W,3.779358303290792e-05
tG(GCC)P2,YDL159W,1.1493789315863978e-06
tG(GCC)P2,YNL161W,2.6145426090806723e-06
tG(GCC)P2,YNL188W,1.0825403478520457e-05
tG(GCC)P2,YJL157C,0.00020883210527244955
tG(GCC)P2,YJL034W,0.6224545836448669
tG(GCC)P2,YLR238W,9.43119521252811e-05
tG(GCC)P2,YPR141C,0.0011219147127121687
tG(GCC)P2,YNL127W,0.0011299820616841316
tG(GCC)P2,YCL055W,1.539610093459487e-05
tG(GCC)P2,YPR122W,4.6400535325119563e-07
tG(GCC)P2,YMR065W,7.045742904665531e-07
tG(GCC)P2,YDR356W,3.1610959183581144e-08
tG(GCC)P2,YMR052W,1.0793652108986862e-05
tG(GCC)P2,YFR008W,2.1048070266260765e-05
tG(GCC)P2,YLL043W,0.0019779163412749767
tG(GCC)P2,YMR029C,1.3517903425963596e-05
tG(GCC)P2,YJR004C,3.2147145248018205e-05
tG(GCC)P2,YDL223C,0.0005117376567795873
tG(GCC)P2,YHR158C,0.00014684951747767627
tG(GCC)P2,YGR238C,9.71833142102696e-05
tG(GCC)P2,YIL015W,1.3002338619116927e-06
tG(GCC)P2,YGL173C,0.06789279729127884
tG(GCC)P2,YDL225W,4.664126436182414e-07
tG(GCC)P2,YLR330W,0.555113673210144
tG(GCC)P2,YBR129C,6.107026274548844e-05
tG(GCC)P2,YKR095W-A,0.2020167112350464
tG(GCC)P2,YPR075C,0.0030354245100170374
tG(GCC)P2,YMR198W,0.005023956764489412
tG(GCC)P2,YOR127W,2.088609107886441e-05
tG(GCC)P2,YDR264C,7.948860002215952e-05
tG(GCC)P2,YLR110C,0.0029952172189950943
tG(GCC)P2,YDR379W,0.003840350778773427
tG(GCC)P2,YDL100C,0.06817390024662018
tG(GCC)P2,YHR073W,4.060781793668866e-05
tG(GCC)P2,YJR090C,5.832162423757836e-05
tG(GCC)P2,YOR208W,3.889475010510068e-06
tG(GCC)P2,YBR040W,1.1208766892423228e-07
tG(GCC)P2,YNL279W,3.2828847906785086e-05
tG(GCC)P2,YER075C,8.89416696736589e-06
tG(GCC)P2,YCR089W,1.9778646674240008e-05
tG(GCC)P2,YCR002C,3.88538978768338e-08
tG(GCC)P2,YJL108C,2.227093318651896e-05
tG(GCC)P2,YBR200W,9.09093942027539e-05
tG(GCC)P2,YIL026C,0.016164857894182205
tG(GCC)P2,YJR076C,0.07371293753385544
tG(GCC)P2,YKR031C,1.326342680840753e-05
tG(GCC)P2,YPL192C,0.004253114573657513
tG(GCC)P2,YHR107C,0.0002710119588300586
tG(GCC)P2,YIL037C,0.0002867983130272478
tG(GCC)P2,YPL156C,0.0001456620084354654
tG(GCC)P2,YIL117C,0.0010117355268448591
tG(GCC)P2,YHR066W,6.127993668059162e-09
tG(GCC)P2,YML085C,0.11013118922710419
tG(GCC)P2,YML047C,8.74667946959562e-08
tG(GCC)P2,YDR312W,2.471785194302356e-07
tG(GCC)P2,YFL037W,0.0016280388226732612
tG(GCC)P2,YDL038C,0.2020167112350464
tG(GCC)P2,YDL039C,3.787736568483524e-05
tG(GCC)P2,YCL027W,0.00018385100702289492
tG(GCC)P2,YML124C,0.0970790684223175
tG(GCC)P2,YGL053W,8.186926424968988e-05
tG(GCC)P2,YMR232W,9.2128204414621e-05
tG(GCC)P2,YNL298W,1.6027925653361308e-07
tG(GCC)P2,YGL099W,2.1378097869728663e-07
tG(GCC)P2,YBL016W,3.97730473196134e-05
tG(GCC)P2,YAL041W,6.097493951529032e-06
tG(GCC)P2,YDR085C,7.495357579045958e-08
tG(GCC)P2,YPL187W,0.0001878987968666479
tG(GCC)P2,YPL256C,7.007251952018123e-06
tG(GCC)P2,YDR461W,1.684005468405303e-08
tG(GCC)P2,YNL145W,1.8925942640635185e-05
YGR014W,YDL165W,2.614774716191981e-11
YGR014W,YGR059W,0.003053411142900586
YGR014W,YBR109C,0.000766453449614346
YGR014W,YJL080C,1.4436177764309832e-07
YGR014W,YCR093W,4.3060179450549185e-05
YGR014W,YIL122W,0.000250573008088395
YGR014W,YCL029C,6.3699050478760455e-09
YGR014W,YNL173C,0.04439885914325714
YGR014W,YLR452C,0.9999731779098511
YGR014W,YDL160C,0.0004964474937878549
YGR014W,YLR229C,1.799709536953742e-08
YGR014W,YML057W,5.254071917121239e-13
YGR014W,YER149C,1.1866658766734872e-09
YGR014W,YMR305C,0.0034703111741691828
YGR014W,YLR433C,1.1033696178941454e-09
YGR014W,YJL073W,2.7842370022942878e-18
YGR014W,YGR279C,2.6369768875156296e-06
YGR014W,YKL190W,3.066105591642554e-09
YGR014W,YGL089C,0.9995490908622742
YGR014W,YJL019W,0.018643677234649658
YGR014W,YJL018W,0.00039178100996650755
YGR014W,YNR032C-A,0.00014746663509868085
YGR014W,YGL178W,0.0003239589568693191
YGR014W,YKL116C,0.008133566938340664
YGR014W,YDL214C,0.9991974234580994
YGR014W,YLR362W,8.356373926154959e-10
YGR014W,YER068W,1.7819308695266045e-08
YGR014W,YHR084W,1.0654198376869317e-05
YGR014W,YDR392W,5.2333618327793374e-08
YGR014W,YNL053W,7.887736330758344e-08
YGR014W,YGR040W,1.5379312401364587e-07
YGR014W,YDL216C,0.0009944664780050516
YGR014W,YOL117W,1.6144009578056284e-06
YGR014W,YJR086W,0.034039970487356186
YGR014W,YMR025W,2.887319396904786e-07
YGR014W,YBR081C,0.012699789367616177
YGR014W,YFL026W,0.0006874097744002938
YGR014W,YHL007C,3.7597822633017586e-09
YGR014W,YNR044W,5.081405561213614e-06
YGR014W,YNL271C,0.9984537363052368
YGR014W,YDR200C,4.273052189862625e-10
YGR014W,YKL178C,5.1887451263610274e-05
YGR014W,YOR212W,0.3043745756149292
YGR014W,YOL111C,1.0844862430303692e-07
YGR014W,YGL032C,1.656759351931214e-08
YGR014W,YHR005C,0.9172908067703247
YGR014W,YDR103W,0.007008403539657593
YGR014W,YJR084W,0.0015332330949604511
YGR014W,YCL032W,6.0565077397711775e-09
YGR014W,YJL170C,0.9999990463256836
YGR014W,YDR179C,5.782072776128189e-08
YGR014W,YBR095C,8.716978481970727e-05
YGR014W,YLL021W,0.00047896680189296603
YGR014W,YDL159W,1.2657272148788867e-12
YGR014W,YNL161W,0.962091326713562
YGR014W,YNL188W,3.984613172747231e-08
YGR014W,YJL157C,0.001210714690387249
YGR014W,YJL034W,3.226943748495313e-15
YGR014W,YLR238W,1.0695979657526777e-09
YGR014W,YPR141C,1.8428316252538934e-05
YGR014W,YNL127W,0.12731891870498657
YGR014W,YCL055W,6.001306974212639e-05
YGR014W,YPR122W,8.08337219382338e-08
YGR014W,YMR065W,0.007615121081471443
YGR014W,YDR356W,0.30156010389328003
YGR014W,YMR052W,0.2510875463485718
YGR014W,YFR008W,0.001033702283166349
YGR014W,YLL043W,7.501621723804419e-08
YGR014W,YMR029C,0.00019591927411966026
YGR014W,YJR004C,2.2565933496809798e-11
YGR014W,YDL223C,4.055642648381763e-07
YGR014W,YHR158C,0.28655633330345154
YGR014W,YGR238C,4.114056366688601e-07
YGR014W,YIL015W,0.03488980606198311
YGR014W,YGL173C,0.05126071721315384
YGR014W,YDL225W,7.537709279858973e-06
YGR014W,YLR330W,9.629902564256554e-08
YGR014W,YBR129C,1.9628512291092193e-06
YGR014W,YKR095W-A,0.2020167112350464
YGR014W,YPR075C,1.074730443528793e-10
YGR014W,YMR198W,5.944392796664033e-06
YGR014W,YOR127W,3.109652482180536e-07
YGR014W,YDR264C,1.3674106291716726e-09
YGR014W,YLR110C,0.9488277435302734
YGR014W,YDR379W,1.1638350088105653e-06
YGR014W,YDL100C,3.5350268490219605e-07
YGR014W,YHR073W,0.954561710357666
YGR014W,YJR090C,5.285313875447173e-08
YGR014W,YOR208W,9.336200257337168e-09
YGR014W,YBR040W,0.9991317391395569
YGR014W,YNL279W,0.06506567448377609
YGR014W,YER075C,8.67311882757349e-06
YGR014W,YCR089W,0.7578580975532532
YGR014W,YCR002C,1.3419439710560255e-06
YGR014W,YJL108C,0.0005379010108299553
YGR014W,YBR200W,1.4857114150057527e-10
YGR014W,YIL026C,2.562127292549121e-07
YGR014W,YJR076C,1.194725740560898e-07
YGR014W,YKR031C,1.0572511616180336e-10
YGR014W,YPL192C,1.4980494597693905e-05
YGR014W,YHR107C,1.2721141047222773e-06
YGR014W,YIL037C,0.0014600652502849698
YGR014W,YPL156C,3.640861177700572e-05
YGR014W,YIL117C,0.008330833166837692
YGR014W,YHR066W,5.83125867592571e-08
YGR014W,YML085C,5.85402837316451e-11
YGR014W,YML047C,0.025473587214946747
YGR014W,YDR312W,0.0005562417791225016
YGR014W,YFL037W,3.434400852597719e-08
YGR014W,YDL038C,0.2020167112350464
YGR014W,YDL039C,5.982128681303323e-11
YGR014W,YCL027W,0.9999991655349731
YGR014W,YML124C,8.969784359713628e-10
YGR014W,YGL053W,0.007491414900869131
YGR014W,YMR232W,8.093704373379751e-09
YGR014W,YNL298W,0.0005201938911341131
YGR014W,YGL099W,1.244650338350084e-08
YGR014W,YBL016W,1.0206806306720627e-15
YGR014W,YAL041W,0.2802509367465973
YGR014W,YDR085C,0.0028196293860673904
YGR014W,YPL187W,0.4269202947616577
YGR014W,YPL256C,3.1815418355396474e-11
YGR014W,YDR461W,1.1862260862471885e-06
YGR014W,YNL145W,0.0009717192151583731
YOL117W,YDL165W,0.9968007802963257
YOL117W,YGR059W,0.10680023580789566
YOL117W,YBR109C,0.9995939135551453
YOL117W,YJL080C,0.9840804934501648
YOL117W,YCR093W,0.9976702332496643
YOL117W,YIL122W,0.97366863489151
YOL117W,YCL029C,0.001229549990966916
YOL117W,YNL173C,0.9996047616004944
YOL117W,YLR452C,0.9999997615814209
YOL117W,YDL160C,0.9997996687889099
YOL117W,YLR229C,0.9999817609786987
YOL117W,YML057W,0.002842721762135625
YOL117W,YER149C,0.999943733215332
YOL117W,YMR305C,0.9999988079071045
YOL117W,YLR433C,0.9989510774612427
YOL117W,YJL073W,1.2055674233124591e-05
YOL117W,YGR279C,0.999998927116394
YOL117W,YKL190W,0.9998455047607422
YOL117W,YGL089C,0.9838150143623352
YOL117W,YJL019W,0.9993773102760315
YOL117W,YJL018W,0.0002679836470633745
YOL117W,YNR032C-A,0.9959976673126221
YOL117W,YGL178W,0.9984908103942871
YOL117W,YKL116C,3.981418194598518e-05
YOL117W,YDL214C,0.9757911562919617
YOL117W,YLR362W,0.9997419714927673
YOL117W,YER068W,3.7004153213837654e-11
YOL117W,YHR084W,0.0017852418823167682
YOL117W,YDR392W,0.9999995231628418
YOL117W,YNL053W,0.998457670211792
YOL117W,YGR040W,0.9604323506355286
YOL117W,YDL216C,0.9943856000900269
YOL117W,YJR086W,0.9999872446060181
YOL117W,YMR025W,0.9998306035995483
YOL117W,YBR081C,0.9970635771751404
YOL117W,YFL026W,0.9992555975914001
YOL117W,YHL007C,0.9882016777992249
YOL117W,YNR044W,0.9911581873893738
YOL117W,YNL271C,0.9970425963401794
YOL117W,YDR200C,0.9990102052688599
YOL117W,YKL178C,0.9997383952140808
YOL117W,YOR212W,0.9984259605407715
YOL117W,YOL111C,0.0006478525465354323
YOL117W,YGL032C,4.2391106944705825e-06
YOL117W,YHR005C,0.999829888343811
YOL117W,YDR103W,0.9998984336853027
YOL117W,YJR084W,0.9991902709007263
YOL117W,YCL032W,0.9999617338180542
YOL117W,YJL170C,0.9988744854927063
YOL117W,YDR179C,0.31401681900024414
YOL117W,YBR095C,0.9963561296463013
YOL117W,YLL021W,0.9997242093086243
YOL117W,YDL159W,8.677889695718477e-07
YOL117W,YNL161W,0.9996734857559204
YOL117W,YNL188W,0.9994113445281982
YOL117W,YJL157C,1.6720086648547294e-07
YOL117W,YJL034W,1.691018880478623e-08
YOL117W,YLR238W,0.9920074939727783
YOL117W,YPR141C,0.999994158744812
YOL117W,YNL127W,0.9999220371246338
YOL117W,YCL055W,0.01205969788134098
YOL117W,YPR122W,0.999735414981842
YOL117W,YMR065W,0.9993804693222046
YOL117W,YDR356W,0.9994321465492249
YOL117W,YMR052W,0.9956678152084351
YOL117W,YFR008W,0.9983354210853577
YOL117W,YLL043W,0.9971727132797241
YOL117W,YMR029C,0.9993607401847839
YOL117W,YJR004C,0.0010392022086307406
YOL117W,YDL223C,9.42328548525495e-10
YOL117W,YHR158C,0.9978602528572083
YOL117W,YGR238C,6.126961715757773e-10
YOL117W,YIL015W,0.9999988079071045
YOL117W,YGL173C,0.9976509213447571
YOL117W,YDL225W,0.9932378530502319
YOL117W,YLR330W,2.98099075735081e-05
YOL117W,YBR129C,0.9959771037101746
YOL117W,YKR095W-A,0.2020167112350464
YOL117W,YPR075C,0.3358416259288788
YOL117W,YMR198W,0.9986807703971863
YOL117W,YOR127W,0.9960034489631653
YOL117W,YDR264C,0.9939132332801819
YOL117W,YLR110C,0.9990481734275818
YOL117W,YDR379W,0.9955180287361145
YOL117W,YDL100C,0.9999866485595703
YOL117W,YHR073W,0.9994244575500488
YOL117W,YJR090C,0.9999431371688843
YOL117W,YOR208W,0.9994744658470154
YOL117W,YBR040W,0.9999631643295288
YOL117W,YNL279W,0.997989296913147
YOL117W,YER075C,0.999751627445221
YOL117W,YCR089W,3.385203399375314e-06
YOL117W,YCR002C,0.9997422099113464
YOL117W,YJL108C,0.9991686344146729
YOL117W,YBR200W,0.002242062473669648
YOL117W,YIL026C,0.9909911155700684
YOL117W,YJR076C,0.9980888962745667
YOL117W,YKR031C,0.999974250793457
YOL117W,YPL192C,0.9997288584709167
YOL117W,YHR107C,0.9996945858001709
YOL117W,YIL037C,0.0002413485199213028
YOL117W,YPL156C,0.9999516010284424
YOL117W,YIL117C,0.9998980760574341
YOL117W,YHR066W,3.3330588289359753e-10
YOL117W,YML085C,0.9999507665634155
YOL117W,YML047C,0.9994387030601501
YOL117W,YDR312W,0.9999384880065918
YOL117W,YFL037W,0.9999653100967407
YOL117W,YDL038C,0.2020167112350464
YOL117W,YDL039C,1.1972558063923537e-20
YOL117W,YCL027W,0.9999880790710449
YOL117W,YML124C,1.837926220105146e-07
YOL117W,YGL053W,0.9998964071273804
YOL117W,YMR232W,0.999896764755249
YOL117W,YNL298W,0.6043948531150818
YOL117W,YGL099W,0.9742881059646606
YOL117W,YBL016W,0.34782731533050537
YOL117W,YAL041W,0.9999984502792358
YOL117W,YDR085C,0.9931917786598206
YOL117W,YPL187W,0.9908958077430725
YOL117W,YPL256C,0.005849594250321388
YOL117W,YDR461W,4.821040011648847e-09
YOL117W,YNL145W,8.746284834160178e-07
YOR177C,YDL165W,3.029274830979034e-09
YOR177C,YGR059W,7.102567565198115e-07
YOR177C,YBR109C,0.7123153209686279
YOR177C,YJL080C,7.261005574576984e-09
YOR177C,YCR093W,0.032377950847148895
YOR177C,YIL122W,0.00023557878739666194
YOR177C,YCL029C,2.781552928526193e-13
YOR177C,YNL173C,5.673044825016405e-07
YOR177C,YLR452C,8.20935071033091e-08
YOR177C,YDL160C,8.10697642350533e-09
YOR177C,YLR229C,0.011488648131489754
YOR177C,YML057W,4.090122018851616e-08
YOR177C,YER149C,7.128827750335631e-09
YOR177C,YMR305C,1.3717789570932837e-08
YOR177C,YLR433C,0.00021422102872747928
YOR177C,YJL073W,4.980549428516101e-17
YOR177C,YGR279C,0.00014143211592454463
YOR177C,YKL190W,2.11468481614574e-10
YOR177C,YGL089C,0.0002009604941122234
YOR177C,YJL019W,8.418577834845564e-09
YOR177C,YJL018W,0.05859320983290672
YOR177C,YNR032C-A,0.7270114421844482
YOR177C,YGL178W,0.0009269556030631065
YOR177C,YKL116C,1.485758360786349e-08
YOR177C,YDL214C,0.12211094796657562
YOR177C,YLR362W,0.8871834874153137
YOR177C,YER068W,1.8670789359021e-05
YOR177C,YHR084W,1.1316600101451968e-08
YOR177C,YDR392W,5.041536077499131e-10
YOR177C,YNL053W,1.044819873641245e-05
YOR177C,YGR040W,0.6705846786499023
YOR177C,YDL216C,0.9998853206634521
YOR177C,YOL117W,0.00022181574604474008
YOR177C,YJR086W,1.0504542125033822e-08
YOR177C,YMR025W,4.015564263681881e-05
YOR177C,YBR081C,0.0005723542417399585
YOR177C,YFL026W,1.0789699445012957e-05
YOR177C,YHL007C,3.3538068322513936e-08
YOR177C,YNR044W,0.00011904232087545097
YOR177C,YNL271C,2.1501598279627387e-09
YOR177C,YDR200C,4.4979346967011224e-06
YOR177C,YKL178C,0.03757283091545105
YOR177C,YOR212W,1.0672661119315308e-06
YOR177C,YOL111C,7.891512359492481e-05
YOR177C,YGL032C,1.7318846357028406e-10
YOR177C,YHR005C,0.9200138449668884
YOR177C,YDR103W,0.032800231128931046
YOR177C,YJR084W,0.006385400891304016
YOR177C,YCL032W,0.0010237712413072586
YOR177C,YJL170C,0.0006138187018223107
YOR177C,YDR179C,0.00045061015407554805
YOR177C,YBR095C,0.0002256447187392041
YOR177C,YLL021W,1.0031158836909526e-07
YOR177C,YDL159W,5.268338594695797e-14
YOR177C,YNL161W,4.013847672013071e-07
YOR177C,YNL188W,1.6374220230576386e-13
YOR177C,YJL157C,4.1251581144041705e-12
YOR177C,YJL034W,5.386639959493837e-15
YOR177C,YLR238W,0.0013189335586503148
YOR177C,YPR141C,7.87274298487059e-14
YOR177C,YNL127W,6.915222911629826e-05
YOR177C,YCL055W,2.760391726042144e-05
YOR177C,YPR122W,2.4202715569535127e-13
YOR177C,YMR065W,0.0001987629075301811
YOR177C,YDR356W,1.444199097022647e-05
YOR177C,YMR052W,0.9268627166748047
YOR177C,YFR008W,2.2497934182297286e-08
YOR177C,YLL043W,0.38014769554138184
YOR177C,YMR029C,0.04269302263855934
YOR177C,YJR004C,4.588698914176348e-07
YOR177C,YDL223C,2.9747757035458733e-10
YOR177C,YHR158C,2.4669579943292774e-06
YOR177C,YGR238C,1.8667716678022472e-11
YOR177C,YIL015W,5.918474016652908e-06
YOR177C,YGL173C,0.0009131847764365375
YOR177C,YDL225W,0.00029065145645290613
YOR177C,YLR330W,1.609842592564803e-09
YOR177C,YBR129C,4.696572796092369e-05
YOR177C,YKR095W-A,0.2020167112350464
YOR177C,YPR075C,0.0037920414470136166
YOR177C,YMR198W,3.1044277420733124e-05
YOR177C,YOR127W,2.5263574343625805e-08
YOR177C,YDR264C,7.896896470072079e-10
YOR177C,YLR110C,0.0002651380200404674
YOR177C,YDR379W,0.26827672123908997
YOR177C,YDL100C,1.7248067530435326e-14
YOR177C,YHR073W,0.13221848011016846
YOR177C,YJR090C,6.087548740651982e-07
YOR177C,YOR208W,0.030652286484837532
YOR177C,YBR040W,0.008139092475175858
YOR177C,YNL279W,2.047450379905058e-06
YOR177C,YER075C,0.002075972966849804
YOR177C,YCR089W,0.0014946871669963002
YOR177C,YCR002C,1.4779475350223947e-05
YOR177C,YJL108C,8.146860075441964e-09
YOR177C,YBR200W,0.010320542380213737
YOR177C,YIL026C,6.3308549513863e-09
YOR177C,YJR076C,2.6463449103175662e-05
YOR177C,YKR031C,0.8370342254638672
YOR177C,YPL192C,8.376291589229368e-06
YOR177C,YHR107C,3.963726703659631e-05
YOR177C,YIL037C,0.003419184358790517
YOR177C,YPL156C,0.9999669790267944
YOR177C,YIL117C,0.0022021562326699495
YOR177C,YHR066W,1.319445219749582e-09
YOR177C,YML085C,2.07009998121066e-06
YOR177C,YML047C,1.5819645341252908e-05
YOR177C,YDR312W,6.425646279240027e-05
YOR177C,YFL037W,0.0345342755317688
YOR177C,YDL038C,0.2020167112350464
YOR177C,YDL039C,1.169810437211781e-14
YOR177C,YCL027W,0.0002105340827256441
YOR177C,YML124C,8.463726430818497e-08
YOR177C,YGL053W,1.4981524145696312e-05
YOR177C,YMR232W,1.926066033774987e-05
YOR177C,YNL298W,0.4775434136390686
YOR177C,YGL099W,2.3153241476836506e-12
YOR177C,YBL016W,0.001400259556248784
YOR177C,YAL041W,3.134370558655064e-07
YOR177C,YDR085C,7.689976337132975e-05
YOR177C,YPL187W,5.553178894501798e-08
YOR177C,YPL256C,4.80759583618845e-13
YOR177C,YDR461W,3.5995987007070296e-12
YOR177C,YNL145W,0.0005274183349683881
YPL008W,YDL165W,5.615776643708159e-08
YPL008W,YGR059W,3.852124348668884e-12
YPL008W,YBR109C,5.863607261411344e-14
YPL008W,YJL080C,1.5897570619927137e-06
YPL008W,YCR093W,0.00025981906219385564
YPL008W,YIL122W,0.00936255231499672
YPL008W,YCL029C,1.4171310347421695e-08
YPL008W,YNL173C,3.836335338291974e-07
YPL008W,YLR452C,0.027045005932450294
YPL008W,YDL160C,0.020033089444041252
YPL008W,YLR229C,4.4763117656998475e-09
YPL008W,YML057W,3.136753079502341e-08
YPL008W,YER149C,9.044384933076799e-05
YPL008W,YMR305C,1.668935212251199e-08
YPL008W,YLR433C,8.251553822447022e-07
YPL008W,YJL073W,2.3308218999318342e-07
YPL008W,YGR279C,1.608947627573798e-06
YPL008W,YKL190W,0.0004312476085033268
YPL008W,YGL089C,1.9415431718947107e-14
YPL008W,YJL019W,0.00018177635502070189
YPL008W,YJL018W,0.2020167112350464
YPL008W,YNR032C-A,0.9885940551757812
YPL008W,YGL178W,0.00021583620400633663
YPL008W,YKL116C,3.0768993042329384e-07
YPL008W,YDL214C,1.5315703421947546e-05
YPL008W,YLR362W,3.774022427904811e-09
YPL008W,YER068W,9.744680795620297e-08
YPL008W,YHR084W,0.027719832956790924
YPL008W,YDR392W,0.13067865371704102
YPL008W,YNL053W,0.00023557229724247009
YPL008W,YGR040W,0.40950074791908264
YPL008W,YDL216C,1.8816416869071872e-08
YPL008W,YOL117W,0.006207452155649662
YPL008W,YJR086W,0.28713443875312805
YPL008W,YMR025W,5.680570325239387e-07
YPL008W,YBR081C,0.3688984811306
YPL008W,YFL026W,0.00010261631541652605
YPL008W,YHL007C,4.0989340050145984e-05
YPL008W,YNR044W,1.0137829242751195e-08
YPL008W,YNL271C,5.549463367060525e-06
YPL008W,YDR200C,7.52634043976741e-09
YPL008W,YKL178C,0.04361148551106453
YPL008W,YOR212W,0.02101442776620388
YPL008W,YOL111C,6.624013143552432e-11
YPL008W,YGL032C,6.452380603150232e-07
YPL008W,YHR005C,0.0019190802704542875
YPL008W,YDR103W,0.0003760609542950988
YPL008W,YJR084W,0.0005972457001917064
YPL008W,YCL032W,1.2338952046775375e-06
YPL008W,YJL170C,0.00468615535646677
YPL008W,YDR179C,3.2709945863018675e-09
YPL008W,YBR095C,1.7744171998401725e-07
YPL008W,YLL021W,0.0002341097133466974
YPL008W,YDL159W,2.8340500648482703e-06
YPL008W,YNL161W,0.9139301776885986
YPL008W,YNL188W,3.0801772936683847e-06
YPL008W,YJL157C,4.297956547816284e-05
YPL008W,YJL034W,1.2885790567906952e-07
YPL008W,YLR238W,1.7553108477841306e-07
YPL008W,YPR141C,0.00036006857408210635
YPL008W,YNL127W,5.836271466108656e-10
YPL008W,YCL055W,2.3772867008275966e-10
YPL008W,YPR122W,5.875592634652094e-08
YPL008W,YMR065W,6.262300757953199e-07
YPL008W,YDR356W,4.576206993078813e-05
YPL008W,YMR052W,1.8345472710401545e-12
YPL008W,YFR008W,9.210963298755814e-07
YPL008W,YLL043W,8.544580154534742e-09
YPL008W,YMR029C,0.00038440036587417126
YPL008W,YJR004C,3.0603841683074506e-10
YPL008W,YDL223C,7.425432499985618e-07
YPL008W,YHR158C,3.380875739367184e-07
YPL008W,YGR238C,1.9940600850532064e-06
YPL008W,YIL015W,3.443677769610076e-06
YPL008W,YGL173C,5.893862329610366e-13
YPL008W,YDL225W,5.988632619846612e-05
YPL008W,YLR330W,4.971498039629818e-12
YPL008W,YBR129C,3.2978687055512657e-13
YPL008W,YKR095W-A,0.2020167112350464
YPL008W,YPR075C,7.782155364566279e-09
YPL008W,YMR198W,0.001183985499665141
YPL008W,YOR127W,3.0771414003538666e-06
YPL008W,YDR264C,1.030235239340982e-07
YPL008W,YLR110C,2.9882304963813056e-10
YPL008W,YDR379W,9.415392014489044e-06
YPL008W,YDL100C,0.006887246388942003
YPL008W,YHR073W,1.031767529621969e-14
YPL008W,YJR090C,7.176009148679441e-06
YPL008W,YOR208W,4.540951340459287e-05
YPL008W,YBR040W,5.6967695854837075e-05
YPL008W,YNL279W,1.9946669453929644e-06
YPL008W,YER075C,4.958392096909847e-08
YPL008W,YCR089W,1.4748912161022254e-11
YPL008W,YCR002C,1.2823723238852835e-07
YPL008W,YJL108C,0.00023476933711208403
YPL008W,YBR200W,1.211519329302746e-08
YPL008W,YIL026C,3.705605877257767e-06
YPL008W,YJR076C,4.02557187584307e-09
YPL008W,YKR031C,0.0010350217344239354
YPL008W,YPL192C,4.340869281804771e-07
YPL008W,YHR107C,0.0006705325795337558
YPL008W,YIL037C,3.567724560227248e-09
YPL008W,YPL156C,3.9266592755105023e-10
YPL008W,YIL117C,1.2249516657902859e-05
YPL008W,YHR066W,5.373180234080621e-10
YPL008W,YML085C,1.5594508795402362e-08
YPL008W,YML047C,0.025941383093595505
YPL008W,YDR312W,9.955967925634468e-07
YPL008W,YFL037W,3.5339964288283454e-09
YPL008W,YDL038C,0.2020167112350464
YPL008W,YDL039C,1.4934579795067293e-08
YPL008W,YCL027W,5.317391627924009e-14
YPL008W,YML124C,2.0444675101316534e-05
YPL008W,YGL053W,0.0009105912176892161
YPL008W,YMR232W,7.153293068995481e-08
YPL008W,YNL298W,2.573156052676495e-07
YPL008W,YGL099W,5.80371897740406e-06
YPL008W,YBL016W,4.0749269476024244e-17
YPL008W,YAL041W,2.9521382560737663e-10
YPL008W,YDR085C,2.3162414436228573e-05
YPL008W,YPL187W,0.9928929209709167
YPL008W,YPL256C,5.074597879684006e-07
YPL008W,YDR461W,3.96277037850723e-08
YPL008W,YNL145W,2.5860117602860555e-08
YLR342W,YDL165W,4.637368178350698e-08
YLR342W,YGR059W,4.175638057546394e-09
YLR342W,YBR109C,0.0005131855141371489
YLR342W,YJL080C,0.00035108180600218475
YLR342W,YCR093W,0.6512428522109985
YLR342W,YIL122W,7.803636492553778e-08
YLR342W,YCL029C,4.5212986132803223e-10
YLR342W,YNL173C,1.1182505659235176e-06
YLR342W,YLR452C,0.00618270318955183
YLR342W,YDL160C,3.203089704584272e-07
YLR342W,YLR229C,8.919365940274204e-11
YLR342W,YML057W,2.4403339349277076e-09
YLR342W,YER149C,6.982814375078306e-05
YLR342W,YMR305C,0.0001554997288621962
YLR342W,YLR433C,1.066105426161812e-08
YLR342W,YJL073W,3.6269747621942017e-11
YLR342W,YGR279C,3.4300703943834776e-10
YLR342W,YKL190W,1.6495393592719232e-11
YLR342W,YGL089C,0.002352479612454772
YLR342W,YJL019W,5.4962700786042457e-14
YLR342W,YJL018W,9.255368786398321e-05
YLR342W,YNR032C-A,0.007456679362803698
YLR342W,YGL178W,3.6698429539683275e-06
YLR342W,YKL116C,8.432868270347171e-08
YLR342W,YDL214C,4.884017471340485e-05
YLR342W,YLR362W,1.1500593810609416e-09
YLR342W,YER068W,1.5331879862912068e-11
YLR342W,YHR084W,0.00010020188346970826
YLR342W,YDR392W,2.8784301164819226e-08
YLR342W,YNL053W,2.0518818644177372e-08
YLR342W,YGR040W,2.325632308952663e-08
YLR342W,YDL216C,1.8528936607253854e-08
YLR342W,YOL117W,8.490234626457038e-10
YLR342W,YJR086W,1.1895270972672733e-06
YLR342W,YMR025W,4.36864189268249e-09
YLR342W,YBR081C,0.9312867522239685
YLR342W,YFL026W,1.5174482115298815e-08
YLR342W,YHL007C,8.581447019651023e-08
YLR342W,YNR044W,7.409952651471485e-09
YLR342W,YNL271C,0.9906635284423828
YLR342W,YDR200C,0.007324019446969032
YLR342W,YKL178C,0.02835015393793583
YLR342W,YOR212W,2.4811238290567417e-06
YLR342W,YOL111C,8.008113582036458e-06
YLR342W,YGL032C,2.427784535907751e-13
YLR342W,YHR005C,0.0005223191692493856
YLR342W,YDR103W,0.005511014256626368
YLR342W,YJR084W,0.12054520845413208
YLR342W,YCL032W,1.5751290517122124e-13
YLR342W,YJL170C,0.998354434967041
YLR342W,YDR179C,4.889535651364518e-11
YLR342W,YBR095C,1.4857234020837495e-07
YLR342W,YLL021W,0.00012190867710160092
YLR342W,YDL159W,1.6048084085576453e-13
YLR342W,YNL161W,0.00010241902782581747
YLR342W,YNL188W,0.9753317832946777
YLR342W,YJL157C,0.0012599797919392586
YLR342W,YJL034W,9.488148577929678e-08
YLR342W,YLR238W,0.005551712121814489
YLR342W,YPR141C,2.2626150894211605e-05
YLR342W,YNL127W,0.000586901034694165
YLR342W,YCL055W,2.636079798890023e-09
YLR342W,YPR122W,0.8285629153251648
YLR342W,YMR065W,9.93210960587021e-06
YLR342W,YDR356W,1.3057564807184008e-08
YLR342W,YMR052W,0.5042790174484253
YLR342W,YFR008W,0.0044790152460336685
YLR342W,YLL043W,8.572896490477433e-07
YLR342W,YMR029C,0.0004385003412608057
YLR342W,YJR004C,2.4963730735350076e-11
YLR342W,YDL223C,1.0440935893640813e-09
YLR342W,YHR158C,0.00738163897767663
YLR342W,YGR238C,4.45953655947573e-11
YLR342W,YIL015W,5.2927287470083684e-05
YLR342W,YGL173C,0.6569848656654358
YLR342W,YDL225W,1.1597466736956719e-10
YLR342W,YLR330W,4.2992778781503205e-10
YLR342W,YBR129C,0.6625300049781799
YLR342W,YKR095W-A,0.2020167112350464
YLR342W,YPR075C,1.7729898660334698e-09
YLR342W,YMR198W,0.26983118057250977
YLR342W,YOR127W,1.0455130095010645e-08
YLR342W,YDR264C,0.0004950513248331845
YLR342W,YLR110C,0.9838289618492126
YLR342W,YDR379W,0.0005507892929017544
YLR342W,YDL100C,6.826057870057411e-07
YLR342W,YHR073W,2.6516601792536676e-05
YLR342W,YJR090C,1.066448707121026e-09
YLR342W,YOR208W,4.506036475504516e-06
YLR342W,YBR040W,0.007253003306686878
YLR342W,YNL279W,0.7857780456542969
YLR342W,YER075C,1.0668097161214973e-07
YLR342W,YCR089W,2.8171871235826984e-07
YLR342W,YCR002C,0.7496404051780701
YLR342W,YJL108C,0.19657839834690094
YLR342W,YBR200W,7.767788148815846e-12
YLR342W,YIL026C,0.9973790645599365
YLR342W,YJR076C,0.9985613226890564
YLR342W,YKR031C,0.00016032354324124753
YLR342W,YPL192C,3.073519749818843e-08
YLR342W,YHR107C,1.0259003602186567e-06
YLR342W,YIL037C,0.6152149438858032
YLR342W,YPL156C,2.3758643941107493e-09
YLR342W,YIL117C,6.295612564599651e-08
YLR342W,YHR066W,8.957495661009174e-13
YLR342W,YML085C,9.625771468790845e-08
YLR342W,YML047C,0.30768561363220215
YLR342W,YDR312W,7.625699981276537e-16
YLR342W,YFL037W,0.010357031598687172
YLR342W,YDL038C,0.2020167112350464
YLR342W,YDL039C,6.349953451945112e-08
YLR342W,YCL027W,0.000561997527256608
YLR342W,YML124C,0.0001060492722899653
YLR342W,YGL053W,0.7694618105888367
YLR342W,YMR232W,0.017497306689620018
YLR342W,YNL298W,6.892972805871977e-07
YLR342W,YGL099W,1.3297293662617449e-05
YLR342W,YBL016W,1.4109323842603771e-07
YLR342W,YAL041W,7.164596172515303e-05
YLR342W,YDR085C,0.0007338357390835881
YLR342W,YPL187W,0.0002741139323916286
YLR342W,YPL256C,0.002527934033423662
YLR342W,YDR461W,5.342764076342538e-15
YLR342W,YNL145W,1.9828744549088562e-11
YDR365W-A,YDL165W,1.1240923925015522e-07
YDR365W-A,YGR059W,8.118457481032237e-05
YDR365W-A,YBR109C,0.011480409651994705
YDR365W-A,YJL080C,0.00011360285134287551
YDR365W-A,YCR093W,0.0012754531344398856
YDR365W-A,YIL122W,7.635629117430653e-06
YDR365W-A,YCL029C,0.04441680759191513
YDR365W-A,YNL173C,3.27696034219116e-05
YDR365W-A,YLR452C,0.0002550638164393604
YDR365W-A,YDL160C,0.00018731689488049597
YDR365W-A,YLR229C,8.527970931027085e-05
YDR365W-A,YML057W,0.001378374407067895
YDR365W-A,YER149C,0.00012319389497861266
YDR365W-A,YMR305C,0.0003574780421331525
YDR365W-A,YLR433C,0.0001377574517391622
YDR365W-A,YJL073W,4.8444082494825125e-05
YDR365W-A,YGR279C,0.0006954047712497413
YDR365W-A,YKL190W,1.1901277503056917e-05
YDR365W-A,YGL089C,0.001064412877894938
YDR365W-A,YJL019W,0.0002023631677730009
YDR365W-A,YJL018W,0.2020167112350464
YDR365W-A,YNR032C-A,0.0004622397245839238
YDR365W-A,YGL178W,6.163502257550135e-05
YDR365W-A,YKL116C,4.7104866098379716e-05
YDR365W-A,YDL214C,0.0004988110740669072
YDR365W-A,YLR362W,0.0003545098297763616
YDR365W-A,YER068W,7.299717253772542e-05
YDR365W-A,YHR084W,0.0006380566046573222
YDR365W-A,YDR392W,0.0006084623746573925
YDR365W-A,YNL053W,3.936146094929427e-05
YDR365W-A,YGR040W,1.0204885256825946e-05
YDR365W-A,YDL216C,0.0047756279818713665
YDR365W-A,YOL117W,0.006086879409849644
YDR365W-A,YJR086W,0.048888158053159714
YDR365W-A,YMR025W,1.660475209064316e-05
YDR365W-A,YBR081C,4.442436693352647e-05
YDR365W-A,YFL026W,7.291524525498971e-06
YDR365W-A,YHL007C,4.473829176276922e-05
YDR365W-A,YNR044W,0.002435558708384633
YDR365W-A,YNL271C,0.0005164275644347072
YDR365W-A,YDR200C,7.011064735706896e-05
YDR365W-A,YKL178C,1.6004900317057036e-05
YDR365W-A,YOR212W,4.815473948838189e-05
YDR365W-A,YOL111C,8.601778972661123e-05
YDR365W-A,YGL032C,1.4860814189887606e-05
YDR365W-A,YHR005C,5.418902219389565e-05
YDR365W-A,YDR103W,0.00016180802776943892
YDR365W-A,YJR084W,0.000994896749034524
YDR365W-A,YCL032W,1.1791152246587444e-05
YDR365W-A,YJL170C,0.00012012078514089808
YDR365W-A,YDR179C,1.4391752301889937e-05
YDR365W-A,YBR095C,0.0008915084763430059
YDR365W-A,YLL021W,8.516090019838884e-05
YDR365W-A,YDL159W,0.0019607075955718756
YDR365W-A,YNL161W,0.0015469151549041271
YDR365W-A,YNL188W,0.005746412090957165
YDR365W-A,YJL157C,0.000884626992046833
YDR365W-A,YJL034W,0.00014045802527107298
YDR365W-A,YLR238W,1.346621684206184e-05
YDR365W-A,YPR141C,0.0015380753902718425
YDR365W-A,YNL127W,0.0026689490769058466
YDR365W-A,YCL055W,0.00237753102555871
YDR365W-A,YPR122W,7.2572743192722555e-06
YDR365W-A,YMR065W,0.0005936798988841474
YDR365W-A,YDR356W,1.63457643793663e-05
YDR365W-A,YMR052W,1.777591137397394e-06
YDR365W-A,YFR008W,1.6714378716642386e-06
YDR365W-A,YLL043W,0.004825236275792122
YDR365W-A,YMR029C,1.4538652976625599e-05
YDR365W-A,YJR004C,7.799699960742146e-05
YDR365W-A,YDL223C,4.347491540102055e-06
YDR365W-A,YHR158C,1.6290208805003203e-05
YDR365W-A,YGR238C,0.0008071889751590788
YDR365W-A,YIL015W,0.0005099136615172029
YDR365W-A,YGL173C,7.922669465187937e-05
YDR365W-A,YDL225W,7.284523599082604e-05
YDR365W-A,YLR330W,0.0004132914764340967
YDR365W-A,YBR129C,9.289987247029785e-06
YDR365W-A,YKR095W-A,0.2020167112350464
YDR365W-A,YPR075C,0.0002863933623302728
YDR365W-A,YMR198W,5.55128792711912e-07
YDR365W-A,YOR127W,7.304894552362384e-06
YDR365W-A,YDR264C,0.0006863077869638801
YDR365W-A,YLR110C,0.0019486683886498213
YDR365W-A,YDR379W,2.672759137567482e-06
YDR365W-A,YDL100C,0.0015191386919468641
YDR365W-A,YHR073W,0.003948125056922436
YDR365W-A,YJR090C,0.0005353016895242035
YDR365W-A,YOR208W,0.000285826507024467
YDR365W-A,YBR040W,0.13545919954776764
YDR365W-A,YNL279W,7.705493771936744e-05
YDR365W-A,YER075C,0.015152438543736935
YDR365W-A,YCR089W,0.001989309210330248
YDR365W-A,YCR002C,6.054530604160391e-05
YDR365W-A,YJL108C,0.001647957949899137
YDR365W-A,YBR200W,0.0005869058077223599
YDR365W-A,YIL026C,0.0007500008796341717
YDR365W-A,YJR076C,0.0008529428741894662
YDR365W-A,YKR031C,5.376959961722605e-05
YDR365W-A,YPL192C,0.004283971153199673
YDR365W-A,YHR107C,0.0001446438836865127
YDR365W-A,YIL037C,0.0002077188401017338
YDR365W-A,YPL156C,0.0004170151078142226
YDR365W-A,YIL117C,0.0011492331977933645
YDR365W-A,YHR066W,4.357936995802447e-05
YDR365W-A,YML085C,3.239550096623134e-06
YDR365W-A,YML047C,0.0001828525710152462
YDR365W-A,YDR312W,0.004444289021193981
YDR365W-A,YFL037W,0.0005007459549233317
YDR365W-A,YDL038C,0.2020167112350464
YDR365W-A,YDL039C,0.00012448837514966726
YDR365W-A,YCL027W,7.992679456947371e-05
YDR365W-A,YML124C,0.00011462035035947338
YDR365W-A,YGL053W,0.00045371759915724397
YDR365W-A,YMR232W,0.009057070128619671
YDR365W-A,YNL298W,0.00016102784138638526
YDR365W-A,YGL099W,1.7525424482300878e-05
YDR365W-A,YBL016W,0.0002717524766921997
YDR365W-A,YAL041W,1.0759810464833208e-07
YDR365W-A,YDR085C,0.03318430483341217
YDR365W-A,YPL187W,0.029791301116347313
YDR365W-A,YPL256C,0.000576949561946094
YDR365W-A,YDR461W,8.620418157079257e-06
YDR365W-A,YNL145W,0.0002367670531384647
YPL180W,YDL165W,8.786832040641457e-05
YPL180W,YGR059W,2.106345098340512e-09
YPL180W,YBR109C,7.960830407682806e-05
YPL180W,YJL080C,0.04636932909488678
YPL180W,YCR093W,1.237564467137381e-13
YPL180W,YIL122W,1.1096298990764808e-08
YPL180W,YCL029C,4.1502236854285e-05
YPL180W,YNL173C,5.4192104137484876e-09
YPL180W,YLR452C,2.339510047022486e-06
YPL180W,YDL160C,3.449988980719354e-06
YPL180W,YLR229C,5.055263306352536e-15
YPL180W,YML057W,1.4844741646861948e-13
YPL180W,YER149C,0.9865192770957947
YPL180W,YMR305C,0.0014048791490495205
YPL180W,YLR433C,7.409287263726583e-06
YPL180W,YJL073W,5.12170221598357e-13
YPL180W,YGR279C,1.985785980096466e-10
YPL180W,YKL190W,0.0001776942954165861
YPL180W,YGL089C,0.03168806806206703
YPL180W,YJL019W,0.07322687655687332
YPL180W,YJL018W,0.0803501233458519
YPL180W,YNR032C-A,0.9999834299087524
YPL180W,YGL178W,7.637423550477251e-05
YPL180W,YKL116C,1.570227509215677e-13
YPL180W,YDL214C,0.15547852218151093
YPL180W,YLR362W,0.0003883160825353116
YPL180W,YER068W,0.07088401913642883
YPL180W,YHR084W,1.4802127579205404e-10
YPL180W,YDR392W,6.605534508707933e-06
YPL180W,YNL053W,0.004032033495604992
YPL180W,YGR040W,0.6092429757118225
YPL180W,YDL216C,0.007184989750385284
YPL180W,YOL117W,0.00949325691908598
YPL180W,YJR086W,5.209653264337533e-10
YPL180W,YMR025W,1.354933090169652e-07
YPL180W,YBR081C,0.9455760717391968
YPL180W,YFL026W,0.00032599447877146304
YPL180W,YHL007C,8.368786438950337e-06
YPL180W,YNR044W,0.9451929330825806
YPL180W,YNL271C,0.9767083525657654
YPL180W,YDR200C,4.547585832209711e-12
YPL180W,YKL178C,4.0306868953621233e-10
YPL180W,YOR212W,5.875458555237856e-07
YPL180W,YOL111C,3.5120871488825145e-11
YPL180W,YGL032C,1.4516638202621834e-07
YPL180W,YHR005C,1.5512230389091997e-10
YPL180W,YDR103W,0.12042396515607834
YPL180W,YJR084W,1.5650877571715682e-07
YPL180W,YCL032W,3.7610611798299942e-06
YPL180W,YJL170C,0.00024100244627334177
YPL180W,YDR179C,4.242197704229511e-08
YPL180W,YBR095C,3.617139441303152e-07
YPL180W,YLL021W,0.0031109657138586044
YPL180W,YDL159W,3.8050645967402374e-10
YPL180W,YNL161W,0.00029634052771143615
YPL180W,YNL188W,5.427700671134517e-07
YPL180W,YJL157C,8.312297516965828e-09
YPL180W,YJL034W,4.3191967573862327e-16
YPL180W,YLR238W,9.737208372939676e-09
YPL180W,YPR141C,5.458021860249573e-06
YPL180W,YNL127W,3.220096186851151e-05
YPL180W,YCL055W,5.081427899983337e-13
YPL180W,YPR122W,0.032886482775211334
YPL180W,YMR065W,0.012867332436144352
YPL180W,YDR356W,4.9289798909057936e-09
YPL180W,YMR052W,2.598593709990382e-06
YPL180W,YFR008W,2.0599706385127092e-09
YPL180W,YLL043W,0.983737587928772
YPL180W,YMR029C,1.045929343135299e-09
YPL180W,YJR004C,4.333692016356139e-10
YPL180W,YDL223C,1.2049951259029967e-08
YPL180W,YHR158C,1.1707513372914588e-16
YPL180W,YGR238C,8.63907383130691e-12
YPL180W,YIL015W,4.50728521173005e-08
YPL180W,YGL173C,4.331229264131764e-10
YPL180W,YDL225W,1.2248409231307988e-10
YPL180W,YLR330W,6.080712414880285e-16
YPL180W,YBR129C,1.562841517440891e-13
YPL180W,YKR095W-A,0.2020167112350464
YPL180W,YPR075C,6.4404134718643036e-06
YPL180W,YMR198W,0.7802412509918213
YPL180W,YOR127W,6.948957520513943e-10
YPL180W,YDR264C,0.008454999886453152
YPL180W,YLR110C,0.8640589118003845
YPL180W,YDR379W,0.7677638530731201
YPL180W,YDL100C,1.056224352424806e-08
YPL180W,YHR073W,6.972223146051171e-12
YPL180W,YJR090C,0.015349910594522953
YPL180W,YOR208W,4.003218418802135e-05
YPL180W,YBR040W,0.9980288147926331
YPL180W,YNL279W,0.0005576958646997809
YPL180W,YER075C,0.1726221889257431
YPL180W,YCR089W,0.5466085076332092
YPL180W,YCR002C,6.812342121520487e-07
YPL180W,YJL108C,3.292067844995472e-07
YPL180W,YBR200W,3.4671404591790633e-06
YPL180W,YIL026C,0.0001919059141073376
YPL180W,YJR076C,1.1015296883182604e-13
YPL180W,YKR031C,0.0012306900462135673
YPL180W,YPL192C,0.9991346001625061
YPL180W,YHR107C,3.390136207783584e-13
YPL180W,YIL037C,5.832710030517774e-07
YPL180W,YPL156C,0.7918210029602051
YPL180W,YIL117C,0.9990621209144592
YPL180W,YHR066W,5.241188039128986e-10
YPL180W,YML085C,9.522954869112255e-09
YPL180W,YML047C,0.20897988975048065
YPL180W,YDR312W,0.201302170753479
YPL180W,YFL037W,0.00018811516929417849
YPL180W,YDL038C,0.2020167112350464
YPL180W,YDL039C,2.522754449785225e-09
YPL180W,YCL027W,0.009081985801458359
YPL180W,YML124C,2.329438864023814e-10
YPL180W,YGL053W,0.00018672824080567807
YPL180W,YMR232W,0.0012147576780989766
YPL180W,YNL298W,5.096189283904096e-07
YPL180W,YGL099W,5.451977064252489e-11
YPL180W,YBL016W,0.008435186930000782
YPL180W,YAL041W,1.8328135411138646e-05
YPL180W,YDR085C,0.00010144335828954354
YPL180W,YPL187W,4.412598718772642e-05
YPL180W,YPL256C,1.6318008420057595e-06
YPL180W,YDR461W,8.688164854220304e-09
YPL180W,YNL145W,1.4484543271464645e-06
YDL132W,YDL165W,0.031389620155096054
YDL132W,YGR059W,2.4458218831568956e-05
YDL132W,YBR109C,0.0006368111935444176
YDL132W,YJL080C,0.9951550960540771
YDL132W,YCR093W,0.01762082427740097
YDL132W,YIL122W,0.08867716789245605
YDL132W,YCL029C,2.6247108930732566e-09
YDL132W,YNL173C,0.7271465063095093
YDL132W,YLR452C,0.07325445860624313
YDL132W,YDL160C,0.999430239200592
YDL132W,YLR229C,0.0002733808069024235
YDL132W,YML057W,6.269796964594732e-13
YDL132W,YER149C,0.00044293314567767084
YDL132W,YMR305C,1.3992111469462998e-08
YDL132W,YLR433C,0.5398744344711304
YDL132W,YJL073W,8.859104422276332e-12
YDL132W,YGR279C,0.9088935256004333
YDL132W,YKL190W,0.5791215300559998
YDL132W,YGL089C,1.1207522021550176e-08
YDL132W,YJL019W,0.5670916438102722
YDL132W,YJL018W,0.0007036967435851693
YDL132W,YNR032C-A,0.9963944554328918
YDL132W,YGL178W,0.9991284012794495
YDL132W,YKL116C,3.2916275261030137e-10
YDL132W,YDL214C,0.48394322395324707
YDL132W,YLR362W,0.12666572630405426
YDL132W,YER068W,5.0405828915245365e-06
YDL132W,YHR084W,5.3702369768870994e-05
YDL132W,YDR392W,0.48049792647361755
YDL132W,YNL053W,0.9896607398986816
YDL132W,YGR040W,0.018582381308078766
YDL132W,YDL216C,0.0001790902897482738
YDL132W,YOL117W,5.405284355219919e-06
YDL132W,YJR086W,0.6246474981307983
YDL132W,YMR025W,0.9494861960411072
YDL132W,YBR081C,0.026023773476481438
YDL132W,YFL026W,0.00011623933824012056
YDL132W,YHL007C,0.00019645725842565298
YDL132W,YNR044W,0.12722845375537872
YDL132W,YNL271C,0.06175699084997177
YDL132W,YDR200C,0.6040030121803284
YDL132W,YKL178C,2.094189403578639e-05
YDL132W,YOR212W,0.9926572442054749
YDL132W,YOL111C,1.3582618521468248e-05
YDL132W,YGL032C,1.071449446499173e-06
YDL132W,YHR005C,0.4967968761920929
YDL132W,YDR103W,0.1247050017118454
YDL132W,YJR084W,0.011909970082342625
YDL132W,YCL032W,0.0039006376173347235
YDL132W,YJL170C,0.820941150188446
YDL132W,YDR179C,6.403461725312809e-07
YDL132W,YBR095C,0.001865059370175004
YDL132W,YLL021W,0.4097312390804291
YDL132W,YDL159W,0.0003497303696349263
YDL132W,YNL161W,3.628227568697184e-05
YDL132W,YNL188W,0.010636688210070133
YDL132W,YJL157C,1.793133924365975e-05
YDL132W,YJL034W,1.735575807515488e-07
YDL132W,YLR238W,1.800169047783129e-05
YDL132W,YPR141C,0.4672371745109558
YDL132W,YNL127W,0.5978308320045471
YDL132W,YCL055W,8.892353520195684e-08
YDL132W,YPR122W,0.0014521254925057292
YDL132W,YMR065W,0.00031517387833446264
YDL132W,YDR356W,0.3163090944290161
YDL132W,YMR052W,0.9854808449745178
YDL132W,YFR008W,1.9047745809075423e-05
YDL132W,YLL043W,0.005412410944700241
YDL132W,YMR029C,0.9027509093284607
YDL132W,YJR004C,0.5601639747619629
YDL132W,YDL223C,1.586721892955254e-22
YDL132W,YHR158C,0.025311410427093506
YDL132W,YGR238C,1.2241406466273475e-07
YDL132W,YIL015W,6.089353337301873e-05
YDL132W,YGL173C,0.9985309839248657
YDL132W,YDL225W,0.044137440621852875
YDL132W,YLR330W,0.08072883635759354
YDL132W,YBR129C,0.001420702668838203
YDL132W,YKR095W-A,0.2020167112350464
YDL132W,YPR075C,4.56701586271091e-11
YDL132W,YMR198W,7.927144906716421e-06
YDL132W,YOR127W,0.018789492547512054
YDL132W,YDR264C,0.01706691086292267
YDL132W,YLR110C,0.7893667817115784
YDL132W,YDR379W,0.9942489862442017
YDL132W,YDL100C,0.0004554854240268469
YDL132W,YHR073W,5.885547125217272e-07
YDL132W,YJR090C,0.9635627865791321
YDL132W,YOR208W,0.008398677222430706
YDL132W,YBR040W,0.992116391658783
YDL132W,YNL279W,0.999605119228363
YDL132W,YER075C,0.9530178308486938
YDL132W,YCR089W,0.440845251083374
YDL132W,YCR002C,0.8126713037490845
YDL132W,YJL108C,0.8032468557357788
YDL132W,YBR200W,0.0007433907012455165
YDL132W,YIL026C,0.13631664216518402
YDL132W,YJR076C,0.08115040510892868
YDL132W,YKR031C,0.0007301825098693371
YDL132W,YPL192C,3.256578295918189e-08
YDL132W,YHR107C,0.001748817740008235
YDL132W,YIL037C,0.9181602597236633
YDL132W,YPL156C,0.008452809415757656
YDL132W,YIL117C,0.9930416345596313
YDL132W,YHR066W,1.2246907481194835e-11
YDL132W,YML085C,0.0015215419698506594
YDL132W,YML047C,9.929844236467034e-05
YDL132W,YDR312W,0.8401027917861938
YDL132W,YFL037W,0.009970298036932945
YDL132W,YDL038C,0.2020167112350464
YDL132W,YDL039C,8.29330360829772e-07
YDL132W,YCL027W,1.294628646064666e-06
YDL132W,YML124C,0.05093732848763466
YDL132W,YGL053W,0.01297423243522644
YDL132W,YMR232W,0.8789248466491699
YDL132W,YNL298W,1.9025694797392134e-08
YDL132W,YGL099W,0.0010096816113218665
YDL132W,YBL016W,0.018787607550621033
YDL132W,YAL041W,0.05430923402309418
YDL132W,YDR085C,2.2111253106249507e-10
YDL132W,YPL187W,0.346357136964798
YDL132W,YPL256C,4.238416977386805e-07
YDL132W,YDR461W,5.037923855866211e-09
YDL132W,YNL145W,1.1490167324545997e-11
YDR174W,YDL165W,1.9048045487579657e-06
YDR174W,YGR059W,2.2827543010701078e-14
YDR174W,YBR109C,4.156781869824044e-06
YDR174W,YJL080C,0.636722207069397
YDR174W,YCR093W,6.076840509194881e-05
YDR174W,YIL122W,9.620793051112742e-09
YDR174W,YCL029C,8.588540543628866e-15
YDR174W,YNL173C,8.923006749445277e-15
YDR174W,YLR452C,3.6320832350611454e-06
YDR174W,YDL160C,5.857590701683702e-15
YDR174W,YLR229C,0.038236696273088455
YDR174W,YML057W,2.1753918585660885e-14
YDR174W,YER149C,2.2246290143357328e-07
YDR174W,YMR305C,2.546505672995636e-09
YDR174W,YLR433C,6.350401541427297e-12
YDR174W,YJL073W,2.368700188526418e-05
YDR174W,YGR279C,4.069007365206309e-14
YDR174W,YKL190W,7.062989776374096e-11
YDR174W,YGL089C,0.0008183608297258615
YDR174W,YJL019W,7.671026140687598e-12
YDR174W,YJL018W,0.00012318261724431068
YDR174W,YNR032C-A,0.011890172958374023
YDR174W,YGL178W,5.267909664041781e-09
YDR174W,YKL116C,2.1800547145289784e-08
YDR174W,YDL214C,1.1078387096574716e-08
YDR174W,YLR362W,8.877669155360479e-10
YDR174W,YER068W,3.110403254402705e-11
YDR174W,YHR084W,1.5716263013221266e-10
YDR174W,YDR392W,3.3600454917034227e-18
YDR174W,YNL053W,1.0851881893092497e-10
YDR174W,YGR040W,2.5335750706290128e-06
YDR174W,YDL216C,2.1080102996506866e-08
YDR174W,YOL117W,9.1256505390519e-13
YDR174W,YJR086W,1.9278805982181346e-12
YDR174W,YMR025W,2.928263534429654e-11
YDR174W,YBR081C,0.002110975096002221
YDR174W,YFL026W,9.033151400217321e-07
YDR174W,YHL007C,4.678471668739803e-06
YDR174W,YNR044W,4.761961827171035e-05
YDR174W,YNL271C,8.343911499231194e-12
YDR174W,YDR200C,1.8506002936666266e-13
YDR174W,YKL178C,5.191250554426041e-11
YDR174W,YOR212W,1.138098504327445e-10
YDR174W,YOL111C,3.8876019070599455e-10
YDR174W,YGL032C,2.0359767916033888e-07
YDR174W,YHR005C,3.454165948824084e-07
YDR174W,YDR103W,6.601741930900573e-10
YDR174W,YJR084W,5.750735174517296e-13
YDR174W,YCL032W,3.892016431361611e-10
YDR174W,YJL170C,1.5086885696291574e-06
YDR174W,YDR179C,3.7792495912250534e-14
YDR174W,YBR095C,0.031134342774748802
YDR174W,YLL021W,1.67647002058402e-07
YDR174W,YDL159W,1.3572307722142796e-08
YDR174W,YNL161W,1.6448171891170205e-07
YDR174W,YNL188W,0.00014977256068959832
YDR174W,YJL157C,2.738830744419829e-07
YDR174W,YJL034W,1.4511869483868622e-10
YDR174W,YLR238W,1.1254567590379683e-11
YDR174W,YPR141C,3.457312658383671e-08
YDR174W,YNL127W,0.0008265241631306708
YDR174W,YCL055W,0.019862301647663116
YDR174W,YPR122W,0.0012271706946194172
YDR174W,YMR065W,4.027187117117137e-07
YDR174W,YDR356W,5.301604155683037e-10
YDR174W,YMR052W,4.70377599413041e-05
YDR174W,YFR008W,5.105064371235812e-09
YDR174W,YLL043W,5.606145236924931e-08
YDR174W,YMR029C,3.99046160698413e-12
YDR174W,YJR004C,5.619512559278117e-13
YDR174W,YDL223C,8.146011082912627e-19
YDR174W,YHR158C,1.3734649861874004e-08
YDR174W,YGR238C,5.495795832310968e-11
YDR174W,YIL015W,1.1101807473323788e-07
YDR174W,YGL173C,2.535254566282674e-07
YDR174W,YDL225W,2.0023746216679683e-08
YDR174W,YLR330W,5.5495805867389336e-11
YDR174W,YBR129C,7.632573045812663e-11
YDR174W,YKR095W-A,0.2020167112350464
YDR174W,YPR075C,6.909583999672331e-18
YDR174W,YMR198W,4.236253062117612e-06
YDR174W,YOR127W,1.048156672567302e-08
YDR174W,YDR264C,2.7924048140448576e-07
YDR174W,YLR110C,5.91656680626329e-06
YDR174W,YDR379W,1.4362170119852635e-08
YDR174W,YDL100C,1.0708277642379471e-07
YDR174W,YHR073W,8.348308849770447e-11
YDR174W,YJR090C,8.615922524768393e-06
YDR174W,YOR208W,3.1214073548113674e-09
YDR174W,YBR040W,5.7329831179231405e-05
YDR174W,YNL279W,1.3117495004825937e-16
YDR174W,YER075C,1.402254701243777e-11
YDR174W,YCR089W,2.7621209142125736e-07
YDR174W,YCR002C,7.321835195431281e-13
YDR174W,YJL108C,3.4724546367215225e-06
YDR174W,YBR200W,2.2746235117665492e-07
YDR174W,YIL026C,5.2198736000264034e-08
YDR174W,YJR076C,3.5317327274242416e-05
YDR174W,YKR031C,8.849373678287975e-09
YDR174W,YPL192C,2.1245784537042567e-13
YDR174W,YHR107C,3.52921403212747e-09
YDR174W,YIL037C,9.51928086578846e-05
YDR174W,YPL156C,1.705561247788978e-10
YDR174W,YIL117C,6.985112122492865e-05
YDR174W,YHR066W,9.673795792197737e-11
YDR174W,YML085C,1.2352683320671076e-08
YDR174W,YML047C,1.9987572486002136e-08
YDR174W,YDR312W,2.1116788873065673e-13
YDR174W,YFL037W,8.169619901366929e-14
YDR174W,YDL038C,0.2020167112350464
YDR174W,YDL039C,6.181184470516188e-12
YDR174W,YCL027W,1.6949669543464552e-06
YDR174W,YML124C,1.4315039767714283e-13
YDR174W,YGL053W,1.5182766502364053e-11
YDR174W,YMR232W,0.44928744435310364
YDR174W,YNL298W,0.27149462699890137
YDR174W,YGL099W,1.60003673954634e-05
YDR174W,YBL016W,1.7626681483307038e-06
YDR174W,YAL041W,3.855311206280021e-06
YDR174W,YDR085C,1.5203784065054293e-10
YDR174W,YPL187W,1.307430497199391e-09
YDR174W,YPL256C,5.7188319857459646e-08
YDR174W,YDR461W,0.00804433599114418
YDR174W,YNL145W,0.0009551821276545525
snR53,YDL165W,0.12422487884759903
snR53,YGR059W,1.6108268710013363e-06
snR53,YBR109C,0.5640575885772705
snR53,YJL080C,7.403343147416308e-07
snR53,YCR093W,1.240824167325627e-05
snR53,YIL122W,7.046139216981828e-05
snR53,YCL029C,0.02670886181294918
snR53,YNL173C,9.62147387326695e-05
snR53,YLR452C,0.0004900637432001531
snR53,YDL160C,3.1469367058889475e-06
snR53,YLR229C,0.00011629478103714064
snR53,YML057W,0.00027125701308250427
snR53,YER149C,0.001262904261238873
snR53,YMR305C,0.011145527474582195
snR53,YLR433C,0.0012760770041495562
snR53,YJL073W,0.0007288893684744835
snR53,YGR279C,1.027913731377339e-05
snR53,YKL190W,0.0013903678627684712
snR53,YGL089C,0.0008188745123334229
snR53,YJL019W,7.444340735673904e-05
snR53,YJL018W,0.2020167112350464
snR53,YNR032C-A,3.0063303711358458e-05
snR53,YGL178W,0.0010356268612667918
snR53,YKL116C,0.006237900350242853
snR53,YDL214C,0.13297007977962494
snR53,YLR362W,0.0041136061772704124
snR53,YER068W,3.3385390452167485e-06
snR53,YHR084W,6.058012331777718e-07
snR53,YDR392W,0.0012373292120173573
snR53,YNL053W,1.6751460861996748e-05
snR53,YGR040W,0.0007651683408766985
snR53,YDL216C,4.843595525017008e-05
snR53,YOL117W,0.00048794178292155266
snR53,YJR086W,0.15881498157978058
snR53,YMR025W,0.00010925575770670548
snR53,YBR081C,3.6392713809618726e-05
snR53,YFL026W,2.3503749616793357e-05
snR53,YHL007C,6.837747059762478e-05
snR53,YNR044W,1.4054954590392299e-05
snR53,YNL271C,7.442467176588252e-05
snR53,YDR200C,0.03699500486254692
snR53,YKL178C,6.007118645356968e-05
snR53,YOR212W,0.0002023002743953839
snR53,YOL111C,0.08062645047903061
snR53,YGL032C,3.614827437559143e-05
snR53,YHR005C,0.00019164956756867468
snR53,YDR103W,0.0060150884091854095
snR53,YJR084W,0.2655780613422394
snR53,YCL032W,0.2232445776462555
snR53,YJL170C,0.024686666205525398
snR53,YDR179C,0.0001864647347247228
snR53,YBR095C,0.009359360672533512
snR53,YLL021W,5.464266359922476e-05
snR53,YDL159W,3.861114237224683e-06
snR53,YNL161W,5.035466074332362e-06
snR53,YNL188W,0.00019529352721292526
snR53,YJL157C,0.0001772732357494533
snR53,YJL034W,0.01162655372172594
snR53,YLR238W,0.030614584684371948
snR53,YPR141C,0.0034194993786513805
snR53,YNL127W,0.0898822546005249
snR53,YCL055W,0.00017050009046215564
snR53,YPR122W,0.0003301357210148126
snR53,YMR065W,0.009110171347856522
snR53,YDR356W,4.936523055221187e-06
snR53,YMR052W,0.5509849190711975
snR53,YFR008W,0.044223543256521225
snR53,YLL043W,5.651856554322876e-06
snR53,YMR029C,0.00032977177761495113
snR53,YJR004C,9.369673534820322e-06
snR53,YDL223C,3.360836444699089e-06
snR53,YHR158C,6.3576276261301246e-06
snR53,YGR238C,0.00847668293863535
snR53,YIL015W,2.9296645152498968e-05
snR53,YGL173C,0.0008560927235521376
snR53,YDL225W,0.00031478950404562056
snR53,YLR330W,0.000501656555570662
snR53,YBR129C,0.002575402380898595
snR53,YKR095W-A,0.2020167112350464
snR53,YPR075C,7.963502866914496e-05
snR53,YMR198W,0.003410364966839552
snR53,YOR127W,0.025858711451292038
snR53,YDR264C,2.9062839530524798e-05
snR53,YLR110C,0.00022186481510289013
snR53,YDR379W,0.00016900546324905008
snR53,YDL100C,1.7274120182264596e-05
snR53,YHR073W,0.0363912433385849
snR53,YJR090C,0.005073389504104853
snR53,YOR208W,6.09303015153273e-06
snR53,YBR040W,0.0002869530871976167
snR53,YNL279W,0.0010853196727111936
snR53,YER075C,0.0006681401864625514
snR53,YCR089W,0.009984899312257767
snR53,YCR002C,0.0014440419618040323
snR53,YJL108C,0.0005056124646216631
snR53,YBR200W,0.0025994565803557634
snR53,YIL026C,0.00015705497935414314
snR53,YJR076C,0.010049317963421345
snR53,YKR031C,0.00041306024650111794
snR53,YPL192C,1.5383626305265352e-05
snR53,YHR107C,0.009066172875463963
snR53,YIL037C,0.007037239149212837
snR53,YPL156C,0.0005694743013009429
snR53,YIL117C,0.009406083263456821
snR53,YHR066W,0.00012735486961901188
snR53,YML085C,0.005514433607459068
snR53,YML047C,2.5329389245598577e-05
snR53,YDR312W,1.5950464558045496e-06
snR53,YFL037W,8.372279262403026e-05
snR53,YDL038C,0.2020167112350464
snR53,YDL039C,0.00134210754185915
snR53,YCL027W,0.003510324051603675
snR53,YML124C,4.1849634726531804e-05
snR53,YGL053W,0.00013466710515785962
snR53,YMR232W,0.0057373144663870335
snR53,YNL298W,0.0009257195633836091
snR53,YGL099W,1.7929856994669535e-06
snR53,YBL016W,0.060910411179065704
snR53,YAL041W,0.005387413315474987
snR53,YDR085C,5.726193990085449e-07
snR53,YPL187W,0.0005746473325416446
snR53,YPL256C,9.202533988172945e-07
snR53,YDR461W,2.620248415041715e-05
snR53,YNL145W,0.0001271357323275879
YOL008W,YDL165W,0.0001379505411023274
YOL008W,YGR059W,7.330244189418522e-10
YOL008W,YBR109C,8.00350244389847e-06
YOL008W,YJL080C,2.4944236542978615e-07
YOL008W,YCR093W,0.8396557569503784
YOL008W,YIL122W,7.729164281045087e-06
YOL008W,YCL029C,1.2448070130233191e-08
YOL008W,YNL173C,1.076870537186636e-10
YOL008W,YLR452C,1.913683291832058e-07
YOL008W,YDL160C,2.0316942572762287e-11
YOL008W,YLR229C,3.9615606794995983e-08
YOL008W,YML057W,1.0131042121264486e-16
YOL008W,YER149C,2.2659948584191625e-08
YOL008W,YMR305C,2.118610176182756e-09
YOL008W,YLR433C,2.6905849153990857e-05
YOL008W,YJL073W,4.190893854172373e-09
YOL008W,YGR279C,7.770465163048357e-05
YOL008W,YKL190W,3.369870701930289e-11
YOL008W,YGL089C,1.9275406271113127e-10
YOL008W,YJL019W,4.367432495655521e-07
YOL008W,YJL018W,0.001051854807883501
YOL008W,YNR032C-A,0.9755756258964539
YOL008W,YGL178W,2.762997330929551e-10
YOL008W,YKL116C,1.0061776301029113e-08
YOL008W,YDL214C,8.440447629709524e-08
YOL008W,YLR362W,8.318693289766088e-08
YOL008W,YER068W,1.0759604407439838e-07
YOL008W,YHR084W,0.1204739511013031
YOL008W,YDR392W,3.209993883501738e-05
YOL008W,YNL053W,0.9999513626098633
YOL008W,YGR040W,0.017513126134872437
YOL008W,YDL216C,6.911482562481364e-14
YOL008W,YOL117W,3.780357005211954e-08
YOL008W,YJR086W,8.086383786576334e-06
YOL008W,YMR025W,1.3108592987129408e-12
YOL008W,YBR081C,0.00011300451296847314
YOL008W,YFL026W,1.1831755273306044e-06
YOL008W,YHL007C,1.025136953103356e-07
YOL008W,YNR044W,0.014753400348126888
YOL008W,YNL271C,3.99761335145854e-09
YOL008W,YDR200C,1.50122456132884e-10
YOL008W,YKL178C,4.70951636089012e-06
YOL008W,YOR212W,0.0006887958152219653
YOL008W,YOL111C,3.2639519975674602e-09
YOL008W,YGL032C,0.00042921642307192087
YOL008W,YHR005C,1.905399767565541e-05
YOL008W,YDR103W,0.008980963379144669
YOL008W,YJR084W,8.045007326984432e-09
YOL008W,YCL032W,9.552120161515631e-08
YOL008W,YJL170C,5.699106395695708e-07
YOL008W,YDR179C,2.877795454736022e-14
YOL008W,YBR095C,0.935712456703186
YOL008W,YLL021W,3.279636757724802e-07
YOL008W,YDL159W,3.5791160257758747e-07
YOL008W,YNL161W,1.6447880322664076e-16
YOL008W,YNL188W,6.737138755852357e-05
YOL008W,YJL157C,2.0503837731666863e-05
YOL008W,YJL034W,7.121413875266214e-11
YOL008W,YLR238W,1.9713438632606994e-06
YOL008W,YPR141C,1.8969113779743196e-10
YOL008W,YNL127W,4.654904842027463e-05
YOL008W,YCL055W,0.004811361897736788
YOL008W,YPR122W,6.807819585841202e-11
YOL008W,YMR065W,0.0005164676695130765
YOL008W,YDR356W,1.5616944404328592e-09
YOL008W,YMR052W,3.235793143846477e-12
YOL008W,YFR008W,1.3116552982639362e-11
YOL008W,YLL043W,0.00011872874165419489
YOL008W,YMR029C,0.05728767812252045
YOL008W,YJR004C,9.109789745470609e-13
YOL008W,YDL223C,4.864527003434205e-09
YOL008W,YHR158C,0.021101752296090126
YOL008W,YGR238C,1.0704898159019649e-05
YOL008W,YIL015W,0.24533286690711975
YOL008W,YGL173C,0.026541562750935555
YOL008W,YDL225W,2.6239915129622204e-08
YOL008W,YLR330W,1.5863965696638616e-09
YOL008W,YBR129C,4.955107328896702e-07
YOL008W,YKR095W-A,0.2020167112350464
YOL008W,YPR075C,4.3200556487947486e-15
YOL008W,YMR198W,0.02150927670300007
YOL008W,YOR127W,8.75365578634213e-12
YOL008W,YDR264C,0.0017165066674351692
YOL008W,YLR110C,9.742970319415178e-12
YOL008W,YDR379W,3.5611436022264797e-09
YOL008W,YDL100C,0.0016066206153482199
YOL008W,YHR073W,0.9962642788887024
YOL008W,YJR090C,0.000263771420577541
YOL008W,YOR208W,9.455895268184467e-13
YOL008W,YBR040W,1.4676056593956877e-12
YOL008W,YNL279W,3.237545752199367e-05
YOL008W,YER075C,2.0729220562287765e-09
YOL008W,YCR089W,0.00011889097368111834
YOL008W,YCR002C,0.04370713233947754
YOL008W,YJL108C,5.082324059912935e-05
YOL008W,YBR200W,1.8443923721633837e-08
YOL008W,YIL026C,0.0024466689210385084
YOL008W,YJR076C,6.068374602818949e-08
YOL008W,YKR031C,0.9952906370162964
YOL008W,YPL192C,0.33193910121917725
YOL008W,YHR107C,2.8422686426665678e-09
YOL008W,YIL037C,0.0014226854545995593
YOL008W,YPL156C,4.3780005120307164e-13
YOL008W,YIL117C,0.0001235311501659453
YOL008W,YHR066W,2.549237504897035e-16
YOL008W,YML085C,7.024328341209696e-10
YOL008W,YML047C,0.05136031657457352
YOL008W,YDR312W,4.7466408581442465e-09
YOL008W,YFL037W,2.762674000678089e-07
YOL008W,YDL038C,0.2020167112350464
YOL008W,YDL039C,2.9059634906736242e-11
YOL008W,YCL027W,1.96224946014123e-11
YOL008W,YML124C,2.868425781343831e-07
YOL008W,YGL053W,1.0308618811905035e-06
YOL008W,YMR232W,7.157740037655458e-05
YOL008W,YNL298W,1.3450378588686362e-09
YOL008W,YGL099W,7.029799919261448e-13
YOL008W,YBL016W,6.755094364052638e-05
YOL008W,YAL041W,2.05468199965253e-06
YOL008W,YDR085C,0.010715835727751255
YOL008W,YPL187W,0.9805708527565002
YOL008W,YPL256C,3.304473352727655e-07
YOL008W,YDR461W,1.4790287050647777e-12
YOL008W,YNL145W,0.0002503418654669076
YMR043W,YDL165W,1.0610126537358155e-06
YMR043W,YGR059W,1.8188018202636158e-07
YMR043W,YBR109C,9.661012882133946e-06
YMR043W,YJL080C,7.724305760348216e-05
YMR043W,YCR093W,1.3847767377228593e-06
YMR043W,YIL122W,1.2816824892070144e-05
YMR043W,YCL029C,7.097753239098878e-14
YMR043W,YNL173C,1.4277076743063333e-10
YMR043W,YLR452C,2.6159343633480603e-06
YMR043W,YDL160C,5.555568350246176e-06
YMR043W,YLR229C,0.0003081864269915968
YMR043W,YML057W,6.047611532267183e-05
YMR043W,YER149C,1.984239133889787e-05
YMR043W,YMR305C,8.886021363174734e-10
YMR043W,YLR433C,1.9887274902430363e-06
YMR043W,YJL073W,5.721316753692918e-09
YMR043W,YGR279C,4.921669096802361e-05
YMR043W,YKL190W,4.122333848499693e-06
YMR043W,YGL089C,3.8898789744834517e-10
YMR043W,YJL019W,2.0322321603316595e-08
YMR043W,YJL018W,0.0034417605493217707
YMR043W,YNR032C-A,0.8091123104095459
YMR043W,YGL178W,0.00022803351748734713
YMR043W,YKL116C,0.0008700319449417293
YMR043W,YDL214C,0.0007715516840107739
YMR043W,YLR362W,5.851006346091481e-10
YMR043W,YER068W,1.3640491260957788e-06
YMR043W,YHR084W,9.379272114529158e-08
YMR043W,YDR392W,0.9999996423721313
YMR043W,YNL053W,0.0006316662766039371
YMR043W,YGR040W,3.808988185483031e-05
YMR043W,YDL216C,0.011281046085059643
YMR043W,YOL117W,3.9460650025358035e-11
YMR043W,YJR086W,0.0012284577824175358
YMR043W,YMR025W,0.0001548441214254126
YMR043W,YBR081C,0.9975155591964722
YMR043W,YFL026W,2.94963933811232e-06
YMR043W,YHL007C,0.9996084570884705
YMR043W,YNR044W,0.9932788014411926
YMR043W,YNL271C,1.791252770999563e-06
YMR043W,YDR200C,3.0392997359740548e-05
YMR043W,YKL178C,0.9778795838356018
YMR043W,YOR212W,1.0350115076107613e-07
YMR043W,YOL111C,8.106499080895446e-07
YMR043W,YGL032C,1.7758798094291706e-06
YMR043W,YHR005C,7.674242574751133e-09
YMR043W,YDR103W,0.002094059716910124
YMR043W,YJR084W,0.9999305009841919
YMR043W,YCL032W,7.45531281154399e-07
YMR043W,YJL170C,6.436748208216159e-06
YMR043W,YDR179C,6.082121732120729e-18
YMR043W,YBR095C,9.688948239272577e-07
YMR043W,YLL021W,0.00029703666223213077
YMR043W,YDL159W,3.242500667965942e-07
YMR043W,YNL161W,0.15158694982528687
YMR043W,YNL188W,8.555648052001319e-14
YMR043W,YJL157C,2.774457925625029e-07
YMR043W,YJL034W,7.743762076017902e-09
YMR043W,YLR238W,4.389100649859756e-05
YMR043W,YPR141C,1.8187248929102395e-10
YMR043W,YNL127W,4.8037127271527424e-06
YMR043W,YCL055W,1.3350538730083628e-10
YMR043W,YPR122W,0.00022081848874222487
YMR043W,YMR065W,3.716413028015397e-12
YMR043W,YDR356W,0.0001969452714547515
YMR043W,YMR052W,0.0011142498115077615
YMR043W,YFR008W,8.938527571444865e-07
YMR043W,YLL043W,0.9942598342895508
YMR043W,YMR029C,6.075473635291928e-08
YMR043W,YJR004C,0.002065844601020217
YMR043W,YDL223C,1.9977467937361726e-16
YMR043W,YHR158C,0.0005502061103470623
YMR043W,YGR238C,1.2436138924210027e-11
YMR043W,YIL015W,1.2553082342492417e-06
YMR043W,YGL173C,1.6267323132979072e-07
YMR043W,YDL225W,0.585590660572052
YMR043W,YLR330W,0.016568956896662712
YMR043W,YBR129C,0.00027614342980086803
YMR043W,YKR095W-A,0.2020167112350464
YMR043W,YPR075C,4.336170311702858e-11
YMR043W,YMR198W,0.00015710829757153988
YMR043W,YOR127W,0.0007494521560147405
YMR043W,YDR264C,2.9782388537569204e-06
YMR043W,YLR110C,4.95880385642522e-07
YMR043W,YDR379W,4.805343323255329e-08
YMR043W,YDL100C,3.061781272961639e-09
YMR043W,YHR073W,0.00014311431732494384
YMR043W,YJR090C,4.729157080873847e-05
YMR043W,YOR208W,8.572944437679197e-11
YMR043W,YBR040W,0.2746739983558655
YMR043W,YNL279W,3.4765690770655056e-07
YMR043W,YER075C,0.41963014006614685
YMR043W,YCR089W,0.9284380078315735
YMR043W,YCR002C,0.20590120553970337
YMR043W,YJL108C,9.150161162096992e-08
YMR043W,YBR200W,0.6127777695655823
YMR043W,YIL026C,3.3522848497113955e-08
YMR043W,YJR076C,7.486278627766296e-05
YMR043W,YKR031C,0.6132659316062927
YMR043W,YPL192C,0.008136956952512264
YMR043W,YHR107C,1.8121406597515488e-08
YMR043W,YIL037C,0.02066289260983467
YMR043W,YPL156C,2.4780186436146323e-07
YMR043W,YIL117C,6.847162694612052e-06
YMR043W,YHR066W,2.1370930061582052e-20
YMR043W,YML085C,0.0008037955849431455
YMR043W,YML047C,0.001477350597269833
YMR043W,YDR312W,4.350534858852274e-15
YMR043W,YFL037W,0.0013825135538354516
YMR043W,YDL038C,0.2020167112350464
YMR043W,YDL039C,2.572919222613285e-16
YMR043W,YCL027W,9.158363354799803e-06
YMR043W,YML124C,6.236212811927544e-06
YMR043W,YGL053W,9.72916947006297e-09
YMR043W,YMR232W,8.230854331436888e-10
YMR043W,YNL298W,8.236790138838046e-10
YMR043W,YGL099W,4.628259581140881e-11
YMR043W,YBL016W,1.9523731520365573e-09
YMR043W,YAL041W,0.0017052775947377086
YMR043W,YDR085C,0.0007601017714478076
YMR043W,YPL187W,0.34088924527168274
YMR043W,YPL256C,0.0008760380442254245
YMR043W,YDR461W,3.306776079625706e-06
YMR043W,YNL145W,3.584162078240638e-09
YGL247W,YDL165W,0.0014607621124014258
YGL247W,YGR059W,2.85663962103222e-12
YGL247W,YBR109C,4.477140009839786e-06
YGL247W,YJL080C,8.338778911820555e-07
YGL247W,YCR093W,4.986208068658016e-08
YGL247W,YIL122W,0.11861933022737503
YGL247W,YCL029C,1.6944588787648485e-10
YGL247W,YNL173C,1.5115594886871975e-10
YGL247W,YLR452C,0.9183174967765808
YGL247W,YDL160C,9.878857554213027e-07
YGL247W,YLR229C,3.764539407199313e-13
YGL247W,YML057W,2.007520549796027e-07
YGL247W,YER149C,1.906379054616991e-09
YGL247W,YMR305C,7.77681955291265e-15
YGL247W,YLR433C,1.5978701028984688e-08
YGL247W,YJL073W,2.0982133808189474e-09
YGL247W,YGR279C,5.669293702027789e-13
YGL247W,YKL190W,0.0002442432742100209
YGL247W,YGL089C,0.00028755178209394217
YGL247W,YJL019W,4.043665668973517e-08
YGL247W,YJL018W,0.007326169405132532
YGL247W,YNR032C-A,0.1647433638572693
YGL247W,YGL178W,3.118320179851253e-08
YGL247W,YKL116C,6.77160461037829e-09
YGL247W,YDL214C,0.0002639842568896711
YGL247W,YLR362W,4.249372796039097e-05
YGL247W,YER068W,7.083162389953657e-10
YGL247W,YHR084W,4.085871831843724e-12
YGL247W,YDR392W,3.930617094738409e-05
YGL247W,YNL053W,0.0011175803374499083
YGL247W,YGR040W,0.00044976346543990076
YGL247W,YDL216C,0.816081702709198
YGL247W,YOL117W,6.131251376832042e-14
YGL247W,YJR086W,2.8543885832732485e-07
YGL247W,YMR025W,8.1902056990657e-05
YGL247W,YBR081C,9.209210111293942e-05
YGL247W,YFL026W,8.006523444237246e-09
YGL247W,YHL007C,6.259520896403914e-13
YGL247W,YNR044W,3.1226347800838994e-06
YGL247W,YNL271C,1.9105989679246704e-08
YGL247W,YDR200C,7.699353932189013e-10
YGL247W,YKL178C,0.000523514929227531
YGL247W,YOR212W,0.17907267808914185
YGL247W,YOL111C,3.50674520075301e-15
YGL247W,YGL032C,0.00035408546682447195
YGL247W,YHR005C,0.0019042413914576173
YGL247W,YDR103W,4.889316507217245e-09
YGL247W,YJR084W,1.1517838174768258e-05
YGL247W,YCL032W,2.3794655135134235e-09
YGL247W,YJL170C,0.001715672668069601
YGL247W,YDR179C,9.860633360184168e-13
YGL247W,YBR095C,1.0952524998053548e-10
YGL247W,YLL021W,6.474642350040583e-11
YGL247W,YDL159W,3.937371774818531e-16
YGL247W,YNL161W,6.955873033120952e-08
YGL247W,YNL188W,5.608916651446416e-15
YGL247W,YJL157C,2.692535971959842e-09
YGL247W,YJL034W,2.1762575741490764e-08
YGL247W,YLR238W,1.10931246410928e-08
YGL247W,YPR141C,3.7518757380894385e-06
YGL247W,YNL127W,7.863146578301894e-08
YGL247W,YCL055W,2.7927557155749128e-08
YGL247W,YPR122W,1.2934908681927482e-06
YGL247W,YMR065W,0.0007706356700509787
YGL247W,YDR356W,3.4094229175996027e-12
YGL247W,YMR052W,3.6309645565779647e-06
YGL247W,YFR008W,3.3025705425604313e-17
YGL247W,YLL043W,5.019723525734321e-11
YGL247W,YMR029C,1.1376632755855098e-06
YGL247W,YJR004C,2.9768203603453003e-05
YGL247W,YDL223C,3.8498008103455024e-17
YGL247W,YHR158C,4.370050543656134e-09
YGL247W,YGR238C,7.475075562979328e-07
YGL247W,YIL015W,1.3731522813031916e-05
YGL247W,YGL173C,1.7460729395679664e-06
YGL247W,YDL225W,0.008637887425720692
YGL247W,YLR330W,1.9934347506023187e-08
YGL247W,YBR129C,2.700352962070607e-13
YGL247W,YKR095W-A,0.2020167112350464
YGL247W,YPR075C,5.227558631304419e-06
YGL247W,YMR198W,4.688194010782354e-08
YGL247W,YOR127W,5.5307898018386314e-12
YGL247W,YDR264C,7.500387866343772e-09
YGL247W,YLR110C,0.0008287683012895286
YGL247W,YDR379W,4.686584631485857e-08
YGL247W,YDL100C,2.1294610519362323e-07
YGL247W,YHR073W,9.033899850408034e-09
YGL247W,YJR090C,1.787312051831913e-12
YGL247W,YOR208W,5.375943180202514e-12
YGL247W,YBR040W,0.0008812714950181544
YGL247W,YNL279W,0.5151994228363037
YGL247W,YER075C,2.4790750785541604e-07
YGL247W,YCR089W,2.520950204143446e-07
YGL247W,YCR002C,1.7311734836766846e-06
YGL247W,YJL108C,8.530869344269831e-09
YGL247W,YBR200W,1.256843045437106e-12
YGL247W,YIL026C,8.298485045088455e-05
YGL247W,YJR076C,0.0036672577261924744
YGL247W,YKR031C,5.513434847559395e-11
YGL247W,YPL192C,4.437676788537903e-12
YGL247W,YHR107C,0.002692301757633686
YGL247W,YIL037C,3.549171378836036e-05
YGL247W,YPL156C,8.92050866241334e-06
YGL247W,YIL117C,0.00033746525878086686
YGL247W,YHR066W,2.350063286332693e-12
YGL247W,YML085C,7.06059136260399e-15
YGL247W,YML047C,2.044393477262929e-05
YGL247W,YDR312W,2.0799332034471263e-08
YGL247W,YFL037W,2.480275438699643e-14
YGL247W,YDL038C,0.2020167112350464
YGL247W,YDL039C,3.681553326084774e-12
YGL247W,YCL027W,3.456537833734785e-10
YGL247W,YML124C,1.936806015729227e-17
YGL247W,YGL053W,5.402568604040425e-06
YGL247W,YMR232W,1.1427103885353063e-07
YGL247W,YNL298W,2.43498110563678e-10
YGL247W,YGL099W,1.371156023889376e-16
YGL247W,YBL016W,1.0183050930256954e-10
YGL247W,YAL041W,2.7178910233516262e-09
YGL247W,YDR085C,2.08391477359883e-13
YGL247W,YPL187W,1.3879753466353173e-12
YGL247W,YPL256C,1.0497026581290925e-09
YGL247W,YDR461W,1.6141468677233206e-06
YGL247W,YNL145W,1.7293995142608765e-06
YGL065C,YDL165W,0.7349300980567932
YGL065C,YGR059W,1.5905934560578316e-05
YGL065C,YBR109C,1.3400603326649274e-12
YGL065C,YJL080C,0.014543927274644375
YGL065C,YCR093W,0.00022221308609005064
YGL065C,YIL122W,8.494107532897033e-06
YGL065C,YCL029C,1.9586092747658768e-09
YGL065C,YNL173C,0.00029775910661555827
YGL065C,YLR452C,0.010777264833450317
YGL065C,YDL160C,0.016726499423384666
YGL065C,YLR229C,2.8388819828251144e-07
YGL065C,YML057W,0.008374923840165138
YGL065C,YER149C,0.0001557686337037012
YGL065C,YMR305C,4.699239219974061e-09
YGL065C,YLR433C,0.006739254109561443
YGL065C,YJL073W,6.050315803918238e-10
YGL065C,YGR279C,3.753315221149316e-15
YGL065C,YKL190W,3.245030355536471e-10
YGL065C,YGL089C,0.03981948271393776
YGL065C,YJL019W,1.962322526694038e-09
YGL065C,YJL018W,0.02320803888142109
YGL065C,YNR032C-A,0.0035245888866484165
YGL065C,YGL178W,0.00015803653514012694
YGL065C,YKL116C,0.0012339107925072312
YGL065C,YDL214C,0.0008647960494272411
YGL065C,YLR362W,5.336879484348078e-14
YGL065C,YER068W,1.525769441346192e-11
YGL065C,YHR084W,0.0008779967902228236
YGL065C,YDR392W,6.526562059891439e-13
YGL065C,YNL053W,0.48201969265937805
YGL065C,YGR040W,0.14496910572052002
YGL065C,YDL216C,2.255192424948857e-13
YGL065C,YOL117W,1.780721845534572e-07
YGL065C,YJR086W,4.214749882436308e-09
YGL065C,YMR025W,6.123728635287762e-09
YGL065C,YBR081C,0.00017465588462073356
YGL065C,YFL026W,0.05121595412492752
YGL065C,YHL007C,8.054726663431211e-09
YGL065C,YNR044W,2.292250201207935e-06
YGL065C,YNL271C,0.9482561945915222
YGL065C,YDR200C,1.1515513733684202e-06
YGL065C,YKL178C,0.9179218411445618
YGL065C,YOR212W,0.41940125823020935
YGL065C,YOL111C,1.4734838783142523e-13
YGL065C,YGL032C,0.005422199610620737
YGL065C,YHR005C,8.513511944030494e-12
YGL065C,YDR103W,5.428174063126789e-06
YGL065C,YJR084W,4.657335466617951e-06
YGL065C,YCL032W,0.0007560397498309612
YGL065C,YJL170C,0.009338246658444405
YGL065C,YDR179C,9.375176546200237e-08
YGL065C,YBR095C,0.0010529501596465707
YGL065C,YLL021W,4.218811522349597e-09
YGL065C,YDL159W,0.0014924718998372555
YGL065C,YNL161W,3.0406198447963106e-07
YGL065C,YNL188W,1.1288949281151872e-05
YGL065C,YJL157C,7.458892923750682e-06
YGL065C,YJL034W,5.504621753971151e-07
YGL065C,YLR238W,1.2681937732850201e-05
YGL065C,YPR141C,0.2582002878189087
YGL065C,YNL127W,1.9955770369506354e-07
YGL065C,YCL055W,5.48063547670119e-12
YGL065C,YPR122W,0.0011080153053626418
YGL065C,YMR065W,0.011178136803209782
YGL065C,YDR356W,3.814287993009202e-05
YGL065C,YMR052W,6.19926154854511e-08
YGL065C,YFR008W,9.50390628418063e-08
YGL065C,YLL043W,7.981483213370666e-05
YGL065C,YMR029C,1.0782552802013345e-11
YGL065C,YJR004C,1.3199351087678224e-06
YGL065C,YDL223C,0.0001052059160429053
YGL065C,YHR158C,5.394439085648628e-06
YGL065C,YGR238C,2.5257117286514585e-08
YGL065C,YIL015W,1.925964738802577e-07
YGL065C,YGL173C,8.673703268868849e-05
YGL065C,YDL225W,2.7313910322845913e-05
YGL065C,YLR330W,0.0005591789958998561
YGL065C,YBR129C,1.468071914034752e-10
YGL065C,YKR095W-A,0.2020167112350464
YGL065C,YPR075C,6.446097877699231e-09
YGL065C,YMR198W,1.0495574542801478e-07
YGL065C,YOR127W,8.617279672762379e-05
YGL065C,YDR264C,4.6219072744936064e-15
YGL065C,YLR110C,0.013711411505937576
YGL065C,YDR379W,1.8407620316907014e-08
YGL065C,YDL100C,0.003379441099241376
YGL065C,YHR073W,3.859953745521949e-10
YGL065C,YJR090C,1.8452510630595498e-08
YGL065C,YOR208W,3.895955887855962e-05
YGL065C,YBR040W,0.999980092048645
YGL065C,YNL279W,0.004269448574632406
YGL065C,YER075C,4.1490565649837663e-07
YGL065C,YCR089W,0.020292749628424644
YGL065C,YCR002C,0.005267529282718897
YGL065C,YJL108C,0.987841784954071
YGL065C,YBR200W,0.00042595257400535047
YGL065C,YIL026C,0.017294632270932198
YGL065C,YJR076C,5.176827357900038e-07
YGL065C,YKR031C,1.3831214573656325e-07
YGL065C,YPL192C,0.00023679166042711586
YGL065C,YHR107C,7.299669232452288e-05
YGL065C,YIL037C,0.006012802477926016
YGL065C,YPL156C,1.7870634749783676e-08
YGL065C,YIL117C,3.189566655237286e-08
YGL065C,YHR066W,2.9895019793002575e-10
YGL065C,YML085C,0.17588764429092407
YGL065C,YML047C,0.0009217229671776295
YGL065C,YDR312W,0.4440546929836273
YGL065C,YFL037W,9.026446434745594e-08
YGL065C,YDL038C,0.2020167112350464
YGL065C,YDL039C,3.793058453993581e-07
YGL065C,YCL027W,1.5089244698174298e-07
YGL065C,YML124C,4.929292572342092e-06
YGL065C,YGL053W,4.859562977799214e-06
YGL065C,YMR232W,6.131374448159477e-07
YGL065C,YNL298W,2.238308240976039e-07
YGL065C,YGL099W,0.005369509104639292
YGL065C,YBL016W,1.4334495812562409e-09
YGL065C,YAL041W,0.4547994136810303
YGL065C,YDR085C,8.585677164774097e-07
YGL065C,YPL187W,0.02132429927587509
YGL065C,YPL256C,0.0006859622080810368
YGL065C,YDR461W,9.887476437597797e-08
YGL065C,YNL145W,2.6540876660874346e-06
YPR201W,YDL165W,5.389346142692375e-07
YPR201W,YGR059W,8.534204701433901e-13
YPR201W,YBR109C,4.780571907758713e-05
YPR201W,YJL080C,1.3297594136929547e-07
YPR201W,YCR093W,0.00033115327823907137
YPR201W,YIL122W,5.525333524047937e-10
YPR201W,YCL029C,1.29281715999241e-07
YPR201W,YNL173C,7.516753330882864e-10
YPR201W,YLR452C,0.0027365281712263823
YPR201W,YDL160C,8.30235394322365e-11
YPR201W,YLR229C,9.778937055671122e-07
YPR201W,YML057W,7.725159179017282e-09
YPR201W,YER149C,7.417102665385755e-07
YPR201W,YMR305C,1.349263409333723e-11
YPR201W,YLR433C,1.1617453310464043e-05
YPR201W,YJL073W,1.1734319028608442e-12
YPR201W,YGR279C,3.021322081409039e-10
YPR201W,YKL190W,1.929917814100235e-13
YPR201W,YGL089C,2.2040975988790734e-10
YPR201W,YJL019W,0.0025225996505469084
YPR201W,YJL018W,0.0001098382199415937
YPR201W,YNR032C-A,0.6560322046279907
YPR201W,YGL178W,2.2610449377680197e-05
YPR201W,YKL116C,1.5071650594222774e-08
YPR201W,YDL214C,0.46928098797798157
YPR201W,YLR362W,4.3491809265105985e-08
YPR201W,YER068W,2.325828418747733e-11
YPR201W,YHR084W,1.5241555047396105e-05
YPR201W,YDR392W,2.701414647532374e-09
YPR201W,YNL053W,6.086585102593745e-08
YPR201W,YGR040W,0.05108101665973663
YPR201W,YDL216C,7.884419756010175e-05
YPR201W,YOL117W,1.1929018883805043e-09
YPR201W,YJR086W,1.8891311981406034e-07
YPR201W,YMR025W,3.670256046461873e-05
YPR201W,YBR081C,4.216223459252433e-08
YPR201W,YFL026W,2.1604402718367055e-05
YPR201W,YHL007C,0.006579207722097635
YPR201W,YNR044W,0.8517446517944336
YPR201W,YNL271C,2.2510532289743423e-05
YPR201W,YDR200C,2.604906036967475e-13
YPR201W,YKL178C,5.474341535638416e-10
YPR201W,YOR212W,5.9269666962791234e-05
YPR201W,YOL111C,9.317622607341036e-05
YPR201W,YGL032C,3.6336327280395153e-09
YPR201W,YHR005C,1.371492999169277e-07
YPR201W,YDR103W,9.957408474292606e-05
YPR201W,YJR084W,1.0242412386979316e-12
YPR201W,YCL032W,9.723519905913136e-11
YPR201W,YJL170C,3.994794951722724e-06
YPR201W,YDR179C,1.5117707086176324e-09
YPR201W,YBR095C,1.2599823548953282e-06
YPR201W,YLL021W,2.2075496985962673e-08
YPR201W,YDL159W,7.788617840953638e-12
YPR201W,YNL161W,0.40973204374313354
YPR201W,YNL188W,3.201054655718738e-12
YPR201W,YJL157C,1.8298857540344216e-08
YPR201W,YJL034W,2.039006035412308e-13
YPR201W,YLR238W,1.8207328977837278e-08
YPR201W,YPR141C,0.00032814726000651717
YPR201W,YNL127W,3.4769895296271613e-10
YPR201W,YCL055W,2.6153502403758466e-05
YPR201W,YPR122W,2.0264878912712447e-06
YPR201W,YMR065W,2.6009905340629302e-08
YPR201W,YDR356W,0.0011369290295988321
YPR201W,YMR052W,1.957699069521368e-08
YPR201W,YFR008W,3.332561310243065e-11
YPR201W,YLL043W,2.4315657356055453e-05
YPR201W,YMR029C,7.760187145322561e-05
YPR201W,YJR004C,0.9189210534095764
YPR201W,YDL223C,2.7289617676728994e-08
YPR201W,YHR158C,7.130031917768065e-06
YPR201W,YGR238C,2.3090385159463267e-09
YPR201W,YIL015W,0.9934026598930359
YPR201W,YGL173C,9.972052066586912e-05
YPR201W,YDL225W,1.2681922179069716e-08
YPR201W,YLR330W,1.1456991605429678e-11
YPR201W,YBR129C,2.768560989352409e-07
YPR201W,YKR095W-A,0.2020167112350464
YPR201W,YPR075C,5.406197364776766e-11
YPR201W,YMR198W,9.519240257160888e-11
YPR201W,YOR127W,1.2450028508137478e-10
YPR201W,YDR264C,6.2464241636917e-05
YPR201W,YLR110C,1.5456387814083428e-07
YPR201W,YDR379W,6.0273820982025e-14
YPR201W,YDL100C,1.728121468147492e-08
YPR201W,YHR073W,1.6743034736421691e-09
YPR201W,YJR090C,6.690924346854042e-17
YPR201W,YOR208W,2.0214635521043078e-10
YPR201W,YBR040W,0.00010493109584785998
YPR201W,YNL279W,0.12188615649938583
YPR201W,YER075C,0.08015404641628265
YPR201W,YCR089W,1.2931886885780841e-06
YPR201W,YCR002C,2.1203819144943736e-08
YPR201W,YJL108C,2.954780031760862e-10
YPR201W,YBR200W,2.2240773489556886e-07
YPR201W,YIL026C,8.83125110817673e-08
YPR201W,YJR076C,3.434463269336163e-10
YPR201W,YKR031C,0.0001553202746436
YPR201W,YPL192C,5.601097807783617e-09
YPR201W,YHR107C,8.723167965740686e-09
YPR201W,YIL037C,1.5976153008523397e-05
YPR201W,YPL156C,3.0519484425894916e-05
YPR201W,YIL117C,2.0994360738768592e-07
YPR201W,YHR066W,1.0533107893922848e-20
YPR201W,YML085C,1.6870528411760954e-12
YPR201W,YML047C,1.4473358760369592e-06
YPR201W,YDR312W,1.5963048838329996e-07
YPR201W,YFL037W,5.511337608510303e-09
YPR201W,YDL038C,0.2020167112350464
YPR201W,YDL039C,1.6642931607510625e-13
YPR201W,YCL027W,0.10416733473539352
YPR201W,YML124C,5.5752845895540304e-08
YPR201W,YGL053W,8.231693726656886e-08
YPR201W,YMR232W,3.151583161109528e-12
YPR201W,YNL298W,6.763867759218556e-07
YPR201W,YGL099W,4.96552262198649e-14
YPR201W,YBL016W,9.444580229001076e-08
YPR201W,YAL041W,1.6423562101408606e-06
YPR201W,YDR085C,8.068745671607758e-10
YPR201W,YPL187W,3.113699298396e-10
YPR201W,YPL256C,9.092982036816924e-14
YPR201W,YDR461W,3.0732655886822613e-07
YPR201W,YNL145W,1.199340005086924e-07
YDR125C,YDL165W,2.1193777399730607e-07
YDR125C,YGR059W,8.095496923488099e-06
YDR125C,YBR109C,0.0005962708382867277
YDR125C,YJL080C,1.5851503443187198e-09
YDR125C,YCR093W,0.8287689685821533
YDR125C,YIL122W,0.993293046951294
YDR125C,YCL029C,1.034320806087008e-11
YDR125C,YNL173C,1.718027720087889e-09
YDR125C,YLR452C,4.605355206876993e-05
YDR125C,YDL160C,3.129476681351662e-05
YDR125C,YLR229C,1.257631367934664e-07
YDR125C,YML057W,0.20885567367076874
YDR125C,YER149C,0.9599653482437134
YDR125C,YMR305C,0.11233319342136383
YDR125C,YLR433C,0.024634256958961487
YDR125C,YJL073W,7.055850659298812e-08
YDR125C,YGR279C,1.1369508001735085e-06
YDR125C,YKL190W,0.9925756454467773
YDR125C,YGL089C,0.8297531008720398
YDR125C,YJL019W,0.9052151441574097
YDR125C,YJL018W,0.045963164418935776
YDR125C,YNR032C-A,0.03837216645479202
YDR125C,YGL178W,0.0012082458706572652
YDR125C,YKL116C,5.923002390773036e-07
YDR125C,YDL214C,0.000721511198207736
YDR125C,YLR362W,0.0003495480341371149
YDR125C,YER068W,9.134175343206152e-06
YDR125C,YHR084W,0.00015183730283752084
YDR125C,YDR392W,0.04365988448262215
YDR125C,YNL053W,0.9998427629470825
YDR125C,YGR040W,0.9998564720153809
YDR125C,YDL216C,4.989423804668824e-12
YDR125C,YOL117W,1.5432306099683046e-07
YDR125C,YJR086W,0.9971785545349121
YDR125C,YMR025W,0.00024171260884031653
YDR125C,YBR081C,8.126641404260226e-08
YDR125C,YFL026W,0.801633358001709
YDR125C,YHL007C,0.8267528414726257
YDR125C,YNR044W,1.0
YDR125C,YNL271C,0.0010209048632532358
YDR125C,YDR200C,1.1238923434575554e-05
YDR125C,YKL178C,0.9860072135925293
YDR125C,YOR212W,0.844160258769989
YDR125C,YOL111C,5.309034349920694e-06
YDR125C,YGL032C,0.00028700754046440125
YDR125C,YHR005C,0.16436858475208282
YDR125C,YDR103W,1.6241594494204037e-05
YDR125C,YJR084W,4.7777462896192446e-05
YDR125C,YCL032W,3.3774855978663254e-07
YDR125C,YJL170C,0.9999967813491821
YDR125C,YDR179C,7.045468208843886e-08
YDR125C,YBR095C,0.014718202874064445
YDR125C,YLL021W,5.6875414884416386e-05
YDR125C,YDL159W,0.006751816254109144
YDR125C,YNL161W,0.999996542930603
YDR125C,YNL188W,3.6730092300985007e-09
YDR125C,YJL157C,3.675386750501275e-08
YDR125C,YJL034W,4.388880725514355e-08
YDR125C,YLR238W,0.9933958649635315
YDR125C,YPR141C,0.9843946695327759
YDR125C,YNL127W,1.1444479241617955e-05
YDR125C,YCL055W,0.002045893343165517
YDR125C,YPR122W,0.8916724324226379
YDR125C,YMR065W,0.9995632767677307
YDR125C,YDR356W,0.9612821936607361
YDR125C,YMR052W,8.436252869614691e-07
YDR125C,YFR008W,0.9055924415588379
YDR125C,YLL043W,0.00606179004535079
YDR125C,YMR029C,1.2365927432256285e-05
YDR125C,YJR004C,4.771764906763565e-06
YDR125C,YDL223C,6.814473573098223e-14
YDR125C,YHR158C,0.1023213118314743
YDR125C,YGR238C,5.7552781072445214e-05
YDR125C,YIL015W,0.9465453624725342
YDR125C,YGL173C,0.05214005336165428
YDR125C,YDL225W,0.002053712261840701
YDR125C,YLR330W,0.0003316416987217963
YDR125C,YBR129C,6.109041714807972e-05
YDR125C,YKR095W-A,0.2020167112350464
YDR125C,YPR075C,3.3470316793682287e-06
YDR125C,YMR198W,0.9996975660324097
YDR125C,YOR127W,0.39568907022476196
YDR125C,YDR264C,0.00022382423048838973
YDR125C,YLR110C,3.584369187592529e-05
YDR125C,YDR379W,0.0008098133839666843
YDR125C,YDL100C,0.000690999673679471
YDR125C,YHR073W,6.136992305982858e-05
YDR125C,YJR090C,0.15665879845619202
YDR125C,YOR208W,0.00013373742694966495
YDR125C,YBR040W,0.20907951891422272
YDR125C,YNL279W,0.24038037657737732
YDR125C,YER075C,0.9991316199302673
YDR125C,YCR089W,1.0
YDR125C,YCR002C,4.072555748280138e-05
YDR125C,YJL108C,0.9996877908706665
YDR125C,YBR200W,0.009543114341795444
YDR125C,YIL026C,1.3616509031422197e-09
YDR125C,YJR076C,0.0002371066075284034
YDR125C,YKR031C,4.040675412397832e-05
YDR125C,YPL192C,0.9999995231628418
YDR125C,YHR107C,0.006621643900871277
YDR125C,YIL037C,0.015762945637106895
YDR125C,YPL156C,1.0
YDR125C,YIL117C,1.0
YDR125C,YHR066W,2.1502016746971497e-12
YDR125C,YML085C,5.839037839905359e-07
YDR125C,YML047C,0.9999915361404419
YDR125C,YDR312W,2.2727446776116267e-05
YDR125C,YFL037W,0.014077412895858288
YDR125C,YDL038C,0.2020167112350464
YDR125C,YDL039C,3.2041200803689662e-09
YDR125C,YCL027W,0.9997918009757996
YDR125C,YML124C,3.016532801325411e-09
YDR125C,YGL053W,3.809825329881278e-06
YDR125C,YMR232W,0.9603303074836731
YDR125C,YNL298W,0.010064532980322838
YDR125C,YGL099W,8.846141180685052e-11
YDR125C,YBL016W,0.9999903440475464
YDR125C,YAL041W,0.00013463861250784248
YDR125C,YDR085C,0.0489497110247612
YDR125C,YPL187W,3.200160108463024e-06
YDR125C,YPL256C,5.935335067874803e-08
YDR125C,YDR461W,2.419172989102242e-13
YDR125C,YNL145W,0.02057708613574505
YPL003W,YDL165W,2.617783536607021e-07
YPL003W,YGR059W,1.3984558953558657e-12
YPL003W,YBR109C,0.8355729579925537
YPL003W,YJL080C,0.051396582275629044
YPL003W,YCR093W,7.089690501338453e-10
YPL003W,YIL122W,0.00044178342795930803
YPL003W,YCL029C,2.8705798155170825e-11
YPL003W,YNL173C,0.006849312223494053
YPL003W,YLR452C,0.48161593079566956
YPL003W,YDL160C,0.12787851691246033
YPL003W,YLR229C,0.7735608816146851
YPL003W,YML057W,3.018200134263793e-10
YPL003W,YER149C,0.00013601208047475666
YPL003W,YMR305C,0.9169055819511414
YPL003W,YLR433C,0.0017962995916604996
YPL003W,YJL073W,5.514383949467572e-10
YPL003W,YGR279C,0.09190135449171066
YPL003W,YKL190W,0.025471225380897522
YPL003W,YGL089C,0.0036827512085437775
YPL003W,YJL019W,0.4606509208679199
YPL003W,YJL018W,0.0002737245231401175
YPL003W,YNR032C-A,0.917335569858551
YPL003W,YGL178W,2.9056739236921203e-08
YPL003W,YKL116C,4.7017928750392457e-07
YPL003W,YDL214C,0.9999978542327881
YPL003W,YLR362W,0.02120155841112137
YPL003W,YER068W,3.0633634751721416e-17
YPL003W,YHR084W,0.4199732542037964
YPL003W,YDR392W,0.0002893699274864048
YPL003W,YNL053W,0.00013213581405580044
YPL003W,YGR040W,0.8961135149002075
YPL003W,YDL216C,0.002243333263322711
YPL003W,YOL117W,4.1996493088669595e-12
YPL003W,YJR086W,0.0026575776282697916
YPL003W,YMR025W,0.6528388857841492
YPL003W,YBR081C,1.6237966349308408e-07
YPL003W,YFL026W,0.9995319843292236
YPL003W,YHL007C,8.835615261659768e-08
YPL003W,YNR044W,0.9594969153404236
YPL003W,YNL271C,0.009830009192228317
YPL003W,YDR200C,3.4409073123242706e-05
YPL003W,YKL178C,5.888679515919648e-05
YPL003W,YOR212W,2.674871211638674e-05
YPL003W,YOL111C,2.233122159411849e-10
YPL003W,YGL032C,0.175733283162117
YPL003W,YHR005C,3.0535154564859113e-06
YPL003W,YDR103W,0.011216502636671066
YPL003W,YJR084W,7.533077587140724e-05
YPL003W,YCL032W,0.000828626099973917
YPL003W,YJL170C,2.9191669526085207e-08
YPL003W,YDR179C,3.7783941557109624e-13
YPL003W,YBR095C,0.0015995862195268273
YPL003W,YLL021W,0.01725415140390396
YPL003W,YDL159W,0.0002449144085403532
YPL003W,YNL161W,0.01445570308715105
YPL003W,YNL188W,1.7061833545994887e-07
YPL003W,YJL157C,0.01842912659049034
YPL003W,YJL034W,1.687092272253856e-15
YPL003W,YLR238W,2.1239031866571167e-08
YPL003W,YPR141C,9.978783054975793e-06
YPL003W,YNL127W,1.5411437459533772e-07
YPL003W,YCL055W,1.1669238020317607e-08
YPL003W,YPR122W,0.09049717336893082
YPL003W,YMR065W,0.9261050820350647
YPL003W,YDR356W,3.957222361350432e-06
YPL003W,YMR052W,6.748346640961245e-05
YPL003W,YFR008W,1.669961022798816e-07
YPL003W,YLL043W,7.669768466167515e-12
YPL003W,YMR029C,1.7193702660733834e-05
YPL003W,YJR004C,1.4694496712763794e-06
YPL003W,YDL223C,2.8557167297549313e-06
YPL003W,YHR158C,7.716385880485177e-06
YPL003W,YGR238C,2.208939697823098e-08
YPL003W,YIL015W,0.9987587928771973
YPL003W,YGL173C,0.3181810975074768
YPL003W,YDL225W,0.0002039628307102248
YPL003W,YLR330W,0.00012884385068900883
YPL003W,YBR129C,9.412031067768112e-05
YPL003W,YKR095W-A,0.2020167112350464
YPL003W,YPR075C,2.4267981643788517e-05
YPL003W,YMR198W,0.033735163509845734
YPL003W,YOR127W,1.8819358956534415e-05
YPL003W,YDR264C,2.0444733308977447e-05
YPL003W,YLR110C,4.586021589148004e-07
YPL003W,YDR379W,0.03086025081574917
YPL003W,YDL100C,0.9999959468841553
YPL003W,YHR073W,1.146941303886706e-05
YPL003W,YJR090C,0.0017308209789916873
YPL003W,YOR208W,7.575021339356613e-12
YPL003W,YBR040W,0.0036573486868292093
YPL003W,YNL279W,0.601264238357544
YPL003W,YER075C,0.00030427370802499354
YPL003W,YCR089W,0.0006981638143770397
YPL003W,YCR002C,0.9016018509864807
YPL003W,YJL108C,5.254385726516375e-08
YPL003W,YBR200W,3.2188768273044843e-06
YPL003W,YIL026C,1.2069857575625065e-06
YPL003W,YJR076C,0.0007599269156344235
YPL003W,YKR031C,0.013924307189881802
YPL003W,YPL192C,1.0702039617171977e-05
YPL003W,YHR107C,5.997898711029848e-07
YPL003W,YIL037C,0.018835389986634254
YPL003W,YPL156C,5.5268759751925245e-05
YPL003W,YIL117C,0.009592036716639996
YPL003W,YHR066W,2.039528149697369e-16
YPL003W,YML085C,0.011797110550105572
YPL003W,YML047C,0.28780263662338257
YPL003W,YDR312W,1.1807512301231782e-08
YPL003W,YFL037W,0.0005618674331344664
YPL003W,YDL038C,0.2020167112350464
YPL003W,YDL039C,1.1118818292743526e-06
YPL003W,YCL027W,0.0001227057073265314
YPL003W,YML124C,0.0011545780580490828
YPL003W,YGL053W,6.821786247002137e-09
YPL003W,YMR232W,0.03339141607284546
YPL003W,YNL298W,0.0044213286601006985
YPL003W,YGL099W,8.95672780387713e-09
YPL003W,YBL016W,1.3496443898475263e-05
YPL003W,YAL041W,0.9999403953552246
YPL003W,YDR085C,0.0004937405465170741
YPL003W,YPL187W,0.04863030090928078
YPL003W,YPL256C,0.0003010813088621944
YPL003W,YDR461W,7.088189022397273e-07
YPL003W,YNL145W,0.02758714370429516
YCL035C,YDL165W,6.736923302205766e-13
YCL035C,YGR059W,4.946266313199388e-11
YCL035C,YBR109C,5.256172698864248e-06
YCL035C,YJL080C,3.7879831893405935e-07
YCL035C,YCR093W,1.7781147107598372e-05
YCL035C,YIL122W,0.20793622732162476
YCL035C,YCL029C,2.125320586188195e-09
YCL035C,YNL173C,1.3926087660820485e-07
YCL035C,YLR452C,2.4283002275637955e-08
YCL035C,YDL160C,9.632751243771054e-06
YCL035C,YLR229C,1.5751696821886263e-11
YCL035C,YML057W,8.404166806919022e-10
YCL035C,YER149C,1.0608670208966942e-06
YCL035C,YMR305C,7.264361556735821e-08
YCL035C,YLR433C,0.021053822711110115
YCL035C,YJL073W,8.977901430097524e-13
YCL035C,YGR279C,0.03439924493432045
YCL035C,YKL190W,0.0011628562351688743
YCL035C,YGL089C,0.0001253170776180923
YCL035C,YJL019W,4.582918336382136e-06
YCL035C,YJL018W,0.012259773910045624
YCL035C,YNR032C-A,0.8435835242271423
YCL035C,YGL178W,3.554963768692687e-06
YCL035C,YKL116C,7.342666058507419e-11
YCL035C,YDL214C,0.7172974944114685
YCL035C,YLR362W,2.3787895315763308e-06
YCL035C,YER068W,2.9573937965210462e-08
YCL035C,YHR084W,1.1285802153926383e-11
YCL035C,YDR392W,3.382680006325245e-06
YCL035C,YNL053W,1.550296292407438e-05
YCL035C,YGR040W,0.00022558834461960942
YCL035C,YDL216C,0.0458531379699707
YCL035C,YOL117W,8.684454044782797e-09
YCL035C,YJR086W,4.483628312373922e-12
YCL035C,YMR025W,0.8835709095001221
YCL035C,YBR081C,0.9703177809715271
YCL035C,YFL026W,8.848565682392307e-16
YCL035C,YHL007C,0.0006893713725730777
YCL035C,YNR044W,8.422599057666957e-05
YCL035C,YNL271C,0.012756088748574257
YCL035C,YDR200C,7.315177109890048e-13
YCL035C,YKL178C,0.011987020261585712
YCL035C,YOR212W,5.025154944937604e-11
YCL035C,YOL111C,1.9110377885191154e-14
YCL035C,YGL032C,5.128406428411836e-07
YCL035C,YHR005C,8.514472938259132e-06
YCL035C,YDR103W,2.8463391643640534e-08
YCL035C,YJR084W,1.0479503544047475e-05
YCL035C,YCL032W,0.0005183012690395117
YCL035C,YJL170C,2.879710052638984e-07
YCL035C,YDR179C,6.73825370500758e-11
YCL035C,YBR095C,6.085731918403781e-10
YCL035C,YLL021W,5.878066588159425e-13
YCL035C,YDL159W,0.00036604530760087073
YCL035C,YNL161W,0.992668867111206
YCL035C,YNL188W,3.3314875164114355e-11
YCL035C,YJL157C,4.345883688442337e-18
YCL035C,YJL034W,5.410435358296032e-19
YCL035C,YLR238W,2.0148188923485577e-05
YCL035C,YPR141C,5.347295956720233e-13
YCL035C,YNL127W,5.108853340374253e-09
YCL035C,YCL055W,6.275959307799894e-09
YCL035C,YPR122W,6.004769570466806e-09
YCL035C,YMR065W,0.17311425507068634
YCL035C,YDR356W,0.00027425691951066256
YCL035C,YMR052W,0.9440996646881104
YCL035C,YFR008W,3.137949306619703e-06
YCL035C,YLL043W,0.023321833461523056
YCL035C,YMR029C,2.343407686566934e-05
YCL035C,YJR004C,7.909474334155675e-06
YCL035C,YDL223C,2.2220771170693696e-16
YCL035C,YHR158C,7.449868348885502e-07
YCL035C,YGR238C,4.743585732547295e-11
YCL035C,YIL015W,4.276676435210902e-08
YCL035C,YGL173C,4.4046174707546015e-07
YCL035C,YDL225W,5.419957460617297e-07
YCL035C,YLR330W,0.04490254446864128
YCL035C,YBR129C,1.1657773768547486e-07
YCL035C,YKR095W-A,0.2020167112350464
YCL035C,YPR075C,9.20643916657582e-09
YCL035C,YMR198W,0.0017185482429340482
YCL035C,YOR127W,0.07242950052022934
YCL035C,YDR264C,8.243478077929467e-08
YCL035C,YLR110C,2.8407729502077927e-09
YCL035C,YDR379W,8.298508760162804e-07
YCL035C,YDL100C,1.1572043687891064e-16
YCL035C,YHR073W,0.01442802045494318
YCL035C,YJR090C,1.1449586168055248e-07
YCL035C,YOR208W,0.5747703313827515
YCL035C,YBR040W,0.991438090801239
YCL035C,YNL279W,0.00015140198229346424
YCL035C,YER075C,3.0712898890783435e-10
YCL035C,YCR089W,1.3077490479407317e-10
YCL035C,YCR002C,2.9026949247001887e-11
YCL035C,YJL108C,0.9985378980636597
YCL035C,YBR200W,1.0867546862414201e-09
YCL035C,YIL026C,1.7686236475356054e-08
YCL035C,YJR076C,1.999461387474158e-13
YCL035C,YKR031C,6.546059466927545e-06
YCL035C,YPL192C,0.0013631280744448304
YCL035C,YHR107C,0.002138060750439763
YCL035C,YIL037C,0.8880172371864319
YCL035C,YPL156C,0.038505859673023224
YCL035C,YIL117C,1.2381905435177032e-05
YCL035C,YHR066W,8.484546639321259e-19
YCL035C,YML085C,5.19194254593458e-05
YCL035C,YML047C,0.44938260316848755
YCL035C,YDR312W,2.085795980377725e-09
YCL035C,YFL037W,1.3064786882552304e-12
YCL035C,YDL038C,0.2020167112350464
YCL035C,YDL039C,9.022870645081227e-11
YCL035C,YCL027W,7.066081660761503e-13
YCL035C,YML124C,9.55855057327426e-07
YCL035C,YGL053W,2.3757273925895106e-10
YCL035C,YMR232W,0.0002192237152485177
YCL035C,YNL298W,2.4692391889402643e-05
YCL035C,YGL099W,1.594989819652179e-19
YCL035C,YBL016W,1.2898327440780122e-05
YCL035C,YAL041W,6.4736659624031745e-06
YCL035C,YDR085C,3.7074962544458856e-10
YCL035C,YPL187W,0.00391015550121665
YCL035C,YPL256C,8.390520500611842e-10
YCL035C,YDR461W,8.42959057591186e-15
YCL035C,YNL145W,6.584092915318251e-08
YER148W,YDL165W,2.2641130271949805e-05
YER148W,YGR059W,5.213661533748359e-13
YER148W,YBR109C,2.1254492610367492e-10
YER148W,YJL080C,2.284382405459695e-11
YER148W,YCR093W,1.8660552214555537e-08
YER148W,YIL122W,0.0016334094107151031
YER148W,YCL029C,4.368309845250405e-16
YER148W,YNL173C,1.9861762234896219e-10
YER148W,YLR452C,0.8869817852973938
YER148W,YDL160C,0.739154040813446
YER148W,YLR229C,1.5105924323910447e-12
YER148W,YML057W,5.161675123779852e-13
YER148W,YER149C,2.863215775583683e-10
YER148W,YMR305C,4.875639092460915e-08
YER148W,YLR433C,0.0008228531223721802
YER148W,YJL073W,1.9938344544319234e-15
YER148W,YGR279C,1.674446502875071e-05
YER148W,YKL190W,1.4844069983616093e-12
YER148W,YGL089C,4.211717918867208e-10
YER148W,YJL019W,0.0002506289165467024
YER148W,YJL018W,0.0073785060085356236
YER148W,YNR032C-A,0.06283306330442429
YER148W,YGL178W,0.44078269600868225
YER148W,YKL116C,2.521318397119554e-11
YER148W,YDL214C,0.0005488853203132749
YER148W,YLR362W,6.611087494638604e-15
YER148W,YER068W,1.050681069925119e-11
YER148W,YHR084W,7.424261899702245e-11
YER148W,YDR392W,1.780117242169586e-15
YER148W,YNL053W,1.9863828129018657e-06
YER148W,YGR040W,2.253796438367317e-08
YER148W,YDL216C,0.0002530347555875778
YER148W,YOL117W,3.8732502583927256e-14
YER148W,YJR086W,1.7883784730887697e-13
YER148W,YMR025W,7.832968648702199e-12
YER148W,YBR081C,0.0011682353215292096
YER148W,YFL026W,0.00013721431605517864
YER148W,YHL007C,3.046813634721701e-10
YER148W,YNR044W,0.5545732378959656
YER148W,YNL271C,8.990816240839195e-06
YER148W,YDR200C,2.0950711387968113e-08
YER148W,YKL178C,4.631407136912458e-06
YER148W,YOR212W,2.3479969080142382e-09
YER148W,YOL111C,1.0392482753235103e-23
YER148W,YGL032C,1.0080643784993182e-11
YER148W,YHR005C,6.075883902667556e-06
YER148W,YDR103W,2.6746256480691954e-06
YER148W,YJR084W,9.441113446584382e-10
YER148W,YCL032W,7.467699974658357e-20
YER148W,YJL170C,0.09334887564182281
YER148W,YDR179C,3.5046608220764067e-14
YER148W,YBR095C,8.423347197701603e-13
YER148W,YLL021W,2.0292574731684e-08
YER148W,YDL159W,1.2881048658264227e-11
YER148W,YNL161W,9.923046542445468e-13
YER148W,YNL188W,8.216140983709208e-14
YER148W,YJL157C,1.9113542346071988e-11
YER148W,YJL034W,5.761165199416607e-13
YER148W,YLR238W,2.8283414361105798e-14
YER148W,YPR141C,0.02311094105243683
YER148W,YNL127W,9.632674482418224e-05
YER148W,YCL055W,2.599403114630916e-12
YER148W,YPR122W,0.8832055926322937
YER148W,YMR065W,0.32760560512542725
YER148W,YDR356W,4.9781021971284645e-08
YER148W,YMR052W,1.4659341796008363e-10
YER148W,YFR008W,8.269134682548085e-11
YER148W,YLL043W,1.0484185963832715e-08
YER148W,YMR029C,2.821550282305907e-08
YER148W,YJR004C,2.320310439638207e-16
YER148W,YDL223C,2.902660316966843e-12
YER148W,YHR158C,0.9894969463348389
YER148W,YGR238C,7.582687255869303e-11
YER148W,YIL015W,0.008503934368491173
YER148W,YGL173C,6.429912467646609e-17
YER148W,YDL225W,1.2145594752155375e-08
YER148W,YLR330W,1.9632130950404923e-17
YER148W,YBR129C,3.5436313680235667e-15
YER148W,YKR095W-A,0.2020167112350464
YER148W,YPR075C,7.631583048611692e-15
YER148W,YMR198W,1.4106196766228152e-10
YER148W,YOR127W,4.756333174538163e-11
YER148W,YDR264C,1.3325155423515866e-09
YER148W,YLR110C,0.0007294320967048407
YER148W,YDR379W,3.527339112799604e-15
YER148W,YDL100C,2.5127200667385274e-11
YER148W,YHR073W,2.397755964318824e-14
YER148W,YJR090C,1.0572999995048932e-13
YER148W,YOR208W,0.8237102031707764
YER148W,YBR040W,0.02789742685854435
YER148W,YNL279W,1.2307475572015392e-07
YER148W,YER075C,4.0872960940276093e-13
YER148W,YCR089W,1.420184482574206e-14
YER148W,YCR002C,1.3087914432774461e-11
YER148W,YJL108C,0.9992951154708862
YER148W,YBR200W,9.280781184387759e-18
YER148W,YIL026C,1.88498910605319e-16
YER148W,YJR076C,6.182327342685312e-05
YER148W,YKR031C,0.3732818067073822
YER148W,YPL192C,2.9286240099679617e-09
YER148W,YHR107C,1.8386499505140819e-06
YER148W,YIL037C,7.054253728711046e-06
YER148W,YPL156C,4.219554545642919e-19
YER148W,YIL117C,1.9497662165357532e-11
YER148W,YHR066W,2.038541276904479e-15
YER148W,YML085C,2.746119889707188e-06
YER148W,YML047C,0.9771642088890076
YER148W,YDR312W,2.398993330376964e-12
YER148W,YFL037W,1.7827550546911652e-10
YER148W,YDL038C,0.2020167112350464
YER148W,YDL039C,4.1986269934568554e-05
YER148W,YCL027W,3.0368804800673388e-05
YER148W,YML124C,2.9485337782464427e-12
YER148W,YGL053W,1.0487824801327927e-12
YER148W,YMR232W,0.8646858334541321
YER148W,YNL298W,0.0005645875353366137
YER148W,YGL099W,7.998683739819917e-15
YER148W,YBL016W,6.717290894315292e-17
YER148W,YAL041W,1.6592306695262238e-10
YER148W,YDR085C,5.431198133010184e-06
YER148W,YPL187W,2.1064172983642493e-07
YER148W,YPL256C,6.911819383503826e-08
YER148W,YDR461W,2.479811375817622e-18
YER148W,YNL145W,7.966702926694158e-13
YDR030C,YDL165W,8.12972193904582e-13
YDR030C,YGR059W,1.82910793377288e-15
YDR030C,YBR109C,3.904783441033288e-10
YDR030C,YJL080C,1.5522652999488403e-17
YDR030C,YCR093W,1.670110214035958e-05
YDR030C,YIL122W,4.702600051587069e-07
YDR030C,YCL029C,5.424060181037638e-13
YDR030C,YNL173C,1.3792511708743405e-05
YDR030C,YLR452C,5.1690124619821476e-14
YDR030C,YDL160C,0.020091921091079712
YDR030C,YLR229C,2.1407885242297198e-07
YDR030C,YML057W,5.519376622409311e-12
YDR030C,YER149C,7.42029442335479e-08
YDR030C,YMR305C,3.520600965704196e-13
YDR030C,YLR433C,8.690973481861874e-05
YDR030C,YJL073W,0.04462077468633652
YDR030C,YGR279C,1.4130224768038602e-09
YDR030C,YKL190W,9.622282703958263e-08
YDR030C,YGL089C,4.562108415484545e-07
YDR030C,YJL019W,0.0012074876576662064
YDR030C,YJL018W,0.18799133598804474
YDR030C,YNR032C-A,0.9646410346031189
YDR030C,YGL178W,0.028373517096042633
YDR030C,YKL116C,3.537912625080179e-14
YDR030C,YDL214C,3.7988600524840876e-05
YDR030C,YLR362W,0.005244886036962271
YDR030C,YER068W,1.5374356735264882e-05
YDR030C,YHR084W,6.097356219925132e-08
YDR030C,YDR392W,1.0325451512471773e-05
YDR030C,YNL053W,0.17277902364730835
YDR030C,YGR040W,2.6597328428579203e-07
YDR030C,YDL216C,3.6637468232847414e-12
YDR030C,YOL117W,8.797249040348731e-10
YDR030C,YJR086W,0.0006396948010660708
YDR030C,YMR025W,0.050822142511606216
YDR030C,YBR081C,0.0009077520226128399
YDR030C,YFL026W,0.0004380814789328724
YDR030C,YHL007C,1.3402821252839203e-07
YDR030C,YNR044W,3.1935283306694373e-09
YDR030C,YNL271C,0.002492495346814394
YDR030C,YDR200C,0.37673714756965637
YDR030C,YKL178C,6.50691072223708e-05
YDR030C,YOR212W,1.6241027966934496e-10
YDR030C,YOL111C,1.1398016113162157e-06
YDR030C,YGL032C,5.472253405969241e-07
YDR030C,YHR005C,2.2371594854408983e-10
YDR030C,YDR103W,0.003442665096372366
YDR030C,YJR084W,5.292703235681984e-07
YDR030C,YCL032W,2.2581400638266302e-10
YDR030C,YJL170C,3.429412026889622e-05
YDR030C,YDR179C,1.120849968394566e-09
YDR030C,YBR095C,7.901710574742538e-08
YDR030C,YLL021W,8.72644534410938e-09
YDR030C,YDL159W,6.88156447381516e-08
YDR030C,YNL161W,9.606100502423942e-05
YDR030C,YNL188W,0.006788436323404312
YDR030C,YJL157C,5.531171154871117e-06
YDR030C,YJL034W,1.0921537452190933e-08
YDR030C,YLR238W,0.6878947615623474
YDR030C,YPR141C,1.2170487934781704e-05
YDR030C,YNL127W,0.006131376139819622
YDR030C,YCL055W,1.442797433175852e-13
YDR030C,YPR122W,0.7112340331077576
YDR030C,YMR065W,1.9589845123846317e-07
YDR030C,YDR356W,0.3857007324695587
YDR030C,YMR052W,1.220366474541379e-09
YDR030C,YFR008W,1.3117072761303916e-08
YDR030C,YLL043W,0.0006605201633647084
YDR030C,YMR029C,0.9537386298179626
YDR030C,YJR004C,0.6669741272926331
YDR030C,YDL223C,1.2483089903980726e-06
YDR030C,YHR158C,0.0003191819996573031
YDR030C,YGR238C,2.5874830953398487e-06
YDR030C,YIL015W,0.13174284994602203
YDR030C,YGL173C,4.681128401573531e-11
YDR030C,YDL225W,1.957971562660532e-06
YDR030C,YLR330W,0.0007901099161244929
YDR030C,YBR129C,4.247282413416542e-05
YDR030C,YKR095W-A,0.2020167112350464
YDR030C,YPR075C,3.2776656822691708e-12
YDR030C,YMR198W,1.66006479673797e-08
YDR030C,YOR127W,0.9366845488548279
YDR030C,YDR264C,5.36188849764585e-07
YDR030C,YLR110C,5.833553085032861e-11
YDR030C,YDR379W,0.5268601775169373
YDR030C,YDL100C,1.0357647628033567e-13
YDR030C,YHR073W,6.207940259628231e-07
YDR030C,YJR090C,4.784670181834372e-06
YDR030C,YOR208W,6.191013568468406e-08
YDR030C,YBR040W,7.825174179743044e-06
YDR030C,YNL279W,1.3196934560255613e-05
YDR030C,YER075C,1.4141460225047808e-10
YDR030C,YCR089W,1.0347860346371363e-08
YDR030C,YCR002C,0.00015404034638777375
YDR030C,YJL108C,0.9738513231277466
YDR030C,YBR200W,9.830645240072045e-07
YDR030C,YIL026C,0.0015747613506391644
YDR030C,YJR076C,3.7815164333210305e-09
YDR030C,YKR031C,0.5207845568656921
YDR030C,YPL192C,2.4251224129984844e-14
YDR030C,YHR107C,0.00015600124606862664
YDR030C,YIL037C,0.6554142832756042
YDR030C,YPL156C,8.153872386174044e-07
YDR030C,YIL117C,1.819585804696544e-06
YDR030C,YHR066W,2.7881922491112713e-17
YDR030C,YML085C,2.702259749298719e-09
YDR030C,YML047C,0.5624839067459106
YDR030C,YDR312W,6.886178880449734e-07
YDR030C,YFL037W,5.220902039582143e-06
YDR030C,YDL038C,0.2020167112350464
YDR030C,YDL039C,8.730706077039995e-17
YDR030C,YCL027W,1.6820134174366785e-10
YDR030C,YML124C,1.0280111714349566e-15
YDR030C,YGL053W,8.345572837242798e-07
YDR030C,YMR232W,1.0453060639292744e-07
YDR030C,YNL298W,1.1763677143505902e-08
YDR030C,YGL099W,8.559142283814936e-10
YDR030C,YBL016W,7.650237967027351e-05
YDR030C,YAL041W,1.181832587349163e-08
YDR030C,YDR085C,1.1534358179687842e-07
YDR030C,YPL187W,2.9249422328625485e-11
YDR030C,YPL256C,8.634650476178549e-14
YDR030C,YDR461W,1.3636229645452858e-10
YDR030C,YNL145W,2.7046278106013233e-08
tA(AGC)F,YDL165W,0.2020167112350464
tA(AGC)F,YGR059W,0.2020167112350464
tA(AGC)F,YBR109C,0.2020167112350464
tA(AGC)F,YJL080C,0.2020167112350464
tA(AGC)F,YCR093W,0.2020167112350464
tA(AGC)F,YIL122W,0.2020167112350464
tA(AGC)F,YCL029C,0.2020167112350464
tA(AGC)F,YNL173C,0.2020167112350464
tA(AGC)F,YLR452C,0.2020167112350464
tA(AGC)F,YDL160C,0.2020167112350464
tA(AGC)F,YLR229C,0.2020167112350464
tA(AGC)F,YML057W,0.2020167112350464
tA(AGC)F,YER149C,0.2020167112350464
tA(AGC)F,YMR305C,0.2020167112350464
tA(AGC)F,YLR433C,0.2020167112350464
tA(AGC)F,YJL073W,0.2020167112350464
tA(AGC)F,YGR279C,0.2020167112350464
tA(AGC)F,YKL190W,0.2020167112350464
tA(AGC)F,YGL089C,0.2020167112350464
tA(AGC)F,YJL019W,0.2020167112350464
tA(AGC)F,YJL018W,0.2020167112350464
tA(AGC)F,YNR032C-A,0.2020167112350464
tA(AGC)F,YGL178W,0.2020167112350464
tA(AGC)F,YKL116C,0.2020167112350464
tA(AGC)F,YDL214C,0.2020167112350464
tA(AGC)F,YLR362W,0.2020167112350464
tA(AGC)F,YER068W,0.2020167112350464
tA(AGC)F,YHR084W,0.2020167112350464
tA(AGC)F,YDR392W,0.2020167112350464
tA(AGC)F,YNL053W,0.2020167112350464
tA(AGC)F,YGR040W,0.2020167112350464
tA(AGC)F,YDL216C,0.2020167112350464
tA(AGC)F,YOL117W,0.2020167112350464
tA(AGC)F,YJR086W,0.2020167112350464
tA(AGC)F,YMR025W,0.2020167112350464
tA(AGC)F,YBR081C,0.2020167112350464
tA(AGC)F,YFL026W,0.2020167112350464
tA(AGC)F,YHL007C,0.2020167112350464
tA(AGC)F,YNR044W,0.2020167112350464
tA(AGC)F,YNL271C,0.2020167112350464
tA(AGC)F,YDR200C,0.2020167112350464
tA(AGC)F,YKL178C,0.2020167112350464
tA(AGC)F,YOR212W,0.2020167112350464
tA(AGC)F,YOL111C,0.2020167112350464
tA(AGC)F,YGL032C,0.2020167112350464
tA(AGC)F,YHR005C,0.2020167112350464
tA(AGC)F,YDR103W,0.2020167112350464
tA(AGC)F,YJR084W,0.2020167112350464
tA(AGC)F,YCL032W,0.2020167112350464
tA(AGC)F,YJL170C,0.2020167112350464
tA(AGC)F,YDR179C,0.2020167112350464
tA(AGC)F,YBR095C,0.2020167112350464
tA(AGC)F,YLL021W,0.2020167112350464
tA(AGC)F,YDL159W,0.2020167112350464
tA(AGC)F,YNL161W,0.2020167112350464
tA(AGC)F,YNL188W,0.2020167112350464
tA(AGC)F,YJL157C,0.2020167112350464
tA(AGC)F,YJL034W,0.2020167112350464
tA(AGC)F,YLR238W,0.2020167112350464
tA(AGC)F,YPR141C,0.2020167112350464
tA(AGC)F,YNL127W,0.2020167112350464
tA(AGC)F,YCL055W,0.2020167112350464
tA(AGC)F,YPR122W,0.2020167112350464
tA(AGC)F,YMR065W,0.2020167112350464
tA(AGC)F,YDR356W,0.2020167112350464
tA(AGC)F,YMR052W,0.2020167112350464
tA(AGC)F,YFR008W,0.2020167112350464
tA(AGC)F,YLL043W,0.2020167112350464
tA(AGC)F,YMR029C,0.2020167112350464
tA(AGC)F,YJR004C,0.2020167112350464
tA(AGC)F,YDL223C,0.2020167112350464
tA(AGC)F,YHR158C,0.2020167112350464
tA(AGC)F,YGR238C,0.2020167112350464
tA(AGC)F,YIL015W,0.2020167112350464
tA(AGC)F,YGL173C,0.2020167112350464
tA(AGC)F,YDL225W,0.2020167112350464
tA(AGC)F,YLR330W,0.2020167112350464
tA(AGC)F,YBR129C,0.2020167112350464
tA(AGC)F,YKR095W-A,0.2020167112350464
tA(AGC)F,YPR075C,0.2020167112350464
tA(AGC)F,YMR198W,0.2020167112350464
tA(AGC)F,YOR127W,0.2020167112350464
tA(AGC)F,YDR264C,0.2020167112350464
tA(AGC)F,YLR110C,0.2020167112350464
tA(AGC)F,YDR379W,0.2020167112350464
tA(AGC)F,YDL100C,0.2020167112350464
tA(AGC)F,YHR073W,0.2020167112350464
tA(AGC)F,YJR090C,0.2020167112350464
tA(AGC)F,YOR208W,0.2020167112350464
tA(AGC)F,YBR040W,0.2020167112350464
tA(AGC)F,YNL279W,0.2020167112350464
tA(AGC)F,YER075C,0.2020167112350464
tA(AGC)F,YCR089W,0.2020167112350464
tA(AGC)F,YCR002C,0.2020167112350464
tA(AGC)F,YJL108C,0.2020167112350464
tA(AGC)F,YBR200W,0.2020167112350464
tA(AGC)F,YIL026C,0.2020167112350464
tA(AGC)F,YJR076C,0.2020167112350464
tA(AGC)F,YKR031C,0.2020167112350464
tA(AGC)F,YPL192C,0.2020167112350464
tA(AGC)F,YHR107C,0.2020167112350464
tA(AGC)F,YIL037C,0.2020167112350464
tA(AGC)F,YPL156C,0.2020167112350464
tA(AGC)F,YIL117C,0.2020167112350464
tA(AGC)F,YHR066W,0.2020167112350464
tA(AGC)F,YML085C,0.2020167112350464
tA(AGC)F,YML047C,0.2020167112350464
tA(AGC)F,YDR312W,0.2020167112350464
tA(AGC)F,YFL037W,0.2020167112350464
tA(AGC)F,YDL038C,0.2020167112350464
tA(AGC)F,YDL039C,0.2020167112350464
tA(AGC)F,YCL027W,0.2020167112350464
tA(AGC)F,YML124C,0.2020167112350464
tA(AGC)F,YGL053W,0.2020167112350464
tA(AGC)F,YMR232W,0.2020167112350464
tA(AGC)F,YNL298W,0.2020167112350464
tA(AGC)F,YGL099W,0.2020167112350464
tA(AGC)F,YBL016W,0.2020167112350464
tA(AGC)F,YAL041W,0.2020167112350464
tA(AGC)F,YDR085C,0.2020167112350464
tA(AGC)F,YPL187W,0.2020167112350464
tA(AGC)F,YPL256C,0.2020167112350464
tA(AGC)F,YDR461W,0.2020167112350464
tA(AGC)F,YNL145W,0.2020167112350464
YAL034W-A,YDL165W,8.230500725403544e-08
YAL034W-A,YGR059W,5.580162443230563e-10
YAL034W-A,YBR109C,7.815276035216812e-07
YAL034W-A,YJL080C,7.765554014714168e-15
YAL034W-A,YCR093W,7.607904706219415e-08
YAL034W-A,YIL122W,0.25182294845581055
YAL034W-A,YCL029C,1.249182787432801e-05
YAL034W-A,YNL173C,1.3655404064449872e-11
YAL034W-A,YLR452C,2.1041366426999275e-09
YAL034W-A,YDL160C,1.4365075351463474e-08
YAL034W-A,YLR229C,2.1136767336393802e-10
YAL034W-A,YML057W,2.642748768266756e-05
YAL034W-A,YER149C,1.9876314483191493e-10
YAL034W-A,YMR305C,0.003393706399947405
YAL034W-A,YLR433C,2.3986583830293284e-09
YAL034W-A,YJL073W,2.0302239533975808e-07
YAL034W-A,YGR279C,8.500673942535286e-09
YAL034W-A,YKL190W,4.023867461455666e-09
YAL034W-A,YGL089C,1.2112291187804658e-06
YAL034W-A,YJL019W,2.68566236627521e-06
YAL034W-A,YJL018W,8.869720477377996e-05
YAL034W-A,YNR032C-A,0.020550796762108803
YAL034W-A,YGL178W,0.018124038353562355
YAL034W-A,YKL116C,6.000393515392943e-10
YAL034W-A,YDL214C,0.0040678963996469975
YAL034W-A,YLR362W,0.0003899470320902765
YAL034W-A,YER068W,0.00043046128121204674
YAL034W-A,YHR084W,5.374471925279067e-07
YAL034W-A,YDR392W,7.465914109161531e-07
YAL034W-A,YNL053W,4.844700015382841e-06
YAL034W-A,YGR040W,4.731624585474492e-07
YAL034W-A,YDL216C,0.01146834809333086
YAL034W-A,YOL117W,1.8643424482434057e-05
YAL034W-A,YJR086W,9.039821634360123e-06
YAL034W-A,YMR025W,1.7819305867305957e-05
YAL034W-A,YBR081C,1.4062461559660733e-05
YAL034W-A,YFL026W,8.088783943094313e-05
YAL034W-A,YHL007C,1.678728403931018e-05
YAL034W-A,YNR044W,2.5947841097995195e-10
YAL034W-A,YNL271C,2.2408435995657783e-07
YAL034W-A,YDR200C,1.1112108495581197e-06
YAL034W-A,YKL178C,7.05786584731527e-09
YAL034W-A,YOR212W,9.245434640092753e-09
YAL034W-A,YOL111C,0.0025374453980475664
YAL034W-A,YGL032C,0.0006384903099387884
YAL034W-A,YHR005C,1.1395914212286584e-09
YAL034W-A,YDR103W,5.484611847350607e-06
YAL034W-A,YJR084W,2.8452371125808895e-08
YAL034W-A,YCL032W,3.835387360595632e-06
YAL034W-A,YJL170C,0.0004834219580516219
YAL034W-A,YDR179C,3.6570309447370164e-08
YAL034W-A,YBR095C,2.48697944016385e-07
YAL034W-A,YLL021W,2.8137177650933154e-05
YAL034W-A,YDL159W,5.312222697284597e-07
YAL034W-A,YNL161W,7.347780774580315e-05
YAL034W-A,YNL188W,2.6420432508444947e-10
YAL034W-A,YJL157C,5.1908489695051685e-05
YAL034W-A,YJL034W,2.3178702013293417e-11
YAL034W-A,YLR238W,2.8577345805231354e-16
YAL034W-A,YPR141C,6.080539804997898e-08
YAL034W-A,YNL127W,0.0009392276406288147
YAL034W-A,YCL055W,1.4045842267051967e-10
YAL034W-A,YPR122W,0.15495173633098602
YAL034W-A,YMR065W,1.612183808674672e-07
YAL034W-A,YDR356W,3.2867188565433025e-05
YAL034W-A,YMR052W,5.181237838769448e-07
YAL034W-A,YFR008W,6.766351816622773e-07
YAL034W-A,YLL043W,0.007654435466974974
YAL034W-A,YMR029C,2.8643764693470075e-08
YAL034W-A,YJR004C,4.077354969922453e-05
YAL034W-A,YDL223C,1.4218428532331018e-06
YAL034W-A,YHR158C,1.6859738025232218e-05
YAL034W-A,YGR238C,2.5051494958461262e-05
YAL034W-A,YIL015W,4.53159003654946e-07
YAL034W-A,YGL173C,1.702705887396405e-08
YAL034W-A,YDL225W,2.0736395356379944e-07
YAL034W-A,YLR330W,0.0018442886648699641
YAL034W-A,YBR129C,8.149241637056548e-08
YAL034W-A,YKR095W-A,0.2020167112350464
YAL034W-A,YPR075C,6.345037490973482e-07
YAL034W-A,YMR198W,0.006097163073718548
YAL034W-A,YOR127W,0.0016768673667684197
YAL034W-A,YDR264C,1.091096483996079e-11
YAL034W-A,YLR110C,7.099646565089657e-11
YAL034W-A,YDR379W,1.6103195221717215e-08
YAL034W-A,YDL100C,1.038006214315601e-08
YAL034W-A,YHR073W,6.638633429599788e-15
YAL034W-A,YJR090C,3.960161532035045e-09
YAL034W-A,YOR208W,0.5054749250411987
YAL034W-A,YBR040W,0.00090928899589926
YAL034W-A,YNL279W,2.3104503554804978e-07
YAL034W-A,YER075C,0.002247193828225136
YAL034W-A,YCR089W,0.0007972604362294078
YAL034W-A,YCR002C,1.5182116612777463e-06
YAL034W-A,YJL108C,2.6674510081647895e-05
YAL034W-A,YBR200W,0.2608945071697235
YAL034W-A,YIL026C,6.480812530331692e-17
YAL034W-A,YJR076C,6.289219891186804e-05
YAL034W-A,YKR031C,6.909191142767668e-05
YAL034W-A,YPL192C,0.0003004673635587096
YAL034W-A,YHR107C,6.188141998819674e-09
YAL034W-A,YIL037C,0.011833962984383106
YAL034W-A,YPL156C,0.058598391711711884
YAL034W-A,YIL117C,5.1032071013423774e-08
YAL034W-A,YHR066W,1.9418779917401707e-09
YAL034W-A,YML085C,1.9301399589721768e-08
YAL034W-A,YML047C,4.233104533568621e-08
YAL034W-A,YDR312W,9.449925528315362e-06
YAL034W-A,YFL037W,0.10908447951078415
YAL034W-A,YDL038C,0.2020167112350464
YAL034W-A,YDL039C,2.1194698773818743e-10
YAL034W-A,YCL027W,0.0010231384076178074
YAL034W-A,YML124C,1.3716166868960045e-08
YAL034W-A,YGL053W,0.00011130812345072627
YAL034W-A,YMR232W,6.881649596834905e-07
YAL034W-A,YNL298W,9.965410754375625e-07
YAL034W-A,YGL099W,2.013743893858333e-10
YAL034W-A,YBL016W,7.669225396966795e-07
YAL034W-A,YAL041W,0.0009093635017052293
YAL034W-A,YDR085C,9.472157216805499e-06
YAL034W-A,YPL187W,1.4061672715115492e-08
YAL034W-A,YPL256C,5.122271250002086e-05
YAL034W-A,YDR461W,0.0010759178549051285
YAL034W-A,YNL145W,1.3016122011322295e-06
YDR404C,YDL165W,1.8853956134989858e-05
YDR404C,YGR059W,1.5316704349288557e-08
YDR404C,YBR109C,0.05459067225456238
YDR404C,YJL080C,6.246636985451914e-07
YDR404C,YCR093W,0.00897929072380066
YDR404C,YIL122W,2.143461642845068e-06
YDR404C,YCL029C,1.2370135298034324e-11
YDR404C,YNL173C,2.4597128778225397e-09
YDR404C,YLR452C,0.00016116071492433548
YDR404C,YDL160C,9.57812879179893e-17
YDR404C,YLR229C,5.302312615640403e-07
YDR404C,YML057W,3.2866516903595766e-06
YDR404C,YER149C,1.1492557860037778e-05
YDR404C,YMR305C,1.6758790383398668e-16
YDR404C,YLR433C,0.002472672611474991
YDR404C,YJL073W,9.76019802088543e-15
YDR404C,YGR279C,1.8051463102075616e-10
YDR404C,YKL190W,0.029806913807988167
YDR404C,YGL089C,0.9999996423721313
YDR404C,YJL019W,1.3697370349063931e-08
YDR404C,YJL018W,0.052351634949445724
YDR404C,YNR032C-A,0.015558868646621704
YDR404C,YGL178W,1.8475357910219259e-09
YDR404C,YKL116C,3.785149277346633e-11
YDR404C,YDL214C,8.124856321956031e-06
YDR404C,YLR362W,1.0596671977392003e-11
YDR404C,YER068W,2.722374626076829e-12
YDR404C,YHR084W,0.13457751274108887
YDR404C,YDR392W,6.769772653569817e-07
YDR404C,YNL053W,0.000335084245307371
YDR404C,YGR040W,9.854452400759328e-06
YDR404C,YDL216C,2.0812622096855193e-05
YDR404C,YOL117W,8.048136487895938e-17
YDR404C,YJR086W,0.45810699462890625
YDR404C,YMR025W,0.20636506378650665
YDR404C,YBR081C,5.4594797432860886e-11
YDR404C,YFL026W,2.1683104932890274e-05
YDR404C,YHL007C,0.03963451087474823
YDR404C,YNR044W,1.4950146578485146e-06
YDR404C,YNL271C,1.3423196871726099e-15
YDR404C,YDR200C,1.2065070385087421e-14
YDR404C,YKL178C,0.996637225151062
YDR404C,YOR212W,3.5170458545508154e-08
YDR404C,YOL111C,1.610962645020534e-14
YDR404C,YGL032C,0.09902609139680862
YDR404C,YHR005C,2.609796290187205e-08
YDR404C,YDR103W,0.3566493093967438
YDR404C,YJR084W,2.983017211022343e-08
YDR404C,YCL032W,2.5811575099510264e-12
YDR404C,YJL170C,1.9570856579775864e-07
YDR404C,YDR179C,1.0261733685013041e-08
YDR404C,YBR095C,1.0505664782556323e-08
YDR404C,YLL021W,2.0782644702399544e-11
YDR404C,YDL159W,1.3572601836918732e-14
YDR404C,YNL161W,2.7036664960178314e-06
YDR404C,YNL188W,3.874924914271105e-06
YDR404C,YJL157C,5.221087451268147e-12
YDR404C,YJL034W,4.590101085680254e-13
YDR404C,YLR238W,1.3345204941117572e-08
YDR404C,YPR141C,1.096871892514173e-05
YDR404C,YNL127W,4.289893329456618e-09
YDR404C,YCL055W,1.878664975321631e-12
YDR404C,YPR122W,0.01171040814369917
YDR404C,YMR065W,0.004176996182650328
YDR404C,YDR356W,1.33652644507265e-10
YDR404C,YMR052W,8.677433882553487e-09
YDR404C,YFR008W,3.791087465288001e-06
YDR404C,YLL043W,5.141126621310832e-06
YDR404C,YMR029C,4.983360213373089e-06
YDR404C,YJR004C,1.387819370535226e-08
YDR404C,YDL223C,4.712850660941459e-15
YDR404C,YHR158C,3.78877519635612e-11
YDR404C,YGR238C,1.666821481194347e-05
YDR404C,YIL015W,0.9078550338745117
YDR404C,YGL173C,8.441411409876309e-07
YDR404C,YDL225W,6.905193731654435e-05
YDR404C,YLR330W,3.1270698030994026e-08
YDR404C,YBR129C,0.0027321435045450926
YDR404C,YKR095W-A,0.2020167112350464
YDR404C,YPR075C,2.4366283469134942e-05
YDR404C,YMR198W,0.00034007366048172116
YDR404C,YOR127W,2.5236382739947903e-14
YDR404C,YDR264C,6.66004523666025e-14
YDR404C,YLR110C,4.1437647757547325e-10
YDR404C,YDR379W,1.7240236047655344e-05
YDR404C,YDL100C,0.14517295360565186
YDR404C,YHR073W,3.128700700472109e-05
YDR404C,YJR090C,1.619767658667115e-06
YDR404C,YOR208W,5.387408563706231e-08
YDR404C,YBR040W,0.011090402491390705
YDR404C,YNL279W,1.0
YDR404C,YER075C,6.025595820913221e-12
YDR404C,YCR089W,8.097404702311906e-07
YDR404C,YCR002C,0.016857989132404327
YDR404C,YJL108C,0.9849783182144165
YDR404C,YBR200W,7.598817950739412e-14
YDR404C,YIL026C,2.267988921667019e-11
YDR404C,YJR076C,9.750374010764062e-05
YDR404C,YKR031C,1.2899451201208584e-13
YDR404C,YPL192C,2.5176058215947705e-07
YDR404C,YHR107C,3.1286656598794593e-10
YDR404C,YIL037C,0.88545823097229
YDR404C,YPL156C,1.4511986591969617e-05
YDR404C,YIL117C,0.03779012709856033
YDR404C,YHR066W,2.6347485391348124e-12
YDR404C,YML085C,0.0717225968837738
YDR404C,YML047C,0.10027875006198883
YDR404C,YDR312W,8.584731198237047e-17
YDR404C,YFL037W,0.00029785564402118325
YDR404C,YDL038C,0.2020167112350464
YDR404C,YDL039C,2.0404069545065795e-09
YDR404C,YCL027W,0.014755791053175926
YDR404C,YML124C,2.18321679312794e-06
YDR404C,YGL053W,0.0004210100451018661
YDR404C,YMR232W,0.001254016300663352
YDR404C,YNL298W,0.0055266437120735645
YDR404C,YGL099W,1.4278882520812886e-09
YDR404C,YBL016W,2.5698192985146306e-05
YDR404C,YAL041W,0.004686533473432064
YDR404C,YDR085C,0.0003087810764554888
YDR404C,YPL187W,0.41814717650413513
YDR404C,YPL256C,9.314787656478085e-12
YDR404C,YDR461W,3.9471484342357144e-05
YDR404C,YNL145W,4.2355181903985795e-06
YBR156C,YDL165W,0.0005346352700144053
YBR156C,YGR059W,0.003185595152899623
YBR156C,YBR109C,6.050252210343388e-08
YBR156C,YJL080C,0.0007552742608822882
YBR156C,YCR093W,0.0004502486262936145
YBR156C,YIL122W,8.508025928222196e-08
YBR156C,YCL029C,2.0060737426774722e-07
YBR156C,YNL173C,4.406421794556081e-06
YBR156C,YLR452C,6.81103017541318e-07
YBR156C,YDL160C,1.4905360785633093e-06
YBR156C,YLR229C,0.0002641955215949565
YBR156C,YML057W,7.530468609795449e-11
YBR156C,YER149C,0.6895589828491211
YBR156C,YMR305C,6.7999912971572485e-06
YBR156C,YLR433C,2.8457387088565156e-05
YBR156C,YJL073W,4.632379813074294e-09
YBR156C,YGR279C,0.09134864807128906
YBR156C,YKL190W,3.5476691664371174e-06
YBR156C,YGL089C,0.39153870940208435
YBR156C,YJL019W,2.15543607851032e-07
YBR156C,YJL018W,0.0003100149624515325
YBR156C,YNR032C-A,0.05321044474840164
YBR156C,YGL178W,0.005298417992889881
YBR156C,YKL116C,5.07693354023786e-09
YBR156C,YDL214C,8.514052024111152e-05
YBR156C,YLR362W,2.4727554801939194e-14
YBR156C,YER068W,1.129322590998072e-08
YBR156C,YHR084W,1.1212260503726257e-13
YBR156C,YDR392W,1.0692541962953328e-07
YBR156C,YNL053W,1.6169389709830284e-05
YBR156C,YGR040W,5.032658179082716e-10
YBR156C,YDL216C,6.436408875742927e-05
YBR156C,YOL117W,1.012996222016227e-06
YBR156C,YJR086W,1.4411776216860517e-09
YBR156C,YMR025W,0.0010628444142639637
YBR156C,YBR081C,3.472128540238373e-08
YBR156C,YFL026W,4.1337716538691893e-07
YBR156C,YHL007C,2.209579186285282e-09
YBR156C,YNR044W,7.257097700552606e-10
YBR156C,YNL271C,3.09579618884559e-11
YBR156C,YDR200C,1.6972153389360756e-06
YBR156C,YKL178C,0.530665934085846
YBR156C,YOR212W,0.007692690473049879
YBR156C,YOL111C,8.667071824675077e-07
YBR156C,YGL032C,0.017551902681589127
YBR156C,YHR005C,0.21842607855796814
YBR156C,YDR103W,0.015488219447433949
YBR156C,YJR084W,0.009142192080616951
YBR156C,YCL032W,1.3031240975180935e-08
YBR156C,YJL170C,0.8954369425773621
YBR156C,YDR179C,2.0941541556407373e-10
YBR156C,YBR095C,1.1223420415262808e-07
YBR156C,YLL021W,7.459611879312433e-06
YBR156C,YDL159W,3.4749741972817105e-10
YBR156C,YNL161W,2.6888299089478096e-06
YBR156C,YNL188W,3.734084222384304e-12
YBR156C,YJL157C,4.021633515094436e-07
YBR156C,YJL034W,0.005952008534222841
YBR156C,YLR238W,5.46014916835702e-07
YBR156C,YPR141C,2.0459745415880512e-14
YBR156C,YNL127W,5.864855211257236e-06
YBR156C,YCL055W,3.634144434272457e-07
YBR156C,YPR122W,9.926382915637078e-08
YBR156C,YMR065W,0.9908739328384399
YBR156C,YDR356W,0.0015748911537230015
YBR156C,YMR052W,5.425250471091658e-09
YBR156C,YFR008W,0.002064398257061839
YBR156C,YLL043W,7.694141004321864e-07
YBR156C,YMR029C,0.08038656413555145
YBR156C,YJR004C,0.014102630317211151
YBR156C,YDL223C,6.819694548659827e-12
YBR156C,YHR158C,0.000406715931603685
YBR156C,YGR238C,2.51830442721257e-05
YBR156C,YIL015W,0.0001522975362604484
YBR156C,YGL173C,3.346099765622057e-05
YBR156C,YDL225W,0.0011183976894244552
YBR156C,YLR330W,9.600125849829055e-07
YBR156C,YBR129C,3.659666157358049e-13
YBR156C,YKR095W-A,0.2020167112350464
YBR156C,YPR075C,0.0003111347905360162
YBR156C,YMR198W,4.173146862740396e-06
YBR156C,YOR127W,1.447315045588482e-09
YBR156C,YDR264C,1.0585471500235144e-05
YBR156C,YLR110C,4.069484930369072e-05
YBR156C,YDR379W,0.0009018380078487098
YBR156C,YDL100C,0.03632516786456108
YBR156C,YHR073W,1.2784646060026716e-05
YBR156C,YJR090C,4.3073097089063594e-08
YBR156C,YOR208W,2.33665226057056e-10
YBR156C,YBR040W,7.221968871817808e-07
YBR156C,YNL279W,0.9538553953170776
YBR156C,YER075C,6.286924758569512e-08
YBR156C,YCR089W,1.2487499034818939e-08
YBR156C,YCR002C,0.00023278224398382008
YBR156C,YJL108C,4.2962125523793304e-10
YBR156C,YBR200W,0.00018735814956016839
YBR156C,YIL026C,1.7277395727433031e-06
YBR156C,YJR076C,1.3572264379035914e-06
YBR156C,YKR031C,2.2332089884002926e-06
YBR156C,YPL192C,3.122790985798929e-07
YBR156C,YHR107C,1.1427596291468944e-05
YBR156C,YIL037C,0.00021495575492735952
YBR156C,YPL156C,0.00012008379417238757
YBR156C,YIL117C,0.0003000394208356738
YBR156C,YHR066W,0.011721759103238583
YBR156C,YML085C,0.19515882432460785
YBR156C,YML047C,0.8282048106193542
YBR156C,YDR312W,2.943306185443362e-07
YBR156C,YFL037W,2.633641088323202e-05
YBR156C,YDL038C,0.2020167112350464
YBR156C,YDL039C,7.123705375690684e-16
YBR156C,YCL027W,2.1504476990230614e-06
YBR156C,YML124C,1.0963734364821676e-09
YBR156C,YGL053W,6.8143704083922785e-06
YBR156C,YMR232W,0.0008299026521854103
YBR156C,YNL298W,1.1473623118263276e-07
YBR156C,YGL099W,3.942894455377655e-09
YBR156C,YBL016W,1.1185922891704578e-17
YBR156C,YAL041W,3.084267154918052e-05
YBR156C,YDR085C,1.2663592485750996e-07
YBR156C,YPL187W,0.9999698400497437
YBR156C,YPL256C,4.927322994063843e-10
YBR156C,YDR461W,3.2272566841129446e-08
YBR156C,YNL145W,2.0022797286856076e-07
YJR127C,YDL165W,4.543478553387104e-06
YJR127C,YGR059W,8.344866464504719e-12
YJR127C,YBR109C,1.1111357167692404e-08
YJR127C,YJL080C,2.5919297971474e-14
YJR127C,YCR093W,3.5375977702756245e-09
YJR127C,YIL122W,0.0038900047075003386
YJR127C,YCL029C,3.831232216105112e-28
YJR127C,YNL173C,3.720496404447521e-13
YJR127C,YLR452C,2.306052192579955e-05
YJR127C,YDL160C,3.415359017822084e-08
YJR127C,YLR229C,1.1434335647209082e-06
YJR127C,YML057W,1.2686132144779094e-08
YJR127C,YER149C,4.3397973058745265e-05
YJR127C,YMR305C,1.867600475310982e-12
YJR127C,YLR433C,6.988864154067187e-09
YJR127C,YJL073W,3.9504892954990434e-13
YJR127C,YGR279C,6.279883564275224e-07
YJR127C,YKL190W,1.371338566968916e-05
YJR127C,YGL089C,0.002905186265707016
YJR127C,YJL019W,3.977251708420226e-06
YJR127C,YJL018W,0.01793820783495903
YJR127C,YNR032C-A,0.9980263113975525
YJR127C,YGL178W,0.0006105842185206711
YJR127C,YKL116C,6.244707528857418e-10
YJR127C,YDL214C,0.001369703677482903
YJR127C,YLR362W,5.63908919559708e-08
YJR127C,YER068W,3.3901251583756675e-08
YJR127C,YHR084W,1.8149274044783162e-17
YJR127C,YDR392W,1.9443472609737e-08
YJR127C,YNL053W,0.09088914841413498
YJR127C,YGR040W,0.48987677693367004
YJR127C,YDL216C,4.0163598669096245e-07
YJR127C,YOL117W,6.294108970905654e-06
YJR127C,YJR086W,0.015773119404911995
YJR127C,YMR025W,2.5139895498682563e-08
YJR127C,YBR081C,0.0007086765835992992
YJR127C,YFL026W,1.555945061681996e-08
YJR127C,YHL007C,1.1023494339568174e-09
YJR127C,YNR044W,3.650543476396706e-07
YJR127C,YNL271C,6.702644168399274e-05
YJR127C,YDR200C,0.2870499789714813
YJR127C,YKL178C,2.8322693523818998e-08
YJR127C,YOR212W,1.7802491925067443e-08
YJR127C,YOL111C,3.203260803275043e-07
YJR127C,YGL032C,5.354438004090412e-10
YJR127C,YHR005C,1.1115861298094387e-06
YJR127C,YDR103W,2.00854628928937e-06
YJR127C,YJR084W,3.796286307533592e-07
YJR127C,YCL032W,8.13670766319774e-08
YJR127C,YJL170C,4.2899830354770074e-09
YJR127C,YDR179C,1.4716385976498714e-07
YJR127C,YBR095C,0.0003160494670737535
YJR127C,YLL021W,2.250862790627978e-15
YJR127C,YDL159W,4.151081808476641e-14
YJR127C,YNL161W,0.7099770307540894
YJR127C,YNL188W,2.4587426223947534e-16
YJR127C,YJL157C,2.0616792100565037e-14
YJR127C,YJL034W,1.8917679922569874e-12
YJR127C,YLR238W,1.6109057469293475e-05
YJR127C,YPR141C,2.6976155684255154e-12
YJR127C,YNL127W,1.6538187992409803e-05
YJR127C,YCL055W,7.046519617803781e-11
YJR127C,YPR122W,2.617086829559412e-05
YJR127C,YMR065W,2.1354054524636013e-07
YJR127C,YDR356W,1.0903825398145273e-08
YJR127C,YMR052W,0.010717058554291725
YJR127C,YFR008W,0.9883049726486206
YJR127C,YLL043W,1.5681367585784756e-05
YJR127C,YMR029C,2.149157154462955e-07
YJR127C,YJR004C,1.5656320684342973e-08
YJR127C,YDL223C,9.297104043071158e-06
YJR127C,YHR158C,4.3112151659242554e-15
YJR127C,YGR238C,2.710177113840473e-06
YJR127C,YIL015W,1.307548245677026e-05
YJR127C,YGL173C,2.2749163974822295e-07
YJR127C,YDL225W,7.812955469220506e-13
YJR127C,YLR330W,8.356230707384782e-10
YJR127C,YBR129C,4.3495856516528875e-06
YJR127C,YKR095W-A,0.2020167112350464
YJR127C,YPR075C,1.0207152627117466e-05
YJR127C,YMR198W,0.0005439938977360725
YJR127C,YOR127W,1.6105889955042585e-09
YJR127C,YDR264C,1.5033041336209862e-06
YJR127C,YLR110C,4.885710759572337e-12
YJR127C,YDR379W,8.965591405285522e-06
YJR127C,YDL100C,0.00017965880397241563
YJR127C,YHR073W,1.3939760457049033e-09
YJR127C,YJR090C,0.0021541928872466087
YJR127C,YOR208W,1.5311861716327257e-06
YJR127C,YBR040W,7.935964276839513e-06
YJR127C,YNL279W,6.326669677036989e-08
YJR127C,YER075C,1.974872563116452e-15
YJR127C,YCR089W,7.423765509884106e-06
YJR127C,YCR002C,1.150491698354017e-05
YJR127C,YJL108C,0.0001438479230273515
YJR127C,YBR200W,1.8786463495956696e-09
YJR127C,YIL026C,5.389891311047279e-10
YJR127C,YJR076C,7.058838322887562e-12
YJR127C,YKR031C,0.9685705304145813
YJR127C,YPL192C,9.901196307282589e-08
YJR127C,YHR107C,9.803577527800275e-26
YJR127C,YIL037C,2.4833964289427968e-06
YJR127C,YPL156C,1.896984791471823e-09
YJR127C,YIL117C,1.088875656307664e-08
YJR127C,YHR066W,4.4111972409522585e-15
YJR127C,YML085C,3.674557547128643e-09
YJR127C,YML047C,0.00044652450014837086
YJR127C,YDR312W,7.048390869438328e-14
YJR127C,YFL037W,4.568853014290573e-19
YJR127C,YDL038C,0.2020167112350464
YJR127C,YDL039C,3.948171217044161e-12
YJR127C,YCL027W,1.3062582959744162e-10
YJR127C,YML124C,5.892038461752236e-05
YJR127C,YGL053W,1.4493108210444916e-05
YJR127C,YMR232W,8.288754543173127e-06
YJR127C,YNL298W,0.00322948070243001
YJR127C,YGL099W,1.891781086062863e-17
YJR127C,YBL016W,3.822034078115877e-10
YJR127C,YAL041W,1.6698011862104067e-08
YJR127C,YDR085C,1.149068253880614e-07
YJR127C,YPL187W,0.0006570206023752689
YJR127C,YPL256C,5.902145261416081e-08
YJR127C,YDR461W,0.00013009842950850725
YJR127C,YNL145W,0.0007892907597124577
YDR046C,YDL165W,1.5289143284746842e-09
YDR046C,YGR059W,4.826566923910036e-10
YDR046C,YBR109C,1.8289337333499134e-07
YDR046C,YJL080C,1.6900206901482306e-05
YDR046C,YCR093W,7.488237585562274e-09
YDR046C,YIL122W,4.110941063117934e-06
YDR046C,YCL029C,1.0033872968051583e-05
YDR046C,YNL173C,1.1395549217793621e-12
YDR046C,YLR452C,1.3586587351766442e-18
YDR046C,YDL160C,8.938896498000837e-12
YDR046C,YLR229C,1.8392869150472835e-13
YDR046C,YML057W,7.76129005085769e-15
YDR046C,YER149C,9.450527166388056e-12
YDR046C,YMR305C,2.2946483915649105e-19
YDR046C,YLR433C,1.4123130442911247e-10
YDR046C,YJL073W,2.7361490850807968e-08
YDR046C,YGR279C,2.2743046392014778e-15
YDR046C,YKL190W,1.4379163637556758e-08
YDR046C,YGL089C,2.151585235253854e-15
YDR046C,YJL019W,0.00013850716641172767
YDR046C,YJL018W,0.00011523483408382162
YDR046C,YNR032C-A,5.57726878014364e-07
YDR046C,YGL178W,3.7721466128459724e-07
YDR046C,YKL116C,1.5170205369674505e-11
YDR046C,YDL214C,6.189418490976095e-05
YDR046C,YLR362W,6.320409473570265e-12
YDR046C,YER068W,8.366748716071015e-08
YDR046C,YHR084W,6.3314849892443935e-16
YDR046C,YDR392W,3.5029460462263377e-16
YDR046C,YNL053W,2.465603055057386e-09
YDR046C,YGR040W,7.607906354678562e-06
YDR046C,YDL216C,0.541843593120575
YDR046C,YOL117W,1.9438117305980995e-05
YDR046C,YJR086W,1.000873695033988e-08
YDR046C,YMR025W,0.029237870126962662
YDR046C,YBR081C,2.0789098442719478e-08
YDR046C,YFL026W,6.484188728485274e-13
YDR046C,YHL007C,3.5825411259793327e-07
YDR046C,YNR044W,4.0321264664806844e-13
YDR046C,YNL271C,9.619861884857528e-08
YDR046C,YDR200C,4.5312974835017006e-13
YDR046C,YKL178C,2.457816844980698e-05
YDR046C,YOR212W,3.6324283424898907e-12
YDR046C,YOL111C,3.263770808748019e-17
YDR046C,YGL032C,2.122070852372815e-10
YDR046C,YHR005C,2.0010908485801338e-09
YDR046C,YDR103W,4.7526495450256334e-07
YDR046C,YJR084W,8.44204133682025e-12
YDR046C,YCL032W,0.0007777346181683242
YDR046C,YJL170C,7.403591628651895e-10
YDR046C,YDR179C,4.3678316519191185e-10
YDR046C,YBR095C,6.018652798367441e-10
YDR046C,YLL021W,5.9872277233807836e-06
YDR046C,YDL159W,0.004914725199341774
YDR046C,YNL161W,0.0005995835526846349
YDR046C,YNL188W,7.146975455896154e-09
YDR046C,YJL157C,1.4431402253767267e-11
YDR046C,YJL034W,6.3581553355618325e-09
YDR046C,YLR238W,2.3305530305606226e-07
YDR046C,YPR141C,6.991093215447108e-08
YDR046C,YNL127W,7.559242658317089e-05
YDR046C,YCL055W,4.954983160430394e-14
YDR046C,YPR122W,1.627055157271684e-09
YDR046C,YMR065W,0.0001177050726255402
YDR046C,YDR356W,7.939053858763145e-08
YDR046C,YMR052W,0.028915373608469963
YDR046C,YFR008W,9.718954174786631e-08
YDR046C,YLL043W,3.756149904998729e-12
YDR046C,YMR029C,0.0003672617021948099
YDR046C,YJR004C,8.664665429591878e-09
YDR046C,YDL223C,5.0866207079725e-11
YDR046C,YHR158C,1.0775197401002856e-10
YDR046C,YGR238C,9.035351460073837e-12
YDR046C,YIL015W,1.696322119229543e-13
YDR046C,YGL173C,8.593682189472762e-12
YDR046C,YDL225W,1.4746816506643057e-13
YDR046C,YLR330W,1.3108607255229998e-10
YDR046C,YBR129C,0.011732690967619419
YDR046C,YKR095W-A,0.2020167112350464
YDR046C,YPR075C,5.7230735706070845e-09
YDR046C,YMR198W,2.3773944618499243e-11
YDR046C,YOR127W,0.0015823721187189221
YDR046C,YDR264C,4.248440141352283e-12
YDR046C,YLR110C,1.9986356055082154e-19
YDR046C,YDR379W,9.21577675283558e-11
YDR046C,YDL100C,1.6489479920389627e-11
YDR046C,YHR073W,8.64831599756144e-06
YDR046C,YJR090C,3.860186552628875e-05
YDR046C,YOR208W,0.0001795254065655172
YDR046C,YBR040W,9.460666972049836e-11
YDR046C,YNL279W,1.6689085668986081e-06
YDR046C,YER075C,1.1474404759681534e-10
YDR046C,YCR089W,1.1035107272405753e-09
YDR046C,YCR002C,3.2052571707907873e-09
YDR046C,YJL108C,0.00046929626842029393
YDR046C,YBR200W,1.8702722703878294e-10
YDR046C,YIL026C,1.444280428586353e-06
YDR046C,YJR076C,1.5773251667400528e-15
YDR046C,YKR031C,0.0005243708728812635
YDR046C,YPL192C,0.0006097491132095456
YDR046C,YHR107C,2.2940332966570054e-10
YDR046C,YIL037C,4.426340893814995e-08
YDR046C,YPL156C,4.7937323415322245e-17
YDR046C,YIL117C,8.514555727145989e-11
YDR046C,YHR066W,5.743975777780609e-19
YDR046C,YML085C,2.285127469192627e-11
YDR046C,YML047C,0.9106714129447937
YDR046C,YDR312W,1.283815692643131e-10
YDR046C,YFL037W,1.2266073895441316e-19
YDR046C,YDL038C,0.2020167112350464
YDR046C,YDL039C,1.934702528518729e-16
YDR046C,YCL027W,4.902630523773155e-10
YDR046C,YML124C,5.617048167740057e-13
YDR046C,YGL053W,1.9915876947607103e-08
YDR046C,YMR232W,0.004073262680321932
YDR046C,YNL298W,1.4151814269058871e-11
YDR046C,YGL099W,1.742405442151096e-09
YDR046C,YBL016W,3.142840432346361e-10
YDR046C,YAL041W,1.58001112193773e-11
YDR046C,YDR085C,5.996703134059089e-12
YDR046C,YPL187W,2.0402566747179662e-07
YDR046C,YPL256C,3.3160770678865303e-14
YDR046C,YDR461W,1.5429790778398456e-07
YDR046C,YNL145W,3.6527278979292532e-09
YOR124C,YDL165W,0.17913460731506348
YOR124C,YGR059W,1.0257902260946139e-07
YOR124C,YBR109C,9.845001841313206e-06
YOR124C,YJL080C,0.9969611763954163
YOR124C,YCR093W,0.061073966324329376
YOR124C,YIL122W,0.5115438103675842
YOR124C,YCL029C,0.00010290773934684694
YOR124C,YNL173C,6.599579549515511e-09
YOR124C,YLR452C,0.45562437176704407
YOR124C,YDL160C,0.0011503733694553375
YOR124C,YLR229C,3.002663106599357e-05
YOR124C,YML057W,0.0015449293423444033
YOR124C,YER149C,0.989000141620636
YOR124C,YMR305C,8.033126164264104e-07
YOR124C,YLR433C,0.774728536605835
YOR124C,YJL073W,1.0335560879370931e-10
YOR124C,YGR279C,9.794247307581827e-05
YOR124C,YKL190W,0.003296002745628357
YOR124C,YGL089C,0.018236003816127777
YOR124C,YJL019W,3.1843126635067165e-05
YOR124C,YJL018W,0.2020167112350464
YOR124C,YNR032C-A,0.010572683066129684
YOR124C,YGL178W,0.014182709157466888
YOR124C,YKL116C,4.128344333054201e-09
YOR124C,YDL214C,0.9737363457679749
YOR124C,YLR362W,4.126457326947275e-07
YOR124C,YER068W,1.8451162819843603e-09
YOR124C,YHR084W,0.2343723475933075
YOR124C,YDR392W,0.13284079730510712
YOR124C,YNL053W,2.195897283452375e-11
YOR124C,YGR040W,7.1637762388832016e-09
YOR124C,YDL216C,3.733821813511895e-06
YOR124C,YOL117W,7.821448525646701e-05
YOR124C,YJR086W,0.0022981425281614065
YOR124C,YMR025W,0.9797231554985046
YOR124C,YBR081C,0.01661941222846508
YOR124C,YFL026W,7.68216068536276e-07
YOR124C,YHL007C,0.15957209467887878
YOR124C,YNR044W,2.851667773029476e-07
YOR124C,YNL271C,0.9986131191253662
YOR124C,YDR200C,0.048686400055885315
YOR124C,YKL178C,0.01949610933661461
YOR124C,YOR212W,2.9935168299743964e-07
YOR124C,YOL111C,2.9289184966252435e-10
YOR124C,YGL032C,3.2727029419810094e-10
YOR124C,YHR005C,0.07159032672643661
YOR124C,YDR103W,0.6180632710456848
YOR124C,YJR084W,0.1506047546863556
YOR124C,YCL032W,0.5793172717094421
YOR124C,YJL170C,1.6867392205188736e-10
YOR124C,YDR179C,0.3556619882583618
YOR124C,YBR095C,1.97332428797381e-05
YOR124C,YLL021W,1.4738995560037438e-05
YOR124C,YDL159W,2.1444147790816714e-08
YOR124C,YNL161W,0.5499751567840576
YOR124C,YNL188W,0.48664888739585876
YOR124C,YJL157C,1.9613474933066755e-07
YOR124C,YJL034W,2.4111691809824976e-11
YOR124C,YLR238W,0.0010181667748838663
YOR124C,YPR141C,0.8107119202613831
YOR124C,YNL127W,0.02921130135655403
YOR124C,YCL055W,1.5287120188971735e-14
YOR124C,YPR122W,0.11509904265403748
YOR124C,YMR065W,0.24015361070632935
YOR124C,YDR356W,1.394072000948654e-06
YOR124C,YMR052W,0.8352056741714478
YOR124C,YFR008W,0.10809065401554108
YOR124C,YLL043W,1.872285382287231e-10
YOR124C,YMR029C,0.002801333088427782
YOR124C,YJR004C,3.4127918269177826e-09
YOR124C,YDL223C,1.849426211134042e-12
YOR124C,YHR158C,0.04316030815243721
YOR124C,YGR238C,1.2127092929858918e-07
YOR124C,YIL015W,0.00010369706433266401
YOR124C,YGL173C,0.02829056791961193
YOR124C,YDL225W,0.005828637629747391
YOR124C,YLR330W,2.6702522859523015e-07
YOR124C,YBR129C,0.012546089477837086
YOR124C,YKR095W-A,0.2020167112350464
YOR124C,YPR075C,0.01144764106720686
YOR124C,YMR198W,8.789582466306456e-07
YOR124C,YOR127W,3.9134661733442044e-08
YOR124C,YDR264C,0.10903054475784302
YOR124C,YLR110C,1.7078655218938366e-05
YOR124C,YDR379W,0.008602089248597622
YOR124C,YDL100C,0.00033928611082956195
YOR124C,YHR073W,4.3500898755155504e-05
YOR124C,YJR090C,0.9151190519332886
YOR124C,YOR208W,7.043479081231263e-12
YOR124C,YBR040W,0.9709789752960205
YOR124C,YNL279W,3.566141822375357e-05
YOR124C,YER075C,0.0036393345799297094
YOR124C,YCR089W,0.0007869783439673483
YOR124C,YCR002C,5.930638508289121e-06
YOR124C,YJL108C,7.143563607314718e-07
YOR124C,YBR200W,6.5396092985281484e-09
YOR124C,YIL026C,0.9982261061668396
YOR124C,YJR076C,0.9975587129592896
YOR124C,YKR031C,0.47311973571777344
YOR124C,YPL192C,0.4352346360683441
YOR124C,YHR107C,0.008144006133079529
YOR124C,YIL037C,5.827016593684675e-07
YOR124C,YPL156C,0.020232906565070152
YOR124C,YIL117C,0.5565803050994873
YOR124C,YHR066W,7.858584893938314e-09
YOR124C,YML085C,0.004905913025140762
YOR124C,YML047C,0.06697525084018707
YOR124C,YDR312W,0.2884867787361145
YOR124C,YFL037W,0.012253164313733578
YOR124C,YDL038C,0.2020167112350464
YOR124C,YDL039C,5.1435981731629e-05
YOR124C,YCL027W,0.27684324979782104
YOR124C,YML124C,3.350665792822838e-05
YOR124C,YGL053W,0.9596002101898193
YOR124C,YMR232W,3.900235697074095e-06
YOR124C,YNL298W,1.5813462539426837e-08
YOR124C,YGL099W,1.0597395849742952e-08
YOR124C,YBL016W,9.3997606143148e-08
YOR124C,YAL041W,0.9613916873931885
YOR124C,YDR085C,0.9921064376831055
YOR124C,YPL187W,0.999704897403717
YOR124C,YPL256C,1.479995292985592e-10
YOR124C,YDR461W,3.4558811899077445e-16
YOR124C,YNL145W,1.6696420246375965e-08
YMR256C,YDL165W,3.7061203982128785e-16
YMR256C,YGR059W,1.779761573035034e-14
YMR256C,YBR109C,1.9119731839434273e-12
YMR256C,YJL080C,5.193709823365084e-25
YMR256C,YCR093W,1.7067985425001098e-07
YMR256C,YIL122W,5.1285187652183595e-08
YMR256C,YCL029C,1.6923623418450828e-14
YMR256C,YNL173C,5.854733744255908e-14
YMR256C,YLR452C,8.570545958045497e-21
YMR256C,YDL160C,1.3572247326010256e-07
YMR256C,YLR229C,1.6730072047721478e-06
YMR256C,YML057W,3.3583762283025936e-20
YMR256C,YER149C,5.304059275124118e-11
YMR256C,YMR305C,9.67638946747229e-09
YMR256C,YLR433C,4.0170391318872234e-11
YMR256C,YJL073W,3.4469694503905636e-15
YMR256C,YGR279C,1.094855906558223e-05
YMR256C,YKL190W,5.507137941782309e-19
YMR256C,YGL089C,0.3674238920211792
YMR256C,YJL019W,1.3809738075298839e-10
YMR256C,YJL018W,0.2020167112350464
YMR256C,YNR032C-A,1.4446452212268923e-07
YMR256C,YGL178W,8.936632968467757e-15
YMR256C,YKL116C,2.1979768005664369e-10
YMR256C,YDL214C,4.156543109701261e-09
YMR256C,YLR362W,7.536701297772286e-12
YMR256C,YER068W,1.733196444979497e-14
YMR256C,YHR084W,3.258322180954565e-07
YMR256C,YDR392W,9.073868739717383e-11
YMR256C,YNL053W,0.00023674877593293786
YMR256C,YGR040W,6.9615528619504374e-12
YMR256C,YDL216C,3.8473677705042064e-05
YMR256C,YOL117W,2.7231331856114593e-08
YMR256C,YJR086W,9.164036581443477e-14
YMR256C,YMR025W,0.006517171394079924
YMR256C,YBR081C,6.98891389205869e-10
YMR256C,YFL026W,5.5299393821624864e-18
YMR256C,YHL007C,1.0242017234318723e-09
YMR256C,YNR044W,4.4262542849698994e-13
YMR256C,YNL271C,9.267810992382927e-15
YMR256C,YDR200C,6.288732947723474e-06
YMR256C,YKL178C,1.6514092067154706e-06
YMR256C,YOR212W,8.993916959657618e-15
YMR256C,YOL111C,2.9079200203341316e-07
YMR256C,YGL032C,1.66444164007018e-10
YMR256C,YHR005C,2.0213263381031602e-16
YMR256C,YDR103W,1.4555578964348115e-11
YMR256C,YJR084W,1.0479851361711034e-11
YMR256C,YCL032W,2.186144321125738e-10
YMR256C,YJL170C,1.1803613231247529e-16
YMR256C,YDR179C,3.7999118518428077e-08
YMR256C,YBR095C,1.2300122307351558e-06
YMR256C,YLL021W,1.3367887526094524e-14
YMR256C,YDL159W,8.282020675184313e-21
YMR256C,YNL161W,1.7210038949500017e-11
YMR256C,YNL188W,2.6493648990150512e-14
YMR256C,YJL157C,1.617095580457684e-17
YMR256C,YJL034W,3.690375328310299e-24
YMR256C,YLR238W,2.335725501900754e-10
YMR256C,YPR141C,1.4366945606525405e-06
YMR256C,YNL127W,2.9576232574157757e-09
YMR256C,YCL055W,4.2612202655334386e-09
YMR256C,YPR122W,2.6867492675108906e-09
YMR256C,YMR065W,0.08110859990119934
YMR256C,YDR356W,2.1612397982373466e-10
YMR256C,YMR052W,0.10264663398265839
YMR256C,YFR008W,3.580345587605831e-15
YMR256C,YLL043W,6.9011094581961085e-12
YMR256C,YMR029C,1.4480692624780267e-16
YMR256C,YJR004C,4.823649257801321e-10
YMR256C,YDL223C,3.097842017464577e-17
YMR256C,YHR158C,2.2387970180525775e-15
YMR256C,YGR238C,3.842335304093947e-12
YMR256C,YIL015W,2.0972640291105904e-10
YMR256C,YGL173C,3.299458959087759e-14
YMR256C,YDL225W,1.7150324745822068e-16
YMR256C,YLR330W,5.28000799820353e-14
YMR256C,YBR129C,1.4806033748274823e-20
YMR256C,YKR095W-A,0.2020167112350464
YMR256C,YPR075C,1.5227720126520516e-11
YMR256C,YMR198W,1.5346304280683398e-05
YMR256C,YOR127W,2.4625265832679344e-15
YMR256C,YDR264C,4.135339870558509e-14
YMR256C,YLR110C,1.2921593679493526e-06
YMR256C,YDR379W,8.119466770040162e-07
YMR256C,YDL100C,6.872069704531826e-19
YMR256C,YHR073W,4.051470530591628e-12
YMR256C,YJR090C,2.7010353733203374e-05
YMR256C,YOR208W,1.6219003029505075e-08
YMR256C,YBR040W,1.8458184633529662e-11
YMR256C,YNL279W,5.475794750964269e-06
YMR256C,YER075C,4.754086013747383e-10
YMR256C,YCR089W,1.960774424769607e-12
YMR256C,YCR002C,1.6842949435158516e-06
YMR256C,YJL108C,2.4610620832921093e-11
YMR256C,YBR200W,1.3263085747894365e-05
YMR256C,YIL026C,1.7015041672744735e-16
YMR256C,YJR076C,6.355224380085136e-23
YMR256C,YKR031C,1.8069664292852394e-05
YMR256C,YPL192C,0.014002335257828236
YMR256C,YHR107C,7.2968331529324e-18
YMR256C,YIL037C,1.1587551362879367e-08
YMR256C,YPL156C,4.0553288727096515e-08
YMR256C,YIL117C,6.729663368787442e-07
YMR256C,YHR066W,7.09303338622832e-17
YMR256C,YML085C,7.320631323359805e-10
YMR256C,YML047C,5.6090375437634066e-05
YMR256C,YDR312W,7.451394168356273e-09
YMR256C,YFL037W,4.233632961889687e-14
YMR256C,YDL038C,0.2020167112350464
YMR256C,YDL039C,5.400774227837246e-08
YMR256C,YCL027W,1.6302763175893298e-13
YMR256C,YML124C,1.1655156395098106e-23
YMR256C,YGL053W,2.0441244945763057e-15
YMR256C,YMR232W,0.0001222514983965084
YMR256C,YNL298W,2.7129057680874702e-11
YMR256C,YGL099W,3.903796182882759e-16
YMR256C,YBL016W,3.97512448305215e-12
YMR256C,YAL041W,3.7851765227969736e-05
YMR256C,YDR085C,8.68928156017761e-15
YMR256C,YPL187W,8.847799715105964e-10
YMR256C,YPL256C,1.1416431824079628e-16
YMR256C,YDR461W,1.4869466768985262e-11
YMR256C,YNL145W,1.2177847739816648e-14
YNR013C,YDL165W,1.3381475483242866e-08
YNR013C,YGR059W,8.35467339754814e-09
YNR013C,YBR109C,2.281071111078642e-13
YNR013C,YJL080C,1.9838762455037795e-06
YNR013C,YCR093W,2.6693469408201054e-05
YNR013C,YIL122W,4.82710360572014e-09
YNR013C,YCL029C,4.695156803791178e-06
YNR013C,YNL173C,2.427638001734067e-08
YNR013C,YLR452C,0.0003165349771734327
YNR013C,YDL160C,1.3788006754111848e-06
YNR013C,YLR229C,0.06973797082901001
YNR013C,YML057W,5.653272554945188e-12
YNR013C,YER149C,3.0253956891795886e-12
YNR013C,YMR305C,0.00010175764327868819
YNR013C,YLR433C,1.4008614712679446e-08
YNR013C,YJL073W,4.694148958428457e-10
YNR013C,YGR279C,1.1959289167862153e-06
YNR013C,YKL190W,3.398979799840163e-07
YNR013C,YGL089C,0.9977359771728516
YNR013C,YJL019W,0.00021648190158884972
YNR013C,YJL018W,0.0007508629350923002
YNR013C,YNR032C-A,0.9999518394470215
YNR013C,YGL178W,0.09054039418697357
YNR013C,YKL116C,0.003250961424782872
YNR013C,YDL214C,0.8761299848556519
YNR013C,YLR362W,2.0566465536830947e-05
YNR013C,YER068W,2.0761179257533513e-05
YNR013C,YHR084W,1.7549040194353438e-06
YNR013C,YDR392W,2.390341364844062e-07
YNR013C,YNL053W,0.05706217512488365
YNR013C,YGR040W,1.2602739843714517e-05
YNR013C,YDL216C,2.7455326900849286e-08
YNR013C,YOL117W,9.48226913655148e-12
YNR013C,YJR086W,8.004553464502351e-09
YNR013C,YMR025W,0.8427887558937073
YNR013C,YBR081C,0.0004471851862035692
YNR013C,YFL026W,0.00040906842332333326
YNR013C,YHL007C,4.962450589340861e-12
YNR013C,YNR044W,5.661797430889237e-08
YNR013C,YNL271C,0.029219239950180054
YNR013C,YDR200C,5.499156360312674e-13
YNR013C,YKL178C,0.12523695826530457
YNR013C,YOR212W,4.720259014386052e-13
YNR013C,YOL111C,3.5128305171383545e-06
YNR013C,YGL032C,1.8826450121078864e-10
YNR013C,YHR005C,0.00030284663080237806
YNR013C,YDR103W,5.5274172154895496e-06
YNR013C,YJR084W,0.989504337310791
YNR013C,YCL032W,1.0877329592595686e-10
YNR013C,YJL170C,9.568062750986428e-07
YNR013C,YDR179C,2.466712771820312e-07
YNR013C,YBR095C,1.0532885674763293e-09
YNR013C,YLL021W,0.11864900588989258
YNR013C,YDL159W,3.6406668790789354e-09
YNR013C,YNL161W,2.631209099490661e-07
YNR013C,YNL188W,1.1400516086723655e-06
YNR013C,YJL157C,0.004493935965001583
YNR013C,YJL034W,3.79054765548871e-14
YNR013C,YLR238W,0.010605385527014732
YNR013C,YPR141C,2.2942511350265704e-05
YNR013C,YNL127W,0.8267581462860107
YNR013C,YCL055W,8.425954689528226e-08
YNR013C,YPR122W,0.022013690322637558
YNR013C,YMR065W,0.21011707186698914
YNR013C,YDR356W,0.03588162735104561
YNR013C,YMR052W,0.04475822672247887
YNR013C,YFR008W,7.685775199206546e-05
YNR013C,YLL043W,2.423089426883962e-06
YNR013C,YMR029C,0.000368543405784294
YNR013C,YJR004C,2.054296954767665e-09
YNR013C,YDL223C,1.779676961355392e-10
YNR013C,YHR158C,0.010820969007909298
YNR013C,YGR238C,6.311686850252185e-12
YNR013C,YIL015W,3.2646115869283676e-05
YNR013C,YGL173C,0.977599024772644
YNR013C,YDL225W,4.721686930331259e-11
YNR013C,YLR330W,1.7030655774519232e-09
YNR013C,YBR129C,0.36266380548477173
YNR013C,YKR095W-A,0.2020167112350464
YNR013C,YPR075C,1.0641120207210975e-09
YNR013C,YMR198W,1.2157593687334156e-07
YNR013C,YOR127W,5.345300024828248e-08
YNR013C,YDR264C,1.5788658856763504e-05
YNR013C,YLR110C,0.14914070069789886
YNR013C,YDR379W,0.0009260773076675832
YNR013C,YDL100C,2.227746414464461e-16
YNR013C,YHR073W,7.77597142587183e-06
YNR013C,YJR090C,0.35539230704307556
YNR013C,YOR208W,4.276611065279212e-08
YNR013C,YBR040W,9.823278190879137e-09
YNR013C,YNL279W,2.3201464500743896e-06
YNR013C,YER075C,0.4066171646118164
YNR013C,YCR089W,5.840981884830398e-07
YNR013C,YCR002C,0.00032423209631815553
YNR013C,YJL108C,0.007086033932864666
YNR013C,YBR200W,0.007530280388891697
YNR013C,YIL026C,0.99907386302948
YNR013C,YJR076C,1.199734267487429e-08
YNR013C,YKR031C,0.24927303194999695
YNR013C,YPL192C,3.426706030040805e-08
YNR013C,YHR107C,4.649336915463209e-05
YNR013C,YIL037C,1.6621384824055951e-10
YNR013C,YPL156C,1.114059955398261e-08
YNR013C,YIL117C,4.376376691594963e-11
YNR013C,YHR066W,1.335417366965519e-11
YNR013C,YML085C,0.0032567731104791164
YNR013C,YML047C,8.069746399996802e-05
YNR013C,YDR312W,7.285689207492396e-08
YNR013C,YFL037W,0.00024720741203054786
YNR013C,YDL038C,0.2020167112350464
YNR013C,YDL039C,0.0583157055079937
YNR013C,YCL027W,0.15447308123111725
YNR013C,YML124C,1.2197223482959818e-12
YNR013C,YGL053W,0.00013464668882079422
YNR013C,YMR232W,8.548681762476917e-07
YNR013C,YNL298W,4.6149390982463956e-05
YNR013C,YGL099W,4.598725913962376e-12
YNR013C,YBL016W,1.969397680958579e-13
YNR013C,YAL041W,0.0020965372677892447
YNR013C,YDR085C,0.042149145156145096
YNR013C,YPL187W,0.9600669741630554
YNR013C,YPL256C,1.274996497269143e-10
YNR013C,YDR461W,4.218272398048839e-09
YNR013C,YNL145W,7.003996493892828e-09
YAR031W,YDL165W,0.23851381242275238
YAR031W,YGR059W,1.80388909143403e-07
YAR031W,YBR109C,0.337926983833313
YAR031W,YJL080C,0.39942336082458496
YAR031W,YCR093W,1.4894014910282749e-08
YAR031W,YIL122W,0.03605707734823227
YAR031W,YCL029C,2.0538574972306378e-05
YAR031W,YNL173C,0.7480302453041077
YAR031W,YLR452C,0.012564617209136486
YAR031W,YDL160C,0.03794582188129425
YAR031W,YLR229C,0.1885191798210144
YAR031W,YML057W,2.8121893702603984e-09
YAR031W,YER149C,0.9882043600082397
YAR031W,YMR305C,0.6358146667480469
YAR031W,YLR433C,0.03773168474435806
YAR031W,YJL073W,0.011692788451910019
YAR031W,YGR279C,5.143722958678154e-08
YAR031W,YKL190W,0.8568918704986572
YAR031W,YGL089C,0.016927311196923256
YAR031W,YJL019W,0.4776804745197296
YAR031W,YJL018W,0.00015477709530387074
YAR031W,YNR032C-A,0.998604953289032
YAR031W,YGL178W,0.975036084651947
YAR031W,YKL116C,5.545089276637327e-09
YAR031W,YDL214C,0.9691529273986816
YAR031W,YLR362W,1.468092364120821e-06
YAR031W,YER068W,0.022092778235673904
YAR031W,YHR084W,6.909670446475502e-06
YAR031W,YDR392W,0.40905120968818665
YAR031W,YNL053W,0.2655166685581207
YAR031W,YGR040W,0.9960544109344482
YAR031W,YDL216C,0.035207703709602356
YAR031W,YOL117W,0.18058761954307556
YAR031W,YJR086W,5.463172580988385e-09
YAR031W,YMR025W,0.5658953189849854
YAR031W,YBR081C,0.9935855269432068
YAR031W,YFL026W,0.5794909000396729
YAR031W,YHL007C,0.5459171533584595
YAR031W,YNR044W,0.005678665358573198
YAR031W,YNL271C,0.22364477813243866
YAR031W,YDR200C,0.020023604854941368
YAR031W,YKL178C,0.13073624670505524
YAR031W,YOR212W,0.12380434572696686
YAR031W,YOL111C,0.00010216600639978424
YAR031W,YGL032C,6.569789157140349e-09
YAR031W,YHR005C,0.9806191921234131
YAR031W,YDR103W,0.0008875841740518808
YAR031W,YJR084W,0.002896800171583891
YAR031W,YCL032W,6.153904905659147e-07
YAR031W,YJL170C,2.0576177121256478e-05
YAR031W,YDR179C,7.885419108788483e-06
YAR031W,YBR095C,0.14231225848197937
YAR031W,YLL021W,0.9999982118606567
YAR031W,YDL159W,0.00011150955106131732
YAR031W,YNL161W,0.005683950148522854
YAR031W,YNL188W,0.7191113233566284
YAR031W,YJL157C,3.3098163498834765e-07
YAR031W,YJL034W,6.209609378343001e-14
YAR031W,YLR238W,3.845878381980583e-05
YAR031W,YPR141C,0.2556260824203491
YAR031W,YNL127W,0.00045781905646435916
YAR031W,YCL055W,0.9935024380683899
YAR031W,YPR122W,0.9990942478179932
YAR031W,YMR065W,0.9999793767929077
YAR031W,YDR356W,5.5056505516404286e-05
YAR031W,YMR052W,0.09147516638040543
YAR031W,YFR008W,1.3731742853906326e-08
YAR031W,YLL043W,0.9945544004440308
YAR031W,YMR029C,2.968998160213232e-05
YAR031W,YJR004C,0.02394917421042919
YAR031W,YDL223C,3.773283197006094e-08
YAR031W,YHR158C,0.0001037191177601926
YAR031W,YGR238C,0.000383024598704651
YAR031W,YIL015W,0.09111855924129486
YAR031W,YGL173C,0.0014750866685062647
YAR031W,YDL225W,0.0164717435836792
YAR031W,YLR330W,0.0022599848452955484
YAR031W,YBR129C,0.0006215029861778021
YAR031W,YKR095W-A,0.2020167112350464
YAR031W,YPR075C,2.9238958632049616e-07
YAR031W,YMR198W,0.1079384908080101
YAR031W,YOR127W,0.7557843923568726
YAR031W,YDR264C,6.45981781417504e-05
YAR031W,YLR110C,0.00018626730889081955
YAR031W,YDR379W,0.00028341173310764134
YAR031W,YDL100C,4.0282312596673364e-08
YAR031W,YHR073W,0.0839577317237854
YAR031W,YJR090C,2.6710016420850025e-09
YAR031W,YOR208W,0.0009368954342789948
YAR031W,YBR040W,0.9993072748184204
YAR031W,YNL279W,0.48660409450531006
YAR031W,YER075C,0.13883931934833527
YAR031W,YCR089W,0.903657853603363
YAR031W,YCR002C,0.00010808098159031942
YAR031W,YJL108C,0.016609642654657364
YAR031W,YBR200W,4.700950285041472e-06
YAR031W,YIL026C,0.003606088226661086
YAR031W,YJR076C,0.9984884262084961
YAR031W,YKR031C,0.07272650301456451
YAR031W,YPL192C,0.9999949932098389
YAR031W,YHR107C,0.114389568567276
YAR031W,YIL037C,0.15076738595962524
YAR031W,YPL156C,0.9834348559379578
YAR031W,YIL117C,0.9999985694885254
YAR031W,YHR066W,4.887031534658859e-13
YAR031W,YML085C,1.7165535837193602e-07
YAR031W,YML047C,0.9837483167648315
YAR031W,YDR312W,0.97234046459198
YAR031W,YFL037W,0.0718173012137413
YAR031W,YDL038C,0.2020167112350464
YAR031W,YDL039C,2.2022000108895545e-12
YAR031W,YCL027W,0.17886920273303986
YAR031W,YML124C,3.9634198145677146e-08
YAR031W,YGL053W,1.5201558900557188e-09
YAR031W,YMR232W,0.9991976618766785
YAR031W,YNL298W,0.9999679327011108
YAR031W,YGL099W,2.604950921636373e-09
YAR031W,YBL016W,5.0956241466337815e-06
YAR031W,YAL041W,5.5774824431864545e-05
YAR031W,YDR085C,0.8674696087837219
YAR031W,YPL187W,0.2320416122674942
YAR031W,YPL256C,0.9996805191040039
YAR031W,YDR461W,0.0006144613726064563
YAR031W,YNL145W,0.00018495132098905742
tH(GUG)E1,YDL165W,0.002512464765459299
tH(GUG)E1,YGR059W,1.591011340451587e-07
tH(GUG)E1,YBR109C,3.62608076898141e-08
tH(GUG)E1,YJL080C,5.1317119869054295e-06
tH(GUG)E1,YCR093W,0.06760526448488235
tH(GUG)E1,YIL122W,0.00029526688740588725
tH(GUG)E1,YCL029C,0.09117605537176132
tH(GUG)E1,YNL173C,4.4968953716306714e-07
tH(GUG)E1,YLR452C,0.06429711729288101
tH(GUG)E1,YDL160C,0.0005874881171621382
tH(GUG)E1,YLR229C,1.4971320752010797e-06
tH(GUG)E1,YML057W,0.0002790632424876094
tH(GUG)E1,YER149C,0.00873654242604971
tH(GUG)E1,YMR305C,6.036759259586688e-06
tH(GUG)E1,YLR433C,0.11826840788125992
tH(GUG)E1,YJL073W,0.0016261766431853175
tH(GUG)E1,YGR279C,8.331526260008104e-06
tH(GUG)E1,YKL190W,1.1829979484900832e-07
tH(GUG)E1,YGL089C,1.4822104276390746e-05
tH(GUG)E1,YJL019W,0.002953334478661418
tH(GUG)E1,YJL018W,0.2020167112350464
tH(GUG)E1,YNR032C-A,0.000151167725562118
tH(GUG)E1,YGL178W,0.06981800496578217
tH(GUG)E1,YKL116C,0.00012940631131641567
tH(GUG)E1,YDL214C,0.019391968846321106
tH(GUG)E1,YLR362W,0.011352012865245342
tH(GUG)E1,YER068W,0.003136667888611555
tH(GUG)E1,YHR084W,2.2413264844090008e-07
tH(GUG)E1,YDR392W,0.00016246414452325553
tH(GUG)E1,YNL053W,1.7626209228183143e-05
tH(GUG)E1,YGR040W,0.03136368840932846
tH(GUG)E1,YDL216C,4.433291280747653e-07
tH(GUG)E1,YOL117W,3.4000229788944125e-05
tH(GUG)E1,YJR086W,0.0030569490045309067
tH(GUG)E1,YMR025W,0.00010272302461089566
tH(GUG)E1,YBR081C,3.956053114961833e-05
tH(GUG)E1,YFL026W,2.1148923678993015e-06
tH(GUG)E1,YHL007C,0.27685293555259705
tH(GUG)E1,YNR044W,0.6399564146995544
tH(GUG)E1,YNL271C,3.123337955912575e-05
tH(GUG)E1,YDR200C,4.858139072894119e-05
tH(GUG)E1,YKL178C,0.0016938209300860763
tH(GUG)E1,YOR212W,7.265244494192302e-05
tH(GUG)E1,YOL111C,0.003964046947658062
tH(GUG)E1,YGL032C,1.3527630926546408e-06
tH(GUG)E1,YHR005C,0.003206801600754261
tH(GUG)E1,YDR103W,0.0010386251378804445
tH(GUG)E1,YJR084W,0.9189916253089905
tH(GUG)E1,YCL032W,0.003270788351073861
tH(GUG)E1,YJL170C,0.0015305971028283238
tH(GUG)E1,YDR179C,0.007622151635587215
tH(GUG)E1,YBR095C,0.017177779227495193
tH(GUG)E1,YLL021W,0.000436134374467656
tH(GUG)E1,YDL159W,1.3433319736577687e-06
tH(GUG)E1,YNL161W,0.00010069777636090294
tH(GUG)E1,YNL188W,3.7697227526223287e-06
tH(GUG)E1,YJL157C,2.163930957976845e-06
tH(GUG)E1,YJL034W,7.700639059748937e-08
tH(GUG)E1,YLR238W,0.023344576358795166
tH(GUG)E1,YPR141C,3.0714070362591883e-06
tH(GUG)E1,YNL127W,0.0005610927473753691
tH(GUG)E1,YCL055W,0.6231371760368347
tH(GUG)E1,YPR122W,0.0007682754076085985
tH(GUG)E1,YMR065W,0.08518670499324799
tH(GUG)E1,YDR356W,1.693310150585603e-05
tH(GUG)E1,YMR052W,0.016322188079357147
tH(GUG)E1,YFR008W,0.08060139417648315
tH(GUG)E1,YLL043W,0.017937997356057167
tH(GUG)E1,YMR029C,1.0188840633418295e-06
tH(GUG)E1,YJR004C,0.015149014070630074
tH(GUG)E1,YDL223C,7.72838120610686e-07
tH(GUG)E1,YHR158C,0.011490587145090103
tH(GUG)E1,YGR238C,4.468219216846592e-08
tH(GUG)E1,YIL015W,0.0002998752461280674
tH(GUG)E1,YGL173C,0.04482698068022728
tH(GUG)E1,YDL225W,2.0335142835392617e-05
tH(GUG)E1,YLR330W,2.1982132238917984e-06
tH(GUG)E1,YBR129C,0.011705051176249981
tH(GUG)E1,YKR095W-A,0.2020167112350464
tH(GUG)E1,YPR075C,0.011052259244024754
tH(GUG)E1,YMR198W,0.01938893459737301
tH(GUG)E1,YOR127W,0.05738095939159393
tH(GUG)E1,YDR264C,0.00043010013177990913
tH(GUG)E1,YLR110C,3.920728431694442e-06
tH(GUG)E1,YDR379W,1.5268409697455354e-05
tH(GUG)E1,YDL100C,0.005647427402436733
tH(GUG)E1,YHR073W,0.001118171843700111
tH(GUG)E1,YJR090C,0.05591290816664696
tH(GUG)E1,YOR208W,9.373072771268198e-07
tH(GUG)E1,YBR040W,0.0075119780376553535
tH(GUG)E1,YNL279W,0.10089603066444397
tH(GUG)E1,YER075C,0.0015389521140605211
tH(GUG)E1,YCR089W,0.5306409597396851
tH(GUG)E1,YCR002C,0.0024813865311443806
tH(GUG)E1,YJL108C,0.025964314118027687
tH(GUG)E1,YBR200W,0.0001387673255521804
tH(GUG)E1,YIL026C,0.001867493032477796
tH(GUG)E1,YJR076C,1.1959427865804173e-05
tH(GUG)E1,YKR031C,0.00018089523655362427
tH(GUG)E1,YPL192C,0.0013834427809342742
tH(GUG)E1,YHR107C,0.008248434402048588
tH(GUG)E1,YIL037C,0.03402841091156006
tH(GUG)E1,YPL156C,0.01947670802474022
tH(GUG)E1,YIL117C,0.006368791684508324
tH(GUG)E1,YHR066W,0.00010944542736979201
tH(GUG)E1,YML085C,1.8430864656693302e-05
tH(GUG)E1,YML047C,5.792096544610104e-06
tH(GUG)E1,YDR312W,0.0349881686270237
tH(GUG)E1,YFL037W,3.3936107257659387e-09
tH(GUG)E1,YDL038C,0.2020167112350464
tH(GUG)E1,YDL039C,6.248526915442199e-05
tH(GUG)E1,YCL027W,0.6548621654510498
tH(GUG)E1,YML124C,3.152096542180516e-05
tH(GUG)E1,YGL053W,0.00028713399660773575
tH(GUG)E1,YMR232W,0.01977553963661194
tH(GUG)E1,YNL298W,0.6414434909820557
tH(GUG)E1,YGL099W,0.000844615395180881
tH(GUG)E1,YBL016W,0.00944281741976738
tH(GUG)E1,YAL041W,0.007269918918609619
tH(GUG)E1,YDR085C,1.2335401144980551e-08
tH(GUG)E1,YPL187W,0.0004786486679222435
tH(GUG)E1,YPL256C,4.4491866901807953e-07
tH(GUG)E1,YDR461W,5.080675080648689e-08
tH(GUG)E1,YNL145W,1.3564768153173645e-07
YKR038C,YDL165W,5.12509368277847e-09
YKR038C,YGR059W,0.05446586757898331
YKR038C,YBR109C,2.9174472615522973e-08
YKR038C,YJL080C,1.6443309505120851e-06
YKR038C,YCR093W,4.6587683755205944e-05
YKR038C,YIL122W,2.439475184357054e-11
YKR038C,YCL029C,5.6786369384553836e-08
YKR038C,YNL173C,4.963038122696162e-07
YKR038C,YLR452C,0.07620412856340408
YKR038C,YDL160C,0.0012803289573639631
YKR038C,YLR229C,8.418160390988305e-09
YKR038C,YML057W,3.30844898144278e-08
YKR038C,YER149C,0.341842383146286
YKR038C,YMR305C,2.4865033992682584e-05
YKR038C,YLR433C,5.853316451975843e-06
YKR038C,YJL073W,4.48557198329258e-11
YKR038C,YGR279C,5.2864056669932324e-06
YKR038C,YKL190W,1.5402913788875594e-07
YKR038C,YGL089C,1.273996197426186e-08
YKR038C,YJL019W,6.026710508422184e-08
YKR038C,YJL018W,0.0006861073197796941
YKR038C,YNR032C-A,0.9979037046432495
YKR038C,YGL178W,6.03046746653485e-13
YKR038C,YKL116C,2.3661185366563586e-07
YKR038C,YDL214C,0.008440230041742325
YKR038C,YLR362W,1.1771211916311586e-07
YKR038C,YER068W,3.4954634742234703e-09
YKR038C,YHR084W,9.904526905302191e-07
YKR038C,YDR392W,0.002556225983425975
YKR038C,YNL053W,6.596444109163713e-06
YKR038C,YGR040W,2.4596192815806717e-06
YKR038C,YDL216C,0.996436357498169
YKR038C,YOL117W,7.714501780442529e-12
YKR038C,YJR086W,1.1614944561699758e-08
YKR038C,YMR025W,8.961121238826308e-06
YKR038C,YBR081C,1.213372229358356e-07
YKR038C,YFL026W,0.0879664346575737
YKR038C,YHL007C,5.458651685330551e-06
YKR038C,YNR044W,0.017862511798739433
YKR038C,YNL271C,0.001362586161121726
YKR038C,YDR200C,1.3300771595226024e-10
YKR038C,YKL178C,0.0009690379956737161
YKR038C,YOR212W,0.1026478186249733
YKR038C,YOL111C,1.38257935373802e-13
YKR038C,YGL032C,0.0007555600604973733
YKR038C,YHR005C,3.7413112295325845e-05
YKR038C,YDR103W,0.21638639271259308
YKR038C,YJR084W,1.1178261956956703e-05
YKR038C,YCL032W,6.510392995551229e-05
YKR038C,YJL170C,5.578093623626046e-05
YKR038C,YDR179C,1.5623600003862007e-15
YKR038C,YBR095C,0.00357527076266706
YKR038C,YLL021W,7.523925926733455e-10
YKR038C,YDL159W,9.203123086201116e-16
YKR038C,YNL161W,3.939411726605613e-06
YKR038C,YNL188W,6.050047268724157e-11
YKR038C,YJL157C,0.1577337384223938
YKR038C,YJL034W,4.5390724512373026e-10
YKR038C,YLR238W,7.435508564412885e-07
YKR038C,YPR141C,1.5128528502827976e-05
YKR038C,YNL127W,1.8462862954038428e-06
YKR038C,YCL055W,8.487480158692051e-07
YKR038C,YPR122W,0.06598685681819916
YKR038C,YMR065W,0.9965550899505615
YKR038C,YDR356W,8.50977266964037e-06
YKR038C,YMR052W,0.008507203310728073
YKR038C,YFR008W,0.000578526349272579
YKR038C,YLL043W,6.6229963735509045e-09
YKR038C,YMR029C,1.5853597545856246e-08
YKR038C,YJR004C,1.2296189622063025e-09
YKR038C,YDL223C,9.652871384158157e-12
YKR038C,YHR158C,0.00600251741707325
YKR038C,YGR238C,2.069055864140079e-12
YKR038C,YIL015W,0.9826146960258484
YKR038C,YGL173C,0.008476361632347107
YKR038C,YDL225W,4.334869702776745e-12
YKR038C,YLR330W,8.226690260926262e-05
YKR038C,YBR129C,2.288576972375722e-08
YKR038C,YKR095W-A,0.2020167112350464
YKR038C,YPR075C,3.873882548077745e-08
YKR038C,YMR198W,1.3306579376148875e-06
YKR038C,YOR127W,1.4091607655059013e-12
YKR038C,YDR264C,1.5042211183244336e-12
YKR038C,YLR110C,3.1010995371616445e-07
YKR038C,YDR379W,4.664332919901426e-09
YKR038C,YDL100C,3.132950254780553e-08
YKR038C,YHR073W,3.457577973930981e-11
YKR038C,YJR090C,0.5904946327209473
YKR038C,YOR208W,2.67515419538622e-11
YKR038C,YBR040W,1.6023198767811664e-08
YKR038C,YNL279W,2.933469578358938e-10
YKR038C,YER075C,2.964882245964917e-12
YKR038C,YCR089W,0.1636442244052887
YKR038C,YCR002C,2.1109633152605056e-08
YKR038C,YJL108C,7.673676736885682e-05
YKR038C,YBR200W,1.755478540310662e-09
YKR038C,YIL026C,6.964920862273516e-10
YKR038C,YJR076C,3.9401828644258785e-07
YKR038C,YKR031C,0.014657331630587578
YKR038C,YPL192C,0.0003996811283286661
YKR038C,YHR107C,3.665557007231923e-12
YKR038C,YIL037C,1.2650090184251894e-06
YKR038C,YPL156C,0.7175438404083252
YKR038C,YIL117C,0.0009843300795182586
YKR038C,YHR066W,5.0116794801614503e-14
YKR038C,YML085C,0.00012536249414552003
YKR038C,YML047C,1.0742774031458069e-10
YKR038C,YDR312W,4.871173993684086e-13
YKR038C,YFL037W,0.0006204267265275121
YKR038C,YDL038C,0.2020167112350464
YKR038C,YDL039C,2.5099755607271845e-11
YKR038C,YCL027W,0.005921108182519674
YKR038C,YML124C,1.1892624485199121e-07
YKR038C,YGL053W,5.98067728674323e-08
YKR038C,YMR232W,2.8067122912034392e-05
YKR038C,YNL298W,5.728057203668868e-06
YKR038C,YGL099W,6.396479076660813e-14
YKR038C,YBL016W,0.001208718866109848
YKR038C,YAL041W,8.673568807626708e-11
YKR038C,YDR085C,0.9506842494010925
YKR038C,YPL187W,0.14973625540733337
YKR038C,YPL256C,8.17429620086213e-14
YKR038C,YDR461W,0.0009829637128859758
YKR038C,YNL145W,0.0038282189052551985
YIR041W,YDL165W,2.978711108880816e-07
YIR041W,YGR059W,3.3027248491634964e-07
YIR041W,YBR109C,2.6589364665596804e-07
YIR041W,YJL080C,7.879603612930171e-15
YIR041W,YCR093W,2.716265612434654e-07
YIR041W,YIL122W,0.000210917234653607
YIR041W,YCL029C,4.176232249559694e-14
YIR041W,YNL173C,0.8643553256988525
YIR041W,YLR452C,1.2871375929535134e-06
YIR041W,YDL160C,6.609963065784541e-08
YIR041W,YLR229C,9.655799597385606e-12
YIR041W,YML057W,1.891435061907032e-07
YIR041W,YER149C,1.1067563718825113e-05
YIR041W,YMR305C,2.802615473029846e-09
YIR041W,YLR433C,6.515160322351221e-08
YIR041W,YJL073W,7.814312752429942e-09
YIR041W,YGR279C,4.654635290535225e-07
YIR041W,YKL190W,1.904230523264161e-10
YIR041W,YGL089C,0.019833030179142952
YIR041W,YJL019W,0.009444627910852432
YIR041W,YJL018W,0.01992694102227688
YIR041W,YNR032C-A,0.22370845079421997
YIR041W,YGL178W,3.2195710941013145e-12
YIR041W,YKL116C,6.720300427254244e-10
YIR041W,YDL214C,0.006361357867717743
YIR041W,YLR362W,1.5672952713430277e-07
YIR041W,YER068W,0.011085319332778454
YIR041W,YHR084W,1.379563463466127e-09
YIR041W,YDR392W,4.0497431029810025e-18
YIR041W,YNL053W,0.00032111769542098045
YIR041W,YGR040W,6.680153319393867e-08
YIR041W,YDL216C,2.407550141469983e-07
YIR041W,YOL117W,9.7711989610616e-09
YIR041W,YJR086W,2.6514944693190046e-06
YIR041W,YMR025W,0.0006343972054310143
YIR041W,YBR081C,0.27584823966026306
YIR041W,YFL026W,3.6627525332733057e-06
YIR041W,YHL007C,2.5962752260966226e-05
YIR041W,YNR044W,1.4386180025027784e-09
YIR041W,YNL271C,0.00015832249482627958
YIR041W,YDR200C,9.641790529713035e-05
YIR041W,YKL178C,0.00451206648722291
YIR041W,YOR212W,8.728651135214704e-11
YIR041W,YOL111C,0.0043860748410224915
YIR041W,YGL032C,1.6975619798742514e-09
YIR041W,YHR005C,7.509298044494628e-11
YIR041W,YDR103W,0.01809660717844963
YIR041W,YJR084W,7.534998180958041e-10
YIR041W,YCL032W,0.023274578154087067
YIR041W,YJL170C,4.1339603962242677e-10
YIR041W,YDR179C,2.7339737584952672e-08
YIR041W,YBR095C,9.6009076514747e-05
YIR041W,YLL021W,6.501073984699346e-11
YIR041W,YDL159W,2.8024297549222865e-08
YIR041W,YNL161W,0.03441205248236656
YIR041W,YNL188W,1.1726771626499925e-17
YIR041W,YJL157C,4.262921179248869e-12
YIR041W,YJL034W,1.232126289885116e-09
YIR041W,YLR238W,0.00012402863649185747
YIR041W,YPR141C,2.1631251456710743e-07
YIR041W,YNL127W,4.0485551267011033e-07
YIR041W,YCL055W,2.593566750253018e-10
YIR041W,YPR122W,1.8642681709479803e-07
YIR041W,YMR065W,0.9996508359909058
YIR041W,YDR356W,4.7034216549945995e-05
YIR041W,YMR052W,2.781598232104443e-05
YIR041W,YFR008W,9.56012740971346e-07
YIR041W,YLL043W,0.0009547899244353175
YIR041W,YMR029C,3.740180734568277e-11
YIR041W,YJR004C,0.01927310787141323
YIR041W,YDL223C,1.051468023760549e-09
YIR041W,YHR158C,1.877230943136965e-06
YIR041W,YGR238C,3.354411470812835e-10
YIR041W,YIL015W,0.0008180364966392517
YIR041W,YGL173C,2.4804175380310767e-10
YIR041W,YDL225W,0.0001988901203731075
YIR041W,YLR330W,1.6916414935508328e-08
YIR041W,YBR129C,2.1875653999359201e-07
YIR041W,YKR095W-A,0.2020167112350464
YIR041W,YPR075C,6.162632359973941e-08
YIR041W,YMR198W,1.0242984416208856e-07
YIR041W,YOR127W,0.00594290578737855
YIR041W,YDR264C,4.802668627235107e-06
YIR041W,YLR110C,0.0005785244284197688
YIR041W,YDR379W,2.8638809453696012e-05
YIR041W,YDL100C,6.228791371576392e-10
YIR041W,YHR073W,0.4078707993030548
YIR041W,YJR090C,3.076288024317364e-08
YIR041W,YOR208W,3.0533590233972063e-07
YIR041W,YBR040W,0.0002677609445527196
YIR041W,YNL279W,0.00014171088696457446
YIR041W,YER075C,4.0269656892633066e-05
YIR041W,YCR089W,0.4724559187889099
YIR041W,YCR002C,0.6330252885818481
YIR041W,YJL108C,1.7594167047718656e-06
YIR041W,YBR200W,4.5214429422735236e-11
YIR041W,YIL026C,6.312367850647149e-10
YIR041W,YJR076C,7.762827408441808e-06
YIR041W,YKR031C,0.00799745786935091
YIR041W,YPL192C,3.4722893360594753e-06
YIR041W,YHR107C,1.202900223873371e-09
YIR041W,YIL037C,0.14614106714725494
YIR041W,YPL156C,0.0012019772548228502
YIR041W,YIL117C,2.239689145255852e-08
YIR041W,YHR066W,2.149569178254776e-13
YIR041W,YML085C,1.4074698351240755e-10
YIR041W,YML047C,0.7523545622825623
YIR041W,YDR312W,5.997661478573946e-09
YIR041W,YFL037W,0.00013638533710036427
YIR041W,YDL038C,0.2020167112350464
YIR041W,YDL039C,1.760632113191607e-13
YIR041W,YCL027W,1.2992678932732815e-07
YIR041W,YML124C,1.3398208757731123e-11
YIR041W,YGL053W,0.00023083992709871382
YIR041W,YMR232W,3.530317599143018e-06
YIR041W,YNL298W,0.0011976970126852393
YIR041W,YGL099W,1.530377387315429e-11
YIR041W,YBL016W,0.0037245883140712976
YIR041W,YAL041W,2.742212927842047e-07
YIR041W,YDR085C,3.6910498124598234e-07
YIR041W,YPL187W,1.2013348168693483e-05
YIR041W,YPL256C,5.329753650272712e-16
YIR041W,YDR461W,3.038837931290672e-11
YIR041W,YNL145W,1.198551018433136e-07
YBR244W,YDL165W,7.94832715200755e-08
YBR244W,YGR059W,1.0524782823040368e-07
YBR244W,YBR109C,1.4112140434008325e-06
YBR244W,YJL080C,0.9030634760856628
YBR244W,YCR093W,0.0007771397358737886
YBR244W,YIL122W,0.0009055979317054152
YBR244W,YCL029C,1.1995894277916364e-09
YBR244W,YNL173C,2.722855697356863e-06
YBR244W,YLR452C,0.0006850887439213693
YBR244W,YDL160C,1.4929458984624944e-06
YBR244W,YLR229C,0.01205864641815424
YBR244W,YML057W,1.8397379106249723e-11
YBR244W,YER149C,1.1078708263279058e-11
YBR244W,YMR305C,0.00010483838559594005
YBR244W,YLR433C,0.0002935241791419685
YBR244W,YJL073W,1.9279855489884312e-10
YBR244W,YGR279C,7.685025593673345e-07
YBR244W,YKL190W,0.7205926179885864
YBR244W,YGL089C,3.563890516034007e-08
YBR244W,YJL019W,0.00015021894068922848
YBR244W,YJL018W,0.0003174546000082046
YBR244W,YNR032C-A,0.00019162580429110676
YBR244W,YGL178W,0.9131565690040588
YBR244W,YKL116C,7.557048320450122e-10
YBR244W,YDL214C,0.00015809049364179373
YBR244W,YLR362W,5.1984338972951415e-15
YBR244W,YER068W,0.007023631129413843
YBR244W,YHR084W,1.9116406235752947e-09
YBR244W,YDR392W,3.1930727593248998e-12
YBR244W,YNL053W,5.6062668591039255e-05
YBR244W,YGR040W,1.6031602044150328e-12
YBR244W,YDL216C,3.917941318598572e-11
YBR244W,YOL117W,1.3162934919819236e-06
YBR244W,YJR086W,2.6967138637701282e-06
YBR244W,YMR025W,6.195175956236199e-05
YBR244W,YBR081C,4.331272066337988e-05
YBR244W,YFL026W,1.5966428463798366e-06
YBR244W,YHL007C,1.5528043149970472e-05
YBR244W,YNR044W,2.7747625377938512e-11
YBR244W,YNL271C,7.882974841777468e-07
YBR244W,YDR200C,3.5422028304310516e-05
YBR244W,YKL178C,5.329977881274317e-08
YBR244W,YOR212W,0.00038872906588949263
YBR244W,YOL111C,9.649365750874495e-10
YBR244W,YGL032C,0.3562054932117462
YBR244W,YHR005C,7.228932079675343e-13
YBR244W,YDR103W,2.8689944429061143e-06
YBR244W,YJR084W,1.9947126617125832e-08
YBR244W,YCL032W,1.8100283771804726e-10
YBR244W,YJL170C,7.108109912223881e-06
YBR244W,YDR179C,4.4252202596739565e-11
YBR244W,YBR095C,1.598687316990291e-19
YBR244W,YLL021W,6.0943842981942e-05
YBR244W,YDL159W,2.334753397559286e-11
YBR244W,YNL161W,0.0026302675250917673
YBR244W,YNL188W,6.103360306042305e-08
YBR244W,YJL157C,0.004553679376840591
YBR244W,YJL034W,2.0187492566492438e-08
YBR244W,YLR238W,0.9990052580833435
YBR244W,YPR141C,0.91639643907547
YBR244W,YNL127W,0.0077476296573877335
YBR244W,YCL055W,6.691158205285319e-08
YBR244W,YPR122W,0.0001989601005334407
YBR244W,YMR065W,4.769030965690035e-06
YBR244W,YDR356W,2.294237333444471e-07
YBR244W,YMR052W,3.587438906203934e-16
YBR244W,YFR008W,1.6749499991419725e-06
YBR244W,YLL043W,0.022233713418245316
YBR244W,YMR029C,8.823632935417436e-10
YBR244W,YJR004C,2.1014805173802387e-10
YBR244W,YDL223C,1.8489928165836907e-19
YBR244W,YHR158C,1.4722096238983795e-05
YBR244W,YGR238C,8.189422447471562e-13
YBR244W,YIL015W,1.3127433703630231e-05
YBR244W,YGL173C,2.0133876432737452e-07
YBR244W,YDL225W,0.30618467926979065
YBR244W,YLR330W,1.92567850554326e-09
YBR244W,YBR129C,8.93987117542511e-15
YBR244W,YKR095W-A,0.2020167112350464
YBR244W,YPR075C,2.075499494491595e-11
YBR244W,YMR198W,0.00030579089070670307
YBR244W,YOR127W,4.278875309626784e-10
YBR244W,YDR264C,1.2703690530080358e-11
YBR244W,YLR110C,0.006174701265990734
YBR244W,YDR379W,0.00027078777202405035
YBR244W,YDL100C,2.885230423999019e-05
YBR244W,YHR073W,7.466380985698962e-11
YBR244W,YJR090C,5.17194223448314e-07
YBR244W,YOR208W,2.4360891970331977e-08
YBR244W,YBR040W,0.0019183580297976732
YBR244W,YNL279W,2.1189705805974013e-12
YBR244W,YER075C,2.3388444958527543e-07
YBR244W,YCR089W,2.1222803028853043e-11
YBR244W,YCR002C,5.041093800173257e-07
YBR244W,YJL108C,1.5644321393892824e-08
YBR244W,YBR200W,2.4085919370087083e-10
YBR244W,YIL026C,4.644404652531797e-12
YBR244W,YJR076C,6.96203569532372e-05
YBR244W,YKR031C,0.00017798578483052552
YBR244W,YPL192C,0.0001666192547418177
YBR244W,YHR107C,3.1441699938072887e-11
YBR244W,YIL037C,1.266349499928765e-05
YBR244W,YPL156C,1.5116358685618447e-12
YBR244W,YIL117C,5.907916571321753e-14
YBR244W,YHR066W,4.5850779315514956e-06
YBR244W,YML085C,0.006710382178425789
YBR244W,YML047C,0.0008213486289605498
YBR244W,YDR312W,1.2075844324499485e-06
YBR244W,YFL037W,9.881356163532473e-06
YBR244W,YDL038C,0.2020167112350464
YBR244W,YDL039C,8.531674672296319e-11
YBR244W,YCL027W,1.1753129580682753e-09
YBR244W,YML124C,1.014761785711471e-08
YBR244W,YGL053W,2.029913598322608e-10
YBR244W,YMR232W,8.554002306482289e-06
YBR244W,YNL298W,1.0050410503836815e-10
YBR244W,YGL099W,7.132094737016814e-08
YBR244W,YBL016W,1.3531974748636627e-13
YBR244W,YAL041W,0.00012280800729058683
YBR244W,YDR085C,4.517240803636469e-09
YBR244W,YPL187W,2.6070367991682698e-14
YBR244W,YPL256C,0.00014141431893222034
YBR244W,YDR461W,9.238286793333828e-07
YBR244W,YNL145W,0.194037064909935
YNL117W,YDL165W,4.399841380120506e-09
YNL117W,YGR059W,4.059808045298041e-09
YNL117W,YBR109C,3.898424118242705e-12
YNL117W,YJL080C,2.4486324569886608e-17
YNL117W,YCR093W,0.008297945372760296
YNL117W,YIL122W,8.3051503452225e-09
YNL117W,YCL029C,2.3805502014084823e-09
YNL117W,YNL173C,4.2496964169913554e-08
YNL117W,YLR452C,1.1365202212638504e-16
YNL117W,YDL160C,0.0040246411226689816
YNL117W,YLR229C,4.4491738071528175e-10
YNL117W,YML057W,2.3267569815299538e-10
YNL117W,YER149C,4.768362487084232e-06
YNL117W,YMR305C,5.832011848276586e-13
YNL117W,YLR433C,1.3345085790206213e-05
YNL117W,YJL073W,8.255648942245841e-10
YNL117W,YGR279C,9.281967962250157e-14
YNL117W,YKL190W,0.0005231844261288643
YNL117W,YGL089C,0.010513638146221638
YNL117W,YJL019W,2.051693854809855e-06
YNL117W,YJL018W,0.00025855310377664864
YNL117W,YNR032C-A,0.0006272534956224263
YNL117W,YGL178W,0.024732152000069618
YNL117W,YKL116C,1.0140188244633919e-08
YNL117W,YDL214C,0.002448019105941057
YNL117W,YLR362W,3.6875199782571144e-08
YNL117W,YER068W,9.428130454125494e-08
YNL117W,YHR084W,1.4991848908130212e-13
YNL117W,YDR392W,5.73808889292593e-10
YNL117W,YNL053W,4.630566934338276e-07
YNL117W,YGR040W,0.2962489426136017
YNL117W,YDL216C,0.00048641604371368885
YNL117W,YOL117W,0.3071252405643463
YNL117W,YJR086W,0.0002845822600647807
YNL117W,YMR025W,7.814023774699308e-07
YNL117W,YBR081C,0.00101479422301054
YNL117W,YFL026W,5.5834464655901694e-12
YNL117W,YHL007C,1.979297934440183e-07
YNL117W,YNR044W,4.569202246784698e-06
YNL117W,YNL271C,1.9661476891030816e-09
YNL117W,YDR200C,1.547450168004616e-09
YNL117W,YKL178C,0.0006888239877298474
YNL117W,YOR212W,7.445224895803923e-21
YNL117W,YOL111C,1.4411433539862628e-06
YNL117W,YGL032C,1.408692469340167e-07
YNL117W,YHR005C,4.89683814330899e-13
YNL117W,YDR103W,0.00682001281529665
YNL117W,YJR084W,1.4262958591970687e-09
YNL117W,YCL032W,1.1558716323634144e-05
YNL117W,YJL170C,5.832004035255522e-07
YNL117W,YDR179C,2.869759985202336e-10
YNL117W,YBR095C,1.2214120825859709e-09
YNL117W,YLL021W,1.0025052619641595e-12
YNL117W,YDL159W,2.5001183415196415e-11
YNL117W,YNL161W,0.0063604447059333324
YNL117W,YNL188W,1.1980702012483291e-18
YNL117W,YJL157C,4.35104281392283e-18
YNL117W,YJL034W,5.756022005698469e-07
YNL117W,YLR238W,1.5538456864305772e-05
YNL117W,YPR141C,4.749268686654595e-12
YNL117W,YNL127W,8.86808084032964e-06
YNL117W,YCL055W,9.535397111903876e-07
YNL117W,YPR122W,1.253787296207065e-09
YNL117W,YMR065W,7.224600149895177e-14
YNL117W,YDR356W,3.051436215173453e-05
YNL117W,YMR052W,7.513143373216735e-06
YNL117W,YFR008W,1.4121340541350946e-08
YNL117W,YLL043W,7.09018408429074e-08
YNL117W,YMR029C,6.58554322185978e-10
YNL117W,YJR004C,6.469117124652257e-06
YNL117W,YDL223C,3.490105426884327e-10
YNL117W,YHR158C,1.253047943183816e-10
YNL117W,YGR238C,5.293435606290586e-05
YNL117W,YIL015W,8.444493021508848e-11
YNL117W,YGL173C,3.1350446079159155e-06
YNL117W,YDL225W,4.980401158150016e-08
YNL117W,YLR330W,2.928378026179068e-13
YNL117W,YBR129C,8.110478955103417e-11
YNL117W,YKR095W-A,0.2020167112350464
YNL117W,YPR075C,3.3801288434887056e-09
YNL117W,YMR198W,3.0570252995687497e-09
YNL117W,YOR127W,1.2173092666257351e-13
YNL117W,YDR264C,2.99426261562985e-09
YNL117W,YLR110C,5.186122820077799e-08
YNL117W,YDR379W,0.0015182796632871032
YNL117W,YDL100C,2.20639271386418e-15
YNL117W,YHR073W,3.2896305128815584e-06
YNL117W,YJR090C,3.880941679135219e-10
YNL117W,YOR208W,0.018555736169219017
YNL117W,YBR040W,1.6251026409008773e-06
YNL117W,YNL279W,8.155350315064425e-07
YNL117W,YER075C,0.0015695093898102641
YNL117W,YCR089W,1.8711203608745564e-07
YNL117W,YCR002C,3.4110219075955683e-06
YNL117W,YJL108C,4.885091220430127e-10
YNL117W,YBR200W,2.036812940531263e-10
YNL117W,YIL026C,2.6634253136315067e-10
YNL117W,YJR076C,1.8860108787210894e-12
YNL117W,YKR031C,0.0047120810486376286
YNL117W,YPL192C,4.2881567741126503e-10
YNL117W,YHR107C,6.261673775043164e-07
YNL117W,YIL037C,1.6364151633752044e-06
YNL117W,YPL156C,1.0268878213537391e-05
YNL117W,YIL117C,0.0008759858901612461
YNL117W,YHR066W,2.323950222798271e-13
YNL117W,YML085C,9.356712860021307e-14
YNL117W,YML047C,0.024988165125250816
YNL117W,YDR312W,5.4052127218540136e-09
YNL117W,YFL037W,1.4247979586945008e-16
YNL117W,YDL038C,0.2020167112350464
YNL117W,YDL039C,9.954295620748753e-15
YNL117W,YCL027W,2.906666907165345e-07
YNL117W,YML124C,5.282689058651915e-17
YNL117W,YGL053W,2.8269130325497827e-06
YNL117W,YMR232W,0.00033897263347171247
YNL117W,YNL298W,2.032017887287907e-09
YNL117W,YGL099W,3.387137681443164e-09
YNL117W,YBL016W,5.014224007027224e-05
YNL117W,YAL041W,2.795060709104291e-06
YNL117W,YDR085C,1.919018702354735e-14
YNL117W,YPL187W,2.628094790402269e-11
YNL117W,YPL256C,2.937148314629959e-21
YNL117W,YDR461W,3.9521655708085746e-05
YNL117W,YNL145W,1.1447700574723112e-16
YER180C-A,YDL165W,0.2020167112350464
YER180C-A,YGR059W,0.2020167112350464
YER180C-A,YBR109C,0.2020167112350464
YER180C-A,YJL080C,0.2020167112350464
YER180C-A,YCR093W,0.2020167112350464
YER180C-A,YIL122W,0.2020167112350464
YER180C-A,YCL029C,0.2020167112350464
YER180C-A,YNL173C,0.2020167112350464
YER180C-A,YLR452C,0.2020167112350464
YER180C-A,YDL160C,0.2020167112350464
YER180C-A,YLR229C,0.2020167112350464
YER180C-A,YML057W,0.2020167112350464
YER180C-A,YER149C,0.2020167112350464
YER180C-A,YMR305C,0.2020167112350464
YER180C-A,YLR433C,0.2020167112350464
YER180C-A,YJL073W,0.2020167112350464
YER180C-A,YGR279C,0.2020167112350464
YER180C-A,YKL190W,0.2020167112350464
YER180C-A,YGL089C,0.2020167112350464
YER180C-A,YJL019W,0.2020167112350464
YER180C-A,YJL018W,0.2020167112350464
YER180C-A,YNR032C-A,0.2020167112350464
YER180C-A,YGL178W,0.2020167112350464
YER180C-A,YKL116C,0.2020167112350464
YER180C-A,YDL214C,0.2020167112350464
YER180C-A,YLR362W,0.2020167112350464
YER180C-A,YER068W,0.2020167112350464
YER180C-A,YHR084W,0.2020167112350464
YER180C-A,YDR392W,0.2020167112350464
YER180C-A,YNL053W,0.2020167112350464
YER180C-A,YGR040W,0.2020167112350464
YER180C-A,YDL216C,0.2020167112350464
YER180C-A,YOL117W,0.2020167112350464
YER180C-A,YJR086W,0.2020167112350464
YER180C-A,YMR025W,0.2020167112350464
YER180C-A,YBR081C,0.2020167112350464
YER180C-A,YFL026W,0.2020167112350464
YER180C-A,YHL007C,0.2020167112350464
YER180C-A,YNR044W,0.2020167112350464
YER180C-A,YNL271C,0.2020167112350464
YER180C-A,YDR200C,0.2020167112350464
YER180C-A,YKL178C,0.2020167112350464
YER180C-A,YOR212W,0.2020167112350464
YER180C-A,YOL111C,0.2020167112350464
YER180C-A,YGL032C,0.2020167112350464
YER180C-A,YHR005C,0.2020167112350464
YER180C-A,YDR103W,0.2020167112350464
YER180C-A,YJR084W,0.2020167112350464
YER180C-A,YCL032W,0.2020167112350464
YER180C-A,YJL170C,0.2020167112350464
YER180C-A,YDR179C,0.2020167112350464
YER180C-A,YBR095C,0.2020167112350464
YER180C-A,YLL021W,0.2020167112350464
YER180C-A,YDL159W,0.2020167112350464
YER180C-A,YNL161W,0.2020167112350464
YER180C-A,YNL188W,0.2020167112350464
YER180C-A,YJL157C,0.2020167112350464
YER180C-A,YJL034W,0.2020167112350464
YER180C-A,YLR238W,0.2020167112350464
YER180C-A,YPR141C,0.2020167112350464
YER180C-A,YNL127W,0.2020167112350464
YER180C-A,YCL055W,0.2020167112350464
YER180C-A,YPR122W,0.2020167112350464
YER180C-A,YMR065W,0.2020167112350464
YER180C-A,YDR356W,0.2020167112350464
YER180C-A,YMR052W,0.2020167112350464
YER180C-A,YFR008W,0.2020167112350464
YER180C-A,YLL043W,0.2020167112350464
YER180C-A,YMR029C,0.2020167112350464
YER180C-A,YJR004C,0.2020167112350464
YER180C-A,YDL223C,0.2020167112350464
YER180C-A,YHR158C,0.2020167112350464
YER180C-A,YGR238C,0.2020167112350464
YER180C-A,YIL015W,0.2020167112350464
YER180C-A,YGL173C,0.2020167112350464
YER180C-A,YDL225W,0.2020167112350464
YER180C-A,YLR330W,0.2020167112350464
YER180C-A,YBR129C,0.2020167112350464
YER180C-A,YKR095W-A,0.2020167112350464
YER180C-A,YPR075C,0.2020167112350464
YER180C-A,YMR198W,0.2020167112350464
YER180C-A,YOR127W,0.2020167112350464
YER180C-A,YDR264C,0.2020167112350464
YER180C-A,YLR110C,0.2020167112350464
YER180C-A,YDR379W,0.2020167112350464
YER180C-A,YDL100C,0.2020167112350464
YER180C-A,YHR073W,0.2020167112350464
YER180C-A,YJR090C,0.2020167112350464
YER180C-A,YOR208W,0.2020167112350464
YER180C-A,YBR040W,0.2020167112350464
YER180C-A,YNL279W,0.2020167112350464
YER180C-A,YER075C,0.2020167112350464
YER180C-A,YCR089W,0.2020167112350464
YER180C-A,YCR002C,0.2020167112350464
YER180C-A,YJL108C,0.2020167112350464
YER180C-A,YBR200W,0.2020167112350464
YER180C-A,YIL026C,0.2020167112350464
YER180C-A,YJR076C,0.2020167112350464
YER180C-A,YKR031C,0.2020167112350464
YER180C-A,YPL192C,0.2020167112350464
YER180C-A,YHR107C,0.2020167112350464
YER180C-A,YIL037C,0.2020167112350464
YER180C-A,YPL156C,0.2020167112350464
YER180C-A,YIL117C,0.2020167112350464
YER180C-A,YHR066W,0.2020167112350464
YER180C-A,YML085C,0.2020167112350464
YER180C-A,YML047C,0.2020167112350464
YER180C-A,YDR312W,0.2020167112350464
YER180C-A,YFL037W,0.2020167112350464
YER180C-A,YDL038C,0.2020167112350464
YER180C-A,YDL039C,0.2020167112350464
YER180C-A,YCL027W,0.2020167112350464
YER180C-A,YML124C,0.2020167112350464
YER180C-A,YGL053W,0.2020167112350464
YER180C-A,YMR232W,0.2020167112350464
YER180C-A,YNL298W,0.2020167112350464
YER180C-A,YGL099W,0.2020167112350464
YER180C-A,YBL016W,0.2020167112350464
YER180C-A,YAL041W,0.2020167112350464
YER180C-A,YDR085C,0.2020167112350464
YER180C-A,YPL187W,0.2020167112350464
YER180C-A,YPL256C,0.2020167112350464
YER180C-A,YDR461W,0.2020167112350464
YER180C-A,YNL145W,0.2020167112350464
YNL107W,YDL165W,0.9473316073417664
YNL107W,YGR059W,0.00011725429067155346
YNL107W,YBR109C,0.0023973716888576746
YNL107W,YJL080C,5.177910134079866e-05
YNL107W,YCR093W,5.5019343562889844e-05
YNL107W,YIL122W,0.34491434693336487
YNL107W,YCL029C,5.584069873165731e-10
YNL107W,YNL173C,0.9343603849411011
YNL107W,YLR452C,3.595698672143044e-07
YNL107W,YDL160C,0.0001346576027572155
YNL107W,YLR229C,0.3937242329120636
YNL107W,YML057W,0.0008620382868684828
YNL107W,YER149C,0.00578952394425869
YNL107W,YMR305C,3.526437524214998e-07
YNL107W,YLR433C,1.8041154348225064e-08
YNL107W,YJL073W,1.9773857030946917e-12
YNL107W,YGR279C,0.00013072328874841332
YNL107W,YKL190W,3.5590073821367696e-05
YNL107W,YGL089C,7.679794293835585e-07
YNL107W,YJL019W,0.0411577932536602
YNL107W,YJL018W,0.0925525426864624
YNL107W,YNR032C-A,0.7703719139099121
YNL107W,YGL178W,1.2186967524030479e-06
YNL107W,YKL116C,3.459629624558147e-06
YNL107W,YDL214C,0.9850738048553467
YNL107W,YLR362W,4.139976226724684e-06
YNL107W,YER068W,1.5017321857158095e-06
YNL107W,YHR084W,1.0238575265386629e-10
YNL107W,YDR392W,3.9388936556861154e-10
YNL107W,YNL053W,0.00019693683134391904
YNL107W,YGR040W,4.5963508910062956e-07
YNL107W,YDL216C,0.1269260048866272
YNL107W,YOL117W,0.006112769711762667
YNL107W,YJR086W,4.118927421359331e-10
YNL107W,YMR025W,0.04851776733994484
YNL107W,YBR081C,9.562195191392675e-05
YNL107W,YFL026W,3.6694684240501374e-05
YNL107W,YHL007C,0.010727696120738983
YNL107W,YNR044W,3.765331362676205e-12
YNL107W,YNL271C,2.3988461634871783e-06
YNL107W,YDR200C,0.01595349796116352
YNL107W,YKL178C,8.414032890868839e-06
YNL107W,YOR212W,0.0022319050040096045
YNL107W,YOL111C,4.9143939785667445e-12
YNL107W,YGL032C,0.0004859011678490788
YNL107W,YHR005C,1.1673599864536754e-08
YNL107W,YDR103W,9.667104677646421e-06
YNL107W,YJR084W,4.016034154119552e-07
YNL107W,YCL032W,1.076242256203841e-06
YNL107W,YJL170C,0.0006990156252868474
YNL107W,YDR179C,1.1420522188533566e-13
YNL107W,YBR095C,4.4196826820552815e-06
YNL107W,YLL021W,1.8368513821087618e-08
YNL107W,YDL159W,1.4138366850602324e-06
YNL107W,YNL161W,6.780614967283327e-07
YNL107W,YNL188W,3.1692975183716027e-17
YNL107W,YJL157C,2.760461939033121e-07
YNL107W,YJL034W,2.2465625079348683e-05
YNL107W,YLR238W,2.227768192142321e-08
YNL107W,YPR141C,9.064013428705664e-10
YNL107W,YNL127W,0.03506012633442879
YNL107W,YCL055W,4.367267436578004e-09
YNL107W,YPR122W,3.033807445262937e-07
YNL107W,YMR065W,4.945730779581936e-06
YNL107W,YDR356W,6.345583096845075e-05
YNL107W,YMR052W,1.5867473166508717e-06
YNL107W,YFR008W,4.019360062557098e-07
YNL107W,YLL043W,3.82180473934568e-08
YNL107W,YMR029C,3.615297998749156e-07
YNL107W,YJR004C,3.816558180602669e-09
YNL107W,YDL223C,7.658040868108174e-13
YNL107W,YHR158C,5.5725751735735685e-05
YNL107W,YGR238C,5.999436780257383e-06
YNL107W,YIL015W,6.264493276830763e-05
YNL107W,YGL173C,0.16931980848312378
YNL107W,YDL225W,4.999228461755045e-11
YNL107W,YLR330W,0.0004986411659047008
YNL107W,YBR129C,6.282295089476975e-06
YNL107W,YKR095W-A,0.2020167112350464
YNL107W,YPR075C,5.591402341131868e-10
YNL107W,YMR198W,7.885215040914773e-07
YNL107W,YOR127W,2.5329276454044702e-09
YNL107W,YDR264C,1.2333147481058404e-07
YNL107W,YLR110C,0.005402939859777689
YNL107W,YDR379W,0.9742946624755859
YNL107W,YDL100C,6.855688843643293e-05
YNL107W,YHR073W,1.061507999555733e-11
YNL107W,YJR090C,0.0018870733911171556
YNL107W,YOR208W,0.002752783941105008
YNL107W,YBR040W,0.05056258663535118
YNL107W,YNL279W,2.697028378406685e-09
YNL107W,YER075C,1.0890152495057759e-11
YNL107W,YCR089W,5.090497506898828e-05
YNL107W,YCR002C,5.245701206746389e-09
YNL107W,YJL108C,0.00024730738368816674
YNL107W,YBR200W,1.4967614647698468e-10
YNL107W,YIL026C,2.4278520166509665e-11
YNL107W,YJR076C,1.1516129716504508e-10
YNL107W,YKR031C,0.3299467861652374
YNL107W,YPL192C,0.0012851855717599392
YNL107W,YHR107C,2.1252517523606684e-09
YNL107W,YIL037C,0.0008652476826682687
YNL107W,YPL156C,6.476908787078628e-09
YNL107W,YIL117C,0.9827526807785034
YNL107W,YHR066W,4.44681054131979e-12
YNL107W,YML085C,0.015002883039414883
YNL107W,YML047C,0.0001250982313649729
YNL107W,YDR312W,8.41315122670494e-05
YNL107W,YFL037W,0.10544811189174652
YNL107W,YDL038C,0.2020167112350464
YNL107W,YDL039C,6.514205779240001e-06
YNL107W,YCL027W,0.9824331998825073
YNL107W,YML124C,8.713152421790937e-10
YNL107W,YGL053W,0.4730943441390991
YNL107W,YMR232W,8.899696979369764e-09
YNL107W,YNL298W,1.7553010156490245e-09
YNL107W,YGL099W,3.208776994112483e-11
YNL107W,YBL016W,6.445922053899267e-07
YNL107W,YAL041W,0.017030129209160805
YNL107W,YDR085C,4.5638738811248913e-05
YNL107W,YPL187W,0.0007096362533047795
YNL107W,YPL256C,1.0494342482687824e-13
YNL107W,YDR461W,1.2349388852294588e-15
YNL107W,YNL145W,5.628746748698177e-07
YLR084C,YDL165W,1.330761705276018e-07
YLR084C,YGR059W,1.0338055744796293e-08
YLR084C,YBR109C,1.8182150229861804e-10
YLR084C,YJL080C,3.029921344932518e-07
YLR084C,YCR093W,0.014799507334828377
YLR084C,YIL122W,0.0004921532818116248
YLR084C,YCL029C,4.846826300308749e-07
YLR084C,YNL173C,5.926726123761661e-12
YLR084C,YLR452C,0.9703439474105835
YLR084C,YDL160C,5.198167855269276e-06
YLR084C,YLR229C,1.72185136761982e-05
YLR084C,YML057W,6.016994493771979e-19
YLR084C,YER149C,1.6130004496517358e-06
YLR084C,YMR305C,0.013077798299491405
YLR084C,YLR433C,0.014198945835232735
YLR084C,YJL073W,7.307884075657967e-09
YLR084C,YGR279C,7.097409593370685e-08
YLR084C,YKL190W,1.2285271466794256e-08
YLR084C,YGL089C,0.00020287085499148816
YLR084C,YJL019W,1.7984810085636127e-08
YLR084C,YJL018W,0.09381495416164398
YLR084C,YNR032C-A,2.264434442622587e-06
YLR084C,YGL178W,0.9984525442123413
YLR084C,YKL116C,7.115415570115025e-14
YLR084C,YDL214C,0.16721080243587494
YLR084C,YLR362W,1.4407652315640007e-07
YLR084C,YER068W,9.86038710489276e-21
YLR084C,YHR084W,3.86454388490165e-07
YLR084C,YDR392W,1.8506630949932656e-10
YLR084C,YNL053W,6.63341666040651e-08
YLR084C,YGR040W,0.029566168785095215
YLR084C,YDL216C,0.021193280816078186
YLR084C,YOL117W,3.754194004279565e-12
YLR084C,YJR086W,1.5324834748753347e-05
YLR084C,YMR025W,0.00014526891754940152
YLR084C,YBR081C,2.4427556581940735e-06
YLR084C,YFL026W,8.958917874224426e-08
YLR084C,YHL007C,1.6723420230846386e-06
YLR084C,YNR044W,1.549363901176548e-06
YLR084C,YNL271C,0.0323970764875412
YLR084C,YDR200C,6.046312268134096e-14
YLR084C,YKL178C,2.8651445518335095e-06
YLR084C,YOR212W,5.998902069537237e-11
YLR084C,YOL111C,2.5065380001611237e-13
YLR084C,YGL032C,8.353612429345958e-06
YLR084C,YHR005C,3.5006701182282995e-07
YLR084C,YDR103W,7.660831968792081e-09
YLR084C,YJR084W,3.032296636007459e-10
YLR084C,YCL032W,2.0657010824098876e-11
YLR084C,YJL170C,1.246917662456326e-07
YLR084C,YDR179C,3.1687921620005e-08
YLR084C,YBR095C,2.2204019178850842e-10
YLR084C,YLL021W,8.87333408172708e-06
YLR084C,YDL159W,2.9044702198888217e-09
YLR084C,YNL161W,1.882151501320095e-08
YLR084C,YNL188W,1.3393718079068861e-10
YLR084C,YJL157C,2.1948396522475377e-07
YLR084C,YJL034W,8.339382645672796e-18
YLR084C,YLR238W,1.2337252996985626e-07
YLR084C,YPR141C,0.9926169514656067
YLR084C,YNL127W,1.5993128954505664e-06
YLR084C,YCL055W,8.37384050100809e-06
YLR084C,YPR122W,0.0001535190676804632
YLR084C,YMR065W,3.492064024612773e-07
YLR084C,YDR356W,0.27516329288482666
YLR084C,YMR052W,1.567275944580615e-06
YLR084C,YFR008W,5.155101234777248e-07
YLR084C,YLL043W,3.102616756223142e-05
YLR084C,YMR029C,2.6446713707883873e-09
YLR084C,YJR004C,3.599483156366977e-19
YLR084C,YDL223C,0.004244442097842693
YLR084C,YHR158C,3.915248569796859e-09
YLR084C,YGR238C,1.0073901435259103e-10
YLR084C,YIL015W,0.027926962822675705
YLR084C,YGL173C,1.2813378816645127e-05
YLR084C,YDL225W,9.485656010665977e-11
YLR084C,YLR330W,5.154655422932777e-15
YLR084C,YBR129C,1.9308714399812743e-05
YLR084C,YKR095W-A,0.2020167112350464
YLR084C,YPR075C,1.4495054796319903e-17
YLR084C,YMR198W,6.474388101196382e-06
YLR084C,YOR127W,9.63339824577858e-11
YLR084C,YDR264C,1.5594604292346048e-06
YLR084C,YLR110C,0.00020559728727675974
YLR084C,YDR379W,4.495994687658822e-08
YLR084C,YDL100C,1.8013992075793794e-08
YLR084C,YHR073W,1.0739874701376495e-12
YLR084C,YJR090C,3.1239631238944704e-16
YLR084C,YOR208W,1.5832021024037024e-12
YLR084C,YBR040W,0.8599010109901428
YLR084C,YNL279W,0.0007899694610387087
YLR084C,YER075C,7.473430230220401e-08
YLR084C,YCR089W,0.0008245501085184515
YLR084C,YCR002C,7.129129318134142e-12
YLR084C,YJL108C,1.375893583094312e-11
YLR084C,YBR200W,3.5538136322621483e-10
YLR084C,YIL026C,1.9356762828888485e-13
YLR084C,YJR076C,0.10947717726230621
YLR084C,YKR031C,4.046444525073823e-15
YLR084C,YPL192C,2.2839909433969297e-05
YLR084C,YHR107C,3.309656449346221e-06
YLR084C,YIL037C,0.9755558967590332
YLR084C,YPL156C,9.802390898983049e-09
YLR084C,YIL117C,1.0156796292903891e-08
YLR084C,YHR066W,1.6629386248370872e-16
YLR084C,YML085C,6.0322640820231754e-06
YLR084C,YML047C,0.02168489806354046
YLR084C,YDR312W,1.542033167822865e-11
YLR084C,YFL037W,0.0005339960916899145
YLR084C,YDL038C,0.2020167112350464
YLR084C,YDL039C,4.3441115849418566e-05
YLR084C,YCL027W,5.100696043314201e-08
YLR084C,YML124C,2.129679614881752e-06
YLR084C,YGL053W,4.776154128194321e-06
YLR084C,YMR232W,1.4326119526231196e-06
YLR084C,YNL298W,0.00013876508455723524
YLR084C,YGL099W,2.2476464794723115e-14
YLR084C,YBL016W,6.875582414522796e-08
YLR084C,YAL041W,1.046829012363304e-10
YLR084C,YDR085C,2.840666013526061e-08
YLR084C,YPL187W,0.07116768509149551
YLR084C,YPL256C,2.76430611734213e-09
YLR084C,YDR461W,9.990268154069781e-05
YLR084C,YNL145W,6.743026119693241e-07
YGR023W,YDL165W,2.211932496720692e-06
YGR023W,YGR059W,1.781183200932901e-08
YGR023W,YBR109C,7.725897012278438e-05
YGR023W,YJL080C,8.983975021692459e-07
YGR023W,YCR093W,0.0005194345721974969
YGR023W,YIL122W,0.004964854568243027
YGR023W,YCL029C,1.855528353189584e-08
YGR023W,YNL173C,0.0006429633358493447
YGR023W,YLR452C,0.09391605854034424
YGR023W,YDL160C,0.00013189864694140851
YGR023W,YLR229C,2.214167579950299e-06
YGR023W,YML057W,5.889073118048316e-10
YGR023W,YER149C,0.9636028409004211
YGR023W,YMR305C,0.0019989069551229477
YGR023W,YLR433C,2.44466991716763e-05
YGR023W,YJL073W,4.5282780997135674e-11
YGR023W,YGR279C,5.4627136705676094e-05
YGR023W,YKL190W,0.00031846039928495884
YGR023W,YGL089C,0.8714349269866943
YGR023W,YJL019W,1.6144829714903608e-05
YGR023W,YJL018W,0.000196152352145873
YGR023W,YNR032C-A,0.0002821211819536984
YGR023W,YGL178W,3.312205444672145e-05
YGR023W,YKL116C,1.033638383773905e-07
YGR023W,YDL214C,8.137472832459025e-06
YGR023W,YLR362W,0.020281393080949783
YGR023W,YER068W,1.110142620192045e-11
YGR023W,YHR084W,4.339867132330255e-08
YGR023W,YDR392W,0.0017377744661644101
YGR023W,YNL053W,0.05827624350786209
YGR023W,YGR040W,0.1995270550251007
YGR023W,YDL216C,0.12388593703508377
YGR023W,YOL117W,3.705512893054097e-12
YGR023W,YJR086W,0.012499065138399601
YGR023W,YMR025W,1.8820655895979144e-06
YGR023W,YBR081C,0.27967652678489685
YGR023W,YFL026W,4.335111783437817e-11
YGR023W,YHL007C,5.838804554514354e-06
YGR023W,YNR044W,0.5862417817115784
YGR023W,YNL271C,0.000809182005468756
YGR023W,YDR200C,0.7395185828208923
YGR023W,YKL178C,0.00024908239720389247
YGR023W,YOR212W,1.5623122489037992e-15
YGR023W,YOL111C,0.0004815076244994998
YGR023W,YGL032C,5.1613234575142997e-08
YGR023W,YHR005C,2.564121928116947e-07
YGR023W,YDR103W,2.0763200154760852e-05
YGR023W,YJR084W,0.3130273222923279
YGR023W,YCL032W,0.000594085140619427
YGR023W,YJL170C,3.453656290730578e-06
YGR023W,YDR179C,3.1367349606625794e-08
YGR023W,YBR095C,4.777721187565476e-06
YGR023W,YLL021W,0.0019608456641435623
YGR023W,YDL159W,2.852059921565342e-09
YGR023W,YNL161W,0.034732189029455185
YGR023W,YNL188W,3.4532149584265426e-06
YGR023W,YJL157C,0.17654314637184143
YGR023W,YJL034W,4.029656608395271e-10
YGR023W,YLR238W,0.041014786809682846
YGR023W,YPR141C,0.39281728863716125
YGR023W,YNL127W,0.001530595007352531
YGR023W,YCL055W,0.005751443095505238
YGR023W,YPR122W,1.0607572112353303e-11
YGR023W,YMR065W,0.6229333281517029
YGR023W,YDR356W,1.1812780940090306e-06
YGR023W,YMR052W,7.821762119419873e-05
YGR023W,YFR008W,2.6322859412175603e-06
YGR023W,YLL043W,0.016601379960775375
YGR023W,YMR029C,0.00013909228437114507
YGR023W,YJR004C,3.868949988827808e-06
YGR023W,YDL223C,5.897345545236021e-06
YGR023W,YHR158C,0.00036544122849591076
YGR023W,YGR238C,5.061919594595565e-08
YGR023W,YIL015W,4.987734428141266e-06
YGR023W,YGL173C,0.00012518951552920043
YGR023W,YDL225W,2.4729664005462837e-07
YGR023W,YLR330W,4.1002276702784e-05
YGR023W,YBR129C,4.403321145218797e-05
YGR023W,YKR095W-A,0.2020167112350464
YGR023W,YPR075C,6.8937788810785605e-09
YGR023W,YMR198W,0.9959486722946167
YGR023W,YOR127W,0.0011885031126439571
YGR023W,YDR264C,5.970169070224074e-08
YGR023W,YLR110C,7.716863024143095e-07
YGR023W,YDR379W,0.7506169080734253
YGR023W,YDL100C,3.415508942339329e-08
YGR023W,YHR073W,0.31214258074760437
YGR023W,YJR090C,0.14317631721496582
YGR023W,YOR208W,0.8194206953048706
YGR023W,YBR040W,0.10463297367095947
YGR023W,YNL279W,0.612436056137085
YGR023W,YER075C,0.9509543776512146
YGR023W,YCR089W,0.9979050159454346
YGR023W,YCR002C,6.557472806889564e-05
YGR023W,YJL108C,0.9999861717224121
YGR023W,YBR200W,1.9504892406985164e-05
YGR023W,YIL026C,0.08199930936098099
YGR023W,YJR076C,4.883247584075434e-07
YGR023W,YKR031C,0.006898602470755577
YGR023W,YPL192C,0.9948818683624268
YGR023W,YHR107C,0.000254459009738639
YGR023W,YIL037C,0.9840834736824036
YGR023W,YPL156C,0.9999257326126099
YGR023W,YIL117C,0.11956880986690521
YGR023W,YHR066W,3.0238023196460517e-09
YGR023W,YML085C,2.5271093662126987e-08
YGR023W,YML047C,7.520071812905371e-05
YGR023W,YDR312W,0.9911098480224609
YGR023W,YFL037W,6.07342881266959e-05
YGR023W,YDL038C,0.2020167112350464
YGR023W,YDL039C,1.2263467693597596e-13
YGR023W,YCL027W,0.010333364829421043
YGR023W,YML124C,5.140071923648293e-09
YGR023W,YGL053W,0.003384506795555353
YGR023W,YMR232W,6.170382960135612e-08
YGR023W,YNL298W,2.4754988316999516e-06
YGR023W,YGL099W,5.661377599608386e-06
YGR023W,YBL016W,0.00179416430182755
YGR023W,YAL041W,0.022754501551389694
YGR023W,YDR085C,1.0104186287662742e-07
YGR023W,YPL187W,0.0004583116096910089
YGR023W,YPL256C,0.008878989145159721
YGR023W,YDR461W,1.1847034464551598e-08
YGR023W,YNL145W,1.0207546807805556e-07
YBR193C,YDL165W,2.906021165927086e-07
YBR193C,YGR059W,1.8692006165110797e-08
YBR193C,YBR109C,0.0043875533156096935
YBR193C,YJL080C,0.0008715221774764359
YBR193C,YCR093W,9.200711859058686e-10
YBR193C,YIL122W,5.664843160529953e-12
YBR193C,YCL029C,3.0577002041454193e-10
YBR193C,YNL173C,0.09192655235528946
YBR193C,YLR452C,0.001320157665759325
YBR193C,YDL160C,7.761194573303876e-13
YBR193C,YLR229C,0.012861532159149647
YBR193C,YML057W,1.1951628575701534e-10
YBR193C,YER149C,0.014074184000492096
YBR193C,YMR305C,2.8495418291640817e-07
YBR193C,YLR433C,0.02490662969648838
YBR193C,YJL073W,1.5740021785948244e-10
YBR193C,YGR279C,2.7510427003107907e-07
YBR193C,YKL190W,0.05077912658452988
YBR193C,YGL089C,0.06867966800928116
YBR193C,YJL019W,0.0001973960897885263
YBR193C,YJL018W,0.004370651673525572
YBR193C,YNR032C-A,0.9780665636062622
YBR193C,YGL178W,0.182935893535614
YBR193C,YKL116C,2.5893914425978437e-05
YBR193C,YDL214C,0.565049946308136
YBR193C,YLR362W,0.00033121893648058176
YBR193C,YER068W,1.8020480638369918e-05
YBR193C,YHR084W,0.9703308343887329
YBR193C,YDR392W,6.701350940829798e-08
YBR193C,YNL053W,2.072669985864195e-06
YBR193C,YGR040W,1.0986850540462001e-08
YBR193C,YDL216C,7.521194220316829e-06
YBR193C,YOL117W,0.04234690964221954
YBR193C,YJR086W,4.496931069297716e-06
YBR193C,YMR025W,1.0284781382097208e-07
YBR193C,YBR081C,0.003407691838219762
YBR193C,YFL026W,0.639587938785553
YBR193C,YHL007C,2.6895216609368333e-10
YBR193C,YNR044W,0.7686941623687744
YBR193C,YNL271C,4.4978467172995806e-08
YBR193C,YDR200C,8.3820182794625e-08
YBR193C,YKL178C,0.04616215452551842
YBR193C,YOR212W,0.4754846692085266
YBR193C,YOL111C,7.638600436621346e-06
YBR193C,YGL032C,0.003348981263116002
YBR193C,YHR005C,0.00040200402145273983
YBR193C,YDR103W,1.8540570181357907e-06
YBR193C,YJR084W,0.25102174282073975
YBR193C,YCL032W,0.00521646486595273
YBR193C,YJL170C,5.2910724690491406e-08
YBR193C,YDR179C,1.6975815197994848e-09
YBR193C,YBR095C,0.0005732471472583711
YBR193C,YLL021W,0.0021766163408756256
YBR193C,YDL159W,6.892338569741696e-05
YBR193C,YNL161W,0.20722423493862152
YBR193C,YNL188W,6.834070518380031e-05
YBR193C,YJL157C,7.02904623395284e-10
YBR193C,YJL034W,1.8364677834004084e-10
YBR193C,YLR238W,0.0004679882258642465
YBR193C,YPR141C,9.732282757468624e-10
YBR193C,YNL127W,3.290769654995529e-06
YBR193C,YCL055W,4.013873876829166e-06
YBR193C,YPR122W,8.3869569067474e-09
YBR193C,YMR065W,5.49931712612306e-07
YBR193C,YDR356W,2.3596638532019654e-10
YBR193C,YMR052W,1.205431203743501e-07
YBR193C,YFR008W,0.0003168595430906862
YBR193C,YLL043W,0.08864786475896835
YBR193C,YMR029C,5.562087457278153e-10
YBR193C,YJR004C,0.0011830802541226149
YBR193C,YDL223C,5.141954417808847e-09
YBR193C,YHR158C,5.3739568350863465e-11
YBR193C,YGR238C,2.410257948781691e-08
YBR193C,YIL015W,0.002697617979720235
YBR193C,YGL173C,6.858122576780534e-12
YBR193C,YDL225W,3.0109611088846577e-06
YBR193C,YLR330W,0.004095098003745079
YBR193C,YBR129C,6.668053886826897e-10
YBR193C,YKR095W-A,0.2020167112350464
YBR193C,YPR075C,2.065984006094368e-08
YBR193C,YMR198W,7.211752745206468e-06
YBR193C,YOR127W,2.949363531179472e-10
YBR193C,YDR264C,3.5503326216712594e-06
YBR193C,YLR110C,1.2628292722638434e-07
YBR193C,YDR379W,3.88012404073379e-06
YBR193C,YDL100C,3.8552425073406886e-15
YBR193C,YHR073W,3.0368053103302373e-06
YBR193C,YJR090C,4.1150812141524384e-13
YBR193C,YOR208W,0.001578634837642312
YBR193C,YBR040W,1.921944203786552e-08
YBR193C,YNL279W,0.49115970730781555
YBR193C,YER075C,2.38442199318456e-09
YBR193C,YCR089W,1.34109354732459e-08
YBR193C,YCR002C,0.0018252460286021233
YBR193C,YJL108C,5.763191802543588e-05
YBR193C,YBR200W,1.690443059487734e-05
YBR193C,YIL026C,5.897365235041363e-11
YBR193C,YJR076C,1.1594868176700857e-08
YBR193C,YKR031C,4.249930498190224e-06
YBR193C,YPL192C,2.0886619722659816e-07
YBR193C,YHR107C,0.00043467525392770767
YBR193C,YIL037C,0.4742101728916168
YBR193C,YPL156C,3.9014967256889577e-08
YBR193C,YIL117C,0.9999810457229614
YBR193C,YHR066W,5.1341085212147555e-15
YBR193C,YML085C,1.0471954965396435e-06
YBR193C,YML047C,0.00012648856500163674
YBR193C,YDR312W,1.0223354107719018e-10
YBR193C,YFL037W,8.789983780843613e-07
YBR193C,YDL038C,0.2020167112350464
YBR193C,YDL039C,2.6259800134072545e-15
YBR193C,YCL027W,0.06648916006088257
YBR193C,YML124C,1.094528033718234e-05
YBR193C,YGL053W,1.774598104020697e-06
YBR193C,YMR232W,0.00794448982924223
YBR193C,YNL298W,7.299905701074749e-05
YBR193C,YGL099W,8.487417990643564e-10
YBR193C,YBL016W,1.3114551979109823e-11
YBR193C,YAL041W,0.01273254118859768
YBR193C,YDR085C,0.0024658413603901863
YBR193C,YPL187W,0.005118243396282196
YBR193C,YPL256C,8.013996648514876e-07
YBR193C,YDR461W,0.008332326076924801
YBR193C,YNL145W,8.751393579586875e-06
YGL171W,YDL165W,2.7691337436408503e-06
YGL171W,YGR059W,2.028502582920866e-12
YGL171W,YBR109C,0.4882954955101013
YGL171W,YJL080C,8.096894816844724e-07
YGL171W,YCR093W,2.078998659271747e-05
YGL171W,YIL122W,1.847894992579313e-07
YGL171W,YCL029C,1.4688197880197151e-10
YGL171W,YNL173C,0.04075820744037628
YGL171W,YLR452C,0.008640272542834282
YGL171W,YDL160C,3.5532218589651166e-06
YGL171W,YLR229C,1.3538904748694588e-15
YGL171W,YML057W,4.583474225161588e-11
YGL171W,YER149C,4.050372037767147e-09
YGL171W,YMR305C,1.3352334349292505e-08
YGL171W,YLR433C,1.6179999420273816e-06
YGL171W,YJL073W,2.170934005479852e-12
YGL171W,YGR279C,8.531666928490722e-09
YGL171W,YKL190W,1.8786373498502762e-11
YGL171W,YGL089C,1.3002015748497797e-06
YGL171W,YJL019W,0.000614022952504456
YGL171W,YJL018W,9.341963595943525e-05
YGL171W,YNR032C-A,0.00031130691058933735
YGL171W,YGL178W,1.103121949341812e-08
YGL171W,YKL116C,4.36120739522039e-09
YGL171W,YDL214C,5.893202342122095e-06
YGL171W,YLR362W,1.173994495368147e-11
YGL171W,YER068W,1.7056748198638998e-14
YGL171W,YHR084W,1.4035565243375459e-07
YGL171W,YDR392W,1.9572274911894283e-09
YGL171W,YNL053W,7.496673060813919e-05
YGL171W,YGR040W,1.9418202157339692e-07
YGL171W,YDL216C,0.13558164238929749
YGL171W,YOL117W,1.0467912749215687e-17
YGL171W,YJR086W,8.908719248412744e-12
YGL171W,YMR025W,4.0561314307296925e-09
YGL171W,YBR081C,7.381752311630407e-06
YGL171W,YFL026W,1.733645513013471e-05
YGL171W,YHL007C,4.0768454692870215e-14
YGL171W,YNR044W,2.4427333045196065e-08
YGL171W,YNL271C,1.2511642832890857e-09
YGL171W,YDR200C,2.490043587988211e-11
YGL171W,YKL178C,0.014024090953171253
YGL171W,YOR212W,7.262372605509881e-07
YGL171W,YOL111C,5.927381607762072e-08
YGL171W,YGL032C,9.337189226243936e-07
YGL171W,YHR005C,0.9904577732086182
YGL171W,YDR103W,1.3185111336078137e-10
YGL171W,YJR084W,5.962895955268725e-16
YGL171W,YCL032W,5.282882131751876e-09
YGL171W,YJL170C,1.5989749954314902e-05
YGL171W,YDR179C,0.002268606098368764
YGL171W,YBR095C,3.8272906976999366e-07
YGL171W,YLL021W,5.9140678132507674e-08
YGL171W,YDL159W,4.915045592746026e-10
YGL171W,YNL161W,3.0228184755287657e-07
YGL171W,YNL188W,6.618791736912044e-09
YGL171W,YJL157C,5.746950137996976e-10
YGL171W,YJL034W,1.0103703464159342e-11
YGL171W,YLR238W,1.1534481018316e-05
YGL171W,YPR141C,3.2223781545326347e-06
YGL171W,YNL127W,1.6131536995089846e-08
YGL171W,YCL055W,0.00033223634818568826
YGL171W,YPR122W,0.00017703339108265936
YGL171W,YMR065W,0.5476100444793701
YGL171W,YDR356W,0.015491708181798458
YGL171W,YMR052W,4.25036930096212e-08
YGL171W,YFR008W,5.243493106377173e-08
YGL171W,YLL043W,3.42067210112873e-08
YGL171W,YMR029C,1.7442205262341304e-06
YGL171W,YJR004C,2.7644163000384303e-13
YGL171W,YDL223C,5.437030373042469e-16
YGL171W,YHR158C,0.09660788625478745
YGL171W,YGR238C,5.292866297156029e-13
YGL171W,YIL015W,0.9126977920532227
YGL171W,YGL173C,8.318322130968829e-17
YGL171W,YDL225W,1.1702385588341357e-11
YGL171W,YLR330W,2.0048455915786537e-17
YGL171W,YBR129C,3.97595067624934e-05
YGL171W,YKR095W-A,0.2020167112350464
YGL171W,YPR075C,0.003463379107415676
YGL171W,YMR198W,1.647350984512741e-07
YGL171W,YOR127W,8.537844042866283e-11
YGL171W,YDR264C,0.00010607951844576746
YGL171W,YLR110C,0.9498163461685181
YGL171W,YDR379W,7.077003374433843e-07
YGL171W,YDL100C,9.429099009139463e-05
YGL171W,YHR073W,3.2376359926367115e-10
YGL171W,YJR090C,4.552521554179734e-13
YGL171W,YOR208W,0.0002429741871310398
YGL171W,YBR040W,0.7269792556762695
YGL171W,YNL279W,0.0006189773557707667
YGL171W,YER075C,0.047892648726701736
YGL171W,YCR089W,6.676297925878316e-05
YGL171W,YCR002C,6.319508429442067e-06
YGL171W,YJL108C,0.004272689111530781
YGL171W,YBR200W,2.5595278785317532e-08
YGL171W,YIL026C,1.0999414053192158e-11
YGL171W,YJR076C,1.1181028325424336e-11
YGL171W,YKR031C,1.1082919627369847e-05
YGL171W,YPL192C,3.3652350350799054e-10
YGL171W,YHR107C,3.0698808643056714e-16
YGL171W,YIL037C,9.483620999617415e-09
YGL171W,YPL156C,2.659833597817851e-08
YGL171W,YIL117C,0.009812007658183575
YGL171W,YHR066W,9.236972828540038e-28
YGL171W,YML085C,4.157688776595947e-11
YGL171W,YML047C,0.6798542737960815
YGL171W,YDR312W,3.3089048862011694e-11
YGL171W,YFL037W,9.688970112331496e-12
YGL171W,YDL038C,0.2020167112350464
YGL171W,YDL039C,4.1384493054685834e-10
YGL171W,YCL027W,0.005849148146808147
YGL171W,YML124C,4.201766712341737e-11
YGL171W,YGL053W,9.235237574678479e-11
YGL171W,YMR232W,0.0002199594455305487
YGL171W,YNL298W,0.0026987751480191946
YGL171W,YGL099W,8.458669534628456e-17
YGL171W,YBL016W,4.65926242032566e-10
YGL171W,YAL041W,8.430335873832462e-10
YGL171W,YDR085C,0.9961044788360596
YGL171W,YPL187W,0.00375633267685771
YGL171W,YPL256C,1.25967055322339e-15
YGL171W,YDR461W,3.544777318897907e-13
YGL171W,YNL145W,1.3331018722999386e-14
YLR167W,YDL165W,1.7065439339436494e-10
YLR167W,YGR059W,1.06324424820059e-08
YLR167W,YBR109C,3.488596121314913e-06
YLR167W,YJL080C,0.1798604428768158
YLR167W,YCR093W,1.3118085784302735e-10
YLR167W,YIL122W,0.9571239948272705
YLR167W,YCL029C,9.61412295396669e-15
YLR167W,YNL173C,0.004219076130539179
YLR167W,YLR452C,1.0435453987156507e-05
YLR167W,YDL160C,0.005579972639679909
YLR167W,YLR229C,6.705064836687313e-10
YLR167W,YML057W,4.557379372959609e-20
YLR167W,YER149C,2.4512426810563426e-11
YLR167W,YMR305C,1.6977891337073754e-16
YLR167W,YLR433C,6.423723775128565e-09
YLR167W,YJL073W,1.4631707304091357e-11
YLR167W,YGR279C,0.0001852063141996041
YLR167W,YKL190W,1.821356931941409e-07
YLR167W,YGL089C,2.6090579012816306e-06
YLR167W,YJL019W,0.0022609937004745007
YLR167W,YJL018W,0.038408298045396805
YLR167W,YNR032C-A,2.7584039230532653e-07
YLR167W,YGL178W,2.2720229441998115e-16
YLR167W,YKL116C,2.2123990668448078e-14
YLR167W,YDL214C,0.7830668687820435
YLR167W,YLR362W,1.6950610914889808e-09
YLR167W,YER068W,1.0949945590255084e-06
YLR167W,YHR084W,1.5573791145584437e-08
YLR167W,YDR392W,4.784843667948735e-07
YLR167W,YNL053W,8.776093966941702e-15
YLR167W,YGR040W,1.021935247536021e-07
YLR167W,YDL216C,4.216681257634969e-12
YLR167W,YOL117W,3.2462271519762e-06
YLR167W,YJR086W,0.0027558289002627134
YLR167W,YMR025W,2.846548738943966e-07
YLR167W,YBR081C,4.1737363062566146e-05
YLR167W,YFL026W,0.0007497143233194947
YLR167W,YHL007C,5.967874306712917e-14
YLR167W,YNR044W,0.060133107006549835
YLR167W,YNL271C,5.527730131638868e-16
YLR167W,YDR200C,0.7657241821289062
YLR167W,YKL178C,4.518407877185382e-06
YLR167W,YOR212W,9.015292512515316e-09
YLR167W,YOL111C,5.923612430647554e-14
YLR167W,YGL032C,0.00969920214265585
YLR167W,YHR005C,7.023136276984587e-05
YLR167W,YDR103W,2.881520515529701e-07
YLR167W,YJR084W,0.0007001480553299189
YLR167W,YCL032W,1.1855030290774948e-09
YLR167W,YJL170C,0.0002557132102083415
YLR167W,YDR179C,2.2128230174228204e-16
YLR167W,YBR095C,4.772626738258623e-11
YLR167W,YLL021W,9.221381333190948e-05
YLR167W,YDL159W,8.979784147170045e-13
YLR167W,YNL161W,2.9171795187799e-12
YLR167W,YNL188W,5.0594039748830255e-06
YLR167W,YJL157C,3.6763415228735496e-11
YLR167W,YJL034W,5.031841409375411e-18
YLR167W,YLR238W,2.6947230051207506e-14
YLR167W,YPR141C,1.976593111407965e-09
YLR167W,YNL127W,2.6385691853647586e-07
YLR167W,YCL055W,3.1722126436761755e-07
YLR167W,YPR122W,6.016234521584196e-20
YLR167W,YMR065W,0.851371705532074
YLR167W,YDR356W,0.0006525437929667532
YLR167W,YMR052W,0.001694109640084207
YLR167W,YFR008W,2.2199952987023153e-10
YLR167W,YLL043W,0.00022993229504209012
YLR167W,YMR029C,9.166507766167342e-07
YLR167W,YJR004C,0.00010999543883372098
YLR167W,YDL223C,3.9514792677873195e-19
YLR167W,YHR158C,8.671699469608996e-11
YLR167W,YGR238C,2.1373304005316594e-19
YLR167W,YIL015W,0.878341019153595
YLR167W,YGL173C,3.224426237125044e-08
YLR167W,YDL225W,3.8449286614804234e-13
YLR167W,YLR330W,1.8755179700957747e-12
YLR167W,YBR129C,5.321414573700167e-05
YLR167W,YKR095W-A,0.2020167112350464
YLR167W,YPR075C,3.557745070770224e-11
YLR167W,YMR198W,1.8965859438502264e-10
YLR167W,YOR127W,2.6239175762721167e-11
YLR167W,YDR264C,1.021856210758898e-13
YLR167W,YLR110C,3.3892485172548614e-14
YLR167W,YDR379W,0.054211024194955826
YLR167W,YDL100C,2.3410082466285287e-12
YLR167W,YHR073W,4.553067367574215e-10
YLR167W,YJR090C,7.239787578328105e-07
YLR167W,YOR208W,1.5955494703234763e-08
YLR167W,YBR040W,1.0382814608078661e-08
YLR167W,YNL279W,3.9729309264657786e-07
YLR167W,YER075C,4.42976215708768e-08
YLR167W,YCR089W,7.390028713416541e-06
YLR167W,YCR002C,1.1037384114315207e-12
YLR167W,YJL108C,8.279388907794782e-08
YLR167W,YBR200W,2.779443558989514e-12
YLR167W,YIL026C,5.378106814057926e-12
YLR167W,YJR076C,6.215558623345885e-10
YLR167W,YKR031C,1.0252709792268888e-09
YLR167W,YPL192C,0.019110172986984253
YLR167W,YHR107C,1.0014488793785858e-07
YLR167W,YIL037C,0.011448930017650127
YLR167W,YPL156C,0.0010715776588767767
YLR167W,YIL117C,3.2981421616679572e-15
YLR167W,YHR066W,3.2400016507618326e-14
YLR167W,YML085C,2.1898241900353277e-11
YLR167W,YML047C,0.9994341731071472
YLR167W,YDR312W,2.976711099833551e-10
YLR167W,YFL037W,3.4131498978240415e-06
YLR167W,YDL038C,0.2020167112350464
YLR167W,YDL039C,7.826844365865424e-16
YLR167W,YCL027W,2.6226562561222286e-15
YLR167W,YML124C,6.576551843796678e-15
YLR167W,YGL053W,3.5485655212885714e-13
YLR167W,YMR232W,0.003412006888538599
YLR167W,YNL298W,3.77642948024004e-08
YLR167W,YGL099W,3.8769183176301514e-13
YLR167W,YBL016W,4.7961684401798266e-08
YLR167W,YAL041W,2.107412183249835e-05
YLR167W,YDR085C,0.01801907829940319
YLR167W,YPL187W,1.6977909356175047e-10
YLR167W,YPL256C,8.734158996048791e-08
YLR167W,YDR461W,3.0316487027448602e-05
YLR167W,YNL145W,2.279238082991686e-11
YDR083W,YDL165W,6.650810978336974e-12
YDR083W,YGR059W,1.909751484285415e-14
YDR083W,YBR109C,3.3490030193483733e-10
YDR083W,YJL080C,1.8588936612218276e-08
YDR083W,YCR093W,0.032383471727371216
YDR083W,YIL122W,7.527995649070363e-08
YDR083W,YCL029C,1.6565758096873107e-12
YDR083W,YNL173C,3.0327270875633416e-16
YDR083W,YLR452C,0.006623441353440285
YDR083W,YDL160C,0.007475297432392836
YDR083W,YLR229C,3.117806517856912e-17
YDR083W,YML057W,7.021576913384074e-19
YDR083W,YER149C,1.241490554093616e-05
YDR083W,YMR305C,1.1881429000382138e-12
YDR083W,YLR433C,1.3325798242647124e-08
YDR083W,YJL073W,1.2190345087537136e-11
YDR083W,YGR279C,2.0932992887906857e-14
YDR083W,YKL190W,1.1976781788547441e-09
YDR083W,YGL089C,0.6739923357963562
YDR083W,YJL019W,0.0005866935243830085
YDR083W,YJL018W,7.431014091707766e-05
YDR083W,YNR032C-A,0.0004545533156488091
YDR083W,YGL178W,2.50140146818012e-06
YDR083W,YKL116C,7.405503178725941e-16
YDR083W,YDL214C,0.5245698094367981
YDR083W,YLR362W,1.362496964888273e-14
YDR083W,YER068W,1.1367827568165012e-08
YDR083W,YHR084W,5.94522315492535e-13
YDR083W,YDR392W,3.6136389020002824e-12
YDR083W,YNL053W,0.009185917675495148
YDR083W,YGR040W,0.00010377116268500686
YDR083W,YDL216C,0.075204037129879
YDR083W,YOL117W,2.000977339378096e-08
YDR083W,YJR086W,2.072821132514946e-07
YDR083W,YMR025W,3.178123733960092e-05
YDR083W,YBR081C,0.00015345642168540508
YDR083W,YFL026W,7.817252054009849e-12
YDR083W,YHL007C,3.885706423290003e-09
YDR083W,YNR044W,0.32596978545188904
YDR083W,YNL271C,4.426611255325952e-08
YDR083W,YDR200C,1.4284774252359966e-08
YDR083W,YKL178C,0.002542454283684492
YDR083W,YOR212W,2.9171413729045526e-08
YDR083W,YOL111C,6.298458115839764e-16
YDR083W,YGL032C,3.4369813661783155e-09
YDR083W,YHR005C,0.6330560445785522
YDR083W,YDR103W,8.349705098711295e-16
YDR083W,YJR084W,4.781964335620614e-08
YDR083W,YCL032W,1.419211709957624e-11
YDR083W,YJL170C,0.5692163705825806
YDR083W,YDR179C,2.7446529202279635e-05
YDR083W,YBR095C,3.527624026222753e-10
YDR083W,YLL021W,3.8436112959061575e-08
YDR083W,YDL159W,1.0376810521961488e-09
YDR083W,YNL161W,6.67347849230282e-05
YDR083W,YNL188W,1.3526266218200078e-10
YDR083W,YJL157C,2.1943550521947165e-16
YDR083W,YJL034W,6.329074713927891e-22
YDR083W,YLR238W,3.04962377413176e-05
YDR083W,YPR141C,0.0020059451926499605
YDR083W,YNL127W,0.00011037947842851281
YDR083W,YCL055W,7.116362360504169e-11
YDR083W,YPR122W,0.995364785194397
YDR083W,YMR065W,0.00031005337950773537
YDR083W,YDR356W,0.0005955690867267549
YDR083W,YMR052W,6.7052251324639656e-06
YDR083W,YFR008W,2.0499793811253053e-13
YDR083W,YLL043W,0.007254214957356453
YDR083W,YMR029C,6.095091116797282e-15
YDR083W,YJR004C,8.943454310461618e-11
YDR083W,YDL223C,1.0391816937125806e-14
YDR083W,YHR158C,0.054033875465393066
YDR083W,YGR238C,1.2050116980633074e-11
YDR083W,YIL015W,1.0866644117868418e-07
YDR083W,YGL173C,0.03137385845184326
YDR083W,YDL225W,3.2645341291326346e-11
YDR083W,YLR330W,6.304901045695033e-12
YDR083W,YBR129C,1.0774658075474175e-11
YDR083W,YKR095W-A,0.2020167112350464
YDR083W,YPR075C,4.2852490878431126e-05
YDR083W,YMR198W,7.368740170932142e-06
YDR083W,YOR127W,5.6674891446562015e-09
YDR083W,YDR264C,0.002340233651921153
YDR083W,YLR110C,7.383404465599597e-08
YDR083W,YDR379W,1.0320466969915287e-07
YDR083W,YDL100C,5.533749569686108e-10
YDR083W,YHR073W,2.4116909017042876e-17
YDR083W,YJR090C,2.1777363201636035e-07
YDR083W,YOR208W,0.00013944460079073906
YDR083W,YBR040W,3.46849556080997e-05
YDR083W,YNL279W,0.001077987253665924
YDR083W,YER075C,0.9964750409126282
YDR083W,YCR089W,6.798272500496694e-10
YDR083W,YCR002C,4.3564458707123777e-08
YDR083W,YJL108C,0.8336089253425598
YDR083W,YBR200W,3.31633016133117e-14
YDR083W,YIL026C,9.242951889976148e-12
YDR083W,YJR076C,7.44894590454237e-10
YDR083W,YKR031C,0.019120102748274803
YDR083W,YPL192C,1.019897499787703e-09
YDR083W,YHR107C,9.346248219799236e-09
YDR083W,YIL037C,5.717985186493024e-05
YDR083W,YPL156C,6.949119502053236e-09
YDR083W,YIL117C,4.964031789789214e-12
YDR083W,YHR066W,9.667791740775034e-13
YDR083W,YML085C,3.5311412460714564e-08
YDR083W,YML047C,0.0682498961687088
YDR083W,YDR312W,3.0012224669917487e-06
YDR083W,YFL037W,1.6697285203516165e-15
YDR083W,YDL038C,0.2020167112350464
YDR083W,YDL039C,5.6192348552031035e-09
YDR083W,YCL027W,0.954555094242096
YDR083W,YML124C,9.109780411101356e-19
YDR083W,YGL053W,1.215229566281506e-11
YDR083W,YMR232W,0.0107657415792346
YDR083W,YNL298W,0.9937618374824524
YDR083W,YGL099W,2.1507550900259854e-16
YDR083W,YBL016W,2.144900654100168e-20
YDR083W,YAL041W,0.7261870503425598
YDR083W,YDR085C,2.5120435509506933e-08
YDR083W,YPL187W,1.3138462406914186e-07
YDR083W,YPL256C,2.5690785761776913e-13
YDR083W,YDR461W,8.817569782236957e-15
YDR083W,YNL145W,2.1291959839359954e-16
YGR056W,YDL165W,7.4191293606418185e-06
YGR056W,YGR059W,1.1437794000812573e-06
YGR056W,YBR109C,0.7392839789390564
YGR056W,YJL080C,0.11279217153787613
YGR056W,YCR093W,0.0005600805161520839
YGR056W,YIL122W,0.019950350746512413
YGR056W,YCL029C,6.236928840053224e-08
YGR056W,YNL173C,0.0384494848549366
YGR056W,YLR452C,0.00010355418635299429
YGR056W,YDL160C,0.0008273464045487344
YGR056W,YLR229C,0.00012313386832829565
YGR056W,YML057W,2.990828207316554e-08
YGR056W,YER149C,1.9752635125769302e-05
YGR056W,YMR305C,1.2748061806178157e-07
YGR056W,YLR433C,1.0651658158167265e-05
YGR056W,YJL073W,9.521133881307264e-10
YGR056W,YGR279C,0.12341517210006714
YGR056W,YKL190W,2.1720190943597117e-06
YGR056W,YGL089C,0.005065558478236198
YGR056W,YJL019W,0.012448152527213097
YGR056W,YJL018W,0.025623491033911705
YGR056W,YNR032C-A,0.5561646223068237
YGR056W,YGL178W,0.4193788468837738
YGR056W,YKL116C,2.7446932904240384e-07
YGR056W,YDL214C,0.00463320454582572
YGR056W,YLR362W,3.339601448715257e-07
YGR056W,YER068W,4.280037683201954e-05
YGR056W,YHR084W,5.58382598683238e-05
YGR056W,YDR392W,0.029319727793335915
YGR056W,YNL053W,0.007618077099323273
YGR056W,YGR040W,0.00037257091025821865
YGR056W,YDL216C,0.02648579515516758
YGR056W,YOL117W,3.34461503825878e-07
YGR056W,YJR086W,1.6106747580124647e-07
YGR056W,YMR025W,3.899521743733203e-06
YGR056W,YBR081C,0.16210076212882996
YGR056W,YFL026W,4.640862982796534e-08
YGR056W,YHL007C,1.4093679112647806e-08
YGR056W,YNR044W,0.00044460344361141324
YGR056W,YNL271C,2.0901154130115174e-05
YGR056W,YDR200C,4.68199941678904e-05
YGR056W,YKL178C,0.01673065684735775
YGR056W,YOR212W,0.2329665720462799
YGR056W,YOL111C,6.740786401282506e-11
YGR056W,YGL032C,0.006490009371191263
YGR056W,YHR005C,0.0921824723482132
YGR056W,YDR103W,4.992189701624739e-07
YGR056W,YJR084W,1.2865293683717027e-05
YGR056W,YCL032W,0.001823446829803288
YGR056W,YJL170C,0.03531951084733009
YGR056W,YDR179C,7.655308414994505e-17
YGR056W,YBR095C,8.300020795104501e-07
YGR056W,YLL021W,4.199512204650091e-06
YGR056W,YDL159W,4.515650653047487e-05
YGR056W,YNL161W,4.682057172522569e-11
YGR056W,YNL188W,7.260911490114541e-12
YGR056W,YJL157C,4.422163968342829e-08
YGR056W,YJL034W,1.1199395855143734e-09
YGR056W,YLR238W,0.00043422094313427806
YGR056W,YPR141C,3.496325362561947e-08
YGR056W,YNL127W,2.3067161691869842e-07
YGR056W,YCL055W,2.2020225287633366e-07
YGR056W,YPR122W,0.0059875682927668095
YGR056W,YMR065W,3.9290189306484535e-06
YGR056W,YDR356W,0.0005976340617053211
YGR056W,YMR052W,0.9997255206108093
YGR056W,YFR008W,4.9980626499745995e-06
YGR056W,YLL043W,8.099997755861565e-11
YGR056W,YMR029C,0.0386325940489769
YGR056W,YJR004C,0.003973928280174732
YGR056W,YDL223C,2.0847896742282046e-09
YGR056W,YHR158C,2.612961907288991e-05
YGR056W,YGR238C,1.189115755551029e-05
YGR056W,YIL015W,1.4248902289182297e-06
YGR056W,YGL173C,9.204127127304673e-05
YGR056W,YDL225W,3.73060338176856e-08
YGR056W,YLR330W,1.1903975973837078e-06
YGR056W,YBR129C,2.46437565465385e-07
YGR056W,YKR095W-A,0.2020167112350464
YGR056W,YPR075C,2.4115363927990074e-08
YGR056W,YMR198W,9.602207740044832e-08
YGR056W,YOR127W,6.420464615075616e-06
YGR056W,YDR264C,1.015479142552067e-06
YGR056W,YLR110C,0.7676944732666016
YGR056W,YDR379W,0.004874504171311855
YGR056W,YDL100C,4.080049145760434e-11
YGR056W,YHR073W,1.0015277212005458e-06
YGR056W,YJR090C,0.00022598101350013167
YGR056W,YOR208W,0.6642555594444275
YGR056W,YBR040W,0.12464004755020142
YGR056W,YNL279W,4.718840216355602e-07
YGR056W,YER075C,0.0006651360308751464
YGR056W,YCR089W,1.1494923936317125e-11
YGR056W,YCR002C,0.007838306948542595
YGR056W,YJL108C,5.2427312766667455e-05
YGR056W,YBR200W,2.6789657189656146e-13
YGR056W,YIL026C,0.019552063196897507
YGR056W,YJR076C,4.467451582279569e-12
YGR056W,YKR031C,1.7897685111734063e-08
YGR056W,YPL192C,1.2449575024220394e-06
YGR056W,YHR107C,3.0438602749427446e-08
YGR056W,YIL037C,0.0005528879701159894
YGR056W,YPL156C,0.0011339912889525294
YGR056W,YIL117C,5.2381678870006e-06
YGR056W,YHR066W,1.520954889810966e-11
YGR056W,YML085C,0.0006994031718932092
YGR056W,YML047C,6.544173083966598e-05
YGR056W,YDR312W,4.942189661960583e-06
YGR056W,YFL037W,0.0010263792937621474
YGR056W,YDL038C,0.2020167112350464
YGR056W,YDL039C,8.60276780367819e-12
YGR056W,YCL027W,8.198114187507599e-07
YGR056W,YML124C,4.8048873907413636e-11
YGR056W,YGL053W,0.0971250906586647
YGR056W,YMR232W,9.741582471178845e-05
YGR056W,YNL298W,0.0028746621683239937
YGR056W,YGL099W,6.70492064647199e-11
YGR056W,YBL016W,1.9365119285907895e-08
YGR056W,YAL041W,1.2320927611497723e-10
YGR056W,YDR085C,1.0774596859164376e-07
YGR056W,YPL187W,0.00994202122092247
YGR056W,YPL256C,6.186662358231843e-05
YGR056W,YDR461W,6.224092430784367e-06
YGR056W,YNL145W,4.765143785334658e-06
YOR014W,YDL165W,2.549243731664319e-07
YOR014W,YGR059W,2.0053241289730295e-09
YOR014W,YBR109C,0.26250407099723816
YOR014W,YJL080C,0.9998588562011719
YOR014W,YCR093W,0.0013651573099195957
YOR014W,YIL122W,3.896393430125045e-09
YOR014W,YCL029C,3.2317125260306057e-06
YOR014W,YNL173C,0.0003585890808608383
YOR014W,YLR452C,2.943308572866954e-06
YOR014W,YDL160C,1.865497166464447e-11
YOR014W,YLR229C,7.227763126138598e-05
YOR014W,YML057W,6.199696311881553e-09
YOR014W,YER149C,0.0010441202903166413
YOR014W,YMR305C,6.555272591413086e-08
YOR014W,YLR433C,0.9949599504470825
YOR014W,YJL073W,1.619166328792332e-10
YOR014W,YGR279C,3.3716648886183975e-06
YOR014W,YKL190W,1.3190829539766469e-09
YOR014W,YGL089C,4.032379194995883e-07
YOR014W,YJL019W,0.028981372714042664
YOR014W,YJL018W,0.0003870305372402072
YOR014W,YNR032C-A,0.0002531310310587287
YOR014W,YGL178W,4.2194707930320874e-05
YOR014W,YKL116C,3.386068783584051e-06
YOR014W,YDL214C,0.9997193217277527
YOR014W,YLR362W,0.003973083104938269
YOR014W,YER068W,2.0005879619588995e-08
YOR014W,YHR084W,7.85103750899907e-08
YOR014W,YDR392W,0.9996882677078247
YOR014W,YNL053W,1.0266970607020198e-10
YOR014W,YGR040W,0.0060790893621742725
YOR014W,YDL216C,0.025306394323706627
YOR014W,YOL117W,9.812784992391244e-05
YOR014W,YJR086W,1.9942790530080856e-08
YOR014W,YMR025W,0.000422483280999586
YOR014W,YBR081C,0.4961800277233124
YOR014W,YFL026W,0.8398647904396057
YOR014W,YHL007C,2.757772676886816e-07
YOR014W,YNR044W,0.9894352555274963
YOR014W,YNL271C,1.6912727884843548e-09
YOR014W,YDR200C,0.791395902633667
YOR014W,YKL178C,0.0016663847491145134
YOR014W,YOR212W,1.4366589766723337e-06
YOR014W,YOL111C,7.463025197829154e-10
YOR014W,YGL032C,5.6640768519855555e-08
YOR014W,YHR005C,0.028081126511096954
YOR014W,YDR103W,0.0019199062371626496
YOR014W,YJR084W,5.505786937476387e-10
YOR014W,YCL032W,0.00022592909226659685
YOR014W,YJL170C,0.9973682761192322
YOR014W,YDR179C,4.3777362179753254e-08
YOR014W,YBR095C,0.011987561360001564
YOR014W,YLL021W,0.0284725409001112
YOR014W,YDL159W,0.9860467314720154
YOR014W,YNL161W,1.0556009328865912e-06
YOR014W,YNL188W,1.51689540928146e-08
YOR014W,YJL157C,5.573425369220786e-05
YOR014W,YJL034W,6.544796926633012e-10
YOR014W,YLR238W,0.002802410861477256
YOR014W,YPR141C,0.9999160766601562
YOR014W,YNL127W,2.331725454496336e-06
YOR014W,YCL055W,1.807353745830742e-11
YOR014W,YPR122W,3.039482407984906e-06
YOR014W,YMR065W,0.6576084494590759
YOR014W,YDR356W,0.5227839946746826
YOR014W,YMR052W,2.7487237375112272e-08
YOR014W,YFR008W,0.013348025269806385
YOR014W,YLL043W,9.238392522092909e-07
YOR014W,YMR029C,1.7799622582970187e-05
YOR014W,YJR004C,3.5595089542539426e-08
YOR014W,YDL223C,5.704122951755153e-09
YOR014W,YHR158C,4.2528881749603897e-07
YOR014W,YGR238C,8.596281986683607e-06
YOR014W,YIL015W,0.03640710562467575
YOR014W,YGL173C,3.5970154499409546e-07
YOR014W,YDL225W,0.004707791842520237
YOR014W,YLR330W,2.8744915425704676e-07
YOR014W,YBR129C,0.07771956920623779
YOR014W,YKR095W-A,0.2020167112350464
YOR014W,YPR075C,1.3752478480455466e-05
YOR014W,YMR198W,0.11802565306425095
YOR014W,YOR127W,0.0005041013937443495
YOR014W,YDR264C,8.663214856596824e-08
YOR014W,YLR110C,1.8759428144221602e-07
YOR014W,YDR379W,0.00030717969639226794
YOR014W,YDL100C,5.588646700971367e-08
YOR014W,YHR073W,0.0028151872102171183
YOR014W,YJR090C,0.001194944023154676
YOR014W,YOR208W,4.5133160142540873e-07
YOR014W,YBR040W,0.2257140874862671
YOR014W,YNL279W,0.9820513725280762
YOR014W,YER075C,0.0006642817170359194
YOR014W,YCR089W,4.349409573478624e-05
YOR014W,YCR002C,0.0022901021875441074
YOR014W,YJL108C,5.879594937141519e-06
YOR014W,YBR200W,9.513288432572153e-07
YOR014W,YIL026C,0.9427329301834106
YOR014W,YJR076C,0.0007866244413889945
YOR014W,YKR031C,0.1492016762495041
YOR014W,YPL192C,0.8818404674530029
YOR014W,YHR107C,0.1858905702829361
YOR014W,YIL037C,0.5059370994567871
YOR014W,YPL156C,3.885708338202676e-06
YOR014W,YIL117C,0.0903438925743103
YOR014W,YHR066W,1.8268877330323123e-18
YOR014W,YML085C,0.024522488936781883
YOR014W,YML047C,8.542247087461874e-05
YOR014W,YDR312W,3.97490430259495e-06
YOR014W,YFL037W,0.05820360407233238
YOR014W,YDL038C,0.2020167112350464
YOR014W,YDL039C,1.4855429775195717e-08
YOR014W,YCL027W,0.09838414192199707
YOR014W,YML124C,1.6084260323623312e-06
YOR014W,YGL053W,0.00012000583956250921
YOR014W,YMR232W,0.9859794974327087
YOR014W,YNL298W,0.0385599248111248
YOR014W,YGL099W,3.1449928883375833e-06
YOR014W,YBL016W,1.3770339137408882e-05
YOR014W,YAL041W,0.011332212947309017
YOR014W,YDR085C,0.05380035936832428
YOR014W,YPL187W,0.012662392109632492
YOR014W,YPL256C,0.002884172834455967
YOR014W,YDR461W,2.1070270528333879e-10
YOR014W,YNL145W,2.348471639379568e-09
YNL113W,YDL165W,3.79291378749258e-07
YNL113W,YGR059W,4.63096394565099e-10
YNL113W,YBR109C,1.0251988896925468e-05
YNL113W,YJL080C,0.016310906037688255
YNL113W,YCR093W,0.09111052751541138
YNL113W,YIL122W,0.007639845367521048
YNL113W,YCL029C,3.246009905311098e-09
YNL113W,YNL173C,3.294416899279895e-07
YNL113W,YLR452C,8.165142207872123e-05
YNL113W,YDL160C,0.09132739901542664
YNL113W,YLR229C,7.16592826743856e-11
YNL113W,YML057W,7.013412123750293e-19
YNL113W,YER149C,1.7156930320894048e-09
YNL113W,YMR305C,0.00010085710528073832
YNL113W,YLR433C,1.3117066544054978e-07
YNL113W,YJL073W,4.773022797312232e-13
YNL113W,YGR279C,2.7475687147671124e-07
YNL113W,YKL190W,1.3499100448566281e-10
YNL113W,YGL089C,0.010619815438985825
YNL113W,YJL019W,2.569279331510188e-07
YNL113W,YJL018W,9.125158976530656e-05
YNL113W,YNR032C-A,6.8045974330743775e-06
YNL113W,YGL178W,1.9054059663403677e-08
YNL113W,YKL116C,1.0468916946479326e-16
YNL113W,YDL214C,4.335004632594064e-06
YNL113W,YLR362W,4.682813178565927e-16
YNL113W,YER068W,1.015537616022924e-13
YNL113W,YHR084W,8.213512335542017e-13
YNL113W,YDR392W,1.9389934333168858e-14
YNL113W,YNL053W,0.0001410636177752167
YNL113W,YGR040W,7.600892137915594e-10
YNL113W,YDL216C,1.8957596381596886e-08
YNL113W,YOL117W,1.36040470880526e-13
YNL113W,YJR086W,2.9053467531098276e-12
YNL113W,YMR025W,3.560413233572035e-06
YNL113W,YBR081C,2.9507252197191747e-10
YNL113W,YFL026W,0.3066771328449249
YNL113W,YHL007C,6.861400379420957e-06
YNL113W,YNR044W,1.7857418015410076e-06
YNL113W,YNL271C,2.0429455105386296e-07
YNL113W,YDR200C,5.012174316809236e-15
YNL113W,YKL178C,0.0054511409252882
YNL113W,YOR212W,5.859247413425236e-14
YNL113W,YOL111C,4.560880414116418e-14
YNL113W,YGL032C,2.1968270952354985e-11
YNL113W,YHR005C,4.841637746721972e-06
YNL113W,YDR103W,0.04046379029750824
YNL113W,YJR084W,4.549661293323445e-15
YNL113W,YCL032W,1.1932961129640374e-12
YNL113W,YJL170C,8.127203182084486e-05
YNL113W,YDR179C,2.4999926505217038e-20
YNL113W,YBR095C,4.871507144343923e-07
YNL113W,YLL021W,5.435229468275793e-06
YNL113W,YDL159W,1.0303001118927568e-07
YNL113W,YNL161W,8.985072099676472e-07
YNL113W,YNL188W,3.8576552806909425e-15
YNL113W,YJL157C,3.050278792215977e-06
YNL113W,YJL034W,8.110132121430524e-09
YNL113W,YLR238W,1.84495960176001e-11
YNL113W,YPR141C,5.227136767871343e-08
YNL113W,YNL127W,0.8600199818611145
YNL113W,YCL055W,1.4642079770865735e-09
YNL113W,YPR122W,0.0002983023878186941
YNL113W,YMR065W,1.5749300474876549e-10
YNL113W,YDR356W,0.00018402410205453634
YNL113W,YMR052W,0.001641058479435742
YNL113W,YFR008W,3.6319152827752775e-16
YNL113W,YLL043W,6.350955572997918e-06
YNL113W,YMR029C,1.9445305088350295e-10
YNL113W,YJR004C,0.02124911919236183
YNL113W,YDL223C,1.1841045470071268e-16
YNL113W,YHR158C,2.8858138101384156e-11
YNL113W,YGR238C,1.4730855424360811e-12
YNL113W,YIL015W,4.040288331452757e-06
YNL113W,YGL173C,2.2606332805708007e-08
YNL113W,YDL225W,3.6357052923818856e-09
YNL113W,YLR330W,6.1789706719815075e-15
YNL113W,YBR129C,1.5194588058875524e-06
YNL113W,YKR095W-A,0.2020167112350464
YNL113W,YPR075C,1.2438499119582502e-09
YNL113W,YMR198W,4.494461336435052e-06
YNL113W,YOR127W,3.097833795040472e-11
YNL113W,YDR264C,9.22855906537734e-05
YNL113W,YLR110C,6.241565279196948e-05
YNL113W,YDR379W,0.03557460382580757
YNL113W,YDL100C,8.62437843807129e-07
YNL113W,YHR073W,4.50931436288271e-12
YNL113W,YJR090C,8.635077380783965e-18
YNL113W,YOR208W,1.6995436453726143e-05
YNL113W,YBR040W,1.751238976055447e-08
YNL113W,YNL279W,7.594322916294922e-15
YNL113W,YER075C,0.3215453028678894
YNL113W,YCR089W,3.057651269955386e-07
YNL113W,YCR002C,1.4269894944504702e-13
YNL113W,YJL108C,3.014984031324275e-05
YNL113W,YBR200W,4.852320212300754e-10
YNL113W,YIL026C,6.715139512156187e-13
YNL113W,YJR076C,3.033736902580131e-05
YNL113W,YKR031C,9.43777990869421e-07
YNL113W,YPL192C,6.739477976225317e-05
YNL113W,YHR107C,8.883992208552627e-09
YNL113W,YIL037C,0.02669181488454342
YNL113W,YPL156C,5.321849130268674e-06
YNL113W,YIL117C,0.009020155295729637
YNL113W,YHR066W,9.05477095649214e-17
YNL113W,YML085C,1.1540467184700679e-18
YNL113W,YML047C,0.38784828782081604
YNL113W,YDR312W,2.3244202244400436e-13
YNL113W,YFL037W,0.0005999139975756407
YNL113W,YDL038C,0.2020167112350464
YNL113W,YDL039C,1.6343769670967845e-09
YNL113W,YCL027W,1.889631233062926e-14
YNL113W,YML124C,3.956866979253418e-14
YNL113W,YGL053W,1.5971500109870224e-13
YNL113W,YMR232W,9.655196890889783e-07
YNL113W,YNL298W,0.00012963812332600355
YNL113W,YGL099W,4.380241999649036e-23
YNL113W,YBL016W,2.3215421843621924e-15
YNL113W,YAL041W,1.9472444989787618e-07
YNL113W,YDR085C,0.6851899027824402
YNL113W,YPL187W,7.51550655042621e-10
YNL113W,YPL256C,1.5475628591110624e-12
YNL113W,YDR461W,6.057916212935666e-13
YNL113W,YNL145W,8.145564720507537e-07
YEL026W,YDL165W,4.856964324062574e-07
YEL026W,YGR059W,7.789908964804808e-16
YEL026W,YBR109C,3.26856373078499e-08
YEL026W,YJL080C,0.9998304843902588
YEL026W,YCR093W,1.660522912061424e-06
YEL026W,YIL122W,9.675857654656284e-06
YEL026W,YCL029C,2.606017818532723e-14
YEL026W,YNL173C,2.0482238127783603e-10
YEL026W,YLR452C,0.0003166167880408466
YEL026W,YDL160C,0.00020842392405029386
YEL026W,YLR229C,3.720220353997661e-09
YEL026W,YML057W,3.3997754264653614e-22
YEL026W,YER149C,9.565459913574159e-05
YEL026W,YMR305C,1.290562878786261e-09
YEL026W,YLR433C,0.051242999732494354
YEL026W,YJL073W,6.975056976443739e-08
YEL026W,YGR279C,8.969285545390449e-07
YEL026W,YKL190W,1.1439971103754942e-07
YEL026W,YGL089C,2.336061243113363e-06
YEL026W,YJL019W,0.02002190239727497
YEL026W,YJL018W,8.468424493912607e-05
YEL026W,YNR032C-A,5.0461858336348087e-05
YEL026W,YGL178W,3.6408262076292885e-06
YEL026W,YKL116C,2.673780200203183e-16
YEL026W,YDL214C,1.6864352801349014e-05
YEL026W,YLR362W,2.2130593925546635e-16
YEL026W,YER068W,7.774914934088883e-09
YEL026W,YHR084W,7.711853868386243e-06
YEL026W,YDR392W,2.2265618682126842e-08
YEL026W,YNL053W,0.002579397289082408
YEL026W,YGR040W,9.96844278233766e-07
YEL026W,YDL216C,5.637167468930393e-11
YEL026W,YOL117W,9.500724724087126e-14
YEL026W,YJR086W,0.0006601098575629294
YEL026W,YMR025W,0.03631366044282913
YEL026W,YBR081C,0.009536162950098515
YEL026W,YFL026W,0.001644743955694139
YEL026W,YHL007C,8.76426398122021e-08
YEL026W,YNR044W,9.398929250892252e-06
YEL026W,YNL271C,5.332673680413791e-08
YEL026W,YDR200C,0.03933490812778473
YEL026W,YKL178C,0.03342713415622711
YEL026W,YOR212W,5.7216251292402376e-08
YEL026W,YOL111C,2.273960539821474e-20
YEL026W,YGL032C,5.035942649556091e-07
YEL026W,YHR005C,0.09709794074296951
YEL026W,YDR103W,2.033515556831844e-06
YEL026W,YJR084W,2.4623991734529227e-08
YEL026W,YCL032W,6.417184117424313e-09
YEL026W,YJL170C,0.015665331855416298
YEL026W,YDR179C,2.3616328892472893e-09
YEL026W,YBR095C,5.09577221237123e-05
YEL026W,YLL021W,0.00012505875201895833
YEL026W,YDL159W,9.66496259025007e-07
YEL026W,YNL161W,9.436502296011895e-05
YEL026W,YNL188W,3.59038472197426e-06
YEL026W,YJL157C,8.803455880945776e-11
YEL026W,YJL034W,2.479665939048242e-21
YEL026W,YLR238W,3.290986114734551e-06
YEL026W,YPR141C,1.5024160347820725e-05
YEL026W,YNL127W,0.00686291279271245
YEL026W,YCL055W,5.7874309519351295e-21
YEL026W,YPR122W,0.0011958138784393668
YEL026W,YMR065W,5.156279712537071e-06
YEL026W,YDR356W,0.0001388949458487332
YEL026W,YMR052W,1.4361306588384082e-10
YEL026W,YFR008W,9.355384378295639e-08
YEL026W,YLL043W,1.1210317119036972e-09
YEL026W,YMR029C,6.00568317299377e-10
YEL026W,YJR004C,1.7889270620408126e-10
YEL026W,YDL223C,1.1278859115066748e-17
YEL026W,YHR158C,0.001392997452057898
YEL026W,YGR238C,2.244446024707243e-18
YEL026W,YIL015W,0.6407128572463989
YEL026W,YGL173C,0.9033378958702087
YEL026W,YDL225W,1.7097660787168678e-10
YEL026W,YLR330W,5.004329750590841e-08
YEL026W,YBR129C,0.4182451069355011
YEL026W,YKR095W-A,0.2020167112350464
YEL026W,YPR075C,1.2731987908409792e-07
YEL026W,YMR198W,0.004233677405864
YEL026W,YOR127W,6.127078289175358e-10
YEL026W,YDR264C,5.5023252620856056e-09
YEL026W,YLR110C,3.1379653364638216e-07
YEL026W,YDR379W,5.1748681784147266e-08
YEL026W,YDL100C,7.417082059646418e-08
YEL026W,YHR073W,1.4068539222478194e-08
YEL026W,YJR090C,3.1215381390836683e-09
YEL026W,YOR208W,0.003878713119775057
YEL026W,YBR040W,0.010335885919630527
YEL026W,YNL279W,1.372876567984349e-06
YEL026W,YER075C,0.008741206489503384
YEL026W,YCR089W,2.5266715413305553e-15
YEL026W,YCR002C,0.0006171668646857142
YEL026W,YJL108C,0.0011565479217097163
YEL026W,YBR200W,1.5767416886025565e-11
YEL026W,YIL026C,4.335521275322662e-09
YEL026W,YJR076C,0.3626776933670044
YEL026W,YKR031C,8.029211926441349e-07
YEL026W,YPL192C,2.700396635191282e-07
YEL026W,YHR107C,0.5399528741836548
YEL026W,YIL037C,1.0532554739484112e-07
YEL026W,YPL156C,0.0021190422121435404
YEL026W,YIL117C,7.949554969854944e-08
YEL026W,YHR066W,5.633025008243106e-20
YEL026W,YML085C,0.0003111066180281341
YEL026W,YML047C,0.9445347785949707
YEL026W,YDR312W,0.00011969886691076681
YEL026W,YFL037W,1.4583964912162628e-05
YEL026W,YDL038C,0.2020167112350464
YEL026W,YDL039C,5.848922149560842e-13
YEL026W,YCL027W,9.470126505900511e-15
YEL026W,YML124C,5.191672986189276e-16
YEL026W,YGL053W,7.432556631790932e-13
YEL026W,YMR232W,0.13492542505264282
YEL026W,YNL298W,3.154973455821164e-07
YEL026W,YGL099W,1.1924060627777067e-09
YEL026W,YBL016W,2.9029824452907497e-15
YEL026W,YAL041W,2.5668607122497633e-05
YEL026W,YDR085C,6.120569742051885e-05
YEL026W,YPL187W,0.022938964888453484
YEL026W,YPL256C,2.55855991775078e-13
YEL026W,YDR461W,1.7249985890654268e-13
YEL026W,YNL145W,1.2673969760100068e-15
YDL141W,YDL165W,0.01611495204269886
YDL141W,YGR059W,2.7287769266415296e-10
YDL141W,YBR109C,1.0390362348289273e-08
YDL141W,YJL080C,1.5344534176620073e-06
YDL141W,YCR093W,0.9113038778305054
YDL141W,YIL122W,4.118497543004196e-09
YDL141W,YCL029C,9.225424264514004e-07
YDL141W,YNL173C,1.0054221633026827e-07
YDL141W,YLR452C,0.0015464466996490955
YDL141W,YDL160C,1.4279438742548223e-11
YDL141W,YLR229C,0.007713743951171637
YDL141W,YML057W,3.6821973026235355e-06
YDL141W,YER149C,7.721892870904412e-06
YDL141W,YMR305C,2.7405241098676925e-07
YDL141W,YLR433C,1.6511840783550724e-09
YDL141W,YJL073W,6.02374328195765e-09
YDL141W,YGR279C,5.67927031625004e-07
YDL141W,YKL190W,0.8641036748886108
YDL141W,YGL089C,0.0005816041957587004
YDL141W,YJL019W,2.386422011113609e-06
YDL141W,YJL018W,0.0007920438074506819
YDL141W,YNR032C-A,0.4752928614616394
YDL141W,YGL178W,8.244337368523702e-05
YDL141W,YKL116C,5.275302328300313e-08
YDL141W,YDL214C,0.9005378484725952
YDL141W,YLR362W,2.0830248637082605e-09
YDL141W,YER068W,0.00908523891121149
YDL141W,YHR084W,0.7385958433151245
YDL141W,YDR392W,1.4952086075936677e-06
YDL141W,YNL053W,4.461438329883549e-09
YDL141W,YGR040W,8.137962140608579e-06
YDL141W,YDL216C,0.020291944965720177
YDL141W,YOL117W,2.5972161665777094e-07
YDL141W,YJR086W,0.0020690103992819786
YDL141W,YMR025W,0.0032447928097099066
YDL141W,YBR081C,2.7370282623451203e-05
YDL141W,YFL026W,2.8403787766251298e-08
YDL141W,YHL007C,0.0015286243287846446
YDL141W,YNR044W,0.645613431930542
YDL141W,YNL271C,9.201218063026317e-07
YDL141W,YDR200C,1.351797518367448e-08
YDL141W,YKL178C,1.5707796391720152e-12
YDL141W,YOR212W,0.0001425680093234405
YDL141W,YOL111C,3.0372482797247358e-05
YDL141W,YGL032C,0.002674985909834504
YDL141W,YHR005C,0.0006837391410954297
YDL141W,YDR103W,0.07771336287260056
YDL141W,YJR084W,8.009312296053395e-05
YDL141W,YCL032W,2.8047544287090886e-09
YDL141W,YJL170C,0.021843208000063896
YDL141W,YDR179C,2.3742563470818823e-09
YDL141W,YBR095C,0.001320187235251069
YDL141W,YLL021W,3.063073350517698e-08
YDL141W,YDL159W,9.129320632794702e-10
YDL141W,YNL161W,6.8506906245602295e-06
YDL141W,YNL188W,1.0840152526725433e-06
YDL141W,YJL157C,0.0003749753814190626
YDL141W,YJL034W,1.2623837739034194e-11
YDL141W,YLR238W,0.00017222733004018664
YDL141W,YPR141C,1.292856177315116e-05
YDL141W,YNL127W,5.139112181495875e-05
YDL141W,YCL055W,7.044450439641636e-11
YDL141W,YPR122W,0.006936253048479557
YDL141W,YMR065W,0.7849729061126709
YDL141W,YDR356W,2.664856538103777e-06
YDL141W,YMR052W,1.1851284398289863e-05
YDL141W,YFR008W,5.401371367952379e-07
YDL141W,YLL043W,0.01848250813782215
YDL141W,YMR029C,0.014650885947048664
YDL141W,YJR004C,3.414683119595807e-11
YDL141W,YDL223C,1.3407002071030849e-11
YDL141W,YHR158C,0.7949336171150208
YDL141W,YGR238C,3.7624388937729236e-07
YDL141W,YIL015W,0.5098440051078796
YDL141W,YGL173C,0.41823315620422363
YDL141W,YDL225W,0.00018921593436971307
YDL141W,YLR330W,0.00017505601863376796
YDL141W,YBR129C,1.380465710099088e-05
YDL141W,YKR095W-A,0.2020167112350464
YDL141W,YPR075C,0.0007635309593752027
YDL141W,YMR198W,8.123355854650072e-08
YDL141W,YOR127W,0.01916450448334217
YDL141W,YDR264C,4.7361616850594146e-08
YDL141W,YLR110C,0.00751886423677206
YDL141W,YDR379W,3.506196890157298e-06
YDL141W,YDL100C,0.0004983695689588785
YDL141W,YHR073W,4.625310268124849e-08
YDL141W,YJR090C,0.5757482051849365
YDL141W,YOR208W,0.024881986901164055
YDL141W,YBR040W,0.9868747591972351
YDL141W,YNL279W,0.9707581996917725
YDL141W,YER075C,1.5841535982302757e-12
YDL141W,YCR089W,1.059954797710816e-06
YDL141W,YCR002C,9.075289199245162e-06
YDL141W,YJL108C,0.0012884358875453472
YDL141W,YBR200W,2.1585009335467475e-07
YDL141W,YIL026C,0.03134377300739288
YDL141W,YJR076C,0.004051731899380684
YDL141W,YKR031C,0.00034580068313516676
YDL141W,YPL192C,3.655581167549826e-06
YDL141W,YHR107C,7.383527190540917e-06
YDL141W,YIL037C,2.0924348063999787e-05
YDL141W,YPL156C,4.704604350536101e-08
YDL141W,YIL117C,2.6005125164374476e-07
YDL141W,YHR066W,3.1266265618223876e-13
YDL141W,YML085C,3.7360937454877785e-08
YDL141W,YML047C,0.19200095534324646
YDL141W,YDR312W,0.08937712758779526
YDL141W,YFL037W,0.0010257902322337031
YDL141W,YDL038C,0.2020167112350464
YDL141W,YDL039C,0.9131724238395691
YDL141W,YCL027W,0.8998088836669922
YDL141W,YML124C,5.998910637572408e-06
YDL141W,YGL053W,0.003277532523497939
YDL141W,YMR232W,2.984654967619349e-09
YDL141W,YNL298W,0.0002566716866567731
YDL141W,YGL099W,0.00011022622493328527
YDL141W,YBL016W,0.0009042459423653781
YDL141W,YAL041W,2.3603460519439068e-08
YDL141W,YDR085C,0.0002281929482705891
YDL141W,YPL187W,0.0008702679187990725
YDL141W,YPL256C,1.471696350563434e-06
YDL141W,YDR461W,0.11570713669061661
YDL141W,YNL145W,4.923818778479472e-05
YBR252W,YDL165W,1.1744803487090394e-05
YBR252W,YGR059W,4.661110941661661e-10
YBR252W,YBR109C,8.511915439157747e-06
YBR252W,YJL080C,0.1188366636633873
YBR252W,YCR093W,0.05477471277117729
YBR252W,YIL122W,0.006727435626089573
YBR252W,YCL029C,1.0913598913475653e-09
YBR252W,YNL173C,2.2653667136607325e-13
YBR252W,YLR452C,0.6175119280815125
YBR252W,YDL160C,0.9999271631240845
YBR252W,YLR229C,7.428201342918328e-07
YBR252W,YML057W,2.0001520439905107e-09
YBR252W,YER149C,2.7641155497803993e-07
YBR252W,YMR305C,4.0600105742638615e-12
YBR252W,YLR433C,0.003221547231078148
YBR252W,YJL073W,1.4660508917963e-11
YBR252W,YGR279C,0.0007624941063113511
YBR252W,YKL190W,0.1627083569765091
YBR252W,YGL089C,0.8836714029312134
YBR252W,YJL019W,0.05053865909576416
YBR252W,YJL018W,0.14536580443382263
YBR252W,YNR032C-A,0.00016599983791820705
YBR252W,YGL178W,4.379282927402528e-06
YBR252W,YKL116C,1.9363407943728816e-07
YBR252W,YDL214C,0.8712349534034729
YBR252W,YLR362W,2.3414763461460097e-09
YBR252W,YER068W,3.6372512113302946e-07
YBR252W,YHR084W,1.244592624516372e-07
YBR252W,YDR392W,0.00109087151940912
YBR252W,YNL053W,0.9961508512496948
YBR252W,YGR040W,4.3937910959357396e-05
YBR252W,YDL216C,1.5005440445747809e-06
YBR252W,YOL117W,7.048297501199841e-10
YBR252W,YJR086W,0.00013526735710911453
YBR252W,YMR025W,2.087964929842201e-07
YBR252W,YBR081C,0.3738902807235718
YBR252W,YFL026W,0.005917715840041637
YBR252W,YHL007C,5.2547354488508e-12
YBR252W,YNR044W,0.004020716995000839
YBR252W,YNL271C,9.811500945033913e-09
YBR252W,YDR200C,2.9977811664139153e-06
YBR252W,YKL178C,0.05093356966972351
YBR252W,YOR212W,1.3302293988548541e-10
YBR252W,YOL111C,9.55940513379383e-13
YBR252W,YGL032C,3.2525102255931415e-07
YBR252W,YHR005C,0.9999462366104126
YBR252W,YDR103W,0.0002687704691197723
YBR252W,YJR084W,0.7430506348609924
YBR252W,YCL032W,4.98128177161411e-13
YBR252W,YJL170C,0.3484160304069519
YBR252W,YDR179C,4.5788453584272304e-10
YBR252W,YBR095C,7.773027776991626e-10
YBR252W,YLL021W,6.309870315135413e-08
YBR252W,YDL159W,6.3730280999152455e-06
YBR252W,YNL161W,0.023300571367144585
YBR252W,YNL188W,2.5080037005520417e-11
YBR252W,YJL157C,0.5467999577522278
YBR252W,YJL034W,1.0140834298590778e-14
YBR252W,YLR238W,0.9750247597694397
YBR252W,YPR141C,0.0005634510889649391
YBR252W,YNL127W,5.34846194000238e-08
YBR252W,YCL055W,4.578751115237589e-13
YBR252W,YPR122W,0.9997082352638245
YBR252W,YMR065W,0.9096270799636841
YBR252W,YDR356W,0.006311872974038124
YBR252W,YMR052W,0.9940974712371826
YBR252W,YFR008W,0.019019806757569313
YBR252W,YLL043W,0.025487825274467468
YBR252W,YMR029C,0.051033493131399155
YBR252W,YJR004C,1.2921667575938045e-06
YBR252W,YDL223C,1.4915769374144408e-22
YBR252W,YHR158C,0.8866171836853027
YBR252W,YGR238C,4.01057728693921e-11
YBR252W,YIL015W,0.029040638357400894
YBR252W,YGL173C,1.597628511262883e-06
YBR252W,YDL225W,4.991220770023119e-09
YBR252W,YLR330W,2.136597174740018e-07
YBR252W,YBR129C,0.0009875374380499125
YBR252W,YKR095W-A,0.2020167112350464
YBR252W,YPR075C,1.225874328263099e-13
YBR252W,YMR198W,0.9957695007324219
YBR252W,YOR127W,3.6331404551503965e-09
YBR252W,YDR264C,0.0005788305425085127
YBR252W,YLR110C,2.0845716335315956e-06
YBR252W,YDR379W,3.910499979387083e-10
YBR252W,YDL100C,1.2314956620684825e-05
YBR252W,YHR073W,0.0009759445092640817
YBR252W,YJR090C,0.034258048981428146
YBR252W,YOR208W,0.007852748967707157
YBR252W,YBR040W,0.04381171613931656
YBR252W,YNL279W,0.23222233355045319
YBR252W,YER075C,0.9125968217849731
YBR252W,YCR089W,1.9557235475531343e-07
YBR252W,YCR002C,1.1953294233535416e-05
YBR252W,YJL108C,0.9998534917831421
YBR252W,YBR200W,3.2445812529757756e-12
YBR252W,YIL026C,1.1480969078547787e-05
YBR252W,YJR076C,0.6187738180160522
YBR252W,YKR031C,9.93720453146274e-11
YBR252W,YPL192C,0.40725716948509216
YBR252W,YHR107C,0.120477594435215
YBR252W,YIL037C,0.14399123191833496
YBR252W,YPL156C,0.00016949299606494606
YBR252W,YIL117C,2.2611937311012298e-05
YBR252W,YHR066W,2.9272804324156866e-15
YBR252W,YML085C,2.8039380595146213e-07
YBR252W,YML047C,0.9256486892700195
YBR252W,YDR312W,7.282311571543687e-07
YBR252W,YFL037W,1.977157808141783e-06
YBR252W,YDL038C,0.2020167112350464
YBR252W,YDL039C,4.99948796554503e-14
YBR252W,YCL027W,1.2052593081554597e-12
YBR252W,YML124C,2.279338894820189e-14
YBR252W,YGL053W,1.3046644653513795e-06
YBR252W,YMR232W,0.03740301355719566
YBR252W,YNL298W,1.5734483937990262e-08
YBR252W,YGL099W,4.140094552365067e-16
YBR252W,YBL016W,4.133790298510576e-06
YBR252W,YAL041W,2.3096243239706382e-05
YBR252W,YDR085C,0.007424366194754839
YBR252W,YPL187W,1.9601712608618982e-07
YBR252W,YPL256C,5.221867382942946e-11
YBR252W,YDR461W,1.0046999343593654e-10
YBR252W,YNL145W,2.1057253434264567e-06
YGR010W,YDL165W,1.3538355005948688e-06
YGR010W,YGR059W,1.6866411897353828e-05
YGR010W,YBR109C,3.868859455025131e-09
YGR010W,YJL080C,3.0048111511860043e-05
YGR010W,YCR093W,0.9557082653045654
YGR010W,YIL122W,0.00015559850726276636
YGR010W,YCL029C,3.5254226621317386e-11
YGR010W,YNL173C,5.860947283053974e-10
YGR010W,YLR452C,7.782492502883542e-06
YGR010W,YDL160C,0.0012075445847585797
YGR010W,YLR229C,2.505407223907241e-07
YGR010W,YML057W,7.859649819863535e-09
YGR010W,YER149C,0.0003759582759812474
YGR010W,YMR305C,0.3085114359855652
YGR010W,YLR433C,0.04442255571484566
YGR010W,YJL073W,5.8343848650110886e-06
YGR010W,YGR279C,1.6478221368743107e-05
YGR010W,YKL190W,1.7164531129765237e-08
YGR010W,YGL089C,0.00035794166615232825
YGR010W,YJL019W,1.0
YGR010W,YJL018W,0.002968244254589081
YGR010W,YNR032C-A,0.3892740309238434
YGR010W,YGL178W,0.3553946018218994
YGR010W,YKL116C,0.0009334258502349257
YGR010W,YDL214C,0.00015533773694187403
YGR010W,YLR362W,2.326397952856496e-05
YGR010W,YER068W,6.498957532130589e-07
YGR010W,YHR084W,0.0018162410706281662
YGR010W,YDR392W,6.992826890456216e-12
YGR010W,YNL053W,2.265334302364863e-07
YGR010W,YGR040W,1.6637246517348103e-05
YGR010W,YDL216C,0.00012561294715851545
YGR010W,YOL117W,9.370224063331989e-08
YGR010W,YJR086W,4.087536420449567e-10
YGR010W,YMR025W,0.015550135634839535
YGR010W,YBR081C,0.9902803301811218
YGR010W,YFL026W,6.848521749702741e-10
YGR010W,YHL007C,0.003604942001402378
YGR010W,YNR044W,0.0051382360979914665
YGR010W,YNL271C,2.7218586183153093e-05
YGR010W,YDR200C,0.004415480419993401
YGR010W,YKL178C,8.396157682000194e-06
YGR010W,YOR212W,6.454528318072805e-12
YGR010W,YOL111C,0.06642645597457886
YGR010W,YGL032C,1.0825372233485577e-15
YGR010W,YHR005C,2.7570654093089786e-13
YGR010W,YDR103W,1.0124032087333035e-05
YGR010W,YJR084W,0.001549351029098034
YGR010W,YCL032W,3.320377436466515e-05
YGR010W,YJL170C,0.007825564593076706
YGR010W,YDR179C,5.360053023650835e-08
YGR010W,YBR095C,1.2544498417810246e-07
YGR010W,YLL021W,0.2169111669063568
YGR010W,YDL159W,6.771371115731062e-13
YGR010W,YNL161W,2.5026898583746515e-05
YGR010W,YNL188W,0.00022615237685386091
YGR010W,YJL157C,1.824357775959129e-09
YGR010W,YJL034W,2.784902974894976e-09
YGR010W,YLR238W,2.2346908679082844e-07
YGR010W,YPR141C,2.458816652506357e-07
YGR010W,YNL127W,2.250664238090394e-06
YGR010W,YCL055W,1.7389656647992524e-07
YGR010W,YPR122W,0.0001273763773497194
YGR010W,YMR065W,7.21868445907603e-07
YGR010W,YDR356W,1.7624613519728882e-06
YGR010W,YMR052W,2.6929670639219694e-05
YGR010W,YFR008W,6.489602605297407e-11
YGR010W,YLL043W,1.1563093364752586e-11
YGR010W,YMR029C,5.829935616930015e-06
YGR010W,YJR004C,2.3341638097917894e-06
YGR010W,YDL223C,3.6607127640309045e-07
YGR010W,YHR158C,6.886297114760964e-07
YGR010W,YGR238C,1.4094845937506761e-05
YGR010W,YIL015W,6.129667440291087e-07
YGR010W,YGL173C,0.008853043429553509
YGR010W,YDL225W,0.7753602862358093
YGR010W,YLR330W,3.7762706739385976e-08
YGR010W,YBR129C,1.778192563506309e-05
YGR010W,YKR095W-A,0.2020167112350464
YGR010W,YPR075C,9.285117812396493e-07
YGR010W,YMR198W,7.33183513901281e-11
YGR010W,YOR127W,2.2321773940348066e-05
YGR010W,YDR264C,1.181545030704001e-06
YGR010W,YLR110C,1.5812713627383346e-07
YGR010W,YDR379W,0.044321730732917786
YGR010W,YDL100C,0.002015931997448206
YGR010W,YHR073W,7.052653018035926e-06
YGR010W,YJR090C,3.75146100850543e-06
YGR010W,YOR208W,4.279785770222588e-08
YGR010W,YBR040W,0.0003924815682694316
YGR010W,YNL279W,0.6192875504493713
YGR010W,YER075C,2.156590426238836e-06
YGR010W,YCR089W,0.1089983582496643
YGR010W,YCR002C,0.0005058823735453188
YGR010W,YJL108C,0.3858875036239624
YGR010W,YBR200W,7.674582747085879e-08
YGR010W,YIL026C,0.0021894804667681456
YGR010W,YJR076C,0.0008538344991393387
YGR010W,YKR031C,0.016643056645989418
YGR010W,YPL192C,8.076835911197122e-07
YGR010W,YHR107C,2.698644909968073e-12
YGR010W,YIL037C,3.6436037520459763e-10
YGR010W,YPL156C,5.179392246645875e-05
YGR010W,YIL117C,4.84238604769871e-08
YGR010W,YHR066W,2.120497923302836e-13
YGR010W,YML085C,6.820431008236483e-05
YGR010W,YML047C,0.004124418832361698
YGR010W,YDR312W,0.001658826950006187
YGR010W,YFL037W,0.000644323939923197
YGR010W,YDL038C,0.2020167112350464
YGR010W,YDL039C,2.964713097242111e-08
YGR010W,YCL027W,6.885929906275123e-06
YGR010W,YML124C,2.5502056814730167e-05
YGR010W,YGL053W,7.69600490002631e-07
YGR010W,YMR232W,0.08871021121740341
YGR010W,YNL298W,1.589572050375576e-11
YGR010W,YGL099W,5.47828484798174e-08
YGR010W,YBL016W,3.4330636111690183e-09
YGR010W,YAL041W,2.7204023922422493e-08
YGR010W,YDR085C,6.0835077420051675e-06
YGR010W,YPL187W,0.010869498364627361
YGR010W,YPL256C,4.128731644764683e-12
YGR010W,YDR461W,9.250675515859973e-16
YGR010W,YNL145W,3.665365682081756e-07
YHR085W,YDL165W,6.965525045643517e-08
YHR085W,YGR059W,2.7540240310486297e-08
YHR085W,YBR109C,6.5964050888212e-10
YHR085W,YJL080C,1.7028975562993764e-08
YHR085W,YCR093W,0.9962098598480225
YHR085W,YIL122W,1.5986982516893317e-13
YHR085W,YCL029C,8.252022824014205e-15
YHR085W,YNL173C,2.003083116042248e-10
YHR085W,YLR452C,3.3873315263832637e-09
YHR085W,YDL160C,0.5047013163566589
YHR085W,YLR229C,1.8667115164430653e-18
YHR085W,YML057W,1.134888892365913e-20
YHR085W,YER149C,2.8446972919482505e-06
YHR085W,YMR305C,1.4404890474883913e-11
YHR085W,YLR433C,6.362870976772683e-07
YHR085W,YJL073W,3.7786051620969374e-08
YHR085W,YGR279C,2.9827944953227006e-16
YHR085W,YKL190W,8.325180533574894e-05
YHR085W,YGL089C,9.529115345685568e-07
YHR085W,YJL019W,9.519963896309491e-06
YHR085W,YJL018W,0.2020167112350464
YHR085W,YNR032C-A,1.7005011443416151e-07
YHR085W,YGL178W,2.4051075020459223e-10
YHR085W,YKL116C,3.250275767641142e-05
YHR085W,YDL214C,0.00010719030251493677
YHR085W,YLR362W,1.0118218836536444e-16
YHR085W,YER068W,1.80656169548616e-14
YHR085W,YHR084W,2.4594544356659753e-07
YHR085W,YDR392W,2.7759863296407915e-14
YHR085W,YNL053W,5.2594586463783344e-08
YHR085W,YGR040W,5.561018767870352e-13
YHR085W,YDL216C,4.786723240002289e-10
YHR085W,YOL117W,9.969089553862887e-09
YHR085W,YJR086W,0.00041752983815968037
YHR085W,YMR025W,0.0002720046613831073
YHR085W,YBR081C,1.7153009698386845e-12
YHR085W,YFL026W,2.692332373044337e-06
YHR085W,YHL007C,1.113777906708302e-11
YHR085W,YNR044W,0.00031037902226671576
YHR085W,YNL271C,4.941681197578873e-08
YHR085W,YDR200C,6.170312524811372e-12
YHR085W,YKL178C,0.0017268010415136814
YHR085W,YOR212W,1.3675957033498776e-09
YHR085W,YOL111C,3.7700427321941593e-17
YHR085W,YGL032C,7.010779456972926e-11
YHR085W,YHR005C,0.0037757777608931065
YHR085W,YDR103W,8.464184588774515e-07
YHR085W,YJR084W,0.7491169571876526
YHR085W,YCL032W,1.4677664736829216e-14
YHR085W,YJL170C,0.07982084900140762
YHR085W,YDR179C,9.315822353528347e-06
YHR085W,YBR095C,8.39273361918913e-09
YHR085W,YLL021W,4.7008646220092487e-07
YHR085W,YDL159W,7.249035356357569e-13
YHR085W,YNL161W,2.0214299123466617e-09
YHR085W,YNL188W,1.4128524467981601e-13
YHR085W,YJL157C,9.761348847281415e-12
YHR085W,YJL034W,6.434855685416294e-21
YHR085W,YLR238W,8.122162664658816e-12
YHR085W,YPR141C,1.0245989869872574e-06
YHR085W,YNL127W,8.537865505786613e-05
YHR085W,YCL055W,1.6494863810880174e-14
YHR085W,YPR122W,0.0013913222355768085
YHR085W,YMR065W,4.895841811958235e-06
YHR085W,YDR356W,2.082661922031548e-05
YHR085W,YMR052W,0.00020560159464366734
YHR085W,YFR008W,3.601112802593433e-14
YHR085W,YLL043W,9.713728085780637e-12
YHR085W,YMR029C,3.583845720189771e-10
YHR085W,YJR004C,2.9442373539190214e-10
YHR085W,YDL223C,1.2777727109570845e-20
YHR085W,YHR158C,0.0001301095908274874
YHR085W,YGR238C,2.4742930471561277e-18
YHR085W,YIL015W,1.6976120775780146e-07
YHR085W,YGL173C,8.783893751251881e-12
YHR085W,YDL225W,0.00043195131001994014
YHR085W,YLR330W,1.6288839309493153e-13
YHR085W,YBR129C,2.900583773168819e-09
YHR085W,YKR095W-A,0.2020167112350464
YHR085W,YPR075C,4.282073653993912e-11
YHR085W,YMR198W,1.0784568615918033e-07
YHR085W,YOR127W,4.405694653542014e-06
YHR085W,YDR264C,0.6924108266830444
YHR085W,YLR110C,6.319848466773692e-07
YHR085W,YDR379W,2.5009147530674625e-11
YHR085W,YDL100C,1.0872490407987101e-11
YHR085W,YHR073W,7.00576483898724e-19
YHR085W,YJR090C,1.0496480074007053e-10
YHR085W,YOR208W,6.843255413832745e-15
YHR085W,YBR040W,0.11712373793125153
YHR085W,YNL279W,6.782248965464532e-05
YHR085W,YER075C,9.535984270461599e-17
YHR085W,YCR089W,1.205274352544805e-10
YHR085W,YCR002C,5.134125567752819e-16
YHR085W,YJL108C,0.00020946486620232463
YHR085W,YBR200W,8.544062524151741e-08
YHR085W,YIL026C,2.4462989411944136e-09
YHR085W,YJR076C,1.6042500661228587e-11
YHR085W,YKR031C,1.6189854361650657e-12
YHR085W,YPL192C,4.692646689363755e-05
YHR085W,YHR107C,8.623816938335693e-11
YHR085W,YIL037C,2.2232972299134068e-13
YHR085W,YPL156C,2.381564279119175e-08
YHR085W,YIL117C,2.261061581521062e-06
YHR085W,YHR066W,9.438930193006456e-11
YHR085W,YML085C,1.564457148084484e-14
YHR085W,YML047C,5.0007179197564255e-06
YHR085W,YDR312W,6.356667290674523e-05
YHR085W,YFL037W,1.7183953912591754e-12
YHR085W,YDL038C,0.2020167112350464
YHR085W,YDL039C,1.8320533854421228e-05
YHR085W,YCL027W,7.333886969940195e-12
YHR085W,YML124C,7.113028127290436e-25
YHR085W,YGL053W,6.3465023167341705e-12
YHR085W,YMR232W,4.276507752365433e-06
YHR085W,YNL298W,1.0268909136357252e-06
YHR085W,YGL099W,5.493385954458141e-11
YHR085W,YBL016W,1.0047765397480646e-10
YHR085W,YAL041W,6.243781935921788e-09
YHR085W,YDR085C,6.066053770403812e-10
YHR085W,YPL187W,0.06315657496452332
YHR085W,YPL256C,1.328732537544822e-15
YHR085W,YDR461W,3.580755128035828e-15
YHR085W,YNL145W,3.8855241940582985e-11
YDR229W,YDL165W,0.0002588569768704474
YDR229W,YGR059W,4.570982127916068e-05
YDR229W,YBR109C,3.5998906241729856e-05
YDR229W,YJL080C,0.026874687522649765
YDR229W,YCR093W,0.00011135674867546186
YDR229W,YIL122W,0.006038377061486244
YDR229W,YCL029C,1.5152296735029824e-12
YDR229W,YNL173C,5.395811240305193e-05
YDR229W,YLR452C,0.3882107734680176
YDR229W,YDL160C,6.111588299972937e-05
YDR229W,YLR229C,0.00010799485608004034
YDR229W,YML057W,5.142524059920106e-06
YDR229W,YER149C,0.00020387416589073837
YDR229W,YMR305C,0.01399249117821455
YDR229W,YLR433C,5.216355134507467e-07
YDR229W,YJL073W,1.654618131397001e-08
YDR229W,YGR279C,0.0001573795307194814
YDR229W,YKL190W,0.4743553400039673
YDR229W,YGL089C,1.2352074918453582e-07
YDR229W,YJL019W,0.2687555253505707
YDR229W,YJL018W,0.007104536984115839
YDR229W,YNR032C-A,0.00725327804684639
YDR229W,YGL178W,5.972537564957747e-06
YDR229W,YKL116C,1.285829739572364e-06
YDR229W,YDL214C,2.2764756067772396e-05
YDR229W,YLR362W,2.4321415992289985e-09
YDR229W,YER068W,7.251414579911852e-09
YDR229W,YHR084W,7.083306857724736e-11
YDR229W,YDR392W,0.03735802322626114
YDR229W,YNL053W,0.9660727977752686
YDR229W,YGR040W,0.01938665844500065
YDR229W,YDL216C,5.921695134247784e-09
YDR229W,YOL117W,8.691356470080791e-07
YDR229W,YJR086W,0.005006097722798586
YDR229W,YMR025W,0.020480699837207794
YDR229W,YBR081C,3.996476323209208e-07
YDR229W,YFL026W,3.994641883764416e-05
YDR229W,YHL007C,0.48610371351242065
YDR229W,YNR044W,0.9999819993972778
YDR229W,YNL271C,1.283661958950688e-07
YDR229W,YDR200C,0.00014212755195330828
YDR229W,YKL178C,2.3930855604703538e-05
YDR229W,YOR212W,2.002173278015107e-05
YDR229W,YOL111C,7.588587322970852e-05
YDR229W,YGL032C,0.010184909217059612
YDR229W,YHR005C,0.0002906453737523407
YDR229W,YDR103W,2.9940733270450437e-07
YDR229W,YJR084W,3.315340890708285e-08
YDR229W,YCL032W,0.0008699872414581478
YDR229W,YJL170C,0.00047869933769106865
YDR229W,YDR179C,2.2045615404566954e-20
YDR229W,YBR095C,0.12852810323238373
YDR229W,YLL021W,5.920839640793929e-08
YDR229W,YDL159W,3.451836689746801e-12
YDR229W,YNL161W,3.8093787679827074e-07
YDR229W,YNL188W,3.972679962771508e-10
YDR229W,YJL157C,0.0070249116979539394
YDR229W,YJL034W,8.049158561895808e-11
YDR229W,YLR238W,3.6767713873508967e-10
YDR229W,YPR141C,0.016656899824738503
YDR229W,YNL127W,0.03856748342514038
YDR229W,YCL055W,0.8832105994224548
YDR229W,YPR122W,1.8866792572680424e-09
YDR229W,YMR065W,0.5971059799194336
YDR229W,YDR356W,0.028148697689175606
YDR229W,YMR052W,0.47287219762802124
YDR229W,YFR008W,0.00010313083475921303
YDR229W,YLL043W,0.00014153897063806653
YDR229W,YMR029C,1.6720805717795884e-07
YDR229W,YJR004C,0.2824362814426422
YDR229W,YDL223C,1.299479135408177e-10
YDR229W,YHR158C,1.5478204318242206e-07
YDR229W,YGR238C,1.4034522433092889e-09
YDR229W,YIL015W,0.1261993795633316
YDR229W,YGL173C,5.6954286264954135e-06
YDR229W,YDL225W,1.8715258232049337e-09
YDR229W,YLR330W,5.211286069339849e-09
YDR229W,YBR129C,1.8134584252038621e-06
YDR229W,YKR095W-A,0.2020167112350464
YDR229W,YPR075C,1.3782469089618221e-11
YDR229W,YMR198W,0.02911844663321972
YDR229W,YOR127W,2.88418959826231e-06
YDR229W,YDR264C,3.9612659747945145e-06
YDR229W,YLR110C,0.9891570806503296
YDR229W,YDR379W,7.329265527822315e-10
YDR229W,YDL100C,0.023691046983003616
YDR229W,YHR073W,0.1039297953248024
YDR229W,YJR090C,6.875516191939823e-06
YDR229W,YOR208W,4.808346716345113e-07
YDR229W,YBR040W,0.7661104798316956
YDR229W,YNL279W,0.013080950826406479
YDR229W,YER075C,0.13489727675914764
YDR229W,YCR089W,1.167634309240384e-05
YDR229W,YCR002C,0.003884596284478903
YDR229W,YJL108C,0.00032264497713185847
YDR229W,YBR200W,3.258947278705904e-11
YDR229W,YIL026C,3.81113204639405e-05
YDR229W,YJR076C,9.148124263447244e-06
YDR229W,YKR031C,7.774243385938462e-06
YDR229W,YPL192C,4.510185135586653e-06
YDR229W,YHR107C,3.452493547229096e-05
YDR229W,YIL037C,0.2640713155269623
YDR229W,YPL156C,5.982885227240331e-07
YDR229W,YIL117C,3.179707846356905e-06
YDR229W,YHR066W,2.188956244183419e-14
YDR229W,YML085C,2.3963673811522312e-05
YDR229W,YML047C,1.6502625044267916e-08
YDR229W,YDR312W,0.00010118530917679891
YDR229W,YFL037W,0.047714557498693466
YDR229W,YDL038C,0.2020167112350464
YDR229W,YDL039C,2.9073696524410534e-16
YDR229W,YCL027W,1.1006613220843064e-07
YDR229W,YML124C,3.107985685346648e-05
YDR229W,YGL053W,2.257139612993342e-07
YDR229W,YMR232W,0.0001355795975541696
YDR229W,YNL298W,1.1945548994418687e-09
YDR229W,YGL099W,1.6477862629926676e-07
YDR229W,YBL016W,1.3633308526550536e-07
YDR229W,YAL041W,2.5545481548761018e-05
YDR229W,YDR085C,1.1236040791118285e-06
YDR229W,YPL187W,0.8262297511100769
YDR229W,YPL256C,6.5351314333383925e-06
YDR229W,YDR461W,1.3775053098186163e-08
YDR229W,YNL145W,8.253304258687422e-05
YPL096C-A,YDL165W,0.2020167112350464
YPL096C-A,YGR059W,0.2020167112350464
YPL096C-A,YBR109C,0.2020167112350464
YPL096C-A,YJL080C,0.2020167112350464
YPL096C-A,YCR093W,0.2020167112350464
YPL096C-A,YIL122W,0.2020167112350464
YPL096C-A,YCL029C,0.2020167112350464
YPL096C-A,YNL173C,0.2020167112350464
YPL096C-A,YLR452C,0.2020167112350464
YPL096C-A,YDL160C,0.2020167112350464
YPL096C-A,YLR229C,0.2020167112350464
YPL096C-A,YML057W,0.2020167112350464
YPL096C-A,YER149C,0.2020167112350464
YPL096C-A,YMR305C,0.2020167112350464
YPL096C-A,YLR433C,0.2020167112350464
YPL096C-A,YJL073W,0.2020167112350464
YPL096C-A,YGR279C,0.2020167112350464
YPL096C-A,YKL190W,0.2020167112350464
YPL096C-A,YGL089C,0.2020167112350464
YPL096C-A,YJL019W,0.2020167112350464
YPL096C-A,YJL018W,0.2020167112350464
YPL096C-A,YNR032C-A,0.2020167112350464
YPL096C-A,YGL178W,0.2020167112350464
YPL096C-A,YKL116C,0.2020167112350464
YPL096C-A,YDL214C,0.2020167112350464
YPL096C-A,YLR362W,0.2020167112350464
YPL096C-A,YER068W,0.2020167112350464
YPL096C-A,YHR084W,0.2020167112350464
YPL096C-A,YDR392W,0.2020167112350464
YPL096C-A,YNL053W,0.2020167112350464
YPL096C-A,YGR040W,0.2020167112350464
YPL096C-A,YDL216C,0.2020167112350464
YPL096C-A,YOL117W,0.2020167112350464
YPL096C-A,YJR086W,0.2020167112350464
YPL096C-A,YMR025W,0.2020167112350464
YPL096C-A,YBR081C,0.2020167112350464
YPL096C-A,YFL026W,0.2020167112350464
YPL096C-A,YHL007C,0.2020167112350464
YPL096C-A,YNR044W,0.2020167112350464
YPL096C-A,YNL271C,0.2020167112350464
YPL096C-A,YDR200C,0.2020167112350464
YPL096C-A,YKL178C,0.2020167112350464
YPL096C-A,YOR212W,0.2020167112350464
YPL096C-A,YOL111C,0.2020167112350464
YPL096C-A,YGL032C,0.2020167112350464
YPL096C-A,YHR005C,0.2020167112350464
YPL096C-A,YDR103W,0.2020167112350464
YPL096C-A,YJR084W,0.2020167112350464
YPL096C-A,YCL032W,0.2020167112350464
YPL096C-A,YJL170C,0.2020167112350464
YPL096C-A,YDR179C,0.2020167112350464
YPL096C-A,YBR095C,0.2020167112350464
YPL096C-A,YLL021W,0.2020167112350464
YPL096C-A,YDL159W,0.2020167112350464
YPL096C-A,YNL161W,0.2020167112350464
YPL096C-A,YNL188W,0.2020167112350464
YPL096C-A,YJL157C,0.2020167112350464
YPL096C-A,YJL034W,0.2020167112350464
YPL096C-A,YLR238W,0.2020167112350464
YPL096C-A,YPR141C,0.2020167112350464
YPL096C-A,YNL127W,0.2020167112350464
YPL096C-A,YCL055W,0.2020167112350464
YPL096C-A,YPR122W,0.2020167112350464
YPL096C-A,YMR065W,0.2020167112350464
YPL096C-A,YDR356W,0.2020167112350464
YPL096C-A,YMR052W,0.2020167112350464
YPL096C-A,YFR008W,0.2020167112350464
YPL096C-A,YLL043W,0.2020167112350464
YPL096C-A,YMR029C,0.2020167112350464
YPL096C-A,YJR004C,0.2020167112350464
YPL096C-A,YDL223C,0.2020167112350464
YPL096C-A,YHR158C,0.2020167112350464
YPL096C-A,YGR238C,0.2020167112350464
YPL096C-A,YIL015W,0.2020167112350464
YPL096C-A,YGL173C,0.2020167112350464
YPL096C-A,YDL225W,0.2020167112350464
YPL096C-A,YLR330W,0.2020167112350464
YPL096C-A,YBR129C,0.2020167112350464
YPL096C-A,YKR095W-A,0.2020167112350464
YPL096C-A,YPR075C,0.2020167112350464
YPL096C-A,YMR198W,0.2020167112350464
YPL096C-A,YOR127W,0.2020167112350464
YPL096C-A,YDR264C,0.2020167112350464
YPL096C-A,YLR110C,0.2020167112350464
YPL096C-A,YDR379W,0.2020167112350464
YPL096C-A,YDL100C,0.2020167112350464
YPL096C-A,YHR073W,0.2020167112350464
YPL096C-A,YJR090C,0.2020167112350464
YPL096C-A,YOR208W,0.2020167112350464
YPL096C-A,YBR040W,0.2020167112350464
YPL096C-A,YNL279W,0.2020167112350464
YPL096C-A,YER075C,0.2020167112350464
YPL096C-A,YCR089W,0.2020167112350464
YPL096C-A,YCR002C,0.2020167112350464
YPL096C-A,YJL108C,0.2020167112350464
YPL096C-A,YBR200W,0.2020167112350464
YPL096C-A,YIL026C,0.2020167112350464
YPL096C-A,YJR076C,0.2020167112350464
YPL096C-A,YKR031C,0.2020167112350464
YPL096C-A,YPL192C,0.2020167112350464
YPL096C-A,YHR107C,0.2020167112350464
YPL096C-A,YIL037C,0.2020167112350464
YPL096C-A,YPL156C,0.2020167112350464
YPL096C-A,YIL117C,0.2020167112350464
YPL096C-A,YHR066W,0.2020167112350464
YPL096C-A,YML085C,0.2020167112350464
YPL096C-A,YML047C,0.2020167112350464
YPL096C-A,YDR312W,0.2020167112350464
YPL096C-A,YFL037W,0.2020167112350464
YPL096C-A,YDL038C,0.2020167112350464
YPL096C-A,YDL039C,0.2020167112350464
YPL096C-A,YCL027W,0.2020167112350464
YPL096C-A,YML124C,0.2020167112350464
YPL096C-A,YGL053W,0.2020167112350464
YPL096C-A,YMR232W,0.2020167112350464
YPL096C-A,YNL298W,0.2020167112350464
YPL096C-A,YGL099W,0.2020167112350464
YPL096C-A,YBL016W,0.2020167112350464
YPL096C-A,YAL041W,0.2020167112350464
YPL096C-A,YDR085C,0.2020167112350464
YPL096C-A,YPL187W,0.2020167112350464
YPL096C-A,YPL256C,0.2020167112350464
YPL096C-A,YDR461W,0.2020167112350464
YPL096C-A,YNL145W,0.2020167112350464
YPL060C-A,YDL165W,0.0009694845648482442
YPL060C-A,YGR059W,0.0035864929668605328
YPL060C-A,YBR109C,0.0016664649592712522
YPL060C-A,YJL080C,0.001029235078021884
YPL060C-A,YCR093W,0.0026818118058145046
YPL060C-A,YIL122W,0.01712355762720108
YPL060C-A,YCL029C,1.6539102944079787e-05
YPL060C-A,YNL173C,0.00211262796074152
YPL060C-A,YLR452C,0.003783721011132002
YPL060C-A,YDL160C,0.004377728793770075
YPL060C-A,YLR229C,0.005906915292143822
YPL060C-A,YML057W,0.00591990165412426
YPL060C-A,YER149C,0.0006192821310833097
YPL060C-A,YMR305C,0.0007049065898172557
YPL060C-A,YLR433C,0.002366884844377637
YPL060C-A,YJL073W,0.003085752483457327
YPL060C-A,YGR279C,0.0024862433783710003
YPL060C-A,YKL190W,0.0005358923808671534
YPL060C-A,YGL089C,1.2877569133706857e-05
YPL060C-A,YJL019W,0.0008417154895141721
YPL060C-A,YJL018W,0.2020167112350464
YPL060C-A,YNR032C-A,0.0019903043285012245
YPL060C-A,YGL178W,0.0010905021335929632
YPL060C-A,YKL116C,0.0005844515981152654
YPL060C-A,YDL214C,0.0024451122153550386
YPL060C-A,YLR362W,0.0017104154685512185
YPL060C-A,YER068W,0.0009731918689794838
YPL060C-A,YHR084W,0.00024898932315409184
YPL060C-A,YDR392W,0.0009765033610165119
YPL060C-A,YNL053W,0.008942783810198307
YPL060C-A,YGR040W,0.0006969748646952212
YPL060C-A,YDL216C,0.000201766102691181
YPL060C-A,YOL117W,0.00023947603767737746
YPL060C-A,YJR086W,0.001902022399008274
YPL060C-A,YMR025W,0.0006819687550887465
YPL060C-A,YBR081C,0.006964128464460373
YPL060C-A,YFL026W,0.005212328862398863
YPL060C-A,YHL007C,0.0012117685982957482
YPL060C-A,YNR044W,0.00527071300894022
YPL060C-A,YNL271C,0.0004571326426230371
YPL060C-A,YDR200C,0.00025316455867141485
YPL060C-A,YKL178C,0.0003539629396982491
YPL060C-A,YOR212W,0.007904710248112679
YPL060C-A,YOL111C,3.406036557862535e-05
YPL060C-A,YGL032C,0.00029996648663654923
YPL060C-A,YHR005C,0.0008793518645688891
YPL060C-A,YDR103W,0.0036644849460572004
YPL060C-A,YJR084W,0.0008441454847343266
YPL060C-A,YCL032W,0.0026228500064462423
YPL060C-A,YJL170C,0.0017409621505066752
YPL060C-A,YDR179C,0.0004190187028143555
YPL060C-A,YBR095C,0.0014156792312860489
YPL060C-A,YLL021W,0.010751263238489628
YPL060C-A,YDL159W,0.0012675848556682467
YPL060C-A,YNL161W,0.000656151445582509
YPL060C-A,YNL188W,0.0018776237266138196
YPL060C-A,YJL157C,0.0018428699113428593
YPL060C-A,YJL034W,1.5511659512412734e-05
YPL060C-A,YLR238W,0.0019180558156222105
YPL060C-A,YPR141C,9.56295189098455e-05
YPL060C-A,YNL127W,0.00637269439175725
YPL060C-A,YCL055W,0.0010050232522189617
YPL060C-A,YPR122W,0.005219189915806055
YPL060C-A,YMR065W,2.773402343336784e-07
YPL060C-A,YDR356W,0.0004083486273884773
YPL060C-A,YMR052W,0.00013018702156841755
YPL060C-A,YFR008W,0.00605426449328661
YPL060C-A,YLL043W,0.0003927338111680001
YPL060C-A,YMR029C,0.000171760591911152
YPL060C-A,YJR004C,0.00029139561229385436
YPL060C-A,YDL223C,0.00982889998704195
YPL060C-A,YHR158C,0.0007113645551726222
YPL060C-A,YGR238C,0.0001283752644667402
YPL060C-A,YIL015W,0.018153952434659004
YPL060C-A,YGL173C,0.0020665789488703012
YPL060C-A,YDL225W,0.0005802520900033414
YPL060C-A,YLR330W,0.0005153241218067706
YPL060C-A,YBR129C,0.002508709207177162
YPL060C-A,YKR095W-A,0.2020167112350464
YPL060C-A,YPR075C,0.0005292254500091076
YPL060C-A,YMR198W,0.0005545782041735947
YPL060C-A,YOR127W,0.0027885003946721554
YPL060C-A,YDR264C,0.00465428177267313
YPL060C-A,YLR110C,9.455643885303289e-05
YPL060C-A,YDR379W,0.001304180477745831
YPL060C-A,YDL100C,0.000481228664284572
YPL060C-A,YHR073W,0.00264108763076365
YPL060C-A,YJR090C,0.003660119604319334
YPL060C-A,YOR208W,0.0021296984050422907
YPL060C-A,YBR040W,0.004069640766829252
YPL060C-A,YNL279W,0.0025232310872524977
YPL060C-A,YER075C,7.042558718239889e-05
YPL060C-A,YCR089W,0.00014667402138002217
YPL060C-A,YCR002C,0.0038695235271006823
YPL060C-A,YJL108C,8.960539707913995e-05
YPL060C-A,YBR200W,0.00017626784392632544
YPL060C-A,YIL026C,0.00022829479712527245
YPL060C-A,YJR076C,0.006319524720311165
YPL060C-A,YKR031C,0.0008913895580917597
YPL060C-A,YPL192C,0.01254503894597292
YPL060C-A,YHR107C,1.8125351743947249e-06
YPL060C-A,YIL037C,0.008499360643327236
YPL060C-A,YPL156C,0.0014174896059557796
YPL060C-A,YIL117C,0.0015759464586153626
YPL060C-A,YHR066W,0.0003802407009061426
YPL060C-A,YML085C,0.004807133227586746
YPL060C-A,YML047C,9.716626664157957e-05
YPL060C-A,YDR312W,0.0037066468503326178
YPL060C-A,YFL037W,0.0041885836981236935
YPL060C-A,YDL038C,0.2020167112350464
YPL060C-A,YDL039C,6.36884433333762e-05
YPL060C-A,YCL027W,0.0030360061209648848
YPL060C-A,YML124C,0.004708428401499987
YPL060C-A,YGL053W,0.0007000613259151578
YPL060C-A,YMR232W,1.9533876184141263e-05
YPL060C-A,YNL298W,0.006950051989406347
YPL060C-A,YGL099W,0.008493399247527122
YPL060C-A,YBL016W,0.004206368234008551
YPL060C-A,YAL041W,0.00013394723646342754
YPL060C-A,YDR085C,0.008365175686776638
YPL060C-A,YPL187W,3.471699164947495e-05
YPL060C-A,YPL256C,0.0004704282619059086
YPL060C-A,YDR461W,0.0010236796224489808
YPL060C-A,YNL145W,8.065222937148064e-05
YFL048C,YDL165W,0.002188862767070532
YFL048C,YGR059W,2.6823009591225855e-08
YFL048C,YBR109C,0.03114452213048935
YFL048C,YJL080C,5.828697442235298e-13
YFL048C,YCR093W,0.03691837936639786
YFL048C,YIL122W,1.1751785100599932e-09
YFL048C,YCL029C,1.4909404853824526e-05
YFL048C,YNL173C,0.04059915617108345
YFL048C,YLR452C,3.07497066387441e-06
YFL048C,YDL160C,9.440728717891034e-06
YFL048C,YLR229C,0.41540470719337463
YFL048C,YML057W,1.3179235480720308e-09
YFL048C,YER149C,0.15990063548088074
YFL048C,YMR305C,0.4030438959598541
YFL048C,YLR433C,0.671471118927002
YFL048C,YJL073W,9.960601787817325e-11
YFL048C,YGR279C,0.0006462002056650817
YFL048C,YKL190W,2.9537868678763957e-11
YFL048C,YGL089C,3.4094035072484985e-05
YFL048C,YJL019W,3.943882620660588e-05
YFL048C,YJL018W,0.00016577744099777192
YFL048C,YNR032C-A,0.264899343252182
YFL048C,YGL178W,4.258252738509327e-05
YFL048C,YKL116C,1.8356577413669584e-07
YFL048C,YDL214C,0.1367233842611313
YFL048C,YLR362W,1.6409771319558786e-09
YFL048C,YER068W,3.7535627939178084e-09
YFL048C,YHR084W,0.0010955474572256207
YFL048C,YDR392W,7.964251835801406e-07
YFL048C,YNL053W,0.0002720298361964524
YFL048C,YGR040W,0.0010224241996183991
YFL048C,YDL216C,0.0069867768324911594
YFL048C,YOL117W,0.32625529170036316
YFL048C,YJR086W,0.04434242472052574
YFL048C,YMR025W,0.9457796812057495
YFL048C,YBR081C,0.07433918863534927
YFL048C,YFL026W,1.6124330386446672e-06
YFL048C,YHL007C,0.00018678665219340473
YFL048C,YNR044W,9.385779412696138e-05
YFL048C,YNL271C,0.0010699302656576037
YFL048C,YDR200C,1.5558329096165835e-06
YFL048C,YKL178C,0.33789440989494324
YFL048C,YOR212W,0.8835949301719666
YFL048C,YOL111C,4.046412076935679e-12
YFL048C,YGL032C,0.06574509292840958
YFL048C,YHR005C,0.007092763669788837
YFL048C,YDR103W,3.8081066078277104e-10
YFL048C,YJR084W,1.8242649275634903e-06
YFL048C,YCL032W,0.00012669619172811508
YFL048C,YJL170C,0.9531781077384949
YFL048C,YDR179C,0.0011709682876244187
YFL048C,YBR095C,9.789464456844144e-06
YFL048C,YLL021W,0.4717032313346863
YFL048C,YDL159W,0.5140764117240906
YFL048C,YNL161W,0.027638675644993782
YFL048C,YNL188W,0.0029638404957950115
YFL048C,YJL157C,2.645440133619559e-07
YFL048C,YJL034W,7.047234838871916e-14
YFL048C,YLR238W,1.3516101944333059e-06
YFL048C,YPR141C,1.1377553164493293e-05
YFL048C,YNL127W,1.817918814595032e-06
YFL048C,YCL055W,0.9151524901390076
YFL048C,YPR122W,0.0002382975653745234
YFL048C,YMR065W,0.0008211158565245569
YFL048C,YDR356W,0.9624740481376648
YFL048C,YMR052W,0.021883515641093254
YFL048C,YFR008W,0.00033275524037890136
YFL048C,YLL043W,7.604871257171908e-07
YFL048C,YMR029C,0.0018069760408252478
YFL048C,YJR004C,2.322339716365196e-11
YFL048C,YDL223C,1.1612826789054141e-14
YFL048C,YHR158C,0.22983716428279877
YFL048C,YGR238C,1.5086098756000865e-05
YFL048C,YIL015W,7.251303941302467e-06
YFL048C,YGL173C,2.1652637460789492e-09
YFL048C,YDL225W,0.0017049001762643456
YFL048C,YLR330W,3.157123956043506e-06
YFL048C,YBR129C,0.2221360206604004
YFL048C,YKR095W-A,0.2020167112350464
YFL048C,YPR075C,1.5292332829729138e-15
YFL048C,YMR198W,7.142488129829871e-07
YFL048C,YOR127W,0.00022385752527043223
YFL048C,YDR264C,0.018186239525675774
YFL048C,YLR110C,1.7107999155996367e-05
YFL048C,YDR379W,0.007714057341217995
YFL048C,YDL100C,0.0010558133944869041
YFL048C,YHR073W,0.00036799677764065564
YFL048C,YJR090C,5.97409825786599e-06
YFL048C,YOR208W,3.828420247486974e-09
YFL048C,YBR040W,4.741982411360368e-05
YFL048C,YNL279W,0.8745302557945251
YFL048C,YER075C,0.6316424012184143
YFL048C,YCR089W,0.0002997186384163797
YFL048C,YCR002C,0.00013179794768802822
YFL048C,YJL108C,3.5953255519416416e-06
YFL048C,YBR200W,0.595980703830719
YFL048C,YIL026C,3.678009670693427e-05
YFL048C,YJR076C,0.005536070093512535
YFL048C,YKR031C,0.0002642247418407351
YFL048C,YPL192C,0.17992164194583893
YFL048C,YHR107C,0.9986924529075623
YFL048C,YIL037C,0.11484050005674362
YFL048C,YPL156C,0.8943737745285034
YFL048C,YIL117C,0.04287714138627052
YFL048C,YHR066W,2.421818745546034e-09
YFL048C,YML085C,0.0009338181698694825
YFL048C,YML047C,1.655077994655585e-06
YFL048C,YDR312W,0.834689199924469
YFL048C,YFL037W,0.019005805253982544
YFL048C,YDL038C,0.2020167112350464
YFL048C,YDL039C,2.3921328806686404e-10
YFL048C,YCL027W,0.004295307211577892
YFL048C,YML124C,3.5961411981588753e-07
YFL048C,YGL053W,0.0004625885921996087
YFL048C,YMR232W,9.430847967450973e-06
YFL048C,YNL298W,1.8356888631387847e-06
YFL048C,YGL099W,0.00025881946203298867
YFL048C,YBL016W,4.2861798554838515e-09
YFL048C,YAL041W,0.7684648633003235
YFL048C,YDR085C,6.325351353808628e-09
YFL048C,YPL187W,0.06865475326776505
YFL048C,YPL256C,6.349881005007774e-05
YFL048C,YDR461W,0.00015414701192639768
YFL048C,YNL145W,0.00038111276808194816
YER095W,YDL165W,3.469184314819351e-11
YER095W,YGR059W,1.2290021160054482e-13
YER095W,YBR109C,1.1049927655824507e-14
YER095W,YJL080C,1.6582797418215889e-12
YER095W,YCR093W,4.65904813609086e-05
YER095W,YIL122W,4.86613451755602e-08
YER095W,YCL029C,1.1938214861118013e-09
YER095W,YNL173C,4.17199275436748e-16
YER095W,YLR452C,4.525399471879058e-20
YER095W,YDL160C,2.320523506682548e-08
YER095W,YLR229C,4.4740222637784655e-10
YER095W,YML057W,3.628667186977099e-20
YER095W,YER149C,0.00012678660277742893
YER095W,YMR305C,4.8540705350065376e-17
YER095W,YLR433C,8.764364878288688e-08
YER095W,YJL073W,8.948207868286226e-20
YER095W,YGR279C,7.332525970953074e-13
YER095W,YKL190W,6.517418569274014e-06
YER095W,YGL089C,1.8299450843528575e-08
YER095W,YJL019W,9.658432907622139e-12
YER095W,YJL018W,0.0005365348188206553
YER095W,YNR032C-A,0.0015606068773195148
YER095W,YGL178W,3.2612681999388826e-10
YER095W,YKL116C,3.285165542377122e-11
YER095W,YDL214C,1.0641822946672649e-14
YER095W,YLR362W,8.549009833380694e-10
YER095W,YER068W,1.3163533596483035e-09
YER095W,YHR084W,1.4068841577841162e-11
YER095W,YDR392W,1.0707081922467498e-13
YER095W,YNL053W,1.8925798940472305e-05
YER095W,YGR040W,3.205068921374732e-08
YER095W,YDL216C,1.1358751095258413e-07
YER095W,YOL117W,5.765353472408918e-13
YER095W,YJR086W,2.2769857631773336e-16
YER095W,YMR025W,4.908534265268827e-06
YER095W,YBR081C,2.383470245443612e-14
YER095W,YFL026W,1.9388103736151164e-16
YER095W,YHL007C,1.7753228239298898e-15
YER095W,YNR044W,6.407226318149246e-21
YER095W,YNL271C,2.2815245301899267e-06
YER095W,YDR200C,2.0579585331323945e-14
YER095W,YKL178C,2.4998154045906273e-13
YER095W,YOR212W,3.86217422487789e-08
YER095W,YOL111C,5.0960483832795944e-08
YER095W,YGL032C,5.586662978339678e-16
YER095W,YHR005C,6.4007226270232625e-15
YER095W,YDR103W,1.584300052259735e-10
YER095W,YJR084W,1.1824801554594089e-11
YER095W,YCL032W,8.33414121135384e-13
YER095W,YJL170C,3.03038489825854e-20
YER095W,YDR179C,8.710260702808614e-14
YER095W,YBR095C,2.89979124046269e-10
YER095W,YLL021W,5.340994313485226e-10
YER095W,YDL159W,3.6064296080745573e-12
YER095W,YNL161W,1.4220576105561378e-10
YER095W,YNL188W,3.976899820480781e-19
YER095W,YJL157C,8.240687576765993e-10
YER095W,YJL034W,1.3067289567060245e-18
YER095W,YLR238W,2.064367692631089e-13
YER095W,YPR141C,3.035703632914277e-11
YER095W,YNL127W,1.3212722582700565e-11
YER095W,YCL055W,2.432348579449942e-18
YER095W,YPR122W,9.299402563556214e-07
YER095W,YMR065W,3.1215231788284115e-11
YER095W,YDR356W,5.687471912096953e-06
YER095W,YMR052W,1.0599806188338334e-07
YER095W,YFR008W,2.3632795373429438e-11
YER095W,YLL043W,5.8294657989677034e-09
YER095W,YMR029C,4.747527241125149e-13
YER095W,YJR004C,6.171530344545317e-07
YER095W,YDL223C,2.4242703330901172e-11
YER095W,YHR158C,7.920661118987482e-06
YER095W,YGR238C,3.5945211604341643e-16
YER095W,YIL015W,1.0921551342338645e-13
YER095W,YGL173C,2.1541262995583565e-08
YER095W,YDL225W,1.0878247191925539e-09
YER095W,YLR330W,2.0908114649331733e-12
YER095W,YBR129C,6.159753240808641e-08
YER095W,YKR095W-A,0.2020167112350464
YER095W,YPR075C,1.928704375028789e-12
YER095W,YMR198W,3.231784965305345e-15
YER095W,YOR127W,1.106064155464992e-05
YER095W,YDR264C,7.862537927394442e-07
YER095W,YLR110C,7.042079050965933e-13
YER095W,YDR379W,9.37256027100375e-06
YER095W,YDL100C,2.8919144775272146e-14
YER095W,YHR073W,0.511816143989563
YER095W,YJR090C,1.9625916018208012e-13
YER095W,YOR208W,3.09091511066506e-12
YER095W,YBR040W,4.681197296463324e-08
YER095W,YNL279W,3.350913435617997e-10
YER095W,YER075C,2.0062843475443515e-07
YER095W,YCR089W,1.7352524750435805e-08
YER095W,YCR002C,2.013262019318063e-06
YER095W,YJL108C,6.065358989799235e-14
YER095W,YBR200W,0.0003741352120414376
YER095W,YIL026C,1.1744809291780456e-10
YER095W,YJR076C,1.592169133763373e-19
YER095W,YKR031C,2.1349555803795717e-11
YER095W,YPL192C,0.0007360787712968886
YER095W,YHR107C,7.5345103187585e-21
YER095W,YIL037C,2.4422358232967234e-11
YER095W,YPL156C,0.0015969070373103023
YER095W,YIL117C,7.931231965131215e-15
YER095W,YHR066W,7.030084413911508e-12
YER095W,YML085C,1.9058692124485077e-10
YER095W,YML047C,0.025529982522130013
YER095W,YDR312W,2.1447217335435198e-08
YER095W,YFL037W,9.994040828618758e-18
YER095W,YDL038C,0.2020167112350464
YER095W,YDL039C,6.616394122552338e-20
YER095W,YCL027W,4.604099253810532e-15
YER095W,YML124C,3.327852424628053e-16
YER095W,YGL053W,5.0064606560635324e-15
YER095W,YMR232W,1.3885791388251745e-12
YER095W,YNL298W,3.7074447678531186e-11
YER095W,YGL099W,3.395203451717066e-09
YER095W,YBL016W,3.271712669070814e-16
YER095W,YAL041W,1.5080315279192291e-05
YER095W,YDR085C,1.2810117600876988e-15
YER095W,YPL187W,2.9388991151790833e-06
YER095W,YPL256C,1.3936854803358288e-14
YER095W,YDR461W,5.012035231352319e-17
YER095W,YNL145W,1.6750818532815584e-14
YOR160W,YDL165W,0.05204528197646141
YOR160W,YGR059W,8.343615149897232e-07
YOR160W,YBR109C,2.7085047094033143e-08
YOR160W,YJL080C,0.014823242090642452
YOR160W,YCR093W,4.400120090508608e-08
YOR160W,YIL122W,0.0009801735868677497
YOR160W,YCL029C,2.0658329447087453e-07
YOR160W,YNL173C,0.0025892695412039757
YOR160W,YLR452C,0.06181565672159195
YOR160W,YDL160C,2.394925577298146e-11
YOR160W,YLR229C,0.9785484075546265
YOR160W,YML057W,4.7208288833644474e-08
YOR160W,YER149C,0.7924683094024658
YOR160W,YMR305C,0.5552666783332825
YOR160W,YLR433C,0.9939602613449097
YOR160W,YJL073W,9.606888617952336e-10
YOR160W,YGR279C,0.10721724480390549
YOR160W,YKL190W,0.00010781324817799032
YOR160W,YGL089C,0.9627794623374939
YOR160W,YJL019W,0.0017637625569477677
YOR160W,YJL018W,0.006217864342033863
YOR160W,YNR032C-A,0.6038652658462524
YOR160W,YGL178W,0.943494975566864
YOR160W,YKL116C,0.0024955347180366516
YOR160W,YDL214C,5.591178933173069e-07
YOR160W,YLR362W,0.9709006547927856
YOR160W,YER068W,1.6090136796265142e-06
YOR160W,YHR084W,0.9999027252197266
YOR160W,YDR392W,0.04863613471388817
YOR160W,YNL053W,0.0039908792823553085
YOR160W,YGR040W,0.0009238510974682868
YOR160W,YDL216C,2.5336488462812667e-08
YOR160W,YOL117W,0.0001691626530373469
YOR160W,YJR086W,0.9482204914093018
YOR160W,YMR025W,0.9959273934364319
YOR160W,YBR081C,0.0001373215054627508
YOR160W,YFL026W,3.232795009466827e-08
YOR160W,YHL007C,5.417112788563827e-06
YOR160W,YNR044W,0.9999489784240723
YOR160W,YNL271C,2.081987844348987e-07
YOR160W,YDR200C,0.24417872726917267
YOR160W,YKL178C,0.9998034834861755
YOR160W,YOR212W,0.6010255813598633
YOR160W,YOL111C,4.782425548910396e-07
YOR160W,YGL032C,1.7925069641933078e-06
YOR160W,YHR005C,0.8777121901512146
YOR160W,YDR103W,0.28569477796554565
YOR160W,YJR084W,1.3316417607711628e-05
YOR160W,YCL032W,1.8023373016262667e-08
YOR160W,YJL170C,0.837619423866272
YOR160W,YDR179C,2.99317335361593e-08
YOR160W,YBR095C,6.2397557485383e-05
YOR160W,YLL021W,0.007347241509705782
YOR160W,YDL159W,1.983775973712909e-06
YOR160W,YNL161W,0.0004410205874592066
YOR160W,YNL188W,0.30063602328300476
YOR160W,YJL157C,0.0006440255674533546
YOR160W,YJL034W,0.00016872593550942838
YOR160W,YLR238W,0.48207366466522217
YOR160W,YPR141C,0.0671699270606041
YOR160W,YNL127W,0.00041359945316798985
YOR160W,YCL055W,0.9976077079772949
YOR160W,YPR122W,7.22394844274556e-15
YOR160W,YMR065W,0.5351661443710327
YOR160W,YDR356W,5.157648197418041e-10
YOR160W,YMR052W,0.0040416596457362175
YOR160W,YFR008W,0.0002243998897029087
YOR160W,YLL043W,0.0008826479897834361
YOR160W,YMR029C,4.691164576797746e-06
YOR160W,YJR004C,0.00010472687426954508
YOR160W,YDL223C,3.0755864570625527e-14
YOR160W,YHR158C,0.001685862778685987
YOR160W,YGR238C,5.807987690786831e-06
YOR160W,YIL015W,0.06992346793413162
YOR160W,YGL173C,0.0019219889072701335
YOR160W,YDL225W,0.0041900319047272205
YOR160W,YLR330W,0.08907965570688248
YOR160W,YBR129C,0.00026241166051477194
YOR160W,YKR095W-A,0.2020167112350464
YOR160W,YPR075C,2.919515793564642e-07
YOR160W,YMR198W,0.9736918210983276
YOR160W,YOR127W,1.8832985006156377e-05
YOR160W,YDR264C,2.033475539064966e-05
YOR160W,YLR110C,0.46342629194259644
YOR160W,YDR379W,0.09203072637319565
YOR160W,YDL100C,0.00013252533972263336
YOR160W,YHR073W,0.00081729976227507
YOR160W,YJR090C,0.16285543143749237
YOR160W,YOR208W,0.008560621179640293
YOR160W,YBR040W,0.10080159455537796
YOR160W,YNL279W,0.023372191935777664
YOR160W,YER075C,0.0013463674113154411
YOR160W,YCR089W,0.999599277973175
YOR160W,YCR002C,6.153318565793597e-08
YOR160W,YJL108C,0.9982069730758667
YOR160W,YBR200W,0.001392664504237473
YOR160W,YIL026C,0.001610740670002997
YOR160W,YJR076C,0.023696837946772575
YOR160W,YKR031C,0.1809694916009903
YOR160W,YPL192C,0.7138617634773254
YOR160W,YHR107C,1.3960388969280757e-05
YOR160W,YIL037C,0.00023853806487750262
YOR160W,YPL156C,8.433956281805877e-06
YOR160W,YIL117C,0.9483669400215149
YOR160W,YHR066W,1.2727495857234317e-07
YOR160W,YML085C,0.9523606896400452
YOR160W,YML047C,0.059042006731033325
YOR160W,YDR312W,0.6918544769287109
YOR160W,YFL037W,0.9999344348907471
YOR160W,YDL038C,0.2020167112350464
YOR160W,YDL039C,5.5247819545911625e-06
YOR160W,YCL027W,0.8155843615531921
YOR160W,YML124C,0.00015330183668993413
YOR160W,YGL053W,0.00010444821964483708
YOR160W,YMR232W,2.9916693620180013e-06
YOR160W,YNL298W,0.9659131765365601
YOR160W,YGL099W,0.9816809296607971
YOR160W,YBL016W,2.1003183974244166e-06
YOR160W,YAL041W,0.11067698150873184
YOR160W,YDR085C,0.07569100707769394
YOR160W,YPL187W,0.0018353026825934649
YOR160W,YPL256C,9.223280983405857e-08
YOR160W,YDR461W,0.19865286350250244
YOR160W,YNL145W,7.657030437258072e-06
YGL201C,YDL165W,9.266514666705916e-07
YGL201C,YGR059W,1.1659102849836955e-10
YGL201C,YBR109C,6.461981123806471e-12
YGL201C,YJL080C,9.036545123297657e-11
YGL201C,YCR093W,0.03977913782000542
YGL201C,YIL122W,9.880726445365973e-12
YGL201C,YCL029C,2.0459422272811134e-15
YGL201C,YNL173C,1.040846089872538e-10
YGL201C,YLR452C,0.9950299263000488
YGL201C,YDL160C,3.939949522191455e-08
YGL201C,YLR229C,0.0009877068223431706
YGL201C,YML057W,7.486520292587784e-10
YGL201C,YER149C,1.6672415670271334e-09
YGL201C,YMR305C,3.4696106013143435e-05
YGL201C,YLR433C,2.3243273972184397e-09
YGL201C,YJL073W,8.821812684800534e-07
YGL201C,YGR279C,1.1319413715682458e-05
YGL201C,YKL190W,1.0922678317371037e-09
YGL201C,YGL089C,1.1699895338581484e-13
YGL201C,YJL019W,0.047036830335855484
YGL201C,YJL018W,0.00033476747921667993
YGL201C,YNR032C-A,0.06669144332408905
YGL201C,YGL178W,1.3275157471070997e-05
YGL201C,YKL116C,5.433277959487892e-12
YGL201C,YDL214C,0.0010396413272246718
YGL201C,YLR362W,5.454908205138054e-07
YGL201C,YER068W,9.636443820681961e-08
YGL201C,YHR084W,2.6833973606699146e-05
YGL201C,YDR392W,1.327206677892434e-09
YGL201C,YNL053W,4.6480028686346486e-05
YGL201C,YGR040W,2.539426304792869e-07
YGL201C,YDL216C,0.0008263839990831912
YGL201C,YOL117W,2.8738218915691505e-08
YGL201C,YJR086W,8.903051593733835e-07
YGL201C,YMR025W,0.03073425218462944
YGL201C,YBR081C,7.377427664323477e-07
YGL201C,YFL026W,0.4118742346763611
YGL201C,YHL007C,2.4989620328597084e-07
YGL201C,YNR044W,0.9999566078186035
YGL201C,YNL271C,4.950476795784198e-05
YGL201C,YDR200C,2.497733021300519e-06
YGL201C,YKL178C,0.10233919322490692
YGL201C,YOR212W,0.9641767740249634
YGL201C,YOL111C,2.8772892619599588e-05
YGL201C,YGL032C,2.8240241590538062e-05
YGL201C,YHR005C,5.188767318031751e-06
YGL201C,YDR103W,5.016907493882172e-07
YGL201C,YJR084W,8.325744954573722e-11
YGL201C,YCL032W,1.8409470214919565e-07
YGL201C,YJL170C,2.5815159006015165e-06
YGL201C,YDR179C,8.873390910935086e-09
YGL201C,YBR095C,1.7816543618209835e-07
YGL201C,YLL021W,8.947647245349799e-08
YGL201C,YDL159W,3.1921104214766016e-12
YGL201C,YNL161W,0.00016221648547798395
YGL201C,YNL188W,6.892588135087863e-05
YGL201C,YJL157C,9.178761683870107e-05
YGL201C,YJL034W,2.823437910137727e-07
YGL201C,YLR238W,4.052870281157084e-05
YGL201C,YPR141C,1.843144734059443e-11
YGL201C,YNL127W,1.462343690583623e-09
YGL201C,YCL055W,1.2267937776755389e-09
YGL201C,YPR122W,5.126200267113745e-05
YGL201C,YMR065W,0.05766419693827629
YGL201C,YDR356W,0.014937575906515121
YGL201C,YMR052W,3.2254297366307583e-07
YGL201C,YFR008W,2.349220906694427e-08
YGL201C,YLL043W,1.6302058369888073e-08
YGL201C,YMR029C,2.38856159739953e-07
YGL201C,YJR004C,6.943644166312879e-07
YGL201C,YDL223C,1.407871778718857e-15
YGL201C,YHR158C,4.7761426685610786e-05
YGL201C,YGR238C,1.6203696162619963e-08
YGL201C,YIL015W,0.00023698229051660746
YGL201C,YGL173C,7.418028644678998e-07
YGL201C,YDL225W,5.081948529550573e-06
YGL201C,YLR330W,4.135334741306451e-09
YGL201C,YBR129C,5.294344373396598e-05
YGL201C,YKR095W-A,0.2020167112350464
YGL201C,YPR075C,2.787718813124229e-06
YGL201C,YMR198W,0.18481013178825378
YGL201C,YOR127W,0.0002675045107025653
YGL201C,YDR264C,0.00021382412523962557
YGL201C,YLR110C,1.1016159096044476e-09
YGL201C,YDR379W,2.2797821657150052e-06
YGL201C,YDL100C,0.01480135042220354
YGL201C,YHR073W,8.231266292568762e-06
YGL201C,YJR090C,0.7544863224029541
YGL201C,YOR208W,0.00015479465946555138
YGL201C,YBR040W,6.291955651249737e-05
YGL201C,YNL279W,9.342593330075033e-06
YGL201C,YER075C,0.00015083339530974627
YGL201C,YCR089W,5.8930108934873715e-05
YGL201C,YCR002C,6.585095135847041e-09
YGL201C,YJL108C,0.0005660132155753672
YGL201C,YBR200W,8.322497706103604e-06
YGL201C,YIL026C,1.669976938956097e-07
YGL201C,YJR076C,4.9823107417523715e-08
YGL201C,YKR031C,1.6494605858952127e-07
YGL201C,YPL192C,0.03206770867109299
YGL201C,YHR107C,0.5419263243675232
YGL201C,YIL037C,1.394969473267338e-07
YGL201C,YPL156C,5.094985317555256e-05
YGL201C,YIL117C,1.475671154553288e-14
YGL201C,YHR066W,2.762496897901201e-10
YGL201C,YML085C,0.8730263113975525
YGL201C,YML047C,0.05415424704551697
YGL201C,YDR312W,5.478655680235534e-07
YGL201C,YFL037W,0.32880693674087524
YGL201C,YDL038C,0.2020167112350464
YGL201C,YDL039C,1.956679852810339e-06
YGL201C,YCL027W,1.2952523320564069e-06
YGL201C,YML124C,4.333808465162292e-05
YGL201C,YGL053W,1.4665805792901665e-05
YGL201C,YMR232W,3.8377145017420844e-08
YGL201C,YNL298W,6.642147582169855e-06
YGL201C,YGL099W,2.1878870243297044e-11
YGL201C,YBL016W,1.5257628060288964e-12
YGL201C,YAL041W,0.2747373580932617
YGL201C,YDR085C,0.0002457098744343966
YGL201C,YPL187W,5.683790004695766e-05
YGL201C,YPL256C,3.474960874605415e-10
YGL201C,YDR461W,1.43689717901907e-07
YGL201C,YNL145W,4.351328243501484e-06
YOR363C,YDL165W,2.6723023793806533e-08
YOR363C,YGR059W,4.4584518368862014e-13
YOR363C,YBR109C,3.749692567113028e-16
YOR363C,YJL080C,1.146649994159183e-15
YOR363C,YCR093W,3.5239908213746673e-11
YOR363C,YIL122W,4.3411514278625905e-15
YOR363C,YCL029C,5.834529588355508e-07
YOR363C,YNL173C,0.00018692115554586053
YOR363C,YLR452C,1.702053775698431e-11
YOR363C,YDL160C,3.167683337856886e-10
YOR363C,YLR229C,2.691810663257854e-10
YOR363C,YML057W,7.398021230823725e-16
YOR363C,YER149C,0.9941180944442749
YOR363C,YMR305C,2.222921648353804e-05
YOR363C,YLR433C,0.001106869662180543
YOR363C,YJL073W,2.1466919908341708e-10
YOR363C,YGR279C,5.596956058340208e-12
YOR363C,YKL190W,6.44607034416822e-10
YOR363C,YGL089C,3.312265739463527e-10
YOR363C,YJL019W,3.5191314307070343e-09
YOR363C,YJL018W,0.003455033525824547
YOR363C,YNR032C-A,0.023252449929714203
YOR363C,YGL178W,0.0014621727168560028
YOR363C,YKL116C,5.331360365894535e-16
YOR363C,YDL214C,0.011641488410532475
YOR363C,YLR362W,1.3135537102471062e-10
YOR363C,YER068W,6.698810466332361e-05
YOR363C,YHR084W,4.963553457137948e-10
YOR363C,YDR392W,3.266508429078385e-05
YOR363C,YNL053W,0.0008639633888378739
YOR363C,YGR040W,3.769434187006482e-08
YOR363C,YDL216C,8.232623076764867e-05
YOR363C,YOL117W,1.610828377351936e-07
YOR363C,YJR086W,6.641145411379057e-10
YOR363C,YMR025W,8.198851020324582e-08
YOR363C,YBR081C,1.7851426933890302e-11
YOR363C,YFL026W,9.027858322951943e-05
YOR363C,YHL007C,8.38661695645726e-10
YOR363C,YNR044W,2.3983985370651384e-12
YOR363C,YNL271C,1.0323986110449823e-08
YOR363C,YDR200C,6.823526064181351e-07
YOR363C,YKL178C,1.9459932332210883e-07
YOR363C,YOR212W,1.0098707300247543e-16
YOR363C,YOL111C,3.5823453578553988e-12
YOR363C,YGL032C,0.0017790187848731875
YOR363C,YHR005C,2.7326779672876e-05
YOR363C,YDR103W,8.705608820491761e-07
YOR363C,YJR084W,1.3146399169272627e-06
YOR363C,YCL032W,1.6557009985262994e-08
YOR363C,YJL170C,4.591246351992595e-07
YOR363C,YDR179C,6.126219886937179e-08
YOR363C,YBR095C,1.3664392099599354e-05
YOR363C,YLL021W,3.7611224001921073e-07
YOR363C,YDL159W,4.1724845692252266e-13
YOR363C,YNL161W,1.460247602835807e-07
YOR363C,YNL188W,5.817900723008835e-17
YOR363C,YJL157C,1.3825447240378708e-05
YOR363C,YJL034W,4.70174951489738e-13
YOR363C,YLR238W,1.6940105984630804e-09
YOR363C,YPR141C,9.919905608751778e-13
YOR363C,YNL127W,1.6043432538026536e-07
YOR363C,YCL055W,2.2387590045691574e-11
YOR363C,YPR122W,3.6503765841189306e-06
YOR363C,YMR065W,6.375362318067346e-06
YOR363C,YDR356W,0.981044590473175
YOR363C,YMR052W,2.843692891840027e-14
YOR363C,YFR008W,2.711324220694422e-10
YOR363C,YLL043W,3.3279522426710173e-07
YOR363C,YMR029C,1.767846008471352e-10
YOR363C,YJR004C,1.76861917111637e-07
YOR363C,YDL223C,1.7450809894348218e-11
YOR363C,YHR158C,3.034808457869076e-07
YOR363C,YGR238C,7.26758570083375e-17
YOR363C,YIL015W,2.1347798195847645e-08
YOR363C,YGL173C,2.5248984896137153e-15
YOR363C,YDL225W,3.4781528624646123e-16
YOR363C,YLR330W,1.9495477454611887e-10
YOR363C,YBR129C,8.072125012859033e-08
YOR363C,YKR095W-A,0.2020167112350464
YOR363C,YPR075C,9.596097925168579e-07
YOR363C,YMR198W,1.0748379183217471e-12
YOR363C,YOR127W,5.8934470636984315e-09
YOR363C,YDR264C,1.5009447018599076e-09
YOR363C,YLR110C,0.0006250133155845106
YOR363C,YDR379W,0.008918242529034615
YOR363C,YDL100C,2.1615124415433396e-17
YOR363C,YHR073W,1.5567939826155452e-08
YOR363C,YJR090C,0.2296491116285324
YOR363C,YOR208W,3.535688723136504e-13
YOR363C,YBR040W,2.0385665777666873e-07
YOR363C,YNL279W,7.474107444060962e-10
YOR363C,YER075C,0.0010707980254665017
YOR363C,YCR089W,0.00021726395061705261
YOR363C,YCR002C,8.803263007450823e-09
YOR363C,YJL108C,7.146984444261761e-07
YOR363C,YBR200W,3.948502680373167e-08
YOR363C,YIL026C,0.013401811942458153
YOR363C,YJR076C,2.3967681544957362e-14
YOR363C,YKR031C,6.769061292288825e-05
YOR363C,YPL192C,1.709308605768456e-07
YOR363C,YHR107C,4.212885869492311e-06
YOR363C,YIL037C,4.687067140657364e-12
YOR363C,YPL156C,2.2747544790036045e-06
YOR363C,YIL117C,0.0008557734545320272
YOR363C,YHR066W,8.152312158671293e-10
YOR363C,YML085C,1.2037176810864025e-12
YOR363C,YML047C,0.003463021945208311
YOR363C,YDR312W,0.03598232939839363
YOR363C,YFL037W,5.947564658923422e-15
YOR363C,YDL038C,0.2020167112350464
YOR363C,YDL039C,3.032571527228356e-08
YOR363C,YCL027W,1.5558091490674997e-06
YOR363C,YML124C,4.725199977795953e-15
YOR363C,YGL053W,4.522063973277923e-11
YOR363C,YMR232W,8.867421553981902e-12
YOR363C,YNL298W,1.1857974454784759e-12
YOR363C,YGL099W,1.0700611507985514e-09
YOR363C,YBL016W,5.614416522803367e-07
YOR363C,YAL041W,4.8746628067419806e-08
YOR363C,YDR085C,7.289305964386372e-11
YOR363C,YPL187W,1.964250984087812e-09
YOR363C,YPL256C,6.821346119068039e-07
YOR363C,YDR461W,4.882117279891851e-11
YOR363C,YNL145W,3.0737542289216435e-08
YGR049W,YDL165W,0.0008980882703326643
YGR049W,YGR059W,3.979915163654368e-06
YGR049W,YBR109C,7.89721161709167e-06
YGR049W,YJL080C,9.521045388598891e-17
YGR049W,YCR093W,7.073640284627203e-11
YGR049W,YIL122W,2.7422996165538116e-11
YGR049W,YCL029C,1.127202714848452e-12
YGR049W,YNL173C,9.511213321314739e-16
YGR049W,YLR452C,3.022817456413418e-12
YGR049W,YDL160C,2.5467730146999656e-09
YGR049W,YLR229C,7.488057550864187e-15
YGR049W,YML057W,1.2285802258350798e-13
YGR049W,YER149C,8.885673447034392e-12
YGR049W,YMR305C,1.0239997044661148e-22
YGR049W,YLR433C,2.0472876872639423e-20
YGR049W,YJL073W,4.2922937382172677e-07
YGR049W,YGR279C,1.3854559623301902e-14
YGR049W,YKL190W,6.391485864870594e-12
YGR049W,YGL089C,2.1454444666148265e-13
YGR049W,YJL019W,5.286493021117167e-08
YGR049W,YJL018W,0.00421882001683116
YGR049W,YNR032C-A,7.17387456461438e-06
YGR049W,YGL178W,4.467019462661703e-11
YGR049W,YKL116C,6.727039498360954e-12
YGR049W,YDL214C,0.00034132759901694953
YGR049W,YLR362W,1.0573868447494306e-09
YGR049W,YER068W,8.484841487188532e-07
YGR049W,YHR084W,4.243175226292806e-06
YGR049W,YDR392W,6.925578281278595e-17
YGR049W,YNL053W,8.771471726731761e-08
YGR049W,YGR040W,0.0002380275836912915
YGR049W,YDL216C,8.359099138788642e-14
YGR049W,YOL117W,2.7568867870010616e-13
YGR049W,YJR086W,2.358925832446346e-10
YGR049W,YMR025W,2.6504929814646714e-17
YGR049W,YBR081C,6.6243233121099365e-09
YGR049W,YFL026W,1.5451936974386626e-07
YGR049W,YHL007C,2.940057646492332e-17
YGR049W,YNR044W,1.0550922358021353e-09
YGR049W,YNL271C,7.550131613243138e-07
YGR049W,YDR200C,3.930390448658727e-06
YGR049W,YKL178C,2.0330773509158462e-08
YGR049W,YOR212W,1.5984710266309012e-15
YGR049W,YOL111C,2.2945305154324896e-15
YGR049W,YGL032C,2.920109027967758e-15
YGR049W,YHR005C,1.1286528352541514e-12
YGR049W,YDR103W,0.00017686179489828646
YGR049W,YJR084W,8.235710780013505e-09
YGR049W,YCL032W,1.8800196696307675e-16
YGR049W,YJL170C,5.5517141994698704e-09
YGR049W,YDR179C,3.2185086767691994e-16
YGR049W,YBR095C,6.029102130739039e-12
YGR049W,YLL021W,0.00038133334601297975
YGR049W,YDL159W,1.188765168080863e-06
YGR049W,YNL161W,9.544839224551183e-11
YGR049W,YNL188W,2.5364251257181886e-15
YGR049W,YJL157C,5.944250642517289e-16
YGR049W,YJL034W,3.3187726655378724e-14
YGR049W,YLR238W,3.841559248485282e-08
YGR049W,YPR141C,3.8775783799127606e-12
YGR049W,YNL127W,1.397692739324441e-09
YGR049W,YCL055W,1.981260121242112e-11
YGR049W,YPR122W,1.012167238911843e-09
YGR049W,YMR065W,0.9377321600914001
YGR049W,YDR356W,1.385402285711702e-19
YGR049W,YMR052W,9.394866828937865e-12
YGR049W,YFR008W,6.064159049044837e-13
YGR049W,YLL043W,3.329408580429738e-12
YGR049W,YMR029C,3.687577841145857e-15
YGR049W,YJR004C,0.0013766911579295993
YGR049W,YDL223C,3.3788663073654234e-16
YGR049W,YHR158C,1.4387394386972119e-08
YGR049W,YGR238C,7.40698808954221e-08
YGR049W,YIL015W,2.505671781172225e-10
YGR049W,YGL173C,2.905538167397026e-06
YGR049W,YDL225W,1.1614335881926507e-10
YGR049W,YLR330W,2.260818485547156e-12
YGR049W,YBR129C,1.6473675201744697e-10
YGR049W,YKR095W-A,0.2020167112350464
YGR049W,YPR075C,1.3937933545093983e-05
YGR049W,YMR198W,7.847717614639649e-11
YGR049W,YOR127W,7.668824207390443e-14
YGR049W,YDR264C,6.531923613106727e-11
YGR049W,YLR110C,4.765779976878548e-06
YGR049W,YDR379W,1.043925120568852e-15
YGR049W,YDL100C,1.0033658478620863e-16
YGR049W,YHR073W,9.560763266421458e-15
YGR049W,YJR090C,1.013226551549451e-07
YGR049W,YOR208W,2.8368942366796546e-05
YGR049W,YBR040W,4.961693321092753e-06
YGR049W,YNL279W,1.9522551156114787e-05
YGR049W,YER075C,1.846402142291481e-08
YGR049W,YCR089W,7.393754662340934e-14
YGR049W,YCR002C,1.328132128719517e-07
YGR049W,YJL108C,3.4453231825652686e-13
YGR049W,YBR200W,2.0674474285331534e-11
YGR049W,YIL026C,3.399786659844652e-23
YGR049W,YJR076C,3.831632141562333e-14
YGR049W,YKR031C,8.310275384504351e-11
YGR049W,YPL192C,3.686198048191702e-12
YGR049W,YHR107C,4.2292183644043746e-10
YGR049W,YIL037C,5.946442643844918e-11
YGR049W,YPL156C,3.043439111838353e-10
YGR049W,YIL117C,2.0992508946438004e-12
YGR049W,YHR066W,4.69049678383706e-14
YGR049W,YML085C,1.628012036292148e-08
YGR049W,YML047C,0.013521325774490833
YGR049W,YDR312W,4.322414014566394e-22
YGR049W,YFL037W,2.1251229633110137e-23
YGR049W,YDL038C,0.2020167112350464
YGR049W,YDL039C,7.778105315632563e-20
YGR049W,YCL027W,1.9633080228231847e-06
YGR049W,YML124C,1.483488421623498e-14
YGR049W,YGL053W,1.5829771655262448e-05
YGR049W,YMR232W,1.9517226519383257e-06
YGR049W,YNL298W,1.6595049385573755e-15
YGR049W,YGL099W,1.918015705244215e-22
YGR049W,YBL016W,6.378393144467745e-16
YGR049W,YAL041W,1.0392379179435807e-09
YGR049W,YDR085C,7.663414902658872e-10
YGR049W,YPL187W,0.006810804363340139
YGR049W,YPL256C,9.093471097758801e-17
YGR049W,YDR461W,6.671451853490054e-17
YGR049W,YNL145W,2.985682534539791e-11
YPR010C,YDL165W,5.517607496585697e-05
YPR010C,YGR059W,7.48914472104012e-11
YPR010C,YBR109C,5.5169836658183747e-17
YPR010C,YJL080C,4.109634160753828e-11
YPR010C,YCR093W,0.0886765867471695
YPR010C,YIL122W,1.7510485506022633e-08
YPR010C,YCL029C,2.056799353056249e-08
YPR010C,YNL173C,7.04151581487622e-09
YPR010C,YLR452C,9.18829567986279e-10
YPR010C,YDL160C,1.1122620691139673e-07
YPR010C,YLR229C,1.0086935898091093e-14
YPR010C,YML057W,3.8116281001169205e-19
YPR010C,YER149C,4.4558416344496235e-17
YPR010C,YMR305C,9.031205904329484e-18
YPR010C,YLR433C,1.347474687385386e-09
YPR010C,YJL073W,1.5487153226523276e-11
YPR010C,YGR279C,6.60425342106192e-16
YPR010C,YKL190W,7.606953431604779e-07
YPR010C,YGL089C,0.5646843314170837
YPR010C,YJL019W,1.0429274880152661e-05
YPR010C,YJL018W,9.803759166970849e-05
YPR010C,YNR032C-A,0.6402190923690796
YPR010C,YGL178W,5.39987777301576e-05
YPR010C,YKL116C,8.513061783288478e-11
YPR010C,YDL214C,5.746873625867011e-07
YPR010C,YLR362W,6.053240667824866e-06
YPR010C,YER068W,1.4879477205909097e-08
YPR010C,YHR084W,3.288223880657281e-19
YPR010C,YDR392W,8.540862836525775e-06
YPR010C,YNL053W,0.9238181710243225
YPR010C,YGR040W,2.0927900550304912e-05
YPR010C,YDL216C,7.60516854825255e-07
YPR010C,YOL117W,2.2721605955240698e-13
YPR010C,YJR086W,1.0505353884582291e-06
YPR010C,YMR025W,1.5458335838047788e-06
YPR010C,YBR081C,0.0005124082672409713
YPR010C,YFL026W,0.0032142086420208216
YPR010C,YHL007C,1.4986482107376409e-12
YPR010C,YNR044W,6.235509499674663e-05
YPR010C,YNL271C,0.03027188964188099
YPR010C,YDR200C,7.351963417270079e-17
YPR010C,YKL178C,2.7297555789118633e-05
YPR010C,YOR212W,3.9858311096097054e-11
YPR010C,YOL111C,3.9797596641799604e-12
YPR010C,YGL032C,3.549254501411525e-10
YPR010C,YHR005C,0.3779522776603699
YPR010C,YDR103W,3.827518594334833e-05
YPR010C,YJR084W,2.4598114656271264e-09
YPR010C,YCL032W,9.013572999094777e-09
YPR010C,YJL170C,8.610363875050098e-05
YPR010C,YDR179C,1.0938957530015614e-05
YPR010C,YBR095C,7.675982487853616e-05
YPR010C,YLL021W,0.0031718353275209665
YPR010C,YDL159W,4.2050536663840177e-11
YPR010C,YNL161W,0.0008445188286714256
YPR010C,YNL188W,1.714304899750295e-14
YPR010C,YJL157C,1.1400572041964097e-08
YPR010C,YJL034W,2.5408273197268305e-18
YPR010C,YLR238W,0.00980740413069725
YPR010C,YPR141C,0.019688334316015244
YPR010C,YNL127W,0.0015018807025626302
YPR010C,YCL055W,3.149914357125638e-11
YPR010C,YPR122W,6.374672238962376e-07
YPR010C,YMR065W,0.015011228621006012
YPR010C,YDR356W,0.0009555506985634565
YPR010C,YMR052W,0.0030294794123619795
YPR010C,YFR008W,1.8648062694720524e-12
YPR010C,YLL043W,0.00013497435429599136
YPR010C,YMR029C,0.8099021911621094
YPR010C,YJR004C,3.4738284739432856e-05
YPR010C,YDL223C,5.6280475523046446e-18
YPR010C,YHR158C,0.019754840061068535
YPR010C,YGR238C,2.2208430027707143e-13
YPR010C,YIL015W,0.99954754114151
YPR010C,YGL173C,1.8937456047751766e-09
YPR010C,YDL225W,1.1233956575043818e-15
YPR010C,YLR330W,5.559221138984327e-11
YPR010C,YBR129C,6.458247662521899e-05
YPR010C,YKR095W-A,0.2020167112350464
YPR010C,YPR075C,9.119067385654489e-07
YPR010C,YMR198W,0.003036125795915723
YPR010C,YOR127W,4.8086636525113136e-05
YPR010C,YDR264C,7.838752935640514e-08
YPR010C,YLR110C,1.846855468556896e-07
YPR010C,YDR379W,1.8055586539778012e-11
YPR010C,YDL100C,5.109018541560317e-09
YPR010C,YHR073W,5.2212108130333945e-06
YPR010C,YJR090C,3.7262404273263883e-10
YPR010C,YOR208W,1.1398506138959874e-08
YPR010C,YBR040W,0.0002770009159576148
YPR010C,YNL279W,0.0005955798551440239
YPR010C,YER075C,9.750676932540614e-10
YPR010C,YCR089W,1.6163239706656896e-05
YPR010C,YCR002C,3.4522534136938177e-11
YPR010C,YJL108C,6.08235817267655e-09
YPR010C,YBR200W,1.8200688733926995e-09
YPR010C,YIL026C,7.57033376430627e-07
YPR010C,YJR076C,1.0310474863217678e-05
YPR010C,YKR031C,0.08458270132541656
YPR010C,YPL192C,0.008855830878019333
YPR010C,YHR107C,5.570242865360342e-05
YPR010C,YIL037C,3.932775882731221e-07
YPR010C,YPL156C,0.2419910430908203
YPR010C,YIL117C,0.08187726140022278
YPR010C,YHR066W,1.5877361694631249e-18
YPR010C,YML085C,4.844143142168633e-11
YPR010C,YML047C,0.1445300281047821
YPR010C,YDR312W,1.3176916502377622e-10
YPR010C,YFL037W,4.427871264089944e-11
YPR010C,YDL038C,0.2020167112350464
YPR010C,YDL039C,9.958361033568508e-07
YPR010C,YCL027W,0.00011219194129807875
YPR010C,YML124C,1.345142276238569e-14
YPR010C,YGL053W,1.1939484123590915e-10
YPR010C,YMR232W,1.7964401077819048e-09
YPR010C,YNL298W,2.7654350560624152e-05
YPR010C,YGL099W,4.298455461606817e-15
YPR010C,YBL016W,8.18727516338491e-11
YPR010C,YAL041W,1.8222323205918656e-06
YPR010C,YDR085C,6.239893940229247e-15
YPR010C,YPL187W,0.32953742146492004
YPR010C,YPL256C,1.2123000381336624e-09
YPR010C,YDR461W,4.589124558336023e-15
YPR010C,YNL145W,2.499118412213619e-10
YDR478W,YDL165W,1.0860498150577769e-05
YDR478W,YGR059W,9.581525572954774e-10
YDR478W,YBR109C,0.0006627428811043501
YDR478W,YJL080C,4.868952601100318e-07
YDR478W,YCR093W,1.7819074855651706e-06
YDR478W,YIL122W,1.0606697742332472e-08
YDR478W,YCL029C,5.701542704628082e-06
YDR478W,YNL173C,4.340054215793431e-17
YDR478W,YLR452C,2.588066705389025e-10
YDR478W,YDL160C,2.353182926295716e-10
YDR478W,YLR229C,5.390461979004613e-07
YDR478W,YML057W,7.749601307893705e-12
YDR478W,YER149C,2.0784459593414795e-06
YDR478W,YMR305C,3.945405113725542e-10
YDR478W,YLR433C,2.0500469872786198e-06
YDR478W,YJL073W,9.304364570472679e-12
YDR478W,YGR279C,3.561485580953588e-19
YDR478W,YKL190W,4.8659490659019866e-08
YDR478W,YGL089C,1.3180897440179251e-06
YDR478W,YJL019W,3.3324438764026354e-09
YDR478W,YJL018W,0.00012612363207153976
YDR478W,YNR032C-A,1.113155008169997e-06
YDR478W,YGL178W,1.2907690194463584e-10
YDR478W,YKL116C,7.902840337692396e-08
YDR478W,YDL214C,8.675695717386134e-09
YDR478W,YLR362W,4.257919572481228e-10
YDR478W,YER068W,1.6753553211401595e-08
YDR478W,YHR084W,2.5846840223664458e-09
YDR478W,YDR392W,1.4776965762131056e-10
YDR478W,YNL053W,2.5675127801605413e-08
YDR478W,YGR040W,1.2039330954394245e-07
YDR478W,YDL216C,3.191027086665854e-12
YDR478W,YOL117W,7.476694463548483e-07
YDR478W,YJR086W,2.2281842575466726e-06
YDR478W,YMR025W,6.760705190123062e-11
YDR478W,YBR081C,0.00011015550990123302
YDR478W,YFL026W,3.973667173085005e-09
YDR478W,YHL007C,1.512115259394431e-11
YDR478W,YNR044W,4.596605553326173e-15
YDR478W,YNL271C,1.4112634971752414e-07
YDR478W,YDR200C,3.3770509040012206e-15
YDR478W,YKL178C,2.6277481083525345e-05
YDR478W,YOR212W,7.02012558327636e-13
YDR478W,YOL111C,5.683811650669668e-06
YDR478W,YGL032C,1.3310631707952325e-08
YDR478W,YHR005C,3.5944067349191755e-06
YDR478W,YDR103W,7.463038520505449e-10
YDR478W,YJR084W,3.364099276925714e-10
YDR478W,YCL032W,1.5616345990565605e-05
YDR478W,YJL170C,2.1162593100143567e-07
YDR478W,YDR179C,1.045515890795443e-14
YDR478W,YBR095C,5.8539768360788e-05
YDR478W,YLL021W,2.3826263184645313e-09
YDR478W,YDL159W,5.281710624416291e-10
YDR478W,YNL161W,2.0568953484900732e-10
YDR478W,YNL188W,3.5097561911222623e-15
YDR478W,YJL157C,1.2078131828019423e-09
YDR478W,YJL034W,1.7845793820470135e-07
YDR478W,YLR238W,2.7853781781050913e-11
YDR478W,YPR141C,2.6252602869369923e-10
YDR478W,YNL127W,4.252110663571784e-09
YDR478W,YCL055W,3.4030449709275766e-22
YDR478W,YPR122W,0.00020078427041880786
YDR478W,YMR065W,1.2144256086865646e-11
YDR478W,YDR356W,1.5044342507875008e-11
YDR478W,YMR052W,4.4175707444082946e-05
YDR478W,YFR008W,4.798821962026523e-08
YDR478W,YLL043W,1.2072567897220042e-15
YDR478W,YMR029C,3.0235586256921465e-10
YDR478W,YJR004C,2.8404623081791994e-14
YDR478W,YDL223C,2.9918010020404542e-21
YDR478W,YHR158C,1.22393643664509e-07
YDR478W,YGR238C,4.5954431016070885e-07
YDR478W,YIL015W,0.005447295494377613
YDR478W,YGL173C,3.6544420822792745e-09
YDR478W,YDL225W,0.00022603791148867458
YDR478W,YLR330W,4.10234671753551e-13
YDR478W,YBR129C,7.770111665195145e-09
YDR478W,YKR095W-A,0.2020167112350464
YDR478W,YPR075C,2.716878337702313e-14
YDR478W,YMR198W,2.6953450582567484e-10
YDR478W,YOR127W,2.916834951349756e-08
YDR478W,YDR264C,2.9943779660673853e-12
YDR478W,YLR110C,0.0006845613825134933
YDR478W,YDR379W,4.523503775999416e-06
YDR478W,YDL100C,3.427181498663612e-13
YDR478W,YHR073W,1.2933929968705904e-11
YDR478W,YJR090C,6.534804977958303e-14
YDR478W,YOR208W,1.421498248971309e-11
YDR478W,YBR040W,1.5634301234968007e-05
YDR478W,YNL279W,2.86910057344103e-12
YDR478W,YER075C,2.306274473085068e-05
YDR478W,YCR089W,4.566734577299281e-12
YDR478W,YCR002C,0.5426188111305237
YDR478W,YJL108C,2.4788470023373935e-14
YDR478W,YBR200W,1.7222838823507947e-12
YDR478W,YIL026C,2.037837099067019e-08
YDR478W,YJR076C,0.01930273324251175
YDR478W,YKR031C,4.75636312557981e-07
YDR478W,YPL192C,7.658423442080675e-07
YDR478W,YHR107C,1.4705758312472117e-12
YDR478W,YIL037C,4.129323860979639e-05
YDR478W,YPL156C,1.3031258561113646e-07
YDR478W,YIL117C,1.8371448806675517e-09
YDR478W,YHR066W,1.3814545210891205e-12
YDR478W,YML085C,4.4525017006691314e-10
YDR478W,YML047C,2.3079039124240808e-08
YDR478W,YDR312W,4.627557560234197e-13
YDR478W,YFL037W,1.7466554425027425e-08
YDR478W,YDL038C,0.2020167112350464
YDR478W,YDL039C,4.722569557635836e-11
YDR478W,YCL027W,1.1234391195102944e-06
YDR478W,YML124C,2.0242299503259176e-10
YDR478W,YGL053W,2.798542300674889e-11
YDR478W,YMR232W,3.557363825734683e-08
YDR478W,YNL298W,1.8041713956140626e-11
YDR478W,YGL099W,2.8396723308418765e-17
YDR478W,YBL016W,6.394967333456236e-10
YDR478W,YAL041W,3.0754838779845084e-12
YDR478W,YDR085C,5.820407225848659e-14
YDR478W,YPL187W,0.34297189116477966
YDR478W,YPL256C,5.921161894129057e-10
YDR478W,YDR461W,2.524792762415018e-06
YDR478W,YNL145W,1.5284464325304725e-06
YKR028W,YDL165W,0.6629490852355957
YKR028W,YGR059W,4.4500669815761285e-09
YKR028W,YBR109C,1.0164295417780522e-05
YKR028W,YJL080C,9.692454616683222e-10
YKR028W,YCR093W,0.01953546702861786
YKR028W,YIL122W,0.03892303258180618
YKR028W,YCL029C,5.2155222363126086e-09
YKR028W,YNL173C,6.593804573640227e-05
YKR028W,YLR452C,0.19508539140224457
YKR028W,YDL160C,3.8723874240531586e-07
YKR028W,YLR229C,0.061324335634708405
YKR028W,YML057W,7.215966157936293e-10
YKR028W,YER149C,7.454544288520992e-07
YKR028W,YMR305C,8.991124559543096e-06
YKR028W,YLR433C,1.8356107744921246e-09
YKR028W,YJL073W,4.402416486914973e-10
YKR028W,YGR279C,0.015524126589298248
YKR028W,YKL190W,1.0775916964300691e-10
YKR028W,YGL089C,0.9697960615158081
YKR028W,YJL019W,1.36995059740741e-09
YKR028W,YJL018W,0.00039453766657970846
YKR028W,YNR032C-A,0.009952517226338387
YKR028W,YGL178W,8.781926297274367e-10
YKR028W,YKL116C,1.7385991668561473e-07
YKR028W,YDL214C,3.1082979939922595e-11
YKR028W,YLR362W,1.8033988169463555e-07
YKR028W,YER068W,9.059170906766667e-07
YKR028W,YHR084W,2.6598607291816734e-05
YKR028W,YDR392W,0.2823325991630554
YKR028W,YNL053W,2.6682548195822164e-05
YKR028W,YGR040W,0.0033313308376818895
YKR028W,YDL216C,0.0038281769957393408
YKR028W,YOL117W,4.9574840760291394e-12
YKR028W,YJR086W,0.006195397116243839
YKR028W,YMR025W,0.00037029513623565435
YKR028W,YBR081C,2.124300954164937e-05
YKR028W,YFL026W,0.7874935269355774
YKR028W,YHL007C,4.069205533596687e-05
YKR028W,YNR044W,4.7653256274315936e-07
YKR028W,YNL271C,0.012237736023962498
YKR028W,YDR200C,0.0004891980206593871
YKR028W,YKL178C,9.478736501478124e-06
YKR028W,YOR212W,0.0001062289229594171
YKR028W,YOL111C,2.0554763242562894e-17
YKR028W,YGL032C,2.9021461159572937e-05
YKR028W,YHR005C,1.0121609648194863e-06
YKR028W,YDR103W,0.48327210545539856
YKR028W,YJR084W,0.9647300839424133
YKR028W,YCL032W,0.7867741584777832
YKR028W,YJL170C,0.07043460011482239
YKR028W,YDR179C,1.3660275167970415e-11
YKR028W,YBR095C,7.179041404015152e-06
YKR028W,YLL021W,0.5216986536979675
YKR028W,YDL159W,2.6329437332606176e-06
YKR028W,YNL161W,3.462048334768042e-05
YKR028W,YNL188W,2.816283995343838e-06
YKR028W,YJL157C,2.513783314839202e-08
YKR028W,YJL034W,9.81131597654894e-05
YKR028W,YLR238W,0.1626039743423462
YKR028W,YPR141C,0.6625813245773315
YKR028W,YNL127W,0.0018698135390877724
YKR028W,YCL055W,2.0987452842291532e-07
YKR028W,YPR122W,8.757743863441192e-09
YKR028W,YMR065W,2.8481414119596593e-05
YKR028W,YDR356W,0.06417443603277206
YKR028W,YMR052W,0.44329220056533813
YKR028W,YFR008W,5.712749498343328e-06
YKR028W,YLL043W,7.766099770378787e-06
YKR028W,YMR029C,1.6824392332637217e-06
YKR028W,YJR004C,4.4643705399138867e-11
YKR028W,YDL223C,5.744513497291147e-15
YKR028W,YHR158C,1.341835013590753e-05
YKR028W,YGR238C,4.7386694745910063e-07
YKR028W,YIL015W,0.0002277790626976639
YKR028W,YGL173C,0.022261865437030792
YKR028W,YDL225W,5.428396843143446e-09
YKR028W,YLR330W,0.0001682188012637198
YKR028W,YBR129C,0.0009541701292619109
YKR028W,YKR095W-A,0.2020167112350464
YKR028W,YPR075C,5.309345185722236e-10
YKR028W,YMR198W,0.0028629533480852842
YKR028W,YOR127W,8.370526302314829e-06
YKR028W,YDR264C,0.8822169303894043
YKR028W,YLR110C,0.00016326984041370451
YKR028W,YDR379W,9.708374818728771e-06
YKR028W,YDL100C,2.4178909825423034e-06
YKR028W,YHR073W,0.7037365436553955
YKR028W,YJR090C,0.9999932050704956
YKR028W,YOR208W,3.5082836243434607e-15
YKR028W,YBR040W,0.13994410634040833
YKR028W,YNL279W,9.873660928860772e-06
YKR028W,YER075C,0.00017774141451809555
YKR028W,YCR089W,2.844628088638501e-09
YKR028W,YCR002C,0.0003622948133852333
YKR028W,YJL108C,0.0003463483299128711
YKR028W,YBR200W,5.865520200619423e-14
YKR028W,YIL026C,3.445382645850259e-09
YKR028W,YJR076C,6.648503585893195e-06
YKR028W,YKR031C,0.001159838866442442
YKR028W,YPL192C,0.004145720042288303
YKR028W,YHR107C,7.549289904318357e-08
YKR028W,YIL037C,1.4641940424553468e-06
YKR028W,YPL156C,0.017420344054698944
YKR028W,YIL117C,7.687745551265834e-07
YKR028W,YHR066W,1.251769248256096e-07
YKR028W,YML085C,2.7727206543204375e-05
YKR028W,YML047C,5.287255407893099e-05
YKR028W,YDR312W,0.001653275336138904
YKR028W,YFL037W,7.403775089187548e-05
YKR028W,YDL038C,0.2020167112350464
YKR028W,YDL039C,1.930826470930569e-10
YKR028W,YCL027W,2.842899071708871e-08
YKR028W,YML124C,0.0014466529246419668
YKR028W,YGL053W,1.6805661289254203e-06
YKR028W,YMR232W,2.702181802760606e-07
YKR028W,YNL298W,7.418900493938452e-10
YKR028W,YGL099W,6.860589318868904e-10
YKR028W,YBL016W,8.508248720318079e-05
YKR028W,YAL041W,0.14373423159122467
YKR028W,YDR085C,3.892049426212907e-05
YKR028W,YPL187W,0.42555826902389526
YKR028W,YPL256C,4.595252175931819e-05
YKR028W,YDR461W,1.8557481098468998e-06
YKR028W,YNL145W,2.988570599882223e-07
YMR139W,YDL165W,8.817398338578641e-06
YMR139W,YGR059W,0.00011520900443429127
YMR139W,YBR109C,1.9591598174883984e-05
YMR139W,YJL080C,1.123003130487632e-06
YMR139W,YCR093W,0.002366910921409726
YMR139W,YIL122W,0.9999874830245972
YMR139W,YCL029C,8.25558621464495e-10
YMR139W,YNL173C,0.0024880096316337585
YMR139W,YLR452C,0.0003567672101780772
YMR139W,YDL160C,0.0017600515857338905
YMR139W,YLR229C,2.1190099630530312e-07
YMR139W,YML057W,3.3554414802239307e-10
YMR139W,YER149C,0.9971768856048584
YMR139W,YMR305C,1.496580281923343e-08
YMR139W,YLR433C,7.769072544761002e-05
YMR139W,YJL073W,2.6340381169691673e-21
YMR139W,YGR279C,0.9701017141342163
YMR139W,YKL190W,0.0026987201999872923
YMR139W,YGL089C,0.0010392297990620136
YMR139W,YJL019W,0.018742479383945465
YMR139W,YJL018W,0.008845105767250061
YMR139W,YNR032C-A,0.15897345542907715
YMR139W,YGL178W,0.0009116542059928179
YMR139W,YKL116C,9.890805952039727e-10
YMR139W,YDL214C,0.881068766117096
YMR139W,YLR362W,4.037590042571537e-05
YMR139W,YER068W,3.84140541598299e-08
YMR139W,YHR084W,1.141011520293042e-13
YMR139W,YDR392W,4.806237825505377e-07
YMR139W,YNL053W,0.08626481890678406
YMR139W,YGR040W,1.4145162818834933e-09
YMR139W,YDL216C,0.6700155735015869
YMR139W,YOL117W,0.001535054063424468
YMR139W,YJR086W,5.315072939993115e-06
YMR139W,YMR025W,0.0035964176058769226
YMR139W,YBR081C,0.9795954823493958
YMR139W,YFL026W,0.056039538234472275
YMR139W,YHL007C,8.81310757705478e-09
YMR139W,YNR044W,0.11444040387868881
YMR139W,YNL271C,6.536071305163205e-05
YMR139W,YDR200C,0.3450556993484497
YMR139W,YKL178C,0.9968528151512146
YMR139W,YOR212W,0.00016015989240258932
YMR139W,YOL111C,9.086134067359808e-10
YMR139W,YGL032C,1.948549765984353e-08
YMR139W,YHR005C,1.4679112609883305e-05
YMR139W,YDR103W,5.773593875346705e-05
YMR139W,YJR084W,0.00020736937585752457
YMR139W,YCL032W,0.3805325925350189
YMR139W,YJL170C,0.0002455241628922522
YMR139W,YDR179C,1.96770303140543e-18
YMR139W,YBR095C,0.010357759892940521
YMR139W,YLL021W,2.906183915740712e-08
YMR139W,YDL159W,1.428615746590367e-06
YMR139W,YNL161W,0.9812549352645874
YMR139W,YNL188W,4.2364851537968207e-07
YMR139W,YJL157C,1.4173071963556778e-15
YMR139W,YJL034W,1.2805621973509436e-15
YMR139W,YLR238W,4.284390342945699e-06
YMR139W,YPR141C,5.51683951925952e-05
YMR139W,YNL127W,0.9924113750457764
YMR139W,YCL055W,3.2111910353016526e-10
YMR139W,YPR122W,2.9430248105200008e-06
YMR139W,YMR065W,0.9810092449188232
YMR139W,YDR356W,1.1345829307174427e-06
YMR139W,YMR052W,0.3778958022594452
YMR139W,YFR008W,1.2695242048721411e-06
YMR139W,YLL043W,0.006447418127208948
YMR139W,YMR029C,0.04600314795970917
YMR139W,YJR004C,1.8799772405486692e-08
YMR139W,YDL223C,2.3890672274008316e-15
YMR139W,YHR158C,5.687688258149137e-07
YMR139W,YGR238C,0.00021642123465426266
YMR139W,YIL015W,0.03380739688873291
YMR139W,YGL173C,0.00021766350255347788
YMR139W,YDL225W,0.006906196009367704
YMR139W,YLR330W,2.25024280098296e-07
YMR139W,YBR129C,1.5474338397325482e-06
YMR139W,YKR095W-A,0.2020167112350464
YMR139W,YPR075C,0.008426656946539879
YMR139W,YMR198W,4.3579042539931834e-05
YMR139W,YOR127W,5.790941486338852e-07
YMR139W,YDR264C,0.8077441453933716
YMR139W,YLR110C,1.17382405733224e-05
YMR139W,YDR379W,0.09816811233758926
YMR139W,YDL100C,0.99970942735672
YMR139W,YHR073W,0.9216477274894714
YMR139W,YJR090C,0.0795222744345665
YMR139W,YOR208W,3.562359052011743e-05
YMR139W,YBR040W,0.04531238228082657
YMR139W,YNL279W,0.027111567556858063
YMR139W,YER075C,0.21206535398960114
YMR139W,YCR089W,0.04969719797372818
YMR139W,YCR002C,0.008419914171099663
YMR139W,YJL108C,0.9845260381698608
YMR139W,YBR200W,8.00806958523026e-08
YMR139W,YIL026C,2.5888494903369974e-08
YMR139W,YJR076C,0.5594850778579712
YMR139W,YKR031C,0.8236286044120789
YMR139W,YPL192C,0.005754405166953802
YMR139W,YHR107C,1.4037053688298329e-06
YMR139W,YIL037C,0.0008131054346449673
YMR139W,YPL156C,0.9834895133972168
YMR139W,YIL117C,0.00026949611492455006
YMR139W,YHR066W,4.3198323588330154e-19
YMR139W,YML085C,0.0002906051813624799
YMR139W,YML047C,0.5679194927215576
YMR139W,YDR312W,1.704046792561087e-09
YMR139W,YFL037W,9.855809912551194e-05
YMR139W,YDL038C,0.2020167112350464
YMR139W,YDL039C,2.910716290216442e-08
YMR139W,YCL027W,2.710888111323584e-06
YMR139W,YML124C,0.02774735540151596
YMR139W,YGL053W,2.051470993080784e-08
YMR139W,YMR232W,0.9992940425872803
YMR139W,YNL298W,0.01026986725628376
YMR139W,YGL099W,7.483950681397289e-10
YMR139W,YBL016W,1.121457260389036e-09
YMR139W,YAL041W,0.9947596192359924
YMR139W,YDR085C,0.002432857407256961
YMR139W,YPL187W,0.4116949141025543
YMR139W,YPL256C,9.241551413019522e-10
YMR139W,YDR461W,1.3278446267875332e-13
YMR139W,YNL145W,3.2586223216307664e-12
YOL143C,YDL165W,4.854000014431481e-12
YOL143C,YGR059W,1.218982959017012e-08
YOL143C,YBR109C,0.00018057107808999717
YOL143C,YJL080C,1.2370565682928714e-10
YOL143C,YCR093W,7.221532541734632e-06
YOL143C,YIL122W,0.08826266974210739
YOL143C,YCL029C,2.045416443159634e-18
YOL143C,YNL173C,8.505324222696231e-10
YOL143C,YLR452C,2.3753013445038107e-10
YOL143C,YDL160C,0.00036189734237268567
YOL143C,YLR229C,0.0010546924313530326
YOL143C,YML057W,3.544311402947642e-05
YOL143C,YER149C,2.594084058671342e-08
YOL143C,YMR305C,1.3064199013496594e-18
YOL143C,YLR433C,2.7855472595206265e-08
YOL143C,YJL073W,1.0893106281903951e-14
YOL143C,YGR279C,0.013442299328744411
YOL143C,YKL190W,3.550494511728175e-07
YOL143C,YGL089C,2.731209463036066e-07
YOL143C,YJL019W,8.706859560593527e-13
YOL143C,YJL018W,0.01761503890156746
YOL143C,YNR032C-A,0.0006828070618212223
YOL143C,YGL178W,2.9610493744447464e-13
YOL143C,YKL116C,1.720622577749964e-08
YOL143C,YDL214C,7.4772747211682145e-06
YOL143C,YLR362W,2.512053652026225e-05
YOL143C,YER068W,9.85284259513719e-07
YOL143C,YHR084W,0.00027558766305446625
YOL143C,YDR392W,2.663619170562015e-06
YOL143C,YNL053W,3.2527588478617475e-13
YOL143C,YGR040W,6.0086542362114415e-05
YOL143C,YDL216C,0.035656362771987915
YOL143C,YOL117W,6.943121633185001e-08
YOL143C,YJR086W,0.00033683556830510497
YOL143C,YMR025W,1.568554508502018e-09
YOL143C,YBR081C,6.792050726289744e-07
YOL143C,YFL026W,8.821762094157748e-07
YOL143C,YHL007C,9.240418152867136e-11
YOL143C,YNR044W,1.2179299346826156e-06
YOL143C,YNL271C,2.6924818277707097e-11
YOL143C,YDR200C,1.153902928763273e-08
YOL143C,YKL178C,0.0009040767326951027
YOL143C,YOR212W,2.2719095493783925e-09
YOL143C,YOL111C,1.6044562606978736e-17
YOL143C,YGL032C,5.4983753661197454e-11
YOL143C,YHR005C,1.1850132068502717e-05
YOL143C,YDR103W,0.010896543972194195
YOL143C,YJR084W,0.00213116523809731
YOL143C,YCL032W,2.9599768822663464e-05
YOL143C,YJL170C,2.728058612344597e-10
YOL143C,YDR179C,6.484439296627897e-08
YOL143C,YBR095C,4.059801540279295e-06
YOL143C,YLL021W,6.491523627232682e-14
YOL143C,YDL159W,1.4418073988053948e-06
YOL143C,YNL161W,1.4247640137909912e-05
YOL143C,YNL188W,1.6206996855672173e-09
YOL143C,YJL157C,2.3326031641039127e-15
YOL143C,YJL034W,1.795034954010788e-10
YOL143C,YLR238W,4.4132657597839575e-12
YOL143C,YPR141C,1.620678298213998e-16
YOL143C,YNL127W,3.216842903164263e-10
YOL143C,YCL055W,8.67358095069104e-12
YOL143C,YPR122W,1.0812685764430851e-18
YOL143C,YMR065W,1.4213616850611288e-05
YOL143C,YDR356W,1.1764703344852023e-07
YOL143C,YMR052W,0.011888016015291214
YOL143C,YFR008W,0.0040719471871852875
YOL143C,YLL043W,1.0608047773530416e-09
YOL143C,YMR029C,3.857934279949404e-05
YOL143C,YJR004C,4.390519503516543e-09
YOL143C,YDL223C,4.487786497975321e-08
YOL143C,YHR158C,1.8970153572994697e-11
YOL143C,YGR238C,1.5350915418821387e-06
YOL143C,YIL015W,3.4961054495852295e-08
YOL143C,YGL173C,9.972821146675415e-08
YOL143C,YDL225W,0.00010944125097012147
YOL143C,YLR330W,5.202370090273689e-08
YOL143C,YBR129C,1.119190073950449e-09
YOL143C,YKR095W-A,0.2020167112350464
YOL143C,YPR075C,2.9235664774921072e-21
YOL143C,YMR198W,1.4875290617055725e-05
YOL143C,YOR127W,4.373497498535864e-15
YOL143C,YDR264C,2.6001905073513853e-09
YOL143C,YLR110C,1.6238716124251468e-16
YOL143C,YDR379W,1.4969441508583259e-05
YOL143C,YDL100C,1.225220445932873e-12
YOL143C,YHR073W,1.1651899285425316e-06
YOL143C,YJR090C,0.00014005866250954568
YOL143C,YOR208W,1.817154066108273e-10
YOL143C,YBR040W,6.226097320904955e-05
YOL143C,YNL279W,1.1146173051201913e-07
YOL143C,YER075C,9.527948350296356e-06
YOL143C,YCR089W,9.943587429006584e-06
YOL143C,YCR002C,8.8455929863826e-13
YOL143C,YJL108C,0.19308359920978546
YOL143C,YBR200W,5.970761094431509e-07
YOL143C,YIL026C,1.1538139705252108e-17
YOL143C,YJR076C,2.768118918220104e-14
YOL143C,YKR031C,5.7989826274251755e-08
YOL143C,YPL192C,6.419940967727911e-12
YOL143C,YHR107C,1.4775542567235789e-08
YOL143C,YIL037C,6.013784877723083e-05
YOL143C,YPL156C,9.816131841557368e-15
YOL143C,YIL117C,8.131981417136558e-07
YOL143C,YHR066W,3.9626961434446883e-11
YOL143C,YML085C,2.2230979279669327e-09
YOL143C,YML047C,0.0011767761316150427
YOL143C,YDR312W,1.0234332478709085e-11
YOL143C,YFL037W,5.427342330222018e-05
YOL143C,YDL038C,0.2020167112350464
YOL143C,YDL039C,6.666956570144933e-11
YOL143C,YCL027W,3.334120757259029e-10
YOL143C,YML124C,5.64096112043444e-08
YOL143C,YGL053W,2.096519877462736e-14
YOL143C,YMR232W,2.201448801031347e-08
YOL143C,YNL298W,6.841265835083599e-13
YOL143C,YGL099W,1.0890769132714019e-16
YOL143C,YBL016W,7.079740236442568e-15
YOL143C,YAL041W,2.112650054897358e-09
YOL143C,YDR085C,1.336389345851785e-07
YOL143C,YPL187W,0.0001121180466725491
YOL143C,YPL256C,3.902052155279252e-17
YOL143C,YDR461W,6.644652189580214e-11
YOL143C,YNL145W,7.907679719365568e-12
snR56,YDL165W,0.0012312786420807242
snR56,YGR059W,1.1620649047472398e-06
snR56,YBR109C,4.460988930077292e-05
snR56,YJL080C,9.067082373803714e-08
snR56,YCR093W,5.1170132792321965e-05
snR56,YIL122W,8.510943007422611e-05
snR56,YCL029C,0.001032689935527742
snR56,YNL173C,0.002825874602422118
snR56,YLR452C,1.330607119598426e-05
snR56,YDL160C,3.801915590884164e-05
snR56,YLR229C,2.9316654035937972e-05
snR56,YML057W,0.09341007471084595
snR56,YER149C,0.034226179122924805
snR56,YMR305C,2.230260349733726e-07
snR56,YLR433C,0.0002952832146547735
snR56,YJL073W,0.01275575254112482
snR56,YGR279C,6.799536436119524e-07
snR56,YKL190W,9.269588917959481e-05
snR56,YGL089C,0.0004049257258884609
snR56,YJL019W,0.004982770886272192
snR56,YJL018W,0.2020167112350464
snR56,YNR032C-A,2.6896896088146605e-05
snR56,YGL178W,0.0008540903800167143
snR56,YKL116C,0.00805899128317833
snR56,YDL214C,0.10135302692651749
snR56,YLR362W,0.0006937240832485259
snR56,YER068W,8.346993126906455e-05
snR56,YHR084W,1.0676326382963452e-06
snR56,YDR392W,0.008385523222386837
snR56,YNL053W,2.470341496518813e-05
snR56,YGR040W,8.778214396443218e-05
snR56,YDL216C,0.013505370356142521
snR56,YOL117W,0.009070072323083878
snR56,YJR086W,0.021279146894812584
snR56,YMR025W,1.9789704310824163e-05
snR56,YBR081C,1.16727543186812e-08
snR56,YFL026W,8.354587066605745e-07
snR56,YHL007C,0.00022285002341959625
snR56,YNR044W,1.8772090697893873e-05
snR56,YNL271C,0.0010118907084688544
snR56,YDR200C,0.2215619832277298
snR56,YKL178C,4.373767694687558e-07
snR56,YOR212W,0.0006275507039390504
snR56,YOL111C,0.3399510085582733
snR56,YGL032C,0.000746259349398315
snR56,YHR005C,0.0020028147846460342
snR56,YDR103W,5.4355725296773016e-05
snR56,YJR084W,0.5294500589370728
snR56,YCL032W,0.0015535494312644005
snR56,YJL170C,0.4642603099346161
snR56,YDR179C,0.007626051548868418
snR56,YBR095C,0.004604673944413662
snR56,YLL021W,0.00016161621897481382
snR56,YDL159W,0.0015425356104969978
snR56,YNL161W,6.609353022213327e-06
snR56,YNL188W,0.0010214117355644703
snR56,YJL157C,1.1178261956956703e-05
snR56,YJL034W,2.1359849142754683e-06
snR56,YLR238W,0.07760132104158401
snR56,YPR141C,0.23822279274463654
snR56,YNL127W,0.1773432344198227
snR56,YCL055W,0.0035107708536088467
snR56,YPR122W,0.0029182517901062965
snR56,YMR065W,0.0011914235074073076
snR56,YDR356W,0.0005445409333333373
snR56,YMR052W,0.0009277752251364291
snR56,YFR008W,0.38300612568855286
snR56,YLL043W,0.0007157537038438022
snR56,YMR029C,0.13896751403808594
snR56,YJR004C,1.1734912277461262e-06
snR56,YDL223C,2.9347850158956135e-06
snR56,YHR158C,0.00028311682399362326
snR56,YGR238C,0.13215748965740204
snR56,YIL015W,1.9465921923256246e-06
snR56,YGL173C,0.0002497272798791528
snR56,YDL225W,0.02686268463730812
snR56,YLR330W,3.386201115063159e-06
snR56,YBR129C,0.006021127104759216
snR56,YKR095W-A,0.2020167112350464
snR56,YPR075C,0.0013909274712204933
snR56,YMR198W,0.05331562086939812
snR56,YOR127W,0.07925069332122803
snR56,YDR264C,0.0002510165795683861
snR56,YLR110C,0.0004500776412896812
snR56,YDR379W,0.0014848298160359263
snR56,YDL100C,0.001207466353662312
snR56,YHR073W,0.038267068564891815
snR56,YJR090C,0.000204316689632833
snR56,YOR208W,4.2313817516514973e-07
snR56,YBR040W,8.324751252075657e-05
snR56,YNL279W,0.0029520781245082617
snR56,YER075C,2.574411337263882e-05
snR56,YCR089W,0.0005163219757378101
snR56,YCR002C,3.3218211683561094e-06
snR56,YJL108C,5.443664122140035e-06
snR56,YBR200W,0.04252006858587265
snR56,YIL026C,0.003994912840425968
snR56,YJR076C,2.542781840020325e-05
snR56,YKR031C,0.0025835102424025536
snR56,YPL192C,4.144622778312623e-08
snR56,YHR107C,0.053849026560783386
snR56,YIL037C,0.010574200190603733
snR56,YPL156C,3.7052136576676276e-06
snR56,YIL117C,0.0001754418626660481
snR56,YHR066W,4.206005087326048e-06
snR56,YML085C,0.0011669001542031765
snR56,YML047C,0.0004897235776297748
snR56,YDR312W,4.57791356893722e-05
snR56,YFL037W,4.946064655086957e-05
snR56,YDL038C,0.2020167112350464
snR56,YDL039C,4.6379041123145726e-06
snR56,YCL027W,0.0007045318488962948
snR56,YML124C,0.00010434976138640195
snR56,YGL053W,1.5826623211978585e-07
snR56,YMR232W,0.05248579382896423
snR56,YNL298W,0.0032205521129071712
snR56,YGL099W,5.816922907797561e-07
snR56,YBL016W,0.5355004668235779
snR56,YAL041W,0.0009489123476669192
snR56,YDR085C,5.818213685415685e-05
snR56,YPL187W,0.03751092776656151
snR56,YPL256C,6.034131729393266e-05
snR56,YDR461W,9.92048776460308e-10
snR56,YNL145W,2.9498727016630255e-08
YMR030W,YDL165W,8.861656652925376e-08
YMR030W,YGR059W,2.0848731629996564e-09
YMR030W,YBR109C,5.189117364967633e-13
YMR030W,YJL080C,5.987679796426448e-10
YMR030W,YCR093W,8.897358583226378e-08
YMR030W,YIL122W,3.565893393897568e-07
YMR030W,YCL029C,0.0001383873022859916
YMR030W,YNL173C,3.3499694836791605e-05
YMR030W,YLR452C,2.1773772118649504e-07
YMR030W,YDL160C,0.004219186492264271
YMR030W,YLR229C,1.1008712874627236e-07
YMR030W,YML057W,2.7391939738663496e-07
YMR030W,YER149C,0.0521559976041317
YMR030W,YMR305C,3.7475811609510856e-07
YMR030W,YLR433C,2.6338346287957393e-05
YMR030W,YJL073W,1.3786630170820047e-10
YMR030W,YGR279C,7.281385478563607e-06
YMR030W,YKL190W,3.2750108402979095e-07
YMR030W,YGL089C,3.3521479281262145e-07
YMR030W,YJL019W,2.5317504537269997e-08
YMR030W,YJL018W,0.11048731207847595
YMR030W,YNR032C-A,0.0003782243002206087
YMR030W,YGL178W,4.2760111682582647e-05
YMR030W,YKL116C,0.0005809817230328918
YMR030W,YDL214C,0.0001651797501835972
YMR030W,YLR362W,9.880185558586163e-11
YMR030W,YER068W,1.6050090076435986e-11
YMR030W,YHR084W,5.196231995796552e-07
YMR030W,YDR392W,2.6866556201987635e-10
YMR030W,YNL053W,3.779877442866564e-05
YMR030W,YGR040W,0.01895865797996521
YMR030W,YDL216C,0.0006593597354367375
YMR030W,YOL117W,0.019962722435593605
YMR030W,YJR086W,0.013009592890739441
YMR030W,YMR025W,2.8935626687598415e-05
YMR030W,YBR081C,0.0002575554244685918
YMR030W,YFL026W,0.0008835343760438263
YMR030W,YHL007C,2.8798826861020643e-06
YMR030W,YNR044W,0.003581478027626872
YMR030W,YNL271C,0.9849448800086975
YMR030W,YDR200C,3.7124370244612237e-09
YMR030W,YKL178C,0.0005117259570397437
YMR030W,YOR212W,5.7284910148780455e-09
YMR030W,YOL111C,3.453619115134643e-07
YMR030W,YGL032C,8.385734690818936e-05
YMR030W,YHR005C,0.0007918766932561994
YMR030W,YDR103W,0.001489250804297626
YMR030W,YJR084W,1.2844428965763655e-05
YMR030W,YCL032W,2.5054183727668544e-10
YMR030W,YJL170C,0.0015359444078058004
YMR030W,YDR179C,5.648465636193256e-12
YMR030W,YBR095C,1.3726760839105623e-09
YMR030W,YLL021W,0.028426911681890488
YMR030W,YDL159W,3.2607532125805694e-13
YMR030W,YNL161W,0.0368480421602726
YMR030W,YNL188W,5.278158354826701e-09
YMR030W,YJL157C,8.384367804495309e-16
YMR030W,YJL034W,2.4371640847675735e-06
YMR030W,YLR238W,5.759341892286329e-09
YMR030W,YPR141C,3.8232265069382265e-06
YMR030W,YNL127W,1.6986226661352966e-11
YMR030W,YCL055W,6.207463709717587e-11
YMR030W,YPR122W,0.00034864299232140183
YMR030W,YMR065W,1.7964211451726442e-07
YMR030W,YDR356W,1.9896947978104151e-10
YMR030W,YMR052W,2.62363126779519e-08
YMR030W,YFR008W,3.880449739313008e-08
YMR030W,YLL043W,0.014596158638596535
YMR030W,YMR029C,7.1388970290797715e-09
YMR030W,YJR004C,0.013318691402673721
YMR030W,YDL223C,3.708001727886767e-08
YMR030W,YHR158C,3.243483259751656e-10
YMR030W,YGR238C,2.0381814465508796e-05
YMR030W,YIL015W,0.006126110441982746
YMR030W,YGL173C,1.5675166720185985e-09
YMR030W,YDL225W,4.006266863143537e-06
YMR030W,YLR330W,0.0003181520733051002
YMR030W,YBR129C,0.00015402756980620325
YMR030W,YKR095W-A,0.2020167112350464
YMR030W,YPR075C,1.0095516955743733e-07
YMR030W,YMR198W,4.080556151222353e-14
YMR030W,YOR127W,6.811777808479746e-08
YMR030W,YDR264C,7.202511653758847e-08
YMR030W,YLR110C,3.652619489002973e-05
YMR030W,YDR379W,0.10203006118535995
YMR030W,YDL100C,2.663408395164879e-06
YMR030W,YHR073W,2.8686084618811947e-08
YMR030W,YJR090C,2.7475064445781072e-09
YMR030W,YOR208W,0.0008037829538807273
YMR030W,YBR040W,0.008934445679187775
YMR030W,YNL279W,0.03450627624988556
YMR030W,YER075C,1.9249597471571178e-08
YMR030W,YCR089W,0.005197734571993351
YMR030W,YCR002C,6.4332562033087015e-06
YMR030W,YJL108C,1.2570137641887413e-07
YMR030W,YBR200W,1.3747662730434485e-10
YMR030W,YIL026C,2.219198904640507e-06
YMR030W,YJR076C,1.2235835455953747e-08
YMR030W,YKR031C,0.9207882285118103
YMR030W,YPL192C,0.00016126093396451324
YMR030W,YHR107C,9.467067130231044e-09
YMR030W,YIL037C,3.6809508401347557e-06
YMR030W,YPL156C,0.057457394897937775
YMR030W,YIL117C,0.9437781572341919
YMR030W,YHR066W,1.8273511009918228e-22
YMR030W,YML085C,0.00025883351918309927
YMR030W,YML047C,0.8748520612716675
YMR030W,YDR312W,4.303506530829531e-16
YMR030W,YFL037W,0.16256099939346313
YMR030W,YDL038C,0.2020167112350464
YMR030W,YDL039C,1.728934884148714e-09
YMR030W,YCL027W,2.745668462011963e-05
YMR030W,YML124C,3.3749204249033937e-06
YMR030W,YGL053W,4.6524829144800606e-07
YMR030W,YMR232W,3.4661120480450336e-06
YMR030W,YNL298W,0.00017733767163008451
YMR030W,YGL099W,4.273594065434816e-12
YMR030W,YBL016W,1.1734807570107364e-09
YMR030W,YAL041W,3.551052785155662e-08
YMR030W,YDR085C,2.095924267475624e-10
YMR030W,YPL187W,3.097224544035271e-05
YMR030W,YPL256C,0.06751535832881927
YMR030W,YDR461W,4.3185702177030605e-16
YMR030W,YNL145W,2.7584896782691277e-14
YOR178C,YDL165W,9.977120640769499e-08
YOR178C,YGR059W,6.043605828461029e-13
YOR178C,YBR109C,0.000591433490626514
YOR178C,YJL080C,4.412733059038811e-28
YOR178C,YCR093W,1.344793959349999e-13
YOR178C,YIL122W,9.412716281076428e-06
YOR178C,YCL029C,4.624429038813105e-06
YOR178C,YNL173C,1.6443741984381588e-12
YOR178C,YLR452C,8.037798870930146e-09
YOR178C,YDL160C,1.7250921473532799e-06
YOR178C,YLR229C,6.580710760317743e-06
YOR178C,YML057W,1.0623016244437622e-08
YOR178C,YER149C,7.516488299830204e-12
YOR178C,YMR305C,1.872020073678815e-11
YOR178C,YLR433C,0.00014495232608169317
YOR178C,YJL073W,8.181671546481084e-06
YOR178C,YGR279C,3.7674002584253685e-08
YOR178C,YKL190W,0.3957042098045349
YOR178C,YGL089C,2.7714957013813546e-06
YOR178C,YJL019W,0.008287020027637482
YOR178C,YJL018W,0.014519726857542992
YOR178C,YNR032C-A,1.222263108502375e-05
YOR178C,YGL178W,0.00011870418529724702
YOR178C,YKL116C,4.0116769923770335e-06
YOR178C,YDL214C,0.072337307035923
YOR178C,YLR362W,1.6421700665958383e-09
YOR178C,YER068W,1.2020355200093036e-07
YOR178C,YHR084W,4.254683062754339e-06
YOR178C,YDR392W,1.3188903835725796e-07
YOR178C,YNL053W,5.245430756417591e-09
YOR178C,YGR040W,8.837694167596055e-07
YOR178C,YDL216C,4.885935140919173e-07
YOR178C,YOL117W,1.5636868536117454e-11
YOR178C,YJR086W,9.0906275562741e-13
YOR178C,YMR025W,7.583407568745315e-05
YOR178C,YBR081C,1.1380101483382532e-07
YOR178C,YFL026W,2.915317987017829e-11
YOR178C,YHL007C,6.993226406848407e-07
YOR178C,YNR044W,0.00029316789004951715
YOR178C,YNL271C,1.4589285725688517e-12
YOR178C,YDR200C,1.3857065668532176e-11
YOR178C,YKL178C,2.610363314392572e-12
YOR178C,YOR212W,2.481130603163191e-15
YOR178C,YOL111C,6.567649393218744e-07
YOR178C,YGL032C,9.529551334708231e-07
YOR178C,YHR005C,4.2219706897217435e-11
YOR178C,YDR103W,1.0588137033806788e-09
YOR178C,YJR084W,4.720284718651158e-10
YOR178C,YCL032W,1.067317498382181e-05
YOR178C,YJL170C,2.2567602897538563e-08
YOR178C,YDR179C,1.4901431200087245e-08
YOR178C,YBR095C,1.9575558951601124e-07
YOR178C,YLL021W,0.004147880245000124
YOR178C,YDL159W,4.603632675070912e-08
YOR178C,YNL161W,1.434182468074141e-05
YOR178C,YNL188W,9.375435983116631e-10
YOR178C,YJL157C,0.18890641629695892
YOR178C,YJL034W,4.3632472352037846e-16
YOR178C,YLR238W,1.7395942325526548e-11
YOR178C,YPR141C,0.8436360955238342
YOR178C,YNL127W,1.1990953785456782e-09
YOR178C,YCL055W,9.377200215323137e-15
YOR178C,YPR122W,2.3251937818713486e-05
YOR178C,YMR065W,2.3222864342642424e-07
YOR178C,YDR356W,6.0987259686839934e-09
YOR178C,YMR052W,8.332936771160426e-12
YOR178C,YFR008W,1.2547999972412072e-08
YOR178C,YLL043W,2.9550301405834034e-05
YOR178C,YMR029C,2.4537500503685195e-11
YOR178C,YJR004C,9.507692766419495e-07
YOR178C,YDL223C,4.188664661342045e-06
YOR178C,YHR158C,3.0183002635870287e-16
YOR178C,YGR238C,4.4326986525788925e-10
YOR178C,YIL015W,1.4079867938221469e-08
YOR178C,YGL173C,1.1943782768364386e-11
YOR178C,YDL225W,1.654347354941544e-15
YOR178C,YLR330W,3.1247039677939625e-11
YOR178C,YBR129C,2.1920492088156607e-07
YOR178C,YKR095W-A,0.2020167112350464
YOR178C,YPR075C,0.003026060527190566
YOR178C,YMR198W,0.46043357253074646
YOR178C,YOR127W,6.956376807920606e-08
YOR178C,YDR264C,4.306533185616246e-10
YOR178C,YLR110C,1.3671409533344558e-06
YOR178C,YDR379W,4.155981059739133e-06
YOR178C,YDL100C,6.592807083680846e-14
YOR178C,YHR073W,2.6639722250365594e-07
YOR178C,YJR090C,4.827377892979712e-07
YOR178C,YOR208W,1.3129287879110052e-08
YOR178C,YBR040W,1.1268503463668367e-08
YOR178C,YNL279W,0.003065529279410839
YOR178C,YER075C,1.0934986249822032e-07
YOR178C,YCR089W,2.8884099972925625e-13
YOR178C,YCR002C,9.52526661990305e-08
YOR178C,YJL108C,4.9908230437267775e-08
YOR178C,YBR200W,1.0361491575849868e-07
YOR178C,YIL026C,3.1255783596861875e-06
YOR178C,YJR076C,2.5799214199651033e-05
YOR178C,YKR031C,2.699164003416854e-09
YOR178C,YPL192C,1.8969501525134547e-07
YOR178C,YHR107C,5.3123550641405166e-17
YOR178C,YIL037C,0.0010621428955346346
YOR178C,YPL156C,8.791856487277983e-08
YOR178C,YIL117C,8.572526911422573e-13
YOR178C,YHR066W,9.453513039901082e-17
YOR178C,YML085C,8.829920301878236e-12
YOR178C,YML047C,0.00030375862843357027
YOR178C,YDR312W,1.8543844302991441e-13
YOR178C,YFL037W,8.702020354300899e-11
YOR178C,YDL038C,0.2020167112350464
YOR178C,YDL039C,1.7416394715308314e-11
YOR178C,YCL027W,5.2264187644368576e-08
YOR178C,YML124C,2.2274080149764508e-11
YOR178C,YGL053W,1.198383415612625e-06
YOR178C,YMR232W,5.4842244026076514e-06
YOR178C,YNL298W,7.381413888651878e-05
YOR178C,YGL099W,2.1231273846216564e-14
YOR178C,YBL016W,7.69590391413999e-10
YOR178C,YAL041W,0.00010841749462997541
YOR178C,YDR085C,2.397990694902319e-09
YOR178C,YPL187W,5.938053249110453e-08
YOR178C,YPL256C,4.039445167247635e-10
YOR178C,YDR461W,1.4058822994655884e-09
YOR178C,YNL145W,1.7716454081551092e-08
YGR282C,YDL165W,6.794428734913094e-12
YGR282C,YGR059W,4.681804810502399e-08
YGR282C,YBR109C,4.105128255105228e-07
YGR282C,YJL080C,5.636834612232633e-05
YGR282C,YCR093W,9.391589992446825e-05
YGR282C,YIL122W,0.6985766291618347
YGR282C,YCL029C,5.895107400280195e-14
YGR282C,YNL173C,1.7608791161305426e-11
YGR282C,YLR452C,6.669264126205973e-17
YGR282C,YDL160C,2.4057877912042613e-09
YGR282C,YLR229C,0.0001666680327616632
YGR282C,YML057W,3.939693726806581e-08
YGR282C,YER149C,0.00013996841153129935
YGR282C,YMR305C,1.75438294127599e-14
YGR282C,YLR433C,8.316792809637263e-05
YGR282C,YJL073W,2.1650209836715506e-12
YGR282C,YGR279C,8.999520421416884e-13
YGR282C,YKL190W,0.0007477561011910439
YGR282C,YGL089C,0.02823742851614952
YGR282C,YJL019W,1.2684407968421851e-09
YGR282C,YJL018W,0.0016737267142161727
YGR282C,YNR032C-A,0.9989401698112488
YGR282C,YGL178W,1.3407577625912381e-07
YGR282C,YKL116C,6.03559055889491e-06
YGR282C,YDL214C,1.765876511683473e-08
YGR282C,YLR362W,0.9999983310699463
YGR282C,YER068W,2.7699905331246555e-05
YGR282C,YHR084W,2.6242263570508406e-12
YGR282C,YDR392W,0.00011180277215316892
YGR282C,YNL053W,0.636094868183136
YGR282C,YGR040W,3.8112102629384026e-07
YGR282C,YDL216C,0.8664379715919495
YGR282C,YOL117W,0.0019097051117569208
YGR282C,YJR086W,6.079263670244472e-08
YGR282C,YMR025W,1.098556690060093e-09
YGR282C,YBR081C,0.20907460153102875
YGR282C,YFL026W,1.355541221804979e-12
YGR282C,YHL007C,0.025695620104670525
YGR282C,YNR044W,1.2473122372642167e-19
YGR282C,YNL271C,0.002957091433927417
YGR282C,YDR200C,2.4825451916399288e-08
YGR282C,YKL178C,0.002159415278583765
YGR282C,YOR212W,5.296908511809306e-08
YGR282C,YOL111C,8.470432688589824e-11
YGR282C,YGL032C,1.8711373596380643e-12
YGR282C,YHR005C,1.401051041675927e-12
YGR282C,YDR103W,0.961042582988739
YGR282C,YJR084W,4.7659690608270466e-05
YGR282C,YCL032W,0.17986801266670227
YGR282C,YJL170C,3.453165390965296e-06
YGR282C,YDR179C,7.693108017292616e-08
YGR282C,YBR095C,7.012755531832227e-08
YGR282C,YLL021W,0.0006178536568768322
YGR282C,YDL159W,0.3697755038738251
YGR282C,YNL161W,5.957674511591904e-05
YGR282C,YNL188W,0.0035645237658172846
YGR282C,YJL157C,3.2370240890772394e-18
YGR282C,YJL034W,1.504934371565625e-10
YGR282C,YLR238W,0.7123373746871948
YGR282C,YPR141C,1.4700718073412666e-11
YGR282C,YNL127W,0.02321690507233143
YGR282C,YCL055W,9.230981534713578e-10
YGR282C,YPR122W,8.213137725476827e-09
YGR282C,YMR065W,0.34766873717308044
YGR282C,YDR356W,5.074297746432421e-07
YGR282C,YMR052W,5.12681197051279e-07
YGR282C,YFR008W,5.369210498429311e-08
YGR282C,YLL043W,0.03615867719054222
YGR282C,YMR029C,2.853571268168764e-10
YGR282C,YJR004C,2.7976757093980693e-16
YGR282C,YDL223C,7.882576937845442e-06
YGR282C,YHR158C,5.924045254346311e-09
YGR282C,YGR238C,3.283705332114955e-15
YGR282C,YIL015W,2.3901378654045402e-08
YGR282C,YGL173C,0.00394099997356534
YGR282C,YDL225W,3.2305879358318634e-06
YGR282C,YLR330W,3.006021245255397e-07
YGR282C,YBR129C,1.199704918741773e-11
YGR282C,YKR095W-A,0.2020167112350464
YGR282C,YPR075C,0.0006227852427400649
YGR282C,YMR198W,4.431841443874873e-05
YGR282C,YOR127W,0.5083523392677307
YGR282C,YDR264C,0.00015239414642564952
YGR282C,YLR110C,3.791052194390687e-11
YGR282C,YDR379W,0.004916413687169552
YGR282C,YDL100C,2.118621803293485e-17
YGR282C,YHR073W,0.762380838394165
YGR282C,YJR090C,5.049330398243512e-10
YGR282C,YOR208W,0.010026189498603344
YGR282C,YBR040W,1.5307790818042122e-05
YGR282C,YNL279W,9.566752945389112e-10
YGR282C,YER075C,0.01914818398654461
YGR282C,YCR089W,5.339133135606744e-09
YGR282C,YCR002C,1.7134377685579238e-06
YGR282C,YJL108C,4.475412060855888e-05
YGR282C,YBR200W,0.4761490821838379
YGR282C,YIL026C,1.1701013491460799e-09
YGR282C,YJR076C,0.0008756591705605388
YGR282C,YKR031C,0.4890840947628021
YGR282C,YPL192C,0.043159324675798416
YGR282C,YHR107C,0.0017229680670425296
YGR282C,YIL037C,0.17232903838157654
YGR282C,YPL156C,0.00043888698564842343
YGR282C,YIL117C,1.1454053350234972e-07
YGR282C,YHR066W,2.973089482938285e-11
YGR282C,YML085C,7.741952218198733e-11
YGR282C,YML047C,1.8787117369356565e-05
YGR282C,YDR312W,7.873892510223968e-12
YGR282C,YFL037W,3.728174158279529e-10
YGR282C,YDL038C,0.2020167112350464
YGR282C,YDL039C,2.0386595230063536e-21
YGR282C,YCL027W,4.02630377038804e-07
YGR282C,YML124C,2.00795644000884e-10
YGR282C,YGL053W,9.15682640822979e-09
YGR282C,YMR232W,0.006837035994976759
YGR282C,YNL298W,0.14105439186096191
YGR282C,YGL099W,1.9658898509078426e-08
YGR282C,YBL016W,5.5775530027890596e-11
YGR282C,YAL041W,4.506865934672533e-06
YGR282C,YDR085C,0.6687401533126831
YGR282C,YPL187W,0.0038735249545425177
YGR282C,YPL256C,1.6921150036708354e-09
YGR282C,YDR461W,1.0355505515591279e-11
YGR282C,YNL145W,9.985891237171418e-13
YKR072C,YDL165W,2.670594190234965e-09
YKR072C,YGR059W,1.1492831131221237e-09
YKR072C,YBR109C,9.421206037529828e-09
YKR072C,YJL080C,0.010479425080120564
YKR072C,YCR093W,5.205751736798991e-13
YKR072C,YIL122W,7.69370938485947e-12
YKR072C,YCL029C,2.1104840965124883e-12
YKR072C,YNL173C,2.9312389646617143e-13
YKR072C,YLR452C,0.0006404781015589833
YKR072C,YDL160C,3.99497634973045e-09
YKR072C,YLR229C,1.5974532061591162e-06
YKR072C,YML057W,1.5696616628702031e-07
YKR072C,YER149C,0.226808562874794
YKR072C,YMR305C,3.4353606070958165e-10
YKR072C,YLR433C,0.027087092399597168
YKR072C,YJL073W,5.588072441163909e-15
YKR072C,YGR279C,2.898509023907536e-07
YKR072C,YKL190W,2.9460329642461147e-07
YKR072C,YGL089C,3.7109557093906176e-10
YKR072C,YJL019W,1.3164743904781062e-05
YKR072C,YJL018W,0.2020167112350464
YKR072C,YNR032C-A,0.00010920013301074505
YKR072C,YGL178W,1.1146295037178788e-05
YKR072C,YKL116C,1.8647458688292318e-08
YKR072C,YDL214C,1.9280763297047088e-07
YKR072C,YLR362W,1.414160095691841e-07
YKR072C,YER068W,9.827769645198714e-06
YKR072C,YHR084W,3.848715124377122e-09
YKR072C,YDR392W,1.3710241302715767e-14
YKR072C,YNL053W,8.912276712180756e-07
YKR072C,YGR040W,0.981166422367096
YKR072C,YDL216C,0.9734758734703064
YKR072C,YOL117W,5.040432047437315e-13
YKR072C,YJR086W,3.08604377607935e-08
YKR072C,YMR025W,6.104233563064554e-08
YKR072C,YBR081C,2.7179785888620245e-07
YKR072C,YFL026W,0.000915096141397953
YKR072C,YHL007C,6.688274822863605e-08
YKR072C,YNR044W,0.004014796111732721
YKR072C,YNL271C,5.360461727832444e-07
YKR072C,YDR200C,9.267375200572303e-10
YKR072C,YKL178C,0.023500822484493256
YKR072C,YOR212W,0.00019456476729828864
YKR072C,YOL111C,6.899111307473536e-15
YKR072C,YGL032C,0.0002850351738743484
YKR072C,YHR005C,2.598256651253905e-05
YKR072C,YDR103W,1.183544142691062e-07
YKR072C,YJR084W,9.339182205359009e-11
YKR072C,YCL032W,2.116646972711439e-13
YKR072C,YJL170C,9.495051273011867e-11
YKR072C,YDR179C,2.580687608055854e-10
YKR072C,YBR095C,0.0013829468516632915
YKR072C,YLL021W,1.7181963585244375e-07
YKR072C,YDL159W,2.5037165049535126e-11
YKR072C,YNL161W,1.5626434333171346e-06
YKR072C,YNL188W,9.383055584680916e-14
YKR072C,YJL157C,1.734465696068277e-11
YKR072C,YJL034W,3.508372520451275e-14
YKR072C,YLR238W,8.709695562426206e-14
YKR072C,YPR141C,0.0007953027379699051
YKR072C,YNL127W,6.65311290504178e-07
YKR072C,YCL055W,3.0018820762478526e-11
YKR072C,YPR122W,2.4760933321071876e-13
YKR072C,YMR065W,4.0390605704487825e-07
YKR072C,YDR356W,2.6495165002415888e-05
YKR072C,YMR052W,2.995724344145856e-07
YKR072C,YFR008W,2.5046762132727293e-15
YKR072C,YLL043W,6.835679960204288e-05
YKR072C,YMR029C,6.865134003809781e-13
YKR072C,YJR004C,3.5791287468500688e-12
YKR072C,YDL223C,1.6696153736905223e-13
YKR072C,YHR158C,0.00016094800957944244
YKR072C,YGR238C,1.7881807417175627e-13
YKR072C,YIL015W,0.05343075469136238
YKR072C,YGL173C,2.314682889803521e-09
YKR072C,YDL225W,2.98496318808239e-12
YKR072C,YLR330W,2.1459363989983945e-16
YKR072C,YBR129C,4.093395622462026e-10
YKR072C,YKR095W-A,0.2020167112350464
YKR072C,YPR075C,5.554454127003859e-14
YKR072C,YMR198W,3.3360672557769533e-10
YKR072C,YOR127W,9.236604370244095e-09
YKR072C,YDR264C,2.1037784014854566e-10
YKR072C,YLR110C,3.522926272125915e-05
YKR072C,YDR379W,2.0837667307205265e-06
YKR072C,YDL100C,3.975466975742175e-15
YKR072C,YHR073W,1.4428541135202977e-06
YKR072C,YJR090C,7.669219703743124e-10
YKR072C,YOR208W,5.720910394302336e-07
YKR072C,YBR040W,0.13001571595668793
YKR072C,YNL279W,1.2388310821620507e-08
YKR072C,YER075C,1.568893640069291e-05
YKR072C,YCR089W,9.331128239864483e-05
YKR072C,YCR002C,1.4225288481883869e-11
YKR072C,YJL108C,1.0908774968412804e-12
YKR072C,YBR200W,1.3463703840148371e-16
YKR072C,YIL026C,0.007902258075773716
YKR072C,YJR076C,1.0224938673530914e-09
YKR072C,YKR031C,2.1428026286685053e-07
YKR072C,YPL192C,1.4383471302892303e-08
YKR072C,YHR107C,8.351171316978157e-12
YKR072C,YIL037C,4.914382678578022e-09
YKR072C,YPL156C,1.380598568800906e-08
YKR072C,YIL117C,1.6472911283926805e-06
YKR072C,YHR066W,1.5415728589485145e-13
YKR072C,YML085C,0.00023906221031211317
YKR072C,YML047C,0.0013211185578256845
YKR072C,YDR312W,0.009170415811240673
YKR072C,YFL037W,1.3918213426222792e-07
YKR072C,YDL038C,0.2020167112350464
YKR072C,YDL039C,2.058212089650624e-08
YKR072C,YCL027W,1.896039248094894e-05
YKR072C,YML124C,9.035239778576454e-10
YKR072C,YGL053W,3.451899139791936e-14
YKR072C,YMR232W,7.89155819802545e-05
YKR072C,YNL298W,0.001415610546246171
YKR072C,YGL099W,1.6351806020331594e-10
YKR072C,YBL016W,4.1018370211531874e-07
YKR072C,YAL041W,2.6132088741450277e-15
YKR072C,YDR085C,1.2026465760761607e-11
YKR072C,YPL187W,0.0004712264926638454
YKR072C,YPL256C,0.00016897566092666239
YKR072C,YDR461W,8.118419131397658e-11
YKR072C,YNL145W,4.179647513508078e-12
YLR332W,YDL165W,1.0563104835270565e-09
YLR332W,YGR059W,1.4925559526091092e-06
YLR332W,YBR109C,0.0005333846784196794
YLR332W,YJL080C,0.00097487005405128
YLR332W,YCR093W,0.0175467636436224
YLR332W,YIL122W,0.0031928441021591425
YLR332W,YCL029C,0.0007008570828475058
YLR332W,YNL173C,0.9993009567260742
YLR332W,YLR452C,0.8387283086776733
YLR332W,YDL160C,0.9999923706054688
YLR332W,YLR229C,0.19761468470096588
YLR332W,YML057W,5.771892475081586e-08
YLR332W,YER149C,0.0016665426082909107
YLR332W,YMR305C,0.9999998807907104
YLR332W,YLR433C,2.1997500880388543e-05
YLR332W,YJL073W,4.4936793001937314e-12
YLR332W,YGR279C,4.660135388689923e-09
YLR332W,YKL190W,7.083709053362641e-12
YLR332W,YGL089C,0.0020292741246521473
YLR332W,YJL019W,0.11953487992286682
YLR332W,YJL018W,0.12550762295722961
YLR332W,YNR032C-A,0.7888922095298767
YLR332W,YGL178W,2.5519742848700844e-05
YLR332W,YKL116C,0.0004639232938643545
YLR332W,YDL214C,0.0207204706966877
YLR332W,YLR362W,2.356595999337795e-18
YLR332W,YER068W,3.7412613892229274e-05
YLR332W,YHR084W,0.0002493282954674214
YLR332W,YDR392W,3.891724134064134e-07
YLR332W,YNL053W,0.999972939491272
YLR332W,YGR040W,0.0002886969887185842
YLR332W,YDL216C,1.3488642872395702e-15
YLR332W,YOL117W,0.00013264418521430343
YLR332W,YJR086W,1.264308366444311e-06
YLR332W,YMR025W,7.040141554170987e-07
YLR332W,YBR081C,5.754052381234942e-06
YLR332W,YFL026W,0.0016508923145011067
YLR332W,YHL007C,2.533658880565781e-05
YLR332W,YNR044W,0.00016097395564429462
YLR332W,YNL271C,0.0007827734807506204
YLR332W,YDR200C,2.919538610868244e-09
YLR332W,YKL178C,0.015291937626898289
YLR332W,YOR212W,1.0580823717187826e-10
YLR332W,YOL111C,1.624449442419896e-14
YLR332W,YGL032C,0.9220849871635437
YLR332W,YHR005C,1.4804734291828936e-06
YLR332W,YDR103W,1.1876877579197753e-05
YLR332W,YJR084W,0.002044126158580184
YLR332W,YCL032W,0.0020645218901336193
YLR332W,YJL170C,0.617806613445282
YLR332W,YDR179C,0.00016414443962275982
YLR332W,YBR095C,5.033795241615735e-05
YLR332W,YLL021W,0.06660961359739304
YLR332W,YDL159W,7.819810909914793e-10
YLR332W,YNL161W,0.00044966230052523315
YLR332W,YNL188W,0.018327170982956886
YLR332W,YJL157C,0.8768579363822937
YLR332W,YJL034W,7.296230108977397e-08
YLR332W,YLR238W,1.0276852663082536e-05
YLR332W,YPR141C,0.9407525658607483
YLR332W,YNL127W,7.614594288440912e-09
YLR332W,YCL055W,3.9571164052176755e-06
YLR332W,YPR122W,0.052314456552267075
YLR332W,YMR065W,0.9999980926513672
YLR332W,YDR356W,4.316649153679464e-07
YLR332W,YMR052W,2.3775786758051254e-05
YLR332W,YFR008W,0.002276049228385091
YLR332W,YLL043W,9.694261962067685e-07
YLR332W,YMR029C,4.575965704134433e-06
YLR332W,YJR004C,1.8550424054925713e-13
YLR332W,YDL223C,6.54023918356117e-11
YLR332W,YHR158C,0.7591488361358643
YLR332W,YGR238C,0.17043529450893402
YLR332W,YIL015W,0.0007277854019775987
YLR332W,YGL173C,3.5776454865299456e-07
YLR332W,YDL225W,1.1627040663597654e-07
YLR332W,YLR330W,0.0017464901320636272
YLR332W,YBR129C,8.027313924685586e-07
YLR332W,YKR095W-A,0.2020167112350464
YLR332W,YPR075C,6.253044659842999e-08
YLR332W,YMR198W,0.01955951191484928
YLR332W,YOR127W,0.09948886185884476
YLR332W,YDR264C,1.469725532388111e-07
YLR332W,YLR110C,0.9946086406707764
YLR332W,YDR379W,1.436308230040595e-05
YLR332W,YDL100C,4.678881171393812e-10
YLR332W,YHR073W,0.578959047794342
YLR332W,YJR090C,4.767182954068376e-16
YLR332W,YOR208W,0.09525295346975327
YLR332W,YBR040W,0.19794264435768127
YLR332W,YNL279W,0.9999908208847046
YLR332W,YER075C,0.009079265408217907
YLR332W,YCR089W,0.0010991152375936508
YLR332W,YCR002C,0.011460247449576855
YLR332W,YJL108C,0.7835559844970703
YLR332W,YBR200W,1.5338366427669614e-12
YLR332W,YIL026C,0.20649629831314087
YLR332W,YJR076C,3.1868919904809445e-05
YLR332W,YKR031C,5.038913730714967e-09
YLR332W,YPL192C,0.9897764921188354
YLR332W,YHR107C,0.05647388473153114
YLR332W,YIL037C,0.13072814047336578
YLR332W,YPL156C,0.9999712705612183
YLR332W,YIL117C,0.0006377209792844951
YLR332W,YHR066W,8.355990866685398e-14
YLR332W,YML085C,0.0002438856172375381
YLR332W,YML047C,2.4620945282549656e-07
YLR332W,YDR312W,4.347323212527954e-08
YLR332W,YFL037W,0.9705789685249329
YLR332W,YDL038C,0.2020167112350464
YLR332W,YDL039C,6.517668182937086e-09
YLR332W,YCL027W,0.1640455275774002
YLR332W,YML124C,6.553779712703545e-06
YLR332W,YGL053W,0.5102600455284119
YLR332W,YMR232W,0.09415090084075928
YLR332W,YNL298W,0.9737778306007385
YLR332W,YGL099W,5.2837272960459813e-05
YLR332W,YBL016W,0.00070192851126194
YLR332W,YAL041W,0.05809473991394043
YLR332W,YDR085C,0.9999984502792358
YLR332W,YPL187W,0.06830160319805145
YLR332W,YPL256C,2.138058334821835e-05
YLR332W,YDR461W,2.836494786606636e-06
YLR332W,YNL145W,3.833891923932242e-07
YMR048W,YDL165W,3.7831923691555858e-06
YMR048W,YGR059W,3.9176484278868884e-08
YMR048W,YBR109C,0.0001245334860868752
YMR048W,YJL080C,7.415438485480763e-09
YMR048W,YCR093W,0.02145235612988472
YMR048W,YIL122W,1.032162799674552e-07
YMR048W,YCL029C,0.00013635112554766238
YMR048W,YNL173C,0.00914353970438242
YMR048W,YLR452C,8.850178346619941e-06
YMR048W,YDL160C,0.06187109649181366
YMR048W,YLR229C,3.126747105852701e-05
YMR048W,YML057W,0.7582008242607117
YMR048W,YER149C,1.2502530122304734e-09
YMR048W,YMR305C,0.0026067099533975124
YMR048W,YLR433C,0.0004932216834276915
YMR048W,YJL073W,9.41079245780907e-12
YMR048W,YGR279C,1.9637293180441162e-10
YMR048W,YKL190W,2.5357699087180663e-06
YMR048W,YGL089C,8.484479252501842e-08
YMR048W,YJL019W,6.028122445655981e-09
YMR048W,YJL018W,0.05222303047776222
YMR048W,YNR032C-A,0.9811975359916687
YMR048W,YGL178W,4.225826614856487e-06
YMR048W,YKL116C,1.1606982042167147e-10
YMR048W,YDL214C,4.705615083366865e-06
YMR048W,YLR362W,0.001182115520350635
YMR048W,YER068W,1.0969366748270204e-08
YMR048W,YHR084W,0.47123199701309204
YMR048W,YDR392W,0.00014330167323350906
YMR048W,YNL053W,0.000210083308047615
YMR048W,YGR040W,0.0010084329405799508
YMR048W,YDL216C,0.0023569928016513586
YMR048W,YOL117W,8.790880023923364e-09
YMR048W,YJR086W,2.8579750122048608e-08
YMR048W,YMR025W,0.8236296772956848
YMR048W,YBR081C,0.15006347000598907
YMR048W,YFL026W,7.943034674440241e-09
YMR048W,YHL007C,2.7196786489547264e-10
YMR048W,YNR044W,1.0886866519399518e-08
YMR048W,YNL271C,0.00042396230855956674
YMR048W,YDR200C,1.789304042176809e-05
YMR048W,YKL178C,8.395992335863411e-05
YMR048W,YOR212W,0.010395709425210953
YMR048W,YOL111C,5.0655799554988334e-08
YMR048W,YGL032C,9.741128224050044e-07
YMR048W,YHR005C,4.0699040255276486e-05
YMR048W,YDR103W,2.923122883657925e-05
YMR048W,YJR084W,0.005422569811344147
YMR048W,YCL032W,9.609371431906766e-08
YMR048W,YJL170C,0.09847548604011536
YMR048W,YDR179C,1.070217763299297e-06
YMR048W,YBR095C,2.2280175926425727e-07
YMR048W,YLL021W,2.1594814825220965e-09
YMR048W,YDL159W,7.098790177906267e-08
YMR048W,YNL161W,0.0011156708933413029
YMR048W,YNL188W,6.223002202432326e-08
YMR048W,YJL157C,1.7838509336343122e-07
YMR048W,YJL034W,1.627221100919396e-11
YMR048W,YLR238W,1.3951903868325566e-11
YMR048W,YPR141C,2.260291921629687e-06
YMR048W,YNL127W,0.1542080044746399
YMR048W,YCL055W,0.019670505076646805
YMR048W,YPR122W,0.4968580901622772
YMR048W,YMR065W,6.909189664838777e-07
YMR048W,YDR356W,3.000876915848494e-07
YMR048W,YMR052W,0.040462493896484375
YMR048W,YFR008W,0.10068531334400177
YMR048W,YLL043W,1.8468654383596572e-10
YMR048W,YMR029C,0.00011425196134950966
YMR048W,YJR004C,1.2528362276498228e-06
YMR048W,YDL223C,1.2738529342470883e-08
YMR048W,YHR158C,0.670314610004425
YMR048W,YGR238C,1.4049930996407056e-08
YMR048W,YIL015W,0.9091107845306396
YMR048W,YGL173C,7.642714763278491e-07
YMR048W,YDL225W,1.390334546158556e-06
YMR048W,YLR330W,9.19737431104295e-06
YMR048W,YBR129C,2.1069206468382617e-06
YMR048W,YKR095W-A,0.2020167112350464
YMR048W,YPR075C,0.0009043989120982587
YMR048W,YMR198W,0.9973686933517456
YMR048W,YOR127W,0.13187633454799652
YMR048W,YDR264C,6.071729341527998e-09
YMR048W,YLR110C,0.4154077172279358
YMR048W,YDR379W,6.265006959438324e-05
YMR048W,YDL100C,1.4076375009608455e-05
YMR048W,YHR073W,3.886137989184135e-08
YMR048W,YJR090C,0.018861107528209686
YMR048W,YOR208W,4.4518411179694795e-09
YMR048W,YBR040W,0.007997908629477024
YMR048W,YNL279W,0.009492767974734306
YMR048W,YER075C,0.00022394293046090752
YMR048W,YCR089W,5.058208785158058e-07
YMR048W,YCR002C,0.00499512255191803
YMR048W,YJL108C,0.007566327229142189
YMR048W,YBR200W,1.0797100912895985e-05
YMR048W,YIL026C,7.568005821667612e-05
YMR048W,YJR076C,1.825644972086593e-06
YMR048W,YKR031C,0.14150778949260712
YMR048W,YPL192C,0.00013030352420173585
YMR048W,YHR107C,4.1040675569092855e-07
YMR048W,YIL037C,0.001644045696593821
YMR048W,YPL156C,0.09844843298196793
YMR048W,YIL117C,1.3137927226125612e-06
YMR048W,YHR066W,1.6331450826564085e-14
YMR048W,YML085C,0.027596060186624527
YMR048W,YML047C,0.03834893926978111
YMR048W,YDR312W,4.897597705166845e-07
YMR048W,YFL037W,1.0357437076891074e-06
YMR048W,YDL038C,0.2020167112350464
YMR048W,YDL039C,6.656489731160856e-14
YMR048W,YCL027W,6.78107826388441e-05
YMR048W,YML124C,1.8065766660413374e-09
YMR048W,YGL053W,0.0003948382509406656
YMR048W,YMR232W,0.0026701069436967373
YMR048W,YNL298W,2.511273351046839e-06
YMR048W,YGL099W,3.0866615929880936e-08
YMR048W,YBL016W,0.052118461579084396
YMR048W,YAL041W,0.00048292457358911633
YMR048W,YDR085C,2.277121069482746e-08
YMR048W,YPL187W,9.244043030776083e-05
YMR048W,YPL256C,1.1892439033545088e-05
YMR048W,YDR461W,5.632269335364981e-07
YMR048W,YNL145W,1.1274037206021603e-05
YEL064C,YDL165W,3.783985277894253e-12
YEL064C,YGR059W,5.834229455103923e-08
YEL064C,YBR109C,4.3445669284380983e-10
YEL064C,YJL080C,5.006132397511465e-09
YEL064C,YCR093W,0.05177740380167961
YEL064C,YIL122W,0.001239365548826754
YEL064C,YCL029C,4.191391056451721e-08
YEL064C,YNL173C,5.033372872276232e-06
YEL064C,YLR452C,0.007910486310720444
YEL064C,YDL160C,0.0003157121827825904
YEL064C,YLR229C,5.691057070045247e-10
YEL064C,YML057W,1.478092030993139e-06
YEL064C,YER149C,0.00013609472080133855
YEL064C,YMR305C,2.2246907441236807e-11
YEL064C,YLR433C,0.00020897451031487435
YEL064C,YJL073W,1.2201546439882804e-07
YEL064C,YGR279C,3.2932021692966273e-11
YEL064C,YKL190W,9.213142107000749e-07
YEL064C,YGL089C,0.11715464293956757
YEL064C,YJL019W,4.0826042546626695e-10
YEL064C,YJL018W,0.057748571038246155
YEL064C,YNR032C-A,0.013503273949027061
YEL064C,YGL178W,3.653068461062503e-06
YEL064C,YKL116C,0.016338534653186798
YEL064C,YDL214C,5.0851381274696905e-06
YEL064C,YLR362W,2.0104724995917422e-08
YEL064C,YER068W,5.870464531154695e-11
YEL064C,YHR084W,0.17591120302677155
YEL064C,YDR392W,3.5614167614994585e-08
YEL064C,YNL053W,6.204960754985223e-06
YEL064C,YGR040W,0.03431450575590134
YEL064C,YDL216C,0.23880918323993683
YEL064C,YOL117W,0.8847593069076538
YEL064C,YJR086W,0.09396561235189438
YEL064C,YMR025W,0.0012855521636083722
YEL064C,YBR081C,3.1829705449126777e-07
YEL064C,YFL026W,1.1762324447772698e-09
YEL064C,YHL007C,1.2426422391076386e-10
YEL064C,YNR044W,0.08104243874549866
YEL064C,YNL271C,0.0006571311387233436
YEL064C,YDR200C,3.9338910601260935e-11
YEL064C,YKL178C,0.01707361452281475
YEL064C,YOR212W,4.928751851096536e-10
YEL064C,YOL111C,0.11610999703407288
YEL064C,YGL032C,0.012476679868996143
YEL064C,YHR005C,0.0014797011390328407
YEL064C,YDR103W,5.241458325144777e-07
YEL064C,YJR084W,9.228740054822993e-06
YEL064C,YCL032W,1.3134022758265473e-08
YEL064C,YJL170C,8.724701729079243e-06
YEL064C,YDR179C,0.0010870497208088636
YEL064C,YBR095C,3.928458307354138e-13
YEL064C,YLL021W,5.46748271657016e-11
YEL064C,YDL159W,4.5127017074264586e-05
YEL064C,YNL161W,1.2521196595116635e-06
YEL064C,YNL188W,2.1987909804010997e-07
YEL064C,YJL157C,1.2883353051051927e-08
YEL064C,YJL034W,0.0001902160729514435
YEL064C,YLR238W,8.708965651749168e-06
YEL064C,YPR141C,1.5726802971016696e-08
YEL064C,YNL127W,0.0014364155940711498
YEL064C,YCL055W,2.3926817448227666e-05
YEL064C,YPR122W,0.00108516460750252
YEL064C,YMR065W,0.001933201914653182
YEL064C,YDR356W,6.61654766531683e-08
YEL064C,YMR052W,0.2972549796104431
YEL064C,YFR008W,3.846236751314791e-08
YEL064C,YLL043W,0.0011851105373352766
YEL064C,YMR029C,2.453689376125112e-06
YEL064C,YJR004C,1.973681946765282e-06
YEL064C,YDL223C,6.726020274072653e-06
YEL064C,YHR158C,2.4040722745866105e-09
YEL064C,YGR238C,0.0001813706912798807
YEL064C,YIL015W,8.938598330132663e-05
YEL064C,YGL173C,0.0001307712955167517
YEL064C,YDL225W,2.8545338864205405e-05
YEL064C,YLR330W,1.3386809022408741e-12
YEL064C,YBR129C,1.981267061523795e-08
YEL064C,YKR095W-A,0.2020167112350464
YEL064C,YPR075C,4.1000297601456737e-10
YEL064C,YMR198W,2.109963037622009e-10
YEL064C,YOR127W,1.384949541716196e-07
YEL064C,YDR264C,1.634702584851766e-06
YEL064C,YLR110C,6.895011210872326e-07
YEL064C,YDR379W,7.659826906092349e-08
YEL064C,YDL100C,9.493698598816991e-05
YEL064C,YHR073W,1.4901834974323513e-11
YEL064C,YJR090C,1.2296510476517142e-06
YEL064C,YOR208W,1.6400649371917098e-07
YEL064C,YBR040W,5.5018816055962816e-05
YEL064C,YNL279W,0.0025391201488673687
YEL064C,YER075C,1.4375223145179916e-06
YEL064C,YCR089W,1.72253038499548e-08
YEL064C,YCR002C,3.50958487160824e-07
YEL064C,YJL108C,7.017626921879128e-05
YEL064C,YBR200W,2.319639861525502e-06
YEL064C,YIL026C,1.0151896276511252e-05
YEL064C,YJR076C,1.262039095450973e-08
YEL064C,YKR031C,0.00011858754442073405
YEL064C,YPL192C,0.0072823320515453815
YEL064C,YHR107C,0.20704244077205658
YEL064C,YIL037C,5.8138898140214224e-08
YEL064C,YPL156C,2.233324039480067e-06
YEL064C,YIL117C,2.075526165865038e-12
YEL064C,YHR066W,1.3558051570328189e-08
YEL064C,YML085C,2.1835255381574825e-08
YEL064C,YML047C,0.7722209692001343
YEL064C,YDR312W,0.0007955926703289151
YEL064C,YFL037W,2.4340870031364092e-12
YEL064C,YDL038C,0.2020167112350464
YEL064C,YDL039C,2.700390785429117e-23
YEL064C,YCL027W,0.9892147183418274
YEL064C,YML124C,4.561791652161074e-15
YEL064C,YGL053W,4.83989959221276e-09
YEL064C,YMR232W,0.0029546674340963364
YEL064C,YNL298W,1.0559665142295671e-08
YEL064C,YGL099W,0.0017911966424435377
YEL064C,YBL016W,7.482281944248825e-05
YEL064C,YAL041W,1.2804993048121105e-06
YEL064C,YDR085C,1.113992009749154e-08
YEL064C,YPL187W,0.002453630091622472
YEL064C,YPL256C,1.5962577125990668e-13
YEL064C,YDR461W,7.75860531376793e-09
YEL064C,YNL145W,4.086562910288194e-07
YKR092C,YDL165W,7.883028047217522e-06
YKR092C,YGR059W,1.315293568504572e-10
YKR092C,YBR109C,8.141191756294575e-07
YKR092C,YJL080C,8.21580906631425e-05
YKR092C,YCR093W,8.416256605414674e-05
YKR092C,YIL122W,5.784497769667496e-09
YKR092C,YCL029C,5.753129743435448e-12
YKR092C,YNL173C,1.1187689779035281e-06
YKR092C,YLR452C,0.12429958581924438
YKR092C,YDL160C,0.0008890064782463014
YKR092C,YLR229C,1.5354325449967732e-11
YKR092C,YML057W,6.717502784901004e-15
YKR092C,YER149C,2.1527970852914906e-14
YKR092C,YMR305C,4.684609677951812e-08
YKR092C,YLR433C,1.4766934897103567e-10
YKR092C,YJL073W,8.13850722924947e-12
YKR092C,YGR279C,5.85877223471809e-12
YKR092C,YKL190W,5.734867158935231e-08
YKR092C,YGL089C,0.9980480670928955
YKR092C,YJL019W,1.4781748780662535e-15
YKR092C,YJL018W,0.00017651372763793916
YKR092C,YNR032C-A,0.00015969661762937903
YKR092C,YGL178W,4.952863150720077e-07
YKR092C,YKL116C,7.438152177519086e-11
YKR092C,YDL214C,0.0011471699690446258
YKR092C,YLR362W,3.667155190623106e-10
YKR092C,YER068W,1.2532027540146373e-05
YKR092C,YHR084W,4.616252172184865e-11
YKR092C,YDR392W,2.8236749960788843e-13
YKR092C,YNL053W,0.0011627881322056055
YKR092C,YGR040W,1.6965360227771953e-09
YKR092C,YDL216C,1.2853376674636097e-13
YKR092C,YOL117W,2.4060328738178616e-15
YKR092C,YJR086W,1.0466043179682694e-12
YKR092C,YMR025W,6.5372276480957225e-09
YKR092C,YBR081C,7.057088424744506e-08
YKR092C,YFL026W,0.0003573765279725194
YKR092C,YHL007C,1.7773813532073746e-09
YKR092C,YNR044W,0.00014552388165611774
YKR092C,YNL271C,1.6016900190152228e-05
YKR092C,YDR200C,2.1978940889511023e-09
YKR092C,YKL178C,0.6074257493019104
YKR092C,YOR212W,1.4714775034008198e-06
YKR092C,YOL111C,3.678077122562759e-17
YKR092C,YGL032C,6.698918220293754e-17
YKR092C,YHR005C,0.0005902255652472377
YKR092C,YDR103W,7.657818200086999e-14
YKR092C,YJR084W,2.2013806301401928e-05
YKR092C,YCL032W,4.299420655650213e-16
YKR092C,YJL170C,0.0015656801406294107
YKR092C,YDR179C,6.766596814523863e-16
YKR092C,YBR095C,5.3590794024671595e-09
YKR092C,YLL021W,0.36828750371932983
YKR092C,YDL159W,5.161640056615836e-15
YKR092C,YNL161W,3.1709348604636034e-06
YKR092C,YNL188W,1.4781460560761572e-12
YKR092C,YJL157C,4.483448092561866e-16
YKR092C,YJL034W,7.019130963308376e-14
YKR092C,YLR238W,2.1419708673420246e-07
YKR092C,YPR141C,2.2470430849352852e-07
YKR092C,YNL127W,0.10766629874706268
YKR092C,YCL055W,3.32961570899622e-17
YKR092C,YPR122W,5.79725167426659e-07
YKR092C,YMR065W,0.4235135018825531
YKR092C,YDR356W,0.2131882905960083
YKR092C,YMR052W,0.001158030005171895
YKR092C,YFR008W,7.98039898053382e-11
YKR092C,YLL043W,1.085425349600655e-08
YKR092C,YMR029C,5.094323933008127e-05
YKR092C,YJR004C,0.00013816841237712651
YKR092C,YDL223C,8.419981834158208e-15
YKR092C,YHR158C,1.3613262739298193e-09
YKR092C,YGR238C,3.423863609199328e-16
YKR092C,YIL015W,0.9234890341758728
YKR092C,YGL173C,3.728200270746752e-15
YKR092C,YDL225W,2.222572348387075e-09
YKR092C,YLR330W,7.300701709844759e-11
YKR092C,YBR129C,3.7763601924353796e-14
YKR092C,YKR095W-A,0.2020167112350464
YKR092C,YPR075C,1.0976382469607415e-07
YKR092C,YMR198W,4.725329016963542e-10
YKR092C,YOR127W,5.35009462510061e-07
YKR092C,YDR264C,0.00022839363373350352
YKR092C,YLR110C,0.0002813688188325614
YKR092C,YDR379W,1.1956542422808525e-08
YKR092C,YDL100C,6.500775852818835e-15
YKR092C,YHR073W,7.061957864975928e-17
YKR092C,YJR090C,2.379915708949909e-12
YKR092C,YOR208W,2.958090362881194e-06
YKR092C,YBR040W,0.0858105793595314
YKR092C,YNL279W,0.00048345050890929997
YKR092C,YER075C,0.1945037841796875
YKR092C,YCR089W,6.5609003740974e-07
YKR092C,YCR002C,6.039408972924321e-10
YKR092C,YJL108C,0.01689724065363407
YKR092C,YBR200W,1.1920084231961935e-16
YKR092C,YIL026C,1.4032956130449747e-07
YKR092C,YJR076C,4.665197047870606e-05
YKR092C,YKR031C,8.41649978156056e-07
YKR092C,YPL192C,2.5460236429353245e-05
YKR092C,YHR107C,0.00022465101210400462
YKR092C,YIL037C,2.3444739781552926e-05
YKR092C,YPL156C,2.873671292036306e-06
YKR092C,YIL117C,4.2319395058589004e-13
YKR092C,YHR066W,1.1264325551704192e-17
YKR092C,YML085C,4.557389188253325e-12
YKR092C,YML047C,0.9993021488189697
YKR092C,YDR312W,7.055307943773514e-13
YKR092C,YFL037W,1.134158878812741e-06
YKR092C,YDL038C,0.2020167112350464
YKR092C,YDL039C,3.437495774138988e-11
YKR092C,YCL027W,0.040111836045980453
YKR092C,YML124C,3.5407205558439395e-18
YKR092C,YGL053W,4.190207642668087e-12
YKR092C,YMR232W,0.2487204372882843
YKR092C,YNL298W,4.638231530407211e-06
YKR092C,YGL099W,1.6863248074640844e-17
YKR092C,YBL016W,1.5586049717834556e-21
YKR092C,YAL041W,1.8083737174379166e-08
YKR092C,YDR085C,5.968540335743455e-06
YKR092C,YPL187W,7.427790842484683e-05
YKR092C,YPL256C,5.021628475050015e-15
YKR092C,YDR461W,1.1357265910969425e-17
YKR092C,YNL145W,2.4793706804570334e-15
YOR001W,YDL165W,1.8341021132073365e-05
YOR001W,YGR059W,2.2913546615654923e-08
YOR001W,YBR109C,0.00978282280266285
YOR001W,YJL080C,3.597340764827095e-05
YOR001W,YCR093W,0.7064539194107056
YOR001W,YIL122W,0.8214405179023743
YOR001W,YCL029C,1.3031774270810814e-10
YOR001W,YNL173C,2.659375297753286e-07
YOR001W,YLR452C,0.00022094148152973503
YOR001W,YDL160C,0.0015067748026922345
YOR001W,YLR229C,0.2581700086593628
YOR001W,YML057W,2.060065895648222e-08
YOR001W,YER149C,1.225024061568547e-05
YOR001W,YMR305C,0.0294110756367445
YOR001W,YLR433C,0.0011688809609040618
YOR001W,YJL073W,5.222761025741596e-12
YOR001W,YGR279C,4.710163557319902e-05
YOR001W,YKL190W,0.010822949931025505
YOR001W,YGL089C,0.018458161503076553
YOR001W,YJL019W,1.957137669705844e-07
YOR001W,YJL018W,0.00015298728249035776
YOR001W,YNR032C-A,0.9983888864517212
YOR001W,YGL178W,0.013929245993494987
YOR001W,YKL116C,7.891482606270372e-12
YOR001W,YDL214C,0.9917098879814148
YOR001W,YLR362W,7.735196049907245e-06
YOR001W,YER068W,5.274535851640394e-06
YOR001W,YHR084W,3.048141600237031e-12
YOR001W,YDR392W,0.0004492837470024824
YOR001W,YNL053W,2.457978887093759e-08
YOR001W,YGR040W,0.00012976216385141015
YOR001W,YDL216C,0.6226974129676819
YOR001W,YOL117W,4.861687766775924e-13
YOR001W,YJR086W,0.0212395042181015
YOR001W,YMR025W,0.0005137771950103343
YOR001W,YBR081C,0.004438014701008797
YOR001W,YFL026W,1.7171325472631338e-10
YOR001W,YHL007C,1.708112449705368e-06
YOR001W,YNR044W,7.88255949402128e-09
YOR001W,YNL271C,1.8673905287869275e-05
YOR001W,YDR200C,2.4885613569836096e-08
YOR001W,YKL178C,0.002027683425694704
YOR001W,YOR212W,7.351418140899568e-09
YOR001W,YOL111C,2.8701847440970596e-06
YOR001W,YGL032C,2.5623230967553035e-11
YOR001W,YHR005C,0.0018211632268503308
YOR001W,YDR103W,6.845328243798576e-06
YOR001W,YJR084W,5.469856123596628e-09
YOR001W,YCL032W,3.957701665058266e-06
YOR001W,YJL170C,0.10979250073432922
YOR001W,YDR179C,1.3187709813067272e-09
YOR001W,YBR095C,5.803176463814452e-06
YOR001W,YLL021W,2.3947083604980435e-07
YOR001W,YDL159W,1.428263974104227e-13
YOR001W,YNL161W,3.0282852094387636e-05
YOR001W,YNL188W,1.421859360561939e-05
YOR001W,YJL157C,4.42608325207719e-14
YOR001W,YJL034W,1.5454921413818323e-12
YOR001W,YLR238W,9.932270586432423e-06
YOR001W,YPR141C,2.2715164860187542e-08
YOR001W,YNL127W,0.9779542684555054
YOR001W,YCL055W,1.7761080016498454e-05
YOR001W,YPR122W,3.93058189729345e-06
YOR001W,YMR065W,0.03431860730051994
YOR001W,YDR356W,0.0039039072580635548
YOR001W,YMR052W,0.9228999018669128
YOR001W,YFR008W,2.1782856492791325e-05
YOR001W,YLL043W,0.39799970388412476
YOR001W,YMR029C,9.377104674967995e-07
YOR001W,YJR004C,2.1424932938884922e-08
YOR001W,YDL223C,9.051875568544254e-12
YOR001W,YHR158C,0.0009197363979183137
YOR001W,YGR238C,1.697228384500704e-07
YOR001W,YIL015W,3.2731523047502264e-10
YOR001W,YGL173C,0.22526146471500397
YOR001W,YDL225W,6.345028669141328e-11
YOR001W,YLR330W,3.509866822095503e-13
YOR001W,YBR129C,6.755205049557844e-06
YOR001W,YKR095W-A,0.2020167112350464
YOR001W,YPR075C,1.023431028812638e-08
YOR001W,YMR198W,2.142375686575715e-11
YOR001W,YOR127W,1.0487384615245898e-12
YOR001W,YDR264C,1.1114482731500175e-05
YOR001W,YLR110C,9.85510487225838e-05
YOR001W,YDR379W,4.5097237943991786e-07
YOR001W,YDL100C,7.845053773269939e-11
YOR001W,YHR073W,2.6548520963842748e-06
YOR001W,YJR090C,6.547587361183105e-08
YOR001W,YOR208W,0.9995155334472656
YOR001W,YBR040W,0.7160932421684265
YOR001W,YNL279W,0.00011676346912281588
YOR001W,YER075C,0.0010393585544079542
YOR001W,YCR089W,1.8111099109319184e-07
YOR001W,YCR002C,1.1906375220860355e-05
YOR001W,YJL108C,0.0003277614014223218
YOR001W,YBR200W,1.3145474292430848e-12
YOR001W,YIL026C,4.412943781062495e-06
YOR001W,YJR076C,2.1760674859261364e-11
YOR001W,YKR031C,7.043592518130026e-07
YOR001W,YPL192C,0.0009735400672070682
YOR001W,YHR107C,0.07531909644603729
YOR001W,YIL037C,1.1527628629437459e-07
YOR001W,YPL156C,0.01450385246425867
YOR001W,YIL117C,5.139020320399368e-10
YOR001W,YHR066W,1.0913638021732217e-13
YOR001W,YML085C,0.0014225371414795518
YOR001W,YML047C,0.9969159364700317
YOR001W,YDR312W,0.00023438174684997648
YOR001W,YFL037W,2.1552708229233275e-10
YOR001W,YDL038C,0.2020167112350464
YOR001W,YDL039C,4.3344783762222505e-07
YOR001W,YCL027W,4.404432374371936e-10
YOR001W,YML124C,2.1398059105864897e-12
YOR001W,YGL053W,0.005501264240592718
YOR001W,YMR232W,1.8641543420017115e-07
YOR001W,YNL298W,8.022247470762522e-07
YOR001W,YGL099W,0.5147548913955688
YOR001W,YBL016W,3.664635953769474e-15
YOR001W,YAL041W,7.46904406696558e-05
YOR001W,YDR085C,0.9836676120758057
YOR001W,YPL187W,0.011790387332439423
YOR001W,YPL256C,5.899682825605268e-11
YOR001W,YDR461W,1.0478712515749056e-11
YOR001W,YNL145W,1.3499649176296202e-09
YDR538W,YDL165W,1.354507617179479e-08
YDR538W,YGR059W,1.7755867247615242e-06
YDR538W,YBR109C,9.757391970137766e-14
YDR538W,YJL080C,3.198302778173456e-08
YDR538W,YCR093W,1.6907075405470096e-05
YDR538W,YIL122W,1.6261002960815674e-12
YDR538W,YCL029C,1.9825854291610767e-09
YDR538W,YNL173C,1.207943098167517e-15
YDR538W,YLR452C,4.4518483832689526e-07
YDR538W,YDL160C,2.2926958109792395e-09
YDR538W,YLR229C,1.2120375458835042e-07
YDR538W,YML057W,3.718659380425038e-09
YDR538W,YER149C,0.004888042341917753
YDR538W,YMR305C,1.6893972443199345e-08
YDR538W,YLR433C,0.006247248034924269
YDR538W,YJL073W,1.2490045889906876e-12
YDR538W,YGR279C,6.142346684569183e-18
YDR538W,YKL190W,6.0666226835472e-17
YDR538W,YGL089C,0.00990120880305767
YDR538W,YJL019W,1.6860483356140321e-06
YDR538W,YJL018W,0.005860196892172098
YDR538W,YNR032C-A,0.00010474694863660261
YDR538W,YGL178W,5.931443070039677e-08
YDR538W,YKL116C,2.6654996077013493e-07
YDR538W,YDL214C,5.3512781761355654e-08
YDR538W,YLR362W,1.3265111665355933e-12
YDR538W,YER068W,5.3825992551992385e-09
YDR538W,YHR084W,6.8504946160175e-10
YDR538W,YDR392W,1.0289656904305389e-09
YDR538W,YNL053W,4.897742201137589e-06
YDR538W,YGR040W,0.020400581881403923
YDR538W,YDL216C,7.654889742914062e-12
YDR538W,YOL117W,1.0895678085690052e-15
YDR538W,YJR086W,4.719555302123979e-10
YDR538W,YMR025W,2.613699905396061e-07
YDR538W,YBR081C,4.777506515396546e-12
YDR538W,YFL026W,1.0547823725559624e-09
YDR538W,YHL007C,9.108086386565878e-17
YDR538W,YNR044W,1.1658047860407805e-08
YDR538W,YNL271C,1.8225862035954957e-14
YDR538W,YDR200C,6.759814621715198e-15
YDR538W,YKL178C,0.0004861719789914787
YDR538W,YOR212W,9.348805178888142e-06
YDR538W,YOL111C,2.758916934908484e-07
YDR538W,YGL032C,0.00014315608132164925
YDR538W,YHR005C,2.8450992317630153e-07
YDR538W,YDR103W,0.0335841029882431
YDR538W,YJR084W,1.6524444035326269e-09
YDR538W,YCL032W,2.466408370940809e-12
YDR538W,YJL170C,8.340697056630209e-12
YDR538W,YDR179C,6.874871178297326e-05
YDR538W,YBR095C,0.0059341988526284695
YDR538W,YLL021W,1.9306118701933883e-05
YDR538W,YDL159W,1.701462437608825e-08
YDR538W,YNL161W,2.3064757048718576e-10
YDR538W,YNL188W,2.115611852371302e-11
YDR538W,YJL157C,0.8521025776863098
YDR538W,YJL034W,1.3631535900060499e-08
YDR538W,YLR238W,2.4924979857843255e-09
YDR538W,YPR141C,5.851056357641937e-06
YDR538W,YNL127W,1.0350190038366236e-08
YDR538W,YCL055W,1.0991545451588536e-08
YDR538W,YPR122W,6.005784234730527e-05
YDR538W,YMR065W,2.9119432198854156e-08
YDR538W,YDR356W,2.6092220650753006e-07
YDR538W,YMR052W,0.0002574454410932958
YDR538W,YFR008W,2.612195348916657e-09
YDR538W,YLL043W,2.5524698230583454e-06
YDR538W,YMR029C,2.839274556228912e-15
YDR538W,YJR004C,1.399126517753757e-06
YDR538W,YDL223C,3.3907748706258137e-14
YDR538W,YHR158C,1.4924271596328254e-08
YDR538W,YGR238C,1.3520073025574675e-06
YDR538W,YIL015W,0.00017283849592786282
YDR538W,YGL173C,2.0019507829260874e-08
YDR538W,YDL225W,1.680338179710361e-08
YDR538W,YLR330W,4.681094956104914e-10
YDR538W,YBR129C,8.442018952337094e-06
YDR538W,YKR095W-A,0.2020167112350464
YDR538W,YPR075C,1.7875294133773423e-07
YDR538W,YMR198W,3.1280069379135966e-07
YDR538W,YOR127W,0.3282889425754547
YDR538W,YDR264C,1.398317976963881e-07
YDR538W,YLR110C,1.8309713554348628e-12
YDR538W,YDR379W,1.158800913003688e-07
YDR538W,YDL100C,5.5022774531066077e-11
YDR538W,YHR073W,2.6960067316394998e-06
YDR538W,YJR090C,1.073785713123776e-10
YDR538W,YOR208W,1.0558107122957128e-13
YDR538W,YBR040W,0.00017488184676039964
YDR538W,YNL279W,5.974720163059999e-10
YDR538W,YER075C,6.1927771639602724e-06
YDR538W,YCR089W,7.127857202249288e-07
YDR538W,YCR002C,0.000456151959951967
YDR538W,YJL108C,3.6689342675089165e-09
YDR538W,YBR200W,9.859641748877213e-12
YDR538W,YIL026C,8.853292820276693e-05
YDR538W,YJR076C,1.2592627172125503e-06
YDR538W,YKR031C,8.380052207712652e-08
YDR538W,YPL192C,1.9778109106027841e-07
YDR538W,YHR107C,8.663674222475493e-09
YDR538W,YIL037C,6.636810212512501e-06
YDR538W,YPL156C,6.158405035927572e-11
YDR538W,YIL117C,1.0692790070544353e-18
YDR538W,YHR066W,2.123571185563833e-08
YDR538W,YML085C,4.491119628968754e-11
YDR538W,YML047C,0.0031390334479510784
YDR538W,YDR312W,0.0012456178665161133
YDR538W,YFL037W,1.7204371260959306e-10
YDR538W,YDL038C,0.2020167112350464
YDR538W,YDL039C,2.677501242942526e-08
YDR538W,YCL027W,1.150501930169412e-06
YDR538W,YML124C,1.5153100996201374e-09
YDR538W,YGL053W,1.5324358535601101e-12
YDR538W,YMR232W,0.00010374345583841205
YDR538W,YNL298W,6.132397629698971e-07
YDR538W,YGL099W,2.5846186302302954e-10
YDR538W,YBL016W,4.676769458455965e-05
YDR538W,YAL041W,3.260438745655847e-07
YDR538W,YDR085C,1.9382759964105614e-14
YDR538W,YPL187W,3.0194101441338717e-07
YDR538W,YPL256C,8.153976382985206e-10
YDR538W,YDR461W,1.9397805317566963e-07
YDR538W,YNL145W,3.4385258913971484e-05
YDL138W,YDL165W,5.36095256728486e-12
YDL138W,YGR059W,5.755327143412269e-15
YDL138W,YBR109C,6.797617590342808e-12
YDL138W,YJL080C,4.71145178426724e-10
YDL138W,YCR093W,0.006723485887050629
YDL138W,YIL122W,6.872968448708161e-13
YDL138W,YCL029C,1.9522835496658952e-13
YDL138W,YNL173C,0.0004608445742633194
YDL138W,YLR452C,1.31596502583875e-08
YDL138W,YDL160C,3.2444229418615578e-06
YDL138W,YLR229C,3.795500091996473e-08
YDL138W,YML057W,1.5013800203078631e-09
YDL138W,YER149C,6.622047294513322e-06
YDL138W,YMR305C,4.199553031714043e-12
YDL138W,YLR433C,0.39298325777053833
YDL138W,YJL073W,8.184487701283494e-13
YDL138W,YGR279C,1.0275002376713971e-10
YDL138W,YKL190W,7.356551941484213e-05
YDL138W,YGL089C,9.93615249171853e-05
YDL138W,YJL019W,3.028504943358712e-05
YDL138W,YJL018W,0.2020167112350464
YDL138W,YNR032C-A,0.999323844909668
YDL138W,YGL178W,1.5449640455855729e-09
YDL138W,YKL116C,1.4432337269720819e-11
YDL138W,YDL214C,4.430241006048163e-06
YDL138W,YLR362W,7.337335432566761e-07
YDL138W,YER068W,1.4121332141819876e-13
YDL138W,YHR084W,0.01156439445912838
YDL138W,YDR392W,2.79617617948702e-09
YDL138W,YNL053W,0.0003116305742878467
YDL138W,YGR040W,4.671449289617158e-07
YDL138W,YDL216C,1.711207119114988e-06
YDL138W,YOL117W,0.04438168555498123
YDL138W,YJR086W,8.263110485293764e-15
YDL138W,YMR025W,5.392098955780966e-06
YDL138W,YBR081C,1.183811182414729e-08
YDL138W,YFL026W,1.2194754095418148e-09
YDL138W,YHL007C,4.729145075543784e-09
YDL138W,YNR044W,0.018640782684087753
YDL138W,YNL271C,0.9935306906700134
YDL138W,YDR200C,3.4871161513905236e-11
YDL138W,YKL178C,5.085793765291502e-12
YDL138W,YOR212W,6.697330949372027e-14
YDL138W,YOL111C,1.0243342103422037e-06
YDL138W,YGL032C,2.842784449004097e-16
YDL138W,YHR005C,6.994388002112828e-08
YDL138W,YDR103W,3.2404430385213345e-05
YDL138W,YJR084W,6.538791730292814e-11
YDL138W,YCL032W,9.228229985724923e-11
YDL138W,YJL170C,1.0364976787968772e-06
YDL138W,YDR179C,4.423882728588069e-06
YDL138W,YBR095C,1.5473535341925526e-08
YDL138W,YLL021W,0.09245313704013824
YDL138W,YDL159W,3.366795908732456e-07
YDL138W,YNL161W,1.178225011244649e-05
YDL138W,YNL188W,4.304435208268842e-08
YDL138W,YJL157C,2.4886953724490013e-06
YDL138W,YJL034W,4.8878474184776977e-11
YDL138W,YLR238W,4.351508099708669e-14
YDL138W,YPR141C,2.531417386819612e-08
YDL138W,YNL127W,5.400106601882726e-06
YDL138W,YCL055W,7.03984596839291e-07
YDL138W,YPR122W,0.008709498681128025
YDL138W,YMR065W,0.017734454944729805
YDL138W,YDR356W,0.0008708186214789748
YDL138W,YMR052W,1.423839961489648e-07
YDL138W,YFR008W,1.2578767361048904e-08
YDL138W,YLL043W,0.0011797138722613454
YDL138W,YMR029C,5.4997076337492956e-11
YDL138W,YJR004C,2.2329291482492408e-07
YDL138W,YDL223C,3.1742983241933587e-11
YDL138W,YHR158C,4.537027052720077e-06
YDL138W,YGR238C,2.8917138905626416e-08
YDL138W,YIL015W,5.913552740821615e-05
YDL138W,YGL173C,9.26678694668226e-05
YDL138W,YDL225W,7.152016161550903e-18
YDL138W,YLR330W,1.5958262272394719e-12
YDL138W,YBR129C,8.675191907059343e-07
YDL138W,YKR095W-A,0.2020167112350464
YDL138W,YPR075C,4.926179020259269e-09
YDL138W,YMR198W,1.109208824345842e-05
YDL138W,YOR127W,1.967337766473065e-06
YDL138W,YDR264C,3.8863085194407176e-08
YDL138W,YLR110C,4.400235330184049e-13
YDL138W,YDR379W,2.8191538149258122e-05
YDL138W,YDL100C,2.364942552901539e-08
YDL138W,YHR073W,2.3516438796278294e-10
YDL138W,YJR090C,0.0015205750241875648
YDL138W,YOR208W,1.081191025598116e-09
YDL138W,YBR040W,0.021773546934127808
YDL138W,YNL279W,0.020223179832100868
YDL138W,YER075C,2.0534203031274956e-06
YDL138W,YCR089W,6.306540308287367e-05
YDL138W,YCR002C,0.0010170498862862587
YDL138W,YJL108C,3.3539857089565084e-12
YDL138W,YBR200W,6.738211766332824e-08
YDL138W,YIL026C,1.7833790479926392e-05
YDL138W,YJR076C,0.0009154379949904978
YDL138W,YKR031C,0.11462485045194626
YDL138W,YPL192C,1.9681539924931712e-05
YDL138W,YHR107C,1.1307833602813844e-07
YDL138W,YIL037C,0.0072780693881213665
YDL138W,YPL156C,0.0022712768986821175
YDL138W,YIL117C,0.003018060000613332
YDL138W,YHR066W,3.456607089447061e-08
YDL138W,YML085C,1.2382919134523718e-09
YDL138W,YML047C,0.0011053428752347827
YDL138W,YDR312W,0.7475801706314087
YDL138W,YFL037W,5.75726621931949e-09
YDL138W,YDL038C,0.2020167112350464
YDL138W,YDL039C,2.1714402009820333e-07
YDL138W,YCL027W,0.2639973759651184
YDL138W,YML124C,9.465404805439337e-13
YDL138W,YGL053W,4.512710074777715e-05
YDL138W,YMR232W,0.00038389352266676724
YDL138W,YNL298W,3.82050930056721e-05
YDL138W,YGL099W,6.794367152229697e-11
YDL138W,YBL016W,5.524782714649845e-11
YDL138W,YAL041W,8.318621128305254e-14
YDL138W,YDR085C,0.043400004506111145
YDL138W,YPL187W,1.8960494685416052e-07
YDL138W,YPL256C,0.025091934949159622
YDL138W,YDR461W,1.1719863632093236e-13
YDL138W,YNL145W,1.1245701259099405e-08
YPR135W,YDL165W,1.2649953242023504e-13
YPR135W,YGR059W,1.784388969916506e-09
YPR135W,YBR109C,7.696195893913682e-07
YPR135W,YJL080C,4.033822040093839e-15
YPR135W,YCR093W,4.578297296831124e-09
YPR135W,YIL122W,0.12683214247226715
YPR135W,YCL029C,0.0
YPR135W,YNL173C,9.46756643352073e-14
YPR135W,YLR452C,1.915754221926136e-09
YPR135W,YDL160C,0.006176542025059462
YPR135W,YLR229C,2.772921475768797e-11
YPR135W,YML057W,3.5785846508318286e-11
YPR135W,YER149C,0.00022896946757100523
YPR135W,YMR305C,4.749864238907942e-13
YPR135W,YLR433C,1.456598752724858e-08
YPR135W,YJL073W,2.0904905584373523e-10
YPR135W,YGR279C,3.163867223765493e-10
YPR135W,YKL190W,2.5431406980302995e-10
YPR135W,YGL089C,1.64685604886472e-06
YPR135W,YJL019W,9.61751356953755e-06
YPR135W,YJL018W,0.2020167112350464
YPR135W,YNR032C-A,0.9944763779640198
YPR135W,YGL178W,0.0010048657422885299
YPR135W,YKL116C,6.34579736848162e-13
YPR135W,YDL214C,1.0119399540542418e-08
YPR135W,YLR362W,3.0829679087407413e-11
YPR135W,YER068W,3.077504152315669e-05
YPR135W,YHR084W,5.334868102835344e-09
YPR135W,YDR392W,0.00012119827442802489
YPR135W,YNL053W,3.348109771650343e-07
YPR135W,YGR040W,0.02847662940621376
YPR135W,YDL216C,0.4290428161621094
YPR135W,YOL117W,1.2132402721354296e-11
YPR135W,YJR086W,1.1085704403057672e-11
YPR135W,YMR025W,1.9157722874751926e-07
YPR135W,YBR081C,4.141681984037859e-06
YPR135W,YFL026W,8.59137188058412e-08
YPR135W,YHL007C,9.315779259111423e-09
YPR135W,YNR044W,1.1350456929903885e-07
YPR135W,YNL271C,0.0025791421066969633
YPR135W,YDR200C,1.6095480691861415e-20
YPR135W,YKL178C,1.134116519097006e-05
YPR135W,YOR212W,3.656075008712234e-12
YPR135W,YOL111C,2.725302483685965e-10
YPR135W,YGL032C,1.2145390826390212e-07
YPR135W,YHR005C,0.00015381914272438735
YPR135W,YDR103W,6.055130870663561e-05
YPR135W,YJR084W,3.3577559135911095e-12
YPR135W,YCL032W,5.135470521056007e-11
YPR135W,YJL170C,1.2526481896202313e-07
YPR135W,YDR179C,1.509983249547986e-10
YPR135W,YBR095C,3.0923452687403596e-10
YPR135W,YLL021W,1.7345993228445877e-06
YPR135W,YDL159W,1.0199106554864557e-06
YPR135W,YNL161W,1.0314346599038515e-11
YPR135W,YNL188W,2.1752404791186564e-05
YPR135W,YJL157C,1.8420420744291732e-10
YPR135W,YJL034W,1.1802949263296e-14
YPR135W,YLR238W,0.0019754685927182436
YPR135W,YPR141C,7.167962223775248e-08
YPR135W,YNL127W,2.2503367500805088e-17
YPR135W,YCL055W,1.327232212133822e-06
YPR135W,YPR122W,8.069450814218726e-06
YPR135W,YMR065W,5.186222978847965e-11
YPR135W,YDR356W,1.4225174815862829e-08
YPR135W,YMR052W,8.28055362944724e-06
YPR135W,YFR008W,1.0046314891098973e-09
YPR135W,YLL043W,2.8480517357820645e-05
YPR135W,YMR029C,7.794941914163189e-10
YPR135W,YJR004C,8.893099590068232e-08
YPR135W,YDL223C,2.8381689359813222e-12
YPR135W,YHR158C,6.921271888948866e-10
YPR135W,YGR238C,0.005490391049534082
YPR135W,YIL015W,3.3569086638034207e-13
YPR135W,YGL173C,0.0003151411365251988
YPR135W,YDL225W,1.6548681287531508e-06
YPR135W,YLR330W,1.6911839983979604e-11
YPR135W,YBR129C,2.8130955342930974e-07
YPR135W,YKR095W-A,0.2020167112350464
YPR135W,YPR075C,4.6755155302946605e-11
YPR135W,YMR198W,0.0003760401741601527
YPR135W,YOR127W,6.923269069147864e-09
YPR135W,YDR264C,3.64857228873916e-08
YPR135W,YLR110C,9.784876325803684e-15
YPR135W,YDR379W,2.388322872803883e-09
YPR135W,YDL100C,4.599159360970867e-18
YPR135W,YHR073W,3.943591764254961e-06
YPR135W,YJR090C,1.9636602246464463e-06
YPR135W,YOR208W,3.912297460821612e-14
YPR135W,YBR040W,6.492963944282337e-09
YPR135W,YNL279W,1.594068635313306e-06
YPR135W,YER075C,4.951035634803702e-07
YPR135W,YCR089W,1.8680282209970756e-08
YPR135W,YCR002C,1.6007182246369211e-09
YPR135W,YJL108C,6.727816637130957e-10
YPR135W,YBR200W,1.4560867384716403e-05
YPR135W,YIL026C,2.4704646661710683e-10
YPR135W,YJR076C,7.741376290004709e-11
YPR135W,YKR031C,9.559767931932583e-06
YPR135W,YPL192C,9.104488829514423e-10
YPR135W,YHR107C,2.2051917312592567e-13
YPR135W,YIL037C,0.001089618424884975
YPR135W,YPL156C,0.18602080643177032
YPR135W,YIL117C,2.2768396543138003e-11
YPR135W,YHR066W,6.890124915059914e-09
YPR135W,YML085C,3.1204123729366984e-07
YPR135W,YML047C,1.937720662681386e-05
YPR135W,YDR312W,3.274208211223595e-07
YPR135W,YFL037W,4.674550243416453e-12
YPR135W,YDL038C,0.2020167112350464
YPR135W,YDL039C,2.2008827052499846e-11
YPR135W,YCL027W,9.355384378295639e-08
YPR135W,YML124C,2.3824396773973466e-13
YPR135W,YGL053W,1.0065948962756973e-14
YPR135W,YMR232W,1.9428816244726477e-07
YPR135W,YNL298W,1.208437683253294e-09
YPR135W,YGL099W,9.109027701015293e-07
YPR135W,YBL016W,1.3060440229306636e-10
YPR135W,YAL041W,1.8419727965124366e-09
YPR135W,YDR085C,1.0649785220362418e-10
YPR135W,YPL187W,0.9990884065628052
YPR135W,YPL256C,1.898279589074292e-10
YPR135W,YDR461W,3.4864470421780425e-07
YPR135W,YNL145W,3.7033334732150536e-10
YMR162C,YDL165W,9.849350610276197e-14
YMR162C,YGR059W,6.141774311352322e-10
YMR162C,YBR109C,1.0082658263854682e-06
YMR162C,YJL080C,1.7043203115463257e-05
YMR162C,YCR093W,1.6401445902380213e-13
YMR162C,YIL122W,0.572240948677063
YMR162C,YCL029C,1.3916072020947468e-05
YMR162C,YNL173C,0.0003598203184083104
YMR162C,YLR452C,2.3186387920759444e-08
YMR162C,YDL160C,0.05731474980711937
YMR162C,YLR229C,2.4203306026038263e-10
YMR162C,YML057W,3.1875135846348712e-06
YMR162C,YER149C,5.398425491875969e-05
YMR162C,YMR305C,1.8573900195661963e-09
YMR162C,YLR433C,1.4448712136072572e-05
YMR162C,YJL073W,1.2097222112927852e-09
YMR162C,YGR279C,7.400286676784162e-07
YMR162C,YKL190W,3.4052491937330842e-09
YMR162C,YGL089C,0.00022003412595950067
YMR162C,YJL019W,8.275205232166627e-08
YMR162C,YJL018W,0.2020167112350464
YMR162C,YNR032C-A,0.01900889351963997
YMR162C,YGL178W,3.9817219658289105e-05
YMR162C,YKL116C,2.4189563685439452e-09
YMR162C,YDL214C,0.8600270748138428
YMR162C,YLR362W,3.0490883151657044e-09
YMR162C,YER068W,9.4201633160651e-09
YMR162C,YHR084W,7.87048759498532e-11
YMR162C,YDR392W,0.0006825064192526042
YMR162C,YNL053W,0.0014626315096393228
YMR162C,YGR040W,5.2399518608581275e-06
YMR162C,YDL216C,0.0005447114817798138
YMR162C,YOL117W,0.000142059798236005
YMR162C,YJR086W,0.00015821792476344854
YMR162C,YMR025W,4.0500538034393685e-07
YMR162C,YBR081C,5.593862624664325e-06
YMR162C,YFL026W,1.4646429902231972e-10
YMR162C,YHL007C,1.140717853509443e-09
YMR162C,YNR044W,2.6061051983106154e-08
YMR162C,YNL271C,1.2650483768084086e-05
YMR162C,YDR200C,0.0010436445008963346
YMR162C,YKL178C,8.549320773454383e-05
YMR162C,YOR212W,3.053583270684612e-07
YMR162C,YOL111C,7.273397386597935e-06
YMR162C,YGL032C,0.016951998695731163
YMR162C,YHR005C,1.9116706440058806e-08
YMR162C,YDR103W,0.2868928015232086
YMR162C,YJR084W,8.268591045634821e-06
YMR162C,YCL032W,2.6767263989313506e-05
YMR162C,YJL170C,0.24622714519500732
YMR162C,YDR179C,3.6363120847759944e-11
YMR162C,YBR095C,3.006791615689508e-08
YMR162C,YLL021W,0.0006305135320872068
YMR162C,YDL159W,1.420218609382573e-08
YMR162C,YNL161W,3.8524413525919954e-07
YMR162C,YNL188W,7.029448134687755e-10
YMR162C,YJL157C,1.280096398659225e-06
YMR162C,YJL034W,2.4461124237262766e-09
YMR162C,YLR238W,0.000350821326719597
YMR162C,YPR141C,4.622603228199296e-05
YMR162C,YNL127W,1.9909155071218265e-06
YMR162C,YCL055W,4.1014546901980975e-13
YMR162C,YPR122W,0.0004696269752457738
YMR162C,YMR065W,0.026871992275118828
YMR162C,YDR356W,0.006796231027692556
YMR162C,YMR052W,3.5842767829308286e-05
YMR162C,YFR008W,0.0010231813648715615
YMR162C,YLL043W,0.0008479421958327293
YMR162C,YMR029C,2.2779652226745384e-06
YMR162C,YJR004C,9.844318693552623e-10
YMR162C,YDL223C,0.005320738069713116
YMR162C,YHR158C,6.312202316394178e-09
YMR162C,YGR238C,0.0910145565867424
YMR162C,YIL015W,0.00017390542780049145
YMR162C,YGL173C,3.850818029604852e-05
YMR162C,YDL225W,1.748512318044959e-06
YMR162C,YLR330W,7.364314935642824e-09
YMR162C,YBR129C,1.9179074683961517e-07
YMR162C,YKR095W-A,0.2020167112350464
YMR162C,YPR075C,0.00015822394925635308
YMR162C,YMR198W,0.018998190760612488
YMR162C,YOR127W,0.00010391919204266742
YMR162C,YDR264C,3.129844117211178e-08
YMR162C,YLR110C,7.301453479158226e-06
YMR162C,YDR379W,0.0014966974267736077
YMR162C,YDL100C,5.545916792470962e-08
YMR162C,YHR073W,6.175875921776708e-10
YMR162C,YJR090C,0.0442240871489048
YMR162C,YOR208W,3.142567805980434e-08
YMR162C,YBR040W,2.5059162567231397e-07
YMR162C,YNL279W,5.117524324305123e-06
YMR162C,YER075C,0.0004740607982967049
YMR162C,YCR089W,4.215048193145776e-06
YMR162C,YCR002C,3.6878586229249777e-07
YMR162C,YJL108C,0.022299697622656822
YMR162C,YBR200W,7.648323219200392e-08
YMR162C,YIL026C,9.821595085668378e-06
YMR162C,YJR076C,0.001976623432710767
YMR162C,YKR031C,0.0063066622242331505
YMR162C,YPL192C,2.729086554609239e-05
YMR162C,YHR107C,1.2330002296945253e-10
YMR162C,YIL037C,0.4066644012928009
YMR162C,YPL156C,0.0024392481427639723
YMR162C,YIL117C,5.448759475257248e-05
YMR162C,YHR066W,4.529059793867418e-09
YMR162C,YML085C,0.0026841622311621904
YMR162C,YML047C,0.0004443288780748844
YMR162C,YDR312W,2.755354273631383e-07
YMR162C,YFL037W,7.172485716466781e-09
YMR162C,YDL038C,0.2020167112350464
YMR162C,YDL039C,1.3120449693815317e-05
YMR162C,YCL027W,0.01181823667138815
YMR162C,YML124C,2.673368442174251e-07
YMR162C,YGL053W,0.00013955381291452795
YMR162C,YMR232W,0.03845153748989105
YMR162C,YNL298W,1.706484226815519e-06
YMR162C,YGL099W,1.0762658125829105e-12
YMR162C,YBL016W,4.904179036202549e-07
YMR162C,YAL041W,0.00042366053094156086
YMR162C,YDR085C,0.22069257497787476
YMR162C,YPL187W,0.49434536695480347
YMR162C,YPL256C,0.00041260101716034114
YMR162C,YDR461W,6.47742926958017e-05
YMR162C,YNL145W,3.220563260519782e-10
YHR186C,YDL165W,2.409790075819096e-11
YHR186C,YGR059W,2.779467489499865e-10
YHR186C,YBR109C,4.676727201058384e-07
YHR186C,YJL080C,0.8850869536399841
YHR186C,YCR093W,0.001185536733828485
YHR186C,YIL122W,0.9977193474769592
YHR186C,YCL029C,2.6950960574367855e-08
YHR186C,YNL173C,1.6140669911735017e-09
YHR186C,YLR452C,0.5458882451057434
YHR186C,YDL160C,4.4042786612408236e-05
YHR186C,YLR229C,1.0176865544053726e-05
YHR186C,YML057W,1.3204663673604955e-06
YHR186C,YER149C,1.0778809667044698e-07
YHR186C,YMR305C,0.19864971935749054
YHR186C,YLR433C,0.04577384516596794
YHR186C,YJL073W,1.7906293123814976e-06
YHR186C,YGR279C,0.30258500576019287
YHR186C,YKL190W,0.003019648604094982
YHR186C,YGL089C,0.003543218830600381
YHR186C,YJL019W,0.05079251527786255
YHR186C,YJL018W,0.00012378973769955337
YHR186C,YNR032C-A,0.022773414850234985
YHR186C,YGL178W,7.622796838191448e-11
YHR186C,YKL116C,0.000906743633095175
YHR186C,YDL214C,0.00025542324874550104
YHR186C,YLR362W,5.869459869245475e-07
YHR186C,YER068W,0.012362771667540073
YHR186C,YHR084W,1.8364402194492868e-06
YHR186C,YDR392W,4.704628372564912e-05
YHR186C,YNL053W,0.9879899621009827
YHR186C,YGR040W,0.014139505103230476
YHR186C,YDL216C,7.039644697215408e-05
YHR186C,YOL117W,1.2164530494018777e-09
YHR186C,YJR086W,0.0006838923436589539
YHR186C,YMR025W,6.058918188500684e-06
YHR186C,YBR081C,0.9990403056144714
YHR186C,YFL026W,1.4298683481683838e-06
YHR186C,YHL007C,7.2047414505505e-06
YHR186C,YNR044W,9.442220516575617e-08
YHR186C,YNL271C,0.7888740301132202
YHR186C,YDR200C,0.0026524970307946205
YHR186C,YKL178C,0.004566987510770559
YHR186C,YOR212W,0.6482155919075012
YHR186C,YOL111C,1.3804028178767552e-13
YHR186C,YGL032C,1.2612250133159364e-09
YHR186C,YHR005C,5.592124125541886e-06
YHR186C,YDR103W,0.9537253975868225
YHR186C,YJR084W,0.9606309533119202
YHR186C,YCL032W,6.538626280416793e-07
YHR186C,YJL170C,0.011606559157371521
YHR186C,YDR179C,6.066616541731152e-19
YHR186C,YBR095C,0.056919317692518234
YHR186C,YLL021W,0.999992847442627
YHR186C,YDL159W,1.9069259094283168e-15
YHR186C,YNL161W,0.9125232100486755
YHR186C,YNL188W,0.006671430077403784
YHR186C,YJL157C,0.0007141978130675852
YHR186C,YJL034W,1.907511126830741e-08
YHR186C,YLR238W,0.09678433835506439
YHR186C,YPR141C,1.9875792123258407e-09
YHR186C,YNL127W,0.06573422998189926
YHR186C,YCL055W,1.6611960398365687e-15
YHR186C,YPR122W,0.8776294589042664
YHR186C,YMR065W,1.5553426990777552e-08
YHR186C,YDR356W,0.016844771802425385
YHR186C,YMR052W,0.07473274320363998
YHR186C,YFR008W,0.0017668347572907805
YHR186C,YLL043W,8.116059575513646e-07
YHR186C,YMR029C,9.247889209973437e-08
YHR186C,YJR004C,0.0011578105622902513
YHR186C,YDL223C,4.242080298144657e-10
YHR186C,YHR158C,0.11104215681552887
YHR186C,YGR238C,2.511170382746286e-09
YHR186C,YIL015W,4.2041341430376633e-07
YHR186C,YGL173C,1.560828621904875e-08
YHR186C,YDL225W,3.096816314496209e-08
YHR186C,YLR330W,6.611646230503254e-10
YHR186C,YBR129C,0.008081883192062378
YHR186C,YKR095W-A,0.2020167112350464
YHR186C,YPR075C,1.242083698116403e-07
YHR186C,YMR198W,1.232271955586839e-07
YHR186C,YOR127W,0.8959253430366516
YHR186C,YDR264C,0.002680222038179636
YHR186C,YLR110C,0.0046013398095965385
YHR186C,YDR379W,0.9934275150299072
YHR186C,YDL100C,0.0008944975561462343
YHR186C,YHR073W,1.5563373381155543e-05
YHR186C,YJR090C,0.41185125708580017
YHR186C,YOR208W,0.0028639810625463724
YHR186C,YBR040W,1.025238248075766e-06
YHR186C,YNL279W,0.000542971829418093
YHR186C,YER075C,8.14552763017673e-08
YHR186C,YCR089W,4.3040824948548106e-07
YHR186C,YCR002C,0.9070035219192505
YHR186C,YJL108C,0.02054465003311634
YHR186C,YBR200W,5.4342936400830766e-12
YHR186C,YIL026C,0.0002680853649508208
YHR186C,YJR076C,3.834802555502392e-06
YHR186C,YKR031C,0.6873795390129089
YHR186C,YPL192C,0.0007691969512961805
YHR186C,YHR107C,3.514113018354692e-07
YHR186C,YIL037C,0.04120859131217003
YHR186C,YPL156C,8.510750717505289e-07
YHR186C,YIL117C,5.838431661686627e-06
YHR186C,YHR066W,8.086482330103839e-13
YHR186C,YML085C,6.682230946353229e-08
YHR186C,YML047C,2.5019235749823565e-07
YHR186C,YDR312W,0.00021136678697075695
YHR186C,YFL037W,0.0002710812259465456
YHR186C,YDL038C,0.2020167112350464
YHR186C,YDL039C,1.6294190164851724e-16
YHR186C,YCL027W,2.6414964438004063e-08
YHR186C,YML124C,3.248592728155586e-09
YHR186C,YGL053W,0.01208589319139719
YHR186C,YMR232W,4.4096687412675806e-10
YHR186C,YNL298W,0.05069420114159584
YHR186C,YGL099W,2.521412190148453e-09
YHR186C,YBL016W,0.08224815130233765
YHR186C,YAL041W,0.0004275028477422893
YHR186C,YDR085C,0.0021121003665030003
YHR186C,YPL187W,2.0889640017784927e-10
YHR186C,YPL256C,2.9638854925906344e-07
YHR186C,YDR461W,6.992352723500517e-07
YHR186C,YNL145W,5.9199182314439804e-18
YJL006C,YDL165W,0.0003738013037946075
YJL006C,YGR059W,5.4154519091298425e-08
YJL006C,YBR109C,0.021684875711798668
YJL006C,YJL080C,7.914189836810692e-07
YJL006C,YCR093W,0.30088096857070923
YJL006C,YIL122W,0.00015800941037014127
YJL006C,YCL029C,1.0906093848461751e-05
YJL006C,YNL173C,1.1197595313205966e-06
YJL006C,YLR452C,0.2011888176202774
YJL006C,YDL160C,4.921711251881788e-07
YJL006C,YLR229C,9.424174152172782e-08
YJL006C,YML057W,3.9306938780236944e-12
YJL006C,YER149C,2.5854478735709563e-07
YJL006C,YMR305C,3.224478739571879e-10
YJL006C,YLR433C,5.118471563037019e-06
YJL006C,YJL073W,6.675568187120007e-08
YJL006C,YGR279C,1.7861624428405776e-06
YJL006C,YKL190W,4.697800828901144e-11
YJL006C,YGL089C,2.984676825690258e-07
YJL006C,YJL019W,0.8686209917068481
YJL006C,YJL018W,0.013573630712926388
YJL006C,YNR032C-A,0.9995137453079224
YJL006C,YGL178W,0.7879772186279297
YJL006C,YKL116C,3.9237595811369985e-11
YJL006C,YDL214C,1.6999829313135706e-05
YJL006C,YLR362W,6.578786126976155e-11
YJL006C,YER068W,6.980412763368804e-06
YJL006C,YHR084W,3.1454906093131285e-06
YJL006C,YDR392W,0.0002873443008866161
YJL006C,YNL053W,0.0007236786186695099
YJL006C,YGR040W,3.3106465480159386e-07
YJL006C,YDL216C,0.083737313747406
YJL006C,YOL117W,1.4075083072384587e-06
YJL006C,YJR086W,0.019816819578409195
YJL006C,YMR025W,0.0008011608151718974
YJL006C,YBR081C,0.0013987121637910604
YJL006C,YFL026W,0.0012078051222488284
YJL006C,YHL007C,6.579266020878549e-10
YJL006C,YNR044W,3.4013060030702036e-06
YJL006C,YNL271C,9.253886673832312e-05
YJL006C,YDR200C,1.5554323454236574e-11
YJL006C,YKL178C,0.0002367282286286354
YJL006C,YOR212W,1.6839577483551693e-06
YJL006C,YOL111C,4.075326014152392e-12
YJL006C,YGL032C,0.0013758352724835277
YJL006C,YHR005C,0.00010121107334271073
YJL006C,YDR103W,0.001995496917515993
YJL006C,YJR084W,2.3276174943021033e-06
YJL006C,YCL032W,0.0005054408684372902
YJL006C,YJL170C,0.14003847539424896
YJL006C,YDR179C,4.578802872856613e-06
YJL006C,YBR095C,0.000479729613289237
YJL006C,YLL021W,0.07120485603809357
YJL006C,YDL159W,1.284201792046177e-15
YJL006C,YNL161W,8.350400457857177e-05
YJL006C,YNL188W,1.2245685638845316e-06
YJL006C,YJL157C,0.0027006124146282673
YJL006C,YJL034W,4.53156782931341e-12
YJL006C,YLR238W,5.7211160310544074e-05
YJL006C,YPR141C,0.0028735154774039984
YJL006C,YNL127W,3.150730165657478e-08
YJL006C,YCL055W,0.009582840837538242
YJL006C,YPR122W,0.15110255777835846
YJL006C,YMR065W,1.0278381523676217e-05
YJL006C,YDR356W,1.0280765536663239e-06
YJL006C,YMR052W,4.4759168593699883e-10
YJL006C,YFR008W,8.796980921488284e-10
YJL006C,YLL043W,0.0020548051688820124
YJL006C,YMR029C,5.35051327688052e-08
YJL006C,YJR004C,2.674951371517409e-10
YJL006C,YDL223C,1.7039631927673327e-08
YJL006C,YHR158C,5.1083345169899985e-05
YJL006C,YGR238C,5.052436245023273e-05
YJL006C,YIL015W,1.7198044588440098e-06
YJL006C,YGL173C,1.8803309842496674e-07
YJL006C,YDL225W,9.284787665819749e-05
YJL006C,YLR330W,1.971705540807986e-13
YJL006C,YBR129C,1.0869080080411209e-09
YJL006C,YKR095W-A,0.2020167112350464
YJL006C,YPR075C,3.184602746841847e-06
YJL006C,YMR198W,8.949960217385922e-10
YJL006C,YOR127W,4.8094198064063676e-06
YJL006C,YDR264C,0.002003240864723921
YJL006C,YLR110C,0.0006962037878111005
YJL006C,YDR379W,4.764148798130918e-06
YJL006C,YDL100C,5.5830114433774725e-05
YJL006C,YHR073W,8.973304738146837e-11
YJL006C,YJR090C,1.7596367740679852e-07
YJL006C,YOR208W,3.540208979302406e-07
YJL006C,YBR040W,1.272188114853634e-06
YJL006C,YNL279W,1.4310685969576298e-07
YJL006C,YER075C,2.92291446157833e-07
YJL006C,YCR089W,3.333057975396514e-05
YJL006C,YCR002C,1.1382770992440783e-07
YJL006C,YJL108C,0.0022487167734652758
YJL006C,YBR200W,7.815231378722445e-18
YJL006C,YIL026C,0.0005918584065511823
YJL006C,YJR076C,9.11937968339771e-06
YJL006C,YKR031C,0.14687955379486084
YJL006C,YPL192C,0.836158812046051
YJL006C,YHR107C,2.3547978855731344e-07
YJL006C,YIL037C,0.19297951459884644
YJL006C,YPL156C,0.9997920393943787
YJL006C,YIL117C,3.8236805266933516e-05
YJL006C,YHR066W,1.49760898127127e-11
YJL006C,YML085C,0.0005542532308027148
YJL006C,YML047C,0.0025599454529583454
YJL006C,YDR312W,3.653901103461976e-06
YJL006C,YFL037W,1.7294988774452236e-09
YJL006C,YDL038C,0.2020167112350464
YJL006C,YDL039C,1.674796294537373e-05
YJL006C,YCL027W,0.00018816163355950266
YJL006C,YML124C,2.0625114061090244e-08
YJL006C,YGL053W,1.1898788500178982e-14
YJL006C,YMR232W,0.13960225880146027
YJL006C,YNL298W,0.11451920866966248
YJL006C,YGL099W,1.1560115711906072e-11
YJL006C,YBL016W,7.986804121173918e-06
YJL006C,YAL041W,8.853062033464809e-11
YJL006C,YDR085C,9.461532946009044e-11
YJL006C,YPL187W,0.005408961791545153
YJL006C,YPL256C,8.059146239247639e-07
YJL006C,YDR461W,1.2422684392277006e-07
YJL006C,YNL145W,0.0001581854885444045
YPL147W,YDL165W,7.935964276839513e-06
YPL147W,YGR059W,5.480165654603297e-08
YPL147W,YBR109C,5.88452030569897e-06
YPL147W,YJL080C,4.634146080206847e-06
YPL147W,YCR093W,1.5173402516666101e-06
YPL147W,YIL122W,7.013090362306684e-05
YPL147W,YCL029C,2.7179905461721665e-12
YPL147W,YNL173C,6.4799100982781965e-06
YPL147W,YLR452C,8.316654587225969e-10
YPL147W,YDL160C,6.317944780676044e-07
YPL147W,YLR229C,3.630669098697581e-08
YPL147W,YML057W,8.062288614496538e-09
YPL147W,YER149C,2.3312657360108346e-10
YPL147W,YMR305C,1.837806621551863e-06
YPL147W,YLR433C,9.191725257551298e-05
YPL147W,YJL073W,3.322454533716268e-09
YPL147W,YGR279C,0.012369154952466488
YPL147W,YKL190W,2.355035277901152e-08
YPL147W,YGL089C,1.248702208300756e-08
YPL147W,YJL019W,1.6200025356738479e-06
YPL147W,YJL018W,0.2020167112350464
YPL147W,YNR032C-A,0.33482807874679565
YPL147W,YGL178W,7.15019486960955e-05
YPL147W,YKL116C,4.350397808921408e-13
YPL147W,YDL214C,0.00013792963000014424
YPL147W,YLR362W,2.9353923736152865e-08
YPL147W,YER068W,7.307758398411579e-09
YPL147W,YHR084W,1.196366838485119e-06
YPL147W,YDR392W,0.0010357990395277739
YPL147W,YNL053W,3.1035077086016827e-07
YPL147W,YGR040W,0.0005212249816395342
YPL147W,YDL216C,1.357888805841867e-07
YPL147W,YOL117W,5.685773794539273e-05
YPL147W,YJR086W,1.0509648745937739e-05
YPL147W,YMR025W,5.643929398502223e-05
YPL147W,YBR081C,3.607800516669535e-11
YPL147W,YFL026W,5.945341763435863e-05
YPL147W,YHL007C,7.798219598953438e-07
YPL147W,YNR044W,0.002295018872246146
YPL147W,YNL271C,1.0494898700086353e-10
YPL147W,YDR200C,7.431837047988665e-07
YPL147W,YKL178C,0.008447367697954178
YPL147W,YOR212W,0.10730784386396408
YPL147W,YOL111C,0.9659953713417053
YPL147W,YGL032C,8.501002213279207e-08
YPL147W,YHR005C,0.0015319123631343246
YPL147W,YDR103W,7.648130122106522e-05
YPL147W,YJR084W,0.0016730806091800332
YPL147W,YCL032W,3.1165408032052255e-09
YPL147W,YJL170C,5.077395726083012e-10
YPL147W,YDR179C,1.7973116328562355e-08
YPL147W,YBR095C,7.815655408194289e-05
YPL147W,YLL021W,1.1865504134789262e-09
YPL147W,YDL159W,1.9154362540518832e-09
YPL147W,YNL161W,0.001356844906695187
YPL147W,YNL188W,0.0018616102170199156
YPL147W,YJL157C,6.114925232836299e-10
YPL147W,YJL034W,6.561029497476056e-11
YPL147W,YLR238W,1.9315817001430702e-10
YPL147W,YPR141C,6.82908023463824e-08
YPL147W,YNL127W,7.837702931112744e-09
YPL147W,YCL055W,3.345540858235019e-11
YPL147W,YPR122W,1.9489120040017127e-10
YPL147W,YMR065W,4.031824873962364e-10
YPL147W,YDR356W,3.96451066420056e-11
YPL147W,YMR052W,2.112798966891205e-07
YPL147W,YFR008W,0.2817479372024536
YPL147W,YLL043W,0.01726273074746132
YPL147W,YMR029C,1.5942670794633074e-10
YPL147W,YJR004C,2.192697365899221e-07
YPL147W,YDL223C,0.004573117475956678
YPL147W,YHR158C,2.890874206684657e-09
YPL147W,YGR238C,4.8692998418087274e-12
YPL147W,YIL015W,0.00023819897614885122
YPL147W,YGL173C,0.00032260006992146373
YPL147W,YDL225W,3.112143598382744e-10
YPL147W,YLR330W,4.594062109897212e-12
YPL147W,YBR129C,0.004345031920820475
YPL147W,YKR095W-A,0.2020167112350464
YPL147W,YPR075C,8.321347083617425e-11
YPL147W,YMR198W,7.345953463300248e-07
YPL147W,YOR127W,5.466651487040508e-07
YPL147W,YDR264C,4.6515374885203187e-10
YPL147W,YLR110C,1.5185244173210322e-09
YPL147W,YDR379W,4.524061125721346e-09
YPL147W,YDL100C,1.4133389771020521e-11
YPL147W,YHR073W,1.127148596680172e-09
YPL147W,YJR090C,2.7874192537469256e-11
YPL147W,YOR208W,1.9312435223066415e-13
YPL147W,YBR040W,3.140417561553477e-07
YPL147W,YNL279W,2.5926283342414536e-09
YPL147W,YER075C,2.4126273274305277e-05
YPL147W,YCR089W,0.00014155232929624617
YPL147W,YCR002C,0.00014659264707006514
YPL147W,YJL108C,0.011963577941060066
YPL147W,YBR200W,2.648655517134557e-08
YPL147W,YIL026C,2.1208545622901126e-16
YPL147W,YJR076C,2.227956059641656e-07
YPL147W,YKR031C,1.5036438760773763e-09
YPL147W,YPL192C,1.2129046922382258e-07
YPL147W,YHR107C,1.2183214721517288e-06
YPL147W,YIL037C,6.22004108663532e-07
YPL147W,YPL156C,0.00010251400817651302
YPL147W,YIL117C,5.3782485132103375e-09
YPL147W,YHR066W,2.2790111131598678e-08
YPL147W,YML085C,1.3306507284926994e-10
YPL147W,YML047C,4.0540951151690763e-10
YPL147W,YDR312W,2.4578544755016196e-10
YPL147W,YFL037W,1.5286044652285113e-10
YPL147W,YDL038C,0.2020167112350464
YPL147W,YDL039C,9.547893725647683e-12
YPL147W,YCL027W,4.6464831982007126e-10
YPL147W,YML124C,7.436661690007895e-06
YPL147W,YGL053W,2.208080296384196e-08
YPL147W,YMR232W,0.0007026155362837017
YPL147W,YNL298W,4.165608396416998e-12
YPL147W,YGL099W,9.91860968357905e-11
YPL147W,YBL016W,0.0011182117741554976
YPL147W,YAL041W,1.4778671619808392e-08
YPL147W,YDR085C,3.4155250849821073e-10
YPL147W,YPL187W,1.575357373440056e-07
YPL147W,YPL256C,1.8241018551634625e-05
YPL147W,YDR461W,3.582284335834629e-08
YPL147W,YNL145W,6.68006405399324e-12
YOR359W,YDL165W,9.454822341714575e-11
YOR359W,YGR059W,9.05308467080701e-12
YOR359W,YBR109C,1.2879058930437282e-11
YOR359W,YJL080C,1.4939193533791695e-05
YOR359W,YCR093W,7.994429424007521e-11
YOR359W,YIL122W,9.66421964676556e-08
YOR359W,YCL029C,4.157742292815181e-12
YOR359W,YNL173C,0.004128394648432732
YOR359W,YLR452C,3.01840827887645e-07
YOR359W,YDL160C,0.0005079245311208069
YOR359W,YLR229C,8.526039440563596e-20
YOR359W,YML057W,2.591834421237539e-15
YOR359W,YER149C,3.274985260759422e-08
YOR359W,YMR305C,7.472193697122265e-11
YOR359W,YLR433C,0.005864693317562342
YOR359W,YJL073W,6.209049235454981e-15
YOR359W,YGR279C,3.298419523622975e-11
YOR359W,YKL190W,5.7155274436893055e-12
YOR359W,YGL089C,0.0020802963990718126
YOR359W,YJL019W,2.579793267898367e-09
YOR359W,YJL018W,0.2020167112350464
YOR359W,YNR032C-A,0.6624472737312317
YOR359W,YGL178W,0.00013044537627138197
YOR359W,YKL116C,7.891686748529025e-10
YOR359W,YDL214C,0.008509568870067596
YOR359W,YLR362W,6.067531629308943e-15
YOR359W,YER068W,5.454822371575574e-09
YOR359W,YHR084W,9.247394336853176e-05
YOR359W,YDR392W,7.289441619762194e-12
YOR359W,YNL053W,1.3499687156581786e-05
YOR359W,YGR040W,5.311634936333576e-07
YOR359W,YDL216C,1.7069254809511797e-13
YOR359W,YOL117W,1.2739567178954303e-09
YOR359W,YJR086W,4.996786060473823e-07
YOR359W,YMR025W,5.669664560059573e-08
YOR359W,YBR081C,3.489541086310055e-06
YOR359W,YFL026W,6.7767564360110555e-06
YOR359W,YHL007C,6.0572009630277535e-09
YOR359W,YNR044W,6.686029223601508e-07
YOR359W,YNL271C,0.34810060262680054
YOR359W,YDR200C,2.9499872466425103e-18
YOR359W,YKL178C,4.975634055881528e-06
YOR359W,YOR212W,3.207751433365047e-07
YOR359W,YOL111C,1.2273780150323828e-14
YOR359W,YGL032C,7.272165369751537e-16
YOR359W,YHR005C,8.954533541327692e-07
YOR359W,YDR103W,0.027345379814505577
YOR359W,YJR084W,6.788839490567966e-10
YOR359W,YCL032W,2.5692148408751336e-10
YOR359W,YJL170C,8.747213541937526e-06
YOR359W,YDR179C,4.305525635572849e-06
YOR359W,YBR095C,1.1251095202169381e-05
YOR359W,YLL021W,2.3964491902006557e-07
YOR359W,YDL159W,2.583864180017055e-14
YOR359W,YNL161W,5.564167460114788e-10
YOR359W,YNL188W,2.8964830534050634e-08
YOR359W,YJL157C,2.2124131415779402e-09
YOR359W,YJL034W,7.098737871886669e-19
YOR359W,YLR238W,1.3365238082929665e-10
YOR359W,YPR141C,2.2965021551080156e-10
YOR359W,YNL127W,5.54451311252091e-11
YOR359W,YCL055W,1.1712706373095527e-14
YOR359W,YPR122W,1.6394408248743275e-06
YOR359W,YMR065W,0.006599986460059881
YOR359W,YDR356W,1.0693394187910599e-06
YOR359W,YMR052W,1.9461197098280536e-09
YOR359W,YFR008W,8.328886025310567e-08
YOR359W,YLL043W,2.4903739070936126e-09
YOR359W,YMR029C,6.47995408890943e-15
YOR359W,YJR004C,2.9172838367230725e-07
YOR359W,YDL223C,6.135892693866522e-15
YOR359W,YHR158C,0.20832525193691254
YOR359W,YGR238C,2.995129307237221e-06
YOR359W,YIL015W,5.297773100210179e-07
YOR359W,YGL173C,4.770605602449993e-15
YOR359W,YDL225W,1.8767385867590747e-08
YOR359W,YLR330W,9.922800428552314e-13
YOR359W,YBR129C,2.335367668138133e-07
YOR359W,YKR095W-A,0.2020167112350464
YOR359W,YPR075C,2.3309691954409573e-09
YOR359W,YMR198W,1.4576284623757374e-10
YOR359W,YOR127W,1.5355769433789135e-10
YOR359W,YDR264C,1.2488030733948108e-06
YOR359W,YLR110C,0.0001454233133699745
YOR359W,YDR379W,5.376475458247667e-16
YOR359W,YDL100C,9.646732197776675e-14
YOR359W,YHR073W,1.2830144932585164e-11
YOR359W,YJR090C,4.1236141563004425e-13
YOR359W,YOR208W,2.2065602383464222e-12
YOR359W,YBR040W,4.694757933521032e-07
YOR359W,YNL279W,0.00032059033401310444
YOR359W,YER075C,4.7433497762732445e-15
YOR359W,YCR089W,5.367590052984816e-13
YOR359W,YCR002C,1.1525100518383624e-07
YOR359W,YJL108C,1.1584959658250682e-09
YOR359W,YBR200W,5.120871717119446e-13
YOR359W,YIL026C,7.114049793699451e-09
YOR359W,YJR076C,4.947006804201237e-09
YOR359W,YKR031C,1.0852575726971736e-08
YOR359W,YPL192C,2.8061449484084733e-05
YOR359W,YHR107C,1.1794945464771445e-07
YOR359W,YIL037C,1.1697156878653914e-06
YOR359W,YPL156C,0.079192154109478
YOR359W,YIL117C,2.4258515622932464e-05
YOR359W,YHR066W,2.1034694819288546e-10
YOR359W,YML085C,5.266135546703283e-15
YOR359W,YML047C,0.6038583517074585
YOR359W,YDR312W,1.2863816891695024e-06
YOR359W,YFL037W,3.292656401754357e-06
YOR359W,YDL038C,0.2020167112350464
YOR359W,YDL039C,0.011822402477264404
YOR359W,YCL027W,2.871252391400958e-08
YOR359W,YML124C,6.7978015083007114e-15
YOR359W,YGL053W,8.180073791663744e-07
YOR359W,YMR232W,1.2175954680060386e-06
YOR359W,YNL298W,1.690689033218007e-09
YOR359W,YGL099W,9.587136992486936e-14
YOR359W,YBL016W,1.2326084328937662e-16
YOR359W,YAL041W,1.9025007347295286e-08
YOR359W,YDR085C,1.777317848450366e-08
YOR359W,YPL187W,9.362610242646952e-09
YOR359W,YPL256C,3.0323400040943582e-12
YOR359W,YDR461W,3.124900685436138e-11
YOR359W,YNL145W,1.2480370469719615e-13
YDR259C,YDL165W,1.0208000276179519e-06
YDR259C,YGR059W,0.05143222212791443
YDR259C,YBR109C,3.860119977616705e-05
YDR259C,YJL080C,0.002616600599139929
YDR259C,YCR093W,1.6908471289767135e-09
YDR259C,YIL122W,1.2466670341382269e-05
YDR259C,YCL029C,1.533356225991156e-05
YDR259C,YNL173C,3.236894372093957e-06
YDR259C,YLR452C,8.577291055189562e-08
YDR259C,YDL160C,0.7764153480529785
YDR259C,YLR229C,3.958216740485021e-11
YDR259C,YML057W,8.135121788654942e-06
YDR259C,YER149C,6.091055837487147e-08
YDR259C,YMR305C,4.468817678571213e-06
YDR259C,YLR433C,0.0012908396311104298
YDR259C,YJL073W,3.631926972502697e-07
YDR259C,YGR279C,1.483650464706443e-07
YDR259C,YKL190W,6.1137920965848025e-06
YDR259C,YGL089C,6.660611298614505e-12
YDR259C,YJL019W,0.0033707411494106054
YDR259C,YJL018W,0.11007176339626312
YDR259C,YNR032C-A,0.9125292897224426
YDR259C,YGL178W,0.057267747819423676
YDR259C,YKL116C,4.538121629593661e-06
YDR259C,YDL214C,0.00014511994959320873
YDR259C,YLR362W,0.3595258295536041
YDR259C,YER068W,1.3475055027356575e-07
YDR259C,YHR084W,3.0934204087174066e-09
YDR259C,YDR392W,0.001196703757159412
YDR259C,YNL053W,0.9992258548736572
YDR259C,YGR040W,0.9996895790100098
YDR259C,YDL216C,0.00017692538676783442
YDR259C,YOL117W,0.06011044606566429
YDR259C,YJR086W,3.129691776848631e-06
YDR259C,YMR025W,2.625591832838836e-07
YDR259C,YBR081C,2.1406723615946532e-11
YDR259C,YFL026W,2.6210662112946537e-11
YDR259C,YHL007C,2.112214847471705e-09
YDR259C,YNR044W,0.014738844707608223
YDR259C,YNL271C,2.580383988970425e-05
YDR259C,YDR200C,3.7036229638687246e-10
YDR259C,YKL178C,1.9956944541377197e-08
YDR259C,YOR212W,4.1000927808454435e-07
YDR259C,YOL111C,3.5828485124511644e-05
YDR259C,YGL032C,8.811897878047148e-09
YDR259C,YHR005C,0.2656766176223755
YDR259C,YDR103W,0.0004211458726786077
YDR259C,YJR084W,0.06600642204284668
YDR259C,YCL032W,0.004404248669743538
YDR259C,YJL170C,0.0015087820356711745
YDR259C,YDR179C,2.145113967344514e-06
YDR259C,YBR095C,4.3452513637021184e-05
YDR259C,YLL021W,1.5337545686625043e-12
YDR259C,YDL159W,3.281533378363122e-11
YDR259C,YNL161W,0.002527852077037096
YDR259C,YNL188W,1.1254643883518156e-09
YDR259C,YJL157C,1.8736926140944417e-14
YDR259C,YJL034W,0.07582039386034012
YDR259C,YLR238W,3.8263066326482686e-11
YDR259C,YPR141C,6.075091363300089e-08
YDR259C,YNL127W,1.86302372640057e-06
YDR259C,YCL055W,5.0460610509617254e-05
YDR259C,YPR122W,1.0674182249204023e-07
YDR259C,YMR065W,0.0006132891867309809
YDR259C,YDR356W,0.03300094231963158
YDR259C,YMR052W,0.0022937024477869272
YDR259C,YFR008W,5.7458273658994585e-06
YDR259C,YLL043W,0.034963786602020264
YDR259C,YMR029C,5.4752886252673605e-11
YDR259C,YJR004C,0.054802585393190384
YDR259C,YDL223C,7.322227268957704e-09
YDR259C,YHR158C,7.70994518228818e-11
YDR259C,YGR238C,4.786650520394176e-10
YDR259C,YIL015W,0.005673705134540796
YDR259C,YGL173C,0.02346923016011715
YDR259C,YDL225W,0.00930696539580822
YDR259C,YLR330W,2.6759251340990886e-05
YDR259C,YBR129C,0.00019381579477339983
YDR259C,YKR095W-A,0.2020167112350464
YDR259C,YPR075C,1.1104916097792739e-08
YDR259C,YMR198W,3.408151678740978e-05
YDR259C,YOR127W,9.640488940476644e-08
YDR259C,YDR264C,7.392670522676781e-05
YDR259C,YLR110C,0.049401864409446716
YDR259C,YDR379W,0.005876646377146244
YDR259C,YDL100C,5.110030178911984e-05
YDR259C,YHR073W,0.009433598257601261
YDR259C,YJR090C,5.130841600475833e-05
YDR259C,YOR208W,0.018963584676384926
YDR259C,YBR040W,0.46492549777030945
YDR259C,YNL279W,0.01499002892524004
YDR259C,YER075C,6.046424095984548e-05
YDR259C,YCR089W,7.797206436066517e-09
YDR259C,YCR002C,0.0018807613523676991
YDR259C,YJL108C,0.8326209783554077
YDR259C,YBR200W,3.263544203946367e-05
YDR259C,YIL026C,4.5867496467622004e-09
YDR259C,YJR076C,0.24459899961948395
YDR259C,YKR031C,1.2327729564276524e-05
YDR259C,YPL192C,0.9975051283836365
YDR259C,YHR107C,6.525098433485255e-05
YDR259C,YIL037C,0.7779049277305603
YDR259C,YPL156C,0.014122826047241688
YDR259C,YIL117C,0.16999225318431854
YDR259C,YHR066W,1.065757115263459e-13
YDR259C,YML085C,0.1263561099767685
YDR259C,YML047C,0.15371116995811462
YDR259C,YDR312W,1.4540532333739975e-08
YDR259C,YFL037W,1.5998942171080444e-09
YDR259C,YDL038C,0.2020167112350464
YDR259C,YDL039C,1.6155340133876698e-19
YDR259C,YCL027W,2.007542889259639e-06
YDR259C,YML124C,0.00204460765235126
YDR259C,YGL053W,0.000127849358250387
YDR259C,YMR232W,0.8320959210395813
YDR259C,YNL298W,3.0764816472128587e-08
YDR259C,YGL099W,6.955239162387272e-11
YDR259C,YBL016W,0.02461990714073181
YDR259C,YAL041W,9.578869503457099e-05
YDR259C,YDR085C,1.0288401242064538e-09
YDR259C,YPL187W,1.9096436517429538e-05
YDR259C,YPL256C,4.2940762057241955e-09
YDR259C,YDR461W,3.0949957765917524e-13
YDR259C,YNL145W,4.303351985868176e-08
YLR286C,YDL165W,0.02347513847053051
YLR286C,YGR059W,8.632985100121005e-07
YLR286C,YBR109C,3.0396269721677527e-05
YLR286C,YJL080C,1.856650655440717e-08
YLR286C,YCR093W,6.688619436090448e-08
YLR286C,YIL122W,9.66621655607014e-07
YLR286C,YCL029C,0.00041956306085921824
YLR286C,YNL173C,0.00012923908070661128
YLR286C,YLR452C,5.025324185678004e-16
YLR286C,YDL160C,4.7362750592583325e-06
YLR286C,YLR229C,4.834737471481887e-11
YLR286C,YML057W,1.0199533790000714e-05
YLR286C,YER149C,1.584603115389882e-09
YLR286C,YMR305C,8.472389979448873e-18
YLR286C,YLR433C,1.147065081807952e-12
YLR286C,YJL073W,0.005068607162684202
YLR286C,YGR279C,5.8649307632663294e-09
YLR286C,YKL190W,1.117828399288534e-10
YLR286C,YGL089C,3.983229978493652e-12
YLR286C,YJL019W,4.739474206871819e-06
YLR286C,YJL018W,0.0016417407896369696
YLR286C,YNR032C-A,0.003974691033363342
YLR286C,YGL178W,1.5600064573462191e-09
YLR286C,YKL116C,1.3996375169966768e-09
YLR286C,YDL214C,4.639646431314759e-05
YLR286C,YLR362W,0.004692604765295982
YLR286C,YER068W,0.0005815942422486842
YLR286C,YHR084W,1.166965829524358e-12
YLR286C,YDR392W,1.7441840327592217e-06
YLR286C,YNL053W,0.9952882528305054
YLR286C,YGR040W,1.6300737148977618e-10
YLR286C,YDL216C,0.001672821817919612
YLR286C,YOL117W,0.0001352456893073395
YLR286C,YJR086W,1.3776484120153754e-10
YLR286C,YMR025W,2.6192544737568824e-06
YLR286C,YBR081C,0.0005972795770503581
YLR286C,YFL026W,1.6271883742768195e-13
YLR286C,YHL007C,0.012177756987512112
YLR286C,YNR044W,6.541480690458457e-09
YLR286C,YNL271C,0.02784610167145729
YLR286C,YDR200C,4.0104478102875873e-05
YLR286C,YKL178C,5.353314458389491e-10
YLR286C,YOR212W,6.887143896599135e-16
YLR286C,YOL111C,0.0029547514859586954
YLR286C,YGL032C,6.172403151618653e-21
YLR286C,YHR005C,4.2864084677518566e-13
YLR286C,YDR103W,3.0978742870502174e-05
YLR286C,YJR084W,5.97562063830992e-07
YLR286C,YCL032W,1.6357364529540064e-06
YLR286C,YJL170C,8.875287171861146e-09
YLR286C,YDR179C,2.2900090712596466e-08
YLR286C,YBR095C,6.676030898233876e-05
YLR286C,YLL021W,8.53313437687575e-08
YLR286C,YDL159W,6.737485591656878e-07
YLR286C,YNL161W,3.471345433325723e-09
YLR286C,YNL188W,0.6391341686248779
YLR286C,YJL157C,8.592667654738761e-06
YLR286C,YJL034W,1.3498111073317887e-08
YLR286C,YLR238W,1.070177502171532e-09
YLR286C,YPR141C,6.807409226894379e-05
YLR286C,YNL127W,8.782411646882093e-14
YLR286C,YCL055W,1.1865981011874908e-20
YLR286C,YPR122W,1.3825886616136707e-11
YLR286C,YMR065W,6.823162590485765e-10
YLR286C,YDR356W,2.1903545643908728e-07
YLR286C,YMR052W,9.947896018047686e-08
YLR286C,YFR008W,0.054028868675231934
YLR286C,YLL043W,2.3070739763042525e-10
YLR286C,YMR029C,3.842432488454506e-05
YLR286C,YJR004C,2.6505709627144824e-08
YLR286C,YDL223C,7.064817054924788e-06
YLR286C,YHR158C,2.0296724370649777e-11
YLR286C,YGR238C,6.652295780895656e-08
YLR286C,YIL015W,9.590445345683723e-18
YLR286C,YGL173C,6.16639468375979e-08
YLR286C,YDL225W,0.008791091851890087
YLR286C,YLR330W,7.463650035788305e-07
YLR286C,YBR129C,0.01018841378390789
YLR286C,YKR095W-A,0.2020167112350464
YLR286C,YPR075C,5.307274585086841e-12
YLR286C,YMR198W,7.338704108406091e-06
YLR286C,YOR127W,4.678778608990797e-08
YLR286C,YDR264C,0.002853216603398323
YLR286C,YLR110C,7.381642789997379e-16
YLR286C,YDR379W,9.695337658795558e-14
YLR286C,YDL100C,3.5086472616185915e-10
YLR286C,YHR073W,0.9999967813491821
YLR286C,YJR090C,4.6021810703678057e-05
YLR286C,YOR208W,0.00015987685765139759
YLR286C,YBR040W,2.175622312514114e-12
YLR286C,YNL279W,5.646238684930971e-11
YLR286C,YER075C,7.210108954325278e-09
YLR286C,YCR089W,4.97861037729308e-06
YLR286C,YCR002C,0.5564005970954895
YLR286C,YJL108C,0.013895314186811447
YLR286C,YBR200W,1.4819917737440846e-07
YLR286C,YIL026C,0.992305338382721
YLR286C,YJR076C,0.9763394594192505
YLR286C,YKR031C,2.425003060579911e-07
YLR286C,YPL192C,1.2809307392558367e-08
YLR286C,YHR107C,8.489489357809896e-14
YLR286C,YIL037C,1.7252167694437048e-08
YLR286C,YPL156C,2.791270860280637e-11
YLR286C,YIL117C,1.801624213792678e-21
YLR286C,YHR066W,8.89561549421991e-11
YLR286C,YML085C,1.3808684751204225e-10
YLR286C,YML047C,2.5673641630419297e-06
YLR286C,YDR312W,8.664289197213293e-08
YLR286C,YFL037W,4.625777191846758e-12
YLR286C,YDL038C,0.2020167112350464
YLR286C,YDL039C,7.953850772457471e-11
YLR286C,YCL027W,1.0877831968514329e-09
YLR286C,YML124C,0.0002114877279382199
YLR286C,YGL053W,0.0037153030280023813
YLR286C,YMR232W,6.640424544457346e-06
YLR286C,YNL298W,1.103418708225945e-05
YLR286C,YGL099W,2.6582924306239875e-07
YLR286C,YBL016W,1.184817216871581e-18
YLR286C,YAL041W,1.2184666957182344e-05
YLR286C,YDR085C,6.753474156588526e-15
YLR286C,YPL187W,0.6030053496360779
YLR286C,YPL256C,1.3079665931066409e-13
YLR286C,YDR461W,2.851008545998873e-14
YLR286C,YNL145W,3.8997515476200603e-14
YKL054C,YDL165W,1.2533018889371306e-05
YKL054C,YGR059W,5.24055849382421e-07
YKL054C,YBR109C,3.078938215494986e-10
YKL054C,YJL080C,3.328246020828374e-05
YKL054C,YCR093W,2.4468893116136314e-06
YKL054C,YIL122W,1.2115444860683056e-06
YKL054C,YCL029C,0.007912836968898773
YKL054C,YNL173C,0.000709106563590467
YKL054C,YLR452C,0.0002500301052350551
YKL054C,YDL160C,4.977900971425697e-05
YKL054C,YLR229C,4.813292434846517e-06
YKL054C,YML057W,6.311766109767802e-10
YKL054C,YER149C,9.96211965684779e-05
YKL054C,YMR305C,6.4837073487922225e-09
YKL054C,YLR433C,2.0089851204829756e-06
YKL054C,YJL073W,7.083660875650821e-07
YKL054C,YGR279C,5.060760031483369e-06
YKL054C,YKL190W,1.0997062635520471e-15
YKL054C,YGL089C,7.679819100303575e-05
YKL054C,YJL019W,4.606961079983707e-12
YKL054C,YJL018W,0.09205233305692673
YKL054C,YNR032C-A,1.9562286979635246e-05
YKL054C,YGL178W,0.006224058568477631
YKL054C,YKL116C,4.36540758528281e-05
YKL054C,YDL214C,2.0812565559857887e-10
YKL054C,YLR362W,1.4765448952402949e-07
YKL054C,YER068W,0.00036730896681547165
YKL054C,YHR084W,5.081340714241378e-05
YKL054C,YDR392W,0.002977713942527771
YKL054C,YNL053W,2.448795385134872e-05
YKL054C,YGR040W,0.019813768565654755
YKL054C,YDL216C,5.123840196574747e-07
YKL054C,YOL117W,6.705544106089256e-12
YKL054C,YJR086W,0.0036192170809954405
YKL054C,YMR025W,0.999197781085968
YKL054C,YBR081C,0.3683774769306183
YKL054C,YFL026W,6.629951712966431e-06
YKL054C,YHL007C,1.9138596485390735e-08
YKL054C,YNR044W,2.5177405404974706e-06
YKL054C,YNL271C,0.9854068756103516
YKL054C,YDR200C,5.903991961986321e-08
YKL054C,YKL178C,0.0010932049481198192
YKL054C,YOR212W,1.3022828648789897e-10
YKL054C,YOL111C,1.7845173949648796e-10
YKL054C,YGL032C,4.0483198972651735e-05
YKL054C,YHR005C,9.143130341726646e-08
YKL054C,YDR103W,2.0269906642056412e-08
YKL054C,YJR084W,9.806411682689031e-09
YKL054C,YCL032W,0.00020936621876899153
YKL054C,YJL170C,4.32425549661275e-05
YKL054C,YDR179C,4.520296788550674e-18
YKL054C,YBR095C,0.006608959287405014
YKL054C,YLL021W,1.5522796936728867e-10
YKL054C,YDL159W,4.012451029211661e-07
YKL054C,YNL161W,7.431664172941055e-09
YKL054C,YNL188W,0.010541512630879879
YKL054C,YJL157C,0.00029542853008024395
YKL054C,YJL034W,1.35680879864708e-08
YKL054C,YLR238W,8.088006375750467e-10
YKL054C,YPR141C,0.0018824080470949411
YKL054C,YNL127W,7.171267579764162e-09
YKL054C,YCL055W,4.0148125890482333e-07
YKL054C,YPR122W,0.03347018361091614
YKL054C,YMR065W,0.0001155898644356057
YKL054C,YDR356W,3.1237788789439946e-05
YKL054C,YMR052W,0.0045023830607533455
YKL054C,YFR008W,9.830253475229256e-06
YKL054C,YLL043W,7.337768329307437e-05
YKL054C,YMR029C,8.416353375650942e-05
YKL054C,YJR004C,5.065563527750783e-05
YKL054C,YDL223C,6.801853670441695e-21
YKL054C,YHR158C,0.12255197018384933
YKL054C,YGR238C,0.0001868712715804577
YKL054C,YIL015W,0.9846723675727844
YKL054C,YGL173C,0.8833051919937134
YKL054C,YDL225W,5.059867362433579e-06
YKL054C,YLR330W,2.9728669233008986e-06
YKL054C,YBR129C,0.00033984743640758097
YKL054C,YKR095W-A,0.2020167112350464
YKL054C,YPR075C,1.012279682299777e-08
YKL054C,YMR198W,4.751124382806893e-09
YKL054C,YOR127W,3.268359068897553e-05
YKL054C,YDR264C,0.006700113881379366
YKL054C,YLR110C,0.0010596688371151686
YKL054C,YDR379W,0.005123515147715807
YKL054C,YDL100C,2.4385238273083587e-09
YKL054C,YHR073W,0.00019969200366176665
YKL054C,YJR090C,3.0466508178506047e-06
YKL054C,YOR208W,1.5974366274207341e-09
YKL054C,YBR040W,0.753783106803894
YKL054C,YNL279W,5.853461857441289e-07
YKL054C,YER075C,1.006569567280069e-11
YKL054C,YCR089W,7.104850396899565e-07
YKL054C,YCR002C,0.00018221313075628132
YKL054C,YJL108C,0.0417349599301815
YKL054C,YBR200W,5.219728791416856e-07
YKL054C,YIL026C,0.00014801803627051413
YKL054C,YJR076C,5.6038907132460736e-06
YKL054C,YKR031C,0.0001037080364767462
YKL054C,YPL192C,3.6828437259828206e-06
YKL054C,YHR107C,2.3990759601133504e-08
YKL054C,YIL037C,4.219359652779531e-06
YKL054C,YPL156C,4.2680589618093734e-10
YKL054C,YIL117C,3.0498396776795778e-12
YKL054C,YHR066W,1.4944165018957942e-14
YKL054C,YML085C,0.00025089120026677847
YKL054C,YML047C,0.5676130056381226
YKL054C,YDR312W,7.869276305427775e-05
YKL054C,YFL037W,0.5065837502479553
YKL054C,YDL038C,0.2020167112350464
YKL054C,YDL039C,2.018940918530089e-20
YKL054C,YCL027W,0.0002778656198643148
YKL054C,YML124C,1.156547568825772e-05
YKL054C,YGL053W,1.8039561666682857e-07
YKL054C,YMR232W,2.347016561543569e-06
YKL054C,YNL298W,2.886055483486416e-07
YKL054C,YGL099W,7.222595741041005e-05
YKL054C,YBL016W,0.05529768392443657
YKL054C,YAL041W,1.015824935279852e-08
YKL054C,YDR085C,8.91845208794706e-10
YKL054C,YPL187W,0.00556914834305644
YKL054C,YPL256C,4.5361386582953855e-05
YKL054C,YDR461W,2.6072475289851127e-09
YKL054C,YNL145W,2.7083795206550576e-09
YGL090W,YDL165W,0.0008030253811739385
YGL090W,YGR059W,1.3385172223934205e-06
YGL090W,YBR109C,0.40916311740875244
YGL090W,YJL080C,0.9773869514465332
YGL090W,YCR093W,0.00016942045476753265
YGL090W,YIL122W,0.00028836194542236626
YGL090W,YCL029C,1.08241947600618e-05
YGL090W,YNL173C,1.6722490059351003e-08
YGL090W,YLR452C,0.00046825577737763524
YGL090W,YDL160C,0.14122401177883148
YGL090W,YLR229C,0.03874325379729271
YGL090W,YML057W,7.505800425633424e-08
YGL090W,YER149C,2.2046448577839328e-07
YGL090W,YMR305C,8.472437684758916e-07
YGL090W,YLR433C,0.5859623551368713
YGL090W,YJL073W,0.05479852855205536
YGL090W,YGR279C,0.3801702857017517
YGL090W,YKL190W,0.4458274841308594
YGL090W,YGL089C,0.0012393845245242119
YGL090W,YJL019W,0.02408333495259285
YGL090W,YJL018W,0.09451854974031448
YGL090W,YNR032C-A,0.0001089528959710151
YGL090W,YGL178W,0.25589969754219055
YGL090W,YKL116C,7.6607156174191e-09
YGL090W,YDL214C,0.15871396660804749
YGL090W,YLR362W,5.706448646947138e-10
YGL090W,YER068W,2.4559047233196907e-05
YGL090W,YHR084W,0.5918404459953308
YGL090W,YDR392W,0.015029226429760456
YGL090W,YNL053W,0.09452981501817703
YGL090W,YGR040W,0.0005927385063841939
YGL090W,YDL216C,0.7656283974647522
YGL090W,YOL117W,0.011129425838589668
YGL090W,YJR086W,0.006001877598464489
YGL090W,YMR025W,0.00040137601899914443
YGL090W,YBR081C,0.16892936825752258
YGL090W,YFL026W,0.00012188205437269062
YGL090W,YHL007C,0.4677121341228485
YGL090W,YNR044W,6.095192020438844e-06
YGL090W,YNL271C,0.009106121025979519
YGL090W,YDR200C,5.435925049823709e-05
YGL090W,YKL178C,0.003667958080768585
YGL090W,YOR212W,2.918175900576414e-12
YGL090W,YOL111C,1.6867173826540238e-06
YGL090W,YGL032C,1.2061723282386083e-05
YGL090W,YHR005C,9.983687476733394e-08
YGL090W,YDR103W,0.04013631492853165
YGL090W,YJR084W,7.954241709740018e-08
YGL090W,YCL032W,9.881856385618448e-06
YGL090W,YJL170C,0.9584348201751709
YGL090W,YDR179C,3.4658867662074044e-05
YGL090W,YBR095C,0.9993638396263123
YGL090W,YLL021W,2.1111716819177673e-09
YGL090W,YDL159W,2.9104112400091253e-05
YGL090W,YNL161W,1.1672714208543766e-05
YGL090W,YNL188W,3.0681950040428393e-16
YGL090W,YJL157C,6.830557595094433e-07
YGL090W,YJL034W,1.2604445265296249e-11
YGL090W,YLR238W,5.537989409276634e-07
YGL090W,YPR141C,0.6712579727172852
YGL090W,YNL127W,9.53912784266292e-14
YGL090W,YCL055W,2.1941328668617643e-05
YGL090W,YPR122W,0.02667843922972679
YGL090W,YMR065W,0.0005120963323861361
YGL090W,YDR356W,4.6885838855814654e-06
YGL090W,YMR052W,0.010465356521308422
YGL090W,YFR008W,3.3073990834964206e-07
YGL090W,YLL043W,0.004691258072853088
YGL090W,YMR029C,0.00016927398974075913
YGL090W,YJR004C,1.1131110255746535e-07
YGL090W,YDL223C,2.261706413264619e-06
YGL090W,YHR158C,0.0007150021265260875
YGL090W,YGR238C,3.1834101577032925e-08
YGL090W,YIL015W,1.4536068349002562e-08
YGL090W,YGL173C,1.0178584489040077e-05
YGL090W,YDL225W,0.21874143183231354
YGL090W,YLR330W,1.0085524081659969e-05
YGL090W,YBR129C,2.3779966440429234e-08
YGL090W,YKR095W-A,0.2020167112350464
YGL090W,YPR075C,0.0199354849755764
YGL090W,YMR198W,0.005357605870813131
YGL090W,YOR127W,0.006637930404394865
YGL090W,YDR264C,1.1316377879211359e-07
YGL090W,YLR110C,0.5829500555992126
YGL090W,YDR379W,0.0002549867203924805
YGL090W,YDL100C,2.676782060007099e-06
YGL090W,YHR073W,2.979507189593278e-05
YGL090W,YJR090C,3.870673503936217e-10
YGL090W,YOR208W,0.00011692124098772183
YGL090W,YBR040W,0.8448992371559143
YGL090W,YNL279W,0.11004514247179031
YGL090W,YER075C,0.00019129137217532843
YGL090W,YCR089W,0.0001642217830521986
YGL090W,YCR002C,0.22840780019760132
YGL090W,YJL108C,0.000823186885099858
YGL090W,YBR200W,3.9004207792459056e-05
YGL090W,YIL026C,1.570115091453772e-05
YGL090W,YJR076C,0.3589707016944885
YGL090W,YKR031C,2.9224820536910556e-06
YGL090W,YPL192C,0.16113530099391937
YGL090W,YHR107C,1.21159715149588e-07
YGL090W,YIL037C,8.082539437737069e-08
YGL090W,YPL156C,0.0003741744440048933
YGL090W,YIL117C,0.02584787644445896
YGL090W,YHR066W,6.954543163573135e-09
YGL090W,YML085C,0.10215719789266586
YGL090W,YML047C,1.250051809620345e-06
YGL090W,YDR312W,2.5133840608759783e-06
YGL090W,YFL037W,0.03955164551734924
YGL090W,YDL038C,0.2020167112350464
YGL090W,YDL039C,0.002250079298391938
YGL090W,YCL027W,4.15289105148986e-06
YGL090W,YML124C,2.984230570990398e-11
YGL090W,YGL053W,0.7517322897911072
YGL090W,YMR232W,0.9879837036132812
YGL090W,YNL298W,2.219008592874161e-06
YGL090W,YGL099W,2.4297040823739735e-08
YGL090W,YBL016W,0.003752494230866432
YGL090W,YAL041W,1.127552828883438e-09
YGL090W,YDR085C,1.742298820772703e-07
YGL090W,YPL187W,5.970977667857369e-08
YGL090W,YPL256C,1.084518874705509e-08
YGL090W,YDR461W,1.0407211448182352e-06
YGL090W,YNL145W,1.3304679580272705e-10
YKL019W,YDL165W,4.659831409625781e-10
YKL019W,YGR059W,4.2133549868594855e-05
YKL019W,YBR109C,1.1895421536678441e-08
YKL019W,YJL080C,1.3157815374142956e-05
YKL019W,YCR093W,1.3440812319468615e-13
YKL019W,YIL122W,0.0038976913783699274
YKL019W,YCL029C,2.399074503500742e-07
YKL019W,YNL173C,9.038414548051543e-13
YKL019W,YLR452C,0.0005877491203136742
YKL019W,YDL160C,1.8480605490367452e-07
YKL019W,YLR229C,0.5470963716506958
YKL019W,YML057W,4.388973309232824e-07
YKL019W,YER149C,0.013761715032160282
YKL019W,YMR305C,5.338270270272005e-08
YKL019W,YLR433C,0.31879693269729614
YKL019W,YJL073W,2.119041470072247e-10
YKL019W,YGR279C,3.338706022759652e-08
YKL019W,YKL190W,5.112064591084042e-11
YKL019W,YGL089C,5.935011813562596e-06
YKL019W,YJL019W,3.642688373162173e-09
YKL019W,YJL018W,0.01915130577981472
YKL019W,YNR032C-A,0.6257107853889465
YKL019W,YGL178W,5.997258562123703e-21
YKL019W,YKL116C,0.00014915615611243993
YKL019W,YDL214C,4.4954990698897745e-06
YKL019W,YLR362W,0.10439620167016983
YKL019W,YER068W,3.442331944825128e-05
YKL019W,YHR084W,0.001710904878564179
YKL019W,YDR392W,6.6106662366394175e-09
YKL019W,YNL053W,8.174955823392338e-09
YKL019W,YGR040W,2.562686916007806e-07
YKL019W,YDL216C,1.5661918983944645e-10
YKL019W,YOL117W,9.677354682935402e-05
YKL019W,YJR086W,3.1825638302507286e-07
YKL019W,YMR025W,8.000800335139502e-06
YKL019W,YBR081C,1.2773971880264412e-09
YKL019W,YFL026W,1.0088404556185537e-09
YKL019W,YHL007C,1.1564619626369677e-06
YKL019W,YNR044W,4.9033282266464084e-05
YKL019W,YNL271C,0.000616394099779427
YKL019W,YDR200C,5.561711802215541e-08
YKL019W,YKL178C,0.008960656821727753
YKL019W,YOR212W,0.7378724217414856
YKL019W,YOL111C,4.2304645030133425e-12
YKL019W,YGL032C,4.131284114805567e-08
YKL019W,YHR005C,4.7401064762198075e-07
YKL019W,YDR103W,0.0002643273037392646
YKL019W,YJR084W,1.1870228036059416e-06
YKL019W,YCL032W,0.04968949779868126
YKL019W,YJL170C,9.834855063672876e-07
YKL019W,YDR179C,2.2000652506932485e-14
YKL019W,YBR095C,0.010607867501676083
YKL019W,YLL021W,1.4058325348287326e-07
YKL019W,YDL159W,1.4913543054717593e-05
YKL019W,YNL161W,3.6654368429367423e-09
YKL019W,YNL188W,5.323112873156788e-06
YKL019W,YJL157C,3.2494634069735184e-05
YKL019W,YJL034W,1.625582372703771e-12
YKL019W,YLR238W,3.734084685902417e-08
YKL019W,YPR141C,1.9156287070932337e-14
YKL019W,YNL127W,1.349136025119435e-09
YKL019W,YCL055W,0.008419837802648544
YKL019W,YPR122W,2.569299211319792e-13
YKL019W,YMR065W,2.590754490938707e-07
YKL019W,YDR356W,0.9770504236221313
YKL019W,YMR052W,6.118839337432291e-07
YKL019W,YFR008W,2.0951503756805323e-05
YKL019W,YLL043W,1.8862521073970129e-06
YKL019W,YMR029C,7.920214670775749e-07
YKL019W,YJR004C,3.46769520547241e-05
YKL019W,YDL223C,1.3548245858530095e-09
YKL019W,YHR158C,3.887249931722181e-06
YKL019W,YGR238C,2.124075214489634e-14
YKL019W,YIL015W,0.004945260938256979
YKL019W,YGL173C,1.3858223901763722e-08
YKL019W,YDL225W,1.9414343910284515e-08
YKL019W,YLR330W,8.965402571448067e-07
YKL019W,YBR129C,2.012981781263079e-08
YKL019W,YKR095W-A,0.2020167112350464
YKL019W,YPR075C,1.8351046376929858e-11
YKL019W,YMR198W,3.3734320226130876e-08
YKL019W,YOR127W,0.0013529828283935785
YKL019W,YDR264C,1.7076271205951343e-06
YKL019W,YLR110C,4.451049733233958e-07
YKL019W,YDR379W,1.6165854788141587e-07
YKL019W,YDL100C,5.187291915453862e-11
YKL019W,YHR073W,0.0002665243810042739
YKL019W,YJR090C,2.051613578731102e-14
YKL019W,YOR208W,3.389173164336512e-09
YKL019W,YBR040W,0.6996687650680542
YKL019W,YNL279W,5.363097443478182e-05
YKL019W,YER075C,3.1547628509542847e-07
YKL019W,YCR089W,2.4390723751821497e-07
YKL019W,YCR002C,0.0015574590070173144
YKL019W,YJL108C,2.2673063995171105e-06
YKL019W,YBR200W,4.545082366025355e-11
YKL019W,YIL026C,2.076292184938211e-05
YKL019W,YJR076C,0.19705122709274292
YKL019W,YKR031C,8.206861405735122e-12
YKL019W,YPL192C,3.203251424110931e-07
YKL019W,YHR107C,5.830162876918621e-07
YKL019W,YIL037C,1.6588026028330205e-06
YKL019W,YPL156C,1.2198666965446137e-08
YKL019W,YIL117C,2.3635717383285737e-08
YKL019W,YHR066W,5.575258033019281e-10
YKL019W,YML085C,1.1668774277495686e-05
YKL019W,YML047C,5.325921037524495e-09
YKL019W,YDR312W,2.8346308681648225e-05
YKL019W,YFL037W,2.9783589639009733e-07
YKL019W,YDL038C,0.2020167112350464
YKL019W,YDL039C,1.1773310625018407e-11
YKL019W,YCL027W,0.00023219615104608238
YKL019W,YML124C,0.001160914427600801
YKL019W,YGL053W,2.568897243364343e-13
YKL019W,YMR232W,7.771692480673664e-07
YKL019W,YNL298W,6.683008280106151e-08
YKL019W,YGL099W,0.016487982124090195
YKL019W,YBL016W,3.652393498754236e-09
YKL019W,YAL041W,0.0010434561409056187
YKL019W,YDR085C,0.4294229745864868
YKL019W,YPL187W,1.767244430084247e-05
YKL019W,YPL256C,0.9077969193458557
YKL019W,YDR461W,1.5350269883321332e-13
YKL019W,YNL145W,5.17657531423632e-12
YHR094C,YDL165W,4.734102532211182e-08
YHR094C,YGR059W,2.4348866276496057e-15
YHR094C,YBR109C,1.0133623618457932e-05
YHR094C,YJL080C,7.43193959351629e-06
YHR094C,YCR093W,6.790659057287485e-08
YHR094C,YIL122W,5.484457357121837e-14
YHR094C,YCL029C,0.002347542904317379
YHR094C,YNL173C,1.0077211282230256e-13
YHR094C,YLR452C,4.06151688344715e-14
YHR094C,YDL160C,9.92885951234257e-09
YHR094C,YLR229C,1.4393268799040015e-08
YHR094C,YML057W,8.663120221186205e-11
YHR094C,YER149C,0.01804104819893837
YHR094C,YMR305C,4.6996431292087924e-20
YHR094C,YLR433C,1.1798179100352968e-10
YHR094C,YJL073W,9.575615678159011e-08
YHR094C,YGR279C,1.0381787431755604e-15
YHR094C,YKL190W,1.0969639333779924e-05
YHR094C,YGL089C,1.483834499715897e-09
YHR094C,YJL019W,0.00612338213250041
YHR094C,YJL018W,6.668281275779009e-05
YHR094C,YNR032C-A,1.2858085085554194e-07
YHR094C,YGL178W,6.394478723652577e-14
YHR094C,YKL116C,2.5508821721587083e-08
YHR094C,YDL214C,0.9737827777862549
YHR094C,YLR362W,8.673919601239616e-14
YHR094C,YER068W,0.09047030657529831
YHR094C,YHR084W,7.412044755739089e-09
YHR094C,YDR392W,1.129738769609014e-15
YHR094C,YNL053W,6.617287726840004e-05
YHR094C,YGR040W,1.0010807460769655e-10
YHR094C,YDL216C,1.2431121941287177e-13
YHR094C,YOL117W,2.005031171203441e-15
YHR094C,YJR086W,5.964647725282765e-16
YHR094C,YMR025W,3.942893158637162e-07
YHR094C,YBR081C,1.4519988326355815e-05
YHR094C,YFL026W,2.2425676699205747e-14
YHR094C,YHL007C,6.548455666610664e-10
YHR094C,YNR044W,3.8601802310189726e-11
YHR094C,YNL271C,3.696212579713462e-14
YHR094C,YDR200C,2.4578400770257185e-14
YHR094C,YKL178C,1.7695276667561988e-12
YHR094C,YOR212W,2.0653426885397508e-11
YHR094C,YOL111C,1.4657052815891802e-05
YHR094C,YGL032C,5.905290145769015e-11
YHR094C,YHR005C,1.1774647012616213e-13
YHR094C,YDR103W,2.626772965808044e-10
YHR094C,YJR084W,2.693257192731835e-05
YHR094C,YCL032W,4.695404221682908e-13
YHR094C,YJL170C,2.321285705875198e-07
YHR094C,YDR179C,7.267881175360147e-12
YHR094C,YBR095C,1.840490870819167e-09
YHR094C,YLL021W,1.1466295291029382e-05
YHR094C,YDL159W,5.654572365898503e-10
YHR094C,YNL161W,1.4536623460514875e-08
YHR094C,YNL188W,6.6202283051097766e-06
YHR094C,YJL157C,5.169634165191894e-10
YHR094C,YJL034W,2.1465912613457405e-16
YHR094C,YLR238W,4.807365030501387e-07
YHR094C,YPR141C,3.1422043775819475e-06
YHR094C,YNL127W,1.5670853503735316e-10
YHR094C,YCL055W,1.402581800702407e-10
YHR094C,YPR122W,1.6510311979800463e-06
YHR094C,YMR065W,2.133973339368822e-06
YHR094C,YDR356W,8.017657933123701e-07
YHR094C,YMR052W,3.1812901202243893e-09
YHR094C,YFR008W,0.041230518370866776
YHR094C,YLL043W,1.1755454431877557e-14
YHR094C,YMR029C,1.7556899237015152e-16
YHR094C,YJR004C,9.808486488294132e-13
YHR094C,YDL223C,3.812085196119863e-12
YHR094C,YHR158C,6.716204037360285e-09
YHR094C,YGR238C,6.496298724650851e-12
YHR094C,YIL015W,1.9438149700956586e-10
YHR094C,YGL173C,0.0010464973747730255
YHR094C,YDL225W,6.603239819085588e-14
YHR094C,YLR330W,1.2516379425953073e-11
YHR094C,YBR129C,0.022856658324599266
YHR094C,YKR095W-A,0.2020167112350464
YHR094C,YPR075C,1.1158840518277202e-09
YHR094C,YMR198W,5.019850050302921e-06
YHR094C,YOR127W,1.0210906564722677e-09
YHR094C,YDR264C,3.762314459976324e-09
YHR094C,YLR110C,8.661537140142173e-05
YHR094C,YDR379W,1.6061812253484464e-12
YHR094C,YDL100C,9.928303130977944e-18
YHR094C,YHR073W,0.43572723865509033
YHR094C,YJR090C,1.6206591732688402e-13
YHR094C,YOR208W,4.133870561418007e-07
YHR094C,YBR040W,8.173521564458497e-06
YHR094C,YNL279W,7.372621624313069e-09
YHR094C,YER075C,1.4159259542623204e-08
YHR094C,YCR089W,0.18411847949028015
YHR094C,YCR002C,7.616422323526142e-17
YHR094C,YJL108C,8.523535280506063e-20
YHR094C,YBR200W,1.3394759260099143e-11
YHR094C,YIL026C,4.753881910346536e-08
YHR094C,YJR076C,8.502116111835933e-13
YHR094C,YKR031C,1.490608241283553e-07
YHR094C,YPL192C,0.002268844749778509
YHR094C,YHR107C,2.0739165051963937e-07
YHR094C,YIL037C,1.2386784646878368e-06
YHR094C,YPL156C,1.3977301538403708e-09
YHR094C,YIL117C,1.7569640187176105e-11
YHR094C,YHR066W,9.521237320970783e-15
YHR094C,YML085C,1.2195136393777783e-11
YHR094C,YML047C,3.40091815820287e-10
YHR094C,YDR312W,0.0028712197672575712
YHR094C,YFL037W,1.748062176944531e-19
YHR094C,YDL038C,0.2020167112350464
YHR094C,YDL039C,0.0012793781934306026
YHR094C,YCL027W,5.505597800947726e-05
YHR094C,YML124C,3.3676931900567817e-18
YHR094C,YGL053W,1.2760040590364952e-05
YHR094C,YMR232W,1.2210167099624414e-08
YHR094C,YNL298W,2.8040334811019196e-12
YHR094C,YGL099W,0.00010641527478583157
YHR094C,YBL016W,5.882892750719293e-08
YHR094C,YAL041W,1.946405481234592e-09
YHR094C,YDR085C,1.3235668012368733e-16
YHR094C,YPL187W,0.05407102406024933
YHR094C,YPL256C,4.8328379492756923e-11
YHR094C,YDR461W,6.905037585612366e-22
YHR094C,YNL145W,8.580189645801886e-15
YLR035C-A,YDL165W,3.2256395471330634e-11
YLR035C-A,YGR059W,3.1344529816124123e-06
YLR035C-A,YBR109C,1.964855255209841e-05
YLR035C-A,YJL080C,1.680735550735335e-08
YLR035C-A,YCR093W,9.101383329834789e-05
YLR035C-A,YIL122W,2.1821252005338465e-07
YLR035C-A,YCL029C,2.25975736611872e-06
YLR035C-A,YNL173C,5.861802065965094e-08
YLR035C-A,YLR452C,1.0166060881999783e-08
YLR035C-A,YDL160C,0.0007728562923148274
YLR035C-A,YLR229C,0.00029700295999646187
YLR035C-A,YML057W,0.0008647309150546789
YLR035C-A,YER149C,0.0001083745009964332
YLR035C-A,YMR305C,0.0011409628205001354
YLR035C-A,YLR433C,7.481789361918345e-05
YLR035C-A,YJL073W,6.523959746118635e-05
YLR035C-A,YGR279C,0.004498913884162903
YLR035C-A,YKL190W,3.0051633075345308e-06
YLR035C-A,YGL089C,0.0007367145735770464
YLR035C-A,YJL019W,1.3452521670842543e-05
YLR035C-A,YJL018W,0.2020167112350464
YLR035C-A,YNR032C-A,0.00031484290957450867
YLR035C-A,YGL178W,0.00017057341756299138
YLR035C-A,YKL116C,8.492021152051166e-05
YLR035C-A,YDL214C,0.0013273237273097038
YLR035C-A,YLR362W,9.951558155307794e-08
YLR035C-A,YER068W,2.2078992856222612e-08
YLR035C-A,YHR084W,1.842664642026648e-05
YLR035C-A,YDR392W,5.029961539548822e-05
YLR035C-A,YNL053W,7.790906238369644e-05
YLR035C-A,YGR040W,5.53386598767247e-07
YLR035C-A,YDL216C,3.687421849463135e-05
YLR035C-A,YOL117W,0.00012932020763400942
YLR035C-A,YJR086W,6.818928522989154e-05
YLR035C-A,YMR025W,0.00016754151147324592
YLR035C-A,YBR081C,2.4251376462558483e-09
YLR035C-A,YFL026W,2.3492744730901904e-05
YLR035C-A,YHL007C,0.0565355159342289
YLR035C-A,YNR044W,1.8723371297824087e-08
YLR035C-A,YNL271C,4.949608410242945e-05
YLR035C-A,YDR200C,6.358413173757071e-08
YLR035C-A,YKL178C,1.0358659892517608e-05
YLR035C-A,YOR212W,1.0634474989501541e-07
YLR035C-A,YOL111C,3.5050704809691524e-06
YLR035C-A,YGL032C,1.3326721273188014e-05
YLR035C-A,YHR005C,2.2201409137778683e-06
YLR035C-A,YDR103W,0.00014951072807889432
YLR035C-A,YJR084W,2.923756028394564e-06
YLR035C-A,YCL032W,0.00039869474130682647
YLR035C-A,YJL170C,7.372092659352347e-05
YLR035C-A,YDR179C,1.5463504254853433e-08
YLR035C-A,YBR095C,0.00021228878176771104
YLR035C-A,YLL021W,0.00017030315939337015
YLR035C-A,YDL159W,4.055414319736883e-05
YLR035C-A,YNL161W,0.020382344722747803
YLR035C-A,YNL188W,7.973265383043326e-06
YLR035C-A,YJL157C,0.0009377626702189445
YLR035C-A,YJL034W,8.325831004185602e-05
YLR035C-A,YLR238W,3.4154161312471842e-06
YLR035C-A,YPR141C,7.35679918761889e-07
YLR035C-A,YNL127W,0.005508785601705313
YLR035C-A,YCL055W,3.4838905094147776e-08
YLR035C-A,YPR122W,7.532901690865401e-06
YLR035C-A,YMR065W,2.2195450583240017e-05
YLR035C-A,YDR356W,8.922116649046075e-06
YLR035C-A,YMR052W,3.596473732159211e-07
YLR035C-A,YFR008W,3.624534292612225e-05
YLR035C-A,YLL043W,2.9561180781456642e-05
YLR035C-A,YMR029C,0.002816195134073496
YLR035C-A,YJR004C,3.760362233151682e-05
YLR035C-A,YDL223C,9.801029591471888e-06
YLR035C-A,YHR158C,1.6744884305808228e-06
YLR035C-A,YGR238C,4.7291840019170195e-05
YLR035C-A,YIL015W,0.00015603069914504886
YLR035C-A,YGL173C,8.913348210626282e-06
YLR035C-A,YDL225W,2.2759174953534966e-06
YLR035C-A,YLR330W,1.8490793536329875e-06
YLR035C-A,YBR129C,1.7517537344247103e-05
YLR035C-A,YKR095W-A,0.2020167112350464
YLR035C-A,YPR075C,0.00015625670494046062
YLR035C-A,YMR198W,2.200582400746498e-07
YLR035C-A,YOR127W,0.002423794474452734
YLR035C-A,YDR264C,0.0008265934884548187
YLR035C-A,YLR110C,0.0013722418807446957
YLR035C-A,YDR379W,0.0007142294780351222
YLR035C-A,YDL100C,3.0264124006862403e-07
YLR035C-A,YHR073W,0.004465625621378422
YLR035C-A,YJR090C,5.397555651143193e-05
YLR035C-A,YOR208W,1.4056066902412567e-05
YLR035C-A,YBR040W,4.839694611291634e-06
YLR035C-A,YNL279W,5.047919330536388e-06
YLR035C-A,YER075C,0.0014200933510437608
YLR035C-A,YCR089W,5.923412427222274e-09
YLR035C-A,YCR002C,2.587648282315058e-07
YLR035C-A,YJL108C,2.3526145014329813e-06
YLR035C-A,YBR200W,0.0002431442990200594
YLR035C-A,YIL026C,5.645471645721045e-08
YLR035C-A,YJR076C,9.044417765835533e-07
YLR035C-A,YKR031C,0.039138831198215485
YLR035C-A,YPL192C,0.00015854548837523907
YLR035C-A,YHR107C,1.8190155969932675e-05
YLR035C-A,YIL037C,0.0005043080891482532
YLR035C-A,YPL156C,5.008527068639523e-07
YLR035C-A,YIL117C,1.0033254227437283e-09
YLR035C-A,YHR066W,5.94208371396121e-09
YLR035C-A,YML085C,2.0249954104656354e-05
YLR035C-A,YML047C,0.00014243456826079637
YLR035C-A,YDR312W,1.3442802355712047e-06
YLR035C-A,YFL037W,7.074991572153522e-06
YLR035C-A,YDL038C,0.2020167112350464
YLR035C-A,YDL039C,0.000774945190642029
YLR035C-A,YCL027W,2.667144016754719e-08
YLR035C-A,YML124C,4.762013716685942e-08
YLR035C-A,YGL053W,3.0626475222561567e-07
YLR035C-A,YMR232W,3.8935861084610224e-05
YLR035C-A,YNL298W,2.9878808049943473e-07
YLR035C-A,YGL099W,0.00017928249144461006
YLR035C-A,YBL016W,0.00020472639880608767
YLR035C-A,YAL041W,4.36012378486339e-05
YLR035C-A,YDR085C,2.0593420302361665e-09
YLR035C-A,YPL187W,0.0002118532283930108
YLR035C-A,YPL256C,0.0024884724989533424
YLR035C-A,YDR461W,1.9046996158067486e-07
YLR035C-A,YNL145W,0.0015158426249399781
YPL055C,YDL165W,5.467461302222001e-15
YPL055C,YGR059W,0.00022905638616066426
YPL055C,YBR109C,3.3486351720823254e-16
YPL055C,YJL080C,8.328038529725745e-05
YPL055C,YCR093W,2.2592567461288127e-07
YPL055C,YIL122W,1.6465305563428956e-08
YPL055C,YCL029C,4.0460552117906057e-13
YPL055C,YNL173C,0.018852688372135162
YPL055C,YLR452C,1.2176072594627385e-08
YPL055C,YDL160C,0.09974932670593262
YPL055C,YLR229C,7.821592332146743e-12
YPL055C,YML057W,4.2906275754539536e-10
YPL055C,YER149C,2.861831944755977e-06
YPL055C,YMR305C,2.1675256789421837e-07
YPL055C,YLR433C,9.780787024737947e-08
YPL055C,YJL073W,2.122555298569081e-15
YPL055C,YGR279C,0.020652949810028076
YPL055C,YKL190W,2.2149408433129285e-14
YPL055C,YGL089C,5.265449090074981e-06
YPL055C,YJL019W,0.00024111046514008194
YPL055C,YJL018W,0.0003739547391887754
YPL055C,YNR032C-A,0.1978318989276886
YPL055C,YGL178W,0.00010973834287142381
YPL055C,YKL116C,2.9607216743381126e-13
YPL055C,YDL214C,1.702067493170034e-05
YPL055C,YLR362W,2.430193717373186e-07
YPL055C,YER068W,2.5469643105680007e-07
YPL055C,YHR084W,1.0801164243611286e-14
YPL055C,YDR392W,1.1788776899113174e-10
YPL055C,YNL053W,1.4719832297505064e-10
YPL055C,YGR040W,2.4534996256875274e-09
YPL055C,YDL216C,0.07956051826477051
YPL055C,YOL117W,0.3017943799495697
YPL055C,YJR086W,2.2564421966515423e-15
YPL055C,YMR025W,2.490709860580864e-10
YPL055C,YBR081C,2.599631443445105e-08
YPL055C,YFL026W,5.809286385272117e-09
YPL055C,YHL007C,2.3961526096627495e-09
YPL055C,YNR044W,7.430633530702835e-08
YPL055C,YNL271C,8.814900866127573e-06
YPL055C,YDR200C,1.260244530953969e-08
YPL055C,YKL178C,0.00842362456023693
YPL055C,YOR212W,3.189645596257673e-12
YPL055C,YOL111C,2.566217516264402e-10
YPL055C,YGL032C,8.79964504041375e-11
YPL055C,YHR005C,2.0868251046240385e-18
YPL055C,YDR103W,3.870099796188242e-09
YPL055C,YJR084W,1.7446780475438572e-05
YPL055C,YCL032W,1.6066017849425407e-07
YPL055C,YJL170C,4.252537720832866e-14
YPL055C,YDR179C,1.4548068695899308e-13
YPL055C,YBR095C,1.396258630848024e-05
YPL055C,YLL021W,0.00015050081128720194
YPL055C,YDL159W,3.3257096959692957e-15
YPL055C,YNL161W,0.06501622498035431
YPL055C,YNL188W,2.124708409212417e-09
YPL055C,YJL157C,7.644333435566711e-14
YPL055C,YJL034W,8.133270723575947e-10
YPL055C,YLR238W,1.8919283320428804e-05
YPL055C,YPR141C,6.626342837989796e-06
YPL055C,YNL127W,6.839683919679374e-05
YPL055C,YCL055W,3.1150114361859146e-14
YPL055C,YPR122W,4.6060121862423475e-12
YPL055C,YMR065W,3.014395133504877e-07
YPL055C,YDR356W,5.058614078734536e-07
YPL055C,YMR052W,0.001429458148777485
YPL055C,YFR008W,6.579759792657569e-05
YPL055C,YLL043W,9.522577926190934e-08
YPL055C,YMR029C,0.000340617960318923
YPL055C,YJR004C,0.10092475265264511
YPL055C,YDL223C,0.0019168586004525423
YPL055C,YHR158C,4.1143293856293894e-06
YPL055C,YGR238C,1.0691844742893863e-08
YPL055C,YIL015W,9.405871637113705e-09
YPL055C,YGL173C,3.3245575736806643e-10
YPL055C,YDL225W,1.2354323778741855e-17
YPL055C,YLR330W,5.49249945055905e-17
YPL055C,YBR129C,1.1707615432676732e-10
YPL055C,YKR095W-A,0.2020167112350464
YPL055C,YPR075C,4.665959352223581e-07
YPL055C,YMR198W,8.241300419875586e-10
YPL055C,YOR127W,6.761630544360742e-08
YPL055C,YDR264C,1.7818360837778017e-15
YPL055C,YLR110C,3.0606835935031995e-05
YPL055C,YDR379W,0.04221547394990921
YPL055C,YDL100C,7.226491540585078e-13
YPL055C,YHR073W,6.24753555384202e-16
YPL055C,YJR090C,2.5670848913250666e-07
YPL055C,YOR208W,0.004322818014770746
YPL055C,YBR040W,0.0002529418852645904
YPL055C,YNL279W,5.176820650376612e-06
YPL055C,YER075C,0.00010778930300148204
YPL055C,YCR089W,9.886689383842295e-11
YPL055C,YCR002C,1.7272341334972907e-09
YPL055C,YJL108C,0.00200175610370934
YPL055C,YBR200W,1.2620618439207476e-10
YPL055C,YIL026C,0.02271643839776516
YPL055C,YJR076C,1.7116722535875928e-13
YPL055C,YKR031C,0.050350796431303024
YPL055C,YPL192C,0.002817438216879964
YPL055C,YHR107C,3.6404511133056316e-13
YPL055C,YIL037C,7.828270226718118e-18
YPL055C,YPL156C,1.501428528172255e-07
YPL055C,YIL117C,3.461989361852602e-09
YPL055C,YHR066W,1.4614159451085827e-23
YPL055C,YML085C,1.9771813075664113e-09
YPL055C,YML047C,2.647244627951295e-06
YPL055C,YDR312W,8.442161969490769e-10
YPL055C,YFL037W,1.3531338716177288e-08
YPL055C,YDL038C,0.2020167112350464
YPL055C,YDL039C,7.690433576415523e-13
YPL055C,YCL027W,1.8095353232321087e-13
YPL055C,YML124C,3.816222511610068e-13
YPL055C,YGL053W,1.0147089835044198e-09
YPL055C,YMR232W,2.704427402022702e-07
YPL055C,YNL298W,0.004736676812171936
YPL055C,YGL099W,2.998552876267921e-14
YPL055C,YBL016W,2.366037810119792e-09
YPL055C,YAL041W,0.02928270399570465
YPL055C,YDR085C,0.019304737448692322
YPL055C,YPL187W,7.324154616128453e-09
YPL055C,YPL256C,0.002343288389965892
YPL055C,YDR461W,1.6462131137429115e-12
YPL055C,YNL145W,1.8616509396063904e-15
YOR224C,YDL165W,2.275517556500628e-13
YOR224C,YGR059W,1.2200599641687404e-08
YOR224C,YBR109C,8.430220077570993e-07
YOR224C,YJL080C,1.355378884682068e-07
YOR224C,YCR093W,0.8499515652656555
YOR224C,YIL122W,0.00964985229074955
YOR224C,YCL029C,1.0113660244180664e-17
YOR224C,YNL173C,6.384973105788561e-10
YOR224C,YLR452C,9.124889288614213e-08
YOR224C,YDL160C,1.001873556560895e-06
YOR224C,YLR229C,0.18823403120040894
YOR224C,YML057W,6.029023393944394e-15
YOR224C,YER149C,1.991635967257821e-09
YOR224C,YMR305C,1.234730575561116e-07
YOR224C,YLR433C,1.2507013025242486e-07
YOR224C,YJL073W,5.195862406992546e-09
YOR224C,YGR279C,0.0026097167283296585
YOR224C,YKL190W,1.681223551486255e-07
YOR224C,YGL089C,0.00068355054827407
YOR224C,YJL019W,0.012090625241398811
YOR224C,YJL018W,0.008919650688767433
YOR224C,YNR032C-A,0.00023127566964831203
YOR224C,YGL178W,9.740286355253147e-10
YOR224C,YKL116C,2.8311770705613526e-09
YOR224C,YDL214C,0.013302509672939777
YOR224C,YLR362W,6.75032517925821e-17
YOR224C,YER068W,1.809058723468375e-17
YOR224C,YHR084W,5.679059540852904e-05
YOR224C,YDR392W,1.4576132301158395e-08
YOR224C,YNL053W,1.306640240450463e-09
YOR224C,YGR040W,2.0125606170040555e-05
YOR224C,YDL216C,1.7832627596803263e-09
YOR224C,YOL117W,1.06942753264061e-11
YOR224C,YJR086W,3.7805016290803906e-06
YOR224C,YMR025W,3.549902612576261e-05
YOR224C,YBR081C,1.6833926110848552e-06
YOR224C,YFL026W,0.989494264125824
YOR224C,YHL007C,1.4858255736882597e-09
YOR224C,YNR044W,0.06251272559165955
YOR224C,YNL271C,9.69333207451184e-12
YOR224C,YDR200C,1.2316295390850649e-18
YOR224C,YKL178C,0.0009174778242595494
YOR224C,YOR212W,5.1659625910360774e-08
YOR224C,YOL111C,4.105994197048691e-17
YOR224C,YGL032C,0.0001709788921289146
YOR224C,YHR005C,0.4414944350719452
YOR224C,YDR103W,2.9553521088687695e-12
YOR224C,YJR084W,1.881671207737412e-11
YOR224C,YCL032W,3.582325547313303e-08
YOR224C,YJL170C,0.9999966621398926
YOR224C,YDR179C,6.115066350685246e-17
YOR224C,YBR095C,0.9911751747131348
YOR224C,YLL021W,5.217006514290912e-12
YOR224C,YDL159W,1.5222260951741617e-11
YOR224C,YNL161W,2.4861333478010117e-11
YOR224C,YNL188W,2.1041645530996134e-13
YOR224C,YJL157C,0.0003224195970688015
YOR224C,YJL034W,2.9214652733001e-17
YOR224C,YLR238W,4.2522831790847704e-05
YOR224C,YPR141C,1.5188387578746188e-06
YOR224C,YNL127W,0.20409078896045685
YOR224C,YCL055W,1.9473274548431618e-08
YOR224C,YPR122W,0.00378657435066998
YOR224C,YMR065W,0.026500893756747246
YOR224C,YDR356W,1.590912113158538e-08
YOR224C,YMR052W,0.010078242979943752
YOR224C,YFR008W,4.5118504488073086e-09
YOR224C,YLL043W,0.003268444910645485
YOR224C,YMR029C,1.5926138186017624e-10
YOR224C,YJR004C,1.3630305109417484e-13
YOR224C,YDL223C,7.788704859700606e-20
YOR224C,YHR158C,8.581355840763666e-14
YOR224C,YGR238C,4.967831175046338e-19
YOR224C,YIL015W,0.9992761015892029
YOR224C,YGL173C,6.410355024577541e-10
YOR224C,YDL225W,3.1847096574472156e-12
YOR224C,YLR330W,8.723615905169291e-13
YOR224C,YBR129C,2.1693872392924973e-11
YOR224C,YKR095W-A,0.2020167112350464
YOR224C,YPR075C,5.53945847325417e-19
YOR224C,YMR198W,3.851262420084822e-07
YOR224C,YOR127W,4.3667231831336084e-14
YOR224C,YDR264C,6.397790198959868e-16
YOR224C,YLR110C,3.552958979542026e-14
YOR224C,YDR379W,1.6440518493254785e-06
YOR224C,YDL100C,8.488513364435235e-11
YOR224C,YHR073W,8.450860589656953e-14
YOR224C,YJR090C,3.4603248041583794e-17
YOR224C,YOR208W,4.728840149320623e-12
YOR224C,YBR040W,0.001047169091179967
YOR224C,YNL279W,5.3232702690309e-09
YOR224C,YER075C,6.18912423533402e-08
YOR224C,YCR089W,0.0007772634271532297
YOR224C,YCR002C,6.181886669232028e-10
YOR224C,YJL108C,8.437117503490299e-05
YOR224C,YBR200W,4.722083141173172e-11
YOR224C,YIL026C,3.0431193453811164e-14
YOR224C,YJR076C,0.08007965236902237
YOR224C,YKR031C,6.256719101149777e-12
YOR224C,YPL192C,2.4237330364940135e-08
YOR224C,YHR107C,0.814948558807373
YOR224C,YIL037C,0.19195915758609772
YOR224C,YPL156C,4.015531464740714e-14
YOR224C,YIL117C,4.229497676533356e-07
YOR224C,YHR066W,5.929645676924257e-15
YOR224C,YML085C,2.367215472531825e-07
YOR224C,YML047C,0.8085841536521912
YOR224C,YDR312W,9.667067087147999e-14
YOR224C,YFL037W,0.00016609721933491528
YOR224C,YDL038C,0.2020167112350464
YOR224C,YDL039C,2.6021513502977323e-12
YOR224C,YCL027W,1.5866377656159614e-10
YOR224C,YML124C,1.1652009686161178e-14
YOR224C,YGL053W,1.165316107498704e-11
YOR224C,YMR232W,0.9685633182525635
YOR224C,YNL298W,0.041425712406635284
YOR224C,YGL099W,9.423581706635709e-12
YOR224C,YBL016W,1.1290789188933559e-05
YOR224C,YAL041W,0.06217724829912186
YOR224C,YDR085C,6.130877636678633e-07
YOR224C,YPL187W,2.502587449271232e-06
YOR224C,YPL256C,1.456292579860019e-06
YOR224C,YDR461W,2.6740484826426325e-10
YOR224C,YNL145W,4.621946061433846e-07
YDR465C,YDL165W,1.7865724657895043e-05
YDR465C,YGR059W,4.229605832239969e-10
YDR465C,YBR109C,7.726702278887387e-06
YDR465C,YJL080C,9.778857202036306e-05
YDR465C,YCR093W,0.7520423531532288
YDR465C,YIL122W,0.00017149336053989828
YDR465C,YCL029C,4.5593289144107985e-08
YDR465C,YNL173C,0.0017151387874037027
YDR465C,YLR452C,0.04569882154464722
YDR465C,YDL160C,0.0003358281101100147
YDR465C,YLR229C,5.977413901461316e-20
YDR465C,YML057W,2.2369491675666708e-11
YDR465C,YER149C,4.090882632645787e-10
YDR465C,YMR305C,1.3458539838140382e-09
YDR465C,YLR433C,0.0011619582073763013
YDR465C,YJL073W,6.977710181331892e-18
YDR465C,YGR279C,3.316096564009996e-10
YDR465C,YKL190W,8.985741260403302e-06
YDR465C,YGL089C,0.0006375797092914581
YDR465C,YJL019W,0.9936361312866211
YDR465C,YJL018W,8.974144293460995e-05
YDR465C,YNR032C-A,0.3530842959880829
YDR465C,YGL178W,0.9221651554107666
YDR465C,YKL116C,3.168854068036353e-11
YDR465C,YDL214C,0.012669303454458714
YDR465C,YLR362W,8.063014665660173e-12
YDR465C,YER068W,0.004839035682380199
YDR465C,YHR084W,4.0104952692132656e-10
YDR465C,YDR392W,3.827501683650869e-12
YDR465C,YNL053W,1.2251724683665088e-06
YDR465C,YGR040W,0.03139255568385124
YDR465C,YDL216C,0.005639562848955393
YDR465C,YOL117W,0.005794854369014502
YDR465C,YJR086W,5.469933512358693e-06
YDR465C,YMR025W,0.07569485902786255
YDR465C,YBR081C,0.976891815662384
YDR465C,YFL026W,0.5760822892189026
YDR465C,YHL007C,2.3433227397617884e-05
YDR465C,YNR044W,6.568058324774029e-06
YDR465C,YNL271C,0.0006267781718634069
YDR465C,YDR200C,3.142897497809827e-08
YDR465C,YKL178C,0.4538102447986603
YDR465C,YOR212W,1.4323168215923943e-06
YDR465C,YOL111C,6.225377833686337e-19
YDR465C,YGL032C,3.814477167907171e-05
YDR465C,YHR005C,0.9997102618217468
YDR465C,YDR103W,0.6633845567703247
YDR465C,YJR084W,3.4342108150287043e-12
YDR465C,YCL032W,7.214484412543243e-06
YDR465C,YJL170C,0.9941651225090027
YDR465C,YDR179C,2.295960712217493e-06
YDR465C,YBR095C,0.19064687192440033
YDR465C,YLL021W,0.00613008625805378
YDR465C,YDL159W,8.606058643501058e-10
YDR465C,YNL161W,0.0717557966709137
YDR465C,YNL188W,5.988633233755536e-08
YDR465C,YJL157C,1.630106986894031e-11
YDR465C,YJL034W,8.470422778516099e-17
YDR465C,YLR238W,3.906053436253387e-08
YDR465C,YPR141C,8.576772961532697e-05
YDR465C,YNL127W,0.977493166923523
YDR465C,YCL055W,1.3461959411792401e-12
YDR465C,YPR122W,2.2919188324976858e-08
YDR465C,YMR065W,0.00909937359392643
YDR465C,YDR356W,0.00013299728743731976
YDR465C,YMR052W,0.9744832515716553
YDR465C,YFR008W,7.480439601081912e-10
YDR465C,YLL043W,0.008246446028351784
YDR465C,YMR029C,1.1196497062826438e-08
YDR465C,YJR004C,1.7065281099348795e-06
YDR465C,YDL223C,4.661121748988917e-13
YDR465C,YHR158C,0.00014584783639293164
YDR465C,YGR238C,1.6736546967877075e-05
YDR465C,YIL015W,2.0357339963084087e-05
YDR465C,YGL173C,0.010729694738984108
YDR465C,YDL225W,4.596452527039219e-06
YDR465C,YLR330W,1.2809295291127398e-10
YDR465C,YBR129C,2.4601305437244037e-09
YDR465C,YKR095W-A,0.2020167112350464
YDR465C,YPR075C,9.933926776284352e-05
YDR465C,YMR198W,1.5269692084984854e-05
YDR465C,YOR127W,5.594592585111968e-05
YDR465C,YDR264C,0.683546781539917
YDR465C,YLR110C,5.712019174097804e-06
YDR465C,YDR379W,1.2628997847485834e-10
YDR465C,YDL100C,0.026316843926906586
YDR465C,YHR073W,4.0864561015041545e-06
YDR465C,YJR090C,7.536758772630492e-08
YDR465C,YOR208W,0.0013484758092090487
YDR465C,YBR040W,2.1616458980133757e-05
YDR465C,YNL279W,4.3306407071508346e-11
YDR465C,YER075C,0.9989368319511414
YDR465C,YCR089W,1.186817399911888e-07
YDR465C,YCR002C,1.7254296835744753e-07
YDR465C,YJL108C,0.0505676344037056
YDR465C,YBR200W,1.0438606645735149e-09
YDR465C,YIL026C,1.3819961841576855e-10
YDR465C,YJR076C,5.0014350563287735e-05
YDR465C,YKR031C,0.00024609838146716356
YDR465C,YPL192C,4.854366011386446e-07
YDR465C,YHR107C,2.3894713194749784e-06
YDR465C,YIL037C,0.0001582210825290531
YDR465C,YPL156C,3.700268393164086e-18
YDR465C,YIL117C,1.8379280736224857e-11
YDR465C,YHR066W,1.1105524277965628e-09
YDR465C,YML085C,9.463554939692642e-11
YDR465C,YML047C,0.8715582489967346
YDR465C,YDR312W,2.53251187132264e-07
YDR465C,YFL037W,5.577334384263e-13
YDR465C,YDL038C,0.2020167112350464
YDR465C,YDL039C,1.4472010219433555e-14
YDR465C,YCL027W,3.5333594041730976e-06
YDR465C,YML124C,2.4935321168984004e-11
YDR465C,YGL053W,8.151118890964426e-09
YDR465C,YMR232W,0.8250946998596191
YDR465C,YNL298W,1.217947374243522e-05
YDR465C,YGL099W,4.720133246934044e-13
YDR465C,YBL016W,3.6095377708988963e-07
YDR465C,YAL041W,8.08416977804427e-09
YDR465C,YDR085C,0.028175756335258484
YDR465C,YPL187W,3.1305989978136495e-05
YDR465C,YPL256C,1.7810675894194827e-12
YDR465C,YDR461W,1.802578438348402e-15
YDR465C,YNL145W,1.2449826947147358e-08
YOR208W,YDL165W,0.9993890523910522
YOR208W,YGR059W,3.001795079171643e-08
YOR208W,YBR109C,0.991272509098053
YOR208W,YJL080C,0.9999990463256836
YOR208W,YCR093W,0.9971174001693726
YOR208W,YIL122W,0.9970868229866028
YOR208W,YCL029C,0.0009183541405946016
YOR208W,YNL173C,0.9998080134391785
YOR208W,YLR452C,0.9999147653579712
YOR208W,YDL160C,0.9999909400939941
YOR208W,YLR229C,0.9999986886978149
YOR208W,YML057W,1.6720721760066226e-05
YOR208W,YER149C,0.999968409538269
YOR208W,YMR305C,0.9992890357971191
YOR208W,YLR433C,0.9998754262924194
YOR208W,YJL073W,1.5829302929190603e-12
YOR208W,YGR279C,0.9999983310699463
YOR208W,YKL190W,0.997455894947052
YOR208W,YGL089C,0.9980290532112122
YOR208W,YJL019W,0.9993941783905029
YOR208W,YJL018W,0.007117720786482096
YOR208W,YNR032C-A,0.9991984963417053
YOR208W,YGL178W,0.9997150301933289
YOR208W,YKL116C,0.0003080222231801599
YOR208W,YDL214C,0.9996864795684814
YOR208W,YLR362W,0.9997981190681458
YOR208W,YER068W,2.1754638090953904e-09
YOR208W,YHR084W,5.416903263721906e-07
YOR208W,YDR392W,0.9999806880950928
YOR208W,YNL053W,0.998205304145813
YOR208W,YGR040W,0.9970260262489319
YOR208W,YDL216C,0.9998782873153687
YOR208W,YOL117W,0.9994744658470154
YOR208W,YJR086W,0.9155741930007935
YOR208W,YMR025W,0.9998884201049805
YOR208W,YBR081C,0.999881386756897
YOR208W,YFL026W,0.9649749398231506
YOR208W,YHL007C,0.9968388080596924
YOR208W,YNR044W,0.9993314743041992
YOR208W,YNL271C,0.9995144605636597
YOR208W,YDR200C,0.9998382329940796
YOR208W,YKL178C,0.999931812286377
YOR208W,YOR212W,0.999595582485199
YOR208W,YOL111C,1.4458289132720983e-15
YOR208W,YGL032C,1.3639824203437456e-07
YOR208W,YHR005C,0.9999977350234985
YOR208W,YDR103W,0.9990980625152588
YOR208W,YJR084W,0.9999698400497437
YOR208W,YCL032W,0.9999508857727051
YOR208W,YJL170C,0.9999687671661377
YOR208W,YDR179C,6.275225814533769e-07
YOR208W,YBR095C,0.9974960684776306
YOR208W,YLL021W,0.9996602535247803
YOR208W,YDL159W,1.5158734727530043e-13
YOR208W,YNL161W,0.9999643564224243
YOR208W,YNL188W,0.9999958276748657
YOR208W,YJL157C,3.1046030812831305e-07
YOR208W,YJL034W,1.1189617010742836e-09
YOR208W,YLR238W,0.9998071789741516
YOR208W,YPR141C,0.9999464750289917
YOR208W,YNL127W,0.9991124272346497
YOR208W,YCL055W,6.590865098132781e-08
YOR208W,YPR122W,0.9972207546234131
YOR208W,YMR065W,0.9981972575187683
YOR208W,YDR356W,0.9881138205528259
YOR208W,YMR052W,0.999859094619751
YOR208W,YFR008W,0.9968626499176025
YOR208W,YLL043W,0.9999175071716309
YOR208W,YMR029C,0.998101532459259
YOR208W,YJR004C,3.6909689242747845e-06
YOR208W,YDL223C,1.6124444444584607e-14
YOR208W,YHR158C,0.9847792983055115
YOR208W,YGR238C,5.304440914288833e-12
YOR208W,YIL015W,0.999943733215332
YOR208W,YGL173C,0.9851100444793701
YOR208W,YDL225W,0.997458279132843
YOR208W,YLR330W,2.159720402516996e-09
YOR208W,YBR129C,0.9989144802093506
YOR208W,YKR095W-A,0.2020167112350464
YOR208W,YPR075C,4.48252330897958e-06
YOR208W,YMR198W,0.9996786117553711
YOR208W,YOR127W,0.9999856948852539
YOR208W,YDR264C,0.9970695376396179
YOR208W,YLR110C,0.9999828338623047
YOR208W,YDR379W,0.9967545866966248
YOR208W,YDL100C,0.9989379048347473
YOR208W,YHR073W,0.9986224174499512
YOR208W,YJR090C,0.9998612403869629
YOR208W,YBR040W,0.9987167119979858
YOR208W,YNL279W,0.9980860948562622
YOR208W,YER075C,0.9998863935470581
YOR208W,YCR089W,0.024523083120584488
YOR208W,YCR002C,0.9993165731430054
YOR208W,YJL108C,1.0
YOR208W,YBR200W,5.803502745038713e-07
YOR208W,YIL026C,0.9997569918632507
YOR208W,YJR076C,0.9999938011169434
YOR208W,YKR031C,0.9985352754592896
YOR208W,YPL192C,0.9991232752799988
YOR208W,YHR107C,0.9999939203262329
YOR208W,YIL037C,0.789918839931488
YOR208W,YPL156C,0.9997760653495789
YOR208W,YIL117C,0.9999257326126099
YOR208W,YHR066W,7.81754351919517e-06
YOR208W,YML085C,0.9937289953231812
YOR208W,YML047C,0.9999383687973022
YOR208W,YDR312W,0.9999998807907104
YOR208W,YFL037W,0.999998927116394
YOR208W,YDL038C,0.2020167112350464
YOR208W,YDL039C,7.676905985909421e-13
YOR208W,YCL027W,0.999961256980896
YOR208W,YML124C,0.0003289255837444216
YOR208W,YGL053W,0.9999727010726929
YOR208W,YMR232W,0.9981208443641663
YOR208W,YNL298W,0.999998927116394
YOR208W,YGL099W,0.9999864101409912
YOR208W,YBL016W,0.0053135911002755165
YOR208W,YAL041W,1.0
YOR208W,YDR085C,0.9987254738807678
YOR208W,YPL187W,0.9975462555885315
YOR208W,YPL256C,0.1529088169336319
YOR208W,YDR461W,1.0397036692959966e-13
YOR208W,YNL145W,2.1712973818921455e-07
YPL086C,YDL165W,0.39132264256477356
YPL086C,YGR059W,1.6709361325140115e-11
YPL086C,YBR109C,0.005606222897768021
YPL086C,YJL080C,2.875073187169619e-05
YPL086C,YCR093W,0.8078320622444153
YPL086C,YIL122W,0.0038935611955821514
YPL086C,YCL029C,3.278010626672767e-05
YPL086C,YNL173C,0.19521740078926086
YPL086C,YLR452C,5.248293382464908e-05
YPL086C,YDL160C,0.1515648066997528
YPL086C,YLR229C,1.0908171361734276e-06
YPL086C,YML057W,1.7782367578433877e-08
YPL086C,YER149C,5.259438751181733e-08
YPL086C,YMR305C,5.176480499358149e-06
YPL086C,YLR433C,1.1200650078535546e-06
YPL086C,YJL073W,8.147079994651489e-16
YPL086C,YGR279C,5.046235855843406e-07
YPL086C,YKL190W,6.692569513688795e-06
YPL086C,YGL089C,0.08541024476289749
YPL086C,YJL019W,0.0008364118402823806
YPL086C,YJL018W,0.00012317074288148433
YPL086C,YNR032C-A,0.7562257647514343
YPL086C,YGL178W,0.038082338869571686
YPL086C,YKL116C,1.0320199962622276e-13
YPL086C,YDL214C,0.058592285960912704
YPL086C,YLR362W,2.5018214728333987e-05
YPL086C,YER068W,8.537647416026039e-15
YPL086C,YHR084W,0.0006410362548194826
YPL086C,YDR392W,7.234859367599711e-05
YPL086C,YNL053W,2.1836947894371406e-07
YPL086C,YGR040W,2.4127629671966133e-07
YPL086C,YDL216C,2.509561090846546e-05
YPL086C,YOL117W,1.5651348272971433e-10
YPL086C,YJR086W,1.3879277501599452e-12
YPL086C,YMR025W,0.001115479157306254
YPL086C,YBR081C,0.0011224085465073586
YPL086C,YFL026W,0.00035009931889362633
YPL086C,YHL007C,1.04223181551788e-06
YPL086C,YNR044W,1.957219808446098e-07
YPL086C,YNL271C,1.6372207767290092e-07
YPL086C,YDR200C,9.414373442059518e-14
YPL086C,YKL178C,0.012078722007572651
YPL086C,YOR212W,4.725627036350488e-07
YPL086C,YOL111C,1.2257921067071464e-10
YPL086C,YGL032C,1.28618171402195e-06
YPL086C,YHR005C,1.0452009746586555e-06
YPL086C,YDR103W,0.0008833404281176627
YPL086C,YJR084W,1.7724867797455635e-12
YPL086C,YCL032W,1.9065630112891085e-05
YPL086C,YJL170C,0.9766793251037598
YPL086C,YDR179C,6.676100117175565e-09
YPL086C,YBR095C,9.433520062884782e-06
YPL086C,YLL021W,0.00024579305318184197
YPL086C,YDL159W,2.0737209727172967e-09
YPL086C,YNL161W,4.593306584865786e-05
YPL086C,YNL188W,1.131823909768237e-12
YPL086C,YJL157C,1.5121687511054915e-06
YPL086C,YJL034W,2.422606712570996e-06
YPL086C,YLR238W,6.518089503515512e-05
YPL086C,YPR141C,0.9473169445991516
YPL086C,YNL127W,0.6546105742454529
YPL086C,YCL055W,1.1548557665719272e-09
YPL086C,YPR122W,8.704813808435574e-06
YPL086C,YMR065W,0.0647725835442543
YPL086C,YDR356W,0.001975226914510131
YPL086C,YMR052W,0.03691685572266579
YPL086C,YFR008W,4.012294141375605e-07
YPL086C,YLL043W,0.0012500111479312181
YPL086C,YMR029C,1.518592369909033e-11
YPL086C,YJR004C,1.479089489775376e-10
YPL086C,YDL223C,4.489515963851387e-12
YPL086C,YHR158C,0.04487293213605881
YPL086C,YGR238C,2.2334253912958957e-07
YPL086C,YIL015W,9.336709626950324e-05
YPL086C,YGL173C,0.6211528778076172
YPL086C,YDL225W,6.027549659393117e-08
YPL086C,YLR330W,7.435003307465493e-11
YPL086C,YBR129C,5.524090074260357e-10
YPL086C,YKR095W-A,0.2020167112350464
YPL086C,YPR075C,1.9412455642964233e-08
YPL086C,YMR198W,9.18759912593714e-09
YPL086C,YOR127W,5.767311961335508e-09
YPL086C,YDR264C,0.9054778218269348
YPL086C,YLR110C,1.4057079056328803e-07
YPL086C,YDR379W,0.003278726013377309
YPL086C,YDL100C,0.001031728577800095
YPL086C,YHR073W,4.340119652557206e-10
YPL086C,YJR090C,1.155944801212172e-06
YPL086C,YOR208W,1.4229680544985968e-08
YPL086C,YBR040W,9.119957394432276e-05
YPL086C,YNL279W,3.708866547214029e-11
YPL086C,YER075C,2.8931565339007648e-06
YPL086C,YCR089W,0.0009901163866743445
YPL086C,YCR002C,1.3633802154799923e-05
YPL086C,YJL108C,0.09137061983346939
YPL086C,YBR200W,4.581494739142045e-09
YPL086C,YIL026C,0.00015583651838824153
YPL086C,YJR076C,1.7706184735288844e-05
YPL086C,YKR031C,0.00020483828848227859
YPL086C,YPL192C,0.13406337797641754
YPL086C,YHR107C,0.0005875990027561784
YPL086C,YIL037C,2.930230012896263e-15
YPL086C,YPL156C,4.961044032825157e-05
YPL086C,YIL117C,0.045472729951143265
YPL086C,YHR066W,1.6905751023263763e-14
YPL086C,YML085C,4.187670128885657e-06
YPL086C,YML047C,0.23464073240756989
YPL086C,YDR312W,1.9570643772226504e-08
YPL086C,YFL037W,4.257191449141828e-06
YPL086C,YDL038C,0.2020167112350464
YPL086C,YDL039C,4.660855035254485e-13
YPL086C,YCL027W,4.83267852818825e-12
YPL086C,YML124C,1.6643685041284328e-10
YPL086C,YGL053W,2.0691643385362113e-06
YPL086C,YMR232W,0.004251083359122276
YPL086C,YNL298W,0.0019219357054680586
YPL086C,YGL099W,4.873069721182677e-13
YPL086C,YBL016W,4.050052793136416e-10
YPL086C,YAL041W,0.005069992039352655
YPL086C,YDR085C,1.7859143053300386e-09
YPL086C,YPL187W,0.024368111044168472
YPL086C,YPL256C,3.4416108851687e-10
YPL086C,YDR461W,4.941534825775307e-06
YPL086C,YNL145W,2.5540376213939453e-07
SUC3,YDL165W,0.2020167112350464
SUC3,YGR059W,0.2020167112350464
SUC3,YBR109C,0.2020167112350464
SUC3,YJL080C,0.2020167112350464
SUC3,YCR093W,0.2020167112350464
SUC3,YIL122W,0.2020167112350464
SUC3,YCL029C,0.2020167112350464
SUC3,YNL173C,0.2020167112350464
SUC3,YLR452C,0.2020167112350464
SUC3,YDL160C,0.2020167112350464
SUC3,YLR229C,0.2020167112350464
SUC3,YML057W,0.2020167112350464
SUC3,YER149C,0.2020167112350464
SUC3,YMR305C,0.2020167112350464
SUC3,YLR433C,0.2020167112350464
SUC3,YJL073W,0.2020167112350464
SUC3,YGR279C,0.2020167112350464
SUC3,YKL190W,0.2020167112350464
SUC3,YGL089C,0.2020167112350464
SUC3,YJL019W,0.2020167112350464
SUC3,YJL018W,0.2020167112350464
SUC3,YNR032C-A,0.2020167112350464
SUC3,YGL178W,0.2020167112350464
SUC3,YKL116C,0.2020167112350464
SUC3,YDL214C,0.2020167112350464
SUC3,YLR362W,0.2020167112350464
SUC3,YER068W,0.2020167112350464
SUC3,YHR084W,0.2020167112350464
SUC3,YDR392W,0.2020167112350464
SUC3,YNL053W,0.2020167112350464
SUC3,YGR040W,0.2020167112350464
SUC3,YDL216C,0.2020167112350464
SUC3,YOL117W,0.2020167112350464
SUC3,YJR086W,0.2020167112350464
SUC3,YMR025W,0.2020167112350464
SUC3,YBR081C,0.2020167112350464
SUC3,YFL026W,0.2020167112350464
SUC3,YHL007C,0.2020167112350464
SUC3,YNR044W,0.2020167112350464
SUC3,YNL271C,0.2020167112350464
SUC3,YDR200C,0.2020167112350464
SUC3,YKL178C,0.2020167112350464
SUC3,YOR212W,0.2020167112350464
SUC3,YOL111C,0.2020167112350464
SUC3,YGL032C,0.2020167112350464
SUC3,YHR005C,0.2020167112350464
SUC3,YDR103W,0.2020167112350464
SUC3,YJR084W,0.2020167112350464
SUC3,YCL032W,0.2020167112350464
SUC3,YJL170C,0.2020167112350464
SUC3,YDR179C,0.2020167112350464
SUC3,YBR095C,0.2020167112350464
SUC3,YLL021W,0.2020167112350464
SUC3,YDL159W,0.2020167112350464
SUC3,YNL161W,0.2020167112350464
SUC3,YNL188W,0.2020167112350464
SUC3,YJL157C,0.2020167112350464
SUC3,YJL034W,0.2020167112350464
SUC3,YLR238W,0.2020167112350464
SUC3,YPR141C,0.2020167112350464
SUC3,YNL127W,0.2020167112350464
SUC3,YCL055W,0.2020167112350464
SUC3,YPR122W,0.2020167112350464
SUC3,YMR065W,0.2020167112350464
SUC3,YDR356W,0.2020167112350464
SUC3,YMR052W,0.2020167112350464
SUC3,YFR008W,0.2020167112350464
SUC3,YLL043W,0.2020167112350464
SUC3,YMR029C,0.2020167112350464
SUC3,YJR004C,0.2020167112350464
SUC3,YDL223C,0.2020167112350464
SUC3,YHR158C,0.2020167112350464
SUC3,YGR238C,0.2020167112350464
SUC3,YIL015W,0.2020167112350464
SUC3,YGL173C,0.2020167112350464
SUC3,YDL225W,0.2020167112350464
SUC3,YLR330W,0.2020167112350464
SUC3,YBR129C,0.2020167112350464
SUC3,YKR095W-A,0.2020167112350464
SUC3,YPR075C,0.2020167112350464
SUC3,YMR198W,0.2020167112350464
SUC3,YOR127W,0.2020167112350464
SUC3,YDR264C,0.2020167112350464
SUC3,YLR110C,0.2020167112350464
SUC3,YDR379W,0.2020167112350464
SUC3,YDL100C,0.2020167112350464
SUC3,YHR073W,0.2020167112350464
SUC3,YJR090C,0.2020167112350464
SUC3,YOR208W,0.2020167112350464
SUC3,YBR040W,0.2020167112350464
SUC3,YNL279W,0.2020167112350464
SUC3,YER075C,0.2020167112350464
SUC3,YCR089W,0.2020167112350464
SUC3,YCR002C,0.2020167112350464
SUC3,YJL108C,0.2020167112350464
SUC3,YBR200W,0.2020167112350464
SUC3,YIL026C,0.2020167112350464
SUC3,YJR076C,0.2020167112350464
SUC3,YKR031C,0.2020167112350464
SUC3,YPL192C,0.2020167112350464
SUC3,YHR107C,0.2020167112350464
SUC3,YIL037C,0.2020167112350464
SUC3,YPL156C,0.2020167112350464
SUC3,YIL117C,0.2020167112350464
SUC3,YHR066W,0.2020167112350464
SUC3,YML085C,0.2020167112350464
SUC3,YML047C,0.2020167112350464
SUC3,YDR312W,0.2020167112350464
SUC3,YFL037W,0.2020167112350464
SUC3,YDL038C,0.2020167112350464
SUC3,YDL039C,0.2020167112350464
SUC3,YCL027W,0.2020167112350464
SUC3,YML124C,0.2020167112350464
SUC3,YGL053W,0.2020167112350464
SUC3,YMR232W,0.2020167112350464
SUC3,YNL298W,0.2020167112350464
SUC3,YGL099W,0.2020167112350464
SUC3,YBL016W,0.2020167112350464
SUC3,YAL041W,0.2020167112350464
SUC3,YDR085C,0.2020167112350464
SUC3,YPL187W,0.2020167112350464
SUC3,YPL256C,0.2020167112350464
SUC3,YDR461W,0.2020167112350464
SUC3,YNL145W,0.2020167112350464
YMR096W,YDL165W,5.017405660120289e-19
YMR096W,YGR059W,7.779107704664057e-07
YMR096W,YBR109C,3.109367277773821e-21
YMR096W,YJL080C,4.821953221131666e-19
YMR096W,YCR093W,6.379902682540628e-12
YMR096W,YIL122W,8.149645935873195e-08
YMR096W,YCL029C,2.479585148318364e-10
YMR096W,YNL173C,6.567247328348458e-05
YMR096W,YLR452C,5.091605305776459e-13
YMR096W,YDL160C,7.415685426837015e-11
YMR096W,YLR229C,4.324897373824549e-14
YMR096W,YML057W,3.611563390713289e-24
YMR096W,YER149C,3.813403412489258e-11
YMR096W,YMR305C,1.36080825427487e-11
YMR096W,YLR433C,0.6656716465950012
YMR096W,YJL073W,1.1239216484210145e-17
YMR096W,YGR279C,1.146503348271467e-19
YMR096W,YKL190W,1.6549144434997308e-16
YMR096W,YGL089C,2.7717621975398288e-08
YMR096W,YJL019W,1.3018911504403263e-09
YMR096W,YJL018W,0.000531938683707267
YMR096W,YNR032C-A,0.05385204032063484
YMR096W,YGL178W,1.5065539628267288e-05
YMR096W,YKL116C,6.748956691652802e-18
YMR096W,YDL214C,0.024647194892168045
YMR096W,YLR362W,2.28139745593256e-13
YMR096W,YER068W,1.5910987713141367e-05
YMR096W,YHR084W,6.824204510645533e-21
YMR096W,YDR392W,2.1614592338181637e-09
YMR096W,YNL053W,1.2863143709906932e-12
YMR096W,YGR040W,7.780194158644291e-17
YMR096W,YDL216C,9.404984098182467e-07
YMR096W,YOL117W,9.278044998950463e-09
YMR096W,YJR086W,7.83525315620232e-20
YMR096W,YMR025W,2.9110469768056646e-05
YMR096W,YBR081C,0.7386111617088318
YMR096W,YFL026W,8.436420883542011e-20
YMR096W,YHL007C,6.284338327500194e-11
YMR096W,YNR044W,1.6886191588127986e-05
YMR096W,YNL271C,1.5035089601274365e-13
YMR096W,YDR200C,9.319088434267542e-08
YMR096W,YKL178C,0.002830062061548233
YMR096W,YOR212W,1.1028725352224754e-25
YMR096W,YOL111C,2.696149727088315e-12
YMR096W,YGL032C,4.586634440289773e-17
YMR096W,YHR005C,1.3929080946726625e-16
YMR096W,YDR103W,1.4593991433182947e-23
YMR096W,YJR084W,8.671628440644764e-16
YMR096W,YCL032W,3.6824755050846036e-11
YMR096W,YJL170C,2.2051631926016814e-16
YMR096W,YDR179C,9.187480637384837e-12
YMR096W,YBR095C,8.264291706653115e-19
YMR096W,YLL021W,1.056718833259123e-14
YMR096W,YDL159W,5.693135549205135e-16
YMR096W,YNL161W,5.590549689848956e-10
YMR096W,YNL188W,1.207644061955542e-22
YMR096W,YJL157C,4.095325552380227e-17
YMR096W,YJL034W,2.394500206739542e-19
YMR096W,YLR238W,9.61151584988329e-08
YMR096W,YPR141C,1.256488012212539e-16
YMR096W,YNL127W,0.03154830262064934
YMR096W,YCL055W,4.086383729958529e-17
YMR096W,YPR122W,1.8531188805681609e-09
YMR096W,YMR065W,1.3571186396887924e-09
YMR096W,YDR356W,3.7687091207772028e-06
YMR096W,YMR052W,0.22076930105686188
YMR096W,YFR008W,1.1527379799401022e-14
YMR096W,YLL043W,7.569593789399833e-15
YMR096W,YMR029C,4.808424058228011e-12
YMR096W,YJR004C,6.852984313354682e-08
YMR096W,YDL223C,2.3056248465991303e-08
YMR096W,YHR158C,5.137157246901808e-14
YMR096W,YGR238C,7.789519897161146e-13
YMR096W,YIL015W,6.000502029999835e-23
YMR096W,YGL173C,1.2869770353585164e-12
YMR096W,YDL225W,2.4114081449011374e-15
YMR096W,YLR330W,1.2408876340139727e-17
YMR096W,YBR129C,1.6456426499278365e-11
YMR096W,YKR095W-A,0.2020167112350464
YMR096W,YPR075C,5.870075204996578e-14
YMR096W,YMR198W,3.4371418905498885e-11
YMR096W,YOR127W,1.8131836635425225e-13
YMR096W,YDR264C,2.13212812612577e-14
YMR096W,YLR110C,9.649622212393183e-10
YMR096W,YDR379W,2.3732223780825734e-05
YMR096W,YDL100C,5.84903758075378e-23
YMR096W,YHR073W,4.456467810173326e-18
YMR096W,YJR090C,4.355037441783338e-10
YMR096W,YOR208W,4.550573459716212e-11
YMR096W,YBR040W,0.00018145132344216108
YMR096W,YNL279W,3.6801214520210124e-08
YMR096W,YER075C,1.2382601198623888e-05
YMR096W,YCR089W,4.661017010221258e-05
YMR096W,YCR002C,1.7205494806660226e-09
YMR096W,YJL108C,9.816520860073119e-12
YMR096W,YBR200W,4.051590167364338e-06
YMR096W,YIL026C,6.50454410333623e-08
YMR096W,YJR076C,1.6552073887826907e-28
YMR096W,YKR031C,2.6882068482336763e-07
YMR096W,YPL192C,0.9861816167831421
YMR096W,YHR107C,3.637873745968905e-18
YMR096W,YIL037C,6.186999697288531e-12
YMR096W,YPL156C,1.82459339304053e-10
YMR096W,YIL117C,5.921572923541331e-16
YMR096W,YHR066W,1.45314431332106e-15
YMR096W,YML085C,2.3099351820389663e-22
YMR096W,YML047C,1.1220481610507704e-05
YMR096W,YDR312W,8.867108842970303e-14
YMR096W,YFL037W,2.5504889956805948e-26
YMR096W,YDL038C,0.2020167112350464
YMR096W,YDL039C,5.125878033140907e-07
YMR096W,YCL027W,2.340741662998358e-11
YMR096W,YML124C,2.4474003321115702e-24
YMR096W,YGL053W,2.6360538821280683e-17
YMR096W,YMR232W,1.021470097839483e-06
YMR096W,YNL298W,0.3268733024597168
YMR096W,YGL099W,1.4252811645211298e-17
YMR096W,YBL016W,3.6785025772562704e-22
YMR096W,YAL041W,2.4866643466570082e-11
YMR096W,YDR085C,2.658117866441434e-13
YMR096W,YPL187W,2.3206023342936533e-06
YMR096W,YPL256C,8.31017512985412e-16
YMR096W,YDR461W,1.6803852753710657e-09
YMR096W,YNL145W,3.0208313369997675e-18
YAL059W,YDL165W,0.0039061401039361954
YAL059W,YGR059W,3.020780292573022e-10
YAL059W,YBR109C,0.0008815901237539947
YAL059W,YJL080C,0.0016047904500737786
YAL059W,YCR093W,2.0464256067498354e-06
YAL059W,YIL122W,5.021796238395548e-13
YAL059W,YCL029C,9.907660527771773e-15
YAL059W,YNL173C,0.003933678846806288
YAL059W,YLR452C,3.342205673106946e-05
YAL059W,YDL160C,2.5029647243712816e-09
YAL059W,YLR229C,1.4928459122291716e-15
YAL059W,YML057W,5.748810071916095e-15
YAL059W,YER149C,3.2962594875840523e-09
YAL059W,YMR305C,5.0368403024803055e-12
YAL059W,YLR433C,0.00436056824401021
YAL059W,YJL073W,2.3486188638344174e-07
YAL059W,YGR279C,4.4891609718433756e-07
YAL059W,YKL190W,1.33930214474276e-07
YAL059W,YGL089C,3.60714648195426e-06
YAL059W,YJL019W,1.8102251642115874e-10
YAL059W,YJL018W,8.641547174192965e-05
YAL059W,YNR032C-A,4.2953302909154445e-05
YAL059W,YGL178W,1.0075323214620013e-10
YAL059W,YKL116C,7.94125321193018e-15
YAL059W,YDL214C,7.841157056986958e-09
YAL059W,YLR362W,5.344818012655017e-13
YAL059W,YER068W,3.052018612338149e-14
YAL059W,YHR084W,1.8391248246540925e-10
YAL059W,YDR392W,6.342639302658881e-09
YAL059W,YNL053W,1.249258231312677e-14
YAL059W,YGR040W,8.011497243387566e-07
YAL059W,YDL216C,8.933382923714817e-05
YAL059W,YOL117W,3.8603772956058435e-12
YAL059W,YJR086W,9.937545231153422e-11
YAL059W,YMR025W,0.020424136891961098
YAL059W,YBR081C,0.21272078156471252
YAL059W,YFL026W,0.06380440294742584
YAL059W,YHL007C,1.4364808293976239e-06
YAL059W,YNR044W,1.0556457709753886e-05
YAL059W,YNL271C,7.293464443502984e-11
YAL059W,YDR200C,1.0123083320282746e-16
YAL059W,YKL178C,0.00018295302288606763
YAL059W,YOR212W,1.6939595342754799e-12
YAL059W,YOL111C,3.1803082849414185e-16
YAL059W,YGL032C,6.766583101125434e-05
YAL059W,YHR005C,0.00036481363349594176
YAL059W,YDR103W,7.830966777810922e-12
YAL059W,YJR084W,1.5273388456749082e-11
YAL059W,YCL032W,2.4320117031351174e-09
YAL059W,YJL170C,0.9346373677253723
YAL059W,YDR179C,1.747840542520862e-05
YAL059W,YBR095C,3.531619796603991e-08
YAL059W,YLL021W,8.650464344839293e-09
YAL059W,YDL159W,1.522510589824222e-11
YAL059W,YNL161W,7.074804631024278e-10
YAL059W,YNL188W,1.148354016322628e-07
YAL059W,YJL157C,6.3824830837111435e-12
YAL059W,YJL034W,1.481691505600402e-12
YAL059W,YLR238W,0.0205118078738451
YAL059W,YPR141C,1.8582607674844098e-10
YAL059W,YNL127W,6.31727880318067e-06
YAL059W,YCL055W,1.3612257987460907e-08
YAL059W,YPR122W,3.0379013082892925e-07
YAL059W,YMR065W,2.9728031222475693e-05
YAL059W,YDR356W,1.5048991566790626e-11
YAL059W,YMR052W,0.03623871132731438
YAL059W,YFR008W,2.621769024102605e-09
YAL059W,YLL043W,0.027327174320816994
YAL059W,YMR029C,1.214883926792254e-08
YAL059W,YJR004C,2.260037046397656e-09
YAL059W,YDL223C,8.571815031052383e-15
YAL059W,YHR158C,2.4776147800054105e-09
YAL059W,YGR238C,3.752084058760482e-15
YAL059W,YIL015W,0.005196457728743553
YAL059W,YGL173C,2.6987116968218983e-12
YAL059W,YDL225W,6.269321772833791e-08
YAL059W,YLR330W,7.15562930631887e-15
YAL059W,YBR129C,2.431981158679264e-07
YAL059W,YKR095W-A,0.2020167112350464
YAL059W,YPR075C,1.8053882833157786e-09
YAL059W,YMR198W,3.592933242591023e-11
YAL059W,YOR127W,1.0574846243116554e-07
YAL059W,YDR264C,1.8984371408237166e-08
YAL059W,YLR110C,0.8554911017417908
YAL059W,YDR379W,4.8963058000423e-13
YAL059W,YDL100C,0.009233295917510986
YAL059W,YHR073W,1.66538113202164e-18
YAL059W,YJR090C,7.03021516869351e-13
YAL059W,YOR208W,2.3087541044410206e-15
YAL059W,YBR040W,0.00048695001169107854
YAL059W,YNL279W,9.877725807433402e-13
YAL059W,YER075C,1.817003635551373e-06
YAL059W,YCR089W,4.835993327252826e-14
YAL059W,YCR002C,1.4410010684695607e-10
YAL059W,YJL108C,2.977924668812193e-05
YAL059W,YBR200W,1.0636209690773057e-09
YAL059W,YIL026C,6.139803943039368e-11
YAL059W,YJR076C,1.9663418697746238e-06
YAL059W,YKR031C,2.717812549235532e-06
YAL059W,YPL192C,7.540093633906508e-07
YAL059W,YHR107C,1.2913708360429155e-06
YAL059W,YIL037C,2.7269200586488296e-07
YAL059W,YPL156C,2.0809140868771614e-11
YAL059W,YIL117C,0.04310610890388489
YAL059W,YHR066W,7.10404294304649e-20
YAL059W,YML085C,1.8444328009348254e-10
YAL059W,YML047C,1.2741472346533556e-05
YAL059W,YDR312W,1.2032994600730262e-09
YAL059W,YFL037W,0.016493333503603935
YAL059W,YDL038C,0.2020167112350464
YAL059W,YDL039C,1.4854968366506682e-09
YAL059W,YCL027W,6.616036607454134e-10
YAL059W,YML124C,1.5754977143321754e-14
YAL059W,YGL053W,3.16660289480815e-17
YAL059W,YMR232W,0.0068900552578270435
YAL059W,YNL298W,2.3574605734211218e-07
YAL059W,YGL099W,3.069469391581763e-17
YAL059W,YBL016W,6.89573286031513e-18
YAL059W,YAL041W,1.9270758002676303e-06
YAL059W,YDR085C,5.618581155886204e-09
YAL059W,YPL187W,1.1655250091280323e-05
YAL059W,YPL256C,3.587481840186448e-15
YAL059W,YDR461W,3.6219891086375355e-08
YAL059W,YNL145W,2.5152061965301453e-13
YDL154W,YDL165W,5.8308109146310017e-05
YDL154W,YGR059W,7.411381587379886e-16
YDL154W,YBR109C,2.27051737056172e-06
YDL154W,YJL080C,0.013584022410213947
YDL154W,YCR093W,4.327407441451214e-05
YDL154W,YIL122W,3.339447384527634e-14
YDL154W,YCL029C,4.335359848894882e-11
YDL154W,YNL173C,1.2533628648836448e-11
YDL154W,YLR452C,2.0733766348257632e-07
YDL154W,YDL160C,2.4283556498971848e-08
YDL154W,YLR229C,0.8003152012825012
YDL154W,YML057W,2.1360524460334318e-10
YDL154W,YER149C,0.0016150883166119456
YDL154W,YMR305C,1.3168505574867595e-07
YDL154W,YLR433C,0.99504554271698
YDL154W,YJL073W,3.070808191063534e-11
YDL154W,YGR279C,1.3478223870322381e-08
YDL154W,YKL190W,7.854358439682296e-13
YDL154W,YGL089C,1.023824802715012e-09
YDL154W,YJL019W,1.0545732038735878e-05
YDL154W,YJL018W,0.000953808834310621
YDL154W,YNR032C-A,0.00015020303544588387
YDL154W,YGL178W,1.674630220804829e-05
YDL154W,YKL116C,4.4946116056418517e-13
YDL154W,YDL214C,0.00023150513879954815
YDL154W,YLR362W,1.1046951442494901e-07
YDL154W,YER068W,4.742756187781083e-10
YDL154W,YHR084W,0.0010842480696737766
YDL154W,YDR392W,4.9165244792037655e-11
YDL154W,YNL053W,8.933177014114335e-06
YDL154W,YGR040W,4.532991624728311e-06
YDL154W,YDL216C,3.996014023149863e-12
YDL154W,YOL117W,1.3994513103909867e-08
YDL154W,YJR086W,0.0893806591629982
YDL154W,YMR025W,5.066133235231973e-05
YDL154W,YBR081C,5.714715367588497e-10
YDL154W,YFL026W,2.0562488600717188e-07
YDL154W,YHL007C,7.96016649928788e-07
YDL154W,YNR044W,8.955875273386482e-06
YDL154W,YNL271C,5.308940558279573e-07
YDL154W,YDR200C,8.932331319044806e-09
YDL154W,YKL178C,0.5638084411621094
YDL154W,YOR212W,0.00036136090056970716
YDL154W,YOL111C,0.00108956394251436
YDL154W,YGL032C,2.6040514057967812e-05
YDL154W,YHR005C,2.206923636549618e-05
YDL154W,YDR103W,3.1313022938055145e-15
YDL154W,YJR084W,0.0006072734831832349
YDL154W,YCL032W,5.398296707426198e-07
YDL154W,YJL170C,1.1225748494325671e-05
YDL154W,YDR179C,8.149129371304298e-09
YDL154W,YBR095C,9.468835221113081e-13
YDL154W,YLL021W,1.913555758292773e-09
YDL154W,YDL159W,4.256957453208088e-08
YDL154W,YNL161W,2.45009401655949e-10
YDL154W,YNL188W,1.0703305633796845e-05
YDL154W,YJL157C,0.00033565703779459
YDL154W,YJL034W,6.0900474591128566e-15
YDL154W,YLR238W,2.4057565835289285e-12
YDL154W,YPR141C,1.7932165974343661e-06
YDL154W,YNL127W,5.8425997849553823e-05
YDL154W,YCL055W,2.243521748823696e-06
YDL154W,YPR122W,0.13171158730983734
YDL154W,YMR065W,6.770354502805276e-06
YDL154W,YDR356W,3.336752172344859e-07
YDL154W,YMR052W,2.6471386149751197e-07
YDL154W,YFR008W,6.169747734929842e-08
YDL154W,YLL043W,1.3260286098326635e-11
YDL154W,YMR029C,0.0003229487338103354
YDL154W,YJR004C,4.1298392261523986e-07
YDL154W,YDL223C,3.238825385665223e-08
YDL154W,YHR158C,0.011633914895355701
YDL154W,YGR238C,3.6422083339766875e-13
YDL154W,YIL015W,2.2730670679038667e-09
YDL154W,YGL173C,3.835897223325446e-05
YDL154W,YDL225W,1.6437023077742197e-05
YDL154W,YLR330W,7.564916359115159e-06
YDL154W,YBR129C,0.0005150530487298965
YDL154W,YKR095W-A,0.2020167112350464
YDL154W,YPR075C,3.1307309522610183e-10
YDL154W,YMR198W,1.6911406719444244e-09
YDL154W,YOR127W,7.130789470011223e-08
YDL154W,YDR264C,2.303019391547423e-05
YDL154W,YLR110C,9.928776307788212e-06
YDL154W,YDR379W,1.3487893468777656e-08
YDL154W,YDL100C,0.001248984131962061
YDL154W,YHR073W,1.190908591360007e-12
YDL154W,YJR090C,0.0007967280689626932
YDL154W,YOR208W,5.2604084525444315e-17
YDL154W,YBR040W,0.00016688478353898972
YDL154W,YNL279W,1.3948404387065239e-07
YDL154W,YER075C,1.1336349393931133e-11
YDL154W,YCR089W,2.7529546059668064e-05
YDL154W,YCR002C,0.9791425466537476
YDL154W,YJL108C,7.779205901670139e-08
YDL154W,YBR200W,1.7894025150511084e-09
YDL154W,YIL026C,0.00040091288974508643
YDL154W,YJR076C,3.2565931178396568e-06
YDL154W,YKR031C,3.5548863852596924e-09
YDL154W,YPL192C,5.071281616864098e-09
YDL154W,YHR107C,8.181593597056391e-11
YDL154W,YIL037C,1.3517619663616642e-05
YDL154W,YPL156C,3.4991803232742313e-08
YDL154W,YIL117C,2.592443776739794e-14
YDL154W,YHR066W,7.909170207653915e-09
YDL154W,YML085C,0.00011566473403945565
YDL154W,YML047C,2.5262834901264297e-13
YDL154W,YDR312W,9.024298669446651e-11
YDL154W,YFL037W,8.54706231621094e-05
YDL154W,YDL038C,0.2020167112350464
YDL154W,YDL039C,4.071027369378921e-13
YDL154W,YCL027W,1.698231244517956e-05
YDL154W,YML124C,1.2972368068631113e-08
YDL154W,YGL053W,5.367850955395603e-11
YDL154W,YMR232W,1.2324310318945209e-06
YDL154W,YNL298W,0.08459119498729706
YDL154W,YGL099W,2.5708006390345872e-08
YDL154W,YBL016W,9.945795227395138e-07
YDL154W,YAL041W,1.341723691439256e-05
YDL154W,YDR085C,5.806073395502043e-13
YDL154W,YPL187W,0.0033556404523551464
YDL154W,YPL256C,2.444029689741001e-07
YDL154W,YDR461W,0.001628604717552662
YDL154W,YNL145W,0.00013120971561875194
YBR286W,YDL165W,9.196060518869465e-18
YBR286W,YGR059W,1.99579844775144e-05
YBR286W,YBR109C,2.1852821419088286e-07
YBR286W,YJL080C,1.0244865372710521e-10
YBR286W,YCR093W,4.1177418097504415e-07
YBR286W,YIL122W,2.5372807854751045e-08
YBR286W,YCL029C,5.078358506692372e-16
YBR286W,YNL173C,0.6843349933624268
YBR286W,YLR452C,4.796095709025394e-06
YBR286W,YDL160C,4.385607581522318e-16
YBR286W,YLR229C,0.0040965816006064415
YBR286W,YML057W,2.618287908262573e-06
YBR286W,YER149C,1.431577079102908e-10
YBR286W,YMR305C,4.511401243689761e-07
YBR286W,YLR433C,0.00012873849482275546
YBR286W,YJL073W,4.810827083923108e-12
YBR286W,YGR279C,0.020625408738851547
YBR286W,YKL190W,6.544425890098182e-09
YBR286W,YGL089C,4.571770517713958e-09
YBR286W,YJL019W,1.8327619977220877e-10
YBR286W,YJL018W,0.2020167112350464
YBR286W,YNR032C-A,1.9557031341599362e-11
YBR286W,YGL178W,5.046813100761938e-08
YBR286W,YKL116C,8.275738316854131e-09
YBR286W,YDL214C,0.043901294469833374
YBR286W,YLR362W,1.4175642430724888e-11
YBR286W,YER068W,2.311151443834536e-11
YBR286W,YHR084W,4.693082944831617e-14
YBR286W,YDR392W,2.6022193839840557e-13
YBR286W,YNL053W,4.76668216009557e-09
YBR286W,YGR040W,2.5954952889151173e-06
YBR286W,YDL216C,4.660488048102707e-05
YBR286W,YOL117W,7.353503916895932e-10
YBR286W,YJR086W,1.569295022818551e-07
YBR286W,YMR025W,1.5937091056572594e-12
YBR286W,YBR081C,3.902084699802799e-08
YBR286W,YFL026W,1.878603494986919e-09
YBR286W,YHL007C,8.176967547512959e-09
YBR286W,YNR044W,1.211738123174655e-07
YBR286W,YNL271C,7.067545084282756e-05
YBR286W,YDR200C,1.9312093699382082e-14
YBR286W,YKL178C,0.07754895091056824
YBR286W,YOR212W,3.18361337292572e-10
YBR286W,YOL111C,6.536913133459166e-05
YBR286W,YGL032C,9.039020369527861e-06
YBR286W,YHR005C,9.391934554514592e-07
YBR286W,YDR103W,1.4622946764575318e-07
YBR286W,YJR084W,1.3514262597880133e-08
YBR286W,YCL032W,2.324190753050237e-12
YBR286W,YJL170C,5.362255913821459e-14
YBR286W,YDR179C,7.503191861227276e-13
YBR286W,YBR095C,5.3213135231544584e-08
YBR286W,YLL021W,1.5039156031626533e-10
YBR286W,YDL159W,0.0005513310898095369
YBR286W,YNL161W,5.354093612908173e-09
YBR286W,YNL188W,5.144561443515272e-10
YBR286W,YJL157C,3.3560077383754106e-08
YBR286W,YJL034W,2.0375298670494146e-12
YBR286W,YLR238W,2.3600949319857456e-11
YBR286W,YPR141C,1.5771087560900732e-11
YBR286W,YNL127W,4.4416822220227914e-08
YBR286W,YCL055W,5.011427006706981e-08
YBR286W,YPR122W,2.3313811073192615e-14
YBR286W,YMR065W,0.0021483255550265312
YBR286W,YDR356W,1.301718555168918e-07
YBR286W,YMR052W,0.2572958171367645
YBR286W,YFR008W,0.00028818659484386444
YBR286W,YLL043W,9.128445526584983e-06
YBR286W,YMR029C,3.9379723741176937e-16
YBR286W,YJR004C,0.002116033574566245
YBR286W,YDL223C,2.7528483315109042e-06
YBR286W,YHR158C,4.713173140658e-08
YBR286W,YGR238C,1.1076936995413605e-14
YBR286W,YIL015W,1.278372185886667e-09
YBR286W,YGL173C,3.7508348214032594e-06
YBR286W,YDL225W,2.9683886282327876e-07
YBR286W,YLR330W,7.796364942525003e-11
YBR286W,YBR129C,6.087072534910476e-08
YBR286W,YKR095W-A,0.2020167112350464
YBR286W,YPR075C,9.341381834726548e-13
YBR286W,YMR198W,4.041639592444746e-11
YBR286W,YOR127W,3.8796318935219176e-10
YBR286W,YDR264C,2.6479870030016173e-06
YBR286W,YLR110C,2.4473632009858193e-09
YBR286W,YDR379W,2.938074596779022e-16
YBR286W,YDL100C,3.694630996235695e-23
YBR286W,YHR073W,6.653694262226395e-11
YBR286W,YJR090C,1.3003567667091431e-10
YBR286W,YOR208W,2.4814240939807775e-11
YBR286W,YBR040W,0.00011802843073382974
YBR286W,YNL279W,1.2451577902083955e-07
YBR286W,YER075C,3.649297468655277e-06
YBR286W,YCR089W,7.648550308658741e-06
YBR286W,YCR002C,8.895390379848322e-08
YBR286W,YJL108C,5.964438059891108e-06
YBR286W,YBR200W,7.48026862673612e-10
YBR286W,YIL026C,3.418835716915633e-14
YBR286W,YJR076C,7.368269883123446e-11
YBR286W,YKR031C,3.464415243570329e-08
YBR286W,YPL192C,4.025940469887246e-09
YBR286W,YHR107C,2.069159427131595e-11
YBR286W,YIL037C,1.9044005966861732e-05
YBR286W,YPL156C,4.959995192344024e-10
YBR286W,YIL117C,9.775957732927054e-05
YBR286W,YHR066W,1.4431489857302804e-14
YBR286W,YML085C,1.3017304809181951e-05
YBR286W,YML047C,6.07707875133201e-07
YBR286W,YDR312W,1.631635243581897e-10
YBR286W,YFL037W,1.1121485954390664e-09
YBR286W,YDL038C,0.2020167112350464
YBR286W,YDL039C,1.08601483361781e-09
YBR286W,YCL027W,0.0003082766488660127
YBR286W,YML124C,5.36340921826195e-05
YBR286W,YGL053W,7.721679139649495e-06
YBR286W,YMR232W,0.7177030444145203
YBR286W,YNL298W,3.980881402299019e-09
YBR286W,YGL099W,1.3935061871778176e-12
YBR286W,YBL016W,0.09355783462524414
YBR286W,YAL041W,5.841295933350921e-05
YBR286W,YDR085C,1.8628304587764433e-07
YBR286W,YPL187W,0.001173062133602798
YBR286W,YPL256C,3.4376090862764386e-10
YBR286W,YDR461W,5.813112480268501e-08
YBR286W,YNL145W,6.294147425478513e-08
YIL088C,YDL165W,2.549238828386015e-15
YIL088C,YGR059W,5.99861306460614e-12
YIL088C,YBR109C,3.5475903814585763e-07
YIL088C,YJL080C,6.376624228643379e-10
YIL088C,YCR093W,1.3832124068358098e-07
YIL088C,YIL122W,2.2883077690494247e-06
YIL088C,YCL029C,1.4747294585504278e-07
YIL088C,YNL173C,0.0749618411064148
YIL088C,YLR452C,5.427196470009221e-09
YIL088C,YDL160C,1.5139500320060506e-08
YIL088C,YLR229C,2.1867646582407474e-11
YIL088C,YML057W,6.613376838347784e-13
YIL088C,YER149C,0.04061130806803703
YIL088C,YMR305C,2.627430337100861e-13
YIL088C,YLR433C,6.62948903130782e-14
YIL088C,YJL073W,9.963004813512422e-13
YIL088C,YGR279C,4.4172873692183146e-10
YIL088C,YKL190W,3.590350586279989e-11
YIL088C,YGL089C,1.3408065569819883e-05
YIL088C,YJL019W,3.895425379596418e-06
YIL088C,YJL018W,0.0002992908703163266
YIL088C,YNR032C-A,1.5676333564584866e-09
YIL088C,YGL178W,6.359974396089041e-13
YIL088C,YKL116C,1.6720885298582289e-07
YIL088C,YDL214C,0.002704435959458351
YIL088C,YLR362W,3.42579464795989e-10
YIL088C,YER068W,1.9260861794379025e-09
YIL088C,YHR084W,1.4605741746262502e-12
YIL088C,YDR392W,2.708766766446047e-09
YIL088C,YNL053W,1.1690952561593804e-07
YIL088C,YGR040W,7.77758177719079e-05
YIL088C,YDL216C,4.3256903836663696e-07
YIL088C,YOL117W,2.168488208553754e-06
YIL088C,YJR086W,4.996840072789277e-13
YIL088C,YMR025W,2.584720562026632e-07
YIL088C,YBR081C,1.770436210790649e-05
YIL088C,YFL026W,1.1871717151001882e-11
YIL088C,YHL007C,4.0270848877810295e-09
YIL088C,YNR044W,1.5250218893925194e-05
YIL088C,YNL271C,2.3189969056147675e-08
YIL088C,YDR200C,6.411210451418015e-10
YIL088C,YKL178C,2.375550589572839e-10
YIL088C,YOR212W,7.030697638660266e-13
YIL088C,YOL111C,1.3410629051691103e-08
YIL088C,YGL032C,1.7432446111631528e-11
YIL088C,YHR005C,4.3878819306307493e-13
YIL088C,YDR103W,1.449367625916409e-09
YIL088C,YJR084W,5.929924107306306e-09
YIL088C,YCL032W,3.33507705363445e-06
YIL088C,YJL170C,1.394859783232505e-08
YIL088C,YDR179C,7.628432390979767e-13
YIL088C,YBR095C,9.34792510065563e-09
YIL088C,YLL021W,2.0414896927147528e-16
YIL088C,YDL159W,3.1558062829617484e-08
YIL088C,YNL161W,1.0864131354537676e-06
YIL088C,YNL188W,1.082686579279013e-10
YIL088C,YJL157C,6.333430491167746e-08
YIL088C,YJL034W,1.679125080351982e-14
YIL088C,YLR238W,1.171695379609261e-10
YIL088C,YPR141C,2.721362690749629e-08
YIL088C,YNL127W,6.056619668015628e-07
YIL088C,YCL055W,6.616080838739435e-08
YIL088C,YPR122W,5.736623941252845e-17
YIL088C,YMR065W,4.895680749683606e-09
YIL088C,YDR356W,3.05484478858864e-13
YIL088C,YMR052W,2.8732827672683925e-07
YIL088C,YFR008W,2.228034867712836e-09
YIL088C,YLL043W,8.755405289662122e-09
YIL088C,YMR029C,1.1940719524261567e-09
YIL088C,YJR004C,1.9730901357206676e-09
YIL088C,YDL223C,1.2663443504945156e-21
YIL088C,YHR158C,1.9342366273105147e-17
YIL088C,YGR238C,1.4824291967585612e-12
YIL088C,YIL015W,1.696192612143932e-06
YIL088C,YGL173C,6.058439794287551e-07
YIL088C,YDL225W,8.216737290567266e-10
YIL088C,YLR330W,1.2767412317258794e-14
YIL088C,YBR129C,2.24756178113239e-07
YIL088C,YKR095W-A,0.2020167112350464
YIL088C,YPR075C,1.9124939409920216e-09
YIL088C,YMR198W,1.8872431610361673e-05
YIL088C,YOR127W,1.4585049939341843e-05
YIL088C,YDR264C,1.898024493129924e-08
YIL088C,YLR110C,1.9937120530888475e-12
YIL088C,YDR379W,6.545000097446518e-09
YIL088C,YDL100C,1.1425153358113338e-11
YIL088C,YHR073W,3.2175867872852315e-13
YIL088C,YJR090C,4.367612868594328e-11
YIL088C,YOR208W,3.0044109561311316e-13
YIL088C,YBR040W,0.22896434366703033
YIL088C,YNL279W,0.0005507711903192103
YIL088C,YER075C,2.4962090172664375e-09
YIL088C,YCR089W,1.884555358988571e-11
YIL088C,YCR002C,1.302777076348698e-14
YIL088C,YJL108C,1.9037664777954433e-09
YIL088C,YBR200W,1.3855348292290959e-11
YIL088C,YIL026C,5.90694298807648e-06
YIL088C,YJR076C,0.0002977029071189463
YIL088C,YKR031C,0.00910864770412445
YIL088C,YPL192C,5.429681914392859e-05
YIL088C,YHR107C,9.067099501769427e-12
YIL088C,YIL037C,1.984458997128513e-08
YIL088C,YPL156C,9.300520673605206e-07
YIL088C,YIL117C,1.2253980382487262e-12
YIL088C,YHR066W,3.045609029322981e-15
YIL088C,YML085C,8.948121354990235e-09
YIL088C,YML047C,0.08881791681051254
YIL088C,YDR312W,7.199149609782296e-11
YIL088C,YFL037W,9.425150243602687e-11
YIL088C,YDL038C,0.2020167112350464
YIL088C,YDL039C,1.432646248346404e-16
YIL088C,YCL027W,7.183725614368086e-09
YIL088C,YML124C,2.9647778676533676e-10
YIL088C,YGL053W,1.326821874592099e-09
YIL088C,YMR232W,1.9206231627322268e-06
YIL088C,YNL298W,3.52183633367531e-07
YIL088C,YGL099W,1.5468432551106471e-19
YIL088C,YBL016W,1.054326678046058e-11
YIL088C,YAL041W,0.033393241465091705
YIL088C,YDR085C,2.9925114830575694e-08
YIL088C,YPL187W,8.067642738751601e-06
YIL088C,YPL256C,0.0027453142683953047
YIL088C,YDR461W,4.0664336047741e-13
YIL088C,YNL145W,1.8036414375921517e-11
YPL203W,YDL165W,1.2580626818081697e-10
YPL203W,YGR059W,1.1061341842477646e-09
YPL203W,YBR109C,7.371868393502012e-11
YPL203W,YJL080C,5.701392049445309e-13
YPL203W,YCR093W,0.4445672631263733
YPL203W,YIL122W,0.5994806885719299
YPL203W,YCL029C,7.45055839940223e-12
YPL203W,YNL173C,5.579891393381331e-08
YPL203W,YLR452C,1.0391178761892661e-07
YPL203W,YDL160C,2.06713484658394e-05
YPL203W,YLR229C,4.925720855503135e-12
YPL203W,YML057W,8.740333082941573e-14
YPL203W,YER149C,0.48903271555900574
YPL203W,YMR305C,0.39880380034446716
YPL203W,YLR433C,0.14163672924041748
YPL203W,YJL073W,8.53688971858494e-17
YPL203W,YGR279C,0.008966057561337948
YPL203W,YKL190W,3.9321790268331824e-08
YPL203W,YGL089C,0.0019047417445108294
YPL203W,YJL019W,0.01983610913157463
YPL203W,YJL018W,0.0004640966944862157
YPL203W,YNR032C-A,0.10768207907676697
YPL203W,YGL178W,2.2862419427838176e-05
YPL203W,YKL116C,1.8194311905972427e-06
YPL203W,YDL214C,0.9720013737678528
YPL203W,YLR362W,3.2617177847527046e-09
YPL203W,YER068W,1.3135999324731529e-05
YPL203W,YHR084W,2.777464369607685e-10
YPL203W,YDR392W,1.6327714180697228e-10
YPL203W,YNL053W,0.17089705169200897
YPL203W,YGR040W,0.015763409435749054
YPL203W,YDL216C,0.013375584036111832
YPL203W,YOL117W,1.4086366718402132e-05
YPL203W,YJR086W,1.4529672398566618e-06
YPL203W,YMR025W,0.055355530232191086
YPL203W,YBR081C,3.664069367914635e-07
YPL203W,YFL026W,0.03189672529697418
YPL203W,YHL007C,0.001603484619408846
YPL203W,YNR044W,0.2117917686700821
YPL203W,YNL271C,0.006203129421919584
YPL203W,YDR200C,0.00016647584561724216
YPL203W,YKL178C,0.9176635146141052
YPL203W,YOR212W,9.110164012060551e-11
YPL203W,YOL111C,2.8045760633028764e-14
YPL203W,YGL032C,3.940694155675018e-15
YPL203W,YHR005C,3.231851763985105e-08
YPL203W,YDR103W,0.1176018938422203
YPL203W,YJR084W,0.04709533229470253
YPL203W,YCL032W,6.920155328771216e-07
YPL203W,YJL170C,0.0009201632346957922
YPL203W,YDR179C,1.0662374639420778e-16
YPL203W,YBR095C,1.0082148310663896e-10
YPL203W,YLL021W,2.7950401992882234e-09
YPL203W,YDL159W,6.316510647863538e-10
YPL203W,YNL161W,7.48481454593275e-08
YPL203W,YNL188W,7.271539370634628e-09
YPL203W,YJL157C,1.1538670409774743e-13
YPL203W,YJL034W,4.91119465095835e-07
YPL203W,YLR238W,0.09195359796285629
YPL203W,YPR141C,1.7973462718146038e-06
YPL203W,YNL127W,0.07971181720495224
YPL203W,YCL055W,0.0005448397132568061
YPL203W,YPR122W,0.07041741162538528
YPL203W,YMR065W,0.03709352761507034
YPL203W,YDR356W,2.37539463654457e-08
YPL203W,YMR052W,2.6597176656650845e-06
YPL203W,YFR008W,1.344583893114759e-07
YPL203W,YLL043W,3.980071028308885e-08
YPL203W,YMR029C,1.4815410054325184e-07
YPL203W,YJR004C,0.00022229549358598888
YPL203W,YDL223C,6.210726377631204e-13
YPL203W,YHR158C,4.372365219751373e-05
YPL203W,YGR238C,5.24004406088352e-07
YPL203W,YIL015W,0.007425128016620874
YPL203W,YGL173C,0.8747758865356445
YPL203W,YDL225W,0.0021386193111538887
YPL203W,YLR330W,5.328410601634914e-09
YPL203W,YBR129C,0.00010646785085555166
YPL203W,YKR095W-A,0.2020167112350464
YPL203W,YPR075C,1.0785350212927369e-07
YPL203W,YMR198W,2.8549786534881605e-08
YPL203W,YOR127W,9.779319043445867e-07
YPL203W,YDR264C,5.497090413073003e-13
YPL203W,YLR110C,6.609229608045553e-09
YPL203W,YDR379W,0.00030044358572922647
YPL203W,YDL100C,1.590144727003917e-08
YPL203W,YHR073W,0.018390323966741562
YPL203W,YJR090C,0.9757105708122253
YPL203W,YOR208W,6.355818271686076e-08
YPL203W,YBR040W,0.08292685449123383
YPL203W,YNL279W,0.3380240201950073
YPL203W,YER075C,0.9840837121009827
YPL203W,YCR089W,0.18979375064373016
YPL203W,YCR002C,1.632004750717897e-05
YPL203W,YJL108C,0.5861706137657166
YPL203W,YBR200W,6.102906269234154e-08
YPL203W,YIL026C,4.283137733374076e-10
YPL203W,YJR076C,6.022996323906682e-09
YPL203W,YKR031C,0.0011051197070628405
YPL203W,YPL192C,0.004178456496447325
YPL203W,YHR107C,0.005172724835574627
YPL203W,YIL037C,3.0327937565743923e-05
YPL203W,YPL156C,0.49818331003189087
YPL203W,YIL117C,0.0010938263731077313
YPL203W,YHR066W,1.2566222139951197e-16
YPL203W,YML085C,3.439440301577362e-13
YPL203W,YML047C,0.797922670841217
YPL203W,YDR312W,2.67071840198696e-07
YPL203W,YFL037W,9.359485630966446e-09
YPL203W,YDL038C,0.2020167112350464
YPL203W,YDL039C,2.687583211535838e-10
YPL203W,YCL027W,6.42755594526534e-07
YPL203W,YML124C,0.004763124976307154
YPL203W,YGL053W,5.998741119047106e-15
YPL203W,YMR232W,0.062305327504873276
YPL203W,YNL298W,9.097108772948559e-07
YPL203W,YGL099W,3.642642784629224e-11
YPL203W,YBL016W,1.5662218744161294e-10
YPL203W,YAL041W,0.0003669041907414794
YPL203W,YDR085C,1.3042961199971614e-06
YPL203W,YPL187W,0.8911974430084229
YPL203W,YPL256C,0.0010952312732115388
YPL203W,YDR461W,8.761408956735155e-15
YPL203W,YNL145W,4.5492264177937614e-08
YPL075W,YDL165W,0.003726474940776825
YPL075W,YGR059W,4.187555546764088e-08
YPL075W,YBR109C,4.311053181105251e-10
YPL075W,YJL080C,0.00024283731181640178
YPL075W,YCR093W,9.932098328135908e-05
YPL075W,YIL122W,2.6821917344932444e-06
YPL075W,YCL029C,1.6556707380425105e-14
YPL075W,YNL173C,7.845748768886551e-05
YPL075W,YLR452C,0.002819209825247526
YPL075W,YDL160C,1.9542646667591868e-10
YPL075W,YLR229C,0.0036757905036211014
YPL075W,YML057W,0.015621994622051716
YPL075W,YER149C,1.5085561244632117e-06
YPL075W,YMR305C,3.383278013302515e-08
YPL075W,YLR433C,4.933943637297489e-05
YPL075W,YJL073W,1.1184890524873481e-07
YPL075W,YGR279C,1.8147624245359872e-12
YPL075W,YKL190W,1.0592493441890453e-14
YPL075W,YGL089C,1.942937366550268e-09
YPL075W,YJL019W,0.00020992672943975776
YPL075W,YJL018W,0.0006570224650204182
YPL075W,YNR032C-A,0.00038295064587146044
YPL075W,YGL178W,4.3986309039567573e-10
YPL075W,YKL116C,1.8568916857475415e-06
YPL075W,YDL214C,4.272859314369271e-06
YPL075W,YLR362W,3.8551842274081594e-11
YPL075W,YER068W,2.0125794719660917e-07
YPL075W,YHR084W,0.013956110924482346
YPL075W,YDR392W,1.2083893885517227e-09
YPL075W,YNL053W,0.011610990390181541
YPL075W,YGR040W,3.834110806621993e-10
YPL075W,YDL216C,0.009509447030723095
YPL075W,YOL117W,2.4282621780002955e-06
YPL075W,YJR086W,0.016772108152508736
YPL075W,YMR025W,7.23572313177101e-08
YPL075W,YBR081C,7.374462438747287e-05
YPL075W,YFL026W,0.019365282729268074
YPL075W,YHL007C,0.001831775181926787
YPL075W,YNR044W,0.15880922973155975
YPL075W,YNL271C,0.9990746974945068
YPL075W,YDR200C,0.00014777448086533695
YPL075W,YKL178C,0.047675855457782745
YPL075W,YOR212W,0.004841256886720657
YPL075W,YOL111C,4.553762089631874e-10
YPL075W,YGL032C,5.043803222304355e-11
YPL075W,YHR005C,5.46807221724066e-09
YPL075W,YDR103W,0.0003290413005743176
YPL075W,YJR084W,0.01836717501282692
YPL075W,YCL032W,1.4544769832980364e-09
YPL075W,YJL170C,2.4074129356677076e-09
YPL075W,YDR179C,3.745420293355117e-11
YPL075W,YBR095C,0.00010228093742625788
YPL075W,YLL021W,0.009068512357771397
YPL075W,YDL159W,2.4836838992793944e-14
YPL075W,YNL161W,1.1864518256743395e-07
YPL075W,YNL188W,5.234247701935146e-09
YPL075W,YJL157C,2.017578104585027e-09
YPL075W,YJL034W,3.193792573005674e-15
YPL075W,YLR238W,4.425159261245426e-08
YPL075W,YPR141C,1.2520213203970343e-05
YPL075W,YNL127W,3.424935031762222e-12
YPL075W,YCL055W,3.519074268099054e-11
YPL075W,YPR122W,4.0768593362328076e-11
YPL075W,YMR065W,3.090540654339738e-14
YPL075W,YDR356W,0.00011615458788583055
YPL075W,YMR052W,1.1972617812716635e-06
YPL075W,YFR008W,0.10151170194149017
YPL075W,YLL043W,2.640235550188663e-07
YPL075W,YMR029C,1.1456369186646498e-09
YPL075W,YJR004C,3.395110662876219e-14
YPL075W,YDL223C,1.921000303273246e-10
YPL075W,YHR158C,1.6500536730745807e-05
YPL075W,YGR238C,7.15178583021725e-10
YPL075W,YIL015W,0.00102265365421772
YPL075W,YGL173C,0.990095853805542
YPL075W,YDL225W,1.4778595414099982e-06
YPL075W,YLR330W,1.56941785955933e-11
YPL075W,YBR129C,1.2252344276930671e-06
YPL075W,YKR095W-A,0.2020167112350464
YPL075W,YPR075C,1.792734138916785e-08
YPL075W,YMR198W,0.00015155712026171386
YPL075W,YOR127W,3.2133456933183292e-15
YPL075W,YDR264C,4.231914374486223e-07
YPL075W,YLR110C,6.930691021089785e-10
YPL075W,YDR379W,2.7031097715735086e-07
YPL075W,YDL100C,1.6804668767633757e-11
YPL075W,YHR073W,1.7638301414990565e-06
YPL075W,YJR090C,4.5125372594156943e-07
YPL075W,YOR208W,1.0244078155197123e-11
YPL075W,YBR040W,0.00017079085228033364
YPL075W,YNL279W,9.22754315979546e-06
YPL075W,YER075C,8.586675539845601e-05
YPL075W,YCR089W,1.8892274965764955e-05
YPL075W,YCR002C,1.278411048133421e-07
YPL075W,YJL108C,9.731827049108688e-06
YPL075W,YBR200W,7.580346732538601e-07
YPL075W,YIL026C,1.2019055084522279e-08
YPL075W,YJR076C,4.968190836507347e-08
YPL075W,YKR031C,1.6778982114828978e-07
YPL075W,YPL192C,1.7261482909702863e-08
YPL075W,YHR107C,2.269100285445802e-08
YPL075W,YIL037C,1.022116169480114e-08
YPL075W,YPL156C,4.344857251759038e-10
YPL075W,YIL117C,0.00012007738405372947
YPL075W,YHR066W,5.912988490308635e-05
YPL075W,YML085C,1.4381454360723467e-10
YPL075W,YML047C,8.875561263721465e-08
YPL075W,YDR312W,0.09776028990745544
YPL075W,YFL037W,1.1581861164566831e-10
YPL075W,YDL038C,0.2020167112350464
YPL075W,YDL039C,5.659487811726649e-08
YPL075W,YCL027W,2.5304118800306696e-09
YPL075W,YML124C,7.874017271165192e-22
YPL075W,YGL053W,1.0349814338894703e-08
YPL075W,YMR232W,0.0026333804707974195
YPL075W,YNL298W,1.792825328299219e-13
YPL075W,YGL099W,4.609409520739405e-10
YPL075W,YBL016W,3.5468064032637137e-13
YPL075W,YAL041W,1.6672286164975958e-06
YPL075W,YDR085C,8.123772204271518e-06
YPL075W,YPL187W,0.05609268322587013
YPL075W,YPL256C,0.01763683557510376
YPL075W,YDR461W,3.8877335378773026e-11
YPL075W,YNL145W,1.319182615588943e-06
YKL028W,YDL165W,3.955528882215731e-05
YKL028W,YGR059W,7.498271337169626e-09
YKL028W,YBR109C,0.15771569311618805
YKL028W,YJL080C,0.3526800572872162
YKL028W,YCR093W,0.003953645471483469
YKL028W,YIL122W,0.0003524362400639802
YKL028W,YCL029C,9.330919182118109e-15
YKL028W,YNL173C,5.673906343872659e-06
YKL028W,YLR452C,0.015762804076075554
YKL028W,YDL160C,0.010882748290896416
YKL028W,YLR229C,3.1261570256901905e-05
YKL028W,YML057W,5.940746561350352e-09
YKL028W,YER149C,0.18535952270030975
YKL028W,YMR305C,0.9621820449829102
YKL028W,YLR433C,0.4761067032814026
YKL028W,YJL073W,2.0346824225470073e-09
YKL028W,YGR279C,9.030171895574313e-06
YKL028W,YKL190W,7.146589382500679e-07
YKL028W,YGL089C,0.5968990325927734
YKL028W,YJL019W,5.599397354671964e-06
YKL028W,YJL018W,0.00040635824552737176
YKL028W,YNR032C-A,0.01424475945532322
YKL028W,YGL178W,0.005110205616801977
YKL028W,YKL116C,0.0028125126846134663
YKL028W,YDL214C,0.0005228895461186767
YKL028W,YLR362W,7.18762692031305e-07
YKL028W,YER068W,9.095901987166144e-06
YKL028W,YHR084W,5.530880002879712e-07
YKL028W,YDR392W,2.687720185301501e-11
YKL028W,YNL053W,0.002535168081521988
YKL028W,YGR040W,0.001893207780085504
YKL028W,YDL216C,0.0009219333296641707
YKL028W,YOL117W,0.000523530354257673
YKL028W,YJR086W,0.0033783072140067816
YKL028W,YMR025W,0.21559549868106842
YKL028W,YBR081C,0.0020204989705234766
YKL028W,YFL026W,1.7479089365224354e-05
YKL028W,YHL007C,0.011786914430558681
YKL028W,YNR044W,0.018690353259444237
YKL028W,YNL271C,0.0001756917918100953
YKL028W,YDR200C,0.0005294497241266072
YKL028W,YKL178C,0.0013234540820121765
YKL028W,YOR212W,5.698047516489169e-06
YKL028W,YOL111C,2.79175155215583e-10
YKL028W,YGL032C,0.0654507726430893
YKL028W,YHR005C,0.0018671455327421427
YKL028W,YDR103W,0.0010241054696962237
YKL028W,YJR084W,8.216889668677396e-11
YKL028W,YCL032W,9.119429454748813e-15
YKL028W,YJL170C,0.00010085421672556549
YKL028W,YDR179C,2.2060107767174486e-06
YKL028W,YBR095C,1.649893238209188e-05
YKL028W,YLL021W,0.0017814848106354475
YKL028W,YDL159W,0.0012623798102140427
YKL028W,YNL161W,1.7320025943919895e-15
YKL028W,YNL188W,4.3272506445646286e-05
YKL028W,YJL157C,1.5866877589587602e-08
YKL028W,YJL034W,1.0162987812423196e-10
YKL028W,YLR238W,3.497886069681044e-08
YKL028W,YPR141C,0.4947555363178253
YKL028W,YNL127W,0.28583166003227234
YKL028W,YCL055W,7.648670141691127e-09
YKL028W,YPR122W,0.22892577946186066
YKL028W,YMR065W,4.062280640937388e-05
YKL028W,YDR356W,0.11284700036048889
YKL028W,YMR052W,0.012801536358892918
YKL028W,YFR008W,1.3389371815719642e-06
YKL028W,YLL043W,0.009480508044362068
YKL028W,YMR029C,1.1651916764776615e-07
YKL028W,YJR004C,0.9343392252922058
YKL028W,YDL223C,2.6929942650855132e-12
YKL028W,YHR158C,0.01265668123960495
YKL028W,YGR238C,0.08580885827541351
YKL028W,YIL015W,0.41396060585975647
YKL028W,YGL173C,5.8428784541320056e-05
YKL028W,YDL225W,0.06230655685067177
YKL028W,YLR330W,5.802849614156003e-07
YKL028W,YBR129C,4.0605769413559756e-07
YKL028W,YKR095W-A,0.2020167112350464
YKL028W,YPR075C,1.6184505957639317e-09
YKL028W,YMR198W,3.093213081228896e-07
YKL028W,YOR127W,3.374159263103138e-08
YKL028W,YDR264C,5.08765474194206e-09
YKL028W,YLR110C,0.002553178695961833
YKL028W,YDR379W,0.9634669423103333
YKL028W,YDL100C,3.0321747544803657e-05
YKL028W,YHR073W,0.004048015922307968
YKL028W,YJR090C,1.2250798153701226e-09
YKL028W,YOR208W,1.0074652436742326e-06
YKL028W,YBR040W,0.9421667456626892
YKL028W,YNL279W,3.096674561220425e-08
YKL028W,YER075C,3.5018086919080815e-07
YKL028W,YCR089W,0.011469083838164806
YKL028W,YCR002C,0.0005380358779802918
YKL028W,YJL108C,0.0011656731367111206
YKL028W,YBR200W,3.717049183640103e-13
YKL028W,YIL026C,0.002084453124552965
YKL028W,YJR076C,8.926259037478346e-11
YKL028W,YKR031C,0.00026835259632207453
YKL028W,YPL192C,3.321160875202622e-07
YKL028W,YHR107C,5.552664674723928e-07
YKL028W,YIL037C,6.580651097465307e-05
YKL028W,YPL156C,7.388954372800072e-07
YKL028W,YIL117C,0.8078581690788269
YKL028W,YHR066W,1.8479847861987645e-26
YKL028W,YML085C,0.46454352140426636
YKL028W,YML047C,0.995179295539856
YKL028W,YDR312W,2.4108406382339354e-09
YKL028W,YFL037W,0.998170018196106
YKL028W,YDL038C,0.2020167112350464
YKL028W,YDL039C,4.053602342679596e-09
YKL028W,YCL027W,0.5562057495117188
YKL028W,YML124C,3.202706238880637e-06
YKL028W,YGL053W,6.424519119821448e-13
YKL028W,YMR232W,0.00016163532563950866
YKL028W,YNL298W,0.028882406651973724
YKL028W,YGL099W,8.704282294935695e-10
YKL028W,YBL016W,2.983065461314993e-10
YKL028W,YAL041W,1.6388048607041128e-05
YKL028W,YDR085C,5.472465147704497e-09
YKL028W,YPL187W,0.9999322891235352
YKL028W,YPL256C,0.2641330361366272
YKL028W,YDR461W,1.4625618938168827e-08
YKL028W,YNL145W,1.0632719205962149e-13
YJL044C,YDL165W,0.5061717629432678
YJL044C,YGR059W,1.252631932402437e-06
YJL044C,YBR109C,3.593147630454041e-05
YJL044C,YJL080C,1.9349796431811228e-08
YJL044C,YCR093W,1.0837682111741742e-06
YJL044C,YIL122W,7.842937854718457e-09
YJL044C,YCL029C,4.275429717968656e-15
YJL044C,YNL173C,2.5501313416498306e-07
YJL044C,YLR452C,0.0008697696030139923
YJL044C,YDL160C,0.9774641394615173
YJL044C,YLR229C,2.4188753741327673e-05
YJL044C,YML057W,6.773874702048488e-06
YJL044C,YER149C,0.7295425534248352
YJL044C,YMR305C,7.471894630795006e-11
YJL044C,YLR433C,7.764678144894788e-08
YJL044C,YJL073W,1.1129794134923099e-11
YJL044C,YGR279C,2.2330888782562397e-07
YJL044C,YKL190W,0.0008429864537902176
YJL044C,YGL089C,0.9989553689956665
YJL044C,YJL019W,0.0005094946827739477
YJL044C,YJL018W,0.019918614998459816
YJL044C,YNR032C-A,0.0019701048731803894
YJL044C,YGL178W,2.9038346838206053e-06
YJL044C,YKL116C,1.151693229672901e-08
YJL044C,YDL214C,0.9388429522514343
YJL044C,YLR362W,8.781387919043482e-07
YJL044C,YER068W,4.757444660441479e-09
YJL044C,YHR084W,5.5675078328931704e-05
YJL044C,YDR392W,0.00020435487385839224
YJL044C,YNL053W,0.7448728680610657
YJL044C,YGR040W,7.939508606114032e-08
YJL044C,YDL216C,3.081733479515236e-11
YJL044C,YOL117W,0.01810937188565731
YJL044C,YJR086W,3.1489968965736637e-10
YJL044C,YMR025W,3.4969202715728898e-06
YJL044C,YBR081C,1.9190163584426045e-05
YJL044C,YFL026W,4.616884439201385e-07
YJL044C,YHL007C,3.06108205450073e-08
YJL044C,YNR044W,0.0002481941191945225
YJL044C,YNL271C,8.359134881175123e-06
YJL044C,YDR200C,3.8601424989792577e-07
YJL044C,YKL178C,0.21999919414520264
YJL044C,YOR212W,0.01371444296091795
YJL044C,YOL111C,3.893817392963683e-06
YJL044C,YGL032C,0.0001192840063595213
YJL044C,YHR005C,9.330952366326528e-08
YJL044C,YDR103W,0.016696857288479805
YJL044C,YJR084W,0.00012331859034020454
YJL044C,YCL032W,0.0010193868074566126
YJL044C,YJL170C,0.9186801314353943
YJL044C,YDR179C,6.182782499308814e-07
YJL044C,YBR095C,2.127234832727254e-09
YJL044C,YLL021W,1.973684771172657e-09
YJL044C,YDL159W,0.4128057360649109
YJL044C,YNL161W,2.843455149559304e-06
YJL044C,YNL188W,0.12626025080680847
YJL044C,YJL157C,0.000175772889633663
YJL044C,YJL034W,2.6062119129477423e-10
YJL044C,YLR238W,1.7399145235685864e-07
YJL044C,YPR141C,1.801828148018103e-05
YJL044C,YNL127W,4.6437849960057065e-05
YJL044C,YCL055W,2.260231932171841e-12
YJL044C,YPR122W,0.006264726631343365
YJL044C,YMR065W,0.002223489573225379
YJL044C,YDR356W,4.1460580746388587e-07
YJL044C,YMR052W,2.060889098265406e-10
YJL044C,YFR008W,4.5115424285313566e-08
YJL044C,YLL043W,2.656203382245259e-12
YJL044C,YMR029C,3.214157402453566e-07
YJL044C,YJR004C,3.3194854864859735e-08
YJL044C,YDL223C,0.00022749842901248485
YJL044C,YHR158C,2.880334046360261e-13
YJL044C,YGR238C,9.144826562668129e-11
YJL044C,YIL015W,0.0007138072396628559
YJL044C,YGL173C,9.97900928556561e-11
YJL044C,YDL225W,3.233650147649314e-07
YJL044C,YLR330W,1.194146420857578e-06
YJL044C,YBR129C,1.3211607372345946e-12
YJL044C,YKR095W-A,0.2020167112350464
YJL044C,YPR075C,0.0002298730832990259
YJL044C,YMR198W,5.819347734359326e-06
YJL044C,YOR127W,2.7183907036487653e-07
YJL044C,YDR264C,0.038048677146434784
YJL044C,YLR110C,0.03418659046292305
YJL044C,YDR379W,2.9546711743932974e-07
YJL044C,YDL100C,0.06096735596656799
YJL044C,YHR073W,0.003717798041179776
YJL044C,YJR090C,1.30123578578889e-09
YJL044C,YOR208W,2.5690312099868606e-08
YJL044C,YBR040W,0.0019342814339324832
YJL044C,YNL279W,0.0002802545204758644
YJL044C,YER075C,1.9844428322812746e-09
YJL044C,YCR089W,6.154617831002906e-13
YJL044C,YCR002C,2.5984600142692216e-06
YJL044C,YJL108C,3.1158763249550248e-06
YJL044C,YBR200W,9.023844427247241e-07
YJL044C,YIL026C,4.7248562395907356e-07
YJL044C,YJR076C,1.7350463110687997e-07
YJL044C,YKR031C,0.00011275436554569751
YJL044C,YPL192C,3.4000020150415367e-06
YJL044C,YHR107C,2.8719082667549856e-09
YJL044C,YIL037C,0.02018192782998085
YJL044C,YPL156C,0.8337056040763855
YJL044C,YIL117C,5.987965323583921e-07
YJL044C,YHR066W,1.375661845721965e-12
YJL044C,YML085C,8.173718697435106e-07
YJL044C,YML047C,0.9961513876914978
YJL044C,YDR312W,6.161239411994757e-07
YJL044C,YFL037W,0.9737281799316406
YJL044C,YDL038C,0.2020167112350464
YJL044C,YDL039C,8.601783348105574e-12
YJL044C,YCL027W,0.011811834760010242
YJL044C,YML124C,2.0724219215728645e-11
YJL044C,YGL053W,9.670227427704958e-07
YJL044C,YMR232W,0.0007435593288391829
YJL044C,YNL298W,1.0485785573166595e-08
YJL044C,YGL099W,1.936452734274674e-12
YJL044C,YBL016W,4.13826972689435e-09
YJL044C,YAL041W,0.0013545048423111439
YJL044C,YDR085C,1.493183731327008e-06
YJL044C,YPL187W,5.7701633693341137e-08
YJL044C,YPL256C,4.301817568830302e-07
YJL044C,YDR461W,1.1727722784942688e-15
YJL044C,YNL145W,1.1901993275387213e-05
YBR188C,YDL165W,1.4151720906241394e-09
YBR188C,YGR059W,5.6933967089445314e-12
YBR188C,YBR109C,8.537122653251572e-08
YBR188C,YJL080C,1.177854869638395e-06
YBR188C,YCR093W,4.928686507810198e-07
YBR188C,YIL122W,0.0005198307917453349
YBR188C,YCL029C,1.1016084745796295e-11
YBR188C,YNL173C,2.376812301780397e-16
YBR188C,YLR452C,3.679740734341408e-09
YBR188C,YDL160C,9.968817993311063e-10
YBR188C,YLR229C,7.830563930610879e-08
YBR188C,YML057W,1.2988434112959357e-12
YBR188C,YER149C,0.0004517055058386177
YBR188C,YMR305C,8.707453296808235e-14
YBR188C,YLR433C,1.129749183093054e-08
YBR188C,YJL073W,3.858391384170545e-11
YBR188C,YGR279C,5.400887204132232e-08
YBR188C,YKL190W,3.1455690829851335e-10
YBR188C,YGL089C,1.1289757821941748e-06
YBR188C,YJL019W,1.763908741292397e-10
YBR188C,YJL018W,0.0007208929746411741
YBR188C,YNR032C-A,0.10538279265165329
YBR188C,YGL178W,0.0005487218732014298
YBR188C,YKL116C,6.393576125343983e-14
YBR188C,YDL214C,4.8255319740064806e-08
YBR188C,YLR362W,7.335934807668394e-18
YBR188C,YER068W,7.805646419001278e-06
YBR188C,YHR084W,6.8859598023607305e-09
YBR188C,YDR392W,5.440558652480831e-07
YBR188C,YNL053W,5.82996833031757e-08
YBR188C,YGR040W,0.25363439321517944
YBR188C,YDL216C,4.177727855634661e-15
YBR188C,YOL117W,2.9216403518717016e-08
YBR188C,YJR086W,4.964017530362241e-10
YBR188C,YMR025W,1.0117946480647788e-09
YBR188C,YBR081C,5.189850327269596e-09
YBR188C,YFL026W,6.70126200930099e-06
YBR188C,YHL007C,0.00011066708248108625
YBR188C,YNR044W,7.330323847920539e-11
YBR188C,YNL271C,0.006871986668556929
YBR188C,YDR200C,1.5906655992381502e-09
YBR188C,YKL178C,1.917315698568567e-12
YBR188C,YOR212W,2.3074585442373063e-06
YBR188C,YOL111C,5.3501735237659886e-05
YBR188C,YGL032C,9.891680747387e-06
YBR188C,YHR005C,1.2254424746060977e-06
YBR188C,YDR103W,1.2079905964412774e-09
YBR188C,YJR084W,9.305581305518729e-10
YBR188C,YCL032W,1.7285652802456752e-06
YBR188C,YJL170C,1.352621487038519e-10
YBR188C,YDR179C,7.495422060799228e-10
YBR188C,YBR095C,1.4730330804013647e-06
YBR188C,YLL021W,3.73854381905403e-05
YBR188C,YDL159W,6.224082447353618e-12
YBR188C,YNL161W,0.998181939125061
YBR188C,YNL188W,9.9171906797757e-11
YBR188C,YJL157C,8.916248815660222e-12
YBR188C,YJL034W,6.0713374432086464e-12
YBR188C,YLR238W,2.5687374005656238e-08
YBR188C,YPR141C,2.176170355028262e-08
YBR188C,YNL127W,3.804758671321906e-05
YBR188C,YCL055W,2.6937659640680067e-05
YBR188C,YPR122W,9.136197718362382e-07
YBR188C,YMR065W,0.3137834668159485
YBR188C,YDR356W,5.1720459026682875e-08
YBR188C,YMR052W,1.6206261221896057e-08
YBR188C,YFR008W,3.4604297205476087e-10
YBR188C,YLL043W,9.760702823768952e-07
YBR188C,YMR029C,9.344212070772073e-10
YBR188C,YJR004C,4.91233258514967e-08
YBR188C,YDL223C,1.527183336837021e-20
YBR188C,YHR158C,1.0925531590544324e-09
YBR188C,YGR238C,0.09824994951486588
YBR188C,YIL015W,0.0024199248291552067
YBR188C,YGL173C,8.33454578241799e-06
YBR188C,YDL225W,0.00016159402730409056
YBR188C,YLR330W,2.714704683270952e-09
YBR188C,YBR129C,1.2242452884780874e-10
YBR188C,YKR095W-A,0.2020167112350464
YBR188C,YPR075C,1.3182357766136632e-12
YBR188C,YMR198W,0.02189711667597294
YBR188C,YOR127W,8.109320333460346e-06
YBR188C,YDR264C,1.667236392677296e-05
YBR188C,YLR110C,4.1746803236542007e-10
YBR188C,YDR379W,1.33832736559647e-10
YBR188C,YDL100C,2.499455149518326e-07
YBR188C,YHR073W,1.0005320127959294e-08
YBR188C,YJR090C,2.4288127065119625e-07
YBR188C,YOR208W,5.032236459203739e-21
YBR188C,YBR040W,5.4704116791981505e-08
YBR188C,YNL279W,2.4502421069882985e-07
YBR188C,YER075C,1.5818686449620145e-07
YBR188C,YCR089W,2.57609030995809e-07
YBR188C,YCR002C,9.091135666494665e-08
YBR188C,YJL108C,3.922139078402245e-17
YBR188C,YBR200W,4.9810036737568675e-14
YBR188C,YIL026C,2.2900309204487712e-08
YBR188C,YJR076C,0.0007229266338981688
YBR188C,YKR031C,0.43921491503715515
YBR188C,YPL192C,8.313902100098858e-08
YBR188C,YHR107C,1.2962961815077279e-09
YBR188C,YIL037C,2.8613294844603843e-08
YBR188C,YPL156C,0.001380760921165347
YBR188C,YIL117C,4.124390783869121e-14
YBR188C,YHR066W,5.138897120338104e-12
YBR188C,YML085C,2.991923508943728e-08
YBR188C,YML047C,4.311055090511218e-05
YBR188C,YDR312W,9.43268518849294e-11
YBR188C,YFL037W,0.00856511015444994
YBR188C,YDL038C,0.2020167112350464
YBR188C,YDL039C,1.6233747270164196e-14
YBR188C,YCL027W,5.0826907786738484e-12
YBR188C,YML124C,8.677558298586519e-07
YBR188C,YGL053W,8.599687628674246e-11
YBR188C,YMR232W,8.964914144371505e-09
YBR188C,YNL298W,2.8337005500403867e-16
YBR188C,YGL099W,2.554980255930521e-17
YBR188C,YBL016W,2.269990346803752e-07
YBR188C,YAL041W,4.2095398384844884e-05
YBR188C,YDR085C,1.045459075213473e-12
YBR188C,YPL187W,0.0007022021454758942
YBR188C,YPL256C,5.984498471797261e-16
YBR188C,YDR461W,4.3070916277976323e-10
YBR188C,YNL145W,1.9004433582381353e-09
YPL174C,YDL165W,8.603310561738908e-06
YPL174C,YGR059W,1.1173615348525345e-05
YPL174C,YBR109C,0.01788974367082119
YPL174C,YJL080C,4.476899562178005e-07
YPL174C,YCR093W,5.42704583494924e-06
YPL174C,YIL122W,0.008142207749187946
YPL174C,YCL029C,3.246492212838348e-07
YPL174C,YNL173C,0.00048275585868395865
YPL174C,YLR452C,0.0004280095163267106
YPL174C,YDL160C,0.9998121857643127
YPL174C,YLR229C,0.0031013726256787777
YPL174C,YML057W,9.416971806786023e-06
YPL174C,YER149C,3.914809809657527e-08
YPL174C,YMR305C,3.1300409318646416e-05
YPL174C,YLR433C,1.9713343135663308e-05
YPL174C,YJL073W,1.033064904731873e-07
YPL174C,YGR279C,1.9192389117961284e-06
YPL174C,YKL190W,0.004504035692662001
YPL174C,YGL089C,5.416857362661176e-08
YPL174C,YJL019W,2.0973301317894766e-08
YPL174C,YJL018W,0.0028923547361046076
YPL174C,YNR032C-A,0.0009528388036414981
YPL174C,YGL178W,0.045789241790771484
YPL174C,YKL116C,6.468082514032858e-09
YPL174C,YDL214C,0.9249071478843689
YPL174C,YLR362W,2.824552893798682e-07
YPL174C,YER068W,0.34832268953323364
YPL174C,YHR084W,0.0003167393442708999
YPL174C,YDR392W,4.272794831194915e-05
YPL174C,YNL053W,0.9921135902404785
YPL174C,YGR040W,0.0009540252503938973
YPL174C,YDL216C,8.132391826620733e-07
YPL174C,YOL117W,1.1300999602781303e-07
YPL174C,YJR086W,0.10988030582666397
YPL174C,YMR025W,0.026169370859861374
YPL174C,YBR081C,0.11656995117664337
YPL174C,YFL026W,6.463244939247659e-10
YPL174C,YHL007C,5.333713488653302e-06
YPL174C,YNR044W,1.7073457092564581e-09
YPL174C,YNL271C,0.0001385593495797366
YPL174C,YDR200C,2.1408946793144423e-07
YPL174C,YKL178C,2.0801673272785592e-08
YPL174C,YOR212W,3.039123397385879e-10
YPL174C,YOL111C,5.11602982200543e-09
YPL174C,YGL032C,0.0004788569931406528
YPL174C,YHR005C,2.4350421767849184e-07
YPL174C,YDR103W,4.344221451901831e-06
YPL174C,YJR084W,2.9682584568035963e-07
YPL174C,YCL032W,0.00010848016245290637
YPL174C,YJL170C,6.072675660107052e-07
YPL174C,YDR179C,8.481572876917198e-05
YPL174C,YBR095C,2.6874789682551636e-07
YPL174C,YLL021W,8.81895556581469e-10
YPL174C,YDL159W,4.126096686540848e-11
YPL174C,YNL161W,0.00036246393574401736
YPL174C,YNL188W,1.4689828731206944e-07
YPL174C,YJL157C,0.00011534872464835644
YPL174C,YJL034W,5.466442321586454e-14
YPL174C,YLR238W,2.6522700480313688e-08
YPL174C,YPR141C,0.057341624051332474
YPL174C,YNL127W,1.716197850498702e-08
YPL174C,YCL055W,3.3618231100263074e-05
YPL174C,YPR122W,0.06482413411140442
YPL174C,YMR065W,0.00032198126427829266
YPL174C,YDR356W,2.3261298338184133e-05
YPL174C,YMR052W,0.0914592444896698
YPL174C,YFR008W,2.05097039724933e-05
YPL174C,YLL043W,0.0038358112797141075
YPL174C,YMR029C,4.919078492093831e-06
YPL174C,YJR004C,1.0335763356295047e-09
YPL174C,YDL223C,1.0592889232441394e-08
YPL174C,YHR158C,0.000634246040135622
YPL174C,YGR238C,5.261435376269219e-08
YPL174C,YIL015W,3.6152894608676434e-05
YPL174C,YGL173C,0.15329203009605408
YPL174C,YDL225W,0.0001225471351062879
YPL174C,YLR330W,4.571275624698501e-08
YPL174C,YBR129C,6.670282992615739e-09
YPL174C,YKR095W-A,0.2020167112350464
YPL174C,YPR075C,4.159333286679612e-07
YPL174C,YMR198W,2.1017588096583495e-06
YPL174C,YOR127W,0.015139663591980934
YPL174C,YDR264C,0.030069829896092415
YPL174C,YLR110C,0.997377872467041
YPL174C,YDR379W,0.9702661633491516
YPL174C,YDL100C,9.594295136139408e-09
YPL174C,YHR073W,1.3093177209100304e-08
YPL174C,YJR090C,0.006244409829378128
YPL174C,YOR208W,1.1748205075434726e-08
YPL174C,YBR040W,1.4780082892684732e-05
YPL174C,YNL279W,2.3711365429335274e-05
YPL174C,YER075C,0.0004166284925304353
YPL174C,YCR089W,2.478808304451352e-11
YPL174C,YCR002C,5.1386126870056614e-05
YPL174C,YJL108C,0.6727522015571594
YPL174C,YBR200W,1.2249668088770704e-06
YPL174C,YIL026C,0.25656700134277344
YPL174C,YJR076C,5.440631412056973e-08
YPL174C,YKR031C,0.008780794218182564
YPL174C,YPL192C,2.6126181182917207e-05
YPL174C,YHR107C,2.980354185666556e-09
YPL174C,YIL037C,0.0024650348350405693
YPL174C,YPL156C,0.00023288992815651
YPL174C,YIL117C,0.008984596468508244
YPL174C,YHR066W,8.363612807957971e-14
YPL174C,YML085C,1.7366453164413542e-07
YPL174C,YML047C,0.02208636701107025
YPL174C,YDR312W,1.2284367585380096e-06
YPL174C,YFL037W,9.99290477921022e-07
YPL174C,YDL038C,0.2020167112350464
YPL174C,YDL039C,3.55240786120703e-07
YPL174C,YCL027W,2.8841343535646047e-08
YPL174C,YML124C,1.8390451383965e-09
YPL174C,YGL053W,5.544216764974408e-05
YPL174C,YMR232W,0.6115220785140991
YPL174C,YNL298W,4.345033175923163e-06
YPL174C,YGL099W,8.663916806206373e-10
YPL174C,YBL016W,1.0865634294532356e-06
YPL174C,YAL041W,0.010982513427734375
YPL174C,YDR085C,4.405328945722431e-05
YPL174C,YPL187W,0.9938607215881348
YPL174C,YPL256C,2.1414184629975352e-06
YPL174C,YDR461W,0.000195103493751958
YPL174C,YNL145W,3.363182986504398e-05
YKL139W,YDL165W,0.0021630486007779837
YKL139W,YGR059W,3.208839916624129e-05
YKL139W,YBR109C,5.885991072318575e-08
YKL139W,YJL080C,0.0074853901751339436
YKL139W,YCR093W,0.9931485056877136
YKL139W,YIL122W,0.9233129024505615
YKL139W,YCL029C,2.1515782211434242e-10
YKL139W,YNL173C,3.20407561593683e-10
YKL139W,YLR452C,3.192907049864857e-09
YKL139W,YDL160C,1.4606689191509759e-08
YKL139W,YLR229C,3.803644510469439e-09
YKL139W,YML057W,2.066510018661205e-10
YKL139W,YER149C,0.3686937093734741
YKL139W,YMR305C,8.253861949469865e-08
YKL139W,YLR433C,0.0009186267270706594
YKL139W,YJL073W,9.800356929190457e-05
YKL139W,YGR279C,7.833215022401419e-06
YKL139W,YKL190W,1.015996842212985e-09
YKL139W,YGL089C,0.0040765563026070595
YKL139W,YJL019W,8.223188530109837e-08
YKL139W,YJL018W,0.005708894692361355
YKL139W,YNR032C-A,0.08395969122648239
YKL139W,YGL178W,1.4740273890367916e-08
YKL139W,YKL116C,3.3757521777921795e-10
YKL139W,YDL214C,0.002832870464771986
YKL139W,YLR362W,1.6605753216936137e-07
YKL139W,YER068W,7.530030821101263e-09
YKL139W,YHR084W,3.869858119287528e-06
YKL139W,YDR392W,0.07034897804260254
YKL139W,YNL053W,0.018335970118641853
YKL139W,YGR040W,0.02180967852473259
YKL139W,YDL216C,1.4408190509129781e-05
YKL139W,YOL117W,1.0116242565860745e-10
YKL139W,YJR086W,0.331888347864151
YKL139W,YMR025W,0.1926177591085434
YKL139W,YBR081C,0.9752150774002075
YKL139W,YFL026W,0.13203001022338867
YKL139W,YHL007C,0.00018209520203527063
YKL139W,YNR044W,4.639439339371165e-06
YKL139W,YNL271C,0.000734946399461478
YKL139W,YDR200C,1.4300550743584495e-09
YKL139W,YKL178C,0.9302630424499512
YKL139W,YOR212W,9.424971949556493e-07
YKL139W,YOL111C,3.603947362762483e-08
YKL139W,YGL032C,0.00044706030166707933
YKL139W,YHR005C,2.0919703469512996e-10
YKL139W,YDR103W,0.943626880645752
YKL139W,YJR084W,3.144915865505027e-07
YKL139W,YCL032W,2.3045024136081338e-05
YKL139W,YJL170C,0.00023582081485074013
YKL139W,YDR179C,4.031390687941894e-08
YKL139W,YBR095C,3.3027595236490015e-07
YKL139W,YLL021W,3.637552126178889e-08
YKL139W,YDL159W,0.13028720021247864
YKL139W,YNL161W,0.7887334823608398
YKL139W,YNL188W,8.77435846202701e-10
YKL139W,YJL157C,1.6601521565462463e-05
YKL139W,YJL034W,9.983144546492698e-14
YKL139W,YLR238W,0.020515581592917442
YKL139W,YPR141C,0.014387061819434166
YKL139W,YNL127W,2.2437677671405254e-06
YKL139W,YCL055W,3.2995676503555504e-13
YKL139W,YPR122W,0.006522039417177439
YKL139W,YMR065W,0.10495946556329727
YKL139W,YDR356W,0.0013100759824737906
YKL139W,YMR052W,0.9981045722961426
YKL139W,YFR008W,1.759950691848644e-07
YKL139W,YLL043W,4.6631587480305825e-09
YKL139W,YMR029C,6.103917257860303e-05
YKL139W,YJR004C,7.890685793654484e-08
YKL139W,YDL223C,2.9109464838583676e-10
YKL139W,YHR158C,1.8814374698195024e-06
YKL139W,YGR238C,0.0022880982141941786
YKL139W,YIL015W,0.11571821570396423
YKL139W,YGL173C,0.5347035527229309
YKL139W,YDL225W,5.4591446030372026e-08
YKL139W,YLR330W,1.9203800150080497e-07
YKL139W,YBR129C,1.823878932327716e-07
YKL139W,YKR095W-A,0.2020167112350464
YKL139W,YPR075C,1.071595503304712e-12
YKL139W,YMR198W,5.9091154192003614e-09
YKL139W,YOR127W,0.1217290535569191
YKL139W,YDR264C,1.3336613164938171e-06
YKL139W,YLR110C,8.640442683827132e-05
YKL139W,YDR379W,0.005755114834755659
YKL139W,YDL100C,1.1009212208534791e-08
YKL139W,YHR073W,1.1153813289643821e-10
YKL139W,YJR090C,0.5981581211090088
YKL139W,YOR208W,3.0009292828481193e-09
YKL139W,YBR040W,1.55526304297382e-05
YKL139W,YNL279W,2.8228745577507652e-05
YKL139W,YER075C,3.9549910013647605e-09
YKL139W,YCR089W,4.7493136662524194e-05
YKL139W,YCR002C,6.169123662402853e-05
YKL139W,YJL108C,0.0008792953449301422
YKL139W,YBR200W,4.591706215251179e-08
YKL139W,YIL026C,9.824206017583492e-07
YKL139W,YJR076C,9.721021342556924e-06
YKL139W,YKR031C,0.00014977512182667851
YKL139W,YPL192C,0.00038322751061059535
YKL139W,YHR107C,9.883074380923063e-05
YKL139W,YIL037C,9.43919803830795e-06
YKL139W,YPL156C,0.04802124574780464
YKL139W,YIL117C,0.04935362935066223
YKL139W,YHR066W,5.1986995437680594e-12
YKL139W,YML085C,1.358291683573043e-07
YKL139W,YML047C,7.115612970665097e-05
YKL139W,YDR312W,7.30752489630504e-08
YKL139W,YFL037W,3.5838777421304258e-06
YKL139W,YDL038C,0.2020167112350464
YKL139W,YDL039C,5.98814470231801e-11
YKL139W,YCL027W,8.929133764468133e-05
YKL139W,YML124C,4.664831187994878e-09
YKL139W,YGL053W,1.0285977798674129e-11
YKL139W,YMR232W,1.949123998201685e-06
YKL139W,YNL298W,4.4988425429437484e-08
YKL139W,YGL099W,1.3291141520710426e-09
YKL139W,YBL016W,1.1017450418648878e-07
YKL139W,YAL041W,8.327820921749662e-08
YKL139W,YDR085C,1.9352002222916553e-09
YKL139W,YPL187W,0.022319063544273376
YKL139W,YPL256C,9.805502425102273e-15
YKL139W,YDR461W,0.006352199241518974
YKL139W,YNL145W,0.00727191474288702
tL(UAG)L2,YDL165W,0.2020167112350464
tL(UAG)L2,YGR059W,0.2020167112350464
tL(UAG)L2,YBR109C,0.2020167112350464
tL(UAG)L2,YJL080C,0.2020167112350464
tL(UAG)L2,YCR093W,0.2020167112350464
tL(UAG)L2,YIL122W,0.2020167112350464
tL(UAG)L2,YCL029C,0.2020167112350464
tL(UAG)L2,YNL173C,0.2020167112350464
tL(UAG)L2,YLR452C,0.2020167112350464
tL(UAG)L2,YDL160C,0.2020167112350464
tL(UAG)L2,YLR229C,0.2020167112350464
tL(UAG)L2,YML057W,0.2020167112350464
tL(UAG)L2,YER149C,0.2020167112350464
tL(UAG)L2,YMR305C,0.2020167112350464
tL(UAG)L2,YLR433C,0.2020167112350464
tL(UAG)L2,YJL073W,0.2020167112350464
tL(UAG)L2,YGR279C,0.2020167112350464
tL(UAG)L2,YKL190W,0.2020167112350464
tL(UAG)L2,YGL089C,0.2020167112350464
tL(UAG)L2,YJL019W,0.2020167112350464
tL(UAG)L2,YJL018W,0.2020167112350464
tL(UAG)L2,YNR032C-A,0.2020167112350464
tL(UAG)L2,YGL178W,0.2020167112350464
tL(UAG)L2,YKL116C,0.2020167112350464
tL(UAG)L2,YDL214C,0.2020167112350464
tL(UAG)L2,YLR362W,0.2020167112350464
tL(UAG)L2,YER068W,0.2020167112350464
tL(UAG)L2,YHR084W,0.2020167112350464
tL(UAG)L2,YDR392W,0.2020167112350464
tL(UAG)L2,YNL053W,0.2020167112350464
tL(UAG)L2,YGR040W,0.2020167112350464
tL(UAG)L2,YDL216C,0.2020167112350464
tL(UAG)L2,YOL117W,0.2020167112350464
tL(UAG)L2,YJR086W,0.2020167112350464
tL(UAG)L2,YMR025W,0.2020167112350464
tL(UAG)L2,YBR081C,0.2020167112350464
tL(UAG)L2,YFL026W,0.2020167112350464
tL(UAG)L2,YHL007C,0.2020167112350464
tL(UAG)L2,YNR044W,0.2020167112350464
tL(UAG)L2,YNL271C,0.2020167112350464
tL(UAG)L2,YDR200C,0.2020167112350464
tL(UAG)L2,YKL178C,0.2020167112350464
tL(UAG)L2,YOR212W,0.2020167112350464
tL(UAG)L2,YOL111C,0.2020167112350464
tL(UAG)L2,YGL032C,0.2020167112350464
tL(UAG)L2,YHR005C,0.2020167112350464
tL(UAG)L2,YDR103W,0.2020167112350464
tL(UAG)L2,YJR084W,0.2020167112350464
tL(UAG)L2,YCL032W,0.2020167112350464
tL(UAG)L2,YJL170C,0.2020167112350464
tL(UAG)L2,YDR179C,0.2020167112350464
tL(UAG)L2,YBR095C,0.2020167112350464
tL(UAG)L2,YLL021W,0.2020167112350464
tL(UAG)L2,YDL159W,0.2020167112350464
tL(UAG)L2,YNL161W,0.2020167112350464
tL(UAG)L2,YNL188W,0.2020167112350464
tL(UAG)L2,YJL157C,0.2020167112350464
tL(UAG)L2,YJL034W,0.2020167112350464
tL(UAG)L2,YLR238W,0.2020167112350464
tL(UAG)L2,YPR141C,0.2020167112350464
tL(UAG)L2,YNL127W,0.2020167112350464
tL(UAG)L2,YCL055W,0.2020167112350464
tL(UAG)L2,YPR122W,0.2020167112350464
tL(UAG)L2,YMR065W,0.2020167112350464
tL(UAG)L2,YDR356W,0.2020167112350464
tL(UAG)L2,YMR052W,0.2020167112350464
tL(UAG)L2,YFR008W,0.2020167112350464
tL(UAG)L2,YLL043W,0.2020167112350464
tL(UAG)L2,YMR029C,0.2020167112350464
tL(UAG)L2,YJR004C,0.2020167112350464
tL(UAG)L2,YDL223C,0.2020167112350464
tL(UAG)L2,YHR158C,0.2020167112350464
tL(UAG)L2,YGR238C,0.2020167112350464
tL(UAG)L2,YIL015W,0.2020167112350464
tL(UAG)L2,YGL173C,0.2020167112350464
tL(UAG)L2,YDL225W,0.2020167112350464
tL(UAG)L2,YLR330W,0.2020167112350464
tL(UAG)L2,YBR129C,0.2020167112350464
tL(UAG)L2,YKR095W-A,0.2020167112350464
tL(UAG)L2,YPR075C,0.2020167112350464
tL(UAG)L2,YMR198W,0.2020167112350464
tL(UAG)L2,YOR127W,0.2020167112350464
tL(UAG)L2,YDR264C,0.2020167112350464
tL(UAG)L2,YLR110C,0.2020167112350464
tL(UAG)L2,YDR379W,0.2020167112350464
tL(UAG)L2,YDL100C,0.2020167112350464
tL(UAG)L2,YHR073W,0.2020167112350464
tL(UAG)L2,YJR090C,0.2020167112350464
tL(UAG)L2,YOR208W,0.2020167112350464
tL(UAG)L2,YBR040W,0.2020167112350464
tL(UAG)L2,YNL279W,0.2020167112350464
tL(UAG)L2,YER075C,0.2020167112350464
tL(UAG)L2,YCR089W,0.2020167112350464
tL(UAG)L2,YCR002C,0.2020167112350464
tL(UAG)L2,YJL108C,0.2020167112350464
tL(UAG)L2,YBR200W,0.2020167112350464
tL(UAG)L2,YIL026C,0.2020167112350464
tL(UAG)L2,YJR076C,0.2020167112350464
tL(UAG)L2,YKR031C,0.2020167112350464
tL(UAG)L2,YPL192C,0.2020167112350464
tL(UAG)L2,YHR107C,0.2020167112350464
tL(UAG)L2,YIL037C,0.2020167112350464
tL(UAG)L2,YPL156C,0.2020167112350464
tL(UAG)L2,YIL117C,0.2020167112350464
tL(UAG)L2,YHR066W,0.2020167112350464
tL(UAG)L2,YML085C,0.2020167112350464
tL(UAG)L2,YML047C,0.2020167112350464
tL(UAG)L2,YDR312W,0.2020167112350464
tL(UAG)L2,YFL037W,0.2020167112350464
tL(UAG)L2,YDL038C,0.2020167112350464
tL(UAG)L2,YDL039C,0.2020167112350464
tL(UAG)L2,YCL027W,0.2020167112350464
tL(UAG)L2,YML124C,0.2020167112350464
tL(UAG)L2,YGL053W,0.2020167112350464
tL(UAG)L2,YMR232W,0.2020167112350464
tL(UAG)L2,YNL298W,0.2020167112350464
tL(UAG)L2,YGL099W,0.2020167112350464
tL(UAG)L2,YBL016W,0.2020167112350464
tL(UAG)L2,YAL041W,0.2020167112350464
tL(UAG)L2,YDR085C,0.2020167112350464
tL(UAG)L2,YPL187W,0.2020167112350464
tL(UAG)L2,YPL256C,0.2020167112350464
tL(UAG)L2,YDR461W,0.2020167112350464
tL(UAG)L2,YNL145W,0.2020167112350464
OSR3,YDL165W,0.2020167112350464
OSR3,YGR059W,0.2020167112350464
OSR3,YBR109C,0.2020167112350464
OSR3,YJL080C,0.2020167112350464
OSR3,YCR093W,0.2020167112350464
OSR3,YIL122W,0.2020167112350464
OSR3,YCL029C,0.2020167112350464
OSR3,YNL173C,0.2020167112350464
OSR3,YLR452C,0.2020167112350464
OSR3,YDL160C,0.2020167112350464
OSR3,YLR229C,0.2020167112350464
OSR3,YML057W,0.2020167112350464
OSR3,YER149C,0.2020167112350464
OSR3,YMR305C,0.2020167112350464
OSR3,YLR433C,0.2020167112350464
OSR3,YJL073W,0.2020167112350464
OSR3,YGR279C,0.2020167112350464
OSR3,YKL190W,0.2020167112350464
OSR3,YGL089C,0.2020167112350464
OSR3,YJL019W,0.2020167112350464
OSR3,YJL018W,0.2020167112350464
OSR3,YNR032C-A,0.2020167112350464
OSR3,YGL178W,0.2020167112350464
OSR3,YKL116C,0.2020167112350464
OSR3,YDL214C,0.2020167112350464
OSR3,YLR362W,0.2020167112350464
OSR3,YER068W,0.2020167112350464
OSR3,YHR084W,0.2020167112350464
OSR3,YDR392W,0.2020167112350464
OSR3,YNL053W,0.2020167112350464
OSR3,YGR040W,0.2020167112350464
OSR3,YDL216C,0.2020167112350464
OSR3,YOL117W,0.2020167112350464
OSR3,YJR086W,0.2020167112350464
OSR3,YMR025W,0.2020167112350464
OSR3,YBR081C,0.2020167112350464
OSR3,YFL026W,0.2020167112350464
OSR3,YHL007C,0.2020167112350464
OSR3,YNR044W,0.2020167112350464
OSR3,YNL271C,0.2020167112350464
OSR3,YDR200C,0.2020167112350464
OSR3,YKL178C,0.2020167112350464
OSR3,YOR212W,0.2020167112350464
OSR3,YOL111C,0.2020167112350464
OSR3,YGL032C,0.2020167112350464
OSR3,YHR005C,0.2020167112350464
OSR3,YDR103W,0.2020167112350464
OSR3,YJR084W,0.2020167112350464
OSR3,YCL032W,0.2020167112350464
OSR3,YJL170C,0.2020167112350464
OSR3,YDR179C,0.2020167112350464
OSR3,YBR095C,0.2020167112350464
OSR3,YLL021W,0.2020167112350464
OSR3,YDL159W,0.2020167112350464
OSR3,YNL161W,0.2020167112350464
OSR3,YNL188W,0.2020167112350464
OSR3,YJL157C,0.2020167112350464
OSR3,YJL034W,0.2020167112350464
OSR3,YLR238W,0.2020167112350464
OSR3,YPR141C,0.2020167112350464
OSR3,YNL127W,0.2020167112350464
OSR3,YCL055W,0.2020167112350464
OSR3,YPR122W,0.2020167112350464
OSR3,YMR065W,0.2020167112350464
OSR3,YDR356W,0.2020167112350464
OSR3,YMR052W,0.2020167112350464
OSR3,YFR008W,0.2020167112350464
OSR3,YLL043W,0.2020167112350464
OSR3,YMR029C,0.2020167112350464
OSR3,YJR004C,0.2020167112350464
OSR3,YDL223C,0.2020167112350464
OSR3,YHR158C,0.2020167112350464
OSR3,YGR238C,0.2020167112350464
OSR3,YIL015W,0.2020167112350464
OSR3,YGL173C,0.2020167112350464
OSR3,YDL225W,0.2020167112350464
OSR3,YLR330W,0.2020167112350464
OSR3,YBR129C,0.2020167112350464
OSR3,YKR095W-A,0.2020167112350464
OSR3,YPR075C,0.2020167112350464
OSR3,YMR198W,0.2020167112350464
OSR3,YOR127W,0.2020167112350464
OSR3,YDR264C,0.2020167112350464
OSR3,YLR110C,0.2020167112350464
OSR3,YDR379W,0.2020167112350464
OSR3,YDL100C,0.2020167112350464
OSR3,YHR073W,0.2020167112350464
OSR3,YJR090C,0.2020167112350464
OSR3,YOR208W,0.2020167112350464
OSR3,YBR040W,0.2020167112350464
OSR3,YNL279W,0.2020167112350464
OSR3,YER075C,0.2020167112350464
OSR3,YCR089W,0.2020167112350464
OSR3,YCR002C,0.2020167112350464
OSR3,YJL108C,0.2020167112350464
OSR3,YBR200W,0.2020167112350464
OSR3,YIL026C,0.2020167112350464
OSR3,YJR076C,0.2020167112350464
OSR3,YKR031C,0.2020167112350464
OSR3,YPL192C,0.2020167112350464
OSR3,YHR107C,0.2020167112350464
OSR3,YIL037C,0.2020167112350464
OSR3,YPL156C,0.2020167112350464
OSR3,YIL117C,0.2020167112350464
OSR3,YHR066W,0.2020167112350464
OSR3,YML085C,0.2020167112350464
OSR3,YML047C,0.2020167112350464
OSR3,YDR312W,0.2020167112350464
OSR3,YFL037W,0.2020167112350464
OSR3,YDL038C,0.2020167112350464
OSR3,YDL039C,0.2020167112350464
OSR3,YCL027W,0.2020167112350464
OSR3,YML124C,0.2020167112350464
OSR3,YGL053W,0.2020167112350464
OSR3,YMR232W,0.2020167112350464
OSR3,YNL298W,0.2020167112350464
OSR3,YGL099W,0.2020167112350464
OSR3,YBL016W,0.2020167112350464
OSR3,YAL041W,0.2020167112350464
OSR3,YDR085C,0.2020167112350464
OSR3,YPL187W,0.2020167112350464
OSR3,YPL256C,0.2020167112350464
OSR3,YDR461W,0.2020167112350464
OSR3,YNL145W,0.2020167112350464
YML113W,YDL165W,1.0780907416796381e-11
YML113W,YGR059W,2.030119507830802e-13
YML113W,YBR109C,0.022483084350824356
YML113W,YJL080C,1.9779353664910876e-13
YML113W,YCR093W,2.8211799216193434e-11
YML113W,YIL122W,3.921398388229136e-07
YML113W,YCL029C,3.959228431216211e-11
YML113W,YNL173C,2.0545427859008925e-10
YML113W,YLR452C,2.863846312872731e-12
YML113W,YDL160C,1.3832678221175482e-13
YML113W,YLR229C,5.644550311097868e-14
YML113W,YML057W,9.683330526311096e-13
YML113W,YER149C,5.308811612536601e-09
YML113W,YMR305C,3.9557200966428355e-14
YML113W,YLR433C,2.3520027592205395e-10
YML113W,YJL073W,1.3526034459143688e-10
YML113W,YGR279C,4.402310981033164e-12
YML113W,YKL190W,7.458533559656644e-07
YML113W,YGL089C,9.396590030519292e-06
YML113W,YJL019W,0.2726379930973053
YML113W,YJL018W,0.00011151699436595663
YML113W,YNR032C-A,1.9002787666977383e-05
YML113W,YGL178W,0.038340140134096146
YML113W,YKL116C,4.4059827786213646e-08
YML113W,YDL214C,7.009853675299382e-08
YML113W,YLR362W,6.491941706432414e-11
YML113W,YER068W,3.910011400876101e-06
YML113W,YHR084W,1.378146947672576e-07
YML113W,YDR392W,9.780683343308186e-14
YML113W,YNL053W,0.007703130599111319
YML113W,YGR040W,2.2459910553607187e-07
YML113W,YDL216C,1.6991178242165006e-08
YML113W,YOL117W,1.9703179147578327e-17
YML113W,YJR086W,1.8212397735750674e-12
YML113W,YMR025W,1.7748140747659452e-16
YML113W,YBR081C,2.3623071272564633e-14
YML113W,YFL026W,1.2125183466321111e-15
YML113W,YHL007C,3.159308370470626e-10
YML113W,YNR044W,5.815353233629139e-06
YML113W,YNL271C,4.068223461217713e-06
YML113W,YDR200C,3.179021712540475e-09
YML113W,YKL178C,0.18981032073497772
YML113W,YOR212W,4.847926220463705e-07
YML113W,YOL111C,1.6257405578007367e-12
YML113W,YGL032C,4.9366118831661865e-12
YML113W,YHR005C,4.0134360460797325e-05
YML113W,YDR103W,3.3876703525725915e-11
YML113W,YJR084W,2.2124119203326131e-10
YML113W,YCL032W,4.648511437857619e-18
YML113W,YJL170C,2.9743502105716857e-10
YML113W,YDR179C,1.675745231466408e-08
YML113W,YBR095C,5.014658827073859e-12
YML113W,YLL021W,9.611897056061025e-09
YML113W,YDL159W,2.2973204977461137e-05
YML113W,YNL161W,9.079498627549351e-14
YML113W,YNL188W,7.591340750456865e-11
YML113W,YJL157C,8.084177771650047e-11
YML113W,YJL034W,7.307702078011846e-13
YML113W,YLR238W,6.410002194832953e-13
YML113W,YPR141C,1.4652297430917116e-10
YML113W,YNL127W,6.455852519238192e-10
YML113W,YCL055W,1.7566814816453947e-16
YML113W,YPR122W,4.3426118256917334e-10
YML113W,YMR065W,8.242244109446517e-10
YML113W,YDR356W,3.641870094384103e-08
YML113W,YMR052W,3.6906487821397604e-06
YML113W,YFR008W,8.503962534156528e-10
YML113W,YLL043W,3.5564593417802826e-05
YML113W,YMR029C,9.229453139247834e-13
YML113W,YJR004C,0.007707362994551659
YML113W,YDL223C,1.4155467505611804e-21
YML113W,YHR158C,3.1690039037357565e-08
YML113W,YGR238C,1.0070050571187039e-08
YML113W,YIL015W,1.4334509614855051e-05
YML113W,YGL173C,6.546858458023053e-06
YML113W,YDL225W,1.6851203099577106e-08
YML113W,YLR330W,1.621834312898543e-13
YML113W,YBR129C,9.038383648289627e-16
YML113W,YKR095W-A,0.2020167112350464
YML113W,YPR075C,2.834726046785363e-06
YML113W,YMR198W,0.0004186826990917325
YML113W,YOR127W,3.03038489825854e-20
YML113W,YDR264C,2.2876054281656226e-14
YML113W,YLR110C,1.2279555150485066e-08
YML113W,YDR379W,1.5691317873951088e-13
YML113W,YDL100C,5.903509628303778e-15
YML113W,YHR073W,8.765434245106007e-08
YML113W,YJR090C,3.209942462945037e-07
YML113W,YOR208W,2.1387634718816884e-10
YML113W,YBR040W,1.000537069102865e-13
YML113W,YNL279W,2.2369715801939805e-10
YML113W,YER075C,3.4228244203404756e-06
YML113W,YCR089W,2.7853566739714395e-15
YML113W,YCR002C,1.2078247380031826e-07
YML113W,YJL108C,3.770568746119807e-09
YML113W,YBR200W,1.0227413294838344e-17
YML113W,YIL026C,4.2433378859285664e-12
YML113W,YJR076C,6.960162307612094e-11
YML113W,YKR031C,0.010544915683567524
YML113W,YPL192C,2.532883911499084e-07
YML113W,YHR107C,0.0014527797466143966
YML113W,YIL037C,5.447502449129615e-09
YML113W,YPL156C,0.0018728789873421192
YML113W,YIL117C,9.901796715894307e-09
YML113W,YHR066W,1.7186274625657916e-09
YML113W,YML085C,2.1691201894553924e-13
YML113W,YML047C,0.08885473757982254
YML113W,YDR312W,7.924530365244209e-08
YML113W,YFL037W,4.40376846100321e-10
YML113W,YDL038C,0.2020167112350464
YML113W,YDL039C,1.5314642609620677e-10
YML113W,YCL027W,3.357104177981185e-11
YML113W,YML124C,7.27487847740349e-10
YML113W,YGL053W,1.80964345730672e-08
YML113W,YMR232W,3.829347505757141e-09
YML113W,YNL298W,1.4883337229321114e-08
YML113W,YGL099W,4.1820117247654e-14
YML113W,YBL016W,1.2433420443275401e-17
YML113W,YAL041W,1.14221837283629e-12
YML113W,YDR085C,3.159480144176996e-08
YML113W,YPL187W,1.5468583011712944e-11
YML113W,YPL256C,3.5815339748308285e-15
YML113W,YDR461W,2.9529838324885755e-17
YML113W,YNL145W,1.199520626056494e-13
YAL016W,YDL165W,0.05237913876771927
YAL016W,YGR059W,0.0009412424406036735
YAL016W,YBR109C,0.006780269090086222
YAL016W,YJL080C,0.9149193167686462
YAL016W,YCR093W,0.9974802136421204
YAL016W,YIL122W,0.0026278733275830746
YAL016W,YCL029C,8.924224914608203e-09
YAL016W,YNL173C,1.3718891750613693e-05
YAL016W,YLR452C,0.0005499206017702818
YAL016W,YDL160C,2.4280843178084432e-14
YAL016W,YLR229C,0.00015642144717276096
YAL016W,YML057W,0.0009301698300987482
YAL016W,YER149C,0.9164794683456421
YAL016W,YMR305C,1.510130909210261e-09
YAL016W,YLR433C,0.7312812805175781
YAL016W,YJL073W,7.996057860282235e-08
YAL016W,YGR279C,0.501071035861969
YAL016W,YKL190W,0.0005804365500807762
YAL016W,YGL089C,4.507734047365375e-05
YAL016W,YJL019W,0.0033474089577794075
YAL016W,YJL018W,0.13088060915470123
YAL016W,YNR032C-A,0.6176104545593262
YAL016W,YGL178W,0.07932595163583755
YAL016W,YKL116C,1.6768648265497177e-06
YAL016W,YDL214C,0.6510045528411865
YAL016W,YLR362W,3.7755435187136754e-05
YAL016W,YER068W,4.095803252113228e-09
YAL016W,YHR084W,0.4482462704181671
YAL016W,YDR392W,2.40098370341002e-06
YAL016W,YNL053W,1.6601820362893704e-08
YAL016W,YGR040W,0.04202522337436676
YAL016W,YDL216C,0.5424186587333679
YAL016W,YOL117W,2.145811549780774e-06
YAL016W,YJR086W,9.539977327222005e-06
YAL016W,YMR025W,0.0011639422737061977
YAL016W,YBR081C,0.30676940083503723
YAL016W,YFL026W,9.058007321982586e-08
YAL016W,YHL007C,3.242721504648216e-05
YAL016W,YNR044W,1.3050230336375535e-05
YAL016W,YNL271C,0.8887444138526917
YAL016W,YDR200C,0.07059052586555481
YAL016W,YKL178C,3.89464887007307e-08
YAL016W,YOR212W,1.3752215636486653e-05
YAL016W,YOL111C,4.4264501867499403e-16
YAL016W,YGL032C,1.5699233699706383e-05
YAL016W,YHR005C,6.979012687224895e-05
YAL016W,YDR103W,0.8237634301185608
YAL016W,YJR084W,7.4475628935033455e-06
YAL016W,YCL032W,0.0001071868246071972
YAL016W,YJL170C,0.00046013042447157204
YAL016W,YDR179C,1.1339025149936788e-06
YAL016W,YBR095C,0.18620340526103973
YAL016W,YLL021W,0.0006822661962360144
YAL016W,YDL159W,4.7271231551349047e-07
YAL016W,YNL161W,0.897541344165802
YAL016W,YNL188W,6.1881187320977915e-06
YAL016W,YJL157C,8.488517666549455e-10
YAL016W,YJL034W,7.177248129153213e-09
YAL016W,YLR238W,6.759516509191599e-06
YAL016W,YPR141C,3.07258014800027e-05
YAL016W,YNL127W,2.602022113398772e-12
YAL016W,YCL055W,3.5753259908233304e-07
YAL016W,YPR122W,0.8595767021179199
YAL016W,YMR065W,0.28785601258277893
YAL016W,YDR356W,4.770658694475127e-12
YAL016W,YMR052W,0.21121954917907715
YAL016W,YFR008W,1.7739903341862373e-05
YAL016W,YLL043W,0.02708509936928749
YAL016W,YMR029C,4.88402019982459e-06
YAL016W,YJR004C,2.026312841962863e-07
YAL016W,YDL223C,4.610884243860802e-11
YAL016W,YHR158C,2.3842185115086068e-08
YAL016W,YGR238C,0.0020263532642275095
YAL016W,YIL015W,0.010408618487417698
YAL016W,YGL173C,0.0013490956043824553
YAL016W,YDL225W,0.6166154742240906
YAL016W,YLR330W,3.2582592179863923e-10
YAL016W,YBR129C,0.9033031463623047
YAL016W,YKR095W-A,0.2020167112350464
YAL016W,YPR075C,1.524532885390363e-15
YAL016W,YMR198W,2.472364257766202e-10
YAL016W,YOR127W,0.0023549373727291822
YAL016W,YDR264C,7.738608837826177e-05
YAL016W,YLR110C,0.10619387030601501
YAL016W,YDR379W,0.00039406269206665456
YAL016W,YDL100C,0.7303601503372192
YAL016W,YHR073W,0.00011858595098601654
YAL016W,YJR090C,5.673013674822869e-06
YAL016W,YOR208W,5.843094186275266e-08
YAL016W,YBR040W,5.372140776671586e-07
YAL016W,YNL279W,0.00033933803206309676
YAL016W,YER075C,0.3492853045463562
YAL016W,YCR089W,5.952374522166792e-06
YAL016W,YCR002C,0.00501120463013649
YAL016W,YJL108C,0.00045498250983655453
YAL016W,YBR200W,1.980531016965159e-11
YAL016W,YIL026C,1.747484020597767e-05
YAL016W,YJR076C,1.0224358447885606e-05
YAL016W,YKR031C,0.026261573657393456
YAL016W,YPL192C,0.00018744445696938783
YAL016W,YHR107C,0.10804708302021027
YAL016W,YIL037C,0.0004962544189766049
YAL016W,YPL156C,0.0026563445571810007
YAL016W,YIL117C,0.0005486183217726648
YAL016W,YHR066W,1.3886448657629558e-09
YAL016W,YML085C,0.0009279957157559693
YAL016W,YML047C,9.902176316245459e-06
YAL016W,YDR312W,1.1938931265831343e-07
YAL016W,YFL037W,0.0035354241263121367
YAL016W,YDL038C,0.2020167112350464
YAL016W,YDL039C,2.3026478856991162e-07
YAL016W,YCL027W,0.010430688969790936
YAL016W,YML124C,0.0014436225173994899
YAL016W,YGL053W,0.0023162190336734056
YAL016W,YMR232W,0.5480239987373352
YAL016W,YNL298W,0.6702600717544556
YAL016W,YGL099W,3.7320709023180854e-11
YAL016W,YBL016W,0.20722679793834686
YAL016W,YAL041W,0.002602670341730118
YAL016W,YDR085C,7.019995973678306e-05
YAL016W,YPL187W,0.6864382028579712
YAL016W,YPL256C,1.7308106180280447e-05
YAL016W,YDR461W,4.8959176638163626e-05
YAL016W,YNL145W,5.173826367332879e-10
YHR109W,YDL165W,7.006672967690974e-05
YHR109W,YGR059W,4.324512701714411e-06
YHR109W,YBR109C,2.9589949917863123e-05
YHR109W,YJL080C,4.764402414259017e-12
YHR109W,YCR093W,0.0002582993183750659
YHR109W,YIL122W,2.229948677268112e-06
YHR109W,YCL029C,4.5962362804630175e-08
YHR109W,YNL173C,1.3161837841835222e-07
YHR109W,YLR452C,0.004861332941800356
YHR109W,YDL160C,1.8163440529406216e-07
YHR109W,YLR229C,5.9546351849348866e-08
YHR109W,YML057W,7.202593122618284e-12
YHR109W,YER149C,1.1187103154952638e-06
YHR109W,YMR305C,0.8933162689208984
YHR109W,YLR433C,2.7492094432091108e-06
YHR109W,YJL073W,8.654561156618001e-08
YHR109W,YGR279C,5.126095381502438e-11
YHR109W,YKL190W,8.369613335723614e-10
YHR109W,YGL089C,0.003923116251826286
YHR109W,YJL019W,1.604694261914119e-05
YHR109W,YJL018W,0.011971753090620041
YHR109W,YNR032C-A,0.0006806354504078627
YHR109W,YGL178W,2.9700274808419636e-06
YHR109W,YKL116C,1.116799012379488e-05
YHR109W,YDL214C,9.531878504276392e-07
YHR109W,YLR362W,4.214112947487081e-10
YHR109W,YER068W,4.502713740056619e-12
YHR109W,YHR084W,3.476510528344079e-06
YHR109W,YDR392W,6.377107638400048e-06
YHR109W,YNL053W,0.0004957282217219472
YHR109W,YGR040W,0.0005864223930984735
YHR109W,YDL216C,1.6008685262830502e-12
YHR109W,YOL117W,1.3787487660010811e-05
YHR109W,YJR086W,1.0830754071378124e-09
YHR109W,YMR025W,0.0004470116982702166
YHR109W,YBR081C,0.1965962052345276
YHR109W,YFL026W,1.758993341607895e-14
YHR109W,YHL007C,5.239733624762266e-08
YHR109W,YNR044W,8.39347933379031e-07
YHR109W,YNL271C,1.4175333262755885e-06
YHR109W,YDR200C,2.4703069811948808e-08
YHR109W,YKL178C,0.0009982041083276272
YHR109W,YOR212W,3.36444003323777e-07
YHR109W,YOL111C,5.13047049288673e-10
YHR109W,YGL032C,1.1469552521278792e-13
YHR109W,YHR005C,1.0635757552446279e-10
YHR109W,YDR103W,9.653741001036664e-11
YHR109W,YJR084W,4.678828645410249e-06
YHR109W,YCL032W,3.3096461227004326e-13
YHR109W,YJL170C,5.980660411353256e-10
YHR109W,YDR179C,2.76773571386002e-05
YHR109W,YBR095C,3.955238571506925e-05
YHR109W,YLL021W,7.325400702695717e-12
YHR109W,YDL159W,9.156655468578467e-12
YHR109W,YNL161W,1.0974671340591158e-06
YHR109W,YNL188W,0.010716957040131092
YHR109W,YJL157C,3.111190949312004e-08
YHR109W,YJL034W,3.750083578779595e-06
YHR109W,YLR238W,2.220367778527077e-10
YHR109W,YPR141C,6.419083548462657e-16
YHR109W,YNL127W,1.7637892923971776e-08
YHR109W,YCL055W,1.2162998075382347e-07
YHR109W,YPR122W,1.875451926025562e-05
YHR109W,YMR065W,1.554751491994466e-07
YHR109W,YDR356W,7.658088065909396e-07
YHR109W,YMR052W,0.0017239322187379003
YHR109W,YFR008W,0.006872334983199835
YHR109W,YLL043W,9.508465882390738e-05
YHR109W,YMR029C,0.0034293269272893667
YHR109W,YJR004C,0.0001056224646163173
YHR109W,YDL223C,1.799627398213488e-06
YHR109W,YHR158C,0.0007598660886287689
YHR109W,YGR238C,3.7731251723016612e-06
YHR109W,YIL015W,7.299470361488147e-09
YHR109W,YGL173C,0.0009895910043269396
YHR109W,YDL225W,0.0002936196397058666
YHR109W,YLR330W,1.4888290600367782e-10
YHR109W,YBR129C,1.1599928484429256e-07
YHR109W,YKR095W-A,0.2020167112350464
YHR109W,YPR075C,1.1971111602004925e-10
YHR109W,YMR198W,6.958989251870662e-05
YHR109W,YOR127W,1.9752804947259506e-10
YHR109W,YDR264C,5.615818372461945e-05
YHR109W,YLR110C,1.0240855038978758e-11
YHR109W,YDR379W,1.2174121366115287e-05
YHR109W,YDL100C,3.5922465031035244e-05
YHR109W,YHR073W,4.400806574267335e-05
YHR109W,YJR090C,4.46320382252452e-06
YHR109W,YOR208W,4.018867016952754e-09
YHR109W,YBR040W,2.1064266775283613e-08
YHR109W,YNL279W,7.193594053767072e-10
YHR109W,YER075C,2.1421115889097564e-05
YHR109W,YCR089W,3.6145830252520827e-12
YHR109W,YCR002C,2.9370776246651076e-05
YHR109W,YJL108C,4.344463988559255e-08
YHR109W,YBR200W,1.2150783851305746e-12
YHR109W,YIL026C,1.6276634369205567e-06
YHR109W,YJR076C,0.0035552512854337692
YHR109W,YKR031C,1.029536360874772e-05
YHR109W,YPL192C,8.283502393169329e-05
YHR109W,YHR107C,1.1781949860178997e-09
YHR109W,YIL037C,7.05335260136053e-05
YHR109W,YPL156C,2.233656459793565e-06
YHR109W,YIL117C,9.68850333293858e-09
YHR109W,YHR066W,1.0023719454466118e-07
YHR109W,YML085C,0.006168275605887175
YHR109W,YML047C,5.623696415568702e-05
YHR109W,YDR312W,0.03615470975637436
YHR109W,YFL037W,0.00013542905799113214
YHR109W,YDL038C,0.2020167112350464
YHR109W,YDL039C,3.9768885087859045e-17
YHR109W,YCL027W,1.0707113773378296e-07
YHR109W,YML124C,3.796133023570292e-05
YHR109W,YGL053W,3.605454139687936e-07
YHR109W,YMR232W,1.8900143672340164e-09
YHR109W,YNL298W,9.462106476121335e-08
YHR109W,YGL099W,1.9682911442941986e-06
YHR109W,YBL016W,1.0244547610227528e-07
YHR109W,YAL041W,0.0017875827616080642
YHR109W,YDR085C,1.0393285947429831e-06
YHR109W,YPL187W,0.9512421488761902
YHR109W,YPL256C,0.009338603354990482
YHR109W,YDR461W,1.3283121130802655e-11
YHR109W,YNL145W,8.630102882323243e-11
YNR009W,YDL165W,3.4688932282200824e-11
YNR009W,YGR059W,5.242802286059556e-12
YNR009W,YBR109C,2.757004494924331e-06
YNR009W,YJL080C,0.9999878406524658
YNR009W,YCR093W,0.14163342118263245
YNR009W,YIL122W,9.124354743983432e-11
YNR009W,YCL029C,1.827538653742522e-06
YNR009W,YNL173C,1.0375098469239674e-07
YNR009W,YLR452C,0.9999997615814209
YNR009W,YDL160C,0.001998575869947672
YNR009W,YLR229C,1.748767103348925e-10
YNR009W,YML057W,2.2344747580005375e-12
YNR009W,YER149C,4.64893020080126e-07
YNR009W,YMR305C,1.1249986497929854e-09
YNR009W,YLR433C,5.591061562881805e-05
YNR009W,YJL073W,3.56063234452364e-10
YNR009W,YGR279C,4.809999509802765e-09
YNR009W,YKL190W,2.6227253875632517e-12
YNR009W,YGL089C,0.9371887445449829
YNR009W,YJL019W,3.7782742765557487e-06
YNR009W,YJL018W,0.001428202143870294
YNR009W,YNR032C-A,0.00017001597734633833
YNR009W,YGL178W,4.788134901900776e-07
YNR009W,YKL116C,2.689561838489378e-18
YNR009W,YDL214C,0.008655201643705368
YNR009W,YLR362W,4.233065192238428e-05
YNR009W,YER068W,0.9790694117546082
YNR009W,YHR084W,0.9842221140861511
YNR009W,YDR392W,2.298165213687753e-08
YNR009W,YNL053W,0.5558285713195801
YNR009W,YGR040W,0.0008475488284602761
YNR009W,YDL216C,0.012693023309111595
YNR009W,YOL117W,2.7884848918802163e-07
YNR009W,YJR086W,0.8172615766525269
YNR009W,YMR025W,0.0963570699095726
YNR009W,YBR081C,0.00469546765089035
YNR009W,YFL026W,2.454685841257742e-07
YNR009W,YHL007C,0.05118552967905998
YNR009W,YNR044W,0.9999829530715942
YNR009W,YNL271C,1.0125952853989872e-10
YNR009W,YDR200C,2.0017928648030647e-07
YNR009W,YKL178C,0.9992823004722595
YNR009W,YOR212W,0.00022836228890810162
YNR009W,YOL111C,7.300301474444382e-10
YNR009W,YGL032C,1.0467455791030034e-09
YNR009W,YHR005C,0.36751043796539307
YNR009W,YDR103W,0.001966562122106552
YNR009W,YJR084W,0.23934048414230347
YNR009W,YCL032W,3.562898598374886e-07
YNR009W,YJL170C,0.9999959468841553
YNR009W,YDR179C,2.1254934864565166e-14
YNR009W,YBR095C,1.3805741616579326e-07
YNR009W,YLL021W,0.010043025016784668
YNR009W,YDL159W,4.2144591816395405e-07
YNR009W,YNL161W,8.478738891426474e-06
YNR009W,YNL188W,1.3930359273217618e-05
YNR009W,YJL157C,0.0005609860527329147
YNR009W,YJL034W,2.4858014952000573e-11
YNR009W,YLR238W,0.7572381496429443
YNR009W,YPR141C,0.9952757358551025
YNR009W,YNL127W,0.000711070082616061
YNR009W,YCL055W,0.016549622640013695
YNR009W,YPR122W,0.9646859169006348
YNR009W,YMR065W,0.9999803304672241
YNR009W,YDR356W,0.9505628943443298
YNR009W,YMR052W,1.2568280283176136e-07
YNR009W,YFR008W,0.6536301374435425
YNR009W,YLL043W,5.400167992775096e-06
YNR009W,YMR029C,5.12891517701064e-07
YNR009W,YJR004C,1.3596875361732152e-11
YNR009W,YDL223C,1.010229620531484e-15
YNR009W,YHR158C,0.9630048274993896
YNR009W,YGR238C,1.811973558392757e-13
YNR009W,YIL015W,0.015087061561644077
YNR009W,YGL173C,0.0006193402805365622
YNR009W,YDL225W,0.00010356464918004349
YNR009W,YLR330W,1.4313906830654144e-11
YNR009W,YBR129C,0.46711310744285583
YNR009W,YKR095W-A,0.2020167112350464
YNR009W,YPR075C,2.7734385454891708e-08
YNR009W,YMR198W,2.8917386316607008e-06
YNR009W,YOR127W,7.387453981877456e-10
YNR009W,YDR264C,1.9575947590055875e-05
YNR009W,YLR110C,1.0759928104758787e-12
YNR009W,YDR379W,0.00014642054156865925
YNR009W,YDL100C,1.2234246469233767e-06
YNR009W,YHR073W,1.4147860838420456e-07
YNR009W,YJR090C,0.5111079812049866
YNR009W,YOR208W,5.29127783011063e-06
YNR009W,YBR040W,0.9998915195465088
YNR009W,YNL279W,0.9925066828727722
YNR009W,YER075C,1.7328304346975187e-09
YNR009W,YCR089W,0.0806400254368782
YNR009W,YCR002C,4.4755087765142865e-13
YNR009W,YJL108C,6.153247227302927e-07
YNR009W,YBR200W,1.219109009298336e-07
YNR009W,YIL026C,0.0002592331147752702
YNR009W,YJR076C,2.166074182241573e-06
YNR009W,YKR031C,6.440927973017097e-05
YNR009W,YPL192C,0.012721079401671886
YNR009W,YHR107C,0.02727571129798889
YNR009W,YIL037C,0.002459232695400715
YNR009W,YPL156C,0.7058427333831787
YNR009W,YIL117C,2.1253661941500468e-08
YNR009W,YHR066W,4.4863036354446384e-13
YNR009W,YML085C,2.524732538918689e-13
YNR009W,YML047C,0.9984959363937378
YNR009W,YDR312W,2.0589246974012099e-10
YNR009W,YFL037W,2.9989835059751613e-09
YNR009W,YDL038C,0.2020167112350464
YNR009W,YDL039C,3.8616934086230237e-13
YNR009W,YCL027W,0.9999984502792358
YNR009W,YML124C,7.171365802050315e-16
YNR009W,YGL053W,7.893687870819122e-05
YNR009W,YMR232W,0.9719170331954956
YNR009W,YNL298W,0.4061679542064667
YNR009W,YGL099W,1.4899384837008256e-08
YNR009W,YBL016W,1.157095198323077e-06
YNR009W,YAL041W,8.81600226421142e-06
YNR009W,YDR085C,0.9452247619628906
YNR009W,YPL187W,0.0013282898580655456
YNR009W,YPL256C,8.873580689683358e-12
YNR009W,YDR461W,3.951540830660072e-11
YNR009W,YNL145W,0.00022461824119091034
YBR019C,YDL165W,9.071087214707063e-10
YBR019C,YGR059W,1.9854069250868633e-05
YBR019C,YBR109C,1.1373358255184485e-08
YBR019C,YJL080C,6.431901233838744e-09
YBR019C,YCR093W,1.2462879794838955e-06
YBR019C,YIL122W,7.700301466684323e-06
YBR019C,YCL029C,3.295289874305496e-10
YBR019C,YNL173C,0.00045705685624852777
YBR019C,YLR452C,0.030290329828858376
YBR019C,YDL160C,0.04579553380608559
YBR019C,YLR229C,9.431246061897269e-11
YBR019C,YML057W,6.815656092840072e-07
YBR019C,YER149C,0.00014570383063983172
YBR019C,YMR305C,0.9922090768814087
YBR019C,YLR433C,0.00046613923041149974
YBR019C,YJL073W,3.2000761507333664e-07
YBR019C,YGR279C,9.789032695550759e-09
YBR019C,YKL190W,1.7023555942051417e-15
YBR019C,YGL089C,0.025874799117445946
YBR019C,YJL019W,0.00017865501285996288
YBR019C,YJL018W,0.0023978152312338352
YBR019C,YNR032C-A,7.865012889851641e-07
YBR019C,YGL178W,3.621722644009395e-10
YBR019C,YKL116C,2.9649902089090574e-08
YBR019C,YDL214C,5.136122638305096e-09
YBR019C,YLR362W,1.331386272340751e-07
YBR019C,YER068W,0.003753508673980832
YBR019C,YHR084W,7.341181829101373e-11
YBR019C,YDR392W,4.930768409394659e-05
YBR019C,YNL053W,1.3007236248085974e-06
YBR019C,YGR040W,0.00796182919293642
YBR019C,YDL216C,1.378948510932787e-08
YBR019C,YOL117W,4.925302943270538e-10
YBR019C,YJR086W,2.8213942641741596e-05
YBR019C,YMR025W,0.0007366429781541228
YBR019C,YBR081C,1.9888579117832705e-05
YBR019C,YFL026W,9.520251478534192e-05
YBR019C,YHL007C,1.1658256653390708e-06
YBR019C,YNR044W,3.586177626857534e-05
YBR019C,YNL271C,1.69201084645465e-05
YBR019C,YDR200C,1.0158059637888073e-07
YBR019C,YKL178C,0.007162914145737886
YBR019C,YOR212W,0.05138784274458885
YBR019C,YOL111C,0.111128069460392
YBR019C,YGL032C,7.357308732025558e-06
YBR019C,YHR005C,5.294853622217488e-07
YBR019C,YDR103W,2.281932580672219e-07
YBR019C,YJR084W,0.04567743092775345
YBR019C,YCL032W,4.166240250924602e-05
YBR019C,YJL170C,9.97975657810457e-05
YBR019C,YDR179C,8.696478953629239e-11
YBR019C,YBR095C,1.446710640173876e-09
YBR019C,YLL021W,3.0609970114170437e-10
YBR019C,YDL159W,2.111361929735267e-08
YBR019C,YNL161W,0.00241908454336226
YBR019C,YNL188W,9.255151089959668e-10
YBR019C,YJL157C,6.980310995885475e-09
YBR019C,YJL034W,7.612048769090052e-10
YBR019C,YLR238W,6.482699973275885e-05
YBR019C,YPR141C,1.171356203144569e-07
YBR019C,YNL127W,6.861194723484232e-09
YBR019C,YCL055W,7.998748515092302e-06
YBR019C,YPR122W,3.902396983335166e-08
YBR019C,YMR065W,4.4712438196370385e-09
YBR019C,YDR356W,5.214124271235576e-11
YBR019C,YMR052W,4.478638987448491e-11
YBR019C,YFR008W,2.0865305486950092e-05
YBR019C,YLL043W,0.7983447313308716
YBR019C,YMR029C,1.6215326468227431e-06
YBR019C,YJR004C,0.0008155921241268516
YBR019C,YDL223C,2.9845801918781945e-07
YBR019C,YHR158C,0.06932501494884491
YBR019C,YGR238C,0.055809106677770615
YBR019C,YIL015W,1.017122940538684e-06
YBR019C,YGL173C,0.00012061605229973793
YBR019C,YDL225W,4.341355179349193e-06
YBR019C,YLR330W,2.559942367952317e-05
YBR019C,YBR129C,2.4428612960036844e-05
YBR019C,YKR095W-A,0.2020167112350464
YBR019C,YPR075C,0.009967130608856678
YBR019C,YMR198W,0.0016402385663241148
YBR019C,YOR127W,2.5920030011228334e-11
YBR019C,YDR264C,2.1070180322713128e-11
YBR019C,YLR110C,6.723499268446176e-08
YBR019C,YDR379W,3.649233804026153e-08
YBR019C,YDL100C,0.00023312830307986587
YBR019C,YHR073W,5.2469740552396615e-08
YBR019C,YJR090C,1.6556883863927396e-08
YBR019C,YOR208W,6.619728765144828e-08
YBR019C,YBR040W,2.852269462283452e-11
YBR019C,YNL279W,1.7688631004375566e-08
YBR019C,YER075C,2.466744444973301e-05
YBR019C,YCR089W,1.1955851864087208e-09
YBR019C,YCR002C,6.545337605246004e-09
YBR019C,YJL108C,2.0012279833281355e-07
YBR019C,YBR200W,1.2879165296908468e-05
YBR019C,YIL026C,2.297587889188435e-05
YBR019C,YJR076C,1.492334450459154e-10
YBR019C,YKR031C,6.090562498783925e-10
YBR019C,YPL192C,0.0011442422401160002
YBR019C,YHR107C,8.012958829795025e-08
YBR019C,YIL037C,1.0847464260166362e-08
YBR019C,YPL156C,3.1270144251749343e-09
YBR019C,YIL117C,1.789217107805996e-10
YBR019C,YHR066W,5.321803655533586e-06
YBR019C,YML085C,5.487772860082683e-22
YBR019C,YML047C,1.9308367404935467e-11
YBR019C,YDR312W,7.799446848366642e-07
YBR019C,YFL037W,4.0364796059658495e-14
YBR019C,YDL038C,0.2020167112350464
YBR019C,YDL039C,2.255926175032119e-11
YBR019C,YCL027W,5.5246708206869524e-17
YBR019C,YML124C,3.6796850011455717e-09
YBR019C,YGL053W,0.00022838579025119543
YBR019C,YMR232W,2.059923565056465e-09
YBR019C,YNL298W,8.072024502325803e-05
YBR019C,YGL099W,8.210052193646789e-09
YBR019C,YBL016W,1.4000540726755162e-09
YBR019C,YAL041W,3.042182683543615e-08
YBR019C,YDR085C,3.072968723927261e-08
YBR019C,YPL187W,3.2345799354516203e-06
YBR019C,YPL256C,6.668827700195834e-05
YBR019C,YDR461W,3.2867269510461483e-06
YBR019C,YNL145W,9.213259909301996e-05
YJL069C,YDL165W,0.0034421628806740046
YJL069C,YGR059W,1.4676358262022404e-07
YJL069C,YBR109C,2.0734826355894853e-10
YJL069C,YJL080C,2.3640086510567926e-05
YJL069C,YCR093W,1.341948882327415e-05
YJL069C,YIL122W,0.06824227422475815
YJL069C,YCL029C,1.7680306871326046e-11
YJL069C,YNL173C,0.000463177653728053
YJL069C,YLR452C,0.572160005569458
YJL069C,YDL160C,0.984423816204071
YJL069C,YLR229C,4.5094932232814244e-09
YJL069C,YML057W,2.2776646071449988e-15
YJL069C,YER149C,3.9855541089650615e-09
YJL069C,YMR305C,1.003958686851547e-06
YJL069C,YLR433C,4.074406092513527e-07
YJL069C,YJL073W,3.6961367914405065e-17
YJL069C,YGR279C,0.010747069492936134
YJL069C,YKL190W,0.012286456301808357
YJL069C,YGL089C,6.576409941771999e-05
YJL069C,YJL019W,1.6050396425271174e-06
YJL069C,YJL018W,0.00010782723256852478
YJL069C,YNR032C-A,3.564315920812078e-05
YJL069C,YGL178W,0.0031668308656662703
YJL069C,YKL116C,2.5935902731033522e-11
YJL069C,YDL214C,0.009129165671765804
YJL069C,YLR362W,3.102480405914321e-08
YJL069C,YER068W,7.83748239918669e-12
YJL069C,YHR084W,2.4059204406512436e-07
YJL069C,YDR392W,6.736696178677448e-08
YJL069C,YNL053W,0.02326001599431038
YJL069C,YGR040W,3.021052066287666e-07
YJL069C,YDL216C,3.197141715868129e-13
YJL069C,YOL117W,7.609577551415114e-11
YJL069C,YJR086W,1.6954712691585883e-06
YJL069C,YMR025W,0.00011949586769333109
YJL069C,YBR081C,4.620496474672109e-05
YJL069C,YFL026W,0.0003367114986758679
YJL069C,YHL007C,0.005170386750251055
YJL069C,YNR044W,0.0005113107617944479
YJL069C,YNL271C,0.2414972484111786
YJL069C,YDR200C,1.421812179103199e-08
YJL069C,YKL178C,0.5077890753746033
YJL069C,YOR212W,2.993389092154075e-09
YJL069C,YOL111C,2.865302717314222e-10
YJL069C,YGL032C,7.22700548294597e-08
YJL069C,YHR005C,0.009730937890708447
YJL069C,YDR103W,6.515963832498528e-06
YJL069C,YJR084W,6.448456213448139e-10
YJL069C,YCL032W,1.2892035529399326e-11
YJL069C,YJL170C,0.25319623947143555
YJL069C,YDR179C,5.169754598369214e-13
YJL069C,YBR095C,5.772472343873458e-13
YJL069C,YLL021W,2.2715127556693915e-07
YJL069C,YDL159W,9.866658705337539e-12
YJL069C,YNL161W,0.00015148401143960655
YJL069C,YNL188W,1.9860916730674028e-11
YJL069C,YJL157C,6.078493264283225e-10
YJL069C,YJL034W,9.282257629195101e-09
YJL069C,YLR238W,2.9961537695299967e-09
YJL069C,YPR141C,3.495135014741635e-10
YJL069C,YNL127W,9.137286838267755e-07
YJL069C,YCL055W,1.1134312138949554e-08
YJL069C,YPR122W,0.002266068011522293
YJL069C,YMR065W,0.2540254294872284
YJL069C,YDR356W,0.04260394349694252
YJL069C,YMR052W,0.003947701305150986
YJL069C,YFR008W,0.061366960406303406
YJL069C,YLL043W,1.760229406677638e-09
YJL069C,YMR029C,7.139284302626336e-11
YJL069C,YJR004C,5.6749232868469335e-08
YJL069C,YDL223C,1.2641294532423492e-13
YJL069C,YHR158C,5.514635631698184e-05
YJL069C,YGR238C,2.3578202501539636e-07
YJL069C,YIL015W,0.010028926655650139
YJL069C,YGL173C,4.3938971384938075e-12
YJL069C,YDL225W,0.00040224107215180993
YJL069C,YLR330W,1.3856504388343183e-08
YJL069C,YBR129C,1.783409788913559e-05
YJL069C,YKR095W-A,0.2020167112350464
YJL069C,YPR075C,0.3804088532924652
YJL069C,YMR198W,2.272305188455448e-08
YJL069C,YOR127W,9.226620356628246e-09
YJL069C,YDR264C,0.3433416783809662
YJL069C,YLR110C,0.0005310534033924341
YJL069C,YDR379W,5.316086681972365e-09
YJL069C,YDL100C,6.539705998953593e-10
YJL069C,YHR073W,2.2154318852531107e-13
YJL069C,YJR090C,2.4579804250911226e-18
YJL069C,YOR208W,0.0004249522462487221
YJL069C,YBR040W,0.016184473410248756
YJL069C,YNL279W,1.3530210480894311e-06
YJL069C,YER075C,6.777272574254312e-07
YJL069C,YCR089W,9.506192327535246e-06
YJL069C,YCR002C,9.83754034677986e-06
YJL069C,YJL108C,2.930969685621676e-06
YJL069C,YBR200W,7.536454359069467e-05
YJL069C,YIL026C,3.333494071056098e-12
YJL069C,YJR076C,0.8667975068092346
YJL069C,YKR031C,1.815167571805887e-08
YJL069C,YPL192C,0.00021318165818229318
YJL069C,YHR107C,0.011430342681705952
YJL069C,YIL037C,3.329328683321364e-05
YJL069C,YPL156C,3.2816508621635876e-08
YJL069C,YIL117C,8.180979784810916e-05
YJL069C,YHR066W,1.775591291022522e-14
YJL069C,YML085C,3.7537937203069305e-08
YJL069C,YML047C,0.26290377974510193
YJL069C,YDR312W,4.749069193454858e-12
YJL069C,YFL037W,0.00043890828965231776
YJL069C,YDL038C,0.2020167112350464
YJL069C,YDL039C,5.400057623283772e-10
YJL069C,YCL027W,9.101007947265316e-08
YJL069C,YML124C,4.239780748704902e-11
YJL069C,YGL053W,2.3420438992616255e-06
YJL069C,YMR232W,4.01038778363727e-06
YJL069C,YNL298W,0.5041288137435913
YJL069C,YGL099W,4.848595525793723e-16
YJL069C,YBL016W,4.606732149847954e-16
YJL069C,YAL041W,2.535263231989715e-12
YJL069C,YDR085C,1.6856442016432993e-05
YJL069C,YPL187W,8.65094662572119e-08
YJL069C,YPL256C,6.146856688335782e-15
YJL069C,YDR461W,8.113458349612301e-09
YJL069C,YNL145W,2.0663563191192225e-05
YMR250W,YDL165W,7.792042429040705e-14
YMR250W,YGR059W,4.804862063778614e-10
YMR250W,YBR109C,0.0012694769538939
YMR250W,YJL080C,4.453739113619015e-11
YMR250W,YCR093W,0.02217952162027359
YMR250W,YIL122W,0.9151579737663269
YMR250W,YCL029C,1.5559731281200584e-10
YMR250W,YNL173C,0.010766650550067425
YMR250W,YLR452C,8.385717956116423e-05
YMR250W,YDL160C,2.8352173103485256e-05
YMR250W,YLR229C,8.698313180843797e-09
YMR250W,YML057W,2.1124503188363342e-11
YMR250W,YER149C,0.007897168397903442
YMR250W,YMR305C,8.738942415220663e-05
YMR250W,YLR433C,1.4348638615047093e-05
YMR250W,YJL073W,7.200329092793135e-19
YMR250W,YGR279C,5.56658924324438e-05
YMR250W,YKL190W,1.8703707382883294e-06
YMR250W,YGL089C,0.0005906212027184665
YMR250W,YJL019W,0.00011970924970228225
YMR250W,YJL018W,0.008001166395843029
YMR250W,YNR032C-A,0.06483446806669235
YMR250W,YGL178W,0.076909139752388
YMR250W,YKL116C,8.63399327499792e-06
YMR250W,YDL214C,0.9999011754989624
YMR250W,YLR362W,1.9509731430389365e-07
YMR250W,YER068W,7.332852192121209e-08
YMR250W,YHR084W,4.828461241945803e-11
YMR250W,YDR392W,0.01615816354751587
YMR250W,YNL053W,3.5885321381101676e-07
YMR250W,YGR040W,0.0018414134392514825
YMR250W,YDL216C,0.0004113544709980488
YMR250W,YOL117W,0.05862068757414818
YMR250W,YJR086W,0.00021297179046086967
YMR250W,YMR025W,0.9999997615814209
YMR250W,YBR081C,0.0008043157868087292
YMR250W,YFL026W,5.135217179486062e-06
YMR250W,YHL007C,2.2264982746378337e-08
YMR250W,YNR044W,0.9999778270721436
YMR250W,YNL271C,3.864005520881619e-06
YMR250W,YDR200C,6.171760469442233e-05
YMR250W,YKL178C,0.9673588275909424
YMR250W,YOR212W,4.299983702438226e-10
YMR250W,YOL111C,9.66045554662287e-09
YMR250W,YGL032C,1.1753942708025988e-08
YMR250W,YHR005C,0.026441046968102455
YMR250W,YDR103W,0.0006598072941415012
YMR250W,YJR084W,7.588609150843695e-06
YMR250W,YCL032W,2.2043388980819145e-06
YMR250W,YJL170C,3.993221980636008e-06
YMR250W,YDR179C,6.657042105062683e-12
YMR250W,YBR095C,6.395827512051255e-08
YMR250W,YLL021W,5.9556227137436135e-12
YMR250W,YDL159W,1.0136996493950723e-12
YMR250W,YNL161W,0.9993155002593994
YMR250W,YNL188W,4.4898587958641656e-08
YMR250W,YJL157C,6.557437698308938e-15
YMR250W,YJL034W,1.2532590842571048e-20
YMR250W,YLR238W,0.0017414195463061333
YMR250W,YPR141C,2.4671271692255914e-09
YMR250W,YNL127W,2.103845872625243e-05
YMR250W,YCL055W,1.2158974348197571e-11
YMR250W,YPR122W,4.5751556172035635e-05
YMR250W,YMR065W,0.9994392991065979
YMR250W,YDR356W,5.319819592841668e-06
YMR250W,YMR052W,0.9997066855430603
YMR250W,YFR008W,0.000212073719012551
YMR250W,YLL043W,4.283777889213525e-05
YMR250W,YMR029C,3.238523049731157e-07
YMR250W,YJR004C,9.33437331696041e-06
YMR250W,YDL223C,7.763973790047771e-14
YMR250W,YHR158C,8.681894786422006e-11
YMR250W,YGR238C,1.0709001637939156e-13
YMR250W,YIL015W,0.025103047490119934
YMR250W,YGL173C,0.21080006659030914
YMR250W,YDL225W,5.636153943555655e-08
YMR250W,YLR330W,0.00020495570788625628
YMR250W,YBR129C,0.0007367419311776757
YMR250W,YKR095W-A,0.2020167112350464
YMR250W,YPR075C,1.6675880942784715e-07
YMR250W,YMR198W,1.016396618069848e-05
YMR250W,YOR127W,7.705853590778133e-07
YMR250W,YDR264C,0.009206016547977924
YMR250W,YLR110C,2.2411483779904984e-10
YMR250W,YDR379W,2.4684183586032304e-08
YMR250W,YDL100C,3.719338725893806e-10
YMR250W,YHR073W,0.0008366712718270719
YMR250W,YJR090C,5.103504372527823e-05
YMR250W,YOR208W,3.904673917531909e-09
YMR250W,YBR040W,0.02628284879028797
YMR250W,YNL279W,5.397732820711099e-06
YMR250W,YER075C,7.301488494704245e-06
YMR250W,YCR089W,0.0004993529291823506
YMR250W,YCR002C,0.04424342140555382
YMR250W,YJL108C,0.012181549333035946
YMR250W,YBR200W,1.4053141512704315e-06
YMR250W,YIL026C,1.544080835413908e-12
YMR250W,YJR076C,3.50350978806091e-06
YMR250W,YKR031C,0.0014240239979699254
YMR250W,YPL192C,1.535948172204371e-06
YMR250W,YHR107C,0.00015284294204320759
YMR250W,YIL037C,0.0665106475353241
YMR250W,YPL156C,0.03407768905162811
YMR250W,YIL117C,2.145660454866416e-10
YMR250W,YHR066W,3.7325310219930687e-20
YMR250W,YML085C,0.016221001744270325
YMR250W,YML047C,0.035670019686222076
YMR250W,YDR312W,0.5272465944290161
YMR250W,YFL037W,9.825943877994625e-12
YMR250W,YDL038C,0.2020167112350464
YMR250W,YDL039C,4.49690756854082e-10
YMR250W,YCL027W,0.005176367238163948
YMR250W,YML124C,5.8995990315224844e-09
YMR250W,YGL053W,2.9725424344206886e-09
YMR250W,YMR232W,0.011977806687355042
YMR250W,YNL298W,0.3791685402393341
YMR250W,YGL099W,1.6585333173206197e-19
YMR250W,YBL016W,1.0573071307362625e-07
YMR250W,YAL041W,0.007471802178770304
YMR250W,YDR085C,1.0995163393090479e-05
YMR250W,YPL187W,0.00028372209635563195
YMR250W,YPL256C,4.6967451764823656e-14
YMR250W,YDR461W,8.670532824703314e-13
YMR250W,YNL145W,1.702868758002296e-06
YKL154W,YDL165W,1.6714087905711494e-05
YKL154W,YGR059W,1.8314839644872905e-09
YKL154W,YBR109C,0.38400784134864807
YKL154W,YJL080C,0.00022963433002587408
YKL154W,YCR093W,0.5859759449958801
YKL154W,YIL122W,5.819721874550376e-13
YKL154W,YCL029C,8.792782474342786e-11
YKL154W,YNL173C,1.1925492815478833e-09
YKL154W,YLR452C,0.17481006681919098
YKL154W,YDL160C,1.0421553042760934e-06
YKL154W,YLR229C,9.074301487999037e-05
YKL154W,YML057W,3.135841371316283e-17
YKL154W,YER149C,3.3691608223307412e-06
YKL154W,YMR305C,0.0037102550268173218
YKL154W,YLR433C,1.9062121282331645e-05
YKL154W,YJL073W,1.512928844704664e-11
YKL154W,YGR279C,5.8070614613825455e-05
YKL154W,YKL190W,1.0336946854039297e-09
YKL154W,YGL089C,0.005649944767355919
YKL154W,YJL019W,6.280954403337091e-05
YKL154W,YJL018W,0.0011884679552167654
YKL154W,YNR032C-A,0.9600518941879272
YKL154W,YGL178W,5.791181423298042e-11
YKL154W,YKL116C,2.1364432507722624e-14
YKL154W,YDL214C,0.2123779058456421
YKL154W,YLR362W,6.400730612199368e-09
YKL154W,YER068W,2.2658160503397085e-07
YKL154W,YHR084W,5.081450638044771e-08
YKL154W,YDR392W,0.014395731501281261
YKL154W,YNL053W,3.4694525030687373e-09
YKL154W,YGR040W,0.04501033574342728
YKL154W,YDL216C,0.7080745697021484
YKL154W,YOL117W,2.021618872305453e-09
YKL154W,YJR086W,0.5597626566886902
YKL154W,YMR025W,1.5927703600482346e-08
YKL154W,YBR081C,5.478040748130297e-06
YKL154W,YFL026W,0.5962099432945251
YKL154W,YHL007C,1.1902605365321506e-05
YKL154W,YNR044W,0.17177648842334747
YKL154W,YNL271C,4.5541099780166405e-07
YKL154W,YDR200C,5.106980438540631e-07
YKL154W,YKL178C,5.026351246328886e-08
YKL154W,YOR212W,0.28863659501075745
YKL154W,YOL111C,2.3269829734439383e-14
YKL154W,YGL032C,0.0028186189010739326
YKL154W,YHR005C,0.00234625325538218
YKL154W,YDR103W,2.942508444903069e-06
YKL154W,YJR084W,5.989990281562996e-09
YKL154W,YCL032W,3.329335696022895e-10
YKL154W,YJL170C,2.1115370145707857e-06
YKL154W,YDR179C,3.15405346285047e-09
YKL154W,YBR095C,3.1923018468660302e-06
YKL154W,YLL021W,0.0014411493903025985
YKL154W,YDL159W,7.162468307342351e-08
YKL154W,YNL161W,0.21465778350830078
YKL154W,YNL188W,1.1974801054748241e-05
YKL154W,YJL157C,2.5867173292226653e-08
YKL154W,YJL034W,4.468732328621883e-11
YKL154W,YLR238W,6.438514537876472e-05
YKL154W,YPR141C,0.5641211867332458
YKL154W,YNL127W,0.9742546081542969
YKL154W,YCL055W,1.4465009371633641e-05
YKL154W,YPR122W,1.3196569852880202e-05
YKL154W,YMR065W,3.653427907424067e-11
YKL154W,YDR356W,0.009174359031021595
YKL154W,YMR052W,5.047789272794034e-06
YKL154W,YFR008W,7.87758391851412e-09
YKL154W,YLL043W,0.0005475651705637574
YKL154W,YMR029C,4.677732795244083e-05
YKL154W,YJR004C,2.8238517080225733e-10
YKL154W,YDL223C,4.9915899025021346e-21
YKL154W,YHR158C,9.527344809612259e-05
YKL154W,YGR238C,6.779444356157932e-14
YKL154W,YIL015W,0.49003109335899353
YKL154W,YGL173C,0.9937886595726013
YKL154W,YDL225W,1.368964717585186e-06
YKL154W,YLR330W,2.5593069330476226e-13
YKL154W,YBR129C,0.5283238887786865
YKL154W,YKR095W-A,0.2020167112350464
YKL154W,YPR075C,1.2955608807985186e-11
YKL154W,YMR198W,0.45242685079574585
YKL154W,YOR127W,1.2485170015896774e-11
YKL154W,YDR264C,0.0746631845831871
YKL154W,YLR110C,1.1054898152451642e-07
YKL154W,YDR379W,6.593337275262456e-06
YKL154W,YDL100C,7.948484039843606e-07
YKL154W,YHR073W,3.5030313938477775e-07
YKL154W,YJR090C,3.6379100265548914e-07
YKL154W,YOR208W,2.0095158870248042e-10
YKL154W,YBR040W,0.01873636804521084
YKL154W,YNL279W,4.503874038164213e-07
YKL154W,YER075C,0.0029322486370801926
YKL154W,YCR089W,0.023450490087270737
YKL154W,YCR002C,0.00042886531446129084
YKL154W,YJL108C,0.0003575457085389644
YKL154W,YBR200W,3.024860917300032e-11
YKL154W,YIL026C,1.1721748904847118e-08
YKL154W,YJR076C,1.2684286332387273e-07
YKL154W,YKR031C,4.196821919322247e-06
YKL154W,YPL192C,1.8274499780090991e-07
YKL154W,YHR107C,5.91415046073962e-05
YKL154W,YIL037C,0.01720539666712284
YKL154W,YPL156C,2.3661855808043697e-10
YKL154W,YIL117C,6.108586969588714e-09
YKL154W,YHR066W,2.932586551199753e-17
YKL154W,YML085C,0.001359119894914329
YKL154W,YML047C,0.9994749426841736
YKL154W,YDR312W,3.1840561405260814e-06
YKL154W,YFL037W,2.275687194241982e-09
YKL154W,YDL038C,0.2020167112350464
YKL154W,YDL039C,4.0167503811971983e-07
YKL154W,YCL027W,5.377309361676019e-11
YKL154W,YML124C,7.671561434108298e-06
YKL154W,YGL053W,2.1587318599358696e-09
YKL154W,YMR232W,5.511276768288553e-08
YKL154W,YNL298W,2.3421206307716602e-08
YKL154W,YGL099W,0.0001466289977543056
YKL154W,YBL016W,1.0095911884278053e-09
YKL154W,YAL041W,3.531913534970954e-07
YKL154W,YDR085C,6.058716896240046e-12
YKL154W,YPL187W,3.2057564935961125e-10
YKL154W,YPL256C,2.9868751880712807e-05
YKL154W,YDR461W,0.0015135867288336158
YKL154W,YNL145W,1.796928017938626e-06
tM(CAU)C,YDL165W,0.2020167112350464
tM(CAU)C,YGR059W,0.2020167112350464
tM(CAU)C,YBR109C,0.2020167112350464
tM(CAU)C,YJL080C,0.2020167112350464
tM(CAU)C,YCR093W,0.2020167112350464
tM(CAU)C,YIL122W,0.2020167112350464
tM(CAU)C,YCL029C,0.2020167112350464
tM(CAU)C,YNL173C,0.2020167112350464
tM(CAU)C,YLR452C,0.2020167112350464
tM(CAU)C,YDL160C,0.2020167112350464
tM(CAU)C,YLR229C,0.2020167112350464
tM(CAU)C,YML057W,0.2020167112350464
tM(CAU)C,YER149C,0.2020167112350464
tM(CAU)C,YMR305C,0.2020167112350464
tM(CAU)C,YLR433C,0.2020167112350464
tM(CAU)C,YJL073W,0.2020167112350464
tM(CAU)C,YGR279C,0.2020167112350464
tM(CAU)C,YKL190W,0.2020167112350464
tM(CAU)C,YGL089C,0.2020167112350464
tM(CAU)C,YJL019W,0.2020167112350464
tM(CAU)C,YJL018W,0.2020167112350464
tM(CAU)C,YNR032C-A,0.2020167112350464
tM(CAU)C,YGL178W,0.2020167112350464
tM(CAU)C,YKL116C,0.2020167112350464
tM(CAU)C,YDL214C,0.2020167112350464
tM(CAU)C,YLR362W,0.2020167112350464
tM(CAU)C,YER068W,0.2020167112350464
tM(CAU)C,YHR084W,0.2020167112350464
tM(CAU)C,YDR392W,0.2020167112350464
tM(CAU)C,YNL053W,0.2020167112350464
tM(CAU)C,YGR040W,0.2020167112350464
tM(CAU)C,YDL216C,0.2020167112350464
tM(CAU)C,YOL117W,0.2020167112350464
tM(CAU)C,YJR086W,0.2020167112350464
tM(CAU)C,YMR025W,0.2020167112350464
tM(CAU)C,YBR081C,0.2020167112350464
tM(CAU)C,YFL026W,0.2020167112350464
tM(CAU)C,YHL007C,0.2020167112350464
tM(CAU)C,YNR044W,0.2020167112350464
tM(CAU)C,YNL271C,0.2020167112350464
tM(CAU)C,YDR200C,0.2020167112350464
tM(CAU)C,YKL178C,0.2020167112350464
tM(CAU)C,YOR212W,0.2020167112350464
tM(CAU)C,YOL111C,0.2020167112350464
tM(CAU)C,YGL032C,0.2020167112350464
tM(CAU)C,YHR005C,0.2020167112350464
tM(CAU)C,YDR103W,0.2020167112350464
tM(CAU)C,YJR084W,0.2020167112350464
tM(CAU)C,YCL032W,0.2020167112350464
tM(CAU)C,YJL170C,0.2020167112350464
tM(CAU)C,YDR179C,0.2020167112350464
tM(CAU)C,YBR095C,0.2020167112350464
tM(CAU)C,YLL021W,0.2020167112350464
tM(CAU)C,YDL159W,0.2020167112350464
tM(CAU)C,YNL161W,0.2020167112350464
tM(CAU)C,YNL188W,0.2020167112350464
tM(CAU)C,YJL157C,0.2020167112350464
tM(CAU)C,YJL034W,0.2020167112350464
tM(CAU)C,YLR238W,0.2020167112350464
tM(CAU)C,YPR141C,0.2020167112350464
tM(CAU)C,YNL127W,0.2020167112350464
tM(CAU)C,YCL055W,0.2020167112350464
tM(CAU)C,YPR122W,0.2020167112350464
tM(CAU)C,YMR065W,0.2020167112350464
tM(CAU)C,YDR356W,0.2020167112350464
tM(CAU)C,YMR052W,0.2020167112350464
tM(CAU)C,YFR008W,0.2020167112350464
tM(CAU)C,YLL043W,0.2020167112350464
tM(CAU)C,YMR029C,0.2020167112350464
tM(CAU)C,YJR004C,0.2020167112350464
tM(CAU)C,YDL223C,0.2020167112350464
tM(CAU)C,YHR158C,0.2020167112350464
tM(CAU)C,YGR238C,0.2020167112350464
tM(CAU)C,YIL015W,0.2020167112350464
tM(CAU)C,YGL173C,0.2020167112350464
tM(CAU)C,YDL225W,0.2020167112350464
tM(CAU)C,YLR330W,0.2020167112350464
tM(CAU)C,YBR129C,0.2020167112350464
tM(CAU)C,YKR095W-A,0.2020167112350464
tM(CAU)C,YPR075C,0.2020167112350464
tM(CAU)C,YMR198W,0.2020167112350464
tM(CAU)C,YOR127W,0.2020167112350464
tM(CAU)C,YDR264C,0.2020167112350464
tM(CAU)C,YLR110C,0.2020167112350464
tM(CAU)C,YDR379W,0.2020167112350464
tM(CAU)C,YDL100C,0.2020167112350464
tM(CAU)C,YHR073W,0.2020167112350464
tM(CAU)C,YJR090C,0.2020167112350464
tM(CAU)C,YOR208W,0.2020167112350464
tM(CAU)C,YBR040W,0.2020167112350464
tM(CAU)C,YNL279W,0.2020167112350464
tM(CAU)C,YER075C,0.2020167112350464
tM(CAU)C,YCR089W,0.2020167112350464
tM(CAU)C,YCR002C,0.2020167112350464
tM(CAU)C,YJL108C,0.2020167112350464
tM(CAU)C,YBR200W,0.2020167112350464
tM(CAU)C,YIL026C,0.2020167112350464
tM(CAU)C,YJR076C,0.2020167112350464
tM(CAU)C,YKR031C,0.2020167112350464
tM(CAU)C,YPL192C,0.2020167112350464
tM(CAU)C,YHR107C,0.2020167112350464
tM(CAU)C,YIL037C,0.2020167112350464
tM(CAU)C,YPL156C,0.2020167112350464
tM(CAU)C,YIL117C,0.2020167112350464
tM(CAU)C,YHR066W,0.2020167112350464
tM(CAU)C,YML085C,0.2020167112350464
tM(CAU)C,YML047C,0.2020167112350464
tM(CAU)C,YDR312W,0.2020167112350464
tM(CAU)C,YFL037W,0.2020167112350464
tM(CAU)C,YDL038C,0.2020167112350464
tM(CAU)C,YDL039C,0.2020167112350464
tM(CAU)C,YCL027W,0.2020167112350464
tM(CAU)C,YML124C,0.2020167112350464
tM(CAU)C,YGL053W,0.2020167112350464
tM(CAU)C,YMR232W,0.2020167112350464
tM(CAU)C,YNL298W,0.2020167112350464
tM(CAU)C,YGL099W,0.2020167112350464
tM(CAU)C,YBL016W,0.2020167112350464
tM(CAU)C,YAL041W,0.2020167112350464
tM(CAU)C,YDR085C,0.2020167112350464
tM(CAU)C,YPL187W,0.2020167112350464
tM(CAU)C,YPL256C,0.2020167112350464
tM(CAU)C,YDR461W,0.2020167112350464
tM(CAU)C,YNL145W,0.2020167112350464
YCL014W,YDL165W,0.00278509221971035
YCL014W,YGR059W,3.653608655440621e-05
YCL014W,YBR109C,1.2248211334053849e-08
YCL014W,YJL080C,4.093727312692863e-08
YCL014W,YCR093W,6.217758397042417e-08
YCL014W,YIL122W,2.7839218930125753e-08
YCL014W,YCL029C,1.8004007870331407e-05
YCL014W,YNL173C,3.71357892353652e-12
YCL014W,YLR452C,0.0001506193948443979
YCL014W,YDL160C,1.386474878017907e-06
YCL014W,YLR229C,1.7538167099151458e-11
YCL014W,YML057W,1.5686083543187124e-09
YCL014W,YER149C,1.7473219315888855e-08
YCL014W,YMR305C,6.017980012984481e-06
YCL014W,YLR433C,7.802445907145739e-06
YCL014W,YJL073W,1.0269798622175585e-05
YCL014W,YGR279C,1.5785789342359635e-09
YCL014W,YKL190W,2.1849580207344843e-06
YCL014W,YGL089C,5.693482832713509e-16
YCL014W,YJL019W,4.2638635360134575e-16
YCL014W,YJL018W,0.000403899495722726
YCL014W,YNR032C-A,0.008122480474412441
YCL014W,YGL178W,9.6237204161298e-07
YCL014W,YKL116C,1.1374168025213294e-05
YCL014W,YDL214C,2.844613256058892e-08
YCL014W,YLR362W,1.0905675473793508e-08
YCL014W,YER068W,8.293724214347709e-12
YCL014W,YHR084W,0.1587764024734497
YCL014W,YDR392W,1.85537984975781e-08
YCL014W,YNL053W,8.093865855318683e-11
YCL014W,YGR040W,0.0008998719858936965
YCL014W,YDL216C,6.621632575587455e-09
YCL014W,YOL117W,1.7872000626084628e-06
YCL014W,YJR086W,0.2724151313304901
YCL014W,YMR025W,3.5633445521522644e-13
YCL014W,YBR081C,0.0042910147458314896
YCL014W,YFL026W,0.03465107083320618
YCL014W,YHL007C,5.24316817518411e-07
YCL014W,YNR044W,0.009574096649885178
YCL014W,YNL271C,5.1586798690550495e-06
YCL014W,YDR200C,3.497170553146134e-09
YCL014W,YKL178C,1.5340699088643717e-13
YCL014W,YOR212W,6.372824259415211e-07
YCL014W,YOL111C,5.567983976106916e-07
YCL014W,YGL032C,0.032659657299518585
YCL014W,YHR005C,5.126088442608534e-10
YCL014W,YDR103W,3.235821850466891e-07
YCL014W,YJR084W,0.4111013114452362
YCL014W,YCL032W,3.509051773112337e-12
YCL014W,YJL170C,2.3478694402001565e-06
YCL014W,YDR179C,1.2766822976573167e-07
YCL014W,YBR095C,4.833347588828474e-07
YCL014W,YLL021W,2.2093240431564354e-11
YCL014W,YDL159W,2.8712136834752044e-12
YCL014W,YNL161W,4.10213596424569e-09
YCL014W,YNL188W,4.7118301154114306e-05
YCL014W,YJL157C,2.6352463322609765e-08
YCL014W,YJL034W,1.0834330930391771e-16
YCL014W,YLR238W,2.1598571819936296e-08
YCL014W,YPR141C,1.024307185295073e-13
YCL014W,YNL127W,1.5094870391482848e-15
YCL014W,YCL055W,4.107815823606309e-11
YCL014W,YPR122W,5.661977411364205e-05
YCL014W,YMR065W,0.00023800873896107078
YCL014W,YDR356W,0.000428247032687068
YCL014W,YMR052W,0.5030296444892883
YCL014W,YFR008W,5.87739812374366e-08
YCL014W,YLL043W,1.3034782975207548e-10
YCL014W,YMR029C,1.1387744081048368e-09
YCL014W,YJR004C,9.328077047766892e-14
YCL014W,YDL223C,7.342462683863904e-13
YCL014W,YHR158C,4.4086687012168113e-07
YCL014W,YGR238C,0.00013948582636658102
YCL014W,YIL015W,0.9765401482582092
YCL014W,YGL173C,0.0005127161275595427
YCL014W,YDL225W,0.006345812696963549
YCL014W,YLR330W,6.281554269793599e-12
YCL014W,YBR129C,2.7170561807399185e-13
YCL014W,YKR095W-A,0.2020167112350464
YCL014W,YPR075C,7.763877079014492e-07
YCL014W,YMR198W,0.36685988306999207
YCL014W,YOR127W,5.840731276407496e-08
YCL014W,YDR264C,0.0002075236407108605
YCL014W,YLR110C,7.160342647694051e-07
YCL014W,YDR379W,1.0483272490091622e-05
YCL014W,YDL100C,1.577600353186237e-17
YCL014W,YHR073W,4.809948966899569e-11
YCL014W,YJR090C,1.0407793524791487e-05
YCL014W,YOR208W,2.7736932420459846e-15
YCL014W,YBR040W,0.9390604496002197
YCL014W,YNL279W,4.5869554014643654e-05
YCL014W,YER075C,4.0015034471693744e-13
YCL014W,YCR089W,5.1502407671932815e-08
YCL014W,YCR002C,3.984527818801098e-09
YCL014W,YJL108C,3.279320662841201e-05
YCL014W,YBR200W,2.1827704303322565e-13
YCL014W,YIL026C,2.485558417072986e-12
YCL014W,YJR076C,2.4602444526067302e-08
YCL014W,YKR031C,4.166641787151093e-08
YCL014W,YPL192C,0.0010531824082136154
YCL014W,YHR107C,1.4870398246102923e-08
YCL014W,YIL037C,4.559963997508021e-07
YCL014W,YPL156C,2.0820860299863853e-05
YCL014W,YIL117C,8.562742528916978e-12
YCL014W,YHR066W,2.035857593618573e-10
YCL014W,YML085C,1.264890784113959e-06
YCL014W,YML047C,0.17908237874507904
YCL014W,YDR312W,1.8231210560770705e-05
YCL014W,YFL037W,1.5645072437564522e-07
YCL014W,YDL038C,0.2020167112350464
YCL014W,YDL039C,2.0225290331410406e-09
YCL014W,YCL027W,3.000221295224037e-05
YCL014W,YML124C,3.895072353543583e-08
YCL014W,YGL053W,1.2973673246818862e-09
YCL014W,YMR232W,1.0169953768013329e-09
YCL014W,YNL298W,1.1294290743535385e-05
YCL014W,YGL099W,2.1066783517653676e-07
YCL014W,YBL016W,2.0341076378826983e-05
YCL014W,YAL041W,1.0351935975094761e-10
YCL014W,YDR085C,4.517310081553205e-09
YCL014W,YPL187W,0.9994723200798035
YCL014W,YPL256C,1.9567359288430453e-08
YCL014W,YDR461W,2.1405820007203147e-05
YCL014W,YNL145W,4.5088590638897585e-08
YOR371C,YDL165W,0.015128596685826778
YOR371C,YGR059W,1.6485950382616466e-08
YOR371C,YBR109C,0.024253804236650467
YOR371C,YJL080C,5.834935867810032e-10
YOR371C,YCR093W,3.375862434040755e-05
YOR371C,YIL122W,5.284003350425337e-07
YOR371C,YCL029C,4.251203336025355e-06
YOR371C,YNL173C,1.0857027277211273e-08
YOR371C,YLR452C,0.0004835239960812032
YOR371C,YDL160C,1.6025849536305259e-09
YOR371C,YLR229C,2.1445153834065422e-05
YOR371C,YML057W,3.2172320392990096e-16
YOR371C,YER149C,8.388667083636392e-06
YOR371C,YMR305C,0.0008342376095242798
YOR371C,YLR433C,0.0006328687304630876
YOR371C,YJL073W,8.34749699918369e-11
YOR371C,YGR279C,2.585453330539167e-05
YOR371C,YKL190W,8.091435965695837e-09
YOR371C,YGL089C,4.864584752795054e-06
YOR371C,YJL019W,0.0008493977948091924
YOR371C,YJL018W,0.0003762567648664117
YOR371C,YNR032C-A,0.022919202223420143
YOR371C,YGL178W,1.2061631693427444e-08
YOR371C,YKL116C,5.207129622234949e-14
YOR371C,YDL214C,5.208302122916564e-10
YOR371C,YLR362W,1.0690721311684692e-12
YOR371C,YER068W,0.0005454133497551084
YOR371C,YHR084W,0.5361924767494202
YOR371C,YDR392W,0.2575567364692688
YOR371C,YNL053W,9.164138646156061e-06
YOR371C,YGR040W,1.781453846660952e-07
YOR371C,YDL216C,2.7336243491049572e-08
YOR371C,YOL117W,1.6174578121308514e-08
YOR371C,YJR086W,0.030962776392698288
YOR371C,YMR025W,0.009968208149075508
YOR371C,YBR081C,0.00010170690802624449
YOR371C,YFL026W,5.145776867720997e-06
YOR371C,YHL007C,4.615702042798375e-09
YOR371C,YNR044W,0.0001336595305474475
YOR371C,YNL271C,0.5482698678970337
YOR371C,YDR200C,1.0065518836199772e-06
YOR371C,YKL178C,6.453159784314266e-09
YOR371C,YOR212W,1.19190897623423e-15
YOR371C,YOL111C,3.8296315000334994e-17
YOR371C,YGL032C,0.0007197695667855442
YOR371C,YHR005C,1.6795919464129838e-06
YOR371C,YDR103W,2.2778711183946143e-07
YOR371C,YJR084W,3.9051968769854284e-08
YOR371C,YCL032W,6.338334301858595e-09
YOR371C,YJL170C,8.019409278858802e-07
YOR371C,YDR179C,1.774683178190628e-11
YOR371C,YBR095C,1.1703522432071622e-05
YOR371C,YLL021W,3.719198504725796e-09
YOR371C,YDL159W,0.0004436056187842041
YOR371C,YNL161W,4.0043097310205056e-11
YOR371C,YNL188W,6.875597672857756e-15
YOR371C,YJL157C,8.379904770094981e-09
YOR371C,YJL034W,3.8029513566018025e-11
YOR371C,YLR238W,3.167873430243162e-08
YOR371C,YPR141C,1.0949486650702056e-08
YOR371C,YNL127W,4.1059729483095e-06
YOR371C,YCL055W,1.840787081164308e-05
YOR371C,YPR122W,0.000615398574154824
YOR371C,YMR065W,0.00012495051487348974
YOR371C,YDR356W,1.820199824198454e-10
YOR371C,YMR052W,4.637031815946102e-05
YOR371C,YFR008W,3.041113368074111e-13
YOR371C,YLL043W,4.724648405840526e-08
YOR371C,YMR029C,8.895658432095388e-09
YOR371C,YJR004C,1.1128355875689167e-10
YOR371C,YDL223C,9.947221935036055e-10
YOR371C,YHR158C,9.402625344989701e-09
YOR371C,YGR238C,2.7375371934590387e-12
YOR371C,YIL015W,0.00026386199169792235
YOR371C,YGL173C,9.116180876844737e-07
YOR371C,YDL225W,1.0583811445030733e-06
YOR371C,YLR330W,3.67020216301972e-12
YOR371C,YBR129C,1.636197566323716e-10
YOR371C,YKR095W-A,0.2020167112350464
YOR371C,YPR075C,2.053890568731731e-08
YOR371C,YMR198W,2.7427045097283553e-06
YOR371C,YOR127W,4.250632901214857e-10
YOR371C,YDR264C,1.376031377731124e-07
YOR371C,YLR110C,0.00011737657041521743
YOR371C,YDR379W,1.9472513486107346e-06
YOR371C,YDL100C,1.2044613129091886e-07
YOR371C,YHR073W,3.265220593906548e-10
YOR371C,YJR090C,1.7736315194305519e-10
YOR371C,YOR208W,1.5721035855498916e-13
YOR371C,YBR040W,1.2962338147293195e-10
YOR371C,YNL279W,0.004545030649751425
YOR371C,YER075C,1.389044018695884e-10
YOR371C,YCR089W,2.0568502350215567e-06
YOR371C,YCR002C,0.43243730068206787
YOR371C,YJL108C,5.447434432426235e-06
YOR371C,YBR200W,9.175291602880886e-12
YOR371C,YIL026C,0.8703433871269226
YOR371C,YJR076C,1.3588882074862756e-16
YOR371C,YKR031C,4.412556986466143e-09
YOR371C,YPL192C,1.3246332850047615e-11
YOR371C,YHR107C,4.3823517037466786e-10
YOR371C,YIL037C,1.9125105609418824e-05
YOR371C,YPL156C,4.309493306209333e-05
YOR371C,YIL117C,4.7094435018379954e-08
YOR371C,YHR066W,1.5870060121733406e-15
YOR371C,YML085C,0.0007574022747576237
YOR371C,YML047C,9.91642963299455e-08
YOR371C,YDR312W,1.484948622398896e-11
YOR371C,YFL037W,0.21369601786136627
YOR371C,YDL038C,0.2020167112350464
YOR371C,YDL039C,4.0165752126196386e-13
YOR371C,YCL027W,2.025127976423846e-08
YOR371C,YML124C,5.338715691749485e-09
YOR371C,YGL053W,1.917039980980917e-06
YOR371C,YMR232W,0.0020588766783475876
YOR371C,YNL298W,0.0029231577645987272
YOR371C,YGL099W,5.562100259537406e-13
YOR371C,YBL016W,0.0010031353449448943
YOR371C,YAL041W,2.1215793566398133e-08
YOR371C,YDR085C,3.0455810701823793e-05
YOR371C,YPL187W,0.003691125428304076
YOR371C,YPL256C,7.691391510888934e-05
YOR371C,YDR461W,0.008426816202700138
YOR371C,YNL145W,4.328015029697596e-11
tH(GUG)G2,YDL165W,0.2020167112350464
tH(GUG)G2,YGR059W,0.2020167112350464
tH(GUG)G2,YBR109C,0.2020167112350464
tH(GUG)G2,YJL080C,0.2020167112350464
tH(GUG)G2,YCR093W,0.2020167112350464
tH(GUG)G2,YIL122W,0.2020167112350464
tH(GUG)G2,YCL029C,0.2020167112350464
tH(GUG)G2,YNL173C,0.2020167112350464
tH(GUG)G2,YLR452C,0.2020167112350464
tH(GUG)G2,YDL160C,0.2020167112350464
tH(GUG)G2,YLR229C,0.2020167112350464
tH(GUG)G2,YML057W,0.2020167112350464
tH(GUG)G2,YER149C,0.2020167112350464
tH(GUG)G2,YMR305C,0.2020167112350464
tH(GUG)G2,YLR433C,0.2020167112350464
tH(GUG)G2,YJL073W,0.2020167112350464
tH(GUG)G2,YGR279C,0.2020167112350464
tH(GUG)G2,YKL190W,0.2020167112350464
tH(GUG)G2,YGL089C,0.2020167112350464
tH(GUG)G2,YJL019W,0.2020167112350464
tH(GUG)G2,YJL018W,0.2020167112350464
tH(GUG)G2,YNR032C-A,0.2020167112350464
tH(GUG)G2,YGL178W,0.2020167112350464
tH(GUG)G2,YKL116C,0.2020167112350464
tH(GUG)G2,YDL214C,0.2020167112350464
tH(GUG)G2,YLR362W,0.2020167112350464
tH(GUG)G2,YER068W,0.2020167112350464
tH(GUG)G2,YHR084W,0.2020167112350464
tH(GUG)G2,YDR392W,0.2020167112350464
tH(GUG)G2,YNL053W,0.2020167112350464
tH(GUG)G2,YGR040W,0.2020167112350464
tH(GUG)G2,YDL216C,0.2020167112350464
tH(GUG)G2,YOL117W,0.2020167112350464
tH(GUG)G2,YJR086W,0.2020167112350464
tH(GUG)G2,YMR025W,0.2020167112350464
tH(GUG)G2,YBR081C,0.2020167112350464
tH(GUG)G2,YFL026W,0.2020167112350464
tH(GUG)G2,YHL007C,0.2020167112350464
tH(GUG)G2,YNR044W,0.2020167112350464
tH(GUG)G2,YNL271C,0.2020167112350464
tH(GUG)G2,YDR200C,0.2020167112350464
tH(GUG)G2,YKL178C,0.2020167112350464
tH(GUG)G2,YOR212W,0.2020167112350464
tH(GUG)G2,YOL111C,0.2020167112350464
tH(GUG)G2,YGL032C,0.2020167112350464
tH(GUG)G2,YHR005C,0.2020167112350464
tH(GUG)G2,YDR103W,0.2020167112350464
tH(GUG)G2,YJR084W,0.2020167112350464
tH(GUG)G2,YCL032W,0.2020167112350464
tH(GUG)G2,YJL170C,0.2020167112350464
tH(GUG)G2,YDR179C,0.2020167112350464
tH(GUG)G2,YBR095C,0.2020167112350464
tH(GUG)G2,YLL021W,0.2020167112350464
tH(GUG)G2,YDL159W,0.2020167112350464
tH(GUG)G2,YNL161W,0.2020167112350464
tH(GUG)G2,YNL188W,0.2020167112350464
tH(GUG)G2,YJL157C,0.2020167112350464
tH(GUG)G2,YJL034W,0.2020167112350464
tH(GUG)G2,YLR238W,0.2020167112350464
tH(GUG)G2,YPR141C,0.2020167112350464
tH(GUG)G2,YNL127W,0.2020167112350464
tH(GUG)G2,YCL055W,0.2020167112350464
tH(GUG)G2,YPR122W,0.2020167112350464
tH(GUG)G2,YMR065W,0.2020167112350464
tH(GUG)G2,YDR356W,0.2020167112350464
tH(GUG)G2,YMR052W,0.2020167112350464
tH(GUG)G2,YFR008W,0.2020167112350464
tH(GUG)G2,YLL043W,0.2020167112350464
tH(GUG)G2,YMR029C,0.2020167112350464
tH(GUG)G2,YJR004C,0.2020167112350464
tH(GUG)G2,YDL223C,0.2020167112350464
tH(GUG)G2,YHR158C,0.2020167112350464
tH(GUG)G2,YGR238C,0.2020167112350464
tH(GUG)G2,YIL015W,0.2020167112350464
tH(GUG)G2,YGL173C,0.2020167112350464
tH(GUG)G2,YDL225W,0.2020167112350464
tH(GUG)G2,YLR330W,0.2020167112350464
tH(GUG)G2,YBR129C,0.2020167112350464
tH(GUG)G2,YKR095W-A,0.2020167112350464
tH(GUG)G2,YPR075C,0.2020167112350464
tH(GUG)G2,YMR198W,0.2020167112350464
tH(GUG)G2,YOR127W,0.2020167112350464
tH(GUG)G2,YDR264C,0.2020167112350464
tH(GUG)G2,YLR110C,0.2020167112350464
tH(GUG)G2,YDR379W,0.2020167112350464
tH(GUG)G2,YDL100C,0.2020167112350464
tH(GUG)G2,YHR073W,0.2020167112350464
tH(GUG)G2,YJR090C,0.2020167112350464
tH(GUG)G2,YOR208W,0.2020167112350464
tH(GUG)G2,YBR040W,0.2020167112350464
tH(GUG)G2,YNL279W,0.2020167112350464
tH(GUG)G2,YER075C,0.2020167112350464
tH(GUG)G2,YCR089W,0.2020167112350464
tH(GUG)G2,YCR002C,0.2020167112350464
tH(GUG)G2,YJL108C,0.2020167112350464
tH(GUG)G2,YBR200W,0.2020167112350464
tH(GUG)G2,YIL026C,0.2020167112350464
tH(GUG)G2,YJR076C,0.2020167112350464
tH(GUG)G2,YKR031C,0.2020167112350464
tH(GUG)G2,YPL192C,0.2020167112350464
tH(GUG)G2,YHR107C,0.2020167112350464
tH(GUG)G2,YIL037C,0.2020167112350464
tH(GUG)G2,YPL156C,0.2020167112350464
tH(GUG)G2,YIL117C,0.2020167112350464
tH(GUG)G2,YHR066W,0.2020167112350464
tH(GUG)G2,YML085C,0.2020167112350464
tH(GUG)G2,YML047C,0.2020167112350464
tH(GUG)G2,YDR312W,0.2020167112350464
tH(GUG)G2,YFL037W,0.2020167112350464
tH(GUG)G2,YDL038C,0.2020167112350464
tH(GUG)G2,YDL039C,0.2020167112350464
tH(GUG)G2,YCL027W,0.2020167112350464
tH(GUG)G2,YML124C,0.2020167112350464
tH(GUG)G2,YGL053W,0.2020167112350464
tH(GUG)G2,YMR232W,0.2020167112350464
tH(GUG)G2,YNL298W,0.2020167112350464
tH(GUG)G2,YGL099W,0.2020167112350464
tH(GUG)G2,YBL016W,0.2020167112350464
tH(GUG)G2,YAL041W,0.2020167112350464
tH(GUG)G2,YDR085C,0.2020167112350464
tH(GUG)G2,YPL187W,0.2020167112350464
tH(GUG)G2,YPL256C,0.2020167112350464
tH(GUG)G2,YDR461W,0.2020167112350464
tH(GUG)G2,YNL145W,0.2020167112350464
YML098W,YDL165W,5.0550596597531694e-08
YML098W,YGR059W,1.7231424862984568e-05
YML098W,YBR109C,1.631203485885635e-05
YML098W,YJL080C,1.2040707986216148e-07
YML098W,YCR093W,1.7803242826630594e-06
YML098W,YIL122W,2.1173555964093538e-11
YML098W,YCL029C,1.876654920351939e-07
YML098W,YNL173C,5.949432502205809e-09
YML098W,YLR452C,1.2545688099496743e-10
YML098W,YDL160C,7.329128948185826e-06
YML098W,YLR229C,1.431195778422989e-05
YML098W,YML057W,1.1590070236877636e-08
YML098W,YER149C,3.180734842178623e-11
YML098W,YMR305C,0.0038260826840996742
YML098W,YLR433C,2.0641216735839407e-07
YML098W,YJL073W,1.026109613944115e-10
YML098W,YGR279C,3.000243964379479e-08
YML098W,YKL190W,2.0370832132243777e-08
YML098W,YGL089C,2.9658808742283327e-10
YML098W,YJL019W,1.0797529320302757e-12
YML098W,YJL018W,0.022322814911603928
YML098W,YNR032C-A,0.36136382818222046
YML098W,YGL178W,0.6770374774932861
YML098W,YKL116C,0.046728335320949554
YML098W,YDL214C,1.9495822733972545e-09
YML098W,YLR362W,3.819775429292349e-06
YML098W,YER068W,5.26943135190105e-15
YML098W,YHR084W,1.0549548040694745e-10
YML098W,YDR392W,6.811572833553825e-11
YML098W,YNL053W,8.497538601659471e-07
YML098W,YGR040W,1.0396219302100107e-10
YML098W,YDL216C,0.0005053654895164073
YML098W,YOL117W,8.465572705063096e-07
YML098W,YJR086W,2.692155248951167e-06
YML098W,YMR025W,7.817878213245422e-06
YML098W,YBR081C,0.0010847605299204588
YML098W,YFL026W,3.863000301862485e-07
YML098W,YHL007C,1.4178983747115126e-06
YML098W,YNR044W,1.3057102621338856e-10
YML098W,YNL271C,1.7833279343903996e-05
YML098W,YDR200C,3.984996604618554e-14
YML098W,YKL178C,0.00013015983859077096
YML098W,YOR212W,2.6669183625926962e-06
YML098W,YOL111C,2.4290818245731316e-09
YML098W,YGL032C,2.8517108603409724e-06
YML098W,YHR005C,2.594601937744301e-06
YML098W,YDR103W,8.897404040908441e-05
YML098W,YJR084W,5.878187948837876e-05
YML098W,YCL032W,2.4063178533095808e-11
YML098W,YJL170C,2.899025730584981e-08
YML098W,YDR179C,3.825560094400382e-12
YML098W,YBR095C,2.519817037319183e-12
YML098W,YLL021W,1.2564480300625291e-07
YML098W,YDL159W,1.557964424137026e-08
YML098W,YNL161W,5.961055080661026e-07
YML098W,YNL188W,1.275925198829242e-11
YML098W,YJL157C,1.808277374948375e-06
YML098W,YJL034W,1.582727264803907e-07
YML098W,YLR238W,1.2340130002910787e-12
YML098W,YPR141C,1.518467816763458e-11
YML098W,YNL127W,1.1077926842517627e-07
YML098W,YCL055W,1.7525240991744795e-06
YML098W,YPR122W,3.6347404375192127e-07
YML098W,YMR065W,9.696545788528965e-09
YML098W,YDR356W,9.767083611222915e-06
YML098W,YMR052W,8.457048352283891e-06
YML098W,YFR008W,6.579466971246006e-10
YML098W,YLL043W,1.0244098104517096e-11
YML098W,YMR029C,4.812630849393429e-10
YML098W,YJR004C,2.5878472698082078e-08
YML098W,YDL223C,5.429842713056132e-05
YML098W,YHR158C,3.828452832532747e-11
YML098W,YGR238C,1.124285859077645e-06
YML098W,YIL015W,3.715771163115278e-05
YML098W,YGL173C,5.938516551395878e-06
YML098W,YDL225W,1.758549039720947e-08
YML098W,YLR330W,1.3067646194731691e-13
YML098W,YBR129C,3.871611625072546e-06
YML098W,YKR095W-A,0.2020167112350464
YML098W,YPR075C,1.4266461623169135e-10
YML098W,YMR198W,0.11356115341186523
YML098W,YOR127W,2.738589910400435e-10
YML098W,YDR264C,1.5109700157722727e-08
YML098W,YLR110C,0.00019880991021636873
YML098W,YDR379W,0.05166197195649147
YML098W,YDL100C,9.38131734073977e-07
YML098W,YHR073W,5.99942495682626e-06
YML098W,YJR090C,8.445213950381003e-08
YML098W,YOR208W,7.454595873923608e-08
YML098W,YBR040W,0.00021543732145801187
YML098W,YNL279W,9.977310355679947e-08
YML098W,YER075C,4.3897318505875527e-13
YML098W,YCR089W,0.0003769383765757084
YML098W,YCR002C,2.4064206627372187e-07
YML098W,YJL108C,9.475745173403993e-05
YML098W,YBR200W,6.917279904428142e-08
YML098W,YIL026C,4.63488092350417e-09
YML098W,YJR076C,4.332945372669591e-15
YML098W,YKR031C,1.2614858860615641e-05
YML098W,YPL192C,0.012184171937406063
YML098W,YHR107C,5.019035412722172e-18
YML098W,YIL037C,3.876081962062017e-07
YML098W,YPL156C,2.217177836882911e-07
YML098W,YIL117C,0.00138681975658983
YML098W,YHR066W,9.08732772586518e-07
YML098W,YML085C,8.201877510494171e-10
YML098W,YML047C,0.0024339361116290092
YML098W,YDR312W,1.7445295208418088e-10
YML098W,YFL037W,0.001021907664835453
YML098W,YDL038C,0.2020167112350464
YML098W,YDL039C,2.858344450018535e-09
YML098W,YCL027W,0.0010034770239144564
YML098W,YML124C,2.041115215213607e-13
YML098W,YGL053W,4.2528327526270004e-09
YML098W,YMR232W,1.0582332834019326e-05
YML098W,YNL298W,0.002658240031450987
YML098W,YGL099W,1.7724189567586856e-16
YML098W,YBL016W,0.8722901940345764
YML098W,YAL041W,2.4372487361645767e-10
YML098W,YDR085C,1.818153577914927e-05
YML098W,YPL187W,0.010268785990774632
YML098W,YPL256C,3.898913636390944e-09
YML098W,YDR461W,1.7690002566093932e-13
YML098W,YNL145W,8.047755351014985e-09
YNR038W,YDL165W,1.74089364008978e-05
YNR038W,YGR059W,2.666590489752707e-06
YNR038W,YBR109C,2.1500953906183895e-08
YNR038W,YJL080C,4.456371627270528e-08
YNR038W,YCR093W,0.9995562434196472
YNR038W,YIL122W,5.094943844596855e-06
YNR038W,YCL029C,6.69827113597421e-06
YNR038W,YNL173C,1.0638216788603008e-13
YNR038W,YLR452C,0.0007869922555983067
YNR038W,YDL160C,1.9035974185843685e-11
YNR038W,YLR229C,1.4808347881256623e-09
YNR038W,YML057W,1.1279985192430564e-12
YNR038W,YER149C,4.410292149259476e-07
YNR038W,YMR305C,4.633187472791178e-06
YNR038W,YLR433C,2.054435199738691e-08
YNR038W,YJL073W,5.017313786659372e-10
YNR038W,YGR279C,8.88631132340653e-17
YNR038W,YKL190W,3.6304335537806764e-08
YNR038W,YGL089C,0.0047017429023981094
YNR038W,YJL019W,1.7732650632636539e-15
YNR038W,YJL018W,0.00012617127504199743
YNR038W,YNR032C-A,0.04403850808739662
YNR038W,YGL178W,1.3113437473486617e-13
YNR038W,YKL116C,6.095672577810518e-11
YNR038W,YDL214C,0.17053872346878052
YNR038W,YLR362W,4.4795997423616174e-13
YNR038W,YER068W,2.671257881559086e-08
YNR038W,YHR084W,1.64489732945583e-09
YNR038W,YDR392W,1.2947555354247964e-11
YNR038W,YNL053W,8.572946535423398e-05
YNR038W,YGR040W,0.001888980157673359
YNR038W,YDL216C,2.83062007611079e-07
YNR038W,YOL117W,1.4142451099097286e-11
YNR038W,YJR086W,3.79427724794823e-08
YNR038W,YMR025W,2.387764368450007e-07
YNR038W,YBR081C,0.02208838425576687
YNR038W,YFL026W,0.9468845129013062
YNR038W,YHL007C,1.1632741211270448e-13
YNR038W,YNR044W,0.17892096936702728
YNR038W,YNL271C,0.0002568584750406444
YNR038W,YDR200C,1.7892840765362575e-19
YNR038W,YKL178C,1.2860783549228927e-09
YNR038W,YOR212W,1.2911365227831484e-13
YNR038W,YOL111C,1.0546027939817293e-10
YNR038W,YGL032C,8.88928298081737e-06
YNR038W,YHR005C,0.00041371994302608073
YNR038W,YDR103W,0.025582272559404373
YNR038W,YJR084W,1.2505498372950008e-11
YNR038W,YCL032W,7.586588139929518e-07
YNR038W,YJL170C,7.584705308261164e-09
YNR038W,YDR179C,3.319090607824954e-13
YNR038W,YBR095C,7.793113036314026e-05
YNR038W,YLL021W,6.97437219088215e-10
YNR038W,YDL159W,9.203340173291608e-11
YNR038W,YNL161W,6.036759980787565e-10
YNR038W,YNL188W,7.162928019818771e-13
YNR038W,YJL157C,2.7153843618066276e-08
YNR038W,YJL034W,1.389282926007312e-17
YNR038W,YLR238W,3.5757786065460095e-08
YNR038W,YPR141C,3.270398535315522e-11
YNR038W,YNL127W,0.003837092313915491
YNR038W,YCL055W,0.03730408102273941
YNR038W,YPR122W,9.163195500150323e-05
YNR038W,YMR065W,1.8559448733412864e-07
YNR038W,YDR356W,5.28910509139946e-12
YNR038W,YMR052W,0.9990178346633911
YNR038W,YFR008W,4.682374488140795e-09
YNR038W,YLL043W,0.0001329705264652148
YNR038W,YMR029C,2.7134537958772853e-06
YNR038W,YJR004C,1.639609142900511e-10
YNR038W,YDL223C,1.8111807192910945e-11
YNR038W,YHR158C,1.538126525701955e-05
YNR038W,YGR238C,8.055787148464333e-09
YNR038W,YIL015W,0.9420120716094971
YNR038W,YGL173C,0.0021624763030558825
YNR038W,YDL225W,2.189423121967682e-11
YNR038W,YLR330W,7.535618027336042e-17
YNR038W,YBR129C,0.44084423780441284
YNR038W,YKR095W-A,0.2020167112350464
YNR038W,YPR075C,3.7063772190260025e-11
YNR038W,YMR198W,2.9688718931192293e-12
YNR038W,YOR127W,1.4780265701119788e-05
YNR038W,YDR264C,0.03058331459760666
YNR038W,YLR110C,0.5221197009086609
YNR038W,YDR379W,8.550265495621545e-10
YNR038W,YDL100C,2.114492358984421e-09
YNR038W,YHR073W,1.716875530632933e-08
YNR038W,YJR090C,1.9714401738559406e-15
YNR038W,YOR208W,0.1069774255156517
YNR038W,YBR040W,4.24082281824667e-05
YNR038W,YNL279W,0.007872475311160088
YNR038W,YER075C,0.05772190913558006
YNR038W,YCR089W,1.1163518820467289e-06
YNR038W,YCR002C,6.070434892535559e-07
YNR038W,YJL108C,9.597135885996977e-08
YNR038W,YBR200W,1.6465254927175953e-14
YNR038W,YIL026C,4.933733976919541e-11
YNR038W,YJR076C,4.096766303973709e-08
YNR038W,YKR031C,1.58574295028302e-07
YNR038W,YPL192C,2.2009859094396234e-05
YNR038W,YHR107C,1.0007023121261227e-07
YNR038W,YIL037C,0.8379602432250977
YNR038W,YPL156C,0.9833629131317139
YNR038W,YIL117C,3.9822385588195175e-05
YNR038W,YHR066W,1.0157949578284156e-21
YNR038W,YML085C,1.326718179761599e-09
YNR038W,YML047C,0.5892771482467651
YNR038W,YDR312W,6.383924483088776e-05
YNR038W,YFL037W,1.8288953684830744e-11
YNR038W,YDL038C,0.2020167112350464
YNR038W,YDL039C,5.039411110629999e-10
YNR038W,YCL027W,0.004861076828092337
YNR038W,YML124C,9.308131454738126e-15
YNR038W,YGL053W,5.4285138162413205e-08
YNR038W,YMR232W,8.298129250761122e-05
YNR038W,YNL298W,1.2855726708949078e-05
YNR038W,YGL099W,3.2674863452409296e-15
YNR038W,YBL016W,1.50925261177548e-09
YNR038W,YAL041W,1.4071499663259601e-06
YNR038W,YDR085C,1.7390088258295577e-09
YNR038W,YPL187W,0.00019647972658276558
YNR038W,YPL256C,2.592788324265574e-19
YNR038W,YDR461W,0.00029974119388498366
YNR038W,YNL145W,1.7297586973885615e-10
YOR301W,YDL165W,0.5448238849639893
YOR301W,YGR059W,6.12855103554466e-07
YOR301W,YBR109C,2.1437684526864897e-12
YOR301W,YJL080C,1.7805936295189895e-05
YOR301W,YCR093W,1.47237291803215e-11
YOR301W,YIL122W,1.066753793566022e-05
YOR301W,YCL029C,0.0004292344383429736
YOR301W,YNL173C,2.0880656848021317e-06
YOR301W,YLR452C,0.47560203075408936
YOR301W,YDL160C,5.8348298637156404e-08
YOR301W,YLR229C,5.708230763068478e-11
YOR301W,YML057W,1.874244093258426e-09
YOR301W,YER149C,0.000247084884904325
YOR301W,YMR305C,2.61548279922863e-07
YOR301W,YLR433C,7.659150287508965e-05
YOR301W,YJL073W,9.245385257372618e-08
YOR301W,YGR279C,1.5578498213653091e-10
YOR301W,YKL190W,1.2191107678916069e-08
YOR301W,YGL089C,4.305829406803241e-06
YOR301W,YJL019W,0.0059075732715427876
YOR301W,YJL018W,0.001084008952602744
YOR301W,YNR032C-A,0.0012957606231793761
YOR301W,YGL178W,0.00013388466322794557
YOR301W,YKL116C,4.694733046761712e-09
YOR301W,YDL214C,0.0019240471301600337
YOR301W,YLR362W,0.001556416042149067
YOR301W,YER068W,0.004083428531885147
YOR301W,YHR084W,0.0003197899495717138
YOR301W,YDR392W,1.6811139147421272e-08
YOR301W,YNL053W,8.503658222025479e-09
YOR301W,YGR040W,7.298665144483962e-12
YOR301W,YDL216C,9.206515096593648e-05
YOR301W,YOL117W,6.344784253542457e-08
YOR301W,YJR086W,0.0004525601689238101
YOR301W,YMR025W,5.506891739059938e-06
YOR301W,YBR081C,1.88327433647828e-07
YOR301W,YFL026W,1.4791226021770854e-07
YOR301W,YHL007C,1.2913992577523459e-06
YOR301W,YNR044W,0.07272166013717651
YOR301W,YNL271C,3.658628244807005e-08
YOR301W,YDR200C,0.004086146131157875
YOR301W,YKL178C,0.0009418672998435795
YOR301W,YOR212W,2.266562842123676e-05
YOR301W,YOL111C,6.83670351234178e-12
YOR301W,YGL032C,2.0361554456393982e-11
YOR301W,YHR005C,0.0003356143133714795
YOR301W,YDR103W,9.379652965435525e-07
YOR301W,YJR084W,5.7737747027886144e-08
YOR301W,YCL032W,9.507814866083208e-06
YOR301W,YJL170C,0.020002324134111404
YOR301W,YDR179C,5.962064619779994e-09
YOR301W,YBR095C,3.2139321319846204e-06
YOR301W,YLL021W,0.017598526552319527
YOR301W,YDL159W,1.861739384878547e-08
YOR301W,YNL161W,1.1678098488232536e-08
YOR301W,YNL188W,1.3175365243256465e-09
YOR301W,YJL157C,0.00029345229268074036
YOR301W,YJL034W,2.2440335811779732e-08
YOR301W,YLR238W,0.00018105641356669366
YOR301W,YPR141C,1.9823242780603323e-07
YOR301W,YNL127W,2.8169042209924555e-08
YOR301W,YCL055W,2.5216664653271437e-05
YOR301W,YPR122W,2.391759608144639e-07
YOR301W,YMR065W,6.914273399161175e-05
YOR301W,YDR356W,0.00029074514168314636
YOR301W,YMR052W,0.00024759850930422544
YOR301W,YFR008W,1.1377533155609854e-06
YOR301W,YLL043W,0.00022037047892808914
YOR301W,YMR029C,3.961289394283085e-07
YOR301W,YJR004C,2.5772484150365926e-05
YOR301W,YDL223C,8.400039774869583e-08
YOR301W,YHR158C,5.842778705300589e-09
YOR301W,YGR238C,0.0001484938693465665
YOR301W,YIL015W,0.9436032176017761
YOR301W,YGL173C,1.2780149334645774e-11
YOR301W,YDL225W,3.6137501524535764e-07
YOR301W,YLR330W,0.9993044137954712
YOR301W,YBR129C,0.0003037294081877917
YOR301W,YKR095W-A,0.2020167112350464
YOR301W,YPR075C,9.911342857549243e-08
YOR301W,YMR198W,0.9996471405029297
YOR301W,YOR127W,3.997304570679816e-11
YOR301W,YDR264C,1.0407418199812057e-12
YOR301W,YLR110C,8.713941894444854e-12
YOR301W,YDR379W,0.19271701574325562
YOR301W,YDL100C,8.637237036701606e-10
YOR301W,YHR073W,2.0189187210917225e-08
YOR301W,YJR090C,1.7204583027327636e-12
YOR301W,YOR208W,2.8584364031303267e-07
YOR301W,YBR040W,0.5471288561820984
YOR301W,YNL279W,0.001164327608421445
YOR301W,YER075C,3.624522264544794e-07
YOR301W,YCR089W,0.00034056813456118107
YOR301W,YCR002C,1.5359194222453604e-14
YOR301W,YJL108C,1.2812208183277107e-07
YOR301W,YBR200W,7.483846875544486e-11
YOR301W,YIL026C,8.823442670946591e-11
YOR301W,YJR076C,3.0506562325172126e-05
YOR301W,YKR031C,8.781906217336655e-05
YOR301W,YPL192C,0.06737484782934189
YOR301W,YHR107C,4.572921596945889e-09
YOR301W,YIL037C,1.6677948622145777e-07
YOR301W,YPL156C,1.86956086167811e-08
YOR301W,YIL117C,0.009167422540485859
YOR301W,YHR066W,2.5634376565886186e-11
YOR301W,YML085C,5.037147348535553e-12
YOR301W,YML047C,0.9980081915855408
YOR301W,YDR312W,1.7872959290343715e-07
YOR301W,YFL037W,5.386209522839636e-06
YOR301W,YDL038C,0.2020167112350464
YOR301W,YDL039C,1.3427741170400893e-17
YOR301W,YCL027W,0.003855528309941292
YOR301W,YML124C,8.196228418189122e-11
YOR301W,YGL053W,6.689824805228284e-10
YOR301W,YMR232W,0.012814010493457317
YOR301W,YNL298W,0.2142498642206192
YOR301W,YGL099W,7.95436286282758e-12
YOR301W,YBL016W,0.06319106370210648
YOR301W,YAL041W,1.5664712365789923e-12
YOR301W,YDR085C,0.00013783366011921316
YOR301W,YPL187W,0.0013166292337700725
YOR301W,YPL256C,0.00011547627946129069
YOR301W,YDR461W,1.7890112076202058e-06
YOR301W,YNL145W,7.306664429052034e-06
YLR363C,YDL165W,3.7915467032689776e-07
YLR363C,YGR059W,6.900146232169391e-09
YLR363C,YBR109C,0.786102831363678
YLR363C,YJL080C,7.576504867756739e-05
YLR363C,YCR093W,0.014641279354691505
YLR363C,YIL122W,1.0735651256865708e-09
YLR363C,YCL029C,1.237089597427854e-10
YLR363C,YNL173C,7.644447759957984e-05
YLR363C,YLR452C,6.639695016019687e-08
YLR363C,YDL160C,0.1895124912261963
YLR363C,YLR229C,0.016660038381814957
YLR363C,YML057W,3.153673155953385e-10
YLR363C,YER149C,2.8359481802908704e-06
YLR363C,YMR305C,2.9272041501826607e-06
YLR363C,YLR433C,0.0006832060753367841
YLR363C,YJL073W,9.233692699339713e-10
YLR363C,YGR279C,0.027080802246928215
YLR363C,YKL190W,0.0012489460641518235
YLR363C,YGL089C,0.00435395073145628
YLR363C,YJL019W,0.3258390426635742
YLR363C,YJL018W,0.0009893883252516389
YLR363C,YNR032C-A,0.9526540040969849
YLR363C,YGL178W,0.6732859015464783
YLR363C,YKL116C,0.06521904468536377
YLR363C,YDL214C,0.9562963843345642
YLR363C,YLR362W,2.5202207942082167e-12
YLR363C,YER068W,2.033767643183637e-08
YLR363C,YHR084W,0.0006868364871479571
YLR363C,YDR392W,3.21612816378547e-08
YLR363C,YNL053W,8.967686881078407e-06
YLR363C,YGR040W,3.463564326011692e-06
YLR363C,YDL216C,0.0027697787154465914
YLR363C,YOL117W,2.963086026541717e-11
YLR363C,YJR086W,1.262701607629424e-05
YLR363C,YMR025W,5.342189524526475e-06
YLR363C,YBR081C,3.8036487239878625e-05
YLR363C,YFL026W,0.002008531941100955
YLR363C,YHL007C,1.673146170222406e-11
YLR363C,YNR044W,0.004397811833769083
YLR363C,YNL271C,0.7856773734092712
YLR363C,YDR200C,1.1137539104311145e-06
YLR363C,YKL178C,8.928140893260661e-09
YLR363C,YOR212W,0.2001982182264328
YLR363C,YOL111C,4.615582568923138e-11
YLR363C,YGL032C,0.030529821291565895
YLR363C,YHR005C,0.010280026122927666
YLR363C,YDR103W,0.0004677975666709244
YLR363C,YJR084W,5.2510792158955155e-08
YLR363C,YCL032W,0.0027701000217348337
YLR363C,YJL170C,0.000502666225656867
YLR363C,YDR179C,1.9477310786442104e-07
YLR363C,YBR095C,0.012321120128035545
YLR363C,YLL021W,2.5577892301953398e-06
YLR363C,YDL159W,2.1899992382030204e-15
YLR363C,YNL161W,2.0747938833665103e-05
YLR363C,YNL188W,2.4842250923029496e-07
YLR363C,YJL157C,0.25592803955078125
YLR363C,YJL034W,2.2930249699015803e-08
YLR363C,YLR238W,1.8408345567877404e-05
YLR363C,YPR141C,0.00017009461589623243
YLR363C,YNL127W,0.10324613749980927
YLR363C,YCL055W,4.577799916916092e-09
YLR363C,YPR122W,0.025650981813669205
YLR363C,YMR065W,0.000271643657470122
YLR363C,YDR356W,5.47865238331724e-06
YLR363C,YMR052W,4.980234280083096e-06
YLR363C,YFR008W,2.8922300998601713e-07
YLR363C,YLL043W,3.688196557050105e-06
YLR363C,YMR029C,1.1647826795524452e-05
YLR363C,YJR004C,2.7146966966040686e-11
YLR363C,YDL223C,3.5636557593754503e-10
YLR363C,YHR158C,1.733372664602939e-05
YLR363C,YGR238C,2.876034410626005e-10
YLR363C,YIL015W,0.433974027633667
YLR363C,YGL173C,3.932469905265634e-09
YLR363C,YDL225W,0.0009685889817774296
YLR363C,YLR330W,0.0553184375166893
YLR363C,YBR129C,8.622482710052282e-05
YLR363C,YKR095W-A,0.2020167112350464
YLR363C,YPR075C,1.4221436117622943e-07
YLR363C,YMR198W,0.1544446498155594
YLR363C,YOR127W,2.169849267374957e-06
YLR363C,YDR264C,7.69261251920561e-11
YLR363C,YLR110C,0.4429880976676941
YLR363C,YDR379W,1.1160681623323399e-07
YLR363C,YDL100C,0.0006802635034546256
YLR363C,YHR073W,4.6742457925574854e-05
YLR363C,YJR090C,0.0007150470628403127
YLR363C,YOR208W,4.5619708011201965e-09
YLR363C,YBR040W,0.0004383990017231554
YLR363C,YNL279W,0.2825250029563904
YLR363C,YER075C,0.5967621207237244
YLR363C,YCR089W,0.2405095398426056
YLR363C,YCR002C,0.1520073115825653
YLR363C,YJL108C,0.8063774704933167
YLR363C,YBR200W,1.8750764829711386e-10
YLR363C,YIL026C,6.172264420456486e-06
YLR363C,YJR076C,0.001144101028330624
YLR363C,YKR031C,0.033667899668216705
YLR363C,YPL192C,0.002965743187814951
YLR363C,YHR107C,1.4941636550247495e-07
YLR363C,YIL037C,0.0001149575982708484
YLR363C,YPL156C,0.1327623724937439
YLR363C,YIL117C,0.000136234171804972
YLR363C,YHR066W,9.794379901468618e-19
YLR363C,YML085C,0.7622614502906799
YLR363C,YML047C,0.7168435454368591
YLR363C,YDR312W,2.771215861230303e-07
YLR363C,YFL037W,8.391654409933835e-05
YLR363C,YDL038C,0.2020167112350464
YLR363C,YDL039C,1.2974123728484721e-12
YLR363C,YCL027W,0.9942909479141235
YLR363C,YML124C,0.00034529055119492114
YLR363C,YGL053W,3.997263411292806e-05
YLR363C,YMR232W,2.007597686315421e-05
YLR363C,YNL298W,0.7732815742492676
YLR363C,YGL099W,4.024245346678779e-12
YLR363C,YBL016W,5.756971859227633e-07
YLR363C,YAL041W,0.0005912274937145412
YLR363C,YDR085C,3.1253865055876073e-13
YLR363C,YPL187W,1.1713572348526213e-05
YLR363C,YPL256C,8.300290232909902e-07
YLR363C,YDR461W,0.016107982024550438
YLR363C,YNL145W,0.00016933032020460814
YLR335W,YDL165W,0.9929581880569458
YLR335W,YGR059W,2.1450816234391823e-08
YLR335W,YBR109C,0.999835729598999
YLR335W,YJL080C,0.25935786962509155
YLR335W,YCR093W,0.012584279291331768
YLR335W,YIL122W,0.11154058575630188
YLR335W,YCL029C,9.245010356220829e-13
YLR335W,YNL173C,0.8216684460639954
YLR335W,YLR452C,0.9999154806137085
YLR335W,YDL160C,0.9895393252372742
YLR335W,YLR229C,0.0005626595229841769
YLR335W,YML057W,7.835838289338426e-08
YLR335W,YER149C,5.0426697271177545e-06
YLR335W,YMR305C,0.8434723019599915
YLR335W,YLR433C,0.5337818264961243
YLR335W,YJL073W,8.110707483410806e-08
YLR335W,YGR279C,0.00011257119331276044
YLR335W,YKL190W,9.673968452261761e-05
YLR335W,YGL089C,0.6082199811935425
YLR335W,YJL019W,2.4674013943126738e-08
YLR335W,YJL018W,0.004031317308545113
YLR335W,YNR032C-A,0.9733030796051025
YLR335W,YGL178W,0.00012858660193160176
YLR335W,YKL116C,5.858801887370646e-05
YLR335W,YDL214C,0.9315566420555115
YLR335W,YLR362W,0.0037884367629885674
YLR335W,YER068W,3.985228886449477e-06
YLR335W,YHR084W,1.712673224574246e-06
YLR335W,YDR392W,1.640161826799158e-06
YLR335W,YNL053W,0.015482868067920208
YLR335W,YGR040W,0.0004389666428323835
YLR335W,YDL216C,0.9973410964012146
YLR335W,YOL117W,1.1987721030410053e-14
YLR335W,YJR086W,0.09518630057573318
YLR335W,YMR025W,0.0015252873999997973
YLR335W,YBR081C,0.46761879324913025
YLR335W,YFL026W,0.0053924210369586945
YLR335W,YHL007C,3.333788981763064e-06
YLR335W,YNR044W,0.984053373336792
YLR335W,YNL271C,0.99839848279953
YLR335W,YDR200C,0.001117964624427259
YLR335W,YKL178C,0.9991984963417053
YLR335W,YOR212W,0.004190228879451752
YLR335W,YOL111C,7.144075908627201e-08
YLR335W,YGL032C,1.1572094990697224e-05
YLR335W,YHR005C,0.0002664263010956347
YLR335W,YDR103W,0.07241620123386383
YLR335W,YJR084W,5.6057380959373404e-08
YLR335W,YCL032W,1.4313927647335856e-12
YLR335W,YJL170C,0.734178364276886
YLR335W,YDR179C,1.147797206613177e-06
YLR335W,YBR095C,5.9209898608969525e-05
YLR335W,YLL021W,0.9843930602073669
YLR335W,YDL159W,1.9534320827574447e-08
YLR335W,YNL161W,0.0005548537010326982
YLR335W,YNL188W,9.536282163935539e-08
YLR335W,YJL157C,7.201979315141216e-06
YLR335W,YJL034W,2.076270710915651e-08
YLR335W,YLR238W,4.0647873902344145e-06
YLR335W,YPR141C,0.8263698220252991
YLR335W,YNL127W,1.4440379345614929e-06
YLR335W,YCL055W,2.1298483809939484e-10
YLR335W,YPR122W,0.634780764579773
YLR335W,YMR065W,0.5957839488983154
YLR335W,YDR356W,1.5147930753300898e-05
YLR335W,YMR052W,0.28192394971847534
YLR335W,YFR008W,2.401477072755398e-10
YLR335W,YLL043W,4.3393210802378235e-08
YLR335W,YMR029C,0.9998714923858643
YLR335W,YJR004C,3.547973720374742e-11
YLR335W,YDL223C,2.0050819931802764e-14
YLR335W,YHR158C,0.9999765157699585
YLR335W,YGR238C,5.3740132344159974e-09
YLR335W,YIL015W,0.9999605417251587
YLR335W,YGL173C,0.9999960660934448
YLR335W,YDL225W,0.004055254627019167
YLR335W,YLR330W,6.780331318623212e-08
YLR335W,YBR129C,1.946180418599397e-05
YLR335W,YKR095W-A,0.2020167112350464
YLR335W,YPR075C,2.6098034844324047e-10
YLR335W,YMR198W,0.00013223147834651172
YLR335W,YOR127W,7.638326496817172e-05
YLR335W,YDR264C,0.0038866319227963686
YLR335W,YLR110C,0.0021591000258922577
YLR335W,YDR379W,0.13865146040916443
YLR335W,YDL100C,2.027798700510175e-06
YLR335W,YHR073W,3.84977538487874e-05
YLR335W,YJR090C,1.0228673810730449e-11
YLR335W,YOR208W,6.453703826991841e-05
YLR335W,YBR040W,0.968248724937439
YLR335W,YNL279W,0.9934042096138
YLR335W,YER075C,8.723142347344393e-11
YLR335W,YCR089W,0.0001432290009688586
YLR335W,YCR002C,2.7266854885965586e-05
YLR335W,YJL108C,0.9999164342880249
YLR335W,YBR200W,4.923715879456836e-10
YLR335W,YIL026C,0.00701223686337471
YLR335W,YJR076C,0.0008772810106165707
YLR335W,YKR031C,0.0004011422861367464
YLR335W,YPL192C,0.9127121567726135
YLR335W,YHR107C,2.169388062611688e-05
YLR335W,YIL037C,0.00035246668267063797
YLR335W,YPL156C,0.9844024181365967
YLR335W,YIL117C,0.0021607442758977413
YLR335W,YHR066W,3.830905027304586e-16
YLR335W,YML085C,1.847878775151912e-05
YLR335W,YML047C,0.9973276853561401
YLR335W,YDR312W,2.056764003555145e-08
YLR335W,YFL037W,0.9877804517745972
YLR335W,YDL038C,0.2020167112350464
YLR335W,YDL039C,1.5642941386673215e-09
YLR335W,YCL027W,2.0804942323593423e-05
YLR335W,YML124C,1.0624691366501252e-13
YLR335W,YGL053W,1.3635753020935226e-05
YLR335W,YMR232W,0.0006893595564179122
YLR335W,YNL298W,0.0004964143736287951
YLR335W,YGL099W,7.033121391941677e-07
YLR335W,YBL016W,3.643976396669468e-15
YLR335W,YAL041W,0.026999320834875107
YLR335W,YDR085C,0.8997901082038879
YLR335W,YPL187W,0.9662666320800781
YLR335W,YPL256C,0.000459539529401809
YLR335W,YDR461W,0.02430872619152069
YLR335W,YNL145W,6.516740540973842e-05
tN(GUU)O2,YDL165W,0.2020167112350464
tN(GUU)O2,YGR059W,0.2020167112350464
tN(GUU)O2,YBR109C,0.2020167112350464
tN(GUU)O2,YJL080C,0.2020167112350464
tN(GUU)O2,YCR093W,0.2020167112350464
tN(GUU)O2,YIL122W,0.2020167112350464
tN(GUU)O2,YCL029C,0.2020167112350464
tN(GUU)O2,YNL173C,0.2020167112350464
tN(GUU)O2,YLR452C,0.2020167112350464
tN(GUU)O2,YDL160C,0.2020167112350464
tN(GUU)O2,YLR229C,0.2020167112350464
tN(GUU)O2,YML057W,0.2020167112350464
tN(GUU)O2,YER149C,0.2020167112350464
tN(GUU)O2,YMR305C,0.2020167112350464
tN(GUU)O2,YLR433C,0.2020167112350464
tN(GUU)O2,YJL073W,0.2020167112350464
tN(GUU)O2,YGR279C,0.2020167112350464
tN(GUU)O2,YKL190W,0.2020167112350464
tN(GUU)O2,YGL089C,0.2020167112350464
tN(GUU)O2,YJL019W,0.2020167112350464
tN(GUU)O2,YJL018W,0.2020167112350464
tN(GUU)O2,YNR032C-A,0.2020167112350464
tN(GUU)O2,YGL178W,0.2020167112350464
tN(GUU)O2,YKL116C,0.2020167112350464
tN(GUU)O2,YDL214C,0.2020167112350464
tN(GUU)O2,YLR362W,0.2020167112350464
tN(GUU)O2,YER068W,0.2020167112350464
tN(GUU)O2,YHR084W,0.2020167112350464
tN(GUU)O2,YDR392W,0.2020167112350464
tN(GUU)O2,YNL053W,0.2020167112350464
tN(GUU)O2,YGR040W,0.2020167112350464
tN(GUU)O2,YDL216C,0.2020167112350464
tN(GUU)O2,YOL117W,0.2020167112350464
tN(GUU)O2,YJR086W,0.2020167112350464
tN(GUU)O2,YMR025W,0.2020167112350464
tN(GUU)O2,YBR081C,0.2020167112350464
tN(GUU)O2,YFL026W,0.2020167112350464
tN(GUU)O2,YHL007C,0.2020167112350464
tN(GUU)O2,YNR044W,0.2020167112350464
tN(GUU)O2,YNL271C,0.2020167112350464
tN(GUU)O2,YDR200C,0.2020167112350464
tN(GUU)O2,YKL178C,0.2020167112350464
tN(GUU)O2,YOR212W,0.2020167112350464
tN(GUU)O2,YOL111C,0.2020167112350464
tN(GUU)O2,YGL032C,0.2020167112350464
tN(GUU)O2,YHR005C,0.2020167112350464
tN(GUU)O2,YDR103W,0.2020167112350464
tN(GUU)O2,YJR084W,0.2020167112350464
tN(GUU)O2,YCL032W,0.2020167112350464
tN(GUU)O2,YJL170C,0.2020167112350464
tN(GUU)O2,YDR179C,0.2020167112350464
tN(GUU)O2,YBR095C,0.2020167112350464
tN(GUU)O2,YLL021W,0.2020167112350464
tN(GUU)O2,YDL159W,0.2020167112350464
tN(GUU)O2,YNL161W,0.2020167112350464
tN(GUU)O2,YNL188W,0.2020167112350464
tN(GUU)O2,YJL157C,0.2020167112350464
tN(GUU)O2,YJL034W,0.2020167112350464
tN(GUU)O2,YLR238W,0.2020167112350464
tN(GUU)O2,YPR141C,0.2020167112350464
tN(GUU)O2,YNL127W,0.2020167112350464
tN(GUU)O2,YCL055W,0.2020167112350464
tN(GUU)O2,YPR122W,0.2020167112350464
tN(GUU)O2,YMR065W,0.2020167112350464
tN(GUU)O2,YDR356W,0.2020167112350464
tN(GUU)O2,YMR052W,0.2020167112350464
tN(GUU)O2,YFR008W,0.2020167112350464
tN(GUU)O2,YLL043W,0.2020167112350464
tN(GUU)O2,YMR029C,0.2020167112350464
tN(GUU)O2,YJR004C,0.2020167112350464
tN(GUU)O2,YDL223C,0.2020167112350464
tN(GUU)O2,YHR158C,0.2020167112350464
tN(GUU)O2,YGR238C,0.2020167112350464
tN(GUU)O2,YIL015W,0.2020167112350464
tN(GUU)O2,YGL173C,0.2020167112350464
tN(GUU)O2,YDL225W,0.2020167112350464
tN(GUU)O2,YLR330W,0.2020167112350464
tN(GUU)O2,YBR129C,0.2020167112350464
tN(GUU)O2,YKR095W-A,0.2020167112350464
tN(GUU)O2,YPR075C,0.2020167112350464
tN(GUU)O2,YMR198W,0.2020167112350464
tN(GUU)O2,YOR127W,0.2020167112350464
tN(GUU)O2,YDR264C,0.2020167112350464
tN(GUU)O2,YLR110C,0.2020167112350464
tN(GUU)O2,YDR379W,0.2020167112350464
tN(GUU)O2,YDL100C,0.2020167112350464
tN(GUU)O2,YHR073W,0.2020167112350464
tN(GUU)O2,YJR090C,0.2020167112350464
tN(GUU)O2,YOR208W,0.2020167112350464
tN(GUU)O2,YBR040W,0.2020167112350464
tN(GUU)O2,YNL279W,0.2020167112350464
tN(GUU)O2,YER075C,0.2020167112350464
tN(GUU)O2,YCR089W,0.2020167112350464
tN(GUU)O2,YCR002C,0.2020167112350464
tN(GUU)O2,YJL108C,0.2020167112350464
tN(GUU)O2,YBR200W,0.2020167112350464
tN(GUU)O2,YIL026C,0.2020167112350464
tN(GUU)O2,YJR076C,0.2020167112350464
tN(GUU)O2,YKR031C,0.2020167112350464
tN(GUU)O2,YPL192C,0.2020167112350464
tN(GUU)O2,YHR107C,0.2020167112350464
tN(GUU)O2,YIL037C,0.2020167112350464
tN(GUU)O2,YPL156C,0.2020167112350464
tN(GUU)O2,YIL117C,0.2020167112350464
tN(GUU)O2,YHR066W,0.2020167112350464
tN(GUU)O2,YML085C,0.2020167112350464
tN(GUU)O2,YML047C,0.2020167112350464
tN(GUU)O2,YDR312W,0.2020167112350464
tN(GUU)O2,YFL037W,0.2020167112350464
tN(GUU)O2,YDL038C,0.2020167112350464
tN(GUU)O2,YDL039C,0.2020167112350464
tN(GUU)O2,YCL027W,0.2020167112350464
tN(GUU)O2,YML124C,0.2020167112350464
tN(GUU)O2,YGL053W,0.2020167112350464
tN(GUU)O2,YMR232W,0.2020167112350464
tN(GUU)O2,YNL298W,0.2020167112350464
tN(GUU)O2,YGL099W,0.2020167112350464
tN(GUU)O2,YBL016W,0.2020167112350464
tN(GUU)O2,YAL041W,0.2020167112350464
tN(GUU)O2,YDR085C,0.2020167112350464
tN(GUU)O2,YPL187W,0.2020167112350464
tN(GUU)O2,YPL256C,0.2020167112350464
tN(GUU)O2,YDR461W,0.2020167112350464
tN(GUU)O2,YNL145W,0.2020167112350464
YHR070W,YDL165W,1.8447574579028014e-09
YHR070W,YGR059W,4.126437715967768e-07
YHR070W,YBR109C,1.349090977820211e-11
YHR070W,YJL080C,0.0032208336051553488
YHR070W,YCR093W,4.0119566002694285e-10
YHR070W,YIL122W,6.50975577848827e-16
YHR070W,YCL029C,4.348216897653856e-09
YHR070W,YNL173C,1.0912089010162163e-07
YHR070W,YLR452C,1.0177332114835735e-06
YHR070W,YDL160C,2.254729224659968e-05
YHR070W,YLR229C,1.6341554574372114e-13
YHR070W,YML057W,7.86753614142919e-21
YHR070W,YER149C,4.441515211173197e-11
YHR070W,YMR305C,5.808216727671775e-15
YHR070W,YLR433C,8.365756087869158e-09
YHR070W,YJL073W,2.0710996153578235e-17
YHR070W,YGR279C,8.629552183947453e-09
YHR070W,YKL190W,3.914257717951841e-08
YHR070W,YGL089C,8.619961633371531e-09
YHR070W,YJL019W,1.5184836894832632e-13
YHR070W,YJL018W,0.00018081038433592767
YHR070W,YNR032C-A,2.165268779208418e-05
YHR070W,YGL178W,1.536922536615748e-05
YHR070W,YKL116C,9.840726290213844e-15
YHR070W,YDL214C,0.00010446276428410783
YHR070W,YLR362W,1.8223524225020535e-15
YHR070W,YER068W,1.1528082836747243e-14
YHR070W,YHR084W,1.9276871352974117e-18
YHR070W,YDR392W,7.478684284269871e-14
YHR070W,YNL053W,2.846360835917494e-08
YHR070W,YGR040W,3.974365028891189e-20
YHR070W,YDL216C,7.81693210161194e-10
YHR070W,YOL117W,3.1150232205317933e-18
YHR070W,YJR086W,8.891470892891107e-12
YHR070W,YMR025W,8.92029383692261e-09
YHR070W,YBR081C,6.31249705285164e-11
YHR070W,YFL026W,1.0256095286270253e-16
YHR070W,YHL007C,5.814417300013252e-17
YHR070W,YNR044W,5.823343571439434e-16
YHR070W,YNL271C,9.801923717134287e-09
YHR070W,YDR200C,1.1629081781167383e-24
YHR070W,YKL178C,1.0571074682275139e-07
YHR070W,YOR212W,3.406313880625607e-17
YHR070W,YOL111C,2.344812365107085e-11
YHR070W,YGL032C,3.647545141690875e-18
YHR070W,YHR005C,1.1234210006705325e-08
YHR070W,YDR103W,2.47111586304527e-07
YHR070W,YJR084W,4.290954391935817e-14
YHR070W,YCL032W,8.394036367950861e-15
YHR070W,YJL170C,9.378896097256284e-12
YHR070W,YDR179C,1.0067778045703274e-13
YHR070W,YBR095C,7.477322014892707e-07
YHR070W,YLL021W,4.464727605636362e-15
YHR070W,YDL159W,6.555969545019025e-09
YHR070W,YNL161W,1.6696498350565747e-10
YHR070W,YNL188W,5.667979835341985e-15
YHR070W,YJL157C,1.24120747013734e-09
YHR070W,YJL034W,1.9270402800583952e-18
YHR070W,YLR238W,1.4002710990723699e-08
YHR070W,YPR141C,1.3947943311670794e-14
YHR070W,YNL127W,3.254777780625773e-08
YHR070W,YCL055W,1.2180928266047886e-08
YHR070W,YPR122W,4.996926428191273e-09
YHR070W,YMR065W,2.3881210897691574e-10
YHR070W,YDR356W,1.0706282388417421e-10
YHR070W,YMR052W,0.0001528999418951571
YHR070W,YFR008W,1.3672365462014113e-08
YHR070W,YLL043W,1.3619307071000009e-10
YHR070W,YMR029C,8.261342092258134e-16
YHR070W,YJR004C,6.658961612356141e-19
YHR070W,YDL223C,1.0867167582473414e-10
YHR070W,YHR158C,1.5172815781561155e-10
YHR070W,YGR238C,1.745963619730484e-18
YHR070W,YIL015W,1.720049294817727e-05
YHR070W,YGL173C,9.403909500108114e-18
YHR070W,YDL225W,1.0652319304416125e-11
YHR070W,YLR330W,2.3153130801478738e-10
YHR070W,YBR129C,7.54491367160881e-08
YHR070W,YKR095W-A,0.2020167112350464
YHR070W,YPR075C,8.750745896131396e-13
YHR070W,YMR198W,7.968621422438371e-12
YHR070W,YOR127W,1.260990357271341e-11
YHR070W,YDR264C,9.078927609706966e-10
YHR070W,YLR110C,4.133725806099164e-09
YHR070W,YDR379W,5.262387347743115e-20
YHR070W,YDL100C,1.9284764757321327e-12
YHR070W,YHR073W,6.04878397803682e-13
YHR070W,YJR090C,8.29121249738482e-15
YHR070W,YOR208W,4.2281861345472294e-10
YHR070W,YBR040W,4.804762170351751e-07
YHR070W,YNL279W,1.2134709095334983e-06
YHR070W,YER075C,5.191297478696066e-12
YHR070W,YCR089W,4.768591743697925e-09
YHR070W,YCR002C,5.461994788749647e-13
YHR070W,YJL108C,1.210657550772265e-12
YHR070W,YBR200W,5.053514495756417e-09
YHR070W,YIL026C,9.609159849115548e-14
YHR070W,YJR076C,0.0004765987687278539
YHR070W,YKR031C,1.2103292590381898e-07
YHR070W,YPL192C,3.703241259109778e-14
YHR070W,YHR107C,7.426409865729511e-05
YHR070W,YIL037C,3.118336699969859e-09
YHR070W,YPL156C,7.283396108448414e-12
YHR070W,YIL117C,3.326492787891766e-07
YHR070W,YHR066W,1.3525140530768624e-20
YHR070W,YML085C,1.9596612527150725e-11
YHR070W,YML047C,4.1140185203403234e-05
YHR070W,YDR312W,1.709611807826914e-15
YHR070W,YFL037W,1.9051303937200892e-11
YHR070W,YDL038C,0.2020167112350464
YHR070W,YDL039C,3.045394492140474e-11
YHR070W,YCL027W,5.606601337707073e-13
YHR070W,YML124C,2.0019141899751958e-10
YHR070W,YGL053W,8.381011162850172e-12
YHR070W,YMR232W,5.190330110149688e-11
YHR070W,YNL298W,2.824799838485603e-10
YHR070W,YGL099W,7.20708169771318e-21
YHR070W,YBL016W,4.725761448831634e-10
YHR070W,YAL041W,2.80999574897578e-06
YHR070W,YDR085C,0.00028547493275254965
YHR070W,YPL187W,8.434417053670984e-11
YHR070W,YPL256C,2.2726532971856075e-18
YHR070W,YDR461W,2.249811621723996e-11
YHR070W,YNL145W,1.0979550356773502e-21
YLR353W,YDL165W,0.0010872476268559694
YLR353W,YGR059W,9.774954456975848e-11
YLR353W,YBR109C,1.2596497456218714e-10
YLR353W,YJL080C,1.5892865690148028e-08
YLR353W,YCR093W,0.08617658913135529
YLR353W,YIL122W,0.33904871344566345
YLR353W,YCL029C,0.0009832989890128374
YLR353W,YNL173C,0.00037986933602951467
YLR353W,YLR452C,5.33826778337243e-06
YLR353W,YDL160C,0.08637439459562302
YLR353W,YLR229C,0.0002641376049723476
YLR353W,YML057W,2.688668973860331e-05
YLR353W,YER149C,4.255269203667922e-08
YLR353W,YMR305C,0.0006662814994342625
YLR353W,YLR433C,0.006177209783345461
YLR353W,YJL073W,5.537077415497527e-13
YLR353W,YGR279C,1.613015854218247e-07
YLR353W,YKL190W,4.507097464207443e-15
YLR353W,YGL089C,0.0011625394690781832
YLR353W,YJL019W,6.983855768000202e-12
YLR353W,YJL018W,0.0003191448631696403
YLR353W,YNR032C-A,0.9998593330383301
YLR353W,YGL178W,6.359004146361258e-06
YLR353W,YKL116C,2.4308982915499655e-07
YLR353W,YDL214C,0.9997953772544861
YLR353W,YLR362W,0.005374533124268055
YLR353W,YER068W,2.9978360544191673e-05
YLR353W,YHR084W,2.0312949345679954e-05
YLR353W,YDR392W,1.0202953933113879e-11
YLR353W,YNL053W,1.4953897009561956e-09
YLR353W,YGR040W,0.7226090431213379
YLR353W,YDL216C,0.7448773384094238
YLR353W,YOL117W,6.969261973077678e-11
YLR353W,YJR086W,0.9097836017608643
YLR353W,YMR025W,0.9870017766952515
YLR353W,YBR081C,0.9999932050704956
YLR353W,YFL026W,0.00021735408517997712
YLR353W,YHL007C,6.534433396154782e-06
YLR353W,YNR044W,0.5361193418502808
YLR353W,YNL271C,1.6779520592535846e-05
YLR353W,YDR200C,0.02048385702073574
YLR353W,YKL178C,0.10763666033744812
YLR353W,YOR212W,0.37785881757736206
YLR353W,YOL111C,0.9859247803688049
YLR353W,YGL032C,0.00179787608794868
YLR353W,YHR005C,3.2384770065618795e-07
YLR353W,YDR103W,0.003092863131314516
YLR353W,YJR084W,4.464661833480932e-05
YLR353W,YCL032W,1.3261627884730842e-07
YLR353W,YJL170C,0.00023183468147180974
YLR353W,YDR179C,0.00012601184425875545
YLR353W,YBR095C,0.00016945744573604316
YLR353W,YLL021W,9.335722299386173e-12
YLR353W,YDL159W,0.020309189334511757
YLR353W,YNL161W,1.18974732843391e-10
YLR353W,YNL188W,0.00045574732939712703
YLR353W,YJL157C,0.0001965346309589222
YLR353W,YJL034W,1.2171781811620708e-11
YLR353W,YLR238W,4.990447450836655e-07
YLR353W,YPR141C,1.8180264760303544e-06
YLR353W,YNL127W,0.712061882019043
YLR353W,YCL055W,5.2429904862094645e-09
YLR353W,YPR122W,0.00022529129637405276
YLR353W,YMR065W,0.007031008135527372
YLR353W,YDR356W,0.006476326379925013
YLR353W,YMR052W,0.6017196774482727
YLR353W,YFR008W,1.1510990134411259e-06
YLR353W,YLL043W,0.0036513467784971
YLR353W,YMR029C,0.012625484727323055
YLR353W,YJR004C,4.3729500576183966e-10
YLR353W,YDL223C,1.3574629520007875e-05
YLR353W,YHR158C,1.8911801902277148e-08
YLR353W,YGR238C,0.0007406926597468555
YLR353W,YIL015W,0.39666447043418884
YLR353W,YGL173C,0.016915349289774895
YLR353W,YDL225W,0.0015269833384081721
YLR353W,YLR330W,3.38882411021757e-09
YLR353W,YBR129C,1.2150957218182157e-06
YLR353W,YKR095W-A,0.2020167112350464
YLR353W,YPR075C,5.918956991202151e-11
YLR353W,YMR198W,1.5110888235136954e-11
YLR353W,YOR127W,0.05818556994199753
YLR353W,YDR264C,1.2780622455466073e-05
YLR353W,YLR110C,0.40893736481666565
YLR353W,YDR379W,9.943975783244241e-06
YLR353W,YDL100C,1.3897636819137915e-08
YLR353W,YHR073W,1.3669865438714623e-05
YLR353W,YJR090C,0.001021877396851778
YLR353W,YOR208W,5.127921524905599e-12
YLR353W,YBR040W,0.005991397891193628
YLR353W,YNL279W,1.9213621271774173e-05
YLR353W,YER075C,2.672499306299869e-07
YLR353W,YCR089W,2.096969865306164e-06
YLR353W,YCR002C,7.058953421790193e-10
YLR353W,YJL108C,4.7390267354785465e-06
YLR353W,YBR200W,6.533730501079305e-11
YLR353W,YIL026C,3.074429173466342e-07
YLR353W,YJR076C,1.260919008094774e-10
YLR353W,YKR031C,2.3484413759433664e-05
YLR353W,YPL192C,0.10521538555622101
YLR353W,YHR107C,0.00013938319170847535
YLR353W,YIL037C,0.0021801278926432133
YLR353W,YPL156C,8.757086470723152e-05
YLR353W,YIL117C,2.3995095034479164e-05
YLR353W,YHR066W,3.365049678905052e-07
YLR353W,YML085C,1.4160530525941795e-08
YLR353W,YML047C,6.162377303553512e-06
YLR353W,YDR312W,3.7919253372820094e-05
YLR353W,YFL037W,2.0367840747326227e-08
YLR353W,YDL038C,0.2020167112350464
YLR353W,YDL039C,1.0259729587009566e-17
YLR353W,YCL027W,2.2441364322389745e-08
YLR353W,YML124C,3.69022217228121e-08
YLR353W,YGL053W,0.13126294314861298
YLR353W,YMR232W,0.7617533206939697
YLR353W,YNL298W,0.15316708385944366
YLR353W,YGL099W,0.00025787288905121386
YLR353W,YBL016W,5.366832755981932e-09
YLR353W,YAL041W,2.6272974196217547e-07
YLR353W,YDR085C,0.1670624017715454
YLR353W,YPL187W,0.016930127516388893
YLR353W,YPL256C,4.163285609593004e-07
YLR353W,YDR461W,7.283638296939898e-07
YLR353W,YNL145W,2.1941077648079954e-05
YJL102W,YDL165W,3.744791001736303e-06
YJL102W,YGR059W,1.9044856802707955e-09
YJL102W,YBR109C,0.0003301955293864012
YJL102W,YJL080C,7.928056438611959e-15
YJL102W,YCR093W,3.059419100281957e-07
YJL102W,YIL122W,0.0005472411285154521
YJL102W,YCL029C,1.670550318522146e-06
YJL102W,YNL173C,4.133081077384304e-08
YJL102W,YLR452C,1.9047858383354314e-14
YJL102W,YDL160C,0.9877797365188599
YJL102W,YLR229C,8.027016207279303e-08
YJL102W,YML057W,6.582780431863e-10
YJL102W,YER149C,1.4283034824313923e-11
YJL102W,YMR305C,1.5675836039008573e-05
YJL102W,YLR433C,7.022231320735761e-12
YJL102W,YJL073W,4.463015771902296e-19
YJL102W,YGR279C,3.131355867935781e-07
YJL102W,YKL190W,0.0005849737790413201
YJL102W,YGL089C,0.016779353842139244
YJL102W,YJL019W,0.003605183446779847
YJL102W,YJL018W,0.008778643794357777
YJL102W,YNR032C-A,0.00023585815506521612
YJL102W,YGL178W,6.340200343402103e-05
YJL102W,YKL116C,1.6723340934277076e-07
YJL102W,YDL214C,5.766720732935937e-06
YJL102W,YLR362W,1.7968041334318063e-12
YJL102W,YER068W,0.00018784952408168465
YJL102W,YHR084W,1.0009052019314818e-21
YJL102W,YDR392W,4.537497443379834e-05
YJL102W,YNL053W,5.197963837133557e-09
YJL102W,YGR040W,4.170661327407288e-07
YJL102W,YDL216C,0.11707333475351334
YJL102W,YOL117W,4.584982615796207e-09
YJL102W,YJR086W,2.211895200332492e-08
YJL102W,YMR025W,8.722830235896595e-10
YJL102W,YBR081C,4.372046821798925e-11
YJL102W,YFL026W,5.767670263029614e-18
YJL102W,YHL007C,5.526722135495987e-11
YJL102W,YNR044W,5.891477306008142e-10
YJL102W,YNL271C,1.3857799352479105e-08
YJL102W,YDR200C,1.7010250846771768e-11
YJL102W,YKL178C,1.1014390111085959e-05
YJL102W,YOR212W,3.865362091981663e-21
YJL102W,YOL111C,0.0004966540727764368
YJL102W,YGL032C,1.707175512066783e-10
YJL102W,YHR005C,4.303608147893101e-05
YJL102W,YDR103W,0.05865570902824402
YJL102W,YJR084W,1.0831363539409722e-07
YJL102W,YCL032W,3.8265952753135934e-05
YJL102W,YJL170C,7.012702241127045e-08
YJL102W,YDR179C,9.768094909052682e-15
YJL102W,YBR095C,7.215710094421446e-16
YJL102W,YLL021W,1.9826464462178946e-16
YJL102W,YDL159W,2.3941113848346962e-12
YJL102W,YNL161W,0.0020643745083361864
YJL102W,YNL188W,2.1774353424919984e-13
YJL102W,YJL157C,5.060075622398408e-12
YJL102W,YJL034W,7.376400503744662e-07
YJL102W,YLR238W,7.919376912468579e-06
YJL102W,YPR141C,2.1314563442953027e-15
YJL102W,YNL127W,1.204205659632862e-06
YJL102W,YCL055W,1.938693129643898e-11
YJL102W,YPR122W,0.3134300410747528
YJL102W,YMR065W,2.854224634418756e-10
YJL102W,YDR356W,2.1000587935304793e-07
YJL102W,YMR052W,0.0004451604909263551
YJL102W,YFR008W,4.285814370064145e-08
YJL102W,YLL043W,2.43135178656928e-10
YJL102W,YMR029C,3.910843702215061e-07
YJL102W,YJR004C,2.7016511012334377e-05
YJL102W,YDL223C,1.5202058362140392e-12
YJL102W,YHR158C,1.15776477294105e-09
YJL102W,YGR238C,5.0890994316432625e-05
YJL102W,YIL015W,2.991546463673722e-12
YJL102W,YGL173C,1.596393133240781e-07
YJL102W,YDL225W,4.487812645947997e-07
YJL102W,YLR330W,1.1050719876948278e-05
YJL102W,YBR129C,8.84696049752165e-09
YJL102W,YKR095W-A,0.2020167112350464
YJL102W,YPR075C,3.9086737047000497e-07
YJL102W,YMR198W,1.2313040587130786e-09
YJL102W,YOR127W,1.238658597912945e-08
YJL102W,YDR264C,1.365687007925942e-10
YJL102W,YLR110C,9.993194538537864e-08
YJL102W,YDR379W,3.361521407896362e-07
YJL102W,YDL100C,9.088072943086445e-07
YJL102W,YHR073W,2.5452371119172312e-05
YJL102W,YJR090C,1.8248717814639548e-10
YJL102W,YOR208W,7.453929811163107e-06
YJL102W,YBR040W,4.1792378624450066e-07
YJL102W,YNL279W,1.3167851875550696e-07
YJL102W,YER075C,0.0010455397423356771
YJL102W,YCR089W,8.331006995376811e-10
YJL102W,YCR002C,3.7268598589434987e-06
YJL102W,YJL108C,1.1368593732186127e-05
YJL102W,YBR200W,0.0008019781671464443
YJL102W,YIL026C,5.454081133393629e-07
YJL102W,YJR076C,7.780099481324854e-11
YJL102W,YKR031C,0.00035480791120789945
YJL102W,YPL192C,1.1299647439955152e-08
YJL102W,YHR107C,6.399439200777124e-08
YJL102W,YIL037C,5.928778250563482e-07
YJL102W,YPL156C,8.812093714232958e-14
YJL102W,YIL117C,3.249616753464579e-08
YJL102W,YHR066W,1.246174896233699e-20
YJL102W,YML085C,2.5812548756221076e-06
YJL102W,YML047C,5.232691883960694e-12
YJL102W,YDR312W,3.773399219361663e-15
YJL102W,YFL037W,7.083005129970843e-06
YJL102W,YDL038C,0.2020167112350464
YJL102W,YDL039C,4.0274640788564406e-19
YJL102W,YCL027W,5.786541441921145e-05
YJL102W,YML124C,4.065342196213351e-08
YJL102W,YGL053W,6.766917248768323e-09
YJL102W,YMR232W,0.009118396788835526
YJL102W,YNL298W,3.861288622175607e-09
YJL102W,YGL099W,3.379813130864788e-20
YJL102W,YBL016W,4.458989977251804e-08
YJL102W,YAL041W,2.9312348989035675e-12
YJL102W,YDR085C,1.2374382768465253e-11
YJL102W,YPL187W,3.062190899072448e-06
YJL102W,YPL256C,2.0013831376115986e-18
YJL102W,YDR461W,1.7332998369923303e-09
YJL102W,YNL145W,8.272406327782745e-17
YOR247W,YDL165W,5.793256150354864e-06
YOR247W,YGR059W,4.929306214762619e-06
YOR247W,YBR109C,0.4285576641559601
YOR247W,YJL080C,0.018812377005815506
YOR247W,YCR093W,0.976565420627594
YOR247W,YIL122W,1.1247104339418001e-05
YOR247W,YCL029C,3.5938987252848165e-07
YOR247W,YNL173C,3.1073281547833176e-07
YOR247W,YLR452C,0.9896406531333923
YOR247W,YDL160C,1.0381405445514247e-05
YOR247W,YLR229C,7.12705423211446e-06
YOR247W,YML057W,4.604165356261736e-13
YOR247W,YER149C,2.0773450667976867e-11
YOR247W,YMR305C,4.391411493998021e-05
YOR247W,YLR433C,0.38476380705833435
YOR247W,YJL073W,6.138606550160075e-12
YOR247W,YGR279C,0.0018730717711150646
YOR247W,YKL190W,0.6225099563598633
YOR247W,YGL089C,1.639922753149392e-09
YOR247W,YJL019W,0.9984512329101562
YOR247W,YJL018W,0.009640219621360302
YOR247W,YNR032C-A,0.14802700281143188
YOR247W,YGL178W,2.12012677379414e-12
YOR247W,YKL116C,1.1280611111885719e-08
YOR247W,YDL214C,0.4072618782520294
YOR247W,YLR362W,5.037684047692892e-09
YOR247W,YER068W,1.105993945316186e-07
YOR247W,YHR084W,3.329815356778454e-08
YOR247W,YDR392W,0.011336925439536572
YOR247W,YNL053W,9.411513929080684e-06
YOR247W,YGR040W,0.9999608993530273
YOR247W,YDL216C,0.0003113493148703128
YOR247W,YOL117W,8.699735190020874e-06
YOR247W,YJR086W,0.9667913913726807
YOR247W,YMR025W,0.00036305078538134694
YOR247W,YBR081C,0.4065859019756317
YOR247W,YFL026W,0.9957767128944397
YOR247W,YHL007C,2.8464994556998136e-06
YOR247W,YNR044W,0.0033525193575769663
YOR247W,YNL271C,0.00028795175603590906
YOR247W,YDR200C,0.9945195317268372
YOR247W,YKL178C,0.0017301520565524697
YOR247W,YOR212W,0.40702879428863525
YOR247W,YOL111C,5.958696078778303e-07
YOR247W,YGL032C,1.0153856067063316e-07
YOR247W,YHR005C,0.9957537651062012
YOR247W,YDR103W,0.9959127306938171
YOR247W,YJR084W,0.012658398598432541
YOR247W,YCL032W,0.13872769474983215
YOR247W,YJL170C,0.7823564410209656
YOR247W,YDR179C,1.1372668431985922e-11
YOR247W,YBR095C,7.247062683291006e-08
YOR247W,YLL021W,9.239892824552953e-05
YOR247W,YDL159W,5.385343646718832e-12
YOR247W,YNL161W,0.0002820407971739769
YOR247W,YNL188W,4.145568163949065e-05
YOR247W,YJL157C,5.637756572696162e-08
YOR247W,YJL034W,1.605780612645713e-11
YOR247W,YLR238W,0.00683349184691906
YOR247W,YPR141C,5.1037673983955756e-05
YOR247W,YNL127W,0.00020400444918777794
YOR247W,YCL055W,4.0188491233885196e-14
YOR247W,YPR122W,0.0005746103124693036
YOR247W,YMR065W,0.00038250410580076277
YOR247W,YDR356W,0.9992917776107788
YOR247W,YMR052W,0.0004348472284618765
YOR247W,YFR008W,0.06142836809158325
YOR247W,YLL043W,0.9863837361335754
YOR247W,YMR029C,0.006675470154732466
YOR247W,YJR004C,1.963192802767466e-11
YOR247W,YDL223C,8.944171098201892e-11
YOR247W,YHR158C,7.029782864265144e-05
YOR247W,YGR238C,1.2894543939545589e-11
YOR247W,YIL015W,0.9999958276748657
YOR247W,YGL173C,0.275305837392807
YOR247W,YDL225W,0.588086724281311
YOR247W,YLR330W,0.6764388084411621
YOR247W,YBR129C,1.3295759345055558e-05
YOR247W,YKR095W-A,0.2020167112350464
YOR247W,YPR075C,1.418558060730865e-13
YOR247W,YMR198W,7.248664815051598e-07
YOR247W,YOR127W,0.9932011961936951
YOR247W,YDR264C,1.8938441925797633e-08
YOR247W,YLR110C,4.1993547528207387e-11
YOR247W,YDR379W,0.04918165132403374
YOR247W,YDL100C,1.0063954505312722e-06
YOR247W,YHR073W,8.59374904393917e-06
YOR247W,YJR090C,0.008480670861899853
YOR247W,YOR208W,6.224541721167043e-05
YOR247W,YBR040W,0.00027542744646780193
YOR247W,YNL279W,0.12237545102834702
YOR247W,YER075C,2.87536081099507e-13
YOR247W,YCR089W,5.7340716011822224e-05
YOR247W,YCR002C,5.389547368395142e-05
YOR247W,YJL108C,9.198316774927662e-08
YOR247W,YBR200W,1.7191693402196506e-08
YOR247W,YIL026C,9.987183302584413e-10
YOR247W,YJR076C,3.0983645871174303e-08
YOR247W,YKR031C,0.8918018937110901
YOR247W,YPL192C,6.535679858643562e-06
YOR247W,YHR107C,0.00013781420420855284
YOR247W,YIL037C,9.883515303954482e-06
YOR247W,YPL156C,0.0003260709345340729
YOR247W,YIL117C,4.27932064894776e-07
YOR247W,YHR066W,1.6844680317262828e-08
YOR247W,YML085C,0.008928363211452961
YOR247W,YML047C,0.016934121027588844
YOR247W,YDR312W,1.2897401120426366e-06
YOR247W,YFL037W,1.0920125248503609e-07
YOR247W,YDL038C,0.2020167112350464
YOR247W,YDL039C,2.496078701803156e-14
YOR247W,YCL027W,8.714432624401525e-06
YOR247W,YML124C,0.0014268020167946815
YOR247W,YGL053W,4.116911077289842e-05
YOR247W,YMR232W,5.785360457366551e-08
YOR247W,YNL298W,0.021114643663167953
YOR247W,YGL099W,1.2728952278068945e-13
YOR247W,YBL016W,2.2414963041228475e-06
YOR247W,YAL041W,0.474860817193985
YOR247W,YDR085C,2.813997355133324e-07
YOR247W,YPL187W,0.9998354911804199
YOR247W,YPL256C,7.218829978228314e-10
YOR247W,YDR461W,0.00016942239017225802
YOR247W,YNL145W,0.20499089360237122
YOR046C,YDL165W,0.00040952375275082886
YOR046C,YGR059W,1.6629494656306143e-11
YOR046C,YBR109C,4.410379972341616e-08
YOR046C,YJL080C,4.7392566671078384e-07
YOR046C,YCR093W,0.10261502116918564
YOR046C,YIL122W,0.0018179321195930243
YOR046C,YCL029C,5.1501464349439705e-18
YOR046C,YNL173C,0.8607714772224426
YOR046C,YLR452C,0.6872169971466064
YOR046C,YDL160C,0.02413896843791008
YOR046C,YLR229C,5.463469278765842e-06
YOR046C,YML057W,9.332438155595923e-10
YOR046C,YER149C,0.031243877485394478
YOR046C,YMR305C,2.292743488396809e-07
YOR046C,YLR433C,3.573869378215022e-08
YOR046C,YJL073W,4.882653392712655e-09
YOR046C,YGR279C,0.029218535870313644
YOR046C,YKL190W,1.595460190628728e-07
YOR046C,YGL089C,0.019561750814318657
YOR046C,YJL019W,2.5539708076394163e-05
YOR046C,YJL018W,0.00034807572956196964
YOR046C,YNR032C-A,0.00010835590364877135
YOR046C,YGL178W,1.678823309703148e-06
YOR046C,YKL116C,2.6365084337953704e-08
YOR046C,YDL214C,0.5261180400848389
YOR046C,YLR362W,3.0580206384911435e-06
YOR046C,YER068W,1.977138936126721e-06
YOR046C,YHR084W,8.285565655796745e-08
YOR046C,YDR392W,0.16327878832817078
YOR046C,YNL053W,0.010396567173302174
YOR046C,YGR040W,4.499254657730489e-08
YOR046C,YDL216C,0.00010940723586827517
YOR046C,YOL117W,8.497818271280266e-06
YOR046C,YJR086W,2.887757364078425e-05
YOR046C,YMR025W,0.2081911563873291
YOR046C,YBR081C,0.05371049419045448
YOR046C,YFL026W,0.004147852770984173
YOR046C,YHL007C,4.7217407067590145e-11
YOR046C,YNR044W,5.4294346796268655e-08
YOR046C,YNL271C,0.0004636081284843385
YOR046C,YDR200C,4.888311977424564e-08
YOR046C,YKL178C,0.0017293747514486313
YOR046C,YOR212W,4.538635067774521e-08
YOR046C,YOL111C,2.705982979023247e-06
YOR046C,YGL032C,0.008333433419466019
YOR046C,YHR005C,3.2673882588256375e-14
YOR046C,YDR103W,0.41583675146102905
YOR046C,YJR084W,0.0001643246941966936
YOR046C,YCL032W,2.4806689680190175e-07
YOR046C,YJL170C,0.002431833418086171
YOR046C,YDR179C,1.5877292369737006e-08
YOR046C,YBR095C,0.00045998283894732594
YOR046C,YLL021W,0.006231300532817841
YOR046C,YDL159W,4.943893738840188e-09
YOR046C,YNL161W,4.452662129522493e-14
YOR046C,YNL188W,1.626250800690343e-10
YOR046C,YJL157C,4.55672216048697e-06
YOR046C,YJL034W,4.2043115950490817e-13
YOR046C,YLR238W,8.124647138174623e-06
YOR046C,YPR141C,0.9297114610671997
YOR046C,YNL127W,8.760516756467496e-09
YOR046C,YCL055W,1.1561611223953605e-08
YOR046C,YPR122W,0.17186683416366577
YOR046C,YMR065W,0.04413088411092758
YOR046C,YDR356W,0.00031265575671568513
YOR046C,YMR052W,0.0011897841468453407
YOR046C,YFR008W,0.0022336395923048258
YOR046C,YLL043W,1.190771172332461e-06
YOR046C,YMR029C,0.0009488174691796303
YOR046C,YJR004C,3.3301125768048223e-06
YOR046C,YDL223C,3.1065808259178596e-10
YOR046C,YHR158C,0.9451162219047546
YOR046C,YGR238C,0.00021388957975432277
YOR046C,YIL015W,0.018903082236647606
YOR046C,YGL173C,0.002275945385918021
YOR046C,YDL225W,1.6348998543858073e-10
YOR046C,YLR330W,3.301610720929382e-11
YOR046C,YBR129C,0.027995102107524872
YOR046C,YKR095W-A,0.2020167112350464
YOR046C,YPR075C,2.3146638772342243e-10
YOR046C,YMR198W,0.02327948994934559
YOR046C,YOR127W,8.183054092114617e-07
YOR046C,YDR264C,0.004323725122958422
YOR046C,YLR110C,0.47472482919692993
YOR046C,YDR379W,1.2855019804192125e-07
YOR046C,YDL100C,4.232394346104229e-08
YOR046C,YHR073W,2.0150541786279064e-06
YOR046C,YJR090C,6.5348513089702465e-06
YOR046C,YOR208W,8.105886990961153e-06
YOR046C,YBR040W,1.953238643181976e-05
YOR046C,YNL279W,6.159659164950426e-07
YOR046C,YER075C,5.6251439062293684e-09
YOR046C,YCR089W,4.4950463029503826e-14
YOR046C,YCR002C,0.984067976474762
YOR046C,YJL108C,8.28640186227858e-05
YOR046C,YBR200W,3.8176731741168535e-12
YOR046C,YIL026C,0.9866266846656799
YOR046C,YJR076C,2.703989048313815e-05
YOR046C,YKR031C,6.807943098152691e-09
YOR046C,YPL192C,4.1631055864854716e-06
YOR046C,YHR107C,2.3947250156197697e-06
YOR046C,YIL037C,3.440346335992217e-05
YOR046C,YPL156C,0.17028845846652985
YOR046C,YIL117C,0.9999991655349731
YOR046C,YHR066W,4.238486991936519e-11
YOR046C,YML085C,7.264597456924093e-08
YOR046C,YML047C,0.06750611215829849
YOR046C,YDR312W,2.2532103116645885e-07
YOR046C,YFL037W,7.865725137889967e-07
YOR046C,YDL038C,0.2020167112350464
YOR046C,YDL039C,1.440516825823579e-05
YOR046C,YCL027W,7.274014933500439e-06
YOR046C,YML124C,5.6240515716732276e-12
YOR046C,YGL053W,0.2258254587650299
YOR046C,YMR232W,8.947397873271257e-06
YOR046C,YNL298W,1.0899167790512365e-08
YOR046C,YGL099W,7.76929720558428e-09
YOR046C,YBL016W,3.4634433412421533e-16
YOR046C,YAL041W,0.05754225328564644
YOR046C,YDR085C,0.00868869200348854
YOR046C,YPL187W,0.0001453380536986515
YOR046C,YPL256C,7.940201385281398e-09
YOR046C,YDR461W,8.801694661997317e-07
YOR046C,YNL145W,4.893013283435721e-06
YGL030W,YDL165W,0.005948271136730909
YGL030W,YGR059W,6.865543582534883e-06
YGL030W,YBR109C,9.552288975100964e-05
YGL030W,YJL080C,0.23158307373523712
YGL030W,YCR093W,4.836517297768239e-11
YGL030W,YIL122W,0.2755347192287445
YGL030W,YCL029C,1.8588324213197893e-09
YGL030W,YNL173C,4.1511543713568244e-07
YGL030W,YLR452C,0.07059528678655624
YGL030W,YDL160C,2.1310936517693335e-06
YGL030W,YLR229C,2.5051351618121664e-11
YGL030W,YML057W,5.31270340220491e-12
YGL030W,YER149C,1.291670520542354e-10
YGL030W,YMR305C,2.2932118426410852e-09
YGL030W,YLR433C,0.0001303509925492108
YGL030W,YJL073W,2.2155399043155555e-11
YGL030W,YGR279C,1.4819585836267635e-10
YGL030W,YKL190W,4.825387183896497e-22
YGL030W,YGL089C,1.6366386024202484e-09
YGL030W,YJL019W,0.0005262981867417693
YGL030W,YJL018W,0.00017745995137374848
YGL030W,YNR032C-A,0.0005569428903982043
YGL030W,YGL178W,9.47047887160657e-13
YGL030W,YKL116C,1.888421243850795e-17
YGL030W,YDL214C,0.997347354888916
YGL030W,YLR362W,4.97535950216843e-07
YGL030W,YER068W,0.00036992767127230763
YGL030W,YHR084W,5.443586996989325e-05
YGL030W,YDR392W,8.784824534480151e-10
YGL030W,YNL053W,9.451077698230392e-10
YGL030W,YGR040W,3.8354364129133955e-09
YGL030W,YDL216C,4.129920398554532e-06
YGL030W,YOL117W,6.399237806320457e-10
YGL030W,YJR086W,2.388106622674968e-06
YGL030W,YMR025W,1.3011570487719837e-08
YGL030W,YBR081C,9.58031159825623e-06
YGL030W,YFL026W,0.14248505234718323
YGL030W,YHL007C,7.254419642777066e-08
YGL030W,YNR044W,2.0761323327178616e-08
YGL030W,YNL271C,2.946248800483886e-10
YGL030W,YDR200C,0.013280372135341167
YGL030W,YKL178C,2.5023952354708e-10
YGL030W,YOR212W,3.4671568300836952e-06
YGL030W,YOL111C,4.1149813591323525e-12
YGL030W,YGL032C,0.043510742485523224
YGL030W,YHR005C,0.00033770984737202525
YGL030W,YDR103W,0.028296297416090965
YGL030W,YJR084W,2.068868298010784e-06
YGL030W,YCL032W,2.675596723344942e-12
YGL030W,YJL170C,0.00020166204194538295
YGL030W,YDR179C,2.3313478083365226e-16
YGL030W,YBR095C,0.002701215911656618
YGL030W,YLL021W,9.533236422498703e-10
YGL030W,YDL159W,3.011110527584293e-10
YGL030W,YNL161W,5.770593816123437e-06
YGL030W,YNL188W,6.661091234150263e-09
YGL030W,YJL157C,4.4209617520649114e-14
YGL030W,YJL034W,1.0809830678151777e-12
YGL030W,YLR238W,7.436056215226472e-10
YGL030W,YPR141C,6.955095950122309e-14
YGL030W,YNL127W,0.0003960540343541652
YGL030W,YCL055W,1.0879413689379724e-12
YGL030W,YPR122W,7.094187992606749e-08
YGL030W,YMR065W,1.3976313084640424e-07
YGL030W,YDR356W,0.008121070452034473
YGL030W,YMR052W,3.27789843879156e-11
YGL030W,YFR008W,8.153759699780494e-05
YGL030W,YLL043W,4.547699461454613e-08
YGL030W,YMR029C,3.7185136914086314e-11
YGL030W,YJR004C,0.0023430611472576857
YGL030W,YDL223C,1.495224890163688e-27
YGL030W,YHR158C,2.267883701279061e-06
YGL030W,YGR238C,4.2565969859427506e-17
YGL030W,YIL015W,0.007310875225812197
YGL030W,YGL173C,1.1875767036428897e-08
YGL030W,YDL225W,1.0720595418345358e-12
YGL030W,YLR330W,1.7687253262010927e-07
YGL030W,YBR129C,1.4579919707102817e-06
YGL030W,YKR095W-A,0.2020167112350464
YGL030W,YPR075C,0.000494195322971791
YGL030W,YMR198W,3.77289120478963e-06
YGL030W,YOR127W,2.792109262978598e-13
YGL030W,YDR264C,5.612714204517033e-08
YGL030W,YLR110C,3.2630181109188916e-13
YGL030W,YDR379W,4.4859335690539126e-10
YGL030W,YDL100C,5.689367640185331e-20
YGL030W,YHR073W,0.036546289920806885
YGL030W,YJR090C,2.0640962361540005e-07
YGL030W,YOR208W,2.8502267923613545e-07
YGL030W,YBR040W,0.00032793081481941044
YGL030W,YNL279W,2.7746061741565353e-13
YGL030W,YER075C,1.822891317060371e-11
YGL030W,YCR089W,2.7826674340758473e-05
YGL030W,YCR002C,9.99570648474446e-09
YGL030W,YJL108C,9.1168139704223e-09
YGL030W,YBR200W,1.2000431759418007e-08
YGL030W,YIL026C,3.93941471240819e-16
YGL030W,YJR076C,2.9203952180978376e-06
YGL030W,YKR031C,0.38026678562164307
YGL030W,YPL192C,0.00016042598872445524
YGL030W,YHR107C,1.2837378449148673e-07
YGL030W,YIL037C,0.006996609270572662
YGL030W,YPL156C,0.00011681804608087987
YGL030W,YIL117C,2.6425113860322272e-14
YGL030W,YHR066W,4.0389912214777723e-07
YGL030W,YML085C,1.6492356254543122e-13
YGL030W,YML047C,0.9999903440475464
YGL030W,YDR312W,0.3293720781803131
YGL030W,YFL037W,4.2348285989035617e-10
YGL030W,YDL038C,0.2020167112350464
YGL030W,YDL039C,2.5216835760624116e-15
YGL030W,YCL027W,1.649075299058056e-13
YGL030W,YML124C,1.742140476324039e-08
YGL030W,YGL053W,1.5252246080704746e-12
YGL030W,YMR232W,7.281550642801449e-05
YGL030W,YNL298W,1.8780641972138135e-11
YGL030W,YGL099W,3.006566773322561e-09
YGL030W,YBL016W,1.9364372327856927e-09
YGL030W,YAL041W,2.2159744261784908e-08
YGL030W,YDR085C,0.00298830633983016
YGL030W,YPL187W,3.0048452117625857e-06
YGL030W,YPL256C,2.2755035355981335e-10
YGL030W,YDR461W,4.15835099687456e-09
YGL030W,YNL145W,1.8608276378118127e-11
YLR192C,YDL165W,7.973790898396782e-12
YLR192C,YGR059W,1.9759069935787466e-09
YLR192C,YBR109C,0.003130835946649313
YLR192C,YJL080C,0.0008991919457912445
YLR192C,YCR093W,2.3360583156772918e-07
YLR192C,YIL122W,3.0406374662561575e-07
YLR192C,YCL029C,1.3271648537094283e-11
YLR192C,YNL173C,1.1762883332266938e-05
YLR192C,YLR452C,4.362419869785583e-10
YLR192C,YDL160C,0.0934205949306488
YLR192C,YLR229C,1.2648778913160186e-08
YLR192C,YML057W,6.362955900840461e-05
YLR192C,YER149C,4.984920565220818e-07
YLR192C,YMR305C,6.872402646962428e-10
YLR192C,YLR433C,2.4016040697460994e-05
YLR192C,YJL073W,9.732686878649588e-11
YLR192C,YGR279C,9.020659774705564e-09
YLR192C,YKL190W,5.5504274787399055e-11
YLR192C,YGL089C,0.0004969673464074731
YLR192C,YJL019W,1.0179709852842223e-10
YLR192C,YJL018W,0.00038456899346783757
YLR192C,YNR032C-A,0.9852028489112854
YLR192C,YGL178W,8.029277431674219e-17
YLR192C,YKL116C,1.3610874649572224e-09
YLR192C,YDL214C,0.017642728984355927
YLR192C,YLR362W,1.419454775941631e-08
YLR192C,YER068W,1.8153432090883825e-09
YLR192C,YHR084W,1.5083942428439912e-10
YLR192C,YDR392W,6.6490959405030026e-09
YLR192C,YNL053W,2.8110436687711626e-05
YLR192C,YGR040W,7.758913852740079e-05
YLR192C,YDL216C,0.01673344150185585
YLR192C,YOL117W,6.502623818960274e-06
YLR192C,YJR086W,2.5474641063283343e-08
YLR192C,YMR025W,0.9827524423599243
YLR192C,YBR081C,0.9988741278648376
YLR192C,YFL026W,0.9998890161514282
YLR192C,YHL007C,0.00017701937758829445
YLR192C,YNR044W,0.001261468161828816
YLR192C,YNL271C,6.526291258523997e-07
YLR192C,YDR200C,5.383444658946246e-05
YLR192C,YKL178C,2.1869515975936338e-08
YLR192C,YOR212W,4.545180161130702e-07
YLR192C,YOL111C,4.089959148673118e-15
YLR192C,YGL032C,0.010248606093227863
YLR192C,YHR005C,2.1766424218583325e-09
YLR192C,YDR103W,0.0001311199157498777
YLR192C,YJR084W,0.0009671477018855512
YLR192C,YCL032W,1.5487287008397743e-09
YLR192C,YJL170C,0.7496024370193481
YLR192C,YDR179C,2.5081435002906674e-14
YLR192C,YBR095C,2.5823408122960245e-06
YLR192C,YLL021W,3.303003495602752e-06
YLR192C,YDL159W,8.101545557461995e-14
YLR192C,YNL161W,8.531234746422811e-11
YLR192C,YNL188W,4.51056152428464e-08
YLR192C,YJL157C,1.267352445211145e-07
YLR192C,YJL034W,8.42004244105965e-12
YLR192C,YLR238W,2.547365259269324e-13
YLR192C,YPR141C,4.658259058487602e-06
YLR192C,YNL127W,0.0006201902288012207
YLR192C,YCL055W,2.8921504053869285e-05
YLR192C,YPR122W,3.6319586342870025e-06
YLR192C,YMR065W,1.9378200377673238e-08
YLR192C,YDR356W,0.003840859280899167
YLR192C,YMR052W,0.9397282004356384
YLR192C,YFR008W,1.6439422324765474e-05
YLR192C,YLL043W,5.161621130511662e-11
YLR192C,YMR029C,3.967792144976556e-05
YLR192C,YJR004C,1.8073876617563656e-08
YLR192C,YDL223C,2.3406344570875426e-11
YLR192C,YHR158C,0.014327841810882092
YLR192C,YGR238C,8.825681852009382e-11
YLR192C,YIL015W,0.06346803158521652
YLR192C,YGL173C,1.1691476231590059e-07
YLR192C,YDL225W,1.8688193449634127e-05
YLR192C,YLR330W,8.584946975531693e-09
YLR192C,YBR129C,0.0031414784025400877
YLR192C,YKR095W-A,0.2020167112350464
YLR192C,YPR075C,1.1522837128907781e-09
YLR192C,YMR198W,4.288750403702579e-07
YLR192C,YOR127W,1.9800769024413967e-08
YLR192C,YDR264C,2.050542207143735e-05
YLR192C,YLR110C,1.5729868891867227e-06
YLR192C,YDR379W,2.352071533096023e-06
YLR192C,YDL100C,9.162714142973982e-09
YLR192C,YHR073W,5.466416382049477e-12
YLR192C,YJR090C,0.00013863480126019567
YLR192C,YOR208W,5.237171194494294e-07
YLR192C,YBR040W,0.06684082746505737
YLR192C,YNL279W,0.0009328652522526681
YLR192C,YER075C,1.2392115777970503e-08
YLR192C,YCR089W,3.8419599150074646e-05
YLR192C,YCR002C,0.046548355370759964
YLR192C,YJL108C,0.004544696304947138
YLR192C,YBR200W,1.5114975937535746e-08
YLR192C,YIL026C,5.714416033697489e-07
YLR192C,YJR076C,0.16462959349155426
YLR192C,YKR031C,0.0018795774085447192
YLR192C,YPL192C,1.0699427548388485e-05
YLR192C,YHR107C,7.040427352222878e-09
YLR192C,YIL037C,0.25534507632255554
YLR192C,YPL156C,8.691110451763961e-06
YLR192C,YIL117C,0.004087850451469421
YLR192C,YHR066W,9.356649925473326e-16
YLR192C,YML085C,2.013365701714065e-06
YLR192C,YML047C,1.7732411095039424e-08
YLR192C,YDR312W,1.4717033147704228e-09
YLR192C,YFL037W,0.1104142889380455
YLR192C,YDL038C,0.2020167112350464
YLR192C,YDL039C,1.0930105739831203e-15
YLR192C,YCL027W,1.0888011274801102e-05
YLR192C,YML124C,1.2011904360065273e-08
YLR192C,YGL053W,6.637717042679014e-09
YLR192C,YMR232W,0.009517189115285873
YLR192C,YNL298W,5.769921433002034e-12
YLR192C,YGL099W,9.381061032154303e-12
YLR192C,YBL016W,2.1963328725171927e-11
YLR192C,YAL041W,0.00015577574959024787
YLR192C,YDR085C,3.3547235034347977e-06
YLR192C,YPL187W,1.2792365851055365e-05
YLR192C,YPL256C,1.0196125543870949e-07
YLR192C,YDR461W,2.367413071624469e-05
YLR192C,YNL145W,1.292802380703506e-07
YOR241W,YDL165W,0.9656563997268677
YOR241W,YGR059W,2.595611704236944e-06
YOR241W,YBR109C,0.6694760322570801
YOR241W,YJL080C,0.002629572059959173
YOR241W,YCR093W,0.007120936177670956
YOR241W,YIL122W,0.9875883460044861
YOR241W,YCL029C,1.720620000644768e-11
YOR241W,YNL173C,0.9848048686981201
YOR241W,YLR452C,0.4548133313655853
YOR241W,YDL160C,0.9997884631156921
YOR241W,YLR229C,0.3555241525173187
YOR241W,YML057W,6.4605724219291005e-06
YOR241W,YER149C,1.2160973710706457e-05
YOR241W,YMR305C,0.0027744860853999853
YOR241W,YLR433C,0.00010526140249567106
YOR241W,YJL073W,2.5328766929439035e-15
YOR241W,YGR279C,0.9975759387016296
YOR241W,YKL190W,0.0013574130134657025
YOR241W,YGL089C,0.9999420642852783
YOR241W,YJL019W,0.27434784173965454
YOR241W,YJL018W,0.0023199906572699547
YOR241W,YNR032C-A,0.9995988011360168
YOR241W,YGL178W,0.930488646030426
YOR241W,YKL116C,1.9649906532373095e-15
YOR241W,YDL214C,0.11512742936611176
YOR241W,YLR362W,3.702623143908568e-05
YOR241W,YER068W,1.2419747452696583e-09
YOR241W,YHR084W,0.0003170925483573228
YOR241W,YDR392W,0.9933170080184937
YOR241W,YNL053W,0.01730884425342083
YOR241W,YGR040W,0.9903593063354492
YOR241W,YDL216C,0.7098641991615295
YOR241W,YOL117W,1.209585320793849e-06
YOR241W,YJR086W,0.9660096764564514
YOR241W,YMR025W,1.2298620504225255e-06
YOR241W,YBR081C,0.025286413729190826
YOR241W,YFL026W,0.4287704825401306
YOR241W,YHL007C,8.187583944163634e-08
YOR241W,YNR044W,0.9995138645172119
YOR241W,YNL271C,0.0005070893676020205
YOR241W,YDR200C,3.307155566290021e-05
YOR241W,YKL178C,0.14699344336986542
YOR241W,YOR212W,0.0008306922973133624
YOR241W,YOL111C,1.3322681377699562e-14
YOR241W,YGL032C,0.00921779777854681
YOR241W,YHR005C,0.0015378717798739672
YOR241W,YDR103W,0.017327362671494484
YOR241W,YJR084W,0.999852180480957
YOR241W,YCL032W,0.6728807687759399
YOR241W,YJL170C,0.008579772897064686
YOR241W,YDR179C,3.6879398521705298e-06
YOR241W,YBR095C,0.5647019743919373
YOR241W,YLL021W,0.7767892479896545
YOR241W,YDL159W,2.1336702502594562e-06
YOR241W,YNL161W,0.00064308219589293
YOR241W,YNL188W,0.020262492820620537
YOR241W,YJL157C,0.0007049996638670564
YOR241W,YJL034W,1.1152689692985399e-13
YOR241W,YLR238W,2.362826990065514e-06
YOR241W,YPR141C,0.9586817026138306
YOR241W,YNL127W,8.288699587799542e-11
YOR241W,YCL055W,0.00899669248610735
YOR241W,YPR122W,0.035888828337192535
YOR241W,YMR065W,0.9999420642852783
YOR241W,YDR356W,0.027722248807549477
YOR241W,YMR052W,0.03691387176513672
YOR241W,YFR008W,0.530631959438324
YOR241W,YLL043W,4.969521341990912e-06
YOR241W,YMR029C,0.0987628921866417
YOR241W,YJR004C,0.00013710469647776335
YOR241W,YDL223C,9.946968785755003e-15
YOR241W,YHR158C,0.0003553147835191339
YOR241W,YGR238C,0.0003414411621633917
YOR241W,YIL015W,0.9870222210884094
YOR241W,YGL173C,2.2248759705689736e-06
YOR241W,YDL225W,0.24735723435878754
YOR241W,YLR330W,0.006958301179111004
YOR241W,YBR129C,0.9999778270721436
YOR241W,YKR095W-A,0.2020167112350464
YOR241W,YPR075C,2.4584063951227364e-11
YOR241W,YMR198W,0.8914461135864258
YOR241W,YOR127W,1.1680771194733097e-06
YOR241W,YDR264C,1.2929400327266194e-05
YOR241W,YLR110C,0.25873640179634094
YOR241W,YDR379W,0.00015488782082684338
YOR241W,YDL100C,0.0002223694755230099
YOR241W,YHR073W,8.561397407902405e-06
YOR241W,YJR090C,0.25888791680336
YOR241W,YOR208W,0.0009471839875914156
YOR241W,YBR040W,0.0004937847261317074
YOR241W,YNL279W,0.17901559174060822
YOR241W,YER075C,0.003043212229385972
YOR241W,YCR089W,7.948933244961154e-08
YOR241W,YCR002C,0.9988247752189636
YOR241W,YJL108C,0.5793280601501465
YOR241W,YBR200W,1.235374107698417e-12
YOR241W,YIL026C,0.26374366879463196
YOR241W,YJR076C,0.854597806930542
YOR241W,YKR031C,1.0915094208030496e-05
YOR241W,YPL192C,0.03687489405274391
YOR241W,YHR107C,0.05052950605750084
YOR241W,YIL037C,0.0019989374559372663
YOR241W,YPL156C,0.9909635782241821
YOR241W,YIL117C,0.020373782142996788
YOR241W,YHR066W,2.944889843092824e-07
YOR241W,YML085C,2.059553298749961e-05
YOR241W,YML047C,0.7287138104438782
YOR241W,YDR312W,9.447769144799167e-08
YOR241W,YFL037W,0.999395489692688
YOR241W,YDL038C,0.2020167112350464
YOR241W,YDL039C,3.2864519439179674e-10
YOR241W,YCL027W,0.9934443235397339
YOR241W,YML124C,1.2144685257453602e-09
YOR241W,YGL053W,0.9725279808044434
YOR241W,YMR232W,0.08235610276460648
YOR241W,YNL298W,0.0002583136083558202
YOR241W,YGL099W,1.9484427959959305e-11
YOR241W,YBL016W,3.3673246482845975e-12
YOR241W,YAL041W,0.00019375167903490365
YOR241W,YDR085C,4.826204076380236e-07
YOR241W,YPL187W,0.9957075119018555
YOR241W,YPL256C,0.00016116992628667504
YOR241W,YDR461W,0.030517971143126488
YOR241W,YNL145W,0.03041551634669304
YML066C,YDL165W,0.0002416384086245671
YML066C,YGR059W,3.065684595071616e-09
YML066C,YBR109C,2.243303242721595e-06
YML066C,YJL080C,0.00014603375166188926
YML066C,YCR093W,3.7416646170296275e-11
YML066C,YIL122W,6.436581770685734e-06
YML066C,YCL029C,6.964255425600738e-14
YML066C,YNL173C,3.4602229749162517e-15
YML066C,YLR452C,0.00017727290105540305
YML066C,YDL160C,4.427974507241819e-14
YML066C,YLR229C,2.1112302420078777e-05
YML066C,YML057W,4.955144627949437e-10
YML066C,YER149C,4.5499432417273056e-06
YML066C,YMR305C,3.956580896247175e-10
YML066C,YLR433C,5.462921762955375e-05
YML066C,YJL073W,5.629957264274843e-11
YML066C,YGR279C,3.4467068088517294e-11
YML066C,YKL190W,1.2371469404470758e-09
YML066C,YGL089C,3.261850167746161e-08
YML066C,YJL019W,0.0009482246241532266
YML066C,YJL018W,0.2020167112350464
YML066C,YNR032C-A,8.092457903785544e-08
YML066C,YGL178W,0.9935125708580017
YML066C,YKL116C,6.9193434901295376e-18
YML066C,YDL214C,0.031881850212812424
YML066C,YLR362W,9.010815347210155e-07
YML066C,YER068W,0.2425418347120285
YML066C,YHR084W,1.1674829505925466e-11
YML066C,YDR392W,4.2707634406724537e-07
YML066C,YNL053W,0.0011889729648828506
YML066C,YGR040W,6.826969922713033e-08
YML066C,YDL216C,8.248397520560502e-09
YML066C,YOL117W,1.1733025530702434e-05
YML066C,YJR086W,2.6128793351176682e-08
YML066C,YMR025W,1.208841620553569e-12
YML066C,YBR081C,0.044889211654663086
YML066C,YFL026W,1.3686772201704223e-11
YML066C,YHL007C,4.114085072615126e-09
YML066C,YNR044W,1.4189377672835235e-08
YML066C,YNL271C,1.166166612165398e-07
YML066C,YDR200C,3.369343692938287e-11
YML066C,YKL178C,0.15468546748161316
YML066C,YOR212W,1.391839958841956e-07
YML066C,YOL111C,0.0003342247218824923
YML066C,YGL032C,0.0003283635014668107
YML066C,YHR005C,8.097896658787462e-11
YML066C,YDR103W,1.7855848355452508e-08
YML066C,YJR084W,5.320607843195546e-10
YML066C,YCL032W,5.1749271534617947e-08
YML066C,YJL170C,2.2003642641266197e-07
YML066C,YDR179C,3.826186478761429e-09
YML066C,YBR095C,1.0887998141972943e-10
YML066C,YLL021W,9.599640193869163e-09
YML066C,YDL159W,8.753396105021238e-05
YML066C,YNL161W,0.0009498504223302007
YML066C,YNL188W,6.2335484471987e-06
YML066C,YJL157C,9.938646599039203e-07
YML066C,YJL034W,3.831915687535492e-11
YML066C,YLR238W,6.602068651773152e-07
YML066C,YPR141C,8.251396366176778e-07
YML066C,YNL127W,0.9465211629867554
YML066C,YCL055W,1.8380631461312191e-09
YML066C,YPR122W,2.5099035697029315e-11
YML066C,YMR065W,2.120269346050918e-05
YML066C,YDR356W,2.2546979039361759e-07
YML066C,YMR052W,4.532726549655308e-08
YML066C,YFR008W,8.280965246854066e-09
YML066C,YLL043W,7.781342503676569e-08
YML066C,YMR029C,5.155528697287082e-07
YML066C,YJR004C,6.684225013486866e-07
YML066C,YDL223C,4.473405673666164e-11
YML066C,YHR158C,2.514908601369825e-07
YML066C,YGR238C,0.047268208116292953
YML066C,YIL015W,3.971198836438816e-08
YML066C,YGL173C,0.0035762630868703127
YML066C,YDL225W,0.03600465506315231
YML066C,YLR330W,1.799873246000061e-07
YML066C,YBR129C,5.9087685855274685e-08
YML066C,YKR095W-A,0.2020167112350464
YML066C,YPR075C,3.452381713842101e-09
YML066C,YMR198W,2.3802735995559487e-06
YML066C,YOR127W,1.5743084613717429e-10
YML066C,YDR264C,2.8620644343391177e-07
YML066C,YLR110C,2.9430935466479013e-09
YML066C,YDR379W,4.1806179828726697e-13
YML066C,YDL100C,0.00032077988726086915
YML066C,YHR073W,4.7886072884750774e-09
YML066C,YJR090C,7.078512862790376e-05
YML066C,YOR208W,9.27474616219115e-07
YML066C,YBR040W,1.1784634068590094e-07
YML066C,YNL279W,3.998437136942812e-09
YML066C,YER075C,0.0005558424745686352
YML066C,YCR089W,4.926040492136963e-05
YML066C,YCR002C,3.377991379238665e-05
YML066C,YJL108C,1.3363290030099506e-08
YML066C,YBR200W,6.9219249780871905e-06
YML066C,YIL026C,0.00026906709535978734
YML066C,YJR076C,2.1896589088351431e-13
YML066C,YKR031C,0.0005509165930561721
YML066C,YPL192C,0.00010706689499784261
YML066C,YHR107C,5.884884899387544e-07
YML066C,YIL037C,2.4859636571505916e-10
YML066C,YPL156C,1.24938948076192e-10
YML066C,YIL117C,9.025642384585808e-07
YML066C,YHR066W,7.440137508906222e-15
YML066C,YML085C,7.292996689251379e-17
YML066C,YML047C,2.9428479209059333e-08
YML066C,YDR312W,1.5275595899311156e-08
YML066C,YFL037W,0.010741985403001308
YML066C,YDL038C,0.2020167112350464
YML066C,YDL039C,1.1420861652233771e-11
YML066C,YCL027W,0.00013478568871505558
YML066C,YML124C,6.308915134620313e-17
YML066C,YGL053W,5.976312500433067e-11
YML066C,YMR232W,6.976806909975153e-10
YML066C,YNL298W,1.4250015611949607e-09
YML066C,YGL099W,0.0001363574992865324
YML066C,YBL016W,0.004614007193595171
YML066C,YAL041W,2.0515987841918104e-07
YML066C,YDR085C,4.319244180805981e-05
YML066C,YPL187W,1.4177387042124678e-09
YML066C,YPL256C,1.376284308207687e-05
YML066C,YDR461W,7.4293748184572905e-06
YML066C,YNL145W,2.1455480947452088e-08
YBR161W,YDL165W,1.1664462451488333e-10
YBR161W,YGR059W,2.0690645326752613e-15
YBR161W,YBR109C,2.593589165655885e-08
YBR161W,YJL080C,4.916029092582781e-18
YBR161W,YCR093W,1.7226051696184186e-09
YBR161W,YIL122W,1.1646401176790278e-08
YBR161W,YCL029C,4.9669303336941084e-08
YBR161W,YNL173C,2.6899963145865513e-08
YBR161W,YLR452C,9.961664807389865e-15
YBR161W,YDL160C,1.8293715697836888e-07
YBR161W,YLR229C,2.0986433924008452e-07
YBR161W,YML057W,1.40678091398172e-09
YBR161W,YER149C,2.725458192465169e-10
YBR161W,YMR305C,2.0467856576278365e-11
YBR161W,YLR433C,6.456541412624972e-10
YBR161W,YJL073W,5.2149225666653365e-05
YBR161W,YGR279C,1.1094970428504602e-11
YBR161W,YKL190W,1.5905412542593922e-09
YBR161W,YGL089C,1.0940218508892485e-08
YBR161W,YJL019W,2.3747150024178154e-08
YBR161W,YJL018W,0.09323630481958389
YBR161W,YNR032C-A,0.00026405754033476114
YBR161W,YGL178W,0.00012025499017909169
YBR161W,YKL116C,2.2832105997516727e-11
YBR161W,YDL214C,0.6878418326377869
YBR161W,YLR362W,4.725666906402193e-12
YBR161W,YER068W,1.3059312312102556e-11
YBR161W,YHR084W,3.008421742833889e-07
YBR161W,YDR392W,1.13126867628318e-13
YBR161W,YNL053W,8.091838026302867e-06
YBR161W,YGR040W,0.026794468984007835
YBR161W,YDL216C,3.0055730348976795e-06
YBR161W,YOL117W,5.114922721483062e-11
YBR161W,YJR086W,2.805352778523229e-06
YBR161W,YMR025W,1.2828885731508421e-09
YBR161W,YBR081C,2.0014071822060941e-07
YBR161W,YFL026W,0.6352678537368774
YBR161W,YHL007C,1.042282850739068e-13
YBR161W,YNR044W,2.6878621229512855e-16
YBR161W,YNL271C,1.418607631364921e-08
YBR161W,YDR200C,2.3305246621418974e-09
YBR161W,YKL178C,0.0010891270358115435
YBR161W,YOR212W,2.0451050659175962e-05
YBR161W,YOL111C,4.5689372285551144e-09
YBR161W,YGL032C,1.2150389011367224e-05
YBR161W,YHR005C,2.9645701449254602e-09
YBR161W,YDR103W,1.1019326393579831e-06
YBR161W,YJR084W,4.957759074386558e-07
YBR161W,YCL032W,1.5349137072462327e-08
YBR161W,YJL170C,2.510523415821808e-07
YBR161W,YDR179C,7.664313983468674e-08
YBR161W,YBR095C,0.00013431470142677426
YBR161W,YLL021W,9.180513294015924e-11
YBR161W,YDL159W,9.188294249800125e-14
YBR161W,YNL161W,2.9625452091508464e-10
YBR161W,YNL188W,2.0624522055479044e-12
YBR161W,YJL157C,1.763575451039362e-14
YBR161W,YJL034W,5.451927798105771e-10
YBR161W,YLR238W,2.2471935423595824e-09
YBR161W,YPR141C,5.2720610099754595e-09
YBR161W,YNL127W,5.423391158387858e-08
YBR161W,YCL055W,1.2320032384408649e-14
YBR161W,YPR122W,2.874951476883325e-08
YBR161W,YMR065W,1.2758607503826624e-09
YBR161W,YDR356W,1.9687369512411124e-09
YBR161W,YMR052W,1.1606058336610658e-09
YBR161W,YFR008W,2.275520637340378e-05
YBR161W,YLL043W,4.532836101134308e-06
YBR161W,YMR029C,2.945571521070778e-12
YBR161W,YJR004C,7.666543511142265e-10
YBR161W,YDL223C,2.4108512410042427e-19
YBR161W,YHR158C,0.0004964038962498307
YBR161W,YGR238C,0.029900992289185524
YBR161W,YIL015W,7.022315368088172e-11
YBR161W,YGL173C,4.48449827672448e-06
YBR161W,YDL225W,1.2872820864817669e-11
YBR161W,YLR330W,5.946652133388686e-13
YBR161W,YBR129C,0.00020650122314691544
YBR161W,YKR095W-A,0.2020167112350464
YBR161W,YPR075C,7.946768243449753e-15
YBR161W,YMR198W,1.494184984074387e-11
YBR161W,YOR127W,0.0002264412905788049
YBR161W,YDR264C,6.284784359600337e-10
YBR161W,YLR110C,8.37868356029503e-07
YBR161W,YDR379W,1.2320828091105795e-07
YBR161W,YDL100C,0.8732524514198303
YBR161W,YHR073W,0.0009270603186450899
YBR161W,YJR090C,8.468178415432792e-13
YBR161W,YOR208W,5.186752805030892e-09
YBR161W,YBR040W,9.152295774583763e-07
YBR161W,YNL279W,2.5131206005113427e-09
YBR161W,YER075C,2.9505708099009098e-08
YBR161W,YCR089W,0.003821342019364238
YBR161W,YCR002C,4.091788241566974e-07
YBR161W,YJL108C,9.237508471412966e-19
YBR161W,YBR200W,3.5488933484501472e-15
YBR161W,YIL026C,1.4458511478869637e-15
YBR161W,YJR076C,4.368495345465854e-15
YBR161W,YKR031C,0.005127016454935074
YBR161W,YPL192C,6.556347642572291e-08
YBR161W,YHR107C,1.5223089349092334e-06
YBR161W,YIL037C,1.1568807167350315e-05
YBR161W,YPL156C,0.0028373647946864367
YBR161W,YIL117C,1.598764003130082e-11
YBR161W,YHR066W,5.318301764825834e-15
YBR161W,YML085C,3.83856191277232e-09
YBR161W,YML047C,0.002407174091786146
YBR161W,YDR312W,0.0004015126032754779
YBR161W,YFL037W,5.157207993988777e-09
YBR161W,YDL038C,0.2020167112350464
YBR161W,YDL039C,0.0001075798281817697
YBR161W,YCL027W,2.379686447895324e-10
YBR161W,YML124C,4.4809613797269776e-08
YBR161W,YGL053W,2.2832671517369896e-11
YBR161W,YMR232W,1.0572864539426519e-06
YBR161W,YNL298W,4.9260043845356354e-15
YBR161W,YGL099W,3.173169726977676e-09
YBR161W,YBL016W,6.694892973335698e-10
YBR161W,YAL041W,3.284022165317424e-09
YBR161W,YDR085C,2.728612908536876e-12
YBR161W,YPL187W,5.859767497895518e-06
YBR161W,YPL256C,0.00021321093663573265
YBR161W,YDR461W,4.506242476054467e-06
YBR161W,YNL145W,1.7153638509626035e-07
YDR425W,YDL165W,5.054759640188422e-06
YDR425W,YGR059W,3.441988738472901e-08
YDR425W,YBR109C,7.578945804276316e-10
YDR425W,YJL080C,1.0956406981676992e-07
YDR425W,YCR093W,0.0072648231871426105
YDR425W,YIL122W,9.878109267447144e-05
YDR425W,YCL029C,7.075431386616149e-12
YDR425W,YNL173C,3.808677320193965e-06
YDR425W,YLR452C,0.9986816048622131
YDR425W,YDL160C,4.700018689618446e-05
YDR425W,YLR229C,0.0007616618531756103
YDR425W,YML057W,9.989630456175291e-08
YDR425W,YER149C,0.0019908917602151632
YDR425W,YMR305C,0.010711579583585262
YDR425W,YLR433C,0.0006394321098923683
YDR425W,YJL073W,7.9175949464386575e-16
YDR425W,YGR279C,0.017865214496850967
YDR425W,YKL190W,0.7903711199760437
YDR425W,YGL089C,0.106637142598629
YDR425W,YJL019W,0.15416570007801056
YDR425W,YJL018W,0.03226129338145256
YDR425W,YNR032C-A,0.005871948320418596
YDR425W,YGL178W,2.4253503649873664e-09
YDR425W,YKL116C,2.9249471822367923e-07
YDR425W,YDL214C,0.7812222838401794
YDR425W,YLR362W,0.05968908220529556
YDR425W,YER068W,2.3593692333179206e-08
YDR425W,YHR084W,0.00021176539303269237
YDR425W,YDR392W,0.00033612249535508454
YDR425W,YNL053W,0.9967723488807678
YDR425W,YGR040W,4.105330845050048e-06
YDR425W,YDL216C,0.090699203312397
YDR425W,YOL117W,0.00044496849295683205
YDR425W,YJR086W,0.0002571500663179904
YDR425W,YMR025W,3.643462696345523e-05
YDR425W,YBR081C,1.6012816104193917e-06
YDR425W,YFL026W,1.1360250027792063e-05
YDR425W,YHL007C,5.882993718842044e-07
YDR425W,YNR044W,0.8889888525009155
YDR425W,YNL271C,0.0007733068196102977
YDR425W,YDR200C,0.007087601348757744
YDR425W,YKL178C,0.9353240132331848
YDR425W,YOR212W,0.90586918592453
YDR425W,YOL111C,5.600442887221391e-10
YDR425W,YGL032C,0.0001491656876169145
YDR425W,YHR005C,0.01256837509572506
YDR425W,YDR103W,0.0007020463235676289
YDR425W,YJR084W,0.012669500894844532
YDR425W,YCL032W,0.0023374210577458143
YDR425W,YJL170C,0.9072903394699097
YDR425W,YDR179C,5.3612718431406137e-11
YDR425W,YBR095C,0.00018097976862918586
YDR425W,YLL021W,9.700486636177175e-09
YDR425W,YDL159W,1.1259919119765982e-05
YDR425W,YNL161W,0.0011876786593347788
YDR425W,YNL188W,0.0038138343952596188
YDR425W,YJL157C,2.3361540968380723e-07
YDR425W,YJL034W,0.03966992720961571
YDR425W,YLR238W,3.5761571481884857e-10
YDR425W,YPR141C,0.9529874324798584
YDR425W,YNL127W,0.014394230209290981
YDR425W,YCL055W,1.0198459264587623e-11
YDR425W,YPR122W,2.0964339455531444e-06
YDR425W,YMR065W,0.9708808064460754
YDR425W,YDR356W,3.1256408874469344e-06
YDR425W,YMR052W,2.2471037937066285e-06
YDR425W,YFR008W,1.0445692169014364e-06
YDR425W,YLL043W,1.855723348853644e-05
YDR425W,YMR029C,0.00253869011066854
YDR425W,YJR004C,7.274197173501307e-07
YDR425W,YDL223C,0.0007086734985932708
YDR425W,YHR158C,0.0011177420383319259
YDR425W,YGR238C,2.5224841010640375e-05
YDR425W,YIL015W,0.0026447928976267576
YDR425W,YGL173C,1.1959585890508606e-06
YDR425W,YDL225W,7.917835318949074e-05
YDR425W,YLR330W,0.00065941660432145
YDR425W,YBR129C,2.2677130288059448e-14
YDR425W,YKR095W-A,0.2020167112350464
YDR425W,YPR075C,8.935802907217294e-05
YDR425W,YMR198W,0.0030658338218927383
YDR425W,YOR127W,0.7395267486572266
YDR425W,YDR264C,3.6021636333316565e-05
YDR425W,YLR110C,0.7979987263679504
YDR425W,YDR379W,6.326074071694165e-05
YDR425W,YDL100C,3.2256468784908066e-06
YDR425W,YHR073W,0.6666194796562195
YDR425W,YJR090C,0.1801111400127411
YDR425W,YOR208W,1.1896299501046315e-09
YDR425W,YBR040W,0.3263964354991913
YDR425W,YNL279W,0.21955062448978424
YDR425W,YER075C,0.10978161543607712
YDR425W,YCR089W,0.0032173008657991886
YDR425W,YCR002C,0.0745682641863823
YDR425W,YJL108C,0.9825127124786377
YDR425W,YBR200W,0.0008436682401224971
YDR425W,YIL026C,4.781020834343508e-06
YDR425W,YJR076C,6.0643480537692085e-05
YDR425W,YKR031C,3.4251722809131024e-06
YDR425W,YPL192C,0.8726921081542969
YDR425W,YHR107C,0.9630576968193054
YDR425W,YIL037C,0.0008691296679899096
YDR425W,YPL156C,0.08104299008846283
YDR425W,YIL117C,1.3661278330800997e-07
YDR425W,YHR066W,1.4539026449780779e-13
YDR425W,YML085C,0.006216753739863634
YDR425W,YML047C,0.9600023627281189
YDR425W,YDR312W,2.9294838554960734e-07
YDR425W,YFL037W,0.008347280323505402
YDR425W,YDL038C,0.2020167112350464
YDR425W,YDL039C,1.0945320809696568e-06
YDR425W,YCL027W,6.418554221454542e-06
YDR425W,YML124C,3.4337592325073274e-08
YDR425W,YGL053W,0.0003187328693456948
YDR425W,YMR232W,0.11294493079185486
YDR425W,YNL298W,4.976109266863205e-07
YDR425W,YGL099W,8.716807542441529e-07
YDR425W,YBL016W,2.2103041619203623e-09
YDR425W,YAL041W,0.14532485604286194
YDR425W,YDR085C,6.347162240238902e-10
YDR425W,YPL187W,2.743803179328097e-06
YDR425W,YPL256C,1.1027264918084256e-05
YDR425W,YDR461W,1.9201475964791825e-09
YDR425W,YNL145W,1.731728475895533e-11
YLR263W,YDL165W,2.431793291179929e-07
YLR263W,YGR059W,1.7989613354529865e-08
YLR263W,YBR109C,4.564690639363711e-11
YLR263W,YJL080C,2.3998850338102784e-06
YLR263W,YCR093W,6.57969849271467e-07
YLR263W,YIL122W,1.922273077070713e-05
YLR263W,YCL029C,5.113949819168795e-10
YLR263W,YNL173C,8.516606864183984e-10
YLR263W,YLR452C,5.8839337846450235e-09
YLR263W,YDL160C,1.0280205060553271e-05
YLR263W,YLR229C,3.7121821172547698e-09
YLR263W,YML057W,4.788001118087755e-14
YLR263W,YER149C,4.971133762410318e-07
YLR263W,YMR305C,3.4010365634884465e-09
YLR263W,YLR433C,1.965008955551184e-08
YLR263W,YJL073W,1.150373191194376e-05
YLR263W,YGR279C,5.354591507966688e-07
YLR263W,YKL190W,3.144474547411846e-08
YLR263W,YGL089C,1.7764349713456085e-10
YLR263W,YJL019W,1.3812952170955128e-10
YLR263W,YJL018W,0.04323776438832283
YLR263W,YNR032C-A,0.0005014074267819524
YLR263W,YGL178W,9.910218201625298e-10
YLR263W,YKL116C,2.0150571799604222e-05
YLR263W,YDL214C,0.016699152067303658
YLR263W,YLR362W,0.000451722095021978
YLR263W,YER068W,0.0004021366185043007
YLR263W,YHR084W,2.2703641633370353e-08
YLR263W,YDR392W,2.1264243059704313e-06
YLR263W,YNL053W,7.888209802331403e-05
YLR263W,YGR040W,7.06681024809086e-09
YLR263W,YDL216C,0.0004432581481523812
YLR263W,YOL117W,2.1035868088669502e-13
YLR263W,YJR086W,0.0002698300813790411
YLR263W,YMR025W,5.413817838473278e-09
YLR263W,YBR081C,1.8062199305668436e-11
YLR263W,YFL026W,8.991759386844933e-06
YLR263W,YHL007C,4.235639153193915e-06
YLR263W,YNR044W,2.6150235498789698e-05
YLR263W,YNL271C,0.01330379955470562
YLR263W,YDR200C,0.14498162269592285
YLR263W,YKL178C,3.622662916313857e-07
YLR263W,YOR212W,8.533395146059775e-08
YLR263W,YOL111C,5.8292433102735686e-09
YLR263W,YGL032C,0.003183959051966667
YLR263W,YHR005C,3.867449049721472e-05
YLR263W,YDR103W,1.369547669716198e-10
YLR263W,YJR084W,7.240200648084283e-05
YLR263W,YCL032W,0.0843702107667923
YLR263W,YJL170C,3.916385438174075e-08
YLR263W,YDR179C,5.173989734430506e-07
YLR263W,YBR095C,3.315160211059265e-05
YLR263W,YLL021W,1.9711001494199243e-13
YLR263W,YDL159W,7.500030818619052e-09
YLR263W,YNL161W,0.0039008581079542637
YLR263W,YNL188W,9.006760137708625e-07
YLR263W,YJL157C,0.0032580133993178606
YLR263W,YJL034W,4.672972409025533e-08
YLR263W,YLR238W,4.521563369053183e-06
YLR263W,YPR141C,2.143745859939372e-06
YLR263W,YNL127W,9.799544509192515e-10
YLR263W,YCL055W,1.7273987396038137e-07
YLR263W,YPR122W,0.0007013848517090082
YLR263W,YMR065W,1.1751190953646073e-07
YLR263W,YDR356W,0.04680926352739334
YLR263W,YMR052W,1.0098878400199851e-09
YLR263W,YFR008W,1.806894545097748e-08
YLR263W,YLL043W,4.7783832446413044e-11
YLR263W,YMR029C,9.083613150551173e-08
YLR263W,YJR004C,1.8539755046731443e-06
YLR263W,YDL223C,5.8314260087399816e-08
YLR263W,YHR158C,9.834188858803827e-07
YLR263W,YGR238C,0.0001864986988948658
YLR263W,YIL015W,1.125668234180921e-07
YLR263W,YGL173C,2.8279378057050053e-06
YLR263W,YDL225W,1.5688515375700263e-08
YLR263W,YLR330W,3.7497092236771223e-11
YLR263W,YBR129C,0.00041392745333723724
YLR263W,YKR095W-A,0.2020167112350464
YLR263W,YPR075C,3.8256089851529396e-07
YLR263W,YMR198W,0.00016510338173247874
YLR263W,YOR127W,0.030764376744627953
YLR263W,YDR264C,7.870077853300295e-12
YLR263W,YLR110C,1.3707588841782581e-08
YLR263W,YDR379W,5.94963678324234e-09
YLR263W,YDL100C,5.227570043508933e-10
YLR263W,YHR073W,1.0286543101756251e-06
YLR263W,YJR090C,1.8103573085070934e-09
YLR263W,YOR208W,1.408124311597092e-11
YLR263W,YBR040W,1.5795501440152293e-06
YLR263W,YNL279W,0.0026705588679760695
YLR263W,YER075C,3.0209761462174356e-05
YLR263W,YCR089W,0.001284432946704328
YLR263W,YCR002C,0.0004688446642830968
YLR263W,YJL108C,9.178398194470763e-14
YLR263W,YBR200W,2.1063582877900444e-08
YLR263W,YIL026C,0.008147534914314747
YLR263W,YJR076C,5.838409200542571e-10
YLR263W,YKR031C,0.0043876138515770435
YLR263W,YPL192C,0.0007672331994399428
YLR263W,YHR107C,1.1642597996797122e-09
YLR263W,YIL037C,3.4541068316684687e-07
YLR263W,YPL156C,0.001522119389846921
YLR263W,YIL117C,5.595939711611209e-09
YLR263W,YHR066W,0.017569253221154213
YLR263W,YML085C,5.351727239144566e-08
YLR263W,YML047C,4.746271997646545e-08
YLR263W,YDR312W,0.005403644405305386
YLR263W,YFL037W,4.644059663405642e-05
YLR263W,YDL038C,0.2020167112350464
YLR263W,YDL039C,5.584484833115813e-14
YLR263W,YCL027W,2.1507082692551194e-06
YLR263W,YML124C,5.594734009406466e-09
YLR263W,YGL053W,3.45596412598681e-10
YLR263W,YMR232W,5.998664898143602e-10
YLR263W,YNL298W,0.00016710691852495074
YLR263W,YGL099W,6.729699436602843e-11
YLR263W,YBL016W,1.9352565772123853e-08
YLR263W,YAL041W,1.858486628480982e-11
YLR263W,YDR085C,5.3241178826768376e-11
YLR263W,YPL187W,0.986096203327179
YLR263W,YPL256C,6.889595560721773e-10
YLR263W,YDR461W,0.016311518847942352
YLR263W,YNL145W,1.3799579789974814e-07
YBR043C,YDL165W,1.6885402581365283e-12
YBR043C,YGR059W,1.0514047232845769e-07
YBR043C,YBR109C,1.0151555194604176e-14
YBR043C,YJL080C,1.7879759630322345e-13
YBR043C,YCR093W,0.00010898354230448604
YBR043C,YIL122W,0.020085617899894714
YBR043C,YCL029C,1.3486292083086937e-09
YBR043C,YNL173C,1.8986390237785145e-09
YBR043C,YLR452C,8.054530553636141e-08
YBR043C,YDL160C,0.392929345369339
YBR043C,YLR229C,0.00037455183337442577
YBR043C,YML057W,4.9156241577197335e-11
YBR043C,YER149C,0.0008569165947847068
YBR043C,YMR305C,1.262337012697401e-09
YBR043C,YLR433C,2.0973313439753838e-05
YBR043C,YJL073W,5.5661592341493815e-05
YBR043C,YGR279C,1.985525459324844e-13
YBR043C,YKL190W,1.36599658162595e-06
YBR043C,YGL089C,1.2882236660516355e-05
YBR043C,YJL019W,1.4146942817205854e-07
YBR043C,YJL018W,0.00036654132418334484
YBR043C,YNR032C-A,0.4737541675567627
YBR043C,YGL178W,5.942061065411508e-09
YBR043C,YKL116C,0.1366729736328125
YBR043C,YDL214C,8.972851794908365e-09
YBR043C,YLR362W,6.675599593108927e-07
YBR043C,YER068W,1.9023857021238655e-05
YBR043C,YHR084W,2.4950080890207005e-10
YBR043C,YDR392W,4.8214188717865536e-12
YBR043C,YNL053W,2.713976066104351e-08
YBR043C,YGR040W,0.02672472409904003
YBR043C,YDL216C,0.006468920968472958
YBR043C,YOL117W,5.208729558781044e-10
YBR043C,YJR086W,1.0051051109052648e-16
YBR043C,YMR025W,1.56013229002383e-08
YBR043C,YBR081C,0.5519987940788269
YBR043C,YFL026W,2.9292566523508867e-06
YBR043C,YHL007C,4.86213593831053e-08
YBR043C,YNR044W,4.136073130212026e-06
YBR043C,YNL271C,0.00015369233733508736
YBR043C,YDR200C,1.027825047295039e-11
YBR043C,YKL178C,7.092904706951231e-05
YBR043C,YOR212W,1.2256873033883453e-13
YBR043C,YOL111C,1.689230526291663e-11
YBR043C,YGL032C,9.74531774722287e-11
YBR043C,YHR005C,8.603379120231125e-11
YBR043C,YDR103W,0.004163645673543215
YBR043C,YJR084W,6.30537613233173e-07
YBR043C,YCL032W,2.1584380647254875e-06
YBR043C,YJL170C,8.392574386562046e-07
YBR043C,YDR179C,4.0229868047969575e-12
YBR043C,YBR095C,4.933157526920695e-08
YBR043C,YLL021W,1.2859784348506764e-08
YBR043C,YDL159W,6.565144303749548e-07
YBR043C,YNL161W,0.00019959644123446196
YBR043C,YNL188W,4.8473686869998645e-11
YBR043C,YJL157C,3.1545165785074047e-13
YBR043C,YJL034W,2.3848232416634474e-12
YBR043C,YLR238W,0.012358750216662884
YBR043C,YPR141C,0.8998937606811523
YBR043C,YNL127W,0.013328622095286846
YBR043C,YCL055W,8.525618966359616e-08
YBR043C,YPR122W,0.00038274136022664607
YBR043C,YMR065W,6.736888735758839e-06
YBR043C,YDR356W,0.0015139082679525018
YBR043C,YMR052W,0.0006192895234562457
YBR043C,YFR008W,3.2526588711334625e-07
YBR043C,YLL043W,1.2548411094936984e-11
YBR043C,YMR029C,1.0688881556123256e-13
YBR043C,YJR004C,2.2505704691866413e-05
YBR043C,YDL223C,3.982007967806567e-07
YBR043C,YHR158C,2.609789589769207e-06
YBR043C,YGR238C,4.630663630322829e-10
YBR043C,YIL015W,0.9292801022529602
YBR043C,YGL173C,1.0518440518580974e-07
YBR043C,YDL225W,1.2229435242261388e-07
YBR043C,YLR330W,5.4155528950161624e-09
YBR043C,YBR129C,2.6218056518700905e-05
YBR043C,YKR095W-A,0.2020167112350464
YBR043C,YPR075C,0.00015276134945452213
YBR043C,YMR198W,0.02249547466635704
YBR043C,YOR127W,0.002719360636547208
YBR043C,YDR264C,6.629679027980728e-10
YBR043C,YLR110C,1.1641199115786094e-09
YBR043C,YDR379W,0.00015300684026442468
YBR043C,YDL100C,1.300098917411674e-10
YBR043C,YHR073W,0.0006503877812065184
YBR043C,YJR090C,0.0022345134057104588
YBR043C,YOR208W,7.608362273536784e-10
YBR043C,YBR040W,0.9722245335578918
YBR043C,YNL279W,0.0013162079267203808
YBR043C,YER075C,0.009591706097126007
YBR043C,YCR089W,0.001507757231593132
YBR043C,YCR002C,3.1784165143572407e-12
YBR043C,YJL108C,8.727590317114675e-10
YBR043C,YBR200W,1.4254843335947953e-05
YBR043C,YIL026C,8.359243656741455e-05
YBR043C,YJR076C,7.108302088454366e-05
YBR043C,YKR031C,3.142736204608809e-07
YBR043C,YPL192C,0.4502963125705719
YBR043C,YHR107C,7.493291542814973e-10
YBR043C,YIL037C,0.09910788387060165
YBR043C,YPL156C,4.88046498503536e-05
YBR043C,YIL117C,3.2118029075082e-14
YBR043C,YHR066W,6.289616722408853e-14
YBR043C,YML085C,2.9135788698125484e-14
YBR043C,YML047C,0.0003089981328230351
YBR043C,YDR312W,1.915024345697236e-12
YBR043C,YFL037W,9.607111215229319e-17
YBR043C,YDL038C,0.2020167112350464
YBR043C,YDL039C,1.30279278033954e-13
YBR043C,YCL027W,5.107642087054387e-10
YBR043C,YML124C,4.730719288525975e-11
YBR043C,YGL053W,5.239900957576538e-09
YBR043C,YMR232W,4.857292346116537e-10
YBR043C,YNL298W,8.402774255955592e-06
YBR043C,YGL099W,9.259132127681369e-08
YBR043C,YBL016W,3.953115893846502e-15
YBR043C,YAL041W,2.8849442969658412e-05
YBR043C,YDR085C,4.625975991157105e-10
YBR043C,YPL187W,3.2235723779194814e-07
YBR043C,YPL256C,2.1695690152734835e-15
YBR043C,YDR461W,0.0002295205049449578
YBR043C,YNL145W,1.6274748475958445e-12
YER032W,YDL165W,0.0006259817746467888
YER032W,YGR059W,1.2189985687527383e-09
YER032W,YBR109C,0.004793981555849314
YER032W,YJL080C,0.7097635865211487
YER032W,YCR093W,0.0237595085054636
YER032W,YIL122W,4.573586807055108e-07
YER032W,YCL029C,1.2814320785037303e-11
YER032W,YNL173C,3.0917060939827934e-05
YER032W,YLR452C,0.31030869483947754
YER032W,YDL160C,0.00014805402315687388
YER032W,YLR229C,4.4216795913598617e-07
YER032W,YML057W,4.1005514955783084e-11
YER032W,YER149C,0.0002573462843429297
YER032W,YMR305C,2.823047225319897e-06
YER032W,YLR433C,6.892910460010171e-05
YER032W,YJL073W,1.2555695372284958e-10
YER032W,YGR279C,0.002297975355759263
YER032W,YKL190W,9.949609420800698e-07
YER032W,YGL089C,0.007236548699438572
YER032W,YJL019W,0.0006454566610045731
YER032W,YJL018W,0.00026489823358133435
YER032W,YNR032C-A,0.00015680627257097512
YER032W,YGL178W,8.426011555151547e-10
YER032W,YKL116C,4.4730155690508866e-10
YER032W,YDL214C,0.9996016621589661
YER032W,YLR362W,2.393956499702199e-08
YER032W,YER068W,0.005944759119302034
YER032W,YHR084W,0.00013566869893111289
YER032W,YDR392W,3.2574907891103067e-06
YER032W,YNL053W,0.0009399823611602187
YER032W,YGR040W,1.3482639360518078e-07
YER032W,YDL216C,1.836086630646605e-05
YER032W,YOL117W,2.0088719576705216e-10
YER032W,YJR086W,0.0011213361285626888
YER032W,YMR025W,4.250704478181433e-06
YER032W,YBR081C,0.05312509089708328
YER032W,YFL026W,0.21885892748832703
YER032W,YHL007C,1.4289018963609124e-06
YER032W,YNR044W,0.03331485018134117
YER032W,YNL271C,0.01449756883084774
YER032W,YDR200C,7.438588056629669e-08
YER032W,YKL178C,3.199405407272593e-09
YER032W,YOR212W,0.5331918597221375
YER032W,YOL111C,2.6794235964189284e-05
YER032W,YGL032C,3.0250468796566565e-10
YER032W,YHR005C,2.3269558369065635e-06
YER032W,YDR103W,0.8586529493331909
YER032W,YJR084W,1.0764611943159252e-05
YER032W,YCL032W,4.810415248357458e-07
YER032W,YJL170C,0.931189775466919
YER032W,YDR179C,5.20047842655913e-06
YER032W,YBR095C,3.326395062175358e-11
YER032W,YLL021W,0.004796942230314016
YER032W,YDL159W,7.983034606695583e-07
YER032W,YNL161W,1.2315963715536782e-07
YER032W,YNL188W,2.999551907123532e-05
YER032W,YJL157C,0.007518504746258259
YER032W,YJL034W,1.75046607182594e-05
YER032W,YLR238W,1.1809463984491231e-07
YER032W,YPR141C,8.629773284862807e-11
YER032W,YNL127W,1.2493679701908178e-10
YER032W,YCL055W,1.4174757201335098e-10
YER032W,YPR122W,0.9950019717216492
YER032W,YMR065W,0.00024256034521386027
YER032W,YDR356W,3.5528730222722515e-05
YER032W,YMR052W,0.00011088300379924476
YER032W,YFR008W,7.5129714787181e-06
YER032W,YLL043W,0.0008709991816431284
YER032W,YMR029C,2.2690211931575277e-09
YER032W,YJR004C,5.511218703624365e-10
YER032W,YDL223C,1.3488515548942814e-07
YER032W,YHR158C,0.9997417330741882
YER032W,YGR238C,7.693807613576298e-13
YER032W,YIL015W,0.000517953303642571
YER032W,YGL173C,0.01594875380396843
YER032W,YDL225W,2.0680517991422676e-06
YER032W,YLR330W,0.0005922387354075909
YER032W,YBR129C,2.1573076658398804e-09
YER032W,YKR095W-A,0.2020167112350464
YER032W,YPR075C,2.6116359075345486e-10
YER032W,YMR198W,6.70373132005686e-11
YER032W,YOR127W,8.797867394605419e-07
YER032W,YDR264C,1.870798587333411e-05
YER032W,YLR110C,1.3300641512614675e-05
YER032W,YDR379W,0.026561131700873375
YER032W,YDL100C,2.658995015281107e-07
YER032W,YHR073W,2.3204699880347013e-12
YER032W,YJR090C,0.0006703358376398683
YER032W,YOR208W,4.821212655770069e-07
YER032W,YBR040W,0.09484633058309555
YER032W,YNL279W,0.04528432339429855
YER032W,YER075C,3.697951233422314e-12
YER032W,YCR089W,9.498280269326642e-05
YER032W,YCR002C,7.137135253287852e-05
YER032W,YJL108C,0.986828625202179
YER032W,YBR200W,4.152757071551605e-08
YER032W,YIL026C,0.0017499959794804454
YER032W,YJR076C,1.5136072306631831e-06
YER032W,YKR031C,4.66595811303705e-05
YER032W,YPL192C,0.00038561667315661907
YER032W,YHR107C,1.1404638371459441e-06
YER032W,YIL037C,0.00035538271185941994
YER032W,YPL156C,0.0032338767778128386
YER032W,YIL117C,0.9965527057647705
YER032W,YHR066W,9.316125648695106e-11
YER032W,YML085C,0.0005018165102228522
YER032W,YML047C,1.929543714140891e-06
YER032W,YDR312W,0.004526216071099043
YER032W,YFL037W,0.9954479336738586
YER032W,YDL038C,0.2020167112350464
YER032W,YDL039C,6.155087290543593e-13
YER032W,YCL027W,0.8990651965141296
YER032W,YML124C,2.3531942616727974e-08
YER032W,YGL053W,0.0016074650920927525
YER032W,YMR232W,0.00019884936045855284
YER032W,YNL298W,0.026664476841688156
YER032W,YGL099W,7.200327445389121e-08
YER032W,YBL016W,3.89969029290782e-11
YER032W,YAL041W,3.881076793277316e-09
YER032W,YDR085C,0.06917718052864075
YER032W,YPL187W,6.217212075027012e-12
YER032W,YPL256C,2.2371530405962403e-08
YER032W,YDR461W,0.0077866679057478905
YER032W,YNL145W,0.9734675288200378
YHR092C,YDL165W,1.8860055184255486e-10
YHR092C,YGR059W,1.5917090765861864e-17
YHR092C,YBR109C,4.22455005818969e-14
YHR092C,YJL080C,4.98083207613141e-18
YHR092C,YCR093W,0.004509218968451023
YHR092C,YIL122W,4.2517010745424244e-11
YHR092C,YCL029C,0.005245848558843136
YHR092C,YNL173C,7.463581845639004e-17
YHR092C,YLR452C,0.0002523218863643706
YHR092C,YDL160C,3.370366637796553e-18
YHR092C,YLR229C,2.9730911137448857e-06
YHR092C,YML057W,2.2116733290156003e-14
YHR092C,YER149C,2.171382518234566e-11
YHR092C,YMR305C,2.427764816980739e-14
YHR092C,YLR433C,2.0347609819282297e-08
YHR092C,YJL073W,8.77925110387423e-09
YHR092C,YGR279C,1.8834249715382612e-07
YHR092C,YKL190W,1.6055653759394772e-05
YHR092C,YGL089C,2.866709688692683e-16
YHR092C,YJL019W,1.8757777979772072e-06
YHR092C,YJL018W,7.242045103339478e-05
YHR092C,YNR032C-A,0.008380516432225704
YHR092C,YGL178W,1.1444667507021222e-06
YHR092C,YKL116C,0.0006219696369953454
YHR092C,YDL214C,4.630235750369138e-08
YHR092C,YLR362W,1.0967299601816194e-07
YHR092C,YER068W,6.291377835365708e-11
YHR092C,YHR084W,2.555039145590854e-06
YHR092C,YDR392W,9.476732998336956e-07
YHR092C,YNL053W,0.5913453698158264
YHR092C,YGR040W,1.1653810361167416e-06
YHR092C,YDL216C,7.117584299720647e-11
YHR092C,YOL117W,1.3715794056068376e-09
YHR092C,YJR086W,7.709974325642577e-11
YHR092C,YMR025W,1.2521449155311615e-10
YHR092C,YBR081C,3.66643853055848e-08
YHR092C,YFL026W,1.8294026631338056e-06
YHR092C,YHL007C,1.288007388211554e-05
YHR092C,YNR044W,0.01670108549296856
YHR092C,YNL271C,1.533502193501804e-13
YHR092C,YDR200C,5.605981174064412e-13
YHR092C,YKL178C,3.457029151832103e-08
YHR092C,YOR212W,1.6204938901864807e-06
YHR092C,YOL111C,1.4286530292118016e-10
YHR092C,YGL032C,3.3793608622545435e-07
YHR092C,YHR005C,1.4840844414720777e-05
YHR092C,YDR103W,6.205992750946132e-12
YHR092C,YJR084W,2.7244900779876957e-11
YHR092C,YCL032W,2.0443538355230384e-12
YHR092C,YJL170C,1.0212931032555633e-13
YHR092C,YDR179C,9.558650617691455e-07
YHR092C,YBR095C,3.9247982641654744e-08
YHR092C,YLL021W,4.168714706764831e-09
YHR092C,YDL159W,7.221603368634533e-07
YHR092C,YNL161W,0.0013742756564170122
YHR092C,YNL188W,3.18153424612444e-12
YHR092C,YJL157C,0.023059096187353134
YHR092C,YJL034W,1.7515406782154696e-18
YHR092C,YLR238W,6.559747411927219e-09
YHR092C,YPR141C,0.27213484048843384
YHR092C,YNL127W,3.3073682139360405e-13
YHR092C,YCL055W,1.0535779438214377e-05
YHR092C,YPR122W,0.01090273354202509
YHR092C,YMR065W,0.9900320768356323
YHR092C,YDR356W,0.5417554378509521
YHR092C,YMR052W,0.00018370379984844476
YHR092C,YFR008W,1.7894788620608773e-15
YHR092C,YLL043W,4.331190666562179e-06
YHR092C,YMR029C,2.7128743706089945e-15
YHR092C,YJR004C,5.173389217816293e-05
YHR092C,YDL223C,6.3450470406678505e-06
YHR092C,YHR158C,2.6381379719664366e-12
YHR092C,YGR238C,3.3607708282978876e-10
YHR092C,YIL015W,0.05941933020949364
YHR092C,YGL173C,0.00016433345444966108
YHR092C,YDL225W,3.141859441144851e-20
YHR092C,YLR330W,1.4057789654575714e-11
YHR092C,YBR129C,3.290188260729465e-11
YHR092C,YKR095W-A,0.2020167112350464
YHR092C,YPR075C,3.0785082816287e-11
YHR092C,YMR198W,0.0009065666235983372
YHR092C,YOR127W,8.452787948753926e-12
YHR092C,YDR264C,4.543767136055976e-05
YHR092C,YLR110C,9.139431346393173e-20
YHR092C,YDR379W,1.2714193237182807e-14
YHR092C,YDL100C,8.078472549385377e-15
YHR092C,YHR073W,1.5464482316929207e-07
YHR092C,YJR090C,3.0763160907554266e-09
YHR092C,YOR208W,1.0566312364998498e-12
YHR092C,YBR040W,5.55066246871877e-14
YHR092C,YNL279W,0.01856544241309166
YHR092C,YER075C,5.770460932003063e-12
YHR092C,YCR089W,2.7596069873681017e-09
YHR092C,YCR002C,2.3329772141922334e-11
YHR092C,YJL108C,9.167749226435262e-07
YHR092C,YBR200W,2.074603943497122e-12
YHR092C,YIL026C,1.4345933295467628e-12
YHR092C,YJR076C,0.0011473430786281824
YHR092C,YKR031C,0.0013756295666098595
YHR092C,YPL192C,4.1146213902720774e-07
YHR092C,YHR107C,1.9091389927283764e-11
YHR092C,YIL037C,0.40372657775878906
YHR092C,YPL156C,1.7012148134654126e-07
YHR092C,YIL117C,2.467842250553076e-07
YHR092C,YHR066W,6.956754532438936e-07
YHR092C,YML085C,1.7284713749177172e-06
YHR092C,YML047C,0.0006633729208260775
YHR092C,YDR312W,2.0803246059131197e-07
YHR092C,YFL037W,5.2180695320203085e-09
YHR092C,YDL038C,0.2020167112350464
YHR092C,YDL039C,1.3191967049991371e-12
YHR092C,YCL027W,0.01020475197583437
YHR092C,YML124C,8.78495175443061e-19
YHR092C,YGL053W,2.4203515636145312e-08
YHR092C,YMR232W,1.871774838946294e-05
YHR092C,YNL298W,2.608614977361867e-07
YHR092C,YGL099W,1.5913909079401378e-09
YHR092C,YBL016W,1.4547600812875316e-06
YHR092C,YAL041W,0.9775909185409546
YHR092C,YDR085C,1.0288936081954887e-23
YHR092C,YPL187W,6.102882821323874e-08
YHR092C,YPL256C,2.1857792944501853e-06
YHR092C,YDR461W,1.306522390276399e-10
YHR092C,YNL145W,0.005844735074788332
YMR041C,YDL165W,0.0010317546548321843
YMR041C,YGR059W,5.254076338633224e-15
YMR041C,YBR109C,7.506934252887731e-06
YMR041C,YJL080C,6.817100217659799e-10
YMR041C,YCR093W,0.9858036041259766
YMR041C,YIL122W,0.1054958626627922
YMR041C,YCL029C,7.371721899573913e-09
YMR041C,YNL173C,1.3959323041490279e-05
YMR041C,YLR452C,6.890028234366949e-14
YMR041C,YDL160C,1.7970462522498565e-06
YMR041C,YLR229C,0.000679131830111146
YMR041C,YML057W,2.332944177396712e-06
YMR041C,YER149C,0.048815350979566574
YMR041C,YMR305C,1.3251432839922472e-08
YMR041C,YLR433C,0.9998036026954651
YMR041C,YJL073W,3.3375416874512542e-15
YMR041C,YGR279C,7.917030364623656e-10
YMR041C,YKL190W,5.763444642070681e-05
YMR041C,YGL089C,8.902972331270576e-05
YMR041C,YJL019W,0.0011807059636339545
YMR041C,YJL018W,0.03317713364958763
YMR041C,YNR032C-A,0.9989497065544128
YMR041C,YGL178W,4.345493834989611e-06
YMR041C,YKL116C,1.8478644392416754e-08
YMR041C,YDL214C,2.6051344320876524e-05
YMR041C,YLR362W,0.0003937872825190425
YMR041C,YER068W,5.647507805406349e-06
YMR041C,YHR084W,4.7965151756362e-16
YMR041C,YDR392W,9.182291478282423e-07
YMR041C,YNL053W,6.993576243985444e-05
YMR041C,YGR040W,0.39505860209465027
YMR041C,YDL216C,0.01326710730791092
YMR041C,YOL117W,0.02401410974562168
YMR041C,YJR086W,1.232086806711441e-12
YMR041C,YMR025W,0.008672008290886879
YMR041C,YBR081C,0.0001907713303808123
YMR041C,YFL026W,1.979448665231438e-17
YMR041C,YHL007C,3.109366616627085e-06
YMR041C,YNR044W,0.08816000819206238
YMR041C,YNL271C,2.552234764152672e-05
YMR041C,YDR200C,1.132186788765921e-08
YMR041C,YKL178C,0.9039151072502136
YMR041C,YOR212W,1.0481819947595616e-13
YMR041C,YOL111C,6.875870184330779e-08
YMR041C,YGL032C,7.31992212069793e-13
YMR041C,YHR005C,1.8658476998688334e-13
YMR041C,YDR103W,0.00247134268283844
YMR041C,YJR084W,0.00015075906412675977
YMR041C,YCL032W,0.041693396866321564
YMR041C,YJL170C,4.0719771304820185e-12
YMR041C,YDR179C,3.656479199282137e-12
YMR041C,YBR095C,1.2676582006321269e-11
YMR041C,YLL021W,1.5298627343318422e-16
YMR041C,YDL159W,4.858744039293013e-15
YMR041C,YNL161W,0.1465701162815094
YMR041C,YNL188W,1.118563141416784e-12
YMR041C,YJL157C,1.203331100640322e-21
YMR041C,YJL034W,1.563765592005165e-17
YMR041C,YLR238W,1.1417626843979178e-09
YMR041C,YPR141C,1.5195203428852722e-10
YMR041C,YNL127W,0.09940776973962784
YMR041C,YCL055W,1.6737318182889066e-13
YMR041C,YPR122W,0.01640774868428707
YMR041C,YMR065W,2.760120083877826e-11
YMR041C,YDR356W,2.665218198671937e-05
YMR041C,YMR052W,0.0052977972663939
YMR041C,YFR008W,7.828980415069964e-06
YMR041C,YLL043W,0.04883520305156708
YMR041C,YMR029C,9.426055839867331e-06
YMR041C,YJR004C,0.03466157242655754
YMR041C,YDL223C,2.218380132035236e-06
YMR041C,YHR158C,2.2365807126334403e-06
YMR041C,YGR238C,1.0702269149023835e-12
YMR041C,YIL015W,0.00011615613766480237
YMR041C,YGL173C,1.6076938391673679e-10
YMR041C,YDL225W,2.3064596916810842e-06
YMR041C,YLR330W,1.705332576540375e-11
YMR041C,YBR129C,0.0011522482382133603
YMR041C,YKR095W-A,0.2020167112350464
YMR041C,YPR075C,0.017091676592826843
YMR041C,YMR198W,0.5575942397117615
YMR041C,YOR127W,4.6898643631720915e-05
YMR041C,YDR264C,0.0009140422334894538
YMR041C,YLR110C,0.9730592966079712
YMR041C,YDR379W,6.429030236176914e-06
YMR041C,YDL100C,1.7951445885344697e-10
YMR041C,YHR073W,0.21821370720863342
YMR041C,YJR090C,0.006510444451123476
YMR041C,YOR208W,0.19089527428150177
YMR041C,YBR040W,0.9703782200813293
YMR041C,YNL279W,0.0003060422604903579
YMR041C,YER075C,0.8916239738464355
YMR041C,YCR089W,0.9249635338783264
YMR041C,YCR002C,0.08700430393218994
YMR041C,YJL108C,2.366985718538217e-09
YMR041C,YBR200W,0.051074106246232986
YMR041C,YIL026C,1.1888493645528797e-05
YMR041C,YJR076C,1.8678199467103695e-06
YMR041C,YKR031C,0.47824037075042725
YMR041C,YPL192C,1.468820028094342e-05
YMR041C,YHR107C,2.4001139991014497e-06
YMR041C,YIL037C,1.480251512475661e-07
YMR041C,YPL156C,0.0001595865614945069
YMR041C,YIL117C,9.151073754765093e-06
YMR041C,YHR066W,2.7105561718754334e-12
YMR041C,YML085C,6.116689821311638e-09
YMR041C,YML047C,0.9969447255134583
YMR041C,YDR312W,0.0002391143934801221
YMR041C,YFL037W,1.1157205801609615e-12
YMR041C,YDL038C,0.2020167112350464
YMR041C,YDL039C,1.0240511780570949e-13
YMR041C,YCL027W,0.0003418727428652346
YMR041C,YML124C,1.455212033241871e-17
YMR041C,YGL053W,4.2303534428356215e-05
YMR041C,YMR232W,6.641538493568078e-05
YMR041C,YNL298W,0.9510856866836548
YMR041C,YGL099W,1.911030949486303e-06
YMR041C,YBL016W,7.824016906360018e-14
YMR041C,YAL041W,0.00013674657384399325
YMR041C,YDR085C,2.06533073310311e-07
YMR041C,YPL187W,0.0010759332217276096
YMR041C,YPL256C,0.02159743569791317
YMR041C,YDR461W,3.0773817463721084e-18
YMR041C,YNL145W,1.0398513156090325e-15
YDR283C,YDL165W,2.9042872551343635e-09
YDR283C,YGR059W,0.0004599879030138254
YDR283C,YBR109C,1.3946983017376624e-06
YDR283C,YJL080C,2.416108691249974e-05
YDR283C,YCR093W,1.0043181930541323e-07
YDR283C,YIL122W,0.0005667504156008363
YDR283C,YCL029C,2.6965804806114435e-13
YDR283C,YNL173C,1.8906018794950796e-07
YDR283C,YLR452C,8.75162234348359e-11
YDR283C,YDL160C,3.461929736658931e-05
YDR283C,YLR229C,2.624172452669882e-07
YDR283C,YML057W,1.6815153003335581e-06
YDR283C,YER149C,1.7692435294591746e-09
YDR283C,YMR305C,0.7109485268592834
YDR283C,YLR433C,1.7034315533237532e-05
YDR283C,YJL073W,6.438003907760503e-08
YDR283C,YGR279C,0.5772918462753296
YDR283C,YKL190W,9.45241662719809e-09
YDR283C,YGL089C,0.028337204828858376
YDR283C,YJL019W,3.995534996192873e-07
YDR283C,YJL018W,0.003536613890901208
YDR283C,YNR032C-A,0.6824331879615784
YDR283C,YGL178W,5.5232920459502566e-09
YDR283C,YKL116C,1.513711031519982e-11
YDR283C,YDL214C,0.7730989456176758
YDR283C,YLR362W,1.0040753645190748e-10
YDR283C,YER068W,1.2749604974202078e-13
YDR283C,YHR084W,5.833550403622212e-06
YDR283C,YDR392W,4.686353065608273e-07
YDR283C,YNL053W,1.0313234710679353e-09
YDR283C,YGR040W,2.4255875530343474e-08
YDR283C,YDL216C,4.921190338791348e-05
YDR283C,YOL117W,3.867592010542431e-12
YDR283C,YJR086W,2.0318659255114113e-10
YDR283C,YMR025W,0.006317731458693743
YDR283C,YBR081C,5.7442674005869776e-05
YDR283C,YFL026W,2.013239054576843e-06
YDR283C,YHL007C,5.7038145314436406e-05
YDR283C,YNR044W,7.231347990455106e-05
YDR283C,YNL271C,0.0005399575456976891
YDR283C,YDR200C,2.7162940341440844e-07
YDR283C,YKL178C,1.219900980231614e-07
YDR283C,YOR212W,0.22787469625473022
YDR283C,YOL111C,1.799095768195702e-11
YDR283C,YGL032C,5.271844419341143e-11
YDR283C,YHR005C,3.492449662800823e-10
YDR283C,YDR103W,6.919541988281708e-07
YDR283C,YJR084W,0.006649680435657501
YDR283C,YCL032W,1.7427984388973528e-08
YDR283C,YJL170C,0.00012823371798731387
YDR283C,YDR179C,2.720385054999497e-07
YDR283C,YBR095C,0.0003583201323635876
YDR283C,YLL021W,8.885449709339355e-09
YDR283C,YDL159W,2.1307116227636813e-12
YDR283C,YNL161W,7.112730236258358e-05
YDR283C,YNL188W,1.8067308760194578e-10
YDR283C,YJL157C,0.0013889034744352102
YDR283C,YJL034W,2.1365066833756163e-12
YDR283C,YLR238W,0.004553320351988077
YDR283C,YPR141C,1.2664269632978176e-09
YDR283C,YNL127W,6.1030033975839615e-05
YDR283C,YCL055W,2.8415084174504557e-10
YDR283C,YPR122W,5.0030202203288354e-09
YDR283C,YMR065W,0.060803305357694626
YDR283C,YDR356W,1.9368029402500042e-09
YDR283C,YMR052W,0.00830103363841772
YDR283C,YFR008W,7.00420860084705e-05
YDR283C,YLL043W,0.0004204531433060765
YDR283C,YMR029C,2.1459366053022677e-06
YDR283C,YJR004C,4.471746251510922e-06
YDR283C,YDL223C,1.2545238285699423e-13
YDR283C,YHR158C,0.0001760817103786394
YDR283C,YGR238C,2.009773680811122e-09
YDR283C,YIL015W,0.00019349691865500063
YDR283C,YGL173C,0.018962794914841652
YDR283C,YDL225W,0.00176559470128268
YDR283C,YLR330W,0.8535791635513306
YDR283C,YBR129C,4.1096637204418585e-08
YDR283C,YKR095W-A,0.2020167112350464
YDR283C,YPR075C,1.0406821274955291e-05
YDR283C,YMR198W,0.04105135798454285
YDR283C,YOR127W,4.501571737591803e-08
YDR283C,YDR264C,1.3229504247647128e-07
YDR283C,YLR110C,3.0314206469483906e-06
YDR283C,YDR379W,2.5400436901735284e-17
YDR283C,YDL100C,2.0201443362566351e-07
YDR283C,YHR073W,2.1727650164393708e-05
YDR283C,YJR090C,0.00012470627552829683
YDR283C,YOR208W,2.6734555541585436e-11
YDR283C,YBR040W,0.12396343797445297
YDR283C,YNL279W,0.027261458337306976
YDR283C,YER075C,5.438884727482218e-06
YDR283C,YCR089W,0.007902194745838642
YDR283C,YCR002C,0.0221452247351408
YDR283C,YJL108C,1.2400338533780086e-09
YDR283C,YBR200W,1.2452176179067465e-06
YDR283C,YIL026C,1.702907326261993e-08
YDR283C,YJR076C,3.800683998633758e-06
YDR283C,YKR031C,1.6006036958060577e-06
YDR283C,YPL192C,6.39027959437044e-08
YDR283C,YHR107C,0.00011428508878452703
YDR283C,YIL037C,0.25414398312568665
YDR283C,YPL156C,0.02216452732682228
YDR283C,YIL117C,3.223115108141883e-09
YDR283C,YHR066W,3.8053293155426715e-12
YDR283C,YML085C,2.1341965972254684e-09
YDR283C,YML047C,6.531461167469388e-06
YDR283C,YDR312W,6.117596429433547e-10
YDR283C,YFL037W,0.0061043365858495235
YDR283C,YDL038C,0.2020167112350464
YDR283C,YDL039C,8.48012719073532e-12
YDR283C,YCL027W,7.321389272618717e-09
YDR283C,YML124C,1.983452513343309e-08
YDR283C,YGL053W,7.378343491737382e-10
YDR283C,YMR232W,8.409726433455944e-05
YDR283C,YNL298W,1.0454238008605898e-07
YDR283C,YGL099W,2.8820845016097607e-11
YDR283C,YBL016W,1.6447685993625782e-05
YDR283C,YAL041W,0.21852336823940277
YDR283C,YDR085C,0.4904060959815979
YDR283C,YPL187W,0.00047067340346984565
YDR283C,YPL256C,6.035013377925225e-09
YDR283C,YDR461W,9.987934958266553e-12
YDR283C,YNL145W,5.111764949106146e-07
YGL253W,YDL165W,2.6299700264797998e-11
YGL253W,YGR059W,2.7708165362128057e-06
YGL253W,YBR109C,4.3281783490556336e-08
YGL253W,YJL080C,0.0005957416724413633
YGL253W,YCR093W,4.915636395708134e-07
YGL253W,YIL122W,0.00017587532056495547
YGL253W,YCL029C,0.00014465974527411163
YGL253W,YNL173C,2.758245955192251e-06
YGL253W,YLR452C,0.002954119350761175
YGL253W,YDL160C,9.637262337491848e-06
YGL253W,YLR229C,1.4855704444372009e-09
YGL253W,YML057W,7.465131079487444e-14
YGL253W,YER149C,5.949150818196358e-06
YGL253W,YMR305C,2.74650568954371e-09
YGL253W,YLR433C,0.0004965572734363377
YGL253W,YJL073W,0.000359615427441895
YGL253W,YGR279C,2.721228444809527e-15
YGL253W,YKL190W,2.11538093708441e-08
YGL253W,YGL089C,3.4129202242105805e-10
YGL253W,YJL019W,0.00041778068407438695
YGL253W,YJL018W,0.0005871987086720765
YGL253W,YNR032C-A,1.4635833878173798e-08
YGL253W,YGL178W,0.0002695767907425761
YGL253W,YKL116C,0.1072952002286911
YGL253W,YDL214C,3.7839680544493604e-07
YGL253W,YLR362W,3.83852671870244e-12
YGL253W,YER068W,0.00757552357390523
YGL253W,YHR084W,0.02666473016142845
YGL253W,YDR392W,3.26896828232171e-16
YGL253W,YNL053W,2.0931588060046913e-11
YGL253W,YGR040W,4.458044156052665e-09
YGL253W,YDL216C,2.2604881765790445e-14
YGL253W,YOL117W,2.563937673283334e-10
YGL253W,YJR086W,1.0446155052079575e-09
YGL253W,YMR025W,8.543388503312599e-06
YGL253W,YBR081C,0.0296933576464653
YGL253W,YFL026W,0.9345893859863281
YGL253W,YHL007C,4.75246553222064e-09
YGL253W,YNR044W,0.0002034000208368525
YGL253W,YNL271C,3.853822505561766e-08
YGL253W,YDR200C,0.0006837763357907534
YGL253W,YKL178C,2.9152721126024517e-08
YGL253W,YOR212W,0.0003793106006924063
YGL253W,YOL111C,2.021646219185792e-20
YGL253W,YGL032C,1.912848723861771e-08
YGL253W,YHR005C,0.4606754183769226
YGL253W,YDR103W,6.088779969104507e-08
YGL253W,YJR084W,2.460230419387699e-08
YGL253W,YCL032W,7.286320169441751e-07
YGL253W,YJL170C,5.5807445278333034e-06
YGL253W,YDR179C,2.5214506038651052e-09
YGL253W,YBR095C,1.9597687028749533e-08
YGL253W,YLL021W,0.34862756729125977
YGL253W,YDL159W,1.8861429396110907e-07
YGL253W,YNL161W,7.2886741087074824e-09
YGL253W,YNL188W,3.81936552003026e-05
YGL253W,YJL157C,0.7705747485160828
YGL253W,YJL034W,3.6715886407578946e-12
YGL253W,YLR238W,0.0030803971458226442
YGL253W,YPR141C,1.5611434491802356e-06
YGL253W,YNL127W,9.11484949028818e-06
YGL253W,YCL055W,1.4085186350598633e-08
YGL253W,YPR122W,2.95042423203995e-06
YGL253W,YMR065W,1.592240089776098e-10
YGL253W,YDR356W,5.9880730987060815e-05
YGL253W,YMR052W,1.3759323458373274e-08
YGL253W,YFR008W,3.1220185974234482e-06
YGL253W,YLL043W,0.5288684368133545
YGL253W,YMR029C,4.41455222244258e-06
YGL253W,YJR004C,8.212576452226727e-12
YGL253W,YDL223C,1.189835821856941e-25
YGL253W,YHR158C,0.5590847730636597
YGL253W,YGR238C,1.3517253094619264e-08
YGL253W,YIL015W,0.766878068447113
YGL253W,YGL173C,4.01896926405243e-07
YGL253W,YDL225W,4.413373517309083e-06
YGL253W,YLR330W,9.333118214271963e-06
YGL253W,YBR129C,0.0008907120791263878
YGL253W,YKR095W-A,0.2020167112350464
YGL253W,YPR075C,3.326681920386154e-14
YGL253W,YMR198W,4.585141866186859e-08
YGL253W,YOR127W,4.5253236180542444e-07
YGL253W,YDR264C,1.792190029236581e-16
YGL253W,YLR110C,2.2631574738573744e-15
YGL253W,YDR379W,3.5717093282983114e-08
YGL253W,YDL100C,7.529213326051831e-05
YGL253W,YHR073W,3.4169290302088484e-05
YGL253W,YJR090C,2.2715374884419164e-16
YGL253W,YOR208W,3.40732658514753e-05
YGL253W,YBR040W,3.6582868290224724e-08
YGL253W,YNL279W,0.09104640036821365
YGL253W,YER075C,3.188730113290461e-10
YGL253W,YCR089W,7.3254957655422e-09
YGL253W,YCR002C,3.914149282469026e-10
YGL253W,YJL108C,0.0006028173374943435
YGL253W,YBR200W,1.660197845865241e-08
YGL253W,YIL026C,0.0007147180149331689
YGL253W,YJR076C,0.1109500303864479
YGL253W,YKR031C,0.0012594698928296566
YGL253W,YPL192C,3.514508648549963e-07
YGL253W,YHR107C,3.267304649057223e-08
YGL253W,YIL037C,5.3139498010223996e-12
YGL253W,YPL156C,1.0773024694543665e-09
YGL253W,YIL117C,2.185117711772655e-11
YGL253W,YHR066W,2.9638995725496213e-15
YGL253W,YML085C,4.710222878401282e-09
YGL253W,YML047C,2.6892635673902987e-07
YGL253W,YDR312W,0.0013981781667098403
YGL253W,YFL037W,1.3140967780600477e-07
YGL253W,YDL038C,0.2020167112350464
YGL253W,YDL039C,1.2953604982141867e-15
YGL253W,YCL027W,0.0008693669806234539
YGL253W,YML124C,0.0008189595537260175
YGL253W,YGL053W,4.0773443288344424e-07
YGL253W,YMR232W,1.2121682546606394e-09
YGL253W,YNL298W,1.3495789517037338e-06
YGL253W,YGL099W,9.340075484942645e-05
YGL253W,YBL016W,9.10939706955105e-05
YGL253W,YAL041W,0.025032345205545425
YGL253W,YDR085C,1.1240381455474013e-12
YGL253W,YPL187W,1.375224769617489e-06
YGL253W,YPL256C,1.1173068026337774e-09
YGL253W,YDR461W,1.1363232133021484e-08
YGL253W,YNL145W,8.886231626092922e-06
YOR126C,YDL165W,3.018241159224999e-07
YOR126C,YGR059W,7.413298863667706e-10
YOR126C,YBR109C,0.00021038559498265386
YOR126C,YJL080C,8.317926403833553e-05
YOR126C,YCR093W,1.2718915968434885e-05
YOR126C,YIL122W,0.039969589561223984
YOR126C,YCL029C,5.455747073730699e-13
YOR126C,YNL173C,3.3620558781422005e-08
YOR126C,YLR452C,1.1171271054749316e-14
YOR126C,YDL160C,5.847033875952187e-14
YOR126C,YLR229C,0.3928903341293335
YOR126C,YML057W,1.0346339670425087e-12
YOR126C,YER149C,0.06716237217187881
YOR126C,YMR305C,1.6719802209408385e-09
YOR126C,YLR433C,2.506195926343935e-07
YOR126C,YJL073W,4.8613766176930796e-15
YOR126C,YGR279C,2.2679968125771666e-08
YOR126C,YKL190W,0.00043042164179496467
YOR126C,YGL089C,6.768760158593068e-06
YOR126C,YJL019W,2.2054012782657395e-10
YOR126C,YJL018W,0.12164412438869476
YOR126C,YNR032C-A,0.12960867583751678
YOR126C,YGL178W,2.984398210330308e-13
YOR126C,YKL116C,2.099550311385201e-09
YOR126C,YDL214C,1.0956625606795e-09
YOR126C,YLR362W,3.3397013794456143e-06
YOR126C,YER068W,5.3041577206813795e-12
YOR126C,YHR084W,1.1473082039969995e-08
YOR126C,YDR392W,3.1516164678002667e-10
YOR126C,YNL053W,4.1062324385165994e-07
YOR126C,YGR040W,2.0238640274783393e-07
YOR126C,YDL216C,3.3854836252109055e-13
YOR126C,YOL117W,4.796228495251853e-06
YOR126C,YJR086W,3.49332302402659e-17
YOR126C,YMR025W,1.7352515158108872e-07
YOR126C,YBR081C,4.36296119232793e-07
YOR126C,YFL026W,1.5879742182658974e-12
YOR126C,YHL007C,3.142484388263256e-07
YOR126C,YNR044W,3.687731110063597e-12
YOR126C,YNL271C,0.00010012729035224766
YOR126C,YDR200C,8.06172018030793e-09
YOR126C,YKL178C,0.00038398156175389886
YOR126C,YOR212W,5.99319871508186e-10
YOR126C,YOL111C,3.45306812657431e-12
YOR126C,YGL032C,1.0301724273631407e-07
YOR126C,YHR005C,1.593205354311067e-07
YOR126C,YDR103W,4.1320502575104e-11
YOR126C,YJR084W,1.826590961817587e-11
YOR126C,YCL032W,6.344974281091709e-06
YOR126C,YJL170C,4.527062891224176e-10
YOR126C,YDR179C,1.092044898953759e-09
YOR126C,YBR095C,6.417688780402386e-08
YOR126C,YLL021W,7.287998533118088e-15
YOR126C,YDL159W,1.279776024737389e-11
YOR126C,YNL161W,1.8499473329082472e-13
YOR126C,YNL188W,0.0008848326397128403
YOR126C,YJL157C,2.102970922401859e-11
YOR126C,YJL034W,3.526402136988829e-20
YOR126C,YLR238W,2.024744389927946e-07
YOR126C,YPR141C,6.844619814504183e-13
YOR126C,YNL127W,8.507454296591277e-09
YOR126C,YCL055W,2.254527077180657e-12
YOR126C,YPR122W,2.7467687412768838e-12
YOR126C,YMR065W,3.2604207528263984e-11
YOR126C,YDR356W,4.486815086135465e-10
YOR126C,YMR052W,3.7170149880694225e-05
YOR126C,YFR008W,2.2848965774979746e-11
YOR126C,YLL043W,1.2691013795418371e-09
YOR126C,YMR029C,1.6872743202611673e-09
YOR126C,YJR004C,4.680276470026001e-05
YOR126C,YDL223C,2.340302174275166e-09
YOR126C,YHR158C,3.387531588572301e-09
YOR126C,YGR238C,6.164897693901328e-13
YOR126C,YIL015W,5.874673577460632e-12
YOR126C,YGL173C,6.803191365291339e-13
YOR126C,YDL225W,6.843980937532024e-09
YOR126C,YLR330W,7.293266435226542e-08
YOR126C,YBR129C,6.22730924985937e-13
YOR126C,YKR095W-A,0.2020167112350464
YOR126C,YPR075C,8.199548921173565e-17
YOR126C,YMR198W,1.5817624543501552e-08
YOR126C,YOR127W,1.4659928826432633e-10
YOR126C,YDR264C,1.7280578390455048e-07
YOR126C,YLR110C,9.302781656117531e-09
YOR126C,YDR379W,8.47373726742262e-09
YOR126C,YDL100C,1.4064341358199783e-10
YOR126C,YHR073W,1.306629474129295e-05
YOR126C,YJR090C,0.0002707531675696373
YOR126C,YOR208W,4.199126824033783e-09
YOR126C,YBR040W,0.9630093574523926
YOR126C,YNL279W,2.763472139122314e-06
YOR126C,YER075C,9.071489337486582e-09
YOR126C,YCR089W,3.283992218786058e-12
YOR126C,YCR002C,7.221458986350626e-07
YOR126C,YJL108C,0.00347599177621305
YOR126C,YBR200W,1.2191042446374478e-11
YOR126C,YIL026C,7.110884658878547e-10
YOR126C,YJR076C,3.4031482008643624e-15
YOR126C,YKR031C,4.3958467421667535e-10
YOR126C,YPL192C,0.04090963676571846
YOR126C,YHR107C,2.4290876865507016e-08
YOR126C,YIL037C,7.163266155371315e-14
YOR126C,YPL156C,4.8875310049156795e-11
YOR126C,YIL117C,2.30846608495483e-09
YOR126C,YHR066W,7.825244900845629e-13
YOR126C,YML085C,2.2097404794862996e-08
YOR126C,YML047C,0.7129186987876892
YOR126C,YDR312W,1.039533237268131e-09
YOR126C,YFL037W,7.734450946372817e-08
YOR126C,YDL038C,0.2020167112350464
YOR126C,YDL039C,1.4982284287942279e-19
YOR126C,YCL027W,4.239098416292109e-06
YOR126C,YML124C,2.3603943244410175e-09
YOR126C,YGL053W,7.716973761395796e-12
YOR126C,YMR232W,1.7847477806753886e-07
YOR126C,YNL298W,1.7254803879040992e-06
YOR126C,YGL099W,1.0512909986992724e-10
YOR126C,YBL016W,2.0065607161945387e-12
YOR126C,YAL041W,6.083913831389509e-06
YOR126C,YDR085C,4.168801748249962e-09
YOR126C,YPL187W,2.0453583271518028e-10
YOR126C,YPL256C,1.5498255890450396e-12
YOR126C,YDR461W,2.282108191309362e-08
YOR126C,YNL145W,0.04926504194736481
YLR180W,YDL165W,6.934187695151195e-07
YLR180W,YGR059W,7.77340160556389e-13
YLR180W,YBR109C,6.212429184415669e-07
YLR180W,YJL080C,2.3359209535556147e-06
YLR180W,YCR093W,0.0016061218921095133
YLR180W,YIL122W,8.318387756389711e-09
YLR180W,YCL029C,5.324757648694778e-11
YLR180W,YNL173C,1.9463772332528606e-05
YLR180W,YLR452C,1.7959885965576627e-12
YLR180W,YDL160C,7.254459734175962e-16
YLR180W,YLR229C,3.311701607389139e-11
YLR180W,YML057W,5.884014629697898e-12
YLR180W,YER149C,1.669220182520803e-05
YLR180W,YMR305C,7.156631663932827e-17
YLR180W,YLR433C,1.2271721061551943e-05
YLR180W,YJL073W,7.624029012276434e-12
YLR180W,YGR279C,1.0566123903344107e-17
YLR180W,YKL190W,0.00010361235763411969
YLR180W,YGL089C,4.575442691390208e-09
YLR180W,YJL019W,0.0309817623347044
YLR180W,YJL018W,0.0003644336829893291
YLR180W,YNR032C-A,0.002010314492508769
YLR180W,YGL178W,4.6045229396907486e-14
YLR180W,YKL116C,3.0447988423089323e-13
YLR180W,YDL214C,0.0006882973830215633
YLR180W,YLR362W,1.392684389036128e-13
YLR180W,YER068W,0.00021903902234043926
YLR180W,YHR084W,2.7815345512993694e-11
YLR180W,YDR392W,1.208443904943124e-06
YLR180W,YNL053W,0.38080400228500366
YLR180W,YGR040W,5.399037883435653e-10
YLR180W,YDL216C,5.739922812608711e-07
YLR180W,YOL117W,4.478933500126625e-13
YLR180W,YJR086W,1.6087527360611475e-13
YLR180W,YMR025W,2.130711663994589e-06
YLR180W,YBR081C,0.01153655257076025
YLR180W,YFL026W,1.6314368744829721e-09
YLR180W,YHL007C,1.7834718077369693e-11
YLR180W,YNR044W,8.083240159032293e-14
YLR180W,YNL271C,4.689248989109274e-12
YLR180W,YDR200C,3.5602415113245023e-12
YLR180W,YKL178C,9.96086286370046e-12
YLR180W,YOR212W,2.490333286808699e-11
YLR180W,YOL111C,0.00027101297746412456
YLR180W,YGL032C,5.115961365480259e-13
YLR180W,YHR005C,1.4593104424420744e-05
YLR180W,YDR103W,1.802002742579134e-07
YLR180W,YJR084W,1.5201503629257597e-20
YLR180W,YCL032W,2.981093020007486e-13
YLR180W,YJL170C,2.1992359044986642e-09
YLR180W,YDR179C,2.921029954450205e-05
YLR180W,YBR095C,6.077303169149673e-06
YLR180W,YLL021W,5.089080150355585e-05
YLR180W,YDL159W,4.4263711629355385e-07
YLR180W,YNL161W,3.223301092702968e-08
YLR180W,YNL188W,1.729199539113324e-08
YLR180W,YJL157C,2.827052758558324e-10
YLR180W,YJL034W,1.4854826713772464e-24
YLR180W,YLR238W,0.003662382485345006
YLR180W,YPR141C,0.00014743189967703074
YLR180W,YNL127W,0.8637130260467529
YLR180W,YCL055W,9.257649224991837e-08
YLR180W,YPR122W,0.0008791751461103559
YLR180W,YMR065W,2.982614387292415e-05
YLR180W,YDR356W,0.0007367826765403152
YLR180W,YMR052W,4.534421194080096e-08
YLR180W,YFR008W,3.094486811434406e-14
YLR180W,YLL043W,1.0315104326252822e-09
YLR180W,YMR029C,2.401988503252959e-15
YLR180W,YJR004C,3.2390196080811506e-10
YLR180W,YDL223C,1.8564603208299678e-22
YLR180W,YHR158C,2.0111501353170524e-09
YLR180W,YGR238C,1.87726687872664e-17
YLR180W,YIL015W,4.546503987512551e-06
YLR180W,YGL173C,0.15229208767414093
YLR180W,YDL225W,4.755396163652614e-12
YLR180W,YLR330W,2.5847137763435057e-09
YLR180W,YBR129C,2.3880832600298163e-07
YLR180W,YKR095W-A,0.2020167112350464
YLR180W,YPR075C,3.624289846015927e-08
YLR180W,YMR198W,9.733950037116301e-07
YLR180W,YOR127W,2.1985685805248067e-07
YLR180W,YDR264C,4.0765734023043634e-14
YLR180W,YLR110C,1.4396740743993774e-10
YLR180W,YDR379W,8.725806686271844e-18
YLR180W,YDL100C,2.3028763141211273e-13
YLR180W,YHR073W,5.205976322031347e-06
YLR180W,YJR090C,1.0669948835584364e-07
YLR180W,YOR208W,9.410346137883607e-06
YLR180W,YBR040W,0.000383795821107924
YLR180W,YNL279W,6.328262713850563e-08
YLR180W,YER075C,1.8835145283446764e-06
YLR180W,YCR089W,2.939233354481985e-07
YLR180W,YCR002C,1.9974399676315583e-18
YLR180W,YJL108C,2.625636852826574e-06
YLR180W,YBR200W,0.5826590657234192
YLR180W,YIL026C,3.767627276829444e-05
YLR180W,YJR076C,7.230920573420008e-07
YLR180W,YKR031C,4.008330889426759e-10
YLR180W,YPL192C,6.644389941357076e-06
YLR180W,YHR107C,0.5863271355628967
YLR180W,YIL037C,1.5835069800546053e-12
YLR180W,YPL156C,0.9950326681137085
YLR180W,YIL117C,3.218348865630105e-06
YLR180W,YHR066W,2.5152963045727006e-10
YLR180W,YML085C,4.1059237715530827e-13
YLR180W,YML047C,2.0310800152856245e-07
YLR180W,YDR312W,2.4644652967253933e-06
YLR180W,YFL037W,2.8253544591253822e-14
YLR180W,YDL038C,0.2020167112350464
YLR180W,YDL039C,4.764000066832808e-13
YLR180W,YCL027W,2.1071454663876998e-16
YLR180W,YML124C,1.1555932599716101e-10
YLR180W,YGL053W,6.355431305494987e-19
YLR180W,YMR232W,2.0251073767126732e-13
YLR180W,YNL298W,0.7616018056869507
YLR180W,YGL099W,3.707183171552941e-11
YLR180W,YBL016W,1.8231828491366286e-08
YLR180W,YAL041W,0.0004954776377417147
YLR180W,YDR085C,3.240824275607679e-10
YLR180W,YPL187W,8.155948876265029e-07
YLR180W,YPL256C,1.1355636246048687e-14
YLR180W,YDR461W,5.03680708252574e-10
YLR180W,YNL145W,8.061307697759812e-12
YPL024W,YDL165W,7.034671890143729e-12
YPL024W,YGR059W,3.88018293051573e-08
YPL024W,YBR109C,9.583726753137995e-16
YPL024W,YJL080C,8.065319417005961e-24
YPL024W,YCR093W,2.520956776663752e-08
YPL024W,YIL122W,2.052704514815518e-15
YPL024W,YCL029C,1.9441345506122226e-13
YPL024W,YNL173C,1.0905154817358875e-12
YPL024W,YLR452C,4.971182970478494e-13
YPL024W,YDL160C,5.2802770369453356e-05
YPL024W,YLR229C,1.3558695182228075e-12
YPL024W,YML057W,2.8384117877214676e-20
YPL024W,YER149C,4.4689832346886393e-13
YPL024W,YMR305C,3.6316147311588054e-10
YPL024W,YLR433C,8.970340559244505e-08
YPL024W,YJL073W,4.8412242964479546e-11
YPL024W,YGR279C,6.451980442967464e-12
YPL024W,YKL190W,1.897711859617096e-13
YPL024W,YGL089C,0.0003964377974625677
YPL024W,YJL019W,3.6479787013377063e-06
YPL024W,YJL018W,0.18211089074611664
YPL024W,YNR032C-A,0.5895707011222839
YPL024W,YGL178W,6.372748885041801e-06
YPL024W,YKL116C,1.291513283038087e-13
YPL024W,YDL214C,9.949238766182589e-09
YPL024W,YLR362W,4.715116474075364e-15
YPL024W,YER068W,1.201805019945823e-07
YPL024W,YHR084W,3.333685327788771e-08
YPL024W,YDR392W,3.5982156143532507e-10
YPL024W,YNL053W,0.0006265162373892963
YPL024W,YGR040W,2.4100747032839223e-15
YPL024W,YDL216C,1.6063679140643217e-05
YPL024W,YOL117W,3.754877742827116e-14
YPL024W,YJR086W,1.944491802044041e-23
YPL024W,YMR025W,9.177846564263864e-16
YPL024W,YBR081C,1.3139280956927114e-16
YPL024W,YFL026W,1.023289369905811e-10
YPL024W,YHL007C,1.3405990456193811e-13
YPL024W,YNR044W,1.4417825696000364e-05
YPL024W,YNL271C,3.730476248276025e-15
YPL024W,YDR200C,1.000202677435948e-14
YPL024W,YKL178C,1.192874687916401e-09
YPL024W,YOR212W,3.633217595931681e-16
YPL024W,YOL111C,6.0497575759654865e-05
YPL024W,YGL032C,8.676108720351294e-09
YPL024W,YHR005C,5.968296412639518e-10
YPL024W,YDR103W,2.475080730646173e-11
YPL024W,YJR084W,1.1015615171694403e-16
YPL024W,YCL032W,4.453030388873458e-09
YPL024W,YJL170C,4.669704073157746e-15
YPL024W,YDR179C,0.02533380128443241
YPL024W,YBR095C,4.046365575050004e-06
YPL024W,YLL021W,3.4799717361228e-12
YPL024W,YDL159W,1.6043234449258925e-11
YPL024W,YNL161W,0.015209697186946869
YPL024W,YNL188W,4.414803081379374e-21
YPL024W,YJL157C,2.407873390799052e-19
YPL024W,YJL034W,2.0014727057623016e-20
YPL024W,YLR238W,7.279481488620451e-19
YPL024W,YPR141C,5.215071723796427e-05
YPL024W,YNL127W,1.78060066691188e-10
YPL024W,YCL055W,3.2438868214842986e-13
YPL024W,YPR122W,0.013358402997255325
YPL024W,YMR065W,5.0421757435969994e-08
YPL024W,YDR356W,1.6721108005157692e-13
YPL024W,YMR052W,3.61470922638496e-11
YPL024W,YFR008W,1.0459083910063782e-07
YPL024W,YLL043W,1.2804950784602032e-13
YPL024W,YMR029C,1.7119323753542867e-18
YPL024W,YJR004C,1.8240366161936805e-10
YPL024W,YDL223C,4.503984858683641e-12
YPL024W,YHR158C,5.0407830687326793e-11
YPL024W,YGR238C,3.766929823623144e-10
YPL024W,YIL015W,0.0011999181006103754
YPL024W,YGL173C,4.606571565091144e-06
YPL024W,YDL225W,1.3596095354502014e-15
YPL024W,YLR330W,2.3829863863428224e-12
YPL024W,YBR129C,8.928226158388952e-09
YPL024W,YKR095W-A,0.2020167112350464
YPL024W,YPR075C,1.4588485441890953e-07
YPL024W,YMR198W,0.000715883681550622
YPL024W,YOR127W,4.569872999127256e-06
YPL024W,YDR264C,4.056722422855806e-15
YPL024W,YLR110C,8.275896412612838e-09
YPL024W,YDR379W,2.908066287776734e-10
YPL024W,YDL100C,2.4839679941299035e-14
YPL024W,YHR073W,4.369343862414832e-12
YPL024W,YJR090C,1.7289568756718998e-14
YPL024W,YOR208W,5.548040325764614e-13
YPL024W,YBR040W,6.955007680886638e-09
YPL024W,YNL279W,0.0008429306326434016
YPL024W,YER075C,5.324094897590781e-12
YPL024W,YCR089W,5.305065740000836e-13
YPL024W,YCR002C,1.3173507795727346e-06
YPL024W,YJL108C,8.96486542363269e-16
YPL024W,YBR200W,4.085923706043104e-07
YPL024W,YIL026C,7.653050936029526e-12
YPL024W,YJR076C,1.1481326459240128e-17
YPL024W,YKR031C,4.5846749685551913e-07
YPL024W,YPL192C,2.8462354001446144e-12
YPL024W,YHR107C,1.9671166637487066e-19
YPL024W,YIL037C,1.5440581105363727e-11
YPL024W,YPL156C,7.155045409490413e-07
YPL024W,YIL117C,1.0138388609540194e-12
YPL024W,YHR066W,1.901723697764077e-16
YPL024W,YML085C,1.5034043454598134e-11
YPL024W,YML047C,0.0007712634978815913
YPL024W,YDR312W,7.879487400009808e-14
YPL024W,YFL037W,1.446239028696019e-20
YPL024W,YDL038C,0.2020167112350464
YPL024W,YDL039C,3.6934417330103386e-11
YPL024W,YCL027W,4.909083145321347e-05
YPL024W,YML124C,1.774623094758902e-25
YPL024W,YGL053W,3.018154060008271e-10
YPL024W,YMR232W,3.2368263873649994e-06
YPL024W,YNL298W,3.615990351590881e-08
YPL024W,YGL099W,7.752267129626022e-22
YPL024W,YBL016W,3.872622437572221e-14
YPL024W,YAL041W,1.3208023563748839e-09
YPL024W,YDR085C,4.007023527005313e-14
YPL024W,YPL187W,6.485899461949884e-08
YPL024W,YPL256C,2.6399270885101543e-14
YPL024W,YDR461W,1.333830912386702e-08
YPL024W,YNL145W,1.5550317977730543e-11
YBL026W,YDL165W,0.03207547962665558
YBL026W,YGR059W,9.256110615751822e-07
YBL026W,YBR109C,1.5326559150707908e-06
YBL026W,YJL080C,1.6497342869570275e-07
YBL026W,YCR093W,8.05944946478121e-05
YBL026W,YIL122W,4.973057912138756e-06
YBL026W,YCL029C,6.663012096612951e-16
YBL026W,YNL173C,8.776023310841374e-12
YBL026W,YLR452C,9.868916095001623e-06
YBL026W,YDL160C,3.208001726306975e-05
YBL026W,YLR229C,1.4016281665157475e-16
YBL026W,YML057W,4.728481383433616e-15
YBL026W,YER149C,0.00046118319733068347
YBL026W,YMR305C,1.1097673344520609e-12
YBL026W,YLR433C,9.487911444935773e-16
YBL026W,YJL073W,8.423001418123022e-05
YBL026W,YGR279C,2.0792945178982336e-06
YBL026W,YKL190W,1.7253597162092404e-10
YBL026W,YGL089C,1.1906530517080682e-06
YBL026W,YJL019W,6.157808231420717e-14
YBL026W,YJL018W,0.00011988516780547798
YBL026W,YNR032C-A,6.493918044725433e-05
YBL026W,YGL178W,0.003521321341395378
YBL026W,YKL116C,9.850337789885089e-08
YBL026W,YDL214C,0.0006831969367340207
YBL026W,YLR362W,5.16533864292068e-13
YBL026W,YER068W,7.945142783682968e-07
YBL026W,YHR084W,6.372916083741131e-10
YBL026W,YDR392W,2.2926125442523926e-09
YBL026W,YNL053W,0.0003551979607436806
YBL026W,YGR040W,3.5666779859416797e-12
YBL026W,YDL216C,0.7593706846237183
YBL026W,YOL117W,0.0011033419286832213
YBL026W,YJR086W,5.551446524698633e-10
YBL026W,YMR025W,5.39259262244407e-11
YBL026W,YBR081C,4.829293175134808e-06
YBL026W,YFL026W,8.25407823867863e-06
YBL026W,YHL007C,0.02687406912446022
YBL026W,YNR044W,3.650817034751494e-14
YBL026W,YNL271C,2.7534875698620453e-05
YBL026W,YDR200C,6.09989214694906e-08
YBL026W,YKL178C,0.7679245471954346
YBL026W,YOR212W,1.009838229037996e-06
YBL026W,YOL111C,1.8925052497342776e-11
YBL026W,YGL032C,1.2718888164897635e-08
YBL026W,YHR005C,4.098296368937326e-09
YBL026W,YDR103W,0.0006246658158488572
YBL026W,YJR084W,5.644556466677386e-08
YBL026W,YCL032W,1.9773611711570993e-05
YBL026W,YJL170C,0.008124113082885742
YBL026W,YDR179C,0.0008816044428385794
YBL026W,YBR095C,8.928594070312101e-06
YBL026W,YLL021W,1.8581376437509789e-09
YBL026W,YDL159W,0.04238488897681236
YBL026W,YNL161W,1.1211400305910502e-05
YBL026W,YNL188W,3.4327641174058954e-08
YBL026W,YJL157C,3.5437628434188483e-17
YBL026W,YJL034W,3.7336797268825404e-15
YBL026W,YLR238W,1.8932544421090824e-09
YBL026W,YPR141C,9.066650363820372e-08
YBL026W,YNL127W,0.00010751152876764536
YBL026W,YCL055W,1.7508612832131676e-12
YBL026W,YPR122W,5.672964320524443e-08
YBL026W,YMR065W,0.0004266905889380723
YBL026W,YDR356W,2.384948349920535e-10
YBL026W,YMR052W,0.10784702003002167
YBL026W,YFR008W,6.5162744249391835e-06
YBL026W,YLL043W,0.00022402899048756808
YBL026W,YMR029C,6.145660154288635e-05
YBL026W,YJR004C,3.533280032485056e-14
YBL026W,YDL223C,8.876807156462555e-21
YBL026W,YHR158C,2.980199269586592e-06
YBL026W,YGR238C,5.53999597932564e-12
YBL026W,YIL015W,1.017145692117083e-07
YBL026W,YGL173C,5.647633471994595e-09
YBL026W,YDL225W,0.6876123547554016
YBL026W,YLR330W,3.890965672326274e-05
YBL026W,YBR129C,1.3707061725654057e-06
YBL026W,YKR095W-A,0.2020167112350464
YBL026W,YPR075C,1.0488986568191194e-08
YBL026W,YMR198W,1.249082743015606e-05
YBL026W,YOR127W,5.858443046236061e-07
YBL026W,YDR264C,1.6854216910999753e-09
YBL026W,YLR110C,3.647678548102107e-10
YBL026W,YDR379W,3.6428966268431395e-05
YBL026W,YDL100C,1.4694478522869758e-05
YBL026W,YHR073W,5.1310157511696985e-11
YBL026W,YJR090C,0.07024045288562775
YBL026W,YOR208W,2.9488517183651197e-10
YBL026W,YBR040W,1.2500589718911215e-06
YBL026W,YNL279W,0.001153137069195509
YBL026W,YER075C,0.0003689582517836243
YBL026W,YCR089W,4.5365810717387656e-13
YBL026W,YCR002C,0.003398556262254715
YBL026W,YJL108C,9.924111879500153e-12
YBL026W,YBR200W,1.9643689452841784e-11
YBL026W,YIL026C,8.28145052533813e-10
YBL026W,YJR076C,3.561744233593345e-05
YBL026W,YKR031C,5.119794423080748e-06
YBL026W,YPL192C,0.00036535097751766443
YBL026W,YHR107C,5.88637203691178e-06
YBL026W,YIL037C,3.22608980241057e-06
YBL026W,YPL156C,0.8775914311408997
YBL026W,YIL117C,1.5613578341344692e-07
YBL026W,YHR066W,1.255282267020874e-10
YBL026W,YML085C,1.5160239286160504e-07
YBL026W,YML047C,0.08580799400806427
YBL026W,YDR312W,2.641719779810842e-18
YBL026W,YFL037W,1.6209128261834849e-07
YBL026W,YDL038C,0.2020167112350464
YBL026W,YDL039C,2.566387553859517e-11
YBL026W,YCL027W,2.5872929016249047e-13
YBL026W,YML124C,2.843154602402047e-15
YBL026W,YGL053W,2.4348162597220835e-08
YBL026W,YMR232W,0.4574396014213562
YBL026W,YNL298W,8.048740340882432e-08
YBL026W,YGL099W,9.95278792714771e-09
YBL026W,YBL016W,7.317340955381724e-09
YBL026W,YAL041W,9.05404874629312e-07
YBL026W,YDR085C,0.0001298582210438326
YBL026W,YPL187W,6.524990681100462e-07
YBL026W,YPL256C,1.7356885928521137e-09
YBL026W,YDR461W,1.1446354281074989e-11
YBL026W,YNL145W,8.49274739063217e-17
tK(UUU)L,YDL165W,0.2020167112350464
tK(UUU)L,YGR059W,0.2020167112350464
tK(UUU)L,YBR109C,0.2020167112350464
tK(UUU)L,YJL080C,0.2020167112350464
tK(UUU)L,YCR093W,0.2020167112350464
tK(UUU)L,YIL122W,0.2020167112350464
tK(UUU)L,YCL029C,0.2020167112350464
tK(UUU)L,YNL173C,0.2020167112350464
tK(UUU)L,YLR452C,0.2020167112350464
tK(UUU)L,YDL160C,0.2020167112350464
tK(UUU)L,YLR229C,0.2020167112350464
tK(UUU)L,YML057W,0.2020167112350464
tK(UUU)L,YER149C,0.2020167112350464
tK(UUU)L,YMR305C,0.2020167112350464
tK(UUU)L,YLR433C,0.2020167112350464
tK(UUU)L,YJL073W,0.2020167112350464
tK(UUU)L,YGR279C,0.2020167112350464
tK(UUU)L,YKL190W,0.2020167112350464
tK(UUU)L,YGL089C,0.2020167112350464
tK(UUU)L,YJL019W,0.2020167112350464
tK(UUU)L,YJL018W,0.2020167112350464
tK(UUU)L,YNR032C-A,0.2020167112350464
tK(UUU)L,YGL178W,0.2020167112350464
tK(UUU)L,YKL116C,0.2020167112350464
tK(UUU)L,YDL214C,0.2020167112350464
tK(UUU)L,YLR362W,0.2020167112350464
tK(UUU)L,YER068W,0.2020167112350464
tK(UUU)L,YHR084W,0.2020167112350464
tK(UUU)L,YDR392W,0.2020167112350464
tK(UUU)L,YNL053W,0.2020167112350464
tK(UUU)L,YGR040W,0.2020167112350464
tK(UUU)L,YDL216C,0.2020167112350464
tK(UUU)L,YOL117W,0.2020167112350464
tK(UUU)L,YJR086W,0.2020167112350464
tK(UUU)L,YMR025W,0.2020167112350464
tK(UUU)L,YBR081C,0.2020167112350464
tK(UUU)L,YFL026W,0.2020167112350464
tK(UUU)L,YHL007C,0.2020167112350464
tK(UUU)L,YNR044W,0.2020167112350464
tK(UUU)L,YNL271C,0.2020167112350464
tK(UUU)L,YDR200C,0.2020167112350464
tK(UUU)L,YKL178C,0.2020167112350464
tK(UUU)L,YOR212W,0.2020167112350464
tK(UUU)L,YOL111C,0.2020167112350464
tK(UUU)L,YGL032C,0.2020167112350464
tK(UUU)L,YHR005C,0.2020167112350464
tK(UUU)L,YDR103W,0.2020167112350464
tK(UUU)L,YJR084W,0.2020167112350464
tK(UUU)L,YCL032W,0.2020167112350464
tK(UUU)L,YJL170C,0.2020167112350464
tK(UUU)L,YDR179C,0.2020167112350464
tK(UUU)L,YBR095C,0.2020167112350464
tK(UUU)L,YLL021W,0.2020167112350464
tK(UUU)L,YDL159W,0.2020167112350464
tK(UUU)L,YNL161W,0.2020167112350464
tK(UUU)L,YNL188W,0.2020167112350464
tK(UUU)L,YJL157C,0.2020167112350464
tK(UUU)L,YJL034W,0.2020167112350464
tK(UUU)L,YLR238W,0.2020167112350464
tK(UUU)L,YPR141C,0.2020167112350464
tK(UUU)L,YNL127W,0.2020167112350464
tK(UUU)L,YCL055W,0.2020167112350464
tK(UUU)L,YPR122W,0.2020167112350464
tK(UUU)L,YMR065W,0.2020167112350464
tK(UUU)L,YDR356W,0.2020167112350464
tK(UUU)L,YMR052W,0.2020167112350464
tK(UUU)L,YFR008W,0.2020167112350464
tK(UUU)L,YLL043W,0.2020167112350464
tK(UUU)L,YMR029C,0.2020167112350464
tK(UUU)L,YJR004C,0.2020167112350464
tK(UUU)L,YDL223C,0.2020167112350464
tK(UUU)L,YHR158C,0.2020167112350464
tK(UUU)L,YGR238C,0.2020167112350464
tK(UUU)L,YIL015W,0.2020167112350464
tK(UUU)L,YGL173C,0.2020167112350464
tK(UUU)L,YDL225W,0.2020167112350464
tK(UUU)L,YLR330W,0.2020167112350464
tK(UUU)L,YBR129C,0.2020167112350464
tK(UUU)L,YKR095W-A,0.2020167112350464
tK(UUU)L,YPR075C,0.2020167112350464
tK(UUU)L,YMR198W,0.2020167112350464
tK(UUU)L,YOR127W,0.2020167112350464
tK(UUU)L,YDR264C,0.2020167112350464
tK(UUU)L,YLR110C,0.2020167112350464
tK(UUU)L,YDR379W,0.2020167112350464
tK(UUU)L,YDL100C,0.2020167112350464
tK(UUU)L,YHR073W,0.2020167112350464
tK(UUU)L,YJR090C,0.2020167112350464
tK(UUU)L,YOR208W,0.2020167112350464
tK(UUU)L,YBR040W,0.2020167112350464
tK(UUU)L,YNL279W,0.2020167112350464
tK(UUU)L,YER075C,0.2020167112350464
tK(UUU)L,YCR089W,0.2020167112350464
tK(UUU)L,YCR002C,0.2020167112350464
tK(UUU)L,YJL108C,0.2020167112350464
tK(UUU)L,YBR200W,0.2020167112350464
tK(UUU)L,YIL026C,0.2020167112350464
tK(UUU)L,YJR076C,0.2020167112350464
tK(UUU)L,YKR031C,0.2020167112350464
tK(UUU)L,YPL192C,0.2020167112350464
tK(UUU)L,YHR107C,0.2020167112350464
tK(UUU)L,YIL037C,0.2020167112350464
tK(UUU)L,YPL156C,0.2020167112350464
tK(UUU)L,YIL117C,0.2020167112350464
tK(UUU)L,YHR066W,0.2020167112350464
tK(UUU)L,YML085C,0.2020167112350464
tK(UUU)L,YML047C,0.2020167112350464
tK(UUU)L,YDR312W,0.2020167112350464
tK(UUU)L,YFL037W,0.2020167112350464
tK(UUU)L,YDL038C,0.2020167112350464
tK(UUU)L,YDL039C,0.2020167112350464
tK(UUU)L,YCL027W,0.2020167112350464
tK(UUU)L,YML124C,0.2020167112350464
tK(UUU)L,YGL053W,0.2020167112350464
tK(UUU)L,YMR232W,0.2020167112350464
tK(UUU)L,YNL298W,0.2020167112350464
tK(UUU)L,YGL099W,0.2020167112350464
tK(UUU)L,YBL016W,0.2020167112350464
tK(UUU)L,YAL041W,0.2020167112350464
tK(UUU)L,YDR085C,0.2020167112350464
tK(UUU)L,YPL187W,0.2020167112350464
tK(UUU)L,YPL256C,0.2020167112350464
tK(UUU)L,YDR461W,0.2020167112350464
tK(UUU)L,YNL145W,0.2020167112350464
YDR179C,YDL165W,4.620156118578453e-14
YDR179C,YGR059W,1.3493206552084303e-10
YDR179C,YBR109C,2.180864600020982e-09
YDR179C,YJL080C,7.347961689520115e-15
YDR179C,YCR093W,1.4239201107102417e-07
YDR179C,YIL122W,4.90468346470152e-06
YDR179C,YCL029C,8.074121883236418e-13
YDR179C,YNL173C,4.496619454891671e-16
YDR179C,YLR452C,1.8239784127516145e-09
YDR179C,YDL160C,0.0001046890247380361
YDR179C,YLR229C,0.00026925161364488304
YDR179C,YML057W,1.3871218220275552e-14
YDR179C,YER149C,0.00011443655239418149
YDR179C,YMR305C,2.0453644111739777e-08
YDR179C,YLR433C,0.0005155123071745038
YDR179C,YJL073W,2.525974152067789e-10
YDR179C,YGR279C,6.0300731092866044e-06
YDR179C,YKL190W,7.064356695105078e-13
YDR179C,YGL089C,2.9617172429829974e-12
YDR179C,YJL019W,1.038222762872465e-05
YDR179C,YJL018W,0.0008919170941226184
YDR179C,YNR032C-A,0.015517905354499817
YDR179C,YGL178W,0.7855932712554932
YDR179C,YKL116C,3.9321491840382805e-08
YDR179C,YDL214C,8.218249547553569e-08
YDR179C,YLR362W,6.229819149439209e-08
YDR179C,YER068W,5.385150871006772e-06
YDR179C,YHR084W,9.117635357824838e-08
YDR179C,YDR392W,7.88680245022988e-06
YDR179C,YNL053W,2.70149399739239e-07
YDR179C,YGR040W,0.00023975156364031136
YDR179C,YDL216C,1.5445316137174814e-08
YDR179C,YOL117W,0.31401681900024414
YDR179C,YJR086W,8.316685149801009e-14
YDR179C,YMR025W,4.539351561305693e-09
YDR179C,YBR081C,2.6894045390690735e-07
YDR179C,YFL026W,1.7723407186309714e-09
YDR179C,YHL007C,2.9448442546708975e-06
YDR179C,YNR044W,0.0021827288437634706
YDR179C,YNL271C,1.2672841942507063e-10
YDR179C,YDR200C,5.166154726232719e-10
YDR179C,YKL178C,4.120782048921967e-10
YDR179C,YOR212W,5.863951685336488e-11
YDR179C,YOL111C,4.014134091789856e-08
YDR179C,YGL032C,6.074523116694763e-05
YDR179C,YHR005C,1.7001142623485066e-05
YDR179C,YDR103W,7.75431817601202e-06
YDR179C,YJR084W,8.678271098010259e-18
YDR179C,YCL032W,8.252189154234202e-09
YDR179C,YJL170C,0.0012093828991055489
YDR179C,YBR095C,1.7959082831975337e-10
YDR179C,YLL021W,0.13783061504364014
YDR179C,YDL159W,8.337663198743073e-11
YDR179C,YNL161W,0.0009515007841400802
YDR179C,YNL188W,2.107263128436898e-07
YDR179C,YJL157C,3.0002437166609663e-12
YDR179C,YJL034W,3.158643832601449e-11
YDR179C,YLR238W,1.776196540959063e-06
YDR179C,YPR141C,0.16566668450832367
YDR179C,YNL127W,1.0547707596231248e-08
YDR179C,YCL055W,0.00017426113481633365
YDR179C,YPR122W,0.9918628931045532
YDR179C,YMR065W,2.904424491134705e-06
YDR179C,YDR356W,3.8918872746762645e-07
YDR179C,YMR052W,4.556060275717755e-07
YDR179C,YFR008W,1.2448899333258878e-12
YDR179C,YLL043W,3.2003438787953087e-10
YDR179C,YMR029C,4.566078960245579e-13
YDR179C,YJR004C,0.0001631601044209674
YDR179C,YDL223C,7.404183293147071e-07
YDR179C,YHR158C,9.90520857158117e-05
YDR179C,YGR238C,2.4047235314128557e-09
YDR179C,YIL015W,6.620302450775079e-14
YDR179C,YGL173C,2.9715320124523714e-06
YDR179C,YDL225W,0.09932626038789749
YDR179C,YLR330W,5.186196472273252e-10
YDR179C,YBR129C,2.5771769163185354e-09
YDR179C,YKR095W-A,0.2020167112350464
YDR179C,YPR075C,4.822536720894277e-05
YDR179C,YMR198W,1.998453626583796e-05
YDR179C,YOR127W,2.898216777680318e-09
YDR179C,YDR264C,2.707904123155913e-09
YDR179C,YLR110C,4.198083547457543e-10
YDR179C,YDR379W,1.1199983163123761e-07
YDR179C,YDL100C,7.187688656339498e-16
YDR179C,YHR073W,1.1460384030659299e-10
YDR179C,YJR090C,1.8265311041432142e-08
YDR179C,YOR208W,6.275225814533769e-07
YDR179C,YBR040W,0.0026562358252704144
YDR179C,YNL279W,0.36198073625564575
YDR179C,YER075C,0.49192556738853455
YDR179C,YCR089W,2.2868672233666842e-11
YDR179C,YCR002C,2.2796837750860277e-09
YDR179C,YJL108C,0.996531069278717
YDR179C,YBR200W,1.5780986473146186e-07
YDR179C,YIL026C,8.914455840169921e-10
YDR179C,YJR076C,1.5953156662362744e-06
YDR179C,YKR031C,0.488290935754776
YDR179C,YPL192C,0.000390231900382787
YDR179C,YHR107C,1.0659000793111773e-08
YDR179C,YIL037C,0.015027135610580444
YDR179C,YPL156C,0.00012896714906673878
YDR179C,YIL117C,0.7826278805732727
YDR179C,YHR066W,9.335310946619997e-20
YDR179C,YML085C,5.120234206242025e-14
YDR179C,YML047C,3.7996762785041938e-06
YDR179C,YDR312W,2.6100531158590456e-07
YDR179C,YFL037W,1.4026040329184752e-09
YDR179C,YDL038C,0.2020167112350464
YDR179C,YDL039C,6.940081948414445e-05
YDR179C,YCL027W,2.847877658496145e-05
YDR179C,YML124C,1.2253583564492132e-12
YDR179C,YGL053W,1.6745134445717014e-10
YDR179C,YMR232W,0.005457602441310883
YDR179C,YNL298W,1.8026466820988962e-12
YDR179C,YGL099W,1.617783268459405e-10
YDR179C,YBL016W,3.983256465289742e-05
YDR179C,YAL041W,8.733752054901345e-10
YDR179C,YDR085C,2.9630264171062737e-13
YDR179C,YPL187W,0.00012512030662037432
YDR179C,YPL256C,2.020154876714031e-12
YDR179C,YDR461W,3.595005182432942e-05
YDR179C,YNL145W,6.422957085305825e-06
YKL180W,YDL165W,0.16385836899280548
YKL180W,YGR059W,1.0709354410221028e-12
YKL180W,YBR109C,0.039980869740247726
YKL180W,YJL080C,0.06454962491989136
YKL180W,YCR093W,0.0010618676897138357
YKL180W,YIL122W,1.4050283506095163e-11
YKL180W,YCL029C,3.4850990620276896e-16
YKL180W,YNL173C,0.7960806488990784
YKL180W,YLR452C,0.19682075083255768
YKL180W,YDL160C,2.7046155537391314e-07
YKL180W,YLR229C,2.525526952013024e-07
YKL180W,YML057W,1.6711749349881716e-15
YKL180W,YER149C,6.535522345529898e-08
YKL180W,YMR305C,0.00789678655564785
YKL180W,YLR433C,0.00018448404443915933
YKL180W,YJL073W,6.040762912107311e-08
YKL180W,YGR279C,1.1613808226229594e-07
YKL180W,YKL190W,3.6046280977447553e-12
YKL180W,YGL089C,0.4384287893772125
YKL180W,YJL019W,1.6406994873818803e-08
YKL180W,YJL018W,0.16980376839637756
YKL180W,YNR032C-A,0.00038978829979896545
YKL180W,YGL178W,1.6841150573233756e-15
YKL180W,YKL116C,2.283779761507701e-16
YKL180W,YDL214C,0.9987688660621643
YKL180W,YLR362W,2.5487683862871098e-14
YKL180W,YER068W,1.1667934673997848e-10
YKL180W,YHR084W,2.3046826669315124e-09
YKL180W,YDR392W,1.2950401861999694e-10
YKL180W,YNL053W,1.3155316059896607e-18
YKL180W,YGR040W,2.0684213097865722e-07
YKL180W,YDL216C,9.306593710789457e-05
YKL180W,YOL117W,2.1776513697748662e-13
YKL180W,YJR086W,0.6858114004135132
YKL180W,YMR025W,0.001962085487321019
YKL180W,YBR081C,0.4745958149433136
YKL180W,YFL026W,0.00010041327186627313
YKL180W,YHL007C,9.200470607595435e-09
YKL180W,YNR044W,0.986791729927063
YKL180W,YNL271C,3.9907433802000014e-08
YKL180W,YDR200C,6.112537812441587e-05
YKL180W,YKL178C,1.6470172781168912e-08
YKL180W,YOR212W,1.4264197716329363e-06
YKL180W,YOL111C,5.9131401997092325e-09
YKL180W,YGL032C,0.0005582351004704833
YKL180W,YHR005C,0.25449952483177185
YKL180W,YDR103W,0.9993929862976074
YKL180W,YJR084W,2.594178796677302e-15
YKL180W,YCL032W,1.69324323451292e-07
YKL180W,YJL170C,2.299040957609577e-09
YKL180W,YDR179C,2.3895047199180884e-15
YKL180W,YBR095C,0.006197487935423851
YKL180W,YLL021W,2.0315061988185334e-07
YKL180W,YDL159W,2.888046518514237e-13
YKL180W,YNL161W,9.948439641527251e-13
YKL180W,YNL188W,0.00016585808771196753
YKL180W,YJL157C,1.0832933508564402e-11
YKL180W,YJL034W,3.2804742878292325e-23
YKL180W,YLR238W,3.313870547572151e-05
YKL180W,YPR141C,1.5500663971238123e-14
YKL180W,YNL127W,0.0005259825265966356
YKL180W,YCL055W,1.4514360172730376e-14
YKL180W,YPR122W,9.154670988209546e-05
YKL180W,YMR065W,1.9335391243657796e-06
YKL180W,YDR356W,1.4607584489567671e-05
YKL180W,YMR052W,0.0004934685421176255
YKL180W,YFR008W,2.418896246497715e-13
YKL180W,YLL043W,1.1038516767314377e-09
YKL180W,YMR029C,8.447044820059091e-06
YKL180W,YJR004C,5.7938972730653404e-08
YKL180W,YDL223C,7.736839703681366e-16
YKL180W,YHR158C,4.251020022105756e-11
YKL180W,YGR238C,5.138960410639923e-14
YKL180W,YIL015W,0.999634861946106
YKL180W,YGL173C,0.06778120249509811
YKL180W,YDL225W,0.03371284902095795
YKL180W,YLR330W,8.149690444315808e-16
YKL180W,YBR129C,7.863743434199932e-09
YKL180W,YKR095W-A,0.2020167112350464
YKL180W,YPR075C,1.1018301478453105e-13
YKL180W,YMR198W,7.01691024005413e-05
YKL180W,YOR127W,1.0518812487703144e-09
YKL180W,YDR264C,7.108859535103276e-15
YKL180W,YLR110C,2.38123258090861e-12
YKL180W,YDR379W,0.06696966290473938
YKL180W,YDL100C,9.202207138653273e-13
YKL180W,YHR073W,6.144550471730292e-14
YKL180W,YJR090C,3.158538541825351e-09
YKL180W,YOR208W,0.021795719861984253
YKL180W,YBR040W,1.0911596291407477e-05
YKL180W,YNL279W,1.7099200473515846e-13
YKL180W,YER075C,8.998331864785297e-14
YKL180W,YCR089W,1.0953793605494866e-07
YKL180W,YCR002C,8.133470146276522e-07
YKL180W,YJL108C,3.751060376089299e-06
YKL180W,YBR200W,9.124755118161687e-11
YKL180W,YIL026C,1.359720016580468e-07
YKL180W,YJR076C,0.08501908928155899
YKL180W,YKR031C,2.59616876974178e-06
YKL180W,YPL192C,9.908891343002324e-07
YKL180W,YHR107C,0.5704363584518433
YKL180W,YIL037C,7.877030839154031e-06
YKL180W,YPL156C,9.613821240830878e-13
YKL180W,YIL117C,3.510886017465964e-05
YKL180W,YHR066W,1.9582944342727907e-14
YKL180W,YML085C,5.857722499058582e-06
YKL180W,YML047C,0.0722382590174675
YKL180W,YDR312W,9.204648598881704e-09
YKL180W,YFL037W,7.021106540605615e-08
YKL180W,YDL038C,0.2020167112350464
YKL180W,YDL039C,6.080729587149802e-18
YKL180W,YCL027W,3.862276745390721e-16
YKL180W,YML124C,7.454911687965193e-11
YKL180W,YGL053W,1.9650613580779464e-08
YKL180W,YMR232W,0.40758493542671204
YKL180W,YNL298W,1.0948288036161102e-05
YKL180W,YGL099W,3.6861489206785336e-05
YKL180W,YBL016W,2.7364699395349135e-10
YKL180W,YAL041W,3.08192684315145e-05
YKL180W,YDR085C,1.3749226127401926e-05
YKL180W,YPL187W,0.011998902074992657
YKL180W,YPL256C,1.368499269460699e-08
YKL180W,YDR461W,0.00018700779764913023
YKL180W,YNL145W,1.4843093421035292e-10
YOR030W,YDL165W,3.228749767547612e-10
YOR030W,YGR059W,4.1960820928999e-10
YOR030W,YBR109C,1.1874462524374962e-10
YOR030W,YJL080C,1.5563877241220325e-05
YOR030W,YCR093W,1.285180815102649e-07
YOR030W,YIL122W,2.843450204181863e-07
YOR030W,YCL029C,4.848379376198864e-06
YOR030W,YNL173C,1.5982365084710182e-06
YOR030W,YLR452C,5.187088390812278e-05
YOR030W,YDL160C,7.01912483691558e-08
YOR030W,YLR229C,1.3372010165824122e-08
YOR030W,YML057W,2.862091719180171e-07
YOR030W,YER149C,0.5250983834266663
YOR030W,YMR305C,3.9216743741299354e-10
YOR030W,YLR433C,1.8127735756934271e-06
YOR030W,YJL073W,1.619312388356775e-05
YOR030W,YGR279C,4.331246964284219e-05
YOR030W,YKL190W,0.0038819387555122375
YOR030W,YGL089C,5.378165951697156e-06
YOR030W,YJL019W,1.4905757552696741e-06
YOR030W,YJL018W,0.0005210863891988993
YOR030W,YNR032C-A,0.2934430241584778
YOR030W,YGL178W,2.020517285927781e-06
YOR030W,YKL116C,6.323833384030975e-12
YOR030W,YDL214C,0.11831098794937134
YOR030W,YLR362W,2.0099116227356717e-05
YOR030W,YER068W,1.7004492747219047e-07
YOR030W,YHR084W,5.172114470042288e-08
YOR030W,YDR392W,2.5766755396006147e-09
YOR030W,YNL053W,2.8236122773250827e-08
YOR030W,YGR040W,3.1107722056914963e-14
YOR030W,YDL216C,0.01253858394920826
YOR030W,YOL117W,2.1323512400250877e-11
YOR030W,YJR086W,3.4390761072256026e-11
YOR030W,YMR025W,5.100617272546515e-06
YOR030W,YBR081C,0.003599586896598339
YOR030W,YFL026W,5.844183359471344e-09
YOR030W,YHL007C,1.5796753904950833e-09
YOR030W,YNR044W,2.5063968261962444e-11
YOR030W,YNL271C,0.9750921726226807
YOR030W,YDR200C,3.3059909583244007e-06
YOR030W,YKL178C,1.178031311610539e-06
YOR030W,YOR212W,3.08569177154272e-11
YOR030W,YOL111C,1.073747853297391e-06
YOR030W,YGL032C,3.835091320070205e-07
YOR030W,YHR005C,7.510084287787322e-06
YOR030W,YDR103W,2.8035083143862494e-09
YOR030W,YJR084W,0.00033802728285081685
YOR030W,YCL032W,5.187482656765496e-07
YOR030W,YJL170C,1.7987885314596497e-07
YOR030W,YDR179C,7.672563384630848e-08
YOR030W,YBR095C,2.6702613712304042e-14
YOR030W,YLL021W,3.2324476251233136e-07
YOR030W,YDL159W,1.270960274268873e-05
YOR030W,YNL161W,5.083287533125258e-07
YOR030W,YNL188W,0.32447296380996704
YOR030W,YJL157C,4.4841949597973496e-11
YOR030W,YJL034W,6.128968199522718e-15
YOR030W,YLR238W,1.0416743162489084e-10
YOR030W,YPR141C,0.00014466498396359384
YOR030W,YNL127W,5.7817177712138346e-09
YOR030W,YCL055W,1.1297608559931137e-14
YOR030W,YPR122W,5.1821249513750445e-09
YOR030W,YMR065W,1.1397463417495146e-08
YOR030W,YDR356W,0.029283855110406876
YOR030W,YMR052W,8.47457613417646e-06
YOR030W,YFR008W,3.000741365458137e-12
YOR030W,YLL043W,1.882409961240228e-08
YOR030W,YMR029C,0.0007974009495228529
YOR030W,YJR004C,3.1446506909560412e-06
YOR030W,YDL223C,1.0450648346704838e-07
YOR030W,YHR158C,1.130471218857565e-06
YOR030W,YGR238C,2.7438300520543635e-09
YOR030W,YIL015W,8.506623998982832e-06
YOR030W,YGL173C,0.0007912192959338427
YOR030W,YDL225W,0.0003939582675229758
YOR030W,YLR330W,1.613344480233536e-08
YOR030W,YBR129C,1.7697600052102302e-09
YOR030W,YKR095W-A,0.2020167112350464
YOR030W,YPR075C,0.0038791222032159567
YOR030W,YMR198W,0.0012221391079947352
YOR030W,YOR127W,0.17468620836734772
YOR030W,YDR264C,1.2903756839086067e-13
YOR030W,YLR110C,1.9996583432657644e-05
YOR030W,YDR379W,9.197620443046617e-07
YOR030W,YDL100C,7.405307405861095e-05
YOR030W,YHR073W,3.7427906107723175e-08
YOR030W,YJR090C,0.0012502010213211179
YOR030W,YOR208W,1.563733036391568e-07
YOR030W,YBR040W,0.02879362739622593
YOR030W,YNL279W,0.20291754603385925
YOR030W,YER075C,1.9622130309482344e-10
YOR030W,YCR089W,4.9074433752793745e-12
YOR030W,YCR002C,6.24648848202014e-08
YOR030W,YJL108C,1.4160837963572703e-05
YOR030W,YBR200W,9.252208838006482e-05
YOR030W,YIL026C,0.5483560562133789
YOR030W,YJR076C,0.0002072076895274222
YOR030W,YKR031C,0.0638076514005661
YOR030W,YPL192C,0.004288285505026579
YOR030W,YHR107C,1.002950102702016e-05
YOR030W,YIL037C,1.2505272195539874e-07
YOR030W,YPL156C,0.0002928173344116658
YOR030W,YIL117C,9.239529958904313e-07
YOR030W,YHR066W,0.0001829528482630849
YOR030W,YML085C,2.9628558877448086e-06
YOR030W,YML047C,6.653095141473386e-08
YOR030W,YDR312W,0.7129679918289185
YOR030W,YFL037W,9.964152559405193e-05
YOR030W,YDL038C,0.2020167112350464
YOR030W,YDL039C,1.760788390092749e-11
YOR030W,YCL027W,1.9584727795063372e-07
YOR030W,YML124C,2.21723941290497e-11
YOR030W,YGL053W,1.6858275557751767e-05
YOR030W,YMR232W,2.73242079629199e-07
YOR030W,YNL298W,1.222756479402065e-10
YOR030W,YGL099W,0.0020194000098854303
YOR030W,YBL016W,7.593784090431654e-08
YOR030W,YAL041W,0.9286192059516907
YOR030W,YDR085C,1.1459565030236263e-06
YOR030W,YPL187W,6.945465713670274e-08
YOR030W,YPL256C,6.097865767884514e-09
YOR030W,YDR461W,1.752647875719049e-07
YOR030W,YNL145W,1.6607287989245378e-07
YDR143C,YDL165W,1.5003548980985215e-07
YDR143C,YGR059W,2.2295344737077727e-10
YDR143C,YBR109C,1.7496785176263074e-07
YDR143C,YJL080C,6.884353638270113e-07
YDR143C,YCR093W,2.0954094850315214e-13
YDR143C,YIL122W,9.831341230892576e-06
YDR143C,YCL029C,4.647587502404349e-06
YDR143C,YNL173C,3.5352454470782835e-12
YDR143C,YLR452C,2.4133201804943383e-05
YDR143C,YDL160C,0.0006572197889909148
YDR143C,YLR229C,2.0557040514290748e-09
YDR143C,YML057W,4.929833266942296e-06
YDR143C,YER149C,0.012626185081899166
YDR143C,YMR305C,3.527805150327183e-14
YDR143C,YLR433C,0.004296934697777033
YDR143C,YJL073W,1.2794894033163473e-09
YDR143C,YGR279C,2.9944359880573757e-07
YDR143C,YKL190W,0.00011437688226578757
YDR143C,YGL089C,0.6336435675621033
YDR143C,YJL019W,0.033498939126729965
YDR143C,YJL018W,0.006720900535583496
YDR143C,YNR032C-A,0.2576822340488434
YDR143C,YGL178W,7.642007631147862e-07
YDR143C,YKL116C,3.2453626591655294e-11
YDR143C,YDL214C,1.3085749150931747e-10
YDR143C,YLR362W,3.640742249899631e-07
YDR143C,YER068W,6.208571903698612e-06
YDR143C,YHR084W,1.158768176898195e-12
YDR143C,YDR392W,6.580627314178855e-07
YDR143C,YNL053W,0.0005686910590156913
YDR143C,YGR040W,8.007625183381606e-06
YDR143C,YDL216C,1.0399184624532154e-08
YDR143C,YOL117W,9.683880364264041e-10
YDR143C,YJR086W,7.737585292488802e-07
YDR143C,YMR025W,1.2991926041650004e-06
YDR143C,YBR081C,5.8125475987935715e-08
YDR143C,YFL026W,7.093909744071425e-07
YDR143C,YHL007C,7.533355883548865e-11
YDR143C,YNR044W,0.0007123241084627807
YDR143C,YNL271C,1.7991753338719718e-05
YDR143C,YDR200C,1.5387977114755813e-08
YDR143C,YKL178C,0.0005345914396457374
YDR143C,YOR212W,3.1662970911838784e-08
YDR143C,YOL111C,5.001735553378239e-05
YDR143C,YGL032C,5.744432485244033e-09
YDR143C,YHR005C,0.0012369208270683885
YDR143C,YDR103W,6.321814112197899e-07
YDR143C,YJR084W,1.7441342814450422e-09
YDR143C,YCL032W,3.3002016375759113e-14
YDR143C,YJL170C,2.659654114722798e-07
YDR143C,YDR179C,7.924125938751914e-11
YDR143C,YBR095C,2.8602521524589974e-06
YDR143C,YLL021W,1.2315235636828348e-11
YDR143C,YDL159W,0.03609766811132431
YDR143C,YNL161W,2.3830878035369096e-06
YDR143C,YNL188W,1.736924737372192e-08
YDR143C,YJL157C,8.208019863786831e-08
YDR143C,YJL034W,5.493324436826874e-14
YDR143C,YLR238W,8.958986086327059e-08
YDR143C,YPR141C,1.8479443042451749e-07
YDR143C,YNL127W,6.2277489831785715e-09
YDR143C,YCL055W,4.665731978548138e-08
YDR143C,YPR122W,0.0017404351383447647
YDR143C,YMR065W,6.570261029992253e-05
YDR143C,YDR356W,0.007779741659760475
YDR143C,YMR052W,2.3620785327693739e-07
YDR143C,YFR008W,4.42337046990815e-08
YDR143C,YLL043W,3.237476747190021e-13
YDR143C,YMR029C,2.307193653905415e-07
YDR143C,YJR004C,1.0634160389599856e-05
YDR143C,YDL223C,1.9546970853458016e-14
YDR143C,YHR158C,0.0010784997139126062
YDR143C,YGR238C,5.875379176234485e-12
YDR143C,YIL015W,4.369364251033403e-05
YDR143C,YGL173C,1.2851359088017489e-06
YDR143C,YDL225W,2.9274135115997524e-08
YDR143C,YLR330W,1.1717891084117582e-06
YDR143C,YBR129C,1.191787557530688e-09
YDR143C,YKR095W-A,0.2020167112350464
YDR143C,YPR075C,1.3719129299261112e-07
YDR143C,YMR198W,6.688307621516287e-06
YDR143C,YOR127W,1.2932488413497367e-09
YDR143C,YDR264C,9.853138038806719e-08
YDR143C,YLR110C,4.2354991736104353e-10
YDR143C,YDR379W,2.9397613232617914e-09
YDR143C,YDL100C,1.4385000213223975e-07
YDR143C,YHR073W,3.4593239731095515e-12
YDR143C,YJR090C,0.006930780131369829
YDR143C,YOR208W,1.6226119115003712e-08
YDR143C,YBR040W,0.00012983210035599768
YDR143C,YNL279W,2.133351557631613e-07
YDR143C,YER075C,1.3548316635247915e-10
YDR143C,YCR089W,1.8561591730303917e-07
YDR143C,YCR002C,9.475929232394265e-07
YDR143C,YJL108C,0.8785787224769592
YDR143C,YBR200W,2.329341981521793e-07
YDR143C,YIL026C,2.420787298374437e-14
YDR143C,YJR076C,1.0184822984982134e-09
YDR143C,YKR031C,4.864133006776683e-05
YDR143C,YPL192C,0.00014132454816717654
YDR143C,YHR107C,3.645808145122575e-17
YDR143C,YIL037C,3.21156250038257e-07
YDR143C,YPL156C,0.002306200098246336
YDR143C,YIL117C,1.5429812982858948e-10
YDR143C,YHR066W,1.0088398723991001e-14
YDR143C,YML085C,9.336518814961892e-06
YDR143C,YML047C,0.3702290654182434
YDR143C,YDR312W,1.3302646038937382e-05
YDR143C,YFL037W,2.4648789676007254e-09
YDR143C,YDL038C,0.2020167112350464
YDR143C,YDL039C,2.725497516564701e-08
YDR143C,YCL027W,2.2176853235578164e-05
YDR143C,YML124C,3.5958364605903625e-06
YDR143C,YGL053W,8.616936497674033e-09
YDR143C,YMR232W,1.5639463682437516e-11
YDR143C,YNL298W,1.2769663726430736e-06
YDR143C,YGL099W,5.155144974094972e-12
YDR143C,YBL016W,3.1838365277536695e-11
YDR143C,YAL041W,1.247235914547673e-08
YDR143C,YDR085C,5.900420596560707e-09
YDR143C,YPL187W,1.5301979683357558e-09
YDR143C,YPL256C,4.9328329623676836e-05
YDR143C,YDR461W,2.6986177203980333e-07
YDR143C,YNL145W,4.616871365215047e-07
YLR127C,YDL165W,0.016992205753922462
YLR127C,YGR059W,3.6654917494161054e-05
YLR127C,YBR109C,7.303379012668643e-10
YLR127C,YJL080C,3.789471634263464e-07
YLR127C,YCR093W,6.552244524726802e-09
YLR127C,YIL122W,0.0001860490010585636
YLR127C,YCL029C,7.153123093850411e-10
YLR127C,YNL173C,5.125387225746181e-09
YLR127C,YLR452C,0.08730312436819077
YLR127C,YDL160C,1.2204763152112719e-05
YLR127C,YLR229C,0.681224524974823
YLR127C,YML057W,1.6336957742169034e-07
YLR127C,YER149C,1.3249002677184762e-06
YLR127C,YMR305C,0.0006686016567982733
YLR127C,YLR433C,1.4332620423829212e-07
YLR127C,YJL073W,0.010031227022409439
YLR127C,YGR279C,0.05616338923573494
YLR127C,YKL190W,5.1871297728212085e-06
YLR127C,YGL089C,0.014881723560392857
YLR127C,YJL019W,3.575878224637563e-07
YLR127C,YJL018W,0.0005714833969250321
YLR127C,YNR032C-A,0.9977534413337708
YLR127C,YGL178W,8.62666820466984e-06
YLR127C,YKL116C,8.62981250975281e-05
YLR127C,YDL214C,0.7992519736289978
YLR127C,YLR362W,1.314090614101815e-09
YLR127C,YER068W,7.800642798372337e-09
YLR127C,YHR084W,0.021742090582847595
YLR127C,YDR392W,0.0257779099047184
YLR127C,YNL053W,3.002427750864456e-10
YLR127C,YGR040W,0.9450706839561462
YLR127C,YDL216C,2.3955997221492e-06
YLR127C,YOL117W,0.0005458231316879392
YLR127C,YJR086W,0.000993733061477542
YLR127C,YMR025W,0.05364375561475754
YLR127C,YBR081C,0.553367555141449
YLR127C,YFL026W,7.574662049592007e-06
YLR127C,YHL007C,0.9495117664337158
YLR127C,YNR044W,1.4063991329749115e-05
YLR127C,YNL271C,0.00026266020722687244
YLR127C,YDR200C,8.665031054988503e-05
YLR127C,YKL178C,5.2716284699272364e-05
YLR127C,YOR212W,0.006589362397789955
YLR127C,YOL111C,1.3077577023068443e-05
YLR127C,YGL032C,3.269127091698465e-06
YLR127C,YHR005C,3.321872281958349e-05
YLR127C,YDR103W,1.2628794898716933e-08
YLR127C,YJR084W,0.000755538116209209
YLR127C,YCL032W,0.5944893956184387
YLR127C,YJL170C,1.305015575780999e-05
YLR127C,YDR179C,3.6148981052974705e-07
YLR127C,YBR095C,0.0018361745169386268
YLR127C,YLL021W,4.514430496094235e-10
YLR127C,YDL159W,0.0003411628131289035
YLR127C,YNL161W,0.8638870716094971
YLR127C,YNL188W,3.1955256417859346e-05
YLR127C,YJL157C,3.2468201993651746e-07
YLR127C,YJL034W,1.0885044332553662e-07
YLR127C,YLR238W,2.47299625222297e-10
YLR127C,YPR141C,1.2268794307601638e-05
YLR127C,YNL127W,1.9982477169833146e-05
YLR127C,YCL055W,8.022683459785185e-07
YLR127C,YPR122W,0.9491123557090759
YLR127C,YMR065W,0.00015474316023755819
YLR127C,YDR356W,0.003529297886416316
YLR127C,YMR052W,0.9873637557029724
YLR127C,YFR008W,3.739309590855555e-07
YLR127C,YLL043W,8.051258504337966e-08
YLR127C,YMR029C,5.273408169159666e-05
YLR127C,YJR004C,2.4182963898056187e-07
YLR127C,YDL223C,2.683029909356094e-10
YLR127C,YHR158C,2.6587693469082296e-07
YLR127C,YGR238C,1.5773577999311783e-08
YLR127C,YIL015W,0.056054141372442245
YLR127C,YGL173C,0.000961600337177515
YLR127C,YDL225W,1.091729302515887e-07
YLR127C,YLR330W,1.0131203254104548e-07
YLR127C,YBR129C,0.9687963724136353
YLR127C,YKR095W-A,0.2020167112350464
YLR127C,YPR075C,9.753113872079666e-10
YLR127C,YMR198W,0.033896125853061676
YLR127C,YOR127W,8.63153127284022e-06
YLR127C,YDR264C,6.536556895753165e-08
YLR127C,YLR110C,0.021781329065561295
YLR127C,YDR379W,7.231051881717576e-07
YLR127C,YDL100C,0.0001462249201722443
YLR127C,YHR073W,0.010411959141492844
YLR127C,YJR090C,0.06348743289709091
YLR127C,YOR208W,7.610336250074567e-10
YLR127C,YBR040W,0.005702164024114609
YLR127C,YNL279W,0.001268058200366795
YLR127C,YER075C,1.2546609013952548e-06
YLR127C,YCR089W,4.4991407776251435e-05
YLR127C,YCR002C,0.01372445560991764
YLR127C,YJL108C,8.59185966817222e-09
YLR127C,YBR200W,2.0517731610936174e-11
YLR127C,YIL026C,4.840765654989809e-07
YLR127C,YJR076C,0.1360657513141632
YLR127C,YKR031C,0.07906583696603775
YLR127C,YPL192C,0.000714037858415395
YLR127C,YHR107C,0.15561150014400482
YLR127C,YIL037C,0.0013114798348397017
YLR127C,YPL156C,2.1493862732313573e-05
YLR127C,YIL117C,8.633861580165103e-05
YLR127C,YHR066W,1.1948335654210496e-08
YLR127C,YML085C,0.0873279944062233
YLR127C,YML047C,0.0008276807493530214
YLR127C,YDR312W,0.0002695426228456199
YLR127C,YFL037W,0.041597653180360794
YLR127C,YDL038C,0.2020167112350464
YLR127C,YDL039C,5.712715456934747e-12
YLR127C,YCL027W,2.6263348829047573e-08
YLR127C,YML124C,7.519629008356787e-08
YLR127C,YGL053W,4.800210444955155e-05
YLR127C,YMR232W,0.0998956561088562
YLR127C,YNL298W,0.0008094345685094595
YLR127C,YGL099W,3.093924169661477e-05
YLR127C,YBL016W,0.003292051376774907
YLR127C,YAL041W,1.52853099280037e-05
YLR127C,YDR085C,0.03243204578757286
YLR127C,YPL187W,0.00030143774347379804
YLR127C,YPL256C,0.001231318456120789
YLR127C,YDR461W,6.6541933847474866e-06
YLR127C,YNL145W,3.208166890544817e-05
YMR071C,YDL165W,1.9651644200813223e-10
YMR071C,YGR059W,4.5010057192484965e-07
YMR071C,YBR109C,5.401685712058679e-07
YMR071C,YJL080C,6.804927732417809e-10
YMR071C,YCR093W,2.002274346324384e-09
YMR071C,YIL122W,3.1096274142328184e-06
YMR071C,YCL029C,3.607597348024433e-13
YMR071C,YNL173C,5.134586800181751e-08
YMR071C,YLR452C,3.4942782889402224e-08
YMR071C,YDL160C,6.406861261139263e-13
YMR071C,YLR229C,0.0052292607724666595
YMR071C,YML057W,1.4488492003361664e-11
YMR071C,YER149C,4.070851957749255e-07
YMR071C,YMR305C,3.612287136078862e-09
YMR071C,YLR433C,2.418682242932846e-06
YMR071C,YJL073W,2.1724975469853205e-14
YMR071C,YGR279C,2.8325812806428985e-09
YMR071C,YKL190W,1.5566877209494123e-07
YMR071C,YGL089C,0.0038277895655483007
YMR071C,YJL019W,2.133680385152381e-12
YMR071C,YJL018W,0.0019189397571608424
YMR071C,YNR032C-A,0.016553634777665138
YMR071C,YGL178W,0.0003006917249877006
YMR071C,YKL116C,0.02701428160071373
YMR071C,YDL214C,0.0010248135076835752
YMR071C,YLR362W,6.974854477448389e-05
YMR071C,YER068W,9.100139045092881e-12
YMR071C,YHR084W,0.003807061119005084
YMR071C,YDR392W,3.943302715470054e-07
YMR071C,YNL053W,0.8384581804275513
YMR071C,YGR040W,5.222821286565704e-08
YMR071C,YDL216C,1.2904131381219486e-06
YMR071C,YOL117W,0.0002889919269364327
YMR071C,YJR086W,0.0005851611495018005
YMR071C,YMR025W,2.412769539716919e-08
YMR071C,YBR081C,3.2152387575479224e-05
YMR071C,YFL026W,2.372944685191669e-08
YMR071C,YHL007C,1.729582344012215e-08
YMR071C,YNR044W,3.1170774406064083e-08
YMR071C,YNL271C,1.406232907896765e-10
YMR071C,YDR200C,9.061089258466382e-06
YMR071C,YKL178C,0.8973959684371948
YMR071C,YOR212W,0.0057060751132667065
YMR071C,YOL111C,5.040390847754761e-14
YMR071C,YGL032C,0.017666222527623177
YMR071C,YHR005C,0.8860014081001282
YMR071C,YDR103W,0.00011414578330004588
YMR071C,YJR084W,4.557394390758418e-07
YMR071C,YCL032W,0.00203338242135942
YMR071C,YJL170C,2.2163568202948625e-10
YMR071C,YDR179C,3.002864070681538e-13
YMR071C,YBR095C,8.173064953770001e-14
YMR071C,YLL021W,5.899370991713226e-10
YMR071C,YDL159W,2.2904503182985536e-08
YMR071C,YNL161W,0.07066630572080612
YMR071C,YNL188W,1.0147889497602591e-06
YMR071C,YJL157C,1.0998727475453052e-06
YMR071C,YJL034W,1.8727415451724738e-11
YMR071C,YLR238W,4.436357414761005e-08
YMR071C,YPR141C,7.102365628952612e-08
YMR071C,YNL127W,0.11281624436378479
YMR071C,YCL055W,0.0001741890300763771
YMR071C,YPR122W,0.11652843654155731
YMR071C,YMR065W,0.9302717447280884
YMR071C,YDR356W,2.2996844706302255e-10
YMR071C,YMR052W,2.8443309929571114e-08
YMR071C,YFR008W,1.4792890112858004e-07
YMR071C,YLL043W,8.318944434453289e-20
YMR071C,YMR029C,2.3430375695188133e-11
YMR071C,YJR004C,2.260623887195834e-06
YMR071C,YDL223C,1.4057808584766462e-05
YMR071C,YHR158C,3.644316848294693e-07
YMR071C,YGR238C,0.00022802547027822584
YMR071C,YIL015W,0.05999051406979561
YMR071C,YGL173C,0.22635100781917572
YMR071C,YDL225W,7.305997655748797e-07
YMR071C,YLR330W,2.1930634391820192e-11
YMR071C,YBR129C,3.098041815974284e-06
YMR071C,YKR095W-A,0.2020167112350464
YMR071C,YPR075C,2.8142524768903776e-11
YMR071C,YMR198W,2.0140427295700647e-05
YMR071C,YOR127W,7.95140385889681e-06
YMR071C,YDR264C,3.793878568103537e-05
YMR071C,YLR110C,0.00011375851318007335
YMR071C,YDR379W,0.004158847499638796
YMR071C,YDL100C,1.7002716509034732e-12
YMR071C,YHR073W,1.8929245925392024e-05
YMR071C,YJR090C,2.6361194613855332e-06
YMR071C,YOR208W,1.942320159287192e-05
YMR071C,YBR040W,1.0669806215446442e-05
YMR071C,YNL279W,5.801443876407575e-07
YMR071C,YER075C,1.8637130779097788e-05
YMR071C,YCR089W,4.5156919981081955e-08
YMR071C,YCR002C,0.0041937860660254955
YMR071C,YJL108C,1.0229947520201677e-06
YMR071C,YBR200W,0.06760142743587494
YMR071C,YIL026C,6.930155359441414e-05
YMR071C,YJR076C,7.200155209829973e-07
YMR071C,YKR031C,0.1438809037208557
YMR071C,YPL192C,0.999777615070343
YMR071C,YHR107C,3.968582962254885e-10
YMR071C,YIL037C,0.0003584617516025901
YMR071C,YPL156C,1.4173791029747917e-09
YMR071C,YIL117C,0.5827793478965759
YMR071C,YHR066W,1.2528023773938912e-07
YMR071C,YML085C,1.70064864968289e-11
YMR071C,YML047C,0.00659681111574173
YMR071C,YDR312W,2.6238647024001693e-06
YMR071C,YFL037W,5.147078852019149e-08
YMR071C,YDL038C,0.2020167112350464
YMR071C,YDL039C,2.1650353732027838e-10
YMR071C,YCL027W,0.0006121104815974832
YMR071C,YML124C,6.677385424105897e-13
YMR071C,YGL053W,6.874471000628546e-05
YMR071C,YMR232W,1.354331202740866e-09
YMR071C,YNL298W,8.10666006145766e-06
YMR071C,YGL099W,4.347057436238089e-12
YMR071C,YBL016W,0.00013191575999371707
YMR071C,YAL041W,0.0005580800352618098
YMR071C,YDR085C,0.000554867961909622
YMR071C,YPL187W,0.008499191142618656
YMR071C,YPL256C,4.498745511227753e-06
YMR071C,YDR461W,1.1364180352302355e-07
YMR071C,YNL145W,1.2095468093775708e-07
YHR101C,YDL165W,1.3783535424138904e-09
YHR101C,YGR059W,1.527721282812422e-10
YHR101C,YBR109C,0.022098610177636147
YHR101C,YJL080C,1.3498428188540856e-06
YHR101C,YCR093W,9.173774742521346e-05
YHR101C,YIL122W,6.8789107743327804e-09
YHR101C,YCL029C,5.631105068459874e-06
YHR101C,YNL173C,2.3237232971151656e-10
YHR101C,YLR452C,0.9823035597801208
YHR101C,YDL160C,3.9234518567354826e-07
YHR101C,YLR229C,0.00012220139615237713
YHR101C,YML057W,5.694610364856412e-13
YHR101C,YER149C,8.704410720383748e-05
YHR101C,YMR305C,8.335900361089443e-07
YHR101C,YLR433C,0.003382805734872818
YHR101C,YJL073W,7.959201298035623e-09
YHR101C,YGR279C,2.5730217956265733e-09
YHR101C,YKL190W,0.034411728382110596
YHR101C,YGL089C,0.0009746644645929337
YHR101C,YJL019W,3.5098329931315675e-07
YHR101C,YJL018W,0.00810424517840147
YHR101C,YNR032C-A,0.11321771144866943
YHR101C,YGL178W,3.389264176023145e-35
YHR101C,YKL116C,0.00014838771312497556
YHR101C,YDL214C,4.73814088763902e-06
YHR101C,YLR362W,1.5717184851382626e-06
YHR101C,YER068W,8.369326343071748e-10
YHR101C,YHR084W,0.0002831135643646121
YHR101C,YDR392W,9.593338345936786e-10
YHR101C,YNL053W,0.05260506272315979
YHR101C,YGR040W,0.9995939135551453
YHR101C,YDL216C,0.0003414455568417907
YHR101C,YOL117W,1.2047577513385477e-07
YHR101C,YJR086W,0.00037079889443702996
YHR101C,YMR025W,0.00036768504651263356
YHR101C,YBR081C,0.3841913640499115
YHR101C,YFL026W,0.9992664456367493
YHR101C,YHL007C,0.00032549913157708943
YHR101C,YNR044W,0.007693787105381489
YHR101C,YNL271C,0.881057858467102
YHR101C,YDR200C,3.9568863741124005e-08
YHR101C,YKL178C,2.414899613611965e-09
YHR101C,YOR212W,0.00013729689817409962
YHR101C,YOL111C,5.620115917787105e-12
YHR101C,YGL032C,5.74874832182104e-07
YHR101C,YHR005C,0.021930966526269913
YHR101C,YDR103W,0.0025425448548048735
YHR101C,YJR084W,1.8157187559042498e-11
YHR101C,YCL032W,2.085680517183164e-09
YHR101C,YJL170C,0.009447572752833366
YHR101C,YDR179C,0.0016501403879374266
YHR101C,YBR095C,0.8376262187957764
YHR101C,YLL021W,0.0008583197486586869
YHR101C,YDL159W,3.0275579265826025e-10
YHR101C,YNL161W,0.001668458105996251
YHR101C,YNL188W,1.1308782177366083e-07
YHR101C,YJL157C,1.3674848579892096e-11
YHR101C,YJL034W,3.2589257958903772e-09
YHR101C,YLR238W,2.8477320483943913e-06
YHR101C,YPR141C,0.4528316259384155
YHR101C,YNL127W,2.935194061137736e-07
YHR101C,YCL055W,3.111767000518739e-05
YHR101C,YPR122W,0.8783303499221802
YHR101C,YMR065W,2.6130319952244463e-07
YHR101C,YDR356W,1.049940911990177e-09
YHR101C,YMR052W,7.20195603207685e-05
YHR101C,YFR008W,9.52038892165774e-10
YHR101C,YLL043W,0.8888269066810608
YHR101C,YMR029C,1.8277769575636427e-10
YHR101C,YJR004C,1.915685743369977e-08
YHR101C,YDL223C,3.852793639680385e-08
YHR101C,YHR158C,0.0008349995478056371
YHR101C,YGR238C,1.4991449859280692e-07
YHR101C,YIL015W,1.0
YHR101C,YGL173C,1.1354197582136294e-08
YHR101C,YDL225W,1.0983942644315903e-07
YHR101C,YLR330W,1.9797786521280614e-08
YHR101C,YBR129C,2.7540543179327415e-09
YHR101C,YKR095W-A,0.2020167112350464
YHR101C,YPR075C,0.07533062249422073
YHR101C,YMR198W,9.775048965821043e-07
YHR101C,YOR127W,0.9887429475784302
YHR101C,YDR264C,1.431893451808719e-06
YHR101C,YLR110C,1.6292289739539e-09
YHR101C,YDR379W,0.25914672017097473
YHR101C,YDL100C,3.766358602774744e-08
YHR101C,YHR073W,0.055615998804569244
YHR101C,YJR090C,6.238799754587632e-11
YHR101C,YOR208W,6.2730996432946995e-06
YHR101C,YBR040W,0.007906431332230568
YHR101C,YNL279W,1.0790869282573112e-06
YHR101C,YER075C,0.0026527566369622946
YHR101C,YCR089W,0.06757533550262451
YHR101C,YCR002C,0.000526847317814827
YHR101C,YJL108C,1.5756579330172826e-07
YHR101C,YBR200W,2.4342085680473247e-07
YHR101C,YIL026C,0.9741177558898926
YHR101C,YJR076C,0.08151982724666595
YHR101C,YKR031C,6.310047865554225e-06
YHR101C,YPL192C,4.7728796914725535e-08
YHR101C,YHR107C,0.009236638434231281
YHR101C,YIL037C,7.976567576406524e-05
YHR101C,YPL156C,0.003018002724274993
YHR101C,YIL117C,4.584773005689158e-09
YHR101C,YHR066W,6.823073464730378e-13
YHR101C,YML085C,0.26238420605659485
YHR101C,YML047C,0.0019207836594432592
YHR101C,YDR312W,0.004555367399007082
YHR101C,YFL037W,0.2491706758737564
YHR101C,YDL038C,0.2020167112350464
YHR101C,YDL039C,9.990343331280646e-18
YHR101C,YCL027W,0.1281954050064087
YHR101C,YML124C,0.0027874319348484278
YHR101C,YGL053W,1.7923926520779787e-07
YHR101C,YMR232W,3.780000724873389e-06
YHR101C,YNL298W,0.0371071957051754
YHR101C,YGL099W,2.857650997611927e-06
YHR101C,YBL016W,1.2933062862430234e-05
YHR101C,YAL041W,9.881189907900989e-05
YHR101C,YDR085C,5.83513307117478e-11
YHR101C,YPL187W,0.21489661931991577
YHR101C,YPL256C,2.6701574284970775e-08
YHR101C,YDR461W,5.989524254346179e-08
YHR101C,YNL145W,2.1267885230713546e-09
YBR078W,YDL165W,3.627374667303229e-08
YBR078W,YGR059W,1.3159774603366259e-08
YBR078W,YBR109C,4.495023677009158e-05
YBR078W,YJL080C,0.865327775478363
YBR078W,YCR093W,0.00017676637799013406
YBR078W,YIL122W,2.1196899524511537e-06
YBR078W,YCL029C,0.0007765156915411353
YBR078W,YNL173C,2.339142156415619e-06
YBR078W,YLR452C,1.4748054866231541e-07
YBR078W,YDL160C,2.149226041581187e-08
YBR078W,YLR229C,0.012314878404140472
YBR078W,YML057W,1.571349095286223e-08
YBR078W,YER149C,2.466299386938431e-09
YBR078W,YMR305C,3.584213481566678e-11
YBR078W,YLR433C,4.2130204747081734e-07
YBR078W,YJL073W,8.578229540034954e-07
YBR078W,YGR279C,8.786784369768999e-14
YBR078W,YKL190W,2.7220146421313984e-06
YBR078W,YGL089C,4.2261139032717665e-10
YBR078W,YJL019W,0.58012855052948
YBR078W,YJL018W,0.0018284136895090342
YBR078W,YNR032C-A,2.0608232897956213e-09
YBR078W,YGL178W,5.2096877159457655e-12
YBR078W,YKL116C,1.5490071447743503e-08
YBR078W,YDL214C,7.502258813474327e-05
YBR078W,YLR362W,5.59468270322494e-12
YBR078W,YER068W,0.07149413228034973
YBR078W,YHR084W,7.594842088565201e-08
YBR078W,YDR392W,1.3958869867283785e-12
YBR078W,YNL053W,0.5111289024353027
YBR078W,YGR040W,0.000583391054533422
YBR078W,YDL216C,0.000911099836230278
YBR078W,YOL117W,1.425301210389307e-08
YBR078W,YJR086W,1.4021258820662297e-08
YBR078W,YMR025W,0.21258871257305145
YBR078W,YBR081C,0.9741293787956238
YBR078W,YFL026W,0.0002010478638112545
YBR078W,YHL007C,0.9937454462051392
YBR078W,YNR044W,2.015675622493349e-15
YBR078W,YNL271C,1.8419658021073815e-09
YBR078W,YDR200C,2.8560190656889972e-08
YBR078W,YKL178C,0.0010848845122382045
YBR078W,YOR212W,1.639349628268505e-10
YBR078W,YOL111C,2.4358058681173134e-08
YBR078W,YGL032C,1.5613949244652758e-06
YBR078W,YHR005C,0.004231125582009554
YBR078W,YDR103W,0.8429977893829346
YBR078W,YJR084W,6.2341196098714136e-06
YBR078W,YCL032W,2.3413956284912274e-07
YBR078W,YJL170C,6.215522603270074e-07
YBR078W,YDR179C,8.717241373190632e-10
YBR078W,YBR095C,3.979346001869999e-05
YBR078W,YLL021W,0.00036997953429818153
YBR078W,YDL159W,1.2738431186612442e-12
YBR078W,YNL161W,0.0004258665139786899
YBR078W,YNL188W,0.00032578472746536136
YBR078W,YJL157C,0.05241744592785835
YBR078W,YJL034W,5.723399639363837e-17
YBR078W,YLR238W,1.4683037079521455e-06
YBR078W,YPR141C,5.986209750119542e-09
YBR078W,YNL127W,0.029827065765857697
YBR078W,YCL055W,1.1889934888297806e-15
YBR078W,YPR122W,0.9862191081047058
YBR078W,YMR065W,0.0009680718067102134
YBR078W,YDR356W,0.9970575571060181
YBR078W,YMR052W,0.0011466400464996696
YBR078W,YFR008W,2.868682997814176e-07
YBR078W,YLL043W,0.7806588411331177
YBR078W,YMR029C,1.9171332965584043e-08
YBR078W,YJR004C,2.2481683788227623e-15
YBR078W,YDL223C,6.532590912655678e-09
YBR078W,YHR158C,0.0022313962690532207
YBR078W,YGR238C,1.0783127862845632e-11
YBR078W,YIL015W,6.867946922284318e-07
YBR078W,YGL173C,0.11755380779504776
YBR078W,YDL225W,0.0014844636898487806
YBR078W,YLR330W,2.8027248924478165e-11
YBR078W,YBR129C,0.9043942093849182
YBR078W,YKR095W-A,0.2020167112350464
YBR078W,YPR075C,5.314461232739688e-14
YBR078W,YMR198W,1.283502797377878e-07
YBR078W,YOR127W,1.3791515129923937e-07
YBR078W,YDR264C,2.1278059869622723e-10
YBR078W,YLR110C,1.8440660456975344e-11
YBR078W,YDR379W,3.2320353060555362e-09
YBR078W,YDL100C,2.466343525486499e-15
YBR078W,YHR073W,5.393431479205901e-09
YBR078W,YJR090C,1.5845458278818114e-09
YBR078W,YOR208W,7.3922077348242965e-09
YBR078W,YBR040W,0.00046996772289276123
YBR078W,YNL279W,1.7624734027776867e-07
YBR078W,YER075C,0.24461892247200012
YBR078W,YCR089W,7.266012945939156e-15
YBR078W,YCR002C,2.8755313685735473e-09
YBR078W,YJL108C,6.134788232969868e-09
YBR078W,YBR200W,2.9798499667776923e-08
YBR078W,YIL026C,0.9313554763793945
YBR078W,YJR076C,0.0003124924551229924
YBR078W,YKR031C,1.4481353218798176e-06
YBR078W,YPL192C,5.101345568192528e-09
YBR078W,YHR107C,0.10017503798007965
YBR078W,YIL037C,1.3272300591893327e-08
YBR078W,YPL156C,2.47346920723146e-09
YBR078W,YIL117C,2.268623067180897e-09
YBR078W,YHR066W,7.586942548818906e-14
YBR078W,YML085C,2.9496924804722756e-27
YBR078W,YML047C,0.0008945265435613692
YBR078W,YDR312W,9.097644859679122e-11
YBR078W,YFL037W,3.1515378395852167e-06
YBR078W,YDL038C,0.2020167112350464
YBR078W,YDL039C,7.39687688877666e-09
YBR078W,YCL027W,6.564403243203287e-09
YBR078W,YML124C,2.0447927938765762e-25
YBR078W,YGL053W,2.2836355029198785e-09
YBR078W,YMR232W,3.779657345148735e-05
YBR078W,YNL298W,8.492212145938538e-06
YBR078W,YGL099W,2.732695181251188e-09
YBR078W,YBL016W,4.52967491565827e-16
YBR078W,YAL041W,0.04668475687503815
YBR078W,YDR085C,0.002864261856302619
YBR078W,YPL187W,0.002427733736112714
YBR078W,YPL256C,1.2266827922268446e-18
YBR078W,YDR461W,1.3942127452537534e-09
YBR078W,YNL145W,3.3048931646906254e-11
YLR098C,YDL165W,0.012591415084898472
YLR098C,YGR059W,6.812414454770988e-08
YLR098C,YBR109C,2.1914354874752462e-05
YLR098C,YJL080C,8.661092398831727e-10
YLR098C,YCR093W,0.9585103988647461
YLR098C,YIL122W,0.0003963204799219966
YLR098C,YCL029C,3.1634826882509515e-05
YLR098C,YNL173C,0.14310871064662933
YLR098C,YLR452C,0.02817571721971035
YLR098C,YDL160C,0.6609955430030823
YLR098C,YLR229C,1.453491108804883e-06
YLR098C,YML057W,4.032032485667969e-10
YLR098C,YER149C,5.2342802092653073e-08
YLR098C,YMR305C,2.6567540771793574e-06
YLR098C,YLR433C,0.8238197565078735
YLR098C,YJL073W,1.675631716713255e-10
YLR098C,YGR279C,0.00011741417256416753
YLR098C,YKL190W,7.541496871432685e-10
YLR098C,YGL089C,6.968797970330343e-05
YLR098C,YJL019W,0.17154967784881592
YLR098C,YJL018W,0.0031722031999379396
YLR098C,YNR032C-A,0.9992840886116028
YLR098C,YGL178W,0.002143633784726262
YLR098C,YKL116C,0.00043753228965215385
YLR098C,YDL214C,2.8778822525055148e-05
YLR098C,YLR362W,3.965802264360718e-08
YLR098C,YER068W,0.347334623336792
YLR098C,YHR084W,3.106919166384614e-07
YLR098C,YDR392W,5.647927991958568e-06
YLR098C,YNL053W,7.322464171011234e-06
YLR098C,YGR040W,0.0010305993491783738
YLR098C,YDL216C,0.03518711403012276
YLR098C,YOL117W,0.004023747052997351
YLR098C,YJR086W,0.27657970786094666
YLR098C,YMR025W,0.00083351373905316
YLR098C,YBR081C,0.00016935939493123442
YLR098C,YFL026W,4.0332562889489054e-07
YLR098C,YHL007C,0.00016587405116297305
YLR098C,YNR044W,2.5544188247295097e-05
YLR098C,YNL271C,5.413303733803332e-05
YLR098C,YDR200C,9.802320732887893e-08
YLR098C,YKL178C,5.545334857970374e-08
YLR098C,YOR212W,0.00042183598270639777
YLR098C,YOL111C,2.690107522591162e-13
YLR098C,YGL032C,0.0001263913873117417
YLR098C,YHR005C,0.044421035796403885
YLR098C,YDR103W,0.6499717235565186
YLR098C,YJR084W,0.24975937604904175
YLR098C,YCL032W,6.877461419207975e-05
YLR098C,YJL170C,2.57346127909841e-05
YLR098C,YDR179C,1.2160342066636076e-07
YLR098C,YBR095C,5.673686409579659e-09
YLR098C,YLL021W,2.8285174266784452e-05
YLR098C,YDL159W,0.26653411984443665
YLR098C,YNL161W,0.9820336699485779
YLR098C,YNL188W,2.048882151939324e-06
YLR098C,YJL157C,0.0007038228213787079
YLR098C,YJL034W,4.79181565538056e-08
YLR098C,YLR238W,0.20581237971782684
YLR098C,YPR141C,0.03182831406593323
YLR098C,YNL127W,1.2488427181267525e-08
YLR098C,YCL055W,3.636057783751312e-07
YLR098C,YPR122W,0.9082252383232117
YLR098C,YMR065W,0.1624440997838974
YLR098C,YDR356W,1.1253810043854173e-05
YLR098C,YMR052W,9.844391570368316e-06
YLR098C,YFR008W,2.3956607719810563e-07
YLR098C,YLL043W,0.05475495383143425
YLR098C,YMR029C,4.804685815873455e-11
YLR098C,YJR004C,3.64102452294901e-05
YLR098C,YDL223C,5.885678749928402e-11
YLR098C,YHR158C,0.005109558347612619
YLR098C,YGR238C,9.694871988541465e-11
YLR098C,YIL015W,8.373272976314183e-06
YLR098C,YGL173C,2.146737460861914e-05
YLR098C,YDL225W,1.835538654404445e-07
YLR098C,YLR330W,4.357351812700472e-08
YLR098C,YBR129C,0.0005221865139901638
YLR098C,YKR095W-A,0.2020167112350464
YLR098C,YPR075C,2.7261478408036055e-06
YLR098C,YMR198W,1.4881767356200726e-06
YLR098C,YOR127W,2.5818928406806663e-05
YLR098C,YDR264C,1.0748113936642767e-06
YLR098C,YLR110C,0.9995542168617249
YLR098C,YDR379W,0.17772474884986877
YLR098C,YDL100C,5.091959492942166e-11
YLR098C,YHR073W,1.9011016775039025e-05
YLR098C,YJR090C,0.0014076493680477142
YLR098C,YOR208W,0.9119278192520142
YLR098C,YBR040W,9.142498313963188e-09
YLR098C,YNL279W,0.04838135093450546
YLR098C,YER075C,2.735600901360158e-05
YLR098C,YCR089W,3.0773280741414055e-05
YLR098C,YCR002C,0.00016780084115453064
YLR098C,YJL108C,0.0051903086714446545
YLR098C,YBR200W,7.359246545490805e-09
YLR098C,YIL026C,6.256406777538359e-06
YLR098C,YJR076C,3.3551968954270706e-06
YLR098C,YKR031C,0.0021028246264904737
YLR098C,YPL192C,0.2666019797325134
YLR098C,YHR107C,6.307487296908221e-07
YLR098C,YIL037C,8.164843023905632e-09
YLR098C,YPL156C,3.965734052258085e-08
YLR098C,YIL117C,2.126986873918213e-05
YLR098C,YHR066W,1.0130390170592896e-15
YLR098C,YML085C,2.023559062536151e-07
YLR098C,YML047C,0.7454927563667297
YLR098C,YDR312W,0.0002470168110448867
YLR098C,YFL037W,4.615599664248293e-06
YLR098C,YDL038C,0.2020167112350464
YLR098C,YDL039C,3.5283085481063736e-11
YLR098C,YCL027W,0.0015719622606411576
YLR098C,YML124C,1.2178458064227016e-07
YLR098C,YGL053W,5.393950686993776e-06
YLR098C,YMR232W,0.7943480014801025
YLR098C,YNL298W,0.0005516670062206686
YLR098C,YGL099W,0.1149870902299881
YLR098C,YBL016W,4.493411864814334e-09
YLR098C,YAL041W,0.028281472623348236
YLR098C,YDR085C,2.7137977667734958e-05
YLR098C,YPL187W,4.195277142571285e-06
YLR098C,YPL256C,3.532463210831338e-11
YLR098C,YDR461W,0.00013933640730101615
YLR098C,YNL145W,4.634857759810984e-06
YFL011W,YDL165W,6.711896527933012e-14
YFL011W,YGR059W,7.409777822431352e-07
YFL011W,YBR109C,1.9779429294430884e-07
YFL011W,YJL080C,7.379187050900876e-14
YFL011W,YCR093W,2.3358244049913324e-13
YFL011W,YIL122W,0.004618941340595484
YFL011W,YCL029C,7.416392500125824e-11
YFL011W,YNL173C,6.425791010400417e-10
YFL011W,YLR452C,9.209136351273628e-07
YFL011W,YDL160C,7.724289652344396e-09
YFL011W,YLR229C,1.632489876612908e-08
YFL011W,YML057W,1.5043796069980075e-11
YFL011W,YER149C,6.905876044627224e-12
YFL011W,YMR305C,1.7622955317264655e-09
YFL011W,YLR433C,7.951199222588912e-06
YFL011W,YJL073W,2.8062873205780825e-11
YFL011W,YGR279C,2.899944694101375e-11
YFL011W,YKL190W,0.0204795952886343
YFL011W,YGL089C,2.6992359458688497e-09
YFL011W,YJL019W,7.135700741400797e-08
YFL011W,YJL018W,0.0003497530415188521
YFL011W,YNR032C-A,1.2587215714177091e-08
YFL011W,YGL178W,1.6251383385679219e-06
YFL011W,YKL116C,6.555684022470766e-16
YFL011W,YDL214C,4.172648914391175e-06
YFL011W,YLR362W,7.674915813993266e-09
YFL011W,YER068W,2.679660937587869e-09
YFL011W,YHR084W,4.264797848207991e-09
YFL011W,YDR392W,1.7923174766565353e-07
YFL011W,YNL053W,3.918537672120692e-08
YFL011W,YGR040W,1.712069930270843e-10
YFL011W,YDL216C,3.593315341277048e-05
YFL011W,YOL117W,2.0212613804915236e-08
YFL011W,YJR086W,8.65728466692417e-08
YFL011W,YMR025W,2.1978258102350878e-10
YFL011W,YBR081C,1.164246975736416e-12
YFL011W,YFL026W,0.41020143032073975
YFL011W,YHL007C,0.4695977568626404
YFL011W,YNR044W,0.052972979843616486
YFL011W,YNL271C,1.3930566638009623e-06
YFL011W,YDR200C,1.3658314930442561e-12
YFL011W,YKL178C,7.828839798662557e-10
YFL011W,YOR212W,8.072821577886913e-11
YFL011W,YOL111C,2.161965901955141e-17
YFL011W,YGL032C,3.6174008233302857e-10
YFL011W,YHR005C,7.896636122772804e-11
YFL011W,YDR103W,4.075738146980257e-08
YFL011W,YJR084W,9.767009601091559e-08
YFL011W,YCL032W,4.8191942880748684e-08
YFL011W,YJL170C,1.4425114436278363e-09
YFL011W,YDR179C,1.9797153499867548e-11
YFL011W,YBR095C,1.9954236735294297e-16
YFL011W,YLL021W,8.564735054505945e-08
YFL011W,YDL159W,6.836516737341745e-17
YFL011W,YNL161W,3.6635477984603426e-10
YFL011W,YNL188W,2.283530919910959e-09
YFL011W,YJL157C,5.722012308417845e-10
YFL011W,YJL034W,5.749794112442567e-16
YFL011W,YLR238W,0.0001874133595265448
YFL011W,YPR141C,8.786583748587873e-06
YFL011W,YNL127W,7.709045490855715e-08
YFL011W,YCL055W,0.06669334322214127
YFL011W,YPR122W,4.5444531926626397e-13
YFL011W,YMR065W,0.004401905462145805
YFL011W,YDR356W,5.949549120032316e-08
YFL011W,YMR052W,0.0034944836515933275
YFL011W,YFR008W,8.583729565895051e-14
YFL011W,YLL043W,5.347984824766172e-06
YFL011W,YMR029C,7.146166467464354e-07
YFL011W,YJR004C,4.5155350569814345e-09
YFL011W,YDL223C,2.0748180062923893e-08
YFL011W,YHR158C,3.5130820474904567e-09
YFL011W,YGR238C,3.1620799728626636e-11
YFL011W,YIL015W,0.007588544860482216
YFL011W,YGL173C,1.7089834999624645e-14
YFL011W,YDL225W,1.204571026258705e-10
YFL011W,YLR330W,6.906047644861246e-08
YFL011W,YBR129C,9.495604302856009e-09
YFL011W,YKR095W-A,0.2020167112350464
YFL011W,YPR075C,2.024794584385911e-13
YFL011W,YMR198W,8.971893450393509e-09
YFL011W,YOR127W,4.2454290083426827e-11
YFL011W,YDR264C,4.4311325442247806e-11
YFL011W,YLR110C,1.1350991761110985e-12
YFL011W,YDR379W,9.071958975527604e-16
YFL011W,YDL100C,7.15049882775735e-15
YFL011W,YHR073W,1.3858427738711043e-09
YFL011W,YJR090C,3.293238393098363e-08
YFL011W,YOR208W,3.27569832966456e-15
YFL011W,YBR040W,0.020450374111533165
YFL011W,YNL279W,0.002908232156187296
YFL011W,YER075C,0.03214245289564133
YFL011W,YCR089W,1.6981019368422778e-10
YFL011W,YCR002C,2.2395647647499572e-06
YFL011W,YJL108C,2.506781413558201e-07
YFL011W,YBR200W,1.114637493415671e-09
YFL011W,YIL026C,6.310619388161243e-11
YFL011W,YJR076C,2.7152660209139867e-07
YFL011W,YKR031C,0.025384780019521713
YFL011W,YPL192C,7.0902565312280785e-06
YFL011W,YHR107C,3.368531976013329e-16
YFL011W,YIL037C,2.6536167752055917e-07
YFL011W,YPL156C,0.06792707741260529
YFL011W,YIL117C,1.9443654585699077e-12
YFL011W,YHR066W,4.295151040389911e-12
YFL011W,YML085C,1.503794493373789e-07
YFL011W,YML047C,4.430780973052606e-05
YFL011W,YDR312W,0.0029450913425534964
YFL011W,YFL037W,7.605662654579584e-14
YFL011W,YDL038C,0.2020167112350464
YFL011W,YDL039C,3.286127814305928e-09
YFL011W,YCL027W,3.248426949653549e-08
YFL011W,YML124C,3.2524924975518843e-09
YFL011W,YGL053W,1.7259142249051451e-12
YFL011W,YMR232W,1.0938882724076393e-06
YFL011W,YNL298W,9.7890886507912e-09
YFL011W,YGL099W,2.781479047087032e-09
YFL011W,YBL016W,1.1952214391819371e-11
YFL011W,YAL041W,2.692305796705985e-12
YFL011W,YDR085C,0.034290947020053864
YFL011W,YPL187W,9.083353091909885e-08
YFL011W,YPL256C,1.5384242768590184e-09
YFL011W,YDR461W,2.1680047979089068e-08
YFL011W,YNL145W,0.015219385735690594
YGR253C,YDL165W,4.7449317207792774e-05
YGR253C,YGR059W,1.6358518272613365e-13
YGR253C,YBR109C,1.0163491424464155e-05
YGR253C,YJL080C,0.044244349002838135
YGR253C,YCR093W,5.03005821883562e-07
YGR253C,YIL122W,3.236923262761593e-08
YGR253C,YCL029C,2.153798493720327e-11
YGR253C,YNL173C,7.0324840635294095e-06
YGR253C,YLR452C,0.4942491352558136
YGR253C,YDL160C,0.060949716717004776
YGR253C,YLR229C,2.0912533926775723e-09
YGR253C,YML057W,1.6324578355764174e-09
YGR253C,YER149C,0.9995641112327576
YGR253C,YMR305C,1.5123865750865662e-06
YGR253C,YLR433C,0.9812543392181396
YGR253C,YJL073W,0.021910030394792557
YGR253C,YGR279C,8.984551817803332e-12
YGR253C,YKL190W,6.775648944312707e-05
YGR253C,YGL089C,0.0027394837234169245
YGR253C,YJL019W,0.03186314180493355
YGR253C,YJL018W,0.00423083221539855
YGR253C,YNR032C-A,0.000538142048753798
YGR253C,YGL178W,1.4047537888473016e-07
YGR253C,YKL116C,0.0077879163436591625
YGR253C,YDL214C,5.288203465170227e-05
YGR253C,YLR362W,1.0104635066454648e-06
YGR253C,YER068W,4.944004650120348e-10
YGR253C,YHR084W,4.177935775118158e-11
YGR253C,YDR392W,1.4089453088672599e-06
YGR253C,YNL053W,0.0009792994242161512
YGR253C,YGR040W,0.0062068370170891285
YGR253C,YDL216C,2.6546103981672786e-05
YGR253C,YOL117W,2.5476617793174228e-06
YGR253C,YJR086W,1.4575635759683792e-05
YGR253C,YMR025W,0.00026471493765711784
YGR253C,YBR081C,0.006137239746749401
YGR253C,YFL026W,0.003171768970787525
YGR253C,YHL007C,5.16913623016535e-08
YGR253C,YNR044W,2.9699115202674875e-06
YGR253C,YNL271C,1.7059083745607495e-07
YGR253C,YDR200C,7.691235168749699e-07
YGR253C,YKL178C,0.8145935535430908
YGR253C,YOR212W,9.066800587230472e-13
YGR253C,YOL111C,6.916572891681183e-14
YGR253C,YGL032C,7.718210781604284e-08
YGR253C,YHR005C,0.01921369694173336
YGR253C,YDR103W,0.007208566181361675
YGR253C,YJR084W,0.0013511768775060773
YGR253C,YCL032W,0.00011643925245152786
YGR253C,YJL170C,2.504676376702264e-05
YGR253C,YDR179C,1.2665849890509452e-15
YGR253C,YBR095C,1.9679982870002277e-06
YGR253C,YLL021W,2.2818881251782455e-14
YGR253C,YDL159W,2.291965506273641e-09
YGR253C,YNL161W,0.06131922826170921
YGR253C,YNL188W,0.004817164968699217
YGR253C,YJL157C,6.71118993711417e-11
YGR253C,YJL034W,8.922663141675002e-08
YGR253C,YLR238W,0.0006096863653510809
YGR253C,YPR141C,7.953112057812461e-10
YGR253C,YNL127W,0.07858388870954514
YGR253C,YCL055W,0.023457784205675125
YGR253C,YPR122W,8.039776844270818e-09
YGR253C,YMR065W,0.0001841882331063971
YGR253C,YDR356W,0.00010441106860525906
YGR253C,YMR052W,6.279455622149044e-09
YGR253C,YFR008W,1.891500844841687e-12
YGR253C,YLL043W,1.1237241324124625e-06
YGR253C,YMR029C,1.3960781419797286e-09
YGR253C,YJR004C,7.504150295947754e-13
YGR253C,YDL223C,3.095753356085232e-23
YGR253C,YHR158C,5.714366757558764e-10
YGR253C,YGR238C,1.0978810394135508e-07
YGR253C,YIL015W,0.9990634322166443
YGR253C,YGL173C,0.0009055202826857567
YGR253C,YDL225W,0.026272710412740707
YGR253C,YLR330W,0.00036492510116659105
YGR253C,YBR129C,0.00029188834014348686
YGR253C,YKR095W-A,0.2020167112350464
YGR253C,YPR075C,3.489809898837848e-07
YGR253C,YMR198W,2.386915866736672e-06
YGR253C,YOR127W,4.5618642197098325e-10
YGR253C,YDR264C,0.20966993272304535
YGR253C,YLR110C,8.189348932319263e-08
YGR253C,YDR379W,0.00011849687871290371
YGR253C,YDL100C,4.634697139960231e-12
YGR253C,YHR073W,8.64012084100807e-10
YGR253C,YJR090C,7.729068585149435e-08
YGR253C,YOR208W,4.766743111339622e-10
YGR253C,YBR040W,0.017338376492261887
YGR253C,YNL279W,1.0710667993407696e-05
YGR253C,YER075C,5.725332859717047e-13
YGR253C,YCR089W,1.2714138769576167e-11
YGR253C,YCR002C,1.0417300018161768e-06
YGR253C,YJL108C,0.00014498205564450473
YGR253C,YBR200W,3.4254549197143547e-10
YGR253C,YIL026C,6.237610705284169e-06
YGR253C,YJR076C,1.7330661350456467e-08
YGR253C,YKR031C,0.011626679450273514
YGR253C,YPL192C,0.09782262146472931
YGR253C,YHR107C,0.0007741720764897764
YGR253C,YIL037C,0.12310639768838882
YGR253C,YPL156C,5.801455245091347e-07
YGR253C,YIL117C,4.188756520306924e-06
YGR253C,YHR066W,1.134853387478596e-14
YGR253C,YML085C,1.1952962175598714e-08
YGR253C,YML047C,0.0031549225095659494
YGR253C,YDR312W,5.444383646135975e-07
YGR253C,YFL037W,7.571637544376286e-13
YGR253C,YDL038C,0.2020167112350464
YGR253C,YDL039C,1.544956523824581e-11
YGR253C,YCL027W,3.395509338588454e-05
YGR253C,YML124C,0.09044506400823593
YGR253C,YGL053W,4.868609266850399e-07
YGR253C,YMR232W,1.1108400030934718e-06
YGR253C,YNL298W,1.2945105481776409e-05
YGR253C,YGL099W,1.9102749320154544e-06
YGR253C,YBL016W,3.894119693370612e-09
YGR253C,YAL041W,2.1120858946233056e-05
YGR253C,YDR085C,4.9571532656500494e-08
YGR253C,YPL187W,0.014875033870339394
YGR253C,YPL256C,0.00025961798382923007
YGR253C,YDR461W,3.050497137876973e-12
YGR253C,YNL145W,5.2400938699292965e-08
YLL045C,YDL165W,5.474124709081707e-09
YLL045C,YGR059W,1.6108875301387715e-12
YLL045C,YBR109C,0.10703945904970169
YLL045C,YJL080C,0.003748615738004446
YLL045C,YCR093W,7.766824410282425e-07
YLL045C,YIL122W,0.011180234141647816
YLL045C,YCL029C,1.5825180928056085e-14
YLL045C,YNL173C,0.9594408273696899
YLL045C,YLR452C,0.0003046490310225636
YLL045C,YDL160C,0.04893387481570244
YLL045C,YLR229C,4.0319423355583695e-09
YLL045C,YML057W,4.168493241557547e-12
YLL045C,YER149C,1.9236235868080875e-12
YLL045C,YMR305C,1.4545878002536483e-05
YLL045C,YLR433C,1.7213587852893397e-05
YLL045C,YJL073W,5.142617737874389e-06
YLL045C,YGR279C,0.00011794123565778136
YLL045C,YKL190W,2.0636493047732074e-07
YLL045C,YGL089C,5.069627384557407e-09
YLL045C,YJL019W,1.5882538340061814e-11
YLL045C,YJL018W,0.00018092697428073734
YLL045C,YNR032C-A,0.0034928484819829464
YLL045C,YGL178W,1.307449451815046e-06
YLL045C,YKL116C,4.05418004723046e-10
YLL045C,YDL214C,0.9983463287353516
YLL045C,YLR362W,5.642032396835361e-10
YLL045C,YER068W,1.4967238257668214e-06
YLL045C,YHR084W,7.676808166934279e-08
YLL045C,YDR392W,1.2563690539313388e-11
YLL045C,YNL053W,1.0286864472763314e-14
YLL045C,YGR040W,5.587330451817252e-05
YLL045C,YDL216C,7.177864517871058e-06
YLL045C,YOL117W,3.494010414328841e-09
YLL045C,YJR086W,0.010624024085700512
YLL045C,YMR025W,0.0001734233956085518
YLL045C,YBR081C,0.0028040839824825525
YLL045C,YFL026W,0.10531043261289597
YLL045C,YHL007C,1.7825339815313868e-10
YLL045C,YNR044W,0.9992617964744568
YLL045C,YNL271C,3.4447143804072766e-08
YLL045C,YDR200C,0.08400813490152359
YLL045C,YKL178C,1.1932471579712e-06
YLL045C,YOR212W,0.0033091010991483927
YLL045C,YOL111C,7.933364660916323e-19
YLL045C,YGL032C,2.536393003538251e-05
YLL045C,YHR005C,0.0033011133782565594
YLL045C,YDR103W,0.7676239609718323
YLL045C,YJR084W,0.06661452353000641
YLL045C,YCL032W,2.913718390118447e-06
YLL045C,YJL170C,0.0019575851038098335
YLL045C,YDR179C,4.1046701283959425e-21
YLL045C,YBR095C,8.443347178399563e-05
YLL045C,YLL021W,3.8643370317004155e-06
YLL045C,YDL159W,1.0367590439581617e-13
YLL045C,YNL161W,5.043743200872086e-08
YLL045C,YNL188W,2.2389725490290502e-11
YLL045C,YJL157C,1.2228146273329799e-10
YLL045C,YJL034W,5.249608663352931e-15
YLL045C,YLR238W,0.0010190007742494345
YLL045C,YPR141C,4.5649081736875985e-11
YLL045C,YNL127W,0.9998107552528381
YLL045C,YCL055W,1.9970576303762755e-08
YLL045C,YPR122W,2.147912255168194e-06
YLL045C,YMR065W,0.6759514212608337
YLL045C,YDR356W,0.00011941704724449664
YLL045C,YMR052W,0.00831049494445324
YLL045C,YFR008W,7.700888090766966e-05
YLL045C,YLL043W,4.177101720070908e-10
YLL045C,YMR029C,7.71088295437039e-08
YLL045C,YJR004C,3.236558754338148e-08
YLL045C,YDL223C,4.685915614579077e-19
YLL045C,YHR158C,5.141834549249324e-07
YLL045C,YGR238C,2.465419361719068e-13
YLL045C,YIL015W,0.9999712705612183
YLL045C,YGL173C,0.008624202571809292
YLL045C,YDL225W,0.003176754107698798
YLL045C,YLR330W,1.5932151024898936e-14
YLL045C,YBR129C,1.921173122809705e-07
YLL045C,YKR095W-A,0.2020167112350464
YLL045C,YPR075C,1.2921864804723676e-16
YLL045C,YMR198W,4.571059503133412e-11
YLL045C,YOR127W,9.511568199727094e-10
YLL045C,YDR264C,1.7683925761957653e-05
YLL045C,YLR110C,2.6766289837630358e-15
YLL045C,YDR379W,0.19634529948234558
YLL045C,YDL100C,1.9482755686528463e-11
YLL045C,YHR073W,2.3286880507667612e-14
YLL045C,YJR090C,0.00028490094700828195
YLL045C,YOR208W,0.00021849856420885772
YLL045C,YBR040W,0.002850200980901718
YLL045C,YNL279W,1.6076394659947368e-09
YLL045C,YER075C,9.091928598881083e-13
YLL045C,YCR089W,7.147890573833138e-05
YLL045C,YCR002C,1.5181391699314872e-09
YLL045C,YJL108C,0.0008853399194777012
YLL045C,YBR200W,4.843316414593346e-09
YLL045C,YIL026C,1.2385433824368963e-11
YLL045C,YJR076C,0.05639727786183357
YLL045C,YKR031C,0.011941413395106792
YLL045C,YPL192C,2.185608849458731e-08
YLL045C,YHR107C,0.9582602977752686
YLL045C,YIL037C,7.802541949786246e-05
YLL045C,YPL156C,3.4214183640469477e-18
YLL045C,YIL117C,1.6673567908298548e-12
YLL045C,YHR066W,3.637902201703014e-10
YLL045C,YML085C,0.00045786116970703006
YLL045C,YML047C,0.6425490975379944
YLL045C,YDR312W,0.00024312111781910062
YLL045C,YFL037W,0.0022957317996770144
YLL045C,YDL038C,0.2020167112350464
YLL045C,YDL039C,1.1383340017129262e-12
YLL045C,YCL027W,3.261137748733489e-10
YLL045C,YML124C,1.7065780212599524e-12
YLL045C,YGL053W,1.450864672847274e-08
YLL045C,YMR232W,0.3316802978515625
YLL045C,YNL298W,2.413778702248237e-06
YLL045C,YGL099W,1.3088841797070927e-06
YLL045C,YBL016W,0.0001907436817418784
YLL045C,YAL041W,9.496304853584547e-10
YLL045C,YDR085C,4.740626536658965e-06
YLL045C,YPL187W,2.856765604519751e-06
YLL045C,YPL256C,6.150961409998176e-15
YLL045C,YDR461W,9.267927816836163e-05
YLL045C,YNL145W,3.3263745535805356e-08
YIR001C,YDL165W,0.00805091392248869
YIR001C,YGR059W,0.9364690780639648
YIR001C,YBR109C,0.00017751732957549393
YIR001C,YJL080C,2.7649048206512816e-05
YIR001C,YCR093W,3.655452383100055e-05
YIR001C,YIL122W,6.946087802162104e-12
YIR001C,YCL029C,3.8077978270489865e-12
YIR001C,YNL173C,9.74425304889337e-08
YIR001C,YLR452C,4.6419029731126216e-10
YIR001C,YDL160C,9.068159417813249e-11
YIR001C,YLR229C,6.720122473780066e-05
YIR001C,YML057W,0.02301349863409996
YIR001C,YER149C,0.0002513319777790457
YIR001C,YMR305C,9.953077295676849e-08
YIR001C,YLR433C,1.919135144134998e-07
YIR001C,YJL073W,4.330135183749917e-08
YIR001C,YGR279C,2.00093336388818e-06
YIR001C,YKL190W,0.005292415153235197
YIR001C,YGL089C,7.80863847467117e-05
YIR001C,YJL019W,1.73351735743843e-10
YIR001C,YJL018W,0.09831158071756363
YIR001C,YNR032C-A,0.0055474936962127686
YIR001C,YGL178W,4.1593884816393256e-05
YIR001C,YKL116C,0.00037395296385511756
YIR001C,YDL214C,0.00015996803995221853
YIR001C,YLR362W,0.0002773465821519494
YIR001C,YER068W,4.327145846499958e-12
YIR001C,YHR084W,8.504878223902779e-08
YIR001C,YDR392W,1.0177536751143634e-06
YIR001C,YNL053W,3.114468318660135e-12
YIR001C,YGR040W,0.0005914030480198562
YIR001C,YDL216C,5.509453444574319e-07
YIR001C,YOL117W,0.001025008736178279
YIR001C,YJR086W,0.00010322912567062303
YIR001C,YMR025W,0.0003970777615904808
YIR001C,YBR081C,1.504794454376679e-06
YIR001C,YFL026W,0.001350683392956853
YIR001C,YHL007C,0.013672041706740856
YIR001C,YNR044W,5.2799702544154e-13
YIR001C,YNL271C,9.610838787921239e-06
YIR001C,YDR200C,2.3009559299680404e-05
YIR001C,YKL178C,0.9828417897224426
YIR001C,YOR212W,2.5543030801600253e-07
YIR001C,YOL111C,4.791250759989896e-15
YIR001C,YGL032C,5.583922757068649e-06
YIR001C,YHR005C,3.581451437639771e-07
YIR001C,YDR103W,1.347960846942442e-06
YIR001C,YJR084W,2.411387686152011e-05
YIR001C,YCL032W,0.010270952247083187
YIR001C,YJL170C,0.1998174488544464
YIR001C,YDR179C,1.1237541002628859e-05
YIR001C,YBR095C,0.0007793338154442608
YIR001C,YLL021W,0.02087828889489174
YIR001C,YDL159W,0.00017652097449172288
YIR001C,YNL161W,6.624424564449782e-09
YIR001C,YNL188W,4.0140048440662213e-07
YIR001C,YJL157C,4.057777005073149e-06
YIR001C,YJL034W,3.630846379110153e-07
YIR001C,YLR238W,1.0428556906916242e-09
YIR001C,YPR141C,2.362266771083199e-10
YIR001C,YNL127W,0.08558168262243271
YIR001C,YCL055W,9.193629857406904e-09
YIR001C,YPR122W,0.029929012060165405
YIR001C,YMR065W,0.0013313459930941463
YIR001C,YDR356W,5.087209501652978e-06
YIR001C,YMR052W,1.5476891990218178e-09
YIR001C,YFR008W,0.0012148503446951509
YIR001C,YLL043W,4.501804778836525e-15
YIR001C,YMR029C,2.2352449491336301e-07
YIR001C,YJR004C,3.6333570818669614e-08
YIR001C,YDL223C,3.422120897766945e-08
YIR001C,YHR158C,4.157679001082215e-08
YIR001C,YGR238C,0.000102158599474933
YIR001C,YIL015W,3.086006108787842e-05
YIR001C,YGL173C,3.163554720231332e-05
YIR001C,YDL225W,0.345100462436676
YIR001C,YLR330W,5.954000152996741e-05
YIR001C,YBR129C,0.010195148177444935
YIR001C,YKR095W-A,0.2020167112350464
YIR001C,YPR075C,1.2317928849370219e-05
YIR001C,YMR198W,6.197461971169105e-06
YIR001C,YOR127W,8.051491022342816e-05
YIR001C,YDR264C,1.026213891641703e-09
YIR001C,YLR110C,0.029793452471494675
YIR001C,YDR379W,0.011555371806025505
YIR001C,YDL100C,1.0867158728444792e-08
YIR001C,YHR073W,0.9425850510597229
YIR001C,YJR090C,2.0313667903337773e-07
YIR001C,YOR208W,4.2370069422759116e-05
YIR001C,YBR040W,0.46395063400268555
YIR001C,YNL279W,0.003906290978193283
YIR001C,YER075C,0.0008784742676652968
YIR001C,YCR089W,4.179721152519633e-11
YIR001C,YCR002C,0.0007868377724662423
YIR001C,YJL108C,0.8013197779655457
YIR001C,YBR200W,4.3859493814579764e-09
YIR001C,YIL026C,1.874152211200908e-08
YIR001C,YJR076C,0.00018110715609509498
YIR001C,YKR031C,1.03074080470833e-05
YIR001C,YPL192C,0.21846605837345123
YIR001C,YHR107C,7.107732358235808e-08
YIR001C,YIL037C,0.002200344344601035
YIR001C,YPL156C,0.010190265253186226
YIR001C,YIL117C,0.9970011115074158
YIR001C,YHR066W,2.7814513552592418e-21
YIR001C,YML085C,5.087945620374512e-09
YIR001C,YML047C,0.0002579358115326613
YIR001C,YDR312W,5.871369012311334e-06
YIR001C,YFL037W,1.0102197300909666e-08
YIR001C,YDL038C,0.2020167112350464
YIR001C,YDL039C,4.598267246680229e-17
YIR001C,YCL027W,7.990910671651363e-05
YIR001C,YML124C,1.7447149627813907e-11
YIR001C,YGL053W,4.184062540879552e-10
YIR001C,YMR232W,3.755369561986299e-07
YIR001C,YNL298W,3.249265773774823e-06
YIR001C,YGL099W,6.753458903219212e-12
YIR001C,YBL016W,6.629956601500453e-07
YIR001C,YAL041W,4.981894380762242e-05
YIR001C,YDR085C,8.686768524057698e-06
YIR001C,YPL187W,0.0015131501713767648
YIR001C,YPL256C,7.531404970159694e-14
YIR001C,YDR461W,4.002875812147977e-06
YIR001C,YNL145W,0.0005173572571948171
YOR239W,YDL165W,2.466599653416779e-07
YOR239W,YGR059W,4.293345909900381e-07
YOR239W,YBR109C,3.2149301887329784e-07
YOR239W,YJL080C,0.9997873902320862
YOR239W,YCR093W,0.03581273928284645
YOR239W,YIL122W,0.00012536010763142258
YOR239W,YCL029C,3.9387449465161373e-13
YOR239W,YNL173C,0.00024378334637731314
YOR239W,YLR452C,3.912224144642096e-07
YOR239W,YDL160C,0.9926401376724243
YOR239W,YLR229C,1.7134154404629953e-05
YOR239W,YML057W,1.2220453815547927e-10
YOR239W,YER149C,0.002275224309414625
YOR239W,YMR305C,4.8225092541542836e-06
YOR239W,YLR433C,0.011685958132147789
YOR239W,YJL073W,3.766754161915742e-07
YOR239W,YGR279C,6.173479505378054e-08
YOR239W,YKL190W,6.272072994306654e-08
YOR239W,YGL089C,0.042548906058073044
YOR239W,YJL019W,7.695279782637954e-05
YOR239W,YJL018W,0.0014313284773379564
YOR239W,YNR032C-A,0.6113758683204651
YOR239W,YGL178W,9.567786764819175e-05
YOR239W,YKL116C,4.4033250353250897e-13
YOR239W,YDL214C,0.6413084268569946
YOR239W,YLR362W,8.951296192986902e-13
YOR239W,YER068W,7.650511690826534e-08
YOR239W,YHR084W,5.687356861017179e-07
YOR239W,YDR392W,0.004946244414895773
YOR239W,YNL053W,4.625632573151961e-05
YOR239W,YGR040W,1.3643467866586434e-07
YOR239W,YDL216C,0.45298224687576294
YOR239W,YOL117W,3.8772100197093096e-07
YOR239W,YJR086W,0.04412040859460831
YOR239W,YMR025W,0.9555873274803162
YOR239W,YBR081C,0.9999988079071045
YOR239W,YFL026W,4.657495537685463e-06
YOR239W,YHL007C,3.796317832893692e-05
YOR239W,YNR044W,0.1321018487215042
YOR239W,YNL271C,0.0006503868498839438
YOR239W,YDR200C,0.21363797783851624
YOR239W,YKL178C,0.06922969222068787
YOR239W,YOR212W,0.0017145902384072542
YOR239W,YOL111C,1.4409852200358841e-09
YOR239W,YGL032C,1.0252077659034242e-10
YOR239W,YHR005C,0.0011082496494054794
YOR239W,YDR103W,0.8146457076072693
YOR239W,YJR084W,0.0028677694499492645
YOR239W,YCL032W,0.09053065627813339
YOR239W,YJL170C,0.00016312854131683707
YOR239W,YDR179C,9.426258475286886e-05
YOR239W,YBR095C,1.216189673414192e-07
YOR239W,YLL021W,8.916794058677624e-08
YOR239W,YDL159W,5.0992174038810845e-08
YOR239W,YNL161W,0.7953135371208191
YOR239W,YNL188W,2.351377226261775e-08
YOR239W,YJL157C,7.722383452346548e-05
YOR239W,YJL034W,6.74994353744296e-08
YOR239W,YLR238W,9.065678568731528e-06
YOR239W,YPR141C,0.764668881893158
YOR239W,YNL127W,7.88688521424774e-06
YOR239W,YCL055W,3.5885460647477885e-07
YOR239W,YPR122W,0.4638923406600952
YOR239W,YMR065W,0.0010047397809103131
YOR239W,YDR356W,0.0181373693048954
YOR239W,YMR052W,2.6624293241184205e-05
YOR239W,YFR008W,1.6276293308692402e-06
YOR239W,YLL043W,3.060834501411591e-07
YOR239W,YMR029C,2.2324285964714363e-05
YOR239W,YJR004C,5.837652028439777e-10
YOR239W,YDL223C,1.841441851833091e-17
YOR239W,YHR158C,0.02291014976799488
YOR239W,YGR238C,1.631704265037115e-07
YOR239W,YIL015W,0.0065207164734601974
YOR239W,YGL173C,0.0600142665207386
YOR239W,YDL225W,5.8594100664777216e-06
YOR239W,YLR330W,0.6715041399002075
YOR239W,YBR129C,0.790508508682251
YOR239W,YKR095W-A,0.2020167112350464
YOR239W,YPR075C,5.003597189356945e-11
YOR239W,YMR198W,8.262777555501089e-05
YOR239W,YOR127W,4.277784682926722e-06
YOR239W,YDR264C,2.2620886738877743e-05
YOR239W,YLR110C,1.20682341275824e-06
YOR239W,YDR379W,0.004515272099524736
YOR239W,YDL100C,2.0710497210529866e-06
YOR239W,YHR073W,7.168153359771168e-08
YOR239W,YJR090C,0.007712795399129391
YOR239W,YOR208W,2.523347199592796e-12
YOR239W,YBR040W,0.9943681359291077
YOR239W,YNL279W,0.7633766531944275
YOR239W,YER075C,1.7983985856062645e-08
YOR239W,YCR089W,0.2074863761663437
YOR239W,YCR002C,4.4339463784126565e-05
YOR239W,YJL108C,2.1263906091917306e-05
YOR239W,YBR200W,1.667350701950454e-08
YOR239W,YIL026C,0.9260610342025757
YOR239W,YJR076C,2.159842721338734e-10
YOR239W,YKR031C,0.00011018838995369151
YOR239W,YPL192C,0.13066843152046204
YOR239W,YHR107C,1.8619507500261534e-06
YOR239W,YIL037C,0.0025101976934820414
YOR239W,YPL156C,0.00021182798082008958
YOR239W,YIL117C,0.0014940311666578054
YOR239W,YHR066W,4.324423198004412e-12
YOR239W,YML085C,7.787124332025996e-07
YOR239W,YML047C,0.9525606036186218
YOR239W,YDR312W,2.6214033255200775e-07
YOR239W,YFL037W,3.0251565476646647e-05
YOR239W,YDL038C,0.2020167112350464
YOR239W,YDL039C,0.9981707334518433
YOR239W,YCL027W,4.128446016693488e-05
YOR239W,YML124C,1.5884293880219502e-11
YOR239W,YGL053W,0.14220234751701355
YOR239W,YMR232W,3.337278394610621e-05
YOR239W,YNL298W,7.389730427576069e-08
YOR239W,YGL099W,5.25031296216838e-10
YOR239W,YBL016W,2.418425702754856e-13
YOR239W,YAL041W,5.6684817536734045e-05
YOR239W,YDR085C,2.7012498904355198e-09
YOR239W,YPL187W,0.9372408390045166
YOR239W,YPL256C,1.0251858389986879e-11
YOR239W,YDR461W,1.916280467639808e-09
YOR239W,YNL145W,6.169086645968491e-06
YDR043C,YDL165W,0.0004523113602772355
YDR043C,YGR059W,6.972110213609994e-07
YDR043C,YBR109C,4.090184191340995e-08
YDR043C,YJL080C,4.97644532515551e-06
YDR043C,YCR093W,2.073567657134845e-06
YDR043C,YIL122W,0.012190043926239014
YDR043C,YCL029C,1.0826978419711808e-12
YDR043C,YNL173C,0.005819992627948523
YDR043C,YLR452C,0.0004528590361587703
YDR043C,YDL160C,3.6693288620881503e-06
YDR043C,YLR229C,0.180401012301445
YDR043C,YML057W,7.157059656037745e-08
YDR043C,YER149C,0.9987819790840149
YDR043C,YMR305C,0.9794744253158569
YDR043C,YLR433C,1.026544282467512e-06
YDR043C,YJL073W,1.671487427634677e-11
YDR043C,YGR279C,0.26032716035842896
YDR043C,YKL190W,2.7442967621027492e-05
YDR043C,YGL089C,0.18286676704883575
YDR043C,YJL019W,0.9273395538330078
YDR043C,YJL018W,0.00012924105976708233
YDR043C,YNR032C-A,4.680481652030721e-05
YDR043C,YGL178W,1.0248890248476528e-05
YDR043C,YKL116C,0.1412743330001831
YDR043C,YDL214C,0.4602532982826233
YDR043C,YLR362W,0.15743230283260345
YDR043C,YER068W,6.484912319137948e-06
YDR043C,YHR084W,1.468283285753491e-12
YDR043C,YDR392W,0.9666205048561096
YDR043C,YNL053W,0.028841575607657433
YDR043C,YGR040W,5.9284898270561825e-06
YDR043C,YDL216C,8.447510468911901e-10
YDR043C,YOL117W,7.328944118256686e-10
YDR043C,YJR086W,8.760741437852104e-11
YDR043C,YMR025W,0.12382735311985016
YDR043C,YBR081C,4.050602058214281e-07
YDR043C,YFL026W,7.152188129938564e-12
YDR043C,YHL007C,0.9714077115058899
YDR043C,YNR044W,0.0023728511296212673
YDR043C,YNL271C,0.0005808817804791033
YDR043C,YDR200C,0.0001489040587330237
YDR043C,YKL178C,0.00022110457939561456
YDR043C,YOR212W,2.4679461603227537e-06
YDR043C,YOL111C,2.6932877972285496e-07
YDR043C,YGL032C,6.274789281918158e-12
YDR043C,YHR005C,3.744568743968557e-08
YDR043C,YDR103W,3.98518380961832e-07
YDR043C,YJR084W,8.030266326386482e-05
YDR043C,YCL032W,1.7932664775344165e-07
YDR043C,YJL170C,0.7080011963844299
YDR043C,YDR179C,2.6671284538565265e-12
YDR043C,YBR095C,2.8190421108575947e-09
YDR043C,YLL021W,0.000669380824547261
YDR043C,YDL159W,1.2657150718145549e-12
YDR043C,YNL161W,0.9989256262779236
YDR043C,YNL188W,9.647445230111674e-15
YDR043C,YJL157C,3.2443758790634547e-09
YDR043C,YJL034W,1.320305531571364e-10
YDR043C,YLR238W,1.7189172467624303e-06
YDR043C,YPR141C,0.9999291896820068
YDR043C,YNL127W,3.352403723511088e-07
YDR043C,YCL055W,1.0330121480439658e-10
YDR043C,YPR122W,0.038110386580228806
YDR043C,YMR065W,0.00017632903472986072
YDR043C,YDR356W,0.9999821186065674
YDR043C,YMR052W,4.0442073301338866e-11
YDR043C,YFR008W,2.2395925043383613e-06
YDR043C,YLL043W,0.003954971209168434
YDR043C,YMR029C,1.174987232843705e-06
YDR043C,YJR004C,0.00361919985152781
YDR043C,YDL223C,2.3034286812466907e-14
YDR043C,YHR158C,0.9545196890830994
YDR043C,YGR238C,3.4284289296415693e-10
YDR043C,YIL015W,0.0005974429659545422
YDR043C,YGL173C,0.09914529323577881
YDR043C,YDL225W,1.1696539570227316e-11
YDR043C,YLR330W,0.001010573236271739
YDR043C,YBR129C,4.714356617759041e-13
YDR043C,YKR095W-A,0.2020167112350464
YDR043C,YPR075C,0.06431793421506882
YDR043C,YMR198W,0.00019779513240791857
YDR043C,YOR127W,6.3603053490624e-08
YDR043C,YDR264C,8.722898928681388e-05
YDR043C,YLR110C,1.1983595413767034e-06
YDR043C,YDR379W,2.1014414652853475e-09
YDR043C,YDL100C,1.3982200471218675e-05
YDR043C,YHR073W,0.954474151134491
YDR043C,YJR090C,1.0860178008442745e-05
YDR043C,YOR208W,1.5786527001182549e-06
YDR043C,YBR040W,0.07827236503362656
YDR043C,YNL279W,0.0023615912068635225
YDR043C,YER075C,0.12402555346488953
YDR043C,YCR089W,0.006416552700102329
YDR043C,YCR002C,0.9261425137519836
YDR043C,YJL108C,0.7119583487510681
YDR043C,YBR200W,3.2355288226426637e-07
YDR043C,YIL026C,0.0006681060767732561
YDR043C,YJR076C,0.8785077929496765
YDR043C,YKR031C,0.0620383694767952
YDR043C,YPL192C,8.805954365698199e-08
YDR043C,YHR107C,7.53668700781418e-08
YDR043C,YIL037C,2.108390981447883e-05
YDR043C,YPL156C,0.0007614452042616904
YDR043C,YIL117C,0.019660765305161476
YDR043C,YHR066W,3.3264709668306405e-15
YDR043C,YML085C,2.461410519849494e-10
YDR043C,YML047C,0.9997281432151794
YDR043C,YDR312W,3.418352059747498e-11
YDR043C,YFL037W,2.8142596420366317e-05
YDR043C,YDL038C,0.2020167112350464
YDR043C,YDL039C,1.2628027963590416e-11
YDR043C,YCL027W,4.860772762071974e-08
YDR043C,YML124C,1.0019447493903044e-09
YDR043C,YGL053W,0.00022883765632286668
YDR043C,YMR232W,0.9734342098236084
YDR043C,YNL298W,4.3886862840736285e-05
YDR043C,YGL099W,4.0514726989959726e-11
YDR043C,YBL016W,8.267905110548313e-11
YDR043C,YAL041W,0.00311738601885736
YDR043C,YDR085C,3.449117436105098e-09
YDR043C,YPL187W,2.215868107668939e-06
YDR043C,YPL256C,0.0002663041523192078
YDR043C,YDR461W,5.998261609629907e-11
YDR043C,YNL145W,1.0459282745456377e-11
YHR152W,YDL165W,0.2925557792186737
YHR152W,YGR059W,2.4312224923050962e-05
YHR152W,YBR109C,0.026582635939121246
YHR152W,YJL080C,1.6077381396681356e-12
YHR152W,YCR093W,3.102195933024632e-06
YHR152W,YIL122W,9.410927592767848e-10
YHR152W,YCL029C,1.6743159322093332e-13
YHR152W,YNL173C,1.5340590126325382e-12
YHR152W,YLR452C,1.478825026879349e-07
YHR152W,YDL160C,5.9016438171966e-06
YHR152W,YLR229C,0.00508010433986783
YHR152W,YML057W,5.567673877493462e-09
YHR152W,YER149C,0.13275814056396484
YHR152W,YMR305C,7.301119431257774e-11
YHR152W,YLR433C,0.8291923999786377
YHR152W,YJL073W,0.010328250005841255
YHR152W,YGR279C,1.3062979178357637e-06
YHR152W,YKL190W,1.8311496319256548e-08
YHR152W,YGL089C,0.029711425304412842
YHR152W,YJL019W,1.539681449003183e-08
YHR152W,YJL018W,0.01903071254491806
YHR152W,YNR032C-A,3.752856514438463e-07
YHR152W,YGL178W,0.0019526240648701787
YHR152W,YKL116C,1.296153584462445e-08
YHR152W,YDL214C,0.0036871274933218956
YHR152W,YLR362W,6.148060492705554e-06
YHR152W,YER068W,1.0976229987136321e-06
YHR152W,YHR084W,2.4389794361923123e-07
YHR152W,YDR392W,1.7100212801324233e-07
YHR152W,YNL053W,5.117818773214822e-07
YHR152W,YGR040W,3.7221689126454294e-05
YHR152W,YDL216C,0.40932273864746094
YHR152W,YOL117W,9.736821994010825e-06
YHR152W,YJR086W,3.0354621594064213e-10
YHR152W,YMR025W,2.7287365700345845e-09
YHR152W,YBR081C,0.10960453748703003
YHR152W,YFL026W,0.00018727098358795047
YHR152W,YHL007C,0.0009138506138697267
YHR152W,YNR044W,0.076468326151371
YHR152W,YNL271C,0.0007622692501172423
YHR152W,YDR200C,0.012119038961827755
YHR152W,YKL178C,8.362082007806748e-05
YHR152W,YOR212W,0.00010949929128400981
YHR152W,YOL111C,6.001672075983677e-11
YHR152W,YGL032C,0.06712069362401962
YHR152W,YHR005C,0.012987746857106686
YHR152W,YDR103W,1.0137258641407243e-06
YHR152W,YJR084W,3.082120656472398e-07
YHR152W,YCL032W,4.0161029346563737e-07
YHR152W,YJL170C,0.0040305727161467075
YHR152W,YDR179C,6.932304175144566e-10
YHR152W,YBR095C,5.557582931185745e-13
YHR152W,YLL021W,1.3068461157672573e-06
YHR152W,YDL159W,1.8633008949109353e-05
YHR152W,YNL161W,0.3956722915172577
YHR152W,YNL188W,6.373912242452207e-07
YHR152W,YJL157C,6.914127880008891e-05
YHR152W,YJL034W,3.9444508314993854e-13
YHR152W,YLR238W,1.6767571651143953e-05
YHR152W,YPR141C,0.12408404052257538
YHR152W,YNL127W,4.3822165025630966e-05
YHR152W,YCL055W,0.10754939913749695
YHR152W,YPR122W,0.21120023727416992
YHR152W,YMR065W,0.00017014084733091295
YHR152W,YDR356W,3.415563696762547e-05
YHR152W,YMR052W,5.399838755693054e-06
YHR152W,YFR008W,1.9293152145327674e-12
YHR152W,YLL043W,0.058480195701122284
YHR152W,YMR029C,4.1013553442326156e-08
YHR152W,YJR004C,2.5670875147820738e-11
YHR152W,YDL223C,1.00246708711893e-08
YHR152W,YHR158C,1.1090256748502725e-06
YHR152W,YGR238C,6.366021261783317e-05
YHR152W,YIL015W,7.565671977793897e-10
YHR152W,YGL173C,0.030454332008957863
YHR152W,YDL225W,0.1520611047744751
YHR152W,YLR330W,0.0007939760689623654
YHR152W,YBR129C,4.0859157479644637e-07
YHR152W,YKR095W-A,0.2020167112350464
YHR152W,YPR075C,6.244237482633253e-08
YHR152W,YMR198W,1.0237193315276727e-09
YHR152W,YOR127W,0.00494845537468791
YHR152W,YDR264C,5.640827112074476e-07
YHR152W,YLR110C,7.361303141806275e-05
YHR152W,YDR379W,0.0022175488993525505
YHR152W,YDL100C,0.7922976016998291
YHR152W,YHR073W,3.663388270069845e-06
YHR152W,YJR090C,4.983869317243261e-08
YHR152W,YOR208W,5.520242211787263e-06
YHR152W,YBR040W,0.00024545067572034895
YHR152W,YNL279W,2.412874209767324e-06
YHR152W,YER075C,0.0006806610617786646
YHR152W,YCR089W,2.625466004246846e-05
YHR152W,YCR002C,0.9687456488609314
YHR152W,YJL108C,7.14915877324529e-05
YHR152W,YBR200W,1.8316497624182304e-11
YHR152W,YIL026C,0.0011715551372617483
YHR152W,YJR076C,2.412620574432367e-07
YHR152W,YKR031C,0.3858879506587982
YHR152W,YPL192C,3.538247881351708e-07
YHR152W,YHR107C,8.2905673480127e-05
YHR152W,YIL037C,0.014905999414622784
YHR152W,YPL156C,6.996798973535334e-13
YHR152W,YIL117C,2.8199187429578387e-09
YHR152W,YHR066W,6.115198625256113e-12
YHR152W,YML085C,0.000105319544672966
YHR152W,YML047C,0.001487663947045803
YHR152W,YDR312W,1.4765490163881623e-07
YHR152W,YFL037W,0.9799324870109558
YHR152W,YDL038C,0.2020167112350464
YHR152W,YDL039C,1.334670344384193e-16
YHR152W,YCL027W,0.00017152867803815752
YHR152W,YML124C,2.7689720738521828e-08
YHR152W,YGL053W,5.587589058109188e-09
YHR152W,YMR232W,0.002745456760749221
YHR152W,YNL298W,0.008070163428783417
YHR152W,YGL099W,4.427791466810049e-09
YHR152W,YBL016W,0.0014860123628750443
YHR152W,YAL041W,4.597776296577649e-06
YHR152W,YDR085C,2.9214006644906476e-05
YHR152W,YPL187W,4.2574270082695875e-06
YHR152W,YPL256C,0.0004709372587967664
YHR152W,YDR461W,0.00039054988883435726
YHR152W,YNL145W,0.0004774445260409266
YER025W,YDL165W,0.9722388386726379
YER025W,YGR059W,3.724050234854559e-11
YER025W,YBR109C,0.0004373977717477828
YER025W,YJL080C,0.00011725038348231465
YER025W,YCR093W,0.21430641412734985
YER025W,YIL122W,2.375896838202607e-05
YER025W,YCL029C,2.081445042365071e-12
YER025W,YNL173C,1.7035524706443539e-06
YER025W,YLR452C,0.9999405145645142
YER025W,YDL160C,0.8417326211929321
YER025W,YLR229C,6.2425338336058456e-12
YER025W,YML057W,1.4770306424336313e-15
YER025W,YER149C,0.38283783197402954
YER025W,YMR305C,0.00027326561394147575
YER025W,YLR433C,0.00160859280731529
YER025W,YJL073W,3.6757916710428162e-09
YER025W,YGR279C,1.2079866884562307e-08
YER025W,YKL190W,5.463500201585703e-06
YER025W,YGL089C,7.563933479559637e-08
YER025W,YJL019W,0.05152061581611633
YER025W,YJL018W,8.602008892921731e-05
YER025W,YNR032C-A,0.023243991658091545
YER025W,YGL178W,0.9752437472343445
YER025W,YKL116C,8.393373995829734e-09
YER025W,YDL214C,1.913493724714499e-05
YER025W,YLR362W,4.487398679638849e-13
YER025W,YER068W,1.4653518580360074e-15
YER025W,YHR084W,1.741352173567634e-09
YER025W,YDR392W,6.285550625761971e-05
YER025W,YNL053W,0.00011961010022787377
YER025W,YGR040W,1.876194295410971e-12
YER025W,YDL216C,0.29160237312316895
YER025W,YOL117W,2.2455427794998428e-10
YER025W,YJR086W,0.009894685819745064
YER025W,YMR025W,0.9903731346130371
YER025W,YBR081C,0.9070188999176025
YER025W,YFL026W,1.669472169396613e-07
YER025W,YHL007C,1.0748231193957736e-09
YER025W,YNR044W,0.9922101497650146
YER025W,YNL271C,0.99933260679245
YER025W,YDR200C,2.301976387286686e-09
YER025W,YKL178C,2.9058989525765355e-07
YER025W,YOR212W,0.5144621133804321
YER025W,YOL111C,1.3552495392333283e-15
YER025W,YGL032C,4.606706838217178e-08
YER025W,YHR005C,0.11198064684867859
YER025W,YDR103W,0.9995189905166626
YER025W,YJR084W,3.4371797852372765e-08
YER025W,YCL032W,0.0003140461049042642
YER025W,YJL170C,0.7694537043571472
YER025W,YDR179C,1.538048479687859e-07
YER025W,YBR095C,0.9352907538414001
YER025W,YLL021W,0.8380528092384338
YER025W,YDL159W,6.309692351935681e-11
YER025W,YNL161W,0.00043631589505821466
YER025W,YNL188W,0.012807099148631096
YER025W,YJL157C,0.6439321041107178
YER025W,YJL034W,4.191708286895024e-13
YER025W,YLR238W,0.00010727864719228819
YER025W,YPR141C,4.0727341001911554e-06
YER025W,YNL127W,0.0275169275701046
YER025W,YCL055W,3.148017412968329e-06
YER025W,YPR122W,0.01708439737558365
YER025W,YMR065W,0.7959275245666504
YER025W,YDR356W,0.5477006435394287
YER025W,YMR052W,0.0008674014243297279
YER025W,YFR008W,0.9607352614402771
YER025W,YLL043W,2.027704795182217e-07
YER025W,YMR029C,0.15911968052387238
YER025W,YJR004C,5.7956317696394866e-12
YER025W,YDL223C,1.4054938131287793e-16
YER025W,YHR158C,0.977003276348114
YER025W,YGR238C,5.12933528984405e-10
YER025W,YIL015W,0.97372967004776
YER025W,YGL173C,0.000554463011212647
YER025W,YDL225W,0.1117035299539566
YER025W,YLR330W,3.5453944467744858e-12
YER025W,YBR129C,0.4717232882976532
YER025W,YKR095W-A,0.2020167112350464
YER025W,YPR075C,3.860396973875274e-13
YER025W,YMR198W,4.911887563352479e-10
YER025W,YOR127W,0.035217173397541046
YER025W,YDR264C,5.751298431277974e-06
YER025W,YLR110C,0.1326591670513153
YER025W,YDR379W,2.1233127256437e-07
YER025W,YDL100C,1.1090898199839216e-09
YER025W,YHR073W,1.3363064994831308e-11
YER025W,YJR090C,1.299589502679055e-08
YER025W,YOR208W,0.00508551299571991
YER025W,YBR040W,0.00992580410093069
YER025W,YNL279W,1.55078140551268e-07
YER025W,YER075C,0.00026114698266610503
YER025W,YCR089W,0.0002345554530620575
YER025W,YCR002C,0.4460912346839905
YER025W,YJL108C,0.908221960067749
YER025W,YBR200W,1.9261442503193393e-06
YER025W,YIL026C,8.987822042172411e-09
YER025W,YJR076C,0.9999985694885254
YER025W,YKR031C,3.993967402493581e-05
YER025W,YPL192C,1.5326756752642723e-08
YER025W,YHR107C,0.008053092285990715
YER025W,YIL037C,0.0001620400871615857
YER025W,YPL156C,2.5620176984375576e-06
YER025W,YIL117C,0.006907468196004629
YER025W,YHR066W,5.775693812104521e-11
YER025W,YML085C,6.851212788205885e-07
YER025W,YML047C,1.8173353964812122e-05
YER025W,YDR312W,3.1789934951120813e-07
YER025W,YFL037W,0.017441725358366966
YER025W,YDL038C,0.2020167112350464
YER025W,YDL039C,1.3814924386679195e-06
YER025W,YCL027W,8.958559588601034e-12
YER025W,YML124C,4.28358656054742e-14
YER025W,YGL053W,0.028593268245458603
YER025W,YMR232W,0.0005333521403372288
YER025W,YNL298W,0.019607417285442352
YER025W,YGL099W,1.419027597648892e-07
YER025W,YBL016W,4.357276495170481e-08
YER025W,YAL041W,1.3631254660140257e-05
YER025W,YDR085C,2.966729653053335e-06
YER025W,YPL187W,0.015953782945871353
YER025W,YPL256C,0.006711799651384354
YER025W,YDR461W,4.504154826889817e-09
YER025W,YNL145W,0.001569159678183496
tI(AAU)L1,YDL165W,0.0017489284509792924
tI(AAU)L1,YGR059W,6.386762106558308e-05
tI(AAU)L1,YBR109C,0.005123451817780733
tI(AAU)L1,YJL080C,0.0006732562906108797
tI(AAU)L1,YCR093W,0.0004463247023522854
tI(AAU)L1,YIL122W,2.6003415314335143e-06
tI(AAU)L1,YCL029C,0.10869806259870529
tI(AAU)L1,YNL173C,0.005485350266098976
tI(AAU)L1,YLR452C,0.00010179830860579386
tI(AAU)L1,YDL160C,0.00024270167341455817
tI(AAU)L1,YLR229C,1.7831631339504384e-05
tI(AAU)L1,YML057W,0.27290141582489014
tI(AAU)L1,YER149C,0.0013349881628528237
tI(AAU)L1,YMR305C,0.0007398397428914905
tI(AAU)L1,YLR433C,0.007012114394456148
tI(AAU)L1,YJL073W,0.0015884323511272669
tI(AAU)L1,YGR279C,0.005266095045953989
tI(AAU)L1,YKL190W,0.0007790634990669787
tI(AAU)L1,YGL089C,3.0161312679410912e-05
tI(AAU)L1,YJL019W,2.8467195534176426e-07
tI(AAU)L1,YJL018W,0.2020167112350464
tI(AAU)L1,YNR032C-A,0.002303984947502613
tI(AAU)L1,YGL178W,0.002042509149760008
tI(AAU)L1,YKL116C,0.002029879717156291
tI(AAU)L1,YDL214C,5.95828823861666e-05
tI(AAU)L1,YLR362W,0.01173441018909216
tI(AAU)L1,YER068W,0.00039556538104079664
tI(AAU)L1,YHR084W,2.2396488930098712e-05
tI(AAU)L1,YDR392W,0.0002871939504984766
tI(AAU)L1,YNL053W,1.0458896213094704e-05
tI(AAU)L1,YGR040W,0.3112001419067383
tI(AAU)L1,YDL216C,0.0010158809600397944
tI(AAU)L1,YOL117W,1.1496376828290522e-06
tI(AAU)L1,YJR086W,1.5934780094539747e-05
tI(AAU)L1,YMR025W,0.014447703026235104
tI(AAU)L1,YBR081C,4.93166680826107e-06
tI(AAU)L1,YFL026W,0.005116680171340704
tI(AAU)L1,YHL007C,0.00402021873742342
tI(AAU)L1,YNR044W,0.0002432660257909447
tI(AAU)L1,YNL271C,8.43328450628178e-07
tI(AAU)L1,YDR200C,0.00039755369652993977
tI(AAU)L1,YKL178C,0.00029653075034730136
tI(AAU)L1,YOR212W,0.002966528758406639
tI(AAU)L1,YOL111C,0.013860585168004036
tI(AAU)L1,YGL032C,9.018892160383984e-05
tI(AAU)L1,YHR005C,1.4850946854494396e-06
tI(AAU)L1,YDR103W,0.00017172048683278263
tI(AAU)L1,YJR084W,0.01044647116214037
tI(AAU)L1,YCL032W,0.0003794610674958676
tI(AAU)L1,YJL170C,0.0023823471274226904
tI(AAU)L1,YDR179C,0.00041451380820944905
tI(AAU)L1,YBR095C,0.005807692185044289
tI(AAU)L1,YLL021W,0.00026002127560786903
tI(AAU)L1,YDL159W,6.4489013311685994e-06
tI(AAU)L1,YNL161W,0.0007541706436313689
tI(AAU)L1,YNL188W,6.746224244125187e-06
tI(AAU)L1,YJL157C,0.0010395428398624063
tI(AAU)L1,YJL034W,0.10318277031183243
tI(AAU)L1,YLR238W,0.08074525743722916
tI(AAU)L1,YPR141C,0.0022914796136319637
tI(AAU)L1,YNL127W,0.0018188216490671039
tI(AAU)L1,YCL055W,0.01451766025274992
tI(AAU)L1,YPR122W,0.007028648164123297
tI(AAU)L1,YMR065W,0.0005490640178322792
tI(AAU)L1,YDR356W,5.533357398235239e-05
tI(AAU)L1,YMR052W,0.0022435381542891264
tI(AAU)L1,YFR008W,0.000538691645488143
tI(AAU)L1,YLL043W,0.01684592477977276
tI(AAU)L1,YMR029C,7.291737711057067e-05
tI(AAU)L1,YJR004C,4.220683422317961e-06
tI(AAU)L1,YDL223C,0.00035666534677147865
tI(AAU)L1,YHR158C,9.073229193745647e-06
tI(AAU)L1,YGR238C,7.742638990748674e-05
tI(AAU)L1,YIL015W,3.6396272662386764e-08
tI(AAU)L1,YGL173C,0.0014400648651644588
tI(AAU)L1,YDL225W,0.0005704720388166606
tI(AAU)L1,YLR330W,0.0006071646930649877
tI(AAU)L1,YBR129C,3.890657899319194e-05
tI(AAU)L1,YKR095W-A,0.2020167112350464
tI(AAU)L1,YPR075C,0.0015374441863968968
tI(AAU)L1,YMR198W,0.003129697637632489
tI(AAU)L1,YOR127W,0.019270898774266243
tI(AAU)L1,YDR264C,0.00014158972771838307
tI(AAU)L1,YLR110C,0.008730585686862469
tI(AAU)L1,YDR379W,0.00019192970648873597
tI(AAU)L1,YDL100C,3.2759916734903527e-07
tI(AAU)L1,YHR073W,0.0044029150158166885
tI(AAU)L1,YJR090C,1.5588390169796185e-06
tI(AAU)L1,YOR208W,0.00029095090576447546
tI(AAU)L1,YBR040W,1.2032322956656571e-05
tI(AAU)L1,YNL279W,0.0006599909975193441
tI(AAU)L1,YER075C,2.7240141662332462e-06
tI(AAU)L1,YCR089W,0.013071941211819649
tI(AAU)L1,YCR002C,0.00023195895482786
tI(AAU)L1,YJL108C,0.0005757547914981842
tI(AAU)L1,YBR200W,0.0017154979286715388
tI(AAU)L1,YIL026C,0.00016333632811438292
tI(AAU)L1,YJR076C,4.8092140787048265e-05
tI(AAU)L1,YKR031C,1.5740639355499297e-05
tI(AAU)L1,YPL192C,0.0006838186527602375
tI(AAU)L1,YHR107C,0.000980296405032277
tI(AAU)L1,YIL037C,0.00011960029223700985
tI(AAU)L1,YPL156C,0.05211140587925911
tI(AAU)L1,YIL117C,0.23900698125362396
tI(AAU)L1,YHR066W,0.00067610276164487
tI(AAU)L1,YML085C,0.00035999616375193
tI(AAU)L1,YML047C,1.094291110348422e-05
tI(AAU)L1,YDR312W,0.00011788996198447421
tI(AAU)L1,YFL037W,0.0001215685551869683
tI(AAU)L1,YDL038C,0.2020167112350464
tI(AAU)L1,YDL039C,0.0005013395566493273
tI(AAU)L1,YCL027W,0.007902235724031925
tI(AAU)L1,YML124C,3.39988758923937e-07
tI(AAU)L1,YGL053W,0.0024478957056999207
tI(AAU)L1,YMR232W,0.008820396848022938
tI(AAU)L1,YNL298W,0.09728322178125381
tI(AAU)L1,YGL099W,4.80133121527615e-06
tI(AAU)L1,YBL016W,0.0001552912435727194
tI(AAU)L1,YAL041W,7.556968739663716e-08
tI(AAU)L1,YDR085C,4.503939635469578e-06
tI(AAU)L1,YPL187W,0.00019721698481589556
tI(AAU)L1,YPL256C,0.0007197267259471118
tI(AAU)L1,YDR461W,2.1709174689021893e-05
tI(AAU)L1,YNL145W,0.00017443852266296744
YKL010C,YDL165W,2.614322909266775e-07
YKL010C,YGR059W,3.0054603250562195e-09
YKL010C,YBR109C,0.002494332380592823
YKL010C,YJL080C,1.65975518484629e-06
YKL010C,YCR093W,0.9995669722557068
YKL010C,YIL122W,0.01641012728214264
YKL010C,YCL029C,1.6136102203745395e-05
YKL010C,YNL173C,0.000535269093234092
YKL010C,YLR452C,7.152540638344362e-05
YKL010C,YDL160C,0.0014383298112079501
YKL010C,YLR229C,6.569322308358494e-10
YKL010C,YML057W,2.3841251195477753e-10
YKL010C,YER149C,0.8796550631523132
YKL010C,YMR305C,2.8378258321026806e-06
YKL010C,YLR433C,0.02455555461347103
YKL010C,YJL073W,1.1571957614364692e-08
YKL010C,YGR279C,0.003524324158206582
YKL010C,YKL190W,4.217959485686151e-06
YKL010C,YGL089C,0.9899425506591797
YKL010C,YJL019W,0.007398264482617378
YKL010C,YJL018W,0.016142843291163445
YKL010C,YNR032C-A,0.9974296689033508
YKL010C,YGL178W,1.2425677375915711e-08
YKL010C,YKL116C,8.186284503608476e-06
YKL010C,YDL214C,0.007642585784196854
YKL010C,YLR362W,0.00012318389781285077
YKL010C,YER068W,4.4826778321294114e-05
YKL010C,YHR084W,4.8143472308791527e-14
YKL010C,YDR392W,0.9607076644897461
YKL010C,YNL053W,2.7682204972734326e-07
YKL010C,YGR040W,0.6491559743881226
YKL010C,YDL216C,0.9683266282081604
YKL010C,YOL117W,0.00043791215284727514
YKL010C,YJR086W,0.7072325944900513
YKL010C,YMR025W,0.0012206557439640164
YKL010C,YBR081C,0.9181644320487976
YKL010C,YFL026W,7.494782572337044e-09
YKL010C,YHL007C,4.147896603967638e-08
YKL010C,YNR044W,0.021513469517230988
YKL010C,YNL271C,6.524910389771321e-08
YKL010C,YDR200C,7.155685307225212e-05
YKL010C,YKL178C,2.1407327466249626e-08
YKL010C,YOR212W,3.410207796150644e-07
YKL010C,YOL111C,5.213610099197297e-10
YKL010C,YGL032C,1.8252310951538675e-07
YKL010C,YHR005C,0.00046652756282128394
YKL010C,YDR103W,0.00036047043977305293
YKL010C,YJR084W,0.1827698051929474
YKL010C,YCL032W,0.9909035563468933
YKL010C,YJL170C,1.070683811121853e-05
YKL010C,YDR179C,8.016585312242697e-11
YKL010C,YBR095C,6.088744157750625e-07
YKL010C,YLL021W,4.1414409679418895e-06
YKL010C,YDL159W,1.8215770225538108e-08
YKL010C,YNL161W,0.05569133162498474
YKL010C,YNL188W,1.3534595382225234e-05
YKL010C,YJL157C,3.257382974464207e-10
YKL010C,YJL034W,4.859222291035692e-13
YKL010C,YLR238W,2.24064860958606e-05
YKL010C,YPR141C,0.011987782083451748
YKL010C,YNL127W,0.00022853673726785928
YKL010C,YCL055W,1.118932413390894e-08
YKL010C,YPR122W,0.1934046745300293
YKL010C,YMR065W,0.0018043005838990211
YKL010C,YDR356W,2.6879633878706954e-06
YKL010C,YMR052W,0.9590696096420288
YKL010C,YFR008W,0.5796543955802917
YKL010C,YLL043W,0.05609536170959473
YKL010C,YMR029C,1.0306126085879441e-07
YKL010C,YJR004C,0.0006173842120915651
YKL010C,YDL223C,7.670220156796859e-07
YKL010C,YHR158C,0.11968430876731873
YKL010C,YGR238C,2.110484047079808e-06
YKL010C,YIL015W,0.7915719747543335
YKL010C,YGL173C,0.5093321204185486
YKL010C,YDL225W,7.729436646286558e-08
YKL010C,YLR330W,4.44738933180755e-11
YKL010C,YBR129C,0.00202311878092587
YKL010C,YKR095W-A,0.2020167112350464
YKL010C,YPR075C,1.1720103429979645e-06
YKL010C,YMR198W,0.40789663791656494
YKL010C,YOR127W,3.3574295343896665e-08
YKL010C,YDR264C,1.9125279777654214e-06
YKL010C,YLR110C,0.000836743856780231
YKL010C,YDR379W,0.20077204704284668
YKL010C,YDL100C,1.3100388684961217e-07
YKL010C,YHR073W,1.3368498002819251e-05
YKL010C,YJR090C,0.0002510620397515595
YKL010C,YOR208W,0.00011032623297069222
YKL010C,YBR040W,0.00031480030156672
YKL010C,YNL279W,0.9873468279838562
YKL010C,YER075C,0.00045827621943317354
YKL010C,YCR089W,4.075131437275559e-05
YKL010C,YCR002C,0.05673082172870636
YKL010C,YJL108C,0.0010544434189796448
YKL010C,YBR200W,9.70405311662148e-10
YKL010C,YIL026C,0.09853143990039825
YKL010C,YJR076C,1.4691278250357487e-14
YKL010C,YKR031C,0.0002957974502351135
YKL010C,YPL192C,0.028418008238077164
YKL010C,YHR107C,1.2261340831543066e-09
YKL010C,YIL037C,1.8982362917085993e-06
YKL010C,YPL156C,0.040769919753074646
YKL010C,YIL117C,0.9485136270523071
YKL010C,YHR066W,7.592136641587643e-11
YKL010C,YML085C,0.00013749604113399982
YKL010C,YML047C,0.9948592185974121
YKL010C,YDR312W,3.299946982338042e-08
YKL010C,YFL037W,3.756979172209185e-09
YKL010C,YDL038C,0.2020167112350464
YKL010C,YDL039C,7.76879360842031e-09
YKL010C,YCL027W,0.00019891609554179013
YKL010C,YML124C,8.24423338485758e-08
YKL010C,YGL053W,0.0016734208911657333
YKL010C,YMR232W,0.0002876658400055021
YKL010C,YNL298W,0.0017782493960112333
YKL010C,YGL099W,8.864470843559374e-14
YKL010C,YBL016W,2.068463889753902e-12
YKL010C,YAL041W,5.875300757907098e-06
YKL010C,YDR085C,1.4453025869443081e-05
YKL010C,YPL187W,0.016804946586489677
YKL010C,YPL256C,6.247757369237661e-07
YKL010C,YDR461W,3.9944602292507625e-08
YKL010C,YNL145W,4.723564746809961e-13
YFR004W,YDL165W,8.906691800802946e-05
YFR004W,YGR059W,1.1327040694286694e-10
YFR004W,YBR109C,7.033086557584056e-09
YFR004W,YJL080C,5.362315278034657e-06
YFR004W,YCR093W,3.95816046605546e-09
YFR004W,YIL122W,6.5263561737083364e-06
YFR004W,YCL029C,1.3178708124783611e-09
YFR004W,YNL173C,7.658863978576846e-06
YFR004W,YLR452C,1.2752740985888522e-05
YFR004W,YDL160C,2.4915106422440658e-08
YFR004W,YLR229C,3.292662540843594e-06
YFR004W,YML057W,0.00011978415568592027
YFR004W,YER149C,9.134665219789895e-07
YFR004W,YMR305C,1.7296224541496485e-07
YFR004W,YLR433C,0.5497856736183167
YFR004W,YJL073W,1.4102768730595017e-08
YFR004W,YGR279C,2.56492512562545e-05
YFR004W,YKL190W,0.991926372051239
YFR004W,YGL089C,2.615001335470879e-07
YFR004W,YJL019W,0.00015151478874031454
YFR004W,YJL018W,0.0024004802107810974
YFR004W,YNR032C-A,0.9813866019248962
YFR004W,YGL178W,0.0019128296989947557
YFR004W,YKL116C,2.818363645928912e-05
YFR004W,YDL214C,0.5408436059951782
YFR004W,YLR362W,5.6904018492787145e-06
YFR004W,YER068W,2.4616025257273577e-05
YFR004W,YHR084W,5.836755558041862e-12
YFR004W,YDR392W,0.44468796253204346
YFR004W,YNL053W,0.013066072948276997
YFR004W,YGR040W,0.5546018481254578
YFR004W,YDL216C,0.00020140898413956165
YFR004W,YOL117W,3.839476630673744e-05
YFR004W,YJR086W,0.15991836786270142
YFR004W,YMR025W,0.008160542696714401
YFR004W,YBR081C,9.876382137008477e-06
YFR004W,YFL026W,0.10466732829809189
YFR004W,YHL007C,0.04115975648164749
YFR004W,YNR044W,7.170269236667082e-05
YFR004W,YNL271C,0.0012031318619847298
YFR004W,YDR200C,0.008662528358399868
YFR004W,YKL178C,0.9547024965286255
YFR004W,YOR212W,1.9155881091137417e-05
YFR004W,YOL111C,1.1713684709702132e-11
YFR004W,YGL032C,7.73327062109086e-12
YFR004W,YHR005C,0.8451558351516724
YFR004W,YDR103W,0.0017045950517058372
YFR004W,YJR084W,2.822879885400198e-08
YFR004W,YCL032W,4.505901294443726e-12
YFR004W,YJL170C,1.78398477146402e-05
YFR004W,YDR179C,3.2242736888873306e-15
YFR004W,YBR095C,0.001298565068282187
YFR004W,YLL021W,1.5959343568905382e-10
YFR004W,YDL159W,6.793026585683037e-09
YFR004W,YNL161W,0.0004378604353405535
YFR004W,YNL188W,0.00015627995890099555
YFR004W,YJL157C,3.8650960210162566e-10
YFR004W,YJL034W,2.8464894885615877e-09
YFR004W,YLR238W,7.30894998923759e-06
YFR004W,YPR141C,1.0100877716467949e-06
YFR004W,YNL127W,0.9995855689048767
YFR004W,YCL055W,1.4000546798342839e-05
YFR004W,YPR122W,0.0060872831381857395
YFR004W,YMR065W,0.001183922402560711
YFR004W,YDR356W,1.5219169426927692e-06
YFR004W,YMR052W,0.0004071488801855594
YFR004W,YFR008W,5.206397979407029e-09
YFR004W,YLL043W,0.056462887674570084
YFR004W,YMR029C,0.00857104454189539
YFR004W,YJR004C,1.2404526387399528e-05
YFR004W,YDL223C,1.471316346413217e-16
YFR004W,YHR158C,8.522304415237159e-05
YFR004W,YGR238C,0.00014115525118540972
YFR004W,YIL015W,0.013083186000585556
YFR004W,YGL173C,1.8327209749813278e-09
YFR004W,YDL225W,0.0024816959630697966
YFR004W,YLR330W,0.26034829020500183
YFR004W,YBR129C,0.3861369490623474
YFR004W,YKR095W-A,0.2020167112350464
YFR004W,YPR075C,1.3053107039695533e-08
YFR004W,YMR198W,0.0013514863094314933
YFR004W,YOR127W,0.00011535510566318408
YFR004W,YDR264C,0.2842104136943817
YFR004W,YLR110C,0.0004294900281820446
YFR004W,YDR379W,0.9704766273498535
YFR004W,YDL100C,8.665892181625168e-08
YFR004W,YHR073W,0.0016631395556032658
YFR004W,YJR090C,0.06433490663766861
YFR004W,YOR208W,6.245687927730614e-06
YFR004W,YBR040W,0.987114429473877
YFR004W,YNL279W,0.406478613615036
YFR004W,YER075C,5.8816251112148166e-05
YFR004W,YCR089W,1.744017708915635e-06
YFR004W,YCR002C,0.6243284940719604
YFR004W,YJL108C,0.011897092685103416
YFR004W,YBR200W,0.0002810010046232492
YFR004W,YIL026C,0.015051208436489105
YFR004W,YJR076C,0.0006340230465866625
YFR004W,YKR031C,0.05832149460911751
YFR004W,YPL192C,0.2816229462623596
YFR004W,YHR107C,0.012674051336944103
YFR004W,YIL037C,0.9605812430381775
YFR004W,YPL156C,1.3139452859078915e-09
YFR004W,YIL117C,0.000489661528263241
YFR004W,YHR066W,1.1755269355178581e-15
YFR004W,YML085C,0.003984099254012108
YFR004W,YML047C,0.001716964296065271
YFR004W,YDR312W,1.499320312348118e-08
YFR004W,YFL037W,0.21085689961910248
YFR004W,YDL038C,0.2020167112350464
YFR004W,YDL039C,9.331880564513242e-15
YFR004W,YCL027W,0.0014061748515814543
YFR004W,YML124C,0.004102184437215328
YFR004W,YGL053W,2.8286359921025905e-08
YFR004W,YMR232W,0.06587318331003189
YFR004W,YNL298W,2.0622498153599622e-10
YFR004W,YGL099W,9.058179553655954e-12
YFR004W,YBL016W,0.4764563739299774
YFR004W,YAL041W,0.0010005907388404012
YFR004W,YDR085C,9.452672600218648e-08
YFR004W,YPL187W,0.014980893582105637
YFR004W,YPL256C,1.1881514661027381e-09
YFR004W,YDR461W,1.3197949677579146e-13
YFR004W,YNL145W,4.976206037099473e-05
YKL046C,YDL165W,0.0002719525364227593
YKL046C,YGR059W,7.704098047445901e-14
YKL046C,YBR109C,1.7738146880219574e-06
YKL046C,YJL080C,1.4610081677801645e-07
YKL046C,YCR093W,2.6859728677663952e-05
YKL046C,YIL122W,8.56451976005701e-09
YKL046C,YCL029C,5.107583800345594e-10
YKL046C,YNL173C,5.8424468818429887e-08
YKL046C,YLR452C,0.013330765999853611
YKL046C,YDL160C,1.907736987050157e-06
YKL046C,YLR229C,0.0003307982988189906
YKL046C,YML057W,2.0462780775387657e-11
YKL046C,YER149C,0.00021269460557959974
YKL046C,YMR305C,1.268509635110604e-07
YKL046C,YLR433C,0.0011633459944278002
YKL046C,YJL073W,1.2119450408520915e-11
YKL046C,YGR279C,5.907428146656457e-08
YKL046C,YKL190W,0.023872578516602516
YKL046C,YGL089C,1.7649394168373078e-09
YKL046C,YJL019W,2.3227514247992076e-05
YKL046C,YJL018W,0.017978455871343613
YKL046C,YNR032C-A,0.5798240303993225
YKL046C,YGL178W,1.2665114468290994e-07
YKL046C,YKL116C,0.0011050923494622111
YKL046C,YDL214C,1.184482925964403e-06
YKL046C,YLR362W,2.5512395950499922e-05
YKL046C,YER068W,1.7119864646945415e-16
YKL046C,YHR084W,0.00023917209182400256
YKL046C,YDR392W,0.00570309953764081
YKL046C,YNL053W,7.72008115745848e-06
YKL046C,YGR040W,1.2156149296060903e-06
YKL046C,YDL216C,2.507168937881943e-05
YKL046C,YOL117W,3.488024091780062e-09
YKL046C,YJR086W,9.22408105300844e-14
YKL046C,YMR025W,1.1652750231405662e-07
YKL046C,YBR081C,0.3264641761779785
YKL046C,YFL026W,4.809240650160973e-08
YKL046C,YHL007C,0.0006335983634926379
YKL046C,YNR044W,3.660800829141664e-11
YKL046C,YNL271C,6.216655634716517e-08
YKL046C,YDR200C,6.784011475247098e-06
YKL046C,YKL178C,0.0016181052196770906
YKL046C,YOR212W,0.0008692588889971375
YKL046C,YOL111C,0.00017828065028879791
YKL046C,YGL032C,8.488526503924732e-08
YKL046C,YHR005C,0.0028042998164892197
YKL046C,YDR103W,4.651639926578355e-07
YKL046C,YJR084W,7.3415847623437e-08
YKL046C,YCL032W,1.1230235491543894e-10
YKL046C,YJL170C,1.0516881729927263e-06
YKL046C,YDR179C,1.373623437217475e-10
YKL046C,YBR095C,0.30478334426879883
YKL046C,YLL021W,3.7725814763689414e-05
YKL046C,YDL159W,0.814476490020752
YKL046C,YNL161W,0.9781256318092346
YKL046C,YNL188W,3.4921260761572315e-12
YKL046C,YJL157C,0.8838246464729309
YKL046C,YJL034W,0.14309187233448029
YKL046C,YLR238W,0.006731521338224411
YKL046C,YPR141C,5.9743151723523624e-06
YKL046C,YNL127W,4.921415666103712e-07
YKL046C,YCL055W,1.1202514471619907e-09
YKL046C,YPR122W,0.00014431599993258715
YKL046C,YMR065W,9.387497993884608e-05
YKL046C,YDR356W,0.0001714941899990663
YKL046C,YMR052W,1.423204043504711e-08
YKL046C,YFR008W,2.754807383098523e-06
YKL046C,YLL043W,9.449027857044712e-05
YKL046C,YMR029C,0.002302420325577259
YKL046C,YJR004C,5.225945187703473e-07
YKL046C,YDL223C,2.946616691965054e-12
YKL046C,YHR158C,6.99469424603194e-08
YKL046C,YGR238C,0.0004859801265411079
YKL046C,YIL015W,5.9793315188017e-08
YKL046C,YGL173C,1.7666033080843135e-09
YKL046C,YDL225W,1.2307747965678573e-05
YKL046C,YLR330W,6.851812941022217e-05
YKL046C,YBR129C,1.8592272681416944e-06
YKL046C,YKR095W-A,0.2020167112350464
YKL046C,YPR075C,8.417778474267834e-08
YKL046C,YMR198W,0.004760801792144775
YKL046C,YOR127W,9.52277211078989e-13
YKL046C,YDR264C,1.1176589396200143e-06
YKL046C,YLR110C,1.3537513041228522e-05
YKL046C,YDR379W,0.07408314198255539
YKL046C,YDL100C,1.987637254785568e-08
YKL046C,YHR073W,0.0009968361118808389
YKL046C,YJR090C,3.7892368709435686e-07
YKL046C,YOR208W,1.960189077569209e-14
YKL046C,YBR040W,1.0367181175752194e-06
YKL046C,YNL279W,0.012873184867203236
YKL046C,YER075C,2.146928468338416e-11
YKL046C,YCR089W,1.0312560064251221e-14
YKL046C,YCR002C,7.24878118489869e-05
YKL046C,YJL108C,0.003956229891628027
YKL046C,YBR200W,1.0239219818686252e-06
YKL046C,YIL026C,6.002950613037683e-06
YKL046C,YJR076C,0.0020387142430990934
YKL046C,YKR031C,0.0017957311356440187
YKL046C,YPL192C,0.00019109228742308915
YKL046C,YHR107C,4.894093574847602e-09
YKL046C,YIL037C,2.717444658628665e-06
YKL046C,YPL156C,7.806789881215082e-09
YKL046C,YIL117C,1.4133619830047905e-09
YKL046C,YHR066W,4.849789406874416e-12
YKL046C,YML085C,0.0025850737001746893
YKL046C,YML047C,5.817588544232422e-07
YKL046C,YDR312W,0.0005862575490027666
YKL046C,YFL037W,0.009546351619064808
YKL046C,YDL038C,0.2020167112350464
YKL046C,YDL039C,1.857678594285872e-11
YKL046C,YCL027W,3.540299786664036e-08
YKL046C,YML124C,1.5330725577911153e-09
YKL046C,YGL053W,9.492624741813671e-11
YKL046C,YMR232W,9.180601409752853e-06
YKL046C,YNL298W,1.488907770408332e-07
YKL046C,YGL099W,0.0003491743700578809
YKL046C,YBL016W,3.3392250076147434e-10
YKL046C,YAL041W,3.248614802942029e-06
YKL046C,YDR085C,8.054090585574158e-07
YKL046C,YPL187W,0.4524591863155365
YKL046C,YPL256C,6.857854259578744e-06
YKL046C,YDR461W,2.7698041082935276e-10
YKL046C,YNL145W,0.02058766596019268
YOR216C,YDL165W,4.035923678591402e-11
YOR216C,YGR059W,6.896228654795777e-08
YOR216C,YBR109C,0.04047287255525589
YOR216C,YJL080C,7.381488842383988e-08
YOR216C,YCR093W,0.5666365027427673
YOR216C,YIL122W,0.0008445506100542843
YOR216C,YCL029C,1.8359259668088157e-09
YOR216C,YNL173C,0.9969737529754639
YOR216C,YLR452C,2.0220812757543172e-07
YOR216C,YDL160C,0.9981516003608704
YOR216C,YLR229C,3.082596222725442e-08
YOR216C,YML057W,1.2078436124537961e-12
YOR216C,YER149C,0.0003731268225237727
YOR216C,YMR305C,5.590305590885691e-06
YOR216C,YLR433C,0.6468533873558044
YOR216C,YJL073W,2.8521233616629615e-05
YOR216C,YGR279C,2.8227157599758357e-05
YOR216C,YKL190W,2.1865130293008406e-06
YOR216C,YGL089C,1.906870927825821e-08
YOR216C,YJL019W,3.861994457565743e-07
YOR216C,YJL018W,0.00025983143132179976
YOR216C,YNR032C-A,0.5543216466903687
YOR216C,YGL178W,0.00010692069190554321
YOR216C,YKL116C,1.1410425555802295e-12
YOR216C,YDL214C,0.0008491105400025845
YOR216C,YLR362W,5.171999873709865e-06
YOR216C,YER068W,1.4132638170849532e-06
YOR216C,YHR084W,0.0036517735570669174
YOR216C,YDR392W,8.214852641685866e-06
YOR216C,YNL053W,0.014813210815191269
YOR216C,YGR040W,0.0008647053618915379
YOR216C,YDL216C,2.5376582925673574e-05
YOR216C,YOL117W,3.286653009126894e-05
YOR216C,YJR086W,0.00012204941594973207
YOR216C,YMR025W,2.1593535848296597e-09
YOR216C,YBR081C,0.7658410668373108
YOR216C,YFL026W,0.006645883433520794
YOR216C,YHL007C,0.0026655697729438543
YOR216C,YNR044W,0.1586913913488388
YOR216C,YNL271C,0.00045745281386189163
YOR216C,YDR200C,0.9947584271430969
YOR216C,YKL178C,7.457002357114106e-05
YOR216C,YOR212W,0.5167123675346375
YOR216C,YOL111C,9.346715242053438e-12
YOR216C,YGL032C,9.824388058632394e-08
YOR216C,YHR005C,0.0004518129862844944
YOR216C,YDR103W,1.2195618182886392e-05
YOR216C,YJR084W,8.722671651639757e-08
YOR216C,YCL032W,0.01131476741284132
YOR216C,YJL170C,0.002783779986202717
YOR216C,YDR179C,1.2237450164320762e-07
YOR216C,YBR095C,0.5785459280014038
YOR216C,YLL021W,0.15498140454292297
YOR216C,YDL159W,0.09122466295957565
YOR216C,YNL161W,0.4468882977962494
YOR216C,YNL188W,0.21983486413955688
YOR216C,YJL157C,1.8087278874645563e-07
YOR216C,YJL034W,1.5798750609974377e-05
YOR216C,YLR238W,0.24109695851802826
YOR216C,YPR141C,0.9993913173675537
YOR216C,YNL127W,0.9958440661430359
YOR216C,YCL055W,2.967482259919052e-06
YOR216C,YPR122W,4.012733612057673e-08
YOR216C,YMR065W,1.6802355062850438e-08
YOR216C,YDR356W,0.9245687127113342
YOR216C,YMR052W,2.5706095030386678e-08
YOR216C,YFR008W,5.0030710553983226e-05
YOR216C,YLL043W,2.5796674663070007e-07
YOR216C,YMR029C,0.0006326732691377401
YOR216C,YJR004C,3.647149526830873e-10
YOR216C,YDL223C,4.916286044931439e-09
YOR216C,YHR158C,0.002358823549002409
YOR216C,YGR238C,2.5524138891341863e-06
YOR216C,YIL015W,0.46702688932418823
YOR216C,YGL173C,5.733324996981537e-07
YOR216C,YDL225W,2.215037056885194e-05
YOR216C,YLR330W,5.192714169766077e-08
YOR216C,YBR129C,0.008830278180539608
YOR216C,YKR095W-A,0.2020167112350464
YOR216C,YPR075C,7.004412964306539e-06
YOR216C,YMR198W,0.0005074875662103295
YOR216C,YOR127W,5.752718856832928e-10
YOR216C,YDR264C,4.530830665316898e-06
YOR216C,YLR110C,3.599045885493979e-05
YOR216C,YDR379W,0.9602627754211426
YOR216C,YDL100C,0.9867419600486755
YOR216C,YHR073W,1.936165426741354e-05
YOR216C,YJR090C,0.9465318322181702
YOR216C,YOR208W,0.0001448208058718592
YOR216C,YBR040W,2.0644536080638431e-10
YOR216C,YNL279W,4.768435246660374e-07
YOR216C,YER075C,2.08042028049249e-09
YOR216C,YCR089W,1.5064212030568847e-11
YOR216C,YCR002C,0.29635462164878845
YOR216C,YJL108C,0.9260534644126892
YOR216C,YBR200W,1.4232196532404373e-09
YOR216C,YIL026C,4.521088339970447e-05
YOR216C,YJR076C,0.0007421149057336152
YOR216C,YKR031C,0.08857200294733047
YOR216C,YPL192C,0.282583624124527
YOR216C,YHR107C,0.005809394177049398
YOR216C,YIL037C,5.179002560140589e-09
YOR216C,YPL156C,2.74733281457884e-07
YOR216C,YIL117C,0.005215744953602552
YOR216C,YHR066W,1.145173128688174e-14
YOR216C,YML085C,2.3057199882714485e-07
YOR216C,YML047C,0.0003492062969598919
YOR216C,YDR312W,1.7136370615844498e-06
YOR216C,YFL037W,1.274576334253652e-05
YOR216C,YDL038C,0.2020167112350464
YOR216C,YDL039C,5.927785931385265e-13
YOR216C,YCL027W,0.0007424101931974292
YOR216C,YML124C,2.713146596278193e-09
YOR216C,YGL053W,0.0004286720068193972
YOR216C,YMR232W,5.894022615393624e-05
YOR216C,YNL298W,5.853272341482807e-06
YOR216C,YGL099W,1.6499437371919612e-09
YOR216C,YBL016W,2.960957999675884e-06
YOR216C,YAL041W,0.00020642286108341068
YOR216C,YDR085C,3.3045941538745183e-09
YOR216C,YPL187W,0.9285320043563843
YOR216C,YPL256C,2.3933871489134617e-06
YOR216C,YDR461W,0.000488047837279737
YOR216C,YNL145W,0.004346713423728943
YDL028C,YDL165W,1.4847589682176476e-06
YDL028C,YGR059W,5.889323251295764e-09
YDL028C,YBR109C,1.1392615739680423e-08
YDL028C,YJL080C,0.6555401682853699
YDL028C,YCR093W,6.182822289702017e-06
YDL028C,YIL122W,1.5586122614763553e-08
YDL028C,YCL029C,0.000565406633540988
YDL028C,YNL173C,4.62842297821453e-09
YDL028C,YLR452C,0.9482410550117493
YDL028C,YDL160C,4.753553550784773e-09
YDL028C,YLR229C,3.912878007716891e-11
YDL028C,YML057W,3.0520829868421404e-14
YDL028C,YER149C,1.588152372278273e-06
YDL028C,YMR305C,8.214077752199955e-06
YDL028C,YLR433C,0.2098451852798462
YDL028C,YJL073W,0.0040277293883264065
YDL028C,YGR279C,2.907082720030171e-15
YDL028C,YKL190W,5.419797388661607e-10
YDL028C,YGL089C,8.180393820111931e-07
YDL028C,YJL019W,0.0003708257572725415
YDL028C,YJL018W,0.003130620112642646
YDL028C,YNR032C-A,0.6389033198356628
YDL028C,YGL178W,2.519539350487321e-07
YDL028C,YKL116C,1.1083610344488548e-15
YDL028C,YDL214C,4.008241739938967e-05
YDL028C,YLR362W,3.522622731705338e-13
YDL028C,YER068W,1.4808842934144195e-06
YDL028C,YHR084W,0.0034819876309484243
YDL028C,YDR392W,3.5344484786037356e-05
YDL028C,YNL053W,3.845576884486945e-06
YDL028C,YGR040W,4.096538759768009e-06
YDL028C,YDL216C,1.4876922250550706e-05
YDL028C,YOL117W,5.033737761550583e-05
YDL028C,YJR086W,6.015794529190543e-10
YDL028C,YMR025W,9.224121981787903e-07
YDL028C,YBR081C,0.0005514656659215689
YDL028C,YFL026W,0.18929335474967957
YDL028C,YHL007C,0.016021469607949257
YDL028C,YNR044W,0.0005694840801879764
YDL028C,YNL271C,1.5498677385039628e-05
YDL028C,YDR200C,2.475933236212313e-09
YDL028C,YKL178C,4.419508314867926e-08
YDL028C,YOR212W,0.00022074731532484293
YDL028C,YOL111C,2.6547723573503226e-14
YDL028C,YGL032C,1.0563629075477365e-05
YDL028C,YHR005C,7.310804739368848e-11
YDL028C,YDR103W,5.724360107706161e-06
YDL028C,YJR084W,2.6720303480942675e-07
YDL028C,YCL032W,2.254284299851861e-05
YDL028C,YJL170C,0.03090798854827881
YDL028C,YDR179C,1.1599390745686833e-06
YDL028C,YBR095C,2.774436609342956e-07
YDL028C,YLL021W,0.0021309766452759504
YDL028C,YDL159W,1.0293363175151171e-06
YDL028C,YNL161W,5.239913889454328e-07
YDL028C,YNL188W,0.01450754702091217
YDL028C,YJL157C,1.4035002493528737e-07
YDL028C,YJL034W,9.925344305926842e-19
YDL028C,YLR238W,8.62288351832774e-10
YDL028C,YPR141C,6.867461479487247e-07
YDL028C,YNL127W,8.333738037435978e-07
YDL028C,YCL055W,2.3155877714418904e-13
YDL028C,YPR122W,6.041637334419647e-06
YDL028C,YMR065W,0.003608996979892254
YDL028C,YDR356W,3.0643917625639006e-07
YDL028C,YMR052W,0.01126060914248228
YDL028C,YFR008W,6.054993745979731e-13
YDL028C,YLL043W,7.93425933807157e-05
YDL028C,YMR029C,4.677815923059825e-06
YDL028C,YJR004C,6.125039817561628e-07
YDL028C,YDL223C,1.3984924240752325e-17
YDL028C,YHR158C,5.962634986644844e-06
YDL028C,YGR238C,7.101952359533925e-10
YDL028C,YIL015W,5.197666297362957e-09
YDL028C,YGL173C,1.2219100731236665e-10
YDL028C,YDL225W,1.3919735465606209e-05
YDL028C,YLR330W,1.6191971374812653e-10
YDL028C,YBR129C,5.544108603317e-07
YDL028C,YKR095W-A,0.2020167112350464
YDL028C,YPR075C,6.90272594638941e-09
YDL028C,YMR198W,5.755040547228418e-06
YDL028C,YOR127W,0.00013627743464894593
YDL028C,YDR264C,3.5251739027852835e-11
YDL028C,YLR110C,1.4533443390973844e-06
YDL028C,YDR379W,8.378086135962803e-08
YDL028C,YDL100C,2.8793896156287246e-09
YDL028C,YHR073W,3.467484285812894e-11
YDL028C,YJR090C,5.79431114200446e-10
YDL028C,YOR208W,2.042900888454824e-07
YDL028C,YBR040W,0.010223857127130032
YDL028C,YNL279W,2.6568168109974977e-08
YDL028C,YER075C,3.427510364417685e-08
YDL028C,YCR089W,3.93571131240833e-09
YDL028C,YCR002C,1.0953413038805593e-06
YDL028C,YJL108C,0.00026476263883523643
YDL028C,YBR200W,2.6513629336477607e-07
YDL028C,YIL026C,0.0013609137386083603
YDL028C,YJR076C,1.7493071810428633e-14
YDL028C,YKR031C,0.10536175966262817
YDL028C,YPL192C,0.06262937188148499
YDL028C,YHR107C,3.202671905455645e-09
YDL028C,YIL037C,0.0009852354414761066
YDL028C,YPL156C,1.8154607062115247e-07
YDL028C,YIL117C,0.0023737417068332434
YDL028C,YHR066W,4.349939733503533e-14
YDL028C,YML085C,0.0012776721268892288
YDL028C,YML047C,0.545701801776886
YDL028C,YDR312W,1.7770433260011487e-05
YDL028C,YFL037W,1.0845818687599262e-10
YDL028C,YDL038C,0.2020167112350464
YDL028C,YDL039C,1.8667378753889352e-09
YDL028C,YCL027W,0.9873722791671753
YDL028C,YML124C,6.344177777958999e-16
YDL028C,YGL053W,6.196979995820584e-08
YDL028C,YMR232W,0.04368193820118904
YDL028C,YNL298W,0.002447758335620165
YDL028C,YGL099W,4.904305751551874e-05
YDL028C,YBL016W,1.6591657825415496e-08
YDL028C,YAL041W,4.3730292276222826e-08
YDL028C,YDR085C,6.580190074600978e-06
YDL028C,YPL187W,0.0008105834713205695
YDL028C,YPL256C,2.447279030093341e-06
YDL028C,YDR461W,1.7842060273665084e-08
YDL028C,YNL145W,0.00018909364007413387
tL(UAA)J,YDL165W,0.00031348405173048377
tL(UAA)J,YGR059W,0.0001086151460185647
tL(UAA)J,YBR109C,3.300230673630722e-05
tL(UAA)J,YJL080C,0.00281411106698215
tL(UAA)J,YCR093W,0.06421075761318207
tL(UAA)J,YIL122W,0.0021652253344655037
tL(UAA)J,YCL029C,0.0008868672885000706
tL(UAA)J,YNL173C,9.57657684921287e-05
tL(UAA)J,YLR452C,0.039760783314704895
tL(UAA)J,YDL160C,0.0028888473752886057
tL(UAA)J,YLR229C,0.00029266494675539434
tL(UAA)J,YML057W,0.04158662632107735
tL(UAA)J,YER149C,9.636082540964708e-05
tL(UAA)J,YMR305C,0.002061655279248953
tL(UAA)J,YLR433C,0.19986028969287872
tL(UAA)J,YJL073W,0.00027402350679039955
tL(UAA)J,YGR279C,0.08134019374847412
tL(UAA)J,YKL190W,2.3328162569669075e-05
tL(UAA)J,YGL089C,0.05753318592905998
tL(UAA)J,YJL019W,1.2733224139083177e-05
tL(UAA)J,YJL018W,0.2020167112350464
tL(UAA)J,YNR032C-A,1.0000636621043668e-06
tL(UAA)J,YGL178W,0.1267135590314865
tL(UAA)J,YKL116C,0.0007962199160829186
tL(UAA)J,YDL214C,0.0035917300265282393
tL(UAA)J,YLR362W,0.07387266308069229
tL(UAA)J,YER068W,0.008780951611697674
tL(UAA)J,YHR084W,0.004033703822642565
tL(UAA)J,YDR392W,4.107703716726974e-06
tL(UAA)J,YNL053W,9.974742715712637e-05
tL(UAA)J,YGR040W,0.000553250138182193
tL(UAA)J,YDL216C,0.00041476343176327646
tL(UAA)J,YOL117W,1.9090955902356654e-05
tL(UAA)J,YJR086W,5.212981704971753e-06
tL(UAA)J,YMR025W,0.0011618878925219178
tL(UAA)J,YBR081C,1.2845653145632241e-05
tL(UAA)J,YFL026W,2.8442842449294403e-05
tL(UAA)J,YHL007C,0.004092772491276264
tL(UAA)J,YNR044W,0.01413844246417284
tL(UAA)J,YNL271C,0.0003924632037524134
tL(UAA)J,YDR200C,3.580023621907458e-05
tL(UAA)J,YKL178C,0.3189265727996826
tL(UAA)J,YOR212W,9.780935215530917e-06
tL(UAA)J,YOL111C,0.0003763121785596013
tL(UAA)J,YGL032C,1.5934758721414255e-06
tL(UAA)J,YHR005C,0.015675446018576622
tL(UAA)J,YDR103W,0.00033588719088584185
tL(UAA)J,YJR084W,0.014648237265646458
tL(UAA)J,YCL032W,3.4124055673601106e-05
tL(UAA)J,YJL170C,0.0009408452897332609
tL(UAA)J,YDR179C,3.996047598775476e-05
tL(UAA)J,YBR095C,0.0013362060999497771
tL(UAA)J,YLL021W,2.9554754291893914e-05
tL(UAA)J,YDL159W,2.3494381821365096e-05
tL(UAA)J,YNL161W,0.00018644855299498886
tL(UAA)J,YNL188W,1.6136502381414175e-05
tL(UAA)J,YJL157C,8.57765699038282e-05
tL(UAA)J,YJL034W,0.5985791683197021
tL(UAA)J,YLR238W,0.0022891773842275143
tL(UAA)J,YPR141C,0.00020199247228447348
tL(UAA)J,YNL127W,0.03143477812409401
tL(UAA)J,YCL055W,0.0032924222759902477
tL(UAA)J,YPR122W,8.279545727418736e-05
tL(UAA)J,YMR065W,3.720327003975399e-05
tL(UAA)J,YDR356W,2.100704296026379e-05
tL(UAA)J,YMR052W,0.004652393516153097
tL(UAA)J,YFR008W,0.0004717865085694939
tL(UAA)J,YLL043W,0.018154313787817955
tL(UAA)J,YMR029C,8.549711492378265e-05
tL(UAA)J,YJR004C,0.5602848529815674
tL(UAA)J,YDL223C,0.0005406787968240678
tL(UAA)J,YHR158C,0.00010412919073132798
tL(UAA)J,YGR238C,8.030858225538395e-06
tL(UAA)J,YIL015W,6.035693786543561e-06
tL(UAA)J,YGL173C,0.08747659623622894
tL(UAA)J,YDL225W,1.6833075733302394e-07
tL(UAA)J,YLR330W,0.05410822853446007
tL(UAA)J,YBR129C,0.0009684491669759154
tL(UAA)J,YKR095W-A,0.2020167112350464
tL(UAA)J,YPR075C,0.0026989844627678394
tL(UAA)J,YMR198W,5.204494300414808e-05
tL(UAA)J,YOR127W,0.00012132859410485253
tL(UAA)J,YDR264C,0.027308432385325432
tL(UAA)J,YLR110C,0.17747287452220917
tL(UAA)J,YDR379W,0.0018342791590839624
tL(UAA)J,YDL100C,0.0007298433920368552
tL(UAA)J,YHR073W,0.0006007794290781021
tL(UAA)J,YJR090C,0.00031383000896312296
tL(UAA)J,YOR208W,0.0001278858253499493
tL(UAA)J,YBR040W,0.0002899907703977078
tL(UAA)J,YNL279W,0.0911584123969078
tL(UAA)J,YER075C,2.0940597096341662e-05
tL(UAA)J,YCR089W,0.10299874097108841
tL(UAA)J,YCR002C,7.60525836085435e-06
tL(UAA)J,YJL108C,0.0006380401900969446
tL(UAA)J,YBR200W,3.769621980609372e-05
tL(UAA)J,YIL026C,0.00021588477829936892
tL(UAA)J,YJR076C,1.5210074707283638e-05
tL(UAA)J,YKR031C,3.00722513202345e-05
tL(UAA)J,YPL192C,0.03696564584970474
tL(UAA)J,YHR107C,9.726470580062596e-07
tL(UAA)J,YIL037C,0.0013413062551990151
tL(UAA)J,YPL156C,0.35776713490486145
tL(UAA)J,YIL117C,0.011258034035563469
tL(UAA)J,YHR066W,0.00023275407147593796
tL(UAA)J,YML085C,0.005770266521722078
tL(UAA)J,YML047C,4.087879005965078e-06
tL(UAA)J,YDR312W,3.451749989835662e-06
tL(UAA)J,YFL037W,0.0001806811342248693
tL(UAA)J,YDL038C,0.2020167112350464
tL(UAA)J,YDL039C,0.04757224768400192
tL(UAA)J,YCL027W,0.02170966938138008
tL(UAA)J,YML124C,0.0014252837281674147
tL(UAA)J,YGL053W,0.4517155885696411
tL(UAA)J,YMR232W,0.05521218478679657
tL(UAA)J,YNL298W,0.0024504412431269884
tL(UAA)J,YGL099W,0.00039863886195234954
tL(UAA)J,YBL016W,0.009796051308512688
tL(UAA)J,YAL041W,0.006250801030546427
tL(UAA)J,YDR085C,0.0010562741663306952
tL(UAA)J,YPL187W,0.00014816178008913994
tL(UAA)J,YPL256C,5.889769454370253e-05
tL(UAA)J,YDR461W,0.0003852850932162255
tL(UAA)J,YNL145W,8.238664122472983e-06
YPL084W,YDL165W,4.856875875702826e-06
YPL084W,YGR059W,5.05253347840573e-12
YPL084W,YBR109C,0.00013571618183050305
YPL084W,YJL080C,0.0001911907020257786
YPL084W,YCR093W,0.000451638363301754
YPL084W,YIL122W,0.00011338035255903378
YPL084W,YCL029C,2.7911900346566654e-08
YPL084W,YNL173C,4.716473995358683e-05
YPL084W,YLR452C,0.00018875948444474488
YPL084W,YDL160C,0.31328779458999634
YPL084W,YLR229C,6.759406460332684e-06
YPL084W,YML057W,4.61159501696784e-08
YPL084W,YER149C,0.42668837308883667
YPL084W,YMR305C,6.460896884163958e-08
YPL084W,YLR433C,1.526686560282542e-06
YPL084W,YJL073W,7.072804147911782e-11
YPL084W,YGR279C,0.996894359588623
YPL084W,YKL190W,0.05044342204928398
YPL084W,YGL089C,1.0303733688488137e-06
YPL084W,YJL019W,2.603579787319177e-06
YPL084W,YJL018W,0.0003104011993855238
YPL084W,YNR032C-A,0.0013353347312659025
YPL084W,YGL178W,0.020036300644278526
YPL084W,YKL116C,0.0009559026802890003
YPL084W,YDL214C,0.9923369288444519
YPL084W,YLR362W,6.843501410003228e-08
YPL084W,YER068W,1.1958388923191676e-12
YPL084W,YHR084W,3.1644240561234938e-09
YPL084W,YDR392W,0.00032214922248385847
YPL084W,YNL053W,1.4130924208544116e-09
YPL084W,YGR040W,0.06622355431318283
YPL084W,YDL216C,0.19098453223705292
YPL084W,YOL117W,4.016502862214111e-05
YPL084W,YJR086W,5.540807812565163e-09
YPL084W,YMR025W,0.016350362449884415
YPL084W,YBR081C,0.02656261809170246
YPL084W,YFL026W,1.2147665984230116e-06
YPL084W,YHL007C,3.967531654325285e-07
YPL084W,YNR044W,0.983567476272583
YPL084W,YNL271C,0.00021297403145581484
YPL084W,YDR200C,0.636237382888794
YPL084W,YKL178C,4.826608801522525e-06
YPL084W,YOR212W,0.0005229433299973607
YPL084W,YOL111C,1.9446837473680034e-09
YPL084W,YGL032C,2.2472011551144533e-05
YPL084W,YHR005C,0.3192417323589325
YPL084W,YDR103W,5.5894329165084855e-09
YPL084W,YJR084W,0.00010146851127501577
YPL084W,YCL032W,0.028146078810095787
YPL084W,YJL170C,0.0030842465348541737
YPL084W,YDR179C,3.7763481230967955e-09
YPL084W,YBR095C,0.0045166355557739735
YPL084W,YLL021W,1.374210000903986e-06
YPL084W,YDL159W,0.0033546327613294125
YPL084W,YNL161W,0.0017241266323253512
YPL084W,YNL188W,0.0021009782794862986
YPL084W,YJL157C,1.6442770700564324e-08
YPL084W,YJL034W,1.0297505903533732e-10
YPL084W,YLR238W,2.8375015403980797e-07
YPL084W,YPR141C,2.1641835701302625e-07
YPL084W,YNL127W,0.0011087792227044702
YPL084W,YCL055W,0.0005594348767772317
YPL084W,YPR122W,3.7800438690283045e-07
YPL084W,YMR065W,0.9978610873222351
YPL084W,YDR356W,3.63321817076212e-08
YPL084W,YMR052W,0.0008681124891154468
YPL084W,YFR008W,1.1441224501140823e-07
YPL084W,YLL043W,4.287506953914999e-07
YPL084W,YMR029C,4.792049821844557e-06
YPL084W,YJR004C,1.0194064259394509e-07
YPL084W,YDL223C,6.218080300738607e-15
YPL084W,YHR158C,0.00013968467828817666
YPL084W,YGR238C,1.3240514817880467e-05
YPL084W,YIL015W,2.086309905280359e-06
YPL084W,YGL173C,1.4077664673095569e-05
YPL084W,YDL225W,0.7811493873596191
YPL084W,YLR330W,2.6092965299540083e-07
YPL084W,YBR129C,0.0002940625709015876
YPL084W,YKR095W-A,0.2020167112350464
YPL084W,YPR075C,9.011012380710781e-09
YPL084W,YMR198W,0.0002728126710280776
YPL084W,YOR127W,3.8047926409490174e-06
YPL084W,YDR264C,0.08116249740123749
YPL084W,YLR110C,0.14440122246742249
YPL084W,YDR379W,1.0583695257082582e-05
YPL084W,YDL100C,0.010495892725884914
YPL084W,YHR073W,0.03429229557514191
YPL084W,YJR090C,0.16692054271697998
YPL084W,YOR208W,1.4050030028300853e-09
YPL084W,YBR040W,0.9928036332130432
YPL084W,YNL279W,0.11314156651496887
YPL084W,YER075C,5.583708480116911e-05
YPL084W,YCR089W,0.00037304183933883905
YPL084W,YCR002C,1.0763175595229768e-07
YPL084W,YJL108C,0.015677932649850845
YPL084W,YBR200W,0.0031509296968579292
YPL084W,YIL026C,0.16916102170944214
YPL084W,YJR076C,1.8421554281999875e-09
YPL084W,YKR031C,0.0037473442498594522
YPL084W,YPL192C,0.42762550711631775
YPL084W,YHR107C,4.696506294976643e-09
YPL084W,YIL037C,9.001722389712086e-08
YPL084W,YPL156C,3.508902466364816e-07
YPL084W,YIL117C,0.9853428602218628
YPL084W,YHR066W,2.2207890908176875e-12
YPL084W,YML085C,0.004417316988110542
YPL084W,YML047C,0.9279277324676514
YPL084W,YDR312W,0.3731271028518677
YPL084W,YFL037W,0.016606170684099197
YPL084W,YDL038C,0.2020167112350464
YPL084W,YDL039C,9.322168731396019e-11
YPL084W,YCL027W,0.072743721306324
YPL084W,YML124C,8.291444828500971e-05
YPL084W,YGL053W,0.03997534140944481
YPL084W,YMR232W,0.9996517896652222
YPL084W,YNL298W,2.9514485078152575e-08
YPL084W,YGL099W,1.4678696516057244e-06
YPL084W,YBL016W,0.0018185083754360676
YPL084W,YAL041W,0.7660092115402222
YPL084W,YDR085C,0.00022079068003222346
YPL084W,YPL187W,0.002545950235798955
YPL084W,YPL256C,0.00023693779075983912
YPL084W,YDR461W,5.3849333880862105e-08
YPL084W,YNL145W,5.722907148175693e-10
YDR208W,YDL165W,1.1859799087687861e-05
YDR208W,YGR059W,3.8739643059670925e-05
YDR208W,YBR109C,2.3324096787291637e-07
YDR208W,YJL080C,2.7425072403275408e-05
YDR208W,YCR093W,0.0055232662707567215
YDR208W,YIL122W,0.0031956848688423634
YDR208W,YCL029C,1.588612690284208e-07
YDR208W,YNL173C,0.0002126789913745597
YDR208W,YLR452C,0.9999890327453613
YDR208W,YDL160C,9.908959327731282e-06
YDR208W,YLR229C,3.456442243532365e-08
YDR208W,YML057W,2.1243062864328977e-10
YDR208W,YER149C,0.029178189113736153
YDR208W,YMR305C,0.9999327659606934
YDR208W,YLR433C,0.0027935279067605734
YDR208W,YJL073W,1.3440710766587927e-09
YDR208W,YGR279C,0.16200053691864014
YDR208W,YKL190W,0.0009382255375385284
YDR208W,YGL089C,0.0019799363799393177
YDR208W,YJL019W,3.0135583074297756e-05
YDR208W,YJL018W,0.0666201263666153
YDR208W,YNR032C-A,0.9341417551040649
YDR208W,YGL178W,5.900316182305687e-07
YDR208W,YKL116C,0.014951060526072979
YDR208W,YDL214C,0.005131381563842297
YDR208W,YLR362W,2.1382440536399372e-05
YDR208W,YER068W,0.008015928789973259
YDR208W,YHR084W,0.00038194292574189603
YDR208W,YDR392W,0.01277837436646223
YDR208W,YNL053W,0.943515419960022
YDR208W,YGR040W,3.011216676895856e-06
YDR208W,YDL216C,2.2881309632794e-05
YDR208W,YOL117W,4.438795076566748e-05
YDR208W,YJR086W,0.9997619986534119
YDR208W,YMR025W,4.2608002104316256e-07
YDR208W,YBR081C,0.0014449869049713016
YDR208W,YFL026W,0.9231091141700745
YDR208W,YHL007C,0.31149622797966003
YDR208W,YNR044W,0.963727593421936
YDR208W,YNL271C,0.9381787180900574
YDR208W,YDR200C,0.023921657353639603
YDR208W,YKL178C,0.267473429441452
YDR208W,YOR212W,0.125147745013237
YDR208W,YOL111C,1.8270075452520018e-09
YDR208W,YGL032C,7.682329794533871e-08
YDR208W,YHR005C,0.9811696410179138
YDR208W,YDR103W,0.004554864019155502
YDR208W,YJR084W,0.0009691760060377419
YDR208W,YCL032W,9.439229324925691e-05
YDR208W,YJL170C,0.0022997031919658184
YDR208W,YDR179C,5.079180187550492e-09
YDR208W,YBR095C,0.03507351130247116
YDR208W,YLL021W,0.00022139780048746616
YDR208W,YDL159W,1.3807539112065115e-08
YDR208W,YNL161W,0.0848373994231224
YDR208W,YNL188W,0.5549994707107544
YDR208W,YJL157C,0.16711407899856567
YDR208W,YJL034W,3.087824440584086e-10
YDR208W,YLR238W,0.9608840346336365
YDR208W,YPR141C,0.42887046933174133
YDR208W,YNL127W,0.9580246806144714
YDR208W,YCL055W,2.237927759773939e-10
YDR208W,YPR122W,0.9982445240020752
YDR208W,YMR065W,6.790059705963358e-05
YDR208W,YDR356W,0.5348600149154663
YDR208W,YMR052W,0.3947528600692749
YDR208W,YFR008W,0.0011815987527370453
YDR208W,YLL043W,0.9979891777038574
YDR208W,YMR029C,8.41836808831431e-05
YDR208W,YJR004C,3.178626866429113e-05
YDR208W,YDL223C,1.877780420045383e-08
YDR208W,YHR158C,0.004542582668364048
YDR208W,YGR238C,0.0014689973322674632
YDR208W,YIL015W,0.999910831451416
YDR208W,YGL173C,1.0165052117372397e-05
YDR208W,YDL225W,1.7894160597720088e-09
YDR208W,YLR330W,9.03114505490521e-06
YDR208W,YBR129C,3.523659941606638e-08
YDR208W,YKR095W-A,0.2020167112350464
YDR208W,YPR075C,3.37282799591776e-05
YDR208W,YMR198W,1.4951008779462427e-05
YDR208W,YOR127W,0.9769517779350281
YDR208W,YDR264C,1.0095936886500567e-05
YDR208W,YLR110C,0.006635182071477175
YDR208W,YDR379W,2.164958914363524e-06
YDR208W,YDL100C,1.4899959523972939e-06
YDR208W,YHR073W,0.6583144664764404
YDR208W,YJR090C,0.043961506336927414
YDR208W,YOR208W,0.002405285369604826
YDR208W,YBR040W,0.9735750555992126
YDR208W,YNL279W,0.17820768058300018
YDR208W,YER075C,0.00011795292812166736
YDR208W,YCR089W,0.9076510071754456
YDR208W,YCR002C,0.00025129481218755245
YDR208W,YJL108C,0.07305038720369339
YDR208W,YBR200W,2.3271620186449127e-09
YDR208W,YIL026C,1.867321043391712e-05
YDR208W,YJR076C,1.820928130502608e-11
YDR208W,YKR031C,0.28108862042427063
YDR208W,YPL192C,0.9907357096672058
YDR208W,YHR107C,3.3507124186371584e-08
YDR208W,YIL037C,5.015944680053508e-06
YDR208W,YPL156C,0.0034814849495887756
YDR208W,YIL117C,6.276087982648448e-10
YDR208W,YHR066W,9.765352589063969e-12
YDR208W,YML085C,0.015966147184371948
YDR208W,YML047C,3.516435026540421e-05
YDR208W,YDR312W,0.9999998807907104
YDR208W,YFL037W,0.24502770602703094
YDR208W,YDL038C,0.2020167112350464
YDR208W,YDL039C,2.9889772577007534e-06
YDR208W,YCL027W,0.0021971066016703844
YDR208W,YML124C,8.100874138161629e-12
YDR208W,YGL053W,2.13851580888047e-09
YDR208W,YMR232W,6.262760871322826e-05
YDR208W,YNL298W,0.9850682616233826
YDR208W,YGL099W,0.9925024509429932
YDR208W,YBL016W,0.026256978511810303
YDR208W,YAL041W,0.009607605636119843
YDR208W,YDR085C,3.6965204230909876e-07
YDR208W,YPL187W,0.0060552917420864105
YDR208W,YPL256C,1.8529804947320372e-05
YDR208W,YDR461W,1.0509061212360393e-06
YDR208W,YNL145W,2.1819636458531022e-05
YCR036W,YDL165W,0.0005221827886998653
YCR036W,YGR059W,0.00024858771939761937
YCR036W,YBR109C,0.981759786605835
YCR036W,YJL080C,0.004686264321208
YCR036W,YCR093W,0.0006806694436818361
YCR036W,YIL122W,0.9987310767173767
YCR036W,YCL029C,2.1026504327892326e-05
YCR036W,YNL173C,0.0018115876009687781
YCR036W,YLR452C,3.3734803839280403e-10
YCR036W,YDL160C,0.0006620544590987265
YCR036W,YLR229C,0.001522979000583291
YCR036W,YML057W,0.00731544429436326
YCR036W,YER149C,0.9999998807907104
YCR036W,YMR305C,3.3391199139032324e-08
YCR036W,YLR433C,0.008217430673539639
YCR036W,YJL073W,4.378371749630839e-15
YCR036W,YGR279C,0.00200662505812943
YCR036W,YKL190W,0.2279501110315323
YCR036W,YGL089C,0.01675504632294178
YCR036W,YJL019W,0.009688298217952251
YCR036W,YJL018W,0.001819514436647296
YCR036W,YNR032C-A,1.2566379155032337e-06
YCR036W,YGL178W,0.5977614521980286
YCR036W,YKL116C,7.024193564575398e-07
YCR036W,YDL214C,0.05788242444396019
YCR036W,YLR362W,2.7879315211976063e-07
YCR036W,YER068W,0.0026670254301279783
YCR036W,YHR084W,1.8289664792706887e-17
YCR036W,YDR392W,0.0006349082686938345
YCR036W,YNL053W,0.007387434598058462
YCR036W,YGR040W,9.793704521143809e-05
YCR036W,YDL216C,0.00020905803830828518
YCR036W,YOL117W,0.0488954521715641
YCR036W,YJR086W,0.9208368062973022
YCR036W,YMR025W,2.7394369226385606e-06
YCR036W,YBR081C,0.0022117472253739834
YCR036W,YFL026W,4.108064999286398e-08
YCR036W,YHL007C,1.860576692713778e-10
YCR036W,YNR044W,1.667013748374302e-05
YCR036W,YNL271C,0.004882365465164185
YCR036W,YDR200C,4.185031502856873e-05
YCR036W,YKL178C,0.7325367331504822
YCR036W,YOR212W,0.0002451186010148376
YCR036W,YOL111C,1.9043672346528984e-15
YCR036W,YGL032C,2.1033801436698418e-11
YCR036W,YHR005C,1.4093515346758068e-05
YCR036W,YDR103W,1.1238773367949761e-05
YCR036W,YJR084W,0.34736743569374084
YCR036W,YCL032W,0.6422432065010071
YCR036W,YJL170C,1.125274934565823e-06
YCR036W,YDR179C,4.378575280128416e-10
YCR036W,YBR095C,0.6877022385597229
YCR036W,YLL021W,6.065383422537707e-05
YCR036W,YDL159W,9.04497028386686e-06
YCR036W,YNL161W,0.9983072280883789
YCR036W,YNL188W,1.8175372318296468e-08
YCR036W,YJL157C,8.454927838581761e-13
YCR036W,YJL034W,6.689336584653205e-11
YCR036W,YLR238W,5.662473540724022e-06
YCR036W,YPR141C,5.003342380405229e-07
YCR036W,YNL127W,0.0043665883131325245
YCR036W,YCL055W,4.510103845944968e-09
YCR036W,YPR122W,4.1600496842875145e-06
YCR036W,YMR065W,0.6561128497123718
YCR036W,YDR356W,6.371207564370707e-05
YCR036W,YMR052W,2.866918293875642e-06
YCR036W,YFR008W,0.00791199877858162
YCR036W,YLL043W,0.03292621672153473
YCR036W,YMR029C,0.8620536923408508
YCR036W,YJR004C,2.953378101973325e-13
YCR036W,YDL223C,4.825081514810765e-19
YCR036W,YHR158C,0.02359825000166893
YCR036W,YGR238C,4.813452747498559e-08
YCR036W,YIL015W,0.09120804071426392
YCR036W,YGL173C,0.9996358156204224
YCR036W,YDL225W,2.3115256908567972e-07
YCR036W,YLR330W,0.00020687031792476773
YCR036W,YBR129C,1.1439671432356135e-08
YCR036W,YKR095W-A,0.2020167112350464
YCR036W,YPR075C,1.1183951187376806e-07
YCR036W,YMR198W,1.9453640561550856e-05
YCR036W,YOR127W,0.06281998008489609
YCR036W,YDR264C,0.3568509519100189
YCR036W,YLR110C,1.2369913747534156e-05
YCR036W,YDR379W,0.0003707370487973094
YCR036W,YDL100C,7.181143180101657e-11
YCR036W,YHR073W,0.0015181676717475057
YCR036W,YJR090C,0.9457281827926636
YCR036W,YOR208W,0.28642305731773376
YCR036W,YBR040W,0.0005980979185551405
YCR036W,YNL279W,0.0010545402765274048
YCR036W,YER075C,8.102502988549531e-07
YCR036W,YCR089W,0.00029592920327559114
YCR036W,YCR002C,1.1259146504016826e-06
YCR036W,YJL108C,0.9998899698257446
YCR036W,YBR200W,4.740187432616949e-05
YCR036W,YIL026C,0.798625111579895
YCR036W,YJR076C,0.0002005060960073024
YCR036W,YKR031C,0.06155521795153618
YCR036W,YPL192C,3.7784470805490855e-06
YCR036W,YHR107C,0.0037891564425081015
YCR036W,YIL037C,2.2293829715636093e-06
YCR036W,YPL156C,4.99760644743219e-05
YCR036W,YIL117C,0.8261640071868896
YCR036W,YHR066W,1.6598388151223815e-17
YCR036W,YML085C,0.0011659908341243863
YCR036W,YML047C,0.009882897138595581
YCR036W,YDR312W,0.0009164350340142846
YCR036W,YFL037W,0.0003816122771240771
YCR036W,YDL038C,0.2020167112350464
YCR036W,YDL039C,2.5031147293796963e-11
YCR036W,YCL027W,9.837776815402322e-08
YCR036W,YML124C,2.54351539297204e-06
YCR036W,YGL053W,4.808309768122854e-07
YCR036W,YMR232W,0.15555588901042938
YCR036W,YNL298W,0.017583521082997322
YCR036W,YGL099W,1.60493786229704e-12
YCR036W,YBL016W,8.365891313033558e-11
YCR036W,YAL041W,0.9986306428909302
YCR036W,YDR085C,0.00047507547424174845
YCR036W,YPL187W,5.700122756024939e-07
YCR036W,YPL256C,4.212290516392159e-09
YCR036W,YDR461W,3.439295226009321e-17
YCR036W,YNL145W,8.198432210893003e-11
YKL135C,YDL165W,0.00024777185171842575
YKL135C,YGR059W,2.0587374027769556e-09
YKL135C,YBR109C,0.0004346230416558683
YKL135C,YJL080C,0.3435479998588562
YKL135C,YCR093W,0.9841312766075134
YKL135C,YIL122W,0.01653740368783474
YKL135C,YCL029C,2.6136054041489554e-13
YKL135C,YNL173C,3.5086035495623946e-05
YKL135C,YLR452C,8.047875599004328e-05
YKL135C,YDL160C,0.056668031960725784
YKL135C,YLR229C,0.9475454092025757
YKL135C,YML057W,1.2148936370803831e-11
YKL135C,YER149C,0.0003860304714180529
YKL135C,YMR305C,7.622327248546501e-12
YKL135C,YLR433C,0.21437910199165344
YKL135C,YJL073W,4.659662100614526e-10
YKL135C,YGR279C,0.7478361129760742
YKL135C,YKL190W,0.001138755353167653
YKL135C,YGL089C,0.006921410094946623
YKL135C,YJL019W,0.01139314379543066
YKL135C,YJL018W,0.0012759501114487648
YKL135C,YNR032C-A,0.9991676807403564
YKL135C,YGL178W,0.5088286995887756
YKL135C,YKL116C,5.658726536239556e-07
YKL135C,YDL214C,0.18600758910179138
YKL135C,YLR362W,9.680370949283201e-10
YKL135C,YER068W,9.63901811701362e-08
YKL135C,YHR084W,0.9918545484542847
YKL135C,YDR392W,0.18110984563827515
YKL135C,YNL053W,0.005826215259730816
YKL135C,YGR040W,0.8564143776893616
YKL135C,YDL216C,0.0003025026526302099
YKL135C,YOL117W,1.7771115778941748e-07
YKL135C,YJR086W,0.018696051090955734
YKL135C,YMR025W,5.2958945161662996e-05
YKL135C,YBR081C,0.9827654957771301
YKL135C,YFL026W,0.0021314744371920824
YKL135C,YHL007C,0.8842361569404602
YKL135C,YNR044W,0.08187934011220932
YKL135C,YNL271C,0.9721131324768066
YKL135C,YDR200C,0.0001579050294822082
YKL135C,YKL178C,0.000188428966794163
YKL135C,YOR212W,0.5867334008216858
YKL135C,YOL111C,5.103292455288511e-09
YKL135C,YGL032C,4.1497404623669354e-08
YKL135C,YHR005C,0.03654562681913376
YKL135C,YDR103W,0.00011850422743009403
YKL135C,YJR084W,0.11588352173566818
YKL135C,YCL032W,0.00020088328165002167
YKL135C,YJL170C,0.13400153815746307
YKL135C,YDR179C,2.47564635458275e-08
YKL135C,YBR095C,0.06651368737220764
YKL135C,YLL021W,0.521550178527832
YKL135C,YDL159W,3.769401735187472e-10
YKL135C,YNL161W,1.5757657820358872e-05
YKL135C,YNL188W,5.659519786149758e-08
YKL135C,YJL157C,3.4573993616504595e-05
YKL135C,YJL034W,2.9622894415215484e-11
YKL135C,YLR238W,0.01008895318955183
YKL135C,YPR141C,0.10004682838916779
YKL135C,YNL127W,0.6187919974327087
YKL135C,YCL055W,8.08309341664426e-05
YKL135C,YPR122W,0.0002893671626225114
YKL135C,YMR065W,0.013435762375593185
YKL135C,YDR356W,0.17039526998996735
YKL135C,YMR052W,0.230712890625
YKL135C,YFR008W,6.50204719931935e-06
YKL135C,YLL043W,0.004846283234655857
YKL135C,YMR029C,0.23772414028644562
YKL135C,YJR004C,1.4565846358921553e-12
YKL135C,YDL223C,1.5027788791144303e-08
YKL135C,YHR158C,0.2500113248825073
YKL135C,YGR238C,1.7034285093586732e-10
YKL135C,YIL015W,0.00510062649846077
YKL135C,YGL173C,0.008822506293654442
YKL135C,YDL225W,6.262378065002849e-07
YKL135C,YLR330W,0.001244929851964116
YKL135C,YBR129C,0.0042964741587638855
YKL135C,YKR095W-A,0.2020167112350464
YKL135C,YPR075C,2.3505641877363814e-09
YKL135C,YMR198W,0.0827234759926796
YKL135C,YOR127W,8.3428034258759e-07
YKL135C,YDR264C,0.9417150020599365
YKL135C,YLR110C,0.00011194690159754828
YKL135C,YDR379W,0.1579987108707428
YKL135C,YDL100C,0.1555279791355133
YKL135C,YHR073W,0.09516853839159012
YKL135C,YJR090C,0.9999861717224121
YKL135C,YOR208W,6.8084387953859515e-12
YKL135C,YBR040W,0.22337788343429565
YKL135C,YNL279W,2.0830566160867647e-09
YKL135C,YER075C,3.538147939252667e-05
YKL135C,YCR089W,0.9833160042762756
YKL135C,YCR002C,0.9604290127754211
YKL135C,YJL108C,0.006348510272800922
YKL135C,YBR200W,1.5021999644204698e-08
YKL135C,YIL026C,0.0004075340984854847
YKL135C,YJR076C,1.6010734071869592e-08
YKL135C,YKR031C,0.07023163884878159
YKL135C,YPL192C,3.9618026741183865e-12
YKL135C,YHR107C,4.033260847791098e-05
YKL135C,YIL037C,0.002952412236481905
YKL135C,YPL156C,0.7892797589302063
YKL135C,YIL117C,0.00605055270716548
YKL135C,YHR066W,5.2683808192882176e-17
YKL135C,YML085C,0.000568256014958024
YKL135C,YML047C,6.442739686463028e-05
YKL135C,YDR312W,0.0002410123124718666
YKL135C,YFL037W,0.09063708782196045
YKL135C,YDL038C,0.2020167112350464
YKL135C,YDL039C,2.798302041473466e-11
YKL135C,YCL027W,0.008685143664479256
YKL135C,YML124C,0.000197280925931409
YKL135C,YGL053W,6.666672561550513e-05
YKL135C,YMR232W,9.036705272968959e-10
YKL135C,YNL298W,3.476389665024726e-08
YKL135C,YGL099W,0.0003735898935701698
YKL135C,YBL016W,1.5507356510013892e-09
YKL135C,YAL041W,0.03617218881845474
YKL135C,YDR085C,9.658157296144054e-08
YKL135C,YPL187W,0.8038501739501953
YKL135C,YPL256C,3.447386802690744e-07
YKL135C,YDR461W,2.709604096651219e-09
YKL135C,YNL145W,0.0008785758982412517
YKL124W,YDL165W,2.561054657235218e-07
YKL124W,YGR059W,3.3638968346960674e-12
YKL124W,YBR109C,0.587567150592804
YKL124W,YJL080C,5.18529645887611e-07
YKL124W,YCR093W,0.001265004393644631
YKL124W,YIL122W,3.81176796508953e-05
YKL124W,YCL029C,3.2632782587249665e-10
YKL124W,YNL173C,0.000701762328390032
YKL124W,YLR452C,5.551182198360038e-07
YKL124W,YDL160C,0.007815193384885788
YKL124W,YLR229C,0.03224489837884903
YKL124W,YML057W,0.29248058795928955
YKL124W,YER149C,0.16625694930553436
YKL124W,YMR305C,0.12581293284893036
YKL124W,YLR433C,0.4804514944553375
YKL124W,YJL073W,7.811357490743534e-14
YKL124W,YGR279C,0.003475066740065813
YKL124W,YKL190W,0.0003981514018960297
YKL124W,YGL089C,0.8972391486167908
YKL124W,YJL019W,3.455335502167145e-07
YKL124W,YJL018W,0.00027382528060115874
YKL124W,YNR032C-A,0.9985650181770325
YKL124W,YGL178W,0.04561421647667885
YKL124W,YKL116C,4.347505466739676e-08
YKL124W,YDL214C,0.9990381002426147
YKL124W,YLR362W,0.000724955287296325
YKL124W,YER068W,3.3720762293576456e-11
YKL124W,YHR084W,1.2388121639617111e-08
YKL124W,YDR392W,0.9007700085639954
YKL124W,YNL053W,7.220226689241827e-05
YKL124W,YGR040W,0.7632986307144165
YKL124W,YDL216C,0.8598794341087341
YKL124W,YOL117W,0.000931968039367348
YKL124W,YJR086W,1.5744422853458673e-05
YKL124W,YMR025W,0.012837736867368221
YKL124W,YBR081C,0.7286638617515564
YKL124W,YFL026W,1.9415849237702787e-05
YKL124W,YHL007C,0.26519402861595154
YKL124W,YNR044W,0.9999984502792358
YKL124W,YNL271C,0.9999860525131226
YKL124W,YDR200C,0.4216143488883972
YKL124W,YKL178C,0.1008181944489479
YKL124W,YOR212W,0.0008560645510442555
YKL124W,YOL111C,3.623823943144089e-07
YKL124W,YGL032C,0.07433595508337021
YKL124W,YHR005C,0.033967453986406326
YKL124W,YDR103W,0.005576069001108408
YKL124W,YJR084W,1.9436020011198707e-06
YKL124W,YCL032W,1.4507949117614771e-06
YKL124W,YJL170C,0.688758134841919
YKL124W,YDR179C,3.6463326580360444e-08
YKL124W,YBR095C,0.5434430241584778
YKL124W,YLL021W,0.9931300282478333
YKL124W,YDL159W,2.3875188284727678e-11
YKL124W,YNL161W,0.0005419687367975712
YKL124W,YNL188W,3.1676350431553146e-10
YKL124W,YJL157C,7.117011409718543e-05
YKL124W,YJL034W,5.037378066757858e-12
YKL124W,YLR238W,1.3577182471635751e-06
YKL124W,YPR141C,0.015472412109375
YKL124W,YNL127W,7.599738296448777e-07
YKL124W,YCL055W,1.1350218898087405e-07
YKL124W,YPR122W,0.9999308586120605
YKL124W,YMR065W,0.009759891778230667
YKL124W,YDR356W,0.7794874906539917
YKL124W,YMR052W,1.0159431518275142e-08
YKL124W,YFR008W,0.0009288356523029506
YKL124W,YLL043W,0.6369670629501343
YKL124W,YMR029C,0.0018728694412857294
YKL124W,YJR004C,2.439975560264429e-06
YKL124W,YDL223C,1.966733861991088e-06
YKL124W,YHR158C,0.28265729546546936
YKL124W,YGR238C,6.9151395720723485e-09
YKL124W,YIL015W,0.9236279726028442
YKL124W,YGL173C,0.23203866183757782
YKL124W,YDL225W,0.7365268468856812
YKL124W,YLR330W,6.267095287171287e-09
YKL124W,YBR129C,0.0014903274131938815
YKL124W,YKR095W-A,0.2020167112350464
YKL124W,YPR075C,0.0019004804780706763
YKL124W,YMR198W,3.709723750944249e-05
YKL124W,YOR127W,0.0033102508168667555
YKL124W,YDR264C,0.988671064376831
YKL124W,YLR110C,0.8670943379402161
YKL124W,YDR379W,0.09285571426153183
YKL124W,YDL100C,0.9999537467956543
YKL124W,YHR073W,0.6775489449501038
YKL124W,YJR090C,0.008668106980621815
YKL124W,YOR208W,0.9516271948814392
YKL124W,YBR040W,0.007419156841933727
YKL124W,YNL279W,0.7642512321472168
YKL124W,YER075C,0.9981033802032471
YKL124W,YCR089W,0.0005110513302497566
YKL124W,YCR002C,0.9999998807907104
YKL124W,YJL108C,0.4739215075969696
YKL124W,YBR200W,0.013969030231237411
YKL124W,YIL026C,0.33719170093536377
YKL124W,YJR076C,0.9989542961120605
YKL124W,YKR031C,5.577360298048006e-06
YKL124W,YPL192C,1.340113442438451e-07
YKL124W,YHR107C,2.2919657567399554e-05
YKL124W,YIL037C,0.020409822463989258
YKL124W,YPL156C,0.9998052716255188
YKL124W,YIL117C,0.0036625287029892206
YKL124W,YHR066W,6.148686279501851e-15
YKL124W,YML085C,0.0011561772553250194
YKL124W,YML047C,2.1452740838867612e-05
YKL124W,YDR312W,4.867828465648927e-06
YKL124W,YFL037W,0.9999923706054688
YKL124W,YDL038C,0.2020167112350464
YKL124W,YDL039C,3.3845861768626306e-13
YKL124W,YCL027W,0.9951914548873901
YKL124W,YML124C,8.84118378507992e-07
YKL124W,YGL053W,0.03739487752318382
YKL124W,YMR232W,0.021469078958034515
YKL124W,YNL298W,0.9962512850761414
YKL124W,YGL099W,2.7435310130385915e-06
YKL124W,YBL016W,3.5848522657033755e-06
YKL124W,YAL041W,0.0006812405190430582
YKL124W,YDR085C,3.76027600168527e-07
YKL124W,YPL187W,2.3652482195046787e-09
YKL124W,YPL256C,0.032025571912527084
YKL124W,YDR461W,8.054880318297819e-09
YKL124W,YNL145W,5.833355317008682e-06
YKL140W,YDL165W,2.941784487120458e-06
YKL140W,YGR059W,4.0631093725096434e-06
YKL140W,YBR109C,1.1220728083571885e-05
YKL140W,YJL080C,0.0017024233238771558
YKL140W,YCR093W,2.199181471951306e-05
YKL140W,YIL122W,2.765640601865016e-05
YKL140W,YCL029C,6.219551173451514e-15
YKL140W,YNL173C,1.4776731921406494e-11
YKL140W,YLR452C,2.1702095182263292e-05
YKL140W,YDL160C,0.00010194160131504759
YKL140W,YLR229C,8.471297441303705e-09
YKL140W,YML057W,1.1795354189908513e-12
YKL140W,YER149C,5.638656652706686e-09
YKL140W,YMR305C,1.6514808184181495e-12
YKL140W,YLR433C,2.1280127384670777e-06
YKL140W,YJL073W,6.008856745509661e-10
YKL140W,YGR279C,4.4136322374654924e-10
YKL140W,YKL190W,2.7734333940543365e-08
YKL140W,YGL089C,1.9242503146443823e-09
YKL140W,YJL019W,0.5104466676712036
YKL140W,YJL018W,0.0018153224373236299
YKL140W,YNR032C-A,0.9946104288101196
YKL140W,YGL178W,0.08691317588090897
YKL140W,YKL116C,1.2453755289243418e-06
YKL140W,YDL214C,0.9820905327796936
YKL140W,YLR362W,0.00032930209999904037
YKL140W,YER068W,5.747428561179123e-15
YKL140W,YHR084W,0.001129276235587895
YKL140W,YDR392W,1.1258685539417002e-08
YKL140W,YNL053W,0.9907624125480652
YKL140W,YGR040W,2.3716364012216218e-05
YKL140W,YDL216C,0.0003886542108375579
YKL140W,YOL117W,2.478754831600205e-12
YKL140W,YJR086W,1.650089984650549e-06
YKL140W,YMR025W,1.0867386102120236e-08
YKL140W,YBR081C,0.36644354462623596
YKL140W,YFL026W,0.008043617010116577
YKL140W,YHL007C,0.00015281204832717776
YKL140W,YNR044W,1.1636597935238413e-10
YKL140W,YNL271C,3.101377501479874e-07
YKL140W,YDR200C,1.4845437590338406e-06
YKL140W,YKL178C,0.0012368484167382121
YKL140W,YOR212W,0.7941640019416809
YKL140W,YOL111C,4.042011408737778e-14
YKL140W,YGL032C,1.4897650224554582e-08
YKL140W,YHR005C,0.03292977064847946
YKL140W,YDR103W,1.7214522030073454e-09
YKL140W,YJR084W,1.2915658771817107e-05
YKL140W,YCL032W,2.3663589672651142e-05
YKL140W,YJL170C,0.6520131230354309
YKL140W,YDR179C,5.715477163903415e-05
YKL140W,YBR095C,7.97494709159352e-12
YKL140W,YLL021W,1.7716994989314117e-05
YKL140W,YDL159W,5.469365078170085e-06
YKL140W,YNL161W,0.31576481461524963
YKL140W,YNL188W,1.6086499954326428e-06
YKL140W,YJL157C,5.340352799976245e-07
YKL140W,YJL034W,8.653962879634491e-09
YKL140W,YLR238W,2.0074578060302883e-05
YKL140W,YPR141C,2.3892075384085443e-12
YKL140W,YNL127W,0.0011628041975200176
YKL140W,YCL055W,5.7157464539159264e-08
YKL140W,YPR122W,2.8894341994600836e-06
YKL140W,YMR065W,0.0019927495159208775
YKL140W,YDR356W,1.2732909453916363e-05
YKL140W,YMR052W,0.001569685759022832
YKL140W,YFR008W,2.690302869368111e-09
YKL140W,YLL043W,2.888167216497095e-07
YKL140W,YMR029C,2.85986952706669e-14
YKL140W,YJR004C,5.279416291159578e-05
YKL140W,YDL223C,1.4586106573868246e-13
YKL140W,YHR158C,1.7912982002599165e-05
YKL140W,YGR238C,4.078436177223921e-06
YKL140W,YIL015W,0.8680870532989502
YKL140W,YGL173C,0.0002711742708925158
YKL140W,YDL225W,1.49982941621829e-08
YKL140W,YLR330W,6.165336526464671e-05
YKL140W,YBR129C,9.94065061377114e-08
YKL140W,YKR095W-A,0.2020167112350464
YKL140W,YPR075C,4.76958704533092e-15
YKL140W,YMR198W,0.00043160104542039335
YKL140W,YOR127W,8.47529463499086e-06
YKL140W,YDR264C,4.420423647388816e-05
YKL140W,YLR110C,6.976750592002645e-05
YKL140W,YDR379W,3.872478870903251e-08
YKL140W,YDL100C,2.876625512726605e-05
YKL140W,YHR073W,6.869663138786564e-06
YKL140W,YJR090C,1.202544552825202e-07
YKL140W,YOR208W,3.3624075967964018e-06
YKL140W,YBR040W,1.4222429172150441e-06
YKL140W,YNL279W,0.22351084649562836
YKL140W,YER075C,0.0069960495457053185
YKL140W,YCR089W,0.0005597789422608912
YKL140W,YCR002C,0.01673106476664543
YKL140W,YJL108C,2.4870134438970126e-05
YKL140W,YBR200W,0.2879037857055664
YKL140W,YIL026C,8.202042067750881e-08
YKL140W,YJR076C,1.2399036108945438e-07
YKL140W,YKR031C,0.0255429670214653
YKL140W,YPL192C,2.3308801555543823e-09
YKL140W,YHR107C,0.009398035705089569
YKL140W,YIL037C,0.10378754138946533
YKL140W,YPL156C,0.006541461683809757
YKL140W,YIL117C,8.792136941337958e-05
YKL140W,YHR066W,1.5874842681511841e-15
YKL140W,YML085C,0.006489010527729988
YKL140W,YML047C,0.0004626628942787647
YKL140W,YDR312W,1.1677401801080123e-07
YKL140W,YFL037W,5.750148557126522e-05
YKL140W,YDL038C,0.2020167112350464
YKL140W,YDL039C,1.4775832823943347e-06
YKL140W,YCL027W,0.8402866125106812
YKL140W,YML124C,0.041497327387332916
YKL140W,YGL053W,8.683024299571684e-10
YKL140W,YMR232W,0.00034045238862745464
YKL140W,YNL298W,8.95237217690692e-09
YKL140W,YGL099W,3.525643988113911e-15
YKL140W,YBL016W,6.994971268881045e-09
YKL140W,YAL041W,6.744113534296048e-07
YKL140W,YDR085C,3.866376232508628e-07
YKL140W,YPL187W,0.00026794482255354524
YKL140W,YPL256C,0.0009395297965966165
YKL140W,YDR461W,4.228407846085247e-08
YKL140W,YNL145W,0.012806689366698265
YAL042W,YDL165W,1.3234025573183317e-06
YAL042W,YGR059W,4.1391329432372004e-05
YAL042W,YBR109C,0.001093538710847497
YAL042W,YJL080C,8.379343853448518e-06
YAL042W,YCR093W,3.390265845837348e-09
YAL042W,YIL122W,5.0587899750098586e-05
YAL042W,YCL029C,3.432409955220206e-12
YAL042W,YNL173C,0.2053406983613968
YAL042W,YLR452C,9.7723699582275e-05
YAL042W,YDL160C,6.705137639073655e-05
YAL042W,YLR229C,0.005628378130495548
YAL042W,YML057W,5.857741592132926e-13
YAL042W,YER149C,4.609982643018207e-13
YAL042W,YMR305C,5.577909689691296e-09
YAL042W,YLR433C,0.010563893243670464
YAL042W,YJL073W,1.5937146047306783e-09
YAL042W,YGR279C,1.8438371625961736e-05
YAL042W,YKL190W,6.377772660925984e-05
YAL042W,YGL089C,7.706134397267306e-08
YAL042W,YJL019W,1.0076529122216016e-07
YAL042W,YJL018W,0.004598335828632116
YAL042W,YNR032C-A,0.002112253103405237
YAL042W,YGL178W,1.8244914201659412e-07
YAL042W,YKL116C,8.237909909780683e-09
YAL042W,YDL214C,0.000518683809787035
YAL042W,YLR362W,1.7130425550293538e-11
YAL042W,YER068W,0.6487736105918884
YAL042W,YHR084W,6.471343283465103e-08
YAL042W,YDR392W,2.1045208631331747e-10
YAL042W,YNL053W,0.007521593943238258
YAL042W,YGR040W,0.00016731546202208847
YAL042W,YDL216C,5.852481262991205e-05
YAL042W,YOL117W,0.004305684007704258
YAL042W,YJR086W,0.2745945453643799
YAL042W,YMR025W,6.058573490008712e-05
YAL042W,YBR081C,7.429864723462742e-09
YAL042W,YFL026W,0.0007247556350193918
YAL042W,YHL007C,8.381170757409961e-12
YAL042W,YNR044W,9.65510025707772e-06
YAL042W,YNL271C,0.00020152634533587843
YAL042W,YDR200C,3.5281158261568635e-07
YAL042W,YKL178C,5.7165514590451494e-05
YAL042W,YOR212W,0.0013692955253645778
YAL042W,YOL111C,4.7800582936297076e-12
YAL042W,YGL032C,2.1268978332017463e-13
YAL042W,YHR005C,5.718400757359632e-07
YAL042W,YDR103W,1.6807329833445905e-11
YAL042W,YJR084W,1.2424487067619339e-05
YAL042W,YCL032W,3.901016731866491e-10
YAL042W,YJL170C,0.00020436265913303941
YAL042W,YDR179C,5.690886130393924e-13
YAL042W,YBR095C,1.4050994812109252e-09
YAL042W,YLL021W,1.113377501305024e-09
YAL042W,YDL159W,7.233994736566274e-09
YAL042W,YNL161W,9.025938330076144e-10
YAL042W,YNL188W,1.3385825781142557e-10
YAL042W,YJL157C,0.0026548176538199186
YAL042W,YJL034W,4.721979696142853e-09
YAL042W,YLR238W,3.978329055076557e-10
YAL042W,YPR141C,3.824005112562645e-09
YAL042W,YNL127W,3.848500909953145e-06
YAL042W,YCL055W,1.0802941657547804e-13
YAL042W,YPR122W,8.098650283727693e-08
YAL042W,YMR065W,3.176617013878058e-08
YAL042W,YDR356W,4.606717091126811e-11
YAL042W,YMR052W,0.11889582127332687
YAL042W,YFR008W,0.11277634650468826
YAL042W,YLL043W,0.03747972473502159
YAL042W,YMR029C,7.165572606027126e-05
YAL042W,YJR004C,1.978132857516357e-08
YAL042W,YDL223C,2.5118923607792e-10
YAL042W,YHR158C,3.359392299930042e-14
YAL042W,YGR238C,7.128205936623999e-08
YAL042W,YIL015W,0.5372028350830078
YAL042W,YGL173C,6.927597496542148e-06
YAL042W,YDL225W,9.963235243048985e-06
YAL042W,YLR330W,0.04579024016857147
YAL042W,YBR129C,2.0254407928632645e-08
YAL042W,YKR095W-A,0.2020167112350464
YAL042W,YPR075C,1.851338960606741e-12
YAL042W,YMR198W,2.8410857000338297e-10
YAL042W,YOR127W,2.3625811376715156e-11
YAL042W,YDR264C,0.00017354563169647008
YAL042W,YLR110C,2.110065594473909e-12
YAL042W,YDR379W,3.422277927711548e-08
YAL042W,YDL100C,4.02504030105888e-10
YAL042W,YHR073W,2.6394202379265153e-09
YAL042W,YJR090C,9.615739600121742e-07
YAL042W,YOR208W,0.0017652425449341536
YAL042W,YBR040W,3.593734021478667e-08
YAL042W,YNL279W,1.9102981696494936e-10
YAL042W,YER075C,2.976847148774761e-14
YAL042W,YCR089W,4.1470677586419313e-11
YAL042W,YCR002C,6.045612455096716e-09
YAL042W,YJL108C,0.0012822144199162722
YAL042W,YBR200W,1.3203509119374957e-10
YAL042W,YIL026C,0.010270725004374981
YAL042W,YJR076C,0.0005764364614151418
YAL042W,YKR031C,1.687391026905516e-08
YAL042W,YPL192C,0.0003453715471550822
YAL042W,YHR107C,0.004856523592025042
YAL042W,YIL037C,1.1252823759605457e-12
YAL042W,YPL156C,0.05354379490017891
YAL042W,YIL117C,1.0519442955603253e-11
YAL042W,YHR066W,7.337997764977899e-09
YAL042W,YML085C,4.466606640107784e-09
YAL042W,YML047C,0.16449877619743347
YAL042W,YDR312W,0.01628357730805874
YAL042W,YFL037W,2.3922004857013235e-06
YAL042W,YDL038C,0.2020167112350464
YAL042W,YDL039C,7.899587661254742e-15
YAL042W,YCL027W,1.1382762750145048e-05
YAL042W,YML124C,4.605162085002945e-11
YAL042W,YGL053W,2.929316567090723e-09
YAL042W,YMR232W,3.3861485349007125e-07
YAL042W,YNL298W,5.435581845736337e-11
YAL042W,YGL099W,3.141566321422987e-16
YAL042W,YBL016W,1.6069410342309243e-12
YAL042W,YAL041W,9.081161522631401e-14
YAL042W,YDR085C,0.0025406447239220142
YAL042W,YPL187W,6.010769993736176e-06
YAL042W,YPL256C,3.653021895394515e-12
YAL042W,YDR461W,1.7757833980949593e-15
YAL042W,YNL145W,0.002540837973356247
YDL229W,YDL165W,3.326853514895589e-10
YDL229W,YGR059W,0.00044899494969286025
YDL229W,YBR109C,1.4505326717539901e-08
YDL229W,YJL080C,2.040081739096422e-07
YDL229W,YCR093W,1.6212126183745568e-06
YDL229W,YIL122W,2.83294702967396e-05
YDL229W,YCL029C,3.2979093901484527e-19
YDL229W,YNL173C,0.23500776290893555
YDL229W,YLR452C,4.248606132704891e-14
YDL229W,YDL160C,5.591045351138746e-07
YDL229W,YLR229C,1.0801995964371258e-09
YDL229W,YML057W,7.19107688951226e-08
YDL229W,YER149C,2.7787585565874906e-09
YDL229W,YMR305C,5.849081202019546e-12
YDL229W,YLR433C,5.382778908824548e-06
YDL229W,YJL073W,7.633851016597415e-12
YDL229W,YGR279C,0.0003304121783003211
YDL229W,YKL190W,1.1091870755208788e-09
YDL229W,YGL089C,0.003403301350772381
YDL229W,YJL019W,6.9228196508674955e-09
YDL229W,YJL018W,0.0002854493504855782
YDL229W,YNR032C-A,0.05024195834994316
YDL229W,YGL178W,3.786698510310771e-09
YDL229W,YKL116C,2.305437646343833e-10
YDL229W,YDL214C,6.834308119429977e-11
YDL229W,YLR362W,2.5851903950879773e-10
YDL229W,YER068W,9.538234735373408e-05
YDL229W,YHR084W,2.2358871698546778e-11
YDL229W,YDR392W,2.3845629915086874e-09
YDL229W,YNL053W,2.6053498913825024e-08
YDL229W,YGR040W,3.177702892487311e-11
YDL229W,YDL216C,6.493679483021708e-10
YDL229W,YOL117W,1.083615686070516e-07
YDL229W,YJR086W,8.154713100338995e-07
YDL229W,YMR025W,7.104899424348332e-08
YDL229W,YBR081C,2.816047261100952e-14
YDL229W,YFL026W,2.1520797588436835e-07
YDL229W,YHL007C,0.00015907184570096433
YDL229W,YNR044W,4.670745212820293e-08
YDL229W,YNL271C,8.567748591303825e-05
YDL229W,YDR200C,2.6005498057202203e-06
YDL229W,YKL178C,5.492020900554895e-12
YDL229W,YOR212W,6.216806625047866e-09
YDL229W,YOL111C,6.0700613424558014e-09
YDL229W,YGL032C,6.3438880884558735e-12
YDL229W,YHR005C,5.473785313903079e-11
YDL229W,YDR103W,2.999193839059444e-06
YDL229W,YJR084W,0.0001467306719860062
YDL229W,YCL032W,1.3783436614289712e-08
YDL229W,YJL170C,1.3195654291475734e-10
YDL229W,YDR179C,0.0032731660176068544
YDL229W,YBR095C,9.554147254675627e-05
YDL229W,YLL021W,3.2533330196482524e-11
YDL229W,YDL159W,1.5272063613736009e-09
YDL229W,YNL161W,2.165388757191522e-08
YDL229W,YNL188W,2.1733474742102743e-10
YDL229W,YJL157C,1.234871831456985e-07
YDL229W,YJL034W,2.0617663710702652e-17
YDL229W,YLR238W,1.51151766658586e-08
YDL229W,YPR141C,3.3894382855947924e-09
YDL229W,YNL127W,3.206454130122438e-05
YDL229W,YCL055W,6.61554966420474e-16
YDL229W,YPR122W,7.186195460917588e-08
YDL229W,YMR065W,4.216510696153364e-09
YDL229W,YDR356W,1.0864479316197162e-09
YDL229W,YMR052W,5.265541247467809e-08
YDL229W,YFR008W,5.817022383780568e-07
YDL229W,YLL043W,0.9277910590171814
YDL229W,YMR029C,1.27336979858228e-05
YDL229W,YJR004C,4.042586354557898e-08
YDL229W,YDL223C,5.684973433846274e-13
YDL229W,YHR158C,3.2718788789409814e-10
YDL229W,YGR238C,7.604836205210574e-10
YDL229W,YIL015W,3.1166123015680114e-09
YDL229W,YGL173C,1.2309821402229498e-13
YDL229W,YDL225W,1.8450845118422876e-07
YDL229W,YLR330W,1.1919279452321518e-10
YDL229W,YBR129C,1.2963957907174972e-08
YDL229W,YKR095W-A,0.2020167112350464
YDL229W,YPR075C,1.4527891778470803e-08
YDL229W,YMR198W,4.875287326622235e-11
YDL229W,YOR127W,2.4293415208376246e-06
YDL229W,YDR264C,6.831013754865847e-14
YDL229W,YLR110C,2.2562691732314066e-12
YDL229W,YDR379W,1.66663682854562e-10
YDL229W,YDL100C,7.192980433501361e-09
YDL229W,YHR073W,1.5172879841429676e-07
YDL229W,YJR090C,7.543567685655908e-14
YDL229W,YOR208W,6.785155619581928e-07
YDL229W,YBR040W,0.00010385748464614153
YDL229W,YNL279W,4.5780774371451116e-07
YDL229W,YER075C,0.09598851203918457
YDL229W,YCR089W,6.010225661157165e-06
YDL229W,YCR002C,3.1933660919167316e-15
YDL229W,YJL108C,1.886440622911323e-05
YDL229W,YBR200W,6.241284467023434e-08
YDL229W,YIL026C,3.146103100259978e-10
YDL229W,YJR076C,3.765245182307808e-08
YDL229W,YKR031C,5.354254426492844e-07
YDL229W,YPL192C,6.162399757148052e-11
YDL229W,YHR107C,6.084019901209103e-07
YDL229W,YIL037C,6.824672493799255e-10
YDL229W,YPL156C,4.3897728119191015e-07
YDL229W,YIL117C,7.937749124664606e-09
YDL229W,YHR066W,1.4994299861821436e-18
YDL229W,YML085C,0.0034472355619072914
YDL229W,YML047C,2.377126794017581e-11
YDL229W,YDR312W,1.8826251321768517e-12
YDL229W,YFL037W,1.4467325854639057e-05
YDL229W,YDL038C,0.2020167112350464
YDL229W,YDL039C,1.9952356433705631e-10
YDL229W,YCL027W,8.413730157030841e-09
YDL229W,YML124C,0.0012597631430253386
YDL229W,YGL053W,1.3911659602072746e-09
YDL229W,YMR232W,1.4323597419263479e-08
YDL229W,YNL298W,2.906377858380438e-06
YDL229W,YGL099W,5.056658203272946e-09
YDL229W,YBL016W,3.4665846582182525e-11
YDL229W,YAL041W,1.3910613461121102e-06
YDL229W,YDR085C,9.87849216471659e-06
YDL229W,YPL187W,1.5348961213135226e-08
YDL229W,YPL256C,1.5687916743445385e-08
YDL229W,YDR461W,9.191396423266149e-14
YDL229W,YNL145W,3.6373089869895514e-12
YNL248C,YDL165W,0.0006477429415099323
YNL248C,YGR059W,3.7114875794941327e-07
YNL248C,YBR109C,0.0005766364629380405
YNL248C,YJL080C,1.0100953886649222e-06
YNL248C,YCR093W,0.0015532566467300057
YNL248C,YIL122W,0.2925783693790436
YNL248C,YCL029C,1.3703503043416276e-07
YNL248C,YNL173C,0.0009833252988755703
YNL248C,YLR452C,0.21178026497364044
YNL248C,YDL160C,0.14393000304698944
YNL248C,YLR229C,1.0510143511055503e-06
YNL248C,YML057W,4.115099727641791e-08
YNL248C,YER149C,1.867600622063037e-05
YNL248C,YMR305C,0.0007439679466187954
YNL248C,YLR433C,0.44937053322792053
YNL248C,YJL073W,7.735099886996277e-12
YNL248C,YGR279C,0.0001122325993492268
YNL248C,YKL190W,0.00021717118215747178
YNL248C,YGL089C,0.19706013798713684
YNL248C,YJL019W,0.948491632938385
YNL248C,YJL018W,0.0001945161639014259
YNL248C,YNR032C-A,0.5503200888633728
YNL248C,YGL178W,0.016922010108828545
YNL248C,YKL116C,4.179278722139107e-13
YNL248C,YDL214C,0.243651881814003
YNL248C,YLR362W,8.822703989608272e-07
YNL248C,YER068W,1.114323922024596e-07
YNL248C,YHR084W,7.59805020007602e-14
YNL248C,YDR392W,6.390129783540033e-06
YNL248C,YNL053W,0.00031199262593872845
YNL248C,YGR040W,0.017777834087610245
YNL248C,YDL216C,0.0009028487838804722
YNL248C,YOL117W,8.623670737506473e-07
YNL248C,YJR086W,0.8773008584976196
YNL248C,YMR025W,0.9526971578598022
YNL248C,YBR081C,1.84381448775639e-07
YNL248C,YFL026W,0.0006576050654985011
YNL248C,YHL007C,2.1622767235385254e-05
YNL248C,YNR044W,0.000582662527449429
YNL248C,YNL271C,6.873542588436976e-06
YNL248C,YDR200C,2.8473136808315758e-06
YNL248C,YKL178C,0.9951569437980652
YNL248C,YOR212W,4.850723911431487e-08
YNL248C,YOL111C,5.5483097500044765e-15
YNL248C,YGL032C,1.8632473341995137e-10
YNL248C,YHR005C,0.9912770986557007
YNL248C,YDR103W,0.08948340266942978
YNL248C,YJR084W,0.013718131929636002
YNL248C,YCL032W,1.4323960385809187e-05
YNL248C,YJL170C,0.9998883008956909
YNL248C,YDR179C,2.128744736040744e-09
YNL248C,YBR095C,0.00013984607357997447
YNL248C,YLL021W,4.54787823400693e-06
YNL248C,YDL159W,3.2007230288400024e-07
YNL248C,YNL161W,0.00035815039882436395
YNL248C,YNL188W,3.556081651368004e-08
YNL248C,YJL157C,3.5345020243937597e-09
YNL248C,YJL034W,1.7471891988751764e-11
YNL248C,YLR238W,0.008317099884152412
YNL248C,YPR141C,0.002946872729808092
YNL248C,YNL127W,0.974453330039978
YNL248C,YCL055W,1.5907731949482695e-06
YNL248C,YPR122W,4.532766979536973e-06
YNL248C,YMR065W,0.13116179406642914
YNL248C,YDR356W,0.09652525186538696
YNL248C,YMR052W,0.6308316588401794
YNL248C,YFR008W,0.9957088232040405
YNL248C,YLL043W,0.7778812646865845
YNL248C,YMR029C,0.9060024619102478
YNL248C,YJR004C,7.991291568032466e-06
YNL248C,YDL223C,4.822578776469909e-19
YNL248C,YHR158C,0.7132564783096313
YNL248C,YGR238C,7.765915133184365e-10
YNL248C,YIL015W,0.011957988142967224
YNL248C,YGL173C,2.468514139764011e-05
YNL248C,YDL225W,2.582466731837485e-05
YNL248C,YLR330W,2.4784088115126224e-09
YNL248C,YBR129C,0.024629298597574234
YNL248C,YKR095W-A,0.2020167112350464
YNL248C,YPR075C,2.061862232949352e-06
YNL248C,YMR198W,5.502438398252707e-07
YNL248C,YOR127W,2.0375129679450765e-05
YNL248C,YDR264C,0.8098526000976562
YNL248C,YLR110C,4.143038677284494e-05
YNL248C,YDR379W,0.6704109311103821
YNL248C,YDL100C,0.0037556206807494164
YNL248C,YHR073W,1.0896837920881808e-06
YNL248C,YJR090C,2.471894022804122e-09
YNL248C,YOR208W,0.9663991928100586
YNL248C,YBR040W,1.2331001997267776e-08
YNL248C,YNL279W,2.2167130353523135e-09
YNL248C,YER075C,0.004350528586655855
YNL248C,YCR089W,1.1558903140196364e-11
YNL248C,YCR002C,0.056314535439014435
YNL248C,YJL108C,0.673649251461029
YNL248C,YBR200W,7.629932241570714e-09
YNL248C,YIL026C,2.344297911349713e-07
YNL248C,YJR076C,0.0008379470673389733
YNL248C,YKR031C,0.010281787253916264
YNL248C,YPL192C,5.579492423635202e-10
YNL248C,YHR107C,0.0060517797246575356
YNL248C,YIL037C,2.4040193238761276e-05
YNL248C,YPL156C,0.019845306873321533
YNL248C,YIL117C,0.6003643870353699
YNL248C,YHR066W,2.2364787972961597e-12
YNL248C,YML085C,8.771124798689911e-11
YNL248C,YML047C,0.10283426195383072
YNL248C,YDR312W,5.023815807803089e-10
YNL248C,YFL037W,0.00013575526827480644
YNL248C,YDL038C,0.2020167112350464
YNL248C,YDL039C,1.7381050554376998e-07
YNL248C,YCL027W,1.4384299618086516e-07
YNL248C,YML124C,1.7739392379621972e-14
YNL248C,YGL053W,0.0006098138983361423
YNL248C,YMR232W,9.922811295837164e-05
YNL248C,YNL298W,0.04639097675681114
YNL248C,YGL099W,9.80408754180928e-10
YNL248C,YBL016W,1.1799938738794868e-13
YNL248C,YAL041W,0.00027296278858557343
YNL248C,YDR085C,0.9512109756469727
YNL248C,YPL187W,0.5493666529655457
YNL248C,YPL256C,7.49606865468877e-09
YNL248C,YDR461W,7.013885583440072e-10
YNL248C,YNL145W,0.000332141004037112
YOL052C-A,YDL165W,2.621850002729187e-12
YOL052C-A,YGR059W,1.5009395636089717e-12
YOL052C-A,YBR109C,2.038846469076816e-05
YOL052C-A,YJL080C,8.058222145113092e-11
YOL052C-A,YCR093W,0.02720954827964306
YOL052C-A,YIL122W,0.01378436665982008
YOL052C-A,YCL029C,3.4436164857154505e-12
YOL052C-A,YNL173C,0.07446812838315964
YOL052C-A,YLR452C,1.4792575164790378e-08
YOL052C-A,YDL160C,8.543729927623644e-05
YOL052C-A,YLR229C,1.049854290613439e-06
YOL052C-A,YML057W,2.1263400640236796e-07
YOL052C-A,YER149C,0.00028334176749922335
YOL052C-A,YMR305C,3.81868365054161e-13
YOL052C-A,YLR433C,4.090127792011344e-09
YOL052C-A,YJL073W,4.286656007934653e-08
YOL052C-A,YGR279C,0.4668082594871521
YOL052C-A,YKL190W,1.0070328926303773e-06
YOL052C-A,YGL089C,0.003699425607919693
YOL052C-A,YJL019W,0.07022427767515182
YOL052C-A,YJL018W,0.2020167112350464
YOL052C-A,YNR032C-A,0.7373644709587097
YOL052C-A,YGL178W,2.8320966976025375e-06
YOL052C-A,YKL116C,3.579337999326526e-07
YOL052C-A,YDL214C,0.8596449494361877
YOL052C-A,YLR362W,0.018104616552591324
YOL052C-A,YER068W,3.2636372770955546e-11
YOL052C-A,YHR084W,2.3145027561177756e-12
YOL052C-A,YDR392W,3.964437667036691e-07
YOL052C-A,YNL053W,2.335886165383272e-05
YOL052C-A,YGR040W,6.025055654390599e-08
YOL052C-A,YDL216C,1.0787190149130765e-05
YOL052C-A,YOL117W,9.4434299171553e-06
YOL052C-A,YJR086W,0.003018610877916217
YOL052C-A,YMR025W,0.9580405950546265
YOL052C-A,YBR081C,0.0006848063785582781
YOL052C-A,YFL026W,1.5262715136882266e-13
YOL052C-A,YHL007C,6.503671841524838e-13
YOL052C-A,YNR044W,1.893563603516668e-05
YOL052C-A,YNL271C,0.0004324803303461522
YOL052C-A,YDR200C,9.835711352934595e-06
YOL052C-A,YKL178C,9.752508844940166e-08
YOL052C-A,YOR212W,3.922410261294264e-16
YOL052C-A,YOL111C,8.833938025532007e-10
YOL052C-A,YGL032C,5.187670293338442e-10
YOL052C-A,YHR005C,2.166444107443155e-10
YOL052C-A,YDR103W,0.12846507132053375
YOL052C-A,YJR084W,8.588528515761015e-14
YOL052C-A,YCL032W,3.444185949774692e-07
YOL052C-A,YJL170C,3.093064970816073e-10
YOL052C-A,YDR179C,0.18352630734443665
YOL052C-A,YBR095C,1.2205574329016144e-09
YOL052C-A,YLL021W,5.904799219025314e-13
YOL052C-A,YDL159W,9.19464226978306e-10
YOL052C-A,YNL161W,0.8549911379814148
YOL052C-A,YNL188W,6.9877312824928595e-09
YOL052C-A,YJL157C,3.271536711210912e-17
YOL052C-A,YJL034W,1.375446510465015e-16
YOL052C-A,YLR238W,9.340936230728403e-06
YOL052C-A,YPR141C,3.990157163014096e-12
YOL052C-A,YNL127W,0.05274883285164833
YOL052C-A,YCL055W,5.706212391487497e-09
YOL052C-A,YPR122W,8.028712805696614e-09
YOL052C-A,YMR065W,5.544127379408792e-09
YOL052C-A,YDR356W,3.173024015268311e-05
YOL052C-A,YMR052W,8.886229529991851e-09
YOL052C-A,YFR008W,3.445577989591442e-10
YOL052C-A,YLL043W,0.7995947599411011
YOL052C-A,YMR029C,1.9375913325347938e-05
YOL052C-A,YJR004C,0.0007334435358643532
YOL052C-A,YDL223C,3.905288758687675e-05
YOL052C-A,YHR158C,9.019527880127498e-08
YOL052C-A,YGR238C,6.20972578913026e-11
YOL052C-A,YIL015W,4.369835693296409e-08
YOL052C-A,YGL173C,6.336729256872786e-07
YOL052C-A,YDL225W,2.6139397313329482e-09
YOL052C-A,YLR330W,0.0026093879714608192
YOL052C-A,YBR129C,4.147883828409249e-06
YOL052C-A,YKR095W-A,0.2020167112350464
YOL052C-A,YPR075C,5.7705939980223775e-05
YOL052C-A,YMR198W,1.0744362270997954e-06
YOL052C-A,YOR127W,2.150348565876925e-09
YOL052C-A,YDR264C,1.2150958017542735e-10
YOL052C-A,YLR110C,2.3818944328013458e-07
YOL052C-A,YDR379W,4.2294365232287134e-10
YOL052C-A,YDL100C,8.332508372177472e-08
YOL052C-A,YHR073W,0.00968323927372694
YOL052C-A,YJR090C,2.209182667911591e-07
YOL052C-A,YOR208W,1.7720143061228377e-11
YOL052C-A,YBR040W,9.201095281241578e-07
YOL052C-A,YNL279W,2.1086856705210266e-08
YOL052C-A,YER075C,0.12221270799636841
YOL052C-A,YCR089W,0.13741949200630188
YOL052C-A,YCR002C,4.769717398822593e-10
YOL052C-A,YJL108C,1.793837837603049e-13
YOL052C-A,YBR200W,0.07780632376670837
YOL052C-A,YIL026C,1.6317230899787205e-09
YOL052C-A,YJR076C,3.410406679282829e-11
YOL052C-A,YKR031C,7.928163540782407e-05
YOL052C-A,YPL192C,0.01580762304365635
YOL052C-A,YHR107C,5.810241532344662e-08
YOL052C-A,YIL037C,0.9489699602127075
YOL052C-A,YPL156C,0.00028672118787653744
YOL052C-A,YIL117C,3.939000681185689e-09
YOL052C-A,YHR066W,1.0328376608831347e-12
YOL052C-A,YML085C,1.0276036022105473e-07
YOL052C-A,YML047C,0.9937397241592407
YOL052C-A,YDR312W,5.670995051332284e-07
YOL052C-A,YFL037W,4.200530767661803e-08
YOL052C-A,YDL038C,0.2020167112350464
YOL052C-A,YDL039C,1.700225626954932e-09
YOL052C-A,YCL027W,1.5586857671223697e-07
YOL052C-A,YML124C,4.552975618049571e-12
YOL052C-A,YGL053W,1.8628002786125197e-13
YOL052C-A,YMR232W,1.5144593817240093e-05
YOL052C-A,YNL298W,0.0036563826724886894
YOL052C-A,YGL099W,1.0385465672329056e-16
YOL052C-A,YBL016W,0.006669749040156603
YOL052C-A,YAL041W,0.09353484213352203
YOL052C-A,YDR085C,4.898333294534041e-09
YOL052C-A,YPL187W,5.361993515862196e-09
YOL052C-A,YPL256C,3.837906034642735e-11
YOL052C-A,YDR461W,6.48390100833375e-14
YOL052C-A,YNL145W,1.7877553545986302e-05
YMR140W,YDL165W,4.78613451093679e-08
YMR140W,YGR059W,5.2987587650932255e-08
YMR140W,YBR109C,5.435678018805845e-10
YMR140W,YJL080C,0.9843897223472595
YMR140W,YCR093W,5.4676702347933315e-06
YMR140W,YIL122W,4.2021735424668805e-08
YMR140W,YCL029C,1.461369680865257e-14
YMR140W,YNL173C,6.000793750793321e-10
YMR140W,YLR452C,1.260669506564227e-07
YMR140W,YDL160C,4.084982130336812e-09
YMR140W,YLR229C,0.00034701134427450597
YMR140W,YML057W,1.0759517192135415e-12
YMR140W,YER149C,0.4905957281589508
YMR140W,YMR305C,0.9995689988136292
YMR140W,YLR433C,1.3829707313561812e-05
YMR140W,YJL073W,1.0294872322246656e-14
YMR140W,YGR279C,3.274781192885712e-06
YMR140W,YKL190W,0.016415392979979515
YMR140W,YGL089C,0.034791961312294006
YMR140W,YJL019W,0.00047512369928881526
YMR140W,YJL018W,0.0006256597116589546
YMR140W,YNR032C-A,0.1769445538520813
YMR140W,YGL178W,0.0029369674157351255
YMR140W,YKL116C,0.0015771465841680765
YMR140W,YDL214C,0.10589132457971573
YMR140W,YLR362W,1.0215980950079029e-07
YMR140W,YER068W,9.248291910068929e-09
YMR140W,YHR084W,1.1264290281781664e-12
YMR140W,YDR392W,3.09464894598932e-06
YMR140W,YNL053W,0.9962105751037598
YMR140W,YGR040W,1.5411391984798684e-07
YMR140W,YDL216C,0.00414562551304698
YMR140W,YOL117W,8.552492403168799e-08
YMR140W,YJR086W,5.4386287473562334e-08
YMR140W,YMR025W,1.0022348760685418e-05
YMR140W,YBR081C,1.2698753835138632e-06
YMR140W,YFL026W,0.8400161862373352
YMR140W,YHL007C,6.139252218417823e-05
YMR140W,YNR044W,0.00014974072109907866
YMR140W,YNL271C,0.00036678233300335705
YMR140W,YDR200C,1.153074117610231e-05
YMR140W,YKL178C,6.730613790750795e-07
YMR140W,YOR212W,0.0030383609700948
YMR140W,YOL111C,5.657899929817356e-12
YMR140W,YGL032C,0.0002577118866611272
YMR140W,YHR005C,5.4026180862365436e-08
YMR140W,YDR103W,0.009710916317999363
YMR140W,YJR084W,3.5023856644750273e-12
YMR140W,YCL032W,9.154922736342996e-06
YMR140W,YJL170C,1.6200721120185335e-07
YMR140W,YDR179C,2.2945897569168205e-13
YMR140W,YBR095C,0.01174494344741106
YMR140W,YLL021W,0.9985893368721008
YMR140W,YDL159W,2.2332905302846484e-08
YMR140W,YNL161W,0.9941523671150208
YMR140W,YNL188W,4.153018207109227e-12
YMR140W,YJL157C,3.022446719569416e-07
YMR140W,YJL034W,2.921609343342624e-10
YMR140W,YLR238W,4.6482031734740303e-07
YMR140W,YPR141C,4.160606081882179e-08
YMR140W,YNL127W,0.9933527708053589
YMR140W,YCL055W,2.713488100880568e-09
YMR140W,YPR122W,1.0722738252866293e-09
YMR140W,YMR065W,5.496057383425068e-06
YMR140W,YDR356W,7.567317328316392e-10
YMR140W,YMR052W,0.0008677597506903112
YMR140W,YFR008W,1.517114469606895e-07
YMR140W,YLL043W,0.15542009472846985
YMR140W,YMR029C,2.3252283345293057e-12
YMR140W,YJR004C,1.3030835077643133e-07
YMR140W,YDL223C,2.3217096647987212e-12
YMR140W,YHR158C,6.246708608159679e-07
YMR140W,YGR238C,3.656076160041266e-06
YMR140W,YIL015W,0.06600647419691086
YMR140W,YGL173C,0.004673155955970287
YMR140W,YDL225W,0.0006244470714591444
YMR140W,YLR330W,9.5300221707173e-13
YMR140W,YBR129C,8.948791219154373e-08
YMR140W,YKR095W-A,0.2020167112350464
YMR140W,YPR075C,0.04697633534669876
YMR140W,YMR198W,1.6274354493361898e-05
YMR140W,YOR127W,0.00011372912558726966
YMR140W,YDR264C,4.857175736106001e-05
YMR140W,YLR110C,2.1670389287464786e-06
YMR140W,YDR379W,0.00019217967928852886
YMR140W,YDL100C,9.160181070910767e-05
YMR140W,YHR073W,4.5466800656868145e-05
YMR140W,YJR090C,5.5964788359119666e-11
YMR140W,YOR208W,1.2389759831421543e-05
YMR140W,YBR040W,2.806687859902013e-08
YMR140W,YNL279W,0.039396125823259354
YMR140W,YER075C,0.1025504395365715
YMR140W,YCR089W,0.3149978816509247
YMR140W,YCR002C,8.764097003677307e-08
YMR140W,YJL108C,0.00011054379137931392
YMR140W,YBR200W,4.491216010205079e-10
YMR140W,YIL026C,2.0967099584323634e-12
YMR140W,YJR076C,9.013458475237712e-05
YMR140W,YKR031C,0.8596869707107544
YMR140W,YPL192C,0.02220040187239647
YMR140W,YHR107C,2.5354402168886736e-05
YMR140W,YIL037C,0.9999802112579346
YMR140W,YPL156C,0.035166721791028976
YMR140W,YIL117C,0.5189180374145508
YMR140W,YHR066W,1.7610743483654495e-18
YMR140W,YML085C,2.8341178222035524e-06
YMR140W,YML047C,1.9874323697877117e-06
YMR140W,YDR312W,4.398619068979315e-07
YMR140W,YFL037W,0.29453369975090027
YMR140W,YDL038C,0.2020167112350464
YMR140W,YDL039C,8.259254283098094e-14
YMR140W,YCL027W,0.0007617003284394741
YMR140W,YML124C,0.06287570297718048
YMR140W,YGL053W,4.518838611405809e-15
YMR140W,YMR232W,0.051712311804294586
YMR140W,YNL298W,0.7075905799865723
YMR140W,YGL099W,9.172042337013409e-05
YMR140W,YBL016W,7.115582789651853e-09
YMR140W,YAL041W,0.03357165679335594
YMR140W,YDR085C,3.4409092108944606e-07
YMR140W,YPL187W,6.538158459079568e-07
YMR140W,YPL256C,0.8821350932121277
YMR140W,YDR461W,2.3322463751918043e-12
YMR140W,YNL145W,1.379965937076122e-07
tA(UGC)Q,YDL165W,0.2020167112350464
tA(UGC)Q,YGR059W,0.2020167112350464
tA(UGC)Q,YBR109C,0.2020167112350464
tA(UGC)Q,YJL080C,0.2020167112350464
tA(UGC)Q,YCR093W,0.2020167112350464
tA(UGC)Q,YIL122W,0.2020167112350464
tA(UGC)Q,YCL029C,0.2020167112350464
tA(UGC)Q,YNL173C,0.2020167112350464
tA(UGC)Q,YLR452C,0.2020167112350464
tA(UGC)Q,YDL160C,0.2020167112350464
tA(UGC)Q,YLR229C,0.2020167112350464
tA(UGC)Q,YML057W,0.2020167112350464
tA(UGC)Q,YER149C,0.2020167112350464
tA(UGC)Q,YMR305C,0.2020167112350464
tA(UGC)Q,YLR433C,0.2020167112350464
tA(UGC)Q,YJL073W,0.2020167112350464
tA(UGC)Q,YGR279C,0.2020167112350464
tA(UGC)Q,YKL190W,0.2020167112350464
tA(UGC)Q,YGL089C,0.2020167112350464
tA(UGC)Q,YJL019W,0.2020167112350464
tA(UGC)Q,YJL018W,0.2020167112350464
tA(UGC)Q,YNR032C-A,0.2020167112350464
tA(UGC)Q,YGL178W,0.2020167112350464
tA(UGC)Q,YKL116C,0.2020167112350464
tA(UGC)Q,YDL214C,0.2020167112350464
tA(UGC)Q,YLR362W,0.2020167112350464
tA(UGC)Q,YER068W,0.2020167112350464
tA(UGC)Q,YHR084W,0.2020167112350464
tA(UGC)Q,YDR392W,0.2020167112350464
tA(UGC)Q,YNL053W,0.2020167112350464
tA(UGC)Q,YGR040W,0.2020167112350464
tA(UGC)Q,YDL216C,0.2020167112350464
tA(UGC)Q,YOL117W,0.2020167112350464
tA(UGC)Q,YJR086W,0.2020167112350464
tA(UGC)Q,YMR025W,0.2020167112350464
tA(UGC)Q,YBR081C,0.2020167112350464
tA(UGC)Q,YFL026W,0.2020167112350464
tA(UGC)Q,YHL007C,0.2020167112350464
tA(UGC)Q,YNR044W,0.2020167112350464
tA(UGC)Q,YNL271C,0.2020167112350464
tA(UGC)Q,YDR200C,0.2020167112350464
tA(UGC)Q,YKL178C,0.2020167112350464
tA(UGC)Q,YOR212W,0.2020167112350464
tA(UGC)Q,YOL111C,0.2020167112350464
tA(UGC)Q,YGL032C,0.2020167112350464
tA(UGC)Q,YHR005C,0.2020167112350464
tA(UGC)Q,YDR103W,0.2020167112350464
tA(UGC)Q,YJR084W,0.2020167112350464
tA(UGC)Q,YCL032W,0.2020167112350464
tA(UGC)Q,YJL170C,0.2020167112350464
tA(UGC)Q,YDR179C,0.2020167112350464
tA(UGC)Q,YBR095C,0.2020167112350464
tA(UGC)Q,YLL021W,0.2020167112350464
tA(UGC)Q,YDL159W,0.2020167112350464
tA(UGC)Q,YNL161W,0.2020167112350464
tA(UGC)Q,YNL188W,0.2020167112350464
tA(UGC)Q,YJL157C,0.2020167112350464
tA(UGC)Q,YJL034W,0.2020167112350464
tA(UGC)Q,YLR238W,0.2020167112350464
tA(UGC)Q,YPR141C,0.2020167112350464
tA(UGC)Q,YNL127W,0.2020167112350464
tA(UGC)Q,YCL055W,0.2020167112350464
tA(UGC)Q,YPR122W,0.2020167112350464
tA(UGC)Q,YMR065W,0.2020167112350464
tA(UGC)Q,YDR356W,0.2020167112350464
tA(UGC)Q,YMR052W,0.2020167112350464
tA(UGC)Q,YFR008W,0.2020167112350464
tA(UGC)Q,YLL043W,0.2020167112350464
tA(UGC)Q,YMR029C,0.2020167112350464
tA(UGC)Q,YJR004C,0.2020167112350464
tA(UGC)Q,YDL223C,0.2020167112350464
tA(UGC)Q,YHR158C,0.2020167112350464
tA(UGC)Q,YGR238C,0.2020167112350464
tA(UGC)Q,YIL015W,0.2020167112350464
tA(UGC)Q,YGL173C,0.2020167112350464
tA(UGC)Q,YDL225W,0.2020167112350464
tA(UGC)Q,YLR330W,0.2020167112350464
tA(UGC)Q,YBR129C,0.2020167112350464
tA(UGC)Q,YKR095W-A,0.2020167112350464
tA(UGC)Q,YPR075C,0.2020167112350464
tA(UGC)Q,YMR198W,0.2020167112350464
tA(UGC)Q,YOR127W,0.2020167112350464
tA(UGC)Q,YDR264C,0.2020167112350464
tA(UGC)Q,YLR110C,0.2020167112350464
tA(UGC)Q,YDR379W,0.2020167112350464
tA(UGC)Q,YDL100C,0.2020167112350464
tA(UGC)Q,YHR073W,0.2020167112350464
tA(UGC)Q,YJR090C,0.2020167112350464
tA(UGC)Q,YOR208W,0.2020167112350464
tA(UGC)Q,YBR040W,0.2020167112350464
tA(UGC)Q,YNL279W,0.2020167112350464
tA(UGC)Q,YER075C,0.2020167112350464
tA(UGC)Q,YCR089W,0.2020167112350464
tA(UGC)Q,YCR002C,0.2020167112350464
tA(UGC)Q,YJL108C,0.2020167112350464
tA(UGC)Q,YBR200W,0.2020167112350464
tA(UGC)Q,YIL026C,0.2020167112350464
tA(UGC)Q,YJR076C,0.2020167112350464
tA(UGC)Q,YKR031C,0.2020167112350464
tA(UGC)Q,YPL192C,0.2020167112350464
tA(UGC)Q,YHR107C,0.2020167112350464
tA(UGC)Q,YIL037C,0.2020167112350464
tA(UGC)Q,YPL156C,0.2020167112350464
tA(UGC)Q,YIL117C,0.2020167112350464
tA(UGC)Q,YHR066W,0.2020167112350464
tA(UGC)Q,YML085C,0.2020167112350464
tA(UGC)Q,YML047C,0.2020167112350464
tA(UGC)Q,YDR312W,0.2020167112350464
tA(UGC)Q,YFL037W,0.2020167112350464
tA(UGC)Q,YDL038C,0.2020167112350464
tA(UGC)Q,YDL039C,0.2020167112350464
tA(UGC)Q,YCL027W,0.2020167112350464
tA(UGC)Q,YML124C,0.2020167112350464
tA(UGC)Q,YGL053W,0.2020167112350464
tA(UGC)Q,YMR232W,0.2020167112350464
tA(UGC)Q,YNL298W,0.2020167112350464
tA(UGC)Q,YGL099W,0.2020167112350464
tA(UGC)Q,YBL016W,0.2020167112350464
tA(UGC)Q,YAL041W,0.2020167112350464
tA(UGC)Q,YDR085C,0.2020167112350464
tA(UGC)Q,YPL187W,0.2020167112350464
tA(UGC)Q,YPL256C,0.2020167112350464
tA(UGC)Q,YDR461W,0.2020167112350464
tA(UGC)Q,YNL145W,0.2020167112350464
tG(GCC)G2,YDL165W,0.2020167112350464
tG(GCC)G2,YGR059W,0.2020167112350464
tG(GCC)G2,YBR109C,0.2020167112350464
tG(GCC)G2,YJL080C,0.2020167112350464
tG(GCC)G2,YCR093W,0.2020167112350464
tG(GCC)G2,YIL122W,0.2020167112350464
tG(GCC)G2,YCL029C,0.2020167112350464
tG(GCC)G2,YNL173C,0.2020167112350464
tG(GCC)G2,YLR452C,0.2020167112350464
tG(GCC)G2,YDL160C,0.2020167112350464
tG(GCC)G2,YLR229C,0.2020167112350464
tG(GCC)G2,YML057W,0.2020167112350464
tG(GCC)G2,YER149C,0.2020167112350464
tG(GCC)G2,YMR305C,0.2020167112350464
tG(GCC)G2,YLR433C,0.2020167112350464
tG(GCC)G2,YJL073W,0.2020167112350464
tG(GCC)G2,YGR279C,0.2020167112350464
tG(GCC)G2,YKL190W,0.2020167112350464
tG(GCC)G2,YGL089C,0.2020167112350464
tG(GCC)G2,YJL019W,0.2020167112350464
tG(GCC)G2,YJL018W,0.2020167112350464
tG(GCC)G2,YNR032C-A,0.2020167112350464
tG(GCC)G2,YGL178W,0.2020167112350464
tG(GCC)G2,YKL116C,0.2020167112350464
tG(GCC)G2,YDL214C,0.2020167112350464
tG(GCC)G2,YLR362W,0.2020167112350464
tG(GCC)G2,YER068W,0.2020167112350464
tG(GCC)G2,YHR084W,0.2020167112350464
tG(GCC)G2,YDR392W,0.2020167112350464
tG(GCC)G2,YNL053W,0.2020167112350464
tG(GCC)G2,YGR040W,0.2020167112350464
tG(GCC)G2,YDL216C,0.2020167112350464
tG(GCC)G2,YOL117W,0.2020167112350464
tG(GCC)G2,YJR086W,0.2020167112350464
tG(GCC)G2,YMR025W,0.2020167112350464
tG(GCC)G2,YBR081C,0.2020167112350464
tG(GCC)G2,YFL026W,0.2020167112350464
tG(GCC)G2,YHL007C,0.2020167112350464
tG(GCC)G2,YNR044W,0.2020167112350464
tG(GCC)G2,YNL271C,0.2020167112350464
tG(GCC)G2,YDR200C,0.2020167112350464
tG(GCC)G2,YKL178C,0.2020167112350464
tG(GCC)G2,YOR212W,0.2020167112350464
tG(GCC)G2,YOL111C,0.2020167112350464
tG(GCC)G2,YGL032C,0.2020167112350464
tG(GCC)G2,YHR005C,0.2020167112350464
tG(GCC)G2,YDR103W,0.2020167112350464
tG(GCC)G2,YJR084W,0.2020167112350464
tG(GCC)G2,YCL032W,0.2020167112350464
tG(GCC)G2,YJL170C,0.2020167112350464
tG(GCC)G2,YDR179C,0.2020167112350464
tG(GCC)G2,YBR095C,0.2020167112350464
tG(GCC)G2,YLL021W,0.2020167112350464
tG(GCC)G2,YDL159W,0.2020167112350464
tG(GCC)G2,YNL161W,0.2020167112350464
tG(GCC)G2,YNL188W,0.2020167112350464
tG(GCC)G2,YJL157C,0.2020167112350464
tG(GCC)G2,YJL034W,0.2020167112350464
tG(GCC)G2,YLR238W,0.2020167112350464
tG(GCC)G2,YPR141C,0.2020167112350464
tG(GCC)G2,YNL127W,0.2020167112350464
tG(GCC)G2,YCL055W,0.2020167112350464
tG(GCC)G2,YPR122W,0.2020167112350464
tG(GCC)G2,YMR065W,0.2020167112350464
tG(GCC)G2,YDR356W,0.2020167112350464
tG(GCC)G2,YMR052W,0.2020167112350464
tG(GCC)G2,YFR008W,0.2020167112350464
tG(GCC)G2,YLL043W,0.2020167112350464
tG(GCC)G2,YMR029C,0.2020167112350464
tG(GCC)G2,YJR004C,0.2020167112350464
tG(GCC)G2,YDL223C,0.2020167112350464
tG(GCC)G2,YHR158C,0.2020167112350464
tG(GCC)G2,YGR238C,0.2020167112350464
tG(GCC)G2,YIL015W,0.2020167112350464
tG(GCC)G2,YGL173C,0.2020167112350464
tG(GCC)G2,YDL225W,0.2020167112350464
tG(GCC)G2,YLR330W,0.2020167112350464
tG(GCC)G2,YBR129C,0.2020167112350464
tG(GCC)G2,YKR095W-A,0.2020167112350464
tG(GCC)G2,YPR075C,0.2020167112350464
tG(GCC)G2,YMR198W,0.2020167112350464
tG(GCC)G2,YOR127W,0.2020167112350464
tG(GCC)G2,YDR264C,0.2020167112350464
tG(GCC)G2,YLR110C,0.2020167112350464
tG(GCC)G2,YDR379W,0.2020167112350464
tG(GCC)G2,YDL100C,0.2020167112350464
tG(GCC)G2,YHR073W,0.2020167112350464
tG(GCC)G2,YJR090C,0.2020167112350464
tG(GCC)G2,YOR208W,0.2020167112350464
tG(GCC)G2,YBR040W,0.2020167112350464
tG(GCC)G2,YNL279W,0.2020167112350464
tG(GCC)G2,YER075C,0.2020167112350464
tG(GCC)G2,YCR089W,0.2020167112350464
tG(GCC)G2,YCR002C,0.2020167112350464
tG(GCC)G2,YJL108C,0.2020167112350464
tG(GCC)G2,YBR200W,0.2020167112350464
tG(GCC)G2,YIL026C,0.2020167112350464
tG(GCC)G2,YJR076C,0.2020167112350464
tG(GCC)G2,YKR031C,0.2020167112350464
tG(GCC)G2,YPL192C,0.2020167112350464
tG(GCC)G2,YHR107C,0.2020167112350464
tG(GCC)G2,YIL037C,0.2020167112350464
tG(GCC)G2,YPL156C,0.2020167112350464
tG(GCC)G2,YIL117C,0.2020167112350464
tG(GCC)G2,YHR066W,0.2020167112350464
tG(GCC)G2,YML085C,0.2020167112350464
tG(GCC)G2,YML047C,0.2020167112350464
tG(GCC)G2,YDR312W,0.2020167112350464
tG(GCC)G2,YFL037W,0.2020167112350464
tG(GCC)G2,YDL038C,0.2020167112350464
tG(GCC)G2,YDL039C,0.2020167112350464
tG(GCC)G2,YCL027W,0.2020167112350464
tG(GCC)G2,YML124C,0.2020167112350464
tG(GCC)G2,YGL053W,0.2020167112350464
tG(GCC)G2,YMR232W,0.2020167112350464
tG(GCC)G2,YNL298W,0.2020167112350464
tG(GCC)G2,YGL099W,0.2020167112350464
tG(GCC)G2,YBL016W,0.2020167112350464
tG(GCC)G2,YAL041W,0.2020167112350464
tG(GCC)G2,YDR085C,0.2020167112350464
tG(GCC)G2,YPL187W,0.2020167112350464
tG(GCC)G2,YPL256C,0.2020167112350464
tG(GCC)G2,YDR461W,0.2020167112350464
tG(GCC)G2,YNL145W,0.2020167112350464
YDR214W,YDL165W,3.625688291264417e-11
YDR214W,YGR059W,0.0001329177903244272
YDR214W,YBR109C,0.021863235160708427
YDR214W,YJL080C,4.444666320976456e-19
YDR214W,YCR093W,0.00043178439955227077
YDR214W,YIL122W,0.9018856287002563
YDR214W,YCL029C,3.585430216612728e-11
YDR214W,YNL173C,2.8347068692369248e-08
YDR214W,YLR452C,3.1227931351907046e-10
YDR214W,YDL160C,1.073995337108613e-09
YDR214W,YLR229C,1.2598802641150542e-06
YDR214W,YML057W,4.482065833144588e-06
YDR214W,YER149C,5.6600492825964466e-06
YDR214W,YMR305C,1.0937208916317331e-09
YDR214W,YLR433C,1.3992627145853476e-06
YDR214W,YJL073W,0.0009726161952130497
YDR214W,YGR279C,1.8970860438116688e-09
YDR214W,YKL190W,0.002411426045000553
YDR214W,YGL089C,8.232585059886333e-06
YDR214W,YJL019W,8.651870302855968e-05
YDR214W,YJL018W,0.0023722415789961815
YDR214W,YNR032C-A,0.9892529845237732
YDR214W,YGL178W,0.0004946883418597281
YDR214W,YKL116C,3.1017004936684245e-11
YDR214W,YDL214C,1.2201469417050248e-06
YDR214W,YLR362W,7.762432440223185e-18
YDR214W,YER068W,9.362953121150319e-12
YDR214W,YHR084W,3.2871896021434855e-15
YDR214W,YDR392W,4.3934164750680793e-07
YDR214W,YNL053W,8.421073289355263e-05
YDR214W,YGR040W,0.118401899933815
YDR214W,YDL216C,1.2046823485434288e-06
YDR214W,YOL117W,1.1129772303775098e-07
YDR214W,YJR086W,6.999064225965412e-07
YDR214W,YMR025W,0.00012077637802576646
YDR214W,YBR081C,8.701709703018423e-06
YDR214W,YFL026W,2.6323979909648187e-05
YDR214W,YHL007C,1.4191359025417238e-11
YDR214W,YNR044W,1.21289955856696e-08
YDR214W,YNL271C,2.4680980814650866e-08
YDR214W,YDR200C,0.00013162801042199135
YDR214W,YKL178C,4.085214758316869e-17
YDR214W,YOR212W,2.300077734204058e-15
YDR214W,YOL111C,0.44679611921310425
YDR214W,YGL032C,6.396095386662637e-08
YDR214W,YHR005C,0.00018737064965534955
YDR214W,YDR103W,6.364588216456468e-07
YDR214W,YJR084W,5.443327609100379e-05
YDR214W,YCL032W,5.3709998610429466e-05
YDR214W,YJL170C,3.7323616197681986e-08
YDR214W,YDR179C,4.8324213963724105e-08
YDR214W,YBR095C,4.1449987975283875e-07
YDR214W,YLL021W,6.504561835983177e-14
YDR214W,YDL159W,3.516535631073849e-16
YDR214W,YNL161W,1.7003341667987115e-07
YDR214W,YNL188W,0.0012027800548821688
YDR214W,YJL157C,1.8351957106754746e-11
YDR214W,YJL034W,2.3193642562091554e-08
YDR214W,YLR238W,2.835205507867311e-11
YDR214W,YPR141C,0.022997615858912468
YDR214W,YNL127W,4.980899581674691e-10
YDR214W,YCL055W,7.540152324736482e-08
YDR214W,YPR122W,0.00014751669368706644
YDR214W,YMR065W,6.5300409914925694e-06
YDR214W,YDR356W,1.3471148463395366e-07
YDR214W,YMR052W,0.2548316717147827
YDR214W,YFR008W,3.650528230397798e-12
YDR214W,YLL043W,2.3034059035142995e-11
YDR214W,YMR029C,0.0013447507517412305
YDR214W,YJR004C,5.368337224354036e-05
YDR214W,YDL223C,0.00018467007612343878
YDR214W,YHR158C,2.0031833969369472e-09
YDR214W,YGR238C,0.0018115306738764048
YDR214W,YIL015W,1.165746965625658e-08
YDR214W,YGL173C,0.00013460099580697715
YDR214W,YDL225W,3.575519613718825e-08
YDR214W,YLR330W,1.390179882321263e-08
YDR214W,YBR129C,5.556968663000816e-09
YDR214W,YKR095W-A,0.2020167112350464
YDR214W,YPR075C,0.00030182566842995584
YDR214W,YMR198W,2.319695650843112e-12
YDR214W,YOR127W,2.881867411375083e-09
YDR214W,YDR264C,1.3243554519704048e-07
YDR214W,YLR110C,0.00017582098371349275
YDR214W,YDR379W,2.497410456214766e-08
YDR214W,YDL100C,2.60251490497021e-11
YDR214W,YHR073W,2.089285011663833e-08
YDR214W,YJR090C,9.83191528192151e-10
YDR214W,YOR208W,0.00032253304379992187
YDR214W,YBR040W,0.6287896037101746
YDR214W,YNL279W,1.2989408160191118e-11
YDR214W,YER075C,3.396383434911554e-12
YDR214W,YCR089W,1.3009554544751722e-09
YDR214W,YCR002C,4.159879972576164e-05
YDR214W,YJL108C,1.6159992455300198e-08
YDR214W,YBR200W,3.435811357643814e-11
YDR214W,YIL026C,0.0509168840944767
YDR214W,YJR076C,0.010520058684051037
YDR214W,YKR031C,2.6294131802440113e-11
YDR214W,YPL192C,3.4025808837157e-09
YDR214W,YHR107C,8.068981514952611e-06
YDR214W,YIL037C,9.574447176419199e-06
YDR214W,YPL156C,0.004104731138795614
YDR214W,YIL117C,4.8510663930301234e-08
YDR214W,YHR066W,1.356142269608087e-14
YDR214W,YML085C,2.35224173472659e-09
YDR214W,YML047C,1.0178841103325453e-09
YDR214W,YDR312W,2.8085805903188543e-10
YDR214W,YFL037W,2.344913000752735e-13
YDR214W,YDL038C,0.2020167112350464
YDR214W,YDL039C,2.1643164183837718e-18
YDR214W,YCL027W,9.597987959963916e-10
YDR214W,YML124C,8.318148502439726e-06
YDR214W,YGL053W,2.2716092644259334e-05
YDR214W,YMR232W,3.106602264324465e-07
YDR214W,YNL298W,7.394792919512838e-05
YDR214W,YGL099W,1.4766633050644886e-24
YDR214W,YBL016W,1.781632480435391e-11
YDR214W,YAL041W,0.0009092265972867608
YDR214W,YDR085C,7.095659238127994e-13
YDR214W,YPL187W,3.2574342185398564e-05
YDR214W,YPL256C,9.437867848349768e-11
YDR214W,YDR461W,1.822992277966673e-11
YDR214W,YNL145W,5.304604818552258e-15
YJL068C,YDL165W,0.057908929884433746
YJL068C,YGR059W,3.393183733990668e-09
YJL068C,YBR109C,1.15862408556211e-09
YJL068C,YJL080C,4.449878243661942e-10
YJL068C,YCR093W,1.6672078345436603e-05
YJL068C,YIL122W,0.00030994758708402514
YJL068C,YCL029C,5.827569676819522e-11
YJL068C,YNL173C,0.004191858693957329
YJL068C,YLR452C,8.607063087424927e-13
YJL068C,YDL160C,1.2909118218829008e-10
YJL068C,YLR229C,1.1751708433631408e-18
YJL068C,YML057W,2.0188161242002366e-14
YJL068C,YER149C,5.192154484134903e-10
YJL068C,YMR305C,1.3027238792914786e-12
YJL068C,YLR433C,1.0974895471582702e-11
YJL068C,YJL073W,2.0299956377325956e-13
YJL068C,YGR279C,0.984055757522583
YJL068C,YKL190W,8.594510103598907e-10
YJL068C,YGL089C,4.6319861141119745e-11
YJL068C,YJL019W,0.004428493790328503
YJL068C,YJL018W,0.05675532668828964
YJL068C,YNR032C-A,4.198342503514141e-05
YJL068C,YGL178W,1.4590622932075803e-08
YJL068C,YKL116C,1.1450590475803324e-11
YJL068C,YDL214C,0.07120984047651291
YJL068C,YLR362W,9.605897079526213e-18
YJL068C,YER068W,1.2723635336442385e-05
YJL068C,YHR084W,1.2513950413287154e-14
YJL068C,YDR392W,2.4092832763555894e-12
YJL068C,YNL053W,7.337350171887635e-10
YJL068C,YGR040W,5.6596932154207025e-06
YJL068C,YDL216C,0.003636416979134083
YJL068C,YOL117W,1.269036005169255e-07
YJL068C,YJR086W,3.975329036620678e-06
YJL068C,YMR025W,6.091171599109657e-05
YJL068C,YBR081C,2.325240423383529e-13
YJL068C,YFL026W,9.253399184672162e-06
YJL068C,YHL007C,1.804580790354393e-11
YJL068C,YNR044W,0.8219601511955261
YJL068C,YNL271C,0.004445183556526899
YJL068C,YDR200C,4.134022903732118e-14
YJL068C,YKL178C,5.16928366778302e-08
YJL068C,YOR212W,6.801582951368457e-13
YJL068C,YOL111C,3.3743831409083214e-06
YJL068C,YGL032C,4.2730988886185983e-11
YJL068C,YHR005C,1.7824697806645418e-06
YJL068C,YDR103W,2.1759242357140968e-13
YJL068C,YJR084W,3.415899740843997e-08
YJL068C,YCL032W,4.728721414437587e-09
YJL068C,YJL170C,2.3093886178382483e-11
YJL068C,YDR179C,4.777633223055125e-16
YJL068C,YBR095C,1.6631062749183911e-07
YJL068C,YLL021W,1.1084963479621786e-15
YJL068C,YDL159W,1.0034048245066707e-11
YJL068C,YNL161W,2.2818572688265704e-05
YJL068C,YNL188W,2.411005880276207e-05
YJL068C,YJL157C,4.268976173943525e-15
YJL068C,YJL034W,2.1635972623893394e-19
YJL068C,YLR238W,1.2700782463070937e-05
YJL068C,YPR141C,4.510637197085998e-09
YJL068C,YNL127W,0.0012094647390767932
YJL068C,YCL055W,3.628462114102504e-11
YJL068C,YPR122W,1.0262123396387324e-05
YJL068C,YMR065W,6.011401296746044e-07
YJL068C,YDR356W,3.9894925407679693e-07
YJL068C,YMR052W,1.7934853246970306e-07
YJL068C,YFR008W,1.0761477824416943e-06
YJL068C,YLL043W,1.4107695914256091e-11
YJL068C,YMR029C,3.7204890759312548e-06
YJL068C,YJR004C,3.8888647857504566e-09
YJL068C,YDL223C,6.182663467625018e-18
YJL068C,YHR158C,0.00020588662300724536
YJL068C,YGR238C,2.1861120769531284e-13
YJL068C,YIL015W,1.874930655176854e-09
YJL068C,YGL173C,3.02211719827028e-06
YJL068C,YDL225W,0.0001909123529912904
YJL068C,YLR330W,3.1531417678010458e-15
YJL068C,YBR129C,3.024576855636951e-08
YJL068C,YKR095W-A,0.2020167112350464
YJL068C,YPR075C,1.6767268462558604e-08
YJL068C,YMR198W,1.2257793002845574e-08
YJL068C,YOR127W,6.128190945149659e-13
YJL068C,YDR264C,9.604634865212347e-10
YJL068C,YLR110C,1.072317772354836e-07
YJL068C,YDR379W,1.3675878562935395e-07
YJL068C,YDL100C,3.9046562071978416e-14
YJL068C,YHR073W,0.005962767172604799
YJL068C,YJR090C,1.2193636678148323e-07
YJL068C,YOR208W,1.4551089499992287e-10
YJL068C,YBR040W,0.00826939195394516
YJL068C,YNL279W,0.0018071711529046297
YJL068C,YER075C,5.1670882385224104e-05
YJL068C,YCR089W,0.05478302389383316
YJL068C,YCR002C,7.346045993728012e-10
YJL068C,YJL108C,0.10136090964078903
YJL068C,YBR200W,1.2622501344594639e-05
YJL068C,YIL026C,5.912381695338809e-10
YJL068C,YJR076C,3.244393553814007e-07
YJL068C,YKR031C,3.373398227424218e-09
YJL068C,YPL192C,2.3932798285386525e-06
YJL068C,YHR107C,2.264986420641435e-07
YJL068C,YIL037C,0.00041219688137061894
YJL068C,YPL156C,0.03945297375321388
YJL068C,YIL117C,7.941900435071148e-07
YJL068C,YHR066W,1.996195228830728e-21
YJL068C,YML085C,2.12528519227817e-08
YJL068C,YML047C,0.8979817628860474
YJL068C,YDR312W,9.8370545043025e-10
YJL068C,YFL037W,5.341556732520181e-13
YJL068C,YDL038C,0.2020167112350464
YJL068C,YDL039C,4.3745175803142425e-14
YJL068C,YCL027W,6.997415766818449e-06
YJL068C,YML124C,1.191927286037231e-11
YJL068C,YGL053W,2.622164659375466e-16
YJL068C,YMR232W,3.3092976082116365e-05
YJL068C,YNL298W,0.00023274184786714613
YJL068C,YGL099W,2.1745526233677507e-19
YJL068C,YBL016W,1.8124486587112187e-06
YJL068C,YAL041W,1.1892528628543175e-10
YJL068C,YDR085C,5.966016424646409e-15
YJL068C,YPL187W,5.990375029796269e-06
YJL068C,YPL256C,2.1782621821737902e-13
YJL068C,YDR461W,7.32482803300627e-08
YJL068C,YNL145W,1.3825942914991174e-06
YHR069C,YDL165W,0.0011908006854355335
YHR069C,YGR059W,8.951480112706633e-10
YHR069C,YBR109C,1.3685284727671387e-07
YHR069C,YJL080C,6.054823188605951e-06
YHR069C,YCR093W,0.0003259606019128114
YHR069C,YIL122W,0.00022625266865361482
YHR069C,YCL029C,1.8340025678686978e-11
YHR069C,YNL173C,3.4580261853989214e-05
YHR069C,YLR452C,0.585350513458252
YHR069C,YDL160C,0.0004200767434667796
YHR069C,YLR229C,8.629617020972091e-09
YHR069C,YML057W,4.8675310743845346e-14
YHR069C,YER149C,6.956781817279989e-10
YHR069C,YMR305C,6.595329438141562e-08
YHR069C,YLR433C,0.043202467262744904
YHR069C,YJL073W,6.500949494573022e-15
YHR069C,YGR279C,2.2076780681334895e-10
YHR069C,YKL190W,7.89519075117262e-11
YHR069C,YGL089C,0.20812541246414185
YHR069C,YJL019W,3.466497133786106e-08
YHR069C,YJL018W,0.00018695912149269134
YHR069C,YNR032C-A,0.9997734427452087
YHR069C,YGL178W,0.9844143390655518
YHR069C,YKL116C,1.5025523936174068e-08
YHR069C,YDL214C,0.0026291958056390285
YHR069C,YLR362W,5.96641226008332e-12
YHR069C,YER068W,1.524276473270636e-12
YHR069C,YHR084W,4.0689782272729236e-13
YHR069C,YDR392W,2.1476327560776554e-07
YHR069C,YNL053W,1.1651338354567997e-05
YHR069C,YGR040W,2.1623922293656506e-05
YHR069C,YDL216C,0.0003224451211281121
YHR069C,YOL117W,9.62843696374234e-15
YHR069C,YJR086W,0.00013221862900536507
YHR069C,YMR025W,0.15506340563297272
YHR069C,YBR081C,0.2710183262825012
YHR069C,YFL026W,4.120525773032568e-06
YHR069C,YHL007C,1.100319627078683e-10
YHR069C,YNR044W,0.00011060516408178955
YHR069C,YNL271C,0.005728521384298801
YHR069C,YDR200C,7.29953181233256e-11
YHR069C,YKL178C,0.9862580299377441
YHR069C,YOR212W,4.702034317460857e-10
YHR069C,YOL111C,1.2001203231193358e-07
YHR069C,YGL032C,1.2917153924263403e-07
YHR069C,YHR005C,0.00014296837616711855
YHR069C,YDR103W,0.6747732162475586
YHR069C,YJR084W,1.3366502571443561e-08
YHR069C,YCL032W,3.894158595585395e-08
YHR069C,YJL170C,0.5440519452095032
YHR069C,YDR179C,2.0480467810557457e-07
YHR069C,YBR095C,0.004336403217166662
YHR069C,YLL021W,0.034647807478904724
YHR069C,YDL159W,1.749559430663794e-08
YHR069C,YNL161W,0.0029278662987053394
YHR069C,YNL188W,5.201107544650085e-09
YHR069C,YJL157C,1.1087137181675644e-06
YHR069C,YJL034W,8.93584395727739e-16
YHR069C,YLR238W,9.240015788236633e-05
YHR069C,YPR141C,0.01008631568402052
YHR069C,YNL127W,0.00028483819914981723
YHR069C,YCL055W,1.494800727641632e-07
YHR069C,YPR122W,0.01862090267241001
YHR069C,YMR065W,0.25771549344062805
YHR069C,YDR356W,9.249570211977698e-06
YHR069C,YMR052W,1.8506229025661014e-05
YHR069C,YFR008W,3.892211442035887e-09
YHR069C,YLL043W,2.3185977582329542e-09
YHR069C,YMR029C,2.635996168010024e-07
YHR069C,YJR004C,2.311356439577139e-09
YHR069C,YDL223C,1.1589273377771159e-12
YHR069C,YHR158C,0.8706328868865967
YHR069C,YGR238C,3.0439555303019006e-06
YHR069C,YIL015W,0.5897430777549744
YHR069C,YGL173C,0.010093783028423786
YHR069C,YDL225W,2.0121359511904302e-07
YHR069C,YLR330W,5.761089369172507e-20
YHR069C,YBR129C,1.6607555153314024e-05
YHR069C,YKR095W-A,0.2020167112350464
YHR069C,YPR075C,1.7914137950825193e-09
YHR069C,YMR198W,4.708058387592473e-09
YHR069C,YOR127W,3.487883475372655e-07
YHR069C,YDR264C,7.75208377490344e-07
YHR069C,YLR110C,0.004952309653162956
YHR069C,YDR379W,4.627048610927886e-08
YHR069C,YDL100C,1.919969889740969e-07
YHR069C,YHR073W,7.040255150059238e-05
YHR069C,YJR090C,0.00018749326409306377
YHR069C,YOR208W,2.2685058855258927e-13
YHR069C,YBR040W,1.6252096202151733e-07
YHR069C,YNL279W,1.292311813116953e-09
YHR069C,YER075C,5.252935352473287e-06
YHR069C,YCR089W,8.797525907766612e-08
YHR069C,YCR002C,3.32496870214527e-06
YHR069C,YJL108C,6.438489799620584e-05
YHR069C,YBR200W,2.1502327696154566e-10
YHR069C,YIL026C,8.096454985206947e-05
YHR069C,YJR076C,0.0027505294419825077
YHR069C,YKR031C,0.9918947815895081
YHR069C,YPL192C,0.00010593637125566602
YHR069C,YHR107C,0.00034182905801571906
YHR069C,YIL037C,0.0916450023651123
YHR069C,YPL156C,0.007016511633992195
YHR069C,YIL117C,0.0034145487006753683
YHR069C,YHR066W,1.0142951536851779e-16
YHR069C,YML085C,2.633385588583781e-13
YHR069C,YML047C,0.4337100386619568
YHR069C,YDR312W,0.0011738339671865106
YHR069C,YFL037W,1.3475572586685303e-06
YHR069C,YDL038C,0.2020167112350464
YHR069C,YDL039C,1.5646704851907112e-12
YHR069C,YCL027W,4.1503980696688814e-07
YHR069C,YML124C,4.610147238460517e-14
YHR069C,YGL053W,1.2223589251902922e-08
YHR069C,YMR232W,0.28210747241973877
YHR069C,YNL298W,2.8190061129862443e-05
YHR069C,YGL099W,1.0876313044638763e-10
YHR069C,YBL016W,5.3392308239868545e-18
YHR069C,YAL041W,3.324053565734175e-08
YHR069C,YDR085C,0.0006895510596223176
YHR069C,YPL187W,0.000511151913087815
YHR069C,YPL256C,1.0374440022331566e-12
YHR069C,YDR461W,5.03084729430725e-09
YHR069C,YNL145W,5.600618493278864e-12
YDR055W,YDL165W,2.851155700422936e-10
YDR055W,YGR059W,3.513935098453658e-08
YDR055W,YBR109C,9.713154213386588e-06
YDR055W,YJL080C,6.611545755319526e-10
YDR055W,YCR093W,0.9373815655708313
YDR055W,YIL122W,0.0011767341056838632
YDR055W,YCL029C,1.024277995753664e-09
YDR055W,YNL173C,0.00010641242988640442
YDR055W,YLR452C,0.00011147446639370173
YDR055W,YDL160C,1.0411271844645853e-08
YDR055W,YLR229C,1.3225097461599944e-08
YDR055W,YML057W,3.764596869914455e-13
YDR055W,YER149C,1.8545770217315294e-05
YDR055W,YMR305C,7.059807103360072e-07
YDR055W,YLR433C,2.3693420746965892e-14
YDR055W,YJL073W,1.1246005862663999e-11
YDR055W,YGR279C,3.4244176383424474e-09
YDR055W,YKL190W,1.0721327159401994e-09
YDR055W,YGL089C,3.385754325790913e-07
YDR055W,YJL019W,7.968922410839241e-09
YDR055W,YJL018W,0.12219120562076569
YDR055W,YNR032C-A,0.7573822736740112
YDR055W,YGL178W,1.787212369208646e-07
YDR055W,YKL116C,3.9771758109097277e-10
YDR055W,YDL214C,8.81327935076115e-08
YDR055W,YLR362W,2.2036122260260527e-08
YDR055W,YER068W,0.00010074878082377836
YDR055W,YHR084W,4.7406402359229105e-07
YDR055W,YDR392W,3.199482534910203e-06
YDR055W,YNL053W,1.135811800168085e-08
YDR055W,YGR040W,3.962241316912696e-05
YDR055W,YDL216C,7.652056979168265e-07
YDR055W,YOL117W,3.179491392391043e-11
YDR055W,YJR086W,4.1449671698501334e-05
YDR055W,YMR025W,0.2851887047290802
YDR055W,YBR081C,2.5605046971577394e-08
YDR055W,YFL026W,0.0002383498358540237
YDR055W,YHL007C,2.2443582565756515e-06
YDR055W,YNR044W,0.00011376350448699668
YDR055W,YNL271C,4.1471693634775875e-07
YDR055W,YDR200C,1.008662511153835e-11
YDR055W,YKL178C,2.607883686778223e-07
YDR055W,YOR212W,1.4523319612907981e-12
YDR055W,YOL111C,3.5809466503167187e-11
YDR055W,YGL032C,2.2710685432090478e-17
YDR055W,YHR005C,4.644636646844447e-06
YDR055W,YDR103W,3.2254705573109277e-09
YDR055W,YJR084W,2.3366405912383925e-06
YDR055W,YCL032W,1.0320826504539582e-06
YDR055W,YJL170C,3.901039633547043e-07
YDR055W,YDR179C,3.363800340702716e-12
YDR055W,YBR095C,3.6304301231915304e-10
YDR055W,YLL021W,2.4844017901953785e-12
YDR055W,YDL159W,4.373568835650682e-13
YDR055W,YNL161W,3.367507939167069e-10
YDR055W,YNL188W,1.5615171378158266e-07
YDR055W,YJL157C,6.70939688225503e-19
YDR055W,YJL034W,2.5544835886327777e-13
YDR055W,YLR238W,0.0032173192594200373
YDR055W,YPR141C,5.131544147940481e-11
YDR055W,YNL127W,0.0011321725323796272
YDR055W,YCL055W,2.2349608386207365e-08
YDR055W,YPR122W,5.053869358562224e-07
YDR055W,YMR065W,0.34429267048835754
YDR055W,YDR356W,3.505022903027566e-07
YDR055W,YMR052W,0.29140040278434753
YDR055W,YFR008W,0.002669934183359146
YDR055W,YLL043W,4.064161895911411e-09
YDR055W,YMR029C,1.1883335901075043e-05
YDR055W,YJR004C,5.43572964417649e-10
YDR055W,YDL223C,8.649654885568847e-13
YDR055W,YHR158C,1.3011724510347822e-11
YDR055W,YGR238C,1.1131278182386468e-15
YDR055W,YIL015W,9.672827872009293e-09
YDR055W,YGL173C,2.8422049869886168e-12
YDR055W,YDL225W,1.5377376882952376e-07
YDR055W,YLR330W,2.2935284960112767e-07
YDR055W,YBR129C,0.0017580136191099882
YDR055W,YKR095W-A,0.2020167112350464
YDR055W,YPR075C,1.961257718730014e-11
YDR055W,YMR198W,0.299813449382782
YDR055W,YOR127W,4.74580519949086e-05
YDR055W,YDR264C,8.485756060094872e-16
YDR055W,YLR110C,9.382212056152639e-07
YDR055W,YDR379W,9.474769467487931e-05
YDR055W,YDL100C,1.147396240519516e-11
YDR055W,YHR073W,0.002647376386448741
YDR055W,YJR090C,2.7591621695743918e-11
YDR055W,YOR208W,2.4657145769602096e-10
YDR055W,YBR040W,4.282601366867311e-05
YDR055W,YNL279W,1.3578451216744725e-06
YDR055W,YER075C,7.799556556165044e-09
YDR055W,YCR089W,9.267266136703256e-07
YDR055W,YCR002C,1.9399453154989033e-09
YDR055W,YJL108C,0.005573451519012451
YDR055W,YBR200W,0.0006561895716004074
YDR055W,YIL026C,2.1329704669170724e-10
YDR055W,YJR076C,5.303733274786282e-08
YDR055W,YKR031C,7.924935925984755e-05
YDR055W,YPL192C,6.321008550003171e-05
YDR055W,YHR107C,1.1979012697338476e-06
YDR055W,YIL037C,0.00022368982899934053
YDR055W,YPL156C,0.005227732937783003
YDR055W,YIL117C,2.419035570712044e-16
YDR055W,YHR066W,1.946627063644131e-14
YDR055W,YML085C,0.0006882747984491289
YDR055W,YML047C,1.0437885293868021e-06
YDR055W,YDR312W,8.296572673316405e-08
YDR055W,YFL037W,1.3615801541799755e-10
YDR055W,YDL038C,0.2020167112350464
YDR055W,YDL039C,5.035725220874695e-16
YDR055W,YCL027W,0.06634466350078583
YDR055W,YML124C,0.0005999337299726903
YDR055W,YGL053W,5.4797052312371974e-12
YDR055W,YMR232W,0.0005342134973034263
YDR055W,YNL298W,0.4151161015033722
YDR055W,YGL099W,9.45180652495159e-12
YDR055W,YBL016W,1.3041390900525585e-07
YDR055W,YAL041W,1.2591422091645654e-05
YDR055W,YDR085C,3.7316499401640613e-06
YDR055W,YPL187W,1.7756342458596919e-06
YDR055W,YPL256C,2.660765403561527e-07
YDR055W,YDR461W,6.212348886182328e-13
YDR055W,YNL145W,6.484212917712284e-06
YNL164C,YDL165W,3.033163997745447e-14
YNL164C,YGR059W,1.2380816372115078e-07
YNL164C,YBR109C,6.701100687678263e-07
YNL164C,YJL080C,9.246740262369713e-09
YNL164C,YCR093W,0.00032107147853821516
YNL164C,YIL122W,3.007925499787234e-07
YNL164C,YCL029C,1.0681137609935831e-05
YNL164C,YNL173C,5.823520332626231e-09
YNL164C,YLR452C,2.418402254988905e-05
YNL164C,YDL160C,0.0036084346938878298
YNL164C,YLR229C,5.8153117737935744e-11
YNL164C,YML057W,2.6679961018238885e-10
YNL164C,YER149C,0.0009503546170890331
YNL164C,YMR305C,4.1900814076538916e-15
YNL164C,YLR433C,0.04860131815075874
YNL164C,YJL073W,3.7557890867508906e-17
YNL164C,YGR279C,1.2872274860603605e-12
YNL164C,YKL190W,1.8819106117007323e-05
YNL164C,YGL089C,8.017354002909372e-10
YNL164C,YJL019W,2.6290298826836533e-09
YNL164C,YJL018W,0.2019098699092865
YNL164C,YNR032C-A,0.08536648750305176
YNL164C,YGL178W,0.0002852727775461972
YNL164C,YKL116C,3.5936692967521327e-17
YNL164C,YDL214C,0.0003771527553908527
YNL164C,YLR362W,2.549285110266253e-13
YNL164C,YER068W,3.9773390199115966e-06
YNL164C,YHR084W,6.89874407600044e-11
YNL164C,YDR392W,5.842365979023822e-13
YNL164C,YNL053W,1.5956845423443188e-14
YNL164C,YGR040W,1.70538729804548e-08
YNL164C,YDL216C,6.806226338085253e-06
YNL164C,YOL117W,7.011669023171407e-09
YNL164C,YJR086W,1.482381925543841e-11
YNL164C,YMR025W,6.367269179463619e-06
YNL164C,YBR081C,2.0009192667203024e-05
YNL164C,YFL026W,1.6289103746403022e-11
YNL164C,YHL007C,1.1788821439040476e-06
YNL164C,YNR044W,0.0003877900599036366
YNL164C,YNL271C,0.00012451947259251028
YNL164C,YDR200C,5.6074735133027076e-11
YNL164C,YKL178C,7.278702440771667e-08
YNL164C,YOR212W,1.76939822551054e-17
YNL164C,YOL111C,4.658102462778979e-12
YNL164C,YGL032C,1.4893275057659139e-08
YNL164C,YHR005C,3.435212114766273e-09
YNL164C,YDR103W,3.135346560156904e-05
YNL164C,YJR084W,5.623185250769325e-11
YNL164C,YCL032W,3.6112317047809483e-07
YNL164C,YJL170C,3.3184553558385232e-06
YNL164C,YDR179C,2.444852498229011e-07
YNL164C,YBR095C,0.00014901811664458364
YNL164C,YLL021W,9.148562094196677e-05
YNL164C,YDL159W,4.3685504351742566e-06
YNL164C,YNL161W,2.0003551526315277e-06
YNL164C,YNL188W,5.783396331282553e-12
YNL164C,YJL157C,4.756715786774328e-14
YNL164C,YJL034W,6.977449285017201e-09
YNL164C,YLR238W,8.292125387143723e-16
YNL164C,YPR141C,4.335561243351549e-07
YNL164C,YNL127W,7.162915426306427e-05
YNL164C,YCL055W,1.320563001172559e-07
YNL164C,YPR122W,0.002864304231479764
YNL164C,YMR065W,1.3713049611396855e-06
YNL164C,YDR356W,1.4803808845442745e-08
YNL164C,YMR052W,2.0544625840557273e-06
YNL164C,YFR008W,2.5505814846837893e-06
YNL164C,YLL043W,2.0967622305079203e-08
YNL164C,YMR029C,3.6183966933833744e-09
YNL164C,YJR004C,1.40313174412654e-08
YNL164C,YDL223C,7.62924716891239e-13
YNL164C,YHR158C,0.002438196912407875
YNL164C,YGR238C,2.496770775906043e-06
YNL164C,YIL015W,8.878317636629163e-09
YNL164C,YGL173C,4.681086074320717e-10
YNL164C,YDL225W,2.1948545411709652e-11
YNL164C,YLR330W,3.334459173619936e-13
YNL164C,YBR129C,8.692366271212393e-11
YNL164C,YKR095W-A,0.2020167112350464
YNL164C,YPR075C,3.488276562133713e-13
YNL164C,YMR198W,3.2627981454425026e-06
YNL164C,YOR127W,2.0594509431148822e-10
YNL164C,YDR264C,2.7413148927735165e-05
YNL164C,YLR110C,5.080027403892018e-05
YNL164C,YDR379W,0.00016431606491096318
YNL164C,YDL100C,3.6089479928808066e-12
YNL164C,YHR073W,8.038313353608828e-06
YNL164C,YJR090C,2.667764663691341e-12
YNL164C,YOR208W,6.913043026912646e-09
YNL164C,YBR040W,7.341995660681278e-05
YNL164C,YNL279W,2.9771199479000643e-06
YNL164C,YER075C,0.00013254645455162972
YNL164C,YCR089W,1.7634225243229329e-12
YNL164C,YCR002C,2.964920518301606e-13
YNL164C,YJL108C,5.600289114227053e-06
YNL164C,YBR200W,7.209531638352473e-09
YNL164C,YIL026C,9.57200063567143e-06
YNL164C,YJR076C,1.5158046153374016e-05
YNL164C,YKR031C,0.048009566962718964
YNL164C,YPL192C,0.00020200035942252725
YNL164C,YHR107C,5.946457215522116e-10
YNL164C,YIL037C,1.1859436199301854e-05
YNL164C,YPL156C,1.1897713037001267e-08
YNL164C,YIL117C,0.9991114735603333
YNL164C,YHR066W,4.481123371674611e-12
YNL164C,YML085C,3.243728765136341e-15
YNL164C,YML047C,0.011024405248463154
YNL164C,YDR312W,6.694106957638724e-08
YNL164C,YFL037W,6.313631122903049e-14
YNL164C,YDL038C,0.2020167112350464
YNL164C,YDL039C,6.410622494000887e-14
YNL164C,YCL027W,3.241383339513959e-08
YNL164C,YML124C,2.0227482111698203e-21
YNL164C,YGL053W,1.5699651356726463e-08
YNL164C,YMR232W,9.306126702579576e-11
YNL164C,YNL298W,5.400847840064671e-06
YNL164C,YGL099W,5.019577201809122e-12
YNL164C,YBL016W,2.401729661895679e-17
YNL164C,YAL041W,2.7612995223691428e-11
YNL164C,YDR085C,7.690421170991613e-07
YNL164C,YPL187W,3.192667008988792e-06
YNL164C,YPL256C,1.1069112581502902e-16
YNL164C,YDR461W,1.1676990104014795e-11
YNL164C,YNL145W,2.996280524039663e-12
YJL121C,YDL165W,2.5952158466679975e-05
YJL121C,YGR059W,2.300155529155745e-06
YJL121C,YBR109C,0.007498792838305235
YJL121C,YJL080C,4.886603566234271e-09
YJL121C,YCR093W,2.2638021619059145e-05
YJL121C,YIL122W,0.07199282199144363
YJL121C,YCL029C,8.363078762840814e-08
YJL121C,YNL173C,5.312860480444215e-07
YJL121C,YLR452C,4.518506466411054e-05
YJL121C,YDL160C,0.04072625935077667
YJL121C,YLR229C,0.022271057590842247
YJL121C,YML057W,1.3553376303210296e-11
YJL121C,YER149C,7.776720849506091e-06
YJL121C,YMR305C,2.8300911480982904e-07
YJL121C,YLR433C,0.0016692612553015351
YJL121C,YJL073W,4.1365558445249917e-07
YJL121C,YGR279C,2.6474265268916497e-07
YJL121C,YKL190W,0.8506975173950195
YJL121C,YGL089C,0.9460093379020691
YJL121C,YJL019W,0.9627718329429626
YJL121C,YJL018W,0.000613658397924155
YJL121C,YNR032C-A,0.04394976422190666
YJL121C,YGL178W,3.189996277797036e-05
YJL121C,YKL116C,1.6629383425836863e-09
YJL121C,YDL214C,0.04710718244314194
YJL121C,YLR362W,5.160677574167494e-06
YJL121C,YER068W,3.2884819867184945e-11
YJL121C,YHR084W,0.00026862547383643687
YJL121C,YDR392W,0.2888832986354828
YJL121C,YNL053W,0.00035685254260897636
YJL121C,YGR040W,0.00022227813315112144
YJL121C,YDL216C,0.00012115448043914512
YJL121C,YOL117W,4.7140993331140635e-08
YJL121C,YJR086W,5.971302243779064e-07
YJL121C,YMR025W,2.680161514945212e-07
YJL121C,YBR081C,3.9763233417033916e-07
YJL121C,YFL026W,7.510592695325613e-06
YJL121C,YHL007C,0.001191214774735272
YJL121C,YNR044W,6.3164056207654085e-09
YJL121C,YNL271C,0.07179775089025497
YJL121C,YDR200C,1.093629542481267e-08
YJL121C,YKL178C,4.596250619215425e-06
YJL121C,YOR212W,2.092822342092404e-06
YJL121C,YOL111C,3.077455191738697e-16
YJL121C,YGL032C,3.2945274980322736e-11
YJL121C,YHR005C,0.6395627856254578
YJL121C,YDR103W,0.00611328287050128
YJL121C,YJR084W,5.8981546317227185e-05
YJL121C,YCL032W,3.0612046231226486e-08
YJL121C,YJL170C,0.005176602862775326
YJL121C,YDR179C,6.877459451275821e-15
YJL121C,YBR095C,0.017021141946315765
YJL121C,YLL021W,1.5585105428428392e-09
YJL121C,YDL159W,2.3185105391121397e-08
YJL121C,YNL161W,8.630847703194888e-10
YJL121C,YNL188W,2.442602543839545e-12
YJL121C,YJL157C,0.00020277302246540785
YJL121C,YJL034W,9.544943828376784e-12
YJL121C,YLR238W,0.0004207366146147251
YJL121C,YPR141C,9.583043247829437e-10
YJL121C,YNL127W,2.3673305804550182e-07
YJL121C,YCL055W,2.0945860853622866e-17
YJL121C,YPR122W,4.633862182856774e-10
YJL121C,YMR065W,0.0008733631111681461
YJL121C,YDR356W,1.2572625232576407e-12
YJL121C,YMR052W,0.0005382297676987946
YJL121C,YFR008W,1.768050242390018e-05
YJL121C,YLL043W,8.765925372244965e-07
YJL121C,YMR029C,5.550239734475326e-07
YJL121C,YJR004C,7.736782237088846e-08
YJL121C,YDL223C,2.008003319176055e-09
YJL121C,YHR158C,2.0005796613986604e-05
YJL121C,YGR238C,5.670200420304639e-10
YJL121C,YIL015W,0.0002939958358183503
YJL121C,YGL173C,1.2622749956392454e-08
YJL121C,YDL225W,0.001954518724232912
YJL121C,YLR330W,0.0008940673433244228
YJL121C,YBR129C,4.777046536119656e-10
YJL121C,YKR095W-A,0.2020167112350464
YJL121C,YPR075C,4.912411284501393e-14
YJL121C,YMR198W,3.4506701940273388e-09
YJL121C,YOR127W,1.140268796007149e-05
YJL121C,YDR264C,2.2057851310819387e-05
YJL121C,YLR110C,1.0298266772679199e-07
YJL121C,YDR379W,9.012099155825126e-08
YJL121C,YDL100C,3.087345419316989e-07
YJL121C,YHR073W,1.4691712473327567e-12
YJL121C,YJR090C,1.1953480338888767e-07
YJL121C,YOR208W,1.1004698485805875e-08
YJL121C,YBR040W,2.9314852767470256e-09
YJL121C,YNL279W,5.416373599631541e-11
YJL121C,YER075C,9.731373484811456e-10
YJL121C,YCR089W,8.275015517256179e-08
YJL121C,YCR002C,0.2424149066209793
YJL121C,YJL108C,8.869373573361372e-07
YJL121C,YBR200W,1.6588019846608404e-08
YJL121C,YIL026C,3.6227047530701384e-06
YJL121C,YJR076C,2.4803061080685973e-12
YJL121C,YKR031C,4.4754136752089835e-07
YJL121C,YPL192C,2.2360391317158767e-16
YJL121C,YHR107C,0.3706706166267395
YJL121C,YIL037C,0.0026039257645606995
YJL121C,YPL156C,0.00011725127114914358
YJL121C,YIL117C,1.9351992230909332e-10
YJL121C,YHR066W,1.7030386822991517e-10
YJL121C,YML085C,2.3293905542232096e-05
YJL121C,YML047C,0.028684470802545547
YJL121C,YDR312W,8.171669937939718e-12
YJL121C,YFL037W,2.04605862563767e-06
YJL121C,YDL038C,0.2020167112350464
YJL121C,YDL039C,3.270463869338436e-13
YJL121C,YCL027W,9.522043001197744e-06
YJL121C,YML124C,6.343994662927344e-09
YJL121C,YGL053W,6.81939553714983e-08
YJL121C,YMR232W,0.003990314435213804
YJL121C,YNL298W,4.779830575785127e-08
YJL121C,YGL099W,8.957342246401767e-13
YJL121C,YBL016W,4.4476888838573814e-10
YJL121C,YAL041W,7.91688489698572e-06
YJL121C,YDR085C,1.1134236588272728e-10
YJL121C,YPL187W,0.006944646593183279
YJL121C,YPL256C,4.9856703299155924e-06
YJL121C,YDR461W,4.4232309481806453e-10
YJL121C,YNL145W,5.268306624284236e-11
YPR008W,YDL165W,0.00017379020573571324
YPR008W,YGR059W,1.5284783785318723e-06
YPR008W,YBR109C,1.8285147689311998e-06
YPR008W,YJL080C,2.372743779233133e-07
YPR008W,YCR093W,3.8316524296533316e-05
YPR008W,YIL122W,8.159966819221154e-05
YPR008W,YCL029C,1.0392407420733996e-11
YPR008W,YNL173C,1.944169270018392e-08
YPR008W,YLR452C,2.1163341912266986e-11
YPR008W,YDL160C,0.00013478260370902717
YPR008W,YLR229C,4.523198260386607e-09
YPR008W,YML057W,3.7042888756388948e-09
YPR008W,YER149C,3.944400305044837e-06
YPR008W,YMR305C,7.104757969500497e-05
YPR008W,YLR433C,0.026174450293183327
YPR008W,YJL073W,0.0006124130450189114
YPR008W,YGR279C,1.7004961705424648e-07
YPR008W,YKL190W,0.0014946195296943188
YPR008W,YGL089C,3.4973704714502674e-06
YPR008W,YJL019W,0.0014161997241899371
YPR008W,YJL018W,0.0009016512194648385
YPR008W,YNR032C-A,0.02437978982925415
YPR008W,YGL178W,0.0056559243239462376
YPR008W,YKL116C,1.758093389980786e-06
YPR008W,YDL214C,6.188864745126921e-07
YPR008W,YLR362W,0.8323622345924377
YPR008W,YER068W,4.2024780100291537e-08
YPR008W,YHR084W,1.0951658850899548e-06
YPR008W,YDR392W,4.5968894824000017e-07
YPR008W,YNL053W,0.000522941118106246
YPR008W,YGR040W,0.49463406205177307
YPR008W,YDL216C,0.9999959468841553
YPR008W,YOL117W,0.0006887958152219653
YPR008W,YJR086W,9.409212992084193e-12
YPR008W,YMR025W,0.01253603957593441
YPR008W,YBR081C,3.862336961901747e-05
YPR008W,YFL026W,0.003865856444463134
YPR008W,YHL007C,2.1254410731419426e-10
YPR008W,YNR044W,0.00801768060773611
YPR008W,YNL271C,2.3442367491632865e-10
YPR008W,YDR200C,1.8323153483379429e-07
YPR008W,YKL178C,4.94958521812805e-06
YPR008W,YOR212W,2.5773538858686607e-09
YPR008W,YOL111C,4.778855711151664e-08
YPR008W,YGL032C,0.9874362945556641
YPR008W,YHR005C,0.1254267692565918
YPR008W,YDR103W,0.003457345999777317
YPR008W,YJR084W,3.0846767362646688e-09
YPR008W,YCL032W,0.21707329154014587
YPR008W,YJL170C,0.000648102315608412
YPR008W,YDR179C,3.114616993116215e-05
YPR008W,YBR095C,0.0002989803033415228
YPR008W,YLL021W,7.559130404954928e-12
YPR008W,YDL159W,2.4107230274239555e-05
YPR008W,YNL161W,0.9383588433265686
YPR008W,YNL188W,3.990751196170095e-08
YPR008W,YJL157C,1.0755428775155451e-05
YPR008W,YJL034W,5.716693611546031e-12
YPR008W,YLR238W,3.798843408731045e-07
YPR008W,YPR141C,0.005105075892060995
YPR008W,YNL127W,2.5214646370841365e-07
YPR008W,YCL055W,4.536996584647568e-06
YPR008W,YPR122W,2.280865774029195e-10
YPR008W,YMR065W,0.002591965487226844
YPR008W,YDR356W,0.8211443424224854
YPR008W,YMR052W,3.276047948475025e-07
YPR008W,YFR008W,3.766873923893854e-09
YPR008W,YLL043W,1.1760287839043815e-12
YPR008W,YMR029C,1.4312490748125128e-05
YPR008W,YJR004C,1.1874228221131489e-05
YPR008W,YDL223C,1.2066819765621517e-10
YPR008W,YHR158C,4.6532686610589735e-06
YPR008W,YGR238C,1.0750967760486674e-07
YPR008W,YIL015W,2.319744751844155e-08
YPR008W,YGL173C,3.561573080901326e-08
YPR008W,YDL225W,9.74390673036396e-07
YPR008W,YLR330W,4.919493701294186e-09
YPR008W,YBR129C,3.298166484455578e-05
YPR008W,YKR095W-A,0.2020167112350464
YPR008W,YPR075C,5.4620565570391385e-17
YPR008W,YMR198W,3.7704919009229343e-07
YPR008W,YOR127W,0.989132821559906
YPR008W,YDR264C,3.3323926842791785e-13
YPR008W,YLR110C,0.01674767956137657
YPR008W,YDR379W,3.34787109750323e-05
YPR008W,YDL100C,4.8521851567784324e-05
YPR008W,YHR073W,0.046298056840896606
YPR008W,YJR090C,4.5109188606673456e-10
YPR008W,YOR208W,1.5564034783199787e-10
YPR008W,YBR040W,0.015730958431959152
YPR008W,YNL279W,1.1171798774967101e-07
YPR008W,YER075C,1.3384762187484966e-09
YPR008W,YCR089W,0.002403086284175515
YPR008W,YCR002C,8.278188033727929e-05
YPR008W,YJL108C,3.444740315217132e-08
YPR008W,YBR200W,1.1100917873818616e-07
YPR008W,YIL026C,0.0011335312156006694
YPR008W,YJR076C,6.891756356708356e-07
YPR008W,YKR031C,0.0006705006817355752
YPR008W,YPL192C,1.06884192518919e-06
YPR008W,YHR107C,4.626229607729293e-11
YPR008W,YIL037C,0.02696899324655533
YPR008W,YPL156C,2.1170265540604305e-09
YPR008W,YIL117C,2.399255447094184e-11
YPR008W,YHR066W,5.201055142123323e-10
YPR008W,YML085C,1.4345255885950259e-11
YPR008W,YML047C,0.7448285818099976
YPR008W,YDR312W,0.001255525159649551
YPR008W,YFL037W,6.31773661163848e-11
YPR008W,YDL038C,0.2020167112350464
YPR008W,YDL039C,7.4484832186564e-16
YPR008W,YCL027W,4.947361958329566e-05
YPR008W,YML124C,2.7536749695630092e-21
YPR008W,YGL053W,0.0010721576400101185
YPR008W,YMR232W,2.358455822104588e-05
YPR008W,YNL298W,5.933518423262285e-07
YPR008W,YGL099W,1.6452863516036587e-09
YPR008W,YBL016W,0.037050168961286545
YPR008W,YAL041W,3.262011816218546e-08
YPR008W,YDR085C,3.7785259365819e-08
YPR008W,YPL187W,0.027289506047964096
YPR008W,YPL256C,8.41221262817271e-05
YPR008W,YDR461W,9.86938442082419e-09
YPR008W,YNL145W,0.0004298902058508247
YHL002W,YDL165W,8.931628769914823e-10
YHL002W,YGR059W,1.7865504908787244e-10
YHL002W,YBR109C,0.0012513555120676756
YHL002W,YJL080C,0.8299933075904846
YHL002W,YCR093W,2.692574344109744e-05
YHL002W,YIL122W,0.6049375534057617
YHL002W,YCL029C,2.1006493347619368e-19
YHL002W,YNL173C,0.07397361844778061
YHL002W,YLR452C,0.7047966122627258
YHL002W,YDL160C,0.33009862899780273
YHL002W,YLR229C,1.624674439426599e-08
YHL002W,YML057W,3.795384273530544e-08
YHL002W,YER149C,9.717554348753765e-06
YHL002W,YMR305C,0.0019081424688920379
YHL002W,YLR433C,0.8883814811706543
YHL002W,YJL073W,4.683482046630161e-09
YHL002W,YGR279C,0.9308983683586121
YHL002W,YKL190W,0.0004555941850412637
YHL002W,YGL089C,0.0011218538274988532
YHL002W,YJL019W,3.056334753637202e-05
YHL002W,YJL018W,0.18533915281295776
YHL002W,YNR032C-A,0.9959192872047424
YHL002W,YGL178W,0.00031307365861721337
YHL002W,YKL116C,6.776436300981459e-09
YHL002W,YDL214C,0.4328453540802002
YHL002W,YLR362W,5.395759581006132e-05
YHL002W,YER068W,0.0004892005817964673
YHL002W,YHR084W,8.60740900776591e-09
YHL002W,YDR392W,0.38936302065849304
YHL002W,YNL053W,9.849923117144499e-06
YHL002W,YGR040W,0.9864250421524048
YHL002W,YDL216C,0.01715320348739624
YHL002W,YOL117W,3.959222794946982e-06
YHL002W,YJR086W,0.11083482205867767
YHL002W,YMR025W,0.9994420409202576
YHL002W,YBR081C,0.010169215500354767
YHL002W,YFL026W,0.3252629041671753
YHL002W,YHL007C,0.0001235503441421315
YHL002W,YNR044W,0.0003180780913680792
YHL002W,YNL271C,0.9997332692146301
YHL002W,YDR200C,0.8219544887542725
YHL002W,YKL178C,0.36765146255493164
YHL002W,YOR212W,1.3209462395025184e-06
YHL002W,YOL111C,2.0540538514524087e-07
YHL002W,YGL032C,0.010733917355537415
YHL002W,YHR005C,0.011941250413656235
YHL002W,YDR103W,0.0025185642298310995
YHL002W,YJR084W,8.241907926276326e-05
YHL002W,YCL032W,0.06195796653628349
YHL002W,YJL170C,7.17701176267127e-10
YHL002W,YDR179C,8.365068078323989e-13
YHL002W,YBR095C,0.0923355370759964
YHL002W,YLL021W,2.3265233721758705e-06
YHL002W,YDL159W,0.00020318158203735948
YHL002W,YNL161W,0.16445863246917725
YHL002W,YNL188W,0.7734526991844177
YHL002W,YJL157C,5.2884113754814166e-11
YHL002W,YJL034W,9.23896740294655e-16
YHL002W,YLR238W,0.01409115083515644
YHL002W,YPR141C,0.5301001071929932
YHL002W,YNL127W,6.383158392964106e-07
YHL002W,YCL055W,3.746881338884123e-05
YHL002W,YPR122W,0.7891656756401062
YHL002W,YMR065W,1.1317396456433926e-05
YHL002W,YDR356W,0.011586577631533146
YHL002W,YMR052W,0.782686173915863
YHL002W,YFR008W,0.00186449836473912
YHL002W,YLL043W,0.039450470358133316
YHL002W,YMR029C,1.7807914787226764e-07
YHL002W,YJR004C,0.00020738656166940928
YHL002W,YDL223C,4.688791133133918e-09
YHL002W,YHR158C,5.7646221129914466e-11
YHL002W,YGR238C,0.00014249366358853877
YHL002W,YIL015W,0.0013785817427560687
YHL002W,YGL173C,0.005610533989965916
YHL002W,YDL225W,9.282981045544147e-05
YHL002W,YLR330W,6.743779522366822e-06
YHL002W,YBR129C,4.913318363275465e-11
YHL002W,YKR095W-A,0.2020167112350464
YHL002W,YPR075C,1.5645849199552586e-11
YHL002W,YMR198W,0.0006957338191568851
YHL002W,YOR127W,0.04691685736179352
YHL002W,YDR264C,0.0001349468220723793
YHL002W,YLR110C,0.6843382120132446
YHL002W,YDR379W,0.0022838448639959097
YHL002W,YDL100C,0.0015037989942356944
YHL002W,YHR073W,4.760790761793032e-05
YHL002W,YJR090C,1.6155469211298623e-06
YHL002W,YOR208W,0.10899326205253601
YHL002W,YBR040W,0.9981757402420044
YHL002W,YNL279W,0.0002101187565131113
YHL002W,YER075C,0.8658722043037415
YHL002W,YCR089W,0.9116380214691162
YHL002W,YCR002C,4.248937329975888e-06
YHL002W,YJL108C,0.2823530435562134
YHL002W,YBR200W,0.006430107168853283
YHL002W,YIL026C,2.4620123895147117e-07
YHL002W,YJR076C,3.603095066750939e-08
YHL002W,YKR031C,3.982680141234596e-07
YHL002W,YPL192C,0.9464157223701477
YHL002W,YHR107C,0.975517749786377
YHL002W,YIL037C,0.006280235014855862
YHL002W,YPL156C,0.14874157309532166
YHL002W,YIL117C,0.0011454244377091527
YHL002W,YHR066W,1.576842159436771e-17
YHL002W,YML085C,2.2124394760680843e-08
YHL002W,YML047C,0.002425839425995946
YHL002W,YDR312W,2.4346134068764513e-06
YHL002W,YFL037W,3.588476465665735e-05
YHL002W,YDL038C,0.2020167112350464
YHL002W,YDL039C,1.5298576521341587e-15
YHL002W,YCL027W,0.033032894134521484
YHL002W,YML124C,1.2325116927058843e-07
YHL002W,YGL053W,9.282113751396537e-05
YHL002W,YMR232W,0.007729256059974432
YHL002W,YNL298W,9.825193046708591e-06
YHL002W,YGL099W,5.203446562518366e-10
YHL002W,YBL016W,2.509192853494824e-09
YHL002W,YAL041W,7.500770152546465e-05
YHL002W,YDR085C,5.177816638024524e-05
YHL002W,YPL187W,0.0009312552283518016
YHL002W,YPL256C,8.017330799248157e-08
YHL002W,YDR461W,1.9758608638120734e-10
YHL002W,YNL145W,5.661857812810922e-06
YIR009W,YDL165W,0.986373782157898
YIR009W,YGR059W,8.918147796066478e-05
YIR009W,YBR109C,0.009264222346246243
YIR009W,YJL080C,1.8857139366446063e-05
YIR009W,YCR093W,6.125886784502654e-07
YIR009W,YIL122W,2.186107792567782e-07
YIR009W,YCL029C,3.6537783909551536e-10
YIR009W,YNL173C,2.0186134985777926e-09
YIR009W,YLR452C,0.0013429154641926289
YIR009W,YDL160C,0.00015349169552791864
YIR009W,YLR229C,0.0010988755384460092
YIR009W,YML057W,2.6484595766484986e-11
YIR009W,YER149C,8.756458100833697e-07
YIR009W,YMR305C,3.683508012497505e-11
YIR009W,YLR433C,0.003407782642170787
YIR009W,YJL073W,8.188534366126987e-07
YIR009W,YGR279C,6.637166510836678e-11
YIR009W,YKL190W,1.0795388334372547e-06
YIR009W,YGL089C,0.017727836966514587
YIR009W,YJL019W,0.0001368502707919106
YIR009W,YJL018W,0.0023769927211105824
YIR009W,YNR032C-A,0.948517918586731
YIR009W,YGL178W,1.125687049352564e-06
YIR009W,YKL116C,4.605210879304877e-09
YIR009W,YDL214C,0.00011292609269730747
YIR009W,YLR362W,1.6115266673194517e-12
YIR009W,YER068W,1.081336322567017e-11
YIR009W,YHR084W,2.669738751137629e-05
YIR009W,YDR392W,1.2051490557496436e-05
YIR009W,YNL053W,0.0615791417658329
YIR009W,YGR040W,1.113707185140811e-06
YIR009W,YDL216C,0.22796176373958588
YIR009W,YOL117W,7.502482276322553e-06
YIR009W,YJR086W,3.5713973445261615e-11
YIR009W,YMR025W,0.00014701146574225277
YIR009W,YBR081C,0.9999856948852539
YIR009W,YFL026W,6.159674740047194e-06
YIR009W,YHL007C,1.0962045493556616e-08
YIR009W,YNR044W,8.719987818039954e-05
YIR009W,YNL271C,1.713335140429706e-09
YIR009W,YDR200C,3.057750461721298e-07
YIR009W,YKL178C,3.66163112630602e-05
YIR009W,YOR212W,9.658731869421899e-05
YIR009W,YOL111C,3.1333444953235423e-12
YIR009W,YGL032C,7.94963099792767e-08
YIR009W,YHR005C,5.301712917571422e-06
YIR009W,YDR103W,1.7949918401427567e-05
YIR009W,YJR084W,1.5245651638906565e-06
YIR009W,YCL032W,0.00022732908837497234
YIR009W,YJL170C,9.817325008043554e-06
YIR009W,YDR179C,1.7428907206351596e-09
YIR009W,YBR095C,9.885136023513041e-06
YIR009W,YLL021W,2.843352717718517e-07
YIR009W,YDL159W,7.209884529402188e-07
YIR009W,YNL161W,1.8593528106070067e-10
YIR009W,YNL188W,0.26246169209480286
YIR009W,YJL157C,0.4585062265396118
YIR009W,YJL034W,6.077490073697067e-12
YIR009W,YLR238W,1.138118932431098e-05
YIR009W,YPR141C,0.0019851848483085632
YIR009W,YNL127W,4.0048880691756494e-06
YIR009W,YCL055W,2.5690271741041215e-06
YIR009W,YPR122W,0.8327472805976868
YIR009W,YMR065W,2.4031319867390266e-07
YIR009W,YDR356W,1.6024473969977748e-09
YIR009W,YMR052W,0.2704567313194275
YIR009W,YFR008W,3.0342087029566756e-06
YIR009W,YLL043W,4.3724165266212367e-07
YIR009W,YMR029C,0.0011210221564397216
YIR009W,YJR004C,0.0009256388293579221
YIR009W,YDL223C,1.464095511494179e-10
YIR009W,YHR158C,1.2990999942452675e-10
YIR009W,YGR238C,8.656327736389358e-06
YIR009W,YIL015W,0.02378801815211773
YIR009W,YGL173C,0.019797416403889656
YIR009W,YDL225W,3.1039009627420455e-05
YIR009W,YLR330W,1.2193791917525232e-05
YIR009W,YBR129C,0.01087936107069254
YIR009W,YKR095W-A,0.2020167112350464
YIR009W,YPR075C,1.944374002083027e-11
YIR009W,YMR198W,1.0209354250889646e-08
YIR009W,YOR127W,0.0015037088887766004
YIR009W,YDR264C,0.007876714691519737
YIR009W,YLR110C,0.14008475840091705
YIR009W,YDR379W,8.848439756548032e-05
YIR009W,YDL100C,4.405782874528086e-06
YIR009W,YHR073W,0.00010620288958307356
YIR009W,YJR090C,5.1222222907654213e-08
YIR009W,YOR208W,2.0189822036442706e-10
YIR009W,YBR040W,1.439915308765194e-06
YIR009W,YNL279W,0.0012310681631788611
YIR009W,YER075C,0.0002245469222543761
YIR009W,YCR089W,1.8715338228503242e-05
YIR009W,YCR002C,0.007605052553117275
YIR009W,YJL108C,0.00306782522238791
YIR009W,YBR200W,0.00030556938145309687
YIR009W,YIL026C,6.70196357077657e-07
YIR009W,YJR076C,1.5378880391381244e-08
YIR009W,YKR031C,0.0018743621185421944
YIR009W,YPL192C,4.510400231083622e-06
YIR009W,YHR107C,2.1882038936382742e-07
YIR009W,YIL037C,3.9266873500309885e-05
YIR009W,YPL156C,0.007989026606082916
YIR009W,YIL117C,6.269578443607315e-05
YIR009W,YHR066W,4.1291847718838426e-10
YIR009W,YML085C,2.7514724720845152e-08
YIR009W,YML047C,0.1507415622472763
YIR009W,YDR312W,4.270392821581481e-07
YIR009W,YFL037W,1.7946882735486724e-07
YIR009W,YDL038C,0.2020167112350464
YIR009W,YDL039C,9.129707656541086e-09
YIR009W,YCL027W,2.0133648082065747e-09
YIR009W,YML124C,1.8308864468963293e-07
YIR009W,YGL053W,0.003288609441369772
YIR009W,YMR232W,3.4435332054272294e-05
YIR009W,YNL298W,6.220913917331927e-08
YIR009W,YGL099W,4.284657628694788e-10
YIR009W,YBL016W,5.224525168046057e-08
YIR009W,YAL041W,0.00011678218288579956
YIR009W,YDR085C,2.3082813438435323e-09
YIR009W,YPL187W,1.198311117001083e-09
YIR009W,YPL256C,5.6390894558056015e-12
YIR009W,YDR461W,4.7779602027731016e-05
YIR009W,YNL145W,3.098247353117145e-11
YKL166C,YDL165W,0.09294743835926056
YKL166C,YGR059W,2.6390524422888195e-13
YKL166C,YBR109C,0.08159463852643967
YKL166C,YJL080C,0.00010305287287337705
YKL166C,YCR093W,1.1270191030421373e-10
YKL166C,YIL122W,1.0401238341728458e-06
YKL166C,YCL029C,1.0448385863101595e-13
YKL166C,YNL173C,1.75575887162438e-10
YKL166C,YLR452C,0.0030217741150408983
YKL166C,YDL160C,0.0002750786952674389
YKL166C,YLR229C,6.126733609335133e-08
YKL166C,YML057W,2.163977370628345e-07
YKL166C,YER149C,2.768085550997057e-06
YKL166C,YMR305C,5.4911335894969326e-11
YKL166C,YLR433C,2.348542835761691e-07
YKL166C,YJL073W,6.656039630570376e-08
YKL166C,YGR279C,3.7186063256422486e-11
YKL166C,YKL190W,6.675721173771132e-12
YKL166C,YGL089C,4.4000952215128564e-08
YKL166C,YJL019W,3.114977005225228e-07
YKL166C,YJL018W,0.2020167112350464
YKL166C,YNR032C-A,8.244596392614767e-05
YKL166C,YGL178W,2.9565065950976077e-09
YKL166C,YKL116C,0.10218897461891174
YKL166C,YDL214C,2.5814471882767975e-05
YKL166C,YLR362W,7.230252231345616e-14
YKL166C,YER068W,0.10767602920532227
YKL166C,YHR084W,1.7151644687851686e-11
YKL166C,YDR392W,2.012461586264891e-10
YKL166C,YNL053W,1.0528195559800224e-07
YKL166C,YGR040W,1.2070791854057461e-05
YKL166C,YDL216C,3.6144309345571726e-16
YKL166C,YOL117W,2.4051051948636992e-12
YKL166C,YJR086W,2.883610234274969e-13
YKL166C,YMR025W,9.262697631129413e-07
YKL166C,YBR081C,2.85275035594168e-07
YKL166C,YFL026W,0.010147908702492714
YKL166C,YHL007C,4.726552829681374e-11
YKL166C,YNR044W,3.339720569783822e-05
YKL166C,YNL271C,1.6704751033103094e-05
YKL166C,YDR200C,0.05686422064900398
YKL166C,YKL178C,4.802068360731937e-07
YKL166C,YOR212W,0.0013443994102999568
YKL166C,YOL111C,1.8994439798802887e-08
YKL166C,YGL032C,0.0012545359786599874
YKL166C,YHR005C,1.831806351049181e-08
YKL166C,YDR103W,1.569228480491347e-08
YKL166C,YJR084W,1.3539814744945033e-06
YKL166C,YCL032W,2.7563784144035708e-08
YKL166C,YJL170C,9.534797413834895e-07
YKL166C,YDR179C,9.03727667787152e-13
YKL166C,YBR095C,4.6777637319195264e-11
YKL166C,YLL021W,3.3979551517404616e-05
YKL166C,YDL159W,1.7156298603993037e-10
YKL166C,YNL161W,3.261112768715435e-10
YKL166C,YNL188W,7.149374950561616e-13
YKL166C,YJL157C,1.5610689407807854e-09
YKL166C,YJL034W,9.559015552440542e-07
YKL166C,YLR238W,1.5009627318818275e-08
YKL166C,YPR141C,1.719456861337676e-07
YKL166C,YNL127W,1.5166698119628563e-08
YKL166C,YCL055W,1.0624358164068592e-11
YKL166C,YPR122W,0.01442644651979208
YKL166C,YMR065W,0.005915071349591017
YKL166C,YDR356W,4.609990185144852e-07
YKL166C,YMR052W,0.00014134435332380235
YKL166C,YFR008W,1.0754566589490575e-13
YKL166C,YLL043W,2.3783331207227754e-11
YKL166C,YMR029C,1.7993188536347127e-11
YKL166C,YJR004C,3.876100436173147e-06
YKL166C,YDL223C,1.5194642402339932e-15
YKL166C,YHR158C,3.666132328272731e-11
YKL166C,YGR238C,0.0005159787833690643
YKL166C,YIL015W,0.2104724645614624
YKL166C,YGL173C,2.5214554888464136e-09
YKL166C,YDL225W,4.5871145770703947e-10
YKL166C,YLR330W,2.1353598056439438e-10
YKL166C,YBR129C,7.652636668353807e-06
YKL166C,YKR095W-A,0.2020167112350464
YKL166C,YPR075C,3.0225734803934756e-07
YKL166C,YMR198W,8.985786337234458e-08
YKL166C,YOR127W,3.827463679328957e-09
YKL166C,YDR264C,6.752939678798808e-13
YKL166C,YLR110C,9.786274313228205e-05
YKL166C,YDR379W,2.965225576190278e-07
YKL166C,YDL100C,7.612506180976197e-08
YKL166C,YHR073W,9.325175369667704e-07
YKL166C,YJR090C,4.3527982204296385e-20
YKL166C,YOR208W,4.812351038496754e-12
YKL166C,YBR040W,0.0064934235997498035
YKL166C,YNL279W,2.7861190687872295e-07
YKL166C,YER075C,3.2166188115856365e-12
YKL166C,YCR089W,0.004632230382412672
YKL166C,YCR002C,6.012111953168642e-06
YKL166C,YJL108C,2.9618944608955644e-05
YKL166C,YBR200W,1.0522063348616939e-05
YKL166C,YIL026C,1.4085087514104089e-06
YKL166C,YJR076C,7.134268287245504e-09
YKL166C,YKR031C,1.1623465070442762e-06
YKL166C,YPL192C,5.915609798887167e-13
YKL166C,YHR107C,4.4015006618819755e-14
YKL166C,YIL037C,5.641884490614757e-05
YKL166C,YPL156C,9.903250663967356e-09
YKL166C,YIL117C,4.021809218102135e-06
YKL166C,YHR066W,3.486660955317058e-20
YKL166C,YML085C,1.150126445281785e-05
YKL166C,YML047C,5.62561297101638e-07
YKL166C,YDR312W,8.369732995561208e-08
YKL166C,YFL037W,5.0232458306709304e-05
YKL166C,YDL038C,0.2020167112350464
YKL166C,YDL039C,6.33082475332003e-11
YKL166C,YCL027W,7.109996147391939e-08
YKL166C,YML124C,1.030388921208214e-05
YKL166C,YGL053W,4.088686420683496e-12
YKL166C,YMR232W,9.82828532869462e-06
YKL166C,YNL298W,1.4995326864664094e-06
YKL166C,YGL099W,2.769052522000326e-11
YKL166C,YBL016W,3.0657371098641306e-05
YKL166C,YAL041W,9.572122650070014e-09
YKL166C,YDR085C,1.4462403896686737e-06
YKL166C,YPL187W,0.06659509986639023
YKL166C,YPL256C,6.933169316436505e-12
YKL166C,YDR461W,5.375612545321928e-06
YKL166C,YNL145W,1.1425442536516783e-10
YPR107C,YDL165W,1.9382451199589923e-08
YPR107C,YGR059W,1.3963935910354941e-11
YPR107C,YBR109C,0.4831615388393402
YPR107C,YJL080C,0.0006341903936117887
YPR107C,YCR093W,0.0009541383478790522
YPR107C,YIL122W,9.800485258892877e-07
YPR107C,YCL029C,3.029514486496687e-11
YPR107C,YNL173C,5.284865096655267e-07
YPR107C,YLR452C,0.0042709531262516975
YPR107C,YDL160C,0.0015197261236608028
YPR107C,YLR229C,0.008645779453217983
YPR107C,YML057W,4.473989974940196e-06
YPR107C,YER149C,0.26537665724754333
YPR107C,YMR305C,6.928529910510406e-05
YPR107C,YLR433C,2.0801381594992563e-07
YPR107C,YJL073W,2.630831533526057e-12
YPR107C,YGR279C,0.0072026243433356285
YPR107C,YKL190W,4.951607124326074e-08
YPR107C,YGL089C,0.022912412881851196
YPR107C,YJL019W,0.9965483546257019
YPR107C,YJL018W,0.00032301153987646103
YPR107C,YNR032C-A,0.999996542930603
YPR107C,YGL178W,0.0029377019964158535
YPR107C,YKL116C,1.738057142652849e-09
YPR107C,YDL214C,0.9791253209114075
YPR107C,YLR362W,0.0002446660946588963
YPR107C,YER068W,5.531454405627301e-08
YPR107C,YHR084W,1.5294845070457086e-06
YPR107C,YDR392W,0.0002630110247991979
YPR107C,YNL053W,0.016528379172086716
YPR107C,YGR040W,0.9989583492279053
YPR107C,YDL216C,0.22955767810344696
YPR107C,YOL117W,2.0729340466374424e-09
YPR107C,YJR086W,0.050813015550374985
YPR107C,YMR025W,0.6193795800209045
YPR107C,YBR081C,0.977813720703125
YPR107C,YFL026W,6.20434761344768e-08
YPR107C,YHL007C,0.034455858170986176
YPR107C,YNR044W,2.6330935725127347e-05
YPR107C,YNL271C,0.14981329441070557
YPR107C,YDR200C,2.470718573022168e-05
YPR107C,YKL178C,0.9007554650306702
YPR107C,YOR212W,0.8715721368789673
YPR107C,YOL111C,4.970846650964589e-11
YPR107C,YGL032C,7.644315735966245e-11
YPR107C,YHR005C,0.7417566180229187
YPR107C,YDR103W,0.003713524667546153
YPR107C,YJR084W,0.00015876756515353918
YPR107C,YCL032W,0.1258697360754013
YPR107C,YJL170C,0.048799410462379456
YPR107C,YDR179C,3.142738212681337e-14
YPR107C,YBR095C,6.471978508670873e-07
YPR107C,YLL021W,0.004400359466671944
YPR107C,YDL159W,9.713928328380916e-09
YPR107C,YNL161W,0.34229129552841187
YPR107C,YNL188W,6.460153144871583e-06
YPR107C,YJL157C,0.0002083079016301781
YPR107C,YJL034W,9.461383933262457e-12
YPR107C,YLR238W,1.2585779529672436e-07
YPR107C,YPR141C,1.5935745523165679e-07
YPR107C,YNL127W,3.2341635233024135e-05
YPR107C,YCL055W,6.800609116908163e-05
YPR107C,YPR122W,8.496914233546704e-05
YPR107C,YMR065W,8.597621490480378e-05
YPR107C,YDR356W,0.008697337470948696
YPR107C,YMR052W,0.9998414516448975
YPR107C,YFR008W,0.0011453600600361824
YPR107C,YLL043W,0.24522526562213898
YPR107C,YMR029C,2.2687295313517097e-06
YPR107C,YJR004C,7.486843242077157e-05
YPR107C,YDL223C,1.6491571441790143e-09
YPR107C,YHR158C,7.017879966042528e-08
YPR107C,YGR238C,2.228206739118832e-07
YPR107C,YIL015W,0.00015988340601325035
YPR107C,YGL173C,0.15828420221805573
YPR107C,YDL225W,1.2086213700968074e-06
YPR107C,YLR330W,9.414365194970742e-05
YPR107C,YBR129C,0.001654757303185761
YPR107C,YKR095W-A,0.2020167112350464
YPR107C,YPR075C,3.8696104653901386e-10
YPR107C,YMR198W,0.7558354735374451
YPR107C,YOR127W,7.089581686159363e-07
YPR107C,YDR264C,0.005308676511049271
YPR107C,YLR110C,3.962959453929216e-05
YPR107C,YDR379W,2.0021103409817442e-05
YPR107C,YDL100C,0.39973917603492737
YPR107C,YHR073W,0.0005400123773142695
YPR107C,YJR090C,9.935092384694144e-05
YPR107C,YOR208W,8.252554125430371e-16
YPR107C,YBR040W,0.007987133227288723
YPR107C,YNL279W,0.12998656928539276
YPR107C,YER075C,0.0009867380140349269
YPR107C,YCR089W,0.0007078939233906567
YPR107C,YCR002C,0.9966716766357422
YPR107C,YJL108C,9.429259648641164e-07
YPR107C,YBR200W,6.399557605618611e-06
YPR107C,YIL026C,0.0016187385190278292
YPR107C,YJR076C,4.047485191449596e-08
YPR107C,YKR031C,0.6239131093025208
YPR107C,YPL192C,7.43002601666376e-06
YPR107C,YHR107C,0.0004359866143204272
YPR107C,YIL037C,0.7526999115943909
YPR107C,YPL156C,0.015757448971271515
YPR107C,YIL117C,0.00443087425082922
YPR107C,YHR066W,1.7982982880582199e-09
YPR107C,YML085C,1.8469435758561303e-07
YPR107C,YML047C,0.11481369286775589
YPR107C,YDR312W,0.467119038105011
YPR107C,YFL037W,0.9551631808280945
YPR107C,YDL038C,0.2020167112350464
YPR107C,YDL039C,1.2333218647742061e-11
YPR107C,YCL027W,0.4475701153278351
YPR107C,YML124C,0.15259812772274017
YPR107C,YGL053W,0.018208781257271767
YPR107C,YMR232W,3.8304617191897705e-05
YPR107C,YNL298W,2.3093627987691434e-06
YPR107C,YGL099W,1.1082982448451517e-10
YPR107C,YBL016W,1.224637058427902e-11
YPR107C,YAL041W,0.0004095778276678175
YPR107C,YDR085C,1.0917967301793396e-05
YPR107C,YPL187W,0.04733449965715408
YPR107C,YPL256C,0.019648559391498566
YPR107C,YDR461W,3.807940508266644e-17
YPR107C,YNL145W,2.3227408885162504e-09
YOR179C,YDL165W,2.4458664427129406e-08
YOR179C,YGR059W,0.0003870991640724242
YOR179C,YBR109C,0.0004828932578675449
YOR179C,YJL080C,8.418243879759757e-08
YOR179C,YCR093W,0.0007882204954512417
YOR179C,YIL122W,0.0011021847603842616
YOR179C,YCL029C,1.5595702279824764e-05
YOR179C,YNL173C,1.1969696067648528e-10
YOR179C,YLR452C,0.02400902472436428
YOR179C,YDL160C,2.0193874661345035e-05
YOR179C,YLR229C,2.1130375069781395e-16
YOR179C,YML057W,1.0464347610650293e-08
YOR179C,YER149C,0.00013456570741254836
YOR179C,YMR305C,1.652116554673455e-09
YOR179C,YLR433C,8.682243901603215e-07
YOR179C,YJL073W,9.792412214437718e-09
YOR179C,YGR279C,2.3743000973500475e-14
YOR179C,YKL190W,5.7004189563114593e-11
YOR179C,YGL089C,2.0298806191476615e-08
YOR179C,YJL019W,1.3339919860300142e-05
YOR179C,YJL018W,0.00018861230637412518
YOR179C,YNR032C-A,0.0006759971147403121
YOR179C,YGL178W,0.0005936417146585882
YOR179C,YKL116C,1.4929522876627743e-05
YOR179C,YDL214C,7.291089398897554e-10
YOR179C,YLR362W,1.4851568153062544e-07
YOR179C,YER068W,5.752301033504909e-14
YOR179C,YHR084W,0.9891539216041565
YOR179C,YDR392W,0.12075542658567429
YOR179C,YNL053W,0.026695607230067253
YOR179C,YGR040W,5.792570689777676e-08
YOR179C,YDL216C,1.3177374746931036e-09
YOR179C,YOL117W,2.3312268456789076e-13
YOR179C,YJR086W,2.3635600882698782e-05
YOR179C,YMR025W,0.008416227996349335
YOR179C,YBR081C,0.015734657645225525
YOR179C,YFL026W,2.2469674121339267e-08
YOR179C,YHL007C,0.9888230562210083
YOR179C,YNR044W,2.6653165718926175e-07
YOR179C,YNL271C,1.9186439104146302e-08
YOR179C,YDR200C,1.7275222918833322e-11
YOR179C,YKL178C,3.961167749366723e-08
YOR179C,YOR212W,0.21920877695083618
YOR179C,YOL111C,2.3942860138959077e-07
YOR179C,YGL032C,0.001809208421036601
YOR179C,YHR005C,4.419819887857557e-08
YOR179C,YDR103W,1.4674705539619026e-07
YOR179C,YJR084W,1.543971284156953e-09
YOR179C,YCL032W,0.024798234924674034
YOR179C,YJL170C,4.452182977843222e-08
YOR179C,YDR179C,0.002850321587175131
YOR179C,YBR095C,2.911985393438954e-05
YOR179C,YLL021W,0.0020449657458812
YOR179C,YDL159W,7.434999664546194e-12
YOR179C,YNL161W,4.51192772743525e-06
YOR179C,YNL188W,6.7278067561460375e-09
YOR179C,YJL157C,0.6620864868164062
YOR179C,YJL034W,1.4529600667143733e-13
YOR179C,YLR238W,0.00037473379052244127
YOR179C,YPR141C,1.5205618808522559e-07
YOR179C,YNL127W,1.88363907804856e-11
YOR179C,YCL055W,1.7531341654830612e-05
YOR179C,YPR122W,0.37827369570732117
YOR179C,YMR065W,0.0007410586695186794
YOR179C,YDR356W,3.908388680429198e-05
YOR179C,YMR052W,6.631653832300799e-06
YOR179C,YFR008W,1.546343628433533e-05
YOR179C,YLL043W,8.401717423112132e-06
YOR179C,YMR029C,1.612934563688384e-09
YOR179C,YJR004C,2.6873270275729055e-10
YOR179C,YDL223C,7.084657262701379e-15
YOR179C,YHR158C,5.823772426083451e-06
YOR179C,YGR238C,1.865411114465587e-08
YOR179C,YIL015W,8.983059274214611e-07
YOR179C,YGL173C,0.00011714175343513489
YOR179C,YDL225W,6.335419311653823e-05
YOR179C,YLR330W,1.1440134528584167e-07
YOR179C,YBR129C,0.5160343050956726
YOR179C,YKR095W-A,0.2020167112350464
YOR179C,YPR075C,1.8823407277324122e-09
YOR179C,YMR198W,4.001490339078373e-08
YOR179C,YOR127W,9.848500485531986e-05
YOR179C,YDR264C,8.277389156319259e-07
YOR179C,YLR110C,3.7560225762955923e-11
YOR179C,YDR379W,6.22131124394798e-10
YOR179C,YDL100C,1.1905788577237786e-09
YOR179C,YHR073W,4.091018581675598e-06
YOR179C,YJR090C,0.0009359906543977559
YOR179C,YOR208W,1.763076539038134e-19
YOR179C,YBR040W,7.687600373174064e-06
YOR179C,YNL279W,3.6533245910885456e-14
YOR179C,YER075C,0.0024292482994496822
YOR179C,YCR089W,2.0771993847201742e-10
YOR179C,YCR002C,3.6266363167669624e-05
YOR179C,YJL108C,3.180222307719305e-09
YOR179C,YBR200W,9.537696854522437e-09
YOR179C,YIL026C,4.27540225445e-09
YOR179C,YJR076C,5.272920316201635e-05
YOR179C,YKR031C,0.9340003132820129
YOR179C,YPL192C,8.732701644476037e-06
YOR179C,YHR107C,3.18107680641333e-07
YOR179C,YIL037C,8.133434192814093e-08
YOR179C,YPL156C,5.8748479204950854e-05
YOR179C,YIL117C,2.085876303681289e-06
YOR179C,YHR066W,5.9629550378303975e-05
YOR179C,YML085C,1.1449759394180532e-15
YOR179C,YML047C,8.140024146996439e-05
YOR179C,YDR312W,0.003463323228061199
YOR179C,YFL037W,3.653391189573085e-08
YOR179C,YDL038C,0.2020167112350464
YOR179C,YDL039C,1.3240636072362616e-13
YOR179C,YCL027W,4.53629798655153e-12
YOR179C,YML124C,2.5606499143293604e-09
YOR179C,YGL053W,0.00034586890251375735
YOR179C,YMR232W,2.6426945076707398e-09
YOR179C,YNL298W,2.7423532888981583e-10
YOR179C,YGL099W,1.893725425361481e-07
YOR179C,YBL016W,0.0013322655577212572
YOR179C,YAL041W,3.118980384897441e-05
YOR179C,YDR085C,4.452843427316111e-09
YOR179C,YPL187W,0.003955243621021509
YOR179C,YPL256C,1.5989103303581942e-06
YOR179C,YDR461W,3.7395562685560435e-05
YOR179C,YNL145W,5.90280435641688e-10
YNL147W,YDL165W,0.009737842716276646
YNL147W,YGR059W,2.029756842603092e-06
YNL147W,YBR109C,4.3988973629893735e-05
YNL147W,YJL080C,6.455212475664496e-10
YNL147W,YCR093W,1.4967143215471879e-05
YNL147W,YIL122W,6.788522568967892e-06
YNL147W,YCL029C,2.476385016372904e-14
YNL147W,YNL173C,5.309145567622409e-09
YNL147W,YLR452C,0.001397699466906488
YNL147W,YDL160C,1.9986657662229845e-08
YNL147W,YLR229C,7.11110885731614e-08
YNL147W,YML057W,3.975560048274929e-06
YNL147W,YER149C,1.0112789037707189e-14
YNL147W,YMR305C,4.403252376050659e-07
YNL147W,YLR433C,8.302271226057201e-08
YNL147W,YJL073W,5.869359256394091e-07
YNL147W,YGR279C,1.1050555315250676e-07
YNL147W,YKL190W,8.506557325858208e-25
YNL147W,YGL089C,0.0028593293391168118
YNL147W,YJL019W,8.630511729279533e-05
YNL147W,YJL018W,0.09532135725021362
YNL147W,YNR032C-A,0.47046831250190735
YNL147W,YGL178W,6.205903439792174e-14
YNL147W,YKL116C,6.907327042426914e-05
YNL147W,YDL214C,0.0022025983780622482
YNL147W,YLR362W,4.000869466835866e-07
YNL147W,YER068W,1.1294372555259447e-11
YNL147W,YHR084W,4.369238013168797e-06
YNL147W,YDR392W,1.6909654732444324e-05
YNL147W,YNL053W,2.0167249203950632e-06
YNL147W,YGR040W,8.011671326357828e-09
YNL147W,YDL216C,3.2549497494017976e-13
YNL147W,YOL117W,5.866818924005202e-07
YNL147W,YJR086W,1.236615275956865e-06
YNL147W,YMR025W,0.11710908263921738
YNL147W,YBR081C,0.015693562105298042
YNL147W,YFL026W,3.977039341407362e-06
YNL147W,YHL007C,2.9986332861220433e-10
YNL147W,YNR044W,1.0712358999853677e-08
YNL147W,YNL271C,5.32770027348306e-05
YNL147W,YDR200C,2.872407911524988e-08
YNL147W,YKL178C,0.7383099794387817
YNL147W,YOR212W,1.6118092389660887e-05
YNL147W,YOL111C,5.2720583454402e-10
YNL147W,YGL032C,2.1911546355113387e-07
YNL147W,YHR005C,2.590871008578688e-05
YNL147W,YDR103W,7.33195371083184e-09
YNL147W,YJR084W,0.0019694010261446238
YNL147W,YCL032W,0.0057306974194943905
YNL147W,YJL170C,0.0009187230607494712
YNL147W,YDR179C,1.6689013926786227e-14
YNL147W,YBR095C,0.010828107595443726
YNL147W,YLL021W,0.002640889259055257
YNL147W,YDL159W,3.3991432246693876e-06
YNL147W,YNL161W,7.578998065582709e-06
YNL147W,YNL188W,1.3106699753295814e-11
YNL147W,YJL157C,0.07155430316925049
YNL147W,YJL034W,2.9108035981550984e-09
YNL147W,YLR238W,4.19956813857425e-06
YNL147W,YPR141C,5.561712896451354e-05
YNL147W,YNL127W,5.669401434715837e-05
YNL147W,YCL055W,0.003025102661922574
YNL147W,YPR122W,0.020393310114741325
YNL147W,YMR065W,0.00043269683374091983
YNL147W,YDR356W,0.0001772593823261559
YNL147W,YMR052W,0.0006461715674959123
YNL147W,YFR008W,4.595180200794857e-07
YNL147W,YLL043W,3.884774012891112e-12
YNL147W,YMR029C,0.18311424553394318
YNL147W,YJR004C,2.030930268404063e-08
YNL147W,YDL223C,3.4967897022397665e-07
YNL147W,YHR158C,4.6295735955936834e-05
YNL147W,YGR238C,3.2753796403994784e-05
YNL147W,YIL015W,3.5236392796622606e-12
YNL147W,YGL173C,1.569076459873031e-07
YNL147W,YDL225W,1.9338582291084094e-08
YNL147W,YLR330W,1.9687058927519985e-10
YNL147W,YBR129C,6.508523711090675e-06
YNL147W,YKR095W-A,0.2020167112350464
YNL147W,YPR075C,5.515361523609e-14
YNL147W,YMR198W,0.004195172339677811
YNL147W,YOR127W,8.616200375399785e-08
YNL147W,YDR264C,2.9005822743677356e-10
YNL147W,YLR110C,2.5935455028047727e-07
YNL147W,YDR379W,2.896533430885029e-07
YNL147W,YDL100C,3.2344380542781437e-06
YNL147W,YHR073W,1.116446583182551e-05
YNL147W,YJR090C,3.791477922732156e-07
YNL147W,YOR208W,2.7860127936333166e-17
YNL147W,YBR040W,0.01547873392701149
YNL147W,YNL279W,1.1271275752733345e-06
YNL147W,YER075C,2.3203030252716417e-07
YNL147W,YCR089W,5.288857459623264e-14
YNL147W,YCR002C,6.04146453042631e-06
YNL147W,YJL108C,0.0001472061558160931
YNL147W,YBR200W,4.7291944665905916e-11
YNL147W,YIL026C,3.9666574025432055e-08
YNL147W,YJR076C,2.7370464835557717e-12
YNL147W,YKR031C,0.013103494420647621
YNL147W,YPL192C,1.0855631444428582e-05
YNL147W,YHR107C,5.312734988195862e-19
YNL147W,YIL037C,0.0006595319136977196
YNL147W,YPL156C,2.14988790503412e-06
YNL147W,YIL117C,0.9750628471374512
YNL147W,YHR066W,3.2467667665514455e-08
YNL147W,YML085C,4.176952870015363e-20
YNL147W,YML047C,4.142046350352757e-08
YNL147W,YDR312W,3.1634646013856127e-09
YNL147W,YFL037W,7.722761097284092e-08
YNL147W,YDL038C,0.2020167112350464
YNL147W,YDL039C,1.4802961523230351e-08
YNL147W,YCL027W,2.5301947061961982e-06
YNL147W,YML124C,2.8934832274284586e-24
YNL147W,YGL053W,2.5971642116928706e-06
YNL147W,YMR232W,0.30709099769592285
YNL147W,YNL298W,8.407655810709763e-15
YNL147W,YGL099W,5.055432526594739e-13
YNL147W,YBL016W,8.059263478799039e-08
YNL147W,YAL041W,0.47082382440567017
YNL147W,YDR085C,0.006678126286715269
YNL147W,YPL187W,0.002283375710248947
YNL147W,YPL256C,4.928704666617989e-10
YNL147W,YDR461W,0.00029887628625147045
YNL147W,YNL145W,4.7347479267045856e-05
YJL071W,YDL165W,1.0442969141877256e-05
YJL071W,YGR059W,5.958843973807859e-10
YJL071W,YBR109C,4.294011159799993e-05
YJL071W,YJL080C,9.91937704384327e-05
YJL071W,YCR093W,1.8261036530020647e-05
YJL071W,YIL122W,0.00020486698485910892
YJL071W,YCL029C,0.002100002719089389
YJL071W,YNL173C,2.587052705393944e-08
YJL071W,YLR452C,0.0020462749525904655
YJL071W,YDL160C,0.9786131381988525
YJL071W,YLR229C,2.826700438163243e-07
YJL071W,YML057W,1.579057522758942e-13
YJL071W,YER149C,0.06416355818510056
YJL071W,YMR305C,1.2027487628074596e-07
YJL071W,YLR433C,2.0481602525102005e-11
YJL071W,YJL073W,8.260133549375936e-11
YJL071W,YGR279C,3.5434288747637765e-06
YJL071W,YKL190W,0.001416291343048215
YJL071W,YGL089C,5.076519471458596e-08
YJL071W,YJL019W,0.010898024775087833
YJL071W,YJL018W,0.01834992691874504
YJL071W,YNR032C-A,0.006445128004997969
YJL071W,YGL178W,4.6783816287643276e-07
YJL071W,YKL116C,3.131061188099693e-09
YJL071W,YDL214C,1.469180332946962e-11
YJL071W,YLR362W,2.0251371922724165e-14
YJL071W,YER068W,2.46381987381028e-05
YJL071W,YHR084W,1.0594312698231079e-06
YJL071W,YDR392W,7.893235078881844e-07
YJL071W,YNL053W,1.289323581232793e-08
YJL071W,YGR040W,1.0825755847321261e-09
YJL071W,YDL216C,1.0361245195156243e-09
YJL071W,YOL117W,3.0717484111875137e-09
YJL071W,YJR086W,7.636621196516202e-11
YJL071W,YMR025W,5.952902615291578e-10
YJL071W,YBR081C,0.0012780287070199847
YJL071W,YFL026W,1.2595607890020233e-10
YJL071W,YHL007C,5.347010834100274e-09
YJL071W,YNR044W,7.354538505977004e-11
YJL071W,YNL271C,0.000143124969326891
YJL071W,YDR200C,1.1797637853305787e-06
YJL071W,YKL178C,1.2283414285718663e-09
YJL071W,YOR212W,4.270463538347258e-09
YJL071W,YOL111C,0.030051346868276596
YJL071W,YGL032C,1.1017020629111585e-09
YJL071W,YHR005C,1.6070860056061065e-06
YJL071W,YDR103W,2.8609640878585196e-08
YJL071W,YJR084W,4.516359508599521e-10
YJL071W,YCL032W,0.0008912697667255998
YJL071W,YJL170C,0.0010687521426007152
YJL071W,YDR179C,9.499456776751458e-10
YJL071W,YBR095C,3.918543267644736e-09
YJL071W,YLL021W,5.415632813310367e-07
YJL071W,YDL159W,5.676705850179986e-13
YJL071W,YNL161W,6.337412261636644e-10
YJL071W,YNL188W,1.1684733181027696e-09
YJL071W,YJL157C,9.591152405619141e-08
YJL071W,YJL034W,1.5056814302305543e-13
YJL071W,YLR238W,2.340222416893911e-12
YJL071W,YPR141C,7.203030172320268e-09
YJL071W,YNL127W,1.0054255206171092e-08
YJL071W,YCL055W,1.0821816018596089e-16
YJL071W,YPR122W,7.505421839582027e-10
YJL071W,YMR065W,4.823967537959106e-05
YJL071W,YDR356W,2.3551103289776165e-09
YJL071W,YMR052W,4.556231836261304e-09
YJL071W,YFR008W,0.001155629986897111
YJL071W,YLL043W,3.033379991634888e-09
YJL071W,YMR029C,0.09286440908908844
YJL071W,YJR004C,4.32422153640033e-10
YJL071W,YDL223C,2.107510265478632e-13
YJL071W,YHR158C,1.8621551589603769e-06
YJL071W,YGR238C,3.4253943431705736e-11
YJL071W,YIL015W,2.7270294822301366e-07
YJL071W,YGL173C,7.84593296998537e-08
YJL071W,YDL225W,1.5952990040091208e-09
YJL071W,YLR330W,0.008185204118490219
YJL071W,YBR129C,3.8959455106457597e-10
YJL071W,YKR095W-A,0.2020167112350464
YJL071W,YPR075C,4.78778292745119e-06
YJL071W,YMR198W,1.2171091912094312e-10
YJL071W,YOR127W,5.1647589316417e-06
YJL071W,YDR264C,6.376497196924902e-08
YJL071W,YLR110C,0.40192991495132446
YJL071W,YDR379W,1.6186559037567605e-11
YJL071W,YDL100C,1.5396299513081857e-10
YJL071W,YHR073W,7.1567595599786316e-12
YJL071W,YJR090C,5.092180543897484e-08
YJL071W,YOR208W,1.2865280396567869e-08
YJL071W,YBR040W,1.091399415287242e-09
YJL071W,YNL279W,5.1144277676939964e-05
YJL071W,YER075C,1.3166805423736605e-08
YJL071W,YCR089W,2.436649786021622e-13
YJL071W,YCR002C,5.481380974114991e-11
YJL071W,YJL108C,2.2136009647510946e-07
YJL071W,YBR200W,0.000978585914708674
YJL071W,YIL026C,6.16911202087067e-05
YJL071W,YJR076C,6.421980174309283e-07
YJL071W,YKR031C,2.249994895259233e-12
YJL071W,YPL192C,2.178784791473376e-10
YJL071W,YHR107C,2.369076934627401e-09
YJL071W,YIL037C,1.1277899147899006e-06
YJL071W,YPL156C,0.00020130029588472098
YJL071W,YIL117C,5.637291078386397e-09
YJL071W,YHR066W,7.683462199814528e-11
YJL071W,YML085C,0.00010610096069285646
YJL071W,YML047C,2.6501059124939275e-08
YJL071W,YDR312W,1.564293597766664e-05
YJL071W,YFL037W,0.6113163232803345
YJL071W,YDL038C,0.2020167112350464
YJL071W,YDL039C,1.401036370252129e-10
YJL071W,YCL027W,4.897659096059215e-07
YJL071W,YML124C,0.0005126882460899651
YJL071W,YGL053W,1.9272141571491375e-07
YJL071W,YMR232W,0.00011001337406923994
YJL071W,YNL298W,9.845779231909546e-07
YJL071W,YGL099W,6.294825425356976e-07
YJL071W,YBL016W,7.607155749995956e-18
YJL071W,YAL041W,2.636539424283324e-11
YJL071W,YDR085C,5.02309694638825e-06
YJL071W,YPL187W,0.0006213632295839489
YJL071W,YPL256C,1.6956373371374012e-12
YJL071W,YDR461W,2.676889153008233e-06
YJL071W,YNL145W,0.008538479916751385
YNL294C,YDL165W,6.333983559869694e-09
YNL294C,YGR059W,8.22598933414298e-10
YNL294C,YBR109C,4.2306433556404954e-07
YNL294C,YJL080C,0.00011854344484163448
YNL294C,YCR093W,0.000527817930560559
YNL294C,YIL122W,5.517926183529198e-06
YNL294C,YCL029C,6.360417046380462e-06
YNL294C,YNL173C,0.001703255926258862
YNL294C,YLR452C,0.0010380217572674155
YNL294C,YDL160C,1.9748660633922555e-05
YNL294C,YLR229C,0.0003346143348608166
YNL294C,YML057W,0.025357607752084732
YNL294C,YER149C,0.0006319580134004354
YNL294C,YMR305C,0.7011390328407288
YNL294C,YLR433C,0.6283159255981445
YNL294C,YJL073W,2.39382752624806e-05
YNL294C,YGR279C,0.04661986231803894
YNL294C,YKL190W,0.0006513402331620455
YNL294C,YGL089C,0.0030237382743507624
YNL294C,YJL019W,0.0011725398944690824
YNL294C,YJL018W,0.16796322166919708
YNL294C,YNR032C-A,0.9986592531204224
YNL294C,YGL178W,4.7332267882893575e-08
YNL294C,YKL116C,1.4045874381120316e-13
YNL294C,YDL214C,0.0016394132981076837
YNL294C,YLR362W,8.027160220080987e-06
YNL294C,YER068W,2.4021208133717664e-08
YNL294C,YHR084W,1.779257985390359e-08
YNL294C,YDR392W,0.9560517072677612
YNL294C,YNL053W,0.0002935541560873389
YNL294C,YGR040W,9.211889846483245e-05
YNL294C,YDL216C,0.9994564652442932
YNL294C,YOL117W,0.00039812407339923084
YNL294C,YJR086W,0.00792128685861826
YNL294C,YMR025W,0.9915664792060852
YNL294C,YBR081C,0.5207715630531311
YNL294C,YFL026W,0.004318469204008579
YNL294C,YHL007C,0.0005281901103444397
YNL294C,YNR044W,0.9999643564224243
YNL294C,YNL271C,0.7286758422851562
YNL294C,YDR200C,0.034869227558374405
YNL294C,YKL178C,2.4766436013123894e-07
YNL294C,YOR212W,1.8818716398527613e-06
YNL294C,YOL111C,2.2293204134386964e-15
YNL294C,YGL032C,0.0015491917729377747
YNL294C,YHR005C,0.9520664811134338
YNL294C,YDR103W,0.00013634345668833703
YNL294C,YJR084W,0.002330677816644311
YNL294C,YCL032W,0.9760965704917908
YNL294C,YJL170C,0.04488424211740494
YNL294C,YDR179C,7.726812611963396e-08
YNL294C,YBR095C,0.0025245167780667543
YNL294C,YLL021W,0.3441139757633209
YNL294C,YDL159W,1.9888000224455027e-07
YNL294C,YNL161W,0.000765971199143678
YNL294C,YNL188W,5.190882390593288e-08
YNL294C,YJL157C,0.6360476016998291
YNL294C,YJL034W,3.152958579985543e-13
YNL294C,YLR238W,0.15667614340782166
YNL294C,YPR141C,0.7286081910133362
YNL294C,YNL127W,2.897453441619291e-07
YNL294C,YCL055W,7.208912848000182e-06
YNL294C,YPR122W,0.12622401118278503
YNL294C,YMR065W,0.9157382845878601
YNL294C,YDR356W,0.002524387091398239
YNL294C,YMR052W,0.02148643136024475
YNL294C,YFR008W,0.9976558685302734
YNL294C,YLL043W,0.0025576427578926086
YNL294C,YMR029C,0.3881159722805023
YNL294C,YJR004C,4.8039702960522845e-05
YNL294C,YDL223C,1.4717430392603963e-16
YNL294C,YHR158C,5.531994247576222e-06
YNL294C,YGR238C,5.840541592028181e-12
YNL294C,YIL015W,0.0036849912721663713
YNL294C,YGL173C,0.9151052832603455
YNL294C,YDL225W,1.6718518236480406e-10
YNL294C,YLR330W,3.206379687981098e-06
YNL294C,YBR129C,0.022998327389359474
YNL294C,YKR095W-A,0.2020167112350464
YNL294C,YPR075C,3.0889200388628524e-06
YNL294C,YMR198W,0.7822330594062805
YNL294C,YOR127W,0.0024018210824579
YNL294C,YDR264C,3.6373307921167e-07
YNL294C,YLR110C,0.006926767062395811
YNL294C,YDR379W,0.0025387408677488565
YNL294C,YDL100C,6.070803920010803e-06
YNL294C,YHR073W,9.056156159203965e-06
YNL294C,YJR090C,1.3867675063838902e-10
YNL294C,YOR208W,7.423924398608506e-05
YNL294C,YBR040W,0.9999997615814209
YNL294C,YNL279W,0.9992613196372986
YNL294C,YER075C,0.9982511401176453
YNL294C,YCR089W,0.038482315838336945
YNL294C,YCR002C,3.1447538617612736e-07
YNL294C,YJL108C,0.8677305579185486
YNL294C,YBR200W,0.1516440510749817
YNL294C,YIL026C,0.0004613623605109751
YNL294C,YJR076C,5.515373118214484e-07
YNL294C,YKR031C,0.019440317526459694
YNL294C,YPL192C,0.8720653653144836
YNL294C,YHR107C,0.11844994127750397
YNL294C,YIL037C,0.5311424136161804
YNL294C,YPL156C,0.9800041317939758
YNL294C,YIL117C,5.528091605810914e-06
YNL294C,YHR066W,1.4290387269755967e-23
YNL294C,YML085C,0.9982354640960693
YNL294C,YML047C,0.9149371981620789
YNL294C,YDR312W,9.2160711062661e-08
YNL294C,YFL037W,0.0054896678775548935
YNL294C,YDL038C,0.2020167112350464
YNL294C,YDL039C,1.1892885114217489e-11
YNL294C,YCL027W,0.9536370038986206
YNL294C,YML124C,0.02886093035340309
YNL294C,YGL053W,2.71143619556824e-07
YNL294C,YMR232W,0.9717151522636414
YNL294C,YNL298W,0.9917763471603394
YNL294C,YGL099W,1.4854806273945087e-08
YNL294C,YBL016W,0.0001249676861334592
YNL294C,YAL041W,0.0043125213123857975
YNL294C,YDR085C,6.08594064033241e-07
YNL294C,YPL187W,0.001781580620445311
YNL294C,YPL256C,1.1773816055438147e-07
YNL294C,YDR461W,1.6959322257287571e-15
YNL294C,YNL145W,1.873087853709876e-07
YGL104C,YDL165W,3.486005425656913e-06
YGL104C,YGR059W,0.0001093674945877865
YGL104C,YBR109C,0.002762331161648035
YGL104C,YJL080C,2.6543740538897964e-09
YGL104C,YCR093W,0.00263047032058239
YGL104C,YIL122W,3.211028524674475e-05
YGL104C,YCL029C,1.0459418717800872e-06
YGL104C,YNL173C,0.002271543722599745
YGL104C,YLR452C,1.3544639898555033e-07
YGL104C,YDL160C,0.00015677951159887016
YGL104C,YLR229C,0.12767519056797028
YGL104C,YML057W,9.404883555969024e-13
YGL104C,YER149C,0.3004937469959259
YGL104C,YMR305C,5.552931892083279e-09
YGL104C,YLR433C,3.5056152682955144e-06
YGL104C,YJL073W,1.2087341103077862e-18
YGL104C,YGR279C,0.00015281701053027064
YGL104C,YKL190W,0.0020438460633158684
YGL104C,YGL089C,9.592140486347489e-06
YGL104C,YJL019W,0.0007406220538541675
YGL104C,YJL018W,0.0002614262339193374
YGL104C,YNR032C-A,1.2858939953730442e-05
YGL104C,YGL178W,0.525407075881958
YGL104C,YKL116C,3.2056166787697293e-07
YGL104C,YDL214C,0.9991024732589722
YGL104C,YLR362W,5.8752762654989965e-09
YGL104C,YER068W,9.271049634662631e-07
YGL104C,YHR084W,1.3381620301861769e-13
YGL104C,YDR392W,4.228345451551263e-11
YGL104C,YNL053W,0.7768502235412598
YGL104C,YGR040W,0.03686322644352913
YGL104C,YDL216C,0.00022268499014899135
YGL104C,YOL117W,7.752206147415563e-05
YGL104C,YJR086W,3.5173135984223336e-05
YGL104C,YMR025W,0.96639084815979
YGL104C,YBR081C,7.695896783843637e-06
YGL104C,YFL026W,5.330232255573719e-08
YGL104C,YHL007C,1.3274573662513944e-09
YGL104C,YNR044W,0.043471258133649826
YGL104C,YNL271C,2.420117198198568e-06
YGL104C,YDR200C,2.63932406596723e-06
YGL104C,YKL178C,0.00017111228953581303
YGL104C,YOR212W,1.9611448465184367e-08
YGL104C,YOL111C,2.6705078198574483e-05
YGL104C,YGL032C,2.8755414405168267e-07
YGL104C,YHR005C,4.360185994300991e-05
YGL104C,YDR103W,5.1170168262615334e-06
YGL104C,YJR084W,0.0015075583942234516
YGL104C,YCL032W,0.0003538672754075378
YGL104C,YJL170C,5.457358724925143e-07
YGL104C,YDR179C,4.3354217243128657e-13
YGL104C,YBR095C,0.004052909556776285
YGL104C,YLL021W,5.334806818524385e-09
YGL104C,YDL159W,5.731897734229108e-10
YGL104C,YNL161W,0.9959438443183899
YGL104C,YNL188W,6.282058251372291e-08
YGL104C,YJL157C,3.4443820018381643e-10
YGL104C,YJL034W,5.908514237769336e-14
YGL104C,YLR238W,8.250462002479253e-08
YGL104C,YPR141C,6.363897142591668e-08
YGL104C,YNL127W,0.0013518776977434754
YGL104C,YCL055W,2.1652202600308534e-11
YGL104C,YPR122W,0.0006815068190917373
YGL104C,YMR065W,0.22972533106803894
YGL104C,YDR356W,1.610343081104304e-09
YGL104C,YMR052W,0.01830868422985077
YGL104C,YFR008W,4.541457487849954e-12
YGL104C,YLL043W,6.391393867488659e-07
YGL104C,YMR029C,7.238882244564593e-05
YGL104C,YJR004C,2.8347099032544065e-06
YGL104C,YDL223C,4.282936865101052e-16
YGL104C,YHR158C,2.2179983716341667e-05
YGL104C,YGR238C,1.5851743739858648e-07
YGL104C,YIL015W,0.0024855623487383127
YGL104C,YGL173C,9.193322512146551e-06
YGL104C,YDL225W,9.810360097617377e-07
YGL104C,YLR330W,5.2674906214633666e-08
YGL104C,YBR129C,3.2097123039420694e-05
YGL104C,YKR095W-A,0.2020167112350464
YGL104C,YPR075C,1.9297829112474574e-08
YGL104C,YMR198W,1.2962632354174275e-06
YGL104C,YOR127W,2.3339980543823913e-05
YGL104C,YDR264C,0.020882051438093185
YGL104C,YLR110C,3.5682446650753263e-06
YGL104C,YDR379W,1.5468907804461196e-05
YGL104C,YDL100C,0.001964737195521593
YGL104C,YHR073W,2.574935820121027e-07
YGL104C,YJR090C,2.2359107898495267e-09
YGL104C,YOR208W,0.046885255724191666
YGL104C,YBR040W,0.9988551139831543
YGL104C,YNL279W,0.9887370467185974
YGL104C,YER075C,0.9250957369804382
YGL104C,YCR089W,8.372310549020767e-05
YGL104C,YCR002C,0.024552173912525177
YGL104C,YJL108C,0.6223666071891785
YGL104C,YBR200W,9.070477972272784e-06
YGL104C,YIL026C,7.009519009670839e-08
YGL104C,YJR076C,1.1343303185640252e-07
YGL104C,YKR031C,0.3984047472476959
YGL104C,YPL192C,0.0001691108918748796
YGL104C,YHR107C,4.562179128697608e-06
YGL104C,YIL037C,0.025297855958342552
YGL104C,YPL156C,0.486322283744812
YGL104C,YIL117C,4.572772468236508e-06
YGL104C,YHR066W,7.959968021301218e-22
YGL104C,YML085C,6.965461540886508e-11
YGL104C,YML047C,0.9240050911903381
YGL104C,YDR312W,2.019021616561645e-09
YGL104C,YFL037W,1.0373843906563707e-05
YGL104C,YDL038C,0.2020167112350464
YGL104C,YDL039C,5.907700717511233e-11
YGL104C,YCL027W,0.0005691021215170622
YGL104C,YML124C,6.815962905193373e-08
YGL104C,YGL053W,0.00018541127792559564
YGL104C,YMR232W,0.9721060395240784
YGL104C,YNL298W,0.0017001444939523935
YGL104C,YGL099W,1.7507749620855129e-15
YGL104C,YBL016W,0.11143806576728821
YGL104C,YAL041W,8.951886343311344e-07
YGL104C,YDR085C,8.808195839371535e-10
YGL104C,YPL187W,0.009166087955236435
YGL104C,YPL256C,0.0039034343790262938
YGL104C,YDR461W,3.2796120453973485e-15
YGL104C,YNL145W,0.0003227015840820968
YDR502C,YDL165W,0.00011132489453302696
YDR502C,YGR059W,9.251900792150991e-07
YDR502C,YBR109C,3.0724063293519066e-08
YDR502C,YJL080C,2.1686184936697828e-06
YDR502C,YCR093W,0.00042752688750624657
YDR502C,YIL122W,1.519939903105172e-11
YDR502C,YCL029C,6.365310297080928e-14
YDR502C,YNL173C,1.7015319826896302e-05
YDR502C,YLR452C,6.631546304930111e-15
YDR502C,YDL160C,2.7774564870242102e-08
YDR502C,YLR229C,1.988928488572128e-06
YDR502C,YML057W,4.708712367573753e-06
YDR502C,YER149C,2.752930550187216e-09
YDR502C,YMR305C,2.575244264526027e-14
YDR502C,YLR433C,2.2925437548337868e-08
YDR502C,YJL073W,3.868020570507724e-08
YDR502C,YGR279C,7.205972391901574e-16
YDR502C,YKL190W,0.004088972695171833
YDR502C,YGL089C,1.883321840492891e-12
YDR502C,YJL019W,0.0015460809227079153
YDR502C,YJL018W,0.0005132720689289272
YDR502C,YNR032C-A,0.09680084884166718
YDR502C,YGL178W,9.417112922793791e-12
YDR502C,YKL116C,9.184750524582341e-05
YDR502C,YDL214C,3.12666961690411e-05
YDR502C,YLR362W,0.013456946238875389
YDR502C,YER068W,0.992222249507904
YDR502C,YHR084W,5.687406101628767e-08
YDR502C,YDR392W,2.6752844384247965e-09
YDR502C,YNL053W,8.073214097237269e-09
YDR502C,YGR040W,3.298324008937925e-05
YDR502C,YDL216C,3.578607356757857e-05
YDR502C,YOL117W,0.9290590286254883
YDR502C,YJR086W,0.01192823238670826
YDR502C,YMR025W,4.044907204320269e-12
YDR502C,YBR081C,4.87387694647623e-07
YDR502C,YFL026W,7.818195418320129e-15
YDR502C,YHL007C,5.515333523220534e-09
YDR502C,YNR044W,2.7272519502073364e-14
YDR502C,YNL271C,6.927872164830262e-11
YDR502C,YDR200C,0.12217870354652405
YDR502C,YKL178C,1.1252426475039101e-06
YDR502C,YOR212W,6.940271912725393e-09
YDR502C,YOL111C,3.815376903304468e-10
YDR502C,YGL032C,7.170850024884601e-11
YDR502C,YHR005C,2.2641228891728815e-09
YDR502C,YDR103W,1.6057402518754316e-08
YDR502C,YJR084W,2.5318568575016798e-08
YDR502C,YCL032W,6.984669198573101e-08
YDR502C,YJL170C,1.1065357057304936e-06
YDR502C,YDR179C,4.779292846895933e-12
YDR502C,YBR095C,0.4072391390800476
YDR502C,YLL021W,4.6225494543250534e-08
YDR502C,YDL159W,1.861292098226386e-08
YDR502C,YNL161W,9.473153816941249e-09
YDR502C,YNL188W,1.4802897796428738e-09
YDR502C,YJL157C,5.080663001422181e-09
YDR502C,YJL034W,5.052454454812505e-09
YDR502C,YLR238W,0.002436188980937004
YDR502C,YPR141C,5.876539082823665e-14
YDR502C,YNL127W,0.00026973566855303943
YDR502C,YCL055W,5.01824032494024e-22
YDR502C,YPR122W,0.8750950694084167
YDR502C,YMR065W,4.2180126058610767e-10
YDR502C,YDR356W,0.3323570191860199
YDR502C,YMR052W,9.978533971333192e-11
YDR502C,YFR008W,1.7103771824622527e-05
YDR502C,YLL043W,2.0637862689909525e-05
YDR502C,YMR029C,9.892140724332421e-07
YDR502C,YJR004C,3.537831627554598e-18
YDR502C,YDL223C,6.3080068241332804e-15
YDR502C,YHR158C,0.4657212793827057
YDR502C,YGR238C,1.5053733477543574e-05
YDR502C,YIL015W,0.00118360947817564
YDR502C,YGL173C,1.1605970030359458e-05
YDR502C,YDL225W,1.305065921997084e-07
YDR502C,YLR330W,2.011791821132647e-06
YDR502C,YBR129C,9.646508942751097e-07
YDR502C,YKR095W-A,0.2020167112350464
YDR502C,YPR075C,5.6669074814663656e-12
YDR502C,YMR198W,2.2549666311988403e-07
YDR502C,YOR127W,2.2731194349034922e-06
YDR502C,YDR264C,6.725391813233728e-06
YDR502C,YLR110C,8.135620649385444e-12
YDR502C,YDR379W,8.176328059050775e-09
YDR502C,YDL100C,5.28521004738991e-09
YDR502C,YHR073W,0.0014304998330771923
YDR502C,YJR090C,1.7396393214852424e-09
YDR502C,YOR208W,1.7695147107588127e-06
YDR502C,YBR040W,5.307852291025483e-08
YDR502C,YNL279W,4.0504621878767466e-10
YDR502C,YER075C,3.913511363862199e-07
YDR502C,YCR089W,5.447805161527136e-16
YDR502C,YCR002C,5.967143446028444e-11
YDR502C,YJL108C,2.7050977379591957e-19
YDR502C,YBR200W,0.956381618976593
YDR502C,YIL026C,5.291907800852869e-09
YDR502C,YJR076C,3.1874321848590625e-08
YDR502C,YKR031C,5.1629381658813145e-08
YDR502C,YPL192C,2.6514507922570374e-08
YDR502C,YHR107C,0.04999437555670738
YDR502C,YIL037C,6.564465225740446e-13
YDR502C,YPL156C,1.3674311958311591e-05
YDR502C,YIL117C,3.29265259502165e-09
YDR502C,YHR066W,3.449991333074122e-17
YDR502C,YML085C,0.0004985862760804594
YDR502C,YML047C,6.84642529336088e-08
YDR502C,YDR312W,4.870113343713456e-07
YDR502C,YFL037W,1.265101900571608e-06
YDR502C,YDL038C,0.2020167112350464
YDR502C,YDL039C,1.398630377121891e-18
YDR502C,YCL027W,1.50418445060696e-11
YDR502C,YML124C,3.724724365383736e-06
YDR502C,YGL053W,7.496447212984592e-11
YDR502C,YMR232W,1.5531437247418012e-11
YDR502C,YNL298W,0.9266024827957153
YDR502C,YGL099W,4.554346233476281e-09
YDR502C,YBL016W,1.2260695930743637e-11
YDR502C,YAL041W,1.0379966851326028e-11
YDR502C,YDR085C,3.8097192067709784e-10
YDR502C,YPL187W,1.1664307066894253e-06
YDR502C,YPL256C,7.206252261582335e-11
YDR502C,YDR461W,8.215463187944815e-15
YDR502C,YNL145W,8.017385089154061e-10
YGR059W,YDL165W,4.348500581841108e-08
YGR059W,YBR109C,7.16770531816735e-11
YGR059W,YJL080C,1.1673950695012536e-09
YGR059W,YCR093W,2.2017214440506194e-12
YGR059W,YIL122W,8.570411296204838e-07
YGR059W,YCL029C,7.528919923061039e-07
YGR059W,YNL173C,0.0003320608811918646
YGR059W,YLR452C,8.603512355875864e-07
YGR059W,YDL160C,3.6277930659522895e-10
YGR059W,YLR229C,8.259870010185466e-10
YGR059W,YML057W,3.399557746419646e-09
YGR059W,YER149C,5.7744255173020065e-06
YGR059W,YMR305C,0.0005034123314544559
YGR059W,YLR433C,4.534413164947182e-07
YGR059W,YJL073W,0.00012407098256517202
YGR059W,YGR279C,3.9031729237581914e-11
YGR059W,YKL190W,8.786546823102981e-05
YGR059W,YGL089C,1.4602279918563e-07
YGR059W,YJL019W,0.37781041860580444
YGR059W,YJL018W,0.0011335209710523486
YGR059W,YNR032C-A,0.00038469178252853453
YGR059W,YGL178W,0.003994487691670656
YGR059W,YKL116C,3.4035901990137063e-06
YGR059W,YDL214C,1.2779072022794935e-08
YGR059W,YLR362W,0.0738639384508133
YGR059W,YER068W,0.0004082633531652391
YGR059W,YHR084W,0.0001180259496322833
YGR059W,YDR392W,9.479485925112385e-06
YGR059W,YNL053W,0.00021544122137129307
YGR059W,YGR040W,0.9876354336738586
YGR059W,YDL216C,3.106024735188839e-07
YGR059W,YOL117W,0.10680023580789566
YGR059W,YJR086W,4.909363724436844e-07
YGR059W,YMR025W,1.2755198440572713e-05
YGR059W,YBR081C,4.838265205142633e-13
YGR059W,YFL026W,1.573277586430777e-05
YGR059W,YHL007C,7.895280956793371e-11
YGR059W,YNR044W,0.34925755858421326
YGR059W,YNL271C,7.36494776276686e-09
YGR059W,YDR200C,9.167399184661917e-06
YGR059W,YKL178C,0.00019942752260249108
YGR059W,YOR212W,3.594007580431935e-08
YGR059W,YOL111C,9.340678924774082e-11
YGR059W,YGL032C,0.0013839909806847572
YGR059W,YHR005C,0.7227198481559753
YGR059W,YDR103W,0.009255499579012394
YGR059W,YJR084W,0.009946546517312527
YGR059W,YCL032W,9.07020948943682e-05
YGR059W,YJL170C,0.00029048664146102965
YGR059W,YDR179C,1.3493206552084303e-10
YGR059W,YBR095C,3.9423998288157236e-08
YGR059W,YLL021W,6.159457825560821e-06
YGR059W,YDL159W,3.055952301107834e-13
YGR059W,YNL161W,6.124113861005753e-05
YGR059W,YNL188W,9.167949038824119e-11
YGR059W,YJL157C,8.254311251221225e-05
YGR059W,YJL034W,1.2483978260868778e-11
YGR059W,YLR238W,6.682669777546835e-07
YGR059W,YPR141C,1.4811886828169918e-08
YGR059W,YNL127W,1.563422665640246e-05
YGR059W,YCL055W,0.017848646268248558
YGR059W,YPR122W,3.4486961340007838e-06
YGR059W,YMR065W,1.620659531909041e-05
YGR059W,YDR356W,9.731385348151628e-15
YGR059W,YMR052W,2.7019268600270152e-05
YGR059W,YFR008W,2.086047601324026e-08
YGR059W,YLL043W,1.7157341062556952e-05
YGR059W,YMR029C,6.759048876148199e-09
YGR059W,YJR004C,1.8931725662696408e-06
YGR059W,YDL223C,7.649388862773776e-06
YGR059W,YHR158C,4.10429763092468e-12
YGR059W,YGR238C,0.00030797641375102103
YGR059W,YIL015W,0.00698621803894639
YGR059W,YGL173C,0.00020627235062420368
YGR059W,YDL225W,0.002118100877851248
YGR059W,YLR330W,2.9989678296260536e-08
YGR059W,YBR129C,0.00038850362761877477
YGR059W,YKR095W-A,0.2020167112350464
YGR059W,YPR075C,1.0853342224947937e-08
YGR059W,YMR198W,2.076054624922108e-05
YGR059W,YOR127W,0.2729187309741974
YGR059W,YDR264C,0.0055569978430867195
YGR059W,YLR110C,8.80407213799117e-08
YGR059W,YDR379W,6.9715911195089575e-06
YGR059W,YDL100C,0.00525517575442791
YGR059W,YHR073W,0.00016629372839815915
YGR059W,YJR090C,1.8218808406356146e-10
YGR059W,YOR208W,3.001795079171643e-08
YGR059W,YBR040W,0.002945544896647334
YGR059W,YNL279W,0.00021229119738563895
YGR059W,YER075C,0.012930091470479965
YGR059W,YCR089W,0.0003475859703030437
YGR059W,YCR002C,1.8892476916221312e-08
YGR059W,YJL108C,5.030983447795734e-05
YGR059W,YBR200W,0.04083883389830589
YGR059W,YIL026C,3.879380869875604e-07
YGR059W,YJR076C,0.011160052381455898
YGR059W,YKR031C,3.0747108326067973e-07
YGR059W,YPL192C,2.0259534494471154e-07
YGR059W,YHR107C,2.5040220862138085e-05
YGR059W,YIL037C,3.747852588276146e-07
YGR059W,YPL156C,0.00015713587345089763
YGR059W,YIL117C,8.868875738698989e-06
YGR059W,YHR066W,5.429796711672917e-16
YGR059W,YML085C,3.349191501911264e-08
YGR059W,YML047C,0.13884584605693817
YGR059W,YDR312W,0.03315558657050133
YGR059W,YFL037W,0.10624927282333374
YGR059W,YDL038C,0.2020167112350464
YGR059W,YDL039C,1.3443339412333444e-05
YGR059W,YCL027W,0.0045613935217261314
YGR059W,YML124C,4.142631127024288e-08
YGR059W,YGL053W,1.9179929040546995e-06
YGR059W,YMR232W,8.500305170855427e-08
YGR059W,YNL298W,1.3201444104549154e-10
YGR059W,YGL099W,2.3267691592887552e-11
YGR059W,YBL016W,0.7728474140167236
YGR059W,YAL041W,0.14665909111499786
YGR059W,YDR085C,7.743687456240878e-05
YGR059W,YPL187W,0.0016609763260930777
YGR059W,YPL256C,0.05573480576276779
YGR059W,YDR461W,2.543349419958929e-10
YGR059W,YNL145W,1.7262906112591736e-05
YPL119C,YDL165W,0.027993550524115562
YPL119C,YGR059W,4.949442189428055e-09
YPL119C,YBR109C,1.958708972197177e-14
YPL119C,YJL080C,9.633779285422861e-08
YPL119C,YCR093W,3.820660822384525e-06
YPL119C,YIL122W,6.059988777451508e-08
YPL119C,YCL029C,1.0916772694158361e-11
YPL119C,YNL173C,8.091289600997698e-06
YPL119C,YLR452C,0.014088158495724201
YPL119C,YDL160C,7.475150778191164e-05
YPL119C,YLR229C,1.5978988965326124e-10
YPL119C,YML057W,4.8938127292785794e-05
YPL119C,YER149C,0.8473894596099854
YPL119C,YMR305C,5.617870897367538e-07
YPL119C,YLR433C,0.9953411817550659
YPL119C,YJL073W,8.03621968969992e-09
YPL119C,YGR279C,2.1050851728432463e-08
YPL119C,YKL190W,2.7167658856082355e-13
YPL119C,YGL089C,1.9392923031325005e-11
YPL119C,YJL019W,0.8512880802154541
YPL119C,YJL018W,0.006182492710649967
YPL119C,YNR032C-A,0.002769819460809231
YPL119C,YGL178W,0.00044098799116909504
YPL119C,YKL116C,8.213950466510358e-17
YPL119C,YDL214C,0.7714292407035828
YPL119C,YLR362W,0.32336392998695374
YPL119C,YER068W,4.623399915953258e-14
YPL119C,YHR084W,3.5793930237559834e-06
YPL119C,YDR392W,0.0003931435931008309
YPL119C,YNL053W,0.0005500605911947787
YPL119C,YGR040W,6.5091705359066054e-09
YPL119C,YDL216C,2.3769203494339308e-07
YPL119C,YOL117W,1.8554932239567279e-06
YPL119C,YJR086W,1.846102697794505e-12
YPL119C,YMR025W,3.6565959362633293e-06
YPL119C,YBR081C,1.4397406289390347e-07
YPL119C,YFL026W,0.9729517698287964
YPL119C,YHL007C,1.4508211734209908e-06
YPL119C,YNR044W,0.033990178257226944
YPL119C,YNL271C,0.6903764009475708
YPL119C,YDR200C,4.0856697580693435e-08
YPL119C,YKL178C,0.9688817262649536
YPL119C,YOR212W,0.9474977850914001
YPL119C,YOL111C,6.26277270043829e-08
YPL119C,YGL032C,5.3691310313297436e-06
YPL119C,YHR005C,9.36638286930247e-08
YPL119C,YDR103W,6.651603325735778e-05
YPL119C,YJR084W,9.583818894043361e-08
YPL119C,YCL032W,0.04875137284398079
YPL119C,YJL170C,2.0095235198080985e-10
YPL119C,YDR179C,2.2501910734717967e-07
YPL119C,YBR095C,0.021305911242961884
YPL119C,YLL021W,2.295705292532091e-10
YPL119C,YDL159W,0.020858159288764
YPL119C,YNL161W,0.002385704079642892
YPL119C,YNL188W,0.0009819939732551575
YPL119C,YJL157C,9.305595654041099e-07
YPL119C,YJL034W,1.90300952079836e-11
YPL119C,YLR238W,2.1896926494235913e-09
YPL119C,YPR141C,0.9010152816772461
YPL119C,YNL127W,3.884118996211328e-06
YPL119C,YCL055W,2.7183194795587715e-14
YPL119C,YPR122W,2.962176337550915e-11
YPL119C,YMR065W,5.360824957278965e-07
YPL119C,YDR356W,6.1013951595072224e-15
YPL119C,YMR052W,4.0553591134084854e-06
YPL119C,YFR008W,4.860255600758201e-11
YPL119C,YLL043W,0.012898609973490238
YPL119C,YMR029C,1.0341412348680024e-07
YPL119C,YJR004C,9.271082672057673e-05
YPL119C,YDL223C,5.427030380644737e-09
YPL119C,YHR158C,6.574875643927669e-10
YPL119C,YGR238C,2.7147405959500326e-13
YPL119C,YIL015W,9.299896191805601e-05
YPL119C,YGL173C,1.4344587739856252e-09
YPL119C,YDL225W,1.4272518278346524e-08
YPL119C,YLR330W,1.6581508735513673e-11
YPL119C,YBR129C,0.00628575449809432
YPL119C,YKR095W-A,0.2020167112350464
YPL119C,YPR075C,9.306312231255331e-13
YPL119C,YMR198W,0.9905058741569519
YPL119C,YOR127W,1.2494925272221735e-07
YPL119C,YDR264C,0.0003031028318218887
YPL119C,YLR110C,1.0417932571726851e-05
YPL119C,YDR379W,1.7932648421759012e-11
YPL119C,YDL100C,3.098284406810592e-10
YPL119C,YHR073W,1.6998688155862862e-13
YPL119C,YJR090C,1.3920106539444532e-05
YPL119C,YOR208W,2.1634648874169216e-05
YPL119C,YBR040W,1.1167739096765855e-13
YPL119C,YNL279W,9.412461565716512e-08
YPL119C,YER075C,4.8466259613633156e-05
YPL119C,YCR089W,1.752414836506122e-12
YPL119C,YCR002C,5.4466340770886745e-06
YPL119C,YJL108C,5.49658170712064e-06
YPL119C,YBR200W,0.0002844639529939741
YPL119C,YIL026C,1.4912767687391693e-09
YPL119C,YJR076C,3.305444568231508e-13
YPL119C,YKR031C,1.1431038160480966e-07
YPL119C,YPL192C,0.03944748640060425
YPL119C,YHR107C,1.7715765920911508e-07
YPL119C,YIL037C,8.936544327298179e-05
YPL119C,YPL156C,0.00037810695357620716
YPL119C,YIL117C,6.115927817518241e-07
YPL119C,YHR066W,2.2923883624681451e-10
YPL119C,YML085C,1.1876756644824127e-07
YPL119C,YML047C,3.9847424915251395e-08
YPL119C,YDR312W,0.00019530898134689778
YPL119C,YFL037W,0.00012427582987584174
YPL119C,YDL038C,0.2020167112350464
YPL119C,YDL039C,5.130520582294415e-17
YPL119C,YCL027W,1.5078485127162367e-09
YPL119C,YML124C,3.145270231329905e-13
YPL119C,YGL053W,4.649098173103994e-07
YPL119C,YMR232W,5.753884924075692e-09
YPL119C,YNL298W,4.258848093741108e-06
YPL119C,YGL099W,0.0005841819802299142
YPL119C,YBL016W,7.615956747031305e-06
YPL119C,YAL041W,7.96114747458887e-08
YPL119C,YDR085C,2.0658171706600115e-07
YPL119C,YPL187W,1.3455818681507026e-09
YPL119C,YPL256C,0.8492766618728638
YPL119C,YDR461W,5.593340562579357e-15
YPL119C,YNL145W,9.432554563815199e-12
YAL043C,YDL165W,1.4366589766723337e-06
YAL043C,YGR059W,0.46948888897895813
YAL043C,YBR109C,4.78630357569898e-10
YAL043C,YJL080C,9.159525689028669e-06
YAL043C,YCR093W,3.4460816777937e-07
YAL043C,YIL122W,0.030112318694591522
YAL043C,YCL029C,0.00024406892771366984
YAL043C,YNL173C,1.806479025070508e-14
YAL043C,YLR452C,3.302631512269727e-06
YAL043C,YDL160C,1.4946232185925057e-12
YAL043C,YLR229C,0.00019458684255369008
YAL043C,YML057W,4.146512821989745e-07
YAL043C,YER149C,0.03083098866045475
YAL043C,YMR305C,0.004469644278287888
YAL043C,YLR433C,4.177334478328021e-09
YAL043C,YJL073W,0.0006743681733496487
YAL043C,YGR279C,0.9207879304885864
YAL043C,YKL190W,3.1504262096859748e-06
YAL043C,YGL089C,8.581837028032169e-05
YAL043C,YJL019W,3.868972271448001e-06
YAL043C,YJL018W,0.0006333559285849333
YAL043C,YNR032C-A,0.98747718334198
YAL043C,YGL178W,6.780496187275276e-05
YAL043C,YKL116C,2.831490375498902e-09
YAL043C,YDL214C,0.000738204806111753
YAL043C,YLR362W,4.3312168088172065e-12
YAL043C,YER068W,1.6873588748467228e-08
YAL043C,YHR084W,2.756955552740692e-09
YAL043C,YDR392W,4.317495999931441e-14
YAL043C,YNL053W,4.3464051486807875e-06
YAL043C,YGR040W,2.405897419066605e-07
YAL043C,YDL216C,0.0004708230553660542
YAL043C,YOL117W,2.164797008319397e-09
YAL043C,YJR086W,6.417660915758461e-05
YAL043C,YMR025W,0.003147726645693183
YAL043C,YBR081C,2.334711313167759e-09
YAL043C,YFL026W,0.0012742200633510947
YAL043C,YHL007C,8.688864028272292e-08
YAL043C,YNR044W,4.874466981164005e-07
YAL043C,YNL271C,3.6085396004637005e-07
YAL043C,YDR200C,1.4593161748455152e-11
YAL043C,YKL178C,5.8450746465155135e-09
YAL043C,YOR212W,0.008521199226379395
YAL043C,YOL111C,3.6360149645916356e-14
YAL043C,YGL032C,1.62924992941349e-10
YAL043C,YHR005C,2.256838639580483e-11
YAL043C,YDR103W,0.0008956975652836263
YAL043C,YJR084W,5.071254180477602e-12
YAL043C,YCL032W,1.064458590716022e-10
YAL043C,YJL170C,1.1126631704883039e-07
YAL043C,YDR179C,2.6815201953692904e-18
YAL043C,YBR095C,9.3140695156535e-10
YAL043C,YLL021W,4.0090466768560873e-07
YAL043C,YDL159W,1.1036453972934623e-09
YAL043C,YNL161W,2.604195515232277e-06
YAL043C,YNL188W,6.279733677505561e-12
YAL043C,YJL157C,2.9422167244774755e-06
YAL043C,YJL034W,3.94442464801692e-11
YAL043C,YLR238W,2.176170355028262e-08
YAL043C,YPR141C,4.057398825807468e-07
YAL043C,YNL127W,4.2863113776547834e-05
YAL043C,YCL055W,1.1327245565129207e-12
YAL043C,YPR122W,4.092056826721091e-08
YAL043C,YMR065W,1.554813820803247e-06
YAL043C,YDR356W,9.322012291864551e-14
YAL043C,YMR052W,0.00011428519064793363
YAL043C,YFR008W,3.7719378269684967e-06
YAL043C,YLL043W,2.1778225345769897e-05
YAL043C,YMR029C,8.001624337339308e-06
YAL043C,YJR004C,3.9984584532248846e-07
YAL043C,YDL223C,9.67579399002716e-06
YAL043C,YHR158C,1.0077669685415458e-05
YAL043C,YGR238C,6.847314182323316e-08
YAL043C,YIL015W,2.2263873233896447e-06
YAL043C,YGL173C,9.56720441536163e-07
YAL043C,YDL225W,3.096771706623258e-06
YAL043C,YLR330W,2.4309611615369597e-11
YAL043C,YBR129C,1.8355608699671677e-10
YAL043C,YKR095W-A,0.2020167112350464
YAL043C,YPR075C,2.693683817667214e-11
YAL043C,YMR198W,3.606902776454035e-09
YAL043C,YOR127W,5.902257726120297e-06
YAL043C,YDR264C,0.0009975243592634797
YAL043C,YLR110C,3.914914486813359e-06
YAL043C,YDR379W,4.706537893792162e-14
YAL043C,YDL100C,3.669229897695914e-08
YAL043C,YHR073W,1.1782081929014032e-13
YAL043C,YJR090C,8.137556142173707e-05
YAL043C,YOR208W,1.4770540346376038e-10
YAL043C,YBR040W,0.00017062497499864548
YAL043C,YNL279W,0.00012920286098960787
YAL043C,YER075C,0.002191922627389431
YAL043C,YCR089W,0.0002483297430444509
YAL043C,YCR002C,2.9288546699035578e-08
YAL043C,YJL108C,1.0209956599283032e-05
YAL043C,YBR200W,4.4372008289883524e-09
YAL043C,YIL026C,4.526947304839268e-05
YAL043C,YJR076C,0.011290687136352062
YAL043C,YKR031C,1.3477666698236135e-06
YAL043C,YPL192C,0.0008642104221507907
YAL043C,YHR107C,9.58397983197301e-09
YAL043C,YIL037C,3.8184531092610996e-08
YAL043C,YPL156C,2.990543923608868e-11
YAL043C,YIL117C,1.6809856617783225e-08
YAL043C,YHR066W,3.842774605873579e-16
YAL043C,YML085C,0.9996703863143921
YAL043C,YML047C,0.00015038848505355418
YAL043C,YDR312W,7.596868840664683e-07
YAL043C,YFL037W,0.00252709724009037
YAL043C,YDL038C,0.2020167112350464
YAL043C,YDL039C,6.466601920607218e-09
YAL043C,YCL027W,0.0003741385880857706
YAL043C,YML124C,9.01118983165361e-05
YAL043C,YGL053W,3.512239743486134e-08
YAL043C,YMR232W,0.4759879410266876
YAL043C,YNL298W,3.26548928342163e-07
YAL043C,YGL099W,1.6382688272642554e-07
YAL043C,YBL016W,1.0892445970966946e-05
YAL043C,YAL041W,1.5030389022285817e-07
YAL043C,YDR085C,1.8462348316816701e-10
YAL043C,YPL187W,2.5095373530348297e-06
YAL043C,YPL256C,2.5641049887781264e-06
YAL043C,YDR461W,2.630097526434838e-07
YAL043C,YNL145W,5.29966293072448e-10
YFR031C,YDL165W,0.00757841719314456
YFR031C,YGR059W,1.553220572991787e-11
YFR031C,YBR109C,3.5667817428475246e-06
YFR031C,YJL080C,1.5649442502763122e-05
YFR031C,YCR093W,0.0002292095305165276
YFR031C,YIL122W,2.792279246932594e-06
YFR031C,YCL029C,3.1637236233561516e-13
YFR031C,YNL173C,1.4846680208816681e-15
YFR031C,YLR452C,0.04635868966579437
YFR031C,YDL160C,2.84827494922979e-10
YFR031C,YLR229C,4.001496467509469e-09
YFR031C,YML057W,1.4126390335267303e-10
YFR031C,YER149C,0.0023303108755499125
YFR031C,YMR305C,5.430377925108587e-08
YFR031C,YLR433C,0.00042938278056681156
YFR031C,YJL073W,0.002236827975139022
YFR031C,YGR279C,0.005516264121979475
YFR031C,YKL190W,0.14539891481399536
YFR031C,YGL089C,1.6691998894202698e-07
YFR031C,YJL019W,5.119800405850583e-08
YFR031C,YJL018W,0.14274358749389648
YFR031C,YNR032C-A,0.027814900502562523
YFR031C,YGL178W,1.1448603487451692e-07
YFR031C,YKL116C,6.915934136486612e-08
YFR031C,YDL214C,1.3022959421959968e-07
YFR031C,YLR362W,0.0021963436156511307
YFR031C,YER068W,0.011881127953529358
YFR031C,YHR084W,1.730876419969718e-06
YFR031C,YDR392W,2.4723845193364014e-09
YFR031C,YNL053W,0.0007779769948683679
YFR031C,YGR040W,7.767366696498357e-06
YFR031C,YDL216C,0.9585632085800171
YFR031C,YOL117W,2.268255684612086e-06
YFR031C,YJR086W,0.004982279147952795
YFR031C,YMR025W,0.008873602375388145
YFR031C,YBR081C,0.0021808231249451637
YFR031C,YFL026W,4.904212255496532e-05
YFR031C,YHL007C,0.24310344457626343
YFR031C,YNR044W,0.12400331348180771
YFR031C,YNL271C,0.8585124015808105
YFR031C,YDR200C,1.6665448129060678e-05
YFR031C,YKL178C,0.20422551035881042
YFR031C,YOR212W,5.0854516302933916e-05
YFR031C,YOL111C,2.083526595697549e-08
YFR031C,YGL032C,7.46009902741207e-07
YFR031C,YHR005C,0.0049081831239163876
YFR031C,YDR103W,0.002469259314239025
YFR031C,YJR084W,1.108609103539493e-05
YFR031C,YCL032W,6.384441803675145e-05
YFR031C,YJL170C,4.2042047425638884e-06
YFR031C,YDR179C,2.403640064763124e-10
YFR031C,YBR095C,5.2764968131668866e-05
YFR031C,YLL021W,0.9937520623207092
YFR031C,YDL159W,9.29883390199393e-06
YFR031C,YNL161W,1.071352744475007e-05
YFR031C,YNL188W,9.094546112464741e-05
YFR031C,YJL157C,0.0004871331329923123
YFR031C,YJL034W,0.18370725214481354
YFR031C,YLR238W,1.4315677532295012e-08
YFR031C,YPR141C,0.012461137026548386
YFR031C,YNL127W,2.8853148705820786e-06
YFR031C,YCL055W,0.004566664341837168
YFR031C,YPR122W,5.724922175431857e-06
YFR031C,YMR065W,0.07610171288251877
YFR031C,YDR356W,0.024701038375496864
YFR031C,YMR052W,0.0012287175050005317
YFR031C,YFR008W,1.6464697694118513e-07
YFR031C,YLL043W,0.11506244540214539
YFR031C,YMR029C,1.516126069134316e-08
YFR031C,YJR004C,1.5058991553740242e-10
YFR031C,YDL223C,2.6964173081844844e-12
YFR031C,YHR158C,0.9912678599357605
YFR031C,YGR238C,5.59767943802969e-13
YFR031C,YIL015W,0.0006392874056473374
YFR031C,YGL173C,5.183196481084451e-05
YFR031C,YDL225W,0.004218006506562233
YFR031C,YLR330W,7.487319653165514e-10
YFR031C,YBR129C,0.0009966623038053513
YFR031C,YKR095W-A,0.2020167112350464
YFR031C,YPR075C,1.4471369415292035e-11
YFR031C,YMR198W,4.7874131325897906e-08
YFR031C,YOR127W,3.039998546228162e-06
YFR031C,YDR264C,1.660779344092589e-05
YFR031C,YLR110C,0.5183728933334351
YFR031C,YDR379W,0.008578467182815075
YFR031C,YDL100C,5.103221734081842e-10
YFR031C,YHR073W,0.008724748156964779
YFR031C,YJR090C,7.473843766092614e-08
YFR031C,YOR208W,1.7715624800462848e-10
YFR031C,YBR040W,0.0011018435470759869
YFR031C,YNL279W,0.000602954940404743
YFR031C,YER075C,2.1107345560267277e-07
YFR031C,YCR089W,4.4555790168487874e-09
YFR031C,YCR002C,0.0005047539016231894
YFR031C,YJL108C,0.9640480279922485
YFR031C,YBR200W,5.05228324454432e-12
YFR031C,YIL026C,8.47299179440597e-06
YFR031C,YJR076C,5.868150196874922e-07
YFR031C,YKR031C,7.971280865604058e-06
YFR031C,YPL192C,0.0006618128390982747
YFR031C,YHR107C,1.8692472849579644e-06
YFR031C,YIL037C,6.066395030757121e-07
YFR031C,YPL156C,0.6959037780761719
YFR031C,YIL117C,2.5259723770432174e-05
YFR031C,YHR066W,1.545492267496229e-08
YFR031C,YML085C,7.724283204879612e-05
YFR031C,YML047C,0.026102405041456223
YFR031C,YDR312W,1.1742540664272383e-05
YFR031C,YFL037W,6.950228907953715e-06
YFR031C,YDL038C,0.2020167112350464
YFR031C,YDL039C,6.650608241898226e-08
YFR031C,YCL027W,0.00021178476163186133
YFR031C,YML124C,3.263705730205402e-05
YFR031C,YGL053W,5.162244747225486e-07
YFR031C,YMR232W,4.2428637243574485e-06
YFR031C,YNL298W,9.208269347027453e-08
YFR031C,YGL099W,0.0010914364829659462
YFR031C,YBL016W,1.06958927825751e-10
YFR031C,YAL041W,0.6194305419921875
YFR031C,YDR085C,1.0005301191995386e-06
YFR031C,YPL187W,0.5302667617797852
YFR031C,YPL256C,0.0009656294132582843
YFR031C,YDR461W,2.426118417275802e-09
YFR031C,YNL145W,0.0003891614032909274
YMR294W,YDL165W,2.98778886076434e-08
YMR294W,YGR059W,1.1253756611040444e-06
YMR294W,YBR109C,2.2724238078808412e-05
YMR294W,YJL080C,3.626673850121165e-09
YMR294W,YCR093W,3.897071565006627e-06
YMR294W,YIL122W,2.6014475224656053e-05
YMR294W,YCL029C,2.857045988680085e-10
YMR294W,YNL173C,9.098082842662336e-10
YMR294W,YLR452C,0.00015927187632769346
YMR294W,YDL160C,0.3635062575340271
YMR294W,YLR229C,9.783548904351846e-08
YMR294W,YML057W,7.058404527526818e-09
YMR294W,YER149C,7.169803487895587e-13
YMR294W,YMR305C,3.9891873138131473e-10
YMR294W,YLR433C,2.3599361156811938e-05
YMR294W,YJL073W,9.524876443123276e-10
YMR294W,YGR279C,3.705489691127606e-13
YMR294W,YKL190W,0.008868479169905186
YMR294W,YGL089C,9.343401075057045e-08
YMR294W,YJL019W,2.6225952833025534e-12
YMR294W,YJL018W,0.0018415695521980524
YMR294W,YNR032C-A,3.1123403232413693e-07
YMR294W,YGL178W,2.9612911021104082e-06
YMR294W,YKL116C,3.156997883599355e-12
YMR294W,YDL214C,1.2203827087341884e-13
YMR294W,YLR362W,2.488762806951428e-10
YMR294W,YER068W,1.8985023331197226e-08
YMR294W,YHR084W,0.006852504797279835
YMR294W,YDR392W,2.7307829331135736e-09
YMR294W,YNL053W,8.019135577796987e-08
YMR294W,YGR040W,3.205732355127111e-05
YMR294W,YDL216C,4.6197678386754315e-14
YMR294W,YOL117W,1.9309444321269353e-10
YMR294W,YJR086W,3.2323875984729966e-06
YMR294W,YMR025W,2.6325794806325575e-06
YMR294W,YBR081C,1.0373218777004478e-11
YMR294W,YFL026W,0.0022753931116312742
YMR294W,YHL007C,0.001126607647165656
YMR294W,YNR044W,2.151462341615229e-11
YMR294W,YNL271C,0.00018374233331996948
YMR294W,YDR200C,2.383661323879238e-10
YMR294W,YKL178C,2.078676814010194e-11
YMR294W,YOR212W,2.9699404535676877e-07
YMR294W,YOL111C,4.409772103031173e-09
YMR294W,YGL032C,4.665217147703515e-06
YMR294W,YHR005C,0.0040189167484641075
YMR294W,YDR103W,1.4723208004337185e-13
YMR294W,YJR084W,1.0250840887238155e-07
YMR294W,YCL032W,5.20265821535304e-08
YMR294W,YJL170C,6.385290021171386e-07
YMR294W,YDR179C,3.6678685089164276e-10
YMR294W,YBR095C,3.539465405879086e-14
YMR294W,YLL021W,6.147611308904288e-10
YMR294W,YDL159W,8.92603265606473e-12
YMR294W,YNL161W,0.024328453466296196
YMR294W,YNL188W,9.393917067834767e-12
YMR294W,YJL157C,3.013098285009619e-05
YMR294W,YJL034W,1.8372742292393357e-13
YMR294W,YLR238W,1.923487147337255e-09
YMR294W,YPR141C,2.0680055445865264e-09
YMR294W,YNL127W,3.854984970530495e-05
YMR294W,YCL055W,1.4518557023279755e-08
YMR294W,YPR122W,0.0020581246353685856
YMR294W,YMR065W,4.70818258690997e-06
YMR294W,YDR356W,0.14295415580272675
YMR294W,YMR052W,1.4836052386613119e-09
YMR294W,YFR008W,5.080422627729009e-12
YMR294W,YLL043W,1.130052424969108e-07
YMR294W,YMR029C,2.322191903658677e-06
YMR294W,YJR004C,0.0001794827840058133
YMR294W,YDL223C,6.991382841582683e-13
YMR294W,YHR158C,5.260173566057347e-05
YMR294W,YGR238C,1.2530126936027841e-09
YMR294W,YIL015W,0.0003371656930539757
YMR294W,YGL173C,1.967285783166517e-07
YMR294W,YDL225W,3.2338843425350206e-07
YMR294W,YLR330W,1.1074815110118097e-12
YMR294W,YBR129C,3.6718303397798024e-10
YMR294W,YKR095W-A,0.2020167112350464
YMR294W,YPR075C,3.3962319889724313e-07
YMR294W,YMR198W,0.0006927664508111775
YMR294W,YOR127W,1.5397217945078978e-09
YMR294W,YDR264C,1.0591924039238254e-11
YMR294W,YLR110C,0.00040013896068558097
YMR294W,YDR379W,0.2488378882408142
YMR294W,YDL100C,8.682797592030056e-09
YMR294W,YHR073W,0.000603010063059628
YMR294W,YJR090C,3.922343694284791e-08
YMR294W,YOR208W,1.3455324354705311e-10
YMR294W,YBR040W,0.45493724942207336
YMR294W,YNL279W,0.012560181319713593
YMR294W,YER075C,0.0001501884253229946
YMR294W,YCR089W,3.319985128827363e-12
YMR294W,YCR002C,0.0035684858448803425
YMR294W,YJL108C,0.00043752999044954777
YMR294W,YBR200W,4.837529040337845e-16
YMR294W,YIL026C,1.4953717430987723e-10
YMR294W,YJR076C,4.8062750465964886e-17
YMR294W,YKR031C,2.0147947452642256e-06
YMR294W,YPL192C,1.9797749217786986e-08
YMR294W,YHR107C,5.268304022199022e-12
YMR294W,YIL037C,4.987863633232337e-08
YMR294W,YPL156C,5.070434697107551e-11
YMR294W,YIL117C,1.3475212199409725e-06
YMR294W,YHR066W,1.8799276371717077e-11
YMR294W,YML085C,1.9156161032429786e-12
YMR294W,YML047C,0.0018724246183410287
YMR294W,YDR312W,7.531728840604046e-08
YMR294W,YFL037W,2.6055356873791458e-14
YMR294W,YDL038C,0.2020167112350464
YMR294W,YDL039C,9.748562845857123e-09
YMR294W,YCL027W,6.467761881623346e-09
YMR294W,YML124C,3.4734275518563725e-19
YMR294W,YGL053W,3.350891120135202e-08
YMR294W,YMR232W,8.618262082715072e-14
YMR294W,YNL298W,7.373759805875957e-13
YMR294W,YGL099W,2.5890529303795873e-11
YMR294W,YBL016W,1.4549486593296024e-07
YMR294W,YAL041W,5.544826819914306e-08
YMR294W,YDR085C,2.7709751293514273e-07
YMR294W,YPL187W,1.1903727781259477e-08
YMR294W,YPL256C,2.0354167570152404e-12
YMR294W,YDR461W,1.9472478015813977e-05
YMR294W,YNL145W,1.7612316014492535e-06
YDR295C,YDL165W,1.0821418072737288e-05
YDR295C,YGR059W,0.007797686383128166
YDR295C,YBR109C,4.951077414716565e-08
YDR295C,YJL080C,1.921918908465159e-07
YDR295C,YCR093W,0.00046747818123549223
YDR295C,YIL122W,1.582728081928053e-08
YDR295C,YCL029C,8.080345745807571e-13
YDR295C,YNL173C,0.002897407626733184
YDR295C,YLR452C,0.00012600762420333922
YDR295C,YDL160C,4.24113544283955e-09
YDR295C,YLR229C,0.000604720669798553
YDR295C,YML057W,3.378981539015058e-09
YDR295C,YER149C,0.008495249785482883
YDR295C,YMR305C,0.0015189911937341094
YDR295C,YLR433C,7.599105372735337e-11
YDR295C,YJL073W,5.9863828028028365e-06
YDR295C,YGR279C,3.299305006976283e-08
YDR295C,YKL190W,7.107853434717981e-07
YDR295C,YGL089C,0.9960558414459229
YDR295C,YJL019W,2.9418175472528674e-05
YDR295C,YJL018W,0.2020167112350464
YDR295C,YNR032C-A,2.580691761977505e-05
YDR295C,YGL178W,0.007248012349009514
YDR295C,YKL116C,1.3705350738746347e-06
YDR295C,YDL214C,1.5372370043564842e-08
YDR295C,YLR362W,1.6475158190587536e-05
YDR295C,YER068W,0.0007633620989508927
YDR295C,YHR084W,7.999580020623398e-07
YDR295C,YDR392W,2.0463485073118903e-11
YDR295C,YNL053W,0.0018053081585094333
YDR295C,YGR040W,7.846628250263166e-06
YDR295C,YDL216C,0.012966913171112537
YDR295C,YOL117W,0.00013045968080405146
YDR295C,YJR086W,6.712109268391941e-08
YDR295C,YMR025W,0.0024654276203364134
YDR295C,YBR081C,2.0063810097781243e-06
YDR295C,YFL026W,4.3216491496522735e-10
YDR295C,YHL007C,6.599942480534082e-06
YDR295C,YNR044W,0.9379714727401733
YDR295C,YNL271C,7.216262076781277e-08
YDR295C,YDR200C,0.0005380468792282045
YDR295C,YKL178C,8.279680332634598e-05
YDR295C,YOR212W,1.1536723832250573e-05
YDR295C,YOL111C,3.3952346711885184e-07
YDR295C,YGL032C,2.1026640695254173e-07
YDR295C,YHR005C,6.569098331965506e-06
YDR295C,YDR103W,0.0008769541746005416
YDR295C,YJR084W,1.0979758768847603e-10
YDR295C,YCL032W,0.031061651185154915
YDR295C,YJL170C,0.9443644285202026
YDR295C,YDR179C,0.0004788866499438882
YDR295C,YBR095C,4.0547645767219365e-05
YDR295C,YLL021W,1.1715426808223128e-05
YDR295C,YDL159W,3.2501870118883947e-12
YDR295C,YNL161W,2.2039562281861436e-06
YDR295C,YNL188W,1.4282688920452813e-10
YDR295C,YJL157C,2.48636069954955e-07
YDR295C,YJL034W,5.132714253619497e-09
YDR295C,YLR238W,2.4979117370094173e-05
YDR295C,YPR141C,2.6455454715801352e-08
YDR295C,YNL127W,9.82107659086573e-11
YDR295C,YCL055W,0.00019282300490885973
YDR295C,YPR122W,3.7208520708986725e-09
YDR295C,YMR065W,0.006053174380213022
YDR295C,YDR356W,1.3133619177096989e-05
YDR295C,YMR052W,1.7352729628328234e-05
YDR295C,YFR008W,1.4320892915975492e-08
YDR295C,YLL043W,0.00012404898006934673
YDR295C,YMR029C,0.001810767687857151
YDR295C,YJR004C,0.08276792615652084
YDR295C,YDL223C,1.433954184903996e-05
YDR295C,YHR158C,3.861239383695647e-05
YDR295C,YGR238C,4.3984823605569545e-06
YDR295C,YIL015W,1.2032168594799941e-09
YDR295C,YGL173C,0.0011400176445022225
YDR295C,YDL225W,0.0011127409525215626
YDR295C,YLR330W,1.0402610847379257e-13
YDR295C,YBR129C,1.370623081697886e-08
YDR295C,YKR095W-A,0.2020167112350464
YDR295C,YPR075C,1.1227289178350475e-05
YDR295C,YMR198W,4.0855404222384095e-05
YDR295C,YOR127W,0.007268019486218691
YDR295C,YDR264C,5.7431320783507545e-06
YDR295C,YLR110C,6.88827785779722e-05
YDR295C,YDR379W,7.970430715431576e-08
YDR295C,YDL100C,2.3665670312311704e-08
YDR295C,YHR073W,1.154533038061345e-05
YDR295C,YJR090C,1.9031551346415654e-05
YDR295C,YOR208W,2.9536123546947124e-11
YDR295C,YBR040W,0.03329291194677353
YDR295C,YNL279W,2.4527522327844054e-05
YDR295C,YER075C,0.0011231808457523584
YDR295C,YCR089W,0.0003680516965687275
YDR295C,YCR002C,1.7242648198134702e-07
YDR295C,YJL108C,0.002308259252458811
YDR295C,YBR200W,0.030989952385425568
YDR295C,YIL026C,0.00014881562674418092
YDR295C,YJR076C,0.0022485340014100075
YDR295C,YKR031C,0.006737875286489725
YDR295C,YPL192C,0.0005255142459645867
YDR295C,YHR107C,5.9745029830082785e-06
YDR295C,YIL037C,0.00247909314930439
YDR295C,YPL156C,5.711870107916184e-05
YDR295C,YIL117C,0.10367128252983093
YDR295C,YHR066W,6.923503437228362e-10
YDR295C,YML085C,4.70424588172591e-08
YDR295C,YML047C,0.22516947984695435
YDR295C,YDR312W,0.00011896718933712691
YDR295C,YFL037W,1.3695542477876188e-08
YDR295C,YDL038C,0.2020167112350464
YDR295C,YDL039C,8.692696797020939e-15
YDR295C,YCL027W,1.3424414646578953e-07
YDR295C,YML124C,1.2360371406949788e-11
YDR295C,YGL053W,2.0607072315215191e-07
YDR295C,YMR232W,0.31856927275657654
YDR295C,YNL298W,7.731143705314025e-05
YDR295C,YGL099W,2.311202118576716e-09
YDR295C,YBL016W,8.436821907764624e-09
YDR295C,YAL041W,0.016686096787452698
YDR295C,YDR085C,4.581753091770224e-05
YDR295C,YPL187W,0.6443284153938293
YDR295C,YPL256C,1.8790653655287315e-07
YDR295C,YDR461W,3.3318488590339257e-07
YDR295C,YNL145W,2.199448317696806e-06
YDR022C,YDL165W,0.00042922687134705484
YDR022C,YGR059W,1.170872687000779e-11
YDR022C,YBR109C,7.248655947478255e-06
YDR022C,YJL080C,1.7256392170240942e-14
YDR022C,YCR093W,3.571131628632429e-06
YDR022C,YIL122W,1.6007386875571683e-05
YDR022C,YCL029C,5.2667470384903936e-08
YDR022C,YNL173C,0.00794249027967453
YDR022C,YLR452C,0.0005747987888753414
YDR022C,YDL160C,0.6499359011650085
YDR022C,YLR229C,0.0011691348627209663
YDR022C,YML057W,1.449469877456977e-09
YDR022C,YER149C,0.00010672461212379858
YDR022C,YMR305C,5.854763003299013e-06
YDR022C,YLR433C,0.8494015336036682
YDR022C,YJL073W,4.0774152175286626e-13
YDR022C,YGR279C,1.1940635147311696e-08
YDR022C,YKL190W,0.03633277118206024
YDR022C,YGL089C,6.802840653108433e-05
YDR022C,YJL019W,1.2807056464225752e-06
YDR022C,YJL018W,0.0006769948522560298
YDR022C,YNR032C-A,0.017807183787226677
YDR022C,YGL178W,0.0028357072733342648
YDR022C,YKL116C,2.751780581178309e-09
YDR022C,YDL214C,1.8008935512625612e-05
YDR022C,YLR362W,9.742302609083708e-08
YDR022C,YER068W,1.1149594211079658e-15
YDR022C,YHR084W,0.12305239588022232
YDR022C,YDR392W,1.2210749744667737e-08
YDR022C,YNL053W,4.932692831971508e-07
YDR022C,YGR040W,0.06552132964134216
YDR022C,YDL216C,0.00017941331316251308
YDR022C,YOL117W,2.2443529701376974e-07
YDR022C,YJR086W,9.38845374776065e-08
YDR022C,YMR025W,0.0001256887917406857
YDR022C,YBR081C,0.9704893231391907
YDR022C,YFL026W,0.7049837112426758
YDR022C,YHL007C,8.084690694687424e-10
YDR022C,YNR044W,0.8212046027183533
YDR022C,YNL271C,0.0003850329958368093
YDR022C,YDR200C,1.25522049643223e-07
YDR022C,YKL178C,1.061565399140818e-06
YDR022C,YOR212W,0.003633304964751005
YDR022C,YOL111C,1.3413730812317226e-05
YDR022C,YGL032C,6.784422294003889e-05
YDR022C,YHR005C,0.10712617635726929
YDR022C,YDR103W,0.0019914431031793356
YDR022C,YJR084W,6.216913789103273e-06
YDR022C,YCL032W,5.74453042645473e-05
YDR022C,YJL170C,1.8115419164743685e-09
YDR022C,YDR179C,1.6399219482376992e-10
YDR022C,YBR095C,0.0025517328176647425
YDR022C,YLL021W,3.8138139564838913e-13
YDR022C,YDL159W,1.1159984751429874e-05
YDR022C,YNL161W,0.005205783527344465
YDR022C,YNL188W,0.027801236137747765
YDR022C,YJL157C,3.2380854941838066e-11
YDR022C,YJL034W,1.2099348167336467e-16
YDR022C,YLR238W,1.20710164086546e-09
YDR022C,YPR141C,0.0022530346177518368
YDR022C,YNL127W,0.005462726578116417
YDR022C,YCL055W,0.045329101383686066
YDR022C,YPR122W,1.3476553206714925e-08
YDR022C,YMR065W,0.004713915288448334
YDR022C,YDR356W,4.546957810269703e-10
YDR022C,YMR052W,8.857700595399365e-05
YDR022C,YFR008W,0.000789295241702348
YDR022C,YLL043W,0.036239080131053925
YDR022C,YMR029C,1.6395004422520287e-05
YDR022C,YJR004C,8.396409248234704e-05
YDR022C,YDL223C,9.35891453224258e-09
YDR022C,YHR158C,5.608784103827702e-09
YDR022C,YGR238C,6.498895865902909e-10
YDR022C,YIL015W,0.9891620874404907
YDR022C,YGL173C,4.274681032256922e-06
YDR022C,YDL225W,2.880259444282274e-07
YDR022C,YLR330W,2.820821976001753e-07
YDR022C,YBR129C,0.00011117637768620625
YDR022C,YKR095W-A,0.2020167112350464
YDR022C,YPR075C,0.00013310054782778025
YDR022C,YMR198W,0.0020004580728709698
YDR022C,YOR127W,5.076664777448059e-08
YDR022C,YDR264C,0.02130560390651226
YDR022C,YLR110C,0.013205909170210361
YDR022C,YDR379W,0.20625555515289307
YDR022C,YDL100C,0.00037696227082051337
YDR022C,YHR073W,1.1078496627014989e-11
YDR022C,YJR090C,5.125537841377259e-11
YDR022C,YOR208W,0.00020121569104958326
YDR022C,YBR040W,0.0003590091073419899
YDR022C,YNL279W,8.888357569958316e-07
YDR022C,YER075C,1.0664109595381888e-07
YDR022C,YCR089W,9.508539511315917e-10
YDR022C,YCR002C,1.113236294258968e-07
YDR022C,YJL108C,0.9671421647071838
YDR022C,YBR200W,3.4823096939362586e-05
YDR022C,YIL026C,5.9339967265259475e-05
YDR022C,YJR076C,0.0012420493876561522
YDR022C,YKR031C,3.6768599898096e-07
YDR022C,YPL192C,0.00034444822813384235
YDR022C,YHR107C,0.0010131062008440495
YDR022C,YIL037C,9.001036005429341e-08
YDR022C,YPL156C,0.00020264506747480482
YDR022C,YIL117C,0.003904687939211726
YDR022C,YHR066W,1.9385990590592428e-09
YDR022C,YML085C,3.752291377168149e-05
YDR022C,YML047C,0.4257830083370209
YDR022C,YDR312W,0.09402748942375183
YDR022C,YFL037W,9.928755844157422e-07
YDR022C,YDL038C,0.2020167112350464
YDR022C,YDL039C,2.4962742983802855e-10
YDR022C,YCL027W,2.7606935759649787e-07
YDR022C,YML124C,6.940850211202207e-14
YDR022C,YGL053W,9.341654561012547e-08
YDR022C,YMR232W,1.8948077240565908e-07
YDR022C,YNL298W,0.058151815086603165
YDR022C,YGL099W,2.29906271798086e-09
YDR022C,YBL016W,8.586642934460542e-07
YDR022C,YAL041W,0.01149179507046938
YDR022C,YDR085C,3.7382175577249654e-08
YDR022C,YPL187W,0.6014313101768494
YDR022C,YPL256C,3.5765099255513633e-06
YDR022C,YDR461W,2.9356497677213156e-08
YDR022C,YNL145W,0.03721863776445389
YNL062C,YDL165W,3.4160154882556526e-06
YNL062C,YGR059W,2.1427049023969857e-09
YNL062C,YBR109C,4.845407275411162e-08
YNL062C,YJL080C,1.7936766880666255e-06
YNL062C,YCR093W,0.0024087238125503063
YNL062C,YIL122W,0.008409871719777584
YNL062C,YCL029C,1.435068122006885e-14
YNL062C,YNL173C,1.5268394326639623e-09
YNL062C,YLR452C,1.8175117588725698e-07
YNL062C,YDL160C,0.001578847412019968
YNL062C,YLR229C,1.529332736838196e-11
YNL062C,YML057W,3.8991714994577806e-14
YNL062C,YER149C,0.0015600437764078379
YNL062C,YMR305C,2.2523696316056885e-05
YNL062C,YLR433C,1.26510157905102e-09
YNL062C,YJL073W,6.224182410793921e-14
YNL062C,YGR279C,1.537827920561341e-10
YNL062C,YKL190W,4.535974221653305e-05
YNL062C,YGL089C,0.0043062809854745865
YNL062C,YJL019W,1.1466818250482902e-07
YNL062C,YJL018W,8.569840429117903e-05
YNL062C,YNR032C-A,0.0007867537788115442
YNL062C,YGL178W,2.233788336525322e-06
YNL062C,YKL116C,3.56430108951894e-14
YNL062C,YDL214C,0.9984782338142395
YNL062C,YLR362W,8.983309566059153e-14
YNL062C,YER068W,1.604771038277164e-10
YNL062C,YHR084W,1.1472182795749242e-12
YNL062C,YDR392W,1.208333988422794e-09
YNL062C,YNL053W,0.002542046830058098
YNL062C,YGR040W,6.094052878324874e-06
YNL062C,YDL216C,0.00015777800581417978
YNL062C,YOL117W,1.1868288574135022e-09
YNL062C,YJR086W,4.809378879144788e-05
YNL062C,YMR025W,0.0652545765042305
YNL062C,YBR081C,0.0003882996388711035
YNL062C,YFL026W,0.7904608249664307
YNL062C,YHL007C,4.1915728665742336e-09
YNL062C,YNR044W,2.388864883684505e-09
YNL062C,YNL271C,0.07107894122600555
YNL062C,YDR200C,2.755637140694489e-08
YNL062C,YKL178C,0.00044760547461919487
YNL062C,YOR212W,3.364263179150839e-08
YNL062C,YOL111C,1.0903116844929173e-06
YNL062C,YGL032C,3.251395897310716e-12
YNL062C,YHR005C,0.9898406863212585
YNL062C,YDR103W,0.12972784042358398
YNL062C,YJR084W,9.696453844298958e-07
YNL062C,YCL032W,6.969055866244689e-13
YNL062C,YJL170C,0.013140500523149967
YNL062C,YDR179C,8.326322621853442e-17
YNL062C,YBR095C,0.009950576350092888
YNL062C,YLL021W,0.375952810049057
YNL062C,YDL159W,3.473556164923508e-10
YNL062C,YNL161W,0.0037148974370211363
YNL062C,YNL188W,1.4200412129934738e-21
YNL062C,YJL157C,2.9148718994065348e-08
YNL062C,YJL034W,1.4770482607189342e-14
YNL062C,YLR238W,5.4287502280203626e-05
YNL062C,YPR141C,4.9860223043651786e-06
YNL062C,YNL127W,0.0025227151345461607
YNL062C,YCL055W,0.05438702180981636
YNL062C,YPR122W,0.00641638832166791
YNL062C,YMR065W,0.8849939703941345
YNL062C,YDR356W,2.11913651071427e-08
YNL062C,YMR052W,0.013022849336266518
YNL062C,YFR008W,2.0441034109808243e-07
YNL062C,YLL043W,0.00016286106256302446
YNL062C,YMR029C,7.458705653107245e-08
YNL062C,YJR004C,1.4653750435300594e-10
YNL062C,YDL223C,6.486073626502198e-19
YNL062C,YHR158C,4.405219897307688e-06
YNL062C,YGR238C,3.23195658603892e-12
YNL062C,YIL015W,0.024459291249513626
YNL062C,YGL173C,0.0038879781495779753
YNL062C,YDL225W,7.0271407821564935e-06
YNL062C,YLR330W,4.1546009254406213e-13
YNL062C,YBR129C,8.091215475403146e-10
YNL062C,YKR095W-A,0.2020167112350464
YNL062C,YPR075C,9.913918297410618e-11
YNL062C,YMR198W,2.954042770397791e-07
YNL062C,YOR127W,2.580816556019272e-07
YNL062C,YDR264C,0.010810164734721184
YNL062C,YLR110C,0.5292103290557861
YNL062C,YDR379W,2.423645284466147e-08
YNL062C,YDL100C,4.116127001907444e-06
YNL062C,YHR073W,4.651576455216855e-05
YNL062C,YJR090C,2.1127907245954702e-07
YNL062C,YOR208W,5.357050395105034e-05
YNL062C,YBR040W,6.993693818513336e-12
YNL062C,YNL279W,2.018522848867832e-11
YNL062C,YER075C,8.00402085587848e-06
YNL062C,YCR089W,9.083682783739278e-08
YNL062C,YCR002C,1.8937590384737746e-10
YNL062C,YJL108C,0.005408089607954025
YNL062C,YBR200W,5.341870519259828e-07
YNL062C,YIL026C,1.9164658748849206e-10
YNL062C,YJR076C,1.4062797163205687e-05
YNL062C,YKR031C,0.002892587101086974
YNL062C,YPL192C,1.149835043179337e-06
YNL062C,YHR107C,0.00207938882522285
YNL062C,YIL037C,5.174497914595122e-07
YNL062C,YPL156C,0.9976000189781189
YNL062C,YIL117C,1.757429345161654e-05
YNL062C,YHR066W,5.7902096312067997e-11
YNL062C,YML085C,1.637241231478015e-09
YNL062C,YML047C,9.356182999908924e-05
YNL062C,YDR312W,1.1257794002572652e-10
YNL062C,YFL037W,1.1191996981962937e-11
YNL062C,YDL038C,0.2020167112350464
YNL062C,YDL039C,2.1104196949034426e-12
YNL062C,YCL027W,2.874069558733705e-11
YNL062C,YML124C,1.2590885357095078e-16
YNL062C,YGL053W,8.147115621026657e-11
YNL062C,YMR232W,1.0634682717780564e-10
YNL062C,YNL298W,0.017289025709033012
YNL062C,YGL099W,9.828422797841796e-11
YNL062C,YBL016W,1.5198854273670154e-14
YNL062C,YAL041W,0.008944850414991379
YNL062C,YDR085C,7.470380580798519e-08
YNL062C,YPL187W,0.03954058885574341
YNL062C,YPL256C,5.33896982613663e-13
YNL062C,YDR461W,5.414129648079191e-12
YNL062C,YNL145W,2.7020325887860963e-07
YNL256W,YDL165W,0.20925471186637878
YNL256W,YGR059W,3.6346602172443454e-08
YNL256W,YBR109C,1.2189187827971182e-06
YNL256W,YJL080C,0.014610973186790943
YNL256W,YCR093W,0.3662314713001251
YNL256W,YIL122W,0.9059802293777466
YNL256W,YCL029C,3.003030490944525e-09
YNL256W,YNL173C,2.1199064121901756e-06
YNL256W,YLR452C,0.00019960101053584367
YNL256W,YDL160C,0.9999258518218994
YNL256W,YLR229C,0.0002276453305967152
YNL256W,YML057W,6.090554283133542e-09
YNL256W,YER149C,0.0001541468664072454
YNL256W,YMR305C,1.378124397888314e-05
YNL256W,YLR433C,0.0017399836797267199
YNL256W,YJL073W,6.130485129652132e-16
YNL256W,YGR279C,0.2347017079591751
YNL256W,YKL190W,0.005197483114898205
YNL256W,YGL089C,0.03205714002251625
YNL256W,YJL019W,0.11730759590864182
YNL256W,YJL018W,7.236349483719096e-05
YNL256W,YNR032C-A,0.768898069858551
YNL256W,YGL178W,0.0001428322575520724
YNL256W,YKL116C,2.2311905656380304e-09
YNL256W,YDL214C,0.0021815309301018715
YNL256W,YLR362W,0.00015170777624007314
YNL256W,YER068W,4.499071565078339e-06
YNL256W,YHR084W,6.009114486005274e-07
YNL256W,YDR392W,0.07985523343086243
YNL256W,YNL053W,0.00951110478490591
YNL256W,YGR040W,0.0004315315163694322
YNL256W,YDL216C,5.9699409575841855e-06
YNL256W,YOL117W,0.02786998637020588
YNL256W,YJR086W,0.9999767541885376
YNL256W,YMR025W,0.0001480215578339994
YNL256W,YBR081C,0.08224507421255112
YNL256W,YFL026W,0.9660633206367493
YNL256W,YHL007C,0.0035798910539597273
YNL256W,YNR044W,0.6431063413619995
YNL256W,YNL271C,0.5632373690605164
YNL256W,YDR200C,5.608819719782332e-06
YNL256W,YKL178C,0.8931339383125305
YNL256W,YOR212W,9.441961992706638e-06
YNL256W,YOL111C,1.6195862706513964e-10
YNL256W,YGL032C,3.982392637880139e-09
YNL256W,YHR005C,0.26325318217277527
YNL256W,YDR103W,2.4380393369938247e-05
YNL256W,YJR084W,0.9923253059387207
YNL256W,YCL032W,9.228355111190467e-07
YNL256W,YJL170C,0.9737979173660278
YNL256W,YDR179C,3.482659716169678e-09
YNL256W,YBR095C,0.014003824442625046
YNL256W,YLL021W,0.5804852247238159
YNL256W,YDL159W,2.5448218366364017e-05
YNL256W,YNL161W,0.9997822642326355
YNL256W,YNL188W,2.1665897964595615e-09
YNL256W,YJL157C,3.326574571360652e-10
YNL256W,YJL034W,4.91318665846131e-15
YNL256W,YLR238W,0.8069435954093933
YNL256W,YPR141C,0.8073616623878479
YNL256W,YNL127W,0.798227071762085
YNL256W,YCL055W,4.594316393990994e-08
YNL256W,YPR122W,0.9850155115127563
YNL256W,YMR065W,0.8804963827133179
YNL256W,YDR356W,0.9931983351707458
YNL256W,YMR052W,6.92998364684172e-05
YNL256W,YFR008W,0.9432026743888855
YNL256W,YLL043W,0.9848392009735107
YNL256W,YMR029C,6.047790884622373e-05
YNL256W,YJR004C,6.034802595422661e-07
YNL256W,YDL223C,3.1712240472492326e-11
YNL256W,YHR158C,0.9987614154815674
YNL256W,YGR238C,2.3194262510628505e-08
YNL256W,YIL015W,0.114178366959095
YNL256W,YGL173C,0.30404040217399597
YNL256W,YDL225W,0.004931728821247816
YNL256W,YLR330W,0.004349095746874809
YNL256W,YBR129C,0.003597459988668561
YNL256W,YKR095W-A,0.2020167112350464
YNL256W,YPR075C,5.065144705440616e-06
YNL256W,YMR198W,0.002773819724097848
YNL256W,YOR127W,0.00010651181219145656
YNL256W,YDR264C,0.999647855758667
YNL256W,YLR110C,0.9937572479248047
YNL256W,YDR379W,0.0006142108468338847
YNL256W,YDL100C,0.004327637609094381
YNL256W,YHR073W,9.012857481138781e-05
YNL256W,YJR090C,0.795784592628479
YNL256W,YOR208W,1.3564742573635158e-07
YNL256W,YBR040W,3.963359418435175e-08
YNL256W,YNL279W,0.9988195300102234
YNL256W,YER075C,4.129745502723381e-05
YNL256W,YCR089W,0.004311282653361559
YNL256W,YCR002C,0.015862874686717987
YNL256W,YJL108C,0.9997885823249817
YNL256W,YBR200W,0.013033905066549778
YNL256W,YIL026C,5.620100296255259e-07
YNL256W,YJR076C,0.6957167983055115
YNL256W,YKR031C,1.8951752281282097e-05
YNL256W,YPL192C,5.01815156894736e-05
YNL256W,YHR107C,0.012610780075192451
YNL256W,YIL037C,0.13372087478637695
YNL256W,YPL156C,2.4836666852934286e-05
YNL256W,YIL117C,0.0010172150796279311
YNL256W,YHR066W,2.1180372993673258e-12
YNL256W,YML085C,0.1299065351486206
YNL256W,YML047C,0.0006163606303744018
YNL256W,YDR312W,1.2471591048779374e-07
YNL256W,YFL037W,0.18413861095905304
YNL256W,YDL038C,0.2020167112350464
YNL256W,YDL039C,4.672002920576594e-15
YNL256W,YCL027W,0.3200068473815918
YNL256W,YML124C,4.404293818538463e-08
YNL256W,YGL053W,0.08694446086883545
YNL256W,YMR232W,1.594089189893566e-05
YNL256W,YNL298W,0.00033153107506223023
YNL256W,YGL099W,1.2220236107751692e-11
YNL256W,YBL016W,2.735755957709862e-13
YNL256W,YAL041W,0.10065003484487534
YNL256W,YDR085C,5.8730216551339254e-05
YNL256W,YPL187W,0.977767288684845
YNL256W,YPL256C,1.8338049967425718e-09
YNL256W,YDR461W,2.5760054083324296e-14
YNL256W,YNL145W,6.533251273310725e-09
YNL084C,YDL165W,1.9301990050735185e-06
YNL084C,YGR059W,2.8441096699971524e-11
YNL084C,YBR109C,0.003907309379428625
YNL084C,YJL080C,2.3811054461475578e-08
YNL084C,YCR093W,0.06044001504778862
YNL084C,YIL122W,0.8511324524879456
YNL084C,YCL029C,1.9984054411281704e-09
YNL084C,YNL173C,4.340252246493037e-07
YNL084C,YLR452C,0.023843323811888695
YNL084C,YDL160C,4.4136831434116175e-07
YNL084C,YLR229C,4.007180438164726e-12
YNL084C,YML057W,1.8389009710517712e-05
YNL084C,YER149C,0.004950101487338543
YNL084C,YMR305C,1.988804954056178e-12
YNL084C,YLR433C,0.030587004497647285
YNL084C,YJL073W,3.233465122320922e-07
YNL084C,YGR279C,1.0041070197530644e-08
YNL084C,YKL190W,0.827399492263794
YNL084C,YGL089C,2.383253786319983e-06
YNL084C,YJL019W,3.1123076382755244e-07
YNL084C,YJL018W,0.04565140977501869
YNL084C,YNR032C-A,0.0003902303578797728
YNL084C,YGL178W,0.44683438539505005
YNL084C,YKL116C,8.441582988183427e-10
YNL084C,YDL214C,0.0211570393294096
YNL084C,YLR362W,3.3478041586931795e-05
YNL084C,YER068W,7.475026819747654e-08
YNL084C,YHR084W,7.013688132877227e-13
YNL084C,YDR392W,0.005371087696403265
YNL084C,YNL053W,8.382855867239414e-07
YNL084C,YGR040W,0.23998026549816132
YNL084C,YDL216C,5.087705901019035e-08
YNL084C,YOL117W,6.6674981091807695e-09
YNL084C,YJR086W,6.143352220533416e-05
YNL084C,YMR025W,0.0011600394500419497
YNL084C,YBR081C,0.009960559196770191
YNL084C,YFL026W,0.26362526416778564
YNL084C,YHL007C,0.00030095185502432287
YNL084C,YNR044W,6.468279689642031e-09
YNL084C,YNL271C,3.8785442484368104e-06
YNL084C,YDR200C,5.7570403305673423e-11
YNL084C,YKL178C,0.07094340026378632
YNL084C,YOR212W,2.5030669348780066e-05
YNL084C,YOL111C,2.3608783331074967e-11
YNL084C,YGL032C,6.332352864291124e-09
YNL084C,YHR005C,7.837982593628112e-06
YNL084C,YDR103W,0.0005845797131769359
YNL084C,YJR084W,6.600642948884072e-11
YNL084C,YCL032W,4.610596071596973e-10
YNL084C,YJL170C,8.15833622880291e-09
YNL084C,YDR179C,3.084131226140792e-23
YNL084C,YBR095C,2.7392818915950023e-12
YNL084C,YLL021W,9.402069345298969e-09
YNL084C,YDL159W,6.289345044763195e-09
YNL084C,YNL161W,0.002967097098007798
YNL084C,YNL188W,3.132857584464688e-10
YNL084C,YJL157C,1.4196678771796756e-13
YNL084C,YJL034W,6.491493564908524e-08
YNL084C,YLR238W,5.534960109798703e-06
YNL084C,YPR141C,4.5250303060129227e-07
YNL084C,YNL127W,3.199082110327822e-09
YNL084C,YCL055W,0.002532770624384284
YNL084C,YPR122W,7.160752016000076e-18
YNL084C,YMR065W,0.005620500072836876
YNL084C,YDR356W,5.929360824552532e-08
YNL084C,YMR052W,7.462939710656258e-10
YNL084C,YFR008W,3.2772155215271548e-12
YNL084C,YLL043W,5.97183746897656e-10
YNL084C,YMR029C,0.02512672357261181
YNL084C,YJR004C,1.8766623810506644e-09
YNL084C,YDL223C,2.9989173968967718e-15
YNL084C,YHR158C,2.748965985399643e-11
YNL084C,YGR238C,6.611157004954293e-05
YNL084C,YIL015W,0.40618062019348145
YNL084C,YGL173C,0.05411878228187561
YNL084C,YDL225W,0.0003106555377598852
YNL084C,YLR330W,9.133046114584431e-05
YNL084C,YBR129C,3.639989881776273e-05
YNL084C,YKR095W-A,0.2020167112350464
YNL084C,YPR075C,3.7961766976429834e-14
YNL084C,YMR198W,7.416833977913484e-05
YNL084C,YOR127W,1.929579385162583e-09
YNL084C,YDR264C,1.071118822437711e-05
YNL084C,YLR110C,1.8090005405105303e-13
YNL084C,YDR379W,0.00276556727476418
YNL084C,YDL100C,2.389630253674113e-07
YNL084C,YHR073W,1.6049472861823233e-08
YNL084C,YJR090C,0.008194860070943832
YNL084C,YOR208W,1.4040245355229075e-10
YNL084C,YBR040W,0.18940216302871704
YNL084C,YNL279W,0.00026311862166039646
YNL084C,YER075C,4.616686965164263e-06
YNL084C,YCR089W,1.1764472729325348e-10
YNL084C,YCR002C,1.9320405044709332e-06
YNL084C,YJL108C,0.001629147445783019
YNL084C,YBR200W,3.22035127453546e-08
YNL084C,YIL026C,3.6148827348370105e-05
YNL084C,YJR076C,4.5686826410928916e-07
YNL084C,YKR031C,0.028869550675153732
YNL084C,YPL192C,0.00509994151070714
YNL084C,YHR107C,1.0238008144369815e-05
YNL084C,YIL037C,0.00017928094894159585
YNL084C,YPL156C,0.9862418174743652
YNL084C,YIL117C,1.0625462731894686e-09
YNL084C,YHR066W,3.3941582133699564e-18
YNL084C,YML085C,3.83227710632969e-13
YNL084C,YML047C,0.32927170395851135
YNL084C,YDR312W,7.93424646872154e-07
YNL084C,YFL037W,1.721671878840425e-06
YNL084C,YDL038C,0.2020167112350464
YNL084C,YDL039C,9.482344956164655e-15
YNL084C,YCL027W,0.0002331076393602416
YNL084C,YML124C,1.001368232778077e-08
YNL084C,YGL053W,7.691382393204549e-07
YNL084C,YMR232W,2.0578615078648e-07
YNL084C,YNL298W,1.2363182699814956e-10
YNL084C,YGL099W,2.4532194642909515e-20
YNL084C,YBL016W,9.168894393951632e-06
YNL084C,YAL041W,1.3657381714438088e-05
YNL084C,YDR085C,0.00014793929585721344
YNL084C,YPL187W,0.00564145902171731
YNL084C,YPL256C,1.1470601486880672e-13
YNL084C,YDR461W,1.0697779467827573e-12
YNL084C,YNL145W,5.0368878873996437e-05
YLR172C,YDL165W,0.00010381123865954578
YLR172C,YGR059W,3.659731007132905e-08
YLR172C,YBR109C,0.003621988231316209
YLR172C,YJL080C,1.5470520768562861e-16
YLR172C,YCR093W,0.0001314113033004105
YLR172C,YIL122W,1.2210525710543152e-06
YLR172C,YCL029C,1.3127157217240892e-05
YLR172C,YNL173C,0.00020675812265835702
YLR172C,YLR452C,0.00013974675675854087
YLR172C,YDL160C,0.0004408852255437523
YLR172C,YLR229C,2.900941477052693e-14
YLR172C,YML057W,1.0848778125849279e-10
YLR172C,YER149C,2.0768062616860483e-11
YLR172C,YMR305C,6.943908374523744e-05
YLR172C,YLR433C,3.242716373197396e-10
YLR172C,YJL073W,1.2828700775291413e-11
YLR172C,YGR279C,3.763997447059353e-11
YLR172C,YKL190W,1.1557513626692106e-11
YLR172C,YGL089C,7.567873439029427e-08
YLR172C,YJL019W,3.846699314635771e-07
YLR172C,YJL018W,0.11762916296720505
YLR172C,YNR032C-A,0.04996822401881218
YLR172C,YGL178W,6.042740278644487e-05
YLR172C,YKL116C,2.1341178065188704e-14
YLR172C,YDL214C,0.7854270935058594
YLR172C,YLR362W,7.735258986940607e-05
YLR172C,YER068W,5.113042211846164e-10
YLR172C,YHR084W,4.7461878871501995e-09
YLR172C,YDR392W,4.165467276662227e-11
YLR172C,YNL053W,3.166899631423803e-09
YLR172C,YGR040W,4.600960892275907e-05
YLR172C,YDL216C,1.2796471082765493e-06
YLR172C,YOL117W,0.0006058310973457992
YLR172C,YJR086W,1.41664634125023e-13
YLR172C,YMR025W,0.000467892357846722
YLR172C,YBR081C,4.3636939039970457e-07
YLR172C,YFL026W,0.003325678873807192
YLR172C,YHL007C,8.20592915449711e-14
YLR172C,YNR044W,6.894821069636237e-08
YLR172C,YNL271C,5.183441942335776e-08
YLR172C,YDR200C,9.532227096542556e-08
YLR172C,YKL178C,7.017552707111463e-05
YLR172C,YOR212W,1.1584804582298602e-07
YLR172C,YOL111C,1.1481444239791472e-08
YLR172C,YGL032C,0.16583983600139618
YLR172C,YHR005C,0.5933786630630493
YLR172C,YDR103W,4.963293918081035e-07
YLR172C,YJR084W,0.005213850177824497
YLR172C,YCL032W,1.7944255803481468e-10
YLR172C,YJL170C,0.9989293217658997
YLR172C,YDR179C,1.901413887450687e-10
YLR172C,YBR095C,2.6693408017308684e-07
YLR172C,YLL021W,2.7906335575700325e-10
YLR172C,YDL159W,7.025636853969647e-15
YLR172C,YNL161W,0.0015483276220038533
YLR172C,YNL188W,4.083057405634277e-13
YLR172C,YJL157C,7.607964562339475e-06
YLR172C,YJL034W,5.686838803684036e-13
YLR172C,YLR238W,8.351808827855578e-12
YLR172C,YPR141C,8.247108667092107e-07
YLR172C,YNL127W,0.35382333397865295
YLR172C,YCL055W,0.029718782752752304
YLR172C,YPR122W,2.2012249800695827e-09
YLR172C,YMR065W,6.528916074444169e-09
YLR172C,YDR356W,0.9888519644737244
YLR172C,YMR052W,0.3129916787147522
YLR172C,YFR008W,6.346113777639067e-16
YLR172C,YLL043W,3.7577163425339677e-07
YLR172C,YMR029C,4.670358521252638e-06
YLR172C,YJR004C,9.16304632170295e-09
YLR172C,YDL223C,6.276826974849214e-11
YLR172C,YHR158C,6.625673693157899e-17
YLR172C,YGR238C,1.4570174755590415e-07
YLR172C,YIL015W,0.9380633234977722
YLR172C,YGL173C,1.1000589328347132e-11
YLR172C,YDL225W,1.640990454632174e-08
YLR172C,YLR330W,3.847498274839323e-12
YLR172C,YBR129C,0.3719298243522644
YLR172C,YKR095W-A,0.2020167112350464
YLR172C,YPR075C,3.1897856751783582e-12
YLR172C,YMR198W,5.306686034600716e-06
YLR172C,YOR127W,2.1636748571006757e-16
YLR172C,YDR264C,8.759701586313895e-08
YLR172C,YLR110C,1.635992563642219e-09
YLR172C,YDR379W,5.314648405845208e-16
YLR172C,YDL100C,4.002336819592772e-16
YLR172C,YHR073W,2.4894046646295465e-07
YLR172C,YJR090C,5.608727633443777e-07
YLR172C,YOR208W,1.9886219604359212e-07
YLR172C,YBR040W,0.00010475553426658735
YLR172C,YNL279W,8.123030426077094e-08
YLR172C,YER075C,3.614150500652613e-06
YLR172C,YCR089W,1.6096185495584336e-09
YLR172C,YCR002C,3.155627148476725e-11
YLR172C,YJL108C,0.0016087191179394722
YLR172C,YBR200W,1.10604125684588e-13
YLR172C,YIL026C,1.2533408089154818e-08
YLR172C,YJR076C,1.4434864858969831e-08
YLR172C,YKR031C,6.369977654685499e-06
YLR172C,YPL192C,0.00010646753798937425
YLR172C,YHR107C,7.797830825495566e-09
YLR172C,YIL037C,0.00030227232491597533
YLR172C,YPL156C,1.2775303730450105e-06
YLR172C,YIL117C,1.1266133270737555e-07
YLR172C,YHR066W,4.744172394157539e-19
YLR172C,YML085C,2.789411353067931e-20
YLR172C,YML047C,1.961477892109542e-06
YLR172C,YDR312W,1.366897738421008e-19
YLR172C,YFL037W,2.5584406557754846e-06
YLR172C,YDL038C,0.2020167112350464
YLR172C,YDL039C,2.524477209307069e-13
YLR172C,YCL027W,2.1268857786083117e-09
YLR172C,YML124C,6.806512020673949e-10
YLR172C,YGL053W,5.3265307542460505e-06
YLR172C,YMR232W,5.711015182896517e-05
YLR172C,YNL298W,3.586512753450677e-10
YLR172C,YGL099W,6.920115712862193e-16
YLR172C,YBL016W,3.282621108269268e-08
YLR172C,YAL041W,9.130622856901027e-06
YLR172C,YDR085C,7.889120468007604e-08
YLR172C,YPL187W,0.03173758089542389
YLR172C,YPL256C,4.89418228166727e-11
YLR172C,YDR461W,3.1618227834843285e-17
YLR172C,YNL145W,1.9970347153730472e-08
YDR062W,YDL165W,8.298661237360339e-12
YDR062W,YGR059W,3.979095708928071e-06
YDR062W,YBR109C,9.279924029215181e-08
YDR062W,YJL080C,0.028091421350836754
YDR062W,YCR093W,0.00012500498269218951
YDR062W,YIL122W,4.96039265218684e-10
YDR062W,YCL029C,0.002333874348551035
YDR062W,YNL173C,5.857058171798712e-10
YDR062W,YLR452C,0.9894809722900391
YDR062W,YDL160C,0.000613553449511528
YDR062W,YLR229C,0.0006114151910878718
YDR062W,YML057W,5.230120129302504e-15
YDR062W,YER149C,0.274258553981781
YDR062W,YMR305C,1.412203145222113e-13
YDR062W,YLR433C,0.0039707268588244915
YDR062W,YJL073W,6.90294880718173e-13
YDR062W,YGR279C,3.35892618750222e-05
YDR062W,YKL190W,2.6191420943177945e-07
YDR062W,YGL089C,2.5642866603448056e-05
YDR062W,YJL019W,0.9998170733451843
YDR062W,YJL018W,0.031300805509090424
YDR062W,YNR032C-A,0.009276099503040314
YDR062W,YGL178W,7.813740376150236e-05
YDR062W,YKL116C,0.0004934309399686754
YDR062W,YDL214C,0.00016941399371717125
YDR062W,YLR362W,4.131408548602167e-09
YDR062W,YER068W,6.117239081504522e-06
YDR062W,YHR084W,0.04224627837538719
YDR062W,YDR392W,1.2191759601876129e-08
YDR062W,YNL053W,5.5246751173854136e-08
YDR062W,YGR040W,1.955553216248518e-06
YDR062W,YDL216C,0.04256578907370567
YDR062W,YOL117W,3.90648267512006e-07
YDR062W,YJR086W,1.9646622604341246e-06
YDR062W,YMR025W,1.20305165829393e-09
YDR062W,YBR081C,0.7478420734405518
YDR062W,YFL026W,2.9875693585701413e-10
YDR062W,YHL007C,1.3406531252257992e-05
YDR062W,YNR044W,0.8942761421203613
YDR062W,YNL271C,7.172526128584877e-09
YDR062W,YDR200C,0.00030134752159938216
YDR062W,YKL178C,1.6120219825666027e-08
YDR062W,YOR212W,0.9999804496765137
YDR062W,YOL111C,7.272713654178295e-14
YDR062W,YGL032C,3.091728558501927e-06
YDR062W,YHR005C,0.0002980183926410973
YDR062W,YDR103W,4.594437275073915e-09
YDR062W,YJR084W,9.886750307330772e-10
YDR062W,YCL032W,6.248058980418136e-06
YDR062W,YJL170C,1.184371267726192e-08
YDR062W,YDR179C,3.693696891860117e-14
YDR062W,YBR095C,3.146637936879415e-07
YDR062W,YLL021W,5.189646253711544e-05
YDR062W,YDL159W,0.004650887567549944
YDR062W,YNL161W,1.3034472168271805e-08
YDR062W,YNL188W,0.00012386625166982412
YDR062W,YJL157C,0.366792768239975
YDR062W,YJL034W,4.839860707761545e-07
YDR062W,YLR238W,0.11777868866920471
YDR062W,YPR141C,0.009762869216501713
YDR062W,YNL127W,1.8434886897011893e-06
YDR062W,YCL055W,0.09373471885919571
YDR062W,YPR122W,0.8702174425125122
YDR062W,YMR065W,9.05363503989065e-06
YDR062W,YDR356W,0.0007761220913380384
YDR062W,YMR052W,7.270657806657255e-05
YDR062W,YFR008W,9.118100940952445e-09
YDR062W,YLL043W,1.3244959973235382e-06
YDR062W,YMR029C,4.7107553768910293e-07
YDR062W,YJR004C,0.006448160391300917
YDR062W,YDL223C,1.2887026168417748e-10
YDR062W,YHR158C,0.02001713030040264
YDR062W,YGR238C,1.7034237131952068e-08
YDR062W,YIL015W,1.3181967005948536e-05
YDR062W,YGL173C,6.987556692115982e-13
YDR062W,YDL225W,4.795291897607967e-05
YDR062W,YLR330W,0.0024716071784496307
YDR062W,YBR129C,0.00016724271699786186
YDR062W,YKR095W-A,0.2020167112350464
YDR062W,YPR075C,3.355276397432744e-13
YDR062W,YMR198W,0.12027976661920547
YDR062W,YOR127W,0.7311366200447083
YDR062W,YDR264C,5.165154703945518e-08
YDR062W,YLR110C,0.0003184682864230126
YDR062W,YDR379W,0.00032919098157435656
YDR062W,YDL100C,6.797490647209069e-15
YDR062W,YHR073W,7.946437676764617e-07
YDR062W,YJR090C,6.742596724507166e-06
YDR062W,YOR208W,5.397493509917695e-07
YDR062W,YBR040W,0.00015453185187652707
YDR062W,YNL279W,9.566998926402448e-08
YDR062W,YER075C,2.28985973080853e-05
YDR062W,YCR089W,0.00146106060128659
YDR062W,YCR002C,8.628337866412039e-08
YDR062W,YJL108C,0.002803538693115115
YDR062W,YBR200W,0.00017845939146354795
YDR062W,YIL026C,0.0018413785146549344
YDR062W,YJR076C,0.9989314675331116
YDR062W,YKR031C,0.00030347760184668005
YDR062W,YPL192C,7.369362720055506e-08
YDR062W,YHR107C,1.3210613158953777e-10
YDR062W,YIL037C,3.968412329413695e-06
YDR062W,YPL156C,0.0012227048864588141
YDR062W,YIL117C,0.5997325778007507
YDR062W,YHR066W,4.2108323772271916e-11
YDR062W,YML085C,0.0011706476798281074
YDR062W,YML047C,3.131534498379551e-08
YDR062W,YDR312W,0.025972021743655205
YDR062W,YFL037W,3.922360701835714e-05
YDR062W,YDL038C,0.2020167112350464
YDR062W,YDL039C,3.36018257662829e-09
YDR062W,YCL027W,0.0001574772468302399
YDR062W,YML124C,4.928600901621394e-06
YDR062W,YGL053W,1.0243120587838384e-11
YDR062W,YMR232W,4.8514921218156815e-06
YDR062W,YNL298W,0.22882336378097534
YDR062W,YGL099W,0.0809394046664238
YDR062W,YBL016W,2.3263956094865534e-08
YDR062W,YAL041W,0.0007015179144218564
YDR062W,YDR085C,5.573666417291179e-09
YDR062W,YPL187W,0.007082448340952396
YDR062W,YPL256C,4.4258364334526235e-11
YDR062W,YDR461W,0.00048222372424788773
YDR062W,YNL145W,1.299395506748624e-07
YGL215W,YDL165W,0.15081281960010529
YGL215W,YGR059W,4.1154450514113705e-08
YGL215W,YBR109C,3.0001535977763893e-11
YGL215W,YJL080C,5.3507823443311314e-14
YGL215W,YCR093W,6.293163323789486e-08
YGL215W,YIL122W,1.8568481197078768e-09
YGL215W,YCL029C,3.714738429055599e-17
YGL215W,YNL173C,9.603824679960127e-11
YGL215W,YLR452C,4.164242284332431e-08
YGL215W,YDL160C,7.499761522922199e-08
YGL215W,YLR229C,2.47404788306484e-14
YGL215W,YML057W,1.0285756621430941e-12
YGL215W,YER149C,7.96489540988432e-09
YGL215W,YMR305C,1.884161594568392e-17
YGL215W,YLR433C,1.6953269010855365e-08
YGL215W,YJL073W,1.8836491335605388e-06
YGL215W,YGR279C,1.8155794792931723e-12
YGL215W,YKL190W,8.076806584655927e-12
YGL215W,YGL089C,1.401342342433054e-05
YGL215W,YJL019W,0.0001192183917737566
YGL215W,YJL018W,0.00018034256936516613
YGL215W,YNR032C-A,0.00016047312237787992
YGL215W,YGL178W,3.07738251548173e-10
YGL215W,YKL116C,1.8084742111777654e-15
YGL215W,YDL214C,1.7912254861585097e-06
YGL215W,YLR362W,7.203249996479144e-09
YGL215W,YER068W,3.1247498554876074e-05
YGL215W,YHR084W,1.2797851970877683e-12
YGL215W,YDR392W,6.895191238993643e-15
YGL215W,YNL053W,1.185105702461442e-08
YGL215W,YGR040W,1.76527992485121e-16
YGL215W,YDL216C,2.8009182642563246e-05
YGL215W,YOL117W,1.7407027996796387e-07
YGL215W,YJR086W,2.7529573344509117e-05
YGL215W,YMR025W,4.848020314189572e-13
YGL215W,YBR081C,1.127801740885559e-10
YGL215W,YFL026W,3.1818752429542798e-15
YGL215W,YHL007C,2.5711807682959886e-10
YGL215W,YNR044W,1.6479753759540694e-12
YGL215W,YNL271C,0.007992488332092762
YGL215W,YDR200C,4.270992892685399e-09
YGL215W,YKL178C,0.0015808737371116877
YGL215W,YOR212W,4.5256184216802e-11
YGL215W,YOL111C,2.895438879976786e-12
YGL215W,YGL032C,1.1666693211509482e-07
YGL215W,YHR005C,1.8512481478327736e-11
YGL215W,YDR103W,2.846883944584988e-05
YGL215W,YJR084W,1.605599386778067e-08
YGL215W,YCL032W,2.331076737888127e-12
YGL215W,YJL170C,3.709377961997897e-21
YGL215W,YDR179C,1.558263761580747e-06
YGL215W,YBR095C,2.048615499461448e-09
YGL215W,YLL021W,4.2043320718221366e-05
YGL215W,YDL159W,4.883516924181208e-10
YGL215W,YNL161W,4.7509089995401155e-08
YGL215W,YNL188W,6.088857716635143e-13
YGL215W,YJL157C,1.2353628252195596e-15
YGL215W,YJL034W,4.8619278913975e-07
YGL215W,YLR238W,3.741576926757917e-12
YGL215W,YPR141C,1.0255647886481256e-08
YGL215W,YNL127W,3.3374724353052443e-06
YGL215W,YCL055W,5.26707744734063e-16
YGL215W,YPR122W,1.5087474672381695e-11
YGL215W,YMR065W,5.3574693292812725e-11
YGL215W,YDR356W,7.554785130814423e-10
YGL215W,YMR052W,8.952426473751718e-12
YGL215W,YFR008W,1.4761729554000873e-17
YGL215W,YLL043W,4.175376624310223e-12
YGL215W,YMR029C,7.81535891292151e-06
YGL215W,YJR004C,2.4507603058054883e-08
YGL215W,YDL223C,2.4012174435483757e-06
YGL215W,YHR158C,0.9999953508377075
YGL215W,YGR238C,7.870116225383583e-10
YGL215W,YIL015W,2.7576570025303294e-15
YGL215W,YGL173C,1.1911875930081806e-09
YGL215W,YDL225W,5.507026501483381e-10
YGL215W,YLR330W,1.1665701973753544e-15
YGL215W,YBR129C,2.2376085428987835e-09
YGL215W,YKR095W-A,0.2020167112350464
YGL215W,YPR075C,4.703555021023931e-07
YGL215W,YMR198W,2.837217536716505e-15
YGL215W,YOR127W,2.098548293361091e-06
YGL215W,YDR264C,6.646800080820081e-13
YGL215W,YLR110C,0.015038560144603252
YGL215W,YDR379W,1.7595136458936622e-10
YGL215W,YDL100C,1.6334270091025727e-12
YGL215W,YHR073W,0.0030507659539580345
YGL215W,YJR090C,1.9578747014747933e-05
YGL215W,YOR208W,7.364648890728631e-10
YGL215W,YBR040W,0.0028554315213114023
YGL215W,YNL279W,1.206733202252508e-07
YGL215W,YER075C,8.586912940700131e-07
YGL215W,YCR089W,1.8501113862494714e-15
YGL215W,YCR002C,1.8144163504985045e-08
YGL215W,YJL108C,1.2711016863630603e-14
YGL215W,YBR200W,6.353697082350784e-12
YGL215W,YIL026C,1.5359511962742545e-05
YGL215W,YJR076C,0.00010107873822562397
YGL215W,YKR031C,0.0011644390178844333
YGL215W,YPL192C,2.0127802202729583e-10
YGL215W,YHR107C,2.5507743403007093e-16
YGL215W,YIL037C,0.0005549956695176661
YGL215W,YPL156C,6.663235012638324e-07
YGL215W,YIL117C,1.3879756011192512e-08
YGL215W,YHR066W,3.566407047104337e-19
YGL215W,YML085C,7.601982736880897e-13
YGL215W,YML047C,2.9814930968541375e-08
YGL215W,YDR312W,2.1583766718347164e-10
YGL215W,YFL037W,1.0243946160358886e-14
YGL215W,YDL038C,0.2020167112350464
YGL215W,YDL039C,1.2403020860932363e-15
YGL215W,YCL027W,1.8885469577067937e-10
YGL215W,YML124C,4.9286197681668725e-14
YGL215W,YGL053W,6.155766945545305e-17
YGL215W,YMR232W,2.0107168893446214e-05
YGL215W,YNL298W,7.504239079025865e-07
YGL215W,YGL099W,1.4565136409786482e-14
YGL215W,YBL016W,7.167840980319435e-15
YGL215W,YAL041W,3.1220332122637107e-16
YGL215W,YDR085C,3.1953004508977756e-07
YGL215W,YPL187W,0.00036877451930195093
YGL215W,YPL256C,6.969990096195033e-08
YGL215W,YDR461W,7.879807917277049e-13
YGL215W,YNL145W,4.910447720278199e-24
YML057W,YDL165W,3.4918201663458603e-08
YML057W,YGR059W,3.399557746419646e-09
YML057W,YBR109C,0.005168927367776632
YML057W,YJL080C,1.712589892122196e-06
YML057W,YCR093W,2.9746508971584262e-06
YML057W,YIL122W,0.910426914691925
YML057W,YCL029C,2.137067051100061e-10
YML057W,YNL173C,0.004608578979969025
YML057W,YLR452C,0.9476884007453918
YML057W,YDL160C,1.2933057860209374e-06
YML057W,YLR229C,1.8562472178018652e-05
YML057W,YER149C,0.9591872692108154
YML057W,YMR305C,0.006667837966233492
YML057W,YLR433C,0.7614779472351074
YML057W,YJL073W,1.0907530194204508e-15
YML057W,YGR279C,1.1340386663505342e-05
YML057W,YKL190W,0.001646718941628933
YML057W,YGL089C,4.188592811260605e-06
YML057W,YJL019W,0.00030342116951942444
YML057W,YJL018W,0.00025925340014509857
YML057W,YNR032C-A,0.00605742447078228
YML057W,YGL178W,1.2593356757406582e-07
YML057W,YKL116C,3.43581814377103e-06
YML057W,YDL214C,0.0001577419025124982
YML057W,YLR362W,6.03792293940586e-10
YML057W,YER068W,5.016615887143416e-07
YML057W,YHR084W,1.7008450203803704e-09
YML057W,YDR392W,0.11717181652784348
YML057W,YNL053W,0.03322272002696991
YML057W,YGR040W,0.0606895312666893
YML057W,YDL216C,0.0020447575952857733
YML057W,YOL117W,0.002842721762135625
YML057W,YJR086W,1.7712321209728543e-07
YML057W,YMR025W,4.315814294386655e-05
YML057W,YBR081C,0.14707325398921967
YML057W,YFL026W,4.4096417489702944e-11
YML057W,YHL007C,2.8778741612001113e-09
YML057W,YNR044W,0.3400864005088806
YML057W,YNL271C,0.003659700509160757
YML057W,YDR200C,0.205605149269104
YML057W,YKL178C,0.01543993316590786
YML057W,YOR212W,0.009623835794627666
YML057W,YOL111C,1.0826968264154857e-06
YML057W,YGL032C,3.1141123457700814e-08
YML057W,YHR005C,0.10375840216875076
YML057W,YDR103W,9.254856436768932e-09
YML057W,YJR084W,0.08753224462270737
YML057W,YCL032W,0.0006415946409106255
YML057W,YJL170C,0.00022752727090846747
YML057W,YDR179C,1.3871218220275552e-14
YML057W,YBR095C,0.00026676818379200995
YML057W,YLL021W,3.299702484582667e-07
YML057W,YDL159W,1.982488652407799e-11
YML057W,YNL161W,0.0011787405237555504
YML057W,YNL188W,8.022666588658467e-05
YML057W,YJL157C,5.150465892096538e-16
YML057W,YJL034W,2.064932225209759e-08
YML057W,YLR238W,2.1557864329224685e-06
YML057W,YPR141C,0.0005486616864800453
YML057W,YNL127W,2.614449634563698e-08
YML057W,YCL055W,0.0026851631700992584
YML057W,YPR122W,6.466204238719797e-10
YML057W,YMR065W,0.8554532527923584
YML057W,YDR356W,1.3071003195364028e-06
YML057W,YMR052W,0.02507682330906391
YML057W,YFR008W,1.3704546290682629e-05
YML057W,YLL043W,0.7316136360168457
YML057W,YMR029C,0.0038168197497725487
YML057W,YJR004C,6.942127947695553e-05
YML057W,YDL223C,9.81632852260772e-13
YML057W,YHR158C,3.7488860016310355e-06
YML057W,YGR238C,0.00021429354092106223
YML057W,YIL015W,0.014273626729846
YML057W,YGL173C,0.0008891848265193403
YML057W,YDL225W,4.0052727854344994e-05
YML057W,YLR330W,1.442468100520955e-08
YML057W,YBR129C,6.292729085544124e-05
YML057W,YKR095W-A,0.2020167112350464
YML057W,YPR075C,4.536940129005107e-15
YML057W,YMR198W,0.9997060894966125
YML057W,YOR127W,0.7530072331428528
YML057W,YDR264C,0.955328643321991
YML057W,YLR110C,0.12057405710220337
YML057W,YDR379W,8.702775812707841e-05
YML057W,YDL100C,0.000578270060941577
YML057W,YHR073W,0.0015356432413682342
YML057W,YJR090C,2.3796738446435484e-07
YML057W,YOR208W,1.6720721760066226e-05
YML057W,YBR040W,0.9865080118179321
YML057W,YNL279W,0.9974574446678162
YML057W,YER075C,0.002383714308962226
YML057W,YCR089W,4.89444747751866e-13
YML057W,YCR002C,0.004163665231317282
YML057W,YJL108C,0.9999938011169434
YML057W,YBR200W,0.00010040149936685339
YML057W,YIL026C,1.449127125852101e-06
YML057W,YJR076C,4.3893248857784783e-07
YML057W,YKR031C,0.26772475242614746
YML057W,YPL192C,0.9757047295570374
YML057W,YHR107C,1.4385177077302913e-11
YML057W,YIL037C,0.9999775886535645
YML057W,YPL156C,0.7994044423103333
YML057W,YIL117C,0.060668155550956726
YML057W,YHR066W,5.170726506830737e-22
YML057W,YML085C,1.0440538433797997e-09
YML057W,YML047C,0.955051839351654
YML057W,YDR312W,2.602964288556109e-09
YML057W,YFL037W,2.854227432180778e-06
YML057W,YDL038C,0.2020167112350464
YML057W,YDL039C,9.131395012738642e-17
YML057W,YCL027W,0.4909662902355194
YML057W,YML124C,0.030312897637486458
YML057W,YGL053W,2.9795371574437013e-06
YML057W,YMR232W,0.9999806880950928
YML057W,YNL298W,0.999975323677063
YML057W,YGL099W,8.61595343681909e-12
YML057W,YBL016W,3.4969374063109626e-09
YML057W,YAL041W,3.9580947941431077e-07
YML057W,YDR085C,0.01585444249212742
YML057W,YPL187W,5.891696218895959e-06
YML057W,YPL256C,5.506711198144387e-10
YML057W,YDR461W,4.881389372712874e-07
YML057W,YNL145W,3.4967001516506e-11
YJL187C,YDL165W,0.00031465626670978963
YJL187C,YGR059W,8.923088756773723e-08
YJL187C,YBR109C,3.0027442754487765e-09
YJL187C,YJL080C,4.959281341143651e-08
YJL187C,YCR093W,0.0024668832775205374
YJL187C,YIL122W,0.8129980564117432
YJL187C,YCL029C,2.1219400991867587e-07
YJL187C,YNL173C,0.9996954202651978
YJL187C,YLR452C,4.28206203650916e-06
YJL187C,YDL160C,0.03514023870229721
YJL187C,YLR229C,0.006145351566374302
YJL187C,YML057W,0.0003137842286378145
YJL187C,YER149C,2.4271241017004286e-08
YJL187C,YMR305C,4.4209758925717324e-05
YJL187C,YLR433C,0.0027410159818828106
YJL187C,YJL073W,1.9813364409435388e-14
YJL187C,YGR279C,0.000291709991870448
YJL187C,YKL190W,0.1098887026309967
YJL187C,YGL089C,0.9887418150901794
YJL187C,YJL019W,4.879069148699955e-09
YJL187C,YJL018W,0.004063129425048828
YJL187C,YNR032C-A,0.06347119808197021
YJL187C,YGL178W,0.005004843696951866
YJL187C,YKL116C,2.8924772462173703e-14
YJL187C,YDL214C,0.856243908405304
YJL187C,YLR362W,0.08629036694765091
YJL187C,YER068W,0.0003455413389019668
YJL187C,YHR084W,0.008834811858832836
YJL187C,YDR392W,0.0728384479880333
YJL187C,YNL053W,0.00011327487300150096
YJL187C,YGR040W,0.0031429212540388107
YJL187C,YDL216C,0.0017462847754359245
YJL187C,YOL117W,8.801038370309655e-11
YJL187C,YJR086W,0.5035257935523987
YJL187C,YMR025W,1.1864550288009923e-05
YJL187C,YBR081C,0.005869658198207617
YJL187C,YFL026W,0.00010094109893543646
YJL187C,YHL007C,1.198288934745051e-08
YJL187C,YNR044W,0.0021409783512353897
YJL187C,YNL271C,0.0005799034843221307
YJL187C,YDR200C,4.47844483719706e-10
YJL187C,YKL178C,4.7945421101758257e-05
YJL187C,YOR212W,0.0029164140578359365
YJL187C,YOL111C,1.5102949646461639e-07
YJL187C,YGL032C,1.9880764739355072e-05
YJL187C,YHR005C,0.963216245174408
YJL187C,YDR103W,1.4930541283320053e-06
YJL187C,YJR084W,0.34679025411605835
YJL187C,YCL032W,0.00016255727678071707
YJL187C,YJL170C,3.1373969022752135e-07
YJL187C,YDR179C,0.04662651568651199
YJL187C,YBR095C,5.254951815913955e-07
YJL187C,YLL021W,0.2708864212036133
YJL187C,YDL159W,7.811272245347722e-13
YJL187C,YNL161W,4.94790097782527e-10
YJL187C,YNL188W,1.8252882227898226e-06
YJL187C,YJL157C,1.1120160792188472e-07
YJL187C,YJL034W,1.1568580760012992e-08
YJL187C,YLR238W,0.0116757582873106
YJL187C,YPR141C,0.9256168007850647
YJL187C,YNL127W,0.00033196754520758986
YJL187C,YCL055W,0.005731599871069193
YJL187C,YPR122W,0.9999886751174927
YJL187C,YMR065W,0.88370680809021
YJL187C,YDR356W,0.0001136471692007035
YJL187C,YMR052W,0.30548396706581116
YJL187C,YFR008W,0.0016783925238996744
YJL187C,YLL043W,1.4612449206197198e-07
YJL187C,YMR029C,0.4264935553073883
YJL187C,YJR004C,1.0448040484334342e-05
YJL187C,YDL223C,0.0016382001340389252
YJL187C,YHR158C,0.015647122636437416
YJL187C,YGR238C,3.129082870145794e-06
YJL187C,YIL015W,1.928171514009591e-06
YJL187C,YGL173C,3.922641190001741e-05
YJL187C,YDL225W,1.2888904166175053e-06
YJL187C,YLR330W,0.0009853574447333813
YJL187C,YBR129C,1.8652762037163484e-06
YJL187C,YKR095W-A,0.2020167112350464
YJL187C,YPR075C,1.8763687137379748e-07
YJL187C,YMR198W,0.0013236362719908357
YJL187C,YOR127W,4.333512606535805e-06
YJL187C,YDR264C,0.010632196441292763
YJL187C,YLR110C,4.476949106901884e-05
YJL187C,YDR379W,0.02414068765938282
YJL187C,YDL100C,0.0005654398119077086
YJL187C,YHR073W,0.00015847021131776273
YJL187C,YJR090C,1.946542170117027e-06
YJL187C,YOR208W,7.994797783794638e-07
YJL187C,YBR040W,0.015368357300758362
YJL187C,YNL279W,0.000600106141064316
YJL187C,YER075C,6.365035005728714e-06
YJL187C,YCR089W,4.9914291594177485e-05
YJL187C,YCR002C,0.34625861048698425
YJL187C,YJL108C,0.0013013682328164577
YJL187C,YBR200W,1.8760729290079325e-06
YJL187C,YIL026C,1.312362655880861e-06
YJL187C,YJR076C,0.0007257277029566467
YJL187C,YKR031C,0.0031420099548995495
YJL187C,YPL192C,0.0017018538201227784
YJL187C,YHR107C,8.017145773919765e-06
YJL187C,YIL037C,0.4743631184101105
YJL187C,YPL156C,4.0687747969059274e-05
YJL187C,YIL117C,0.0008314696024172008
YJL187C,YHR066W,3.2533092159895555e-14
YJL187C,YML085C,9.429712832798032e-08
YJL187C,YML047C,0.5126886963844299
YJL187C,YDR312W,1.2938015103713951e-09
YJL187C,YFL037W,1.0311086953151971e-06
YJL187C,YDL038C,0.2020167112350464
YJL187C,YDL039C,4.81589184839803e-17
YJL187C,YCL027W,0.00628468906506896
YJL187C,YML124C,3.258553306295653e-06
YJL187C,YGL053W,1.3990971865496249e-06
YJL187C,YMR232W,0.0002736206806730479
YJL187C,YNL298W,0.0002203301410190761
YJL187C,YGL099W,8.940244100585915e-08
YJL187C,YBL016W,3.106025214805186e-09
YJL187C,YAL041W,6.207523711054819e-06
YJL187C,YDR085C,0.0013769586803391576
YJL187C,YPL187W,1.0
YJL187C,YPL256C,5.137150704825899e-09
YJL187C,YDR461W,0.0001701982837403193
YJL187C,YNL145W,2.7966400306667083e-09
YGR009C,YDL165W,0.06083757430315018
YGR009C,YGR059W,0.004212062805891037
YGR009C,YBR109C,0.9998564720153809
YGR009C,YJL080C,0.32646816968917847
YGR009C,YCR093W,0.9727019667625427
YGR009C,YIL122W,3.642135561676696e-05
YGR009C,YCL029C,0.002444521291181445
YGR009C,YNL173C,0.013925126753747463
YGR009C,YLR452C,0.9866324067115784
YGR009C,YDL160C,0.9388260841369629
YGR009C,YLR229C,0.9368896484375
YGR009C,YML057W,0.0004747359489556402
YGR009C,YER149C,0.009842613711953163
YGR009C,YMR305C,0.056077223271131516
YGR009C,YLR433C,0.00018534816626925021
YGR009C,YJL073W,7.237521003844449e-06
YGR009C,YGR279C,0.06705111265182495
YGR009C,YKL190W,0.299160361289978
YGR009C,YGL089C,0.0053401244804263115
YGR009C,YJL019W,7.709940837230533e-05
YGR009C,YJL018W,0.00011803721281467006
YGR009C,YNR032C-A,0.14564453065395355
YGR009C,YGL178W,0.02537703700363636
YGR009C,YKL116C,1.1241109859838616e-05
YGR009C,YDL214C,0.9977118968963623
YGR009C,YLR362W,0.02163049392402172
YGR009C,YER068W,3.7359945963544305e-06
YGR009C,YHR084W,1.723378059183267e-12
YGR009C,YDR392W,0.7758459448814392
YGR009C,YNL053W,0.0074464199133217335
YGR009C,YGR040W,2.4203405700973235e-05
YGR009C,YDL216C,0.9997889399528503
YGR009C,YOL117W,0.021742617711424828
YGR009C,YJR086W,0.0006347391754388809
YGR009C,YMR025W,0.9053924083709717
YGR009C,YBR081C,0.004072421230375767
YGR009C,YFL026W,0.00043174653546884656
YGR009C,YHL007C,0.00987289845943451
YGR009C,YNR044W,0.000168765036505647
YGR009C,YNL271C,0.008199985139071941
YGR009C,YDR200C,3.096911171951433e-08
YGR009C,YKL178C,0.9229609966278076
YGR009C,YOR212W,5.860869714524597e-05
YGR009C,YOL111C,0.001122511806897819
YGR009C,YGL032C,0.006856240797787905
YGR009C,YHR005C,7.088095110852066e-10
YGR009C,YDR103W,9.336513903690502e-05
YGR009C,YJR084W,0.856523334980011
YGR009C,YCL032W,0.0017328793182969093
YGR009C,YJL170C,1.1631554741597938e-07
YGR009C,YDR179C,8.667524475924893e-09
YGR009C,YBR095C,0.001049648504704237
YGR009C,YLL021W,0.043125130236148834
YGR009C,YDL159W,1.317449171978069e-08
YGR009C,YNL161W,0.001029251259751618
YGR009C,YNL188W,7.750237084047651e-12
YGR009C,YJL157C,2.785336961075302e-10
YGR009C,YJL034W,0.003024129429832101
YGR009C,YLR238W,3.8755676001756e-08
YGR009C,YPR141C,3.8580080286010343e-07
YGR009C,YNL127W,0.003385198535397649
YGR009C,YCL055W,2.155045422114199e-07
YGR009C,YPR122W,0.5879074335098267
YGR009C,YMR065W,3.071297032875009e-05
YGR009C,YDR356W,1.8445932710164925e-06
YGR009C,YMR052W,0.33979693055152893
YGR009C,YFR008W,0.24067175388336182
YGR009C,YLL043W,0.0005202303291298449
YGR009C,YMR029C,1.1594011994020548e-05
YGR009C,YJR004C,8.082460226432886e-06
YGR009C,YDL223C,2.1773365006083623e-05
YGR009C,YHR158C,0.00011718510359060019
YGR009C,YGR238C,0.00028029808891005814
YGR009C,YIL015W,0.07952531427145004
YGR009C,YGL173C,4.92834260512609e-06
YGR009C,YDL225W,0.962356448173523
YGR009C,YLR330W,9.38568778252602e-10
YGR009C,YBR129C,0.00035163265420123935
YGR009C,YKR095W-A,0.2020167112350464
YGR009C,YPR075C,0.009284078143537045
YGR009C,YMR198W,1.3234665967309933e-11
YGR009C,YOR127W,8.981585892797739e-07
YGR009C,YDR264C,0.0010022420901805162
YGR009C,YLR110C,0.12286815792322159
YGR009C,YDR379W,0.30184176564216614
YGR009C,YDL100C,0.11177892982959747
YGR009C,YHR073W,0.5372541546821594
YGR009C,YJR090C,4.067785084771458e-06
YGR009C,YOR208W,0.0007984248222783208
YGR009C,YBR040W,6.801894051022828e-05
YGR009C,YNL279W,0.03791789337992668
YGR009C,YER075C,0.0016792271053418517
YGR009C,YCR089W,3.1974607850315806e-08
YGR009C,YCR002C,0.617329478263855
YGR009C,YJL108C,0.8294480443000793
YGR009C,YBR200W,9.263218885280367e-07
YGR009C,YIL026C,0.4321698248386383
YGR009C,YJR076C,2.6661198262445396e-06
YGR009C,YKR031C,0.3916187584400177
YGR009C,YPL192C,1.8864274586860574e-09
YGR009C,YHR107C,9.934666422850569e-07
YGR009C,YIL037C,0.000761628441978246
YGR009C,YPL156C,0.03293720632791519
YGR009C,YIL117C,0.9999954700469971
YGR009C,YHR066W,7.547081202247318e-21
YGR009C,YML085C,2.6660140065359883e-05
YGR009C,YML047C,0.00016051581769715995
YGR009C,YDR312W,0.00035175500670447946
YGR009C,YFL037W,0.0007599109667353332
YGR009C,YDL038C,0.2020167112350464
YGR009C,YDL039C,1.8878884458332912e-13
YGR009C,YCL027W,0.0004380497557576746
YGR009C,YML124C,9.937100919898967e-09
YGR009C,YGL053W,0.14676183462142944
YGR009C,YMR232W,7.289552286238177e-07
YGR009C,YNL298W,7.104565611371072e-06
YGR009C,YGL099W,3.614876453728044e-10
YGR009C,YBL016W,3.8531662305274494e-09
YGR009C,YAL041W,0.8333652019500732
YGR009C,YDR085C,0.00415291590616107
YGR009C,YPL187W,0.8955376744270325
YGR009C,YPL256C,4.884839345628729e-14
YGR009C,YDR461W,6.7373321144259535e-06
YGR009C,YNL145W,2.0059505445590986e-10
YKL017C,YDL165W,1.1692695807141718e-06
YKL017C,YGR059W,0.9404057264328003
YKL017C,YBR109C,0.3142060935497284
YKL017C,YJL080C,0.36385905742645264
YKL017C,YCR093W,1.5999588867998682e-05
YKL017C,YIL122W,0.026427943259477615
YKL017C,YCL029C,6.260846951988697e-09
YKL017C,YNL173C,2.7251074286027688e-08
YKL017C,YLR452C,0.30162760615348816
YKL017C,YDL160C,0.9999327659606934
YKL017C,YLR229C,4.378331868792884e-05
YKL017C,YML057W,2.3221455194288865e-06
YKL017C,YER149C,2.4709961508051492e-06
YKL017C,YMR305C,0.013703919015824795
YKL017C,YLR433C,0.9215038418769836
YKL017C,YJL073W,1.3343482351046987e-05
YKL017C,YGR279C,0.0018526915227994323
YKL017C,YKL190W,5.500161205418408e-05
YKL017C,YGL089C,0.9905941486358643
YKL017C,YJL019W,3.163113717619126e-07
YKL017C,YJL018W,0.004957173950970173
YKL017C,YNR032C-A,0.9180062413215637
YKL017C,YGL178W,0.12830011546611786
YKL017C,YKL116C,0.06408951431512833
YKL017C,YDL214C,0.3373073935508728
YKL017C,YLR362W,2.7366473659640178e-05
YKL017C,YER068W,1.0504321856785737e-08
YKL017C,YHR084W,0.00846423115581274
YKL017C,YDR392W,0.0003302569384686649
YKL017C,YNL053W,0.742171049118042
YKL017C,YGR040W,4.003623325843364e-05
YKL017C,YDL216C,0.0008442050311714411
YKL017C,YOL117W,0.0019434847636148334
YKL017C,YJR086W,9.919197054841788e-07
YKL017C,YMR025W,0.00011851608724100515
YKL017C,YBR081C,0.9967911839485168
YKL017C,YFL026W,0.03362644836306572
YKL017C,YHL007C,0.010308412835001945
YKL017C,YNR044W,0.00010447491513332352
YKL017C,YNL271C,2.8195307777423295e-07
YKL017C,YDR200C,0.0008126848842948675
YKL017C,YKL178C,1.159369503511698e-06
YKL017C,YOR212W,0.999259889125824
YKL017C,YOL111C,2.9622080546687357e-05
YKL017C,YGL032C,0.01258131768554449
YKL017C,YHR005C,0.00023175599926616997
YKL017C,YDR103W,0.07386253774166107
YKL017C,YJR084W,0.0001841127232182771
YKL017C,YCL032W,0.009670686908066273
YKL017C,YJL170C,2.1713428566272341e-07
YKL017C,YDR179C,2.2450169012699916e-07
YKL017C,YBR095C,3.583429588616127e-07
YKL017C,YLL021W,0.002027643844485283
YKL017C,YDL159W,2.875319947415189e-11
YKL017C,YNL161W,0.004330767784267664
YKL017C,YNL188W,0.002233693841844797
YKL017C,YJL157C,7.196456863312051e-05
YKL017C,YJL034W,6.664728231103867e-12
YKL017C,YLR238W,0.03692006692290306
YKL017C,YPR141C,0.9569011330604553
YKL017C,YNL127W,0.0040885647758841515
YKL017C,YCL055W,8.810002327663824e-08
YKL017C,YPR122W,3.342017329543978e-09
YKL017C,YMR065W,0.012380175292491913
YKL017C,YDR356W,5.167198196431855e-06
YKL017C,YMR052W,2.2907473251621013e-08
YKL017C,YFR008W,1.4052181640522576e-08
YKL017C,YLL043W,0.7953251600265503
YKL017C,YMR029C,1.815873292798642e-05
YKL017C,YJR004C,0.037863604724407196
YKL017C,YDL223C,0.00024907218175940216
YKL017C,YHR158C,5.578818218054948e-06
YKL017C,YGR238C,2.6445485002703738e-14
YKL017C,YIL015W,0.9998261332511902
YKL017C,YGL173C,1.1400703492370212e-08
YKL017C,YDL225W,5.672147744917311e-05
YKL017C,YLR330W,9.334016795037314e-06
YKL017C,YBR129C,1.5355688276486035e-07
YKL017C,YKR095W-A,0.2020167112350464
YKL017C,YPR075C,3.5445021483865302e-12
YKL017C,YMR198W,0.028152119368314743
YKL017C,YOR127W,4.469735358725302e-05
YKL017C,YDR264C,0.11646461486816406
YKL017C,YLR110C,0.9999794960021973
YKL017C,YDR379W,0.0008311360143125057
YKL017C,YDL100C,6.866124749649316e-05
YKL017C,YHR073W,0.004776713438332081
YKL017C,YJR090C,0.0012401012936607003
YKL017C,YOR208W,0.00019333923410158604
YKL017C,YBR040W,0.024290958419442177
YKL017C,YNL279W,0.03660186380147934
YKL017C,YER075C,0.05833005905151367
YKL017C,YCR089W,0.0007819832535460591
YKL017C,YCR002C,0.005550640635192394
YKL017C,YJL108C,0.6779141426086426
YKL017C,YBR200W,2.7788685241780797e-10
YKL017C,YIL026C,0.004250762518495321
YKL017C,YJR076C,0.007497760932892561
YKL017C,YKR031C,0.07555674016475677
YKL017C,YPL192C,0.023043258115649223
YKL017C,YHR107C,5.701209738617763e-05
YKL017C,YIL037C,0.9525547027587891
YKL017C,YPL156C,0.9882922768592834
YKL017C,YIL117C,0.003023655153810978
YKL017C,YHR066W,2.9674652068933938e-06
YKL017C,YML085C,0.012292481027543545
YKL017C,YML047C,3.5048765312239993e-06
YKL017C,YDR312W,0.8006727695465088
YKL017C,YFL037W,0.0004925907123833895
YKL017C,YDL038C,0.2020167112350464
YKL017C,YDL039C,3.8339024399647315e-08
YKL017C,YCL027W,3.403377195354551e-05
YKL017C,YML124C,4.743461734513232e-10
YKL017C,YGL053W,0.9890244603157043
YKL017C,YMR232W,1.3703611330129206e-06
YKL017C,YNL298W,0.003384997369721532
YKL017C,YGL099W,2.375885560468305e-05
YKL017C,YBL016W,4.268973498255946e-06
YKL017C,YAL041W,0.011801314540207386
YKL017C,YDR085C,0.0011708819074556231
YKL017C,YPL187W,7.140547353401416e-08
YKL017C,YPL256C,2.6716406864579767e-06
YKL017C,YDR461W,2.5362116502947174e-05
YKL017C,YNL145W,1.2489543905758183e-06
YBR123C,YDL165W,0.0002528410986997187
YBR123C,YGR059W,4.687479417953e-07
YBR123C,YBR109C,7.612309127580374e-05
YBR123C,YJL080C,0.030204227194190025
YBR123C,YCR093W,3.859159551211633e-05
YBR123C,YIL122W,0.000368665176210925
YBR123C,YCL029C,4.403041733297419e-12
YBR123C,YNL173C,3.1812317047297256e-07
YBR123C,YLR452C,0.9999940395355225
YBR123C,YDL160C,4.877890091847803e-07
YBR123C,YLR229C,4.3008141801692545e-05
YBR123C,YML057W,3.120632641184784e-07
YBR123C,YER149C,0.712964653968811
YBR123C,YMR305C,0.014008723199367523
YBR123C,YLR433C,0.30992716550827026
YBR123C,YJL073W,4.6410005438701774e-07
YBR123C,YGR279C,6.8084912707711e-12
YBR123C,YKL190W,7.442635705956491e-06
YBR123C,YGL089C,1.0918876114374143e-07
YBR123C,YJL019W,2.10762280516974e-07
YBR123C,YJL018W,0.011518753133714199
YBR123C,YNR032C-A,0.8361917734146118
YBR123C,YGL178W,1.0092956159724054e-07
YBR123C,YKL116C,4.193329004920088e-06
YBR123C,YDL214C,0.7932702898979187
YBR123C,YLR362W,5.707685775293951e-15
YBR123C,YER068W,4.2046025328090764e-08
YBR123C,YHR084W,0.984214186668396
YBR123C,YDR392W,0.20766401290893555
YBR123C,YNL053W,0.3349743187427521
YBR123C,YGR040W,0.04305200278759003
YBR123C,YDL216C,0.0012448171619325876
YBR123C,YOL117W,0.02784115821123123
YBR123C,YJR086W,0.1472044438123703
YBR123C,YMR025W,0.00019093730952590704
YBR123C,YBR081C,1.1132107857747542e-07
YBR123C,YFL026W,0.9999946355819702
YBR123C,YHL007C,0.010456116870045662
YBR123C,YNR044W,0.9972922205924988
YBR123C,YNL271C,0.850559651851654
YBR123C,YDR200C,2.066738863382156e-10
YBR123C,YKL178C,8.778287818866914e-11
YBR123C,YOR212W,0.9999375343322754
YBR123C,YOL111C,1.647910453927981e-11
YBR123C,YGL032C,3.795399607042782e-06
YBR123C,YHR005C,8.2279926573392e-05
YBR123C,YDR103W,2.7100634270027513e-07
YBR123C,YJR084W,0.005368722137063742
YBR123C,YCL032W,0.001413788995705545
YBR123C,YJL170C,0.0014038272202014923
YBR123C,YDR179C,6.746854097627875e-08
YBR123C,YBR095C,1.1678721421048976e-06
YBR123C,YLL021W,0.01276770792901516
YBR123C,YDL159W,0.00026597504620440304
YBR123C,YNL161W,0.4622858762741089
YBR123C,YNL188W,3.445602942520054e-06
YBR123C,YJL157C,0.795874834060669
YBR123C,YJL034W,9.765334141320636e-08
YBR123C,YLR238W,1.520963905932149e-05
YBR123C,YPR141C,0.005265001207590103
YBR123C,YNL127W,0.00020763745123986155
YBR123C,YCL055W,5.899455857161229e-08
YBR123C,YPR122W,0.9980564117431641
YBR123C,YMR065W,0.0007323930622078478
YBR123C,YDR356W,3.172775677739992e-07
YBR123C,YMR052W,1.85874148428411e-06
YBR123C,YFR008W,7.039684078335995e-06
YBR123C,YLL043W,0.002142877085134387
YBR123C,YMR029C,0.999755322933197
YBR123C,YJR004C,1.0932142721720452e-16
YBR123C,YDL223C,3.7620701367514775e-13
YBR123C,YHR158C,4.763662673212821e-06
YBR123C,YGR238C,5.010820700590557e-07
YBR123C,YIL015W,0.021904226392507553
YBR123C,YGL173C,2.5680088583612815e-05
YBR123C,YDL225W,2.918646532634739e-05
YBR123C,YLR330W,5.817669013197246e-09
YBR123C,YBR129C,0.044444289058446884
YBR123C,YKR095W-A,0.2020167112350464
YBR123C,YPR075C,7.6713184415933e-12
YBR123C,YMR198W,0.006236328277736902
YBR123C,YOR127W,6.851538637420163e-05
YBR123C,YDR264C,0.0004780532035510987
YBR123C,YLR110C,2.7905404209604967e-08
YBR123C,YDR379W,5.160137872550763e-10
YBR123C,YDL100C,0.6486014723777771
YBR123C,YHR073W,0.0007564343395642936
YBR123C,YJR090C,0.9965116381645203
YBR123C,YOR208W,7.438903139700415e-06
YBR123C,YBR040W,0.006650209426879883
YBR123C,YNL279W,0.029661662876605988
YBR123C,YER075C,8.19009855490549e-08
YBR123C,YCR089W,1.6057010725489818e-06
YBR123C,YCR002C,0.9953339695930481
YBR123C,YJL108C,0.013111037202179432
YBR123C,YBR200W,0.025404540821909904
YBR123C,YIL026C,0.001030534622259438
YBR123C,YJR076C,2.2324524173722438e-11
YBR123C,YKR031C,0.9950969815254211
YBR123C,YPL192C,0.0006760908872820437
YBR123C,YHR107C,0.045656271278858185
YBR123C,YIL037C,0.0005752259748987854
YBR123C,YPL156C,2.3328736945688044e-12
YBR123C,YIL117C,0.00017611529619898647
YBR123C,YHR066W,5.17739453739785e-12
YBR123C,YML085C,0.0002622883184812963
YBR123C,YML047C,0.011769343167543411
YBR123C,YDR312W,0.0002211071114288643
YBR123C,YFL037W,1.5353519700056495e-07
YBR123C,YDL038C,0.2020167112350464
YBR123C,YDL039C,5.184777902252152e-19
YBR123C,YCL027W,0.978205144405365
YBR123C,YML124C,0.011681212112307549
YBR123C,YGL053W,9.703178420750191e-07
YBR123C,YMR232W,0.0004207478486932814
YBR123C,YNL298W,0.2751518487930298
YBR123C,YGL099W,2.250573970741243e-06
YBR123C,YBL016W,0.0004550130688585341
YBR123C,YAL041W,0.0022455351427197456
YBR123C,YDR085C,0.0018327903235331178
YBR123C,YPL187W,0.5792649388313293
YBR123C,YPL256C,2.126190022655461e-11
YBR123C,YDR461W,2.9361926863202825e-05
YBR123C,YNL145W,0.00012061535380780697
YKR007W,YDL165W,5.8701372755709524e-12
YKR007W,YGR059W,3.889370596421582e-12
YKR007W,YBR109C,1.29927233416538e-08
YKR007W,YJL080C,6.3454610489677155e-12
YKR007W,YCR093W,4.18961747072899e-07
YKR007W,YIL122W,0.004167534410953522
YKR007W,YCL029C,3.4784622404693266e-10
YKR007W,YNL173C,2.868354727070255e-07
YKR007W,YLR452C,2.530213691898098e-07
YKR007W,YDL160C,1.1820799894479705e-09
YKR007W,YLR229C,0.0001563707337481901
YKR007W,YML057W,0.0005037646624259651
YKR007W,YER149C,1.6826221553856158e-06
YKR007W,YMR305C,4.33486607720468e-10
YKR007W,YLR433C,2.627254787057609e-07
YKR007W,YJL073W,2.7821644727615835e-12
YKR007W,YGR279C,9.20549059202358e-09
YKR007W,YKL190W,7.867771018021941e-11
YKR007W,YGL089C,0.7218672633171082
YKR007W,YJL019W,1.679454271652503e-06
YKR007W,YJL018W,0.001661829650402069
YKR007W,YNR032C-A,0.03938858211040497
YKR007W,YGL178W,2.477142026658524e-13
YKR007W,YKL116C,1.366229449451667e-13
YKR007W,YDL214C,2.3085114264631557e-08
YKR007W,YLR362W,0.009682667441666126
YKR007W,YER068W,2.6774600331985754e-12
YKR007W,YHR084W,0.0003367007302585989
YKR007W,YDR392W,2.0391500754612935e-07
YKR007W,YNL053W,0.5284665822982788
YKR007W,YGR040W,1.357703780513475e-07
YKR007W,YDL216C,3.419667748971733e-08
YKR007W,YOL117W,1.3559603218027405e-08
YKR007W,YJR086W,9.637573399924604e-14
YKR007W,YMR025W,4.964889055436572e-10
YKR007W,YBR081C,1.6923612733421578e-08
YKR007W,YFL026W,9.973824066991654e-13
YKR007W,YHL007C,0.016185147687792778
YKR007W,YNR044W,2.4220988441899655e-14
YKR007W,YNL271C,4.739364147443234e-14
YKR007W,YDR200C,2.147350179615426e-11
YKR007W,YKL178C,1.983481601186554e-09
YKR007W,YOR212W,2.973652499349555e-06
YKR007W,YOL111C,0.05707424506545067
YKR007W,YGL032C,1.7294800258582654e-08
YKR007W,YHR005C,1.3699022360924573e-07
YKR007W,YDR103W,2.931274245554505e-08
YKR007W,YJR084W,3.0306993026307794e-11
YKR007W,YCL032W,0.000400946126319468
YKR007W,YJL170C,2.5769811631826123e-12
YKR007W,YDR179C,1.1839973073420485e-14
YKR007W,YBR095C,3.0781174592715843e-13
YKR007W,YLL021W,1.0410947006832955e-13
YKR007W,YDL159W,3.3566439014975913e-06
YKR007W,YNL161W,0.002208764897659421
YKR007W,YNL188W,2.578090970928315e-06
YKR007W,YJL157C,3.400705281611516e-13
YKR007W,YJL034W,1.4123873729856253e-19
YKR007W,YLR238W,6.081786007965106e-14
YKR007W,YPR141C,0.026042357087135315
YKR007W,YNL127W,0.008348243311047554
YKR007W,YCL055W,2.7815160137834027e-05
YKR007W,YPR122W,1.8769691450870596e-05
YKR007W,YMR065W,5.450801836559549e-06
YKR007W,YDR356W,5.609725572952584e-09
YKR007W,YMR052W,4.499992201090208e-08
YKR007W,YFR008W,4.887749276497044e-13
YKR007W,YLL043W,0.006636498961597681
YKR007W,YMR029C,5.873033296666108e-05
YKR007W,YJR004C,7.512295785438994e-10
YKR007W,YDL223C,1.324298608551544e-07
YKR007W,YHR158C,4.914273825249111e-15
YKR007W,YGR238C,2.0678191103851162e-10
YKR007W,YIL015W,4.6035073530958925e-09
YKR007W,YGL173C,2.9259501142324645e-16
YKR007W,YDL225W,3.234486153374139e-15
YKR007W,YLR330W,0.21939559280872345
YKR007W,YBR129C,1.1878077188498537e-08
YKR007W,YKR095W-A,0.2020167112350464
YKR007W,YPR075C,0.00612171646207571
YKR007W,YMR198W,0.9349284172058105
YKR007W,YOR127W,2.003743020395632e-07
YKR007W,YDR264C,1.9950694429837768e-09
YKR007W,YLR110C,1.3440769386363627e-08
YKR007W,YDR379W,5.26342773810029e-07
YKR007W,YDL100C,1.449881187332025e-10
YKR007W,YHR073W,1.5391870720679601e-13
YKR007W,YJR090C,8.956933470471995e-07
YKR007W,YOR208W,1.7100703075811907e-09
YKR007W,YBR040W,0.9859893321990967
YKR007W,YNL279W,0.05406492203474045
YKR007W,YER075C,4.603171455119792e-10
YKR007W,YCR089W,0.0007271337672136724
YKR007W,YCR002C,4.674676347349305e-06
YKR007W,YJL108C,1.0294142782640847e-07
YKR007W,YBR200W,2.5470317410736243e-08
YKR007W,YIL026C,2.8705571821774356e-06
YKR007W,YJR076C,9.60697060098381e-12
YKR007W,YKR031C,6.1490914582407186e-09
YKR007W,YPL192C,0.010791517794132233
YKR007W,YHR107C,2.1984409084851997e-11
YKR007W,YIL037C,9.24457381756838e-08
YKR007W,YPL156C,0.0278799869120121
YKR007W,YIL117C,7.896873910340219e-08
YKR007W,YHR066W,6.71129433118265e-18
YKR007W,YML085C,1.4235764048356621e-15
YKR007W,YML047C,7.48052564336632e-10
YKR007W,YDR312W,9.119843769056502e-12
YKR007W,YFL037W,4.325000427241044e-12
YKR007W,YDL038C,0.2020167112350464
YKR007W,YDL039C,1.6012490000277268e-21
YKR007W,YCL027W,5.900524229218718e-06
YKR007W,YML124C,2.621911195099802e-11
YKR007W,YGL053W,1.7098276657634415e-05
YKR007W,YMR232W,6.986513767515135e-07
YKR007W,YNL298W,0.0008946288144215941
YKR007W,YGL099W,2.702811989772528e-16
YKR007W,YBL016W,1.5790320440078887e-11
YKR007W,YAL041W,3.421209839871153e-05
YKR007W,YDR085C,5.3333115701548195e-09
YKR007W,YPL187W,0.017110079526901245
YKR007W,YPL256C,1.2798966963600833e-05
YKR007W,YDR461W,2.4030450163081696e-07
YKR007W,YNL145W,0.0014002762036398053
YOL145C,YDL165W,0.04422597587108612
YOL145C,YGR059W,4.621537874616166e-11
YOL145C,YBR109C,0.00020329473773017526
YOL145C,YJL080C,0.00013511962606571615
YOL145C,YCR093W,0.9721393585205078
YOL145C,YIL122W,0.9937100410461426
YOL145C,YCL029C,2.1401937999598886e-08
YOL145C,YNL173C,0.26631036400794983
YOL145C,YLR452C,5.300128123053582e-07
YOL145C,YDL160C,0.002470697509124875
YOL145C,YLR229C,1.7955877410713583e-05
YOL145C,YML057W,6.64834090557953e-11
YOL145C,YER149C,0.7377678155899048
YOL145C,YMR305C,2.5933788450061e-10
YOL145C,YLR433C,1.7206892152898945e-05
YOL145C,YJL073W,1.7867830548468078e-09
YOL145C,YGR279C,0.99672532081604
YOL145C,YKL190W,5.625173002954398e-07
YOL145C,YGL089C,0.9979264736175537
YOL145C,YJL019W,7.891739528531616e-08
YOL145C,YJL018W,0.005087320227175951
YOL145C,YNR032C-A,0.003902468830347061
YOL145C,YGL178W,0.019152093678712845
YOL145C,YKL116C,9.880454232558122e-10
YOL145C,YDL214C,9.113280975725502e-05
YOL145C,YLR362W,0.00010959099745377898
YOL145C,YER068W,0.7247207760810852
YOL145C,YHR084W,1.8015814475802472e-06
YOL145C,YDR392W,4.991156643541217e-08
YOL145C,YNL053W,2.1676158212358132e-05
YOL145C,YGR040W,3.5299417504575104e-05
YOL145C,YDL216C,0.00296043511480093
YOL145C,YOL117W,6.258205394260585e-05
YOL145C,YJR086W,0.7776886820793152
YOL145C,YMR025W,0.03388327732682228
YOL145C,YBR081C,0.7973732948303223
YOL145C,YFL026W,0.00013535328616853803
YOL145C,YHL007C,4.962219577464566e-07
YOL145C,YNR044W,3.5380771645776576e-09
YOL145C,YNL271C,0.000901293009519577
YOL145C,YDR200C,0.001054265070706606
YOL145C,YKL178C,0.9984971284866333
YOL145C,YOR212W,0.006171196699142456
YOL145C,YOL111C,5.601254997600336e-07
YOL145C,YGL032C,3.491277544842575e-10
YOL145C,YHR005C,0.0028671124018728733
YOL145C,YDR103W,0.01130339503288269
YOL145C,YJR084W,0.3778437674045563
YOL145C,YCL032W,1.547639882915064e-08
YOL145C,YJL170C,0.8557685017585754
YOL145C,YDR179C,6.362431415052328e-11
YOL145C,YBR095C,0.11464101821184158
YOL145C,YLL021W,0.9979711174964905
YOL145C,YDL159W,6.186670020724705e-08
YOL145C,YNL161W,0.014754502102732658
YOL145C,YNL188W,4.8974484911923355e-08
YOL145C,YJL157C,4.405992967804195e-06
YOL145C,YJL034W,4.1946894362935444e-14
YOL145C,YLR238W,0.001149047166109085
YOL145C,YPR141C,3.672924322017934e-06
YOL145C,YNL127W,0.001930137863382697
YOL145C,YCL055W,1.4955865026422543e-06
YOL145C,YPR122W,0.0002858575899153948
YOL145C,YMR065W,0.26532888412475586
YOL145C,YDR356W,0.7866186499595642
YOL145C,YMR052W,0.0059011997655034065
YOL145C,YFR008W,0.007608010899275541
YOL145C,YLL043W,2.304781628481578e-05
YOL145C,YMR029C,0.001696393359452486
YOL145C,YJR004C,3.420354914851487e-05
YOL145C,YDL223C,5.227083000025895e-17
YOL145C,YHR158C,0.8079055547714233
YOL145C,YGR238C,1.236773300661298e-06
YOL145C,YIL015W,0.00023864112154114991
YOL145C,YGL173C,0.9860113859176636
YOL145C,YDL225W,0.06917668879032135
YOL145C,YLR330W,0.006181519944220781
YOL145C,YBR129C,1.6765781765570864e-05
YOL145C,YKR095W-A,0.2020167112350464
YOL145C,YPR075C,7.507690469310546e-08
YOL145C,YMR198W,0.001821868121623993
YOL145C,YOR127W,2.631939253205928e-07
YOL145C,YDR264C,5.732625595555874e-06
YOL145C,YLR110C,0.003952852915972471
YOL145C,YDR379W,1.171932672150433e-05
YOL145C,YDL100C,1.1932281267945655e-05
YOL145C,YHR073W,0.005273093469440937
YOL145C,YJR090C,0.0006294831400737166
YOL145C,YOR208W,0.9278684258460999
YOL145C,YBR040W,2.173037501052022e-07
YOL145C,YNL279W,0.0038381421472877264
YOL145C,YER075C,0.00018546821956988424
YOL145C,YCR089W,1.5551141104019894e-12
YOL145C,YCR002C,0.00013928527187090367
YOL145C,YJL108C,0.002074840245768428
YOL145C,YBR200W,5.882957676561773e-09
YOL145C,YIL026C,0.0010327799245715141
YOL145C,YJR076C,4.594980418914929e-05
YOL145C,YKR031C,0.001301465556025505
YOL145C,YPL192C,0.7911818623542786
YOL145C,YHR107C,2.003459620425474e-08
YOL145C,YIL037C,0.002052178606390953
YOL145C,YPL156C,0.9989079236984253
YOL145C,YIL117C,0.10299045592546463
YOL145C,YHR066W,7.657365852509201e-10
YOL145C,YML085C,0.02093430794775486
YOL145C,YML047C,0.9909048676490784
YOL145C,YDR312W,1.4161728358885739e-05
YOL145C,YFL037W,3.396639658603817e-05
YOL145C,YDL038C,0.2020167112350464
YOL145C,YDL039C,1.226344980426175e-12
YOL145C,YCL027W,0.008751160465180874
YOL145C,YML124C,2.379102625127416e-06
YOL145C,YGL053W,8.212675311369821e-05
YOL145C,YMR232W,4.231297134538181e-05
YOL145C,YNL298W,0.9842730760574341
YOL145C,YGL099W,1.3290954257172416e-06
YOL145C,YBL016W,1.0040098175068124e-07
YOL145C,YAL041W,0.2987664043903351
YOL145C,YDR085C,0.6211023926734924
YOL145C,YPL187W,0.015296806581318378
YOL145C,YPL256C,3.406212201184644e-08
YOL145C,YDR461W,2.0244605991592834e-07
YOL145C,YNL145W,3.338935172791935e-08
YLR467W,YDL165W,4.696458540533015e-14
YLR467W,YGR059W,9.246928778239294e-10
YLR467W,YBR109C,5.03074754705686e-14
YLR467W,YJL080C,9.726608851678975e-09
YLR467W,YCR093W,4.830490452079061e-10
YLR467W,YIL122W,3.6949707182820646e-11
YLR467W,YCL029C,1.59662456866716e-11
YLR467W,YNL173C,2.164795815209116e-14
YLR467W,YLR452C,5.654460619552992e-05
YLR467W,YDL160C,1.026672453649513e-12
YLR467W,YLR229C,4.7282628489332245e-16
YLR467W,YML057W,6.971100918740092e-10
YLR467W,YER149C,5.159271836419066e-07
YLR467W,YMR305C,1.0795274647534825e-06
YLR467W,YLR433C,5.08209345876862e-18
YLR467W,YJL073W,1.2259210844817875e-13
YLR467W,YGR279C,1.7135351297603574e-12
YLR467W,YKL190W,5.3495408792514354e-05
YLR467W,YGL089C,5.657584318564945e-13
YLR467W,YJL019W,3.803776849053975e-08
YLR467W,YJL018W,0.00046332625788636506
YLR467W,YNR032C-A,2.935338898168993e-06
YLR467W,YGL178W,0.0011165831238031387
YLR467W,YKL116C,2.7048779882576923e-10
YLR467W,YDL214C,5.438005948321667e-12
YLR467W,YLR362W,0.015409814193844795
YLR467W,YER068W,1.4584357055369424e-09
YLR467W,YHR084W,5.971057248643774e-08
YLR467W,YDR392W,1.3872945489861593e-13
YLR467W,YNL053W,7.114676492392391e-08
YLR467W,YGR040W,8.685314689671486e-09
YLR467W,YDL216C,3.987188183784962e-13
YLR467W,YOL117W,9.628868882782804e-13
YLR467W,YJR086W,1.5053139845733199e-09
YLR467W,YMR025W,5.214972342848512e-10
YLR467W,YBR081C,2.1956445275080131e-16
YLR467W,YFL026W,8.439344778565783e-10
YLR467W,YHL007C,1.4310125621367492e-13
YLR467W,YNR044W,4.63186988781672e-05
YLR467W,YNL271C,4.131331365897495e-08
YLR467W,YDR200C,1.0908832726030937e-09
YLR467W,YKL178C,2.65706330537796e-06
YLR467W,YOR212W,1.4826569139092527e-10
YLR467W,YOL111C,0.0001452247379347682
YLR467W,YGL032C,1.164516816309913e-10
YLR467W,YHR005C,3.9764989911983406e-11
YLR467W,YDR103W,1.1671485999897868e-08
YLR467W,YJR084W,1.6713518589950294e-13
YLR467W,YCL032W,3.499058410637995e-13
YLR467W,YJL170C,1.5616995197031969e-10
YLR467W,YDR179C,1.911777078875479e-15
YLR467W,YBR095C,2.325808964087628e-06
YLR467W,YLL021W,5.237727612739107e-11
YLR467W,YDL159W,1.8893703099820414e-06
YLR467W,YNL161W,9.60071577793542e-10
YLR467W,YNL188W,5.031028761995349e-13
YLR467W,YJL157C,5.691551905329106e-06
YLR467W,YJL034W,1.2393791378180843e-16
YLR467W,YLR238W,2.2409933284062156e-11
YLR467W,YPR141C,1.2285713944578134e-16
YLR467W,YNL127W,5.343791897871597e-08
YLR467W,YCL055W,0.034873317927122116
YLR467W,YPR122W,6.980916539278681e-11
YLR467W,YMR065W,7.889794595428157e-09
YLR467W,YDR356W,2.1753265855295467e-07
YLR467W,YMR052W,0.00015321838145609945
YLR467W,YFR008W,2.4313531188369097e-09
YLR467W,YLL043W,5.897424770751059e-10
YLR467W,YMR029C,3.5002466962190393e-13
YLR467W,YJR004C,4.7487396841461305e-06
YLR467W,YDL223C,1.3669045008293107e-13
YLR467W,YHR158C,3.0793946324901133e-15
YLR467W,YGR238C,4.458692096087624e-12
YLR467W,YIL015W,1.6024655451474246e-06
YLR467W,YGL173C,5.63752712047505e-13
YLR467W,YDL225W,9.726778971226222e-16
YLR467W,YLR330W,3.378818336230438e-10
YLR467W,YBR129C,1.4216909676179057e-06
YLR467W,YKR095W-A,0.2020167112350464
YLR467W,YPR075C,1.8103353966727673e-14
YLR467W,YMR198W,1.3286037756188307e-05
YLR467W,YOR127W,4.668509068911364e-12
YLR467W,YDR264C,0.0042806100100278854
YLR467W,YLR110C,4.22531201138554e-08
YLR467W,YDR379W,1.7137271868250536e-07
YLR467W,YDL100C,3.618587929299366e-10
YLR467W,YHR073W,4.354310315091148e-12
YLR467W,YJR090C,1.4254629421284193e-10
YLR467W,YOR208W,7.724846000201069e-06
YLR467W,YBR040W,0.0009462084271945059
YLR467W,YNL279W,3.2751995604485273e-06
YLR467W,YER075C,9.138748785497697e-13
YLR467W,YCR089W,1.0433970601297915e-05
YLR467W,YCR002C,2.764119906269527e-14
YLR467W,YJL108C,0.0001120541273849085
YLR467W,YBR200W,3.632199963021776e-08
YLR467W,YIL026C,4.6248473495325015e-07
YLR467W,YJR076C,1.4623077539724735e-16
YLR467W,YKR031C,1.1192578313057311e-05
YLR467W,YPL192C,4.532583943728241e-07
YLR467W,YHR107C,2.461580717039169e-09
YLR467W,YIL037C,1.1028846813587734e-07
YLR467W,YPL156C,0.07550862431526184
YLR467W,YIL117C,1.1423452668421182e-15
YLR467W,YHR066W,6.719190498048408e-16
YLR467W,YML085C,2.11123591498108e-07
YLR467W,YML047C,0.21676744520664215
YLR467W,YDR312W,1.1458022200580998e-14
YLR467W,YFL037W,0.00010162353282794356
YLR467W,YDL038C,0.2020167112350464
YLR467W,YDL039C,1.6041507011621547e-09
YLR467W,YCL027W,1.681934946873298e-08
YLR467W,YML124C,3.441043361362972e-08
YLR467W,YGL053W,8.977572574231374e-10
YLR467W,YMR232W,6.3204306570696644e-06
YLR467W,YNL298W,1.024277995753664e-09
YLR467W,YGL099W,2.3961095900188406e-18
YLR467W,YBL016W,7.361242069237051e-07
YLR467W,YAL041W,3.0361721314875467e-07
YLR467W,YDR085C,1.0510659183282645e-11
YLR467W,YPL187W,1.0018487728302716e-06
YLR467W,YPL256C,0.0001914933673106134
YLR467W,YDR461W,2.166018422565183e-14
YLR467W,YNL145W,3.417391803567371e-12
YNR055C,YDL165W,0.007932956330478191
YNR055C,YGR059W,5.8296908633792555e-08
YNR055C,YBR109C,5.349619636163538e-10
YNR055C,YJL080C,0.00044060018262825906
YNR055C,YCR093W,0.00018266715051140636
YNR055C,YIL122W,3.969666124703508e-07
YNR055C,YCL029C,3.8532050439243903e-08
YNR055C,YNL173C,0.007446409668773413
YNR055C,YLR452C,0.011556253768503666
YNR055C,YDL160C,2.76203377325146e-06
YNR055C,YLR229C,1.452942106905386e-11
YNR055C,YML057W,1.6098847255285875e-10
YNR055C,YER149C,0.001537035102955997
YNR055C,YMR305C,1.991071258089505e-06
YNR055C,YLR433C,7.516370637006276e-09
YNR055C,YJL073W,4.1458994570753305e-10
YNR055C,YGR279C,1.8772379917209037e-06
YNR055C,YKL190W,0.996971845626831
YNR055C,YGL089C,0.2601088881492615
YNR055C,YJL019W,0.004093312658369541
YNR055C,YJL018W,0.0018629611004143953
YNR055C,YNR032C-A,0.8033355474472046
YNR055C,YGL178W,2.0736336909729647e-13
YNR055C,YKL116C,5.668621270160656e-07
YNR055C,YDL214C,6.761887902939634e-07
YNR055C,YLR362W,0.1771087497472763
YNR055C,YER068W,0.04128771647810936
YNR055C,YHR084W,1.4655387126083497e-08
YNR055C,YDR392W,9.846500324783847e-05
YNR055C,YNL053W,0.003979776054620743
YNR055C,YGR040W,0.5903064608573914
YNR055C,YDL216C,0.000526667048688978
YNR055C,YOL117W,1.4450282833422534e-05
YNR055C,YJR086W,5.452252662507817e-05
YNR055C,YMR025W,0.07998128235340118
YNR055C,YBR081C,0.0012347032316029072
YNR055C,YFL026W,7.846467633498833e-05
YNR055C,YHL007C,1.526352185106123e-14
YNR055C,YNR044W,0.004521801136434078
YNR055C,YNL271C,5.7992788349281454e-09
YNR055C,YDR200C,2.497320367400536e-15
YNR055C,YKL178C,0.00031351452344097197
YNR055C,YOR212W,9.301697900809813e-06
YNR055C,YOL111C,0.0014045466668903828
YNR055C,YGL032C,3.480182613202487e-06
YNR055C,YHR005C,1.7855669165456334e-09
YNR055C,YDR103W,0.06082392483949661
YNR055C,YJR084W,4.0697651115806366e-07
YNR055C,YCL032W,0.014965998008847237
YNR055C,YJL170C,0.00020867506100330502
YNR055C,YDR179C,2.243860399175901e-05
YNR055C,YBR095C,4.952461218898918e-10
YNR055C,YLL021W,1.4085313182476966e-07
YNR055C,YDL159W,0.6571659445762634
YNR055C,YNL161W,0.010639447718858719
YNR055C,YNL188W,9.978482485412476e-21
YNR055C,YJL157C,0.0002541433204896748
YNR055C,YJL034W,7.11380625921403e-20
YNR055C,YLR238W,0.00014009966980665922
YNR055C,YPR141C,0.6206392049789429
YNR055C,YNL127W,0.0025391115341335535
YNR055C,YCL055W,0.003313923254609108
YNR055C,YPR122W,4.331461605033837e-05
YNR055C,YMR065W,0.9998410940170288
YNR055C,YDR356W,7.201461266959086e-05
YNR055C,YMR052W,1.2264290489838459e-05
YNR055C,YFR008W,1.0604881936160382e-05
YNR055C,YLL043W,3.2031643968366552e-06
YNR055C,YMR029C,0.0006185960955917835
YNR055C,YJR004C,6.272402042206693e-10
YNR055C,YDL223C,6.034117649988957e-12
YNR055C,YHR158C,0.02404472790658474
YNR055C,YGR238C,6.677667261101305e-05
YNR055C,YIL015W,0.11420483142137527
YNR055C,YGL173C,0.9997511506080627
YNR055C,YDL225W,7.97120537754381e-06
YNR055C,YLR330W,3.019185921236678e-13
YNR055C,YBR129C,2.1777393612865126e-06
YNR055C,YKR095W-A,0.2020167112350464
YNR055C,YPR075C,9.575121850957657e-08
YNR055C,YMR198W,0.06608100980520248
YNR055C,YOR127W,6.156978997751139e-06
YNR055C,YDR264C,1.0759744206723099e-08
YNR055C,YLR110C,2.0550414703279785e-09
YNR055C,YDR379W,3.4264671449572154e-14
YNR055C,YDL100C,3.876083454201762e-09
YNR055C,YHR073W,0.015197759494185448
YNR055C,YJR090C,0.00027204901562072337
YNR055C,YOR208W,0.009845638647675514
YNR055C,YBR040W,0.025387322530150414
YNR055C,YNL279W,0.9740318655967712
YNR055C,YER075C,0.000402065139496699
YNR055C,YCR089W,0.0067270249128341675
YNR055C,YCR002C,0.12140843272209167
YNR055C,YJL108C,1.498628847684813e-07
YNR055C,YBR200W,1.662427519862758e-13
YNR055C,YIL026C,0.5411677956581116
YNR055C,YJR076C,7.413442745018983e-06
YNR055C,YKR031C,0.8680129051208496
YNR055C,YPL192C,5.095921551401261e-08
YNR055C,YHR107C,4.04300335503649e-05
YNR055C,YIL037C,0.005917135160416365
YNR055C,YPL156C,0.0021323692053556442
YNR055C,YIL117C,0.0040853507816791534
YNR055C,YHR066W,1.5039686076384617e-12
YNR055C,YML085C,2.1884156922169495e-06
YNR055C,YML047C,0.0018142859917134047
YNR055C,YDR312W,6.714935274487743e-09
YNR055C,YFL037W,2.6294022958950336e-08
YNR055C,YDL038C,0.2020167112350464
YNR055C,YDL039C,7.538961815933831e-11
YNR055C,YCL027W,0.004488167352974415
YNR055C,YML124C,1.832744650487328e-10
YNR055C,YGL053W,1.4382681001734454e-07
YNR055C,YMR232W,4.393099661825772e-09
YNR055C,YNL298W,1.442637259652102e-10
YNR055C,YGL099W,0.009970175102353096
YNR055C,YBL016W,6.149675213507066e-10
YNR055C,YAL041W,1.0908009784316164e-07
YNR055C,YDR085C,2.621033834415698e-09
YNR055C,YPL187W,0.0004261394205968827
YNR055C,YPL256C,2.0326997406535193e-17
YNR055C,YDR461W,1.8307063101019594e-06
YNR055C,YNL145W,1.663295022547029e-11
YOR192C,YDL165W,6.848874363640789e-06
YOR192C,YGR059W,2.0437641978787724e-07
YOR192C,YBR109C,0.04435894265770912
YOR192C,YJL080C,7.671067336900705e-09
YOR192C,YCR093W,0.0001409603573847562
YOR192C,YIL122W,5.793264090669936e-09
YOR192C,YCL029C,7.466113637706259e-14
YOR192C,YNL173C,0.9386297464370728
YOR192C,YLR452C,0.00529511459171772
YOR192C,YDL160C,3.752775000476216e-13
YOR192C,YLR229C,1.277387529086127e-09
YOR192C,YML057W,2.717050620049122e-06
YOR192C,YER149C,6.751115222414228e-08
YOR192C,YMR305C,1.1719065717841204e-08
YOR192C,YLR433C,3.5737365844390467e-10
YOR192C,YJL073W,1.7507602478872286e-07
YOR192C,YGR279C,0.007314627058804035
YOR192C,YKL190W,1.8053398674004045e-13
YOR192C,YGL089C,1.0186325346807063e-19
YOR192C,YJL019W,6.300633970113267e-08
YOR192C,YJL018W,0.000430714717367664
YOR192C,YNR032C-A,0.003967297729104757
YOR192C,YGL178W,2.3608804156083352e-07
YOR192C,YKL116C,7.414491243196153e-09
YOR192C,YDL214C,8.784137861539421e-10
YOR192C,YLR362W,7.309584361792076e-06
YOR192C,YER068W,7.2110611752662646e-12
YOR192C,YHR084W,3.825505382848253e-14
YOR192C,YDR392W,1.979349872271996e-05
YOR192C,YNL053W,2.8471467405921658e-09
YOR192C,YGR040W,3.0516875137998056e-10
YOR192C,YDL216C,0.002500994596630335
YOR192C,YOL117W,3.062639734707773e-05
YOR192C,YJR086W,0.002056955359876156
YOR192C,YMR025W,0.00037664524279534817
YOR192C,YBR081C,0.17031008005142212
YOR192C,YFL026W,0.9476109147071838
YOR192C,YHL007C,0.002546841511502862
YOR192C,YNR044W,2.0987696025542846e-09
YOR192C,YNL271C,2.2130121578811668e-05
YOR192C,YDR200C,5.906317710469011e-07
YOR192C,YKL178C,0.0002768274862319231
YOR192C,YOR212W,2.1365840439102612e-06
YOR192C,YOL111C,2.4342858839787596e-09
YOR192C,YGL032C,4.7093184463165016e-08
YOR192C,YHR005C,0.27929121255874634
YOR192C,YDR103W,9.245973342331126e-05
YOR192C,YJR084W,3.6169461736790254e-07
YOR192C,YCL032W,0.00495857372879982
YOR192C,YJL170C,2.786354791339818e-08
YOR192C,YDR179C,1.9294466824248957e-07
YOR192C,YBR095C,1.869072661975224e-06
YOR192C,YLL021W,1.827834594791966e-08
YOR192C,YDL159W,0.001301080104894936
YOR192C,YNL161W,4.174198409145902e-08
YOR192C,YNL188W,8.724268951709746e-08
YOR192C,YJL157C,1.702194094832521e-05
YOR192C,YJL034W,6.37476404996562e-10
YOR192C,YLR238W,3.3617277495068265e-06
YOR192C,YPR141C,8.018474909476936e-05
YOR192C,YNL127W,0.00014497210213448852
YOR192C,YCL055W,3.0518046401084575e-07
YOR192C,YPR122W,8.479690905005555e-08
YOR192C,YMR065W,0.18997052311897278
YOR192C,YDR356W,0.019139723852276802
YOR192C,YMR052W,6.45402380428095e-08
YOR192C,YFR008W,2.279172857388989e-11
YOR192C,YLL043W,3.891849686965543e-08
YOR192C,YMR029C,0.021078675985336304
YOR192C,YJR004C,0.00013005960499867797
YOR192C,YDL223C,7.487741271461346e-08
YOR192C,YHR158C,0.0001233111834153533
YOR192C,YGR238C,0.011281073093414307
YOR192C,YIL015W,0.8344088196754456
YOR192C,YGL173C,1.181398728844485e-10
YOR192C,YDL225W,0.00021672993898391724
YOR192C,YLR330W,2.3172954399797163e-07
YOR192C,YBR129C,0.00010168275912292302
YOR192C,YKR095W-A,0.2020167112350464
YOR192C,YPR075C,0.169037863612175
YOR192C,YMR198W,0.0009146154043264687
YOR192C,YOR127W,0.001186912995763123
YOR192C,YDR264C,1.1462504971859744e-06
YOR192C,YLR110C,2.0911514297949907e-07
YOR192C,YDR379W,1.4628650205850136e-05
YOR192C,YDL100C,2.0396150046675388e-11
YOR192C,YHR073W,2.5042001805530845e-10
YOR192C,YJR090C,9.639639984015957e-07
YOR192C,YOR208W,2.6342739147366956e-05
YOR192C,YBR040W,0.0022221929393708706
YOR192C,YNL279W,0.00029273831751197577
YOR192C,YER075C,1.5977839051828369e-09
YOR192C,YCR089W,2.2163036610915455e-16
YOR192C,YCR002C,0.026751361787319183
YOR192C,YJL108C,4.1175627352174615e-09
YOR192C,YBR200W,0.000561052409466356
YOR192C,YIL026C,1.793933392946201e-06
YOR192C,YJR076C,2.5828866156984986e-08
YOR192C,YKR031C,1.6999520084937103e-05
YOR192C,YPL192C,0.0002934472286142409
YOR192C,YHR107C,1.306876939999313e-09
YOR192C,YIL037C,2.392235742831872e-08
YOR192C,YPL156C,1.9415296037550434e-09
YOR192C,YIL117C,0.011827830225229263
YOR192C,YHR066W,6.928571536895514e-15
YOR192C,YML085C,8.3069724496454e-05
YOR192C,YML047C,1.1970028026553337e-05
YOR192C,YDR312W,1.0541940298480768e-07
YOR192C,YFL037W,2.7502076137275733e-12
YOR192C,YDL038C,0.2020167112350464
YOR192C,YDL039C,8.222918346234565e-09
YOR192C,YCL027W,1.3108024214669722e-11
YOR192C,YML124C,1.0395996241641114e-07
YOR192C,YGL053W,3.6296219363407545e-09
YOR192C,YMR232W,0.0018203235231339931
YOR192C,YNL298W,0.5392865538597107
YOR192C,YGL099W,2.89677387854681e-07
YOR192C,YBL016W,1.944835847922377e-09
YOR192C,YAL041W,0.00577342975884676
YOR192C,YDR085C,3.2839846397791916e-09
YOR192C,YPL187W,0.10731085389852524
YOR192C,YPL256C,3.715187012198751e-12
YOR192C,YDR461W,1.6699753757620783e-07
YOR192C,YNL145W,1.4967380366215366e-06
YHR161C,YDL165W,4.206225275993347e-05
YHR161C,YGR059W,0.00024083843163680285
YHR161C,YBR109C,2.754253936032569e-09
YHR161C,YJL080C,7.112079038051888e-05
YHR161C,YCR093W,0.012615508399903774
YHR161C,YIL122W,7.119296697055688e-06
YHR161C,YCL029C,2.6655952445331366e-10
YHR161C,YNL173C,0.2569620609283447
YHR161C,YLR452C,0.009024269878864288
YHR161C,YDL160C,1.5599972869040357e-07
YHR161C,YLR229C,3.967708380514523e-06
YHR161C,YML057W,4.988562256964986e-14
YHR161C,YER149C,0.010232864879071712
YHR161C,YMR305C,0.9998724460601807
YHR161C,YLR433C,0.0035401745699346066
YHR161C,YJL073W,1.1568524769245414e-06
YHR161C,YGR279C,0.9249946475028992
YHR161C,YKL190W,5.738910658692475e-06
YHR161C,YGL089C,0.9849513173103333
YHR161C,YJL019W,0.000657030672300607
YHR161C,YJL018W,0.00955911073833704
YHR161C,YNR032C-A,0.07384089380502701
YHR161C,YGL178W,3.858242962451186e-06
YHR161C,YKL116C,1.6417095594079e-07
YHR161C,YDL214C,0.9840565919876099
YHR161C,YLR362W,8.955251541920006e-05
YHR161C,YER068W,5.060076091467636e-07
YHR161C,YHR084W,8.143405239025014e-07
YHR161C,YDR392W,0.2018471360206604
YHR161C,YNL053W,0.09508763998746872
YHR161C,YGR040W,1.70673128963017e-08
YHR161C,YDL216C,0.00045953496010042727
YHR161C,YOL117W,0.00030179662280716
YHR161C,YJR086W,8.617534331278875e-05
YHR161C,YMR025W,1.8047580851998646e-07
YHR161C,YBR081C,0.5842427611351013
YHR161C,YFL026W,0.002839987399056554
YHR161C,YHL007C,1.455122173865675e-06
YHR161C,YNR044W,0.09180644899606705
YHR161C,YNL271C,2.031967705207194e-09
YHR161C,YDR200C,0.0003956129075959325
YHR161C,YKL178C,0.11991937458515167
YHR161C,YOR212W,4.872457104454497e-09
YHR161C,YOL111C,5.838625104599086e-16
YHR161C,YGL032C,0.34390878677368164
YHR161C,YHR005C,5.856433563167229e-05
YHR161C,YDR103W,3.062577036416769e-08
YHR161C,YJR084W,5.298915084495093e-07
YHR161C,YCL032W,0.0006637258338741958
YHR161C,YJL170C,7.942298543639481e-05
YHR161C,YDR179C,8.461675804483093e-12
YHR161C,YBR095C,0.006370989140123129
YHR161C,YLL021W,3.055394515172338e-08
YHR161C,YDL159W,2.7416497516696836e-08
YHR161C,YNL161W,0.012032526545226574
YHR161C,YNL188W,4.092268284239253e-07
YHR161C,YJL157C,3.508177082167663e-11
YHR161C,YJL034W,6.178870430926156e-17
YHR161C,YLR238W,0.8540287613868713
YHR161C,YPR141C,0.9717593789100647
YHR161C,YNL127W,0.7548532485961914
YHR161C,YCL055W,3.146282324451022e-05
YHR161C,YPR122W,0.1877191662788391
YHR161C,YMR065W,0.007829967886209488
YHR161C,YDR356W,1.8260983836171363e-09
YHR161C,YMR052W,2.504244002921041e-05
YHR161C,YFR008W,0.0002184364857384935
YHR161C,YLL043W,7.306870247703046e-05
YHR161C,YMR029C,0.017711155116558075
YHR161C,YJR004C,3.921790181493634e-08
YHR161C,YDL223C,3.483195107324552e-18
YHR161C,YHR158C,2.3853499175885418e-09
YHR161C,YGR238C,3.504704437773398e-08
YHR161C,YIL015W,0.02131754532456398
YHR161C,YGL173C,1.26633926811337e-06
YHR161C,YDL225W,2.917024133353152e-08
YHR161C,YLR330W,4.1907223931048065e-05
YHR161C,YBR129C,6.088343070587143e-05
YHR161C,YKR095W-A,0.2020167112350464
YHR161C,YPR075C,3.6193278734296397e-13
YHR161C,YMR198W,0.9702622294425964
YHR161C,YOR127W,0.612542450428009
YHR161C,YDR264C,3.834547533188015e-05
YHR161C,YLR110C,2.6497268379443994e-08
YHR161C,YDR379W,1.5020923456177115e-05
YHR161C,YDL100C,5.419434455689043e-05
YHR161C,YHR073W,0.9997389912605286
YHR161C,YJR090C,7.225937588373199e-05
YHR161C,YOR208W,0.0024192596320062876
YHR161C,YBR040W,0.9755672216415405
YHR161C,YNL279W,0.10200344026088715
YHR161C,YER075C,0.0014479602687060833
YHR161C,YCR089W,0.9267275333404541
YHR161C,YCR002C,0.0008638592553324997
YHR161C,YJL108C,0.6410792469978333
YHR161C,YBR200W,9.419972229807172e-06
YHR161C,YIL026C,2.8791487423351914e-12
YHR161C,YJR076C,2.82265136775095e-06
YHR161C,YKR031C,0.2204257696866989
YHR161C,YPL192C,1.1778405806239789e-08
YHR161C,YHR107C,9.156795499620785e-08
YHR161C,YIL037C,1.7780320149540785e-06
YHR161C,YPL156C,0.07958680391311646
YHR161C,YIL117C,2.6738587621366605e-05
YHR161C,YHR066W,7.833786787661556e-13
YHR161C,YML085C,2.6534637072472833e-05
YHR161C,YML047C,0.003728860057890415
YHR161C,YDR312W,0.565030574798584
YHR161C,YFL037W,4.063457903491496e-12
YHR161C,YDL038C,0.2020167112350464
YHR161C,YDL039C,6.43116316473279e-17
YHR161C,YCL027W,5.165324546396732e-05
YHR161C,YML124C,2.5087215362873394e-06
YHR161C,YGL053W,4.33226994859745e-14
YHR161C,YMR232W,8.866760481396341e-07
YHR161C,YNL298W,9.162382775684819e-05
YHR161C,YGL099W,2.958911905066498e-19
YHR161C,YBL016W,0.01944805681705475
YHR161C,YAL041W,0.15589244663715363
YHR161C,YDR085C,0.03932461142539978
YHR161C,YPL187W,0.0003610081330407411
YHR161C,YPL256C,6.510545063065365e-07
YHR161C,YDR461W,1.898466973904167e-11
YHR161C,YNL145W,4.304139622490766e-08
YMR078C,YDL165W,0.0449979342520237
YMR078C,YGR059W,0.007005095016211271
YMR078C,YBR109C,3.7218196666799486e-06
YMR078C,YJL080C,0.005491688381880522
YMR078C,YCR093W,0.014211486093699932
YMR078C,YIL122W,0.013150565326213837
YMR078C,YCL029C,6.019891998221283e-07
YMR078C,YNL173C,6.04604167619982e-07
YMR078C,YLR452C,0.9970985651016235
YMR078C,YDL160C,0.0010870067635551095
YMR078C,YLR229C,0.033489517867565155
YMR078C,YML057W,7.181608779882609e-11
YMR078C,YER149C,1.6216056275553115e-09
YMR078C,YMR305C,0.9699476957321167
YMR078C,YLR433C,0.01401079073548317
YMR078C,YJL073W,3.196588949094803e-08
YMR078C,YGR279C,0.01352103240787983
YMR078C,YKL190W,4.559674415816062e-09
YMR078C,YGL089C,2.4490161649737274e-06
YMR078C,YJL019W,1.0975533815127392e-09
YMR078C,YJL018W,0.09413963556289673
YMR078C,YNR032C-A,0.9797824025154114
YMR078C,YGL178W,0.1004442498087883
YMR078C,YKL116C,7.314291533555561e-11
YMR078C,YDL214C,0.35380810499191284
YMR078C,YLR362W,1.9358546765602114e-08
YMR078C,YER068W,1.8849101252271794e-05
YMR078C,YHR084W,0.9952594637870789
YMR078C,YDR392W,6.633948942180723e-05
YMR078C,YNL053W,0.00022088964760769159
YMR078C,YGR040W,0.02190241776406765
YMR078C,YDL216C,0.04545121267437935
YMR078C,YOL117W,0.01316261850297451
YMR078C,YJR086W,0.00010351360106142238
YMR078C,YMR025W,0.9237971305847168
YMR078C,YBR081C,0.012618334963917732
YMR078C,YFL026W,0.28311532735824585
YMR078C,YHL007C,3.172523577177344e-08
YMR078C,YNR044W,0.6159752011299133
YMR078C,YNL271C,0.01003139279782772
YMR078C,YDR200C,0.10377563536167145
YMR078C,YKL178C,2.1306077542249113e-06
YMR078C,YOR212W,0.8773103356361389
YMR078C,YOL111C,0.0002568053314462304
YMR078C,YGL032C,6.423572926905763e-07
YMR078C,YHR005C,0.20329152047634125
YMR078C,YDR103W,0.08934391289949417
YMR078C,YJR084W,4.7166131480480544e-06
YMR078C,YCL032W,9.100656939153851e-07
YMR078C,YJL170C,0.001479799160733819
YMR078C,YDR179C,1.9446504406772647e-09
YMR078C,YBR095C,0.006029054056853056
YMR078C,YLL021W,0.8142952919006348
YMR078C,YDL159W,2.8654199239058764e-12
YMR078C,YNL161W,8.655997163486973e-08
YMR078C,YNL188W,5.1473965868353844e-05
YMR078C,YJL157C,6.122934428276494e-05
YMR078C,YJL034W,0.0009724401170387864
YMR078C,YLR238W,5.423982656793669e-06
YMR078C,YPR141C,1.0654584002622869e-05
YMR078C,YNL127W,0.005449672695249319
YMR078C,YCL055W,0.45603951811790466
YMR078C,YPR122W,0.9993258714675903
YMR078C,YMR065W,0.9999998807907104
YMR078C,YDR356W,0.005655179265886545
YMR078C,YMR052W,5.276276624499587e-06
YMR078C,YFR008W,1.0545390068728011e-05
YMR078C,YLL043W,0.005393965635448694
YMR078C,YMR029C,1.6413792991443188e-07
YMR078C,YJR004C,4.0469259943165525e-07
YMR078C,YDL223C,1.4205464360372844e-08
YMR078C,YHR158C,0.913671612739563
YMR078C,YGR238C,2.8943301003891975e-05
YMR078C,YIL015W,0.7456172108650208
YMR078C,YGL173C,0.05439775809645653
YMR078C,YDL225W,5.88092407269869e-05
YMR078C,YLR330W,1.244139340161876e-13
YMR078C,YBR129C,1.715109101496637e-05
YMR078C,YKR095W-A,0.2020167112350464
YMR078C,YPR075C,2.192901416009363e-10
YMR078C,YMR198W,0.7524939179420471
YMR078C,YOR127W,0.18385574221611023
YMR078C,YDR264C,0.0015896048862487078
YMR078C,YLR110C,0.03134837746620178
YMR078C,YDR379W,0.00034245761344209313
YMR078C,YDL100C,0.8834825754165649
YMR078C,YHR073W,0.0001687233743723482
YMR078C,YJR090C,0.003413891652598977
YMR078C,YOR208W,2.8878562829959264e-07
YMR078C,YBR040W,0.004142549820244312
YMR078C,YNL279W,0.859031617641449
YMR078C,YER075C,6.18893363935058e-06
YMR078C,YCR089W,0.0028688739985227585
YMR078C,YCR002C,0.9942270517349243
YMR078C,YJL108C,0.09782158583402634
YMR078C,YBR200W,8.117142897390295e-06
YMR078C,YIL026C,0.8262683153152466
YMR078C,YJR076C,5.627407873021184e-09
YMR078C,YKR031C,0.43135717511177063
YMR078C,YPL192C,0.998542308807373
YMR078C,YHR107C,9.488232535659336e-06
YMR078C,YIL037C,0.006523667369037867
YMR078C,YPL156C,0.9079971313476562
YMR078C,YIL117C,0.0013339288998395205
YMR078C,YHR066W,2.4320860880777673e-09
YMR078C,YML085C,0.004704756196588278
YMR078C,YML047C,0.3516625165939331
YMR078C,YDR312W,0.0011313122231513262
YMR078C,YFL037W,0.7351029515266418
YMR078C,YDL038C,0.2020167112350464
YMR078C,YDL039C,5.1152495572637235e-09
YMR078C,YCL027W,0.06534268707036972
YMR078C,YML124C,3.751236654636614e-09
YMR078C,YGL053W,1.8749030772369224e-08
YMR078C,YMR232W,0.17801252007484436
YMR078C,YNL298W,9.414060332346708e-05
YMR078C,YGL099W,1.6903195501072332e-06
YMR078C,YBL016W,0.0008555309032090008
YMR078C,YAL041W,0.009952173568308353
YMR078C,YDR085C,0.13961146771907806
YMR078C,YPL187W,0.9826151132583618
YMR078C,YPL256C,3.5613366422548864e-11
YMR078C,YDR461W,0.00015566528600174934
YMR078C,YNL145W,0.0003082263865508139
YBR061C,YDL165W,1.1219472018098031e-09
YBR061C,YGR059W,9.173209747359579e-08
YBR061C,YBR109C,6.2094005492951965e-09
YBR061C,YJL080C,9.968451064601425e-11
YBR061C,YCR093W,1.3618442608276382e-05
YBR061C,YIL122W,0.5352129936218262
YBR061C,YCL029C,1.816418543354459e-11
YBR061C,YNL173C,2.1694793184146022e-10
YBR061C,YLR452C,9.939815726056622e-08
YBR061C,YDL160C,3.3132008248060174e-10
YBR061C,YLR229C,5.890151442144997e-07
YBR061C,YML057W,3.918703486298402e-15
YBR061C,YER149C,5.769899315277716e-12
YBR061C,YMR305C,2.6055315792693516e-17
YBR061C,YLR433C,1.1993250673247966e-15
YBR061C,YJL073W,3.510904251638037e-17
YBR061C,YGR279C,8.347463166281674e-19
YBR061C,YKL190W,1.2048173602449003e-13
YBR061C,YGL089C,0.896304726600647
YBR061C,YJL019W,3.8577252286717267e-13
YBR061C,YJL018W,0.00010632783232722431
YBR061C,YNR032C-A,0.786346971988678
YBR061C,YGL178W,0.0012859893031418324
YBR061C,YKL116C,9.821592793596614e-24
YBR061C,YDL214C,0.053021322935819626
YBR061C,YLR362W,0.13411352038383484
YBR061C,YER068W,7.185928518893547e-10
YBR061C,YHR084W,1.9057406985768712e-15
YBR061C,YDR392W,1.72777126863366e-05
YBR061C,YNL053W,1.6835818996696617e-06
YBR061C,YGR040W,2.560281935732548e-14
YBR061C,YDL216C,0.0003801171260420233
YBR061C,YOL117W,5.963773946859874e-05
YBR061C,YJR086W,8.549841945537651e-10
YBR061C,YMR025W,1.6122484112202073e-06
YBR061C,YBR081C,2.327039428189873e-15
YBR061C,YFL026W,3.670710952974332e-07
YBR061C,YHL007C,1.1109081948701465e-17
YBR061C,YNR044W,0.044233039021492004
YBR061C,YNL271C,3.9623451186798775e-09
YBR061C,YDR200C,8.12366580255075e-12
YBR061C,YKL178C,0.0017028999282047153
YBR061C,YOR212W,1.808308616236577e-15
YBR061C,YOL111C,2.2879380646214543e-17
YBR061C,YGL032C,2.0999748606698176e-09
YBR061C,YHR005C,2.716185942830407e-09
YBR061C,YDR103W,8.128599802148528e-06
YBR061C,YJR084W,4.996420046620788e-17
YBR061C,YCL032W,1.7812266588233948e-20
YBR061C,YJL170C,8.307118014305725e-12
YBR061C,YDR179C,3.344709492009157e-12
YBR061C,YBR095C,2.598382013024869e-12
YBR061C,YLL021W,4.14821770391427e-05
YBR061C,YDL159W,1.2167115832374936e-15
YBR061C,YNL161W,1.1182409252796788e-05
YBR061C,YNL188W,8.940414381042316e-12
YBR061C,YJL157C,5.229975523837749e-13
YBR061C,YJL034W,5.876193328555108e-21
YBR061C,YLR238W,1.326900189724256e-07
YBR061C,YPR141C,9.619802732174776e-09
YBR061C,YNL127W,0.995503842830658
YBR061C,YCL055W,3.343860077720251e-09
YBR061C,YPR122W,2.0193740056129172e-05
YBR061C,YMR065W,5.451109245768748e-05
YBR061C,YDR356W,1.2511976819951087e-05
YBR061C,YMR052W,1.9480913238112407e-07
YBR061C,YFR008W,3.153925731691487e-10
YBR061C,YLL043W,7.496443998888935e-08
YBR061C,YMR029C,1.9335931938258e-05
YBR061C,YJR004C,8.856954340948076e-13
YBR061C,YDL223C,2.0016636681615277e-20
YBR061C,YHR158C,0.00025853756233118474
YBR061C,YGR238C,1.31203550645119e-15
YBR061C,YIL015W,6.428794400038101e-14
YBR061C,YGL173C,0.00016911975399125367
YBR061C,YDL225W,1.4561248528558585e-14
YBR061C,YLR330W,8.078376093508509e-16
YBR061C,YBR129C,3.0170800067473905e-16
YBR061C,YKR095W-A,0.2020167112350464
YBR061C,YPR075C,0.0005940002156421542
YBR061C,YMR198W,6.533614396175835e-07
YBR061C,YOR127W,2.839228689394818e-13
YBR061C,YDR264C,3.513317642500624e-05
YBR061C,YLR110C,7.22090192084579e-08
YBR061C,YDR379W,3.0831078134951895e-08
YBR061C,YDL100C,0.0017834097379818559
YBR061C,YHR073W,4.816217757559376e-19
YBR061C,YJR090C,0.0634198784828186
YBR061C,YOR208W,0.02566066011786461
YBR061C,YBR040W,7.357105914707063e-06
YBR061C,YNL279W,6.589460227468535e-11
YBR061C,YER075C,5.943376013561874e-09
YBR061C,YCR089W,3.1033767222687914e-10
YBR061C,YCR002C,1.6507639200196388e-18
YBR061C,YJL108C,6.246851924629482e-10
YBR061C,YBR200W,3.977788584630382e-11
YBR061C,YIL026C,1.474003280543812e-10
YBR061C,YJR076C,2.0394205421658818e-11
YBR061C,YKR031C,6.034145371813793e-06
YBR061C,YPL192C,0.0002809677680488676
YBR061C,YHR107C,4.989050506054582e-09
YBR061C,YIL037C,1.76843539811955e-11
YBR061C,YPL156C,0.010256052948534489
YBR061C,YIL117C,5.798468372120169e-10
YBR061C,YHR066W,9.82485479860643e-16
YBR061C,YML085C,5.48957546087081e-10
YBR061C,YML047C,0.9999041557312012
YBR061C,YDR312W,8.455968028922307e-15
YBR061C,YFL037W,3.1716231796771873e-15
YBR061C,YDL038C,0.2020167112350464
YBR061C,YDL039C,1.3458378855801811e-10
YBR061C,YCL027W,9.071975000551902e-06
YBR061C,YML124C,8.515531581065402e-22
YBR061C,YGL053W,6.2678608969690686e-09
YBR061C,YMR232W,9.300642886955757e-06
YBR061C,YNL298W,2.5326077346399245e-10
YBR061C,YGL099W,6.415282372306568e-18
YBR061C,YBL016W,1.6600887844182923e-21
YBR061C,YAL041W,1.6389329129951058e-11
YBR061C,YDR085C,5.687992597813718e-06
YBR061C,YPL187W,0.00025695181102491915
YBR061C,YPL256C,9.253520620120461e-19
YBR061C,YDR461W,2.1984510189775076e-17
YBR061C,YNL145W,1.122166509021083e-11
YBR111W-A,YDL165W,0.2020167112350464
YBR111W-A,YGR059W,0.2020167112350464
YBR111W-A,YBR109C,0.2020167112350464
YBR111W-A,YJL080C,0.2020167112350464
YBR111W-A,YCR093W,0.2020167112350464
YBR111W-A,YIL122W,0.2020167112350464
YBR111W-A,YCL029C,0.2020167112350464
YBR111W-A,YNL173C,0.2020167112350464
YBR111W-A,YLR452C,0.2020167112350464
YBR111W-A,YDL160C,0.2020167112350464
YBR111W-A,YLR229C,0.2020167112350464
YBR111W-A,YML057W,0.2020167112350464
YBR111W-A,YER149C,0.2020167112350464
YBR111W-A,YMR305C,0.2020167112350464
YBR111W-A,YLR433C,0.2020167112350464
YBR111W-A,YJL073W,0.2020167112350464
YBR111W-A,YGR279C,0.2020167112350464
YBR111W-A,YKL190W,0.2020167112350464
YBR111W-A,YGL089C,0.2020167112350464
YBR111W-A,YJL019W,0.2020167112350464
YBR111W-A,YJL018W,0.2020167112350464
YBR111W-A,YNR032C-A,0.2020167112350464
YBR111W-A,YGL178W,0.2020167112350464
YBR111W-A,YKL116C,0.2020167112350464
YBR111W-A,YDL214C,0.2020167112350464
YBR111W-A,YLR362W,0.2020167112350464
YBR111W-A,YER068W,0.2020167112350464
YBR111W-A,YHR084W,0.2020167112350464
YBR111W-A,YDR392W,0.2020167112350464
YBR111W-A,YNL053W,0.2020167112350464
YBR111W-A,YGR040W,0.2020167112350464
YBR111W-A,YDL216C,0.2020167112350464
YBR111W-A,YOL117W,0.2020167112350464
YBR111W-A,YJR086W,0.2020167112350464
YBR111W-A,YMR025W,0.2020167112350464
YBR111W-A,YBR081C,0.2020167112350464
YBR111W-A,YFL026W,0.2020167112350464
YBR111W-A,YHL007C,0.2020167112350464
YBR111W-A,YNR044W,0.2020167112350464
YBR111W-A,YNL271C,0.2020167112350464
YBR111W-A,YDR200C,0.2020167112350464
YBR111W-A,YKL178C,0.2020167112350464
YBR111W-A,YOR212W,0.2020167112350464
YBR111W-A,YOL111C,0.2020167112350464
YBR111W-A,YGL032C,0.2020167112350464
YBR111W-A,YHR005C,0.2020167112350464
YBR111W-A,YDR103W,0.2020167112350464
YBR111W-A,YJR084W,0.2020167112350464
YBR111W-A,YCL032W,0.2020167112350464
YBR111W-A,YJL170C,0.2020167112350464
YBR111W-A,YDR179C,0.2020167112350464
YBR111W-A,YBR095C,0.2020167112350464
YBR111W-A,YLL021W,0.2020167112350464
YBR111W-A,YDL159W,0.2020167112350464
YBR111W-A,YNL161W,0.2020167112350464
YBR111W-A,YNL188W,0.2020167112350464
YBR111W-A,YJL157C,0.2020167112350464
YBR111W-A,YJL034W,0.2020167112350464
YBR111W-A,YLR238W,0.2020167112350464
YBR111W-A,YPR141C,0.2020167112350464
YBR111W-A,YNL127W,0.2020167112350464
YBR111W-A,YCL055W,0.2020167112350464
YBR111W-A,YPR122W,0.2020167112350464
YBR111W-A,YMR065W,0.2020167112350464
YBR111W-A,YDR356W,0.2020167112350464
YBR111W-A,YMR052W,0.2020167112350464
YBR111W-A,YFR008W,0.2020167112350464
YBR111W-A,YLL043W,0.2020167112350464
YBR111W-A,YMR029C,0.2020167112350464
YBR111W-A,YJR004C,0.2020167112350464
YBR111W-A,YDL223C,0.2020167112350464
YBR111W-A,YHR158C,0.2020167112350464
YBR111W-A,YGR238C,0.2020167112350464
YBR111W-A,YIL015W,0.2020167112350464
YBR111W-A,YGL173C,0.2020167112350464
YBR111W-A,YDL225W,0.2020167112350464
YBR111W-A,YLR330W,0.2020167112350464
YBR111W-A,YBR129C,0.2020167112350464
YBR111W-A,YKR095W-A,0.2020167112350464
YBR111W-A,YPR075C,0.2020167112350464
YBR111W-A,YMR198W,0.2020167112350464
YBR111W-A,YOR127W,0.2020167112350464
YBR111W-A,YDR264C,0.2020167112350464
YBR111W-A,YLR110C,0.2020167112350464
YBR111W-A,YDR379W,0.2020167112350464
YBR111W-A,YDL100C,0.2020167112350464
YBR111W-A,YHR073W,0.2020167112350464
YBR111W-A,YJR090C,0.2020167112350464
YBR111W-A,YOR208W,0.2020167112350464
YBR111W-A,YBR040W,0.2020167112350464
YBR111W-A,YNL279W,0.2020167112350464
YBR111W-A,YER075C,0.2020167112350464
YBR111W-A,YCR089W,0.2020167112350464
YBR111W-A,YCR002C,0.2020167112350464
YBR111W-A,YJL108C,0.2020167112350464
YBR111W-A,YBR200W,0.2020167112350464
YBR111W-A,YIL026C,0.2020167112350464
YBR111W-A,YJR076C,0.2020167112350464
YBR111W-A,YKR031C,0.2020167112350464
YBR111W-A,YPL192C,0.2020167112350464
YBR111W-A,YHR107C,0.2020167112350464
YBR111W-A,YIL037C,0.2020167112350464
YBR111W-A,YPL156C,0.2020167112350464
YBR111W-A,YIL117C,0.2020167112350464
YBR111W-A,YHR066W,0.2020167112350464
YBR111W-A,YML085C,0.2020167112350464
YBR111W-A,YML047C,0.2020167112350464
YBR111W-A,YDR312W,0.2020167112350464
YBR111W-A,YFL037W,0.2020167112350464
YBR111W-A,YDL038C,0.2020167112350464
YBR111W-A,YDL039C,0.2020167112350464
YBR111W-A,YCL027W,0.2020167112350464
YBR111W-A,YML124C,0.2020167112350464
YBR111W-A,YGL053W,0.2020167112350464
YBR111W-A,YMR232W,0.2020167112350464
YBR111W-A,YNL298W,0.2020167112350464
YBR111W-A,YGL099W,0.2020167112350464
YBR111W-A,YBL016W,0.2020167112350464
YBR111W-A,YAL041W,0.2020167112350464
YBR111W-A,YDR085C,0.2020167112350464
YBR111W-A,YPL187W,0.2020167112350464
YBR111W-A,YPL256C,0.2020167112350464
YBR111W-A,YDR461W,0.2020167112350464
YBR111W-A,YNL145W,0.2020167112350464
YER155C,YDL165W,2.1689354312570686e-08
YER155C,YGR059W,0.023548154160380363
YER155C,YBR109C,2.789782016510145e-10
YER155C,YJL080C,0.8839284181594849
YER155C,YCR093W,0.07736342400312424
YER155C,YIL122W,4.22282312229072e-07
YER155C,YCL029C,1.1914613393115836e-11
YER155C,YNL173C,3.9907817495077325e-08
YER155C,YLR452C,0.9998841285705566
YER155C,YDL160C,0.006196627393364906
YER155C,YLR229C,5.6633094658309346e-08
YER155C,YML057W,1.627435339268679e-11
YER155C,YER149C,5.157813575351611e-05
YER155C,YMR305C,0.00014225296035874635
YER155C,YLR433C,0.0002890365431085229
YER155C,YJL073W,4.648701423803914e-09
YER155C,YGR279C,0.02452983520925045
YER155C,YKL190W,0.0009770580800250173
YER155C,YGL089C,3.01697969007364e-06
YER155C,YJL019W,0.7467886209487915
YER155C,YJL018W,0.2020167112350464
YER155C,YNR032C-A,0.0009707027347758412
YER155C,YGL178W,7.154835657274816e-08
YER155C,YKL116C,0.0016375866252928972
YER155C,YDL214C,1.1029352009472859e-07
YER155C,YLR362W,3.2257065640806104e-07
YER155C,YER068W,0.3692055344581604
YER155C,YHR084W,0.03682870417833328
YER155C,YDR392W,0.08233972638845444
YER155C,YNL053W,0.31834542751312256
YER155C,YGR040W,3.134702240004117e-07
YER155C,YDL216C,3.9822611142881215e-05
YER155C,YOL117W,3.3769564922181416e-10
YER155C,YJR086W,0.9999186992645264
YER155C,YMR025W,0.016206763684749603
YER155C,YBR081C,0.20326535403728485
YER155C,YFL026W,0.026216628029942513
YER155C,YHL007C,0.018136754631996155
YER155C,YNR044W,0.00026566459564492106
YER155C,YNL271C,0.9881967902183533
YER155C,YDR200C,3.19771629619936e-06
YER155C,YKL178C,0.045151613652706146
YER155C,YOR212W,0.042914941906929016
YER155C,YOL111C,2.206421712003248e-08
YER155C,YGL032C,4.055731039898092e-08
YER155C,YHR005C,3.7063125546410447e-07
YER155C,YDR103W,0.008832464925944805
YER155C,YJR084W,0.06275957077741623
YER155C,YCL032W,0.9990399479866028
YER155C,YJL170C,0.4155154228210449
YER155C,YDR179C,8.160117026534408e-11
YER155C,YBR095C,4.970619556843303e-05
YER155C,YLL021W,0.0014230255037546158
YER155C,YDL159W,0.00031467695953324437
YER155C,YNL161W,0.9997950196266174
YER155C,YNL188W,0.06752226501703262
YER155C,YJL157C,0.0004365438362583518
YER155C,YJL034W,3.580581831030827e-09
YER155C,YLR238W,0.0024667000398039818
YER155C,YPR141C,0.004327435977756977
YER155C,YNL127W,0.0614149272441864
YER155C,YCL055W,0.010472124442458153
YER155C,YPR122W,0.9546202421188354
YER155C,YMR065W,0.9962061643600464
YER155C,YDR356W,8.015577623154968e-05
YER155C,YMR052W,5.2877949201501906e-05
YER155C,YFR008W,6.862046575406566e-05
YER155C,YLL043W,1.2724279940812266e-07
YER155C,YMR029C,5.799120685878734e-07
YER155C,YJR004C,6.574327304775807e-09
YER155C,YDL223C,3.699000883372605e-09
YER155C,YHR158C,0.9195690751075745
YER155C,YGR238C,5.132838598598255e-10
YER155C,YIL015W,0.35239148139953613
YER155C,YGL173C,0.6923865675926208
YER155C,YDL225W,0.07038578391075134
YER155C,YLR330W,1.0545038094278425e-05
YER155C,YBR129C,0.0008903509587980807
YER155C,YKR095W-A,0.2020167112350464
YER155C,YPR075C,8.891969900540883e-18
YER155C,YMR198W,1.361561544399592e-06
YER155C,YOR127W,0.011905879713594913
YER155C,YDR264C,0.02921920083463192
YER155C,YLR110C,0.7602173686027527
YER155C,YDR379W,0.005999459885060787
YER155C,YDL100C,0.00428101047873497
YER155C,YHR073W,0.0001182823907583952
YER155C,YJR090C,0.9666669368743896
YER155C,YOR208W,0.0006602822686545551
YER155C,YBR040W,0.019319109618663788
YER155C,YNL279W,0.99998939037323
YER155C,YER075C,1.8420341640901228e-11
YER155C,YCR089W,0.0005519010592252016
YER155C,YCR002C,6.723955266352277e-06
YER155C,YJL108C,0.4865124523639679
YER155C,YBR200W,6.996858909586682e-15
YER155C,YIL026C,0.9999599456787109
YER155C,YJR076C,0.0002900460676755756
YER155C,YKR031C,0.7607910633087158
YER155C,YPL192C,7.419091474503148e-08
YER155C,YHR107C,0.0010691863717511296
YER155C,YIL037C,0.019813615828752518
YER155C,YPL156C,0.0003021086740773171
YER155C,YIL117C,0.9998229146003723
YER155C,YHR066W,3.379487314991714e-11
YER155C,YML085C,0.999677300453186
YER155C,YML047C,3.7281406548572704e-05
YER155C,YDR312W,3.591784718537383e-07
YER155C,YFL037W,0.0033213209826499224
YER155C,YDL038C,0.2020167112350464
YER155C,YDL039C,1.914135509650805e-06
YER155C,YCL027W,0.999281108379364
YER155C,YML124C,0.0007007902604527771
YER155C,YGL053W,0.000713102170266211
YER155C,YMR232W,0.003066613571718335
YER155C,YNL298W,0.03288421407341957
YER155C,YGL099W,3.260874655097723e-05
YER155C,YBL016W,3.3397861898265546e-07
YER155C,YAL041W,9.451749065192416e-05
YER155C,YDR085C,0.9152740836143494
YER155C,YPL187W,0.01182180643081665
YER155C,YPL256C,1.1113868367829127e-06
YER155C,YDR461W,0.0035956264473497868
YER155C,YNL145W,0.015570398420095444
YDR270W,YDL165W,1.33289324821817e-06
YDR270W,YGR059W,3.82965081371367e-05
YDR270W,YBR109C,2.280091532247397e-10
YDR270W,YJL080C,0.01828400231897831
YDR270W,YCR093W,0.781886100769043
YDR270W,YIL122W,0.010115078650414944
YDR270W,YCL029C,1.2354894352029078e-05
YDR270W,YNL173C,7.368923252215609e-05
YDR270W,YLR452C,1.8990142052643932e-05
YDR270W,YDL160C,2.451552572058091e-10
YDR270W,YLR229C,2.972135558498845e-12
YDR270W,YML057W,1.3623066479340196e-05
YDR270W,YER149C,0.9792007207870483
YDR270W,YMR305C,1.009568095788893e-09
YDR270W,YLR433C,0.9998492002487183
YDR270W,YJL073W,6.577329843558731e-15
YDR270W,YGR279C,0.4351561665534973
YDR270W,YKL190W,1.073290206710098e-10
YDR270W,YGL089C,1.1784768473577234e-11
YDR270W,YJL019W,0.9844987988471985
YDR270W,YJL018W,0.009256933815777302
YDR270W,YNR032C-A,0.924777626991272
YDR270W,YGL178W,0.01565130241215229
YDR270W,YKL116C,3.741991091987806e-12
YDR270W,YDL214C,0.9987634420394897
YDR270W,YLR362W,0.003845671657472849
YDR270W,YER068W,6.371572974089856e-12
YDR270W,YHR084W,4.532078673946671e-05
YDR270W,YDR392W,1.5340742720582057e-07
YDR270W,YNL053W,1.7886683281176374e-06
YDR270W,YGR040W,0.0043567027896642685
YDR270W,YDL216C,6.23671849098173e-06
YDR270W,YOL117W,0.0013051043497398496
YDR270W,YJR086W,1.6839482933073135e-11
YDR270W,YMR025W,1.013603082355985e-06
YDR270W,YBR081C,8.759808451941353e-07
YDR270W,YFL026W,0.001134770456701517
YDR270W,YHL007C,0.0001320189330726862
YDR270W,YNR044W,1.9388457506153145e-10
YDR270W,YNL271C,1.9700551945334155e-07
YDR270W,YDR200C,9.73294118011836e-06
YDR270W,YKL178C,3.214147525909539e-08
YDR270W,YOR212W,0.01153495442122221
YDR270W,YOL111C,0.00017759452748578042
YDR270W,YGL032C,1.4307255380430206e-10
YDR270W,YHR005C,4.2757172195706517e-05
YDR270W,YDR103W,1.7981907149078324e-05
YDR270W,YJR084W,9.997598482414105e-08
YDR270W,YCL032W,5.7166762417182326e-05
YDR270W,YJL170C,8.502514538122341e-05
YDR270W,YDR179C,1.2307739463007783e-12
YDR270W,YBR095C,0.00035712908720597625
YDR270W,YLL021W,0.70021653175354
YDR270W,YDL159W,9.054564823612887e-13
YDR270W,YNL161W,0.001644567004404962
YDR270W,YNL188W,4.172748504061019e-06
YDR270W,YJL157C,4.902958039565419e-10
YDR270W,YJL034W,1.447479039332468e-15
YDR270W,YLR238W,2.2729933490950316e-09
YDR270W,YPR141C,0.00012221001088619232
YDR270W,YNL127W,5.128884731675498e-05
YDR270W,YCL055W,7.522751952621087e-13
YDR270W,YPR122W,0.0010052553843706846
YDR270W,YMR065W,0.9913458228111267
YDR270W,YDR356W,5.457181941892486e-07
YDR270W,YMR052W,2.762070892003976e-07
YDR270W,YFR008W,7.222596219019772e-12
YDR270W,YLL043W,8.057962759266957e-07
YDR270W,YMR029C,0.005905842408537865
YDR270W,YJR004C,0.09247336536645889
YDR270W,YDL223C,1.4505048717694535e-08
YDR270W,YHR158C,0.00015449516649823636
YDR270W,YGR238C,3.9715533084461185e-09
YDR270W,YIL015W,1.3854943668040187e-12
YDR270W,YGL173C,2.0527743345155613e-06
YDR270W,YDL225W,7.417025926770293e-08
YDR270W,YLR330W,5.769080962636508e-05
YDR270W,YBR129C,1.2405542149096505e-09
YDR270W,YKR095W-A,0.2020167112350464
YDR270W,YPR075C,6.993987966552595e-08
YDR270W,YMR198W,0.032825712114572525
YDR270W,YOR127W,8.343334911842248e-09
YDR270W,YDR264C,6.490686064353213e-05
YDR270W,YLR110C,5.12540236741188e-06
YDR270W,YDR379W,1.203201463795267e-05
YDR270W,YDL100C,6.268520564844948e-07
YDR270W,YHR073W,0.9058313369750977
YDR270W,YJR090C,0.5193159580230713
YDR270W,YOR208W,0.0007431279518641531
YDR270W,YBR040W,1.5112710570974741e-05
YDR270W,YNL279W,0.0003316802904009819
YDR270W,YER075C,0.45852959156036377
YDR270W,YCR089W,5.094751759315841e-05
YDR270W,YCR002C,0.0001859906333265826
YDR270W,YJL108C,0.0003220893268007785
YDR270W,YBR200W,1.4529379654959484e-07
YDR270W,YIL026C,0.00021123541228007525
YDR270W,YJR076C,1.818011128307262e-07
YDR270W,YKR031C,0.0031696592923253775
YDR270W,YPL192C,0.0310962051153183
YDR270W,YHR107C,2.898992897826247e-05
YDR270W,YIL037C,4.5320308572627255e-07
YDR270W,YPL156C,2.850965756806545e-06
YDR270W,YIL117C,1.7908782096176523e-12
YDR270W,YHR066W,7.141228147017342e-12
YDR270W,YML085C,1.0479207048774697e-06
YDR270W,YML047C,1.5851834689328825e-07
YDR270W,YDR312W,9.446618605579715e-06
YDR270W,YFL037W,1.5672042081860127e-06
YDR270W,YDL038C,0.2020167112350464
YDR270W,YDL039C,1.772425706552484e-16
YDR270W,YCL027W,1.228880278786315e-13
YDR270W,YML124C,1.407485326204716e-11
YDR270W,YGL053W,0.9002388119697571
YDR270W,YMR232W,0.005222775507718325
YDR270W,YNL298W,3.449958683177101e-07
YDR270W,YGL099W,1.84968598659907e-06
YDR270W,YBL016W,4.0385490137850866e-05
YDR270W,YAL041W,0.008315243758261204
YDR270W,YDR085C,9.54961942625232e-05
YDR270W,YPL187W,0.0013301451690495014
YDR270W,YPL256C,9.225972462445498e-05
YDR270W,YDR461W,1.0050443983999902e-11
YDR270W,YNL145W,3.0174978746799752e-05
YIR005W,YDL165W,2.528568984416779e-06
YIR005W,YGR059W,5.218367959969328e-09
YIR005W,YBR109C,2.199909431510605e-05
YIR005W,YJL080C,3.3685576516995425e-16
YIR005W,YCR093W,0.024637408554553986
YIR005W,YIL122W,1.6592125451353468e-09
YIR005W,YCL029C,5.270319181072125e-10
YIR005W,YNL173C,2.433162338277839e-09
YIR005W,YLR452C,0.03318445757031441
YIR005W,YDL160C,1.5189636542345397e-05
YIR005W,YLR229C,0.9974549412727356
YIR005W,YML057W,0.02606966160237789
YIR005W,YER149C,3.6567457755154464e-06
YIR005W,YMR305C,3.20709062862079e-07
YIR005W,YLR433C,0.0038311765529215336
YIR005W,YJL073W,3.791610652115196e-05
YIR005W,YGR279C,3.751816608727772e-20
YIR005W,YKL190W,6.229850987438112e-05
YIR005W,YGL089C,1.6749452242947882e-06
YIR005W,YJL019W,3.165811790495354e-07
YIR005W,YJL018W,0.00034650060115382075
YIR005W,YNR032C-A,0.0709916278719902
YIR005W,YGL178W,2.055522466376091e-14
YIR005W,YKL116C,3.09713186652516e-06
YIR005W,YDL214C,3.7784179340860646e-08
YIR005W,YLR362W,3.0016187452241994e-11
YIR005W,YER068W,0.0005590511136688292
YIR005W,YHR084W,0.0023541487753391266
YIR005W,YDR392W,0.0002133968228008598
YIR005W,YNL053W,6.654610729128763e-07
YIR005W,YGR040W,0.9966830611228943
YIR005W,YDL216C,7.343747870014114e-14
YIR005W,YOL117W,8.07775961675361e-07
YIR005W,YJR086W,0.0002838644140865654
YIR005W,YMR025W,8.419718255936459e-09
YIR005W,YBR081C,6.751095952495234e-06
YIR005W,YFL026W,2.3065227594543103e-07
YIR005W,YHL007C,1.107507955566689e-06
YIR005W,YNR044W,9.847093279669039e-11
YIR005W,YNL271C,3.1135951022304154e-12
YIR005W,YDR200C,3.5143671306414603e-10
YIR005W,YKL178C,0.00012558407615870237
YIR005W,YOR212W,4.890484461839151e-08
YIR005W,YOL111C,2.281536959358732e-09
YIR005W,YGL032C,5.982086008771148e-07
YIR005W,YHR005C,0.0004082334053236991
YIR005W,YDR103W,3.190485386994624e-08
YIR005W,YJR084W,1.5380032891698647e-06
YIR005W,YCL032W,2.5339037534877207e-09
YIR005W,YJL170C,0.04723744839429855
YIR005W,YDR179C,5.971871885890323e-10
YIR005W,YBR095C,5.506004526978359e-06
YIR005W,YLL021W,8.243286053755128e-09
YIR005W,YDL159W,1.399953070135851e-12
YIR005W,YNL161W,6.272593555678441e-10
YIR005W,YNL188W,2.632057766183138e-11
YIR005W,YJL157C,1.5534229458324944e-10
YIR005W,YJL034W,1.9241776141182276e-12
YIR005W,YLR238W,1.6303099148462508e-10
YIR005W,YPR141C,0.0002227707882411778
YIR005W,YNL127W,9.053620431132003e-08
YIR005W,YCL055W,1.3132536480497947e-07
YIR005W,YPR122W,0.0008718282333575189
YIR005W,YMR065W,5.953200599151387e-09
YIR005W,YDR356W,6.265610252853548e-10
YIR005W,YMR052W,2.38616904013611e-09
YIR005W,YFR008W,1.0422911145724356e-05
YIR005W,YLL043W,2.5250930775655434e-05
YIR005W,YMR029C,1.1768876362339142e-07
YIR005W,YJR004C,7.220981590450037e-09
YIR005W,YDL223C,8.409957842972493e-13
YIR005W,YHR158C,5.947341605860856e-07
YIR005W,YGR238C,3.7182076084718574e-08
YIR005W,YIL015W,0.00048277151654474437
YIR005W,YGL173C,1.0620954071782762e-07
YIR005W,YDL225W,9.643887324273237e-07
YIR005W,YLR330W,1.6651370560172296e-10
YIR005W,YBR129C,0.0011127737816423178
YIR005W,YKR095W-A,0.2020167112350464
YIR005W,YPR075C,1.282242090283603e-10
YIR005W,YMR198W,9.062540812010411e-06
YIR005W,YOR127W,7.108501343111584e-09
YIR005W,YDR264C,2.7040849559512026e-09
YIR005W,YLR110C,1.0526770893193316e-05
YIR005W,YDR379W,0.36209410429000854
YIR005W,YDL100C,8.464921563700045e-08
YIR005W,YHR073W,2.6892204019191013e-09
YIR005W,YJR090C,1.9564528486171184e-07
YIR005W,YOR208W,5.6520517155433936e-09
YIR005W,YBR040W,0.7649434208869934
YIR005W,YNL279W,0.02312406711280346
YIR005W,YER075C,0.003501847153529525
YIR005W,YCR089W,8.735033367197192e-14
YIR005W,YCR002C,1.8502062104630568e-08
YIR005W,YJL108C,2.0473021888900433e-10
YIR005W,YBR200W,4.3287295738991816e-06
YIR005W,YIL026C,0.00010226123413303867
YIR005W,YJR076C,9.14997799750239e-10
YIR005W,YKR031C,1.327971207391171e-13
YIR005W,YPL192C,4.2186827364787405e-09
YIR005W,YHR107C,1.3976023183204234e-06
YIR005W,YIL037C,4.3081413436674154e-11
YIR005W,YPL156C,3.21566062666534e-09
YIR005W,YIL117C,1.0802765982914544e-15
YIR005W,YHR066W,1.0362756659720862e-11
YIR005W,YML085C,9.027637341287812e-15
YIR005W,YML047C,0.0029676444828510284
YIR005W,YDR312W,9.511232690329052e-08
YIR005W,YFL037W,3.847331828121803e-11
YIR005W,YDL038C,0.2020167112350464
YIR005W,YDL039C,2.406548706284488e-21
YIR005W,YCL027W,3.6203722686423134e-08
YIR005W,YML124C,2.6367090091732103e-16
YIR005W,YGL053W,1.4553685367957314e-08
YIR005W,YMR232W,1.832760432307623e-08
YIR005W,YNL298W,0.00022874756541568786
YIR005W,YGL099W,2.7187099238545898e-09
YIR005W,YBL016W,0.0008481247932650149
YIR005W,YAL041W,0.1169063150882721
YIR005W,YDR085C,2.339068947755131e-14
YIR005W,YPL187W,1.1224613444937859e-05
YIR005W,YPL256C,3.9164465670104426e-15
YIR005W,YDR461W,0.0035279865842312574
YIR005W,YNL145W,2.392613168922253e-05
YAL067C,YDL165W,5.403957814564819e-08
YAL067C,YGR059W,4.410625070196388e-15
YAL067C,YBR109C,0.00030300923390313983
YAL067C,YJL080C,7.048768235762282e-10
YAL067C,YCR093W,0.007086721248924732
YAL067C,YIL122W,1.5712490987127015e-13
YAL067C,YCL029C,1.761315182591261e-08
YAL067C,YNL173C,4.686187651259388e-07
YAL067C,YLR452C,1.885975166260323e-06
YAL067C,YDL160C,0.9028591513633728
YAL067C,YLR229C,5.081755571900715e-10
YAL067C,YML057W,7.727820729996893e-07
YAL067C,YER149C,2.7833044757841208e-09
YAL067C,YMR305C,9.116195992531217e-11
YAL067C,YLR433C,2.1929986360191833e-07
YAL067C,YJL073W,0.8710709810256958
YAL067C,YGR279C,2.9865535907447338e-05
YAL067C,YKL190W,5.815910947282177e-11
YAL067C,YGL089C,5.326905908563384e-13
YAL067C,YJL019W,9.796151061891578e-06
YAL067C,YJL018W,0.0008625888149254024
YAL067C,YNR032C-A,2.203901658504037e-06
YAL067C,YGL178W,1.6065480109433983e-13
YAL067C,YKL116C,1.6876731478987494e-06
YAL067C,YDL214C,1.7324023815490364e-07
YAL067C,YLR362W,1.48167100810781e-09
YAL067C,YER068W,4.074762182426639e-05
YAL067C,YHR084W,5.64769170218935e-15
YAL067C,YDR392W,5.206022990478232e-08
YAL067C,YNL053W,1.4536714161295095e-06
YAL067C,YGR040W,2.7867004703807652e-08
YAL067C,YDL216C,5.508102773887913e-08
YAL067C,YOL117W,6.75908381708723e-07
YAL067C,YJR086W,6.963698506723404e-10
YAL067C,YMR025W,6.030801635859007e-09
YAL067C,YBR081C,1.212917959492188e-05
YAL067C,YFL026W,3.1133661195781315e-06
YAL067C,YHL007C,8.154104762070347e-06
YAL067C,YNR044W,2.7285225314699346e-06
YAL067C,YNL271C,2.8845387189946337e-10
YAL067C,YDR200C,1.5145803899940802e-06
YAL067C,YKL178C,0.0003423304879106581
YAL067C,YOR212W,2.5552793658789597e-08
YAL067C,YOL111C,1.622199334860852e-07
YAL067C,YGL032C,2.0981161252819902e-10
YAL067C,YHR005C,8.580246972991756e-13
YAL067C,YDR103W,5.1217341999476584e-12
YAL067C,YJR084W,1.5046421708575508e-07
YAL067C,YCL032W,1.8484557218201303e-09
YAL067C,YJL170C,1.0192547250653661e-07
YAL067C,YDR179C,2.254513714388881e-16
YAL067C,YBR095C,1.1946094957693276e-07
YAL067C,YLL021W,3.635410375513182e-11
YAL067C,YDL159W,1.239042262568546e-06
YAL067C,YNL161W,6.70060544507578e-05
YAL067C,YNL188W,5.452970519570499e-09
YAL067C,YJL157C,6.232552668405944e-12
YAL067C,YJL034W,9.106691322813276e-06
YAL067C,YLR238W,7.507777155524309e-08
YAL067C,YPR141C,4.3136893168593815e-08
YAL067C,YNL127W,7.531534151894448e-07
YAL067C,YCL055W,8.998003977467306e-06
YAL067C,YPR122W,0.9385824799537659
YAL067C,YMR065W,2.9935588372609345e-06
YAL067C,YDR356W,3.003479491781036e-07
YAL067C,YMR052W,0.0006166285602375865
YAL067C,YFR008W,8.004374052461571e-08
YAL067C,YLL043W,7.823315399946296e-07
YAL067C,YMR029C,4.286869170755381e-08
YAL067C,YJR004C,0.0008772738510742784
YAL067C,YDL223C,1.964376404595125e-11
YAL067C,YHR158C,5.063266712568293e-07
YAL067C,YGR238C,8.295651277023808e-09
YAL067C,YIL015W,7.164213457144797e-05
YAL067C,YGL173C,5.3333667343613556e-11
YAL067C,YDL225W,4.1668949961604085e-06
YAL067C,YLR330W,4.450782284948218e-07
YAL067C,YBR129C,1.988384212836536e-08
YAL067C,YKR095W-A,0.2020167112350464
YAL067C,YPR075C,0.0016129353316500783
YAL067C,YMR198W,1.0207747891399777e-06
YAL067C,YOR127W,2.470131432730227e-09
YAL067C,YDR264C,9.869499990600161e-06
YAL067C,YLR110C,9.717859938973561e-06
YAL067C,YDR379W,1.7858961244522284e-14
YAL067C,YDL100C,7.62409341388548e-14
YAL067C,YHR073W,3.0920216431695735e-07
YAL067C,YJR090C,1.6189646845354844e-11
YAL067C,YOR208W,5.705278383061341e-08
YAL067C,YBR040W,8.368079420506547e-07
YAL067C,YNL279W,8.125306862893922e-07
YAL067C,YER075C,0.000100713710708078
YAL067C,YCR089W,0.00027399713872000575
YAL067C,YCR002C,2.279123464177246e-06
YAL067C,YJL108C,9.832898939521328e-08
YAL067C,YBR200W,4.516008606566396e-13
YAL067C,YIL026C,1.2056060594289875e-09
YAL067C,YJR076C,1.2009531928924844e-06
YAL067C,YKR031C,4.7544222070428077e-07
YAL067C,YPL192C,2.3278044769536876e-10
YAL067C,YHR107C,0.023323018103837967
YAL067C,YIL037C,0.1702760010957718
YAL067C,YPL156C,8.270065336546395e-06
YAL067C,YIL117C,6.970474680312658e-14
YAL067C,YHR066W,2.3618400568636844e-09
YAL067C,YML085C,1.0542313248151913e-05
YAL067C,YML047C,0.00024003241560421884
YAL067C,YDR312W,2.2743295207943034e-16
YAL067C,YFL037W,4.123515629428018e-15
YAL067C,YDL038C,0.2020167112350464
YAL067C,YDL039C,5.862958772986926e-14
YAL067C,YCL027W,2.941998502592469e-07
YAL067C,YML124C,2.675027976906108e-10
YAL067C,YGL053W,7.088656051035258e-12
YAL067C,YMR232W,4.3714811909012496e-05
YAL067C,YNL298W,7.882562158556539e-08
YAL067C,YGL099W,4.3664865501114036e-08
YAL067C,YBL016W,1.1196870514096346e-10
YAL067C,YAL041W,1.4720915153532133e-08
YAL067C,YDR085C,7.303369464750631e-09
YAL067C,YPL187W,5.482000409173793e-10
YAL067C,YPL256C,2.1576180156624358e-15
YAL067C,YDR461W,2.459069889937382e-07
YAL067C,YNL145W,1.0600482487242366e-13
YNL044W,YDL165W,0.00010097777703776956
YNL044W,YGR059W,1.9447625732027518e-08
YNL044W,YBR109C,0.0514284111559391
YNL044W,YJL080C,3.419542917981744e-05
YNL044W,YCR093W,1.940455376825412e-06
YNL044W,YIL122W,0.000388285203371197
YNL044W,YCL029C,1.4543769834285403e-13
YNL044W,YNL173C,1.1496461411297787e-05
YNL044W,YLR452C,2.098174065046088e-12
YNL044W,YDL160C,5.871691577397087e-09
YNL044W,YLR229C,7.980315075428734e-09
YNL044W,YML057W,2.8097522816435475e-15
YNL044W,YER149C,1.4399940795328803e-08
YNL044W,YMR305C,6.057649428262225e-17
YNL044W,YLR433C,4.027299291919917e-05
YNL044W,YJL073W,0.0003826479660347104
YNL044W,YGR279C,2.747752383697871e-13
YNL044W,YKL190W,0.0006335186772048473
YNL044W,YGL089C,3.419543759264343e-08
YNL044W,YJL019W,1.3547509070122032e-07
YNL044W,YJL018W,0.000288487586658448
YNL044W,YNR032C-A,0.9780303239822388
YNL044W,YGL178W,3.882357488878968e-13
YNL044W,YKL116C,1.5066598280100152e-06
YNL044W,YDL214C,1.3442136150842998e-06
YNL044W,YLR362W,2.9597663209202096e-10
YNL044W,YER068W,3.886032384770033e-09
YNL044W,YHR084W,1.2199643422208806e-12
YNL044W,YDR392W,8.382288569919183e-07
YNL044W,YNL053W,4.52200310974149e-06
YNL044W,YGR040W,0.005633108783513308
YNL044W,YDL216C,1.7491362314103753e-06
YNL044W,YOL117W,5.9439924370963126e-05
YNL044W,YJR086W,1.676904730629758e-06
YNL044W,YMR025W,1.584425746159468e-08
YNL044W,YBR081C,1.4786712654313305e-07
YNL044W,YFL026W,9.845692693488672e-05
YNL044W,YHL007C,0.0056650978513062
YNL044W,YNR044W,3.1125265125692136e-12
YNL044W,YNL271C,2.536071264103157e-08
YNL044W,YDR200C,0.7598333358764648
YNL044W,YKL178C,5.907566810492426e-05
YNL044W,YOR212W,1.4683728408529384e-12
YNL044W,YOL111C,1.888857514842357e-09
YNL044W,YGL032C,1.2782761149833083e-18
YNL044W,YHR005C,2.7892285703323694e-10
YNL044W,YDR103W,0.0026839757338166237
YNL044W,YJR084W,0.00043486422509886324
YNL044W,YCL032W,7.946146797621623e-05
YNL044W,YJL170C,0.003024578094482422
YNL044W,YDR179C,4.940167855238542e-06
YNL044W,YBR095C,1.491071799364363e-07
YNL044W,YLL021W,0.00011680245370371267
YNL044W,YDL159W,2.3009082500088408e-14
YNL044W,YNL161W,0.0015423137228935957
YNL044W,YNL188W,1.5223697857891239e-07
YNL044W,YJL157C,4.789103294067771e-19
YNL044W,YJL034W,1.448852566783912e-14
YNL044W,YLR238W,0.0009634078014642
YNL044W,YPR141C,9.368125164499475e-10
YNL044W,YNL127W,0.00021100473531987518
YNL044W,YCL055W,1.250024606394562e-12
YNL044W,YPR122W,2.0325247040986483e-10
YNL044W,YMR065W,0.0010835748398676515
YNL044W,YDR356W,0.019846336916089058
YNL044W,YMR052W,3.497553982545476e-11
YNL044W,YFR008W,1.0878203283937182e-05
YNL044W,YLL043W,0.00015361585246864706
YNL044W,YMR029C,4.702572766746016e-07
YNL044W,YJR004C,4.247251161881849e-11
YNL044W,YDL223C,1.1232415171591459e-11
YNL044W,YHR158C,1.1005286459919716e-08
YNL044W,YGR238C,0.6879398822784424
YNL044W,YIL015W,5.8997695305151865e-05
YNL044W,YGL173C,8.132800576277077e-05
YNL044W,YDL225W,0.00018620303308125585
YNL044W,YLR330W,1.832463931350503e-05
YNL044W,YBR129C,3.900219962815754e-05
YNL044W,YKR095W-A,0.2020167112350464
YNL044W,YPR075C,1.2281543630801887e-16
YNL044W,YMR198W,0.0004593116173055023
YNL044W,YOR127W,0.9869957566261292
YNL044W,YDR264C,0.0004941760562360287
YNL044W,YLR110C,3.7283100482454756e-06
YNL044W,YDR379W,1.8265335199885158e-07
YNL044W,YDL100C,6.787085737869347e-08
YNL044W,YHR073W,7.017237635409401e-08
YNL044W,YJR090C,5.0881783231204736e-09
YNL044W,YOR208W,1.0440982300963242e-08
YNL044W,YBR040W,2.1357946661249017e-11
YNL044W,YNL279W,2.1147878115357344e-08
YNL044W,YER075C,8.384253291637833e-09
YNL044W,YCR089W,2.913362606715708e-10
YNL044W,YCR002C,0.02089209109544754
YNL044W,YJL108C,5.141167491728993e-10
YNL044W,YBR200W,0.002614331664517522
YNL044W,YIL026C,2.4121376012049833e-13
YNL044W,YJR076C,0.008859819732606411
YNL044W,YKR031C,0.28039616346359253
YNL044W,YPL192C,1.0247250656902906e-06
YNL044W,YHR107C,0.002041394589468837
YNL044W,YIL037C,0.000851500197313726
YNL044W,YPL156C,1.0186547438895133e-10
YNL044W,YIL117C,6.59147458836884e-10
YNL044W,YHR066W,1.0974642732197834e-15
YNL044W,YML085C,0.00037369801430031657
YNL044W,YML047C,4.703353624790907e-06
YNL044W,YDR312W,8.569854548223788e-11
YNL044W,YFL037W,0.007602562662214041
YNL044W,YDL038C,0.2020167112350464
YNL044W,YDL039C,6.549224730367559e-19
YNL044W,YCL027W,3.1175377444014885e-06
YNL044W,YML124C,0.0001483390515204519
YNL044W,YGL053W,1.061913612598886e-10
YNL044W,YMR232W,1.2378525582334987e-07
YNL044W,YNL298W,2.346359373461837e-08
YNL044W,YGL099W,2.229711530902091e-15
YNL044W,YBL016W,3.164061901372861e-09
YNL044W,YAL041W,0.07429757714271545
YNL044W,YDR085C,0.020957214757800102
YNL044W,YPL187W,1.6473473252176518e-08
YNL044W,YPL256C,8.224457513174353e-16
YNL044W,YDR461W,2.502878275727899e-13
YNL044W,YNL145W,2.1104106418153024e-13
YGL181W,YDL165W,3.1262270333218267e-13
YGL181W,YGR059W,0.002316463738679886
YGL181W,YBR109C,4.111041729260023e-09
YGL181W,YJL080C,6.635871585558561e-08
YGL181W,YCR093W,0.0033249708358198404
YGL181W,YIL122W,0.0020319160539656878
YGL181W,YCL029C,1.7120709294715653e-09
YGL181W,YNL173C,1.4332812714457077e-11
YGL181W,YLR452C,5.880433473492985e-09
YGL181W,YDL160C,2.2760630145057803e-06
YGL181W,YLR229C,2.9059683583909646e-05
YGL181W,YML057W,1.5589615709465932e-10
YGL181W,YER149C,3.7634432459299205e-08
YGL181W,YMR305C,0.023495476692914963
YGL181W,YLR433C,0.001947777345776558
YGL181W,YJL073W,5.0007042062816254e-08
YGL181W,YGR279C,8.148178312694654e-05
YGL181W,YKL190W,0.023449812084436417
YGL181W,YGL089C,1.1189215456397505e-06
YGL181W,YJL019W,0.00014102515706326813
YGL181W,YJL018W,0.006032624281942844
YGL181W,YNR032C-A,0.9001287817955017
YGL181W,YGL178W,1.5883356354606804e-06
YGL181W,YKL116C,2.5793784629349857e-14
YGL181W,YDL214C,0.8060713410377502
YGL181W,YLR362W,0.13180650770664215
YGL181W,YER068W,8.988774879981065e-07
YGL181W,YHR084W,9.394197149958927e-06
YGL181W,YDR392W,0.9932542443275452
YGL181W,YNL053W,0.08140970021486282
YGL181W,YGR040W,0.009911254979670048
YGL181W,YDL216C,0.5594461560249329
YGL181W,YOL117W,0.9854965806007385
YGL181W,YJR086W,7.512370716819539e-13
YGL181W,YMR025W,0.00039988578646443784
YGL181W,YBR081C,0.007555152755230665
YGL181W,YFL026W,0.00029604232986457646
YGL181W,YHL007C,0.9176285862922668
YGL181W,YNR044W,0.0004886161768808961
YGL181W,YNL271C,2.7723365292331437e-07
YGL181W,YDR200C,2.1856379817108973e-08
YGL181W,YKL178C,0.3638889491558075
YGL181W,YOR212W,1.7469473050368833e-06
YGL181W,YOL111C,6.821165499104609e-08
YGL181W,YGL032C,2.8118340988925183e-10
YGL181W,YHR005C,3.140760554742883e-06
YGL181W,YDR103W,1.1580771541730428e-07
YGL181W,YJR084W,8.857650391291827e-05
YGL181W,YCL032W,6.7886840042774566e-06
YGL181W,YJL170C,3.2415738981939057e-09
YGL181W,YDR179C,1.0648113467348619e-11
YGL181W,YBR095C,0.01453634537756443
YGL181W,YLL021W,3.004848281307204e-08
YGL181W,YDL159W,5.362062460712025e-10
YGL181W,YNL161W,0.006979528348892927
YGL181W,YNL188W,4.645308493422817e-08
YGL181W,YJL157C,1.7695572784859337e-09
YGL181W,YJL034W,1.589460544247894e-14
YGL181W,YLR238W,2.7352468805474928e-06
YGL181W,YPR141C,0.15677425265312195
YGL181W,YNL127W,0.0032399308402091265
YGL181W,YCL055W,3.537563850793818e-13
YGL181W,YPR122W,1.9118608918233804e-07
YGL181W,YMR065W,0.00044743120088241994
YGL181W,YDR356W,0.175662100315094
YGL181W,YMR052W,8.7933280155994e-05
YGL181W,YFR008W,2.226013702691734e-16
YGL181W,YLL043W,2.1282096440700116e-06
YGL181W,YMR029C,8.353190423804335e-06
YGL181W,YJR004C,1.2284117190120014e-07
YGL181W,YDL223C,1.1275657074705236e-09
YGL181W,YHR158C,1.5594634987792233e-06
YGL181W,YGR238C,8.129159141390119e-07
YGL181W,YIL015W,8.787520187070186e-07
YGL181W,YGL173C,7.159787492128089e-05
YGL181W,YDL225W,1.879251067293808e-05
YGL181W,YLR330W,0.0011536512756720185
YGL181W,YBR129C,7.381678415185888e-07
YGL181W,YKR095W-A,0.2020167112350464
YGL181W,YPR075C,0.0027256940957158804
YGL181W,YMR198W,0.015546690672636032
YGL181W,YOR127W,2.459004463162273e-06
YGL181W,YDR264C,3.0680593157174363e-13
YGL181W,YLR110C,1.7890711490053945e-07
YGL181W,YDR379W,2.589833275123965e-05
YGL181W,YDL100C,0.0028670562896877527
YGL181W,YHR073W,0.04819687083363533
YGL181W,YJR090C,0.0019301293650642037
YGL181W,YOR208W,2.3615619682004763e-08
YGL181W,YBR040W,1.7272684544877848e-06
YGL181W,YNL279W,0.1566278636455536
YGL181W,YER075C,0.31224051117897034
YGL181W,YCR089W,0.054344046860933304
YGL181W,YCR002C,1.2987990238855218e-08
YGL181W,YJL108C,0.018070191144943237
YGL181W,YBR200W,0.001452079159207642
YGL181W,YIL026C,0.007300928700715303
YGL181W,YJR076C,7.062905069687986e-07
YGL181W,YKR031C,0.029874099418520927
YGL181W,YPL192C,0.9590162038803101
YGL181W,YHR107C,0.013497679494321346
YGL181W,YIL037C,0.0031860857270658016
YGL181W,YPL156C,6.209353159647435e-05
YGL181W,YIL117C,0.030083775520324707
YGL181W,YHR066W,2.995634556385296e-12
YGL181W,YML085C,2.462460280128198e-08
YGL181W,YML047C,0.07970082014799118
YGL181W,YDR312W,3.880697931890609e-07
YGL181W,YFL037W,6.952835462925577e-08
YGL181W,YDL038C,0.2020167112350464
YGL181W,YDL039C,8.78010742080403e-16
YGL181W,YCL027W,0.00020865080296061933
YGL181W,YML124C,1.4161872741169645e-07
YGL181W,YGL053W,2.8866121298820602e-11
YGL181W,YMR232W,3.7218801480776165e-06
YGL181W,YNL298W,5.947750310042466e-07
YGL181W,YGL099W,1.1459827227791597e-12
YGL181W,YBL016W,2.0682262326376932e-13
YGL181W,YAL041W,0.9999254941940308
YGL181W,YDR085C,0.1646874099969864
YGL181W,YPL187W,0.0005286710802465677
YGL181W,YPL256C,1.4315744423232246e-10
YGL181W,YDR461W,3.5052986802373365e-16
YGL181W,YNL145W,2.714150681981664e-09
YGR020C,YDL165W,0.8884725570678711
YGR020C,YGR059W,5.608444553217851e-07
YGR020C,YBR109C,0.00016502766811754555
YGR020C,YJL080C,4.0777641174827295e-07
YGR020C,YCR093W,2.2294585505733266e-05
YGR020C,YIL122W,0.009054639376699924
YGR020C,YCL029C,1.8888947168635416e-19
YGR020C,YNL173C,3.955580723413732e-06
YGR020C,YLR452C,0.03051057644188404
YGR020C,YDL160C,0.19373898208141327
YGR020C,YLR229C,0.000324523716699332
YGR020C,YML057W,7.633943823748268e-07
YGR020C,YER149C,4.678042397898707e-10
YGR020C,YMR305C,0.011273501440882683
YGR020C,YLR433C,5.366643108573044e-06
YGR020C,YJL073W,3.885691324256868e-09
YGR020C,YGR279C,0.9931885004043579
YGR020C,YKL190W,0.000354091840563342
YGR020C,YGL089C,0.0036129842046648264
YGR020C,YJL019W,8.193306939574541e-07
YGR020C,YJL018W,0.0015913426177576184
YGR020C,YNR032C-A,0.5611275434494019
YGR020C,YGL178W,7.214705988189962e-07
YGR020C,YKL116C,6.727404979756102e-07
YGR020C,YDL214C,1.461016722714703e-06
YGR020C,YLR362W,0.9826179146766663
YGR020C,YER068W,0.08867990225553513
YGR020C,YHR084W,3.501000662708975e-07
YGR020C,YDR392W,3.9577771531185135e-06
YGR020C,YNL053W,9.628403176975553e-07
YGR020C,YGR040W,5.278029746591528e-08
YGR020C,YDL216C,1.1610508465764724e-07
YGR020C,YOL117W,5.889741601095011e-07
YGR020C,YJR086W,5.478589628182817e-06
YGR020C,YMR025W,3.4152424177591456e-07
YGR020C,YBR081C,5.298041472201476e-08
YGR020C,YFL026W,0.0017835149774327874
YGR020C,YHL007C,1.0872507338888227e-08
YGR020C,YNR044W,0.00785436574369669
YGR020C,YNL271C,2.0994501426230272e-07
YGR020C,YDR200C,0.07119788974523544
YGR020C,YKL178C,8.365375947505527e-08
YGR020C,YOR212W,0.001845447812229395
YGR020C,YOL111C,2.8917740597933506e-12
YGR020C,YGL032C,0.6360775232315063
YGR020C,YHR005C,0.4631029963493347
YGR020C,YDR103W,1.4828860912530217e-05
YGR020C,YJR084W,0.11631154268980026
YGR020C,YCL032W,6.201957489793131e-07
YGR020C,YJL170C,0.0007188431918621063
YGR020C,YDR179C,6.815172459983003e-15
YGR020C,YBR095C,2.0655788546264375e-07
YGR020C,YLL021W,2.028332701797808e-08
YGR020C,YDL159W,1.7057677936804794e-08
YGR020C,YNL161W,9.141969349002466e-05
YGR020C,YNL188W,4.848180168437466e-08
YGR020C,YJL157C,8.407978020841256e-05
YGR020C,YJL034W,4.376478318590671e-05
YGR020C,YLR238W,0.9277204871177673
YGR020C,YPR141C,7.321649900404736e-05
YGR020C,YNL127W,0.9343288540840149
YGR020C,YCL055W,2.0241556694666762e-11
YGR020C,YPR122W,1.201111293758217e-10
YGR020C,YMR065W,6.520378459384801e-09
YGR020C,YDR356W,0.0008646576316095889
YGR020C,YMR052W,3.309812018414959e-05
YGR020C,YFR008W,0.00010875194129766896
YGR020C,YLL043W,0.9152397513389587
YGR020C,YMR029C,0.016017111018300056
YGR020C,YJR004C,0.008485010825097561
YGR020C,YDL223C,8.659875447847298e-07
YGR020C,YHR158C,1.0143999134015758e-05
YGR020C,YGR238C,1.5885339621490857e-07
YGR020C,YIL015W,0.9462056756019592
YGR020C,YGL173C,0.9979483485221863
YGR020C,YDL225W,2.1533652638794365e-09
YGR020C,YLR330W,0.9892625212669373
YGR020C,YBR129C,3.3499279652460245e-06
YGR020C,YKR095W-A,0.2020167112350464
YGR020C,YPR075C,1.2087776959934793e-11
YGR020C,YMR198W,1.8848351146516507e-06
YGR020C,YOR127W,1.1237111721129622e-05
YGR020C,YDR264C,0.12320409715175629
YGR020C,YLR110C,5.938658432569355e-06
YGR020C,YDR379W,7.377965812338516e-05
YGR020C,YDL100C,0.001662175403907895
YGR020C,YHR073W,0.9996603727340698
YGR020C,YJR090C,0.024000344797968864
YGR020C,YOR208W,0.9168508052825928
YGR020C,YBR040W,1.4772921552719254e-08
YGR020C,YNL279W,3.3674731980681827e-07
YGR020C,YER075C,3.79970863662038e-08
YGR020C,YCR089W,5.689451132440126e-10
YGR020C,YCR002C,0.9996786117553711
YGR020C,YJL108C,2.352893352508545e-05
YGR020C,YBR200W,3.3824958389772064e-09
YGR020C,YIL026C,1.7514031469545444e-07
YGR020C,YJR076C,8.6340342022595e-06
YGR020C,YKR031C,0.0022339499555528164
YGR020C,YPL192C,3.5704559309124306e-08
YGR020C,YHR107C,0.00012385632726363838
YGR020C,YIL037C,5.764286617471193e-13
YGR020C,YPL156C,5.297974836615538e-10
YGR020C,YIL117C,5.88068287470378e-05
YGR020C,YHR066W,3.93000854082004e-10
YGR020C,YML085C,0.0016760549042373896
YGR020C,YML047C,6.385658668506267e-09
YGR020C,YDR312W,0.000324897060636431
YGR020C,YFL037W,4.166539042671502e-07
YGR020C,YDL038C,0.2020167112350464
YGR020C,YDL039C,2.94290100148701e-29
YGR020C,YCL027W,1.0419201092182195e-11
YGR020C,YML124C,0.06840869784355164
YGR020C,YGL053W,0.00015041745791677386
YGR020C,YMR232W,0.000147235652548261
YGR020C,YNL298W,0.009245168417692184
YGR020C,YGL099W,9.52884633420581e-08
YGR020C,YBL016W,7.763926307413627e-11
YGR020C,YAL041W,7.792704309395049e-06
YGR020C,YDR085C,0.04149295389652252
YGR020C,YPL187W,1.601670192030724e-05
YGR020C,YPL256C,3.837472917211926e-08
YGR020C,YDR461W,0.035374321043491364
YGR020C,YNL145W,8.952298230724409e-05
YER106W,YDL165W,1.8789698685850453e-08
YER106W,YGR059W,1.5072533221527351e-09
YER106W,YBR109C,0.0014135494129732251
YER106W,YJL080C,4.1712517884207045e-09
YER106W,YCR093W,6.206606485648081e-06
YER106W,YIL122W,2.9702692927457974e-07
YER106W,YCL029C,3.0539825852813e-17
YER106W,YNL173C,0.0004295946564525366
YER106W,YLR452C,0.02211299166083336
YER106W,YDL160C,9.604901606508065e-06
YER106W,YLR229C,0.0028143839444965124
YER106W,YML057W,0.0003280571545474231
YER106W,YER149C,0.0013243278954178095
YER106W,YMR305C,0.00010068279516417533
YER106W,YLR433C,0.11018576472997665
YER106W,YJL073W,0.0007757834973745048
YER106W,YGR279C,1.2061394092689748e-13
YER106W,YKL190W,1.1158302186231595e-05
YER106W,YGL089C,4.358596150666472e-09
YER106W,YJL019W,0.0008208326180465519
YER106W,YJL018W,0.0007682754076085985
YER106W,YNR032C-A,1.759990709615522e-06
YER106W,YGL178W,0.5239349603652954
YER106W,YKL116C,7.111502782208845e-05
YER106W,YDL214C,9.338839597472504e-12
YER106W,YLR362W,0.12886475026607513
YER106W,YER068W,2.7481346478452906e-06
YER106W,YHR084W,4.61000038143311e-09
YER106W,YDR392W,0.006153834518045187
YER106W,YNL053W,4.155665374128148e-05
YER106W,YGR040W,1.875748966995161e-05
YER106W,YDL216C,0.3322751224040985
YER106W,YOL117W,0.0007744141039438546
YER106W,YJR086W,5.89613136092737e-10
YER106W,YMR025W,0.00039704653318040073
YER106W,YBR081C,1.321047538027642e-08
YER106W,YFL026W,3.473362312433892e-06
YER106W,YHL007C,0.00010757674317574129
YER106W,YNR044W,0.92722487449646
YER106W,YNL271C,9.849755855384501e-08
YER106W,YDR200C,0.0017933897906914353
YER106W,YKL178C,0.11974169313907623
YER106W,YOR212W,2.1481690055225044e-05
YER106W,YOL111C,2.2924183213035576e-05
YER106W,YGL032C,2.370259608142078e-05
YER106W,YHR005C,4.084975444129668e-06
YER106W,YDR103W,0.05718706548213959
YER106W,YJR084W,6.874722089378338e-07
YER106W,YCL032W,8.157181582646444e-05
YER106W,YJL170C,3.4847257666115183e-06
YER106W,YDR179C,1.9941838402814938e-08
YER106W,YBR095C,4.053429620398674e-06
YER106W,YLL021W,0.00015061377780511975
YER106W,YDL159W,4.90049632817513e-11
YER106W,YNL161W,8.103065738396253e-06
YER106W,YNL188W,8.780824956033939e-09
YER106W,YJL157C,0.00010529152496019378
YER106W,YJL034W,7.640726593094449e-12
YER106W,YLR238W,0.011822905391454697
YER106W,YPR141C,1.784898449841421e-05
YER106W,YNL127W,0.18822340667247772
YER106W,YCL055W,1.9288739494527363e-08
YER106W,YPR122W,9.112106034991907e-12
YER106W,YMR065W,0.7093775272369385
YER106W,YDR356W,2.2021947643224848e-07
YER106W,YMR052W,1.8030738146990188e-07
YER106W,YFR008W,8.461587541752635e-10
YER106W,YLL043W,0.9739118814468384
YER106W,YMR029C,0.12636347115039825
YER106W,YJR004C,0.01066484022885561
YER106W,YDL223C,0.0034773251973092556
YER106W,YHR158C,0.0007297132979147136
YER106W,YGR238C,1.4141525753075257e-05
YER106W,YIL015W,0.0942988470196724
YER106W,YGL173C,5.396608160346261e-10
YER106W,YDL225W,3.641857574621099e-06
YER106W,YLR330W,0.0006224425742402673
YER106W,YBR129C,1.9872122720698826e-05
YER106W,YKR095W-A,0.2020167112350464
YER106W,YPR075C,1.6268533897800808e-07
YER106W,YMR198W,0.001049997634254396
YER106W,YOR127W,0.012887201271951199
YER106W,YDR264C,0.004062205087393522
YER106W,YLR110C,0.00025161870871670544
YER106W,YDR379W,2.839181888703024e-06
YER106W,YDL100C,6.315471756668245e-11
YER106W,YHR073W,0.00011158092092955485
YER106W,YJR090C,2.332169790619787e-09
YER106W,YOR208W,0.9537535905838013
YER106W,YBR040W,0.00636474322527647
YER106W,YNL279W,5.8914714884394925e-08
YER106W,YER075C,0.40897706151008606
YER106W,YCR089W,1.798402565918438e-15
YER106W,YCR002C,2.1787325295008486e-06
YER106W,YJL108C,0.018417248502373695
YER106W,YBR200W,7.407280463667121e-06
YER106W,YIL026C,0.0014602711889892817
YER106W,YJR076C,7.626783826708561e-07
YER106W,YKR031C,4.257562613929622e-05
YER106W,YPL192C,5.7470433745265836e-08
YER106W,YHR107C,1.7976104516037594e-07
YER106W,YIL037C,0.8615165948867798
YER106W,YPL156C,0.003965985029935837
YER106W,YIL117C,1.280948708881624e-06
YER106W,YHR066W,4.883929261012554e-09
YER106W,YML085C,0.00012397448881529272
YER106W,YML047C,4.0448929894409957e-07
YER106W,YDR312W,0.8493654727935791
YER106W,YFL037W,4.213175543554826e-06
YER106W,YDL038C,0.2020167112350464
YER106W,YDL039C,7.774867679016242e-21
YER106W,YCL027W,3.588596442227754e-08
YER106W,YML124C,1.175953778798089e-10
YER106W,YGL053W,0.0003214279713574797
YER106W,YMR232W,3.494445266483126e-08
YER106W,YNL298W,6.555830623256043e-06
YER106W,YGL099W,6.132693908256215e-09
YER106W,YBL016W,0.0011709538521245122
YER106W,YAL041W,0.00021082855528220534
YER106W,YDR085C,1.2107569091313053e-05
YER106W,YPL187W,1.4571544859620644e-08
YER106W,YPL256C,1.4783652275453252e-13
YER106W,YDR461W,3.113310143021408e-08
YER106W,YNL145W,0.007683462463319302
YOR305W,YDL165W,1.181652287129964e-08
YOR305W,YGR059W,1.4509532242357182e-08
YOR305W,YBR109C,0.0004227900644764304
YOR305W,YJL080C,7.309002830879763e-05
YOR305W,YCR093W,1.8026728412223747e-06
YOR305W,YIL122W,9.914283838341476e-10
YOR305W,YCL029C,2.9381319832611982e-15
YOR305W,YNL173C,4.166341230349424e-11
YOR305W,YLR452C,0.00010885247320402414
YOR305W,YDL160C,2.4568166168137395e-08
YOR305W,YLR229C,2.3814649807718524e-07
YOR305W,YML057W,1.8069216821459122e-05
YOR305W,YER149C,6.349496288748924e-06
YOR305W,YMR305C,3.574438800502122e-10
YOR305W,YLR433C,0.04302392899990082
YOR305W,YJL073W,1.3154354050470829e-08
YOR305W,YGR279C,0.9982625842094421
YOR305W,YKL190W,1.1792948839683959e-08
YOR305W,YGL089C,0.6280136108398438
YOR305W,YJL019W,6.2642998273076955e-06
YOR305W,YJL018W,9.87731764325872e-05
YOR305W,YNR032C-A,0.7811349034309387
YOR305W,YGL178W,1.3216482557254494e-06
YOR305W,YKL116C,7.711206961857897e-08
YOR305W,YDL214C,3.705418407662364e-07
YOR305W,YLR362W,2.2221861684101896e-07
YOR305W,YER068W,4.602004253229097e-07
YOR305W,YHR084W,1.3816500654684205e-07
YOR305W,YDR392W,2.1197638488956727e-07
YOR305W,YNL053W,4.654503236826979e-13
YOR305W,YGR040W,2.2821244893833637e-09
YOR305W,YDL216C,8.293625796795823e-06
YOR305W,YOL117W,1.8882668761932564e-09
YOR305W,YJR086W,2.110733987592539e-08
YOR305W,YMR025W,1.3272031537781004e-05
YOR305W,YBR081C,8.888131475259797e-08
YOR305W,YFL026W,3.4260250192374997e-09
YOR305W,YHL007C,1.539380873206292e-13
YOR305W,YNR044W,6.17743660044634e-12
YOR305W,YNL271C,4.963857236361946e-07
YOR305W,YDR200C,1.655229624475396e-07
YOR305W,YKL178C,4.1995768841618375e-12
YOR305W,YOR212W,8.60196741996333e-05
YOR305W,YOL111C,2.2021160930307815e-06
YOR305W,YGL032C,2.7535185243010574e-09
YOR305W,YHR005C,0.074375681579113
YOR305W,YDR103W,5.765449784256305e-10
YOR305W,YJR084W,4.650619445101256e-08
YOR305W,YCL032W,7.232618770558474e-08
YOR305W,YJL170C,0.00017165957251563668
YOR305W,YDR179C,2.6089971849607707e-10
YOR305W,YBR095C,0.0028413920663297176
YOR305W,YLL021W,0.00038940392551012337
YOR305W,YDL159W,2.710010594565975e-14
YOR305W,YNL161W,0.0737873837351799
YOR305W,YNL188W,8.279645719033724e-11
YOR305W,YJL157C,0.011473668739199638
YOR305W,YJL034W,1.8971103854514837e-10
YOR305W,YLR238W,2.4541895982110873e-07
YOR305W,YPR141C,0.9901251792907715
YOR305W,YNL127W,0.00010845689394045621
YOR305W,YCL055W,2.6580522227703796e-09
YOR305W,YPR122W,0.013357209973037243
YOR305W,YMR065W,3.934561618734733e-07
YOR305W,YDR356W,2.5170918888761662e-05
YOR305W,YMR052W,5.510063374458696e-07
YOR305W,YFR008W,0.010232782922685146
YOR305W,YLL043W,8.913584453873469e-11
YOR305W,YMR029C,0.08309803158044815
YOR305W,YJR004C,4.9200381546654626e-09
YOR305W,YDL223C,2.043412266922607e-14
YOR305W,YHR158C,0.6088196635246277
YOR305W,YGR238C,1.7199952602140105e-20
YOR305W,YIL015W,0.0065656304359436035
YOR305W,YGL173C,0.024094365537166595
YOR305W,YDL225W,0.00014291917614173144
YOR305W,YLR330W,3.0502761205752904e-08
YOR305W,YBR129C,0.46157532930374146
YOR305W,YKR095W-A,0.2020167112350464
YOR305W,YPR075C,2.7174266309382133e-11
YOR305W,YMR198W,0.013434724882245064
YOR305W,YOR127W,2.6137763953215654e-08
YOR305W,YDR264C,2.1279527118167607e-07
YOR305W,YLR110C,0.5593298673629761
YOR305W,YDR379W,0.00010113832831848413
YOR305W,YDL100C,2.5935034955182346e-06
YOR305W,YHR073W,0.00010050763376057148
YOR305W,YJR090C,0.003945785574615002
YOR305W,YOR208W,3.4268254900382544e-11
YOR305W,YBR040W,3.7790380247315625e-07
YOR305W,YNL279W,1.097488961689097e-12
YOR305W,YER075C,9.963825505110435e-06
YOR305W,YCR089W,4.963144478731252e-11
YOR305W,YCR002C,0.05739786475896835
YOR305W,YJL108C,0.00015622706268914044
YOR305W,YBR200W,2.426149525150325e-14
YOR305W,YIL026C,0.034648969769477844
YOR305W,YJR076C,6.0803354244853836e-06
YOR305W,YKR031C,2.2947407862794478e-11
YOR305W,YPL192C,1.219391521090074e-07
YOR305W,YHR107C,1.9522663023963105e-06
YOR305W,YIL037C,7.190956857749953e-11
YOR305W,YPL156C,0.999872088432312
YOR305W,YIL117C,1.1627795174717903e-05
YOR305W,YHR066W,6.555103027494624e-05
YOR305W,YML085C,2.6228988758703053e-07
YOR305W,YML047C,3.149928602397267e-07
YOR305W,YDR312W,8.019914275791962e-06
YOR305W,YFL037W,5.07329609433782e-08
YOR305W,YDL038C,0.2020167112350464
YOR305W,YDL039C,1.382912894136825e-15
YOR305W,YCL027W,2.3312447527956692e-09
YOR305W,YML124C,2.5142420697482626e-13
YOR305W,YGL053W,1.281071604353201e-07
YOR305W,YMR232W,2.658279925071838e-07
YOR305W,YNL298W,0.00024068141647148877
YOR305W,YGL099W,1.2119225067941386e-10
YOR305W,YBL016W,7.443000797905297e-16
YOR305W,YAL041W,2.4576878786319867e-05
YOR305W,YDR085C,0.034241076558828354
YOR305W,YPL187W,0.002380960388109088
YOR305W,YPL256C,9.223998453933291e-09
YOR305W,YDR461W,4.349025306549237e-11
YOR305W,YNL145W,0.8891333937644958
YKR054C,YDL165W,2.269690412504133e-06
YKR054C,YGR059W,3.9740751844874467e-07
YKR054C,YBR109C,6.353729391575524e-13
YKR054C,YJL080C,3.5094552264247625e-11
YKR054C,YCR093W,2.916790720064455e-08
YKR054C,YIL122W,3.4388853009659215e-07
YKR054C,YCL029C,2.05400228878716e-05
YKR054C,YNL173C,2.1662706350955574e-10
YKR054C,YLR452C,6.928503637482208e-08
YKR054C,YDL160C,1.3923252828451638e-10
YKR054C,YLR229C,1.6578807215950064e-09
YKR054C,YML057W,5.1766070596759306e-11
YKR054C,YER149C,7.505059768098121e-11
YKR054C,YMR305C,9.660864989935458e-12
YKR054C,YLR433C,5.683139079337707e-07
YKR054C,YJL073W,2.3310327062898797e-19
YKR054C,YGR279C,6.263790433737185e-15
YKR054C,YKL190W,0.00016336746921297163
YKR054C,YGL089C,0.12707822024822235
YKR054C,YJL019W,2.5981343299008586e-08
YKR054C,YJL018W,0.2020167112350464
YKR054C,YNR032C-A,0.9726237058639526
YKR054C,YGL178W,0.0002965052844956517
YKR054C,YKL116C,2.5990296087824398e-17
YKR054C,YDL214C,7.898508513903835e-10
YKR054C,YLR362W,4.085785803908948e-06
YKR054C,YER068W,6.666437963719768e-14
YKR054C,YHR084W,1.428063830383186e-11
YKR054C,YDR392W,2.0110161131015047e-05
YKR054C,YNL053W,9.813661688840014e-11
YKR054C,YGR040W,2.3190004867501557e-06
YKR054C,YDL216C,0.007653094828128815
YKR054C,YOL117W,5.120088462717831e-05
YKR054C,YJR086W,0.002965638879686594
YKR054C,YMR025W,5.3221862680863374e-12
YKR054C,YBR081C,1.3974874590871877e-09
YKR054C,YFL026W,1.3621163658800173e-12
YKR054C,YHL007C,4.306099476557995e-13
YKR054C,YNR044W,2.7106423772238486e-07
YKR054C,YNL271C,0.00014614546671509743
YKR054C,YDR200C,6.937051466593402e-07
YKR054C,YKL178C,2.195530868220885e-09
YKR054C,YOR212W,1.2441839225552087e-10
YKR054C,YOL111C,4.7606198450012016e-07
YKR054C,YGL032C,3.693973295651465e-13
YKR054C,YHR005C,6.964000209830346e-11
YKR054C,YDR103W,0.6439105868339539
YKR054C,YJR084W,7.930367473818478e-08
YKR054C,YCL032W,2.9845737117284443e-06
YKR054C,YJL170C,4.087205240921321e-08
YKR054C,YDR179C,0.00189968291670084
YKR054C,YBR095C,1.0982420462823939e-05
YKR054C,YLL021W,9.65266444552526e-09
YKR054C,YDL159W,2.5783713226701366e-06
YKR054C,YNL161W,1.4229718792169166e-10
YKR054C,YNL188W,2.8601168100550467e-09
YKR054C,YJL157C,0.0019813040271401405
YKR054C,YJL034W,2.696715463781918e-12
YKR054C,YLR238W,2.2666706627205713e-06
YKR054C,YPR141C,3.8441459217219975e-12
YKR054C,YNL127W,1.9794915928628143e-08
YKR054C,YCL055W,3.383559317171603e-07
YKR054C,YPR122W,2.860621862055268e-05
YKR054C,YMR065W,4.47446204532298e-08
YKR054C,YDR356W,4.3606912243469853e-13
YKR054C,YMR052W,5.3303879212762695e-06
YKR054C,YFR008W,2.519359609820526e-09
YKR054C,YLL043W,6.248786121432204e-06
YKR054C,YMR029C,1.880151034860944e-10
YKR054C,YJR004C,4.5912892357360263e-14
YKR054C,YDL223C,8.208762096728606e-07
YKR054C,YHR158C,2.6575017092646128e-15
YKR054C,YGR238C,2.3389716830024554e-07
YKR054C,YIL015W,1.2918133229788964e-10
YKR054C,YGL173C,4.674503049667494e-28
YKR054C,YDL225W,8.384880463563338e-12
YKR054C,YLR330W,2.38710995414948e-10
YKR054C,YBR129C,1.0655102045120657e-07
YKR054C,YKR095W-A,0.2020167112350464
YKR054C,YPR075C,1.721007190924606e-11
YKR054C,YMR198W,9.359695241073496e-10
YKR054C,YOR127W,1.8840817574528046e-05
YKR054C,YDR264C,8.796137429545325e-11
YKR054C,YLR110C,7.238674104570464e-09
YKR054C,YDR379W,8.722206246147834e-08
YKR054C,YDL100C,3.9454803313354603e-10
YKR054C,YHR073W,1.305753158931111e-07
YKR054C,YJR090C,1.552258876991175e-10
YKR054C,YOR208W,0.0012757009826600552
YKR054C,YBR040W,0.7548778057098389
YKR054C,YNL279W,2.9702541723963805e-06
YKR054C,YER075C,1.648057512682044e-08
YKR054C,YCR089W,3.448591087362729e-06
YKR054C,YCR002C,1.0964754437736701e-05
YKR054C,YJL108C,7.463603651558515e-06
YKR054C,YBR200W,8.329718615167e-14
YKR054C,YIL026C,5.265235358820064e-07
YKR054C,YJR076C,6.040612454683014e-12
YKR054C,YKR031C,7.1498527098867726e-09
YKR054C,YPL192C,2.54367187153548e-05
YKR054C,YHR107C,3.828052580327236e-14
YKR054C,YIL037C,0.03416498005390167
YKR054C,YPL156C,0.00010105677210958675
YKR054C,YIL117C,2.8735916757227642e-08
YKR054C,YHR066W,6.3960197138612784e-09
YKR054C,YML085C,3.5497249670918274e-12
YKR054C,YML047C,2.2083584738652462e-08
YKR054C,YDR312W,8.482532393827569e-06
YKR054C,YFL037W,1.3964057687942955e-09
YKR054C,YDL038C,0.2020167112350464
YKR054C,YDL039C,2.0051089955064327e-10
YKR054C,YCL027W,7.780437272231211e-08
YKR054C,YML124C,2.8262064910578033e-10
YKR054C,YGL053W,8.731578418519348e-05
YKR054C,YMR232W,5.778005743195536e-06
YKR054C,YNL298W,0.0018321205861866474
YKR054C,YGL099W,4.216232127873809e-07
YKR054C,YBL016W,1.534933403490868e-06
YKR054C,YAL041W,0.007793548982590437
YKR054C,YDR085C,0.03227480500936508
YKR054C,YPL187W,1.7317006717476602e-09
YKR054C,YPL256C,3.886100642669366e-12
YKR054C,YDR461W,0.014102397486567497
YKR054C,YNL145W,5.798094048677376e-17
YNL225C,YDL165W,7.091808947734535e-05
YNL225C,YGR059W,1.0277922228851821e-06
YNL225C,YBR109C,0.9931479096412659
YNL225C,YJL080C,3.783796387324401e-09
YNL225C,YCR093W,1.8987740304510226e-06
YNL225C,YIL122W,0.001636418281123042
YNL225C,YCL029C,6.70967370552944e-09
YNL225C,YNL173C,5.422472440841375e-06
YNL225C,YLR452C,0.9999688863754272
YNL225C,YDL160C,0.0023399977944791317
YNL225C,YLR229C,0.48643508553504944
YNL225C,YML057W,6.042392897143145e-07
YNL225C,YER149C,0.0023996136151254177
YNL225C,YMR305C,0.00014183809980750084
YNL225C,YLR433C,0.1896192878484726
YNL225C,YJL073W,1.661574606259819e-05
YNL225C,YGR279C,8.627179340692237e-05
YNL225C,YKL190W,0.00018057969282381237
YNL225C,YGL089C,0.9905912280082703
YNL225C,YJL019W,2.985645187436603e-05
YNL225C,YJL018W,0.017444094642996788
YNL225C,YNR032C-A,0.44714823365211487
YNL225C,YGL178W,8.104914286377607e-07
YNL225C,YKL116C,1.2012631600555324e-07
YNL225C,YDL214C,4.021536824438954e-06
YNL225C,YLR362W,6.245723852771334e-06
YNL225C,YER068W,0.0022098298650234938
YNL225C,YHR084W,0.9102054238319397
YNL225C,YDR392W,0.9621447324752808
YNL225C,YNL053W,0.2612924873828888
YNL225C,YGR040W,0.9829346537590027
YNL225C,YDL216C,0.05213335156440735
YNL225C,YOL117W,0.014402540400624275
YNL225C,YJR086W,0.006665984634310007
YNL225C,YMR025W,1.482606148783816e-05
YNL225C,YBR081C,0.08498091250658035
YNL225C,YFL026W,1.0213784662482794e-06
YNL225C,YHL007C,0.8307608962059021
YNL225C,YNR044W,0.2998766303062439
YNL225C,YNL271C,0.22774019837379456
YNL225C,YDR200C,5.374144507186429e-07
YNL225C,YKL178C,5.8021567383548245e-05
YNL225C,YOR212W,0.04320623353123665
YNL225C,YOL111C,0.00013812204997520894
YNL225C,YGL032C,0.07684853672981262
YNL225C,YHR005C,0.2721477448940277
YNL225C,YDR103W,0.003805659944191575
YNL225C,YJR084W,0.9650668501853943
YNL225C,YCL032W,1.9913155483664013e-05
YNL225C,YJL170C,0.0001026368627208285
YNL225C,YDR179C,1.8787726730806753e-05
YNL225C,YBR095C,0.005515657365322113
YNL225C,YLL021W,0.1641012728214264
YNL225C,YDL159W,8.201672585528286e-07
YNL225C,YNL161W,0.9876028895378113
YNL225C,YNL188W,3.744468912714183e-08
YNL225C,YJL157C,6.783394201193005e-05
YNL225C,YJL034W,1.8506072763102566e-07
YNL225C,YLR238W,0.25400957465171814
YNL225C,YPR141C,2.245587211291422e-06
YNL225C,YNL127W,0.011372420005500317
YNL225C,YCL055W,0.0008289206889458001
YNL225C,YPR122W,0.813772439956665
YNL225C,YMR065W,0.04782528802752495
YNL225C,YDR356W,9.217557089868933e-05
YNL225C,YMR052W,1.8482576706446707e-05
YNL225C,YFR008W,3.6897854442941025e-05
YNL225C,YLL043W,9.86825909876643e-08
YNL225C,YMR029C,0.0003958033921662718
YNL225C,YJR004C,2.770958375947208e-12
YNL225C,YDL223C,1.9244155158304466e-09
YNL225C,YHR158C,0.0005686393124051392
YNL225C,YGR238C,7.483754949078048e-09
YNL225C,YIL015W,3.5201759601477534e-05
YNL225C,YGL173C,5.245071224635467e-05
YNL225C,YDL225W,7.740545981960167e-08
YNL225C,YLR330W,7.057034423496589e-08
YNL225C,YBR129C,3.6359301702759694e-06
YNL225C,YKR095W-A,0.2020167112350464
YNL225C,YPR075C,9.274593321606517e-05
YNL225C,YMR198W,0.427190363407135
YNL225C,YOR127W,0.05458693206310272
YNL225C,YDR264C,0.0012062760069966316
YNL225C,YLR110C,0.019332634285092354
YNL225C,YDR379W,2.3933322154334746e-05
YNL225C,YDL100C,6.489306542789564e-05
YNL225C,YHR073W,0.017879709601402283
YNL225C,YJR090C,0.05222804471850395
YNL225C,YOR208W,1.1120717541279745e-10
YNL225C,YBR040W,0.7288276553153992
YNL225C,YNL279W,0.6606307029724121
YNL225C,YER075C,0.008651061914861202
YNL225C,YCR089W,2.4428054024028256e-10
YNL225C,YCR002C,0.9600852131843567
YNL225C,YJL108C,3.1632998997999096e-10
YNL225C,YBR200W,0.0003300768730696291
YNL225C,YIL026C,0.0035955565981566906
YNL225C,YJR076C,0.006982454098761082
YNL225C,YKR031C,0.51249760389328
YNL225C,YPL192C,0.08304527401924133
YNL225C,YHR107C,0.2442464381456375
YNL225C,YIL037C,0.0033724121749401093
YNL225C,YPL156C,0.7298511862754822
YNL225C,YIL117C,7.10590320522897e-05
YNL225C,YHR066W,6.177120116749994e-19
YNL225C,YML085C,0.0006245065596885979
YNL225C,YML047C,0.15787667036056519
YNL225C,YDR312W,0.000861035194247961
YNL225C,YFL037W,2.879633314023522e-07
YNL225C,YDL038C,0.2020167112350464
YNL225C,YDL039C,8.422463572931027e-13
YNL225C,YCL027W,0.9434547424316406
YNL225C,YML124C,1.676950667217625e-08
YNL225C,YGL053W,1.5999377822595306e-08
YNL225C,YMR232W,0.03124605119228363
YNL225C,YNL298W,5.036115453549428e-07
YNL225C,YGL099W,1.8960434999826248e-06
YNL225C,YBL016W,1.9868552332893974e-13
YNL225C,YAL041W,0.03207370266318321
YNL225C,YDR085C,0.00011647012433968484
YNL225C,YPL187W,0.012659639120101929
YNL225C,YPL256C,1.5753633749067408e-13
YNL225C,YDR461W,3.641760486061685e-05
YNL225C,YNL145W,1.0372343695053132e-06
YGR249W,YDL165W,4.4597318265005015e-06
YGR249W,YGR059W,0.0006144868675619364
YGR249W,YBR109C,2.7535754725249717e-06
YGR249W,YJL080C,2.521484354645054e-09
YGR249W,YCR093W,1.6031426639528945e-06
YGR249W,YIL122W,6.597461492674483e-07
YGR249W,YCL029C,3.599225522066263e-07
YGR249W,YNL173C,4.237350367475301e-05
YGR249W,YLR452C,0.00092743628192693
YGR249W,YDL160C,2.0456684524106095e-06
YGR249W,YLR229C,0.017413610592484474
YGR249W,YML057W,2.7214831083144375e-11
YGR249W,YER149C,0.004276031628251076
YGR249W,YMR305C,0.0007237414247356355
YGR249W,YLR433C,2.7077403430553204e-08
YGR249W,YJL073W,4.843378974328516e-06
YGR249W,YGR279C,1.9976874682470225e-05
YGR249W,YKL190W,9.865419997368008e-05
YGR249W,YGL089C,0.0030823994893580675
YGR249W,YJL019W,0.0032561912667006254
YGR249W,YJL018W,0.12308426201343536
YGR249W,YNR032C-A,1.0768161473606597e-08
YGR249W,YGL178W,0.06964263319969177
YGR249W,YKL116C,0.8544150590896606
YGR249W,YDL214C,1.2663134896229167e-07
YGR249W,YLR362W,2.286659195327445e-10
YGR249W,YER068W,1.900151289646601e-07
YGR249W,YHR084W,1.0057286559117529e-08
YGR249W,YDR392W,8.125890516019751e-10
YGR249W,YNL053W,2.7646058242680738e-06
YGR249W,YGR040W,1.6599353330093436e-05
YGR249W,YDL216C,4.362692379800137e-06
YGR249W,YOL117W,0.22353440523147583
YGR249W,YJR086W,0.0004460792988538742
YGR249W,YMR025W,0.999975323677063
YGR249W,YBR081C,2.2284659451088373e-07
YGR249W,YFL026W,0.025486629456281662
YGR249W,YHL007C,5.233714091446018e-06
YGR249W,YNR044W,0.00013880239566788077
YGR249W,YNL271C,1.672006533226522e-08
YGR249W,YDR200C,2.640200136738713e-06
YGR249W,YKL178C,0.3067336082458496
YGR249W,YOR212W,2.1875887767919266e-09
YGR249W,YOL111C,6.463312090393414e-12
YGR249W,YGL032C,1.904326018120628e-05
YGR249W,YHR005C,0.2800649106502533
YGR249W,YDR103W,3.3700146673254494e-07
YGR249W,YJR084W,0.0001208558605867438
YGR249W,YCL032W,8.972367848691931e-10
YGR249W,YJL170C,0.0042661335319280624
YGR249W,YDR179C,1.3757187844021246e-05
YGR249W,YBR095C,4.699601777247153e-05
YGR249W,YLL021W,3.4568905959986296e-08
YGR249W,YDL159W,1.737307968596724e-07
YGR249W,YNL161W,0.008383410051465034
YGR249W,YNL188W,5.568767669217323e-09
YGR249W,YJL157C,7.850283873267472e-05
YGR249W,YJL034W,1.0985287183487742e-14
YGR249W,YLR238W,0.009745708666741848
YGR249W,YPR141C,2.211990977230016e-05
YGR249W,YNL127W,8.040169632295147e-06
YGR249W,YCL055W,0.3106556236743927
YGR249W,YPR122W,0.0005380660877563059
YGR249W,YMR065W,0.17696577310562134
YGR249W,YDR356W,0.025028889998793602
YGR249W,YMR052W,0.005771886091679335
YGR249W,YFR008W,1.488315803932494e-09
YGR249W,YLL043W,0.5984752774238586
YGR249W,YMR029C,0.00023569898621644825
YGR249W,YJR004C,0.6600955128669739
YGR249W,YDL223C,0.0002121803117915988
YGR249W,YHR158C,4.435906248545507e-06
YGR249W,YGR238C,0.008909855037927628
YGR249W,YIL015W,0.01425162423402071
YGR249W,YGL173C,1.9138962414899652e-08
YGR249W,YDL225W,2.538544947583432e-07
YGR249W,YLR330W,1.8863040296412947e-10
YGR249W,YBR129C,4.0883546716941055e-06
YGR249W,YKR095W-A,0.2020167112350464
YGR249W,YPR075C,1.0191993915498188e-09
YGR249W,YMR198W,1.8602938078871034e-09
YGR249W,YOR127W,2.7462213059159524e-10
YGR249W,YDR264C,6.0407524870242923e-05
YGR249W,YLR110C,0.13570083677768707
YGR249W,YDR379W,3.054123226320371e-05
YGR249W,YDL100C,2.0770776210099484e-09
YGR249W,YHR073W,0.007401255425065756
YGR249W,YJR090C,1.2101722290935868e-07
YGR249W,YOR208W,3.699348383179313e-08
YGR249W,YBR040W,0.011556575074791908
YGR249W,YNL279W,0.004043078515678644
YGR249W,YER075C,5.744473230429037e-10
YGR249W,YCR089W,0.0010419104946777225
YGR249W,YCR002C,0.026686130091547966
YGR249W,YJL108C,0.00015688076382502913
YGR249W,YBR200W,3.3919079100996896e-07
YGR249W,YIL026C,0.0001454995945096016
YGR249W,YJR076C,0.97571861743927
YGR249W,YKR031C,2.465671286699944e-06
YGR249W,YPL192C,1.4744300358415785e-07
YGR249W,YHR107C,3.857260708173271e-06
YGR249W,YIL037C,6.898957508383319e-06
YGR249W,YPL156C,7.984898076074387e-09
YGR249W,YIL117C,1.2382662362142582e-06
YGR249W,YHR066W,3.6530528629190664e-14
YGR249W,YML085C,1.5881327044553473e-06
YGR249W,YML047C,0.09981631487607956
YGR249W,YDR312W,0.280809223651886
YGR249W,YFL037W,0.0007297091069631279
YGR249W,YDL038C,0.2020167112350464
YGR249W,YDL039C,3.120193990333031e-12
YGR249W,YCL027W,0.33387768268585205
YGR249W,YML124C,3.165754969813861e-05
YGR249W,YGL053W,0.0008895759820006788
YGR249W,YMR232W,0.20351542532444
YGR249W,YNL298W,2.0125210085097933e-06
YGR249W,YGL099W,2.4953183697107306e-07
YGR249W,YBL016W,0.056949682533741
YGR249W,YAL041W,2.4541501643382535e-13
YGR249W,YDR085C,5.2976673032389954e-05
YGR249W,YPL187W,2.575608846200339e-07
YGR249W,YPL256C,5.006974745924708e-08
YGR249W,YDR461W,7.436960075546395e-11
YGR249W,YNL145W,4.791146590577e-09
YLR251W,YDL165W,3.545702342844237e-10
YLR251W,YGR059W,5.6519247948472184e-08
YLR251W,YBR109C,0.0380210243165493
YLR251W,YJL080C,0.011261425912380219
YLR251W,YCR093W,0.010764461010694504
YLR251W,YIL122W,0.09753414243459702
YLR251W,YCL029C,2.7391237607081453e-13
YLR251W,YNL173C,0.026934003457427025
YLR251W,YLR452C,6.886651817694656e-07
YLR251W,YDL160C,0.006083412561565638
YLR251W,YLR229C,0.00037897194852121174
YLR251W,YML057W,9.249944018206724e-14
YLR251W,YER149C,0.9965059757232666
YLR251W,YMR305C,0.012243962846696377
YLR251W,YLR433C,4.0230556805909146e-06
YLR251W,YJL073W,1.2614642837249779e-11
YLR251W,YGR279C,0.026769066229462624
YLR251W,YKL190W,4.653353244066238e-06
YLR251W,YGL089C,0.7647319436073303
YLR251W,YJL019W,0.28026270866394043
YLR251W,YJL018W,0.019991721957921982
YLR251W,YNR032C-A,0.02236287295818329
YLR251W,YGL178W,0.009631828404963017
YLR251W,YKL116C,7.901301728452381e-07
YLR251W,YDL214C,0.9999985694885254
YLR251W,YLR362W,5.857443284185138e-06
YLR251W,YER068W,5.129029492789705e-11
YLR251W,YHR084W,1.8159471593549165e-15
YLR251W,YDR392W,0.007714057341217995
YLR251W,YNL053W,0.010374112986028194
YLR251W,YGR040W,0.17812922596931458
YLR251W,YDL216C,0.9074820280075073
YLR251W,YOL117W,0.6258051991462708
YLR251W,YJR086W,2.6766524552357396e-09
YLR251W,YMR025W,0.9375833868980408
YLR251W,YBR081C,0.9491845369338989
YLR251W,YFL026W,4.018535037175752e-06
YLR251W,YHL007C,6.64050897603019e-11
YLR251W,YNR044W,0.004303304944187403
YLR251W,YNL271C,1.5089971938664348e-08
YLR251W,YDR200C,0.00018675619503483176
YLR251W,YKL178C,0.35705217719078064
YLR251W,YOR212W,0.0022118082270026207
YLR251W,YOL111C,6.072205451346235e-06
YLR251W,YGL032C,1.9127746497815679e-07
YLR251W,YHR005C,0.4112316071987152
YLR251W,YDR103W,6.602040957659483e-05
YLR251W,YJR084W,3.292158362455666e-05
YLR251W,YCL032W,0.0003094719140790403
YLR251W,YJL170C,2.0485137497416872e-07
YLR251W,YDR179C,4.290047002086794e-07
YLR251W,YBR095C,1.5135829016799107e-05
YLR251W,YLL021W,1.2135116522760114e-10
YLR251W,YDL159W,2.1577850617404692e-09
YLR251W,YNL161W,0.0020527117885649204
YLR251W,YNL188W,1.4224930566797411e-08
YLR251W,YJL157C,9.808577283720865e-10
YLR251W,YJL034W,1.8339132025046306e-13
YLR251W,YLR238W,0.0017717655282467604
YLR251W,YPR141C,8.993127994472161e-05
YLR251W,YNL127W,0.0013072877191007137
YLR251W,YCL055W,0.0015199751360341907
YLR251W,YPR122W,5.518054967978969e-05
YLR251W,YMR065W,0.00603426294401288
YLR251W,YDR356W,2.0169788967905333e-06
YLR251W,YMR052W,4.294338662447217e-09
YLR251W,YFR008W,2.187284735555295e-06
YLR251W,YLL043W,0.0041130706667900085
YLR251W,YMR029C,0.05540936440229416
YLR251W,YJR004C,0.007078663446009159
YLR251W,YDL223C,1.9213503676951404e-08
YLR251W,YHR158C,5.934384361694356e-08
YLR251W,YGR238C,1.0625853086310144e-08
YLR251W,YIL015W,0.0007819526945240796
YLR251W,YGL173C,9.133970161201432e-05
YLR251W,YDL225W,2.0821561363959518e-08
YLR251W,YLR330W,0.0007813166012056172
YLR251W,YBR129C,0.0039225067012012005
YLR251W,YKR095W-A,0.2020167112350464
YLR251W,YPR075C,0.030129076912999153
YLR251W,YMR198W,0.23982790112495422
YLR251W,YOR127W,5.663931915478315e-06
YLR251W,YDR264C,0.0031454740092158318
YLR251W,YLR110C,0.016929350793361664
YLR251W,YDR379W,1.8323818949284032e-05
YLR251W,YDL100C,0.00047601107507944107
YLR251W,YHR073W,0.0322132483124733
YLR251W,YJR090C,5.452159166452475e-05
YLR251W,YOR208W,4.77901085105259e-06
YLR251W,YBR040W,0.9116337895393372
YLR251W,YNL279W,1.9006110960617661e-06
YLR251W,YER075C,0.04722851887345314
YLR251W,YCR089W,0.04901062324643135
YLR251W,YCR002C,0.9920557141304016
YLR251W,YJL108C,0.004770572297275066
YLR251W,YBR200W,1.5110759932213114e-06
YLR251W,YIL026C,0.0002443443809170276
YLR251W,YJR076C,1.6087133190012537e-05
YLR251W,YKR031C,0.0005913948989473283
YLR251W,YPL192C,4.9023709536299975e-09
YLR251W,YHR107C,2.346517476325971e-06
YLR251W,YIL037C,0.04994303360581398
YLR251W,YPL156C,0.019429996609687805
YLR251W,YIL117C,0.001494371215812862
YLR251W,YHR066W,3.748753455521911e-21
YLR251W,YML085C,0.0006655877805314958
YLR251W,YML047C,0.6631442904472351
YLR251W,YDR312W,1.5755688309582183e-08
YLR251W,YFL037W,4.368365580376121e-07
YLR251W,YDL038C,0.2020167112350464
YLR251W,YDL039C,2.0913590303983653e-11
YLR251W,YCL027W,0.027102533727884293
YLR251W,YML124C,3.356902379891835e-05
YLR251W,YGL053W,1.3028284229221754e-08
YLR251W,YMR232W,0.06258564442396164
YLR251W,YNL298W,0.06154031679034233
YLR251W,YGL099W,2.8239670826852507e-16
YLR251W,YBL016W,0.5637942552566528
YLR251W,YAL041W,0.0497567281126976
YLR251W,YDR085C,0.0003583660873118788
YLR251W,YPL187W,0.5652848482131958
YLR251W,YPL256C,5.744015652453527e-05
YLR251W,YDR461W,2.189747732098124e-12
YLR251W,YNL145W,1.088928820536239e-05
YCR092C,YDL165W,0.00012472269008867443
YCR092C,YGR059W,2.9730755635171136e-09
YCR092C,YBR109C,0.00610552029684186
YCR092C,YJL080C,7.103137988906383e-08
YCR092C,YCR093W,2.5716718710100395e-07
YCR092C,YIL122W,1.32939339891891e-06
YCR092C,YCL029C,1.9485488778059334e-09
YCR092C,YNL173C,1.0725713719961227e-11
YCR092C,YLR452C,0.0007353810942731798
YCR092C,YDL160C,0.9927822351455688
YCR092C,YLR229C,0.02996794506907463
YCR092C,YML057W,1.715830803134994e-16
YCR092C,YER149C,1.4393427591130603e-05
YCR092C,YMR305C,3.657966590253636e-05
YCR092C,YLR433C,0.0006945457425899804
YCR092C,YJL073W,1.1963813273396795e-09
YCR092C,YGR279C,1.4051155794447823e-09
YCR092C,YKL190W,9.506082278676331e-05
YCR092C,YGL089C,0.9871298670768738
YCR092C,YJL019W,0.0001981230016099289
YCR092C,YJL018W,0.0016196504002436996
YCR092C,YNR032C-A,0.999452531337738
YCR092C,YGL178W,8.226796666122027e-08
YCR092C,YKL116C,3.311392132721025e-11
YCR092C,YDL214C,5.635876277665375e-06
YCR092C,YLR362W,2.618281893379537e-12
YCR092C,YER068W,2.285490685594027e-10
YCR092C,YHR084W,0.00021406075393315405
YCR092C,YDR392W,1.078762301709446e-09
YCR092C,YNL053W,5.128453722136328e-06
YCR092C,YGR040W,0.0011966582387685776
YCR092C,YDL216C,3.958114724866846e-09
YCR092C,YOL117W,1.2014102820229189e-12
YCR092C,YJR086W,5.755335905632819e-07
YCR092C,YMR025W,4.831006663152948e-06
YCR092C,YBR081C,1.3585045053332578e-06
YCR092C,YFL026W,0.5723707675933838
YCR092C,YHL007C,8.564463200855243e-07
YCR092C,YNR044W,0.04700906574726105
YCR092C,YNL271C,5.840675165735831e-12
YCR092C,YDR200C,2.8178352012853125e-11
YCR092C,YKL178C,1.8336352525238908e-07
YCR092C,YOR212W,0.020311448723077774
YCR092C,YOL111C,2.8581099709157343e-09
YCR092C,YGL032C,1.417043815621355e-09
YCR092C,YHR005C,0.0015370460459962487
YCR092C,YDR103W,5.387475994211854e-07
YCR092C,YJR084W,3.1843019314692356e-06
YCR092C,YCL032W,2.3349580949294513e-11
YCR092C,YJL170C,4.9245798436459154e-05
YCR092C,YDR179C,1.1737139402612229e-06
YCR092C,YBR095C,1.886470357703729e-07
YCR092C,YLL021W,0.0009198897751048207
YCR092C,YDL159W,1.1611444227996315e-12
YCR092C,YNL161W,1.461009002667879e-08
YCR092C,YNL188W,2.113315758833778e-06
YCR092C,YJL157C,0.00013130508887115866
YCR092C,YJL034W,1.832998567857856e-15
YCR092C,YLR238W,2.7070670967077604e-06
YCR092C,YPR141C,8.357476872333791e-06
YCR092C,YNL127W,4.581306514706007e-11
YCR092C,YCL055W,1.8651727273777396e-08
YCR092C,YPR122W,0.00959427934139967
YCR092C,YMR065W,7.369422291958472e-06
YCR092C,YDR356W,6.358000348427595e-08
YCR092C,YMR052W,0.009976700879633427
YCR092C,YFR008W,9.26376060306211e-08
YCR092C,YLL043W,3.790009728277255e-08
YCR092C,YMR029C,1.0091176783078026e-09
YCR092C,YJR004C,3.418533367494092e-08
YCR092C,YDL223C,2.841395513493947e-17
YCR092C,YHR158C,2.4414639483438805e-05
YCR092C,YGR238C,4.4035544988219044e-08
YCR092C,YIL015W,0.00015708207502029836
YCR092C,YGL173C,3.719695218507013e-09
YCR092C,YDL225W,7.724917736595671e-07
YCR092C,YLR330W,3.497792633311292e-08
YCR092C,YBR129C,0.0011111631756648421
YCR092C,YKR095W-A,0.2020167112350464
YCR092C,YPR075C,0.01516476646065712
YCR092C,YMR198W,0.009118112735450268
YCR092C,YOR127W,3.4748096869492706e-13
YCR092C,YDR264C,1.2004470590909477e-06
YCR092C,YLR110C,0.6651384830474854
YCR092C,YDR379W,2.009534899594101e-10
YCR092C,YDL100C,7.025082293665719e-09
YCR092C,YHR073W,5.369044320246985e-09
YCR092C,YJR090C,5.437295613752724e-10
YCR092C,YOR208W,3.0140998585892476e-09
YCR092C,YBR040W,2.76144896815822e-06
YCR092C,YNL279W,7.478914994862862e-06
YCR092C,YER075C,1.496968593528436e-08
YCR092C,YCR089W,3.653817373105994e-07
YCR092C,YCR002C,0.8894861936569214
YCR092C,YJL108C,4.396381336846389e-05
YCR092C,YBR200W,2.7613997893860542e-11
YCR092C,YIL026C,6.172925992586897e-08
YCR092C,YJR076C,6.602374647002307e-09
YCR092C,YKR031C,1.0658384780981578e-05
YCR092C,YPL192C,1.7768571751730633e-06
YCR092C,YHR107C,7.163055215642089e-08
YCR092C,YIL037C,1.453467461942637e-07
YCR092C,YPL156C,1.2233641655257088e-08
YCR092C,YIL117C,2.015996924953356e-09
YCR092C,YHR066W,1.1316754045637926e-15
YCR092C,YML085C,0.004226884339004755
YCR092C,YML047C,1.936782325628883e-07
YCR092C,YDR312W,0.10375859588384628
YCR092C,YFL037W,1.0225851383438567e-06
YCR092C,YDL038C,0.2020167112350464
YCR092C,YDL039C,5.6375835555400045e-08
YCR092C,YCL027W,6.95222510671556e-08
YCR092C,YML124C,1.006433831207687e-05
YCR092C,YGL053W,3.9633878401446054e-09
YCR092C,YMR232W,7.698263554400953e-11
YCR092C,YNL298W,1.5574687495245598e-07
YCR092C,YGL099W,1.303013391629193e-10
YCR092C,YBL016W,1.1051229376057847e-11
YCR092C,YAL041W,2.8988408303121105e-05
YCR092C,YDR085C,1.0169680852642471e-13
YCR092C,YPL187W,6.51731897960417e-05
YCR092C,YPL256C,1.5512119366789534e-09
YCR092C,YDR461W,0.022987836971879005
YCR092C,YNL145W,3.183617445756681e-05
YKL149C,YDL165W,8.955576049629599e-07
YKL149C,YGR059W,2.2534869970058935e-08
YKL149C,YBR109C,0.10109744220972061
YKL149C,YJL080C,0.00011814913887064904
YKL149C,YCR093W,0.00023336180311162025
YKL149C,YIL122W,1.7342367542028114e-08
YKL149C,YCL029C,1.0976689375556637e-16
YKL149C,YNL173C,7.000029353908255e-13
YKL149C,YLR452C,7.382949503489944e-13
YKL149C,YDL160C,1.208862521195897e-08
YKL149C,YLR229C,0.011498541571199894
YKL149C,YML057W,0.0006164510850794613
YKL149C,YER149C,5.346070111045265e-07
YKL149C,YMR305C,0.011375761590898037
YKL149C,YLR433C,0.00020368413242977113
YKL149C,YJL073W,9.761730312973782e-10
YKL149C,YGR279C,0.0633210614323616
YKL149C,YKL190W,3.4377304558574906e-08
YKL149C,YGL089C,0.12242863327264786
YKL149C,YJL019W,0.0001229977497132495
YKL149C,YJL018W,0.18415527045726776
YKL149C,YNR032C-A,1.5283879974958836e-06
YKL149C,YGL178W,0.0709376186132431
YKL149C,YKL116C,9.816399915152374e-10
YKL149C,YDL214C,0.0010661808773875237
YKL149C,YLR362W,5.502054634121123e-08
YKL149C,YER068W,8.443654223810881e-06
YKL149C,YHR084W,0.001756887650117278
YKL149C,YDR392W,7.64433849553825e-09
YKL149C,YNL053W,0.007670747581869364
YKL149C,YGR040W,0.0001720026630209759
YKL149C,YDL216C,1.9553930542315356e-05
YKL149C,YOL117W,0.14163847267627716
YKL149C,YJR086W,8.02733435278924e-09
YKL149C,YMR025W,8.912031262298115e-06
YKL149C,YBR081C,0.0015959205338731408
YKL149C,YFL026W,3.093106715823524e-05
YKL149C,YHL007C,1.6614687056715205e-11
YKL149C,YNR044W,1.5631157168627396e-07
YKL149C,YNL271C,3.257173419868309e-09
YKL149C,YDR200C,3.2237038039006904e-10
YKL149C,YKL178C,3.0670132673549233e-06
YKL149C,YOR212W,3.912402462447062e-06
YKL149C,YOL111C,1.692529139063481e-08
YKL149C,YGL032C,0.0017204185714945197
YKL149C,YHR005C,8.672597084924405e-10
YKL149C,YDR103W,1.5120041041427612e-07
YKL149C,YJR084W,1.5467920277956182e-09
YKL149C,YCL032W,0.00040437449933961034
YKL149C,YJL170C,6.012450626258214e-08
YKL149C,YDR179C,2.8283430285325206e-13
YKL149C,YBR095C,2.8160102374386042e-05
YKL149C,YLL021W,1.5322414357817928e-14
YKL149C,YDL159W,5.2745293942280114e-05
YKL149C,YNL161W,2.4754138738813936e-09
YKL149C,YNL188W,6.2031017258532e-13
YKL149C,YJL157C,3.2081995868793456e-06
YKL149C,YJL034W,1.0043850931954292e-15
YKL149C,YLR238W,3.0395751764444867e-06
YKL149C,YPR141C,8.511454735460333e-11
YKL149C,YNL127W,2.9819031624356285e-05
YKL149C,YCL055W,1.5442945533461483e-10
YKL149C,YPR122W,7.530405855504796e-05
YKL149C,YMR065W,6.162450154079124e-05
YKL149C,YDR356W,1.8509147547973726e-09
YKL149C,YMR052W,0.0010571167804300785
YKL149C,YFR008W,3.9052303058007e-10
YKL149C,YLL043W,7.235936161234871e-14
YKL149C,YMR029C,0.03501679003238678
YKL149C,YJR004C,2.58364274419165e-10
YKL149C,YDL223C,2.6823622434335448e-08
YKL149C,YHR158C,4.108613189252042e-12
YKL149C,YGR238C,1.6688125881181293e-10
YKL149C,YIL015W,0.012664036825299263
YKL149C,YGL173C,5.777206411039515e-07
YKL149C,YDL225W,5.7744056064512606e-11
YKL149C,YLR330W,1.2220830569731334e-07
YKL149C,YBR129C,1.798733478608483e-06
YKL149C,YKR095W-A,0.2020167112350464
YKL149C,YPR075C,4.174357309238985e-05
YKL149C,YMR198W,5.288757733978855e-07
YKL149C,YOR127W,2.7759801402016393e-11
YKL149C,YDR264C,8.501971571206468e-09
YKL149C,YLR110C,1.860188422142528e-05
YKL149C,YDR379W,6.91382956574671e-06
YKL149C,YDL100C,3.9824232800356185e-09
YKL149C,YHR073W,0.03443480283021927
YKL149C,YJR090C,0.2653132379055023
YKL149C,YOR208W,1.6202273897536479e-12
YKL149C,YBR040W,0.006008264143019915
YKL149C,YNL279W,0.013834199868142605
YKL149C,YER075C,0.05530615150928497
YKL149C,YCR089W,7.843198313040034e-11
YKL149C,YCR002C,3.7658958262909437e-07
YKL149C,YJL108C,0.04490372911095619
YKL149C,YBR200W,5.423087109587832e-13
YKL149C,YIL026C,0.0006053514662198722
YKL149C,YJR076C,1.2270562365301885e-05
YKL149C,YKR031C,6.7369596763455775e-06
YKL149C,YPL192C,2.740845275184256e-06
YKL149C,YHR107C,0.0007398179150186479
YKL149C,YIL037C,4.4798330378625906e-08
YKL149C,YPL156C,2.472006599418819e-07
YKL149C,YIL117C,0.00019407192303333431
YKL149C,YHR066W,7.978293069754727e-06
YKL149C,YML085C,2.4850821400690393e-10
YKL149C,YML047C,6.660085091425572e-06
YKL149C,YDR312W,6.298110406532942e-07
YKL149C,YFL037W,6.299275771143309e-12
YKL149C,YDL038C,0.2020167112350464
YKL149C,YDL039C,9.604834152439083e-18
YKL149C,YCL027W,0.00010793514957185835
YKL149C,YML124C,8.754232339036605e-10
YKL149C,YGL053W,1.4201653357304167e-05
YKL149C,YMR232W,0.0004398087621666491
YKL149C,YNL298W,5.427196470009221e-09
YKL149C,YGL099W,3.433926198948001e-10
YKL149C,YBL016W,6.592266572624794e-07
YKL149C,YAL041W,2.8436367927042738e-08
YKL149C,YDR085C,0.08779814094305038
YKL149C,YPL187W,1.4380023003468523e-06
YKL149C,YPL256C,5.347574116854048e-08
YKL149C,YDR461W,0.0007826169021427631
YKL149C,YNL145W,2.3460996600305206e-12
YGR034W,YDL165W,0.00052246282575652
YGR034W,YGR059W,0.023800725117325783
YGR034W,YBR109C,0.003890832420438528
YGR034W,YJL080C,3.3930362519640767e-08
YGR034W,YCR093W,0.0011251785326749086
YGR034W,YIL122W,3.5456127079669386e-05
YGR034W,YCL029C,1.6918293155310238e-11
YGR034W,YNL173C,3.1623235940969607e-07
YGR034W,YLR452C,5.346533545752541e-12
YGR034W,YDL160C,0.0002581995795480907
YGR034W,YLR229C,2.088874939245645e-15
YGR034W,YML057W,5.634387726263741e-17
YGR034W,YER149C,7.571203337288074e-17
YGR034W,YMR305C,3.821778330015982e-18
YGR034W,YLR433C,2.307864299666562e-08
YGR034W,YJL073W,1.2837380047869829e-09
YGR034W,YGR279C,1.5012051660361764e-13
YGR034W,YKL190W,2.804545865682484e-24
YGR034W,YGL089C,0.00016831635730341077
YGR034W,YJL019W,6.667131913218327e-08
YGR034W,YJL018W,0.00014050945173949003
YGR034W,YNR032C-A,4.822256596526131e-05
YGR034W,YGL178W,5.333240828554758e-35
YGR034W,YKL116C,1.2156445988731335e-11
YGR034W,YDL214C,0.000690014217980206
YGR034W,YLR362W,1.9608549506333617e-10
YGR034W,YER068W,0.013087372295558453
YGR034W,YHR084W,7.767892232224405e-12
YGR034W,YDR392W,2.3755085010179755e-07
YGR034W,YNL053W,8.944510374877222e-15
YGR034W,YGR040W,1.918769136632914e-11
YGR034W,YDL216C,2.0914785636705346e-07
YGR034W,YOL117W,3.0897695978637785e-05
YGR034W,YJR086W,1.103565955418162e-05
YGR034W,YMR025W,1.1135135036255406e-09
YGR034W,YBR081C,2.804871428452316e-07
YGR034W,YFL026W,1.3161041700904264e-10
YGR034W,YHL007C,2.1108484404841477e-10
YGR034W,YNR044W,0.006395437754690647
YGR034W,YNL271C,1.3775074283762516e-20
YGR034W,YDR200C,2.5154438390018186e-06
YGR034W,YKL178C,0.00013884979125577956
YGR034W,YOR212W,1.3169176137767507e-14
YGR034W,YOL111C,1.2413048142841077e-16
YGR034W,YGL032C,2.2755711981403692e-08
YGR034W,YHR005C,4.513291423791088e-05
YGR034W,YDR103W,1.7581405131750216e-07
YGR034W,YJR084W,4.021241950535881e-10
YGR034W,YCL032W,8.384092573844593e-13
YGR034W,YJL170C,4.9065825180605316e-08
YGR034W,YDR179C,1.5646479042055448e-18
YGR034W,YBR095C,8.820047696644906e-06
YGR034W,YLL021W,4.2611045247831214e-10
YGR034W,YDL159W,3.2398767696451e-11
YGR034W,YNL161W,1.9056838052033953e-10
YGR034W,YNL188W,1.6743090247572923e-10
YGR034W,YJL157C,1.0423962176287285e-13
YGR034W,YJL034W,3.2745704788255113e-17
YGR034W,YLR238W,2.6450379664311185e-05
YGR034W,YPR141C,2.7633987762995527e-13
YGR034W,YNL127W,0.02009194903075695
YGR034W,YCL055W,1.2410030482087366e-14
YGR034W,YPR122W,1.0434560854255537e-10
YGR034W,YMR065W,0.0005923011340200901
YGR034W,YDR356W,0.1488705277442932
YGR034W,YMR052W,8.923508642936305e-17
YGR034W,YFR008W,1.4915833162376657e-05
YGR034W,YLL043W,2.6033529110236486e-08
YGR034W,YMR029C,0.04853692650794983
YGR034W,YJR004C,0.00017666745407041162
YGR034W,YDL223C,1.8518681327310138e-24
YGR034W,YHR158C,9.327838057515692e-08
YGR034W,YGR238C,4.8084182715636135e-18
YGR034W,YIL015W,3.386485332157463e-06
YGR034W,YGL173C,8.248898516518478e-17
YGR034W,YDL225W,2.9384379374164382e-09
YGR034W,YLR330W,2.672401744341357e-10
YGR034W,YBR129C,8.97599286564521e-11
YGR034W,YKR095W-A,0.2020167112350464
YGR034W,YPR075C,1.7701696872370314e-15
YGR034W,YMR198W,1.8590771144744167e-09
YGR034W,YOR127W,8.836999871014023e-15
YGR034W,YDR264C,1.445242675535141e-10
YGR034W,YLR110C,2.8440281379937815e-11
YGR034W,YDR379W,6.636119360337034e-05
YGR034W,YDL100C,3.923099258645868e-12
YGR034W,YHR073W,3.1165647840225574e-09
YGR034W,YJR090C,1.555878204051453e-10
YGR034W,YOR208W,3.193934162482037e-06
YGR034W,YBR040W,0.0005960912676528096
YGR034W,YNL279W,3.179776233985798e-11
YGR034W,YER075C,3.734930587029339e-09
YGR034W,YCR089W,7.149479870349751e-07
YGR034W,YCR002C,4.118786591789103e-07
YGR034W,YJL108C,3.8665393803372083e-11
YGR034W,YBR200W,9.331859729400094e-08
YGR034W,YIL026C,2.549279398689208e-10
YGR034W,YJR076C,3.596130682126386e-07
YGR034W,YKR031C,0.0001488565030740574
YGR034W,YPL192C,7.446682502632029e-06
YGR034W,YHR107C,4.6166369338518365e-12
YGR034W,YIL037C,0.08458981662988663
YGR034W,YPL156C,2.291164619139252e-10
YGR034W,YIL117C,2.5088863820667273e-13
YGR034W,YHR066W,3.402210072170609e-17
YGR034W,YML085C,5.090112975573538e-38
YGR034W,YML047C,1.0
YGR034W,YDR312W,1.32991350137307e-12
YGR034W,YFL037W,1.9967858475630068e-13
YGR034W,YDL038C,0.2020167112350464
YGR034W,YDL039C,7.087863960033094e-14
YGR034W,YCL027W,6.330167057200242e-09
YGR034W,YML124C,4.2621961532596127e-35
YGR034W,YGL053W,0.000979925156570971
YGR034W,YMR232W,0.9804685115814209
YGR034W,YNL298W,3.8213423181332473e-07
YGR034W,YGL099W,4.0529091884743375e-19
YGR034W,YBL016W,1.141627209433338e-10
YGR034W,YAL041W,1.838204255477649e-08
YGR034W,YDR085C,3.683359039996503e-08
YGR034W,YPL187W,2.8990807976470023e-08
YGR034W,YPL256C,3.3245104846723923e-19
YGR034W,YDR461W,3.3065106208596262e-09
YGR034W,YNL145W,3.2866882826443344e-11
SUC1,YDL165W,0.2020167112350464
SUC1,YGR059W,0.2020167112350464
SUC1,YBR109C,0.2020167112350464
SUC1,YJL080C,0.2020167112350464
SUC1,YCR093W,0.2020167112350464
SUC1,YIL122W,0.2020167112350464
SUC1,YCL029C,0.2020167112350464
SUC1,YNL173C,0.2020167112350464
SUC1,YLR452C,0.2020167112350464
SUC1,YDL160C,0.2020167112350464
SUC1,YLR229C,0.2020167112350464
SUC1,YML057W,0.2020167112350464
SUC1,YER149C,0.2020167112350464
SUC1,YMR305C,0.2020167112350464
SUC1,YLR433C,0.2020167112350464
SUC1,YJL073W,0.2020167112350464
SUC1,YGR279C,0.2020167112350464
SUC1,YKL190W,0.2020167112350464
SUC1,YGL089C,0.2020167112350464
SUC1,YJL019W,0.2020167112350464
SUC1,YJL018W,0.2020167112350464
SUC1,YNR032C-A,0.2020167112350464
SUC1,YGL178W,0.2020167112350464
SUC1,YKL116C,0.2020167112350464
SUC1,YDL214C,0.2020167112350464
SUC1,YLR362W,0.2020167112350464
SUC1,YER068W,0.2020167112350464
SUC1,YHR084W,0.2020167112350464
SUC1,YDR392W,0.2020167112350464
SUC1,YNL053W,0.2020167112350464
SUC1,YGR040W,0.2020167112350464
SUC1,YDL216C,0.2020167112350464
SUC1,YOL117W,0.2020167112350464
SUC1,YJR086W,0.2020167112350464
SUC1,YMR025W,0.2020167112350464
SUC1,YBR081C,0.2020167112350464
SUC1,YFL026W,0.2020167112350464
SUC1,YHL007C,0.2020167112350464
SUC1,YNR044W,0.2020167112350464
SUC1,YNL271C,0.2020167112350464
SUC1,YDR200C,0.2020167112350464
SUC1,YKL178C,0.2020167112350464
SUC1,YOR212W,0.2020167112350464
SUC1,YOL111C,0.2020167112350464
SUC1,YGL032C,0.2020167112350464
SUC1,YHR005C,0.2020167112350464
SUC1,YDR103W,0.2020167112350464
SUC1,YJR084W,0.2020167112350464
SUC1,YCL032W,0.2020167112350464
SUC1,YJL170C,0.2020167112350464
SUC1,YDR179C,0.2020167112350464
SUC1,YBR095C,0.2020167112350464
SUC1,YLL021W,0.2020167112350464
SUC1,YDL159W,0.2020167112350464
SUC1,YNL161W,0.2020167112350464
SUC1,YNL188W,0.2020167112350464
SUC1,YJL157C,0.2020167112350464
SUC1,YJL034W,0.2020167112350464
SUC1,YLR238W,0.2020167112350464
SUC1,YPR141C,0.2020167112350464
SUC1,YNL127W,0.2020167112350464
SUC1,YCL055W,0.2020167112350464
SUC1,YPR122W,0.2020167112350464
SUC1,YMR065W,0.2020167112350464
SUC1,YDR356W,0.2020167112350464
SUC1,YMR052W,0.2020167112350464
SUC1,YFR008W,0.2020167112350464
SUC1,YLL043W,0.2020167112350464
SUC1,YMR029C,0.2020167112350464
SUC1,YJR004C,0.2020167112350464
SUC1,YDL223C,0.2020167112350464
SUC1,YHR158C,0.2020167112350464
SUC1,YGR238C,0.2020167112350464
SUC1,YIL015W,0.2020167112350464
SUC1,YGL173C,0.2020167112350464
SUC1,YDL225W,0.2020167112350464
SUC1,YLR330W,0.2020167112350464
SUC1,YBR129C,0.2020167112350464
SUC1,YKR095W-A,0.2020167112350464
SUC1,YPR075C,0.2020167112350464
SUC1,YMR198W,0.2020167112350464
SUC1,YOR127W,0.2020167112350464
SUC1,YDR264C,0.2020167112350464
SUC1,YLR110C,0.2020167112350464
SUC1,YDR379W,0.2020167112350464
SUC1,YDL100C,0.2020167112350464
SUC1,YHR073W,0.2020167112350464
SUC1,YJR090C,0.2020167112350464
SUC1,YOR208W,0.2020167112350464
SUC1,YBR040W,0.2020167112350464
SUC1,YNL279W,0.2020167112350464
SUC1,YER075C,0.2020167112350464
SUC1,YCR089W,0.2020167112350464
SUC1,YCR002C,0.2020167112350464
SUC1,YJL108C,0.2020167112350464
SUC1,YBR200W,0.2020167112350464
SUC1,YIL026C,0.2020167112350464
SUC1,YJR076C,0.2020167112350464
SUC1,YKR031C,0.2020167112350464
SUC1,YPL192C,0.2020167112350464
SUC1,YHR107C,0.2020167112350464
SUC1,YIL037C,0.2020167112350464
SUC1,YPL156C,0.2020167112350464
SUC1,YIL117C,0.2020167112350464
SUC1,YHR066W,0.2020167112350464
SUC1,YML085C,0.2020167112350464
SUC1,YML047C,0.2020167112350464
SUC1,YDR312W,0.2020167112350464
SUC1,YFL037W,0.2020167112350464
SUC1,YDL038C,0.2020167112350464
SUC1,YDL039C,0.2020167112350464
SUC1,YCL027W,0.2020167112350464
SUC1,YML124C,0.2020167112350464
SUC1,YGL053W,0.2020167112350464
SUC1,YMR232W,0.2020167112350464
SUC1,YNL298W,0.2020167112350464
SUC1,YGL099W,0.2020167112350464
SUC1,YBL016W,0.2020167112350464
SUC1,YAL041W,0.2020167112350464
SUC1,YDR085C,0.2020167112350464
SUC1,YPL187W,0.2020167112350464
SUC1,YPL256C,0.2020167112350464
SUC1,YDR461W,0.2020167112350464
SUC1,YNL145W,0.2020167112350464
