Gene A,Gene B,Label,Score,Precision,Recall,False Positive Rate
YKL185W,YLR083C,1,64.75937,1.0,0.0009980039903894067,0.0
YHR143W,YOR032C,1,56.817406,1.0,0.0019960079807788134,0.0
YDR432W,YLR313C,1,55.543015,1.0,0.002994012087583542,0.0
YOR315W,YLR362W,1,51.824913,1.0,0.003992015961557627,0.0
YPL021W,YNL142W,1,50.52928,1.0,0.004990019835531712,0.0
YDR326C,YEL001C,0,49.095383,0.8333333134651184,0.004990019835531712,0.00010002000635722652
YER149C,YHR143W,1,47.54764,0.8571428656578064,0.005988024175167084,0.00010002000635722652
YDR432W,YKL043W,1,46.348907,0.875,0.006986028049141169,0.00010002000635722652
YNL001W,YDR043C,1,45.81675,0.8888888955116272,0.007984031923115253,0.00010002000635722652
YNL001W,YNL142W,1,45.80626,0.8999999761581421,0.008982036262750626,0.00010002000635722652
YHL007C,YNL142W,1,45.601006,0.9090909361839294,0.009980039671063423,0.00010002000635722652
YPL021W,YDR099W,1,45.157726,0.9166666865348816,0.010978044010698795,0.00010002000635722652
YDR432W,YMR316W,1,44.825912,0.9230769276618958,0.011976048350334167,0.00010002000635722652
YHR196W,YFR030W,0,43.639122,0.8571428656578064,0.011976048350334167,0.00020004001271445304
YLR362W,YHR143W,1,43.5206,0.8666666746139526,0.012974051758646965,0.00020004001271445304
YLR083C,YCR038C,1,43.180576,0.875,0.013972056098282337,0.00020004001271445304
YNL119W,YHR143W,1,43.01394,0.8823529481887817,0.014970059506595135,0.00020004001271445304
YHL007C,YER020W,1,42.99981,0.8888888955116272,0.015968063846230507,0.00020004001271445304
YMR316W,YPL255W,0,42.930557,0.8421052694320679,0.015968063846230507,0.0003000600263476372
YNL119W,YNL142W,1,42.597897,0.8500000238418579,0.016966067254543304,0.0003000600263476372
YDR043C,YLR313C,1,41.484726,0.8571428656578064,0.01796407252550125,0.0003000600263476372
YNL119W,YNL098C,1,41.37658,0.8636363744735718,0.01896207593381405,0.0003000600263476372
YER113C,YHR143W,1,41.31645,0.8695651888847351,0.019960079342126846,0.0003000600263476372
YDR432W,YNL119W,1,40.924774,0.875,0.020958084613084793,0.0003000600263476372
YLR362W,YER118C,1,39.82772,0.8799999952316284,0.02195608802139759,0.0003000600263476372
YHL007C,YDR043C,1,39.821594,0.8846153616905212,0.022954091429710388,0.0003000600263476372
YHR203C,YOL002C,0,39.594013,0.8518518805503845,0.022954091429710388,0.0004000800254289061
YKL185W,YMR316W,1,39.46779,0.8571428656578064,0.023952096700668335,0.0004000800254289061
YIR019C,YHL007C,1,39.31083,0.8620689511299133,0.024950100108981133,0.0004000800254289061
YMR261C,YDL060W,0,39.238968,0.8333333134651184,0.024950100108981133,0.000500100024510175
YNL119W,YER020W,1,39.214058,0.8387096524238586,0.02594810351729393,0.000500100024510175
YDR432W,YHR111W,1,38.60528,0.84375,0.026946106925606728,0.000500100024510175
YDL115C,YFR031C-A,0,38.53676,0.8181818127632141,0.026946106925606728,0.0006001200526952744
YDR025W,YIL107C,0,37.546135,0.7941176295280457,0.026946106925606728,0.0007001400226727128
YIL131C,YDR432W,1,37.512314,0.800000011920929,0.027944112196564674,0.0007001400226727128
YDR251W,YLR083C,1,37.5094,0.8055555820465088,0.028942115604877472,0.0007001400226727128
YOR315W,YNL142W,1,37.487488,0.8108108043670654,0.02994011901319027,0.0007001400226727128
YDR043C,YER118C,1,37.244186,0.8157894611358643,0.030938124284148216,0.0007001400226727128
YLR276C,YIR019C,0,37.185287,0.7948718070983887,0.030938124284148216,0.0008001600508578122
YLR313C,YMR316W,1,37.110275,0.800000011920929,0.031936127692461014,0.0008001600508578122
YHR111W,YHR143W,1,36.70014,0.8048780560493469,0.03293413296341896,0.0008001600508578122
YOR127W,YMR316W,1,36.267303,0.8095238208770752,0.03393213450908661,0.0008001600508578122
YMR316W,YMR131C,0,36.2233,0.7906976938247681,0.03393213450908661,0.0009001800208352506
YIL131C,YLR362W,1,35.70054,0.7954545617103577,0.034930139780044556,0.0009001800208352506
YOR030W,YDR432W,1,35.53182,0.800000011920929,0.0359281450510025,0.0009001800208352506
YCR031C,YKL213C,0,35.23343,0.782608687877655,0.0359281450510025,0.00100020004902035
YER020W,YOR032C,1,34.832314,0.7872340679168701,0.03692614659667015,0.00100020004902035
YIR019C,YNL001W,1,34.651974,0.7916666865348816,0.0379241518676281,0.00100020004902035
YIR019C,YNL119W,1,34.514236,0.795918345451355,0.038922157138586044,0.00100020004902035
YJR105W,YGR049W,0,33.931717,0.7799999713897705,0.038922157138586044,0.0011002200189977884
YKL185W,YLR229C,1,33.876938,0.7843137383460999,0.03992015868425369,0.0011002200189977884
YKL185W,YNL001W,1,33.753517,0.7884615659713745,0.04091816395521164,0.0011002200189977884
YDR043C,YMR016C,1,33.75241,0.7924528121948242,0.041916169226169586,0.0011002200189977884
YER177W,YLR083C,1,33.1667,0.7962962985038757,0.042914170771837234,0.0011002200189977884
YLR453C,YPL081W,0,32.962868,0.7818182110786438,0.042914170771837234,0.0012002401053905487
YNL119W,YDR099W,1,32.719425,0.7857142686843872,0.04391217604279518,0.0012002401053905487
YHL007C,YDR107C,1,32.595253,0.7894737124443054,0.04491018131375313,0.0012002401053905487
YJL080C,YER153C,0,32.318542,0.7758620977401733,0.04491018131375313,0.0013002600753679872
YDR432W,YER113C,1,32.09577,0.7796609997749329,0.045908182859420776,0.0013002600753679872
YER177W,YPL021W,1,31.859875,0.7833333611488342,0.04690618813037872,0.0013002600753679872
YGL031C,YHR123W,0,31.831045,0.7704917788505554,0.04690618813037872,0.0014002800453454256
YDR043C,YHR011W,1,31.744736,0.774193525314331,0.04790419340133667,0.0014002800453454256
YPL095C,YBL027W,0,31.465826,0.761904776096344,0.04790419340133667,0.001500300015322864
YBR162C,YNR007C,0,31.393328,0.75,0.04790419340133667,0.0016003201017156243
YHL007C,YOR032C,1,31.337872,0.7538461685180664,0.04890219494700432,0.0016003201017156243
YLR340W,YMR154C,0,31.332153,0.7424242496490479,0.04890219494700432,0.0017003400716930628
YDR091C,YJR152W,0,31.275917,0.7313432693481445,0.04890219494700432,0.0018003600416705012
YHR143W,YER109C,1,31.250404,0.7352941036224365,0.049900200217962265,0.0018003600416705012
YDR251W,YNL119W,1,31.222921,0.739130437374115,0.05089820176362991,0.0018003600416705012
YPL115C,YNL001W,1,31.080051,0.7428571581840515,0.05189620703458786,0.0018003600416705012
YER177W,YNL119W,1,30.502012,0.7464788556098938,0.05289421230554581,0.0018003600416705012
YNL068C,YHR143W,1,30.43496,0.75,0.053892213851213455,0.0018003600416705012
YLR083C,YER109C,1,30.229294,0.7534246444702148,0.0548902191221714,0.0018003600416705012
YOR179C,YKL164C,0,30.11214,0.7432432174682617,0.0548902191221714,0.0019003801280632615
YNL119W,YHR011W,1,30.108204,0.746666669845581,0.05588822439312935,0.0019003801280632615
YKL218C,YDL081C,0,30.09988,0.7368420958518982,0.05588822439312935,0.0020004000980407
YHR143W,YLR313C,1,29.882366,0.7402597665786743,0.056886225938797,0.0020004000980407
YHR143W,YOR371C,1,29.857141,0.7435897588729858,0.057884231209754944,0.0020004000980407
YMR303C,YIL107C,0,29.728281,0.7341772317886353,0.057884231209754944,0.0021004201844334602
YHR143W,YIL119C,0,29.712673,0.7250000238418579,0.057884231209754944,0.002200440037995577
YKL185W,YHL007C,1,29.521244,0.7283950448036194,0.05888223648071289,0.002200440037995577
YLR353W,YMR316W,1,29.387032,0.7317073345184326,0.05988023802638054,0.002200440037995577
YIR019C,YDR432W,1,29.38551,0.7349397540092468,0.060878243297338486,0.002200440037995577
YLR083C,YOR032C,1,29.379827,0.738095223903656,0.06187624856829643,0.002200440037995577
YDR447C,YFL053W,0,28.828003,0.729411780834198,0.06187624856829643,0.002300460124388337
YHL007C,YCR038C,1,28.817022,0.7325581312179565,0.06287425011396408,0.002300460124388337
YHL007C,YHR011W,1,28.781101,0.7356321811676025,0.06387225538492203,0.002300460124388337
YNL068C,YMR316W,1,28.350723,0.7386363744735718,0.06487026065587997,0.002300460124388337
YLR362W,YER113C,1,28.289625,0.7415730357170105,0.06586826592683792,0.002300460124388337
YGR157W,YDL060W,0,28.26459,0.7333333492279053,0.06586826592683792,0.0024004802107810974
YKL043W,YMR316W,1,28.187634,0.7362637519836426,0.06686626374721527,0.0024004802107810974
YGL031C,YGL055W,0,28.065464,0.72826087474823,0.06686626374721527,0.002500500064343214
YIL131C,YKL185W,1,28.041504,0.7311828136444092,0.06786426901817322,0.002500500064343214
YML027W,YOL002C,0,27.781979,0.7234042286872864,0.06786426901817322,0.0026005201507359743
YER149C,YDR107C,1,27.624514,0.7263157963752747,0.06886227428913116,0.0026005201507359743
YHR143W,YNL098C,1,27.257957,0.7291666865348816,0.06986027956008911,0.0026005201507359743
YHR203C,YDR105C,0,27.06112,0.7216494679450989,0.06986027956008911,0.002700540004298091
YJL051W,YJL190C,0,26.912228,0.7142857313156128,0.06986027956008911,0.002800560090690851
YDL210W,YKL081W,0,26.888466,0.7070707082748413,0.06986027956008911,0.0029005801770836115
YOR315W,YMR164C,1,26.776474,0.7099999785423279,0.07085828483104706,0.0029005801770836115
YMR164C,YOR315W,1,26.776474,0.7128713130950928,0.071856290102005,0.0029005801770836115
YIL049W,YDR432W,1,26.708368,0.7156862616539001,0.07285428792238235,0.0029005801770836115
YKL185W,YER113C,1,26.5828,0.7184466123580933,0.0738522931933403,0.0029005801770836115
YNL001W,YMR316W,1,26.454723,0.7211538553237915,0.07485029846429825,0.0029005801770836115
YIR019C,YNL142W,1,26.386162,0.723809540271759,0.0758483037352562,0.0029005801770836115
YLR362W,YHR084W,1,26.341782,0.7264150977134705,0.07684630900621414,0.0029005801770836115
YIR019C,YMR016C,1,26.12622,0.7289719581604004,0.07784431427717209,0.0029005801770836115
YLR362W,YHL007C,1,25.817892,0.7314814925193787,0.07884231209754944,0.0029005801770836115
YGR159C,YMR037C,0,25.582691,0.7247706651687622,0.07884231209754944,0.003000600030645728
YGL063W,YIL069C,0,25.166271,0.7181817889213562,0.07884231209754944,0.0031006201170384884
YJR160C,YDL223C,0,25.106718,0.7117117047309875,0.07884231209754944,0.0032006402034312487
YDR432W,YER020W,1,25.080938,0.7142857313156128,0.07984031736850739,0.0032006402034312487
YOL008W,YDR025W,0,24.990673,0.7079645991325378,0.07984031736850739,0.0033006600569933653
YER113C,YBR083W,1,24.95457,0.7105262875556946,0.08083832263946533,0.0033006600569933653
YDR107C,YMR016C,1,24.925167,0.7130434513092041,0.08183632791042328,0.0033006600569933653
YOR234C,YIR019C,0,24.888344,0.7068965435028076,0.08183632791042328,0.0034006801433861256
YKL062W,YKR013W,0,24.850716,0.7008547186851501,0.08183632791042328,0.003500700229778886
YHR193C,YLR174W,0,24.71715,0.694915235042572,0.08183632791042328,0.0036007200833410025
YDR043C,YOR371C,1,24.697927,0.6974790096282959,0.08283433318138123,0.0036007200833410025
YJL069C,YLR006C,0,24.614017,0.6916666626930237,0.08283433318138123,0.0037007401697337627
YLR083C,YKL048C,1,24.561098,0.6942148804664612,0.08383233845233917,0.0037007401697337627
YHR143W,YNL142W,1,24.499111,0.6967213153839111,0.08483033627271652,0.0037007401697337627
YJR153W,YMR316W,1,24.47205,0.6991869807243347,0.08582834154367447,0.0037007401697337627
YLR083C,YNL098C,1,24.28836,0.7016128897666931,0.08682634681463242,0.0037007401697337627
YHR143W,YLL021W,1,24.187317,0.7039999961853027,0.08782435208559036,0.0037007401697337627
YOR091W,YDR202C,0,24.156216,0.6984127163887024,0.08782435208559036,0.003800760256126523
YOR177C,YLR110C,0,24.124485,0.6929134130477905,0.08782435208559036,0.0039007801096886396
YDR012W,YIR028W,0,24.118015,0.6875,0.08782435208559036,0.0040008001960814
YER118C,YAL056W,1,23.980873,0.6899224519729614,0.08882235735654831,0.0040008001960814
YER118C,YLL021W,1,23.903719,0.692307710647583,0.08982036262750626,0.0040008001960814
YNR011C,YMR011W,0,23.868343,0.6870229244232178,0.08982036262750626,0.0041008200496435165
YIL049W,YNL142W,1,23.787125,0.689393937587738,0.0908183604478836,0.0041008200496435165
YOR315W,YDR251W,1,23.784088,0.6917293071746826,0.09181636571884155,0.0041008200496435165
YBR077C,YLR340W,0,23.72187,0.6865671873092651,0.09181636571884155,0.0042008403688669205
YFR030W,YER110C,0,23.719038,0.6814814805984497,0.09181636571884155,0.004300860222429037
YKR079C,YGL229C,0,23.616362,0.6764705777168274,0.09181636571884155,0.004400880075991154
YJR047C,YGL205W,0,23.594463,0.6715328693389893,0.09181636571884155,0.004500900395214558
YMR083W,YDL020C,0,23.473537,0.6666666865348816,0.09181636571884155,0.004600920248776674
YOR315W,YCR038C,1,23.367584,0.6690647602081299,0.0928143709897995,0.004600920248776674
YHR006W,YOR312C,0,23.230566,0.6642857193946838,0.0928143709897995,0.004700940102338791
YHR084W,YNL142W,1,23.221107,0.6666666865348816,0.09381237626075745,0.004700940102338791
YGR157W,YLR441C,0,23.11658,0.6619718074798584,0.09381237626075745,0.004800960421562195
YIL113W,YIL026C,0,23.017036,0.6573426723480225,0.09381237626075745,0.0049009802751243114
YDR432W,YLR362W,1,23.002026,0.6597222089767456,0.0948103815317154,0.0049009802751243114
YDL014W,YPL116W,0,22.839046,0.6551724076271057,0.0948103815317154,0.005001000128686428
YIL113W,YGL077C,0,22.832535,0.6506849527359009,0.0948103815317154,0.005101019982248545
YDR293C,YLR074C,0,22.783957,0.646258533000946,0.0948103815317154,0.005201040301471949
YBR069C,YNL015W,0,22.770401,0.6418918967247009,0.0948103815317154,0.005301060155034065
YAL056W,YMR316W,1,22.743477,0.6442952752113342,0.09580838680267334,0.005301060155034065
YDR107C,YER118C,1,22.738205,0.6466666460037231,0.09680638462305069,0.005301060155034065
YAR033W,YNL112W,0,22.737722,0.6423841118812561,0.09680638462305069,0.005401080008596182
YCL050C,YJR073C,0,22.632778,0.6381579041481018,0.09680638462305069,0.005501100327819586
YKL043W,YHR011W,1,22.624521,0.6405228972434998,0.09780438989400864,0.005501100327819586
YMR197C,YNL327W,0,22.599241,0.6363636255264282,0.09780438989400864,0.005601120181381702
YHR111W,YKL043W,1,22.558708,0.6387096643447876,0.09880239516496658,0.005601120181381702
YDR043C,YCR038C,1,22.366776,0.6410256624221802,0.09980040043592453,0.005601120181381702
YLR353W,YDR043C,1,22.236217,0.6433120965957642,0.10079840570688248,0.005601120181381702
YMR316W,YOR167C,0,22.166973,0.6392405033111572,0.10079840570688248,0.005701140034943819
YIL131C,YLR229C,1,22.130997,0.6415094137191772,0.10179640352725983,0.005701140034943819
YOL008W,YML026C,0,21.951967,0.637499988079071,0.10179640352725983,0.005801160354167223
YHR216W,YHR153C,0,21.945877,0.6335403919219971,0.10179640352725983,0.00590118020772934
YJL051W,YLR378C,0,21.90121,0.6296296119689941,0.10179640352725983,0.006001200061291456
YLR083C,YMR238W,1,21.85895,0.6319018602371216,0.10279440879821777,0.006001200061291456
YLR362W,YLL021W,1,21.726025,0.6341463327407837,0.10379241406917572,0.006001200061291456
YHR143W,YER020W,1,21.724098,0.6363636255264282,0.10479041934013367,0.006001200061291456
YLR406C,YHR167W,0,21.644283,0.6325300931930542,0.10479041934013367,0.00610122038051486
YDR432W,YNL098C,1,21.636671,0.6347305178642273,0.10578842461109161,0.00610122038051486
YLR435W,YJL221C,0,21.588345,0.6309523582458496,0.10578842461109161,0.006201240234076977
YGL031C,YBR231C,0,21.54419,0.6272189617156982,0.10578842461109161,0.006301260087639093
YIR012W,YPR124W,0,21.540691,0.6235294342041016,0.10578842461109161,0.006401280406862497
YLR324W,YPL160W,0,21.486046,0.6198830604553223,0.10578842461109161,0.006501300260424614
YCR038C,YER020W,1,21.221127,0.6220930218696594,0.10678642988204956,0.006501300260424614
YDR099W,YOR312C,0,21.195023,0.6184971332550049,0.10678642988204956,0.006601320113986731
YNL126W,YGL189C,0,21.140532,0.6149425506591797,0.10678642988204956,0.0067013404332101345
YPL149W,YNL327W,0,21.13385,0.6114285588264465,0.10678642988204956,0.006801360286772251
YLR362W,YOR032C,1,21.13092,0.6136363744735718,0.10778442770242691,0.006801360286772251
YJL136C,YKR039W,0,21.099745,0.6101694703102112,0.10778442770242691,0.006901380140334368
YJL177W,YGR065C,0,21.090822,0.6067415475845337,0.10778442770242691,0.007001400459557772
YDR398W,YLL028W,0,21.06301,0.6033519506454468,0.10778442770242691,0.007101420313119888
YGL031C,YNR026C,0,21.062305,0.6000000238418579,0.10778442770242691,0.007201440166682005
YIR017C,YDR087C,0,21.025875,0.5966851115226746,0.10778442770242691,0.007301460485905409
YPL132W,YGL255W,0,21.021568,0.593406617641449,0.10778442770242691,0.0074014803394675255
YJL221C,YNL075W,0,21.00413,0.5901639461517334,0.10778442770242691,0.007501500193029642
YLR362W,YER020W,1,20.984625,0.592391312122345,0.10878243297338486,0.007501500193029642
YDL085W,YNL207W,0,20.964325,0.5891891717910767,0.10878243297338486,0.007601520512253046
YMR309C,YKL065C,0,20.904158,0.5860214829444885,0.10878243297338486,0.007701540365815163
YOR315W,YER118C,1,20.888664,0.5882353186607361,0.1097804382443428,0.007701540365815163
YBR043C,YOR312C,0,20.85425,0.585106372833252,0.1097804382443428,0.007801560219377279
YGL073W,YLR367W,0,20.852575,0.5820105671882629,0.1097804382443428,0.007901580072939396
YPL130W,YPR081C,0,20.836319,0.5789473652839661,0.1097804382443428,0.0080016003921628
YDR043C,YHR084W,1,20.834852,0.5811518430709839,0.11077844351530075,0.0080016003921628
YPL123C,YGL147C,0,20.807732,0.578125,0.11077844351530075,0.008101620711386204
YIL131C,YJR147W,1,20.78109,0.5803108811378479,0.1117764487862587,0.008101620711386204
YHL001W,YIL131C,0,20.725983,0.5773195624351501,0.1117764487862587,0.008201640099287033
YOR233W,YDR253C,0,20.712578,0.5743589997291565,0.1117764487862587,0.008301660418510437
YOR293W,YDL159W,0,20.671661,0.5714285969734192,0.1117764487862587,0.008401680737733841
YOL109W,YOR100C,0,20.668545,0.5685279369354248,0.1117764487862587,0.00850170012563467
YDR382W,YLR361C,0,20.628408,0.5656565427780151,0.1117764487862587,0.008601720444858074
YIL009W,YER014W,0,20.59601,0.5628140568733215,0.1117764487862587,0.008701740764081478
YDL080C,YPL079W,0,20.58638,0.5600000023841858,0.1117764487862587,0.008801760151982307
YER177W,YIL131C,1,20.573208,0.5621890425682068,0.11277445405721664,0.008801760151982307
YHR011W,YPL081W,0,20.522562,0.5594059228897095,0.11277445405721664,0.008901780471205711
YLR299W,YNL113W,0,20.51849,0.5566502213478088,0.11277445405721664,0.009001800790429115
YGL240W,YJR123W,0,20.498947,0.5539215803146362,0.11277445405721664,0.009101820178329945
YHR143W,YCR038C,1,20.47823,0.5560975670814514,0.113772451877594,0.009101820178329945
YOR048C,YPR028W,0,20.449444,0.553398072719574,0.113772451877594,0.009201840497553349
YNL119W,YER109C,1,20.377522,0.5555555820465088,0.11477045714855194,0.009201840497553349
YKL185W,YMR016C,1,20.308779,0.557692289352417,0.11576846241950989,0.009201840497553349
YOR315W,YDR379W,1,20.301802,0.559808611869812,0.11676646769046783,0.009201840497553349
YMR016C,YHR011W,1,20.29834,0.561904788017273,0.11776447296142578,0.009201840497553349
YOR315W,YHR111W,1,20.281294,0.5639810562133789,0.11876247823238373,0.009201840497553349
YGL123W,YHR205W,0,20.272398,0.5613207817077637,0.11876247823238373,0.009301860816776752
YHR094C,YGL070C,0,20.258976,0.5586854219436646,0.11876247823238373,0.009401880204677582
YGR103W,YIL011W,0,20.22496,0.5560747385025024,0.11876247823238373,0.009501900523900986
YPR140W,YKR053C,0,20.2244,0.5534883737564087,0.11876247823238373,0.00960192084312439
YPL021W,YBR083W,1,20.208008,0.5555555820465088,0.11976047605276108,0.00960192084312439
YIL010W,YIR026C,0,20.118462,0.5529953837394714,0.11976047605276108,0.009701940231025219
YBR162C,YNL112W,0,20.063454,0.5504587292671204,0.11976047605276108,0.009801960550248623
YLR083C,YKL043W,1,20.055508,0.5525113940238953,0.12075848132371902,0.009801960550248623
YIL036W,YDR365C,0,20.048687,0.550000011920929,0.12075848132371902,0.009901979938149452
YNL142W,YHR011W,1,20.04338,0.5520362257957458,0.12175648659467697,0.009901979938149452
YHR193C,YNL210W,0,20.032166,0.5495495200157166,0.12175648659467697,0.010002000257372856
YLR449W,YMR204C,0,20.003021,0.5470852255821228,0.12175648659467697,0.01010202057659626
YJL159W,YGL240W,0,19.978146,0.5446428656578064,0.12175648659467697,0.01020203996449709
YER096W,YKL024C,0,19.881046,0.5422222018241882,0.12175648659467697,0.010302060283720493
YBR083W,YKL048C,1,19.877487,0.5442478060722351,0.12275449186563492,0.010302060283720493
YJR109C,YPL255W,0,19.86797,0.541850209236145,0.12275449186563492,0.010402080602943897
YJL099W,YLR150W,0,19.839825,0.5394737124443054,0.12275449186563492,0.010502099990844727
YOR227W,YOR271C,0,19.770899,0.5371178984642029,0.12275449186563492,0.01060212031006813
YGR152C,YOR156C,0,19.72649,0.5347825884819031,0.12275449186563492,0.010702140629291534
YLR083C,YPL021W,1,19.726017,0.536796510219574,0.12375249713659286,0.010702140629291534
YJR153W,YKL043W,1,19.688778,0.5387930870056152,0.12475050240755081,0.010702140629291534
YDL024C,YER118C,1,19.673035,0.540772557258606,0.12574850022792816,0.010702140629291534
YER091C,YDR365C,0,19.660074,0.5384615659713745,0.12574850022792816,0.010802160017192364
YOR127W,YOR032C,1,19.650963,0.5404255390167236,0.1267465054988861,0.010802160017192364
YOR315W,YOR032C,1,19.602093,0.5423728823661804,0.12774451076984406,0.010802160017192364
YKL185W,YHR073W,1,19.48273,0.5443037748336792,0.128742516040802,0.010802160017192364
YJL089W,YOL039W,0,19.47433,0.5420168042182922,0.128742516040802,0.010902180336415768
YDR432W,YHR084W,1,19.460567,0.5439330339431763,0.12974052131175995,0.010902180336415768
YNL339C,YOR095C,0,19.370026,0.5416666865348816,0.12974052131175995,0.011002200655639172
YML047C,YLR150W,0,19.339697,0.5394191145896912,0.12974052131175995,0.011102220043540001
YGL219C,YDR046C,0,19.230612,0.5371900796890259,0.12974052131175995,0.011202240362763405
YMR149W,YCR005C,0,19.223272,0.5349794030189514,0.12974052131175995,0.011302260681986809
YOR315W,YKL048C,1,19.177948,0.5368852615356445,0.1307385265827179,0.011302260681986809
YGL028C,YPL203W,0,19.137712,0.5346938967704773,0.1307385265827179,0.011402280069887638
YNL298W,YDR043C,1,19.112955,0.5365853905677795,0.13173653185367584,0.011402280069887638
YPL021W,YMR238W,1,19.09011,0.5384615659713745,0.1327345371246338,0.011402280069887638
YAL041W,YLR083C,1,19.07339,0.5403226017951965,0.13373252749443054,0.011402280069887638
YER011W,YHR031C,0,19.072285,0.5381526350975037,0.13373252749443054,0.011502300389111042
YHR143W,YHR084W,1,19.061567,0.5400000214576721,0.1347305327653885,0.011502300389111042
YNL001W,YCR038C,1,19.046936,0.541832685470581,0.13572853803634644,0.011502300389111042
YER177W,YMR316W,1,18.94268,0.5436508059501648,0.13672654330730438,0.011502300389111042
YER149C,YOR032C,1,18.889057,0.5454545617103577,0.13772454857826233,0.011502300389111042
YNL067W,YDR099W,0,18.806938,0.5433070659637451,0.13772454857826233,0.011602320708334446
YOR030W,YER118C,1,18.692667,0.545098066329956,0.13872255384922028,0.011602320708334446
YJR155W,YIL131C,0,18.683273,0.54296875,0.13872255384922028,0.011702340096235275
YAL041W,YHR143W,1,18.644567,0.5447470545768738,0.13972055912017822,0.011702340096235275
YIL131C,YOR127W,1,18.639524,0.5465116500854492,0.14071856439113617,0.011702340096235275
YMR036C,YKL164C,0,18.62915,0.5444015264511108,0.14071856439113617,0.01180236041545868
YER177W,YDR107C,1,18.627111,0.5461538434028625,0.14171656966209412,0.01180236041545868
YJR153W,YNL142W,1,18.621992,0.5478927493095398,0.14271457493305206,0.01180236041545868
YKL043W,YJR097W,0,18.620794,0.5458015203475952,0.14271457493305206,0.011902380734682083
YHL040C,YER144C,0,18.58524,0.5437262654304504,0.14271457493305206,0.012002400122582912
YMR261C,YPL207W,0,18.569054,0.5416666865348816,0.14271457493305206,0.012102420441806316
YER113C,YNL142W,1,18.554337,0.5433962345123291,0.14371258020401,0.012102420441806316
YOR030W,YER020W,1,18.54,0.5451127886772156,0.14471058547496796,0.012102420441806316
YOR182C,YGL073W,0,18.494143,0.5430711507797241,0.14471058547496796,0.01220244076102972
YBL016W,YLL015W,0,18.48103,0.5410447716712952,0.14471058547496796,0.01230246014893055
YHR073W,YER020W,1,18.458645,0.5427509546279907,0.1457085758447647,0.01230246014893055
YMR195W,YMR104C,0,18.391716,0.5407407283782959,0.1457085758447647,0.012402480468153954
YER061C,YKL164C,0,18.37159,0.5387454032897949,0.1457085758447647,0.012502500787377357
YJL159W,YDR097C,0,18.294115,0.5367646813392639,0.1457085758447647,0.012602520175278187
YDR432W,YLL021W,1,18.268898,0.5384615659713745,0.14670658111572266,0.012602520175278187
YER177W,YHR084W,1,18.263134,0.540145993232727,0.1477045863866806,0.012602520175278187
YLR362W,YNL001W,1,18.256985,0.5418182015419006,0.14870259165763855,0.012602520175278187
YGR108W,YDL123W,0,18.252584,0.5398550629615784,0.14870259165763855,0.01270254049450159
YBR101C,YOR249C,0,18.24096,0.5379061102867126,0.14870259165763855,0.012802560813724995
YER177W,YLR362W,1,18.20053,0.5395683646202087,0.1497005969285965,0.012802560813724995
YPL130W,YNL321W,0,18.190277,0.5376344323158264,0.1497005969285965,0.012902580201625824
YKL185W,YLR313C,1,18.185791,0.5392857193946838,0.15069860219955444,0.012902580201625824
YJR153W,YDR043C,1,18.17181,0.5409252643585205,0.1516966074705124,0.012902580201625824
YHR019C,YGR088W,0,18.140133,0.5390070676803589,0.1516966074705124,0.013002600520849228
YAL041W,YDR432W,1,18.032705,0.5406360626220703,0.15269461274147034,0.013002600520849228
YNR019W,YHR117W,0,17.964203,0.5387324094772339,0.15269461274147034,0.013102620840072632
YJL170C,YNL001W,0,17.957205,0.5368421077728271,0.15269461274147034,0.013202640227973461
YMR016C,YMR316W,1,17.832535,0.5384615659713745,0.15369261801242828,0.013202640227973461
YOR032C,YHR011W,1,17.787373,0.5400696992874146,0.15469062328338623,0.013202640227973461
YAL041W,YKL043W,1,17.766893,0.5416666865348816,0.15568862855434418,0.013202640227973461
YOR127W,YER020W,1,17.743689,0.5432525873184204,0.15668663382530212,0.013202640227973461
YBR083W,YCR038C,1,17.732147,0.5448275804519653,0.15768462419509888,0.013202640227973461
YBR030W,YER035W,0,17.723076,0.5429553389549255,0.15768462419509888,0.013302660547196865
YBR162C,YDR440W,0,17.718214,0.5410959124565125,0.15768462419509888,0.013402680866420269
YNL142W,YDR528W,0,17.71813,0.5392491221427917,0.15768462419509888,0.013502700254321098
YMR017W,YJL158C,0,17.679272,0.5374149680137634,0.15768462419509888,0.013602720573544502
YLR083C,YHR111W,1,17.641174,0.5389830470085144,0.15868262946605682,0.013602720573544502
YHL028W,YMR202W,0,17.578865,0.537162184715271,0.15868262946605682,0.013702740892767906
YER109C,YHR011W,1,17.56683,0.5387205481529236,0.15968063473701477,0.013702740892767906
YBR126C,YMR293C,0,17.550003,0.536912739276886,0.15968063473701477,0.013802760280668736
YLR037C,YHR019C,0,17.492239,0.5351170301437378,0.15968063473701477,0.01390278059989214
YPR017C,YHR216W,0,17.470154,0.5333333611488342,0.15968063473701477,0.014002800919115543
YGR158C,YNR030W,0,17.457169,0.5315614342689514,0.15968063473701477,0.014102820307016373
YBR008C,YDL079C,0,17.390781,0.5298013091087341,0.15968063473701477,0.014202840626239777
YMR309C,YER141W,0,17.388348,0.528052806854248,0.15968063473701477,0.01430286094546318
YPL020C,YNL327W,0,17.24155,0.5263158082962036,0.15968063473701477,0.01440288033336401
YDR091C,YMR092C,0,17.219578,0.5245901346206665,0.15968063473701477,0.014502900652587414
YLR362W,YLR353W,1,17.219477,0.5261437892913818,0.16067864000797272,0.014502900652587414
YIL126W,YNL111C,0,17.176859,0.524429976940155,0.16067864000797272,0.014602920971810818
YGR040W,YBR018C,0,17.17519,0.5227272510528564,0.16067864000797272,0.014702940359711647
YIL026C,YIL069C,0,17.163618,0.5210356116294861,0.16067864000797272,0.014802960678935051
YER113C,YOR032C,1,17.15543,0.522580623626709,0.16167664527893066,0.014802960678935051
YGR200C,YNR001C,0,17.139812,0.520900309085846,0.16167664527893066,0.014902980998158455
YCR034W,YHR063C,0,17.134035,0.5192307829856873,0.16167664527893066,0.015003000386059284
YOR315W,YDR432W,1,17.12347,0.5207667946815491,0.1626746505498886,0.015003000386059284
YER177W,YOR032C,1,17.092682,0.522292971611023,0.16367265582084656,0.015003000386059284
YGL009C,YNL015W,0,17.082268,0.5206349492073059,0.16367265582084656,0.015103020705282688
YLR060W,YOR245C,0,17.028776,0.5189873576164246,0.16367265582084656,0.015203041024506092
YLR119W,YLL011W,0,17.024092,0.5173501372337341,0.16367265582084656,0.015303060412406921
YKL185W,YCR038C,1,16.993637,0.5188679099082947,0.1646706610918045,0.015303060412406921
YLR058C,YPL206C,0,16.96539,0.517241358757019,0.1646706610918045,0.015403080731630325
YER011W,YMR282C,0,16.940428,0.515625,0.1646706610918045,0.01550310105085373
YCL010C,YKL056C,0,16.930552,0.514018714427948,0.1646706610918045,0.015603120438754559
YKL221W,YDR385W,0,16.917704,0.5124223828315735,0.1646706610918045,0.015703139826655388
YPR068C,YIL069C,0,16.907389,0.5108358860015869,0.1646706610918045,0.015803160145878792
YKL043W,YHR073W,1,16.88069,0.5123456716537476,0.16566866636276245,0.015803160145878792
YMR164C,YMR016C,1,16.877844,0.5138461589813232,0.1666666716337204,0.015803160145878792
YPL021W,YMR016C,1,16.87107,0.5153374075889587,0.16766467690467834,0.015803160145878792
YLR362W,YKL043W,1,16.864178,0.5168195962905884,0.1686626672744751,0.015803160145878792
YLR435W,YER139C,0,16.854012,0.5152438879013062,0.1686626672744751,0.015903180465102196
YMR016C,YHR167W,0,16.852468,0.5136778354644775,0.1686626672744751,0.0160032007843256
YBL024W,YDR180W,0,16.818863,0.5121212005615234,0.1686626672744751,0.016103221103549004
YNL138W,YOR127W,1,16.781464,0.5135951638221741,0.16966067254543304,0.016103221103549004
YGL226W,YLR432W,0,16.780382,0.5120481848716736,0.16966067254543304,0.016203241422772408
YIL150C,YLR448W,0,16.741121,0.5105105042457581,0.16966067254543304,0.016303259879350662
YNL220W,YER180C,0,16.736536,0.5089820623397827,0.16966067254543304,0.016403280198574066
YPL258C,YDL075W,0,16.727451,0.5074626803398132,0.16966067254543304,0.01650330051779747
YCR098C,YJL177W,0,16.722126,0.5059523582458496,0.16966067254543304,0.016603320837020874
YER149C,YAL056W,1,16.675993,0.5074183940887451,0.170658677816391,0.016603320837020874
YDR477W,YHR143W,1,16.631115,0.5088757276535034,0.17165668308734894,0.016603320837020874
YLR083C,YBR066C,1,16.623816,0.5103244781494141,0.17265468835830688,0.016603320837020874
YDR533C,YDL231C,0,16.623173,0.5088235139846802,0.17265468835830688,0.016703341156244278
YLR246W,YNL301C,0,16.57319,0.507331371307373,0.17265468835830688,0.016803361475467682
YML026C,YLR207W,0,16.555906,0.5058479309082031,0.17265468835830688,0.016903379932045937
YHR094C,YBR015C,0,16.538544,0.5043731927871704,0.17265468835830688,0.01700340025126934
YOR307C,YMR202W,0,16.523052,0.5029069781303406,0.17265468835830688,0.017103420570492744
YBL099W,YDR043C,0,16.515648,0.5014492869377136,0.17265468835830688,0.01720344088971615
YNL001W,YDR099W,1,16.51069,0.5028901696205139,0.17365269362926483,0.01720344088971615
YPL126W,YKL024C,0,16.50021,0.5014409422874451,0.17365269362926483,0.017303461208939552
YOR284W,YHR197W,0,16.470867,0.5,0.17365269362926483,0.017403481528162956
YKL156W,YKL065C,0,16.443476,0.4985673427581787,0.17365269362926483,0.01750349998474121
YDR531W,YHR016C,0,16.43858,0.49714285135269165,0.17365269362926483,0.017603520303964615
YOR125C,YJL148W,0,16.416573,0.49572649598121643,0.17365269362926483,0.01770354062318802
YKR079C,YIR019C,0,16.364145,0.4943181872367859,0.17365269362926483,0.017803560942411423
YJL051W,YIL123W,0,16.361774,0.49291783571243286,0.17365269362926483,0.017903581261634827
YOR293W,YGR049W,0,16.339954,0.49152541160583496,0.17365269362926483,0.01800360158085823
YLR229C,YMR316W,1,16.337074,0.49295774102211,0.17465069890022278,0.01800360158085823
YJR147W,YDR099W,1,16.32306,0.49438202381134033,0.17564870417118073,0.01800360158085823
YER149C,YER020W,1,16.301138,0.4957983195781708,0.17664670944213867,0.01800360158085823
YER157W,YLR048W,0,16.291529,0.4944134056568146,0.17664670944213867,0.018103620037436485
YBR083W,YNL119W,1,16.262062,0.4958217144012451,0.17764471471309662,0.018103620037436485
YIL049W,YBR083W,1,16.212772,0.4972222149372101,0.17864271998405457,0.018103620037436485
YFL026W,YPL207W,0,16.20627,0.49584487080574036,0.17864271998405457,0.01820364035665989
YBR280C,YJL158C,0,16.19999,0.4944751262664795,0.17864271998405457,0.018303660675883293
YLR313C,YMR016C,1,16.189356,0.4958677589893341,0.1796407252550125,0.018303660675883293
YPL021W,YNL098C,1,16.186018,0.4972527325153351,0.18063871562480927,0.018303660675883293
YIL049W,YLR083C,1,16.175705,0.4986301362514496,0.1816367208957672,0.018303660675883293
YOR315W,YBR083W,1,16.17458,0.5,0.18263472616672516,0.018303660675883293
YLR239C,YNL327W,0,16.16645,0.4986376166343689,0.18263472616672516,0.018403680995106697
YKL185W,YDR477W,1,16.157948,0.5,0.1836327314376831,0.018403680995106697
YPL021W,YNL197C,1,16.113197,0.501354992389679,0.18463073670864105,0.018403680995106697
YHR006W,YPR143W,0,16.085587,0.5,0.18463073670864105,0.0185037013143301
YPR081C,YDL184C,0,16.0682,0.49865227937698364,0.18463073670864105,0.018603721633553505
YJR147W,YDL024C,1,16.064533,0.5,0.185628741979599,0.018603721633553505
YOR293W,YER139C,0,16.000973,0.49865952134132385,0.185628741979599,0.01870374009013176
YMR232W,YPL081W,0,15.992615,0.49732619524002075,0.185628741979599,0.018803760409355164
YCL055W,YLR286C,0,15.990538,0.4959999918937683,0.185628741979599,0.018903780728578568
YDR099W,YER118C,1,15.989296,0.4973404109477997,0.18662674725055695,0.018903780728578568
YML104C,YML063W,0,15.965208,0.49602121114730835,0.18662674725055695,0.01900380104780197
YMR012W,YDR400W,0,15.930258,0.49470898509025574,0.18662674725055695,0.019103821367025375
YLR313C,YDL024C,1,15.890963,0.4960422217845917,0.1876247525215149,0.019103821367025375
YLR362W,YNL142W,1,15.829021,0.4973684251308441,0.18862275779247284,0.019103821367025375
YDR099W,YHR011W,1,15.823072,0.49868765473365784,0.1896207630634308,0.019103821367025375
YLR229C,YKL043W,1,15.810442,0.5,0.19061876833438873,0.019103821367025375
YNL298W,YDR107C,1,15.786013,0.5013054609298706,0.19161677360534668,0.019103821367025375
YNL065W,YGL076C,0,15.762067,0.5,0.19161677360534668,0.01920384168624878
YGL123W,YOR249C,0,15.737974,0.4987013041973114,0.19161677360534668,0.019303860142827034
YLR318W,YLR098C,0,15.707998,0.49740931391716003,0.19161677360534668,0.019403880462050438
YMR235C,YLR286C,0,15.686431,0.4961240291595459,0.19161677360534668,0.019503900781273842
YDR012W,YBR168W,0,15.670628,0.49484536051750183,0.19161677360534668,0.019603921100497246
YMR164C,YHR011W,1,15.616592,0.49614396691322327,0.19261476397514343,0.019603921100497246
YKL185W,YHR084W,1,15.607634,0.49743589758872986,0.19361276924610138,0.019603921100497246
YNL119W,YMR238W,1,15.593842,0.49872124195098877,0.19461077451705933,0.019603921100497246
YLR362W,YDR107C,1,15.587488,0.5,0.19560877978801727,0.019603921100497246
YHR160C,YER120W,0,15.583773,0.4987277388572693,0.19560877978801727,0.01970394141972065
YPL021W,YER113C,1,15.544586,0.5,0.19660678505897522,0.01970394141972065
YIL007C,YOR293W,0,15.525498,0.49873417615890503,0.19660678505897522,0.019803959876298904
YNL142W,YHR017W,0,15.521207,0.4974747598171234,0.19660678505897522,0.01990398019552231
YIL049W,YOR032C,1,15.499963,0.498740553855896,0.19760479032993317,0.01990398019552231
YBR091C,YDR077W,0,15.49634,0.4974874258041382,0.19760479032993317,0.020004000514745712
YOR032C,YMR316W,1,15.490047,0.4987468719482422,0.1986027956008911,0.020004000514745712
YHR111W,YNL098C,1,15.48451,0.5,0.19960080087184906,0.020004000514745712
YLR362W,YPL115C,1,15.483746,0.5012468695640564,0.200598806142807,0.020004000514745712
YLR155C,YLR362W,0,15.469246,0.5,0.200598806142807,0.020104020833969116
YKL179C,YGR108W,0,15.440008,0.49875929951667786,0.200598806142807,0.02020404115319252
YOR063W,YKL065C,0,15.382361,0.4975247383117676,0.200598806142807,0.020304061472415924
YHR123W,YPL143W,0,15.30577,0.4962962865829468,0.200598806142807,0.02040407992899418
YPR041W,YMR092C,0,15.248711,0.4950738847255707,0.200598806142807,0.020504100248217583
YGL141W,YDR100W,0,15.225546,0.4938575029373169,0.200598806142807,0.020604120567440987
YHR084W,YAL056W,1,15.219082,0.4950980246067047,0.20159681141376495,0.020604120567440987
YOL120C,YDL093W,0,15.196766,0.4938875436782837,0.20159681141376495,0.02070414088666439
YOR326W,YNL112W,0,15.186989,0.49268293380737305,0.20159681141376495,0.020804161205887794
YLR362W,YAL056W,1,15.18285,0.4939172863960266,0.2025948166847229,0.020804161205887794
YLR083C,YNL197C,1,15.134308,0.49514561891555786,0.20359280705451965,0.020804161205887794
YLL021W,YAL056W,1,15.075463,0.49636805057525635,0.2045908123254776,0.020804161205887794
YER177W,YJR147W,1,15.071598,0.4975845515727997,0.20558881759643555,0.020804161205887794
YGR124W,YMR307W,0,15.064606,0.4963855445384979,0.20558881759643555,0.0209041815251112
YER118C,YBR290W,0,15.044903,0.4951923191547394,0.20558881759643555,0.021004199981689453
YFR050C,YBR069C,0,15.032145,0.4940047860145569,0.20558881759643555,0.021104220300912857
YHL001W,YBR231C,0,15.022598,0.4928229749202728,0.20558881759643555,0.02120424062013626
YER113C,YAL056W,1,14.985317,0.49403342604637146,0.2065868228673935,0.02120424062013626
YKL056C,YNR033W,0,14.982794,0.4928571283817291,0.2065868228673935,0.021304260939359665
YIR019C,YER109C,1,14.929674,0.49406176805496216,0.20758482813835144,0.021304260939359665
YPL115C,YHR084W,1,14.926973,0.49526065587997437,0.2085828334093094,0.021304260939359665
YDR178W,YGL234W,0,14.88347,0.49408984184265137,0.2085828334093094,0.02140428125858307
YER113C,YER118C,1,14.876449,0.49528300762176514,0.20958083868026733,0.02140428125858307
YER177W,YDR432W,1,14.868394,0.4964706003665924,0.21057884395122528,0.02140428125858307
YIL131C,YER113C,1,14.866838,0.4976525902748108,0.21157684922218323,0.02140428125858307
YLR249W,YDL200C,0,14.860974,0.4964871108531952,0.21157684922218323,0.021504301577806473
YLR229C,YNL142W,1,14.856839,0.49766355752944946,0.21257485449314117,0.021504301577806473
YGL189C,YAL034W-A,0,14.856121,0.4965035021305084,0.21257485449314117,0.021604320034384727
YHR143W,YDR107C,1,14.839624,0.4976744055747986,0.21357285976409912,0.021604320034384727
YHR092C,YDR179C,0,14.825733,0.49651971459388733,0.21357285976409912,0.02170434035360813
YPL194W,YBR023C,0,14.812584,0.49537035822868347,0.21357285976409912,0.021804360672831535
YJR123W,YLR288C,0,14.809439,0.494226336479187,0.21357285976409912,0.02190438099205494
YGR148C,YBL103C,0,14.767941,0.4930875599384308,0.21357285976409912,0.022004401311278343
YPL059W,YGL028C,0,14.766343,0.4919540286064148,0.21357285976409912,0.022104421630501747
YOR315W,YHR143W,1,14.745811,0.4931192696094513,0.21457086503505707,0.022104421630501747
YOR078W,YOR113W,0,14.719337,0.4919908344745636,0.21457086503505707,0.022204440087080002
YCR038C,YLR313C,1,14.713917,0.4931506812572479,0.21556885540485382,0.022204440087080002
YGL006W,YGR108W,0,14.711241,0.4920273423194885,0.21556885540485382,0.022304460406303406
YCR093W,YKL043W,1,14.676301,0.49318182468414307,0.21656686067581177,0.022304460406303406
YMR092C,YLR167W,0,14.675323,0.4920634925365448,0.21656686067581177,0.02240448072552681
YJL153C,YJL158C,0,14.647267,0.49095022678375244,0.21656686067581177,0.022504501044750214
YDL008W,YNL142W,0,14.633968,0.4898419976234436,0.21656686067581177,0.022604521363973618
YJR145C,YGR154C,0,14.610178,0.4887387454509735,0.21656686067581177,0.02270454168319702
YBR041W,YGL028C,0,14.586384,0.4876404404640198,0.21656686067581177,0.022804560139775276
YDR432W,YDR379W,1,14.583294,0.48878923058509827,0.21756486594676971,0.022804560139775276
YIL154C,YGL090W,0,14.578702,0.48769575357437134,0.21756486594676971,0.02290458045899868
YPL021W,YCR038C,1,14.56655,0.4888392984867096,0.21856287121772766,0.02290458045899868
YHR073W,YER118C,1,14.566156,0.48997771739959717,0.2195608764886856,0.02290458045899868
YBR005W,YLR313C,0,14.56072,0.4888888895511627,0.2195608764886856,0.023004600778222084
YNL098C,YMR016C,1,14.548531,0.4900221824645996,0.22055888175964355,0.023004600778222084
YER020W,YLL021W,1,14.533142,0.491150438785553,0.2215568870306015,0.023004600778222084
YER089C,YHR094C,0,14.532425,0.4900662302970886,0.2215568870306015,0.023104621097445488
YIL131C,YHR011W,1,14.487813,0.4911894202232361,0.22255489230155945,0.023104621097445488
YJR152W,YJL123C,0,14.485298,0.4901098906993866,0.22255489230155945,0.023204641416668892
YOR030W,YLR312C-B,1,14.471287,0.4912280738353729,0.2235528975725174,0.023204641416668892
YOR315W,YOR030W,1,14.460305,0.49234136939048767,0.22455090284347534,0.023204641416668892
YHR011W,YKR042W,0,14.459472,0.4912663698196411,0.22455090284347534,0.023304661735892296
YOR227W,YHR064C,0,14.447497,0.4901960790157318,0.22455090284347534,0.02340468019247055
YMR303C,YNL098C,0,14.371211,0.489130437374115,0.22455090284347534,0.023504700511693954
YDR107C,YLR313C,1,14.354631,0.49023860692977905,0.2255489081144333,0.023504700511693954
YGR157W,YHR128W,0,14.315466,0.48917749524116516,0.2255489081144333,0.02360472083091736
YBL013W,YJR073C,0,14.302551,0.4881209433078766,0.2255489081144333,0.023704741150140762
YMR059W,YER044C,0,14.295393,0.48706895112991333,0.2255489081144333,0.023804761469364166
YMR316W,YBR299W,0,14.294257,0.4860215187072754,0.2255489081144333,0.02390478178858757
YBL066C,YLR313C,0,14.287649,0.4849785268306732,0.2255489081144333,0.024004800245165825
YNL133C,YDR398W,0,14.252508,0.4839400351047516,0.2255489081144333,0.02410482056438923
YLR249W,YIL119C,0,14.251479,0.4829059839248657,0.2255489081144333,0.024204840883612633
YOL017W,YGR132C,0,14.245415,0.48187634348869324,0.2255489081144333,0.024304861202836037
YAL041W,YPL021W,1,14.207989,0.4829787313938141,0.22654691338539124,0.024304861202836037
YNL068C,YER020W,1,14.194559,0.48407644033432007,0.227544903755188,0.024304861202836037
YDR251W,YHR143W,1,14.19367,0.48516950011253357,0.22854290902614594,0.024304861202836037
YOR113W,YLR121C,0,14.191652,0.48414376378059387,0.22854290902614594,0.02440488152205944
YDL018C,YBR083W,0,14.173138,0.4831223487854004,0.22854290902614594,0.024504901841282845
YER149C,YDR099W,1,14.111614,0.4842105209827423,0.22954091429710388,0.024504901841282845
YMR251W-A,YDL184C,0,14.108523,0.4831932783126831,0.22954091429710388,0.0246049202978611
YER108C,YMR316W,1,14.069843,0.48427674174308777,0.23053891956806183,0.0246049202978611
YLR011W,YOR032C,0,14.062807,0.48326361179351807,0.23053891956806183,0.024704940617084503
YPL171C,YGR123C,0,14.0615225,0.48225468397140503,0.23053891956806183,0.024804960936307907
YLR083C,YPL115C,1,14.03606,0.4833333194255829,0.23153692483901978,0.024804960936307907
YIL167W,YFR031C-A,0,13.992535,0.48232847452163696,0.23153692483901978,0.02490498125553131
YKL216W,YLR201C,0,13.956427,0.4813278019428253,0.23153692483901978,0.025005001574754715
YBR198C,YJL219W,0,13.913605,0.48033127188682556,0.23153692483901978,0.02510502189397812
YDR251W,YKL043W,1,13.905623,0.48140496015548706,0.23253493010997772,0.02510502189397812
YHR073W,YLR313C,1,13.889849,0.4824742376804352,0.23353293538093567,0.02510502189397812
YBL087C,YNL240C,0,13.8853855,0.48148149251937866,0.23353293538093567,0.025205040350556374
YGR159C,YAR033W,0,13.863423,0.48049280047416687,0.23353293538093567,0.025305060669779778
YDR432W,YER118C,1,13.845903,0.48155736923217773,0.23453094065189362,0.025305060669779778
YOL120C,YNL224C,0,13.839873,0.4805726110935211,0.23453094065189362,0.02540508098900318
YLR353W,YNL142W,1,13.839335,0.48163264989852905,0.23552894592285156,0.02540508098900318
YCL038C,YDL014W,0,13.829836,0.48065173625946045,0.23552894592285156,0.025505101308226585
YNL164C,YIL099W,0,13.821298,0.4796747863292694,0.23552894592285156,0.02560512162744999
YOL120C,YDL194W,0,13.813378,0.4787018299102783,0.23552894592285156,0.025705141946673393
YFL025C,YLR432W,0,13.808884,0.4777328073978424,0.23552894592285156,0.025805160403251648
YOR127W,YKL048C,1,13.797731,0.4787878692150116,0.2365269511938095,0.025805160403251648
YHR052W,YLR045C,0,13.741991,0.47782257199287415,0.2365269511938095,0.025905180722475052
YIR019C,YHR111W,1,13.735598,0.47887325286865234,0.23752495646476746,0.025905180722475052
YDR516C,YJR143C,0,13.71793,0.47791165113449097,0.23752495646476746,0.026005201041698456
YNL197C,YMR316W,1,13.673759,0.4789579212665558,0.2385229468345642,0.026005201041698456
YLR364W,YOR063W,0,13.668347,0.4779999852180481,0.2385229468345642,0.02610522136092186
YNL210W,YDR276C,0,13.642857,0.4770458936691284,0.2385229468345642,0.026205241680145264
YGL031C,YBR301W,0,13.630297,0.47609561681747437,0.2385229468345642,0.02630526013672352
YER102W,YGR284C,0,13.62312,0.47514909505844116,0.2385229468345642,0.026405280455946922
YMR164C,YER020W,1,13.609317,0.4761904776096344,0.23952095210552216,0.026405280455946922
YFR055W,YJR067C,0,13.594305,0.4752475321292877,0.23952095210552216,0.026505300775170326
YER178W,YOR100C,0,13.56283,0.4743083119392395,0.23952095210552216,0.02660532109439373
YDL082W,YLR362W,0,13.5439205,0.47337278723716736,0.23952095210552216,0.026705341413617134
YER177W,YPL115C,1,13.541124,0.47440946102142334,0.2405189573764801,0.026705341413617134
YFR024C-A,YML063W,0,13.534492,0.47347739338874817,0.2405189573764801,0.026805361732840538
YBL024W,YJR155W,0,13.503515,0.4725490212440491,0.2405189573764801,0.026905380189418793
YBL063W,YGL135W,0,13.502918,0.4716242551803589,0.2405189573764801,0.027005400508642197
YPR118W,YEL039C,0,13.501335,0.470703125,0.2405189573764801,0.0271054208278656
YOL127W,YJL045W,0,13.486647,0.46978557109832764,0.2405189573764801,0.027205441147089005
YKL043W,YER020W,1,13.482846,0.47081711888313293,0.24151696264743805,0.027205441147089005
YER032W,YGL089C,0,13.443268,0.469902902841568,0.24151696264743805,0.02730546146631241
YER026C,YOR328W,0,13.431742,0.4689922332763672,0.24151696264743805,0.027405481785535812
YDR545W,YCL048W,0,13.418214,0.4680851101875305,0.24151696264743805,0.027505500242114067
YMR164C,YNL119W,1,13.40815,0.46911197900772095,0.242514967918396,0.027505500242114067
YKL048C,YMR316W,1,13.403809,0.4701348841190338,0.24351297318935394,0.027505500242114067
YJL026W,YDR107C,0,13.390476,0.4692307710647583,0.24351297318935394,0.02760552056133747
YKL192C,YJR137C,0,13.383968,0.46833014488220215,0.24351297318935394,0.027705540880560875
YPL160W,YGL116W,0,13.382956,0.4674329459667206,0.24351297318935394,0.02780556119978428
YML047C,YML024W,0,13.374691,0.466539204120636,0.24351297318935394,0.027905581519007683
YMR056C,YLR054C,0,13.3708935,0.4656488597393036,0.24351297318935394,0.028005601838231087
YER149C,YHR011W,1,13.367804,0.46666666865348816,0.2445109784603119,0.028005601838231087
YIL049W,YNL197C,1,13.333637,0.46768060326576233,0.24550898373126984,0.028005601838231087
YDR379W,YKL043W,1,13.331266,0.4686906933784485,0.24650698900222778,0.028005601838231087
YHL011C,YAR033W,0,13.316891,0.467803031206131,0.24650698900222778,0.02810562029480934
YPL021W,YHR084W,1,13.308311,0.4688090682029724,0.24750499427318573,0.02810562029480934
YNR038W,YIR031C,0,13.30738,0.4679245352745056,0.24750499427318573,0.028205640614032745
YKL185W,YJR153W,1,13.30124,0.4689265489578247,0.24850299954414368,0.028205640614032745
YLR362W,YBR083W,1,13.30007,0.46992480754852295,0.24950100481510162,0.028205640614032745
YIL131C,YDR379W,1,13.298813,0.47091931104660034,0.25049901008605957,0.028205640614032745
YPL179W,YIL078W,0,13.280597,0.47003746032714844,0.25049901008605957,0.02830566093325615
YDL046W,YNL067W,0,13.225552,0.4691588878631592,0.25049901008605957,0.028405681252479553
YMR251W-A,YBR176W,0,13.221502,0.46828359365463257,0.25049901008605957,0.028505701571702957
YGR124W,YLR393W,0,13.20516,0.4674115478992462,0.25049901008605957,0.02860572189092636
YBL031W,YBR068C,0,13.19796,0.4665427505970001,0.25049901008605957,0.028705740347504616
YNR050C,YMR016C,0,13.178854,0.4656771719455719,0.25049901008605957,0.02880576066672802
YDR261C,YOR095C,0,13.173646,0.46481481194496155,0.25049901008605957,0.028905780985951424
YMR198W,YJL078C,0,13.132263,0.4639556407928467,0.25049901008605957,0.029005801305174828
YJR153W,YAL056W,1,13.12314,0.46494466066360474,0.2514970004558563,0.029005801305174828
YMR104C,YNL210W,0,13.102578,0.46408841013908386,0.2514970004558563,0.02910582162439823
YMR016C,YAL056W,1,13.086483,0.46507352590560913,0.25249502062797546,0.02910582162439823
YGL189C,YDL017W,0,13.059989,0.46422019600868225,0.25249502062797546,0.029205841943621635
YNR054C,YFR008W,0,13.027887,0.4633699655532837,0.25249502062797546,0.02930586040019989
YDR043C,YKL149C,1,13.011292,0.46435099840164185,0.2534930109977722,0.02930586040019989
YJR150C,YPL269W,0,13.000612,0.4635036587715149,0.2534930109977722,0.029405880719423294
YHL022C,YNL067W,0,12.994223,0.46265938878059387,0.2534930109977722,0.029505901038646698
YDR204W,YHR158C,0,12.986681,0.4618181884288788,0.2534930109977722,0.029605921357870102
YPL017C,YPL249C-A,0,12.977886,0.46098002791404724,0.2534930109977722,0.029705941677093506
YDR432W,YDR107C,1,12.949192,0.46195653080940247,0.25449103116989136,0.029705941677093506
YIL131C,YKL048C,1,12.911266,0.46292948722839355,0.2554890215396881,0.029705941677093506
YLR368W,YIL011W,0,12.903916,0.46209385991096497,0.2554890215396881,0.02980596199631691
YKL185W,YNL098C,1,12.873612,0.4630630612373352,0.25648701190948486,0.02980596199631691
YLL052C,YKR093W,0,12.858076,0.46223020553588867,0.25648701190948486,0.029905980452895164
YDR244W,YKL164C,0,12.801016,0.4614003598690033,0.25648701190948486,0.03000600077211857
YFL044C,YHR089C,0,12.785425,0.4605734646320343,0.25648701190948486,0.030106021091341972
YMR164C,YHR073W,1,12.773109,0.4615384638309479,0.257485032081604,0.030106021091341972
YHR111W,YER020W,1,12.770007,0.4625000059604645,0.25848302245140076,0.030106021091341972
YOR306C,YBL019W,0,12.768447,0.46167558431625366,0.25848302245140076,0.030206041410565376
YPL021W,YDR379W,1,12.767313,0.4626334607601166,0.2594810426235199,0.030206041410565376
YCR038C,YHR197W,0,12.767027,0.46181172132492065,0.2594810426235199,0.03030606172978878
YMR215W,YFR031C-A,0,12.761395,0.4609929025173187,0.2594810426235199,0.030406082049012184
YHR098C,YJL122W,0,12.746115,0.4601770043373108,0.2594810426235199,0.03050610050559044
YPR016C,YIL010W,0,12.736812,0.4593639671802521,0.2594810426235199,0.030606120824813843
YMR164C,YDR379W,1,12.724026,0.460317462682724,0.26047903299331665,0.030606120824813843
YNL068C,YOR127W,1,12.720837,0.4612676203250885,0.2614770531654358,0.030606120824813843
YMR198W,YMR016C,0,12.717115,0.4604569375514984,0.2614770531654358,0.030706141144037247
YNL069C,YBL064C,0,12.7020855,0.45964911580085754,0.2614770531654358,0.03080616146326065
YLR362W,YJR153W,1,12.692507,0.4605954587459564,0.26247504353523254,0.03080616146326065
YER177W,YBR083W,1,12.692044,0.4615384638309479,0.2634730637073517,0.03080616146326065
YKR079C,YHL033C,0,12.679074,0.46073299646377563,0.2634730637073517,0.030906181782484055
YOR127W,YER118C,1,12.67663,0.46167248487472534,0.26447105407714844,0.030906181782484055
YMR220W,YGR235C,0,12.672216,0.46086955070495605,0.26447105407714844,0.03100620210170746
YLR136C,YBR301W,0,12.650423,0.4600694477558136,0.26447105407714844,0.031106220558285713
YGL061C,YPL058C,0,12.647331,0.4592720866203308,0.26447105407714844,0.031206240877509117
YAL058W,YOR182C,0,12.633928,0.4584774971008301,0.26447105407714844,0.03130626305937767
YBR203W,YER120W,0,12.631832,0.4576856791973114,0.26447105407714844,0.031406279653310776
YER109C,YNL142W,1,12.609615,0.45862069725990295,0.2654690742492676,0.031406279653310776
YBR208C,YHR124W,0,12.606212,0.45783132314682007,0.2654690742492676,0.03150629997253418
YNL298W,YAL056W,1,12.605326,0.45876288414001465,0.26646706461906433,0.03150629997253418
YDR018C,YGL029W,0,12.599426,0.45797598361968994,0.26646706461906433,0.031606320291757584
YLR362W,YDR099W,1,12.587303,0.45890411734580994,0.2674650549888611,0.031606320291757584
YOR127W,YDR099W,1,12.585311,0.45982906222343445,0.2684630751609802,0.031606320291757584
YPL101W,YDR033W,0,12.585283,0.45904436707496643,0.2684630751609802,0.03170634061098099
YJL052W,YPL069C,0,12.570272,0.4582623541355133,0.2684630751609802,0.03180636093020439
YHR073W,YOR032C,1,12.546341,0.4591836631298065,0.269461065530777,0.03180636093020439
YPL115C,YOR371C,1,12.543795,0.4601018726825714,0.2704590857028961,0.03180636093020439
YER026C,YCR102C,0,12.512866,0.4593220353126526,0.2704590857028961,0.031906381249427795
YOR030W,YER149C,1,12.496717,0.46023687720298767,0.27145707607269287,0.031906381249427795
YOR127W,YHR084W,1,12.474514,0.4611486494541168,0.272455096244812,0.031906381249427795
YDR107C,YNL142W,1,12.469521,0.46205732226371765,0.27345308661460876,0.031906381249427795
YJR147W,YDR107C,1,12.459561,0.46296295523643494,0.2744511067867279,0.031906381249427795
YPR112C,YGL194C,0,12.438768,0.462184876203537,0.2744511067867279,0.0320064015686512
YOR197W,YML093W,0,12.436758,0.46140938997268677,0.2744511067867279,0.0321064218878746
YKR050W,YPL106C,0,12.432124,0.46063652634620667,0.2744511067867279,0.03220644220709801
YER118C,YHR083W,0,12.422911,0.4598662257194519,0.2744511067867279,0.03230646252632141
YNL068C,YHR111W,1,12.421297,0.4607679545879364,0.27544909715652466,0.03230646252632141
YOL080C,YDL160C,0,12.417491,0.46000000834465027,0.27544909715652466,0.032406482845544815
YCR038C,YER109C,1,12.391104,0.4608984887599945,0.2764471173286438,0.032406482845544815
YJR125C,YCR010C,0,12.389103,0.460132896900177,0.2764471173286438,0.03250649943947792
YHR073W,YKL048C,1,12.387657,0.46102818846702576,0.27744510769844055,0.03250649943947792
YPL057C,YER131W,0,12.375873,0.4602648913860321,0.27744510769844055,0.032606519758701324
YPL003W,YKL060C,0,12.355483,0.4595041275024414,0.27744510769844055,0.03270654007792473
YPL003W,YKL141W,0,12.317186,0.4587458670139313,0.27744510769844055,0.03280656039714813
YOR272W,YJR088C,0,12.305523,0.4579901099205017,0.27744510769844055,0.032906580716371536
YDR107C,YMR316W,1,12.270142,0.45888158679008484,0.2784431278705597,0.032906580716371536
YIL124W,YKL110C,0,12.268296,0.45812806487083435,0.2784431278705597,0.03300660103559494
YPL126W,YGL098W,0,12.250203,0.45737704634666443,0.2784431278705597,0.033106621354818344
YBR119W,YEL011W,0,12.230751,0.4566284716129303,0.2784431278705597,0.03320664167404175
YBL023C,YNR075W,0,12.201506,0.45588234066963196,0.2784431278705597,0.03330666199326515
YLR089C,YJL048C,0,12.153999,0.4551386535167694,0.2784431278705597,0.033406682312488556
YLR417W,YGR158C,0,12.149736,0.45439738035202026,0.2784431278705597,0.03350670263171196
YKL139W,YLR372W,0,12.140485,0.4536585509777069,0.2784431278705597,0.033606722950935364
YIL051C,YJL198W,0,12.140114,0.4529220759868622,0.2784431278705597,0.03370673954486847
YJL013C,YOL077C,0,12.128053,0.45218801498413086,0.2784431278705597,0.03380675986409187
YGR172C,YHR161C,0,12.077924,0.45145630836486816,0.2784431278705597,0.03390678018331528
YPR010C,YOR197W,0,12.068525,0.4507269859313965,0.2784431278705597,0.03400680050253868
YOL140W,YDR046C,0,12.057167,0.44999998807907104,0.2784431278705597,0.034106820821762085
YDR392W,YHR143W,1,12.047453,0.4508856534957886,0.27944111824035645,0.034106820821762085
YDR251W,YDR432W,1,12.034985,0.4517684876918793,0.2804391086101532,0.034106820821762085
YDR379W,YOR371C,1,12.02857,0.45264846086502075,0.28143712878227234,0.034106820821762085
YHR084W,YHR011W,1,12.027733,0.4535256326198578,0.2824351191520691,0.034106820821762085
YKL148C,YDR338C,0,12.025313,0.4528000056743622,0.2824351191520691,0.03420684114098549
YOL120C,YHR207C,0,11.996196,0.45207667350769043,0.2824351191520691,0.03430686146020889
YBR083W,YHR084W,1,11.992942,0.4529505670070648,0.28343313932418823,0.03430686146020889
YGL243W,YIL111W,0,11.967957,0.4522292912006378,0.28343313932418823,0.0344068817794323
YCL064C,YNL209W,0,11.967082,0.45151033997535706,0.28343313932418823,0.0345069020986557
YKL035W,YKL099C,0,11.952146,0.45079365372657776,0.28343313932418823,0.034606922417879105
YDR482C,YPL206C,0,11.94416,0.4500792324542999,0.28343313932418823,0.03470694273710251
YJL046W,YDL184C,0,11.930336,0.44936707615852356,0.28343313932418823,0.03480696305632591
YMR063W,YML100W,0,11.926302,0.44865718483924866,0.28343313932418823,0.03490697965025902
YHR073W,YER109C,1,11.917337,0.4495268166065216,0.284431129693985,0.03490697965025902
YOR272W,YMR083W,0,11.902712,0.4488188922405243,0.284431129693985,0.03500699996948242
YIL131C,YDR099W,1,11.879337,0.44968554377555847,0.2854291498661041,0.03500699996948242
YER177W,YIR019C,1,11.867092,0.450549453496933,0.2864271402359009,0.03500699996948242
YLR089C,YDR176W,0,11.847855,0.44984325766563416,0.2864271402359009,0.035107020288705826
YML022W,YPL242C,0,11.836596,0.449139267206192,0.2864271402359009,0.03520704060792923
YDR031W,YPL106C,0,11.821932,0.44843751192092896,0.2864271402359009,0.035307060927152634
YNR049C,YKL043W,0,11.812083,0.4477379024028778,0.2864271402359009,0.03540708124637604
YHR143W,YMR052W,0,11.770716,0.44704049825668335,0.2864271402359009,0.03550710156559944
YLR237W,YLR260W,0,11.762525,0.4463452696800232,0.2864271402359009,0.035607121884822845
YDR087C,YBR014C,0,11.754408,0.44565218687057495,0.2864271402359009,0.03570714220404625
YLR196W,YKL032C,0,11.75124,0.4449612498283386,0.2864271402359009,0.03580716252326965
YNL068C,YHR011W,1,11.724756,0.4458204209804535,0.28742516040802,0.03580716252326965
YJL052W,YPR183W,0,11.722812,0.4451313614845276,0.28742516040802,0.03590718284249306
YDR294C,YLR333C,0,11.715173,0.4444444477558136,0.28742516040802,0.03600720316171646
YMR135C,YOL006C,0,11.709303,0.44375962018966675,0.28742516040802,0.03610721975564957
YOR288C,YDR126W,0,11.687832,0.4430769085884094,0.28742516040802,0.03620724007487297
YML092C,YGR211W,0,11.677999,0.4423963129520416,0.28742516040802,0.036307260394096375
YJL050W,YDL154W,0,11.677296,0.44171780347824097,0.28742516040802,0.03640728071331978
YIL129C,YKL099C,0,11.666475,0.44104135036468506,0.28742516040802,0.03650730103254318
YMR292W,YPL217C,0,11.654135,0.4403669834136963,0.28742516040802,0.036607321351766586
YDR099W,YMR316W,1,11.623337,0.4412213861942291,0.2884231507778168,0.036607321351766586
YDR350C,YPL160W,0,11.622924,0.44054877758026123,0.2884231507778168,0.03670734167098999
YLR356W,YPL212C,0,11.619995,0.4398782253265381,0.2884231507778168,0.036807361990213394
YPL265W,YIR021W,0,11.614592,0.4392097294330597,0.2884231507778168,0.0369073823094368
YDR251W,YOR032C,1,11.606632,0.44006070494651794,0.2894211709499359,0.0369073823094368
YLL021W,YHR011W,1,11.591236,0.44090908765792847,0.29041916131973267,0.0369073823094368
YLR362W,YMR164C,1,11.58527,0.44175490736961365,0.2914171516895294,0.0369073823094368
YNL305C,YER036C,0,11.580522,0.44108760356903076,0.2914171516895294,0.0370074026286602
YOL016C,YLR378C,0,11.579775,0.44042232632637024,0.2914171516895294,0.037107422947883606
YCL040W,YBL024W,0,11.573632,0.4397590458393097,0.2914171516895294,0.03720744326710701
YOL020W,YER060W-A,0,11.572885,0.43909773230552673,0.2914171516895294,0.037307459861040115
YFR051C,YFR031C-A,0,11.569624,0.43843844532966614,0.2914171516895294,0.03740748018026352
YKL043W,YKL149C,1,11.563365,0.43928036093711853,0.29241517186164856,0.03740748018026352
YDL127W,YIR026C,0,11.555288,0.43862274289131165,0.29241517186164856,0.03750750049948692
YGR108W,YOL042W,0,11.538996,0.43796712160110474,0.29241517186164856,0.03760752081871033
YNL173C,YBR142W,0,11.538895,0.437313437461853,0.29241517186164856,0.03770754113793373
YJL189W,YNL156C,0,11.536364,0.4366616904735565,0.29241517186164856,0.037807561457157135
YHR204W,YDL124W,0,11.520745,0.4360119104385376,0.29241517186164856,0.03790758177638054
YIR034C,YMR202W,0,11.500009,0.4353640377521515,0.29241517186164856,0.03800760209560394
YNL068C,YNL119W,1,11.492165,0.4362017810344696,0.2934131622314453,0.03800760209560394
YIL101C,YLR424W,0,11.487951,0.4355555474758148,0.2934131622314453,0.03810762241482735
YIL049W,YLR313C,1,11.476381,0.4363905191421509,0.29441118240356445,0.03810762241482735
YKL185W,YDR251W,1,11.475876,0.43722304701805115,0.2954091727733612,0.03810762241482735
YKL043W,YDL024C,1,11.475481,0.43805310130119324,0.29640719294548035,0.03810762241482735
YPL241C,YER155C,0,11.466112,0.4374079406261444,0.29640719294548035,0.03820764273405075
YFR005C,YOR133W,0,11.460307,0.4367647171020508,0.29640719294548035,0.038307663053274155
YPL021W,YCR097W,0,11.432352,0.4361233413219452,0.29640719294548035,0.03840768337249756
YMR048W,YMR202W,0,11.430444,0.4354838728904724,0.29640719294548035,0.038507699966430664
YLR249W,YPL176C,0,11.426484,0.43484625220298767,0.29640719294548035,0.03860772028565407
YCL067C,YDR297W,0,11.421596,0.43421053886413574,0.29640719294548035,0.03870774060487747
YPL258C,YHR019C,0,11.40859,0.43357664346694946,0.29640719294548035,0.038807760924100876
YDR379W,YER020W,1,11.403458,0.43440234661102295,0.2974051833152771,0.038807760924100876
YJL020C,YLR286C,0,11.399611,0.43377000093460083,0.2974051833152771,0.03890778124332428
YOR381W,YKR086W,0,11.395406,0.43313953280448914,0.2974051833152771,0.039007801562547684
YOL052C-A,YML081W,0,11.393199,0.4325108826160431,0.2974051833152771,0.03910782188177109
YLR362W,YCR038C,1,11.389658,0.4333333373069763,0.29840320348739624,0.03910782188177109
YBR041W,YKL173W,0,11.362849,0.43270623683929443,0.29840320348739624,0.03920784220099449
YJL052W,YDR113C,0,11.361383,0.4320809245109558,0.29840320348739624,0.039307862520217896
YBR069C,YOL091W,0,11.3562975,0.43145743012428284,0.29840320348739624,0.0394078828394413
YBR186W,YOL123W,0,11.318729,0.4308357238769531,0.29840320348739624,0.0395079031586647
YNL138W,YPL021W,1,11.318686,0.4316546618938446,0.299401193857193,0.0395079031586647
YKL149C,YER020W,1,11.311336,0.43247127532958984,0.30039921402931213,0.0395079031586647
YOL127W,YBR045C,0,11.297211,0.431850790977478,0.30039921402931213,0.03960791975259781
YJR091C,YMR127C,0,11.29253,0.4312320947647095,0.30039921402931213,0.03970794007182121
YOR030W,YKL043W,1,11.289663,0.4320457875728607,0.3013972043991089,0.03970794007182121
YMR164C,YNL098C,1,11.288233,0.4328571557998657,0.30239519476890564,0.03970794007182121
YMR164C,YNL001W,1,11.285024,0.4336661994457245,0.3033932149410248,0.03970794007182121
YPL115C,YNL119W,1,11.251008,0.4344729483127594,0.30439120531082153,0.03970794007182121
YDR477W,YMR316W,1,11.25075,0.43527737259864807,0.3053892254829407,0.03970794007182121
YDL085W,YJL008C,0,11.248524,0.43465909361839294,0.3053892254829407,0.03980796039104462
YIL131C,YAL056W,1,11.245768,0.43546098470687866,0.3063872158527374,0.03980796039104462
YGR138C,YCR091W,0,11.2283535,0.4348441958427429,0.3063872158527374,0.03990798071026802
YHR136C,YKL052C,0,11.211776,0.43422913551330566,0.3063872158527374,0.040008001029491425
YHR001W,YOR128C,0,11.186773,0.4336158335208893,0.3063872158527374,0.04010802134871483
YNL210W,YDL185W,0,11.159073,0.433004230260849,0.3063872158527374,0.04020804166793823
YIL131C,YAL041W,1,11.157469,0.4338028132915497,0.30738523602485657,0.04020804166793823
YJR147W,YLR353W,1,11.154829,0.4345991611480713,0.3083832263946533,0.04020804166793823
YLR116W,YCR005C,0,11.1522255,0.4339887499809265,0.3083832263946533,0.040308061987161636
YLR310C,YGR108W,0,11.14488,0.4333800971508026,0.3083832263946533,0.04040808230638504
YHR143W,YKL149C,1,11.127156,0.43417367339134216,0.30938124656677246,0.04040808230638504
YJR086W,YNL096C,0,11.12085,0.4335664212703705,0.30938124656677246,0.040508102625608444
YER113C,YMR016C,1,11.119416,0.43435755372047424,0.3103792369365692,0.040508102625608444
YPL141C,YBR158W,0,11.112028,0.4337517321109772,0.3103792369365692,0.04060812294483185
YOR046C,YNL331C,0,11.111816,0.4331476390361786,0.3103792369365692,0.04070814326405525
YKL185W,YDR379W,1,11.1056595,0.4339360296726227,0.31137725710868835,0.04070814326405525
YDR446W,YBR110W,0,11.097814,0.4333333373069763,0.31137725710868835,0.04080815985798836
YOR014W,YEL054C,0,11.095064,0.43273231387138367,0.31137725710868835,0.04090818017721176
YHR148W,YJR016C,0,11.092151,0.4321329593658447,0.31137725710868835,0.041008200496435165
YLR136C,YLR084C,0,11.089619,0.4315352737903595,0.31137725710868835,0.04110822081565857
YFR031C-A,YDR099W,0,11.089462,0.4309392273426056,0.31137725710868835,0.04120824113488197
YOR371C,YER020W,1,11.045879,0.4317241311073303,0.3123752474784851,0.04120824113488197
YGR106C,YDR348C,0,11.045048,0.43112948536872864,0.3123752474784851,0.04130826145410538
YLR362W,YNL197C,1,11.043478,0.43191197514533997,0.31337326765060425,0.04130826145410538
YAR015W,YHR161C,0,11.024802,0.4313186705112457,0.31337326765060425,0.04140828177332878
YER144C,YAR044W,0,11.005022,0.4307270348072052,0.31337326765060425,0.041508302092552185
YDR108W,YDR365C,0,10.9963455,0.4301369786262512,0.31337326765060425,0.04160832241177559
YHR143W,YDL159W,1,10.983879,0.43091654777526855,0.314371258020401,0.04160832241177559
YDR515W,YHR089C,0,10.982392,0.4303278625011444,0.314371258020401,0.04170834273099899
YPR073C,YPL144W,0,10.976992,0.4297407865524292,0.314371258020401,0.0418083630502224
YDR099W,YOR032C,1,10.973738,0.43051770329475403,0.31536924839019775,0.0418083630502224
YER075C,YLR307W,0,10.956209,0.42993196845054626,0.31536924839019775,0.0419083833694458
YDR099W,YLL021W,1,10.946886,0.43070653080940247,0.3163672685623169,0.0419083833694458
YBR207W,YHR184W,0,10.933649,0.43012210726737976,0.3163672685623169,0.042008399963378906
YLR364W,YJR046W,0,10.933257,0.429539293050766,0.3163672685623169,0.04210842028260231
YIL122W,YNL053W,0,10.932108,0.42895805835723877,0.3163672685623169,0.042208440601825714
YLR362W,YER149C,1,10.914545,0.42972972989082336,0.31736525893211365,0.042208440601825714
YNL245C,YER108C,0,10.913997,0.4291498064994812,0.31736525893211365,0.04230846092104912
YOR315W,YNL001W,1,10.907776,0.42991912364959717,0.3183632791042328,0.04230846092104912
YIL049W,YJR153W,1,10.907444,0.43068641424179077,0.31936126947402954,0.04230846092104912
YCR091W,YOR202W,0,10.905037,0.4301075339317322,0.31936126947402954,0.04240848124027252
YER131W,YGL038C,0,10.8967,0.42953020334243774,0.31936126947402954,0.042508501559495926
YNR012W,YHR141C,0,10.883959,0.42895442247390747,0.31936126947402954,0.04260852187871933
YDR043C,YER044C,0,10.880458,0.42838019132614136,0.31936126947402954,0.042708542197942734
YEL009C,YNL036W,0,10.861762,0.427807480096817,0.31936126947402954,0.04280856251716614
YKL043W,YER109C,1,10.861696,0.4285714328289032,0.3203592896461487,0.04280856251716614
YML022W,YML016C,0,10.858967,0.42800000309944153,0.3203592896461487,0.04290858283638954
YJR153W,YOR032C,1,10.857965,0.42876166105270386,0.32135728001594543,0.04290858283638954
YER023W,YLR319C,0,10.855385,0.42819148302078247,0.32135728001594543,0.043008603155612946
YDR432W,YDR477W,1,10.847229,0.42895087599754333,0.3223553001880646,0.043008603155612946
YNL124W,YHL036W,0,10.838563,0.42838194966316223,0.3223553001880646,0.04310862347483635
YLR313C,YHR011W,1,10.838486,0.42913907766342163,0.32335329055786133,0.04310862347483635
YOL021C,YER045C,0,10.831377,0.4285714328289032,0.32335329055786133,0.043208640068769455
YEL018W,YGL008C,0,10.81717,0.42800527811050415,0.32335329055786133,0.04330866038799286
YML005W,YNL142W,0,10.804763,0.4274406433105469,0.32335329055786133,0.04340868070721626
YJR076C,YML047C,0,10.7949915,0.4268774688243866,0.32335329055786133,0.04350870102643967
YBR171W,YMR121C,0,10.768839,0.4263157844543457,0.32335329055786133,0.04360872134566307
YIL018W,YOR157C,0,10.748758,0.4257555902004242,0.32335329055786133,0.043708741664886475
YNL271C,YHR143W,1,10.743673,0.42650917172431946,0.32435131072998047,0.043708741664886475
YIL121W,YPR188C,0,10.743481,0.42595019936561584,0.32435131072998047,0.04380876198410988
YCR073C,YOR178C,0,10.701176,0.42539265751838684,0.32435131072998047,0.04390878230333328
YAL003W,YFR049W,0,10.680279,0.4248366057872772,0.32435131072998047,0.044008802622556686
YHL033C,YGL226W,0,10.665456,0.4242819845676422,0.32435131072998047,0.04410882294178009
YJL167W,YNL145W,0,10.632795,0.4237288236618042,0.32435131072998047,0.044208843261003494
YPL159C,YLR010C,0,10.618676,0.4231770932674408,0.32435131072998047,0.0443088635802269
YJL159W,YHR001W-A,0,10.614574,0.422626793384552,0.32435131072998047,0.044408880174160004
YCR034W,YHR090C,0,10.613146,0.4220779240131378,0.32435131072998047,0.04450890049338341
YHR073W,YHR011W,1,10.571354,0.42282748222351074,0.3253493010997772,0.04450890049338341
YGR271C-A,YIR013C,0,10.566875,0.42227980494499207,0.3253493010997772,0.04460892081260681
YDR385W,YLL005C,0,10.558783,0.4217334985733032,0.3253493010997772,0.044708941131830215
YMR006C,YJL177W,0,10.556499,0.421188622713089,0.3253493010997772,0.04480896145105362
YJL051W,YIL167W,0,10.547569,0.420645147562027,0.3253493010997772,0.04490898177027702
YDR251W,YDR107C,1,10.51354,0.4213917553424835,0.326347291469574,0.04490898177027702
YGR161C,YCR024C,0,10.511362,0.42084941267967224,0.326347291469574,0.04500900208950043
YDL081C,YER159C,0,10.507853,0.4203084707260132,0.326347291469574,0.04510902240872383
YOR130C,YOR096W,0,10.48822,0.41976892948150635,0.326347291469574,0.045209042727947235
YNL055C,YLR372W,0,10.487684,0.41923075914382935,0.326347291469574,0.04530906304717064
YNL068C,YNL142W,1,10.481182,0.4199743866920471,0.3273453116416931,0.04530906304717064
YIL010W,YOR127W,0,10.478561,0.41943734884262085,0.3273453116416931,0.04540908336639404
YOL039W,YDR348C,0,10.4782505,0.418901652097702,0.3273453116416931,0.04550909996032715
YEL061C,YBR048W,0,10.475056,0.4183673560619354,0.3273453116416931,0.04560912027955055
YIL153W,YDR471W,0,10.47006,0.41783440113067627,0.3273453116416931,0.045709140598773956
YIL131C,YNL138W,1,10.434971,0.41857507824897766,0.32834330201148987,0.045709140598773956
YNL222W,YMR083W,0,10.426998,0.41804319620132446,0.32834330201148987,0.04580916091799736
YPL081W,YNL166C,0,10.421999,0.4175126850605011,0.32834330201148987,0.045909181237220764
YDR477W,YKL043W,1,10.419314,0.4182509481906891,0.329341322183609,0.045909181237220764
YLR361C,YDR471W,0,10.413494,0.4177215099334717,0.329341322183609,0.04600920155644417
YEL034W,YGL196W,0,10.404915,0.4171934127807617,0.329341322183609,0.04610922187566757
YBR164C,YIL018W,0,10.382486,0.4166666567325592,0.329341322183609,0.046209242194890976
YHR039C,YBR022W,0,10.369515,0.41614124178886414,0.329341322183609,0.04630926251411438
YJR152W,YKL221W,0,10.359243,0.4156171381473541,0.329341322183609,0.046409282833337784
YOR330C,YFL002C,0,10.329567,0.4150943458080292,0.329341322183609,0.04650930315256119
YDL024C,YMR316W,1,10.319089,0.4158291518688202,0.33033931255340576,0.04650930315256119
YKR080W,YKL100C,0,10.30982,0.4153074026107788,0.33033931255340576,0.04660932347178459
YBR100W,YBR109C,0,10.296827,0.4147869646549225,0.33033931255340576,0.0467093400657177
YPR140W,YBL009W,0,10.292812,0.4142678380012512,0.33033931255340576,0.0468093603849411
YGR260W,YOL080C,0,10.287002,0.4137499928474426,0.33033931255340576,0.046909380704164505
YLR008C,YMR323W,0,10.281198,0.4132334589958191,0.33033931255340576,0.04700940102338791
YPL161C,YNL015W,0,10.279522,0.4127182066440582,0.33033931255340576,0.04710942134261131
YBL002W,YDR324C,0,10.278812,0.41220423579216003,0.33033931255340576,0.04720944166183472
YIL131C,YHR084W,1,10.273193,0.4129353165626526,0.3313373327255249,0.04720944166183472
YER177W,YHR011W,1,10.270843,0.4136646091938019,0.33233532309532166,0.04720944166183472
YJR022W,YHR190W,0,10.267662,0.413151353597641,0.33233532309532166,0.04730946198105812
YNR012W,YDR452W,0,10.261567,0.41263940930366516,0.33233532309532166,0.047409482300281525
YER108C,YOR371C,1,10.257971,0.4133663475513458,0.3333333432674408,0.047409482300281525
YHR003C,YIL111W,0,10.257013,0.4128553867340088,0.3333333432674408,0.04750950261950493
YMR184W,YDR234W,0,10.255115,0.41234567761421204,0.3333333432674408,0.04760952293872833
YGL104C,YER007C-A,0,10.247055,0.41183724999427795,0.3333333432674408,0.047709543257951736
YOR315W,YLR313C,1,10.241541,0.4125615656375885,0.33433133363723755,0.047709543257951736
YER149C,YER118C,1,10.239594,0.4132841229438782,0.3353293538093567,0.047709543257951736
YDR096W,YMR230W,0,10.22751,0.4127764105796814,0.3353293538093567,0.04780956357717514
YGL224C,YML110C,0,10.226282,0.4122699499130249,0.3353293538093567,0.047909580171108246
YDR123C,YMR060C,0,10.201688,0.4117647111415863,0.3353293538093567,0.04800960049033165
YKL014C,YHR021C,0,10.181541,0.411260724067688,0.3353293538093567,0.048109620809555054
YOR043W,YEL021W,0,10.175005,0.41075795888900757,0.3353293538093567,0.04820964112877846
YOL007C,YDR004W,0,10.167962,0.41025641560554504,0.3353293538093567,0.04830966144800186
YLR133W,YGR200C,0,10.167522,0.4097560942173004,0.3353293538093567,0.048409681767225266
YIL040W,YOR172W,0,10.151262,0.4092569947242737,0.3353293538093567,0.04850970208644867
YDR235W,YGL147C,0,10.125614,0.40875911712646484,0.3353293538093567,0.04860972240567207
YER108C,YHR073W,1,10.112966,0.4094775319099426,0.33632734417915344,0.04860972240567207
YKL195W,YPL079W,0,10.093676,0.4089805781841278,0.33632734417915344,0.04870974272489548
YDR432W,YAL056W,1,10.086245,0.4096969664096832,0.3373253345489502,0.04870974272489548
YOR158W,YDR013W,0,10.082638,0.4092009663581848,0.3373253345489502,0.04880976304411888
YJL184W,YGL028C,0,10.044068,0.4087061583995819,0.3373253345489502,0.048909783363342285
YIL049W,YMR016C,1,10.040297,0.40942028164863586,0.33832335472106934,0.048909783363342285
YDR107C,YDR099W,1,10.030786,0.41013267636299133,0.3393213450908661,0.048909783363342285
YGR128C,YIL011W,0,10.021011,0.40963855385780334,0.3393213450908661,0.04900980368256569
YDR382W,YMR289W,0,10.017996,0.4091455936431885,0.3393213450908661,0.049109820276498795
YBL087C,YLR193C,0,10.015647,0.4086538553237915,0.3393213450908661,0.0492098405957222
YGR013W,YIL148W,0,10.011097,0.40816327929496765,0.3393213450908661,0.0493098609149456
YAL041W,YOR032C,1,9.995089,0.40887290239334106,0.34031936526298523,0.0493098609149456
YER006W,YEL058W,0,9.9878,0.40838322043418884,0.34031936526298523,0.049409881234169006
YPL105C,YDR046C,0,9.981092,0.40789473056793213,0.34031936526298523,0.04950990155339241
YNL130C,YER007C-A,0,9.974634,0.40740740299224854,0.34031936526298523,0.049609921872615814
YBL013W,YDR471W,0,9.971131,0.40692123770713806,0.34031936526298523,0.04970994219183922
YML022W,YNL251C,0,9.959711,0.4064362347126007,0.34031936526298523,0.04980996251106262
YJL097W,YKL141W,0,9.958013,0.4059523940086365,0.34031936526298523,0.049909982830286026
YDR382W,YOL016C,0,9.954842,0.405469685792923,0.34031936526298523,0.05001000314950943
YGR157W,YNL106C,0,9.945225,0.4049881100654602,0.34031936526298523,0.050110023468732834
YKL096W,YGL166W,0,9.943615,0.40450769662857056,0.34031936526298523,0.05021004378795624
YLR362W,YKL149C,1,9.91741,0.40521326661109924,0.341317355632782,0.05021004378795624
YDR379W,YHR111W,1,9.904671,0.4059171676635742,0.3423153758049011,0.05021004378795624
YGL171W,YHR042W,0,9.90383,0.4054373502731323,0.3423153758049011,0.05031006038188934
YHR044C,YDR143C,0,9.902972,0.40495866537094116,0.3423153758049011,0.05041008070111275
YLR362W,YCR093W,1,9.900012,0.40566039085388184,0.3433133661746979,0.05041008070111275
YJL109C,YBL037W,0,9.897595,0.4051825702190399,0.3433133661746979,0.05051010102033615
YOR371C,YHR011W,1,9.889368,0.4058823585510254,0.344311386346817,0.05051010102033615
YNR011C,YPL061W,0,9.87179,0.4054054021835327,0.344311386346817,0.050610121339559555
YER177W,YER118C,1,9.869444,0.4061032831668854,0.34530937671661377,0.050610121339559555
YCR073C,YJL138C,0,9.8546295,0.40562719106674194,0.34530937671661377,0.05071014165878296
YDR376W,YOR247W,0,9.854301,0.40515223145484924,0.34530937671661377,0.05081016197800636
YFL049W,YML011C,0,9.853681,0.4046783745288849,0.34530937671661377,0.05091018229722977
YNL098C,YOR371C,1,9.847243,0.40537384152412415,0.3463073968887329,0.05091018229722977
YBR024W,YLR340W,0,9.832588,0.40490081906318665,0.3463073968887329,0.05101020261645317
YNL305C,YBR248C,0,9.830392,0.4044288992881775,0.3463073968887329,0.051110222935676575
YNL001W,YDL159W,1,9.82127,0.40512222051620483,0.34730538725852966,0.051110222935676575
YDR251W,YML047C,0,9.819278,0.4046511650085449,0.34730538725852966,0.05121024325489998
YIL078W,YOR047C,0,9.817629,0.40418118238449097,0.34730538725852966,0.05131026357412338
YMR106C,YML116W,0,9.798428,0.40371230244636536,0.34730538725852966,0.051410283893346786
YOR127W,YHR011W,1,9.791929,0.4044032394886017,0.3483034074306488,0.051410283893346786
YJL050W,YBR139W,0,9.790657,0.40393519401550293,0.3483034074306488,0.05151030048727989
YNL119W,YDR043C,1,9.785648,0.4046242833137512,0.34930139780044556,0.05151030048727989
YDR379W,YLR313C,1,9.784152,0.40531179308891296,0.3502993881702423,0.05151030048727989
YHR111W,YCR038C,1,9.782733,0.40599769353866577,0.35129740834236145,0.05151030048727989
YLR312C-B,YLR362W,1,9.779188,0.40668201446533203,0.3522953987121582,0.05151030048727989
YHR185C,YGR135W,0,9.778362,0.40621402859687805,0.3522953987121582,0.051610320806503296
YOR136W,YEL004W,0,9.77106,0.40574711561203003,0.3522953987121582,0.0517103411257267
YNR032W,YFL011W,0,9.764159,0.40528127551078796,0.3522953987121582,0.051810361444950104
YJL136C,YDR016C,0,9.740035,0.40481650829315186,0.3522953987121582,0.05191038176417351
YNL098C,YKL048C,1,9.730608,0.40549829602241516,0.35329341888427734,0.05191038176417351
YDR043C,YCL055W,0,9.728836,0.4050343334674835,0.35329341888427734,0.05201040208339691
YER096W,YDR224C,0,9.725758,0.40457141399383545,0.35329341888427734,0.052110422402620316
YGR061C,YKR093W,0,9.71525,0.4041095972061157,0.35329341888427734,0.05221044272184372
YGL047W,YHL015W,0,9.707708,0.4036487936973572,0.35329341888427734,0.05231046304106712
YLR174W,YBR302C,0,9.704507,0.4031890630722046,0.35329341888427734,0.05241048336029053
YDR488C,YMR307W,0,9.678579,0.40273037552833557,0.35329341888427734,0.05251050367951393
YBR100W,YOR158W,0,9.67495,0.4022727310657501,0.35329341888427734,0.05261052027344704
YLR085C,YFR031C-A,0,9.669899,0.40181612968444824,0.35329341888427734,0.05271054059267044
YOR315W,YDR477W,1,9.667948,0.402494341135025,0.3542914092540741,0.05271054059267044
YMR131C,YLL023C,0,9.64339,0.4020385146141052,0.3542914092540741,0.052810560911893845
YIL049W,YNL001W,1,9.642887,0.40271493792533875,0.35528942942619324,0.052810560911893845
YIL131C,YPL021W,1,9.642791,0.4033898413181305,0.35628741979599,0.052810560911893845
YCR054C,YDR255C,0,9.640064,0.40293455123901367,0.35628741979599,0.05291058123111725
YDR477W,YOR032C,1,9.629159,0.40360766649246216,0.35728543996810913,0.05291058123111725
YLR131C,YGR013W,0,9.621736,0.4031531512737274,0.35728543996810913,0.05301060155034065
YGL192W,YMR135C,0,9.605961,0.40269964933395386,0.35728543996810913,0.053110621869564056
YPL076W,YDR386W,0,9.598906,0.40224719047546387,0.35728543996810913,0.05321064218878746
YOR127W,YER113C,1,9.593721,0.4029180705547333,0.3582834303379059,0.05321064218878746
YPR041W,YIL034C,0,9.582111,0.402466356754303,0.3582834303379059,0.053310662508010864
YIL131C,YMR164C,1,9.581473,0.4031355082988739,0.359281450510025,0.053310662508010864
YMR016C,YER118C,1,9.57988,0.40380313992500305,0.3602794408798218,0.053310662508010864
YOR326W,YDR385W,0,9.5738125,0.40335196256637573,0.3602794408798218,0.05341068282723427
YGR198W,YLR341W,0,9.572693,0.4029017984867096,0.3602794408798218,0.05351070314645767
YOR369C,YIL034C,0,9.5703745,0.40245261788368225,0.3602794408798218,0.053610723465681076
YLR312C-B,YDR043C,1,9.5600605,0.4031180441379547,0.36127743124961853,0.053610723465681076
YDR432W,YOR371C,1,9.543718,0.4037819802761078,0.36227545142173767,0.053610723465681076
YCR065W,YHR200W,0,9.543429,0.4033333361148834,0.36227545142173767,0.05371074378490448
YGL055W,YLL013C,0,9.541588,0.40288567543029785,0.36227545142173767,0.053810760378837585
YNL298W,YOR032C,1,9.524475,0.4035476744174957,0.3632734417915344,0.053810760378837585
YNL197C,YER020W,1,9.517134,0.4042081832885742,0.36427146196365356,0.053810760378837585
YJR153W,YOR127W,1,9.505016,0.4048672616481781,0.3652694523334503,0.053810760378837585
YMR105C,YER003C,0,9.504775,0.4044198989868164,0.3652694523334503,0.05391078069806099
YGR163W,YDR087C,0,9.503077,0.4039735198020935,0.3652694523334503,0.05401080101728439
YJR143C,YNL059C,0,9.483652,0.4035281240940094,0.3652694523334503,0.0541108213365078
YDR334W,YBR040W,0,9.459242,0.4030837118625641,0.3652694523334503,0.0542108416557312
YNL079C,YNL142W,1,9.448263,0.40374037623405457,0.36626747250556946,0.0542108416557312
YDL049C,YFL031W,0,9.445361,0.40329670906066895,0.36626747250556946,0.054310861974954605
YER113C,YLR313C,1,9.433303,0.4039517045021057,0.3672654628753662,0.054310861974954605
YGL120C,YDL146W,0,9.4126425,0.4035087823867798,0.3672654628753662,0.05441088229417801
YER177W,YNL197C,1,9.411621,0.40416210889816284,0.36826348304748535,0.05441088229417801
YDR432W,YML088W,0,9.399029,0.4037199020385742,0.36826348304748535,0.05451090261340141
YLR417W,YAL023C,0,9.397129,0.4032786786556244,0.36826348304748535,0.05461092293262482
YLR083C,YHR084W,1,9.395294,0.403930127620697,0.3692614734172821,0.05461092293262482
YJR045C,YGR049W,0,9.391155,0.4034896492958069,0.3692614734172821,0.05471094325184822
YBR154C,YCL038C,0,9.386303,0.40305009484291077,0.3692614734172821,0.054810963571071625
YML047C,YBR079C,0,9.376559,0.40261152386665344,0.3692614734172821,0.05491098389029503
YMR261C,YJR045C,0,9.368084,0.4021739065647125,0.3692614734172821,0.055011000484228134
YDR462W,YIL148W,0,9.363556,0.401737242937088,0.3692614734172821,0.05511102080345154
YJR153W,YNL001W,1,9.359661,0.4023861289024353,0.37025949358940125,0.05511102080345154
YMR164C,YPL115C,1,9.356014,0.403033584356308,0.371257483959198,0.05511102080345154
YLR393W,YDL065C,0,9.347673,0.4025973975658417,0.371257483959198,0.05521104112267494
YCR005C,YER074W-A,0,9.346525,0.4021621644496918,0.371257483959198,0.055311061441898346
YNL197C,YDR043C,1,9.346273,0.4028077721595764,0.37225547432899475,0.055311061441898346
YJR147W,YNL098C,1,9.345227,0.4034520089626312,0.3732534945011139,0.055311061441898346
YER108C,YKL048C,1,9.343487,0.4040948152542114,0.37425148487091064,0.055311061441898346
YCL050C,YNL225C,0,9.322855,0.403659850358963,0.37425148487091064,0.05541108176112175
YDR158W,YML055W,0,9.309067,0.4032258093357086,0.37425148487091064,0.055511102080345154
YDR069C,YMR016C,0,9.304905,0.40279269218444824,0.37425148487091064,0.05561112239956856
YER177W,YDR379W,1,9.288414,0.4034334719181061,0.3752495050430298,0.05561112239956856
YDR418W,YJR046W,0,9.279801,0.403001070022583,0.3752495050430298,0.05571114271879196
YHR073W,YNL142W,1,9.277907,0.4036402702331543,0.37624749541282654,0.05571114271879196
YPL265W,YDR204W,0,9.277195,0.40320855379104614,0.37624749541282654,0.055811163038015366
YEL034W,YHR134W,0,9.2706,0.4027777910232544,0.37624749541282654,0.05591118335723877
YPR016C,YOL002C,0,9.269239,0.4023479223251343,0.37624749541282654,0.05601120367646217
YMR198W,YKR042W,0,9.268963,0.4019189774990082,0.37624749541282654,0.05611122399568558
YLR092W,YOL012C,0,9.264162,0.4014909565448761,0.37624749541282654,0.05621124058961868
YDR054C,YCL035C,0,9.253286,0.40106382966041565,0.37624749541282654,0.05631126090884209
YPL075W,YIL131C,0,9.242899,0.4006376266479492,0.37624749541282654,0.05641128122806549
YBR033W,YMR190C,0,9.227514,0.4002123177051544,0.37624749541282654,0.056511301547288895
YJL203W,YNL020C,0,9.224752,0.39978790283203125,0.37624749541282654,0.0566113218665123
YIR019C,YDR107C,1,9.216473,0.40042373538017273,0.3772455155849457,0.0566113218665123
YPR019W,YMR230W,0,9.208506,0.4000000059604645,0.3772455155849457,0.0567113421857357
YJR153W,YBR191W,0,9.205128,0.39957717061042786,0.3772455155849457,0.056811362504959106
YIR033W,YIL118W,0,9.195684,0.39915522933006287,0.3772455155849457,0.05691138282418251
YPR199C,YKL185W,0,9.188451,0.3987341821193695,0.3772455155849457,0.057011403143405914
YER149C,YMR164C,1,9.188278,0.3993677496910095,0.37824350595474243,0.057011403143405914
YGR279C,YPL256C,0,9.185443,0.3989473581314087,0.37824350595474243,0.05711142346262932
YIR019C,YHR011W,1,9.183809,0.39957937598228455,0.3792415261268616,0.05711142346262932
YNL298W,YNL197C,1,9.177441,0.40021008253097534,0.3802395164966583,0.05711142346262932
YBR161W,YHR103W,0,9.165068,0.3997901380062103,0.3802395164966583,0.05721144378185272
YER177W,YHR073W,1,9.165009,0.40041929483413696,0.38123753666877747,0.05721144378185272
YDR477W,YOR242C,0,9.141366,0.4000000059604645,0.38123753666877747,0.057311464101076126
YOR030W,YBR083W,1,9.120708,0.40062761306762695,0.3822355270385742,0.057311464101076126
YDR500C,YPL058C,0,9.114571,0.400208979845047,0.3822355270385742,0.05741148069500923
YER006W,YLR034C,0,9.114403,0.39979124069213867,0.3822355270385742,0.057511501014232635
YIL075C,YMR142C,0,9.0993805,0.3993743360042572,0.3822355270385742,0.05761152133345604
YPL246C,YPL175W,0,9.095255,0.39895832538604736,0.3822355270385742,0.05771154165267944
YNL197C,YDL024C,1,9.094379,0.39958375692367554,0.38323354721069336,0.05771154165267944
YLR083C,YNL298W,1,9.091037,0.40020790696144104,0.3842315375804901,0.05771154165267944
YPL115C,YDR107C,1,9.088795,0.4008307456970215,0.38522952795028687,0.05771154165267944
YBR041W,YLR226W,0,9.084441,0.40041494369506836,0.38522952795028687,0.05781156197190285
YIL114C,YPL138C,0,9.080012,0.4000000059604645,0.38522952795028687,0.05791158229112625
YLR353W,YDL024C,1,9.068349,0.40062111616134644,0.386227548122406,0.05791158229112625
YDR519W,YGL092W,0,9.052117,0.4002068340778351,0.386227548122406,0.058011602610349655
YPL021W,YOR371C,1,9.045647,0.40082645416259766,0.38722553849220276,0.058011602610349655
YGL254W,YGR059W,0,9.0424385,0.40041279792785645,0.38722553849220276,0.05811162292957306
YOR371C,YLL021W,1,9.021763,0.40103092789649963,0.3882235586643219,0.05811162292957306
YDL081C,YLR360W,0,9.021072,0.40061792731285095,0.3882235586643219,0.05821164324879646
YDR099W,YMR016C,1,9.014432,0.40123456716537476,0.38922154903411865,0.05821164324879646
YDR107C,YKL048C,1,9.012245,0.4018499553203583,0.3902195692062378,0.05821164324879646
YJL110C,YJL001W,0,9.007471,0.401437371969223,0.3902195692062378,0.05831166356801987
YCL050C,YIL167W,0,9.00671,0.401025652885437,0.3902195692062378,0.05841168388724327
YPL006W,YCL044C,0,9.002398,0.40061476826667786,0.3902195692062378,0.058511700481176376
YLR353W,YHR011W,1,8.993084,0.40122824907302856,0.39121755957603455,0.058511700481176376
YKL006C-A,YKL008C,0,8.972066,0.40081799030303955,0.39121755957603455,0.05861172080039978
YBR069C,YMR257C,0,8.964519,0.4004085659980774,0.39121755957603455,0.058711741119623184
YOR030W,YPL021W,1,8.959368,0.4010204076766968,0.3922155797481537,0.058711741119623184
YLR155C,YPR120C,0,8.950214,0.40061160922050476,0.3922155797481537,0.05881176143884659
YNL001W,YKL048C,1,8.947893,0.40122199058532715,0.39321357011795044,0.05881176143884659
YDR107C,YDL159W,1,8.937834,0.40183112025260925,0.3942115902900696,0.05881176143884659
YIL049W,YKL043W,1,8.923918,0.40243902802467346,0.39520958065986633,0.05881176143884659
YDR284C,YOR224C,0,8.916553,0.40203046798706055,0.39520958065986633,0.05891178175806999
YGR223C,YGR279C,0,8.914643,0.4016227126121521,0.39520958065986633,0.059011802077293396
YOR030W,YLR229C,1,8.9137945,0.402228981256485,0.3962075710296631,0.059011802077293396
YAL003W,YPL154C,0,8.912889,0.4018218517303467,0.3962075710296631,0.0591118223965168
YGR295C,YLR147C,0,8.903724,0.40141555666923523,0.3962075710296631,0.059211842715740204
YDL159W,YOR032C,1,8.897293,0.4020202159881592,0.3972055912017822,0.059211842715740204
YKR031C,YMR199W,0,8.895698,0.4016145169734955,0.3972055912017822,0.05931186303496361
YDR098C,YGR249W,0,8.887721,0.40120968222618103,0.3972055912017822,0.05941188335418701
YPL174C,YJR139C,0,8.884054,0.40080565214157104,0.3972055912017822,0.059511903673410416
YHR185C,YEL001C,0,8.883154,0.4004024267196655,0.3972055912017822,0.05961192399263382
YMR322C,YHR014W,0,8.869416,0.4000000059604645,0.3972055912017822,0.059711940586566925
YNL077W,YHL047C,0,8.867591,0.3995983898639679,0.3972055912017822,0.05981196090579033
YHR007C,YJL208C,0,8.866421,0.3991975784301758,0.3972055912017822,0.05991198122501373
YHR098C,YGL223C,0,8.835925,0.3987976014614105,0.3972055912017822,0.06001200154423714
YGL093W,YBR131W,0,8.820993,0.39839839935302734,0.3972055912017822,0.06011202186346054
YER149C,YPL021W,1,8.818965,0.39899998903274536,0.398203581571579,0.06011202186346054
YPL133C,YKL220C,0,8.816577,0.3986014127731323,0.398203581571579,0.060212042182683945
YJR153W,YDL159W,1,8.808602,0.3992016017436981,0.3992016017436981,0.060212042182683945
YKR067W,YER093C,0,8.80686,0.39880359172821045,0.3992016017436981,0.06031206250190735
YHR124W,YMR139W,0,8.789848,0.39840638637542725,0.3992016017436981,0.06041208282113075
YOL076W,YIR015W,0,8.78446,0.3980099558830261,0.3992016017436981,0.060512103140354156
YER108C,YHR143W,1,8.781291,0.39860835671424866,0.4001995921134949,0.060512103140354156
YLR229C,YNL001W,1,8.778074,0.3992055654525757,0.401197612285614,0.060512103140354156
YEL039C,YNL067W,0,8.776424,0.3988095223903656,0.401197612285614,0.06061212345957756
YLR158C,YOR269W,0,8.77532,0.39841428399086,0.401197612285614,0.060712143778800964
YDR099W,YGL155W,0,8.773302,0.39801979064941406,0.401197612285614,0.06081216409802437
YOR247W,YMR154C,0,8.77,0.3976261019706726,0.401197612285614,0.060912180691957474
YLR004C,YGR183C,0,8.768254,0.39723318815231323,0.401197612285614,0.06101220101118088
YNL072W,YNL093W,0,8.763866,0.3968410789966583,0.401197612285614,0.06111222133040428
YPL095C,YGR024C,0,8.762681,0.3964497148990631,0.401197612285614,0.061212241649627686
YOR328W,YDR252W,0,8.758397,0.39605912566185,0.401197612285614,0.06131226196885109
YDR447C,YDR259C,0,8.753849,0.39566928148269653,0.401197612285614,0.06141228228807449
YJR160C,YPR031W,0,8.749577,0.39528024196624756,0.401197612285614,0.0615123026072979
YJR095W,YNR030W,0,8.74924,0.3948919475078583,0.401197612285614,0.0616123229265213
YIR019C,YER149C,1,8.74829,0.3954857587814331,0.40219560265541077,0.0616123229265213
YML121W,YLR150W,0,8.747905,0.3950980305671692,0.40219560265541077,0.061712343245744705
YLR089C,YJL208C,0,8.73997,0.39471107721328735,0.40219560265541077,0.06181236356496811
YER040W,YHR139C,0,8.7366905,0.3943248391151428,0.40219560265541077,0.06191238388419151
YHL007C,YDL024C,1,8.736073,0.39491692185401917,0.4031936228275299,0.06191238388419151
YPR052C,YCR036W,0,8.728224,0.39453125,0.4031936228275299,0.06201240420341492
YAL061W,YGR098C,0,8.724149,0.3941463530063629,0.4031936228275299,0.06211242079734802
YJR109C,YGL226W,0,8.723244,0.39376217126846313,0.4031936228275299,0.062212441116571426
YDR107C,YHR073W,1,8.718021,0.3943524956703186,0.40419161319732666,0.062212441116571426
YJL137C,YLR089C,0,8.717224,0.3939688801765442,0.40419161319732666,0.06231246143579483
YOR315W,YLL021W,1,8.716109,0.3945578336715698,0.4051896333694458,0.06231246143579483
YGL028C,YIL162W,0,8.710325,0.3941747546195984,0.4051896333694458,0.062412481755018234
YGL008C,YNL148C,0,8.704644,0.39379242062568665,0.4051896333694458,0.06251250207424164
YER113C,YHR073W,1,8.699758,0.3943798542022705,0.40618762373924255,0.06251250207424164
YGR086C,YJL184W,0,8.699519,0.39399805665016174,0.40618762373924255,0.06261252611875534
YER054C,YIR002C,0,8.693874,0.39361703395843506,0.40618762373924255,0.06271254271268845
YPL209C,YNL209W,0,8.671946,0.3932367265224457,0.40618762373924255,0.06281255930662155
YBL002W,YOL119C,0,8.660194,0.3928571343421936,0.40618762373924255,0.06291258335113525
YFR031C-A,YBR248C,0,8.6575,0.3924783170223236,0.40618762373924255,0.06301259994506836
YIR019C,YAL056W,1,8.655735,0.39306357502937317,0.4071856141090393,0.06301259994506836
YOR303W,YHR121W,0,8.652962,0.39268526434898376,0.4071856141090393,0.06311262398958206
YLR083C,YHR101C,0,8.652805,0.39230769872665405,0.4071856141090393,0.06321264058351517
YOR109W,YMR316W,0,8.65223,0.39193084836006165,0.4071856141090393,0.06331266462802887
YDR381W,YNL103W,0,8.651438,0.39155471324920654,0.4071856141090393,0.06341268122196198
YHR185C,YJR046W,0,8.643904,0.39117929339408875,0.4071856141090393,0.06351270526647568
YOR127W,YLL021W,1,8.642789,0.39176246523857117,0.40818363428115845,0.06351270526647568
YAL041W,YMR164C,1,8.63695,0.39234450459480286,0.4091816246509552,0.06351270526647568
YDR251W,YER149C,1,8.596651,0.3929254412651062,0.41017964482307434,0.06351270526647568
YGL141W,YAL008W,0,8.59093,0.39255014061927795,0.41017964482307434,0.06361272186040878
YDR204W,YKR075C,0,8.585818,0.3921755850315094,0.41017964482307434,0.06371274590492249
YJL111W,YOR100C,0,8.584404,0.39180171489715576,0.41017964482307434,0.06381276249885559
YLR089C,YLR240W,0,8.58327,0.39142856001853943,0.41017964482307434,0.0639127790927887
YPL249C-A,YAR033W,0,8.58259,0.3910561501979828,0.41017964482307434,0.0640128031373024
YKR010C,YOR063W,0,8.576597,0.3906843960285187,0.41017964482307434,0.0641128197312355
YFR037C,YIL074C,0,8.572561,0.39031338691711426,0.41017964482307434,0.0642128437757492
YMR149W,YPL280W,0,8.568921,0.38994306325912476,0.41017964482307434,0.06431286036968231
YIL049W,YLR229C,1,8.552528,0.3905213177204132,0.4111776351928711,0.06431286036968231
YDR023W,YGL064C,0,8.551015,0.3901515007019043,0.4111776351928711,0.06441288441419601
YLR037C,YDR128W,0,8.547302,0.3897823989391327,0.4111776351928711,0.06451290100812912
YER113C,YER020W,1,8.545292,0.39035916328430176,0.41217565536499023,0.06451290100812912
YDR379W,YNL119W,1,8.54319,0.39093485474586487,0.413173645734787,0.06451290100812912
YPR118W,YIL018W,0,8.540379,0.39056605100631714,0.413173645734787,0.06461292505264282
YLR032W,YER110C,0,8.53723,0.3901979327201843,0.413173645734787,0.06471294164657593
YPL249C,YHR052W,0,8.537013,0.38983049988746643,0.413173645734787,0.06481296569108963
YDR432W,YOR127W,1,8.524484,0.39040452241897583,0.41417166590690613,0.06481296569108963
YHR123W,YHR166C,0,8.518474,0.3900375962257385,0.41417166590690613,0.06491298228502274
YLR229C,YHR143W,1,8.518294,0.39061033725738525,0.4151696562767029,0.06491298228502274
YOR315W,YNL271C,1,8.508005,0.39118197560310364,0.416167676448822,0.06491298228502274
YMR068W,YER141W,0,8.507014,0.3908153772354126,0.416167676448822,0.06501299887895584
YPL186C,YDR091C,0,8.497226,0.3904494345188141,0.416167676448822,0.06511302292346954
YHR111W,YMR316W,1,8.488802,0.39101964235305786,0.4171656668186188,0.06511302292346954
YKR060W,YHR094C,0,8.484432,0.39065420627593994,0.4171656668186188,0.06521303951740265
YDR477W,YBR083W,1,8.475372,0.39122316241264343,0.4181636869907379,0.06521303951740265
YLR229C,YLR313C,1,8.47016,0.39179104566574097,0.41916167736053467,0.06521303951740265
YJR147W,YDR432W,1,8.467072,0.39235788583755493,0.4201596677303314,0.06521303951740265
YEL032W,YBR228W,0,8.465823,0.3919925391674042,0.4201596677303314,0.06531306356191635
YDR234W,YER141W,0,8.463549,0.3916279077529907,0.4201596677303314,0.06541308015584946
YDR406W,YFL002C,0,8.44561,0.3912639319896698,0.4201596677303314,0.06551310420036316
YBR199W,YFR015C,0,8.442051,0.3909006416797638,0.4201596677303314,0.06561312079429626
YPL174C,YBR018C,0,8.43886,0.3905380368232727,0.4201596677303314,0.06571314483880997
YER113C,YPL028W,0,8.437281,0.39017608761787415,0.4201596677303314,0.06581316143274307
YKL043W,YDR043C,1,8.430483,0.3907407522201538,0.42115768790245056,0.06581316143274307
YDR251W,YNL142W,1,8.430181,0.3913043439388275,0.4221556782722473,0.06581316143274307
YPL115C,YDR043C,1,8.424561,0.39186692237854004,0.42315369844436646,0.06581316143274307
YIL036W,YLR048W,0,8.412032,0.39150509238243103,0.42315369844436646,0.06591318547725677
YER113C,YNL119W,1,8.406486,0.39206641912460327,0.4241516888141632,0.06591318547725677
YIL131C,YDL024C,1,8.405266,0.39262673258781433,0.42514970898628235,0.06591318547725677
YBR189W,YBR160W,0,8.38907,0.3922652006149292,0.42514970898628235,0.06601320207118988
YMR293C,YLR083C,0,8.381434,0.3919043242931366,0.42514970898628235,0.06611322611570358
YIR019C,YDL024C,1,8.379479,0.39246323704719543,0.4261476993560791,0.06611322611570358
YBR100W,YDR084C,0,8.37729,0.39210283756256104,0.4261476993560791,0.06621324270963669
YJL177W,YCR072C,0,8.364955,0.39174312353134155,0.4261476993560791,0.0663132593035698
YPL090C,YDR182W,0,8.363885,0.3913840651512146,0.4261476993560791,0.0664132833480835
YHR124W,YDL240W,0,8.363054,0.3910256326198578,0.4261476993560791,0.0665132999420166
YBL014C,YAL015C,0,8.357072,0.3906678855419159,0.4261476993560791,0.0666133239865303
YIL127C,YJR091C,0,8.35199,0.39031079411506653,0.4261476993560791,0.06671334058046341
YLR347C,YER044C,0,8.338241,0.3899543285369873,0.4261476993560791,0.06681336462497711
YGR254W,YNL268W,0,8.337807,0.389598548412323,0.4261476993560791,0.06691338121891022
YEL034W,YDR287W,0,8.333344,0.38924339413642883,0.4261476993560791,0.06701340526342392
YDR165W,YHR196W,0,8.331572,0.3888888955116272,0.4261476993560791,0.06711342185735703
YLR139C,YNL031C,0,8.327965,0.3885350227355957,0.4261476993560791,0.06721344590187073
YCR093W,YER020W,1,8.322861,0.389090895652771,0.42714571952819824,0.06721344590187073
YBR188C,YGL229C,0,8.318118,0.3887374997138977,0.42714571952819824,0.06731346249580383
YOR030W,YMR164C,1,8.309425,0.3892922103404999,0.428143709897995,0.06731346249580383
YJL170C,YLR362W,0,8.309324,0.3889392614364624,0.428143709897995,0.06741347908973694
YCR083W,YJR139C,0,8.301323,0.38858696818351746,0.428143709897995,0.06751350313425064
YCR079W,YDR361C,0,8.300255,0.38823530077934265,0.428143709897995,0.06761351972818375
YDL014W,YML102W,0,8.299549,0.387884259223938,0.428143709897995,0.06771354377269745
YDR025W,YNL268W,0,8.290974,0.38753387331962585,0.428143709897995,0.06781356036663055
YMR164C,YER109C,1,8.290921,0.3880866467952728,0.42914173007011414,0.06781356036663055
YDR307W,YLR089C,0,8.285486,0.3877367079257965,0.42914173007011414,0.06791358441114426
YGL031C,YML064C,0,8.284191,0.38738739490509033,0.42914173007011414,0.06801360100507736
YDR379W,YDR107C,1,8.281866,0.38793879747390747,0.4301397204399109,0.06801360100507736
YIR021W,YNL130C,0,8.269226,0.3875899314880371,0.4301397204399109,0.06811362504959106
YDL195W,YNL015W,0,8.267505,0.3872416913509369,0.4301397204399109,0.06821364164352417
YER108C,YBR066C,1,8.250282,0.3877917528152466,0.43113771080970764,0.06821364164352417
YDL091C,YPR033C,0,8.238482,0.3874439597129822,0.43113771080970764,0.06831366568803787
YGR083C,YER019W,0,8.232996,0.3870967626571655,0.43113771080970764,0.06841368228197098
YBR023C,YPL019C,0,8.22538,0.3867502212524414,0.43113771080970764,0.06851370632648468
YFR014C,YLL028W,0,8.2228775,0.3864043056964874,0.43113771080970764,0.06861372292041779
YNL119W,YMR316W,1,8.216663,0.38695263862609863,0.4321357309818268,0.06861372292041779
YGR278W,YOL039W,0,8.216613,0.3866071403026581,0.4321357309818268,0.06871373951435089
YHR023W,YKL132C,0,8.21132,0.38626226782798767,0.4321357309818268,0.0688137635588646
YKL192C,YBR301W,0,8.210971,0.385917991399765,0.4321357309818268,0.0689137801527977
YDR073W,YIL069C,0,8.202814,0.3855743408203125,0.4321357309818268,0.0690138041973114
YDL100C,YOR361C,0,8.188956,0.3852313160896301,0.4321357309818268,0.0691138207912445
YPL024W,YGR234W,0,8.188546,0.3848888874053955,0.4321357309818268,0.06921384483575821
YBR083W,YNL197C,1,8.182152,0.38543516397476196,0.43313372135162354,0.06921384483575821
YDR050C,YGR163W,0,8.175833,0.38509318232536316,0.43313372135162354,0.06931386142969131
YNL079C,YHR143W,1,8.17016,0.3856382966041565,0.4341317415237427,0.06931386142969131
YOR315W,YKL149C,1,8.168369,0.3861824572086334,0.43512973189353943,0.06931386142969131
YNL207W,YDR315C,0,8.167226,0.3858407139778137,0.43512973189353943,0.06941388547420502
YKL185W,YNL298W,1,8.166752,0.3863837420940399,0.43612775206565857,0.06941388547420502
YNL138W,YLL021W,1,8.162147,0.3869257867336273,0.4371257424354553,0.06941388547420502
YDR251W,YHR111W,1,8.160902,0.3874669075012207,0.43812376260757446,0.06941388547420502
YPL103C,YOR267C,0,8.152418,0.3871252238750458,0.43812376260757446,0.06951390206813812
YNL197C,YMR238W,1,8.149706,0.3876652121543884,0.4391217529773712,0.06951390206813812
YER113C,YDR107C,1,8.149274,0.3882042169570923,0.44011977314949036,0.06951390206813812
YBR234C,YGR055W,0,8.145722,0.38786280155181885,0.44011977314949036,0.06961392611265182
YFL034C-A,YJL072C,0,8.143849,0.38752198219299316,0.44011977314949036,0.06971394270658493
YDR503C,YMR056C,0,8.143394,0.38718172907829285,0.44011977314949036,0.06981395930051804
YLR362W,YMR277W,0,8.140108,0.38684210181236267,0.44011977314949036,0.06991398334503174
YGR274C,YJR059W,0,8.136307,0.38650307059288025,0.44011977314949036,0.07001399993896484
YFL062W,YHR143W-A,0,8.129749,0.3861646354198456,0.44011977314949036,0.07011402398347855
YDR477W,YLR313C,1,8.117584,0.38670167326927185,0.4411177635192871,0.07011402398347855
YGR231C,YHR019C,0,8.115801,0.3863636255264282,0.4411177635192871,0.07021404057741165
YPL270W,YPL237W,0,8.112864,0.38602620363235474,0.4411177635192871,0.07031406462192535
YER177W,YLR313C,1,8.112465,0.38656195998191833,0.44211575388908386,0.07031406462192535
YNL220W,YPL061W,0,8.109514,0.3862249255180359,0.44211575388908386,0.07041408121585846
YGL023C,YPR121W,0,8.106432,0.3858884871006012,0.44211575388908386,0.07051410526037216
YFR005C,YNL009W,0,8.09783,0.38555264472961426,0.44211575388908386,0.07061412185430527
YGL246C,YLR229C,0,8.088844,0.3852173984050751,0.44211575388908386,0.07071414589881897
YJR153W,YHR011W,1,8.087261,0.38575151562690735,0.443113774061203,0.07071414589881897
YPL179W,YIL097W,0,8.083872,0.3854166567325592,0.443113774061203,0.07081416249275208
YHL035C,YCR028C-A,0,8.078688,0.3850823938846588,0.443113774061203,0.07091418653726578
YEL055C,YOL060C,0,8.072527,0.3847486972808838,0.443113774061203,0.07101420313119888
YER149C,YER109C,1,8.0643215,0.38528138399124146,0.44411176443099976,0.07101420313119888
YKL149C,YNL142W,1,8.062038,0.3858131468296051,0.4451097846031189,0.07101420313119888
YCR034W,YNL066W,0,8.061616,0.3854796886444092,0.4451097846031189,0.07111421972513199
YOR371C,YOR032C,1,8.061249,0.3860103487968445,0.44610777497291565,0.07111421972513199
YNL244C,YBR045C,0,8.059715,0.385677307844162,0.44610777497291565,0.07121424376964569
YPL089C,YLR154C,0,8.058707,0.38534483313560486,0.44610777497291565,0.0713142603635788
YKR060W,YDR425W,0,8.057159,0.3850129246711731,0.44610777497291565,0.0714142844080925
YPR033C,YDL146W,0,8.049933,0.3846815824508667,0.44610777497291565,0.0715143010020256
YIL075C,YML131W,0,8.038139,0.38435080647468567,0.44610777497291565,0.0716143250465393
YMR261C,YOR374W,0,8.0341625,0.3840206265449524,0.44610777497291565,0.07171434164047241
YOR371C,YMR016C,1,8.028736,0.3845493495464325,0.4471057951450348,0.07171434164047241
YER113C,YCR093W,1,8.026574,0.38507717847824097,0.44810378551483154,0.07171434164047241
YER048C,YGR142W,0,8.025901,0.3847472071647644,0.44810378551483154,0.07181436568498611
YDL189W,YLR396C,0,8.023714,0.3844178020954132,0.44810378551483154,0.07191438227891922
YOR195W,YJL157C,0,8.011171,0.3840889632701874,0.44810378551483154,0.07201440632343292
YDL146W,YBL030C,0,8.003093,0.3837606906890869,0.44810378551483154,0.07211442291736603
YLR061W,YDL065C,0,8.001853,0.38343295454978943,0.44810378551483154,0.07221443951129913
YOR384W,YOL016C,0,7.996166,0.3831058144569397,0.44810378551483154,0.07231446355581284
YKL021C,YGL157W,0,7.9952254,0.38277921080589294,0.44810378551483154,0.07241448014974594
YMR164C,YPL021W,1,7.9907837,0.3833049535751343,0.4491018056869507,0.07241448014974594
YDR432W,YPR034W,0,7.9844275,0.38297873735427856,0.4491018056869507,0.07251450419425964
YDL110C,YNL318C,0,7.981456,0.38265305757522583,0.4491018056869507,0.07261452078819275
YCR088W,YHR019C,0,7.981141,0.38232794404029846,0.4491018056869507,0.07271454483270645
YDR339C,YFL055W,0,7.967737,0.38200339674949646,0.4491018056869507,0.07281456142663956
YOR030W,YIL049W,1,7.964327,0.38252755999565125,0.45009979605674744,0.07281456142663956
YNL286W,YDL123W,0,7.9643245,0.3822034001350403,0.45009979605674744,0.07291458547115326
YPL186C,YOL147C,0,7.946251,0.3818797767162323,0.45009979605674744,0.07301460206508636
YLR266C,YBR248C,0,7.9410706,0.3815566897392273,0.45009979605674744,0.07311462610960007
YBL074C,YJL012C,0,7.9364533,0.38123413920402527,0.45009979605674744,0.07321464270353317
YHL004W,YLR019W,0,7.935893,0.3809121549129486,0.45009979605674744,0.07331465929746628
YLR272C,YBR189W,0,7.924814,0.3805907070636749,0.45009979605674744,0.07341468334197998
YOR256C,YGL135W,0,7.9158287,0.3802698254585266,0.45009979605674744,0.07351469993591309
YML014W,YGR087C,0,7.9146004,0.3799494504928589,0.45009979605674744,0.07361472398042679
YHR067W,YGL028C,0,7.9087553,0.37962964177131653,0.45009979605674744,0.0737147405743599
YNR051C,YGR247W,0,7.8800783,0.37931033968925476,0.45009979605674744,0.0738147646188736
YDL024C,YOR032C,1,7.879405,0.3798319399356842,0.4510978162288666,0.0738147646188736
YOR361C,YOL154W,0,7.871249,0.3795130252838135,0.4510978162288666,0.0739147812128067
YLR272C,YOR127W,0,7.8627143,0.37919461727142334,0.4510978162288666,0.0740148052573204
YDL149W,YHR046C,0,7.8570523,0.37887677550315857,0.4510978162288666,0.07411482185125351
YKL080W,YCL048W,0,7.857012,0.3785594701766968,0.4510978162288666,0.07421484589576721
YMR164C,YCR038C,1,7.8515406,0.3790794909000397,0.45209580659866333,0.07421484589576721
YDR379W,YNL142W,1,7.84903,0.3795986473560333,0.45309382677078247,0.07421484589576721
YOR177C,YHR023W,0,7.849018,0.37928155064582825,0.45309382677078247,0.07431486248970032
YMR041C,YPL021W,0,7.844814,0.37896493077278137,0.45309382677078247,0.07441488653421402
YBR158W,YOR045W,0,7.840235,0.37864887714385986,0.45309382677078247,0.07451490312814713
YLR435W,YML072C,0,7.8397694,0.37833333015441895,0.45309382677078247,0.07461491972208023
YML047C,YMR026C,0,7.8368673,0.378018319606781,0.45309382677078247,0.07471494376659393
YHL013C,YNL097C,0,7.822435,0.37770381569862366,0.45309382677078247,0.07481496036052704
YLL013C,YPL092W,0,7.814639,0.3773898482322693,0.45309382677078247,0.07491498440504074
YNR054C,YIL123W,0,7.8110623,0.3770764172077179,0.45309382677078247,0.07501500099897385
YLR342W,YCL061C,0,7.8034563,0.3767634928226471,0.45309382677078247,0.07511502504348755
YHR111W,YDR043C,1,7.785733,0.37728026509284973,0.4540918171405792,0.07511502504348755
YLR084C,YNL014W,0,7.778875,0.3769676983356476,0.4540918171405792,0.07521504163742065
YLR312C-B,YNL001W,1,7.7742486,0.37748345732688904,0.455089807510376,0.07521504163742065
YJL196C,YPL047W,0,7.755313,0.37717121839523315,0.455089807510376,0.07531506568193436
YBR122C,YER073W,0,7.745202,0.37685951590538025,0.455089807510376,0.07541508227586746
YJR147W,YLR083C,1,7.74352,0.3773740828037262,0.4560878276824951,0.07541508227586746
YHR073W,YJR143C,0,7.742821,0.37706270813941956,0.4560878276824951,0.07551510632038116
YPL021W,YLR353W,1,7.7415495,0.3775762617588043,0.45708581805229187,0.07551510632038116
YHL025W,YJR035W,0,7.7413006,0.37726524472236633,0.45708581805229187,0.07561512291431427
YBL023C,YGL077C,0,7.7411547,0.37695473432540894,0.45708581805229187,0.07571513950824738
YBR092C,YNL003C,0,7.7402496,0.37664473056793213,0.45708581805229187,0.07581516355276108
YFR031C-A,YBR228W,0,7.7398005,0.3763352632522583,0.45708581805229187,0.07591518014669418
YDL135C,YAL026C,0,7.7348013,0.3760262727737427,0.45708581805229187,0.07601520419120789
YLR313C,YER109C,1,7.734009,0.37653815746307373,0.458083838224411,0.07601520419120789
YML047C,YLR190W,0,7.7245073,0.37622949481010437,0.458083838224411,0.07611522078514099
YNR016C,YBR290W,0,7.713912,0.375921368598938,0.458083838224411,0.0762152448296547
YDR406W,YPR102C,0,7.7129908,0.3756137490272522,0.458083838224411,0.0763152614235878
YAL041W,YMR316W,1,7.7129183,0.3761242926120758,0.45908182859420776,0.0763152614235878
YOR030W,YOR032C,1,7.708316,0.37663400173187256,0.4600798487663269,0.0763152614235878
YLR438C-A,YLR393W,0,7.697184,0.3763265311717987,0.4600798487663269,0.0764152854681015
YHR111W,YER118C,1,7.6902766,0.3768352270126343,0.46107783913612366,0.0764152854681015
YOL007C,YFR037C,0,7.687379,0.3765281140804291,0.46107783913612366,0.0765153020620346
YPR065W,YDR265W,0,7.6859436,0.37622150778770447,0.46107783913612366,0.07661532610654831
YKL120W,YOL055C,0,7.678485,0.37591537833213806,0.46107783913612366,0.07671534270048141
YNL068C,YDR379W,1,7.6712646,0.3764227628707886,0.4620758593082428,0.07671534270048141
YGR040W,YIL148W,0,7.6512527,0.3761169910430908,0.4620758593082428,0.07681536674499512
YIL131C,YOR030W,1,7.6501503,0.37662336230278015,0.46307384967803955,0.07681536674499512
YHR149C,YOR155C,0,7.646316,0.37631791830062866,0.46307384967803955,0.07691538333892822
YAL041W,YNL098C,1,7.641079,0.3768233358860016,0.4640718698501587,0.07691538333892822
YNL248C,YNL037C,0,7.6375318,0.37651821970939636,0.4640718698501587,0.07701539993286133
YLR313C,YNL142W,1,7.63608,0.3770226538181305,0.46506986021995544,0.07701539993286133
YIR003W,YBL039C,0,7.619062,0.37671786546707153,0.46506986021995544,0.07711542397737503
YDR523C,YJL051W,0,7.6189413,0.37641358375549316,0.46506986021995544,0.07721544057130814
YLR004C,YDR036C,0,7.612751,0.376109778881073,0.46506986021995544,0.07731546461582184
YLR174W,YDR033W,0,7.608632,0.37580645084381104,0.46506986021995544,0.07741548120975494
YKR065C,YPL024W,0,7.608604,0.37550362944602966,0.46506986021995544,0.07751550525426865
YPR070W,YML063W,0,7.594456,0.3752012848854065,0.46506986021995544,0.07761552184820175
YOR359W,YMR022W,0,7.5934677,0.3748994469642639,0.46506986021995544,0.07771554589271545
YBL046W,YNL111C,0,7.5854945,0.37459805607795715,0.46506986021995544,0.07781556248664856
YLR022C,YIL137C,0,7.580036,0.37429720163345337,0.46506986021995544,0.07791558653116226
YGR129W,YOR129C,0,7.5790834,0.3739967942237854,0.46506986021995544,0.07801560312509537
YER032W,YCR075C,0,7.5636535,0.37369686365127563,0.46506986021995544,0.07811561971902847
YAL041W,YMR016C,1,7.5626717,0.37419870495796204,0.4660678505897522,0.07811561971902847
YGR202C,YBR085W,0,7.557024,0.3738991320133209,0.4660678505897522,0.07821564376354218
YMR006C,YJR089W,0,7.549057,0.3736000061035156,0.4660678505897522,0.07831566035747528
YPL021W,YCR093W,1,7.537205,0.3741007149219513,0.46706587076187134,0.07831566035747528
YBR253W,YER056C-A,0,7.5305195,0.37380191683769226,0.46706587076187134,0.07841568440198898
YNL142W,YPL084W,0,7.513901,0.37350359559059143,0.46706587076187134,0.07851570099592209
YGR109C,YDR113C,0,7.511351,0.3732057511806488,0.46706587076187134,0.07861572504043579
YMR183C,YLR061W,0,7.508892,0.372908353805542,0.46706587076187134,0.0787157416343689
YAL032C,YHR149C,0,7.507962,0.37261146306991577,0.46706587076187134,0.0788157656788826
YOR288C,YJL044C,0,7.5079603,0.37231504917144775,0.46706587076187134,0.0789157822728157
YDL099W,YNL083W,0,7.5059395,0.37201908230781555,0.46706587076187134,0.0790158063173294
YJR109C,YHR152W,0,7.504448,0.37172359228134155,0.46706587076187134,0.07911582291126251
YML124C,YKR059W,0,7.5040455,0.37142857909202576,0.46706587076187134,0.07921583950519562
YOL078W,YJL151C,0,7.4969254,0.3711340129375458,0.46706587076187134,0.07931586354970932
YOR369C,YBR089C-A,0,7.47153,0.370839923620224,0.46706587076187134,0.07941588014364243
YOR295W,YOL110W,0,7.4543743,0.3705463111400604,0.46706587076187134,0.07951590418815613
YDR379W,YER113C,1,7.451173,0.3710443079471588,0.4680638611316681,0.07951590418815613
YNL222W,YFL005W,0,7.446621,0.3707509934902191,0.4680638611316681,0.07961592078208923
YNL280C,YOR278W,0,7.442499,0.37045812606811523,0.4680638611316681,0.07971594482660294
YJR153W,YER109C,1,7.4370975,0.3709550201892853,0.46906188130378723,0.07971594482660294
YDR104C,YNL015W,0,7.4354796,0.3706624507904053,0.46906188130378723,0.07981596142053604
YNL279W,YLR382C,0,7.430296,0.37037035822868347,0.46906188130378723,0.07991598546504974
YBR033W,YNL025C,0,7.429668,0.3700787425041199,0.46906188130378723,0.08001600205898285
YNL119W,YDL159W,1,7.421631,0.37057435512542725,0.470059871673584,0.08001600205898285
YER113C,YOR371C,1,7.400573,0.37106919288635254,0.4710578918457031,0.08001600205898285
YOR177C,YDL115C,0,7.4001284,0.3707776963710785,0.4710578918457031,0.08011602610349655
YHL007C,YOR127W,1,7.3951397,0.3712715804576874,0.4720558822154999,0.08011602610349655
YNL142W,YPR086W,0,7.39012,0.3709803819656372,0.4720558822154999,0.08021604269742966
YJL219W,YLR319C,0,7.385787,0.37068966031074524,0.4720558822154999,0.08031606674194336
YLL052C,YLL001W,0,7.3827834,0.3703993856906891,0.4720558822154999,0.08041608333587646
YDL190C,YHR011W,0,7.3774657,0.37010955810546875,0.4720558822154999,0.08051609992980957
YMR015C,YDL143W,0,7.3704305,0.36982017755508423,0.4720558822154999,0.08061612397432327
YMR238W,YDL024C,1,7.3682995,0.37031251192092896,0.473053902387619,0.08061612397432327
YJL021C,YAL007C,0,7.3587723,0.3700234293937683,0.473053902387619,0.08071614056825638
YDR156W,YDL038C,0,7.35672,0.3697347939014435,0.473053902387619,0.08081616461277008
YOR030W,YOR127W,1,7.3545675,0.37022602558135986,0.47405189275741577,0.08081616461277008
YDL079C,YIL069C,0,7.3540983,0.3699376881122589,0.47405189275741577,0.08091618120670319
YOL056W,YHR062C,0,7.353812,0.3696497976779938,0.47405189275741577,0.08101620525121689
YNL197C,YER109C,1,7.3533535,0.3701399564743042,0.4750499129295349,0.08101620525121689
YKL089W,YBR136W,0,7.3497043,0.36985236406326294,0.4750499129295349,0.08111622184515
YDR251W,YNL001W,1,7.342062,0.37034162878990173,0.47604790329933167,0.08111622184515
YOR341W,YDL138W,0,7.338751,0.37005430459976196,0.47604790329933167,0.0812162458896637
YHR104W,YBR083W,0,7.3364835,0.369767427444458,0.47604790329933167,0.0813162624835968
YNL068C,YKL043W,1,7.3304706,0.37025561928749084,0.4770458936691284,0.0813162624835968
YDR051C,YLR084C,0,7.3262606,0.36996904015541077,0.4770458936691284,0.0814162865281105
YLR083C,YCR093W,1,7.31849,0.3704563081264496,0.47804391384124756,0.0814162865281105
YNL142W,YPL005W,0,7.317035,0.3701700270175934,0.47804391384124756,0.08151630312204361
YIR033W,YHR117W,0,7.3143196,0.3698841631412506,0.47804391384124756,0.08161631971597672
YNL138W,YNL142W,1,7.313606,0.37037035822868347,0.4790419042110443,0.08161631971597672
YPL017C,YLR212C,0,7.311011,0.37008482217788696,0.4790419042110443,0.08171634376049042
YNL068C,YNL098C,1,7.307555,0.3705700933933258,0.48003992438316345,0.08171634376049042
YBR279W,YML070W,0,7.2946515,0.3702848255634308,0.48003992438316345,0.08181636035442352
YHR043C,YGL125W,0,7.291868,0.3700000047683716,0.48003992438316345,0.08191638439893723
YHL013C,YLR312C-B,0,7.2911797,0.3697156012058258,0.48003992438316345,0.08201640099287033
YKR052C,YMR016C,0,7.280875,0.36943164467811584,0.48003992438316345,0.08211642503738403
YOL121C,YPR156C,0,7.280634,0.3691481053829193,0.48003992438316345,0.08221644163131714
YKL048C,YHR011W,1,7.277052,0.36963191628456116,0.4810379147529602,0.08221644163131714
YKL028W,YER179W,0,7.2643814,0.3693486452102661,0.4810379147529602,0.08231646567583084
YNR051C,YPL063W,0,7.2641134,0.3690658509731293,0.4810379147529602,0.08241648226976395
YBL067C,YBR160W,0,7.26369,0.36878347396850586,0.4810379147529602,0.08251650631427765
YOR356W,YKL073W,0,7.2627926,0.3685015141963959,0.4810379147529602,0.08261652290821075
YJR153W,YKL048C,1,7.2610235,0.3689839541912079,0.48203593492507935,0.08261652290821075
YLR011W,YPR169W,0,7.257386,0.3687022924423218,0.48203593492507935,0.08271654695272446
YHL007C,YMR238W,1,7.2480087,0.36918383836746216,0.4830339252948761,0.08271654695272446
YBR105C,YCR018C,0,7.2453947,0.36890244483947754,0.4830339252948761,0.08281656354665756
YDR243C,YMR011W,0,7.245116,0.36862146854400635,0.4830339252948761,0.08291658014059067
YIL049W,YKL048C,1,7.2377324,0.36910197138786316,0.48403194546699524,0.08291658014059067
YMR225C,YDL185W,0,7.234251,0.36882129311561584,0.48403194546699524,0.08301660418510437
YOR254C,YDR276C,0,7.232423,0.36854103207588196,0.48403194546699524,0.08311662077903748
YDL159W,YKL048C,1,7.231665,0.3690204918384552,0.485029935836792,0.08311662077903748
YOL100W,YMR318C,0,7.229889,0.3687405288219452,0.485029935836792,0.08321664482355118
YDR516C,YKR050W,0,7.2274427,0.3684609532356262,0.485029935836792,0.08331666141748428
YJL046W,YER127W,0,7.2243004,0.36818182468414307,0.485029935836792,0.08341668546199799
YHR170W,YKL116C,0,7.222266,0.36790311336517334,0.485029935836792,0.08351670205593109
YOR315W,YAL041W,1,7.217107,0.36838123202323914,0.48602795600891113,0.08351670205593109
YPL215W,YAL025C,0,7.2167325,0.3681027889251709,0.48602795600891113,0.0836167261004448
YOR371C,YER109C,1,7.2065105,0.36858007311820984,0.4870259463787079,0.0836167261004448
YDR379W,YCR038C,1,7.201545,0.3690566122531891,0.488023966550827,0.0836167261004448
YBR039W,YDL160C,0,7.1876736,0.3687782883644104,0.488023966550827,0.0837167426943779
YDR065W,YDR162C,0,7.1811986,0.36850038170814514,0.488023966550827,0.0838167667388916
YGL124C,YIL009W,0,7.1799083,0.3682228922843933,0.488023966550827,0.08391678333282471
YCR034W,YOR002W,0,7.1681185,0.3679458200931549,0.488023966550827,0.08401679992675781
YNL001W,YLL021W,1,7.1625023,0.3684210479259491,0.4890219569206238,0.08401679992675781
YDR210W,YKL091C,0,7.1483383,0.3681442439556122,0.4890219569206238,0.08411682397127151
YKL120W,YLR119W,0,7.1477327,0.3678678572177887,0.4890219569206238,0.08421684056520462
YLR229C,YOR371C,1,7.143318,0.3683420717716217,0.49001994729042053,0.08421684056520462
YJR147W,YHR011W,1,7.126827,0.3688156008720398,0.4910179674625397,0.08421684056520462
YLL050C,YOR047C,0,7.120226,0.36853933334350586,0.4910179674625397,0.08431686460971832
YOR122C,YMR215W,0,7.119014,0.36826348304748535,0.4910179674625397,0.08441688120365143
YDR379W,YMR016C,1,7.1089287,0.3687359690666199,0.4920159578323364,0.08441688120365143
YER109C,YDL159W,1,7.1052885,0.3692077696323395,0.49301397800445557,0.08441688120365143
YBR154C,YOL156W,0,7.102104,0.3689320385456085,0.49301397800445557,0.08451690524816513
YLR449W,YML021C,0,7.0941916,0.368656724691391,0.49301397800445557,0.08461692184209824
YDR312W,YML127W,0,7.0882483,0.3683817982673645,0.49301397800445557,0.08471694588661194
YDL091C,YKL100C,0,7.083468,0.36810728907585144,0.49301397800445557,0.08481696248054504
YDR348C,YOR348C,0,7.07967,0.3678331971168518,0.49301397800445557,0.08491698652505875
YBR119W,YMR056C,0,7.078247,0.3675595223903656,0.49301397800445557,0.08501700311899185
YPR028W,YOL092W,0,7.0758085,0.36728623509407043,0.49301397800445557,0.08511701971292496
YOR329C,YLR405W,0,7.0751796,0.3670133650302887,0.49301397800445557,0.08521704375743866
YKL212W,YPL262W,0,7.0750313,0.3667409121990204,0.49301397800445557,0.08531706035137177
YMR164C,YNL142W,1,7.0727677,0.3672106862068176,0.4940119683742523,0.08531706035137177
YCL055W,YML029W,0,7.0626283,0.3669384717941284,0.4940119683742523,0.08541708439588547
YBR103W,YHR176W,0,7.062141,0.36666667461395264,0.4940119683742523,0.08551710098981857
YLR298C,YGL055W,0,7.0347466,0.3663952648639679,0.4940119683742523,0.08561712503433228
YOL120C,YDL104C,0,7.0344086,0.3661242723464966,0.4940119683742523,0.08571714162826538
YPL266W,YDR099W,0,7.0304127,0.3658536672592163,0.4940119683742523,0.08581716567277908
YMR164C,YJR153W,1,7.017187,0.36632201075553894,0.49500998854637146,0.08581716567277908
YNL197C,YDR107C,1,7.010727,0.36678966879844666,0.4960079789161682,0.08581716567277908
YDL164C,YOR312C,0,7.009758,0.36651918292045593,0.4960079789161682,0.08591718226671219
YNR049C,YDL072C,0,7.0092254,0.36624908447265625,0.4960079789161682,0.08601720631122589
YDR111C,YCR098C,0,7.0036,0.3659793734550476,0.4960079789161682,0.086117222905159
YCR091W,YLR357W,0,6.9997635,0.3657100796699524,0.4960079789161682,0.0862172469496727
YJR001W,YBR154C,0,6.9922223,0.3654411733150482,0.4960079789161682,0.0863172635436058
YOL071W,YOR240W,0,6.9887342,0.3651726543903351,0.4960079789161682,0.08641728013753891
YLR155C,YPL085W,0,6.985875,0.3649045526981354,0.4960079789161682,0.08651730418205261
YMR164C,YAL056W,1,6.9832554,0.365370512008667,0.49700599908828735,0.08651730418205261
YJR152W,YJL165C,0,6.981353,0.3651026487350464,0.49700599908828735,0.08661732077598572
YML106W,YOL017W,0,6.981151,0.3648351728916168,0.49700599908828735,0.08671734482049942
YLR362W,YLR061W,0,6.975255,0.3645680844783783,0.49700599908828735,0.08681736141443253
YOR306C,YBR254C,0,6.974113,0.3643013834953308,0.49700599908828735,0.08691738545894623
YLR220W,YBR085W,0,6.9738245,0.36403509974479675,0.49700599908828735,0.08701740205287933
YGL161C,YPL189W,0,6.9732985,0.36376917362213135,0.49700599908828735,0.08711742609739304
YPL155C,YDL108W,0,6.971614,0.363503634929657,0.49700599908828735,0.08721744269132614
YPL221W,YGL032C,0,6.969832,0.36323851346969604,0.49700599908828735,0.08731746673583984
YMR302C,YGL229C,0,6.9547367,0.36297374963760376,0.49700599908828735,0.08741748332977295
YHL024W,YCR048W,0,6.9486165,0.3627094030380249,0.49700599908828735,0.08751749992370605
YLR083C,YER108C,1,6.9420185,0.3631732165813446,0.4980039894580841,0.08751749992370605
YIL114C,YCR054C,0,6.9418,0.36290907859802246,0.4980039894580841,0.08761752396821976
YGR017W,YDR287W,0,6.936152,0.36264535784721375,0.4980039894580841,0.08771754056215286
YJL204C,YDR400W,0,6.930381,0.3623819947242737,0.4980039894580841,0.08781756460666656
YOR360C,YCL027C-A,0,6.9273396,0.36211901903152466,0.4980039894580841,0.08791758120059967
YIL039W,YNL129W,0,6.917877,0.3618564307689667,0.4980039894580841,0.08801760524511337
YER086W,YKR100C,0,6.914606,0.36159420013427734,0.4980039894580841,0.08811762183904648
YKL185W,YOR127W,1,6.914195,0.3620564937591553,0.49900200963020325,0.08811762183904648
YLR414C,YMR134W,0,6.9068527,0.36179450154304504,0.49900200963020325,0.08821764588356018
YPR022C,YHL009C,0,6.9064856,0.36153289675712585,0.49900200963020325,0.08831766247749329
YDR103W,YHL028W,0,6.9015446,0.3612716794013977,0.49900200963020325,0.08841768652200699
YLR128W,YDL136W,0,6.8850346,0.3610108196735382,0.49900200963020325,0.0885177031159401
YEL002C,YBR065C,0,6.884304,0.36075034737586975,0.49900200963020325,0.0886177271604538
YHR143W,YMR238W,1,6.8826785,0.36121124029159546,0.5,0.0886177271604538
YIL056W,YBR078W,0,6.8821354,0.3609510064125061,0.5,0.0887177437543869
YJL221C,YDR101C,0,6.880002,0.3606911301612854,0.5,0.08881776034832001
YNL250W,YOR079C,0,6.875995,0.36043164134025574,0.5,0.08891778439283371
YHL007C,YJR153W,1,6.8734612,0.3608914315700531,0.5009980201721191,0.08891778439283371
YLR299W,YHR187W,0,6.8727417,0.36063218116760254,0.5009980201721191,0.08901780098676682
YIL038C,YGR109C,0,6.871005,0.36037328839302063,0.5009980201721191,0.08911782503128052
YAL020C,YIL160C,0,6.8491,0.36011478304862976,0.5009980201721191,0.08921784162521362
YOR371C,YAL056W,1,6.838078,0.3605734705924988,0.5019959807395935,0.08921784162521362
YER177W,YAL041W,1,6.8333216,0.36103153228759766,0.5029940009117126,0.08921784162521362
YLR435W,YLL023C,0,6.828716,0.36077308654785156,0.5029940009117126,0.08931786566972733
YDR251W,YER113C,1,6.819979,0.36123034358024597,0.5039920210838318,0.08931786566972733
YLR441C,YLR176C,0,6.8194265,0.360972136259079,0.5039920210838318,0.08941788226366043
YNL079C,YDL035C,1,6.8134747,0.36142855882644653,0.5049900412559509,0.08941788226366043
YJR153W,YCR038C,1,6.812255,0.36188435554504395,0.5059880018234253,0.08941788226366043
YIL049W,YDL159W,1,6.8052034,0.3623395264148712,0.5069860219955444,0.08941788226366043
YAL061W,YDR077W,0,6.80462,0.36208125948905945,0.5069860219955444,0.08951790630817413
YJL046W,YHR010W,0,6.7926264,0.36182335019111633,0.5069860219955444,0.08961792290210724
YDL079C,YMR202W,0,6.7881794,0.36156582832336426,0.5069860219955444,0.08971794694662094
YBR227C,YLR441C,0,6.787036,0.36130866408348083,0.5069860219955444,0.08981796354055405
YLR362W,YIL010W,0,6.7845764,0.36105188727378845,0.5069860219955444,0.08991798013448715
YIL072W,YPL018W,0,6.7838154,0.3607954680919647,0.5069860219955444,0.09001800417900085
YDR435C,YML063W,0,6.782443,0.36053937673568726,0.5069860219955444,0.09011802077293396
YAL061W,YNL069C,0,6.780581,0.3602837026119232,0.5069860219955444,0.09021804481744766
YNL329C,YJR139C,0,6.778253,0.36002835631370544,0.5069860219955444,0.09031806141138077
YBR158W,YDR320C,0,6.777176,0.3597733676433563,0.5069860219955444,0.09041808545589447
YOR229W,YNL194C,0,6.776907,0.35951876640319824,0.5069860219955444,0.09051810204982758
YJR147W,YHR143W,1,6.7763734,0.35997170209884644,0.5079840421676636,0.09051810204982758
YHL036W,YOR244W,0,6.775075,0.35971730947494507,0.5079840421676636,0.09061812609434128
YIR019C,YMR316W,1,6.7731123,0.36016950011253357,0.5089820623397827,0.09061812609434128
YKL197C,YEL027W,0,6.7624645,0.3599153161048889,0.5089820623397827,0.09071814268827438
YLR324W,YEL055C,0,6.759134,0.3596614897251129,0.5089820623397827,0.09081816673278809
YGR004W,YPL031C,0,6.7540226,0.35940802097320557,0.5089820623397827,0.09091818332672119
YLR229C,YLR083C,1,6.753824,0.3598591685295105,0.5099800229072571,0.09091818332672119
YDL080C,YKR046C,0,6.753417,0.35960590839385986,0.5099800229072571,0.0910181999206543
YML067C,YJL108C,0,6.750351,0.35935303568840027,0.5099800229072571,0.091118223965168
YLR158C,YHL028W,0,6.7487926,0.35910049080848694,0.5099800229072571,0.0912182405591011
YOR315W,YLR353W,1,6.742472,0.3595505654811859,0.5109780430793762,0.0912182405591011
YJR147W,YAL041W,1,6.738041,0.36000001430511475,0.5119760632514954,0.0912182405591011
YIR036C,YML124C,0,6.735959,0.3597475588321686,0.5119760632514954,0.09131826460361481
YHR149C,YMR257C,0,6.7342467,0.3594954311847687,0.5119760632514954,0.09141828119754791
YJR132W,YPL004C,0,6.7315288,0.3592436909675598,0.5119760632514954,0.09151830524206161
YLR068W,YKR094C,0,6.731434,0.3589923083782196,0.5119760632514954,0.09161832183599472
YAL009W,YLR214W,0,6.727911,0.35874125361442566,0.5119760632514954,0.09171834588050842
YDR273W,YKL152C,0,6.7251687,0.35849055647850037,0.5119760632514954,0.09181836247444153
YKL043W,YHR084W,1,6.723682,0.3589385449886322,0.5129740238189697,0.09181836247444153
YLL052C,YAR007C,0,6.7205663,0.3586880564689636,0.5129740238189697,0.09191838651895523
YBL074C,YDL066W,0,6.7187967,0.3584379255771637,0.5129740238189697,0.09201840311288834
YHL044W,YNL062C,0,6.7138824,0.3581881523132324,0.5129740238189697,0.09211842715740204
YMR164C,YLR313C,1,6.7115755,0.3586350977420807,0.5139720439910889,0.09211842715740204
YCR091W,YML115C,0,6.702114,0.35838553309440613,0.5139720439910889,0.09221844375133514
YLR393W,YGL139W,0,6.700984,0.35813629627227783,0.5139720439910889,0.09231846034526825
YGL189C,YNL300W,0,6.69751,0.3578874170780182,0.5139720439910889,0.09241848438978195
YDR251W,YER109C,1,6.6901455,0.3583333194255829,0.514970064163208,0.09241848438978195
YGR092W,YHL032C,0,6.686159,0.35808464884757996,0.514970064163208,0.09251850098371506
YPL132W,YPL152W,0,6.686008,0.3578363358974457,0.514970064163208,0.09261852502822876
YHR141C,YDR308C,0,6.6838636,0.35758835077285767,0.514970064163208,0.09271854162216187
YDR043C,YMR316W,1,6.6833086,0.3580332398414612,0.5159680843353271,0.09271854162216187
YKR065C,YBR214W,0,6.6824064,0.3577854633331299,0.5159680843353271,0.09281856566667557
YBR083W,YCL011C,0,6.6754293,0.35753804445266724,0.5159680843353271,0.09291858226060867
YMR052W,YDR234W,0,6.6748095,0.35729095339775085,0.5159680843353271,0.09301860630512238
YGR184C,YJR109C,0,6.674423,0.35704419016838074,0.5159680843353271,0.09311862289905548
YPR143W,YOR127W,0,6.6588755,0.3567977845668793,0.5159680843353271,0.09321864694356918
YER011W,YER159C,0,6.656446,0.35655173659324646,0.5159680843353271,0.09331866353750229
YNL328C,YHR197W,0,6.6509733,0.3563059866428375,0.5159680843353271,0.0934186801314354
YBL080C,YMR131C,0,6.642703,0.35606059432029724,0.5159680843353271,0.0935187041759491
YJR095W,YDR268W,0,6.6404886,0.3558155596256256,0.5159680843353271,0.0936187207698822
YGR138C,YDR021W,0,6.6366034,0.35557085275650024,0.5159680843353271,0.0937187448143959
YBR142W,YHR167W,0,6.6323314,0.35532647371292114,0.5159680843353271,0.09381876140832901
YEL011W,YOR061W,0,6.631827,0.3550824224948883,0.5159680843353271,0.09391878545284271
YGL253W,YPL210C,0,6.6298347,0.35483869910240173,0.5159680843353271,0.09401880204677582
YOL120C,YEL009C,0,6.628783,0.3545953333377838,0.5159680843353271,0.09411882609128952
YDR477W,YER020W,1,6.6259856,0.3550376892089844,0.5169660449028015,0.09411882609128952
YNL138W,YDR432W,1,6.6254015,0.3554794490337372,0.5179640650749207,0.09411882609128952
YIL078W,YOR035C,0,6.620922,0.35523614287376404,0.5179640650749207,0.09421884268522263
YBR043C,YHL022C,0,6.616162,0.35499316453933716,0.5179640650749207,0.09431886672973633
YFR008W,YGR030C,0,6.6147337,0.35475051403045654,0.5179640650749207,0.09441888332366943
YMR164C,YLL021W,1,6.612725,0.35519126057624817,0.5189620852470398,0.09441888332366943
YHR111W,YPL115C,1,6.6089454,0.35563141107559204,0.5199601054191589,0.09441888332366943
YHL011C,YCL059C,0,6.608739,0.3553888201713562,0.5199601054191589,0.09451890736818314
YER113C,YHR084W,1,6.6007853,0.3558282256126404,0.5209580659866333,0.09451890736818314
YOR030W,YLR362W,1,6.5977135,0.3562670350074768,0.5219560861587524,0.09451890736818314
YFR007W,YDL112W,0,6.596341,0.35602450370788574,0.5219560861587524,0.09461892396211624
YOR371C,YJL203W,0,6.589012,0.35578230023384094,0.5219560861587524,0.09471894055604935
YKL138C-A,YLR409C,0,6.5856886,0.3555404543876648,0.5219560861587524,0.09481896460056305
YGR191W,YOR264W,0,6.584215,0.3552989065647125,0.5219560861587524,0.09491898119449615
YMR251W-A,YDL240W,0,6.583898,0.3550577163696289,0.5219560861587524,0.09501900523900986
YJL021C,YKL143W,0,6.5794077,0.35481682419776917,0.5219560861587524,0.09511902183294296
YHR183W,YBR245C,0,6.577696,0.3545762598514557,0.5219560861587524,0.09521904587745667
YIL131C,YHR073W,1,6.5754,0.35501354932785034,0.5229541063308716,0.09521904587745667
YDR117C,YNL129W,0,6.574956,0.3547731935977936,0.5229541063308716,0.09531906247138977
YDR379W,YKL194C,0,6.5731773,0.3545331656932831,0.5229541063308716,0.09541908651590347
YDL230W,YMR158W,0,6.569823,0.35429343581199646,0.5229541063308716,0.09551910310983658
YBL016W,YMR056C,0,6.5665665,0.3540540635585785,0.5229541063308716,0.09561912715435028
YOR328W,YGL243W,0,6.566266,0.3538149893283844,0.5229541063308716,0.09571914374828339
YER044C,YKR009C,0,6.5633802,0.3535762429237366,0.5229541063308716,0.09581916034221649
YDR438W,YER088C,0,6.5626574,0.353337824344635,0.5229541063308716,0.0959191843867302
YNL055C,YLR089C,0,6.561401,0.3530997335910797,0.5229541063308716,0.0960192009806633
YDR358W,YPL183C,0,6.561021,0.3528619408607483,0.5229541063308716,0.096119225025177
YIL157C,YDR432W,0,6.558808,0.3526245057582855,0.5229541063308716,0.09621924161911011
YLR411W,YGL027C,0,6.552452,0.35238736867904663,0.5229541063308716,0.09631926566362381
YJR147W,YMR316W,1,6.5430384,0.35282257199287415,0.523952066898346,0.09631926566362381
YMR290C,YER120W,0,6.537179,0.3525856137275696,0.523952066898346,0.09641928225755692
YIL117C,YPL230W,0,6.5322175,0.3523489832878113,0.523952066898346,0.09651930630207062
YNL145W,YJR118C,0,6.5292215,0.35211268067359924,0.523952066898346,0.09661932289600372
YHR070W,YDL194W,0,6.524545,0.3518766760826111,0.523952066898346,0.09671934694051743
YHR124W,YGL198W,0,6.523382,0.3516409993171692,0.523952066898346,0.09681936353445053
YPR107C,YJL080C,0,6.521516,0.35140562057495117,0.523952066898346,0.09691938757896423
YOR262W,YIL087C,0,6.521355,0.3511705696582794,0.523952066898346,0.09701940417289734
YER170W,YBR078W,0,6.515241,0.35093581676483154,0.523952066898346,0.09711942076683044
YIR019C,YJR153W,1,6.5082846,0.3513694107532501,0.5249500870704651,0.09711942076683044
YKL185W,YAL041W,1,6.5037966,0.35180240869522095,0.5259481072425842,0.09711942076683044
YJL189W,YLR226W,0,6.502922,0.35156771540641785,0.5259481072425842,0.09721944481134415
YIR021W,YAL023C,0,6.496003,0.3513333201408386,0.5259481072425842,0.09731946140527725
YKL033W,YLR382C,0,6.4957094,0.35109925270080566,0.5259481072425842,0.09741948544979095
YDR538W,YMR072W,0,6.4902344,0.35086551308631897,0.5259481072425842,0.09751950204372406
YHR046C,YBR121C,0,6.4881287,0.35063207149505615,0.5259481072425842,0.09761952608823776
YDR331W,YPL111W,0,6.4859133,0.3503989279270172,0.5259481072425842,0.09771954268217087
YDR421W,YNL030W,0,6.4857492,0.35016611218452454,0.5259481072425842,0.09781956672668457
YLR210W,YLR039C,0,6.4851933,0.34993359446525574,0.5259481072425842,0.09791958332061768
YMR306W,YNL130C,0,6.4823704,0.3497014045715332,0.5259481072425842,0.09801960736513138
YNL068C,YDL159W,1,6.4808464,0.35013261437416077,0.5269461274147034,0.09801960736513138
YBR126C,YBR208C,0,6.4755864,0.34990060329437256,0.5269461274147034,0.09811962395906448
YIL049W,YMR164C,1,6.473916,0.3503311276435852,0.5279440879821777,0.09811962395906448
YPL179W,YJR139C,0,6.4724755,0.35009926557540894,0.5279440879821777,0.09821964055299759
YPL051W,YHR016C,0,6.470056,0.34986773133277893,0.5279440879821777,0.09831966459751129
YHR184W,YDL137W,0,6.4663773,0.3496364951133728,0.5279440879821777,0.0984196811914444
YDR392W,YER020W,1,6.466371,0.35006603598594666,0.5289421081542969,0.0984196811914444
YDL236W,YML047C,0,6.4647202,0.34983497858047485,0.5289421081542969,0.0985197052359581
YNL138W,YDR043C,1,6.4577613,0.3502638638019562,0.529940128326416,0.0985197052359581
YDL146W,YHR205W,0,6.4558992,0.3500329554080963,0.529940128326416,0.0986197218298912
YMR113W,YDR528W,0,6.448929,0.3498023748397827,0.529940128326416,0.09871974587440491
YKL048C,YBR235W,0,6.4463224,0.349572092294693,0.529940128326416,0.09881976246833801
YDR515W,YJL123C,0,6.4401293,0.34934210777282715,0.529940128326416,0.09891978651285172
YGR109C,YDL145C,0,6.4274645,0.3491124212741852,0.529940128326416,0.09901980310678482
YCL051W,YDR339C,0,6.42522,0.3488830626010895,0.529940128326416,0.09911982715129852
YIR014W,YER069W,0,6.419262,0.34865397214889526,0.529940128326416,0.09921984374523163
YBR056W,YLR147C,0,6.412683,0.3484252095222473,0.529940128326416,0.09931986033916473
YKL211C,YAL001C,0,6.402505,0.34819671511650085,0.529940128326416,0.09941988438367844
YBR083W,YDL159W,1,6.4003487,0.3486238420009613,0.5309381484985352,0.09941988438367844
YOR059C,YLR328W,0,6.399563,0.34839555621147156,0.5309381484985352,0.09951990097761154
YCR048W,YGL107C,0,6.3941126,0.3481675386428833,0.5309381484985352,0.09961992502212524
YFL053W,YGR023W,0,6.3934193,0.3479398190975189,0.5309381484985352,0.09971994161605835
YKL049C,YDL145C,0,6.3924303,0.3477124273777008,0.5309381484985352,0.09981996566057205
YKL149C,YLR313C,1,6.391083,0.3481384813785553,0.5319361090660095,0.09981996566057205
YIL110W,YGL192W,0,6.389516,0.3479112386703491,0.5319361090660095,0.09991998225450516
YKR079C,YOR347C,0,6.388302,0.3476842939853668,0.5319361090660095,0.10002000629901886
YKR094C,YGL025C,0,6.384885,0.347457617521286,0.5319361090660095,0.10012002289295197
YKR081C,YLR099C,0,6.380754,0.34723126888275146,0.5319361090660095,0.10022004693746567
YBL046W,YAL023C,0,6.378503,0.3470052182674408,0.5319361090660095,0.10032006353139877
YFL008W,YJL219W,0,6.373089,0.3467794358730316,0.5319361090660095,0.10042008757591248
YCR093W,YAL056W,1,6.3671927,0.34720414876937866,0.5329341292381287,0.10042008757591248
YHR064C,YAL041W,0,6.364397,0.3469785451889038,0.5329341292381287,0.10052010416984558
YCR038C,YMR016C,1,6.3639655,0.3474026024341583,0.5339321494102478,0.10052010416984558
YOR030W,YDR099W,1,6.3630066,0.3478260934352875,0.5349301099777222,0.10052010416984558
YPL232W,YFL018W-A,0,6.3628016,0.347600519657135,0.5349301099777222,0.10062012076377869
YIR013C,YKL048C,0,6.3501816,0.3473752439022064,0.5349301099777222,0.10072014480829239
YPL021W,YDR107C,1,6.3467765,0.3477979302406311,0.5359281301498413,0.10072014480829239
YGL107C,YOR303W,0,6.3443413,0.34757280349731445,0.5359281301498413,0.1008201614022255
YHL024W,YGL020C,0,6.341554,0.34734800457954407,0.5359281301498413,0.1009201854467392
YHR203C,YLR115W,0,6.3414397,0.34712347388267517,0.5359281301498413,0.1010202020406723
YFR025C,YOR339C,0,6.340401,0.34689921140670776,0.5359281301498413,0.101120226085186
YIL052C,YIL131C,0,6.3339562,0.3466752767562866,0.5359281301498413,0.10122024267911911
YML074C,YLR360W,0,6.3324776,0.34645161032676697,0.5359281301498413,0.10132026672363281
YER149C,YCR038C,1,6.309051,0.3468729853630066,0.5369261503219604,0.10132026672363281
YKR060W,YNL173C,0,6.305693,0.34664949774742126,0.5369261503219604,0.10142028331756592
YLR313C,YOR032C,1,6.303162,0.34707018733024597,0.5379241704940796,0.10142028331756592
YDR477W,YCR038C,1,6.2965183,0.3474903404712677,0.538922131061554,0.10142028331756592
YKR081C,YCR044C,0,6.289319,0.34726688265800476,0.538922131061554,0.10152030736207962
YBL047C,YHR143W,0,6.287779,0.3470436930656433,0.538922131061554,0.10162032395601273
YNR069C,YPL237W,0,6.28679,0.34682080149650574,0.538922131061554,0.10172034054994583
YFL056C,YBR234C,0,6.2838793,0.34659820795059204,0.538922131061554,0.10182036459445953
YBR041W,YJR041C,0,6.274379,0.34637588262557983,0.538922131061554,0.10192038118839264
YPL037C,YLR119W,0,6.272868,0.3461538553237915,0.538922131061554,0.10202040523290634
YLR450W,YDL145C,0,6.2716913,0.34593209624290466,0.538922131061554,0.10212042182683945
YMR322C,YBL102W,0,6.271262,0.3457106351852417,0.538922131061554,0.10222044587135315
YNL053W,YML069W,0,6.268863,0.3454894423484802,0.538922131061554,0.10232046246528625
YCR107W,YJL035C,0,6.267888,0.3452685475349426,0.538922131061554,0.10242048650979996
YNL068C,YEL027W,0,6.252867,0.3450479209423065,0.538922131061554,0.10252050310373306
YJL221C,YPR036W,0,6.252603,0.3448275923728943,0.538922131061554,0.10262052714824677
YPR054W,YJR143C,0,6.243146,0.34460753202438354,0.538922131061554,0.10272054374217987
YDR043C,YDL024C,1,6.2387085,0.34502550959587097,0.5399201512336731,0.10272054374217987
YIL137C,YBR019C,0,6.2365866,0.34480559825897217,0.5399201512336731,0.10282056778669357
YNL068C,YMR164C,1,6.2301474,0.34522292017936707,0.5409181714057922,0.10282056778669357
YIL049W,YER113C,1,6.2279496,0.345639705657959,0.5419161915779114,0.10282056778669357
YOR149C,YKR046C,0,6.2275214,0.34541985392570496,0.5419161915779114,0.10292058438062668
YOR371C,YKL149C,1,6.21986,0.34583598375320435,0.5429141521453857,0.10292058438062668
YNL119W,YAL056W,1,6.214816,0.34625157713890076,0.5439121723175049,0.10292058438062668
YLL024C,YHR101C,0,6.214691,0.3460317552089691,0.5439121723175049,0.10302060097455978
YGR289C,YCR089W,0,6.2112384,0.3458121716976166,0.5439121723175049,0.10312062501907349
YGL120C,YJR161C,0,6.21034,0.3455928862094879,0.5439121723175049,0.10322064161300659
YIL049W,YNL068C,1,6.2081947,0.3460076153278351,0.544910192489624,0.10322064161300659
YML057W,YEL071W,0,6.2071724,0.34578847885131836,0.544910192489624,0.1033206656575203
YOR063W,YGL155W,0,6.2038784,0.3455696105957031,0.544910192489624,0.1034206822514534
YNR027W,YJR009C,0,6.198644,0.34535104036331177,0.544910192489624,0.1035207062959671
YAL028W,YFR031C-A,0,6.189892,0.3451327383518219,0.544910192489624,0.10362072288990021
YPL170W,YDL098C,0,6.1877522,0.3449147045612335,0.544910192489624,0.10372074693441391
YMR260C,YNL166C,0,6.181114,0.344696968793869,0.544910192489624,0.10382076352834702
YER109C,YLL021W,1,6.1809845,0.3451104164123535,0.5459082126617432,0.10382076352834702
YOR270C,YOR059C,0,6.1778784,0.34489279985427856,0.5459082126617432,0.10392078757286072
YBL051C,YLR424W,0,6.1770945,0.3446754813194275,0.5459082126617432,0.10402080416679382
YMR290C,YLR363C,0,6.1757402,0.3444584310054779,0.5459082126617432,0.10412082076072693
YHR133C,YOR322C,0,6.1734924,0.3442416489124298,0.5459082126617432,0.10422084480524063
YAL068C,YOR384W,0,6.167793,0.3440251648426056,0.5459082126617432,0.10432086139917374
YNL098C,YDR107C,1,6.1570644,0.34443745017051697,0.5469061732292175,0.10432086139917374
YPL183C,YMR244C-A,0,6.1564546,0.3442211151123047,0.5469061732292175,0.10442088544368744
YER177W,YHL007C,1,6.1452026,0.3446327745914459,0.5479041934013367,0.10442088544368744
YNL271C,YPL021W,1,6.1430063,0.34504392743110657,0.5489022135734558,0.10442088544368744
YKL018W,YFL031W,0,6.130367,0.3448275923728943,0.5489022135734558,0.10452090203762054
YCL062W,YBR169C,0,6.1273093,0.3446115255355835,0.5489022135734558,0.10462092608213425
YGR200C,YHR117W,0,6.1263056,0.3443957567214966,0.5489022135734558,0.10472094267606735
YBL046W,YPR132W,0,6.11969,0.34418022632598877,0.5489022135734558,0.10482096672058105
YML058W,YDR513W,0,6.119615,0.34396496415138245,0.5489022135734558,0.10492098331451416
YBR066C,YMR316W,1,6.1193,0.34437501430511475,0.5499001741409302,0.10492098331451416
YLR286C,YDR284C,0,6.117117,0.34415990114212036,0.5499001741409302,0.10502100735902786
YIL049W,YDR099W,1,6.114018,0.34456929564476013,0.5508981943130493,0.10502100735902786
YHR005C,YLR226W,0,6.112091,0.3443543314933777,0.5508981943130493,0.10512102395296097
YJL143W,YJR155W,0,6.1096783,0.3441396653652191,0.5508981943130493,0.10522104054689407
YHR154W,YOR130C,0,6.109356,0.34392523765563965,0.5508981943130493,0.10532106459140778
YAL041W,YHR084W,1,6.105852,0.3443337380886078,0.5518962144851685,0.10532106459140778
YHR026W,YAR003W,0,6.1041675,0.34411948919296265,0.5518962144851685,0.10542108118534088
YAL041W,YHR111W,1,6.096168,0.34452736377716064,0.5528942346572876,0.10542108118534088
YCL030C,YLR355C,0,6.0881996,0.34431323409080505,0.5528942346572876,0.10552110522985458
YJR147W,YCR038C,1,6.084322,0.3447204828262329,0.553892195224762,0.10552110522985458
YPL215W,YMR094W,0,6.078879,0.34450653195381165,0.553892195224762,0.10562112182378769
YLR459W,YDR348C,0,6.0775747,0.3442927896976471,0.553892195224762,0.10572114586830139
YLL011W,YPL023C,0,6.0774612,0.3440793454647064,0.553892195224762,0.1058211624622345
YNL119W,YHR073W,1,6.0764966,0.3444857597351074,0.5548902153968811,0.1058211624622345
YAR066W,YER096W,0,6.075615,0.3442724347114563,0.5548902153968811,0.1059211865067482
YHR138C,YPL030W,0,6.0744715,0.34405940771102905,0.5548902153968811,0.1060212031006813
YLR390W-A,YPL111W,0,6.0735283,0.3438466191291809,0.5548902153968811,0.10612122714519501
YMR215W,YER056C-A,0,6.070195,0.34363412857055664,0.5548902153968811,0.10622124373912811
YBL002W,YLR017W,0,6.0698075,0.3434218764305115,0.5548902153968811,0.10632126778364182
YPL138C,YPL100W,0,6.05856,0.3432098627090454,0.5548902153968811,0.10642128437757492
YFL018W-A,YLR201C,0,6.0542345,0.3429981470108032,0.5548902153968811,0.10652130097150803
YHR079C-A,YIL015W,0,6.0507402,0.34278666973114014,0.5548902153968811,0.10662132501602173
YOR189W,YGR245C,0,6.0479054,0.3425754904747009,0.5548902153968811,0.10672134160995483
YML129C,YGL229C,0,6.044941,0.34236451983451843,0.5548902153968811,0.10682136565446854
YJL137C,YMR128W,0,6.036106,0.3421538472175598,0.5548902153968811,0.10692138224840164
YDR041W,YJR041C,0,6.0353026,0.3419434130191803,0.5548902153968811,0.10702140629291534
YGL061C,YHR141C,0,6.0340924,0.34173324704170227,0.5548902153968811,0.10712142288684845
YHR084W,YER109C,1,6.031398,0.3421376049518585,0.5558882355690002,0.10712142288684845
YGL190C,YER118C,1,6.026864,0.3425414264202118,0.5568862557411194,0.10712142288684845
YLR066W,YKL011C,0,6.026825,0.34233129024505615,0.5568862557411194,0.10722144693136215
YOR246C,YDR071C,0,6.024521,0.3421213924884796,0.5568862557411194,0.10732146352529526
YOL156W,YIL111W,0,6.01491,0.34191176295280457,0.5568862557411194,0.10742148756980896
YGL147C,YGR030C,0,6.0125546,0.341702401638031,0.5568862557411194,0.10752150416374207
YDR107C,YER109C,1,6.0115285,0.34210526943206787,0.5578842163085938,0.10752150416374207
YNR056C,YLL031C,0,6.005706,0.34189602732658386,0.5578842163085938,0.10762152075767517
YPL126W,YMR163C,0,6.0002437,0.34168705344200134,0.5578842163085938,0.10772154480218887
YML047C,YER060W-A,0,5.998191,0.3414783179759979,0.5578842163085938,0.10782156139612198
YDL101C,YOR007C,0,5.9942913,0.341269850730896,0.5578842163085938,0.10792158544063568
YPR199C,YCL066W,0,5.9914875,0.34106162190437317,0.5578842163085938,0.10802160203456879
YOL021C,YJL219W,0,5.9907713,0.34085366129875183,0.5578842163085938,0.10812162607908249
YDR012W,YLR132C,0,5.9907236,0.3406459391117096,0.5578842163085938,0.1082216426730156
YDR432W,YBL003C,0,5.987707,0.34043848514556885,0.5578842163085938,0.1083216667175293
YMR177W,YNL007C,0,5.98751,0.3402312695980072,0.5578842163085938,0.1084216833114624
YOR130C,YJR155W,0,5.985912,0.34002432227134705,0.5578842163085938,0.1085217073559761
YDR328C,YNR073C,0,5.984294,0.3398176431655884,0.5578842163085938,0.10862172394990921
YMR316W,YGR245C,0,5.9811196,0.3396111726760864,0.5578842163085938,0.10872174799442291
YLR054C,YEL001C,0,5.9764485,0.33940497040748596,0.5578842163085938,0.10882176458835602
YNR050C,YFL002C,0,5.9713955,0.339199036359787,0.5578842163085938,0.10892178118228912
YPL170W,YOL034W,0,5.966895,0.3389933407306671,0.5578842163085938,0.10902180522680283
YOL148C,YLR006C,0,5.9631915,0.33878788352012634,0.5578842163085938,0.10912182182073593
YPR046W,YIL097W,0,5.9627037,0.3385826647281647,0.5578842163085938,0.10922184586524963
YER148W,YDR169C,0,5.955126,0.3383777141571045,0.5578842163085938,0.10932186245918274
YGL065C,YJL052W,0,5.953779,0.3381730318069458,0.5578842163085938,0.10942188650369644
YOR316C,YNL087W,0,5.952914,0.3379685580730438,0.5578842163085938,0.10952190309762955
YKR080W,YER099C,0,5.952472,0.33776435256004333,0.5578842163085938,0.10962192714214325
YMR119W,YDR214W,0,5.952426,0.33756038546562195,0.5578842163085938,0.10972194373607635
YLR008C,YLL028W,0,5.9478545,0.33735665678977966,0.5578842163085938,0.10982196778059006
YDR126W,YPL084W,0,5.9474955,0.33715319633483887,0.5578842163085938,0.10992198437452316
YJR047C,YMR307W,0,5.946663,0.3369499742984772,0.5578842163085938,0.11002200096845627
YER177W,YOR315W,1,5.9461145,0.33734938502311707,0.5588822364807129,0.11002200096845627
YIL053W,YHR190W,0,5.945907,0.3371463119983673,0.5588822364807129,0.11012202501296997
YDL159W,YLL021W,1,5.941246,0.33754512667655945,0.559880256652832,0.11012202501296997
YKL086W,YGR189C,0,5.9362144,0.33734214305877686,0.559880256652832,0.11022204160690308
YJL069C,YJL129C,0,5.9337974,0.33713942766189575,0.559880256652832,0.11032206565141678
YML130C,YOR115C,0,5.9299793,0.33693695068359375,0.559880256652832,0.11042208224534988
YJR153W,YHR073W,1,5.9287558,0.33733493089675903,0.5608782172203064,0.11042208224534988
YGL097W,YOR066W,0,5.9240913,0.3371325731277466,0.5608782172203064,0.11052210628986359
YGL210W-A,YDR200C,0,5.9187136,0.33693045377731323,0.5608782172203064,0.11062212288379669
YEL048C,YMR053C,0,5.9155936,0.336728572845459,0.5608782172203064,0.1107221469283104
YDR384C,YNR033W,0,5.907506,0.3365269601345062,0.5608782172203064,0.1108221635222435
YPL053C,YHL033C,0,5.9040976,0.3363255560398102,0.5608782172203064,0.1109221875667572
YHR124W,YOR231W,0,5.902688,0.33612439036369324,0.5608782172203064,0.11102220416069031
YDR279W,YGR044C,0,5.8947306,0.3359234929084778,0.5608782172203064,0.11112222075462341
YOR264W,YKL109W,0,5.891222,0.33572283387184143,0.5608782172203064,0.11122224479913712
YBR008C,YER167W,0,5.8885593,0.3355223834514618,0.5608782172203064,0.11132226139307022
YHR200W,YPL043W,0,5.8880005,0.33532220125198364,0.5608782172203064,0.11142228543758392
YHR141C,YNL251C,0,5.886244,0.3351222276687622,0.5608782172203064,0.11152230203151703
YNL058C,YPR169W,0,5.8817196,0.33492252230644226,0.5608782172203064,0.11162232607603073
YDL159W,YAL056W,1,5.881712,0.3353186547756195,0.5618762373924255,0.11162232607603073
YHR083W,YHR010W,0,5.8751497,0.3351190388202667,0.5618762373924255,0.11172234266996384
YKL149C,YAL056W,1,5.8747587,0.3355145752429962,0.5628742575645447,0.11172234266996384
YLR312C-B,YDR099W,1,5.8641043,0.3359096348285675,0.5638722777366638,0.11172234266996384
YKR060W,YOR005C,0,5.862045,0.3357100486755371,0.5638722777366638,0.11182236671447754
YGR092W,YNL014W,0,5.8604236,0.3355107009410858,0.5638722777366638,0.11192238330841064
YPL249C-A,YOL156W,0,5.853999,0.33531156182289124,0.5638722777366638,0.11202240735292435
YBR295W,YMR274C,0,5.852762,0.33511269092559814,0.5638722777366638,0.11212242394685745
YCR040W,YHR216W,0,5.8429146,0.33491405844688416,0.5638722777366638,0.11222244799137115
YPL231W,YER139C,0,5.8398805,0.3347156345844269,0.5638722777366638,0.11232246458530426
YMR251W-A,YKL197C,0,5.8371887,0.3345174789428711,0.5638722777366638,0.11242248117923737
YBR078W,YPL228W,0,5.8347883,0.334319531917572,0.5638722777366638,0.11252250522375107
YKL197C,YDR046C,0,5.8288317,0.33412182331085205,0.5638722777366638,0.11262252181768417
YAL041W,YDL024C,1,5.8265786,0.33451536297798157,0.5648702383041382,0.11262252181768417
YKL194C,YGR057C,0,5.8247976,0.33431777358055115,0.5648702383041382,0.11272254586219788
YGL194C,YDR435C,0,5.820765,0.33412042260169983,0.5648702383041382,0.11282256245613098
YNL197C,YKL048C,1,5.8192453,0.33451327681541443,0.5658682584762573,0.11282256245613098
YMR079W,YER149C,0,5.816869,0.33431604504585266,0.5658682584762573,0.11292258650064468
YNL068C,YER113C,1,5.8115034,0.3347083032131195,0.5668662786483765,0.11292258650064468
YIL044C,YMR205C,0,5.8094864,0.3345111906528473,0.5668662786483765,0.11302260309457779
YOL094C,YOR032C,0,5.8072004,0.3343143165111542,0.5668662786483765,0.11312262713909149
YJL074C,YLL001W,0,5.8068485,0.3341176509857178,0.5668662786483765,0.1132226437330246
YIR019C,YOR032C,1,5.8032026,0.33450910449028015,0.5678642988204956,0.1132226437330246
YDR261C,YIR026C,0,5.8022466,0.3343125879764557,0.5678642988204956,0.1133226677775383
YAL026C,YLR221C,0,5.7999682,0.33411628007888794,0.5678642988204956,0.1134226843714714
YPL155C,YJR121W,0,5.798168,0.3339201807975769,0.5678642988204956,0.11352270096540451
YDR251W,YLR229C,1,5.7980967,0.3343108594417572,0.56886225938797,0.11352270096540451
YHR142W,YBR162W-A,0,5.7979374,0.3341148793697357,0.56886225938797,0.11362272500991821
YMR235C,YOL064C,0,5.795987,0.3339191675186157,0.56886225938797,0.11372274160385132
YAL041W,YAL056W,1,5.7893667,0.3343091309070587,0.5698602795600891,0.11372274160385132
YJR009C,YLL048C,0,5.7873225,0.3341135084629059,0.5698602795600891,0.11382276564836502
YPL028W,YGL125W,0,5.786257,0.33391812443733215,0.5698602795600891,0.11392278224229813
YAL041W,YIL049W,1,5.7824783,0.3343074321746826,0.5708582997322083,0.11392278224229813
YPL115C,YAL056W,1,5.778562,0.3346962630748749,0.5718562602996826,0.11392278224229813
YNL138W,YHR084W,1,5.7733555,0.3350846469402313,0.5728542804718018,0.11392278224229813
YDR009W,YDL080C,0,5.7717404,0.33488914370536804,0.5728542804718018,0.11402280628681183
YKL158W,YNL327W,0,5.771645,0.33469387888908386,0.5728542804718018,0.11412282288074493
YGR289C,YLL032C,0,5.769848,0.3344988226890564,0.5728542804718018,0.11422284692525864
YIR019C,YDR099W,1,5.769782,0.33488643169403076,0.5738523006439209,0.11422284692525864
YPL265W,YPR079W,0,5.7697425,0.33469149470329285,0.5738523006439209,0.11432286351919174
YLR207W,YNL036W,0,5.7656107,0.33449679613113403,0.5738523006439209,0.11442288756370544
YLL021W,YGL179C,0,5.761223,0.3343023359775543,0.5738523006439209,0.11452290415763855
YDR477W,YMR016C,1,5.735356,0.3346891403198242,0.57485032081604,0.11452290415763855
YLR093C,YGR060W,0,5.733001,0.33449476957321167,0.57485032081604,0.11462292820215225
YOR091W,YNL243W,0,5.732919,0.3343006372451782,0.57485032081604,0.11472294479608536
YML133C,YCR063W,0,5.731064,0.3341067433357239,0.57485032081604,0.11482296139001846
YBR101C,YOR358W,0,5.7295003,0.33391305804252625,0.57485032081604,0.11492298543453217
YOR125C,YGL139W,0,5.721788,0.3337195813655853,0.57485032081604,0.11502300202846527
YIL049W,YKR090W,0,5.7191095,0.3335263431072235,0.57485032081604,0.11512302607297897
YFR050C,YLR079W,0,5.7171383,0.3333333432674408,0.57485032081604,0.11522304266691208
YDR107C,YKL149C,1,5.716399,0.3337189257144928,0.5758482813835144,0.11522304266691208
YBL030C,YOL065C,0,5.7134876,0.33352601528167725,0.5758482813835144,0.11532306671142578
YJL062W,YKR042W,0,5.7087193,0.3333333432674408,0.5758482813835144,0.11542308330535889
YPR007C,YOR191W,0,5.707528,0.33314087986946106,0.5758482813835144,0.11552310734987259
YJR064W,YGR108W,0,5.7047596,0.3329486548900604,0.5758482813835144,0.1156231239438057
YOR066W,YNL111C,0,5.702092,0.3327566385269165,0.5758482813835144,0.1157231479883194
YMR285C,YGL028C,0,5.7019224,0.3325648307800293,0.5758482813835144,0.1158231645822525
YKL087C,YBR110W,0,5.701061,0.3323732614517212,0.5758482813835144,0.11592318117618561
YPL051W,YDR085C,0,5.7009735,0.3321819305419922,0.5758482813835144,0.11602320522069931
YDR255C,YPL253C,0,5.694586,0.3319908082485199,0.5758482813835144,0.11612322181463242
YKR081C,YHR023W,0,5.692674,0.3317998945713043,0.5758482813835144,0.11622324585914612
YHR124W,YJR009C,0,5.6916676,0.33160918951034546,0.5758482813835144,0.11632326245307922
YER113C,YKL048C,1,5.691271,0.33199310302734375,0.5768463015556335,0.11632326245307922
YOL121C,YOL012C,0,5.6909165,0.33180251717567444,0.5768463015556335,0.11642328649759293
YIR019C,YDR477W,1,5.688698,0.33218589425086975,0.5778443217277527,0.11642328649759293
YDR489W,YPR124W,0,5.6862874,0.33199542760849,0.5778443217277527,0.11652330309152603
YKL185W,YPL115C,1,5.6847305,0.33237820863723755,0.5788423418998718,0.11652330309152603
YNL138W,YER020W,1,5.675365,0.33276060223579407,0.5798403024673462,0.11652330309152603
YDR153C,YKL132C,0,5.674595,0.3325701057910919,0.5798403024673462,0.11662332713603973
YML067C,YJL158C,0,5.6717505,0.33237987756729126,0.5798403024673462,0.11672334372997284
YDR379W,YER109C,1,5.6649694,0.33276158571243286,0.5808383226394653,0.11672334372997284
YLR214W,YDR322W,0,5.664108,0.332571417093277,0.5808383226394653,0.11682336777448654
YOR227W,YPL015C,0,5.650917,0.3323814868927002,0.5808383226394653,0.11692338436841965
YDR051C,YKR099C-A,0,5.6496167,0.3321917951107025,0.5808383226394653,0.11702340096235275
YIL157C,YBR237W,0,5.6493893,0.33200228214263916,0.5808383226394653,0.11712342500686646
YKL110C,YDR276C,0,5.6490183,0.3318130075931549,0.5808383226394653,0.11722344160079956
YPR124W,YDR318W,0,5.6363497,0.33162394165992737,0.5808383226394653,0.11732346564531326
YEL026W,YIL066C,0,5.6339717,0.33143508434295654,0.5808383226394653,0.11742348223924637
YJR086W,YOR188W,0,5.6275063,0.33124643564224243,0.5808383226394653,0.11752350628376007
YDL129W,YGR088W,0,5.623949,0.3310580253601074,0.5808383226394653,0.11762352287769318
YLR433C,YHR148W,0,5.623515,0.3308698236942291,0.5808383226394653,0.11772354692220688
YCR016W,YPL048W,0,5.618343,0.33068183064460754,0.5808383226394653,0.11782356351613998
YLR237W,YPL234C,0,5.616296,0.3304940462112427,0.5808383226394653,0.11792358756065369
YOR030W,YNL298W,1,5.612941,0.3308739960193634,0.5818363428115845,0.11792358756065369
YDR073W,YOR140W,0,5.6005335,0.3306863307952881,0.5818363428115845,0.11802360415458679
YDR251W,YNL098C,1,5.5987997,0.3310657739639282,0.5828343033790588,0.11802360415458679
YBR003W,YLR258W,0,5.598319,0.33087819814682007,0.5828343033790588,0.1181236281991005
YHL011C,YLL006W,0,5.5978622,0.33069083094596863,0.5828343033790588,0.1182236447930336
YHR196W,YGL246C,0,5.5973454,0.3305036723613739,0.5828343033790588,0.1183236613869667
YDL087C,YML021C,0,5.5973225,0.3303167521953583,0.5828343033790588,0.11842368543148041
YOR117W,YKL213C,0,5.596079,0.330130010843277,0.5828343033790588,0.11852370202541351
YJR054W,YDR258C,0,5.592552,0.3299435079097748,0.5828343033790588,0.11862372606992722
YMR139W,YOR016C,0,5.589038,0.3297572135925293,0.5828343033790588,0.11872374266386032
YKL185W,YDL035C,1,5.588591,0.33013543486595154,0.583832323551178,0.11872374266386032
YPL156C,YNR033W,0,5.5874896,0.3299492299556732,0.583832323551178,0.11882376670837402
YOR270C,YIL167W,0,5.5868216,0.3297632336616516,0.583832323551178,0.11892378330230713
YER106W,YOR030W,0,5.581588,0.3295774757862091,0.583832323551178,0.11902380734682083
YGL234W,YDR204W,0,5.580536,0.3293918967247009,0.583832323551178,0.11912382394075394
YGL008C,YIL051C,0,5.5792193,0.32920652627944946,0.583832323551178,0.11922384798526764
YML061C,YOL060C,0,5.577587,0.3290213644504547,0.583832323551178,0.11932386457920074
YOR189W,YBR078W,0,5.576638,0.3288364112377167,0.583832323551178,0.11942388117313385
YLR265C,YIL171W,0,5.57349,0.32865169644355774,0.583832323551178,0.11952390521764755
YHL035C,YPL089C,0,5.5646524,0.32846716046333313,0.583832323551178,0.11962392181158066
YER078C,YML008C,0,5.558646,0.32828283309936523,0.583832323551178,0.11972394585609436
YCR053W,YLL006W,0,5.557637,0.32809871435165405,0.583832323551178,0.11982396245002747
YPR004C,YMR063W,0,5.5542555,0.3279148042201996,0.583832323551178,0.11992398649454117
YML130C,YDR298C,0,5.5533643,0.32773110270500183,0.583832323551178,0.12002400308847427
YDR150W,YAL056W,0,5.545721,0.3275475800037384,0.583832323551178,0.12012402713298798
YOR244W,YBL054W,0,5.544127,0.3273642957210541,0.583832323551178,0.12022404372692108
YEL046C,YER164W,0,5.5396824,0.32718122005462646,0.583832323551178,0.12032406777143478
YBR218C,YDL235C,0,5.539467,0.3269983232021332,0.583832323551178,0.12042408436536789
YDR036C,YPL006W,0,5.5389285,0.3268156349658966,0.583832323551178,0.12052410840988159
YNL001W,YER118C,1,5.5372925,0.3271915018558502,0.5848303437232971,0.12052410840988159
YNL123W,YIL105C,0,5.534682,0.3270089328289032,0.5848303437232971,0.1206241250038147
YDR477W,YOR369C,0,5.529416,0.3268265426158905,0.5848303437232971,0.1207241415977478
YLR265C,YKR086W,0,5.528175,0.3266443610191345,0.5848303437232971,0.1208241656422615
YOR092W,YPL120W,0,5.5262423,0.32646238803863525,0.5848303437232971,0.12092418223619461
YGR274C,YOR192C,0,5.524681,0.3262806236743927,0.5848303437232971,0.12102420628070831
YCL027C-A,YPR042C,0,5.522131,0.32609906792640686,0.5848303437232971,0.12112422287464142
YNL098C,YAL056W,1,5.519966,0.3264738619327545,0.5858283638954163,0.12112422287464142
YPR114W,YGR037C,0,5.5180416,0.32629239559173584,0.5858283638954163,0.12122424691915512
YIR019C,YMR164C,1,5.5174017,0.3266666531562805,0.5868263244628906,0.12122424691915512
YHR070W,YOR278W,0,5.514084,0.326485276222229,0.5868263244628906,0.12132426351308823
YPR104C,YPR055W,0,5.5137806,0.3263041079044342,0.5868263244628906,0.12142428755760193
YCR018C,YFR030W,0,5.5129538,0.32612311840057373,0.5868263244628906,0.12152430415153503
YLR095C,YHR170W,0,5.50892,0.32594233751296997,0.5868263244628906,0.12162432819604874
YJL012C,YDR101C,0,5.5039,0.3257617652416229,0.5868263244628906,0.12172434478998184
YHR073W,YHR084W,1,5.501999,0.3261350989341736,0.5878243446350098,0.12172434478998184
YML024W,YGR098C,0,5.501819,0.3259546160697937,0.5878243446350098,0.12182436138391495
YHR073W,YMR016C,1,5.501411,0.32632744312286377,0.5888223648071289,0.12182436138391495
YGL009C,YGL161C,0,5.4985456,0.32614704966545105,0.5888223648071289,0.12192438542842865
YGR109C,YJR046W,0,5.495755,0.32596686482429504,0.5888223648071289,0.12202440202236176
YHR120W,YHR141C,0,5.486086,0.32578685879707336,0.5888223648071289,0.12212442606687546
YOR386W,YLR205C,0,5.478264,0.3256070613861084,0.5888223648071289,0.12222444266080856
YLR312C-B,YHR073W,1,5.4770555,0.3259790539741516,0.589820384979248,0.12222444266080856
YML015C,YDR522C,0,5.472867,0.3257993459701538,0.589820384979248,0.12232446670532227
YNL189W,YGL144C,0,5.4640427,0.3256198465824127,0.589820384979248,0.12242448329925537
YIL136W,YOR256C,0,5.4617333,0.32544052600860596,0.589820384979248,0.12252450734376907
YNR027W,YJL151C,0,5.4573874,0.3252614140510559,0.589820384979248,0.12262452393770218
YDR379W,YJR153W,1,5.4570045,0.32563257217407227,0.5908183455467224,0.12262452393770218
YNR039C,YDR501W,0,5.45512,0.3254535496234894,0.5908183455467224,0.12272454798221588
YMR271C,YLR200W,0,5.439268,0.3252747356891632,0.5908183455467224,0.12282456457614899
YDR120C,YOR010C,0,5.4370584,0.32509610056877136,0.5908183455467224,0.12292458862066269
YFL035C-B,YIL023C,0,5.432026,0.32491767406463623,0.5908183455467224,0.1230246052145958
YPR118W,YNL240C,0,5.4319425,0.3247394263744354,0.5908183455467224,0.1231246218085289
YIR019C,YDR379W,1,5.4317813,0.32510966062545776,0.5918163657188416,0.1231246218085289
YJL136C,YFL049W,0,5.4269953,0.3249315023422241,0.5918163657188416,0.1232246458530426
YJR045C,YDR503C,0,5.4244127,0.3247535526752472,0.5918163657188416,0.12332466244697571
YIL110W,YGL067W,0,5.422154,0.324575811624527,0.5918163657188416,0.12342468649148941
YJL168C,YOL119C,0,5.4172716,0.3243982493877411,0.5918163657188416,0.12352470308542252
YOR127W,YNL098C,1,5.4167,0.3247676193714142,0.5928143858909607,0.12352470308542252
YNL048W,YGR192C,0,5.41311,0.32459017634391785,0.5928143858909607,0.12362472712993622
YER026C,YDR145W,0,5.4084,0.32441288232803345,0.5928143858909607,0.12372474372386932
YDR313C,YHR103W,0,5.4077215,0.32423579692840576,0.5928143858909607,0.12382476776838303
YNL298W,YHR011W,1,5.4049516,0.32460448145866394,0.5938123464584351,0.12382476776838303
YDR517W,YML024W,0,5.403817,0.3244274854660034,0.5938123464584351,0.12392478436231613
YDR214W,YML048W,0,5.4026074,0.3242506682872772,0.5938123464584351,0.12402480840682983
YOR079C,YLL028W,0,5.400343,0.32407405972480774,0.5938123464584351,0.12412482500076294
YBL101C,YER108C,0,5.400298,0.32389765977859497,0.5938123464584351,0.12422484159469604
YLL057C,YIL117C,0,5.399542,0.32372143864631653,0.5938123464584351,0.12432486563920975
YJR160C,YJL197W,0,5.39933,0.3235453963279724,0.5938123464584351,0.12442488223314285
YGL246C,YBR089C-A,0,5.3977633,0.323369562625885,0.5938123464584351,0.12452490627765656
YIL117C,YIL070C,0,5.3963304,0.32319390773773193,0.5938123464584351,0.12462492287158966
YLR312C-B,YNL197C,1,5.3922586,0.32356134057044983,0.5948103666305542,0.12462492287158966
YNL029C,YGL135W,0,5.3884935,0.3233857750892639,0.5948103666305542,0.12472494691610336
YLR364W,YDR354W,0,5.38826,0.3232104182243347,0.5948103666305542,0.12482496351003647
YKL134C,YBL024W,0,5.381229,0.32303524017333984,0.5948103666305542,0.12492498755455017
YDR009W,YHR027C,0,5.381092,0.3228602409362793,0.5948103666305542,0.12502500414848328
YDR477W,YJR153W,1,5.3762255,0.3232268691062927,0.5958083868026733,0.12502500414848328
YOR030W,YAL056W,1,5.3739424,0.3235930800437927,0.5968064069747925,0.12502500414848328
YLR287C-A,YNL300W,0,5.365197,0.3234180510044098,0.5968064069747925,0.12512502074241638
YNL222W,YLR450W,0,5.3621674,0.32324323058128357,0.5968064069747925,0.12522505223751068
YDR091C,YPR005C,0,5.3619833,0.32306861877441406,0.5968064069747925,0.1253250688314438
YDL135C,YHR129C,0,5.358409,0.3228941559791565,0.5968064069747925,0.1254250854253769
YNL326C,YDL060W,0,5.355135,0.32271990180015564,0.5968064069747925,0.12552510201931
YER036C,YOR032C,0,5.3448396,0.3225458562374115,0.5968064069747925,0.1256251186132431
YGL134W,YKR067W,0,5.3409386,0.3223719596862793,0.5968064069747925,0.1257251501083374
YKL176C,YPL032C,0,5.339897,0.3221982717514038,0.5968064069747925,0.1258251667022705
YJR049C,YGR060W,0,5.33699,0.32202476263046265,0.5968064069747925,0.1259251832962036
YHR006W,YIL004C,0,5.335806,0.3218514621257782,0.5968064069747925,0.12602519989013672
YDL044C,YDL137W,0,5.321701,0.3216783106327057,0.5968064069747925,0.12612523138523102
YOR030W,YNL119W,1,5.3134913,0.3220430016517639,0.5978043675422668,0.12612523138523102
YDR376W,YER123W,0,5.3108664,0.32186996936798096,0.5978043675422668,0.12622524797916412
YMR318C,YOR383C,0,5.3059254,0.32169708609580994,0.5978043675422668,0.12632526457309723
YER146W,YBR301W,0,5.3059244,0.32152441143989563,0.5978043675422668,0.12642528116703033
YGR274C,YLR175W,0,5.3050265,0.32135194540023804,0.5978043675422668,0.12652529776096344
YBR158W,YLR328W,0,5.3036103,0.3211796283721924,0.5978043675422668,0.12662532925605774
YER020W,YIL117C,0,5.3018436,0.32100749015808105,0.5978043675422668,0.12672534584999084
YLR096W,YMR318C,0,5.301739,0.32083556056022644,0.5978043675422668,0.12682536244392395
YOR101W,YLR132C,0,5.299085,0.32066380977630615,0.5978043675422668,0.12692537903785706
YHR064C,YOR320C,0,5.2958493,0.3204922378063202,0.5978043675422668,0.12702541053295135
YIR021W,YLL057C,0,5.287384,0.32032084465026855,0.5978043675422668,0.12712542712688446
YPL115C,YMR316W,1,5.286919,0.32068413496017456,0.598802387714386,0.12712542712688446
YJR160C,YIL072W,0,5.286459,0.3205128312110901,0.598802387714386,0.12722544372081757
YIR013C,YMR040W,0,5.278578,0.32034170627593994,0.598802387714386,0.12732546031475067
YDL144C,YJR016C,0,5.2768283,0.3201707601547241,0.598802387714386,0.12742549180984497
YLR229C,YCR038C,1,5.2725344,0.3205333352088928,0.5998004078865051,0.12742549180984497
YBR171W,YDR345C,0,5.269494,0.32036247849464417,0.5998004078865051,0.12752550840377808
YGL210W-A,YHL002W,0,5.265545,0.32019180059432983,0.5998004078865051,0.12762552499771118
YPR094W,YBL054W,0,5.258481,0.32002130150794983,0.5998004078865051,0.1277255415916443
YGL161C,YNL206C,0,5.2577925,0.31985098123550415,0.5998004078865051,0.1278255581855774
YJL189W,YFL005W,0,5.2548237,0.3196808397769928,0.5998004078865051,0.1279255896806717
YMR322C,YBL046W,0,5.2506227,0.31951090693473816,0.5998004078865051,0.1280256062746048
YOR371C,YHR073W,1,5.246211,0.3198724687099457,0.6007984280586243,0.1280256062746048
YNL197C,YDL159W,1,5.2425194,0.32023367285728455,0.6017963886260986,0.1280256062746048
YIL044C,YHL016C,0,5.2405534,0.32006368041038513,0.6017963886260986,0.1281256228685379
YER113C,YNL197C,1,5.2362375,0.3204244077205658,0.6027944087982178,0.1281256228685379
YDR398W,YNL045W,0,5.2238836,0.32025450468063354,0.6027944087982178,0.128225639462471
YHR099W,YGR133W,0,5.219181,0.3200847804546356,0.6027944087982178,0.1283256709575653
YLR064W,YNL015W,0,5.219039,0.3199152648448944,0.6027944087982178,0.1284256875514984
YBR005W,YDR464W,0,5.217063,0.31974589824676514,0.6027944087982178,0.12852570414543152
YOR192C,YMR044W,0,5.2152405,0.3195767104625702,0.6027944087982178,0.12862572073936462
YML033W,YLR398C,0,5.212337,0.31940773129463196,0.6027944087982178,0.12872575223445892
YOR288C,YHR013C,0,5.2112904,0.31923890113830566,0.6027944087982178,0.12882576882839203
YGL044C,YNR045W,0,5.2008553,0.3190702497959137,0.6027944087982178,0.12892578542232513
YDR280W,YDR421W,0,5.199853,0.31890180706977844,0.6027944087982178,0.12902580201625824
YEL055C,YLR216C,0,5.1900196,0.3187335133552551,0.6027944087982178,0.12912581861019135
YNL119W,YHR084W,1,5.1897,0.31909283995628357,0.6037924289703369,0.12912581861019135
YBL008W,YGL087C,0,5.1894755,0.31892460584640503,0.6037924289703369,0.12922585010528564
YLR367W,YBR135W,0,5.184983,0.3187565803527832,0.6037924289703369,0.12932586669921875
YHL007C,YCR093W,1,5.179114,0.3191153109073639,0.6047903895378113,0.12932586669921875
YOR330C,YAL056W,0,5.160257,0.31894737482070923,0.6047903895378113,0.12942588329315186
YNL173C,YOR254C,0,5.160153,0.3187795877456665,0.6047903895378113,0.12952589988708496
YDL101C,YMR063W,0,5.1580505,0.3186119794845581,0.6047903895378113,0.12962593138217926
YJR048W,YGR211W,0,5.147504,0.31844455003738403,0.6047903895378113,0.12972594797611237
YOL016C,YHR018C,0,5.1462116,0.3182772994041443,0.6047903895378113,0.12982596457004547
YDR339C,YKR088C,0,5.144676,0.31811022758483887,0.6047903895378113,0.12992598116397858
YMR116C,YLR190W,0,5.1435523,0.3179433345794678,0.6047903895378113,0.13002599775791168
YCR031C,YGL222C,0,5.142705,0.317776620388031,0.6047903895378113,0.13012602925300598
YGR157W,YJL158C,0,5.1415844,0.3176100552082062,0.6047903895378113,0.1302260458469391
YDL025C,YHR204W,0,5.13536,0.31744369864463806,0.6047903895378113,0.1303260624408722
YER172C,YBR085W,0,5.1335864,0.3172774910926819,0.6047903895378113,0.1304260790348053
YMR215W,YPL283C,0,5.1299567,0.31711146235466003,0.6047903895378113,0.1305261105298996
YCR069W,YBR092C,0,5.129063,0.3169456124305725,0.6047903895378113,0.1306261271238327
YOL064C,YKR050W,0,5.1289244,0.3167799413204193,0.6047903895378113,0.1307261437177658
YLL018C,YBR186W,0,5.1240344,0.31661441922187805,0.6047903895378113,0.1308261603116989
YNL254C,YMR037C,0,5.12274,0.3164490759372711,0.6047903895378113,0.1309261918067932
YML037C,YIR022W,0,5.119199,0.3162839114665985,0.6047903895378113,0.13102620840072632
YLR222C,YOR358W,0,5.117273,0.31611892580986023,0.6047903895378113,0.13112622499465942
YDL191W,YPL268W,0,5.115204,0.3159541189670563,0.6047903895378113,0.13122624158859253
YOL076W,YGL128C,0,5.1136446,0.31578946113586426,0.6047903895378113,0.13132625818252563
YLR417W,YBR216C,0,5.1116366,0.31562501192092896,0.6047903895378113,0.13142628967761993
YIR036C,YDR456W,0,5.1113234,0.3154607117176056,0.6047903895378113,0.13152630627155304
YOR030W,YIR019C,1,5.1109676,0.31581684947013855,0.6057884097099304,0.13152630627155304
YHL007C,YNL197C,1,5.109866,0.31617265939712524,0.6067864298820496,0.13152630627155304
YKR081C,YDL038C,0,5.106993,0.3160083293914795,0.6067864298820496,0.13162632286548615
YEL050C,YDR162C,0,5.1061764,0.3158441483974457,0.6067864298820496,0.13172633945941925
YGL255W,YDR002W,0,5.105216,0.3156801760196686,0.6067864298820496,0.13182637095451355
YJL097W,YIL066C,0,5.101454,0.3155163526535034,0.6067864298820496,0.13192638754844666
YBR158W,YPR021C,0,5.1001754,0.3153527081012726,0.6067864298820496,0.13202640414237976
YEL005C,YER072W,0,5.097537,0.3151892125606537,0.6067864298820496,0.13212642073631287
YER179W,YCR066W,0,5.0973926,0.3150258958339691,0.6067864298820496,0.13222645223140717
YOR010C,YCL038C,0,5.0948668,0.31486275792121887,0.6067864298820496,0.13232646882534027
YGR198W,YNL087W,0,5.09448,0.31469979882240295,0.6067864298820496,0.13242648541927338
YML058W,YDR069C,0,5.09412,0.314536988735199,0.6067864298820496,0.13252650201320648
YPR131C,YHR176W,0,5.0934896,0.3143743574619293,0.6067864298820496,0.1326265186071396
YNL142W,YIL034C,0,5.0900373,0.3142118752002716,0.6067864298820496,0.1327265501022339
YBL016W,YLR175W,0,5.0899487,0.3140496015548706,0.6067864298820496,0.132826566696167
YDL076C,YDR397C,0,5.085289,0.31388744711875916,0.6067864298820496,0.1329265832901001
YGR128C,YHR009C,0,5.084939,0.3137255012989044,0.6067864298820496,0.1330265998840332
YDR379W,YKL149C,1,5.0763283,0.3140794336795807,0.6077844500541687,0.1330265998840332
YNL068C,YNL001W,1,5.0630016,0.3144329786300659,0.6087824106216431,0.1330265998840332
YML026C,YKL073W,0,5.060936,0.3142710030078888,0.6087824106216431,0.1331266313791275
YBR090C-A,YHR063C,0,5.0607123,0.3141091763973236,0.6087824106216431,0.1332266479730606
YDR324C,YPR103W,0,5.059497,0.31394749879837036,0.6087824106216431,0.1333266645669937
YNL138W,YKL048C,1,5.0571165,0.31430041790008545,0.6097804307937622,0.1333266645669937
YMR225C,YFR055W,0,5.0567408,0.31413882970809937,0.6097804307937622,0.13342668116092682
YIL075C,YHL013C,0,5.050789,0.3139773905277252,0.6097804307937622,0.13352671265602112
YOR080W,YAR033W,0,5.048784,0.3138161301612854,0.6097804307937622,0.13362672924995422
YNL224C,YJL108C,0,5.048531,0.3136550188064575,0.6097804307937622,0.13372674584388733
YMR231W,YPL220W,0,5.0444818,0.31349408626556396,0.6097804307937622,0.13382676243782043
YDL207W,YNL063W,0,5.0406885,0.31333333253860474,0.6097804307937622,0.13392677903175354
YEL065W,YBR291C,0,5.027439,0.31317272782325745,0.6097804307937622,0.13402681052684784
YLR096W,YBR217W,0,5.0270057,0.3130123019218445,0.6097804307937622,0.13412682712078094
YDR524C,YHR196W,0,5.0214424,0.31285202503204346,0.6097804307937622,0.13422684371471405
YNL210W,YDR400W,0,5.0208883,0.31269192695617676,0.6097804307937622,0.13432686030864716
YML064C,YOR036W,0,5.0144453,0.312531977891922,0.6097804307937622,0.13442689180374146
YNL068C,YPL021W,1,5.0133977,0.3128834366798401,0.6107784509658813,0.13442689180374146
YLR194C,YBL103C,0,5.010453,0.3127235472202301,0.6107784509658813,0.13452690839767456
YER177W,YER108C,1,5.0097427,0.3130745589733124,0.6117764711380005,0.13452690839767456
YML038C,YHR063C,0,5.0063725,0.31291475892066956,0.6117764711380005,0.13462692499160767
YBL072C,YKL002W,0,5.0042787,0.31275510787963867,0.6117764711380005,0.13472694158554077
YDR485C,YJL080C,0,5.0037813,0.3125956058502197,0.6117764711380005,0.13482695817947388
YJR153W,YOR371C,1,4.996827,0.3129459619522095,0.6127744317054749,0.13482695817947388
YIR004W,YLR175W,0,4.9887843,0.3127865493297577,0.6127744317054749,0.13492698967456818
YCL010C,YBR205W,0,4.986136,0.31262728571891785,0.6127744317054749,0.13502700626850128
YDL159W,YGL250W,0,4.9839096,0.31246820092201233,0.6127744317054749,0.1351270228624344
YNR022C,YBR088C,0,4.982832,0.31230926513671875,0.6127744317054749,0.1352270394563675
YML055W,YML060W,0,4.979297,0.3121504783630371,0.6127744317054749,0.1353270709514618
YDL100C,YML111W,0,4.974189,0.3119918704032898,0.6127744317054749,0.1354270875453949
YGL098W,YJL162C,0,4.9710994,0.3118334114551544,0.6127744317054749,0.135527104139328
YER113C,YOR359W,0,4.969692,0.31167513132095337,0.6127744317054749,0.1356271207332611
YBR123C,YGR108W,0,4.9687743,0.31151700019836426,0.6127744317054749,0.1357271522283554
YHL038C,YMR072W,0,4.9644423,0.3113590180873871,0.6127744317054749,0.1358271688222885
YML101C,YPL061W,0,4.962881,0.31120121479034424,0.6127744317054749,0.13592718541622162
YKL086W,YMR017W,0,4.9606276,0.31104356050491333,0.6127744317054749,0.13602720201015472
YNL068C,YDL024C,1,4.954852,0.3113923966884613,0.613772451877594,0.13602720201015472
YKL148C,YNL063W,0,4.94742,0.31123483180999756,0.613772451877594,0.13612721860408783
YPL063W,YJR084W,0,4.943211,0.31107738614082336,0.613772451877594,0.13622725009918213
YLR155C,YHL020C,0,4.930521,0.3109201192855835,0.613772451877594,0.13632726669311523
YPL221W,YGR076C,0,4.928804,0.31076300144195557,0.613772451877594,0.13642728328704834
YOR009W,YJR155W,0,4.9283953,0.31060606241226196,0.613772451877594,0.13652729988098145
YLR095C,YHR013C,0,4.9239173,0.3104492723941803,0.613772451877594,0.13662733137607574
YML085C,YPR120C,0,4.918439,0.31029263138771057,0.613772451877594,0.13672734797000885
YMR318C,YIL084C,0,4.918392,0.31013616919517517,0.613772451877594,0.13682736456394196
YHL007C,YNL271C,1,4.918048,0.3104838728904724,0.6147704720497131,0.13682736456394196
YIL049W,YLR353W,1,4.9150143,0.3108312487602234,0.6157684922218323,0.13682736456394196
YBL087C,YCR004C,0,4.9042616,0.3106747269630432,0.6157684922218323,0.13692738115787506
YNL094W,YLR058C,0,4.901067,0.31051838397979736,0.6157684922218323,0.13702741265296936
YPL262W,YBL017C,0,4.9006586,0.31036216020584106,0.6157684922218323,0.13712742924690247
YNL270C,YGR058W,0,4.9003763,0.3102061450481415,0.6157684922218323,0.13722744584083557
YJR152W,YHR026W,0,4.892495,0.31005024909973145,0.6157684922218323,0.13732746243476868
YNL158W,YOL020W,0,4.891993,0.30989453196525574,0.6157684922218323,0.13742747902870178
YML027W,YLR372W,0,4.883682,0.30973896384239197,0.6157684922218323,0.13752751052379608
YOL041C,YEL001C,0,4.879135,0.30958354473114014,0.6157684922218323,0.1376275271177292
YLR312C-B,YER108C,1,4.8787184,0.3099297881126404,0.6167664527893066,0.1376275271177292
YCR038C,YDL024C,1,4.877916,0.31027570366859436,0.6177644729614258,0.1376275271177292
YHR096C,YAL056W,0,4.8754444,0.31012025475502014,0.6177644729614258,0.1377275437116623
YJL065C,YNL152W,0,4.870334,0.30996495485305786,0.6177644729614258,0.1378275603055954
YOR259C,YHR042W,0,4.8678026,0.3098098039627075,0.6177644729614258,0.1379275918006897
YPR068C,YOR119C,0,4.8657427,0.3096548318862915,0.6177644729614258,0.1380276083946228
YOR269W,YJR019C,0,4.8617964,0.3095000088214874,0.6177644729614258,0.1381276249885559
YNL138W,YKL043W,1,4.8611174,0.30984508991241455,0.6187624931335449,0.1381276249885559
YHL007C,YHR073W,1,4.858443,0.310189813375473,0.6197604537010193,0.1381276249885559
YDR489W,YPR054W,0,4.8577094,0.31003496050834656,0.6197604537010193,0.138227641582489
YBR152W,YAR050W,0,4.8568745,0.30988022685050964,0.6197604537010193,0.13832765817642212
YLR249W,YGL194C,0,4.854584,0.30972567200660706,0.6197604537010193,0.13842768967151642
YDL214C,YLR396C,0,4.8535814,0.3095712959766388,0.6197604537010193,0.13852770626544952
YDR379W,YNL098C,1,4.8533444,0.30991530418395996,0.6207584738731384,0.13852770626544952
YNL062C,YPL074W,0,4.8529587,0.3097609579563141,0.6207584738731384,0.13862772285938263
YCR089W,YBL030C,0,4.848898,0.30960676074028015,0.6207584738731384,0.13872773945331573
YNL116W,YNL315C,0,4.84736,0.30945274233818054,0.6207584738731384,0.13882777094841003
YOR119C,YJL091C,0,4.8449335,0.3092988431453705,0.6207584738731384,0.13892778754234314
YKL033W,YJR035W,0,4.8436584,0.30914512276649475,0.6207584738731384,0.13902780413627625
YIL023C,YPL283C,0,4.841205,0.30899155139923096,0.6207584738731384,0.13912782073020935
YLR274W,YKL034W,0,4.8407626,0.3088381290435791,0.6207584738731384,0.13922785222530365
YDL103C,YGR172C,0,4.8405967,0.3086848556995392,0.6207584738731384,0.13932786881923676
YLR089C,YPL020C,0,4.838858,0.3085317313671112,0.6207584738731384,0.13942788541316986
YPL144W,YEL063C,0,4.835261,0.30837878584861755,0.6207584738731384,0.13952790200710297
YIL124W,YLR154C,0,4.8335156,0.30822595953941345,0.6207584738731384,0.13962791860103607
YKR030W,YDR113C,0,4.8320823,0.3080733120441437,0.6207584738731384,0.13972795009613037
YMR232W,YHR052W,0,4.824981,0.30792078375816345,0.6207584738731384,0.13982796669006348
YMR302C,YER113C,0,4.8220873,0.30776843428611755,0.6207584738731384,0.13992798328399658
YDR004W,YGR174C,0,4.819303,0.3076162338256836,0.6207584738731384,0.1400279998779297
YAL007C,YDR021W,0,4.8182197,0.3074641525745392,0.6207584738731384,0.140128031373024
YHL009C,YDR361C,0,4.8141594,0.3073122501373291,0.6207584738731384,0.1402280479669571
YJR104C,YDL104C,0,4.811843,0.30716049671173096,0.6207584738731384,0.1403280645608902
YER041W,YDR270W,0,4.81143,0.30700889229774475,0.6207584738731384,0.1404280811548233
YDR477W,YNL142W,1,4.811326,0.307350754737854,0.6217564940452576,0.1404280811548233
YPL230W,YHR045W,0,4.809471,0.3071992099285126,0.6217564940452576,0.1405281126499176
YJL052W,YBL036C,0,4.8070793,0.3070478141307831,0.6217564940452576,0.1406281292438507
YKL116C,YNL113W,0,4.800996,0.30689653754234314,0.6217564940452576,0.1407281458377838
YOL121C,YLR118C,0,4.8007917,0.3067454397678375,0.6217564940452576,0.14082816243171692
YML047C,YOR064C,0,4.7981167,0.30659449100494385,0.6217564940452576,0.14092817902565002
YJL127C,YNL301C,0,4.796612,0.3064436912536621,0.6217564940452576,0.14102821052074432
YDR099W,YDL159W,1,4.7953467,0.30678465962409973,0.6227545142173767,0.14102821052074432
YCR091W,YPL181W,0,4.78704,0.30663391947746277,0.6227545142173767,0.14112822711467743
YBR082C,YDR330W,0,4.782031,0.30648329854011536,0.6227545142173767,0.14122824370861053
YDR038C,YML055W,0,4.7814655,0.30633285641670227,0.6227545142173767,0.14132826030254364
YCR077C,YBR126C,0,4.7755785,0.30618253350257874,0.6227545142173767,0.14142829179763794
YGR026W,YJR007W,0,4.7694893,0.30603235960006714,0.6227545142173767,0.14152830839157104
YGR194C,YFR047C,0,4.7694044,0.30588236451148987,0.6227545142173767,0.14162832498550415
YHR142W,YJL170C,0,4.766651,0.30573248863220215,0.6227545142173767,0.14172834157943726
YDR054C,YDR536W,0,4.7638226,0.30558276176452637,0.6227545142173767,0.14182837307453156
YIL103W,YCR065W,0,4.7632627,0.3054331839084625,0.6227545142173767,0.14192838966846466
YHR110W,YNL326C,0,4.763222,0.3052837550640106,0.6227545142173767,0.14202840626239777
YDL115C,YJL198W,0,4.7626395,0.30513447523117065,0.6227545142173767,0.14212842285633087
YOR360C,YDR495C,0,4.7609043,0.3049853444099426,0.6227545142173767,0.14222843945026398
YOR067C,YDR365C,0,4.7577467,0.30483633279800415,0.6227545142173767,0.14232847094535828
YIL117C,YLR117C,0,4.75616,0.3046875,0.6227545142173767,0.14242848753929138
YER018C,YOR255W,0,4.7536564,0.3045387864112854,0.6227545142173767,0.1425285041332245
YJR137C,YGL145W,0,4.7512546,0.3043902516365051,0.6227545142173767,0.1426285207271576
YER118C,YML113W,0,4.7385964,0.3042418360710144,0.6227545142173767,0.1427285522222519
YIL013C,YDR485C,0,4.737878,0.3040935695171356,0.6227545142173767,0.142828568816185
YIL049W,YOR371C,1,4.737848,0.30443254113197327,0.6237524747848511,0.142828568816185
YLR008C,YER044C-A,0,4.736354,0.30428433418273926,0.6237524747848511,0.1429285854101181
YJL138C,YLL022C,0,4.7355146,0.3041362464427948,0.6237524747848511,0.1430286020040512
YLR293C,YNL129W,0,4.7342424,0.30398833751678467,0.6237524747848511,0.14312861859798431
YNL298W,YMR164C,1,4.7326865,0.3043266832828522,0.6247504949569702,0.14312861859798431
YER147C,YCR091W,0,4.7313576,0.30417880415916443,0.6247504949569702,0.1432286500930786
YDL211C,YOR224C,0,4.721469,0.3040310740470886,0.6247504949569702,0.14332866668701172
YNL081C,YHR136C,0,4.7210784,0.30388349294662476,0.6247504949569702,0.14342868328094482
YLR336C,YER110C,0,4.7173815,0.3037360608577728,0.6247504949569702,0.14352869987487793
YDR178W,YOL156W,0,4.7155237,0.30358874797821045,0.6247504949569702,0.14362873136997223
YER147C,YDR368W,0,4.7151155,0.30344158411026,0.6247504949569702,0.14372874796390533
YPR020W,YER094C,0,4.7141623,0.3032945692539215,0.6247504949569702,0.14382876455783844
YBL054W,YDR021W,0,4.7127028,0.30314770340919495,0.6247504949569702,0.14392878115177155
YDL079C,YHL006C,0,4.712036,0.30300095677375793,0.6247504949569702,0.14402881264686584
YOR262W,YLR167W,0,4.711566,0.30285438895225525,0.6247504949569702,0.14412882924079895
YMR244C-A,YDR006C,0,4.7096677,0.3027079403400421,0.6247504949569702,0.14422884583473206
YDR477W,YDL024C,1,4.7089696,0.3030449450016022,0.6257485151290894,0.14422884583473206
YOL110W,YJL156C,0,4.7082887,0.3028985559940338,0.6257485151290894,0.14432886242866516
YEL005C,YOR271C,0,4.707382,0.302752286195755,0.6257485151290894,0.14442887902259827
YER170W,YER074W-A,0,4.7073355,0.30260616540908813,0.6257485151290894,0.14452891051769257
YNL115C,YBR228W,0,4.704656,0.3024601936340332,0.6257485151290894,0.14462892711162567
YKL195W,YDL081C,0,4.697428,0.3023143708705902,0.6257485151290894,0.14472894370555878
YFL056C,YGR101W,0,4.6959352,0.30216866731643677,0.6257485151290894,0.14482896029949188
YGL031C,YNL041C,0,4.689332,0.30202311277389526,0.6257485151290894,0.14492899179458618
YDL035C,YER108C,1,4.6867046,0.3023591637611389,0.6267465353012085,0.14492899179458618
YNL111C,YDR139C,0,4.6858797,0.3022136688232422,0.6267465353012085,0.1450290083885193
YKL140W,YGR275W,0,4.6855693,0.302068293094635,0.6267465353012085,0.1451290249824524
YOR005C,YBL027W,0,4.683337,0.30192306637763977,0.6267465353012085,0.1452290415763855
YNL083W,YHR101C,0,4.678087,0.30177798867225647,0.6267465353012085,0.1453290730714798
YHL009C,YGL077C,0,4.671657,0.3016330599784851,0.6267465353012085,0.1454290896654129
YBL019W,YNL162W,0,4.670228,0.3014882504940033,0.6267465353012085,0.145529106259346
YKL016C,YGR108W,0,4.668824,0.30134356021881104,0.6267465353012085,0.1456291228532791
YOR315W,YNL068C,1,4.6662846,0.3016786575317383,0.6277444958686829,0.1456291228532791
YDL239C,YDR107C,0,4.6636305,0.3015340268611908,0.6277444958686829,0.14572913944721222
YGR157W,YJL165C,0,4.6616983,0.30138954520225525,0.6277444958686829,0.14582917094230652
YNL062C,YLR117C,0,4.6582613,0.30124521255493164,0.6277444958686829,0.14592918753623962
YMR070W,YER015W,0,4.6541953,0.3011009991168976,0.6277444958686829,0.14602920413017273
YJR059W,YMR199W,0,4.6534686,0.30095693469047546,0.6277444958686829,0.14612922072410583
YBL020W,YKR093W,0,4.650882,0.3008130192756653,0.6277444958686829,0.14622925221920013
YGR272C,YDR085C,0,4.650713,0.30066922307014465,0.6277444958686829,0.14632926881313324
YBR168W,YGL064C,0,4.6481023,0.30052557587623596,0.6277444958686829,0.14642928540706635
YMR024W,YDR528W,0,4.6432495,0.3003820478916168,0.6277444958686829,0.14652930200099945
YIL049W,YNL298W,1,4.636367,0.30071598291397095,0.628742516040802,0.14652930200099945
YNL251C,YGL251C,0,4.6355734,0.3005725145339966,0.628742516040802,0.14662931859493256
YPL186C,YIR019C,0,4.6346645,0.30042919516563416,0.628742516040802,0.14672935009002686
YLR430W,YBL027W,0,4.632572,0.3002859950065613,0.628742516040802,0.14682936668395996
YOR391C,YNL162W,0,4.6275783,0.30014291405677795,0.628742516040802,0.14692938327789307
YNR011C,YMR271C,0,4.625422,0.30000001192092896,0.628742516040802,0.14702939987182617
YPR037C,YDR361C,0,4.62432,0.2998571991920471,0.628742516040802,0.14712943136692047
YLR377C,YOR375C,0,4.622781,0.2997145652770996,0.628742516040802,0.14722944796085358
YLR229C,YDR379W,1,4.6157646,0.30004754662513733,0.6297405362129211,0.14722944796085358
YDR533C,YDR482C,0,4.614793,0.2999049425125122,0.6297405362129211,0.14732946455478668
YBR201W,YNL064C,0,4.613478,0.29976245760917664,0.6297405362129211,0.1474294811487198
YHR185C,YDL147W,0,4.6113462,0.299620121717453,0.6297405362129211,0.1475295126438141
YDR341C,YOL105C,0,4.6103806,0.2994779348373413,0.6297405362129211,0.1476295292377472
YNL250W,YDR534C,0,4.6082945,0.29933586716651917,0.6297405362129211,0.1477295458316803
YBR101C,YER088C,0,4.607413,0.2991939187049866,0.6297405362129211,0.1478295624256134
YIL075C,YMR063W,0,4.605733,0.2990521192550659,0.6297405362129211,0.1479295790195465
YER177W,YMR238W,1,4.6034136,0.2993841767311096,0.6307384967803955,0.1479295790195465
YBR068C,YOR190W,0,4.6028724,0.29924243688583374,0.6307384967803955,0.1480296105146408
YIL154C,YIR034C,0,4.602321,0.2991008162498474,0.6307384967803955,0.1481296271085739
YNL005C,YEL060C,0,4.600195,0.29895931482315063,0.6307384967803955,0.14822964370250702
YDR141C,YKL011C,0,4.599229,0.2988179624080658,0.6307384967803955,0.14832966029644012
YOR109W,YEL001C,0,4.5977645,0.2986767590045929,0.6307384967803955,0.14842969179153442
YOR100C,YDR329C,0,4.596569,0.29853567481040955,0.6307384967803955,0.14852970838546753
YDR477W,YHR111W,1,4.596544,0.298866868019104,0.6317365169525146,0.14852970838546753
YOR315W,YDL159W,1,4.5960298,0.2991977334022522,0.6327345371246338,0.14852970838546753
YIL049W,YBL103C,0,4.5938883,0.2990565896034241,0.6327345371246338,0.14862972497940063
YLR229C,YKL048C,1,4.5903616,0.2993870675563812,0.6337325572967529,0.14862972497940063
YDL104C,YLR378C,0,4.5886497,0.2992459833621979,0.6337325572967529,0.14872974157333374
YGL136C,YGR277C,0,4.585585,0.29910504817962646,0.6337325572967529,0.14882977306842804
YML033W,YDL165W,0,4.584701,0.2989642322063446,0.6337325572967529,0.14892978966236115
YOR127W,YDL159W,1,4.5777903,0.299294114112854,0.6347305178642273,0.14892978966236115
YOR192C,YKL054C,0,4.577356,0.29915332794189453,0.6347305178642273,0.14902980625629425
YDR299W,YOR014W,0,4.576307,0.299012690782547,0.6347305178642273,0.14912982285022736
YMR266W,YHR088W,0,4.5746045,0.298872172832489,0.6347305178642273,0.14922983944416046
YPL265W,YNL098C,0,4.571938,0.29873180389404297,0.6347305178642273,0.14932987093925476
YJL156C,YER060W-A,0,4.5709643,0.2985915541648865,0.6347305178642273,0.14942988753318787
YKL048C,YOR032C,1,4.568462,0.2989206910133362,0.6357285380363464,0.14942988753318787
YER177W,YER020W,1,4.567005,0.299249529838562,0.6367265582084656,0.14942988753318787
YNR049C,YML094W,0,4.5644393,0.29910925030708313,0.6367265582084656,0.14952990412712097
YDR361C,YDR322W,0,4.5594563,0.2989690601825714,0.6367265582084656,0.14962992072105408
YHR042W,YGL029W,0,4.558402,0.298829048871994,0.6367265582084656,0.14972995221614838
YLL021W,YKL193C,0,4.5553975,0.2986891269683838,0.6367265582084656,0.14982996881008148
YBR188C,YAL001C,0,4.5541463,0.2985493540763855,0.6367265582084656,0.1499299854040146
YBR100W,YHR025W,0,4.5530443,0.29840973019599915,0.6367265582084656,0.1500300019979477
YHR188C,YDR234W,0,4.55279,0.29827022552490234,0.6367265582084656,0.1501300185918808
YHL013C,YDL145C,0,4.552682,0.2981308400630951,0.6367265582084656,0.1502300500869751
YKL221W,YOL069W,0,4.552476,0.2979916036128998,0.6367265582084656,0.1503300666809082
YNL079C,YOR127W,1,4.550048,0.29831933975219727,0.6377245783805847,0.1503300666809082
YNL135C,YPL084W,0,4.549971,0.29818013310432434,0.6377245783805847,0.1504300832748413
YBL050W,YJR129C,0,4.543613,0.29804104566574097,0.6377245783805847,0.15053009986877441
YMR070W,YOR174W,0,4.5352025,0.29790210723876953,0.6377245783805847,0.1506301313638687
YAL041W,YOR127W,1,4.534096,0.29822927713394165,0.6387225389480591,0.1506301313638687
YLR299W,YER172C,0,4.5324936,0.2980903685092926,0.6387225389480591,0.15073014795780182
YHL001W,YOR322C,0,4.5322847,0.2979515790939331,0.6387225389480591,0.15083016455173492
YCR029C-A,YOR101W,0,4.530935,0.29781293869018555,0.6387225389480591,0.15093018114566803
YKL143W,YDL154W,0,4.5301347,0.29767441749572754,0.6387225389480591,0.15103021264076233
YPR145W,YAL030W,0,4.5166955,0.2975360155105591,0.6387225389480591,0.15113022923469543
YDR522C,YCR028C,0,4.516338,0.29739776253700256,0.6387225389480591,0.15123024582862854
YCL066W,YPL280W,0,4.514124,0.2972596287727356,0.6387225389480591,0.15133026242256165
YOR030W,YKL149C,1,4.5074425,0.2975858747959137,0.6397205591201782,0.15133026242256165
YHR191C,YPL048W,0,4.504179,0.2974478006362915,0.6397205591201782,0.15143027901649475
YDR446W,YBR216C,0,4.502188,0.29730984568595886,0.6397205591201782,0.15153031051158905
YPL173W,YOR002W,0,4.5017033,0.29717200994491577,0.6397205591201782,0.15163032710552216
YBR185C,YLR126C,0,4.4955406,0.29703429341316223,0.6397205591201782,0.15173034369945526
YLR078C,YOR306C,0,4.495022,0.29689672589302063,0.6397205591201782,0.15183036029338837
YJL209W,YGR204W,0,4.490154,0.2967592477798462,0.6397205591201782,0.15193039178848267
YOR371C,YKL048C,1,4.489186,0.2970846891403198,0.6407185792922974,0.15193039178848267
YCL027W,YKL043W,0,4.4891157,0.29694727063179016,0.6407185792922974,0.15203040838241577
YMR072W,YNL312W,0,4.489085,0.29680997133255005,0.6407185792922974,0.15213042497634888
YGR278W,YPR120C,0,4.484404,0.2966728210449219,0.6407185792922974,0.15223044157028198
YPL130W,YOL049W,0,4.4835544,0.29653578996658325,0.6407185792922974,0.15233047306537628
YGL223C,YDR534C,0,4.4721813,0.2963988780975342,0.6407185792922974,0.1524304896593094
YCL033C,YNL069C,0,4.47031,0.29626211524009705,0.6407185792922974,0.1525305062532425
YMR070W,YOR328W,0,4.458663,0.29612547159194946,0.6407185792922974,0.1526305228471756
YPL192C,YER112W,0,4.456658,0.29598894715309143,0.6407185792922974,0.1527305394411087
YLR249W,YDL160C,0,4.4484916,0.29585254192352295,0.6407185792922974,0.152830570936203
YER147C,YPR155C,0,4.448306,0.295716255903244,0.6407185792922974,0.1529305875301361
YLR229C,YHR084W,1,4.448155,0.29604050517082214,0.6417165398597717,0.1529305875301361
YHR124W,YJL125C,0,4.4464645,0.295904278755188,0.6417165398597717,0.1530306041240692
YDR308C,YLR006C,0,4.446423,0.2957681715488434,0.6417165398597717,0.15313062071800232
YML012W,YBL030C,0,4.4427223,0.29563218355178833,0.6417165398597717,0.15323065221309662
YNL069C,YER173W,0,4.4422426,0.2954963147640228,0.6417165398597717,0.15333066880702972
YHR111W,YNL119W,1,4.4395447,0.2958199381828308,0.6427145600318909,0.15333066880702972
YNL263C,YCR086W,0,4.4390163,0.2956840991973877,0.6427145600318909,0.15343068540096283
YCR033W,YOR076C,0,4.438039,0.2955484092235565,0.6427145600318909,0.15353070199489594
YDL126C,YML066C,0,4.437019,0.2954128384590149,0.6427145600318909,0.15363073348999023
YPL265W,YPR141C,0,4.434968,0.2952773869037628,0.6427145600318909,0.15373075008392334
YNL197C,YNL098C,1,4.4283533,0.29560035467147827,0.64371258020401,0.15373075008392334
YNR016C,YDL153C,0,4.424356,0.29546496272087097,0.64371258020401,0.15383076667785645
YOL008W,YHL020C,0,4.421584,0.29532966017723083,0.64371258020401,0.15393078327178955
YFL008W,YKL141W,0,4.4215536,0.29519450664520264,0.64371258020401,0.15403079986572266
YLR312C-B,YLR308W,0,4.4210987,0.295059472322464,0.64371258020401,0.15413083136081696
YJL013C,YEL001C,0,4.42109,0.2949245572090149,0.64371258020401,0.15423084795475006
YDR377W,YJL106W,0,4.41961,0.29478976130485535,0.64371258020401,0.15433086454868317
YBR168W,YPL079W,0,4.4190254,0.29465508460998535,0.64371258020401,0.15443088114261627
YOR360C,YLR193C,0,4.4187775,0.2945205569267273,0.64371258020401,0.15453091263771057
YCL040W,YHL031C,0,4.411048,0.2943861186504364,0.64371258020401,0.15463092923164368
YOR059C,YJR014W,0,4.4108753,0.29425182938575745,0.64371258020401,0.15473094582557678
YGL009C,YML113W,0,4.410045,0.29411765933036804,0.64371258020401,0.1548309624195099
YNL322C,YBR299W,0,4.4097357,0.2939835786819458,0.64371258020401,0.154930979013443
YCR010C,YBR088C,0,4.398825,0.2938496470451355,0.64371258020401,0.1550310105085373
YLR312C-B,YMR164C,1,4.3974566,0.29417121410369873,0.6447106003761292,0.1550310105085373
YJL159W,YJR013W,0,4.394701,0.2940373122692108,0.6447106003761292,0.1551310271024704
YJL073W,YGL016W,0,4.3930483,0.29390355944633484,0.6447106003761292,0.1552310436964035
YIL056W,YGR220C,0,4.393027,0.293769896030426,0.6447106003761292,0.1553310602903366
YDR214W,YOR190W,0,4.390135,0.29363635182380676,0.6447106003761292,0.1554310917854309
YDR069C,YJR046W,0,4.3898573,0.29350295662879944,0.6447106003761292,0.155531108379364
YJL181W,YPR201W,0,4.389688,0.2933696508407593,0.6447106003761292,0.15563112497329712
YER177W,YMR016C,1,4.389191,0.29369041323661804,0.6457085609436035,0.15563112497329712
YKL120W,YFR044C,0,4.387864,0.29355716705322266,0.6457085609436035,0.15573114156723022
YNL134C,YDR197W,0,4.386343,0.2934240400791168,0.6457085609436035,0.15583117306232452
YGR279C,YDR217C,0,4.385286,0.29329103231430054,0.6457085609436035,0.15593118965625763
YOL076W,YHR034C,0,4.384063,0.2931581437587738,0.6457085609436035,0.15603120625019073
YPR058W,YER082C,0,4.3825693,0.2930253744125366,0.6457085609436035,0.15613122284412384
YBR218C,YOL105C,0,4.3804374,0.292892724275589,0.6457085609436035,0.15623123943805695
YPL231W,YAR033W,0,4.376834,0.2927601933479309,0.6457085609436035,0.15633127093315125
YDR005C,YOL006C,0,4.3717966,0.2926277816295624,0.6457085609436035,0.15643128752708435
YJL167W,YKL183W,0,4.361593,0.2924954891204834,0.6457085609436035,0.15653130412101746
YDL035C,YLR353W,1,4.3575797,0.2928151786327362,0.6467065811157227,0.15653130412101746
YNL133C,YOL061W,0,4.353572,0.2926829159259796,0.6467065811157227,0.15663132071495056
YBR087W,YGL194C,0,4.3502617,0.29255080223083496,0.6467065811157227,0.15673135221004486
YHR203C,YMR197C,0,4.3465962,0.29241877794265747,0.6467065811157227,0.15683136880397797
YER061C,YJL148W,0,4.343482,0.29228687286376953,0.6467065811157227,0.15693138539791107
YJR001W,YMR289W,0,4.3389497,0.29215508699417114,0.6467065811157227,0.15703140199184418
YBL031W,YML074C,0,4.3386116,0.2920234203338623,0.6467065811157227,0.15713143348693848
YHR003C,YLL026W,0,4.3368425,0.2918919026851654,0.6467065811157227,0.15723145008087158
YLR229C,YLL021W,1,4.3351264,0.29221072793006897,0.6477046012878418,0.15723145008087158
YKR010C,YHR158C,0,4.334892,0.29207921028137207,0.6477046012878418,0.1573314666748047
YIL157C,YLR074C,0,4.3314953,0.2919478118419647,0.6477046012878418,0.1574314832687378
YOR315W,YHR084W,1,4.3314085,0.29226619005203247,0.6487026214599609,0.1574314832687378
YDL214C,YHR027C,0,4.3298016,0.2921348214149475,0.6487026214599609,0.1575314998626709
YIL115C,YML076C,0,4.3297224,0.2920036017894745,0.6487026214599609,0.1576315313577652
YOR381W,YKL141W,0,4.31722,0.29187247157096863,0.6487026214599609,0.1577315479516983
YBR056W,YML093W,0,4.3162546,0.2917414605617523,0.6487026214599609,0.1578315645456314
YKR001C,YDR043C,0,4.3105783,0.29161059856414795,0.6487026214599609,0.15793158113956451
YKL120W,YDR239C,0,4.3103523,0.29147982597351074,0.6487026214599609,0.1580316126346588
YNL051W,YMR134W,0,4.3070097,0.2913491725921631,0.6487026214599609,0.15813162922859192
YML060W,YDL038C,0,4.3068852,0.291218638420105,0.6487026214599609,0.15823164582252502
YNR051C,YHR166C,0,4.3034363,0.2910882234573364,0.6487026214599609,0.15833166241645813
YML021C,YML024W,0,4.2978783,0.2909579277038574,0.6487026214599609,0.15843167901039124
YDR075W,YML078W,0,4.2963443,0.29082775115966797,0.6487026214599609,0.15853171050548553
YER172C,YDR264C,0,4.2934923,0.2906976640224457,0.6487026214599609,0.15863172709941864
YDL243C,YIR015W,0,4.290791,0.2905677258968353,0.6487026214599609,0.15873174369335175
YLR037C,YLR313C,0,4.2806625,0.29043787717819214,0.6487026214599609,0.15883176028728485
YBL002W,YPR009W,0,4.2751045,0.2903081774711609,0.6487026214599609,0.15893179178237915
YGR204W,YER094C,0,4.2728186,0.2901785671710968,0.6487026214599609,0.15903180837631226
YIL096C,YPR021C,0,4.270384,0.29004907608032227,0.6487026214599609,0.15913182497024536
YIL019W,YDL003W,0,4.269018,0.2899197041988373,0.6487026214599609,0.15923184156417847
YJL164C,YEL058W,0,4.2673016,0.28979045152664185,0.6487026214599609,0.15933187305927277
YLR131C,YGR295C,0,4.265279,0.28966131806373596,0.6487026214599609,0.15943188965320587
YDR347W,YJL042W,0,4.26364,0.28953230381011963,0.6487026214599609,0.15953190624713898
YGL190C,YNL142W,1,4.263588,0.2898486256599426,0.6497005820274353,0.15953190624713898
YLR229C,YER109C,1,4.259955,0.29016464948654175,0.6506986021995544,0.15953190624713898
YDR258C,YDR441C,0,4.257663,0.29003557562828064,0.6506986021995544,0.15963192284107208
YDR251W,YLL021W,1,4.256232,0.2903512716293335,0.6516966223716736,0.15963192284107208
YHR111W,YOR127W,1,4.2502193,0.2906666696071625,0.652694582939148,0.15963192284107208
YJL104W,YJL056C,0,4.2454915,0.2905375361442566,0.652694582939148,0.1597319394350052
YJR159W,YOR273C,0,4.2418756,0.29040852189064026,0.652694582939148,0.1598319709300995
YNL063W,YGL119W,0,4.2415257,0.2902796268463135,0.652694582939148,0.1599319875240326
YGR109C,YDR536W,0,4.2412424,0.29015085101127625,0.652694582939148,0.1600320041179657
YGL161C,YJL179W,0,4.239646,0.2900221645832062,0.652694582939148,0.1601320207118988
YGR058W,YBR015C,0,4.2396293,0.28989362716674805,0.652694582939148,0.1602320522069931
YDR043C,YLR006C,0,4.2343187,0.2897651791572571,0.652694582939148,0.1603320688009262
YDR091C,YBR085W,0,4.23163,0.28963685035705566,0.652694582939148,0.16043208539485931
YCR053W,YLR283W,0,4.2282367,0.2895086407661438,0.652694582939148,0.16053210198879242
YOR059C,YIL070C,0,4.2276053,0.2893805205821991,0.652694582939148,0.16063213348388672
YJL001W,YAL007C,0,4.2261553,0.28925254940986633,0.652694582939148,0.16073215007781982
YKL135C,YML008C,0,4.2248063,0.28912466764450073,0.652694582939148,0.16083216667175293
YML095C,YOR127W,0,4.214701,0.2889969050884247,0.652694582939148,0.16093218326568604
YBR179C,YGL226W,0,4.2137704,0.2888692617416382,0.652694582939148,0.16103219985961914
YDR398W,YML131W,0,4.2085743,0.28874170780181885,0.652694582939148,0.16113223135471344
YDR516C,YNL306W,0,4.207236,0.28861430287361145,0.652694582939148,0.16123224794864655
YNL031C,YLR186W,0,4.2071834,0.2884869873523712,0.652694582939148,0.16133226454257965
YLR320W,YPR075C,0,4.206784,0.28835979104042053,0.652694582939148,0.16143228113651276
YOL089C,YHR165C,0,4.2012954,0.2882327139377594,0.652694582939148,0.16153231263160706
YJL057C,YPL095C,0,4.200967,0.28810572624206543,0.652694582939148,0.16163232922554016
YDR009W,YPL046C,0,4.1962066,0.287978857755661,0.652694582939148,0.16173234581947327
YOL033W,YML113W,0,4.193002,0.28785210847854614,0.652694582939148,0.16183236241340637
YNL177C,YOL123W,0,4.1906543,0.2877254784107208,0.652694582939148,0.16193239390850067
YMR302C,YDR465C,0,4.188069,0.28759893774986267,0.652694582939148,0.16203241050243378
YOR244W,YNL001W,0,4.1860175,0.28747251629829407,0.652694582939148,0.16213242709636688
YNR051C,YOR086C,0,4.1849136,0.287346214056015,0.652694582939148,0.1622324436903
YBR043C,YBR168W,0,4.1819687,0.2872200310230255,0.652694582939148,0.1623324602842331
YLR249W,YER069W,0,4.180195,0.2870939373970032,0.652694582939148,0.1624324917793274
YBR022W,YNL030W,0,4.1782484,0.2869679629802704,0.652694582939148,0.1625325083732605
YHR117W,YMR292W,0,4.1767774,0.28684210777282715,0.652694582939148,0.1626325249671936
YLR423C,YDR402C,0,4.1758385,0.2867163419723511,0.652694582939148,0.1627325415611267
YKL058W,YDR004W,0,4.175197,0.28659069538116455,0.652694582939148,0.162832573056221
YOR315W,YOR127W,1,4.170911,0.2869032025337219,0.6536926031112671,0.162832573056221
YGR123C,YJR123W,0,4.167166,0.2867775857448578,0.6536926031112671,0.1629325896501541
YGL104C,YDR045C,0,4.166931,0.2866520881652832,0.6536926031112671,0.16303260624408722
YJL110C,YNR059W,0,4.1655393,0.2865266799926758,0.6536926031112671,0.16313262283802032
YOR100C,YBR200W,0,4.160594,0.2864013910293579,0.6536926031112671,0.16323263943195343
YDR309C,YFL029C,0,4.148127,0.2862762212753296,0.6536926031112671,0.16333267092704773
YOL146W,YGL224C,0,4.147407,0.2861511707305908,0.6536926031112671,0.16343268752098083
YMR238W,YHR084W,1,4.1473446,0.2864628732204437,0.6546906232833862,0.16343268752098083
YEL026W,YDL003W,0,4.1471205,0.28633785247802734,0.6546906232833862,0.16353270411491394
YER108C,YPL021W,1,4.14688,0.286649227142334,0.6556886434555054,0.16353270411491394
YGL190C,YLR313C,1,4.1436768,0.28696030378341675,0.6566866040229797,0.16353270411491394
YPL069C,YNL197C,0,4.142121,0.2868352234363556,0.6566866040229797,0.16363272070884705
YNL271C,YAL056W,1,4.140414,0.2871459722518921,0.6576846241950989,0.16363272070884705
YBR175W,YCL063W,0,4.1381617,0.28702089190483093,0.6576846241950989,0.16373275220394135
YOR083W,YAL007C,0,4.1347485,0.2868959605693817,0.6576846241950989,0.16383276879787445
YGL207W,YLR176C,0,4.133542,0.28677111864089966,0.6576846241950989,0.16393278539180756
YDR225W,YDR065W,0,4.1303034,0.28664636611938477,0.6576846241950989,0.16403280198574066
YKL146W,YLR275W,0,4.123577,0.2865217328071594,0.6576846241950989,0.16413283348083496
YOR191W,YKL178C,0,4.1208506,0.28639721870422363,0.6576846241950989,0.16423285007476807
YCL050C,YBR251W,0,4.1207404,0.286272794008255,0.6576846241950989,0.16433286666870117
YMR198W,YDR028C,0,4.1154222,0.2861484885215759,0.6576846241950989,0.16443288326263428
YEL020W-A,YJL072C,0,4.1143465,0.2860243022441864,0.6576846241950989,0.16453289985656738
YDR091C,YDR194C,0,4.114279,0.28590020537376404,0.6576846241950989,0.16463293135166168
YDR314C,YLL052C,0,4.109618,0.2857762277126312,0.6576846241950989,0.1647329479455948
YDR367W,YHR027C,0,4.1086354,0.28565236926078796,0.6576846241950989,0.1648329645395279
YPR180W,YHR037W,0,4.1079235,0.28552860021591187,0.6576846241950989,0.164932981133461
YGL061C,YBL027W,0,4.1025734,0.2854049503803253,0.6576846241950989,0.1650330126285553
YIL075C,YDR110W,0,4.1022205,0.28528138995170593,0.6576846241950989,0.1651330292224884
YBL055C,YEL021W,0,4.0954747,0.2851579487323761,0.6576846241950989,0.1652330458164215
YBR199W,YNL087W,0,4.0924387,0.2850345969200134,0.6576846241950989,0.16533306241035461
YBL042C,YER056C,0,4.0919137,0.2849113643169403,0.6576846241950989,0.1654330939054489
YOR315W,YJR147W,1,4.091224,0.2852203845977783,0.658682644367218,0.1654330939054489
YDL181W,YDL144C,0,4.086068,0.2850971817970276,0.658682644367218,0.16553311049938202
YBR090C-A,YOR118W,0,4.084423,0.2849740982055664,0.658682644367218,0.16563312709331512
YMR030W,YOR214C,0,4.080218,0.2848511040210724,0.658682644367218,0.16573314368724823
YOR229W,YJR123W,0,4.0768905,0.28472819924354553,0.658682644367218,0.16583316028118134
YDL092W,YER108C,0,4.07684,0.2846054434776306,0.658682644367218,0.16593319177627563
YER161C,YCL040W,0,4.07642,0.2844827473163605,0.658682644367218,0.16603320837020874
YJR064W,YOR043W,0,4.075012,0.28436020016670227,0.658682644367218,0.16613322496414185
YJL083W,YHR017W,0,4.0738983,0.28423771262168884,0.658682644367218,0.16623324155807495
YGR271C-A,YHR034C,0,4.073013,0.28411537408828735,0.658682644367218,0.16633327305316925
YPL057C,YBR216C,0,4.072739,0.283993124961853,0.658682644367218,0.16643328964710236
YOR208W,YDR107C,0,4.071069,0.28387096524238586,0.658682644367218,0.16653330624103546
YIR013C,YGR172C,0,4.0687876,0.28374892473220825,0.658682644367218,0.16663332283496857
YLR200W,YPL026C,0,4.0632334,0.2836269736289978,0.658682644367218,0.16673333942890167
YDR532C,YLR092W,0,4.0630074,0.2835051417350769,0.658682644367218,0.16683337092399597
YKR001C,YBR068C,0,4.0622706,0.28338342905044556,0.658682644367218,0.16693338751792908
YDL136W,YIL009C-A,0,4.06141,0.28326180577278137,0.658682644367218,0.16703340411186218
YDL185W,YPR021C,0,4.060995,0.28314027190208435,0.658682644367218,0.1671334207057953
YGL210W,YDR435C,0,4.0603957,0.2830188572406769,0.658682644367218,0.1672334522008896
YML118W,YDL126C,0,4.059535,0.28289756178855896,0.658682644367218,0.1673334687948227
YAL059W,YNL047C,0,4.058548,0.2827763557434082,0.658682644367218,0.1674334853887558
YGR086C,YLR423C,0,4.058546,0.2826552391052246,0.658682644367218,0.1675335019826889
YBL019W,YIL117C,0,4.0582633,0.28253424167633057,0.658682644367218,0.1676335334777832
YKR018C,YOR032C,0,4.0558124,0.2824133634567261,0.658682644367218,0.1677335500717163
YNL068C,YHL007C,1,4.051468,0.28272026777267456,0.6596806645393372,0.1677335500717163
YNL222W,YOL039W,0,4.049982,0.28259938955307007,0.6596806645393372,0.16783356666564941
YHR081W,YCR004C,0,4.0491157,0.2824786305427551,0.6596806645393372,0.16793358325958252
YLR090W,YBR133C,0,4.0487547,0.28235796093940735,0.6596806645393372,0.16803359985351562
YNL298W,YJR153W,1,4.048334,0.28266438841819763,0.6606786251068115,0.16803359985351562
YMR101C,YMR188C,0,4.047926,0.28254374861717224,0.6606786251068115,0.16813363134860992
YGR189C,YER172C,0,4.0446568,0.282423198223114,0.6606786251068115,0.16823364794254303
YLR417W,YDR119W,0,4.0430255,0.28230276703834534,0.6606786251068115,0.16833366453647614
YBR106W,YGR092W,0,4.042231,0.2821824252605438,0.6606786251068115,0.16843368113040924
YDL080C,YDR127W,0,4.0360227,0.28206220269203186,0.6606786251068115,0.16853371262550354
YMR283C,YKL138C-A,0,4.035555,0.28194206953048706,0.6606786251068115,0.16863372921943665
YMR305C,YJR091C,0,4.031167,0.2818220555782318,0.6606786251068115,0.16873374581336975
YKL108W,YPL225W,0,4.0196157,0.2817021310329437,0.6606786251068115,0.16883376240730286
YHR006W,YLR092W,0,4.01637,0.2815822958946228,0.6606786251068115,0.16893379390239716
YOR030W,YKL048C,1,4.012237,0.2818877696990967,0.6616766452789307,0.16893379390239716
YAL056W,YLR117C,0,4.006815,0.28176796436309814,0.6616766452789307,0.16903381049633026
YAL041W,YKL149C,1,4.006301,0.28207308053970337,0.6626746654510498,0.16903381049633026
YLR106C,YDR242W,0,4.0039177,0.2819533050060272,0.6626746654510498,0.16913382709026337
YNL056W,YDL113C,0,4.0037365,0.28183361887931824,0.6626746654510498,0.16923384368419647
YLL035W,YBR291C,0,4.003293,0.2817140519618988,0.6626746654510498,0.16933386027812958
YLR353W,YJR153W,1,4.0022535,0.28201866149902344,0.6636726260185242,0.16933386027812958
YIL110W,YOR195W,0,3.9961908,0.2818991243839264,0.6636726260185242,0.16943389177322388
YPL148C,YOR100C,0,3.9954777,0.2817796468734741,0.6636726260185242,0.16953390836715698
YDR339C,YAR044W,0,3.99262,0.2816603183746338,0.6636726260185242,0.1696339249610901
YJL207C,YFL031W,0,3.9920707,0.2815410792827606,0.6636726260185242,0.1697339415550232
YBR199W,YJL045W,0,3.9910245,0.2814219295978546,0.6636726260185242,0.1698339730501175
YDL178W,YKL054C,0,3.9906173,0.28130286931991577,0.6636726260185242,0.1699339896440506
YLR362W,YOR371C,1,3.9897637,0.2816067636013031,0.6646706461906433,0.1699339896440506
YER087C-A,YDR099W,0,3.9839277,0.28148773312568665,0.6646706461906433,0.1700340062379837
YER126C,YNL132W,0,3.9830613,0.28136882185935974,0.6646706461906433,0.1701340228319168
YHR204W,YAL005C,0,3.9766154,0.28125,0.6646706461906433,0.17023403942584991
YEL020W-A,YMR197C,0,3.975753,0.2811312675476074,0.6646706461906433,0.1703340709209442
YGL253W,YKL101W,0,3.9744365,0.2810126543045044,0.6646706461906433,0.17043408751487732
YJL094C,YLR288C,0,3.9743223,0.28089413046836853,0.6646706461906433,0.17053410410881042
YNL177C,YNL015W,0,3.9653058,0.2807757258415222,0.6646706461906433,0.17063412070274353
YLR027C,YBR097W,0,3.9652076,0.2806573808193207,0.6646706461906433,0.17073415219783783
YKL149C,YDR099W,1,3.9636898,0.28096041083335876,0.6656686663627625,0.17073415219783783
YMR188C,YOR175C,0,3.9623399,0.2808420956134796,0.6656686663627625,0.17083416879177094
YLR249W,YHR128W,0,3.9616065,0.28072389960289,0.6656686663627625,0.17093418538570404
YPR104C,YDL214C,0,3.9612665,0.2806057929992676,0.6656686663627625,0.17103420197963715
YOL094C,YHR116W,0,3.9609551,0.2804878056049347,0.6656686663627625,0.17113423347473145
YGR033C,YLR110C,0,3.9608762,0.28036990761756897,0.6656686663627625,0.17123425006866455
YCR042C,YIL137C,0,3.9590597,0.2802520990371704,0.6656686663627625,0.17133426666259766
YAL032C,YPL090C,0,3.950975,0.2801344096660614,0.6656686663627625,0.17143428325653076
YBR218C,YBR189W,0,3.950675,0.28001677989959717,0.6656686663627625,0.17153429985046387
YDR348C,YDR118W,0,3.949405,0.2798992991447449,0.6656686663627625,0.17163433134555817
YOL021C,YIL148W,0,3.9490252,0.27978187799453735,0.6656686663627625,0.17173434793949127
YIL049W,YNL098C,1,3.9445462,0.28008386492729187,0.6666666865348816,0.17173434793949127
YHR026W,YCR016W,0,3.9443321,0.27996647357940674,0.6666666865348816,0.17183436453342438
YNL005C,YBR154C,0,3.9420824,0.27984917163848877,0.6666666865348816,0.17193438112735748
YNL263C,YJL138C,0,3.9418929,0.27973198890686035,0.6666666865348816,0.17203441262245178
YKL107W,YOR046C,0,3.941491,0.2796148955821991,0.6666666865348816,0.1721344292163849
YGL194C,YCR079W,0,3.94029,0.2794979214668274,0.6666666865348816,0.172234445810318
YGL194C,YGL058W,0,3.940037,0.27938100695610046,0.6666666865348816,0.1723344624042511
YIL168W,YMR081C,0,3.9356098,0.2792642116546631,0.6666666865348816,0.1724344938993454
YLR229C,YER113C,1,3.929334,0.27956539392471313,0.667664647102356,0.1724344938993454
YBR279W,YHR037W,0,3.9290357,0.27944862842559814,0.667664647102356,0.1725345104932785
YBL072C,YJR035W,0,3.9286962,0.2793319523334503,0.667664647102356,0.1726345270872116
YMR275C,YDR238C,0,3.9250197,0.27921536564826965,0.667664647102356,0.17273454368114471
YKL035W,YPR122W,0,3.9241035,0.27909886837005615,0.667664647102356,0.17283456027507782
YDR367W,YMR264W,0,3.9181576,0.2789824903011322,0.667664647102356,0.17293459177017212
YKL018W,YPL207W,0,3.9158704,0.2788662016391754,0.667664647102356,0.17303460836410522
YBR288C,YOR190W,0,3.9087343,0.2787500023841858,0.667664647102356,0.17313462495803833
YPL161C,YHR026W,0,3.9078186,0.27863389253616333,0.667664647102356,0.17323464155197144
YPL049C,YOL091W,0,3.9065022,0.2785179018974304,0.667664647102356,0.17333467304706573
YCL066W,YBR004C,0,3.9059494,0.2784020006656647,0.667664647102356,0.17343468964099884
YBL093C,YHR138C,0,3.9043713,0.2782861888408661,0.667664647102356,0.17353470623493195
YJL189W,YOR278W,0,3.8991776,0.27817046642303467,0.667664647102356,0.17363472282886505
YDR434W,YJR059W,0,3.897835,0.2780548632144928,0.667664647102356,0.17373475432395935
YOL020W,YGL210W,0,3.8960357,0.2779393494129181,0.667664647102356,0.17383477091789246
YPL120W,YKL046C,0,3.8935943,0.27782392501831055,0.667664647102356,0.17393478751182556
YPL006W,YJL093C,0,3.8795462,0.27770859003067017,0.667664647102356,0.17403480410575867
YBR142W,YPR067W,0,3.8791165,0.27759337425231934,0.667664647102356,0.17413482069969177
YPL160W,YMR016C,0,3.8789258,0.2774782180786133,0.667664647102356,0.17423485219478607
YIL064W,YGR002C,0,3.8740096,0.2773631811141968,0.667664647102356,0.17433486878871918
YKL179C,YBR073W,0,3.8728862,0.27724823355674744,0.667664647102356,0.17443488538265228
YGL175C,YHR090C,0,3.8699903,0.27713337540626526,0.667664647102356,0.1745349019765854
YGR075C,YLR256W,0,3.8696887,0.27701863646507263,0.667664647102356,0.1746349334716797
YLR259C,YDL247W,0,3.8691874,0.27690398693084717,0.667664647102356,0.1747349500656128
YDR033W,YNL071W,0,3.8682754,0.2767893970012665,0.667664647102356,0.1748349666595459
YJR009C,YGL254W,0,3.8660433,0.27667492628097534,0.667664647102356,0.174934983253479
YAL041W,YIR019C,1,3.8648665,0.2769739627838135,0.6686626672744751,0.174934983253479
YPL239W,YGR266W,0,3.8611274,0.27685949206352234,0.6686626672744751,0.1750349998474121
YNL126W,YNL106C,0,3.8599215,0.27674514055252075,0.6686626672744751,0.1751350313425064
YKL212W,YPL198W,0,3.8593354,0.27663087844848633,0.6686626672744751,0.17523504793643951
YER161C,YMR139W,0,3.8583045,0.27651670575141907,0.6686626672744751,0.17533506453037262
YLR095C,YLR096W,0,3.8573284,0.27640265226364136,0.6686626672744751,0.17543508112430573
YBR218C,YGL229C,0,3.8570035,0.2762886583805084,0.6686626672744751,0.17553511261940002
YOR319W,YMR293C,0,3.8567529,0.27617478370666504,0.6686626672744751,0.17563512921333313
YJL129C,YBR070C,0,3.8526192,0.27606096863746643,0.6686626672744751,0.17573514580726624
YKL191W,YIL050W,0,3.8509245,0.2759472727775574,0.6686626672744751,0.17583516240119934
YDR291W,YGL135W,0,3.84813,0.2758336663246155,0.6686626672744751,0.17593519389629364
YJL110C,YBR083W,0,3.846414,0.27572017908096313,0.6686626672744751,0.17603521049022675
YGR067C,YKR037C,0,3.842833,0.27560675144195557,0.6686626672744751,0.17613522708415985
YIL157C,YBR078W,0,3.8389208,0.27549341320991516,0.6686626672744751,0.17623524367809296
YDR477W,YNL098C,1,3.838811,0.275791198015213,0.6696606874465942,0.17623524367809296
YCL026C-A,YBR234C,0,3.8365457,0.275677889585495,0.6696606874465942,0.17633526027202606
YLR093C,YDL239C,0,3.8362274,0.27556467056274414,0.6696606874465942,0.17643529176712036
YGL207W,YLR034C,0,3.8314447,0.27545157074928284,0.6696606874465942,0.17653530836105347
YPL157W,YLR010C,0,3.8311987,0.2753385305404663,0.6696606874465942,0.17663532495498657
YKL149C,YGR094W,0,3.8242702,0.27522560954093933,0.6696606874465942,0.17673534154891968
YML126C,YBR218C,0,3.8228245,0.27511274814605713,0.6696606874465942,0.17683537304401398
YNL098C,YHR073W,1,3.8198142,0.27540984749794006,0.6706587076187134,0.17683537304401398
YAL041W,YLL021W,1,3.8156896,0.2757066786289215,0.6716566681861877,0.17683537304401398
YDR221W,YFR003C,0,3.8150487,0.2755937874317169,0.6716566681861877,0.17693538963794708
YDR345C,YGR218W,0,3.8136616,0.2754809558391571,0.6716566681861877,0.1770354062318802
YIL066C,YML081W,0,3.8132567,0.27536824345588684,0.6716566681861877,0.1771354228258133
YDR055W,YOR083W,0,3.8128529,0.27525562047958374,0.6716566681861877,0.1772354543209076
YNL270C,YDR361C,0,3.812225,0.2751430869102478,0.6716566681861877,0.1773354709148407
YER001W,YHR101C,0,3.8116875,0.27503064274787903,0.6716566681861877,0.1774354875087738
YHL007C,YIL126W,0,3.8110554,0.2749182879924774,0.6716566681861877,0.1775355041027069
YDL127W,YGL045W,0,3.8107877,0.27480605244636536,0.6716566681861877,0.17763552069664001
YBR265W,YBL007C,0,3.8083298,0.27469387650489807,0.6716566681861877,0.17773555219173431
YKL181W,YBR160W,0,3.8082447,0.27458178997039795,0.6716566681861877,0.17783556878566742
YDR339C,YIL074C,0,3.806498,0.2744698226451874,0.6716566681861877,0.17793558537960052
YKR010C,YKL185W,0,3.8019834,0.2743579149246216,0.6716566681861877,0.17803560197353363
YLR426W,YMR023C,0,3.8015928,0.27424612641334534,0.6716566681861877,0.17813563346862793
YLR215C,YOL123W,0,3.799488,0.27413442730903625,0.6716566681861877,0.17823565006256104
YJR007W,YBR139W,0,3.7992868,0.27402278780937195,0.6716566681861877,0.17833566665649414
YGL116W,YPL060W,0,3.7968087,0.2739112675189972,0.6716566681861877,0.17843568325042725
YHR200W,YPL023C,0,3.7965565,0.2737998366355896,0.6716566681861877,0.17853569984436035
YJL159W,YDR060W,0,3.7939312,0.27368849515914917,0.6716566681861877,0.17863573133945465
YML072C,YHR043C,0,3.7933302,0.2735772430896759,0.6716566681861877,0.17873574793338776
YAL032C,YAL035W,0,3.7920823,0.2734660804271698,0.6716566681861877,0.17883576452732086
YNL289W,YOL075C,0,3.7917423,0.27335500717163086,0.6716566681861877,0.17893578112125397
YFR014C,YHR146W,0,3.790517,0.2732440233230591,0.6716566681861877,0.17903581261634827
YOR211C,YIR031C,0,3.7887056,0.27313312888145447,0.6716566681861877,0.17913582921028137
YOR075W,YNR038W,0,3.7843583,0.273022323846817,0.6716566681861877,0.17923584580421448
YJR102C,YDR175C,0,3.7831943,0.27291160821914673,0.6716566681861877,0.17933586239814758
YBR060C,YGR183C,0,3.7831671,0.2728009819984436,0.6716566681861877,0.17943589389324188
YGL232W,YGL255W,0,3.7768211,0.27269044518470764,0.6716566681861877,0.179535910487175
YEL009C,YOR259C,0,3.7730026,0.27257999777793884,0.6716566681861877,0.1796359270811081
YMR231W,YOR372C,0,3.7713122,0.2724696397781372,0.6716566681861877,0.1797359436750412
YDR043C,YOR005C,0,3.7705927,0.27235937118530273,0.6716566681861877,0.1798359602689743
YJL113W,YJR153W,0,3.7682261,0.2722491919994354,0.6716566681861877,0.1799359917640686
YPL115C,YNL098C,1,3.768098,0.27254346013069153,0.6726546883583069,0.1799359917640686
YBR030W,YMR192W,0,3.7670667,0.2724333107471466,0.6726546883583069,0.1800360083580017
YKL149C,YER109C,1,3.7669568,0.27272728085517883,0.673652708530426,0.1800360083580017
YPL126W,YOR271C,0,3.7660398,0.2726171314716339,0.673652708530426,0.18013602495193481
YOR078W,YHR062C,0,3.7652822,0.27250707149505615,0.673652708530426,0.18023604154586792
YJR058C,YML081W,0,3.7642941,0.27239710092544556,0.673652708530426,0.18033607304096222
YHL007C,YOR371C,1,3.7638488,0.2726905941963196,0.6746506690979004,0.18033607304096222
YKL096W,YGL246C,0,3.7595868,0.27258065342903137,0.6746506690979004,0.18043608963489532
YML043C,YML104C,0,3.7537389,0.27247077226638794,0.6746506690979004,0.18053610622882843
YLR356W,YDR212W,0,3.7534904,0.27236101031303406,0.6746506690979004,0.18063612282276154
YLR054C,YKR038C,0,3.74999,0.27225130796432495,0.6746506690979004,0.18073615431785583
YNR049C,YEL016C,0,3.7479281,0.272141695022583,0.6746506690979004,0.18083617091178894
YLR066W,YHR090C,0,3.7477603,0.2720322012901306,0.6746506690979004,0.18093618750572205
YGL048C,YKR013W,0,3.7468972,0.271922767162323,0.6746506690979004,0.18103620409965515
YLR353W,YKL149C,1,3.7417407,0.27221551537513733,0.6756486892700195,0.18103620409965515
YKR010C,YBL071W-A,0,3.7404892,0.2721061110496521,0.6756486892700195,0.18113622069358826
YGR272C,YHR106W,0,3.7360415,0.27199679613113403,0.6756486892700195,0.18123625218868256
YLR312C-B,YCR038C,1,3.735206,0.2722891569137573,0.6766467094421387,0.18123625218868256
YNL090W,YPL092W,0,3.7340305,0.27217984199523926,0.6766467094421387,0.18133626878261566
YLL024C,YJL123C,0,3.7334366,0.27207061648368835,0.6766467094421387,0.18143628537654877
YMR072W,YLR377C,0,3.7322373,0.2719614803791046,0.6766467094421387,0.18153630197048187
YBR231C,YGR062C,0,3.731983,0.27185243368148804,0.6766467094421387,0.18163633346557617
YDL230W,YER088C,0,3.7318044,0.2717434763908386,0.6766467094421387,0.18173635005950928
YLR136C,YBL074C,0,3.730493,0.27163460850715637,0.6766467094421387,0.18183636665344238
YKL049C,YBR014C,0,3.7290444,0.2715258300304413,0.6766467094421387,0.1819363832473755
YPL246C,YGR078C,0,3.728981,0.27141714096069336,0.6766467094421387,0.1820363998413086
YBR041W,YBL101C,0,3.7288685,0.2713085114955902,0.6766467094421387,0.1821364313364029
YGR087C,YHR024C,0,3.7287412,0.2712000012397766,0.6766467094421387,0.182236447930336
YGL243W,YGL053W,0,3.7255268,0.2710915505886078,0.6766467094421387,0.1823364645242691
YLR384C,YNR073C,0,3.725474,0.2709832191467285,0.6766467094421387,0.1824364811182022
YGR286C,YMR199W,0,3.7180858,0.270874947309494,0.6766467094421387,0.1825365126132965
YGR080W,YCR102C,0,3.7174835,0.2707667648792267,0.6766467094421387,0.18263652920722961
YNL079C,YIR019C,1,3.710045,0.2710578739643097,0.6776447296142578,0.18263652920722961
YPL186C,YNR008W,0,3.7083933,0.27094972133636475,0.6776447296142578,0.18273654580116272
YMR311C,YHR124W,0,3.7082305,0.27084165811538696,0.6776447296142578,0.18283656239509583
YBR171W,YAL023C,0,3.7080321,0.27073365449905396,0.6776447296142578,0.18293659389019012
YNL068C,YER149C,1,3.7044983,0.27102431654930115,0.6786426901817322,0.18293659389019012
YOR339C,YOR348C,0,3.6986365,0.2709163427352905,0.6786426901817322,0.18303661048412323
YIL049W,YHR073W,1,3.6978106,0.27120667695999146,0.6796407103538513,0.18303661048412323
YML054C,YFL035C-B,0,3.6973422,0.2710987329483032,0.6796407103538513,0.18313662707805634
YDR116C,YNL308C,0,3.6969748,0.27099084854125977,0.6796407103538513,0.18323664367198944
YGL155W,YEL059C-A,0,3.6959162,0.27088305354118347,0.6796407103538513,0.18333666026592255
YOR233W,YDR023W,0,3.6947894,0.27077534794807434,0.6796407103538513,0.18343669176101685
YNL056W,YNL133C,0,3.693781,0.2706677317619324,0.6796407103538513,0.18353670835494995
YPR052C,YOR293W,0,3.6895185,0.27056020498275757,0.6796407103538513,0.18363672494888306
YBR167C,YCR075C,0,3.6843295,0.27045273780822754,0.6796407103538513,0.18373674154281616
YHR026W,YDR214W,0,3.6830518,0.27034538984298706,0.6796407103538513,0.18383677303791046
YER177W,YAL056W,1,3.6788273,0.2706349194049835,0.6806387305259705,0.18383677303791046
YDR446W,YIL118W,0,3.6757536,0.27052757143974304,0.6806387305259705,0.18393678963184357
YER061C,YPR058W,0,3.6753368,0.2704203128814697,0.6806387305259705,0.18403680622577667
YNL079C,YBR066C,1,3.6742485,0.27070948481559753,0.6816367506980896,0.18403680622577667
YOR295W,YPL023C,0,3.673753,0.2706022262573242,0.6816367506980896,0.18413682281970978
YPL224C,YOR076C,0,3.671892,0.27049505710601807,0.6816367506980896,0.18423685431480408
YDL080C,YNL093W,0,3.6703227,0.2703879773616791,0.6816367506980896,0.18433687090873718
YIL121W,YDL117W,0,3.6687446,0.27028095722198486,0.6816367506980896,0.1844368875026703
YJL221C,YBR114W,0,3.668295,0.2701740562915802,0.6816367506980896,0.1845369040966034
YAL068C,YDR464W,0,3.66694,0.2700672149658203,0.6816367506980896,0.1846369206905365
YOR090C,YMR316W,0,3.665984,0.2699604630470276,0.6816367506980896,0.1847369521856308
YLR362W,YML082W,0,3.662994,0.269853800535202,0.6816367506980896,0.1848369687795639
YGL231C,YOR037W,0,3.659426,0.26974722743034363,0.6816367506980896,0.184936985373497
YDR251W,YFR015C,0,3.655339,0.2696407437324524,0.6816367506980896,0.18503700196743011
YOL049W,YGL099W,0,3.6534593,0.26953431963920593,0.6816367506980896,0.18513703346252441
YOR306C,YGR254W,0,3.6479592,0.269428014755249,0.6816367506980896,0.18523705005645752
YDL243C,YDR520C,0,3.6434245,0.2693217694759369,0.6816367506980896,0.18533706665039062
YDR346C,YJL122W,0,3.6405625,0.2692156136035919,0.6816367506980896,0.18543708324432373
YNR026C,YIL093C,0,3.636506,0.2691095471382141,0.6816367506980896,0.18553711473941803
YJR050W,YKR065C,0,3.635347,0.2690035402774811,0.6816367506980896,0.18563713133335114
YBR035C,YDL066W,0,3.633149,0.2688976526260376,0.6816367506980896,0.18573714792728424
YDL080C,YMR256C,0,3.6326368,0.2687918245792389,0.6816367506980896,0.18583716452121735
YNL222W,YMR017W,0,3.632203,0.26868608593940735,0.6816367506980896,0.18593718111515045
YCR048W,YDR016C,0,3.6319578,0.2685804069042206,0.6816367506980896,0.18603721261024475
YHL036W,YGR068C,0,3.630957,0.26847484707832336,0.6816367506980896,0.18613722920417786
YLR310C,YOL092W,0,3.630495,0.2683693468570709,0.6816367506980896,0.18623724579811096
YOR005C,YEL032W,0,3.629351,0.26826393604278564,0.6816367506980896,0.18633726239204407
YDL099W,YCR018C,0,3.629184,0.26815861463546753,0.6816367506980896,0.18643729388713837
YCR088W,YGL018C,0,3.6185734,0.2680533826351166,0.6816367506980896,0.18653731048107147
YDL115C,YOR320C,0,3.618287,0.2679482102394104,0.6816367506980896,0.18663732707500458
YNR070W,YDR171W,0,3.6152349,0.2678431272506714,0.6816367506980896,0.18673734366893768
YNL206C,YGL003C,0,3.6138391,0.26773813366889954,0.6816367506980896,0.1868373602628708
YKR001C,YBR004C,0,3.6082826,0.26763322949409485,0.6816367506980896,0.1869373917579651
YDL108W,YDR365C,0,3.6071033,0.26752838492393494,0.6816367506980896,0.1870374083518982
YDR210W,YGR121C,0,3.6062937,0.2674236595630646,0.6816367506980896,0.1871374249458313
YNR045W,YPR186C,0,3.6040688,0.267318993806839,0.6816367506980896,0.1872374415397644
YIL041W,YBR055C,0,3.6039948,0.2672143876552582,0.6816367506980896,0.1873374730348587
YJL063C,YNL216W,0,3.6036954,0.2671099007129669,0.6816367506980896,0.1874374896287918
YAL021C,YGR266W,0,3.6032844,0.26700547337532043,0.6816367506980896,0.18753750622272491
YOR005C,YNL059C,0,3.601964,0.2669011354446411,0.6816367506980896,0.18763752281665802
YAL041W,YBR083W,1,3.5990553,0.2671875059604645,0.682634711265564,0.18763752281665802
YDR105C,YOR064C,0,3.5962496,0.26708316802978516,0.682634711265564,0.18773755431175232
YGR007W,YDR258C,0,3.5956378,0.266978919506073,0.682634711265564,0.18783757090568542
YMR076C,YHR033W,0,3.5919235,0.266874760389328,0.682634711265564,0.18793758749961853
YER003C,YNL030W,0,3.5915546,0.2667706608772278,0.682634711265564,0.18803760409355164
YDL243C,YDR363W,0,3.5909984,0.2666666805744171,0.682634711265564,0.18813762068748474
YOR381W,YNL252C,0,3.5882494,0.26656273007392883,0.682634711265564,0.18823765218257904
YDR028C,YOR347C,0,3.5880957,0.2664588987827301,0.682634711265564,0.18833766877651215
YNL212W,YJR067C,0,3.5862045,0.26635512709617615,0.682634711265564,0.18843768537044525
YOR005C,YPL178W,0,3.5852373,0.26625144481658936,0.682634711265564,0.18853770196437836
YDR316W,YKR079C,0,3.5835998,0.2661478519439697,0.682634711265564,0.18863773345947266
YDR036C,YIL072W,0,3.5787601,0.26604434847831726,0.682634711265564,0.18873775005340576
YDL185W,YHR001W-A,0,3.5781803,0.26594090461730957,0.682634711265564,0.18883776664733887
YNL053W,YGL025C,0,3.5778937,0.26583755016326904,0.682634711265564,0.18893778324127197
YDL153C,YDR044W,0,3.577866,0.2657342553138733,0.682634711265564,0.18903781473636627
YGL153W,YMR051C,0,3.5768259,0.2656310796737671,0.682634711265564,0.18913783133029938
YLR442C,YNL265C,0,3.5760205,0.26552796363830566,0.682634711265564,0.18923784792423248
YPR155C,YPR169W,0,3.575482,0.265424907207489,0.682634711265564,0.1893378645181656
YIL122W,YNL009W,0,3.5728045,0.2653219401836395,0.682634711265564,0.1894378811120987
YER108C,YNL098C,1,3.5707474,0.2656068205833435,0.6836327314376831,0.1894378811120987
YBR215W,YMR244C-A,0,3.56885,0.2655038833618164,0.6836327314376831,0.189537912607193
YPL220W,YGL107C,0,3.5686634,0.2654010057449341,0.6836327314376831,0.1896379292011261
YKL216W,YDR280W,0,3.5669708,0.2652982175350189,0.6836327314376831,0.1897379457950592
YDL166C,YKR081C,0,3.5610538,0.2651955187320709,0.6836327314376831,0.1898379623889923
YLR259C,YKL048C,0,3.5592632,0.2650928795337677,0.6836327314376831,0.1899379938840866
YER177W,YDR477W,1,3.5558846,0.2653771638870239,0.6846307516098022,0.1899379938840866
YDR392W,YNL068C,1,3.5548735,0.26566123962402344,0.6856287717819214,0.1899379938840866
YDL065C,YML019W,0,3.5541904,0.2655585706233978,0.6856287717819214,0.19003801047801971
YOR127W,YLR313C,1,3.552537,0.26584234833717346,0.6866267323493958,0.19003801047801971
YOR090C,YML126C,0,3.551911,0.26573967933654785,0.6866267323493958,0.19013802707195282
YER108C,YNL142W,1,3.54824,0.2660231590270996,0.6876247525215149,0.19013802707195282
YPL179W,YML116W,0,3.5477786,0.265920490026474,0.6876247525215149,0.19023804366588593
YGR274C,YIL119C,0,3.5432644,0.26581791043281555,0.6876247525215149,0.19033806025981903
YOR221C,YGR202C,0,3.54193,0.2657153904438019,0.6876247525215149,0.19043809175491333
YOR080W,YDR425W,0,3.5402079,0.26561295986175537,0.6876247525215149,0.19053810834884644
YIL014W,YGR220C,0,3.537354,0.26551058888435364,0.6876247525215149,0.19063812494277954
YDR477W,YLR353W,1,3.5365033,0.2657935321331024,0.688622772693634,0.19063812494277954
YLR054C,YDL143W,0,3.5358934,0.26569119095802307,0.688622772693634,0.19073814153671265
YHR005C,YIL131C,0,3.5306354,0.2655889093875885,0.688622772693634,0.19083817303180695
YML095C,YGR108W,0,3.528417,0.2654867172241211,0.688622772693634,0.19093818962574005
YDR379W,YNL197C,1,3.527164,0.26576924324035645,0.6896207332611084,0.19093818962574005
YPL003W,YJL097W,0,3.5258317,0.26566705107688904,0.6896207332611084,0.19103820621967316
YIL126W,YNL220W,0,3.5236287,0.2655649483203888,0.6896207332611084,0.19113822281360626
YFR005C,YDL212W,0,3.5224876,0.2654629349708557,0.6896207332611084,0.19123825430870056
YDR225W,YOR167C,0,3.5185878,0.2653609812259674,0.6896207332611084,0.19133827090263367
YOR048C,YGL250W,0,3.512353,0.26525911688804626,0.6896207332611084,0.19143828749656677
YCR040W,YDR197W,0,3.511363,0.2651573419570923,0.6896207332611084,0.19153830409049988
YPL160W,YDR126W,0,3.511258,0.2650556266307831,0.6896207332611084,0.19163832068443298
YHL009C,YLR150W,0,3.5086129,0.26495400071144104,0.6896207332611084,0.19173835217952728
YGR123C,YOR144C,0,3.507372,0.2648524343967438,0.6896207332611084,0.1918383687734604
YHR154W,YDR038C,0,3.5061674,0.26475095748901367,0.6896207332611084,0.1919383853673935
YBL071W-A,YKR038C,0,3.5061188,0.26464956998825073,0.6896207332611084,0.1920384019613266
YPL175W,YMR290C,0,3.505411,0.26454824209213257,0.6896207332611084,0.1921384334564209
YBL047C,YBR205W,0,3.5040302,0.26444700360298157,0.6896207332611084,0.192238450050354
YPL120W,YEL048C,0,3.5020804,0.26434582471847534,0.6896207332611084,0.1923384666442871
YBL069W,YJR084W,0,3.5018306,0.2642447352409363,0.6896207332611084,0.19243848323822021
YDR088C,YDL003W,0,3.4995973,0.2641437351703644,0.6896207332611084,0.19253851473331451
YBR146W,YHL009C,0,3.4971952,0.26404279470443726,0.6896207332611084,0.19263853132724762
YMR156C,YNL142W,0,3.4962344,0.2639419436454773,0.6896207332611084,0.19273854792118073
YJL021C,YLR015W,0,3.4909039,0.2638411521911621,0.6896207332611084,0.19283856451511383
YML058W,YER006W,0,3.490445,0.2637404501438141,0.6896207332611084,0.19293858110904694
YJL051W,YCR069W,0,3.4898064,0.2636398375034332,0.6896207332611084,0.19303861260414124
YBL100W-A,YLR006C,0,3.48978,0.26353928446769714,0.6896207332611084,0.19313862919807434
YGR275W,YAR009C,0,3.4893131,0.2634388208389282,0.6896207332611084,0.19323864579200745
YNL298W,YPL115C,1,3.4883664,0.26371949911117554,0.6906187534332275,0.19323864579200745
YKL079W,YGR235C,0,3.4827104,0.2636190354824066,0.6906187534332275,0.19333866238594055
YNL298W,YOR127W,1,3.4825337,0.26389947533607483,0.6916167736053467,0.19333866238594055
YMR287C,YPR106W,0,3.482203,0.2637990117073059,0.6916167736053467,0.19343869388103485
YLR100W,YER035W,0,3.4807832,0.26369863748550415,0.6916167736053467,0.19353871047496796
YGL190C,YIR019C,1,3.4792228,0.2639786899089813,0.6926147937774658,0.19353871047496796
YPL105C,YLR044C,0,3.4767423,0.26387831568717957,0.6926147937774658,0.19363872706890106
YER149C,YGL059W,0,3.475772,0.26377803087234497,0.6926147937774658,0.19373874366283417
YCL039W,YCR070W,0,3.4754372,0.26367780566215515,0.6926147937774658,0.19383877515792847
YNL119W,YMR226C,0,3.4729016,0.2635776698589325,0.6926147937774658,0.19393879175186157
YOR341W,YGR202C,0,3.470466,0.2634775936603546,0.6926147937774658,0.19403880834579468
YJR068W,YLR256W,0,3.4695287,0.2633776068687439,0.6926147937774658,0.19413882493972778
YCL057C-A,YDR528W,0,3.4660897,0.26327767968177795,0.6926147937774658,0.1942388415336609
YIL049W,YDR477W,1,3.4634192,0.2635570764541626,0.6936127543449402,0.1942388415336609
YCR077C,YGR030C,0,3.4612823,0.26345717906951904,0.6936127543449402,0.1943388730287552
YDR477W,YER109C,1,3.4602494,0.2637362778186798,0.6946107745170593,0.1943388730287552
YGR078C,YJL168C,0,3.459444,0.26363635063171387,0.6946107745170593,0.1944388896226883
YPR094W,YLR019W,0,3.4578934,0.2635365426540375,0.6946107745170593,0.1945389062166214
YGR240C,YHR045W,0,3.4530654,0.26343679428100586,0.6946107745170593,0.1946389228105545
YFR055W,YJL196C,0,3.4490945,0.263337105512619,0.6946107745170593,0.1947389543056488
YHR011W,YML087C,0,3.4464579,0.26323750615119934,0.6946107745170593,0.1948389708995819
YDR367W,YOR094W,0,3.4459543,0.2631379961967468,0.6946107745170593,0.19493898749351501
YJL002C,YLR097C,0,3.443491,0.2630385458469391,0.6946107745170593,0.19503900408744812
YGR007W,YGR278W,0,3.4430165,0.2629391849040985,0.6946107745170593,0.19513902068138123
YMR198W,YLR318W,0,3.4420362,0.2628398835659027,0.6946107745170593,0.19523905217647552
YEL026W,YHR042W,0,3.439382,0.2627406716346741,0.6946107745170593,0.19533906877040863
YKR014C,YGR087C,0,3.4374247,0.2626415193080902,0.6946107745170593,0.19543908536434174
YNL186W,YBR191W,0,3.4362931,0.2625424265861511,0.6946107745170593,0.19553910195827484
YOR077W,YML078W,0,3.4346714,0.2624434530735016,0.6946107745170593,0.19563913345336914
YLR324W,YNL242W,0,3.428791,0.26234450936317444,0.6946107745170593,0.19573915004730225
YAR015W,YKR029C,0,3.4266515,0.26224565505981445,0.6946107745170593,0.19583916664123535
YJR134C,YIL010W,0,3.4239388,0.26214689016342163,0.6946107745170593,0.19593918323516846
YIL052C,YOR322C,0,3.4221997,0.2620481848716736,0.6946107745170593,0.19603921473026276
YHL003C,YML060W,0,3.41736,0.2619495689868927,0.6946107745170593,0.19613923132419586
YGL150C,YHL006C,0,3.4160771,0.2618510127067566,0.6946107745170593,0.19623924791812897
YDL104C,YGR096W,0,3.4079037,0.26175254583358765,0.6946107745170593,0.19633926451206207
YBL042C,YPL159C,0,3.4067025,0.2616541385650635,0.6946107745170593,0.19643928110599518
YMR002W,YDR354W,0,3.4044511,0.26155582070350647,0.6946107745170593,0.19653931260108948
YLR312C-B,YNL098C,1,3.403016,0.26183322072029114,0.6956087946891785,0.19653931260108948
YPR041W,YDR308C,0,3.4010067,0.26173487305641174,0.6956087946891785,0.19663932919502258
YDR190C,YMR163C,0,3.4008214,0.2616366446018219,0.6956087946891785,0.1967393457889557
YHR089C,YKL052C,0,3.400109,0.26153847575187683,0.6956087946891785,0.1968393623828888
YDR002W,YHR073W,0,3.3998418,0.26144036650657654,0.6956087946891785,0.1969393938779831
YGR138C,YDR545W,0,3.3959286,0.2613423466682434,0.6956087946891785,0.1970394104719162
YGR192C,YNR041C,0,3.3948274,0.26124438643455505,0.6956087946891785,0.1971394270658493
YMR158W,YCR017C,0,3.387197,0.2611464858055115,0.6956087946891785,0.1972394436597824
YHR094C,YML059C,0,3.3845093,0.26104867458343506,0.6956087946891785,0.1973394751548767
YPR055W,YBR288C,0,3.3803062,0.2609509527683258,0.6956087946891785,0.19743949174880981
YML085C,YOL139C,0,3.3784113,0.26085329055786133,0.6956087946891785,0.19753950834274292
YER108C,YER020W,1,3.3783479,0.26112982630729675,0.6966068148612976,0.19753950834274292
YKL006C-A,YHL016C,0,3.378304,0.2610321640968323,0.6966068148612976,0.19763952493667603
YLR223C,YDR354W,0,3.3773656,0.26093459129333496,0.6966068148612976,0.19773954153060913
YER109C,YKL048C,1,3.3750505,0.26121076941490173,0.697604775428772,0.19773954153060913
YPL239W,YIL106W,0,3.3735123,0.2611131966114044,0.697604775428772,0.19783957302570343
YBR098W,YMR230W,0,3.372187,0.2610156834125519,0.697604775428772,0.19793958961963654
YCR037C,YJL026W,0,3.3720503,0.2609182596206665,0.697604775428772,0.19803960621356964
YOR127W,YDL024C,1,3.3715992,0.26119402050971985,0.6986027956008911,0.19803960621356964
YAR015W,YOL105C,0,3.3700588,0.2610965967178345,0.6986027956008911,0.19813962280750275
YOR039W,YDR050C,0,3.3697789,0.26099926233291626,0.6986027956008911,0.19823965430259705
YDR148C,YPL117C,0,3.3630323,0.2609019875526428,0.6986027956008911,0.19833967089653015
YPR049C,YJR126C,0,3.3620234,0.26080477237701416,0.6986027956008911,0.19843968749046326
YLR070C,YDR248C,0,3.3601682,0.26070764660835266,0.6986027956008911,0.19853970408439636
YDL005C,YGL160W,0,3.3599315,0.26061058044433594,0.6986027956008911,0.19863972067832947
YBR044C,YNL037C,0,3.358808,0.260513573884964,0.6986027956008911,0.19873975217342377
YBL039C,YPL019C,0,3.35783,0.2604166567325592,0.6986027956008911,0.19883976876735687
YPL227C,YBL030C,0,3.3563123,0.2603198289871216,0.6986027956008911,0.19893978536128998
YLR249W,YOR056C,0,3.3525057,0.26022306084632874,0.6986027956008911,0.19903980195522308
YGL002W,YJL189W,0,3.3521657,0.26012635231018066,0.6986027956008911,0.19913983345031738
YMR238W,YDR107C,1,3.349252,0.26040118932724,0.6996008157730103,0.19913983345031738
YOR381W,YLR368W,0,3.3472276,0.2603044807910919,0.6996008157730103,0.1992398500442505
YKR048C,YKR098C,0,3.3456206,0.260207861661911,0.6996008157730103,0.1993398666381836
YGR198W,YLR356W,0,3.345161,0.26011133193969727,0.6996008157730103,0.1994398832321167
YPR156C,YGL009C,0,3.3446822,0.2600148320198059,0.6996008157730103,0.199539914727211
YER131W,YLR044C,0,3.342288,0.2599184215068817,0.6996008157730103,0.1996399313211441
YJR147W,YJR153W,1,3.341505,0.26019272208213806,0.7005987763404846,0.1996399313211441
YOL146W,YOR188W,0,3.339717,0.26009634137153625,0.7005987763404846,0.1997399479150772
YAL051W,YNL061W,0,3.3359601,0.25999999046325684,0.7005987763404846,0.19983996450901031
YJR033C,YLR439W,0,3.3358948,0.2599037289619446,0.7005987763404846,0.19993998110294342
YCR053W,YIL106W,0,3.331353,0.2598075568675995,0.7005987763404846,0.20004001259803772
YKR034W,YJR118C,0,3.3281903,0.25971144437789917,0.7005987763404846,0.20014002919197083
YCR091W,YMR047C,0,3.326427,0.25961539149284363,0.7005987763404846,0.20024004578590393
YLR079W,YAL043C,0,3.3230345,0.25951939821243286,0.7005987763404846,0.20034006237983704
YLR324W,YKR003W,0,3.3209097,0.25942349433898926,0.7005987763404846,0.20044009387493134
YDR437W,YNL194C,0,3.319929,0.2593276798725128,0.7005987763404846,0.20054011046886444
YMR188C,YML074C,0,3.3191862,0.25923189520835876,0.7005987763404846,0.20064012706279755
YJR153W,YDL024C,1,3.3164673,0.25950536131858826,0.7015967965126038,0.20064012706279755
YER166W,YOR358W,0,3.3158782,0.2594096064567566,0.7015967965126038,0.20074014365673065
YGL079W,YNL166C,0,3.3145084,0.2593139111995697,0.7015967965126038,0.20084017515182495
YBL080C,YHR031C,0,3.3116302,0.2592182755470276,0.7015967965126038,0.20094019174575806
YNL139C,YKL221W,0,3.30833,0.25912272930145264,0.7015967965126038,0.20104020833969116
YDR251W,YDL024C,1,3.3074043,0.2593957185745239,0.7025948166847229,0.20104020833969116
YPL176C,YGR087C,0,3.3070936,0.259300172328949,0.7025948166847229,0.20114022493362427
YOR284W,YCR042C,0,3.3044095,0.2592047154903412,0.7025948166847229,0.20124024152755737
YBR098W,YNL123W,0,3.303882,0.2591093182563782,0.7025948166847229,0.20134027302265167
YBR058C,YKR027W,0,3.3005404,0.25901398062705994,0.7025948166847229,0.20144028961658478
YGR260W,YGL043W,0,3.3000152,0.25891873240470886,0.7025948166847229,0.20154030621051788
YPR005C,YDR001C,0,3.296832,0.25882354378700256,0.7025948166847229,0.201640322804451
YLR276C,YNL206C,0,3.296383,0.25872841477394104,0.7025948166847229,0.2017403542995453
YPL063W,YDR315C,0,3.2954264,0.2586333453655243,0.7025948166847229,0.2018403708934784
YGR061C,YOL105C,0,3.2906609,0.2585383653640747,0.7025948166847229,0.2019403874874115
YIL125W,YNR022C,0,3.2862492,0.2584434747695923,0.7025948166847229,0.2020404040813446
YJR076C,YOL144W,0,3.284012,0.25834861397743225,0.7025948166847229,0.2021404206752777
YLR287C-A,YGR038W,0,3.2830698,0.2582538425922394,0.7025948166847229,0.202240452170372
YFR047C,YJR014W,0,3.2829845,0.25815916061401367,0.7025948166847229,0.20234046876430511
YLR384C,YOR070C,0,3.2829342,0.25806450843811035,0.7025948166847229,0.20244048535823822
YCL045C,YLR221C,0,3.2784834,0.2579699456691742,0.7025948166847229,0.20254050195217133
YOR030W,YER108C,1,3.278406,0.25824177265167236,0.703592836856842,0.20254050195217133
YOR030W,YNL138W,1,3.2773068,0.25851336121559143,0.7045907974243164,0.20254050195217133
YDL008W,YNL023C,0,3.2759836,0.2584187388420105,0.7045907974243164,0.20264053344726562
YMR309C,YML011C,0,3.274948,0.25832417607307434,0.7045907974243164,0.20274055004119873
YDL135C,YOR101W,0,3.2743092,0.25822970271110535,0.7045907974243164,0.20284056663513184
YKL198C,YPR005C,0,3.268698,0.25813528895378113,0.7045907974243164,0.20294058322906494
YPR020W,YEL065W,0,3.267612,0.2580409348011017,0.7045907974243164,0.20304061472415924
YER149C,YNL119W,1,3.2648797,0.25831201672554016,0.7055888175964355,0.20304061472415924
YKL179C,YHR188C,0,3.2631125,0.2582176625728607,0.7055888175964355,0.20314063131809235
YDR506C,YLR275W,0,3.2604747,0.25812339782714844,0.7055888175964355,0.20324064791202545
YHR086W,YLR061W,0,3.2602906,0.25802919268608093,0.7055888175964355,0.20334066450595856
YGL142C,YJL091C,0,3.2602372,0.2579350471496582,0.7055888175964355,0.20344068109989166
YCL040W,YPL004C,0,3.2601514,0.25784099102020264,0.7055888175964355,0.20354071259498596
YHL003C,YJL072C,0,3.2583077,0.25774699449539185,0.7055888175964355,0.20364072918891907
YBR159W,YLR446W,0,3.2575226,0.25765305757522583,0.7055888175964355,0.20374074578285217
YBR227C,YOL002C,0,3.2570882,0.257559210062027,0.7055888175964355,0.20384076237678528
YER148W,YPL225W,0,3.257043,0.2574653923511505,0.7055888175964355,0.20394079387187958
YMR231W,YGR224W,0,3.2560196,0.2573716640472412,0.7055888175964355,0.20404081046581268
YNL158W,YGL009C,0,3.2556515,0.2572780251502991,0.7055888175964355,0.2041408270597458
YPR068C,YNL124W,0,3.253538,0.2571844160556793,0.7055888175964355,0.2042408436536789
YLR158C,YGL047W,0,3.2513888,0.25709089636802673,0.7055888175964355,0.2043408751487732
YPL120W,YDR169C,0,3.2511897,0.2569974660873413,0.7055888175964355,0.2044408917427063
YNL048W,YOL069W,0,3.249576,0.25690406560897827,0.7055888175964355,0.2045409083366394
YJR147W,YMR016C,1,3.2482972,0.25717398524284363,0.7065868377685547,0.2045409083366394
YBR015C,YBL030C,0,3.2481694,0.257080614566803,0.7065868377685547,0.2046409249305725
YLR312C-B,YHR143W,1,3.2384863,0.25735026597976685,0.7075848579406738,0.2046409249305725
YMR207C,YIL010W,0,3.2376013,0.2572568953037262,0.7075848579406738,0.20474094152450562
YOR175C,YLR332W,0,3.2374256,0.2571635842323303,0.7075848579406738,0.20484097301959991
YGL031C,YBR122C,0,3.235832,0.2570703327655792,0.7075848579406738,0.20494098961353302
YER001W,YLR439W,0,3.2356184,0.2569771707057953,0.7075848579406738,0.20504100620746613
YJR048W,YDR033W,0,3.2317863,0.25688406825065613,0.7075848579406738,0.20514102280139923
YBL006C,YKL021C,0,3.231215,0.25679102540016174,0.7075848579406738,0.20524105429649353
YOL064C,YHL004W,0,3.230124,0.25669804215431213,0.7075848579406738,0.20534107089042664
YLR353W,YKL043W,1,3.2291605,0.25696706771850586,0.7085828185081482,0.20534107089042664
YNL298W,YDR379W,1,3.2265747,0.25723588466644287,0.7095808386802673,0.20534107089042664
YLR210W,YER058W,0,3.2264762,0.2571428716182709,0.7095808386802673,0.20544108748435974
YDR317W,YJL045W,0,3.223021,0.25704988837242126,0.7095808386802673,0.20554110407829285
YCL038C,YIR008C,0,3.222917,0.2569569945335388,0.7095808386802673,0.20564113557338715
YNR043W,YPL281C,0,3.2228897,0.25686416029930115,0.7095808386802673,0.20574115216732025
YNR023W,YEL005C,0,3.2225142,0.25677138566970825,0.7095808386802673,0.20584116876125336
YCR073C,YCL027C-A,0,3.221655,0.2566787004470825,0.7095808386802673,0.20594118535518646
YDR478W,YHR021C,0,3.2215583,0.25658607482910156,0.7095808386802673,0.20604120194911957
YFL047W,YKR042W,0,3.2209363,0.2564935088157654,0.7095808386802673,0.20614123344421387
YBL099W,YDR517W,0,3.2201002,0.256401002407074,0.7095808386802673,0.20624125003814697
YHL026C,YDL243C,0,3.2193658,0.25630858540534973,0.7095808386802673,0.20634126663208008
YGR260W,YMR067C,0,3.2170584,0.25621622800827026,0.7095808386802673,0.20644128322601318
YOR326W,YPR121W,0,3.2152512,0.25612393021583557,0.7095808386802673,0.20654131472110748
YNL055C,YLL010C,0,3.214945,0.25603169202804565,0.7095808386802673,0.2066413313150406
YLR323C,YMR055C,0,3.2137764,0.2559395134449005,0.7095808386802673,0.2067413479089737
YER053C,YIL106W,0,3.2135878,0.25584742426872253,0.7095808386802673,0.2068413645029068
YDR523C,YJR089W,0,3.211168,0.25575539469718933,0.7095808386802673,0.2069413810968399
YER027C,YLR312C-B,0,3.2105718,0.2556634247303009,0.7095808386802673,0.2070414125919342
YJL137C,YNL221C,0,3.2098765,0.25557154417037964,0.7095808386802673,0.2071414291858673
YMR164C,YDR477W,1,3.2079341,0.2558390200138092,0.7105788588523865,0.2071414291858673
YLR353W,YPL115C,1,3.206635,0.25610631704330444,0.7115768194198608,0.2071414291858673
YNL323W,YGL133W,0,3.2029724,0.2560143768787384,0.7115768194198608,0.20724144577980042
YOR083W,YDR425W,0,3.195602,0.25592246651649475,0.7115768194198608,0.20734146237373352
YER108C,YLR353W,1,3.1952941,0.2561894655227661,0.71257483959198,0.20734146237373352
YHR105W,YLR376C,0,3.1934035,0.25609755516052246,0.71257483959198,0.20744149386882782
YKL108W,YDR529C,0,3.1928074,0.25600573420524597,0.71257483959198,0.20754151046276093
YOL097C,YFL039C,0,3.1896665,0.25591397285461426,0.71257483959198,0.20764152705669403
YPL232W,YOR197W,0,3.1884496,0.2558222711086273,0.71257483959198,0.20774154365062714
YDR292C,YGR157W,0,3.1883185,0.25573065876960754,0.71257483959198,0.20784157514572144
YBR215W,YCL066W,0,3.1811342,0.25563910603523254,0.71257483959198,0.20794159173965454
YJL164C,YJR043C,0,3.1802726,0.2555476129055023,0.71257483959198,0.20804160833358765
YOL120C,YKR046C,0,3.1773324,0.25545617938041687,0.71257483959198,0.20814162492752075
YLR084C,YPL079W,0,3.1756403,0.2553648054599762,0.71257483959198,0.20824164152145386
YER149C,YER113C,1,3.1753106,0.2556310296058655,0.7135728597640991,0.20824164152145386
YNL199C,YHR021C,0,3.175241,0.2555396854877472,0.7135728597640991,0.20834167301654816
YKL183W,YBR286W,0,3.1733432,0.2554483711719513,0.7135728597640991,0.20844168961048126
YJR022W,YER039C,0,3.1716247,0.25535714626312256,0.7135728597640991,0.20854170620441437
YJR045C,YFR047C,0,3.1702905,0.2552659809589386,0.7135728597640991,0.20864172279834747
YOR270C,YDL002C,0,3.168716,0.2551748752593994,0.7135728597640991,0.20874175429344177
YLR229C,YDR099W,1,3.1654754,0.2554405927658081,0.7145708799362183,0.20874175429344177
YKR105C,YDR037W,0,3.1653354,0.2553494870662689,0.7145708799362183,0.20884177088737488
YPL108W,YIL070C,0,3.1627874,0.2552584707736969,0.7145708799362183,0.20894178748130798
YIL129C,YOL071W,0,3.1621864,0.25516748428344727,0.7145708799362183,0.2090418040752411
YDL205C,YJR001W,0,3.16124,0.2550765872001648,0.7145708799362183,0.2091418355703354
YKL220C,YEL011W,0,3.1610155,0.2549857497215271,0.7145708799362183,0.2092418521642685
YLR075W,YGL246C,0,3.1560614,0.2548949718475342,0.7145708799362183,0.2093418687582016
YOL127W,YLR333C,0,3.154174,0.2548042833805084,0.7145708799362183,0.2094418853521347
YPL161C,YDR119W,0,3.1531477,0.25471362471580505,0.7145708799362183,0.2095419019460678
YHR001W,YMR235C,0,3.1520445,0.25462305545806885,0.7145708799362183,0.2096419334411621
YDL135C,YHR089C,0,3.1519864,0.25453251600265503,0.7145708799362183,0.20974195003509521
YJR145C,YIR022W,0,3.1519082,0.2544420659542084,0.7145708799362183,0.20984196662902832
YML058W,YML011C,0,3.1479533,0.2543516755104065,0.7145708799362183,0.20994198322296143
YKL138C-A,YEL011W,0,3.1451402,0.2542613744735718,0.7145708799362183,0.21004201471805573
YNL339C,YBR003W,0,3.1446793,0.25417110323905945,0.7145708799362183,0.21014203131198883
YLR408C,YOL103W,0,3.1428561,0.2540809214115143,0.7145708799362183,0.21024204790592194
YGR212W,YER060W-A,0,3.140016,0.2539907693862915,0.7145708799362183,0.21034206449985504
YMR050C,YDR418W,0,3.1380029,0.2539007067680359,0.7145708799362183,0.21044208109378815
YHR111W,YLR353W,1,3.1368623,0.2541652023792267,0.7155688405036926,0.21044208109378815
YGR014W,YKL032C,0,3.1354473,0.2540751099586487,0.7155688405036926,0.21054211258888245
YPR033C,YLR175W,0,3.1351905,0.25398513674736023,0.7155688405036926,0.21064212918281555
YDR280W,YMR224C,0,3.1341715,0.25389519333839417,0.7155688405036926,0.21074214577674866
YBR161W,YKR013W,0,3.1341686,0.2538053095340729,0.7155688405036926,0.21084216237068176
YHL032C,YNL126W,0,3.1279266,0.25371548533439636,0.7155688405036926,0.21094219386577606
YJR066W,YIL110W,0,3.126136,0.253625750541687,0.7155688405036926,0.21104221045970917
YGL257C,YGR091W,0,3.124905,0.25353607535362244,0.7155688405036926,0.21114222705364227
YDR392W,YIL049W,1,3.1245732,0.2537999153137207,0.7165668606758118,0.21114222705364227
YNL020C,YBR149W,0,3.1244736,0.25371024012565613,0.7165668606758118,0.21124224364757538
YBL066C,YDR004W,0,3.123473,0.25362062454223633,0.7165668606758118,0.21134227514266968
YNL271C,YHR011W,1,3.1229706,0.2538841664791107,0.7175648808479309,0.21134227514266968
YGR279C,YDL093W,0,3.1226606,0.2537945508956909,0.7175648808479309,0.21144229173660278
YNL137C,YJR155W,0,3.1189537,0.2537050247192383,0.7175648808479309,0.2115423083305359
YNL116W,YPL138C,0,3.1189232,0.25361552834510803,0.7175648808479309,0.211642324924469
YDR309C,YGL150C,0,3.1174092,0.25352609157562256,0.7175648808479309,0.2117423415184021
YPR199C,YMR230W,0,3.114572,0.25343671441078186,0.7175648808479309,0.2118423730134964
YPR141C,YDR294C,0,3.110623,0.2533474266529083,0.7175648808479309,0.2119423896074295
YLR408C,YOR260W,0,3.11015,0.25325819849967957,0.7175648808479309,0.2120424062013626
YOR363C,YLR413W,0,3.1099205,0.2531690001487732,0.7175648808479309,0.21214242279529572
YDR381W,YML062C,0,3.1090965,0.253079891204834,0.7175648808479309,0.21224245429039001
YPL130W,YDR039C,0,3.1073494,0.25299084186553955,0.7175648808479309,0.21234247088432312
YCR038C,YDL159W,1,3.10514,0.25325360894203186,0.71856290102005,0.21234247088432312
YBR018C,YAL059W,0,3.1037354,0.2531645596027374,0.71856290102005,0.21244248747825623
YBR019C,YML088W,0,3.101129,0.25307556986808777,0.71856290102005,0.21254250407218933
YDR538W,YGR191W,0,3.1001842,0.2529866397380829,0.71856290102005,0.21264253556728363
YLR299W,YAL019W,0,3.098917,0.25289779901504517,0.71856290102005,0.21274255216121674
YJR158W,YML070W,0,3.098824,0.25280898809432983,0.71856290102005,0.21284256875514984
YDR251W,YLR353W,1,3.0942402,0.25307124853134155,0.7195608615875244,0.21284256875514984
YER070W,YKR064W,0,3.0930023,0.2529824674129486,0.7195608615875244,0.21294258534908295
YHR160C,YKL184W,0,3.0914073,0.25289371609687805,0.7195608615875244,0.21304260194301605
YOR244W,YHR021C,0,3.0877526,0.25280505418777466,0.7195608615875244,0.21314263343811035
YLR312C-B,YJR153W,1,3.0864272,0.2530669569969177,0.7205588817596436,0.21314263343811035
YMR063W,YGR030C,0,3.0851169,0.25297826528549194,0.7205588817596436,0.21324265003204346
YGL240W,YPR185W,0,3.0849833,0.2528896629810333,0.7205588817596436,0.21334266662597656
YIR028W,YDL018C,0,3.0838408,0.2528011202812195,0.7205588817596436,0.21344268321990967
YDR507C,YPR063C,0,3.0821624,0.2527126371860504,0.7205588817596436,0.21354271471500397
YNL068C,YOR371C,1,3.0814366,0.25297409296035767,0.7215569019317627,0.21354271471500397
YML063W,YJL173C,0,3.0807714,0.2528856098651886,0.7215569019317627,0.21364273130893707
YOR009W,YMR016C,0,3.0776677,0.2527972161769867,0.7215569019317627,0.21374274790287018
YJL057C,YKL055C,0,3.0760376,0.2527088522911072,0.7215569019317627,0.21384276449680328
YGL254W,YCL063W,0,3.0749607,0.25262054800987244,0.7215569019317627,0.21394279599189758
YBR030W,YER109C,0,3.0739498,0.25253230333328247,0.7215569019317627,0.2140428125858307
YGL121C,YER089C,0,3.0719378,0.25244414806365967,0.7215569019317627,0.2141428291797638
YDR477W,YPL047W,0,3.0704827,0.25235602259635925,0.7215569019317627,0.2142428457736969
YOL076W,YJL021C,0,3.0654764,0.2522679567337036,0.7215569019317627,0.21434286236763
YOR063W,YDR169C,0,3.0627918,0.25217998027801514,0.7215569019317627,0.2144428938627243
YOR233W,YDR361C,0,3.0619738,0.25209206342697144,0.7215569019317627,0.2145429104566574
YJL186W,YNL318C,0,3.0610437,0.2520041763782501,0.7215569019317627,0.21464292705059052
YGL020C,YDL104C,0,3.0550597,0.25191637873649597,0.7215569019317627,0.21474294364452362
YLR369W,YPL079W,0,3.0545464,0.2518286406993866,0.7215569019317627,0.21484297513961792
YNL221C,YPR148C,0,3.0543385,0.2517409324645996,0.7215569019317627,0.21494299173355103
YHR143W,YPL013C,0,3.0541675,0.2516533136367798,0.7215569019317627,0.21504300832748413
YFL062W,YLR239C,0,3.0539832,0.25156575441360474,0.7215569019317627,0.21514302492141724
YNL278W,YNL233W,0,3.0522225,0.25147825479507446,0.7215569019317627,0.21524304151535034
YDL024C,YAL056W,1,3.0509942,0.2517385184764862,0.7225548624992371,0.21524304151535034
YMR201C,YJR013W,0,3.0505128,0.25165101885795593,0.7225548624992371,0.21534307301044464
YBL106C,YBL021C,0,3.0501866,0.25156357884407043,0.7225548624992371,0.21544308960437775
YDL185W,YOR196C,0,3.0500693,0.2514761984348297,0.7225548624992371,0.21554310619831085
YNL065W,YLR037C,0,3.0452647,0.25138887763023376,0.7225548624992371,0.21564312279224396
YGR162W,YDR308C,0,3.0419307,0.251301646232605,0.7225548624992371,0.21574315428733826
YNR024W,YDR480W,0,3.041769,0.2512144446372986,0.7225548624992371,0.21584317088127136
YOL049W,YNL325C,0,3.040946,0.25112730264663696,0.7225548624992371,0.21594318747520447
YDL010W,YNL224C,0,3.0404358,0.2510402202606201,0.7225548624992371,0.21604320406913757
YOR075W,YKL052C,0,3.0331476,0.25095319747924805,0.7225548624992371,0.21614323556423187
YER113C,YOR056C,0,3.0321822,0.25086626410484314,0.7225548624992371,0.21624325215816498
YBR101C,YDR348C,0,3.0316792,0.2507793605327606,0.7225548624992371,0.21634326875209808
YCR077C,YGL003C,0,3.0292816,0.2506925165653229,0.7225548624992371,0.2164432853460312
YGR170W,YGR135W,0,3.0277586,0.2506057322025299,0.7225548624992371,0.2165433019399643
YKL173W,YDL052C,0,3.0262897,0.2505190372467041,0.7225548624992371,0.2166433334350586
YPL171C,YNR063W,0,3.025532,0.2504323720932007,0.7225548624992371,0.2167433500289917
YNL298W,YOR371C,1,3.020589,0.25069156289100647,0.7235528826713562,0.2167433500289917
YPL161C,YGR241C,0,3.019411,0.25060489773750305,0.7235528826713562,0.2168433666229248
YKL158W,YGR087C,0,3.017633,0.2505183219909668,0.7235528826713562,0.2169433832168579
YIL036W,YHR003C,0,3.0172155,0.25043177604675293,0.7235528826713562,0.2170434147119522
YPR145W,YBR036C,0,3.0169995,0.25034528970718384,0.7235528826713562,0.21714343130588531
YKL026C,YER170W,0,3.0157866,0.2502588927745819,0.7235528826713562,0.21724344789981842
YLR353W,YHR073W,1,3.015089,0.2505176067352295,0.7245509028434753,0.21724344789981842
YER035W,YOL055C,0,3.0102074,0.2504311800003052,0.7245509028434753,0.21734346449375153
YCR094W,YFR016C,0,3.0082068,0.25034481287002563,0.7245509028434753,0.21744349598884583
YDR201W,YDL038C,0,3.008019,0.25025853514671326,0.7245509028434753,0.21754351258277893
YGR156W,YPL256C,0,3.0058389,0.25017228722572327,0.7245509028434753,0.21764352917671204
YOR128C,YEL032W,0,3.0055745,0.25008612871170044,0.7245509028434753,0.21774354577064514
YBR069C,YGL096W,0,3.002654,0.25,0.7245509028434753,0.21784356236457825
YNL222W,YPL088W,0,3.00208,0.24991394579410553,0.7245509028434753,0.21794359385967255
YDR044W,YHL031C,0,3.0006602,0.24982793629169464,0.7245509028434753,0.21804361045360565
YNL264C,YLR081W,0,3.0004172,0.24974200129508972,0.7245509028434753,0.21814362704753876
YER161C,YBR283C,0,2.9973311,0.24965612590312958,0.7245509028434753,0.21824364364147186
YDR153C,YKR093W,0,2.9906354,0.24957029521465302,0.7245509028434753,0.21834367513656616
YNL088W,YOR119C,0,2.9873407,0.24948453903198242,0.7245509028434753,0.21844369173049927
YNL128W,YHR123W,0,2.9848902,0.2493988275527954,0.7245509028434753,0.21854370832443237
YPR017C,YBR106W,0,2.980632,0.24931319057941437,0.7245509028434753,0.21864372491836548
YHL008C,YPL198W,0,2.9806137,0.2492275983095169,0.7245509028434753,0.21874374151229858
YPR019W,YDR148C,0,2.9800045,0.24914206564426422,0.7245509028434753,0.21884377300739288
YGR279C,YML025C,0,2.9781325,0.2490566074848175,0.7245509028434753,0.218943789601326
YJL162C,YBR236C,0,2.9780688,0.24897119402885437,0.7245509028434753,0.2190438061952591
YER001W,YKR003W,0,2.9752557,0.248885840177536,0.7245509028434753,0.2191438227891922
YML023C,YPR165W,0,2.974682,0.24880054593086243,0.7245509028434753,0.2192438542842865
YNL164C,YHR031C,0,2.974516,0.24871531128883362,0.7245509028434753,0.2193438708782196
YIL131C,YDR477W,1,2.9728866,0.24897260963916779,0.7255489230155945,0.2193438708782196
YOR255W,YNL015W,0,2.9726787,0.24888736009597778,0.7255489230155945,0.2194438874721527
YPL258C,YNL278W,0,2.971002,0.24880218505859375,0.7255489230155945,0.21954390406608582
YDL154W,YGL126W,0,2.9685857,0.2487170696258545,0.7255489230155945,0.21964393556118011
YKL148C,YML133C,0,2.9661257,0.24863201379776,0.7255489230155945,0.21974395215511322
YLR017W,YFL011W,0,2.9660792,0.2485470026731491,0.7255489230155945,0.21984396874904633
YPL164C,YML125C,0,2.9630296,0.24846206605434418,0.7255489230155945,0.21994398534297943
YDR522C,YER087C-A,0,2.9598517,0.24837717413902283,0.7255489230155945,0.22004400193691254
YLR181C,YOR113W,0,2.9574418,0.24829235672950745,0.7255489230155945,0.22014403343200684
YIL040W,YDL007W,0,2.9558427,0.24820758402347565,0.7255489230155945,0.22024405002593994
YGR156W,YDR135C,0,2.9552848,0.24812287092208862,0.7255489230155945,0.22034406661987305
YPL115C,YPL207W,0,2.9537394,0.24803821742534637,0.7255489230155945,0.22044408321380615
YIL168W,YBR152W,0,2.9533865,0.2479536086320877,0.7255489230155945,0.22054411470890045
YML023C,YDR322W,0,2.952107,0.247869074344635,0.7255489230155945,0.22064413130283356
YER044C-A,YNL233W,0,2.95197,0.2477845996618271,0.7255489230155945,0.22074414789676666
YGR200C,YLR283W,0,2.9507186,0.24770016968250275,0.7255489230155945,0.22084416449069977
YCR077C,YBR290W,0,2.9482641,0.24761579930782318,0.7255489230155945,0.22094419598579407
YOL039W,YLR409C,0,2.9460402,0.2475314885377884,0.7255489230155945,0.22104421257972717
YGR099W,YER144C,0,2.9443352,0.24744723737239838,0.7255489230155945,0.22114422917366028
YKR089C,YFL031W,0,2.9425142,0.24736304581165314,0.7255489230155945,0.22124424576759338
YDL150W,YIL098C,0,2.9391608,0.24727891385555267,0.7255489230155945,0.2213442623615265
YBR295W,YER139C,0,2.939091,0.2471948266029358,0.7255489230155945,0.2214442938566208
YJL063C,YDR440W,0,2.9335558,0.24711081385612488,0.7255489230155945,0.2215443104505539
YDR228C,YOR061W,0,2.9316928,0.24702684581279755,0.7255489230155945,0.221644327044487
YNL244C,YBR299W,0,2.9296112,0.246942937374115,0.7255489230155945,0.2217443436384201
YDR420W,YEL064C,0,2.9293647,0.2468590885400772,0.7255489230155945,0.2218443751335144
YJL054W,YDR408C,0,2.9283617,0.246775284409523,0.7255489230155945,0.2219443917274475
YBR131W,YBR044C,0,2.9281814,0.24669155478477478,0.7255489230155945,0.22204440832138062
YDR288W,YLR405W,0,2.9276962,0.24660786986351013,0.7255489230155945,0.22214442491531372
YLR242C,YEL027W,0,2.9236054,0.24652424454689026,0.7255489230155945,0.22224444150924683
YDR309C,YKL112W,0,2.921403,0.24644067883491516,0.7255489230155945,0.22234447300434113
YDR309C,YER007C-A,0,2.9208589,0.24635717272758484,0.7255489230155945,0.22244448959827423
YNL138W,YDR107C,1,2.9198496,0.24661245942115784,0.7265468835830688,0.22244448959827423
YPR096C,YDL102W,0,2.9198422,0.24652895331382751,0.7265468835830688,0.22254450619220734
YIL099W,YDR312W,0,2.9185677,0.24644549190998077,0.7265468835830688,0.22264452278614044
YAL010C,YLR396C,0,2.9185314,0.24636210501194,0.7265468835830688,0.22274455428123474
YOR362C,YOL077W-A,0,2.9178996,0.24627874791622162,0.7265468835830688,0.22284457087516785
YBR083W,YDR372C,0,2.9174287,0.2461954653263092,0.7265468835830688,0.22294458746910095
YDR031W,YDL126C,0,2.9168413,0.24611224234104156,0.7265468835830688,0.22304460406303406
YJL003W,YGR116W,0,2.9167767,0.2460290640592575,0.7265468835830688,0.22314463555812836
YGR159C,YIL008W,0,2.9162107,0.24594594538211823,0.7265468835830688,0.22324465215206146
YIL091C,YNR016C,0,2.914953,0.24586288630962372,0.7265468835830688,0.22334466874599457
YML043C,YER015W,0,2.9139473,0.2457798719406128,0.7265468835830688,0.22344468533992767
YDR538W,YBR131W,0,2.9125624,0.24569693207740784,0.7265468835830688,0.22354470193386078
YNR051C,YJR054W,0,2.9123325,0.24561403691768646,0.7265468835830688,0.22364473342895508
YML095C,YER007C-A,0,2.9122624,0.24553120136260986,0.7265468835830688,0.22374475002288818
YBR146W,YJR152W,0,2.9076211,0.24544841051101685,0.7265468835830688,0.2238447666168213
YJL104W,YGL135W,0,2.906181,0.2453656941652298,0.7265468835830688,0.2239447832107544
YOR003W,YMR217W,0,2.904801,0.24528302252292633,0.7265468835830688,0.2240448147058487
YDR362C,YOR181W,0,2.9027276,0.24520041048526764,0.7265468835830688,0.2241448312997818
YBL100W-B,YPL060W,0,2.8949013,0.24511784315109253,0.7265468835830688,0.2242448478937149
YDR056C,YLR193C,0,2.8944466,0.2450353354215622,0.7265468835830688,0.224344864487648
YER044C,YDL220C,0,2.8936276,0.24495288729667664,0.7265468835830688,0.2244448959827423
YPL105C,YCL057C-A,0,2.893603,0.24487049877643585,0.7265468835830688,0.22454491257667542
YOR069W,YKL112W,0,2.892311,0.24478816986083984,0.7265468835830688,0.22464492917060852
YER001W,YJL197W,0,2.8918123,0.24470588564872742,0.7265468835830688,0.22474494576454163
YDL064W,YNL279W,0,2.889666,0.24462366104125977,0.7265468835830688,0.22484496235847473
YGR279C,YHR070W,0,2.8894246,0.2445414811372757,0.7265468835830688,0.22494499385356903
YKL176C,YOR157C,0,2.8858836,0.2444593757390976,0.7265468835830688,0.22504501044750214
YKL026C,YDR027C,0,2.8831067,0.24437731504440308,0.7265468835830688,0.22514502704143524
YOR177C,YKL018W,0,2.8787422,0.24429529905319214,0.7265468835830688,0.22524504363536835
YMR088C,YGR004W,0,2.8787107,0.24421335756778717,0.7265468835830688,0.22534507513046265
YMR237W,YDR085C,0,2.8764734,0.24413146078586578,0.7265468835830688,0.22544509172439575
YOL092W,YER120W,0,2.8721502,0.24404960870742798,0.7265468835830688,0.22554510831832886
YLR210W,YER159C,0,2.8720224,0.24396783113479614,0.7265468835830688,0.22564512491226196
YIL013C,YDR347W,0,2.8710203,0.2438860982656479,0.7265468835830688,0.22574515640735626
YDL091C,YLR259C,0,2.8705914,0.2438044250011444,0.7265468835830688,0.22584517300128937
YMR154C,YEL016C,0,2.8705525,0.2437227964401245,0.7265468835830688,0.22594518959522247
YER166W,YGR204W,0,2.868955,0.2436412274837494,0.7265468835830688,0.22604520618915558
YLL038C,YDR363W-A,0,2.867582,0.24355971813201904,0.7265468835830688,0.22614522278308868
YOR033C,YML011C,0,2.866131,0.24347825348377228,0.7265468835830688,0.22624525427818298
YLR060W,YGR142W,0,2.8638134,0.24339686334133148,0.7265468835830688,0.2263452708721161
YBL071W-A,YER012W,0,2.863767,0.24331550300121307,0.7265468835830688,0.2264452874660492
YAL041W,YDR379W,1,2.862945,0.2435683310031891,0.727544903755188,0.2264452874660492
YNL197C,YCR038C,1,2.8625045,0.24382098019123077,0.7285429239273071,0.2264452874660492
YER118C,YKL048C,1,2.8604448,0.24407345056533813,0.7295409440994263,0.2264452874660492
YPL224C,YDL134C-A,0,2.8560042,0.24399198591709137,0.7295409440994263,0.2265453040599823
YDR346C,YBL061C,0,2.8552468,0.24391058087348938,0.7295409440994263,0.2266453355550766
YNR026C,YDL018C,0,2.8549454,0.24382922053337097,0.7295409440994263,0.2267453521490097
YKL073W,YPL189C-A,0,2.852345,0.24374791979789734,0.7295409440994263,0.2268453687429428
YAL003W,YBR241C,0,2.8522553,0.2436666637659073,0.7295409440994263,0.22694538533687592
YLR376C,YPR105C,0,2.8509874,0.243585467338562,0.7295409440994263,0.22704540193080902
YMR292W,YDR162C,0,2.847913,0.2435043305158615,0.7295409440994263,0.22714543342590332
YPR029C,YDR343C,0,2.8471675,0.2434232383966446,0.7295409440994263,0.22724545001983643
YIL124W,YLR240W,0,2.8466303,0.24334220588207245,0.7295409440994263,0.22734546661376953
YGL136C,YGR241C,0,2.8465395,0.24326123297214508,0.7295409440994263,0.22744548320770264
YOR069W,YOR117W,0,2.8460946,0.2431803047657013,0.7295409440994263,0.22754551470279694
YLL011W,YHL024W,0,2.8427615,0.24309943616390228,0.7295409440994263,0.22764553129673004
YDL017W,YML091C,0,2.842126,0.24301861226558685,0.7295409440994263,0.22774554789066315
YHR026W,YKR093W,0,2.8392076,0.2429378479719162,0.7295409440994263,0.22784556448459625
YIL037C,YEL015W,0,2.8379285,0.24285714328289032,0.7295409440994263,0.22794559597969055
YHL013C,YDR044W,0,2.8346708,0.24277648329734802,0.7295409440994263,0.22804561257362366
YMR164C,YOR249C,0,2.8311238,0.2426958829164505,0.7295409440994263,0.22814562916755676
YPL133C,YJL083W,0,2.8293571,0.24261532723903656,0.7295409440994263,0.22824564576148987
YNR045W,YBR110W,0,2.825109,0.2425348311662674,0.7295409440994263,0.22834566235542297
YGR220C,YCL038C,0,2.8240552,0.242454394698143,0.7295409440994263,0.22844569385051727
YGL133W,YHR129C,0,2.8223908,0.2423740029335022,0.7295409440994263,0.22854571044445038
YLR371W,YEL054C,0,2.8214343,0.24229367077350616,0.7295409440994263,0.22864572703838348
YBR008C,YPL117C,0,2.8208773,0.2422133833169937,0.7295409440994263,0.2287457436323166
YLR246W,YNL097C,0,2.819511,0.24213315546512604,0.7295409440994263,0.2288457751274109
YAR033W,YNL189W,0,2.818235,0.24205298721790314,0.7295409440994263,0.228945791721344
YGR026W,YMR076C,0,2.8177767,0.24197286367416382,0.7295409440994263,0.2290458083152771
YLR148W,YCR068W,0,2.8149178,0.24189278483390808,0.7295409440994263,0.2291458249092102
YBL042C,YML131W,0,2.8137646,0.24181276559829712,0.7295409440994263,0.2292458564043045
YIL093C,YBR068C,0,2.8136733,0.24173280596733093,0.7295409440994263,0.2293458729982376
YPR037C,YLR221C,0,2.813209,0.24165289103984833,0.7295409440994263,0.22944588959217072
YMR142C,YCL063W,0,2.810989,0.2415730357170105,0.7295409440994263,0.22954590618610382
YGL137W,YDR541C,0,2.8097458,0.24149322509765625,0.7295409440994263,0.22964592278003693
YOL076W,YER053C,0,2.8092408,0.24141347408294678,0.7295409440994263,0.22974595427513123
YER001W,YGL097W,0,2.805921,0.2413337677717209,0.7295409440994263,0.22984597086906433
YNL119W,YKL191W,0,2.7959373,0.24125412106513977,0.7295409440994263,0.22994598746299744
YJL167W,YOL077W-A,0,2.795356,0.24117453396320343,0.7295409440994263,0.23004600405693054
YCR093W,YHR143W,1,2.7920496,0.2414247989654541,0.7305389046669006,0.23004600405693054
YOR371C,YPL235W,0,2.7919073,0.24134519696235657,0.7305389046669006,0.23014603555202484
YDR261C,YOR127W,0,2.789616,0.2412656545639038,0.7305389046669006,0.23024605214595795
YGL257C,YMR306W,0,2.7866526,0.24118615686893463,0.7305389046669006,0.23034606873989105
YKR018C,YGR033C,0,2.7839928,0.24110671877861023,0.7305389046669006,0.23044608533382416
YER155C,YJR002W,0,2.78204,0.2410273253917694,0.7305389046669006,0.23054610192775726
YHR083W,YNR033W,0,2.7815723,0.24094799160957336,0.7305389046669006,0.23064613342285156
YML074C,YIL098C,0,2.7813292,0.2408687025308609,0.7305389046669006,0.23074615001678467
YNL001W,YMR238W,1,2.7804496,0.2411184161901474,0.7315369248390198,0.23074615001678467
YGL190C,YER020W,1,2.7800515,0.24136796593666077,0.7325349450111389,0.23074615001678467
YKL212W,YAL034W-A,0,2.7794409,0.24128863215446472,0.7325349450111389,0.23084616661071777
YGL097W,YDL188C,0,2.7769299,0.24120932817459106,0.7325349450111389,0.23094618320465088
YDL091C,YER031C,0,2.7756865,0.24113009870052338,0.7325349450111389,0.23104621469974518
YCR072C,YPL225W,0,2.7753456,0.24105089902877808,0.7325349450111389,0.23114623129367828
YGR092W,YMR045C,0,2.7737713,0.24097175896167755,0.7325349450111389,0.2312462478876114
YNR054C,YIL022W,0,2.7727697,0.2408926784992218,0.7325349450111389,0.2313462644815445
YER177W,YDR392W,1,2.7703846,0.24114173650741577,0.7335329055786133,0.2313462644815445
YPL241C,YOR357C,0,2.766585,0.24106264114379883,0.7335329055786133,0.2314462959766388
YNR055C,YMR287C,0,2.7643147,0.24098360538482666,0.7335329055786133,0.2315463125705719
YAR033W,YBR065C,0,2.7607706,0.24090461432933807,0.7335329055786133,0.231646329164505
YDR317W,YNL125C,0,2.7600255,0.24082568287849426,0.7335329055786133,0.2317463457584381
YDR190C,YMR171C,0,2.7597861,0.24074681103229523,0.7335329055786133,0.23184636235237122
YJR049C,YDR347W,0,2.758871,0.24066796898841858,0.7335329055786133,0.23194639384746552
YHR171W,YIL014W,0,2.7587805,0.2405892014503479,0.7335329055786133,0.23204641044139862
YDR009W,YGL116W,0,2.7553399,0.2405104786157608,0.7335329055786133,0.23214642703533173
YDL109C,YJR126C,0,2.7552917,0.2404318004846573,0.7335329055786133,0.23224644362926483
YHR186C,YOR271C,0,2.754425,0.24035316705703735,0.7335329055786133,0.23234647512435913
YOL023W,YGR184C,0,2.75409,0.2402745932340622,0.7335329055786133,0.23244649171829224
YBL100W-B,YPL016W,0,2.752274,0.2401960790157318,0.7335329055786133,0.23254650831222534
YNL063W,YOL034W,0,2.7498136,0.240117609500885,0.7335329055786133,0.23264652490615845
YOL011W,YLR086W,0,2.748689,0.2400391846895218,0.7335329055786133,0.23274655640125275
YGL175C,YML034W,0,2.7484503,0.23996081948280334,0.7335329055786133,0.23284657299518585
YCR058C,YOR016C,0,2.7458808,0.23988251388072968,0.7335329055786133,0.23294658958911896
YMR165C,YML088W,0,2.745294,0.2398042380809784,0.7335329055786133,0.23304660618305206
YDL017W,YDR096W,0,2.7448452,0.2397260218858719,0.7335329055786133,0.23314662277698517
YER143W,YEL063C,0,2.7444782,0.23964786529541016,0.7335329055786133,0.23324665427207947
YNL271C,YDR099W,1,2.7444718,0.23989570140838623,0.7345309257507324,0.23324665427207947
YML070W,YJL093C,0,2.7440631,0.2398175299167633,0.7345309257507324,0.23334667086601257
YAR018C,YMR022W,0,2.7428088,0.23973941802978516,0.7345309257507324,0.23344668745994568
YER149C,YOR004W,0,2.7420015,0.2396613508462906,0.7345309257507324,0.23354670405387878
YKL043W,YDR297W,0,2.7419121,0.2395833283662796,0.7345309257507324,0.23364673554897308
YNL145W,YGL224C,0,2.7382874,0.2395053654909134,0.7345309257507324,0.2337467521429062
YIL122W,YER003C,0,2.736984,0.23942746222019196,0.7345309257507324,0.2338467687368393
YPL105C,YJR065C,0,2.736387,0.2393495887517929,0.7345309257507324,0.2339467853307724
YKL079W,YPL203W,0,2.7362285,0.23927177488803864,0.7345309257507324,0.2340468019247055
YHL050C,YNL209W,0,2.7354577,0.23919402062892914,0.7345309257507324,0.2341468334197998
YER020W,YMR165C,0,2.7289667,0.23911631107330322,0.7345309257507324,0.2342468500137329
YMR072W,YLL036C,0,2.728959,0.2390386462211609,0.7345309257507324,0.23434686660766602
YOL049W,YNL207W,0,2.7284594,0.23896104097366333,0.7345309257507324,0.23444688320159912
YOR320C,YMR130W,0,2.7274203,0.23888348042964935,0.7345309257507324,0.23454691469669342
YDL035C,YNL142W,1,2.7265267,0.239130437374115,0.7355289459228516,0.23454691469669342
YAL041W,YHR073W,1,2.7256498,0.2393772304058075,0.7365269660949707,0.23454691469669342
YNR059W,YGR024C,0,2.7255,0.23929961025714874,0.7365269660949707,0.23464693129062653
YBL088C,YLR355C,0,2.7244692,0.23922203481197357,0.7365269660949707,0.23474694788455963
YNR007C,YDR208W,0,2.7230256,0.23914451897144318,0.7365269660949707,0.23484696447849274
YPL175W,YOR303W,0,2.7221875,0.23906706273555756,0.7365269660949707,0.23494699597358704
YPR166C,YOR312C,0,2.7210705,0.23898963630199432,0.7365269660949707,0.23504701256752014
YDR406W,YLR044C,0,2.7160144,0.23891226947307587,0.7365269660949707,0.23514702916145325
YNL275W,YML113W,0,2.715934,0.238834947347641,0.7365269660949707,0.23524704575538635
YJL010C,YHR165C,0,2.7142234,0.2387576848268509,0.7365269660949707,0.23534706234931946
YMR289W,YGL246C,0,2.7142031,0.23868046700954437,0.7365269660949707,0.23544709384441376
YAL019W,YOR068C,0,2.7128627,0.23860329389572144,0.7365269660949707,0.23554711043834686
YHR010W,YDR276C,0,2.711997,0.23852618038654327,0.7365269660949707,0.23564712703227997
YDR141C,YBR236C,0,2.7116978,0.2384491115808487,0.7365269660949707,0.23574714362621307
YCR093W,YLR313C,1,2.7090442,0.23869508504867554,0.7375249266624451,0.23574714362621307
YDR073W,YNL035C,0,2.7089136,0.23861801624298096,0.7375249266624451,0.23584717512130737
YPL130W,YGR065C,0,2.7088306,0.23854099214076996,0.7375249266624451,0.23594719171524048
YJR052W,YOR384W,0,2.7088237,0.23846402764320374,0.7375249266624451,0.23604720830917358
YIL093C,YIR022W,0,2.7085645,0.2383870929479599,0.7375249266624451,0.2361472249031067
YOR175C,YDR363W,0,2.7047782,0.23831021785736084,0.7375249266624451,0.236247256398201
YMR091C,YLR059C,0,2.7033238,0.23823340237140656,0.7375249266624451,0.2363472729921341
YDL035C,YKL043W,1,2.7030025,0.238478884100914,0.7385229468345642,0.2363472729921341
YOR003W,YDR127W,0,2.7026403,0.23840206861495972,0.7385229468345642,0.2364472895860672
YGL243W,YCR028C,0,2.695825,0.23832528293132782,0.7385229468345642,0.2365473061800003
YGR203W,YPL101W,0,2.6949213,0.2382485568523407,0.7385229468345642,0.2366473227739334
YJR058C,YDR213W,0,2.6945875,0.23817187547683716,0.7385229468345642,0.2367473542690277
YBL023C,YIL074C,0,2.6938481,0.2380952388048172,0.7385229468345642,0.23684737086296082
YDL012C,YJR093C,0,2.6935968,0.23801866173744202,0.7385229468345642,0.23694738745689392
YJR125C,YBR082C,0,2.6927226,0.23794212937355042,0.7385229468345642,0.23704740405082703
YNL154C,YLR260W,0,2.6924405,0.2378656417131424,0.7385229468345642,0.23714743554592133
YIL007C,YDR441C,0,2.6921334,0.23778919875621796,0.7385229468345642,0.23724745213985443
YJL044C,YDR085C,0,2.6902273,0.2377128154039383,0.7385229468345642,0.23734746873378754
YPL009C,YDR013W,0,2.6851194,0.2376364767551422,0.7385229468345642,0.23744748532772064
YHR080C,YLR276C,0,2.6825113,0.2375601977109909,0.7385229468345642,0.23754751682281494
YBR295W,YOL060C,0,2.6815782,0.237483948469162,0.7385229468345642,0.23764753341674805
YNR026C,YGL073W,0,2.6809824,0.23740775883197784,0.7385229468345642,0.23774755001068115
YEL034W,YLR432W,0,2.6788619,0.23733162879943848,0.7385229468345642,0.23784756660461426
YDR390C,YHR010W,0,2.675747,0.2372555285692215,0.7385229468345642,0.23794758319854736
YJL013C,YCR016W,0,2.6753407,0.2371794879436493,0.7385229468345642,0.23804761469364166
YMR314W,YMR199W,0,2.6741474,0.23710349202156067,0.7385229468345642,0.23814763128757477
YOL125W,YOR326W,0,2.6698418,0.23702754080295563,0.7385229468345642,0.23824764788150787
YNL271C,YMR016C,1,2.6687555,0.23727186024188995,0.7395209670066833,0.23824764788150787
YKL017C,YKR094C,0,2.6681178,0.2371959090232849,0.7395209670066833,0.23834766447544098
YGR204W,YLR372W,0,2.667479,0.23712000250816345,0.7395209670066833,0.23844769597053528
YOR374W,YPL255W,0,2.66656,0.23704414069652557,0.7395209670066833,0.23854771256446838
YDR446W,YHL032C,0,2.6660845,0.23696833848953247,0.7395209670066833,0.2386477291584015
YBR188C,YLL009C,0,2.663544,0.23689258098602295,0.7395209670066833,0.2387477457523346
YOR090C,YMR017W,0,2.6631238,0.236816868185997,0.7395209670066833,0.2388477623462677
YOR143C,YDR483W,0,2.662713,0.23674121499061584,0.7395209670066833,0.238947793841362
YGR184C,YEL009C,0,2.662622,0.23666560649871826,0.7395209670066833,0.2390478104352951
YEL021W,YCL069W,0,2.661901,0.23659004271030426,0.7395209670066833,0.2391478270292282
YOR266W,YOR191W,0,2.660461,0.23651452362537384,0.7395209670066833,0.23924784362316132
YEL071W,YHR121W,0,2.659115,0.236439049243927,0.7395209670066833,0.23934787511825562
YJL115W,YLR004C,0,2.6582372,0.23636363446712494,0.7395209670066833,0.23944789171218872
YOR326W,YBR022W,0,2.6566076,0.23628826439380646,0.7395209670066833,0.23954790830612183
YLR136C,YPL242C,0,2.656351,0.23621293902397156,0.7395209670066833,0.23964792490005493
YGR284C,YOR070C,0,2.654827,0.23613767325878143,0.7395209670066833,0.23974795639514923
YIL148W,YGR005C,0,2.653791,0.2360624372959137,0.7395209670066833,0.23984797298908234
YNL271C,YLR353W,1,2.6536431,0.23630572855472565,0.7405189871788025,0.23984797298908234
YLR014C,YPR025C,0,2.653128,0.2362304925918579,0.7405189871788025,0.23994798958301544
YML033W,YPL023C,0,2.648275,0.23615531623363495,0.7405189871788025,0.24004800617694855
YDR379W,YAL056W,1,2.6470861,0.2363983392715454,0.7415169477462769,0.24004800617694855
YBR207W,YBR054W,0,2.64679,0.23632314801216125,0.7415169477462769,0.24014802277088165
YNL079C,YDR107C,1,2.646282,0.2365659773349762,0.742514967918396,0.24014802277088165
YCR093W,YHR011W,1,2.643147,0.236808642745018,0.7435129880905151,0.24014802277088165
YLR008C,YIL067C,0,2.6427906,0.23673339188098907,0.7435129880905151,0.24024805426597595
YBR070C,YNR075W,0,2.640946,0.23665820062160492,0.7435129880905151,0.24034807085990906
YHR009C,YMR286W,0,2.6406412,0.23658303916454315,0.7435129880905151,0.24044808745384216
YMR098C,YDR495C,0,2.6401691,0.23650793731212616,0.7435129880905151,0.24054810404777527
YIL127C,YPL020C,0,2.6387017,0.23643288016319275,0.7435129880905151,0.24064813554286957
YOR067C,YNL093W,0,2.6362214,0.23635786771774292,0.7435129880905151,0.24074815213680267
YNL173C,YOR344C,0,2.6311207,0.23628289997577667,0.7435129880905151,0.24084816873073578
YHR009C,YPL117C,0,2.629228,0.2362079918384552,0.7435129880905151,0.24094818532466888
YPR028W,YHR108W,0,2.6291215,0.2361331284046173,0.7435129880905151,0.24104821681976318
YMR106C,YJR091C,0,2.624704,0.2360582947731018,0.7435129880905151,0.2411482334136963
YDL049C,YKL055C,0,2.6236796,0.23598353564739227,0.7435129880905151,0.2412482500076294
YNL087W,YBR254C,0,2.6227412,0.23590880632400513,0.7435129880905151,0.2413482666015625
YMR055C,YJR096W,0,2.6176136,0.23583412170410156,0.7435129880905151,0.2414482831954956
YGL142C,YDL189W,0,2.616255,0.23575949668884277,0.7435129880905151,0.2415483146905899
YGR123C,YNL256W,0,2.616219,0.23568491637706757,0.7435129880905151,0.241648331284523
YPR178W,YDR037W,0,2.6099546,0.23561036586761475,0.7435129880905151,0.24174834787845612
YBR045C,YEL009C,0,2.6082134,0.2355358898639679,0.7435129880905151,0.24184836447238922
YGL095C,YOR058C,0,2.6059415,0.23546144366264343,0.7435129880905151,0.24194839596748352
YJL183W,YKL199C,0,2.6044445,0.23538704216480255,0.7435129880905151,0.24204841256141663
YGL125W,YDR115W,0,2.6003757,0.23531270027160645,0.7435129880905151,0.24214842915534973
YJR147W,YDR379W,1,2.598421,0.23555415868759155,0.7445109486579895,0.24214842915534973
YNL271C,YMR316W,1,2.5977862,0.23579545319080353,0.7455089688301086,0.24214842915534973
YDL079C,YIL016W,0,2.5977116,0.23572105169296265,0.7455089688301086,0.24224844574928284
YIL103W,YJR076C,0,2.5966225,0.23564669489860535,0.7455089688301086,0.24234846234321594
YLR312C-B,YIR019C,1,2.59559,0.23588773608207703,0.7465069890022278,0.24234846234321594
YLR347C,YBL045C,0,2.5932884,0.23581336438655853,0.7465069890022278,0.24244849383831024
YOL127W,YBL045C,0,2.5918586,0.23573905229568481,0.7465069890022278,0.24254851043224335
YPL172C,YIL117C,0,2.5912943,0.23566477000713348,0.7465069890022278,0.24264852702617645
YDR330W,YDL159W,0,2.5819957,0.23559054732322693,0.7465069890022278,0.24274854362010956
YGL175C,YKR085C,0,2.5792036,0.23551636934280396,0.7465069890022278,0.24284857511520386
YLR323C,YDL003W,0,2.576909,0.23544223606586456,0.7465069890022278,0.24294859170913696
YCR093W,YDL024C,1,2.5739663,0.23568281531333923,0.7475050091743469,0.24294859170913696
YNR038W,YNL097C,0,2.5726552,0.23560868203639984,0.7475050091743469,0.24304860830307007
YFL047W,YCR079W,0,2.5683348,0.23553459346294403,0.7475050091743469,0.24314862489700317
YDR197W,YOL006C,0,2.567033,0.2354605495929718,0.7475050091743469,0.24324865639209747
YLR083C,YLR353W,1,2.566953,0.2357008159160614,0.7485029697418213,0.24324865639209747
YHL022C,YCL029C,0,2.5664892,0.23562677204608917,0.7485029697418213,0.24334867298603058
YLR353W,YCR038C,1,2.5652027,0.23586682975292206,0.7495009899139404,0.24334867298603058
YJR108W,YJL173C,0,2.5642893,0.23579278588294983,0.7495009899139404,0.24344868957996368
YGL210W,YBR142W,0,2.5639622,0.2357187718153,0.7495009899139404,0.2435487061738968
YDR158W,YNR075W,0,2.5636773,0.23564480245113373,0.7495009899139404,0.2436487227678299
YDR516C,YLR038C,0,2.5632024,0.23557089269161224,0.7495009899139404,0.2437487542629242
YGL137W,YGR071C,0,2.5628562,0.23549702763557434,0.7495009899139404,0.2438487708568573
YNR033W,YOR257W,0,2.5614178,0.23542319238185883,0.7495009899139404,0.2439487874507904
YHR045W,YDR334W,0,2.558638,0.23534941673278809,0.7495009899139404,0.2440488040447235
YJR007W,YBR085W,0,2.55724,0.23527568578720093,0.7495009899139404,0.2441488355398178
YAL041W,YMR131C,0,2.5559394,0.23520199954509735,0.7495009899139404,0.24424885213375092
YBR008C,YDL038C,0,2.5555649,0.23512837290763855,0.7495009899139404,0.24434886872768402
YHR072W,YOR087W,0,2.5550547,0.23505477607250214,0.7495009899139404,0.24444888532161713
YEL019C,YKL087C,0,2.5538476,0.2349812239408493,0.7495009899139404,0.24454891681671143
YLR229C,YDR477W,1,2.5536122,0.2352205216884613,0.7504990100860596,0.24454891681671143
YDR018C,YKL046C,0,2.5521789,0.23514696955680847,0.7504990100860596,0.24464893341064453
YJR066W,YDL049C,0,2.5504966,0.23507346212863922,0.7504990100860596,0.24474895000457764
YDR358W,YOR080W,0,2.549623,0.23499999940395355,0.7504990100860596,0.24484896659851074
YBR123C,YIL114C,0,2.548059,0.23492658138275146,0.7504990100860596,0.24494898319244385
YIR031C,YGL128C,0,2.5468876,0.23485322296619415,0.7504990100860596,0.24504901468753815
YKL193C,YPL234C,0,2.5464602,0.23477989435195923,0.7504990100860596,0.24514903128147125
YOR335C,YPL038W,0,2.543799,0.23470661044120789,0.7504990100860596,0.24524904787540436
YIL123W,YNL325C,0,2.541998,0.23463338613510132,0.7504990100860596,0.24534906446933746
YIL127C,YMR029C,0,2.5412405,0.23456020653247833,0.7504990100860596,0.24544909596443176
YER149C,YHR084W,1,2.5410218,0.2347988784313202,0.7514970302581787,0.24544909596443176
YPL091W,YBR186W,0,2.5378096,0.234725683927536,0.7514970302581787,0.24554911255836487
YFR024C-A,YHR205W,0,2.5374498,0.2346525341272354,0.7514970302581787,0.24564912915229797
YGL231C,YKR031C,0,2.536904,0.2345794439315796,0.7514970302581787,0.24574914574623108
YLR353W,YOR032C,1,2.5360749,0.23481781780719757,0.7524949908256531,0.24574914574623108
YMR225C,YGL126W,0,2.5328777,0.23474471271038055,0.7524949908256531,0.24584917724132538
YLR367W,YDR135C,0,2.5309927,0.23467165231704712,0.7524949908256531,0.24594919383525848
YKL211C,YML111W,0,2.5299978,0.23459863662719727,0.7524949908256531,0.2460492104291916
YGR223C,YGR263C,0,2.529248,0.234525665640831,0.7524949908256531,0.2461492270231247
YJL065C,YMR106C,0,2.5279589,0.2344527393579483,0.7524949908256531,0.2462492436170578
YLR337W,YDL108W,0,2.5279324,0.2343798577785492,0.7524949908256531,0.2463492751121521
YDR120C,YHR152W,0,2.5245504,0.23430702090263367,0.7524949908256531,0.2464492917060852
YFR014C,YNL090W,0,2.5227242,0.23423422873020172,0.7524949908256531,0.2465493083000183
YBL071W-A,YNL135C,0,2.5221753,0.23416149616241455,0.7524949908256531,0.24664932489395142
YGL116W,YBL066C,0,2.521686,0.23408879339694977,0.7524949908256531,0.24674935638904572
YNL076W,YDR113C,0,2.5210648,0.23401613533496857,0.7524949908256531,0.24684937298297882
YBL039C,YOR321W,0,2.5193458,0.23394353687763214,0.7524949908256531,0.24694938957691193
YJL078C,YDR118W,0,2.5184882,0.2338709682226181,0.7524949908256531,0.24704940617084503
YDL132W,YKR078W,0,2.518454,0.23379844427108765,0.7524949908256531,0.24714942276477814
YPL115C,YPL256C,0,2.5169983,0.23372597992420197,0.7524949908256531,0.24724945425987244
YKR075C,YNL077W,0,2.5167356,0.23365354537963867,0.7524949908256531,0.24734947085380554
YFL008W,YBR149W,0,2.516567,0.23358117043972015,0.7524949908256531,0.24744948744773865
YOR109W,YLR221C,0,2.5162773,0.23350882530212402,0.7524949908256531,0.24754950404167175
YGR040W,YER036C,0,2.5160916,0.23343653976917267,0.7524949908256531,0.24764953553676605
YPL091W,YIL043C,0,2.5137644,0.2333642840385437,0.7524949908256531,0.24774955213069916
YLR008C,YER044C,0,2.51361,0.23329207301139832,0.7524949908256531,0.24784956872463226
YCL035C,YJR041C,0,2.511618,0.2332199215888977,0.7524949908256531,0.24794958531856537
YLR284C,YCR071C,0,2.5115018,0.23314779996871948,0.7524949908256531,0.24804961681365967
YIR019C,YNL298W,1,2.5114048,0.2333848476409912,0.7534930109977722,0.24804961681365967
YHR120W,YGR286C,0,2.5096183,0.233312726020813,0.7534930109977722,0.24814963340759277
YPL068C,YDR141C,0,2.5062585,0.23324064910411835,0.7534930109977722,0.24824965000152588
YLR085C,YOR156C,0,2.4992073,0.2331686168909073,0.7534930109977722,0.24834966659545898
YIR015W,YMR256C,0,2.4986308,0.2330966293811798,0.7534930109977722,0.2484496831893921
YIL031W,YPR007C,0,2.498323,0.2330246865749359,0.7534930109977722,0.2485497146844864
YGR289C,YLR001C,0,2.4947126,0.2329527884721756,0.7534930109977722,0.2486497312784195
YDL132W,YPL237W,0,2.4932728,0.23288093507289886,0.7534930109977722,0.2487497478723526
YLR263W,YER108C,0,2.4918876,0.2328091263771057,0.7534930109977722,0.2488497644662857
YBR077C,YCL068C,0,2.4903173,0.23273736238479614,0.7534930109977722,0.24894979596138
YPL232W,YER113C,0,2.4891772,0.23266564309597015,0.7534930109977722,0.2490498125553131
YDR381W,YGR124W,0,2.4883723,0.23259396851062775,0.7534930109977722,0.24914982914924622
YGR174C,YMR264W,0,2.4863796,0.23252232372760773,0.7534930109977722,0.24924984574317932
YNL125C,YDR116C,0,2.486059,0.23245073854923248,0.7534930109977722,0.24934987723827362
YBR283C,YBR070C,0,2.4826014,0.23237919807434082,0.7534930109977722,0.24944989383220673
YER111C,YKL179C,0,2.4818833,0.23230768740177155,0.7534930109977722,0.24954991042613983
YGL028C,YGL168W,0,2.4806993,0.23223623633384705,0.7534930109977722,0.24964992702007294
YHR111W,YIL034C,0,2.4802427,0.23216481506824493,0.7534930109977722,0.24974994361400604
YMR293C,YNL322C,0,2.4796064,0.2320934534072876,0.7534930109977722,0.24984997510910034
YJR045C,YDL130W,0,2.4783046,0.23202212154865265,0.7534930109977722,0.24994999170303345
YMR081C,YLR275W,0,2.4782517,0.23195084929466248,0.7534930109977722,0.25005000829696655
YDR309C,YKL065C,0,2.4780173,0.2318796068429947,0.7534930109977722,0.25015002489089966
YCR008W,YKL014C,0,2.47654,0.23180840909481049,0.7534930109977722,0.25025004148483276
YDR397C,YHR146W,0,2.4743836,0.23173725605010986,0.7534930109977722,0.25035005807876587
YOR240W,YGL250W,0,2.4741082,0.23166616261005402,0.7534930109977722,0.25045010447502136
YBL007C,YLR215C,0,2.473598,0.23159509897232056,0.7534930109977722,0.25055012106895447
YNR052C,YER081W,0,2.4734251,0.23152406513690948,0.7534930109977722,0.2506501376628876
YGL035C,YNL003C,0,2.472544,0.2314530909061432,0.7534930109977722,0.2507501542568207
YJR058C,YKL027W,0,2.468762,0.23138216137886047,0.7534930109977722,0.2508501708507538
YKL185W,YLR312C-B,1,2.468169,0.23161764442920685,0.7544910311698914,0.2508501708507538
YDR432W,YMR238W,1,2.4651659,0.23185299336910248,0.7554890513420105,0.2508501708507538
YDR239C,YDL136W,0,2.4639285,0.2317819893360138,0.7554890513420105,0.2509501874446869
YDR447C,YOL003C,0,2.463587,0.23171104490756989,0.7554890513420105,0.25105020403862
YJL137C,YDR515W,0,2.4633985,0.23164014518260956,0.7554890513420105,0.2511502206325531
YPL095C,YAR033W,0,2.4610791,0.2315692901611328,0.7554890513420105,0.2512502372264862
YLR086W,YOR076C,0,2.4593859,0.23149846494197845,0.7554890513420105,0.2513502836227417
YGR067C,YJL208C,0,2.4593449,0.23142769932746887,0.7554890513420105,0.2514503002166748
YNL138W,YER108C,1,2.4590003,0.2316625863313675,0.7564870119094849,0.2514503002166748
YNL329C,YOR181W,0,2.4559097,0.23159180581569672,0.7564870119094849,0.2515503168106079
YGL184C,YJR093C,0,2.4544897,0.23152107000350952,0.7564870119094849,0.251650333404541
YER178W,YDL081C,0,2.45391,0.2314503788948059,0.7564870119094849,0.2517503499984741
YDR100W,YMR001C,0,2.4520054,0.23137973248958588,0.7564870119094849,0.2518503665924072
YML033W,YOR357C,0,2.4516451,0.23130913078784943,0.7564870119094849,0.25195038318634033
YER083C,YLR414C,0,2.4502347,0.23123855888843536,0.7564870119094849,0.25205039978027344
YDR446W,YDL081C,0,2.4488785,0.23116803169250488,0.7564870119094849,0.25215041637420654
YDL141W,YDR390C,0,2.447196,0.23109756410121918,0.7564870119094849,0.25225046277046204
YIL017C,YOR389W,0,2.445087,0.23102712631225586,0.7564870119094849,0.25235047936439514
YGL257C,YIL078W,0,2.4442222,0.23095673322677612,0.7564870119094849,0.25245049595832825
YHR084W,YKL056C,0,2.440599,0.23088638484477997,0.7564870119094849,0.25255051255226135
YHR111W,YLL021W,1,2.4393752,0.23112058639526367,0.757485032081604,0.25255051255226135
YER172C,YOR100C,0,2.4367478,0.23105022311210632,0.757485032081604,0.25265052914619446
YLR315W,YJL014W,0,2.4364524,0.23097991943359375,0.757485032081604,0.25275054574012756
YDR099W,YAL056W,1,2.4363012,0.23121386766433716,0.7584830522537231,0.25275054574012756
YBR253W,YNL002C,0,2.4357672,0.2311435490846634,0.7584830522537231,0.25285056233406067
YPL003W,YER068W,0,2.435658,0.2310732752084732,0.7584830522537231,0.2529505789279938
YBR208C,YIL026C,0,2.4348903,0.2310030460357666,0.7584830522537231,0.2530505955219269
YLR054C,YBL045C,0,2.4323196,0.23093284666538239,0.7584830522537231,0.2531506419181824
YER069W,YHL031C,0,2.432127,0.23086269199848175,0.7584830522537231,0.2532506585121155
YGL001C,YJR084W,0,2.4320521,0.2307925969362259,0.7584830522537231,0.2533506751060486
YKR067W,YHR009C,0,2.4307292,0.23072253167629242,0.7584830522537231,0.2534506916999817
YIL145C,YDR393W,0,2.430084,0.23065251111984253,0.7584830522537231,0.2535507082939148
YNR026C,YDL102W,0,2.4237192,0.23058252036571503,0.7584830522537231,0.2536507248878479
YBR186W,YDL160C,0,2.4225616,0.2305125892162323,0.7584830522537231,0.253750741481781
YJR076C,YBL082C,0,2.421557,0.23044268786907196,0.7584830522537231,0.2538507580757141
YOR109W,YDR219C,0,2.4214268,0.2303728461265564,0.7584830522537231,0.2539508044719696
YKL149C,YLR226W,0,2.4180355,0.23030303418636322,0.7584830522537231,0.2540508210659027
YMR306W,YPL032C,0,2.4161477,0.23023326694965363,0.7584830522537231,0.2541508376598358
YPL246C,YLL054C,0,2.4154658,0.2301635444164276,0.7584830522537231,0.2542508542537689
YLL021W,YMR012W,0,2.4152741,0.230093851685524,0.7584830522537231,0.254350870847702
YHR090C,YBR040W,0,2.4150476,0.23002421855926514,0.7584830522537231,0.25445088744163513
YDL201W,YDL004W,0,2.4147336,0.22995461523532867,0.7584830522537231,0.25455090403556824
YLR323C,YKR105C,0,2.412819,0.2298850566148758,0.7584830522537231,0.25465092062950134
YGL210W,YNR007C,0,2.411105,0.2298155426979065,0.7584830522537231,0.25475093722343445
YOR124C,YDR097C,0,2.410612,0.22974607348442078,0.7584830522537231,0.25485098361968994
YMR164C,YMR238W,1,2.4096758,0.22997884452342987,0.7594810128211975,0.25485098361968994
YKL212W,YBR008C,0,2.4091098,0.22990936040878296,0.7594810128211975,0.25495100021362305
YPR134W,YJL115W,0,2.4076276,0.22983992099761963,0.7594810128211975,0.25505101680755615
YJR017C,YEL006W,0,2.4014053,0.22977052628993988,0.7594810128211975,0.25515103340148926
YLR174W,YGL039W,0,2.3997858,0.2297011762857437,0.7594810128211975,0.25525104999542236
YDL236W,YIL168W,0,2.398787,0.22963187098503113,0.7594810128211975,0.25535106658935547
YLR147C,YAL007C,0,2.3975384,0.22956259548664093,0.7594810128211975,0.2554510831832886
YER177W,YLR312C-B,1,2.3972502,0.2297949343919754,0.7604790329933167,0.2554510831832886
YPL146C,YML022W,0,2.3966541,0.2297256588935852,0.7604790329933167,0.2555510997772217
YJR022W,YNL328C,0,2.3927426,0.2296564131975174,0.7604790329933167,0.2556511163711548
YHL007C,YMR016C,1,2.3912044,0.22988851368427277,0.7614770531654358,0.2556511163711548
YBL099W,YJL154C,0,2.390917,0.22981928288936615,0.7614770531654358,0.2557511627674103
YHR105W,YCR028C-A,0,2.388327,0.22975008189678192,0.7614770531654358,0.2558511793613434
YMR225C,YNR063W,0,2.3859813,0.22968091070652008,0.7614770531654358,0.2559511959552765
YDR338C,YKL060C,0,2.3858032,0.22961179912090302,0.7614770531654358,0.2560512125492096
YJL100W,YDR128W,0,2.3842077,0.22954271733760834,0.7614770531654358,0.2561512291431427
YOR030W,YHR073W,1,2.3839583,0.22977443039417267,0.7624750733375549,0.2561512291431427
YOR011W,YOR116C,0,2.3837397,0.229705348610878,0.7624750733375549,0.2562512457370758
YHR202W,YDR097C,0,2.3832152,0.2296363115310669,0.7624750733375549,0.2563512623310089
YJL078C,YAR033W,0,2.3792589,0.22956730425357819,0.7624750733375549,0.256451278924942
YPR185W,YMR244C-A,0,2.37865,0.22949834167957306,0.7624750733375549,0.2565512955188751
YBL024W,YOR061W,0,2.3767734,0.2294294238090515,0.7624750733375549,0.2566513419151306
YDR523C,YOL097C,0,2.3762631,0.22936055064201355,0.7624750733375549,0.2567513585090637
YJR086W,YDL112W,0,2.3734074,0.22929172217845917,0.7624750733375549,0.2568513751029968
YDR191W,YGR249W,0,2.3705597,0.22922292351722717,0.7624750733375549,0.25695139169692993
YFL018C,YNL001W,0,2.369739,0.22915416955947876,0.7624750733375549,0.25705140829086304
YLL021W,YIL008W,0,2.3680677,0.22908546030521393,0.7624750733375549,0.25715142488479614
YGR287C,YML096W,0,2.3668447,0.22901678085327148,0.7624750733375549,0.25725144147872925
YMR167W,YCR033W,0,2.366126,0.22894816100597382,0.7624750733375549,0.25735145807266235
YIR019C,YLR260W,0,2.3648689,0.22887957096099854,0.7624750733375549,0.25745150446891785
YLR048W,YNL146W,0,2.3646677,0.22881102561950684,0.7624750733375549,0.25755152106285095
YOR075W,YOR247W,0,2.3638265,0.22874251008033752,0.7624750733375549,0.25765153765678406
YNR026C,YGL173C,0,2.3632555,0.228674054145813,0.7624750733375549,0.25775155425071716
YLR096W,YPL075W,0,2.3623726,0.22860562801361084,0.7624750733375549,0.25785157084465027
YOR133W,YNL291C,0,2.3616889,0.22853724658489227,0.7624750733375549,0.2579515874385834
YNL241C,YBR089C-A,0,2.3607318,0.2284688949584961,0.7624750733375549,0.2580516040325165
YGL065C,YGL027C,0,2.356763,0.2284006029367447,0.7624750733375549,0.2581516206264496
YOR188W,YIL068C,0,2.3563437,0.22833234071731567,0.7624750733375549,0.2582516372203827
YMR116C,YOR094W,0,2.3558266,0.22826412320137024,0.7624750733375549,0.2583516836166382
YDR432W,YLR248W,0,2.3554635,0.2281959354877472,0.7624750733375549,0.2584517002105713
YGL061C,YOR271C,0,2.3545709,0.22812779247760773,0.7624750733375549,0.2585517168045044
YDL079C,YGL222C,0,2.3542564,0.22805969417095184,0.7624750733375549,0.2586517333984375
YDR122W,YNL291C,0,2.351482,0.22799164056777954,0.7624750733375549,0.2587517499923706
YPR023C,YDR212W,0,2.3503437,0.22792363166809082,0.7624750733375549,0.2588517665863037
YKR094C,YJR118C,0,2.349008,0.2278556525707245,0.7624750733375549,0.2589517831802368
YJR153W,YMR238W,1,2.3481355,0.22808586061000824,0.7634730339050293,0.2589517831802368
YNL128W,YCR079W,0,2.347857,0.2280178815126419,0.7634730339050293,0.2590517997741699
YHL007C,YIL147C,0,2.346622,0.22794994711875916,0.7634730339050293,0.259151816368103
YJR147W,YNL298W,1,2.3436215,0.2281799167394638,0.7644710540771484,0.259151816368103
YPR037C,YML091C,0,2.3432503,0.22811196744441986,0.7644710540771484,0.2592518627643585
YHL018W,YOR019W,0,2.340919,0.2280440628528595,0.7644710540771484,0.2593518793582916
YEL003W,YPR192W,0,2.3408217,0.22797618806362152,0.7644710540771484,0.25945189595222473
YDL135C,YBR004C,0,2.3405237,0.22790835797786713,0.7644710540771484,0.25955191254615784
YPR065W,YNL181W,0,2.339613,0.2278405725955963,0.7644710540771484,0.25965192914009094
YKL018W,YER053C,0,2.3380988,0.2277728170156479,0.7644710540771484,0.25975194573402405
YIL118W,YDR394W,0,2.3371913,0.22770510613918304,0.7644710540771484,0.25985196232795715
YMR238W,YLL021W,1,2.3359482,0.22793461382389069,0.7654690742492676,0.25985196232795715
YOR217W,YPR075C,0,2.3331718,0.22786690294742584,0.7654690742492676,0.25995197892189026
YER108C,YBR083W,1,2.332644,0.22809623181819916,0.7664670944213867,0.25995197892189026
YGR240C,YLR204W,0,2.3310335,0.22802850604057312,0.7664670944213867,0.26005199551582336
YJR147W,YLR229C,1,2.3306644,0.22825764119625092,0.7674650549888611,0.26005199551582336
YOL039W,YGL011C,0,2.3285515,0.22818991541862488,0.7674650549888611,0.26015204191207886
YGR103W,YLR007W,0,2.3248007,0.22812221944332123,0.7674650549888611,0.26025205850601196
YAL062W,YPL254W,0,2.324242,0.22805456817150116,0.7674650549888611,0.26035207509994507
YJL115W,YKR013W,0,2.3241248,0.22798696160316467,0.7674650549888611,0.2604520916938782
YJL109C,YMR274C,0,2.3237634,0.22791938483715057,0.7674650549888611,0.2605521082878113
YNR054C,YMR134W,0,2.322615,0.22785185277462006,0.7674650549888611,0.2606521248817444
YDL012C,YEL019C,0,2.3190184,0.22778436541557312,0.7674650549888611,0.2607521414756775
YPR186C,YCR054C,0,2.3189187,0.22771690785884857,0.7674650549888611,0.2608521580696106
YOL135C,YOL019W,0,2.3187983,0.2276494950056076,0.7674650549888611,0.2609522044658661
YMR011W,YER108C,0,2.3157206,0.22758212685585022,0.7674650549888611,0.2610522210597992
YOR262W,YDL166C,0,2.3141,0.22751478850841522,0.7674650549888611,0.2611522376537323
YNR043W,YER179W,0,2.3137164,0.2274474948644638,0.7674650549888611,0.2612522542476654
YNL066W,YGL144C,0,2.3129926,0.22738024592399597,0.7674650549888611,0.2613522708415985
YLR384C,YGL219C,0,2.3126156,0.22731304168701172,0.7674650549888611,0.2614522874355316
YKL209C,YKL099C,0,2.3117752,0.22724586725234985,0.7674650549888611,0.2615523040294647
YDR033W,YOL156W,0,2.3107913,0.22717872262001038,0.7674650549888611,0.2616523206233978
YBR084C-A,YBR291C,0,2.3102643,0.22711163759231567,0.7674650549888611,0.26175233721733093
YOR348C,YLR001C,0,2.3069353,0.22704458236694336,0.7674650549888611,0.2618523836135864
YCL019W,YPL079W,0,2.3051896,0.22697757184505463,0.7674650549888611,0.26195240020751953
YLR364W,YDR343C,0,2.303509,0.22691059112548828,0.7674650549888611,0.26205241680145264
YKR105C,YNL299W,0,2.3032532,0.22684365510940552,0.7674650549888611,0.26215243339538574
YDL003W,YOR303W,0,2.3020806,0.22677676379680634,0.7674650549888611,0.26225244998931885
YDR104C,YNL224C,0,2.3015022,0.22670990228652954,0.7674650549888611,0.26235246658325195
YDL134C,YOR070C,0,2.2993727,0.22664308547973633,0.7674650549888611,0.26245248317718506
YDR326C,YER111C,0,2.2980285,0.2265763133764267,0.7674650549888611,0.26255249977111816
YLR011W,YLR069C,0,2.2973166,0.22650957107543945,0.7674650549888611,0.26265251636505127
YMR223W,YER153C,0,2.2959023,0.2264428734779358,0.7674650549888611,0.26275256276130676
YPL059W,YPR186C,0,2.295161,0.2263762205839157,0.7674650549888611,0.26285257935523987
YHR191C,YBR218C,0,2.2935786,0.22630959749221802,0.7674650549888611,0.262952595949173
YNL115C,YPL242C,0,2.2935007,0.2262430191040039,0.7674650549888611,0.2630526125431061
YNR069C,YIL121W,0,2.2914796,0.22617647051811218,0.7674650549888611,0.2631526291370392
YLR449W,YFR049W,0,2.29101,0.22610996663570404,0.7674650549888611,0.2632526457309723
YBR100W,YMR202W,0,2.290473,0.22604350745677948,0.7674650549888611,0.2633526623249054
YMR323W,YEL017C-A,0,2.28788,0.2259770780801773,0.7674650549888611,0.2634526789188385
YNL271C,YER109C,1,2.2848237,0.22620446979999542,0.7684630751609802,0.2634526789188385
YDR448W,YOR073W,0,2.2821047,0.22613802552223206,0.7684630751609802,0.263552725315094
YLR381W,YBL045C,0,2.2815294,0.22607164084911346,0.7684630751609802,0.2636527419090271
YDL044C,YPR021C,0,2.2798843,0.22600528597831726,0.7684630751609802,0.2637527585029602
YJL078C,YDR334W,0,2.2792804,0.22593896090984344,0.7684630751609802,0.2638527750968933
YBL101C,YOL105C,0,2.2778335,0.2258726954460144,0.7684630751609802,0.2639527916908264
YIL062C,YFR028C,0,2.2775729,0.22580644488334656,0.7684630751609802,0.2640528082847595
YFR010W,YKL092C,0,2.2768214,0.2257402539253235,0.7684630751609802,0.2641528248786926
YGL223C,YML048W,0,2.2766623,0.2256740927696228,0.7684630751609802,0.26425284147262573
YOR069W,YDL014W,0,2.2745152,0.2256079763174057,0.7684630751609802,0.26435285806655884
YMR297W,YJR131W,0,2.2738843,0.225541889667511,0.7684630751609802,0.26445290446281433
YGL016W,YGL229C,0,2.2725153,0.22547584772109985,0.7684630751609802,0.26455292105674744
YHR116W,YGL157W,0,2.272413,0.2254098355770111,0.7684630751609802,0.26465293765068054
YOR078W,YBR191W,0,2.271837,0.22534386813640594,0.7684630751609802,0.26475295424461365
YIL131C,YGL190C,1,2.2712634,0.22557051479816437,0.7694610953330994,0.26475295424461365
YMR316W,YFL011W,0,2.2711,0.225504532456398,0.7694610953330994,0.26485297083854675
YDR477W,YDL159W,1,2.269928,0.2257310003042221,0.7704590559005737,0.26485297083854675
YDR437W,YML048W,0,2.2685184,0.22566500306129456,0.7704590559005737,0.26495298743247986
YAL041W,YCR038C,1,2.2673638,0.22589129209518433,0.7714570760726929,0.26495298743247986
YPR140W,YPL089C,0,2.267058,0.22582529485225677,0.7714570760726929,0.26505300402641296
YNR032C-A,YHR143W,0,2.2659144,0.2257593423128128,0.7714570760726929,0.26515302062034607
YIL051C,YLR315W,0,2.2657027,0.22569343447685242,0.7714570760726929,0.2652530372142792
YGL208W,YBR288C,0,2.264473,0.22562755644321442,0.7714570760726929,0.26535308361053467
YDR080W,YCR081W,0,2.263587,0.22556172311306,0.7714570760726929,0.2654531002044678
YDR545W,YMR224C,0,2.263499,0.22549591958522797,0.7714570760726929,0.2655531167984009
YHR143W-A,YML093W,0,2.2631278,0.22543016076087952,0.7714570760726929,0.265653133392334
YJR033C,YHR129C,0,2.2628372,0.22536443173885345,0.7714570760726929,0.2657531499862671
YNL265C,YNL123W,0,2.2622678,0.22529874742031097,0.7714570760726929,0.2658531665802002
YPR180W,YMR012W,0,2.2606146,0.22523309290409088,0.7714570760726929,0.2659531831741333
YBL035C,YIL072W,0,2.260107,0.22516749799251556,0.7714570760726929,0.2660531997680664
YPL120W,YGR283C,0,2.2590156,0.22510191798210144,0.7714570760726929,0.2661532163619995
YIL073C,YPL013C,0,2.2587748,0.2250363826751709,0.7714570760726929,0.266253262758255
YPR049C,YOR014W,0,2.2539372,0.22497089207172394,0.7714570760726929,0.2663532793521881
YJR147W,YHR073W,1,2.25363,0.22519639134407043,0.772455096244812,0.2663532793521881
YDL184C,YMR202W,0,2.2531583,0.22513088583946228,0.772455096244812,0.2664532959461212
YKR095W,YDR480W,0,2.2526045,0.2250654250383377,0.772455096244812,0.2665533125400543
YJR086W,YBR244W,0,2.2512023,0.22499999403953552,0.772455096244812,0.2666533291339874
YEL077C,YPL230W,0,2.250796,0.22493460774421692,0.772455096244812,0.26675334572792053
YDR356W,YGR038W,0,2.2495966,0.2248692661523819,0.772455096244812,0.26685336232185364
YOR151C,YKR045C,0,2.2480764,0.22480395436286926,0.772455096244812,0.26695337891578674
YOR288C,YEL064C,0,2.2479374,0.22473867237567902,0.772455096244812,0.26705342531204224
YMR237W,YOL056W,0,2.2471771,0.22467343509197235,0.772455096244812,0.26715344190597534
YOR037W,YOR240W,0,2.2431293,0.22460824251174927,0.772455096244812,0.26725345849990845
YLR417W,YJL019W,0,2.2421627,0.22454307973384857,0.772455096244812,0.26735347509384155
YGL001C,YBR015C,0,2.2402475,0.22447796165943146,0.772455096244812,0.26745349168777466
YDR489W,YLR274W,0,2.239466,0.22441287338733673,0.772455096244812,0.26755350828170776
YMR079W,YBR162W-A,0,2.238881,0.22434782981872559,0.772455096244812,0.26765352487564087
YGR103W,YCR028C-A,0,2.2372813,0.22428281605243683,0.772455096244812,0.267753541469574
YGL009C,YPR148C,0,2.2284963,0.22421784698963165,0.772455096244812,0.2678535580635071
YPL115C,YLR313C,1,2.2265239,0.2244425117969513,0.7734531164169312,0.2678535580635071
YJL180C,YKL139W,0,2.2246408,0.22437752783298492,0.7734531164169312,0.2679536044597626
YDR041W,YDR482C,0,2.2239056,0.22431258857250214,0.7734531164169312,0.2680536210536957
YNL322C,YNR036C,0,2.2224407,0.22424767911434174,0.7734531164169312,0.2681536376476288
YKR010C,YLR150W,0,2.2182813,0.22418281435966492,0.7734531164169312,0.2682536542415619
YOR266W,YNL287W,0,2.2171023,0.22411799430847168,0.7734531164169312,0.268353670835495
YGR138C,YAR044W,0,2.2151425,0.22405318915843964,0.7734531164169312,0.2684536874294281
YHR171W,YGL157W,0,2.213533,0.22398844361305237,0.7734531164169312,0.2685537040233612
YHL036W,YDL075W,0,2.2120516,0.2239237278699875,0.7734531164169312,0.2686537206172943
YML114C,YMR083W,0,2.2112389,0.223859041929245,0.7734531164169312,0.2687537372112274
YPR068C,YAR007C,0,2.2112188,0.22379440069198608,0.7734531164169312,0.2688537836074829
YDR247W,YBR288C,0,2.2106795,0.22372978925704956,0.7734531164169312,0.268953800201416
YML094W,YNL240C,0,2.2104452,0.22366522252559662,0.7734531164169312,0.2690538167953491
YBR090C-A,YJR046W,0,2.2083304,0.22360068559646606,0.7734531164169312,0.2691538333892822
YGL190C,YDL024C,1,2.2073536,0.2238246351480484,0.7744510769844055,0.2691538333892822
YPL021W,YAL001C,0,2.2055569,0.22376009821891785,0.7744510769844055,0.26925384998321533
YPL028W,YDL081C,0,2.2038307,0.22369559109210968,0.7744510769844055,0.26935386657714844
YPL043W,YEL020C,0,2.2016602,0.2236311286687851,0.7744510769844055,0.26945388317108154
YGR116W,YLR144C,0,2.2010238,0.2235666960477829,0.7744510769844055,0.26955389976501465
YKL149C,YFL035C-B,0,2.1991315,0.22350230813026428,0.7744510769844055,0.26965391635894775
YGR206W,YAL047C,0,2.1981392,0.22343795001506805,0.7744510769844055,0.26975396275520325
YPL241C,YFR037C,0,2.197258,0.2233736366033554,0.7744510769844055,0.26985397934913635
YLR051C,YOR384W,0,2.1960835,0.22330935299396515,0.7744510769844055,0.26995399594306946
YBR236C,YKL199C,0,2.1943212,0.22324511408805847,0.7744510769844055,0.27005401253700256
YNL007C,YDR032C,0,2.1925535,0.22318090498447418,0.7744510769844055,0.27015402913093567
YLR453C,YGR133W,0,2.1925125,0.22311674058437347,0.7744510769844055,0.2702540457248688
YJL045W,YLR378C,0,2.1904094,0.22305260598659515,0.7744510769844055,0.2703540623188019
YNR019W,YPR105C,0,2.1875026,0.22298850119113922,0.7744510769844055,0.270454078912735
YML064C,YKL184W,0,2.1867123,0.22292444109916687,0.7744510769844055,0.2705541253089905
YOR124C,YDL127W,0,2.1850939,0.2228604257106781,0.7744510769844055,0.2706541419029236
YBR101C,YJR043C,0,2.1834214,0.22279644012451172,0.7744510769844055,0.2707541584968567
YBL055C,YML087C,0,2.1833334,0.22273248434066772,0.7744510769844055,0.2708541750907898
YER028C,YNL142W,0,2.1824243,0.2226685732603073,0.7744510769844055,0.2709541916847229
YKL185W,YBR229C,0,2.1821136,0.22260470688343048,0.7744510769844055,0.271054208278656
YNL298W,YER108C,1,2.1787038,0.22282764315605164,0.7754490971565247,0.271054208278656
YHR172W,YIL096C,0,2.1781788,0.2227637618780136,0.7754490971565247,0.2711542248725891
YNL271C,YBR083W,1,2.176596,0.22298653423786163,0.7764471173286438,0.2711542248725891
YFL005W,YCR047C,0,2.1756718,0.22292263805866241,0.7764471173286438,0.2712542414665222
YPL097W,YCR009C,0,2.1737676,0.22285878658294678,0.7764471173286438,0.2713542580604553
YGR054W,YDR488C,0,2.1731367,0.22279496490955353,0.7764471173286438,0.2714543044567108
YHL002W,YPR067W,0,2.1715724,0.22273117303848267,0.7764471173286438,0.2715543210506439
YGL115W,YMR040W,0,2.171543,0.22266742587089539,0.7764471173286438,0.271654337644577
YGR035C,YPL106C,0,2.1714814,0.2226037234067917,0.7764471173286438,0.27175435423851013
YMR060C,YEL048C,0,2.1713474,0.22254005074501038,0.7764471173286438,0.27185437083244324
YGL195W,YAL013W,0,2.1710043,0.22247640788555145,0.7764471173286438,0.27195438742637634
YKR003W,YDL139C,0,2.1709738,0.2224128097295761,0.7764471173286438,0.27205440402030945
YER005W,YGL135W,0,2.170312,0.22234924137592316,0.7764471173286438,0.27215442061424255
YJR050W,YER144C,0,2.1697102,0.22228571772575378,0.7764471173286438,0.27225443720817566
YDR463W,YNL088W,0,2.166393,0.2222222238779068,0.7764471173286438,0.27235448360443115
YNL101W,YAL034W-A,0,2.1662443,0.2221587598323822,0.7764471173286438,0.27245450019836426
YLR192C,YLR260W,0,2.1622045,0.2220953404903412,0.7764471173286438,0.27255451679229736
YBR084W,YBR018C,0,2.1589885,0.22203196585178375,0.7764471173286438,0.27265453338623047
YMR017W,YNR032W,0,2.1589851,0.2219686210155487,0.7764471173286438,0.2727545499801636
YJL069C,YIL026C,0,2.1588616,0.22190530598163605,0.7764471173286438,0.2728545665740967
YCR094W,YOR359W,0,2.1564097,0.22184203565120697,0.7764471173286438,0.2729545831680298
YIR036C,YJL197W,0,2.156277,0.22177879512310028,0.7764471173286438,0.2730545997619629
YOR007C,YOL006C,0,2.1557863,0.22171558439731598,0.7764471173286438,0.273154616355896
YKR072C,YMR067C,0,2.1533182,0.22165241837501526,0.7764471173286438,0.2732546627521515
YDR190C,YDR038C,0,2.152503,0.22158929705619812,0.7764471173286438,0.2733546793460846
YDL190C,YOR132W,0,2.1523862,0.22152619063854218,0.7764471173286438,0.2734546959400177
YNR069C,YDL042C,0,2.1519578,0.221463143825531,0.7764471173286438,0.2735547125339508
YDR427W,YNL315C,0,2.1517344,0.22140011191368103,0.7764471173286438,0.2736547291278839
YOR109W,YPL269W,0,2.1515079,0.22133712470531464,0.7764471173286438,0.273754745721817
YNL035C,YMR274C,0,2.1499643,0.22127418220043182,0.7764471173286438,0.2738547623157501
YOR177C,YDR400W,0,2.1488333,0.2212112545967102,0.7764471173286438,0.2739547789096832
YNR051C,YDR243C,0,2.1486723,0.22114838659763336,0.7764471173286438,0.2740548253059387
YPL204W,YBR022W,0,2.1481774,0.2210855334997177,0.7764471173286438,0.2741548418998718
YHR122W,YBL005W,0,2.1480608,0.22102272510528564,0.7764471173286438,0.27425485849380493
YJL111W,YNL336W,0,2.1455753,0.22095996141433716,0.7764471173286438,0.27435487508773804
YNL243W,YBL054W,0,2.1443567,0.22089721262454987,0.7764471173286438,0.27445489168167114
YNR022C,YMR134W,0,2.1440115,0.22083452343940735,0.7764471173286438,0.27455490827560425
YOL068C,YDR107C,0,2.1435192,0.22077184915542603,0.7764471173286438,0.27465492486953735
YER149C,YLL021W,1,2.1422896,0.22099290788173676,0.7774451375007629,0.27465492486953735
YHR044C,YIR010W,0,2.1412728,0.22093023359775543,0.7774451375007629,0.27475494146347046
YDR184C,YPL195W,0,2.1410267,0.2208675891160965,0.7774451375007629,0.27485495805740356
YOL078W,YDR239C,0,2.1393151,0.22080498933792114,0.7774451375007629,0.27495500445365906
YML012W,YKL127W,0,2.1378727,0.22074241936206818,0.7774451375007629,0.27505502104759216
YGR014W,YIL173W,0,2.1372423,0.2206798940896988,0.7774451375007629,0.27515503764152527
YKR085C,YKL055C,0,2.1367893,0.2206173837184906,0.7774451375007629,0.2752550542354584
YNL138W,YMR164C,1,2.1361773,0.2208380550146103,0.7784430980682373,0.2752550542354584
YJR052W,YNR049C,0,2.1339939,0.2207755446434021,0.7784430980682373,0.2753550708293915
YOR092W,YDL195W,0,2.1331146,0.2207130789756775,0.7784430980682373,0.2754550874233246
YOR007C,YIL018W,0,2.132562,0.22065064311027527,0.7784430980682373,0.2755551040172577
YPL115C,YOR127W,1,2.1287403,0.22087104618549347,0.7794411182403564,0.2755551040172577
YGR184C,YPL048W,0,2.1278481,0.22080859541893005,0.7794411182403564,0.2756551206111908
YDR477W,YMR238W,1,2.12593,0.22102883458137512,0.7804391384124756,0.2756551206111908
YLR089C,YCR068W,0,2.1241612,0.2209663689136505,0.7804391384124756,0.2757551372051239
YLR312C-B,YDL159W,1,2.1220484,0.22118644416332245,0.78143709897995,0.2757551372051239
YPL089C,YER143W,0,2.1208682,0.22112397849559784,0.78143709897995,0.2758551836013794
YOL132W,YBL009W,0,2.1153638,0.22106154263019562,0.78143709897995,0.2759552001953125
YGL150C,YCL020W,0,2.1143446,0.22099915146827698,0.78143709897995,0.2760552167892456
YDL035C,YDR107C,1,2.1143322,0.22121895849704742,0.7824351191520691,0.2760552167892456
YHR013C,YJR077C,0,2.1138957,0.2211565524339676,0.7824351191520691,0.2761552333831787
YDR052C,YML107C,0,2.1135755,0.22109419107437134,0.7824351191520691,0.2762552499771118
YDR279W,YKL158W,0,2.1124277,0.22103185951709747,0.7824351191520691,0.2763552665710449
YJR068W,YDR376W,0,2.1107335,0.220969557762146,0.7824351191520691,0.276455283164978
YLR054C,YPR120C,0,2.1104536,0.2209073007106781,0.7824351191520691,0.27655529975891113
YDL205C,YOR312C,0,2.1098475,0.2208450734615326,0.7824351191520691,0.27665531635284424
YLR312C-B,YDR003W,0,2.108531,0.22078287601470947,0.7824351191520691,0.27675536274909973
YDL124W,YDL247W,0,2.1084583,0.22072072327136993,0.7824351191520691,0.27685537934303284
YIL016W,YDL147W,0,2.1082938,0.22065860033035278,0.7824351191520691,0.27695539593696594
YLR408C,YGR087C,0,2.1063287,0.22059650719165802,0.7824351191520691,0.27705541253089905
YLR051C,YJL129C,0,2.104833,0.22053445875644684,0.7824351191520691,0.27715542912483215
YFR010W,YMR257C,0,2.1039963,0.22047244012355804,0.7824351191520691,0.27725544571876526
YOL012C,YKL178C,0,2.0999465,0.22041045129299164,0.7824351191520691,0.27735546231269836
YGL016W,YDR363W,0,2.0980873,0.2203485071659088,0.7824351191520691,0.27745547890663147
YCR028C-A,YGR212W,0,2.0957537,0.22028659284114838,0.7824351191520691,0.27755552530288696
YML095C,YDL192W,0,2.0928807,0.22022472321987152,0.7824351191520691,0.27765554189682007
YDR503C,YCR058C,0,2.092361,0.22016286849975586,0.7824351191520691,0.2777555584907532
YJR147W,YNL138W,1,2.0904064,0.22038181126117706,0.7834331393241882,0.2777555584907532
YKL049C,YAL034W-A,0,2.0896611,0.2203199565410614,0.7834331393241882,0.2778555750846863
YKR045C,YBR204C,0,2.087689,0.22025813162326813,0.7834331393241882,0.2779555916786194
YLR371W,YNL054W,0,2.0865848,0.22019635140895844,0.7834331393241882,0.2780556082725525
YHL022C,YOR077W,0,2.0845678,0.22013460099697113,0.7834331393241882,0.2781556248664856
YKR018C,YMR271C,0,2.0829327,0.2200728952884674,0.7834331393241882,0.2782556414604187
YJL083W,YIL034C,0,2.0776894,0.22001120448112488,0.7834331393241882,0.2783556580543518
YOR192C,YIL173W,0,2.0767024,0.21994955837726593,0.7834331393241882,0.2784557044506073
YCR029C-A,YIL009W,0,2.0761938,0.21988795697689056,0.7834331393241882,0.2785557210445404
YLR128W,YJL098W,0,2.074533,0.21982638537883759,0.7834331393241882,0.2786557376384735
YHR196W,YGR017W,0,2.073496,0.219764843583107,0.7834331393241882,0.2787557542324066
YPR065W,YJL090C,0,2.070981,0.2197033315896988,0.7834331393241882,0.2788557708263397
YER082C,YDL020C,0,2.0707211,0.21964186429977417,0.7834331393241882,0.2789557874202728
YAR009C,YEL016C,0,2.0701113,0.21958042681217194,0.7834331393241882,0.27905580401420593
YFL002C,YDR006C,0,2.0693605,0.2195190191268921,0.7834331393241882,0.27915582060813904
YER131W,YHR025W,0,2.0682516,0.21945764124393463,0.7834331393241882,0.27925583720207214
YAL011W,YPL072W,0,2.0665538,0.21939630806446075,0.7834331393241882,0.27935588359832764
YKL004W,YDR128W,0,2.0655353,0.21933500468730927,0.7834331393241882,0.27945590019226074
YOL039W,YDR097C,0,2.0647874,0.21927374601364136,0.7834331393241882,0.27955591678619385
YPR184W,YDR315C,0,2.0631723,0.21921251714229584,0.7834331393241882,0.27965593338012695
YML062C,YNL161W,0,2.0624735,0.2191513180732727,0.7834331393241882,0.27975594997406006
YLR312C-B,YER118C,1,2.0612183,0.21936924755573273,0.7844311594963074,0.27975594997406006
YPL168W,YJL014W,0,2.0598917,0.2193080335855484,0.7844311594963074,0.27985596656799316
YPL221W,YOR191W,0,2.059479,0.21924686431884766,0.7844311594963074,0.27995598316192627
YJL036W,YPR042C,0,2.0592525,0.2191857248544693,0.7844311594963074,0.2800559997558594
YJL063C,YER119C,0,2.0581956,0.21912461519241333,0.7844311594963074,0.2801560163497925
YKL063C,YMR083W,0,2.0572712,0.21906355023384094,0.7844311594963074,0.280256062746048
YOR224C,YEL015W,0,2.057172,0.21900251507759094,0.7844311594963074,0.2803560793399811
YJL065C,YPL146C,0,2.0548134,0.21894150972366333,0.7844311594963074,0.2804560959339142
YML125C,YBR160W,0,2.0537736,0.2188805341720581,0.7844311594963074,0.2805561125278473
YNL038W,YLR283W,0,2.052949,0.21881960332393646,0.7844311594963074,0.2806561291217804
YGR240C,YCR069W,0,2.0509531,0.2187587022781372,0.7844311594963074,0.2807561457157135
YNL079C,YNL197C,1,2.0491884,0.21897606551647186,0.7854291200637817,0.2807561457157135
YNL173C,YHR165C,0,2.048491,0.2189151644706726,0.7854291200637817,0.2808561623096466
YDR251W,YDL159W,1,2.0467587,0.21913236379623413,0.7864271402359009,0.2808561623096466
YNL166C,YHR190W,0,2.04521,0.21907144784927368,0.7864271402359009,0.2809561789035797
YDR452W,YFR044C,0,2.0445838,0.21901056170463562,0.7864271402359009,0.2810562252998352
YKR067W,YML085C,0,2.0440235,0.21894970536231995,0.7864271402359009,0.2811562418937683
YIL030C,YFL035C-B,0,2.0430984,0.21888889372348785,0.7864271402359009,0.2812562584877014
YOR380W,YDR198C,0,2.042314,0.21882809698581696,0.7864271402359009,0.2813562750816345
YDL058W,YGL119W,0,2.0420256,0.21876734495162964,0.7864271402359009,0.2814562916755676
YJR147W,YNL271C,1,2.0413747,0.2189841866493225,0.78742516040802,0.2814562916755676
YDR292C,YJR084W,0,2.040783,0.218923419713974,0.78742516040802,0.28155630826950073
YIL091C,YGL168W,0,2.0407307,0.21886269748210907,0.78742516040802,0.28165632486343384
YIL041W,YDR448W,0,2.0382302,0.21880199015140533,0.78742516040802,0.28175634145736694
YML047C,YOR070C,0,2.0332527,0.21874134242534637,0.78742516040802,0.28185635805130005
YMR288W,YER063W,0,2.031114,0.2186807096004486,0.78742516040802,0.28195640444755554
YKR046C,YDL194W,0,2.0281618,0.21862012147903442,0.78742516040802,0.28205642104148865
YDR055W,YNR024W,0,2.028015,0.21855956315994263,0.78742516040802,0.28215643763542175
YGR283C,YGR029W,0,2.0267956,0.21849903464317322,0.78742516040802,0.28225645422935486
YGL136C,YNL176C,0,2.023368,0.2184385359287262,0.78742516040802,0.28235647082328796
YPL194W,YDR006C,0,2.0221028,0.21837808191776276,0.78742516040802,0.28245648741722107
YDR031W,YKL040C,0,2.0217857,0.2183176577091217,0.78742516040802,0.2825565040111542
YMR036C,YGL099W,0,2.0200915,0.21825726330280304,0.78742516040802,0.2826565206050873
YHL007C,YLR353W,1,2.019688,0.21847344934940338,0.7884231805801392,0.2826565206050873
YOR075W,YNL243W,0,2.0195,0.21841305494308472,0.7884231805801392,0.2827565371990204
YOR129C,YHR088W,0,2.019086,0.21835267543792725,0.7884231805801392,0.2828565835952759
YJL151C,YAL048C,0,2.0178463,0.21829234063625336,0.7884231805801392,0.282956600189209
YGR120C,YDL115C,0,2.0160866,0.21823205053806305,0.7884231805801392,0.2830566167831421
YKL058W,YDR058C,0,2.0124915,0.21817177534103394,0.7884231805801392,0.2831566333770752
YDR052C,YLR460C,0,2.0100193,0.2181115448474884,0.7884231805801392,0.2832566499710083
YGL100W,YBR038W,0,2.0086656,0.21805134415626526,0.7884231805801392,0.2833566665649414
YDR247W,YBL007C,0,2.0061274,0.2179911732673645,0.7884231805801392,0.2834566831588745
YKR048C,YLL028W,0,2.005073,0.21793103218078613,0.7884231805801392,0.2835566997528076
YDR437W,YDR489W,0,2.005032,0.21787093579769135,0.7884231805801392,0.2836567461490631
YBR016W,YOL154W,0,2.004442,0.21781086921691895,0.7884231805801392,0.2837567627429962
YOR090C,YBL021C,0,2.003997,0.21775083243846893,0.7884231805801392,0.2838567793369293
YLR229C,YDL024C,1,2.0033734,0.21796637773513794,0.7894211411476135,0.2838567793369293
YPR073C,YGL168W,0,2.0029798,0.21790634095668793,0.7894211411476135,0.2839567959308624
YGL100W,YML133C,0,2.002743,0.2178463190793991,0.7894211411476135,0.28405681252479553
YOL130W,YNL134C,0,2.002441,0.21778634190559387,0.7894211411476135,0.28415682911872864
YNL315C,YKR039W,0,2.001932,0.21772639453411102,0.7894211411476135,0.28425684571266174
YIL078W,YIL112W,0,2.001287,0.21766647696495056,0.7894211411476135,0.28435686230659485
YDR341C,YNL213C,0,2.001068,0.21760660409927368,0.7894211411476135,0.28445687890052795
YJL212C,YGR133W,0,2.001011,0.2175467610359192,0.7894211411476135,0.28455692529678345
YLR057W,YJR091C,0,2.000195,0.2174869328737259,0.7894211411476135,0.28465694189071655
YMR215W,YKL055C,0,1.9992158,0.21742716431617737,0.7894211411476135,0.28475695848464966
YHR052W,YAL042W,0,1.9961407,0.21736741065979004,0.7894211411476135,0.28485697507858276
YFL036W,YDR100W,0,1.995785,0.2173076868057251,0.7894211411476135,0.28495699167251587
YDR005C,YJR129C,0,1.9943858,0.21724800765514374,0.7894211411476135,0.285057008266449
YJR134C,YNR047W,0,1.9926002,0.21718835830688477,0.7894211411476135,0.2851570248603821
YDR031W,YER027C,0,1.9907861,0.21712873876094818,0.7894211411476135,0.2852570414543152
YLR362W,YNL271C,1,1.9900851,0.21734358370304108,0.7904191613197327,0.2852570414543152
YDR392W,YHR073W,1,1.9890362,0.21755829453468323,0.7914171814918518,0.2852570414543152
YPL164C,YPL033C,0,1.9873707,0.21749863028526306,0.7914171814918518,0.2853570580482483
YIL038C,YDR484W,0,1.9863547,0.21743899583816528,0.7914171814918518,0.2854571044445038
YGR195W,YHR011W,0,1.9853057,0.2173793911933899,0.7914171814918518,0.2855571210384369
YHR006W,YOR028C,0,1.9817817,0.2173198163509369,0.7914171814918518,0.28565713763237
YDL080C,YNL112W,0,1.9801326,0.21726027131080627,0.7914171814918518,0.2857571542263031
YGL161C,YOR240W,0,1.9797974,0.21720077097415924,0.7914171814918518,0.2858571708202362
YER133W,YDL129W,0,1.9780685,0.2171412855386734,0.7914171814918518,0.2859571874141693
YHR149C,YKL184W,0,1.9779309,0.21708184480667114,0.7914171814918518,0.2860572040081024
YPR161C,YLL010C,0,1.9774871,0.21702243387699127,0.7914171814918518,0.2861572206020355
YBR188C,YCL045C,0,1.9766998,0.21696306765079498,0.7914171814918518,0.28625723719596863
YOR229W,YOR347C,0,1.9764702,0.2169037163257599,0.7914171814918518,0.2863572835922241
YJL045W,YPL036W,0,1.9759538,0.21684440970420837,0.7914171814918518,0.2864573001861572
YPL115C,YDL024C,1,1.9756976,0.21705849468708038,0.7924151420593262,0.2864573001861572
YDR447C,YGL136C,0,1.9748979,0.21699917316436768,0.7924151420593262,0.28655731678009033
YLR410W,YER159C,0,1.9744958,0.21693989634513855,0.7924151420593262,0.28665733337402344
YKL063C,YOL103W,0,1.9732485,0.21688063442707062,0.7924151420593262,0.28675734996795654
YDL012C,YCR053W,0,1.9725652,0.21682140231132507,0.7924151420593262,0.28685736656188965
YDL220C,YHR024C,0,1.9696869,0.2167622148990631,0.7924151420593262,0.28695738315582275
YLR320W,YGR061C,0,1.9690378,0.21670305728912354,0.7924151420593262,0.28705739974975586
YHR080C,YNL063W,0,1.969034,0.21664392948150635,0.7924151420593262,0.28715744614601135
YPL001W,YDR009W,0,1.9689006,0.21658483147621155,0.7924151420593262,0.28725746273994446
YPL265W,YJL018W,0,1.9687355,0.21652576327323914,0.7924151420593262,0.28735747933387756
YOL147C,YPL061W,0,1.9675685,0.2164667397737503,0.7924151420593262,0.28745749592781067
YDR005C,YLL022C,0,1.9673398,0.21640774607658386,0.7924151420593262,0.2875575125217438
YKL101W,YPL270W,0,1.9643297,0.2163487672805786,0.7924151420593262,0.2876575291156769
YGR026W,YDR239C,0,1.9635102,0.21628983318805695,0.7924151420593262,0.28775754570961
YCR066W,YDR143C,0,1.9634607,0.21623094379901886,0.7924151420593262,0.2878575623035431
YLR143W,YCL063W,0,1.9624437,0.21617206931114197,0.7924151420593262,0.2879575788974762
YOL094C,YOR061W,0,1.9623582,0.21611322462558746,0.7924151420593262,0.2880576252937317
YIL062C,YML060W,0,1.9621081,0.21605442464351654,0.7924151420593262,0.2881576418876648
YOR192C,YDR266C,0,1.9603467,0.215995654463768,0.7924151420593262,0.2882576584815979
YHR001W,YML077W,0,1.9602145,0.21593689918518066,0.7924151420593262,0.288357675075531
YDR477W,YOR371C,1,1.9600351,0.21615007519721985,0.7934131622314453,0.288357675075531
YDL012C,YDR046C,0,1.9594388,0.2160913348197937,0.7934131622314453,0.2884576916694641
YJL167W,YKR038C,0,1.9593325,0.21603260934352875,0.7934131622314453,0.2885577082633972
YGL099W,YFR038W,0,1.9574664,0.21597391366958618,0.7934131622314453,0.2886577248573303
YAL047C,YDR422C,0,1.9567091,0.2159152626991272,0.7934131622314453,0.2887577414512634
YDR261C,YNL224C,0,1.9555604,0.2158566415309906,0.7934131622314453,0.28885775804519653
YAL003W,YDR398W,0,1.9542856,0.2157980501651764,0.7934131622314453,0.288957804441452
YOR130C,YHR121W,0,1.9539686,0.21573948860168457,0.7934131622314453,0.28905782103538513
YJL118W,YLL057C,0,1.9533432,0.21568095684051514,0.7934131622314453,0.28915783762931824
YKL135C,YKL152C,0,1.9522817,0.2156224548816681,0.7934131622314453,0.28925785422325134
YIL056W,YCL066W,0,1.9499923,0.21556399762630463,0.7934131622314453,0.28935787081718445
YHL002W,YNR041C,0,1.9497435,0.21550555527210236,0.7934131622314453,0.28945788741111755
YNL136W,YOL029C,0,1.9496157,0.21544715762138367,0.7934131622314453,0.28955790400505066
YOR030W,YLR353W,1,1.9493332,0.2156597077846527,0.7944111824035645,0.28955790400505066
YGL044C,YDR367W,0,1.949301,0.21560129523277283,0.7944111824035645,0.28965792059898376
YJL074C,YDR443C,0,1.9482865,0.21554291248321533,0.7944111824035645,0.28975793719291687
YER001W,YDR293C,0,1.9473891,0.21548457443714142,0.7944111824035645,0.28985798358917236
YDR538W,YOR019W,0,1.9472611,0.2154262512922287,0.7944111824035645,0.28995800018310547
YPL055C,YMR017W,0,1.9458935,0.21536795794963837,0.7944111824035645,0.2900580167770386
YJL154C,YMR016C,0,1.94516,0.21530970931053162,0.7944111824035645,0.2901580333709717
YMR121C,YPL066W,0,1.9449898,0.21525149047374725,0.7944111824035645,0.2902580499649048
YEL060C,YER094C,0,1.9435415,0.21519330143928528,0.7944111824035645,0.2903580665588379
YLR215C,YGR154C,0,1.9433637,0.2151351422071457,0.7944111824035645,0.290458083152771
YDR261C,YHR083W,0,1.9425724,0.2150770127773285,0.7944111824035645,0.2905580997467041
YDR056C,YGL018C,0,1.9421396,0.21501891314983368,0.7944111824035645,0.2906581461429596
YNL177C,YIL013C,0,1.9420595,0.21496084332466125,0.7944111824035645,0.2907581627368927
YGL121C,YLR070C,0,1.9378495,0.21490280330181122,0.7944111824035645,0.2908581793308258
YIR031C,YBL101C,0,1.9362602,0.21484480798244476,0.7944111824035645,0.2909581959247589
YIL138C,YBL097W,0,1.9336122,0.2147868275642395,0.7944111824035645,0.291058212518692
YDR160W,YDR134C,0,1.9321895,0.21472889184951782,0.7944111824035645,0.2911582291126251
YGR030C,YPL092W,0,1.9315875,0.21467098593711853,0.7944111824035645,0.2912582457065582
YNL083W,YKL113C,0,1.9312956,0.21461310982704163,0.7944111824035645,0.29135826230049133
YJR147W,YHR111W,1,1.93075,0.21482479572296143,0.7954092025756836,0.29135826230049133
YMR283C,YNL300W,0,1.930201,0.21476690471172333,0.7954092025756836,0.29145827889442444
YLR096W,YAR050W,0,1.929373,0.2147090584039688,0.7954092025756836,0.29155832529067993
YER075C,YDR252W,0,1.929215,0.2146512269973755,0.7954092025756836,0.29165834188461304
YPL033C,YIL118W,0,1.9291925,0.21459342539310455,0.7954092025756836,0.29175835847854614
YLR337W,YLR200W,0,1.9290359,0.2145356684923172,0.7954092025756836,0.29185837507247925
YGL253W,YDL161W,0,1.9283378,0.21447792649269104,0.7954092025756836,0.29195839166641235
YPL068C,YNL088W,0,1.9265922,0.21442022919654846,0.7954092025756836,0.29205840826034546
YIL093C,YKL100C,0,1.9234205,0.21436256170272827,0.7954092025756836,0.29215842485427856
YLL016W,YHR110W,0,1.9220862,0.21430492401123047,0.7954092025756836,0.29225844144821167
YMR237W,YNL054W,0,1.9210716,0.21424731612205505,0.7954092025756836,0.2923584580421448
YCL061C,YDR348C,0,1.9204624,0.21418973803520203,0.7954092025756836,0.29245850443840027
YGL031C,YHR081W,0,1.9201763,0.2141321897506714,0.7954092025756836,0.2925585210323334
YFL062W,YDR334W,0,1.9201331,0.21407467126846313,0.7954092025756836,0.2926585376262665
YLR403W,YOR256C,0,1.9200613,0.21401718258857727,0.7954092025756836,0.2927585542201996
YMR152W,YDR363W-A,0,1.9198345,0.213959738612175,0.7954092025756836,0.2928585708141327
YGR083C,YPL227C,0,1.9196849,0.2139023095369339,0.7954092025756836,0.2929585874080658
YBL087C,YCR020W-B,0,1.918978,0.2138449102640152,0.7954092025756836,0.2930586040019989
YMR232W,YNL039W,0,1.9182925,0.21378755569458008,0.7954092025756836,0.293158620595932
YEL034W,YAL021C,0,1.9181032,0.21373021602630615,0.7954092025756836,0.2932586371898651
YDR237W,YNL031C,0,1.9175043,0.2136729210615158,0.7954092025756836,0.2933586835861206
YBR008C,YKR079C,0,1.9142312,0.21361565589904785,0.7954092025756836,0.2934587001800537
YIL049W,YDL024C,1,1.913802,0.21382637321949005,0.796407163143158,0.2934587001800537
YGR206W,YNL088W,0,1.912874,0.2137690931558609,0.796407163143158,0.2935587167739868
YGR181W,YFL049W,0,1.9120622,0.21371184289455414,0.796407163143158,0.2936587333679199
YHR172W,YPL009C,0,1.9106356,0.21365462243556976,0.796407163143158,0.293758749961853
YDL087C,YML034W,0,1.9072888,0.21359743177890778,0.796407163143158,0.29385876655578613
YER021W,YNL246W,0,1.9066212,0.21354027092456818,0.796407163143158,0.29395878314971924
YLR071C,YFR008W,0,1.9064214,0.21348313987255096,0.796407163143158,0.29405879974365234
YDL109C,YNL071W,0,1.9063091,0.21342605352401733,0.796407163143158,0.29415884613990784
YJL097W,YCR033W,0,1.9061054,0.2133689820766449,0.796407163143158,0.29425886273384094
YOR002W,YLR333C,0,1.9024074,0.21331195533275604,0.796407163143158,0.29435887932777405
YLR095C,YCL031C,0,1.9003057,0.21325494349002838,0.796407163143158,0.29445889592170715
YNL139C,YER025W,0,1.9000655,0.2131979763507843,0.796407163143158,0.29455891251564026
YFL034C-A,YBR245C,0,1.8992,0.21314102411270142,0.796407163143158,0.29465892910957336
YOR122C,YBL080C,0,1.8990127,0.2130841165781021,0.796407163143158,0.29475894570350647
YDR440W,YOR125C,0,1.8988336,0.213027223944664,0.796407163143158,0.2948589622974396
YIL040W,YPL138C,0,1.8961256,0.21297037601470947,0.796407163143158,0.2949589788913727
YDL035C,YCR093W,1,1.8956181,0.21318036317825317,0.7974051833152771,0.2949589788913727
YNL133C,YAL014C,0,1.8943975,0.21312350034713745,0.7974051833152771,0.2950590252876282
YIR026C,YBR152W,0,1.8942242,0.21306666731834412,0.7974051833152771,0.2951590418815613
YNL270C,YML013W,0,1.8929939,0.21300986409187317,0.7974051833152771,0.2952590584754944
YNL053W,YMR256C,0,1.8928174,0.2129530906677246,0.7974051833152771,0.2953590750694275
YPL209C,YMR051C,0,1.8913594,0.21289634704589844,0.7974051833152771,0.2954590916633606
YCR045C,YML024W,0,1.8913345,0.21283963322639465,0.7974051833152771,0.2955591082572937
YGR128C,YER030W,0,1.8911948,0.21278294920921326,0.7974051833152771,0.2956591248512268
YPR048W,YKL155C,0,1.8875417,0.21272630989551544,0.7974051833152771,0.2957591414451599
YLR100W,YKR050W,0,1.8866056,0.21266968548297882,0.7974051833152771,0.295859158039093
YDR121W,YMR021C,0,1.8864676,0.2126130908727646,0.7974051833152771,0.2959592044353485
YKL155C,YDR346C,0,1.8862815,0.21255652606487274,0.7974051833152771,0.2960592210292816
YDL205C,YLR098C,0,1.8862123,0.21250000596046448,0.7974051833152771,0.2961592376232147
YFR009W,YKL137W,0,1.8832574,0.2124435007572174,0.7974051833152771,0.2962592542171478
YDL079C,YMR086W,0,1.8830053,0.21238702535629272,0.7974051833152771,0.29635927081108093
YHR070W,YPR183W,0,1.8825052,0.21233059465885162,0.7974051833152771,0.29645928740501404
YMR289W,YNR041C,0,1.8757844,0.21227417886257172,0.7974051833152771,0.29655930399894714
YKL055C,YNL318C,0,1.8757414,0.2122177928686142,0.7974051833152771,0.29665932059288025
YNL248C,YMR216C,0,1.8750997,0.21216145157814026,0.7974051833152771,0.29675933718681335
YCR093W,YCR038C,1,1.874419,0.2123705893754959,0.7984032034873962,0.29675933718681335
YPL253C,YGR065C,0,1.8738072,0.21231421828269958,0.7984032034873962,0.29685938358306885
YGR244C,YNL280C,0,1.8735397,0.21225789189338684,0.7984032034873962,0.29695940017700195
YFR009W,YGR206W,0,1.8734586,0.21220159530639648,0.7984032034873962,0.29705941677093506
YPR028W,YMR041C,0,1.8732774,0.21214531362056732,0.7984032034873962,0.29715943336486816
YAL005C,YGL250W,0,1.8715794,0.21208907663822174,0.7984032034873962,0.29725944995880127
YMR214W,YER044C,0,1.8700991,0.21203286945819855,0.7984032034873962,0.2973594665527344
YER042W,YPL040C,0,1.8677434,0.21197667717933655,0.7984032034873962,0.2974594831466675
YJL212C,YLR266C,0,1.8657596,0.21192052960395813,0.7984032034873962,0.2975594997406006
YDR356W,YGL025C,0,1.8653692,0.2118644118309021,0.7984032034873962,0.2976595461368561
YOL135C,YNL216W,0,1.8652601,0.21180830895900726,0.7984032034873962,0.2977595627307892
YHR153C,YOL061W,0,1.8649808,0.211752250790596,0.7984032034873962,0.2978595793247223
YOL117W,YML022W,0,1.864685,0.21169622242450714,0.7984032034873962,0.2979595959186554
YKL026C,YIL111W,0,1.8644483,0.21164020895957947,0.7984032034873962,0.2980596125125885
YKL150W,YBR079C,0,1.864049,0.21158424019813538,0.7984032034873962,0.2981596291065216
YPL253C,YGR132C,0,1.8633277,0.21152828633785248,0.7984032034873962,0.2982596457004547
YHR099W,YBL025W,0,1.8603592,0.21147237718105316,0.7984032034873962,0.2983596622943878
YLR181C,YJL018W,0,1.8600388,0.21141649782657623,0.7984032034873962,0.2984596788883209
YCL045C,YLR451W,0,1.8575623,0.2113606333732605,0.7984032034873962,0.2985597252845764
YDR160W,YLR352W,0,1.8548365,0.21130481362342834,0.7984032034873962,0.2986597418785095
YBR176W,YML013W,0,1.8548274,0.21124900877475739,0.7984032034873962,0.2987597584724426
YOL078W,YOR130C,0,1.8536688,0.21119324862957,0.7984032034873962,0.29885977506637573
YLR083C,YNL001W,1,1.8527937,0.21140141785144806,0.7994012236595154,0.29885977506637573
YDR130C,YGL245W,0,1.8521723,0.2113456428050995,0.7994012236595154,0.29895979166030884
YML009C,YOR080W,0,1.8510766,0.2112898975610733,0.7994012236595154,0.29905980825424194
YFR047C,YNL291C,0,1.8505404,0.2112341821193695,0.7994012236595154,0.29915982484817505
YOL086W-A,YGL144C,0,1.8498576,0.2111784815788269,0.7994012236595154,0.29925984144210815
YBL047C,YGL161C,0,1.8494843,0.21112282574176788,0.7994012236595154,0.29935985803604126
YGR158C,YDR302W,0,1.8494338,0.21106719970703125,0.7994012236595154,0.29945990443229675
YKR072C,YOL121C,0,1.8492858,0.2110115885734558,0.7994012236595154,0.29955992102622986
YDR098C,YHL018W,0,1.849143,0.21095602214336395,0.7994012236595154,0.29965993762016296
YCL019W,YGL073W,0,1.8489728,0.2109004706144333,0.7994012236595154,0.29975995421409607
YBL088C,YML094W,0,1.8470261,0.2108449637889862,0.7994012236595154,0.2998599708080292
YJL125C,YLR283W,0,1.8451355,0.21078947186470032,0.7994012236595154,0.2999599874019623
YGR033C,YIL015W,0,1.8450103,0.210734024643898,0.7994012236595154,0.3000600039958954
YLR315W,YPR003C,0,1.842639,0.2106785923242569,0.7994012236595154,0.3001600205898285
YIL084C,YDR099W,0,1.8420835,0.21062318980693817,0.7994012236595154,0.3002600371837616
YDL236W,YIL114C,0,1.8418093,0.21056781709194183,0.7994012236595154,0.3003600835800171
YDR341C,YCR036W,0,1.8401283,0.21051248908042908,0.7994012236595154,0.3004601001739502
YIL014W,YIL068C,0,1.8397527,0.21045717597007751,0.7994012236595154,0.3005601167678833
YHL007C,YGR195W,0,1.8374617,0.21040189266204834,0.7994012236595154,0.3006601333618164
YDL168W,YKL034W,0,1.83665,0.21034663915634155,0.7994012236595154,0.3007601499557495
YNL025C,YMR170C,0,1.835423,0.21029141545295715,0.7994012236595154,0.3008601665496826
YOR171C,YBR083W,0,1.8340783,0.21023622155189514,0.7994012236595154,0.3009601831436157
YJR060W,YBR003W,0,1.8339845,0.21018105745315552,0.7994012236595154,0.30106019973754883
YML095C,YDL105W,0,1.8335096,0.21012592315673828,0.7994012236595154,0.3011602461338043
YGR189C,YDR487C,0,1.8330412,0.21007080376148224,0.7994012236595154,0.3012602627277374
YDR392W,YKL149C,1,1.8329806,0.21027792990207672,0.8003991842269897,0.3012602627277374
YPR018W,YHR072W-A,0,1.8294698,0.21022281050682068,0.8003991842269897,0.30136027932167053
YCR093W,YNL197C,1,1.8291845,0.21042977273464203,0.8013972043991089,0.30136027932167053
YOL109W,YIL050W,0,1.8285463,0.2103746384382248,0.8013972043991089,0.30146029591560364
YPR124W,YDR329C,0,1.8284006,0.21031953394412994,0.8013972043991089,0.30156031250953674
YOR270C,YBR060C,0,1.8267928,0.21026447415351868,0.8013972043991089,0.30166032910346985
YLR096W,YGR193C,0,1.8267363,0.2102094292640686,0.8013972043991089,0.30176034569740295
YJR010C-A,YNL005C,0,1.8258737,0.21015441417694092,0.8013972043991089,0.30186036229133606
YPL105C,YIL172C,0,1.825566,0.21009942889213562,0.8013972043991089,0.30196037888526917
YDL018C,YGL033W,0,1.8252193,0.2100444734096527,0.8013972043991089,0.30206042528152466
YBR191W,YDR276C,0,1.8238183,0.209989532828331,0.8013972043991089,0.30216044187545776
YOR177C,YNL229C,0,1.8228616,0.20993463695049286,0.8013972043991089,0.30226045846939087
YOR167C,YKL158W,0,1.8208807,0.2098797708749771,0.8013972043991089,0.302360475063324
YDR051C,YJL083W,0,1.8198981,0.20982493460178375,0.8013972043991089,0.3024604916572571
YFL034C-A,YML033W,0,1.8198166,0.2097701132297516,0.8013972043991089,0.3025605082511902
YJR099W,YHL026C,0,1.8184979,0.209715336561203,0.8013972043991089,0.3026605248451233
YDR372C,YLR313C,0,1.8181001,0.2096605747938156,0.8013972043991089,0.3027605414390564
YKR075C,YOR113W,0,1.8172716,0.2096058428287506,0.8013972043991089,0.3028605580329895
YCR045C,YDR093W,0,1.8133223,0.2095511555671692,0.8013972043991089,0.302960604429245
YDR142C,YFL035C-A,0,1.8129447,0.20949648320674896,0.8013972043991089,0.3030606210231781
YLR077W,YOR208W,0,1.8121636,0.20944184064865112,0.8013972043991089,0.3031606376171112
YLR127C,YDR058C,0,1.8108948,0.20938722789287567,0.8013972043991089,0.3032606542110443
YJL058C,YDR465C,0,1.8093766,0.2093326449394226,0.8013972043991089,0.3033606708049774
YOR158W,YDR086C,0,1.807717,0.20927807688713074,0.8013972043991089,0.3034606873989105
YNL035C,YJR144W,0,1.8074765,0.20922355353832245,0.8013972043991089,0.30356070399284363
YGL064C,YJR126C,0,1.8055513,0.20916905999183655,0.8013972043991089,0.30366072058677673
YHR007C,YKL058W,0,1.8054802,0.20911458134651184,0.8013972043991089,0.3037607669830322
YHR143W,YOR389W,0,1.8051419,0.20906014740467072,0.8013972043991089,0.30386078357696533
YLR312C-B,YCR093W,1,1.8034976,0.20926600694656372,0.802395224571228,0.30386078357696533
YDR270W,YFR042W,0,1.8026222,0.2092115581035614,0.802395224571228,0.30396080017089844
YNL126W,YOR361C,0,1.8015761,0.20915712416172028,0.802395224571228,0.30406081676483154
YDR009W,YCR098C,0,1.7999617,0.20910273492336273,0.802395224571228,0.30416083335876465
YPL155C,YMR164C,0,1.7997159,0.20904836058616638,0.802395224571228,0.30426084995269775
YOR027W,YJL012C,0,1.7980516,0.20899401605129242,0.802395224571228,0.30436086654663086
YOR110W,YNL098C,0,1.7974784,0.20893971621990204,0.802395224571228,0.30446088314056396
YLR154W-C,YNL132W,0,1.7949965,0.20888543128967285,0.802395224571228,0.30456089973449707
YJR145C,YJR155W,0,1.7945904,0.20883117616176605,0.802395224571228,0.30466094613075256
YER051W,YOL056W,0,1.7941531,0.20877693593502045,0.802395224571228,0.30476096272468567
YGR203W,YNL093W,0,1.7938995,0.20872274041175842,0.802395224571228,0.3048609793186188
YFR006W,YIL082W-A,0,1.7938349,0.2086685746908188,0.802395224571228,0.3049609959125519
YOR269W,YJL097W,0,1.7936115,0.20861442387104034,0.802395224571228,0.305061012506485
YER086W,YOL007C,0,1.7919866,0.20856031775474548,0.802395224571228,0.3051610291004181
YGL187C,YDR087C,0,1.7914655,0.20850622653961182,0.802395224571228,0.3052610456943512
YDR381W,YDR088C,0,1.7909219,0.20845216512680054,0.802395224571228,0.3053610622882843
YER119C,YER019W,0,1.7897584,0.20839813351631165,0.802395224571228,0.3054610788822174
YER149C,YHR111W,1,1.7895169,0.20860326290130615,0.8033931851387024,0.3054610788822174
YNL339C,YBR045C,0,1.7891915,0.20854921638965607,0.8033931851387024,0.3055611252784729
YBL023C,YDR284C,0,1.7890197,0.20849521458148956,0.8033931851387024,0.305661141872406
YNL294C,YBR153W,0,1.7889667,0.20844122767448425,0.8033931851387024,0.3057611584663391
YML087C,YMR199W,0,1.7887701,0.20838727056980133,0.8033931851387024,0.3058611750602722
YJR016C,YOR249C,0,1.787158,0.2083333283662796,0.8033931851387024,0.3059611916542053
YGL175C,YJR065C,0,1.7866762,0.20827943086624146,0.8033931851387024,0.3060612082481384
YBR211C,YPR009W,0,1.7853478,0.2082255631685257,0.8033931851387024,0.30616122484207153
YDR325W,YOR249C,0,1.783735,0.20817171037197113,0.8033931851387024,0.30626124143600464
YNL292W,YHR194W,0,1.7835588,0.20811788737773895,0.8033931851387024,0.30636125802993774
YEL046C,YDL160C,0,1.7831163,0.20806409418582916,0.8033931851387024,0.30646130442619324
YIL122W,YDR368W,0,1.7818956,0.20801033079624176,0.8033931851387024,0.30656132102012634
YBR253W,YGR191W,0,1.7785742,0.20795659720897675,0.8033931851387024,0.30666133761405945
YPL232W,YLR328W,0,1.7748578,0.20790289342403412,0.8033931851387024,0.30676135420799255
YHR086W,YGR129W,0,1.7740927,0.20784921944141388,0.8033931851387024,0.30686137080192566
YLL014W,YNL294C,0,1.7737588,0.20779556035995483,0.8033931851387024,0.30696138739585876
YHL022C,YKL141W,0,1.7731756,0.20774193108081818,0.8033931851387024,0.30706140398979187
YPL055C,YDR376W,0,1.7726805,0.2076883316040039,0.8033931851387024,0.307161420583725
YKL158W,YNL300W,0,1.7724681,0.20763476192951202,0.8033931851387024,0.30726146697998047
YEL051W,YIL015W,0,1.7712137,0.20758122205734253,0.8033931851387024,0.3073614835739136
YNR054C,YOR039W,0,1.7699878,0.20752771198749542,0.8033931851387024,0.3074615001678467
YIR037W,YEL009C,0,1.7683163,0.2074742317199707,0.8033931851387024,0.3075615167617798
YDR538W,YLR045C,0,1.7682941,0.20742076635360718,0.8033931851387024,0.3076615333557129
YKL135C,YOL052C-A,0,1.7682079,0.20736733078956604,0.8033931851387024,0.307761549949646
YER032W,YIR007W,0,1.764203,0.20731393992900848,0.8033931851387024,0.3078615665435791
YPL100W,YDL175C,0,1.7640022,0.20726054906845093,0.8033931851387024,0.3079615831375122
YPL115C,YDL159W,1,1.7633816,0.20746460556983948,0.8043912053108215,0.3079615831375122
YMR197C,YLR312C-B,0,1.7622564,0.20741121470928192,0.8043912053108215,0.3080615997314453
YKL024C,YER129W,0,1.7618122,0.20735785365104675,0.8043912053108215,0.3081616461277008
YCL010C,YIL015W,0,1.7613145,0.20730452239513397,0.8043912053108215,0.3082616627216339
YMR012W,YBR288C,0,1.7600324,0.20725122094154358,0.8043912053108215,0.308361679315567
YMR122W-A,YLL050C,0,1.7597666,0.20719794929027557,0.8043912053108215,0.3084616959095001
YDR435C,YPR131C,0,1.7589208,0.20714469254016876,0.8043912053108215,0.3085617125034332
YER108C,YHR084W,1,1.7558768,0.20734840631484985,0.8053892254829407,0.3085617125034332
YDL141W,YKL069W,0,1.7556255,0.20729514956474304,0.8053892254829407,0.30866172909736633
YLR384C,YPL156C,0,1.7548804,0.20724190771579742,0.8053892254829407,0.30876174569129944
YDR500C,YOL121C,0,1.7538042,0.2071887105703354,0.8053892254829407,0.30886176228523254
YDR379W,YOR069W,0,1.7533796,0.20713552832603455,0.8053892254829407,0.30896177887916565
YOR354C,YKL084W,0,1.7532105,0.2070823758840561,0.8053892254829407,0.30906182527542114
YIR003W,YLL048C,0,1.7523898,0.20702923834323883,0.8053892254829407,0.30916184186935425
YDR477W,YNL001W,1,1.7505865,0.20723262429237366,0.8063872456550598,0.30916184186935425
YDL149W,YAL061W,0,1.7497301,0.2071794867515564,0.8063872456550598,0.30926185846328735
YCR034W,YLR008C,0,1.749207,0.20712637901306152,0.8063872456550598,0.30936187505722046
YJR153W,YLL013C,0,1.7491,0.20707330107688904,0.8063872456550598,0.30946189165115356
YLR364W,YDR128W,0,1.748944,0.20702023804187775,0.8063872456550598,0.30956190824508667
YNL115C,YDR145W,0,1.7486874,0.20696721971035004,0.8063872456550598,0.3096619248390198
YGL185C,YDL102W,0,1.747423,0.20691421627998352,0.8063872456550598,0.3097619414329529
YJL127C,YNL099C,0,1.7470394,0.2068612426519394,0.8063872456550598,0.309861958026886
YGL245W,YDR422C,0,1.7463845,0.20680829882621765,0.8063872456550598,0.3099620044231415
YOR356W,YOL144W,0,1.7430319,0.2067553699016571,0.8063872456550598,0.3100620210170746
YBR082C,YNL185C,0,1.742919,0.20670248568058014,0.8063872456550598,0.3101620376110077
YPR070W,YJL018W,0,1.7412984,0.20664961636066437,0.8063872456550598,0.3102620542049408
YEL046C,YHR083W,0,1.7409272,0.20659677684307098,0.8063872456550598,0.3103620707988739
YGL187C,YKL073W,0,1.7402512,0.2065439671278,0.8063872456550598,0.310462087392807
YNL024C,YLR308W,0,1.7397535,0.20649118721485138,0.8063872456550598,0.3105621039867401
YPL161C,YOL031C,0,1.7389638,0.20643842220306396,0.8063872456550598,0.3106621205806732
YGR007W,YGR159C,0,1.7384365,0.20638570189476013,0.8063872456550598,0.3107621669769287
YDR028C,YDR032C,0,1.738133,0.2063329964876175,0.8063872456550598,0.3108621835708618
YHR193C,YMR113W,0,1.7379806,0.20628032088279724,0.8063872456550598,0.3109622001647949
YGR121C,YPL108W,0,1.7371411,0.20622766017913818,0.8063872456550598,0.311062216758728
YJL189W,YAL041W,0,1.7367568,0.2061750441789627,0.8063872456550598,0.31116223335266113
YMR314W,YDR128W,0,1.7360277,0.20612244307994843,0.8063872456550598,0.31126224994659424
YCR065W,YDL110C,0,1.7340539,0.20606988668441772,0.8063872456550598,0.31136226654052734
YNL138W,YNL001W,1,1.7327235,0.20627230405807495,0.8073852062225342,0.31136226654052734
YPL029W,YKL081W,0,1.7322421,0.20621973276138306,0.8073852062225342,0.31146228313446045
YPL090C,YHR152W,0,1.7303865,0.20616717636585236,0.8073852062225342,0.31156229972839355
YPL215W,YBR098W,0,1.7289057,0.20611464977264404,0.8073852062225342,0.31166234612464905
YLR154W-C,YDR107C,0,1.7286668,0.20606215298175812,0.8073852062225342,0.31176236271858215
YNR055C,YMR134W,0,1.7280865,0.2060096710920334,0.8073852062225342,0.31186237931251526
YLL053C,YDR441C,0,1.7270648,0.20595723390579224,0.8073852062225342,0.31196239590644836
YDR184C,YLR056W,0,1.7269459,0.20590481162071228,0.8073852062225342,0.31206241250038147
YDR392W,YHR084W,1,1.7251451,0.20610687136650085,0.8083832263946533,0.31206241250038147
YER113C,YEL001C,0,1.7222222,0.2060544341802597,0.8083832263946533,0.3121624290943146
YHR158C,YJL054W,0,1.7213936,0.20600204169750214,0.8083832263946533,0.3122624456882477
YCR004C,YLL006W,0,1.7203146,0.20594966411590576,0.8083832263946533,0.3123624622821808
YNL005C,YMR004W,0,1.7195315,0.20589730143547058,0.8083832263946533,0.3124624788761139
YIL031W,YHR035W,0,1.7172015,0.20584498345851898,0.8083832263946533,0.3125625252723694
YJL129C,YDR071C,0,1.7142406,0.20579268038272858,0.8083832263946533,0.3126625418663025
YMR059W,YJR046W,0,1.7141012,0.20574040710926056,0.8083832263946533,0.3127625584602356
YCL026C-A,YDR315C,0,1.7139609,0.20568816363811493,0.8083832263946533,0.3128625750541687
YFR007W,YOL041C,0,1.7137632,0.2056359499692917,0.8083832263946533,0.3129625916481018
YNL128W,YAL059W,0,1.7131969,0.20558375120162964,0.8083832263946533,0.3130626082420349
YPL068C,YNR055C,0,1.712686,0.20553159713745117,0.8083832263946533,0.313162624835968
YNR050C,YKL167C,0,1.7109562,0.2054794579744339,0.8083832263946533,0.3132626414299011
YFR038W,YNR055C,0,1.7106283,0.20542733371257782,0.8083832263946533,0.31336265802383423
YGL121C,YOL096C,0,1.7105078,0.20537525415420532,0.8083832263946533,0.3134627044200897
YMR162C,YKL006W,0,1.7078866,0.20532318949699402,0.8083832263946533,0.3135627210140228
YPL262W,YLR174W,0,1.7072835,0.2052711546421051,0.8083832263946533,0.31366273760795593
YDL156W,YJR015W,0,1.7053108,0.20521914958953857,0.8083832263946533,0.31376275420188904
YFL036W,YIL130W,0,1.7036574,0.20516717433929443,0.8083832263946533,0.31386277079582214
YDR289C,YHR116W,0,1.7017254,0.2051152139902115,0.8083832263946533,0.31396278738975525
YGL168W,YKL213C,0,1.7014961,0.20506329834461212,0.8083832263946533,0.31406280398368835
YLR119W,YNL152W,0,1.7005236,0.20501138269901276,0.8083832263946533,0.31416282057762146
YDR092W,YGR280C,0,1.7003087,0.20495951175689697,0.8083832263946533,0.31426286697387695
YGL249W,YCR091W,0,1.6996009,0.20490767061710358,0.8083832263946533,0.31436288356781006
YOR090C,YGR090W,0,1.6986716,0.20485584437847137,0.8083832263946533,0.31446290016174316
YKL088W,YDR065W,0,1.6971529,0.20480404794216156,0.8083832263946533,0.31456291675567627
YOL094C,YDR517W,0,1.6971467,0.20475228130817413,0.8083832263946533,0.3146629333496094
YBR265W,YKL014C,0,1.6966164,0.2047005295753479,0.8083832263946533,0.3147629499435425
YJR134C,YBR258C,0,1.695233,0.20464880764484406,0.8083832263946533,0.3148629665374756
YKL221W,YFL003C,0,1.6949307,0.2045971155166626,0.8083832263946533,0.3149629831314087
YBR161W,YDR368W,0,1.6947889,0.20454545319080353,0.8083832263946533,0.3150629997253418
YMR076C,YDR002W,0,1.6923833,0.20449382066726685,0.8083832263946533,0.3151630461215973
YKL014C,YIL106W,0,1.6914923,0.20444220304489136,0.8083832263946533,0.3152630627155304
YKR010C,YJL020C,0,1.690784,0.20439061522483826,0.8083832263946533,0.3153630793094635
YDL076C,YNL023C,0,1.686156,0.20433905720710754,0.8083832263946533,0.3154630959033966
YKR022C,YLR045C,0,1.6855321,0.20428751409053802,0.8083832263946533,0.3155631124973297
YKL084W,YDR175C,0,1.6852734,0.2042360007762909,0.8083832263946533,0.3156631290912628
YER062C,YIL171W,0,1.6837298,0.20418451726436615,0.8083832263946533,0.3157631456851959
YNR024W,YFL003C,0,1.6816883,0.2041330635547638,0.8083832263946533,0.31586316227912903
YNL217W,YLL066C,0,1.6812235,0.20408163964748383,0.8083832263946533,0.31596317887306213
YPR022C,YHR139C,0,1.6812096,0.20403023064136505,0.8083832263946533,0.3160632252693176
YDR368W,YKL167C,0,1.6789968,0.20397885143756866,0.8083832263946533,0.31616324186325073
YNL055C,YCR086W,0,1.6784574,0.20392748713493347,0.8083832263946533,0.31626325845718384
YBR034C,YBR254C,0,1.6782188,0.20387616753578186,0.8083832263946533,0.31636327505111694
YOR022C,YEL017C-A,0,1.6770828,0.20382486283779144,0.8083832263946533,0.31646329164505005
YPL012W,YDL185W,0,1.6769947,0.2037735879421234,0.8083832263946533,0.31656330823898315
YLR313C,YLL021W,1,1.6765932,0.20397384464740753,0.8093812465667725,0.31656330823898315
YFL005W,YOR265W,0,1.6763716,0.2039225548505783,0.8093812465667725,0.31666332483291626
YIL037C,YPR095C,0,1.6758529,0.20387129485607147,0.8093812465667725,0.31676334142684937
YNL197C,YHR073W,1,1.6749839,0.20407137274742126,0.8103792667388916,0.31676334142684937
YGL240W,YHR088W,0,1.6743553,0.20402009785175323,0.8103792667388916,0.31686335802078247
YDL193W,YIL091C,0,1.6741657,0.2039688527584076,0.8103792667388916,0.31696340441703796
YKR077W,YMR037C,0,1.6730344,0.20391762256622314,0.8103792667388916,0.31706342101097107
YPL181W,YPL026C,0,1.6714051,0.20386643707752228,0.8103792667388916,0.3171634376049042
YFR014C,YLR332W,0,1.6707578,0.2038152664899826,0.8103792667388916,0.3172634541988373
YDR020C,YHR079C-B,0,1.6703365,0.20376411080360413,0.8103792667388916,0.3173634707927704
YPL183C,YDL165W,0,1.6699611,0.20371299982070923,0.8103792667388916,0.3174634873867035
YGR170W,YEL027W,0,1.6695904,0.20366190373897552,0.8103792667388916,0.3175635039806366
YDR178W,YGL173C,0,1.6686548,0.2036108374595642,0.8103792667388916,0.3176635205745697
YGR006W,YCR066W,0,1.668517,0.2035597860813141,0.8103792667388916,0.3177635669708252
YLR418C,YOR081C,0,1.6679745,0.20350876450538635,0.8103792667388916,0.3178635835647583
YMR195W,YLL031C,0,1.6652374,0.203457772731781,0.8103792667388916,0.3179636001586914
YNL177C,YHR187W,0,1.6635952,0.20340681076049805,0.8103792667388916,0.3180636167526245
YOR258W,YNL329C,0,1.6635877,0.20335587859153748,0.8103792667388916,0.3181636333465576
YOR191W,YPL225W,0,1.663537,0.2033049613237381,0.8103792667388916,0.3182636499404907
YPL120W,YGL157W,0,1.6617848,0.2032540738582611,0.8103792667388916,0.31836366653442383
YHR203C,YJL014W,0,1.6609206,0.2032032012939453,0.8103792667388916,0.31846368312835693
YHL038C,YPR103W,0,1.6595093,0.2031523585319519,0.8103792667388916,0.31856369972229004
YNL251C,YOR144C,0,1.6578679,0.20310154557228088,0.8103792667388916,0.31866374611854553
YJL073W,YOR066W,0,1.6574701,0.20305076241493225,0.8103792667388916,0.31876376271247864
YCL039W,YBR139W,0,1.6567792,0.2029999941587448,0.8103792667388916,0.31886377930641174
YBL093C,YMR162C,0,1.6543987,0.20294925570487976,0.8103792667388916,0.31896379590034485
YKL208W,YLR277C,0,1.6534189,0.2028985470533371,0.8103792667388916,0.31906381249427795
YDR330W,YMR113W,0,1.653368,0.20284786820411682,0.8103792667388916,0.31916382908821106
YDR005C,YLL028W,0,1.6528516,0.20279720425605774,0.8103792667388916,0.31926384568214417
YLR439W,YHR001W-A,0,1.6515987,0.20274657011032104,0.8103792667388916,0.31936386227607727
YGR156W,YPL156C,0,1.6504177,0.20269595086574554,0.8103792667388916,0.3194638788700104
YDR477W,YHR084W,1,1.6489172,0.20289494097232819,0.811377227306366,0.3194638788700104
YGL190C,YDR099W,1,1.6460667,0.20309381186962128,0.8123752474784851,0.3194638788700104
YOR330C,YOR375C,0,1.6436925,0.2030431479215622,0.8123752474784851,0.31956392526626587
YIR017C,YBR065C,0,1.6433016,0.2029925137758255,0.8123752474784851,0.319663941860199
YPR029C,YLR258W,0,1.6423776,0.2029419094324112,0.8123752474784851,0.3197639584541321
YMR298W,YLR260W,0,1.6407433,0.20289131999015808,0.8123752474784851,0.3198639750480652
YJR086W,YGR083C,0,1.6401114,0.20284076035022736,0.8123752474784851,0.3199639916419983
YHL021C,YHL009C,0,1.637419,0.20279023051261902,0.8123752474784851,0.3200640082359314
YNL325C,YBR291C,0,1.6357749,0.20273973047733307,0.8123752474784851,0.3201640248298645
YPL195W,YHR026W,0,1.6341221,0.2026892453432083,0.8123752474784851,0.3202640414237976
YLL050C,YAR050W,0,1.6319077,0.20263879001140594,0.8123752474784851,0.3203640580177307
YNR026C,YMR079W,0,1.6301174,0.20258834958076477,0.8123752474784851,0.3204641044139862
YGL257C,YKL220C,0,1.6292609,0.20253793895244598,0.8123752474784851,0.3205641210079193
YAL042W,YGL003C,0,1.6292024,0.20248755812644958,0.8123752474784851,0.3206641376018524
YLR417W,YEL017C-A,0,1.6278195,0.20243720710277557,0.8123752474784851,0.3207641541957855
YDR047W,YDR257C,0,1.6260519,0.20238687098026276,0.8123752474784851,0.32086417078971863
YDL143W,YMR022W,0,1.6253972,0.20233656466007233,0.8123752474784851,0.32096418738365173
YGL085W,YOR035C,0,1.625318,0.20228628814220428,0.8123752474784851,0.32106420397758484
YOL080C,YBR185C,0,1.6242757,0.20223602652549744,0.8123752474784851,0.32116422057151794
YLR001C,YPR173C,0,1.6235143,0.20218579471111298,0.8123752474784851,0.32126426696777344
YFR050C,YGL119W,0,1.6219418,0.2021355777978897,0.8123752474784851,0.32136428356170654
YPR173C,YLR039C,0,1.6214625,0.20208540558815002,0.8123752474784851,0.32146430015563965
YPR148C,YEL027W,0,1.6198022,0.20203524827957153,0.8123752474784851,0.32156431674957275
YMR225C,YNL065W,0,1.6191076,0.20198510587215424,0.8123752474784851,0.32166433334350586
YGL105W,YJR029W,0,1.6178682,0.20193500816822052,0.8123752474784851,0.32176434993743896
YOR191W,YOL123W,0,1.6163319,0.201884925365448,0.8123752474784851,0.32186436653137207
YHR064C,YCR044C,0,1.615951,0.20183485746383667,0.8123752474784851,0.3219643831253052
YDR056C,YMR006C,0,1.6156476,0.20178483426570892,0.8123752474784851,0.3220643997192383
YOR208W,YMR297W,0,1.6140888,0.20173482596874237,0.8123752474784851,0.3221644461154938
YGL017W,YPL152W,0,1.6137309,0.201684832572937,0.8123752474784851,0.3222644627094269
YLL026W,YMR281W,0,1.6133833,0.20163488388061523,0.8123752474784851,0.32236447930336
YOR357C,YCR071C,0,1.6129181,0.20158495008945465,0.8123752474784851,0.3224644958972931
YDR051C,YBL100W-A,0,1.612661,0.20153503119945526,0.8123752474784851,0.3225645124912262
YJL167W,YKL054C,0,1.6097859,0.20148514211177826,0.8123752474784851,0.3226645290851593
YDR020C,YOL013C,0,1.6097133,0.20143528282642365,0.8123752474784851,0.3227645456790924
YDR510W,YHR031C,0,1.6089239,0.20138545334339142,0.8123752474784851,0.3228645622730255
YOR125C,YJL083W,0,1.6086874,0.20133563876152039,0.8123752474784851,0.3229645788669586
YKL127W,YOR256C,0,1.6083126,0.20128585398197174,0.8123752474784851,0.3230646252632141
YPR081C,YBL003C,0,1.608262,0.20123609900474548,0.8123752474784851,0.3231646418571472
YDR338C,YGR017W,0,1.6080902,0.20118635892868042,0.8123752474784851,0.3232646584510803
YOR380W,YJL180C,0,1.6079121,0.20113664865493774,0.8123752474784851,0.3233646750450134
YGL251C,YPR054W,0,1.606885,0.20108695328235626,0.8123752474784851,0.32346469163894653
YCL055W,YDR119W,0,1.6060483,0.20103728771209717,0.8123752474784851,0.32356470823287964
YLR038C,YER148W,0,1.6060392,0.20098765194416046,0.8123752474784851,0.32366472482681274
YML021C,YMR224C,0,1.6048717,0.20093804597854614,0.8123752474784851,0.32376474142074585
YAL019W,YJL104W,0,1.6030824,0.20088845491409302,0.8123752474784851,0.32386478781700134
YMR052W,YJL165C,0,1.6029432,0.2008388787508011,0.8123752474784851,0.32396480441093445
YHL002W,YPL001W,0,1.6027952,0.20078934729099274,0.8123752474784851,0.32406482100486755
YBL036C,YLL039C,0,1.5998302,0.20073983073234558,0.8123752474784851,0.32416483759880066
YIL131C,YNL271C,1,1.5970724,0.20093688368797302,0.8133732676506042,0.32416483759880066
YPL215W,YIL084C,0,1.5957884,0.20088735222816467,0.8133732676506042,0.32426485419273376
YJL048C,YKR088C,0,1.5956924,0.2008378505706787,0.8133732676506042,0.32436487078666687
YDR221W,YML043C,0,1.5946593,0.20078837871551514,0.8133732676506042,0.3244648873806
YPL177C,YLR283W,0,1.5930997,0.20073892176151276,0.8133732676506042,0.3245649039745331
YER025W,YHR158C,0,1.5930657,0.20068947970867157,0.8133732676506042,0.3246649205684662
YML031W,YOR273C,0,1.5895044,0.20064008235931396,0.8133732676506042,0.3247649669647217
YNL271C,YCR038C,1,1.5892863,0.20083682239055634,0.8143712282180786,0.3247649669647217
YOR217W,YCR070W,0,1.5892574,0.20078739523887634,0.8143712282180786,0.3248649835586548
YLR010C,YHR115C,0,1.5865319,0.20073801279067993,0.8143712282180786,0.3249650001525879
YNR043W,YDL105W,0,1.5864978,0.20068863034248352,0.8143712282180786,0.325065016746521
YIL138C,YIL075C,0,1.585916,0.2006392925977707,0.8143712282180786,0.3251650333404541
YNR050C,YOL138C,0,1.5853372,0.20058996975421906,0.8143712282180786,0.3252650499343872
YPR068C,YCR066W,0,1.5853317,0.2005406767129898,0.8143712282180786,0.3253650665283203
YJL137C,YJR067C,0,1.5843638,0.20049139857292175,0.8143712282180786,0.3254650831222534
YLR453C,YER153C,0,1.5786358,0.2004421502351761,0.8143712282180786,0.3255650997161865
YDR055W,YGR087C,0,1.5778148,0.2003929316997528,0.8143712282180786,0.325665146112442
YCR044C,YNL256W,0,1.5771525,0.20034372806549072,0.8143712282180786,0.3257651627063751
YJL170C,YDR243C,0,1.5770366,0.20029455423355103,0.8143712282180786,0.3258651793003082
YOR005C,YER016W,0,1.5767063,0.20024539530277252,0.8143712282180786,0.32596519589424133
YBR065C,YNL306W,0,1.5753729,0.2001962661743164,0.8143712282180786,0.32606521248817444
YDL064W,YPL038W,0,1.5752654,0.20014716684818268,0.8143712282180786,0.32616522908210754
YBL005W-A,YLR306W,0,1.5745963,0.20009808242321014,0.8143712282180786,0.32626524567604065
YCL010C,YAR071W,0,1.5735052,0.20004902780056,0.8143712282180786,0.32636526226997375
YLR312C-B,YNL068C,1,1.5715394,0.20024509727954865,0.8153692483901978,0.32636526226997375
YOL092W,YPL038W,0,1.5710466,0.2001960277557373,0.8153692483901978,0.32646527886390686
YML047C,YEL077C,0,1.5702957,0.20014698803424835,0.8153692483901978,0.32656532526016235
YIL037C,YHR139C,0,1.5690695,0.2000979632139206,0.8153692483901978,0.32666534185409546
YLR417W,YPL029W,0,1.5686762,0.20004896819591522,0.8153692483901978,0.32676535844802856
YOR060C,YKL112W,0,1.5676023,0.20000000298023224,0.8153692483901978,0.32686537504196167
YJR010C-A,YGL053W,0,1.5675601,0.19995105266571045,0.8153692483901978,0.3269653916358948
YNL177C,YLR372W,0,1.5675291,0.19990213215351105,0.8153692483901978,0.3270654082298279
YOL110W,YKL040C,0,1.5645841,0.19985322654247284,0.8153692483901978,0.327165424823761
YDR501W,YGR154C,0,1.563654,0.19980435073375702,0.8153692483901978,0.3272654414176941
YDR096W,YGL039W,0,1.5636191,0.1997555047273636,0.8153692483901978,0.3273654878139496
YOL032W,YPL026C,0,1.5634933,0.19970667362213135,0.8153692483901978,0.3274655044078827
YJL089W,YKR042W,0,1.563302,0.1996578723192215,0.8153692483901978,0.3275655210018158
YJR147W,YHR084W,1,1.5614052,0.19985340535640717,0.8163672685623169,0.3275655210018158
YOL031C,YDR255C,0,1.560975,0.19980458915233612,0.8163672685623169,0.3276655375957489
YDR382W,YLR242C,0,1.5591731,0.19975580275058746,0.8163672685623169,0.327765554189682
YKL063C,YKR097W,0,1.5587761,0.19970703125,0.8163672685623169,0.3278655707836151
YDR538W,YAL034W-A,0,1.5575638,0.19965828955173492,0.8163672685623169,0.3279655873775482
YER023W,YFR034C,0,1.5574987,0.19960956275463104,0.8163672685623169,0.3280656039714813
YGR097W,YML126C,0,1.5568777,0.19956086575984955,0.8163672685623169,0.32816562056541443
YMR021C,YBL005W,0,1.5568247,0.19951219856739044,0.8163672685623169,0.3282656669616699
YGR086C,YKR100C,0,1.5567485,0.19946354627609253,0.8163672685623169,0.328365683555603
YIL078W,YPL038W,0,1.5566394,0.199414923787117,0.8163672685623169,0.32846570014953613
YPL016W,YIR026C,0,1.5564163,0.19936631619930267,0.8163672685623169,0.32856571674346924
YNL065W,YBR153W,0,1.553959,0.19931773841381073,0.8163672685623169,0.32866573333740234
YDL231C,YBR221C,0,1.5533386,0.19926919043064117,0.8163672685623169,0.32876574993133545
YKR009C,YPL108W,0,1.5532148,0.1992206573486328,0.8163672685623169,0.32886576652526855
YPL138C,YBR060C,0,1.547535,0.19917213916778564,0.8163672685623169,0.32896578311920166
YJL127C,YLL010C,0,1.5467837,0.19912366569042206,0.8163672685623169,0.32906579971313477
YIL040W,YGL142C,0,1.5467641,0.19907520711421967,0.8163672685623169,0.32916584610939026
YDL087C,YML133C,0,1.5437939,0.19902676343917847,0.8163672685623169,0.32926586270332336
YOR037W,YLR292C,0,1.5431485,0.19897834956645966,0.8163672685623169,0.32936587929725647
YLL038C,YCL011C,0,1.5422697,0.19892996549606323,0.8163672685623169,0.3294658958911896
YML085C,YDL189W,0,1.5399212,0.198881596326828,0.8163672685623169,0.3295659124851227
YDL035C,YER113C,1,1.5352445,0.1990763247013092,0.817365288734436,0.3295659124851227
YCL067C,YGL168W,0,1.5331781,0.19902794063091278,0.817365288734436,0.3296659290790558
YIL041W,YHL001W,0,1.5323533,0.19897958636283875,0.817365288734436,0.3297659456729889
YOR262W,YBR001C,0,1.5318229,0.1989312618970871,0.817365288734436,0.329865962266922
YGL190C,YOR127W,1,1.5299244,0.19912579655647278,0.8183632493019104,0.329865962266922
YKR075C,YMR105C,0,1.5288512,0.19907744228839874,0.8183632493019104,0.3299659788608551
YJR058C,YDL139C,0,1.5278684,0.1990291327238083,0.8183632493019104,0.3300660252571106
YHL002W,YFR004W,0,1.5261596,0.19898082315921783,0.8183632493019104,0.3301660418510437
YDR347W,YER044C-A,0,1.5259335,0.19893255829811096,0.8183632493019104,0.3302660584449768
YOR080W,YGR094W,0,1.5258707,0.19888430833816528,0.8183632493019104,0.3303660750389099
YBL088C,YCL062W,0,1.5234231,0.198836088180542,0.8183632493019104,0.330466091632843
YDR212W,YML076C,0,1.5232226,0.1987878829240799,0.8183632493019104,0.3305661082267761
YPR048W,YHR079C-B,0,1.522846,0.198739692568779,0.8183632493019104,0.33066612482070923
YAL041W,YMR238W,1,1.5211133,0.19893385469913483,0.8193612694740295,0.33066612482070923
YDR050C,YIL084C,0,1.5205908,0.19888566434383392,0.8193612694740295,0.33076614141464233
YGR092W,YMR047C,0,1.5196906,0.1988374888896942,0.8193612694740295,0.3308661878108978
YKL039W,YDL117W,0,1.5179754,0.1987893432378769,0.8193612694740295,0.33096620440483093
YER119C,YKR099C-A,0,1.5171387,0.19874122738838196,0.8193612694740295,0.33106622099876404
YHR073W,YKL149C,1,1.5164633,0.1989351361989975,0.8203592896461487,0.33106622099876404
YGL120C,YDR002W,0,1.5163565,0.19888700544834137,0.8203592896461487,0.33116623759269714
YGR071C,YBR290W,0,1.5161592,0.19883888959884644,0.8203592896461487,0.33126625418663025
YNL001W,YNL119W,1,1.514152,0.19903264939785004,0.8213573098182678,0.33126625418663025
YOR298C-A,YDR334W,0,1.5127661,0.1989845335483551,0.8213573098182678,0.33136627078056335
YNL315C,YKL035W,0,1.5126954,0.19893643260002136,0.8213573098182678,0.33146628737449646
YOL088C,YPL239W,0,1.512355,0.19888834655284882,0.8213573098182678,0.33156630396842957
YNR052C,YDR091C,0,1.5117925,0.19884030520915985,0.8213573098182678,0.33166632056236267
YAL030W,YPR174C,0,1.5116179,0.1987922638654709,0.8213573098182678,0.33176636695861816
YLR102C,YNL037C,0,1.5104305,0.1987442672252655,0.8213573098182678,0.33186638355255127
YDR392W,YNL001W,1,1.5100582,0.19893771409988403,0.8223552703857422,0.33186638355255127
YML094W,YHR079C-B,0,1.5077882,0.19888968765735626,0.8223552703857422,0.3319664001464844
YBL100W-A,YOR156C,0,1.5058528,0.19884170591831207,0.8223552703857422,0.3320664167404175
YJL078C,YML086C,0,1.5057007,0.19879372417926788,0.8223552703857422,0.3321664333343506
YJR049C,YNL086W,0,1.5047519,0.19874577224254608,0.8223552703857422,0.3322664499282837
YER129W,YAR050W,0,1.5036473,0.19869785010814667,0.8223552703857422,0.3323664665222168
YJL154C,YNL090W,0,1.5006745,0.19864995777606964,0.8223552703857422,0.3324664831161499
YBR215W,YLR337C,0,1.4995736,0.19860206544399261,0.8223552703857422,0.332566499710083
YKL016C,YNL191W,0,1.4964198,0.19855421781539917,0.8223552703857422,0.3326665461063385
YOR262W,YKR029C,0,1.4962735,0.19850638508796692,0.8223552703857422,0.3327665627002716
YDR080W,YJL052W,0,1.4960304,0.19845856726169586,0.8223552703857422,0.3328665792942047
YML070W,YAR050W,0,1.4950695,0.1984107941389084,0.8223552703857422,0.3329665958881378
YHL008C,YJR093C,0,1.493981,0.1983630210161209,0.8223552703857422,0.3330666124820709
YLL016W,YJR014W,0,1.4936639,0.19831527769565582,0.8223552703857422,0.33316662907600403
YPL008W,YDR482C,0,1.492013,0.19826756417751312,0.8223552703857422,0.33326664566993713
YDL031W,YGR123C,0,1.4917605,0.19821986556053162,0.8223552703857422,0.33336666226387024
YJL143W,YNL045W,0,1.4915562,0.1981721967458725,0.8223552703857422,0.33346667885780334
YFR010W,YGR284C,0,1.4906896,0.19812454283237457,0.8223552703857422,0.33356672525405884
YLR083C,YDL033C,0,1.4903829,0.19807691872119904,0.8223552703857422,0.33366674184799194
YKR022C,YDR128W,0,1.4900849,0.1980293244123459,0.8223552703857422,0.33376675844192505
YML021C,YER031C,0,1.4861252,0.19798174500465393,0.8223552703857422,0.33386677503585815
YKL192C,YCR094W,0,1.4851115,0.19793418049812317,0.8223552703857422,0.33396679162979126
YGR040W,YML133C,0,1.4848735,0.1978866457939148,0.8223552703857422,0.33406680822372437
YIR006C,YLR248W,0,1.484369,0.1978391408920288,0.8223552703857422,0.33416682481765747
YBR012W-B,YGR002C,0,1.4838346,0.19779165089130402,0.8223552703857422,0.3342668414115906
YMR166C,YNL194C,0,1.4810512,0.19774417579174042,0.8223552703857422,0.33436688780784607
YHR134W,YPL255W,0,1.4791352,0.1976967304944992,0.8223552703857422,0.3344669044017792
YFL034C-A,YGR235C,0,1.4790654,0.19764931499958038,0.8223552703857422,0.3345669209957123
YDR308C,YIL173W,0,1.4780633,0.19760191440582275,0.8223552703857422,0.3346669375896454
YDR047W,YML087C,0,1.4760814,0.1975545436143875,0.8223552703857422,0.3347669541835785
YEL055C,YPL138C,0,1.4759698,0.19750718772411346,0.8223552703857422,0.3348669707775116
YGR156W,YGR076C,0,1.4754927,0.1974598616361618,0.8223552703857422,0.3349669873714447
YBL040C,YMR244C-A,0,1.4754649,0.19741255044937134,0.8223552703857422,0.3350670039653778
YPL040C,YER073W,0,1.475453,0.19736526906490326,0.8223552703857422,0.3351670205593109
YDR127W,YMR281W,0,1.475294,0.19731800258159637,0.8223552703857422,0.3352670669555664
YLR139C,YFL034C-B,0,1.4722041,0.19727076590061188,0.8223552703857422,0.3353670835494995
YOR260W,YEL006W,0,1.4713402,0.19722355902194977,0.8223552703857422,0.3354671001434326
YKR052C,YML096W,0,1.468721,0.19717635214328766,0.8223552703857422,0.3355671167373657
YHR170W,YLR060W,0,1.4686482,0.19712918996810913,0.8223552703857422,0.33566713333129883
YER026C,YLR399C,0,1.4685717,0.1970820426940918,0.8223552703857422,0.33576714992523193
YPL280W,YPR032W,0,1.4682168,0.19703491032123566,0.8223552703857422,0.33586716651916504
YIL030C,YLR320W,0,1.466118,0.1969878077507019,0.8223552703857422,0.33596718311309814
YGL005C,YOR032C,0,1.4628508,0.19694072008132935,0.8223552703857422,0.33606719970703125
YDR500C,YBR082C,0,1.4626245,0.19689366221427917,0.8223552703857422,0.33616724610328674
YJL083W,YNR016C,0,1.4620843,0.1968466341495514,0.8223552703857422,0.33626726269721985
YIL138C,YER065C,0,1.4616786,0.1967996209859848,0.8223552703857422,0.33636727929115295
YDR100W,YCR020W-B,0,1.4609417,0.1967526227235794,0.8223552703857422,0.33646729588508606
YKL026C,YNL301C,0,1.4600731,0.1967056542634964,0.8223552703857422,0.33656731247901917
YJR132W,YEL003W,0,1.4595783,0.19665871560573578,0.8223552703857422,0.33666732907295227
YER160C,YHR166C,0,1.4591769,0.19661179184913635,0.8223552703857422,0.3367673456668854
YJR025C,YMR293C,0,1.4573951,0.19656488299369812,0.8223552703857422,0.3368673622608185
YFL049W,YDR338C,0,1.4569782,0.19651800394058228,0.8223552703857422,0.3369673788547516
YDL132W,YHR102W,0,1.4566476,0.19647115468978882,0.8223552703857422,0.3370674252510071
YJL045W,YJL208C,0,1.4560091,0.19642432034015656,0.8223552703857422,0.3371674418449402
YHR072W-A,YJL003W,0,1.4555755,0.19637750089168549,0.8223552703857422,0.3372674584388733
YDR200C,YMR298W,0,1.4527353,0.1963307112455368,0.8223552703857422,0.3373674750328064
YLL031C,YAL059W,0,1.449284,0.1962839514017105,0.8223552703857422,0.3374674916267395
YHL004W,YPL145C,0,1.4476893,0.1962372064590454,0.8223552703857422,0.3375675082206726
YGR014W,YIL136W,0,1.4476509,0.1961904764175415,0.8223552703857422,0.3376675248146057
YLR310C,YER028C,0,1.4472816,0.19614377617835999,0.8223552703857422,0.3377675414085388
YFL035C-B,YHR099W,0,1.4471939,0.19609709084033966,0.8223552703857422,0.3378675878047943
YBL036C,YOR293W,0,1.4460247,0.19605043530464172,0.8223552703857422,0.3379676043987274
YBL093C,YMR035W,0,1.4449495,0.19600380957126617,0.8223552703857422,0.3380676209926605
YNL243W,YHR178W,0,1.4447877,0.19595719873905182,0.8223552703857422,0.33816763758659363
YHR181W,YHR176W,0,1.4436626,0.19591060280799866,0.8223552703857422,0.33826765418052673
YKL096W,YER086W,0,1.4435536,0.19586403667926788,0.8223552703857422,0.33836767077445984
YNR055C,YBR299W,0,1.4430778,0.1958174854516983,0.8223552703857422,0.33846768736839294
YOR132W,YML110C,0,1.4429743,0.1957709640264511,0.8223552703857422,0.33856770396232605
YPL097W,YHR043C,0,1.4421737,0.1957244724035263,0.8223552703857422,0.33866772055625916
YLL039C,YML081W,0,1.4397972,0.1956779807806015,0.8223552703857422,0.33876776695251465
YDR047W,YGL001C,0,1.4394326,0.19563153386116028,0.8223552703857422,0.33886778354644775
YAL011W,YBR286W,0,1.4390168,0.19558508694171906,0.8223552703857422,0.33896780014038086
YLL048C,YER110C,0,1.438307,0.1955386847257614,0.8223552703857422,0.33906781673431396
YNL123W,YML069W,0,1.4372454,0.19549228250980377,0.8223552703857422,0.33916783332824707
YBR286W,YCL063W,0,1.4352342,0.1954459249973297,0.8223552703857422,0.3392678499221802
YDL236W,YPL239W,0,1.4348972,0.19539956748485565,0.8223552703857422,0.3393678665161133
YDR130C,YNL216W,0,1.4330852,0.19535325467586517,0.8223552703857422,0.3394678831100464
YPL058C,YPR102C,0,1.432682,0.1953069418668747,0.8223552703857422,0.3395678997039795
YHL021C,YFL034C-B,0,1.4321365,0.1952606588602066,0.8223552703857422,0.339667946100235
YPR018W,YJL101C,0,1.4307699,0.1952144056558609,0.8223552703857422,0.3397679626941681
YDR194C,YDL007W,0,1.4303579,0.1951681673526764,0.8223552703857422,0.3398679792881012
YLR306W,YER094C,0,1.4298645,0.19512194395065308,0.8223552703857422,0.3399679958820343
YHR081W,YDR033W,0,1.4294829,0.19507575035095215,0.8223552703857422,0.3400680124759674
YOR182C,YOL144W,0,1.4280434,0.1950295865535736,0.8223552703857422,0.3401680290699005
YOR002W,YOR354C,0,1.4277648,0.19498343765735626,0.8223552703857422,0.3402680456638336
YJL143W,YOR293W,0,1.4276733,0.1949373036623001,0.8223552703857422,0.3403680622577667
YML063W,YEL001C,0,1.427232,0.19489119946956635,0.8223552703857422,0.34046807885169983
YDR113C,YJL133W,0,1.4251631,0.19484511017799377,0.8223552703857422,0.3405681252479553
YER023W,YOR101W,0,1.4223064,0.1947990506887436,0.8223552703857422,0.3406681418418884
YOR262W,YJR093C,0,1.4219347,0.1947530061006546,0.8223552703857422,0.34076815843582153
YBR100W,YNR051C,0,1.4215254,0.194706991314888,0.8223552703857422,0.34086817502975464
YIL157C,YMR207C,0,1.4215214,0.1946609914302826,0.8223552703857422,0.34096819162368774
YPL241C,YPR104C,0,1.4211724,0.19461502134799957,0.8223552703857422,0.34106820821762085
YAL008W,YNL031C,0,1.4210322,0.19456906616687775,0.8223552703857422,0.34116822481155396
YNL079C,YNL271C,1,1.4205248,0.19475920498371124,0.8233532905578613,0.34116822481155396
YLR238W,YER139C,0,1.4197911,0.19471323490142822,0.8233532905578613,0.34126824140548706
YLR225C,YOR044W,0,1.4191841,0.1946672946214676,0.8233532905578613,0.34136828780174255
YMR238W,YDR099W,1,1.4190739,0.19485728442668915,0.8243513107299805,0.34136828780174255
YMR177W,YPR008W,0,1.4176065,0.19481131434440613,0.8243513107299805,0.34146830439567566
YNR032C-A,YFL039C,0,1.4169443,0.1947653889656067,0.8243513107299805,0.34156832098960876
YJL198W,YKR090W,0,1.4153572,0.19471947848796844,0.8243513107299805,0.34166833758354187
YDR141C,YER120W,0,1.4145906,0.1946735829114914,0.8243513107299805,0.341768354177475
YNL081C,YHR194W,0,1.4138709,0.19462771713733673,0.8243513107299805,0.3418683707714081
YBR216C,YJL094C,0,1.4112611,0.19458186626434326,0.8243513107299805,0.3419683873653412
YBR087W,YLR424W,0,1.4107751,0.194536030292511,0.8243513107299805,0.3420684039592743
YIL138C,YML066C,0,1.4100184,0.1944902241230011,0.8243513107299805,0.3421684205532074
YBR149W,YDL064W,0,1.4085846,0.1944444477558136,0.8243513107299805,0.3422684669494629
YBR211C,YIL087C,0,1.4085689,0.1943986862897873,0.8243513107299805,0.342368483543396
YOR272W,YNL164C,0,1.4084227,0.19435293972492218,0.8243513107299805,0.3424685001373291
YPL236C,YCL063W,0,1.4072549,0.19430722296237946,0.8243513107299805,0.3425685167312622
YGR120C,YIL087C,0,1.4066093,0.19426152110099792,0.8243513107299805,0.3426685333251953
YDR052C,YAL007C,0,1.4052052,0.19421584904193878,0.8243513107299805,0.3427685499191284
YHR207C,YOR175C,0,1.404736,0.19417019188404083,0.8243513107299805,0.3428685665130615
YGL171W,YDL138W,0,1.4043987,0.19412456452846527,0.8243513107299805,0.34296858310699463
YLR353W,YLL021W,1,1.4033462,0.1943139135837555,0.8253493309020996,0.34296858310699463
YLR106C,YPR094W,0,1.4022338,0.19426827132701874,0.8253493309020996,0.34306859970092773
YJL044C,YGR224W,0,1.4009033,0.19422264397144318,0.8253493309020996,0.3431686460971832
YML046W,YBR034C,0,1.400721,0.1941770315170288,0.8253493309020996,0.34326866269111633
YOR368W,YOR129C,0,1.4005059,0.19413144886493683,0.8253493309020996,0.34336867928504944
YHL032C,YDR482C,0,1.3999673,0.19408589601516724,0.8253493309020996,0.34346869587898254
YGL223C,YDR022C,0,1.3992884,0.19404035806655884,0.8253493309020996,0.34356871247291565
YIL072W,YDR394W,0,1.39925,0.19399483501911163,0.8253493309020996,0.34366872906684875
YCL027C-A,YHL015W,0,1.3986567,0.19394934177398682,0.8253493309020996,0.34376874566078186
YER161C,YJR086W,0,1.3964314,0.1939038634300232,0.8253493309020996,0.34386876225471497
YLR032W,YGR094W,0,1.3962746,0.19385841488838196,0.8253493309020996,0.34396880865097046
YOR315W,YER108C,1,1.3962739,0.19404734671115875,0.826347291469574,0.34396880865097046
YMR244C-A,YGL059W,0,1.3946599,0.19400186836719513,0.826347291469574,0.34406882524490356
YLR022C,YPL084W,0,1.3946291,0.1939564347267151,0.826347291469574,0.34416884183883667
YKL042W,YFR040W,0,1.3929677,0.19391100108623505,0.826347291469574,0.3442688584327698
YHL002W,YPL234C,0,1.3927422,0.1938656121492386,0.826347291469574,0.3443688750267029
YJR147W,YNL142W,1,1.3921118,0.19405430555343628,0.8273453116416931,0.3443688750267029
YKL063C,YJL092W,0,1.3910891,0.19400888681411743,0.8273453116416931,0.344468891620636
YCR027C,YCL045C,0,1.3910823,0.19396349787712097,0.8273453116416931,0.3445689082145691
YKR077W,YGR275W,0,1.39104,0.1939181238412857,0.8273453116416931,0.3446689248085022
YKL135C,YER060W,0,1.3909531,0.19387277960777283,0.8273453116416931,0.3447689414024353
YPL226W,YLR061W,0,1.3907609,0.19382745027542114,0.8273453116416931,0.3448689877986908
YBL024W,YMR217W,0,1.3895485,0.19378213584423065,0.8273453116416931,0.3449690043926239
YMR042W,YMR313C,0,1.386857,0.19373685121536255,0.8273453116416931,0.345069020986557
YDL174C,YLR061W,0,1.3856497,0.19369158148765564,0.8273453116416931,0.3451690375804901
YJR066W,YNL287W,0,1.3854622,0.19364634156227112,0.8273453116416931,0.3452690541744232
YCL057C-A,YER053C,0,1.3844359,0.1936011165380478,0.8273453116416931,0.3453690707683563
YBR066C,YNL142W,1,1.3838742,0.19378939270973206,0.8283433318138123,0.3453690707683563
YJR043C,YDR175C,0,1.3833135,0.19374416768550873,0.8283433318138123,0.34546908736228943
YMR012W,YLL038C,0,1.3795133,0.1936989426612854,0.8283433318138123,0.34556910395622253
YJL145W,YDL130W,0,1.3790984,0.19365376234054565,0.8283433318138123,0.34566912055015564
YMR156C,YHR081W,0,1.3781679,0.1936085820198059,0.8283433318138123,0.34576916694641113
YLR341W,YDR163W,0,1.3779416,0.19356343150138855,0.8283433318138123,0.34586918354034424
YPL105C,YKL024C,0,1.3756416,0.19351829588413239,0.8283433318138123,0.34596920013427734
YJL118W,YOR383C,0,1.3752501,0.1934731900691986,0.8283433318138123,0.34606921672821045
YNL166C,YPR122W,0,1.3737215,0.19342809915542603,0.8283433318138123,0.34616923332214355
YFR025C,YCR094W,0,1.3730332,0.19338303804397583,0.8283433318138123,0.34626924991607666
YLR439W,YBR058C-A,0,1.3729006,0.19333799183368683,0.8283433318138123,0.34636926651000977
YNL213C,YPL106C,0,1.3710785,0.19329296052455902,0.8283433318138123,0.34646928310394287
YOR027W,YLR057W,0,1.370924,0.1932479590177536,0.8283433318138123,0.346569299697876
YKL222C,YLR023C,0,1.3700342,0.19320297241210938,0.8283433318138123,0.34666934609413147
YNL298W,YNL098C,1,1.3691778,0.19339074194431305,0.8293412923812866,0.34666934609413147
YHR153C,YPL074W,0,1.3686675,0.19334574043750763,0.8293412923812866,0.3467693626880646
YFR040W,YLR256W,0,1.3665743,0.1933007687330246,0.8293412923812866,0.3468693792819977
YNL180C,YGL064C,0,1.3665203,0.19325581192970276,0.8293412923812866,0.3469693958759308
YDR323C,YGR292W,0,1.3654437,0.1932108849287033,0.8293412923812866,0.3470694124698639
YIR015W,YOR241W,0,1.3651739,0.19316597282886505,0.8293412923812866,0.347169429063797
YPL037C,YBL090W,0,1.3633547,0.193121075630188,0.8293412923812866,0.3472694456577301
YFL034C-A,YHR188C,0,1.3627602,0.1930762082338333,0.8293412923812866,0.3473694622516632
YCR069W,YMR074C,0,1.3619875,0.19303135573863983,0.8293412923812866,0.3474695086479187
YKL026C,YIL167W,0,1.3607333,0.19298653304576874,0.8293412923812866,0.3475695252418518
YPL036W,YGR024C,0,1.3606572,0.19294172525405884,0.8293412923812866,0.3476695418357849
YEL018W,YDL007W,0,1.3605872,0.19289693236351013,0.8293412923812866,0.347769558429718
YJL028W,YDL042C,0,1.358376,0.1928521692752838,0.8293412923812866,0.3478695750236511
YBR162W-A,YBR065C,0,1.3575873,0.1928074210882187,0.8293412923812866,0.34796959161758423
YGL097W,YKR065C,0,1.3555946,0.19276270270347595,0.8293412923812866,0.34806960821151733
YMR286W,YPL117C,0,1.355523,0.1927179992198944,0.8293412923812866,0.34816962480545044
YIL041W,YCL068C,0,1.353947,0.19267331063747406,0.8293412923812866,0.34826964139938354
YDR273W,YDR105C,0,1.3536825,0.1926286518573761,0.8293412923812866,0.34836968779563904
YMR211W,YOR156C,0,1.3536236,0.19258400797843933,0.8293412923812866,0.34846970438957214
YMR251W-A,YPR173C,0,1.3532199,0.19253939390182495,0.8293412923812866,0.34856972098350525
YGL053W,YKL199C,0,1.3526294,0.19249479472637177,0.8293412923812866,0.34866973757743835
YDL134C-A,YER112W,0,1.3518395,0.19245021045207977,0.8293412923812866,0.34876975417137146
YOL135C,YNL048W,0,1.3436196,0.19240565598011017,0.8293412923812866,0.34886977076530457
YIR009W,YDL210W,0,1.3424116,0.19236111640930176,0.8293412923812866,0.34896978735923767
YDR392W,YER109C,1,1.3422581,0.1925480216741562,0.8303393125534058,0.34896978735923767
YDR462W,YJR084W,0,1.3412433,0.19250346720218658,0.8303393125534058,0.3490698039531708
YFL039C,YBL025W,0,1.3411174,0.19245894253253937,0.8303393125534058,0.3491698205471039
YLL015W,YBR098W,0,1.3409748,0.19241443276405334,0.8303393125534058,0.3492698669433594
YDR141C,YLR340W,0,1.338868,0.19236993789672852,0.8303393125534058,0.3493698835372925
YGR283C,YNL186W,0,1.3382537,0.19232547283172607,0.8303393125534058,0.3494699001312256
YDR540C,YOL095C,0,1.337601,0.19228102266788483,0.8303393125534058,0.3495699167251587
YOL152W,YOR034C,0,1.337278,0.19223660230636597,0.8303393125534058,0.3496699333190918
YNL271C,YKL048C,1,1.3350844,0.19242319464683533,0.8313373327255249,0.3496699333190918
YBR035C,YDR312W,0,1.3348446,0.19237875938415527,0.8313373327255249,0.3497699499130249
YOR087W,YER164W,0,1.3344865,0.1923343390226364,0.8313373327255249,0.349869966506958
YKL155C,YDL006W,0,1.3321463,0.19228993356227875,0.8313373327255249,0.3499699831008911
YNR061C,YCL001W,0,1.3316506,0.19224555790424347,0.8313373327255249,0.3500699996948242
YHR140W,YNL336W,0,1.3306617,0.19220119714736938,0.8313373327255249,0.3501700460910797
YNR037C,YBL023C,0,1.3303349,0.1921568661928177,0.8313373327255249,0.3502700626850128
YGL097W,YLR451W,0,1.3300688,0.19211255013942719,0.8313373327255249,0.3503700792789459
YGR205W,YDR075W,0,1.3291806,0.19206824898719788,0.8313373327255249,0.35047009587287903
YGR278W,YPL194W,0,1.3274517,0.19202397763729095,0.8313373327255249,0.35057011246681213
YHR011W,YDR039C,0,1.3268435,0.19197972118854523,0.8313373327255249,0.35067012906074524
YOR030W,YNL068C,1,1.3267429,0.19216589629650116,0.832335352897644,0.35067012906074524
YDR421W,YML048W,0,1.3263831,0.19212162494659424,0.832335352897644,0.35077014565467834
YDL076C,YOL068C,0,1.323434,0.1920773833990097,0.832335352897644,0.35087016224861145
YGR271C-A,YER099C,0,1.3228862,0.19203315675258636,0.832335352897644,0.35097020864486694
YCL057C-A,YCR024C-A,0,1.3225073,0.19198894500732422,0.832335352897644,0.35107022523880005
YPL246C,YLR336C,0,1.3208767,0.19194476306438446,0.832335352897644,0.35117024183273315
YGR006W,YDR163W,0,1.3200123,0.1919005960226059,0.832335352897644,0.35127025842666626
YAL041W,YDR004W,0,1.3196083,0.19185645878314972,0.832335352897644,0.35137027502059937
YHR001W,YJR077C,0,1.319094,0.19181232154369354,0.832335352897644,0.35147029161453247
YCR065W,YKL017C,0,1.3186659,0.19176822900772095,0.832335352897644,0.3515703082084656
YHR102W,YGL155W,0,1.3184133,0.19172413647174835,0.832335352897644,0.3516703248023987
YDL117W,YNL118C,0,1.3182967,0.19168007373809814,0.832335352897644,0.3517703413963318
YHL024W,YLR039C,0,1.3179564,0.19163602590560913,0.832335352897644,0.3518703877925873
YBR253W,YLR274W,0,1.3179187,0.1915920078754425,0.832335352897644,0.3519704043865204
YLR399C,YOR241W,0,1.317167,0.19154800474643707,0.832335352897644,0.3520704209804535
YPR134W,YKL092C,0,1.3148046,0.19150401651859283,0.832335352897644,0.3521704375743866
YBR069C,YLL036C,0,1.3147626,0.19146005809307098,0.832335352897644,0.3522704541683197
YPR104C,YDL139C,0,1.313947,0.19141611456871033,0.832335352897644,0.3523704707622528
YHR023W,YGR292W,0,1.3135517,0.19137218594551086,0.832335352897644,0.3524704873561859
YOL080C,YMR161W,0,1.3134202,0.1913282871246338,0.832335352897644,0.352570503950119
YJR102C,YJL090C,0,1.3129786,0.1912844032049179,0.832335352897644,0.3526705205440521
YBR239C,YDL240W,0,1.3124712,0.19124053418636322,0.832335352897644,0.3527705669403076
YOR357C,YOR217W,0,1.3112006,0.19119669497013092,0.832335352897644,0.3528705835342407
YMR238W,YMR316W,1,1.3102088,0.19138208031654358,0.8333333134651184,0.3528705835342407
YER071C,YGR035C,0,1.3091726,0.19133822619915009,0.8333333134651184,0.35297060012817383
YNR073C,YDR320C,0,1.3087492,0.19129438698291779,0.8333333134651184,0.35307061672210693
YBR131W,YDR142C,0,1.306377,0.19125057756900787,0.8333333134651184,0.35317063331604004
YDR477W,YKL149C,1,1.305973,0.191435769200325,0.8343313336372375,0.35317063331604004
YLR312C-B,YHR011W,1,1.30544,0.19162088632583618,0.8353293538093567,0.35317063331604004
YDR301W,YLR067C,0,1.305281,0.1915770173072815,0.8353293538093567,0.35327064990997314
YBR162C,YDR452W,0,1.3035587,0.1915331780910492,0.8353293538093567,0.35337066650390625
YBR211C,YLR045C,0,1.3025061,0.19148936867713928,0.8353293538093567,0.35347068309783936
YDR054C,YGL076C,0,1.302206,0.19144555926322937,0.8353293538093567,0.35357069969177246
YLR304C,YKL101W,0,1.3020604,0.19140177965164185,0.8353293538093567,0.35367074608802795
YPR156C,YNL325C,0,1.3018827,0.1913580298423767,0.8353293538093567,0.35377076268196106
YNR038W,YML096W,0,1.3017926,0.19131428003311157,0.8353293538093567,0.35387077927589417
YDR477W,YNL271C,1,1.300905,0.19149908423423767,0.8363273739814758,0.35387077927589417
YOR362C,YGR023W,0,1.3005993,0.19145533442497253,0.8363273739814758,0.35397079586982727
YDL012C,YDR122W,0,1.2953408,0.1914115995168686,0.8363273739814758,0.3540708124637604
YAL041W,YOR321W,0,1.2951382,0.19136789441108704,0.8363273739814758,0.3541708290576935
YJR015W,YCL033C,0,1.2936239,0.19132420420646667,0.8363273739814758,0.3542708456516266
YKL181W,YOR217W,0,1.2905152,0.1912805289030075,0.8363273739814758,0.3543708622455597
YOL086W-A,YMR011W,0,1.2890329,0.19123688340187073,0.8363273739814758,0.3544709086418152
YML123C,YHR188C,0,1.2890205,0.19119325280189514,0.8363273739814758,0.3545709252357483
YER005W,YDR194C,0,1.2866431,0.19114963710308075,0.8363273739814758,0.3546709418296814
YLR315W,YOR278W,0,1.2864727,0.19110603630542755,0.8363273739814758,0.3547709584236145
YHR103W,YPR188C,0,1.2861745,0.19106246531009674,0.8363273739814758,0.3548709750175476
YOL068C,YIL105C,0,1.2838652,0.19101892411708832,0.8363273739814758,0.3549709916114807
YHR190W,YOR256C,0,1.2838001,0.1909753829240799,0.8363273739814758,0.3550710082054138
YGL192W,YMR323W,0,1.2825258,0.19093187153339386,0.8363273739814758,0.3551710247993469
YJL089W,YLR312C-B,0,1.282347,0.1908883899450302,0.8363273739814758,0.35527104139328003
YPL021W,YDL024C,1,1.2811128,0.19107264280319214,0.8373253345489502,0.35527104139328003
YPL120W,YNL164C,0,1.2806034,0.1910291463136673,0.8373253345489502,0.3553710877895355
YHR136C,YDR016C,0,1.2801583,0.19098566472530365,0.8373253345489502,0.35547110438346863
YNL056W,YDR354W,0,1.2797426,0.1909421980381012,0.8373253345489502,0.35557112097740173
YPR180W,YDR477W,0,1.2797261,0.19089874625205994,0.8373253345489502,0.35567113757133484
YML082W,YNL020C,0,1.279675,0.19085532426834106,0.8373253345489502,0.35577115416526794
YCR063W,YPL019C,0,1.2792852,0.1908119171857834,0.8373253345489502,0.35587117075920105
YDL067C,YLR284C,0,1.279007,0.1907685250043869,0.8373253345489502,0.35597118735313416
YNL164C,YOR156C,0,1.2789218,0.1907251626253128,0.8373253345489502,0.35607120394706726
YMR233W,YEL054C,0,1.2788928,0.1906818151473999,0.8373253345489502,0.35617122054100037
YNL056W,YFR014C,0,1.2783659,0.1906384974718094,0.8373253345489502,0.35627126693725586
YKR099W,YOR043W,0,1.2773415,0.19059517979621887,0.8373253345489502,0.35637128353118896
YHR141C,YDR237W,0,1.2740136,0.19055189192295074,0.8373253345489502,0.35647130012512207
YLR460C,YOR389W,0,1.2730018,0.190508633852005,0.8373253345489502,0.3565713167190552
YEL026W,YLR200W,0,1.2727596,0.19046537578105927,0.8373253345489502,0.3566713333129883
YPR103W,YDR084C,0,1.271359,0.1904221475124359,0.8373253345489502,0.3567713499069214
YDR198C,YBR043C,0,1.271062,0.19037894904613495,0.8373253345489502,0.3568713665008545
YOR018W,YMR023C,0,1.2706898,0.19033575057983398,0.8373253345489502,0.3569713830947876
YLR403W,YCR072C,0,1.2702942,0.1902925819158554,0.8373253345489502,0.3570713996887207
YOL064C,YGR224W,0,1.2688092,0.19024942815303802,0.8373253345489502,0.3571714460849762
YBR101C,YDR395W,0,1.2676235,0.19020630419254303,0.8373253345489502,0.3572714626789093
YDR348C,YOR265W,0,1.265837,0.19016319513320923,0.8373253345489502,0.3573714792728424
YLR158C,YBR280C,0,1.2657001,0.19012010097503662,0.8373253345489502,0.3574714958667755
YNL156C,YOR278W,0,1.26414,0.1900770217180252,0.8373253345489502,0.3575715124607086
YOR125C,YOL034W,0,1.2622359,0.19003397226333618,0.8373253345489502,0.3576715290546417
YGL006W,YPL228W,0,1.2618754,0.18999093770980835,0.8373253345489502,0.35777154564857483
YEL016C,YNL111C,0,1.2613561,0.1899479329586029,0.8373253345489502,0.35787156224250793
YGL190C,YOR371C,1,1.2595093,0.190131276845932,0.8383233547210693,0.35787156224250793
YDR086C,YDR129C,0,1.2591425,0.19008825719356537,0.8383233547210693,0.3579716086387634
YJL089W,YGR075C,0,1.2582091,0.19004525244235992,0.8383233547210693,0.35807162523269653
YBL055C,YOR070C,0,1.2569096,0.19000226259231567,0.8383233547210693,0.35817164182662964
YLR306W,YDL137W,0,1.2567451,0.18995928764343262,0.8383233547210693,0.35827165842056274
YGR067C,YNR012W,0,1.2560779,0.18991634249687195,0.8383233547210693,0.35837167501449585
YKL008C,YNR061C,0,1.2553229,0.18987341225147247,0.8383233547210693,0.35847169160842896
YER149C,YKL048C,1,1.254255,0.19005650281906128,0.8393213748931885,0.35847169160842896
YGR041W,YAL056W,0,1.2533379,0.1900135576725006,0.8393213748931885,0.35857170820236206
YMR045C,YER054C,0,1.2530549,0.18997062742710114,0.8393213748931885,0.35867172479629517
YBR091C,YNL099C,0,1.251818,0.18992772698402405,0.8393213748931885,0.35877174139022827
YKR092C,YDR033W,0,1.2515739,0.18988485634326935,0.8393213748931885,0.35887178778648376
YKR077W,YOR032C,0,1.251078,0.18984198570251465,0.8393213748931885,0.35897180438041687
YAL020C,YKL043W,0,1.2507656,0.18979914486408234,0.8393213748931885,0.35907182097435
YPR029C,YCR040W,0,1.2500341,0.18975631892681122,0.8393213748931885,0.3591718375682831
YDR402C,YML018C,0,1.248266,0.1897135078907013,0.8393213748931885,0.3592718541622162
YDR503C,YBR005W,0,1.2479563,0.18967072665691376,0.8393213748931885,0.3593718707561493
YGR054W,YKL060C,0,1.2457771,0.18962796032428741,0.8393213748931885,0.3594718873500824
YFL035C-B,YMR216C,0,1.2454683,0.18958520889282227,0.8393213748931885,0.3595719039440155
YGL161C,YHR188C,0,1.2449379,0.1895424872636795,0.8393213748931885,0.3596719205379486
YKL221W,YDR227W,0,1.2440724,0.18949978053569794,0.8393213748931885,0.3597719669342041
YPL140C,YHR079C-B,0,1.2427632,0.18945708870887756,0.8393213748931885,0.3598719835281372
YLR067C,YBR102C,0,1.2418922,0.18941441178321838,0.8393213748931885,0.3599720001220703
YCL061C,YJL108C,0,1.2411772,0.1893717646598816,0.8393213748931885,0.3600720167160034
YIL127C,YDR515W,0,1.2402256,0.189329132437706,0.8393213748931885,0.3601720333099365
YDR421W,YKL112W,0,1.2388386,0.1892865151166916,0.8393213748931885,0.36027204990386963
YLR040C,YGR277C,0,1.2387934,0.18924392759799957,0.8393213748931885,0.36037206649780273
YGR040W,YLR259C,0,1.237775,0.18920135498046875,0.8393213748931885,0.36047208309173584
YDR045C,YDR301W,0,1.2370095,0.18915879726409912,0.8393213748931885,0.36057209968566895
YJL170C,YLR085C,0,1.2357323,0.18911625444889069,0.8393213748931885,0.36067214608192444
YMR092C,YDR320C-A,0,1.2356136,0.18907374143600464,0.8393213748931885,0.36077216267585754
YKR089C,YOL096C,0,1.2333167,0.18903124332427979,0.8393213748931885,0.36087217926979065
YCL029C,YKR034W,0,1.232737,0.18898876011371613,0.8393213748931885,0.36097219586372375
YLR154W-C,YJL162C,0,1.2314059,0.18894630670547485,0.8393213748931885,0.36107221245765686
YOR258W,YBR244W,0,1.229537,0.18890386819839478,0.8393213748931885,0.36117222905158997
YNL130C,YDL007W,0,1.2294881,0.1888614445924759,0.8393213748931885,0.36127224564552307
YOL021C,YBR204C,0,1.2291087,0.1888190358877182,0.8393213748931885,0.3613722622394562
YPL254W,YGR133W,0,1.229047,0.1887766569852829,0.8393213748931885,0.36147230863571167
YER133W,YER123W,0,1.2289581,0.1887342929840088,0.8393213748931885,0.3615723252296448
YNL115C,YDL146W,0,1.2280419,0.18869194388389587,0.8393213748931885,0.3616723418235779
YFL026W,YJL123C,0,1.2268443,0.18864962458610535,0.8393213748931885,0.361772358417511
YBR126C,YBR040W,0,1.2256441,0.18860730528831482,0.8393213748931885,0.3618723750114441
YOR319W,YPR148C,0,1.2254567,0.18856501579284668,0.8393213748931885,0.3619723916053772
YDL113C,YEL047C,0,1.2241663,0.18852275609970093,0.8393213748931885,0.3620724081993103
YAR066W,YER019W,0,1.2237667,0.18848049640655518,0.8393213748931885,0.3621724247932434
YMR086W,YOR255W,0,1.2235513,0.1884382665157318,0.8393213748931885,0.3622724413871765
YML047C,YNL331C,0,1.2230281,0.18839605152606964,0.8393213748931885,0.362372487783432
YBR207W,YPL275W,0,1.2226553,0.18835386633872986,0.8393213748931885,0.3624725043773651
YPR186C,YPR021C,0,1.2225721,0.18831168115139008,0.8393213748931885,0.3625725209712982
YLR393W,YOR293W,0,1.2216232,0.18826952576637268,0.8393213748931885,0.3626725375652313
YJL129C,YKR086W,0,1.2192838,0.18822740018367767,0.8393213748931885,0.36277255415916443
YKL089W,YEL077C,0,1.2186826,0.18818527460098267,0.8393213748931885,0.36287257075309753
YDR311W,YDR375C,0,1.2185175,0.18814317882061005,0.8393213748931885,0.36297258734703064
YDR212W,YOR014W,0,1.218506,0.18810109794139862,0.8393213748931885,0.36307260394096375
YBL051C,YLL014W,0,1.2155223,0.1880590319633484,0.8393213748931885,0.36317262053489685
YNL005C,YHR193C,0,1.2153231,0.18801699578762054,0.8393213748931885,0.36327266693115234
YFR049W,YPL108W,0,1.2149069,0.1879749596118927,0.8393213748931885,0.36337268352508545
YLR312C-B,YNL271C,1,1.214849,0.18815642595291138,0.8403193354606628,0.36337268352508545
YLL011W,YAL011W,0,1.2145644,0.18811438977718353,0.8403193354606628,0.36347270011901855
YIL171W,YBR086C,0,1.2135849,0.18807236850261688,0.8403193354606628,0.36357271671295166
YDL141W,YDR057W,0,1.2128869,0.18803037703037262,0.8403193354606628,0.36367273330688477
YDR221W,YLR010C,0,1.2124634,0.18798838555812836,0.8403193354606628,0.36377274990081787
YDR347W,YOR127W,0,1.2122272,0.18794642388820648,0.8403193354606628,0.363872766494751
YCL067C,YOR088W,0,1.2118177,0.187904492020607,0.8403193354606628,0.3639727830886841
YLR069C,YBR298C,0,1.2098128,0.1878625601530075,0.8403193354606628,0.3640727996826172
YNL257C,YKL160W,0,1.2092893,0.1878206580877304,0.8403193354606628,0.3641728460788727
YOR316C,YLR190W,0,1.2079852,0.1877787709236145,0.8403193354606628,0.3642728626728058
YDR055W,YBR102C,0,1.2075045,0.1877368986606598,0.8403193354606628,0.3643728792667389
YCR065W,YCR027C,0,1.2058904,0.18769505620002747,0.8403193354606628,0.364472895860672
YPR052C,YLR215C,0,1.2025938,0.18765321373939514,0.8403193354606628,0.3645729124546051
YLR167W,YGL016W,0,1.2021943,0.1876114010810852,0.8403193354606628,0.3646729290485382
YMR044W,YIL168W,0,1.2019001,0.18756961822509766,0.8403193354606628,0.3647729456424713
YIL037C,YLR068W,0,1.2009364,0.1875278353691101,0.8403193354606628,0.3648729622364044
YAL003W,YCL027C-A,0,1.200378,0.18748608231544495,0.8403193354606628,0.3649730086326599
YDR156W,YDL247W,0,1.1994977,0.18744434416294098,0.8403193354606628,0.365073025226593
YML057W,YIR010W,0,1.1988673,0.1874026209115982,0.8403193354606628,0.3651730418205261
YER093C,YJR155W,0,1.198698,0.18736092746257782,0.8403193354606628,0.36527305841445923
YMR068W,YKL002W,0,1.1961899,0.18731924891471863,0.8403193354606628,0.36537307500839233
YJR009C,YBR227C,0,1.1931196,0.18727758526802063,0.8403193354606628,0.36547309160232544
YDR225W,YDR253C,0,1.1924275,0.18723593652248383,0.8403193354606628,0.36557310819625854
YPL187W,YML045W,0,1.1911327,0.18719430267810822,0.8403193354606628,0.36567312479019165
YML034W,YGL144C,0,1.1910034,0.187152698636055,0.8403193354606628,0.36577314138412476
YDR409W,YER109C,0,1.1905551,0.18711110949516296,0.8403193354606628,0.36587318778038025
YIL009C-A,YKL025C,0,1.1898317,0.18706953525543213,0.8403193354606628,0.36597320437431335
YLR061W,YLL013C,0,1.1896639,0.18702799081802368,0.8403193354606628,0.36607322096824646
YNL139C,YGL070C,0,1.1895462,0.18698644638061523,0.8403193354606628,0.36617323756217957
YKL079W,YHR003C,0,1.1893291,0.18694493174552917,0.8403193354606628,0.36627325415611267
YFR008W,YFL035C-A,0,1.189219,0.1869034469127655,0.8403193354606628,0.3663732707500458
YDR346C,YGR132C,0,1.1892035,0.18686196208000183,0.8403193354606628,0.3664732873439789
YNL124W,YHR079C-B,0,1.1890918,0.18682050704956055,0.8403193354606628,0.366573303937912
YPL037C,YGR266W,0,1.1888721,0.18677905201911926,0.8403193354606628,0.3666733205318451
YHR025W,YNL090W,0,1.1882199,0.18673764169216156,0.8403193354606628,0.3667733669281006
YMR306W,YPR100W,0,1.188183,0.18669623136520386,0.8403193354606628,0.3668733835220337
YGL190C,YPL115C,1,1.1870956,0.18687652051448822,0.841317355632782,0.3668733835220337
YCL050C,YER144C,0,1.186554,0.18683511018753052,0.841317355632782,0.3669734001159668
YLR367W,YNL256W,0,1.1862472,0.18679369986057281,0.841317355632782,0.3670734167098999
YAL043C,YNL021W,0,1.1854203,0.1867523193359375,0.841317355632782,0.367173433303833
YNL298W,YER109C,1,1.1847918,0.18693244457244873,0.8423153758049011,0.367173433303833
YGL123W,YBL036C,0,1.1842632,0.18689104914665222,0.8423153758049011,0.3672734498977661
YBR073W,YMR055C,0,1.1833254,0.1868496835231781,0.8423153758049011,0.3673734664916992
YDR368W,YJR098C,0,1.1829122,0.18680831789970398,0.8423153758049011,0.3674734830856323
YDL188C,YMR083W,0,1.1817563,0.18676698207855225,0.8423153758049011,0.3675735294818878
YPL164C,YBR298C,0,1.1816766,0.1867256611585617,0.8423153758049011,0.3676735460758209
YGR058W,YKL052C,0,1.179786,0.18668435513973236,0.8423153758049011,0.36777356266975403
YNL068C,YDL035C,1,1.1782833,0.1868642121553421,0.8433133959770203,0.36777356266975403
YLR369W,YCR086W,0,1.1752963,0.18682290613651276,0.8433133959770203,0.36787357926368713
YFR037C,YER014W,0,1.1742213,0.1867816150188446,0.8433133959770203,0.36797359585762024
YJL109C,YHL009C,0,1.1725304,0.18674033880233765,0.8433133959770203,0.36807361245155334
YOL144W,YPL225W,0,1.1708133,0.18669907748699188,0.8433133959770203,0.36817362904548645
YDR041W,YOR083W,0,1.1706988,0.1866578310728073,0.8433133959770203,0.36827364563941956
YGR104C,YCR024C-A,0,1.1705759,0.18661661446094513,0.8433133959770203,0.36837366223335266
YPL179W,YAL043C,0,1.1694578,0.18657539784908295,0.8433133959770203,0.36847370862960815
YDR121W,YMR067C,0,1.1691473,0.18653421103954315,0.8433133959770203,0.36857372522354126
YFR009W,YOL120C,0,1.1683632,0.18649305403232574,0.8433133959770203,0.36867374181747437
YNL046W,YDR338C,0,1.1654838,0.18645189702510834,0.8433133959770203,0.36877375841140747
YLR154W-C,YNL003C,0,1.1627581,0.18641076982021332,0.8433133959770203,0.3688737750053406
YDR316W,YGL012W,0,1.1609662,0.1863696575164795,0.8433133959770203,0.3689737915992737
YLR312C-B,YOR127W,1,1.1608498,0.18654906749725342,0.8443113565444946,0.3689737915992737
YDL080C,YHR083W,0,1.1607732,0.1865079402923584,0.8443113565444946,0.3690738081932068
YMR060C,YIL073C,0,1.1602607,0.18646682798862457,0.8443113565444946,0.3691738247871399
YML057W,YMR074C,0,1.1602012,0.18642574548721313,0.8443113565444946,0.369273841381073
YJL072C,YNL190W,0,1.1595821,0.1863846629858017,0.8443113565444946,0.3693738877773285
YPR082C,YOL018C,0,1.1575274,0.18634361028671265,0.8443113565444946,0.3694739043712616
YNL293W,YDR200C,0,1.157227,0.1863025724887848,0.8443113565444946,0.3695739209651947
YDR292C,YIL084C,0,1.1554551,0.18626156449317932,0.8443113565444946,0.3696739375591278
YIL123W,YBR097W,0,1.1529098,0.18622055649757385,0.8443113565444946,0.3697739541530609
YPL115C,YJR054W,0,1.1525618,0.18617957830429077,0.8443113565444946,0.369873970746994
YDR210W,YIL167W,0,1.151582,0.18613861501216888,0.8443113565444946,0.3699739873409271
YOR256C,YNL167C,0,1.1506447,0.1860976666212082,0.8443113565444946,0.37007400393486023
YDR532C,YBR029C,0,1.1493853,0.18605674803256989,0.8443113565444946,0.37017402052879333
YOL098C,YGL039W,0,1.1485544,0.18601582944393158,0.8443113565444946,0.37027406692504883
YNR063W,YOR228C,0,1.1476488,0.18597494065761566,0.8443113565444946,0.37037408351898193
YGR231C,YJL002C,0,1.1472163,0.18593406677246094,0.8443113565444946,0.37047410011291504
YAL021C,YGL208W,0,1.1469603,0.1858932077884674,0.8443113565444946,0.37057411670684814
YDL035C,YKL048C,1,1.1466191,0.18607205152511597,0.8453093767166138,0.37057411670684814
YGL179C,YKR014C,0,1.1460032,0.18603119254112244,0.8453093767166138,0.37067413330078125
YKL208W,YML029W,0,1.1450564,0.1859903335571289,0.8453093767166138,0.37077414989471436
YCR107W,YCL012W,0,1.1443806,0.18594950437545776,0.8453093767166138,0.37087416648864746
YNL188W,YGR038W,0,1.1442927,0.18590869009494781,0.8453093767166138,0.37097418308258057
YLR131C,YMR234W,0,1.1442708,0.18586789071559906,0.8453093767166138,0.37107422947883606
YOL017W,YJL168C,0,1.14308,0.1858271211385727,0.8453093767166138,0.37117424607276917
YGL061C,YHL006C,0,1.1412437,0.18578635156154633,0.8453093767166138,0.37127426266670227
YGL190C,YER108C,1,1.1411022,0.1859649121761322,0.8463073968887329,0.37127426266670227
YDR307W,YMR024W,0,1.1408547,0.18592414259910583,0.8463073968887329,0.3713742792606354
YPR104C,YMR029C,0,1.1390934,0.18588338792324066,0.8463073968887329,0.3714742958545685
YNL071W,YDR386W,0,1.1389194,0.18584264814853668,0.8463073968887329,0.3715743124485016
YNL275W,YKL092C,0,1.1389176,0.1858019232749939,0.8463073968887329,0.3716743290424347
YGR013W,YGR002C,0,1.1386354,0.1857612282037735,0.8463073968887329,0.3717743456363678
YAL025C,YLR328W,0,1.138451,0.1857205480337143,0.8463073968887329,0.3718743622303009
YDR280W,YDR060W,0,1.1373608,0.18567988276481628,0.8463073968887329,0.3719744086265564
YGL125W,YDR365C,0,1.1338754,0.18563923239707947,0.8463073968887329,0.3720744252204895
YGR159C,YML091C,0,1.1336694,0.18559859693050385,0.8463073968887329,0.3721744418144226
YFR008W,YDL143W,0,1.1318365,0.1855579912662506,0.8463073968887329,0.3722744584083557
YOL069W,YDL194W,0,1.1318011,0.18551738560199738,0.8463073968887329,0.3723744750022888
YER177W,YDR099W,1,1.1305156,0.18569554388523102,0.847305417060852,0.3723744750022888
YMR225C,YOR214C,0,1.1295605,0.18565493822097778,0.847305417060852,0.3724744915962219
YGR124W,YLR015W,0,1.1285841,0.18561434745788574,0.847305417060852,0.37257450819015503
YLL066C,YPL275W,0,1.1280428,0.1855737715959549,0.847305417060852,0.37267452478408813
YER108C,YDR234W,0,1.1268249,0.18553321063518524,0.847305417060852,0.37277454137802124
YEL034W,YKR037C,0,1.1257741,0.18549267947673798,0.847305417060852,0.37287458777427673
YJL183W,YCR031C,0,1.1256781,0.1854521632194519,0.847305417060852,0.37297460436820984
YDR500C,YOR354C,0,1.1256714,0.18541166186332703,0.847305417060852,0.37307462096214294
YGL195W,YBR130C,0,1.1248133,0.18537117540836334,0.847305417060852,0.37317463755607605
YGL130W,YMR081C,0,1.1245091,0.18533071875572205,0.847305417060852,0.37327465415000916
YDR056C,YOL128C,0,1.1236469,0.18529026210308075,0.847305417060852,0.37337467074394226
YCL066W,YML047C,0,1.1222578,0.18524983525276184,0.847305417060852,0.37347468733787537
YDR349C,YCL011C,0,1.1221988,0.18520942330360413,0.847305417060852,0.37357470393180847
YLR064W,YJL100W,0,1.1216807,0.1851690262556076,0.847305417060852,0.3736747205257416
YFR051C,YGR272C,0,1.120836,0.18512865900993347,0.847305417060852,0.37377476692199707
YOR344C,YDL189W,0,1.1197106,0.18508829176425934,0.847305417060852,0.3738747835159302
YGR041W,YJL019W,0,1.1193963,0.1850479543209076,0.847305417060852,0.3739748001098633
YNL066W,YGL227W,0,1.114329,0.18500763177871704,0.847305417060852,0.3740748167037964
YAR033W,YPL031C,0,1.114052,0.18496732413768768,0.847305417060852,0.3741748332977295
YIL119C,YGR208W,0,1.1136832,0.18492703139781952,0.847305417060852,0.3742748498916626
YPL033C,YOR201C,0,1.1130428,0.18488675355911255,0.847305417060852,0.3743748664855957
YHR006W,YEL063C,0,1.1124554,0.18484650552272797,0.847305417060852,0.3744748830795288
YNL173C,YBR298C,0,1.1124126,0.18480627238750458,0.847305417060852,0.3745749294757843
YKR097W,YBR127C,0,1.1124042,0.18476605415344238,0.847305417060852,0.3746749460697174
YJR065C,YIL073C,0,1.1114385,0.18472585082054138,0.847305417060852,0.3747749626636505
YLR319C,YML111W,0,1.1110305,0.18468566238880157,0.847305417060852,0.3748749792575836
YER088C,YFL041W,0,1.1108396,0.18464550375938416,0.847305417060852,0.3749749958515167
YMR118C,YGL147C,0,1.1096866,0.18460534512996674,0.847305417060852,0.37507501244544983
YCR033W,YOR088W,0,1.1089782,0.1845652163028717,0.847305417060852,0.37517502903938293
YNL243W,YIR006C,0,1.1089224,0.18452510237693787,0.847305417060852,0.37527504563331604
YML100W,YLR201C,0,1.1087074,0.18448500335216522,0.847305417060852,0.37537506222724915
YNL177C,YIL014W,0,1.1085753,0.18444493412971497,0.847305417060852,0.37547510862350464
YKL148C,YGR262C,0,1.1061705,0.1844048649072647,0.847305417060852,0.37557512521743774
YHR067W,YGR157W,0,1.1051384,0.18436482548713684,0.847305417060852,0.37567514181137085
YJR064W,YDL211C,0,1.1038547,0.18432480096817017,0.847305417060852,0.37577515840530396
YGL137W,YJL204C,0,1.1030447,0.18428479135036469,0.847305417060852,0.37587517499923706
YIL040W,YER157W,0,1.10277,0.1842447966337204,0.847305417060852,0.37597519159317017
YDR251W,YHR073W,1,1.0994797,0.18442177772521973,0.8483033776283264,0.37597519159317017
YDL211C,YLR139C,0,1.0994288,0.18438178300857544,0.8483033776283264,0.37607520818710327
YCL030C,YLR466W,0,1.0988255,0.18434178829193115,0.8483033776283264,0.3761752247810364
YLR060W,YBR110W,0,1.0970945,0.18430182337760925,0.8483033776283264,0.3762752413749695
YEL013W,YJL189W,0,1.095869,0.18426187336444855,0.8483033776283264,0.376375287771225
YDL207W,YLR319C,0,1.0958488,0.18422193825244904,0.8483033776283264,0.3764753043651581
YCL031C,YDR155C,0,1.0953392,0.18418201804161072,0.8483033776283264,0.3765753209590912
YMR021C,YBL066C,0,1.0946376,0.1841421127319336,0.8483033776283264,0.3766753375530243
YER100W,YLR318W,0,1.0927618,0.18410223722457886,0.8483033776283264,0.3767753541469574
YNL056W,YFR041C,0,1.0927509,0.18406236171722412,0.8483033776283264,0.3768753707408905
YDL135C,YNL025C,0,1.0921531,0.18402251601219177,0.8483033776283264,0.3769753873348236
YLL018C-A,YML113W,0,1.091702,0.18398268520832062,0.8483033776283264,0.3770754039287567
YDR239C,YIL167W,0,1.0916555,0.18394286930561066,0.8483033776283264,0.3771754205226898
YHR181W,YLR373C,0,1.0916427,0.1839030683040619,0.8483033776283264,0.3772754669189453
YOL086W-A,YGR235C,0,1.0909779,0.1838632971048355,0.8483033776283264,0.3773754835128784
YDR368W,YJR135W-A,0,1.0908749,0.18382352590560913,0.8483033776283264,0.3774755001068115
YER088C,YOL065C,0,1.0907764,0.18378378450870514,0.8483033776283264,0.37757551670074463
YDR309C,YDR386W,0,1.0903797,0.18374405801296234,0.8483033776283264,0.37767553329467773
YOL068C,YOR359W,0,1.0890766,0.18370434641838074,0.8483033776283264,0.37777554988861084
YOR354C,YDL154W,0,1.0889455,0.18366464972496033,0.8483033776283264,0.37787556648254395
YDR479C,YNL252C,0,1.0881186,0.1836249679327011,0.8483033776283264,0.37797558307647705
YML057W,YKR007W,0,1.0878066,0.18358531594276428,0.8483033776283264,0.37807562947273254
YKL059C,YDR270W,0,1.0874071,0.18354566395282745,0.8483033776283264,0.37817564606666565
YOR298C-A,YJR054W,0,1.0847055,0.183506041765213,0.8483033776283264,0.37827566266059875
YOR254C,YHR072W,0,1.0833338,0.18346643447875977,0.8483033776283264,0.37837567925453186
YGR275W,YNL161W,0,1.0826385,0.1834268420934677,0.8483033776283264,0.37847569584846497
YIL138C,YCL068C,0,1.0823901,0.18338726460933685,0.8483033776283264,0.37857571244239807
YOL125W,YJR132W,0,1.0819969,0.18334771692752838,0.8483033776283264,0.3786757290363312
YIL067C,YGL250W,0,1.0816536,0.1833081692457199,0.8483033776283264,0.3787757456302643
YAL020C,YOR231W,0,1.081612,0.18326865136623383,0.8483033776283264,0.3788757622241974
YER149C,YLR086W,0,1.081408,0.18322914838790894,0.8483033776283264,0.3789758086204529
YPL157W,YDL064W,0,1.0811831,0.18318966031074524,0.8483033776283264,0.379075825214386
YDR210W,YNL176C,0,1.081025,0.18315018713474274,0.8483033776283264,0.3791758418083191
YIR003W,YLR276C,0,1.0806633,0.18311072885990143,0.8483033776283264,0.3792758584022522
YJR108W,YIL106W,0,1.0801148,0.1830712854862213,0.8483033776283264,0.3793758749961853
YBR060C,YGR218W,0,1.0793135,0.1830318719148636,0.8483033776283264,0.3794758915901184
YPL268W,YIL044C,0,1.0791761,0.18299245834350586,0.8483033776283264,0.3795759081840515
YIR028W,YML004C,0,1.0778852,0.18295307457447052,0.8483033776283264,0.3796759247779846
YDR367W,YLL013C,0,1.077788,0.18291370570659637,0.8483033776283264,0.3797759413719177
YMR142C,YNL023C,0,1.0772251,0.18287435173988342,0.8483033776283264,0.3798759877681732
YOL144W,YPR128C,0,1.0771558,0.18283501267433167,0.8483033776283264,0.3799760043621063
YIL041W,YOR307C,0,1.0756505,0.1827957034111023,0.8483033776283264,0.38007602095603943
YJR135W-A,YGL040C,0,1.0750718,0.18275639414787292,0.8483033776283264,0.38017603754997253
YDL100C,YPL203W,0,1.0744634,0.18271711468696594,0.8483033776283264,0.38027605414390564
YDL190C,YOL088C,0,1.0736966,0.18267783522605896,0.8483033776283264,0.38037607073783875
YHR112C,YDR148C,0,1.0721439,0.18263858556747437,0.8483033776283264,0.38047608733177185
YJL063C,YEL055C,0,1.0693543,0.18259935081005096,0.8483033776283264,0.38057610392570496
YML064C,YBL025W,0,1.0690233,0.18256013095378876,0.8483033776283264,0.38067612051963806
YGR099W,YOL138C,0,1.0688112,0.18252094089984894,0.8483033776283264,0.38077616691589355
YKL012W,YGR184C,0,1.0677638,0.18248175084590912,0.8483033776283264,0.38087618350982666
YDL012C,YLR459W,0,1.067725,0.1824425905942917,0.8483033776283264,0.38097620010375977
YLR376C,YKL173W,0,1.0663625,0.18240343034267426,0.8483033776283264,0.38107621669769287
YAL068C,YER102W,0,1.064526,0.1823642998933792,0.8483033776283264,0.381176233291626
YIL062C,YKL110C,0,1.0637635,0.18232518434524536,0.8483033776283264,0.3812762498855591
YDL035C,YLR083C,1,1.062422,0.18250054121017456,0.8493013978004456,0.3812762498855591
YHL035C,YLR154W-C,0,1.0604376,0.18246141076087952,0.8493013978004456,0.3813762664794922
YLR143W,YJR158W,0,1.0596192,0.18242229521274567,0.8493013978004456,0.3814762830734253
YKR030W,YFL035C-B,0,1.0579088,0.182383194565773,0.8493013978004456,0.3815763294696808
YKL062W,YKL025C,0,1.0577867,0.18234412372112274,0.8493013978004456,0.3816763460636139
YOR303W,YNL036W,0,1.0562956,0.18230505287647247,0.8493013978004456,0.381776362657547
YDR121W,YDL231C,0,1.0560464,0.1822660118341446,0.8493013978004456,0.3818763792514801
YBL046W,YOL092W,0,1.0543233,0.1822269856929779,0.8493013978004456,0.3819763958454132
YLR439W,YJR007W,0,1.0532833,0.1821879744529724,0.8493013978004456,0.3820764124393463
YLR204W,YIL015W,0,1.0492691,0.1821489781141281,0.8493013978004456,0.3821764290332794
YBR018C,YGR096W,0,1.0483431,0.182109996676445,0.8493013978004456,0.3822764456272125
YPR096C,YDL109C,0,1.0467832,0.1820710301399231,0.8493013978004456,0.38237646222114563
YBL002W,YDL002C,0,1.0457821,0.18203207850456238,0.8493013978004456,0.3824765086174011
YPR186C,YNL071W,0,1.04442,0.18199315667152405,0.8493013978004456,0.38257652521133423
YPL241C,YDR397C,0,1.0441632,0.1819542497396469,0.8493013978004456,0.38267654180526733
YLR131C,YKL028W,0,1.0441557,0.18191534280776978,0.8493013978004456,0.38277655839920044
YNL222W,YLR154W-C,0,1.042919,0.18187646567821503,0.8493013978004456,0.38287657499313354
YGL065C,YJR041C,0,1.042605,0.18183760344982147,0.8493013978004456,0.38297659158706665
YER149C,YJR153W,1,1.0424252,0.1820123940706253,0.8502994179725647,0.38297659158706665
YER051W,YDL106C,0,1.0422152,0.18197351694107056,0.8502994179725647,0.38307660818099976
YNL083W,YGR296W,0,1.0421181,0.181934654712677,0.8502994179725647,0.38317662477493286
YER093C,YGL059W,0,1.0419488,0.18189582228660583,0.8502994179725647,0.38327664136886597
YOR246C,YLR356W,0,1.0417843,0.18185698986053467,0.8502994179725647,0.38337668776512146
YNL242W,YPL048W,0,1.0417638,0.1818181872367859,0.8502994179725647,0.38347670435905457
YKR050W,YDR117C,0,1.0412109,0.1817793846130371,0.8502994179725647,0.38357672095298767
YBL055C,YOR037W,0,1.0410161,0.18174061179161072,0.8502994179725647,0.3836767375469208
YNL241C,YGR122W,0,1.0397935,0.18170185387134552,0.8502994179725647,0.3837767541408539
YNL138W,YMR238W,1,1.0395157,0.18187633156776428,0.8512973785400391,0.3837767541408539
YPL133C,YIR031C,0,1.0346607,0.1818375587463379,0.8512973785400391,0.383876770734787
YPL016W,YDR105C,0,1.0344093,0.1817988008260727,0.8512973785400391,0.3839767873287201
YOR264W,YBR022W,0,1.0331416,0.18176007270812988,0.8512973785400391,0.3840768039226532
YDL115C,YBL074C,0,1.0306597,0.18172134459018707,0.8512973785400391,0.3841768205165863
YDL035C,YLL021W,1,1.0291076,0.18189562857151031,0.8522953987121582,0.3841768205165863
YJL002C,YBR094W,0,1.0270526,0.1818569004535675,0.8522953987121582,0.3842768669128418
YGL098W,YML011C,0,1.0270143,0.1818181872367859,0.8522953987121582,0.3843768835067749
YJR147W,YOR127W,1,1.0270071,0.1819923371076584,0.8532934188842773,0.3843768835067749
YER127W,YKL199C,0,1.0268033,0.18195360898971558,0.8532934188842773,0.384476900100708
YML040W,YLR398C,0,1.0261972,0.18191489577293396,0.8532934188842773,0.3845769166946411
YJL208C,YLR292C,0,1.025392,0.18187619745731354,0.8532934188842773,0.3846769332885742
YNL068C,YER108C,1,1.0227432,0.1820501983165741,0.8542914390563965,0.3846769332885742
YJR058C,YHR185C,0,1.0216203,0.18201148509979248,0.8542914390563965,0.3847769498825073
YGR098C,YNL003C,0,1.0215615,0.18197278678417206,0.8542914390563965,0.38487696647644043
YDR041W,YHR079C-A,0,1.0211868,0.18193411827087402,0.8542914390563965,0.38497698307037354
YOR189W,YPL047W,0,1.0207226,0.181895449757576,0.8542914390563965,0.38507702946662903
YLR015W,YOR101W,0,1.0202985,0.18185681104660034,0.8542914390563965,0.38517704606056213
YLR381W,YOR075W,0,1.0197412,0.1818181872367859,0.8542914390563965,0.38527706265449524
YKR053C,YMR022W,0,1.0193342,0.18177957832813263,0.8542914390563965,0.38537707924842834
YDL024C,YMR016C,1,1.01716,0.1819532960653305,0.8552893996238708,0.38537707924842834
YBR119W,YGR247W,0,1.0150887,0.18191467225551605,0.8552893996238708,0.38547709584236145
YFR024C-A,YKL077W,0,1.0131696,0.1818760633468628,0.8552893996238708,0.38557711243629456
YGL190C,YER109C,1,1.0106429,0.18204964697360992,0.85628741979599,0.38557711243629456
YDR189W,YNL152W,0,1.0092053,0.18201103806495667,0.85628741979599,0.38567712903022766
YNL068C,YLR343W,0,1.0090857,0.1819724291563034,0.85628741979599,0.38577714562416077
YBL069W,YDR176W,0,1.0082415,0.18193383514881134,0.85628741979599,0.38587716221809387
YGL044C,YMR278W,0,1.0062308,0.18189527094364166,0.85628741979599,0.38597720861434937
YBR094W,YOR086C,0,1.0048587,0.18185672163963318,0.85628741979599,0.38607722520828247
YBR100W,YIL107C,0,1.0023631,0.1818181872367859,0.85628741979599,0.3861772418022156
YDR352W,YJL179W,0,1.0020568,0.1817796677350998,0.85628741979599,0.3862772583961487
YBL005W,YBR086C,0,1.0014311,0.1817411631345749,0.85628741979599,0.3863772749900818
YDR538W,YCL020W,0,1.0013078,0.18170267343521118,0.85628741979599,0.3864772915840149
YML095C,YPR023C,0,1.0000842,0.18166419863700867,0.85628741979599,0.386577308177948
YKR037C,YPR058W,0,0.9980746,0.18162573873996735,0.85628741979599,0.3866773247718811
YGR017W,YNL123W,0,0.9975616,0.1815873086452484,0.85628741979599,0.3867773413658142
YLR414C,YBL067C,0,0.9974209,0.18154887855052948,0.85628741979599,0.3868773877620697
YER183C,YHR169W,0,0.99707913,0.18151047825813293,0.85628741979599,0.3869774043560028
YDL138W,YHR079C-B,0,0.9961074,0.1814720779657364,0.85628741979599,0.3870774209499359
YBR035C,YKL005C,0,0.9950367,0.18143370747566223,0.85628741979599,0.387177437543869
YFR024C-A,YMR323W,0,0.99261,0.18139535188674927,0.85628741979599,0.3872774541378021
YGL079W,YDR135C,0,0.9924178,0.1813570111989975,0.85628741979599,0.38737747073173523
YLR077W,YML129C,0,0.9903009,0.18131868541240692,0.85628741979599,0.38747748732566833
YKL046C,YDR135C,0,0.9898692,0.18128037452697754,0.85628741979599,0.38757750391960144
YER160C,YJR058C,0,0.9895823,0.18124207854270935,0.85628741979599,0.38767755031585693
YJL025W,YDL139C,0,0.9894631,0.18120379745960236,0.85628741979599,0.38777756690979004
YOR247W,YER133W,0,0.98937315,0.18116554617881775,0.85628741979599,0.38787758350372314
YOL011W,YHR201C,0,0.98627406,0.18112729489803314,0.85628741979599,0.38797760009765625
YPL155C,YPL108W,0,0.98579526,0.18108907341957092,0.85628741979599,0.38807761669158936
YPR081C,YJR090C,0,0.9843387,0.1810508519411087,0.85628741979599,0.38817763328552246
YKR096W,YKR093W,0,0.984239,0.18101266026496887,0.85628741979599,0.38827764987945557
YML042W,YIL022W,0,0.9842267,0.18097448348999023,0.85628741979599,0.38837766647338867
YHL050C,YOR115C,0,0.98375833,0.1809363067150116,0.85628741979599,0.3884776830673218
YKL054C,YMR224C,0,0.98131645,0.18089815974235535,0.85628741979599,0.38857772946357727
YER032W,YAL011W,0,0.98098403,0.1808600276708603,0.85628741979599,0.3886777460575104
YPR181C,YCL047C,0,0.9809493,0.18082191050052643,0.85628741979599,0.3887777626514435
YDR018C,YOR326W,0,0.97810864,0.18078382313251495,0.85628741979599,0.3888777792453766
YLR446W,YOR244W,0,0.97773254,0.18074573576450348,0.85628741979599,0.3889777958393097
YLR196W,YIL158W,0,0.9771158,0.1807076632976532,0.85628741979599,0.3890778124332428
YBR216C,YGL070C,0,0.9769362,0.1806696206331253,0.85628741979599,0.3891778290271759
YGR284C,YGR003W,0,0.97652125,0.1806315779685974,0.85628741979599,0.389277845621109
YKL156W,YAL053W,0,0.97586066,0.1805935651063919,0.85628741979599,0.3893778622150421
YML024W,YLR002C,0,0.97565484,0.1805555522441864,0.85628741979599,0.3894779086112976
YLR015W,YLR319C,0,0.9750531,0.18051756918430328,0.85628741979599,0.3895779252052307
YOR360C,YLR117C,0,0.97431123,0.18047960102558136,0.85628741979599,0.3896779417991638
YDR437W,YHR023W,0,0.974289,0.18044164776802063,0.85628741979599,0.3897779583930969
YER088C,YGL092W,0,0.9741664,0.1804036945104599,0.85628741979599,0.38987797498703003
YAL026C,YER068W,0,0.97313064,0.18036577105522156,0.85628741979599,0.38997799158096313
YPL186C,YOR066W,0,0.9728296,0.1803278625011444,0.85628741979599,0.39007800817489624
YGL190C,YNL271C,1,0.9720634,0.1805001050233841,0.8572854399681091,0.39007800817489624
YBL105C,YDR017C,0,0.97198653,0.18046218156814575,0.8572854399681091,0.39017802476882935
YDR313C,YGR133W,0,0.9703288,0.1804242879152298,0.8572854399681091,0.39027804136276245
YBR228W,YBR298C,0,0.96841806,0.18038639426231384,0.8572854399681091,0.39037808775901794
YCL061C,YEL063C,0,0.96455926,0.18034851551055908,0.8572854399681091,0.39047810435295105
YGR099W,YDR307W,0,0.96426785,0.1803106665611267,0.8572854399681091,0.39057812094688416
YMR237W,YCR042C,0,0.96376294,0.18027281761169434,0.8572854399681091,0.39067813754081726
YHR112C,YLR135W,0,0.9636996,0.18023499846458435,0.8572854399681091,0.39077815413475037
YKL149C,YDL024C,1,0.9633549,0.18040695786476135,0.8582834601402283,0.39077815413475037
YJR035W,YBL057C,0,0.96299386,0.18036912381649017,0.8582834601402283,0.39087817072868347
YOL121C,YOL072W,0,0.9627333,0.1803313046693802,0.8582834601402283,0.3909781873226166
YLR022C,YMR192W,0,0.962252,0.1802935004234314,0.8582834601402283,0.3910782039165497
YOR002W,YDR020C,0,0.9611928,0.1802557110786438,0.8582834601402283,0.3911782503128052
YOR254C,YDR253C,0,0.96011484,0.1802179366350174,0.8582834601402283,0.3912782669067383
YKR052C,YBR087W,0,0.9570885,0.18018017709255219,0.8582834601402283,0.3913782835006714
YPL115C,YPL033C,0,0.955501,0.18014243245124817,0.8582834601402283,0.3914783000946045
YGL234W,YIR009W,0,0.9545764,0.18010471761226654,0.8582834601402283,0.3915783166885376
YER170W,YOR026W,0,0.95334643,0.1800670027732849,0.8582834601402283,0.3916783332824707
YFL018W-A,YKL145W,0,0.9530675,0.18002930283546448,0.8582834601402283,0.3917783498764038
YNR045W,YMR281W,0,0.9520074,0.17999163269996643,0.8582834601402283,0.3918783664703369
YJL104W,YMR154C,0,0.950452,0.17995396256446838,0.8582834601402283,0.39197838306427
YBL063W,YDR228C,0,0.9503288,0.17991632223129272,0.8582834601402283,0.3920784294605255
YBR237W,YBL023C,0,0.9500266,0.17987868189811707,0.8582834601402283,0.3921784460544586
YDL134C-A,YDR450W,0,0.9498571,0.1798410713672638,0.8582834601402283,0.3922784626483917
YER099C,YOR197W,0,0.9470793,0.17980347573757172,0.8582834601402283,0.39237847924232483
YLR297W,YNR037C,0,0.94702804,0.17976588010787964,0.8582834601402283,0.39247849583625793
YGR159C,YGL171W,0,0.9451878,0.17972831428050995,0.8582834601402283,0.39257851243019104
YBR286W,YPR042C,0,0.94514406,0.17969076335430145,0.8582834601402283,0.39267852902412415
YPR056W,YLR154W-C,0,0.945045,0.17965322732925415,0.8582834601402283,0.39277854561805725
YNL139C,YLR283W,0,0.94231635,0.17961570620536804,0.8582834601402283,0.39287856221199036
YNL087W,YBL061C,0,0.94063556,0.17957819998264313,0.8582834601402283,0.39297860860824585
YDR153C,YOR229W,0,0.9405203,0.1795407086610794,0.8582834601402283,0.39307862520217896
YOR058C,YDL192W,0,0.9392615,0.17950323224067688,0.8582834601402283,0.39317864179611206
YOR064C,YOR264W,0,0.9387963,0.17946577072143555,0.8582834601402283,0.39327865839004517
YIL052C,YDL051W,0,0.93788135,0.1794283390045166,0.8582834601402283,0.39337867498397827
YML069W,YOR156C,0,0.93706536,0.17939090728759766,0.8582834601402283,0.3934786915779114
YDR261C,YPL117C,0,0.93629634,0.1793534904718399,0.8582834601402283,0.3935787081718445
YJL010C,YDR014W,0,0.9355328,0.17931610345840454,0.8582834601402283,0.3936787247657776
YPL055C,YDL087C,0,0.934507,0.17927871644496918,0.8582834601402283,0.3937787413597107
YLR136C,YHR018C,0,0.93367034,0.179241344332695,0.8582834601402283,0.3938787877559662
YPL072W,YHR117W,0,0.9335458,0.17920400202274323,0.8582834601402283,0.3939788043498993
YMR237W,YIL091C,0,0.93322945,0.17916665971279144,0.8582834601402283,0.3940788209438324
YNR048W,YNR032W,0,0.9329424,0.17912934720516205,0.8582834601402283,0.3941788375377655
YER042W,YBR004C,0,0.931808,0.17909204959869385,0.8582834601402283,0.3942788541316986
YER108C,YLL021W,1,0.9316773,0.17926296591758728,0.8592814207077026,0.3942788541316986
YHR160C,YNL256W,0,0.9303508,0.1792256385087967,0.8592814207077026,0.3943788707256317
YLR342W,YCL027C-A,0,0.9302632,0.1791883409023285,0.8592814207077026,0.3944788873195648
YLR439W,YPR010C,0,0.93007636,0.17915105819702148,0.8592814207077026,0.3945789039134979
YLL011W,YDR515W,0,0.9296643,0.17911379039287567,0.8592814207077026,0.3946789503097534
YLR265C,YOR149C,0,0.9283823,0.17907653748989105,0.8592814207077026,0.3947789669036865
YLR090W,YOR241W,0,0.92747545,0.17903929948806763,0.8592814207077026,0.39487898349761963
YOR320C,YGL067W,0,0.9274488,0.1790020763874054,0.8592814207077026,0.39497900009155273
YJL207C,YLR095C,0,0.92720634,0.17896486818790436,0.8592814207077026,0.39507901668548584
YGL053W,YDL123W,0,0.927003,0.17892767488956451,0.8592814207077026,0.39517903327941895
YJR129C,YJR109C,0,0.92578465,0.17889051139354706,0.8592814207077026,0.39527904987335205
YML129C,YLR298C,0,0.9250754,0.1788533478975296,0.8592814207077026,0.39537906646728516
YBR201W,YLR382C,0,0.9245144,0.17881619930267334,0.8592814207077026,0.39547908306121826
YOR124C,YFL061W,0,0.92438483,0.17877906560897827,0.8592814207077026,0.39557912945747375
YLR315W,YML041C,0,0.923855,0.1787419617176056,0.8592814207077026,0.39567914605140686
YGR090W,YGR279C,0,0.921656,0.1787048578262329,0.8592814207077026,0.39577916264533997
YNR043W,YBR288C,0,0.9208096,0.17866776883602142,0.8592814207077026,0.39587917923927307
YML125C,YOR173W,0,0.9207225,0.17863070964813232,0.8592814207077026,0.3959791958332062
YFL061W,YJL047C,0,0.9197881,0.17859365046024323,0.8592814207077026,0.3960792124271393
YBR216C,YJR067C,0,0.9196593,0.1785566210746765,0.8592814207077026,0.3961792290210724
YCR009C,YIL008W,0,0.91872704,0.1785195916891098,0.8592814207077026,0.3962792456150055
YKL040C,YDR253C,0,0.9179747,0.17848259210586548,0.8592814207077026,0.3963792622089386
YNL316C,YLR216C,0,0.91727924,0.17844559252262115,0.8592814207077026,0.3964793086051941
YJR093C,YDR227W,0,0.9152548,0.17840862274169922,0.8592814207077026,0.3965793251991272
YLR418C,YDR155C,0,0.91458195,0.17837165296077728,0.8592814207077026,0.3966793417930603
YLR435W,YOL149W,0,0.9138142,0.17833471298217773,0.8592814207077026,0.3967793583869934
YJL189W,YOL061W,0,0.91372275,0.17829778790473938,0.8592814207077026,0.3968793749809265
YBR239C,YPL189W,0,0.9131937,0.17826086282730103,0.8592814207077026,0.3969793915748596
YIL173W,YOR061W,0,0.9109947,0.17822396755218506,0.8592814207077026,0.3970794081687927
YAL055W,YLR099C,0,0.9099979,0.17818708717823029,0.8592814207077026,0.39717942476272583
YDR238C,YIR015W,0,0.9083164,0.1781502217054367,0.8592814207077026,0.39727944135665894
YKR075C,YDR437W,0,0.9082845,0.17811335623264313,0.8592814207077026,0.39737948775291443
YMR261C,YLR194C,0,0.9082274,0.17807652056217194,0.8592814207077026,0.39747950434684753
YHR067W,YLR360W,0,0.9067783,0.17803969979286194,0.8592814207077026,0.39757952094078064
YDR194C,YER036C,0,0.9063847,0.17800289392471313,0.8592814207077026,0.39767953753471375
YLR246W,YNR032W,0,0.90539163,0.17796610295772552,0.8592814207077026,0.39777955412864685
YLR421C,YDR020C,0,0.9033515,0.1779293268918991,0.8592814207077026,0.39787957072257996
YJL097W,YMR171C,0,0.9020636,0.1778925657272339,0.8592814207077026,0.39797958731651306
YLL018C-A,YPR108W,0,0.9020214,0.17785581946372986,0.8592814207077026,0.39807960391044617
YBR054W,YGR017W,0,0.9020192,0.17781908810138702,0.8592814207077026,0.39817965030670166
YLL016W,YKR038C,0,0.90200377,0.17778237164020538,0.8592814207077026,0.39827966690063477
YJL207C,YDR339C,0,0.90193295,0.17774567008018494,0.8592814207077026,0.39837968349456787
YOR048C,YGR262C,0,0.90107495,0.17770898342132568,0.8592814207077026,0.398479700088501
YLR353W,YDL159W,1,0.90049785,0.17787866294384003,0.8602794408798218,0.398479700088501
YPL032C,YIL118W,0,0.9002813,0.17784196138381958,0.8602794408798218,0.3985797166824341
YKR060W,YMR040W,0,0.8999982,0.17780527472496033,0.8602794408798218,0.3986797332763672
YDR299W,YOL077W-A,0,0.89933866,0.17776861786842346,0.8602794408798218,0.3987797498703003
YDR379W,YLR353W,1,0.89834183,0.17793814837932587,0.8612774610519409,0.3987797498703003
YOR229W,YNL268W,0,0.898087,0.1779014617204666,0.8612774610519409,0.3988797664642334
YOR043W,YDR126W,0,0.8979695,0.17786480486392975,0.8612774610519409,0.3989797830581665
YPR073C,YDR480W,0,0.8978647,0.17782814800739288,0.8612774610519409,0.399079829454422
YKL063C,YPL283C,0,0.89630646,0.1777915060520172,0.8612774610519409,0.3991798460483551
YJL183W,YGR206W,0,0.8960125,0.17775489389896393,0.8612774610519409,0.3992798626422882
YIL129C,YEL034W,0,0.89524424,0.17771828174591064,0.8612774610519409,0.3993798792362213
YDR379W,YOR256C,0,0.8947841,0.17768169939517975,0.8612774610519409,0.3994798958301544
YGL136C,YLR427W,0,0.89439595,0.17764511704444885,0.8612774610519409,0.3995799124240875
YIL049W,YNL271C,1,0.8934897,0.17781436443328857,0.8622754216194153,0.3995799124240875
YKL149C,YGL107C,0,0.89012605,0.17777778208255768,0.8622754216194153,0.39967992901802063
YNL212W,YLR081W,0,0.88941884,0.17774119973182678,0.8622754216194153,0.39977994561195374
YPL108W,YJL090C,0,0.88791305,0.17770464718341827,0.8622754216194153,0.39987996220588684
YMR289W,YJL014W,0,0.8878711,0.17766810953617096,0.8622754216194153,0.39998000860214233
YAL041W,YDL035C,1,0.88684833,0.17783717811107635,0.8632734417915344,0.39998000860214233
YOL023W,YMR322C,0,0.885954,0.17780061066150665,0.8632734417915344,0.40008002519607544
YDR478W,YBR301W,0,0.8856756,0.17776407301425934,0.8632734417915344,0.40018004179000854
YHR134W,YDL052C,0,0.8853975,0.17772755026817322,0.8632734417915344,0.40028005838394165
YHR154W,YER019W,0,0.88454735,0.1776910424232483,0.8632734417915344,0.40038007497787476
YMR278W,YOL077W-A,0,0.88426006,0.17765454947948456,0.8632734417915344,0.40048009157180786
YMR197C,YNR008W,0,0.88400316,0.17761807143688202,0.8632734417915344,0.40058010816574097
YAL021C,YER072W,0,0.88255453,0.17758160829544067,0.8632734417915344,0.4006801247596741
YKL089W,YMR086W,0,0.8825045,0.17754516005516052,0.8632734417915344,0.4007801413536072
YMR040W,YGL160W,0,0.87937635,0.17750872671604156,0.8632734417915344,0.40088018774986267
YBL005W,YCR004C,0,0.8789644,0.1774723082780838,0.8632734417915344,0.4009802043437958
YMR278W,YPL221W,0,0.8788213,0.17743590474128723,0.8632734417915344,0.4010802209377289
YNL055C,YMR052W,0,0.87718964,0.17739950120449066,0.8632734417915344,0.401180237531662
YHR215W,YGL243W,0,0.876492,0.17736312747001648,0.8632734417915344,0.4012802541255951
YJL018W,YBR217W,0,0.8764492,0.1773267686367035,0.8632734417915344,0.4013802707195282
YNL090W,YHR101C,0,0.87614256,0.1772904247045517,0.8632734417915344,0.4014802873134613
YOR371C,YER173W,0,0.8759831,0.1772540956735611,0.8632734417915344,0.4015803039073944
YFL025C,YCR028C,0,0.874912,0.1772177815437317,0.8632734417915344,0.4016803503036499
YPR005C,YHR152W,0,0.8748442,0.17718148231506348,0.8632734417915344,0.401780366897583
YPR021C,YBR086C,0,0.8733242,0.17714519798755646,0.8632734417915344,0.4018803834915161
YER108C,YJR153W,1,0.87296754,0.1773136705160141,0.8642714619636536,0.4018803834915161
YMR244C-A,YCR020W-B,0,0.87264085,0.17727738618850708,0.8642714619636536,0.4019804000854492
YGL190C,YHR143W,1,0.87166625,0.17744576930999756,0.8652694821357727,0.4019804000854492
YNL046W,YLR288C,0,0.87143874,0.17740945518016815,0.8652694821357727,0.4020804166793823
YGR026W,YNL047C,0,0.8708535,0.17737315595149994,0.8652694821357727,0.40218043327331543
YDR308C,YER044C-A,0,0.8708265,0.17733687162399292,0.8652694821357727,0.40228044986724854
YBR239C,YOR150W,0,0.8690751,0.1773006170988083,0.8652694821357727,0.40238046646118164
YGR106C,YKL060C,0,0.8669108,0.17726436257362366,0.8652694821357727,0.40248048305511475
YLL050C,YFL002C,0,0.86687744,0.17722812294960022,0.8652694821357727,0.40258052945137024
YER026C,YBL037W,0,0.8666354,0.17719191312789917,0.8652694821357727,0.40268054604530334
YHR172W,YNL317W,0,0.8663458,0.17715570330619812,0.8652694821357727,0.40278056263923645
YBR008C,YMR312W,0,0.86523527,0.17711950838565826,0.8652694821357727,0.40288057923316956
YNL053W,YHR026W,0,0.86522365,0.1770833283662796,0.8652694821357727,0.40298059582710266
YNL065W,YNL090W,0,0.865137,0.17704717814922333,0.8652694821357727,0.40308061242103577
YJR042W,YOR240W,0,0.86477256,0.17701102793216705,0.8652694821357727,0.40318062901496887
YBR084C-A,YCR027C,0,0.8645686,0.17697489261627197,0.8652694821357727,0.403280645608902
YML085C,YNL317W,0,0.8645447,0.17693877220153809,0.8652694821357727,0.4033806622028351
YPL226W,YNR041C,0,0.8607084,0.1769026666879654,0.8652694821357727,0.4034807085990906
YNL310C,YFL035C-A,0,0.85890096,0.1768665909767151,0.8652694821357727,0.4035807251930237
YGR041W,YCR063W,0,0.85773504,0.17683051526546478,0.8652694821357727,0.4036807417869568
YGL063W,YPL121C,0,0.85585487,0.17679445445537567,0.8652694821357727,0.4037807583808899
YDL044C,YMR052W,0,0.8549383,0.17675840854644775,0.8652694821357727,0.403880774974823
YBL071W-A,YKR087C,0,0.8523211,0.17672237753868103,0.8652694821357727,0.4039807915687561
YOL078W,YPL008W,0,0.85212594,0.1766863614320755,0.8652694821357727,0.4040808081626892
YDR257C,YDL038C,0,0.8517047,0.17665036022663116,0.8652694821357727,0.4041808247566223
YJR064W,YDR208W,0,0.8515872,0.17661438882350922,0.8652694821357727,0.4042808413505554
YLR071C,YIL087C,0,0.8512157,0.17657841742038727,0.8652694821357727,0.4043808877468109
YLL016W,YDL214C,0,0.8479998,0.1765424609184265,0.8652694821357727,0.404480904340744
YBL054W,YBR200W,0,0.8479764,0.17650651931762695,0.8652694821357727,0.4045809209346771
YMR081C,YBR135W,0,0.84678435,0.1764705926179886,0.8652694821357727,0.40468093752861023
YMR306W,YML048W,0,0.8465853,0.1764346808195114,0.8652694821357727,0.40478095412254333
YFL036W,YML005W,0,0.84548056,0.17639878392219543,0.8652694821357727,0.40488097071647644
YBL050W,YAL041W,0,0.8448799,0.17636290192604065,0.8652694821357727,0.40498098731040955
YJR076C,YDR406W,0,0.84406424,0.17632703483104706,0.8652694821357727,0.40508100390434265
YMR163C,YLR081W,0,0.84254193,0.17629118263721466,0.8652694821357727,0.40518105030059814
YDR221W,YER068W,0,0.8424927,0.17625533044338226,0.8652694821357727,0.40528106689453125
YNL068C,YJR068W,0,0.8418206,0.17621950805187225,0.8652694821357727,0.40538108348846436
YHR193C,YNL139C,0,0.8411647,0.17618370056152344,0.8652694821357727,0.40548110008239746
YBR005W,YDL069C,0,0.83920705,0.17614790797233582,0.8652694821357727,0.40558111667633057
YHR111W,YKL048C,1,0.83772784,0.17631524801254272,0.8662674427032471,0.40558111667633057
YGR006W,YBR003W,0,0.8362152,0.1762794405221939,0.8662674427032471,0.40568113327026367
YFR005C,YHR023W,0,0.8359977,0.1762436479330063,0.8662674427032471,0.4057811498641968
YDL065C,YIL120W,0,0.8352007,0.17620787024497986,0.8662674427032471,0.4058811664581299
YML009C,YJR118C,0,0.8346667,0.17617210745811462,0.8662674427032471,0.405981183052063
YDR182W,YBR302C,0,0.83446103,0.17613635957241058,0.8662674427032471,0.4060812294483185
YEL026W,YOR115C,0,0.8341662,0.17610062658786774,0.8662674427032471,0.4061812460422516
YER088C,YNL071W,0,0.83407325,0.17606490850448608,0.8662674427032471,0.4062812626361847
YDR040C,YDR483W,0,0.83297646,0.17602920532226562,0.8662674427032471,0.4063812792301178
YJR089W,YBR086C,0,0.83073354,0.17599351704120636,0.8662674427032471,0.4064812958240509
YOR306C,YDR440W,0,0.8299279,0.1759578287601471,0.8662674427032471,0.406581312417984
YBL005W-A,YGR017W,0,0.8279406,0.17592217028141022,0.8662674427032471,0.4066813290119171
YKL176C,YOR196C,0,0.8265846,0.17588652670383453,0.8662674427032471,0.4067813456058502
YGL089C,YFR003C,0,0.8263154,0.17585089802742004,0.8662674427032471,0.4068813621997833
YDR420W,YLR039C,0,0.8257041,0.17581526935100555,0.8662674427032471,0.4069814085960388
YOR234C,YKR007W,0,0.82506776,0.17577967047691345,0.8662674427032471,0.4070814251899719
YBL106C,YHR101C,0,0.8232779,0.17574407160282135,0.8662674427032471,0.40718144178390503
YMR216C,YIL087C,0,0.822549,0.17570850253105164,0.8662674427032471,0.40728145837783813
YPL254W,YMR274C,0,0.82107705,0.17567293345928192,0.8662674427032471,0.40738147497177124
YOR270C,YFL002W-A,0,0.8205755,0.1756373941898346,0.8662674427032471,0.40748149156570435
YIL130W,YMR086W,0,0.8188311,0.17560185492038727,0.8662674427032471,0.40758150815963745
YER155C,YGL070C,0,0.817791,0.17556634545326233,0.8662674427032471,0.40768152475357056
YOR167C,YMR134W,0,0.8173032,0.1755308359861374,0.8662674427032471,0.40778157114982605
YPR100W,YOR255W,0,0.81590676,0.17549535632133484,0.8662674427032471,0.40788158774375916
YEL018W,YDR298C,0,0.815192,0.1754598766565323,0.8662674427032471,0.40798160433769226
YDL134C-A,YPL066W,0,0.81510663,0.17542441189289093,0.8662674427032471,0.40808162093162537
YPR169W,YHR027C,0,0.8146683,0.17538896203041077,0.8662674427032471,0.40818163752555847
YLR106C,YPL043W,0,0.81430703,0.175353541970253,0.8662674427032471,0.4082816541194916
YMR306W,YOR016C,0,0.81257,0.17531812191009521,0.8662674427032471,0.4083816707134247
YNL221C,YER083C,0,0.81236386,0.17528271675109863,0.8662674427032471,0.4084816873073578
YBL047C,YBR233W-A,0,0.8101489,0.17524732649326324,0.8662674427032471,0.4085817039012909
YML012W,YLR384C,0,0.8099485,0.17521195113658905,0.8662674427032471,0.4086817502975464
YML018C,YML081W,0,0.80979395,0.17517659068107605,0.8662674427032471,0.4087817668914795
YIR033W,YMR060C,0,0.80717623,0.17514124512672424,0.8662674427032471,0.4088817834854126
YDR350C,YDR287W,0,0.8071005,0.17510591447353363,0.8662674427032471,0.4089818000793457
YMR041C,YDL146W,0,0.80471075,0.1750705987215042,0.8662674427032471,0.4090818166732788
YKR052C,YJL207C,0,0.80367434,0.1750352829694748,0.8662674427032471,0.4091818332672119
YOR069W,YHR171W,0,0.8025533,0.17499999701976776,0.8662674427032471,0.409281849861145
YMR153W,YER114C,0,0.80222946,0.17496472597122192,0.8662674427032471,0.4093818664550781
YEL019C,YML095C,0,0.80001915,0.17492946982383728,0.8662674427032471,0.40948188304901123
YGL095C,YHR079C-B,0,0.79948634,0.17489421367645264,0.8662674427032471,0.4095819294452667
YDR210W,YBR057C,0,0.7994494,0.17485898733139038,0.8662674427032471,0.40968194603919983
YBR280C,YGL045W,0,0.79780996,0.17482376098632812,0.8662674427032471,0.40978196263313293
YMR167W,YDL030W,0,0.7975564,0.17478856444358826,0.8662674427032471,0.40988197922706604
YMR079W,YBL105C,0,0.7958748,0.1747533679008484,0.8662674427032471,0.40998199582099915
YDR160W,YPR007C,0,0.79407847,0.1747182011604309,0.8662674427032471,0.41008201241493225
YER179W,YNL316C,0,0.79386747,0.17468303442001343,0.8662674427032471,0.41018202900886536
YJR058C,YNL088W,0,0.7932924,0.17464788258075714,0.8662674427032471,0.41028204560279846
YDR399W,YLR385C,0,0.7926266,0.17461276054382324,0.8662674427032471,0.41038206219673157
YNL330C,YKL077W,0,0.7912719,0.17457763850688934,0.8662674427032471,0.41048210859298706
YHR122W,YHR185C,0,0.7910011,0.17454253137111664,0.8662674427032471,0.41058212518692017
YDR485C,YIL050W,0,0.7909259,0.17450743913650513,0.8662674427032471,0.41068214178085327
YBR046C,YOR028C,0,0.7897855,0.1744723618030548,0.8662674427032471,0.4107821583747864
YNL138W,YER109C,1,0.78961885,0.17463825643062592,0.8672654628753662,0.4107821583747864
YDR050C,YLR337W,0,0.7887833,0.1746031790971756,0.8672654628753662,0.4108821749687195
YKL148C,YJL028W,0,0.788755,0.17456810176372528,0.8672654628753662,0.4109821915626526
YFR024C,YJR044C,0,0.7883725,0.17453303933143616,0.8672654628753662,0.4110822081565857
YKL080W,YPR145W,0,0.7868109,0.17449799180030823,0.8672654628753662,0.4111822247505188
YBL051C,YNL059C,0,0.78651726,0.1744629591703415,0.8672654628753662,0.4112822711467743
YGR075C,YCR048W,0,0.78636974,0.17442794144153595,0.8672654628753662,0.4113822877407074
YOR122C,YKR094C,0,0.78572154,0.1743929386138916,0.8672654628753662,0.4114823043346405
YDL192W,YMR127C,0,0.7853966,0.17435795068740845,0.8672654628753662,0.4115823209285736
YHR098C,YJL179W,0,0.78451216,0.1743229627609253,0.8672654628753662,0.4116823375225067
YBR207W,YNR039C,0,0.7842468,0.17428800463676453,0.8672654628753662,0.4117823541164398
YLR312C-B,YIL049W,1,0.78422,0.17445358633995056,0.8682634830474854,0.4117823541164398
YKR031C,YFR042W,0,0.7838185,0.1744185984134674,0.8682634830474854,0.4118823707103729
YIL158W,YPL096C-A,0,0.78380394,0.17438364028930664,0.8682634830474854,0.41198238730430603
YKL192C,YDR338C,0,0.78368735,0.17434869706630707,0.8682634830474854,0.41208240389823914
YJL065C,YBR039W,0,0.7833353,0.1743137687444687,0.8682634830474854,0.41218245029449463
YOR090C,YMR198W,0,0.782938,0.1742788404226303,0.8682634830474854,0.41228246688842773
YER184C,YML070W,0,0.7827882,0.17424394190311432,0.8682634830474854,0.41238248348236084
YLR015W,YPR009W,0,0.7818449,0.17420905828475952,0.8682634830474854,0.41248250007629395
YKL160W,YNR041C,0,0.7814909,0.17417417466640472,0.8682634830474854,0.41258251667022705
YPL149W,YLR390W-A,0,0.7803694,0.17413930594921112,0.8682634830474854,0.41268253326416016
YKL191W,YGR249W,0,0.77958727,0.1741044670343399,0.8682634830474854,0.41278254985809326
YMR072W,YMR047C,0,0.7778927,0.1740696281194687,0.8682634830474854,0.41288256645202637
YLR319C,YML088W,0,0.77758825,0.17403480410575867,0.8682634830474854,0.4129825830459595
YJL074C,YKL028W,0,0.7758345,0.17399999499320984,0.8682634830474854,0.41308262944221497
YFR007W,YBR085W,0,0.7751255,0.1739652007818222,0.8682634830474854,0.41318264603614807
YHL009C,YML076C,0,0.7746087,0.17393042147159576,0.8682634830474854,0.4132826626300812
YDR251W,YKL173W,0,0.7745625,0.17389565706253052,0.8682634830474854,0.4133826792240143
YNL068C,YLR410W,0,0.7736976,0.17386090755462646,0.8682634830474854,0.4134826958179474
YDL007W,YPL181W,0,0.77118874,0.1738261729478836,0.8682634830474854,0.4135827124118805
YNL025C,YHR024C,0,0.77077246,0.17379145324230194,0.8682634830474854,0.4136827290058136
YMR059W,YML124C,0,0.7699908,0.17375673353672028,0.8682634830474854,0.4137827455997467
YGR244C,YPR049C,0,0.7698494,0.173722043633461,0.8682634830474854,0.4138827621936798
YIL124W,YKL116C,0,0.76943314,0.17368736863136292,0.8682634830474854,0.4139828085899353
YIL093C,YGR096W,0,0.76881415,0.17365269362926483,0.8682634830474854,0.4140828251838684
YNL024C,YOR174W,0,0.767117,0.17361803352832794,0.8682634830474854,0.4141828417778015
YDR080W,YIL068C,0,0.767067,0.17358340322971344,0.8682634830474854,0.4142828583717346
YDR017C,YNL075W,0,0.7656063,0.17354877293109894,0.8682634830474854,0.4143828749656677
YKR085C,YOL109W,0,0.7633173,0.17351415753364563,0.8682634830474854,0.41448289155960083
YNL272C,YDR116C,0,0.7627491,0.17347955703735352,0.8682634830474854,0.41458290815353394
YNL005C,YBR288C,0,0.76191485,0.1734449714422226,0.8682634830474854,0.41468292474746704
YAL051W,YKL195W,0,0.76121116,0.17341040074825287,0.8682634830474854,0.41478297114372253
YDR356W,YOL128C,0,0.76120573,0.17337584495544434,0.8682634830474854,0.41488298773765564
YBR188C,YKL138C-A,0,0.7610015,0.173341304063797,0.8682634830474854,0.41498300433158875
YPL231W,YCL048W,0,0.76069784,0.17330677807331085,0.8682634830474854,0.41508302092552185
YHR214W,YOR255W,0,0.75899124,0.1732722520828247,0.8682634830474854,0.41518303751945496
YPL161C,YLR188W,0,0.7587571,0.17323775589466095,0.8682634830474854,0.41528305411338806
YLR453C,YMR264W,0,0.75865424,0.1732032597064972,0.8682634830474854,0.41538307070732117
YGR048W,YIR034C,0,0.75727594,0.17316879332065582,0.8682634830474854,0.4154830873012543
YOL149W,YAL035W,0,0.757247,0.17313432693481445,0.8682634830474854,0.4155831038951874
YOR308C,YGL142C,0,0.7556368,0.17309987545013428,0.8682634830474854,0.41568315029144287
YPL233W,YMR171C,0,0.7552944,0.1730654537677765,0.8682634830474854,0.415783166885376
YDL005C,YMR232W,0,0.7550432,0.1730310320854187,0.8682634830474854,0.4158831834793091
YGR191W,YHR128W,0,0.7546724,0.1729966253042221,0.8682634830474854,0.4159832000732422
YBR030W,YBR217W,0,0.7541563,0.1729622334241867,0.8682634830474854,0.4160832166671753
YLR078C,YLR306W,0,0.7538258,0.1729278415441513,0.8682634830474854,0.4161832332611084
YCR008W,YGL201C,0,0.75313795,0.1728934794664383,0.8682634830474854,0.4162832498550415
YDL188C,YOR190W,0,0.7528782,0.17285913228988647,0.8682634830474854,0.4163832664489746
YPL001W,YLR406C,0,0.75222206,0.17282478511333466,0.8682634830474854,0.4164832830429077
YNR043W,YAL053W,0,0.7520768,0.17279046773910522,0.8682634830474854,0.4165833294391632
YDR392W,YNL098C,1,0.7517708,0.172954723238945,0.8692615032196045,0.4165833294391632
YER131W,YLR154W-C,0,0.75141144,0.17292039096355438,0.8692615032196045,0.4166833460330963
YCR067C,YEL015W,0,0.7513318,0.17288605868816376,0.8692615032196045,0.4167833626270294
YGR275W,YDR117C,0,0.7509225,0.17285175621509552,0.8692615032196045,0.4168833792209625
YHR204W,YJR058C,0,0.75066394,0.17281745374202728,0.8692615032196045,0.41698339581489563
YMR302C,YML069W,0,0.74998033,0.17278318107128143,0.8692615032196045,0.41708341240882874
YDL139C,YJR144W,0,0.74972355,0.17274890840053558,0.8692615032196045,0.41718342900276184
YLR433C,YLR363C,0,0.74791825,0.17271465063095093,0.8692615032196045,0.41728344559669495
YLR446W,YHR124W,0,0.747692,0.17268040776252747,0.8692615032196045,0.41738346219062805
YGR007W,YOL100W,0,0.74762905,0.1726461797952652,0.8692615032196045,0.41748350858688354
YDR483W,YDR217C,0,0.747316,0.17261196672916412,0.8692615032196045,0.41758352518081665
YNR050C,YMR026C,0,0.7427221,0.17257776856422424,0.8692615032196045,0.41768354177474976
YGR223C,YGR142W,0,0.742607,0.17254358530044556,0.8692615032196045,0.41778355836868286
YKL026C,YGR125W,0,0.7421674,0.17250940203666687,0.8692615032196045,0.41788357496261597
YER093C,YOR356W,0,0.73975885,0.17247524857521057,0.8692615032196045,0.4179835915565491
YDL226C,YDL184C,0,0.73935986,0.17244109511375427,0.8692615032196045,0.4180836081504822
YPL091W,YKL211C,0,0.7385309,0.17240697145462036,0.8692615032196045,0.4181836247444153
YMR036C,YBL017C,0,0.73851943,0.17237284779548645,0.8692615032196045,0.4182836711406708
YJL044C,YPL060W,0,0.7382289,0.17233873903751373,0.8692615032196045,0.4183836877346039
YNR023W,YDR170W-A,0,0.73782766,0.1723046451807022,0.8692615032196045,0.418483704328537
YMR283C,YLL066C,0,0.7363733,0.17227056622505188,0.8692615032196045,0.4185837209224701
YML018C,YGR286C,0,0.7346438,0.17223650217056274,0.8692615032196045,0.4186837375164032
YCR045C,YNL152W,0,0.73362595,0.1722024530172348,0.8692615032196045,0.4187837541103363
YFL036W,YBR036C,0,0.73324704,0.17216841876506805,0.8692615032196045,0.4188837707042694
YOR101W,YDL117W,0,0.730329,0.1721343845129013,0.8692615032196045,0.4189837872982025
YOR046C,YGR172C,0,0.72984064,0.17210038006305695,0.8692615032196045,0.4190838038921356
YOL098C,YOR346W,0,0.72897756,0.17206637561321259,0.8692615032196045,0.4191838502883911
YDR399W,YNL321W,0,0.728413,0.17203238606452942,0.8692615032196045,0.4192838668823242
YLR038C,YLR200W,0,0.72571945,0.17199842631816864,0.8692615032196045,0.4193838834762573
YBL105C,YJR121W,0,0.7256275,0.17196446657180786,0.8692615032196045,0.41948390007019043
YPR007C,YOR129C,0,0.72392297,0.17193052172660828,0.8692615032196045,0.41958391666412354
YMR043W,YNL194C,0,0.7237561,0.17189659178256989,0.8692615032196045,0.41968393325805664
YDL164C,YPR174C,0,0.72344005,0.1718626618385315,0.8692615032196045,0.41978394985198975
YGL198W,YKL138C-A,0,0.7220845,0.1718287616968155,0.8692615032196045,0.41988396644592285
YOL039W,YPL117C,0,0.72110516,0.17179487645626068,0.8692615032196045,0.41998398303985596
YBL050W,YGR244C,0,0.7205722,0.17176099121570587,0.8692615032196045,0.42008402943611145
YIL131C,YLR312C-B,1,0.7200068,0.17192429304122925,0.8702594637870789,0.42008402943611145
YGR159C,YBR210W,0,0.71930385,0.17189039289951324,0.8702594637870789,0.42018404603004456
YIL014W,YPL198W,0,0.71731913,0.17185652256011963,0.8702594637870789,0.42028406262397766
YOR157C,YMR313C,0,0.7168759,0.1718226671218872,0.8702594637870789,0.42038407921791077
YML012W,YPR096C,0,0.7159325,0.17178881168365479,0.8702594637870789,0.42048409581184387
YKL181W,YCL027C-A,0,0.7152887,0.17175497114658356,0.8702594637870789,0.420584112405777
YBR211C,YLL038C,0,0.71471816,0.17172114551067352,0.8702594637870789,0.4206841289997101
YPL204W,YBL091C,0,0.714183,0.17168733477592468,0.8702594637870789,0.4207841455936432
YMR056C,YLR013W,0,0.7140522,0.17165353894233704,0.8702594637870789,0.4208841621875763
YNL284C-B,YPR183W,0,0.7137557,0.17161975800991058,0.8702594637870789,0.4209842085838318
YGR295C,YJR096W,0,0.71327597,0.17158599197864532,0.8702594637870789,0.4210842251777649
YNL180C,YER120W,0,0.713096,0.17155222594738007,0.8702594637870789,0.421184241771698
YPR112C,YHR072W-A,0,0.71303374,0.1715184897184372,0.8702594637870789,0.4212842583656311
YMR225C,YLR451W,0,0.7113242,0.17148475348949432,0.8702594637870789,0.4213842749595642
YHR028C,YDR117C,0,0.7109285,0.17145104706287384,0.8702594637870789,0.4214842915534973
YDR541C,YOR255W,0,0.7104571,0.17141734063625336,0.8702594637870789,0.4215843081474304
YGL097W,YJR093C,0,0.71034056,0.17138364911079407,0.8702594637870789,0.4216843247413635
YCR042C,YMR287C,0,0.71009725,0.17134997248649597,0.8702594637870789,0.421784371137619
YOR068C,YLR337C,0,0.71008635,0.17131631076335907,0.8702594637870789,0.4218843877315521
YGR203W,YMR048W,0,0.706738,0.17128264904022217,0.8702594637870789,0.42198440432548523
YKL016C,YGL115W,0,0.70593804,0.17124901711940765,0.8702594637870789,0.42208442091941833
YCL019W,YEL032W,0,0.7045648,0.17121540009975433,0.8702594637870789,0.42218443751335144
YKL125W,YLL053C,0,0.7032718,0.171181783080101,0.8702594637870789,0.42228445410728455
YPL194W,YPR201W,0,0.7029923,0.1711481809616089,0.8702594637870789,0.42238447070121765
YOL152W,YDL126C,0,0.7022517,0.17111459374427795,0.8702594637870789,0.42248448729515076
YIL096C,YHR216W,0,0.6992786,0.17108102142810822,0.8702594637870789,0.42258450388908386
YMR242C,YKR045C,0,0.698575,0.17104746401309967,0.8702594637870789,0.42268455028533936
YGR204W,YLR193C,0,0.6982646,0.17101392149925232,0.8702594637870789,0.42278456687927246
YMR045C,YHR148W,0,0.69792867,0.17098039388656616,0.8702594637870789,0.42288458347320557
YNL024C,YFR027W,0,0.69792736,0.17094686627388,0.8702594637870789,0.42298460006713867
YNL133C,YFL011W,0,0.6978408,0.17091336846351624,0.8702594637870789,0.4230846166610718
YKL087C,YKL184W,0,0.6971319,0.17087987065315247,0.8702594637870789,0.4231846332550049
YAL043C,YER157W,0,0.6970341,0.1708463877439499,0.8702594637870789,0.423284649848938
YMR275C,YKL034W,0,0.6946956,0.1708129346370697,0.8702594637870789,0.4233846664428711
YML033W,YBL004W,0,0.6945195,0.17077948153018951,0.8702594637870789,0.4234846830368042
YOR255W,YNL311C,0,0.6938139,0.17074602842330933,0.8702594637870789,0.4235847294330597
YJL072C,YOR363C,0,0.6931015,0.17071260511875153,0.8702594637870789,0.4236847460269928
YLR410W,YIR006C,0,0.69210255,0.17067919671535492,0.8702594637870789,0.4237847626209259
YEL054C,YGR245C,0,0.6918546,0.1706457883119583,0.8702594637870789,0.423884779214859
YMR052W,YBR058C-A,0,0.6904057,0.1706124097108841,0.8702594637870789,0.4239847958087921
YGL044C,YGR038W,0,0.6892137,0.17057903110980988,0.8702594637870789,0.4240848124027252
YLR453C,YDR213W,0,0.68895674,0.17054566740989685,0.8702594637870789,0.4241848289966583
YDR160W,YJL090C,0,0.6886778,0.17051231861114502,0.8702594637870789,0.42428484559059143
YDR362C,YDR348C,0,0.6884942,0.17047898471355438,0.8702594637870789,0.42438486218452454
YOL094C,YFR042W,0,0.6880938,0.17044566571712494,0.8702594637870789,0.42448490858078003
YDL076C,YKL132C,0,0.6873103,0.1704123467206955,0.8702594637870789,0.42458492517471313
YGR207C,YFL011W,0,0.68687487,0.17037905752658844,0.8702594637870789,0.42468494176864624
YNR070W,YNL216W,0,0.6857884,0.17034576833248138,0.8702594637870789,0.42478495836257935
YFR046C,YNL241C,0,0.68439615,0.17031249403953552,0.8702594637870789,0.42488497495651245
YBR186W,YDL049C,0,0.6841907,0.17027924954891205,0.8702594637870789,0.42498499155044556
YDL226C,YOR384W,0,0.6832533,0.17024600505828857,0.8702594637870789,0.42508500814437866
YER088C,YPL079W,0,0.68188715,0.1702127605676651,0.8702594637870789,0.42518502473831177
YAL048C,YPL085W,0,0.68051255,0.170179545879364,0.8702594637870789,0.42528507113456726
YLR384C,YMR216C,0,0.68041146,0.17014634609222412,0.8702594637870789,0.42538508772850037
YCL050C,YBR236C,0,0.6802187,0.17011314630508423,0.8702594637870789,0.42548510432243347
YDR392W,YLR312C-B,1,0.67960155,0.170275017619133,0.871257483959198,0.42548510432243347
YEL018W,YOR109W,0,0.67897236,0.1702418029308319,0.871257483959198,0.4255851209163666
YLR196W,YPL257W-A,0,0.6784072,0.1702086180448532,0.871257483959198,0.4256851375102997
YDR307W,YPR042C,0,0.67578363,0.1701754331588745,0.871257483959198,0.4257851541042328
YDR162C,YML019W,0,0.6755007,0.1701422780752182,0.871257483959198,0.4258851706981659
YIL052C,YDL113C,0,0.6752453,0.1701091229915619,0.871257483959198,0.425985187292099
YDR545W,YER095W,0,0.6743536,0.17007598280906677,0.871257483959198,0.4260852038860321
YAL056W,YOR249C,0,0.6736671,0.17004285752773285,0.871257483959198,0.4261852502822876
YNR073C,YGL096W,0,0.6728909,0.17000973224639893,0.871257483959198,0.4262852668762207
YNR063W,YKL034W,0,0.6727796,0.1699766367673874,0.871257483959198,0.4263852834701538
YBR215W,YOL094C,0,0.67251194,0.16994354128837585,0.871257483959198,0.4264853000640869
YDR210C-D,YBR191W,0,0.6706917,0.1699104756116867,0.871257483959198,0.42658531665802
YER026C,YLR011W,0,0.66932774,0.16987740993499756,0.871257483959198,0.4266853332519531
YDR540C,YFL039C,0,0.6693251,0.1698443591594696,0.871257483959198,0.42678534984588623
YCR088W,YHR018C,0,0.6684645,0.16981132328510284,0.871257483959198,0.42688536643981934
YOR122C,YGR235C,0,0.6668186,0.16977830231189728,0.871257483959198,0.42698538303375244
YDR409W,YDL136W,0,0.66650635,0.1697452813386917,0.871257483959198,0.42708542943000793
YOR068C,YMR233W,0,0.66556764,0.16971229016780853,0.871257483959198,0.42718544602394104
YDR005C,YDR014W,0,0.66554976,0.16967929899692535,0.871257483959198,0.42728546261787415
YNL038W,YBR235W,0,0.6635866,0.16964632272720337,0.871257483959198,0.42738547921180725
YDL205C,YHR086W,0,0.66351616,0.16961336135864258,0.871257483959198,0.42748549580574036
YJL044C,YDL189W,0,0.6633417,0.16958041489124298,0.871257483959198,0.42758551239967346
YML041C,YPL047W,0,0.66329753,0.16954748332500458,0.871257483959198,0.42768552899360657
YIR003W,YLR139C,0,0.6625023,0.16951456665992737,0.871257483959198,0.4277855455875397
YLR427W,YER044C,0,0.6620111,0.16948164999485016,0.871257483959198,0.42788559198379517
YBL036C,YFR030W,0,0.66160524,0.16944876313209534,0.871257483959198,0.42798560857772827
YLR423C,YKR104W,0,0.661572,0.16941587626934052,0.871257483959198,0.4280856251716614
YGR181W,YJR017C,0,0.66034204,0.1693830043077469,0.871257483959198,0.4281856417655945
YLR090W,YBL019W,0,0.6602781,0.16935014724731445,0.871257483959198,0.4282856583595276
YGL093W,YIL036W,0,0.6595974,0.1693173050880432,0.871257483959198,0.4283856749534607
YDR500C,YHL033C,0,0.65887916,0.16928446292877197,0.871257483959198,0.4284856915473938
YLR277C,YLR127C,0,0.65868294,0.16925165057182312,0.871257483959198,0.4285857081413269
YHL050C,YGR057C,0,0.658628,0.16921883821487427,0.871257483959198,0.42868572473526
YGL008C,YDL112W,0,0.6579838,0.1691860407590866,0.871257483959198,0.4287857711315155
YOR343W-A,YDR500C,0,0.6576555,0.16915325820446014,0.871257483959198,0.4288857877254486
YKR039W,YDR255C,0,0.6574765,0.16912049055099487,0.871257483959198,0.4289858043193817
YOR319W,YDR376W,0,0.65744734,0.1690877377986908,0.871257483959198,0.4290858209133148
YMR059W,YOL019W,0,0.6571553,0.1690549999475479,0.871257483959198,0.4291858375072479
YAL051W,YBL064C,0,0.6566012,0.16902226209640503,0.871257483959198,0.42928585410118103
YJL221C,YJL179W,0,0.6563195,0.16898955404758453,0.871257483959198,0.42938587069511414
YJL021C,YOR036W,0,0.65609604,0.16895684599876404,0.871257483959198,0.42948588728904724
YLR239C,YDR214W,0,0.65565455,0.16892415285110474,0.871257483959198,0.42958590388298035
YMR306W,YER087C-A,0,0.65377104,0.16889147460460663,0.871257483959198,0.42968595027923584
YNL041C,YBL036C,0,0.65323544,0.16885879635810852,0.871257483959198,0.42978596687316895
YLL024C,YMR091C,0,0.6525583,0.1688261479139328,0.871257483959198,0.42988598346710205
YPR188C,YBR160W,0,0.6521819,0.16879349946975708,0.871257483959198,0.42998600006103516
YDR381W,YMR166C,0,0.65172565,0.16876088082790375,0.871257483959198,0.43008601665496826
YML026C,YDR194C,0,0.6504442,0.16872826218605042,0.871257483959198,0.43018603324890137
YPL227C,YDL038C,0,0.6504293,0.16869565844535828,0.871257483959198,0.4302860498428345
YKR018C,YER081W,0,0.6503817,0.16866305470466614,0.871257483959198,0.4303860664367676
YHR200W,YDL093W,0,0.6502866,0.1686304807662964,0.871257483959198,0.4304860830307007
YGL190C,YDR107C,1,0.6500167,0.1687910407781601,0.8722555041313171,0.4304860830307007
YBL046W,YML131W,0,0.64984274,0.16875845193862915,0.8722555041313171,0.4305861294269562
YBL022C,YNL125C,0,0.64699554,0.1687258630990982,0.8722555041313171,0.4306861460208893
YNL185C,YJR089W,0,0.64698714,0.16869330406188965,0.8722555041313171,0.4307861626148224
YNL038W,YJL210W,0,0.6465479,0.1686607450246811,0.8722555041313171,0.4308861792087555
YGR086C,YIL026C,0,0.6451982,0.16862820088863373,0.8722555041313171,0.4309861958026886
YOR262W,YDL239C,0,0.6439519,0.16859567165374756,0.8722555041313171,0.4310862123966217
YPL168W,YJR160C,0,0.64184356,0.16856315732002258,0.8722555041313171,0.4311862289905548
YNL068C,YGR078C,0,0.6407573,0.1685306578874588,0.8722555041313171,0.4312862455844879
YBR293W,YGL059W,0,0.64074874,0.1684981733560562,0.8722555041313171,0.4313862919807434
YPL257W-A,YEL054C,0,0.6384684,0.16846568882465363,0.8722555041313171,0.4314863085746765
YDR176W,YCL035C,0,0.6382246,0.16843321919441223,0.8722555041313171,0.4315863251686096
YMR207C,YJL092W,0,0.63658416,0.16840076446533203,0.8722555041313171,0.4316863417625427
YKL125W,YLR110C,0,0.636024,0.16836832463741302,0.8722555041313171,0.43178635835647583
YDL164C,YDR127W,0,0.6355847,0.1683358997106552,0.8722555041313171,0.43188637495040894
YBR091C,YDR210C-D,0,0.6350105,0.1683034896850586,0.8722555041313171,0.43198639154434204
YPL051W,YOR258W,0,0.63463914,0.16827107965946198,0.8722555041313171,0.43208640813827515
YJR049C,YIL160C,0,0.63422203,0.16823868453502655,0.8722555041313171,0.43218642473220825
YDR452W,YER153C,0,0.63129544,0.1682063192129135,0.8722555041313171,0.43228647112846375
YDL058W,YDR115W,0,0.62973285,0.16817395389080048,0.8722555041313171,0.43238648772239685
YCL057C-A,YFL022C,0,0.629555,0.16814158856868744,0.8722555041313171,0.43248650431632996
YGR271C-A,YMR166C,0,0.6292325,0.1681092530488968,0.8722555041313171,0.43258652091026306
YPL186C,YGR188C,0,0.62853456,0.16807691752910614,0.8722555041313171,0.43268653750419617
YGR198W,YNL058C,0,0.6273095,0.16804461181163788,0.8722555041313171,0.4327865540981293
YML001W,YAR044W,0,0.62614655,0.16801230609416962,0.8722555041313171,0.4328865706920624
YDR078C,YOR004W,0,0.6256199,0.16798001527786255,0.8722555041313171,0.4329865872859955
YCR105W,YBR258C,0,0.62522876,0.16794773936271667,0.8722555041313171,0.4330866038799286
YIR013C,YDR056C,0,0.6251439,0.1679154634475708,0.8722555041313171,0.4331866502761841
YER109C,YDL024C,1,0.6245793,0.168075293302536,0.8732534646987915,0.4331866502761841
YCR008W,YBR060C,0,0.6239003,0.16804301738739014,0.8732534646987915,0.4332866668701172
YPL040C,YGR172C,0,0.62310576,0.16801075637340546,0.8732534646987915,0.4333866834640503
YGL219C,YJR009C,0,0.6230408,0.16797849535942078,0.8732534646987915,0.4334867000579834
YBR057C,YMR127C,0,0.62295854,0.16794626414775848,0.8732534646987915,0.4335867166519165
YBR268W,YDR270W,0,0.6211688,0.1679140329360962,0.8732534646987915,0.4336867332458496
YFR014C,YLR096W,0,0.6211088,0.1678818166255951,0.8732534646987915,0.4337867498397827
YNR063W,YCR018C,0,0.62004566,0.167849600315094,0.8732534646987915,0.4338867664337158
YDR490C,YOR257W,0,0.61983925,0.16781741380691528,0.8732534646987915,0.4339867830276489
YOR026W,YDR329C,0,0.619056,0.16778524219989777,0.8732534646987915,0.4340868294239044
YNL180C,YMR287C,0,0.61781496,0.16775307059288025,0.8732534646987915,0.4341868460178375
YDR284C,YGL155W,0,0.61766654,0.16772091388702393,0.8732534646987915,0.43428686261177063
YHR032W,YOR284W,0,0.61762834,0.1676887720823288,0.8732534646987915,0.43438687920570374
YDR398W,YGL107C,0,0.61670667,0.16765664517879486,0.8732534646987915,0.43448689579963684
YCR048W,YDR284C,0,0.616562,0.16762451827526093,0.8732534646987915,0.43458691239356995
YIL075C,YHR027C,0,0.6159346,0.16759242117404938,0.8732534646987915,0.43468692898750305
YLL036C,YJL186W,0,0.61568046,0.16756032407283783,0.8732534646987915,0.43478694558143616
YOR117W,YOR233W,0,0.6153389,0.16752824187278748,0.8732534646987915,0.43488699197769165
YJR126C,YML010W,0,0.6150011,0.16749617457389832,0.8732534646987915,0.43498700857162476
YGR183C,YFR034C,0,0.61459047,0.16746412217617035,0.8732534646987915,0.43508702516555786
YDR308C,YLR312C-B,0,0.61354715,0.16743206977844238,0.8732534646987915,0.43518704175949097
YBR251W,YDR210C-D,0,0.6131345,0.1674000322818756,0.8732534646987915,0.4352870583534241
YOR205C,YLR157C-B,0,0.61288714,0.16736802458763123,0.8732534646987915,0.4353870749473572
YDR273W,YMR045C,0,0.61243844,0.16733601689338684,0.8732534646987915,0.4354870915412903
YNR049C,YDR308C,0,0.6113478,0.16730400919914246,0.8732534646987915,0.4355871081352234
YCR093W,YHR073W,1,0.6112412,0.16746319830417633,0.8742514848709106,0.4355871081352234
YHR105W,YER112W,0,0.6108397,0.16743119060993195,0.8742514848709106,0.4356871247291565
YJL019W,YER073W,0,0.6099585,0.16739919781684875,0.8742514848709106,0.435787171125412
YHR036W,YNL166C,0,0.609952,0.16736721992492676,0.8742514848709106,0.4358871877193451
YIL123W,YBR028C,0,0.6096376,0.16733524203300476,0.8742514848709106,0.4359872043132782
YFR025C,YDR287W,0,0.6094656,0.16730327904224396,0.8742514848709106,0.4360872209072113
YGR161C-D,YML018C,0,0.607683,0.16727134585380554,0.8742514848709106,0.4361872375011444
YNL270C,YKL100C,0,0.607062,0.16723939776420593,0.8742514848709106,0.4362872540950775
YBR149W,YHR214C-C,0,0.6058576,0.1672074794769287,0.8742514848709106,0.4363872706890106
YIL173W,YBR070C,0,0.6057015,0.16717557609081268,0.8742514848709106,0.4364872872829437
YPR056W,YOL110W,0,0.60458106,0.16714367270469666,0.8742514848709106,0.43658730387687683
YDL138W,YBR301W,0,0.60388523,0.16711178421974182,0.8742514848709106,0.4366873502731323
YJR153W,YBR066C,1,0.60344505,0.16727064549922943,0.8752495050430298,0.4366873502731323
YAL055W,YNR008W,0,0.6033534,0.1672387421131134,0.8752495050430298,0.43678736686706543
YOR057W,YGR162W,0,0.6033269,0.16720686852931976,0.8752495050430298,0.43688738346099854
YDR392W,YDR251W,1,0.60323834,0.16736561059951782,0.8762475252151489,0.43688738346099854
YER044C,YOL144W,0,0.6029582,0.1673337072134018,0.8762475252151489,0.43698740005493164
YLR315W,YOR217W,0,0.60204756,0.16730183362960815,0.8762475252151489,0.43708741664886475
YHR202W,YJR161C,0,0.60198724,0.16726996004581451,0.8762475252151489,0.43718743324279785
YDL134C,YOR061W,0,0.6015496,0.16723810136318207,0.8762475252151489,0.43728744983673096
YFL047W,YDL190C,0,0.5998201,0.16720624268054962,0.8762475252151489,0.43738746643066406
YOL088C,YOR343W-A,0,0.59861934,0.16717441380023956,0.8762475252151489,0.43748748302459717
YJR060W,YKR088C,0,0.59747505,0.1671425849199295,0.8762475252151489,0.43758752942085266
YGR181W,YDR128W,0,0.596817,0.16711077094078064,0.8762475252151489,0.43768754601478577
YDL207W,YER177W,0,0.59671044,0.16707897186279297,0.8762475252151489,0.43778756260871887
YEL051W,YJL021C,0,0.5961654,0.1670471876859665,0.8762475252151489,0.437887579202652
YML118W,YKL052C,0,0.5940038,0.16701540350914001,0.8762475252151489,0.4379875957965851
YJR068W,YLR086W,0,0.59333295,0.16698364913463593,0.8762475252151489,0.4380876123905182
YHR110W,YKL140W,0,0.5928133,0.16695189476013184,0.8762475252151489,0.4381876289844513
YBL006C,YGL150C,0,0.5919146,0.16692015528678894,0.8762475252151489,0.4382876455783844
YHL008C,YNR070W,0,0.59107924,0.16688843071460724,0.8762475252151489,0.4383876919746399
YBR058C,YER122C,0,0.5894861,0.16685670614242554,0.8762475252151489,0.438487708568573
YDR188W,YIL122W,0,0.5888684,0.16682501137256622,0.8762475252151489,0.4385877251625061
YKR058W,YJR029W,0,0.58863705,0.1667933166027069,0.8762475252151489,0.4386877417564392
YPL204W,YCR027C,0,0.58849525,0.1667616367340088,0.8762475252151489,0.4387877583503723
YDR424C,YKR039W,0,0.58843553,0.16672997176647186,0.8762475252151489,0.4388877749443054
YDR408C,YMR125W,0,0.58766896,0.16669830679893494,0.8762475252151489,0.4389877915382385
YLL052C,YDL060W,0,0.5871148,0.1666666716337204,0.8762475252151489,0.43908780813217163
YLR079W,YOR157C,0,0.586091,0.16663503646850586,0.8762475252151489,0.43918782472610474
YDR320C-A,YJL133W,0,0.5859983,0.16660341620445251,0.8762475252151489,0.43928787112236023
YKL109W,YLR363C,0,0.5854945,0.16657181084156036,0.8762475252151489,0.43938788771629333
YPL015C,YJR068W,0,0.5844179,0.1665402054786682,0.8762475252151489,0.43948790431022644
YER053C,YGR261C,0,0.58439016,0.16650862991809845,0.8762475252151489,0.43958792090415955
YDR093W,YLR385C,0,0.5825461,0.1664770543575287,0.8762475252151489,0.43968793749809265
YOR116C,YHR070W,0,0.5824281,0.16644549369812012,0.8762475252151489,0.43978795409202576
YNL094W,YKL025C,0,0.582241,0.16641394793987274,0.8762475252151489,0.43988797068595886
YDR071C,YDR408C,0,0.58184946,0.16638241708278656,0.8762475252151489,0.43998798727989197
YMR045C,YGR253C,0,0.5814884,0.16635088622570038,0.8762475252151489,0.4400880038738251
YER166W,YER012W,0,0.58077574,0.16631938517093658,0.8762475252151489,0.44018805027008057
YKL073W,YDR529C,0,0.5774715,0.1662878841161728,0.8762475252151489,0.44028806686401367
YOR356W,YGL116W,0,0.57519835,0.1662563979625702,0.8762475252151489,0.4403880834579468
YCL069W,YLR001C,0,0.5747858,0.1662249118089676,0.8762475252151489,0.4404881000518799
YFL034C-A,YDR155C,0,0.57337904,0.16619345545768738,0.8762475252151489,0.440588116645813
YEL021W,YLR044C,0,0.57316995,0.16616199910640717,0.8762475252151489,0.4406881332397461
YDR349C,YDR200C,0,0.5730505,0.16613055765628815,0.8762475252151489,0.4407881498336792
YJL207C,YMR053C,0,0.57303166,0.16609913110733032,0.8762475252151489,0.4408881664276123
YEL034W,YHR200W,0,0.57228833,0.1660677194595337,0.8762475252151489,0.4409881830215454
YLR276C,YBR248C,0,0.57156676,0.16603630781173706,0.8762475252151489,0.4410882294178009
YKL148C,YLR154C,0,0.57137936,0.16600491106510162,0.8762475252151489,0.441188246011734
YER087C-A,YPL088W,0,0.5687955,0.16597352921962738,0.8762475252151489,0.4412882626056671
YOR362C,YFL035C-A,0,0.56852865,0.16594216227531433,0.8762475252151489,0.4413882791996002
YDR392W,YLR353W,1,0.56802607,0.16609977185726166,0.8772454857826233,0.4413882791996002
YMR167W,YBR015C,0,0.56794965,0.16606839001178741,0.8772454857826233,0.4414882957935333
YDR420W,YIL022W,0,0.5679054,0.16603702306747437,0.8772454857826233,0.44158831238746643
YDR309C,YCL012W,0,0.56715924,0.1660056710243225,0.8772454857826233,0.44168832898139954
YJR108W,YFR024C-A,0,0.56602323,0.16597431898117065,0.8772454857826233,0.44178834557533264
YLR435W,YDR316W-A,0,0.56601906,0.16594298183918,0.8772454857826233,0.44188839197158813
YHR193C,YDR170W-A,0,0.56599605,0.16591165959835052,0.8772454857826233,0.44198840856552124
YDR212W,YPR007C,0,0.5654571,0.16588035225868225,0.8772454857826233,0.44208842515945435
YMR113W,YHL026C,0,0.5653306,0.16584905982017517,0.8772454857826233,0.44218844175338745
YMR268C,YNR039C,0,0.56508774,0.1658177673816681,0.8772454857826233,0.44228845834732056
YML118W,YMR166C,0,0.5650525,0.1657864898443222,0.8772454857826233,0.44238847494125366
YNL068C,YPL022W,0,0.5650455,0.1657552272081375,0.8772454857826233,0.44248849153518677
YDL229W,YDL018C,0,0.5633458,0.165723979473114,0.8772454857826233,0.4425885081291199
YML115C,YDL129W,0,0.56298435,0.1656927466392517,0.8772454857826233,0.442688524723053
YOR174W,YGL128C,0,0.5629543,0.1656615138053894,0.8772454857826233,0.44278857111930847
YOL078W,YCL039W,0,0.5628977,0.1656302958726883,0.8772454857826233,0.4428885877132416
YMR149W,YPR180W,0,0.55770946,0.16559909284114838,0.8772454857826233,0.4429886043071747
YCR093W,YDL159W,1,0.55533767,0.16575627028942108,0.8782435059547424,0.4429886043071747
YDR036C,YGR054W,0,0.5545654,0.16572505235671997,0.8782435059547424,0.4430886209011078
YBL105C,YMR029C,0,0.55359614,0.16569384932518005,0.8782435059547424,0.4431886374950409
YCR077C,YNL330C,0,0.55312204,0.16566264629364014,0.8782435059547424,0.443288654088974
YDR380W,YHR214C-C,0,0.5516208,0.1656314730644226,0.8782435059547424,0.4433886706829071
YNL058C,YBR248C,0,0.550525,0.16560029983520508,0.8782435059547424,0.4434886872768402
YCL010C,YJL197W,0,0.54931927,0.16556914150714874,0.8782435059547424,0.4435887038707733
YNR030W,YGR038C-B,0,0.54897004,0.1655379980802536,0.8782435059547424,0.4436887502670288
YBR217W,YCR070W,0,0.5487632,0.16550686955451965,0.8782435059547424,0.4437887668609619
YPR049C,YIL173W,0,0.5481262,0.1654757410287857,0.8782435059547424,0.443888783454895
YNL287W,YHR183W,0,0.54798234,0.16544462740421295,0.8782435059547424,0.4439888000488281
YKR079C,YDR320C-A,0,0.5471371,0.1654135286808014,0.8782435059547424,0.44408881664276123
YPR019W,YMR050C,0,0.546999,0.16538244485855103,0.8782435059547424,0.44418883323669434
YMR122W-A,YLR388W,0,0.5469263,0.16535137593746185,0.8782435059547424,0.44428884983062744
YNL271C,YNL197C,1,0.5457154,0.16550816595554352,0.8792415261268616,0.44428884983062744
YER071C,YCR047C,0,0.545276,0.16547708213329315,0.8792415261268616,0.44438886642456055
YKL220C,YDL102W,0,0.5450872,0.16544601321220398,0.8792415261268616,0.44448888301849365
YMR149W,YKL216W,0,0.54407406,0.1654149442911148,0.8792415261268616,0.44458892941474915
YDL156W,YJL010C,0,0.54376245,0.16538389027118683,0.8792415261268616,0.44468894600868225
YGL249W,YJR029W,0,0.5433524,0.16535285115242004,0.8792415261268616,0.44478896260261536
YLL066C,YIL120W,0,0.5433252,0.16532182693481445,0.8792415261268616,0.44488897919654846
YGR161C-D,YPL235W,0,0.5431248,0.16529080271720886,0.8792415261268616,0.44498899579048157
YKL018W,YOR192C-B,0,0.5424139,0.16525980830192566,0.8792415261268616,0.4450890123844147
YCL019W,YCR020W-B,0,0.54184675,0.16522881388664246,0.8792415261268616,0.4451890289783478
YDR330W,YPL060C-A,0,0.5409989,0.16519781947135925,0.8792415261268616,0.4452890455722809
YGL116W,YNL029C,0,0.5398153,0.16516685485839844,0.8792415261268616,0.4453890919685364
YKR042W,YLR154W-C,0,0.539808,0.16513589024543762,0.8792415261268616,0.4454891085624695
YJL002C,YPL023C,0,0.5396734,0.165104940533638,0.8792415261268616,0.4455891251564026
YNL294C,YGL045W,0,0.5387801,0.16507400572299957,0.8792415261268616,0.4456891417503357
YPL145C,YDL145C,0,0.5377378,0.16504308581352234,0.8792415261268616,0.4457891583442688
YCL047C,YGL206C,0,0.5370421,0.1650121808052063,0.8792415261268616,0.4458891749382019
YHR181W,YER133W,0,0.5369124,0.16498127579689026,0.8792415261268616,0.445989191532135
YGL208W,YAR050W,0,0.53665185,0.1649503856897354,0.8792415261268616,0.4460892081260681
YDR483W,YBR112C,0,0.5361961,0.16491951048374176,0.8792415261268616,0.4461892247200012
YBR283C,YGR058W,0,0.53403497,0.1648886352777481,0.8792415261268616,0.4462892711162567
YLR154W-C,YBR291C,0,0.5333945,0.16485778987407684,0.8792415261268616,0.4463892877101898
YDL214C,YKL138C-A,0,0.5320514,0.16482694447040558,0.8792415261268616,0.4464893043041229
YAR003W,YMR216C,0,0.5317317,0.1647961139678955,0.8792415261268616,0.44658932089805603
YDR170W-A,YML034W,0,0.5297183,0.16476528346538544,0.8792415261268616,0.44668933749198914
YMR164C,YBL056W,0,0.52958274,0.16473448276519775,0.8792415261268616,0.44678935408592224
YPR158W-B,YGL167C,0,0.52900094,0.16470368206501007,0.8792415261268616,0.44688937067985535
YOR368W,YPR122W,0,0.52846754,0.16467289626598358,0.8792415261268616,0.44698938727378845
YPR104C,YNL112W,0,0.5281549,0.1646421253681183,0.8792415261268616,0.44708940386772156
YPL009C,YMR060C,0,0.526736,0.164611354470253,0.8792415261268616,0.44718945026397705
YMR225C,YCL051W,0,0.5256966,0.16458061337471008,0.8792415261268616,0.44728946685791016
YGR161C-D,YDR252W,0,0.52544165,0.16454987227916718,0.8792415261268616,0.44738948345184326
YOL135C,YPL145C,0,0.5231757,0.16451914608478546,0.8792415261268616,0.44748950004577637
YGL190C,YDR477W,1,0.523031,0.16467513144016266,0.8802395462989807,0.44748950004577637
YOL086W-A,YNL071W,0,0.52265906,0.16464439034461975,0.8802395462989807,0.4475895166397095
YIR022W,YDL129W,0,0.5225415,0.16461366415023804,0.8802395462989807,0.4476895332336426
YDR381W,YDR316W-B,0,0.52215636,0.16458293795585632,0.8802395462989807,0.4477895498275757
YDR189W,YOR192C-B,0,0.522033,0.164552241563797,0.8802395462989807,0.4478895664215088
YNR051C,YCL062W,0,0.521367,0.16452154517173767,0.8802395462989807,0.4479896128177643
YGL151W,YML062C,0,0.5200398,0.16449086368083954,0.8802395462989807,0.4480896294116974
YFR041C,YBR280C,0,0.51989347,0.1644601970911026,0.8802395462989807,0.4481896460056305
YDR027C,YDL154W,0,0.51941943,0.16442953050136566,0.8802395462989807,0.4482896625995636
YDR545W,YOR249C,0,0.51891285,0.16439887881278992,0.8802395462989807,0.4483896791934967
YFL062W,YPR107C,0,0.5187764,0.16436824202537537,0.8802395462989807,0.4484896957874298
YPR008W,YBR267W,0,0.5185214,0.164337620139122,0.8802395462989807,0.4485897123813629
YJL013C,YML065W,0,0.5182682,0.16430699825286865,0.8802395462989807,0.448689728975296
YHL044W,YBR030W,0,0.5162366,0.16427640616893768,0.8802395462989807,0.4487897455692291
YOL056W,YLR226W,0,0.5159684,0.1642458140850067,0.8802395462989807,0.4488897919654846
YCL027C-A,YHR070W,0,0.515297,0.16421523690223694,0.8802395462989807,0.4489898085594177
YLR157C-B,YJL091C,0,0.5151838,0.16418465971946716,0.8802395462989807,0.44908982515335083
YER174C,YJR041C,0,0.51400685,0.16415409743785858,0.8802395462989807,0.44918984174728394
YLL032C,YML070W,0,0.51340735,0.1641235649585724,0.8802395462989807,0.44928985834121704
YMR260C,YDR365W-B,0,0.5121782,0.164093017578125,0.8802395462989807,0.44938987493515015
YHR032W,YHR152W,0,0.51192,0.1640625,0.8802395462989807,0.44948989152908325
YOR389W,YOR172W,0,0.5119082,0.164031982421875,0.8802395462989807,0.44958990812301636
YCL038C,YLL013C,0,0.5094516,0.1640014946460724,0.8802395462989807,0.44968992471694946
YMR285C,YHR122W,0,0.50901234,0.16397099196910858,0.8802395462989807,0.44978997111320496
YMR289W,YJL054W,0,0.50870335,0.16394051909446716,0.8802395462989807,0.44988998770713806
YGL115W,YKR038C,0,0.5081582,0.16391006112098694,0.8802395462989807,0.44999000430107117
YDR267C,YNL154C,0,0.50815547,0.1638796031475067,0.8802395462989807,0.4500900208950043
YJL162C,YJL062W-A,0,0.5077445,0.16384916007518768,0.8802395462989807,0.4501900374889374
YKL039W,YLR167W,0,0.50722975,0.16381871700286865,0.8802395462989807,0.4502900540828705
YGR083C,YBR109C,0,0.5040995,0.163788303732872,0.8802395462989807,0.4503900706768036
YDL192W,YER044C,0,0.5036781,0.16375789046287537,0.8802395462989807,0.4504900872707367
YLR051C,YEL077C,0,0.5033831,0.16372749209403992,0.8802395462989807,0.4505901038646698
YBL046W,YOL034W,0,0.5023822,0.16369710862636566,0.8802395462989807,0.4506901502609253
YOL132W,YDR122W,0,0.50055665,0.1636667251586914,0.8802395462989807,0.4507901668548584
YDR352W,YPR021C,0,0.498986,0.16363635659217834,0.8802395462989807,0.4508901834487915
YER133W,YER110C,0,0.49852145,0.16360600292682648,0.8802395462989807,0.4509902000427246
YPL051W,YDR247W,0,0.49814785,0.1635756641626358,0.8802395462989807,0.4510902166366577
YDR317W,YIL019W,0,0.49794662,0.16354534029960632,0.8802395462989807,0.4511902332305908
YLR239C,YLL013C,0,0.49756277,0.16351501643657684,0.8802395462989807,0.4512902498245239
YBR088C,YBL066C,0,0.49715257,0.16348470747470856,0.8802395462989807,0.45139026641845703
YGR266W,YKL069W,0,0.49673593,0.16345441341400146,0.8802395462989807,0.4514903128147125
YOR131C,YDR487C,0,0.49521536,0.16342411935329437,0.8802395462989807,0.45159032940864563
YPL063W,YDL243C,0,0.49444067,0.16339385509490967,0.8802395462989807,0.45169034600257874
YGR027W-B,YLR431C,0,0.49442273,0.16336359083652496,0.8802395462989807,0.45179036259651184
YHL050C,YDR219C,0,0.49354386,0.16333332657814026,0.8802395462989807,0.45189037919044495
YBR198C,YJL076W,0,0.4934548,0.16330309212207794,0.8802395462989807,0.45199039578437805
YPR056W,YLR227W-A,0,0.4932533,0.16327285766601562,0.8802395462989807,0.45209041237831116
YLR337C,YCL062W,0,0.4932086,0.1632426381111145,0.8802395462989807,0.45219042897224426
YCR096C,YKL112W,0,0.49209565,0.16321243345737457,0.8802395462989807,0.45229044556617737
YLR068W,YJL091C,0,0.4919356,0.16318224370479584,0.8802395462989807,0.45239049196243286
YGR295C,YDR148C,0,0.49148566,0.1631520539522171,0.8802395462989807,0.45249050855636597
YOR005C,YDR529C,0,0.4913361,0.16312187910079956,0.8802395462989807,0.4525905251502991
YFR008W,YMR004W,0,0.49129677,0.1630917191505432,0.8802395462989807,0.4526905417442322
YNL068C,YNL053W,0,0.4908954,0.16306155920028687,0.8802395462989807,0.4527905583381653
YOR141C,YKR034W,0,0.49058592,0.1630314290523529,0.8802395462989807,0.4528905749320984
YGL115W,YML124C,0,0.48880208,0.16300129890441895,0.8802395462989807,0.4529905915260315
YER148W,YIL044C,0,0.4882549,0.16297116875648499,0.8802395462989807,0.4530906081199646
YPR108W,YBR036C,0,0.48646402,0.1629410684108734,0.8802395462989807,0.4531906247138977
YDR148C,YML102W,0,0.48624265,0.16291096806526184,0.8802395462989807,0.4532906711101532
YGL190C,YHR084W,1,0.48613358,0.16306555271148682,0.8812375068664551,0.4532906711101532
YDR023W,YNR047W,0,0.4851179,0.16303545236587524,0.8812375068664551,0.4533906877040863
YOL094C,YKL048C,0,0.48467562,0.16300535202026367,0.8812375068664551,0.4534907042980194
YOR002W,YOL027C,0,0.4825586,0.1629752665758133,0.8812375068664551,0.4535907208919525
YMR134W,YOR116C,0,0.48248306,0.1629451960325241,0.8812375068664551,0.4536907374858856
YNL164C,YLR275W,0,0.4821577,0.16291512548923492,0.8812375068664551,0.4537907540798187
YDR432W,YDR210C-D,0,0.4810563,0.16288506984710693,0.8812375068664551,0.45389077067375183
YOR330C,YJR089W,0,0.48062557,0.16285502910614014,0.8812375068664551,0.45399078726768494
YGR103W,YFL002W-A,0,0.47844905,0.16282500326633453,0.8812375068664551,0.45409080386161804
YDR394W,YNL291C,0,0.47803158,0.16279499232769012,0.8812375068664551,0.45419085025787354
YLL018C-A,YOR153W,0,0.4778392,0.16276498138904572,0.8812375068664551,0.45429086685180664
YIL062C,YML029W,0,0.4765588,0.1627349853515625,0.8812375068664551,0.45439088344573975
YPL221W,YLR248W,0,0.47643518,0.16270498931407928,0.8812375068664551,0.45449090003967285
YGL076C,YDR058C,0,0.47581446,0.16267502307891846,0.8812375068664551,0.45459091663360596
YKL027W,YDR469W,0,0.47565383,0.16264505684375763,0.8812375068664551,0.45469093322753906
YHR214C-C,YKL046C,0,0.47546527,0.162615105509758,0.8812375068664551,0.45479094982147217
YAR010C,YEL011W,0,0.47456098,0.16258515417575836,0.8812375068664551,0.4548909664154053
YKL084W,YDR408C,0,0.47331074,0.16255523264408112,0.8812375068664551,0.45499101281166077
YPR158W-B,YER149C,0,0.47272646,0.16252531111240387,0.8812375068664551,0.45509102940559387
YOR319W,YPL108W,0,0.47271848,0.16249540448188782,0.8812375068664551,0.455191045999527
YJR110W,YPL214C,0,0.47227252,0.16246549785137177,0.8812375068664551,0.4552910625934601
YKR080W,YNL284C-B,0,0.47089997,0.1624356210231781,0.8812375068664551,0.4553910791873932
YMR017W,YNL159C,0,0.47023922,0.16240574419498444,0.8812375068664551,0.4554910957813263
YML058W,YHR001W-A,0,0.46970755,0.16237586736679077,0.8812375068664551,0.4555911123752594
YIR009W,YBR288C,0,0.46957922,0.1623460203409195,0.8812375068664551,0.4556911289691925
YGR161C-D,YER082C,0,0.46943885,0.16231617331504822,0.8812375068664551,0.4557911455631256
YBR121C,YHR188C,0,0.46915436,0.16228634119033813,0.8812375068664551,0.4558911919593811
YGR027W-B,YBR114W,0,0.46852556,0.16225652396678925,0.8812375068664551,0.4559912085533142
YPR029C,YLL032C,0,0.46786782,0.16222670674324036,0.8812375068664551,0.4560912251472473
YDR365W-B,YAR050W,0,0.46782744,0.16219691932201385,0.8812375068664551,0.4561912417411804
YHR138C,YDL180W,0,0.4673116,0.16216713190078735,0.8812375068664551,0.4562912583351135
YDR034C-D,YGL064C,0,0.4669987,0.16213734447956085,0.8812375068664551,0.45639127492904663
YNL079C,YJR147W,1,0.46608245,0.16229116916656494,0.8822355270385742,0.45639127492904663
YDR280W,YJL062W-A,0,0.46562234,0.16226138174533844,0.8822355270385742,0.45649129152297974
YDR387C,YJL106W,0,0.4653808,0.16223160922527313,0.8822355270385742,0.45659130811691284
YHL009W-B,YER005W,0,0.4643082,0.16220183670520782,0.8822355270385742,0.45669132471084595
YLR410W,YGR161W-A,0,0.46362236,0.1621720790863037,0.8822355270385742,0.45679137110710144
YMR149W,YML063W,0,0.46352422,0.1621423363685608,0.8822355270385742,0.45689138770103455
YDR399W,YBL054W,0,0.46101522,0.16211259365081787,0.8822355270385742,0.45699140429496765
YLR249W,YER120W,0,0.46002674,0.16208288073539734,0.8822355270385742,0.45709142088890076
YBR211C,YAL056W,0,0.45983693,0.1620531678199768,0.8822355270385742,0.45719143748283386
YDR503C,YBR070C,0,0.45976692,0.16202345490455627,0.8822355270385742,0.45729145407676697
YNL183C,YGL127C,0,0.45878303,0.16199377179145813,0.8822355270385742,0.4573914706707001
YPL059W,YKL046C,0,0.4585375,0.16196408867835999,0.8822355270385742,0.4574914872646332
YML067C,YPR025C,0,0.4582911,0.16193442046642303,0.8822355270385742,0.4575915038585663
YLR106C,YCR070W,0,0.45801428,0.16190476715564728,0.8822355270385742,0.4576915502548218
YLR312C-B,YDR251W,1,0.45636737,0.16205823421478271,0.8832335472106934,0.4576915502548218
YDR038C,YDR057W,0,0.4557355,0.16202856600284576,0.8832335472106934,0.4577915668487549
YDL166C,YOL059W,0,0.45567012,0.1619988977909088,0.8832335472106934,0.457891583442688
YOL086W-A,YNR032W,0,0.45530167,0.16196925938129425,0.8832335472106934,0.4579916000366211
YCR016W,YOR192C-B,0,0.45500225,0.1619396209716797,0.8832335472106934,0.4580916166305542
YHR005C,YDR034C-C,0,0.45477298,0.16190998256206512,0.8832335472106934,0.4581916332244873
YGR170W,YOR389W,0,0.45458317,0.16188037395477295,0.8832335472106934,0.4582916498184204
YDL212W,YDR320C-A,0,0.45440382,0.16185076534748077,0.8832335472106934,0.4583916664123535
YMR302C,YPL132W,0,0.45371515,0.1618211716413498,0.8832335472106934,0.458491712808609
YPL246C,YOR037W,0,0.45326018,0.16179159283638,0.8832335472106934,0.4585917294025421
YER100W,YOR192C-A,0,0.4518186,0.16176201403141022,0.8832335472106934,0.4586917459964752
YNL098C,YDL159W,1,0.45144796,0.16191519796848297,0.8842315077781677,0.4586917459964752
YLL032C,YLR139C,0,0.4512285,0.16188561916351318,0.8842315077781677,0.4587917625904083
YER070W,YDR014W,0,0.4508921,0.1618560403585434,0.8842315077781677,0.45889177918434143
YDR531W,YIL005W,0,0.44973496,0.161826491355896,0.8842315077781677,0.45899179577827454
YGR041W,YPR034W,0,0.44939038,0.1617969274520874,0.8842315077781677,0.45909181237220764
YCR092C,YBR040W,0,0.44926333,0.1617673933506012,0.8842315077781677,0.45919182896614075
YHR214C-C,YML100W,0,0.44819382,0.161737859249115,0.8842315077781677,0.45929184556007385
YER074W-A,YNL129W,0,0.44732898,0.16170834004878998,0.8842315077781677,0.45939189195632935
YGL210W,YGR038C-B,0,0.446832,0.16167883574962616,0.8842315077781677,0.45949190855026245
YOL100W,YGR122W,0,0.44617778,0.16164933145046234,0.8842315077781677,0.45959192514419556
YFR010W,YAR042W,0,0.4458421,0.16161984205245972,0.8842315077781677,0.45969194173812866
YFR055W,YEL038W,0,0.44525838,0.1615903675556183,0.8842315077781677,0.45979195833206177
YDL113C,YNL054W-A,0,0.44501647,0.16156090795993805,0.8842315077781677,0.4598919749259949
YFL018C,YPL249C,0,0.44475994,0.1615314483642578,0.8842315077781677,0.459991991519928
YBR265W,YIL039W,0,0.44311488,0.16150200366973877,0.8842315077781677,0.4600920081138611
YGR014W,YHR018C,0,0.44264936,0.16147257387638092,0.8842315077781677,0.4601920247077942
YJR135C,YMR184W,0,0.44224995,0.16144314408302307,0.8842315077781677,0.4602920711040497
YBR171W,YER014W,0,0.4420156,0.16141372919082642,0.8842315077781677,0.4603920876979828
YML095C,YGR283C,0,0.44185853,0.16138432919979095,0.8842315077781677,0.4604921042919159
YPL169C,YML067C,0,0.44074848,0.1613549441099167,0.8842315077781677,0.460592120885849
YMR260C,YOR149C,0,0.44048083,0.16132555902004242,0.8842315077781677,0.4606921374797821
YHR170W,YHR083W,0,0.4404719,0.16129618883132935,0.8842315077781677,0.4607921540737152
YBR024W,YHL009W-B,0,0.4402194,0.16126683354377747,0.8842315077781677,0.4608921706676483
YPL242C,YOR195W,0,0.44007078,0.16123749315738678,0.8842315077781677,0.4609921872615814
YKR079C,YMR288W,0,0.43969157,0.1612081527709961,0.8842315077781677,0.4610922038555145
YPL169C,YGR109W-A,0,0.43953118,0.1611788272857666,0.8842315077781677,0.46119225025177
YJR015W,YPL063W,0,0.4388861,0.1611495018005371,0.8842315077781677,0.4612922668457031
YFR047C,YPL085W,0,0.43825436,0.16112020611763,0.8842315077781677,0.46139228343963623
YPR137C-B,YLL035W,0,0.43793437,0.1610909104347229,0.8842315077781677,0.46149230003356934
YLR398C,YDR127W,0,0.4378578,0.161061629652977,0.8842315077781677,0.46159231662750244
YIL156W,YAL048C,0,0.4362433,0.16103234887123108,0.8842315077781677,0.46169233322143555
YER056C,YDR528W,0,0.43511653,0.16100308299064636,0.8842315077781677,0.46179234981536865
YBR105C,YPR019W,0,0.43492025,0.16097383201122284,0.8842315077781677,0.46189236640930176
YGR038C-A,YER071C,0,0.43391165,0.1609445959329605,0.8842315077781677,0.46199241280555725
YPR105C,YPL060C-A,0,0.4336891,0.16091535985469818,0.8842315077781677,0.46209242939949036
YEL046C,YPR110C,0,0.43304276,0.16088613867759705,0.8842315077781677,0.46219244599342346
YHR072W-A,YDR397C,0,0.43220764,0.1608569324016571,0.8842315077781677,0.46229246258735657
YAL032C,YGL161C,0,0.4314021,0.16082774102687836,0.8842315077781677,0.4623924791812897
YFL061W,YMR042W,0,0.4311833,0.1607985496520996,0.8842315077781677,0.4624924957752228
YPR137C-B,YMR083W,0,0.4307301,0.16076937317848206,0.8842315077781677,0.4625925123691559
YGR058W,YLR045C,0,0.4306052,0.1607401967048645,0.8842315077781677,0.462692528963089
YDR243C,YER159C-A,0,0.43051115,0.16071105003356934,0.8842315077781677,0.4627925455570221
YCR070W,YDR528W,0,0.42980656,0.16068190336227417,0.8842315077781677,0.4628925919532776
YER139C,YDR520C,0,0.42962885,0.1606527715921402,0.8842315077781677,0.4629926085472107
YOR005C,YPR158W-A,0,0.4282319,0.16062363982200623,0.8842315077781677,0.4630926251411438
YMR051C,YOL138C,0,0.42797762,0.16059452295303345,0.8842315077781677,0.4631926417350769
YCR008W,YMR139W,0,0.4279399,0.16056542098522186,0.8842315077781677,0.46329265832901
YLR196W,YDL213C,0,0.42710924,0.16053633391857147,0.8842315077781677,0.4633926749229431
YPR112C,YPL101W,0,0.42706978,0.16050724685192108,0.8842315077781677,0.4634926915168762
YJR065C,YPR008W,0,0.42699087,0.16047817468643188,0.8842315077781677,0.4635927081108093
YDR324C,YNL213C,0,0.4262721,0.16044911742210388,0.8842315077781677,0.46369272470474243
YGL084C,YFR040W,0,0.42617464,0.16042006015777588,0.8842315077781677,0.4637927711009979
YCR018C,YJL062W-A,0,0.42535788,0.16039101779460907,0.8842315077781677,0.46389278769493103
YLR370C,YLR110C,0,0.42486954,0.16036199033260345,0.8842315077781677,0.46399280428886414
YNL327W,YPL225W,0,0.42433935,0.16033297777175903,0.8842315077781677,0.46409282088279724
YDR393W,YGR218W,0,0.4242711,0.1603039652109146,0.8842315077781677,0.46419283747673035
YPR068C,YBR100W,0,0.4241236,0.16027496755123138,0.8842315077781677,0.46429285407066345
YDL126C,YGR109W-A,0,0.42326486,0.16024596989154816,0.8842315077781677,0.46439287066459656
YGR002C,YDR016C,0,0.4222915,0.16021700203418732,0.8842315077781677,0.46449288725852966
YHL003C,YGR002C,0,0.4219324,0.16018803417682648,0.8842315077781677,0.46459290385246277
YER060W-A,YMR165C,0,0.42136133,0.16015908122062683,0.8842315077781677,0.46469295024871826
YOR307C,YMR130W,0,0.4209036,0.16013012826442719,0.8842315077781677,0.46479296684265137
YLR246W,YOL001W,0,0.41881794,0.16010119020938873,0.8842315077781677,0.4648929834365845
YDL044C,YDR210C-D,0,0.41769695,0.16007226705551147,0.8842315077781677,0.4649930000305176
YGR161C-D,YDL043C,0,0.4170781,0.1600433588027954,0.8842315077781677,0.4650930166244507
YKL221W,YDL155W,0,0.4147187,0.16001445055007935,0.8842315077781677,0.4651930332183838
YBR012W-A,YKR031C,0,0.41350505,0.15998555719852448,0.8842315077781677,0.4652930498123169
YDL035C,YNL271C,1,0.41255733,0.16013720631599426,0.8852295279502869,0.4652930498123169
YMR322C,YIR002C,0,0.411802,0.1601082980632782,0.8852295279502869,0.46539306640625
YML106W,YDR034C-C,0,0.41051325,0.16007940471172333,0.8852295279502869,0.4654931128025055
YDR325W,YMR260C,0,0.40981793,0.16005052626132965,0.8852295279502869,0.4655931293964386
YEL021W,YGL139W,0,0.40842056,0.16002164781093597,0.8852295279502869,0.4656931459903717
YHL017W,YNL265C,0,0.4083283,0.1599927842617035,0.8852295279502869,0.4657931625843048
YDR463W,YOR192C-A,0,0.40732697,0.1599639356136322,0.8852295279502869,0.4658931791782379
YIL040W,YHR188C,0,0.40711498,0.1599350869655609,0.8852295279502869,0.465993195772171
YGR040W,YFR034C,0,0.40686032,0.15990625321865082,0.8852295279502869,0.4660932123661041
YGR038C-A,YDR058C,0,0.40657926,0.15987743437290192,0.8852295279502869,0.46619322896003723
YGR046W,YHL009W-B,0,0.40620542,0.15984861552715302,0.8852295279502869,0.46629324555397034
YBR039W,YIR008C,0,0.40595478,0.1598198264837265,0.8852295279502869,0.46639329195022583
YEL034W,YGR046W,0,0.4059162,0.1597910225391388,0.8852295279502869,0.46649330854415894
YDR486C,YLR001C,0,0.4035196,0.15976224839687347,0.8852295279502869,0.46659332513809204
YPR201W,YLL036C,0,0.40239626,0.15973347425460815,0.8852295279502869,0.46669334173202515
YBR171W,YNL224C,0,0.40185016,0.15970471501350403,0.8852295279502869,0.46679335832595825
YER074W-A,YLR432W,0,0.40169615,0.1596759706735611,0.8852295279502869,0.46689337491989136
YMR164C,YER108C,1,0.4015723,0.15982721745967865,0.886227548122406,0.46689337491989136
YNL124W,YDR189W,0,0.40149105,0.15979845821857452,0.886227548122406,0.46699339151382446
YER166W,YNL167C,0,0.4009933,0.1597696989774704,0.886227548122406,0.46709340810775757
YJL137C,YBR094W,0,0.40038463,0.15974095463752747,0.886227548122406,0.4671934247016907
YBR012W-B,YDR377W,0,0.3997634,0.15971222519874573,0.886227548122406,0.46729347109794617
YLR035C-A,YOL065C,0,0.39887214,0.15968351066112518,0.886227548122406,0.4673934876918793
YDR347W,YKR014C,0,0.39716804,0.15965479612350464,0.886227548122406,0.4674935042858124
YDR279W,YML059C,0,0.39671224,0.1596260964870453,0.886227548122406,0.4675935208797455
YNR054C,YHR023W,0,0.3965463,0.15959741175174713,0.886227548122406,0.4676935374736786
YDR156W,YMR224C,0,0.3953586,0.15956872701644897,0.886227548122406,0.4677935540676117
YLR446W,YOL077W-A,0,0.39333573,0.1595400720834732,0.886227548122406,0.4678935706615448
YJR022W,YAL047C,0,0.39295715,0.15951140224933624,0.886227548122406,0.4679935872554779
YNL330C,YKR029C,0,0.39163268,0.15948276221752167,0.886227548122406,0.468093603849411
YLR297W,YIL172C,0,0.39114147,0.1594541221857071,0.886227548122406,0.4681936502456665
YHR148W,YBR003W,0,0.39029062,0.1594254970550537,0.886227548122406,0.4682936668395996
YDR177W,YFL035C-A,0,0.38804623,0.15939687192440033,0.886227548122406,0.4683936834335327
YLR225C,YGR152C,0,0.38779938,0.15936827659606934,0.886227548122406,0.4684937000274658
YAL011W,YML131W,0,0.3873285,0.15933966636657715,0.886227548122406,0.4685937166213989
YMR223W,YIL137C,0,0.3854869,0.15931108593940735,0.886227548122406,0.46869373321533203
YGR235C,YJR073C,0,0.38543797,0.15928250551223755,0.886227548122406,0.46879374980926514
YGR067C,YMR221C,0,0.38541692,0.15925393998622894,0.886227548122406,0.46889376640319824
YOR125C,YBL046W,0,0.38526833,0.15922538936138153,0.886227548122406,0.46899381279945374
YPL001W,YGR161C-C,0,0.3838534,0.15919683873653412,0.886227548122406,0.46909382939338684
YJR135C,YML048W,0,0.38382822,0.1591683030128479,0.886227548122406,0.46919384598731995
YLR450W,YNL308C,0,0.38208652,0.15913978219032288,0.886227548122406,0.46929386258125305
YBL051C,YDR314C,0,0.38168734,0.15911127626895905,0.886227548122406,0.46939387917518616
YHR214C-C,YER035W,0,0.38094857,0.15908277034759521,0.886227548122406,0.46949389576911926
YGL120C,YKR029C,0,0.37969837,0.15905427932739258,0.886227548122406,0.46959391236305237
YDR320C-A,YBR213W,0,0.37966064,0.15902578830718994,0.886227548122406,0.4696939289569855
YDR054C,YOR115C,0,0.37958425,0.1589973121881485,0.886227548122406,0.4697939455509186
YLR148W,YPL258C,0,0.3783543,0.15896885097026825,0.886227548122406,0.4698939919471741
YOR295W,YML121W,0,0.37822938,0.1589404046535492,0.886227548122406,0.4699940085411072
YCR096C,YNL054W-A,0,0.37822136,0.15891195833683014,0.886227548122406,0.4700940251350403
YNL188W,YBR022W,0,0.37768018,0.15888352692127228,0.886227548122406,0.4701940417289734
YDR456W,YDR390C,0,0.3774525,0.15885509550571442,0.886227548122406,0.4702940583229065
YNL298W,YHR084W,1,0.37677348,0.1590055376291275,0.8872255682945251,0.4702940583229065
YMR119W,YGR161W-A,0,0.37528273,0.15897710621356964,0.8872255682945251,0.4703940749168396
YLR238W,YHR158C,0,0.3751755,0.15894868969917297,0.8872255682945251,0.4704940915107727
YOR122C,YDR034C-C,0,0.37439817,0.1589202731847763,0.8872255682945251,0.4705941081047058
YHR098C,YLR038C,0,0.3734453,0.15889187157154083,0.8872255682945251,0.4706941246986389
YKL017C,YLR216C,0,0.37182063,0.15886346995830536,0.8872255682945251,0.4707941710948944
YDR379W,YCR093W,1,0.37175083,0.1590137630701065,0.8882235288619995,0.4707941710948944
YFL062W,YGR161W-A,0,0.37139162,0.15898534655570984,0.8882235288619995,0.4708941876888275
YFL049W,YJL165C,0,0.37133944,0.15895695984363556,0.8882235288619995,0.4709942042827606
YCR029C-A,YGR256W,0,0.3706681,0.15892857313156128,0.8882235288619995,0.4710942208766937
YGL106W,YDR261C-C,0,0.37038958,0.1589002013206482,0.8882235288619995,0.47119423747062683
YFR016C,YKL099C,0,0.36987856,0.1588718295097351,0.8882235288619995,0.47129425406455994
YHR006W,YCL054W,0,0.36979127,0.15884347259998322,0.8882235288619995,0.47139427065849304
YOR262W,YMR092C,0,0.36867964,0.15881513059139252,0.8882235288619995,0.47149428725242615
YHR207C,YGR035C,0,0.36838531,0.158786803483963,0.8882235288619995,0.47159433364868164
YDR142C,YOR119C,0,0.36814922,0.1587584763765335,0.8882235288619995,0.47169435024261475
YKL138C,YGL079W,0,0.36814305,0.1587301641702652,0.8882235288619995,0.47179436683654785
YLR310C,YNL025C,0,0.36683783,0.1587018519639969,0.8882235288619995,0.47189438343048096
YIL023C,YBR135W,0,0.36539233,0.15867355465888977,0.8882235288619995,0.47199440002441406
YLR342W,YDR237W,0,0.36466163,0.15864527225494385,0.8882235288619995,0.47209441661834717
YNL166C,YDR385W,0,0.36368883,0.15861700475215912,0.8882235288619995,0.4721944332122803
YER147C,YLR052W,0,0.3632397,0.1585887372493744,0.8882235288619995,0.4722944498062134
YNL315C,YOR191W,0,0.36289638,0.15856048464775085,0.8882235288619995,0.4723944664001465
YGL079W,YCR048W,0,0.36271375,0.1585322469472885,0.8882235288619995,0.472494512796402
YKL059C,YBR221C,0,0.36260706,0.15850400924682617,0.8882235288619995,0.4725945293903351
YCR069W,YNL217W,0,0.36258203,0.15847578644752502,0.8882235288619995,0.4726945459842682
YLR093C,YDL207W,0,0.3625059,0.15844756364822388,0.8882235288619995,0.4727945625782013
YER051W,YDR210W-A,0,0.36203763,0.15841937065124512,0.8882235288619995,0.4728945791721344
YNL206C,YMR199W,0,0.36153948,0.15839117765426636,0.8882235288619995,0.4729945957660675
YGR047C,YOR337W,0,0.36127797,0.1583629846572876,0.8882235288619995,0.4730946123600006
YJR125C,YHR076W,0,0.36099458,0.15833482146263123,0.8882235288619995,0.4731946289539337
YNL298W,YNL001W,1,0.36093453,0.15848451852798462,0.8892215490341187,0.4731946289539337
YDR098C-A,YHL019C,0,0.36078632,0.15845634043216705,0.8892215490341187,0.4732946455478668
YJL170C,YOR094W,0,0.359862,0.1584281623363495,0.8892215490341187,0.4733946919441223
YCR053W,YOR246C,0,0.3595277,0.15839999914169312,0.8892215490341187,0.4734947085380554
YMR183C,YEL032W,0,0.3593259,0.15837185084819794,0.8892215490341187,0.4735947251319885
YHR046C,YDL017W,0,0.35928893,0.15834370255470276,0.8892215490341187,0.47369474172592163
YJR064W,YPL074W,0,0.35927957,0.15831556916236877,0.8892215490341187,0.47379475831985474
YNL250W,YHL021C,0,0.3581531,0.1582874357700348,0.8892215490341187,0.47389477491378784
YEL018W,YHL009W-B,0,0.3580333,0.1582593321800232,0.8892215490341187,0.47399479150772095
YDR051C,YLR414C,0,0.3567499,0.1582312136888504,0.8892215490341187,0.47409480810165405
YJL062W-A,YNL214W,0,0.35658568,0.158203125,0.8892215490341187,0.47419482469558716
YJL097W,YPR086W,0,0.35621047,0.1581750363111496,0.8892215490341187,0.47429487109184265
YPL053C,YNL054W-A,0,0.35592484,0.1581469625234604,0.8892215490341187,0.47439488768577576
YOR028C,YLR292C,0,0.35531998,0.15811890363693237,0.8892215490341187,0.47449490427970886
YJR033C,YLR128W,0,0.35481668,0.15809084475040436,0.8892215490341187,0.47459492087364197
YER161C,YEL065W,0,0.35474646,0.15806280076503754,0.8892215490341187,0.4746949374675751
YPL145C,YDL064W,0,0.35446906,0.15803475677967072,0.8892215490341187,0.4747949540615082
YLR090W,YFL035C-A,0,0.3542254,0.15800674259662628,0.8892215490341187,0.4748949706554413
YOL011W,YML047C,0,0.35339022,0.15797872841358185,0.8892215490341187,0.4749949872493744
YLR418C,YGR211W,0,0.3529125,0.15795071423053741,0.8892215490341187,0.4750950336456299
YPR029C,YJL162C,0,0.3523482,0.15792272984981537,0.8892215490341187,0.475195050239563
YMR303C,YNL263C,0,0.35228062,0.15789473056793213,0.8892215490341187,0.4752950668334961
YDR316W-B,YNL130C,0,0.35124737,0.15786676108837128,0.8892215490341187,0.4753950834274292
YFR024C-A,YGL063W,0,0.34952232,0.15783879160881042,0.8892215490341187,0.4754951000213623
YKL188C,YPL257W-A,0,0.34879085,0.15781083703041077,0.8892215490341187,0.4755951166152954
YJL065C,YGL219C,0,0.3487432,0.1577828973531723,0.8892215490341187,0.4756951332092285
YDL065C,YDR386W,0,0.3481043,0.15775495767593384,0.8892215490341187,0.4757951498031616
YOL137W,YGL191W,0,0.34802496,0.15772703289985657,0.8892215490341187,0.4758951663970947
YDL115C,YKR007W,0,0.34745026,0.1576991081237793,0.8892215490341187,0.4759952127933502
YHR032W,YGL045W,0,0.34663516,0.15767121315002441,0.8892215490341187,0.4760952293872833
YIL131C,YBR066C,1,0.3461976,0.15782023966312408,0.8902195692062378,0.4760952293872833
YGL003C,YJL210W,0,0.34485042,0.157792329788208,0.8902195692062378,0.47619524598121643
YIL064W,YGL160W,0,0.3445078,0.15776441991329193,0.8902195692062378,0.47629526257514954
YOR113W,YAL005C,0,0.3438723,0.15773651003837585,0.8902195692062378,0.47639527916908264
YHR186C,YDR252W,0,0.34314787,0.15770862996578217,0.8902195692062378,0.47649529576301575
YOL103W,YBR082C,0,0.34284508,0.15768074989318848,0.8902195692062378,0.47659531235694885
YPL258C,YPR158W-A,0,0.34214312,0.15765288472175598,0.8902195692062378,0.47669532895088196
YIR006C,YAR044W,0,0.34143007,0.1576250195503235,0.8902195692062378,0.47679534554481506
YDR210W,YOR056C,0,0.34072435,0.15759716928005219,0.8902195692062378,0.47689539194107056
YPR114W,YDR365W-B,0,0.34015432,0.15756933391094208,0.8902195692062378,0.47699540853500366
YGR027W-A,YLR118C,0,0.33965716,0.15754149854183197,0.8902195692062378,0.47709542512893677
YBR179C,YJL062W-A,0,0.33919802,0.15751367807388306,0.8902195692062378,0.4771954417228699
YPR073C,YOL019W,0,0.3390143,0.15748587250709534,0.8902195692062378,0.477295458316803
YDR388W,YFR042W,0,0.33804354,0.1574580818414688,0.8902195692062378,0.4773954749107361
YOR389W,YEL059C-A,0,0.33709037,0.15743029117584229,0.8902195692062378,0.4774954915046692
YJR088C,YDL038C,0,0.336373,0.15740250051021576,0.8902195692062378,0.4775955080986023
YOR244W,YOR192C-A,0,0.335782,0.15737473964691162,0.8902195692062378,0.4776955246925354
YOR151C,YOR118W,0,0.33558625,0.15734697878360748,0.8902195692062378,0.4777955710887909
YBR227C,YLR097C,0,0.33554482,0.15731921792030334,0.8902195692062378,0.477895587682724
YDL178W,YGR013W,0,0.3347754,0.1572914868593216,0.8902195692062378,0.4779956042766571
YIL110W,YDR210W-A,0,0.33439514,0.15726375579833984,0.8902195692062378,0.4780956208705902
YDR023W,YDR261W-B,0,0.3337015,0.1572360247373581,0.8902195692062378,0.4781956374645233
YGR116W,YKL199C,0,0.33238602,0.15720832347869873,0.8902195692062378,0.4782956540584564
YHR080C,YBL066C,0,0.33141053,0.15718062222003937,0.8902195692062378,0.4783956706523895
YJL065C,YDR316W-A,0,0.3313647,0.15715292096138,0.8902195692062378,0.47849568724632263
YDL149W,YNL217W,0,0.33095098,0.15712524950504303,0.8902195692062378,0.4785957336425781
YBR253W,YMR289W,0,0.33070672,0.15709756314754486,0.8902195692062378,0.47869575023651123
YPL248C,YJR054W,0,0.33031937,0.15706990659236908,0.8902195692062378,0.47879576683044434
YBR122C,YDL017W,0,0.3300825,0.1570422500371933,0.8902195692062378,0.47889578342437744
YER089C,YER094C,0,0.32950208,0.1570146083831787,0.8902195692062378,0.47899580001831055
YIL125W,YBR012W-B,0,0.32923228,0.15698698163032532,0.8902195692062378,0.47909581661224365
YJR047C,YGL059W,0,0.32773685,0.15695935487747192,0.8902195692062378,0.47919583320617676
YNL054W-B,YMR113W,0,0.3257536,0.15693174302577972,0.8902195692062378,0.47929584980010986
YGR027W-A,YOR284W,0,0.32562196,0.15690413117408752,0.8902195692062378,0.47939586639404297
YGR212W,YDR425W,0,0.32548493,0.15687653422355652,0.8902195692062378,0.47949591279029846
YNL079C,YAL041W,1,0.32452273,0.1570248007774353,0.8912175893783569,0.47949591279029846
YGR161C-C,YPL031C,0,0.32442313,0.1569971889257431,0.8912175893783569,0.47959592938423157
YMR074C,YJL197W,0,0.323785,0.1569695919752121,0.8912175893783569,0.4796959459781647
YDR407C,YJL062W,0,0.32360303,0.15694200992584229,0.8912175893783569,0.4797959625720978
YJL116C,YPL089C,0,0.32359707,0.15691442787647247,0.8912175893783569,0.4798959791660309
YOR262W,YDR489W,0,0.32313043,0.15688686072826385,0.8912175893783569,0.479995995759964
YDR121W,YOR272W,0,0.3229727,0.15685929358005524,0.8912175893783569,0.4800960123538971
YGL040C,YBL091C,0,0.32226872,0.156831756234169,0.8912175893783569,0.4801960289478302
YER060W-A,YHR045W,0,0.32133105,0.15680421888828278,0.8912175893783569,0.4802960455417633
YJR009C,YDR261C-C,0,0.32106787,0.15677668154239655,0.8912175893783569,0.4803960919380188
YNL145W,YBR245C,0,0.3187647,0.1567491590976715,0.8912175893783569,0.4804961085319519
YEL002C,YCR020W-B,0,0.31726217,0.15672165155410767,0.8912175893783569,0.480596125125885
YDR210W,YIL009W,0,0.3169234,0.15669415891170502,0.8912175893783569,0.4806961417198181
YLR154W-C,YMR217W,0,0.316612,0.15666666626930237,0.8912175893783569,0.4807961583137512
YDR237W,YOR245C,0,0.31626755,0.1566391885280609,0.8912175893783569,0.4808961749076843
YML027W,YMR130W,0,0.31544566,0.15661171078681946,0.8912175893783569,0.48099619150161743
YCL027W,YDR352W,0,0.31442845,0.1565842479467392,0.8912175893783569,0.48109620809555054
YDR490C,YHL009W-B,0,0.31406128,0.15655680000782013,0.8912175893783569,0.48119622468948364
YER021W,YKR078W,0,0.31366077,0.15652936697006226,0.8912175893783569,0.48129627108573914
YOL139C,YDR073W,0,0.31255317,0.15650193393230438,0.8912175893783569,0.48139628767967224
YIL099W,YMR281W,0,0.31207937,0.1564745008945465,0.8912175893783569,0.48149630427360535
YLR078C,YJR150C,0,0.3120392,0.15644709765911102,0.8912175893783569,0.48159632086753845
YDL193W,YGR261C,0,0.31181848,0.15641969442367554,0.8912175893783569,0.48169633746147156
YJR066W,YEL002C,0,0.31143135,0.15639229118824005,0.8912175893783569,0.48179635405540466
YEL019C,YPR137C-B,0,0.31125918,0.15636490285396576,0.8912175893783569,0.48189637064933777
YGR161C-C,YEL011W,0,0.3109838,0.15633752942085266,0.8912175893783569,0.4819963872432709
YGL219C,YAR003W,0,0.31052685,0.15631017088890076,0.8912175893783569,0.48209643363952637
YBR146W,YGL058W,0,0.31048942,0.15628281235694885,0.8912175893783569,0.4821964502334595
YBR087W,YGR266W,0,0.30952552,0.15625546872615814,0.8912175893783569,0.4822964668273926
YGR027W-B,YMR125W,0,0.30933633,0.15622812509536743,0.8912175893783569,0.4823964834213257
YDR531W,YLR194C,0,0.3083861,0.1562008112668991,0.8912175893783569,0.4824965000152588
YNR051C,YLR207W,0,0.3072048,0.1561734825372696,0.8912175893783569,0.4825965166091919
YOR009W,YDR432W,0,0.3062675,0.15614618360996246,0.8912175893783569,0.482696533203125
YOR131C,YBL009W,0,0.30617243,0.15611888468265533,0.8912175893783569,0.4827965497970581
YLR070C,YDR224C,0,0.30562878,0.1560915857553482,0.8912175893783569,0.4828965663909912
YML038C,YEL027W,0,0.30468118,0.15606431663036346,0.8912175893783569,0.4829966127872467
YKL005C,YCR037C,0,0.3045916,0.15603704750537872,0.8912175893783569,0.4830966293811798
YMR161W,YBL004W,0,0.30385375,0.15600977838039398,0.8912175893783569,0.4831966459751129
YPR018W,YER119C,0,0.30254757,0.15598253905773163,0.8912175893783569,0.483296662569046
YKR001C,YMR262W,0,0.30171847,0.15595528483390808,0.8912175893783569,0.4833966791629791
YPL045W,YHR112C,0,0.3013717,0.15592806041240692,0.8912175893783569,0.48349669575691223
YFR038W,YNL065W,0,0.30104375,0.15590083599090576,0.8912175893783569,0.48359671235084534
YIL019W,YDR210C-D,0,0.30088246,0.1558736264705658,0.8912175893783569,0.48369672894477844
YML078W,YJL062W-A,0,0.3004129,0.15584641695022583,0.8912175893783569,0.48379674553871155
YCR045C,YDR075W,0,0.30023593,0.15581922233104706,0.8912175893783569,0.48389679193496704
YER140W,YLR240W,0,0.29994774,0.15579204261302948,0.8912175893783569,0.48399680852890015
YGR161W-A,YOR256C,0,0.2996189,0.1557648628950119,0.8912175893783569,0.48409682512283325
YBR033W,YDR036C,0,0.29952908,0.15573769807815552,0.8912175893783569,0.48419684171676636
YBR133C,YBR228W,0,0.29915792,0.15571054816246033,0.8912175893783569,0.48429685831069946
YJL046W,YFR024C,0,0.29870555,0.15568339824676514,0.8912175893783569,0.48439687490463257
YMR162C,YKL010C,0,0.29866618,0.15565626323223114,0.8912175893783569,0.4844968914985657
YDR088C,YGR109W-A,0,0.29686674,0.15562914311885834,0.8912175893783569,0.4845969080924988
YDL067C,YLL023C,0,0.29503155,0.15560202300548553,0.8912175893783569,0.4846969246864319
YDL008W,YOL089C,0,0.29489642,0.15557491779327393,0.8912175893783569,0.4847969710826874
YOR048C,YDL098C,0,0.29477867,0.15554781258106232,0.8912175893783569,0.4848969876766205
YPL178W,YJL008C,0,0.29458633,0.1555207222700119,0.8912175893783569,0.4849970042705536
YDR438W,YOL116W,0,0.29448238,0.15549364686012268,0.8912175893783569,0.4850970208644867
YPL057C,YPR158C-D,0,0.29434735,0.15546657145023346,0.8912175893783569,0.4851970374584198
YJR125C,YIL005W,0,0.2939332,0.15543951094150543,0.8912175893783569,0.4852970540523529
YMR060C,YHR026W,0,0.29361832,0.1554124653339386,0.8912175893783569,0.485397070646286
YDR359C,YGR058W,0,0.29325938,0.15538541972637177,0.8912175893783569,0.4854970872402191
YLR227W-A,YJL106W,0,0.29296607,0.15535838901996613,0.8912175893783569,0.4855971336364746
YBR254C,YDR318W,0,0.29231942,0.15533135831356049,0.8912175893783569,0.4856971502304077
YGL033W,YDR365W-B,0,0.2922689,0.15530434250831604,0.8912175893783569,0.4857971668243408
YDL207W,YDR057W,0,0.29126412,0.1552773416042328,0.8912175893783569,0.4858971834182739
YBL105C,YOL092W,0,0.29115435,0.15525034070014954,0.8912175893783569,0.48599720001220703
YPL069C,YDR145W,0,0.29102218,0.15522335469722748,0.8912175893783569,0.48609721660614014
YPR166C,YDR261W-B,0,0.290791,0.1551963835954666,0.8912175893783569,0.48619723320007324
YMR271C,YAR010C,0,0.29069045,0.15516941249370575,0.8912175893783569,0.48629724979400635
YGR001C,YJR118C,0,0.2901659,0.15514245629310608,0.8912175893783569,0.48639726638793945
YNL207W,YDR400W,0,0.28946134,0.1551155149936676,0.8912175893783569,0.48649731278419495
YNR032C-A,YMR080C,0,0.2891682,0.15508857369422913,0.8912175893783569,0.48659732937812805
YJL018W,YLR372W,0,0.28909594,0.15506164729595184,0.8912175893783569,0.48669734597206116
YPR020W,YDR210W-A,0,0.28726354,0.15503472089767456,0.8912175893783569,0.48679736256599426
YGR200C,YOL005C,0,0.28458938,0.15500780940055847,0.8912175893783569,0.48689737915992737
YMR070W,YHR039C-B,0,0.28427184,0.15498091280460358,0.8912175893783569,0.4869973957538605
YJL041W,YMR199W,0,0.2840721,0.15495401620864868,0.8912175893783569,0.4870974123477936
YPL246C,YFR051C,0,0.28373957,0.15492713451385498,0.8912175893783569,0.4871974289417267
YPR049C,YHL003C,0,0.28234267,0.15490025281906128,0.8912175893783569,0.4872974455356598
YPL221W,YOR128C,0,0.28204632,0.15487340092658997,0.8912175893783569,0.4873974919319153
YDL210W,YLR233C,0,0.28076956,0.15484653413295746,0.8912175893783569,0.4874975085258484
YDL165W,YCL019W,0,0.2801859,0.15481969714164734,0.8912175893783569,0.4875975251197815
YEL077C,YCR023C,0,0.27930197,0.15479286015033722,0.8912175893783569,0.4876975417137146
YPL215W,YDR210C-D,0,0.279037,0.1547660380601883,0.8912175893783569,0.4877975583076477
YPR004C,YAR018C,0,0.2788288,0.15473921597003937,0.8912175893783569,0.4878975749015808
YER160C,YKR072C,0,0.27863955,0.15471240878105164,0.8912175893783569,0.4879975914955139
YDR316W-B,YDR480W,0,0.27855074,0.1546856015920639,0.8912175893783569,0.488097608089447
YOL100W,YPL108W,0,0.27823162,0.15465880930423737,0.8912175893783569,0.4881976246833801
YGR075C,YDR261C-C,0,0.27780318,0.15463203191757202,0.8912175893783569,0.4882976710796356
YMR220W,YGR035C,0,0.2776491,0.15460526943206787,0.8912175893783569,0.4883976876735687
YOR007C,YOL092W,0,0.27743077,0.15457850694656372,0.8912175893783569,0.48849770426750183
YBR041W,YLR035C-A,0,0.27741745,0.15455174446105957,0.8912175893783569,0.48859772086143494
YDR387C,YDR128W,0,0.2772243,0.1545249968767166,0.8912175893783569,0.48869773745536804
YMR237W,YLL050C,0,0.27710113,0.15449826419353485,0.8912175893783569,0.48879775404930115
YKL079W,YBR084W,0,0.27690315,0.15447154641151428,0.8912175893783569,0.48889777064323425
YGR041W,YNL020C,0,0.27557337,0.1544448286294937,0.8912175893783569,0.48899778723716736
YMR101C,YKL008C,0,0.27557123,0.15441812574863434,0.8912175893783569,0.48909783363342285
YLR312C-B,YDR477W,1,0.27464834,0.15456432104110718,0.8922155499458313,0.48909783363342285
YIL113W,YHR178W,0,0.27334523,0.1545376032590866,0.8922155499458313,0.48919785022735596
YNL224C,YMR023C,0,0.27310285,0.15451088547706604,0.8922155499458313,0.48929786682128906
YER078C,YPR095C,0,0.27215818,0.15448418259620667,0.8922155499458313,0.48939788341522217
YKL197C,YLR266C,0,0.27040565,0.15445749461650848,0.8922155499458313,0.4894979000091553
YCR093W,YDR099W,1,0.27016258,0.15460355579853058,0.8932135701179504,0.4894979000091553
YNL126W,YGL155W,0,0.2700558,0.1545768529176712,0.8932135701179504,0.4895979166030884
YCR073C,YGL222C,0,0.26972705,0.15455016493797302,0.8932135701179504,0.4896979331970215
YML096W,YDL209C,0,0.26925248,0.15452347695827484,0.8932135701179504,0.4897979497909546
YKL042W,YDR085C,0,0.26850677,0.15449680387973785,0.8932135701179504,0.4898979663848877
YHR200W,YLR134W,0,0.26771986,0.15447014570236206,0.8932135701179504,0.4899980127811432
YOR330C,YPL162C,0,0.2669533,0.15444348752498627,0.8932135701179504,0.4900980293750763
YOR017W,YJL090C,0,0.26580068,0.15441684424877167,0.8932135701179504,0.4901980459690094
YDR261C-C,YNL225C,0,0.2644124,0.15439020097255707,0.8932135701179504,0.4902980625629425
YDL127W,YPR120C,0,0.2643868,0.15436357259750366,0.8932135701179504,0.4903980791568756
YJR075W,YOL029C,0,0.26285172,0.15433695912361145,0.8932135701179504,0.4904980957508087
YBR207W,YPL192C,0,0.26203388,0.15431034564971924,0.8932135701179504,0.4905981123447418
YJR047C,YKL138C-A,0,0.26094282,0.15428374707698822,0.8932135701179504,0.4906981289386749
YGR135W,YAR003W,0,0.26055965,0.1542571485042572,0.8932135701179504,0.49079814553260803
YKL221W,YER071C,0,0.26037085,0.15423056483268738,0.8932135701179504,0.4908981919288635
YPL228W,YDL143W,0,0.25917673,0.15420399606227875,0.8932135701179504,0.49099820852279663
YDR477W,YBR272C,0,0.25865847,0.15417742729187012,0.8932135701179504,0.49109822511672974
YBR054W,YAR009C,0,0.25798362,0.15415087342262268,0.8932135701179504,0.49119824171066284
YFL047W,YPR003C,0,0.25731227,0.15412433445453644,0.8932135701179504,0.49129825830459595
YMR070W,YDR170W-A,0,0.25700334,0.1540977954864502,0.8932135701179504,0.49139827489852905
YOL127W,YGR109W-A,0,0.25586748,0.15407127141952515,0.8932135701179504,0.49149829149246216
YGL098W,YGR193C,0,0.2558006,0.1540447473526001,0.8932135701179504,0.49159830808639526
YML064C,YJR155W,0,0.2548711,0.15401823818683624,0.8932135701179504,0.49169835448265076
YKL017C,YFL002W-A,0,0.25375804,0.15399174392223358,0.8932135701179504,0.49179837107658386
YKR096W,YPL237W,0,0.2534151,0.15396524965763092,0.8932135701179504,0.49189838767051697
YOR344C,YPL032C,0,0.25275552,0.15393877029418945,0.8932135701179504,0.4919984042644501
YOR189W,YJL018W,0,0.2519268,0.15391229093074799,0.8932135701179504,0.4920984208583832
YGL035C,YNL020C,0,0.25184286,0.1538858264684677,0.8932135701179504,0.4921984374523163
YNR040W,YPL214C,0,0.25166768,0.15385937690734863,0.8932135701179504,0.4922984540462494
YHR202W,YGR165W,0,0.25107342,0.15383292734622955,0.8932135701179504,0.4923984706401825
YGR295C,YBR090C-A,0,0.25014544,0.15380649268627167,0.8932135701179504,0.4924984872341156
YGR161C-C,YJR135W-A,0,0.24949685,0.15378007292747498,0.8932135701179504,0.4925985336303711
YDR446W,YJR135C,0,0.24945861,0.15375365316867828,0.8932135701179504,0.4926985502243042
YIL013C,YJL203W,0,0.24884915,0.15372724831104279,0.8932135701179504,0.4927985668182373
YHR181W,YER159C-A,0,0.24873108,0.1537008434534073,0.8932135701179504,0.4928985834121704
YJL145W,YDR135C,0,0.24864411,0.15367445349693298,0.8932135701179504,0.4929986000061035
YOR356W,YDR388W,0,0.24834128,0.15364806354045868,0.8932135701179504,0.4930986166000366
YKL120W,YOR049C,0,0.24773139,0.15362168848514557,0.8932135701179504,0.4931986331939697
YHL009W-B,YNL149C,0,0.24744391,0.15359532833099365,0.8932135701179504,0.49329864978790283
YOR372C,YOR172W,0,0.24728398,0.15356898307800293,0.8932135701179504,0.49339866638183594
YDL144C,YOR119C,0,0.24685116,0.1535426378250122,0.8932135701179504,0.49349871277809143
YDL012C,YGR027W-B,0,0.24585743,0.15351629257202148,0.8932135701179504,0.49359872937202454
YGR014W,YPL144W,0,0.2448328,0.15348996222019196,0.8932135701179504,0.49369874596595764
YGR209C,YLR067C,0,0.24475539,0.15346364676952362,0.8932135701179504,0.49379876255989075
YJR129C,YOR192C-B,0,0.2445915,0.15343734622001648,0.8932135701179504,0.49389877915382385
YMR100W,YLR216C,0,0.24425703,0.15341104567050934,0.8932135701179504,0.49399879574775696
YOR339C,YPR173C,0,0.24424362,0.1533847451210022,0.8932135701179504,0.49409881234169006
YDR055W,YCR079W,0,0.24394476,0.15335845947265625,0.8932135701179504,0.49419882893562317
YDR212W,YGR215W,0,0.24389052,0.1533321887254715,0.8932135701179504,0.4942988455295563
YJR147W,YAL056W,1,0.24335288,0.15347722172737122,0.8942115902900696,0.4942988455295563
YDR098C-A,YKL211C,0,0.2432555,0.15345093607902527,0.8942115902900696,0.49439889192581177
YMR242C,YGR082W,0,0.2429666,0.15342465043067932,0.8942115902900696,0.4944989085197449
YPR158W-A,YNL280C,0,0.24274501,0.15339839458465576,0.8942115902900696,0.494598925113678
YLR343W,YOR214C,0,0.2420972,0.1533721387386322,0.8942115902900696,0.4946989417076111
YJR093C,YOR214C,0,0.24197574,0.15334588289260864,0.8942115902900696,0.4947989583015442
YGR200C,YLR013W,0,0.24185658,0.15331964194774628,0.8942115902900696,0.4948989748954773
YGR099W,YNR063W,0,0.24169862,0.1532934159040451,0.8942115902900696,0.4949989914894104
YER093C,YMR232W,0,0.24156895,0.15326718986034393,0.8942115902900696,0.4950990080833435
YPR137C-B,YER065C,0,0.24143618,0.15324097871780396,0.8942115902900696,0.495199054479599
YDR246W,YDR098C-A,0,0.24126208,0.15321476757526398,0.8942115902900696,0.4952990710735321
YPL016W,YDR118W,0,0.24101067,0.1531885862350464,0.8942115902900696,0.4953990876674652
YNL094W,YLR390W-A,0,0.24081278,0.1531623899936676,0.8942115902900696,0.4954991042613983
YFR024C-A,YLR006C,0,0.24059755,0.15313620865345,0.8942115902900696,0.4955991208553314
YLR411W,YGR263C,0,0.24008825,0.15311004221439362,0.8942115902900696,0.4956991374492645
YHR032W,YMR086W,0,0.23997566,0.1530838906764984,0.8942115902900696,0.49579915404319763
YDR231C,YDR519W,0,0.23988354,0.1530577391386032,0.8942115902900696,0.49589917063713074
YNR059W,YDR397C,0,0.23942357,0.1530316025018692,0.8942115902900696,0.49599918723106384
YER170W,YHR214W-G,0,0.23819527,0.1530054658651352,0.8942115902900696,0.49609923362731934
YDR210W-D,YLR083C,0,0.23819527,0.15297934412956238,0.8942115902900696,0.49619925022125244
YMR122W-A,YPL280W,0,0.23819527,0.15295322239398956,0.8942115902900696,0.49629926681518555
YNL024C-A,YPL242C,0,0.23819527,0.15292711555957794,0.8942115902900696,0.49639928340911865
YMR122W-A,YGR038C-A,0,0.23819527,0.15290102362632751,0.8942115902900696,0.49649930000305176
YOR343C-A,YIL026C,0,0.23819527,0.1528749316930771,0.8942115902900696,0.49659931659698486
YBL008W-A,YHL025W,0,0.23819527,0.15284885466098785,0.8942115902900696,0.49669933319091797
YNR026C,YBL101W-A,0,0.23819527,0.15282279253005981,0.8942115902900696,0.4967993497848511
YDL058W,YOR343C-A,0,0.23819527,0.15279673039913177,0.8942115902900696,0.4968993663787842
YNL212W,YHL009W-B,0,0.23819527,0.15277066826820374,0.8942115902900696,0.4969994127750397
YDR210W-D,YLR186W,0,0.23819527,0.15274463593959808,0.8942115902900696,0.4970994293689728
YJL133C-A,YJL063C,0,0.23819527,0.15271858870983124,0.8942115902900696,0.4971994459629059
YBL008W-A,YDR071C,0,0.23819527,0.15269257128238678,0.8942115902900696,0.497299462556839
YNL024C-A,YER139C,0,0.23819527,0.15266655385494232,0.8942115902900696,0.4973994791507721
YER053C-A,YJL092W,0,0.23819527,0.15264055132865906,0.8942115902900696,0.4974994957447052
YLR283W,YDL038C,0,0.23819527,0.1526145488023758,0.8942115902900696,0.4975995123386383
YLR157C-A,YLR313C,0,0.23819527,0.15258856117725372,0.8942115902900696,0.4976995289325714
YOR293W,YNL024C-A,0,0.23819527,0.15256257355213165,0.8942115902900696,0.4977995455265045
YJL018W,YKL069W,0,0.23819527,0.15253660082817078,0.8942115902900696,0.49789959192276
YNL024C-A,YCL059C,0,0.23819527,0.1525106430053711,0.8942115902900696,0.4979996085166931
YNL181W,YJL062W-A,0,0.23819527,0.1524846851825714,0.8942115902900696,0.4980996251106262
YDR025W,YCL048W-A,0,0.23819527,0.15245874226093292,0.8942115902900696,0.4981996417045593
YOR046C,YBL101W-A,0,0.23819527,0.15243279933929443,0.8942115902900696,0.49829965829849243
YBL101W-A,YBR104W,0,0.23819527,0.15240687131881714,0.8942115902900696,0.49839967489242554
YLR157C-A,YNL207W,0,0.23819527,0.15238095819950104,0.8942115902900696,0.49849969148635864
YCL012W,YOL029C,0,0.23819527,0.15235504508018494,0.8942115902900696,0.49859970808029175
YCR021C,YDR098C-A,0,0.23819527,0.15232914686203003,0.8942115902900696,0.49869975447654724
YCR028C-A,YER053C-A,0,0.23819527,0.15230324864387512,0.8942115902900696,0.49879977107048035
YJL133C-A,YNR032W,0,0.23819527,0.1522773653268814,0.8942115902900696,0.49889978766441345
YLR157C-A,YPL009C,0,0.23819527,0.1522514820098877,0.8942115902900696,0.49899980425834656
YDR210W-C,YPL086C,0,0.23819527,0.15222561359405518,0.8942115902900696,0.49909982085227966
YPL060C-A,YAR044W,0,0.23819527,0.15219976007938385,0.8942115902900696,0.49919983744621277
YBL022C,YBR200W-A,0,0.23819527,0.15217390656471252,0.8942115902900696,0.4992998540401459
YDR244W,YBL101W-A,0,0.23819527,0.1521480679512024,0.8942115902900696,0.499399870634079
YJL018W,YBR241C,0,0.23819527,0.15212224423885345,0.8942115902900696,0.4994998872280121
YOR343W-A,YLR157C-A,0,0.23819527,0.15209642052650452,0.8942115902900696,0.4995999336242676
YHR214W-G,YKL160W,0,0.23819527,0.15207059681415558,0.8942115902900696,0.4996999502182007
YJL021C,YGL185C,0,0.23819527,0.15204480290412903,0.8942115902900696,0.4997999668121338
YOR343C-B,YIL005W,0,0.23819527,0.15201900899410248,0.8942115902900696,0.4998999834060669
YGR122W,YKL199C,0,0.23819527,0.15199321508407593,0.8942115902900696,0.5
YDR314C,YNL054W-A,0,0.23819527,0.15196743607521057,0.8942115902900696,0.5001000165939331
YDR210W-C,YDR075W,0,0.23819527,0.1519416719675064,0.8942115902900696,0.5002000331878662
YJL133C-A,YJL001W,0,0.23819527,0.15191590785980225,0.8942115902900696,0.5003000497817993
YCR043C,YLR312C-B,0,0.23819527,0.15189014375209808,0.8942115902900696,0.5004000663757324
YBR012W-A,YBR058C-A,0,0.23819527,0.1518644094467163,0.8942115902900696,0.5005000829696655
YDR092W,YOR343C-A,0,0.23819527,0.15183867514133453,0.8942115902900696,0.5006000995635986
YDL232W,YBR200W-A,0,0.23819527,0.15181294083595276,0.8942115902900696,0.5007001161575317
YDR210W-C,YNL069C,0,0.23819527,0.15178722143173218,0.8942115902900696,0.5008001327514648
YBR233W-A,YBL036C,0,0.23819527,0.1517615169286728,0.8942115902900696,0.5009002089500427
YER053C-A,YDR115W,0,0.23819527,0.1517358124256134,0.8942115902900696,0.5010002255439758
YDR210W-C,YJR073C,0,0.23819527,0.1517101228237152,0.8942115902900696,0.5011002421379089
YOR110W,YOR343C-B,0,0.23819527,0.1516844481229782,0.8942115902900696,0.501200258731842
YPL170W,YLR157C-A,0,0.23819527,0.1516587734222412,0.8942115902900696,0.5013002753257751
YGR075C,YBL101W-A,0,0.23819527,0.1516330987215042,0.8942115902900696,0.5014002919197083
YMR216C,YHL009W-A,0,0.23819527,0.1516074389219284,0.8942115902900696,0.5015003085136414
YNL024C-A,YHR103W,0,0.23819527,0.1515817940235138,0.8942115902900696,0.5016003251075745
YMR244C-A,YFL018W-A,0,0.23819527,0.15155616402626038,0.8942115902900696,0.5017003417015076
YDR524C-B,YOR129C,0,0.23819527,0.15153051912784576,0.8942115902900696,0.5018003582954407
YDR524C-B,YOR312C,0,0.23819527,0.15150490403175354,0.8942115902900696,0.5019003748893738
YLR297W,YCL062W,0,0.23819527,0.15147928893566132,0.8942115902900696,0.5020003914833069
YML045W,YER053C-A,0,0.23819527,0.15145368874073029,0.8942115902900696,0.50210040807724
YPL226W,YHR214W-G,0,0.23819527,0.15142808854579926,0.8942115902900696,0.5022004246711731
YDR127W,YPL060C-A,0,0.23819527,0.15140250325202942,0.8942115902900696,0.5023004412651062
YKL101W,YAR070W-A,0,0.23819527,0.15137691795825958,0.8942115902900696,0.5024004578590393
YER053C-A,YLR081W,0,0.23819527,0.15135134756565094,0.8942115902900696,0.5025004744529724
YCR029C-A,YNL217W,0,0.23819527,0.1513257920742035,0.8942115902900696,0.5026004910469055
YOR343C-A,YAL042W,0,0.23819527,0.15130023658275604,0.8942115902900696,0.5027005672454834
YGL258W-A,YNL240C,0,0.23819527,0.1512746959924698,0.8942115902900696,0.5028005838394165
YDL240W,YBL101W-A,0,0.23819527,0.15124915540218353,0.8942115902900696,0.5029006004333496
YNL072W,YHR214W-G,0,0.23819527,0.15122362971305847,0.8942115902900696,0.5030006170272827
YIL082W-A,YDL134C-A,0,0.23819527,0.1511981040239334,0.8942115902900696,0.5031006336212158
YHR064C,YNL024C-A,0,0.23819527,0.15117259323596954,0.8942115902900696,0.5032006502151489
YKL100C,YAR044W,0,0.23819527,0.15114709734916687,0.8942115902900696,0.503300666809082
YBR058C,YOR343C-A,0,0.23819527,0.1511216014623642,0.8942115902900696,0.5034006834030151
YCL012W,YLL066C,0,0.23819527,0.15109612047672272,0.8942115902900696,0.5035006999969482
YLR075W,YAR070W-A,0,0.23819527,0.15107063949108124,0.8942115902900696,0.5036007165908813
YML026C,YER053C-A,0,0.23819527,0.15104517340660095,0.8942115902900696,0.5037007331848145
YGL258W-A,YLR109W,0,0.23819527,0.15101972222328186,0.8942115902900696,0.5038007497787476
YCR029C-A,YPR097W,0,0.23819527,0.15099427103996277,0.8942115902900696,0.5039007663726807
YPL032C,YBL101W-A,0,0.23819527,0.15096883475780487,0.8942115902900696,0.5040007829666138
YPR097W,YDR079C-A,0,0.23819527,0.15094339847564697,0.8942115902900696,0.5041007995605469
YOR343C-A,YLR204W,0,0.23819527,0.15091797709465027,0.8942115902900696,0.50420081615448
YHR110W,YAR070W-A,0,0.23819527,0.15089255571365356,0.8942115902900696,0.5043008327484131
YBL008W-A,YAR044W,0,0.23819527,0.15086714923381805,0.8942115902900696,0.504400908946991
YAR070W-A,YOR061W,0,0.23819527,0.15084175765514374,0.8942115902900696,0.5045009255409241
YDR156W,YOR343C-B,0,0.23819527,0.15081636607646942,0.8942115902900696,0.5046009421348572
YMR220W,YOR343C-A,0,0.23819527,0.1507909744977951,0.8942115902900696,0.5047009587287903
YHL009W-A,YMR029C,0,0.23819527,0.15076561272144318,0.8942115902900696,0.5048009753227234
YBL008W-A,YHR009C,0,0.23819527,0.15074023604393005,0.8942115902900696,0.5049009919166565
YGL258W-A,YDR041W,0,0.23819527,0.15071488916873932,0.8942115902900696,0.5050010085105896
YOR343C-A,YNL091W,0,0.23819527,0.15068954229354858,0.8942115902900696,0.5051010251045227
YJL133C-A,YDR377W,0,0.23819527,0.15066419541835785,0.8942115902900696,0.5052010416984558
YCL026C-A,YLR157C-A,0,0.23819527,0.1506388634443283,0.8942115902900696,0.5053010582923889
YFL002W-A,YCL027C-A,0,0.23819527,0.15061354637145996,0.8942115902900696,0.505401074886322
YCL048W-A,YBR280C,0,0.23819527,0.1505882292985916,0.8942115902900696,0.5055010914802551
YOR095C,YHL009W-A,0,0.23819527,0.15056292712688446,0.8942115902900696,0.5056011080741882
YBL008W-A,YER160C,0,0.23819527,0.1505376398563385,0.8942115902900696,0.5057011246681213
YHL009W-A,YLR372W,0,0.23819527,0.15051235258579254,0.8942115902900696,0.5058011412620544
YLR324W,YHL009W-A,0,0.23819527,0.15048706531524658,0.8942115902900696,0.5059011578559875
YAR070W-A,YOL084W,0,0.23819527,0.15046179294586182,0.8942115902900696,0.5060011744499207
YBL008W-A,YNL139C,0,0.23819527,0.15043653547763824,0.8942115902900696,0.5061011910438538
YDR210W-C,YHR101C,0,0.23819527,0.15041127800941467,0.8942115902900696,0.5062012672424316
YBL010C,YCR070W,0,0.23819527,0.1503860354423523,0.8942115902900696,0.5063012838363647
YDR210W-C,YDL220C,0,0.23819527,0.15036079287528992,0.8942115902900696,0.5064013004302979
YJL046W,YLR157C-A,0,0.23819527,0.15033556520938873,0.8942115902900696,0.506501317024231
YJL045W,YHL009W-A,0,0.23819527,0.15031035244464874,0.8942115902900696,0.5066013336181641
YDR210W-C,YCL012W,0,0.23819527,0.15028513967990875,0.8942115902900696,0.5067013502120972
YBL101W-A,YKL069W,0,0.23819527,0.15025994181632996,0.8942115902900696,0.5068013668060303
YBR200W-A,YBR240C,0,0.23819527,0.15023474395275116,0.8942115902900696,0.5069013833999634
YDR524C-B,YPL235W,0,0.23819527,0.15020956099033356,0.8942115902900696,0.5070013999938965
YER053C-A,YAL001C,0,0.23819527,0.15018437802791595,0.8942115902900696,0.5071014165878296
YJL133C-A,YHR026W,0,0.23819527,0.15015920996665955,0.8942115902900696,0.5072014331817627
YER099C,YBL101W-A,0,0.23819527,0.15013404190540314,0.8942115902900696,0.5073014497756958
YBL008W-A,YBR126C,0,0.23819527,0.15010888874530792,0.8942115902900696,0.5074014663696289
YGR161C-D,YHR064C,0,0.23819527,0.1500837504863739,0.8942115902900696,0.507501482963562
YDR210W-D,YFL005W,0,0.23819527,0.15005861222743988,0.8942115902900696,0.5076014995574951
YIL056W,YCL048W-A,0,0.23819527,0.15003348886966705,0.8942115902900696,0.5077015161514282
YJR058C,YOR343C-A,0,0.23819527,0.15000836551189423,0.8942115902900696,0.5078015327453613
YGL258W-A,YBR021W,0,0.23819527,0.1499832570552826,0.8942115902900696,0.5079016089439392
YGL063W,YLR157C-A,0,0.23819527,0.14995816349983215,0.8942115902900696,0.5080016255378723
YBR126C,YOR343C-B,0,0.23819527,0.1499330699443817,0.8942115902900696,0.5081016421318054
YBR056W,YFL035C-B,0,0.23819527,0.14990797638893127,0.8942115902900696,0.5082016587257385
YPL055C,YLR157C-A,0,0.23819527,0.14988289773464203,0.8942115902900696,0.5083016753196716
YBL008W-A,YMR287C,0,0.23819527,0.14985783398151398,0.8942115902900696,0.5084016919136047
YDL044C,YOR343C-A,0,0.23819527,0.14983277022838593,0.8942115902900696,0.5085017085075378
YHR214W-G,YLR337W,0,0.23819527,0.14980772137641907,0.8942115902900696,0.508601725101471
YAL056W,YAR070W-A,0,0.23819527,0.1497826874256134,0.8942115902900696,0.508701741695404
YNL284C-B,YDR253C,0,0.23775633,0.14975765347480774,0.8942115902900696,0.5088017582893372
YDR041W,YFR032C-A,0,0.23775154,0.14973261952400208,0.8942115902900696,0.5089017748832703
YER106W,YBL067C,0,0.23740578,0.1497076004743576,0.8942115902900696,0.5090017914772034
YER159C-A,YOR116C,0,0.23739776,0.14968259632587433,0.8942115902900696,0.5091018080711365
YKR090W,YKL046C,0,0.23721628,0.14965759217739105,0.8942115902900696,0.5092018246650696
YPR008W,YPL101W,0,0.23672199,0.14963260293006897,0.8942115902900696,0.5093018412590027
YPL024W,YBR028C,0,0.23661447,0.1496076136827469,0.8942115902900696,0.5094018578529358
YCL057C-A,YIL016W,0,0.23624426,0.149582639336586,0.8942115902900696,0.5095018744468689
YLR040C,YLR292C,0,0.23589993,0.1495576649904251,0.8942115902900696,0.509601891040802
YOL030W,YDL075W,0,0.23544812,0.14953270554542542,0.8942115902900696,0.5097019672393799
YOR058C,YOR113W,0,0.23505819,0.14950776100158691,0.8942115902900696,0.509801983833313
YNL305C,YGR109W-A,0,0.23482512,0.1494828164577484,0.8942115902900696,0.5099020004272461
YNL072W,YPR106W,0,0.23404646,0.1494578868150711,0.8942115902900696,0.5100020170211792
YPR066W,YNR032W,0,0.23365068,0.1494329571723938,0.8942115902900696,0.5101020336151123
YGR215W,YHR214C-C,0,0.23315753,0.14940804243087769,0.8942115902900696,0.5102020502090454
YEL021W,YML055W,0,0.23311995,0.14938312768936157,0.8942115902900696,0.5103020668029785
YHR142W,YOR004W,0,0.23244649,0.14935822784900665,0.8942115902900696,0.5104020833969116
YDR365W-A,YJL156C,0,0.23221685,0.14933332800865173,0.8942115902900696,0.5105020999908447
YLR293C,YBL018C,0,0.2321788,0.149308443069458,0.8942115902900696,0.5106021165847778
YOL095C,YCR009C,0,0.23148623,0.14928357303142548,0.8942115902900696,0.5107021331787109
YOR372C,YLR332W,0,0.23146072,0.14925870299339294,0.8942115902900696,0.510802149772644
YHL009W-B,YBL091C,0,0.2312518,0.1492338478565216,0.8942115902900696,0.5109021663665771
YHR001W,YEL032W,0,0.2310099,0.14920899271965027,0.8942115902900696,0.5110021829605103
YGR161W-A,YKR029C,0,0.23094845,0.14918415248394012,0.8942115902900696,0.5111021995544434
YGL121C,YDR365W-B,0,0.23036063,0.14915931224822998,0.8942115902900696,0.5112022161483765
YJR050W,YKL087C,0,0.23024902,0.14913448691368103,0.8942115902900696,0.5113022327423096
YDR170W-A,YNL327W,0,0.23007609,0.14910966157913208,0.8942115902900696,0.5114023089408875
YIL091C,YOL138C,0,0.22918773,0.14908485114574432,0.8942115902900696,0.5115023255348206
YKL120W,YLR430W,0,0.2281,0.14906005561351776,0.8942115902900696,0.5116023421287537
YIL156W,YDR471W,0,0.22804558,0.1490352600812912,0.8942115902900696,0.5117023587226868
YKL042W,YNR054C,0,0.22685695,0.14901047945022583,0.8942115902900696,0.5118023753166199
YBL105C,YML061C,0,0.22618175,0.14898569881916046,0.8942115902900696,0.511902391910553
YNL020C,YJR044C,0,0.22446764,0.1489609330892563,0.8942115902900696,0.5120024085044861
YDR110W,YJR076C,0,0.22422995,0.1489361673593521,0.8942115902900696,0.5121024250984192
YDR316W-B,YBR004C,0,0.22341877,0.14891141653060913,0.8942115902900696,0.5122024416923523
YGR109W-A,YML076C,0,0.22329962,0.14888668060302734,0.8942115902900696,0.5123024582862854
YBR100W,YGL086W,0,0.22311962,0.14886192977428436,0.8942115902900696,0.5124024748802185
YDR500C,YBR131W,0,0.2228815,0.14883720874786377,0.8942115902900696,0.5125024914741516
YPR158W-B,YMR016C,0,0.22254135,0.14881248772144318,0.8942115902900696,0.5126025080680847
YHR028C,YBL101C,0,0.22241583,0.14878778159618378,0.8942115902900696,0.5127025246620178
YDR034C-C,YER159C-A,0,0.22219728,0.14876307547092438,0.8942115902900696,0.5128025412559509
YPR158W-B,YGR266W,0,0.22180337,0.14873838424682617,0.8942115902900696,0.512902557849884
YGR106C,YFR004W,0,0.22131062,0.14871369302272797,0.8942115902900696,0.5130025744438171
YDR316W-B,YLR193C,0,0.2204782,0.14868901669979095,0.8942115902900696,0.5131025910377502
YOR270C,YIL127C,0,0.22045305,0.14866434037685394,0.8942115902900696,0.5132026672363281
YGL115W,YOL109W,0,0.22025469,0.14863967895507812,0.8942115902900696,0.5133026838302612
YHR204W,YJR042W,0,0.21994132,0.1486150324344635,0.8942115902900696,0.5134027004241943
YPR158C-D,YKL035W,0,0.21950252,0.14859038591384888,0.8942115902900696,0.5135027170181274
YGL129C,YNL135C,0,0.21785861,0.14856573939323425,0.8942115902900696,0.5136027336120605
YPL012W,YLR435W,0,0.21743393,0.14854110777378082,0.8942115902900696,0.5137027502059937
YNL072W,YDL180W,0,0.21709897,0.1485164910554886,0.8942115902900696,0.5138027667999268
YNL054W-B,YJL138C,0,0.21680015,0.14849187433719635,0.8942115902900696,0.5139027833938599
YML021C,YLL054C,0,0.2166062,0.1484672725200653,0.8942115902900696,0.514002799987793
YDR446W,YGR074W,0,0.21635014,0.14844267070293427,0.8942115902900696,0.5141028165817261
YMR314W,YER003C,0,0.21633095,0.14841808378696442,0.8942115902900696,0.5142028331756592
YOR192C-A,YDR501W,0,0.21598256,0.14839351177215576,0.8942115902900696,0.5143028497695923
YMR285C,YNL001W,0,0.21587588,0.1483689397573471,0.8942115902900696,0.5144028663635254
YLR233C,YNL129W,0,0.21538556,0.14834436774253845,0.8942115902900696,0.5145028829574585
YER174C,YPR025C,0,0.21513247,0.148319810628891,0.8942115902900696,0.5146028995513916
YLR312C-B,YPL021W,1,0.214728,0.1484607756137848,0.8952096104621887,0.5146028995513916
YOL078W,YOL103W,0,0.21460998,0.14843620359897614,0.8952096104621887,0.5147029161453247
YDL134C,YNL265C,0,0.2145927,0.14841164648532867,0.8952096104621887,0.5148029327392578
YLR297W,YLL036C,0,0.21422255,0.1483870893716812,0.8952096104621887,0.5149030089378357
YHR188C,YDR316W-A,0,0.21345194,0.14836254715919495,0.8952096104621887,0.5150030255317688
YLR234W,YLR298C,0,0.21331513,0.14833801984786987,0.8952096104621887,0.5151030421257019
YNL264C,YPL074W,0,0.21285197,0.1483134925365448,0.8952096104621887,0.515203058719635
YDR316W-B,YGL161C,0,0.21279477,0.14828898012638092,0.8952096104621887,0.5153030753135681
YLR071C,YNL247W,0,0.21236476,0.14826446771621704,0.8952096104621887,0.5154030919075012
YDR098C-A,YKL054C,0,0.21220534,0.14823995530605316,0.8952096104621887,0.5155031085014343
YKL027W,YER095W,0,0.211429,0.14821547269821167,0.8952096104621887,0.5156031250953674
YDL115C,YNL082W,0,0.2113679,0.14819097518920898,0.8952096104621887,0.5157031416893005
YOR343W-A,YNL053W,0,0.21131194,0.1481665074825287,0.8952096104621887,0.5158031582832336
YLL031C,YMR139W,0,0.21019831,0.1481420248746872,0.8952096104621887,0.5159031748771667
YJL216C,YIL034C,0,0.20959443,0.1481175720691681,0.8952096104621887,0.5160031914710999
YGL012W,YNL118C,0,0.20803297,0.148093119263649,0.8952096104621887,0.516103208065033
YDR316W-B,YFR015C,0,0.20724124,0.14806866645812988,0.8952096104621887,0.5162032246589661
YLR227W-A,YFL031W,0,0.20679113,0.14804422855377197,0.8952096104621887,0.5163032412528992
YDR352W,YPR075C,0,0.20649743,0.14801980555057526,0.8952096104621887,0.5164032578468323
YGL035C,YER159C-A,0,0.20586087,0.14799538254737854,0.8952096104621887,0.5165032744407654
YPL051W,YFL024C,0,0.20418876,0.14797095954418182,0.8952096104621887,0.5166032910346985
YJL173C,YDR422C,0,0.20401692,0.1479465663433075,0.8952096104621887,0.5167033672332764
YMR314W,YBR060C,0,0.20322037,0.14792215824127197,0.8952096104621887,0.5168033838272095
YDR261C-C,YIL009C-A,0,0.20288321,0.14789777994155884,0.8952096104621887,0.5169034004211426
YDL006W,YCL075W,0,0.20178497,0.1478733867406845,0.8952096104621887,0.5170034170150757
YGR193C,YPR158C-D,0,0.20117807,0.14784902334213257,0.8952096104621887,0.5171034336090088
YDR326C,YDR365W-B,0,0.2008438,0.14782465994358063,0.8952096104621887,0.5172034502029419
YHR110W,YGL053W,0,0.2008205,0.1478002965450287,0.8952096104621887,0.517303466796875
YPL012W,YHR084W,0,0.2007946,0.14777594804763794,0.8952096104621887,0.5174034833908081
YMR283C,YBR212W,0,0.20042717,0.1477515995502472,0.8952096104621887,0.5175034999847412
YPL051W,YLR154W-C,0,0.20007834,0.14772726595401764,0.8952096104621887,0.5176035165786743
YGL240W,YMR134W,0,0.19964051,0.14770294725894928,0.8952096104621887,0.5177035331726074
YLR008C,YBL020W,0,0.19851622,0.14767862856388092,0.8952096104621887,0.5178035497665405
YPR094W,YER139C,0,0.19812503,0.14765432476997375,0.8952096104621887,0.5179035663604736
YJL189W,YJL003W,0,0.19808382,0.1476300209760666,0.8952096104621887,0.5180035829544067
YGL092W,YMR022W,0,0.19786559,0.14760573208332062,0.8952096104621887,0.5181035995483398
YBR167C,YLR102C,0,0.19746923,0.14758144319057465,0.8952096104621887,0.518203616142273
YLR008C,YOL075C,0,0.19675416,0.14755716919898987,0.8952096104621887,0.518303632736206
YPR042C,YLL048C,0,0.19670111,0.1475328952074051,0.8952096104621887,0.5184037089347839
YGL187C,YPL257W-A,0,0.19667521,0.1475086361169815,0.8952096104621887,0.518503725528717
YHR009C,YOR192C-A,0,0.19622743,0.14748437702655792,0.8952096104621887,0.5186037421226501
YMR119W,YLR352W,0,0.19578218,0.14746013283729553,0.8952096104621887,0.5187037587165833
YGL049C,YPL257W-A,0,0.19493367,0.14743590354919434,0.8952096104621887,0.5188037753105164
YGL104C,YDR387C,0,0.19448543,0.14741167426109314,0.8952096104621887,0.5189037919044495
YJR064W,YLR048W,0,0.19335204,0.14738744497299194,0.8952096104621887,0.5190038084983826
YOR192C,YHR176W,0,0.1925363,0.14736323058605194,0.8952096104621887,0.5191038250923157
YKR065C,YIL014W,0,0.19214174,0.14733903110027313,0.8952096104621887,0.5192038416862488
YER172C,YER159C-A,0,0.19184151,0.14731483161449432,0.8952096104621887,0.5193038582801819
YHR032W,YFR016C,0,0.19183521,0.1472906470298767,0.8952096104621887,0.519403874874115
YGL190C,YCR038C,1,0.19126162,0.1474306285381317,0.8962075710296631,0.519403874874115
YBL071W-A,YJR123W,0,0.19113636,0.1474064290523529,0.8962075710296631,0.5195038914680481
YGR161C-D,YOR348C,0,0.19094837,0.1473822444677353,0.8962075710296631,0.5196039080619812
YOL001W,YBR097W,0,0.19019836,0.14735805988311768,0.8962075710296631,0.5197039246559143
YBR176W,YLR214W,0,0.18978578,0.14733387529850006,0.8962075710296631,0.5198039412498474
YDR118W,YHR033W,0,0.1887837,0.14730970561504364,0.8962075710296631,0.5199039578437805
YPR097W,YJL186W,0,0.18709648,0.1472855508327484,0.8962075710296631,0.5200039744377136
YOR003W,YBR102C,0,0.18661779,0.14726139605045319,0.8962075710296631,0.5201039910316467
YOL031C,YGL145W,0,0.1864245,0.14723725616931915,0.8962075710296631,0.5202040672302246
YNL116W,YKL138C-A,0,0.18635565,0.14721311628818512,0.8962075710296631,0.5203040838241577
YDR317W,YAL023C,0,0.18624759,0.14718899130821228,0.8962075710296631,0.5204041004180908
YGR026W,YBR198C,0,0.18583125,0.14716486632823944,0.8962075710296631,0.5205041170120239
YBR245C,YHR190W,0,0.18564844,0.1471407562494278,0.8962075710296631,0.520604133605957
YOL140W,YCL061C,0,0.18075368,0.14711664617061615,0.8962075710296631,0.5207041501998901
YDR354W,YLR193C,0,0.18074918,0.1470925509929657,0.8962075710296631,0.5208041667938232
YLR399C,YLR227W-A,0,0.17910516,0.14706845581531525,0.8962075710296631,0.5209041833877563
YBR016W,YDL006W,0,0.17846948,0.147044375538826,0.8962075710296631,0.5210041999816895
YDR545W,YDR158W,0,0.17724586,0.14702029526233673,0.8962075710296631,0.5211042165756226
YKL096W,YMR125W,0,0.17537737,0.14699622988700867,0.8962075710296631,0.5212042331695557
YDL035C,YKL149C,1,0.17455089,0.14713583886623383,0.8972055912017822,0.5212042331695557
YNL284C-B,YPR133C,0,0.17435786,0.14711175858974457,0.8972055912017822,0.5213042497634888
YPL153C,YLR370C,0,0.17410165,0.1470876932144165,0.8972055912017822,0.5214042663574219
YDR350C,YNL224C,0,0.17284575,0.14706362783908844,0.8972055912017822,0.521504282951355
YGR161C-C,YPL228W,0,0.17256096,0.14703957736492157,0.8972055912017822,0.5216042995452881
YGL023C,YDR345C,0,0.17162985,0.1470155417919159,0.8972055912017822,0.5217043161392212
YOL110W,YEL017C-A,0,0.1714696,0.14699149131774902,0.8972055912017822,0.5218043327331543
YAR014C,YDR365W-B,0,0.17141801,0.14696747064590454,0.8972055912017822,0.5219044089317322
YML013W,YCL035C,0,0.17123115,0.14694344997406006,0.8972055912017822,0.5220044255256653
YBR098W,YDL168W,0,0.17120023,0.14691942930221558,0.8972055912017822,0.5221044421195984
YNL133C,YNL176C,0,0.17112553,0.1468954235315323,0.8972055912017822,0.5222044587135315
YDL101C,YMR197C,0,0.17092386,0.1468714326620102,0.8972055912017822,0.5223044753074646
YHR200W,YKL002W,0,0.1708113,0.1468474417924881,0.8972055912017822,0.5224044919013977
YGR109W-A,YBR065C,0,0.17071435,0.146823450922966,0.8972055912017822,0.5225045084953308
YIL112W,YDL049C,0,0.1705848,0.1467994749546051,0.8972055912017822,0.5226045250892639
YGR253C,YDR238C,0,0.17044961,0.1467755138874054,0.8972055912017822,0.522704541683197
YOR361C,YGR218W,0,0.16981792,0.1467515528202057,0.8972055912017822,0.5228045582771301
YEL005C,YPL124W,0,0.16957295,0.14672759175300598,0.8972055912017822,0.5229045748710632
YML019W,YHR194W,0,0.16691878,0.14670366048812866,0.8972055912017822,0.5230045914649963
YJR125C,YPL257W-A,0,0.16618139,0.14667971432209015,0.8972055912017822,0.5231046080589294
YPL053C,YDR427W,0,0.1652023,0.14665579795837402,0.8972055912017822,0.5232046246528625
YMR016C,YDR316W-A,0,0.16482143,0.1466318666934967,0.8972055912017822,0.5233046412467957
YFR009W,YPL105C,0,0.16447991,0.14660796523094177,0.8972055912017822,0.5234046578407288
YDR365W-A,YIL034C,0,0.16258915,0.14658404886722565,0.8972055912017822,0.5235046744346619
YMR059W,YDR376W,0,0.16133115,0.1465601623058319,0.8972055912017822,0.5236047506332397
YMR072W,YNL167C,0,0.16107365,0.14653626084327698,0.8972055912017822,0.5237047672271729
YMR266W,YFL018W-A,0,0.16085535,0.14651238918304443,0.8972055912017822,0.523804783821106
YML095C,YBL017C,0,0.16083798,0.1464885175228119,0.8972055912017822,0.5239048004150391
YML093W,YBL103C,0,0.16036594,0.14646464586257935,0.8972055912017822,0.5240048170089722
YIL158W,YIL084C,0,0.16024104,0.146440789103508,0.8972055912017822,0.5241048336029053
YDR194C,YLR138W,0,0.15917343,0.14641693234443665,0.8972055912017822,0.5242048501968384
YPL168W,YBR104W,0,0.15913719,0.1463930904865265,0.8972055912017822,0.5243048667907715
YPL231W,YCR017C,0,0.15743642,0.14636926352977753,0.8972055912017822,0.5244048833847046
YPR158C-D,YLR451W,0,0.15711431,0.14634543657302856,0.8972055912017822,0.5245048999786377
YDR040C,YPL088W,0,0.15709716,0.1463216096162796,0.8972055912017822,0.5246049165725708
YMR074C,YCL001W,0,0.15648188,0.14629779756069183,0.8972055912017822,0.5247049331665039
YBR207W,YMR153W,0,0.15635014,0.14627400040626526,0.8972055912017822,0.524804949760437
YOL123W,YER129W,0,0.15595517,0.14625020325183868,0.8972055912017822,0.5249049663543701
YPR158W-B,YER179W,0,0.15571146,0.1462264209985733,0.8972055912017822,0.5250049829483032
YPL008W,YPR188C,0,0.15535939,0.14620263874530792,0.8972055912017822,0.5251049995422363
YGL021W,YHR103W,0,0.15443802,0.14617885649204254,0.8972055912017822,0.5252050161361694
YOR075W,YJL054W,0,0.15331611,0.14615510404109955,0.8972055912017822,0.5253050327301025
YGR038C-A,YLR328W,0,0.15322362,0.14613133668899536,0.8972055912017822,0.5254051089286804
YDL212W,YDR264C,0,0.15198243,0.14610758423805237,0.8972055912017822,0.5255051255226135
YPL187W,YDL065C,0,0.15195036,0.14608384668827057,0.8972055912017822,0.5256051421165466
YGR109W-A,YDR354W,0,0.15182692,0.14606010913848877,0.8972055912017822,0.5257051587104797
YGR161C-D,YOR208W,0,0.1517325,0.14603638648986816,0.8972055912017822,0.5258051753044128
YHR201C,YMR134W,0,0.150293,0.14601266384124756,0.8972055912017822,0.525905191898346
YPL158C,YIL066C,0,0.15011504,0.14598895609378815,0.8972055912017822,0.526005208492279
YMR083W,YLR227W-A,0,0.14852153,0.14596524834632874,0.8972055912017822,0.5261052250862122
YDR447C,YLR378C,0,0.14792597,0.14594155550003052,0.8972055912017822,0.5262052416801453
YMR133W,YPR158W-B,0,0.1476244,0.1459178775548935,0.8972055912017822,0.5263052582740784
YDR392W,YAL056W,1,0.14702475,0.14605647325515747,0.8982036113739014,0.5263052582740784
YDL004W,YKL024C,0,0.1469332,0.14603278040885925,0.8982036113739014,0.5264052748680115
YMR247C,YGR076C,0,0.14668185,0.14600908756256104,0.8982036113739014,0.5265052914619446
YLR312C-B,YNL119W,1,0.14643773,0.14614760875701904,0.8992015719413757,0.5265052914619446
YOL157C,YKL110C,0,0.14597309,0.14612390100955963,0.8992015719413757,0.5266053080558777
YKL042W,YPL258C,0,0.14560273,0.1461002081632614,0.8992015719413757,0.5267053246498108
YMR045C,YPR086W,0,0.1455579,0.1460765302181244,0.8992015719413757,0.5268053412437439
YGR057C,YIR010W,0,0.14518921,0.14605285227298737,0.8992015719413757,0.526905357837677
YIL122W,YJR158W,0,0.14501229,0.14602917432785034,0.8992015719413757,0.5270053744316101
YJL094C,YPL193W,0,0.14468735,0.1460055112838745,0.8992015719413757,0.527105450630188
YIL049W,YER099C,0,0.14459522,0.14598184823989868,0.8992015719413757,0.5272054672241211
YPL048W,YDR322W,0,0.14407843,0.14595820009708405,0.8992015719413757,0.5273054838180542
YOR030W,YNL176C,0,0.14383161,0.1459345668554306,0.8992015719413757,0.5274055004119873
YCL044C,YOL103W-A,0,0.14286356,0.14591093361377716,0.8992015719413757,0.5275055170059204
YLR371W,YKR025W,0,0.14275205,0.14588730037212372,0.8992015719413757,0.5276055335998535
YKL059C,YOL103W-A,0,0.14167605,0.14586368203163147,0.8992015719413757,0.5277055501937866
YCR010C,YDR261C-C,0,0.14163041,0.14584007859230042,0.8992015719413757,0.5278055667877197
YGR262C,YGR161W-A,0,0.14030364,0.14581647515296936,0.8992015719413757,0.5279055833816528
YOR205C,YCR092C,0,0.13981444,0.1457928866147995,0.8992015719413757,0.5280055999755859
YER023W,YHR141C,0,0.13968593,0.14576929807662964,0.8992015719413757,0.528105616569519
YKR095W,YIL098C,0,0.1389743,0.14574570953845978,0.8992015719413757,0.5282056331634521
YBR198C,YML011C,0,0.13798475,0.1457221359014511,0.8992015719413757,0.5283056497573853
YLR004C,YMR130W,0,0.13778836,0.14569857716560364,0.8992015719413757,0.5284056663513184
YGL054C,YGR106C,0,0.13770336,0.14567501842975616,0.8992015719413757,0.5285056829452515
YFL018C,YJL041W,0,0.13699979,0.14565147459506989,0.8992015719413757,0.5286056995391846
YBL084C,YLR135W,0,0.1368854,0.1456279307603836,0.8992015719413757,0.5287057161331177
YJR158W,YOR384W,0,0.13680357,0.14560440182685852,0.8992015719413757,0.5288057327270508
YJL059W,YFL002W-A,0,0.13559695,0.14558087289333344,0.8992015719413757,0.5289058089256287
YDR510W,YGL064C,0,0.13535711,0.14555734395980835,0.8992015719413757,0.5290058255195618
YNL188W,YJR096W,0,0.13483691,0.14553384482860565,0.8992015719413757,0.5291058421134949
YHR191C,YIL007C,0,0.13248073,0.14551033079624176,0.8992015719413757,0.529205858707428
YIL052C,YBL023C,0,0.13195324,0.14548684656620026,0.8992015719413757,0.5293058753013611
YMR322C,YPR046W,0,0.13004833,0.14546334743499756,0.8992015719413757,0.5294058918952942
YCR088W,YDR520C,0,0.1297006,0.14543987810611725,0.8992015719413757,0.5295059084892273
YIL114C,YFL003C,0,0.12945348,0.14541639387607574,0.8992015719413757,0.5296059250831604
YPR112C,YLR127C,0,0.12689462,0.14539293944835663,0.8992015719413757,0.5297059416770935
YHR064C,YFR044C,0,0.12665755,0.14536947011947632,0.8992015719413757,0.5298059582710266
YBL093C,YDR301W,0,0.12661856,0.1453460305929184,0.8992015719413757,0.5299059748649597
YKR030W,YNL048W,0,0.12568176,0.14532257616519928,0.8992015719413757,0.5300059914588928
YHR110W,YPR052C,0,0.12551355,0.14529915153980255,0.8992015719413757,0.5301060080528259
YGR044C,YDR210C-D,0,0.12536056,0.14527571201324463,0.8992015719413757,0.530206024646759
YHR035W,YKL178C,0,0.12514405,0.1452523022890091,0.8992015719413757,0.5303060412406921
YCL040W,YGR108W,0,0.124703646,0.14522887766361237,0.8992015719413757,0.5304060578346252
YML129C,YEL011W,0,0.12275401,0.14520548284053802,0.8992015719413757,0.5305060744285583
YPL239W,YHR070W,0,0.122555256,0.14518208801746368,0.8992015719413757,0.5306061506271362
YLR388W,YIL085C,0,0.120093524,0.14515869319438934,0.8992015719413757,0.5307061672210693
YHR013C,YHR188C,0,0.11974541,0.1451353132724762,0.8992015719413757,0.5308061838150024
YER160C,YIL120W,0,0.1184566,0.14511193335056305,0.8992015719413757,0.5309062004089355
YBR004C,YIL023C,0,0.11717796,0.1450885683298111,0.8992015719413757,0.5310062170028687
YCR054C,YOL103W-A,0,0.11716371,0.14506520330905914,0.8992015719413757,0.5311062335968018
YNL244C,YBR142W,0,0.11713666,0.14504185318946838,0.8992015719413757,0.5312062501907349
YDL035C,YDR379W,1,0.11531985,0.14517946541309357,0.9001995921134949,0.5312062501907349
YDR221W,YKR037C,0,0.114588425,0.1451561003923416,0.9001995921134949,0.531306266784668
YML034W,YOR192C-B,0,0.11457743,0.14513275027275085,0.9001995921134949,0.5314062833786011
YIR037W,YGL222C,0,0.11451924,0.1451094001531601,0.9001995921134949,0.5315062999725342
YMR119W,YOL069W,0,0.11447379,0.14508605003356934,0.9001995921134949,0.5316063165664673
YJL164C,YDR361C,0,0.113405704,0.14506271481513977,0.9001995921134949,0.5317063331604004
YER048C,YER088C,0,0.11280835,0.1450393944978714,0.9001995921134949,0.5318063497543335
YLR040C,YOR035C,0,0.11203241,0.14501607418060303,0.9001995921134949,0.5319063663482666
YGR161C-C,YOR075W,0,0.11197391,0.14499276876449585,0.9001995921134949,0.5320063829421997
YBR098W,YOR192C-B,0,0.11197391,0.14496946334838867,0.9001995921134949,0.5321063995361328
YDR326C,YHL020C,0,0.11006248,0.1449461728334427,0.9001995921134949,0.5322064161300659
YFL047W,YBL027W,0,0.109615564,0.1449228823184967,0.9001995921134949,0.532306432723999
YOR284W,YHL017W,0,0.109540075,0.14489959180355072,0.9001995921134949,0.5324065089225769
YFL041W,YGR202C,0,0.109271675,0.14487633109092712,0.9001995921134949,0.53250652551651
YLR453C,YGR035C,0,0.107770726,0.14485305547714233,0.9001995921134949,0.5326065421104431
YOR254C,YKR025W,0,0.107767284,0.14482979476451874,0.9001995921134949,0.5327065587043762
YDL188C,YPR031W,0,0.1076026,0.14480654895305634,0.9001995921134949,0.5328065752983093
YOR293W,YER025W,0,0.10642165,0.14478330314159393,0.9001995921134949,0.5329065918922424
YLR324W,YOR257W,0,0.106386244,0.14476007223129272,0.9001995921134949,0.5330066084861755
YGR097W,YER143W,0,0.10633236,0.14473684132099152,0.9001995921134949,0.5331066250801086
YHR111W,YCR093W,1,0.106283575,0.14487405121326447,0.901197612285614,0.5331066250801086
YNL287W,YGR104C,0,0.10618448,0.14485082030296326,0.901197612285614,0.5332066416740417
YDR153C,YML113W,0,0.10538876,0.14482758939266205,0.901197612285614,0.5333066582679749
YNL181W,YBL005W,0,0.1053617,0.14480435848236084,0.901197612285614,0.533406674861908
YOR136W,YDR079C-A,0,0.104215086,0.14478114247322083,0.901197612285614,0.5335066914558411
YKL063C,YNR059W,0,0.1031664,0.144757941365242,0.901197612285614,0.5336067080497742
YHR072W-A,YOR014W,0,0.103048205,0.14473474025726318,0.901197612285614,0.5337067246437073
YPL076W,YCR020W-B,0,0.10171497,0.14471153914928436,0.901197612285614,0.5338067412376404
YKL197C,YMR029C,0,0.10170162,0.14468835294246674,0.901197612285614,0.5339067578315735
YGR220C,YKL141W,0,0.10152635,0.1446651667356491,0.901197612285614,0.5340067744255066
YAR010C,YDL126C,0,0.10122275,0.14464199542999268,0.901197612285614,0.5341068506240845
YLR158C,YDR135C,0,0.09995556,0.14461883902549744,0.901197612285614,0.5342068672180176
YBL050W,YJL072C,0,0.09985435,0.1445956826210022,0.901197612285614,0.5343068838119507
YEL077C,YDR365W-B,0,0.099547766,0.14457252621650696,0.901197612285614,0.5344069004058838
YDL043C,YNR036C,0,0.0994398,0.1445493847131729,0.901197612285614,0.5345069169998169
YNL293W,YPR061C,0,0.098300934,0.14452624320983887,0.901197612285614,0.53460693359375
YJR050W,YNL190W,0,0.09815812,0.14450311660766602,0.901197612285614,0.5347069501876831
YOL006C,YOR358W,0,0.0956942,0.14448000490665436,0.901197612285614,0.5348069667816162
YDR168W,YER074W-A,0,0.09497768,0.1444568932056427,0.901197612285614,0.5349069833755493
YER177W,YGL190C,1,0.09490001,0.1445937305688858,0.9021956324577332,0.5349069833755493
YHR184W,YPR158W-A,0,0.09489063,0.14457060396671295,0.9021956324577332,0.5350069999694824
YKL192C,YDR122W,0,0.094224274,0.1445474922657013,0.9021956324577332,0.5351070165634155
YIL091C,YER068W,0,0.09412113,0.14452438056468964,0.9021956324577332,0.5352070331573486
YDR311W,YAL041W,0,0.093008935,0.14450128376483917,0.9021956324577332,0.5353070497512817
YCR045C,YPR081C,0,0.09187397,0.1444781869649887,0.9021956324577332,0.5354070663452148
YGR027W-A,YGL099W,0,0.09178427,0.14445509016513824,0.9021956324577332,0.535507082939148
YNL166C,YHR214C-C,0,0.091252625,0.14443202316761017,0.9021956324577332,0.535607099533081
YOL092W,YIL069C,0,0.09081662,0.1444089412689209,0.9021956324577332,0.5357071161270142
YGR186W,YOR375C,0,0.09072772,0.14438587427139282,0.9021956324577332,0.5358071327209473
YDR098C-A,YKR031C,0,0.090589054,0.14436282217502594,0.9021956324577332,0.5359072089195251
YHL002W,YIL023C,0,0.08895445,0.14433977007865906,0.9021956324577332,0.5360072255134583
YBR005W,YBR283C,0,0.08754444,0.14431673288345337,0.9021956324577332,0.5361072421073914
YER178W,YDL052C,0,0.08644566,0.14429369568824768,0.9021956324577332,0.5362072587013245
YLR027C,YMR100W,0,0.08617437,0.14427067339420319,0.9021956324577332,0.5363072752952576
YGR097W,YJR093C,0,0.08574481,0.1442476511001587,0.9021956324577332,0.5364072918891907
YBL078C,YPL257W-A,0,0.0845549,0.1442246288061142,0.9021956324577332,0.5365073084831238
YMR243C,YBR166C,0,0.08412409,0.1442016214132309,0.9021956324577332,0.5366073250770569
YPL204W,YBR254C,0,0.08381641,0.1441786289215088,0.9021956324577332,0.53670734167099
YOL110W,YGR037C,0,0.0835495,0.14415563642978668,0.9021956324577332,0.5368073582649231
YPR094W,YER173W,0,0.08192029,0.14413265883922577,0.9021956324577332,0.5369073748588562
YJR045C,YCL019W,0,0.080954105,0.14410968124866486,0.9021956324577332,0.5370073914527893
YOR362C,YNL003C,0,0.08086845,0.14408670365810394,0.9021956324577332,0.5371074080467224
YKL043W,YHL026C,0,0.08019674,0.14406374096870422,0.9021956324577332,0.5372074246406555
YDR265W,YGL229C,0,0.07979244,0.1440407931804657,0.9021956324577332,0.5373074412345886
YKR080W,YLR194C,0,0.07969715,0.14401784539222717,0.9021956324577332,0.5374074578285217
YPL072W,YBR084W,0,0.0789206,0.14399489760398865,0.9021956324577332,0.5375074744224548
YHR013C,YHR158C,0,0.07766858,0.14397196471691132,0.9021956324577332,0.5376075506210327
YHR181W,YDR088C,0,0.0773502,0.14394904673099518,0.9021956324577332,0.5377075672149658
YNL158W,YER159C-A,0,0.07695815,0.14392612874507904,0.9021956324577332,0.5378075838088989
YLR414C,YIL099W,0,0.076766014,0.1439032107591629,0.9021956324577332,0.537907600402832
YJR050W,YGL086W,0,0.07667218,0.14388030767440796,0.9021956324577332,0.5380076169967651
YHR080C,YPL111W,0,0.075430274,0.1438574194908142,0.9021956324577332,0.5381076335906982
YML074C,YBR049C,0,0.07527906,0.14383453130722046,0.9021956324577332,0.5382076501846313
YMR150C,YGL073W,0,0.07462557,0.1438116431236267,0.9021956324577332,0.5383076667785645
YDR462W,YLR038C,0,0.073752835,0.14378876984119415,0.9021956324577332,0.5384076833724976
YGL085W,YGR275W,0,0.073266864,0.1437658965587616,0.9021956324577332,0.5385076999664307
YHR191C,YDL180W,0,0.070052564,0.14374303817749023,0.9021956324577332,0.5386077165603638
YNL039W,YKR064W,0,0.069674194,0.14372019469738007,0.9021956324577332,0.5387077331542969
YPR105C,YBR289W,0,0.06942457,0.1436973512172699,0.9021956324577332,0.53880774974823
YMR225C,YHR146W,0,0.0691278,0.14367450773715973,0.9021956324577332,0.5389077663421631
YJL168C,YGR140W,0,0.06871116,0.14365167915821075,0.9021956324577332,0.5390077829360962
YDL174C,YHR214C-C,0,0.06722401,0.14362885057926178,0.9021956324577332,0.5391077995300293
YGR027W-A,YJL035C,0,0.06657238,0.143606036901474,0.9021956324577332,0.5392078161239624
YLR155C,YBR245C,0,0.06536174,0.14358322322368622,0.9021956324577332,0.5393078327178955
YOL089C,YHR108W,0,0.064762495,0.14356042444705963,0.9021956324577332,0.5394079089164734
YNL166C,YLR215C,0,0.06457402,0.14353762567043304,0.9021956324577332,0.5395079255104065
YJR161C,YJL008C,0,0.064438105,0.14351484179496765,0.9021956324577332,0.5396079421043396
YDR339C,YHR107C,0,0.06347549,0.14349205791950226,0.9021956324577332,0.5397079586982727
YDR098C,YLR378C,0,0.06314805,0.14346928894519806,0.9021956324577332,0.5398079752922058
YGL210W,YNL185C,0,0.061926186,0.14344651997089386,0.9021956324577332,0.5399079918861389
YNL101W,YPL249C-A,0,0.06148243,0.14342376589775085,0.9021956324577332,0.540008008480072
YBR214W,YBR065C,0,0.061308146,0.14340101182460785,0.9021956324577332,0.5401080250740051
YDR289C,YBL100W-B,0,0.06070023,0.14337827265262604,0.9021956324577332,0.5402080416679382
YPL053C,YOR256C,0,0.060265034,0.14335553348064423,0.9021956324577332,0.5403080582618713
YPL224C,YHR210C,0,0.059552073,0.1433328092098236,0.9021956324577332,0.5404080748558044
YOL064C,YGL033W,0,0.059326768,0.143310084939003,0.9021956324577332,0.5405080914497375
YLR353W,YMR016C,1,0.059229255,0.14344586431980133,0.9031935930252075,0.5405080914497375
YAR014C,YOL075C,0,0.05897136,0.1434231400489807,0.9031935930252075,0.5406081080436707
YLR158C,YDR079C-A,0,0.05881378,0.1434004157781601,0.9031935930252075,0.5407081246376038
YPL149W,YBR114W,0,0.05620923,0.14337769150733948,0.9031935930252075,0.5408081412315369
YHR036W,YKR083C,0,0.056066245,0.14335498213768005,0.9031935930252075,0.54090815782547
YOR308C,YKL192C,0,0.055803746,0.14333227276802063,0.9031935930252075,0.5410081744194031
YNL068C,YCR093W,1,0.054597497,0.14346793293952942,0.9041916131973267,0.5410081744194031
YDR359C,YGR203W,0,0.05338776,0.14344522356987,0.9041916131973267,0.541108250617981
YOR197W,YML019W,0,0.052816436,0.14342251420021057,0.9041916131973267,0.5412082672119141
YDR257C,YLR360W,0,0.052402258,0.14339980483055115,0.9041916131973267,0.5413082838058472
YOR061W,YLR193C,0,0.050435185,0.14337711036205292,0.9041916131973267,0.5414083003997803
YJR015W,YDR522C,0,0.05027751,0.14335443079471588,0.9041916131973267,0.5415083169937134
YML033W,YAL030W,0,0.049449652,0.14333175122737885,0.9041916131973267,0.5416083335876465
YOR201C,YFR027W,0,0.04865527,0.143309086561203,0.9041916131973267,0.5417083501815796
YNL286W,YFL025C,0,0.048298895,0.14328642189502716,0.9041916131973267,0.5418083667755127
YNR032C-A,YDR176W,0,0.048065126,0.14326375722885132,0.9041916131973267,0.5419083833694458
YHL009W-B,YBL088C,0,0.047437847,0.14324110746383667,0.9041916131973267,0.5420083999633789
YOR058C,YDL003W,0,0.04739952,0.14321845769882202,0.9041916131973267,0.542108416557312
YIL150C,YPR057W,0,0.047157943,0.14319582283496857,0.9041916131973267,0.5422084331512451
YKL125W,YPL060W,0,0.04703927,0.1431732028722763,0.9041916131973267,0.5423084497451782
YLR312C-B,YER149C,1,0.046838462,0.1433085799217224,0.9051896333694458,0.5423084497451782
YIL110W,YIL072W,0,0.046729803,0.14328594505786896,0.9051896333694458,0.5424084663391113
YNL191W,YCR004C,0,0.046494484,0.1432633101940155,0.9051896333694458,0.5425084829330444
YGL054C,YNR046W,0,0.046479195,0.14324067533016205,0.9051896333694458,0.5426084995269775
YOL027C,YOR373W,0,0.045725405,0.14321807026863098,0.9051896333694458,0.5427085161209106
YOR087W,YGR062C,0,0.0452993,0.14319545030593872,0.9051896333694458,0.5428085327148438
YML121W,YLR007W,0,0.044987947,0.14317284524440765,0.9051896333694458,0.5429086089134216
YDR382W,YOL103W-A,0,0.044587374,0.14315025508403778,0.9051896333694458,0.5430086255073547
YER122C,YMR281W,0,0.04402387,0.1431276649236679,0.9051896333694458,0.5431086421012878
YGL063W,YLR223C,0,0.04203689,0.14310507476329803,0.9051896333694458,0.543208658695221
YPL059W,YGR054W,0,0.040346265,0.14308249950408936,0.9051896333694458,0.543308675289154
YHL018W,YJL139C,0,0.040019095,0.14305993914604187,0.9051896333694458,0.5434086918830872
YGR161C-D,YNL133C,0,0.039706588,0.14303737878799438,0.9051896333694458,0.5435087084770203
YDR288W,YPL253C,0,0.038921475,0.1430148184299469,0.9051896333694458,0.5436087250709534
YMR177W,YGL070C,0,0.03799045,0.1429922729730606,0.9051896333694458,0.5437087416648865
YDR100W,YPR097W,0,0.037848756,0.1429697424173355,0.9051896333694458,0.5438087582588196
YPL057C,YKR050W,0,0.037712395,0.14294719696044922,0.9051896333694458,0.5439087748527527
YOL033W,YOL156W,0,0.037710667,0.14292468130588531,0.9051896333694458,0.5440087914466858
YCL067C,YER149C,0,0.036730647,0.1429021656513214,0.9051896333694458,0.5441088080406189
YPR037C,YDR073W,0,0.036634266,0.1428796499967575,0.9051896333694458,0.544208824634552
YKL135C,YPR137C-B,0,0.036110967,0.1428571492433548,0.9051896333694458,0.5443088412284851
YGL137W,YBR103W,0,0.035977874,0.1428346484899521,0.9051896333694458,0.5444088578224182
YPL249C-A,YDR055W,0,0.03558159,0.14281216263771057,0.9051896333694458,0.5445088744163513
YOL092W,YML041C,0,0.035120606,0.14278967678546906,0.9051896333694458,0.5446089506149292
YJL111W,YGR279C,0,0.035089254,0.14276719093322754,0.9051896333694458,0.5447089672088623
YLR035C-A,YBR015C,0,0.03492768,0.1427447348833084,0.9051896333694458,0.5448089838027954
YPL257W-A,YMR139W,0,0.03458163,0.1427222639322281,0.9051896333694458,0.5449090003967285
YLR008C,YBL023C,0,0.033873796,0.14269980788230896,0.9051896333694458,0.5450090169906616
YKL107W,YMR094W,0,0.033821777,0.14267736673355103,0.9051896333694458,0.5451090335845947
YHR203C,YDR007W,0,0.033013582,0.1426549255847931,0.9051896333694458,0.5452090501785278
YPR121W,YPR022C,0,0.03280258,0.14263248443603516,0.9051896333694458,0.5453090667724609
YIL039W,YML059C,0,0.0325014,0.14261005818843842,0.9051896333694458,0.545409083366394
YDR316W-B,YOR383C,0,0.031019941,0.14258764684200287,0.9051896333694458,0.5455090999603271
YDR490C,YNL287W,0,0.030805945,0.14256523549556732,0.9051896333694458,0.5456091165542603
YBR060C,YBR068C,0,0.03045094,0.14254282414913177,0.9051896333694458,0.5457091331481934
YBR245C,YLL035W,0,0.029052258,0.14252042770385742,0.9051896333694458,0.5458091497421265
YHL011C,YLR117C,0,0.028662682,0.14249803125858307,0.9051896333694458,0.5459091663360596
YBL047C,YBR273C,0,0.028519392,0.1424756497144699,0.9051896333694458,0.5460091829299927
YKR095W-A,YPL145C,0,0.02845931,0.14245326817035675,0.9051896333694458,0.5461091995239258
YMR190C,YPR137C-B,0,0.02833657,0.14243090152740479,0.9051896333694458,0.5462092161178589
YBL102W,YPR158C-D,0,0.027804255,0.14240853488445282,0.9051896333694458,0.546309232711792
YKL125W,YOL072W,0,0.027799577,0.14238618314266205,0.9051896333694458,0.5464093089103699
YOR246C,YOL031C,0,0.027212687,0.14236383140087128,0.9051896333694458,0.546509325504303
YHR032W,YER109C,0,0.026684642,0.1423414945602417,0.9051896333694458,0.5466093420982361
YLR157C-B,YFL004W,0,0.026550904,0.14231915771961212,0.9051896333694458,0.5467093586921692
YIL115C,YIR035C,0,0.026526809,0.14229683578014374,0.9051896333694458,0.5468093752861023
YPR158W-B,YJR155W,0,0.025789902,0.14227451384067535,0.9051896333694458,0.5469093918800354
YBR090C-A,YER038C,0,0.025220305,0.14225219190120697,0.9051896333694458,0.5470094084739685
YNL310C,YOR249C,0,0.024306193,0.14222988486289978,0.9051896333694458,0.5471094250679016
YLR023C,YIL120W,0,0.024180293,0.14220759272575378,0.9051896333694458,0.5472094416618347
YNL133C,YDL030W,0,0.024103276,0.1421853005886078,0.9051896333694458,0.5473094582557678
YLR055C,YER178W,0,0.02325368,0.1421630084514618,0.9051896333694458,0.5474094748497009
YDR153C,YPL271W,0,0.02314365,0.142140731215477,0.9051896333694458,0.547509491443634
YGR120C,YPR175W,0,0.022194326,0.1421184539794922,0.9051896333694458,0.5476095080375671
YOR048C,YLR154C,0,0.02164933,0.14209619164466858,0.9051896333694458,0.5477095246315002
YDR379W,YDR287W,0,0.021365821,0.14207392930984497,0.9051896333694458,0.5478095412254333
YPL105C,YBR082C,0,0.021250308,0.14205168187618256,0.9051896333694458,0.5479095578193665
YLR370C,YCL062W,0,0.021148644,0.14202943444252014,0.9051896333694458,0.5480095744132996
YLR115W,YPR121W,0,0.019815654,0.14200720191001892,0.9051896333694458,0.5481096506118774
YIL056W,YJR098C,0,0.019527078,0.1419849693775177,0.9051896333694458,0.5482096672058105
YCL035C,YGL226W,0,0.018111467,0.14196275174617767,0.9051896333694458,0.5483096837997437
YKL048C,YIL098C,0,0.017649949,0.14194053411483765,0.9051896333694458,0.5484097003936768
YMR063W,YMR221C,0,0.017593563,0.14191831648349762,0.9051896333694458,0.5485097169876099
YPL176C,YJR135C,0,0.015442967,0.1418961137533188,0.9051896333694458,0.548609733581543
YGL011C,YDL056W,0,0.014202952,0.14187392592430115,0.9051896333694458,0.5487097501754761
YBR179C,YOL121C,0,0.013028681,0.1418517380952835,0.9051896333694458,0.5488097667694092
YJL184W,YDL098C,0,0.012808263,0.14182955026626587,0.9051896333694458,0.5489097833633423
YKR048C,YHL015W,0,0.012503386,0.14180737733840942,0.9051896333694458,0.5490097999572754
YDR452W,YGR234W,0,0.011452675,0.14178520441055298,0.9051896333694458,0.5491098165512085
YDR242W,YHR090C,0,0.01049912,0.14176304638385773,0.9051896333694458,0.5492098331451416
YKR062W,YDL194W,0,0.009432554,0.14174090325832367,0.9051896333694458,0.5493098497390747
YFR046C,YPL047W,0,0.008583665,0.14171874523162842,0.9051896333694458,0.5494098663330078
YIR033W,YCR048W,0,0.008571029,0.14169661700725555,0.9051896333694458,0.5495098829269409
YJL219W,YCL001W,0,0.008378655,0.1416744738817215,0.9051896333694458,0.549609899520874
YPR095C,YNR037C,0,0.008308828,0.14165234565734863,0.9051896333694458,0.5497099161148071
YJL137C,YNR020C,0,0.0070307553,0.14163023233413696,0.9051896333694458,0.5498099327087402
YGR184C,YHR112C,0,0.0069336295,0.1416081190109253,0.9051896333694458,0.5499100089073181
YPL121C,YDL003W,0,0.0063352585,0.14158600568771362,0.9051896333694458,0.5500100255012512
YHR072W-A,YPR106W,0,0.005718291,0.14156390726566315,0.9051896333694458,0.5501100420951843
YEL077C,YLR045C,0,0.0038053095,0.14154182374477386,0.9051896333694458,0.5502100586891174
YHR105W,YOR368W,0,0.0034501553,0.14151974022388458,0.9051896333694458,0.5503100752830505
YKL191W,YDL112W,0,0.0033158958,0.1414976567029953,0.9051896333694458,0.5504100918769836
YBR105C,YOR079C,0,0.003087312,0.1414755880832672,0.9051896333694458,0.5505101084709167
YKR010C,YHR136C,0,0.0028254986,0.14145351946353912,0.9051896333694458,0.5506101250648499
YHR081W,YJR125C,0,0.0028074235,0.14143146574497223,0.9051896333694458,0.550710141658783
YDR168W,YDR531W,0,0.0027970076,0.14140941202640533,0.9051896333694458,0.5508101582527161
YIL067C,YAR014C,0,0.0011911392,0.14138737320899963,0.9051896333694458,0.5509101748466492
YML104C,YDR079C-A,0,0.0010530651,0.14136533439159393,0.9051896333694458,0.5510101914405823
YDL035C,YDR099W,1,0.00067842007,0.14149914681911469,0.9061876535415649,0.5510101914405823
YNL173C,YBR056W,0,0.00014844537,0.1414770931005478,0.9061876535415649,0.5511102080345154
YLR207W,YKR090W,0,-0.00026189908,0.1414550542831421,0.9061876535415649,0.5512102246284485
YLL015W,YMR080C,0,-0.00059473515,0.1414330154657364,0.9061876535415649,0.5513102412223816
YGR017W,YKL091C,0,-0.0020626932,0.14141099154949188,0.9061876535415649,0.5514102578163147
YDL080C,YBR043C,0,-0.0023831427,0.14138898253440857,0.9061876535415649,0.5515102744102478
YDL079C,YPL095C,0,-0.00290668,0.14136695861816406,0.9061876535415649,0.5516103506088257
YFR008W,YDR034C-D,0,-0.0029092133,0.14134494960308075,0.9061876535415649,0.5517103672027588
YDR153C,YLR451W,0,-0.003545612,0.14132295548915863,0.9061876535415649,0.5518103837966919
YLR120C,YBL046W,0,-0.0044994354,0.1413009613752365,0.9061876535415649,0.551910400390625
YDR005C,YGL067W,0,-0.004752431,0.14127898216247559,0.9061876535415649,0.5520104169845581
YCR042C,YGL076C,0,-0.0071725845,0.14125700294971466,0.9061876535415649,0.5521104335784912
YER180C,YHR033W,0,-0.00946483,0.14123502373695374,0.9061876535415649,0.5522104501724243
YBR101C,YDL108W,0,-0.011270046,0.141213059425354,0.9061876535415649,0.5523104667663574
YLR035C-A,YBR048W,0,-0.011541644,0.14119111001491547,0.9061876535415649,0.5524104833602905
YDR104C,YER141W,0,-0.012648702,0.14116916060447693,0.9061876535415649,0.5525104999542236
YPL156C,YAL041W,0,-0.012688905,0.1411472111940384,0.9061876535415649,0.5526105165481567
YGR063C,YPL029W,0,-0.012927204,0.14112527668476105,0.9061876535415649,0.5527105331420898
YHL004W,YNL210W,0,-0.01310277,0.1411033421754837,0.9061876535415649,0.552810549736023
YGR198W,YDR145W,0,-0.013828158,0.14108142256736755,0.9061876535415649,0.552910566329956
YDL004W,YAR050W,0,-0.014967799,0.1410595029592514,0.9061876535415649,0.5530105829238892
YGR128C,YER100W,0,-0.015470624,0.14103758335113525,0.9061876535415649,0.5531105995178223
YBR199W,YDR189W,0,-0.01601547,0.1410156786441803,0.9061876535415649,0.5532106161117554
YHR043C,YLR372W,0,-0.017342985,0.14099378883838654,0.9061876535415649,0.5533106327056885
YBL045C,YNL118C,0,-0.017355457,0.14097189903259277,0.9061876535415649,0.5534107089042664
YOL148C,YLR266C,0,-0.017548203,0.140950009226799,0.9061876535415649,0.5535107254981995
YDL099W,YLL042C,0,-0.018126428,0.14092813432216644,0.9061876535415649,0.5536107420921326
YOR057W,YOL122C,0,-0.01829946,0.14090627431869507,0.9061876535415649,0.5537107586860657
YPR041W,YPL105C,0,-0.018796355,0.1408843994140625,0.9061876535415649,0.5538107752799988
YOR371C,YJL033W,0,-0.020226836,0.14086255431175232,0.9061876535415649,0.5539107918739319
YLR449W,YDR488C,0,-0.020762205,0.14084069430828094,0.9061876535415649,0.554010808467865
YMR167W,YDR113C,0,-0.021083713,0.14081886410713196,0.9061876535415649,0.5541108250617981
YML133C,YIL068C,0,-0.022057146,0.14079701900482178,0.9061876535415649,0.5542108416557312
YCR027C,YOR016C,0,-0.022796512,0.1407751888036728,0.9061876535415649,0.5543108582496643
YDR040C,YPR151C,0,-0.023029566,0.140753373503685,0.9061876535415649,0.5544108748435974
YOR122C,YOR217W,0,-0.023494124,0.1407315582036972,0.9061876535415649,0.5545108914375305
YOR067C,YBR040W,0,-0.023593903,0.1407097429037094,0.9061876535415649,0.5546109080314636
YHR083W,YMR287C,0,-0.024291903,0.1406879425048828,0.9061876535415649,0.5547109246253967
YIL121W,YHR165C,0,-0.025681853,0.1406661570072174,0.9061876535415649,0.5548109412193298
YDL003W,YPL066W,0,-0.025762796,0.1406443566083908,0.9061876535415649,0.5549109578132629
YPL169C,YMR094W,0,-0.027292967,0.1406225860118866,0.9061876535415649,0.555010974407196
YER119C,YNL217W,0,-0.028321922,0.1406008005142212,0.9061876535415649,0.5551110506057739
YKL080W,YFR044C,0,-0.028775543,0.14057902991771698,0.9061876535415649,0.555211067199707
YJR010C-A,YMR074C,0,-0.029575229,0.14055727422237396,0.9061876535415649,0.5553110837936401
YDL201W,YLR431C,0,-0.030189991,0.14053551852703094,0.9061876535415649,0.5554111003875732
YBL074C,YOL002C,0,-0.03179431,0.14051377773284912,0.9061876535415649,0.5555111169815063
YDL067C,YDL042C,0,-0.032771558,0.1404920369386673,0.9061876535415649,0.5556111335754395
YJL076W,YKL046C,0,-0.03325963,0.14047029614448547,0.9061876535415649,0.5557111501693726
YLR446W,YBR167C,0,-0.03384623,0.14044857025146484,0.9061876535415649,0.5558111667633057
YGL044C,YGR123C,0,-0.033872426,0.1404268443584442,0.9061876535415649,0.5559111833572388
YNL077W,YIL036W,0,-0.03433931,0.14040513336658478,0.9061876535415649,0.5560111999511719
YCL051W,YDR227W,0,-0.034734964,0.14038342237472534,0.9061876535415649,0.556111216545105
YDL005C,YKR009C,0,-0.03477013,0.1403617262840271,0.9061876535415649,0.5562112331390381
YOR087W,YHR024C,0,-0.035769105,0.14034003019332886,0.9061876535415649,0.5563112497329712
YPL133C,YLR222C,0,-0.03655982,0.1403183490037918,0.9061876535415649,0.5564112663269043
YGL136C,YPR095C,0,-0.037664056,0.14029666781425476,0.9061876535415649,0.5565112829208374
YLR158C,YBR088C,0,-0.0386132,0.1402749866247177,0.9061876535415649,0.5566112995147705
YAL026C,YDR247W,0,-0.03900838,0.14025332033634186,0.9061876535415649,0.5567113161087036
YBR066C,YMR016C,1,-0.040657997,0.14038610458374023,0.9071856141090393,0.5567113161087036
YOR001W,YBR023C,0,-0.041673303,0.14036442339420319,0.9071856141090393,0.5568113327026367
YOR019W,YHR101C,0,-0.042256534,0.14034275710582733,0.9071856141090393,0.5569114089012146
YOR207C,YBR186W,0,-0.042378485,0.14032109081745148,0.9071856141090393,0.5570114254951477
YDL174C,YBR152W,0,-0.042549342,0.14029942452907562,0.9071856141090393,0.5571114420890808
YGR266W,YGL029W,0,-0.04281634,0.14027777314186096,0.9071856141090393,0.5572114586830139
YPL257W-A,YPL084W,0,-0.043432616,0.1402561366558075,0.9071856141090393,0.557311475276947
YGL044C,YLR430W,0,-0.04372871,0.14023450016975403,0.9071856141090393,0.5574114918708801
YGL076C,YGR211W,0,-0.04423088,0.14021286368370056,0.9071856141090393,0.5575115084648132
YJR096W,YBR133C,0,-0.044753075,0.1401912420988083,0.9071856141090393,0.5576115250587463
YCR040W,YBL057C,0,-0.04525411,0.14016962051391602,0.9071856141090393,0.5577115416526794
YDR320C-A,YPL086C,0,-0.046943605,0.14014801383018494,0.9071856141090393,0.5578115582466125
YBL069W,YNL191W,0,-0.048538476,0.14012640714645386,0.9071856141090393,0.5579115748405457
YNL243W,YPL145C,0,-0.049410462,0.14010481536388397,0.9071856141090393,0.5580115914344788
YPL176C,YJL001W,0,-0.05022323,0.1400832235813141,0.9071856141090393,0.5581116080284119
YGR209C,YBL105C,0,-0.05069858,0.1400616317987442,0.9071856141090393,0.558211624622345
YOR192C,YKL140W,0,-0.052548647,0.1400400549173355,0.9071856141090393,0.5583116412162781
YBL090W,YPL225W,0,-0.05272296,0.14001847803592682,0.9071856141090393,0.5584116578102112
YOR250C,YHL026C,0,-0.05443017,0.13999691605567932,0.9071856141090393,0.5585116744041443
YER044C,YJL019W,0,-0.054838,0.13997536897659302,0.9071856141090393,0.5586117506027222
YPL209C,YBR023C,0,-0.055417836,0.13995380699634552,0.9071856141090393,0.5587117671966553
YPR019W,YFL002C,0,-0.055590317,0.13993225991725922,0.9071856141090393,0.5588117837905884
YIR036C,YML004C,0,-0.056007862,0.1399107277393341,0.9071856141090393,0.5589118003845215
YKL008C,YCL075W,0,-0.056140482,0.139889195561409,0.9071856141090393,0.5590118169784546
YPL168W,YHR042W,0,-0.0573861,0.13986767828464508,0.9071856141090393,0.5591118335723877
YHR165C,YNL189W,0,-0.057959497,0.13984616100788116,0.9071856141090393,0.5592118501663208
YCL005W-A,YDR408C,0,-0.05819522,0.13982464373111725,0.9071856141090393,0.5593118667602539
YDR267C,YGR296W,0,-0.0589962,0.13980314135551453,0.9071856141090393,0.559411883354187
YER051W,YGR060W,0,-0.05954188,0.1397816389799118,0.9071856141090393,0.5595118999481201
YNR052C,YBR229C,0,-0.05978012,0.13976015150547028,0.9071856141090393,0.5596119165420532
YOL113W,YDL095W,0,-0.060067713,0.13973866403102875,0.9071856141090393,0.5597119331359863
YNL271C,YNL119W,1,-0.06042862,0.13987088203430176,0.9081836342811584,0.5597119331359863
YOR254C,YDR520C,0,-0.060445294,0.13984939455986023,0.9081836342811584,0.5598119497299194
YIL122W,YGL073W,0,-0.060478926,0.1398279070854187,0.9081836342811584,0.5599119663238525
YKR001C,YML059C,0,-0.061838627,0.13980641961097717,0.9081836342811584,0.5600119829177856
YBR016W,YOL156W,0,-0.06191218,0.13978494703769684,0.9081836342811584,0.5601119995117188
YHR214W,YGR165W,0,-0.064291134,0.1397634744644165,0.9081836342811584,0.5602120161056519
YBR211C,YDL019C,0,-0.06609768,0.13974201679229736,0.9081836342811584,0.560312032699585
YNR043W,YNL312W,0,-0.06641668,0.13972055912017822,0.9081836342811584,0.5604121088981628
YBR201W,YDR248C,0,-0.06909312,0.13969911634922028,0.9081836342811584,0.560512125492096
YPR181C,YBR016W,0,-0.06948006,0.13967767357826233,0.9081836342811584,0.560612142086029
YJR029W,YFL050C,0,-0.07004526,0.13965623080730438,0.9081836342811584,0.5607121586799622
YFR007W,YKR034W,0,-0.070402324,0.13963480293750763,0.9081836342811584,0.5608121752738953
YBL045C,YDL155W,0,-0.07083042,0.13961337506771088,0.9081836342811584,0.5609121918678284
YHR210C,YNL111C,0,-0.07094455,0.13959196209907532,0.9081836342811584,0.5610122084617615
YCR028C-A,YER159C,0,-0.071020305,0.13957054913043976,0.9081836342811584,0.5611122250556946
YOR284W,YER012W,0,-0.07183546,0.1395491510629654,0.9081836342811584,0.5612122416496277
YDR060W,YPR174C,0,-0.07230252,0.13952775299549103,0.9081836342811584,0.5613122582435608
YPR056W,YHR200W,0,-0.07276082,0.13950635492801666,0.9081836342811584,0.5614122748374939
YER133W,YPL214C,0,-0.073268,0.1394849717617035,0.9081836342811584,0.561512291431427
YBR036C,YPL088W,0,-0.07352865,0.1394636034965515,0.9081836342811584,0.5616123080253601
YER019W,YOR321W,0,-0.07370925,0.13944223523139954,0.9081836342811584,0.5617123246192932
YPL024W,YPL154C,0,-0.07380903,0.13942086696624756,0.9081836342811584,0.5618123412132263
YJR145C,YPR165W,0,-0.07466769,0.13939951360225677,0.9081836342811584,0.5619123578071594
YOL137W,YOR019W,0,-0.07477081,0.139378160238266,0.9081836342811584,0.5620123744010925
YBR029C,YGL043W,0,-0.07484126,0.1393568217754364,0.9081836342811584,0.5621124505996704
YLR057W,YOR253W,0,-0.07529549,0.1393354833126068,0.9081836342811584,0.5622124671936035
YPR082C,YDR354W,0,-0.07565698,0.13931414484977722,0.9081836342811584,0.5623124837875366
YPR068C,YJR090C,0,-0.07717499,0.13929282128810883,0.9081836342811584,0.5624125003814697
YML021C,YFR042W,0,-0.07765943,0.13927149772644043,0.9081836342811584,0.5625125169754028
YOR192C,YLL036C,0,-0.07836008,0.13925018906593323,0.9081836342811584,0.5626125335693359
YPR106W,YDL143W,0,-0.0786778,0.13922888040542603,0.9081836342811584,0.562712550163269
YDR120C,YOR129C,0,-0.07916063,0.13920758664608002,0.9081836342811584,0.5628125667572021
YOL027C,YER021W,0,-0.0793789,0.139186292886734,0.9081836342811584,0.5629125833511353
YKL114C,YBR221C,0,-0.08097574,0.1391650140285492,0.9081836342811584,0.5630125999450684
YIR034C,YBL004W,0,-0.0814147,0.13914373517036438,0.9081836342811584,0.5631126165390015
YHL047C,YPL049C,0,-0.08412948,0.13912245631217957,0.9081836342811584,0.5632126331329346
YDR392W,YER113C,1,-0.085345194,0.13925404846668243,0.9091816544532776,0.5632126331329346
YLR133W,YCR003W,0,-0.08538145,0.13923276960849762,0.9091816544532776,0.5633126497268677
YGL070C,YHR010W,0,-0.08651382,0.1392114907503128,0.9091816544532776,0.5634126663208008
YLR090W,YOR094W,0,-0.08667716,0.13919022679328918,0.9091816544532776,0.5635126829147339
YGR040W,YNL186W,0,-0.086777925,0.13916896283626556,0.9091816544532776,0.563612699508667
YOR061W,YDR443C,0,-0.08729112,0.13914769887924194,0.9091816544532776,0.5637127161026001
YFL009W,YPL206C,0,-0.087659955,0.13912644982337952,0.9091816544532776,0.563812792301178
YIL063C,YDR115W,0,-0.08831537,0.1391052007675171,0.9091816544532776,0.5639128088951111
YGL142C,YFL005W,0,-0.0887551,0.13908396661281586,0.9091816544532776,0.5640128254890442
YHR122W,YDR155C,0,-0.09132314,0.13906273245811462,0.9091816544532776,0.5641128420829773
YML015C,YNL103W,0,-0.09221274,0.13904151320457458,0.9091816544532776,0.5642128586769104
YAL003W,YJR029W,0,-0.09233661,0.13902029395103455,0.9091816544532776,0.5643128752708435
YAL011W,YBR248C,0,-0.09297037,0.1389990895986557,0.9091816544532776,0.5644128918647766
YDL046W,YGR033C,0,-0.09478876,0.13897788524627686,0.9091816544532776,0.5645129084587097
YDL226C,YPL193W,0,-0.09492242,0.138956680893898,0.9091816544532776,0.5646129250526428
YBL071W-A,YOR078W,0,-0.09624699,0.13893549144268036,0.9091816544532776,0.5647129416465759
YOR132W,YDR338C,0,-0.096667826,0.1389143019914627,0.9091816544532776,0.564812958240509
YPR104C,YMR161W,0,-0.096948594,0.13889312744140625,0.9091816544532776,0.5649129748344421
YLR017W,YGL040C,0,-0.09927115,0.1388719528913498,0.9091816544532776,0.5650129914283752
YCL075W,YDR334W,0,-0.09963149,0.13885077834129333,0.9091816544532776,0.5651130080223083
YNL068C,YNL271C,1,-0.10023838,0.13898201286792755,0.910179615020752,0.5651130080223083
YMR021C,YGR206W,0,-0.100303784,0.1389608383178711,0.910179615020752,0.5652130246162415
YNL071W,YMR256C,0,-0.10101509,0.13893966376781464,0.910179615020752,0.5653130412101746
YLR411W,YCR023C,0,-0.101784825,0.13891850411891937,0.910179615020752,0.5654130578041077
YOR284W,YMR232W,0,-0.10224664,0.1388973444700241,0.910179615020752,0.5655130743980408
YHR148W,YKL110C,0,-0.102431536,0.13887619972229004,0.910179615020752,0.5656131505966187
YEL013W,YOL029C,0,-0.10362047,0.13885505497455597,0.910179615020752,0.5657131671905518
YER184C,YAL007C,0,-0.10394812,0.1388339102268219,0.910179615020752,0.5658131837844849
YOR030W,YNL079C,1,-0.103975356,0.13896499574184418,0.9111776351928711,0.5658131837844849
YMR292W,YER063W,0,-0.10434672,0.1389438509941101,0.9111776351928711,0.565913200378418
YOR368W,YOL149W,0,-0.10471934,0.13892270624637604,0.9111776351928711,0.5660132169723511
YBR211C,YGL129C,0,-0.10509515,0.13890156149864197,0.9111776351928711,0.5661132335662842
YPL040C,YGL167C,0,-0.10532826,0.1388804316520691,0.9111776351928711,0.5662132501602173
YML074C,YNL176C,0,-0.10563755,0.1388593167066574,0.9111776351928711,0.5663132667541504
YBR050C,YOR278W,0,-0.105823696,0.13883820176124573,0.9111776351928711,0.5664132833480835
YBR205W,YHR165C,0,-0.10683125,0.13881708681583405,0.9111776351928711,0.5665132999420166
YGR240C,YBL102W,0,-0.10713205,0.13879598677158356,0.9111776351928711,0.5666133165359497
YJR093C,YFL004W,0,-0.10733974,0.13877488672733307,0.9111776351928711,0.5667133331298828
YBR060C,YCL001W,0,-0.10769667,0.13875380158424377,0.9111776351928711,0.5668133497238159
YPR155C,YLR382C,0,-0.10798395,0.13873271644115448,0.9111776351928711,0.566913366317749
YLR194C,YOL018C,0,-0.10931462,0.13871163129806519,0.9111776351928711,0.5670133829116821
YDR073W,YCL069W,0,-0.10993743,0.13869056105613708,0.9111776351928711,0.5671133995056152
YDL135C,YPR100W,0,-0.112265766,0.13866950571537018,0.9111776351928711,0.5672134160995483
YNL048W,YPR132W,0,-0.11345303,0.13864845037460327,0.9111776351928711,0.5673134922981262
YGL020C,YBL027W,0,-0.114711285,0.13862739503383636,0.9111776351928711,0.5674135088920593
YKL193C,YML031W,0,-0.11498392,0.13860633969306946,0.9111776351928711,0.5675135254859924
YBL105C,YDL194W,0,-0.11562073,0.13858529925346375,0.9111776351928711,0.5676135420799255
YGL245W,YLR186W,0,-0.116140306,0.13856427371501923,0.9111776351928711,0.5677135586738586
YNL229C,YGR140W,0,-0.11679798,0.1385432481765747,0.9111776351928711,0.5678135752677917
YLR368W,YBL017C,0,-0.11700904,0.1385222226381302,0.9111776351928711,0.5679135918617249
YIL044C,YKR100C,0,-0.11746383,0.13850121200084686,0.9111776351928711,0.568013608455658
YHR105W,YJR015W,0,-0.117639035,0.13848020136356354,0.9111776351928711,0.5681136250495911
YGR278W,YDR529C,0,-0.11906546,0.1384592056274414,0.9111776351928711,0.5682136416435242
YIL041W,YMR288W,0,-0.120020986,0.13843820989131927,0.9111776351928711,0.5683136582374573
YEL077C,YIL027C,0,-0.120128885,0.13841722905635834,0.9111776351928711,0.5684136748313904
YOR372C,YOR174W,0,-0.12172744,0.1383962333202362,0.9111776351928711,0.5685136914253235
YLR040C,YIL125W,0,-0.121753246,0.13837526738643646,0.9111776351928711,0.5686137080192566
YKL152C,YLR001C,0,-0.12207401,0.13835430145263672,0.9111776351928711,0.5687137246131897
YOR130C,YLL005C,0,-0.12263656,0.13833333551883698,0.9111776351928711,0.5688137412071228
YDR379W,YDL159W,1,-0.12273991,0.13846386969089508,0.9121756553649902,0.5688137412071228
YNL181W,YBR022W,0,-0.123031795,0.13844288885593414,0.9121756553649902,0.5689137578010559
YGR026W,YBR228W,0,-0.12348586,0.1384219229221344,0.9121756553649902,0.569013774394989
YOL146W,YGR024C,0,-0.12355706,0.13840097188949585,0.9121756553649902,0.5691138505935669
YOL076W,YNL123W,0,-0.12859464,0.1383800208568573,0.9121756553649902,0.5692138671875
YNL126W,YML095C,0,-0.12900329,0.13835906982421875,0.9121756553649902,0.5693138837814331
YGR295C,YOR208W,0,-0.12910782,0.1383381187915802,0.9121756553649902,0.5694139003753662
YOR368W,YPL236C,0,-0.12977439,0.13831719756126404,0.9121756553649902,0.5695139169692993
YNL305C,YPL095C,0,-0.13047922,0.13829626142978668,0.9121756553649902,0.5696139335632324
YPL268W,YBR233W-A,0,-0.13064507,0.13827534019947052,0.9121756553649902,0.5697139501571655
YBR240C,YPL225W,0,-0.13077375,0.13825441896915436,0.9121756553649902,0.5698139667510986
YDL178W,YLR357W,0,-0.13158493,0.1382335126399994,0.9121756553649902,0.5699139833450317
YBR258C,YPL189C-A,0,-0.13193133,0.13821260631084442,0.9121756553649902,0.5700139999389648
YHR017W,YHR027C,0,-0.1330585,0.13819171488285065,0.9121756553649902,0.570114016532898
YDR532C,YJL091C,0,-0.13333139,0.13817082345485687,0.9121756553649902,0.570214033126831
YOR173W,YGR035C,0,-0.13339871,0.1381499469280243,0.9121756553649902,0.5703140497207642
YHR184W,YIR007W,0,-0.13475311,0.13812905550003052,0.9121756553649902,0.5704140663146973
YDR311W,YER060W,0,-0.13521695,0.13810819387435913,0.9121756553649902,0.5705140829086304
YKR095W-A,YJR152W,0,-0.13740101,0.13808731734752655,0.9121756553649902,0.5706140995025635
YDR485C,YNL280C,0,-0.13762096,0.13806647062301636,0.9121756553649902,0.5707141160964966
YKL163W,YJL083W,0,-0.13779235,0.13804560899734497,0.9121756553649902,0.5708141922950745
YLR022C,YLR448W,0,-0.1379463,0.13802476227283478,0.9121756553649902,0.5709142088890076
YCL039W,YHL044W,0,-0.13819379,0.13800393044948578,0.9121756553649902,0.5710142254829407
YER070W,YDR238C,0,-0.13828838,0.13798309862613678,0.9121756553649902,0.5711142420768738
YMR059W,YMR037C,0,-0.1385628,0.13796226680278778,0.9121756553649902,0.5712142586708069
YFL047W,YHL025W,0,-0.1410973,0.13794144988059998,0.9121756553649902,0.57131427526474
YBR216C,YPL105C,0,-0.14145398,0.13792063295841217,0.9121756553649902,0.5714142918586731
YPR122W,YLL006W,0,-0.14208716,0.13789981603622437,0.9121756553649902,0.5715143084526062
YLR002C,YIL106W,0,-0.14216375,0.13787901401519775,0.9121756553649902,0.5716143250465393
YIR017C,YBR228W,0,-0.14230493,0.13785822689533234,0.9121756553649902,0.5717143416404724
YCL075W,YFR030W,0,-0.14425002,0.13783742487430573,0.9121756553649902,0.5718143582344055
YBR127C,YEL058W,0,-0.14448316,0.1378166526556015,0.9121756553649902,0.5719143748283386
YDR379W,YDR099W,1,-0.14540094,0.13794663548469543,0.9131736755371094,0.5719143748283386
YHL006C,YBR156C,0,-0.14625114,0.13792583346366882,0.9131736755371094,0.5720143914222717
YCR043C,YKL116C,0,-0.1464901,0.1379050463438034,0.9131736755371094,0.5721144080162048
YDR446W,YPL033C,0,-0.146541,0.13788427412509918,0.9131736755371094,0.5722144246101379
YML082W,YFL003C,0,-0.1469349,0.13786348700523376,0.9131736755371094,0.572314441204071
YCR020W-B,YDL129W,0,-0.14789313,0.13784272968769073,0.9131736755371094,0.5724144577980042
YLR249W,YDR308C,0,-0.14833158,0.1378219574689865,0.9131736755371094,0.5725144743919373
YNL138W,YDL024C,1,-0.14919782,0.1379518061876297,0.9141716361045837,0.5725144743919373
YBR302C,YLR328W,0,-0.14955187,0.13793103396892548,0.9141716361045837,0.5726145505905151
YDR289C,YOL095C,0,-0.1499986,0.13791026175022125,0.9141716361045837,0.5727145671844482
YOR205C,YFR025C,0,-0.15042782,0.13788950443267822,0.9141716361045837,0.5728145837783813
YCL075W,YIL105C,0,-0.15047792,0.1378687471151352,0.9141716361045837,0.5729146003723145
YPR063C,YDL117W,0,-0.15091705,0.13784800469875336,0.9141716361045837,0.5730146169662476
YDL138W,YDL051W,0,-0.15099168,0.13782726228237152,0.9141716361045837,0.5731146335601807
YLR459W,YGR277C,0,-0.15166384,0.13780653476715088,0.9141716361045837,0.5732146501541138
YOL034W,YEL058W,0,-0.15196896,0.13778580725193024,0.9141716361045837,0.5733146667480469
YJR052W,YJL014W,0,-0.15255481,0.1377650797367096,0.9141716361045837,0.57341468334198
YPL053C,YNL306W,0,-0.15318727,0.13774436712265015,0.9141716361045837,0.5735146999359131
YCR048W,YHR194W,0,-0.15323788,0.1377236545085907,0.9141716361045837,0.5736147165298462
YDR477W,YKL011C,0,-0.15472296,0.13770294189453125,0.9141716361045837,0.5737147331237793
YNL158W,YBR241C,0,-0.1548784,0.137682244181633,0.9141716361045837,0.5738147497177124
YPL063W,YML086C,0,-0.15591764,0.13766156136989594,0.9141716361045837,0.5739147663116455
YER133W,YOR172W,0,-0.15923841,0.13764087855815887,0.9141716361045837,0.5740147829055786
YDR251W,YDR379W,1,-0.1592454,0.13777042925357819,0.9151696562767029,0.5740147829055786
YMR274C,YPL275W,0,-0.15979764,0.13774973154067993,0.9151696562767029,0.5741147994995117
YOR011W,YLR127C,0,-0.16075158,0.13772904872894287,0.9151696562767029,0.5742148160934448
YDR244W,YDL114W,0,-0.1609122,0.1377083659172058,0.9151696562767029,0.5743148922920227
YNL225C,YFR034C,0,-0.16108465,0.13768768310546875,0.9151696562767029,0.5744149088859558
YDR292C,YHR033W,0,-0.16278136,0.13766701519489288,0.9151696562767029,0.5745149254798889
YMR060C,YOR322C,0,-0.16365731,0.13764634728431702,0.9151696562767029,0.574614942073822
YMR283C,YOL012C,0,-0.16526756,0.13762569427490234,0.9151696562767029,0.5747149586677551
YPL224C,YML063W,0,-0.16567433,0.13760504126548767,0.9151696562767029,0.5748149752616882
YLR403W,YPL016W,0,-0.16599469,0.1375844031572342,0.9151696562767029,0.5749149918556213
YDR379W,YDL188C,0,-0.166049,0.13756375014781952,0.9151696562767029,0.5750150084495544
YMR234W,YDL105W,0,-0.16921455,0.13754312694072723,0.9151696562767029,0.5751150250434875
YDR080W,YNL280C,0,-0.1697166,0.13752248883247375,0.9151696562767029,0.5752150416374207
YDL135C,YIR007W,0,-0.17053492,0.13750188052654266,0.9151696562767029,0.5753150582313538
YLR308W,YOR150W,0,-0.17108655,0.13748125731945038,0.9151696562767029,0.5754150748252869
YLR015W,YBR204C,0,-0.17110765,0.1374606490135193,0.9151696562767029,0.57551509141922
YLR298C,YOL018C,0,-0.17117381,0.1374400407075882,0.9151696562767029,0.5756151080131531
YNL038W,YIL005W,0,-0.1714697,0.1374194473028183,0.9151696562767029,0.5757151246070862
YBR215W,YGL246C,0,-0.17259924,0.1373988538980484,0.9151696562767029,0.5758151412010193
YJL090C,YNL326C,0,-0.17465037,0.1373782753944397,0.9151696562767029,0.5759151577949524
YHR044C,YML125C,0,-0.17510891,0.137357696890831,0.9151696562767029,0.5760151743888855
YJL116C,YMR051C,0,-0.17617708,0.13733713328838348,0.9151696562767029,0.5761152505874634
YBR189W,YAR044W,0,-0.17720568,0.13731655478477478,0.9151696562767029,0.5762152671813965
YLL052C,YDR372C,0,-0.17813125,0.13729600608348846,0.9151696562767029,0.5763152837753296
YGR054W,YHR033W,0,-0.17821765,0.13727544248104095,0.9151696562767029,0.5764153003692627
YPR169W,YDR303C,0,-0.17839819,0.13725490868091583,0.9151696562767029,0.5765153169631958
YDR206W,YBR235W,0,-0.17912942,0.13723435997962952,0.9151696562767029,0.5766153335571289
YDR477W,YCL068C,0,-0.17999642,0.1372138261795044,0.9151696562767029,0.576715350151062
YJL203W,YAL014C,0,-0.18145359,0.13719329237937927,0.9151696562767029,0.5768153667449951
YDR231C,YPL058C,0,-0.18189752,0.13717277348041534,0.9151696562767029,0.5769153833389282
YLR061W,YCR102C,0,-0.18209529,0.13715225458145142,0.9151696562767029,0.5770153999328613
YJL209W,YMR014W,0,-0.18231401,0.13713175058364868,0.9151696562767029,0.5771154165267944
YGL232W,YDR071C,0,-0.18298909,0.13711124658584595,0.9151696562767029,0.5772154331207275
YBL036C,YJL028W,0,-0.18317136,0.1370907425880432,0.9151696562767029,0.5773154497146606
YMR128W,YJL033W,0,-0.18444157,0.13707025349140167,0.9151696562767029,0.5774154663085938
YBL055C,YCL020W,0,-0.1846677,0.13704976439476013,0.9151696562767029,0.5775154829025269
YCL055W,YGL157W,0,-0.18518698,0.13702929019927979,0.9151696562767029,0.57761549949646
YOR298C-A,YOR063W,0,-0.18594837,0.13700881600379944,0.9151696562767029,0.5777155160903931
YKL208W,YJL139C,0,-0.18734694,0.1369883418083191,0.9151696562767029,0.577815592288971
YHR112C,YML096W,0,-0.18752521,0.13696788251399994,0.9151696562767029,0.577915608882904
YPL204W,YDL002C,0,-0.18814021,0.13694743812084198,0.9151696562767029,0.5780156254768372
YMR260C,YGR129W,0,-0.18956783,0.13692697882652283,0.9151696562767029,0.5781156420707703
YLR131C,YDL076C,0,-0.1908865,0.13690653443336487,0.9151696562767029,0.5782156586647034
YGL100W,YHR024C,0,-0.19122037,0.1368861049413681,0.9151696562767029,0.5783156752586365
YPR041W,YLR438C-A,0,-0.19212806,0.13686567544937134,0.9151696562767029,0.5784156918525696
YNL197C,YNL119W,1,-0.1923617,0.13699448108673096,0.916167676448822,0.5784156918525696
YOR003W,YOL148C,0,-0.19243017,0.136974036693573,0.916167676448822,0.5785157084465027
YKL045W,YNL082W,0,-0.1933536,0.13695360720157623,0.916167676448822,0.5786157250404358
YBR161W,YOL032W,0,-0.19415236,0.13693317770957947,0.916167676448822,0.5787157416343689
YMR293C,YGR009C,0,-0.19452107,0.1369127482175827,0.916167676448822,0.578815758228302
YGR106C,YNL071W,0,-0.19465697,0.13689233362674713,0.916167676448822,0.5789157748222351
YIL072W,YLR399C,0,-0.19545758,0.13687191903591156,0.916167676448822,0.5790157914161682
YMR322C,YBR028C,0,-0.1956617,0.13685151934623718,0.916167676448822,0.5791158080101013
YGR271C-A,YOR128C,0,-0.19580281,0.1368311196565628,0.916167676448822,0.5792158246040344
YLR246W,YNL188W,0,-0.19599646,0.13681073486804962,0.916167676448822,0.5793158411979675
YDR379W,YOR269W,0,-0.19682816,0.13679035007953644,0.916167676448822,0.5794158577919006
YBL008W,YLL010C,0,-0.19689876,0.13676996529102325,0.916167676448822,0.5795158743858337
YLR259C,YJL186W,0,-0.19704717,0.13674959540367126,0.916167676448822,0.5796159505844116
YDR322C-A,YGR094W,0,-0.1979393,0.13672922551631927,0.916167676448822,0.5797159671783447
YJR060W,YCL011C,0,-0.19861543,0.13670885562896729,0.916167676448822,0.5798159837722778
YLR435W,YBR154C,0,-0.19888437,0.1366885006427765,0.916167676448822,0.5799160003662109
YOR207C,YLR226W,0,-0.19899172,0.1366681605577469,0.916167676448822,0.580016016960144
YNL161W,YER129W,0,-0.19980596,0.1366478055715561,0.916167676448822,0.5801160335540771
YOL005C,YGL196W,0,-0.20004821,0.13662748038768768,0.916167676448822,0.5802160501480103
YKR003W,YML069W,0,-0.20212963,0.13660714030265808,0.916167676448822,0.5803160667419434
YPR185W,YDR528W,0,-0.20241904,0.13658681511878967,0.916167676448822,0.5804160833358765
YMR156C,YDL145C,0,-0.20351931,0.13656650483608246,0.916167676448822,0.5805160999298096
YNL138W,YDR099W,1,-0.20451641,0.13669492304325104,0.9171656966209412,0.5805160999298096
YMR171C,YLR369W,0,-0.2047295,0.13667459785938263,0.9171656966209412,0.5806161165237427
YGR277C,YKR100C,0,-0.2052505,0.13665427267551422,0.9171656966209412,0.5807161331176758
YPL132W,YNL098C,0,-0.20563115,0.136633962392807,0.9171656966209412,0.5808161497116089
YDR018C,YLR054C,0,-0.2061401,0.1366136521100998,0.9171656966209412,0.580916166305542
YPL153C,YGR002C,0,-0.20640105,0.13659334182739258,0.9171656966209412,0.5810161828994751
YGR280C,YNL099C,0,-0.20647193,0.13657304644584656,0.9171656966209412,0.5811161994934082
YCL016C,YLR067C,0,-0.2065854,0.13655275106430054,0.9171656966209412,0.5812162160873413
YDR190C,YNL054W,0,-0.20684814,0.13653245568275452,0.9171656966209412,0.5813162922859192
YKL134C,YHR024C,0,-0.20789963,0.1365121752023697,0.9171656966209412,0.5814163088798523
YBR291C,YIL033C,0,-0.20798612,0.13649190962314606,0.9171656966209412,0.5815163254737854
YOR178C,YGR008C,0,-0.20832121,0.13647162914276123,0.9171656966209412,0.5816163420677185
YDR009W,YMR109W,0,-0.20869678,0.1364513784646988,0.9171656966209412,0.5817163586616516
YLR353W,YLR313C,1,-0.20881236,0.13657957315444946,0.9181636571884155,0.5817163586616516
YJL046W,YLR459W,0,-0.20946866,0.13655929267406464,0.9181636571884155,0.5818163752555847
YDR100W,YIL105C,0,-0.20964056,0.136539027094841,0.9181636571884155,0.5819163918495178
YEL051W,YOR189W,0,-0.21022657,0.13651877641677856,0.9181636571884155,0.5820164084434509
YBL008W,YHL008C,0,-0.21025208,0.13649851083755493,0.9181636571884155,0.582116425037384
YOR136W,YCR036W,0,-0.21136492,0.1364782601594925,0.9181636571884155,0.5822164416313171
YML040W,YIL078W,0,-0.21151602,0.13645802438259125,0.9181636571884155,0.5823164582252502
YIR017C,YGL185C,0,-0.21251993,0.13643778860569,0.9181636571884155,0.5824164748191833
YDL164C,YLR324W,0,-0.21287906,0.13641755282878876,0.9181636571884155,0.5825164914131165
YMR312W,YPR073C,0,-0.21292007,0.1363973319530487,0.9181636571884155,0.5826165080070496
YHR010W,YNL214W,0,-0.21309334,0.13637711107730865,0.9181636571884155,0.5827165246009827
YJR095W,YPL249C-A,0,-0.21318784,0.1363569051027298,0.9181636571884155,0.5828165411949158
YMR101C,YGL116W,0,-0.21333951,0.13633669912815094,0.9181636571884155,0.5829165577888489
YDR409W,YDR330W,0,-0.2143938,0.13631649315357208,0.9181636571884155,0.583016574382782
YOL056W,YPL088W,0,-0.21468031,0.13629630208015442,0.9181636571884155,0.5831166505813599
YBR239C,YNL336W,0,-0.21482423,0.13627611100673676,0.9181636571884155,0.583216667175293
YNL190W,YOR076C,0,-0.21606284,0.1362559199333191,0.9181636571884155,0.5833166837692261
YDL043C,YHR073W,0,-0.21701264,0.13623574376106262,0.9181636571884155,0.5834167003631592
YBR082C,YDL231C,0,-0.21882313,0.13621558248996735,0.9181636571884155,0.5835167169570923
YCR093W,YNL119W,1,-0.2191059,0.13634344935417175,0.9191616773605347,0.5835167169570923
YBL010C,YDR495C,0,-0.21937805,0.13632327318191528,0.9191616773605347,0.5836167335510254
YIL138C,YPR148C,0,-0.21954763,0.1363030970096588,0.9191616773605347,0.5837167501449585
YDR435C,YBR228W,0,-0.2196204,0.13628292083740234,0.9191616773605347,0.5838167667388916
YDR376W,YML038C,0,-0.21968892,0.13626275956630707,0.9191616773605347,0.5839167833328247
YGR244C,YLR106C,0,-0.21998549,0.1362425982952118,0.9191616773605347,0.5840167999267578
YNL058C,YHR115C,0,-0.2214316,0.1362224519252777,0.9191616773605347,0.5841168165206909
YGL232W,YLR052W,0,-0.22201753,0.13620230555534363,0.9191616773605347,0.584216833114624
YML031W,YIL115C,0,-0.2229153,0.13618217408657074,0.9191616773605347,0.5843168497085571
YHR154W,YOR049C,0,-0.22308254,0.13616202771663666,0.9191616773605347,0.5844168663024902
YJR117W,YMR152W,0,-0.22336501,0.13614191114902496,0.9191616773605347,0.5845168828964233
YPL091W,YJL013C,0,-0.22378027,0.13612177968025208,0.9191616773605347,0.5846168994903564
YAR003W,YIL011W,0,-0.22507572,0.13610166311264038,0.9191616773605347,0.5847169160842896
YDR123C,YDR338C,0,-0.22590137,0.13608156144618988,0.9191616773605347,0.5848169922828674
YLR188W,YIL067C,0,-0.22741112,0.13606145977973938,0.9191616773605347,0.5849170088768005
YGR060W,YPR054W,0,-0.2277678,0.13604135811328888,0.9191616773605347,0.5850170254707336
YDL222C,YML087C,0,-0.22836435,0.13602127134799957,0.9191616773605347,0.5851170420646667
YAL053W,YDL076C,0,-0.2304182,0.13600118458271027,0.9191616773605347,0.5852170586585999
YBR215W,YML008C,0,-0.2320627,0.13598109781742096,0.9191616773605347,0.585317075252533
YAL044C,YLR229C,0,-0.23222351,0.13596102595329285,0.9191616773605347,0.5854170918464661
YER042W,YKL184W,0,-0.23226988,0.13594095408916473,0.9191616773605347,0.5855171084403992
YDR324C,YLR126C,0,-0.23500961,0.13592089712619781,0.9191616773605347,0.5856171250343323
YDL035C,YNL098C,1,-0.23516583,0.13604840636253357,0.9201596975326538,0.5856171250343323
YPL108W,YMR094W,0,-0.23547237,0.13602831959724426,0.9201596975326538,0.5857171416282654
YGR106C,YBR213W,0,-0.23592901,0.13600826263427734,0.9201596975326538,0.5858171582221985
YJR086W,YMR281W,0,-0.23692945,0.13598820567131042,0.9201596975326538,0.5859171748161316
YER027C,YOR110W,0,-0.23707464,0.1359681487083435,0.9201596975326538,0.5860171914100647
YDR421W,YGR071C,0,-0.23777488,0.1359480917453766,0.9201596975326538,0.5861172080039978
YLR337C,YGL166W,0,-0.23854613,0.13592804968357086,0.9201596975326538,0.5862172245979309
YIL082W-A,YKL160W,0,-0.2389828,0.13590802252292633,0.9201596975326538,0.586317241191864
YOR192C,YGL045W,0,-0.23997843,0.1358879953622818,0.9201596975326538,0.5864172577857971
YFL036W,YJL108C,0,-0.24060583,0.13586796820163727,0.9201596975326538,0.5865172743797302
YGL161C,YKL195W,0,-0.24060866,0.13584794104099274,0.9201596975326538,0.5866173505783081
YGL121C,YJL003W,0,-0.2408922,0.1358279287815094,0.9201596975326538,0.5867173671722412
YNL173C,YFL018C,0,-0.2409094,0.13580793142318726,0.9201596975326538,0.5868173837661743
YBR131W,YOR045W,0,-0.24101686,0.13578791916370392,0.9201596975326538,0.5869174003601074
YLR370C,YJR121W,0,-0.24114701,0.13576792180538177,0.9201596975326538,0.5870174169540405
YGL085W,YHR205W,0,-0.2419834,0.13574793934822083,0.9201596975326538,0.5871174335479736
YNL079C,YDL159W,1,-0.24275863,0.1358751654624939,0.9211576581001282,0.5871174335479736
YKL087C,YNL214W,0,-0.24311888,0.13585516810417175,0.9211576581001282,0.5872174501419067
YHR149C,YAL043C,0,-0.2431438,0.1358351707458496,0.9211576581001282,0.5873174667358398
YGL161C,YNL220W,0,-0.24337298,0.13581518828868866,0.9211576581001282,0.587417483329773
YMR283C,YDR134C,0,-0.24371117,0.1357952058315277,0.9211576581001282,0.587517499923706
YBR186W,YDL103C,0,-0.24424636,0.13577522337436676,0.9211576581001282,0.5876175165176392
YGR166W,YGR026W,0,-0.24463451,0.135755255818367,0.9211576581001282,0.5877175331115723
YMR036C,YDL033C,0,-0.24531358,0.13573528826236725,0.9211576581001282,0.5878175497055054
YLR263W,YNL076W,0,-0.24560392,0.1357153356075287,0.9211576581001282,0.5879175662994385
YNL197C,YKL149C,1,-0.24646926,0.13584239780902863,0.9221556782722473,0.5879175662994385
YHR140W,YNL244C,0,-0.24678221,0.13582243025302887,0.9221556782722473,0.5880175828933716
YHR112C,YKL113C,0,-0.24709904,0.1358024626970291,0.9221556782722473,0.5881175994873047
YGR224W,YMR288W,0,-0.24780111,0.13578251004219055,0.9221556782722473,0.5882176160812378
YOR189W,YCL045C,0,-0.24818757,0.135762557387352,0.9221556782722473,0.5883176922798157
YGL032C,YGR062C,0,-0.24826148,0.13574261963367462,0.9221556782722473,0.5884177088737488
YHR091C,YBL025W,0,-0.24870676,0.13572268187999725,0.9221556782722473,0.5885177254676819
YNL056W,YOR284W,0,-0.24876337,0.13570274412631989,0.9221556782722473,0.588617742061615
YLR430W,YNL003C,0,-0.24909598,0.1356828212738037,0.9221556782722473,0.5887177586555481
YDR289C,YLR097C,0,-0.24962388,0.13566289842128754,0.9221556782722473,0.5888177752494812
YAL030W,YLR121C,0,-0.25026417,0.13564297556877136,0.9221556782722473,0.5889177918434143
YGL190C,YDR432W,1,-0.2516487,0.13576985895633698,0.9231536984443665,0.5889177918434143
YER155C,YCL075W,0,-0.25203127,0.1357499212026596,0.9231536984443665,0.5890178084373474
YNL275W,YHL001W,0,-0.25435472,0.13573001325130463,0.9231536984443665,0.5891178250312805
YDR040C,YFR015C,0,-0.25507626,0.13571009039878845,0.9231536984443665,0.5892178416252136
YOL032W,YDR201W,0,-0.25541946,0.13569018244743347,0.9231536984443665,0.5893178582191467
YFR025C,YOR127W,0,-0.25600013,0.13567028939723969,0.9231536984443665,0.5894178748130798
YOR295W,YIL073C,0,-0.2574327,0.1356503814458847,0.9231536984443665,0.5895178914070129
YBR060C,YGL160W,0,-0.25898826,0.1356305032968521,0.9231536984443665,0.589617908000946
YLR225C,YDR313C,0,-0.25915802,0.13561061024665833,0.9231536984443665,0.5897179245948792
YOR336W,YOR253W,0,-0.2613665,0.13559073209762573,0.9231536984443665,0.5898179411888123
YDR320C-A,YPL178W,0,-0.26380804,0.13557086884975433,0.9231536984443665,0.5899179577827454
YER027C,YER030W,0,-0.26404607,0.13555099070072174,0.9231536984443665,0.5900179743766785
YOR192C,YJL062W,0,-0.2653541,0.13553114235401154,0.9231536984443665,0.5901180505752563
YGR208W,YMR110C,0,-0.26559114,0.13551127910614014,0.9231536984443665,0.5902180671691895
YPR070W,YBR273C,0,-0.26629883,0.13549143075942993,0.9231536984443665,0.5903180837631226
YPL176C,YJL183W,0,-0.2665186,0.13547158241271973,0.9231536984443665,0.5904181003570557
YHR122W,YIL043C,0,-0.26803088,0.13545174896717072,0.9231536984443665,0.5905181169509888
YER026C,YDR322W,0,-0.27209574,0.1354319155216217,0.9231536984443665,0.5906181335449219
YJL045W,YMR197C,0,-0.27254224,0.1354120969772339,0.9231536984443665,0.590718150138855
YPL029W,YCL011C,0,-0.2732604,0.13539227843284607,0.9231536984443665,0.5908181667327881
YOR361C,YKR025W,0,-0.27330947,0.13537245988845825,0.9231536984443665,0.5909181833267212
YGL190C,YAL056W,1,-0.2733674,0.13549897074699402,0.9241517186164856,0.5909181833267212
YHL013C,YKR100C,0,-0.27387547,0.1354791522026062,0.9241517186164856,0.5910181999206543
YEL020W-A,YMR021C,0,-0.2750364,0.13545933365821838,0.9241517186164856,0.5911182165145874
YOR058C,YIR002C,0,-0.27619612,0.13543951511383057,0.9241517186164856,0.5912182331085205
YNL046W,YCR033W,0,-0.27647823,0.13541971147060394,0.9241517186164856,0.5913182497024536
YJL118W,YNL049C,0,-0.2767179,0.13539990782737732,0.9241517186164856,0.5914182662963867
YGR215W,YPR106W,0,-0.27687645,0.1353801190853119,0.9241517186164856,0.5915182828903198
YLR040C,YBR084C-A,0,-0.27762386,0.13536033034324646,0.9241517186164856,0.5916182994842529
YDR515W,YIL115C,0,-0.27788424,0.13534054160118103,0.9241517186164856,0.591718316078186
YJL189W,YLR186W,0,-0.27820012,0.1353207677602768,0.9241517186164856,0.5918183922767639
YPL021W,YDR065W,0,-0.27869916,0.13530099391937256,0.9241517186164856,0.591918408870697
YOL078W,YPL040C,0,-0.28002596,0.13528122007846832,0.9241517186164856,0.5920184254646301
YGL097W,YDR422C,0,-0.28024423,0.13526146113872528,0.9241517186164856,0.5921184420585632
YDR098C,YFR051C,0,-0.28037882,0.13524171710014343,0.9241517186164856,0.5922184586524963
YDR212W,YOR190W,0,-0.28048062,0.1352219581604004,0.9241517186164856,0.5923184752464294
YKR010C,YNL310C,0,-0.2807071,0.13520221412181854,0.9241517186164856,0.5924184918403625
YHR104W,YJR059W,0,-0.2814951,0.1351824849843979,0.9241517186164856,0.5925185084342957
YDR184C,YKL048C,0,-0.2820016,0.13516275584697723,0.9241517186164856,0.5926185250282288
YDR105C,YOL091W,0,-0.2820915,0.13514302670955658,0.9241517186164856,0.5927185416221619
YMR158W,YLR181C,0,-0.28485614,0.13512329757213593,0.9241517186164856,0.592818558216095
YHR201C,YGR208W,0,-0.2862112,0.13510358333587646,0.9241517186164856,0.5929185748100281
YMR261C,YDL144C,0,-0.2873451,0.1350838840007782,0.9241517186164856,0.5930185914039612
YLR102C,YLR426W,0,-0.28775036,0.13506418466567993,0.9241517186164856,0.5931186079978943
YGL190C,YDL035C,1,-0.2884354,0.13519032299518585,0.92514967918396,0.5931186079978943
YNL164C,YLR370C,0,-0.28960514,0.1351706087589264,0.92514967918396,0.5932186245918274
YLL036C,YER139C,0,-0.29100314,0.13515089452266693,0.92514967918396,0.5933186411857605
YDR392W,YLR229C,1,-0.29204243,0.13527697324752808,0.9261476993560791,0.5933186411857605
YDR408C,YMR127C,0,-0.29207888,0.13525724411010742,0.9261476993560791,0.5934186577796936
YJL189W,YCR031C,0,-0.2923276,0.13523754477500916,0.9261476993560791,0.5935186743736267
YBR203W,YBR258C,0,-0.29236674,0.1352178305387497,0.9261476993560791,0.5936187505722046
YDR409W,YDR044W,0,-0.2928276,0.13519813120365143,0.9261476993560791,0.5937187671661377
YLR003C,YMR150C,0,-0.29314327,0.13517844676971436,0.9261476993560791,0.5938187837600708
YDL212W,YOR119C,0,-0.29315996,0.1351587474346161,0.9261476993560791,0.5939188003540039
YOR229W,YLR200W,0,-0.2944734,0.1351390779018402,0.9261476993560791,0.594018816947937
YPL176C,YOL061W,0,-0.29527378,0.13511939346790314,0.9261476993560791,0.5941188335418701
YML115C,YHR102W,0,-0.29562476,0.13509972393512726,0.9261476993560791,0.5942188501358032
YDL035C,YNL001W,1,-0.295716,0.13522562384605408,0.9271457195281982,0.5942188501358032
YOL021C,YOR271C,0,-0.29610193,0.135205939412117,0.9271457195281982,0.5943188667297363
YLR242C,YDL093W,0,-0.29611692,0.13518626987934113,0.9271457195281982,0.5944188833236694
YDL124W,YGR104C,0,-0.29660523,0.13516660034656525,0.9271457195281982,0.5945188999176025
YHL007C,YDR356W,0,-0.29667163,0.13514693081378937,0.9271457195281982,0.5946189165115356
YNL293W,YMR233W,0,-0.29684842,0.13512727618217468,0.9271457195281982,0.5947189331054688
YGL120C,YHR186C,0,-0.29725814,0.13510762155056,0.9271457195281982,0.5948189496994019
YLR297W,YPL020C,0,-0.29744795,0.1350879818201065,0.9271457195281982,0.594918966293335
YPR143W,YFL037W,0,-0.29813814,0.13506832718849182,0.9271457195281982,0.5950189828872681
YBR005W,YBR036C,0,-0.2983064,0.13504870235919952,0.9271457195281982,0.5951189994812012
YML081C-A,YNL278W,0,-0.29855263,0.13502906262874603,0.9271457195281982,0.5952190160751343
YML061C,YLR132C,0,-0.2986597,0.13500945270061493,0.9271457195281982,0.5953190922737122
YOR122C,YKR059W,0,-0.29887015,0.13498982787132263,0.9271457195281982,0.5954191088676453
YLR376C,YPL176C,0,-0.2991767,0.13497021794319153,0.9271457195281982,0.5955191254615784
YJR017C,YMR287C,0,-0.30042052,0.13495060801506042,0.9271457195281982,0.5956191420555115
YKL080W,YLR126C,0,-0.303325,0.13493101298809052,0.9271457195281982,0.5957191586494446
YHR200W,YMR022W,0,-0.30518326,0.1349114179611206,0.9271457195281982,0.5958191752433777
YPL066W,YML075C,0,-0.30520624,0.1348918229341507,0.9271457195281982,0.5959191918373108
YML013W,YCL069W,0,-0.30561745,0.13487224280834198,0.9271457195281982,0.5960192084312439
YOR386W,YPL066W,0,-0.3059188,0.13485266268253326,0.9271457195281982,0.596119225025177
YPR180W,YDR463W,0,-0.30615866,0.13483309745788574,0.9271457195281982,0.5962192416191101
YAL068C,YBR069C,0,-0.30877393,0.13481353223323822,0.9271457195281982,0.5963192582130432
YPL137C,YDR341C,0,-0.30885383,0.1347939670085907,0.9271457195281982,0.5964192748069763
YBR001C,YOL156W,0,-0.30934215,0.13477440178394318,0.9271457195281982,0.5965192914009094
YPL189C-A,YMR256C,0,-0.30966565,0.13475486636161804,0.9271457195281982,0.5966193079948425
YNL243W,YML087C,0,-0.3098516,0.1347353160381317,0.9271457195281982,0.5967193245887756
YER170W,YLR181C,0,-0.31017858,0.13471578061580658,0.9271457195281982,0.5968193411827087
YJL047C,YNL062C,0,-0.31272066,0.13469624519348145,0.9271457195281982,0.5969193577766418
YNL088W,YCL031C,0,-0.3142923,0.1346767246723175,0.9271457195281982,0.597019374370575
YOL096C,YOR256C,0,-0.31459022,0.13465718924999237,0.9271457195281982,0.5971194505691528
YMR091C,YIL007C,0,-0.31471527,0.13463768362998962,0.9271457195281982,0.5972194671630859
YGR008C,YNL194C,0,-0.31538534,0.13461817800998688,0.9271457195281982,0.597319483757019
YNL325C,YBL021C,0,-0.31643456,0.13459867238998413,0.9271457195281982,0.5974195003509521
YJR093C,YLR293C,0,-0.3178351,0.13457916676998138,0.9271457195281982,0.5975195169448853
YEL048C,YMR205C,0,-0.31820345,0.13455967605113983,0.9271457195281982,0.5976195335388184
YBL036C,YHR158C,0,-0.31838015,0.13454018533229828,0.9271457195281982,0.5977195501327515
YDR166C,YPL023C,0,-0.32023877,0.13452070951461792,0.9271457195281982,0.5978195667266846
YLR446W,YJR094W-A,0,-0.32048744,0.13450123369693756,0.9271457195281982,0.5979195833206177
YDR289C,YBR012W-A,0,-0.32128572,0.1344817578792572,0.9271457195281982,0.5980195999145508
YKL099C,YKL199C,0,-0.3229427,0.13446229696273804,0.9271457195281982,0.5981196165084839
YKL157W,YMR016C,0,-0.3233049,0.13444283604621887,0.9271457195281982,0.598219633102417
YPL066W,YOR255W,0,-0.32364774,0.1344233900308609,0.9271457195281982,0.5983196496963501
YIL082W-A,YGL073W,0,-0.32407963,0.13440392911434174,0.9271457195281982,0.5984196662902832
YPR101W,YKL134C,0,-0.3253678,0.13438449800014496,0.9271457195281982,0.5985196828842163
YDR056C,YLR360W,0,-0.32561278,0.134365051984787,0.9271457195281982,0.5986196994781494
YOR141C,YDR017C,0,-0.32583058,0.1343456208705902,0.9271457195281982,0.5987197160720825
YDR322C-A,YMR226C,0,-0.32644397,0.13432620465755463,0.9271457195281982,0.5988197922706604
YPR103W,YGR163W,0,-0.32660842,0.13430677354335785,0.9271457195281982,0.5989198088645935
YLR148W,YLR319C,0,-0.3271004,0.13428737223148346,0.9271457195281982,0.5990198254585266
YMR161W,YCR009C,0,-0.3301049,0.13426795601844788,0.9271457195281982,0.5991198420524597
YER081W,YLR378C,0,-0.33011365,0.1342485547065735,0.9271457195281982,0.5992198586463928
YHR118C,YBR136W,0,-0.33100677,0.1342291533946991,0.9271457195281982,0.5993198752403259
YHL036W,YFR051C,0,-0.33122766,0.1342097669839859,0.9271457195281982,0.599419891834259
YDR130C,YBL037W,0,-0.33357129,0.1341903805732727,0.9271457195281982,0.5995199084281921
YKR072C,YFL034C-B,0,-0.3338405,0.1341709941625595,0.9271457195281982,0.5996199250221252
YPL209C,YNL330C,0,-0.3339062,0.1341516226530075,0.9271457195281982,0.5997199416160583
YMR050C,YCR028C,0,-0.3362929,0.1341322511434555,0.9271457195281982,0.5998199582099915
YPR017C,YMR166C,0,-0.33671886,0.1341128945350647,0.9271457195281982,0.5999199748039246
YMR225C,YIL118W,0,-0.33706093,0.1340935379266739,0.9271457195281982,0.6000199913978577
YAR010C,YHR018C,0,-0.33782208,0.13407418131828308,0.9271457195281982,0.6001200079917908
YBL003C,YNL311C,0,-0.33808267,0.13405483961105347,0.9271457195281982,0.6002200245857239
YMR162C,YML059C,0,-0.3387137,0.13403549790382385,0.9271457195281982,0.600320041179657
YDR005C,YDL103C,0,-0.33875436,0.13401615619659424,0.9271457195281982,0.6004200577735901
YJL078C,YPL190C,0,-0.3390935,0.13399682939052582,0.9271457195281982,0.6005200743675232
YPL068C,YLR138W,0,-0.3391922,0.1339775025844574,0.9271457195281982,0.6006201505661011
YBR215W,YGL135W,0,-0.33948144,0.13395817577838898,0.9271457195281982,0.6007201671600342
YEL050C,YGL115W,0,-0.34046134,0.13393886387348175,0.9271457195281982,0.6008201837539673
YNR027W,YPR071W,0,-0.34164262,0.13391956686973572,0.9271457195281982,0.6009202003479004
YCL044C,YLR201C,0,-0.34190616,0.1339002549648285,0.9271457195281982,0.6010202169418335
YDR320C-A,YBR236C,0,-0.34277996,0.13388095796108246,0.9271457195281982,0.6011202335357666
YGR262C,YOL123W,0,-0.34301996,0.13386167585849762,0.9271457195281982,0.6012202501296997
YBR036C,YLR138W,0,-0.34309757,0.1338423788547516,0.9271457195281982,0.6013202667236328
YOL127W,YBL035C,0,-0.34331822,0.13382311165332794,0.9271457195281982,0.6014202833175659
YBL010C,YMR290C,0,-0.34352648,0.1338038295507431,0.9271457195281982,0.601520299911499
YNL298W,YER113C,1,-0.34413815,0.1339285671710968,0.9281437397003174,0.601520299911499
YAL001C,YGR076C,0,-0.34549588,0.13390928506851196,0.9281437397003174,0.6016203165054321
YIL004C,YGL086W,0,-0.3456161,0.13389000296592712,0.9281437397003174,0.6017203330993652
YCL005W-A,YJR123W,0,-0.34591007,0.13387073576450348,0.9281437397003174,0.6018203496932983
YNL247W,YGR140W,0,-0.34683853,0.13385146856307983,0.9281437397003174,0.6019203662872314
YDL193W,YGL038C,0,-0.3472445,0.1338322013616562,0.9281437397003174,0.6020203828811646
YLR324W,YLR205C,0,-0.3472944,0.13381294906139374,0.9281437397003174,0.6021203994750977
YDR412W,YPL162C,0,-0.34769154,0.1337936967611313,0.9281437397003174,0.6022204160690308
YIL103W,YNL090W,0,-0.3478914,0.13377445936203003,0.9281437397003174,0.6023204922676086
YLR340W,YDR065W,0,-0.34805232,0.13375520706176758,0.9281437397003174,0.6024205088615417
YJL083W,YIR007W,0,-0.34906337,0.13373598456382751,0.9281437397003174,0.6025205254554749
YJR043C,YPL138C,0,-0.34976035,0.13371674716472626,0.9281437397003174,0.602620542049408
YNL254C,YHR014W,0,-0.3498593,0.1336975246667862,0.9281437397003174,0.6027205586433411
YBL055C,YGR003W,0,-0.35040337,0.13367830216884613,0.9281437397003174,0.6028205752372742
YGR057C,YNL318C,0,-0.3511244,0.13365909457206726,0.9281437397003174,0.6029205918312073
YDR041W,YKL065C,0,-0.35142893,0.1336398869752884,0.9281437397003174,0.6030206084251404
YNR027W,YMR091C,0,-0.35162127,0.13362069427967072,0.9281437397003174,0.6031206250190735
YGR195W,YPR105C,0,-0.3534351,0.13360148668289185,0.9281437397003174,0.6032206416130066
YDL211C,YLR260W,0,-0.35378253,0.13358230888843536,0.9281437397003174,0.6033206582069397
YLL067C,YBR130C,0,-0.35459405,0.1335631161928177,0.9281437397003174,0.6034206748008728
YHR142W,YER109C,0,-0.35509527,0.1335439383983612,0.9281437397003174,0.6035206913948059
YHR143W-A,YDR071C,0,-0.3560414,0.13352476060390472,0.9281437397003174,0.603620707988739
YOR011W,YLR054C,0,-0.35678452,0.13350559771060944,0.9281437397003174,0.6037207245826721
YOR332W,YKL029C,0,-0.3594749,0.13348643481731415,0.9281437397003174,0.6038207411766052
YPL089C,YKL046C,0,-0.36011708,0.13346727192401886,0.9281437397003174,0.6039207577705383
YOR250C,YPR007C,0,-0.36044717,0.13344812393188477,0.9281437397003174,0.6040207743644714
YOL011W,YDL109C,0,-0.3637327,0.13342897593975067,0.9281437397003174,0.6041208505630493
YLL048C,YJL080C,0,-0.36428982,0.13340984284877777,0.9281437397003174,0.6042208671569824
YHL018W,YBR085W,0,-0.36441928,0.13339070975780487,0.9281437397003174,0.6043208837509155
YGR092W,YPL029W,0,-0.36452544,0.13337157666683197,0.9281437397003174,0.6044209003448486
YDR150W,YCR036W,0,-0.36500764,0.13335245847702026,0.9281437397003174,0.6045209169387817
YER172C,YKL059C,0,-0.3651306,0.13333334028720856,0.9281437397003174,0.6046209335327148
YOL098C,YPL023C,0,-0.36604822,0.13331422209739685,0.9281437397003174,0.604720950126648
YJR093C,YOR101W,0,-0.36615074,0.13329511880874634,0.9281437397003174,0.604820966720581
YGR120C,YOR060C,0,-0.36615935,0.13327601552009583,0.9281437397003174,0.6049209833145142
YJR104C,YGR013W,0,-0.36778545,0.1332569122314453,0.9281437397003174,0.6050209999084473
YGL195W,YJL094C,0,-0.36906624,0.133237823843956,0.9281437397003174,0.6051210165023804
YIL123W,YHR169W,0,-0.37023276,0.13321873545646667,0.9281437397003174,0.6052210330963135
YAL003W,YOR039W,0,-0.3711195,0.13319966197013855,0.9281437397003174,0.6053210496902466
YPL162C,YPL020C,0,-0.3722192,0.13318058848381042,0.9281437397003174,0.6054210662841797
YCL051W,YNR075W,0,-0.37258154,0.1331615149974823,0.9281437397003174,0.6055210828781128
YNL056W,YJR118C,0,-0.37274885,0.13314244151115417,0.9281437397003174,0.6056210994720459
YCL005W-A,YPL010W,0,-0.3728345,0.13312338292598724,0.9281437397003174,0.605721116065979
YDL103C,YKL004W,0,-0.37326312,0.1331043392419815,0.9281437397003174,0.6058211922645569
YNL035C,YBL100W-A,0,-0.37408137,0.13308529555797577,0.9281437397003174,0.60592120885849
YKR095W-A,YHR141C,0,-0.37446067,0.13306625187397003,0.9281437397003174,0.6060212254524231
YHL003C,YCL031C,0,-0.37566507,0.1330472081899643,0.9281437397003174,0.6061212420463562
YCL048W,YBR058C-A,0,-0.37835285,0.13302817940711975,0.9281437397003174,0.6062212586402893
YGR277C,YDL075W,0,-0.37854624,0.1330091506242752,0.9281437397003174,0.6063212752342224
YJL127C,YBR036C,0,-0.3786748,0.13299013674259186,0.9281437397003174,0.6064212918281555
YLL010C,YHR027C,0,-0.37922767,0.1329711228609085,0.9281437397003174,0.6065213084220886
YLR320W,YGR055W,0,-0.37989008,0.13295210897922516,0.9281437397003174,0.6066213250160217
YMR322C,YHR124W,0,-0.38003045,0.132933109998703,0.9281437397003174,0.6067213416099548
YGL022W,YER095W,0,-0.38029912,0.13291411101818085,0.9281437397003174,0.6068213582038879
YNL125C,YLL067C,0,-0.38031825,0.1328951120376587,0.9281437397003174,0.606921374797821
YNL139C,YLR127C,0,-0.38064784,0.13287612795829773,0.9281437397003174,0.6070213913917542
YMR135C,YFL005W,0,-0.380988,0.13285714387893677,0.9281437397003174,0.6071214079856873
YGL134W,YPR128C,0,-0.38235304,0.1328381597995758,0.9281437397003174,0.6072214245796204
YKR030W,YDR013W,0,-0.38320184,0.13281919062137604,0.9281437397003174,0.6073214411735535
YPR065W,YKR034W,0,-0.38445544,0.13280022144317627,0.9281437397003174,0.6074214577674866
YMR302C,YHR214W,0,-0.3848012,0.1327812671661377,0.9281437397003174,0.6075215339660645
YKR099W,YBR217W,0,-0.3850693,0.13276231288909912,0.9281437397003174,0.6076215505599976
YDR466W,YPL033C,0,-0.38545856,0.13274335861206055,0.9281437397003174,0.6077215671539307
YLR138W,YOR153W,0,-0.38569826,0.13272441923618317,0.9281437397003174,0.6078215837478638
YMR153W,YBR166C,0,-0.386092,0.1327054798603058,0.9281437397003174,0.6079216003417969
YAR015W,YMR313C,0,-0.38633966,0.1326865404844284,0.9281437397003174,0.60802161693573
YDR078C,YGL018C,0,-0.38738328,0.13266761600971222,0.9281437397003174,0.6081216335296631
YAL020C,YNL326C,0,-0.38760394,0.13264869153499603,0.9281437397003174,0.6082216501235962
YKR099W,YJL041W,0,-0.38773453,0.13262978196144104,0.9281437397003174,0.6083216667175293
YJR139C,YLR328W,0,-0.38887072,0.13261087238788605,0.9281437397003174,0.6084216833114624
YML015C,YOR044W,0,-0.38987237,0.13259196281433105,0.9281437397003174,0.6085216999053955
YPR199C,YKL045W,0,-0.38997316,0.13257305324077606,0.9281437397003174,0.6086217164993286
YCL027W,YDR043C,0,-0.39027417,0.13255415856838226,0.9281437397003174,0.6087217330932617
YPL016W,YDR021W,0,-0.39039576,0.13253527879714966,0.9281437397003174,0.6088217496871948
YNL072W,YIL101C,0,-0.39187264,0.13251638412475586,0.9281437397003174,0.6089217662811279
YHL013C,YDR214W,0,-0.3925898,0.13249750435352325,0.9281437397003174,0.609021782875061
YLR310C,YPL120W,0,-0.3932954,0.13247863948345184,0.9281437397003174,0.6091217994689941
YJL136C,YDL138W,0,-0.39430118,0.13245975971221924,0.9281437397003174,0.6092218160629272
YDR200C,YPL092W,0,-0.39461637,0.13244089484214783,0.9281437397003174,0.6093218922615051
YER108C,YOR127W,1,-0.39512685,0.13256442546844482,0.9291417002677917,0.6093218922615051
YMR283C,YOR120W,0,-0.3953792,0.1325455605983734,0.9291417002677917,0.6094219088554382
YER100W,YBL100W-A,0,-0.39622918,0.132526695728302,0.9291417002677917,0.6095219254493713
YOR046C,YLR460C,0,-0.39656943,0.1325078308582306,0.9291417002677917,0.6096219420433044
YNL069C,YPL275W,0,-0.39706847,0.13248896598815918,0.9291417002677917,0.6097219586372375
YOL094C,YBR293W,0,-0.39760935,0.13247011601924896,0.9291417002677917,0.6098219752311707
YCR045C,YPL032C,0,-0.39771682,0.13245126605033875,0.9291417002677917,0.6099219918251038
YGL070C,YDR134C,0,-0.39805835,0.13243243098258972,0.9291417002677917,0.6100220084190369
YNL079C,YDR477W,1,-0.39863962,0.13255582749843597,0.9301397204399109,0.6100220084190369
YHL040C,YMR220W,0,-0.398746,0.13253697752952576,0.9301397204399109,0.61012202501297
YOR078W,YKR031C,0,-0.40108562,0.13251812756061554,0.9301397204399109,0.6102220416069031
YDR372C,YKL056C,0,-0.40129846,0.13249929249286652,0.9301397204399109,0.6103220582008362
YLR207W,YMR139W,0,-0.40211457,0.1324804574251175,0.9301397204399109,0.6104220747947693
YPR022C,YIL172C,0,-0.40290317,0.13246162235736847,0.9301397204399109,0.6105220913887024
YER051W,YGL038C,0,-0.4033638,0.13244280219078064,0.9301397204399109,0.6106221079826355
YOL146W,YNL148C,0,-0.40341705,0.1324239820241928,0.9301397204399109,0.6107221245765686
YOR103C,YML098W,0,-0.40420818,0.13240517675876617,0.9301397204399109,0.6108221411705017
YDR545W,YEL027W,0,-0.40457118,0.13238635659217834,0.9301397204399109,0.6109221577644348
YBR131W,YBR176W,0,-0.4047071,0.1323675662279129,0.9301397204399109,0.6110222339630127
YBR302C,YDR128W,0,-0.40515715,0.13234876096248627,0.9301397204399109,0.6111222505569458
YBR272C,YPL275W,0,-0.40553373,0.13232997059822083,0.9301397204399109,0.6112222671508789
YJR017C,YJR126C,0,-0.4060683,0.13231118023395538,0.9301397204399109,0.611322283744812
YAL021C,YGL058W,0,-0.40779844,0.13229240477085114,0.9301397204399109,0.6114223003387451
YBL069W,YGL211W,0,-0.4096132,0.1322736293077469,0.9301397204399109,0.6115223169326782
YCL047C,YPL117C,0,-0.40986618,0.13225485384464264,0.9301397204399109,0.6116223335266113
YDL124W,YBL007C,0,-0.4104507,0.13223609328269958,0.9301397204399109,0.6117223501205444
YBR069C,YDR536W,0,-0.41170055,0.13221733272075653,0.9301397204399109,0.6118223667144775
YKR077W,YPL030W,0,-0.4135543,0.13219858705997467,0.9301397204399109,0.6119223833084106
YJR088C,YBR200W,0,-0.41597664,0.13217982649803162,0.9301397204399109,0.6120223999023438
YML129C,YMR266W,0,-0.416008,0.13216109573841095,0.9301397204399109,0.6121224164962769
YJL078C,YOL006C,0,-0.4160512,0.1321423500776291,0.9301397204399109,0.61222243309021
YER058W,YDR318W,0,-0.41624102,0.13212361931800842,0.9301397204399109,0.6123224496841431
YNL079C,YLL021W,1,-0.41654986,0.13224662840366364,0.93113774061203,0.6123224496841431
YHR134W,YBR291C,0,-0.4169646,0.13222789764404297,0.93113774061203,0.6124224662780762
YDR054C,YLR212C,0,-0.41722125,0.1322091519832611,0.93113774061203,0.6125224828720093
YHR181W,YPR155C,0,-0.41758138,0.13219042122364044,0.93113774061203,0.6126224994659424
YAL020C,YFR047C,0,-0.41830862,0.13217169046401978,0.93113774061203,0.6127225160598755
YPL133C,YPL047W,0,-0.4194677,0.1321529746055603,0.93113774061203,0.6128225922584534
YNL005C,YHL038C,0,-0.41975635,0.13213425874710083,0.93113774061203,0.6129226088523865
YER026C,YOL096C,0,-0.42060506,0.13211554288864136,0.93113774061203,0.6130226254463196
YDR324C,YOR178C,0,-0.42157936,0.13209684193134308,0.93113774061203,0.6131226420402527
YBR176W,YMR052W,0,-0.4220692,0.1320781409740448,0.93113774061203,0.6132226586341858
YDR018C,YBL056W,0,-0.42268062,0.13205945491790771,0.93113774061203,0.6133226752281189
YDR031W,YLR283W,0,-0.42277628,0.13204075396060944,0.93113774061203,0.613422691822052
YPL176C,YCR091W,0,-0.42350507,0.13202206790447235,0.93113774061203,0.6135227084159851
YPL008W,YJR029W,0,-0.4275416,0.13200339674949646,0.93113774061203,0.6136227250099182
YER102W,YBR109C,0,-0.42871326,0.13198472559452057,0.93113774061203,0.6137227416038513
YKL112W,YGR104C,0,-0.4318938,0.13196605443954468,0.93113774061203,0.6138227581977844
YJR097W,YLR424W,0,-0.43202707,0.13194739818572998,0.93113774061203,0.6139227747917175
YIR004W,YNL189W,0,-0.43250203,0.1319287270307541,0.93113774061203,0.6140227913856506
YDR092W,YDR003W,0,-0.43390864,0.13191008567810059,0.93113774061203,0.6141228079795837
YGR041W,YDL230W,0,-0.43604448,0.1318914294242859,0.93113774061203,0.6142228245735168
YNL062C,YOR202W,0,-0.4388256,0.13187278807163239,0.93113774061203,0.61432284116745
YOR391C,YBR012W-A,0,-0.43905535,0.13185416162014008,0.93113774061203,0.6144228577613831
YBR114W,YMR201C,0,-0.43915057,0.13183552026748657,0.93113774061203,0.6145229339599609
YPR021C,YPL242C,0,-0.44036245,0.13181689381599426,0.93113774061203,0.614622950553894
YBR091C,YOR157C,0,-0.44053328,0.13179828226566315,0.93113774061203,0.6147229671478271
YJL057C,YML114C,0,-0.44053674,0.13177965581417084,0.93113774061203,0.6148229837417603
YDL207W,YML005W,0,-0.4417728,0.13176104426383972,0.93113774061203,0.6149230003356934
YML069W,YGL038C,0,-0.44302928,0.1317424476146698,0.93113774061203,0.6150230169296265
YPL045W,YOR087W,0,-0.44353354,0.13172385096549988,0.93113774061203,0.6151230335235596
YNL024C,YJR139C,0,-0.4439204,0.13170525431632996,0.93113774061203,0.6152230501174927
YDR045C,YBR057C,0,-0.44430828,0.13168665766716003,0.93113774061203,0.6153230667114258
YNL288W,YAL058W,0,-0.44521046,0.1316680759191513,0.93113774061203,0.6154230833053589
YAL068C,YPR047W,0,-0.44565955,0.13164949417114258,0.93113774061203,0.615523099899292
YDR206W,YPL228W,0,-0.447419,0.13163092732429504,0.93113774061203,0.6156231164932251
YPL056C,YDL043C,0,-0.4476102,0.1316123604774475,0.93113774061203,0.6157231330871582
YBR171W,YHL050C,0,-0.44803378,0.13159379363059998,0.93113774061203,0.6158231496810913
YNL136W,YMR202W,0,-0.44899273,0.13157524168491364,0.93113774061203,0.6159231662750244
YML009C,YLR319C,0,-0.44943953,0.1315566897392273,0.93113774061203,0.6160231828689575
YOR065W,YKL055C,0,-0.44991702,0.13153813779354095,0.93113774061203,0.6161231994628906
YER074W-A,YIL008W,0,-0.45005205,0.1315196007490158,0.93113774061203,0.6162232160568237
YMR195W,YNL059C,0,-0.45016456,0.13150106370449066,0.93113774061203,0.6163232922554016
YOR308C,YLR345W,0,-0.4508016,0.13148252665996552,0.93113774061203,0.6164233088493347
YDR168W,YMR060C,0,-0.45223308,0.13146400451660156,0.93113774061203,0.6165233254432678
YLR007W,YDL189W,0,-0.4529001,0.1314454823732376,0.93113774061203,0.6166233420372009
YAL011W,YEL004W,0,-0.45420605,0.13142696022987366,0.93113774061203,0.616723358631134
YGL023C,YLR352W,0,-0.45449555,0.1314084529876709,0.93113774061203,0.6168233752250671
YDR427W,YBL038W,0,-0.45479557,0.13138994574546814,0.93113774061203,0.6169233918190002
YGR163W,YPR164W,0,-0.45529225,0.13137143850326538,0.93113774061203,0.6170234084129333
YNL250W,YLR035C,0,-0.45581028,0.13135294616222382,0.93113774061203,0.6171234250068665
YDR447C,YMR298W,0,-0.45636556,0.13133445382118225,0.93113774061203,0.6172234416007996
YOR057W,YKL018W,0,-0.45668364,0.13131597638130188,0.93113774061203,0.6173234581947327
YLR459W,YGL166W,0,-0.45705056,0.1312974989414215,0.93113774061203,0.6174234747886658
YMR059W,YKL048C,0,-0.45762417,0.13127902150154114,0.93113774061203,0.6175234913825989
YCR096C,YDR303C,0,-0.45815307,0.13126054406166077,0.93113774061203,0.617623507976532
YDR299W,YOR236W,0,-0.45827666,0.1312420815229416,0.93113774061203,0.6177235245704651
YCR043C,YDR206W,0,-0.45833665,0.1312236338853836,0.93113774061203,0.6178235411643982
YEL071W,YLR138W,0,-0.4583696,0.13120517134666443,0.93113774061203,0.6179235577583313
YLR347C,YPL028W,0,-0.45968866,0.13118672370910645,0.93113774061203,0.6180236339569092
YGR104C,YCL063W,0,-0.46023268,0.13116827607154846,0.93113774061203,0.6181236505508423
YIL030C,YNL326C,0,-0.4610885,0.13114984333515167,0.93113774061203,0.6182236671447754
YML087C,YLR431C,0,-0.46121958,0.13113141059875488,0.93113774061203,0.6183236837387085
YDR540C,YPL193W,0,-0.46127295,0.1311129778623581,0.93113774061203,0.6184237003326416
YJL209W,YHR146W,0,-0.46147233,0.1310945600271225,0.93113774061203,0.6185237169265747
YJR049C,YOR322C,0,-0.46149594,0.1310761421918869,0.93113774061203,0.6186237335205078
YOL125W,YMR045C,0,-0.46179873,0.1310577392578125,0.93113774061203,0.6187237501144409
YOR362C,YPL146C,0,-0.46236193,0.1310393214225769,0.93113774061203,0.618823766708374
YGL085W,YAL008W,0,-0.46261847,0.1310209184885025,0.93113774061203,0.6189237833023071
YBL063W,YBR139W,0,-0.4632383,0.1310025304555893,0.93113774061203,0.6190237998962402
YDR538W,YOL072W,0,-0.46354666,0.1309841424226761,0.93113774061203,0.6191238164901733
YJR090C,YHR121W,0,-0.46391094,0.13096575438976288,0.93113774061203,0.6192238330841064
YGR224W,YCR004C,0,-0.46425438,0.13094736635684967,0.93113774061203,0.6193238496780396
YOL092W,YEL061C,0,-0.46479365,0.13092899322509766,0.93113774061203,0.6194238662719727
YDL226C,YMR234W,0,-0.46496662,0.13091062009334564,0.93113774061203,0.6195238828659058
YDR482C,YNL213C,0,-0.46523535,0.13089226186275482,0.93113774061203,0.6196238994598389
YOL116W,YOL075C,0,-0.466354,0.1308738887310028,0.93113774061203,0.619723916053772
YPL096C-A,YDL072C,0,-0.46651608,0.13085554540157318,0.93113774061203,0.6198239922523499
YJL113W,YJL010C,0,-0.46680745,0.13083718717098236,0.93113774061203,0.619924008846283
YOL125W,YDL127W,0,-0.4675927,0.13081884384155273,0.93113774061203,0.6200240254402161
YBR167C,YLR398C,0,-0.46768677,0.1308005005121231,0.93113774061203,0.6201240420341492
YGR129W,YPL145C,0,-0.4681128,0.13078217208385468,0.93113774061203,0.6202240586280823
YGL100W,YDR354W,0,-0.46874923,0.13076384365558624,0.93113774061203,0.6203240752220154
YDR435C,YER044C,0,-0.46880776,0.1307455152273178,0.93113774061203,0.6204240918159485
YJL145W,YDR486C,0,-0.46883726,0.13072720170021057,0.93113774061203,0.6205241084098816
YDL166C,YOR118W,0,-0.4695046,0.13070888817310333,0.93113774061203,0.6206241250038147
YMR119W,YER016W,0,-0.4697051,0.1306905746459961,0.93113774061203,0.6207241415977478
YIR034C,YOL060C,0,-0.47107852,0.13067227602005005,0.93113774061203,0.6208241581916809
YHR181W,YBR161W,0,-0.47110075,0.130653977394104,0.93113774061203,0.620924174785614
YNR040W,YMR307W,0,-0.47155273,0.13063567876815796,0.93113774061203,0.6210241913795471
YKL039W,YCL029C,0,-0.4726521,0.1306173950433731,0.93113774061203,0.6211242079734802
YPL057C,YGR074W,0,-0.47298717,0.13059911131858826,0.93113774061203,0.6212242245674133
YHR106W,YOL128C,0,-0.47338414,0.1305808275938034,0.93113774061203,0.6213242411613464
YNL245C,YML016C,0,-0.47370464,0.13056255877017975,0.93113774061203,0.6214242577552795
YAL002W,YBR248C,0,-0.4737215,0.1305442899465561,0.93113774061203,0.6215243339538574
YJR043C,YBR098W,0,-0.47410655,0.13052602112293243,0.93113774061203,0.6216243505477905
YJL203W,YGR227W,0,-0.47433937,0.13050776720046997,0.93113774061203,0.6217243671417236
YBR179C,YMR275C,0,-0.47573245,0.1304895132780075,0.93113774061203,0.6218243837356567
YBL101C,YGR261C,0,-0.4758309,0.13047125935554504,0.93113774061203,0.6219244003295898
YKR104W,YDR143C,0,-0.4774623,0.13045302033424377,0.93113774061203,0.622024416923523
YPL265W,YAL015C,0,-0.47857785,0.1304347813129425,0.93113774061203,0.622124433517456
YBR176W,YML120C,0,-0.47890425,0.13041655719280243,0.93113774061203,0.6222244501113892
YGR215W,YPL010W,0,-0.4791202,0.13039831817150116,0.93113774061203,0.6223244667053223
YMR037C,YHR150W,0,-0.47996545,0.13038009405136108,0.93113774061203,0.6224244832992554
YNL188W,YDR243C,0,-0.48071182,0.1303618848323822,0.93113774061203,0.6225244998931885
YCR036W,YOR363C,0,-0.48324883,0.13034367561340332,0.93113774061203,0.6226245164871216
YBR104W,YDR236C,0,-0.48375595,0.13032546639442444,0.93113774061203,0.6227245330810547
YDL017W,YJL056C,0,-0.4841648,0.13030725717544556,0.93113774061203,0.6228245496749878
YER005W,YOL002C,0,-0.48540002,0.13028906285762787,0.93113774061203,0.6229245662689209
YGR063C,YNL265C,0,-0.4857761,0.13027086853981018,0.93113774061203,0.623024582862854
YBR012W-B,YDL114W,0,-0.48614222,0.1302526891231537,0.93113774061203,0.6231245994567871
YJL121C,YEL002C,0,-0.4865095,0.1302345097064972,0.93113774061203,0.6232246160507202
YPL081W,YBL023C,0,-0.48693848,0.1302163302898407,0.93113774061203,0.6233246922492981
YMR060C,YMR307W,0,-0.48778123,0.1301981508731842,0.93113774061203,0.6234247088432312
YPL221W,YNL097C,0,-0.4882319,0.1301799863576889,0.93113774061203,0.6235247254371643
YBL103C,YBL025W,0,-0.4892409,0.1301618367433548,0.93113774061203,0.6236247420310974
YDR447C,YNL301C,0,-0.49057496,0.1301436722278595,0.93113774061203,0.6237247586250305
YIL033C,YNL118C,0,-0.49258018,0.1301255226135254,0.93113774061203,0.6238247752189636
YHR120W,YLR015W,0,-0.49268305,0.13010737299919128,0.93113774061203,0.6239247918128967
YBR097W,YOL069W,0,-0.49457923,0.13008923828601837,0.93113774061203,0.6240248084068298
YPL141C,YML121W,0,-0.49503005,0.13007110357284546,0.93113774061203,0.6241248250007629
YDR362C,YBR179C,0,-0.49618116,0.13005296885967255,0.93113774061203,0.624224841594696
YBR077C,YMR044W,0,-0.497381,0.13003484904766083,0.93113774061203,0.6243248581886292
YDL099W,YPL089C,0,-0.4988444,0.1300167292356491,0.93113774061203,0.6244248747825623
YKL156W,YDL166C,0,-0.4995867,0.1299986094236374,0.93113774061203,0.6245248913764954
YBL035C,YGR054W,0,-0.5012318,0.12998048961162567,0.93113774061203,0.6246249079704285
YGL246C,YLR385C,0,-0.50138867,0.12996238470077515,0.93113774061203,0.6247249245643616
YNL091W,YAL005C,0,-0.50145435,0.12994429469108582,0.93113774061203,0.6248249411582947
YJR113C,YPR165W,0,-0.5021357,0.1299261897802353,0.93113774061203,0.6249249577522278
YDR489W,YLR239C,0,-0.50281215,0.12990809977054596,0.93113774061203,0.6250250339508057
YBR029C,YMR037C,0,-0.5030718,0.12989002466201782,0.93113774061203,0.6251250505447388
YDR421W,YIL173W,0,-0.5030931,0.1298719346523285,0.93113774061203,0.6252250671386719
YDR392W,YER149C,1,-0.5041927,0.1299930363893509,0.9321357011795044,0.6252250671386719
YJR102C,YKL216W,0,-0.50462234,0.12997494637966156,0.9321357011795044,0.625325083732605
YIL037C,YDR483W,0,-0.504627,0.12995687127113342,0.9321357011795044,0.6254251003265381
YDR184C,YJR007W,0,-0.50466037,0.1299387812614441,0.9321357011795044,0.6255251169204712
YNL035C,YBR291C,0,-0.5047044,0.12992070615291595,0.9321357011795044,0.6256251335144043
YBR022W,YIL171W,0,-0.5064124,0.129902645945549,0.9321357011795044,0.6257251501083374
YNL031C,YDR450W,0,-0.50681686,0.12988457083702087,0.9321357011795044,0.6258251667022705
YKL039W,YHR188C,0,-0.50763863,0.12986652553081512,0.9321357011795044,0.6259251832962036
YBL040C,YLR204W,0,-0.5078373,0.12984846532344818,0.9321357011795044,0.6260251998901367
YJL074C,YBR283C,0,-0.50823647,0.12983042001724243,0.9321357011795044,0.6261252164840698
YNL125C,YKL021C,0,-0.50874674,0.12981237471103668,0.9321357011795044,0.6262252330780029
YOL007C,YCL026C-A,0,-0.5094856,0.12979432940483093,0.9321357011795044,0.626325249671936
YAR010C,YDR390C,0,-0.5106592,0.12977629899978638,0.9321357011795044,0.6264252662658691
YHR118C,YHR025W,0,-0.5118145,0.12975826859474182,0.9321357011795044,0.6265252828598022
YIR003W,YDR386W,0,-0.51182055,0.12974023818969727,0.9321357011795044,0.6266252994537354
YLR298C,YOL109W,0,-0.5145431,0.1297222226858139,0.9321357011795044,0.6267253160476685
YGR183C,YBR302C,0,-0.51524544,0.12970420718193054,0.9321357011795044,0.6268253922462463
YER018C,YPL061W,0,-0.51544327,0.12968619167804718,0.9321357011795044,0.6269254088401794
YOL120C,YML031W,0,-0.5157622,0.129668191075325,0.9321357011795044,0.6270254254341125
YDR392W,YDL024C,1,-0.5176294,0.12978900969028473,0.9331337213516235,0.6270254254341125
YOR115C,YLR431C,0,-0.5191838,0.12977099418640137,0.9331337213516235,0.6271254420280457
YBL088C,YDR041W,0,-0.5199314,0.129752978682518,0.9331337213516235,0.6272254586219788
YOR110W,YMR275C,0,-0.5204607,0.12973497807979584,0.9331337213516235,0.6273254752159119
YJL002C,YOR118W,0,-0.52062356,0.12971697747707367,0.9331337213516235,0.627425491809845
YGR017W,YPL283C,0,-0.52080524,0.1296989917755127,0.9331337213516235,0.6275255084037781
YMR060C,YMR150C,0,-0.5209584,0.12968099117279053,0.9331337213516235,0.6276255249977112
YOR211C,YLL038C,0,-0.5213402,0.12966302037239075,0.9331337213516235,0.6277255415916443
YNL180C,YJR089W,0,-0.52228254,0.12964503467082977,0.9331337213516235,0.6278255581855774
YOL007C,YPR022C,0,-0.52473664,0.12962706387043,0.9331337213516235,0.6279255747795105
YLR066W,YHL020C,0,-0.5257413,0.1296090930700302,0.9331337213516235,0.6280255913734436
YGR162W,YOR188W,0,-0.5259832,0.12959112226963043,0.9331337213516235,0.6281256079673767
YFR014C,YHL009C,0,-0.52674025,0.12957316637039185,0.9331337213516235,0.6282256245613098
YOR103C,YNL329C,0,-0.52749586,0.12955521047115326,0.9331337213516235,0.6283256411552429
YMR221C,YPR188C,0,-0.5278264,0.12953726947307587,0.9331337213516235,0.628425657749176
YLR059C,YOL077W-A,0,-0.52892214,0.12951932847499847,0.9331337213516235,0.6285257339477539
YFL062W,YIL137C,0,-0.5290174,0.12950138747692108,0.9331337213516235,0.628625750541687
YJR022W,YOR389W,0,-0.52933913,0.1294834464788437,0.9331337213516235,0.6287257671356201
YPR079W,YJL110C,0,-0.5294989,0.1294655203819275,0.9331337213516235,0.6288257837295532
YAL053W,YHR123W,0,-0.5306088,0.1294475942850113,0.9331337213516235,0.6289258003234863
YDR406W,YLR369W,0,-0.53133434,0.1294296830892563,0.9331337213516235,0.6290258169174194
YOR380W,YAL047C,0,-0.53148806,0.12941177189350128,0.9331337213516235,0.6291258335113525
YDL113C,YBR058C,0,-0.53334904,0.12939386069774628,0.9331337213516235,0.6292258501052856
YNL199C,YPR181C,0,-0.5342925,0.12937594950199127,0.9331337213516235,0.6293258666992188
YDL106C,YOR026W,0,-0.53531057,0.12935805320739746,0.9331337213516235,0.6294258832931519
YOR254C,YPL211W,0,-0.53568596,0.12934015691280365,0.9331337213516235,0.629525899887085
YGR002C,YML111W,0,-0.5359634,0.12932227551937103,0.9331337213516235,0.6296259164810181
YBR060C,YDR013W,0,-0.5372481,0.12930437922477722,0.9331337213516235,0.6297259330749512
YLR388W,YML010W,0,-0.5373801,0.1292864978313446,0.9331337213516235,0.6298259496688843
YPL096C-A,YKR025W,0,-0.53744125,0.12926863133907318,0.9331337213516235,0.6299259662628174
YJR017C,YJR086W,0,-0.5396397,0.12925076484680176,0.9331337213516235,0.6300259828567505
YJL036W,YER048W-A,0,-0.5397826,0.12923289835453033,0.9331337213516235,0.6301259994506836
YOL132W,YOL005C,0,-0.53982854,0.1292150318622589,0.9331337213516235,0.6302260160446167
YKL149C,YER110C,0,-0.5423356,0.12919718027114868,0.9331337213516235,0.6303260922431946
YOR007C,YGL064C,0,-0.54339355,0.12917932868003845,0.9331337213516235,0.6304261088371277
YNL241C,YIL124W,0,-0.5435951,0.12916149199008942,0.9331337213516235,0.6305261254310608
YML058W,YDR276C,0,-0.54391223,0.1291436403989792,0.9331337213516235,0.6306261420249939
YOL031C,YGR074W,0,-0.5442759,0.12912581861019135,0.9331337213516235,0.630726158618927
YLR310C,YNL289W,0,-0.5445123,0.1291079819202423,0.9331337213516235,0.6308261752128601
YFL047W,YER014W,0,-0.54454315,0.12909016013145447,0.9331337213516235,0.6309261918067932
YLR061W,YLR138W,0,-0.5446288,0.12907233834266663,0.9331337213516235,0.6310262084007263
YOR083W,YFR034C,0,-0.5455648,0.12905451655387878,0.9331337213516235,0.6311262249946594
YOR284W,YLR210W,0,-0.5459279,0.12903670966625214,0.9331337213516235,0.6312262415885925
YML094W,YLL036C,0,-0.5461212,0.1290189027786255,0.9331337213516235,0.6313262581825256
YDR328C,YDR162C,0,-0.5463936,0.12900111079216003,0.9331337213516235,0.6314262747764587
YNR026C,YPL001W,0,-0.54668057,0.1289833039045334,0.9331337213516235,0.6315262913703918
YGR240C,YMR088C,0,-0.5493745,0.12896551191806793,0.9331337213516235,0.631626307964325
YPL016W,YFR038W,0,-0.5494957,0.12894773483276367,0.9331337213516235,0.6317263245582581
YLR259C,YLR067C,0,-0.5496283,0.1289299577474594,0.9331337213516235,0.6318263411521912
YIL091C,YDL112W,0,-0.550284,0.12891218066215515,0.9331337213516235,0.6319263577461243
YIL063C,YEL032W,0,-0.55167454,0.1288944035768509,0.9331337213516235,0.6320264339447021
YCR069W,YPL106C,0,-0.5518782,0.12887664139270782,0.9331337213516235,0.6321264505386353
YHL017W,YCL019W,0,-0.5526828,0.12885887920856476,0.9331337213516235,0.6322264671325684
YGR275W,YHR025W,0,-0.5526894,0.1288411170244217,0.9331337213516235,0.6323264837265015
YMR036C,YML021C,0,-0.55285525,0.12882336974143982,0.9331337213516235,0.6324265003204346
YAL035W,YGR163W,0,-0.5542705,0.12880562245845795,0.9331337213516235,0.6325265169143677
YOL122C,YFR003C,0,-0.5544336,0.12878787517547607,0.9331337213516235,0.6326265335083008
YPL022W,YEL024W,0,-0.55446196,0.1287701427936554,0.9331337213516235,0.6327265501022339
YNR036C,YML110C,0,-0.55525136,0.12875241041183472,0.9331337213516235,0.632826566696167
YDL213C,YLR229C,0,-0.55530095,0.12873467803001404,0.9331337213516235,0.6329265832901001
YOR171C,YGL016W,0,-0.5562618,0.12871696054935455,0.9331337213516235,0.6330265998840332
YDR009W,YDR330W,0,-0.5566766,0.12869924306869507,0.9331337213516235,0.6331266164779663
YPL233W,YLR399C,0,-0.5583725,0.12868152558803558,0.9331337213516235,0.6332266330718994
YNL263C,YDR128W,0,-0.55903745,0.1286638230085373,0.9331337213516235,0.6333266496658325
YIL074C,YLR001C,0,-0.55915254,0.128646120429039,0.9331337213516235,0.6334266662597656
YHR036W,YGL070C,0,-0.5591984,0.1286284178495407,0.9331337213516235,0.6335266828536987
YNL339C,YGR277C,0,-0.5600558,0.1286107301712036,0.9331337213516235,0.6336266994476318
YMR070W,YIR007W,0,-0.56037587,0.12859304249286652,0.9331337213516235,0.6337267160415649
YOL003C,YHL038C,0,-0.56160396,0.12857535481452942,0.9331337213516235,0.6338267922401428
YIL124W,YOL029C,0,-0.5616363,0.12855768203735352,0.9331337213516235,0.6339268088340759
YOR034C,YLR275W,0,-0.562313,0.1285400092601776,0.9331337213516235,0.634026825428009
YLR417W,YPL074W,0,-0.5633052,0.1285223364830017,0.9331337213516235,0.6341268420219421
YJR022W,YDL101C,0,-0.5636114,0.128504678606987,0.9331337213516235,0.6342268586158752
YCR092C,YDR079C-A,0,-0.5639489,0.1284870207309723,0.9331337213516235,0.6343268752098083
YOR030W,YLR399C,0,-0.56403077,0.12846936285495758,0.9331337213516235,0.6344268918037415
YER005W,YIL172C,0,-0.5642948,0.12845170497894287,0.9331337213516235,0.6345269083976746
YOR044W,YMR224C,0,-0.5643093,0.12843406200408936,0.9331337213516235,0.6346269249916077
YIR014W,YMR023C,0,-0.5644171,0.12841641902923584,0.9331337213516235,0.6347269415855408
YKR030W,YNL159C,0,-0.56453776,0.12839879095554352,0.9331337213516235,0.6348269581794739
YKL193C,YOR022C,0,-0.5648515,0.1283811628818512,0.9331337213516235,0.634926974773407
YDR477W,YOR266W,0,-0.5650463,0.12836353480815887,0.9331337213516235,0.6350269913673401
YBL093C,YGR074W,0,-0.5653293,0.12834592163562775,0.9331337213516235,0.6351270079612732
YLR085C,YPR128C,0,-0.56958616,0.12832829356193542,0.9331337213516235,0.6352270245552063
YCR088W,YDR486C,0,-0.5701462,0.1283106952905655,0.9331337213516235,0.6353270411491394
YPR036W,YLR352W,0,-0.5718294,0.12829308211803436,0.9331337213516235,0.6354270577430725
YMR322C,YLL006W,0,-0.57384133,0.12827548384666443,0.9331337213516235,0.6355271339416504
YDL214C,YEL020C,0,-0.5746015,0.1282578855752945,0.9331337213516235,0.6356271505355835
YOR011W,YGL223C,0,-0.57514775,0.12824030220508575,0.9331337213516235,0.6357271671295166
YPL123C,YKR105C,0,-0.57526535,0.12822270393371582,0.9331337213516235,0.6358271837234497
YLL038C,YOR196C,0,-0.57686853,0.12820513546466827,0.9331337213516235,0.6359272003173828
YCR069W,YDR372C,0,-0.5786419,0.12818755209445953,0.9331337213516235,0.6360272169113159
YPR100W,YLR011W,0,-0.5797444,0.128169983625412,0.9331337213516235,0.636127233505249
YLR077W,YKL033W,0,-0.5812697,0.12815241515636444,0.9331337213516235,0.6362272500991821
YOR068C,YGL131C,0,-0.5819998,0.1281348466873169,0.9331337213516235,0.6363272666931152
YHR062C,YEL004W,0,-0.58285236,0.12811729311943054,0.9331337213516235,0.6364272832870483
YKL012W,YKL017C,0,-0.58329666,0.1280997395515442,0.9331337213516235,0.6365272998809814
YNL128W,YML074C,0,-0.58478045,0.12808218598365784,0.9331337213516235,0.6366273164749146
YGL181W,YDR182W,0,-0.58495563,0.12806464731693268,0.9331337213516235,0.6367273330688477
YIL153W,YDR243C,0,-0.5854374,0.12804710865020752,0.9331337213516235,0.6368273496627808
YDR012W,YKR045C,0,-0.58567023,0.12802956998348236,0.9331337213516235,0.6369273662567139
YLR403W,YPR186C,0,-0.5874458,0.1280120462179184,0.9331337213516235,0.637027382850647
YDR247W,YDR006C,0,-0.58816695,0.12799452245235443,0.9331337213516235,0.6371273994445801
YDR541C,YHR099W,0,-0.5884282,0.12797699868679047,0.9331337213516235,0.6372274160385132
YMR080C,YHR112C,0,-0.58946365,0.1279594898223877,0.9331337213516235,0.6373274922370911
YLR357W,YDR425W,0,-0.5897715,0.12794198095798492,0.9331337213516235,0.6374275088310242
YDR349C,YOR195W,0,-0.5936559,0.12792447209358215,0.9331337213516235,0.6375275254249573
YKL146W,YER069W,0,-0.59381986,0.12790697813034058,0.9331337213516235,0.6376275420188904
YNR051C,YBR291C,0,-0.5945885,0.127889484167099,0.9331337213516235,0.6377275586128235
YOL137W,YLR368W,0,-0.5956591,0.12787199020385742,0.9331337213516235,0.6378275752067566
YDR485C,YPL206C,0,-0.5966988,0.12785451114177704,0.9331337213516235,0.6379275918006897
YDR178W,YOR086C,0,-0.5985975,0.12783703207969666,0.9331337213516235,0.6380276083946228
YMR002W,YMR127C,0,-0.6008259,0.12781955301761627,0.9331337213516235,0.6381276249885559
YBR036C,YDR021W,0,-0.60250676,0.1278020739555359,0.9331337213516235,0.638227641582489
YPR041W,YAL032C,0,-0.6031716,0.1277846097946167,0.9331337213516235,0.6383276581764221
YOL157C,YOR312C,0,-0.6032505,0.1277671456336975,0.9331337213516235,0.6384276747703552
YPL096C-A,YIL033C,0,-0.60397553,0.12774969637393951,0.9331337213516235,0.6385276913642883
YLR008C,YGR054W,0,-0.6040207,0.12773224711418152,0.9331337213516235,0.6386277079582214
YNR027W,YLR265C,0,-0.60406363,0.12771479785442352,0.9331337213516235,0.6387277245521545
YDR027C,YAL030W,0,-0.6041211,0.12769734859466553,0.9331337213516235,0.6388277411460876
YDR257C,YNR036C,0,-0.604553,0.12767991423606873,0.9331337213516235,0.6389277577400208
YHR107C,YIL043C,0,-0.6066755,0.12766247987747192,0.9331337213516235,0.6390278339385986
YOL072W,YMR170C,0,-0.60679567,0.12764504551887512,0.9331337213516235,0.6391278505325317
YGL219C,YOR373W,0,-0.6071073,0.12762762606143951,0.9331337213516235,0.6392278671264648
YDR545W,YFL034C-B,0,-0.6075343,0.1276102066040039,0.9331337213516235,0.639327883720398
YGR106C,YER061C,0,-0.60807365,0.1275928020477295,0.9331337213516235,0.639427900314331
YNL007C,YBR152W,0,-0.60832644,0.12757538259029388,0.9331337213516235,0.6395279169082642
YLR417W,YDR466W,0,-0.609509,0.12755797803401947,0.9331337213516235,0.6396279335021973
YGR090W,YEL013W,0,-0.61008453,0.12754058837890625,0.9331337213516235,0.6397279500961304
YDR448W,YDR020C,0,-0.6105177,0.12752318382263184,0.9331337213516235,0.6398279666900635
YHR072W-A,YLR015W,0,-0.6114583,0.12750579416751862,0.9331337213516235,0.6399279832839966
YDR307W,YNL240C,0,-0.611635,0.1274884045124054,0.9331337213516235,0.6400279998779297
YDR121W,YOR037W,0,-0.6120671,0.12747102975845337,0.9331337213516235,0.6401280164718628
YKL146W,YEL002C,0,-0.6126187,0.12745365500450134,0.9331337213516235,0.6402280330657959
YGR170W,YLL039C,0,-0.6129168,0.12743628025054932,0.9331337213516235,0.640328049659729
YFL061W,YER088C,0,-0.6129428,0.12741892039775848,0.9331337213516235,0.6404280662536621
YNL229C,YBR291C,0,-0.6129551,0.12740156054496765,0.9331337213516235,0.6405280828475952
YDL104C,YEL011W,0,-0.6139301,0.12738420069217682,0.9331337213516235,0.6406280994415283
YBR127C,YLR373C,0,-0.6139803,0.127366840839386,0.9331337213516235,0.6407281160354614
YGL223C,YOR066W,0,-0.61575854,0.12734949588775635,0.9331337213516235,0.6408281922340393
YIR015W,YBL017C,0,-0.6161554,0.1273321509361267,0.9331337213516235,0.6409282088279724
YMR221C,YGR253C,0,-0.6165819,0.12731482088565826,0.9331337213516235,0.6410282254219055
YJR027W,YOR312C,0,-0.61765695,0.12729747593402863,0.9331337213516235,0.6411282420158386
YLR381W,YHR169W,0,-0.617764,0.12728014588356018,0.9331337213516235,0.6412282586097717
YOL032W,YMR030W,0,-0.6183124,0.12726283073425293,0.9331337213516235,0.6413282752037048
YHL038C,YOR172W,0,-0.61906147,0.12724551558494568,0.9331337213516235,0.6414282917976379
YJL054W,YNL082W,0,-0.6195543,0.12722820043563843,0.9331337213516235,0.641528308391571
YER184C,YGR040W,0,-0.6200419,0.12721088528633118,0.9331337213516235,0.6416283249855042
YMR207C,YDR104C,0,-0.6209936,0.12719358503818512,0.9331337213516235,0.6417283415794373
YKR058W,YNL189W,0,-0.6211194,0.12717628479003906,0.9331337213516235,0.6418283581733704
YIR037W,YMR236W,0,-0.6221063,0.127158984541893,0.9331337213516235,0.6419283747673035
YOL031C,YLR242C,0,-0.62288624,0.12714168429374695,0.9331337213516235,0.6420283913612366
YOR131C,YDR477W,0,-0.6232861,0.12712439894676208,0.9331337213516235,0.6421284079551697
YMR261C,YDR239C,0,-0.6237794,0.12710712850093842,0.9331337213516235,0.6422284245491028
YER146W,YHR111W,0,-0.6248101,0.12708984315395355,0.9331337213516235,0.6423284411430359
YDR178W,YHR070W,0,-0.62485045,0.12707257270812988,0.9331337213516235,0.642428457736969
YGR227W,YMR216C,0,-0.6268079,0.1270553022623062,0.9331337213516235,0.6425285339355469
YLR132C,YGR202C,0,-0.62778753,0.12703804671764374,0.9331337213516235,0.64262855052948
YOR336W,YDR468C,0,-0.62806,0.12702079117298126,0.9331337213516235,0.6427285671234131
YCR093W,YNL098C,1,-0.62807333,0.1271393597126007,0.9341317415237427,0.6427285671234131
YBL050W,YMR037C,0,-0.62822115,0.12712210416793823,0.9341317415237427,0.6428285837173462
YAR033W,YMR055C,0,-0.6302173,0.12710483372211456,0.9341317415237427,0.6429286003112793
YDL204W,YGR024C,0,-0.63086313,0.1270875781774521,0.9341317415237427,0.6430286169052124
YDR462W,YGR286C,0,-0.63169193,0.1270703226327896,0.9341317415237427,0.6431286334991455
YHR183W,YEL021W,0,-0.63204813,0.12705306708812714,0.9341317415237427,0.6432286500930786
YNL305C,YLR286C,0,-0.63214654,0.12703582644462585,0.9341317415237427,0.6433286666870117
YIR028W,YKL010C,0,-0.63456917,0.12701858580112457,0.9341317415237427,0.6434286832809448
YJR065C,YNR041C,0,-0.6365893,0.12700136005878448,0.9341317415237427,0.6435286998748779
YGL190C,YDL159W,1,-0.6368247,0.12711979448795319,0.9351297616958618,0.6435286998748779
YGR257C,YGR224W,0,-0.63755345,0.1271025538444519,0.9351297616958618,0.643628716468811
YOR228C,YBL037W,0,-0.63805926,0.12708531320095062,0.9351297616958618,0.6437287330627441
YOR103C,YIL067C,0,-0.6380682,0.12706807255744934,0.9351297616958618,0.6438287496566772
YOR046C,YBL072C,0,-0.63836634,0.12705084681510925,0.9351297616958618,0.6439287662506104
YBR012W-A,YGR286C,0,-0.64184964,0.12703362107276917,0.9351297616958618,0.6440287828445435
YKL056C,YLL010C,0,-0.6440968,0.12701639533042908,0.9351297616958618,0.6441287994384766
YGL044C,YOR127W,0,-0.64450973,0.12699918448925018,0.9351297616958618,0.6442288160324097
YKR095W-A,YPL010W,0,-0.6445136,0.1269819736480713,0.9351297616958618,0.6443288922309875
YER122C,YER094C,0,-0.64587444,0.1269647628068924,0.9351297616958618,0.6444289088249207
YIL044C,YHR088W,0,-0.6477974,0.1269475668668747,0.9351297616958618,0.6445289254188538
YDR392W,YOR371C,1,-0.64808226,0.12706583738327026,0.9361277222633362,0.6445289254188538
YLR223C,YML110C,0,-0.6485461,0.12704862654209137,0.9361277222633362,0.6446289420127869
YJL180C,YPL144W,0,-0.64976585,0.12703141570091248,0.9361277222633362,0.64472895860672
YGR215W,YHR150W,0,-0.6502124,0.12701421976089478,0.9361277222633362,0.6448289752006531
YDR160W,YJL056C,0,-0.6508465,0.12699702382087708,0.9361277222633362,0.6449289917945862
YDR261C,YBL005W,0,-0.6526806,0.12697982788085938,0.9361277222633362,0.6450290083885193
YHR200W,YCL001W,0,-0.65292585,0.12696264684200287,0.9361277222633362,0.6451290249824524
YNL035C,YBL105C,0,-0.6529688,0.12694546580314636,0.9361277222633362,0.6452290415763855
YDR478W,YPR186C,0,-0.6533038,0.12692828476428986,0.9361277222633362,0.6453290581703186
YDR289C,YNL072W,0,-0.65413046,0.12691110372543335,0.9361277222633362,0.6454290747642517
YGR193C,YHR026W,0,-0.654636,0.12689393758773804,0.9361277222633362,0.6455290913581848
YCR020C,YOR265W,0,-0.6556153,0.12687677145004272,0.9361277222633362,0.6456291079521179
YKR078W,YDR361C,0,-0.65583956,0.1268596202135086,0.9361277222633362,0.645729124546051
YEL015W,YLR200W,0,-0.6568526,0.1268424540758133,0.9361277222633362,0.6458291411399841
YDR005C,YMR166C,0,-0.6596642,0.12682531774044037,0.9361277222633362,0.6459291577339172
YBR193C,YDR354W,0,-0.66021156,0.12680816650390625,0.9361277222633362,0.6460292339324951
YNL051W,YLR002C,0,-0.66026664,0.12679103016853333,0.9361277222633362,0.6461292505264282
YML021C,YKL145W,0,-0.6603164,0.1267738938331604,0.9361277222633362,0.6462292671203613
YNL041C,YBR240C,0,-0.66258216,0.12675675749778748,0.9361277222633362,0.6463292837142944
YNL112W,YMR307W,0,-0.6629345,0.12673963606357574,0.9361277222633362,0.6464293003082275
YJL041W,YHR001W-A,0,-0.6635865,0.126722514629364,0.9361277222633362,0.6465293169021606
YBR044C,YMR287C,0,-0.6636774,0.12670539319515228,0.9361277222633362,0.6466293334960938
YJL078C,YPL061W,0,-0.6647428,0.12668827176094055,0.9361277222633362,0.6467293500900269
YDL043C,YDR441C,0,-0.6650335,0.12667116522789001,0.9361277222633362,0.64682936668396
YLR435W,YOL001W,0,-0.6669513,0.12665405869483948,0.9361277222633362,0.6469293832778931
YDR228C,YGR068C,0,-0.6681076,0.12663696706295013,0.9361277222633362,0.6470293998718262
YBL080C,YHR001W-A,0,-0.6690885,0.1266198754310608,0.9361277222633362,0.6471294164657593
YDR303C,YDL093W,0,-0.6713241,0.12660278379917145,0.9361277222633362,0.6472294330596924
YNL091W,YMR313C,0,-0.67192686,0.1265856921672821,0.9361277222633362,0.6473294496536255
YGL035C,YLL035W,0,-0.6728842,0.12656861543655396,0.9361277222633362,0.6474294662475586
YLR249W,YLL066C,0,-0.67314917,0.1265515387058258,0.9361277222633362,0.6475294828414917
YOL056W,YBR189W,0,-0.67541707,0.12653446197509766,0.9361277222633362,0.6476294994354248
YAL051W,YEL077C,0,-0.6758684,0.1265174001455307,0.9361277222633362,0.6477295756340027
YGR247W,YLR460C,0,-0.67645425,0.12650033831596375,0.9361277222633362,0.6478295922279358
YDR387C,YBR089C-A,0,-0.6775424,0.1264832764863968,0.9361277222633362,0.6479296088218689
YLR239C,YLR450W,0,-0.67909944,0.12646622955799103,0.9361277222633362,0.648029625415802
YDR103W,YBR162W-A,0,-0.67922735,0.12644918262958527,0.9361277222633362,0.6481296420097351
YDR500C,YOR312C,0,-0.6797244,0.1264321357011795,0.9361277222633362,0.6482296586036682
YNL164C,YOR375C,0,-0.680084,0.12641508877277374,0.9361277222633362,0.6483296751976013
YIL065C,YGL096W,0,-0.68197715,0.12639805674552917,0.9361277222633362,0.6484296917915344
YIR034C,YDR386W,0,-0.68242836,0.1263810247182846,0.9361277222633362,0.6485297083854675
YGR017W,YLR288C,0,-0.6829739,0.12636400759220123,0.9361277222633362,0.6486297249794006
YOR246C,YLR390W-A,0,-0.6834632,0.12634697556495667,0.9361277222633362,0.6487297415733337
YJR088C,YCR044C,0,-0.6839366,0.12632997334003448,0.9361277222633362,0.6488297581672668
YLR133W,YDR425W,0,-0.68416965,0.1263129562139511,0.9361277222633362,0.6489297747612
YDR168W,YNL180C,0,-0.6855606,0.12629595398902893,0.9361277222633362,0.6490297913551331
YDL164C,YHL009C,0,-0.68568087,0.12627895176410675,0.9361277222633362,0.6491298079490662
YPL097W,YER095W,0,-0.68663406,0.12626194953918457,0.9361277222633362,0.6492298245429993
YGL201C,YPR042C,0,-0.68801117,0.1262449473142624,0.9361277222633362,0.6493298411369324
YIL156W,YHR098C,0,-0.68826884,0.1262279599905014,0.9361277222633362,0.6494298577308655
YHR121W,YCR003W,0,-0.68883157,0.12621097266674042,0.9361277222633362,0.6495299339294434
YOR196C,YLR467W,0,-0.69072616,0.12619400024414062,0.9361277222633362,0.6496299505233765
YBL031W,YBR235W,0,-0.69100267,0.12617702782154083,0.9361277222633362,0.6497299671173096
YGR253C,YBR122C,0,-0.6916885,0.12616005539894104,0.9361277222633362,0.6498299837112427
YDL010W,YPL215W,0,-0.6917981,0.12614308297634125,0.9361277222633362,0.6499300003051758
YER075C,YLL053C,0,-0.6921886,0.12612612545490265,0.9361277222633362,0.6500300168991089
YPR155C,YDL108W,0,-0.69333696,0.12610916793346405,0.9361277222633362,0.650130033493042
YDR354W,YNL129W,0,-0.6944511,0.12609221041202545,0.9361277222633362,0.6502300500869751
YHL050C,YNL142W,0,-0.6985258,0.12607526779174805,0.9361277222633362,0.6503300666809082
YDR041W,YEL059C-A,0,-0.6989656,0.12605832517147064,0.9361277222633362,0.6504300832748413
YOR030W,YMR238W,1,-0.70097834,0.12617576122283936,0.9371257424354553,0.6504300832748413
YPL146C,YNL015W,0,-0.7010243,0.12615880370140076,0.9371257424354553,0.6505300998687744
YMR231W,YGL119W,0,-0.70148027,0.12614186108112335,0.9371257424354553,0.6506301164627075
YNL087W,YIL050W,0,-0.7023041,0.12612491846084595,0.9371257424354553,0.6507301330566406
YHR050W,YBR229C,0,-0.7035516,0.12610797584056854,0.9371257424354553,0.6508301496505737
YBR162C,YDR381W,0,-0.7047818,0.12609104812145233,0.9371257424354553,0.6509301662445068
YGR244C,YDR264C,0,-0.70704293,0.12607412040233612,0.9371257424354553,0.6510301828384399
YMR297W,YML111W,0,-0.7070996,0.1260571926832199,0.9371257424354553,0.651130199432373
YGR170W,YHR152W,0,-0.7072938,0.1260402649641037,0.9371257424354553,0.6512302756309509
YPL209C,YLR220W,0,-0.7079147,0.12602335214614868,0.9371257424354553,0.651330292224884
YKL138C,YIR036C,0,-0.70869976,0.12600643932819366,0.9371257424354553,0.6514303088188171
YDR178W,YJL083W,0,-0.70926964,0.12598954141139984,0.9371257424354553,0.6515303254127502
YNL041C,YER007W,0,-0.7094883,0.12597262859344482,0.9371257424354553,0.6516303420066833
YMR311C,YDL230W,0,-0.70971453,0.125955730676651,0.9371257424354553,0.6517303586006165
YKL146W,YOL130W,0,-0.7097291,0.12593884766101837,0.9371257424354553,0.6518303751945496
YBR302C,YKR031C,0,-0.71187985,0.12592194974422455,0.9371257424354553,0.6519303917884827
YJR052W,YIL112W,0,-0.71226156,0.12590506672859192,0.9371257424354553,0.6520304083824158
YDR408C,YLR369W,0,-0.7127178,0.1258881837129593,0.9371257424354553,0.6521304249763489
YLR408C,YBL045C,0,-0.7128399,0.12587131559848785,0.9371257424354553,0.652230441570282
YIL030C,YOR339C,0,-0.71329737,0.12585444748401642,0.9371257424354553,0.6523304581642151
YOL117W,YBR056W,0,-0.7137647,0.12583757936954498,0.9371257424354553,0.6524304747581482
YCL061C,YNL137C,0,-0.714645,0.12582071125507355,0.9371257424354553,0.6525304913520813
YLR433C,YOR179C,0,-0.71548855,0.1258038580417633,0.9371257424354553,0.6526305079460144
YMR236W,YMR052W,0,-0.7157889,0.12578700482845306,0.9371257424354553,0.6527305245399475
YDL099W,YPL037C,0,-0.71616495,0.12577015161514282,0.9371257424354553,0.6528305411338806
YHR157W,YLR283W,0,-0.7172804,0.12575331330299377,0.9371257424354553,0.6529305577278137
YDR235W,YPR131C,0,-0.7190845,0.12573647499084473,0.9371257424354553,0.6530306339263916
YGR198W,YMR016C,0,-0.71961695,0.12571963667869568,0.9371257424354553,0.6531306505203247
YBR239C,YGR005C,0,-0.72023356,0.12570281326770782,0.9371257424354553,0.6532306671142578
YAR003W,YLL005C,0,-0.72067624,0.12568598985671997,0.9371257424354553,0.6533306837081909
YDL113C,YDR488C,0,-0.7219075,0.12566916644573212,0.9371257424354553,0.653430700302124
YBR079C,YOL109W,0,-0.7219231,0.12565234303474426,0.9371257424354553,0.6535307168960571
YHL013C,YBR022W,0,-0.72263515,0.1256355345249176,0.9371257424354553,0.6536307334899902
YCR077C,YJR145C,0,-0.7233354,0.12561872601509094,0.9371257424354553,0.6537307500839233
YLR051C,YGL073W,0,-0.72366476,0.12560193240642548,0.9371257424354553,0.6538307666778564
YDL104C,YEL016C,0,-0.72446144,0.12558512389659882,0.9371257424354553,0.6539307832717896
YNL243W,YCR044C,0,-0.7254324,0.12556833028793335,0.9371257424354553,0.6540307998657227
YOR328W,YDL092W,0,-0.7255837,0.12555155158042908,0.9371257424354553,0.6541308164596558
YNL136W,YOL034W,0,-0.72579587,0.1255347579717636,0.9371257424354553,0.6542308330535889
YLR238W,YJR109C,0,-0.72600627,0.12551797926425934,0.9371257424354553,0.654330849647522
YBR058C,YLR200W,0,-0.72775203,0.12550120055675507,0.9371257424354553,0.6544308662414551
YPL008W,YGL049C,0,-0.7290912,0.125484436750412,0.9371257424354553,0.6545308828353882
YPL224C,YDL006W,0,-0.7296979,0.12546765804290771,0.9371257424354553,0.6546308994293213
YOR284W,YKL209C,0,-0.72986877,0.12545090913772583,0.9371257424354553,0.6547309756278992
YBR094W,YHR017W,0,-0.73149073,0.12543414533138275,0.9371257424354553,0.6548309922218323
YAL019W,YOL149W,0,-0.7320539,0.12541739642620087,0.9371257424354553,0.6549310088157654
YBR012W-A,YDR536W,0,-0.73221076,0.12540064752101898,0.9371257424354553,0.6550310254096985
YOR001W,YPR032W,0,-0.7326571,0.1253838986158371,0.9371257424354553,0.6551310420036316
YOL019W,YHR205W,0,-0.7329383,0.1253671497106552,0.9371257424354553,0.6552310585975647
YAL011W,YGL167C,0,-0.733208,0.12535041570663452,0.9371257424354553,0.6553310751914978
YKL080W,YOR245C,0,-0.7338449,0.12533369660377502,0.9371257424354553,0.6554310917854309
YMR232W,YML018C,0,-0.7340131,0.12531696259975433,0.9371257424354553,0.655531108379364
YDR288W,YOL042W,0,-0.7353734,0.12530024349689484,0.9371257424354553,0.6556311249732971
YOL088C,YEL058W,0,-0.7359116,0.12528352439403534,0.9371257424354553,0.6557311415672302
YLR247C,YMR088C,0,-0.736586,0.12526680529117584,0.9371257424354553,0.6558311581611633
YNL210W,YNL279W,0,-0.7388276,0.12525010108947754,0.9371257424354553,0.6559311747550964
YDR359C,YDR450W,0,-0.73902774,0.12523339688777924,0.9371257424354553,0.6560311913490295
YKL096W,YMR256C,0,-0.740524,0.12521669268608093,0.9371257424354553,0.6561312079429626
YNR070W,YGR202C,0,-0.743822,0.12520000338554382,0.9371257424354553,0.6562312245368958
YNL081C,YDR506C,0,-0.74492943,0.1251833140850067,0.9371257424354553,0.6563312411308289
YPL235W,YER123W,0,-0.7467469,0.1251666247844696,0.9371257424354553,0.656431257724762
YAL007C,YDR101C,0,-0.747079,0.1251499354839325,0.9371257424354553,0.6565313339233398
YNL081C,YML009C,0,-0.7480584,0.12513326108455658,0.9371257424354553,0.656631350517273
YGL208W,YBR085W,0,-0.7481661,0.12511658668518066,0.9371257424354553,0.656731367111206
YBL051C,YJL080C,0,-0.74837,0.12509992718696594,0.9371257424354553,0.6568313837051392
YLR310C,YDL103C,0,-0.74942803,0.12508325278759003,0.9371257424354553,0.6569314002990723
YDR346C,YOR110W,0,-0.7501179,0.1250665932893753,0.9371257424354553,0.6570314168930054
YML081C-A,YJL044C,0,-0.751553,0.12504993379116058,0.9371257424354553,0.6571314334869385
YOR205C,YNL061W,0,-0.7516246,0.12503328919410706,0.9371257424354553,0.6572314500808716
YHR003C,YBR210W,0,-0.7518213,0.12501664459705353,0.9371257424354553,0.6573314666748047
YIL019W,YER114C,0,-0.7536241,0.125,0.9371257424354553,0.6574314832687378
YPR022C,YJL028W,0,-0.7549617,0.12498336285352707,0.9371257424354553,0.6575314998626709
YJL181W,YIL153W,0,-0.7555969,0.12496672570705414,0.9371257424354553,0.657631516456604
YCR008W,YMR286W,0,-0.7556506,0.1249501034617424,0.9371257424354553,0.6577315330505371
YBL050W,YFL025C,0,-0.7582432,0.12493347376585007,0.9371257424354553,0.6578315496444702
YPL097W,YER048W-A,0,-0.7596966,0.12491685152053833,0.9371257424354553,0.6579315662384033
YPL194W,YBL088C,0,-0.7610426,0.12490023672580719,0.9371257424354553,0.6580315828323364
YGL137W,YOL154W,0,-0.76271486,0.12488362938165665,0.9371257424354553,0.6581315994262695
YBR024W,YDR361C,0,-0.7631177,0.1248670220375061,0.9371257424354553,0.6582316756248474
YCL001W,YGR234W,0,-0.7637588,0.12485042214393616,0.9371257424354553,0.6583316922187805
YKL149C,YLR121C,0,-0.76437634,0.12483382225036621,0.9371257424354553,0.6584317088127136
YBR112C,YKR083C,0,-0.7649681,0.12481722980737686,0.9371257424354553,0.6585317254066467
YMR043W,YHR076W,0,-0.76501644,0.12480063736438751,0.9371257424354553,0.6586317420005798
YPR166C,YDR350C,0,-0.7656965,0.12478405237197876,0.9371257424354553,0.6587317585945129
YDR532C,YDL095W,0,-0.76628166,0.1247674748301506,0.9371257424354553,0.658831775188446
YJL028W,YMR286W,0,-0.7674395,0.12475089728832245,0.9371257424354553,0.6589317917823792
YGR103W,YNL254C,0,-0.7702513,0.12473432719707489,0.9371257424354553,0.6590318083763123
YOL078W,YOR172W,0,-0.77149683,0.12471775710582733,0.9371257424354553,0.6591318249702454
YNL292W,YMR121C,0,-0.7715883,0.12470119446516037,0.9371257424354553,0.6592318415641785
YMR223W,YJR099W,0,-0.77159065,0.124684639275074,0.9371257424354553,0.6593318581581116
YNL068C,YBR066C,1,-0.7741665,0.12480085343122482,0.9381237626075745,0.6593318581581116
YDR488C,YOR119C,0,-0.7750347,0.12478428333997726,0.9381237626075745,0.6594318747520447
YNL250W,YIL050W,0,-0.77506626,0.1247677206993103,0.9381237626075745,0.6595318913459778
YPR097W,YOR363C,0,-0.77643704,0.12475115805864334,0.9381237626075745,0.6596319079399109
YNL247W,YDR123C,0,-0.776615,0.12473461031913757,0.9381237626075745,0.659731924533844
YGR026W,YIL070C,0,-0.7768145,0.12471805512905121,0.9381237626075745,0.6598319411277771
YML131W,YKR083C,0,-0.7780807,0.12470151484012604,0.9381237626075745,0.6599319577217102
YNL115C,YGR206W,0,-0.77821565,0.12468497455120087,0.9381237626075745,0.6600320339202881
YBR091C,YML131W,0,-0.77839327,0.1246684342622757,0.9381237626075745,0.6601320505142212
YHR196W,YGL155W,0,-0.77895546,0.12465190142393112,0.9381237626075745,0.6602320671081543
YNL177C,YNL149C,0,-0.7793324,0.12463537603616714,0.9381237626075745,0.6603320837020874
YJL116C,YIL082W-A,0,-0.77947915,0.12461885064840317,0.9381237626075745,0.6604321002960205
YOR381W,YKR022C,0,-0.7804624,0.12460233271121979,0.9381237626075745,0.6605321168899536
YBR214W,YER074W-A,0,-0.78060424,0.12458581477403641,0.9381237626075745,0.6606321334838867
YKL146W,YOR278W,0,-0.7810945,0.12456931173801422,0.9381237626075745,0.6607321500778198
YNR069C,YPL236C,0,-0.78235674,0.12455280125141144,0.9381237626075745,0.6608321666717529
YIL063C,YHR028C,0,-0.7825673,0.12453629821538925,0.9381237626075745,0.660932183265686
YER096W,YLR448W,0,-0.78288484,0.12451980262994766,0.9381237626075745,0.6610321998596191
YKL096W,YKL167C,0,-0.7836318,0.12450331449508667,0.9381237626075745,0.6611322164535522
YJL111W,YKL058W,0,-0.78385353,0.12448682636022568,0.9381237626075745,0.6612322330474854
YAL013W,YKL145W,0,-0.7844255,0.12447033822536469,0.9381237626075745,0.6613322496414185
YML101C,YCR024C-A,0,-0.7877128,0.12445385754108429,0.9381237626075745,0.6614322662353516
YER040W,YJR096W,0,-0.789388,0.12443738430738449,0.9381237626075745,0.6615322828292847
YCL067C,YPR042C,0,-0.7909335,0.12442091107368469,0.9381237626075745,0.6616322994232178
YGR274C,YJR035W,0,-0.7924172,0.12440444529056549,0.9381237626075745,0.6617323756217957
YER127W,YLR451W,0,-0.79254514,0.12438798695802689,0.9381237626075745,0.6618323922157288
YBR077C,YOR035C,0,-0.79391515,0.12437152862548828,0.9381237626075745,0.6619324088096619
YPL149W,YDR111C,0,-0.7943287,0.12435507029294968,0.9381237626075745,0.662032425403595
YMR091C,YOR363C,0,-0.7943551,0.12433862686157227,0.9381237626075745,0.6621324419975281
YGR191W,YLR097C,0,-0.79477704,0.12432217597961426,0.9381237626075745,0.6622324585914612
YOR011W,YGR063C,0,-0.79546547,0.12430573999881744,0.9381237626075745,0.6623324751853943
YBR046C,YBR035C,0,-0.79657984,0.12428930401802063,0.9381237626075745,0.6624324917793274
YHR025W,YGR125W,0,-0.7970761,0.12427286803722382,0.9381237626075745,0.6625325083732605
YDR430C,YLR274W,0,-0.8014059,0.1242564469575882,0.9381237626075745,0.6626325249671936
YJR058C,YBR089C-A,0,-0.80159974,0.12424001842737198,0.9381237626075745,0.6627325415611267
YMR282C,YDR020C,0,-0.80230284,0.12422360479831696,0.9381237626075745,0.6628325581550598
YDR347W,YAL014C,0,-0.80237067,0.12420719116926193,0.9381237626075745,0.6629325747489929
YGL058W,YGR029W,0,-0.8024862,0.12419077754020691,0.9381237626075745,0.663032591342926
YLR357W,YOL095C,0,-0.80325,0.12417437136173248,0.9381237626075745,0.6631326079368591
YJR058C,YMR052W,0,-0.8040166,0.12415797263383865,0.9381237626075745,0.6632326245307922
YPL179W,YNL227C,0,-0.80732554,0.12414157390594482,0.9381237626075745,0.6633326411247253
YGR086C,YPL008W,0,-0.80734485,0.12412518262863159,0.9381237626075745,0.6634326577186584
YPR018W,YOL147C,0,-0.8076213,0.12410879135131836,0.9381237626075745,0.6635327339172363
YEL003W,YNL185C,0,-0.8093064,0.12409240752458572,0.9381237626075745,0.6636327505111694
YBR210W,YNL118C,0,-0.8100151,0.12407603114843369,0.9381237626075745,0.6637327671051025
YMR311C,YLR337W,0,-0.8106916,0.12405965477228165,0.9381237626075745,0.6638327836990356
YAL013W,YPR145W,0,-0.8121514,0.1240432858467102,0.9381237626075745,0.6639328002929688
YGR257C,YHR112C,0,-0.8147917,0.12402691692113876,0.9381237626075745,0.6640328168869019
YLR419W,YBR109C,0,-0.8150896,0.12401055544614792,0.9381237626075745,0.664132833480835
YJR132W,YNL113W,0,-0.8161068,0.12399419397115707,0.9381237626075745,0.6642328500747681
YBR077C,YJL154C,0,-0.8163979,0.12397783994674683,0.9381237626075745,0.6643328666687012
YLR237W,YGR123C,0,-0.8171412,0.12396149337291718,0.9381237626075745,0.6644328832626343
YNL298W,YHR111W,1,-0.8193337,0.12407700717449188,0.9391217827796936,0.6644328832626343
YNL096C,YMR217W,0,-0.8193909,0.12406064569950104,0.9391217827796936,0.6645328998565674
YHR044C,YHR188C,0,-0.8197944,0.12404429167509079,0.9391217827796936,0.6646329164505005
YNL311C,YNL087W,0,-0.8213805,0.12402794510126114,0.9391217827796936,0.6647329330444336
YGR061C,YCR036W,0,-0.8221216,0.12401159852743149,0.9391217827796936,0.6648329496383667
YPR188C,YDR134C,0,-0.82236516,0.12399525940418243,0.9391217827796936,0.6649329662322998
YGL213C,YKR001C,0,-0.8232516,0.12397892028093338,0.9391217827796936,0.6650329828262329
YDR111C,YIL150C,0,-0.8266268,0.12396258860826492,0.9391217827796936,0.665132999420166
YGR181W,YML004C,0,-0.8266299,0.12394625693559647,0.9391217827796936,0.6652330756187439
YCR054C,YNL190W,0,-0.82879096,0.1239299327135086,0.9391217827796936,0.665333092212677
YLR225C,YDR480W,0,-0.82889175,0.12391361594200134,0.9391217827796936,0.6654331088066101
YIR037W,YNL041C,0,-0.83025455,0.12389729917049408,0.9391217827796936,0.6655331254005432
YOR063W,YDR145W,0,-0.83103025,0.12388098984956741,0.9391217827796936,0.6656331419944763
YIL040W,YGL040C,0,-0.8315376,0.12386468052864075,0.9391217827796936,0.6657331585884094
YDR018C,YHR158C,0,-0.83183086,0.12384837865829468,0.9391217827796936,0.6658331751823425
YIL004C,YGR163W,0,-0.83222777,0.1238320842385292,0.9391217827796936,0.6659331917762756
YCL069W,YJL106W,0,-0.8324325,0.12381578981876373,0.9391217827796936,0.6660332083702087
YFR040W,YNL212W,0,-0.83282566,0.12379950284957886,0.9391217827796936,0.6661332249641418
YNL220W,YNL049C,0,-0.83283246,0.12378321588039398,0.9391217827796936,0.666233241558075
YOL117W,YBR169C,0,-0.8341017,0.1237669363617897,0.9391217827796936,0.6663332581520081
YDR348C,YDR143C,0,-0.8354819,0.12375065684318542,0.9391217827796936,0.6664332747459412
YBL022C,YDR324C,0,-0.8390415,0.12373438477516174,0.9391217827796936,0.6665332913398743
YNL139C,YOL016C,0,-0.83921427,0.12371812015771866,0.9391217827796936,0.6666333079338074
YBR084C-A,YHR019C,0,-0.8408821,0.12370185554027557,0.9391217827796936,0.6667333245277405
YLR239C,YOR278W,0,-0.8409903,0.12368559092283249,0.9391217827796936,0.6668333411216736
YDR434W,YLR403W,0,-0.8420832,0.1236693412065506,0.9391217827796936,0.6669333577156067
YOL092W,YPL143W,0,-0.8426744,0.12365309149026871,0.9391217827796936,0.6670334339141846
YNL322C,YBR217W,0,-0.84405565,0.12363684177398682,0.9391217827796936,0.6671334505081177
YNL081C,YDR071C,0,-0.84439266,0.12362059950828552,0.9391217827796936,0.6672334671020508
YOR362C,YJL014W,0,-0.8445987,0.12360435724258423,0.9391217827796936,0.6673334836959839
YBR176W,YBR130C,0,-0.845024,0.12358812987804413,0.9391217827796936,0.667433500289917
YNR022C,YPL084W,0,-0.8451697,0.12357189506292343,0.9391217827796936,0.6675335168838501
YKL051W,YLR204W,0,-0.84630907,0.12355567514896393,0.9391217827796936,0.6676335334777832
YAR015W,YDR348C,0,-0.84797287,0.12353944778442383,0.9391217827796936,0.6677335500717163
YNL138W,YMR016C,1,-0.8487189,0.12365449965000153,0.940119743347168,0.6677335500717163
YKL194C,YNL265C,0,-0.84993935,0.12363827228546143,0.940119743347168,0.6678335666656494
YER102W,YBR229C,0,-0.8504184,0.12362204492092133,0.940119743347168,0.6679335832595825
YNL278W,YOR347C,0,-0.85391396,0.12360582500696182,0.940119743347168,0.6680335998535156
YFL034C-A,YMR056C,0,-0.8540299,0.12358961254358292,0.940119743347168,0.6681336164474487
YNL246W,YMR053C,0,-0.85467434,0.12357339262962341,0.940119743347168,0.6682336330413818
YDR358W,YOR293W,0,-0.85587835,0.1235571876168251,0.940119743347168,0.6683336496353149
YLR172C,YDR489W,0,-0.85602576,0.1235409826040268,0.940119743347168,0.668433666229248
YPR017C,YMR002W,0,-0.8577317,0.12352478504180908,0.940119743347168,0.6685336828231812
YIL145C,YPL117C,0,-0.85822946,0.12350858747959137,0.940119743347168,0.6686336994171143
YOR189W,YNL002C,0,-0.8589174,0.12349239736795425,0.940119743347168,0.6687337756156921
YDR037W,YHR197W,0,-0.85931206,0.12347620725631714,0.940119743347168,0.6688337922096252
YNL072W,YNL190W,0,-0.859447,0.12346002459526062,0.940119743347168,0.6689338088035583
YHR201C,YHR115C,0,-0.8596004,0.1234438493847847,0.940119743347168,0.6690338253974915
YMR017W,YKL032C,0,-0.8599076,0.12342767417430878,0.940119743347168,0.6691338419914246
YPR052C,YPR183W,0,-0.86113167,0.12341149896383286,0.940119743347168,0.6692338585853577
YER078C,YLR361C,0,-0.861917,0.12339533865451813,0.940119743347168,0.6693338751792908
YGR220C,YDR252W,0,-0.8634488,0.1233791783452034,0.940119743347168,0.6694338917732239
YDR407C,YOL075C,0,-0.86374223,0.12336301803588867,0.940119743347168,0.669533908367157
YDL200C,YBR210W,0,-0.8653734,0.12334686517715454,0.940119743347168,0.6696339249610901
YPR068C,YGL054C,0,-0.8670967,0.12333071231842041,0.940119743347168,0.6697339415550232
YJR010C-A,YML057W,0,-0.86736894,0.12331456691026688,0.940119743347168,0.6698339581489563
YDL165W,YLR220W,0,-0.8679901,0.12329842895269394,0.940119743347168,0.6699339747428894
YGL095C,YPL228W,0,-0.86820626,0.123282290995121,0.940119743347168,0.6700339913368225
YBR109C,YDR234W,0,-0.87134206,0.12326616048812866,0.940119743347168,0.6701340079307556
YGL067W,YKR031C,0,-0.8723379,0.12325002998113632,0.940119743347168,0.6702340245246887
YGL022W,YKR086W,0,-0.8724954,0.12323390692472458,0.940119743347168,0.6703340411186218
YDL180W,YER110C,0,-0.87409544,0.12321779131889343,0.940119743347168,0.6704340577125549
YER112W,YOR172W,0,-0.8741195,0.12320167571306229,0.940119743347168,0.6705341339111328
YIL065C,YNL088W,0,-0.87421405,0.12318556010723114,0.940119743347168,0.6706341505050659
YMR040W,YNL054W,0,-0.8743508,0.12316945940256119,0.940119743347168,0.670734167098999
YML033W,YNR059W,0,-0.8747053,0.12315335124731064,0.940119743347168,0.6708341836929321
YPL075W,YKL011C,0,-0.8754455,0.12313725799322128,0.940119743347168,0.6709342002868652
YDR325W,YDL031W,0,-0.8761428,0.12312115728855133,0.940119743347168,0.6710342168807983
YDR194C,YDR065W,0,-0.8762977,0.12310507148504257,0.940119743347168,0.6711342334747314
YPL095C,YGR193C,0,-0.8764167,0.12308898568153381,0.940119743347168,0.6712342500686646
YLR071C,YKL034W,0,-0.8811545,0.12307289987802505,0.940119743347168,0.6713342666625977
YML115C,YBR228W,0,-0.88120204,0.12305682897567749,0.940119743347168,0.6714342832565308
YPR180W,YKL046C,0,-0.8813442,0.12304075062274933,0.940119743347168,0.6715342998504639
YPL012W,YNR075W,0,-0.88194084,0.12302467972040176,0.940119743347168,0.671634316444397
YOR354C,YOR241W,0,-0.88253856,0.1230086162686348,0.940119743347168,0.6717343330383301
YPR124W,YNL306W,0,-0.88438624,0.12299256026744843,0.940119743347168,0.6718343496322632
YGL085W,YCL029C,0,-0.8843976,0.12297650426626205,0.940119743347168,0.6719343662261963
YJL069C,YNL099C,0,-0.8844291,0.12296044826507568,0.940119743347168,0.6720343828201294
YLR427W,YGR249W,0,-0.88444585,0.12294439971446991,0.940119743347168,0.6721343994140625
YOR151C,YOR066W,0,-0.8854222,0.12292835861444473,0.940119743347168,0.6722344756126404
YKL107W,YDR279W,0,-0.88597333,0.12291231751441956,0.940119743347168,0.6723344922065735
YLR135W,YER065C,0,-0.88601136,0.12289628386497498,0.940119743347168,0.6724345088005066
YBL091C,YCR017C,0,-0.8875798,0.1228802502155304,0.940119743347168,0.6725345253944397
YKR053C,YOL061W,0,-0.88828355,0.12286422401666641,0.940119743347168,0.6726345419883728
YHR007C,YLR006C,0,-0.88830245,0.12284819781780243,0.940119743347168,0.6727345585823059
YNL039W,YCL062W,0,-0.8889565,0.12283217906951904,0.940119743347168,0.672834575176239
YBR048W,YBR191W,0,-0.890805,0.12281616777181625,0.940119743347168,0.6729345917701721
YPL015C,YNR061C,0,-0.8916755,0.12280015647411346,0.940119743347168,0.6730346083641052
YJL104W,YPR173C,0,-0.89189005,0.12278415262699127,0.940119743347168,0.6731346249580383
YEL077C,YGR254W,0,-0.89251006,0.12276814877986908,0.940119743347168,0.6732346415519714
YLR342W,YNR055C,0,-0.8933066,0.12275215238332748,0.940119743347168,0.6733346581459045
YOR100C,YNL190W,0,-0.8937769,0.12273615598678589,0.940119743347168,0.6734346747398376
YNR040W,YLR045C,0,-0.89464605,0.12272016704082489,0.940119743347168,0.6735346913337708
YNR023W,YDL080C,0,-0.89536977,0.12270417809486389,0.940119743347168,0.6736347079277039
YIL067C,YNL257C,0,-0.89737594,0.12268819659948349,0.940119743347168,0.673734724521637
YMR161W,YER141W,0,-0.89787006,0.12267222255468369,0.940119743347168,0.6738347411155701
YBR097W,YDL231C,0,-0.89904255,0.12265624850988388,0.940119743347168,0.6739347577095032
YMR263W,YHR121W,0,-0.8995092,0.12264028191566467,0.940119743347168,0.674034833908081
YPL036W,YPR082C,0,-0.9007226,0.12262431532144547,0.940119743347168,0.6741348505020142
YMR074C,YNL029C,0,-0.9011996,0.12260835617780685,0.940119743347168,0.6742348670959473
YLR078C,YKL112W,0,-0.9014532,0.12259239703416824,0.940119743347168,0.6743348836898804
YLR064W,YDR356W,0,-0.9022101,0.12257644534111023,0.940119743347168,0.6744349002838135
YMR242C,YBR154C,0,-0.90472776,0.12256050109863281,0.940119743347168,0.6745349168777466
YMR312W,YKL160W,0,-0.9050857,0.1225445568561554,0.940119743347168,0.6746349334716797
YEL013W,YBR104W,0,-0.9058753,0.12252861261367798,0.940119743347168,0.6747349500656128
YMR167W,YPR174C,0,-0.90647316,0.12251268327236176,0.940119743347168,0.6748349666595459
YAL009W,YCR106W,0,-0.908355,0.12249674648046494,0.940119743347168,0.674934983253479
YGL147C,YHR003C,0,-0.90884733,0.12248082458972931,0.940119743347168,0.6750349998474121
YJL129C,YOR221C,0,-0.91105866,0.12246489524841309,0.940119743347168,0.6751350164413452
YOL056W,YKR038C,0,-0.9120815,0.12244898080825806,0.940119743347168,0.6752350330352783
YGL133W,YOR003W,0,-0.91257656,0.12243306636810303,0.940119743347168,0.6753350496292114
YKR010C,YJL203W,0,-0.9129455,0.122417151927948,0.940119743347168,0.6754350662231445
YGR106C,YDL066W,0,-0.9138117,0.12240124493837357,0.940119743347168,0.6755350828170776
YPL089C,YML110C,0,-0.91531706,0.12238534539937973,0.940119743347168,0.6756350994110107
YJR120W,YPL231W,0,-0.916006,0.1223694458603859,0.940119743347168,0.6757351756095886
YDL188C,YDL138W,0,-0.9186515,0.12235355377197266,0.940119743347168,0.6758351922035217
YDR153C,YBR104W,0,-0.9187471,0.12233766168355942,0.940119743347168,0.6759352087974548
YGL006W,YPL036W,0,-0.91969264,0.12232177704572678,0.940119743347168,0.6760352253913879
YLR341W,YPR165W,0,-0.92194986,0.12230589240789413,0.940119743347168,0.676135241985321
YGR279C,YMR202W,0,-0.9220401,0.12229001522064209,0.940119743347168,0.6762352585792542
YER157W,YGL205W,0,-0.9221014,0.12227414548397064,0.940119743347168,0.6763352751731873
YLR069C,YDL175C,0,-0.9238514,0.1222582757472992,0.940119743347168,0.6764352917671204
YBR159W,YDR522C,0,-0.9260999,0.12224240601062775,0.940119743347168,0.6765353083610535
YGL049C,YCR038C,0,-0.9268997,0.1222265437245369,0.940119743347168,0.6766353249549866
YJL197W,YEL015W,0,-0.92789125,0.12221068888902664,0.940119743347168,0.6767353415489197
YNL247W,YGL178W,0,-0.92975473,0.12219483405351639,0.940119743347168,0.6768353581428528
YMR118C,YDL127W,0,-0.93206155,0.12217898666858673,0.940119743347168,0.6769353747367859
YJL098W,YMR094W,0,-0.9326725,0.12216314673423767,0.940119743347168,0.677035391330719
YHR043C,YEL059C-A,0,-0.9329933,0.12214729934930801,0.940119743347168,0.6771354079246521
YKR045C,YGR202C,0,-0.9330826,0.12213146686553955,0.940119743347168,0.6772354245185852
YOR284W,YBR161W,0,-0.9345319,0.12211563438177109,0.940119743347168,0.6773354411125183
YLR040C,YMR106C,0,-0.93582803,0.12209980189800262,0.940119743347168,0.6774354577064514
YNL199C,YBL055C,0,-0.93666184,0.12208398431539536,0.940119743347168,0.6775355339050293
YHR039C,YCR066W,0,-0.93840194,0.12206815928220749,0.940119743347168,0.6776355504989624
YHR020W,YDR014W,0,-0.94072336,0.12205234169960022,0.940119743347168,0.6777355670928955
YIL026C,YBR160W,0,-0.94384104,0.12203653156757355,0.940119743347168,0.6778355836868286
YGL115W,YMR165C,0,-0.94400996,0.12202072888612747,0.940119743347168,0.6779356002807617
YIL065C,YJL019W,0,-0.94450843,0.1220049187541008,0.940119743347168,0.6780356168746948
YOL071W,YER094C,0,-0.9452827,0.12198912352323532,0.940119743347168,0.6781356334686279
YNL083W,YLL042C,0,-0.94546664,0.12197332829236984,0.940119743347168,0.678235650062561
YNL138W,YDR477W,1,-0.9461899,0.12208700180053711,0.9411177635192871,0.678235650062561
YMR041C,YPL230W,0,-0.94747275,0.12207119911909103,0.9411177635192871,0.6783356666564941
YHL011C,YBL090W,0,-0.94928885,0.12205539643764496,0.9411177635192871,0.6784356832504272
YNL188W,YMR043W,0,-0.95029956,0.12203960120677948,0.9411177635192871,0.6785356998443604
YCR096C,YCR035C,0,-0.9547043,0.122023805975914,0.9411177635192871,0.6786357164382935
YLR085C,YMR042W,0,-0.9547237,0.12200801819562912,0.9411177635192871,0.6787357330322266
YOR002W,YNR008W,0,-0.9557761,0.12199223786592484,0.9411177635192871,0.6788357496261597
YBR012W-B,YER100W,0,-0.9558679,0.12197645753622055,0.9411177635192871,0.6789357662200928
YGR181W,YKR058W,0,-0.9588003,0.12196068465709686,0.9411177635192871,0.6790357828140259
YKL051W,YMR134W,0,-0.96009886,0.12194491177797318,0.9411177635192871,0.679135799407959
YPR028W,YDR255C,0,-0.96038204,0.12192914634943008,0.9411177635192871,0.6792358756065369
YDR080W,YMR048W,0,-0.9608528,0.121913380920887,0.9411177635192871,0.67933589220047
YOL130W,YNL075W,0,-0.9609983,0.1218976229429245,0.9411177635192871,0.6794359087944031
YDR538W,YPL141C,0,-0.9616252,0.121881864964962,0.9411177635192871,0.6795359253883362
YML040W,YDR363W,0,-0.9674181,0.12186611443758011,0.9411177635192871,0.6796359419822693
YNR026C,YBR258C,0,-0.96751696,0.12185037136077881,0.9411177635192871,0.6797359585762024
YNL323W,YML046W,0,-0.96939504,0.12183462828397751,0.9411177635192871,0.6798359751701355
YAL051W,YIL120W,0,-0.97021306,0.12181888520717621,0.9411177635192871,0.6799359917640686
YBR046C,YOR079C,0,-0.9704485,0.1218031495809555,0.9411177635192871,0.6800360083580017
YER100W,YCL031C,0,-0.97161806,0.1217874214053154,0.9411177635192871,0.6801360249519348
YOL091W,YDL114W,0,-0.9717111,0.12177169322967529,0.9411177635192871,0.6802360415458679
YMR175W,YER083C,0,-0.97215044,0.12175597250461578,0.9411177635192871,0.680336058139801
YNL145W,YCR033W,0,-0.97378385,0.12174025177955627,0.9411177635192871,0.6804360747337341
YOL135C,YDL180W,0,-0.9752069,0.12172453850507736,0.9411177635192871,0.6805360913276672
YGL134W,YKR087C,0,-0.97625583,0.12170882523059845,0.9411177635192871,0.6806361079216003
YLL018C,YBR215W,0,-0.9784411,0.12169311940670013,0.9411177635192871,0.6807361245155334
YIL091C,YJL168C,0,-0.9784752,0.12167742103338242,0.9411177635192871,0.6808361411094666
YIR037W,YCL069W,0,-0.9785737,0.1216617226600647,0.9411177635192871,0.6809361577033997
YJL179W,YDR021W,0,-0.9796869,0.12164602428674698,0.9411177635192871,0.6810362339019775
YLR234W,YLR288C,0,-0.98118067,0.12163033336400986,0.9411177635192871,0.6811362504959106
YKR058W,YNR051C,0,-0.98142195,0.12161464989185333,0.9411177635192871,0.6812362670898438
YJL113W,YMR199W,0,-0.98146844,0.12159896641969681,0.9411177635192871,0.6813362836837769
YBR171W,YLR074C,0,-0.9817379,0.12158329039812088,0.9411177635192871,0.68143630027771
YLR192C,YDL095W,0,-0.98203504,0.12156761437654495,0.9411177635192871,0.6815363168716431
YPR071W,YGR046W,0,-0.98251027,0.12155194580554962,0.9411177635192871,0.6816363334655762
YPL128C,YHR200W,0,-0.98257864,0.12153627723455429,0.9411177635192871,0.6817363500595093
YHR138C,YBR234C,0,-0.98265254,0.12152061611413956,0.9411177635192871,0.6818363666534424
YML015C,YDR477W,0,-0.98379385,0.12150496244430542,0.9411177635192871,0.6819363832473755
YPR100W,YMR199W,0,-0.98396647,0.12148930877447128,0.9411177635192871,0.6820363998413086
YDR206W,YLR399C,0,-0.98539925,0.12147365510463715,0.9411177635192871,0.6821364164352417
YNL124W,YDL226C,0,-0.98569506,0.1214580088853836,0.9411177635192871,0.6822364330291748
YDL010W,YDR007W,0,-0.98713756,0.12144237011671066,0.9411177635192871,0.6823364496231079
YER042W,YDL114W,0,-0.9875864,0.12142673134803772,0.9411177635192871,0.682436466217041
YNL217W,YKR009C,0,-0.9881917,0.12141110002994537,0.9411177635192871,0.6825364828109741
YBR253W,YER019W,0,-0.98820364,0.12139546871185303,0.9411177635192871,0.6826364994049072
YOR269W,YBR121C,0,-0.9882078,0.12137984484434128,0.9411177635192871,0.6827365756034851
YHR080C,YLL039C,0,-0.98966813,0.12136422097682953,0.9411177635192871,0.6828365921974182
YML037C,YNR038W,0,-0.9906174,0.12134860455989838,0.9411177635192871,0.6829366087913513
YER029C,YDR303C,0,-0.9917579,0.12133298814296722,0.9411177635192871,0.6830366253852844
YPL120W,YOR037W,0,-0.99275696,0.12131737917661667,0.9411177635192871,0.6831366419792175
YOR284W,YBR236C,0,-0.9933066,0.12130177766084671,0.9411177635192871,0.6832366585731506
YGR158C,YPR009W,0,-0.9934406,0.12128617614507675,0.9411177635192871,0.6833366751670837
YNL271C,YNL001W,1,-0.99375486,0.1213991791009903,0.9421157836914062,0.6833366751670837
YPR046W,YGR121C,0,-0.99538577,0.12138357013463974,0.9421157836914062,0.6834366917610168
YGL031C,YDL153C,0,-0.9958029,0.12136796116828918,0.9421157836914062,0.68353670835495
YOR009W,YPL038W,0,-0.9971408,0.12135235965251923,0.9421157836914062,0.6836367249488831
YDR100W,YBR043C,0,-0.99721396,0.12133675813674927,0.9421157836914062,0.6837367415428162
YDR280W,YOL135C,0,-0.997244,0.1213211640715599,0.9421157836914062,0.6838367581367493
YLR181C,YMR312W,0,-0.9974137,0.12130557745695114,0.9421157836914062,0.6839367747306824
YKR030W,YIL110W,0,-0.9993415,0.12128999084234238,0.9421157836914062,0.6840367913246155
YPR178W,YMR306W,0,-0.99970126,0.12127441167831421,0.9421157836914062,0.6841368079185486
YDR178W,YDR118W,0,-1.0002458,0.12125883251428604,0.9421157836914062,0.6842368245124817
YLR381W,YLR467W,0,-1.0014583,0.12124326080083847,0.9421157836914062,0.6843368411064148
YER144C,YOR079C,0,-1.0019317,0.1212276890873909,0.9421157836914062,0.6844368577003479
YLR143W,YAL023C,0,-1.0025039,0.12121212482452393,0.9421157836914062,0.6845369338989258
YPL227C,YIR026C,0,-1.0030514,0.12119656056165695,0.9421157836914062,0.6846369504928589
YNL135C,YNL190W,0,-1.0030785,0.12118100374937057,0.9421157836914062,0.684736967086792
YAL055W,YML133C,0,-1.0033838,0.1211654469370842,0.9421157836914062,0.6848369836807251
YBL010C,YOL077C,0,-1.0037589,0.12114989757537842,0.9421157836914062,0.6849370002746582
YER166W,YNR032C-A,0,-1.0038508,0.12113434821367264,0.9421157836914062,0.6850370168685913
YKL129C,YPL009C,0,-1.0043728,0.12111880630254745,0.9421157836914062,0.6851370334625244
YDR394W,YDR322W,0,-1.0045104,0.12110327184200287,0.9421157836914062,0.6852370500564575
YNL023C,YDR363W,0,-1.005986,0.12108773738145828,0.9421157836914062,0.6853370666503906
YGL191W,YGL145W,0,-1.0062606,0.1210722103714943,0.9421157836914062,0.6854370832443237
YIL015W,YNL189W,0,-1.0075307,0.1210566833615303,0.9421157836914062,0.6855370998382568
YPL115C,YPR096C,0,-1.0081011,0.12104115635156631,0.9421157836914062,0.6856371164321899
YJL212C,YAR003W,0,-1.0083829,0.12102564424276352,0.9421157836914062,0.685737133026123
YNL068C,YHR210C,0,-1.008653,0.12101012468338013,0.9421157836914062,0.6858371496200562
YIL033C,YGL119W,0,-1.0093848,0.12099462002515793,0.9421157836914062,0.6859371662139893
YJR108W,YGL173C,0,-1.0101476,0.12097910791635513,0.9421157836914062,0.6860371828079224
YBL024W,YCR031C,0,-1.0120796,0.12096361070871353,0.9421157836914062,0.6861371994018555
YJL076W,YOL139C,0,-1.0123895,0.12094811350107193,0.9421157836914062,0.6862372756004333
YGR198W,YDL213C,0,-1.0128402,0.12093261629343033,0.9421157836914062,0.6863372921943665
YGR260W,YOR175C,0,-1.0131129,0.12091712653636932,0.9421157836914062,0.6864373087882996
YEL055C,YMR035W,0,-1.0131757,0.12090163677930832,0.9421157836914062,0.6865373253822327
YML081C-A,YIL011W,0,-1.0146109,0.12088615447282791,0.9421157836914062,0.6866373419761658
YBR239C,YGL226W,0,-1.0147829,0.1208706796169281,0.9421157836914062,0.6867373585700989
YBL088C,YDR238C,0,-1.0148706,0.12085520476102829,0.9421157836914062,0.686837375164032
YOR270C,YGR006W,0,-1.0150337,0.12083973735570908,0.9421157836914062,0.6869373917579651
YLR265C,YOL044W,0,-1.0162041,0.12082426995038986,0.9421157836914062,0.6870374083518982
YDR204W,YEL024W,0,-1.0162523,0.12080880254507065,0.9421157836914062,0.6871374249458313
YHR098C,YMR192W,0,-1.0171573,0.12079334259033203,0.9421157836914062,0.6872374415397644
YJL198W,YCL029C,0,-1.0171838,0.12077789008617401,0.9421157836914062,0.6873374581336975
YAL055W,YOR101W,0,-1.0178242,0.12076243758201599,0.9421157836914062,0.6874374747276306
YBR127C,YLR340W,0,-1.018232,0.12074699252843857,0.9421157836914062,0.6875374913215637
YBR241C,YJL108C,0,-1.0182384,0.12073155492544174,0.9421157836914062,0.6876375079154968
YMR207C,YNR051C,0,-1.019333,0.12071610987186432,0.9421157836914062,0.6877375245094299
YGL116W,YGR071C,0,-1.0198509,0.12070067971944809,0.9421157836914062,0.687837541103363
YLR034C,YLR332W,0,-1.02012,0.12068524956703186,0.9421157836914062,0.6879376173019409
YNR049C,YKL002W,0,-1.0218128,0.12066981941461563,0.9421157836914062,0.688037633895874
YML123C,YNL103W,0,-1.0219452,0.12065439671278,0.9421157836914062,0.6881376504898071
YNL124W,YPR086W,0,-1.0223045,0.12063897401094437,0.9421157836914062,0.6882376670837402
YBR293W,YDL184C,0,-1.0238371,0.12062355875968933,0.9421157836914062,0.6883376836776733
YDR418W,YBL087C,0,-1.0249017,0.12060815095901489,0.9421157836914062,0.6884377002716064
YBR126C,YGL100W,0,-1.0253339,0.12059274315834045,0.9421157836914062,0.6885377168655396
YDR483W,YLR292C,0,-1.0253383,0.12057734280824661,0.9421157836914062,0.6886377334594727
YIL075C,YGL222C,0,-1.0290396,0.12056194245815277,0.9421157836914062,0.6887377500534058
YBR035C,YDL019C,0,-1.0294498,0.12054654210805893,0.9421157836914062,0.6888377666473389
YDR126W,YOR249C,0,-1.0295444,0.12053115665912628,0.9421157836914062,0.688937783241272
YBR084C-A,YPR094W,0,-1.0304649,0.12051576375961304,0.9421157836914062,0.6890377998352051
YLR410W,YGR191W,0,-1.0314428,0.12050038576126099,0.9421157836914062,0.6891378164291382
YDR092W,YKL024C,0,-1.0316615,0.12048500031232834,0.9421157836914062,0.6892378330230713
YJR009C,YLR057W,0,-1.031906,0.12046962976455688,0.9421157836914062,0.6893378496170044
YOR118W,YNL030W,0,-1.0327628,0.12045425176620483,0.9421157836914062,0.6894378662109375
YLR189C,YDR236C,0,-1.0329114,0.12043888866901398,0.9421157836914062,0.6895378828048706
YJL099W,YNL328C,0,-1.0341601,0.12042352557182312,0.9421157836914062,0.6896378993988037
YOR124C,YER184C,0,-1.0344877,0.12040816247463226,0.9421157836914062,0.6897379755973816
YNL229C,YMR287C,0,-1.0351161,0.120392806828022,0.9421157836914062,0.6898379921913147
YHR067W,YMR009W,0,-1.0358822,0.12037745118141174,0.9421157836914062,0.6899380087852478
YIL039W,YMR109W,0,-1.0361745,0.12036210298538208,0.9421157836914062,0.6900380253791809
YDL101C,YLR097C,0,-1.0364251,0.12034676223993301,0.9421157836914062,0.690138041973114
YOR396W,YOR250C,0,-1.0379533,0.12033142149448395,0.9421157836914062,0.6902380585670471
YOL157C,YIL013C,0,-1.0387684,0.12031608819961548,0.9421157836914062,0.6903380751609802
YLR215C,YBL004W,0,-1.0394105,0.12030075490474701,0.9421157836914062,0.6904380917549133
YNL177C,YBR088C,0,-1.0396217,0.12028542160987854,0.9421157836914062,0.6905381083488464
YLR320W,YHR160C,0,-1.0397912,0.12027009576559067,0.9421157836914062,0.6906381249427795
YKL108W,YLR084C,0,-1.0434294,0.12025477737188339,0.9421157836914062,0.6907381415367126
YJR015W,YFR025C,0,-1.0445838,0.12023945897817612,0.9421157836914062,0.6908381581306458
YOR081C,YAL035W,0,-1.0466564,0.12022414803504944,0.9421157836914062,0.6909381747245789
YCL061C,YNL254C,0,-1.0478133,0.12020883709192276,0.9421157836914062,0.691038191318512
YKL157W,YIL162W,0,-1.0481566,0.12019353359937668,0.9421157836914062,0.6911382079124451
YDL043C,YML113W,0,-1.0482868,0.1201782301068306,0.9421157836914062,0.6912382245063782
YFL009W,YDL189W,0,-1.04921,0.12016293406486511,0.9421157836914062,0.6913382411003113
YML045W,YDR376W,0,-1.0492746,0.12014763802289963,0.9421157836914062,0.6914383172988892
YGR120C,YJR098C,0,-1.0512134,0.12013234943151474,0.9421157836914062,0.6915383338928223
YDR127W,YDR037W,0,-1.0513861,0.12011706084012985,0.9421157836914062,0.6916383504867554
YER142C,YPL132W,0,-1.0517597,0.12010177969932556,0.9421157836914062,0.6917383670806885
YDL082W,YGR024C,0,-1.0529997,0.12008650600910187,0.9421157836914062,0.6918383836746216
YNL088W,YLR363C,0,-1.0532387,0.12007123231887817,0.9421157836914062,0.6919384002685547
YJR147W,YER020W,1,-1.0538781,0.12018313258886337,0.9431137442588806,0.6919384002685547
YLR181C,YGR135W,0,-1.0541105,0.12016785144805908,0.9431137442588806,0.6920384168624878
YIL157C,YDL175C,0,-1.0544399,0.12015257775783539,0.9431137442588806,0.6921384334564209
YLR378C,YLR431C,0,-1.0562418,0.1201372966170311,0.9431137442588806,0.692238450050354
YCR069W,YDR482C,0,-1.0565647,0.120122030377388,0.9431137442588806,0.6923384666442871
YLR423C,YBR161W,0,-1.0568447,0.1201067641377449,0.9431137442588806,0.6924384832382202
YFL056C,YDL210W,0,-1.0592015,0.1200914978981018,0.9431137442588806,0.6925384998321533
YER019W,YGL144C,0,-1.0593468,0.1200762391090393,0.9431137442588806,0.6926385164260864
YJL083W,YLR207W,0,-1.0596992,0.1200609803199768,0.9431137442588806,0.6927385330200195
YOR246C,YFR038W,0,-1.060185,0.1200457289814949,0.9431137442588806,0.6928385496139526
YDL191W,YAL032C,0,-1.061183,0.1200304850935936,0.9431137442588806,0.6929385662078857
YKL192C,YOR228C,0,-1.066509,0.12001524120569229,0.9431137442588806,0.6930385828018188
YER129W,YER014W,0,-1.0674614,0.11999999731779099,0.9431137442588806,0.693138599395752
YDR078C,YGR157W,0,-1.0676279,0.11998476088047028,0.9431137442588806,0.6932386755943298
YHR072W,YGR272C,0,-1.0685992,0.11996953189373016,0.9431137442588806,0.6933386921882629
YHR105W,YBL102W,0,-1.0689822,0.11995430290699005,0.9431137442588806,0.693438708782196
YJL137C,YOL116W,0,-1.070487,0.11993908137083054,0.9431137442588806,0.6935387253761292
YIL150C,YBR258C,0,-1.0711073,0.11992385983467102,0.9431137442588806,0.6936387419700623
YAL010C,YJL156C,0,-1.0725172,0.1199086382985115,0.9431137442588806,0.6937387585639954
YMR232W,YGR094W,0,-1.0732555,0.11989343166351318,0.9431137442588806,0.6938387751579285
YKR080W,YER061C,0,-1.0732759,0.11987821757793427,0.9431137442588806,0.6939387917518616
YNL149C,YNL164C,0,-1.0735055,0.11986301094293594,0.9431137442588806,0.6940388083457947
YAL062W,YML072C,0,-1.073875,0.11984781175851822,0.9431137442588806,0.6941388249397278
YOR131C,YGL141W,0,-1.0742738,0.1198326125741005,0.9431137442588806,0.6942388415336609
YGR013W,YER148W,0,-1.074406,0.11981742084026337,0.9431137442588806,0.694338858127594
YPR082C,YER071C,0,-1.074831,0.11980222910642624,0.9431137442588806,0.6944388747215271
YBR175W,YPL181W,0,-1.0752857,0.11978704482316971,0.9431137442588806,0.6945388913154602
YIL049W,YMR238W,1,-1.076067,0.11989860236644745,0.9441117644309998,0.6945388913154602
YML057W,YCR023C,0,-1.0764866,0.11988341063261032,0.9441117644309998,0.6946389079093933
YKL160W,YDR236C,0,-1.0771908,0.1198682188987732,0.9441117644309998,0.6947389245033264
YPL049C,YIL090W,0,-1.0780497,0.11985303461551666,0.9441117644309998,0.6948389410972595
YFL052W,YKL005C,0,-1.0785209,0.11983785033226013,0.9441117644309998,0.6949390172958374
YDR534C,YBL007C,0,-1.0803001,0.1198226734995842,0.9441117644309998,0.6950390338897705
YEL026W,YDL075W,0,-1.0819592,0.11980749666690826,0.9441117644309998,0.6951390504837036
YDR171W,YOR016C,0,-1.0826406,0.11979232728481293,0.9441117644309998,0.6952390670776367
YGL065C,YFL009W,0,-1.0837904,0.11977715790271759,0.9441117644309998,0.6953390836715698
YPR061C,YLR377C,0,-1.0844159,0.11976199597120285,0.9441117644309998,0.6954391002655029
YOR308C,YOR175C,0,-1.0847046,0.11974683403968811,0.9441117644309998,0.695539116859436
YER078C,YBR217W,0,-1.0868652,0.11973167955875397,0.9441117644309998,0.6956391334533691
YLR265C,YPL096C-A,0,-1.0874864,0.11971652507781982,0.9441117644309998,0.6957391500473022
YKR010C,YJL137C,0,-1.0936718,0.11970137804746628,0.9441117644309998,0.6958391666412354
YNL020C,YOL058W,0,-1.094509,0.11968623846769333,0.9441117644309998,0.6959391832351685
YOR189W,YOR005C,0,-1.0948999,0.11967109143733978,0.9441117644309998,0.6960391998291016
YLR071C,YJR093C,0,-1.0950961,0.11965595930814743,0.9441117644309998,0.6961392164230347
YML061C,YGL139W,0,-1.0954343,0.11964082717895508,0.9441117644309998,0.6962392330169678
YCL001W,YGR024C,0,-1.0956296,0.11962569504976273,0.9441117644309998,0.6963392496109009
YDR009W,YIL030C,0,-1.0971406,0.11961057037115097,0.9441117644309998,0.696439266204834
YCR077C,YHL001W,0,-1.0986544,0.11959544569253922,0.9441117644309998,0.6965392827987671
YOL044W,YKL054C,0,-1.0987257,0.11958032846450806,0.9441117644309998,0.6966392993927002
YOR368W,YBR293W,0,-1.1038249,0.1195652186870575,0.9441117644309998,0.6967393755912781
YGR129W,YJL180C,0,-1.1075863,0.11955010890960693,0.9441117644309998,0.6968393921852112
YOR195W,YKL145W,0,-1.1082273,0.11953499913215637,0.9441117644309998,0.6969394087791443
YMR009W,YNL047C,0,-1.1085305,0.11951989680528641,0.9441117644309998,0.6970394253730774
YGL085W,YER173W,0,-1.1105893,0.11950480192899704,0.9441117644309998,0.6971394419670105
YGR101W,YDR004W,0,-1.1115557,0.11948970705270767,0.9441117644309998,0.6972394585609436
YOR389W,YKL132C,0,-1.1116748,0.1194746121764183,0.9441117644309998,0.6973394751548767
YPL159C,YMR050C,0,-1.1119633,0.11945952475070953,0.9441117644309998,0.6974394917488098
YDR265W,YOR201C,0,-1.1143427,0.11944444477558136,0.9441117644309998,0.6975395083427429
YOR264W,YLR396C,0,-1.1157831,0.11942936480045319,0.9441117644309998,0.697639524936676
YNL321W,YPL092W,0,-1.1169636,0.11941429227590561,0.9441117644309998,0.6977395415306091
YBR283C,YKL018W,0,-1.119074,0.11939921975135803,0.9441117644309998,0.6978395581245422
YDR392W,YBR083W,1,-1.120811,0.11951034516096115,0.9451097846031189,0.6978395581245422
YOR117W,YDL204W,0,-1.1215162,0.11949526518583298,0.9451097846031189,0.6979395747184753
YDL122W,YNL291C,0,-1.1216018,0.1194801926612854,0.9451097846031189,0.6980395913124084
YNR016C,YGL185C,0,-1.122405,0.11946512013673782,0.9451097846031189,0.6981396079063416
YGL210W-A,YOR207C,0,-1.1233168,0.11945004761219025,0.9451097846031189,0.6982396245002747
YER183C,YGL120C,0,-1.123423,0.11943498253822327,0.9451097846031189,0.6983396410942078
YGL257C,YMR183C,0,-1.1236202,0.11941992491483688,0.9451097846031189,0.6984397172927856
YDR524C,YIL070C,0,-1.12532,0.1194048672914505,0.9451097846031189,0.6985397338867188
YNL056W,YLR388W,0,-1.1263169,0.11938981711864471,0.9451097846031189,0.6986397504806519
YJL001W,YBR012W-B,0,-1.127215,0.11937476694583893,0.9451097846031189,0.698739767074585
YMR285C,YKL160W,0,-1.129266,0.11935971677303314,0.9451097846031189,0.6988397836685181
YMR118C,YJR109C,0,-1.1311382,0.11934467405080795,0.9451097846031189,0.6989398002624512
YOR081C,YMR313C,0,-1.132083,0.11932963877916336,0.9451097846031189,0.6990398168563843
YOR033C,YKL004W,0,-1.1354488,0.11931460350751877,0.9451097846031189,0.6991398334503174
YJL167W,YJR054W,0,-1.1358551,0.11929956823587418,0.9451097846031189,0.6992398500442505
YFL052W,YOR242C,0,-1.1368469,0.11928454786539078,0.9451097846031189,0.6993398666381836
YGR074W,YDR191W,0,-1.1376853,0.11926952004432678,0.9451097846031189,0.6994398832321167
YGR106C,YGL092W,0,-1.1384252,0.11925449967384338,0.9451097846031189,0.6995398998260498
YOL001W,YNL317W,0,-1.1397374,0.11923948675394058,0.9451097846031189,0.6996399164199829
YGL116W,YMR226C,0,-1.1401474,0.11922447383403778,0.9451097846031189,0.699739933013916
YPL246C,YHR112C,0,-1.1408708,0.11920946836471558,0.9451097846031189,0.6998399496078491
YHL025W,YDR302W,0,-1.1422027,0.11919446289539337,0.9451097846031189,0.6999399662017822
YIL067C,YGL098W,0,-1.1423135,0.11917946487665176,0.9451097846031189,0.7000399827957153
YOL013C,YNL316C,0,-1.1423794,0.11916446685791016,0.9451097846031189,0.7001399993896484
YDR322C-A,YML098W,0,-1.1435237,0.11914946883916855,0.9451097846031189,0.7002400755882263
YJR022W,YHL022C,0,-1.1449778,0.11913448572158813,0.9451097846031189,0.7003400921821594
YMR283C,YOR179C,0,-1.1451426,0.11911949515342712,0.9451097846031189,0.7004401087760925
YDR051C,YNL002C,0,-1.1455559,0.11910451203584671,0.9451097846031189,0.7005401253700256
YDL042C,YOR018W,0,-1.1463879,0.1190895363688469,0.9451097846031189,0.7006401419639587
YIL127C,YMR080C,0,-1.1465282,0.11907456070184708,0.9451097846031189,0.7007401585578918
YLR238W,YNL099C,0,-1.1468801,0.11905959248542786,0.9451097846031189,0.700840175151825
YLR100W,YKL160W,0,-1.1478784,0.11904462426900864,0.9451097846031189,0.7009401917457581
YPL126W,YPL234C,0,-1.1479006,0.11902966350317001,0.9451097846031189,0.7010402083396912
YLR449W,YBR034C,0,-1.1489364,0.11901470273733139,0.9451097846031189,0.7011402249336243
YJR110W,YNL133C,0,-1.1490088,0.11899974942207336,0.9451097846031189,0.7012402415275574
YMR149W,YEL005C,0,-1.1496918,0.11898479610681534,0.9451097846031189,0.7013402581214905
YEL051W,YDL191W,0,-1.1510258,0.11896985024213791,0.9451097846031189,0.7014402747154236
YDR356W,YDR322W,0,-1.1512704,0.11895490437746048,0.9451097846031189,0.7015402913093567
YDR380W,YNL012W,0,-1.1532722,0.11893996596336365,0.9451097846031189,0.7016403079032898
YDL010W,YDL109C,0,-1.153523,0.11892502754926682,0.9451097846031189,0.7017403244972229
YGR277C,YDL102W,0,-1.1543102,0.11891009658575058,0.9451097846031189,0.701840341091156
YOR075W,YDR016C,0,-1.1545721,0.11889516562223434,0.9451097846031189,0.7019404172897339
YBR083W,YEL060C,0,-1.154738,0.1188802421092987,0.9451097846031189,0.702040433883667
YER173W,YER069W,0,-1.1548281,0.11886531859636307,0.9451097846031189,0.7021404504776001
YPL158C,YBL046W,0,-1.1550388,0.11885040253400803,0.9451097846031189,0.7022404670715332
YAR009C,YGR192C,0,-1.1558189,0.11883548647165298,0.9451097846031189,0.7023404836654663
YOR043W,YGL208W,0,-1.156786,0.11882057785987854,0.9451097846031189,0.7024405002593994
YPL128C,YHR045W,0,-1.156796,0.1188056692481041,0.9451097846031189,0.7025405168533325
YMR134W,YOR273C,0,-1.1580894,0.11879076808691025,0.9451097846031189,0.7026405334472656
YFR006W,YER035W,0,-1.1587718,0.1187758669257164,0.9451097846031189,0.7027405500411987
YPR094W,YGL040C,0,-1.1590395,0.11876097321510315,0.9451097846031189,0.7028405666351318
YOL133W,YBR130C,0,-1.1594516,0.1187460795044899,0.9451097846031189,0.7029405832290649
YMR167W,YDR050C,0,-1.1598169,0.11873119324445724,0.9451097846031189,0.703040599822998
YLR239C,YLR007W,0,-1.1603613,0.11871630698442459,0.9451097846031189,0.7031406164169312
YHR181W,YDL072C,0,-1.1611211,0.11870142817497253,0.9451097846031189,0.7032406330108643
YIL096C,YPL023C,0,-1.1616813,0.11868654936552048,0.9451097846031189,0.7033406496047974
YCR027C,YDL235C,0,-1.1624206,0.11867167800664902,0.9451097846031189,0.7034406661987305
YNL263C,YLL006W,0,-1.1625785,0.11865680664777756,0.9451097846031189,0.7035406827926636
YBR215W,YKL010C,0,-1.1639125,0.1186419427394867,0.9451097846031189,0.7036406993865967
YER142C,YEL020C,0,-1.1642689,0.11862707883119583,0.9451097846031189,0.7037407755851746
YNR063W,YDR303C,0,-1.1663723,0.11861222237348557,0.9451097846031189,0.7038407921791077
YMR100W,YDR380W,0,-1.1666437,0.1185973733663559,0.9451097846031189,0.7039408087730408
YGR075C,YKR095W,0,-1.1674149,0.11858251690864563,0.9451097846031189,0.7040408253669739
YDR261C,YMR050C,0,-1.1680536,0.11856767535209656,0.9451097846031189,0.704140841960907
YNL221C,YEL038W,0,-1.1683877,0.11855282634496689,0.9451097846031189,0.7042408585548401
YIR021W,YCL005W-A,0,-1.1683935,0.11853799223899841,0.9451097846031189,0.7043408751487732
YOR130C,YIL009W,0,-1.1701164,0.11852315068244934,0.9451097846031189,0.7044408917427063
YKR086W,YML060W,0,-1.1705067,0.11850832402706146,0.9451097846031189,0.7045409083366394
YPR048W,YLR409C,0,-1.1729273,0.11849348992109299,0.9451097846031189,0.7046409249305725
YBR092C,YBR229C,0,-1.1733353,0.1184786707162857,0.9451097846031189,0.7047409415245056
YOR064C,YPL198W,0,-1.1741529,0.11846385151147842,0.9451097846031189,0.7048409581184387
YBR102C,YGR028W,0,-1.1760213,0.11844903230667114,0.9451097846031189,0.7049409747123718
YBR160W,YML016C,0,-1.1761186,0.11843422055244446,0.9451097846031189,0.7050409913063049
YIL040W,YDL042C,0,-1.1768072,0.11841940879821777,0.9451097846031189,0.705141007900238
YNR024W,YJL008C,0,-1.1780382,0.11840460449457169,0.9451097846031189,0.7052410244941711
YPL233W,YOR079C,0,-1.1782835,0.1183898001909256,0.9451097846031189,0.7053410410881042
YOR007C,YDR032C,0,-1.1790566,0.11837500333786011,0.9451097846031189,0.7054411172866821
YBR253W,YBR272C,0,-1.1792667,0.11836020648479462,0.9451097846031189,0.7055411338806152
YLR022C,YCL075W,0,-1.1797177,0.11834541708230972,0.9451097846031189,0.7056411504745483
YBL022C,YLR097C,0,-1.1803688,0.11833062767982483,0.9451097846031189,0.7057411670684814
YDR065W,YNL059C,0,-1.1812476,0.11831584572792053,0.9451097846031189,0.7058411836624146
YFL039C,YJL044C,0,-1.1816518,0.11830106377601624,0.9451097846031189,0.7059412002563477
YCR092C,YFR051C,0,-1.1817925,0.11828628182411194,0.9451097846031189,0.7060412168502808
YOR288C,YKL087C,0,-1.1831117,0.11827151477336884,0.9451097846031189,0.7061412334442139
YGL151W,YDL239C,0,-1.1840129,0.11825674027204514,0.9451097846031189,0.706241250038147
YPR009W,YOR322C,0,-1.1849382,0.11824198067188263,0.9451097846031189,0.7063412666320801
YJL197W,YLR084C,0,-1.1851468,0.11822721362113953,0.9451097846031189,0.7064412832260132
YDR376W,YER094C,0,-1.1851966,0.11821246147155762,0.9451097846031189,0.7065412998199463
YBR016W,YML107C,0,-1.1855466,0.11819770187139511,0.9451097846031189,0.7066413164138794
YGR047C,YHR107C,0,-1.1857328,0.1181829497218132,0.9451097846031189,0.7067413330078125
YNL133C,YGL079W,0,-1.1860118,0.11816820502281189,0.9451097846031189,0.7068413496017456
YNR049C,YLR039C,0,-1.1873287,0.11815346032381058,0.9451097846031189,0.7069413661956787
YOR198C,YPL195W,0,-1.1888276,0.11813872307538986,0.9451097846031189,0.7070413827896118
YOR270C,YBR291C,0,-1.1890537,0.11812398582696915,0.9451097846031189,0.7071413993835449
YPL173W,YPR185W,0,-1.1907828,0.11810925602912903,0.9451097846031189,0.7072414755821228
YOR227W,YGL223C,0,-1.191127,0.11809452623128891,0.9451097846031189,0.7073414921760559
YER140W,YNL286W,0,-1.1911814,0.11807980388402939,0.9451097846031189,0.707441508769989
YGL067W,YOL095C,0,-1.1924659,0.11806508153676987,0.9451097846031189,0.7075415253639221
YOR356W,YNL316C,0,-1.1927329,0.11805035918951035,0.9451097846031189,0.7076415419578552
YDR020C,YHR134W,0,-1.194421,0.11803564429283142,0.9451097846031189,0.7077415585517883
YJL089W,YKR031C,0,-1.1946871,0.1180209368467331,0.9451097846031189,0.7078415751457214
YJL013C,YDR331W,0,-1.1947792,0.11800622940063477,0.9451097846031189,0.7079415917396545
YIL063C,YGL040C,0,-1.1957147,0.11799152940511703,0.9451097846031189,0.7080416083335876
YIL063C,YNL038W,0,-1.1978095,0.1179768294095993,0.9451097846031189,0.7081416249275208
YGL020C,YPR110C,0,-1.1989126,0.11796212941408157,0.9451097846031189,0.7082416415214539
YKL160W,YOR190W,0,-1.1993592,0.11794743686914444,0.9451097846031189,0.708341658115387
YDR200C,YER016W,0,-1.1995765,0.1179327517747879,0.9451097846031189,0.7084416747093201
YKL006C-A,YIL122W,0,-1.2015109,0.11791806668043137,0.9451097846031189,0.7085416913032532
YNL263C,YGL064C,0,-1.2040656,0.11790338903665543,0.9451097846031189,0.7086417078971863
YKL196C,YHR166C,0,-1.2050349,0.11788871139287949,0.9451097846031189,0.7087417244911194
YIL113W,YER118C,0,-1.206162,0.11787403374910355,0.9451097846031189,0.7088417410850525
YER004W,YNL268W,0,-1.2076252,0.1178593635559082,0.9451097846031189,0.7089418172836304
YDL080C,YIL172C,0,-1.2114526,0.11784470081329346,0.9451097846031189,0.7090418338775635
YGR083C,YLR118C,0,-1.2120833,0.11783003807067871,0.9451097846031189,0.7091418504714966
YER126C,YDR127W,0,-1.2123053,0.11781537532806396,0.9451097846031189,0.7092418670654297
YIL147C,YGL025C,0,-1.2152275,0.11780072003602982,0.9451097846031189,0.7093418836593628
YOR227W,YOR259C,0,-1.21527,0.11778607219457626,0.9451097846031189,0.7094419002532959
YJR059W,YDR264C,0,-1.2160661,0.11777142435312271,0.9451097846031189,0.709541916847229
YBR091C,YBL084C,0,-1.2168648,0.11775677651166916,0.9451097846031189,0.7096419334411621
YJR109C,YPR169W,0,-1.2174225,0.1177421361207962,0.9451097846031189,0.7097419500350952
YBL008W,YGL145W,0,-1.2191961,0.11772749572992325,0.9451097846031189,0.7098419666290283
YOR059C,YDR469W,0,-1.2194089,0.11771286278963089,0.9451097846031189,0.7099419832229614
YHR108W,YPL013C,0,-1.2209404,0.11769823729991913,0.9451097846031189,0.7100419998168945
YER183C,YIL067C,0,-1.2224574,0.11768361181020737,0.9451097846031189,0.7101420164108276
YIL126W,YOR032C,0,-1.2233353,0.1176689863204956,0.9451097846031189,0.7102420330047607
YEL046C,YBR050C,0,-1.2233499,0.11765436828136444,0.9451097846031189,0.7103420495986938
YEL003W,YDR387C,0,-1.2239612,0.11763975024223328,0.9451097846031189,0.710442066192627
YER183C,YBR086C,0,-1.2270885,0.11762513965368271,0.9451097846031189,0.7105420827865601
YKR030W,YER100W,0,-1.2275443,0.11761052906513214,0.9451097846031189,0.7106420993804932
YIL040W,YLR116W,0,-1.2281898,0.11759592592716217,0.9451097846031189,0.710742175579071
YDL164C,YLR248W,0,-1.2283183,0.1175813227891922,0.9451097846031189,0.7108421921730042
YHR086W,YPL206C,0,-1.2290641,0.11756672710180283,0.9451097846031189,0.7109422087669373
YMR021C,YDR515W,0,-1.2296157,0.11755213141441345,0.9451097846031189,0.7110422253608704
YBL060W,YEL015W,0,-1.230829,0.11753754317760468,0.9451097846031189,0.7111422419548035
YDR513W,YBR234C,0,-1.230899,0.1175229549407959,0.9451097846031189,0.7112422585487366
YGL089C,YNL169C,0,-1.232147,0.11750837415456772,0.9451097846031189,0.7113422751426697
YDR071C,YBL057C,0,-1.232302,0.11749379336833954,0.9451097846031189,0.7114422917366028
YFL018C,YDL138W,0,-1.2334907,0.11747922003269196,0.9451097846031189,0.7115423083305359
YPL145C,YHR026W,0,-1.2341421,0.11746464669704437,0.9451097846031189,0.711642324924469
YDL134C,YNL252C,0,-1.2349432,0.11745008081197739,0.9451097846031189,0.7117423415184021
YJR120W,YBL025W,0,-1.2350638,0.1174355149269104,0.9451097846031189,0.7118423581123352
YIL131C,YCR093W,1,-1.235108,0.11754494905471802,0.946107804775238,0.7118423581123352
YGR240C,YGL125W,0,-1.2390101,0.11753037571907043,0.946107804775238,0.7119423747062683
YER005W,YDR536W,0,-1.2390969,0.11751580238342285,0.946107804775238,0.7120423913002014
YLR248W,YKL178C,0,-1.2391812,0.11750123649835587,0.946107804775238,0.7121424078941345
YLR342W,YPL055C,0,-1.2395675,0.11748667806386948,0.946107804775238,0.7122424244880676
YIL067C,YGL058W,0,-1.2411975,0.11747211962938309,0.946107804775238,0.7123424410820007
YNL056W,YMR307W,0,-1.2412119,0.1174575611948967,0.946107804775238,0.7124425172805786
YFL004W,YDR276C,0,-1.2417407,0.1174430102109909,0.946107804775238,0.7125425338745117
YOL110W,YDR520C,0,-1.2420118,0.11742846667766571,0.946107804775238,0.7126425504684448
YHR103W,YML092C,0,-1.2420926,0.11741392314434052,0.946107804775238,0.7127425670623779
YGL179C,YER139C,0,-1.242496,0.11739937961101532,0.946107804775238,0.712842583656311
YOL152W,YDR092W,0,-1.2433168,0.11738484352827072,0.946107804775238,0.7129426002502441
YDR328C,YER025W,0,-1.2463589,0.11737030744552612,0.946107804775238,0.7130426168441772
YER087C-A,YGL003C,0,-1.246779,0.11735577881336212,0.946107804775238,0.7131426334381104
YHR121W,YLR363C,0,-1.247194,0.11734125763177872,0.946107804775238,0.7132426500320435
YLR287C-A,YPR097W,0,-1.248564,0.11732672899961472,0.946107804775238,0.7133426666259766
YNL138W,YER118C,1,-1.25,0.11743596196174622,0.9471057653427124,0.7133426666259766
YPL045W,YCR092C,0,-1.2543972,0.11742143332958221,0.9471057653427124,0.7134426832199097
YGL005C,YNL265C,0,-1.2553573,0.11740690469741821,0.9471057653427124,0.7135426998138428
YGL055W,YLR332W,0,-1.2554028,0.11739238351583481,0.9471057653427124,0.7136427164077759
YPR102C,YDL137W,0,-1.2573557,0.1173778623342514,0.9471057653427124,0.713742733001709
YJL221C,YJR084W,0,-1.2584128,0.117363341152668,0.9471057653427124,0.7138427495956421
YMR302C,YBL054W,0,-1.2584703,0.11734883487224579,0.9471057653427124,0.7139427661895752
YPR052C,YDR027C,0,-1.2596743,0.11733432114124298,0.9471057653427124,0.7140427827835083
YPR143W,YNL090W,0,-1.2617743,0.11731981486082077,0.9471057653427124,0.7141427993774414
YDR210W,YHR136C,0,-1.2618849,0.11730531603097916,0.9471057653427124,0.7142428755760193
YMR163C,YKR090W,0,-1.2623975,0.11729081720113754,0.9471057653427124,0.7143428921699524
YJR010C-A,YIL027C,0,-1.2653326,0.11727632582187653,0.9471057653427124,0.7144429087638855
YDR200C,YCL033C,0,-1.2657292,0.11726183444261551,0.9471057653427124,0.7145429253578186
YAL013W,YMR277W,0,-1.2660965,0.11724734306335449,0.9471057653427124,0.7146429419517517
YEL021W,YKR090W,0,-1.2703712,0.11723285913467407,0.9471057653427124,0.7147429585456848
YCL017C,YPL160W,0,-1.2715738,0.11721838265657425,0.9471057653427124,0.7148429751396179
YBR268W,YDR468C,0,-1.2720786,0.11720390617847443,0.9471057653427124,0.714942991733551
YDR110W,YKL087C,0,-1.272374,0.1171894297003746,0.9471057653427124,0.7150430083274841
YJR132W,YDL134C,0,-1.2752898,0.11717496067285538,0.9471057653427124,0.7151430249214172
YML007W,YLR352W,0,-1.27649,0.11716049164533615,0.9471057653427124,0.7152430415153503
YGR133W,YLR134W,0,-1.2777736,0.11714603006839752,0.9471057653427124,0.7153430581092834
YOL117W,YJL051W,0,-1.2779306,0.11713157594203949,0.9471057653427124,0.7154430747032166
YDR135C,YMR288W,0,-1.2781925,0.11711711436510086,0.9471057653427124,0.7155430912971497
YDR536W,YOL055C,0,-1.2788991,0.11710266768932343,0.9471057653427124,0.7156431078910828
YMR197C,YFR024C-A,0,-1.2797493,0.1170882135629654,0.9471057653427124,0.7157431244850159
YOR339C,YJR056C,0,-1.2802193,0.11707377433776855,0.9471057653427124,0.715843141078949
YKR085C,YNR040W,0,-1.2838972,0.11705933511257172,0.9471057653427124,0.7159432172775269
YGR296W,YOR271C,0,-1.2849307,0.11704489588737488,0.9471057653427124,0.71604323387146
YCR038C,YOL119C,0,-1.28509,0.11703045666217804,0.9471057653427124,0.7161432504653931
YPR068C,YPL254W,0,-1.2864997,0.1170160323381424,0.9471057653427124,0.7162432670593262
YPR033C,YLL022C,0,-1.2868668,0.11700160056352615,0.9471057653427124,0.7163432836532593
YBR098W,YGR263C,0,-1.2874799,0.11698717623949051,0.9471057653427124,0.7164433002471924
YGR244C,YLR011W,0,-1.2887341,0.11697275936603546,0.9471057653427124,0.7165433168411255
YBR048W,YOL077C,0,-1.2925235,0.11695834249258041,0.9471057653427124,0.7166433334350586
YHL002W,YFL056C,0,-1.2948049,0.11694393306970596,0.9471057653427124,0.7167433500289917
YOR039W,YPL204W,0,-1.2951407,0.11692952364683151,0.9471057653427124,0.7168433666229248
YMR130W,YOR315W,0,-1.2956555,0.11691511422395706,0.9471057653427124,0.7169433832168579
YLR060W,YJR073C,0,-1.2983513,0.11690071225166321,0.9471057653427124,0.717043399810791
YGR278W,YGR046W,0,-1.2997906,0.11688631772994995,0.9471057653427124,0.7171434164047241
YLR017W,YBL025W,0,-1.3011794,0.1168719232082367,0.9471057653427124,0.7172434329986572
YKL089W,YEL016C,0,-1.3015606,0.11685752868652344,0.9471057653427124,0.7173434495925903
YPL090C,YJL190C,0,-1.3017353,0.11684314161539078,0.9471057653427124,0.7174434661865234
YBR142W,YOR077W,0,-1.3045956,0.11682875454425812,0.9471057653427124,0.7175434827804565
YJL065C,YPL183C,0,-1.3055215,0.11681437492370605,0.9471057653427124,0.7176434993743896
YPR008W,YML008C,0,-1.3078399,0.11680000275373459,0.9471057653427124,0.7177435755729675
YOR389W,YDL049C,0,-1.3083783,0.11678562313318253,0.9471057653427124,0.7178435921669006
YNL077W,YBR094W,0,-1.3085115,0.11677125841379166,0.9471057653427124,0.7179436087608337
YML004C,YLL013C,0,-1.3096385,0.11675688624382019,0.9471057653427124,0.7180436253547668
YKR060W,YDL150W,0,-1.3113049,0.11674252897500992,0.9471057653427124,0.7181436419487
YKL054C,YPL013C,0,-1.3113842,0.11672816425561905,0.9471057653427124,0.7182436585426331
YER068W,YDL117W,0,-1.3114623,0.11671381443738937,0.9471057653427124,0.7183436751365662
YLR246W,YNL045W,0,-1.3127875,0.1166994571685791,0.9471057653427124,0.7184436917304993
YOL018C,YKL145W,0,-1.313042,0.11668510735034943,0.9471057653427124,0.7185437083244324
YNL263C,YML098W,0,-1.3132267,0.11667076498270035,0.9471057653427124,0.7186437249183655
YER112W,YCR003W,0,-1.3143992,0.11665642261505127,0.9471057653427124,0.7187437415122986
YDR038C,YEL001C,0,-1.3187277,0.11664208769798279,0.9471057653427124,0.7188437581062317
YER140W,YOR278W,0,-1.3194996,0.1166277527809143,0.9471057653427124,0.7189437747001648
YER089C,YOR047C,0,-1.3201225,0.11661341786384583,0.9471057653427124,0.7190437912940979
YLR061W,YNR016C,0,-1.3202281,0.11659909039735794,0.9471057653427124,0.719143807888031
YBR188C,YLR328W,0,-1.3208797,0.11658476293087006,0.9471057653427124,0.7192438244819641
YBR215W,YGL167C,0,-1.3209326,0.11657044291496277,0.9471057653427124,0.7193438410758972
YNL199C,YMR201C,0,-1.3215051,0.11655613034963608,0.9471057653427124,0.7194439172744751
YDR130C,YML118W,0,-1.321742,0.11654181778430939,0.9471057653427124,0.7195439338684082
YHR044C,YDR284C,0,-1.3220807,0.1165275052189827,0.9471057653427124,0.7196439504623413
YJL125C,YGL076C,0,-1.3228803,0.1165132001042366,0.9471057653427124,0.7197439670562744
YJL143W,YOR386W,0,-1.3253644,0.11649889498949051,0.9471057653427124,0.7198439836502075
YOR046C,YGR218W,0,-1.3272771,0.11648459732532501,0.9471057653427124,0.7199440002441406
YDR424C,YKL087C,0,-1.3286995,0.11647029966115952,0.9471057653427124,0.7200440168380737
YHR045W,YEL032W,0,-1.3293716,0.11645600944757462,0.9471057653427124,0.7201440334320068
YDL025C,YNL229C,0,-1.329888,0.11644171923398972,0.9471057653427124,0.7202440500259399
YPL164C,YMR208W,0,-1.330545,0.11642742902040482,0.9471057653427124,0.720344066619873
YBL020W,YPL019C,0,-1.3312087,0.11641315370798111,0.9471057653427124,0.7204440832138062
YGR200C,YFR051C,0,-1.3317351,0.1163988709449768,0.9471057653427124,0.7205440998077393
YBL010C,YPR075C,0,-1.333925,0.1163845956325531,0.9471057653427124,0.7206441164016724
YGR124W,YML081W,0,-1.334711,0.11637032777070999,0.9471057653427124,0.7207441329956055
YIL144W,YFL041W,0,-1.3357444,0.11635605990886688,0.9471057653427124,0.7208441495895386
YPL262W,YDR041W,0,-1.339151,0.11634179204702377,0.9471057653427124,0.7209441661834717
YML115C,YMR127C,0,-1.3392209,0.11632753163576126,0.9471057653427124,0.7210441827774048
YDR466W,YNL064C,0,-1.3394444,0.11631327122449875,0.9471057653427124,0.7211441993713379
YMR056C,YCR071C,0,-1.3405198,0.11629901826381683,0.9471057653427124,0.7212442755699158
YOL056W,YEL055C,0,-1.341181,0.11628476530313492,0.9471057653427124,0.7213442921638489
YLL032C,YDR060W,0,-1.3417096,0.1162705197930336,0.9471057653427124,0.721444308757782
YCL066W,YML010W,0,-1.3436021,0.11625628173351288,0.9471057653427124,0.7215443253517151
YBR049C,YLL048C,0,-1.3448048,0.11624203622341156,0.9471057653427124,0.7216443419456482
YDR251W,YOL135C,0,-1.344996,0.11622779816389084,0.9471057653427124,0.7217443585395813
YJL047C,YDR363W,0,-1.346392,0.11621356755495071,0.9471057653427124,0.7218443751335144
YPR140W,YMR305C,0,-1.3467143,0.11619933694601059,0.9471057653427124,0.7219443917274475
YJR035W,YER174C,0,-1.3472114,0.11618511378765106,0.9471057653427124,0.7220444083213806
YEL018W,YCR027C,0,-1.3474108,0.11617089062929153,0.9471057653427124,0.7221444249153137
YLR010C,YOR019W,0,-1.3474505,0.116156667470932,0.9471057653427124,0.7222444415092468
YJL113W,YDR236C,0,-1.3474573,0.11614245176315308,0.9471057653427124,0.7223444581031799
YJL045W,YNL021W,0,-1.3480107,0.11612824350595474,0.9471057653427124,0.722444474697113
YOR245C,YOL012C,0,-1.3485775,0.11611403524875641,0.9471057653427124,0.7225444912910461
YFR049W,YFR051C,0,-1.3487194,0.11609982699155807,0.9471057653427124,0.7226445078849792
YBR201W,YEL024W,0,-1.3489051,0.11608562618494034,0.9471057653427124,0.7227445244789124
YPL164C,YHR027C,0,-1.3512298,0.1160714253783226,0.9471057653427124,0.7228445410728455
YAL041W,YCR093W,1,-1.3521278,0.11617952585220337,0.9481037855148315,0.7228445410728455
YHR118C,YMR277W,0,-1.3526208,0.11616532504558563,0.9481037855148315,0.7229446172714233
YBR171W,YNL126W,0,-1.3530679,0.1161511167883873,0.9481037855148315,0.7230446338653564
YOR233W,YBL102W,0,-1.3540602,0.11613691598176956,0.9481037855148315,0.7231446504592896
YCL017C,YBL061C,0,-1.3549457,0.11612272262573242,0.9481037855148315,0.7232446670532227
YCL011C,YKR083C,0,-1.3560646,0.11610852926969528,0.9481037855148315,0.7233446836471558
YDR104C,YKR029C,0,-1.3561743,0.11609434336423874,0.9481037855148315,0.7234447002410889
YKL216W,YNR053C,0,-1.3583413,0.1160801574587822,0.9481037855148315,0.723544716835022
YHL044W,YER016W,0,-1.3584208,0.11606597155332565,0.9481037855148315,0.7236447334289551
YNL035C,YPL019C,0,-1.358464,0.11605179309844971,0.9481037855148315,0.7237447500228882
YML067C,YIL162W,0,-1.359184,0.11603762209415436,0.9481037855148315,0.7238447666168213
YDR523C,YGL120C,0,-1.3604317,0.11602345108985901,0.9481037855148315,0.7239447832107544
YJR048W,YJL062W,0,-1.3611974,0.11600928008556366,0.9481037855148315,0.7240447998046875
YNL224C,YEL016C,0,-1.3612337,0.11599511653184891,0.9481037855148315,0.7241448163986206
YML001W,YBR005W,0,-1.3614659,0.11598095297813416,0.9481037855148315,0.7242448329925537
YGL115W,YDR208W,0,-1.3630452,0.115966796875,0.9481037855148315,0.7243448495864868
YLR038C,YKL143W,0,-1.3631214,0.11595264077186584,0.9481037855148315,0.7244448661804199
YIL130W,YBR204C,0,-1.3666158,0.11593849211931229,0.9481037855148315,0.724544882774353
YNL145W,YPR110C,0,-1.367041,0.11592434346675873,0.9481037855148315,0.7246448993682861
YBR142W,YNL075W,0,-1.3678869,0.11591020226478577,0.9481037855148315,0.724744975566864
YDL019C,YOL128C,0,-1.3681376,0.1158960610628128,0.9481037855148315,0.7248449921607971
YHR013C,YPL249C,0,-1.3681898,0.11588191986083984,0.9481037855148315,0.7249450087547302
YNL062C,YIL008W,0,-1.3733345,0.11586778610944748,0.9481037855148315,0.7250450253486633
YJR066W,YDR299W,0,-1.3744481,0.11585365980863571,0.9481037855148315,0.7251450419425964
YNL116W,YDL232W,0,-1.3753421,0.11583953350782394,0.9481037855148315,0.7252450585365295
YKL012W,YFR008W,0,-1.3765366,0.11582540720701218,0.9481037855148315,0.7253450751304626
YNL180C,YIR028W,0,-1.3779651,0.115811288356781,0.9481037855148315,0.7254450917243958
YJR113C,YNL094W,0,-1.3808675,0.11579716950654984,0.9481037855148315,0.7255451083183289
YMR012W,YDR224C,0,-1.3809505,0.11578305810689926,0.9481037855148315,0.725645124912262
YDR216W,YLR426W,0,-1.3816133,0.11576894670724869,0.9481037855148315,0.7257451415061951
YGR138C,YHL026C,0,-1.3816192,0.11575484275817871,0.9481037855148315,0.7258451581001282
YNL247W,YNL041C,0,-1.3874625,0.11574073880910873,0.9481037855148315,0.7259451746940613
YNL275W,YJL044C,0,-1.3883343,0.11572664231061935,0.9481037855148315,0.7260451912879944
YOL019W,YHR090C,0,-1.3889604,0.11571254581212997,0.9481037855148315,0.7261452078819275
YML130C,YCR071C,0,-1.3896368,0.11569845676422119,0.9481037855148315,0.7262452244758606
YFR024C,YOR322C,0,-1.3905612,0.11568436771631241,0.9481037855148315,0.7263452410697937
YLR090W,YBR094W,0,-1.3947103,0.11567027866840363,0.9481037855148315,0.7264453172683716
YKL176C,YDL067C,0,-1.3959875,0.11565619707107544,0.9481037855148315,0.7265453338623047
YMR098C,YNR073C,0,-1.3964845,0.11564211547374725,0.9481037855148315,0.7266453504562378
YKR095W,YLR277C,0,-1.3968756,0.11562804132699966,0.9481037855148315,0.7267453670501709
YDR439W,YLR079W,0,-1.397034,0.11561397463083267,0.9481037855148315,0.726845383644104
YPR047W,YKR045C,0,-1.3970556,0.11559990048408508,0.9481037855148315,0.7269454002380371
YIL038C,YML098W,0,-1.3977637,0.11558584123849869,0.9481037855148315,0.7270454168319702
YLR038C,YBR083W,0,-1.3982759,0.1155717745423317,0.9481037855148315,0.7271454334259033
YPL072W,YJL173C,0,-1.3984201,0.1155577152967453,0.9481037855148315,0.7272454500198364
YOR236W,YEL044W,0,-1.3989512,0.1155436635017395,0.9481037855148315,0.7273454666137695
YNL154C,YIL098C,0,-1.3989627,0.1155296117067337,0.9481037855148315,0.7274454832077026
YGL206C,YDL147W,0,-1.3992388,0.1155155673623085,0.9481037855148315,0.7275454998016357
YKL208W,YDR469W,0,-1.3997208,0.1155015230178833,0.9481037855148315,0.7276455163955688
YJR019C,YLR023C,0,-1.4002504,0.1154874786734581,0.9481037855148315,0.727745532989502
YLR418C,YKL087C,0,-1.4012405,0.1154734417796135,0.9481037855148315,0.7278455495834351
YPL265W,YKL134C,0,-1.4015169,0.11545940488576889,0.9481037855148315,0.7279455661773682
YLR449W,YLR367W,0,-1.4030797,0.11544537544250488,0.9481037855148315,0.7280455827713013
YBL013W,YDL150W,0,-1.4068792,0.11543134599924088,0.9481037855148315,0.7281455993652344
YIL063C,YOR064C,0,-1.4071431,0.11541732400655746,0.9481037855148315,0.7282456755638123
YBL057C,YBR221C,0,-1.4072094,0.11540330201387405,0.9481037855148315,0.7283456921577454
YDR488C,YER095W,0,-1.4081318,0.11538928747177124,0.9481037855148315,0.7284457087516785
YFR047C,YKL160W,0,-1.4084932,0.11537527292966843,0.9481037855148315,0.7285457253456116
YFL004W,YBL103C,0,-1.4108204,0.11536126583814621,0.9481037855148315,0.7286457419395447
YOR178C,YLR097C,0,-1.411437,0.11534725874662399,0.9481037855148315,0.7287457585334778
YKL063C,YNL075W,0,-1.4119649,0.11533325165510178,0.9481037855148315,0.7288457751274109
YLR318W,YDL112W,0,-1.4121691,0.11531925201416016,0.9481037855148315,0.728945791721344
YNR070W,YLR277C,0,-1.4164227,0.11530525237321854,0.9481037855148315,0.7290458083152771
YLR446W,YGR083C,0,-1.4174165,0.11529126018285751,0.9481037855148315,0.7291458249092102
YIL144W,YPL195W,0,-1.4177356,0.11527727544307709,0.9481037855148315,0.7292458415031433
YLR071C,YDL010W,0,-1.4177511,0.11526328325271606,0.9481037855148315,0.7293458580970764
YLR450W,YER072W,0,-1.4189956,0.11524930596351624,0.9481037855148315,0.7294458746910095
YBR127C,YNL065W,0,-1.4208609,0.11523532122373581,0.9481037855148315,0.7295458912849426
YPR161C,YPL159C,0,-1.4209259,0.11522134393453598,0.9481037855148315,0.7296459078788757
YJL058C,YPR082C,0,-1.4212475,0.11520737409591675,0.9481037855148315,0.7297459244728088
YKL039W,YJR108W,0,-1.4219084,0.11519340425729752,0.9481037855148315,0.7298459410667419
YLR085C,YDR462W,0,-1.4233159,0.11517943441867828,0.9481037855148315,0.7299460172653198
YGL198W,YIL162W,0,-1.4245713,0.11516547203063965,0.9481037855148315,0.7300460338592529
YGL116W,YOL033W,0,-1.4258864,0.11515151709318161,0.9481037855148315,0.730146050453186
YAL009W,YJR059W,0,-1.4264656,0.11513756215572357,0.9481037855148315,0.7302460670471191
YOL031C,YMR009W,0,-1.4284298,0.11512360721826553,0.9481037855148315,0.7303460836410522
YKL059C,YCR086W,0,-1.4290986,0.11510965973138809,0.9481037855148315,0.7304461002349854
YOR001W,YJL035C,0,-1.429177,0.11509571224451065,0.9481037855148315,0.7305461168289185
YJL012C,YOL105C,0,-1.431909,0.1150817722082138,0.9481037855148315,0.7306461334228516
YDR283C,YDL155W,0,-1.432265,0.11506783217191696,0.9481037855148315,0.7307461500167847
YDR247W,YOL005C,0,-1.4354923,0.11505389213562012,0.9481037855148315,0.7308461666107178
YNR022C,YML133C,0,-1.4356759,0.11503995954990387,0.9481037855148315,0.7309461832046509
YLR100W,YHL026C,0,-1.435781,0.11502603441476822,0.9481037855148315,0.731046199798584
YNL158W,YGR003W,0,-1.4369313,0.11501210927963257,0.9481037855148315,0.7311462163925171
YER159C,YLL001W,0,-1.4372393,0.11499818414449692,0.9481037855148315,0.7312462329864502
YNL298W,YMR016C,1,-1.4373983,0.11510530114173889,0.9491018056869507,0.7312462329864502
YNL185C,YKL002W,0,-1.4378395,0.11509136855602264,0.9491018056869507,0.7313462495803833
YOR258W,YGR227W,0,-1.4386325,0.115077443420887,0.9491018056869507,0.7314462661743164
YLR003C,YHR031C,0,-1.4386994,0.11506351828575134,0.9491018056869507,0.7315462827682495
YPR166C,YGL238W,0,-1.439129,0.11504960060119629,0.9491018056869507,0.7316463589668274
YJR102C,YPR131C,0,-1.4463294,0.11503568291664124,0.9491018056869507,0.7317463755607605
YKR087C,YDL123W,0,-1.4480281,0.11502177268266678,0.9491018056869507,0.7318463921546936
YPL037C,YNL209W,0,-1.4484663,0.11500786244869232,0.9491018056869507,0.7319464087486267
YPL051W,YIL013C,0,-1.448662,0.11499395221471786,0.9491018056869507,0.7320464253425598
YHR023W,YMR281W,0,-1.4490551,0.114980049431324,0.9491018056869507,0.7321464419364929
YBR127C,YMR014W,0,-1.4499072,0.11496615409851074,0.9491018056869507,0.732246458530426
YHL007C,YGL085W,0,-1.4501377,0.11495225131511688,0.9491018056869507,0.7323464751243591
YOR371C,YLR216C,0,-1.4522809,0.11493836343288422,0.9491018056869507,0.7324464917182922
YPR079W,YGR076C,0,-1.4534026,0.11492446810007095,0.9491018056869507,0.7325465083122253
YHR009C,YHR112C,0,-1.4570912,0.11491058766841888,0.9491018056869507,0.7326465249061584
YML012W,YNR022C,0,-1.4577409,0.11489669978618622,0.9491018056869507,0.7327465415000916
YDR280W,YNL185C,0,-1.4594868,0.11488281935453415,0.9491018056869507,0.7328465580940247
YCR023C,YDL150W,0,-1.4612083,0.11486894637346268,0.9491018056869507,0.7329465746879578
YLR143W,YOR374W,0,-1.4624476,0.1148550733923912,0.9491018056869507,0.7330465912818909
YBR024W,YNR040W,0,-1.463776,0.11484120041131973,0.9491018056869507,0.733146607875824
YNL138W,YLR313C,1,-1.4641296,0.1149480789899826,0.9500998258590698,0.733146607875824
YBL014C,YCR047C,0,-1.4647387,0.11493420600891113,0.9500998258590698,0.7332466244697571
YDR362C,YOR244W,0,-1.4648815,0.11492032557725906,0.9500998258590698,0.7333466410636902
YNR059W,YBR299W,0,-1.4664432,0.11490646004676819,0.9500998258590698,0.7334467172622681
YJR113C,YMR201C,0,-1.4685524,0.11489258706569672,0.9500998258590698,0.7335467338562012
YPR037C,YLR312C-B,0,-1.4692638,0.11487872898578644,0.9500998258590698,0.7336467504501343
YLR027C,YMR268C,0,-1.4693801,0.11486486345529556,0.9500998258590698,0.7337467670440674
YPL101W,YBR109C,0,-1.4695876,0.11485100537538528,0.9500998258590698,0.7338467836380005
YDR280W,YOR346W,0,-1.4705368,0.1148371547460556,0.9500998258590698,0.7339468002319336
YJR058C,YDL102W,0,-1.4707128,0.11482330411672592,0.9500998258590698,0.7340468168258667
YBR041W,YHR166C,0,-1.4711597,0.11480945348739624,0.9500998258590698,0.7341468334197998
YDR367W,YDL130W,0,-1.4727459,0.11479561030864716,0.9500998258590698,0.7342468500137329
YCR008W,YGR247W,0,-1.4733624,0.11478176712989807,0.9500998258590698,0.734346866607666
YBR211C,YDL075W,0,-1.4735863,0.11476793140172958,0.9500998258590698,0.7344468832015991
YOR334W,YLR427W,0,-1.4746248,0.1147540956735611,0.9500998258590698,0.7345468997955322
YJL115W,YIL039W,0,-1.4752725,0.1147402673959732,0.9500998258590698,0.7346469163894653
YJL109C,YOR077W,0,-1.4759345,0.11472643911838531,0.9500998258590698,0.7347469329833984
YIL019W,YPR025C,0,-1.4778519,0.11471261829137802,0.9500998258590698,0.7348469495773315
YPL157W,YBR166C,0,-1.4794155,0.11469879746437073,0.9500998258590698,0.7349469661712646
YBR004C,YBR135W,0,-1.480696,0.11468497663736343,0.9500998258590698,0.7350469827651978
YPL003W,YLR426W,0,-1.481077,0.11467116326093674,0.9500998258590698,0.7351470589637756
YFR016C,YDL060W,0,-1.4852152,0.11465734988451004,0.9500998258590698,0.7352470755577087
YDR347W,YNL330C,0,-1.4854802,0.11464354395866394,0.9500998258590698,0.7353470921516418
YHR013C,YJL165C,0,-1.4864444,0.11462973803281784,0.9500998258590698,0.735447108745575
YGL175C,YNR022C,0,-1.4869726,0.11461593955755234,0.9500998258590698,0.7355471253395081
YKR050W,YDR480W,0,-1.4874017,0.11460214108228683,0.9500998258590698,0.7356471419334412
YGR240C,YGL130W,0,-1.4878678,0.11458835005760193,0.9500998258590698,0.7357471585273743
YHR067W,YJL093C,0,-1.4889085,0.11457455903291702,0.9500998258590698,0.7358471751213074
YPL237W,YFL022C,0,-1.4904139,0.11456076800823212,0.9500998258590698,0.7359471917152405
YLR427W,YDL212W,0,-1.4936056,0.11454698443412781,0.9500998258590698,0.7360472083091736
YOL135C,YPL270W,0,-1.4959875,0.1145332083106041,0.9500998258590698,0.7361472249031067
YMR059W,YOR249C,0,-1.4973459,0.11451942473649979,0.9500998258590698,0.7362472414970398
YGR203W,YIR014W,0,-1.4975541,0.11450565606355667,0.9500998258590698,0.7363472580909729
YLR022C,YIL173W,0,-1.4978524,0.11449187994003296,0.9500998258590698,0.736447274684906
YJR067C,YML127W,0,-1.4986159,0.11447811126708984,0.9500998258590698,0.7365472912788391
YDL058W,YKR031C,0,-1.5030984,0.11446435004472733,0.9500998258590698,0.7366473078727722
YOR246C,YER032W,0,-1.5050819,0.11445058882236481,0.9500998258590698,0.7367473244667053
YEL013W,YDL155W,0,-1.5050986,0.11443683505058289,0.9500998258590698,0.7368473410606384
YOR211C,YKL073W,0,-1.5053103,0.11442307382822037,0.9500998258590698,0.7369474172592163
YPL059W,YAL001C,0,-1.5053176,0.11440932750701904,0.9500998258590698,0.7370474338531494
YDR375C,YNL227C,0,-1.5053318,0.11439558118581772,0.9500998258590698,0.7371474504470825
YCL026C-A,YEL059C-A,0,-1.5057784,0.1143818348646164,0.9500998258590698,0.7372474670410156
YCL019W,YKL004W,0,-1.5060014,0.11436808854341507,0.9500998258590698,0.7373474836349487
YOR303W,YML019W,0,-1.5074306,0.11435435712337494,0.9500998258590698,0.7374475002288818
YBR058C,YDL114W,0,-1.5074475,0.11434061825275421,0.9500998258590698,0.7375475168228149
YOR334W,YMR037C,0,-1.5076252,0.11432688683271408,0.9500998258590698,0.737647533416748
YDR397C,YDR236C,0,-1.5078082,0.11431316286325455,0.9500998258590698,0.7377475500106812
YPL097W,YDR343C,0,-1.5090504,0.11429943889379501,0.9500998258590698,0.7378475666046143
YNR070W,YPL169C,0,-1.5091228,0.11428571492433548,0.9500998258590698,0.7379475831985474
YML126C,YNL243W,0,-1.511498,0.11427199840545654,0.9500998258590698,0.7380475997924805
YML001W,YNL156C,0,-1.5150054,0.1142582818865776,0.9500998258590698,0.7381476163864136
YGL142C,YNR041C,0,-1.5152547,0.11424457281827927,0.9500998258590698,0.7382476329803467
YGR122W,YKR009C,0,-1.5170704,0.11423086374998093,0.9500998258590698,0.7383476495742798
YIR033W,YNL145W,0,-1.5174584,0.11421715468168259,0.9500998258590698,0.7384476661682129
YPL118W,YIL119C,0,-1.5177474,0.11420345306396484,0.9500998258590698,0.738547682762146
YDR177W,YOL146W,0,-1.5179732,0.1141897588968277,0.9500998258590698,0.7386477589607239
YJL013C,YIL013C,0,-1.5192047,0.11417606472969055,0.9500998258590698,0.738747775554657
YGR099W,YNL207W,0,-1.5194998,0.1141623705625534,0.9500998258590698,0.7388477921485901
YNL130C,YHL044W,0,-1.5203445,0.11414868384599686,0.9500998258590698,0.7389478087425232
YDL188C,YDR134C,0,-1.5219629,0.11413499712944031,0.9500998258590698,0.7390478253364563
YOL001W,YBL010C,0,-1.5230455,0.11412131041288376,0.9500998258590698,0.7391478419303894
YBR227C,YFR034C,0,-1.5231383,0.1141076385974884,0.9500998258590698,0.7392478585243225
YJR102C,YDR394W,0,-1.5233955,0.11409395933151245,0.9500998258590698,0.7393478751182556
YGL190C,YDR251W,1,-1.523558,0.11420012265443802,0.9510977864265442,0.7393478751182556
YDR016C,YPR183W,0,-1.5257566,0.11418643593788147,0.9510977864265442,0.7394478917121887
YPL115C,YBL097W,0,-1.5263883,0.11417275667190552,0.9510977864265442,0.7395479083061218
YGL206C,YDL174C,0,-1.5268241,0.11415907740592957,0.9510977864265442,0.7396479249000549
YBL019W,YBR235W,0,-1.5282508,0.11414540559053421,0.9510977864265442,0.739747941493988
YDL135C,YKL071W,0,-1.5285716,0.11413173377513885,0.9510977864265442,0.7398479580879211
YCR105W,YHR067W,0,-1.5288723,0.1141180694103241,0.9510977864265442,0.7399479746818542
YDR210W,YLR409C,0,-1.5289049,0.11410440504550934,0.9510977864265442,0.7400479912757874
YLR299W,YJL003W,0,-1.5296383,0.11409074813127518,0.9510977864265442,0.7401480078697205
YFL052W,YKL109W,0,-1.5298781,0.11407709121704102,0.9510977864265442,0.7402480244636536
YCR106W,YOR113W,0,-1.533303,0.11406343430280685,0.9510977864265442,0.7403480410575867
YFL016C,YOR284W,0,-1.5344445,0.11404978483915329,0.9510977864265442,0.7404481172561646
YDL010W,YBL056W,0,-1.5362337,0.11403613537549973,0.9510977864265442,0.7405481338500977
YOR141C,YGR005C,0,-1.5364895,0.11402249336242676,0.9510977864265442,0.7406481504440308
YOL088C,YGL105W,0,-1.5407133,0.11400885134935379,0.9510977864265442,0.7407481670379639
YMR184W,YBR288C,0,-1.5408403,0.11399521678686142,0.9510977864265442,0.740848183631897
YOL133W,YBR168W,0,-1.5441295,0.11398158222436905,0.9510977864265442,0.7409482002258301
YOR043W,YOL067C,0,-1.5446954,0.11396794766187668,0.9510977864265442,0.7410482168197632
YGR048W,YDL069C,0,-1.5448093,0.1139543205499649,0.9510977864265442,0.7411482334136963
YNR061C,YFL025C,0,-1.5462468,0.11394070088863373,0.9510977864265442,0.7412482500076294
YKL018W,YLR363C,0,-1.5464587,0.11392707377672195,0.9510977864265442,0.7413482666015625
YMR303C,YBL056W,0,-1.5473673,0.11391346156597137,0.9510977864265442,0.7414482831954956
YPR041W,YCR047C,0,-1.548016,0.1138998419046402,0.9510977864265442,0.7415482997894287
YOR028C,YHR001W-A,0,-1.5482492,0.11388622969388962,0.9510977864265442,0.7416483163833618
YKR018C,YER169W,0,-1.5502186,0.11387262493371964,0.9510977864265442,0.7417483329772949
YOR357C,YLR460C,0,-1.5525136,0.11385902017354965,0.9510977864265442,0.741848349571228
YGL151W,YHR116W,0,-1.5527233,0.11384541541337967,0.9510977864265442,0.7419483661651611
YBR106W,YBL023C,0,-1.5532391,0.11383181810379028,0.9510977864265442,0.7420483827590942
YGL131C,YML025C,0,-1.5534837,0.1138182282447815,0.9510977864265442,0.7421484589576721
YDR322C-A,YEL060C,0,-1.5538542,0.11380463093519211,0.9510977864265442,0.7422484755516052
YLR066W,YMR263W,0,-1.5563364,0.11379104107618332,0.9510977864265442,0.7423484921455383
YPL168W,YHR001W-A,0,-1.5569855,0.11377745866775513,0.9510977864265442,0.7424485087394714
YDR356W,YDR227W,0,-1.558713,0.11376387625932693,0.9510977864265442,0.7425485253334045
YDR420W,YPL221W,0,-1.5597572,0.11375030130147934,0.9510977864265442,0.7426485419273376
YNL136W,YNL217W,0,-1.5598803,0.11373672634363174,0.9510977864265442,0.7427485585212708
YLR128W,YML086C,0,-1.5655922,0.11372315138578415,0.9510977864265442,0.7428485751152039
YNL177C,YJL113W,0,-1.5659882,0.11370958387851715,0.9510977864265442,0.742948591709137
YKR096W,YNL021W,0,-1.5661746,0.11369601637125015,0.9510977864265442,0.7430486083030701
YOL029C,YNL037C,0,-1.5664682,0.11368244886398315,0.9510977864265442,0.7431486248970032
YNL329C,YFL011W,0,-1.5681087,0.11366889625787735,0.9510977864265442,0.7432486414909363
YNL207W,YGR002C,0,-1.5686705,0.11365533620119095,0.9510977864265442,0.7433486580848694
YGR078C,YCR066W,0,-1.5690656,0.11364178359508514,0.9510977864265442,0.7434486746788025
YBR056W,YHL017W,0,-1.5719042,0.11362823098897934,0.9510977864265442,0.7435486912727356
YOR252W,YJL138C,0,-1.5719873,0.11361468583345413,0.9510977864265442,0.7436487078666687
YMR170C,YKL046C,0,-1.5724809,0.11360114067792892,0.9510977864265442,0.7437487244606018
YGL006W,YAL014C,0,-1.5732979,0.11358760297298431,0.9510977864265442,0.7438487410545349
YFR006W,YHL025W,0,-1.573574,0.1135740652680397,0.9510977864265442,0.7439488172531128
YDR111C,YBR065C,0,-1.575047,0.11356053501367569,0.9510977864265442,0.7440488338470459
YNL005C,YNL213C,0,-1.5756125,0.11354700475931168,0.9510977864265442,0.744148850440979
YOR211C,YHR114W,0,-1.5782139,0.11353347450494766,0.9510977864265442,0.7442488670349121
YPL100W,YNL045W,0,-1.5785085,0.11351995170116425,0.9510977864265442,0.7443488836288452
YKL185W,YHR147C,0,-1.5796907,0.11350642889738083,0.9510977864265442,0.7444489002227783
YLR256W,YBR004C,0,-1.5802171,0.11349291354417801,0.9510977864265442,0.7445489168167114
YER041W,YJL216C,0,-1.5837597,0.11347939819097519,0.9510977864265442,0.7446489334106445
YNL270C,YML010W,0,-1.5850415,0.11346589028835297,0.9510977864265442,0.7447489500045776
YMR042W,YCR009C,0,-1.5854123,0.11345238238573074,0.9510977864265442,0.7448489665985107
YPL091W,YML037C,0,-1.5875553,0.11343887448310852,0.9510977864265442,0.7449489831924438
YBR123C,YIL172C,0,-1.5876276,0.1134253740310669,0.9510977864265442,0.745048999786377
YGR271C-A,YNL062C,0,-1.5882664,0.11341187357902527,0.9510977864265442,0.7451490163803101
YGR224W,YIL107C,0,-1.5890546,0.11339838057756424,0.9510977864265442,0.7452490329742432
YKR042W,YOL147C,0,-1.5902104,0.11338488757610321,0.9510977864265442,0.7453490495681763
YER126C,YNL291C,0,-1.59069,0.11337140202522278,0.9510977864265442,0.7454490661621094
YCR066W,YNL071W,0,-1.5911081,0.11335791647434235,0.9510977864265442,0.7455490827560425
YGR007W,YOL147C,0,-1.591294,0.11334443092346191,0.9510977864265442,0.7456491589546204
YBL003C,YDL067C,0,-1.5934191,0.11333095282316208,0.9510977864265442,0.7457491755485535
YPR034W,YLL026W,0,-1.5935386,0.11331748217344284,0.9510977864265442,0.7458491921424866
YOR368W,YNL088W,0,-1.5936453,0.113304004073143,0.9510977864265442,0.7459492087364197
YGR013W,YEL063C,0,-1.5942242,0.11329054087400436,0.9510977864265442,0.7460492253303528
YAL021C,YKL099C,0,-1.5953487,0.11327707022428513,0.9510977864265442,0.7461492419242859
YGR181W,YDL033C,0,-1.5963788,0.11326360702514648,0.9510977864265442,0.746249258518219
YML024W,YDL136W,0,-1.5968049,0.11325015127658844,0.9510977864265442,0.7463492751121521
YLR260W,YKL132C,0,-1.5972147,0.1132366955280304,0.9510977864265442,0.7464492917060852
YNR059W,YDL213C,0,-1.5994496,0.11322323977947235,0.9510977864265442,0.7465493083000183
YIL044C,YHR169W,0,-1.6015935,0.1132097914814949,0.9510977864265442,0.7466493248939514
YBR211C,YPR169W,0,-1.6026496,0.11319634318351746,0.9510977864265442,0.7467493414878845
YPL009C,YDR065W,0,-1.6033205,0.11318289488554001,0.9510977864265442,0.7468493580818176
YGR035C,YER030W,0,-1.6037381,0.11316945403814316,0.9510977864265442,0.7469493746757507
YGR271C-A,YML025C,0,-1.6040514,0.1131560206413269,0.9510977864265442,0.7470493912696838
YJL170C,YKL011C,0,-1.6056985,0.11314258724451065,0.9510977864265442,0.7471494078636169
YJR066W,YML046W,0,-1.6057119,0.1131291538476944,0.9510977864265442,0.74724942445755
YPL157W,YIR002C,0,-1.6059,0.11311572790145874,0.9510977864265442,0.7473494410514832
YDR217C,YLL001W,0,-1.6059306,0.11310230195522308,0.9510977864265442,0.747449517250061
YOR141C,YKL040C,0,-1.6062019,0.11308888345956802,0.9510977864265442,0.7475495338439941
YJR022W,YDR017C,0,-1.6078728,0.11307546496391296,0.9510977864265442,0.7476495504379272
YPL232W,YLR096W,0,-1.607949,0.1130620464682579,0.9510977864265442,0.7477495670318604
YCR093W,YMR016C,1,-1.6080093,0.11316725611686707,0.9520958065986633,0.7477495670318604
YPL049C,YER007W,0,-1.6112888,0.113153837621212,0.9520958065986633,0.7478495836257935
YIL063C,YBL038W,0,-1.6129146,0.11314041912555695,0.9520958065986633,0.7479496002197266
YFR006W,YDR077W,0,-1.6138175,0.11312700062990189,0.9520958065986633,0.7480496168136597
YBR154C,YKR013W,0,-1.6140676,0.11311358958482742,0.9520958065986633,0.7481496334075928
YHR123W,YLR138W,0,-1.6142299,0.11310017853975296,0.9520958065986633,0.7482496500015259
YKR025W,YOR214C,0,-1.6151408,0.1130867674946785,0.9520958065986633,0.748349666595459
YJR097W,YBR060C,0,-1.6159012,0.11307336390018463,0.9520958065986633,0.7484496831893921
YBR239C,YOR056C,0,-1.6175929,0.11305996775627136,0.9520958065986633,0.7485496997833252
YLR345W,YGL251C,0,-1.6181569,0.1130465716123581,0.9520958065986633,0.7486497163772583
YHR110W,YPL270W,0,-1.6188227,0.11303317546844482,0.9520958065986633,0.7487497329711914
YCL027W,YCL001W,0,-1.6190145,0.11301978677511215,0.9520958065986633,0.7488497495651245
YOL091W,YOR119C,0,-1.6208706,0.11300639808177948,0.9520958065986633,0.7489497661590576
YNR037C,YOR375C,0,-1.622765,0.11299300938844681,0.9520958065986633,0.7490497827529907
YGR260W,YJL065C,0,-1.6234882,0.11297962814569473,0.9520958065986633,0.7491498589515686
YOL148C,YKL099C,0,-1.623491,0.11296625435352325,0.9520958065986633,0.7492498755455017
YGL044C,YGR033C,0,-1.6238041,0.11295288056135178,0.9520958065986633,0.7493498921394348
YPL262W,YKL198C,0,-1.6241741,0.1129395067691803,0.9520958065986633,0.7494499087333679
YIL158W,YDL144C,0,-1.6246986,0.11292613297700882,0.9520958065986633,0.749549925327301
YPL174C,YNL213C,0,-1.6247098,0.11291277408599854,0.9520958065986633,0.7496499419212341
YNR027W,YNL229C,0,-1.6264626,0.11289940774440765,0.9520958065986633,0.7497499585151672
YBR146W,YPR008W,0,-1.6270617,0.11288604885339737,0.9520958065986633,0.7498499751091003
YLR008C,YER087C-A,0,-1.6290958,0.11287268996238708,0.9520958065986633,0.7499499917030334
YHR120W,YPR094W,0,-1.6293799,0.1128593385219574,0.9520958065986633,0.7500500082969666
YKL091C,YGL038C,0,-1.6314328,0.11284598708152771,0.9520958065986633,0.7501500248908997
YGR125W,YDR065W,0,-1.6317409,0.11283264309167862,0.9520958065986633,0.7502500414848328
YNL081C,YEL020W-A,0,-1.6317415,0.11281929910182953,0.9520958065986633,0.7503500580787659
YMR223W,YNL137C,0,-1.6324424,0.11280596256256104,0.9520958065986633,0.750450074672699
YCR094W,YBL025W,0,-1.6338494,0.11279262602329254,0.9520958065986633,0.7505500912666321
YBR233W-A,YPR155C,0,-1.6338835,0.11277928948402405,0.9520958065986633,0.7506501078605652
YLR242C,YER021W,0,-1.6344992,0.11276596039533615,0.9520958065986633,0.7507501244544983
YOR320C,YBR004C,0,-1.634509,0.11275263130664825,0.9520958065986633,0.7508501410484314
YGR279C,YDR032C,0,-1.6356176,0.11273930221796036,0.9520958065986633,0.7509502172470093
YMR104C,YOR231W,0,-1.6357225,0.11272598057985306,0.9520958065986633,0.7510502338409424
YAL048C,YDR014W,0,-1.6359851,0.11271266639232635,0.9520958065986633,0.7511502504348755
YDR009W,YOR188W,0,-1.6380169,0.11269935220479965,0.9520958065986633,0.7512502670288086
YLR423C,YNL251C,0,-1.6414703,0.11268603801727295,0.9520958065986633,0.7513502836227417
YLR323C,YJL003W,0,-1.6437533,0.11267273128032684,0.9520958065986633,0.7514503002166748
YDR511W,YPR124W,0,-1.6451678,0.11265942454338074,0.9520958065986633,0.7515503168106079
YDR221W,YLR275W,0,-1.6453712,0.11264611780643463,0.9520958065986633,0.751650333404541
YDR316W,YML110C,0,-1.6462345,0.11263281852006912,0.9520958065986633,0.7517503499984741
YJL059W,YLR110C,0,-1.6474857,0.11261952668428421,0.9520958065986633,0.7518503665924072
YCL040W,YGL040C,0,-1.6488853,0.1126062348484993,0.9520958065986633,0.7519503831863403
YJR135C,YDL145C,0,-1.6492338,0.11259294301271439,0.9520958065986633,0.7520503997802734
YBR127C,YHR121W,0,-1.6494634,0.11257965862751007,0.9520958065986633,0.7521504163742065
YDR341C,YOL061W,0,-1.6509091,0.11256637424230576,0.9520958065986633,0.7522504329681396
YMR262W,YML022W,0,-1.6570306,0.11255308985710144,0.9520958065986633,0.7523504495620728
YMR079W,YDR201W,0,-1.6580459,0.11253981292247772,0.9520958065986633,0.7524504661560059
YKR080W,YDL185W,0,-1.6601512,0.112526535987854,0.9520958065986633,0.752550482749939
YCR020C,YDL129W,0,-1.6614132,0.11251326650381088,0.9520958065986633,0.7526505589485168
YPL232W,YKL071W,0,-1.6619766,0.11249999701976776,0.9520958065986633,0.75275057554245
YMR311C,YDR088C,0,-1.662115,0.11248673498630524,0.9520958065986633,0.7528505921363831
YHR172W,YOL139C,0,-1.6623287,0.11247347295284271,0.9520958065986633,0.7529506087303162
YKL141W,YIL011W,0,-1.6661025,0.11246021091938019,0.9520958065986633,0.7530506253242493
YOR389W,YPL019C,0,-1.6669555,0.11244695633649826,0.9520958065986633,0.7531506419181824
YBR211C,YDR256C,0,-1.6676302,0.11243370920419693,0.9520958065986633,0.7532506585121155
YKL208W,YOR368W,0,-1.6687542,0.112420454621315,0.9520958065986633,0.7533506751060486
YDR283C,YGL059W,0,-1.6694815,0.11240720748901367,0.9520958065986633,0.7534506916999817
YHR193C,YBR142W,0,-1.67113,0.11239396780729294,0.9520958065986633,0.7535507082939148
YKR085C,YER030W,0,-1.6711812,0.1123807281255722,0.9520958065986633,0.7536507248878479
YPL228W,YPR082C,0,-1.6717565,0.11236748844385147,0.9520958065986633,0.753750741481781
YGL065C,YLR419W,0,-1.6734581,0.11235425621271133,0.9520958065986633,0.7538507580757141
YNR023W,YNL125C,0,-1.6751124,0.1123410239815712,0.9520958065986633,0.7539507746696472
YPR031W,YMR216C,0,-1.6752367,0.11232779920101166,0.9520958065986633,0.7540507912635803
YMR261C,YBL017C,0,-1.678702,0.11231457442045212,0.9520958065986633,0.7541508078575134
YPL118W,YPR124W,0,-1.6794305,0.11230135709047318,0.9520958065986633,0.7542508244514465
YGL044C,YDL007W,0,-1.6804247,0.11228813230991364,0.9520958065986633,0.7543508410453796
YBR198C,YLR288C,0,-1.6807559,0.11227492243051529,0.9520958065986633,0.7544509172439575
YIL030C,YKL027W,0,-1.681328,0.11226170510053635,0.9520958065986633,0.7545509338378906
YLR226W,YNL240C,0,-1.6815009,0.1122485026717186,0.9520958065986633,0.7546509504318237
YBL060W,YLL054C,0,-1.6819739,0.11223529279232025,0.9520958065986633,0.7547509670257568
YKL099C,YOR196C,0,-1.6828027,0.1122220903635025,0.9520958065986633,0.7548509836196899
YLR035C,YIL124W,0,-1.6833109,0.11220889538526535,0.9520958065986633,0.754951000213623
YPL118W,YCR036W,0,-1.6833299,0.1121956929564476,0.9520958065986633,0.7550510168075562
YGL106W,YMR153W,0,-1.6834598,0.11218250542879105,0.9520958065986633,0.7551510334014893
YBL093C,YKL058W,0,-1.6842144,0.1121693104505539,0.9520958065986633,0.7552510499954224
YAR019C,YML133C,0,-1.6868756,0.11215612292289734,0.9520958065986633,0.7553510665893555
YOL133W,YBR244W,0,-1.6879387,0.11214294284582138,0.9520958065986633,0.7554510831832886
YOR221C,YKL195W,0,-1.6883254,0.11212976276874542,0.9520958065986633,0.7555510997772217
YDR513W,YKL073W,0,-1.6898987,0.11211658269166946,0.9520958065986633,0.7556511163711548
YGL232W,YMR004W,0,-1.69031,0.1121034100651741,0.9520958065986633,0.7557511329650879
YER078C,YOL042W,0,-1.6912403,0.11209023743867874,0.9520958065986633,0.755851149559021
YDR051C,YPL049C,0,-1.6916114,0.11207706481218338,0.9520958065986633,0.7559511661529541
YDR189W,YJL106W,0,-1.6921031,0.11206389963626862,0.9520958065986633,0.7560511827468872
YLL062C,YPL156C,0,-1.6926504,0.11205074191093445,0.9520958065986633,0.7561512589454651
YER003C,YML087C,0,-1.6939738,0.11203758418560028,0.9520958065986633,0.7562512755393982
YKL080W,YCL047C,0,-1.6951066,0.11202442646026611,0.9520958065986633,0.7563512921333313
YDR402C,YJL094C,0,-1.6957905,0.11201126873493195,0.9520958065986633,0.7564513087272644
YJR033C,YLL015W,0,-1.6958944,0.11199811846017838,0.9520958065986633,0.7565513253211975
YOR151C,YFL008W,0,-1.6959215,0.1119849756360054,0.9520958065986633,0.7566513419151306
YLR131C,YGL229C,0,-1.696917,0.11197183281183243,0.9520958065986633,0.7567513585090637
YDL033C,YNL059C,0,-1.6972386,0.11195868998765945,0.9520958065986633,0.7568513751029968
YBR231C,YEL027W,0,-1.6972847,0.11194555461406708,0.9520958065986633,0.7569513916969299
YAL053W,YER167W,0,-1.6977749,0.1119324192404747,0.9520958065986633,0.757051408290863
YIL084C,YGR142W,0,-1.6979479,0.11191928386688232,0.9520958065986633,0.7571514248847961
YKL188C,YBL067C,0,-1.6980428,0.11190615594387054,0.9520958065986633,0.7572514414787292
YLL018C-A,YIL068C,0,-1.6981535,0.11189303547143936,0.9520958065986633,0.7573514580726624
YBL006C,YML038C,0,-1.6986359,0.11187990754842758,0.9520958065986633,0.7574514746665955
YMR236W,YER014W,0,-1.6989783,0.111866794526577,0.9520958065986633,0.7575514912605286
YOL100W,YEL003W,0,-1.6990764,0.11185367405414581,0.9520958065986633,0.7576515078544617
YOR132W,YMR106C,0,-1.6998347,0.11184056103229523,0.9520958065986633,0.7577515244483948
YLR438C-A,YNL185C,0,-1.7001104,0.11182745546102524,0.9520958065986633,0.7578515410423279
YPL248C,YGR013W,0,-1.7060024,0.11181434243917465,0.9520958065986633,0.7579516172409058
YDR316W,YKL040C,0,-1.7064056,0.11180124431848526,0.9520958065986633,0.7580516338348389
YOR266W,YAL026C,0,-1.7094457,0.11178813874721527,0.9520958065986633,0.758151650428772
YHR181W,YDR186C,0,-1.7105219,0.11177504062652588,0.9520958065986633,0.7582516670227051
YMR055C,YFR034C,0,-1.7122586,0.11176194995641708,0.9520958065986633,0.7583516836166382
YLR421C,YNL137C,0,-1.7131306,0.11174885928630829,0.9520958065986633,0.7584517002105713
YGL073W,YNR075W,0,-1.7133751,0.1117357686161995,0.9520958065986633,0.7585517168045044
YGR046W,YIL098C,0,-1.7140026,0.1117226853966713,0.9520958065986633,0.7586517333984375
YNL049C,YLR045C,0,-1.7145936,0.1117096021771431,0.9520958065986633,0.7587517499923706
YLR256W,YPL106C,0,-1.7185423,0.1116965189576149,0.9520958065986633,0.7588517665863037
YMR230W,YDR101C,0,-1.7185514,0.1116834431886673,0.9520958065986633,0.7589517831802368
YFL004W,YGR009C,0,-1.7201979,0.11167037487030029,0.9520958065986633,0.7590517997741699
YIL037C,YER123W,0,-1.7225468,0.11165730655193329,0.9520958065986633,0.759151816368103
YGR005C,YBR200W,0,-1.7243977,0.11164423823356628,0.9520958065986633,0.7592518329620361
YPL179W,YDR288W,0,-1.7279207,0.11163116991519928,0.9520958065986633,0.7593518495559692
YOR060C,YPL074W,0,-1.7286627,0.11161810904741287,0.9520958065986633,0.7594518661499023
YPL120W,YPL258C,0,-1.7298974,0.11160505563020706,0.9520958065986633,0.7595518827438354
YER177W,YOR386W,0,-1.7304549,0.11159200221300125,0.9520958065986633,0.7596519589424133
YOR316C,YCR040W,0,-1.7304585,0.11157894879579544,0.9520958065986633,0.7597519755363464
YOR205C,YJL115W,0,-1.7319615,0.11156589537858963,0.9520958065986633,0.7598519921302795
YDR056C,YJL101C,0,-1.734304,0.11155284941196442,0.9520958065986633,0.7599520087242126
YBR046C,YHL044W,0,-1.7345891,0.1115398108959198,0.9520958065986633,0.7600520253181458
YOL122C,YOL139C,0,-1.7347732,0.11152677237987518,0.9520958065986633,0.7601520419120789
YOL098C,YNL321W,0,-1.7359071,0.11151373386383057,0.9520958065986633,0.760252058506012
YHR188C,YDR169C,0,-1.7368376,0.11150070279836655,0.9520958065986633,0.7603520750999451
YDR150W,YBL037W,0,-1.7395983,0.11148767173290253,0.9520958065986633,0.7604520916938782
YDR359C,YJL072C,0,-1.7412684,0.11147464066743851,0.9520958065986633,0.7605521082878113
YBR035C,YNL146W,0,-1.7424724,0.11146161705255508,0.9520958065986633,0.7606521248817444
YNL046W,YKR083C,0,-1.7433844,0.11144860088825226,0.9520958065986633,0.7607521414756775
YBL039C,YNL190W,0,-1.7481809,0.11143557727336884,0.9520958065986633,0.7608521580696106
YGR217W,YJL118W,0,-1.7504936,0.11142256110906601,0.9520958065986633,0.7609521746635437
YHR187W,YPL161C,0,-1.7505803,0.11140955239534378,0.9520958065986633,0.7610521912574768
YLL066C,YFL002C,0,-1.751861,0.11139654368162155,0.9520958065986633,0.7611522078514099
YNL001W,YJR056C,0,-1.7563334,0.11138353496789932,0.9520958065986633,0.761252224445343
YHL036W,YLL023C,0,-1.7568059,0.11137053370475769,0.9520958065986633,0.7613522410392761
YBL031W,YOR359W,0,-1.7568171,0.11135753244161606,0.9520958065986633,0.761452317237854
YPR071W,YJR077C,0,-1.7575341,0.11134453862905502,0.9520958065986633,0.7615523338317871
YBR167C,YIL026C,0,-1.7615149,0.11133154481649399,0.9520958065986633,0.7616523504257202
YGR078C,YDL081C,0,-1.762264,0.11131855100393295,0.9520958065986633,0.7617523670196533
YPL168W,YOL019W,0,-1.7628925,0.11130556464195251,0.9520958065986633,0.7618523836135864
YDR362C,YPL192C,0,-1.7635932,0.11129257827997208,0.9520958065986633,0.7619524002075195
YDR100W,YMR208W,0,-1.7645254,0.11127959936857224,0.9520958065986633,0.7620524168014526
YDR427W,YOR329C,0,-1.7651386,0.1112666204571724,0.9520958065986633,0.7621524333953857
YLR017W,YEL032W,0,-1.7695915,0.11125364154577255,0.9520958065986633,0.7622524499893188
YER096W,YHR161C,0,-1.770011,0.11124067008495331,0.9520958065986633,0.762352466583252
YKL029C,YPR154W,0,-1.7726125,0.11122769862413406,0.9520958065986633,0.7624524831771851
YJL083W,YMR208W,0,-1.7750584,0.11121473461389542,0.9520958065986633,0.7625524997711182
YKL017C,YML127W,0,-1.7759416,0.11120177060365677,0.9520958065986633,0.7626525163650513
YDR464W,YBR153W,0,-1.7765508,0.11118881404399872,0.9520958065986633,0.7627525329589844
YLR061W,YNL014W,0,-1.7776246,0.11117585003376007,0.9520958065986633,0.7628525495529175
YOR178C,YDR284C,0,-1.7787967,0.11116290092468262,0.9520958065986633,0.7629525661468506
YGL137W,YDL067C,0,-1.7789303,0.11114994436502457,0.9520958065986633,0.7630525827407837
YOR115C,YLL009C,0,-1.7793316,0.11113700270652771,0.9520958065986633,0.7631526589393616
YLL031C,YCR033W,0,-1.7794046,0.11112405359745026,0.9520958065986633,0.7632526755332947
YJL046W,YLR135W,0,-1.7802131,0.1111111119389534,0.9520958065986633,0.7633526921272278
YEL054C,YLR413W,0,-1.7805645,0.11109817028045654,0.9520958065986633,0.7634527087211609
YBL099W,YIL136W,0,-1.7813118,0.11108523607254028,0.9520958065986633,0.763552725315094
YKL006C-A,YER068W,0,-1.7834785,0.11107230186462402,0.9520958065986633,0.7636527419090271
YBR130C,YGR030C,0,-1.7843462,0.11105936765670776,0.9520958065986633,0.7637527585029602
YHL004W,YPL198W,0,-1.7844255,0.1110464408993721,0.9520958065986633,0.7638527750968933
YGL142C,YML081W,0,-1.784545,0.11103352159261703,0.9520958065986633,0.7639527916908264
YML034W,YNL111C,0,-1.7885966,0.11102059483528137,0.9520958065986633,0.7640528082847595
YKL016C,YPR022C,0,-1.7901151,0.1110076829791069,0.9520958065986633,0.7641528248786926
YJL003W,YIL050W,0,-1.7915953,0.11099476367235184,0.9520958065986633,0.7642528414726257
YMR118C,YMR163C,0,-1.7918599,0.11098185181617737,0.9520958065986633,0.7643528580665588
YLR274W,YLR363C,0,-1.7925593,0.1109689399600029,0.9520958065986633,0.7644528746604919
YDR028C,YDR388W,0,-1.7927241,0.11095603555440903,0.9520958065986633,0.764552891254425
YKL108W,YCR009C,0,-1.79605,0.11094313114881516,0.9520958065986633,0.7646529078483582
YOR257W,YIL131C,0,-1.7972229,0.11093023419380188,0.9520958065986633,0.7647529244422913
YPL202C,YGR266W,0,-1.7989352,0.1109173372387886,0.9520958065986633,0.7648529410362244
YGL100W,YLR260W,0,-1.8003354,0.11090444028377533,0.9520958065986633,0.7649530172348022
YFL044C,YDL181W,0,-1.8016645,0.11089155077934265,0.9520958065986633,0.7650530338287354
YGR078C,YIL043C,0,-1.8024049,0.11087866127490997,0.9520958065986633,0.7651530504226685
YDR347W,YDL153C,0,-1.8024096,0.11086577922105789,0.9520958065986633,0.7652530670166016
YJR064W,YLR449W,0,-1.8040679,0.11085288971662521,0.9520958065986633,0.7653530836105347
YDL100C,YJR068W,0,-1.8070345,0.11084001511335373,0.9520958065986633,0.7654531002044678
YNL116W,YDR515W,0,-1.8084583,0.11082714051008224,0.9520958065986633,0.7655531167984009
YBR176W,YOL005C,0,-1.808516,0.11081426590681076,0.9520958065986633,0.765653133392334
YBR175W,YNL059C,0,-1.8096545,0.11080139130353928,0.9520958065986633,0.7657531499862671
YKL063C,YDR276C,0,-1.8116089,0.11078852415084839,0.9520958065986633,0.7658531665802002
YDL080C,YPR061C,0,-1.8124075,0.1107756644487381,0.9520958065986633,0.7659531831741333
YMR195W,YDR528W,0,-1.8126206,0.11076279729604721,0.9520958065986633,0.7660531997680664
YNL323W,YOR196C,0,-1.8130221,0.11074994504451752,0.9520958065986633,0.7661532163619995
YDR178W,YDR318W,0,-1.8153331,0.11073708534240723,0.9520958065986633,0.7662532329559326
YDR198C,YLR247C,0,-1.8178183,0.11072423309087753,0.9520958065986633,0.7663532495498657
YOR083W,YPL236C,0,-1.8187313,0.11071138083934784,0.9520958065986633,0.7664532661437988
YML078W,YCR071C,0,-1.8219206,0.11069853603839874,0.9520958065986633,0.7665532827377319
YDR326C,YDR352W,0,-1.8226161,0.11068569123744965,0.9520958065986633,0.7666533589363098
YDR091C,YPL101W,0,-1.822803,0.11067285388708115,0.9520958065986633,0.7667533755302429
YBR030W,YML067C,0,-1.8242344,0.11066001653671265,0.9520958065986633,0.766853392124176
YJL174W,YBL090W,0,-1.8251889,0.11064717918634415,0.9520958065986633,0.7669534087181091
YPL246C,YDL184C,0,-1.8255341,0.11063434928655624,0.9520958065986633,0.7670534253120422
YHR037W,YCR107W,0,-1.8257433,0.11062151938676834,0.9520958065986633,0.7671534419059753
YHR035W,YHR033W,0,-1.8263617,0.11060869693756104,0.9520958065986633,0.7672534584999084
YDR402C,YKL092C,0,-1.8264415,0.11059587448835373,0.9520958065986633,0.7673534750938416
YGR172C,YJR126C,0,-1.8270926,0.11058305203914642,0.9520958065986633,0.7674534916877747
YEL013W,YGR005C,0,-1.8288522,0.11057023704051971,0.9520958065986633,0.7675535082817078
YLR057W,YDR004W,0,-1.8288844,0.110557422041893,0.9520958065986633,0.7676535248756409
YDL156W,YPR096C,0,-1.8301725,0.1105446144938469,0.9520958065986633,0.767753541469574
YDL080C,YER030W,0,-1.8309907,0.11053180694580078,0.9520958065986633,0.7678535580635071
YDR018C,YER032W,0,-1.8310698,0.11051899939775467,0.9520958065986633,0.7679535746574402
YNR030W,YNR001C,0,-1.8310714,0.11050619930028915,0.9520958065986633,0.7680535912513733
YAL041W,YDR515W,0,-1.8311443,0.11049339920282364,0.9520958065986633,0.7681536078453064
YPR058W,YOR076C,0,-1.8311834,0.11048059910535812,0.9520958065986633,0.7682536244392395
YPL105C,YLR466W,0,-1.8327688,0.1104678064584732,0.9520958065986633,0.7683536410331726
YJR097W,YAL012W,0,-1.8331182,0.11045502126216888,0.9520958065986633,0.7684537172317505
YNL068C,YHR207C,0,-1.8334057,0.11044222861528397,0.9520958065986633,0.7685537338256836
YDR545W,YHR206W,0,-1.8337877,0.11042945086956024,0.9520958065986633,0.7686537504196167
YJL098W,YML019W,0,-1.8352841,0.11041666567325592,0.9520958065986633,0.7687537670135498
YOL127W,YDR381W,0,-1.8365862,0.1104038879275322,0.9520958065986633,0.7688537836074829
YMR047C,YLL023C,0,-1.8368288,0.11039111018180847,0.9520958065986633,0.768953800201416
YLR190W,YDR238C,0,-1.8369763,0.11037833988666534,0.9520958065986633,0.7690538167953491
YDR156W,YBR156C,0,-1.840539,0.11036556959152222,0.9520958065986633,0.7691538333892822
YOR068C,YGL255W,0,-1.8411796,0.11035280674695969,0.9520958065986633,0.7692538499832153
YBR199W,YJL002C,0,-1.8426838,0.11034004390239716,0.9520958065986633,0.7693538665771484
YJL054W,YGR218W,0,-1.843124,0.11032728105783463,0.9520958065986633,0.7694538831710815
YGR076C,YNL189W,0,-1.8432677,0.11031452566385269,0.9520958065986633,0.7695538997650146
YIR009W,YJL094C,0,-1.8446698,0.11030177026987076,0.9520958065986633,0.7696539163589478
YHR120W,YLL023C,0,-1.8451021,0.11028901487588882,0.9520958065986633,0.7697539329528809
YJR150C,YOR150W,0,-1.845506,0.11027626693248749,0.9520958065986633,0.769853949546814
YJL160C,YHL047C,0,-1.845691,0.11026352643966675,0.9520958065986633,0.7699539661407471
YBL046W,YDR322W,0,-1.8459479,0.11025077849626541,0.9520958065986633,0.7700539827346802
YCR018C,YBR021W,0,-1.8490599,0.11023803800344467,0.9520958065986633,0.7701540589332581
YER089C,YMR119W,0,-1.8513466,0.11022530496120453,0.9520958065986633,0.7702540755271912
YNR020C,YBR112C,0,-1.8533437,0.11021257191896439,0.9520958065986633,0.7703540921211243
YER147C,YBL087C,0,-1.853849,0.11019983887672424,0.9520958065986633,0.7704541087150574
YGR044C,YDR013W,0,-1.8544309,0.1101871132850647,0.9520958065986633,0.7705541253089905
YNL069C,YCR003W,0,-1.8554265,0.11017438769340515,0.9520958065986633,0.7706541419029236
YKR075C,YPL061W,0,-1.8568153,0.1101616621017456,0.9520958065986633,0.7707541584968567
YDR358W,YEL060C,0,-1.8604926,0.11014894396066666,0.9520958065986633,0.7708541750907898
YDR086C,YLR186W,0,-1.8685585,0.11013622581958771,0.9520958065986633,0.7709541916847229
YGL240W,YER019W,0,-1.8694308,0.11012351512908936,0.9520958065986633,0.771054208278656
YOR110W,YLR176C,0,-1.8707263,0.110110804438591,0.9520958065986633,0.7711542248725891
YBL005W-A,YJL129C,0,-1.872847,0.11009809374809265,0.9520958065986633,0.7712542414665222
YHL007C,YKL149C,1,-1.8733388,0.11020078510046005,0.9530938267707825,0.7712542414665222
YLR240W,YJL048C,0,-1.8775156,0.1101880669593811,0.9530938267707825,0.7713542580604553
YGL104C,YOR130C,0,-1.8785919,0.11017535626888275,0.9530938267707825,0.7714542746543884
YCL027W,YPL281C,0,-1.879425,0.1101626455783844,0.9530938267707825,0.7715542912483215
YAR019C,YDR006C,0,-1.8802006,0.11014994233846664,0.9530938267707825,0.7716543078422546
YOL148C,YKR104W,0,-1.8803289,0.11013723909854889,0.9530938267707825,0.7717543244361877
YER005W,YPL231W,0,-1.8808316,0.11012453585863113,0.9530938267707825,0.7718544006347656
YJL113W,YBR218C,0,-1.8810675,0.11011184006929398,0.9530938267707825,0.7719544172286987
YDR424C,YOR265W,0,-1.8820268,0.11009914427995682,0.9530938267707825,0.7720544338226318
YER020W,YEL006W,0,-1.8856224,0.11008645594120026,0.9530938267707825,0.7721544504165649
YGR106C,YMR298W,0,-1.8867028,0.1100737676024437,0.9530938267707825,0.772254467010498
YCR008W,YHR086W,0,-1.8868778,0.11006107926368713,0.9530938267707825,0.7723544836044312
YER161C,YIL023C,0,-1.887808,0.11004839837551117,0.9530938267707825,0.7724545001983643
YBR198C,YBL045C,0,-1.888665,0.1100357174873352,0.9530938267707825,0.7725545167922974
YGL190C,YCR093W,1,-1.8926501,0.11013825237751007,0.9540917873382568,0.7725545167922974
YFR014C,YLR013W,0,-1.8935313,0.11012556403875351,0.9540917873382568,0.7726545333862305
YKL080W,YER159C,0,-1.8937299,0.11011287569999695,0.9540917873382568,0.7727545499801636
YGL136C,YBR065C,0,-1.8937342,0.11010019481182098,0.9540917873382568,0.7728545665740967
YPL086C,YML076C,0,-1.8938897,0.11008751392364502,0.9540917873382568,0.7729545831680298
YBL047C,YOL060C,0,-1.895382,0.11007484048604965,0.9540917873382568,0.7730545997619629
YBR098W,YDR057W,0,-1.8970068,0.11006216704845428,0.9540917873382568,0.773154616355896
YLR384C,YNL135C,0,-1.8977606,0.11004950106143951,0.9540917873382568,0.7732546329498291
YMR291W,YML120C,0,-1.8993726,0.11003683507442474,0.9540917873382568,0.7733546495437622
YOR386W,YCR075C,0,-1.8996029,0.11002416908740997,0.9540917873382568,0.7734546661376953
YGL073W,YNL294C,0,-1.9001842,0.1100115105509758,0.9540917873382568,0.7735546827316284
YGL150C,YHR076W,0,-1.9019957,0.10999885201454163,0.9540917873382568,0.7736547589302063
YLR077W,YPL280W,0,-1.9042366,0.10998619347810745,0.9540917873382568,0.7737547755241394
YOR334W,YDL144C,0,-1.904376,0.10997354239225388,0.9540917873382568,0.7738547921180725
YCL054W,YHR039C,0,-1.9073111,0.1099608913064003,0.9540917873382568,0.7739548087120056
YGR048W,YPR174C,0,-1.9083023,0.10994824767112732,0.9540917873382568,0.7740548253059387
YPL235W,YGR116W,0,-1.9084873,0.10993560403585434,0.9540917873382568,0.7741548418998718
YML131W,YHR033W,0,-1.9089375,0.10992296040058136,0.9540917873382568,0.7742548584938049
YOR177C,YHR052W,0,-1.9090216,0.10991032421588898,0.9540917873382568,0.774354875087738
YPL170W,YOR083W,0,-1.9099181,0.1098976880311966,0.9540917873382568,0.7744548916816711
YBR146W,YPR003C,0,-1.9118775,0.10988505929708481,0.9540917873382568,0.7745549082756042
YCR063W,YJL093C,0,-1.9140081,0.10987243056297302,0.9540917873382568,0.7746549248695374
YIR021W,YNL176C,0,-1.9140652,0.10985980182886124,0.9540917873382568,0.7747549414634705
YPL075W,YNL082W,0,-1.9176314,0.10984718054533005,0.9540917873382568,0.7748549580574036
YMR045C,YER180C,0,-1.9178487,0.10983455926179886,0.9540917873382568,0.7749549746513367
YER144C,YDR166C,0,-1.9179962,0.10982193797826767,0.9540917873382568,0.7750549912452698
YOR167C,YEL006W,0,-1.9195993,0.10980932414531708,0.9540917873382568,0.7751550078392029
YCL045C,YBR299W,0,-1.919941,0.10979671776294708,0.9540917873382568,0.775255024433136
YPL141C,YML098W,0,-1.9203112,0.10978410392999649,0.9540917873382568,0.7753551006317139
YDL119C,YMR199W,0,-1.9214569,0.1097714975476265,0.9540917873382568,0.775455117225647
YNL116W,YIL158W,0,-1.9224248,0.1097588986158371,0.9540917873382568,0.7755551338195801
YOL008W,YJL042W,0,-1.9243714,0.1097462996840477,0.9540917873382568,0.7756551504135132
YCR035C,YDR486C,0,-1.9244547,0.1097337007522583,0.9540917873382568,0.7757551670074463
YGR209C,YLR357W,0,-1.924561,0.1097211092710495,0.9540917873382568,0.7758551836013794
YPR041W,YGL128C,0,-1.9258461,0.1097085177898407,0.9540917873382568,0.7759552001953125
YAL009W,YGL160W,0,-1.9265118,0.1096959263086319,0.9540917873382568,0.7760552167892456
YDL100C,YMR285C,0,-1.926639,0.10968334227800369,0.9540917873382568,0.7761552333831787
YOL027C,YGR123C,0,-1.9267272,0.10967075824737549,0.9540917873382568,0.7762552499771118
YMR041C,YJR009C,0,-1.9279301,0.10965818166732788,0.9540917873382568,0.7763552665710449
YMR268C,YNL090W,0,-1.929334,0.10964560508728027,0.9540917873382568,0.776455283164978
YKL163W,YGR106C,0,-1.934599,0.10963302850723267,0.9540917873382568,0.7765552997589111
YOR070C,YGR101W,0,-1.9371653,0.10962045937776566,0.9540917873382568,0.7766553163528442
YPL183C,YBR043C,0,-1.9383409,0.10960789024829865,0.9540917873382568,0.7767553329467773
YLR166C,YCR054C,0,-1.9384655,0.10959532111883163,0.9540917873382568,0.7768553495407104
YDL010W,YGL251C,0,-1.9386041,0.10958275943994522,0.9540917873382568,0.7769553661346436
YMR322C,YIR007W,0,-1.938607,0.10957019776105881,0.9540917873382568,0.7770553827285767
YJR060W,YBL017C,0,-1.9389222,0.10955764353275299,0.9540917873382568,0.7771554589271545
YNL119W,YNR032C-A,0,-1.9402275,0.10954508930444717,0.9540917873382568,0.7772554755210876
YDL079C,YOR322C,0,-1.9411498,0.10953254252672195,0.9540917873382568,0.7773554921150208
YOL117W,YBL003C,0,-1.9426416,0.10951998829841614,0.9540917873382568,0.7774555087089539
YKL120W,YDR020C,0,-1.942656,0.10950744897127151,0.9540917873382568,0.777555525302887
YOR075W,YBL067C,0,-1.9436965,0.1094949021935463,0.9540917873382568,0.7776555418968201
YPL207W,YDR139C,0,-1.9446013,0.10948236286640167,0.9540917873382568,0.7777555584907532
YJL180C,YGL020C,0,-1.9459939,0.10946982353925705,0.9540917873382568,0.7778555750846863
YJR002W,YPL013C,0,-1.9466038,0.10945729166269302,0.9540917873382568,0.7779555916786194
YJR110W,YDR541C,0,-1.9469118,0.109444759786129,0.9540917873382568,0.7780556082725525
YFL026W,YJL186W,0,-1.947581,0.10943223536014557,0.9540917873382568,0.7781556248664856
YGR122W,YBL080C,0,-1.9505697,0.10941971093416214,0.9540917873382568,0.7782556414604187
YLR418C,YEL060C,0,-1.9505893,0.10940718650817871,0.9540917873382568,0.7783556580543518
YNL098C,YOR247W,0,-1.9529183,0.10939466953277588,0.9540917873382568,0.7784556746482849
YGR007W,YER172C,0,-1.954292,0.10938215255737305,0.9540917873382568,0.778555691242218
YPR018W,YBR131W,0,-1.9551424,0.10936963558197021,0.9540917873382568,0.7786557078361511
YCR069W,YOR066W,0,-1.9567705,0.10935712605714798,0.9540917873382568,0.7787557244300842
YDL191W,YDL081C,0,-1.9591504,0.10934461653232574,0.9540917873382568,0.7788558006286621
YER126C,YHR019C,0,-1.9644136,0.1093321144580841,0.9540917873382568,0.7789558172225952
YLR078C,YOL144W,0,-1.9646385,0.10931961238384247,0.9540917873382568,0.7790558338165283
YDL222C,YOR140W,0,-1.9658453,0.10930711030960083,0.9540917873382568,0.7791558504104614
YER023W,YDL132W,0,-1.9659894,0.10929461568593979,0.9540917873382568,0.7792558670043945
YPR184W,YGL254W,0,-1.9689366,0.10928212106227875,0.9540917873382568,0.7793558835983276
YIL007C,YNL071W,0,-1.9713049,0.1092696338891983,0.9540917873382568,0.7794559001922607
YOR117W,YHR094C,0,-1.9718027,0.10925713926553726,0.9540917873382568,0.7795559167861938
YDR516C,YKR001C,0,-1.9727715,0.10924465954303741,0.9540917873382568,0.779655933380127
YKL059C,YGR063C,0,-1.9738461,0.10923217236995697,0.9540917873382568,0.7797559499740601
YGL234W,YMR323W,0,-1.9748954,0.10921969264745712,0.9540917873382568,0.7798559665679932
YLR299W,YIR010W,0,-1.9756303,0.10920722037553787,0.9540917873382568,0.7799559831619263
YDR477W,YBR066C,1,-1.9778688,0.10930896550416946,0.955089807510376,0.7799559831619263
YLR097C,YBL064C,0,-1.9779112,0.10929648578166962,0.955089807510376,0.7800559997558594
YBR166C,YNL214W,0,-1.9782186,0.10928399860858917,0.955089807510376,0.7801560163497925
YJL145W,YKR079C,0,-1.9817677,0.10927152633666992,0.955089807510376,0.7802560329437256
YBL102W,YOR070C,0,-1.9822613,0.10925904661417007,0.955089807510376,0.7803560495376587
YOR064C,YNL023C,0,-1.9839823,0.10924657434225082,0.955089807510376,0.7804560661315918
YNL257C,YDL112W,0,-1.984436,0.10923410207033157,0.955089807510376,0.7805560827255249
YCR020W-B,YCR033W,0,-1.9845756,0.10922163724899292,0.955089807510376,0.7806561589241028
YIL126W,YDL007W,0,-1.9848137,0.10920917242765427,0.955089807510376,0.7807561755180359
YLR369W,YDR268W,0,-1.9857341,0.10919671505689621,0.955089807510376,0.780856192111969
YPL146C,YLR216C,0,-1.9860846,0.10918425768613815,0.955089807510376,0.7809562087059021
YKL063C,YLR373C,0,-1.9884533,0.1091718003153801,0.955089807510376,0.7810562252998352
YIL039W,YDL143W,0,-1.9884708,0.10915935039520264,0.955089807510376,0.7811562418937683
YER148W,YGL039W,0,-1.9894814,0.10914690047502518,0.955089807510376,0.7812562584877014
YML062C,YOR179C,0,-1.9911706,0.10913445055484772,0.955089807510376,0.7813562750816345
YLR133W,YOL006C,0,-1.9920623,0.10912200808525085,0.955089807510376,0.7814562916755676
YDL065C,YHR001W-A,0,-1.9935436,0.10910956561565399,0.955089807510376,0.7815563082695007
YGR198W,YMR217W,0,-1.9961898,0.10909713059663773,0.955089807510376,0.7816563248634338
YDR017C,YLR360W,0,-1.9967759,0.10908468812704086,0.955089807510376,0.7817563414573669
YHR122W,YMR083W,0,-1.9975975,0.1090722605586052,0.955089807510376,0.7818563580513
YBR239C,YGR224W,0,-1.9980966,0.10905982553958893,0.955089807510376,0.7819563746452332
YOR198C,YKR087C,0,-1.9985398,0.10904740542173386,0.955089807510376,0.7820563912391663
YJL125C,YDR486C,0,-2.00013,0.10903497785329819,0.955089807510376,0.7821564078330994
YCR016W,YPR192W,0,-2.000596,0.10902255773544312,0.955089807510376,0.7822564244270325
YPR112C,YBR295W,0,-2.0027533,0.10901013761758804,0.955089807510376,0.7823565006256104
YOL088C,YPL209C,0,-2.0030591,0.10899772495031357,0.955089807510376,0.7824565172195435
YDL232W,YER155C,0,-2.0066056,0.10898531228303909,0.955089807510376,0.7825565338134766
YML064C,YJL180C,0,-2.009314,0.10897289961576462,0.955089807510376,0.7826565504074097
YKR048C,YBR057C,0,-2.0108848,0.10896049439907074,0.955089807510376,0.7827565670013428
YCL062W,YDL030W,0,-2.0110276,0.10894808918237686,0.955089807510376,0.7828565835952759
YNL138W,YDR379W,1,-2.0111356,0.10904951393604279,0.9560878276824951,0.7828565835952759
YJR060W,YCR023C,0,-2.0115533,0.10903710126876831,0.9560878276824951,0.782956600189209
YDR171W,YOL138C,0,-2.0139375,0.10902469605207443,0.9560878276824951,0.7830566167831421
YML055W,YDR397C,0,-2.0153878,0.10901229083538055,0.9560878276824951,0.7831566333770752
YMR175W,YNL038W,0,-2.0178657,0.10899988561868668,0.9560878276824951,0.7832566499710083
YNL112W,YBR058C-A,0,-2.018014,0.1089874878525734,0.9560878276824951,0.7833566665649414
YOL030W,YBL064C,0,-2.0192022,0.10897509008646011,0.9560878276824951,0.7834566831588745
YGL142C,YDL243C,0,-2.0209963,0.10896269232034683,0.9560878276824951,0.7835566997528076
YJR102C,YKR067W,0,-2.026054,0.10895030200481415,0.9560878276824951,0.7836567163467407
YFL039C,YGR029W,0,-2.0269687,0.10893791168928146,0.9560878276824951,0.7837567329406738
YML014W,YJR076C,0,-2.0282085,0.10892552882432938,0.9560878276824951,0.7838567495346069
YGR087C,YML098W,0,-2.0285695,0.10891314595937729,0.9560878276824951,0.78395676612854
YML095C,YPL249C,0,-2.0307143,0.1089007630944252,0.9560878276824951,0.7840567827224731
YDR018C,YDL130W,0,-2.0316334,0.10888838022947311,0.9560878276824951,0.784156858921051
YPL024W,YIR022W,0,-2.032048,0.10887601226568222,0.9560878276824951,0.7842568755149841
YDR190C,YOR122C,0,-2.0322485,0.10886363685131073,0.9560878276824951,0.7843568921089172
YAR019C,YDR412W,0,-2.0349503,0.10885126888751984,0.9560878276824951,0.7844569087028503
YBR296C,YGR152C,0,-2.0371733,0.10883890092372894,0.9560878276824951,0.7845569252967834
YOR143C,YOR003W,0,-2.038804,0.10882653295993805,0.9560878276824951,0.7846569418907166
YIL038C,YOR202W,0,-2.0415692,0.10881417244672775,0.9560878276824951,0.7847569584846497
YLR406C,YDR058C,0,-2.0418653,0.10880181938409805,0.9560878276824951,0.7848569750785828
YMR001C,YOR271C,0,-2.0424473,0.10878945887088776,0.9560878276824951,0.7849569916725159
YLR170C,YDR469W,0,-2.0456922,0.10877710580825806,0.9560878276824951,0.785057008266449
YNR020C,YJR077C,0,-2.0477643,0.10876476019620895,0.9560878276824951,0.7851570248603821
YBR214W,YOR197W,0,-2.0480194,0.10875241458415985,0.9560878276824951,0.7852570414543152
YER086W,YJR058C,0,-2.0481675,0.10874006897211075,0.9560878276824951,0.7853570580482483
YBR235W,YHR017W,0,-2.0520487,0.10872772336006165,0.9560878276824951,0.7854570746421814
YHL013C,YNL288W,0,-2.0537348,0.10871538519859314,0.9560878276824951,0.7855570912361145
YDR379W,YMR238W,1,-2.0558622,0.10881651937961578,0.9570858478546143,0.7855570912361145
YBR130C,YDR482C,0,-2.0592427,0.10880417376756668,0.9570858478546143,0.7856571078300476
YHR007C,YBR084W,0,-2.0644915,0.10879183560609818,0.9570858478546143,0.7857571244239807
YOR262W,YOR059C,0,-2.0648015,0.10877948999404907,0.9570858478546143,0.7858572006225586
YDR478W,YCR048W,0,-2.0650039,0.10876715183258057,0.9570858478546143,0.7859572172164917
YPL141C,YHR161C,0,-2.065046,0.10875482112169266,0.9570858478546143,0.7860572338104248
YNL101W,YBR104W,0,-2.0653803,0.10874249041080475,0.9570858478546143,0.7861572504043579
YGR220C,YHR090C,0,-2.0656476,0.10873015969991684,0.9570858478546143,0.786257266998291
YGL231C,YHR102W,0,-2.0665927,0.10871782898902893,0.9570858478546143,0.7863572835922241
YDR142C,YEL024W,0,-2.0670617,0.10870550572872162,0.9570858478546143,0.7864573001861572
YIL136W,YGL250W,0,-2.067728,0.1086931899189949,0.9570858478546143,0.7865573167800903
YPL239W,YLR373C,0,-2.0680766,0.10868086665868759,0.9570858478546143,0.7866573333740234
YJR010C-A,YJL014W,0,-2.0683541,0.10866855829954147,0.9570858478546143,0.7867573499679565
YGL210W,YLR011W,0,-2.070009,0.10865624248981476,0.9570858478546143,0.7868573665618896
YBL097W,YIL011W,0,-2.0717566,0.10864393413066864,0.9570858478546143,0.7869573831558228
YDR524C,YDR363W,0,-2.072133,0.10863162577152252,0.9570858478546143,0.7870573997497559
YDL035C,YBR083W,1,-2.072229,0.10873258858919144,0.9580838084220886,0.7870573997497559
YFL005W,YEL044W,0,-2.0755641,0.10872027277946472,0.9580838084220886,0.787157416343689
YML100W,YIR023W,0,-2.0766068,0.108707956969738,0.9580838084220886,0.7872574329376221
YLL026W,YCR047C,0,-2.0778353,0.10869564861059189,0.9580838084220886,0.7873574495315552
YMR225C,YMR166C,0,-2.080989,0.10868334770202637,0.9580838084220886,0.7874574661254883
YDR478W,YDR191W,0,-2.0810654,0.10867104679346085,0.9580838084220886,0.7875574827194214
YOR244W,YDR217C,0,-2.0847356,0.10865874588489532,0.9580838084220886,0.7876575589179993
YBL023C,YGR296W,0,-2.0862315,0.1086464449763298,0.9580838084220886,0.7877575755119324
YBR030W,YKL052C,0,-2.090023,0.10863415151834488,0.9580838084220886,0.7878575921058655
YAR071W,YHR202W,0,-2.090498,0.10862185806035995,0.9580838084220886,0.7879576086997986
YLL039C,YKL002W,0,-2.0906096,0.10860957205295563,0.9580838084220886,0.7880576252937317
YPR010C,YGL016W,0,-2.0907829,0.1085972860455513,0.9580838084220886,0.7881576418876648
YML046W,YOL138C,0,-2.0922763,0.10858500003814697,0.9580838084220886,0.7882576584815979
YDR480W,YER069W,0,-2.0923011,0.10857272148132324,0.9580838084220886,0.788357675075531
YOR033C,YDR046C,0,-2.0926352,0.10856044292449951,0.9580838084220886,0.7884576916694641
YOL148C,YBL057C,0,-2.0981889,0.10854817181825638,0.9580838084220886,0.7885577082633972
YGL043W,YHR167W,0,-2.0987349,0.10853589326143265,0.9580838084220886,0.7886577248573303
YDR397C,YBR152W,0,-2.100399,0.10852362960577011,0.9580838084220886,0.7887577414512634
YOL148C,YBR089C-A,0,-2.1010075,0.10851135849952698,0.9580838084220886,0.7888577580451965
YBR056W,YJR109C,0,-2.1025133,0.10849909484386444,0.9580838084220886,0.7889577746391296
YCL027W,YBR290W,0,-2.104096,0.1084868311882019,0.9580838084220886,0.7890577912330627
YFR014C,YDR236C,0,-2.104177,0.10847457498311996,0.9580838084220886,0.7891578078269958
YPL132W,YJL173C,0,-2.1061358,0.10846231877803802,0.9580838084220886,0.789257824420929
YBR114W,YBR065C,0,-2.1063664,0.10845007002353668,0.9580838084220886,0.7893579006195068
YOR030W,YER048W-A,0,-2.1064293,0.10843782126903534,0.9580838084220886,0.7894579172134399
YOL117W,YDR142C,0,-2.109876,0.108425572514534,0.9580838084220886,0.789557933807373
YHR206W,YDR186C,0,-2.1103106,0.10841332376003265,0.9580838084220886,0.7896579504013062
YPR033C,YPL046C,0,-2.111773,0.10840108245611191,0.9580838084220886,0.7897579669952393
YJR147W,YER109C,1,-2.1125793,0.10850174725055695,0.9590818285942078,0.7897579669952393
YMR238W,YKL048C,1,-2.1127126,0.10860238969326019,0.9600798487663269,0.7897579669952393
YGR257C,YDR363W-A,0,-2.1155467,0.10859013348817825,0.9600798487663269,0.7898579835891724
YKL196C,YJL186W,0,-2.1167912,0.10857787728309631,0.9600798487663269,0.7899580001831055
YGL035C,YJR131W,0,-2.1180172,0.10856562107801437,0.9600798487663269,0.7900580167770386
YLR287C-A,YLR432W,0,-2.1188574,0.10855337232351303,0.9600798487663269,0.7901580333709717
YGR074W,YBR021W,0,-2.1192808,0.10854112356901169,0.9600798487663269,0.7902580499649048
YHL004W,YLR150W,0,-2.1196995,0.10852888226509094,0.9600798487663269,0.7903580665588379
YDL076C,YHR035W,0,-2.1214314,0.1085166409611702,0.9600798487663269,0.790458083152771
YDR228C,YOR195W,0,-2.1227942,0.10850439965724945,0.9600798487663269,0.7905580997467041
YOR266W,YIL073C,0,-2.12437,0.1084921583533287,0.9600798487663269,0.7906581163406372
YER161C,YBR198C,0,-2.1245043,0.10847992449998856,0.9600798487663269,0.7907581329345703
YAR008W,YBR060C,0,-2.1254156,0.108467698097229,0.9600798487663269,0.7908581495285034
YPL153C,YEL032W,0,-2.1258914,0.10845546424388885,0.9600798487663269,0.7909581661224365
YER036C,YPL085W,0,-2.1264987,0.1084432452917099,0.9600798487663269,0.7910581827163696
YPL145C,YJR143C,0,-2.1275568,0.10843101888895035,0.9600798487663269,0.7911582589149475
YDL018C,YER014W,0,-2.1289654,0.10841879993677139,0.9600798487663269,0.7912582755088806
YOL127W,YNL030W,0,-2.1312118,0.10840658098459244,0.9600798487663269,0.7913582921028137
YNL183C,YBR050C,0,-2.132681,0.10839436948299408,0.9600798487663269,0.7914583086967468
YNR063W,YML093W,0,-2.1332479,0.10838215053081512,0.9600798487663269,0.7915583252906799
YHR001W,YPR037C,0,-2.1334164,0.10836994647979736,0.9600798487663269,0.791658341884613
YPL233W,YML011C,0,-2.133667,0.108357734978199,0.9600798487663269,0.7917583584785461
YAR003W,YCR018C,0,-2.1337404,0.10834553092718124,0.9600798487663269,0.7918583750724792
YGR078C,YDR312W,0,-2.1345325,0.10833333432674408,0.9600798487663269,0.7919583916664124
YFR051C,YNL036W,0,-2.1356988,0.10832113772630692,0.9600798487663269,0.7920584082603455
YDR287W,YMR313C,0,-2.1361144,0.10830894112586975,0.9600798487663269,0.7921584248542786
YKL021C,YCR009C,0,-2.1370928,0.10829674452543259,0.9600798487663269,0.7922584414482117
YGL134W,YOR110W,0,-2.1378055,0.10828455537557602,0.9600798487663269,0.7923584580421448
YJR068W,YKL196C,0,-2.138619,0.10827236622571945,0.9600798487663269,0.7924584746360779
YPR070W,YBR078W,0,-2.1411872,0.10826018452644348,0.9600798487663269,0.792558491230011
YMR293C,YKL071W,0,-2.1420305,0.10824800282716751,0.9600798487663269,0.7926585078239441
YPR034W,YLR186W,0,-2.1426091,0.10823582112789154,0.9600798487663269,0.7927585244178772
YDL101C,YMR156C,0,-2.1447039,0.10822364687919617,0.9600798487663269,0.7928586006164551
YJL047C,YPL236C,0,-2.1450884,0.1082114726305008,0.9600798487663269,0.7929586172103882
YLR328W,YPL023C,0,-2.1484575,0.10819930583238602,0.9600798487663269,0.7930586338043213
YPL024W,YGL040C,0,-2.1496727,0.10818713158369064,0.9600798487663269,0.7931586503982544
YDL014W,YNL176C,0,-2.1516488,0.10817497223615646,0.9600798487663269,0.7932586669921875
YBR098W,YNL076W,0,-2.1521938,0.10816280543804169,0.9600798487663269,0.7933586835861206
YLR223C,YER095W,0,-2.1531248,0.10815064609050751,0.9600798487663269,0.7934587001800537
YBL074C,YIL015W,0,-2.1537223,0.10813848674297333,0.9600798487663269,0.7935587167739868
YNL133C,YBL067C,0,-2.1537986,0.10812633484601974,0.9600798487663269,0.7936587333679199
YOL130W,YPR165W,0,-2.154557,0.10811418294906616,0.9600798487663269,0.793758749961853
YJL212C,YPL088W,0,-2.156571,0.10810203105211258,0.9600798487663269,0.7938587665557861
YCL066W,YLR006C,0,-2.1602306,0.1080898866057396,0.9600798487663269,0.7939587831497192
YGL054C,YKR096W,0,-2.1605966,0.10807774215936661,0.9600798487663269,0.7940587997436523
YDR294C,YPL280W,0,-2.1658509,0.10806560516357422,0.9600798487663269,0.7941588163375854
YKR099W,YBR162W-A,0,-2.1663754,0.10805346816778183,0.9600798487663269,0.7942588329315186
YGL219C,YGR121C,0,-2.1680543,0.10804133117198944,0.9600798487663269,0.7943588495254517
YHR154W,YOR068C,0,-2.1683235,0.10802919417619705,0.9600798487663269,0.7944588661193848
YDR407C,YLR419W,0,-2.168922,0.10801706463098526,0.9600798487663269,0.7945588827133179
YPR101W,YKL032C,0,-2.1745155,0.10800494253635406,0.9600798487663269,0.7946589589118958
YNL229C,YJL210W,0,-2.1762893,0.10799281299114227,0.9600798487663269,0.7947589755058289
YGL093W,YLR284C,0,-2.1768343,0.10798069089651108,0.9600798487663269,0.794858992099762
YDL205C,YDL010W,0,-2.177385,0.10796857625246048,0.9600798487663269,0.7949590086936951
YMR118C,YOR007C,0,-2.1821957,0.10795646160840988,0.9600798487663269,0.7950590252876282
YJL110C,YBL064C,0,-2.1822367,0.10794434696435928,0.9600798487663269,0.7951590418815613
YIL065C,YOR110W,0,-2.1846275,0.10793223232030869,0.9600798487663269,0.7952590584754944
YKL150W,YGR206W,0,-2.188062,0.10792012512683868,0.9600798487663269,0.7953590750694275
YIL038C,YOR130C,0,-2.1955562,0.10790801793336868,0.9600798487663269,0.7954590916633606
YJR113C,YGR017W,0,-2.196825,0.10789591819047928,0.9600798487663269,0.7955591082572937
YDR362C,YHR120W,0,-2.198588,0.10788381844758987,0.9600798487663269,0.7956591248512268
YPL091W,YOR046C,0,-2.1989536,0.10787171870470047,0.9600798487663269,0.7957591414451599
YOR205C,YML038C,0,-2.1994839,0.10785962641239166,0.9600798487663269,0.795859158039093
YLR439W,YLR060W,0,-2.1998088,0.10784753412008286,0.9600798487663269,0.7959591746330261
YOR069W,YIL008W,0,-2.2006726,0.10783544182777405,0.9600798487663269,0.7960591912269592
YJR123W,YPR132W,0,-2.2011507,0.10782335698604584,0.9600798487663269,0.7961592078208923
YLR086W,YDR342C,0,-2.2012749,0.10781127214431763,0.9600798487663269,0.7962592244148254
YKL092C,YML091C,0,-2.2035215,0.10779919475317001,0.9600798487663269,0.7963593006134033
YML081C-A,YGR099W,0,-2.2088265,0.1077871173620224,0.9600798487663269,0.7964593172073364
YHR124W,YHR003C,0,-2.2101128,0.10777503997087479,0.9600798487663269,0.7965593338012695
YFR024C-A,YBR167C,0,-2.2101426,0.10776296257972717,0.9600798487663269,0.7966593503952026
YBR212W,YOL094C,0,-2.2128685,0.10775089263916016,0.9600798487663269,0.7967593669891357
YDR424C,YOR086C,0,-2.2141466,0.10773883014917374,0.9600798487663269,0.7968593835830688
YFL029C,YDR482C,0,-2.2148995,0.10772676020860672,0.9600798487663269,0.796959400177002
YBR018C,YLL028W,0,-2.2157035,0.1077147051692009,0.9600798487663269,0.7970594167709351
YPL020C,YMR030W,0,-2.2177932,0.10770264267921448,0.9600798487663269,0.7971594333648682
YBR087W,YDL018C,0,-2.2180412,0.10769058763980865,0.9600798487663269,0.7972594499588013
YGL253W,YPL283C,0,-2.2185836,0.10767853260040283,0.9600798487663269,0.7973594665527344
YFL026W,YLR450W,0,-2.2194293,0.10766647756099701,0.9600798487663269,0.7974594831466675
YOR048C,YDR123C,0,-2.2195735,0.10765442997217178,0.9600798487663269,0.7975594997406006
YLR369W,YJL042W,0,-2.2202315,0.10764238238334656,0.9600798487663269,0.7976595163345337
YOR258W,YJL125C,0,-2.2211263,0.10763034224510193,0.9600798487663269,0.7977595329284668
YDL014W,YAL001C,0,-2.2232342,0.1076183021068573,0.9600798487663269,0.7978595495223999
YCL054W,YNL218W,0,-2.2236133,0.10760626196861267,0.9600798487663269,0.797959566116333
YBL022C,YOR257W,0,-2.2236676,0.10759422928094864,0.9600798487663269,0.7980595827102661
YNL149C,YBR164C,0,-2.2259567,0.1075821965932846,0.9600798487663269,0.798159658908844
YKL005C,YOR196C,0,-2.2280655,0.10757016390562057,0.9600798487663269,0.7982596755027771
YOR298C-A,YNL186W,0,-2.228382,0.10755813866853714,0.9600798487663269,0.7983596920967102
YPL268W,YKL077W,0,-2.2302072,0.1075461134314537,0.9600798487663269,0.7984597086906433
YKR085C,YCL044C,0,-2.2307913,0.10753409564495087,0.9600798487663269,0.7985597252845764
YKL209C,YOR278W,0,-2.2321694,0.10752207785844803,0.9600798487663269,0.7986597418785095
YLL031C,YDL146W,0,-2.2364247,0.10751006007194519,0.9600798487663269,0.7987597584724426
YHR039C,YIL019W,0,-2.236562,0.10749804228544235,0.9600798487663269,0.7988597750663757
YOL091W,YFL011W,0,-2.2390509,0.10748603194952011,0.9600798487663269,0.7989597916603088
YIL031W,YFR032C-A,0,-2.2416766,0.10747402161359787,0.9600798487663269,0.7990598082542419
YGR227W,YDR482C,0,-2.2456932,0.10746201872825623,0.9600798487663269,0.799159824848175
YKL208W,YPR075C,0,-2.2465737,0.10745001584291458,0.9600798487663269,0.7992598414421082
YDL232W,YDL200C,0,-2.2495327,0.10743801295757294,0.9600798487663269,0.7993598580360413
YJL025W,YML072C,0,-2.250589,0.10742601752281189,0.9600798487663269,0.7994598746299744
YER025W,YBR228W,0,-2.2511878,0.10741402208805084,0.9600798487663269,0.7995598912239075
YDL212W,YDR385W,0,-2.2513814,0.10740203410387039,0.9600798487663269,0.7996599078178406
YJR052W,YNR061C,0,-2.2522008,0.10739004611968994,0.9600798487663269,0.7997599244117737
YJR068W,YJL042W,0,-2.2529325,0.10737805813550949,0.9600798487663269,0.7998600006103516
YLR027C,YEL048C,0,-2.2541196,0.10736607015132904,0.9600798487663269,0.7999600172042847
YLR040C,YNL148C,0,-2.256136,0.10735408961772919,0.9600798487663269,0.8000600337982178
YKL196C,YDR365C,0,-2.2570906,0.10734210908412933,0.9600798487663269,0.8001600503921509
YML009C,YDL103C,0,-2.2577012,0.10733013600111008,0.9600798487663269,0.800260066986084
YER027C,YDL200C,0,-2.2580497,0.10731816291809082,0.9600798487663269,0.8003600835800171
YJL221C,YPL121C,0,-2.2595375,0.10730618983507156,0.9600798487663269,0.8004601001739502
YMR237W,YMR106C,0,-2.2599435,0.1072942242026329,0.9600798487663269,0.8005601167678833
YDR006C,YPR075C,0,-2.2615108,0.10728225857019424,0.9600798487663269,0.8006601333618164
YER161C,YLR277C,0,-2.2622724,0.10727029293775558,0.9600798487663269,0.8007601499557495
YDR392W,YMR238W,1,-2.2643044,0.10736983269453049,0.961077868938446,0.8007601499557495
YNL158W,YHR013C,0,-2.2661314,0.10735785961151123,0.961077868938446,0.8008601665496826
YOR109W,YOL011W,0,-2.2677948,0.10734589397907257,0.961077868938446,0.8009601831436157
YDL190C,YHR207C,0,-2.2679174,0.10733392834663391,0.961077868938446,0.8010601997375488
YGL257C,YJR025C,0,-2.2687085,0.10732196271419525,0.961077868938446,0.8011602163314819
YER086W,YDR372C,0,-2.268876,0.10731000453233719,0.961077868938446,0.801260232925415
YPL030W,YNL082W,0,-2.2689376,0.10729805380105972,0.961077868938446,0.8013602495193481
YGL006W,YML021C,0,-2.2690203,0.10728609561920166,0.961077868938446,0.8014602661132812
YGR284C,YDR071C,0,-2.2708113,0.1072741448879242,0.961077868938446,0.8015602827072144
YPL020C,YIL022W,0,-2.273051,0.10726219415664673,0.961077868938446,0.8016603589057922
YMR162C,YHR194W,0,-2.2739086,0.10725025087594986,0.961077868938446,0.8017603754997253
YGL061C,YAL034W-A,0,-2.277126,0.10723830759525299,0.961077868938446,0.8018603920936584
YKL148C,YCR037C,0,-2.2773566,0.10722636431455612,0.961077868938446,0.8019604086875916
YER045C,YLR216C,0,-2.2788022,0.10721442848443985,0.961077868938446,0.8020604252815247
YDR448W,YIL087C,0,-2.2827,0.10720249265432358,0.961077868938446,0.8021604418754578
YPR037C,YNL301C,0,-2.2830038,0.1071905642747879,0.961077868938446,0.8022604584693909
YBR105C,YMR221C,0,-2.28475,0.10717862844467163,0.961077868938446,0.802360475063324
YPL241C,YGL166W,0,-2.2880177,0.10716670006513596,0.961077868938446,0.8024604916572571
YLR421C,YAR050W,0,-2.2885988,0.10715477913618088,0.961077868938446,0.8025605082511902
YCR077C,YOR234C,0,-2.2896802,0.1071428582072258,0.961077868938446,0.8026605248451233
YPL153C,YMR153W,0,-2.290475,0.10713093727827072,0.961077868938446,0.8027605414390564
YOR298C-A,YNL020C,0,-2.2919886,0.10711902379989624,0.961077868938446,0.8028605580329895
YKL005C,YGR277C,0,-2.2927282,0.10710711032152176,0.961077868938446,0.8029605746269226
YPL209C,YBR133C,0,-2.2933352,0.10709519684314728,0.961077868938446,0.8030605912208557
YDL104C,YKL196C,0,-2.293369,0.1070832833647728,0.961077868938446,0.8031606078147888
YDL191W,YLR172C,0,-2.2938383,0.10707137733697891,0.961077868938446,0.8032606244087219
YPL161C,YDR432W,0,-2.294169,0.10705947875976562,0.961077868938446,0.8033607006072998
YNL180C,YPL269W,0,-2.2959743,0.10704758018255234,0.961077868938446,0.8034607172012329
YJL151C,YNL322C,0,-2.2972298,0.10703568160533905,0.961077868938446,0.803560733795166
YER032W,YFL029C,0,-2.298663,0.10702378302812576,0.961077868938446,0.8036607503890991
YNL272C,YOL110W,0,-2.2991383,0.10701189190149307,0.961077868938446,0.8037607669830322
YER166W,YOR144C,0,-2.299296,0.10700000077486038,0.961077868938446,0.8038607835769653
YDL044C,YLR398C,0,-2.2999632,0.10698810964822769,0.961077868938446,0.8039608001708984
YPL190C,YLR214W,0,-2.3001442,0.1069762259721756,0.961077868938446,0.8040608167648315
YLR411W,YPR145W,0,-2.3002605,0.1069643422961235,0.961077868938446,0.8041608333587646
YNR043W,YJR056C,0,-2.300261,0.10695246607065201,0.961077868938446,0.8042608499526978
YDL214C,YGL168W,0,-2.301248,0.10694058984518051,0.961077868938446,0.8043608665466309
YOR234C,YMR230W,0,-2.3030818,0.10692871361970901,0.961077868938446,0.804460883140564
YOR101W,YOR044W,0,-2.303421,0.10691684484481812,0.961077868938446,0.8045608997344971
YLR061W,YOR253W,0,-2.3037379,0.10690497606992722,0.961077868938446,0.8046609163284302
YCL029C,YGL070C,0,-2.3059454,0.10689310729503632,0.961077868938446,0.8047609329223633
YCR077C,YGR094W,0,-2.306593,0.10688124597072601,0.961077868938446,0.8048609495162964
YBR279W,YNL317W,0,-2.3072205,0.10686938464641571,0.961077868938446,0.8049609661102295
YDL193W,YGR140W,0,-2.308472,0.10685752332210541,0.961077868938446,0.8050609827041626
YBR090C-A,YDR201W,0,-2.3085098,0.1068456694483757,0.961077868938446,0.8051610589027405
YGL040C,YCR018C,0,-2.3104506,0.106833815574646,0.961077868938446,0.8052610754966736
YMR314W,YLR263W,0,-2.312025,0.10682196170091629,0.961077868938446,0.8053610920906067
YMR262W,YBR241C,0,-2.3148127,0.10681011527776718,0.961077868938446,0.8054611086845398
YKL211C,YCR036W,0,-2.3151727,0.10679826885461807,0.961077868938446,0.8055611252784729
YDL106C,YHR216W,0,-2.3152633,0.10678642988204956,0.961077868938446,0.805661141872406
YOR330C,YLR068W,0,-2.3161705,0.10677458345890045,0.961077868938446,0.8057611584663391
YDR379W,YDL101C,0,-2.3163257,0.10676275193691254,0.961077868938446,0.8058611750602722
YGL205W,YMR307W,0,-2.316574,0.10675091296434402,0.961077868938446,0.8059611916542053
YEL013W,YBR239C,0,-2.3167665,0.10673908144235611,0.961077868938446,0.8060612082481384
YCR035C,YDL060W,0,-2.3169212,0.1067272499203682,0.961077868938446,0.8061612248420715
YGR013W,YDL223C,0,-2.3184114,0.10671542584896088,0.961077868938446,0.8062612414360046
YCL017C,YDR311W,0,-2.3265982,0.10670360177755356,0.961077868938446,0.8063612580299377
YJL136C,YBL072C,0,-2.327252,0.10669177770614624,0.961077868938446,0.8064612746238708
YEL018W,YBR231C,0,-2.3278162,0.10667996108531952,0.961077868938446,0.806561291217804
YML081C-A,YPL020C,0,-2.328308,0.1066681444644928,0.961077868938446,0.8066613078117371
YKL109W,YPR025C,0,-2.334573,0.10665632784366608,0.961077868938446,0.8067613244056702
YCL019W,YLR121C,0,-2.3357944,0.10664451867341995,0.961077868938446,0.806861400604248
YIL049W,YGL201C,0,-2.3394933,0.10663270950317383,0.961077868938446,0.8069614171981812
YHR011W,YDR116C,0,-2.3408108,0.1066209003329277,0.961077868938446,0.8070614337921143
YHR080C,YMR197C,0,-2.3432105,0.10660909861326218,0.961077868938446,0.8071614503860474
YJL089W,YHR104W,0,-2.3442311,0.10659729689359665,0.961077868938446,0.8072614669799805
YDR317W,YML110C,0,-2.3512652,0.10658550262451172,0.961077868938446,0.8073614835739136
YKR045C,YNL159C,0,-2.3518004,0.10657370835542679,0.961077868938446,0.8074615001678467
YNL079C,YMR238W,1,-2.3538072,0.10667257010936737,0.9620758295059204,0.8074615001678467
YHR187W,YNL065W,0,-2.355661,0.10666076838970184,0.9620758295059204,0.8075615167617798
YNL046W,YOL065C,0,-2.3582807,0.10664896667003632,0.9620758295059204,0.8076615333557129
YPL141C,YGL055W,0,-2.366963,0.10663716495037079,0.9620758295059204,0.807761549949646
YPL248C,YDR242W,0,-2.36813,0.10662537068128586,0.9620758295059204,0.8078615665435791
YJR019C,YBR023C,0,-2.3693755,0.10661358386278152,0.9620758295059204,0.8079615831375122
YML009C,YDL138W,0,-2.3731298,0.1066017895936966,0.9620758295059204,0.8080615997314453
YGL054C,YBR091C,0,-2.3737423,0.10659000277519226,0.9620758295059204,0.8081616163253784
YOR067C,YML016C,0,-2.3746438,0.10657822340726852,0.9620758295059204,0.8082616329193115
YGR278W,YGL155W,0,-2.376791,0.10656643658876419,0.9620758295059204,0.8083616495132446
YNL149C,YPR122W,0,-2.3769746,0.10655465722084045,0.9620758295059204,0.8084616661071777
YNL081C,YHR122W,0,-2.379476,0.10654288530349731,0.9620758295059204,0.8085616827011108
YLL015W,YDR162C,0,-2.3796449,0.10653110593557358,0.9620758295059204,0.8086617588996887
YER081W,YNL099C,0,-2.380475,0.10651933401823044,0.9620758295059204,0.8087617754936218
YNL308C,YGR096W,0,-2.3820014,0.1065075695514679,0.9620758295059204,0.8088617920875549
YDR204W,YDL144C,0,-2.3878207,0.10649580508470535,0.9620758295059204,0.808961808681488
YLR431C,YKL069W,0,-2.3893619,0.10648404061794281,0.9620758295059204,0.8090618252754211
YJR067C,YML016C,0,-2.3946404,0.10647227615118027,0.9620758295059204,0.8091618418693542
YJR025C,YLR234W,0,-2.3948343,0.10646051913499832,0.9620758295059204,0.8092618584632874
YKR022C,YAR009C,0,-2.3949852,0.10644876211881638,0.9620758295059204,0.8093618750572205
YHL006C,YPL214C,0,-2.3954756,0.10643701255321503,0.9620758295059204,0.8094618916511536
YDR289C,YLL001W,0,-2.3968415,0.10642526298761368,0.9620758295059204,0.8095619082450867
YDR427W,YNL012W,0,-2.398742,0.10641351342201233,0.9620758295059204,0.8096619248390198
YOR380W,YLR369W,0,-2.4001198,0.10640176385641098,0.9620758295059204,0.8097619414329529
YHR203C,YKL006W,0,-2.4006088,0.10639002174139023,0.9620758295059204,0.809861958026886
YOR151C,YGR212W,0,-2.401235,0.10637827962636948,0.9620758295059204,0.8099619746208191
YOR326W,YLR102C,0,-2.4017367,0.10636654496192932,0.9620758295059204,0.8100619912147522
YNL079C,YNL298W,1,-2.40308,0.10646513849496841,0.9630738496780396,0.8100619912147522
YOR058C,YGL115W,0,-2.4055657,0.10645338892936707,0.9630738496780396,0.8101620078086853
YKR095W,YDL058W,0,-2.4101868,0.10644164681434631,0.9630738496780396,0.8102620244026184
YOR255W,YMR165C,0,-2.4168704,0.10642991214990616,0.9630738496780396,0.8103621006011963
YGL133W,YOR014W,0,-2.4178686,0.106418177485466,0.9630738496780396,0.8104621171951294
YAL009W,YNL077W,0,-2.4191754,0.10640644282102585,0.9630738496780396,0.8105621337890625
YCR035C,YLL035W,0,-2.4198818,0.1063947081565857,0.9630738496780396,0.8106621503829956
YPR004C,YGR103W,0,-2.4202538,0.10638298094272614,0.9630738496780396,0.8107621669769287
YBL018C,YOR061W,0,-2.426003,0.10637125372886658,0.9630738496780396,0.8108621835708618
YPL176C,YDR266C,0,-2.4260497,0.10635952651500702,0.9630738496780396,0.8109622001647949
YLR439W,YBR003W,0,-2.4276109,0.10634780675172806,0.9630738496780396,0.811062216758728
YHR154W,YKR027W,0,-2.430385,0.1063360869884491,0.9630738496780396,0.8111622333526611
YDL135C,YHR106W,0,-2.4329221,0.10632437467575073,0.9630738496780396,0.8112622499465942
YGL116W,YBR019C,0,-2.4346662,0.10631265491247177,0.9630738496780396,0.8113622665405273
YIL117C,YMR067C,0,-2.435937,0.106300950050354,0.9630738496780396,0.8114622831344604
YMR261C,YMR198W,0,-2.4361866,0.10628923773765564,0.9630738496780396,0.8115622997283936
YNL251C,YFL011W,0,-2.4372926,0.10627753287553787,0.9630738496780396,0.8116623163223267
YGR244C,YPL095C,0,-2.4389505,0.1062658280134201,0.9630738496780396,0.8117623329162598
YGR271C-A,YDR237W,0,-2.4491978,0.10625413060188293,0.9630738496780396,0.8118623495101929
YOR293W,YDR169C,0,-2.4492807,0.10624243319034576,0.9630738496780396,0.811962366104126
YLR438C-A,YMR053C,0,-2.4497955,0.1062307357788086,0.9630738496780396,0.8120623826980591
YOR257W,YCR003W,0,-2.4502895,0.10621904581785202,0.9630738496780396,0.812162458896637
YPL059W,YDR052C,0,-2.4503713,0.10620734840631485,0.9630738496780396,0.8122624754905701
YPR133C,YPL086C,0,-2.450993,0.10619566589593887,0.9630738496780396,0.8123624920845032
YJL001W,YNL221C,0,-2.451282,0.1061839759349823,0.9630738496780396,0.8124625086784363
YBL078C,YCR106W,0,-2.4517899,0.10617229342460632,0.9630738496780396,0.8125625252723694
YDR484W,YPL193W,0,-2.4547548,0.10616061836481094,0.9630738496780396,0.8126625418663025
YDL080C,YIL033C,0,-2.4549482,0.10614893585443497,0.9630738496780396,0.8127625584602356
YMR055C,YGR241C,0,-2.456325,0.10613726079463959,0.9630738496780396,0.8128625750541687
YOR094W,YNL002C,0,-2.4571407,0.1061255931854248,0.9630738496780396,0.8129625916481018
YNL305C,YPL209C,0,-2.4622254,0.10611391812562943,0.9630738496780396,0.8130626082420349
YAL032C,YER048W-A,0,-2.4623258,0.10610225051641464,0.9630738496780396,0.813162624835968
YNR047W,YGR028W,0,-2.4625344,0.10609059035778046,0.9630738496780396,0.8132626414299011
YLR368W,YOR075W,0,-2.4626956,0.10607893019914627,0.9630738496780396,0.8133626580238342
YJR033C,YDL214C,0,-2.4646266,0.10606727004051208,0.9630738496780396,0.8134626746177673
YNL254C,YNL194C,0,-2.4654732,0.1060556098818779,0.9630738496780396,0.8135626912117004
YHL007C,YJL035C,0,-2.4672017,0.10604395717382431,0.9630738496780396,0.8136627078056335
YNR049C,YGL002W,0,-2.4680657,0.10603230446577072,0.9630738496780396,0.8137627243995667
YML101C,YBR127C,0,-2.4684458,0.10602065175771713,0.9630738496780396,0.8138628005981445
YJL047C,YKL150W,0,-2.4684536,0.10600900650024414,0.9630738496780396,0.8139628171920776
YML085C,YER039C,0,-2.468937,0.10599736124277115,0.9630738496780396,0.8140628337860107
YNL148C,YBR040W,0,-2.4693456,0.10598572343587875,0.9630738496780396,0.8141628503799438
YKL120W,YIL031W,0,-2.4702303,0.10597408562898636,0.9630738496780396,0.814262866973877
YIL145C,YGR286C,0,-2.470285,0.10596244782209396,0.9630738496780396,0.8143628835678101
YOL049W,YGR048W,0,-2.4703877,0.10595081001520157,0.9630738496780396,0.8144629001617432
YIL016W,YGR227W,0,-2.4719868,0.10593917965888977,0.9630738496780396,0.8145629167556763
YLR421C,YNL164C,0,-2.4723172,0.10592754930257797,0.9630738496780396,0.8146629333496094
YDR409W,YMR128W,0,-2.472921,0.10591592639684677,0.9630738496780396,0.8147629499435425
YIL136W,YMR135C,0,-2.4730046,0.10590430349111557,0.9630738496780396,0.8148629665374756
YLR096W,YHR205W,0,-2.4745336,0.10589268058538437,0.9630738496780396,0.8149629831314087
YGR090W,YLR439W,0,-2.4770808,0.10588106513023376,0.9630738496780396,0.8150629997253418
YHR133C,YCR086W,0,-2.4777057,0.10586944967508316,0.9630738496780396,0.8151630163192749
YDR216W,YGR133W,0,-2.478209,0.10585783421993256,0.9630738496780396,0.815263032913208
YOR335C,YNR061C,0,-2.4803176,0.10584621876478195,0.9630738496780396,0.8153630495071411
YKL006C-A,YKL056C,0,-2.4815922,0.10583461076021194,0.9630738496780396,0.8154630661010742
YDR267C,YMR202W,0,-2.4828534,0.10582301020622253,0.9630738496780396,0.8155631422996521
YBR070C,YDR441C,0,-2.4829857,0.10581140220165253,0.9630738496780396,0.8156631588935852
YMR009W,YGL070C,0,-2.4857278,0.10579980164766312,0.9630738496780396,0.8157631754875183
YDR330W,YLR037C,0,-2.4866374,0.1057882010936737,0.9630738496780396,0.8158631920814514
YPR114W,YMR121C,0,-2.486703,0.10577660799026489,0.9630738496780396,0.8159632086753845
YLR368W,YML074C,0,-2.4867058,0.10576501488685608,0.9630738496780396,0.8160632252693176
YIR014W,YKL049C,0,-2.487524,0.10575342178344727,0.9630738496780396,0.8161632418632507
YCL030C,YPL236C,0,-2.4881182,0.10574183613061905,0.9630738496780396,0.8162632584571838
YJR093C,YPR103W,0,-2.4909315,0.10573025047779083,0.9630738496780396,0.8163632750511169
YOR201C,YJR123W,0,-2.4935408,0.10571866482496262,0.9630738496780396,0.81646329164505
YPR186C,YOR322C,0,-2.493681,0.105707086622715,0.9630738496780396,0.8165633082389832
YHR201C,YOR290C,0,-2.4949782,0.10569550842046738,0.9630738496780396,0.8166633248329163
YOR124C,YMR163C,0,-2.496562,0.10568393021821976,0.9630738496780396,0.8167633414268494
YKL120W,YHR154W,0,-2.498891,0.10567235946655273,0.9630738496780396,0.8168633580207825
YJR135W-A,YDL123W,0,-2.5012019,0.10566078871488571,0.9630738496780396,0.8169633746147156
YPL076W,YHR070W,0,-2.5015683,0.10564922541379929,0.9630738496780396,0.8170633912086487
YPL010W,YDL194W,0,-2.5026808,0.10563765466213226,0.9630738496780396,0.8171634078025818
YIL150C,YDL243C,0,-2.5028791,0.10562609136104584,0.9630738496780396,0.8172634243965149
YDR347W,YNL300W,0,-2.504709,0.10561453551054001,0.9630738496780396,0.8173635005950928
YDR483W,YNL076W,0,-2.5047588,0.10560297966003418,0.9630738496780396,0.8174635171890259
YPR033C,YOL115W,0,-2.5106463,0.10559142380952835,0.9630738496780396,0.817563533782959
YDR293C,YPL281C,0,-2.5106964,0.10557986795902252,0.9630738496780396,0.8176635503768921
YKL006C-A,YMR188C,0,-2.5125093,0.10556831955909729,0.9630738496780396,0.8177635669708252
YDR127W,YBR204C,0,-2.5133052,0.10555677115917206,0.9630738496780396,0.8178635835647583
YPL220W,YFR004W,0,-2.5137691,0.10554522275924683,0.9630738496780396,0.8179636001586914
YLL032C,YDR227W,0,-2.5143628,0.10553368180990219,0.9630738496780396,0.8180636167526245
YBL022C,YHR023W,0,-2.5150476,0.10552214086055756,0.9630738496780396,0.8181636333465576
YOL049W,YKR048C,0,-2.5160527,0.10551060736179352,0.9630738496780396,0.8182636499404907
YKR080W,YIL156W,0,-2.5161793,0.10549907386302948,0.9630738496780396,0.8183636665344238
YBR077C,YGR005C,0,-2.5170906,0.10548754036426544,0.9630738496780396,0.8184636831283569
YHR124W,YDR139C,0,-2.517604,0.1054760068655014,0.9630738496780396,0.81856369972229
YOR293W,YDL136W,0,-2.517801,0.10546448081731796,0.9630738496780396,0.8186637163162231
YDL188C,YIL121W,0,-2.5181332,0.10545295476913452,0.9630738496780396,0.8187637329101562
YOL001W,YOR065W,0,-2.519302,0.10544143617153168,0.9630738496780396,0.8188637495040894
YGR138C,YLR132C,0,-2.5202446,0.10542991012334824,0.9630738496780396,0.8189637660980225
YDR343C,YER109C,0,-2.5210161,0.10541839897632599,0.9630738496780396,0.8190638422966003
YOL100W,YOR115C,0,-2.521028,0.10540688037872314,0.9630738496780396,0.8191638588905334
YKR077W,YOR043W,0,-2.5234427,0.1053953692317009,0.9630738496780396,0.8192638754844666
YCR048W,YBR302C,0,-2.5242856,0.10538385808467865,0.9630738496780396,0.8193638920783997
YMR158W,YBR291C,0,-2.5278206,0.105372354388237,0.9630738496780396,0.8194639086723328
YCL064C,YKL139W,0,-2.529436,0.10536085069179535,0.9630738496780396,0.8195639252662659
YLR377C,YGR292W,0,-2.532599,0.1053493469953537,0.9630738496780396,0.819663941860199
YER086W,YKL045W,0,-2.532952,0.10533784329891205,0.9630738496780396,0.8197639584541321
YPR133C,YKR045C,0,-2.5335577,0.105326347053051,0.9630738496780396,0.8198639750480652
YIL067C,YNL021W,0,-2.5345273,0.10531485080718994,0.9630738496780396,0.8199639916419983
YBR198C,YDL137W,0,-2.5398033,0.10530336201190948,0.9630738496780396,0.8200640082359314
YKR075C,YBR112C,0,-2.5405,0.10529187321662903,0.9630738496780396,0.8201640248298645
YOR245C,YGR030C,0,-2.5406463,0.10528038442134857,0.9630738496780396,0.8202640414237976
YOL133W,YNL256W,0,-2.5436592,0.10526889562606812,0.9630738496780396,0.8203640580177307
YJL100W,YOL123W,0,-2.544135,0.10525741428136826,0.9630738496780396,0.8204640746116638
YLR100W,YNL300W,0,-2.54556,0.10524594038724899,0.9630738496780396,0.8205640912055969
YIL005W,YOL060C,0,-2.5464523,0.10523445904254913,0.9630738496780396,0.82066410779953
YIL040W,YCL061C,0,-2.5499203,0.10522298514842987,0.9630738496780396,0.8207641243934631
YNR052C,YMR076C,0,-2.5527196,0.10521151125431061,0.9630738496780396,0.820864200592041
YMR156C,YER029C,0,-2.553235,0.10520004481077194,0.9630738496780396,0.8209642171859741
YDR294C,YDR202C,0,-2.5535135,0.10518857836723328,0.9630738496780396,0.8210642337799072
YKL139W,YNR008W,0,-2.554195,0.10517711192369461,0.9630738496780396,0.8211642503738403
YOR179C,YBR280C,0,-2.5551643,0.10516565293073654,0.9630738496780396,0.8212642669677734
YKL114C,YHR214W,0,-2.5553446,0.10515418648719788,0.9630738496780396,0.8213642835617065
YML001W,YNL146W,0,-2.5558658,0.1051427349448204,0.9630738496780396,0.8214643001556396
YOL097C,YDR007W,0,-2.5566797,0.10513127595186234,0.9630738496780396,0.8215643167495728
YGL150C,YPL143W,0,-2.557948,0.10511982440948486,0.9630738496780396,0.8216643333435059
YDL006W,YOR044W,0,-2.5579813,0.10510837286710739,0.9630738496780396,0.821764349937439
YCL010C,YPR168W,0,-2.558228,0.10509692877531052,0.9630738496780396,0.8218643665313721
YDR065W,YEL047C,0,-2.5592635,0.10508548468351364,0.9630738496780396,0.8219643831253052
YDR100W,YPL249C,0,-2.5593219,0.10507404059171677,0.9630738496780396,0.8220643997192383
YNR039C,YDR323C,0,-2.5605474,0.10506260395050049,0.9630738496780396,0.8221644163131714
YKL051W,YJR054W,0,-2.5655327,0.10505116730928421,0.9630738496780396,0.8222644329071045
YBR235W,YDR228C,0,-2.566575,0.10503973066806793,0.9630738496780396,0.8223644495010376
YDR311W,YDR069C,0,-2.5667834,0.10502830147743225,0.9630738496780396,0.8224644660949707
YDR280W,YDL153C,0,-2.5679305,0.10501686483621597,0.9630738496780396,0.8225645422935486
YPL248C,YMR197C,0,-2.5739908,0.10500544309616089,0.9630738496780396,0.8226645588874817
YGL136C,YLR297W,0,-2.5752196,0.10499401390552521,0.9630738496780396,0.8227645754814148
YML001W,YNL315C,0,-2.575747,0.10498259216547012,0.9630738496780396,0.8228645920753479
YDL101C,YEL064C,0,-2.577706,0.10497117042541504,0.9630738496780396,0.822964608669281
YBR201W,YOR034C,0,-2.57972,0.10495975613594055,0.9630738496780396,0.8230646252632141
YBL006C,YOL051W,0,-2.5824668,0.10494834184646606,0.9630738496780396,0.8231646418571472
YNL278W,YLL035W,0,-2.5831053,0.10493692755699158,0.9630738496780396,0.8232646584510803
YKL039W,YBR121C,0,-2.5837657,0.10492552071809769,0.9630738496780396,0.8233646750450134
YGR059W,YBR302C,0,-2.5839167,0.1049141138792038,0.9630738496780396,0.8234646916389465
YGL012W,YOR253W,0,-2.5886872,0.1049027070403099,0.9630738496780396,0.8235647082328796
YNR049C,YDL110C,0,-2.5899887,0.10489130765199661,0.9630738496780396,0.8236647248268127
YER042W,YDR407C,0,-2.5927145,0.10487990081310272,0.9630738496780396,0.8237647414207458
YPR004C,YGL107C,0,-2.597222,0.10486850887537003,0.9630738496780396,0.823864758014679
YPR100W,YOR005C,0,-2.5974448,0.10485710948705673,0.9630738496780396,0.8239647746086121
YJL198W,YOR144C,0,-2.598823,0.10484571754932404,0.9630738496780396,0.8240647912025452
YML009C,YDL110C,0,-2.5989704,0.10483432561159134,0.9630738496780396,0.8241648077964783
YBL035C,YPL022W,0,-2.5994105,0.10482294112443924,0.9630738496780396,0.8242648243904114
YLR357W,YLR372W,0,-2.5995955,0.10481155663728714,0.9630738496780396,0.8243649005889893
YOL027C,YGL107C,0,-2.5998218,0.10480017215013504,0.9630738496780396,0.8244649171829224
YDL231C,YPR188C,0,-2.600545,0.10478879511356354,0.9630738496780396,0.8245649337768555
YLL016W,YLR367W,0,-2.6049988,0.10477741807699203,0.9630738496780396,0.8246649503707886
YML001W,YDL007W,0,-2.606309,0.10476604104042053,0.9630738496780396,0.8247649669647217
YNL128W,YNL077W,0,-2.607068,0.10475467145442963,0.9630738496780396,0.8248649835586548
YBR158W,YDL051W,0,-2.6082065,0.10474329441785812,0.9630738496780396,0.8249650001525879
YDR307W,YEL017C-A,0,-2.6098442,0.10473193228244781,0.9630738496780396,0.825065016746521
YOR242C,YBR079C,0,-2.6108344,0.10472056269645691,0.9630738496780396,0.8251650333404541
YBR198C,YER014W,0,-2.6113944,0.1047092005610466,0.9630738496780396,0.8252650499343872
YDR464W,YBR004C,0,-2.6156216,0.10469783842563629,0.9630738496780396,0.8253650665283203
YDR462W,YPR057W,0,-2.6164684,0.10468648374080658,0.9630738496780396,0.8254650831222534
YMR045C,YJL091C,0,-2.6176388,0.10467512905597687,0.9630738496780396,0.8255650997161865
YKL220C,YJR054W,0,-2.618154,0.10466377437114716,0.9630738496780396,0.8256651163101196
YGR123C,YLR001C,0,-2.6249874,0.10465242713689804,0.9630738496780396,0.8257651329040527
YPR019W,YPL040C,0,-2.6256664,0.10464107245206833,0.9630738496780396,0.8258651494979858
YPR155C,YOR358W,0,-2.626398,0.10462973266839981,0.9630738496780396,0.825965166091919
YNL123W,YBR065C,0,-2.628656,0.1046183854341507,0.9630738496780396,0.8260652422904968
YAL003W,YIR023W,0,-2.632485,0.10460704565048218,0.9630738496780396,0.8261652588844299
YGR067C,YMR024W,0,-2.634912,0.10459570586681366,0.9630738496780396,0.826265275478363
YCR096C,YGR220C,0,-2.6372669,0.10458437353372574,0.9630738496780396,0.8263652920722961
YDR367W,YJR067C,0,-2.6380002,0.10457304120063782,0.9630738496780396,0.8264653086662292
YGR220C,YPR124W,0,-2.6382298,0.1045617088675499,0.9630738496780396,0.8265653252601624
YDR188W,YGL127C,0,-2.638354,0.10455037653446198,0.9630738496780396,0.8266653418540955
YLR299W,YLR100W,0,-2.6388912,0.10453905165195465,0.9630738496780396,0.8267653584480286
YPL253C,YOR019W,0,-2.6402905,0.10452772676944733,0.9630738496780396,0.8268653750419617
YNL154C,YLR406C,0,-2.645004,0.1045164093375206,0.9630738496780396,0.8269653916358948
YFR005C,YEL003W,0,-2.6457877,0.10450509190559387,0.9630738496780396,0.8270654082298279
YNL330C,YKL034W,0,-2.6462073,0.10449377447366714,0.9630738496780396,0.827165424823761
YKR050W,YJL094C,0,-2.6466775,0.10448245704174042,0.9630738496780396,0.8272654414176941
YNL183C,YDR147W,0,-2.647078,0.10447114706039429,0.9630738496780396,0.8273654580116272
YER051W,YDR219C,0,-2.6476068,0.10445983707904816,0.9630738496780396,0.8274654746055603
YNR054C,YBR188C,0,-2.6546972,0.10444853454828262,0.9630738496780396,0.8275654911994934
YEL026W,YOR017W,0,-2.6577773,0.10443723201751709,0.9630738496780396,0.8276655077934265
YJL111W,YPL121C,0,-2.6605268,0.10442592948675156,0.9630738496780396,0.8277655243873596
YMR139W,YGL201C,0,-2.662333,0.10441462695598602,0.9630738496780396,0.8278656005859375
YKL006C-A,YMR316W,0,-2.6703432,0.10440333187580109,0.9630738496780396,0.8279656171798706
YJR042W,YDL060W,0,-2.671484,0.10439203679561615,0.9630738496780396,0.8280656337738037
YKL018W,YNL036W,0,-2.6759791,0.10438074916601181,0.9630738496780396,0.8281656503677368
YBL050W,YNL214W,0,-2.6793296,0.10436945408582687,0.9630738496780396,0.8282656669616699
YFL009W,YCR018C,0,-2.6818523,0.10435817390680313,0.9630738496780396,0.828365683555603
YDR098C,YLR435W,0,-2.6831245,0.10434688627719879,0.9630738496780396,0.8284657001495361
YPL022W,YJR016C,0,-2.6846282,0.10433560609817505,0.9630738496780396,0.8285657167434692
YHR031C,YLR308W,0,-2.6856856,0.1043243259191513,0.9630738496780396,0.8286657333374023
YLR423C,YDL161W,0,-2.687186,0.10431304574012756,0.9630738496780396,0.8287657499313354
YGR217W,YOL152W,0,-2.6874242,0.10430177301168442,0.9630738496780396,0.8288657665252686
YPL226W,YFR032C-A,0,-2.6927226,0.10429050028324127,0.9630738496780396,0.8289657831192017
YDL226C,YKR025W,0,-2.6936915,0.10427922755479813,0.9630738496780396,0.8290657997131348
YHR005C,YML102W,0,-2.6956015,0.10426796227693558,0.9630738496780396,0.8291658163070679
YMR142C,YOL092W,0,-2.6993623,0.10425669699907303,0.9630738496780396,0.829265832901001
YDR247W,YGR029W,0,-2.703115,0.10424543917179108,0.9630738496780396,0.8293658494949341
YNR023W,YER082C,0,-2.7044797,0.10423417389392853,0.9630738496780396,0.8294658660888672
YNL264C,YJL062W,0,-2.7047498,0.10422291606664658,0.9630738496780396,0.8295659422874451
YDR361C,YML025C,0,-2.7081766,0.10421166568994522,0.9630738496780396,0.8296659588813782
YBL103C,YHR045W,0,-2.710798,0.10420040786266327,0.9630738496780396,0.8297659754753113
YNL086W,YEL059C-A,0,-2.7132823,0.10418915748596191,0.9630738496780396,0.8298659920692444
YOR124C,YCR077C,0,-2.717884,0.10417791455984116,0.9630738496780396,0.8299660086631775
YGL137W,YOL156W,0,-2.721848,0.1041666641831398,0.9630738496780396,0.8300660252571106
YFR024C,YNL071W,0,-2.72212,0.10415542125701904,0.9630738496780396,0.8301660418510437
YDR202C,YDL161W,0,-2.7228222,0.10414418578147888,0.9630738496780396,0.8302660584449768
YKR089C,YGL058W,0,-2.725225,0.10413294285535812,0.9630738496780396,0.8303660750389099
YJL121C,YCR035C,0,-2.7252283,0.10412170737981796,0.9630738496780396,0.830466091632843
YJL104W,YDR425W,0,-2.7270942,0.1041104793548584,0.9630738496780396,0.8305661082267761
YMR285C,YMR119W,0,-2.7273796,0.10409924387931824,0.9630738496780396,0.8306661248207092
YCR092C,YNR011C,0,-2.7278652,0.10408801585435867,0.9630738496780396,0.8307661414146423
YER142C,YBL035C,0,-2.7323337,0.10407678782939911,0.9630738496780396,0.8308661580085754
YOR151C,YIR014W,0,-2.732862,0.10406556725502014,0.9630738496780396,0.8309661746025085
YAL025C,YDR422C,0,-2.735124,0.10405434668064117,0.9630738496780396,0.8310661911964417
YDL141W,YDR330W,0,-2.7358627,0.10404312610626221,0.9630738496780396,0.8311662077903748
YDR532C,YIL027C,0,-2.7361557,0.10403191298246384,0.9630738496780396,0.8312662243843079
YCR094W,YBR133C,0,-2.7387586,0.10402069985866547,0.9630738496780396,0.8313663005828857
YAL010C,YHR106W,0,-2.7412238,0.1040094867348671,0.9630738496780396,0.8314663171768188
YCR069W,YMR274C,0,-2.7429037,0.10399827361106873,0.9630738496780396,0.831566333770752
YCR083W,YPR066W,0,-2.7429845,0.10398706793785095,0.9630738496780396,0.8316663503646851
YBR280C,YDR214W,0,-2.744288,0.10397586226463318,0.9630738496780396,0.8317663669586182
YOL122C,YOR086C,0,-2.7448993,0.103964664041996,0.9630738496780396,0.8318663835525513
YCR043C,YKL069W,0,-2.7451448,0.10395346581935883,0.9630738496780396,0.8319664001464844
YOR010C,YGL063W,0,-2.7455754,0.10394226759672165,0.9630738496780396,0.8320664167404175
YPL231W,YJR143C,0,-2.7466097,0.10393106937408447,0.9630738496780396,0.8321664333343506
YDL104C,YPL108W,0,-2.748702,0.1039198786020279,0.9630738496780396,0.8322664499282837
YOL133W,YKL173W,0,-2.7537818,0.10390868782997131,0.9630738496780396,0.8323664665222168
YBR046C,YGL238W,0,-2.7546453,0.10389750450849533,0.9630738496780396,0.8324664831161499
YOR227W,YEL020W-A,0,-2.755498,0.10388631373643875,0.9630738496780396,0.832566499710083
YGL142C,YDL220C,0,-2.7580218,0.10387513786554337,0.9630738496780396,0.8326665163040161
YBR217W,YGR154C,0,-2.7587657,0.10386395454406738,0.9630738496780396,0.8327665328979492
YGR205W,YGL087C,0,-2.7644558,0.103852778673172,0.9630738496780396,0.8328665494918823
YGL123W,YJR129C,0,-2.7645164,0.10384160280227661,0.9630738496780396,0.8329665660858154
YLR427W,YKL033W,0,-2.7652912,0.10383042693138123,0.9630738496780396,0.8330666422843933
YGR208W,YPL144W,0,-2.7656107,0.10381925851106644,0.9630738496780396,0.8331666588783264
YER118C,YGR057C,0,-2.7698026,0.10380809009075165,0.9630738496780396,0.8332666754722595
YDR367W,YDR443C,0,-2.7703862,0.10379692167043686,0.9630738496780396,0.8333666920661926
YNR061C,YLR328W,0,-2.7709136,0.10378576070070267,0.9630738496780396,0.8334667086601257
YEL013W,YPR034W,0,-2.7716556,0.10377459973096848,0.9630738496780396,0.8335667252540588
YMR207C,YDR214W,0,-2.7864962,0.10376343876123428,0.9630738496780396,0.8336667418479919
YJR150C,YDR487C,0,-2.7902281,0.10375228524208069,0.9630738496780396,0.833766758441925
YLR459W,YDR425W,0,-2.79242,0.1037411317229271,0.9630738496780396,0.8338667750358582
YHR110W,YBR193C,0,-2.79253,0.1037299782037735,0.9630738496780396,0.8339667916297913
YCR058C,YNL252C,0,-2.7931514,0.1037188321352005,0.9630738496780396,0.8340668082237244
YLR143W,YPR112C,0,-2.794694,0.1037076860666275,0.9630738496780396,0.8341668248176575
YLR345W,YIL038C,0,-2.7980015,0.1036965399980545,0.9630738496780396,0.8342668414115906
YGR287C,YPR186C,0,-2.7983582,0.1036854013800621,0.9630738496780396,0.8343668580055237
YHR139C,YCL035C,0,-2.8010983,0.1036742553114891,0.9630738496780396,0.8344668745994568
YCR047C,YCL011C,0,-2.8017154,0.1036631241440773,0.9630738496780396,0.8345668911933899
YKR095W,YNL161W,0,-2.8025491,0.1036519855260849,0.9630738496780396,0.834666907787323
YDR003W,YIL105C,0,-2.8053365,0.1036408543586731,0.9630738496780396,0.8347669243812561
YIL157C,YMR233W,0,-2.8076682,0.10362972319126129,0.9630738496780396,0.834867000579834
YGL061C,YHR201C,0,-2.8116555,0.10361859947443008,0.9630738496780396,0.8349670171737671
YDR489W,YDR339C,0,-2.8117554,0.10360747575759888,0.9630738496780396,0.8350670337677002
YDL035C,YER020W,1,-2.812302,0.10370370000600815,0.9640718698501587,0.8350670337677002
YDL018C,YNL002C,0,-2.8128374,0.10369256883859634,0.9640718698501587,0.8351670503616333
YGL156W,YLR424W,0,-2.8163936,0.10368144512176514,0.9640718698501587,0.8352670669555664
YOR117W,YCR044C,0,-2.8182075,0.10367031395435333,0.9640718698501587,0.8353670835494995
YOR027W,YGR057C,0,-2.8197799,0.10365919023752213,0.9640718698501587,0.8354671001434326
YKR105C,YNL328C,0,-2.8222184,0.10364806652069092,0.9640718698501587,0.8355671167373657
YKL163W,YMR088C,0,-2.8238473,0.10363695025444031,0.9640718698501587,0.8356671333312988
YCR069W,YHR201C,0,-2.8258426,0.1036258339881897,0.9640718698501587,0.8357671499252319
YDR267C,YMR113W,0,-2.8312516,0.10361471772193909,0.9640718698501587,0.835867166519165
YEL060C,YLR292C,0,-2.8326294,0.10360360145568848,0.9640718698501587,0.8359671831130981
YBR239C,YLR421C,0,-2.8365269,0.10359249264001846,0.9640718698501587,0.8360671997070312
YGR178C,YGL226W,0,-2.8369007,0.10358138382434845,0.9640718698501587,0.8361672163009644
YCL063W,YHR088W,0,-2.837595,0.10357028245925903,0.9640718698501587,0.8362672328948975
YGR048W,YDL067C,0,-2.8388422,0.10355917364358902,0.9640718698501587,0.8363672494888306
YOR060C,YHR090C,0,-2.841241,0.1035480722784996,0.9640718698501587,0.8364672660827637
YOR080W,YJR137C,0,-2.8420186,0.10353697836399078,0.9640718698501587,0.8365673422813416
YIR037W,YPL177C,0,-2.84215,0.10352588444948196,0.9640718698501587,0.8366673588752747
YBR057C,YPR164W,0,-2.8546493,0.10351479053497314,0.9640718698501587,0.8367673754692078
YMR277W,YER087C-A,0,-2.8548362,0.10350369662046432,0.9640718698501587,0.8368673920631409
YGR184C,YMR183C,0,-2.8550792,0.1034926101565361,0.9640718698501587,0.836967408657074
YOR037W,YOR100C,0,-2.8565202,0.10348152369260788,0.9640718698501587,0.8370674252510071
YLR003C,YDR520C,0,-2.8578475,0.10347043722867966,0.9640718698501587,0.8371674418449402
YPR100W,YNL151C,0,-2.8614001,0.10345935821533203,0.9640718698501587,0.8372674584388733
YGR078C,YCL062W,0,-2.8625474,0.1034482792019844,0.9640718698501587,0.8373674750328064
YPR004C,YHR086W,0,-2.8635535,0.10343720018863678,0.9640718698501587,0.8374674916267395
YLR109W,YOR095C,0,-2.8646717,0.10342612117528915,0.9640718698501587,0.8375675082206726
YGL229C,YHR091C,0,-2.866322,0.10341504961252213,0.9640718698501587,0.8376675248146057
YOR337W,YDL069C,0,-2.8674002,0.1034039855003357,0.9640718698501587,0.8377675414085388
YCR058C,YDL153C,0,-2.8733335,0.10339291393756866,0.9640718698501587,0.8378675580024719
YKL039W,YOR100C,0,-2.878397,0.10338184982538223,0.9640718698501587,0.837967574596405
YHL002W,YGL005C,0,-2.880752,0.1033707857131958,0.9640718698501587,0.8380675911903381
YGR123C,YKL011C,0,-2.8821802,0.10335972905158997,0.9640718698501587,0.8381676077842712
YMR030W,YIL120W,0,-2.882402,0.10334866493940353,0.9640718698501587,0.8382676243782043
YGL179C,YDL222C,0,-2.8840492,0.1033376157283783,0.9640718698501587,0.8383677005767822
YDL136W,YOR202W,0,-2.890511,0.10332655906677246,0.9640718698501587,0.8384677171707153
YHR046C,YOR063W,0,-2.897161,0.10331550985574722,0.9640718698501587,0.8385677337646484
YLR370C,YER048W-A,0,-2.8994098,0.10330446064472198,0.9640718698501587,0.8386677503585815
YPL091W,YOR129C,0,-2.900419,0.10329341143369675,0.9640718698501587,0.8387677669525146
YGR223C,YPL152W,0,-2.9082313,0.1032823696732521,0.9640718698501587,0.8388677835464478
YHR201C,YDR408C,0,-2.909823,0.10327132791280746,0.9640718698501587,0.8389678001403809
YBR091C,YLR260W,0,-2.9138258,0.10326028615236282,0.9640718698501587,0.839067816734314
YHR112C,YJL008C,0,-2.9141479,0.10324925184249878,0.9640718698501587,0.8391678333282471
YJL046W,YOR375C,0,-2.9214096,0.10323821753263474,0.9640718698501587,0.8392678499221802
YBL078C,YMR022W,0,-2.9217196,0.10322718322277069,0.9640718698501587,0.8393678665161133
YAL068C,YGR148C,0,-2.922033,0.10321615636348724,0.9640718698501587,0.8394678831100464
YNL142W,YLL054C,0,-2.9261055,0.1032051295042038,0.9640718698501587,0.8395678997039795
YCR068W,YPR183W,0,-2.928564,0.10319410264492035,0.9640718698501587,0.8396679162979126
YDR397C,YPL181W,0,-2.9345467,0.1031830832362175,0.9640718698501587,0.8397679328918457
YDR315C,YLR135W,0,-2.9348488,0.10317206382751465,0.9640718698501587,0.8398679494857788
YJR147W,YDL035C,1,-2.9359114,0.10326783359050751,0.9650698900222778,0.8398679494857788
YMR311C,YPR168W,0,-2.9371998,0.10325680673122406,0.9650698900222778,0.8399679660797119
YDR213W,YIL096C,0,-2.9373755,0.10324577987194061,0.9650698900222778,0.8400680422782898
YPR107C,YNL113W,0,-2.9426193,0.10323476046323776,0.9650698900222778,0.8401680588722229
YOR207C,YNL096C,0,-2.9430842,0.10322374105453491,0.9650698900222778,0.840268075466156
YDL150W,YIL109C,0,-2.9465616,0.10321272164583206,0.9650698900222778,0.8403680920600891
YGL251C,YDL030W,0,-2.9491096,0.10320170968770981,0.9650698900222778,0.8404681086540222
YML037C,YLR237W,0,-2.9507568,0.10319069772958755,0.9650698900222778,0.8405681252479553
YER082C,YNL291C,0,-2.9532127,0.1031796857714653,0.9650698900222778,0.8406681418418884
YBL014C,YPL143W,0,-2.9598134,0.10316867381334305,0.9650698900222778,0.8407681584358215
YLR435W,YPL177C,0,-2.9641082,0.10315766930580139,0.9650698900222778,0.8408681750297546
YPL254W,YFR034C,0,-2.9650106,0.10314666479825974,0.9650698900222778,0.8409681916236877
YML106W,YIL110W,0,-2.965133,0.10313566774129868,0.9650698900222778,0.8410682082176208
YER143W,YDL181W,0,-2.9665775,0.10312466323375702,0.9650698900222778,0.841168224811554
YLR318W,YPL019C,0,-2.9748,0.10311367362737656,0.9650698900222778,0.8412682414054871
YDR075W,YML076C,0,-2.9769335,0.1031026765704155,0.9650698900222778,0.8413682579994202
YDL122W,YKL079W,0,-2.9775212,0.10309168696403503,0.9650698900222778,0.8414682745933533
YOR374W,YDR214W,0,-2.977881,0.10308069735765457,0.9650698900222778,0.8415682911872864
YLR027C,YGL178W,0,-2.9801764,0.10306970775127411,0.9650698900222778,0.8416683077812195
YNR032C-A,YKL173W,0,-2.9801974,0.10305872559547424,0.9650698900222778,0.8417683243751526
YIL052C,YLR084C,0,-2.9819634,0.10304774343967438,0.9650698900222778,0.8418684005737305
YLR119W,YNL299W,0,-2.9832242,0.10303676128387451,0.9650698900222778,0.8419684171676636
YFR009W,YIL040W,0,-2.9843128,0.10302578657865524,0.9650698900222778,0.8420684337615967
YLR353W,YBR066C,1,-2.9850106,0.10312134027481079,0.9660678505897522,0.8420684337615967
YKL120W,YER148W,0,-2.9910734,0.10311035066843033,0.9660678505897522,0.8421684503555298
YOR178C,YHR150W,0,-2.991117,0.10309936851263046,0.9660678505897522,0.8422684669494629
YJL096W,YEL044W,0,-2.991776,0.1030883938074112,0.9660678505897522,0.842368483543396
YGL121C,YJL013C,0,-2.9977245,0.10307741165161133,0.9660678505897522,0.8424685001373291
YDR534C,YML029W,0,-3.0002425,0.10306643694639206,0.9660678505897522,0.8425685167312622
YLR406C,YGR227W,0,-3.0108256,0.10305546969175339,0.9660678505897522,0.8426685333251953
YLR128W,YNL020C,0,-3.014718,0.10304449498653412,0.9660678505897522,0.8427685499191284
YDR430C,YPL231W,0,-3.0246665,0.10303352773189545,0.9660678505897522,0.8428685665130615
YLR312C-B,YMR016C,1,-3.0248036,0.10312899202108383,0.9670658707618713,0.8428685665130615
YLR055C,YPR188C,0,-3.0253391,0.10311801731586456,0.9670658707618713,0.8429685831069946
YOR001W,YGR202C,0,-3.0254302,0.1031070426106453,0.9670658707618713,0.8430685997009277
YLR090W,YGR208W,0,-3.0290403,0.10309607535600662,0.9670658707618713,0.8431686162948608
YHL026C,YIL115C,0,-3.0300822,0.10308510810136795,0.9670658707618713,0.843268632888794
YBR107C,YOR326W,0,-3.0308478,0.10307414084672928,0.9670658707618713,0.843368649482727
YBL088C,YNL137C,0,-3.033161,0.1030631810426712,0.9670658707618713,0.8434686660766602
YBR296C,YJR160C,0,-3.0331779,0.10305221378803253,0.9670658707618713,0.843568742275238
YOR047C,YPL203W,0,-3.033231,0.10304126143455505,0.9670658707618713,0.8436687588691711
YDR412W,YPL270W,0,-3.034356,0.10303030163049698,0.9670658707618713,0.8437687754631042
YMR322C,YDR116C,0,-3.035941,0.1030193492770195,0.9670658707618713,0.8438687920570374
YLL050C,YPL228W,0,-3.0376954,0.10300839692354202,0.9670658707618713,0.8439688086509705
YCR089W,YNL098C,0,-3.0397618,0.10299745202064514,0.9670658707618713,0.8440688252449036
YJL048C,YNL030W,0,-3.0401456,0.10298649966716766,0.9670658707618713,0.8441688418388367
YOR069W,YNL059C,0,-3.0403028,0.10297555476427078,0.9670658707618713,0.8442688584327698
YPR094W,YDR148C,0,-3.044781,0.1029646173119545,0.9670658707618713,0.8443688750267029
YDR407C,YBR154C,0,-3.0473142,0.10295367985963821,0.9670658707618713,0.844468891620636
YDR517W,YDR456W,0,-3.0491652,0.10294274240732193,0.9670658707618713,0.8445689082145691
YDR190C,YOR252W,0,-3.0503879,0.10293180495500565,0.9670658707618713,0.8446689248085022
YJL001W,YIL073C,0,-3.050894,0.10292086750268936,0.9670658707618713,0.8447689414024353
YPL172C,YGR140W,0,-3.0542276,0.10290993750095367,0.9670658707618713,0.8448689579963684
YHR122W,YKR050W,0,-3.0557978,0.10289901494979858,0.9670658707618713,0.8449689745903015
YJL145W,YMR224C,0,-3.0592678,0.1028880849480629,0.9670658707618713,0.8450689911842346
YDL067C,YGR266W,0,-3.0602217,0.1028771623969078,0.9670658707618713,0.8451690077781677
YDR198C,YDL136W,0,-3.061413,0.10286623984575272,0.9670658707618713,0.8452690243721008
YNL242W,YDL184C,0,-3.0678387,0.10285532474517822,0.9670658707618713,0.8453691005706787
YDL099W,YNL029C,0,-3.0708413,0.10284440964460373,0.9670658707618713,0.8454691171646118
YJL138C,YPL088W,0,-3.0792265,0.10283349454402924,0.9670658707618713,0.8455691337585449
YOR319W,YHR178W,0,-3.083003,0.10282257944345474,0.9670658707618713,0.845669150352478
YGL092W,YBR240C,0,-3.0840485,0.10281167179346085,0.9670658707618713,0.8457691669464111
YKL109W,YCR081W,0,-3.0856776,0.10280076414346695,0.9670658707618713,0.8458691835403442
YNL329C,YIL097W,0,-3.086191,0.10278985649347305,0.9670658707618713,0.8459692001342773
YML061C,YKL209C,0,-3.086784,0.10277895629405975,0.9670658707618713,0.8460692167282104
YPR097W,YGR211W,0,-3.0894983,0.10276805609464645,0.9670658707618713,0.8461692333221436
YNL068C,YPL018W,0,-3.0906296,0.10275715589523315,0.9670658707618713,0.8462692499160767
YEL060C,YLR044C,0,-3.09149,0.10274626314640045,0.9670658707618713,0.8463692665100098
YCR096C,YGL090W,0,-3.0955424,0.10273537039756775,0.9670658707618713,0.8464692831039429
YNL149C,YNL129W,0,-3.097268,0.10272447764873505,0.9670658707618713,0.846569299697876
YNL136W,YMR217W,0,-3.1025991,0.10271359235048294,0.9670658707618713,0.8466693162918091
YHL033C,YPL023C,0,-3.103614,0.10270269960165024,0.9670658707618713,0.8467693328857422
YDL141W,YHR031C,0,-3.1043043,0.10269182175397873,0.9670658707618713,0.8468693494796753
YDR478W,YLR061W,0,-3.1093755,0.10268093645572662,0.9670658707618713,0.8469693660736084
YGR157W,YML104C,0,-3.1097934,0.10267005860805511,0.9670658707618713,0.8470694422721863
YOR124C,YKR039W,0,-3.1141086,0.1026591807603836,0.9670658707618713,0.8471694588661194
YML070W,YCR071C,0,-3.114127,0.1026483029127121,0.9670658707618713,0.8472694754600525
YOR244W,YOR257W,0,-3.1191106,0.10263743251562119,0.9670658707618713,0.8473694920539856
YPL161C,YJL121C,0,-3.1198869,0.10262656211853027,0.9670658707618713,0.8474695086479187
YML009C,YDR206W,0,-3.1199117,0.10261569172143936,0.9670658707618713,0.8475695252418518
YDR078C,YER147C,0,-3.1222267,0.10260482877492905,0.9670658707618713,0.8476695418357849
YPL132W,YBL069W,0,-3.1252372,0.10259396582841873,0.9670658707618713,0.847769558429718
YHR088W,YHL020C,0,-3.125423,0.10258310288190842,0.9670658707618713,0.8478695750236511
YPL128C,YOL139C,0,-3.1311269,0.1025722473859787,0.9670658707618713,0.8479695916175842
YFR015C,YDL019C,0,-3.1315084,0.10256139189004898,0.9670658707618713,0.8480696082115173
YGL153W,YPL190C,0,-3.1356497,0.10255053639411926,0.9670658707618713,0.8481696248054504
YLR421C,YNL299W,0,-3.1399221,0.10253968089818954,0.9670658707618713,0.8482696413993835
YOR316C,YJL109C,0,-3.1427,0.10252883285284042,0.9670658707618713,0.8483696579933167
YML012W,YML075C,0,-3.1441777,0.1025179848074913,0.9670658707618713,0.8484696745872498
YDR190C,YDR093W,0,-3.1445735,0.10250714421272278,0.9670658707618713,0.8485696911811829
YDL065C,YLR144C,0,-3.1481547,0.10249629616737366,0.9670658707618713,0.848669707775116
YGR217W,YGR235C,0,-3.1501193,0.10248545557260513,0.9670658707618713,0.8487697243690491
YMR260C,YNL053W,0,-3.1526895,0.1024746224284172,0.9670658707618713,0.848869800567627
YEL051W,YDR495C,0,-3.155523,0.10246378183364868,0.9670658707618713,0.8489698171615601
YPL059W,YDR171W,0,-3.1597233,0.10245294868946075,0.9670658707618713,0.8490698337554932
YBL013W,YER179W,0,-3.1598089,0.10244211554527283,0.9670658707618713,0.8491698503494263
YPR008W,YBL004W,0,-3.1603737,0.1024312898516655,0.9670658707618713,0.8492698669433594
YLR066W,YDL123W,0,-3.1605453,0.10242046415805817,0.9670658707618713,0.8493698835372925
YJL048C,YNL331C,0,-3.1629968,0.10240963846445084,0.9670658707618713,0.8494699001312256
YPL169C,YML008C,0,-3.1635234,0.1023988127708435,0.9670658707618713,0.8495699167251587
YPL268W,YNL036W,0,-3.1642618,0.10238799452781677,0.9670658707618713,0.8496699333190918
YDR362C,YFR055W,0,-3.1666648,0.10237717628479004,0.9670658707618713,0.8497699499130249
YPR023C,YMR110C,0,-3.167654,0.1023663654923439,0.9670658707618713,0.849869966506958
YPR178W,YOR179C,0,-3.1692195,0.10235554724931717,0.9670658707618713,0.8499699831008911
YER060W,YDL064W,0,-3.172912,0.10234473645687103,0.9670658707618713,0.8500699996948242
YNR023W,YOR245C,0,-3.1735373,0.1023339331150055,0.9670658707618713,0.8501700162887573
YKR014C,YDL181W,0,-3.174143,0.10232312232255936,0.9670658707618713,0.8502700328826904
YMR233W,YDL064W,0,-3.177023,0.10231231898069382,0.9670658707618713,0.8503700494766235
YLR336C,YCR063W,0,-3.1789498,0.10230152308940887,0.9670658707618713,0.8504700660705566
YNR046W,YPL138C,0,-3.180935,0.10229071974754333,0.9670658707618713,0.8505701422691345
YBL055C,YHL026C,0,-3.1816947,0.10227992385625839,0.9670658707618713,0.8506701588630676
YPR071W,YHL021C,0,-3.183835,0.10226912796497345,0.9670658707618713,0.8507701754570007
YDL046W,YOL044W,0,-3.187931,0.1022583395242691,0.9670658707618713,0.8508701920509338
YDR532C,YJR161C,0,-3.1906977,0.10224754363298416,0.9670658707618713,0.8509702086448669
YLR032W,YDL168W,0,-3.192907,0.10223675519227982,0.9670658707618713,0.8510702252388
YIR017C,YHR014W,0,-3.195826,0.10222597420215607,0.9670658707618713,0.8511702418327332
YLR174W,YML004C,0,-3.2023606,0.10221519321203232,0.9670658707618713,0.8512702584266663
YER038C,YHL004W,0,-3.203498,0.10220441222190857,0.9670658707618713,0.8513702750205994
YMR021C,YPR107C,0,-3.213964,0.10219363123178482,0.9670658707618713,0.8514702916145325
YDL103C,YIR028W,0,-3.2181487,0.10218285024166107,0.9670658707618713,0.8515703082084656
YCR020C,YGL098W,0,-3.2195141,0.10217207670211792,0.9670658707618713,0.8516703248023987
YPL001W,YML111W,0,-3.2234147,0.10216131061315536,0.9670658707618713,0.8517703413963318
YPL133C,YBR204C,0,-3.2244203,0.10215053707361221,0.9670658707618713,0.8518703579902649
YNR054C,YHR013C,0,-3.2255979,0.10213977098464966,0.9670658707618713,0.851970374584198
YLR027C,YCR044C,0,-3.2322526,0.1021290048956871,0.9670658707618713,0.8520703911781311
YNL138W,YDL159W,1,-3.2337186,0.10222362726926804,0.9680638909339905,0.8520703911781311
YER045C,YGL178W,0,-3.2370687,0.10221285372972488,0.9680638909339905,0.8521704077720642
YGL238W,YJR135W-A,0,-3.2374823,0.10220208764076233,0.9680638909339905,0.8522704243659973
YNL177C,YMR188C,0,-3.2379646,0.10219132155179977,0.9680638909339905,0.8523705005645752
YGR287C,YNL246W,0,-3.2382107,0.10218055546283722,0.9680638909339905,0.8524705171585083
YFR028C,YCR054C,0,-3.2384448,0.10216978937387466,0.9680638909339905,0.8525705337524414
YHR036W,YPL270W,0,-3.2418008,0.1021590307354927,0.9680638909339905,0.8526705503463745
YBR162C,YGR284C,0,-3.2459598,0.10214827209711075,0.9680638909339905,0.8527705669403076
YER147C,YLR262C,0,-3.2524095,0.10213751345872879,0.9680638909339905,0.8528705835342407
YOL051W,YPL072W,0,-3.2524583,0.10212676227092743,0.9680638909339905,0.8529706001281738
YPL159C,YKR099C-A,0,-3.2552857,0.10211601108312607,0.9680638909339905,0.8530706167221069
YFR040W,YER177W,0,-3.2553654,0.10210525989532471,0.9680638909339905,0.85317063331604
YPL187W,YIL122W,0,-3.2576752,0.10209451615810394,0.9680638909339905,0.8532706499099731
YHR079C-A,YOR256C,0,-3.2578034,0.10208377242088318,0.9680638909339905,0.8533706665039062
YLR196W,YAR009C,0,-3.2584412,0.10207302868366241,0.9680638909339905,0.8534706830978394
YBR050C,YGR152C,0,-3.2607772,0.10206229239702225,0.9680638909339905,0.8535706996917725
YOL109W,YNL129W,0,-3.2613645,0.10205154865980148,0.9680638909339905,0.8536707162857056
YER133W,YGR266W,0,-3.261588,0.10204081982374191,0.9680638909339905,0.8537707328796387
YOR141C,YJL204C,0,-3.2627397,0.10203008353710175,0.9680638909339905,0.8538707494735718
YJR050W,YER071C,0,-3.2633986,0.10201935470104218,0.9680638909339905,0.8539707660675049
YJR045C,YDL165W,0,-3.2646117,0.1020086258649826,0.9680638909339905,0.8540708422660828
YPL202C,YDR345C,0,-3.265152,0.10199789702892303,0.9680638909339905,0.8541708588600159
YGL099W,YGR029W,0,-3.2707317,0.10198717564344406,0.9680638909339905,0.854270875453949
YML085C,YJL210W,0,-3.272356,0.10197645425796509,0.9680638909339905,0.8543708920478821
YNL301C,YKL145W,0,-3.275124,0.10196573287248611,0.9680638909339905,0.8544709086418152
YDR153C,YOR036W,0,-3.2753668,0.10195501148700714,0.9680638909339905,0.8545709252357483
YNL188W,YPL124W,0,-3.2763348,0.10194429755210876,0.9680638909339905,0.8546709418296814
YCR016W,YNL151C,0,-3.2801294,0.10193358361721039,0.9680638909339905,0.8547709584236145
YNL024C,YDR212W,0,-3.2818305,0.10192287713289261,0.9680638909339905,0.8548709750175476
YJL133W,YKR053C,0,-3.2832146,0.10191216319799423,0.9680638909339905,0.8549709916114807
YHR197W,YLR288C,0,-3.2844446,0.10190145671367645,0.9680638909339905,0.8550710082054138
YBL040C,YPR003C,0,-3.290666,0.10189075767993927,0.9680638909339905,0.8551710247993469
YGR057C,YBR028C,0,-3.2911005,0.10188005119562149,0.9680638909339905,0.85527104139328
YBR103W,YDR127W,0,-3.2962217,0.10186935216188431,0.9680638909339905,0.8553710579872131
YGL245W,YGR094W,0,-3.2974877,0.10185866057872772,0.9680638909339905,0.8554710745811462
YDR427W,YBR132C,0,-3.298645,0.10184796154499054,0.9680638909339905,0.8555710911750793
YML043C,YMR289W,0,-3.2990053,0.10183726996183395,0.9680638909339905,0.8556711077690125
YDL082W,YPR114W,0,-3.2990966,0.10182657837867737,0.9680638909339905,0.8557711839675903
YDR117C,YIL111W,0,-3.302732,0.10181589424610138,0.9680638909339905,0.8558712005615234
YIL027C,YKR100C,0,-3.303914,0.1018052026629448,0.9680638909339905,0.8559712171554565
YDR111C,YDL093W,0,-3.3057303,0.1017945185303688,0.9680638909339905,0.8560712337493896
YPR020W,YDR163W,0,-3.3057559,0.10178384184837341,0.9680638909339905,0.8561712503433228
YDR184C,YPL036W,0,-3.3072996,0.10177315771579742,0.9680638909339905,0.8562712669372559
YGR203W,YMR230W,0,-3.3092446,0.10176248103380203,0.9680638909339905,0.856371283531189
YBR101C,YDR456W,0,-3.3111498,0.10175181180238724,0.9680638909339905,0.8564713001251221
YNL256W,YGL144C,0,-3.31282,0.10174113512039185,0.9680638909339905,0.8565713167190552
YOR118W,YDR155C,0,-3.3138196,0.10173046588897705,0.9680638909339905,0.8566713333129883
YCL050C,YPR128C,0,-3.3143454,0.10171979665756226,0.9680638909339905,0.8567713499069214
YML029W,YDL161W,0,-3.3182783,0.10170913487672806,0.9680638909339905,0.8568713665008545
YLR188W,YHR148W,0,-3.318393,0.10169846564531326,0.9680638909339905,0.8569713830947876
YCR107W,YOR174W,0,-3.3187938,0.10168781131505966,0.9680638909339905,0.8570713996887207
YNL125C,YBR181C,0,-3.3200152,0.10167714953422546,0.9680638909339905,0.8571714162826538
YML054C,YDL033C,0,-3.3203259,0.10166649520397186,0.9680638909339905,0.8572714328765869
YMR128W,YOR290C,0,-3.3245883,0.10165584087371826,0.9680638909339905,0.85737144947052
YER011W,YOL094C,0,-3.3279161,0.10164518654346466,0.9680638909339905,0.8574714660644531
YOR046C,YER021W,0,-3.3326802,0.10163453221321106,0.9680638909339905,0.857571542263031
YDL103C,YLR266C,0,-3.334998,0.10162388533353806,0.9680638909339905,0.8576715588569641
YOL031C,YBR127C,0,-3.3354173,0.10161323845386505,0.9680638909339905,0.8577715754508972
YKL185W,YGR029W,0,-3.3360267,0.10160259902477264,0.9680638909339905,0.8578715920448303
YPL016W,YLR377C,0,-3.3390362,0.10159195959568024,0.9680638909339905,0.8579716086387634
YGL048C,YOR156C,0,-3.342296,0.10158132016658783,0.9680638909339905,0.8580716252326965
YKR089C,YIL066C,0,-3.343788,0.10157068073749542,0.9680638909339905,0.8581716418266296
YGL150C,YBR057C,0,-3.3446202,0.10156004875898361,0.9680638909339905,0.8582716584205627
YKL010C,YEL059C-A,0,-3.34774,0.1015494167804718,0.9680638909339905,0.8583716750144958
YGR271C-A,YJL041W,0,-3.3525846,0.10153878480195999,0.9680638909339905,0.858471691608429
YPL176C,YOR110W,0,-3.353731,0.10152815282344818,0.9680638909339905,0.8585717082023621
YMR192W,YBR228W,0,-3.3542387,0.10151752829551697,0.9680638909339905,0.8586717247962952
YNL079C,YLR313C,1,-3.3562903,0.10161155462265015,0.9690618515014648,0.8586717247962952
YIL167W,YBL091C,0,-3.359519,0.10160092264413834,0.9690618515014648,0.8587717413902283
YPL178W,YCL048W,0,-3.359684,0.10159029066562653,0.9690618515014648,0.8588717579841614
YFL047W,YLR007W,0,-3.3620372,0.10157966613769531,0.9690618515014648,0.8589717745780945
YDR259C,YOR022C,0,-3.3626802,0.1015690341591835,0.9690618515014648,0.8590717911720276
YMR071C,YLR154C,0,-3.365943,0.10155841708183289,0.9690618515014648,0.8591718077659607
YOL113W,YHL024W,0,-3.370266,0.10154779255390167,0.9690618515014648,0.8592718839645386
YIL019W,YML130C,0,-3.3714092,0.10153717547655106,0.9690618515014648,0.8593719005584717
YDR441C,YLR363C,0,-3.37162,0.10152655839920044,0.9690618515014648,0.8594719171524048
YOL021C,YDR087C,0,-3.373244,0.10151594132184982,0.9690618515014648,0.8595719337463379
YOL152W,YHR143W-A,0,-3.3751833,0.1015053316950798,0.9690618515014648,0.859671950340271
YBR233W-A,YBR245C,0,-3.375953,0.10149472206830978,0.9690618515014648,0.8597719669342041
YNL212W,YEL015W,0,-3.3768609,0.10148411244153976,0.9690618515014648,0.8598719835281372
YER147C,YDR506C,0,-3.3777928,0.10147351026535034,0.9690618515014648,0.8599720001220703
YDR075W,YHR001W-A,0,-3.3824883,0.10146290808916092,0.9690618515014648,0.8600720167160034
YIL062C,YLR240W,0,-3.385818,0.1014523059129715,0.9690618515014648,0.8601720333099365
YML061C,YJL216C,0,-3.3869026,0.10144170373678207,0.9690618515014648,0.8602720499038696
YHR187W,YPL183C,0,-3.3892064,0.10143110901117325,0.9690618515014648,0.8603720664978027
YNR036C,YPL144W,0,-3.3906636,0.10142051428556442,0.9690618515014648,0.8604720830917358
YLR435W,YLL006W,0,-3.390735,0.1014099195599556,0.9690618515014648,0.860572099685669
YLR310C,YPR102C,0,-3.3918543,0.10139933228492737,0.9690618515014648,0.860672116279602
YLR064W,YPL092W,0,-3.394752,0.10138874500989914,0.9690618515014648,0.8607721328735352
YDL143W,YAL012W,0,-3.3958104,0.10137815773487091,0.9690618515014648,0.8608721494674683
YJR060W,YMR022W,0,-3.3969903,0.10136757791042328,0.9690618515014648,0.8609721660614014
YBR034C,YCL001W,0,-3.3984952,0.10135699063539505,0.9690618515014648,0.8610722422599792
YOL157C,YGL205W,0,-3.3999252,0.10134641826152802,0.9690618515014648,0.8611722588539124
YDR078C,YER004W,0,-3.404035,0.10133583843708038,0.9690618515014648,0.8612722754478455
YDR160W,YHR215W,0,-3.4040399,0.10132526606321335,0.9690618515014648,0.8613722920417786
YJL046W,YOR265W,0,-3.411439,0.10131469368934631,0.9690618515014648,0.8614723086357117
YDR292C,YJL148W,0,-3.4116845,0.10130412131547928,0.9690618515014648,0.8615723252296448
YBR049C,YGR215W,0,-3.4118433,0.10129355639219284,0.9690618515014648,0.8616723418235779
YML007W,YDL154W,0,-3.412231,0.1012829840183258,0.9690618515014648,0.861772358417511
YDR145W,YLR260W,0,-3.4140973,0.10127242654561996,0.9690618515014648,0.8618723750114441
YOR360C,YBL084C,0,-3.4162266,0.10126186162233353,0.9690618515014648,0.8619723916053772
YMR278W,YOL096C,0,-3.4193947,0.10125130414962769,0.9690618515014648,0.8620724081993103
YER006W,YNL014W,0,-3.419833,0.10124074667692184,0.9690618515014648,0.8621724247932434
YOR207C,YNL289W,0,-3.4209545,0.101230189204216,0.9690618515014648,0.8622724413871765
YKR096W,YLR039C,0,-3.4232807,0.10121963918209076,0.9690618515014648,0.8623724579811096
YJR015W,YPL028W,0,-3.4240952,0.10120908915996552,0.9690618515014648,0.8624724745750427
YJL096W,YGR234W,0,-3.4256961,0.10119853913784027,0.9690618515014648,0.8625724911689758
YPL224C,YMR053C,0,-3.4265633,0.10118799656629562,0.9690618515014648,0.8626725077629089
YPR134W,YLR181C,0,-3.4294806,0.10117745399475098,0.9690618515014648,0.8627725839614868
YLR419W,YLR409C,0,-3.4335291,0.10116691142320633,0.9690618515014648,0.8628726005554199
YPR101W,YNL311C,0,-3.4344225,0.10115636885166168,0.9690618515014648,0.862972617149353
YDR153C,YLL001W,0,-3.4419138,0.10114583373069763,0.9690618515014648,0.8630726337432861
YAR066W,YML124C,0,-3.442643,0.10113529860973358,0.9690618515014648,0.8631726503372192
YHR114W,YBR293W,0,-3.4493005,0.10112476348876953,0.9690618515014648,0.8632726669311523
YGL124C,YDR387C,0,-3.4522629,0.10111423581838608,0.9690618515014648,0.8633726835250854
YDR156W,YGL201C,0,-3.4529426,0.10110370814800262,0.9690618515014648,0.8634727001190186
YLR368W,YGL013C,0,-3.457004,0.10109318047761917,0.9690618515014648,0.8635727167129517
YGL063W,YLR214W,0,-3.4589267,0.10108266025781631,0.9690618515014648,0.8636727333068848
YIL154C,YDR483W,0,-3.4596257,0.10107213258743286,0.9690618515014648,0.8637727499008179
YGR004W,YLR248W,0,-3.46002,0.10106161236763,0.9690618515014648,0.863872766494751
YPR004C,YGR279C,0,-3.465846,0.10105109959840775,0.9690618515014648,0.8639727830886841
YPR133C,YDR219C,0,-3.4663649,0.10104057937860489,0.9690618515014648,0.8640727996826172
YKL062W,YNL321W,0,-3.4679377,0.10103006660938263,0.9690618515014648,0.8641728162765503
YML054C,YLL042C,0,-3.469572,0.10101956129074097,0.9690618515014648,0.8642728328704834
YDR156W,YGR208W,0,-3.4702983,0.10100904852151871,0.9690618515014648,0.8643728494644165
YPL091W,YJL045W,0,-3.4712,0.10099854320287704,0.9690618515014648,0.8644728660583496
YOL133W,YLR409C,0,-3.4716077,0.10098803788423538,0.9690618515014648,0.8645729422569275
YMR163C,YGR292W,0,-3.4768133,0.10097754001617432,0.9690618515014648,0.8646729588508606
YBR295W,YJR054W,0,-3.479245,0.10096703469753265,0.9690618515014648,0.8647729754447937
YEL020C,YMR217W,0,-3.4801905,0.10095653682947159,0.9690618515014648,0.8648729920387268
YOR391C,YPL010W,0,-3.481022,0.10094604641199112,0.9690618515014648,0.8649730086326599
YDR018C,YDR517W,0,-3.4862313,0.10093554854393005,0.9690618515014648,0.865073025226593
YBR094W,YDL209C,0,-3.487215,0.10092505812644958,0.9690618515014648,0.8651730418205261
YDL099W,YLR035C,0,-3.4875793,0.10091456770896912,0.9690618515014648,0.8652730584144592
YBL099W,YJR035W,0,-3.4920063,0.10090408474206924,0.9690618515014648,0.8653730750083923
YER016W,YJR067C,0,-3.4925754,0.10089360177516937,0.9690618515014648,0.8654730916023254
YER127W,YML046W,0,-3.4925897,0.1008831188082695,0.9690618515014648,0.8655731081962585
YDR244W,YER129W,0,-3.4933994,0.10087263584136963,0.9690618515014648,0.8656731247901917
YGR274C,YMR236W,0,-3.4940696,0.10086216032505035,0.9690618515014648,0.8657731413841248
YOR221C,YLR233C,0,-3.498393,0.10085168480873108,0.9690618515014648,0.8658731579780579
YDR056C,YOR127W,0,-3.5038128,0.1008412092924118,0.9690618515014648,0.865973174571991
YOL125W,YHR032W,0,-3.5053797,0.10083073377609253,0.9690618515014648,0.8660731911659241
YNL229C,YKL017C,0,-3.5063643,0.10082026571035385,0.9690618515014648,0.8661732077598572
YDR384C,YDL105W,0,-3.506965,0.10080979764461517,0.9690618515014648,0.8662732839584351
YIL145C,YJL168C,0,-3.507373,0.10079933702945709,0.9690618515014648,0.8663733005523682
YCL066W,YJL173C,0,-3.507739,0.10078887641429901,0.9690618515014648,0.8664733171463013
YGL006W,YDR540C,0,-3.5099192,0.10077840834856033,0.9690618515014648,0.8665733337402344
YIL036W,YER048W-A,0,-3.5178988,0.10076795518398285,0.9690618515014648,0.8666733503341675
YLR414C,YOR271C,0,-3.5204306,0.10075749456882477,0.9690618515014648,0.8667733669281006
YGR192C,YGR005C,0,-3.5218983,0.10074704140424728,0.9690618515014648,0.8668733835220337
YPL115C,YDL067C,0,-3.522054,0.1007365882396698,0.9690618515014648,0.8669734001159668
YGR121C,YOL149W,0,-3.5244324,0.10072614252567291,0.9690618515014648,0.8670734167098999
YMR198W,YGR047C,0,-3.5273387,0.10071569681167603,0.9690618515014648,0.867173433303833
YKL156W,YFL008W,0,-3.5306702,0.10070525109767914,0.9690618515014648,0.8672734498977661
YDR206W,YOR056C,0,-3.531775,0.10069480538368225,0.9690618515014648,0.8673734664916992
YNR070W,YNL336W,0,-3.5329528,0.10068435966968536,0.9690618515014648,0.8674734830856323
YML024W,YML007W,0,-3.5331013,0.10067392140626907,0.9690618515014648,0.8675734996795654
YOR061W,YNL054W,0,-3.5340147,0.10066349059343338,0.9690618515014648,0.8676735162734985
YML015C,YLR106C,0,-3.5378363,0.10065305233001709,0.9690618515014648,0.8677735328674316
YOR246C,YGL240W,0,-3.5394735,0.1006426215171814,0.9690618515014648,0.8678735494613647
YAL025C,YGR241C,0,-3.539743,0.1006321907043457,0.9690618515014648,0.8679735660552979
YOR116C,YGR208W,0,-3.5416808,0.10062175989151001,0.9690618515014648,0.8680736422538757
YER177W,YER035W,0,-3.5428495,0.10061133652925491,0.9690618515014648,0.8681736588478088
YDR198C,YEL047C,0,-3.542925,0.10060091316699982,0.9690618515014648,0.8682736754417419
YDR107C,YBR299W,0,-3.544233,0.10059048980474472,0.9690618515014648,0.868373692035675
YJL125C,YLR099C,0,-3.545722,0.10058007389307022,0.9690618515014648,0.8684737086296082
YMR314W,YIL158W,0,-3.5459237,0.10056965053081512,0.9690618515014648,0.8685737252235413
YHL047C,YGL013C,0,-3.5521631,0.10055923461914062,0.9690618515014648,0.8686737418174744
YIL007C,YNL240C,0,-3.5526476,0.10054882615804672,0.9690618515014648,0.8687737584114075
YDR255C,YDR342C,0,-3.5564055,0.10053841024637222,0.9690618515014648,0.8688737750053406
YDL204W,YPL206C,0,-3.5622401,0.10052800178527832,0.9690618515014648,0.8689737915992737
YMR015C,YOR049C,0,-3.5622888,0.10051760077476501,0.9690618515014648,0.8690738081932068
YKR003W,YML004C,0,-3.5647151,0.10050719231367111,0.9690618515014648,0.8691738247871399
YCR010C,YPR122W,0,-3.56486,0.1004967913031578,0.9690618515014648,0.869273841381073
YJR145C,YPR032W,0,-3.5669136,0.1004863902926445,0.9690618515014648,0.8693738579750061
YOR319W,YLR324W,0,-3.5702624,0.10047599673271179,0.9690618515014648,0.8694738745689392
YJR102C,YPL032C,0,-3.5724707,0.10046559572219849,0.9690618515014648,0.8695738911628723
YNL115C,YDR365C,0,-3.5735002,0.10045520216226578,0.9690618515014648,0.8696739077568054
YBL022C,YPR082C,0,-3.581874,0.10044480860233307,0.9690618515014648,0.8697739839553833
YAL044C,YLR086W,0,-3.5835981,0.10043442249298096,0.9690618515014648,0.8698740005493164
YOR027W,YNL229C,0,-3.585063,0.10042403638362885,0.9690618515014648,0.8699740171432495
YDR031W,YDL046W,0,-3.585104,0.10041365027427673,0.9690618515014648,0.8700740337371826
YDR406W,YML031W,0,-3.5881853,0.10040326416492462,0.9690618515014648,0.8701740503311157
YDR244W,YPR023C,0,-3.588459,0.1003928855061531,0.9690618515014648,0.8702740669250488
YIL013C,YMR080C,0,-3.5904386,0.10038250684738159,0.9690618515014648,0.8703740835189819
YHR202W,YEL064C,0,-3.5904508,0.10037212818861008,0.9690618515014648,0.870474100112915
YBR279W,YLR194C,0,-3.592483,0.10036175698041916,0.9690618515014648,0.8705741167068481
YDR099W,YBR066C,1,-3.5952487,0.10045473277568817,0.970059871673584,0.8705741167068481
YLL039C,YGR172C,0,-3.5962577,0.10044435411691666,0.970059871673584,0.8706741333007812
YJR056C,YDL019C,0,-3.5995684,0.10043397545814514,0.970059871673584,0.8707741498947144
YHR098C,YGR091W,0,-3.6021636,0.10042359679937363,0.970059871673584,0.8708741664886475
YMR236W,YNL207W,0,-3.6048717,0.10041322559118271,0.970059871673584,0.8709741830825806
YNL224C,YIL043C,0,-3.6059175,0.10040285438299179,0.970059871673584,0.8710741996765137
YDL236W,YBR012W-A,0,-3.609325,0.10039248317480087,0.970059871673584,0.8711742162704468
YCR092C,YGL063W,0,-3.6102538,0.10038211196660995,0.970059871673584,0.8712742328643799
YJL208C,YGR227W,0,-3.61199,0.10037174820899963,0.970059871673584,0.871374249458313
YLR439W,YHR016C,0,-3.6148891,0.10036138445138931,0.970059871673584,0.8714742660522461
YMR184W,YMR106C,0,-3.6164894,0.10035102069377899,0.970059871673584,0.871574342250824
YPR114W,YPL217C,0,-3.617443,0.10034066438674927,0.970059871673584,0.8716743588447571
YER106W,YGL096W,0,-3.6201453,0.10033030807971954,0.970059871673584,0.8717743754386902
YER021W,YGR049W,0,-3.6213918,0.10031995177268982,0.970059871673584,0.8718743920326233
YDR430C,YHL044W,0,-3.6227183,0.1003095954656601,0.970059871673584,0.8719744086265564
YDR036C,YNL134C,0,-3.6237078,0.10029924660921097,0.970059871673584,0.8720744252204895
YNL278W,YGR030C,0,-3.6251302,0.10028889775276184,0.970059871673584,0.8721744418144226
YPR134W,YDR307W,0,-3.626399,0.10027854889631271,0.970059871673584,0.8722744584083557
YLR324W,YLR201C,0,-3.635867,0.10026820749044418,0.970059871673584,0.8723744750022888
YPL204W,YCL069W,0,-3.6377726,0.10025786608457565,0.970059871673584,0.8724744915962219
YDL193W,YHR003C,0,-3.6403472,0.10024752467870712,0.970059871673584,0.872574508190155
YIL008W,YAL012W,0,-3.6554146,0.10023718327283859,0.970059871673584,0.8726745247840881
YOR227W,YMR278W,0,-3.6560616,0.10022684931755066,0.970059871673584,0.8727745413780212
YDR044W,YGR235C,0,-3.658956,0.10021651536226273,0.970059871673584,0.8728745579719543
YJL113W,YJL102W,0,-3.6615067,0.10020618885755539,0.970059871673584,0.8729745745658875
YLR398C,YNR073C,0,-3.6677585,0.10019585490226746,0.970059871673584,0.8730745911598206
YOL041C,YLR318W,0,-3.668005,0.10018552839756012,0.970059871673584,0.8731746077537537
YCR053W,YMR281W,0,-3.6703157,0.10017520189285278,0.970059871673584,0.8732746839523315
YKR067W,YHR037W,0,-3.6717052,0.10016488283872604,0.970059871673584,0.8733747005462646
YDR379W,YDR517W,0,-3.6719246,0.10015455633401871,0.970059871673584,0.8734747171401978
YGL224C,YMR127C,0,-3.672872,0.10014423727989197,0.970059871673584,0.8735747337341309
YER044C,YNR040W,0,-3.672959,0.10013392567634583,0.970059871673584,0.873674750328064
YKR081C,YDR127W,0,-3.6731358,0.10012360662221909,0.970059871673584,0.8737747669219971
YPL183C,YIL016W,0,-3.6746314,0.10011329501867294,0.970059871673584,0.8738747835159302
YER111C,YJR109C,0,-3.676892,0.1001029834151268,0.970059871673584,0.8739748001098633
YNR046W,YDR318W,0,-3.6803808,0.10009267926216125,0.970059871673584,0.8740748167037964
YLR299W,YGR106C,0,-3.680667,0.10008237510919571,0.970059871673584,0.8741748332977295
YJR049C,YEL071W,0,-3.6817842,0.10007207095623016,0.970059871673584,0.8742748498916626
YGR295C,YOR322C,0,-3.682321,0.10006176680326462,0.970059871673584,0.8743748664855957
YNL081C,YBR244W,0,-3.6826272,0.10005147010087967,0.970059871673584,0.8744748830795288
YAR042W,YKL033W,0,-3.6841543,0.10004116594791412,0.970059871673584,0.8745748996734619
YPL211W,YKR027W,0,-3.6871574,0.10003087669610977,0.970059871673584,0.874674916267395
YEL046C,YJR068W,0,-3.6879854,0.10002057999372482,0.970059871673584,0.8747749328613281
YLR086W,YHR076W,0,-3.6887765,0.10001029074192047,0.970059871673584,0.8748749494552612
YKL045W,YBR040W,0,-3.6895487,0.10000000149011612,0.970059871673584,0.8749749660491943
YOR357C,YHR026W,0,-3.6898484,0.09998971223831177,0.970059871673584,0.8750750422477722
YKL012W,YPL202C,0,-3.6923914,0.09997943043708801,0.970059871673584,0.8751750588417053
YLR390W-A,YGR277C,0,-3.6937141,0.09996914863586426,0.970059871673584,0.8752750754356384
YGR026W,YPL123C,0,-3.7001157,0.0999588668346405,0.970059871673584,0.8753750920295715
YBR199W,YEL051W,0,-3.7030463,0.09994858503341675,0.970059871673584,0.8754751086235046
YLR133W,YLR426W,0,-3.7071414,0.09993831068277359,0.970059871673584,0.8755751252174377
YNL180C,YIL009C-A,0,-3.7105465,0.09992803633213043,0.970059871673584,0.8756751418113708
YOR173W,YDR334W,0,-3.7108722,0.09991776198148727,0.970059871673584,0.875775158405304
YBR094W,YML086C,0,-3.7119853,0.09990749508142471,0.970059871673584,0.8758751749992371
YNL152W,YGL038C,0,-3.712624,0.09989722818136215,0.970059871673584,0.8759751915931702
YHR079C-A,YOR265W,0,-3.7157533,0.09988696128129959,0.970059871673584,0.8760752081871033
YLR393W,YMR092C,0,-3.7164123,0.09987669438123703,0.970059871673584,0.8761752247810364
YIR004W,YLR084C,0,-3.717629,0.09986643493175507,0.970059871673584,0.8762752413749695
YDL164C,YHR172W,0,-3.7204003,0.0998561754822731,0.970059871673584,0.8763752579689026
YOR357C,YJL196C,0,-3.7248502,0.09984591603279114,0.970059871673584,0.8764752745628357
YBR208C,YBR180W,0,-3.7278192,0.09983566403388977,0.970059871673584,0.8765752911567688
YNL009W,YGL160W,0,-3.7281864,0.0998254045844078,0.970059871673584,0.8766753077507019
YIR004W,YPR133C,0,-3.7307758,0.09981516003608704,0.970059871673584,0.8767753839492798
YNL270C,YOL021C,0,-3.734818,0.09980490803718567,0.970059871673584,0.8768754005432129
YDR392W,YCR093W,1,-3.735951,0.09989733248949051,0.9710578918457031,0.8768754005432129
YNL183C,YPL018W,0,-3.737601,0.09988707304000854,0.9710578918457031,0.876975417137146
YMR303C,YPL249C,0,-3.7391863,0.09987682104110718,0.9710578918457031,0.8770754337310791
YGR074W,YML086C,0,-3.7411427,0.09986656904220581,0.9710578918457031,0.8771754503250122
YNL316C,YGR005C,0,-3.7412658,0.09985632449388504,0.9710578918457031,0.8772754669189453
YER083C,YOR005C,0,-3.7435775,0.09984607249498367,0.9710578918457031,0.8773754835128784
YOR211C,YJR059W,0,-3.7440925,0.0998358279466629,0.9710578918457031,0.8774755001068115
YLR196W,YLR189C,0,-3.7479725,0.09982559084892273,0.9710578918457031,0.8775755167007446
YOR269W,YML133C,0,-3.7480204,0.09981534630060196,0.9710578918457031,0.8776755332946777
YPL254W,YDR338C,0,-3.7498765,0.09980510920286179,0.9710578918457031,0.8777755498886108
YPL239W,YDR182W,0,-3.7519393,0.09979487210512161,0.9710578918457031,0.877875566482544
YKL040C,YBR298C,0,-3.7555327,0.09978463500738144,0.9710578918457031,0.877975583076477
YDR291W,YDR107C,0,-3.7574875,0.09977440536022186,0.9710578918457031,0.8780755996704102
YIR004W,YLR097C,0,-3.7580543,0.09976417571306229,0.9710578918457031,0.8781756162643433
YFL016C,YJL121C,0,-3.758231,0.09975394606590271,0.9710578918457031,0.8782756328582764
YHR098C,YCL019W,0,-3.7596908,0.09974372386932373,0.9710578918457031,0.8783756494522095
YKL127W,YDR329C,0,-3.7663288,0.09973349422216415,0.9710578918457031,0.8784756660461426
YMR221C,YDR234W,0,-3.7695456,0.09972327202558517,0.9710578918457031,0.8785757422447205
YDR392W,YER118C,1,-3.7712786,0.09981553256511688,0.9720559120178223,0.8785757422447205
YNL086W,YER087C-A,0,-3.7726383,0.0998053103685379,0.9720559120178223,0.8786757588386536
YGL139W,YMR217W,0,-3.7765694,0.09979508072137833,0.9720559120178223,0.8787757754325867
YBL078C,YDR313C,0,-3.7844155,0.09978485852479935,0.9720559120178223,0.8788757920265198
YHR001W,YER083C,0,-3.7850199,0.09977463632822037,0.9720559120178223,0.8789758086204529
YEL020W-A,YJL083W,0,-3.7938173,0.09976441413164139,0.9720559120178223,0.879075825214386
YER048C,YOR018W,0,-3.7957513,0.099754199385643,0.9720559120178223,0.8791758418083191
YNL072W,YBR227C,0,-3.7964091,0.09974398463964462,0.9720559120178223,0.8792758584022522
YKL008C,YDL066W,0,-3.8053799,0.09973376989364624,0.9720559120178223,0.8793758749961853
YEL039C,YGR296W,0,-3.8086753,0.09972356259822845,0.9720559120178223,0.8794758915901184
YLR427W,YLR248W,0,-3.811946,0.09971334785223007,0.9720559120178223,0.8795759081840515
YDL174C,YGL219C,0,-3.8144383,0.09970314055681229,0.9720559120178223,0.8796759247779846
YKL016C,YHR005C,0,-3.8171437,0.0996929407119751,0.9720559120178223,0.8797759413719177
YKL088W,YJL157C,0,-3.8215237,0.09968273341655731,0.9720559120178223,0.8798759579658508
YGL061C,YGL035C,0,-3.8236802,0.09967253357172012,0.9720559120178223,0.8799759745597839
YBR029C,YPR145W,0,-3.8266141,0.09966233372688293,0.9720559120178223,0.880075991153717
YMR260C,YGL255W,0,-3.8308258,0.09965214133262634,0.9720559120178223,0.8801760077476501
YKR061W,YLR027C,0,-3.8311102,0.09964194148778915,0.9720559120178223,0.880276083946228
YDR325W,YPL170W,0,-3.8352675,0.09963174909353256,0.9720559120178223,0.8803761005401611
YLR083C,YNL186W,0,-3.8367865,0.09962156414985657,0.9720559120178223,0.8804761171340942
YPR112C,YNL331C,0,-3.840283,0.09961137175559998,0.9720559120178223,0.8805761337280273
YCR093W,YER109C,1,-3.8415895,0.09970344603061676,0.9730538725852966,0.8805761337280273
YNL339C,YFR030W,0,-3.8416464,0.09969325363636017,0.9730538725852966,0.8806761503219604
YDL046W,YDR270W,0,-3.8422806,0.09968306124210358,0.9730538725852966,0.8807761669158936
YOR131C,YGL005C,0,-3.8563619,0.09967286884784698,0.9730538725852966,0.8808761835098267
YFL005W,YER164W,0,-3.863574,0.0996626764535904,0.9730538725852966,0.8809762001037598
YGR041W,YAR042W,0,-3.8650665,0.0996524915099144,0.9730538725852966,0.8810762166976929
YOL027C,YOR113W,0,-3.8658519,0.0996423065662384,0.9730538725852966,0.881176233291626
YPR047W,YCR020W-B,0,-3.8701372,0.099632129073143,0.9730538725852966,0.8812762498855591
YOR348C,YDR224C,0,-3.8715148,0.09962194412946701,0.9730538725852966,0.8813762664794922
YPR141C,YDR234W,0,-3.8785052,0.09961176663637161,0.9730538725852966,0.8814762830734253
YLR247C,YPR023C,0,-3.8791234,0.09960159659385681,0.9730538725852966,0.8815762996673584
YNR007C,YLR167W,0,-3.8856385,0.09959141910076141,0.9730538725852966,0.8816763162612915
YPL248C,YOR196C,0,-3.8857625,0.09958124905824661,0.9730538725852966,0.8817763328552246
YCL054W,YER112W,0,-3.8900087,0.09957107901573181,0.9730538725852966,0.8818763494491577
YDL012C,YIL154C,0,-3.8906667,0.09956090897321701,0.9730538725852966,0.8819763660430908
YOR368W,YPR057W,0,-3.8910534,0.0995507463812828,0.9730538725852966,0.8820764422416687
YKL035W,YPL026C,0,-3.8928537,0.0995405837893486,0.9730538725852966,0.8821764588356018
YGR217W,YCR070W,0,-3.893112,0.0995304211974144,0.9730538725852966,0.8822764754295349
YOR128C,YDR501W,0,-3.900044,0.0995202586054802,0.9730538725852966,0.882376492023468
YJL183W,YJL091C,0,-3.9000528,0.09951010346412659,0.9730538725852966,0.8824765086174011
YLR324W,YOL068C,0,-3.9003758,0.09949994832277298,0.9730538725852966,0.8825765252113342
YGR014W,YGL157W,0,-3.904157,0.09948979318141937,0.9730538725852966,0.8826765418052673
YPR049C,YDR099W,0,-3.9059708,0.09947964549064636,0.9730538725852966,0.8827765583992004
YDL025C,YGR295C,0,-3.9065135,0.09946949779987335,0.9730538725852966,0.8828765749931335
YER100W,YML107C,0,-3.9105167,0.09945935010910034,0.9730538725852966,0.8829765915870667
YPR096C,YLR378C,0,-3.9154944,0.09944920241832733,0.9730538725852966,0.8830766081809998
YHR046C,YIL053W,0,-3.9159722,0.09943906217813492,0.9730538725852966,0.8831766247749329
YDR051C,YOL119C,0,-3.9214315,0.0994289219379425,0.9730538725852966,0.883276641368866
YML047C,YLR174W,0,-3.9273217,0.09941878169775009,0.9730538725852966,0.8833766579627991
YLR298C,YFR047C,0,-3.9340339,0.09940864890813828,0.9730538725852966,0.8834766745567322
YGL085W,YNL183C,0,-3.936573,0.09939850866794586,0.9730538725852966,0.8835766911506653
YBR035C,YJR054W,0,-3.9402013,0.09938837587833405,0.9730538725852966,0.8836767077445984
YCL067C,YJR109C,0,-3.9424033,0.09937825053930283,0.9730538725852966,0.8837767839431763
YIL073C,YPR168W,0,-3.9500232,0.09936811774969101,0.9730538725852966,0.8838768005371094
YJR102C,YDL222C,0,-3.960909,0.09935799241065979,0.9730538725852966,0.8839768171310425
YCR021C,YGR125W,0,-3.9688902,0.09934786707162857,0.9730538725852966,0.8840768337249756
YPR188C,YIL023C,0,-3.9695907,0.09933774918317795,0.9730538725852966,0.8841768503189087
YKL176C,YGR048W,0,-3.9716887,0.09932763129472733,0.9730538725852966,0.8842768669128418
YDR545W,YBL005W,0,-3.9717069,0.0993175134062767,0.9730538725852966,0.8843768835067749
YOL140W,YGR048W,0,-3.972494,0.09930739551782608,0.9730538725852966,0.884476900100708
YLR417W,YOR009W,0,-3.9747195,0.09929727762937546,0.9730538725852966,0.8845769166946411
YIL085C,YDR354W,0,-3.9759705,0.09928716719150543,0.9730538725852966,0.8846769332885742
YGL078C,YKL052C,0,-3.9840233,0.0992770567536354,0.9730538725852966,0.8847769498825073
YJL109C,YLR369W,0,-3.984983,0.09926695376634598,0.9730538725852966,0.8848769664764404
YML027W,YER060W,0,-3.9886446,0.09925684332847595,0.9730538725852966,0.8849769830703735
YGR158C,YER036C,0,-3.9891317,0.09924674034118652,0.9730538725852966,0.8850769996643066
YOR125C,YOR249C,0,-3.9916887,0.09923664480447769,0.9730538725852966,0.8851770162582397
YFL055W,YJR096W,0,-3.9956079,0.09922654181718826,0.9730538725852966,0.8852770328521729
YOR167C,YDR408C,0,-3.9986658,0.09921644628047943,0.9730538725852966,0.885377049446106
YOL007C,YER170W,0,-4.001794,0.0992063507437706,0.9730538725852966,0.8854770660400391
YGR289C,YIL085C,0,-4.0024486,0.09919625520706177,0.9730538725852966,0.8855771422386169
YJR086W,YHR124W,0,-4.005594,0.09918616712093353,0.9730538725852966,0.88567715883255
YHR092C,YKL034W,0,-4.005898,0.0991760790348053,0.9730538725852966,0.8857771754264832
YDR093W,YGR209C,0,-4.0065756,0.09916599094867706,0.9730538725852966,0.8858771920204163
YLR320W,YHR013C,0,-4.010638,0.09915590286254883,0.9730538725852966,0.8859772086143494
YOL100W,YJR155W,0,-4.013039,0.09914582222700119,0.9730538725852966,0.8860772252082825
YIL016W,YFR003C,0,-4.015327,0.09913574159145355,0.9730538725852966,0.8861772418022156
YCR034W,YML062C,0,-4.0165234,0.09912566095590591,0.9730538725852966,0.8862772583961487
YDL144C,YGR235C,0,-4.0199165,0.09911558032035828,0.9730538725852966,0.8863772749900818
YGL097W,YMR211W,0,-4.0200744,0.09910550713539124,0.9730538725852966,0.8864772915840149
YGL151W,YIR022W,0,-4.0220933,0.0990954339504242,0.9730538725852966,0.886577308177948
YLR381W,YIL051C,0,-4.0229645,0.09908536821603775,0.9730538725852966,0.8866773247718811
YIL110W,YER087C-A,0,-4.02328,0.09907529503107071,0.9730538725852966,0.8867773413658142
YHR021C,YPL019C,0,-4.030631,0.09906522929668427,0.9730538725852966,0.8868773579597473
YJL073W,YKL164C,0,-4.035105,0.09905516356229782,0.9730538725852966,0.8869773745536804
YML121W,YKL035W,0,-4.0358276,0.09904510527849197,0.9730538725852966,0.8870773911476135
YHL036W,YMR004W,0,-4.0358377,0.09903503954410553,0.9730538725852966,0.8871774077415466
YMR287C,YLR193C,0,-4.036723,0.09902498126029968,0.9730538725852966,0.8872774839401245
YIR002C,YOR267C,0,-4.0401473,0.09901493042707443,0.9730538725852966,0.8873775005340576
YGL141W,YDL165W,0,-4.043125,0.09900487214326859,0.9730538725852966,0.8874775171279907
YHL024W,YLR176C,0,-4.043782,0.09899482131004333,0.9730538725852966,0.8875775337219238
YMR079W,YNL094W,0,-4.044854,0.09898477047681808,0.9730538725852966,0.8876775503158569
YOL027C,YLR258W,0,-4.0473156,0.09897472709417343,0.9730538725852966,0.88777756690979
YFR055W,YMR035W,0,-4.0489006,0.09896467626094818,0.9730538725852966,0.8878775835037231
YPL126W,YNL213C,0,-4.0687623,0.09895463287830353,0.9730538725852966,0.8879776000976562
YEL046C,YHR124W,0,-4.0715117,0.09894458949565887,0.9730538725852966,0.8880776166915894
YBR105C,YDR517W,0,-4.0726156,0.09893455356359482,0.9730538725852966,0.8881776332855225
YCR065W,YDR422C,0,-4.0728197,0.09892451018095016,0.9730538725852966,0.8882776498794556
YDR056C,YNL103W,0,-4.081341,0.09891447424888611,0.9730538725852966,0.8883776664733887
YOL092W,YNL113W,0,-4.0837135,0.09890444576740265,0.9730538725852966,0.8884776830673218
YOR339C,YER149C,0,-4.084688,0.09889440983533859,0.9730538725852966,0.8885776996612549
YFR040W,YNL113W,0,-4.090203,0.09888438135385513,0.9730538725852966,0.888677716255188
YAR014C,YMR192W,0,-4.0938044,0.09887435287237167,0.9730538725852966,0.8887777328491211
YNL119W,YLR274W,0,-4.094046,0.09886432439088821,0.9730538725852966,0.8888777494430542
YLL067C,YDL014W,0,-4.0953183,0.09885430335998535,0.9730538725852966,0.8889777660369873
YDR103W,YKL012W,0,-4.096185,0.09884428232908249,0.9730538725852966,0.8890778422355652
YOR284W,YOR009W,0,-4.107304,0.09883426129817963,0.9730538725852966,0.8891778588294983
YDR045C,YPR036W,0,-4.112207,0.09882424771785736,0.9730538725852966,0.8892778754234314
YDL110C,YHR106W,0,-4.1149125,0.0988142266869545,0.9730538725852966,0.8893778920173645
YPL056C,YDR117C,0,-4.116621,0.09880421310663223,0.9730538725852966,0.8894779086112976
YKL216W,YOR076C,0,-4.123963,0.09879420697689056,0.9730538725852966,0.8895779252052307
YPL055C,YDR406W,0,-4.1239667,0.0987841933965683,0.9730538725852966,0.8896779417991638
YLR038C,YOR196C,0,-4.1258636,0.09877418726682663,0.9730538725852966,0.8897779583930969
YPR058W,YGR215W,0,-4.1282477,0.09876418113708496,0.9730538725852966,0.88987797498703
YKL163W,YOR303W,0,-4.129368,0.09875417500734329,0.9730538725852966,0.8899779915809631
YLR306W,YOR256C,0,-4.1300244,0.09874417632818222,0.9730538725852966,0.8900780081748962
YOR320C,YIL034C,0,-4.1318417,0.09873417764902115,0.9730538725852966,0.8901780247688293
YMR309C,YDR377W,0,-4.134408,0.09872417896986008,0.9730538725852966,0.8902780413627625
YGL175C,YJL072C,0,-4.140932,0.0987141877412796,0.9730538725852966,0.8903780579566956
YKL194C,YOR019W,0,-4.142671,0.09870418906211853,0.9730538725852966,0.8904780745506287
YLR077W,YNR001C,0,-4.1437907,0.09869419783353806,0.9730538725852966,0.8905780911445618
YLL009C,YDR395W,0,-4.1450706,0.09868421405553818,0.9730538725852966,0.8906781077384949
YDL123W,YGR235C,0,-4.14624,0.0986742228269577,0.9730538725852966,0.8907781839370728
YIL153W,YLL050C,0,-4.147536,0.09866423904895782,0.9730538725852966,0.8908782005310059
YNL176C,YOL138C,0,-4.1506147,0.09865425527095795,0.9730538725852966,0.890978217124939
YAR015W,YOR171C,0,-4.1627727,0.09864427149295807,0.9730538725852966,0.8910782337188721
YJR109C,YNL159C,0,-4.1653466,0.09863429516553879,0.9730538725852966,0.8911782503128052
YGL243W,YJR094W-A,0,-4.1654353,0.0986243188381195,0.9730538725852966,0.8912782669067383
YLR315W,YNR063W,0,-4.1655655,0.09861434251070023,0.9730538725852966,0.8913782835006714
YDR541C,YIR028W,0,-4.1691613,0.09860436618328094,0.9730538725852966,0.8914783000946045
YJR134C,YHR070W,0,-4.1713448,0.09859439730644226,0.9730538725852966,0.8915783166885376
YCL010C,YCL045C,0,-4.172266,0.09858442842960358,0.9730538725852966,0.8916783332824707
YBL006C,YMR153W,0,-4.1730213,0.09857445955276489,0.9730538725852966,0.8917783498764038
YBR203W,YNL186W,0,-4.174622,0.0985644981265068,0.9730538725852966,0.8918783664703369
YLR061W,YLL001W,0,-4.1770086,0.09855453670024872,0.9730538725852966,0.89197838306427
YML106W,YNL082W,0,-4.178676,0.09854457527399063,0.9730538725852966,0.8920783996582031
YOR205C,YFL056C,0,-4.183489,0.09853461384773254,0.9730538725852966,0.8921784162521362
YNL103W,YMR130W,0,-4.1840825,0.09852465987205505,0.9730538725852966,0.8922784328460693
YPL056C,YJL002C,0,-4.188001,0.09851469844579697,0.9730538725852966,0.8923784494400024
YDL082W,YNR038W,0,-4.1905565,0.09850475192070007,0.9730538725852966,0.8924784660339355
YCR034W,YPR082C,0,-4.2005873,0.09849479794502258,0.9730538725852966,0.8925785422325134
YPL053C,YLL052C,0,-4.202282,0.09848485141992569,0.9730538725852966,0.8926785588264465
YGL128C,YGR065C,0,-4.202334,0.0984749048948288,0.9730538725852966,0.8927785754203796
YIL007C,YNR037C,0,-4.205733,0.0984649583697319,0.9730538725852966,0.8928785920143127
YOR269W,YGL153W,0,-4.206573,0.09845501184463501,0.9730538725852966,0.8929786086082458
YPL089C,YDL108W,0,-4.2151675,0.09844507277011871,0.9730538725852966,0.893078625202179
YHR036W,YPL022W,0,-4.218204,0.09843513369560242,0.9730538725852966,0.8931786417961121
YGL085W,YIL010W,0,-4.2213554,0.09842519462108612,0.9730538725852966,0.8932786583900452
YBL035C,YNL318C,0,-4.221456,0.09841526299715042,0.9730538725852966,0.8933786749839783
YKR097W,YBL061C,0,-4.225767,0.09840533137321472,0.9730538725852966,0.8934786915779114
YGR209C,YDR175C,0,-4.22636,0.09839539974927902,0.9730538725852966,0.8935787081718445
YDL207W,YMR086W,0,-4.2273726,0.09838546812534332,0.9730538725852966,0.8936787247657776
YAR066W,YCR091W,0,-4.2276525,0.09837554395198822,0.9730538725852966,0.8937787413597107
YHR039C,YPL227C,0,-4.232316,0.09836561977863312,0.9730538725852966,0.8938787579536438
YIL014W,YGL161C,0,-4.241763,0.09835569560527802,0.9730538725852966,0.8939787745475769
YKL194C,YNR038W,0,-4.246772,0.09834577143192291,0.9730538725852966,0.89407879114151
YDR317W,YLR405W,0,-4.247675,0.09833585470914841,0.9730538725852966,0.8941788077354431
YDR216W,YJR060W,0,-4.2527537,0.0983259379863739,0.9730538725852966,0.894278883934021
YKL212W,YKR085C,0,-4.2637844,0.0983160212635994,0.9730538725852966,0.8943789005279541
YOR143C,YBR159W,0,-4.2708416,0.09830611199140549,0.9730538725852966,0.8944789171218872
YGL234W,YLR272C,0,-4.2772923,0.09829620271921158,0.9730538725852966,0.8945789337158203
YDR009W,YOR326W,0,-4.279915,0.09828629344701767,0.9730538725852966,0.8946789503097534
YIL136W,YHR165C,0,-4.2817383,0.09827638417482376,0.9730538725852966,0.8947789669036865
YCL017C,YDR506C,0,-4.29169,0.09826647490262985,0.9730538725852966,0.8948789834976196
YGL151W,YDL067C,0,-4.2924337,0.09825657308101654,0.9730538725852966,0.8949790000915527
YJL013C,YJL057C,0,-4.297722,0.09824667125940323,0.9730538725852966,0.8950790166854858
YMR106C,YDL066W,0,-4.300973,0.09823677688837051,0.9730538725852966,0.895179033279419
YLR427W,YLR175W,0,-4.3015747,0.0982268825173378,0.9730538725852966,0.895279049873352
YDL115C,YAL014C,0,-4.303863,0.09821698069572449,0.9730538725852966,0.8953790664672852
YGR295C,YGL191W,0,-4.3074884,0.09820709377527237,0.9730538725852966,0.8954790830612183
YER078C,YOR244W,0,-4.307515,0.09819719940423965,0.9730538725852966,0.8955790996551514
YDR202C,YML078W,0,-4.311294,0.09818731248378754,0.9730538725852966,0.8956791162490845
YLR234W,YHL016C,0,-4.3213334,0.09817742556333542,0.9730538725852966,0.8957791328430176
YJR113C,YPR173C,0,-4.323922,0.0981675386428833,0.9730538725852966,0.8958791494369507
YKR088C,YKR064W,0,-4.3246765,0.09815765917301178,0.9730538725852966,0.8959792256355286
YDR108W,YGR257C,0,-4.327126,0.09814777225255966,0.9730538725852966,0.8960792422294617
YNR037C,YBR244W,0,-4.3284326,0.09813789278268814,0.9730538725852966,0.8961792588233948
YJL099W,YLL016W,0,-4.3293242,0.09812802076339722,0.9730538725852966,0.8962792754173279
YKR014C,YOR267C,0,-4.330615,0.0981181412935257,0.9730538725852966,0.896379292011261
YDR516C,YDR540C,0,-4.3315105,0.09810826927423477,0.9730538725852966,0.8964793086051941
YBR028C,YGR132C,0,-4.3331776,0.09809839725494385,0.9730538725852966,0.8965793251991272
YER020W,YKL125W,0,-4.335001,0.09808853268623352,0.9730538725852966,0.8966793417930603
YDR358W,YOL135C,0,-4.3384748,0.0980786606669426,0.9730538725852966,0.8967793583869934
YBR167C,YKL129C,0,-4.3453093,0.09806879609823227,0.9730538725852966,0.8968793749809265
YHR013C,YOL061W,0,-4.3491616,0.09805893898010254,0.9730538725852966,0.8969793915748596
YPL271W,YPL146C,0,-4.352497,0.09804907441139221,0.9730538725852966,0.8970794081687927
YIL168W,YNL331C,0,-4.3542557,0.09803921729326248,0.9730538725852966,0.8971794247627258
YBR175W,YNL118C,0,-4.363889,0.09802936017513275,0.9730538725852966,0.8972794413566589
YMR263W,YEL004W,0,-4.3721237,0.09801950305700302,0.9730538725852966,0.897379457950592
YGR195W,YLR057W,0,-4.375346,0.09800965338945389,0.9730538725852966,0.8974794745445251
YDR153C,YMR202W,0,-4.378231,0.09799979627132416,0.9730538725852966,0.8975794911384583
YHR081W,YMR211W,0,-4.386121,0.09798994660377502,0.9730538725852966,0.8976795077323914
YGL210W-A,YFL004W,0,-4.388715,0.09798010438680649,0.9730538725852966,0.8977795839309692
YCL033C,YMR016C,0,-4.3888063,0.09797025471925735,0.9730538725852966,0.8978796005249023
YKL125W,YLR118C,0,-4.400066,0.09796041250228882,0.9730538725852966,0.8979796171188354
YNR027W,YCR092C,0,-4.4018517,0.09795057028532028,0.9730538725852966,0.8980796337127686
YLR074C,YAL043C,0,-4.4026585,0.09794073551893234,0.9730538725852966,0.8981796503067017
YML062C,YJL001W,0,-4.407984,0.0979308933019638,0.9730538725852966,0.8982796669006348
YJR118C,YDR520C,0,-4.4104605,0.09792105853557587,0.9730538725852966,0.8983796834945679
YGR048W,YJL164C,0,-4.414034,0.09791122376918793,0.9730538725852966,0.898479700088501
YGR292W,YDR155C,0,-4.414286,0.09790139645338058,0.9730538725852966,0.8985797166824341
YML057W,YCR042C,0,-4.4153867,0.09789156913757324,0.9730538725852966,0.8986797332763672
YHR196W,YOR144C,0,-4.415621,0.0978817418217659,0.9730538725852966,0.8987797498703003
YDR479C,YJR126C,0,-4.4159184,0.09787191450595856,0.9730538725852966,0.8988797664642334
YKL028W,YNR019W,0,-4.4186845,0.09786208719015121,0.9730538725852966,0.8989797830581665
YCR053W,YPR151C,0,-4.41873,0.09785226732492447,0.9730538725852966,0.8990797996520996
YNR027W,YLR196W,0,-4.4190855,0.09784244745969772,0.9730538725852966,0.8991798162460327
YGR129W,YBR160W,0,-4.4216676,0.09783262759447098,0.9730538725852966,0.8992798328399658
YDR430C,YMR217W,0,-4.4302454,0.09782281517982483,0.9730538725852966,0.8993798494338989
YCL038C,YMR125W,0,-4.440613,0.09781300276517868,0.9730538725852966,0.8994799256324768
YJR105W,YDR101C,0,-4.447923,0.09780319035053253,0.9730538725852966,0.8995799422264099
YFR049W,YGL133W,0,-4.448563,0.09779337793588638,0.9730538725852966,0.899679958820343
YER026C,YNR024W,0,-4.4503317,0.09778357297182083,0.9730538725852966,0.8997799754142761
YER095W,YBR152W,0,-4.452992,0.09777376800775528,0.9730538725852966,0.8998799920082092
YKR067W,YKL141W,0,-4.4534197,0.09776396304368973,0.9730538725852966,0.8999800086021423
YBR008C,YPL043W,0,-4.45427,0.09775415807962418,0.9730538725852966,0.9000800251960754
YOR374W,YNR047W,0,-4.455935,0.09774436056613922,0.9730538725852966,0.9001800417900085
YNR024W,YML013W,0,-4.464028,0.09773456305265427,0.9730538725852966,0.9002800583839417
YDR216W,YBR240C,0,-4.467454,0.09772476553916931,0.9730538725852966,0.9003800749778748
YDR313C,YKL209C,0,-4.4697943,0.09771497547626495,0.9730538725852966,0.9004800915718079
YOR192C,YKL010C,0,-4.4772396,0.09770517796278,0.9730538725852966,0.900580108165741
YLR423C,YPR178W,0,-4.477553,0.09769538789987564,0.9730538725852966,0.9006801247596741
YIL074C,YLR045C,0,-4.4799623,0.09768560528755188,0.9730538725852966,0.9007801413536072
YLR312C-B,YLR353W,1,-4.481732,0.09777599573135376,0.9740518927574158,0.9007801413536072
YDR427W,YIL007C,0,-4.4834375,0.0977662056684494,0.9740518927574158,0.9008801579475403
YOL096C,YGR108W,0,-4.4863997,0.09775640815496445,0.9740518927574158,0.9009801745414734
YMR260C,YDR300C,0,-4.4866295,0.09774661809206009,0.9740518927574158,0.9010801911354065
YHR016C,YLR127C,0,-4.4903173,0.09773682802915573,0.9740518927574158,0.9011802077293396
YDR381W,YHR067W,0,-4.495786,0.09772704541683197,0.9740518927574158,0.9012802839279175
YKR009C,YPL217C,0,-4.4975147,0.09771726280450821,0.9740518927574158,0.9013803005218506
YGL099W,YNL077W,0,-4.499246,0.09770748019218445,0.9740518927574158,0.9014803171157837
YKL014C,YIR022W,0,-4.5002503,0.09769769757986069,0.9740518927574158,0.9015803337097168
YDR198C,YJL093C,0,-4.5018334,0.09768792241811752,0.9740518927574158,0.9016803503036499
YJL184W,YLR399C,0,-4.503336,0.09767813980579376,0.9740518927574158,0.901780366897583
YOR091W,YPL202C,0,-4.5075035,0.0976683646440506,0.9740518927574158,0.9018803834915161
YKL021C,YER167W,0,-4.5078993,0.09765859693288803,0.9740518927574158,0.9019804000854492
YPL128C,YKL181W,0,-4.5099316,0.09764882177114487,0.9740518927574158,0.9020804166793823
YPL037C,YMR167W,0,-4.5167155,0.0976390540599823,0.9740518927574158,0.9021804332733154
YDR330W,YEL061C,0,-4.520242,0.09762928634881973,0.9740518927574158,0.9022804498672485
YNL288W,YDL030W,0,-4.522144,0.09761952608823776,0.9740518927574158,0.9023804664611816
YBL087C,YIL085C,0,-4.5222607,0.0976097583770752,0.9740518927574158,0.9024804830551147
YGL166W,YPR183W,0,-4.5235023,0.09759999811649323,0.9740518927574158,0.9025804996490479
YMR311C,YJR009C,0,-4.5236554,0.09759023785591125,0.9740518927574158,0.902680516242981
YKL185W,YHR033W,0,-4.527372,0.09758048504590988,0.9740518927574158,0.9027805328369141
YDR462W,YGR059W,0,-4.5288534,0.09757073223590851,0.9740518927574158,0.9028805494308472
YGL134W,YDR184C,0,-4.5313106,0.09756097197532654,0.9740518927574158,0.902980625629425
YJR033C,YOR059C,0,-4.534924,0.09755122661590576,0.9740518927574158,0.9030806422233582
YJL057C,YNL197C,0,-4.54317,0.09754147380590439,0.9740518927574158,0.9031806588172913
YIL063C,YMR035W,0,-4.548534,0.09753172844648361,0.9740518927574158,0.9032806754112244
YKR030W,YLR352W,0,-4.5557055,0.09752198308706284,0.9740518927574158,0.9033806920051575
YNL220W,YMR026C,0,-4.577571,0.09751223772764206,0.9740518927574158,0.9034807085990906
YDR198C,YLR275W,0,-4.583256,0.09750249981880188,0.9740518927574158,0.9035807251930237
YDL200C,YER061C,0,-4.585447,0.0974927544593811,0.9740518927574158,0.9036807417869568
YGL006W,YJL098W,0,-4.5869894,0.09748302400112152,0.9740518927574158,0.9037807583808899
YHR084W,YDL024C,1,-4.594713,0.09757315367460251,0.9750499129295349,0.9037807583808899
YLR096W,YNL113W,0,-4.594802,0.09756340831518173,0.9750499129295349,0.903880774974823
YBR180W,YCL068C,0,-4.6006494,0.09755367040634155,0.9750499129295349,0.9039807915687561
YGR090W,YML081W,0,-4.604654,0.09754393249750137,0.9750499129295349,0.9040808081626892
YMR238W,YNL142W,1,-4.6046786,0.09763402491807938,0.976047933101654,0.9040808081626892
YNL126W,YJL122W,0,-4.6053076,0.0976242795586586,0.976047933101654,0.9041808247566223
YDR120C,YEL061C,0,-4.6087136,0.09761453419923782,0.976047933101654,0.9042808413505554
YOL021C,YNL036W,0,-4.611492,0.09760478883981705,0.976047933101654,0.9043808579444885
YFL047W,YOR088W,0,-4.6225357,0.09759505093097687,0.976047933101654,0.9044808745384216
YOR120W,YOR191W,0,-4.6246395,0.09758531302213669,0.976047933101654,0.9045808911323547
YHR036W,YKL039W,0,-4.624978,0.09757557511329651,0.976047933101654,0.9046809077262878
YGR166W,YER143W,0,-4.6279817,0.09756584465503693,0.976047933101654,0.9047809839248657
YCR005C,YBL064C,0,-4.6479406,0.09755610674619675,0.976047933101654,0.9048810005187988
YBL021C,YEL004W,0,-4.6515102,0.09754637628793716,0.976047933101654,0.9049810171127319
YMR015C,YML018C,0,-4.6551723,0.09753665328025818,0.976047933101654,0.905081033706665
YHR150W,YJR041C,0,-4.6621327,0.0975269228219986,0.976047933101654,0.9051810503005981
YGR090W,YOR027W,0,-4.6666183,0.09751719981431961,0.976047933101654,0.9052810668945312
YIL007C,YKL191W,0,-4.6697288,0.09750747680664062,0.976047933101654,0.9053810834884644
YLR117C,YGL178W,0,-4.674597,0.09749775379896164,0.976047933101654,0.9054811000823975
YCL035C,YGL185C,0,-4.6758394,0.09748803824186325,0.976047933101654,0.9055811166763306
YML057W,YOL052C-A,0,-4.6824346,0.09747832268476486,0.976047933101654,0.9056811332702637
YNL227C,YGL038C,0,-4.685957,0.09746860712766647,0.976047933101654,0.9057811498641968
YCR092C,YDR097C,0,-4.6932507,0.09745889157056808,0.976047933101654,0.9058811664581299
YNL159C,YGR096W,0,-4.695839,0.09744918346405029,0.976047933101654,0.905981183052063
YKL163W,YDR409W,0,-4.6964493,0.0974394753575325,0.976047933101654,0.9060811996459961
YML009C,YDR398W,0,-4.709315,0.09742976725101471,0.976047933101654,0.9061812162399292
YBR114W,YNL031C,0,-4.711749,0.09742005914449692,0.976047933101654,0.9062812328338623
YPR133C,YIR023W,0,-4.716666,0.09741035848855972,0.976047933101654,0.9063812494277954
YNL271C,YDR043C,1,-4.717563,0.09750024974346161,0.9770458936691284,0.9063812494277954
YCR042C,YGL012W,0,-4.7211266,0.09749054163694382,0.9770458936691284,0.9064813256263733
YML123C,YKL035W,0,-4.7240925,0.09748083353042603,0.9770458936691284,0.9065813422203064
YJR059W,YKL040C,0,-4.726452,0.09747112542390823,0.9770458936691284,0.9066813588142395
YPL241C,YDR348C,0,-4.7280374,0.09746142476797104,0.9770458936691284,0.9067813754081726
YBR132C,YJL221C,0,-4.7284575,0.09745172411203384,0.9770458936691284,0.9068813920021057
YMR037C,YHL020C,0,-4.7322755,0.09744202345609665,0.9770458936691284,0.9069814085960388
YNL278W,YHR108W,0,-4.7324095,0.09743232280015945,0.9770458936691284,0.9070814251899719
YKL194C,YNL037C,0,-4.734501,0.09742262959480286,0.9770458936691284,0.907181441783905
YGL231C,YER062C,0,-4.737892,0.09741293638944626,0.9770458936691284,0.9072814583778381
YGL243W,YJR097W,0,-4.741603,0.09740324318408966,0.9770458936691284,0.9073814749717712
YHR028C,YGL206C,0,-4.7433996,0.09739354997873306,0.9770458936691284,0.9074814915657043
YMR098C,YML091C,0,-4.7569666,0.09738386422395706,0.9770458936691284,0.9075815081596375
YER001W,YNL097C,0,-4.758774,0.09737417846918106,0.9770458936691284,0.9076815247535706
YDL069C,YOR193W,0,-4.7600546,0.09736449271440506,0.9770458936691284,0.9077815413475037
YDR346C,YOR196C,0,-4.760924,0.09735481441020966,0.9770458936691284,0.9078815579414368
YPR055W,YMR083W,0,-4.7613363,0.09734513610601425,0.9770458936691284,0.9079815745353699
YGR231C,YOR348C,0,-4.7660456,0.09733545780181885,0.9770458936691284,0.908081591129303
YMR207C,YER056C-A,0,-4.770691,0.09732577949762344,0.9770458936691284,0.9081816077232361
YOR188W,YHR079C-A,0,-4.7712617,0.09731610119342804,0.9770458936691284,0.908281683921814
YDR093W,YGL191W,0,-4.7805195,0.09730643033981323,0.9770458936691284,0.9083817005157471
YOR367W,YNL023C,0,-4.785778,0.09729675948619843,0.9770458936691284,0.9084817171096802
YKR081C,YAL023C,0,-4.789629,0.09728708863258362,0.9770458936691284,0.9085817337036133
YFR005C,YBR085W,0,-4.7900257,0.09727742522954941,0.9770458936691284,0.9086817502975464
YDR346C,YLR174W,0,-4.7908583,0.0972677618265152,0.9770458936691284,0.9087817668914795
YDR462W,YJL042W,0,-4.7918673,0.09725809842348099,0.9770458936691284,0.9088817834854126
YCR034W,YNL113W,0,-4.7919316,0.09724843502044678,0.9770458936691284,0.9089818000793457
YHR020W,YGR123C,0,-4.800838,0.09723877906799316,0.9770458936691284,0.9090818166732788
YDR016C,YOR004W,0,-4.801595,0.09722911566495895,0.9770458936691284,0.9091818332672119
YGR207C,YDR236C,0,-4.80361,0.09721946716308594,0.9770458936691284,0.909281849861145
YER179W,YDR443C,0,-4.8037095,0.09720981121063232,0.9770458936691284,0.9093818664550781
YBR079C,YKL084W,0,-4.81204,0.09720015525817871,0.9770458936691284,0.9094818830490112
YDR438W,YLR132C,0,-4.8134823,0.0971905067563057,0.9770458936691284,0.9095818996429443
YOR001W,YDL033C,0,-4.817845,0.09718085825443268,0.9770458936691284,0.9096819162368774
YLR181C,YAL015C,0,-4.818746,0.09717121720314026,0.9770458936691284,0.9097819328308105
YBR279W,YMR323W,0,-4.819998,0.09716156870126724,0.9770458936691284,0.9098819494247437
YFL034C-A,YLR014C,0,-4.8250713,0.09715192764997482,0.9770458936691284,0.9099820256233215
YPR103W,YML007W,0,-4.826047,0.0971422865986824,0.9770458936691284,0.9100820422172546
YBR041W,YMR165C,0,-4.830235,0.09713265299797058,0.9770458936691284,0.9101820588111877
YDR204W,YDL161W,0,-4.833386,0.09712301939725876,0.9770458936691284,0.9102820754051208
YDL143W,YHR089C,0,-4.838067,0.09711337834596634,0.9770458936691284,0.910382091999054
YDL132W,YIL085C,0,-4.8394685,0.09710375219583511,0.9770458936691284,0.9104821085929871
YJL127C,YCR035C,0,-4.8489428,0.09709411859512329,0.9770458936691284,0.9105821251869202
YJR048W,YOR133W,0,-4.8498507,0.09708449244499207,0.9770458936691284,0.9106821417808533
YBL050W,YPL137C,0,-4.856561,0.09707486629486084,0.9770458936691284,0.9107821583747864
YGR120C,YHR052W,0,-4.861444,0.09706524014472961,0.9770458936691284,0.9108821749687195
YAR066W,YLR221C,0,-4.868438,0.09705561399459839,0.9770458936691284,0.9109821915626526
YAL043C,YPL256C,0,-4.872367,0.09704599529504776,0.9770458936691284,0.9110822081565857
YMR242C,YLR298C,0,-4.878011,0.09703637659549713,0.9770458936691284,0.9111822247505188
YDL132W,YJL069C,0,-4.8870907,0.0970267578959465,0.9770458936691284,0.9112822413444519
YDR198C,YPL211W,0,-4.891247,0.09701714664697647,0.9770458936691284,0.911382257938385
YGL130W,YPL176C,0,-4.897392,0.09700752794742584,0.9770458936691284,0.9114822745323181
YBR046C,YNL327W,0,-4.899078,0.09699791669845581,0.9770458936691284,0.9115822911262512
YLR136C,YBR248C,0,-4.899931,0.09698831290006638,0.9770458936691284,0.9116823077201843
YPR018W,YPR118W,0,-4.9051495,0.09697870165109634,0.9770458936691284,0.9117823839187622
YAL061W,YDL017W,0,-4.90539,0.09696909785270691,0.9770458936691284,0.9118824005126953
YOR056C,YNL191W,0,-4.912367,0.09695949405431747,0.9770458936691284,0.9119824171066284
YFR007W,YLR414C,0,-4.9130163,0.09694989025592804,0.9770458936691284,0.9120824337005615
YDR177W,YLR248W,0,-4.916275,0.0969402939081192,0.9770458936691284,0.9121824502944946
YHL007C,YGR080W,0,-4.9288077,0.09693069010972977,0.9770458936691284,0.9122824668884277
YEL004W,YPL048W,0,-4.9289117,0.09692109376192093,0.9770458936691284,0.9123824834823608
YML101C,YBL037W,0,-4.93324,0.09691150486469269,0.9770458936691284,0.912482500076294
YBR203W,YHR207C,0,-4.933271,0.09690190851688385,0.9770458936691284,0.912582516670227
YHR072W,YNL245C,0,-4.9407816,0.09689231961965561,0.9770458936691284,0.9126825332641602
YPR048W,YNL030W,0,-4.941931,0.09688273072242737,0.9770458936691284,0.9127825498580933
YEL026W,YOR083W,0,-4.946103,0.09687314182519913,0.9770458936691284,0.9128825664520264
YDR311W,YDR005C,0,-4.952183,0.09686356037855148,0.9770458936691284,0.9129825830459595
YKL181W,YHR102W,0,-4.9568624,0.09685397893190384,0.9770458936691284,0.9130825996398926
YJR035W,YPL026C,0,-4.9572463,0.0968443974852562,0.9770458936691284,0.9131826162338257
YOL117W,YFR008W,0,-4.9619675,0.09683481603860855,0.9770458936691284,0.9132826328277588
YGR271C-A,YBR268W,0,-4.9628534,0.0968252420425415,0.9770458936691284,0.9133826494216919
YDR362C,YDR204W,0,-4.9642186,0.09681566804647446,0.9770458936691284,0.9134827256202698
YOR079C,YGR054W,0,-4.9653597,0.09680609405040741,0.9770458936691284,0.9135827422142029
YPL157W,YGL171W,0,-4.970422,0.09679652005434036,0.9770458936691284,0.913682758808136
YLR304C,YPL146C,0,-4.9717107,0.09678695350885391,0.9770458936691284,0.9137827754020691
YDR150W,YIL162W,0,-4.973871,0.09677737951278687,0.9770458936691284,0.9138827919960022
YLR011W,YNR032W,0,-4.9748096,0.09676781296730042,0.9770458936691284,0.9139828085899353
YPR101W,YPL046C,0,-4.981995,0.09675825387239456,0.9770458936691284,0.9140828251838684
YGR215W,YKL099C,0,-4.9855623,0.09674868732690811,0.9770458936691284,0.9141828417778015
YLR406C,YJR135W-A,0,-4.986374,0.09673912823200226,0.9770458936691284,0.9142828583717346
YBR033W,YDL213C,0,-4.9980545,0.0967295691370964,0.9770458936691284,0.9143828749656677
YAR019C,YDR452W,0,-5.0024385,0.09672001749277115,0.9770458936691284,0.9144828915596008
YER142C,YER016W,0,-5.0026646,0.0967104583978653,0.9770458936691284,0.9145829081535339
YNL308C,YDR495C,0,-5.0034323,0.09670090675354004,0.9770458936691284,0.914682924747467
YDL180W,YLR430W,0,-5.004005,0.09669135510921478,0.9770458936691284,0.9147829413414001
YDL006W,YBR297W,0,-5.0069485,0.09668181091547012,0.9770458936691284,0.9148829579353333
YPL130W,YBR200W,0,-5.014755,0.09667225927114487,0.9770458936691284,0.9149829745292664
YER027C,YHL024W,0,-5.0170193,0.09666271507740021,0.9770458936691284,0.9150829911231995
YER146W,YNL064C,0,-5.0246706,0.09665317088365555,0.9770458936691284,0.9151830077171326
YDR189W,YDR252W,0,-5.0271354,0.09664363414049149,0.9770458936691284,0.9152830839157104
YOR328W,YPL175W,0,-5.0302334,0.09663408994674683,0.9770458936691284,0.9153831005096436
YPL249C,YHR165C,0,-5.035713,0.09662455320358276,0.9770458936691284,0.9154831171035767
YCR107W,YNL149C,0,-5.0367174,0.0966150239109993,0.9770458936691284,0.9155831336975098
YLR337W,YER094C,0,-5.042645,0.09660548716783524,0.9770458936691284,0.9156831502914429
YMR262W,YGR094W,0,-5.042809,0.09659595787525177,0.9770458936691284,0.915783166885376
YGL210W-A,YNL291C,0,-5.043251,0.09658642113208771,0.9770458936691284,0.9158831834793091
YOR288C,YBR162W-A,0,-5.0450554,0.09657689929008484,0.9770458936691284,0.9159832000732422
YPL209C,YKL184W,0,-5.048442,0.09656736999750137,0.9770458936691284,0.9160832166671753
YPR106W,YGL038C,0,-5.0500093,0.0965578481554985,0.9770458936691284,0.9161832332611084
YPL111W,YLR221C,0,-5.064367,0.09654832631349564,0.9770458936691284,0.9162832498550415
YKR052C,YDR482C,0,-5.0654016,0.09653880447149277,0.9770458936691284,0.9163832664489746
YDR217C,YHR160C,0,-5.067367,0.0965292826294899,0.9770458936691284,0.9164832830429077
YOR058C,YEL047C,0,-5.068589,0.09651976823806763,0.9770458936691284,0.9165832996368408
YKR009C,YER099C,0,-5.0726433,0.09651025384664536,0.9770458936691284,0.9166833162307739
YDR513W,YDR345C,0,-5.073881,0.09650073945522308,0.9770458936691284,0.916783332824707
YPL049C,YDL060W,0,-5.0741224,0.09649122506380081,0.9770458936691284,0.9168833494186401
YKL197C,YNL065W,0,-5.0803037,0.09648171812295914,0.9770458936691284,0.916983425617218
YJR090C,YKR094C,0,-5.080884,0.09647221118211746,0.9770458936691284,0.9170834422111511
YBR084W,YKL002W,0,-5.0814276,0.09646270424127579,0.9770458936691284,0.9171834588050842
YKL010C,YJR118C,0,-5.084027,0.09645320475101471,0.9770458936691284,0.9172834753990173
YNL173C,YDR313C,0,-5.084214,0.09644369781017303,0.9770458936691284,0.9173834919929504
YML026C,YDL044C,0,-5.0913625,0.09643419831991196,0.9770458936691284,0.9174835085868835
YIL078W,YLR431C,0,-5.0962057,0.09642469882965088,0.9770458936691284,0.9175835251808167
YER026C,YEL003W,0,-5.096694,0.0964152067899704,0.9770458936691284,0.9176835417747498
YDL193W,YIL019W,0,-5.1046896,0.09640571475028992,0.9770458936691284,0.9177835583686829
YIL065C,YCR106W,0,-5.1139235,0.09639621526002884,0.9770458936691284,0.917883574962616
YNL138W,YCR038C,1,-5.1152897,0.0964851826429367,0.9780439138412476,0.917883574962616
YDR523C,YLR071C,0,-5.120256,0.09647568315267563,0.9780439138412476,0.9179835915565491
YMR161W,YNR061C,0,-5.1222205,0.09646619111299515,0.9780439138412476,0.9180836081504822
YFL056C,YCR029C-A,0,-5.123064,0.09645669162273407,0.9780439138412476,0.9181836247444153
YJR132W,YDR156W,0,-5.1238146,0.09644719958305359,0.9780439138412476,0.9182836413383484
YFL053W,YDL209C,0,-5.125012,0.09643770754337311,0.9780439138412476,0.9183836579322815
YDR267C,YKL091C,0,-5.1279507,0.09642822295427322,0.9780439138412476,0.9184836745262146
YLR109W,YBL003C,0,-5.1346407,0.09641873091459274,0.9780439138412476,0.9185836911201477
YNL321W,YBR289W,0,-5.135147,0.09640924632549286,0.9780439138412476,0.9186837077140808
YBR028C,YMR135C,0,-5.142782,0.09639976173639297,0.9780439138412476,0.9187837839126587
YDL101C,YKR050W,0,-5.1477222,0.09639028459787369,0.9780439138412476,0.9188838005065918
YOR177C,YBR265W,0,-5.150979,0.0963808000087738,0.9780439138412476,0.9189838171005249
YEL026W,YCR016W,0,-5.1519656,0.09637132287025452,0.9780439138412476,0.919083833694458
YER110C,YPL085W,0,-5.151993,0.09636184573173523,0.9780439138412476,0.9191838502883911
YDR160W,YDR039C,0,-5.152524,0.09635237604379654,0.9780439138412476,0.9192838668823242
YOR026W,YNL306W,0,-5.1573324,0.09634289890527725,0.9780439138412476,0.9193838834762573
YLR378C,YDR482C,0,-5.1590195,0.09633342921733856,0.9780439138412476,0.9194839000701904
YOR027W,YOR061W,0,-5.162246,0.09632395952939987,0.9780439138412476,0.9195839166641235
YPL063W,YOR005C,0,-5.165779,0.09631449729204178,0.9780439138412476,0.9196839332580566
YBL007C,YNR001C,0,-5.1697593,0.09630503505468369,0.9780439138412476,0.9197839498519897
YBR227C,YDL060W,0,-5.1731524,0.096295565366745,0.9780439138412476,0.9198839664459229
YPR073C,YNL279W,0,-5.1756954,0.0962861105799675,0.9780439138412476,0.919983983039856
YGL001C,YML066C,0,-5.1780634,0.0962766483426094,0.9780439138412476,0.9200839996337891
YDR430C,YLL009C,0,-5.180049,0.09626719355583191,0.9780439138412476,0.9201840162277222
YGR157W,YMR152W,0,-5.1871233,0.09625773131847382,0.9780439138412476,0.9202840328216553
YOR060C,YJL050W,0,-5.1882563,0.09624828398227692,0.9780439138412476,0.9203840494155884
YHR006W,YML101C,0,-5.1980863,0.09623882919549942,0.9780439138412476,0.9204841256141663
YPL022W,YDL204W,0,-5.204211,0.09622938185930252,0.9780439138412476,0.9205841422080994
YOR090C,YOR189W,0,-5.208082,0.09621993452310562,0.9780439138412476,0.9206841588020325
YFL016C,YMR220W,0,-5.2093225,0.09621048718690872,0.9780439138412476,0.9207841753959656
YNL125C,YJR145C,0,-5.2107058,0.09620103985071182,0.9780439138412476,0.9208841919898987
YMR167W,YDL153C,0,-5.2141476,0.09619159996509552,0.9780439138412476,0.9209842085838318
YGL141W,YML016C,0,-5.217476,0.09618216007947922,0.9780439138412476,0.9210842251777649
YLR356W,YOR391C,0,-5.2175465,0.09617272019386292,0.9780439138412476,0.921184241771698
YHR110W,YLR357W,0,-5.222615,0.09616328030824661,0.9780439138412476,0.9212842583656311
YHR032W,YDR435C,0,-5.227067,0.09615384787321091,0.9780439138412476,0.9213842749595642
YOL008W,YBR016W,0,-5.231656,0.0961444154381752,0.9780439138412476,0.9214842915534973
YPL121C,YCR033W,0,-5.2367463,0.0961349830031395,0.9780439138412476,0.9215843081474304
YDR392W,YNL138W,1,-5.2396374,0.09622363746166229,0.9790419340133667,0.9215843081474304
YOL052C-A,YER060W,0,-5.242045,0.09621420502662659,0.9790419340133667,0.9216843247413635
YBL014C,YGL147C,0,-5.261175,0.09620476514101028,0.9790419340133667,0.9217843413352966
YDR179C,YKR059W,0,-5.261312,0.09619533270597458,0.9790419340133667,0.9218843579292297
YKL154W,YNL077W,0,-5.264538,0.09618590027093887,0.9790419340133667,0.9219843745231628
YNR054C,YCR027C,0,-5.2683897,0.09617646783590317,0.9790419340133667,0.922084391117096
YIL016W,YNL087W,0,-5.2695208,0.09616704285144806,0.9790419340133667,0.922184407711029
YOR087W,YNL191W,0,-5.271894,0.09615761786699295,0.9790419340133667,0.9222844839096069
YKL179C,YKL156W,0,-5.2809725,0.09614819288253784,0.9790419340133667,0.92238450050354
YGL254W,YAL014C,0,-5.2832932,0.09613876789808273,0.9790419340133667,0.9224845170974731
YCR097W,YMR313C,0,-5.285513,0.09612935036420822,0.9790419340133667,0.9225845336914062
YLL042C,YLR205C,0,-5.288687,0.09611993283033371,0.9790419340133667,0.9226845502853394
YOR068C,YDR074W,0,-5.295044,0.0961105152964592,0.9790419340133667,0.9227845668792725
YGL206C,YHR023W,0,-5.2990103,0.09610109776258469,0.9790419340133667,0.9228845834732056
YGR128C,YDR377W,0,-5.3091226,0.09609168022871017,0.9790419340133667,0.9229846000671387
YNL149C,YDR291W,0,-5.3107514,0.09608227014541626,0.9790419340133667,0.9230846166610718
YFL053W,YAL005C,0,-5.3207607,0.09607286006212234,0.9790419340133667,0.9231846332550049
YMR053C,YER095W,0,-5.3221292,0.09606345742940903,0.9790419340133667,0.923284649848938
YHR215W,YDR169C,0,-5.3305063,0.09605404734611511,0.9790419340133667,0.9233846664428711
YCR102C,YPR022C,0,-5.333459,0.0960446447134018,0.9790419340133667,0.9234846830368042
YLR345W,YDR368W,0,-5.336085,0.09603524208068848,0.9790419340133667,0.9235846996307373
YJL057C,YBR133C,0,-5.3379207,0.09602583944797516,0.9790419340133667,0.9236847162246704
YGL090W,YKL084W,0,-5.3465486,0.09601644426584244,0.9790419340133667,0.9237847328186035
YGL089C,YBR055C,0,-5.35905,0.09600704908370972,0.9790419340133667,0.9238847494125366
YOR171C,YHR043C,0,-5.365009,0.095997653901577,0.9790419340133667,0.9239848256111145
YCL048W,YNL111C,0,-5.368182,0.09598825871944427,0.9790419340133667,0.9240848422050476
YHL036W,YJL050W,0,-5.379214,0.09597886353731155,0.9790419340133667,0.9241848587989807
YOL072W,YJL035C,0,-5.384842,0.09596947580575943,0.9790419340133667,0.9242848753929138
YLR421C,YBR268W,0,-5.3876143,0.0959600880742073,0.9790419340133667,0.9243848919868469
YLR277C,YEL027W,0,-5.3886814,0.09595070779323578,0.9790419340133667,0.92448490858078
YDR384C,YJR041C,0,-5.38924,0.09594132006168365,0.9790419340133667,0.9245849251747131
YBR105C,YER058W,0,-5.3921375,0.09593193978071213,0.9790419340133667,0.9246849417686462
YNL096C,YDL060W,0,-5.3986354,0.0959225594997406,0.9790419340133667,0.9247849583625793
YNL250W,YBR088C,0,-5.4036894,0.09591317921876907,0.9790419340133667,0.9248849749565125
YDR273W,YAR014C,0,-5.4069905,0.09590380638837814,0.9790419340133667,0.9249849915504456
YGL227W,YGR076C,0,-5.41621,0.09589442610740662,0.9790419340133667,0.9250850081443787
YKR018C,YNL036W,0,-5.417121,0.09588505327701569,0.9790419340133667,0.9251850247383118
YBR029C,YNL306W,0,-5.4200664,0.09587568044662476,0.9790419340133667,0.9252850413322449
YOL117W,YJL151C,0,-5.421817,0.09586631506681442,0.9790419340133667,0.925385057926178
YKR052C,YDR086C,0,-5.4283395,0.09585694968700409,0.9790419340133667,0.9254850745201111
YIL107C,YNL087W,0,-5.4335217,0.09584758430719376,0.9790419340133667,0.9255850911140442
YPL120W,YIR034C,0,-5.435334,0.09583821892738342,0.9790419340133667,0.9256851077079773
YDR437W,YKR087C,0,-5.459406,0.09582885354757309,0.9790419340133667,0.9257851839065552
YBR068C,YOR253W,0,-5.4604893,0.09581949561834335,0.9790419340133667,0.9258852005004883
YPR101W,YDR299W,0,-5.4709272,0.09581013768911362,0.9790419340133667,0.9259852170944214
YJR090C,YER012W,0,-5.477204,0.09580077975988388,0.9790419340133667,0.9260852336883545
YKL059C,YGL205W,0,-5.4877586,0.09579142928123474,0.9790419340133667,0.9261852502822876
YOR210W,YBR213W,0,-5.488548,0.095782071352005,0.9790419340133667,0.9262852668762207
YKL005C,YDR037W,0,-5.4984417,0.09577272087335587,0.9790419340133667,0.9263852834701538
YMR153W,YGR174C,0,-5.5013075,0.09576337039470673,0.9790419340133667,0.9264853000640869
YOR362C,YGR218W,0,-5.5107765,0.09575402736663818,0.9790419340133667,0.92658531665802
YHR170W,YDL247W,0,-5.523,0.09574468433856964,0.9790419340133667,0.9266853332519531
YGL151W,YMR322C,0,-5.527838,0.0957353338599205,0.9790419340133667,0.9267853498458862
YPR112C,YPL220W,0,-5.5289793,0.09572599828243256,0.9790419340133667,0.9268853664398193
YHR036W,YPR025C,0,-5.5291953,0.09571665525436401,0.9790419340133667,0.9269853830337524
YIL124W,YBR139W,0,-5.544192,0.09570731967687607,0.9790419340133667,0.9270853996276855
YCR067C,YGR080W,0,-5.5443687,0.09569798409938812,0.9790419340133667,0.9271854162216187
YMR135C,YML094W,0,-5.54459,0.09568864852190018,0.9790419340133667,0.9272854328155518
YEL034W,YPR049C,0,-5.5627155,0.09567931294441223,0.9790419340133667,0.9273854494094849
YBL009W,YHR079C-A,0,-5.5633283,0.09566998481750488,0.9790419340133667,0.9274855256080627
YDR104C,YHR083W,0,-5.5746603,0.09566065669059753,0.9790419340133667,0.9275855422019958
YOR174W,YDL160C,0,-5.576167,0.09565132856369019,0.9790419340133667,0.927685558795929
YGL187C,YIL122W,0,-5.5804453,0.09564200043678284,0.9790419340133667,0.9277855753898621
YGL234W,YPR175W,0,-5.5859656,0.09563267976045609,0.9790419340133667,0.9278855919837952
YCL039W,YOR056C,0,-5.5862484,0.09562335163354874,0.9790419340133667,0.9279856085777283
YNL173C,YGL187C,0,-5.588485,0.09561403840780258,0.9790419340133667,0.9280856251716614
YPL254W,YOR113W,0,-5.589676,0.09560471773147583,0.9790419340133667,0.9281856417655945
YOR210W,YOR049C,0,-5.5978584,0.09559539705514908,0.9790419340133667,0.9282856583595276
YHL036W,YMR291W,0,-5.598224,0.09558608382940292,0.9790419340133667,0.9283856749534607
YPR081C,YPR166C,0,-5.605084,0.09557677060365677,0.9790419340133667,0.9284856915473938
YNR046W,YHR111W,0,-5.606846,0.09556746482849121,0.9790419340133667,0.9285857081413269
YCR021C,YFL025C,0,-5.609473,0.09555815160274506,0.9790419340133667,0.92868572473526
YIL052C,YPL022W,0,-5.61359,0.0955488458275795,0.9790419340133667,0.9287857413291931
YNR046W,YML046W,0,-5.617809,0.09553954005241394,0.9790419340133667,0.9288857579231262
YNL310C,YNL096C,0,-5.6272173,0.09553023427724838,0.9790419340133667,0.9289857745170593
YDL168W,YER028C,0,-5.630822,0.09552093595266342,0.9790419340133667,0.9290857911109924
YPL280W,YHR073W,0,-5.6418214,0.09551163762807846,0.9790419340133667,0.9291858077049255
YLL015W,YDL223C,0,-5.646697,0.0955023393034935,0.9790419340133667,0.9292858839035034
YOR191W,YJL035C,0,-5.651263,0.09549304097890854,0.9790419340133667,0.9293859004974365
YPL230W,YOR303W,0,-5.6716514,0.09548374265432358,0.9790419340133667,0.9294859170913696
YPL030W,YKL221W,0,-5.6787763,0.09547445178031921,0.9790419340133667,0.9295859336853027
YLR119W,YBL063W,0,-5.6791105,0.09546516090631485,0.9790419340133667,0.9296859502792358
YHR200W,YBR139W,0,-5.679204,0.09545587003231049,0.9790419340133667,0.929785966873169
YGL078C,YCR106W,0,-5.6841083,0.09544658660888672,0.9790419340133667,0.929885983467102
YBL106C,YGL001C,0,-5.687339,0.09543729573488235,0.9790419340133667,0.9299860000610352
YER040W,YAL055W,0,-5.6896114,0.09542801231145859,0.9790419340133667,0.9300860166549683
YER001W,YLR098C,0,-5.6954007,0.09541873633861542,0.9790419340133667,0.9301860332489014
YKR080W,YDR348C,0,-5.695677,0.09540945291519165,0.9790419340133667,0.9302860498428345
YDR204W,YBR289W,0,-5.696303,0.09540017694234848,0.9790419340133667,0.9303860664367676
YJL212C,YOL042W,0,-5.6982083,0.09539090096950531,0.9790419340133667,0.9304860830307007
YGR096W,YOR076C,0,-5.712715,0.09538162499666214,0.9790419340133667,0.9305860996246338
YPR061C,YDR071C,0,-5.712885,0.09537234902381897,0.9790419340133667,0.9306861162185669
YKR024C,YDR323C,0,-5.7205834,0.0953630805015564,0.9790419340133667,0.9307861328125
YER166W,YHR001W-A,0,-5.7224054,0.09535381197929382,0.9790419340133667,0.9308861494064331
YDR519W,YPL159C,0,-5.734881,0.09534454345703125,0.9790419340133667,0.930986225605011
YIL130W,YOL060C,0,-5.7350874,0.09533527493476868,0.9790419340133667,0.9310862421989441
YDR244W,YOR271C,0,-5.747553,0.0953260138630867,0.9790419340133667,0.9311862587928772
YMR177W,YPL211W,0,-5.755537,0.09531675279140472,0.9790419340133667,0.9312862753868103
YDR087C,YDR422C,0,-5.7597504,0.09530749171972275,0.9790419340133667,0.9313862919807434
YLR058C,YKR064W,0,-5.7630515,0.09529823064804077,0.9790419340133667,0.9314863085746765
YCR028C-A,YOR010C,0,-5.764469,0.09528897702693939,0.9790419340133667,0.9315863251686096
YJL045W,YIL171W,0,-5.779091,0.09527972340583801,0.9790419340133667,0.9316863417625427
YDL230W,YMR021C,0,-5.7869444,0.09527046978473663,0.9790419340133667,0.9317863583564758
YNR038W,YHR147C,0,-5.787146,0.09526121616363525,0.9790419340133667,0.9318863749504089
YBR105C,YJL123C,0,-5.7923393,0.09525196254253387,0.9790419340133667,0.931986391544342
YOR344C,YDL126C,0,-5.792425,0.09524271637201309,0.9790419340133667,0.9320864081382751
YDL239C,YDL145C,0,-5.802497,0.09523347020149231,0.9790419340133667,0.9321864247322083
YGR091W,YBR221C,0,-5.803741,0.09522423148155212,0.9790419340133667,0.9322864413261414
YPL235W,YDR011W,0,-5.813353,0.09521498531103134,0.9790419340133667,0.9323864579200745
YHR062C,YLL009C,0,-5.8253417,0.09520574659109116,0.9790419340133667,0.9324864745140076
YDR153C,YMR231W,0,-5.8326335,0.09519650787115097,0.9790419340133667,0.9325864911079407
YLR345W,YNL154C,0,-5.842222,0.09518726915121078,0.9790419340133667,0.9326865077018738
YIR012W,YPR037C,0,-5.845041,0.0951780378818512,0.9790419340133667,0.9327865839004517
YCR042C,YDR398W,0,-5.8570547,0.09516879916191101,0.9790419340133667,0.9328866004943848
YDL150W,YLR056W,0,-5.857115,0.09515956789255142,0.9790419340133667,0.9329866170883179
YLR040C,YLR011W,0,-5.858501,0.09515033662319183,0.9790419340133667,0.933086633682251
YKL040C,YER039C,0,-5.8588114,0.09514111280441284,0.9790419340133667,0.9331866502761841
YGL022W,YNL278W,0,-5.862341,0.09513188153505325,0.9790419340133667,0.9332866668701172
YDL049C,YLR045C,0,-5.8631296,0.09512265771627426,0.9790419340133667,0.9333866834640503
YAL051W,YHR052W,0,-5.8656416,0.09511344134807587,0.9790419340133667,0.9334867000579834
YGL063W,YOL006C,0,-5.867071,0.09510421752929688,0.9790419340133667,0.9335867166519165
YLR364W,YAL015C,0,-5.8701715,0.09509500116109848,0.9790419340133667,0.9336867332458496
YGL121C,YAR007C,0,-5.875707,0.09508577734231949,0.9790419340133667,0.9337867498397827
YOR328W,YMR119W,0,-5.8946686,0.09507656842470169,0.9790419340133667,0.9338867664337158
YDR506C,YER030W,0,-5.9145412,0.0950673520565033,0.9790419340133667,0.9339867830276489
YER025W,YBR097W,0,-5.915025,0.0950581431388855,0.9790419340133667,0.934086799621582
YER127W,YNL063W,0,-5.9203944,0.0950489267706871,0.9790419340133667,0.9341868162155151
YKR049C,YOL007C,0,-5.923137,0.0950397178530693,0.9790419340133667,0.9342868328094482
YPL253C,YGL125W,0,-5.923842,0.0950305163860321,0.9790419340133667,0.9343868494033813
YDR478W,YBR084W,0,-5.9261,0.0950213074684143,0.9790419340133667,0.9344869256019592
YGR287C,YOL052C-A,0,-5.9311867,0.0950121060013771,0.9790419340133667,0.9345869421958923
YGL171W,YPR042C,0,-5.9398017,0.0950029045343399,0.9790419340133667,0.9346869587898254
YDR500C,YJR042W,0,-5.9483137,0.0949937030673027,0.9790419340133667,0.9347869753837585
YGR277C,YHL015W,0,-5.9519672,0.0949845090508461,0.9790419340133667,0.9348869919776917
YHR112C,YBR086C,0,-5.955637,0.0949753150343895,0.9790419340133667,0.9349870085716248
YBL071W-A,YDR139C,0,-5.9560456,0.09496612101793289,0.9790419340133667,0.9350870251655579
YGR026W,YBR082C,0,-5.96641,0.09495692700147629,0.9790419340133667,0.935187041759491
YDR448W,YPL207W,0,-5.968728,0.09494773298501968,0.9790419340133667,0.9352870583534241
YHR104W,YMR257C,0,-5.991764,0.09493854641914368,0.9790419340133667,0.9353870749473572
YER179W,YGL178W,0,-6.0073442,0.09492935985326767,0.9790419340133667,0.9354870915412903
YJL089W,YNL133C,0,-6.010434,0.09492017328739166,0.9790419340133667,0.9355871081352234
YKL026C,YPL234C,0,-6.0180244,0.09491099417209625,0.9790419340133667,0.9356871247291565
YIL158W,YDL232W,0,-6.0224814,0.09490180760622025,0.9790419340133667,0.9357871413230896
YJR147W,YNL001W,1,-6.0425277,0.0949893593788147,0.9800398945808411,0.9357871413230896
YHR072W,YPL137C,0,-6.0486374,0.09498017281293869,0.9800398945808411,0.9358871579170227
YNL062C,YJL093C,0,-6.0486593,0.09497098624706268,0.9800398945808411,0.9359871745109558
YER173W,YOR036W,0,-6.0606785,0.09496179968118668,0.9800398945808411,0.9360871911048889
YPL128C,YCR043C,0,-6.066891,0.09495262056589127,0.9800398945808411,0.936187207698822
YOR056C,YPL047W,0,-6.0889874,0.09494344145059586,0.9800398945808411,0.9362872838973999
YLR421C,YGR207C,0,-6.0899506,0.09493426233530045,0.9800398945808411,0.936387300491333
YHR188C,YIL097W,0,-6.0908375,0.09492508322000504,0.9800398945808411,0.9364873170852661
YAR019C,YEL064C,0,-6.102252,0.09491591155529022,0.9800398945808411,0.9365873336791992
YMR261C,YBR130C,0,-6.1030893,0.09490673989057541,0.9800398945808411,0.9366873502731323
YBR038W,YOL005C,0,-6.112664,0.0948975682258606,0.9800398945808411,0.9367873668670654
YMR106C,YBR083W,0,-6.129071,0.09488839656114578,0.9800398945808411,0.9368873834609985
YGL194C,YMR277W,0,-6.132717,0.09487922489643097,0.9800398945808411,0.9369874000549316
YBL016W,YIL073C,0,-6.1391773,0.09487006068229675,0.9800398945808411,0.9370874166488647
YFR037C,YEL054C,0,-6.150682,0.09486089646816254,0.9800398945808411,0.9371874332427979
YOR047C,YDR270W,0,-6.1593747,0.09485173225402832,0.9800398945808411,0.937287449836731
YCR020C,YKL080W,0,-6.162431,0.0948425754904747,0.9800398945808411,0.9373874664306641
YDR009W,YML043C,0,-6.1650143,0.09483341127634048,0.9800398945808411,0.9374874830245972
YGL027C,YOL154W,0,-6.165456,0.09482425451278687,0.9800398945808411,0.9375874996185303
YLR414C,YEL063C,0,-6.190704,0.09481509774923325,0.9800398945808411,0.9376875162124634
YJR043C,YLR189C,0,-6.1912203,0.09480594843626022,0.9800398945808411,0.9377875328063965
YOL078W,YOL144W,0,-6.1940703,0.0947967916727066,0.9800398945808411,0.9378875494003296
YOL076W,YDL150W,0,-6.196813,0.09478764235973358,0.9800398945808411,0.9379876255989075
YOR326W,YCL069W,0,-6.1985292,0.09477849304676056,0.9800398945808411,0.9380876421928406
YDL149W,YGL100W,0,-6.2024555,0.09476935118436813,0.9800398945808411,0.9381876587867737
YKR097W,YBR130C,0,-6.2172527,0.09476020187139511,0.9800398945808411,0.9382876753807068
YCR077C,YJR046W,0,-6.219089,0.09475106000900269,0.9800398945808411,0.9383876919746399
YGL006W,YDR021W,0,-6.222114,0.09474191814661026,0.9800398945808411,0.938487708568573
YER096W,YDR390C,0,-6.2289143,0.09473278373479843,0.9800398945808411,0.9385877251625061
YDL081C,YMR205C,0,-6.236493,0.094723641872406,0.9800398945808411,0.9386877417564392
YKL150W,YCR004C,0,-6.239391,0.09471450746059418,0.9800398945808411,0.9387877583503723
YOR173W,YDR006C,0,-6.256711,0.09470537304878235,0.9800398945808411,0.9388877749443054
YDR126W,YBR083W,0,-6.257558,0.09469623863697052,0.9800398945808411,0.9389877915382385
YCR042C,YMR190C,0,-6.265602,0.09468711167573929,0.9800398945808411,0.9390878081321716
YOR087W,YPL036W,0,-6.2678747,0.09467797726392746,0.9800398945808411,0.9391878247261047
YGR249W,YKL056C,0,-6.2688465,0.09466885030269623,0.9800398945808411,0.9392878413200378
YFL044C,YAL026C,0,-6.269426,0.094659723341465,0.9800398945808411,0.939387857913971
YER070W,YDR342C,0,-6.270884,0.09465060383081436,0.9800398945808411,0.939487874507904
YOR167C,YJL098W,0,-6.276889,0.09464147686958313,0.9800398945808411,0.9395878911018372
YOL125W,YOR191W,0,-6.2784233,0.0946323573589325,0.9800398945808411,0.939687967300415
YBL002W,YOR047C,0,-6.287473,0.09462323784828186,0.9800398945808411,0.9397879838943481
YER038C,YDL017W,0,-6.309887,0.09461412578821182,0.9800398945808411,0.9398880004882812
YER014W,YFR032C-A,0,-6.314142,0.09460500627756119,0.9800398945808411,0.9399880170822144
YMR195W,YKR031C,0,-6.3286133,0.09459589421749115,0.9800398945808411,0.9400880336761475
YHL024W,YKL052C,0,-6.337596,0.09458678215742111,0.9800398945808411,0.9401880502700806
YPL170W,YPL226W,0,-6.3433504,0.09457767754793167,0.9800398945808411,0.9402880668640137
YLR450W,YDL064W,0,-6.3455467,0.09456856548786163,0.9800398945808411,0.9403880834579468
YPL155C,YOR003W,0,-6.3537345,0.09455946087837219,0.9800398945808411,0.9404881000518799
YEL039C,YGL191W,0,-6.356056,0.09455035626888275,0.9800398945808411,0.940588116645813
YLR102C,YML094W,0,-6.3628325,0.09454125165939331,0.9800398945808411,0.9406881332397461
YMR001C,YIL087C,0,-6.3726645,0.09453215450048447,0.9800398945808411,0.9407881498336792
YOR320C,YLL048C,0,-6.3791003,0.09452304989099503,0.9800398945808411,0.9408881664276123
YDR225W,YDR060W,0,-6.38258,0.09451395273208618,0.9800398945808411,0.9409881830215454
YHR184W,YPL030W,0,-6.396012,0.09450486302375793,0.9800398945808411,0.9410881996154785
YFR014C,YGL029W,0,-6.4035425,0.09449576586484909,0.9800398945808411,0.9411882162094116
YML029W,YBR040W,0,-6.409898,0.09448667615652084,0.9800398945808411,0.9412882328033447
YML007W,YPR132W,0,-6.4122233,0.0944775864481926,0.9800398945808411,0.9413882493972778
YMR287C,YMR286W,0,-6.426208,0.09446849673986435,0.9800398945808411,0.9414883255958557
YNR059W,YHL020C,0,-6.4446497,0.0944594070315361,0.9800398945808411,0.9415883421897888
YNL036W,YPL092W,0,-6.446058,0.09445032477378845,0.9800398945808411,0.9416883587837219
YMR208W,YKR025W,0,-6.4491067,0.0944412350654602,0.9800398945808411,0.941788375377655
YGL227W,YBR086C,0,-6.4714394,0.09443216025829315,0.9800398945808411,0.9418883919715881
YGR152C,YGR055W,0,-6.4780874,0.0944230780005455,0.9800398945808411,0.9419884085655212
YER099C,YER044C-A,0,-6.483389,0.09441399574279785,0.9800398945808411,0.9420884251594543
YBL093C,YGR002C,0,-6.4840794,0.0944049209356308,0.9800398945808411,0.9421884417533875
YDR216W,YGL115W,0,-6.508639,0.09439584612846375,0.9800398945808411,0.9422884583473206
YDR402C,YCR009C,0,-6.513157,0.09438677132129669,0.9800398945808411,0.9423884749412537
YHR118C,YNL094W,0,-6.540966,0.09437770396471024,0.9800398945808411,0.9424884915351868
YHL047C,YBL003C,0,-6.54478,0.09436863660812378,0.9800398945808411,0.9425885081291199
YKL120W,YDL146W,0,-6.5619335,0.09435956925153732,0.9800398945808411,0.942688524723053
YDL043C,YDR058C,0,-6.577606,0.09435050189495087,0.9800398945808411,0.9427885413169861
YER040W,YGR194C,0,-6.577643,0.09434143453836441,0.9800398945808411,0.9428885579109192
YPL211W,YJR073C,0,-6.5913315,0.09433237463235855,0.9800398945808411,0.9429885745048523
YLR435W,YGR186W,0,-6.5977073,0.09432331472635269,0.9800398945808411,0.9430885910987854
YKL058W,YNL327W,0,-6.6032386,0.09431425482034683,0.9800398945808411,0.9431886672973633
YJR125C,YDR243C,0,-6.6041365,0.09430519491434097,0.9800398945808411,0.9432886838912964
YDL132W,YIL023C,0,-6.607032,0.09429614245891571,0.9800398945808411,0.9433887004852295
YDR479C,YDR084C,0,-6.6296353,0.09428708255290985,0.9800398945808411,0.9434887170791626
YGL206C,YOR096W,0,-6.6463165,0.09427803009748459,0.9800398945808411,0.9435887336730957
YIL136W,YML076C,0,-6.665754,0.09426898509263992,0.9800398945808411,0.9436887502670288
YML057W,YML062C,0,-6.669171,0.09425993263721466,0.9800398945808411,0.9437887668609619
YGR284C,YIR031C,0,-6.6722956,0.09425088763237,0.9800398945808411,0.943888783454895
YKL167C,YPR082C,0,-6.680359,0.09424184262752533,0.9800398945808411,0.9439888000488281
YOL058W,YER039C,0,-6.6947846,0.09423279762268066,0.9800398945808411,0.9440888166427612
YBR214W,YML133C,0,-6.705369,0.0942237600684166,0.9800398945808411,0.9441888332366943
YOL097C,YKR083C,0,-6.709792,0.09421471506357193,0.9800398945808411,0.9442888498306274
YEL020C,YMR287C,0,-6.7099857,0.09420567750930786,0.9800398945808411,0.9443888664245605
YBL038W,YER033C,0,-6.711909,0.09419663995504379,0.9800398945808411,0.9444888830184937
YNR043W,YMR023C,0,-6.721107,0.09418760985136032,0.9800398945808411,0.9445888996124268
YLR174W,YOR076C,0,-6.743044,0.09417857229709625,0.9800398945808411,0.9446889162063599
YBL008W,YER131W,0,-6.7532287,0.09416954219341278,0.9800398945808411,0.944788932800293
YAL044C,YGR004W,0,-6.758431,0.09416051208972931,0.9800398945808411,0.9448889493942261
YMR190C,YGL192W,0,-6.7823195,0.09415148943662643,0.9800398945808411,0.944989025592804
YOR374W,YHR166C,0,-6.786354,0.09414245933294296,0.9800398945808411,0.9450890421867371
YGR078C,YDL240W,0,-6.786386,0.09413343667984009,0.9800398945808411,0.9451890587806702
YMR318C,YER096W,0,-6.7939434,0.09412441402673721,0.9800398945808411,0.9452890753746033
YPR156C,YCR075C,0,-6.806,0.09411539137363434,0.9800398945808411,0.9453890919685364
YBR045C,YIL160C,0,-6.8109016,0.09410637617111206,0.9800398945808411,0.9454891085624695
YPL115C,YGR161C,0,-6.835834,0.09409735351800919,0.9800398945808411,0.9455891251564026
YKR097W,YOL077W-A,0,-6.849741,0.09408833831548691,0.9800398945808411,0.9456891417503357
YJL208C,YLL001W,0,-6.8780994,0.09407932311296463,0.9800398945808411,0.9457891583442688
YHR113W,YDR536W,0,-6.8994517,0.09407031536102295,0.9800398945808411,0.9458891749382019
YBR045C,YDL075W,0,-6.9085712,0.09406130015850067,0.9800398945808411,0.945989191532135
YER033C,YLR466W,0,-6.9109993,0.09405229240655899,0.9800398945808411,0.9460892081260681
YPL239W,YLR081W,0,-6.91128,0.09404328465461731,0.9800398945808411,0.9461892247200012
YJL181W,YNL094W,0,-6.922598,0.09403428435325623,0.9800398945808411,0.9462892413139343
YKL152C,YBL039C,0,-6.923419,0.09402527660131454,0.9800398945808411,0.9463892579078674
YOR346W,YDR529C,0,-6.930972,0.09401627629995346,0.9800398945808411,0.9464892745018005
YFR053C,YMR016C,0,-6.9318314,0.09400727599859238,0.9800398945808411,0.9465892910957336
YIL158W,YOL049W,0,-6.94309,0.09399827569723129,0.9800398945808411,0.9466893672943115
YMR175W,YHR028C,0,-6.948846,0.0939892828464508,0.9800398945808411,0.9467893838882446
YOR057W,YLR178C,0,-6.9497247,0.09398028254508972,0.9800398945808411,0.9468894004821777
YDR092W,YMR277W,0,-6.9584217,0.09397128969430923,0.9800398945808411,0.9469894170761108
YJL207C,YML101C,0,-6.962055,0.09396229684352875,0.9800398945808411,0.947089433670044
YPR075C,YNL030W,0,-6.990546,0.09395331144332886,0.9800398945808411,0.947189450263977
YHL021C,YBL067C,0,-7.0182543,0.09394431859254837,0.9800398945808411,0.9472894668579102
YHR178W,YNL213C,0,-7.0316477,0.09393533319234848,0.9800398945808411,0.9473894834518433
YLR247C,YGR088W,0,-7.0373063,0.09392634779214859,0.9800398945808411,0.9474895000457764
YCR065W,YDR253C,0,-7.045144,0.0939173698425293,0.9800398945808411,0.9475895166397095
YFR049W,YDR533C,0,-7.0608435,0.0939083844423294,0.9800398945808411,0.9476895332336426
YDR490C,YBR149W,0,-7.061154,0.09389940649271011,0.9800398945808411,0.9477895498275757
YDR343C,YOR116C,0,-7.0632896,0.09389042854309082,0.9800398945808411,0.9478895664215088
YOR005C,YHR196W,0,-7.0736194,0.09388145059347153,0.9800398945808411,0.9479895830154419
YJR120W,YBL045C,0,-7.07705,0.09387248009443283,0.9800398945808411,0.948089599609375
YLR336C,YDR469W,0,-7.0777698,0.09386350959539413,0.9800398945808411,0.9481896162033081
YDR356W,YDL160C,0,-7.0796843,0.09385453164577484,0.9800398945808411,0.9482896327972412
YEL055C,YNL289W,0,-7.081701,0.09384556859731674,0.9800398945808411,0.9483896493911743
YKR099W,YNL210W,0,-7.083445,0.09383659809827805,0.9800398945808411,0.9484897255897522
YJR033C,YDR312W,0,-7.086156,0.09382763504981995,0.9800398945808411,0.9485897421836853
YOL125W,YIL031W,0,-7.0899796,0.09381866455078125,0.9800398945808411,0.9486897587776184
YEL044W,YDL194W,0,-7.1033216,0.09380970895290375,0.9800398945808411,0.9487897753715515
YDR489W,YBR045C,0,-7.128637,0.09380074590444565,0.9800398945808411,0.9488897919654846
YDR407C,YNR024W,0,-7.155241,0.09379178285598755,0.9800398945808411,0.9489898085594177
YDR244W,YIL154C,0,-7.165639,0.09378282725811005,0.9800398945808411,0.9490898251533508
YOL064C,YIL171W,0,-7.1737766,0.09377387166023254,0.9800398945808411,0.9491898417472839
YOL064C,YCL044C,0,-7.176005,0.09376491606235504,0.9800398945808411,0.949289858341217
YJR113C,YER004W,0,-7.176263,0.09375596791505814,0.9800398945808411,0.9493898749351501
YDL044C,YHR092C,0,-7.181484,0.09374701976776123,0.9800398945808411,0.9494898915290833
YFR055W,YBR109C,0,-7.1978545,0.09373807162046432,0.9800398945808411,0.9495899081230164
YPR021C,YLR150W,0,-7.2154655,0.09372912347316742,0.9800398945808411,0.9496899247169495
YKR089C,YPL189W,0,-7.2308936,0.09372017532587051,0.9800398945808411,0.9497899413108826
YKL140W,YLR466W,0,-7.237512,0.0937112346291542,0.9800398945808411,0.9498899579048157
YGR165W,YGR055W,0,-7.2382793,0.0937022864818573,0.9800398945808411,0.9499899744987488
YBR283C,YDR495C,0,-7.243806,0.09369335323572159,0.9800398945808411,0.9500899910926819
YHR028C,YLR306W,0,-7.2453804,0.09368441253900528,0.9800398945808411,0.9501900672912598
YNL135C,YNL206C,0,-7.248598,0.09367547184228897,0.9800398945808411,0.9502900838851929
YJR109C,YJL196C,0,-7.258417,0.09366653859615326,0.9800398945808411,0.950390100479126
YGL151W,YHR043C,0,-7.2618065,0.09365760535001755,0.9800398945808411,0.9504901170730591
YLR133W,YDL017W,0,-7.2736664,0.09364867210388184,0.9800398945808411,0.9505901336669922
YNL305C,YPL230W,0,-7.2743325,0.09363974630832672,0.9800398945808411,0.9506901502609253
YGL255W,YCR066W,0,-7.28269,0.09363081306219101,0.9800398945808411,0.9507901668548584
YDR080W,YBR169C,0,-7.295811,0.0936218872666359,0.9800398945808411,0.9508901834487915
YKR087C,YEL054C,0,-7.29904,0.09361296147108078,0.9800398945808411,0.9509902000427246
YGR061C,YHR166C,0,-7.301902,0.09360404312610626,0.9800398945808411,0.9510902166366577
YLR284C,YNL233W,0,-7.3186502,0.09359511733055115,0.9800398945808411,0.9511902332305908
YHR167W,YMR110C,0,-7.3238783,0.09358619898557663,0.9800398945808411,0.9512902498245239
YGR138C,YBR004C,0,-7.332226,0.09357728064060211,0.9800398945808411,0.951390266418457
YML054C,YGR172C,0,-7.335788,0.0935683622956276,0.9800398945808411,0.9514902830123901
YGL121C,YEL063C,0,-7.3558817,0.09355945140123367,0.9800398945808411,0.9515902996063232
YDR165W,YJL090C,0,-7.37082,0.09355054050683975,0.9800398945808411,0.9516903162002563
YOL049W,YDR506C,0,-7.3751698,0.09354162961244583,0.9800398945808411,0.9517903327941895
YPL056C,YPL105C,0,-7.3822756,0.09353271871805191,0.9800398945808411,0.9518903493881226
YPR107C,YDR443C,0,-7.388836,0.09352380782365799,0.9800398945808411,0.9519904255867004
YPL248C,YLL014W,0,-7.3956404,0.09351490437984467,0.9800398945808411,0.9520904421806335
YJR152W,YHR207C,0,-7.403447,0.09350600093603134,0.9800398945808411,0.9521904587745667
YMR220W,YLL062C,0,-7.4291973,0.09349709749221802,0.9800398945808411,0.9522904753684998
YJL190C,YGR055W,0,-7.4446754,0.0934881940484047,0.9800398945808411,0.9523904919624329
YLR368W,YHR104W,0,-7.460968,0.09347929805517197,0.9800398945808411,0.952490508556366
YFR006W,YBR244W,0,-7.473769,0.09347039461135864,0.9800398945808411,0.9525905251502991
YGL249W,YEL060C,0,-7.511121,0.09346149861812592,0.9800398945808411,0.9526905417442322
YNL021W,YML004C,0,-7.520916,0.09345261007547379,0.9800398945808411,0.9527905583381653
YDR299W,YMR234W,0,-7.524021,0.09344371408224106,0.9800398945808411,0.9528905749320984
YGR274C,YDR479C,0,-7.5250835,0.09343482553958893,0.9800398945808411,0.9529905915260315
YDR392W,YBR066C,1,-7.5592594,0.09352107346057892,0.9810379147529602,0.9529905915260315
YLL062C,YGR076C,0,-7.5638294,0.09351217746734619,0.9810379147529602,0.9530906081199646
YDL138W,YKL196C,0,-7.5679903,0.09350328147411346,0.9810379147529602,0.9531906247138977
YCR034W,YML009C,0,-7.5680294,0.09349438548088074,0.9810379147529602,0.9532906413078308
YOR120W,YDR001C,0,-7.594513,0.09348549693822861,0.9810379147529602,0.9533906579017639
YMR133W,YBR029C,0,-7.595597,0.09347660839557648,0.9810379147529602,0.953490674495697
YIL171W,YHL031C,0,-7.631262,0.09346771985292435,0.9810379147529602,0.9535906910896301
YOR308C,YBR162W-A,0,-7.6430287,0.09345883131027222,0.9810379147529602,0.953690767288208
YLR265C,YLR167W,0,-7.659973,0.09344995021820068,0.9810379147529602,0.9537907838821411
YBL014C,YHR123W,0,-7.663227,0.09344106167554855,0.9810379147529602,0.9538908004760742
YJL020C,YLR223C,0,-7.6666393,0.09343218058347702,0.9810379147529602,0.9539908170700073
YBL051C,YDL065C,0,-7.6729255,0.09342330694198608,0.9810379147529602,0.9540908336639404
YKL212W,YOR328W,0,-7.683868,0.09341442584991455,0.9810379147529602,0.9541908502578735
YBR201W,YDR529C,0,-7.7032065,0.09340555220842361,0.9810379147529602,0.9542908668518066
YPL076W,YPR061C,0,-7.7081723,0.09339667111635208,0.9810379147529602,0.9543908834457397
YER111C,YPL105C,0,-7.713372,0.09338780492544174,0.9810379147529602,0.9544909000396729
YKR024C,YPR021C,0,-7.718219,0.0933789312839508,0.9810379147529602,0.954590916633606
YIL113W,YJR059W,0,-7.725455,0.09337005764245987,0.9810379147529602,0.9546909332275391
YDR406W,YDR002W,0,-7.7300205,0.09336119145154953,0.9810379147529602,0.9547909498214722
YDR147W,YBR039W,0,-7.740726,0.09335232526063919,0.9810379147529602,0.9548909664154053
YKR001C,YDR343C,0,-7.7536783,0.09334345906972885,0.9810379147529602,0.9549909830093384
YCR043C,YGR161C,0,-7.761961,0.09333460032939911,0.9810379147529602,0.9550909996032715
YGR158C,YOR007C,0,-7.7700872,0.09332574158906937,0.9810379147529602,0.9551910161972046
YGL153W,YHR171W,0,-7.7863007,0.09331687539815903,0.9810379147529602,0.9552910327911377
YDL201W,YML129C,0,-7.811716,0.09330802410840988,0.9810379147529602,0.9553910493850708
YHR148W,YNL054W,0,-7.8145747,0.09329916536808014,0.9810379147529602,0.9554911255836487
YGR178C,YDR013W,0,-7.821019,0.0932903066277504,0.9810379147529602,0.9555911421775818
YHR050W,YCR086W,0,-7.830099,0.09328145533800125,0.9810379147529602,0.9556911587715149
YHR039C,YHR178W,0,-7.836798,0.0932726040482521,0.9810379147529602,0.955791175365448
YHR120W,YBR135W,0,-7.86559,0.09326376020908356,0.9810379147529602,0.9558911919593811
YOR205C,YDR435C,0,-7.869441,0.09325490891933441,0.9810379147529602,0.9559912085533142
YOL031C,YGL013C,0,-7.8871927,0.09324606508016586,0.9810379147529602,0.9560912251472473
YJR123W,YBR244W,0,-7.9033117,0.09323722124099731,0.9810379147529602,0.9561912417411804
YCR068W,YKL196C,0,-7.9086313,0.09322837740182877,0.9810379147529602,0.9562912583351135
YGR086C,YNL162W,0,-7.916301,0.09321953356266022,0.9810379147529602,0.9563912749290466
YLR417W,YGR048W,0,-7.9534492,0.09321069717407227,0.9810379147529602,0.9564912915229797
YPL226W,YLR056W,0,-7.9706297,0.09320186078548431,0.9810379147529602,0.9565913081169128
YHL024W,YGL192W,0,-7.9955134,0.09319302439689636,0.9810379147529602,0.956691324710846
YIL113W,YHR167W,0,-8.049785,0.09318418800830841,0.9810379147529602,0.956791341304779
YHR113W,YGR215W,0,-8.052154,0.09317535907030106,0.9810379147529602,0.9568913578987122
YLR205C,YOR181W,0,-8.054623,0.0931665226817131,0.9810379147529602,0.9569913744926453
YOR192C,YGL171W,0,-8.057513,0.09315769374370575,0.9810379147529602,0.9570913910865784
YOR192C,YLR057W,0,-8.059557,0.0931488648056984,0.9810379147529602,0.9571914672851562
YMR043W,YCR005C,0,-8.088824,0.09314004331827164,0.9810379147529602,0.9572914838790894
YLL050C,YHR106W,0,-8.100839,0.09313121438026428,0.9810379147529602,0.9573915004730225
YGL049C,YOL032W,0,-8.106167,0.09312239289283752,0.9810379147529602,0.9574915170669556
YFL061W,YOR095C,0,-8.106947,0.09311357140541077,0.9810379147529602,0.9575915336608887
YBR077C,YBR110W,0,-8.108891,0.0931047573685646,0.9810379147529602,0.9576915502548218
YGL190C,YBR066C,1,-8.119021,0.09319064021110535,0.9820359349250793,0.9576915502548218
YNL134C,YPL026C,0,-8.129256,0.09318181872367859,0.9820359349250793,0.9577915668487549
YHR138C,YDR171W,0,-8.147367,0.09317299723625183,0.9820359349250793,0.957891583442688
YHR184W,YGR280C,0,-8.175493,0.09316417574882507,0.9820359349250793,0.9579916000366211
YPR141C,YPR124W,0,-8.2199335,0.09315535426139832,0.9820359349250793,0.9580916166305542
YBR169C,YHR147C,0,-8.235038,0.09314653277397156,0.9820359349250793,0.9581916332244873
YNL317W,YNL061W,0,-8.251202,0.0931377187371254,0.9820359349250793,0.9582916498184204
YGR274C,YPL154C,0,-8.2714,0.09312890470027924,0.9820359349250793,0.9583916664123535
YKR104W,YDR011W,0,-8.274557,0.09312009066343307,0.9820359349250793,0.9584916830062866
YHR178W,YPL198W,0,-8.289241,0.09311127662658691,0.9820359349250793,0.9585916996002197
YDR392W,YJR147W,1,-8.301379,0.09319708496332169,0.9830339550971985,0.9585916996002197
YMR042W,YJL014W,0,-8.303738,0.09318827092647552,0.9830339550971985,0.9586917161941528
YKL156W,YMR262W,0,-8.328163,0.09317945688962936,0.9830339550971985,0.9587917327880859
YOR120W,YHR190W,0,-8.337552,0.0931706428527832,0.9830339550971985,0.958891749382019
YGL136C,YIR023W,0,-8.339228,0.09316182881593704,0.9830339550971985,0.9589918255805969
YBL078C,YHR072W-A,0,-8.348889,0.09315301477909088,0.9830339550971985,0.95909184217453
YCR035C,YDR039C,0,-8.389268,0.09314420819282532,0.9830339550971985,0.9591918587684631
YKL193C,YLR144C,0,-8.40941,0.09313540160655975,0.9830339550971985,0.9592918753623962
YMR286W,YPR151C,0,-8.414989,0.09312659502029419,0.9830339550971985,0.9593918919563293
YML005W,YBL039C,0,-8.421494,0.09311778843402863,0.9830339550971985,0.9594919085502625
YDR436W,YIL109C,0,-8.4532795,0.09310898929834366,0.9830339550971985,0.9595919251441956
YNL244C,YLR214W,0,-8.466399,0.09310019016265869,0.9830339550971985,0.9596919417381287
YMR042W,YBR248C,0,-8.47546,0.09309139102697372,0.9830339550971985,0.9597919583320618
YFR053C,YLR337C,0,-8.478018,0.09308259189128876,0.9830339550971985,0.9598919749259949
YDR329C,YLR150W,0,-8.4809675,0.09307380020618439,0.9830339550971985,0.959991991519928
YIL167W,YNL065W,0,-8.500219,0.09306500107049942,0.9830339550971985,0.9600920081138611
YDR430C,YJL168C,0,-8.513403,0.09305620938539505,0.9830339550971985,0.9601920247077942
YMR207C,YOR252W,0,-8.531753,0.09304741770029068,0.9830339550971985,0.9602920413017273
YCL051W,YFL025C,0,-8.546658,0.0930386334657669,0.9830339550971985,0.9603920578956604
YLR435W,YNL082W,0,-8.556492,0.09302984178066254,0.9830339550971985,0.9604920744895935
YOR127W,YBR066C,1,-8.56053,0.09311549365520477,0.9840319156646729,0.9604920744895935
YDL181W,YNL118C,0,-8.576149,0.0931067019701004,0.9840319156646729,0.9605920910835266
YNL242W,YBR156C,0,-8.580885,0.09309791028499603,0.9840319156646729,0.9606921672821045
YAL062W,YKL079W,0,-8.602089,0.09308912605047226,0.9840319156646729,0.9607921838760376
YOR224C,YGL155W,0,-8.609588,0.09308033436536789,0.9840319156646729,0.9608922004699707
YDL247W,YIL033C,0,-8.626298,0.09307155013084412,0.9840319156646729,0.9609922170639038
YDR259C,YER120W,0,-8.630316,0.09306276589632034,0.9840319156646729,0.9610922336578369
YCR097W,YGL096W,0,-8.640683,0.09305398166179657,0.9840319156646729,0.96119225025177
YGL006W,YDR297W,0,-8.65156,0.0930452048778534,0.9840319156646729,0.9612922668457031
YDR345C,YHR033W,0,-8.661552,0.09303642064332962,0.9840319156646729,0.9613922834396362
YDL212W,YBR169C,0,-8.662159,0.09302764385938644,0.9840319156646729,0.9614923000335693
YMR251W-A,YLR372W,0,-8.67211,0.09301886707544327,0.9840319156646729,0.9615923166275024
YJL145W,YML100W,0,-8.698486,0.09301009029150009,0.9840319156646729,0.9616923332214355
YIL107C,YML107C,0,-8.699457,0.09300132095813751,0.9840319156646729,0.9617923498153687
YFR053C,YNL268W,0,-8.733433,0.09299255162477493,0.9840319156646729,0.9618923664093018
YNL075W,YDR155C,0,-8.749568,0.09298378229141235,0.9840319156646729,0.9619923830032349
YDR007W,YDR441C,0,-8.752644,0.09297501295804977,0.9840319156646729,0.962092399597168
YLR308W,YDR129C,0,-8.758041,0.0929662436246872,0.9840319156646729,0.9621924161911011
YJL101C,YML042W,0,-8.769999,0.09295748174190521,0.9840319156646729,0.9622924327850342
YMR163C,YDR406W,0,-8.828341,0.09294871985912323,0.9840319156646729,0.9623924493789673
YLR323C,YFL044C,0,-8.830425,0.09293995797634125,0.9840319156646729,0.9624925255775452
YHL035C,YLR449W,0,-8.868821,0.09293119609355927,0.9840319156646729,0.9625925421714783
YIL031W,YHR001W-A,0,-8.884985,0.09292244166135788,0.9840319156646729,0.9626925587654114
YNL250W,YLR324W,0,-8.88846,0.0929136797785759,0.9840319156646729,0.9627925753593445
YKL216W,YDR092W,0,-8.889996,0.09290492534637451,0.9840319156646729,0.9628925919532776
YCR028C-A,YDL132W,0,-8.906266,0.09289617836475372,0.9840319156646729,0.9629926085472107
YMR162C,YIL111W,0,-8.91831,0.09288742393255234,0.9840319156646729,0.9630926251411438
YLR154C,YOL119C,0,-8.923231,0.09287867695093155,0.9840319156646729,0.9631926417350769
YGR207C,YOR129C,0,-8.936707,0.09286992251873016,0.9840319156646729,0.96329265832901
YOR247W,YML029W,0,-8.943026,0.09286117553710938,0.9840319156646729,0.9633926749229431
YGL141W,YDR507C,0,-8.964995,0.09285243600606918,0.9840319156646729,0.9634926915168762
YPL146C,YDR085C,0,-8.987273,0.0928436890244484,0.9840319156646729,0.9635927081108093
YIL162W,YMR280C,0,-9.029676,0.0928349494934082,0.9840319156646729,0.9636927247047424
YLR343W,YBR221C,0,-9.036303,0.09282620996236801,0.9840319156646729,0.9637927412986755
YIL130W,YDR287W,0,-9.038267,0.09281747043132782,0.9840319156646729,0.9638927578926086
YML118W,YNL065W,0,-9.039975,0.09280873835086823,0.9840319156646729,0.9639927744865417
YER142C,YPR156C,0,-9.055412,0.09279999881982803,0.9840319156646729,0.9640927910804749
YCR018C,YGL125W,0,-9.092498,0.09279126673936844,0.9840319156646729,0.9641928672790527
YER106W,YJR068W,0,-9.109922,0.09278253465890884,0.9840319156646729,0.9642928838729858
YPL235W,YDL204W,0,-9.134981,0.09277380257844925,0.9840319156646729,0.964392900466919
YPL036W,YHR010W,0,-9.144849,0.09276507794857025,0.9840319156646729,0.964492917060852
YER053C,YOR034C,0,-9.154699,0.09275635331869125,0.9840319156646729,0.9645929336547852
YDR075W,YMR280C,0,-9.159416,0.09274762123823166,0.9840319156646729,0.9646929502487183
YOR328W,YHR081W,0,-9.160987,0.09273890405893326,0.9840319156646729,0.9647929668426514
YOL089C,YGL029W,0,-9.166315,0.09273017942905426,0.9840319156646729,0.9648929834365845
YER011W,YDR486C,0,-9.169844,0.09272146224975586,0.9840319156646729,0.9649930000305176
YER111C,YHL021C,0,-9.179511,0.09271273761987686,0.9840319156646729,0.9650930166244507
YOR244W,YER072W,0,-9.1819515,0.09270402044057846,0.9840319156646729,0.9651930332183838
YPR041W,YMR322C,0,-9.207057,0.09269531071186066,0.9840319156646729,0.9652930498123169
YGR204W,YCR106W,0,-9.213976,0.09268659353256226,0.9840319156646729,0.96539306640625
YDR028C,YLR276C,0,-9.244495,0.09267788380384445,0.9840319156646729,0.9654930830001831
YGR074W,YAL025C,0,-9.258105,0.09266917407512665,0.9840319156646729,0.9655930995941162
YDR038C,YDR216W,0,-9.271999,0.09266046434640884,0.9840319156646729,0.9656931161880493
YLR174W,YDR004W,0,-9.2825165,0.09265175461769104,0.9840319156646729,0.9657931327819824
YPR046W,YKL084W,0,-9.300084,0.09264305233955383,0.9840319156646729,0.9658931493759155
YDR358W,YPL015C,0,-9.313246,0.09263435006141663,0.9840319156646729,0.9659932255744934
YPR055W,YDL137W,0,-9.3133335,0.09262564778327942,0.9840319156646729,0.9660932421684265
YNL065W,YBR290W,0,-9.318725,0.09261694550514221,0.9840319156646729,0.9661932587623596
YPL204W,YJR137C,0,-9.332775,0.092608243227005,0.9840319156646729,0.9662932753562927
YHR171W,YOL095C,0,-9.374445,0.0925995483994484,0.9840319156646729,0.9663932919502258
YML131W,YER110C,0,-9.380019,0.09259085357189178,0.9840319156646729,0.9664933085441589
YIL066C,YJL174W,0,-9.394328,0.09258215874433517,0.9840319156646729,0.966593325138092
YIL101C,YGR192C,0,-9.423659,0.09257346391677856,0.9840319156646729,0.9666933417320251
YOL052C-A,YML111W,0,-9.423901,0.09256477653980255,0.9840319156646729,0.9667933583259583
YLR207W,YGR211W,0,-9.430698,0.09255608916282654,0.9840319156646729,0.9668933749198914
YHR170W,YEL048C,0,-9.462184,0.09254740178585052,0.9840319156646729,0.9669933915138245
YMR189W,YDL191W,0,-9.490778,0.09253871440887451,0.9840319156646729,0.9670934081077576
YDR197W,YBR280C,0,-9.504298,0.0925300270318985,0.9840319156646729,0.9671934247016907
YHL025W,YER007C-A,0,-9.510159,0.09252134710550308,0.9840319156646729,0.9672934412956238
YCL039W,YJL083W,0,-9.604116,0.09251266717910767,0.9840319156646729,0.9673934578895569
YDR516C,YHR091C,0,-9.624926,0.09250398725271225,0.9840319156646729,0.96749347448349
YBR126C,YNR055C,0,-9.64424,0.09249530732631683,0.9840319156646729,0.9675934910774231
YPR199C,YIL155C,0,-9.676149,0.09248663485050201,0.9840319156646729,0.967693567276001
YGL099W,YDR123C,0,-9.684759,0.0924779623746872,0.9840319156646729,0.9677935838699341
YDL130W-A,YOR346W,0,-9.70948,0.09246928989887238,0.9840319156646729,0.9678936004638672
YGL191W,YLL028W,0,-9.727882,0.09246061742305756,0.9840319156646729,0.9679936170578003
YHR039C,YMR323W,0,-9.742917,0.09245194494724274,0.9840319156646729,0.9680936336517334
YNL298W,YBR066C,1,-9.765331,0.0925370305776596,0.985029935836792,0.9680936336517334
YDL106C,YER069W,0,-9.778248,0.09252835810184479,0.985029935836792,0.9681936502456665
YGL238W,YGR174C,0,-9.787178,0.09251968562602997,0.985029935836792,0.9682936668395996
YER088C,YMR131C,0,-9.8203745,0.09251101315021515,0.985029935836792,0.9683936834335327
YDR252W,YDR342C,0,-9.82945,0.09250234067440033,0.985029935836792,0.9684937000274658
YAL002W,YOR196C,0,-9.847071,0.09249367564916611,0.985029935836792,0.9685937166213989
YPL186C,YDL120W,0,-9.84821,0.09248501062393188,0.985029935836792,0.968693733215332
YKR067W,YGR245C,0,-9.856853,0.09247634559869766,0.985029935836792,0.9687937498092651
YCR021C,YGR193C,0,-9.874099,0.09246768057346344,0.985029935836792,0.9688937664031982
YNL113W,YGL059W,0,-9.898907,0.09245901554822922,0.985029935836792,0.9689937829971313
YGL184C,YGL078C,0,-9.904914,0.09245035797357559,0.985029935836792,0.9690937995910645
YHR072W,YBR290W,0,-9.934799,0.09244170039892197,0.985029935836792,0.9691938161849976
YOR295W,YIL155C,0,-9.952469,0.09243304282426834,0.985029935836792,0.9692938327789307
YKR014C,YER045C,0,-9.96034,0.09242438524961472,0.985029935836792,0.9693938493728638
YBR038W,YLR201C,0,-10.055609,0.09241572767496109,0.985029935836792,0.9694939255714417
YDR464W,YMR280C,0,-10.073981,0.09240707755088806,0.985029935836792,0.9695939421653748
YBL097W,YHR169W,0,-10.107279,0.09239842742681503,0.985029935836792,0.9696939587593079
YPL164C,YHR201C,0,-10.110467,0.092389777302742,0.985029935836792,0.969793975353241
YKL192C,YNL036W,0,-10.142424,0.09238112717866898,0.985029935836792,0.9698939919471741
YDR523C,YIL150C,0,-10.142733,0.09237248450517654,0.985029935836792,0.9699940085411072
YHR207C,YGL196W,0,-10.14311,0.09236384183168411,0.985029935836792,0.9700940251350403
YJR042W,YBR084W,0,-10.178732,0.09235519915819168,0.985029935836792,0.9701940417289734
YOR242C,YMR041C,0,-10.185356,0.09234655648469925,0.985029935836792,0.9702940583229065
YPL133C,YNL036W,0,-10.212814,0.09233791381120682,0.985029935836792,0.9703940749168396
YNL305C,YLR450W,0,-10.220867,0.09232927858829498,0.985029935836792,0.9704940915107727
YPR079W,YJL138C,0,-10.230897,0.09232064336538315,0.985029935836792,0.9705941081047058
YDR204W,YBR253W,0,-10.2396555,0.09231200814247131,0.985029935836792,0.9706941246986389
YLR069C,YHR161C,0,-10.261612,0.09230337291955948,0.985029935836792,0.970794141292572
YKR052C,YOR033C,0,-10.26283,0.09229474514722824,0.985029935836792,0.9708941578865051
YOL051W,YGL059W,0,-10.301001,0.092286117374897,0.985029935836792,0.9709941744804382
YGL171W,YMR199W,0,-10.318522,0.09227748960256577,0.985029935836792,0.9710941910743713
YLL015W,YHR106W,0,-10.320427,0.09226886183023453,0.985029935836792,0.9711942672729492
YPR184W,YDR216W,0,-10.332138,0.09226023405790329,0.985029935836792,0.9712942838668823
YJR045C,YGR048W,0,-10.346895,0.09225161373615265,0.985029935836792,0.9713943004608154
YBR084W,YHR166C,0,-10.383724,0.09224299341440201,0.985029935836792,0.9714943170547485
YNL278W,YDR060W,0,-10.390284,0.09223437309265137,0.985029935836792,0.9715943336486816
YGL116W,YIL099W,0,-10.403153,0.09222575277090073,0.985029935836792,0.9716943502426147
YDR513W,YPL075W,0,-10.430842,0.09221713244915009,0.985029935836792,0.9717943668365479
YKR090W,YEL011W,0,-10.435516,0.09220851957798004,0.985029935836792,0.971894383430481
YDL005C,YML116W,0,-10.446606,0.09219990670681,0.985029935836792,0.9719944000244141
YBR066C,YER118C,1,-10.506765,0.09228470176458359,0.9860279560089111,0.9719944000244141
YOR208W,YFL055W,0,-10.531097,0.09227608144283295,0.9860279560089111,0.9720944166183472
YNL063W,YIL107C,0,-10.59226,0.0922674611210823,0.9860279560089111,0.9721944332122803
YIR017C,YNL329C,0,-10.608267,0.09225884824991226,0.9860279560089111,0.9722944498062134
YDR246W,YGL107C,0,-10.622704,0.09225023537874222,0.9860279560089111,0.9723944664001465
YCR020C,YOR101W,0,-10.625834,0.09224162250757217,0.9860279560089111,0.9724944829940796
YIL155C,YIL124W,0,-10.634097,0.09223300963640213,0.9860279560089111,0.9725944995880127
YGR207C,YOR369C,0,-10.648057,0.09222439676523209,0.9860279560089111,0.9726945161819458
YNL331C,YPR151C,0,-10.668868,0.09221579134464264,0.9860279560089111,0.9727945327758789
YGL124C,YIL101C,0,-10.674488,0.09220718592405319,0.9860279560089111,0.972894549369812
YHL047C,YKL127W,0,-10.676604,0.09219858050346375,0.9860279560089111,0.9729946255683899
YLR075W,YJR090C,0,-10.724812,0.0921899750828743,0.9860279560089111,0.973094642162323
YGL184C,YNL076W,0,-10.728585,0.09218137711286545,0.9860279560089111,0.9731946587562561
YML126C,YJR097W,0,-10.797619,0.0921727791428566,0.9860279560089111,0.9732946753501892
YAL058W,YHR178W,0,-10.807001,0.09216418117284775,0.9860279560089111,0.9733946919441223
YDL010W,YOL059W,0,-10.837481,0.0921555832028389,0.9860279560089111,0.9734947085380554
YNL061W,YLR258W,0,-10.839504,0.09214698523283005,0.9860279560089111,0.9735947251319885
YJL102W,YAL023C,0,-10.893732,0.0921383947134018,0.9860279560089111,0.9736947417259216
YGL006W,YMR170C,0,-10.898304,0.09212980419397354,0.9860279560089111,0.9737947583198547
YOR367W,YPL230W,0,-10.905122,0.09212121367454529,0.9860279560089111,0.9738947749137878
YBR066C,YLL021W,1,-10.906412,0.09220585227012634,0.9870259761810303,0.9738947749137878
YKR067W,YDL030W,0,-10.915288,0.09219726175069809,0.9870259761810303,0.973994791507721
YER183C,YLR174W,0,-10.91669,0.09218866378068924,0.9870259761810303,0.974094808101654
YLR320W,YDR091C,0,-10.925037,0.09218007326126099,0.9870259761810303,0.9741948246955872
YIL130W,YDL239C,0,-10.984797,0.09217148274183273,0.9870259761810303,0.9742948412895203
YML009C,YPL177C,0,-11.0581665,0.09216289222240448,0.9870259761810303,0.9743948578834534
YOL132W,YGL035C,0,-11.106374,0.09215430170297623,0.9870259761810303,0.9744948744773865
YER100W,YJR145C,0,-11.1289625,0.09214571863412857,0.9870259761810303,0.9745948910713196
YCL039W,YGL133W,0,-11.176951,0.09213713556528091,0.9870259761810303,0.9746949672698975
YKR095W,YNL209W,0,-11.17707,0.09212855249643326,0.9870259761810303,0.9747949838638306
YOR120W,YDR148C,0,-11.184703,0.0921199694275856,0.9870259761810303,0.9748950004577637
YER001W,YJL026W,0,-11.19009,0.09211139380931854,0.9870259761810303,0.9749950170516968
YFR028C,YCR005C,0,-11.213869,0.09210281074047089,0.9870259761810303,0.9750950336456299
YJR042W,YMR040W,0,-11.218636,0.09209423512220383,0.9870259761810303,0.975195050239563
YLL039C,YCR038C,0,-11.228715,0.09208565950393677,0.9870259761810303,0.9752950668334961
YOR247W,YOR303W,0,-11.231983,0.0920770913362503,0.9870259761810303,0.9753950834274292
YLR196W,YPL221W,0,-11.318681,0.09206851571798325,0.9870259761810303,0.9754951000213623
YOR341W,YGR172C,0,-11.320606,0.09205994755029678,0.9870259761810303,0.9755951166152954
YGR060W,YBR083W,0,-11.356073,0.09205137938261032,0.9870259761810303,0.9756951332092285
YOR341W,YAL002W,0,-11.430336,0.09204281121492386,0.9870259761810303,0.9757951498031616
YER004W,YML104C,0,-11.45214,0.0920342430472374,0.9870259761810303,0.9758951663970947
YOL103W,YPL236C,0,-11.468544,0.09202568233013153,0.9870259761810303,0.9759951829910278
YDL006W,YDR258C,0,-11.477247,0.09201712161302567,0.9870259761810303,0.9760951995849609
YJL183W,YGL126W,0,-11.500336,0.0920085608959198,0.9870259761810303,0.976195216178894
YOL052C-A,YPR124W,0,-11.508413,0.09200000017881393,0.9870259761810303,0.9762952327728271
YER169W,YDL110C,0,-11.521131,0.09199143946170807,0.9870259761810303,0.9763952493667603
YJL057C,YLL052C,0,-11.615821,0.0919828861951828,0.9870259761810303,0.9764953255653381
YMR175W,YER157W,0,-11.623148,0.09197433292865753,0.9870259761810303,0.9765953421592712
YCL039W,YML005W,0,-11.637217,0.09196577966213226,0.9870259761810303,0.9766953587532043
YFR055W,YLR054C,0,-11.637598,0.091957226395607,0.9870259761810303,0.9767953753471375
YGR138C,YDR287W,0,-11.659403,0.09194868057966232,0.9870259761810303,0.9768953919410706
YJL102W,YMR135C,0,-11.686164,0.09194013476371765,0.9870259761810303,0.9769954085350037
YMR189W,YBR175W,0,-11.702796,0.09193158894777298,0.9870259761810303,0.9770954251289368
YJR045C,YGL096W,0,-11.703981,0.09192304313182831,0.9870259761810303,0.9771954417228699
YOR374W,YGL155W,0,-11.723551,0.09191449731588364,0.9870259761810303,0.977295458316803
YOL100W,YDR399W,0,-11.735432,0.09190595895051956,0.9870259761810303,0.9773954749107361
YPR151C,YNL312W,0,-11.765639,0.09189741313457489,0.9870259761810303,0.9774954915046692
YNL132W,YML120C,0,-11.780689,0.09188888221979141,0.9870259761810303,0.9775955080986023
YBR126C,YDL103C,0,-11.827837,0.09188034385442734,0.9870259761810303,0.9776955246925354
YBL039C,YGR076C,0,-11.8332205,0.09187180548906326,0.9870259761810303,0.9777955412864685
YOR001W,YJR125C,0,-11.863921,0.09186327457427979,0.9870259761810303,0.9778955578804016
YGL156W,YDR189W,0,-11.875347,0.09185474365949631,0.9870259761810303,0.9779955744743347
YDR122W,YBR048W,0,-11.919788,0.09184621274471283,0.9870259761810303,0.9780955910682678
YNL292W,YJL026W,0,-11.949373,0.09183768182992935,0.9870259761810303,0.9781956672668457
YDR358W,YDR006C,0,-11.963233,0.09182915836572647,0.9870259761810303,0.9782956838607788
YCL027W,YKR090W,0,-11.999119,0.091820627450943,0.9870259761810303,0.9783957004547119
YAL041W,YBR066C,1,-12.008514,0.09190493822097778,0.9880239367485046,0.9783957004547119
YGR156W,YDL204W,0,-12.015476,0.0918964073061943,0.9880239367485046,0.978495717048645
YNR049C,YBR127C,0,-12.041026,0.09188787639141083,0.9880239367485046,0.9785957336425781
YCR042C,YPL230W,0,-12.071857,0.09187935292720795,0.9880239367485046,0.9786957502365112
YDR533C,YLR357W,0,-12.094953,0.09187082201242447,0.9880239367485046,0.9787957668304443
YNL101W,YDR273W,0,-12.13608,0.09186229854822159,0.9880239367485046,0.9788957834243774
YMR158W,YOL058W,0,-12.164799,0.09185377508401871,0.9880239367485046,0.9789958000183105
YGR289C,YDL052C,0,-12.173895,0.09184525161981583,0.9880239367485046,0.9790958166122437
YNL310C,YDR019C,0,-12.244516,0.09183673560619354,0.9880239367485046,0.9791958332061768
YBL082C,YKL033W,0,-12.273855,0.09182821959257126,0.9880239367485046,0.9792958498001099
YDR052C,YBR156C,0,-12.2937355,0.09181969612836838,0.9880239367485046,0.979395866394043
YJL048C,YKR086W,0,-12.323379,0.09181118756532669,0.9880239367485046,0.9794958829879761
YPL186C,YNL308C,0,-12.333929,0.0918026715517044,0.9880239367485046,0.9795958995819092
YDR147W,YOL032W,0,-12.335593,0.09179415553808212,0.9880239367485046,0.9796959161758423
YNL305C,YLR133W,0,-12.355278,0.09178564697504044,0.9880239367485046,0.9797959327697754
YBL013W,YCR035C,0,-12.372558,0.09177713841199875,0.9880239367485046,0.9798960089683533
YPR155C,YBL027W,0,-12.3986635,0.09176862984895706,0.9880239367485046,0.9799960255622864
YJR010C-A,YPL217C,0,-12.433504,0.09176012873649597,0.9880239367485046,0.9800960421562195
YDR069C,YPL256C,0,-12.464378,0.09175162017345428,0.9880239367485046,0.9801960587501526
YLR466W,YEL004W,0,-12.499563,0.0917431190609932,0.9880239367485046,0.9802960753440857
YPL123C,YIR006C,0,-12.502405,0.0917346179485321,0.9880239367485046,0.9803960919380188
YNL220W,YML131W,0,-12.506382,0.09172611683607101,0.9880239367485046,0.9804961085319519
YLR406C,YKL091C,0,-12.568955,0.09171762317419052,0.9880239367485046,0.980596125125885
YDR116C,YJL102W,0,-12.573577,0.09170912206172943,0.9880239367485046,0.9806961417198181
YLL039C,YJL041W,0,-12.593763,0.09170062839984894,0.9880239367485046,0.9807961583137512
YNL245C,YKR053C,0,-12.602828,0.09169213473796844,0.9880239367485046,0.9808961749076843
YGL192W,YKL011C,0,-12.621363,0.09168364852666855,0.9880239367485046,0.9809961915016174
YLR421C,YLR205C,0,-12.626578,0.09167515486478806,0.9880239367485046,0.9810962080955505
YDR258C,YMR280C,0,-12.642601,0.09166666865348816,0.9880239367485046,0.9811962246894836
YOR101W,YML042W,0,-12.659404,0.09165818244218826,0.9880239367485046,0.9812962412834167
YHR204W,YMR105C,0,-12.747481,0.09164969623088837,0.9880239367485046,0.9813962578773499
YMR040W,YPL237W,0,-12.76972,0.09164121001958847,0.9880239367485046,0.981496274471283
YML106W,YGR161C,0,-12.793307,0.09163273125886917,0.9880239367485046,0.9815962910652161
YNL292W,YNL328C,0,-12.813721,0.09162424504756927,0.9880239367485046,0.981696367263794
YKL033W,YDL051W,0,-12.81657,0.09161576628684998,0.9880239367485046,0.981796383857727
YDL236W,YDR425W,0,-12.81743,0.09160729497671127,0.9880239367485046,0.9818964004516602
YBR058C,YIL155C,0,-12.851601,0.09159881621599197,0.9880239367485046,0.9819964170455933
YLR150W,YDR342C,0,-12.853685,0.09159034490585327,0.9880239367485046,0.9820964336395264
YCL033C,YKR086W,0,-12.915352,0.09158186614513397,0.9880239367485046,0.9821964502334595
YFL026W,YGR244C,0,-12.963106,0.09157339483499527,0.9880239367485046,0.9822964668273926
YDL087C,YKL079W,0,-12.97122,0.09156493097543716,0.9880239367485046,0.9823964834213257
YLR115W,YLR174W,0,-13.05722,0.09155645966529846,0.9880239367485046,0.9824965000152588
YDR202C,YCR072C,0,-13.057886,0.09154799580574036,0.9880239367485046,0.9825965166091919
YLR327C,YOR057W,0,-13.091841,0.09153953194618225,0.9880239367485046,0.982696533203125
YHR157W,YGL211W,0,-13.147821,0.09153106808662415,0.9880239367485046,0.9827965497970581
YIL125W,YNL209W,0,-13.167919,0.09152260422706604,0.9880239367485046,0.9828965663909912
YKL181W,YOR386W,0,-13.204773,0.09151414036750793,0.9880239367485046,0.9829965829849243
YJL059W,YLR150W,0,-13.206442,0.09150568395853043,0.9880239367485046,0.9830965995788574
YNL299W,YLL009C,0,-13.238964,0.09149722754955292,0.9880239367485046,0.9831966161727905
YML054C,YDR156W,0,-13.309184,0.09148877114057541,0.9880239367485046,0.9832966327667236
YER179W,YNL151C,0,-13.312359,0.0914803147315979,0.9880239367485046,0.9833967089653015
YDR074W,YFL025C,0,-13.416481,0.09147186577320099,0.9880239367485046,0.9834967255592346
YNL072W,YER045C,0,-13.429588,0.09146341681480408,0.9880239367485046,0.9835967421531677
YER033C,YEL006W,0,-13.63671,0.09145496785640717,0.9880239367485046,0.9836967587471008
YDR522C,YLR448W,0,-13.642414,0.09144651889801025,0.9880239367485046,0.9837967753410339
YMR243C,YDL132W,0,-13.650638,0.09143806993961334,0.9880239367485046,0.983896791934967
YOL052C-A,YDR377W,0,-13.697326,0.09142962843179703,0.9880239367485046,0.9839968085289001
YDL060W,YNL301C,0,-13.701366,0.09142118692398071,0.9880239367485046,0.9840968251228333
YPL123C,YPL189W,0,-13.726276,0.0914127454161644,0.9880239367485046,0.9841968417167664
YDR346C,YDR214W,0,-13.789873,0.09140430390834808,0.9880239367485046,0.9842968583106995
YCL027W,YOR091W,0,-13.801912,0.09139586240053177,0.9880239367485046,0.9843968749046326
YNL001W,YBR066C,1,-13.823854,0.09147974103689194,0.9890219569206238,0.9843968749046326
YNL130C,YBR114W,0,-13.876532,0.09147129207849503,0.9890219569206238,0.9844968914985657
YGL141W,YLR022C,0,-13.9046955,0.09146285057067871,0.9890219569206238,0.9845969080924988
YIL125W,YOL115W,0,-14.058568,0.0914544090628624,0.9890219569206238,0.9846969246864319
YMR291W,YHR139C,0,-14.081271,0.09144597500562668,0.9890219569206238,0.984796941280365
YML130C,YMR094W,0,-14.165422,0.09143753349781036,0.9890219569206238,0.9848969578742981
YNR056C,YHR052W,0,-14.180685,0.09142909944057465,0.9890219569206238,0.9849969744682312
YBR005W,YDR165W,0,-14.187445,0.09142066538333893,0.9890219569206238,0.9850969910621643
YLR003C,YLR109W,0,-14.41275,0.09141223132610321,0.9890219569206238,0.9851970672607422
YGL184C,YML085C,0,-14.416858,0.09140379726886749,0.9890219569206238,0.9852970838546753
YGL018C,YJL157C,0,-14.436003,0.09139537066221237,0.9890219569206238,0.9853971004486084
YDL178W,YHL016C,0,-14.481062,0.09138694405555725,0.9890219569206238,0.9854971170425415
YIL031W,YDR533C,0,-14.802465,0.09137851744890213,0.9890219569206238,0.9855971336364746
YOR173W,YHR115C,0,-14.815881,0.09137009084224701,0.9890219569206238,0.9856971502304077
YLR356W,YGR088W,0,-14.930378,0.09136166423559189,0.9890219569206238,0.9857971668243408
YGR158C,YJR158W,0,-14.954832,0.09135324507951736,0.9890219569206238,0.9858971834182739
YBR193C,YML100W,0,-14.961622,0.09134482592344284,0.9890219569206238,0.985997200012207
YHR104W,YEL064C,0,-15.0244255,0.09133640676736832,0.9890219569206238,0.9860972166061401
YML042W,YFR034C,0,-15.062709,0.09132798761129379,0.9890219569206238,0.9861972332000732
YGL206C,YHR089C,0,-15.102732,0.09131957590579987,0.9890219569206238,0.9862972497940063
YFR049W,YJL025W,0,-15.185457,0.09131115674972534,0.9890219569206238,0.9863972663879395
YGL022W,YDL222C,0,-15.249914,0.09130274504423141,0.9890219569206238,0.9864972829818726
YFR053C,YLR307W,0,-15.309004,0.09129433333873749,0.9890219569206238,0.9865972995758057
YGL184C,YOL013C,0,-15.310928,0.09128592163324356,0.9890219569206238,0.9866973161697388
YJL162C,YAL005C,0,-15.509401,0.09127751737833023,0.9890219569206238,0.9867973327636719
YPL135W,YFR030W,0,-15.522695,0.0912691131234169,0.9890219569206238,0.9868974089622498
YOR374W,YJL008C,0,-15.542544,0.09126070886850357,0.9890219569206238,0.9869974255561829
YML131W,YJR016C,0,-15.571523,0.09125230461359024,0.9890219569206238,0.987097442150116
YPL281C,YDL213C,0,-15.68445,0.09124390035867691,0.9890219569206238,0.9871974587440491
YGL181W,YLR081W,0,-15.86167,0.09123550355434418,0.9890219569206238,0.9872974753379822
YHR016C,YIL171W,0,-15.95946,0.09122709929943085,0.9890219569206238,0.9873974919319153
YKL096W,YOL091W,0,-16.024975,0.09121870249509811,0.9890219569206238,0.9874975085258484
YHR157W,YOR361C,0,-16.029537,0.09121030569076538,0.9890219569206238,0.9875975251197815
YJL212C,YDL085W,0,-16.031712,0.09120191633701324,0.9890219569206238,0.9876975417137146
YAL028W,YBL084C,0,-16.098572,0.09119351953268051,0.9890219569206238,0.9877975583076477
YPL123C,YDL017W,0,-16.136986,0.09118513017892838,0.9890219569206238,0.9878975749015808
YLR431C,YNL111C,0,-16.259094,0.09117674082517624,0.9890219569206238,0.9879975914955139
YHL035C,YKL181W,0,-16.307842,0.0911683514714241,0.9890219569206238,0.988097608089447
YMR104C,YDR101C,0,-16.395897,0.09115996956825256,0.9890219569206238,0.9881976246833801
YDR080W,YBR084W,0,-16.480625,0.09115158021450043,0.9890219569206238,0.9882976412773132
YDR273W,YJL210W,0,-16.504112,0.09114319831132889,0.9890219569206238,0.9883976578712463
YNR051C,YDR171W,0,-16.534836,0.09113481640815735,0.9890219569206238,0.9884976744651794
YCR035C,YGR008C,0,-16.583755,0.09112643450498581,0.9890219569206238,0.9885976910591125
YHR001W,YDL014W,0,-16.943003,0.09111806005239487,0.9890219569206238,0.9886977672576904
YER075C,YDR342C,0,-16.970177,0.09110967814922333,0.9890219569206238,0.9887977838516235
YER142C,YNL111C,0,-17.078995,0.09110130369663239,0.9890219569206238,0.9888978004455566
YHR148W,YLR133W,0,-17.10572,0.09109292924404144,0.9890219569206238,0.9889978170394897
YPL220W,YBR290W,0,-17.14893,0.0910845622420311,0.9890219569206238,0.9890978336334229
YAL061W,YGR183C,0,-17.178299,0.09107618778944016,0.9890219569206238,0.989197850227356
YDL010W,YPR124W,0,-17.34373,0.09106782078742981,0.9890219569206238,0.9892978668212891
YBR066C,YDL024C,1,-17.800303,0.09115133434534073,0.9900199770927429,0.9892978668212891
YJL151C,YML075C,0,-17.82748,0.09114295989274979,0.9900199770927429,0.9893978834152222
YLR154C,YMR199W,0,-17.940937,0.09113458544015884,0.9900199770927429,0.9894979000091553
YLR362W,YBR066C,1,-17.957975,0.09121807664632797,0.9910179376602173,0.9894979000091553
YHR092C,YGR059W,0,-18.052517,0.09120970219373703,0.9910179376602173,0.9895979166030884
YJL048C,YER045C,0,-18.207188,0.09120132029056549,0.9910179376602173,0.9896979331970215
YOR242C,YAL005C,0,-18.36418,0.09119294583797455,0.9910179376602173,0.9897979497909546
YNL199C,YGR008C,0,-18.589075,0.0911845713853836,0.9910179376602173,0.9898979663848877
YPL249C,YEL032W,0,-18.609213,0.09117619693279266,0.9910179376602173,0.9899979829788208
YKR077W,YBR084W,0,-18.64648,0.09116782993078232,0.9910179376602173,0.9900979995727539
YOR371C,YBR066C,1,-18.757648,0.09125126153230667,0.9920159578323364,0.9900979995727539
YCR021C,YKR065C,0,-18.834093,0.09124288707971573,0.9920159578323364,0.990198016166687
YJR009C,YDR330W,0,-18.852419,0.09123451262712479,0.9920159578323364,0.9902980327606201
YMR104C,YGR188C,0,-18.897583,0.09122613817453384,0.9920159578323364,0.990398108959198
YMR303C,YPR175W,0,-18.95412,0.0912177637219429,0.9920159578323364,0.9904981255531311
YBR045C,YDR300C,0,-19.19154,0.09120939671993256,0.9920159578323364,0.9905981421470642
YKL096W,YOL089C,0,-19.232002,0.09120102971792221,0.9920159578323364,0.9906981587409973
YNL025C,YBR034C,0,-19.25532,0.09119266271591187,0.9920159578323364,0.9907981753349304
YKL096W,YDR463W,0,-19.320456,0.09118429571390152,0.9920159578323364,0.9908981919288635
YDL223C,YLR396C,0,-19.417072,0.09117592871189117,0.9920159578323364,0.9909982085227966
YMR161W,YBL075C,0,-19.661114,0.09116756916046143,0.9920159578323364,0.9910982251167297
YMR058W,YNL067W,0,-19.766836,0.09115920960903168,0.9920159578323364,0.9911982417106628
YLR327C,YJL186W,0,-20.007366,0.09115085005760193,0.9920159578323364,0.991298258304596
YDR406W,YPL043W,0,-20.06265,0.09114249050617218,0.9920159578323364,0.991398274898529
YBR105C,YMR234W,0,-20.126423,0.09113413095474243,0.9920159578323364,0.9914982914924622
YOL064C,YIL155C,0,-20.288467,0.09112577885389328,0.9920159578323364,0.9915983080863953
YMR158W,YCL044C,0,-20.48223,0.09111742675304413,0.9920159578323364,0.9916983246803284
YDR273W,YLR371W,0,-20.498148,0.09110907465219498,0.9920159578323364,0.9917983412742615
YKL163W,YML094W,0,-20.501968,0.09110072255134583,0.9920159578323364,0.9918983578681946
YMR106C,YGR245C,0,-20.546638,0.09109237790107727,0.9920159578323364,0.9919983744621277
YDL091C,YJL050W,0,-20.632282,0.09108402580022812,0.9920159578323364,0.9920983910560608
YAL011W,YOR348C,0,-20.727701,0.09107568114995956,0.9920159578323364,0.9921984672546387
YLR327C,YKR059W,0,-20.878357,0.09106733649969101,0.9920159578323364,0.9922984838485718
YMR238W,YBR066C,1,-21.11773,0.09115060418844223,0.9930139780044556,0.9922984838485718
YDR107C,YBR066C,1,-21.232618,0.09123385697603226,0.9940119981765747,0.9922984838485718
YMR104C,YJL102W,0,-21.394592,0.09122549742460251,0.9940119981765747,0.9923985004425049
YHR036W,YJL116C,0,-21.45364,0.09121714532375336,0.9940119981765747,0.992498517036438
YJR025C,YCR072C,0,-21.461103,0.0912087932229042,0.9940119981765747,0.9925985336303711
YPR184W,YBR029C,0,-21.823116,0.09120044112205505,0.9940119981765747,0.9926985502243042
YOR120W,YLR377C,0,-21.843777,0.0911920890212059,0.9940119981765747,0.9927985668182373
YOR320C,YBR169C,0,-22.03351,0.09118374437093735,0.9940119981765747,0.9928985834121704
YPR020W,YMR287C,0,-22.061943,0.0911753922700882,0.9940119981765747,0.9929986000061035
YLL021W,YDR204W,0,-22.084213,0.09116704761981964,0.9940119981765747,0.9930986166000366
YIR019C,YBR066C,1,-22.561754,0.0912502259016037,0.9950099587440491,0.9930986166000366
YHR111W,YBR066C,1,-22.570038,0.09133339673280716,0.9960079789161682,0.9930986166000366
YMR164C,YBR066C,1,-22.582626,0.09141654521226883,0.9970059990882874,0.9930986166000366
YBR105C,YMR220W,0,-22.590113,0.09140817821025848,0.9970059990882874,0.9931986331939697
YOR065W,YHR197W,0,-22.628899,0.09139981865882874,0.9970059990882874,0.9932986497879028
YBR083W,YDR043C,1,-22.740705,0.09148293733596802,0.9980040192604065,0.9932986497879028
YDR375C,YHR094C,0,-22.825994,0.09147457033395767,0.9980040192604065,0.9933986663818359
YJL051W,YGR194C,0,-23.004457,0.09146620333194733,0.9980040192604065,0.993498682975769
YDR204W,YGL211W,0,-23.16132,0.09145783632993698,0.9980040192604065,0.9935986995697021
YLR327C,YNL207W,0,-23.50658,0.09144947677850723,0.9980040192604065,0.9936987161636353
YJR159W,YDR395W,0,-23.680605,0.09144110977649689,0.9980040192604065,0.9937987327575684
YER131W,YJR159W,0,-23.789593,0.09143275022506714,0.9980040192604065,0.9938988089561462
YHR013C,YDL222C,0,-23.82586,0.09142439067363739,0.9980040192604065,0.9939988255500793
YDR538W,YDR342C,0,-23.933285,0.09141603112220764,0.9980040192604065,0.9940988421440125
YEL039C,YNL331C,0,-24.105175,0.09140767902135849,0.9980040192604065,0.9941988587379456
YJL116C,YKL173W,0,-24.170105,0.09139932692050934,0.9980040192604065,0.9942988753318787
YNL112W,YGL178W,0,-24.392662,0.09139096736907959,0.9980040192604065,0.9943988919258118
YPL212C,YGR194C,0,-24.440483,0.09138262271881104,0.9980040192604065,0.9944989085197449
YBR084W,YML004C,0,-24.710697,0.09137427061796188,0.9980040192604065,0.994598925113678
YDR288W,YEL039C,0,-24.839043,0.09136591851711273,0.9980040192604065,0.9946989417076111
YDR437W,YPL123C,0,-24.840984,0.09135757386684418,0.9980040192604065,0.9947989583015442
YAL061W,YIL031W,0,-25.099117,0.09134922921657562,0.9980040192604065,0.9948989748954773
YML054C,YJR126C,0,-25.223946,0.09134088456630707,0.9980040192604065,0.9949989914894104
YGR080W,YLR190W,0,-25.243082,0.09133253991603851,0.9980040192604065,0.9950990080833435
YDR158W,YLR205C,0,-26.257748,0.09132420271635056,0.9980040192604065,0.9951990246772766
YPR151C,YJL014W,0,-26.259846,0.091315858066082,0.9980040192604065,0.9952990412712097
YNR050C,YPR184W,0,-26.817045,0.09130752086639404,0.9980040192604065,0.9953990578651428
YBR033W,YPR143W,0,-27.760494,0.09129919111728668,0.9980040192604065,0.9954990744590759
YMR105C,YDL003W,0,-27.895912,0.09129085391759872,0.9980040192604065,0.995599091053009
YAL061W,YNL072W,0,-28.271027,0.09128251671791077,0.9980040192604065,0.9956991672515869
YBR154C,YFR015C,0,-28.432976,0.0912741869688034,0.9980040192604065,0.99579918384552
YOL125W,YDR258C,0,-28.553116,0.09126585721969604,0.9980040192604065,0.9958992004394531
YNR054C,YML013W,0,-28.553902,0.09125752747058868,0.9980040192604065,0.9959992170333862
YGL061C,YLR343W,0,-28.614609,0.09124920517206192,0.9980040192604065,0.9960992336273193
YOR101W,YDR171W,0,-28.722748,0.09124087542295456,0.9980040192604065,0.9961992502212524
YOL146W,YER062C,0,-28.905315,0.0912325531244278,0.9980040192604065,0.9962992668151855
YJL116C,YHR207C,0,-29.25033,0.09122423082590103,0.9980040192604065,0.9963992834091187
YDR204W,YLR221C,0,-29.566093,0.09121590852737427,0.9980040192604065,0.9964993000030518
YBR126C,YFR032C-A,0,-30.216446,0.0912075862288475,0.9980040192604065,0.9965993165969849
YMR091C,YER096W,0,-30.392136,0.09119927138090134,0.9980040192604065,0.996699333190918
YLR343W,YBR110W,0,-30.615446,0.09119095653295517,0.9980040192604065,0.9967993497848511
YGR161C,YGR218W,0,-30.800674,0.091182641685009,0.9980040192604065,0.9968993663787842
YPL038W,YDR342C,0,-30.933647,0.09117432683706284,0.9980040192604065,0.9969993829727173
YKL026C,YML093W,0,-31.376488,0.09116601198911667,0.9980040192604065,0.9970993995666504
YDL236W,YOL052C-A,0,-31.457962,0.0911577045917511,0.9980040192604065,0.9971994161605835
YMR105C,YLR328W,0,-31.542656,0.09114939719438553,0.9980040192604065,0.9972994327545166
YJL148W,YPL203W,0,-31.725828,0.09114108979701996,0.9980040192604065,0.9973995089530945
YPL123C,YPR016C,0,-33.31906,0.09113278239965439,0.9980040192604065,0.9974995255470276
YHR052W,YDR342C,0,-34.42299,0.09112447500228882,0.9980040192604065,0.9975995421409607
YPR056W,YFR053C,0,-34.491287,0.09111617505550385,0.9980040192604065,0.9976995587348938
YMR309C,YLR343W,0,-34.73358,0.09110787510871887,0.9980040192604065,0.9977995753288269
YJR147W,YBR066C,1,-34.912872,0.09119067341089249,0.9990019798278809,0.9977995753288269
YCR024C,YLR142W,0,-35.04303,0.09118236601352692,0.9990019798278809,0.99789959192276
YCR021C,YDL240W,0,-35.31874,0.09117405861616135,0.9990019798278809,0.9979996085166931
YDR001C,YER056C-A,0,-36.402798,0.09116575866937637,0.9990019798278809,0.9980996251106262
YMR175W,YDR060W,0,-37.864185,0.0911574512720108,0.9990019798278809,0.9981996417045593
YMR223W,YIL107C,0,-38.50018,0.09114915132522583,0.9990019798278809,0.9982996582984924
YER062C,YIL160C,0,-39.558884,0.09114085137844086,0.9990019798278809,0.9983996748924255
YFR053C,YDL060W,0,-40.26364,0.09113255888223648,0.9990019798278809,0.9984996914863586
YBL075C,YNL207W,0,-41.591568,0.09112425893545151,0.9990019798278809,0.9985997080802917
YOL149W,YOL084W,0,-41.744488,0.09111596643924713,0.9990019798278809,0.9986997246742249
YNL248C,YDR216W,0,-42.34571,0.09110767394304276,0.9990019798278809,0.998799741268158
YLL052C,YDR019C,0,-45.11956,0.09109938144683838,0.9990019798278809,0.9988997578620911
YCL040W,YHR089C,0,-46.947212,0.091091088950634,0.9990019798278809,0.9989997744560242
YGL121C,YNL216W,0,-48.65297,0.09108280390501022,0.9990019798278809,0.9990997910499573
YOL097C,YDR001C,0,-51.696945,0.09107451885938644,0.9990019798278809,0.9991998672485352
YGR256W,YBR084W,0,-51.849422,0.09106622636318207,0.9990019798278809,0.9992998838424683
YLR327C,YJL204C,0,-54.342133,0.09105794876813889,0.9990019798278809,0.9993999004364014
YBL075C,YER127W,0,-56.462715,0.0910496637225151,0.9990019798278809,0.9994999170303345
YLR327C,YMR285C,0,-58.07491,0.09104138612747192,0.9990019798278809,0.9995999336242676
YBL075C,YER153C,0,-64.155914,0.09103310108184814,0.9990019798278809,0.9996999502182007
YLR327C,YOL041C,0,-64.322655,0.09102482348680496,0.9990019798278809,0.9997999668121338
YIL136W,YPL256C,0,-66.68274,0.09101654589176178,0.9990019798278809,0.9998999834060669
YDL204W,YPL256C,0,-73.14487,0.0910082757472992,0.9990019798278809,1.0
YLR312C-B,YLR313C,1,-1724.4982,0.09109091013669968,1.0,1.0
