Gene A,Gene B,Label,Score,Precision,Recall,False Positive Rate
YOL130W,YPL271W,1,0.10677017,1.0,0.0009881423320621252,0.0
YHR175W,YMR054W,1,0.09989616,1.0,0.0019762846641242504,0.0
YBR039W,YDL120W,1,0.09445456,1.0,0.002964426763355732,0.0
YFL050C,YNR013C,1,0.09303716,1.0,0.003952569328248501,0.0
YIL134W,YDR456W,1,0.092961475,1.0,0.004940711427479982,0.0
YDR511W,YNL117W,0,0.087017275,0.8333333134651184,0.004940711427479982,0.00010012014536187053
YBR291C,YOR306C,1,0.08419738,0.8571428656578064,0.005928853526711464,0.00010012014536187053
YHR002W,YJR077C,1,0.08066517,0.875,0.006916996091604233,0.00010012014536187053
YBR039W,YKL217W,1,0.07694654,0.8888888955116272,0.007905138656497002,0.00010012014536187053
YGR257C,YPL078C,1,0.07551989,0.8999999761581421,0.008893280290067196,0.00010012014536187053
YHL047C,YBR132C,1,0.07502211,0.9090909361839294,0.009881422854959965,0.00010012014536187053
YDR511W,YOR299W,0,0.073537946,0.8333333134651184,0.009881422854959965,0.00020024029072374105
YML081C-A,YDL120W,1,0.07117747,0.8461538553237915,0.010869565419852734,0.00020024029072374105
YLR357W,YMR136W,0,0.07071341,0.7857142686843872,0.010869565419852734,0.0003003604360856116
YLR295C,YPR020W,1,0.07030289,0.800000011920929,0.011857707053422928,0.0003003604360856116
YPR178W,YOL071W,0,0.06985128,0.75,0.011857707053422928,0.0004004805814474821
YPL078C,YPR020W,1,0.06931644,0.7647058963775635,0.012845849618315697,0.0004004805814474821
YAL060W,YNL283C,0,0.06878568,0.7222222089767456,0.012845849618315697,0.0005006007268093526
YBR039W,YML123C,1,0.0686305,0.7368420958518982,0.013833992183208466,0.0005006007268093526
YBL099W,YJR121W,1,0.06857593,0.75,0.014822134748101234,0.0005006007268093526
YGR257C,YOR348C,1,0.068513475,0.761904776096344,0.015810277312994003,0.0005006007268093526
YPR201W,YKL175W,1,0.067789696,0.7727272510528564,0.016798419877886772,0.0005006007268093526
YNR003C,YOR348C,0,0.06684348,0.739130437374115,0.016798419877886772,0.0006007208721712232
YER145C,YBR207W,1,0.066817485,0.75,0.017786560580134392,0.0006007208721712232
YKL220C,YOR381W,1,0.06667815,0.7599999904632568,0.01877470314502716,0.0006007208721712232
YLR237W,YOR348C,1,0.06530324,0.7692307829856873,0.01976284570991993,0.0006007208721712232
YNL256W,YBR083W,0,0.06497119,0.7407407164573669,0.01976284570991993,0.0007008410175330937
YKL188C,YDR011W,0,0.064705715,0.7142857313156128,0.01976284570991993,0.0008009611628949642
YOR316C,YGL006W,1,0.06462667,0.7241379022598267,0.0207509882748127,0.0008009611628949642
YJR121W,YKL080W,1,0.06442118,0.7333333492279053,0.021739130839705467,0.0008009611628949642
YKL148C,YGR191W,0,0.064060375,0.7096773982048035,0.021739130839705467,0.0009010813082568347
YMR256C,YBL030C,0,0.06379859,0.6875,0.021739130839705467,0.0010012014536187053
YPL089C,YMR098C,0,0.06365146,0.6666666865348816,0.021739130839705467,0.0011013215407729149
YBR123C,YCR009C,0,0.06341076,0.6470588445663452,0.021739130839705467,0.0012014417443424463
YMR054W,YCR028C,1,0.06306418,0.6571428775787354,0.022727273404598236,0.0012014417443424463
YCL052C,YBR061C,0,0.062957086,0.6388888955116272,0.022727273404598236,0.001301561831496656
YGL187C,YHR057C,0,0.06277809,0.6216216087341309,0.022727273404598236,0.0014016820350661874
YIL112W,YCR039C,0,0.062660076,0.6052631735801697,0.022727273404598236,0.001501802122220397
YLR343W,YGL169W,0,0.062337555,0.5897436141967773,0.022727273404598236,0.0016019223257899284
YPR080W,YIL135C,0,0.06183412,0.574999988079071,0.022727273404598236,0.001702042412944138
YPL265W,YER039C,0,0.061803333,0.5609756112098694,0.022727273404598236,0.0018021626165136695
YPL177C,YDR022C,0,0.061196797,0.5476190447807312,0.022727273404598236,0.001902282703667879
YOR348C,YPL078C,1,0.06077782,0.5581395626068115,0.023715414106845856,0.001902282703667879
YHL047C,YNR039C,1,0.060681947,0.5681818127632141,0.024703556671738625,0.001902282703667879
YPR124W,YLR047C,1,0.06032586,0.5777778029441833,0.025691699236631393,0.001902282703667879
YIL133C,YDR447C,0,0.059818827,0.5652173757553101,0.025691699236631393,0.0020024029072374105
YOL077W-A,YDR377W,1,0.05971172,0.5744680762290955,0.026679841801524162,0.0020024029072374105
YOL130W,YLR447C,1,0.05966031,0.5833333134651184,0.02766798436641693,0.0020024029072374105
YGL181W,YBR185C,0,0.0594603,0.5714285969734192,0.02766798436641693,0.002102523110806942
YDL078C,YDL215C,0,0.059448317,0.5600000023841858,0.02766798436641693,0.0022026430815458298
YDL174C,YBL099W,0,0.058999367,0.5490196347236633,0.02766798436641693,0.002302763285115361
YHR175W,YPL265W,1,0.05877908,0.557692289352417,0.0286561269313097,0.002302763285115361
YHR089C,YML106W,0,0.058376588,0.5471698045730591,0.0286561269313097,0.0024028834886848927
YOR038C,YDR481C,0,0.05833117,0.5370370149612427,0.0286561269313097,0.002503003692254424
YGL077C,YKR039W,1,0.057906725,0.5454545617103577,0.02964426949620247,0.002503003692254424
YKL175W,YBR132C,1,0.0577828,0.5535714030265808,0.03063241019845009,0.002503003692254424
YJR095W,YGL054C,0,0.05704377,0.5438596606254578,0.03063241019845009,0.002603123662993312
YOL130W,YKL217W,1,0.0564502,0.5517241358757019,0.03162055462598801,0.002603123662993312
YBR039W,YGR191W,1,0.056385756,0.5593220591545105,0.032608695328235626,0.002603123662993312
YJL137C,YDR283C,0,0.056342978,0.550000011920929,0.032608695328235626,0.0027032438665628433
YMR211W,YBR177C,0,0.056120105,0.5409836173057556,0.032608695328235626,0.0028033640701323748
YLR295C,YLL015W,1,0.055853542,0.5483871102333069,0.033596839755773544,0.0028033640701323748
YGR285C,YKR039W,0,0.05579728,0.5396825671195984,0.033596839755773544,0.002903484273701906
YLR130C,YOR273C,1,0.055107273,0.546875,0.034584980458021164,0.002903484273701906
YHR175W,YIL006W,1,0.055012614,0.5538461804389954,0.035573121160268784,0.002903484273701906
YGL077C,YLL028W,1,0.05500707,0.560606062412262,0.0365612655878067,0.002903484273701906
YOR106W,YPR151C,0,0.05495952,0.5522388219833374,0.0365612655878067,0.003003604244440794
YBL099W,YBR069C,1,0.05491796,0.5588235259056091,0.03754940629005432,0.003003604244440794
YEL027W,YLL028W,1,0.054838266,0.5652173757553101,0.03853755071759224,0.003003604244440794
YOR273C,YLR447C,1,0.05469677,0.5714285969734192,0.03952569141983986,0.003003604244440794
YPR184W,YLR134W,0,0.054503597,0.5633803009986877,0.03952569141983986,0.0031037244480103254
YJR125C,YOR145C,0,0.054435264,0.5555555820465088,0.03952569141983986,0.003203844651579857
YNL101W,YDR086C,0,0.054242563,0.5479452013969421,0.03952569141983986,0.0033039648551493883
YLR342W,YJR016C,0,0.0538066,0.5405405163764954,0.03952569141983986,0.003404084825888276
YCR028C,YLL028W,1,0.053475305,0.54666668176651,0.04051383584737778,0.003404084825888276
YHR183W,YJL159W,0,0.053466864,0.5394737124443054,0.04051383584737778,0.0035042050294578075
YOL077W-A,YDR184C,0,0.05325351,0.5324675440788269,0.04051383584737778,0.003604325233027339
YFL041W,YPL271W,1,0.053136338,0.5384615659713745,0.0415019765496254,0.003604325233027339
YOL070C,YDR332W,0,0.05312781,0.5316455960273743,0.0415019765496254,0.0037044454365968704
YGL103W,YGL031C,0,0.052972823,0.5249999761581421,0.0415019765496254,0.003804565407335758
YOR306C,YOR270C,1,0.052934594,0.5308641791343689,0.042490117251873016,0.003804565407335758
YKL003C,YGL237C,0,0.05257842,0.5243902206420898,0.042490117251873016,0.0039046856109052896
YOR084W,YDR454C,0,0.0524916,0.5180723071098328,0.042490117251873016,0.004004805814474821
YJL198W,YBR207W,1,0.05229044,0.523809552192688,0.043478261679410934,0.004004805814474821
YLR095C,YJL210W,0,0.05226471,0.5176470875740051,0.043478261679410934,0.004104925785213709
YPL271W,YGL255W,1,0.052250996,0.5232558250427246,0.044466402381658554,0.004104925785213709
YOL027C,YPL271W,1,0.052235465,0.5287356376647949,0.04545454680919647,0.004104925785213709
YLR034C,YOL158C,1,0.052223578,0.5340909361839294,0.04644268751144409,0.004104925785213709
YMR300C,YMR019W,0,0.05184631,0.5280898809432983,0.04644268751144409,0.004205046221613884
YDR385W,YLR300W,0,0.051810443,0.5222222208976746,0.04644268751144409,0.004305166192352772
YMR029C,YGR159C,0,0.051549017,0.5164835453033447,0.04644268751144409,0.0044052861630916595
YOR299W,YBR083W,0,0.05146353,0.510869562625885,0.04644268751144409,0.004505406599491835
YFL044C,YBR260C,0,0.051330708,0.5053763389587402,0.04644268751144409,0.004605526570230722
YHR002W,YBR039W,1,0.051224545,0.5106382966041565,0.04743082821369171,0.004605526570230722
YML054C,YPR029C,0,0.051197957,0.5052631497383118,0.04743082821369171,0.0047056470066308975
YJL002C,YOL030W,0,0.051193494,0.5,0.04743082821369171,0.004805766977369785
YLR090W,YPL119C,0,0.051015977,0.49484536051750183,0.04743082821369171,0.004905886948108673
YGL178W,YEL022W,0,0.050817214,0.4897959232330322,0.04743082821369171,0.005006007384508848
YCL052C,YJL145W,0,0.05079871,0.4848484992980957,0.04743082821369171,0.005106127355247736
YBR067C,YDR119W,0,0.050415587,0.47999998927116394,0.04743082821369171,0.005206247325986624
YDR316W,YER004W,0,0.050388962,0.4752475321292877,0.04743082821369171,0.005306367762386799
YKL094W,YBR172C,0,0.05037948,0.47058823704719543,0.04743082821369171,0.005406487733125687
YNR013C,YMR054W,1,0.050351515,0.4757281541824341,0.04841897264122963,0.005406487733125687
YBR092C,YPR149W,0,0.050130147,0.4711538553237915,0.04841897264122963,0.005506607703864574
YJR090C,YMR171C,0,0.05011135,0.46666666865348816,0.04841897264122963,0.0056067281402647495
YNR047W,YKL170W,0,0.0501042,0.46226415038108826,0.04841897264122963,0.005706848111003637
YJR121W,YHR136C,1,0.05006959,0.4672897160053253,0.04940711334347725,0.005706848111003637
YDR270W,YNR039C,1,0.050050467,0.4722222089767456,0.05039525777101517,0.005706848111003637
YBR296C,YPR020W,1,0.0499975,0.47706422209739685,0.05138339847326279,0.005706848111003637
YGL223C,YNL015W,0,0.049738497,0.4727272689342499,0.05138339847326279,0.005806968547403812
YFL044C,YJL111W,0,0.049729764,0.46846845746040344,0.05138339847326279,0.0059070885181427
YGR085C,YOR063W,0,0.049608212,0.4642857015132904,0.05138339847326279,0.006007208488881588
YGR199W,YDL194W,0,0.049501903,0.4601770043373108,0.05138339847326279,0.006107328925281763
YJL117W,YOL158C,1,0.04948859,0.4649122953414917,0.052371542900800705,0.006107328925281763
YIL065C,YMR169C,0,0.04939609,0.46086955070495605,0.052371542900800705,0.006207448896020651
YPL246C,YML124C,0,0.049341418,0.4568965435028076,0.052371542900800705,0.006307568866759539
YPL202C,YIL034C,0,0.04892657,0.45299145579338074,0.052371542900800705,0.006407689303159714
YLR130C,YML123C,1,0.048873954,0.4576271176338196,0.053359683603048325,0.006407689303159714
YOR142W,YDR536W,0,0.048670158,0.45378151535987854,0.053359683603048325,0.0065078092738986015
YOR332W,YDL128W,1,0.04866608,0.4583333432674408,0.054347824305295944,0.0065078092738986015
YNR047W,YGR167W,0,0.048607282,0.4545454680919647,0.054347824305295944,0.006607929710298777
YFL022C,YOL136C,0,0.0484995,0.4508196711540222,0.054347824305295944,0.006708049681037664
YNR013C,YPR036W,1,0.048452597,0.45528456568717957,0.05533596873283386,0.006708049681037664
YPL258C,YOL125W,0,0.04837646,0.4516128897666931,0.05533596873283386,0.006808169651776552
YML115C,YJL100W,0,0.048315525,0.4480000138282776,0.05533596873283386,0.006908290088176727
YOR348C,YOL020W,1,0.04827675,0.4523809552192688,0.05632410943508148,0.006908290088176727
YBL045C,YOL001W,0,0.048265286,0.4488188922405243,0.05632410943508148,0.007008410058915615
YGL029W,YMR284W,0,0.04821804,0.4453125,0.05632410943508148,0.007108530029654503
YDL210W,YDL004W,1,0.048107844,0.44961240887641907,0.0573122538626194,0.007108530029654503
YPL078C,YAL058W,0,0.048042208,0.446153849363327,0.0573122538626194,0.007208650466054678
YDL150W,YBL023C,0,0.047972023,0.442748099565506,0.0573122538626194,0.007308770436793566
YDR054C,YML126C,0,0.047873143,0.43939393758773804,0.0573122538626194,0.007408890873193741
YAL005C,YNL268W,0,0.047854804,0.43609023094177246,0.0573122538626194,0.007509010843932629
YOR046C,YPL019C,0,0.047849532,0.43283581733703613,0.0573122538626194,0.007609130814671516
YOR383C,YML123C,1,0.04771656,0.43703705072402954,0.05830039456486702,0.007609130814671516
YHR005C-A,YIL124W,0,0.04762359,0.43382352590560913,0.05830039456486702,0.0077092512510716915
YMR293C,YOR128C,0,0.047517307,0.43065693974494934,0.05830039456486702,0.007809371221810579
YDR451C,YPL037C,0,0.047511585,0.4275362193584442,0.05830039456486702,0.007909491658210754
YBR106W,YDR456W,1,0.047501966,0.4316546618938446,0.05928853899240494,0.007909491658210754
YJL139C,YDR231C,0,0.047485102,0.4285714328289032,0.05928853899240494,0.008009611628949642
YGL187C,YMR145C,0,0.047399238,0.42553192377090454,0.05928853899240494,0.00810973159968853
YOR205C,YGL071W,0,0.047397546,0.4225352108478546,0.05928853899240494,0.008209851570427418
YBR014C,YJL108C,0,0.04731397,0.4195804297924042,0.05928853899240494,0.008309971541166306
YGL207W,YGL255W,0,0.04730928,0.4166666567325592,0.05928853899240494,0.008410092443227768
YOL093W,YLR051C,0,0.047154855,0.4137931168079376,0.05928853899240494,0.008510212413966656
YIL041W,YLL043W,0,0.046984043,0.4109589159488678,0.05928853899240494,0.008610332384705544
YKR050W,YPL081W,0,0.04697471,0.40816327929496765,0.05928853899240494,0.008710452355444431
YDL100C,YGR217W,1,0.04695109,0.4121621549129486,0.06027667969465256,0.008710452355444431
YPR024W,YLR353W,0,0.04692633,0.4093959629535675,0.06027667969465256,0.008810572326183319
YGL153W,YLR371W,0,0.046769273,0.40666666626930237,0.06027667969465256,0.008910693228244781
YOL158C,YKL217W,1,0.04670782,0.41059601306915283,0.06126482039690018,0.008910693228244781
YHR175W,YPR021C,1,0.04670453,0.41447368264198303,0.062252964824438095,0.008910693228244781
YGR065C,YJL198W,1,0.046687096,0.41830065846443176,0.06324110925197601,0.008910693228244781
YJR077C,YNR055C,1,0.04667425,0.4220779240131378,0.06422924995422363,0.008910693228244781
YGL139W,YBR296C,1,0.046585724,0.42580646276474,0.06521739065647125,0.008910693228244781
YGR257C,YLR295C,1,0.046466067,0.4294871687889099,0.06620553135871887,0.008910693228244781
YBR039W,YDR038C,1,0.046453908,0.4331210255622864,0.06719367951154709,0.008910693228244781
YBR054W,YLL055W,1,0.04637492,0.43670886754989624,0.06818182021379471,0.008910693228244781
YLR103C,YIL113W,0,0.046340887,0.43396225571632385,0.06818182021379471,0.00901081319898367
YDR033W,YDR456W,1,0.04625743,0.4375,0.06916996091604233,0.00901081319898367
YNL242W,YPL072W,0,0.046224616,0.43478259444236755,0.06916996091604233,0.009110933169722557
YBR127C,YJL198W,1,0.046107642,0.4382716119289398,0.07015810161828995,0.009110933169722557
YDR456W,YBR024W,1,0.046075385,0.44171780347824097,0.07114624232053757,0.009110933169722557
YBR230C,YLR034C,0,0.046069697,0.4390243887901306,0.07114624232053757,0.009211053140461445
YBR039W,YPL022W,0,0.045985,0.4363636374473572,0.07114624232053757,0.009311173111200333
YCR028C,YGR138C,1,0.045925952,0.4397590458393097,0.07213439047336578,0.009311173111200333
YKR050W,YKL168C,0,0.04588954,0.4371257424354553,0.07213439047336578,0.009411294013261795
YDL115C,YDR423C,0,0.045888133,0.4345238208770752,0.07213439047336578,0.009511413984000683
YER162C,YOR231W,0,0.045825265,0.43195265531539917,0.07213439047336578,0.00961153395473957
YOR125C,YPL127C,0,0.0457635,0.42941176891326904,0.07213439047336578,0.009711653925478458
YER053C,YLL051C,1,0.045672484,0.4327485263347626,0.0731225311756134,0.009711653925478458
YKL165C,YGR138C,1,0.045641106,0.4360465109348297,0.07411067187786102,0.009711653925478458
YNR001C,YKL082C,0,0.045515038,0.43352600932121277,0.07411067187786102,0.009811773896217346
YLL055W,YFL002C,0,0.04549533,0.43103447556495667,0.07411067187786102,0.009911893866956234
YDR450W,YBL027W,0,0.045404304,0.4285714328289032,0.07411067187786102,0.010012014769017696
YNR055C,YHR136C,1,0.045389224,0.4318181872367859,0.07509881258010864,0.010012014769017696
YJR001W,YHR188C,0,0.04538774,0.42937853932380676,0.07509881258010864,0.010112134739756584
YNL072W,YAL039C,0,0.04538378,0.42696627974510193,0.07509881258010864,0.010212254710495472
YMR145C,YCL040W,0,0.045383684,0.42458099126815796,0.07509881258010864,0.01031237468123436
YMR303C,YPR198W,0,0.045352533,0.42222222685813904,0.07509881258010864,0.010412494651973248
YLR237W,YIL114C,1,0.045336086,0.4254143536090851,0.07608695328235626,0.010412494651973248
YCR028C,YMR058W,1,0.045228597,0.4285714328289032,0.07707510143518448,0.010412494651973248
YMR089C,YDR473C,0,0.045182195,0.4262295067310333,0.07707510143518448,0.01051261555403471
YJR152W,YBR024W,1,0.04501673,0.42934781312942505,0.0780632421374321,0.01051261555403471
YOR297C,YBL099W,0,0.04499322,0.42702701687812805,0.0780632421374321,0.010612735524773598
YJL116C,YDR270W,0,0.04498896,0.42473119497299194,0.0780632421374321,0.010712855495512486
YGL008C,YPL266W,0,0.04490146,0.4224599003791809,0.0780632421374321,0.010812975466251373
YDR480W,YJR076C,0,0.04487314,0.4202127754688263,0.0780632421374321,0.010913095436990261
YLR304C,YHR076W,0,0.044790924,0.41798943281173706,0.0780632421374321,0.011013215407729149
YDR033W,YLL055W,1,0.044753093,0.42105263471603394,0.07905138283967972,0.011013215407729149
YOR064C,YGR014W,0,0.0446166,0.4188481569290161,0.07905138283967972,0.011113336309790611
YBL098W,YDR046C,0,0.044516496,0.4166666567325592,0.07905138283967972,0.011213456280529499
YJL041W,YHR001W,0,0.044490352,0.41450777649879456,0.07905138283967972,0.011313576251268387
YML054C,YDR144C,0,0.04447816,0.41237112879753113,0.07905138283967972,0.011413696222007275
YEL031W,YER145C,1,0.044431552,0.4153846204280853,0.08003952354192734,0.011413696222007275
YGL191W,YBR185C,0,0.044280797,0.41326531767845154,0.08003952354192734,0.011513816192746162
YLR110C,YMR123W,0,0.04411812,0.4111675024032593,0.08003952354192734,0.011613937094807625
YLR034C,YPL078C,1,0.044086576,0.4141414165496826,0.08102767169475555,0.011613937094807625
YEL031W,YGR138C,1,0.044064377,0.4170854389667511,0.08201581239700317,0.011613937094807625
YDR038C,YHL034C,0,0.044048555,0.41499999165534973,0.08201581239700317,0.011714057065546513
YOR039W,YCL032W,0,0.043990012,0.4129353165626526,0.08201581239700317,0.0118141770362854
YFL050C,YPL092W,1,0.04398997,0.41584157943725586,0.0830039530992508,0.0118141770362854
YNL256W,YAL012W,0,0.043918073,0.4137931168079376,0.0830039530992508,0.011914297007024288
YGL077C,YLL043W,1,0.043892965,0.4166666567325592,0.08399209380149841,0.011914297007024288
YOR176W,YKL160W,0,0.043797895,0.4146341383457184,0.08399209380149841,0.012014416977763176
YBR102C,YKL198C,0,0.043759875,0.4126213490962982,0.08399209380149841,0.012114537879824638
YAL053W,YDR040C,1,0.043758363,0.41545894742012024,0.08498023450374603,0.012114537879824638
YPR102C,YPR151C,0,0.04375335,0.4134615361690521,0.08498023450374603,0.012214657850563526
YDL004W,YKL220C,1,0.04372581,0.41626793146133423,0.08596838265657425,0.012214657850563526
YBR039W,YDR276C,1,0.043685563,0.41904762387275696,0.08695652335882187,0.012214657850563526
YBL105C,YLR447C,0,0.043531965,0.41706159710884094,0.08695652335882187,0.012314777821302414
YGR052W,YNR043W,0,0.043486085,0.4150943458080292,0.08695652335882187,0.012414897792041302
YGL077C,YLR411W,1,0.043408766,0.4178403615951538,0.08794466406106949,0.012414897792041302
YML121W,YKR039W,1,0.043407325,0.420560747385025,0.08893280476331711,0.012414897792041302
YNL259C,YDR270W,1,0.043350875,0.4232558012008667,0.08992094546556473,0.012414897792041302
YNL110C,YPL258C,0,0.04323924,0.42129629850387573,0.08992094546556473,0.01251501776278019
YDR206W,YNL274C,0,0.043237314,0.4193548262119293,0.08992094546556473,0.012615137733519077
YOR306C,YKR052C,1,0.043214496,0.4220183491706848,0.09090909361839294,0.012615137733519077
YMR044W,YDL005C,0,0.043205004,0.42009133100509644,0.09090909361839294,0.01271525863558054
YOL027C,YGL255W,1,0.04313832,0.4227272868156433,0.09189723432064056,0.01271525863558054
YNL291C,YLL028W,1,0.043100726,0.42533937096595764,0.09288537502288818,0.01271525863558054
YLR264W,YDL222C,0,0.043096673,0.4234234094619751,0.09288537502288818,0.012815378606319427
YDR298C,YNL083W,1,0.04307942,0.4260089695453644,0.0938735157251358,0.012815378606319427
YDR511W,YHL016C,0,0.043073468,0.4241071343421936,0.0938735157251358,0.012915498577058315
YGL077C,YER083C,0,0.043062903,0.42222222685813904,0.0938735157251358,0.013015618547797203
YBR122C,YPL170W,0,0.042913686,0.4203539788722992,0.0938735157251358,0.01311573851853609
YPR006C,YIL041W,0,0.042893857,0.41850221157073975,0.0938735157251358,0.013215859420597553
YLR130C,YDR456W,1,0.042890325,0.42105263471603394,0.09486165642738342,0.013215859420597553
YDR033W,YJR152W,1,0.042878278,0.4235807955265045,0.09584980458021164,0.013215859420597553
YDR194C,YMR176W,0,0.042836487,0.4217391312122345,0.09584980458021164,0.013315979391336441
YGR002C,YER115C,0,0.04274016,0.4199134111404419,0.09584980458021164,0.013416099362075329
YOL027C,YPR020W,1,0.042707466,0.42241379618644714,0.09683794528245926,0.013416099362075329
YOR071C,YIL023C,1,0.042661034,0.42489269375801086,0.09782608598470688,0.013416099362075329
YKL085W,YML121W,0,0.0425364,0.42307692766189575,0.09782608598470688,0.013516219332814217
YCR075C,YCR043C,0,0.042496096,0.42127659916877747,0.09782608598470688,0.013616339303553104
YEL017C-A,YPL060W,1,0.042477123,0.4237288236618042,0.0988142266869545,0.013616339303553104
YBL041W,YPL144W,0,0.0424566,0.4219409227371216,0.0988142266869545,0.013716460205614567
YDR451C,YNL238W,0,0.042414375,0.42016807198524475,0.0988142266869545,0.013816580176353455
YML009C,YHR039C-A,0,0.042413738,0.4184100329875946,0.0988142266869545,0.013916700147092342
YHR002W,YPR036W,1,0.042374797,0.4208333194255829,0.09980237483978271,0.013916700147092342
YJR152W,YNL291C,1,0.042366482,0.42323651909828186,0.10079051554203033,0.013916700147092342
YNL138W,YJR144W,0,0.042263743,0.42148759961128235,0.10079051554203033,0.01401682011783123
YDL074C,YMR176W,0,0.042245273,0.4197530746459961,0.10079051554203033,0.014116940088570118
YML049C,YPL104W,0,0.042106085,0.41803279519081116,0.10079051554203033,0.014217060059309006
YJL094C,YLR411W,1,0.042062014,0.4204081594944,0.10177865624427795,0.014217060059309006
YBR037C,YPL078C,1,0.042053536,0.42276424169540405,0.10276679694652557,0.014217060059309006
YLL055W,YBR069C,1,0.041986927,0.42510122060775757,0.1037549376487732,0.014217060059309006
YMR038C,YER017C,0,0.041877016,0.4233871102333069,0.1037549376487732,0.014317180961370468
YLR237W,YER166W,1,0.041807916,0.4257028102874756,0.10474308580160141,0.014317180961370468
YIL023C,YBR037C,1,0.04177958,0.42800000309944153,0.10573122650384903,0.014317180961370468
YFL041W,YBR154C,0,0.04174793,0.42629483342170715,0.10573122650384903,0.014417300932109356
YDL204W,YBL052C,0,0.04163552,0.4246031641960144,0.10573122650384903,0.014517420902848244
YER113C,YML012W,0,0.04162889,0.4229249060153961,0.10573122650384903,0.014617540873587132
YGR096W,YBR132C,1,0.04162278,0.4251968562602997,0.10671936720609665,0.014617540873587132
YGL050W,YHR117W,0,0.041530825,0.42352941632270813,0.10671936720609665,0.01471766084432602
YIL046W,YDR003W,0,0.041453585,0.421875,0.10671936720609665,0.014817781746387482
YOR371C,YDR310C,0,0.04138085,0.42023345828056335,0.10671936720609665,0.01491790171712637
YOL158C,YHL016C,1,0.041338526,0.42248061299324036,0.10770750790834427,0.01491790171712637
YLL055W,YLR047C,1,0.041325685,0.4247104227542877,0.10869564861059189,0.01491790171712637
YOR209C,YBR161W,0,0.041322444,0.42307692766189575,0.10869564861059189,0.015018021687865257
YDR411C,YDL006W,0,0.04130418,0.4214559495449066,0.10869564861059189,0.015118141658604145
YJL198W,YPL206C,0,0.04130006,0.4198473393917084,0.10869564861059189,0.015218261629343033
YJL041W,YPL152W,0,0.04128209,0.4182509481906891,0.10869564861059189,0.01531838160008192
YFL050C,YLR138W,1,0.041272596,0.4204545319080353,0.1096837967634201,0.01531838160008192
YLR220W,YEL031W,1,0.04117122,0.4226415157318115,0.11067193746566772,0.01531838160008192
YMR165C,YCR037C,0,0.041123517,0.42105263471603394,0.11067193746566772,0.015418502502143383
YDL185W,YHR008C,0,0.041098595,0.41947564482688904,0.11067193746566772,0.01551862247288227
YOL113W,YDR119W,0,0.041080378,0.41791045665740967,0.11067193746566772,0.015618742443621159
YDR240C,YPL005W,0,0.04091093,0.4163568913936615,0.11067193746566772,0.015718862414360046
YMR119W,YNL290W,0,0.040876716,0.4148148000240326,0.11067193746566772,0.01581898331642151
YOR151C,YOL149W,0,0.040817894,0.4132841229438782,0.11067193746566772,0.015919102355837822
YGR070W,YNR022C,0,0.040748615,0.4117647111415863,0.11067193746566772,0.016019223257899284
YGR065C,YKL217W,1,0.04069464,0.4139194190502167,0.11166007816791534,0.016019223257899284
YNR013C,YLR092W,1,0.040655725,0.41605839133262634,0.11264821887016296,0.016019223257899284
YGL065C,YNL321W,0,0.04065066,0.4145454466342926,0.11264821887016296,0.016119342297315598
YGL059W,YDR060W,0,0.04056459,0.41304346919059753,0.11264821887016296,0.01621946319937706
YOR084W,YBR067C,0,0.0405387,0.4115523397922516,0.11264821887016296,0.016319584101438522
YHR028C,YDL043C,0,0.040503196,0.4100719392299652,0.11264821887016296,0.016419703140854836
YJR040W,YMR243C,1,0.040423542,0.4121863842010498,0.11363636702299118,0.016419703140854836
YOL109W,YBR247C,0,0.04040689,0.4107142984867096,0.11363636702299118,0.016519824042916298
YOR383C,YDR322C-A,1,0.040384788,0.41281139850616455,0.1146245077252388,0.016519824042916298
YFL033C,YOR095C,0,0.04031094,0.41134750843048096,0.1146245077252388,0.01661994308233261
YMR319C,YLL018C-A,1,0.040274933,0.41342756152153015,0.11561264842748642,0.01661994308233261
YOR284W,YBL040C,0,0.040269904,0.4119718372821808,0.11561264842748642,0.016720063984394073
YLR051C,YNR054C,0,0.040257975,0.410526305437088,0.11561264842748642,0.016820184886455536
YJR121W,YLR447C,1,0.040224142,0.41258740425109863,0.11660078912973404,0.016820184886455536
YJR152W,YDR298C,1,0.040208027,0.4146341383457184,0.11758892983198166,0.016820184886455536
YER106W,YDL030W,0,0.040126935,0.4131944477558136,0.11758892983198166,0.01692030392587185
YMR241W,YEL017C-A,1,0.04010105,0.41522490978240967,0.11857707798480988,0.01692030392587185
YMR241W,YLL015W,1,0.04008566,0.4172413647174835,0.1195652186870575,0.01692030392587185
YLR343W,YOR255W,0,0.04006383,0.4158075749874115,0.1195652186870575,0.01702042482793331
YOR265W,YOR299W,0,0.040027637,0.41438356041908264,0.1195652186870575,0.017120543867349625
YJR121W,YHR070W,0,0.039969206,0.41296929121017456,0.1195652186870575,0.017220664769411087
YLR450W,YNL309W,0,0.039948724,0.4115646183490753,0.1195652186870575,0.01732078567147255
YJR130C,YNL308C,0,0.039895833,0.41016948223114014,0.1195652186870575,0.017420904710888863
YLR398C,YJL004C,0,0.039895624,0.40878379344940186,0.1195652186870575,0.017521025612950325
YOR270C,YNL281W,0,0.03982106,0.40740740299224854,0.1195652186870575,0.017621144652366638
YBR054W,YKL217W,1,0.039792962,0.4093959629535675,0.12055335938930511,0.017621144652366638
YCR027C,YBR200W,0,0.0397568,0.4080267548561096,0.12055335938930511,0.0177212655544281
YOR141C,YDR142C,0,0.03968776,0.40666666626930237,0.12055335938930511,0.017821386456489563
YDR534C,YDR456W,1,0.03968674,0.4086378812789917,0.12154150009155273,0.017821386456489563
YLR107W,YPR002W,0,0.039578974,0.40728476643562317,0.12154150009155273,0.017921505495905876
YDR043C,YCL018W,0,0.039569907,0.40594059228897095,0.12154150009155273,0.01802162639796734
YGR194C,YLR158C,0,0.03952141,0.40460526943206787,0.12154150009155273,0.01812174543738365
YLR088W,YJL100W,0,0.03947796,0.4032786786556244,0.12154150009155273,0.018221866339445114
YBR074W,YBR236C,0,0.03943093,0.4019607901573181,0.12154150009155273,0.018321987241506577
YNL147W,YGR088W,0,0.039420158,0.4006514549255371,0.12154150009155273,0.01842210628092289
YLR213C,YML118W,0,0.039419696,0.399350643157959,0.12154150009155273,0.018522227182984352
YFL018C,YNL131W,0,0.039393373,0.3980582654476166,0.12154150009155273,0.018622346222400665
YDR264C,YHR069C,0,0.039381444,0.39677420258522034,0.12154150009155273,0.018722467124462128
YAL060W,YJR135C,0,0.039370194,0.3954983949661255,0.12154150009155273,0.01882258802652359
YOL056W,YHR079C-A,0,0.03936058,0.39423078298568726,0.12154150009155273,0.018922707065939903
YNL242W,YLR395C,0,0.03933736,0.3929712474346161,0.12154150009155273,0.019022827968001366
YDR524C,YPL087W,0,0.0393074,0.3917197585105896,0.12154150009155273,0.01912294700741768
YKL074C,YHR039C-A,0,0.03923641,0.39047619700431824,0.12154150009155273,0.01922306790947914
YCR028C,YER088C,0,0.039215725,0.3892405033111572,0.12154150009155273,0.019323186948895454
YOL148C,YGR284C,0,0.039210755,0.3880126178264618,0.12154150009155273,0.019423307850956917
YDR038C,YBR296C,1,0.039189346,0.3899371027946472,0.12252964079380035,0.019423307850956917
YLL005C,YPR137W,0,0.03916185,0.3887147307395935,0.12252964079380035,0.01952342875301838
YJR121W,YNR055C,1,0.039154597,0.390625,0.12351778894662857,0.01952342875301838
YCR092C,YGR134W,0,0.03910854,0.3894081115722656,0.12351778894662857,0.019623547792434692
YDR371W,YNL281W,0,0.039092228,0.38819876313209534,0.12351778894662857,0.019723668694496155
YGL040C,YDL015C,0,0.039069206,0.38699689507484436,0.12351778894662857,0.019823787733912468
YPL237W,YER088C,0,0.03900312,0.3858024775981903,0.12351778894662857,0.01992390863597393
YER004W,YBR299W,0,0.03897225,0.38461539149284363,0.12351778894662857,0.020024029538035393
YLR029C,YOR381W,0,0.03896124,0.38343557715415955,0.12351778894662857,0.020124148577451706
YDL051W,YHR091C,0,0.038956296,0.3822630047798157,0.12351778894662857,0.02022426947951317
YHR135C,YKR026C,0,0.038922414,0.38109755516052246,0.12351778894662857,0.02032438851892948
YAL039C,YHR019C,0,0.038881853,0.3799391984939575,0.12351778894662857,0.020424509420990944
YMR054W,YMR243C,1,0.038865615,0.38181817531585693,0.12450592964887619,0.020424509420990944
YJR094W-A,YER053C,0,0.03885457,0.3806646466255188,0.12450592964887619,0.020524630323052406
YIL085C,YMR056C,0,0.03880102,0.379518061876297,0.12450592964887619,0.02062474936246872
YGR118W,YLR342W,0,0.038758546,0.37837839126586914,0.12450592964887619,0.020724870264530182
YLR266C,YOR219C,0,0.038742345,0.3772455155849457,0.12450592964887619,0.020824989303946495
YCR075C,YNL300W,0,0.038691852,0.3761194050312042,0.12450592964887619,0.020925110206007957
YCL052C,YPL089C,0,0.038683664,0.375,0.12450592964887619,0.02102523110806942
YNL178W,YOL071W,0,0.038679056,0.37388724088668823,0.12450592964887619,0.021125350147485733
YMR306W,YDL002C,0,0.03863249,0.37278106808662415,0.12450592964887619,0.021225471049547195
YML034W,YBR081C,0,0.03860013,0.37168142199516296,0.12450592964887619,0.02132559008896351
YER053C,YPR021C,1,0.038588516,0.3735294044017792,0.1254940778017044,0.02132559008896351
YJL116C,YPR083W,0,0.03849787,0.37243402004241943,0.1254940778017044,0.02142571099102497
YLR133W,YOR181W,0,0.038467996,0.37134504318237305,0.1254940778017044,0.021525831893086433
YPL227C,YDL246C,0,0.03846161,0.37026238441467285,0.1254940778017044,0.021625950932502747
YHR174W,YKR048C,0,0.038421176,0.36918604373931885,0.1254940778017044,0.02172607183456421
YDL155W,YDR153C,0,0.038403295,0.36811593174934387,0.1254940778017044,0.021826190873980522
YGL229C,YHR174W,0,0.038363766,0.36705201864242554,0.1254940778017044,0.021926311776041985
YLR100W,YGL089C,0,0.03835146,0.36599424481391907,0.1254940778017044,0.022026430815458298
YPR124W,YLL043W,1,0.038350597,0.36781609058380127,0.12648221850395203,0.022026430815458298
YHR036W,YDR253C,0,0.038301125,0.3667621910572052,0.12648221850395203,0.02212655171751976
YPL007C,YNL012W,0,0.038299046,0.36571428179740906,0.12648221850395203,0.022226672619581223
YIL125W,YOR299W,0,0.03828509,0.36467236280441284,0.12648221850395203,0.022326791658997536
YOR371C,YMR136W,0,0.038284294,0.3636363744735718,0.12648221850395203,0.022426912561058998
YHR175W,YDL204W,0,0.038265403,0.3626062273979187,0.12648221850395203,0.02252703160047531
YMR150C,YAL010C,0,0.038261395,0.3615819215774536,0.12648221850395203,0.022627152502536774
YHR027C,YLR158C,0,0.038216602,0.36056336760520935,0.12648221850395203,0.022727273404598236
YJR031C,YKR101W,0,0.038215145,0.3595505654811859,0.12648221850395203,0.02282739244401455
YCR098C,YHL016C,1,0.038198598,0.3613445460796356,0.12747035920619965,0.02282739244401455
YDL146W,YDR283C,0,0.038193606,0.36033520102500916,0.12747035920619965,0.02292751334607601
YDR058C,YHR104W,0,0.038190857,0.35933148860931396,0.12747035920619965,0.023027632385492325
YGR132C,YCL032W,0,0.038190767,0.3583333194255829,0.12747035920619965,0.023127753287553787
YJR067C,YMR240C,0,0.03817354,0.3573407232761383,0.12747035920619965,0.02322787418961525
YNR047W,YML093W,0,0.038140103,0.3563535809516907,0.12747035920619965,0.023327993229031563
YNL065W,YLL055W,1,0.038137034,0.3581267297267914,0.12845849990844727,0.023327993229031563
YOL018C,YIL136W,0,0.038097255,0.3571428656578064,0.12845849990844727,0.023428114131093025
YBR082C,YKR050W,0,0.03808278,0.3561643958091736,0.12845849990844727,0.02352823317050934
YGL077C,YKR065C,0,0.03808248,0.35519126057624817,0.12845849990844727,0.0236283540725708
YBR207W,YIL110W,0,0.038080774,0.35422343015670776,0.12845849990844727,0.023728474974632263
YHR025W,YPL053C,0,0.038073294,0.35326087474823,0.12845849990844727,0.023828594014048576
YNL220W,YBR215W,0,0.03807317,0.35230353474617004,0.12845849990844727,0.02392871491611004
YLR096W,YLR005W,0,0.03800618,0.3513513505458832,0.12845849990844727,0.024028833955526352
YJR152W,YPR121W,0,0.038002618,0.3504043221473694,0.12845849990844727,0.024128954857587814
YIL114C,YBR207W,1,0.03797222,0.3521505296230316,0.12944664061069489,0.024128954857587814
YDR099W,YDL015C,0,0.03796915,0.3512064218521118,0.12944664061069489,0.024229075759649277
YNR047W,YJR001W,0,0.03791614,0.3502673804759979,0.12944664061069489,0.02432919479906559
YCL038C,YDR511W,0,0.037897684,0.34933334589004517,0.12944664061069489,0.024429315701127052
YDL015C,YBR202W,0,0.03787743,0.34840425848960876,0.12944664061069489,0.024529434740543365
YPL170W,YMR312W,0,0.03782856,0.3474801182746887,0.12944664061069489,0.024629555642604828
YBR021W,YDR302W,0,0.03780935,0.34656083583831787,0.12944664061069489,0.02472967468202114
YBR030W,YNL218W,0,0.037809204,0.3456464409828186,0.12944664061069489,0.024829795584082603
YKL148C,YDR511W,0,0.037783507,0.34473684430122375,0.12944664061069489,0.024929916486144066
YNL220W,YJL137C,0,0.03777127,0.34383201599121094,0.12944664061069489,0.02503003552556038
YML078W,YKR042W,0,0.037747398,0.34293192625045776,0.12944664061069489,0.02513015642762184
YNL055C,YPR020W,1,0.03771315,0.34464752674102783,0.1304347813129425,0.02513015642762184
YDL099W,YMR238W,0,0.03769134,0.34375,0.1304347813129425,0.025230275467038155
YGL163C,YMR194W,0,0.03766357,0.34285715222358704,0.1304347813129425,0.025330396369099617
YDR039C,YOL077W-A,1,0.03762278,0.34455958008766174,0.13142292201519012,0.025330396369099617
YIL070C,YCR010C,0,0.037578814,0.34366926550865173,0.13142292201519012,0.02543051727116108
YPR181C,YLL043W,0,0.037560027,0.34278351068496704,0.13142292201519012,0.025530636310577393
YCL050C,YLL051C,0,0.037515767,0.34190231561660767,0.13142292201519012,0.025630757212638855
YLR421C,YPL087W,0,0.037508294,0.3410256505012512,0.13142292201519012,0.025730876252055168
YEL065W,YPR020W,1,0.03749837,0.3427110016345978,0.13241106271743774,0.025730876252055168
YFL053W,YGR231C,0,0.03747373,0.34183672070503235,0.13241106271743774,0.02583099715411663
YFR008W,YDR140W,0,0.037459306,0.3409669101238251,0.13241106271743774,0.025931118056178093
YGR268C,YER091C,0,0.037415877,0.3401015102863312,0.13241106271743774,0.026031237095594406
YDL161W,YPR009W,0,0.03739479,0.33924052119255066,0.13241106271743774,0.02613135799765587
YJL094C,YML081C-A,1,0.03739387,0.34090909361839294,0.13339920341968536,0.02613135799765587
YER099C,YDR206W,0,0.0373144,0.3400503695011139,0.13339920341968536,0.02623147703707218
YLR133W,YBR296C,0,0.037272327,0.33919596672058105,0.13339920341968536,0.026331597939133644
YIL050W,YHR057C,0,0.037259128,0.33834585547447205,0.13339920341968536,0.026431718841195107
YDR533C,YBR187W,0,0.037225053,0.3375000059604645,0.13339920341968536,0.02653183788061142
YOR270C,YKL003C,0,0.03721,0.3366583585739136,0.13339920341968536,0.026631958782672882
YDR371W,YOR226C,0,0.037205853,0.33582088351249695,0.13339920341968536,0.026732077822089195
YMR217W,YDL036C,0,0.037190855,0.3349875807762146,0.13339920341968536,0.026832198724150658
YNR007C,YKL059C,0,0.03718964,0.33415842056274414,0.13339920341968536,0.02693231962621212
YGR035C,YDR081C,0,0.037189335,0.3333333432674408,0.13339920341968536,0.027032438665628433
YNL223W,YNL047C,0,0.037187874,0.3325123190879822,0.13339920341968536,0.027132559567689896
YPR006C,YIL009C-A,0,0.03714738,0.3316953182220459,0.13339920341968536,0.02723267860710621
YDL205C,YLR312W-A,0,0.037145637,0.33088234066963196,0.13339920341968536,0.02733279950916767
YLR130C,YLL028W,1,0.03714314,0.3325183391571045,0.13438735902309418,0.02733279950916767
YOR383C,YLL028W,1,0.037131198,0.3341463506221771,0.1353754997253418,0.02733279950916767
YOR076C,YPR138C,0,0.03707432,0.3333333432674408,0.1353754997253418,0.027432920411229134
YPL170W,YDL051W,0,0.037048645,0.33252426981925964,0.1353754997253418,0.027533039450645447
YLL018C-A,YHL040C,1,0.03700368,0.33414044976234436,0.13636364042758942,0.027533039450645447
YHR175W,YBR074W,0,0.036982797,0.3333333432674408,0.13636364042758942,0.02763316035270691
YFR007W,YBL011W,0,0.036909588,0.33253011107444763,0.13636364042758942,0.027733279392123222
YIL049W,YEL002C,0,0.036907177,0.33173078298568726,0.13636364042758942,0.027833400294184685
YKL211C,YOR145C,0,0.03686311,0.3309352397918701,0.13636364042758942,0.027933519333600998
YKL095W,YJL104W,0,0.036850862,0.330143541097641,0.13636364042758942,0.02803364023566246
YLR237W,YOR273C,1,0.03683636,0.3317422568798065,0.13735178112983704,0.02803364023566246
YOR265W,YOR344C,0,0.03680729,0.33095237612724304,0.13735178112983704,0.028133761137723923
YNL259C,YKR052C,1,0.036791086,0.3325415551662445,0.13833992183208466,0.028133761137723923
YOR354C,YLR127C,0,0.036773328,0.33175355195999146,0.13833992183208466,0.028233880177140236
YDR177W,YMR092C,0,0.03675894,0.33096927404403687,0.13833992183208466,0.0283340010792017
YHR176W,YBL064C,0,0.036721226,0.33018869161605835,0.13833992183208466,0.02843412011861801
YPR184W,YHR067W,0,0.036708,0.3294117748737335,0.13833992183208466,0.028534241020679474
YML028W,YJR093C,0,0.036686614,0.32863849401474,0.13833992183208466,0.028634361922740936
YJL094C,YLL055W,1,0.036682956,0.33021077513694763,0.13932806253433228,0.028634361922740936
YOR084W,YML081C-A,0,0.03667137,0.329439252614975,0.13932806253433228,0.02873448096215725
YAR050W,YLR107W,0,0.03666409,0.32867133617401123,0.13932806253433228,0.028834601864218712
YPL038W,YGR180C,0,0.03666236,0.3279069662094116,0.13932806253433228,0.028934720903635025
YDR099W,YNR031C,0,0.036643125,0.32714617252349854,0.13932806253433228,0.029034841805696487
YLR206W,YEL064C,0,0.036643002,0.3263888955116272,0.13932806253433228,0.02913496270775795
YKR050W,YDL070W,0,0.036629617,0.3256351053714752,0.13932806253433228,0.029235081747174263
YOR208W,YBR129C,0,0.03659293,0.3248848021030426,0.13932806253433228,0.029335202649235725
YDR400W,YLR238W,0,0.036535382,0.32413792610168457,0.13932806253433228,0.02943532168865204
YNR036C,YPL031C,0,0.036515884,0.3233945071697235,0.13932806253433228,0.0295354425907135
YER018C,YIL090W,0,0.03645199,0.32265445590019226,0.13932806253433228,0.029635563492774963
YMR241W,YBL030C,1,0.036421873,0.32420089840888977,0.1403162032365799,0.029635563492774963
YOR257W,YKL213C,0,0.03641162,0.32346242666244507,0.1403162032365799,0.029735682532191277
YML121W,YKL175W,1,0.036395058,0.32499998807907104,0.14130434393882751,0.029735682532191277
YEL038W,YHL036W,0,0.036282636,0.3242630362510681,0.14130434393882751,0.02983580343425274
YCL018W,YKL189W,0,0.03626901,0.3235294222831726,0.14130434393882751,0.029935922473669052
YCR027C,YBR207W,1,0.036250945,0.32505643367767334,0.14229248464107513,0.029935922473669052
YGR191W,YDR276C,1,0.036245488,0.3265765905380249,0.14328062534332275,0.029935922473669052
YBR014C,YML124C,0,0.036236025,0.3258427083492279,0.14328062534332275,0.030036043375730515
YPR160W,YPL118W,0,0.03619659,0.32511210441589355,0.14328062534332275,0.030136164277791977
YOL138C,YGR163W,0,0.036171496,0.32438477873802185,0.14328062534332275,0.03023628331720829
YGL167C,YPL265W,1,0.03611715,0.3258928656578064,0.14426878094673157,0.03023628331720829
YJL093C,YDL185W,1,0.036116652,0.3273942172527313,0.1452569216489792,0.03023628331720829
YOR141C,YLR447C,0,0.036107752,0.3266666531562805,0.1452569216489792,0.030336404219269753
YML054C,YCR067C,0,0.03609572,0.32594233751296997,0.1452569216489792,0.030436523258686066
YKL160W,YJL085W,0,0.03605724,0.3252212405204773,0.1452569216489792,0.030536644160747528
YKL073W,YOR010C,0,0.0360379,0.3245033025741577,0.1452569216489792,0.03063676320016384
YCR028C,YBR054W,1,0.036034532,0.3259911835193634,0.1462450623512268,0.03063676320016384
YLR440C,YMR065W,0,0.03603217,0.3252747356891632,0.1462450623512268,0.030736884102225304
YLR332W,YLR134W,0,0.03602849,0.3245614171028137,0.1462450623512268,0.030837005004286766
YKL157W,YER166W,0,0.035974357,0.32385119795799255,0.1462450623512268,0.03093712404370308
YOL113W,YKR024C,0,0.035959035,0.3231441080570221,0.1462450623512268,0.03103724494576454
YNL006W,YMR231W,0,0.035951607,0.32244008779525757,0.1462450623512268,0.031137363985180855
YHR010W,YJL115W,0,0.035891317,0.321739137172699,0.1462450623512268,0.031237484887242317
YPR182W,YPL022W,0,0.03587798,0.3210412263870239,0.1462450623512268,0.03133760392665863
YPR194C,YNL264C,0,0.03583868,0.32034632563591003,0.1462450623512268,0.03143772482872009
YHR085W,YJR068W,0,0.03579223,0.3196544349193573,0.1462450623512268,0.031537845730781555
YGR171C,YDR214W,0,0.0357842,0.31896552443504333,0.1462450623512268,0.03163796663284302
YGL125W,YER117W,0,0.035779055,0.31827956438064575,0.1462450623512268,0.03173808753490448
YBL023C,YJL116C,0,0.03577862,0.31759655475616455,0.1462450623512268,0.031838204711675644
YLL012W,YDR283C,0,0.03577114,0.31691649556159973,0.1462450623512268,0.031938325613737106
YCR075C,YNL206C,0,0.035759695,0.3162393271923065,0.1462450623512268,0.03203844651579857
YBR214W,YPL241C,0,0.03574647,0.3155650198459625,0.1462450623512268,0.03213856741786003
YOR382W,YOR192C,1,0.035701178,0.31702128052711487,0.14723320305347443,0.03213856741786003
YMR203W,YCR024C-A,1,0.03569791,0.31847134232521057,0.14822134375572205,0.03213856741786003
YMR319C,YMR177W,1,0.035658024,0.3199152648448944,0.14920948445796967,0.03213856741786003
YLR205C,YDR470C,0,0.03564314,0.31923890113830566,0.14920948445796967,0.032238684594631195
YPR128C,YJL093C,1,0.03561242,0.3206751048564911,0.15019762516021729,0.032238684594631195
YBL101C,YJR034W,0,0.035608836,0.3199999928474426,0.15019762516021729,0.03233880549669266
YNR007C,YLR389C,0,0.035608552,0.3193277418613434,0.15019762516021729,0.03243892639875412
YKL212W,YGR104C,0,0.03560644,0.3186582922935486,0.15019762516021729,0.03253904730081558
YFL039C,YOR293W,0,0.035581604,0.3179916441440582,0.15019762516021729,0.032639168202877045
YBL030C,YPL265W,1,0.035579905,0.31941545009613037,0.1511857658624649,0.032639168202877045
YBR245C,YHR076W,0,0.03556262,0.3187499940395355,0.1511857658624649,0.03273928537964821
YMR177W,YOR381W,1,0.035560064,0.32016631960868835,0.15217390656471252,0.03273928537964821
YPL256C,YLR192C,0,0.03555215,0.3195020854473114,0.15217390656471252,0.03283940628170967
YOL039W,YJR070C,0,0.03549695,0.3188405930995941,0.15217390656471252,0.03293952718377113
YFR051C,YOL133W,0,0.03548676,0.3181818127632141,0.15217390656471252,0.033039648085832596
YDL100C,YLL018C-A,1,0.035475504,0.3195876181125641,0.15316206216812134,0.033039648085832596
YHR207C,YPL271W,0,0.03546781,0.3189300298690796,0.15316206216812134,0.03313976898789406
YLR020C,YMR093W,0,0.035458166,0.3182751536369324,0.15316206216812134,0.03323988616466522
YML014W,YHR161C,0,0.035453174,0.31762295961380005,0.15316206216812134,0.033340007066726685
YHR104W,YKR087C,0,0.03543686,0.31697341799736023,0.15316206216812134,0.03344012796878815
YOR348C,YJL198W,1,0.035404608,0.3183673322200775,0.15415020287036896,0.03344012796878815
YGL008C,YGL255W,1,0.03539733,0.3197556138038635,0.15513834357261658,0.03344012796878815
YEL052W,YPL214C,0,0.03538411,0.31910568475723267,0.15513834357261658,0.03354024887084961
YDR034C,YDR088C,0,0.035365082,0.3184584081172943,0.15513834357261658,0.03364036977291107
YDR410C,YMR303C,0,0.03530164,0.3178137540817261,0.15513834357261658,0.033740486949682236
YEL065W,YGL254W,1,0.035292834,0.31919193267822266,0.1561264842748642,0.033740486949682236
YPR140W,YOL056W,0,0.035244465,0.31854838132858276,0.1561264842748642,0.0338406078517437
YKL034W,YDR073W,0,0.035198234,0.317907452583313,0.1561264842748642,0.03394072875380516
YPL265W,YLR066W,0,0.03518358,0.31726908683776855,0.1561264842748642,0.03404084965586662
YJR090C,YBR244W,0,0.03517204,0.3166332542896271,0.1561264842748642,0.034140970557928085
YDR033W,YHR002W,1,0.035133615,0.3179999887943268,0.15711462497711182,0.034140970557928085
YJL117W,YOR071C,1,0.0351246,0.31936126947402954,0.15810276567935944,0.034140970557928085
YIL157C,YOR148C,0,0.035029046,0.3187251091003418,0.15810276567935944,0.03424108773469925
YJL209W,YHR089C,0,0.03502222,0.3180914521217346,0.15810276567935944,0.03434120863676071
YJR019C,YMR061W,0,0.03501857,0.3174603283405304,0.15810276567935944,0.034441329538822174
YMR203W,YLL028W,1,0.03501644,0.31881189346313477,0.15909090638160706,0.034441329538822174
YKL064W,YPR067W,1,0.03499484,0.32015809416770935,0.16007904708385468,0.034441329538822174
YDR172W,YPL271W,0,0.034992702,0.3195266127586365,0.16007904708385468,0.034541450440883636
YGR081C,YFL041W,0,0.03499052,0.31889763474464417,0.16007904708385468,0.0346415713429451
YOL006C,YDL108W,0,0.03498128,0.31827113032341003,0.16007904708385468,0.03474168851971626
YGR257C,YGL254W,1,0.034951217,0.31960785388946533,0.1610671877861023,0.03474168851971626
YDR071C,YOR322C,0,0.034929235,0.31898239254951477,0.1610671877861023,0.034841809421777725
YML073C,YKR046C,0,0.03492564,0.318359375,0.1610671877861023,0.03494193032383919
YKR086W,YLL041C,0,0.034906127,0.317738801240921,0.1610671877861023,0.03504205122590065
YBR074W,YMR298W,0,0.03489951,0.31712061166763306,0.1610671877861023,0.03514217212796211
YDL198C,YDR332W,0,0.034885794,0.3165048658847809,0.1610671877861023,0.035242289304733276
YFL057C,YDL092W,0,0.034856558,0.31589147448539734,0.1610671877861023,0.03534241020679474
YDL021W,YIL048W,0,0.03481228,0.3152804672718048,0.1610671877861023,0.0354425311088562
YIL006W,YDR456W,1,0.034803715,0.31660231947898865,0.1620553433895111,0.0354425311088562
YLR014C,YNL274C,0,0.034801275,0.3159922957420349,0.1620553433895111,0.035542652010917664
YOR171C,YHR060W,0,0.034798183,0.3153846263885498,0.1620553433895111,0.035642772912979126
YOL101C,YGR088W,0,0.034765065,0.31477928161621094,0.1620553433895111,0.03574289008975029
YOR167C,YHL001W,0,0.0347601,0.3141762316226959,0.1620553433895111,0.03584301099181175
YCR010C,YPR067W,1,0.034721352,0.3154875636100769,0.16304348409175873,0.03584301099181175
YOR369C,YER091C,0,0.034716442,0.3148854970932007,0.16304348409175873,0.035943131893873215
YDL184C,YDR055W,0,0.034657832,0.3142857253551483,0.16304348409175873,0.03604325279593468
YDR169C,YBR175W,0,0.034633987,0.3136882185935974,0.16304348409175873,0.03614337369799614
YOL158C,YPL078C,1,0.03458359,0.3149905204772949,0.16403162479400635,0.03614337369799614
YGL071W,YGL255W,1,0.034569673,0.3162878751754761,0.16501976549625397,0.03614337369799614
YGR175C,YHR039C-A,0,0.034540854,0.31568998098373413,0.16501976549625397,0.0362434908747673
YMR319C,YJL198W,1,0.034505583,0.31698113679885864,0.1660079061985016,0.0362434908747673
YLR130C,YGR065C,1,0.034482762,0.31826743483543396,0.1669960469007492,0.0362434908747673
YBR069C,YHR050W,1,0.03446321,0.3195488750934601,0.16798418760299683,0.0362434908747673
YDR451C,YPL268W,0,0.03442206,0.3189493417739868,0.16798418760299683,0.036343611776828766
YNR039C,YLL048C,1,0.03436894,0.32022473216056824,0.16897232830524445,0.036343611776828766
YCR096C,YLR300W,0,0.034356225,0.31962618231773376,0.16897232830524445,0.03644373267889023
YPL206C,YMR239C,0,0.034325995,0.319029837846756,0.16897232830524445,0.03654385358095169
YMR142C,YGR189C,0,0.034292385,0.31843575835227966,0.16897232830524445,0.03664397448301315
YDR264C,YJL136C,0,0.034264583,0.31784385442733765,0.16897232830524445,0.03674409165978432
YAL014C,YEL021W,0,0.03426205,0.3172541856765747,0.16897232830524445,0.03684421256184578
YKL009W,YOL111C,0,0.034258157,0.3166666626930237,0.16897232830524445,0.03694433346390724
YEL058W,YPL053C,0,0.03425269,0.31608134508132935,0.16897232830524445,0.037044454365968704
YGL084C,YOR127W,0,0.03424838,0.31549814343452454,0.16897232830524445,0.03714457526803017
YDR039C,YKL217W,1,0.03421304,0.31675875186920166,0.16996046900749207,0.03714457526803017
YIR037W,YOR037W,0,0.034112044,0.31617647409439087,0.16996046900749207,0.03724469244480133
YJL063C,YAL023C,0,0.03409486,0.315596342086792,0.16996046900749207,0.03734481334686279
YOR005C,YBR282W,0,0.03404577,0.31501832604408264,0.16996046900749207,0.037444934248924255
YDR016C,YBL009W,0,0.034006797,0.3144424259662628,0.16996046900749207,0.03754505515098572
YPR128C,YNL321W,1,0.033970438,0.3156934380531311,0.17094860970973969,0.03754505515098572
YBR161W,YGL130W,0,0.033943985,0.3151184022426605,0.17094860970973969,0.03764517605304718
YIL002C,YLR010C,0,0.033935778,0.3145454525947571,0.17094860970973969,0.037745293229818344
YLR369W,YER044C,0,0.033926085,0.3139745891094208,0.17094860970973969,0.037845414131879807
YIL063C,YOR232W,0,0.033910714,0.3134058117866516,0.17094860970973969,0.03794553503394127
YOR316C,YDL120W,1,0.033904776,0.314647376537323,0.1719367653131485,0.03794553503394127
YBR069C,YLL027W,1,0.033890784,0.31588447093963623,0.17292490601539612,0.03794553503394127
YNL061W,YKL042W,0,0.033887528,0.315315306186676,0.17292490601539612,0.03804565593600273
YNL267W,YER069W,0,0.033877105,0.31474819779396057,0.17292490601539612,0.038145773112773895
YDL051W,YCR079W,0,0.033808395,0.3141831159591675,0.17292490601539612,0.03824589401483536
YOL041C,YIR034C,0,0.033807404,0.31362006068229675,0.17292490601539612,0.03834601491689682
YKL120W,YML123C,1,0.033797704,0.3148479461669922,0.17391304671764374,0.03834601491689682
YLL009C,YHL016C,1,0.033766326,0.31607142090797424,0.17490118741989136,0.03834601491689682
YLR163C,YGR087C,0,0.033742063,0.31550800800323486,0.17490118741989136,0.03844613581895828
YJR095W,YLR047C,1,0.03373982,0.3167259693145752,0.17588932812213898,0.03844613581895828
YGL172W,YCR009C,0,0.033708524,0.31616342067718506,0.17588932812213898,0.038546256721019745
YML123C,YOL152W,1,0.03368932,0.31737589836120605,0.1768774688243866,0.038546256721019745
YMR068W,YLR020C,0,0.033654384,0.3168141543865204,0.1768774688243866,0.03864637389779091
YLR372W,YIL101C,0,0.033641536,0.3162544071674347,0.1768774688243866,0.03874649479985237
YNL072W,YLR110C,0,0.03362428,0.315696656703949,0.1768774688243866,0.038846615701913834
YCR017C,YOR315W,0,0.033622928,0.31514084339141846,0.1768774688243866,0.038946736603975296
YNL012W,YMR112C,0,0.033616427,0.3145869970321655,0.1768774688243866,0.03904685750603676
YDR408C,YML118W,0,0.033583958,0.3140350878238678,0.1768774688243866,0.03914697468280792
YDL197C,YDR120C,0,0.033571854,0.31348511576652527,0.1768774688243866,0.039247095584869385
YGL224C,YIL121W,0,0.03354956,0.31293705105781555,0.1768774688243866,0.03934721648693085
YOR175C,YKL167C,0,0.03353378,0.31239092350006104,0.1768774688243866,0.03944733738899231
YLL034C,YPL124W,0,0.033530146,0.31184670329093933,0.1768774688243866,0.03954745829105377
YDR255C,YOR261C,0,0.033528052,0.31130436062812805,0.1768774688243866,0.039647575467824936
YHR143W-A,YHR085W,0,0.033521242,0.3107638955116272,0.1768774688243866,0.0397476963698864
YER004W,YLR388W,0,0.033508494,0.31022530794143677,0.1768774688243866,0.03984781727194786
YDR219C,YDL030W,0,0.033499874,0.3096885681152344,0.1768774688243866,0.03994793817400932
YNL230C,YJR077C,0,0.033491775,0.3091537058353424,0.1768774688243866,0.040048059076070786
YBR022W,YBR073W,0,0.03347313,0.3086206912994385,0.1768774688243866,0.04014817625284195
YDR511W,YJR025C,0,0.033454213,0.3080894947052002,0.1768774688243866,0.04024829715490341
YLR404W,YOR304W,0,0.03343918,0.30756014585494995,0.1768774688243866,0.040348418056964874
YOR377W,YCR047C,0,0.033413693,0.30703258514404297,0.1768774688243866,0.04044853895902634
YOR354C,YGR241C,0,0.033402547,0.30650684237480164,0.1768774688243866,0.0405486598610878
YGR185C,YGR104C,0,0.033389896,0.30598291754722595,0.1768774688243866,0.04064877703785896
YGR034W,YLR134W,0,0.03338047,0.30546075105667114,0.1768774688243866,0.040748897939920425
YDR038C,YPL271W,1,0.033353187,0.3066439628601074,0.17786560952663422,0.040748897939920425
YPL023C,YGL257C,0,0.03333561,0.30612245202064514,0.17786560952663422,0.04084901884198189
YBR289W,YFL034C-B,0,0.033316564,0.3056027293205261,0.17786560952663422,0.04094913974404335
YIR011C,YPR020W,0,0.033266746,0.3050847351551056,0.17786560952663422,0.04104926064610481
YBR110W,YMR200W,0,0.033250533,0.3045685291290283,0.17786560952663422,0.04114937782287598
YEL062W,YNR055C,1,0.033244785,0.3057432472705841,0.17885375022888184,0.04114937782287598
YCL036W,YJL106W,0,0.033243958,0.305227667093277,0.17885375022888184,0.04124949872493744
YER020W,YNL129W,0,0.033242065,0.30471381545066833,0.17885375022888184,0.0413496196269989
YLR142W,YER001W,0,0.033237167,0.3042016923427582,0.17885375022888184,0.041449740529060364
YML123C,YDL060W,0,0.033237137,0.3036912679672241,0.17885375022888184,0.041549861431121826
YBL092W,YOR293W,0,0.0332062,0.30318257212638855,0.17885375022888184,0.04164997860789299
YBL088C,YMR013C,0,0.033177454,0.3026755750179291,0.17885375022888184,0.04175009950995445
YBR298C,YKR024C,0,0.033175305,0.3021702766418457,0.17885375022888184,0.041850220412015915
YER021W,YCR089W,0,0.03316384,0.3016666769981384,0.17885375022888184,0.04195034131407738
YIL114C,YGR013W,0,0.033149377,0.3011647164821625,0.17885375022888184,0.04205046221613884
YNR017W,YIL124W,0,0.033143148,0.3006644546985626,0.17885375022888184,0.042150579392910004
YMR203W,YBR291C,1,0.033133402,0.3018242120742798,0.17984189093112946,0.042150579392910004
YJR110W,YDL005C,0,0.033124533,0.3013245165348053,0.17984189093112946,0.042250700294971466
YOL065C,YBR104W,0,0.03312153,0.30082646012306213,0.17984189093112946,0.04235082119703293
YLR319C,YAL021C,0,0.03310819,0.3003300428390503,0.17984189093112946,0.04245094209909439
YLR406C,YER002W,0,0.033107653,0.2998352646827698,0.17984189093112946,0.04255106300115585
YGL022W,YHR196W,0,0.03307549,0.2993420958518982,0.17984189093112946,0.04265118017792702
YGR108W,YOL006C,0,0.033036698,0.29885056614875793,0.17984189093112946,0.04275130107998848
YDR263C,YOR106W,0,0.03303078,0.2983606457710266,0.17984189093112946,0.04285142198204994
YIL020C,YJL005W,0,0.033026762,0.2978723347187042,0.17984189093112946,0.042951542884111404
YGL071W,YMR038C,1,0.033007458,0.29901960492134094,0.18083004653453827,0.042951542884111404
YKL089W,YJL139C,0,0.032996748,0.29853180050849915,0.18083004653453827,0.04305166378617287
YDR050C,YBL069W,0,0.032985233,0.2980456054210663,0.18083004653453827,0.04315178096294403
YGL077C,YHR039C-A,1,0.03298099,0.2991870045661926,0.1818181872367859,0.04315178096294403
YHR175W,YDR270W,1,0.03295227,0.3003246784210205,0.1828063279390335,0.04315178096294403
YML094W,YPR042C,0,0.032940783,0.2998379170894623,0.1828063279390335,0.04325190186500549
YDL033C,YKR071C,0,0.03293671,0.299352765083313,0.1828063279390335,0.043352022767066956
YMR060C,YBR001C,0,0.03291449,0.29886913299560547,0.1828063279390335,0.04345214366912842
YDR205W,YJL221C,0,0.0329142,0.2983871102333069,0.1828063279390335,0.04355226457118988
YOR014W,YBR105C,0,0.03286901,0.2979066073894501,0.1828063279390335,0.043652381747961044
YPL053C,YGL180W,0,0.032867998,0.2974276542663574,0.1828063279390335,0.04375250265002251
YML010W,YJR044C,0,0.032839656,0.29695025086402893,0.1828063279390335,0.04385262355208397
YDR034C,YPL099C,0,0.032839533,0.2964743673801422,0.1828063279390335,0.04395274445414543
YLR287C-A,YMR188C,0,0.032813895,0.29600000381469727,0.1828063279390335,0.044052861630916595
YPR082C,YMR291W,0,0.03280319,0.2955271601676941,0.1828063279390335,0.04415298253297806
YHR002W,YBR037C,1,0.032791615,0.2966507077217102,0.18379446864128113,0.04415298253297806
YPR113W,YAL054C,0,0.032774374,0.29617834091186523,0.18379446864128113,0.04425310343503952
YKL109W,YNL169C,0,0.03276222,0.29570746421813965,0.18379446864128113,0.04435322433710098
YPL082C,YJL073W,0,0.032756444,0.29523810744285583,0.18379446864128113,0.044453345239162445
YPR166C,YPL186C,0,0.032736383,0.294770210981369,0.18379446864128113,0.04455346241593361
YBL020W,YKL148C,0,0.0327281,0.2943038046360016,0.18379446864128113,0.04465358331799507
YGL079W,YLL023C,0,0.032695383,0.29383885860443115,0.18379446864128113,0.044753704220056534
YPR156C,YJL080C,0,0.032685876,0.2933754026889801,0.18379446864128113,0.044853825122117996
YNL220W,YNL191W,0,0.032669336,0.29291337728500366,0.18379446864128113,0.04495394602417946
YMR177W,YNL083W,1,0.032664925,0.29402515292167664,0.18478260934352875,0.04495394602417946
YMR152W,YNL218W,0,0.03264904,0.293563574552536,0.18478260934352875,0.04505406320095062
YKR059W,YNR043W,0,0.03262734,0.2931034564971924,0.18478260934352875,0.045154184103012085
YDL051W,YBR036C,0,0.032597132,0.29264476895332336,0.18478260934352875,0.04525430500507355
YGR220C,YKL165C,0,0.032588214,0.29218751192092896,0.18478260934352875,0.04535442590713501
YLL048C,YBR207W,1,0.032532454,0.29329171776771545,0.18577075004577637,0.04535442590713501
YNL055C,YML081C-A,1,0.03253165,0.29439252614974976,0.186758890748024,0.04535442590713501
YLR095C,YER083C,0,0.03246511,0.2939346730709076,0.186758890748024,0.04545454680919647
YDL028C,YDR421W,0,0.032448284,0.29347825050354004,0.186758890748024,0.045554663985967636
YGR209C,YBR192W,0,0.03244498,0.2930232584476471,0.186758890748024,0.0456547848880291
YGR279C,YEL053C,0,0.032419905,0.29256966710090637,0.186758890748024,0.04575490579009056
YGR172C,YKL168C,0,0.032403752,0.29211747646331787,0.186758890748024,0.04585502669215202
YLR327C,YDR151C,0,0.032385245,0.2916666567325592,0.186758890748024,0.045955147594213486
YDR155C,YNL224C,0,0.032384202,0.29121726751327515,0.186758890748024,0.04605526477098465
YOL082W,YDL185W,0,0.03235942,0.29076921939849854,0.186758890748024,0.04615538567304611
YPL060W,YCR075C,1,0.032322913,0.2918586730957031,0.1877470314502716,0.04615538567304611
YPR079W,YJL092W,0,0.032306936,0.29141104221343994,0.1877470314502716,0.046255506575107574
YKL144C,YIL042C,0,0.032243595,0.2909647822380066,0.1877470314502716,0.04635562747716904
YBR070C,YPR081C,0,0.03223148,0.2905198633670807,0.1877470314502716,0.0464557483792305
YGR108W,YKL209C,0,0.032212846,0.290076345205307,0.1877470314502716,0.04655586555600166
YGL213C,YAL055W,0,0.032169394,0.2896341383457184,0.1877470314502716,0.046655986458063126
YBR273C,YLR163C,0,0.03216298,0.2891933023929596,0.1877470314502716,0.04675610736012459
YBR195C,YPL270W,0,0.032083854,0.28875380754470825,0.1877470314502716,0.04685622826218605
YKR002W,YPL143W,0,0.03206049,0.28831562399864197,0.1877470314502716,0.04695634916424751
YHL047C,YMR243C,1,0.032049023,0.28939393162727356,0.18873517215251923,0.04695634916424751
YPR122W,YIL142W,0,0.032048978,0.2889561355113983,0.18873517215251923,0.04705646634101868
YOR007C,YOR311C,0,0.03201554,0.28851965069770813,0.18873517215251923,0.04715658724308014
YPL139C,YDR411C,0,0.032012388,0.288084477186203,0.18873517215251923,0.0472567081451416
YOR303W,YDR143C,0,0.03195925,0.28765061497688293,0.18873517215251923,0.047356829047203064
YBR014C,YPL048W,0,0.031955007,0.28721803426742554,0.18873517215251923,0.047456949949264526
YJL194W,YKL137W,0,0.031939764,0.2867867946624756,0.18873517215251923,0.04755706712603569
YHR216W,YMR273C,0,0.031920854,0.2863568067550659,0.18873517215251923,0.04765718802809715
YNR055C,YOR306C,1,0.03191784,0.28742516040802,0.18972331285476685,0.04765718802809715
YPR061C,YOL101C,0,0.031915255,0.286995530128479,0.18972331285476685,0.047757308930158615
YPL195W,YDL021W,0,0.031871818,0.28656715154647827,0.18972331285476685,0.04785742983222008
YOL021C,YNL088W,0,0.03186937,0.2861400842666626,0.18972331285476685,0.04795755073428154
YDR270W,YNL291C,1,0.03186327,0.287202388048172,0.19071146845817566,0.04795755073428154
YLL045C,YGR061C,0,0.031853385,0.2867756187915802,0.19071146845817566,0.048057667911052704
YJL100W,YER173W,0,0.03183085,0.28635016083717346,0.19071146845817566,0.048157788813114166
YDR354W,YJL128C,0,0.031826634,0.2859259247779846,0.19071146845817566,0.04825790971517563
YPL274W,YOR316C,1,0.031808835,0.2869822382926941,0.19169960916042328,0.04825790971517563
YDL097C,YJL139C,0,0.031773783,0.2865583598613739,0.19169960916042328,0.04835803061723709
YPR156C,YHR050W,1,0.03175962,0.28761062026023865,0.1926877498626709,0.04835803061723709
YNL262W,YJL042W,0,0.03173424,0.28718703985214233,0.1926877498626709,0.04845815151929855
YPL101W,YKL161C,0,0.031733107,0.2867647111415863,0.1926877498626709,0.04855826869606972
YKL221W,YGR008C,0,0.031731926,0.28634360432624817,0.1926877498626709,0.04865838959813118
YKL016C,YOR381W,1,0.03172458,0.2873900234699249,0.19367589056491852,0.04865838959813118
YOL128C,YER144C,0,0.03171691,0.28696924448013306,0.19367589056491852,0.04875851050019264
YML074C,YDR162C,0,0.031714723,0.28654971718788147,0.19367589056491852,0.048858631402254105
YOR316C,YGL139W,1,0.031708717,0.28759124875068665,0.19466403126716614,0.048858631402254105
YGR006W,YLR079W,0,0.031707313,0.28717201948165894,0.19466403126716614,0.04895875230431557
YMR301C,YBR132C,1,0.031667426,0.28820961713790894,0.19565217196941376,0.04895875230431557
YOR316C,YJL093C,1,0.031650357,0.2892441749572754,0.19664031267166138,0.04895875230431557
YGR134W,YLR174W,0,0.03163849,0.2888243794441223,0.19664031267166138,0.04905886948108673
YPL196W,YNL306W,0,0.031621095,0.28840580582618713,0.19664031267166138,0.04915899038314819
YMR089C,YPL244C,0,0.03161601,0.28798842430114746,0.19664031267166138,0.049259111285209656
YBR247C,YKR069W,0,0.031585205,0.2875722646713257,0.19664031267166138,0.04935923218727112
YPL270W,YNR022C,0,0.031575598,0.2871572971343994,0.19664031267166138,0.04945934936404228
YOL120C,YLR403W,0,0.03157103,0.28674352169036865,0.19664031267166138,0.049559470266103745
YGL174W,YNL284C,0,0.031522572,0.2863309383392334,0.19664031267166138,0.04965959116816521
YDL078C,YKL135C,0,0.031332377,0.28591954708099365,0.19664031267166138,0.04975971207022667
YFL031W,YDL095W,0,0.031304885,0.285509318113327,0.19664031267166138,0.04985983297228813
YJR095W,YDL128W,1,0.03127116,0.2865329384803772,0.197628453373909,0.04985983297228813
YIL039W,YAL038W,0,0.031232666,0.28612303733825684,0.197628453373909,0.049959950149059296
YHR063C,YCR009C,0,0.031228635,0.2857142984867096,0.197628453373909,0.05006007105112076
YHL009C,YER069W,0,0.031222304,0.2853066921234131,0.197628453373909,0.05016019195318222
YIL004C,YPL153C,0,0.031220563,0.2849002778530121,0.197628453373909,0.05026031285524368
YOR092W,YPR166C,0,0.031186419,0.2844950258731842,0.197628453373909,0.050360433757305145
YEL071W,YNL162W,0,0.031182945,0.28409090638160706,0.197628453373909,0.05046055093407631
YER013W,YBR172C,0,0.031177696,0.283687949180603,0.197628453373909,0.05056067183613777
YBR009C,YBR079C,0,0.031175068,0.28328612446784973,0.197628453373909,0.050660792738199234
YGL059W,YML063W,0,0.031173356,0.28288543224334717,0.197628453373909,0.050760913640260696
YCR003W,YGL254W,0,0.031166602,0.28248587250709534,0.197628453373909,0.05086103454232216
YML066C,YOR355W,0,0.031162353,0.28208744525909424,0.197628453373909,0.05096115171909332
YBR200W,YIL170W,0,0.031147888,0.28169015049934387,0.197628453373909,0.051061272621154785
YIL046W,YDR032C,0,0.031147787,0.28129395842552185,0.197628453373909,0.05116139352321625
YML001W,YGR143W,0,0.03114508,0.2808988690376282,0.197628453373909,0.05126151442527771
YAR002C-A,YOR181W,0,0.031143498,0.28050491213798523,0.197628453373909,0.05136163532733917
YJR078W,YDL120W,0,0.031131623,0.28011205792427063,0.197628453373909,0.051461752504110336
YOL140W,YLR327C,0,0.03112611,0.279720276594162,0.197628453373909,0.0515618734061718
YCR097W,YDR465C,0,0.031085525,0.2793295979499817,0.197628453373909,0.05166199430823326
YBR019C,YOR324C,0,0.031062268,0.27894002199172974,0.197628453373909,0.051762115210294724
YGL008C,YPL265W,1,0.031053517,0.2799443006515503,0.19861659407615662,0.051762115210294724
YGR009C,YHR036W,0,0.03104952,0.27955493330955505,0.19861659407615662,0.051862236112356186
YGL250W,YER011W,0,0.031014286,0.27916666865348816,0.19861659407615662,0.05196235328912735
YMR054W,YLL018C-A,1,0.031013906,0.2801664471626282,0.19960474967956543,0.05196235328912735
YER019C-A,YGR062C,0,0.031008586,0.279778391122818,0.19960474967956543,0.05206247419118881
YDR440W,YHR042W,0,0.030984141,0.27939143776893616,0.19960474967956543,0.052162595093250275
YER111C,YKL156W,0,0.030981252,0.2790055274963379,0.19960474967956543,0.05226271599531174
YDL193W,YER114C,0,0.030934842,0.2786206901073456,0.19960474967956543,0.0523628368973732
YEL017C-A,YDR534C,1,0.030934304,0.27961432933807373,0.20059289038181305,0.0523628368973732
YOR383C,YBR207W,1,0.03090929,0.2806052267551422,0.20158103108406067,0.0523628368973732
YGR292W,YJR007W,0,0.03089625,0.28021979331970215,0.20158103108406067,0.05246295407414436
YPL223C,YDL058W,0,0.030894827,0.27983540296554565,0.20158103108406067,0.052563074976205826
YOR382W,YPL271W,1,0.03089049,0.28082191944122314,0.2025691717863083,0.052563074976205826
YBL030C,YOL077W-A,1,0.030882753,0.28180575370788574,0.2035573124885559,0.052563074976205826
YOL013C,YHR166C,0,0.030875344,0.2814207673072815,0.2035573124885559,0.05266319587826729
YDR410C,YDR247W,0,0.030858269,0.2810368239879608,0.2035573124885559,0.05276331678032875
YNL119W,YHR030C,0,0.030854398,0.2806539535522461,0.2035573124885559,0.05286343768239021
YLR213C,YGL071W,0,0.030825589,0.28027209639549255,0.2035573124885559,0.05296355485916138
YJL101C,YGR023W,0,0.030801032,0.27989131212234497,0.2035573124885559,0.05306367576122284
YBL078C,YMR024W,0,0.030760184,0.27951154112815857,0.2035573124885559,0.0531637966632843
YGL021W,YLL011W,0,0.030750036,0.27913278341293335,0.2035573124885559,0.053263917565345764
YML006C,YDR408C,0,0.03074582,0.2787550687789917,0.2035573124885559,0.05336403846740723
YLR135W,YNL138W,0,0.030745424,0.27837836742401123,0.2035573124885559,0.05346415564417839
YOL041C,YOL097C,0,0.030737285,0.27800270915031433,0.2035573124885559,0.05356427654623985
YDR311W,YKR068C,0,0.030733481,0.2776280343532562,0.2035573124885559,0.053664397448301315
YLR295C,YCR024C-A,1,0.03068579,0.27860027551651,0.20454545319080353,0.053664397448301315
YLR107W,YDR382W,0,0.030683983,0.2782258093357086,0.20454545319080353,0.05376451835036278
YJR014W,YFR003C,0,0.030675247,0.2778523564338684,0.20454545319080353,0.05386463925242424
YKL064W,YOR270C,1,0.030642567,0.27882036566734314,0.20553359389305115,0.05386463925242424
YLR096W,YPL226W,0,0.030634392,0.27844712138175964,0.20553359389305115,0.053964756429195404
YMR026C,YIL051C,0,0.030619035,0.27807486057281494,0.20553359389305115,0.054064877331256866
YDR216W,YGR026W,0,0.03061442,0.2777036130428314,0.20553359389305115,0.05416499823331833
YER075C,YNL149C,0,0.03059885,0.2773333191871643,0.20553359389305115,0.05426511913537979
YNR039C,YKR105C,1,0.030582085,0.2782956063747406,0.20652173459529877,0.05426511913537979
YDR527W,YDR101C,0,0.030571548,0.2779255211353302,0.20652173459529877,0.054365240037441254
YIL129C,YBR261C,0,0.030556917,0.277556449174881,0.20652173459529877,0.05446535721421242
YLR450W,YPR018W,0,0.030542783,0.27718833088874817,0.20652173459529877,0.05456547811627388
YHR175W,YLL051C,1,0.030530434,0.2781457006931305,0.2075098752975464,0.05456547811627388
YOR316C,YER166W,1,0.030508898,0.27910053730010986,0.2084980309009552,0.05456547811627388
YOR167C,YMR184W,0,0.03050776,0.2787318229675293,0.2084980309009552,0.05466559901833534
YLR148W,YJL034W,0,0.030497894,0.2783641219139099,0.2084980309009552,0.054765719920396805
YDR448W,YHR052W,0,0.030496622,0.27799737453460693,0.2084980309009552,0.05486584082245827
YJL066C,YBL093C,0,0.030490931,0.27763158082962036,0.2084980309009552,0.05496595799922943
YPR182W,YDR298C,0,0.030486785,0.2772667407989502,0.2084980309009552,0.055066078901290894
YDR506C,YOR381W,1,0.030484997,0.278215229511261,0.20948617160320282,0.055066078901290894
YMR083W,YOR038C,0,0.030478666,0.27785059809684753,0.20948617160320282,0.055166199803352356
YMR121C,YLR051C,0,0.03044618,0.2774869203567505,0.20948617160320282,0.05526632070541382
YAL022C,YNL044W,0,0.030440435,0.27712419629096985,0.20948617160320282,0.05536643788218498
YGR191W,YHL040C,1,0.030438976,0.2780678868293762,0.21047431230545044,0.05536643788218498
YDR059C,YLR385C,0,0.03042062,0.2777053415775299,0.21047431230545044,0.055466558784246445
YPL196W,YKL174C,0,0.030416671,0.27734375,0.21047431230545044,0.05556667968630791
YMR301C,YLR034C,1,0.030409947,0.2782834768295288,0.21146245300769806,0.05556667968630791
YPL240C,YNL061W,0,0.030407192,0.2779220640659332,0.21146245300769806,0.05566680058836937
YOL068C,YOR038C,0,0.03038942,0.27756160497665405,0.21146245300769806,0.05576692149043083
YAL060W,YER145C,0,0.03037396,0.2772020697593689,0.21146245300769806,0.055867038667201996
YGL254W,YPR067W,1,0.030352306,0.27813711762428284,0.21245059370994568,0.055867038667201996
YNL264C,YOR354C,0,0.030349795,0.2777777910232544,0.21245059370994568,0.05596715956926346
YLL018C-A,YDR377W,1,0.030347917,0.27870967984199524,0.2134387344121933,0.05596715956926346
YOR033C,YJR053W,0,0.030340696,0.27835050225257874,0.2134387344121933,0.05606728047132492
YGL008C,YNL321W,1,0.030322246,0.27927929162979126,0.21442687511444092,0.05606728047132492
YPL112C,YDR481C,0,0.030317435,0.27892032265663147,0.21442687511444092,0.05616740137338638
YJL166W,YEL063C,0,0.030308861,0.2785622477531433,0.21442687511444092,0.056267522275447845
YDR033W,YMR145C,0,0.030246403,0.27820512652397156,0.21442687511444092,0.05636763945221901
YPL188W,YPR167C,0,0.030197408,0.27784889936447144,0.21442687511444092,0.05646776035428047
YGL254W,YJL093C,1,0.030188706,0.27877238392829895,0.21541501581668854,0.05646776035428047
YHL040C,YER035W,0,0.030187003,0.27841633558273315,0.21541501581668854,0.056567881256341934
YGL043W,YCR047C,0,0.03017689,0.2780612111091614,0.21541501581668854,0.0566680021584034
YMR251W-A,YPL231W,0,0.030149199,0.2777070105075836,0.21541501581668854,0.05676812306046486
YGL184C,YEL053C,0,0.030144412,0.2773537039756775,0.21541501581668854,0.05686824023723602
YOR313C,YKL049C,0,0.030136045,0.2770012617111206,0.21541501581668854,0.056968361139297485
YOR115C,YLR121C,0,0.030136015,0.27664974331855774,0.21541501581668854,0.05706848204135895
YBR026C,YLR089C,0,0.03012221,0.2762991189956665,0.21541501581668854,0.05716860294342041
YDR050C,YKL084W,0,0.030108178,0.2759493589401245,0.21541501581668854,0.05726872384548187
YHL002W,YNL315C,0,0.030103847,0.27560049295425415,0.21541501581668854,0.057368841022253036
YJL166W,YOL062C,0,0.030088779,0.2752525210380554,0.21541501581668854,0.0574689619243145
YNR069C,YDR497C,0,0.030059537,0.27490541338920593,0.21541501581668854,0.05756908282637596
YKR050W,YOL152W,1,0.030054126,0.2758186459541321,0.21640315651893616,0.05756908282637596
YLL036C,YGL156W,0,0.03004628,0.27547168731689453,0.21640315651893616,0.057669203728437424
YBR008C,YKR046C,0,0.030033879,0.2751256227493286,0.21640315651893616,0.057769324630498886
YPR156C,YKL080W,1,0.030033806,0.2760351300239563,0.21739129722118378,0.057769324630498886
YDL127W,YBR010W,0,0.030026756,0.2756892144680023,0.21739129722118378,0.05786944180727005
YOR312C,YGR175C,0,0.030015819,0.27534419298171997,0.21739129722118378,0.05796956270933151
YDR354W,YHR007C,0,0.030006949,0.2750000059604645,0.21739129722118378,0.058069683611392975
YLR106C,YOL013C,0,0.029994342,0.2746566832065582,0.21739129722118378,0.05816980451345444
YMR188C,YGL100W,0,0.029990595,0.2743142247200012,0.21739129722118378,0.0582699254155159
YAL005C,YHR036W,0,0.029987652,0.27397260069847107,0.21739129722118378,0.058370042592287064
YGL013C,YBL069W,0,0.029979348,0.27363184094429016,0.21739129722118378,0.058470163494348526
YGR144W,YLR285W,0,0.02996445,0.2732919156551361,0.21739129722118378,0.05857028439640999
YER006W,YBL041W,0,0.029950837,0.2729528546333313,0.21739129722118378,0.05867040529847145
YCL043C,YHR085W,0,0.029949509,0.27261462807655334,0.21739129722118378,0.05877052620053291
YDR205W,YLR048W,0,0.029946037,0.27227723598480225,0.21739129722118378,0.05887064337730408
YBR230C,YIL042C,0,0.029888468,0.271940678358078,0.21739129722118378,0.05897076427936554
YDL015C,YGR008C,0,0.02988834,0.2716049253940582,0.21739129722118378,0.059070885181427
YNR023W,YOR290C,0,0.029887935,0.2712700366973877,0.21739129722118378,0.059171006083488464
YBL002W,YNL047C,0,0.02986723,0.27093595266342163,0.21739129722118378,0.05927112698554993
YNR054C,YDR076W,0,0.029832615,0.2706027030944824,0.21739129722118378,0.05937124416232109
YGL156W,YLR427W,0,0.029830486,0.2702702581882477,0.21739129722118378,0.05947136506438255
YER053C,YNR055C,1,0.02982589,0.2711656391620636,0.2183794528245926,0.05947136506438255
YBR014C,YLR204W,0,0.029821197,0.2708333432674408,0.2183794528245926,0.059571485966444016
YNL065W,YNR060W,1,0.029791722,0.2717258334159851,0.2193675935268402,0.059571485966444016
YKL220C,YJL129C,1,0.029782569,0.2726161479949951,0.22035573422908783,0.059571485966444016
YCR024C-A,YPR152C,0,0.029772481,0.27228328585624695,0.22035573422908783,0.05967160686850548
YER070W,YLR178C,0,0.02974406,0.27195122838020325,0.22035573422908783,0.05977172777056694
YPL180W,YLR385C,0,0.029715404,0.271619975566864,0.22035573422908783,0.059871844947338104
YGL071W,YBR290W,1,0.029707097,0.27250608801841736,0.22134387493133545,0.059871844947338104
YJL133W,YCR021C,1,0.029700657,0.2733900249004364,0.22233201563358307,0.059871844947338104
YER021W,YDR139C,0,0.029696222,0.2730582654476166,0.22233201563358307,0.05997196584939957
YIL157C,YDR462W,0,0.029693503,0.27272728085517883,0.22233201563358307,0.06007208675146103
YJL133W,YOL152W,1,0.029688988,0.2736077606678009,0.2233201563358307,0.06007208675146103
YDR330W,YML093W,0,0.029683981,0.2732768952846527,0.2233201563358307,0.06017220765352249
YML048W,YEL004W,0,0.029673703,0.27294686436653137,0.2233201563358307,0.060272328555583954
YGR116W,YJL137C,0,0.029669961,0.2726176083087921,0.2233201563358307,0.06037244573235512
YOL127W,YML008C,0,0.029668042,0.2722891569137573,0.2233201563358307,0.06047256663441658
YER019W,YJL115W,0,0.029649707,0.2719614803791046,0.2233201563358307,0.06057268753647804
YPL053C,YPL046C,0,0.029647691,0.27163460850715637,0.2233201563358307,0.060672808438539505
YFL038C,YFR015C,0,0.02963766,0.2713085114955902,0.2233201563358307,0.06077292934060097
YDR033W,YGR191W,1,0.029625267,0.27218225598335266,0.2243082970380783,0.06077292934060097
YLR265C,YGR143W,0,0.029622171,0.27185627818107605,0.2243082970380783,0.06087304651737213
YPL095C,YIL088C,0,0.029619329,0.2715311050415039,0.2243082970380783,0.060973167419433594
YMR189W,YFL045C,0,0.029614523,0.27120667695999146,0.2243082970380783,0.061073288321495056
YDR380W,YOL049W,0,0.029610608,0.27088305354118347,0.2243082970380783,0.06117340922355652
YCR033W,YGL011C,0,0.029572807,0.27056020498275757,0.2243082970380783,0.06127352640032768
YPL234C,YBR054W,1,0.02956304,0.27142858505249023,0.22529643774032593,0.06127352640032768
YPL007C,YBL075C,0,0.029551573,0.2711058259010315,0.22529643774032593,0.061373647302389145
YPR108W,YEL046C,0,0.029546486,0.27078384160995483,0.22529643774032593,0.06147376820445061
YAL038W,YOR206W,0,0.029508702,0.27046263217926025,0.22529643774032593,0.06157388910651207
YEL062W,YLL051C,1,0.02949676,0.27132701873779297,0.22628457844257355,0.06157388910651207
YKR028W,YGR143W,0,0.02948163,0.27100592851638794,0.22628457844257355,0.06167401000857353
YBL050W,YKL139W,0,0.029473918,0.2706855833530426,0.22628457844257355,0.061774127185344696
YLR228C,YBR296C,0,0.02946873,0.27036598324775696,0.22628457844257355,0.06187424808740616
YIR018W,YML043C,0,0.029459704,0.2700471580028534,0.22628457844257355,0.06197436898946762
YNL312W,YNL289W,0,0.029444575,0.2697291076183319,0.22628457844257355,0.06207448989152908
YLR009W,YPR107C,0,0.029438537,0.26941177248954773,0.22628457844257355,0.062174610793590546
YMR012W,YBR115C,0,0.029399088,0.26909518241882324,0.22628457844257355,0.06227472797036171
YMR304W,YIL076W,0,0.02939057,0.26877933740615845,0.22628457844257355,0.06237484887242317
YGR183C,YOL026C,0,0.029388588,0.26846423745155334,0.22628457844257355,0.062474969774484634
YOL062C,YDR313C,0,0.029384248,0.26814988255500793,0.22628457844257355,0.0625750869512558
YNL202W,YHL034C,0,0.029373975,0.26783624291419983,0.22628457844257355,0.06267520785331726
YKR105C,YOR391C,0,0.02931951,0.2675233781337738,0.22628457844257355,0.06277532875537872
YGL084C,YGR014W,0,0.029308606,0.2672111988067627,0.22628457844257355,0.06287544965744019
YPL204W,YBR079C,0,0.02930347,0.2668997645378113,0.22628457844257355,0.06297557055950165
YJR095W,YER145C,1,0.029292233,0.2677532136440277,0.22727273404598236,0.06297557055950165
YGL099W,YGL222C,0,0.029284194,0.26744186878204346,0.22727273404598236,0.06307569146156311
YDL084W,YMR323W,0,0.029278738,0.2671312391757965,0.22727273404598236,0.06317581236362457
YAL053W,YKL220C,1,0.029275332,0.2679814398288727,0.22826087474822998,0.06317581236362457
YLR378C,YKL143W,0,0.02927399,0.2676709294319153,0.22826087474822998,0.06327593326568604
YBR021W,YPL005W,0,0.02927157,0.2673611044883728,0.22826087474822998,0.0633760541677475
YDR043C,YNL217W,0,0.029268192,0.26705202460289,0.22826087474822998,0.06347617506980896
YIL078W,YJL100W,0,0.029250845,0.26674365997314453,0.22826087474822998,0.06357628852128983
YGR238C,YOR326W,0,0.029248297,0.26643598079681396,0.22826087474822998,0.06367640942335129
YMR030W,YJL019W,0,0.029246833,0.2661290466785431,0.22826087474822998,0.06377653032541275
YLR188W,YEL062W,0,0.029229932,0.26582279801368713,0.22826087474822998,0.06387665122747421
YGL062W,YBL093C,0,0.029227339,0.2655172348022461,0.22826087474822998,0.06397677212953568
YDR447C,YGR192C,0,0.029223057,0.26521238684654236,0.22826087474822998,0.06407689303159714
YJL041W,YCR075C,0,0.029207528,0.2649082541465759,0.22826087474822998,0.0641770139336586
YNL172W,YLR176C,0,0.029203724,0.2646048069000244,0.22826087474822998,0.06427713483572006
YOR209C,YDL231C,0,0.029183839,0.2643020451068878,0.22826087474822998,0.06437725573778152
YLR459W,YNL085W,0,0.029168874,0.2639999985694885,0.22826087474822998,0.06447736918926239
YDR226W,YBL034C,0,0.029154327,0.26369863748550415,0.22826087474822998,0.06457749009132385
YIL109C,YJL024C,0,0.029150534,0.2633979618549347,0.22826087474822998,0.06467761099338531
YIL006W,YBR069C,1,0.029145984,0.2642368972301483,0.2292490154504776,0.06467761099338531
YDL128W,YDR331W,0,0.02914464,0.26393628120422363,0.2292490154504776,0.06477773189544678
YML026C,YNL067W,0,0.029131006,0.26363635063171387,0.2292490154504776,0.06487785279750824
YNL030W,YDR167W,0,0.029130448,0.263337105512619,0.2292490154504776,0.0649779736995697
YLR398C,YOR307C,0,0.029123789,0.2630385458469391,0.2292490154504776,0.06507809460163116
YPL027W,YNL206C,0,0.029116789,0.2627406716346741,0.2292490154504776,0.06517821550369263
YBL006C,YHR098C,0,0.029110909,0.2624434530735016,0.2292490154504776,0.06527833640575409
YDR039C,YDR377W,1,0.029107694,0.2632768452167511,0.23023715615272522,0.06527833640575409
YNL047C,YHR031C,0,0.029100373,0.2629796862602234,0.23023715615272522,0.06537845730781555
YOL052C,YDR329C,0,0.029096676,0.2626832127571106,0.23023715615272522,0.06547857075929642
YDR418W,YMR159C,0,0.029092345,0.26238739490509033,0.23023715615272522,0.06557869166135788
YBL099W,YOR273C,1,0.029092168,0.26321709156036377,0.23122529685497284,0.06557869166135788
YDR263C,YJL104W,0,0.029058615,0.26292136311531067,0.23122529685497284,0.06567881256341934
YKL017C,YFR004W,0,0.02905799,0.2626262605190277,0.23122529685497284,0.0657789334654808
YIR011C,YPL123C,0,0.02904929,0.26233184337615967,0.23122529685497284,0.06587905436754227
YBR079C,YDL222C,0,0.029031143,0.26203808188438416,0.23122529685497284,0.06597917526960373
YPR201W,YML036W,0,0.029014345,0.26174497604370117,0.23122529685497284,0.06607929617166519
YOR299W,YGR284C,0,0.029004732,0.2614525258541107,0.23122529685497284,0.06617941707372665
YIL132C,YJL048C,0,0.028973348,0.2611607015132904,0.23122529685497284,0.06627953797578812
YPR149W,YNL279W,0,0.028962476,0.260869562625885,0.23122529685497284,0.06637965887784958
YGL004C,YDL188C,0,0.028955918,0.26057907938957214,0.23122529685497284,0.06647977232933044
YNL244C,YDL197C,0,0.02894891,0.2602892220020294,0.23122529685497284,0.0665798932313919
YPR049C,YKR003W,0,0.02894865,0.25999999046325684,0.23122529685497284,0.06668001413345337
YEL053C,YPR032W,0,0.02891911,0.25971144437789917,0.23122529685497284,0.06678013503551483
YGR095C,YBR066C,0,0.028915867,0.25942349433898926,0.23122529685497284,0.0668802559375763
YMR202W,YBR154C,0,0.028910264,0.2591361999511719,0.23122529685497284,0.06698037683963776
YNR074C,YPR094W,0,0.028908495,0.258849561214447,0.23122529685497284,0.06708049774169922
YNL222W,YCL034W,0,0.028903674,0.2585635483264923,0.23122529685497284,0.06718061864376068
YDR084C,YKL193C,0,0.028893076,0.25827813148498535,0.23122529685497284,0.06728073954582214
YOR355W,YGR132C,0,0.02889172,0.2579933702945709,0.23122529685497284,0.0673808604478836
YMR163C,YLR088W,0,0.028876482,0.257709264755249,0.23122529685497284,0.06748097389936447
YDR270W,YJL198W,1,0.028861728,0.2585258483886719,0.23221343755722046,0.06748097389936447
YOR176W,YGR088W,0,0.02886094,0.25824177265167236,0.23221343755722046,0.06758109480142593
YDL033C,YBR161W,0,0.028833956,0.2579582929611206,0.23221343755722046,0.0676812157034874
YML028W,YIL020C,0,0.028828448,0.257675439119339,0.23221343755722046,0.06778133660554886
YOR323C,YHR206W,0,0.028824678,0.2573932111263275,0.23221343755722046,0.06788145750761032
YBR135W,YNL158W,0,0.028801328,0.2571116089820862,0.23221343755722046,0.06798157840967178
YLR106C,YJL155C,0,0.028778274,0.2568306028842926,0.23221343755722046,0.06808169931173325
YPR065W,YER017C,0,0.028771592,0.25655022263526917,0.23221343755722046,0.06818182021379471
YBR024W,YPL028W,0,0.02876134,0.2562704384326935,0.23221343755722046,0.06828194111585617
YKL160W,YGR128C,0,0.028758343,0.25599128007888794,0.23221343755722046,0.06838206201791763
YGR086C,YNL131W,0,0.028754413,0.25571271777153015,0.23221343755722046,0.0684821754693985
YAL016W,YDR137W,0,0.028742757,0.2554347813129425,0.23221343755722046,0.06858229637145996
YOL145C,YLR201C,0,0.028733585,0.2551574409008026,0.23221343755722046,0.06868241727352142
YLR362W,YDR198C,0,0.028733142,0.2548806965351105,0.23221343755722046,0.06878253817558289
YPR043W,YNL191W,0,0.028701339,0.2546045482158661,0.23221343755722046,0.06888265907764435
YKL175W,YHR136C,1,0.028690368,0.2554112672805786,0.23320157825946808,0.06888265907764435
YML052W,YCL018W,0,0.028689945,0.2551351487636566,0.23320157825946808,0.06898277997970581
YGR256W,YGR123C,0,0.028675366,0.25485959649086,0.23320157825946808,0.06908290088176727
YDR421W,YOL152W,0,0.028665729,0.2545846700668335,0.23320157825946808,0.06918302178382874
YJL108C,YKL143W,0,0.028663464,0.25431033968925476,0.23320157825946808,0.0692831426858902
YDL004W,YLR214W,1,0.028645061,0.25511303544044495,0.2341897189617157,0.0692831426858902
YBL016W,YDR302W,0,0.02861996,0.2548387050628662,0.2341897189617157,0.06938326358795166
YOL044W,YGR032W,0,0.02861875,0.25456497073173523,0.2341897189617157,0.06948337703943253
YDR527W,YNR054C,0,0.02861656,0.254291832447052,0.2341897189617157,0.06958349794149399
YPL265W,YLR221C,0,0.028612915,0.25401929020881653,0.2341897189617157,0.06968361884355545
YPL065W,YLR336C,0,0.02861119,0.2537473142147064,0.2341897189617157,0.06978373974561691
YIL040W,YGR156W,0,0.028607422,0.25347593426704407,0.2341897189617157,0.06988386064767838
YGL137W,YBL105C,0,0.028594047,0.2532051205635071,0.2341897189617157,0.06998398154973984
YHR070W,YMR030W,0,0.028585006,0.25293490290641785,0.2341897189617157,0.0700841024518013
YLR421C,YGR216C,0,0.02858293,0.252665251493454,0.2341897189617157,0.07018422335386276
YBL099W,YCR024C-A,1,0.02854034,0.2534611225128174,0.23517785966396332,0.07018422335386276
YKL144C,YOR275C,0,0.02853308,0.2531915009021759,0.23517785966396332,0.07028434425592422
YHR176W,YDR533C,0,0.028516732,0.2529224157333374,0.23517785966396332,0.07038445770740509
YLR214W,YPR184W,0,0.028502988,0.25265392661094666,0.23517785966396332,0.07048457860946655
YMR319C,YBR037C,1,0.028487064,0.25344645977020264,0.23616601526737213,0.07048457860946655
YOL093W,YAL017W,0,0.028480131,0.2531779706478119,0.23616601526737213,0.07058469951152802
YFL041W,YDR312W,0,0.02847289,0.2529100477695465,0.23616601526737213,0.07068482041358948
YLR208W,YEL031W,0,0.028445778,0.2526427209377289,0.23616601526737213,0.07078494131565094
YIL097W,YOR190W,0,0.028445572,0.25237593054771423,0.23616601526737213,0.0708850622177124
YOR371C,YFR031C,0,0.028430998,0.25210970640182495,0.23616601526737213,0.07098518311977386
YER111C,YLR306W,0,0.028414704,0.25184404850006104,0.23616601526737213,0.07108530402183533
YCR083W,YGL209W,0,0.028401531,0.2515789568424225,0.23616601526737213,0.07118542492389679
YHR062C,YJL048C,0,0.028393004,0.2513144016265869,0.23616601526737213,0.07128554582595825
YIL114C,YBL042C,0,0.028387047,0.2510504126548767,0.23616601526737213,0.07138565927743912
YAR050W,YPR181C,0,0.028385067,0.25078698992729187,0.23616601526737213,0.07148578017950058
YKL175W,YLL015W,1,0.02837965,0.2515723407268524,0.23715415596961975,0.07148578017950058
YPR201W,YER185W,1,0.028379424,0.25235602259635925,0.23814229667186737,0.07148578017950058
YDL061C,YPR159W,0,0.028362613,0.25209206342697144,0.23814229667186737,0.07158590108156204
YGR229C,YML024W,0,0.028351221,0.2518286406993866,0.23814229667186737,0.0716860219836235
YPL192C,YDL002C,0,0.028319163,0.25156575441360474,0.23814229667186737,0.07178614288568497
YKR002W,YGR229C,0,0.02831487,0.25130343437194824,0.23814229667186737,0.07188626378774643
YJR005W,YOR323C,0,0.02830585,0.2510416805744171,0.23814229667186737,0.07198638468980789
YBR026C,YDR358W,0,0.028280646,0.2507804334163666,0.23814229667186737,0.07208650559186935
YNR060W,YLR034C,1,0.028265776,0.2515592575073242,0.239130437374115,0.07208650559186935
YNL298W,YPL015C,0,0.028264951,0.25129804015159607,0.239130437374115,0.07218662649393082
YEL020C,YPL232W,0,0.028263781,0.2510373592376709,0.239130437374115,0.07228674739599228
YPL089C,YJR044C,0,0.028260889,0.2507772147655487,0.239130437374115,0.07238686084747314
YAL014C,YBR004C,0,0.02825449,0.2505176067352295,0.239130437374115,0.0724869817495346
YMR088C,YPL134C,0,0.028252183,0.25025853514671326,0.239130437374115,0.07258710265159607
YIL023C,YOR181W,0,0.02824213,0.25,0.239130437374115,0.07268722355365753
YOL067C,YGR231C,0,0.028228398,0.24974200129508972,0.239130437374115,0.072787344455719
YHR074W,YGL122C,0,0.02822,0.24948453903198242,0.239130437374115,0.07288746535778046
YCR028C-A,YDR156W,0,0.028216142,0.2492275983095169,0.239130437374115,0.07298758625984192
YPL092W,YOR381W,1,0.028210105,0.25,0.2401185780763626,0.07298758625984192
YAR003W,YIR017C,0,0.028203366,0.24974305927753448,0.2401185780763626,0.07308770716190338
YJL130C,YNR011C,0,0.028190617,0.24948665499687195,0.2401185780763626,0.07318782806396484
YCR069W,YDR033W,0,0.028182145,0.2492307722568512,0.2401185780763626,0.0732879489660263
YBR106W,YOR056C,0,0.028180854,0.24897541105747223,0.2401185780763626,0.07338806241750717
YGL250W,YLR439W,0,0.028167713,0.24872057139873505,0.2401185780763626,0.07348818331956863
YJL090C,YGR240C,0,0.028157173,0.24846625328063965,0.2401185780763626,0.0735883042216301
YNL065W,YBR294W,1,0.028138928,0.2492339164018631,0.24110671877861023,0.0735883042216301
YLR220W,YLL055W,1,0.028133888,0.25,0.24209485948085785,0.0735883042216301
YHL047C,YDL146W,0,0.028110053,0.24974516034126282,0.24209485948085785,0.07368842512369156
YBR110W,YJR005W,0,0.02809711,0.24949084222316742,0.24209485948085785,0.07378854602575302
YOR373W,YBR287W,0,0.028089946,0.2492370307445526,0.24209485948085785,0.07388866692781448
YLR105C,YJR056C,0,0.028069496,0.2489837408065796,0.24209485948085785,0.07398878782987595
YMR200W,YER075C,0,0.028064456,0.24873095750808716,0.24209485948085785,0.07408890873193741
YJL198W,YOR270C,1,0.028044416,0.24949289858341217,0.24308300018310547,0.07408890873193741
YMR270C,YMR311C,0,0.028016118,0.24924011528491974,0.24308300018310547,0.07418902963399887
YNL055C,YOL152W,1,0.028015118,0.25,0.2440711408853531,0.07418902963399887
YMR116C,YOR056C,0,0.028010942,0.24974721670150757,0.2440711408853531,0.07428915053606033
YGR014W,YMR079W,0,0.02800909,0.24949495494365692,0.2440711408853531,0.0743892639875412
YMR022W,YML007W,0,0.027995778,0.24924318492412567,0.2440711408853531,0.07448938488960266
YLR369W,YDL153C,0,0.02798739,0.2489919364452362,0.2440711408853531,0.07458950579166412
YJR126C,YDR032C,0,0.027984178,0.24874119460582733,0.2440711408853531,0.07468962669372559
YIL112W,YBR192W,0,0.02796048,0.24849094450473785,0.2440711408853531,0.07478974759578705
YIL110W,YOR226C,0,0.027956579,0.24824120104312897,0.2440711408853531,0.07488986849784851
YBL045C,YAR015W,0,0.02793543,0.24799196422100067,0.2440711408853531,0.07498998939990997
YIL070C,YLR020C,0,0.027876435,0.24774323403835297,0.2440711408853531,0.07509011030197144
YLR410W,YBR221C,0,0.027873883,0.24749499559402466,0.2440711408853531,0.0751902312040329
YBR059C,YNL088W,0,0.027845643,0.24724724888801575,0.2440711408853531,0.07529035210609436
YJR161C,YDL066W,0,0.027819917,0.24699999392032623,0.2440711408853531,0.07539046555757523
YJR040W,YBR105C,0,0.027808651,0.2467532455921173,0.2440711408853531,0.07549058645963669
YNL159C,YPL256C,0,0.027795807,0.24650698900222778,0.2440711408853531,0.07559070736169815
YJR097W,YMR169C,0,0.027746003,0.24626120924949646,0.2440711408853531,0.07569082826375961
YOR332W,YDR038C,1,0.027732573,0.2470119595527649,0.2450592815876007,0.07569082826375961
YNL291C,YBR207W,1,0.027701901,0.24776118993759155,0.24604743719100952,0.07569082826375961
YOR122C,YER068W,0,0.02768323,0.24751490354537964,0.24604743719100952,0.07579094916582108
YLR369W,YOL058W,0,0.02767682,0.24726910889148712,0.24604743719100952,0.07589107006788254
YOR283W,YIL042C,0,0.027664475,0.247023805975914,0.24604743719100952,0.075991190969944
YHR036W,YBR236C,0,0.027644455,0.24677899479866028,0.24604743719100952,0.07609131187200546
YAL014C,YML070W,0,0.027629575,0.24653466045856476,0.24604743719100952,0.07619143277406693
YBR216C,YLR399C,0,0.027627857,0.24629080295562744,0.24604743719100952,0.07629154622554779
YNL158W,YMR077C,0,0.02762707,0.24604743719100952,0.24604743719100952,0.07639166712760925
YML121W,YKR105C,1,0.0276254,0.24679170548915863,0.24703557789325714,0.07639166712760925
YMR309C,YDL144C,0,0.02762134,0.24654832482337952,0.24703557789325714,0.07649178802967072
YDR051C,YDR158W,0,0.027590483,0.2463054209947586,0.24703557789325714,0.07659190893173218
YFR055W,YFL033C,0,0.027588254,0.2460629940032959,0.24703557789325714,0.07669202983379364
YGR106C,YDR093W,0,0.027567329,0.2458210438489914,0.24703557789325714,0.0767921507358551
YDR313C,YCR009C,0,0.027563885,0.2455795705318451,0.24703557789325714,0.07689227163791656
YLR088W,YGR088W,0,0.027554978,0.245338574051857,0.24703557789325714,0.07699239253997803
YGL071W,YPR036W,1,0.027535414,0.24607843160629272,0.24802371859550476,0.07699239253997803
YPR160W,YGR106C,0,0.0275303,0.24583742022514343,0.24802371859550476,0.07709251344203949
YOR306C,YIL006W,1,0.027523845,0.24657534062862396,0.24901185929775238,0.07709251344203949
YNL265C,YMR293C,0,0.027512114,0.24633431434631348,0.24901185929775238,0.07719263434410095
YDR403W,YGR088W,0,0.027509585,0.24609375,0.24901185929775238,0.07729274779558182
YBR082C,YCR048W,0,0.027508453,0.24585366249084473,0.24901185929775238,0.07739286869764328
YAL029C,YDL070W,0,0.027506215,0.24561403691768646,0.24901185929775238,0.07749298959970474
YJL076W,YLR318W,0,0.02750412,0.2453748732805252,0.24901185929775238,0.0775931105017662
YOR075W,YBR145W,0,0.027475249,0.24513618648052216,0.24901185929775238,0.07769323140382767
YKR092C,YBL085W,0,0.027474193,0.2448979616165161,0.24901185929775238,0.07779335230588913
YCR093W,YHR117W,0,0.027470771,0.24466019868850708,0.24901185929775238,0.07789347320795059
YGR224W,YJR121W,1,0.027469227,0.2453928291797638,0.25,0.07789347320795059
YDR229W,YDR047W,0,0.027460251,0.24515503644943237,0.25,0.07799359411001205
YKL053C-A,YLL033W,0,0.027449572,0.24491772055625916,0.25,0.07809371501207352
YOL130W,YNL147W,0,0.027448202,0.24468085169792175,0.25,0.07819383591413498
YMR145C,YAL040C,0,0.027440941,0.24444444477558136,0.25,0.07829394936561584
YOR242C,YMR301C,0,0.02743474,0.24420849978923798,0.25,0.07839407026767731
YIL112W,YGL170C,0,0.027427621,0.2439730018377304,0.25,0.07849419116973877
YNR013C,YHR026W,1,0.027421098,0.2447013556957245,0.2509881556034088,0.07849419116973877
YML116W,YOR337W,0,0.027415192,0.24446582794189453,0.2509881556034088,0.07859431207180023
YLR148W,YDR533C,0,0.027337275,0.24423076212406158,0.2509881556034088,0.0786944329738617
YHR136C,YCR075C,1,0.027332313,0.24495677649974823,0.25197628140449524,0.0786944329738617
YPL099C,YBR083W,0,0.027327629,0.2447216957807541,0.25197628140449524,0.07879455387592316
YLR203C,YFL047W,0,0.027313331,0.24448706209659576,0.25197628140449524,0.07889467477798462
YOL054W,YLR119W,0,0.027312435,0.24425287544727325,0.25197628140449524,0.07899479568004608
YDR400W,YDL225W,0,0.027263276,0.24401913583278656,0.25197628140449524,0.07909491658210754
YJL117W,YGR224W,1,0.027259938,0.24474187195301056,0.25296443700790405,0.07909491658210754
YOL070C,YLR079W,0,0.027258761,0.24450811743736267,0.25296443700790405,0.079195037484169
YJL129C,YOR173W,0,0.027251769,0.2442748099565506,0.25296443700790405,0.07929515093564987
YPL274W,YIL114C,1,0.027247064,0.24499523639678955,0.2539525628089905,0.07929515093564987
YDR451C,YMR280C,0,0.027230948,0.2447618991136551,0.2539525628089905,0.07939527183771133
YDL210W,YDR039C,1,0.027215227,0.2454804927110672,0.2549407184123993,0.07939527183771133
YNR015W,YJL108C,0,0.027205199,0.24524715542793274,0.2549407184123993,0.0794953927397728
YER141W,YGR222W,0,0.027203456,0.2450142502784729,0.2549407184123993,0.07959551364183426
YDL128W,YBR132C,1,0.027195122,0.24573054909706116,0.2559288442134857,0.07959551364183426
YCL005W-A,YGR138C,1,0.027170096,0.24644549190998077,0.25691699981689453,0.07959551364183426
YNL027W,YJR103W,0,0.027151948,0.24621212482452393,0.25691699981689453,0.07969563454389572
YAL025C,YDR419W,0,0.027149785,0.2459791898727417,0.25691699981689453,0.07979575544595718
YOL006C,YHR043C,0,0.027140548,0.2457466870546341,0.25691699981689453,0.07989587634801865
YDL078C,YPL128C,0,0.027136328,0.2455146312713623,0.25691699981689453,0.07999599725008011
YBR185C,YDR533C,0,0.027131477,0.24528302252292633,0.25691699981689453,0.08009611815214157
YML026C,YLL050C,0,0.027116133,0.24505183100700378,0.25691699981689453,0.08019623905420303
YMR290C,YDL144C,0,0.027115475,0.24482108652591705,0.25691699981689453,0.0802963525056839
YDR429C,YJL116C,0,0.02710847,0.24459077417850494,0.25691699981689453,0.08039647340774536
YEL031W,YPL078C,1,0.02709431,0.245300754904747,0.25790512561798096,0.08039647340774536
YLR212C,YER052C,0,0.027093336,0.2450704276561737,0.25790512561798096,0.08049659430980682
YAL060W,YOR287C,0,0.027079854,0.24484053254127502,0.25790512561798096,0.08059671521186829
YPL053C,YPR178W,0,0.02706974,0.24461105465888977,0.25790512561798096,0.08069683611392975
YJL041W,YPL060W,0,0.027057908,0.24438202381134033,0.25790512561798096,0.08079695701599121
YBL023C,YIL121W,0,0.027054232,0.24415341019630432,0.25790512561798096,0.08089707791805267
YJL192C,YPR101W,0,0.02705387,0.24392522871494293,0.25790512561798096,0.08099719882011414
YPR026W,YER053C,0,0.027052633,0.24369747936725616,0.25790512561798096,0.0810973197221756
YGR238C,YPL011C,0,0.02704924,0.24347014725208282,0.25790512561798096,0.08119744062423706
YPR035W,YMR104C,0,0.027042229,0.2432432472705841,0.25790512561798096,0.08129755407571793
YNL244C,YLR081W,0,0.027026214,0.24301676452159882,0.25790512561798096,0.08139767497777939
YDR337W,YHR143W,0,0.027023785,0.24279069900512695,0.25790512561798096,0.08149779587984085
YLR229C,YLR357W,0,0.0270159,0.24256505072116852,0.25790512561798096,0.08159791678190231
YKL061W,YPL110C,0,0.027005685,0.2423398345708847,0.25790512561798096,0.08169803768396378
YPL055C,YGR092W,0,0.026977874,0.24211502075195312,0.25790512561798096,0.08179815858602524
YOL049W,YIR035C,0,0.026976943,0.24189063906669617,0.25790512561798096,0.0818982794880867
YDR255C,YPL023C,0,0.026975337,0.24166665971279144,0.25790512561798096,0.08199840039014816
YBR291C,YHR039C-A,1,0.026974155,0.2423681765794754,0.25889328122138977,0.08199840039014816
YGL184C,YAL020C,0,0.026972394,0.24214418232440948,0.25889328122138977,0.08209852129220963
YPR156C,YER185W,1,0.026949901,0.24284395575523376,0.2598814368247986,0.08209852129220963
YLR204W,YOL148C,0,0.026944276,0.24261993169784546,0.2598814368247986,0.08219863474369049
YAR031W,YER048C,0,0.026943164,0.2423963099718094,0.2598814368247986,0.08229875564575195
YMR083W,YPR101W,0,0.026932105,0.24217310547828674,0.2598814368247986,0.08239887654781342
YOL125W,YDR253C,0,0.026908537,0.24195031821727753,0.2598814368247986,0.08249899744987488
YCR010C,YNL083W,1,0.026904983,0.24264705181121826,0.260869562625885,0.08249899744987488
YML029W,YBL099W,0,0.026879542,0.24242424964904785,0.260869562625885,0.08259911835193634
YDL136W,YKR008W,0,0.026874201,0.24220183491706848,0.260869562625885,0.0826992392539978
YDR451C,YJL221C,0,0.026861247,0.24197983741760254,0.260869562625885,0.08279936015605927
YOL136C,YDR052C,0,0.026860021,0.24175824224948883,0.260869562625885,0.08289948105812073
YPL269W,YPL078C,0,0.026846118,0.24153704941272736,0.260869562625885,0.08299960196018219
YNL307C,YBL023C,0,0.026845504,0.2413162738084793,0.260869562625885,0.08309972286224365
YIR028W,YKL101W,0,0.026839403,0.2410958856344223,0.260869562625885,0.08319983631372452
YIR035C,YKL135C,0,0.02683001,0.24087591469287872,0.260869562625885,0.08329995721578598
YOR313C,YOR304W,0,0.026817203,0.24065633118152618,0.260869562625885,0.08340007811784744
YLL004W,YDL236W,0,0.02680767,0.24043716490268707,0.260869562625885,0.0835001990199089
YNL101W,YOR176W,0,0.026803443,0.240218386054039,0.260869562625885,0.08360031992197037
YNL259C,YLL055W,1,0.026793603,0.24090908467769623,0.2618577182292938,0.08360031992197037
YMR250W,YDR419W,0,0.026784906,0.24069027602672577,0.2618577182292938,0.08370044082403183
YER096W,YEL065W,0,0.026783943,0.24047186970710754,0.2618577182292938,0.08380056172609329
YMR083W,YJR053W,0,0.02678087,0.24025385081768036,0.2618577182292938,0.08390068262815475
YBR068C,YHR001W,0,0.026773773,0.2400362342596054,0.2618577182292938,0.08400080353021622
YBL061C,YBR210W,0,0.026770895,0.2398190051317215,0.2618577182292938,0.08410092443227768
YML051W,YOR058C,0,0.026746117,0.23960216343402863,0.2618577182292938,0.08420103788375854
YPL163C,YNL310C,0,0.026723957,0.239385724067688,0.2618577182292938,0.08430115878582001
YDL010W,YBR192W,0,0.026718598,0.2391696721315384,0.2618577182292938,0.08440127968788147
YMR170C,YER174C,0,0.026716098,0.23895400762557983,0.2618577182292938,0.08450140058994293
YDR363W,YPL200W,0,0.026709255,0.2387387454509735,0.2618577182292938,0.0846015214920044
YNR039C,YCR067C,0,0.026685767,0.23852385580539703,0.2618577182292938,0.08470164239406586
YOR092W,YOL049W,0,0.026677385,0.2383093535900116,0.2618577182292938,0.08480176329612732
YOR176W,YDR376W,0,0.026672158,0.2380952388048172,0.2618577182292938,0.08490188419818878
YIL085C,YPL144W,0,0.026671743,0.23788151144981384,0.2618577182292938,0.08500200510025024
YKL091C,YLL033W,0,0.026668206,0.23766815662384033,0.2618577182292938,0.0851021260023117
YNR074C,YEL038W,0,0.026662126,0.23745520412921906,0.2618577182292938,0.08520223945379257
YJL125C,YMR208W,0,0.026661877,0.23724260926246643,0.2618577182292938,0.08530236035585403
YGR234W,YHR153C,0,0.026643991,0.23703041672706604,0.2618577182292938,0.0854024812579155
YDR050C,YDR184C,0,0.02663578,0.2368185818195343,0.2618577182292938,0.08550260215997696
YDR534C,YKL165C,1,0.026613899,0.23749999701976776,0.26284584403038025,0.08550260215997696
YKL101W,YMR037C,0,0.026605342,0.23728813230991364,0.26284584403038025,0.08560272306203842
YOR127W,YNR016C,0,0.02659755,0.23707665503025055,0.26284584403038025,0.08570284396409988
YMR056C,YHR209W,0,0.026582679,0.23686553537845612,0.26284584403038025,0.08580296486616135
YER161C,YIL101C,0,0.026581295,0.23665480315685272,0.26284584403038025,0.08590308576822281
YGL071W,YLL028W,1,0.026557207,0.23733332753181458,0.26383399963378906,0.08590308576822281
YFL024C,YAL023C,0,0.026547441,0.2371225506067276,0.26383399963378906,0.08600320667028427
YLL028W,YIR015W,0,0.02653306,0.23691216111183167,0.26383399963378906,0.08610332757234573
YML048W,YIR023W,0,0.026521273,0.23670212924480438,0.26383399963378906,0.0862034410238266
YOR355W,YMR278W,0,0.026508003,0.23649246990680695,0.26383399963378906,0.08630356192588806
YNR055C,YHL040C,1,0.026507175,0.23716814815998077,0.2648221254348755,0.08630356192588806
YLR312W-A,YBL082C,0,0.02650474,0.23695844411849976,0.2648221254348755,0.08640368282794952
YDL138W,YLR153C,0,0.026475433,0.23674911260604858,0.2648221254348755,0.08650380373001099
YJR135W-A,YIL070C,0,0.026474975,0.23654015362262726,0.2648221254348755,0.08660392463207245
YPL181W,YKL216W,0,0.026469026,0.23633156716823578,0.2648221254348755,0.08670404553413391
YGR194C,YDR164C,0,0.026465334,0.23612335324287415,0.2648221254348755,0.08680416643619537
YLR237W,YGR138C,1,0.026452169,0.23679576814174652,0.2658102810382843,0.08680416643619537
YMR020W,YMR260C,0,0.026441004,0.2365875095129013,0.2658102810382843,0.08690428733825684
YGR292W,YNR050C,0,0.026430245,0.23637960851192474,0.2658102810382843,0.0870044082403183
YCR098C,YGR020C,1,0.026426284,0.23705004155635834,0.2667984068393707,0.0870044082403183
YMR257C,YPR029C,0,0.026420617,0.2368421107530594,0.2667984068393707,0.08710452914237976
YNR023W,YHR067W,0,0.026420614,0.2366345375776291,0.2667984068393707,0.08720464259386063
YJL117W,YPR156C,1,0.026394676,0.2373029738664627,0.26778656244277954,0.08720464259386063
YCR075C,YGL167C,1,0.02637618,0.2379702478647232,0.26877471804618835,0.08720464259386063
YJR077C,YIL006W,1,0.02636858,0.23863635957241058,0.2697628438472748,0.08720464259386063
YKL080W,YHR050W,1,0.02635777,0.23930130898952484,0.2707509994506836,0.08720464259386063
YKL035W,YBL009W,0,0.026345396,0.23909249901771545,0.2707509994506836,0.08730476349592209
YKL093W,YGL245W,0,0.026328024,0.23888404667377472,0.2707509994506836,0.08740488439798355
YCR004C,YIR036C,0,0.026325475,0.23867595195770264,0.2707509994506836,0.08750500530004501
YMR303C,YGL121C,0,0.026325174,0.2384682297706604,0.2707509994506836,0.08760512620210648
YDR351W,YKL163W,0,0.02632338,0.23826086521148682,0.2707509994506836,0.08770524710416794
YMR038C,YGL167C,1,0.026317995,0.23892267048358917,0.27173912525177,0.08770524710416794
YJL117W,YBR037C,1,0.026316293,0.2395833283662796,0.27272728085517883,0.08770524710416794
YJL091C,YGR121C,0,0.02630715,0.2393755465745926,0.27272728085517883,0.0878053680062294
YGL021W,YPL256C,0,0.026305655,0.23916810750961304,0.27272728085517883,0.08790548890829086
YMR006C,YDR420W,0,0.026301067,0.23896104097366333,0.27272728085517883,0.08800560981035233
YFL024C,YDL066W,0,0.026290014,0.23875433206558228,0.27272728085517883,0.08810572326183319
YFL022C,YML072C,0,0.026289895,0.23854796588420868,0.27272728085517883,0.08820584416389465
YLR336C,YML043C,0,0.026283063,0.23834197223186493,0.27272728085517883,0.08830596506595612
YHR175W,YPR124W,1,0.026252404,0.238999143242836,0.27371540665626526,0.08830596506595612
YDR393W,YMR135C,0,0.026247488,0.23879310488700867,0.27371540665626526,0.08840608596801758
YNL099C,YMR058W,0,0.026242064,0.23858742415905,0.27371540665626526,0.08850620687007904
YGR075C,YGL163C,0,0.026240421,0.23838210105895996,0.27371540665626526,0.0886063277721405
YNL264C,YGR089W,0,0.026219316,0.2381771206855774,0.27371540665626526,0.08870644867420197
YPL059W,YBR004C,0,0.026213335,0.23797251284122467,0.27371540665626526,0.08880656957626343
YDR527W,YMR188C,0,0.026200373,0.2377682477235794,0.27371540665626526,0.08890669047832489
YBL050W,YDR208W,0,0.026194876,0.2375643253326416,0.27371540665626526,0.08900681138038635
YJR152W,YIL140W,0,0.026194718,0.23736076056957245,0.27371540665626526,0.08910692483186722
YNL336W,YBL045C,0,0.026177125,0.23715753853321075,0.27371540665626526,0.08920704573392868
YMR038C,YOR384W,1,0.026159078,0.23781009018421173,0.2747035622596741,0.08920704573392868
YNL217W,YCR068W,0,0.02612941,0.23760683834552765,0.2747035622596741,0.08930716663599014
YML072C,YNL197C,0,0.026077794,0.23740392923355103,0.2747035622596741,0.0894072875380516
YMR054W,YPL060W,1,0.0260742,0.23805460333824158,0.2756916880607605,0.0894072875380516
YDR205W,YBL102W,0,0.026071906,0.23785166442394257,0.2756916880607605,0.08950740844011307
YCR075C,YER088C,0,0.026069306,0.237649068236351,0.2756916880607605,0.08960752934217453
YPL060W,YMR119W,0,0.026055798,0.23744681477546692,0.2756916880607605,0.08970765024423599
YOR374W,YLR242C,0,0.026034102,0.23724490404129028,0.2756916880607605,0.08980777114629745
YKR024C,YMR143W,0,0.026031837,0.2370433360338211,0.2756916880607605,0.08990789204835892
YKL213C,YDR139C,0,0.026017893,0.2368421107530594,0.2756916880607605,0.09000801295042038
YLR038C,YLR100W,0,0.02601032,0.23664122819900513,0.2756916880607605,0.09010812640190125
YDL159W,YJR094W-A,0,0.026001155,0.23644067347049713,0.2756916880607605,0.09020824730396271
YLR229C,YOL152W,0,0.025977932,0.2362404763698578,0.2756916880607605,0.09030836820602417
YPR124W,YPL274W,1,0.025953176,0.2368866354227066,0.2766798436641693,0.09030836820602417
YDR270W,YBR296C,1,0.025939856,0.23753169178962708,0.27766796946525574,0.09030836820602417
YLR438C-A,YPL206C,0,0.02593361,0.2373310774564743,0.27766796946525574,0.09040848910808563
YFL014W,YOL148C,0,0.02592496,0.237130805850029,0.27766796946525574,0.0905086100101471
YOR142W,YGR191W,0,0.02591449,0.23693086206912994,0.27766796946525574,0.09060873091220856
YAR002C-A,YJR137C,0,0.025909994,0.23673126101493835,0.27766796946525574,0.09070885181427002
YOR307C,YDR051C,0,0.025862155,0.23653198778629303,0.27766796946525574,0.09080897271633148
YDR128W,YER053C,0,0.025845831,0.23633305728435516,0.27766796946525574,0.09090909361839294
YGR167W,YPL103C,0,0.025821917,0.23613445460796356,0.27766796946525574,0.0910092145204544
YLR226W,YIL139C,0,0.025818547,0.23593619465827942,0.27766796946525574,0.09110932797193527
YMR243C,YPL271W,1,0.025809044,0.23657718300819397,0.27865612506866455,0.09110932797193527
YOR346W,YKL082C,0,0.025795681,0.23637887835502625,0.27865612506866455,0.09120944887399673
YGL083W,YNL005C,0,0.025787804,0.23618090152740479,0.27865612506866455,0.0913095697760582
YLR318W,YML052W,0,0.02578252,0.23598326742649078,0.27865612506866455,0.09140969067811966
YOR391C,YMR037C,0,0.025773216,0.23578594624996185,0.27865612506866455,0.09150981158018112
YAL044C,YNL117W,0,0.025749259,0.23558896780014038,0.27865612506866455,0.09160993248224258
YBR240C,YDR083W,0,0.025727905,0.23539231717586517,0.27865612506866455,0.09171005338430405
YJL206C,YBR166C,0,0.025714038,0.23519599437713623,0.27865612506866455,0.09181017428636551
YFL048C,YDL070W,0,0.025708683,0.23499999940395355,0.27865612506866455,0.09191029518842697
YML081C-A,YER145C,1,0.025706882,0.23563696444034576,0.27964428067207336,0.09191029518842697
YMR257C,YGL225W,0,0.025706772,0.2354409247636795,0.27964428067207336,0.09201041609048843
YDR298C,YBR024W,1,0.025705721,0.2360764741897583,0.2806324064731598,0.09201041609048843
YLR370C,YPL258C,0,0.025693767,0.23588040471076965,0.2806324064731598,0.0921105295419693
YBR164C,YDL060W,0,0.02569056,0.23568464815616608,0.2806324064731598,0.09221065044403076
YOR151C,YAL016W,0,0.025682474,0.23548921942710876,0.2806324064731598,0.09231077134609222
YKR062W,YDR046C,0,0.025661375,0.23529411852359772,0.2806324064731598,0.09241089224815369
YIR038C,YDR298C,0,0.02565309,0.23509933054447174,0.2806324064731598,0.09251101315021515
YPL059W,YDL109C,0,0.025651857,0.23490488529205322,0.2806324064731598,0.09261113405227661
YBL002W,YKR101W,0,0.025645308,0.23471073806285858,0.2806324064731598,0.09271125495433807
YCL018W,YLR026C,0,0.025634535,0.2345169335603714,0.2806324064731598,0.09281137585639954
YOL062C,YPL192C,0,0.025632435,0.2343234270811081,0.2806324064731598,0.092911496758461
YDR263C,YCL008C,0,0.025629539,0.23413024842739105,0.2806324064731598,0.09301161766052246
YKL073W,YKL084W,0,0.02562629,0.23393739759922028,0.2806324064731598,0.09311173111200333
YEL016C,YHR039C-A,0,0.025603281,0.23374485969543457,0.2806324064731598,0.09321185201406479
YBR207W,YNL015W,0,0.025601761,0.23355263471603394,0.2806324064731598,0.09331197291612625
YLR289W,YDR481C,0,0.025598899,0.23336072266101837,0.2806324064731598,0.09341209381818771
YCL024W,YOL124C,0,0.025595952,0.23316912353038788,0.2806324064731598,0.09351221472024918
YBL030C,YGL167C,1,0.025591299,0.23379819095134735,0.2816205620765686,0.09351221472024918
YPL265W,YER153C,0,0.02558601,0.23360656201839447,0.2816205620765686,0.09361233562231064
YOR071C,YBR106W,1,0.025585385,0.23423422873020172,0.28260868787765503,0.09361233562231064
YPR156C,YDR322C-A,1,0.025572926,0.2348608821630478,0.28359684348106384,0.09361233562231064
YLR440C,YGR156W,0,0.02557243,0.23466885089874268,0.28359684348106384,0.0937124565243721
YLR237W,YOL158C,1,0.025565173,0.23529411852359772,0.28458496928215027,0.0937124565243721
YLR099C,YCR037C,0,0.025550835,0.23510204255580902,0.28458496928215027,0.09381257742643356
YJL036W,YDR020C,0,0.025550509,0.2349102795124054,0.28458496928215027,0.09391269832849503
YGR224W,YLR220W,1,0.025538903,0.23553381860256195,0.2855731248855591,0.09391269832849503
YGR096W,YKL175W,1,0.025538834,0.23615634441375732,0.2865612506866455,0.09391269832849503
YDR503C,YDR298C,0,0.025529917,0.23596419394016266,0.2865612506866455,0.09401281177997589
YIR010W,YHR174W,0,0.025524333,0.23577235639095306,0.2865612506866455,0.09411293268203735
YGR157W,YEL046C,0,0.025523406,0.23558083176612854,0.2865612506866455,0.09421305358409882
YML121W,YGL139W,1,0.02551962,0.23620130121707916,0.2875494062900543,0.09421305358409882
YDR169C,YBR166C,0,0.025516441,0.23600973188877106,0.2875494062900543,0.09431317448616028
YGR222W,YCL014W,0,0.025513832,0.23581847548484802,0.2875494062900543,0.09441329538822174
YEL070W,YDL168W,0,0.025512546,0.23562753200531006,0.2875494062900543,0.0945134162902832
YJR010C-A,YLR207W,0,0.025506373,0.23543688654899597,0.2875494062900543,0.09461353719234467
YBR010W,YAL058W,0,0.025492335,0.23524656891822815,0.2875494062900543,0.09471365809440613
YOR084W,YDR104C,0,0.02547687,0.2350565493106842,0.2875494062900543,0.09481377899646759
YDL128W,YDL185W,1,0.025464498,0.2356739342212677,0.28853756189346313,0.09481377899646759
YOL020W,YEL051W,1,0.02545942,0.2362903207540512,0.28952568769454956,0.09481377899646759
YBL066C,YPL047W,0,0.025448926,0.23609991371631622,0.28952568769454956,0.09491389989852905
YOR298W,YNL015W,0,0.025433596,0.2359098196029663,0.28952568769454956,0.09501401335000992
YNL284C,YCR068W,0,0.025428725,0.23572003841400146,0.28952568769454956,0.09511413425207138
YER103W,YGR105W,0,0.025428649,0.2355305403470993,0.28952568769454956,0.09521425515413284
YKL064W,YER036C,0,0.025427543,0.2353413701057434,0.28952568769454956,0.0953143760561943
YPL037C,YER061C,0,0.025417862,0.2351524829864502,0.28952568769454956,0.09541449695825577
YDR211W,YMR216C,0,0.025397763,0.23496390879154205,0.28952568769454956,0.09551461786031723
YLR401C,YGL134W,0,0.025388576,0.23477564752101898,0.28952568769454956,0.09561473876237869
YLL055W,YKR052C,1,0.025359813,0.23538830876350403,0.2905138432979584,0.09561473876237869
YLR165C,YLR403W,0,0.025359392,0.23520000278949738,0.2905138432979584,0.09571485966444016
YEL051W,YPR036W,1,0.025353655,0.23581135272979736,0.2915019690990448,0.09571485966444016
YNL175C,YOR147W,0,0.02528447,0.23562300205230713,0.2915019690990448,0.09581498056650162
YDR449C,YMR169C,0,0.02528221,0.23543494939804077,0.2915019690990448,0.09591510146856308
YOL056W,YDR332W,0,0.025276426,0.23524720966815948,0.2915019690990448,0.09601521492004395
YPR070W,YOR216C,0,0.025269046,0.23505976796150208,0.2915019690990448,0.09611533582210541
YPL078C,YDL185W,1,0.025265012,0.23566879332065582,0.2924901247024536,0.09611533582210541
YGL178W,YLR403W,0,0.025262302,0.23548130691051483,0.2924901247024536,0.09621545672416687
YMR231W,YDR351W,0,0.02524928,0.23529411852359772,0.2924901247024536,0.09631557762622833
YOR344C,YGR227W,0,0.02523946,0.23510722815990448,0.2924901247024536,0.0964156985282898
YPR201W,YER166W,1,0.025214244,0.23571428656578064,0.29347825050354004,0.0964156985282898
YLR163C,YDR219C,0,0.025204096,0.23552736639976501,0.29347825050354004,0.09651581943035126
YEL002C,YHR174W,0,0.025203794,0.23534072935581207,0.29347825050354004,0.09661594033241272
YBL075C,YEL011W,0,0.02520021,0.235154390335083,0.29347825050354004,0.09671606123447418
YFL034C-A,YDR369C,0,0.025199402,0.23496834933757782,0.29347825050354004,0.09681618213653564
YGR077C,YJR133W,0,0.025194988,0.2347826063632965,0.29347825050354004,0.0969163030385971
YDR380W,YKL189W,0,0.025184227,0.23459716141223907,0.29347825050354004,0.09701641649007797
YNL027W,YHL034C,0,0.025179444,0.23441199958324432,0.29347825050354004,0.09711653739213943
YBL066C,YOR100C,0,0.025176084,0.23422713577747345,0.29347825050354004,0.0972166582942009
YDR349C,YJL128C,0,0.02515883,0.23404255509376526,0.29347825050354004,0.09731677919626236
YMR203W,YNR060W,1,0.025151826,0.23464566469192505,0.29446640610694885,0.09731677919626236
YKL181W,YPL005W,0,0.025121607,0.23446105420589447,0.29446640610694885,0.09741690009832382
YPR144C,YFL031W,0,0.02511038,0.23427672684192657,0.29446640610694885,0.09751702100038528
YPR021C,YBR207W,1,0.025086975,0.23487824201583862,0.2954545319080353,0.09751702100038528
YDR062W,YDR214W,0,0.025086392,0.23469388484954834,0.2954545319080353,0.09761714190244675
YGR086C,YPL069C,0,0.02508549,0.23450981080532074,0.2954545319080353,0.09771726280450821
YKL049C,YOR307C,0,0.025070945,0.23432601988315582,0.2954545319080353,0.09781738370656967
YBR014C,YNL290W,0,0.025062604,0.23414252698421478,0.2954545319080353,0.09791750460863113
YNL128W,YDR264C,0,0.025058333,0.23395931720733643,0.2954545319080353,0.098017618060112
YJR067C,YNR060W,0,0.025040533,0.23377639055252075,0.2954545319080353,0.09811773896217346
YEL022W,YLL003W,0,0.025031857,0.23359374701976776,0.2954545319080353,0.09821785986423492
YCR037C,YKR039W,1,0.02502897,0.23419204354286194,0.2964426875114441,0.09821785986423492
YLR233C,YOL016C,0,0.025021087,0.23400935530662537,0.2964426875114441,0.09831798076629639
YDR143C,YLL010C,0,0.025010016,0.23382696509361267,0.2964426875114441,0.09841810166835785
YBR039W,YNL238W,0,0.025007201,0.23364485800266266,0.2964426875114441,0.09851822257041931
YMR182C,YDL111C,0,0.025005698,0.23346303403377533,0.2964426875114441,0.09861834347248077
YPL053C,YDL005C,0,0.025003448,0.23328149318695068,0.2964426875114441,0.09871846437454224
YDR499W,YEL020C,0,0.02499217,0.23310023546218872,0.2964426875114441,0.0988185852766037
YLR348C,YLL043W,1,0.02498955,0.23369565606117249,0.2974308431148529,0.0988185852766037
YGL065C,YOL091W,0,0.024984527,0.23351435363292694,0.2974308431148529,0.09891869872808456
YMR043W,YDR346C,0,0.024980867,0.23333333432674408,0.2974308431148529,0.09901881963014603
YHR184W,YCR094W,0,0.024977535,0.2331525981426239,0.2974308431148529,0.09911894053220749
YDL008W,YDR016C,0,0.024975382,0.2329721301794052,0.2974308431148529,0.09921906143426895
YDL028C,YLR452C,0,0.024970287,0.2327919602394104,0.2974308431148529,0.09931918233633041
YJL117W,YLR034C,1,0.024965443,0.2333848476409912,0.29841896891593933,0.09931918233633041
YHR175W,YCR023C,1,0.024962254,0.2339768409729004,0.29940712451934814,0.09931918233633041
YBR183W,YFR044C,0,0.024944995,0.23379629850387573,0.29940712451934814,0.09941930323839188
YBR059C,YFR001W,0,0.024934493,0.23361603915691376,0.29940712451934814,0.09951942414045334
YMR067C,YOR230W,0,0.024932709,0.23343604803085327,0.29940712451934814,0.0996195450425148
YMR121C,YEL021W,0,0.024917578,0.23325635492801666,0.29940712451934814,0.09971966594457626
YLR038C,YLR276C,0,0.024894126,0.23307693004608154,0.29940712451934814,0.09981978684663773
YGR220C,YBR261C,0,0.024887921,0.2328977733850479,0.29940712451934814,0.09991990029811859
YDR477W,YPL160W,0,0.024883665,0.23271889984607697,0.29940712451934814,0.10002002120018005
YNL293W,YJR101W,0,0.024882888,0.2325402945280075,0.29940712451934814,0.10012014210224152
YGL062W,YGR074W,0,0.024870746,0.23236195743083954,0.29940712451934814,0.10022026300430298
YOL056W,YLR439W,0,0.024868816,0.23218390345573425,0.29940712451934814,0.10032038390636444
YLR028C,YFR015C,0,0.02486258,0.23200613260269165,0.29940712451934814,0.1004205048084259
YJR135W-A,YDR294C,0,0.024850981,0.23182861506938934,0.29940712451934814,0.10052062571048737
YPL098C,YAL053W,0,0.024849115,0.23165138065814972,0.29940712451934814,0.10062074661254883
YOR219C,YNL207W,0,0.024848174,0.23147441446781158,0.29940712451934814,0.10072086751461029
YER095W,YLL050C,0,0.024842113,0.23129771649837494,0.29940712451934814,0.10082098841667175
YBR245C,YDL120W,0,0.024841765,0.23112128674983978,0.29940712451934814,0.10092110186815262
YOR270C,YLR138W,1,0.024839312,0.23170731961727142,0.30039525032043457,0.10092110186815262
YDR477W,YMR236W,0,0.024770025,0.23153084516525269,0.30039525032043457,0.10102122277021408
YDR037W,YMR270C,0,0.024763148,0.23135463893413544,0.30039525032043457,0.10112134367227554
YLR220W,YKL165C,1,0.024762224,0.2319391667842865,0.3013834059238434,0.10112134367227554
YGR220C,YKR009C,0,0.024755647,0.23176291584968567,0.3013834059238434,0.101221464574337
YDR511W,YGL186C,0,0.024750387,0.23158693313598633,0.3013834059238434,0.10132158547639847
YKL021C,YBR004C,0,0.024748951,0.23141123354434967,0.3013834059238434,0.10142170637845993
YPR030W,YDR312W,0,0.024681969,0.2312357872724533,0.3013834059238434,0.10152182728052139
YHR002W,YPL036W,1,0.02467423,0.23181818425655365,0.3023715317249298,0.10152182728052139
YKL049C,YNL124W,0,0.024669386,0.2316426932811737,0.3023715317249298,0.10162194818258286
YGL158W,YHL001W,0,0.024662636,0.23146747052669525,0.3023715317249298,0.10172206908464432
YGL065C,YGR104C,0,0.02466114,0.2312925159931183,0.3023715317249298,0.10182218998670578
YOL105C,YPL213W,0,0.02462825,0.2311178296804428,0.3023715317249298,0.10192230343818665
YHR086W,YML043C,0,0.024623483,0.23094339668750763,0.3023715317249298,0.10202242434024811
YGL223C,YOL071W,0,0.024620995,0.23076923191547394,0.3023715317249298,0.10212254524230957
YIL128W,YBR001C,0,0.024615645,0.23059532046318054,0.3023715317249298,0.10222266614437103
YPL065W,YPR101W,0,0.024613535,0.23042169213294983,0.3023715317249298,0.1023227870464325
YIR017C,YML065W,0,0.024600897,0.23024830222129822,0.3023715317249298,0.10242290794849396
YOR151C,YNR057C,0,0.024599288,0.2300751805305481,0.3023715317249298,0.10252302885055542
YKL003C,YLR371W,0,0.02459585,0.22990232706069946,0.3023715317249298,0.10262314975261688
YDR346C,YBR236C,0,0.024592932,0.22972972691059113,0.3023715317249298,0.10272327065467834
YDL064W,YBR200W,0,0.02458689,0.22955739498138428,0.3023715317249298,0.10282339155673981
YLR071C,YDL153C,0,0.024583988,0.22938530147075653,0.3023715317249298,0.10292350500822067
YOR074C,YPL190C,0,0.0245836,0.22921347618103027,0.3023715317249298,0.10302362591028214
YOL125W,YHR001W,0,0.024570165,0.2290419191122055,0.3023715317249298,0.1031237468123436
YKL034W,YPL055C,0,0.024565227,0.22887060046195984,0.3023715317249298,0.10322386771440506
YIR005W,YDR283C,0,0.024560682,0.22869955003261566,0.3023715317249298,0.10332398861646652
YMR167W,YBR274W,0,0.02455696,0.22852875292301178,0.3023715317249298,0.10342410951852798
YFL041W,YDR416W,0,0.024550647,0.2283582091331482,0.3023715317249298,0.10352423042058945
YIL140W,YER088C,0,0.024549,0.2281879186630249,0.3023715317249298,0.10362435132265091
YDR315C,YGL094C,0,0.02453575,0.2280178815126419,0.3023715317249298,0.10372447222471237
YOL109W,YLL045C,0,0.024523739,0.2278480976819992,0.3023715317249298,0.10382459312677383
YPL008W,YER120W,0,0.024502078,0.2276785671710968,0.3023715317249298,0.1039247065782547
YDR039C,YHL016C,1,0.024453461,0.22825278341770172,0.3033596873283386,0.1039247065782547
YMR239C,YER007W,0,0.024436774,0.22808320820331573,0.3033596873283386,0.10402482748031616
YNL101W,YPR023C,0,0.024436649,0.22791388630867004,0.3033596873283386,0.10412494838237762
YPL167C,YPL051W,0,0.024417358,0.22774480283260345,0.3033596873283386,0.10422506928443909
YJR135W-A,YNL147W,0,0.024412133,0.22757598757743835,0.3033596873283386,0.10432519018650055
YNL299W,YKL018W,0,0.02440857,0.22740741074085236,0.3033596873283386,0.10442531108856201
YDR064W,YPL053C,0,0.024401233,0.22723908722400665,0.3033596873283386,0.10452543199062347
YGR285C,YJL033W,0,0.024391472,0.22707100212574005,0.3033596873283386,0.10462555289268494
YOR355W,YJL117W,0,0.024383955,0.22690318524837494,0.3033596873283386,0.1047256737947464
YMR043W,YMR247C,0,0.024382692,0.22673559188842773,0.3033596873283386,0.10482578724622726
YIL114C,YDR270W,1,0.024381027,0.2273062765598297,0.30434781312942505,0.10482578724622726
YKL182W,YLR172C,0,0.024376318,0.22713863849639893,0.30434781312942505,0.10492590814828873
YJR159W,YBR106W,0,0.024371065,0.22697125375270844,0.30434781312942505,0.10502602905035019
YKL179C,YML121W,0,0.024360355,0.22680412232875824,0.30434781312942505,0.10512614995241165
YLR100W,YCR068W,0,0.02435702,0.22663722932338715,0.30434781312942505,0.10522627085447311
YML052W,YLR110C,0,0.024352977,0.22647058963775635,0.30434781312942505,0.10532639175653458
YPR125W,YKR087C,0,0.02433227,0.22630418837070465,0.30434781312942505,0.10542651265859604
YPR183W,YEL021W,0,0.024315085,0.22613802552223206,0.30434781312942505,0.1055266335606575
YMR189W,YGR191W,0,0.024310507,0.22597211599349976,0.30434781312942505,0.10562675446271896
YDR456W,YPR020W,1,0.024308756,0.22653958201408386,0.30533596873283386,0.10562675446271896
YGR191W,YDL108W,0,0.024304492,0.22637362778186798,0.30533596873283386,0.10572687536478043
YPL147W,YGL050W,0,0.024301976,0.2262079119682312,0.30533596873283386,0.10582698881626129
YML028W,YHR023W,0,0.024297107,0.22604243457317352,0.30533596873283386,0.10592710971832275
YBR289W,YNL082W,0,0.024295725,0.22587719559669495,0.30533596873283386,0.10602723062038422
YDL165W,YBR156C,0,0.024288427,0.22571219503879547,0.30533596873283386,0.10612735152244568
YBL067C,YOR381W,0,0.024278022,0.2255474478006363,0.30533596873283386,0.10622747242450714
YLR327C,YDR170C,0,0.024275204,0.2253829389810562,0.30533596873283386,0.1063275933265686
YMR146C,YDR072C,0,0.024270616,0.22521865367889404,0.30533596873283386,0.10642771422863007
YGL055W,YKL170W,0,0.024252348,0.22505462169647217,0.30533596873283386,0.10652783513069153
YDR076W,YMR171C,0,0.024252333,0.2248908281326294,0.30533596873283386,0.10662795603275299
YDR363W-A,YJL056C,0,0.024244439,0.22472727298736572,0.30533596873283386,0.10672807693481445
YJL060W,YDL213C,0,0.024241876,0.22456395626068115,0.30533596873283386,0.10682819038629532
YOR362C,YFR015C,0,0.02423326,0.22440087795257568,0.30533596873283386,0.10692831128835678
YGL234W,YNL008C,0,0.024232691,0.22423802316188812,0.30533596873283386,0.10702843219041824
YDL067C,YJR058C,0,0.024231713,0.22407542169094086,0.30533596873283386,0.1071285530924797
YNR041C,YJL159W,0,0.024227185,0.2239130437374115,0.30533596873283386,0.10722867399454117
YDL084W,YLL050C,0,0.024221223,0.22375090420246124,0.30533596873283386,0.10732879489660263
YLR228C,YNL086W,0,0.024218397,0.2235890030860901,0.30533596873283386,0.10742891579866409
YLR233C,YKL212W,0,0.024201103,0.22342732548713684,0.30533596873283386,0.10752903670072556
YGL250W,YLR343W,0,0.024200106,0.2232659012079239,0.30533596873283386,0.10762915760278702
YOL151W,YNL316C,0,0.024196165,0.22310470044612885,0.30533596873283386,0.10772927850484848
YPL237W,YLR201C,0,0.024193741,0.2229437232017517,0.30533596873283386,0.10782939195632935
YMR029C,YPL134C,0,0.024184793,0.22278298437595367,0.30533596873283386,0.10792951285839081
YOR388C,YBL042C,0,0.024183292,0.22262248396873474,0.30533596873283386,0.10802963376045227
YGR125W,YNL261W,0,0.024171885,0.22246220707893372,0.30533596873283386,0.10812975466251373
YMR292W,YOR173W,0,0.024171121,0.2223021537065506,0.30533596873283386,0.1082298755645752
YDR050C,YBL019W,0,0.024149142,0.22214233875274658,0.30533596873283386,0.10832999646663666
YDR447C,YMR024W,0,0.02414339,0.22198276221752167,0.30533596873283386,0.10843011736869812
YCR083W,YPR065W,0,0.024135903,0.22182340919971466,0.30533596873283386,0.10853023827075958
YFL041W,YNL001W,0,0.024128325,0.22166427969932556,0.30533596873283386,0.10863035917282104
YDR046C,YCL004W,0,0.024124272,0.22150537371635437,0.30533596873283386,0.10873048007488251
YIL047C,YER050C,0,0.024104487,0.22134670615196228,0.30533596873283386,0.10883059352636337
YPL060W,YDR047W,0,0.024104133,0.2211882621049881,0.30533596873283386,0.10893071442842484
YCR039C,YLR425W,0,0.024097256,0.22103004157543182,0.30533596873283386,0.1090308353304863
YDL045C,YDL216C,0,0.024088,0.22087204456329346,0.30533596873283386,0.10913095623254776
YGL253W,YDR373W,0,0.02408709,0.2207142859697342,0.30533596873283386,0.10923107713460922
YPL164C,YBR276C,0,0.024071531,0.22055675089359283,0.30533596873283386,0.10933119803667068
YJR110W,YDR258C,0,0.024071388,0.2203994244337082,0.30533596873283386,0.10943131893873215
YKR071C,YPR166C,0,0.024054136,0.22024233639240265,0.30533596873283386,0.10953143984079361
YGL071W,YLR295C,1,0.024043571,0.22079771757125854,0.3063241243362427,0.10953143984079361
YGR152C,YGR159C,0,0.024041314,0.22064056992530823,0.3063241243362427,0.10963156074285507
YKL095W,YNL135C,0,0.02403305,0.22048364579677582,0.3063241243362427,0.10973168164491653
YNL242W,YCL011C,0,0.02402421,0.22032693028450012,0.3063241243362427,0.1098317950963974
YGR262C,YLR078C,0,0.024022004,0.22017045319080353,0.3063241243362427,0.10993191599845886
YDR337W,YMR278W,0,0.02402183,0.22001419961452484,0.3063241243362427,0.11003203690052032
YKL012W,YNR022C,0,0.024010954,0.21985815465450287,0.3063241243362427,0.11013215780258179
YJL029C,YBR187W,0,0.024009869,0.2197023332118988,0.3063241243362427,0.11023227870464325
YBL037W,YER045C,0,0.023998667,0.21954673528671265,0.3063241243362427,0.11033239960670471
YKL126W,YML009C,0,0.023993576,0.2193913608789444,0.3063241243362427,0.11043252050876617
YDR253C,YNR011C,0,0.023972295,0.21923620998859406,0.3063241243362427,0.11053264141082764
YDR421W,YJL184W,0,0.023971137,0.21908126771450043,0.3063241243362427,0.1106327623128891
YNL139C,YMR291W,0,0.023968006,0.2189265489578247,0.3063241243362427,0.11073287576436996
YIL084C,YKL188C,0,0.02396625,0.2187720537185669,0.3063241243362427,0.11083299666643143
YIR028W,YLR069C,0,0.023961486,0.2186177670955658,0.3063241243362427,0.11093311756849289
YBL067C,YPL031C,0,0.023954712,0.2184637039899826,0.3063241243362427,0.11103323847055435
YCR096C,YER058W,0,0.02394384,0.21830986440181732,0.3063241243362427,0.11113335937261581
YHR181W,YPL180W,0,0.023937644,0.21815623342990875,0.3063241243362427,0.11123348027467728
YMR109W,YGR033C,0,0.023928724,0.2180028110742569,0.3063241243362427,0.11133360117673874
YGR171C,YHR016C,0,0.023926089,0.21784961223602295,0.3063241243362427,0.1114337220788002
YBR175W,YJR077C,0,0.023920372,0.21769662201404572,0.3063241243362427,0.11153384298086166
YOR066W,YER016W,0,0.023919763,0.2175438553094864,0.3063241243362427,0.11163396388292313
YGL071W,YBR105C,0,0.02389457,0.21739129722118378,0.3063241243362427,0.11173407733440399
YDL056W,YLR325C,0,0.023881271,0.21723896265029907,0.3063241243362427,0.11183419823646545
YJR044C,YCR034W,0,0.023880634,0.21708683669567108,0.3063241243362427,0.11193431913852692
YDR354W,YKL135C,0,0.023877028,0.2169349193572998,0.3063241243362427,0.11203444004058838
YLR045C,YBR018C,0,0.023865804,0.21678321063518524,0.3063241243362427,0.11213456094264984
YIL046W,YDR258C,0,0.023845049,0.2166317254304886,0.3063241243362427,0.1122346818447113
YJR021C,YDR144C,0,0.023844551,0.21648044884204865,0.3063241243362427,0.11233480274677277
YOR071C,YPL036W,1,0.023841998,0.2170272171497345,0.3073122501373291,0.11233480274677277
YNL030W,YDL136W,0,0.023826007,0.2168758660554886,0.3073122501373291,0.11243492364883423
YOR070C,YOR155C,0,0.023821253,0.21672473847866058,0.3073122501373291,0.11253504455089569
YOR168W,YKL020C,0,0.023819871,0.2165738195180893,0.3073122501373291,0.11263516545295715
YMR049C,YGL254W,0,0.023801718,0.21642310917377472,0.3073122501373291,0.11273527890443802
YIL140W,YDL130W-A,0,0.023797689,0.21627260744571686,0.3073122501373291,0.11283539980649948
YCR028C,YPR004C,0,0.023765383,0.2161223143339157,0.3073122501373291,0.11293552070856094
YMR054W,YPL265W,1,0.023762856,0.21666666865348816,0.3083004057407379,0.11293552070856094
YLR364W,YGL001C,0,0.023754705,0.21651630103588104,0.3083004057407379,0.1130356416106224
YLR369W,YMR233W,0,0.023753624,0.21636615693569183,0.3083004057407379,0.11313576251268387
YLR221C,YML114C,0,0.023747073,0.21621622145175934,0.3083004057407379,0.11323588341474533
YKL120W,YNL321W,1,0.023744158,0.21675899624824524,0.30928853154182434,0.11323588341474533
YML132W,YCL040W,0,0.023731444,0.21660900115966797,0.30928853154182434,0.1133360043168068
YDR466W,YNL026W,0,0.0237256,0.21645919978618622,0.30928853154182434,0.11343612521886826
YLR205C,YLR047C,0,0.023722872,0.21630960702896118,0.30928853154182434,0.11353624612092972
YER056C-A,YNL279W,0,0.023720663,0.21616022288799286,0.30928853154182434,0.11363636702299118
YDR507C,YDR151C,0,0.023712534,0.21601104736328125,0.30928853154182434,0.11373648047447205
YMR257C,YOR123C,0,0.023710782,0.21586206555366516,0.30928853154182434,0.11383660137653351
YDR534C,YDR160W,1,0.023689944,0.21640248596668243,0.31027668714523315,0.11383660137653351
YBL023C,YBR129C,0,0.023683565,0.21625344455242157,0.31027668714523315,0.11393672227859497
YCR028C-A,YOL033W,0,0.023681104,0.21610461175441742,0.31027668714523315,0.11403684318065643
YLR449W,YPL186C,0,0.023681045,0.21595598757266998,0.31027668714523315,0.1141369640827179
YNR013C,YDR456W,1,0.023674734,0.2164948433637619,0.3112648129463196,0.1141369640827179
YLR447C,YOL152W,1,0.023667011,0.21703296899795532,0.3122529685497284,0.1141369640827179
YHL040C,YOR128C,0,0.023663059,0.21688400208950043,0.3122529685497284,0.11423708498477936
YOL077W-A,YDR456W,1,0.023652704,0.21742112934589386,0.3132410943508148,0.11423708498477936
YLR027C,YOR168W,0,0.023637068,0.2172721028327942,0.3132410943508148,0.11433720588684082
YBL066C,YPR121W,0,0.023635034,0.21712328493595123,0.3132410943508148,0.11443732678890228
YFR021W,YER052C,0,0.023627395,0.216974675655365,0.3132410943508148,0.11453744769096375
YOL052C,YPL143W,0,0.02361283,0.21682626008987427,0.3132410943508148,0.11463756859302521
YLL051C,YBL030C,1,0.02360985,0.21736158430576324,0.31422924995422363,0.11463756859302521
YPL153C,YKR029C,0,0.02359957,0.21721310913562775,0.31422924995422363,0.11473768204450607
YPL170W,YER114C,0,0.023589347,0.21706484258174896,0.31422924995422363,0.11483780294656754
YEL016C,YEL013W,0,0.02358715,0.2169167846441269,0.31422924995422363,0.114937923848629
YPR042C,YMR093W,0,0.023580685,0.21676892042160034,0.31422924995422363,0.11503804475069046
YKL148C,YGL135W,0,0.023569778,0.2166212499141693,0.31422924995422363,0.11513816565275192
YDR062W,YML056C,0,0.023564234,0.216473788022995,0.31422924995422363,0.11523828655481339
YJL052W,YDL130W,0,0.023562584,0.2163265347480774,0.31422924995422363,0.11533840745687485
YIL002C,YPL240C,0,0.023555152,0.2161794751882553,0.31422924995422363,0.11543852835893631
YGL250W,YHR069C,0,0.023553528,0.21603260934352875,0.31422924995422363,0.11553864926099777
YGR195W,YDL207W,0,0.023552442,0.2158859521150589,0.31422924995422363,0.11563877016305923
YGR166W,YCL018W,0,0.023538938,0.21573948860168457,0.31422924995422363,0.1157388836145401
YBR196C,YCR010C,0,0.023527153,0.21559321880340576,0.31422924995422363,0.11583900451660156
YGR029W,YER049W,0,0.023495805,0.21544715762138367,0.31422924995422363,0.11593912541866302
YJL177W,YJL109C,0,0.023446575,0.2153012901544571,0.31422924995422363,0.11603924632072449
YGL099W,YDL214C,0,0.023428392,0.21515561640262604,0.31422924995422363,0.11613936722278595
YGL040C,YLR222C,0,0.023410829,0.2150101363658905,0.31422924995422363,0.11623948812484741
YHR209W,YHR200W,0,0.023371495,0.21486486494541168,0.31422924995422363,0.11633960902690887
YNL128W,YDL191W,0,0.023367725,0.21471978724002838,0.31422924995422363,0.11643972992897034
YEL058W,YOR317W,0,0.023362746,0.2145749032497406,0.31422924995422363,0.1165398508310318
YLR121C,YJL111W,0,0.023334214,0.21443021297454834,0.31422924995422363,0.11663996428251266
YLL013C,YOR388C,0,0.02330248,0.2142857164144516,0.31422924995422363,0.11674008518457413
YMR113W,YKR059W,0,0.023297295,0.21414141356945038,0.31422924995422363,0.11684020608663559
YGL071W,YHR116W,0,0.02328502,0.21399730443954468,0.31422924995422363,0.11694032698869705
YER053C,YCR075C,1,0.023283191,0.21452589333057404,0.31521740555763245,0.11694032698869705
YEL027W,YNL321W,1,0.023279276,0.2150537669658661,0.31620553135871887,0.11694032698869705
YNR020C,YLR100W,0,0.023277402,0.21490933001041412,0.31620553135871887,0.11704044789075851
YGL037C,YGL119W,0,0.023267936,0.21476510167121887,0.31620553135871887,0.11714056879281998
YDR184C,YPL214C,0,0.023252597,0.21462106704711914,0.31620553135871887,0.11724068969488144
YJL166W,YMR077C,0,0.023221867,0.21447721123695374,0.31620553135871887,0.1173408105969429
YGR257C,YMR054W,1,0.02322147,0.2150033563375473,0.3171936869621277,0.1173408105969429
YKR020W,YNL003C,0,0.02321088,0.21485944092273712,0.3171936869621277,0.11744093149900436
YGR027C,YNL331C,0,0.02320884,0.21471571922302246,0.3171936869621277,0.11754105240106583
YMR306W,YIL094C,0,0.02320144,0.21457219123840332,0.3171936869621277,0.11764116585254669
YKL152C,YCR057C,0,0.023199536,0.2144288569688797,0.3171936869621277,0.11774128675460815
YKL061W,YJL092W,0,0.023198841,0.2142857164144516,0.3171936869621277,0.11784140765666962
YDR026C,YDR247W,0,0.023196043,0.21414275467395782,0.3171936869621277,0.11794152855873108
YMR203W,YDR456W,1,0.023191575,0.21466666460037231,0.3181818127632141,0.11794152855873108
YGR112W,YER175C,0,0.023191119,0.21452365815639496,0.3181818127632141,0.11804164946079254
YBR183W,YNL257C,0,0.023181664,0.21438083052635193,0.3181818127632141,0.118141770362854
YBR207W,YMR098C,0,0.023179354,0.21423819661140442,0.3181818127632141,0.11824189126491547
YOR092W,YOR244W,0,0.023170896,0.21409574151039124,0.3181818127632141,0.11834201216697693
YHR083W,YML052W,0,0.023146339,0.21395349502563477,0.3181818127632141,0.11844213306903839
YNR060W,YNL291C,1,0.02313925,0.21447543799877167,0.3191699683666229,0.11844213306903839
YOR076C,YMR272C,0,0.023125473,0.21433311700820923,0.3191699683666229,0.11854225397109985
YMR020W,YGR167W,0,0.02312432,0.21419097483158112,0.3191699683666229,0.11864236742258072
YDR363W,YML027W,0,0.02311695,0.21404904127120972,0.3191699683666229,0.11874248832464218
YGR191W,YNL291C,1,0.023113072,0.21456953883171082,0.32015809416770935,0.11874248832464218
YMR014W,YFL036W,0,0.023111366,0.21442753076553345,0.32015809416770935,0.11884260922670364
YDR160W,YPL060W,1,0.02310782,0.21494708955287933,0.32114624977111816,0.11884260922670364
YIL010W,YLR314C,0,0.02309405,0.2148050218820572,0.32114624977111816,0.1189427301287651
YLR216C,YDR083W,0,0.023093875,0.21466314792633057,0.32114624977111816,0.11904285103082657
YDR229W,YOL105C,0,0.023083175,0.21452145278453827,0.32114624977111816,0.11914297193288803
YPR201W,YHR039C-A,1,0.023075774,0.21503958106040955,0.3221343755722046,0.11914297193288803
YNL116W,YGR035C,0,0.023073804,0.21489782631397247,0.3221343755722046,0.1192430928349495
YLR210W,YER086W,0,0.023063673,0.21475626528263092,0.3221343755722046,0.11934321373701096
YPL221W,YPL265W,1,0.023063524,0.2152732014656067,0.3231225311756134,0.11934321373701096
YNL267W,YPR149W,0,0.02305171,0.21513158082962036,0.3231225311756134,0.11944333463907242
YNL316C,YGR121C,0,0.02304903,0.21499013900756836,0.3231225311756134,0.11954345554113388
YDL207W,YDR368W,0,0.023027461,0.21484887599945068,0.3231225311756134,0.11964356899261475
YLR205C,YOR126C,0,0.023009714,0.21470780670642853,0.3231225311756134,0.11974368989467621
YIL128W,YCR033W,0,0.02300743,0.2145669311285019,0.3231225311756134,0.11984381079673767
YBR067C,YMR307W,0,0.02300718,0.21442623436450958,0.3231225311756134,0.11994393169879913
YBR040W,YGR159C,0,0.023000302,0.2142857164144516,0.3231225311756134,0.1200440526008606
YGR065C,YHL016C,1,0.022973273,0.21480026841163635,0.3241106867790222,0.1200440526008606
YMR043W,YAL034W-A,0,0.022971215,0.2146596908569336,0.3241106867790222,0.12014417350292206
YML077W,YOR100C,0,0.022966847,0.21451929211616516,0.3241106867790222,0.12024429440498352
YMR267W,YMR246W,0,0.022965195,0.21437908709049225,0.3241106867790222,0.12034441530704498
YIL065C,YMR176W,0,0.02295871,0.21423906087875366,0.3241106867790222,0.12044453620910645
YCR027C,YGL139W,1,0.022958102,0.2147519588470459,0.32509881258010864,0.12044453620910645
YJL206C,YOR244W,0,0.022952624,0.21461187303066254,0.32509881258010864,0.12054465711116791
YKL094W,YPL094C,0,0.022946393,0.2144719660282135,0.32509881258010864,0.12064477056264877
YPR104C,YIR006C,0,0.022934616,0.21433225274085999,0.32509881258010864,0.12074489146471024
YFL041W,YKL175W,1,0.022916727,0.21484375,0.32608696818351746,0.12074489146471024
YOR337W,YLR174W,0,0.0229024,0.21470396220684052,0.32608696818351746,0.1208450123667717
YPR184W,YGL172W,0,0.022874964,0.21456436812877655,0.32608696818351746,0.12094513326883316
YAL008W,YKL188C,0,0.022866832,0.2144249528646469,0.32608696818351746,0.12104525417089462
YPL060W,YCR024C-A,1,0.022849372,0.2149350643157959,0.3270750939846039,0.12104525417089462
YMR203W,YGL254W,1,0.022839606,0.21544452011585236,0.3280632495880127,0.12104525417089462
YNL259C,YBR294W,1,0.022838367,0.2159533053636551,0.3290513753890991,0.12104525417089462
YDR159W,YMR281W,0,0.022837773,0.21581335365772247,0.3290513753890991,0.12114537507295609
YFR007W,YDR034C,0,0.022837248,0.21567358076572418,0.3290513753890991,0.12124549597501755
YOR159C,YOR007C,0,0.022822764,0.21553398668766022,0.3290513753890991,0.12134561687707901
YDR033W,YJL134W,0,0.022803359,0.21539457142353058,0.3290513753890991,0.12144573777914047
YOR353C,YKL135C,0,0.022803001,0.21525533497333527,0.3290513753890991,0.12154585868120193
YOR221C,YGR081C,0,0.022791535,0.21511627733707428,0.3290513753890991,0.1216459721326828
YML126C,YHL004W,0,0.02279151,0.21497739851474762,0.3290513753890991,0.12174609303474426
YHR140W,YBR238C,0,0.022777349,0.21483871340751648,0.3290513753890991,0.12184621393680573
YOR210W,YLR448W,0,0.02277556,0.21470019221305847,0.3290513753890991,0.12194633483886719
YHL032C,YBR127C,0,0.022761546,0.2145618498325348,0.3290513753890991,0.12204645574092865
YGR274C,YOR265W,0,0.022760246,0.21442370116710663,0.3290513753890991,0.12214657664299011
YDL051W,YGL185C,0,0.022759337,0.2142857164144516,0.3290513753890991,0.12224669754505157
YLL055W,YNL230C,0,0.022752902,0.2141479104757309,0.3290513753890991,0.12234681844711304
YBR037C,YOL001W,0,0.022748657,0.21401028335094452,0.3290513753890991,0.1224469393491745
YNL265C,YAL017W,0,0.022746846,0.21387283504009247,0.3290513753890991,0.12254705280065536
YPL024W,YDL213C,0,0.022746174,0.21373556554317474,0.3290513753890991,0.12264717370271683
YAR018C,YER016W,0,0.022737496,0.21359845995903015,0.3290513753890991,0.12274729460477829
YNR074C,YJL087C,0,0.022732196,0.21346153318881989,0.3290513753890991,0.12284741550683975
YLL055W,YIR011C,0,0.022718612,0.21332478523254395,0.3290513753890991,0.12294753640890121
YDR172W,YEL031W,0,0.022714935,0.21318821609020233,0.3290513753890991,0.12304765731096268
YJL117W,YNL321W,1,0.022706285,0.2136916220188141,0.33003953099250793,0.12304765731096268
YPL148C,YDL108W,0,0.022684447,0.2135549932718277,0.33003953099250793,0.12314777821302414
YMR216C,YJL092W,0,0.022679314,0.21341852843761444,0.33003953099250793,0.1232478991150856
YPL230W,YHL047C,0,0.022676166,0.2132822424173355,0.33003953099250793,0.12334802001714706
YNL070W,YDL207W,0,0.022669777,0.2131461352109909,0.33003953099250793,0.12344814091920853
YJR005W,YBL027W,0,0.022658054,0.21301020681858063,0.33003953099250793,0.12354825437068939
YOL027C,YIL076W,0,0.02264885,0.21287444233894348,0.33003953099250793,0.12364837527275085
YDL061C,YNL308C,0,0.02264819,0.21273885667324066,0.33003953099250793,0.12374849617481232
YDR480W,YLL034C,0,0.02264263,0.21260343492031097,0.33003953099250793,0.12384861707687378
YCR017C,YIL171W,0,0.02264014,0.2124681919813156,0.33003953099250793,0.12394873797893524
YMR278W,YAL035W,0,0.022640003,0.21233312785625458,0.33003953099250793,0.1240488588809967
YAL060W,YPL259C,0,0.022639476,0.21219822764396667,0.33003953099250793,0.12414897978305817
YJL149W,YDR530C,0,0.022620825,0.2120634913444519,0.33003953099250793,0.12424910068511963
YFL001W,YOL140W,0,0.02261837,0.21192893385887146,0.33003953099250793,0.12434922158718109
YHR207C,YOL086C,0,0.022616856,0.21179454028606415,0.33003953099250793,0.12444934248924255
YPR135W,YDL210W,0,0.02260188,0.21166032552719116,0.33003953099250793,0.12454945594072342
YPR125W,YBR115C,0,0.022592098,0.2115262895822525,0.33003953099250793,0.12464957684278488
YIL134W,YDR377W,1,0.022577524,0.21202531456947327,0.33102765679359436,0.12464957684278488
YER053C,YKL165C,1,0.022574235,0.2125237137079239,0.3320158123970032,0.12464957684278488
YJL133W,YHR050W,1,0.02257197,0.21302148699760437,0.3330039381980896,0.12464957684278488
YGR013W,YOR230W,0,0.022570945,0.21288692951202393,0.3330039381980896,0.12474969774484634
YDL239C,YMR246W,0,0.022563979,0.21275252103805542,0.3330039381980896,0.1248498186469078
YAL014C,YHR135C,0,0.022558197,0.21261829137802124,0.3330039381980896,0.12494993954896927
YMR263W,YDL138W,0,0.022548996,0.2124842405319214,0.3330039381980896,0.12505005300045013
YPL240C,YDR481C,0,0.02254105,0.21235035359859467,0.3330039381980896,0.1251501739025116
YLR425W,YGL169W,0,0.022534238,0.21221663057804108,0.3330039381980896,0.12525029480457306
YGL184C,YKL101W,0,0.022511967,0.21208307147026062,0.3330039381980896,0.12535041570663452
YER021W,YOR100C,0,0.022509795,0.2119496911764145,0.3330039381980896,0.12545053660869598
YBR057C,YDL130W-A,0,0.022501756,0.2118164747953415,0.3330039381980896,0.12555065751075745
YNR054C,YLR129W,0,0.022489771,0.21168342232704163,0.3330039381980896,0.1256507784128189
YOR219C,YJL190C,0,0.022488791,0.2115505337715149,0.3330039381980896,0.12575089931488037
YMR309C,YMR049C,0,0.02248811,0.21141782402992249,0.3330039381980896,0.12585102021694183
YKR056W,YEL029C,0,0.022482283,0.21128526329994202,0.3330039381980896,0.1259511411190033
YLR097C,YMR075W,0,0.022470595,0.21115288138389587,0.3330039381980896,0.12605126202106476
YLL039C,YLR166C,0,0.022463195,0.21102066338062286,0.3330039381980896,0.12615138292312622
YPL057C,YBR299W,0,0.022440404,0.21088860929012299,0.3330039381980896,0.12625150382518768
YPL223C,YDL040C,0,0.022438377,0.21075671911239624,0.3330039381980896,0.12635162472724915
YGR084C,YPR075C,0,0.022437375,0.21062499284744263,0.3330039381980896,0.1264517456293106
YGR166W,YOR180C,0,0.022435702,0.21049344539642334,0.3330039381980896,0.12655186653137207
YDR534C,YHR179W,0,0.022431638,0.210362046957016,0.3330039381980896,0.12665198743343353
YOL090W,YGR074W,0,0.022417625,0.21023081243038177,0.3330039381980896,0.126752108335495
YHR175W,YMR301C,1,0.022410631,0.21072319149971008,0.3339920938014984,0.126752108335495
YDR388W,YLR016C,0,0.022410298,0.2105918973684311,0.3339920938014984,0.12685222923755646
YBL067C,YOL026C,0,0.022397812,0.21046076714992523,0.3339920938014984,0.12695235013961792
YDR254W,YOR196C,0,0.022396494,0.2103298008441925,0.3339920938014984,0.1270524561405182
YLR090W,YAL040C,0,0.022396259,0.2101989984512329,0.3339920938014984,0.12715257704257965
YOL077W-A,YER026C,0,0.022393854,0.21006835997104645,0.3339920938014984,0.1272526979446411
YJR110W,YDR226W,0,0.022377886,0.20993788540363312,0.3339920938014984,0.12735281884670258
YDR164C,YOL071W,0,0.022372965,0.20980757474899292,0.3339920938014984,0.12745293974876404
YJR044C,YDR191W,0,0.022355285,0.20967741310596466,0.3339920938014984,0.1275530606508255
YJL155C,YMR247C,0,0.022355251,0.20954743027687073,0.3339920938014984,0.12765318155288696
YDL036C,YPL259C,0,0.022354499,0.20941759645938873,0.3339920938014984,0.12775330245494843
YKR105C,YIL074C,0,0.022353075,0.20928792655467987,0.3339920938014984,0.1278534233570099
YOR122C,YJL189W,0,0.02232981,0.20915842056274414,0.3339920938014984,0.12795354425907135
YGR282C,YGL175C,0,0.022329658,0.20902906358242035,0.3339920938014984,0.1280536651611328
YNL070W,YKL156W,0,0.022315472,0.2088998705148697,0.3339920938014984,0.12815378606319427
YDR346C,YBR132C,0,0.0223012,0.20877084136009216,0.3339920938014984,0.12825390696525574
YNL124W,YGL184C,0,0.022293426,0.20864197611808777,0.3339920938014984,0.1283540278673172
YPL195W,YDR480W,0,0.02228933,0.2085132598876953,0.3339920938014984,0.12845414876937866
YLR204W,YGL112C,0,0.022251155,0.208384707570076,0.3339920938014984,0.12855426967144012
YMR070W,YGL013C,0,0.022241466,0.2082563191652298,0.3339920938014984,0.1286543905735016
YIL109C,YNL220W,0,0.022239372,0.20812807977199554,0.3339920938014984,0.12875451147556305
YGL168W,YMR240C,0,0.02223872,0.20800000429153442,0.3339920938014984,0.1288546323776245
YMR319C,YGR177C,0,0.022222785,0.20787207782268524,0.3339920938014984,0.12895473837852478
YMR288W,YDR291W,0,0.02222196,0.2077443152666092,0.3339920938014984,0.12905485928058624
YML032C,YIL072W,0,0.022213914,0.20761670172214508,0.3339920938014984,0.1291549801826477
YBR122C,YDR322C-A,0,0.02220602,0.2074892520904541,0.3339920938014984,0.12925510108470917
YDR018C,YDR120C,0,0.022187825,0.20736196637153625,0.3339920938014984,0.12935522198677063
YOR084W,YER101C,0,0.022179428,0.20723482966423035,0.3339920938014984,0.1294553428888321
YLR355C,YBR093C,0,0.02217883,0.20710784196853638,0.3339920938014984,0.12955546379089355
YGL223C,YOL113W,0,0.022160087,0.20698101818561554,0.3339920938014984,0.12965558469295502
YEL065W,YKL217W,1,0.022142695,0.20746633410453796,0.3349802494049072,0.12965558469295502
YCR096C,YPL053C,0,0.022141986,0.20733945071697235,0.3349802494049072,0.12975570559501648
YOR234C,YOL060C,0,0.022141661,0.20721271634101868,0.3349802494049072,0.12985582649707794
YMR216C,YKR061W,0,0.022135595,0.20708613097667694,0.3349802494049072,0.1299559473991394
YHR031C,YIL111W,0,0.02213112,0.20695970952510834,0.3349802494049072,0.13005606830120087
YOR382W,YLR411W,1,0.022117876,0.20744356513023376,0.33596837520599365,0.13005606830120087
YFR015C,YPL237W,0,0.022115868,0.2073170691728592,0.33596837520599365,0.13015618920326233
YGR240C,YJL025W,0,0.022115747,0.20719073712825775,0.33596837520599365,0.1302563101053238
YDR466W,YKR092C,0,0.022114813,0.20706455409526825,0.33596837520599365,0.13035643100738525
YNR047W,YNL098C,0,0.02211129,0.20693852007389069,0.33596837520599365,0.13045655190944672
YMR287C,YLR330W,0,0.022100797,0.20681264996528625,0.33596837520599365,0.13055667281150818
YKL067W,YCL057W,0,0.022081278,0.20668692886829376,0.33596837520599365,0.13065679371356964
YDR383C,YGR227W,0,0.022067811,0.2065613567829132,0.33596837520599365,0.1307569146156311
YER095W,YNR012W,0,0.022058688,0.2064359486103058,0.33596837520599365,0.13085703551769257
YOR092W,YOR230W,0,0.022053927,0.2063106745481491,0.33596837520599365,0.13095714151859283
YER006W,YPL082C,0,0.022034986,0.20618556439876556,0.33596837520599365,0.1310572624206543
YJL053W,YMR305C,0,0.022029445,0.20606060326099396,0.33596837520599365,0.13115738332271576
YMR173W,YNR039C,0,0.022027018,0.2059357911348343,0.33596837520599365,0.13125750422477722
YBR293W,YDR264C,0,0.022022782,0.20581114292144775,0.33596837520599365,0.13135762512683868
YOR070C,YEL002C,0,0.022018472,0.20568662881851196,0.33596837520599365,0.13145774602890015
YKR039W,YGR154C,0,0.022018166,0.2055622786283493,0.33596837520599365,0.1315578669309616
YMR152W,YOR061W,0,0.022002831,0.2054380625486374,0.33596837520599365,0.13165798783302307
YDL181W,YLR090W,0,0.021988474,0.2053140103816986,0.33596837520599365,0.13175810873508453
YKR002W,YIR017C,0,0.021974659,0.20519010722637177,0.33596837520599365,0.131858229637146
YOR288C,YDR062W,0,0.02197227,0.20506633818149567,0.33596837520599365,0.13195835053920746
YLL019C,YBR087W,0,0.021964196,0.2049427330493927,0.33596837520599365,0.13205847144126892
YLR289W,YLR010C,0,0.021957297,0.20481927692890167,0.33596837520599365,0.13215859234333038
YMR278W,YOR064C,0,0.021950405,0.20469596982002258,0.33596837520599365,0.13225871324539185
YEL041W,YBR290W,0,0.021945152,0.20457279682159424,0.33596837520599365,0.1323588341474533
YKL046C,YDR126W,0,0.021941505,0.20444978773593903,0.33596837520599365,0.13245895504951477
YDR451C,YLR138W,0,0.02193689,0.20432692766189575,0.33596837520599365,0.13255907595157623
YDR169C,YCL061C,0,0.021923175,0.20420420169830322,0.33596837520599365,0.1326591968536377
YGL213C,YER018C,0,0.021917464,0.20408163964748383,0.33596837520599365,0.13275931775569916
YFL041W,YPR021C,1,0.021911597,0.2045590877532959,0.33695653080940247,0.13275931775569916
YEL058W,YMR300C,0,0.021903345,0.20443645119667053,0.33695653080940247,0.13285943865776062
YOL113W,YGR063C,0,0.021877114,0.2043139636516571,0.33695653080940247,0.1329595446586609
YFR041C,YOR226C,0,0.021860182,0.20419161021709442,0.33695653080940247,0.13305966556072235
YDR174W,YIL099W,0,0.021848941,0.20406942069530487,0.33695653080940247,0.1331597864627838
YML027W,YHR153C,0,0.02184061,0.20394736528396606,0.33695653080940247,0.13325990736484528
YNL136W,YNL087W,0,0.02183502,0.2038254588842392,0.33695653080940247,0.13336002826690674
YFL057C,YDL194W,0,0.021833258,0.20370370149612427,0.33695653080940247,0.1334601491689682
YHR060W,YCR093W,0,0.021814201,0.20358209311962128,0.33695653080940247,0.13356027007102966
YBR006W,YLR016C,0,0.021813255,0.20346061885356903,0.33695653080940247,0.13366039097309113
YJL071W,YML074C,0,0.02180193,0.20333929359912872,0.33695653080940247,0.1337605118751526
YGR070W,YDL138W,0,0.021799907,0.20321811735630035,0.33695653080940247,0.13386063277721405
YPL234C,YNR039C,1,0.02179147,0.20369267463684082,0.3379446566104889,0.13386063277721405
YOR278W,YGL147C,0,0.021781944,0.20357142388820648,0.3379446566104889,0.1339607536792755
YOL021C,YNL071W,0,0.021770466,0.20345032215118408,0.3379446566104889,0.13406087458133698
YKL144C,YKR044W,0,0.021760121,0.20332936942577362,0.3379446566104889,0.13416099548339844
YGL220W,YKR090W,0,0.021757863,0.2032085508108139,0.3379446566104889,0.1342611163854599
YMR283C,YBR004C,0,0.021755414,0.20308788120746613,0.3379446566104889,0.13436123728752136
YER001W,YPR072W,0,0.021743886,0.20296736061573029,0.3379446566104889,0.13446135818958282
YDR341C,YDR214W,0,0.021742597,0.2028469741344452,0.3379446566104889,0.1345614790916443
YLR399C,YOR196C,0,0.021742593,0.20272673666477203,0.3379446566104889,0.13466159999370575
YPL042C,YDL055C,0,0.021739885,0.20260663330554962,0.3379446566104889,0.1347617208957672
YAL016W,YLR275W,0,0.021739498,0.20248667895793915,0.3379446566104889,0.13486182689666748
YBR024W,YCR048W,0,0.021736959,0.20236685872077942,0.3379446566104889,0.13496194779872894
YJL172W,YJL187C,0,0.021715073,0.20224718749523163,0.3379446566104889,0.1350620687007904
YLR368W,YBL055C,0,0.021712296,0.20212766528129578,0.3379446566104889,0.13516218960285187
YHL027W,YPR043W,0,0.02170154,0.20200826227664948,0.3379446566104889,0.13526231050491333
YPR111W,YHR034C,0,0.021683207,0.2018890231847763,0.3379446566104889,0.1353624314069748
YDR324C,YHR160C,0,0.021681182,0.20176991820335388,0.3379446566104889,0.13546255230903625
YPR201W,YDR322C-A,1,0.021680217,0.20224057137966156,0.3389328122138977,0.13546255230903625
YMR117C,YKR014C,0,0.021677308,0.20212139189243317,0.3389328122138977,0.13556267321109772
YKL108W,YMR266W,0,0.021674355,0.2020023614168167,0.3389328122138977,0.13566279411315918
YLL062C,YEL016C,0,0.021655463,0.201883465051651,0.3389328122138977,0.13576291501522064
YJL094C,YFL050C,1,0.021648351,0.20235294103622437,0.33992093801498413,0.13576291501522064
YPL053C,YDR302W,0,0.021645071,0.20223398506641388,0.33992093801498413,0.1358630359172821
YKL144C,YKR101W,0,0.021624908,0.20211516320705414,0.33992093801498413,0.13596315681934357
YHR172W,YBL023C,0,0.02162033,0.20199647545814514,0.33992093801498413,0.13606327772140503
YDL210W,YKL016C,1,0.021611422,0.20246478915214539,0.34090909361839294,0.13606327772140503
YLL027W,YHR102W,0,0.021603277,0.2023460417985916,0.34090909361839294,0.1361633986234665
YIR022W,YDR270W,0,0.021598453,0.2022274285554886,0.34090909361839294,0.13626351952552795
YDL007W,YPL163C,0,0.02159324,0.2021089643239975,0.34090909361839294,0.13636364042758942
YDR083W,YNL325C,0,0.021586012,0.20199063420295715,0.34090909361839294,0.13646376132965088
YML015C,YIL133C,0,0.021578366,0.20187243819236755,0.34090909361839294,0.13656388223171234
YOL128C,YPR165W,0,0.021574263,0.2017543911933899,0.34090909361839294,0.1366640031337738
YOR171C,YGR227W,0,0.021569543,0.20163646340370178,0.34090909361839294,0.13676412403583527
YOR230W,YJL184W,0,0.02156703,0.2015186846256256,0.34090909361839294,0.13686423003673553
YCL011C,YGL181W,0,0.021554064,0.20140105485916138,0.34090909361839294,0.136964350938797
YCR024C-A,YOR153W,0,0.021536496,0.2012835443019867,0.34090909361839294,0.13706447184085846
YAL016W,YNR043W,0,0.021529384,0.20116618275642395,0.34090909361839294,0.13716459274291992
YHR209W,YPL155C,0,0.021528684,0.20104895532131195,0.34090909361839294,0.13726471364498138
YLR106C,YJR033C,0,0.02152416,0.2009318619966507,0.34090909361839294,0.13736483454704285
YJR044C,YNL224C,0,0.021520419,0.20081490278244019,0.34090909361839294,0.1374649554491043
YBL085W,YKL186C,0,0.021519423,0.20069807767868042,0.34090909361839294,0.13756507635116577
YKR026C,YNL224C,0,0.021519357,0.2005814015865326,0.34090909361839294,0.13766519725322723
YGR271W,YKR042W,0,0.021517038,0.20046484470367432,0.34090909361839294,0.1377653181552887
YPR098C,YHR119W,0,0.021506485,0.20034843683242798,0.34090909361839294,0.13786543905735016
YMR198W,YLR077W,0,0.021504274,0.2002321481704712,0.34090909361839294,0.13796555995941162
YLR396C,YFL029C,0,0.021488141,0.20011600852012634,0.34090909361839294,0.13806568086147308
YPL007C,YOR251C,0,0.021475058,0.20000000298023224,0.34090909361839294,0.13816580176353455
YDR390C,YKL112W,0,0.021467151,0.19988413155078888,0.34090909361839294,0.138265922665596
YGR106C,YBR058C,0,0.021467134,0.19976837933063507,0.34090909361839294,0.13836604356765747
YHR028C,YJL109C,0,0.021434832,0.1996527761220932,0.34090909361839294,0.13846616446971893
YMR127C,YNL102W,0,0.021422936,0.19953730702400208,0.34090909361839294,0.1385662853717804
YBL050W,YDR460W,0,0.02142024,0.1994219720363617,0.34090909361839294,0.13866640627384186
YOR005C,YIL010W,0,0.021418,0.19930675625801086,0.34090909361839294,0.13876652717590332
YHR029C,YOR064C,0,0.021411372,0.19919168949127197,0.34090909361839294,0.1388666331768036
YML132W,YNL047C,0,0.02140217,0.19907674193382263,0.34090909361839294,0.13896675407886505
YPR201W,YBR069C,1,0.02140196,0.19953863322734833,0.34189721941947937,0.13896675407886505
YOL077W-A,YCR027C,1,0.021391213,0.20000000298023224,0.3428853750228882,0.13896675407886505
YPR124W,YOR271C,1,0.021386124,0.20046083629131317,0.343873530626297,0.13896675407886505
YMR250W,YKL001C,0,0.021380968,0.20034542679786682,0.343873530626297,0.1390668749809265
YJL209W,YNL073W,0,0.021376453,0.20023015141487122,0.343873530626297,0.13916699588298798
YJL101C,YPL220W,0,0.021364395,0.20011501014232635,0.343873530626297,0.13926711678504944
YGL065C,YDL065C,0,0.02136239,0.20000000298023224,0.343873530626297,0.1393672376871109
YMR104C,YPL098C,0,0.021362372,0.19988512992858887,0.343873530626297,0.13946735858917236
YLR393W,YDR265W,0,0.02135888,0.19977037608623505,0.343873530626297,0.13956747949123383
YPR201W,YLR295C,1,0.021331672,0.2002294957637787,0.3448616564273834,0.13956747949123383
YKL152C,YMR008C,0,0.02132893,0.2001146823167801,0.3448616564273834,0.1396676003932953
YGR028W,YOR122C,0,0.02131634,0.20000000298023224,0.3448616564273834,0.13976772129535675
YGL021W,YMR013C,0,0.02130234,0.19988545775413513,0.3448616564273834,0.1398678421974182
YJR119C,YGR104C,0,0.021295175,0.19977103173732758,0.3448616564273834,0.13996796309947968
YGR014W,YJR088C,0,0.021290522,0.19965675473213196,0.3448616564273834,0.14006808400154114
YLR433C,YOR374W,0,0.021283973,0.1995425969362259,0.3448616564273834,0.1401682049036026
YBR066C,YNL227C,0,0.021275584,0.19942857325077057,0.3448616564273834,0.14026832580566406
YLL012W,YOL013C,0,0.021273743,0.199314683675766,0.3448616564273834,0.14036844670772552
YOR167C,YGR027C,0,0.021271959,0.19920091331005096,0.3448616564273834,0.140468567609787
YOR316C,YPR067W,1,0.021270277,0.19965772330760956,0.34584981203079224,0.140468567609787
YJL121C,YIL051C,0,0.021258213,0.19954389333724976,0.34584981203079224,0.14056868851184845
YIL061C,YGR214W,0,0.0212547,0.1994301974773407,0.34584981203079224,0.1406688094139099
YKR039W,YER166W,1,0.021254413,0.19988609850406647,0.34683793783187866,0.1406688094139099
YOR174W,YIL109C,0,0.021241544,0.19977234303951263,0.34683793783187866,0.14076891541481018
YGR068C,YML074C,0,0.021226464,0.19965870678424835,0.34683793783187866,0.14086903631687164
YLR418C,YBR290W,0,0.02122555,0.19954518973827362,0.34683793783187866,0.1409691572189331
YBL037W,YIR032C,0,0.021223653,0.19943182170391083,0.34683793783187866,0.14106927812099457
YMR204C,YLL033W,0,0.021218548,0.19931857287883759,0.34683793783187866,0.14116939902305603
YGR132C,YKR046C,0,0.021203317,0.1992054432630539,0.34683793783187866,0.1412695199251175
YDL130W-A,YBR296C,0,0.02120318,0.19909246265888214,0.34683793783187866,0.14136964082717896
YER166W,YOL152W,1,0.02119873,0.19954648613929749,0.3478260934352875,0.14136964082717896
YJL192C,YBR228W,0,0.021178659,0.19943343102931976,0.3478260934352875,0.14146976172924042
YPR025C,YDR408C,0,0.021169376,0.1993204951286316,0.3478260934352875,0.14156988263130188
YOR291W,YOL020W,1,0.021160945,0.1997736245393753,0.3488142192363739,0.14156988263130188
YNR069C,YML018C,0,0.021149449,0.19966062903404236,0.3488142192363739,0.14167000353336334
YLR141W,YDL055C,0,0.021144621,0.19954776763916016,0.3488142192363739,0.1417701244354248
YMR288W,YJR135W-A,0,0.021133728,0.1994350254535675,0.3488142192363739,0.14187024533748627
YLR398C,YGL220W,0,0.02111826,0.1993224173784256,0.3488142192363739,0.14197036623954773
YAR050W,YDR483W,0,0.021116568,0.19920992851257324,0.3488142192363739,0.1420704871416092
YPL163C,YMR005W,0,0.021114009,0.19909757375717163,0.3488142192363739,0.14217060804367065
YNL281W,YDR368W,0,0.021097563,0.19898533821105957,0.3488142192363739,0.14227072894573212
YGL161C,YNL197C,0,0.021089293,0.19887323677539825,0.3488142192363739,0.14237084984779358
YHR175W,YJR001W,0,0.021082815,0.1987612545490265,0.3488142192363739,0.14247097074985504
YER170W,YHL013C,0,0.02106908,0.19864940643310547,0.3488142192363739,0.1425710916519165
YIL114C,YLL051C,1,0.021067828,0.19910010695457458,0.3498023748397827,0.1425710916519165
YDR523C,YHR074W,0,0.021060921,0.1989881992340088,0.3498023748397827,0.14267121255397797
YFL023W,YGL191W,0,0.021045364,0.19887641072273254,0.3498023748397827,0.14277131855487823
YKL074C,YML022W,0,0.021040153,0.19876474142074585,0.3498023748397827,0.1428714394569397
YDR113C,YIL048W,0,0.021011014,0.1986531913280487,0.3498023748397827,0.14297156035900116
YGL137W,YBR251W,0,0.020995222,0.1985417902469635,0.3498023748397827,0.14307168126106262
YGL044C,YML009C,0,0.020993825,0.19843049347400665,0.3498023748397827,0.14317180216312408
YFR015C,YOR324C,0,0.020991134,0.19831933081150055,0.3498023748397827,0.14327192306518555
YPR021C,YLL028W,1,0.020986771,0.19876819849014282,0.35079050064086914,0.14327192306518555
YBR214W,YMR312W,0,0.020982675,0.19865696132183075,0.35079050064086914,0.143372043967247
YHR175W,YMR034C,1,0.020980693,0.1991051435470581,0.35177865624427795,0.143372043967247
YGR207C,YBR227C,0,0.020976877,0.19899384677410126,0.35177865624427795,0.14347216486930847
YBL057C,YBL011W,0,0.020976268,0.19888268411159515,0.35177865624427795,0.14357228577136993
YJR119C,YKR094C,0,0.020974446,0.1987716406583786,0.35177865624427795,0.1436724066734314
YBR129C,YNL213C,0,0.020959422,0.1986607164144516,0.35177865624427795,0.14377252757549286
YBR297W,YNL252C,0,0.020953335,0.19854991137981415,0.35177865624427795,0.14387264847755432
YGR280C,YJL103C,0,0.020948038,0.19843924045562744,0.35177865624427795,0.14397276937961578
YBR097W,YFL038C,0,0.020935992,0.19832868874073029,0.35177865624427795,0.14407289028167725
YLR026C,YML058W,0,0.020932714,0.19821825623512268,0.35177865624427795,0.1441730111837387
YDL217C,YJL104W,0,0.020932646,0.19810795783996582,0.35177865624427795,0.14427313208580017
YOR071C,YGR020C,1,0.020928364,0.19855394959449768,0.35276681184768677,0.14427313208580017
YGR068C,YFR001W,0,0.020925531,0.19844357669353485,0.35276681184768677,0.14437325298786163
YJR093C,YBR067C,0,0.020922577,0.19833333790302277,0.35276681184768677,0.1444733738899231
YLR404W,YML075C,0,0.020907149,0.19822320342063904,0.35276681184768677,0.14457349479198456
YJL019W,YHL034C,0,0.020902582,0.19811320304870605,0.35276681184768677,0.14467361569404602
YGL071W,YDR038C,1,0.020895027,0.19855795800685883,0.3537549376487732,0.14467361569404602
YPL190C,YLR170C,0,0.020877235,0.19844789803028107,0.3537549376487732,0.1447737216949463
YDL061C,YIR011C,0,0.0208738,0.19833795726299286,0.3537549376487732,0.14487384259700775
YDR405W,YMR049C,0,0.020860702,0.1982281357049942,0.3537549376487732,0.1449739634990692
YJL219W,YOL124C,0,0.020856189,0.1981184333562851,0.3537549376487732,0.14507408440113068
YLR191W,YKL188C,0,0.020839643,0.19800885021686554,0.3537549376487732,0.14517420530319214
YHL047C,YKR030W,0,0.020837342,0.19789938628673553,0.3537549376487732,0.1452743262052536
YDL188C,YGR180C,0,0.020830546,0.19779005646705627,0.3537549376487732,0.14537444710731506
YLR348C,YDR022C,0,0.02081573,0.19768084585666656,0.3537549376487732,0.14547456800937653
YKR045C,YOR003W,0,0.020794142,0.1975717395544052,0.3537549376487732,0.145574688911438
YML116W,YDL025C,0,0.020785052,0.1974627673625946,0.3537549376487732,0.14567480981349945
YJR058C,YDL164C,0,0.0207806,0.19735391438007355,0.3537549376487732,0.1457749307155609
YLR433C,YIL046W,0,0.020778373,0.19724518060684204,0.3537549376487732,0.14587505161762238
YNL301C,YBL071W-A,0,0.020768344,0.19713656604290009,0.3537549376487732,0.14597517251968384
YIL006W,YHL040C,1,0.02075094,0.19757843017578125,0.354743093252182,0.14597517251968384
YLR086W,YDL010W,0,0.02074674,0.19746974110603333,0.354743093252182,0.1460752934217453
YMR306W,YML121W,0,0.020743966,0.19736118614673615,0.354743093252182,0.14617541432380676
YKL165C,YBL052C,0,0.020743612,0.19725275039672852,0.354743093252182,0.14627553522586823
YDR529C,YBL054W,0,0.020741975,0.19714441895484924,0.354743093252182,0.1463756561279297
YCR068W,YOL147C,0,0.020741958,0.19703622162342072,0.354743093252182,0.14647577702999115
YAL063C,YNL147W,0,0.020739727,0.19692814350128174,0.354743093252182,0.1465758979320526
YGR194C,YDR086C,0,0.020736285,0.19682016968727112,0.354743093252182,0.14667600393295288
YBR088C,YDR158W,0,0.020727031,0.19671232998371124,0.354743093252182,0.14677612483501434
YLR147C,YER018C,0,0.020724358,0.19660459458827972,0.354743093252182,0.1468762457370758
YDR457W,YER061C,0,0.020713735,0.19649699330329895,0.354743093252182,0.14697636663913727
YPL083C,YKL186C,0,0.020707913,0.19638949632644653,0.354743093252182,0.14707648754119873
YCR010C,YGL167C,1,0.020695275,0.19682887196540833,0.35573121905326843,0.14707648754119873
YGR191W,YBR044C,0,0.020694768,0.19672131538391113,0.35573121905326843,0.1471766084432602
YLR395C,YER098W,0,0.020680867,0.1966138780117035,0.35573121905326843,0.14727672934532166
YDR060W,YMR145C,0,0.020665184,0.1965065449476242,0.35573121905326843,0.14737685024738312
YBR037C,YOR271C,1,0.020663098,0.19694489240646362,0.35671937465667725,0.14737685024738312
YDR164C,YDL070W,0,0.020635696,0.19683751463890076,0.35671937465667725,0.14747697114944458
YMR316W,YER146W,0,0.02062786,0.19673024117946625,0.35671937465667725,0.14757709205150604
YPL055C,YKL117W,0,0.02062134,0.1966230869293213,0.35671937465667725,0.1476772129535675
YOR251C,YNL298W,0,0.02061233,0.19651605188846588,0.35671937465667725,0.14777733385562897
YBR280C,YDL074C,0,0.020612303,0.19640913605690002,0.35671937465667725,0.14787745475769043
YOR084W,YOR229W,0,0.020608928,0.19630233943462372,0.35671937465667725,0.1479775756597519
YGL161C,YLL017W,0,0.02059633,0.19619564712047577,0.35671937465667725,0.14807769656181335
YCR098C,YML081C-A,1,0.020594869,0.1966322660446167,0.35770750045776367,0.14807769656181335
YDR104C,YBR185C,0,0.02057835,0.19652551412582397,0.35770750045776367,0.14817781746387482
YAL005C,YGR140W,0,0.02056611,0.1964188814163208,0.35770750045776367,0.14827793836593628
YER153C,YGR167W,0,0.02056467,0.19631236791610718,0.35770750045776367,0.14837805926799774
YDR410C,YJR076C,0,0.020550475,0.1962059587240219,0.35770750045776367,0.1484781801700592
YOR294W,YPL002C,0,0.020547822,0.1960996687412262,0.35770750045776367,0.14857830107212067
YKL186C,YOR274W,0,0.020547412,0.19599349796772003,0.35770750045776367,0.14867840707302094
YOL005C,YPL226W,0,0.020546956,0.19588744640350342,0.35770750045776367,0.1487785279750824
YJR075W,YLR186W,0,0.020542698,0.19578149914741516,0.35770750045776367,0.14887864887714386
YLR176C,YOL016C,0,0.02054042,0.19567567110061646,0.35770750045776367,0.14897876977920532
YPR102C,YOR393W,0,0.020537175,0.1955699622631073,0.35770750045776367,0.14907889068126678
YFL024C,YMR282C,0,0.020523325,0.1954643577337265,0.35770750045776367,0.14917901158332825
YDR171W,YMR301C,0,0.020511366,0.19535887241363525,0.35770750045776367,0.1492791324853897
YDL045C,YKL038W,0,0.020504976,0.19525350630283356,0.35770750045776367,0.14937925338745117
YDR033W,YGR217W,1,0.0204798,0.19568733870983124,0.3586956560611725,0.14937925338745117
YNL099C,YNL258C,0,0.020476583,0.19558189809322357,0.3586956560611725,0.14947937428951263
YPL082C,YCL055W,0,0.020462131,0.19547657668590546,0.3586956560611725,0.1495794951915741
YLR405W,YBR183W,0,0.020443555,0.1953713744878769,0.3586956560611725,0.14967961609363556
YGL035C,YIL150C,0,0.020442992,0.19526627659797668,0.3586956560611725,0.14977973699569702
YJL024C,YIL074C,0,0.020437434,0.19516128301620483,0.3586956560611725,0.14987985789775848
YER111C,YNL117W,0,0.0204373,0.19505642354488373,0.3586956560611725,0.14997997879981995
YMR044W,YMR136W,0,0.020429377,0.19495166838169098,0.3586956560611725,0.1500800997018814
YKL221W,YPL174C,0,0.020424783,0.1948470175266266,0.3586956560611725,0.15018022060394287
YMR297W,YDL006W,0,0.020421337,0.19474248588085175,0.3586956560611725,0.15028034150600433
YDR027C,YIR035C,0,0.020417862,0.19463807344436646,0.3586956560611725,0.1503804624080658
YHR046C,YOR375C,0,0.02040901,0.19453376531600952,0.3586956560611725,0.15048058331012726
YOR373W,YER094C,0,0.020399531,0.19442956149578094,0.3586956560611725,0.15058070421218872
YBR161W,YKL208W,0,0.02039677,0.19432547688484192,0.3586956560611725,0.150680810213089
YOR313C,YER013W,0,0.020396484,0.19422151148319244,0.3586956560611725,0.15078093111515045
YNL315C,YER007W,0,0.020387309,0.19411765038967133,0.3586956560611725,0.15088105201721191
YBR230C,YJL097W,0,0.020384878,0.19401389360427856,0.3586956560611725,0.15098117291927338
YPR108W,YDR239C,0,0.020380607,0.19391025602817535,0.3586956560611725,0.15108129382133484
YDL035C,YGL113W,0,0.02036399,0.1938067227602005,0.3586956560611725,0.1511814147233963
YDR448W,YOR288C,0,0.020360103,0.1937033087015152,0.3586956560611725,0.15128153562545776
YLL009C,YDL100C,1,0.020350154,0.19413332641124725,0.3596837818622589,0.15128153562545776
YPL194W,YOR095C,0,0.020338025,0.19402985274791718,0.3596837818622589,0.15138165652751923
YBR041W,YLR378C,0,0.02032883,0.19392648339271545,0.3596837818622589,0.1514817774295807
YML073C,YFL008W,0,0.020326998,0.1938232183456421,0.3596837818622589,0.15158189833164215
YGR246C,YBR227C,0,0.020321768,0.19372005760669708,0.3596837818622589,0.1516820192337036
YOR151C,YDR173C,0,0.020321598,0.19361701607704163,0.3596837818622589,0.15178214013576508
YPL104W,YJL092W,0,0.020294284,0.19351409375667572,0.3596837818622589,0.15188226103782654
YLR028C,YEL011W,0,0.020292372,0.19341126084327698,0.3596837818622589,0.151982381939888
YLR431C,YOR328W,0,0.020287061,0.19330854713916779,0.3596837818622589,0.15208250284194946
YPL057C,YGR255C,0,0.020276265,0.19320593774318695,0.3596837818622589,0.15218262374401093
YDR334W,YCL004W,0,0.020267712,0.19310344755649567,0.3596837818622589,0.1522827446460724
YDR416W,YIL136W,0,0.020251507,0.19300106167793274,0.3596837818622589,0.15238286554813385
YGR280C,YCL003W,0,0.020249212,0.19289878010749817,0.3596837818622589,0.1524829864501953
YLR038C,YJR053W,0,0.02024207,0.19279660284519196,0.3596837818622589,0.15258309245109558
YLR348C,YHR135C,0,0.020237211,0.1926945447921753,0.3596837818622589,0.15268321335315704
YBR037C,YMR024W,0,0.02023608,0.192592591047287,0.3596837818622589,0.1527833342552185
YGL077C,YGR087C,0,0.020235457,0.19249074161052704,0.3596837818622589,0.15288345515727997
YNL128W,YGR148C,0,0.02023118,0.19238901138305664,0.3596837818622589,0.15298357605934143
YGR095C,YKR065C,0,0.020231042,0.1922873705625534,0.3596837818622589,0.1530836969614029
YOL130W,YPL153C,0,0.020224664,0.19218584895133972,0.3596837818622589,0.15318381786346436
YNL125C,YFL021W,0,0.020217488,0.1920844316482544,0.3596837818622589,0.15328393876552582
YIL142W,YOR020C,0,0.020212404,0.19198311865329742,0.3596837818622589,0.15338405966758728
YJR010C-A,YOL111C,0,0.020192724,0.19188192486763,0.3596837818622589,0.15348418056964874
YGR162W,YJR143C,0,0.020182954,0.19178082048892975,0.3596837818622589,0.1535843014717102
YKL117W,YLL050C,0,0.02017868,0.19167983531951904,0.3596837818622589,0.15368442237377167
YHR174W,YNL050C,0,0.020177446,0.1915789544582367,0.3596837818622589,0.15378454327583313
YIL171W,YPR009W,0,0.020156614,0.1914781630039215,0.3596837818622589,0.1538846641778946
YPL221W,YOL027C,1,0.020151705,0.1919032633304596,0.3606719374656677,0.1538846641778946
YOL110W,YDR050C,0,0.020142794,0.19180241227149963,0.3606719374656677,0.15398478507995605
YMR089C,YOR044W,0,0.020136166,0.19170168042182922,0.3606719374656677,0.15408490598201752
YKL011C,YJR139C,0,0.02013534,0.19160105288028717,0.3606719374656677,0.15418502688407898
YOR292C,YDR195W,0,0.020133754,0.19150052964687347,0.3606719374656677,0.15428514778614044
YOR295W,YJL156C,0,0.020133473,0.19140011072158813,0.3606719374656677,0.1543852686882019
YHR164C,YBR037C,0,0.02013037,0.19129979610443115,0.3606719374656677,0.15448538959026337
YKL107W,YIL020C,0,0.020117614,0.19119958579540253,0.3606719374656677,0.15458549559116364
YLR113W,YJL090C,0,0.020108026,0.19109947979450226,0.3606719374656677,0.1546856164932251
YOR043W,YGR222W,0,0.020107366,0.19099947810173035,0.3606719374656677,0.15478573739528656
YIR033W,YDR240C,0,0.020106945,0.1908995807170868,0.3606719374656677,0.15488585829734802
YLR133W,YLL004W,0,0.020104755,0.1907997876405716,0.3606719374656677,0.15498597919940948
YER053C,YBL052C,0,0.020077337,0.19070009887218475,0.3606719374656677,0.15508610010147095
YGL174W,YNL131W,0,0.020072399,0.19060052931308746,0.3606719374656677,0.1551862210035324
YBL030C,YMR058W,1,0.02006697,0.19102296233177185,0.36166009306907654,0.1551862210035324
YDL222C,YNL069C,0,0.020062948,0.1909233182668686,0.36166009306907654,0.15528634190559387
YOR346W,YFL036W,0,0.020047843,0.1908237785100937,0.36166009306907654,0.15538646280765533
YDL066W,YOR017W,0,0.020044772,0.19072432816028595,0.36166009306907654,0.1554865837097168
YFR041C,YFR031C,0,0.020040894,0.19062499701976776,0.36166009306907654,0.15558670461177826
YGR191W,YHR039C-A,1,0.020035392,0.1910463273525238,0.36264821887016296,0.15558670461177826
YER052C,YMR180C,0,0.02002751,0.19094693660736084,0.36264821887016296,0.15568682551383972
YAR035W,YPL208W,0,0.020011406,0.19084763526916504,0.36264821887016296,0.15578694641590118
YDL165W,YDL025C,0,0.01998966,0.1907484382390976,0.36264821887016296,0.15588706731796265
YDL138W,YGL225W,0,0.019989464,0.1906493455171585,0.36264821887016296,0.1559871882200241
YJL125C,YPR023C,0,0.019986846,0.19055035710334778,0.36264821887016296,0.15608730912208557
YDL150W,YFL053W,0,0.019984981,0.1904514729976654,0.36264821887016296,0.15618743002414703
YML130C,YNL322C,0,0.01998042,0.1903526932001114,0.36264821887016296,0.1562875509262085
YER006W,YBR145W,0,0.019980125,0.19025401771068573,0.36264821887016296,0.15638767182826996
YPL036W,YPR067W,1,0.01998001,0.1906735748052597,0.3636363744735718,0.15638767182826996
YDR043C,YNL149C,0,0.019977532,0.19057482481002808,0.3636363744735718,0.15648779273033142
YNR006W,YDR060W,0,0.019974537,0.190476194024086,0.3636363744735718,0.1565878987312317
YNL229C,YKL091C,0,0.019968327,0.19037765264511108,0.3636363744735718,0.15668801963329315
YIL145C,YNL015W,0,0.019963976,0.19027921557426453,0.3636363744735718,0.15678814053535461
YEL065W,YBR295W,1,0.01995901,0.19069766998291016,0.3646245002746582,0.15678814053535461
YNL219C,YDR167W,0,0.019950815,0.19059917330741882,0.3646245002746582,0.15688826143741608
YML048W,YOR124C,0,0.019950066,0.19050078094005585,0.3646245002746582,0.15698838233947754
YJR126C,YGL251C,0,0.019947708,0.19040247797966003,0.3646245002746582,0.157088503241539
YOR087W,YOL152W,1,0.019939147,0.19082000851631165,0.365612655878067,0.157088503241539
YOR294W,YER088C,0,0.019937063,0.19072164595127106,0.365612655878067,0.15718862414360046
YMR060C,YPR030W,0,0.019934317,0.19062338769435883,0.365612655878067,0.15728874504566193
YOR217W,YGL089C,0,0.019926634,0.19052523374557495,0.365612655878067,0.1573888659477234
YBL004W,YPR032W,0,0.019923447,0.19042716920375824,0.365612655878067,0.15748898684978485
YKR028W,YHR081W,0,0.019919243,0.19032922387123108,0.365612655878067,0.1575891077518463
YHR115C,YJL085W,0,0.019913476,0.19023136794567108,0.365612655878067,0.15768922865390778
YLR369W,YAL012W,0,0.01991152,0.19013360142707825,0.365612655878067,0.15778934955596924
YML034W,YHR062C,0,0.019908048,0.19003595411777496,0.365612655878067,0.1578894704580307
YOR242C,YNL087W,0,0.019907903,0.18993839621543884,0.365612655878067,0.15798959136009216
YOR346W,YPR009W,0,0.019905552,0.18984094262123108,0.365612655878067,0.15808971226215363
YGL040C,YHL027W,0,0.019902136,0.18974359333515167,0.365612655878067,0.1581898331642151
YBR106W,YLR138W,1,0.019898465,0.1901588886976242,0.36660078167915344,0.1581898331642151
YBR298C,YJL203W,0,0.019890508,0.19006147980690002,0.36660078167915344,0.15828995406627655
YLR047C,YOR270C,1,0.019889683,0.190476194024086,0.36758893728256226,0.15828995406627655
YBR039W,YGL006W,1,0.01988889,0.19089047610759735,0.3685770630836487,0.15828995406627655
YGR023W,YOR219C,0,0.019886553,0.19079284369945526,0.3685770630836487,0.158390074968338
YOR178C,YHL047C,0,0.019885752,0.19069530069828033,0.3685770630836487,0.15849018096923828
YML121W,YOR251C,1,0.019872824,0.191108837723732,0.3695652186870575,0.15849018096923828
YGR068C,YDR155C,0,0.019872805,0.1910112351179123,0.3695652186870575,0.15859030187129974
YNL065W,YLR092W,1,0.019855313,0.1914241909980774,0.3705533742904663,0.15859030187129974
YNL265C,YJL122W,0,0.01984025,0.19132652878761292,0.3705533742904663,0.1586904227733612
YLR081W,YJL116C,0,0.019840188,0.1912289708852768,0.3705533742904663,0.15879054367542267
YPL084W,YNL047C,0,0.019835055,0.19113150238990784,0.3705533742904663,0.15889066457748413
YJR033C,YKL176C,0,0.01982177,0.19103413820266724,0.3705533742904663,0.1589907854795456
YBL091C-A,YJL159W,0,0.019820902,0.1909368634223938,0.3705533742904663,0.15909090638160706
YGL212W,YDL043C,0,0.019816335,0.19083969295024872,0.3705533742904663,0.15919102728366852
YBR035C,YFL002C,0,0.019814845,0.190742626786232,0.3705533742904663,0.15929114818572998
YIR032C,YJL102W,0,0.019814763,0.19064565002918243,0.3705533742904663,0.15939126908779144
YPL204W,YOL103W,0,0.019807093,0.19054877758026123,0.3705533742904663,0.1594913899898529
YMR308C,YKL198C,0,0.01980526,0.19045200943946838,0.3705533742904663,0.15959151089191437
YML025C,YFR046C,0,0.019802764,0.1903553307056427,0.3705533742904663,0.15969163179397583
YPR137W,YGL012W,0,0.019775417,0.19025875627994537,0.3705533742904663,0.1597917526960373
YOL077W-A,YDR298C,1,0.019772355,0.19066937267780304,0.37154150009155273,0.1597917526960373
YGR006W,YDR001C,0,0.019765846,0.19057273864746094,0.37154150009155273,0.15989187359809875
YLL051C,YBL103C,0,0.01976436,0.190476194024086,0.37154150009155273,0.15999199450016022
YJL094C,YOL130W,1,0.01975186,0.19088608026504517,0.37252965569496155,0.15999199450016022
YER069W,YJR140C,0,0.01975162,0.19078947603702545,0.37252965569496155,0.16009211540222168
YPL036W,YOR382W,1,0.01974662,0.19119878113269806,0.373517781496048,0.16009211540222168
YGL148W,YOR261C,0,0.019745693,0.19110211730003357,0.373517781496048,0.16019223630428314
YDR342C,YML058W,0,0.019744862,0.19100555777549744,0.373517781496048,0.1602923572063446
YNR006W,YIR008C,0,0.019741163,0.19090908765792847,0.373517781496048,0.16039247810840607
YLR406C,YDL075W,0,0.0197386,0.19081272184848785,0.373517781496048,0.16049258410930634
YDR362C,YEL002C,0,0.019737491,0.1907164454460144,0.373517781496048,0.1605927050113678
YDR532C,YNL311C,0,0.019734738,0.1906202733516693,0.373517781496048,0.16069282591342926
YMR052W,YGR056W,0,0.019731555,0.19052419066429138,0.373517781496048,0.16079294681549072
YOR273C,YPR020W,1,0.019719504,0.1909319907426834,0.3745059370994568,0.16079294681549072
YDR400W,YOR145C,0,0.019706607,0.1908358484506607,0.3745059370994568,0.16089306771755219
YPL051W,YKL035W,0,0.019704899,0.19073981046676636,0.3745059370994568,0.16099318861961365
YGL020C,YDR311W,0,0.019680547,0.19064386188983917,0.3745059370994568,0.1610933095216751
YIR003W,YNL308C,0,0.01967685,0.19054801762104034,0.3745059370994568,0.16119343042373657
YGL245W,YNR031C,0,0.019676022,0.19045226275920868,0.3745059370994568,0.16129355132579803
YGL163C,YNL299W,0,0.01967208,0.19035659730434418,0.3745059370994568,0.1613936722278595
YJR060W,YBL030C,0,0.01966693,0.19026105105876923,0.3745059370994568,0.16149379312992096
YPR178W,YPL232W,0,0.019659817,0.19016557931900024,0.3745059370994568,0.16159391403198242
YDR291W,YMR016C,0,0.01965176,0.19007021188735962,0.3745059370994568,0.16169403493404388
YDR031W,YKL146W,0,0.01964765,0.18997493386268616,0.3745059370994568,0.16179415583610535
YGL084C,YDR498C,0,0.019647062,0.18987976014614105,0.3745059370994568,0.1618942767381668
YIL121W,YOR180C,0,0.01964544,0.1897846758365631,0.3745059370994568,0.16199439764022827
YML123C,YPL265W,1,0.019641198,0.19019019603729248,0.3754940629005432,0.16199439764022827
YPL042C,YNL002C,0,0.01963503,0.19009505212306976,0.3754940629005432,0.16209451854228973
YJL192C,YPL065W,0,0.019629966,0.1899999976158142,0.3754940629005432,0.1621946394443512
YPL053C,YKR039W,0,0.019629275,0.189905047416687,0.3754940629005432,0.16229476034641266
YPR135W,YPR186C,0,0.01961936,0.18981018662452698,0.3754940629005432,0.16239488124847412
YKR039W,YDL216C,0,0.019619174,0.1897154301404953,0.3754940629005432,0.1624949872493744
YGL021W,YDR219C,0,0.019614287,0.1896207630634308,0.3754940629005432,0.16259510815143585
YDR415C,YJR082C,0,0.019607823,0.18952618539333344,0.3754940629005432,0.16269522905349731
YPL164C,YBR012W-B,0,0.019606527,0.18943171203136444,0.3754940629005432,0.16279534995555878
YIL134W,YCR068W,0,0.019597169,0.18933731317520142,0.3754940629005432,0.16289547085762024
YLL009C,YGR065C,1,0.019574868,0.18974103033542633,0.376482218503952,0.16289547085762024
YKL112W,YPL024W,0,0.019569434,0.18964658677577972,0.376482218503952,0.1629955917596817
YER110C,YDL128W,0,0.019567836,0.18955223262310028,0.376482218503952,0.16309571266174316
YOR209C,YLR203C,0,0.019567464,0.1894579827785492,0.376482218503952,0.16319583356380463
YIL079C,YKL119C,0,0.019559141,0.18936382234096527,0.376482218503952,0.1632959544658661
YOL089C,YNL309W,0,0.019552512,0.1892697513103485,0.376482218503952,0.16339607536792755
YMR013C,YKR054C,0,0.019535154,0.1891757696866989,0.376482218503952,0.163496196269989
YER008C,YNL153C,0,0.01953207,0.18908189237117767,0.376482218503952,0.16359631717205048
YDR142C,YER048W-A,0,0.019530207,0.1889880895614624,0.376482218503952,0.16369643807411194
YJL052W,YLR378C,0,0.019526113,0.1888943910598755,0.376482218503952,0.1637965589761734
YOL148C,YMR143W,0,0.019522652,0.18880079686641693,0.376482218503952,0.16389667987823486
YOR084W,YAL010C,0,0.019520612,0.18870727717876434,0.376482218503952,0.16399680078029633
YOR306C,YLR071C,0,0.019517995,0.1886138617992401,0.376482218503952,0.1640969216823578
YGL250W,YKL130C,0,0.01951107,0.18852053582668304,0.376482218503952,0.16419704258441925
YOL122C,YCR024C-A,1,0.019502088,0.18892185389995575,0.37747034430503845,0.16419704258441925
YGL179C,YOR106W,0,0.019499745,0.1888284683227539,0.37747034430503845,0.1642971634864807
YLL043W,YPR200C,0,0.01949054,0.18873517215251923,0.37747034430503845,0.16439726948738098
YKL038W,YDL104C,0,0.019489247,0.1886419802904129,0.37747034430503845,0.16449739038944244
YLR042C,YGL121C,0,0.019479496,0.18854886293411255,0.37747034430503845,0.1645975112915039
YLL002W,YPL128C,0,0.019470736,0.18845584988594055,0.37747034430503845,0.16469763219356537
YJL164C,YDL110C,0,0.01946624,0.18836292624473572,0.37747034430503845,0.16479775309562683
YGR157W,YOL142W,0,0.019464396,0.18827007710933685,0.37747034430503845,0.1648978739976883
YNL327W,YBR202W,0,0.019455248,0.18817734718322754,0.37747034430503845,0.16499799489974976
YKR010C,YDR062W,0,0.019442825,0.1880846917629242,0.37747034430503845,0.16509811580181122
YGR185C,YJR113C,0,0.019435376,0.187992125749588,0.37747034430503845,0.16519823670387268
YLL028W,YOR369C,0,0.01941313,0.187899649143219,0.37747034430503845,0.16529835760593414
YMR067C,YER161C,0,0.01940728,0.18780727684497833,0.37747034430503845,0.1653984785079956
YLR003C,YJR021C,0,0.01940721,0.18771499395370483,0.37747034430503845,0.16549859941005707
YDR364C,YEL056W,0,0.019383565,0.1876227855682373,0.37747034430503845,0.16559872031211853
YGR105W,YLR079W,0,0.01938224,0.18753068149089813,0.37747034430503845,0.16569884121418
YDR356W,YKL065C,0,0.019357435,0.18743866682052612,0.37747034430503845,0.16579896211624146
YLL013C,YNL259C,0,0.019349463,0.18734674155712128,0.37747034430503845,0.16589908301830292
YDR353W,YMR024W,0,0.019348614,0.1872549057006836,0.37747034430503845,0.16599920392036438
YPL007C,YHL024W,0,0.019347448,0.18716315925121307,0.37747034430503845,0.16609932482242584
YJR083C,YOL034W,0,0.019342113,0.18707150220870972,0.37747034430503845,0.1661994457244873
YOR176W,YLR295C,0,0.019339446,0.18697993457317352,0.37747034430503845,0.16629956662654877
YLR130C,YBR207W,1,0.019333776,0.1873776912689209,0.37845849990844727,0.16629956662654877
YOL062C,YAL054C,0,0.0193159,0.18728606402873993,0.37845849990844727,0.16639967262744904
YOR360C,YPL159C,0,0.019304212,0.18719452619552612,0.37845849990844727,0.1664997935295105
YNL238W,YOL123W,0,0.019296523,0.18710307776927948,0.37845849990844727,0.16659991443157196
YPL202C,YOR215C,0,0.019296203,0.18701171875,0.37845849990844727,0.16670003533363342
YBR207W,YER183C,0,0.01929563,0.18692044913768768,0.37845849990844727,0.16680015623569489
YLR467W,YNR010W,0,0.019295458,0.18682926893234253,0.37845849990844727,0.16690027713775635
YLR459W,YOL139C,0,0.019294824,0.18673817813396454,0.37845849990844727,0.1670003980398178
YLL051C,YDL185W,1,0.019290384,0.1871345043182373,0.3794466257095337,0.1670003980398178
YDR050C,YLR286C,0,0.019288138,0.18704335391521454,0.3794466257095337,0.16710051894187927
YOR304W,YDL058W,0,0.019284502,0.18695229291915894,0.3794466257095337,0.16720063984394073
YGR002C,YNL107W,0,0.01928437,0.1868613064289093,0.3794466257095337,0.1673007607460022
YGR220C,YIL017C,0,0.019270867,0.18677042424678802,0.3794466257095337,0.16740088164806366
YOL093W,YLR045C,0,0.01926556,0.1866796314716339,0.3794466257095337,0.16750100255012512
YPR066W,YPR151C,0,0.019251097,0.18658892810344696,0.3794466257095337,0.16760112345218658
YKL042W,YBL042C,0,0.019245883,0.18649829924106598,0.3794466257095337,0.16770124435424805
YNL015W,YLR145W,0,0.019245401,0.18640775978565216,0.3794466257095337,0.1678013652563095
YKL213C,YMR123W,0,0.0192407,0.1863173246383667,0.3794466257095337,0.16790148615837097
YER099C,YOR044W,0,0.019240137,0.1862269639968872,0.3794466257095337,0.16800160706043243
YPL031C,YJL164C,0,0.01923776,0.18613669276237488,0.3794466257095337,0.1681017279624939
YDL217C,YDR353W,0,0.0192347,0.1860465109348297,0.3794466257095337,0.16820184886455536
YMR304W,YNL252C,0,0.019231185,0.1859564185142517,0.3794466257095337,0.16830196976661682
YBL078C,YKR038C,0,0.01922132,0.18586641550064087,0.3794466257095337,0.1684020757675171
YPR021C,YPR003C,1,0.01919993,0.18626028299331665,0.3804347813129425,0.1684020757675171
YEL070W,YER131W,0,0.019184904,0.18617020547389984,0.3804347813129425,0.16850219666957855
YOR071C,YGL255W,1,0.019183807,0.18656355142593384,0.3814229369163513,0.16850219666957855
YDR418W,YNL209W,0,0.019178092,0.18647342920303345,0.3814229369163513,0.16860231757164001
YLR298C,YGR056W,0,0.019175056,0.18638339638710022,0.3814229369163513,0.16870243847370148
YML064C,YER049W,0,0.019171607,0.18629343807697296,0.3814229369163513,0.16880255937576294
YCR098C,YGL167C,1,0.019167766,0.1866859644651413,0.38241106271743774,0.16880255937576294
YLR096W,YOR327C,0,0.019161576,0.18659594655036926,0.38241106271743774,0.1689026802778244
YCR010C,YBR037C,1,0.019146606,0.1869879513978958,0.38339921832084656,0.1689026802778244
YOR306C,YLR138W,1,0.019144863,0.18737956881523132,0.384387344121933,0.1689026802778244
YNR002C,YPR140W,0,0.019139796,0.18728935718536377,0.384387344121933,0.16900280117988586
YIR015W,YDL006W,0,0.019137796,0.18719923496246338,0.384387344121933,0.16910292208194733
YDL054C,YKR105C,0,0.019137397,0.18710918724536896,0.384387344121933,0.1692030429840088
YMR203W,YJR095W,1,0.019133601,0.1875,0.3853754997253418,0.1692030429840088
YDR088C,YMR244C-A,0,0.019124757,0.1874098926782608,0.3853754997253418,0.16930316388607025
YOR273C,YDR040C,1,0.019123517,0.18780019879341125,0.3863636255264282,0.16930316388607025
YMR121C,YBR296C,0,0.019123327,0.18771003186702728,0.3863636255264282,0.1694032847881317
YML071C,YML046W,0,0.019122701,0.18761995434761047,0.3863636255264282,0.16950340569019318
YLR372W,YAL016W,0,0.01911525,0.18752998113632202,0.3863636255264282,0.16960352659225464
YOL040C,YJR094W-A,0,0.01911056,0.18744008243083954,0.3863636255264282,0.1697036474943161
YGR257C,YKL165C,1,0.019108774,0.1878294199705124,0.38735178112983704,0.1697036474943161
YLR270W,YJR040W,0,0.019101735,0.18773946166038513,0.38735178112983704,0.16980376839637756
YLR305C,YML071C,0,0.019096028,0.18764959275722504,0.38735178112983704,0.16990388929843903
YJL106W,YJL024C,0,0.01908471,0.1875598132610321,0.38735178112983704,0.1700040102005005
YGR109C,YER061C,0,0.019081686,0.18747010827064514,0.38735178112983704,0.17010413110256195
YLR355C,YBL084C,0,0.019080985,0.18738049268722534,0.38735178112983704,0.1702042520046234
YJR058C,YMR136W,0,0.019074326,0.1872909665107727,0.38735178112983704,0.17030435800552368
YNR013C,YCR024C-A,1,0.019069877,0.18767908215522766,0.38833990693092346,0.17030435800552368
YER185W,YCR075C,1,0.01906259,0.18806682527065277,0.3893280625343323,0.17030435800552368
YMR301C,YBR290W,1,0.019053612,0.18845419585704803,0.3903162181377411,0.17030435800552368
YCR026C,YDR302W,0,0.01905323,0.18836432695388794,0.3903162181377411,0.17040447890758514
YFL018C,YOR301W,0,0.019038709,0.188274547457695,0.3903162181377411,0.1705045998096466
YPL051W,YLR246W,0,0.019032028,0.18818485736846924,0.3903162181377411,0.17060472071170807
YPL256C,YDR069C,0,0.019025195,0.18809524178504944,0.3903162181377411,0.17070484161376953
YGL141W,YDL065C,0,0.019023087,0.1880057156085968,0.3903162181377411,0.170804962515831
YJR121W,YPL012W,0,0.019007152,0.18791626393795013,0.3903162181377411,0.17090508341789246
YPL028W,YMR075W,0,0.019005861,0.18782691657543182,0.3903162181377411,0.17100520431995392
YLL062C,YHR152W,0,0.01900397,0.18773764371871948,0.3903162181377411,0.17110532522201538
YER055C,YOR061W,0,0.018999875,0.1876484602689743,0.3903162181377411,0.17120544612407684
YDR363W-A,YNL206C,0,0.01899616,0.1875593513250351,0.3903162181377411,0.1713055670261383
YNL101W,YDR383C,0,0.018992748,0.18747033178806305,0.3903162181377411,0.17140568792819977
YOR294W,YHR164C,0,0.01898853,0.18738140165805817,0.3903162181377411,0.17150580883026123
YPR149W,YLR380W,0,0.018981079,0.18729256093502045,0.3903162181377411,0.1716059297323227
YCL066W,YLR148W,0,0.01897287,0.1872037947177887,0.3903162181377411,0.17170605063438416
YLL009C,YHL040C,1,0.018966014,0.18758882582187653,0.3913043439388275,0.17170605063438416
YBL039C,YLR424W,0,0.018956315,0.1875,0.3913043439388275,0.17180617153644562
YDR294C,YKL113C,0,0.018954568,0.18741126358509064,0.3913043439388275,0.17190629243850708
YGL163C,YEL037C,0,0.01894775,0.18732261657714844,0.3913043439388275,0.17200641334056854
YMR223W,YHR065C,0,0.018944021,0.1872340440750122,0.3913043439388275,0.17210653424263
YJL056C,YGR047C,0,0.018939665,0.18714556097984314,0.3913043439388275,0.17220665514469147
YDL028C,YPL246C,0,0.018936425,0.18705715239048004,0.3913043439388275,0.17230676114559174
YGL255W,YGR234W,0,0.018936297,0.1869688332080841,0.3913043439388275,0.1724068820476532
YGL059W,YDR137W,0,0.018925745,0.18688060343265533,0.3913043439388275,0.17250700294971466
YLL028W,YNR046W,0,0.018925745,0.18679244816303253,0.3913043439388275,0.17260712385177612
YPL183W-A,YDR253C,0,0.018914692,0.1867043823003769,0.3913043439388275,0.17270724475383759
YDL226C,YHR211W,0,0.018909462,0.18661640584468842,0.3913043439388275,0.17280736565589905
YMR306W,YHR102W,0,0.018909054,0.1865285038948059,0.3913043439388275,0.1729074865579605
YNL113W,YML071C,0,0.018899882,0.18644067645072937,0.3913043439388275,0.17300760746002197
YDR534C,YLR295C,1,0.018893505,0.1868235319852829,0.39229249954223633,0.17300760746002197
YGR239C,YLR330W,0,0.018886354,0.18673565983772278,0.39229249954223633,0.17310772836208344
YLR411W,YDR322C-A,1,0.018882291,0.18711800873279572,0.39328062534332275,0.17310772836208344
YHR171W,YCL026C-A,0,0.018880919,0.18703007698059082,0.39328062534332275,0.1732078492641449
YJR077C,YMR058W,1,0.018876463,0.18741193413734436,0.39426878094673157,0.1732078492641449
YCR037C,YBR037C,1,0.018870728,0.18779343366622925,0.395256906747818,0.1732078492641449
YDR298C,YCR024C-A,1,0.018864874,0.1881745606660843,0.3962450623512268,0.1732078492641449
YNL212W,YIR022W,0,0.01886085,0.18808630108833313,0.3962450623512268,0.17330797016620636
YKL186C,YDL227C,0,0.018846054,0.18799813091754913,0.3962450623512268,0.17340809106826782
YIL117C,YBR104W,0,0.018845852,0.1879100352525711,0.3962450623512268,0.17350821197032928
YBR079C,YLL017W,0,0.018839715,0.18782201409339905,0.3962450623512268,0.17360833287239075
YNR011C,YLR079W,0,0.018839166,0.18773408234119415,0.3962450623512268,0.1737084537744522
YDR456W,YNR061C,0,0.018831097,0.18764623999595642,0.3962450623512268,0.17380857467651367
YLR069C,YGL236C,0,0.018820133,0.18755847215652466,0.3962450623512268,0.17390869557857513
YDR454C,YOL088C,0,0.018814664,0.18747077882289886,0.3962450623512268,0.1740088164806366
YNL297C,YNL275W,0,0.01881449,0.18738317489624023,0.3962450623512268,0.17410893738269806
YPL064C,YBR245C,0,0.018796815,0.18729566037654877,0.3962450623512268,0.17420905828475952
YKR050W,YOR383C,1,0.018792875,0.18767507374286652,0.39723318815231323,0.17420905828475952
YDR484W,YDL225W,0,0.018792808,0.18758749961853027,0.39723318815231323,0.1743091642856598
YOL107W,YOR324C,0,0.018786885,0.1875,0.39723318815231323,0.17440928518772125
YPR135W,YBR030W,0,0.01877494,0.1874125897884369,0.39723318815231323,0.17450940608978271
YJL159W,YDR331W,0,0.018771265,0.18732525408267975,0.39723318815231323,0.17460952699184418
YDL033C,YGL009C,0,0.018762037,0.18723800778388977,0.39723318815231323,0.17470964789390564
YAL016W,YNL102W,0,0.0187417,0.18715083599090576,0.39723318815231323,0.1748097687959671
YOR035C,YJR083C,0,0.018738436,0.18706375360488892,0.39723318815231323,0.17490988969802856
YOL045W,YHR187W,0,0.018710298,0.18697674572467804,0.39723318815231323,0.17501001060009003
YPR156C,YOR383C,1,0.01870966,0.18735471367835999,0.39822134375572205,0.17501001060009003
YJL030W,YKL201C,0,0.018709192,0.18726766109466553,0.39822134375572205,0.1751101315021515
YOR283W,YDL079C,0,0.018708922,0.18718068301677704,0.39822134375572205,0.17521025240421295
YLR210W,YNL257C,0,0.018707007,0.18709377944469452,0.39822134375572205,0.17531037330627441
YOR382W,YDR296W,0,0.01870671,0.18700696527957916,0.39822134375572205,0.17541049420833588
YPL159C,YLL036C,0,0.018704114,0.18692022562026978,0.39822134375572205,0.17551061511039734
YDR349C,YFL057C,0,0.018701997,0.18683356046676636,0.39822134375572205,0.1756107360124588
YDR410C,YGR155W,0,0.01869925,0.1867469847202301,0.39822134375572205,0.17571085691452026
YDR171W,YIL150C,0,0.018692281,0.186660498380661,0.39822134375572205,0.17581097781658173
YCR028C-A,YHR191C,0,0.018692274,0.1865740716457367,0.39822134375572205,0.1759110987186432
YMR177W,YDR040C,1,0.018687483,0.18695048987865448,0.39920949935913086,0.1759110987186432
YLR226W,YBR201W,0,0.018686892,0.18686401844024658,0.39920949935913086,0.17601121962070465
YLR204W,YBL055C,0,0.018684627,0.18677762150764465,0.39920949935913086,0.1761113405227661
YBR012W-A,YJR025C,0,0.018659022,0.1866913139820099,0.39920949935913086,0.17621144652366638
YGL019W,YLR160C,0,0.018655982,0.1866050809621811,0.39920949935913086,0.17631156742572784
YPR181C,YDR151C,0,0.018649187,0.18651892244815826,0.39920949935913086,0.1764116883277893
YFL047W,YGR218W,0,0.018648103,0.1864328533411026,0.39920949935913086,0.17651180922985077
YOR005C,YJL090C,0,0.018644404,0.1863468587398529,0.39920949935913086,0.17661193013191223
YKL144C,YPL020C,0,0.018641151,0.18626095354557037,0.39920949935913086,0.1767120510339737
YJR036C,YDL021W,0,0.018630119,0.18617510795593262,0.39920949935913086,0.17681217193603516
YIL103W,YGL012W,0,0.0186238,0.18608936667442322,0.39920949935913086,0.17691229283809662
YPL283C,YDL020C,0,0.018609531,0.1860036849975586,0.39920949935913086,0.17701241374015808
YBR297W,YMR271C,0,0.01859555,0.18591809272766113,0.39920949935913086,0.17711253464221954
YDR487C,YPL046C,0,0.018584237,0.18583256006240845,0.39920949935913086,0.177212655544281
YBR152W,YCR075C,0,0.018583065,0.18574713170528412,0.39920949935913086,0.17731277644634247
YBR171W,YBR228W,0,0.018581763,0.18566176295280457,0.39920949935913086,0.17741289734840393
YLR399C,YOR375C,0,0.01857854,0.18557648360729218,0.39920949935913086,0.1775130182504654
YNL073W,YPL228W,0,0.018569361,0.18549127876758575,0.39920949935913086,0.17761313915252686
YGR023W,YOR391C,0,0.01856405,0.1854061484336853,0.39920949935913086,0.17771326005458832
YPL227C,YDR076W,0,0.018560836,0.18532110750675201,0.39920949935913086,0.17781338095664978
YHR175W,YML123C,1,0.018554403,0.1856946349143982,0.4001976251602173,0.17781338095664978
YDR109C,YNL071W,0,0.018549617,0.18560953438282013,0.4001976251602173,0.17791350185871124
YGL175C,YPR152C,0,0.018547526,0.18552450835704803,0.4001976251602173,0.1780136227607727
YLL009C,YBR087W,0,0.018538438,0.1854395568370819,0.4001976251602173,0.17811374366283417
YCR098C,YPR128C,1,0.018534359,0.1858123540878296,0.4011857807636261,0.17811374366283417
YPL231W,YBR001C,0,0.018528668,0.18572735786437988,0.4011857807636261,0.17821384966373444
YDL190C,YIL103W,0,0.018521529,0.18564243614673615,0.4011857807636261,0.1783139705657959
YNL085W,YCR060W,0,0.018519305,0.18555758893489838,0.4011857807636261,0.17841409146785736
YPR160W,YGR109C,0,0.01851853,0.18547281622886658,0.4011857807636261,0.17851421236991882
YJR155W,YDR158W,0,0.01851613,0.18538813292980194,0.4011857807636261,0.17861433327198029
YFL038C,YKL116C,0,0.018514048,0.18530350923538208,0.4011857807636261,0.17871445417404175
YPL016W,YLR342W,0,0.018512527,0.18521897494792938,0.4011857807636261,0.1788145750761032
YIL103W,YPR002W,0,0.01850874,0.18513451516628265,0.4011857807636261,0.17891469597816467
YCR010C,YDL100C,1,0.018503888,0.1855059266090393,0.4021739065647125,0.17891469597816467
YGL206C,YJR053W,0,0.018496133,0.1854214072227478,0.4021739065647125,0.17901481688022614
YOR159C,YHL022C,0,0.018488128,0.18533697724342346,0.4021739065647125,0.1791149377822876
YER050C,YDR079C-A,0,0.0184829,0.1852526217699051,0.4021739065647125,0.17921505868434906
YDL231C,YOR206W,0,0.018476628,0.1851683408021927,0.4021739065647125,0.17931517958641052
YPR023C,YPL087W,0,0.018465407,0.18508413434028625,0.4021739065647125,0.17941530048847198
YML014W,YAR027W,0,0.018462306,0.1850000023841858,0.4021739065647125,0.17951542139053345
YNL244C,YER144C,0,0.01845922,0.1849159449338913,0.4021739065647125,0.1796155422925949
YLR348C,YKL080W,1,0.018455122,0.18528610467910767,0.40316206216812134,0.1796155422925949
YGL212W,YIL074C,0,0.0184528,0.1852020025253296,0.40316206216812134,0.17971566319465637
YLR048W,YOR327C,0,0.018437754,0.1851179599761963,0.40316206216812134,0.17981578409671783
YOR367W,YGL083W,0,0.0184272,0.18503400683403015,0.40316206216812134,0.1799159049987793
YLR291C,YKR014C,0,0.0184264,0.18495014309883118,0.40316206216812134,0.18001602590084076
YML112W,YEL002C,0,0.018425995,0.18486633896827698,0.40316206216812134,0.18011614680290222
YPR022C,YGR106C,0,0.01842575,0.18478260934352875,0.40316206216812134,0.1802162528038025
YOR216C,YDR214W,0,0.01841018,0.1846989542245865,0.40316206216812134,0.18031637370586395
YMR292W,YBR133C,0,0.01840904,0.1846153885126114,0.40316206216812134,0.18041649460792542
YGL168W,YDR314C,0,0.018398864,0.18453188240528107,0.40316206216812134,0.18051661550998688
YER052C,YBR105C,0,0.018396325,0.1844484657049179,0.40316206216812134,0.18061673641204834
YNR002C,YJR101W,0,0.018391881,0.18436510860919952,0.40316206216812134,0.1807168573141098
YLR164W,YCR071C,0,0.0183883,0.1842818409204483,0.40316206216812134,0.18081697821617126
YBR095C,YLR207W,0,0.018385392,0.18419864773750305,0.40316206216812134,0.18091709911823273
YDL017W,YMR200W,0,0.018350791,0.18411552906036377,0.40316206216812134,0.1810172200202942
YOR329C,YGL184C,0,0.018328521,0.18403246998786926,0.40316206216812134,0.18111734092235565
YGL166W,YNL289W,0,0.018318255,0.18394950032234192,0.40316206216812134,0.18121746182441711
YOL005C,YGR121C,0,0.018315993,0.18386660516262054,0.40316206216812134,0.18131758272647858
YMR070W,YDL017W,0,0.018313272,0.18378378450870514,0.40316206216812134,0.18141770362854004
YMR231W,YDL215C,0,0.018313214,0.1837010383605957,0.40316206216812134,0.1815178245306015
YDR380W,YBL090W,0,0.018306375,0.18361836671829224,0.40316206216812134,0.18161794543266296
YBR125C,YDR353W,0,0.01830073,0.18353576958179474,0.40316206216812134,0.18171806633472443
YLR002C,YDR358W,0,0.018285125,0.18345323204994202,0.40316206216812134,0.1818181872367859
YFL010W-A,YDL008W,0,0.01827869,0.18337078392505646,0.40316206216812134,0.18191830813884735
YDR173C,YJL108C,0,0.01826568,0.18328841030597687,0.40316206216812134,0.1820184290409088
YGL256W,YHR001W,0,0.018255536,0.18320611119270325,0.40316206216812134,0.18211853504180908
YLR121C,YLR110C,0,0.018254973,0.1831238716840744,0.40316206216812134,0.18221865594387054
YLR188W,YJR005W,0,0.018251427,0.18304172158241272,0.40316206216812134,0.182318776845932
YKL218C,YGL175C,0,0.018239865,0.182959645986557,0.40316206216812134,0.18241889774799347
YPR124W,YOR382W,1,0.018232739,0.183325856924057,0.40415018796920776,0.18241889774799347
YPR124W,YLR014C,0,0.018230133,0.18324372172355652,0.40415018796920776,0.18251901865005493
YOL100W,YHL004W,0,0.018219674,0.183161661028862,0.40415018796920776,0.1826191395521164
YML130C,YGR123C,0,0.018213829,0.18307967483997345,0.40415018796920776,0.18271926045417786
YPR113W,YFR046C,0,0.018211814,0.18299776315689087,0.40415018796920776,0.18281938135623932
YJL041W,YLL022C,0,0.018211052,0.18291592597961426,0.40415018796920776,0.18291950225830078
YOR303W,YML093W,0,0.018203994,0.18283414840698242,0.40415018796920776,0.18301962316036224
YGR278W,YDR424C,0,0.018199759,0.18275246024131775,0.40415018796920776,0.1831197440624237
YIL171W,YLR109W,0,0.018195365,0.18267083168029785,0.40415018796920776,0.18321986496448517
YIL015W,YBL098W,0,0.01819437,0.18258929252624512,0.40415018796920776,0.18331998586654663
YPR022C,YOR381W,0,0.01818951,0.18250781297683716,0.40415018796920776,0.1834201067686081
YLR336C,YDR332W,0,0.018189207,0.18242640793323517,0.40415018796920776,0.18352022767066956
YBR198C,YOL008W,0,0.018176835,0.18234507739543915,0.40415018796920776,0.18362034857273102
YJL207C,YDL005C,0,0.018152773,0.1822638213634491,0.40415018796920776,0.18372046947479248
YNL257C,YGR041W,0,0.018144993,0.18218262493610382,0.40415018796920776,0.18382059037685394
YJL036W,YPL086C,0,0.018139217,0.1821015179157257,0.40415018796920776,0.1839207112789154
YDR128W,YIL160C,0,0.01813778,0.18202047049999237,0.40415018796920776,0.18402083218097687
YMR056C,YAL041W,0,0.01813389,0.181939497590065,0.40415018796920776,0.18412093818187714
YLR109W,YLR008C,0,0.018131094,0.1818585991859436,0.40415018796920776,0.1842210590839386
YJR121W,YGR217W,1,0.01812838,0.18222221732139587,0.4051383435726166,0.1842210590839386
YLR106C,YBR097W,0,0.018128064,0.1821412742137909,0.4051383435726166,0.18432117998600006
YBR202W,YER154W,0,0.018121727,0.1820603907108307,0.4051383435726166,0.18442130088806152
YBR054W,YLL028W,1,0.018119872,0.1824234426021576,0.406126469373703,0.18442130088806152
YLR090W,YBR132C,0,0.01811944,0.1823424994945526,0.406126469373703,0.18452142179012299
YIL091C,YDL024C,0,0.01811175,0.1822616457939148,0.406126469373703,0.18462154269218445
YBL079W,YMR300C,0,0.018104928,0.18218085169792175,0.406126469373703,0.1847216635942459
YHR002W,YDR039C,1,0.01810092,0.18254320323467255,0.4071146249771118,0.1847216635942459
YKL183W,YKL216W,0,0.018098835,0.18246234953403473,0.4071146249771118,0.18482178449630737
YKL011C,YIL134W,0,0.018097304,0.18238158524036407,0.4071146249771118,0.18492190539836884
YPR137W,YLR025W,0,0.018094914,0.1823008805513382,0.4071146249771118,0.1850220263004303
YDR364C,YPR026W,0,0.018089741,0.1822202503681183,0.4071146249771118,0.18512214720249176
YCR021C,YHL016C,1,0.018089466,0.18258178234100342,0.40810278058052063,0.18512214720249176
YPL177C,YJL073W,0,0.018089376,0.18250110745429993,0.40810278058052063,0.18522226810455322
YCR042C,YGL012W,0,0.018082447,0.1824204921722412,0.40810278058052063,0.18532238900661469
YOR283W,YHR091C,0,0.018078178,0.18233995139598846,0.40810278058052063,0.18542250990867615
YJL002C,YFR046C,0,0.018074768,0.1822594851255417,0.40810278058052063,0.1855226308107376
YLR370C,YGR041W,0,0.01807222,0.18217909336090088,0.40810278058052063,0.18562275171279907
YDL143W,YGR014W,0,0.018071901,0.18209876120090485,0.40810278058052063,0.18572287261486053
YIL076W,YKL168C,0,0.018068733,0.18201850354671478,0.40810278058052063,0.185822993516922
YGL155W,YDL103C,0,0.018062081,0.1819383203983307,0.40810278058052063,0.18592311441898346
YDL171C,YGR008C,0,0.018050745,0.18185821175575256,0.40810278058052063,0.18602323532104492
YOR178C,YPL033C,0,0.018043462,0.1817781627178192,0.40810278058052063,0.1861233413219452
YLR219W,YGL051W,0,0.018041724,0.18169820308685303,0.40810278058052063,0.18622346222400665
YBL003C,YPR033C,0,0.018018013,0.18161828815937042,0.40810278058052063,0.18632358312606812
YIR002C,YPL078C,0,0.018010195,0.18153846263885498,0.40810278058052063,0.18642370402812958
YDR378C,YBR276C,0,0.018000266,0.18145869672298431,0.40810278058052063,0.18652382493019104
YBR204C,YOR188W,0,0.01799543,0.18137900531291962,0.40810278058052063,0.1866239458322525
YOL021C,YLR209C,0,0.017989438,0.1812993884086609,0.40810278058052063,0.18672406673431396
YJL214W,YOR344C,0,0.017988367,0.18121983110904694,0.40810278058052063,0.18682418763637543
YDR446W,YJR045C,0,0.017975023,0.18114034831523895,0.40810278058052063,0.1869243085384369
YNL003C,YLR138W,1,0.017969795,0.18149934709072113,0.40909090638160706,0.1869243085384369
YPL224C,YLR214W,1,0.01796611,0.18185801804065704,0.41007906198501587,0.1869243085384369
YNL262W,YNL125C,0,0.017962445,0.18177835643291473,0.41007906198501587,0.18702442944049835
YGR067C,YOL088C,0,0.01795657,0.1816987693309784,0.41007906198501587,0.18712455034255981
YCR087C-A,YDR473C,0,0.017954055,0.18161925673484802,0.41007906198501587,0.18722467124462128
YCR046C,YOL008W,0,0.017952919,0.18153980374336243,0.41007906198501587,0.18732479214668274
YIL128W,YOL064C,0,0.01794988,0.1814604252576828,0.41007906198501587,0.1874249130487442
YDR225W,YER141W,0,0.017948896,0.18138112127780914,0.41007906198501587,0.18752503395080566
YGR086C,YPR094W,0,0.017940981,0.18130187690258026,0.41007906198501587,0.18762515485286713
YLL019C,YOR389W,0,0.017930858,0.18122270703315735,0.41007906198501587,0.1877252757549286
YKR039W,YGL226C-A,0,0.017927628,0.1811436116695404,0.41007906198501587,0.18782539665699005
YNL055C,YMR177W,1,0.017904662,0.1815008670091629,0.4110671877861023,0.18782539665699005
YKL166C,YDR409W,0,0.017896239,0.18142171204090118,0.4110671877861023,0.1879255175590515
YAL003W,YGR008C,0,0.017891545,0.18134263157844543,0.4110671877861023,0.18802562355995178
YOR269W,YFL036W,0,0.017875807,0.18126361072063446,0.4110671877861023,0.18812574446201324
YLL050C,YMR145C,0,0.017872933,0.18118466436862946,0.4110671877861023,0.1882258653640747
YPL211W,YOR326W,0,0.017872281,0.18110579252243042,0.4110671877861023,0.18832598626613617
YHR030C,YLR330W,0,0.017867886,0.18102698028087616,0.4110671877861023,0.18842610716819763
YBR127C,YJL093C,1,0.017860916,0.18138320744037628,0.4120553433895111,0.18842610716819763
YOR079C,YPL078C,1,0.017860202,0.18173913657665253,0.41304346919059753,0.18842610716819763
YMR104C,YDL042C,0,0.017858706,0.18166014552116394,0.41304346919059753,0.1885262280702591
YIL065C,YFL031W,0,0.01785387,0.18158122897148132,0.41304346919059753,0.18862634897232056
YCR098C,YPR020W,1,0.017848497,0.1819366067647934,0.41403162479400635,0.18862634897232056
YKR008W,YMR297W,0,0.017837517,0.1818576455116272,0.41403162479400635,0.18872646987438202
YCR098C,YLL034C,0,0.017837051,0.18177874386310577,0.41403162479400635,0.18882659077644348
YJL209W,YKR013W,0,0.017836666,0.18169991672039032,0.41403162479400635,0.18892671167850494
YIL113W,YMR023C,0,0.017828226,0.18162114918231964,0.41403162479400635,0.1890268325805664
YOR123C,YOR116C,0,0.017819837,0.18154245615005493,0.41403162479400635,0.18912695348262787
YFR007W,YGL123W,0,0.01780792,0.1814638376235962,0.41403162479400635,0.18922707438468933
YPL160W,YJL157C,0,0.017805189,0.18138527870178223,0.41403162479400635,0.1893271952867508
YNL316C,YDL059C,0,0.017802866,0.18130679428577423,0.41403162479400635,0.18942731618881226
YDR320C-A,YOR297C,0,0.017793283,0.181228369474411,0.41403162479400635,0.18952743709087372
YLR340W,YMR271C,0,0.01778622,0.18115001916885376,0.41403162479400635,0.18962755799293518
YHR094C,YKL189W,0,0.017775074,0.18107174336910248,0.41403162479400635,0.18972767889499664
YDR429C,YOR033C,0,0.017774677,0.18099352717399597,0.41403162479400635,0.1898277997970581
YIR036C,YCL024W,0,0.017774256,0.18091537058353424,0.41403162479400635,0.18992792069911957
YKR009C,YNL044W,0,0.017773662,0.18083728849887848,0.41403162479400635,0.19002802670001984
YOL122C,YGR138C,1,0.017769009,0.18119068443775177,0.4150197505950928,0.19002802670001984
YIL143C,YFL038C,0,0.017763767,0.18111254274845123,0.4150197505950928,0.1901281476020813
YBR024W,YGR012W,0,0.017762993,0.18103447556495667,0.4150197505950928,0.19022826850414276
YGR257C,YNL003C,1,0.017762244,0.18138733506202698,0.4160079061985016,0.19022826850414276
YPR021C,YHR136C,1,0.017748691,0.18173988163471222,0.4169960618019104,0.19022826850414276
YFL053W,YKL042W,0,0.017742004,0.18166165053844452,0.4169960618019104,0.19032838940620422
YDR159W,YDR476C,0,0.017725863,0.1815834790468216,0.4169960618019104,0.19042851030826569
YHR140W,YER094C,0,0.017714879,0.18150538206100464,0.4169960618019104,0.19052863121032715
YPL079W,YER111C,0,0.017708845,0.18142734467983246,0.4169960618019104,0.1906287521123886
YMR150C,YLL051C,0,0.017698407,0.18134938180446625,0.4169960618019104,0.19072887301445007
YOR239W,YJL090C,0,0.017694375,0.1812714785337448,0.4169960618019104,0.19082899391651154
YOL021C,YJL024C,0,0.017675355,0.18119364976882935,0.4169960618019104,0.190929114818573
YLR139C,YGR288W,0,0.017668353,0.18111588060855865,0.4169960618019104,0.19102923572063446
YHR084W,YGL013C,0,0.017665997,0.18103818595409393,0.4169960618019104,0.19112935662269592
YKR086W,YER007W,0,0.017663935,0.180960550904274,0.4169960618019104,0.19122947752475739
YPR121W,YJL210W,0,0.01766298,0.18088299036026,0.4169960618019104,0.19132959842681885
YNL152W,YHR206W,0,0.01766288,0.1808054894208908,0.4169960618019104,0.1914297193288803
YIL066C,YIL140W,0,0.017658725,0.18072804808616638,0.4169960618019104,0.19152984023094177
YLR002C,YOR056C,0,0.017658263,0.18065068125724792,0.4169960618019104,0.19162996113300323
YLR329W,YNL012W,0,0.017649997,0.18057338893413544,0.4169960618019104,0.1917300820350647
YBL103C,YNL138W,0,0.017647803,0.18049615621566772,0.4169960618019104,0.19183020293712616
YER073W,YJR161C,0,0.017641008,0.1804189831018448,0.4169960618019104,0.19193030893802643
YDR207C,YDR494W,0,0.017635709,0.18034188449382782,0.4169960618019104,0.1920304298400879
YJR067C,YGL209W,0,0.017633077,0.18026484549045563,0.4169960618019104,0.19213055074214935
YNL115C,YJL210W,0,0.017628089,0.1801878809928894,0.4169960618019104,0.19223067164421082
YIR003W,YER171W,0,0.017627861,0.18011097609996796,0.4169960618019104,0.19233079254627228
YHR107C,YCR003W,0,0.017626565,0.18003413081169128,0.4169960618019104,0.19243091344833374
YPR190C,YAL024C,0,0.017626192,0.17995736002922058,0.4169960618019104,0.1925310343503952
YOR306C,YDL185W,1,0.017602114,0.18030691146850586,0.4179841876029968,0.1925310343503952
YHR077C,YKR024C,0,0.017601294,0.18023008108139038,0.4179841876029968,0.19263115525245667
YOR360C,YLR423C,0,0.017598242,0.18015332520008087,0.4179841876029968,0.19273127615451813
YEL065W,YCR098C,1,0.017595578,0.18050234019756317,0.41897234320640564,0.19273127615451813
YDR429C,YNR040W,0,0.017592825,0.1804255247116089,0.41897234320640564,0.1928313970565796
YOR368W,YDL202W,0,0.017592372,0.18034878373146057,0.41897234320640564,0.19293151795864105
YDL165W,YML129C,0,0.017585821,0.18027210235595703,0.41897234320640564,0.19303163886070251
YKR062W,YGR058W,0,0.017577073,0.18019549548625946,0.41897234320640564,0.19313175976276398
YJL198W,YER074W-A,0,0.017574191,0.18011894822120667,0.41897234320640564,0.19323188066482544
YGR163W,YDR307W,0,0.017568579,0.18004246056079865,0.41897234320640564,0.1933320015668869
YGR268C,YPL160W,0,0.017563824,0.1799660474061966,0.41897234320640564,0.19343212246894836
YDL239C,YBR026C,0,0.017561516,0.17988969385623932,0.41897234320640564,0.19353224337100983
YPL163C,YAR018C,0,0.017560769,0.17981339991092682,0.41897234320640564,0.1936323642730713
YHR207C,YJL124C,0,0.017557563,0.1797371804714203,0.41897234320640564,0.19373248517513275
YDL191W,YPL121C,0,0.017546386,0.17966102063655853,0.41897234320640564,0.1938326060771942
YNL256W,YJL210W,0,0.017544769,0.17958492040634155,0.41897234320640564,0.19393271207809448
YPR166C,YHR188C,0,0.017542727,0.17950889468193054,0.41897234320640564,0.19403283298015594
YNL259C,YIL023C,1,0.017537192,0.17985612154006958,0.41996046900749207,0.19403283298015594
YLR027C,YML113W,0,0.017531661,0.1797800362110138,0.41996046900749207,0.1941329538822174
YNL116W,YFL002C,0,0.017529182,0.17970401048660278,0.41996046900749207,0.19423307478427887
YBR229C,YBR172C,0,0.017518075,0.17962805926799774,0.41996046900749207,0.19433319568634033
YLR395C,YKL126W,0,0.01751648,0.17955218255519867,0.41996046900749207,0.1944333165884018
YML032C,YBR110W,0,0.017508633,0.17947635054588318,0.41996046900749207,0.19453343749046326
YLR238W,YGL017W,0,0.017505083,0.17940059304237366,0.41996046900749207,0.19463355839252472
YLR378C,YKL059C,0,0.017490506,0.1793248951435089,0.41996046900749207,0.19473367929458618
YPL274W,YHL034C,0,0.01748886,0.17924925684928894,0.41996046900749207,0.19483380019664764
YKL046C,YHL019C,0,0.017481757,0.17917369306087494,0.41996046900749207,0.1949339210987091
YJR130C,YPL266W,0,0.017471552,0.1790981888771057,0.41996046900749207,0.19503404200077057
YKR050W,YOR306C,1,0.01746232,0.17944397032260895,0.4209486246109009,0.19503404200077057
YNL122C,YML019W,0,0.017457906,0.17936842143535614,0.4209486246109009,0.19513416290283203
YNL307C,YOR377W,0,0.0174512,0.1792929321527481,0.4209486246109009,0.1952342838048935
YDR534C,YGL167C,1,0.017447315,0.17963819205760956,0.4219367504119873,0.1952342838048935
YBR273C,YNR045W,0,0.01744486,0.17956265807151794,0.4219367504119873,0.19533440470695496
YOR071C,YLR404W,0,0.017437033,0.1794871836900711,0.4219367504119873,0.19543452560901642
YFL047W,YDR373W,0,0.017432718,0.17941176891326904,0.4219367504119873,0.19553464651107788
YKL021C,YNL259C,0,0.0174235,0.17933641374111176,0.4219367504119873,0.19563476741313934
YDR371W,YGR218W,0,0.01742221,0.17926111817359924,0.4219367504119873,0.1957348883152008
YCR028C,YCR027C,1,0.017420188,0.17960554361343384,0.4229249060153961,0.1957348883152008
YMR186W,YHR211W,0,0.017416421,0.17953020334243774,0.4229249060153961,0.19583500921726227
YLR096W,YGL251C,0,0.017408717,0.17945492267608643,0.4229249060153961,0.19593511521816254
YDR356W,YGR105W,0,0.017407086,0.17937971651554108,0.4229249060153961,0.196035236120224
YNL259C,YOR271C,1,0.017398687,0.17972350120544434,0.42391303181648254,0.196035236120224
YOL122C,YOR271C,1,0.017398492,0.1800670027732849,0.42490118741989136,0.196035236120224
YOL005C,YJL104W,0,0.017395984,0.17999163269996643,0.42490118741989136,0.19613535702228546
YML054C,YLR386W,0,0.017393172,0.17991632223129272,0.42490118741989136,0.19623547792434692
YJR103W,YLR071C,0,0.017385393,0.1798410713672638,0.42490118741989136,0.1963355988264084
YGL150C,YDR255C,0,0.017377498,0.17976588010787964,0.42490118741989136,0.19643571972846985
YOR221C,YPL148C,0,0.01736132,0.17969076335430145,0.42490118741989136,0.1965358406305313
YKR035W-A,YNL312W,0,0.017360134,0.17961570620536804,0.42490118741989136,0.19663596153259277
YOL060C,YHR039C-A,0,0.01734682,0.1795407086610794,0.42490118741989136,0.19673608243465424
YPL212C,YER154W,0,0.01734326,0.17946577072143555,0.42490118741989136,0.1968362033367157
YER048C,YLR327C,0,0.017341893,0.17939090728759766,0.42490118741989136,0.19693632423877716
YBR080C,YHR211W,0,0.017332133,0.17931610345840454,0.42490118741989136,0.19703644514083862
YGR180C,YER027C,0,0.01732731,0.179241344332695,0.42490118741989136,0.19713656604290009
YML019W,YIL048W,0,0.01732245,0.17916665971279144,0.42490118741989136,0.19723668694496155
YOR369C,YLR074C,0,0.017320376,0.17909204959869385,0.42490118741989136,0.197336807847023
YDL146W,YDL103C,0,0.017318353,0.17901748418807983,0.42490118741989136,0.19743692874908447
YDR322W,YPL236C,0,0.017314313,0.1789429932832718,0.42490118741989136,0.19753704965114594
YAL009W,YJR026W,0,0.017311642,0.17886854708194733,0.42490118741989136,0.1976371705532074
YDL150W,YDR253C,0,0.017310109,0.17879417538642883,0.42490118741989136,0.19773729145526886
YKL165C,YHR076W,0,0.017300118,0.17871986329555511,0.42490118741989136,0.19783739745616913
YDL138W,YPL227C,0,0.017292777,0.17864561080932617,0.42490118741989136,0.1979375183582306
YNR073C,YPL212C,0,0.017290233,0.1785714328289032,0.42490118741989136,0.19803763926029205
YCR098C,YOL130W,1,0.017280396,0.17891241610050201,0.4258893132209778,0.19803763926029205
YHR005C-A,YDL130W,0,0.017280169,0.17883817851543427,0.4258893132209778,0.19813776016235352
YKR103W,YKR026C,0,0.01727641,0.1787640005350113,0.4258893132209778,0.19823788106441498
YLR440C,YKR059W,0,0.017272856,0.1786898821592331,0.4258893132209778,0.19833800196647644
YKR061W,YDR473C,0,0.017262679,0.17861583828926086,0.4258893132209778,0.1984381228685379
YBR275C,YOR201C,0,0.01725798,0.17854183912277222,0.4258893132209778,0.19853824377059937
YDR429C,YPL103C,0,0.017240975,0.17846791446208954,0.4258893132209778,0.19863836467266083
YLL055W,YNL075W,0,0.017239116,0.17839403450489044,0.4258893132209778,0.1987384855747223
YNR036C,YOR322C,0,0.017234905,0.17832022905349731,0.4258893132209778,0.19883860647678375
YER049W,YHL008C,0,0.01723171,0.17824648320674896,0.4258893132209778,0.19893872737884521
YLR197W,YLL012W,0,0.017228225,0.17817279696464539,0.4258893132209778,0.19903884828090668
YCR071C,YHR066W,0,0.01722506,0.17809917032718658,0.4258893132209778,0.19913896918296814
YLR086W,YBL017C,0,0.017210454,0.17802560329437256,0.4258893132209778,0.1992390900850296
YMR203W,YOR306C,1,0.017202282,0.17836499214172363,0.4268774688243866,0.1992390900850296
YGL174W,YNL014W,0,0.0172013,0.17829138040542603,0.4268774688243866,0.19933921098709106
YDL239C,YPL180W,0,0.017198082,0.1782178282737732,0.4268774688243866,0.19943933188915253
YKR050W,YHR066W,0,0.017195825,0.17814433574676514,0.4268774688243866,0.199539452791214
YHR196W,YKL164C,0,0.017195128,0.17807090282440186,0.4268774688243866,0.19963957369327545
YML042W,YCR046C,0,0.017188333,0.17799752950668335,0.4268774688243866,0.19973969459533691
YDR540C,YMR099C,0,0.017183555,0.17792421579360962,0.4268774688243866,0.19983980059623718
YCR017C,YEL050C,0,0.01717351,0.17785096168518066,0.4268774688243866,0.19993992149829865
YNL252C,YLR086W,0,0.017171308,0.17777778208255768,0.4268774688243866,0.2000400424003601
YNL153C,YER022W,0,0.01716884,0.17770464718341827,0.4268774688243866,0.20014016330242157
YMR114C,YMR246W,0,0.017163832,0.17763157188892365,0.4268774688243866,0.20024028420448303
YJL159W,YLL050C,0,0.01716185,0.17755857110023499,0.4268774688243866,0.2003404051065445
YLR310C,YGR105W,0,0.017160699,0.1774856150150299,0.4268774688243866,0.20044052600860596
YOL138C,YGR035C,0,0.017157272,0.1774127334356308,0.4268774688243866,0.20054064691066742
YOR058C,YDL036C,0,0.01714873,0.17733989655971527,0.4268774688243866,0.20064076781272888
YNR004W,YOR353C,0,0.017144969,0.1772671341896057,0.4268774688243866,0.20074088871479034
YBR097W,YER119C,0,0.017112505,0.17719441652297974,0.4268774688243866,0.2008410096168518
YKR029C,YLR209C,0,0.017105905,0.17712177336215973,0.4268774688243866,0.20094113051891327
YDR050C,YCR096C,0,0.01710239,0.1770491749048233,0.4268774688243866,0.20104125142097473
YIL061C,YOR153W,0,0.017086186,0.17697665095329285,0.4268774688243866,0.2011413723230362
YCR046C,YGR227W,0,0.017084308,0.17690417170524597,0.4268774688243866,0.20124149322509766
YOR221C,YKL067W,0,0.01708065,0.17683176696300507,0.4268774688243866,0.20134161412715912
YMR269W,YDL227C,0,0.01707943,0.17675940692424774,0.4268774688243866,0.20144173502922058
YCL010C,YIL017C,0,0.017070975,0.1766871213912964,0.4268774688243866,0.20154185593128204
YNL202W,YMR168C,0,0.017069342,0.1766148805618286,0.4268774688243866,0.2016419768333435
YKL175W,YKL016C,1,0.01706868,0.1769513636827469,0.4278656244277954,0.2016419768333435
YAL055W,YML111W,0,0.017063756,0.17687907814979553,0.4278656244277954,0.20174209773540497
YNL264C,YDR117C,0,0.017044414,0.17680686712265015,0.4278656244277954,0.20184220373630524
YER074W-A,YML093W,0,0.01704435,0.17673470079898834,0.4278656244277954,0.2019423246383667
YOL021C,YPL213W,0,0.017036559,0.1766625940799713,0.4278656244277954,0.20204244554042816
YPL122C,YNL281W,0,0.017017767,0.17659053206443787,0.4278656244277954,0.20214256644248962
YMR026C,YHR057C,0,0.017014988,0.1765185445547104,0.4278656244277954,0.2022426873445511
YJR044C,YJL072C,0,0.017006569,0.17644661664962769,0.4278656244277954,0.20234280824661255
YOR275C,YFL002C,0,0.016999844,0.17637474834918976,0.4278656244277954,0.202442929148674
YNL222W,YNL330C,0,0.016990155,0.1763029247522354,0.4278656244277954,0.20254305005073547
YDR099W,YOR284W,0,0.01698652,0.17623117566108704,0.4278656244277954,0.20264317095279694
YDR059C,YKR001C,0,0.01697456,0.17615948617458344,0.4278656244277954,0.2027432918548584
YDL168W,YDR174W,0,0.016974472,0.17608784139156342,0.4278656244277954,0.20284341275691986
YJR155W,YBR164C,0,0.016967466,0.17601625621318817,0.4278656244277954,0.20294353365898132
YOL158C,YCR075C,1,0.016967285,0.17635107040405273,0.42885375022888184,0.20294353365898132
YDL210W,YDR405W,0,0.016962387,0.1762794405221939,0.42885375022888184,0.20304365456104279
YDR494W,YGL226C-A,0,0.01695941,0.17620787024497986,0.42885375022888184,0.20314377546310425
YBR286W,YER103W,0,0.016953941,0.17613635957241058,0.42885375022888184,0.2032438963651657
YPR144C,YDR460W,0,0.016952883,0.17606490850448608,0.42885375022888184,0.20334401726722717
YJR066W,YDL178W,0,0.016947752,0.17599351704120636,0.42885375022888184,0.20344413816928864
YGL022W,YDR341C,0,0.016934859,0.17592217028141022,0.42885375022888184,0.2035442590713501
YJR078W,YCL040W,0,0.016932128,0.17585089802742004,0.42885375022888184,0.20364437997341156
YBR050C,YKR050W,0,0.016929466,0.17577967047691345,0.42885375022888184,0.20374448597431183
YML008C,YJR094W-A,0,0.016929436,0.17570850253105164,0.42885375022888184,0.2038446068763733
YLR206W,YML077W,0,0.016924813,0.1756373941898346,0.42885375022888184,0.20394472777843475
YOR071C,YIL134W,1,0.016918011,0.1759708672761917,0.42984190583229065,0.20394472777843475
YCR097W,YGR123C,0,0.016913245,0.1758997142314911,0.42984190583229065,0.20404484868049622
YDR534C,YHR050W,1,0.016913138,0.17623281478881836,0.4308300316333771,0.20404484868049622
YPL078C,YKR105C,1,0.016912438,0.17656566202640533,0.4318181872367859,0.20404484868049622
YOL101C,YDR452W,0,0.016897188,0.17649434506893158,0.4318181872367859,0.20414496958255768
YGR116W,YAL032C,0,0.016895052,0.1764230877161026,0.4318181872367859,0.20424509048461914
YOR383C,YHL047C,1,0.016890414,0.17675544321537018,0.4328063130378723,0.20424509048461914
YKR036C,YDL002C,0,0.01689021,0.17668414115905762,0.4328063130378723,0.2043452113866806
YGR028W,YJL144W,0,0.016885877,0.17661289870738983,0.4328063130378723,0.20444533228874207
YHR079C,YOR118W,0,0.016883805,0.17654171586036682,0.4328063130378723,0.20454545319080353
YBR052C,YJR077C,0,0.016883677,0.1764705926179886,0.4328063130378723,0.204645574092865
YGL253W,YGR194C,0,0.016883176,0.17639951407909393,0.4328063130378723,0.20474569499492645
YMR297W,YGR047C,0,0.016878907,0.17632849514484406,0.4328063130378723,0.20484581589698792
YDL170W,YJL072C,0,0.016877394,0.17625755071640015,0.4328063130378723,0.20494593679904938
YDL028C,YDR006C,0,0.016867898,0.17618665099143982,0.4328063130378723,0.20504605770111084
YPR020W,YGL255W,1,0.016866222,0.17651788890361786,0.43379446864128113,0.20504605770111084
YGR252W,YKL008C,0,0.016864806,0.17644694447517395,0.43379446864128113,0.2051461786031723
YCR046C,YGL047W,0,0.0168642,0.17637605965137482,0.43379446864128113,0.20524629950523376
YGR125W,YLR008C,0,0.016861867,0.17630521953105927,0.43379446864128113,0.20534642040729523
YDR260C,YPL057C,0,0.01685521,0.1762344390153885,0.43379446864128113,0.2054465413093567
YGL227W,YGL100W,0,0.01684526,0.1761637181043625,0.43379446864128113,0.20554666221141815
YDR320C,YMR188C,0,0.016835213,0.17609305679798126,0.43379446864128113,0.20564678311347961
YBR052C,YBL085W,0,0.0168328,0.1760224550962448,0.43379446864128113,0.20574688911437988
YIL023C,YDR351W,0,0.016823532,0.17595189809799194,0.43379446864128113,0.20584701001644135
YHR047C,YGR188C,0,0.0168107,0.17588141560554504,0.43379446864128113,0.2059471309185028
YOL097C,YOR226C,0,0.016809091,0.17581097781658173,0.43379446864128113,0.20604725182056427
YKR039W,YCR075C,1,0.016803622,0.1761409193277359,0.43478259444236755,0.20604725182056427
YNL113W,YNL163C,0,0.016785111,0.1760704219341278,0.43478259444236755,0.20614737272262573
YGR020C,YOR007C,0,0.016782828,0.17599999904632568,0.43478259444236755,0.2062474936246872
YJL151C,YGR154C,0,0.016782466,0.17592962086200714,0.43478259444236755,0.20634761452674866
YDR316W,YLL003W,0,0.016781509,0.17585931718349457,0.43478259444236755,0.20644773542881012
YNL067W,YPR112C,0,0.016775876,0.17578905820846558,0.43478259444236755,0.20654785633087158
YMR301C,YOR192C,1,0.016773816,0.17611820995807648,0.43577075004577637,0.20654785633087158
YEL059C-A,YJL033W,0,0.016766995,0.1760479062795639,0.43577075004577637,0.20664797723293304
YBR276C,YGL233W,0,0.016764969,0.1759776473045349,0.43577075004577637,0.2067480981349945
YML112W,YHR039C,0,0.016754981,0.1759074628353119,0.43577075004577637,0.20684821903705597
YJR125C,YPR162C,0,0.016753154,0.17583732306957245,0.43577075004577637,0.20694833993911743
YMR043W,YLR158C,0,0.016750604,0.17576724290847778,0.43577075004577637,0.2070484608411789
YDL049C,YOL016C,0,0.016747762,0.1756972074508667,0.43577075004577637,0.20714858174324036
YJL052W,YJR152W,0,0.016747344,0.17562724649906158,0.43577075004577637,0.20724870264530182
YJL060W,YDR206W,0,0.016743885,0.17555733025074005,0.43577075004577637,0.20734882354736328
YPL189C-A,YBR072W,0,0.016739734,0.1754874587059021,0.43577075004577637,0.20744894444942474
YOR215C,YDR270W,0,0.016732095,0.17541766166687012,0.43577075004577637,0.2075490653514862
YNL065W,YIL023C,1,0.016718775,0.17574553191661835,0.4367589056491852,0.2075490653514862
YLR092W,YCR023C,1,0.01671281,0.1760731339454651,0.4377470314502716,0.2075490653514862
YGR179C,YEL046C,0,0.016711816,0.17600317299365997,0.4377470314502716,0.20764918625354767
YJL148W,YPL223C,0,0.016701914,0.17593328654766083,0.4377470314502716,0.20774929225444794
YNL113W,YDR142C,0,0.01668819,0.17586344480514526,0.4377470314502716,0.2078494131565094
YPL008W,YDR034C,0,0.016673781,0.17579364776611328,0.4377470314502716,0.20794953405857086
YLR320W,YCL066W,0,0.016669387,0.17572392523288727,0.4377470314502716,0.20804965496063232
YJL214W,YHR104W,0,0.016665421,0.17565424740314484,0.4377470314502716,0.2081497758626938
YBL090W,YOR290C,0,0.016663922,0.175584614276886,0.4377470314502716,0.20824989676475525
YKL064W,YCR021C,1,0.016659625,0.17591124773025513,0.4387351870536804,0.20824989676475525
YML111W,YKL146W,0,0.016654491,0.1758415848016739,0.4387351870536804,0.2083500176668167
YOL094C,YBR287W,0,0.016652007,0.17577196657657623,0.4387351870536804,0.20845013856887817
YHR050W,YBL042C,0,0.016649764,0.17570240795612335,0.4387351870536804,0.20855025947093964
YLR212C,YNR045W,0,0.01664862,0.17563290894031525,0.4387351870536804,0.2086503803730011
YLR237W,YGR191W,1,0.016644428,0.17595887184143066,0.43972331285476685,0.2086503803730011
YLR319C,YPR149W,0,0.016639758,0.17588932812213898,0.43972331285476685,0.20875050127506256
YGL131C,YMR143W,0,0.016638752,0.17581982910633087,0.43972331285476685,0.20885062217712402
YML131W,YMR300C,0,0.016633354,0.17575038969516754,0.43972331285476685,0.20895074307918549
YML073C,YGR058W,0,0.016629359,0.175681009888649,0.43972331285476685,0.20905086398124695
YGR276C,YNL047C,0,0.016622845,0.175611674785614,0.43972331285476685,0.2091509848833084
YGL084C,YER027C,0,0.016612358,0.17554239928722382,0.43972331285476685,0.20925110578536987
YER166W,YHR039C-A,1,0.016609756,0.17586751282215118,0.44071146845817566,0.20925110578536987
YEL065W,YBR294W,1,0.016609343,0.17619235813617706,0.4416995942592621,0.20925110578536987
YPL236C,YMR099C,0,0.016605958,0.17612293362617493,0.4416995942592621,0.20935122668743134
YGR121C,YCL040W,0,0.016599733,0.17605356872081757,0.4416995942592621,0.2094513475894928
YJL165C,YHR062C,0,0.016597573,0.1759842485189438,0.4416995942592621,0.20955146849155426
YPR025C,YDL056W,0,0.016591962,0.17591498792171478,0.4416995942592621,0.20965157449245453
YHR214C-B,YOR356W,0,0.016591407,0.17584578692913055,0.4416995942592621,0.209751695394516
YPL084W,YLR026C,0,0.01657173,0.1757766455411911,0.4416995942592621,0.20985181629657745
YDR454C,YNL289W,0,0.016569803,0.17570754885673523,0.4416995942592621,0.20995193719863892
YPR162C,YCR071C,0,0.01656674,0.17563851177692413,0.4416995942592621,0.21005205810070038
YJL140W,YPL055C,0,0.016548693,0.17556951940059662,0.4416995942592621,0.21015217900276184
YGR222W,YDR140W,0,0.016532518,0.17550058662891388,0.4416995942592621,0.2102522999048233
YML032C,YGR186W,0,0.01653244,0.17543171346187592,0.4416995942592621,0.21035242080688477
YDR506C,YPL078C,1,0.016521964,0.17575520277023315,0.4426877498626709,0.21035242080688477
YBR210W,YER045C,0,0.016516779,0.17568626999855042,0.4426877498626709,0.21045254170894623
YLR298C,YJR015W,0,0.016515309,0.17561741173267365,0.4426877498626709,0.2105526626110077
YMR301C,YGL255W,1,0.016505495,0.17594043910503387,0.4436758756637573,0.2105526626110077
YDR135C,YCR023C,1,0.016504722,0.1762632131576538,0.44466403126716614,0.2105526626110077
YGR096W,YLR138W,1,0.016504345,0.17658574879169464,0.44565218687057495,0.2105526626110077
YBL105C,YER007W,0,0.016496884,0.17651663720607758,0.44565218687057495,0.21065278351306915
YGL020C,YLR026C,0,0.016485982,0.1764475703239441,0.44565218687057495,0.21075290441513062
YMR177W,YPR020W,1,0.016483948,0.1767696589231491,0.4466403126716614,0.21075290441513062
YFL024C,YDR520C,0,0.01648201,0.17670054733753204,0.4466403126716614,0.21085302531719208
YGR156W,YGR092W,0,0.016458455,0.17663149535655975,0.4466403126716614,0.21095314621925354
YOR176W,YNL152W,0,0.016419407,0.17656250298023224,0.4466403126716614,0.211053267121315
YBR021W,YGR241C,0,0.016416334,0.1764935553073883,0.4466403126716614,0.21115338802337646
YKL127W,YLR032W,0,0.016415447,0.17642466723918915,0.4466403126716614,0.21125350892543793
YPR073C,YDL161W,0,0.016415436,0.17635583877563477,0.4466403126716614,0.2113536298274994
YOR243C,YDR233C,0,0.01641196,0.17628705501556396,0.4466403126716614,0.21145375072956085
YNL242W,YML038C,0,0.016411282,0.17621833086013794,0.4466403126716614,0.21155387163162231
YMR106C,YML093W,0,0.016406463,0.1761496514081955,0.4466403126716614,0.21165397763252258
YMR251W-A,YLR191W,0,0.016403731,0.17608103156089783,0.4466403126716614,0.21175409853458405
YHR136C,YJL198W,1,0.01639714,0.17640186846256256,0.4476284682750702,0.21175409853458405
YDL120W,YKL016C,1,0.016394358,0.1767224669456482,0.4486165940761566,0.21175409853458405
YHR128W,YCR077C,0,0.016394284,0.1766536980867386,0.4486165940761566,0.2118542194366455
YNL099C,YER172C,0,0.016389918,0.17658498883247375,0.4486165940761566,0.21195434033870697
YKL085W,YAL043C,0,0.016388338,0.1765163242816925,0.4486165940761566,0.21205446124076843
YOL057W,YLR084C,0,0.016385745,0.17644771933555603,0.4486165940761566,0.2121545821428299
YPL038W,YPL268W,0,0.016381659,0.17637917399406433,0.4486165940761566,0.21225470304489136
YBR048W,YNL047C,0,0.016362175,0.1763106733560562,0.4486165940761566,0.21235482394695282
YIR032C,YMR233W,0,0.016353179,0.17624223232269287,0.4486165940761566,0.21245494484901428
YER145C,YPR098C,0,0.016344924,0.1761738508939743,0.4486165940761566,0.21255506575107574
YKL080W,YCR075C,1,0.016339984,0.17649340629577637,0.44960474967956543,0.21255506575107574
YCR075C,YPL020C,0,0.016325388,0.17642496526241302,0.44960474967956543,0.2126551866531372
YLR084C,YMR145C,0,0.016316883,0.17635658383369446,0.44960474967956543,0.21275530755519867
YOR371C,YCL032W,0,0.016303256,0.17628826200962067,0.44960474967956543,0.21285542845726013
YDR499W,YDR416W,0,0.016300231,0.17621998488903046,0.44960474967956543,0.2129555493593216
YDR143C,YPR189W,0,0.016293863,0.17615176737308502,0.44960474967956543,0.21305567026138306
YMR257C,YLR233C,0,0.016291806,0.17608359456062317,0.44960474967956543,0.21315579116344452
YDL205C,YOL038W,0,0.016284518,0.1760154664516449,0.44960474967956543,0.21325591206550598
YLR356W,YGL224C,0,0.01627696,0.1759474128484726,0.44960474967956543,0.21335603296756744
YKL154W,YPR125W,0,0.016237691,0.17587940394878387,0.44960474967956543,0.2134561538696289
YGR072W,YDR117C,0,0.016230362,0.17581143975257874,0.44960474967956543,0.21355627477169037
YDR109C,YER070W,0,0.016227566,0.17574353516101837,0.44960474967956543,0.21365638077259064
YOL146W,YLR034C,0,0.016225222,0.1756756752729416,0.44960474967956543,0.2137565016746521
YKR030W,YBL046W,0,0.016218867,0.17560787498950958,0.44960474967956543,0.21385662257671356
YJL094C,YMR177W,1,0.016217027,0.17592592537403107,0.45059287548065186,0.21385662257671356
YFL053W,YLL035W,0,0.016215745,0.17585808038711548,0.45059287548065186,0.21395674347877502
YJR040W,YLR145W,0,0.016215071,0.17579028010368347,0.45059287548065186,0.2140568643808365
YDR017C,YER055C,0,0.016205952,0.17572253942489624,0.45059287548065186,0.21415698528289795
YBR055C,YLL032C,0,0.016195051,0.17565485835075378,0.45059287548065186,0.2142571061849594
YDL210W,YNL275W,1,0.016191855,0.17597228288650513,0.45158103108406067,0.2142571061849594
YGR171C,YER164W,0,0.01618569,0.1759045422077179,0.45158103108406067,0.21435722708702087
YJR075W,YGR104C,0,0.016179405,0.17583686113357544,0.45158103108406067,0.21445734798908234
YOR142W,YER138C,0,0.016177509,0.17576922476291656,0.45158103108406067,0.2145574688911438
YDR497C,YPR189W,0,0.016176078,0.17570164799690247,0.45158103108406067,0.21465758979320526
YGR214W,YOR056C,0,0.016157925,0.17563413083553314,0.45158103108406067,0.21475771069526672
YMR004W,YGL222C,0,0.016148103,0.1755666583776474,0.45158103108406067,0.21485783159732819
YDR527W,YLR145W,0,0.016146744,0.17549923062324524,0.45158103108406067,0.21495795249938965
YGL179C,YER069W,0,0.016146414,0.17543186247348785,0.45158103108406067,0.2150580734014511
YJR047C,YNL069C,0,0.016135026,0.17536453902721405,0.45158103108406067,0.21515819430351257
YDL079C,YMR075W,0,0.016127892,0.17529727518558502,0.45158103108406067,0.21525831520557404
YGR292W,YNL061W,0,0.016124438,0.17523005604743958,0.45158103108406067,0.2153584361076355
YNL279W,YDL066W,0,0.016119054,0.1751628965139389,0.45158103108406067,0.21545855700969696
YER170W,YHR011W,0,0.016114205,0.17509578168392181,0.45158103108406067,0.21555866301059723
YHR052W,YDR085C,0,0.016113698,0.1750287264585495,0.45158103108406067,0.2156587839126587
YDR116C,YKL011C,0,0.01611159,0.17496171593666077,0.45158103108406067,0.21575890481472015
YGL037C,YJL111W,0,0.016110228,0.17489475011825562,0.45158103108406067,0.21585902571678162
YLR020C,YMR162C,0,0.016103372,0.17482784390449524,0.45158103108406067,0.21595914661884308
YML027W,YJL159W,0,0.016097102,0.17476099729537964,0.45158103108406067,0.21605926752090454
YBR281C,YDR520C,0,0.01608922,0.17469419538974762,0.45158103108406067,0.216159388422966
YOL122C,YLR214W,1,0.016087119,0.17500954866409302,0.4525691568851471,0.216159388422966
YIR014W,YKL113C,0,0.016084481,0.17494270205497742,0.4525691568851471,0.21625950932502747
YBL090W,YCL004W,0,0.016069595,0.1748759001493454,0.4525691568851471,0.21635963022708893
YKL049C,YFR005C,0,0.016048186,0.17480915784835815,0.4525691568851471,0.2164597511291504
YMR089C,YER124C,0,0.016037958,0.1747424602508545,0.4525691568851471,0.21655987203121185
YHR005C-A,YDR123C,0,0.016034935,0.1746758222579956,0.4525691568851471,0.21665999293327332
YMR054W,YBR280C,0,0.016030218,0.1746092289686203,0.4525691568851471,0.21676011383533478
YEL040W,YOL003C,0,0.016025523,0.17454268038272858,0.4525691568851471,0.21686023473739624
YDR461W,YEL009C,0,0.015985887,0.17447619140148163,0.4525691568851471,0.2169603556394577
YLL054C,YDR001C,0,0.01598242,0.17440974712371826,0.4525691568851471,0.21706047654151917
YGR209C,YMR049C,0,0.0159808,0.17434336245059967,0.4525691568851471,0.21716059744358063
YGL019W,YGL094C,0,0.015974257,0.17427702248096466,0.4525691568851471,0.2172607183456421
YBL092W,YMR037C,0,0.015955739,0.17421072721481323,0.4525691568851471,0.21736083924770355
YMR054W,YGR059W,0,0.015955266,0.17414449155330658,0.4525691568851471,0.21746096014976501
YIL061C,YDR226W,0,0.015954114,0.1740783005952835,0.4525691568851471,0.21756106615066528
YDR027C,YHL012W,0,0.015941974,0.17401215434074402,0.4525691568851471,0.21766118705272675
YDR236C,YMR039C,0,0.015935807,0.1739460676908493,0.4525691568851471,0.2177613079547882
YBR199W,YDR533C,0,0.015934695,0.17388002574443817,0.4525691568851471,0.21786142885684967
YDR198C,YLR424W,0,0.015926205,0.17381404340267181,0.4525691568851471,0.21796154975891113
YJR135C,YGL017W,0,0.015924137,0.17374810576438904,0.4525691568851471,0.2180616706609726
YOR228C,YJL051W,0,0.015922403,0.17368221282958984,0.4525691568851471,0.21816179156303406
YDL128W,YBL075C,0,0.015921779,0.17361637949943542,0.4525691568851471,0.21826191246509552
YKL173W,YAL023C,0,0.015918626,0.1735505908727646,0.4525691568851471,0.21836203336715698
YDR529C,YDR231C,0,0.015902925,0.17348484694957733,0.4525691568851471,0.21846215426921844
YPR075C,YHL013C,0,0.015893491,0.17341916263103485,0.4525691568851471,0.2185622751712799
YDR103W,YJR026W,0,0.015888017,0.17335352301597595,0.4525691568851471,0.21866239607334137
YHL012W,YHR196W,0,0.015886333,0.17328792810440063,0.4525691568851471,0.21876251697540283
YOR303W,YOR231W,0,0.015883189,0.1732223927974701,0.4525691568851471,0.2188626378774643
YCR079W,YBR068C,0,0.015874993,0.17315690219402313,0.4525691568851471,0.21896275877952576
YHR056C,YJL056C,0,0.015874067,0.17309145629405975,0.4525691568851471,0.21906287968158722
YHL013C,YKL183W,0,0.015863141,0.17302606999874115,0.4525691568851471,0.21916300058364868
YPL227C,YKR014C,0,0.015858978,0.17296072840690613,0.4525691568851471,0.21926312148571014
YLL043W,YLR214W,1,0.01585393,0.17327293753623962,0.4535573124885559,0.21926312148571014
YIR011C,YIR010W,0,0.015850276,0.17320755124092102,0.4535573124885559,0.2193632423877716
YDL033C,YHR061C,0,0.015850227,0.173142209649086,0.4535573124885559,0.21946336328983307
YJL106W,YGL211W,0,0.015825195,0.17307692766189575,0.4535573124885559,0.21956346929073334
YLR441C,YDR252W,0,0.01582472,0.1730116903781891,0.4535573124885559,0.2196635901927948
YDL127W,YML032C,0,0.01582136,0.172946497797966,0.4535573124885559,0.21976371109485626
YLR233C,YHL008C,0,0.01581007,0.1728813499212265,0.4535573124885559,0.21986383199691772
YGR087C,YBR231C,0,0.01580945,0.17281626164913177,0.4535573124885559,0.2199639528989792
YPL139C,YMR080C,0,0.01580546,0.17275121808052063,0.4535573124885559,0.22006407380104065
YOL075C,YDR119W,0,0.015804423,0.17268623411655426,0.4535573124885559,0.2201641947031021
YJR121W,YER003C,0,0.015802287,0.17262127995491028,0.4535573124885559,0.22026431560516357
YLR427W,YGL226C-A,0,0.015789174,0.17255638539791107,0.4535573124885559,0.22036443650722504
YNL283C,YJL219W,0,0.015785448,0.17249155044555664,0.4535573124885559,0.2204645574092865
YIL112W,YMR200W,0,0.015782397,0.1724267452955246,0.4535573124885559,0.22056467831134796
YPL064C,YFL055W,0,0.015778206,0.17236199975013733,0.4535573124885559,0.22066479921340942
YHR013C,YGR133W,0,0.015762525,0.17229729890823364,0.4535573124885559,0.2207649201154709
YDR236C,YLR095C,0,0.01576183,0.17223264276981354,0.4535573124885559,0.22086504101753235
YJR161C,YFL031W,0,0.015753279,0.1721680462360382,0.4535573124885559,0.2209651619195938
YGL153W,YEL046C,0,0.015749957,0.17210349440574646,0.4535573124885559,0.22106528282165527
YKL167C,YGR113W,0,0.015738696,0.1720389872789383,0.4535573124885559,0.22116540372371674
YOL128C,YDR334W,0,0.015737597,0.1719745248556137,0.4535573124885559,0.2212655246257782
YLL018C-A,YNL291C,1,0.015736058,0.17228464782238007,0.4545454680919647,0.2212655246257782
YCR088W,YJL044C,0,0.01572068,0.1722201406955719,0.4545454680919647,0.22136564552783966
YHR083W,YMR309C,0,0.015712274,0.1721556931734085,0.4545454680919647,0.22146575152873993
YNR013C,YDR534C,1,0.015700256,0.17246539890766144,0.45553359389305115,0.22146575152873993
YLR431C,YBR159W,0,0.015698187,0.17240089178085327,0.45553359389305115,0.2215658724308014
YBR160W,YDR348C,0,0.015688166,0.17233644425868988,0.45553359389305115,0.22166599333286285
YPL059W,YJL207C,0,0.015686227,0.17227204144001007,0.45553359389305115,0.22176611423492432
YGR090W,YAR019C,0,0.015686136,0.17220769822597504,0.45553359389305115,0.22186623513698578
YDR540C,YNL166C,0,0.015667181,0.1721433848142624,0.45553359389305115,0.22196635603904724
YGL148W,YPR163C,0,0.015654024,0.17207913100719452,0.45553359389305115,0.2220664769411087
YOL105C,YPR118W,0,0.015653238,0.17201492190361023,0.45553359389305115,0.22216659784317017
YNL275W,YNR060W,1,0.01564952,0.17232376337051392,0.45652174949645996,0.22216659784317017
YNL275W,YDR322C-A,1,0.0156487,0.1726323664188385,0.4575098752975464,0.22216659784317017
YEL027W,YHR026W,1,0.015647734,0.17294073104858398,0.4584980309009552,0.22216659784317017
YML028W,YIL091C,0,0.015646819,0.1728762984275818,0.4584980309009552,0.22226671874523163
YNL239W,YLR047C,0,0.015630692,0.17281192541122437,0.4584980309009552,0.2223668396472931
YPL151C,YMR296C,0,0.015630074,0.17274758219718933,0.4584980309009552,0.22246696054935455
YLR389C,YLR212C,0,0.015618661,0.17268328368663788,0.4584980309009552,0.22256708145141602
YPR128C,YDR038C,1,0.0156117985,0.1729910671710968,0.4594861567020416,0.22256708145141602
YDR251W,YKL049C,0,0.015607949,0.17292673885822296,0.4594861567020416,0.22266720235347748
YNL003C,YDR276C,1,0.015607826,0.17323419451713562,0.46047431230545044,0.22266720235347748
YKL193C,YGR033C,0,0.01560434,0.1731698215007782,0.46047431230545044,0.22276732325553894
YKL171W,YEL050C,0,0.0156041775,0.17310549318790436,0.46047431230545044,0.2228674441576004
YDR496C,YBR004C,0,0.015594328,0.1730412244796753,0.46047431230545044,0.22296756505966187
YHR016C,YBR196C,0,0.015590921,0.17297698557376862,0.46047431230545044,0.22306768596172333
YNL329C,YPL060W,0,0.015590815,0.1729128062725067,0.46047431230545044,0.2231678068637848
YOL002C,YEL043W,0,0.015586829,0.1728486716747284,0.46047431230545044,0.22326792776584625
YHL033C,YNL138W,0,0.015575373,0.17278458178043365,0.46047431230545044,0.22336804866790771
YDL198C,YMR303C,0,0.015574962,0.1727205365896225,0.46047431230545044,0.22346815466880798
YLR166C,YKL174C,0,0.015572641,0.17265653610229492,0.46047431230545044,0.22356827557086945
YOR270C,YJR068W,0,0.015572179,0.17259259521961212,0.46047431230545044,0.2236683964729309
YAR050W,YOL120C,0,0.015563529,0.1725286990404129,0.46047431230545044,0.22376851737499237
YCR098C,YLR447C,1,0.015554313,0.17283493280410767,0.46146243810653687,0.22376851737499237
YFR021W,YKL143W,0,0.015551984,0.17277099192142487,0.46146243810653687,0.22386863827705383
YOR384W,YER145C,1,0.015545666,0.17307692766189575,0.4624505937099457,0.22386863827705383
YML109W,YER115C,0,0.01554296,0.17301294207572937,0.4624505937099457,0.2239687591791153
YNL306W,YBR288C,0,0.015541038,0.17294900119304657,0.4624505937099457,0.22406888008117676
YCL038C,YKL073W,0,0.0155275455,0.17288511991500854,0.4624505937099457,0.22416900098323822
YIL046W,YOR197W,0,0.01552322,0.1728212684392929,0.4624505937099457,0.22426912188529968
YOL100W,YDR494W,0,0.015522876,0.17275747656822205,0.4624505937099457,0.22436924278736115
YPL150W,YER131W,0,0.015513924,0.17269372940063477,0.4624505937099457,0.2244693636894226
YBR216C,YDL166C,0,0.015504375,0.17263002693653107,0.4624505937099457,0.22456948459148407
YOL104C,YKR044W,0,0.0154831875,0.17256636917591095,0.4624505937099457,0.22466960549354553
YGR001C,YDL110C,0,0.0154774245,0.1725027710199356,0.4624505937099457,0.224769726395607
YKR065C,YER053C,0,0.015476352,0.17243920266628265,0.4624505937099457,0.22486984729766846
YMR067C,YMR130W,0,0.015466341,0.17237569391727448,0.4624505937099457,0.22496996819972992
YAL023C,YEL009C,0,0.01546113,0.17231222987174988,0.4624505937099457,0.22507008910179138
YBL088C,YML064C,0,0.015459152,0.17224881052970886,0.4624505937099457,0.22517021000385284
YCL043C,YNL212W,0,0.015458207,0.17218543589115143,0.4624505937099457,0.2252703309059143
YEL038W,YJR144W,0,0.015450623,0.17212210595607758,0.4624505937099457,0.22537045180797577
YCL026C-B,YPL154C,0,0.015443023,0.1720588207244873,0.4624505937099457,0.22547055780887604
YDR160W,YJL198W,1,0.0154312365,0.17236310243606567,0.4634387493133545,0.22547055780887604
YHR214C-B,YDR195W,0,0.015429482,0.17229977250099182,0.4634387493133545,0.2255706787109375
YGL065C,YPR164W,0,0.015427501,0.17223650217056274,0.4634387493133545,0.22567079961299896
YOR306C,YPL158C,0,0.015425133,0.17217327654361725,0.4634387493133545,0.22577092051506042
YOR116C,YOL064C,0,0.015412292,0.17211009562015533,0.4634387493133545,0.2258710414171219
YDR044W,YOR328W,0,0.015407553,0.172046959400177,0.4634387493133545,0.22597116231918335
YDL193W,YNL047C,0,0.0154039655,0.17198386788368225,0.4634387493133545,0.2260712832212448
YJR130C,YMR321C,0,0.015402906,0.17192082107067108,0.4634387493133545,0.22617140412330627
YGR065C,YJL034W,0,0.015400559,0.1718578189611435,0.4634387493133545,0.22627152502536774
YLR421C,YHR008C,0,0.015397865,0.17179487645626068,0.4634387493133545,0.2263716459274292
YLL005C,YJR092W,0,0.015383767,0.17173196375370026,0.4634387493133545,0.22647176682949066
YPL164C,YNR020C,0,0.015379788,0.1716691106557846,0.4634387493133545,0.22657188773155212
YJL166W,YAR027W,0,0.015378926,0.17160628736019135,0.4634387493133545,0.2266720086336136
YIL041W,YKL152C,0,0.01537757,0.17154352366924286,0.4634387493133545,0.22677212953567505
YHL044W,YMR312W,0,0.015376086,0.17148080468177795,0.4634387493133545,0.2268722504377365
YKR061W,YJR045C,0,0.015372887,0.17141813039779663,0.4634387493133545,0.22697237133979797
YKL144C,YMR323W,0,0.015366867,0.1713555008172989,0.4634387493133545,0.22707249224185944
YLR264W,YER004W,0,0.015364617,0.17129291594028473,0.4634387493133545,0.2271726131439209
YGR155W,YCL057W,0,0.015359264,0.17123037576675415,0.4634387493133545,0.22727273404598236
YCR077C,YDL147W,0,0.015353166,0.17116788029670715,0.4634387493133545,0.22737284004688263
YJR161C,YGL121C,0,0.015348324,0.17110542953014374,0.4634387493133545,0.2274729609489441
YDR116C,YBR294W,0,0.015347645,0.1710430383682251,0.4634387493133545,0.22757308185100555
YDR242W,YGR184C,0,0.015341807,0.17098067700862885,0.4634387493133545,0.22767320275306702
YOR221C,YBR185C,0,0.01533943,0.17091836035251617,0.4634387493133545,0.22777332365512848
YIR018W,YBL004W,0,0.015336765,0.17085610330104828,0.4634387493133545,0.22787344455718994
YHR085W,YPL131W,0,0.015327703,0.17079387605190277,0.4634387493133545,0.2279735654592514
YOR208W,YLR064W,0,0.0153273195,0.17073170840740204,0.4634387493133545,0.22807368636131287
YPL190C,YJL109C,0,0.015320346,0.1706695705652237,0.4634387493133545,0.22817380726337433
YDR409W,YMR314W,0,0.015319642,0.17060749232769012,0.4634387493133545,0.2282739281654358
YDR065W,YHR216W,0,0.015318919,0.17054545879364014,0.4634387493133545,0.22837404906749725
YLR148W,YOR155C,0,0.015318027,0.17048345506191254,0.4634387493133545,0.22847416996955872
YFR037C,YNL291C,0,0.015316981,0.1704215109348297,0.4634387493133545,0.22857429087162018
YJL214W,YCR017C,0,0.015294455,0.17035961151123047,0.4634387493133545,0.22867441177368164
YNL127W,YKL216W,0,0.015286434,0.1702977418899536,0.4634387493133545,0.2287745326757431
YGL213C,YBL006C,0,0.015279392,0.17023593187332153,0.4634387493133545,0.22887465357780457
YMR025W,YER140W,0,0.015274245,0.17017416656017303,0.4634387493133545,0.22897477447986603
YCL045C,YEL060C,0,0.015271357,0.17011244595050812,0.4634387493133545,0.2290748953819275
YBR271W,YCR073C,0,0.015259858,0.1700507551431656,0.4634387493133545,0.22917501628398895
YGL181W,YMR135C,0,0.015254267,0.16998912394046783,0.4634387493133545,0.22927513718605042
YNL242W,YOR150W,0,0.015227556,0.16992753744125366,0.4634387493133545,0.22937524318695068
YML030W,YGL131C,0,0.01522721,0.16986599564552307,0.4634387493133545,0.22947536408901215
YLR353W,YPL129W,0,0.015222371,0.16980448365211487,0.4634387493133545,0.2295754849910736
YER004W,YPR063C,0,0.015216739,0.16974303126335144,0.4634387493133545,0.22967560589313507
YGL008C,YNL065W,1,0.015212934,0.17004340887069702,0.4644268751144409,0.22967560589313507
YDR503C,YMR216C,0,0.015205694,0.16998191177845,0.4644268751144409,0.22977572679519653
YMR099C,YMR164C,0,0.015205182,0.16992045938968658,0.4644268751144409,0.229875847697258
YDR034C,YDL170W,0,0.015202876,0.16985905170440674,0.4644268751144409,0.22997596859931946
YLL027W,YNL014W,0,0.015195543,0.16979768872261047,0.4644268751144409,0.23007608950138092
YDR034C,YNR010W,0,0.015190944,0.1697363704442978,0.4644268751144409,0.23017621040344238
YNL254C,YOR033C,0,0.0151852155,0.1696750968694687,0.4644268751144409,0.23027633130550385
YOR142W,YDL236W,0,0.015180437,0.16961385309696198,0.4644268751144409,0.2303764522075653
YOL010W,YDL079C,0,0.015165407,0.16955266892910004,0.4644268751144409,0.23047657310962677
YMR092C,YNL146W,0,0.01515658,0.16949152946472168,0.4644268751144409,0.23057669401168823
YOR159C,YBR092C,0,0.015154658,0.1694304198026657,0.4644268751144409,0.2306768149137497
YDR477W,YDR090C,0,0.015153977,0.16936936974525452,0.4644268751144409,0.23077693581581116
YGL044C,YAL053W,0,0.0151482485,0.1693083643913269,0.4644268751144409,0.23087705671787262
YDR522C,YHR066W,0,0.015140174,0.16924738883972168,0.4644268751144409,0.23097717761993408
YLR364W,YOR067C,0,0.015139306,0.16918645799160004,0.4644268751144409,0.23107729852199554
YIL117C,YPR183W,0,0.0151381325,0.16912558674812317,0.4644268751144409,0.231177419424057
YDL147W,YGL083W,0,0.015136421,0.1690647453069687,0.4644268751144409,0.23127754032611847
YDL015C,YML111W,0,0.015136307,0.1690039485692978,0.4644268751144409,0.23137764632701874
YGR222W,YOR215C,0,0.015136164,0.16894321143627167,0.4644268751144409,0.2314777672290802
YJR110W,YML075C,0,0.015131052,0.16888250410556793,0.4644268751144409,0.23157788813114166
YDR536W,YLL008W,0,0.015125906,0.16882184147834778,0.4644268751144409,0.23167800903320312
YHL008C,YHL040C,1,0.015123773,0.16912028193473816,0.46541503071784973,0.23167800903320312
YHR060W,YDR446W,0,0.015119474,0.16905958950519562,0.46541503071784973,0.2317781299352646
YDL038C,YLR423C,0,0.015109861,0.16899892687797546,0.46541503071784973,0.23187825083732605
YIL050W,YBL010C,0,0.015106538,0.1689383089542389,0.46541503071784973,0.2319783717393875
YBR240C,YGL203C,0,0.015102411,0.1688777357339859,0.46541503071784973,0.23207849264144897
YBR177C,YPL072W,0,0.015098356,0.1688172072172165,0.46541503071784973,0.23217861354351044
YOR182C,YDR109C,0,0.0150957,0.16875672340393066,0.46541503071784973,0.2322787344455719
YHR085W,YFR044C,0,0.015095539,0.16869626939296722,0.46541503071784973,0.23237885534763336
YKL220C,YMR243C,1,0.01509258,0.16899392008781433,0.46640315651893616,0.23237885534763336
YJL172W,YOR120W,0,0.015087903,0.1689334213733673,0.46640315651893616,0.23247897624969482
YCR023C,YBR296C,1,0.015074424,0.16923077404499054,0.46739131212234497,0.23247897624969482
YMR034C,YPL078C,1,0.015067745,0.16952790319919586,0.4683794379234314,0.23247897624969482
YMR034C,YLR008C,0,0.015061948,0.1694672852754593,0.4683794379234314,0.2325790971517563
YCL055W,YBR033W,0,0.015059514,0.1694067120552063,0.4683794379234314,0.23267921805381775
YJL214W,YDR483W,0,0.015047712,0.16934619843959808,0.4683794379234314,0.2327793389558792
YKL120W,YDL100C,1,0.015044821,0.1696428507566452,0.4693675935268402,0.2327793389558792
YJR135W-A,YER150W,0,0.0150313,0.1695822924375534,0.4693675935268402,0.23287945985794067
YLL062C,YPR108W,0,0.015030742,0.169521763920784,0.4693675935268402,0.23297958076000214
YKR050W,YLL043W,1,0.015023222,0.16981805860996246,0.47035571932792664,0.23297958076000214
YDR254W,YIL121W,0,0.015021678,0.16975748538970947,0.47035571932792664,0.2330797016620636
YNR035C,YOR217W,0,0.015016946,0.16969697177410126,0.47035571932792664,0.23317982256412506
YOL117W,YJL081C,0,0.015008787,0.16963648796081543,0.47035571932792664,0.23327992856502533
YKR010C,YER145C,0,0.015006438,0.16957606375217438,0.47035571932792664,0.2333800494670868
YAL060W,YIL121W,0,0.01498823,0.1695156693458557,0.47035571932792664,0.23348017036914825
YCR046C,YNL021W,0,0.014987793,0.16945531964302063,0.47035571932792664,0.23358029127120972
YDR473C,YMR049C,0,0.014980406,0.16939501464366913,0.47035571932792664,0.23368041217327118
YGL008C,YPL060W,1,0.014967822,0.16969050467014313,0.47134387493133545,0.23368041217327118
YNL189W,YJL025W,0,0.014960462,0.16963015496730804,0.47134387493133545,0.23378053307533264
YKL209C,YHL007C,0,0.014950817,0.16956984996795654,0.47134387493133545,0.2338806539773941
YPR018W,YER171W,0,0.014950693,0.16950958967208862,0.47134387493133545,0.23398077487945557
YBL099W,YGR217W,1,0.014940617,0.1698046177625656,0.47233203053474426,0.23398077487945557
YMR136W,YDL085W,0,0.0149359945,0.1697443127632141,0.47233203053474426,0.23408089578151703
YER036C,YEL013W,0,0.014935223,0.16968406736850739,0.47233203053474426,0.2341810166835785
YEL065W,YPR067W,1,0.014927046,0.16997870802879333,0.4733201563358307,0.2341810166835785
YIL093C,YGL245W,0,0.014923019,0.16991841793060303,0.4733201563358307,0.23428113758563995
YKL175W,YNR039C,1,0.014917804,0.1702127605676651,0.4743083119392395,0.23428113758563995
YBR177C,YBL004W,0,0.014916524,0.1701524257659912,0.4743083119392395,0.23438125848770142
YAL053W,YEL051W,1,0.014913093,0.1704464852809906,0.4752964377403259,0.23438125848770142
YDR174W,YPR073C,0,0.014879255,0.17038612067699432,0.4752964377403259,0.23448137938976288
YDR432W,YEL021W,0,0.014869992,0.17032578587532043,0.4752964377403259,0.23458150029182434
YCL052C,YJL170C,0,0.014868317,0.17026548087596893,0.4752964377403259,0.2346816211938858
YDR266C,YNL209W,0,0.014852559,0.1702052354812622,0.4752964377403259,0.23478174209594727
YOR071C,YNL238W,0,0.014849201,0.17014503479003906,0.4752964377403259,0.23488186299800873
YOR145C,YHR215W,0,0.01484547,0.1700848639011383,0.4752964377403259,0.2349819839000702
YMR046C,YIL042C,0,0.014838375,0.17002473771572113,0.4752964377403259,0.23508210480213165
YBR066C,YAL012W,0,0.014833685,0.16996467113494873,0.4752964377403259,0.23518222570419312
YLR084C,YJR032W,0,0.014824409,0.16990463435649872,0.4752964377403259,0.23528233170509338
YOL057W,YMR152W,0,0.014820853,0.1698446273803711,0.4752964377403259,0.23538245260715485
YOL045W,YCR071C,0,0.014817366,0.16978468000888824,0.4752964377403259,0.2354825735092163
YGR255C,YFL034C-A,0,0.014814921,0.16972477734088898,0.4752964377403259,0.23558269441127777
YFL047W,YAL061W,0,0.014813993,0.1696649044752121,0.4752964377403259,0.23568281531333923
YML094W,YJR137C,0,0.014813133,0.1696050763130188,0.4752964377403259,0.2357829362154007
YGL160W,YGL050W,0,0.014802458,0.16954529285430908,0.4752964377403259,0.23588305711746216
YML064C,YOR044W,0,0.014801793,0.16948555409908295,0.4752964377403259,0.23598317801952362
YMR208W,YOR206W,0,0.014788859,0.1694258600473404,0.4752964377403259,0.23608329892158508
YJL166W,YJL200C,0,0.01478871,0.16936619579792023,0.4752964377403259,0.23618341982364655
YJL206C,YCL030C,0,0.014782034,0.16930657625198364,0.4752964377403259,0.236283540725708
YBR289W,YPR047W,0,0.014780378,0.16924701631069183,0.4752964377403259,0.23638366162776947
YGR184C,YNL299W,0,0.014776774,0.16918747127056122,0.4752964377403259,0.23648378252983093
YJL066C,YPR149W,0,0.014769188,0.16912798583507538,0.4752964377403259,0.2365839034318924
YPL221W,YOR270C,1,0.014762988,0.1694200336933136,0.47628459334373474,0.2365839034318924
YOR151C,YGL008C,0,0.014762642,0.16936050355434418,0.47628459334373474,0.23668402433395386
YNL229C,YIL017W,0,0.014761662,0.16930101811885834,0.47628459334373474,0.23678414523601532
YDL229W,YFR003C,0,0.014760705,0.16924157738685608,0.47628459334373474,0.23688426613807678
YGL017W,YGR112W,0,0.014759399,0.1691821664571762,0.47628459334373474,0.23698438704013824
YFL050C,YPL124W,0,0.014756843,0.16912280023097992,0.47628459334373474,0.2370845079421997
YLR356W,YOR391C,0,0.014754997,0.1690634936094284,0.47628459334373474,0.23718462884426117
YFL066C,YKL096W,0,0.014750825,0.16900420188903809,0.47628459334373474,0.23728473484516144
YNL238W,YNR026C,0,0.014750343,0.16894496977329254,0.47628459334373474,0.2373848557472229
YGL163C,YMR023C,0,0.014742192,0.16888576745986938,0.47628459334373474,0.23748497664928436
YAL013W,YDR074W,0,0.0147417085,0.168826624751091,0.47628459334373474,0.23758509755134583
YNL267W,YIL076W,0,0.014741155,0.168767511844635,0.47628459334373474,0.2376852184534073
YPL060W,YPL078C,1,0.014740873,0.16905845701694489,0.47727271914482117,0.2376852184534073
YJL094C,YPR128C,1,0.014738167,0.16934919357299805,0.47826087474823,0.2376852184534073
YLR182W,YOR116C,0,0.014733706,0.1692899614572525,0.47826087474823,0.23778533935546875
YPL132W,YDR473C,0,0.014725834,0.16923077404499054,0.47826087474823,0.2378854602575302
YPR201W,YBR295W,1,0.014724242,0.16952115297317505,0.4792490005493164,0.2378854602575302
YMR065W,YLR246W,0,0.014723942,0.1694619208574295,0.4792490005493164,0.23798558115959167
YLR297W,YJR090C,0,0.014721791,0.16940271854400635,0.4792490005493164,0.23808570206165314
YJL166W,YGL206C,0,0.014717756,0.16934357583522797,0.4792490005493164,0.2381858229637146
YGR071C,YML046W,0,0.01471001,0.16928446292877197,0.4792490005493164,0.23828594386577606
YBR177C,YEL020C,0,0.014702294,0.16922539472579956,0.4792490005493164,0.23838606476783752
YJR060W,YGR177C,0,0.014699211,0.16916637122631073,0.4792490005493164,0.238486185669899
YPR124W,YOL077W-A,1,0.01469651,0.16945606470108032,0.4802371561527252,0.238486185669899
YMR278W,YLR014C,0,0.014690017,0.1693969964981079,0.4802371561527252,0.23858630657196045
YGR048W,YER157W,0,0.014680218,0.16933797299861908,0.4802371561527252,0.2386864274740219
YGL030W,YJL157C,0,0.014675267,0.16927899420261383,0.4802371561527252,0.23878654837608337
YHR092C,YCR023C,0,0.014663644,0.16922006011009216,0.4802371561527252,0.23888666927814484
YJL060W,YEL026W,0,0.014655396,0.16916115581989288,0.4802371561527252,0.2389867901802063
YMR056C,YGR037C,0,0.014654323,0.16910229623317719,0.4802371561527252,0.23908691108226776
YHR141C,YPL111W,0,0.014651078,0.16904348134994507,0.4802371561527252,0.23918701708316803
YKR014C,YBL017C,0,0.014647193,0.16898469626903534,0.4802371561527252,0.2392871379852295
YAR008W,YPR204W,0,0.014646392,0.16892597079277039,0.4802371561527252,0.23938725888729095
YIL125W,YJL112W,0,0.014619192,0.16886727511882782,0.4802371561527252,0.23948737978935242
YGL039W,YHR079C-A,0,0.014611661,0.16880860924720764,0.4802371561527252,0.23958750069141388
YMR154C,YMR244C-A,0,0.014607012,0.16875000298023224,0.4802371561527252,0.23968762159347534
YJL143W,YLR008C,0,0.014598183,0.16869142651557922,0.4802371561527252,0.2397877424955368
YDR506C,YJL093C,1,0.014597981,0.16897986829280853,0.48122528195381165,0.2397877424955368
YER096W,YKL186C,0,0.014588911,0.16892126202583313,0.48122528195381165,0.23988786339759827
YKL092C,YPL258C,0,0.014585195,0.16886268556118011,0.48122528195381165,0.23998798429965973
YGR062C,YGR203W,0,0.014577221,0.16880415380001068,0.48122528195381165,0.2400881052017212
YLL005C,YMR143W,0,0.014575066,0.16874566674232483,0.48122528195381165,0.24018822610378265
YPL220W,YOL104C,0,0.014567973,0.16868722438812256,0.48122528195381165,0.24028834700584412
YKR050W,YBR024W,1,0.014567919,0.1689750701189041,0.48221343755722046,0.24028834700584412
YJR065C,YPR156C,0,0.014562234,0.16891658306121826,0.48221343755722046,0.24038846790790558
YPR101W,YNL067W,0,0.014561424,0.1688581258058548,0.48221343755722046,0.24048858880996704
YKL008C,YDL085W,0,0.014560979,0.1687997281551361,0.48221343755722046,0.2405887097120285
YHR025W,YJR161C,0,0.014548317,0.1687413603067398,0.48221343755722046,0.24068883061408997
YFR028C,YPL232W,0,0.014548004,0.1686830222606659,0.48221343755722046,0.24078895151615143
YDR026C,YKL126W,0,0.014547918,0.16862474381923676,0.48221343755722046,0.2408890724182129
YJR133W,YDR497C,0,0.014546455,0.16856649518013,0.48221343755722046,0.24098919332027435
YJL198W,YML123C,1,0.014545067,0.16885359585285187,0.4832015931606293,0.24098919332027435
YDL217C,YHR188C,0,0.014543854,0.16879530251026154,0.4832015931606293,0.24108931422233582
YDR238C,YDR115W,0,0.014542563,0.16873705387115479,0.4832015931606293,0.24118942022323608
YOR037W,YPL226W,0,0.014534116,0.16867884993553162,0.4832015931606293,0.24128954112529755
YNL241C,YKL181W,0,0.014524945,0.16862069070339203,0.4832015931606293,0.241389662027359
YFL038C,YPL118W,0,0.014522269,0.16856256127357483,0.4832015931606293,0.24148978292942047
YCR098C,YBL030C,1,0.014518753,0.16884906589984894,0.4841897189617157,0.24148978292942047
YGL035C,YDR314C,0,0.014518149,0.16879090666770935,0.4841897189617157,0.24158990383148193
YDL194W,YLR121C,0,0.014507791,0.16873277723789215,0.4841897189617157,0.2416900247335434
YJL125C,YHR074W,0,0.014503453,0.16867469251155853,0.4841897189617157,0.24179014563560486
YJL008C,YLL042C,0,0.014502853,0.1686166524887085,0.4841897189617157,0.24189026653766632
YLR141W,YDL044C,0,0.014501954,0.16855865716934204,0.4841897189617157,0.24199038743972778
YBR236C,YHL032C,0,0.01447038,0.16850069165229797,0.4841897189617157,0.24209050834178925
YGL136C,YBR093C,0,0.014464625,0.1684427708387375,0.4841897189617157,0.2421906292438507
YGR029W,YJL128C,0,0.014463777,0.1683848798274994,0.4841897189617157,0.24229075014591217
YOR221C,YDR480W,0,0.014461011,0.16832703351974487,0.4841897189617157,0.24239087104797363
YMR319C,YER166W,1,0.014454059,0.16861264407634735,0.4851778745651245,0.24239087104797363
YBR103W,YLR295C,0,0.01445372,0.16855475306510925,0.4851778745651245,0.2424909919500351
YER153C,YNL225C,0,0.014452966,0.16849690675735474,0.4851778745651245,0.24259111285209656
YOR221C,YGL234W,0,0.014452114,0.1684391051530838,0.4851778745651245,0.24269123375415802
YLR029C,YKR036C,0,0.014445689,0.16838134825229645,0.4851778745651245,0.24279135465621948
YNL268W,YNL015W,0,0.014437567,0.16832362115383148,0.4851778745651245,0.24289147555828094
YLR266C,YKL020C,0,0.014433446,0.1682659387588501,0.4851778745651245,0.2429915964603424
YLR128W,YBR192W,0,0.014429793,0.1682082861661911,0.4851778745651245,0.24309171736240387
YDR267C,YOR384W,0,0.014429792,0.16815067827701569,0.4851778745651245,0.24319182336330414
YDR291W,YLR306W,0,0.014426599,0.16809311509132385,0.4851778745651245,0.2432919442653656
YJR103W,YBL022C,0,0.014421307,0.1680355966091156,0.4851778745651245,0.24339206516742706
YBR012W-A,YJR088C,0,0.014406258,0.16797810792922974,0.4851778745651245,0.24349218606948853
YDR040C,YDR377W,1,0.014396194,0.16826266050338745,0.48616600036621094,0.24349218606948853
YML049C,YML062C,0,0.014394622,0.168205127120018,0.48616600036621094,0.24359230697155
YDR208W,YOL158C,0,0.014389814,0.16814763844013214,0.48616600036621094,0.24369242787361145
YPR204W,YPL174C,0,0.014378264,0.16809019446372986,0.48616600036621094,0.2437925487756729
YDR497C,YER089C,0,0.014376886,0.16803278028964996,0.48616600036621094,0.24389266967773438
YIR035C,YBR245C,0,0.0143735865,0.16797541081905365,0.48616600036621094,0.24399279057979584
YCR077C,YLR008C,0,0.014371604,0.16791808605194092,0.48616600036621094,0.2440929114818573
YDR276C,YLL015W,1,0.014364388,0.1682019829750061,0.48715415596961975,0.2440929114818573
YGL130W,YOR386W,0,0.01435744,0.1681446135044098,0.48715415596961975,0.24419303238391876
YPR125W,YLL061W,0,0.014355429,0.16808728873729706,0.48715415596961975,0.24429315328598022
YCR083W,YNL258C,0,0.014352601,0.1680299937725067,0.48715415596961975,0.2443932741880417
YKR006C,YDR163W,0,0.014345087,0.16797274351119995,0.48715415596961975,0.24449339509010315
YGR037C,YGR092W,0,0.0143422745,0.16791553795337677,0.48715415596961975,0.2445935159921646
YER055C,YEL004W,0,0.0143298805,0.16785836219787598,0.48715415596961975,0.24469363689422607
YMR016C,YJR082C,0,0.014320948,0.16780123114585876,0.48715415596961975,0.24479375779628754
YLR164W,YAL040C,0,0.014316526,0.16774412989616394,0.48715415596961975,0.244893878698349
YCL045C,YPR096C,0,0.014314255,0.1676870733499527,0.48715415596961975,0.24499399960041046
YBR183W,YML099C,0,0.014301406,0.16763006150722504,0.48715415596961975,0.24509410560131073
YIL171W,YDL148C,0,0.014289029,0.16757307946681976,0.48715415596961975,0.2451942265033722
YNR039C,YBR170C,0,0.014285641,0.16751614212989807,0.48715415596961975,0.24529434740543365
YDL130W,YIL108W,0,0.014282117,0.16745923459529877,0.48715415596961975,0.24539446830749512
YPL265W,YDR221W,0,0.014273959,0.16740237176418304,0.48715415596961975,0.24549458920955658
YNL336W,YMR061W,0,0.014265012,0.1673455536365509,0.48715415596961975,0.24559471011161804
YOL020W,YGR065C,1,0.014262892,0.16762809455394745,0.4881422817707062,0.24559471011161804
YBR122C,YML085C,0,0.014261421,0.16757123172283173,0.4881422817707062,0.2456948310136795
YPR047W,YDL075W,0,0.014260051,0.16751441359519958,0.4881422817707062,0.24579495191574097
YJL041W,YDR262W,0,0.014242314,0.16745762526988983,0.4881422817707062,0.24589507281780243
YGL002W,YIL105C,0,0.0142420735,0.16740088164806366,0.4881422817707062,0.2459951937198639
YDR103W,YER161C,0,0.014236283,0.16734416782855988,0.4881422817707062,0.24609531462192535
YPL170W,YKL208W,0,0.014221556,0.16728749871253967,0.4881422817707062,0.24619543552398682
YLL054C,YLR312W-A,0,0.014214402,0.16723087430000305,0.4881422817707062,0.24629555642604828
YJL159W,YJR135C,0,0.014214173,0.16717427968978882,0.4881422817707062,0.24639567732810974
YOR393W,YFL033C,0,0.014209552,0.16711772978305817,0.4881422817707062,0.2464957982301712
YLR440C,YML095C,0,0.014206564,0.1670612096786499,0.4881422817707062,0.24659591913223267
YMR054W,YCR075C,1,0.014200658,0.16734279692173004,0.489130437374115,0.24659591913223267
YOL070C,YOR149C,0,0.014181774,0.1672862470149994,0.489130437374115,0.24669604003429413
YIL034C,YLR105C,0,0.014179181,0.16722972691059113,0.489130437374115,0.2467961609363556
YPR075C,YDR358W,0,0.014164181,0.16717325150966644,0.489130437374115,0.24689628183841705
YLR414C,YBR299W,0,0.014163952,0.16711680591106415,0.489130437374115,0.24699640274047852
YLR452C,YOR083W,0,0.0141586345,0.16706040501594543,0.489130437374115,0.24709650874137878
YHL018W,YLR448W,0,0.014154418,0.1670040488243103,0.489130437374115,0.24719662964344025
YER020W,YDR144C,0,0.014144361,0.16694772243499756,0.489130437374115,0.2472967505455017
YOL130W,YBR106W,1,0.014141452,0.1672285944223404,0.4901185631752014,0.2472967505455017
YGL065C,YGL168W,0,0.014137527,0.16717222332954407,0.4901185631752014,0.24739687144756317
YJR094W-A,YOR127W,0,0.014134042,0.16711589694023132,0.4901185631752014,0.24749699234962463
YEL011W,YBL099W,0,0.01413179,0.16705961525440216,0.4901185631752014,0.2475971132516861
YCR039C,YOR256C,0,0.014123169,0.16700336337089539,0.4901185631752014,0.24769723415374756
YPL023C,YBR058C,0,0.014122844,0.1669471561908722,0.4901185631752014,0.24779735505580902
YBR084C-A,YJL092W,0,0.014122739,0.1668909788131714,0.4901185631752014,0.24789747595787048
YOL117W,YPR165W,0,0.01412046,0.16683484613895416,0.4901185631752014,0.24799759685993195
YPR119W,YNL158W,0,0.014118809,0.16677874326705933,0.4901185631752014,0.2480977177619934
YGL244W,YLR080W,0,0.014118381,0.16672268509864807,0.4901185631752014,0.24819783866405487
YPR194C,YOR232W,0,0.01411733,0.1666666716337204,0.4901185631752014,0.24829795956611633
YOL013C,YMR266W,0,0.01411023,0.1666106879711151,0.4901185631752014,0.2483980804681778
YLR309C,YBR058C-A,0,0.014107356,0.16655473411083221,0.4901185631752014,0.24849820137023926
YAL022C,YDR267C,0,0.014106201,0.1664988249540329,0.4901185631752014,0.24859832227230072
YPR001W,YNL169C,0,0.014104575,0.16644294559955597,0.4901185631752014,0.24869844317436218
YLR314C,YGR072W,0,0.014101628,0.16638712584972382,0.4901185631752014,0.24879856407642365
YDR260C,YPL020C,0,0.014101259,0.16633132100105286,0.4901185631752014,0.2488986849784851
YBR286W,YDR238C,0,0.014100917,0.16627556085586548,0.4901185631752014,0.24899880588054657
YBR282W,YLR408C,0,0.014092991,0.16621984541416168,0.4901185631752014,0.24909891188144684
YMR267W,YIL035C,0,0.014091667,0.16616415977478027,0.4901185631752014,0.2491990327835083
YER002W,YGR132C,0,0.01408904,0.16610850393772125,0.4901185631752014,0.24929915368556976
YCR057C,YOL157C,0,0.014088968,0.1660528928041458,0.4901185631752014,0.24939927458763123
YBL050W,YLR197W,0,0.014088109,0.16599732637405396,0.4901185631752014,0.2494993954896927
YPL268W,YOL013C,0,0.014082536,0.16594178974628448,0.4901185631752014,0.24959951639175415
YKL146W,YDL070W,0,0.0140756965,0.1658862829208374,0.4901185631752014,0.2496996372938156
YCR010C,YPL265W,1,0.01406971,0.16616515815258026,0.49110671877861023,0.2496996372938156
YOL122C,YBR295W,1,0.014069229,0.1664438545703888,0.49209487438201904,0.2496996372938156
YOR292C,YBL036C,0,0.014067651,0.16638824343681335,0.49209487438201904,0.24979975819587708
YCL036W,YML115C,0,0.0140651055,0.1663326621055603,0.49209487438201904,0.24989987909793854
YNR036C,YHR207C,0,0.014060825,0.16627712547779083,0.49209487438201904,0.25
YNL189W,YBR037C,0,0.014059635,0.16622163355350494,0.49209487438201904,0.25010010600090027
YKR006C,YBL058W,0,0.014055384,0.16616617143154144,0.49209487438201904,0.2502002418041229
YMR211W,YPR081C,0,0.014054517,0.16611073911190033,0.49209487438201904,0.2503003478050232
YKL144C,YNL186W,0,0.014052628,0.1660553514957428,0.49209487438201904,0.25040048360824585
YCR055C,YDR452W,0,0.014048722,0.16599999368190765,0.49209487438201904,0.2505005896091461
YOR243C,YLL015W,0,0.014047358,0.1659446805715561,0.49209487438201904,0.2506007254123688
YDL225W,YOL013C,0,0.014037172,0.1658894121646881,0.49209487438201904,0.25070083141326904
YGL134W,YOL075C,0,0.014032862,0.16583415865898132,0.49209487438201904,0.2508009672164917
YMR302C,YDR423C,0,0.014027473,0.1657789647579193,0.49209487438201904,0.25090107321739197
YLR348C,YJR040W,1,0.01402444,0.1660565733909607,0.49308300018310547,0.25090107321739197
YIR012W,YLL032C,0,0.014011962,0.1660013347864151,0.49308300018310547,0.2510012090206146
YJL134W,YDR472W,0,0.014011066,0.1659461259841919,0.49308300018310547,0.2511013150215149
YIL158W,YIL108W,0,0.014002117,0.16589096188545227,0.49308300018310547,0.25120145082473755
YDR285W,YGL100W,0,0.0140011795,0.16583582758903503,0.49308300018310547,0.2513015568256378
YJR009C,YLR228C,0,0.014000416,0.16578073799610138,0.49308300018310547,0.2514016926288605
YOR273C,YOL158C,1,0.013996042,0.1660577952861786,0.4940711557865143,0.2514016926288605
YLR401C,YPR091C,0,0.013986312,0.16600266098976135,0.4940711557865143,0.25150179862976074
YOR171C,YLR256W,0,0.013983518,0.1659475564956665,0.4940711557865143,0.2516019344329834
YOR071C,YNL065W,1,0.013982289,0.16622428596019745,0.4950592815876007,0.2516019344329834
YDR020C,YBL102W,0,0.013980826,0.1661691516637802,0.4950592815876007,0.25170204043388367
YNL079C,YIL105C,0,0.013980078,0.16611406207084656,0.4950592815876007,0.2518021762371063
YIL155C,YBL076C,0,0.01397679,0.1660590022802353,0.4950592815876007,0.2519022822380066
YER046W,YJL044C,0,0.013964842,0.1660039722919464,0.4950592815876007,0.25200238823890686
YOL123W,YGR261C,0,0.013964478,0.1659489870071411,0.4950592815876007,0.2521025240421295
YKL073W,YLR312W-A,0,0.013959103,0.1658940464258194,0.4950592815876007,0.2522026300430298
YPL015C,YHL044W,0,0.013941802,0.16583912074565887,0.4950592815876007,0.25230276584625244
YMR203W,YLR295C,1,0.0139389895,0.1661151498556137,0.4960474371910095,0.25230276584625244
YGL031C,YJR025C,0,0.01393546,0.166060209274292,0.4960474371910095,0.2524028718471527
YKL157W,YPL124W,0,0.01393255,0.16600528359413147,0.4960474371910095,0.25250300765037537
YIL044C,YGL009C,0,0.013929002,0.16595041751861572,0.4960474371910095,0.25260311365127563
YGL026C,YPL196W,0,0.013928313,0.16589556634426117,0.4960474371910095,0.2527032494544983
YEL017C-A,YOL122C,1,0.013928074,0.166171133518219,0.49703556299209595,0.2527032494544983
YLR092W,YKR105C,1,0.01391791,0.1664464920759201,0.49802371859550476,0.2527032494544983
YOR245C,YJL189W,0,0.013916492,0.1663915514945984,0.49802371859550476,0.25280335545539856
YEL036C,YDR060W,0,0.013911828,0.16633664071559906,0.49802371859550476,0.2529034912586212
YGL191W,YGL121C,0,0.013907023,0.16628175973892212,0.49802371859550476,0.2530035972595215
YMR013C,YNL169C,0,0.013900248,0.16622690856456757,0.49802371859550476,0.25310373306274414
YHL002W,YJR104C,0,0.013897045,0.1661721020936966,0.49802371859550476,0.2532038390636444
YJR152W,YDR322C-A,1,0.013896864,0.16644693911075592,0.4990118443965912,0.2532038390636444
YBL106C,YDR302W,0,0.013894416,0.16639208793640137,0.4990118443965912,0.25330397486686707
YKL152C,YOR307C,0,0.013889134,0.1663372814655304,0.4990118443965912,0.25340408086776733
YMR306W,YKL174C,0,0.013883987,0.166282519698143,0.4990118443965912,0.25350421667099
YML075C,YCL055W,0,0.013882464,0.166227787733078,0.4990118443965912,0.25360432267189026
YBL097W,YBR244W,0,0.013875239,0.1661730855703354,0.4990118443965912,0.2537044584751129
YDL019C,YGL180W,0,0.013873931,0.16611842811107635,0.4990118443965912,0.2538045644760132
YMR097C,YDL188C,0,0.013873916,0.1660638004541397,0.4990118443965912,0.25390470027923584
YGR084C,YML051W,0,0.013873432,0.16600920259952545,0.4990118443965912,0.2540048062801361
YHR183W,YNL046W,0,0.013863316,0.16595464944839478,0.4990118443965912,0.2541049122810364
YNL053W,YER154W,0,0.0138632,0.1659001260995865,0.4990118443965912,0.25420504808425903
YKL163W,YFR046C,0,0.013860181,0.16584564745426178,0.4990118443965912,0.2543051540851593
YHR214C-B,YOR354C,0,0.013859837,0.16579119861125946,0.4990118443965912,0.25440528988838196
YJR135W-A,YCL057W,0,0.0138520915,0.16573679447174072,0.4990118443965912,0.2545053958892822
YMR068W,YDR137W,0,0.01385106,0.16568242013454437,0.4990118443965912,0.2546055316925049
YPL159C,YGR096W,0,0.013842419,0.1656280755996704,0.4990118443965912,0.25470563769340515
YKL120W,YOR382W,1,0.013838977,0.16590164601802826,0.5,0.25470563769340515
YBL098W,YNR040W,0,0.013833223,0.16584725677967072,0.5,0.2548057734966278
YLR447C,YBR033W,0,0.013829667,0.16579292714595795,0.5,0.2549058794975281
YBR286W,YMR049C,0,0.013824338,0.16573861241340637,0.5,0.25500601530075073
YCR037C,YKL120W,1,0.0138239,0.166011780500412,0.5009881258010864,0.25500601530075073
YGR172C,YHL034C,0,0.013818823,0.16595745086669922,0.5009881258010864,0.255106121301651
YDR242W,YHL007C,0,0.013818701,0.16590313613414764,0.5009881258010864,0.25520625710487366
YBR234C,YPR162C,0,0.0138187,0.16584886610507965,0.5009881258010864,0.2553063631057739
YKL165C,YLR304C,0,0.013809323,0.16579464077949524,0.5009881258010864,0.2554064989089966
YBR037C,YOR344C,0,0.013803486,0.16574044525623322,0.5009881258010864,0.25550660490989685
YCR037C,YIL006W,1,0.013802893,0.16601307690143585,0.5019763112068176,0.25550660490989685
YNL115C,YPL086C,0,0.013799942,0.16595883667469025,0.5019763112068176,0.2556067407131195
YDR016C,YOR201C,0,0.013797377,0.16590464115142822,0.5019763112068176,0.2557068467140198
YMR046C,YER119C,0,0.013795625,0.1658504754304886,0.5019763112068176,0.25580698251724243
YLR013W,YDR354W,0,0.013792984,0.16579633951187134,0.5019763112068176,0.2559070885181427
YGR249W,YER068W,0,0.013789868,0.16574224829673767,0.5019763112068176,0.25600719451904297
YIL155C,YDR174W,0,0.013774291,0.1656881868839264,0.5019763112068176,0.2561073303222656
YPL221W,YKL016C,1,0.013750726,0.16596022248268127,0.502964437007904,0.2561073303222656
YLL054C,YNL271C,0,0.013741069,0.1659061312675476,0.502964437007904,0.2562074363231659
YNR032W,YPR043W,0,0.013739442,0.16585206985473633,0.502964437007904,0.25630757212638855
YBR286W,YOR356W,0,0.013739364,0.16579803824424744,0.502964437007904,0.2564076781272888
YKR054C,YOL101C,0,0.013737871,0.16574405133724213,0.502964437007904,0.2565078139305115
YDR394W,YLR074C,0,0.013735753,0.1656901091337204,0.502964437007904,0.25660791993141174
YDR425W,YNL075W,0,0.013728943,0.16563618183135986,0.502964437007904,0.2567080557346344
YNR017W,YJL153C,0,0.013722613,0.1655822992324829,0.502964437007904,0.25680816173553467
YHR172W,YCR053W,0,0.013720764,0.16552846133708954,0.502964437007904,0.2569082975387573
YGR020C,YDL120W,1,0.013720648,0.16579973697662354,0.5039525628089905,0.2569082975387573
YLR008C,YBR276C,0,0.013720125,0.16574585437774658,0.5039525628089905,0.2570084035396576
YOL056W,YOR008C,0,0.013720021,0.16569200158119202,0.5039525628089905,0.25710853934288025
YJR051W,YLR449W,0,0.013715832,0.16563819348812103,0.5039525628089905,0.2572086453437805
YIL080W,YDR231C,0,0.013710244,0.16558441519737244,0.5039525628089905,0.2573087811470032
YOL100W,YBR215W,0,0.013708825,0.16553066670894623,0.5039525628089905,0.25740888714790344
YHR216W,YOL088C,0,0.01369926,0.1654769629240036,0.5039525628089905,0.2575090229511261
YBL064C,YMR297W,0,0.0136967115,0.16542328894138336,0.5039525628089905,0.25760912895202637
YLR390W,YDR530C,0,0.013695905,0.1653696447610855,0.5039525628089905,0.257709264755249
YBL064C,YDL132W,0,0.013678404,0.16531604528427124,0.5039525628089905,0.2578093707561493
YIR002C,YLR295C,0,0.013673052,0.16526247560977936,0.5039525628089905,0.25790947675704956
YKL205W,YDL246C,0,0.013671756,0.16520893573760986,0.5039525628089905,0.2580096125602722
YLR147C,YPR189W,0,0.013669945,0.16515544056892395,0.5039525628089905,0.2581097185611725
YLR165C,YMR168C,0,0.01366949,0.16510197520256042,0.5039525628089905,0.25820985436439514
YLR268W,YIL035C,0,0.013668135,0.1650485396385193,0.5039525628089905,0.2583099603652954
YHR084W,YPR156C,0,0.01366521,0.16499514877796173,0.5039525628089905,0.25841009616851807
YPL087W,YER048W-A,0,0.01366129,0.16494178771972656,0.5039525628089905,0.25851020216941833
YGL185C,YBL026W,0,0.013647951,0.16488845646381378,0.5039525628089905,0.258610337972641
YMR135C,YJR076C,0,0.013636656,0.16483516991138458,0.5039525628089905,0.25871044397354126
YPR094W,YGR038W,0,0.013628088,0.16478191316127777,0.5039525628089905,0.2588105797767639
YML034W,YER016W,0,0.013620868,0.16472868621349335,0.5039525628089905,0.2589106857776642
YBR022W,YGR154C,0,0.01361866,0.1646754890680313,0.5039525628089905,0.25901082158088684
YJL071W,YGL123W,0,0.013615813,0.16462233662605286,0.5039525628089905,0.2591109275817871
YLR359W,YKR029C,0,0.013613359,0.1645692139863968,0.5039525628089905,0.25921106338500977
YGR071C,YMR203W,0,0.013612924,0.1645161360502243,0.5039525628089905,0.25931116938591003
YIL122W,YPR060C,0,0.013609555,0.164463073015213,0.5039525628089905,0.2594113051891327
YBR106W,YOR192C,1,0.0136092305,0.164732426404953,0.5049406886100769,0.2594113051891327
YLR130C,YEL051W,1,0.013605949,0.16500161588191986,0.5059288740158081,0.2594113051891327
YGL137W,YOR283W,0,0.013597429,0.1649484485387802,0.5059288740158081,0.25951141119003296
YDR373W,YKL113C,0,0.013568088,0.16489532589912415,0.5059288740158081,0.2596115469932556
YNL335W,YBR185C,0,0.01356709,0.16484224796295166,0.5059288740158081,0.2597116529941559
YBL020W,YLR170C,0,0.0135572255,0.16478918492794037,0.5059288740158081,0.25981178879737854
YMR043W,YLR441C,0,0.01355464,0.16473616659641266,0.5059288740158081,0.2599118947982788
YDR006C,YPL046C,0,0.013540965,0.16468317806720734,0.5059288740158081,0.2600120007991791
YGL090W,YER061C,0,0.013535725,0.1646302193403244,0.5059288740158081,0.26011213660240173
YCR014C,YDR079C-A,0,0.01352548,0.16457730531692505,0.5059288740158081,0.260212242603302
YNL339C,YDR052C,0,0.013518006,0.16452442109584808,0.5059288740158081,0.26031237840652466
YLR398C,YNL139C,0,0.013517391,0.1644715666770935,0.5059288740158081,0.2604124844074249
YOR120W,YLR306W,0,0.013517149,0.1644187569618225,0.5059288740158081,0.2605126202106476
YDR534C,YCR027C,1,0.013515675,0.16468699276447296,0.5069169998168945,0.2605126202106476
YEL070W,YDR385W,0,0.013505731,0.16463415324687958,0.5069169998168945,0.26061272621154785
YJL094C,YCR024C-A,1,0.01349572,0.16490215063095093,0.507905125617981,0.26061272621154785
YBR066C,YDR081C,0,0.013495017,0.16484926640987396,0.507905125617981,0.2607128620147705
YLR276C,YOR214C,0,0.013492702,0.16479641199111938,0.507905125617981,0.2608129680156708
YER002W,YBR182C,0,0.0134908,0.1647435873746872,0.507905125617981,0.26091310381889343
YHR026W,YOR316C,1,0.01348171,0.1650112122297287,0.5088932514190674,0.26091310381889343
YGR191W,YDL103C,0,0.013480805,0.16495835781097412,0.5088932514190674,0.2610132098197937
YOR303W,YDL204W,0,0.0134802535,0.16490553319454193,0.5088932514190674,0.26111334562301636
YHR175W,YDR135C,1,0.013477604,0.16517286002635956,0.5098814368247986,0.26111334562301636
YGR096W,YGR087C,0,0.013477174,0.16512000560760498,0.5098814368247986,0.2612134516239166
YPR067W,YGL006W,1,0.013476348,0.1653870791196823,0.510869562625885,0.2612134516239166
YNR008W,YJR053W,0,0.013473802,0.16533417999744415,0.510869562625885,0.2613135874271393
YOL127W,YHR135C,0,0.0134724025,0.16528132557868958,0.510869562625885,0.26141369342803955
YDL128W,YJL081C,0,0.013471197,0.16522850096225739,0.510869562625885,0.2615138292312622
YHL033C,YNL326C,0,0.013470538,0.16517572104930878,0.510869562625885,0.2616139352321625
YKL212W,YCL047C,0,0.013468908,0.16512297093868256,0.510869562625885,0.26171407103538513
YMR315W,YPL108W,0,0.01345539,0.16507023572921753,0.510869562625885,0.2618141770362854
YDL055C,YEL013W,0,0.013454355,0.16501756012439728,0.510869562625885,0.26191428303718567
YLR237W,YAR015W,0,0.013450503,0.16496489942073822,0.510869562625885,0.2620144188404083
YCR017C,YOR083W,0,0.01344515,0.16491228342056274,0.510869562625885,0.2621145248413086
YPL112C,YOR308C,0,0.013429527,0.16485969722270966,0.510869562625885,0.26221466064453125
YDR017C,YMR236W,0,0.013427194,0.16480714082717896,0.510869562625885,0.2623147666454315
YGL253W,YNL208W,0,0.013426181,0.16475461423397064,0.510869562625885,0.2624149024486542
YFR005C,YER173W,0,0.013425341,0.1647021323442459,0.510869562625885,0.26251500844955444
YER013W,YGR125W,0,0.013422669,0.16464968025684357,0.510869562625885,0.2626151442527771
YHR123W,YPR065W,0,0.01341011,0.1645972579717636,0.510869562625885,0.26271525025367737
YPL023C,YDR494W,0,0.013397891,0.16454488039016724,0.510869562625885,0.2628153860569
YLR086W,YOR123C,0,0.013389345,0.16449251770973206,0.510869562625885,0.2629154920578003
YKR050W,YBR106W,1,0.013389152,0.16475826501846313,0.5118576884269714,0.2629154920578003
YPR181C,YDR072C,0,0.013387334,0.16470588743686676,0.5118576884269714,0.26301562786102295
YPR075C,YIL157C,0,0.013378525,0.16465352475643158,0.5118576884269714,0.2631157338619232
YGR014W,YER042W,0,0.013378333,0.16460120677947998,0.5118576884269714,0.2632158696651459
YLL055W,YPR132W,0,0.013375081,0.16454891860485077,0.5118576884269714,0.26331597566604614
YOR022C,YJR159W,0,0.013374038,0.16449666023254395,0.5118576884269714,0.2634161114692688
YJL117W,YDR298C,1,0.013372498,0.16476190090179443,0.5128458738327026,0.2634161114692688
YMR115W,YBR106W,0,0.013370482,0.16470961272716522,0.5128458738327026,0.26351621747016907
YKL130C,YHR023W,0,0.013368556,0.1646573543548584,0.5128458738327026,0.2636163532733917
YNR013C,YPL208W,0,0.01336244,0.16460514068603516,0.5128458738327026,0.263716459274292
YOL109W,YNL026W,0,0.013358824,0.1645529419183731,0.5128458738327026,0.26381656527519226
YLL055W,YNL098C,0,0.013349836,0.16450078785419464,0.5128458738327026,0.2639167010784149
YMR068W,YML126C,0,0.013347756,0.16444866359233856,0.5128458738327026,0.2640168070793152
YLR229C,YDL126C,0,0.013345532,0.16439658403396606,0.5128458738327026,0.26411694288253784
YOR377W,YBL034C,0,0.013345044,0.16434451937675476,0.5128458738327026,0.2642170488834381
YGL079W,YKL218C,0,0.013342218,0.16429249942302704,0.5128458738327026,0.26431718468666077
YPR201W,YKL016C,1,0.013339825,0.16455696523189545,0.5138339996337891,0.26431718468666077
YMR061W,YNR039C,0,0.0133384615,0.16450490057468414,0.5138339996337891,0.26441729068756104
YDR245W,YDL146W,0,0.013327317,0.16445288062095642,0.5138339996337891,0.2645174264907837
YGR059W,YPR112C,0,0.013323441,0.1644008904695511,0.5138339996337891,0.26461753249168396
YAR010C,YNL147W,0,0.01330958,0.16434893012046814,0.5138339996337891,0.2647176682949066
YKR081C,YLR286C,0,0.013299119,0.16429699957370758,0.5138339996337891,0.2648177742958069
YOR312C,YLR272C,0,0.013296265,0.1642450988292694,0.5138339996337891,0.26491791009902954
YBR031W,YDR242W,0,0.013288915,0.16419324278831482,0.5138339996337891,0.2650180160999298
YDR173C,YDR139C,0,0.013286883,0.16414141654968262,0.5138339996337891,0.26511815190315247
YOR205C,YLR285W,0,0.013284855,0.1640896201133728,0.5138339996337891,0.26521825790405273
YPR140W,YJL210W,0,0.013282421,0.16403785347938538,0.5138339996337891,0.2653183937072754
YHR063C,YJL187C,0,0.013276625,0.16398613154888153,0.5138339996337891,0.26541849970817566
YKL010C,YPL090C,0,0.013275027,0.16393442451953888,0.5138339996337891,0.2655186355113983
YDR432W,YKR087C,0,0.013274562,0.1638827621936798,0.5138339996337891,0.2656187415122986
YML125C,YMR200W,0,0.013273152,0.16383112967014313,0.5138339996337891,0.26571887731552124
YHR174W,YAL034W-A,0,0.013272848,0.16377952694892883,0.5138339996337891,0.2658189833164215
YGR096W,YDR270W,1,0.013272742,0.16404281556606293,0.5148221254348755,0.2658189833164215
YNL244C,YCR039C,0,0.013270222,0.16399118304252625,0.5148221254348755,0.2659190893173218
YLL043W,YOR271C,1,0.013270117,0.16425424814224243,0.5158102512359619,0.2659190893173218
YGR020C,YGR191W,1,0.013265956,0.16451714932918549,0.5167984366416931,0.2659190893173218
YNL212W,YLR020C,0,0.013261447,0.16446541249752045,0.5167984366416931,0.26601922512054443
YNL189W,YNR043W,0,0.013257135,0.1644137054681778,0.5167984366416931,0.2661193311214447
YIL131C,YJL165C,0,0.013254975,0.16436204314231873,0.5167984366416931,0.26621946692466736
YMR016C,YDR476C,0,0.013254579,0.16431039571762085,0.5167984366416931,0.2663195729255676
YGL021W,YLR237W,0,0.013253307,0.16425879299640656,0.5167984366416931,0.2664197087287903
YMR306W,YKR039W,0,0.013250142,0.16420722007751465,0.5167984366416931,0.26651981472969055
YPR166C,YJR107W,0,0.013249945,0.16415567696094513,0.5167984366416931,0.2666199505329132
YDR065W,YLR425W,0,0.013241978,0.1641041785478592,0.5167984366416931,0.2667200565338135
YDR117C,YMR005W,0,0.013238711,0.16405269503593445,0.5167984366416931,0.26682019233703613
YIL097W,YDR409W,0,0.013237737,0.1640012562274933,0.5167984366416931,0.2669202983379364
YER011W,YER016W,0,0.013234787,0.1639498472213745,0.5167984366416931,0.26702043414115906
YDR238C,YNL261W,0,0.013234384,0.16389846801757812,0.5167984366416931,0.2671205401420593
YLR283W,YGR063C,0,0.013232756,0.16384711861610413,0.5167984366416931,0.267220675945282
YOR328W,YDL059C,0,0.0132255815,0.16379579901695251,0.5167984366416931,0.26732078194618225
YHR124W,YNL322C,0,0.013222467,0.16374452412128448,0.5167984366416931,0.2674209177494049
YIR036C,YKL140W,0,0.013221454,0.16369326412677765,0.5167984366416931,0.2675210237503052
YGR029W,YER130C,0,0.0132193975,0.1636420488357544,0.5167984366416931,0.26762115955352783
YMR043W,YHL007C,0,0.013213906,0.16359086334705353,0.5167984366416931,0.2677212655544281
YHR002W,YJR045C,0,0.013203152,0.16353970766067505,0.5167984366416931,0.26782137155532837
YNL169C,YPL123C,0,0.013197586,0.16348859667778015,0.5167984366416931,0.267921507358551
YHR072W-A,YOL071W,0,0.013195996,0.16343750059604645,0.5167984366416931,0.2680216133594513
YHR167W,YIL041W,0,0.013192192,0.16338643431663513,0.5167984366416931,0.26812174916267395
YIL140W,YOR274W,0,0.013188317,0.1633354127407074,0.5167984366416931,0.2682218551635742
YLL054C,YGL047W,0,0.013186334,0.16328442096710205,0.5167984366416931,0.2683219909667969
YLR266C,YLR182W,0,0.013184238,0.1632334589958191,0.5167984366416931,0.26842209696769714
YKL183W,YOR369C,0,0.01318042,0.16318252682685852,0.5167984366416931,0.2685222327709198
YKL165C,YHL040C,1,0.013171412,0.16344355046749115,0.5177865624427795,0.2685222327709198
YDR221W,YPL174C,0,0.013166559,0.163392573595047,0.5177865624427795,0.26862233877182007
YDR320C-A,YIR012W,0,0.013162143,0.16334164142608643,0.5177865624427795,0.2687224745750427
YML065W,YBR093C,0,0.013139065,0.16329073905944824,0.5177865624427795,0.268822580575943
YGR133W,YHR018C,0,0.013131041,0.16323988139629364,0.5177865624427795,0.26892271637916565
YML073C,YBR135W,0,0.013127368,0.16318903863430023,0.5177865624427795,0.2690228223800659
YMR054W,YGL131C,0,0.013124768,0.1631382256746292,0.5177865624427795,0.2691229581832886
YDL137W,YHR072W-A,0,0.013117634,0.16308745741844177,0.5177865624427795,0.26922306418418884
YOR063W,YER150W,0,0.013113249,0.16303671896457672,0.5177865624427795,0.2693231999874115
YPL170W,YAL032C,0,0.013108653,0.16298601031303406,0.5177865624427795,0.26942330598831177
YJL063C,YLR421C,0,0.013103019,0.1629353165626526,0.5177865624427795,0.2695234417915344
YDL060W,YOR150W,0,0.013102666,0.1628846824169159,0.5177865624427795,0.2696235477924347
YDR311W,YMR037C,0,0.01309276,0.1628340631723404,0.5177865624427795,0.26972365379333496
YKL065C,YNL046W,0,0.01309101,0.16278347373008728,0.5177865624427795,0.2698237895965576
YKL218C,YPL259C,0,0.013077855,0.16273291409015656,0.5177865624427795,0.2699238955974579
YGR087C,YIL142W,0,0.013068922,0.1626823991537094,0.5177865624427795,0.27002403140068054
YNL275W,YOL077W-A,1,0.013068842,0.16294227540493011,0.518774688243866,0.27002403140068054
YJR121W,YKL025C,0,0.013048485,0.1628917157649994,0.518774688243866,0.2701241374015808
YMR269W,YLR233C,0,0.013042213,0.16284118592739105,0.518774688243866,0.27022427320480347
YNL220W,YER087C-B,0,0.013042174,0.1627907007932663,0.518774688243866,0.27032437920570374
YNL134C,YAR035W,0,0.013032522,0.16274023056030273,0.518774688243866,0.2704245150089264
YCR068W,YDL110C,0,0.013020698,0.16268980503082275,0.518774688243866,0.27052462100982666
YDR033W,YLR348C,1,0.01301707,0.16294918954372406,0.5197628736495972,0.27052462100982666
YDR130C,YAL016W,0,0.0130161345,0.1628987342119217,0.5197628736495972,0.2706247568130493
YOL001W,YNR011C,0,0.013015715,0.16284829378128052,0.5197628736495972,0.2707248628139496
YGR222W,YKR056W,0,0.013015639,0.16279789805412292,0.5197628736495972,0.27082499861717224
YPL055C,YNR021W,0,0.0130092185,0.16274753212928772,0.5197628736495972,0.2709251046180725
YDR247W,YBR299W,0,0.012994284,0.1626971811056137,0.5197628736495972,0.27102524042129517
YDR052C,YMR233W,0,0.012990456,0.16264687478542328,0.5197628736495972,0.27112534642219543
YGR256W,YOL111C,0,0.012988912,0.16259659826755524,0.5197628736495972,0.2712254822254181
YPL244C,YMR236W,0,0.012988588,0.16254635155200958,0.5197628736495972,0.27132558822631836
YOR361C,YGR240C,0,0.012983862,0.16249613463878632,0.5197628736495972,0.271425724029541
YHR143W-A,YHR003C,0,0.012979548,0.16244594752788544,0.5197628736495972,0.2715258300304413
YER180C,YGL038C,0,0.012969226,0.16239580512046814,0.5197628736495972,0.27162596583366394
YDR519W,YMR311C,0,0.012968795,0.16234567761421204,0.5197628736495972,0.2717260718345642
YJL117W,YOR306C,1,0.012966439,0.16260413825511932,0.5207509994506836,0.2717260718345642
YGR036C,YDR443C,0,0.01296146,0.16255398094654083,0.5207509994506836,0.2718261778354645
YFL037W,YNR070W,0,0.012959551,0.16250385344028473,0.5207509994506836,0.27192631363868713
YOR349W,YOR338W,0,0.0129578635,0.162453755736351,0.5207509994506836,0.2720264196395874
YNL122C,YKL174C,0,0.012956427,0.16240370273590088,0.5207509994506836,0.27212655544281006
YLR278C,YML085C,0,0.012943355,0.16235366463661194,0.5207509994506836,0.2722266614437103
YDL045W-A,YMR092C,0,0.012941433,0.16230367124080658,0.5207509994506836,0.272326797246933
YJR031C,YPL240C,0,0.012939832,0.16225369274616241,0.5207509994506836,0.27242690324783325
YJL094C,YOL152W,1,0.012937173,0.16251154243946075,0.52173912525177,0.27242690324783325
YAL054C,YNL147W,0,0.01293255,0.1624615341424942,0.52173912525177,0.2725270390510559
YDR123C,YNL163C,0,0.012924306,0.16241157054901123,0.52173912525177,0.2726271450519562
YMR021C,YDL029W,0,0.01292274,0.16236162185668945,0.52173912525177,0.27272728085517883
YHR028C,YKL012W,0,0.012917133,0.16231171786785126,0.52173912525177,0.2728273868560791
YGL169W,YMR282C,0,0.012907695,0.16226182878017426,0.52173912525177,0.27292752265930176
YJL214W,YMR184W,0,0.012903683,0.16221198439598083,0.52173912525177,0.273027628660202
YDL035C,YER089C,0,0.012895543,0.1621621549129486,0.52173912525177,0.2731277644634247
YDR236C,YOR283W,0,0.012893336,0.16211237013339996,0.52173912525177,0.27322787046432495
YOR329C,YDL095W,0,0.012889179,0.1620626151561737,0.52173912525177,0.2733280062675476
YLR002C,YJL145W,0,0.012868625,0.16201288998126984,0.52173912525177,0.2734281122684479
YML058W,YDL236W,0,0.012864796,0.16196319460868835,0.52173912525177,0.27352824807167053
YLR348C,YDL128W,1,0.0128631145,0.16222018003463745,0.5227272510528564,0.27352824807167053
YNL061W,YNL290W,0,0.012859511,0.16217045485973358,0.5227272510528564,0.2736283540725708
YBR155W,YJR034W,0,0.0128578935,0.1621207445859909,0.5227272510528564,0.27372846007347107
YMR211W,YLR285W,0,0.012856863,0.1620710790157318,0.5227272510528564,0.2738285958766937
YGR036C,YEL022W,0,0.012855068,0.1620214432477951,0.5227272510528564,0.273928701877594
YJR143C,YDR307W,0,0.012854321,0.1619718372821808,0.5227272510528564,0.27402883768081665
YDR003W,YPR178W,0,0.012851499,0.16192224621772766,0.5227272510528564,0.2741289436817169
YNL262W,YLR321C,0,0.012851045,0.16187269985675812,0.5227272510528564,0.2742290794849396
YPL031C,YML014W,0,0.012849212,0.16182318329811096,0.5227272510528564,0.27432918548583984
YPL188W,YPR152C,0,0.012847867,0.1617736965417862,0.5227272510528564,0.2744293212890625
YNL073W,YBR161W,0,0.012846338,0.1617242395877838,0.5227272510528564,0.27452942728996277
YIR009W,YMR203W,0,0.01284134,0.16167481243610382,0.5227272510528564,0.2746295630931854
YOL043C,YDL083C,0,0.012839038,0.16162541508674622,0.5227272510528564,0.2747296690940857
YBR074W,YCR014C,0,0.012838155,0.161576047539711,0.5227272510528564,0.27482980489730835
YCR053W,YIR014W,0,0.012835995,0.16152672469615936,0.5227272510528564,0.2749299108982086
YHR004C,YDR329C,0,0.01283453,0.16147741675376892,0.5227272510528564,0.2750300467014313
YHR084W,YGL249W,0,0.012832016,0.16142813861370087,0.5227272510528564,0.27513015270233154
YDR153C,YLR340W,0,0.012829602,0.1613788902759552,0.5227272510528564,0.2752302885055542
YIL078W,YGR112W,0,0.012821848,0.16132967174053192,0.5227272510528564,0.27533039450645447
YNL106C,YLR133W,0,0.01281767,0.16128048300743103,0.5227272510528564,0.2754305303096771
YJL081C,YHR029C,0,0.0128174815,0.16123133897781372,0.5227272510528564,0.2755306363105774
YGL178W,YBL090W,0,0.012816832,0.1611822098493576,0.5227272510528564,0.27563074231147766
YDL021W,YDR180W,0,0.012813956,0.16113311052322388,0.5227272510528564,0.2757308781147003
YJR152W,YBR274W,0,0.012810605,0.16108404099941254,0.5227272510528564,0.2758309841156006
YNR004W,YER174C,0,0.012803409,0.16103500127792358,0.5227272510528564,0.27593111991882324
YGR264C,YER029C,0,0.012802474,0.1609860062599182,0.5227272510528564,0.2760312259197235
YOL038W,YJL138C,0,0.012799761,0.16093702614307404,0.5227272510528564,0.27613136172294617
YGR096W,YOL077W-A,1,0.012798641,0.16119220852851868,0.5237154364585876,0.27613136172294617
YDR432W,YIL074C,0,0.01279767,0.1611431986093521,0.5237154364585876,0.27623146772384644
YHL032C,YGL172W,0,0.012789386,0.16109421849250793,0.5237154364585876,0.2763316035270691
YPL081W,YNL160W,0,0.012788836,0.16104526817798615,0.5237154364585876,0.27643170952796936
YPL084W,YOR148C,0,0.0127799,0.16099634766578674,0.5237154364585876,0.276531845331192
YJL030W,YHR007C,0,0.012774685,0.16094745695590973,0.5237154364585876,0.2766319513320923
YHL002W,YOL013C,0,0.012766577,0.1608986109495163,0.5237154364585876,0.27673208713531494
YOR167C,YHR039C-A,0,0.012760781,0.16084976494312286,0.5237154364585876,0.2768321931362152
YOL057W,YDR451C,0,0.012760242,0.160800963640213,0.5237154364585876,0.27693232893943787
YGL254W,YGL167C,1,0.012758112,0.16105550527572632,0.5247035622596741,0.27693232893943787
YCR028C-A,YPR091C,0,0.012750043,0.16100667417049408,0.5247035622596741,0.27703243494033813
YLR208W,YOR299W,0,0.012745492,0.16095787286758423,0.5247035622596741,0.2771325707435608
YOL075C,YMR134W,0,0.012744864,0.16090908646583557,0.5247035622596741,0.27723267674446106
YPL268W,YDR369C,0,0.012741619,0.1608603447675705,0.5247035622596741,0.2773328125476837
YDR163W,YLR308W,0,0.012739304,0.1608116328716278,0.5247035622596741,0.277432918548584
YDL171C,YDR174W,0,0.012737758,0.1607629358768463,0.5247035622596741,0.27753305435180664
YOL100W,YLL012W,0,0.012736853,0.1607142835855484,0.5247035622596741,0.2776331603527069
YLR314C,YDR262W,0,0.0127254985,0.16066566109657288,0.5247035622596741,0.2777332663536072
YNR050C,YDL022W,0,0.01271677,0.16061705350875854,0.5247035622596741,0.27783340215682983
YGR023W,YPL249C,0,0.012715332,0.1605684906244278,0.5247035622596741,0.2779335081577301
YBR283C,YGR068C,0,0.012714093,0.16051995754241943,0.5247035622596741,0.27803364396095276
YPL051W,YBL024W,0,0.012712747,0.16047143936157227,0.5247035622596741,0.278133749961853
YCR003W,YJR053W,0,0.012705941,0.16042296588420868,0.5247035622596741,0.2782338857650757
YGR140W,YPL011C,0,0.012696724,0.1603745073080063,0.5247035622596741,0.27833399176597595
YML032C,YOL124C,0,0.012696588,0.16032609343528748,0.5247035622596741,0.2784341275691986
YML039W,YPR127W,0,0.012693646,0.16027769446372986,0.5247035622596741,0.2785342335700989
YKR009C,YML052W,0,0.012692377,0.16022932529449463,0.5247035622596741,0.27863436937332153
YDL150W,YDR103W,0,0.012692146,0.16018100082874298,0.5247035622596741,0.2787344753742218
YDR248C,YAL061W,0,0.012690692,0.16013269126415253,0.5247035622596741,0.27883461117744446
YGR049W,YGL040C,0,0.01267831,0.16008441150188446,0.5247035622596741,0.2789347171783447
YJL166W,YER154W,0,0.0126749,0.16003616154193878,0.5247035622596741,0.2790348529815674
YIL168W,YLL033W,0,0.012669943,0.1599879413843155,0.5247035622596741,0.27913495898246765
YOR297C,YPL028W,0,0.012663528,0.15993976593017578,0.5247035622596741,0.2792350947856903
YNL073W,YNR012W,0,0.012661155,0.15989160537719727,0.5247035622596741,0.2793352007865906
YKL188C,YGR071C,0,0.012647881,0.15984347462654114,0.5247035622596741,0.27943533658981323
YKL172W,YDR312W,0,0.012644358,0.1597953587770462,0.5247035622596741,0.2795354425907135
YNL301C,YDR254W,0,0.012640417,0.15974728763103485,0.5247035622596741,0.27963554859161377
YGR274C,YNR028W,0,0.012637645,0.1596992462873459,0.5247035622596741,0.2797356843948364
YOR355W,YLR047C,0,0.012628979,0.1596512347459793,0.5247035622596741,0.2798357903957367
YCL019W,YPR113W,0,0.0126267625,0.15960325300693512,0.5247035622596741,0.27993592619895935
YDR312W,YIL048W,0,0.012619009,0.15955528616905212,0.5247035622596741,0.2800360321998596
YJL093C,YOL030W,0,0.012613483,0.1595073640346527,0.5247035622596741,0.2801361680030823
YLR042C,YML058W,0,0.012604319,0.1594594568014145,0.5247035622596741,0.28023627400398254
YER020W,YLR010C,0,0.012604125,0.15941159427165985,0.5247035622596741,0.2803364098072052
YJL010C,YOR215C,0,0.0125976335,0.1593637466430664,0.5247035622596741,0.28043651580810547
YNL071W,YGL186C,0,0.01259372,0.15931592881679535,0.5247035622596741,0.2805366516113281
YDL039C,YMR236W,0,0.012590978,0.15926814079284668,0.5247035622596741,0.2806367576122284
YIL138C,YOR037W,0,0.012583245,0.1592203825712204,0.5247035622596741,0.28073689341545105
YIL002C,YLR029C,0,0.012580454,0.1591726690530777,0.5247035622596741,0.2808369994163513
YBR199W,YCR014C,0,0.012579973,0.159124955534935,0.5247035622596741,0.280937135219574
YML027W,YML009C,0,0.012577424,0.15907728672027588,0.5247035622596741,0.28103724122047424
YNL241C,YAL047C,0,0.012569551,0.15902964770793915,0.5247035622596741,0.2811373770236969
YGR052W,YPR021C,0,0.012563176,0.1589820384979248,0.5247035622596741,0.28123748302459717
YJL051W,YDR126W,0,0.01255521,0.15893444418907166,0.5247035622596741,0.2813376188278198
YLR128W,YLR410W,0,0.012550395,0.1588868945837021,0.5247035622596741,0.2814377248287201
YOL057W,YFR029W,0,0.01254105,0.1588393598794937,0.5247035622596741,0.28153783082962036
YBR118W,YER016W,0,0.012534363,0.15879186987876892,0.5247035622596741,0.281637966632843
YOL108C,YDR298C,0,0.012534337,0.15874439477920532,0.5247035622596741,0.2817380726337433
YJL099W,YDL043C,0,0.012532102,0.1586969494819641,0.5247035622596741,0.28183820843696594
YGL190C,YDR302W,0,0.012528167,0.1586495339870453,0.5247035622596741,0.2819383144378662
YJL133W,YOL130W,1,0.012526799,0.15890084207057953,0.5256916880607605,0.2819383144378662
YJR065C,YLR316C,0,0.01252562,0.15885338187217712,0.5256916880607605,0.28203845024108887
YIL113W,YPR060C,0,0.012523919,0.1588059663772583,0.5256916880607605,0.28213855624198914
YDR020C,YKR014C,0,0.012518553,0.15875858068466187,0.5256916880607605,0.2822386920452118
YBR278W,YLR343W,0,0.01251629,0.15871120989322662,0.5256916880607605,0.28233879804611206
YOR306C,YOR147W,0,0.012497194,0.15866388380527496,0.5256916880607605,0.2824389338493347
YHR064C,YLR100W,0,0.012485122,0.1586165726184845,0.5256916880607605,0.282539039850235
YGL124C,YGL226C-A,0,0.012478553,0.1585693061351776,0.5256916880607605,0.28263917565345764
YBR207W,YAR003W,0,0.012464989,0.15852205455303192,0.5256916880607605,0.2827392816543579
YMR199W,YDL200C,0,0.012463992,0.15847483277320862,0.5256916880607605,0.28283941745758057
YNL127W,YKL101W,0,0.012459653,0.1584276407957077,0.5256916880607605,0.28293952345848083
YDR311W,YLR301W,0,0.012457211,0.15838046371936798,0.5256916880607605,0.2830396592617035
YDR288W,YOL140W,0,0.012456015,0.15833333134651184,0.5256916880607605,0.28313976526260376
YKR104W,YBR198C,0,0.012440238,0.1582862287759781,0.5256916880607605,0.2832399010658264
YLL038C,YFL008W,0,0.012432158,0.15823914110660553,0.5256916880607605,0.2833400070667267
YOR125C,YJL172W,0,0.012431029,0.15819208323955536,0.5256916880607605,0.28344014286994934
YOR273C,YOL077W-A,1,0.012426574,0.15844233334064484,0.5266798138618469,0.28344014286994934
YPL092W,YBL036C,0,0.012423163,0.15839524567127228,0.5266798138618469,0.2835402488708496
YGR278W,YBR288C,0,0.012418922,0.1583481878042221,0.5266798138618469,0.2836403548717499
YJR047C,YGR091W,0,0.012407706,0.15830115973949432,0.5266798138618469,0.28374049067497253
YPR132W,YKL011C,0,0.012406077,0.15825416147708893,0.5266798138618469,0.2838405966758728
YIL159W,YDR170C,0,0.0124053415,0.15820717811584473,0.5266798138618469,0.28394073247909546
YMR020W,YNR027W,0,0.012390787,0.1581602394580841,0.5266798138618469,0.2840408384799957
YNR072W,YBR199W,0,0.0123863425,0.15811331570148468,0.5266798138618469,0.2841409742832184
YBL019W,YHR027C,0,0.012384266,0.15806643664836884,0.5266798138618469,0.28424108028411865
YNR060W,YOR382W,1,0.012375977,0.15831604599952698,0.5276679992675781,0.28424108028411865
YKL065C,YIL099W,0,0.012374539,0.15826912224292755,0.5276679992675781,0.2843412160873413
YBR257W,YOR133W,0,0.012373541,0.1582222282886505,0.5276679992675781,0.2844413220882416
YMR284W,YMR235C,0,0.012371853,0.15817534923553467,0.5276679992675781,0.28454145789146423
YDL191W,YHL027W,0,0.012367852,0.1581285148859024,0.5276679992675781,0.2846415638923645
YDR054C,YJL090C,0,0.012356713,0.15808171033859253,0.5276679992675781,0.28474169969558716
YDR389W,YPL214C,0,0.01235641,0.15803492069244385,0.5276679992675781,0.2848418056964874
YBL026W,YBR185C,0,0.012350783,0.15798816084861755,0.5276679992675781,0.2849419414997101
YOR332W,YOR061W,0,0.012342416,0.15794143080711365,0.5276679992675781,0.28504204750061035
YIR032C,YDR297W,0,0.01233555,0.15789473056793213,0.5276679992675781,0.285142183303833
YMR163C,YNR002C,0,0.012334208,0.157848060131073,0.5276679992675781,0.2852422893047333
YGR152C,YKL180W,0,0.012331542,0.15780141949653625,0.5276679992675781,0.28534242510795593
YNL110C,YGL097W,0,0.012331188,0.1577547937631607,0.5276679992675781,0.2854425311088562
YDL021W,YNL078W,0,0.012330137,0.15770821273326874,0.5276679992675781,0.28554263710975647
YKL112W,YJR083C,0,0.012328582,0.15766164660453796,0.5276679992675781,0.2856427729129791
YEL054C,YBL097W,0,0.012327069,0.15761511027812958,0.5276679992675781,0.2857428789138794
YDR064W,YBL103C,0,0.012326591,0.15756860375404358,0.5276679992675781,0.28584301471710205
YNL275W,YGR020C,1,0.012325957,0.15781711041927338,0.5286561250686646,0.28584301471710205
YNL275W,YJL129C,1,0.012320313,0.15806546807289124,0.529644250869751,0.28584301471710205
YNL178W,YIR017C,0,0.012319077,0.15801887214183807,0.529644250869751,0.2859431207180023
YDR017C,YDL064W,0,0.012316287,0.1579722911119461,0.529644250869751,0.286043256521225
YNR039C,YDL164C,0,0.012309352,0.15792575478553772,0.529644250869751,0.28614336252212524
YGL150C,YGR216C,0,0.012297707,0.15787923336029053,0.529644250869751,0.2862434983253479
YNL172W,YDR450W,0,0.012296684,0.15783274173736572,0.529644250869751,0.28634360432624817
YMR128W,YNL082W,0,0.012294132,0.1577862799167633,0.529644250869751,0.2864437401294708
YIL143C,YLL040C,0,0.012293676,0.15773984789848328,0.529644250869751,0.2865438461303711
YMR319C,YPL060W,1,0.012288887,0.15798763930797577,0.5306324362754822,0.2865438461303711
YLR336C,YER090W,0,0.012279142,0.15794117748737335,0.5306324362754822,0.28664398193359375
YLR047C,YER145C,1,0.012272606,0.15818877518177032,0.5316205620765686,0.28664398193359375
YKR037C,YPL046C,0,0.012269845,0.15814226865768433,0.5316205620765686,0.286744087934494
YDL039C,YER094C,0,0.01226984,0.15809579193592072,0.5316205620765686,0.2868442237377167
YDL019C,YKL097W-A,0,0.01226209,0.15804935991764069,0.5316205620765686,0.28694432973861694
YFL037W,YKL217W,0,0.012258384,0.15800294280052185,0.5316205620765686,0.2870444655418396
YJL153C,YNL259C,0,0.012252369,0.1579565405845642,0.5316205620765686,0.28714457154273987
YML039W,YMR306W,0,0.012244606,0.15791018307209015,0.5316205620765686,0.2872447073459625
YOR074C,YJR006W,0,0.012241914,0.15786385536193848,0.5316205620765686,0.2873448133468628
YPL242C,YNL330C,0,0.012239138,0.157817542552948,0.5316205620765686,0.28744491934776306
YMR038C,YEL013W,0,0.0122350715,0.1577712595462799,0.5316205620765686,0.2875450551509857
YLR423C,YBR001C,0,0.012225885,0.1577250063419342,0.5316205620765686,0.287645161151886
YGR257C,YPL092W,1,0.012222147,0.15797185897827148,0.532608687877655,0.287645161151886
YLR070C,YKL125W,0,0.012220651,0.1579255759716034,0.532608687877655,0.28774529695510864
YLR048W,YDR451C,0,0.012219068,0.1578793227672577,0.532608687877655,0.2878454029560089
YDL128W,YMR054W,1,0.012213793,0.15812592208385468,0.5335968136787415,0.2878454029560089
YMR224C,YCR094W,0,0.012202803,0.1580796241760254,0.5335968136787415,0.28794553875923157
YLR121C,YGL211W,0,0.012202442,0.1580333560705185,0.5335968136787415,0.28804564476013184
YPL042C,YGR221C,0,0.012202332,0.15798713266849518,0.5335968136787415,0.2881457805633545
YHR077C,YDL204W,0,0.012197549,0.15794092416763306,0.5335968136787415,0.28824588656425476
YOR144C,YMR093W,0,0.012196703,0.15789473056793213,0.5335968136787415,0.2883460223674774
YJR161C,YLL010C,0,0.012182192,0.15784858167171478,0.5335968136787415,0.2884461283683777
YHR032W,YJL194W,0,0.012180768,0.15780244767665863,0.5335968136787415,0.28854626417160034
YDL150W,YBL055C,0,0.0121782245,0.15775635838508606,0.5335968136787415,0.2886463701725006
YNL035C,YNL206C,0,0.012176037,0.15771028399467468,0.5335968136787415,0.28874650597572327
YML029W,YIL004C,0,0.012171987,0.1576642394065857,0.5335968136787415,0.28884661197662354
YNL110C,YDR013W,0,0.012170348,0.1576182097196579,0.5335968136787415,0.2889467477798462
YLR312W-A,YOR361C,0,0.012159359,0.15757222473621368,0.5335968136787415,0.28904685378074646
YMR047C,YGL055W,0,0.012154473,0.15752625465393066,0.5335968136787415,0.2891469895839691
YGL185C,YAL031C,0,0.012150839,0.15748031437397003,0.5335968136787415,0.2892470955848694
YGL175C,YLR449W,0,0.012145195,0.1574344038963318,0.5335968136787415,0.28934723138809204
YGR061C,YKR068C,0,0.012143971,0.15738852322101593,0.5335968136787415,0.2894473373889923
YER138C,YER050C,0,0.012141507,0.15734265744686127,0.5335968136787415,0.2895474433898926
YJR001W,YHR129C,0,0.012132524,0.157296821475029,0.5335968136787415,0.28964757919311523
YPR122W,YIR008C,0,0.01213,0.1572510153055191,0.5335968136787415,0.2897476851940155
YOR075W,YPL153C,0,0.012124578,0.1572052389383316,0.5335968136787415,0.28984782099723816
YJL184W,YPL226W,0,0.012116211,0.1571594923734665,0.5335968136787415,0.2899479269981384
YLR203C,YNL217W,0,0.012109209,0.15711376070976257,0.5335968136787415,0.2900480628013611
YGR061C,YJR034W,0,0.012107492,0.15706805884838104,0.5335968136787415,0.29014816880226135
YNL264C,YGL100W,0,0.012103697,0.1570223867893219,0.5335968136787415,0.290248304605484
YPL159C,YLR074C,0,0.01210022,0.15697674453258514,0.5335968136787415,0.2903484106063843
YNL008C,YKR013W,0,0.012099586,0.15693113207817078,0.5335968136787415,0.29044854640960693
YDR182W,YDR421W,0,0.012097601,0.1568855345249176,0.5335968136787415,0.2905486524105072
YCL057W,YDR046C,0,0.012091175,0.15683996677398682,0.5335968136787415,0.29064878821372986
YPL236C,YDR263C,0,0.012091143,0.15679442882537842,0.5335968136787415,0.2907488942146301
YDR532C,YML130C,0,0.0120743085,0.1567489057779312,0.5335968136787415,0.2908490300178528
YKR038C,YPL214C,0,0.012065319,0.1567034274339676,0.5335968136787415,0.29094913601875305
YPR201W,YJL129C,1,0.0120639345,0.15694807469844818,0.5345849990844727,0.29094913601875305
YBR039W,YHR026W,1,0.012060683,0.15719257295131683,0.5355731248855591,0.29094913601875305
YOL077W-A,YEL051W,1,0.012060255,0.15743693709373474,0.5365612506866455,0.29094913601875305
YGR276C,YMR188C,0,0.012056575,0.15739130973815918,0.5365612506866455,0.2910492718219757
YDR016C,YPL153C,0,0.012055715,0.1573456972837448,0.5365612506866455,0.291149377822876
YGL220W,YHR161C,0,0.012054902,0.15730011463165283,0.5365612506866455,0.29124951362609863
YMR170C,YEL022W,0,0.012045403,0.15725456178188324,0.5365612506866455,0.2913496196269989
YOR035C,YDR419W,0,0.012041789,0.15720903873443604,0.5365612506866455,0.29144972562789917
YAL005C,YDR387C,0,0.012040252,0.15716353058815002,0.5365612506866455,0.2915498614311218
YJL121C,YDL132W,0,0.0120336935,0.1571180522441864,0.5365612506866455,0.2916499674320221
YNR060W,YCR027C,1,0.012028022,0.15736187994480133,0.5375494360923767,0.2916499674320221
YDR322W,YGR076C,0,0.01202682,0.15731637179851532,0.5375494360923767,0.29175010323524475
YCR098C,YJR134C,0,0.012006165,0.1572708934545517,0.5375494360923767,0.291850209236145
YDL067C,YLR307W,0,0.011998676,0.15722543001174927,0.5375494360923767,0.2919503450393677
YJR004C,YJR076C,0,0.011983361,0.15718001127243042,0.5375494360923767,0.29205045104026794
YPL147W,YHR215W,0,0.011982512,0.15713460743427277,0.5375494360923767,0.2921505868434906
YGL079W,YKR068C,0,0.011982078,0.1570892333984375,0.5375494360923767,0.29225069284439087
YDL239C,YGR276C,0,0.011981793,0.15704387426376343,0.5375494360923767,0.2923508286476135
YPL240C,YER144C,0,0.011976119,0.15699855983257294,0.5375494360923767,0.2924509346485138
YGR234W,YKL025C,0,0.011975082,0.15695326030254364,0.5375494360923767,0.29255107045173645
YBL050W,YJL122W,0,0.011970893,0.15690799057483673,0.5375494360923767,0.2926511764526367
YGR128C,YDR462W,0,0.011965597,0.1568627506494522,0.5375494360923767,0.2927513122558594
YIR013C,YGL210W,0,0.011962216,0.15681752562522888,0.5375494360923767,0.29285141825675964
YBR282W,YLR095C,0,0.01195889,0.15677233040332794,0.5375494360923767,0.2929515540599823
YLR244C,YLR421C,0,0.011948511,0.1567271649837494,0.5375494360923767,0.29305166006088257
YOR209C,YDR294C,0,0.011939015,0.15668202936649323,0.5375494360923767,0.2931517958641052
YMR034C,YJL117W,1,0.011923555,0.15692484378814697,0.5385375618934631,0.2931517958641052
YOL062C,YPL086C,0,0.011914717,0.15687967836856842,0.5385375618934631,0.2932519018650055
YBR037C,YJL158C,0,0.011911226,0.15683452785015106,0.5385375618934631,0.29335200786590576
YMR257C,YIL155C,0,0.011911212,0.1567894071340561,0.5385375618934631,0.2934521436691284
YER073W,YGR027C,0,0.011908475,0.1567443162202835,0.5385375618934631,0.2935522496700287
YGR013W,YAL061W,0,0.011905856,0.1566992551088333,0.5385375618934631,0.29365238547325134
YPL153C,YDR224C,0,0.011892237,0.1566542088985443,0.5385375618934631,0.2937524914741516
YJR130C,YER137C,0,0.011881111,0.1566091924905777,0.5385375618934631,0.29385262727737427
YIL139C,YOR337W,0,0.011878405,0.15656420588493347,0.5385375618934631,0.29395273327827454
YLL051C,YDR038C,1,0.011874797,0.15680643916130066,0.5395256876945496,0.29395273327827454
YJL052W,YDR322W,0,0.0118729295,0.15676140785217285,0.5395256876945496,0.2940528690814972
YLR362W,YPR052C,0,0.011867426,0.15671642124652863,0.5395256876945496,0.29415297508239746
YEL026W,YMR203W,0,0.011866029,0.1566714495420456,0.5395256876945496,0.2942531108856201
YDR236C,YAL023C,0,0.011865947,0.15662650763988495,0.5395256876945496,0.2943532168865204
YNL039W,YMR204C,0,0.011856271,0.1565815955400467,0.5395256876945496,0.29445335268974304
YMR283C,YOL053C-A,0,0.011847072,0.15653669834136963,0.5395256876945496,0.2945534586906433
YDR207C,YBL027W,0,0.011846526,0.15649183094501495,0.5395256876945496,0.29465359449386597
YLL055W,YGL044C,0,0.011841003,0.15644699335098267,0.5395256876945496,0.29475370049476624
YGR263C,YMR008C,0,0.011839621,0.15640217065811157,0.5395256876945496,0.2948538362979889
YEL038W,YAL053W,0,0.0118379295,0.15635739266872406,0.5395256876945496,0.29495394229888916
YDR486C,YER008C,0,0.011827435,0.15631262958049774,0.5395256876945496,0.2950540781021118
YGL174W,YDR358W,0,0.011816088,0.15626788139343262,0.5395256876945496,0.2951541841030121
YOR306C,YDR264C,0,0.011812591,0.15622317790985107,0.5395256876945496,0.29525431990623474
YIR033W,YAR066W,0,0.011809214,0.15617848932743073,0.5395256876945496,0.295354425907135
YGR049W,YDR252W,0,0.011804338,0.15613383054733276,0.5395256876945496,0.2954545319080353
YKL021C,YLR448W,0,0.011797393,0.156089186668396,0.5395256876945496,0.29555466771125793
YAL021C,YNL331C,0,0.011790577,0.1560445874929428,0.5395256876945496,0.2956547737121582
YOR175C,YLR359W,0,0.011784547,0.15600000321865082,0.5395256876945496,0.29575490951538086
YLR105C,YBR176W,0,0.011784418,0.1559554487466812,0.5395256876945496,0.29585501551628113
YOR239W,YPL194W,0,0.011783252,0.1559109091758728,0.5395256876945496,0.2959551513195038
YOR182C,YOL075C,0,0.011781529,0.15586639940738678,0.5395256876945496,0.29605525732040405
YCR096C,YBL057C,0,0.01178024,0.15582191944122314,0.5395256876945496,0.2961553931236267
YJR095W,YLR411W,1,0.011776406,0.1560627669095993,0.540513813495636,0.2961553931236267
YDR207C,YCR089W,0,0.01176719,0.15601825714111328,0.540513813495636,0.296255499124527
YJL060W,YMR024W,0,0.011767099,0.15597376227378845,0.540513813495636,0.29635563492774963
YLR077W,YIR034C,0,0.011765007,0.155929297208786,0.540513813495636,0.2964557409286499
YOR265W,YDR109C,0,0.01176298,0.15588486194610596,0.540513813495636,0.29655587673187256
YLR329W,YMR244C-A,0,0.011762874,0.1558404564857483,0.540513813495636,0.2966559827327728
YGL148W,YBR283C,0,0.011749886,0.15579606592655182,0.540513813495636,0.2967561185359955
YLR220W,YDR205W,1,0.011749477,0.15603645145893097,0.5415019989013672,0.2967561185359955
YLR314C,YGL229C,0,0.011749262,0.1559920310974121,0.5415019989013672,0.29685622453689575
YNL009W,YDL155W,0,0.011735436,0.15594764053821564,0.5415019989013672,0.2969563603401184
YLR395C,YER115C,0,0.011733152,0.15590326488018036,0.5415019989013672,0.2970564663410187
YJL140W,YMR309C,0,0.01172924,0.15585893392562866,0.5415019989013672,0.29715660214424133
YDL082W,YGL229C,0,0.011728668,0.15581461787223816,0.5415019989013672,0.2972567081451416
YEL071W,YDR520C,0,0.011723477,0.15577031672000885,0.5415019989013672,0.29735681414604187
YDR440W,YNL009W,0,0.011714008,0.15572606027126312,0.5415019989013672,0.2974569499492645
YGL174W,YOR361C,0,0.011708755,0.1556818187236786,0.5415019989013672,0.2975570559501648
YOR291W,YNL055C,1,0.011706991,0.15592160820960999,0.5424901247024536,0.2975570559501648
YJR149W,YDR524C,0,0.011702064,0.15587733685970306,0.5424901247024536,0.29765719175338745
YDR285W,YER087C-A,0,0.011691963,0.15583309531211853,0.5424901247024536,0.2977572977542877
YFR018C,YIL021W,0,0.011690167,0.15578888356685638,0.5424901247024536,0.2978574335575104
YGL241W,YDL069C,0,0.011686869,0.15574468672275543,0.5424901247024536,0.29795753955841064
YIL117C,YLR129W,0,0.011681985,0.15570050477981567,0.5424901247024536,0.2980576753616333
YNR013C,YMR240C,0,0.011678454,0.1556563675403595,0.5424901247024536,0.29815778136253357
YDL227C,YPL090C,0,0.011669517,0.15561224520206451,0.5424901247024536,0.2982579171657562
YKL086W,YPR196W,0,0.011663839,0.15556815266609192,0.5424901247024536,0.2983580231666565
YOR239W,YDR146C,0,0.01165892,0.15552407503128052,0.5424901247024536,0.29845815896987915
YOR070C,YIL124W,0,0.011654468,0.1554800271987915,0.5424901247024536,0.2985582649707794
YLR165C,YDR296W,0,0.01165222,0.15543600916862488,0.5424901247024536,0.2986584007740021
YLR106C,YOR292C,0,0.011650212,0.15539202094078064,0.5424901247024536,0.29875850677490234
YDR103W,YHR074W,0,0.011639997,0.1553480476140976,0.5424901247024536,0.298858642578125
YHR129C,YPR107C,0,0.011636205,0.15530410408973694,0.5424901247024536,0.29895874857902527
YFR008W,YLR071C,0,0.011628922,0.15526017546653748,0.5424901247024536,0.2990588843822479
YLR165C,YDR310C,0,0.011628073,0.1552162915468216,0.5424901247024536,0.2991589903831482
YJR036C,YIR038C,0,0.011626752,0.1551724076271057,0.5424901247024536,0.29925909638404846
YNL186W,YIL072W,0,0.011626614,0.1551285684108734,0.5424901247024536,0.2993592321872711
YNL099C,YJR137C,0,0.011622312,0.1550847440958023,0.5424901247024536,0.2994593381881714
YKR094C,YOL028C,0,0.0116175935,0.1550409495830536,0.5424901247024536,0.29955947399139404
YLR132C,YNL206C,0,0.011615075,0.15499716997146606,0.5424901247024536,0.2996595799922943
YIL095W,YKR087C,0,0.011614889,0.15495343506336212,0.5424901247024536,0.29975971579551697
YNL222W,YDL006W,0,0.011606315,0.15490970015525818,0.5424901247024536,0.29985982179641724
YJL041W,YGL030W,0,0.011603981,0.15486600995063782,0.5424901247024536,0.2999599575996399
YOR067C,YHR061C,0,0.011590941,0.15482233464717865,0.5424901247024536,0.30006006360054016
YIL142W,YEL030W,0,0.011590347,0.15477868914604187,0.5424901247024536,0.3001601994037628
YDR409W,YJL164C,0,0.011588335,0.15473505854606628,0.5424901247024536,0.3002603054046631
YKL109W,YLR308W,0,0.011585167,0.15469145774841309,0.5424901247024536,0.30036044120788574
YHR005C-A,YMR301C,0,0.011584032,0.15464788675308228,0.5424901247024536,0.300460547208786
YPL190C,YIL026C,0,0.011582918,0.15460433065891266,0.5424901247024536,0.30056068301200867
YNR015W,YER141W,0,0.011581412,0.15456080436706543,0.5424901247024536,0.30066078901290894
YOL031C,YDR034C,0,0.01156915,0.1545173078775406,0.5424901247024536,0.3007609248161316
YAL003W,YAR066W,0,0.01156897,0.15447382628917694,0.5424901247024536,0.30086103081703186
YFR036W,YMR282C,0,0.011561199,0.15443037450313568,0.5424901247024536,0.3009611666202545
YDR349C,YBR080C,0,0.011558633,0.1543869525194168,0.5424901247024536,0.3010612726211548
YMR241W,YDR205W,1,0.011551812,0.15462468564510345,0.54347825050354,0.3010612726211548
YML048W,YER185W,0,0.011548545,0.154581218957901,0.54347825050354,0.30116140842437744
YOL027C,YLR047C,1,0.011538049,0.15481877326965332,0.5444663763046265,0.30116140842437744
YOR151C,YER054C,0,0.011532152,0.15477527678012848,0.5444663763046265,0.3012615144252777
YDL184C,YNR074C,0,0.011529635,0.15473181009292603,0.5444663763046265,0.301361620426178
YLR368W,YGL155W,0,0.011527327,0.15468837320804596,0.5444663763046265,0.30146175622940063
YGL008C,YHR039C-B,1,0.011521231,0.1549256294965744,0.5454545617103577,0.30146175622940063
YHR141C,YHR215W,0,0.011517175,0.15488214790821075,0.5454545617103577,0.3015618622303009
YNL095C,YPL194W,0,0.011516428,0.1548387110233307,0.5454545617103577,0.30166199803352356
YOR063W,YMR300C,0,0.01151583,0.15479528903961182,0.5454545617103577,0.30176210403442383
YCL027W,YKL216W,0,0.011511191,0.15475189685821533,0.5454545617103577,0.3018622398376465
YPL029W,YDL055C,0,0.011508405,0.15470851957798004,0.5454545617103577,0.30196234583854675
YLR130C,YOR334W,1,0.011506904,0.15494535863399506,0.5464426875114441,0.30196234583854675
YNL128W,YBR158W,0,0.01150398,0.15490196645259857,0.5464426875114441,0.3020624816417694
YBL066C,YOR123C,0,0.0115018245,0.15485858917236328,0.5464426875114441,0.3021625876426697
YKL055C,YDR501W,0,0.011498835,0.15481522679328918,0.5464426875114441,0.30226272344589233
YER184C,YLR251W,0,0.011494119,0.15477189421653748,0.5464426875114441,0.3023628294467926
YGL090W,YGR035C,0,0.011492434,0.15472859144210815,0.5464426875114441,0.30246296525001526
YNL125C,YDR324C,0,0.011476932,0.15468531847000122,0.5464426875114441,0.3025630712509155
YOR215C,YGR104C,0,0.011473872,0.15464206039905548,0.5464426875114441,0.3026632070541382
YOR204W,YDR394W,0,0.011469982,0.15459883213043213,0.5464426875114441,0.30276331305503845
YMR268C,YDR050C,0,0.011466119,0.15455561876296997,0.5464426875114441,0.3028634488582611
YGR098C,YMR312W,0,0.011465583,0.1545124351978302,0.5464426875114441,0.3029635548591614
YKL091C,YOL119C,0,0.011464141,0.15446926653385162,0.5464426875114441,0.30306369066238403
YBR052C,YHL034C,0,0.011461485,0.15442614257335663,0.5464426875114441,0.3031637966632843
YJR152W,YDR533C,0,0.011452975,0.15438303351402283,0.5464426875114441,0.30326390266418457
YCL059C,YCR073C,0,0.011446527,0.15433993935585022,0.5464426875114441,0.3033640384674072
YLR107W,YLL032C,0,0.01143334,0.154296875,0.5464426875114441,0.3034641444683075
YNL073W,YNL138W,0,0.011425868,0.15425384044647217,0.5464426875114441,0.30356428027153015
YLR045C,YLR287C-A,0,0.011419296,0.15421082079410553,0.5464426875114441,0.3036643862724304
YKL160W,YPL150W,0,0.0114146825,0.15416783094406128,0.5464426875114441,0.3037645220756531
YGR167W,YER018C,0,0.011407888,0.15412485599517822,0.5464426875114441,0.30386462807655334
YLL015W,YML111W,0,0.011401046,0.15408191084861755,0.5464426875114441,0.303964763879776
YOL062C,YER035W,0,0.011396006,0.15403899550437927,0.5464426875114441,0.30406486988067627
YKR022C,YHR136C,0,0.011388123,0.15399609506130219,0.5464426875114441,0.3041650056838989
YHR143W-A,YOR275C,0,0.011386687,0.15395322442054749,0.5464426875114441,0.3042651116847992
YBR251W,YKL193C,0,0.0113846585,0.15391038358211517,0.5464426875114441,0.30436524748802185
YAL038W,YJL113W,0,0.011382263,0.15386755764484406,0.5464426875114441,0.3044653534889221
YCL062W,YLR047C,0,0.01138056,0.15382476150989532,0.5464426875114441,0.3045654892921448
YMR083W,YIL136W,0,0.011375131,0.1537819802761078,0.5464426875114441,0.30466559529304504
YLL028W,YDR107C,0,0.01137455,0.15373922884464264,0.5464426875114441,0.3047657310962677
YDR169C,YDR483W,0,0.011372825,0.15369649231433868,0.5464426875114441,0.30486583709716797
YNL101W,YLR022C,0,0.011369716,0.15365378558635712,0.5464426875114441,0.3049659729003906
YOR208W,YBR081C,0,0.011362546,0.15361110866069794,0.5464426875114441,0.3050660789012909
YJL006C,YNL321W,0,0.011338532,0.15356844663619995,0.5464426875114441,0.30516618490219116
YGR185C,YNL258C,0,0.011337243,0.15352581441402435,0.5464426875114441,0.3052663207054138
YIL015W,YGL097W,0,0.011334088,0.15348321199417114,0.5464426875114441,0.3053664267063141
YHR086W,YMR093W,0,0.011325473,0.15344062447547913,0.5464426875114441,0.30546656250953674
YMR269W,YAR027W,0,0.011315599,0.1533980518579483,0.5464426875114441,0.305566668510437
YLL054C,YDR191W,0,0.011312157,0.15335552394390106,0.5464426875114441,0.30566680431365967
YAL033W,YNR044W,0,0.01130994,0.15331299602985382,0.5464426875114441,0.30576691031455994
YDR408C,YML046W,0,0.011309542,0.15327051281929016,0.5464426875114441,0.3058670461177826
YNL244C,YMR145C,0,0.011309393,0.1532280445098877,0.5464426875114441,0.30596715211868286
YGL065C,YBR010W,0,0.011292731,0.15318559110164642,0.5464426875114441,0.3060672879219055
YMR316W,YKL140W,0,0.011288378,0.15314316749572754,0.5464426875114441,0.3061673939228058
YBL004W,YLR040C,0,0.011283569,0.15310077369213104,0.5464426875114441,0.30626752972602844
YHR005C-A,YCR008W,0,0.011282661,0.15305839478969574,0.5464426875114441,0.3063676357269287
YNL012W,YKL011C,0,0.011262754,0.15301604568958282,0.5464426875114441,0.30646777153015137
YML113W,YDR233C,0,0.011258468,0.1529737263917923,0.5464426875114441,0.30656787753105164
YNL189W,YER025W,0,0.011251805,0.15293142199516296,0.5464426875114441,0.3066680133342743
YEL062W,YIL108W,0,0.011249553,0.15288913249969482,0.5464426875114441,0.30676811933517456
YPR070W,YGL131C,0,0.011249414,0.15284687280654907,0.5464426875114441,0.3068682551383972
YDR177W,YKR046C,0,0.0112453615,0.1528046429157257,0.5464426875114441,0.3069683611392975
YBR273C,YLR430W,0,0.011244651,0.15276242792606354,0.5464426875114441,0.30706849694252014
YJR015W,YDL109C,0,0.011237426,0.15272024273872375,0.5464426875114441,0.3071686029434204
YPL244C,YLR008C,0,0.011219753,0.15267807245254517,0.5464426875114441,0.3072687089443207
YDR496C,YDL074C,0,0.011212934,0.15263593196868896,0.5464426875114441,0.30736884474754333
YOR332W,YDR160W,1,0.011206068,0.15286976099014282,0.5474308133125305,0.30736884474754333
YMR189W,YER048W-A,0,0.0112025365,0.15282759070396423,0.5474308133125305,0.3074689507484436
YDR299W,YJL128C,0,0.011197556,0.15278543531894684,0.5474308133125305,0.30756908655166626
YDR385W,YDR076W,0,0.011195,0.15274330973625183,0.5474308133125305,0.30766919255256653
YJL065C,YKL096W,0,0.011192374,0.1527012139558792,0.5474308133125305,0.3077693283557892
YNL268W,YER044C,0,0.011182111,0.15265913307666779,0.5474308133125305,0.30786943435668945
YNR067C,YGR091W,0,0.011178963,0.15261708199977875,0.5474308133125305,0.3079695701599121
YNR001C,YJR057W,0,0.011177367,0.1525750458240509,0.5474308133125305,0.3080696761608124
YJR152W,YNL003C,1,0.011171402,0.15280836820602417,0.5484189987182617,0.3080696761608124
YOR202W,YKR087C,0,0.011170715,0.15276630222797394,0.5484189987182617,0.30816981196403503
YDR508C,YPL230W,0,0.011168107,0.1527242660522461,0.5484189987182617,0.3082699179649353
YCR037C,YCR021C,1,0.011162328,0.15295736491680145,0.5494071245193481,0.3082699179649353
YLL042C,YMR273C,0,0.011161968,0.15291529893875122,0.5494071245193481,0.30837005376815796
YKR086W,YDR052C,0,0.011160443,0.15287324786186218,0.5494071245193481,0.3084701597690582
YOL155C,YJR034W,0,0.011152288,0.15283122658729553,0.5494071245193481,0.3085702955722809
YPL268W,YOR348C,0,0.0111506805,0.15278923511505127,0.5494071245193481,0.30867040157318115
YDR084C,YKL084W,0,0.011150062,0.1527472585439682,0.5494071245193481,0.3087705373764038
YJL154C,YIL074C,0,0.011147572,0.15270529687404633,0.5494071245193481,0.3088706433773041
YLR228C,YNR016C,0,0.011129018,0.15266336500644684,0.5494071245193481,0.30897077918052673
YJR036C,YPL208W,0,0.011125081,0.15262146294116974,0.5494071245193481,0.309070885181427
YJR151C,YML104C,0,0.011118071,0.15257957577705383,0.5494071245193481,0.30917099118232727
YFR036W,YPL196W,0,0.01111798,0.15253771841526031,0.5494071245193481,0.3092711269855499
YPR164W,YJL073W,0,0.011115067,0.15249589085578918,0.5494071245193481,0.3093712329864502
YBR240C,YER086W,0,0.011114236,0.15245407819747925,0.5494071245193481,0.30947136878967285
YKL148C,YMR039C,0,0.0111102685,0.1524122804403305,0.5494071245193481,0.3095714747905731
YOL107W,YKL182W,0,0.011109581,0.15237051248550415,0.5494071245193481,0.3096716105937958
YLL023C,YBL034C,0,0.011107945,0.15232877433300018,0.5494071245193481,0.30977171659469604
YKL157W,YDR117C,0,0.011105746,0.1522870510816574,0.5494071245193481,0.3098718523979187
YEL070W,YGL077C,0,0.011105418,0.15224534273147583,0.5494071245193481,0.30997195839881897
YGL040C,YML058W,0,0.011092816,0.15220366418361664,0.5494071245193481,0.3100720942020416
YPR119W,YJR056C,0,0.01108739,0.15216201543807983,0.5494071245193481,0.3101722002029419
YNL259C,YDL206W,1,0.011076276,0.15239398181438446,0.5503952503204346,0.3101722002029419
YOR036W,YPL242C,0,0.011076031,0.15235230326652527,0.5503952503204346,0.31027233600616455
YNL047C,YGR286C,0,0.011073327,0.15231063961982727,0.5503952503204346,0.3103724420070648
YDL133C-A,YDR307W,0,0.011069761,0.15226900577545166,0.5503952503204346,0.3104725778102875
YBR276C,YOL005C,0,0.011069164,0.15222738683223724,0.5503952503204346,0.31057268381118774
YLL012W,YNL271C,0,0.01106715,0.15218579769134521,0.5503952503204346,0.3106728196144104
YHR077C,YGL039W,0,0.011066378,0.15214422345161438,0.5503952503204346,0.31077292561531067
YBR282W,YNL325C,0,0.011066351,0.15210267901420593,0.5503952503204346,0.3108730614185333
YOL151W,YHR013C,0,0.011061706,0.15206114947795868,0.5503952503204346,0.3109731674194336
YGR217W,YBR294W,1,0.01105338,0.15229257941246033,0.551383376121521,0.3109731674194336
YOR151C,YHR067W,0,0.011051776,0.15225102007389069,0.551383376121521,0.31107327342033386
YCL036W,YIL134W,0,0.01104281,0.15220949053764343,0.551383376121521,0.3111734092235565
YDR326C,YJR158W,0,0.011042075,0.15216799080371857,0.551383376121521,0.3112735152244568
YMR008C,YNL122C,0,0.011041002,0.1521265059709549,0.551383376121521,0.31137365102767944
YLL055W,YPR189W,0,0.011039283,0.15208503603935242,0.551383376121521,0.3114737570285797
YLR134W,YER087W,0,0.01103642,0.15204359591007233,0.551383376121521,0.31157389283180237
YOL109W,YKL074C,0,0.011035161,0.15200218558311462,0.551383376121521,0.31167399883270264
YLR071C,YDR046C,0,0.011031445,0.15196079015731812,0.551383376121521,0.3117741346359253
YIL103W,YLR077W,0,0.011029545,0.1519194096326828,0.551383376121521,0.31187424063682556
YOR316C,YOR381W,1,0.011025108,0.1521502435207367,0.5523715615272522,0.31187424063682556
YFR018C,YKL164C,0,0.011015018,0.15210884809494019,0.5523715615272522,0.3119743764400482
YLR119W,YPL119C,0,0.011009922,0.15206746757030487,0.5523715615272522,0.3120744824409485
YDL133C-A,YIL051C,0,0.011005461,0.15202610194683075,0.5523715615272522,0.31217461824417114
YPL059W,YML131W,0,0.01099478,0.1519847810268402,0.5523715615272522,0.3122747242450714
YDL210W,YBR054W,1,0.010993909,0.15221527218818665,0.5533596873283386,0.3122747242450714
YKL148C,YNL163C,0,0.010985363,0.15217390656471252,0.5533596873283386,0.31237486004829407
YPR004C,YMR307W,0,0.010984097,0.1521325707435608,0.5533596873283386,0.31247496604919434
YGL119W,YER011W,0,0.010982144,0.15209124982357025,0.5533596873283386,0.312575101852417
YEL054C,YJL138C,0,0.010981344,0.1520499587059021,0.5533596873283386,0.31267520785331726
YBR236C,YOR304C-A,0,0.010978237,0.15200868248939514,0.5533596873283386,0.3127753436565399
YJL008C,YBR286W,0,0.01097551,0.15196743607521057,0.5533596873283386,0.3128754496574402
YJL002C,YBR276C,0,0.01097028,0.1519262045621872,0.5533596873283386,0.31297558546066284
YOR303W,YDR101C,0,0.010970047,0.1518850028514862,0.5533596873283386,0.3130756914615631
YGR026W,YOR150W,0,0.010965589,0.1518438160419464,0.5533596873283386,0.3131757974624634
YGL077C,YBL075C,0,0.010961559,0.151802659034729,0.5533596873283386,0.31327593326568604
YPR094W,YLR078C,0,0.010959973,0.1517615169286728,0.5533596873283386,0.3133760392665863
YNL087W,YDL043C,0,0.010957815,0.15172040462493896,0.5533596873283386,0.31347617506980896
YMR093W,YHR147C,0,0.010956105,0.15167930722236633,0.5533596873283386,0.31357628107070923
YEL058W,YKR038C,0,0.010952763,0.1516382396221161,0.5533596873283386,0.3136764168739319
YMR179W,YLR381W,0,0.010947628,0.15159718692302704,0.5533596873283386,0.31377652287483215
YHR041C,YDR090C,0,0.010947062,0.15155616402626038,0.5533596873283386,0.3138766586780548
YKL171W,YDR198C,0,0.010944964,0.1515151560306549,0.5533596873283386,0.3139767646789551
YGR076C,YNL091W,0,0.010928638,0.15147416293621063,0.5533596873283386,0.31407690048217773
YOR251C,YDR403W,0,0.010925039,0.15143321454524994,0.5533596873283386,0.314177006483078
YIL066C,YDL052C,0,0.010923676,0.15139226615428925,0.5533596873283386,0.31427714228630066
YBL097W,YDR117C,0,0.010922492,0.15135134756565094,0.5533596873283386,0.3143772482872009
YMR092C,YPR163C,0,0.01092154,0.15131045877933502,0.5533596873283386,0.3144773840904236
YEL027W,YCR023C,1,0.010912581,0.15153971314430237,0.554347813129425,0.3144773840904236
YBR145W,YER050C,0,0.010903358,0.15149877965450287,0.554347813129425,0.31457749009132385
YDR510W,YHR039C,0,0.0109019615,0.15145787596702576,0.554347813129425,0.3146776258945465
YBR207W,YCR089W,0,0.010897033,0.15141700208187103,0.554347813129425,0.3147777318954468
YNL166C,YCL008C,0,0.010894163,0.1513761430978775,0.554347813129425,0.31487786769866943
YOR303W,YPR144C,0,0.01088769,0.15133531391620636,0.554347813129425,0.3149779736995697
YJL221C,YPL150W,0,0.010875748,0.1512944996356964,0.554347813129425,0.31507807970046997
YGL060W,YML019W,0,0.010873264,0.15125370025634766,0.554347813129425,0.3151782155036926
YHR070W,YFR021W,0,0.0108677875,0.1512129306793213,0.554347813129425,0.3152783215045929
YDR293C,YOR206W,0,0.010852953,0.1511721909046173,0.554347813129425,0.31537845730781555
YOL077C,YPL082C,0,0.010848724,0.15113146603107452,0.554347813129425,0.3154785633087158
YBR276C,YHR066W,0,0.010847446,0.15109075605869293,0.554347813129425,0.3155786991119385
YJR121W,YCR075C,1,0.010844424,0.15131932497024536,0.5553359389305115,0.3155786991119385
YEL009C,YNL197C,0,0.010835789,0.15127860009670258,0.5553359389305115,0.31567880511283875
YJR060W,YDR510W,0,0.0108322445,0.15123789012432098,0.5553359389305115,0.3157789409160614
YJR032W,YCL055W,0,0.010831002,0.15119719505310059,0.5553359389305115,0.31587904691696167
YDR210W,YER170W,0,0.010828446,0.15115652978420258,0.5553359389305115,0.3159791827201843
YGR068C,YER091C,0,0.010827363,0.15111589431762695,0.5553359389305115,0.3160792887210846
YLR105C,YOL001W,0,0.01082146,0.15107527375221252,0.5553359389305115,0.31617942452430725
YOL155C,YOR196C,0,0.010807316,0.1510346680879593,0.5553359389305115,0.3162795305252075
YNL267W,YOL075C,0,0.0108059645,0.15099409222602844,0.5553359389305115,0.3163796663284302
YLR120C,YBR298C,0,0.01080586,0.1509535312652588,0.5553359389305115,0.31647977232933044
YJR112W,YAR019C,0,0.010802384,0.15091300010681152,0.5553359389305115,0.3165799081325531
YNR061C,YDL141W,0,0.010801937,0.15087248384952545,0.5553359389305115,0.31668001413345337
YIL132C,YDR351W,0,0.010799937,0.15083199739456177,0.5553359389305115,0.316780149936676
YER185W,YMR166C,0,0.010797501,0.15079152584075928,0.5553359389305115,0.3168802559375763
YJR082C,YMR319C,0,0.010793145,0.15075106918811798,0.5553359389305115,0.31698036193847656
YER073W,YPL123C,0,0.010787865,0.15071064233779907,0.5553359389305115,0.3170804977416992
YNL291C,YOR271C,1,0.010787364,0.15093833208084106,0.5563241243362427,0.3170804977416992
YIL134W,YHR012W,0,0.0107784495,0.15089787542819977,0.5563241243362427,0.3171806037425995
YML037C,YDR307W,0,0.010774968,0.15085744857788086,0.5563241243362427,0.31728073954582214
YHR064C,YDR342C,0,0.01077215,0.15081703662872314,0.5563241243362427,0.3173808455467224
YBR289W,YPL072W,0,0.010759825,0.15077663958072662,0.5563241243362427,0.31748098134994507
YBL066C,YGR054W,0,0.010756754,0.1507362723350525,0.5563241243362427,0.31758108735084534
YCR027C,YHL040C,1,0.0107564265,0.15096360445022583,0.5573122501373291,0.31758108735084534
YIL122W,YMR087W,0,0.0107547045,0.1509232074022293,0.5573122501373291,0.317681223154068
YDR222W,YER146W,0,0.010754245,0.15088282525539398,0.5573122501373291,0.31778132915496826
YLR356W,YDR536W,0,0.010752816,0.15084247291088104,0.5573122501373291,0.3178814649581909
YER118C,YCR009C,0,0.010744326,0.1508021354675293,0.5573122501373291,0.3179815709590912
YPL192C,YIL034C,0,0.010742091,0.15076182782649994,0.5573122501373291,0.31808170676231384
YMR134W,YNL274C,0,0.010729444,0.15072153508663177,0.5573122501373291,0.3181818127632141
YOR159C,YLR325C,0,0.010722417,0.150681272149086,0.5573122501373291,0.31828194856643677
YIL031W,YAL022C,0,0.010709158,0.15064102411270142,0.5573122501373291,0.31838205456733704
YDR216W,YOR143C,0,0.010708746,0.15060080587863922,0.5573122501373291,0.3184821903705597
YPL234C,YGR257C,1,0.010702692,0.1508275419473648,0.5583003759384155,0.3184821903705597
YHL001W,YHL036W,0,0.0107025085,0.15078729391098022,0.5583003759384155,0.31858229637145996
YGR183C,YIL112W,0,0.01070109,0.15074706077575684,0.5583003759384155,0.3186824321746826
YPL217C,YHR070W,0,0.010700934,0.15070685744285583,0.5583003759384155,0.3187825381755829
YMR038C,YOL027C,1,0.010698043,0.15093334019184113,0.5592885613441467,0.3187825381755829
YGL234W,YPL194W,0,0.010693413,0.15089309215545654,0.5592885613441467,0.31888267397880554
YGR199W,YLL038C,0,0.010688625,0.15085287392139435,0.5592885613441467,0.3189827799797058
YBR196C,YER045C,0,0.010677036,0.15081268548965454,0.5592885613441467,0.3190828859806061
YPL224C,YOR192C,1,0.010676388,0.15103888511657715,0.5602766871452332,0.3190828859806061
YBR207W,YOR381W,1,0.010675572,0.1512649804353714,0.5612648129463196,0.3190828859806061
YJR014W,YCL074W,0,0.010674629,0.15122470259666443,0.5612648129463196,0.31918302178382874
YNR004W,YER048W-A,0,0.010674056,0.15118445456027985,0.5612648129463196,0.319283127784729
YLR300W,YHR160C,0,0.010671608,0.15114422142505646,0.5612648129463196,0.31938326358795166
YOR291W,YNL083W,1,0.010670005,0.15137004852294922,0.562252938747406,0.31938326358795166
YBR145W,YOR293W,0,0.01066117,0.15132978558540344,0.562252938747406,0.31948336958885193
YGR020C,YJR159W,0,0.010660518,0.15128955245018005,0.562252938747406,0.3195835053920746
YCL027C-A,YKR060W,0,0.0106595345,0.15124933421611786,0.562252938747406,0.31968361139297485
YPL256C,YBL046W,0,0.01065851,0.15120914578437805,0.562252938747406,0.3197837471961975
YGR157W,YIL074C,0,0.010654284,0.15116897225379944,0.562252938747406,0.3198838531970978
YLR423C,YOR175C,0,0.010652967,0.15112881362438202,0.562252938747406,0.31998398900032043
YOR080W,YHL004W,0,0.0106463265,0.151088684797287,0.562252938747406,0.3200840950012207
YJL191W,YKL117W,0,0.0106318435,0.15104858577251434,0.562252938747406,0.32018423080444336
YLL023C,YGR275W,0,0.010625748,0.1510084867477417,0.562252938747406,0.32028433680534363
YHL033C,YBR280C,0,0.010620318,0.15096843242645264,0.562252938747406,0.3203844726085663
YHR143W,YDL141W,0,0.010615034,0.15092837810516357,0.562252938747406,0.32048457860946655
YBR022W,YPR035W,0,0.010609157,0.1508883535861969,0.562252938747406,0.3205847144126892
YGR049W,YGL029W,0,0.010606575,0.1508483588695526,0.562252938747406,0.3206848204135895
YOR271C,YPL092W,1,0.010600822,0.1510734111070633,0.5632411241531372,0.3206848204135895
YNL080C,YKL117W,0,0.0105999615,0.15103338658809662,0.5632411241531372,0.32078495621681213
YDL128W,YDR387C,0,0.010598181,0.15099337697029114,0.5632411241531372,0.3208850622177124
YJL129C,YLL018C-A,1,0.01058569,0.1512182205915451,0.5642292499542236,0.3208850622177124
YBL075C,YLR129W,0,0.010581423,0.15117818117141724,0.5642292499542236,0.32098516821861267
YKR035W-A,YDR258C,0,0.010573316,0.15113817155361176,0.5642292499542236,0.3210853040218353
YIL063C,YGR026W,0,0.010563739,0.15109817683696747,0.5642292499542236,0.3211854100227356
YOR074C,YMR309C,0,0.01056114,0.15105819702148438,0.5642292499542236,0.32128554582595825
YFL008W,YOR301W,0,0.010558312,0.15101824700832367,0.5642292499542236,0.3213856518268585
YHL007C,YDR424C,0,0.010555908,0.15097831189632416,0.5642292499542236,0.3214857876300812
YML039W,YNL241C,0,0.010537054,0.15093840658664703,0.5642292499542236,0.32158589363098145
YJL063C,YFL039C,0,0.010531999,0.1508985161781311,0.5642292499542236,0.3216860294342041
YHR032W,YDR258C,0,0.010530788,0.15085865557193756,0.5642292499542236,0.32178613543510437
YOL151W,YBR291C,0,0.010527924,0.1508188098669052,0.5642292499542236,0.321886271238327
YJL171C,YKR061W,0,0.010525929,0.15077897906303406,0.5642292499542236,0.3219863772392273
YOL158C,YPL271W,1,0.010517158,0.1510031670331955,0.5652173757553101,0.3219863772392273
YKL173W,YPL119C,0,0.0105106905,0.15096332132816315,0.5652173757553101,0.32208651304244995
YJR063W,YEL055C,0,0.010501131,0.1509234756231308,0.5652173757553101,0.3221866190433502
YDL022W,YER036C,0,0.010498158,0.15088367462158203,0.5652173757553101,0.3222867548465729
YHR028C,YKL074C,0,0.010494664,0.15084388852119446,0.5652173757553101,0.32238686084747314
YJR089W,YJR107W,0,0.010494243,0.15080411732196808,0.5652173757553101,0.3224869966506958
YGR143W,YMR204C,0,0.0104904985,0.1507643610239029,0.5652173757553101,0.32258710265159607
YDR388W,YGR252W,0,0.010481602,0.1507246345281601,0.5652173757553101,0.3226872384548187
YIL088C,YCR002C,0,0.010477683,0.15068493783473969,0.5652173757553101,0.322787344455719
YGL033W,YNR022C,0,0.010475967,0.15064524114131927,0.5652173757553101,0.32288745045661926
YPR149W,YNL213C,0,0.010474776,0.15060558915138245,0.5652173757553101,0.3229875862598419
YHL047C,YDL232W,0,0.01046744,0.15056593716144562,0.5652173757553101,0.3230876922607422
YDR363W-A,YER144C,0,0.010467095,0.15052631497383118,0.5652173757553101,0.32318782806396484
YDR352W,YGR158C,0,0.010456398,0.15048670768737793,0.5652173757553101,0.3232879340648651
YOL133W,YMR312W,0,0.010455912,0.15044713020324707,0.5652173757553101,0.32338806986808777
YOR077W,YAL031C,0,0.010454474,0.1504075676202774,0.5652173757553101,0.32348817586898804
YDR160W,YOL077W-A,1,0.010453558,0.150630921125412,0.5662055611610413,0.32348817586898804
YOR204W,YDR164C,0,0.010447813,0.15059132874011993,0.5662055611610413,0.3235883116722107
YDR082W,YDR538W,0,0.010443985,0.15055176615715027,0.5662055611610413,0.32368841767311096
YLR133W,YOR389W,0,0.0104419105,0.1505122184753418,0.5662055611610413,0.3237885534763336
YMR214W,YLR376C,0,0.010435824,0.15047268569469452,0.5662055611610413,0.3238886594772339
YMR037C,YLR127C,0,0.010435017,0.15043318271636963,0.5662055611610413,0.32398879528045654
YGL065C,YHR044C,0,0.010432778,0.15039369463920593,0.5662055611610413,0.3240889012813568
YBR296C,YBR295W,1,0.010430567,0.1506166309118271,0.5671936869621277,0.3240889012813568
YML001W,YDR013W,0,0.010428393,0.1505771279335022,0.5671936869621277,0.32418903708457947
YNR013C,YKL165C,1,0.010427352,0.15079990029335022,0.5681818127632141,0.32418903708457947
YGL148W,YDR097C,0,0.010426184,0.15076035261154175,0.5681818127632141,0.32428914308547974
YDR281C,YOR208W,0,0.010406211,0.15072083473205566,0.5681818127632141,0.3243892788887024
YDR242W,YPL069C,0,0.010392898,0.15068134665489197,0.5681818127632141,0.32448938488960266
YLR084C,YLR356W,0,0.010377411,0.15064185857772827,0.5681818127632141,0.3245895206928253
YNR054C,YEL030W,0,0.010377131,0.15060241520404816,0.5681818127632141,0.3246896266937256
YOR265W,YNL245C,0,0.010376949,0.15056297183036804,0.5681818127632141,0.32478976249694824
YDL214C,YER174C,0,0.010376319,0.15052355825901031,0.5681818127632141,0.3248898684978485
YNR021W,YER115C,0,0.010375554,0.15048415958881378,0.5681818127632141,0.3249899744987488
YKL073W,YDR522C,0,0.010374718,0.15044479072093964,0.5681818127632141,0.32509011030197144
YIL023C,YER183C,0,0.010369536,0.15040543675422668,0.5681818127632141,0.3251902163028717
YDR499W,YJL012C-A,0,0.010350364,0.15036611258983612,0.5681818127632141,0.32529035210609436
YBR172C,YMR293C,0,0.010347128,0.15032680332660675,0.5681818127632141,0.32539045810699463
YMR223W,YLR272C,0,0.010346912,0.15028750896453857,0.5681818127632141,0.3254905939102173
YJR092W,YBL021C,0,0.010339629,0.1502482295036316,0.5681818127632141,0.32559069991111755
YLL028W,YDL054C,0,0.010335984,0.150208979845047,0.5681818127632141,0.3256908357143402
YOR338W,YNL122C,0,0.0103336945,0.1501697599887848,0.5681818127632141,0.3257909417152405
YFL002C,YPL155C,0,0.010331025,0.15013055503368378,0.5681818127632141,0.32589107751846313
YPR052C,YNL135C,0,0.0103277415,0.15009136497974396,0.5681818127632141,0.3259911835193634
YER170W,YEL030W,0,0.010327104,0.15005218982696533,0.5681818127632141,0.32609131932258606
YEL029C,YGL010W,0,0.010322239,0.1500130444765091,0.5681818127632141,0.32619142532348633
YAL032C,YCR008W,0,0.0103193205,0.14997391402721405,0.5681818127632141,0.326291561126709
YDL192W,YBR221C,0,0.010317245,0.1499348133802414,0.5681818127632141,0.32639166712760925
YLR362W,YER074W,0,0.010315627,0.14989572763442993,0.5681818127632141,0.3264918029308319
YDL231C,YCR067C,0,0.010302886,0.14985665678977966,0.5681818127632141,0.3265919089317322
YPL053C,YHR044C,0,0.010300877,0.14981761574745178,0.5681818127632141,0.32669204473495483
YLR406C,YKR092C,0,0.010300349,0.1497785896062851,0.5681818127632141,0.3267921507358551
YOL097C,YNL083W,0,0.010299861,0.1497395783662796,0.5681818127632141,0.32689225673675537
YGR257C,YJL207C,0,0.010288898,0.1497005969285965,0.5681818127632141,0.326992392539978
YOL027C,YNL291C,1,0.010288376,0.14992190897464752,0.5691699385643005,0.326992392539978
YHR032W,YHR031C,0,0.010287776,0.14988289773464203,0.5691699385643005,0.3270924985408783
YKR045C,YDL204W,0,0.010282345,0.14984391629695892,0.5691699385643005,0.32719263434410095
YFR031C,YNL078W,0,0.010275327,0.14980493485927582,0.5691699385643005,0.3272927403450012
YDR034C,YKL086W,0,0.010271221,0.1497659832239151,0.5691699385643005,0.3273928761482239
YOL044W,YBR204C,0,0.0102632865,0.14972706139087677,0.5691699385643005,0.32749298214912415
YDR466W,YPL227C,0,0.010262094,0.14968815445899963,0.5691699385643005,0.3275931179523468
YPL127C,YMR210W,0,0.01025546,0.1496492624282837,0.5691699385643005,0.32769322395324707
YBR008C,YGL032C,0,0.010254767,0.14961038529872894,0.5691699385643005,0.3277933597564697
YHR209W,YOR346W,0,0.010249618,0.14957153797149658,0.5691699385643005,0.32789346575737
YNL166C,YDL166C,0,0.010243716,0.14953270554542542,0.5691699385643005,0.32799360156059265
YOL049W,YGL097W,0,0.010242362,0.14949390292167664,0.5691699385643005,0.3280937075614929
YOL028C,YDR424C,0,0.010226671,0.14945511519908905,0.5691699385643005,0.3281938433647156
YDR076W,YNL117W,0,0.010225681,0.14941634237766266,0.5691699385643005,0.32829394936561584
YDR065W,YCR026C,0,0.010222472,0.14937759935855865,0.5691699385643005,0.3283940851688385
YKL206C,YGR132C,0,0.010220882,0.14933887124061584,0.5691699385643005,0.32849419116973877
YHR063C,YDR059C,0,0.01021729,0.14930015802383423,0.5691699385643005,0.3285943269729614
YDL128W,YDR194C,0,0.010214251,0.1492614597082138,0.5691699385643005,0.3286944329738617
YLR329W,YFR033C,0,0.010212909,0.14922279119491577,0.5691699385643005,0.32879453897476196
YDR449C,YLR201C,0,0.01020209,0.14918415248394012,0.5691699385643005,0.3288946747779846
YLR309C,YBR036C,0,0.010182887,0.14914551377296448,0.5691699385643005,0.3289947807788849
YOR346W,YDR119W,0,0.010172335,0.14910690486431122,0.5691699385643005,0.32909491658210754
YPL089C,YML080W,0,0.010161385,0.14906832575798035,0.5691699385643005,0.3291950225830078
YDL097C,YDL197C,0,0.010160506,0.14902976155281067,0.5691699385643005,0.32929515838623047
YBR210W,YOL008W,0,0.010149756,0.14899121224880219,0.5691699385643005,0.32939526438713074
YLL040C,YFR003C,0,0.0101464,0.1489526778459549,0.5691699385643005,0.3294954001903534
YCR023C,YKR105C,1,0.010145872,0.14917269349098206,0.5701581239700317,0.3294954001903534
YFL047W,YNR026C,0,0.0101390965,0.14913414418697357,0.5701581239700317,0.32959550619125366
YDR247W,YFL016C,0,0.010138018,0.14909560978412628,0.5701581239700317,0.3296956419944763
YML042W,YGL237C,0,0.0101237185,0.14905709028244019,0.5701581239700317,0.3297957479953766
YPR026W,YMR116C,0,0.010121059,0.14901860058307648,0.5701581239700317,0.32989588379859924
YDR116C,YGR154C,0,0.010120941,0.14898012578487396,0.5701581239700317,0.3299959897994995
YDL074C,YAL022C,0,0.010120125,0.14894166588783264,0.5701581239700317,0.33009612560272217
YMR054W,YDR036C,0,0.010118768,0.14890322089195251,0.5701581239700317,0.33019623160362244
YGL205W,YOR354C,0,0.010118396,0.14886480569839478,0.5701581239700317,0.3302963674068451
YOL062C,YMR159C,0,0.010118239,0.14882640540599823,0.5701581239700317,0.33039647340774536
YLR406C,YOR181W,0,0.010117706,0.14878803491592407,0.5701581239700317,0.330496609210968
YEL009C,YBR133C,0,0.010113135,0.1487496793270111,0.5701581239700317,0.3305967152118683
YJR002W,YOR233W,0,0.010108632,0.14871133863925934,0.5701581239700317,0.33069685101509094
YNL300W,YNL162W,0,0.010103423,0.14867302775382996,0.5701581239700317,0.3307969570159912
YER130C,YMR224C,0,0.01010221,0.14863473176956177,0.5701581239700317,0.3308970630168915
YBR213W,YOL045W,0,0.010097447,0.14859645068645477,0.5701581239700317,0.33099719882011414
YNR072W,YJR105W,0,0.0100936815,0.14855818450450897,0.5701581239700317,0.3310973048210144
YGL002W,YHR134W,0,0.010087494,0.14851994812488556,0.5701581239700317,0.33119744062423706
YPR133W-A,YOR123C,0,0.010086254,0.14848172664642334,0.5701581239700317,0.33129754662513733
YMR161W,YJR015W,0,0.01008606,0.1484435349702835,0.5701581239700317,0.33139768242836
YBR052C,YDR141C,0,0.0100757135,0.14840534329414368,0.5701581239700317,0.33149778842926025
YJR086W,YPR009W,0,0.010072254,0.14836719632148743,0.5701581239700317,0.3315979242324829
YOR313C,YNL032W,0,0.010070862,0.14832904934883118,0.5701581239700317,0.3316980302333832
YGL237C,YDR090C,0,0.0100664385,0.14829093217849731,0.5701581239700317,0.33179816603660583
YJR022W,YGL233W,0,0.010058584,0.14825282990932465,0.5701581239700317,0.3318982720375061
YPL246C,YDR330W,0,0.010057587,0.14821474254131317,0.5701581239700317,0.33199840784072876
YEL011W,YMR099C,0,0.010047864,0.14817668497562408,0.5701581239700317,0.33209851384162903
YMR315W,YPL104W,0,0.0100447275,0.1481386423110962,0.5701581239700317,0.3321986496448517
YLL015W,YLL027W,1,0.010038445,0.14835728704929352,0.5711462497711182,0.3321986496448517
YDR054C,YMR266W,0,0.010036278,0.14831921458244324,0.5711462497711182,0.33229875564575195
YBR271W,YGL131C,0,0.010018066,0.14828117191791534,0.5711462497711182,0.3323988914489746
YJR002W,YDR248C,0,0.010003701,0.14824314415454865,0.5711462497711182,0.3324989974498749
YOL142W,YMR268W-A,0,0.0100016985,0.14820513129234314,0.5711462497711182,0.33259913325309753
YIR039C,YBR073W,0,0.00999889,0.14816713333129883,0.5711462497711182,0.3326992392539978
YNR021W,YGR277C,0,0.009998864,0.1481291651725769,0.5711462497711182,0.33279934525489807
YNL264C,YMR208W,0,0.009996727,0.14809121191501617,0.5711462497711182,0.3328994810581207
YPL244C,YMR227C,0,0.009996039,0.14805327355861664,0.5711462497711182,0.332999587059021
YKR035W-A,YDR293C,0,0.00998847,0.1480153650045395,0.5711462497711182,0.33309972286224365
YOR124C,YER094C,0,0.00998231,0.14797747135162354,0.5711462497711182,0.3331998288631439
YDR117C,YGL184C,0,0.009968809,0.14793959259986877,0.5711462497711182,0.3332999646663666
YGR123C,YMR143W,0,0.009966478,0.1479017436504364,0.5711462497711182,0.33340007066726685
YML010W,YIR035C,0,0.009956755,0.14786390960216522,0.5711462497711182,0.3335002064704895
YNL192W,YAL031C,0,0.009956319,0.14782609045505524,0.5711462497711182,0.33360031247138977
YBR030W,YOR197W,0,0.009950856,0.14778828620910645,0.5711462497711182,0.3337004482746124
YIR018W,YHR211W,0,0.009949803,0.14775051176548004,0.5711462497711182,0.3338005542755127
YPR075C,YOL016C,0,0.009949622,0.14771275222301483,0.5711462497711182,0.33390069007873535
YOR329C,YGR062C,0,0.00994923,0.14767500758171082,0.5711462497711182,0.3340007960796356
YDR429C,YPL158C,0,0.009948,0.1476372927427292,0.5711462497711182,0.3341009318828583
YPL153C,YER117W,0,0.009947013,0.14759959280490875,0.5711462497711182,0.33420103788375854
YKR055W,YPL242C,0,0.009946892,0.1475619077682495,0.5711462497711182,0.3343011736869812
YPR190C,YIR006C,0,0.009940421,0.14752425253391266,0.5711462497711182,0.33440127968788147
YIR021W,YDR489W,0,0.009939447,0.1474865972995758,0.5711462497711182,0.3345014154911041
YPL220W,YCL032W,0,0.009925496,0.14744898676872253,0.5711462497711182,0.3346015214920044
YML066C,YNL209W,0,0.009924176,0.14741137623786926,0.5711462497711182,0.33470162749290466
YDL174C,YOR216C,0,0.009923065,0.14737379550933838,0.5711462497711182,0.3348017632961273
YFL047W,YNL270C,0,0.00991836,0.1473362296819687,0.5711462497711182,0.3349018692970276
YIL126W,YDR501W,0,0.009916343,0.1472986787557602,0.5711462497711182,0.33500200510025024
YBR021W,YDR342C,0,0.009915725,0.1472611427307129,0.5711462497711182,0.3351021111011505
YOR278W,YAL024C,0,0.00991377,0.14722363650798798,0.5711462497711182,0.33520224690437317
YJL094C,YJR040W,1,0.009913178,0.14744079113006592,0.5721343755722046,0.33520224690437317
YGR258C,YDR088C,0,0.0099101495,0.14740325510501862,0.5721343755722046,0.33530235290527344
YLR348C,YML062C,0,0.009905074,0.1473657488822937,0.5721343755722046,0.3354024887084961
YGL060W,YML033W,0,0.0098924795,0.1473282426595688,0.5721343755722046,0.33550259470939636
YMR163C,YLR225C,0,0.0098748645,0.14729076623916626,0.5721343755722046,0.335602730512619
YOR378W,YPL053C,0,0.009874808,0.14725330471992493,0.5721343755722046,0.3357028365135193
YHR184W,YKL140W,0,0.009872697,0.14721587300300598,0.5721343755722046,0.33580297231674194
YBR173C,YGL236C,0,0.009870732,0.14717844128608704,0.5721343755722046,0.3359030783176422
YDL210W,YPL234C,1,0.009866323,0.14739517867565155,0.573122501373291,0.3359030783176422
YOR070C,YOR131C,0,0.009863994,0.14735771715641022,0.573122501373291,0.33600321412086487
YPL159C,YHR025W,0,0.009862408,0.14732030034065247,0.573122501373291,0.33610332012176514
YNR056C,YDR195W,0,0.009860683,0.14728288352489471,0.573122501373291,0.3362034559249878
YOL044W,YAL063C,0,0.009851877,0.14724549651145935,0.573122501373291,0.33630356192588806
YGR095C,YMR173W,0,0.009851482,0.14720812439918518,0.573122501373291,0.3364036977291107
YPL092W,YMR295C,0,0.009849045,0.1471707671880722,0.573122501373291,0.336503803730011
YMR302C,YGL211W,0,0.009843435,0.14713343977928162,0.573122501373291,0.33660393953323364
YGL050W,YDR253C,0,0.009836852,0.14709611237049103,0.573122501373291,0.3367040455341339
YJL076W,YJL091C,0,0.0098329,0.14705882966518402,0.573122501373291,0.3368041515350342
YML131W,YAL023C,0,0.009832788,0.14702154695987701,0.573122501373291,0.33690428733825684
YOR083W,YML130C,0,0.009826895,0.1469842940568924,0.573122501373291,0.3370043933391571
YPL099C,YBR098W,0,0.009825233,0.14694704115390778,0.573122501373291,0.33710452914237976
YBL092W,YBL112C,0,0.009825179,0.14690983295440674,0.573122501373291,0.33720463514328003
YNL241C,YDR172W,0,0.009817256,0.1468726247549057,0.573122501373291,0.3373047709465027
YPR156C,YOL020W,1,0.009807609,0.14708860218524933,0.5741106867790222,0.3373047709465027
YMR165C,YLL027W,0,0.009804938,0.1470513790845871,0.5741106867790222,0.33740487694740295
YNR067C,YDL024C,0,0.009798083,0.14701417088508606,0.5741106867790222,0.3375050127506256
YML128C,YHL016C,0,0.009795617,0.14697697758674622,0.5741106867790222,0.3376051187515259
YML039W,YOR226C,0,0.0097946655,0.14693981409072876,0.5741106867790222,0.33770525455474854
YGL162W,YGL083W,0,0.00979346,0.1469026505947113,0.5741106867790222,0.3378053605556488
YOL115W,YCR002C,0,0.009788871,0.14686551690101624,0.5741106867790222,0.33790549635887146
YKR020W,YDR354W,0,0.009787615,0.14682839810848236,0.5741106867790222,0.33800560235977173
YOL142W,YGR135W,0,0.009785909,0.14679130911827087,0.5741106867790222,0.3381057381629944
YDR322W,YKL028W,0,0.009784821,0.14675423502922058,0.5741106867790222,0.33820584416389465
YDR027C,YBR240C,0,0.009782502,0.14671717584133148,0.5741106867790222,0.3383059799671173
YJR110W,YDR248C,0,0.009780165,0.14668013155460358,0.5741106867790222,0.3384060859680176
YOR292C,YLR134W,0,0.009776007,0.14664310216903687,0.5741106867790222,0.33850622177124023
YOR334W,YBR295W,1,0.009771865,0.14685843884944916,0.5750988125801086,0.33850622177124023
YBR240C,YDL010W,0,0.009770747,0.14682139456272125,0.5750988125801086,0.3386063277721405
YLL012W,YDR195W,0,0.009767406,0.14678436517715454,0.5750988125801086,0.33870643377304077
YIL114C,YDR160W,1,0.009765198,0.14699949324131012,0.5760869383811951,0.33870643377304077
YGL254W,YLL015W,1,0.009758429,0.14721451699733734,0.5770751237869263,0.33870643377304077
YGL213C,YER001W,0,0.00975557,0.14717741310596466,0.5770751237869263,0.3388065695762634
YKL213C,YPL088W,0,0.009752911,0.14714033901691437,0.5770751237869263,0.3389066755771637
YLR297W,YML070W,0,0.009752679,0.14710327982902527,0.5770751237869263,0.33900681138038635
YDR039C,YBR295W,1,0.009751394,0.1473180502653122,0.5780632495880127,0.33900681138038635
YDR379W,YOR181W,0,0.009742057,0.1472809612751007,0.5780632495880127,0.3391069173812866
YDR027C,YER058W,0,0.009739418,0.1472439020872116,0.5780632495880127,0.3392070531845093
YDR064W,YKL024C,0,0.00973204,0.1472068428993225,0.5780632495880127,0.33930715918540955
YAL039C,YGL236C,0,0.00973076,0.1471698135137558,0.5780632495880127,0.3394072949886322
YBR182C,YBL042C,0,0.0097298715,0.14713279902935028,0.5780632495880127,0.33950740098953247
YLR144C,YDL029W,0,0.009722685,0.14709579944610596,0.5780632495880127,0.3396075367927551
YNL006W,YOR039W,0,0.009718577,0.14705882966518402,0.5780632495880127,0.3397076427936554
YLR423C,YMR214W,0,0.0097184405,0.14702185988426208,0.5780632495880127,0.33980777859687805
YDR202C,YJL133W,0,0.009706658,0.14698491990566254,0.5780632495880127,0.3399078845977783
YJL117W,YBR294W,1,0.009700753,0.14719919860363007,0.5790513753890991,0.3399078845977783
YOL043C,YDL226C,0,0.009699618,0.14716222882270813,0.5790513753890991,0.340008020401001
YGR128C,YMR312W,0,0.009695251,0.14712528884410858,0.5790513753890991,0.34010812640190125
YGL044C,YDL095W,0,0.009694681,0.14708834886550903,0.5790513753890991,0.3402082622051239
YJL004C,YDL147W,0,0.009690853,0.14705143868923187,0.5790513753890991,0.34030836820602417
YBL050W,YER021W,0,0.009687755,0.1470145583152771,0.5790513753890991,0.3404085040092468
YMR128W,YHR036W,0,0.009683732,0.14697767794132233,0.5790513753890991,0.3405086100101471
YAL008W,YML087C,0,0.009682064,0.14694082736968994,0.5790513753890991,0.34060871601104736
YPR021C,YDR270W,1,0.009678505,0.14715467393398285,0.5800395011901855,0.34060871601104736
YOR344C,YHL001W,0,0.009676605,0.14711779356002808,0.5800395011901855,0.34070885181427
YNL037C,YAR019C,0,0.009661371,0.1470809280872345,0.5800395011901855,0.3408089578151703
YMR163C,YKL011C,0,0.009660677,0.1470440924167633,0.5800395011901855,0.34090909361839294
YOR270C,YLR178C,0,0.009651251,0.14700725674629211,0.5800395011901855,0.3410091996192932
YFL047W,YIL072W,0,0.009644256,0.1469704508781433,0.5800395011901855,0.34110933542251587
YJL214W,YGR284C,0,0.009640317,0.1469336599111557,0.5800395011901855,0.34120944142341614
YIL026C,YDR302W,0,0.00963767,0.14689689874649048,0.5800395011901855,0.3413095772266388
YMR260C,YMR099C,0,0.009635398,0.14686015248298645,0.5800395011901855,0.34140968322753906
YER146W,YKR057W,0,0.009624509,0.14682340621948242,0.5800395011901855,0.3415098190307617
YDL231C,YKL199C,0,0.009614751,0.14678668975830078,0.5800395011901855,0.341609925031662
YER051W,YDR414C,0,0.009609428,0.14675000309944153,0.5800395011901855,0.34171006083488464
YPL249C-A,YEL036C,0,0.009604797,0.14671331644058228,0.5800395011901855,0.3418101668357849
YIR035C,YML106W,0,0.009604011,0.1466766595840454,0.5800395011901855,0.34191030263900757
YDR103W,YNL107W,0,0.009600413,0.14664001762866974,0.5800395011901855,0.34201040863990784
YIR005W,YER137C,0,0.009598923,0.14660339057445526,0.5800395011901855,0.3421105444431305
YOR265W,YER148W,0,0.009598615,0.14656679332256317,0.5800395011901855,0.34221065044403076
YPR162C,YPR152C,0,0.009597094,0.14653021097183228,0.5800395011901855,0.3423107862472534
YGR031C-A,YER098W,0,0.009595124,0.14649364352226257,0.5800395011901855,0.3424108922481537
YER046W,YPR125W,0,0.009586865,0.14645709097385406,0.5800395011901855,0.34251102805137634
YNL027W,YBR087W,0,0.009575669,0.14642055332660675,0.5800395011901855,0.3426111340522766
YDR104C,YKL152C,0,0.009574328,0.14638404548168182,0.5800395011901855,0.3427112400531769
YGL054C,YHR203C,0,0.009572957,0.1463475376367569,0.5800395011901855,0.34281137585639954
YCL043C,YIR013C,0,0.009571835,0.14631105959415436,0.5800395011901855,0.3429114818572998
YBR291C,YDR506C,1,0.009563875,0.14652380347251892,0.5810276865959167,0.3429114818572998
YJL060W,YMR143W,0,0.009561807,0.146487295627594,0.5810276865959167,0.34301161766052246
YMR235C,YHR215W,0,0.00955906,0.14645080268383026,0.5810276865959167,0.34311172366142273
YCR037C,YLR337W,0,0.009554651,0.14641433954238892,0.5810276865959167,0.3432118594646454
YDL190C,YNL327W,0,0.00954793,0.14637789130210876,0.5810276865959167,0.34331196546554565
YDR447C,YDR376W,0,0.009545594,0.1463414579629898,0.5810276865959167,0.3434121012687683
YLR256W,YKL024C,0,0.009538058,0.14630505442619324,0.5810276865959167,0.3435122072696686
YLL018C-A,YKL016C,1,0.00953728,0.14651741087436676,0.5820158123970032,0.3435122072696686
YDR083W,YPL150W,0,0.009531959,0.1464809775352478,0.5820158123970032,0.34361234307289124
YIL127C,YFL062W,0,0.00952987,0.14644455909729004,0.5820158123970032,0.3437124490737915
YOR208W,YKR102W,0,0.009526074,0.14640815556049347,0.5820158123970032,0.34381258487701416
YJL177W,YER082C,0,0.009524673,0.1463717669248581,0.5820158123970032,0.34391269087791443
YDL033C,YGR292W,0,0.00952342,0.1463354080915451,0.5820158123970032,0.3440128266811371
YKR092C,YDR076W,0,0.009512302,0.14629904925823212,0.5820158123970032,0.34411293268203735
YFR032C-A,YDR315C,0,0.009508842,0.14626272022724152,0.5820158123970032,0.34421306848526
YLR306W,YOL124C,0,0.009508554,0.1462264209985733,0.5820158123970032,0.3443131744861603
YOR221C,YCL014W,0,0.009506702,0.1461901217699051,0.5820158123970032,0.34441331028938293
YLR447C,YMR177W,1,0.009500041,0.14640198647975922,0.5830039381980896,0.34441331028938293
YGR074W,YHR030C,0,0.009498961,0.1463656723499298,0.5830039381980896,0.3445134162902832
YHR105W,YBR253W,0,0.009496632,0.1463293582201004,0.5830039381980896,0.34461352229118347
YPL249C-A,YLR154C,0,0.009488404,0.14629308879375458,0.5830039381980896,0.34471365809440613
YER170W,YFL037W,0,0.009485427,0.14625681936740875,0.5830039381980896,0.3448137640953064
YDR320C-A,YKR066C,0,0.009483085,0.14622056484222412,0.5830039381980896,0.34491389989852905
YMR306W,YLR287C-A,0,0.009474374,0.14618434011936188,0.5830039381980896,0.3450140058994293
YGL148W,YDR279W,0,0.009469419,0.14614813029766083,0.5830039381980896,0.345114141702652
YMR034C,YBR299W,0,0.009464301,0.14611193537712097,0.5830039381980896,0.34521424770355225
YDL146W,YER022W,0,0.009461868,0.1460757553577423,0.5830039381980896,0.3453143835067749
YMR087W,YAR019C,0,0.0094608385,0.14603960514068604,0.5830039381980896,0.34541448950767517
YGR088W,YDL005C,0,0.009460196,0.14600346982479095,0.5830039381980896,0.3455146253108978
YDR448W,YGR128C,0,0.009453867,0.14596734941005707,0.5830039381980896,0.3456147313117981
YDR448W,YJL121C,0,0.0094462205,0.14593124389648438,0.5830039381980896,0.34571486711502075
YDR238C,YHR186C,0,0.009444823,0.14589515328407288,0.5830039381980896,0.345814973115921
YOR271C,YJL093C,1,0.00944186,0.1461063027381897,0.5839921236038208,0.345814973115921
YDR419W,YDL108W,0,0.009440731,0.146070197224617,0.5839921236038208,0.3459151089191437
YHL008C,YGL254W,1,0.009435256,0.1462811976671219,0.5849802494049072,0.3459151089191437
YDL055C,YJL141C,0,0.009432528,0.1462450623512268,0.5849802494049072,0.34601521492004395
YCR071C,YJL114W,0,0.009431526,0.14620894193649292,0.5849802494049072,0.3461153507232666
YPL246C,YKL168C,0,0.009430446,0.14617283642292023,0.5849802494049072,0.34621545672416687
YER075C,YMR090W,0,0.009427624,0.14613676071166992,0.5849802494049072,0.3463155925273895
YNL289W,YER104W,0,0.009418695,0.14610068500041962,0.5849802494049072,0.3464156985282898
YBR055C,YLR291C,0,0.009412227,0.1460646390914917,0.5849802494049072,0.34651580452919006
YEL054C,YPR127W,0,0.009408087,0.14602860808372498,0.5849802494049072,0.3466159403324127
YDR390C,YDR258C,0,0.009404264,0.14599260687828064,0.5849802494049072,0.346716046333313
YML065W,YNR032W,0,0.009400315,0.1459566056728363,0.5849802494049072,0.34681618213653564
YCR023C,YGL167C,1,0.009397212,0.1461671143770218,0.5859683752059937,0.34681618213653564
YGR285C,YDR353W,0,0.009387762,0.14613109827041626,0.5859683752059937,0.3469162881374359
YJL160C,YLR312W-A,0,0.009387443,0.14609509706497192,0.5859683752059937,0.34701642394065857
YKR026C,YJL104W,0,0.0093854815,0.14605911076068878,0.5859683752059937,0.34711652994155884
YDL128W,YKL200C,0,0.009385119,0.14602315425872803,0.5859683752059937,0.3472166657447815
YPR201W,YCR075C,1,0.009382427,0.14623337984085083,0.5869565010070801,0.3472166657447815
YDR409W,YDL236W,0,0.009378143,0.1461973935365677,0.5869565010070801,0.34731677174568176
YGR184C,YDR221W,0,0.009368412,0.14616142213344574,0.5869565010070801,0.3474169075489044
YDR425W,YGR162W,0,0.009366095,0.14612546563148499,0.5869565010070801,0.3475170135498047
YDR225W,YOR085W,0,0.009355506,0.14608952403068542,0.5869565010070801,0.34761714935302734
YBR057C,YDR198C,0,0.009351978,0.14605359733104706,0.5869565010070801,0.3477172553539276
YPR082C,YLR439W,0,0.009348601,0.14601770043373108,0.5869565010070801,0.34781739115715027
YMR109W,YPL249C,0,0.009337676,0.1459818184375763,0.5869565010070801,0.34791749715805054
YMR315W,YOL091W,0,0.009336513,0.1459459513425827,0.5869565010070801,0.3480176329612732
YBR039W,YHL016C,1,0.009329373,0.1461557298898697,0.5879446864128113,0.3480176329612732
YKR055W,YPL033C,0,0.009320691,0.1461198478937149,0.5879446864128113,0.34811773896217346
YAL031C,YGR059W,0,0.009306844,0.14608396589756012,0.5879446864128113,0.3482178747653961
YJL151C,YGR216C,0,0.009306267,0.14604811370372772,0.5879446864128113,0.3483179807662964
YNL003C,YIL114C,1,0.009305732,0.1462576687335968,0.5889328122138977,0.3483179807662964
YCR089W,YDR011W,0,0.009303968,0.14622178673744202,0.5889328122138977,0.34841811656951904
YAL042W,YOL148C,0,0.0093022175,0.14618591964244843,0.5889328122138977,0.3485182225704193
YKR030W,YDR060W,0,0.00930129,0.14615006744861603,0.5889328122138977,0.3486183285713196
YNL003C,YER087W,0,0.009297671,0.14611424505710602,0.5889328122138977,0.34871846437454224
YLR216C,YGL031C,0,0.009293832,0.1460784375667572,0.5889328122138977,0.3488185703754425
YIL126W,YNL241C,0,0.009285204,0.1460426300764084,0.5889328122138977,0.34891870617866516
YHR060W,YML131W,0,0.00928048,0.14600685238838196,0.5889328122138977,0.34901881217956543
YKR038C,YER042W,0,0.009277951,0.14597110450267792,0.5889328122138977,0.3491189479827881
YPL065W,YIR003W,0,0.009272016,0.14593535661697388,0.5889328122138977,0.34921905398368835
YGR047C,YJR088C,0,0.009271504,0.14589963853359222,0.5889328122138977,0.349319189786911
YLL051C,YJL129C,1,0.00926517,0.14610865712165833,0.5899209380149841,0.349319189786911
YFL041W,YLR092W,1,0.009262802,0.14631758630275726,0.5909090638160706,0.349319189786911
YJL053W,YHR061C,0,0.009260055,0.14628179371356964,0.5909090638160706,0.3494192957878113
YDR497C,YNL044W,0,0.009258941,0.1462460309267044,0.5909090638160706,0.34951943159103394
YGR262C,YKL094W,0,0.009254556,0.14621026813983917,0.5909090638160706,0.3496195375919342
YNL058C,YMR289W,0,0.009247359,0.14617453515529633,0.5909090638160706,0.34971967339515686
YBR240C,YPR056W,0,0.009243652,0.14613880217075348,0.5909090638160706,0.34981977939605713
YDR036C,YDR283C,0,0.009243313,0.14610309898853302,0.5909090638160706,0.3499199151992798
YOR278W,YBR058C,0,0.009238308,0.14606741070747375,0.5909090638160706,0.35002002120018005
YBR125C,YHL016C,0,0.00923755,0.14603175222873688,0.5909090638160706,0.3501201570034027
YBR141C,YDR263C,0,0.0092321355,0.14599609375,0.5909090638160706,0.350220263004303
YLR005W,YEL061C,0,0.009224361,0.1459604650735855,0.5909090638160706,0.35032039880752563
YMR013C,YPR061C,0,0.009222811,0.14592483639717102,0.5909090638160706,0.3504205048084259
YLR047C,YNL283C,0,0.009219497,0.14588923752307892,0.5909090638160706,0.35052061080932617
YPL078C,YPL255W,0,0.009214949,0.145853653550148,0.5909090638160706,0.35062074661254883
YDL039C,YMR164C,0,0.00921428,0.1458180993795395,0.5909090638160706,0.3507208526134491
YMR070W,YBL089W,0,0.009205901,0.14578254520893097,0.5909090638160706,0.35082098841667175
YMR211W,YBR061C,0,0.009198055,0.14574702084064484,0.5909090638160706,0.350921094417572
YDR248C,YPL110C,0,0.009194281,0.1457114964723587,0.5909090638160706,0.3510212302207947
YEL027W,YNR013C,1,0.009194195,0.14591960608959198,0.5918972492218018,0.3510212302207947
YOL093W,YLR298C,0,0.009190917,0.14588406682014465,0.5918972492218018,0.35112133622169495
YGL071W,YIL006W,1,0.00918103,0.14609204232692719,0.5928853750228882,0.35112133622169495
YGR152C,YDR103W,0,0.009171713,0.14605647325515747,0.5928853750228882,0.3512214720249176
YOR151C,YHR039C-A,0,0.009167411,0.14602093398571014,0.5928853750228882,0.35132157802581787
YHR005C-A,YDL054C,0,0.009164618,0.14598539471626282,0.5928853750228882,0.3514217138290405
YIL093C,YDR143C,0,0.009163737,0.14594988524913788,0.5928853750228882,0.3515218198299408
YMR038C,YGR276C,0,0.009163622,0.14591439068317413,0.5928853750228882,0.35162195563316345
YMR189W,YCL066W,0,0.009151782,0.14587892591953278,0.5928853750228882,0.3517220616340637
YPL276W,YML126C,0,0.00914697,0.14584346115589142,0.5928853750228882,0.3518221974372864
YFL053W,YJL128C,0,0.00914195,0.14580802619457245,0.5928853750228882,0.35192230343818665
YNL095C,YDR479C,0,0.009140283,0.14577259123325348,0.5928853750228882,0.3520224392414093
YOL109W,YOR242C,0,0.009136189,0.1457371860742569,0.5928853750228882,0.35212254524230957
YER008C,YLR043C,0,0.009136125,0.1457017958164215,0.5928853750228882,0.3522226810455322
YBR298C,YDR267C,0,0.009127901,0.14566642045974731,0.5928853750228882,0.3523227870464325
YLR069C,YNL146W,0,0.009124581,0.1456310749053955,0.5928853750228882,0.35242289304733276
YKR071C,YPL028W,0,0.009122642,0.1455957293510437,0.5928853750228882,0.3525230288505554
YNL021W,YOR261C,0,0.009116449,0.14556041359901428,0.5928853750228882,0.3526231348514557
YLR034C,YJL156C,0,0.009115372,0.14552509784698486,0.5928853750228882,0.35272327065467834
YAL005C,YIR023W,0,0.009113448,0.14548981189727783,0.5928853750228882,0.3528233766555786
YPL143W,YHR160C,0,0.009111088,0.145454540848732,0.5928853750228882,0.35292351245880127
YDR210W,YCR002C,0,0.00911033,0.14541929960250854,0.5928853750228882,0.35302361845970154
YLL045C,YKL015W,0,0.009110019,0.1453840583562851,0.5928853750228882,0.3531237542629242
YFL021W,YBL079W,0,0.009101652,0.14534883201122284,0.5928853750228882,0.35322386026382446
YER074W-A,YER011W,0,0.009100646,0.14531363546848297,0.5928853750228882,0.3533239960670471
YDR044W,YLR035C-A,0,0.009100342,0.1452784538269043,0.5928853750228882,0.3534241020679474
YPR160W,YDR373W,0,0.00909809,0.14524328708648682,0.5928853750228882,0.35352423787117004
YLR321C,YKL125W,0,0.009095199,0.14520813524723053,0.5928853750228882,0.3536243438720703
YOL066C,YAL061W,0,0.009094361,0.14517299830913544,0.5928853750228882,0.35372447967529297
YNR004W,YOR212W,0,0.009094158,0.14513787627220154,0.5928853750228882,0.35382458567619324
YFR008W,YJR135C,0,0.009090714,0.14510278403759003,0.5928853750228882,0.3539247214794159
YPL230W,YLL010C,0,0.009088103,0.14506769180297852,0.5928853750228882,0.35402482748031616
YGL103W,YDL229W,0,0.009081569,0.1450326293706894,0.5928853750228882,0.3541249632835388
YDL165W,YOR022C,0,0.009075627,0.14499758183956146,0.5928853750228882,0.3542250692844391
YDR466W,YPL088W,0,0.009074122,0.14496254920959473,0.5928853750228882,0.35432520508766174
YJL133W,YKR039W,1,0.009066617,0.14516907930374146,0.5938735008239746,0.35432520508766174
YGR287C,YDR033W,0,0.009063803,0.14513403177261353,0.5938735008239746,0.354425311088562
YLR356W,YBR195C,0,0.009054453,0.1450989842414856,0.5938735008239746,0.3545254170894623
YLR221C,YER104W,0,0.00905177,0.14506396651268005,0.5938735008239746,0.35462555289268494
YKL220C,YMR321C,0,0.009040717,0.1450289636850357,0.5938735008239746,0.3547256588935852
YJR031C,YLR233C,0,0.009039715,0.14499397575855255,0.5938735008239746,0.35482579469680786
YOL151W,YBR192W,0,0.009037016,0.1449590027332306,0.5938735008239746,0.35492590069770813
YPL177C,YOR246C,0,0.009030099,0.14492404460906982,0.5938735008239746,0.3550260365009308
YGR049W,YMR013C,0,0.009030002,0.14488910138607025,0.5938735008239746,0.35512614250183105
YNL256W,YLR069C,0,0.009026883,0.14485418796539307,0.5938735008239746,0.3552262783050537
YLR373C,YLR343W,0,0.0090260375,0.14481927454471588,0.5938735008239746,0.355326384305954
YJR152W,YDR160W,1,0.009025549,0.14502529799938202,0.5948616862297058,0.355326384305954
YGL249W,YDL130W-A,0,0.009018,0.14499036967754364,0.5948616862297058,0.35542652010917664
YDR379W,YML015C,0,0.009017985,0.14495545625686646,0.5948616862297058,0.3555266261100769
YOR251C,YBR294W,1,0.009015064,0.14516128599643707,0.5958498120307922,0.3555266261100769
YML018C,YER137C,0,0.009013869,0.1451263576745987,0.5958498120307922,0.35562676191329956
YBR186W,YFR006W,0,0.009013304,0.14509142935276031,0.5958498120307922,0.35572686791419983
YMR223W,YJR057W,0,0.009009734,0.14505653083324432,0.5958498120307922,0.3558270037174225
YGL039W,YJL034W,0,0.009006271,0.14502164721488953,0.5958498120307922,0.35592710971832275
YMR038C,YDR446W,0,0.008999387,0.14498677849769592,0.5958498120307922,0.3560272455215454
YEL051W,YLR411W,1,0.008998688,0.14519231021404266,0.5968379378318787,0.3560272455215454
YJR075W,YCR077C,0,0.008994553,0.14515741169452667,0.5968379378318787,0.3561273515224457
YLR318W,YNL224C,0,0.008991482,0.14512254297733307,0.5968379378318787,0.35622748732566833
YIL155C,YJR103W,0,0.008991443,0.14508767426013947,0.5968379378318787,0.3563275933265686
YPL101W,YMR137C,0,0.008982588,0.14505283534526825,0.5968379378318787,0.35642769932746887
YPL046C,YML071C,0,0.00897068,0.14501801133155823,0.5968379378318787,0.35652783513069153
YDR356W,YIL083C,0,0.008967297,0.1449832022190094,0.5968379378318787,0.3566279411315918
YCR089W,YLR251W,0,0.008962837,0.14494840800762177,0.5968379378318787,0.35672807693481445
YHR216W,YAL020C,0,0.008957783,0.14491362869739532,0.5968379378318787,0.3568281829357147
YKL020C,YDL043C,0,0.008954686,0.14487886428833008,0.5968379378318787,0.3569283187389374
YGR116W,YPL155C,0,0.008949932,0.14484412968158722,0.5968379378318787,0.35702842473983765
YKL161C,YNR021W,0,0.008944062,0.14480939507484436,0.5968379378318787,0.3571285605430603
YIL090W,YFL036W,0,0.008944033,0.1447746902704239,0.5968379378318787,0.35722866654396057
YKR025W,YNL268W,0,0.008938758,0.1447400003671646,0.5968379378318787,0.3573288023471832
YKR097W,YHR008C,0,0.008928955,0.14470532536506653,0.5968379378318787,0.3574289083480835
YGL191W,YOR038C,0,0.008928565,0.14467066526412964,0.5968379378318787,0.35752904415130615
YGL010W,YNL261W,0,0.00891856,0.14463602006435394,0.5968379378318787,0.3576291501522064
YAL042W,YER014C-A,0,0.008917674,0.14460138976573944,0.5968379378318787,0.3577292859554291
YML042W,YAR019C,0,0.0089165345,0.14456677436828613,0.5968379378318787,0.35782939195632935
YMR121C,YPR204W,0,0.008910239,0.1445321887731552,0.5968379378318787,0.357929527759552
YMR166C,YOR344C,0,0.008909092,0.1444976031780243,0.5968379378318787,0.35802963376045227
YBR145W,YLR166C,0,0.008902222,0.14446304738521576,0.5968379378318787,0.3581297695636749
YOL038W,YER111C,0,0.008902134,0.14442850649356842,0.5968379378318787,0.3582298755645752
YPL078C,YBR229C,0,0.00889666,0.14439398050308228,0.5968379378318787,0.35832998156547546
YDR297W,YGL179C,0,0.008893281,0.14435946941375732,0.5968379378318787,0.3584301173686981
YPR041W,YKR030W,0,0.008890491,0.14432497322559357,0.5968379378318787,0.3585302233695984
YDL067C,YDR030C,0,0.008886173,0.144290491938591,0.5968379378318787,0.35863035917282104
YDR418W,YML106W,0,0.008881934,0.14425602555274963,0.5968379378318787,0.3587304651737213
YDR245W,YBR297W,0,0.008876381,0.14422158896923065,0.5968379378318787,0.35883060097694397
YKR066C,YGR124W,0,0.00887333,0.14418715238571167,0.5968379378318787,0.35893070697784424
YAL029C,YBR118W,0,0.008871134,0.14415274560451508,0.5968379378318787,0.3590308427810669
YKL065C,YCL069W,0,0.008870746,0.14411835372447968,0.5968379378318787,0.35913094878196716
YMR161W,YNL012W,0,0.008866906,0.14408397674560547,0.5968379378318787,0.3592310845851898
YEL041W,YMR077C,0,0.008865682,0.14404959976673126,0.5968379378318787,0.3593311905860901
YNL177C,YBR118W,0,0.008864719,0.14401525259017944,0.5968379378318787,0.35943132638931274
YCR083W,YBR030W,0,0.008856609,0.14398093521595,0.5968379378318787,0.359531432390213
YBR261C,YBR033W,0,0.008852623,0.14394661784172058,0.5968379378318787,0.35963156819343567
YGL200C,YOR206W,0,0.008849248,0.14391231536865234,0.5968379378318787,0.35973167419433594
YBR037C,YOR351C,0,0.008844967,0.1438780426979065,0.5968379378318787,0.3598318099975586
YOL137W,YLR446W,0,0.008840384,0.14384377002716064,0.5968379378318787,0.35993191599845886
YDR155C,YDL132W,0,0.008830868,0.14380952715873718,0.5968379378318787,0.3600320518016815
YIL009C-A,YIL026C,0,0.008825354,0.14377528429031372,0.5968379378318787,0.3601321578025818
YPL221W,YNR013C,1,0.008824801,0.1439790576696396,0.5978260636329651,0.3601321578025818
YFR018C,YHR005C-A,0,0.008813296,0.14394479990005493,0.5978260636329651,0.36023229360580444
YBR160W,YOR038C,0,0.008812325,0.14391055703163147,0.5978260636329651,0.3603323996067047
YIR002C,YAL047C,0,0.008811232,0.1438763439655304,0.5978260636329651,0.360432505607605
YGR061C,YGL147C,0,0.008809552,0.14384213089942932,0.5978260636329651,0.36053264141082764
YLL012W,YOR033C,0,0.008808054,0.14380793273448944,0.5978260636329651,0.3606327474117279
YDL045C,YJL019W,0,0.0088034645,0.14377376437187195,0.5978260636329651,0.36073288321495056
YMR189W,YEL015W,0,0.008800576,0.14373961091041565,0.5978260636329651,0.36083298921585083
YGR047C,YCL018W,0,0.008796543,0.14370545744895935,0.5978260636329651,0.3609331250190735
YAL044C,YLR182W,0,0.00879569,0.14367133378982544,0.5978260636329651,0.36103323101997375
YFL035C,YNR016C,0,0.008793751,0.14363722503185272,0.5978260636329651,0.3611333668231964
YLR396C,YDL166C,0,0.008793556,0.1436031311750412,0.5978260636329651,0.3612334728240967
YJL048C,YPL273W,0,0.008791655,0.14356905221939087,0.5978260636329651,0.36133360862731934
YDR281C,YLR383W,0,0.0087840445,0.14353498816490173,0.5978260636329651,0.3614337146282196
YML028W,YLR116W,0,0.008782417,0.14350095391273499,0.5978260636329651,0.36153385043144226
YJR056C,YJL171C,0,0.00877825,0.14346691966056824,0.5978260636329651,0.36163395643234253
YLR116W,YNR067C,0,0.008773923,0.14343290030956268,0.5978260636329651,0.3617340922355652
YML081C-A,YBL082C,0,0.008767568,0.14339891076087952,0.5978260636329651,0.36183419823646545
YDR159W,YER052C,0,0.00876582,0.14336493611335754,0.5978260636329651,0.3619343340396881
YLL028W,YPL068C,0,0.008764364,0.14333096146583557,0.5978260636329651,0.3620344400405884
YFL029C,YHR039C,0,0.008755953,0.143297016620636,0.5978260636329651,0.36213457584381104
YML064C,YNL046W,0,0.008755825,0.1432630866765976,0.5978260636329651,0.3622346818447113
YGR052W,YMR305C,0,0.008755766,0.1432291716337204,0.5978260636329651,0.3623347878456116
YAR066W,YKL086W,0,0.008751813,0.1431952714920044,0.5978260636329651,0.36243492364883423
YMR295C,YKR039W,0,0.008738936,0.14316138625144958,0.5978260636329651,0.3625350296497345
YJR130C,YGR167W,0,0.008734884,0.14312751591205597,0.5978260636329651,0.36263516545295715
YKR003W,YCR070W,0,0.008731725,0.14309366047382355,0.5978260636329651,0.3627352714538574
YGR056W,YIL136W,0,0.008720802,0.14305981993675232,0.5978260636329651,0.3628354072570801
YPR122W,YER124C,0,0.00871717,0.14302600920200348,0.5978260636329651,0.36293551325798035
YHR141C,YOR384W,0,0.008714348,0.14299219846725464,0.5978260636329651,0.363035649061203
YNR003C,YER161C,0,0.008713227,0.14295841753482819,0.5978260636329651,0.36313575506210327
YHR021C,YKL101W,0,0.008713027,0.14292463660240173,0.5978260636329651,0.3632358908653259
YMR163C,YDR322W,0,0.008709507,0.14289088547229767,0.5978260636329651,0.3633359968662262
YGL160W,YKR060W,0,0.008706676,0.1428571492433548,0.5978260636329651,0.36343613266944885
YJL071W,YDR236C,0,0.00870458,0.14282341301441193,0.5978260636329651,0.3635362386703491
YIR018W,YOR073W,0,0.008700142,0.14278970658779144,0.5978260636329651,0.3636363744735718
YDR130C,YJR094W-A,0,0.008700131,0.14275601506233215,0.5978260636329651,0.36373648047447205
YMR236W,YOR382W,0,0.008692328,0.14272233843803406,0.5978260636329651,0.3638366162776947
YOR299W,YBR294W,0,0.008691732,0.14268867671489716,0.5978260636329651,0.36393672227859497
YMR086W,YJL044C,0,0.008686892,0.14265502989292145,0.5978260636329651,0.3640368580818176
YMR071C,YBR111W-A,0,0.008685596,0.14262139797210693,0.5978260636329651,0.3641369640827179
YIL006W,YKR052C,1,0.008670352,0.1428234726190567,0.5988142490386963,0.3641369640827179
YPL180W,YPR144C,0,0.008669641,0.142789825797081,0.5988142490386963,0.36423707008361816
YGR258C,YPL124W,0,0.008669042,0.14275617897510529,0.5988142490386963,0.3643372058868408
YOR321W,YMR051C,0,0.008667164,0.14272256195545197,0.5988142490386963,0.3644373118877411
YLR107W,YPL226W,0,0.008667134,0.14268895983695984,0.5988142490386963,0.36453744769096375
YMR197C,YOL060C,0,0.008664787,0.1426553726196289,0.5988142490386963,0.364637553691864
YJL221C,YJL145W,0,0.00866252,0.14262180030345917,0.5988142490386963,0.36473768949508667
YPL096W,YPL020C,0,0.008661196,0.14258822798728943,0.5988142490386963,0.36483779549598694
YIL127C,YIL101C,0,0.008661149,0.14255470037460327,0.5988142490386963,0.3649379312992096
YLR278C,YIL111W,0,0.008654334,0.14252117276191711,0.5988142490386963,0.36503803730010986
YCL019W,YOR219C,0,0.008649141,0.14248766005039215,0.5988142490386963,0.3651381731033325
YJL187C,YDR090C,0,0.008646348,0.14245416224002838,0.5988142490386963,0.3652382791042328
YNR041C,YML030W,0,0.008644109,0.1424206793308258,0.5988142490386963,0.36533841490745544
YDR304C,YHL020C,0,0.008634156,0.14238721132278442,0.5988142490386963,0.3654385209083557
YJL074C,YDL195W,0,0.008614569,0.14235377311706543,0.5988142490386963,0.36553865671157837
YLR314C,YDR153C,0,0.008604873,0.14232033491134644,0.5988142490386963,0.36563876271247864
YJL166W,YMR246W,0,0.008603282,0.14228692650794983,0.5988142490386963,0.3657388985157013
YPR194C,YIL009C-A,0,0.008602699,0.14225351810455322,0.5988142490386963,0.36583900451660156
YIL093C,YPL192C,0,0.008600948,0.142220139503479,0.5988142490386963,0.3659391403198242
YPL053C,YGR186W,0,0.00859772,0.14218676090240479,0.5988142490386963,0.3660392463207245
YJR135C,YOL043C,0,0.008597266,0.14215341210365295,0.5988142490386963,0.36613938212394714
YGR247W,YOR083W,0,0.008593977,0.14212007820606232,0.5988142490386963,0.3662394881248474
YDL184C,YJL093C,0,0.008591253,0.14208675920963287,0.5988142490386963,0.3663395941257477
YHR050W,YJL095W,0,0.008590886,0.14205344021320343,0.5988142490386963,0.36643972992897034
YLR314C,YJL095W,0,0.008585168,0.14202015101909637,0.5988142490386963,0.3665398359298706
YDR461W,YIL128W,0,0.008580856,0.1419868767261505,0.5988142490386963,0.36663997173309326
YER070W,YDL121C,0,0.008579649,0.14195361733436584,0.5988142490386963,0.36674007773399353
YLR306W,YLR040C,0,0.008578546,0.14192037284374237,0.5988142490386963,0.3668402135372162
YOR122C,YBR238C,0,0.008571643,0.1418871432542801,0.5988142490386963,0.36694031953811646
YGR225W,YGR188C,0,0.008562433,0.141853928565979,0.5988142490386963,0.3670404553413391
YHR209W,YDR347W,0,0.00855224,0.1418207287788391,0.5988142490386963,0.3671405613422394
YJR033C,YOR290C,0,0.0085401535,0.1417875587940216,0.5988142490386963,0.36724069714546204
YNL122C,YLR138W,0,0.008540029,0.1417543888092041,0.5988142490386963,0.3673408031463623
YNL026W,YEL015W,0,0.008539915,0.1417212337255478,0.5988142490386963,0.36744093894958496
YPL220W,YLR079W,0,0.008537151,0.14168809354305267,0.5988142490386963,0.36754104495048523
YGR249W,YCR093W,0,0.008513677,0.14165498316287994,0.5988142490386963,0.3676411807537079
YKR086W,YKR048C,0,0.008508652,0.14162187278270721,0.5988142490386963,0.36774128675460815
YBR056W,YMR239C,0,0.0085078925,0.14158879220485687,0.5988142490386963,0.3678414225578308
YNL335W,YBR291C,0,0.008505335,0.14155571162700653,0.5988142490386963,0.3679415285587311
YLR027C,YOL006C,0,0.008503688,0.14152264595031738,0.5988142490386963,0.36804166436195374
YJR155W,YCR094W,0,0.0084943045,0.14148961007595062,0.5988142490386963,0.368141770362854
YDR347W,YGL251C,0,0.008493749,0.14145658910274506,0.5988142490386963,0.3682418763637543
YOR303W,YGR047C,0,0.0084891245,0.1414235681295395,0.5988142490386963,0.36834201216697693
YDR356W,YOR256C,0,0.00848758,0.1413905769586563,0.5988142490386963,0.3684421181678772
YHL008C,YOL152W,1,0.00848745,0.14159086346626282,0.5998023748397827,0.3684421181678772
YIL034C,YGL017W,0,0.008485876,0.14155784249305725,0.5998023748397827,0.36854225397109985
YDR172W,YLR340W,0,0.008485209,0.14152483642101288,0.5998023748397827,0.3686423599720001
YNR027W,YOL111C,0,0.008483108,0.1414918452501297,0.5998023748397827,0.3687424957752228
YGR249W,YPR125W,0,0.008479793,0.14145886898040771,0.5998023748397827,0.36884260177612305
YFL008W,YDR214W,0,0.0084789805,0.14142590761184692,0.5998023748397827,0.3689427375793457
YJR021C,YGL003C,0,0.008474652,0.14139296114444733,0.5998023748397827,0.36904284358024597
YCR093W,YKL015W,0,0.008471541,0.14136004447937012,0.5998023748397827,0.36914297938346863
YLR035C-A,YPR127W,0,0.008469129,0.1413271278142929,0.5998023748397827,0.3692430853843689
YNL282W,YOR173W,0,0.008465163,0.1412942260503769,0.5998023748397827,0.36934322118759155
YIL084C,YOR131C,0,0.00846043,0.14126133918762207,0.5998023748397827,0.3694433271884918
YHR102W,YBL027W,0,0.008457243,0.14122848212718964,0.5998023748397827,0.3695434629917145
YDR039C,YNR055C,1,0.0084530115,0.14142823219299316,0.6007905006408691,0.3695434629917145
YBR128C,YOR240W,0,0.008449521,0.14139534533023834,0.6007905006408691,0.36964356899261475
YMR039C,YHR160C,0,0.008447967,0.14136247336864471,0.6007905006408691,0.3697437047958374
YLR287C-A,YPL231W,0,0.008442074,0.14132961630821228,0.6007905006408691,0.36984381079673767
YJL117W,YBR290W,1,0.008441947,0.1415291726589203,0.6017786264419556,0.36984381079673767
YDR519W,YPL236C,0,0.008440305,0.14149628579616547,0.6017786264419556,0.3699439465999603
YDR354W,YPR167C,0,0.008426208,0.14146341383457184,0.6017786264419556,0.3700440526008606
YFL052W,YOR328W,0,0.008425834,0.1414305567741394,0.6017786264419556,0.37014415860176086
YCR024C-A,YGL010W,0,0.008419804,0.14139772951602936,0.6017786264419556,0.3702442944049835
YLR109W,YHR132C,0,0.008416763,0.1413649022579193,0.6017786264419556,0.3703444004058838
YOL148C,YLR079W,0,0.008392568,0.14133208990097046,0.6017786264419556,0.37044453620910645
YKL095W,YML019W,0,0.008376699,0.141299307346344,0.6017786264419556,0.3705446422100067
YJR058C,YKL208W,0,0.008375494,0.14126652479171753,0.6017786264419556,0.37064477801322937
YLR453C,YCR043C,0,0.008371498,0.14123377203941345,0.6017786264419556,0.37074488401412964
YDR496C,YOL062C,0,0.008368421,0.14120101928710938,0.6017786264419556,0.3708450198173523
YDL205C,YIL128W,0,0.008367164,0.14116829633712769,0.6017786264419556,0.37094512581825256
YNL335W,YPL091W,0,0.008358104,0.141135573387146,0.6017786264419556,0.3710452616214752
YLL015W,YDR440W,0,0.008346682,0.1411028802394867,0.6017786264419556,0.3711453676223755
YOR240W,YLR275W,0,0.008344147,0.1410701870918274,0.6017786264419556,0.37124550342559814
YGL241W,YER160C,0,0.008341741,0.14103752374649048,0.6017786264419556,0.3713456094264984
YOL105C,YER001W,0,0.008341491,0.14100486040115356,0.6017786264419556,0.37144574522972107
YMR186W,YER087W,0,0.008339178,0.14097222685813904,0.6017786264419556,0.37154585123062134
YIL072W,YOL058W,0,0.008323442,0.1409395933151245,0.6017786264419556,0.371645987033844
YDL170W,YBL113C,0,0.008310165,0.14090698957443237,0.6017786264419556,0.37174609303474426
YOL109W,YOR211C,0,0.008307017,0.14087438583374023,0.6017786264419556,0.3718462288379669
YGL160W,YNL268W,0,0.0082885325,0.14084181189537048,0.6017786264419556,0.3719463348388672
YMR266W,YCR008W,0,0.008283615,0.14080925285816193,0.6017786264419556,0.37204647064208984
YLL011W,YDL111C,0,0.008266756,0.14077669382095337,0.6017786264419556,0.3721465766429901
YLL039C,YMR267W,0,0.008266121,0.1407441645860672,0.6017786264419556,0.3722466826438904
YLR336C,YGR112W,0,0.008264799,0.14071165025234222,0.6017786264419556,0.37234681844711304
YFR007W,YER054C,0,0.008263434,0.14067913591861725,0.6017786264419556,0.3724469244480133
YBR282W,YGR218W,0,0.008261323,0.14064665138721466,0.6017786264419556,0.37254706025123596
YMR152W,YLR353W,0,0.008257226,0.14061418175697327,0.6017786264419556,0.37264716625213623
YNL208W,YDL246C,0,0.008254778,0.14058171212673187,0.6017786264419556,0.3727473020553589
YIL051C,YBR205W,0,0.008244798,0.14054927229881287,0.6017786264419556,0.37284740805625916
YDR205W,YHL016C,1,0.008244421,0.1407475769519806,0.6027668118476868,0.37284740805625916
YDL205C,YLR274W,0,0.008243047,0.1407151073217392,0.6027668118476868,0.3729475438594818
YMR008C,YGL206C,0,0.008242175,0.140682652592659,0.6027668118476868,0.3730476498603821
YIL091C,YJL214W,0,0.008240983,0.14065021276474,0.6027668118476868,0.37314778566360474
YPR094W,YNL087W,0,0.008240726,0.14061780273914337,0.6027668118476868,0.373247891664505
YDL128W,YDL206W,1,0.008237535,0.1408158540725708,0.6037549376487732,0.373247891664505
YDR449C,YDR387C,0,0.008237068,0.1407834142446518,0.6037549376487732,0.37334802746772766
YOR089C,YMR188C,0,0.008236002,0.1407509744167328,0.6037549376487732,0.37344813346862793
YLR029C,YLR043C,0,0.008232219,0.14071856439113617,0.6037549376487732,0.3735482692718506
YDR332W,YPL037C,0,0.008230355,0.14068615436553955,0.6037549376487732,0.37364837527275085
YMR121C,YLL017W,0,0.008228399,0.14065377414226532,0.6037549376487732,0.3737485110759735
YGL160W,YOR215C,0,0.008224372,0.14062140882015228,0.6037549376487732,0.3738486170768738
YKL022C,YJL087C,0,0.008224098,0.14058904349803925,0.6037549376487732,0.37394875288009644
YKL004W,YEL064C,0,0.0082229525,0.1405567079782486,0.6037549376487732,0.3740488588809967
YLR013W,YNL064C,0,0.008216511,0.14052437245845795,0.6037549376487732,0.374148964881897
YDR402C,YGR124W,0,0.00821637,0.14049206674098969,0.6037549376487732,0.37424910068511963
YDR109C,YER068W,0,0.008209447,0.14045977592468262,0.6037549376487732,0.3743492066860199
YBR008C,YBR006W,0,0.00820861,0.14042748510837555,0.6037549376487732,0.37444934248924255
YBR039W,YPL060W,1,0.008193359,0.140625,0.6047430634498596,0.37444934248924255
YGL031C,YEL053C,0,0.0081925355,0.14059269428253174,0.6047430634498596,0.3745494484901428
YLR013W,YJL092W,0,0.008189072,0.14056040346622467,0.6047430634498596,0.3746495842933655
YLR035C,YER074W,0,0.008187793,0.1405281275510788,0.6047430634498596,0.37474969029426575
YOL088C,YMR298W,0,0.008187234,0.14049586653709412,0.6047430634498596,0.3748498260974884
YPL164C,YDL067C,0,0.008172962,0.14046362042427063,0.6047430634498596,0.37494993209838867
YNR006W,YML019W,0,0.008172132,0.14043138921260834,0.6047430634498596,0.37505006790161133
YMR012W,YCR093W,0,0.008170709,0.14039917290210724,0.6047430634498596,0.3751501739025116
YBR103W,YNL146W,0,0.0081659,0.14036697149276733,0.6047430634498596,0.37525030970573425
YOL034W,YPL111W,0,0.008165449,0.14033478498458862,0.6047430634498596,0.3753504157066345
YDL207W,YOR126C,0,0.008165322,0.1403026133775711,0.6047430634498596,0.3754505515098572
YIL065C,YBR036C,0,0.008164406,0.14027045667171478,0.6047430634498596,0.37555065751075745
YJL074C,YDR255C,0,0.00816416,0.14023831486701965,0.6047430634498596,0.3756507933139801
YDL039C,YNR021W,0,0.008162018,0.14020618796348572,0.6047430634498596,0.37575089931488037
YDR031W,YLR132C,0,0.008161526,0.14017407596111298,0.6047430634498596,0.375851035118103
YDR351W,YNL126W,0,0.008159302,0.14014197885990143,0.6047430634498596,0.3759511411190033
YER052C,YBR098W,0,0.008150745,0.14010989665985107,0.6047430634498596,0.37605124711990356
YOL021C,YKL174C,0,0.008149169,0.14007781445980072,0.6047430634498596,0.3761513829231262
YKR039W,YOL152W,1,0.00814908,0.14027459919452667,0.6057312488555908,0.3761513829231262
YDR169C,YER119C,0,0.008144472,0.14024250209331512,0.6057312488555908,0.3762514889240265
YDR083W,YJR070C,0,0.00814338,0.14021043479442596,0.6057312488555908,0.37635162472724915
YLR244C,YER051W,0,0.008139935,0.1401783674955368,0.6057312488555908,0.3764517307281494
YDL061C,YMR295C,0,0.008139167,0.14014631509780884,0.6057312488555908,0.37655186653137207
YDL021W,YHR203C,0,0.008132223,0.14011429250240326,0.6057312488555908,0.37665197253227234
YJL209W,YLR126C,0,0.008125691,0.14008226990699768,0.6057312488555908,0.376752108335495
YGL113W,YOR328W,0,0.008121181,0.1400502622127533,0.6057312488555908,0.37685221433639526
YDR172W,YNL127W,0,0.008120004,0.1400182694196701,0.6057312488555908,0.3769523501396179
YHR028C,YDR324C,0,0.008116568,0.1399862915277481,0.6057312488555908,0.3770524561405182
YGR074W,YPL020C,0,0.008116061,0.1399543434381485,0.6057312488555908,0.37715259194374084
YIL016W,YOR351C,0,0.0081023,0.1399223953485489,0.6057312488555908,0.3772526979446411
YPR108W,YLR447C,0,0.008098472,0.13989046216011047,0.6057312488555908,0.37735283374786377
YOR292C,YPR043W,0,0.008092152,0.13985854387283325,0.6057312488555908,0.37745293974876404
YEL002C,YBL017C,0,0.008091554,0.13982664048671722,0.6057312488555908,0.3775530755519867
YCR028C,YHR039C-A,1,0.008089928,0.14002279937267303,0.6067193746566772,0.3775530755519867
YDR131C,YGR289C,0,0.008083941,0.1399908810853958,0.6067193746566772,0.37765318155288696
YPL065W,YBR261C,0,0.008076962,0.1399589627981186,0.6067193746566772,0.3777533173561096
YPR102C,YOR205C,0,0.008075114,0.13992707431316376,0.6067193746566772,0.3778534233570099
YCR089W,YML106W,0,0.008070432,0.13989518582820892,0.6067193746566772,0.37795352935791016
YIL113W,YBL092W,0,0.008068565,0.13986332714557648,0.6067193746566772,0.3780536651611328
YKR067W,YLR133W,0,0.008065812,0.13983146846294403,0.6067193746566772,0.3781537711620331
YLR003C,YOR123C,0,0.0080651725,0.13979963958263397,0.6067193746566772,0.37825390696525574
YHR064C,YGR284C,0,0.008064863,0.1397678107023239,0.6067193746566772,0.378354012966156
YPR022C,YBR129C,0,0.008060716,0.13973599672317505,0.6067193746566772,0.37845414876937866
YOR224C,YDR058C,0,0.008059971,0.13970421254634857,0.6067193746566772,0.37855425477027893
YHR132C,YPL113C,0,0.008056266,0.1396724283695221,0.6067193746566772,0.3786543905735016
YJR033C,YNL206C,0,0.008050818,0.1396406590938568,0.6067193746566772,0.37875449657440186
YDL120W,YPL265W,1,0.008039605,0.13983629643917084,0.6077075004577637,0.37875449657440186
YDL168W,YMR264W,0,0.008038653,0.13980449736118317,0.6077075004577637,0.3788546323776245
YMR137C,YPL196W,0,0.008038478,0.13977272808551788,0.6077075004577637,0.3789547383785248
YCR028C,YBR294W,1,0.00803799,0.13996818661689758,0.6086956262588501,0.3789547383785248
YER013W,YJL171C,0,0.008036051,0.1399363875389099,0.6086956262588501,0.37905487418174744
YIL093C,YGR188C,0,0.008030298,0.13990460336208344,0.6086956262588501,0.3791549801826477
YKL164C,YFR044C,0,0.008020677,0.13987284898757935,0.6086956262588501,0.37925511598587036
YMR216C,YEL077C,0,0.0080055315,0.13984109461307526,0.6086956262588501,0.37935522198677063
YPL016W,YNL088W,0,0.007999242,0.13980935513973236,0.6086956262588501,0.3794553577899933
YPR165W,YNL160W,0,0.007998629,0.13977763056755066,0.6086956262588501,0.37955546379089355
YBR059C,YMR247C,0,0.0079961,0.13974592089653015,0.6086956262588501,0.3796555995941162
YLR312C-B,YER054C,0,0.007992933,0.13971422612667084,0.6086956262588501,0.3797557055950165
YER096W,YHR002W,0,0.007983504,0.13968254625797272,0.6086956262588501,0.37985584139823914
YPR021C,YOR155C,0,0.007975088,0.1396508663892746,0.6086956262588501,0.3799559473991394
YOR291W,YBL030C,1,0.007968366,0.13984587788581848,0.6096838116645813,0.3799559473991394
YDL006W,YLR408C,0,0.007967882,0.13981418311595917,0.6096838116645813,0.3800560534000397
YML116W,YLL045C,0,0.007961813,0.13978250324726105,0.6096838116645813,0.38015618920326233
YNL172W,YDR506C,0,0.007952861,0.13975085318088531,0.6096838116645813,0.3802562952041626
YOR287C,YJR021C,0,0.007950212,0.13971920311450958,0.6096838116645813,0.38035643100738525
YDR130C,YMR115W,0,0.007948928,0.13968756794929504,0.6096838116645813,0.3804565370082855
YIL004C,YOR375C,0,0.007946435,0.1396559476852417,0.6096838116645813,0.3805566728115082
YLR038C,YBL105C,0,0.007944416,0.13962434232234955,0.6096838116645813,0.38065677881240845
YKR035W-A,YIL079C,0,0.007925766,0.13959276676177979,0.6096838116645813,0.3807569146156311
YML111W,YDR348C,0,0.007914486,0.13956119120121002,0.6096838116645813,0.38085702061653137
YMR172W,YMR159C,0,0.0079088025,0.13952963054180145,0.6096838116645813,0.38095715641975403
YDR470C,YDR079C-A,0,0.007903617,0.13949808478355408,0.6096838116645813,0.3810572624206543
YDL055C,YBL106C,0,0.007902693,0.1394665390253067,0.6096838116645813,0.38115739822387695
YNR004W,YLR262C,0,0.0079012625,0.1394350230693817,0.6096838116645813,0.3812575042247772
YDL153C,YNR040W,0,0.00789554,0.13940352201461792,0.6096838116645813,0.3813576400279999
YKL086W,YNL270C,0,0.007886918,0.13937203586101532,0.6096838116645813,0.38145774602890015
YOL018C,YHR018C,0,0.007882178,0.1393405646085739,0.6096838116645813,0.3815578818321228
YML040W,YEL003W,0,0.007881964,0.1393090933561325,0.6096838116645813,0.38165798783302307
YMR170C,YGL166W,0,0.007876232,0.1392776519060135,0.6096838116645813,0.3817581236362457
YBR192W,YPL155C,0,0.007871971,0.13924622535705566,0.6096838116645813,0.381858229637146
YBL092W,YBR133C,0,0.00786832,0.13921479880809784,0.6096838116645813,0.38195833563804626
YLR191W,YHR019C,0,0.007863864,0.1391834020614624,0.6096838116645813,0.3820584714412689
YEL062W,YDR456W,1,0.007860575,0.13937753438949585,0.6106719374656677,0.3820584714412689
YKL112W,YDR362C,0,0.007857354,0.13934610784053802,0.6106719374656677,0.3821585774421692
YGR251W,YBR282W,0,0.007856332,0.1393146961927414,0.6106719374656677,0.38225871324539185
YER165W,YOL044W,0,0.00785495,0.13928329944610596,0.6106719374656677,0.3823588192462921
YGR118W,YNL124W,0,0.007853679,0.1392519176006317,0.6106719374656677,0.38245895504951477
YBR240C,YKL096W,0,0.007844392,0.13922055065631866,0.6106719374656677,0.38255906105041504
YAL060W,YCR023C,0,0.007840138,0.13918918371200562,0.6106719374656677,0.3826591968536377
YLR391W-A,YOL053C-A,0,0.00783756,0.13915784657001495,0.6106719374656677,0.38275930285453796
YOR188W,YMR079W,0,0.007836438,0.13912652432918549,0.6106719374656677,0.3828594386577606
YPR183W,YLR026C,0,0.007824874,0.13909520208835602,0.6106719374656677,0.3829595446586609
YDR501W,YER061C,0,0.007820678,0.13906390964984894,0.6106719374656677,0.38305968046188354
YFR052W,YNL209W,0,0.007816525,0.13903261721134186,0.6106719374656677,0.3831597864627838
YIL082W-A,YNR050C,0,0.0078080995,0.13900135457515717,0.6106719374656677,0.38325992226600647
YKR037C,YMR160W,0,0.007804203,0.13897009193897247,0.6106719374656677,0.38336002826690674
YAL053W,YBR127C,1,0.007803008,0.13916367292404175,0.6116600632667542,0.38336002826690674
YER026C,YHR161C,0,0.0077958032,0.13913239538669586,0.6116600632667542,0.3834601640701294
YKL056C,YBR187W,0,0.007795684,0.13910111784934998,0.6116600632667542,0.38356027007102966
YNR039C,YDR377W,1,0.007793393,0.13929453492164612,0.6126482486724854,0.38356027007102966
YOR007C,YGR277C,0,0.0077911112,0.13926325738430023,0.6126482486724854,0.3836604058742523
YMR241W,YGL256W,0,0.007784739,0.13923197984695435,0.6126482486724854,0.3837605118751526
YOR205C,YGL128C,0,0.00778234,0.13920071721076965,0.6126482486724854,0.38386061787605286
YJR147W,YNL305C,0,0.007776238,0.13916946947574615,0.6126482486724854,0.3839607536792755
YLR452C,YNR067C,0,0.007770527,0.13913823664188385,0.6126482486724854,0.3840608596801758
YDR056C,YOR324C,0,0.007768792,0.13910701870918274,0.6126482486724854,0.38416099548339844
YGL090W,YGR177C,0,0.00776574,0.13907581567764282,0.6126482486724854,0.3842611014842987
YIL090W,YNL131W,0,0.0077647,0.1390446275472641,0.6126482486724854,0.38436123728752136
YPL227C,YNR016C,0,0.0077593997,0.13901345431804657,0.6126482486724854,0.38446134328842163
YPL153C,YGL244W,0,0.0077586193,0.13898229598999023,0.6126482486724854,0.3845614790916443
YNL007C,YPR063C,0,0.007746471,0.1389511376619339,0.6126482486724854,0.38466158509254456
YFL066C,YMR060C,0,0.0077354107,0.13892000913619995,0.6126482486724854,0.3847617208957672
YOL165C,YKL221W,0,0.007730131,0.1388888955116272,0.6126482486724854,0.3848618268966675
YPR011C,YBR299W,0,0.0077290535,0.13885778188705444,0.6126482486724854,0.38496196269989014
YOR035C,YBR296C,0,0.007728846,0.13882668316364288,0.6126482486724854,0.3850620687007904
YOL072W,YGR218W,0,0.007728545,0.1387956142425537,0.6126482486724854,0.38516220450401306
YNL032W,YER175C,0,0.0077281296,0.13876454532146454,0.6126482486724854,0.38526231050491333
YKL078W,YDL107W,0,0.0077126324,0.13873349130153656,0.6126482486724854,0.385362446308136
YLL027W,YLR129W,0,0.0077109784,0.13870246708393097,0.6126482486724854,0.38546255230903625
YEL031W,YDL059C,0,0.007701775,0.13867144286632538,0.6126482486724854,0.3855626881122589
YOR076C,YOL158C,0,0.0076983497,0.13864043354988098,0.6126482486724854,0.3856627941131592
YKL170W,YLR132C,0,0.0076983087,0.13860943913459778,0.6126482486724854,0.38576292991638184
YNR003C,YLR026C,0,0.0076946653,0.13857845962047577,0.6126482486724854,0.3858630359172821
YDL084W,YNL222W,0,0.007691037,0.13854748010635376,0.6126482486724854,0.3859631419181824
YER184C,YDL064W,0,0.0076872543,0.13851653039455414,0.6126482486724854,0.38606327772140503
YCR088W,YMR094W,0,0.007686074,0.1384855955839157,0.6126482486724854,0.3861633837223053
YBL037W,YML130C,0,0.0076842336,0.13845466077327728,0.6126482486724854,0.38626351952552795
YJL012C-A,YPR032W,0,0.007680783,0.13842375576496124,0.6126482486724854,0.3863636255264282
YLR163C,YDR478W,0,0.007680699,0.1383928507566452,0.6126482486724854,0.3864637613296509
YNL172W,YLR356W,0,0.0076707266,0.13836197555065155,0.6126482486724854,0.38656386733055115
YOR234C,YKR087C,0,0.0076690577,0.1383311003446579,0.6126482486724854,0.3866640031337738
YDR486C,YCR020C,0,0.007668741,0.13830024003982544,0.6126482486724854,0.3867641091346741
YMR250W,YNL047C,0,0.007668717,0.13826940953731537,0.6126482486724854,0.38686424493789673
YNR017W,YKR030W,0,0.0076664025,0.1382385790348053,0.6126482486724854,0.386964350938797
YJR033C,YLL017W,0,0.0076649515,0.13820776343345642,0.6126482486724854,0.38706448674201965
YGR172C,YHL001W,0,0.007663071,0.13817696273326874,0.6126482486724854,0.3871645927429199
YOR071C,YOR088W,1,0.007662382,0.13836897909641266,0.6136363744735718,0.3871645927429199
YBR142W,YGR223C,0,0.0076605678,0.13833816349506378,0.6136363744735718,0.3872647285461426
YLR321C,YOL157C,0,0.007659131,0.1383073478937149,0.6136363744735718,0.38736483454704285
YBL028C,YJL030W,0,0.0076565966,0.13827654719352722,0.6136363744735718,0.3874649703502655
YAR002C-A,YBR095C,0,0.0076512247,0.13824577629566193,0.6136363744735718,0.38756507635116577
YNL222W,YBR024W,0,0.0076500326,0.13821500539779663,0.6136363744735718,0.3876652121543884
YJR089W,YBR199W,0,0.007646205,0.13818424940109253,0.6136363744735718,0.3877653181552887
YER145C,YCR040W,0,0.00764405,0.13815350830554962,0.6136363744735718,0.38786542415618896
YDR263C,YJR105W,0,0.007639451,0.1381227821111679,0.6136363744735718,0.3879655599594116
YIL093C,YAL013W,0,0.0076359725,0.1380920559167862,0.6136363744735718,0.3880656659603119
YNL290W,YNL078W,0,0.007626239,0.13806135952472687,0.6136363744735718,0.38816580176353455
YPR020W,YJR088C,0,0.0076150578,0.13803067803382874,0.6136363744735718,0.3882659077644348
YCR098C,YKL222C,0,0.007612301,0.1379999965429306,0.6136363744735718,0.38836604356765747
YCL036W,YGR132C,0,0.007609563,0.13796934485435486,0.6136363744735718,0.38846614956855774
YDL006W,YDR265W,0,0.007609017,0.1379386931657791,0.6136363744735718,0.3885662853717804
YMR022W,YLL054C,0,0.0076073036,0.13790805637836456,0.6136363744735718,0.38866639137268066
YLR222C,YJL103C,0,0.007606283,0.1378774493932724,0.6136363744735718,0.3887665271759033
YNL275W,YDR142C,0,0.007604003,0.13784684240818024,0.6136363744735718,0.3888666331768036
YML005W,YOR344C,0,0.0075989775,0.13781625032424927,0.6136363744735718,0.38896676898002625
YJL094C,YJL093C,1,0.0075897966,0.1380075365304947,0.6146245002746582,0.38896676898002625
YBR056W,YDR207C,0,0.0075875055,0.13797692954540253,0.6146245002746582,0.3890668749809265
YGL234W,YOL072W,0,0.007586506,0.13794632256031036,0.6146245002746582,0.38916701078414917
YNL219C,YOR326W,0,0.007586008,0.1379157453775406,0.6146245002746582,0.38926711678504944
YPL174C,YCL040W,0,0.0075816587,0.1378851681947708,0.6146245002746582,0.3893672525882721
YGL113W,YLR209C,0,0.0075795986,0.13785460591316223,0.6146245002746582,0.38946735858917236
YAL009W,YMR180C,0,0.0075774007,0.13782405853271484,0.6146245002746582,0.389567494392395
YHR171W,YNL186W,0,0.007574682,0.13779352605342865,0.6146245002746582,0.3896676003932953
YPR025C,YEL047C,0,0.007570524,0.13776300847530365,0.6146245002746582,0.38976770639419556
YOL123W,YGL089C,0,0.007569582,0.13773250579833984,0.6146245002746582,0.3898678421974182
YMR228W,YJL184W,0,0.007568404,0.13770201802253723,0.6146245002746582,0.3899679481983185
YMR139W,YGL094C,0,0.0075640045,0.13767153024673462,0.6146245002746582,0.39006808400154114
YJL133W,YOR384W,1,0.0075620934,0.13786235451698303,0.6156126260757446,0.39006808400154114
YLR278C,YKL172W,0,0.007560705,0.13783185184001923,0.6156126260757446,0.3901681900024414
YNL115C,YDR418W,0,0.007559173,0.1378013640642166,0.6156126260757446,0.39026832580566406
YJL004C,YPR185W,0,0.0075554065,0.1377708911895752,0.6156126260757446,0.39036843180656433
YDR322W,YOR123C,0,0.0075538196,0.13774043321609497,0.6156126260757446,0.390468567609787
YHR152W,YER099C,0,0.007547846,0.13770999014377594,0.6156126260757446,0.39056867361068726
YLR355C,YBR012W-A,0,0.007545268,0.1376795619726181,0.6156126260757446,0.3906688094139099
YNL087W,YER083C,0,0.0075423494,0.13764913380146027,0.6156126260757446,0.3907689154148102
YML066C,YKL124W,0,0.0075346474,0.13761873543262482,0.6156126260757446,0.39086905121803284
YLL045C,YJR059W,0,0.007530245,0.13758833706378937,0.6156126260757446,0.3909691572189331
YGL136C,YPR112C,0,0.0075301407,0.1375579535961151,0.6156126260757446,0.39106929302215576
YGR052W,YLR080W,0,0.007528481,0.13752759993076324,0.6156126260757446,0.39116939902305603
YGR096W,YPR020W,1,0.00752702,0.13771794736385345,0.6166008114814758,0.39116939902305603
YLR222C,YBR070C,0,0.0075265532,0.137687548995018,0.6166008114814758,0.3912695348262787
YLL015W,YNL206C,0,0.0075229434,0.13765718042850494,0.6166008114814758,0.39136964082717896
YKR065C,YGR063C,0,0.007515085,0.13762682676315308,0.6166008114814758,0.3914697766304016
YOR265W,YMR079W,0,0.007514693,0.1375964730978012,0.6166008114814758,0.3915698826313019
YIL133C,YER017C,0,0.0075134374,0.13756613433361053,0.6166008114814758,0.39167001843452454
YIL066C,YML132W,0,0.007507084,0.13753581047058105,0.6166008114814758,0.3917701244354248
YMR054W,YCR023C,1,0.0075039985,0.13772587478160858,0.6175889372825623,0.3917701244354248
YOR010C,YDR115W,0,0.0075019244,0.1376955211162567,0.6175889372825623,0.3918702304363251
YJR007W,YBL041W,0,0.0074996185,0.13766519725322723,0.6175889372825623,0.39197036623954773
YNR054C,YLR340W,0,0.0074991994,0.13763488829135895,0.6175889372825623,0.392070472240448
YGL163C,YJL005W,0,0.007496166,0.13760457932949066,0.6175889372825623,0.39217060804367065
YIL051C,YBL082C,0,0.0074913204,0.13757428526878357,0.6175889372825623,0.3922707140445709
YPL283C,YHR094C,0,0.00748883,0.13754402101039886,0.6175889372825623,0.3923708498477936
YDR425W,YBL076C,0,0.007485954,0.13751375675201416,0.6175889372825623,0.39247095584869385
YER048W-A,YLR050C,0,0.0074846065,0.13748350739479065,0.6175889372825623,0.3925710916519165
YDL114W,YGR071C,0,0.007475674,0.13745327293872833,0.6175889372825623,0.3926711976528168
YGR246C,YML012W,0,0.007473901,0.13742303848266602,0.6175889372825623,0.39277133345603943
YPL218W,YER183C,0,0.007470008,0.1373928338289261,0.6175889372825623,0.3928714394569397
YJL141C,YKL117W,0,0.00746472,0.13736264407634735,0.6175889372825623,0.39297157526016235
YGL234W,YDR214W,0,0.007464264,0.13733245432376862,0.6175889372825623,0.3930716812610626
YEL020C,YFR005C,0,0.0074552484,0.13730227947235107,0.6175889372825623,0.3931718170642853
YLR134W,YNL046W,0,0.0074544363,0.13727213442325592,0.6175889372825623,0.39327192306518555
YKL220C,YDR040C,1,0.0074503683,0.1374615728855133,0.6185770630836487,0.39327192306518555
YDR210W,YLR040C,0,0.0074497964,0.13743139803409576,0.6185770630836487,0.3933720588684082
YMR097C,YOL152W,0,0.0074452125,0.13740122318267822,0.6185770630836487,0.39347216486930847
YML048W,YGR263C,0,0.0074422434,0.13737107813358307,0.6185770630836487,0.39357230067253113
YOR396W,YGL103W,0,0.0074413572,0.13734093308448792,0.6185770630836487,0.3936724066734314
YPL092W,YML106W,0,0.007434711,0.13731081783771515,0.6185770630836487,0.39377251267433167
YNL015W,YLR014C,0,0.007431384,0.13728070259094238,0.6185770630836487,0.3938726484775543
YDL204W,YCR040W,0,0.0074278787,0.1372506022453308,0.6185770630836487,0.3939727544784546
YBR125C,YOR306C,0,0.0074278256,0.13722051680088043,0.6185770630836487,0.39407289028167725
YJL192C,YDL059C,0,0.007426666,0.13719044625759125,0.6185770630836487,0.3941729962825775
YPL029W,YPR041W,0,0.007419469,0.13716039061546326,0.6185770630836487,0.39427313208580017
YCR026C,YBL028C,0,0.0074192816,0.13713033497333527,0.6185770630836487,0.39437323808670044
YNR018W,YCL008C,0,0.0074181277,0.13710030913352966,0.6185770630836487,0.3944733738899231
YKL015W,YBR084C-A,0,0.007414341,0.13707028329372406,0.6185770630836487,0.39457347989082336
YDR465C,YGR186W,0,0.007412467,0.13704028725624084,0.6185770630836487,0.394673615694046
YDL156W,YLR136C,0,0.007411048,0.13701029121875763,0.6185770630836487,0.3947737216949463
YKL091C,YIL083C,0,0.00740378,0.1369803100824356,0.6185770630836487,0.39487385749816895
YLL004W,YPR127W,0,0.0073984396,0.13695034384727478,0.6185770630836487,0.3949739634990692
YJR099W,YDL042C,0,0.007397902,0.13692037761211395,0.6185770630836487,0.39507409930229187
YIL091C,YEL016C,0,0.007396632,0.1368904411792755,0.6185770630836487,0.39517420530319214
YIL023C,YLR138W,1,0.007395571,0.1370791494846344,0.6195651888847351,0.39517420530319214
YIL006W,YDR205W,1,0.0073912367,0.13726775348186493,0.6205533742904663,0.39517420530319214
YOL091W,YEL077C,0,0.007390756,0.1372377574443817,0.6205533742904663,0.3952743411064148
YOR396W,YHL004W,0,0.0073897494,0.1372077763080597,0.6205533742904663,0.39537444710731506
YGL191W,YPR091C,0,0.0073888954,0.13717781007289886,0.6205533742904663,0.3954745829105377
YIL034C,YDL056W,0,0.007387844,0.13714784383773804,0.6205533742904663,0.395574688911438
YER190W,YLR050C,0,0.007386958,0.1371179074048996,0.6205533742904663,0.39567479491233826
YOL148C,YDR156W,0,0.0073862663,0.13708797097206116,0.6205533742904663,0.3957749307155609
YPL078C,YMR224C,0,0.0073857866,0.1370580494403839,0.6205533742904663,0.3958750367164612
YGL071W,YPL224C,1,0.0073791295,0.13724634051322937,0.6215415000915527,0.3958750367164612
YPR196W,YML070W,0,0.0073789954,0.13721640408039093,0.6215415000915527,0.39597517251968384
YOL053C-A,YPR060C,0,0.0073763635,0.13718648254871368,0.6215415000915527,0.3960752785205841
YNL113W,YKR080W,0,0.0073757395,0.13715656101703644,0.6215415000915527,0.39617541432380676
YDL239C,YOR194C,0,0.00737416,0.13712666928768158,0.6215415000915527,0.39627552032470703
YML006C,YPL172C,0,0.007372735,0.13709677755832672,0.6215415000915527,0.3963756561279297
YMR172W,YJL095W,0,0.0073687453,0.13706690073013306,0.6215415000915527,0.39647576212882996
YNL092W,YGR132C,0,0.007364829,0.13703703880310059,0.6215415000915527,0.3965758979320526
YPL217C,YJL207C,0,0.0073628873,0.1370071917772293,0.6215415000915527,0.3966760039329529
YKR058W,YBR228W,0,0.0073548714,0.13697734475135803,0.6215415000915527,0.39677613973617554
YER019W,YGL208W,0,0.007353302,0.13694752752780914,0.6215415000915527,0.3968762457370758
YHR184W,YJL156C,0,0.007351514,0.13691772520542145,0.6215415000915527,0.39697638154029846
YLL019C,YGL173C,0,0.0073513957,0.13688792288303375,0.6215415000915527,0.39707648754119873
YJR022W,YKL179C,0,0.0073513817,0.13685813546180725,0.6215415000915527,0.3971766233444214
YLR314C,YGL090W,0,0.0073460173,0.13682836294174194,0.6215415000915527,0.39727672934532166
YDL033C,YLR295C,0,0.007335588,0.13679860532283783,0.6215415000915527,0.3973768651485443
YLR219W,YML109W,0,0.007334914,0.1367688626050949,0.6215415000915527,0.3974769711494446
YMR236W,YMR045C,0,0.007332555,0.13673913478851318,0.6215415000915527,0.39757710695266724
YGR292W,YJR089W,0,0.007328057,0.13670940697193146,0.6215415000915527,0.3976772129535675
YMR251W-A,YDL231C,0,0.007320429,0.13667970895767212,0.6215415000915527,0.3977773189544678
YBR021W,YLR057W,0,0.0073148273,0.13665001094341278,0.6215415000915527,0.39787745475769043
YMR251W-A,YDL161W,0,0.007312376,0.13662032783031464,0.6215415000915527,0.3979775607585907
YOR092W,YBL003C,0,0.007311796,0.13659065961837769,0.6215415000915527,0.39807769656181335
YHR184W,YNL290W,0,0.0073100664,0.13656100630760193,0.6215415000915527,0.3981778025627136
YDR451C,YIL026C,0,0.0073097683,0.13653136789798737,0.6215415000915527,0.3982779383659363
YIL009C-A,YJR134C,0,0.0072967047,0.1365017294883728,0.6215415000915527,0.39837804436683655
YBR280C,YLR330W,0,0.0072906762,0.13647212088108063,0.6215415000915527,0.3984781801700592
YGR001C,YNL274C,0,0.00728805,0.13644251227378845,0.6215415000915527,0.3985782861709595
YEL016C,YLR357W,0,0.0072812755,0.13641291856765747,0.6215415000915527,0.39867842197418213
YNL134C,YOL045W,0,0.0072766566,0.13638335466384888,0.6215415000915527,0.3987785279750824
YFL013C,YOL064C,0,0.0072726198,0.1363537758588791,0.6215415000915527,0.39887866377830505
YCR020W-B,YIL073C,0,0.0072682337,0.1363242268562317,0.6215415000915527,0.3989787697792053
YFR009W,YLR174W,0,0.007263012,0.13629469275474548,0.6215415000915527,0.399078905582428
YHR034C,YDR420W,0,0.007261892,0.13626515865325928,0.6215415000915527,0.39917901158332825
YER073W,YJR137C,0,0.007258121,0.13623565435409546,0.6215415000915527,0.3992791473865509
YBR183W,YJR066W,0,0.0072499043,0.13620615005493164,0.6215415000915527,0.39937925338745117
YNL297C,YLR043C,0,0.00724655,0.13617666065692902,0.6215415000915527,0.39947938919067383
YDR346C,YGR189C,0,0.007245792,0.13614718616008759,0.6215415000915527,0.3995794951915741
YDR027C,YJR058C,0,0.0072453525,0.13611772656440735,0.6215415000915527,0.39967960119247437
YLR348C,YPR029C,0,0.0072358064,0.1360882669687271,0.6215415000915527,0.399779736995697
YLR350W,YFL002C,0,0.0072280206,0.13605883717536926,0.6215415000915527,0.3998798429965973
YMR058W,YNL083W,1,0.0072260983,0.13624566793441772,0.6225296258926392,0.3998798429965973
YJL079C,YLR033W,0,0.0072255284,0.13621622323989868,0.6225296258926392,0.39997997879981995
YGL223C,YFL018C,0,0.007221777,0.13618676364421844,0.6225296258926392,0.4000800848007202
YDR382W,YJL044C,0,0.007217668,0.1361573338508606,0.6225296258926392,0.40018022060394287
YPL252C,YOR306C,0,0.0072158873,0.13612791895866394,0.6225296258926392,0.40028032660484314
YNR061C,YKR055W,0,0.007214057,0.13609850406646729,0.6225296258926392,0.4003804624080658
YGR089W,YGL211W,0,0.0072092395,0.13606911897659302,0.6225296258926392,0.40048056840896606
YDL021W,YOL105C,0,0.0072021894,0.13603973388671875,0.6225296258926392,0.4005807042121887
YDR056C,YFL041W,0,0.0071986094,0.13601036369800568,0.6225296258926392,0.400680810213089
YGR282C,YBR126C,0,0.007197988,0.1359810084104538,0.6225296258926392,0.40078094601631165
YPL195W,YGR035C,0,0.007194385,0.1359516680240631,0.6225296258926392,0.4008810520172119
YMR046C,YPR016C,0,0.0071917986,0.13592232763767242,0.6225296258926392,0.40098118782043457
YGR171C,YCR024C-A,0,0.007190885,0.13589301705360413,0.6225296258926392,0.40108129382133484
YIL009C-A,YBR276C,0,0.007188745,0.13586370646953583,0.6225296258926392,0.4011814296245575
YPL195W,YGL055W,0,0.0071857646,0.13583441078662872,0.6225296258926392,0.40128153562545776
YMR302C,YFL035C,0,0.0071777734,0.1358051300048828,0.6225296258926392,0.4013816714286804
YIL134W,YCR024C-A,1,0.007175727,0.13599137961864471,0.6235178112983704,0.4013816714286804
YLL032C,YMR159C,0,0.0071717296,0.1359620839357376,0.6235178112983704,0.4014817774295807
YLR130C,YPR003C,1,0.0071705803,0.13614821434020996,0.6245059370994568,0.4014817774295807
YJL198W,YJL012C-A,0,0.0071675153,0.13611888885498047,0.6245059370994568,0.40158188343048096
YBR030W,YLR446W,0,0.0071635675,0.13608957827091217,0.6245059370994568,0.4016820192337036
YHR123W,YMR284W,0,0.0071624927,0.13606028258800507,0.6245059370994568,0.4017821252346039
YHR214C-B,YLR396C,0,0.007160081,0.13603100180625916,0.6245059370994568,0.40188226103782654
YIL145C,YDL108W,0,0.0071580466,0.13600172102451324,0.6245059370994568,0.4019823670387268
YGR096W,YLR034C,1,0.007157011,0.1361876130104065,0.6254940629005432,0.4019823670387268
YDR208W,YBR236C,0,0.007154336,0.1361583173274994,0.6254940629005432,0.40208250284194946
YOR384W,YKL165C,1,0.007149118,0.1363440901041031,0.6264821887016296,0.40208250284194946
YKL175W,YDL206W,1,0.0071402276,0.13652977347373962,0.6274703741073608,0.40208250284194946
YDR276C,YKR105C,1,0.007119666,0.13671539723873138,0.6284584999084473,0.40208250284194946
YOR176W,YDL206W,0,0.0071086567,0.13668601214885712,0.6284584999084473,0.40218260884284973
YJL093C,YPR098C,0,0.0071030557,0.13665664196014404,0.6284584999084473,0.4022827446460724
YDL078C,YPR144C,0,0.0070947995,0.13662728667259216,0.6284584999084473,0.40238285064697266
YLR015W,YMR316W,0,0.0070933327,0.13659793138504028,0.6284584999084473,0.4024829864501953
YKL085W,YNL053W,0,0.007088326,0.1365686058998108,0.6284584999084473,0.4025830924510956
YML028W,YOL115W,0,0.0070861503,0.1365392804145813,0.6284584999084473,0.40268322825431824
YKR037C,YPR182W,0,0.0070842635,0.1365099847316742,0.6284584999084473,0.4027833342552185
YJL053W,YDR411C,0,0.0070824157,0.1364806890487671,0.6284584999084473,0.40288347005844116
YMR030W,YER016W,0,0.007073465,0.13645140826702118,0.6284584999084473,0.40298357605934143
YAL009W,YDR466W,0,0.0070580756,0.13642214238643646,0.6284584999084473,0.4030837118625641
YMR113W,YKL091C,0,0.007055621,0.13639287650585175,0.6284584999084473,0.40318381786346436
YKR101W,YIL170W,0,0.0070495773,0.13636364042758942,0.6284584999084473,0.403283953666687
YDR159W,YPR021C,0,0.0070458613,0.1363344043493271,0.6284584999084473,0.4033840596675873
YDL193W,YFL066C,0,0.0070446446,0.13630518317222595,0.6284584999084473,0.40348419547080994
YJL160C,YNL186W,0,0.00704358,0.136275976896286,0.6284584999084473,0.4035843014717102
YPL149W,YKR050W,0,0.0070434343,0.13624678552150726,0.6284584999084473,0.4036844074726105
YNL291C,YHR039C-B,1,0.0070378636,0.13643178343772888,0.6294466257095337,0.4036844074726105
YHR089C,YGL206C,0,0.007028565,0.13640256226062775,0.6294466257095337,0.40378454327583313
YDR020C,YMR236W,0,0.0070270747,0.136373370885849,0.6294466257095337,0.4038846492767334
YOR088W,YNR039C,1,0.0070243957,0.13655821979045868,0.6304348111152649,0.4038846492767334
YIL006W,YNR011C,0,0.0070238225,0.13652899861335754,0.6304348111152649,0.40398478507995605
YPL242C,YER083C,0,0.0070168935,0.1364997923374176,0.6304348111152649,0.4040848910808563
YEL058W,YDR170W-A,0,0.00701408,0.13647058606147766,0.6304348111152649,0.404185026884079
YPL066W,YBR187W,0,0.0070137735,0.1364414095878601,0.6304348111152649,0.40428513288497925
YMR068W,YCR034W,0,0.007005237,0.13641223311424255,0.6304348111152649,0.4043852686882019
YOL138C,YFR055W,0,0.0069965683,0.1363830715417862,0.6304348111152649,0.4044853746891022
YPR135W,YIL126W,0,0.006991447,0.13635392487049103,0.6304348111152649,0.40458551049232483
YML026C,YDR470C,0,0.0069792266,0.13632479310035706,0.6304348111152649,0.4046856164932251
YPR049C,YOR130C,0,0.006976422,0.13629566133022308,0.6304348111152649,0.40478575229644775
YML015C,YCR096C,0,0.006975296,0.1362665593624115,0.6304348111152649,0.404885858297348
YMR203W,YDL206W,1,0.006973123,0.13645099103450775,0.6314229369163513,0.404885858297348
YOR251C,YLL018C-A,1,0.006965488,0.13663534820079803,0.6324110627174377,0.404885858297348
YGR031C-A,YOR317W,0,0.006965465,0.13660618662834167,0.6324110627174377,0.4049859941005707
YMR269W,YER164W,0,0.006965138,0.1365770399570465,0.6324110627174377,0.40508610010147095
YIL082W-A,YBL030C,0,0.006957817,0.13654789328575134,0.6324110627174377,0.4051862359046936
YHR002W,YGR020C,1,0.006953725,0.1367320865392685,0.6333991885185242,0.4051862359046936
YBR004C,YNR073C,0,0.0069517605,0.13670292496681213,0.6333991885185242,0.40528634190559387
YJL204C,YGR272C,0,0.006932916,0.13667377829551697,0.6333991885185242,0.40538647770881653
YPL192C,YPR167C,0,0.0069315536,0.1366446316242218,0.6333991885185242,0.4054865837097168
YGR220C,YNL291C,0,0.0069302246,0.13661551475524902,0.6333991885185242,0.40558668971061707
YNL006W,YDL038C,0,0.006921824,0.13658639788627625,0.6333991885185242,0.4056868255138397
YMR137C,YIL168W,0,0.0069172326,0.13655731081962585,0.6333991885185242,0.40578693151474
YGL255W,YIR014W,0,0.0069102664,0.13652822375297546,0.6333991885185242,0.40588706731796265
YBR282W,YDR376W,0,0.0069082207,0.13649915158748627,0.6333991885185242,0.4059871733188629
YDL097C,YER119C,0,0.0069035664,0.13647009432315826,0.6333991885185242,0.40608730912208557
YOR383C,YPL092W,1,0.0068991855,0.13665390014648438,0.6343873739242554,0.40608730912208557
YMR112C,YPR112C,0,0.006894028,0.13662481307983398,0.6343873739242554,0.40618741512298584
YDR346C,YDR479C,0,0.006893009,0.1365957409143448,0.6343873739242554,0.4062875509262085
YBR052C,YNL252C,0,0.006892736,0.13656668365001678,0.6343873739242554,0.40638765692710876
YER078C,YNL159C,0,0.0068917647,0.13653764128684998,0.6343873739242554,0.4064877927303314
YMR203W,YMR054W,1,0.0068873074,0.13672123849391937,0.6353754997253418,0.4064877927303314
YGL077C,YCR023C,1,0.0068850983,0.1369047611951828,0.6363636255264282,0.4064877927303314
YCL057W,YGL145W,0,0.0068840804,0.13687565922737122,0.6363636255264282,0.4065878987312317
YGR186W,YGL233W,0,0.0068740537,0.13684657216072083,0.6363636255264282,0.40668803453445435
YBR139W,YLR183C,0,0.006865211,0.13681749999523163,0.6363636255264282,0.4067881405353546
YKL139W,YDR420W,0,0.0068558874,0.13678844273090363,0.6363636255264282,0.40688827633857727
YML039W,YJL041W,0,0.0068533225,0.13675940036773682,0.6363636255264282,0.40698838233947754
YGL220W,YDL126C,0,0.0068485904,0.13673035800457,0.6363636255264282,0.4070885181427002
YHR101C,YBL112C,0,0.006842616,0.1367013305425644,0.6363636255264282,0.40718862414360046
YDR392W,YBL097W,0,0.0068371864,0.13667233288288116,0.6363636255264282,0.4072887599468231
YMR186W,YOR190W,0,0.006831348,0.13664332032203674,0.6363636255264282,0.4073888659477234
YDR349C,YLR336C,0,0.0068310797,0.1366143375635147,0.6363636255264282,0.40748897194862366
YGL008C,YHR098C,0,0.0068248995,0.13658536970615387,0.6363636255264282,0.4075891077518463
YLR348C,YLR214W,1,0.0068232957,0.13676844537258148,0.6373517513275146,0.4075891077518463
YCR010C,YOR087W,1,0.0068196915,0.13695144653320312,0.6383399367332458,0.4075891077518463
YDR202C,YDR503C,0,0.006810732,0.1369224190711975,0.6383399367332458,0.4076892137527466
YCR027C,YGL006W,1,0.0068098493,0.1371053159236908,0.6393280625343323,0.4076892137527466
YGL191W,YDL206W,0,0.006809203,0.137076273560524,0.6393280625343323,0.40778934955596924
YDR251W,YER147C,0,0.0068065673,0.13704723119735718,0.6393280625343323,0.4078894555568695
YGR087C,YNL086W,0,0.0068058074,0.13701821863651276,0.6393280625343323,0.40798959136009216
YGR085C,YPL158C,0,0.0068031475,0.13698920607566833,0.6393280625343323,0.40808969736099243
YPR061C,YKL158W,0,0.0067960294,0.1369602084159851,0.6393280625343323,0.4081898331642151
YDR210W,YPR164W,0,0.006790366,0.13693121075630188,0.6393280625343323,0.40828993916511536
YHR209W,YMR292W,0,0.0067895325,0.13690224289894104,0.6393280625343323,0.408390074968338
YCR017C,YJL020C,0,0.006788522,0.1368732750415802,0.6393280625343323,0.4084901809692383
YGL178W,YER190W,0,0.0067854263,0.13684433698654175,0.6393280625343323,0.40859031677246094
YGR076C,YKL186C,0,0.0067837546,0.1368153989315033,0.6393280625343323,0.4086904227733612
YNL052W,YER180C,0,0.0067818025,0.13678647577762604,0.6393280625343323,0.40879055857658386
YDR210W,YMR319C,0,0.0067811804,0.13675755262374878,0.6393280625343323,0.40889066457748413
YCR004C,YNL095C,0,0.006776698,0.1367286592721939,0.6393280625343323,0.4089908003807068
YDL051W,YJL002C,0,0.0067681633,0.13669976592063904,0.6393280625343323,0.40909090638160706
YER184C,YER058W,0,0.0067586694,0.13667088747024536,0.6393280625343323,0.4091910421848297
YLL055W,YGR138C,1,0.0067582726,0.13685321807861328,0.6403161883354187,0.4091910421848297
YKL092C,YKL028W,0,0.006758121,0.1368243247270584,0.6403161883354187,0.40929114818573
YCR028C-A,YMR043W,0,0.0067564733,0.13679544627666473,0.6403161883354187,0.40939128398895264
YFL009W,YOL158C,0,0.0067552123,0.13676656782627106,0.6403161883354187,0.4094913899898529
YMR257C,YMR278W,0,0.006752949,0.13673770427703857,0.6403161883354187,0.4095914959907532
YMR308C,YCL059C,0,0.0067514433,0.13670885562896729,0.6403161883354187,0.40969163179397583
YLR045C,YBR199W,0,0.006750189,0.1366800218820572,0.6403161883354187,0.4097917377948761
YLR316C,YGR123C,0,0.006747801,0.1366512030363083,0.6403161883354187,0.40989187359809875
YPL274W,YPL092W,1,0.006745774,0.13683322072029114,0.6413043737411499,0.40989187359809875
YAL041W,YHL019C,0,0.0067376774,0.13680438697338104,0.6413043737411499,0.409991979598999
YML069W,YMR292W,0,0.0067350417,0.13677555322647095,0.6413043737411499,0.4100921154022217
YOR201C,YER016W,0,0.0067338794,0.13674673438072205,0.6413043737411499,0.41019222140312195
YNL297C,YHL036W,0,0.00672758,0.13671793043613434,0.6413043737411499,0.4102923572063446
YOR181W,YJL144W,0,0.0067209476,0.13668912649154663,0.6413043737411499,0.4103924632072449
YHR134W,YGL032C,0,0.006714264,0.1366603523492813,0.6413043737411499,0.41049259901046753
YJR095W,YPR067W,1,0.0067122523,0.13684210181236267,0.6422924995422363,0.41049259901046753
YPL221W,YKL175W,1,0.006709312,0.13702379167079926,0.6432806253433228,0.41049259901046753
YBR173C,YBR127C,0,0.0067062527,0.13699494302272797,0.6432806253433228,0.4105927050113678
YBL091C-A,YNL212W,0,0.0067024603,0.13696612417697906,0.6432806253433228,0.41069284081459045
YML123C,YML058W-A,0,0.006681524,0.13693732023239136,0.6432806253433228,0.4107929468154907
YOR257W,YGL071W,0,0.0066804755,0.13690851628780365,0.6432806253433228,0.4108930826187134
YDL007W,YPR163C,0,0.0066777114,0.13687972724437714,0.6432806253433228,0.41099318861961365
YGR238C,YKR018C,0,0.006677065,0.13685095310211182,0.6432806253433228,0.4110933244228363
YFR051C,YMR277W,0,0.0066704405,0.1368221938610077,0.6432806253433228,0.4111934304237366
YNR041C,YMR211W,0,0.006668428,0.13679344952106476,0.6432806253433228,0.41129356622695923
YOR354C,YOR010C,0,0.0066676866,0.13676470518112183,0.6432806253433228,0.4113936722278595
YKR103W,YPR184W,0,0.006653916,0.1367359757423401,0.6432806253433228,0.41149377822875977
YLR089C,YDR242W,0,0.0066483393,0.13670726120471954,0.6432806253433228,0.4115939140319824
YDR182W,YKL001C,0,0.0066476297,0.1366785615682602,0.6432806253433228,0.4116940200328827
YDR429C,YMR099C,0,0.0066476143,0.13664987683296204,0.6432806253433228,0.41179415583610535
YDR511W,YDL129W,0,0.0066460343,0.13662119209766388,0.6432806253433228,0.4118942618370056
YIR002C,YOR284W,0,0.00664128,0.1365925371646881,0.6432806253433228,0.41199439764022827
YGL060W,YGL156W,0,0.006638403,0.13656388223171234,0.6432806253433228,0.41209450364112854
YER185W,YLR411W,1,0.006636237,0.13674496114253998,0.6442687511444092,0.41209450364112854
YPL220W,YPL074W,0,0.006632749,0.13671629130840302,0.6442687511444092,0.4121946394443512
YJR161C,YJL128C,0,0.0066324268,0.13668763637542725,0.6442687511444092,0.41229474544525146
YOR176W,YNR021W,0,0.006628905,0.13665898144245148,0.6442687511444092,0.4123948812484741
YNL115C,YNL106C,0,0.0066276235,0.1366303414106369,0.6442687511444092,0.4124949872493744
YHR140W,YLR378C,0,0.006627174,0.13660171627998352,0.6442687511444092,0.41259512305259705
YMR139W,YER115C,0,0.0066245794,0.13657310605049133,0.6442687511444092,0.4126952290534973
YHR156C,YDL132W,0,0.0066227606,0.13654449582099915,0.6442687511444092,0.41279536485671997
YMR198W,YLR095C,0,0.006620772,0.13651591539382935,0.6442687511444092,0.41289547085762024
YJL019W,YER120W,0,0.0066144355,0.13648733496665955,0.6442687511444092,0.4129956066608429
YHR026W,YGL097W,0,0.0066095497,0.13645876944065094,0.6442687511444092,0.41309571266174316
YNL096C,YOR020C,0,0.006609397,0.13643021881580353,0.6442687511444092,0.4131958484649658
YPL092W,YPL249C,0,0.006602725,0.13640166819095612,0.6442687511444092,0.4132959544658661
YDR018C,YOL075C,0,0.006602089,0.1363731473684311,0.6442687511444092,0.41339606046676636
YOR396W,YBR004C,0,0.0066000437,0.13634462654590607,0.6442687511444092,0.413496196269989
YLR364W,YGR041W,0,0.006592881,0.13631612062454224,0.6442687511444092,0.4135963022708893
YPL195W,YOR120W,0,0.0065886937,0.1362876296043396,0.6442687511444092,0.41369643807411194
YGL100W,YJL044C,0,0.006584678,0.13625913858413696,0.6442687511444092,0.4137965440750122
YDR326C,YEL020C,0,0.0065820916,0.1362306773662567,0.6442687511444092,0.41389667987823486
YPR043W,YJR066W,0,0.0065793693,0.13620221614837646,0.6442687511444092,0.41399678587913513
YDR510W,YER048W-A,0,0.0065768715,0.1361737698316574,0.6442687511444092,0.4140969216823578
YNR015W,YOR008C,0,0.006575262,0.13614533841609955,0.6442687511444092,0.41419702768325806
YDR262W,YJL164C,0,0.00657174,0.1361169070005417,0.6442687511444092,0.4142971634864807
YDR311W,YBR288C,0,0.0065714754,0.1360885053873062,0.6442687511444092,0.414397269487381
YFL050C,YIL067C,0,0.0065636113,0.13606010377407074,0.6442687511444092,0.41449740529060364
YGL013C,YOR304W,0,0.006558202,0.13603171706199646,0.6442687511444092,0.4145975112915039
YIR008C,YCL014W,0,0.0065564653,0.13600333034992218,0.6442687511444092,0.41469764709472656
YGL021W,YPR035W,0,0.0065539964,0.1359749734401703,0.6442687511444092,0.41479775309562683
YKR059W,YBR290W,0,0.006551627,0.1359466165304184,0.6442687511444092,0.4148978888988495
YGL139W,YLR138W,1,0.0065506436,0.13612674176692963,0.6452569365501404,0.4148978888988495
YOR251C,YCR023C,1,0.0065490995,0.1363067924976349,0.6462450623512268,0.4148978888988495
YHR051W,YPR018W,0,0.006532278,0.13627839088439941,0.6462450623512268,0.41499799489974976
YNL009W,YOR284W,0,0.006530497,0.13625000417232513,0.6462450623512268,0.4150981307029724
YMR034C,YIL114C,1,0.0065295435,0.13642990589141846,0.6472331881523132,0.4150981307029724
YPL047W,YDL058W,0,0.0065222457,0.13640150427818298,0.6472331881523132,0.4151982367038727
YDR538W,YNL305C,0,0.006520463,0.1363731026649475,0.6472331881523132,0.41529837250709534
YOL127W,YER046W,0,0.0065119136,0.13634471595287323,0.6472331881523132,0.4153984785079956
YPR048W,YIL010W,0,0.0065002665,0.13631634414196014,0.6472331881523132,0.4154985845088959
YML034W,YGR192C,0,0.006498348,0.13628797233104706,0.6472331881523132,0.41559872031211853
YPL065W,YBR216C,0,0.006497845,0.13625961542129517,0.6472331881523132,0.4156988263130188
YOR287C,YCL061C,0,0.0064955987,0.13623128831386566,0.6472331881523132,0.41579896211624146
YKR071C,YIR014W,0,0.006493764,0.13620294630527496,0.6472331881523132,0.4158990681171417
YHR089C,YKR080W,0,0.006487,0.13617463409900665,0.6472331881523132,0.4159992039203644
YJL099W,YMR112C,0,0.0064864065,0.13614633679389954,0.6472331881523132,0.41609930992126465
YDR031W,YKR039W,0,0.006486308,0.13611803948879242,0.6472331881523132,0.4161994457244873
YJR017C,YIR008C,0,0.0064823963,0.1360897570848465,0.6472331881523132,0.4162995517253876
YOR148C,YNL225C,0,0.006472014,0.13606148958206177,0.6472331881523132,0.41639968752861023
YKL178C,YHR168W,0,0.0064713247,0.13603322207927704,0.6472331881523132,0.4164997935295105
YLR081W,YHR184W,0,0.006466357,0.1360049843788147,0.6472331881523132,0.41659992933273315
YHR079C,YKR042W,0,0.0064661503,0.13597674667835236,0.6472331881523132,0.4167000353336334
YKR065C,YBR030W,0,0.0064620413,0.1359485238790512,0.6472331881523132,0.4168001711368561
YDL140C,YLL032C,0,0.006460781,0.13592031598091125,0.6472331881523132,0.41690027713775635
YLL040C,YAR010C,0,0.006448674,0.1358921229839325,0.6472331881523132,0.417000412940979
YER039C,YDR483W,0,0.006444035,0.13586392998695374,0.6472331881523132,0.4171005189418793
YDR086C,YAL022C,0,0.006441228,0.13583575189113617,0.6472331881523132,0.41720065474510193
YBR198C,YDL133C-A,0,0.006439049,0.1358075886964798,0.6472331881523132,0.4173007607460022
YMR221C,YIL172C,0,0.006433489,0.13577944040298462,0.6472331881523132,0.41740086674690247
YMR034C,YGL077C,1,0.00643251,0.13595855236053467,0.6482213735580444,0.41740086674690247
YCR071C,YDL085W,0,0.006431063,0.1359303742647171,0.6482213735580444,0.4175010025501251
YBR106W,YNL083W,1,0.0064306445,0.1361093819141388,0.6492094993591309,0.4175010025501251
YBL102W,YPL208W,0,0.006430432,0.13608118891716003,0.6492094993591309,0.4176011085510254
YAL001C,YDR079W,0,0.0064300075,0.13605301082134247,0.6492094993591309,0.41770124435424805
YDL193W,YKL086W,0,0.0064239018,0.1360248476266861,0.6492094993591309,0.4178013503551483
YOL070C,YPL055C,0,0.006420739,0.13599668443202972,0.6492094993591309,0.41790148615837097
YKR060W,YBR227C,0,0.006420698,0.13596853613853455,0.6492094993591309,0.41800159215927124
YAL003W,YGL050W,0,0.006418243,0.13594040274620056,0.6492094993591309,0.4181017279624939
YEL021W,YGR275W,0,0.0064171003,0.13591228425502777,0.6492094993591309,0.41820183396339417
YBR145W,YOL158C,0,0.0064165206,0.13588418066501617,0.6492094993591309,0.4183019697666168
YER183C,YLR066W,0,0.006413739,0.13585607707500458,0.6492094993591309,0.4184020757675171
YBR228W,YDR079C-A,0,0.006412101,0.13582798838615417,0.6492094993591309,0.41850221157073975
YOL072W,YJL044C,0,0.006407991,0.13579991459846497,0.6492094993591309,0.41860231757164
YBR281C,YJR110W,0,0.006404748,0.13577185571193695,0.6492094993591309,0.41870245337486267
YBR031W,YEL046C,0,0.0063972743,0.13574379682540894,0.6492094993591309,0.41880255937576294
YIL132C,YJL066C,0,0.0063882302,0.1357157677412033,0.6492094993591309,0.4189026951789856
YLR341W,YOR279C,0,0.0063881744,0.13568773865699768,0.6492094993591309,0.41900280117988586
YOR271C,YDR377W,1,0.00638334,0.1358661949634552,0.6501976251602173,0.41900280117988586
YEL027W,YMR203W,1,0.006375638,0.13604459166526794,0.6511857509613037,0.41900280117988586
YML052W,YDR151C,0,0.0063740835,0.13601651787757874,0.6511857509613037,0.4191029369831085
YPL066W,YDR457W,0,0.006369874,0.13598844408988953,0.6511857509613037,0.4192030429840088
YLL062C,YEL036C,0,0.00636591,0.1359603852033615,0.6511857509613037,0.41930314898490906
YOR317W,YMR171C,0,0.0063651055,0.1359323412179947,0.6511857509613037,0.4194032847881317
YCL024W,YGR091W,0,0.0063577667,0.13590431213378906,0.6511857509613037,0.419503390789032
YLR157C,YIL105C,0,0.0063387565,0.13587628304958344,0.6511857509613037,0.41960352659225464
YBR258C,YKL179C,0,0.006336998,0.1358482837677002,0.6511857509613037,0.4197036325931549
YKL173W,YBR158W,0,0.006336158,0.13582028448581696,0.6511857509613037,0.41980376839637756
YDR056C,YNL058C,0,0.0063325414,0.1357923001050949,0.6511857509613037,0.41990387439727783
YLR447C,YOR381W,1,0.006331051,0.135970339179039,0.6521739363670349,0.41990387439727783
YDL159W,YNL208W,0,0.006330028,0.13594232499599457,0.6521739363670349,0.4200040102005005
YBR067C,YJL104W,0,0.006326411,0.13591432571411133,0.6521739363670349,0.42010411620140076
YPR181C,YNR001C,0,0.006321137,0.13588635623455048,0.6521739363670349,0.4202042520046234
YBL016W,YDR497C,0,0.0063153952,0.13585837185382843,0.6521739363670349,0.4203043580055237
YOR332W,YBR074W,0,0.006312551,0.13583041727542877,0.6521739363670349,0.42040449380874634
YJR032W,YDR022C,0,0.006302383,0.1358024626970291,0.6521739363670349,0.4205045998096466
YLR393W,YCR055C,0,0.006302203,0.13577453792095184,0.6521739363670349,0.42060473561286926
YNL297C,YGR008C,0,0.0062972,0.13574661314487457,0.6521739363670349,0.42070484161376953
YNL015W,YOR095C,0,0.006296277,0.1357186883687973,0.6521739363670349,0.4208049774169922
YML116W,YDR392W,0,0.00629469,0.13569079339504242,0.6521739363670349,0.42090508341789246
YML094W,YGL004C,0,0.006292768,0.13566289842128754,0.6521739363670349,0.4210052192211151
YML070W,YMR143W,0,0.0062909443,0.13563501834869385,0.6521739363670349,0.4211053252220154
YPR119W,YDR393W,0,0.0062861675,0.13560715317726135,0.6521739363670349,0.42120546102523804
YKR010C,YKL085W,0,0.0062855966,0.13557928800582886,0.6521739363670349,0.4213055670261383
YOR209C,YOR150W,0,0.00628281,0.13555145263671875,0.6521739363670349,0.4214056730270386
YOL145C,YDL104C,0,0.0062822644,0.13552361726760864,0.6521739363670349,0.42150580883026123
YFL008W,YPL134C,0,0.0062657185,0.13549579679965973,0.6521739363670349,0.4216059148311615
YGR252W,YBL084C,0,0.006264965,0.13546797633171082,0.6521739363670349,0.42170605063438416
YLR008C,YDR033W,0,0.006263256,0.1354401856660843,0.6521739363670349,0.4218061566352844
YIL114C,YJR058C,0,0.0062610134,0.13541239500045776,0.6521739363670349,0.4219062924385071
YDR197W,YGR128C,0,0.00625987,0.13538461923599243,0.6521739363670349,0.42200639843940735
YMR297W,YMR024W,0,0.0062593855,0.1353568434715271,0.6521739363670349,0.42210653424263
YPR102C,YBR075W,0,0.006255343,0.13532909750938416,0.6521739363670349,0.4222066402435303
YHR152W,YNL096C,0,0.006250851,0.1353013515472412,0.6521739363670349,0.42230677604675293
YNL270C,YMR250W,0,0.0062502697,0.13527362048625946,0.6521739363670349,0.4224068820476532
YNL297C,YBR276C,0,0.0062492266,0.1352459043264389,0.6521739363670349,0.42250701785087585
YMR078C,YNL087W,0,0.0062430613,0.13521818816661835,0.6521739363670349,0.4226071238517761
YLR319C,YCR060W,0,0.0062420648,0.13519050180912018,0.6521739363670349,0.4227072596549988
YDL225W,YNL007C,0,0.006241422,0.135162815451622,0.6521739363670349,0.42280736565589905
YIR013C,YIL111W,0,0.0062366948,0.13513512909412384,0.6521739363670349,0.4229075014591217
YDL156W,YGR027C,0,0.006235514,0.13510747253894806,0.6521739363670349,0.423007607460022
YDR315C,YPR189W,0,0.0062340004,0.13507981598377228,0.6521739363670349,0.42310774326324463
YLR136C,YDR118W,0,0.006229113,0.1350521743297577,0.6521739363670349,0.4232078492641449
YKL003C,YML070W,0,0.006222626,0.1350245475769043,0.6521739363670349,0.42330795526504517
YGR220C,YNL330C,0,0.006202005,0.1349969357252121,0.6521739363670349,0.4234080910682678
YOL158C,YNL083W,1,0.0061983652,0.13517382740974426,0.6531620621681213,0.4234080910682678
YJL006C,YNL128W,0,0.006190746,0.13514618575572968,0.6531620621681213,0.4235081970691681
YEL065W,YBR069C,1,0.006188102,0.13532297313213348,0.6541501879692078,0.4235081970691681
YDL004W,YLL032C,0,0.0061863028,0.1352953165769577,0.6541501879692078,0.42360833287239075
YNL072W,YDR326C,0,0.006182734,0.13526767492294312,0.6541501879692078,0.423708438873291
YNR018W,YGL003C,0,0.006180899,0.13524004817008972,0.6541501879692078,0.42380857467651367
YER070W,YGR098C,0,0.0061773397,0.13521242141723633,0.6541501879692078,0.42390868067741394
YLR020C,YLR395C,0,0.006172439,0.13518480956554413,0.6541501879692078,0.4240088164806366
YCR054C,YMR146C,0,0.0061724386,0.13515721261501312,0.6541501879692078,0.42410892248153687
YLL051C,YGR020C,1,0.006170351,0.13533374667167664,0.6551383137702942,0.42410892248153687
YOL057W,YMR019W,0,0.0061698155,0.13530611991882324,0.6551383137702942,0.4242090582847595
YDR210W,YOR329C,0,0.0061697513,0.13527850806713104,0.6551383137702942,0.4243091642856598
YDR214W,YBL005W-A,0,0.00616622,0.13525091111660004,0.6551383137702942,0.42440930008888245
YJL101C,YBL017C,0,0.0061627403,0.13522332906723022,0.6551383137702942,0.4245094060897827
YDR236C,YGR156W,0,0.006157131,0.1351957619190216,0.6551383137702942,0.42460954189300537
YER133W,YKR102W,0,0.0061486997,0.135168194770813,0.6551383137702942,0.42470964789390564
YHR003C,YOL021C,0,0.0061367243,0.13514064252376556,0.6551383137702942,0.4248097836971283
YNL302C,YGL157W,0,0.006135159,0.13511310517787933,0.6551383137702942,0.42490988969802856
YLR393W,YJL207C,0,0.006132194,0.1350855678319931,0.6551383137702942,0.4250100255012512
YNL166C,YFR003C,0,0.006128708,0.13505806028842926,0.6551383137702942,0.4251101315021515
YDR318W,YPL231W,0,0.0061281156,0.13503055274486542,0.6551383137702942,0.42521023750305176
YOR334W,YOL027C,1,0.006125726,0.1352066844701767,0.6561264991760254,0.42521023750305176
YKL012W,YMR176W,0,0.006123946,0.13517914712429047,0.6561264991760254,0.4253103733062744
YOR332W,YLL048C,1,0.0061226375,0.1353551745414734,0.6571146249771118,0.4253103733062744
YGR101W,YMR146C,0,0.006121743,0.13532763719558716,0.6571146249771118,0.4254104793071747
YIL020C,YJL025W,0,0.0061216466,0.13530009984970093,0.6571146249771118,0.42551061511039734
YGL153W,YLR427W,0,0.0061064186,0.1352725774049759,0.6571146249771118,0.4256107211112976
YIR011C,YMR169C,0,0.0061030015,0.13524506986141205,0.6571146249771118,0.42571085691452026
YDR210W,YOR228C,0,0.006099455,0.1352175623178482,0.6571146249771118,0.42581096291542053
YHR079C,YBR213W,0,0.0060972953,0.13519008457660675,0.6571146249771118,0.4259110987186432
YDR071C,YJL044C,0,0.0060941987,0.1351626068353653,0.6571146249771118,0.42601120471954346
YMR052W,YEL029C,0,0.0060934685,0.13513512909412384,0.6571146249771118,0.4261113405227661
YDL194W,YGR220C,0,0.0060837967,0.13510768115520477,0.6571146249771118,0.4262114465236664
YOR270C,YHR001W,0,0.0060827993,0.1350802332162857,0.6571146249771118,0.42631158232688904
YPR098C,YPR058W,0,0.0060809255,0.13505280017852783,0.6571146249771118,0.4264116883277893
YCR028C,YGL139W,1,0.0060753766,0.13522842526435852,0.6581027507781982,0.4264116883277893
YER025W,YIL138C,0,0.006068739,0.13520097732543945,0.6581027507781982,0.42651182413101196
YKL218C,YPL121C,0,0.0060671335,0.13517352938652039,0.6581027507781982,0.42661193013191223
YMR054W,YOR270C,1,0.006067004,0.13534902036190033,0.6590909361839294,0.42661193013191223
YPR156C,YNL163C,0,0.006066967,0.13532157242298126,0.6590909361839294,0.4267120659351349
YER053C,YGR138C,1,0.006064281,0.13549695909023285,0.6600790619850159,0.4267120659351349
YJL108C,YGL089C,0,0.0060641803,0.1354694813489914,0.6600790619850159,0.42681217193603516
YPL124W,YCR002C,0,0.0060571097,0.13544201850891113,0.6600790619850159,0.4269123077392578
YCL059C,YPR189W,0,0.006057093,0.13541455566883087,0.6600790619850159,0.4270124137401581
YOR071C,YOR353C,0,0.0060560666,0.1353871077299118,0.6600790619850159,0.42711254954338074
YNL252C,YML043C,0,0.0060428204,0.13535967469215393,0.6600790619850159,0.427212655544281
YFR029W,YNL213C,0,0.006042348,0.13533225655555725,0.6600790619850159,0.4273127615451813
YOL033W,YCR075C,0,0.006040942,0.13530483841896057,0.6600790619850159,0.42741289734840393
YDR255C,YCL060C,0,0.0060408562,0.13527743518352509,0.6600790619850159,0.4275130033493042
YBL099W,YOR079C,1,0.0060294718,0.1354525238275528,0.6610671877861023,0.4275130033493042
YDR353W,YIL067C,0,0.0060254727,0.13542510569095612,0.6610671877861023,0.42761313915252686
YPL028W,YML058W,0,0.0060231425,0.13539768755435944,0.6610671877861023,0.4277132451534271
YNR039C,YLR134W,0,0.0060225204,0.13537029922008514,0.6610671877861023,0.4278133809566498
YIL132C,YIR014W,0,0.006018803,0.13534291088581085,0.6610671877861023,0.42791348695755005
YLR183C,YBR020W,0,0.0060089603,0.13531553745269775,0.6610671877861023,0.4280136227607727
YNL007C,YOL105C,0,0.0060078837,0.13528816401958466,0.6610671877861023,0.428113728761673
YMR198W,YKL217W,0,0.0060055004,0.13526082038879395,0.6610671877861023,0.42821386456489563
YPL234C,YKR052C,1,0.0059989775,0.13543561100959778,0.6620553135871887,0.42821386456489563
YNR017W,YOL004W,0,0.0059872605,0.13540825247764587,0.6620553135871887,0.4283139705657959
YMR054W,YDR170W-A,0,0.0059816455,0.13538087904453278,0.6620553135871887,0.42841410636901855
YLR431C,YHR074W,0,0.0059693567,0.13535353541374207,0.6620553135871887,0.4285142123699188
YOR332W,YEL062W,1,0.0059631057,0.13552817702293396,0.6630434989929199,0.4285142123699188
YDL180W,YNL218W,0,0.005962055,0.13550080358982086,0.6630434989929199,0.4286143481731415
YFR018C,YMR284W,0,0.005957337,0.13547344505786896,0.6630434989929199,0.42871445417404175
YLR042C,YDR052C,0,0.005950316,0.13544610142707825,0.6630434989929199,0.4288145899772644
YIL082W-A,YNL316C,0,0.0059488113,0.13541877269744873,0.6630434989929199,0.4289146959781647
YJL074C,YBR215W,0,0.0059461715,0.1353914439678192,0.6630434989929199,0.42901483178138733
YNL222W,YGR061C,0,0.0059453715,0.1353641301393509,0.6630434989929199,0.4291149377822876
YDR506C,YPL055C,0,0.00594257,0.13533683121204376,0.6630434989929199,0.42921504378318787
YNL110C,YKR048C,0,0.005937211,0.13530953228473663,0.6630434989929199,0.4293151795864105
YGL020C,YPL042C,0,0.0059368648,0.1352822631597519,0.6630434989929199,0.4294152855873108
YOL053C-A,YOR118W,0,0.0059354985,0.13525499403476715,0.6630434989929199,0.42951542139053345
YCR055C,YHR129C,0,0.005930241,0.1352277249097824,0.6630434989929199,0.4296155273914337
YOR307C,YFL048C,0,0.005930193,0.13520048558712006,0.6630434989929199,0.42971566319465637
YML048W,YGR203W,0,0.005928645,0.1351732462644577,0.6630434989929199,0.42981576919555664
YGR275W,YKR054C,0,0.0059157684,0.13514602184295654,0.6630434989929199,0.4299159049987793
YJR097W,YKR003W,0,0.005915709,0.13511881232261658,0.6630434989929199,0.43001601099967957
YMR203W,YOR316C,1,0.0059100613,0.1352929323911667,0.6640316247940063,0.43001601099967957
YLR153C,YBL042C,0,0.005910052,0.13526569306850433,0.6640316247940063,0.4301161468029022
YOR044W,YLR394W,0,0.005908234,0.13523848354816437,0.6640316247940063,0.4302162528038025
YLR176C,YFL035C,0,0.005908074,0.1352112740278244,0.6640316247940063,0.43031638860702515
YMR271C,YGR241C,0,0.005907637,0.13518406450748444,0.6640316247940063,0.4304164946079254
YMR285C,YIL103W,0,0.0059052743,0.13515688478946686,0.6640316247940063,0.43051663041114807
YMR301C,YEL017C-A,1,0.005901687,0.13533078134059906,0.6650197505950928,0.43051663041114807
YOR162C,YJL144W,0,0.005900236,0.1353035718202591,0.6650197505950928,0.43061673641204834
YGR116W,YHR161C,0,0.00589991,0.13527637720108032,0.6650197505950928,0.430716872215271
YKL004W,YBR251W,0,0.005899856,0.13524919748306274,0.6650197505950928,0.43081697821617126
YOR304C-A,YNL197C,0,0.0058796154,0.13522201776504517,0.6650197505950928,0.4309171140193939
YOR085W,YKL053C-A,0,0.005878467,0.13519485294818878,0.6650197505950928,0.4310172200202942
YFR052W,YER016W,0,0.0058783703,0.1351677030324936,0.6650197505950928,0.43111732602119446
YGL008C,YIL140W,0,0.0058742277,0.1351405680179596,0.6650197505950928,0.4312174618244171
YPL157W,YLR419W,0,0.005872092,0.1351134330034256,0.6650197505950928,0.4313175678253174
YGR215W,YLR336C,0,0.0058689937,0.1350863128900528,0.6650197505950928,0.43141770362854004
YPR183W,YOR083W,0,0.0058614044,0.1350592076778412,0.6650197505950928,0.4315178096294403
YLR188W,YBR135W,0,0.005861,0.13503210246562958,0.6650197505950928,0.43161794543266296
YLR353W,YML033W,0,0.005853822,0.13500501215457916,0.6650197505950928,0.43171805143356323
YML124C,YPL213W,0,0.005853057,0.13497793674468994,0.6650197505950928,0.4318181872367859
YDR099W,YLR414C,0,0.0058523957,0.13495087623596191,0.6650197505950928,0.43191829323768616
YOR295W,YBR274W,0,0.0058522057,0.1349238157272339,0.6650197505950928,0.4320184290409088
YKL080W,YJL093C,1,0.005840365,0.1350972205400467,0.6660078763961792,0.4320184290409088
YDR036C,YOR328W,0,0.0058394223,0.13507014513015747,0.6660078763961792,0.4321185350418091
YHR176W,YCR080W,0,0.0058378554,0.13504308462142944,0.6660078763961792,0.43221867084503174
YDL206W,YGL139W,1,0.0058292476,0.1352163404226303,0.6669960618019104,0.43221867084503174
YCL074W,YKR046C,0,0.0058252346,0.1351892650127411,0.6669960618019104,0.432318776845932
YFL057C,YNL037C,0,0.0058227107,0.13516218960285187,0.6669960618019104,0.43241891264915466
YOR190W,YGR231C,0,0.005818315,0.13513512909412384,0.6669960618019104,0.43251901865005493
YNL101W,YLR427W,0,0.005815603,0.135108083486557,0.6669960618019104,0.4326191544532776
YFL004W,YCR030C,0,0.0058121225,0.13508105278015137,0.6669960618019104,0.43271926045417786
YJR126C,YER168C,0,0.005808957,0.13505402207374573,0.6669960618019104,0.4328193962574005
YOR054C,YDR077W,0,0.005801726,0.13502700626850128,0.6669960618019104,0.4329195022583008
YPL202C,YDR216W,0,0.005799696,0.13500000536441803,0.6669960618019104,0.43301963806152344
YGR157W,YIR038C,0,0.005797468,0.13497300446033478,0.6669960618019104,0.4331197440624237
YMR113W,YKL126W,0,0.005791275,0.13494601845741272,0.6669960618019104,0.433219850063324
YGL048C,YER104W,0,0.005789904,0.13491904735565186,0.6669960618019104,0.43331998586654663
YFL050C,YAL032C,0,0.005789295,0.13489209115505219,0.6669960618019104,0.4334200918674469
YER190W,YJL139C,0,0.0057765148,0.13486513495445251,0.6669960618019104,0.43352022767066956
YLR057W,YOR083W,0,0.005772181,0.13483819365501404,0.6669960618019104,0.4336203336715698
YER141W,YOR088W,0,0.0057656094,0.13481126725673676,0.6669960618019104,0.4337204694747925
YDL190C,YOR339C,0,0.005752818,0.13478434085845947,0.6669960618019104,0.43382057547569275
YDL133C-A,YDR369C,0,0.0057516545,0.13475742936134338,0.6669960618019104,0.4339207112789154
YDR264C,YGL113W,0,0.0057473127,0.1347305327653885,0.6669960618019104,0.4340208172798157
YBR127C,YKL165C,1,0.0057446845,0.1349032074213028,0.6679841876029968,0.4340208172798157
YDL143W,YFL039C,0,0.0057429336,0.1348762959241867,0.6679841876029968,0.43412095308303833
YML048W,YDR267C,0,0.0057428237,0.13484938442707062,0.6679841876029968,0.4342210590839386
YHR016C,YPL275W,0,0.0057273544,0.13482250273227692,0.6679841876029968,0.43432119488716125
YFR033C,YPR107C,0,0.00572725,0.13479560613632202,0.6679841876029968,0.4344213008880615
YDR205W,YML132W,0,0.005724337,0.13476873934268951,0.6679841876029968,0.4345214366912842
YGL179C,YNL271C,0,0.0057161488,0.134741872549057,0.6679841876029968,0.43462154269218445
YLR332W,YOR147W,0,0.0057137907,0.1347150206565857,0.6679841876029968,0.4347216784954071
YDR141C,YLR251W,0,0.0057123005,0.13468818366527557,0.6679841876029968,0.4348217844963074
YDR056C,YLR117C,0,0.0057083275,0.13466136157512665,0.6679841876029968,0.43492192029953003
YOL062C,YHR050W,0,0.005700509,0.13463453948497772,0.6679841876029968,0.4350220263004303
YGR199W,YER137C,0,0.0057000816,0.13460773229599,0.6679841876029968,0.43512213230133057
YKL218C,YOR291W,0,0.005695183,0.13458092510700226,0.6679841876029968,0.4352222681045532
YDR294C,YIR010W,0,0.005690085,0.13455413281917572,0.6679841876029968,0.4353223741054535
YMR228W,YMR307W,0,0.0056863893,0.13452737033367157,0.6679841876029968,0.43542250990867615
YKL116C,YIL072W,0,0.005684279,0.13450059294700623,0.6679841876029968,0.4355226159095764
YCR028C-A,YGR058W,0,0.005683687,0.13447384536266327,0.6679841876029968,0.4356227517127991
YKR045C,YBR271W,0,0.0056810603,0.1344470977783203,0.6679841876029968,0.43572285771369934
YHR052W,YBR187W,0,0.0056774095,0.13442036509513855,0.6679841876029968,0.435822993516922
YBL037W,YNL309W,0,0.0056744087,0.1343936324119568,0.6679841876029968,0.43592309951782227
YPR102C,YAL024C,0,0.0056685004,0.1343669295310974,0.6679841876029968,0.4360232353210449
YHR039C-B,YDR520C,0,0.0056674015,0.13434022665023804,0.6679841876029968,0.4361233413219452
YPR031W,YKL195W,0,0.0056673437,0.13431352376937866,0.6679841876029968,0.43622347712516785
YMR290C,YOR306C,0,0.0056607574,0.13428685069084167,0.6679841876029968,0.4363235831260681
YKL055C,YNR069C,0,0.0056595122,0.1342601776123047,0.6679841876029968,0.43642371892929077
YNL327W,YDL130W-A,0,0.0056592226,0.1342335194349289,0.6679841876029968,0.43652382493019104
YDL008W,YMR100W,0,0.0056561027,0.1342068761587143,0.6679841876029968,0.4366239607334137
YBR069C,YCR024C-A,1,0.005654038,0.13437871634960175,0.6689723134040833,0.4366239607334137
YAR050W,YDR404C,0,0.0056518614,0.13435205817222595,0.6689723134040833,0.43672406673431396
YML042W,YDL181W,0,0.0056506824,0.13432539999485016,0.6689723134040833,0.4368242025375366
YMR051C,YNL258C,0,0.0056450404,0.13429875671863556,0.6689723134040833,0.4369243085384369
YKL172W,YMR210W,0,0.0056449287,0.13427211344242096,0.6689723134040833,0.43702441453933716
YOR144C,YDL083C,0,0.0056435578,0.13424548506736755,0.6689723134040833,0.4371245503425598
YOL094C,YKR103W,0,0.005643267,0.13421887159347534,0.6689723134040833,0.4372246563434601
YNL012W,YDR297W,0,0.0056394506,0.13419227302074432,0.6689723134040833,0.43732479214668274
YHR045W,YMR171C,0,0.0056264196,0.1341656744480133,0.6689723134040833,0.437424898147583
YMR038C,YHR132C,0,0.005624363,0.13413909077644348,0.6689723134040833,0.43752503395080566
YGR118W,YDL214C,0,0.005623685,0.13411252200603485,0.6689723134040833,0.43762513995170593
YLR340W,YKR018C,0,0.005618304,0.13408595323562622,0.6689723134040833,0.4377252757549286
YNL053W,YDL126C,0,0.005616163,0.13405939936637878,0.6689723134040833,0.43782538175582886
YJL207C,YNL207W,0,0.005612228,0.13403286039829254,0.6689723134040833,0.4379255175590515
YNL101W,YBR010W,0,0.005610982,0.1340063363313675,0.6689723134040833,0.4380256235599518
YBR135W,YGR177C,0,0.005609624,0.13397981226444244,0.6689723134040833,0.43812575936317444
YLL018C-A,YOR192C,1,0.005608513,0.1341511607170105,0.6699604988098145,0.43812575936317444
YDR418W,YDR473C,0,0.0056082234,0.13412462174892426,0.6699604988098145,0.4382258653640747
YDR315C,YBR058C-A,0,0.00560683,0.1340980976819992,0.6699604988098145,0.43832600116729736
YGL134W,YKL137W,0,0.0056037754,0.13407158851623535,0.6699604988098145,0.43842610716819763
YKR010C,YNL049C,0,0.0056024226,0.1340450793504715,0.6699604988098145,0.4385262429714203
YNL227C,YBR294W,0,0.00560031,0.13401858508586884,0.6699604988098145,0.43862634897232056
YNR015W,YPL150W,0,0.0055989036,0.13399209082126617,0.6699604988098145,0.4387264847755432
YKR056W,YNL053W,0,0.005598437,0.1339656263589859,0.6699604988098145,0.4388265907764435
YLL032C,YCR043C,0,0.005594909,0.13393916189670563,0.6699604988098145,0.43892672657966614
YER087C-B,YKL200C,0,0.0055947723,0.13391269743442535,0.6699604988098145,0.4390268325805664
YJR026W,YLR174W,0,0.005586108,0.13388626277446747,0.6699604988098145,0.4391269385814667
YOL027C,YOR088W,1,0.005585719,0.13405725359916687,0.6709486246109009,0.4391269385814667
YJL028W,YPR032W,0,0.005576819,0.1340307891368866,0.6709486246109009,0.43922707438468933
YPL189C-A,YMR093W,0,0.005573843,0.13400433957576752,0.6709486246109009,0.4393271803855896
YGR285C,YIL114C,0,0.0055641048,0.13397790491580963,0.6709486246109009,0.43942731618881226
YKR050W,YOL149W,0,0.005558001,0.13395147025585175,0.6709486246109009,0.4395274221897125
YHR171W,YGL244W,0,0.0055549983,0.13392505049705505,0.6709486246109009,0.4396275579929352
YBR172C,YDL064W,0,0.005553564,0.13389864563941956,0.6709486246109009,0.43972766399383545
YMR297W,YER130C,0,0.005552998,0.13387224078178406,0.6709486246109009,0.4398277997970581
YBL091C-A,YCR023C,0,0.005548373,0.13384585082530975,0.6709486246109009,0.4399279057979584
YML026C,YDR492W,0,0.005545959,0.13381947576999664,0.6709486246109009,0.44002804160118103
YOL056W,YKL140W,0,0.005535189,0.13379310071468353,0.6709486246109009,0.4401281476020813
YJL194W,YBL113C,0,0.005534538,0.13376674056053162,0.6709486246109009,0.44022828340530396
YIL040W,YCR043C,0,0.0055328077,0.1337403953075409,0.6709486246109009,0.4403283894062042
YMR272C,YKL200C,0,0.0055310316,0.13371406495571136,0.6709486246109009,0.4404285252094269
YKL203C,YLR201C,0,0.0055306815,0.13368773460388184,0.6709486246109009,0.44052863121032715
YER002W,YOR088W,0,0.0055268267,0.1336614191532135,0.6709486246109009,0.4406287670135498
YPR035W,YJL153C,0,0.0055253934,0.13363511860370636,0.6709486246109009,0.4407288730144501
YPR066W,YGR035C,0,0.005525097,0.13360881805419922,0.6709486246109009,0.44082900881767273
YKL190W,YFL055W,0,0.0055153035,0.13358253240585327,0.6709486246109009,0.440929114818573
YBR006W,YCL040W,0,0.0055123195,0.13355626165866852,0.6709486246109009,0.44102922081947327
YDR466W,YNL135C,0,0.005511107,0.13352999091148376,0.6709486246109009,0.4411293566226959
YBR057C,YBR267W,0,0.005509302,0.1335037350654602,0.6709486246109009,0.4412294626235962
YKR002W,YBR033W,0,0.005506508,0.13347749412059784,0.6709486246109009,0.44132959842681885
YLR027C,YHR129C,0,0.0055033173,0.13345125317573547,0.6709486246109009,0.4414297044277191
YDR050C,YMR311C,0,0.005502618,0.1334250271320343,0.6709486246109009,0.4415298402309418
YPL129W,YOR028C,0,0.0054999273,0.13339881598949432,0.6709486246109009,0.44162994623184204
YGL079W,YGR135W,0,0.0054993015,0.13337261974811554,0.6709486246109009,0.4417300820350647
YIL063C,YIR006C,0,0.0054991543,0.13334642350673676,0.6709486246109009,0.44183018803596497
YNL009W,YML022W,0,0.0054979576,0.13332024216651917,0.6709486246109009,0.4419303238391876
YLR233C,YPL270W,0,0.005496122,0.13329407572746277,0.6709486246109009,0.4420304298400879
YOR338W,YPR189W,0,0.005493404,0.13326790928840637,0.6709486246109009,0.44213056564331055
YPR132W,YOL017W,0,0.005491676,0.13324175775051117,0.6709486246109009,0.4422306716442108
YGL174W,YDL112W,0,0.0054908386,0.13321562111377716,0.6709486246109009,0.44233080744743347
YOL093W,YDR012W,0,0.005490831,0.13318948447704315,0.6709486246109009,0.44243091344833374
YHR069C,YML071C,0,0.005490102,0.13316336274147034,0.6709486246109009,0.4425310492515564
YBR022W,YKL100C,0,0.005486863,0.13313725590705872,0.6709486246109009,0.44263115525245667
YGL178W,YOR224C,0,0.005486328,0.1331111490726471,0.6709486246109009,0.4427312910556793
YDL239C,YDL246C,0,0.005482983,0.13308507204055786,0.6709486246109009,0.4428313970565796
YGR140W,YPR200C,0,0.0054814657,0.13305898010730743,0.6709486246109009,0.44293150305747986
YJR155W,YPR121W,0,0.0054793125,0.1330329179763794,0.6709486246109009,0.4430316388607025
YJR002W,YLR026C,0,0.005479304,0.13300685584545135,0.6709486246109009,0.4431317448616028
YBR235W,YJL203W,0,0.005477184,0.1329808086156845,0.6709486246109009,0.44323188066482544
YOR151C,YDR016C,0,0.0054766573,0.13295476138591766,0.6709486246109009,0.4433319866657257
YJL129C,YOL077W-A,1,0.005471401,0.13312451541423798,0.6719367504119873,0.4433319866657257
YMR029C,YAL061W,0,0.005469747,0.13309845328330994,0.6719367504119873,0.44343212246894836
YNL086W,YMR273C,0,0.005468078,0.1330724060535431,0.6719367504119873,0.44353222846984863
YDR281C,YOR120W,0,0.005456604,0.13304637372493744,0.6719367504119873,0.4436323642730713
YLR103C,YOR022C,0,0.005454422,0.1330203413963318,0.6719367504119873,0.44373247027397156
YEL041W,YJL207C,0,0.0054489565,0.13299432396888733,0.6719367504119873,0.4438326060771942
YLL013C,YMR026C,0,0.005447088,0.13296832144260406,0.6719367504119873,0.4439327120780945
YOR338W,YDL103C,0,0.0054461313,0.132942333817482,0.6719367504119873,0.44403284788131714
YJR040W,YOL027C,1,0.0054397173,0.13311180472373962,0.6729248762130737,0.44403284788131714
YBR234C,YCR027C,0,0.0054384675,0.13308578729629517,0.6729248762130737,0.4441329538822174
YKR098C,YOR133W,0,0.005433146,0.1330597847700119,0.6729248762130737,0.44423308968544006
YDR347W,YLR110C,0,0.005432382,0.13303379714488983,0.6729248762130737,0.44433319568634033
YOR251C,YKR052C,1,0.005432347,0.13320311903953552,0.6739130616188049,0.44433319568634033
YGL079W,YGR192C,0,0.0054288767,0.13317711651325226,0.6739130616188049,0.444433331489563
YGL249W,YIL108W,0,0.0054279827,0.133151113986969,0.6739130616188049,0.44453343749046326
YDR466W,YOR198C,0,0.0054201223,0.13312512636184692,0.6739130616188049,0.4446335732936859
YNL072W,YIL006W,0,0.005412627,0.13309913873672485,0.6739130616188049,0.4447336792945862
YHR003C,YGR072W,0,0.0054095816,0.13307316601276398,0.6739130616188049,0.44483381509780884
YLR034C,YMR177W,1,0.005404867,0.13324229419231415,0.6749011874198914,0.44483381509780884
YGR274C,YBR033W,0,0.0053869933,0.13321630656719208,0.6749011874198914,0.4449339210987091
YHR112C,YKR038C,0,0.005386823,0.1331903338432312,0.6749011874198914,0.4450340270996094
YKL190W,YNR026C,0,0.005379039,0.13316436111927032,0.6749011874198914,0.44513416290283203
YOR167C,YHR179W,0,0.0053773336,0.13313840329647064,0.6749011874198914,0.4452342689037323
YIL039W,YKL181W,0,0.005372774,0.13311246037483215,0.6749011874198914,0.44533440470695496
YOR265W,YGR227W,0,0.0053704157,0.13308651745319366,0.6749011874198914,0.4454345107078552
YER165W,YDR144C,0,0.005368404,0.13306058943271637,0.6749011874198914,0.4455346465110779
YDR056C,YDR151C,0,0.0053640315,0.13303467631340027,0.6749011874198914,0.44563475251197815
YDL225W,YPR060C,0,0.005354991,0.13300876319408417,0.6749011874198914,0.4457348883152008
YAL042W,YLR003C,0,0.0053498745,0.13298286497592926,0.6749011874198914,0.4458349943161011
YAR031W,YGL011C,0,0.0053495867,0.13295698165893555,0.6749011874198914,0.44593513011932373
YOR374W,YBR290W,0,0.0053401142,0.13293109834194183,0.6749011874198914,0.446035236120224
YDL051W,YPL187W,0,0.00533876,0.13290522992610931,0.6749011874198914,0.44613537192344666
YBR004C,YDL144C,0,0.0053370325,0.132879376411438,0.6749011874198914,0.4462354779243469
YER090W,YBR204C,0,0.00533548,0.13285353779792786,0.6749011874198914,0.4463356137275696
YOR273C,YCR024C-A,1,0.0053310124,0.13302217423915863,0.6758893132209778,0.4463356137275696
YDR522C,YBR241C,0,0.005326352,0.1329963058233261,0.6758893132209778,0.44643571972846985
YML085C,YER131W,0,0.005320389,0.13297045230865479,0.6758893132209778,0.4465358555316925
YDR006C,YGR289C,0,0.0053108037,0.13294461369514465,0.6758893132209778,0.4466359615325928
YHR027C,YNL307C,0,0.005307276,0.13291877508163452,0.6758893132209778,0.44673609733581543
YGL008C,YCL034W,0,0.0053000264,0.13289295136928558,0.6758893132209778,0.4468362033367157
YPL249C-A,YNL236W,0,0.005299099,0.13286712765693665,0.6758893132209778,0.44693630933761597
YGL032C,YLR026C,0,0.005297303,0.1328413337469101,0.6758893132209778,0.4470364451408386
YBR160W,YGR087C,0,0.0052917115,0.13281553983688354,0.6758893132209778,0.4471365511417389
YBR280C,YBR042C,0,0.005283855,0.132789745926857,0.6758893132209778,0.44723668694496155
YAL054C,YDL080C,0,0.0052715987,0.13276398181915283,0.6758893132209778,0.4473367929458618
YIL009C-A,YBL009W,0,0.005259622,0.13273821771144867,0.6758893132209778,0.4474369287490845
YBR093C,YGR148C,0,0.005257115,0.1327124536037445,0.6758893132209778,0.44753703474998474
YBR021W,YPR194C,0,0.0052542165,0.13268671929836273,0.6758893132209778,0.4476371705532074
YJR099W,YPL226W,0,0.005253886,0.13266097009181976,0.6758893132209778,0.44773727655410767
YOR295W,YGR271C-A,0,0.005252938,0.13263525068759918,0.6758893132209778,0.4478374123573303
YOR194C,YLL002W,0,0.005250141,0.1326095312833786,0.6758893132209778,0.4479375183582306
YGL190C,YNL309W,0,0.00524896,0.1325838267803192,0.6758893132209778,0.44803765416145325
YNL119W,YIL067C,0,0.0052456222,0.13255813717842102,0.6758893132209778,0.4481377601623535
YOR084W,YNL158W,0,0.0052385926,0.13253244757652283,0.6758893132209778,0.44823789596557617
YOL038W,YDL204W,0,0.0052363835,0.13250677287578583,0.6758893132209778,0.44833800196647644
YHR003C,YEL063C,0,0.005228017,0.13248111307621002,0.6758893132209778,0.4484381377696991
YDR225W,YOL019W,0,0.005225569,0.1324554681777954,0.6758893132209778,0.44853824377059937
YHL008C,YLR237W,1,0.005225247,0.13262343406677246,0.676877498626709,0.44853824377059937
YNL112W,YDR097C,0,0.005224809,0.13259775936603546,0.676877498626709,0.448638379573822
YJR086W,YJL122W,0,0.005223601,0.13257209956645966,0.676877498626709,0.4487384855747223
YBR195C,YNL086W,0,0.0052207317,0.13254643976688385,0.676877498626709,0.44883859157562256
YBR057C,YNR026C,0,0.0052188816,0.13252079486846924,0.676877498626709,0.4489387273788452
YAR035W,YDL002C,0,0.005216997,0.13249516487121582,0.676877498626709,0.4490388333797455
YNL008C,YLR042C,0,0.005214745,0.1324695348739624,0.676877498626709,0.44913896918296814
YKR062W,YBL097W,0,0.0052142376,0.13244393467903137,0.676877498626709,0.4492390751838684
YBR216C,YOL092W,0,0.005213529,0.13241831958293915,0.676877498626709,0.44933921098709106
YDL181W,YPL086C,0,0.0052044615,0.1323927342891693,0.676877498626709,0.44943931698799133
YAL041W,YOR361C,0,0.0052006524,0.13236714899539948,0.676877498626709,0.449539452791214
YKL017C,YER137C,0,0.005200231,0.13234157860279083,0.676877498626709,0.44963955879211426
YOR036W,YHR094C,0,0.0052000396,0.1323160082101822,0.676877498626709,0.4497396945953369
YML040W,YDR088C,0,0.0051949825,0.13229045271873474,0.676877498626709,0.4498398005962372
YER049W,YDL101C,0,0.0051922724,0.1322649121284485,0.676877498626709,0.44993993639945984
YFR042W,YNR027W,0,0.005190566,0.13223938643932343,0.676877498626709,0.4500400424003601
YDR253C,YOR230W,0,0.005187899,0.13221386075019836,0.676877498626709,0.45014017820358276
YOR360C,YDR470C,0,0.0051858407,0.1321883499622345,0.676877498626709,0.45024028420448303
YML074C,YDR090C,0,0.005182883,0.13216283917427063,0.676877498626709,0.4503404200077057
YNL326C,YNL282W,0,0.005173262,0.13213734328746796,0.676877498626709,0.45044052600860596
YGR034W,YHL004W,0,0.0051720887,0.13211186230182648,0.676877498626709,0.4505406618118286
YOR088W,YOL077W-A,1,0.0051718606,0.13227921724319458,0.6778656244277954,0.4505406618118286
YHR007C,YGR192C,0,0.005160356,0.1322537064552307,0.6778656244277954,0.4506407678127289
YBL112C,YMR246W,0,0.005160166,0.13222822546958923,0.6778656244277954,0.45074090361595154
YHR063C,YJL046W,0,0.005154563,0.13220272958278656,0.6778656244277954,0.4508410096168518
YLR042C,YER091C,0,0.0051516946,0.13217726349830627,0.6778656244277954,0.4509411156177521
YDR247W,YHR160C,0,0.0051493403,0.132151797413826,0.6778656244277954,0.45104125142097473
YPL192C,YMR134W,0,0.0051478054,0.1321263462305069,0.6778656244277954,0.451141357421875
YPL224C,YOR088W,1,0.005144082,0.1322934776544571,0.6788537502288818,0.451141357421875
YOR209C,YPR121W,0,0.0051414836,0.1322679966688156,0.6788537502288818,0.45124149322509766
YJL074C,YDR314C,0,0.005139999,0.13224254548549652,0.6788537502288818,0.4513415992259979
YLR002C,YBL082C,0,0.005136907,0.13221709430217743,0.6788537502288818,0.4514417350292206
YDR506C,YOR334W,1,0.0051353686,0.1323840618133545,0.6798418760299683,0.4514417350292206
YGR010W,YEL065W,0,0.005132176,0.1323585957288742,0.6798418760299683,0.45154184103012085
YCL043C,YDL194W,0,0.005129449,0.13233314454555511,0.6798418760299683,0.4516419768333435
YCL024W,YDR051C,0,0.0051294137,0.13230769336223602,0.6798418760299683,0.4517420828342438
YBR186W,YGR206W,0,0.0051283054,0.13228225708007812,0.6798418760299683,0.45184221863746643
YDR484W,YPL012W,0,0.0051266854,0.13225682079792023,0.6798418760299683,0.4519423246383667
YDR083W,YMR142C,0,0.0051265173,0.13223139941692352,0.6798418760299683,0.45204246044158936
YGR280C,YDL190C,0,0.0051245578,0.132205992937088,0.6798418760299683,0.4521425664424896
YBR235W,YDL043C,0,0.0051204097,0.1321806013584137,0.6798418760299683,0.4522427022457123
YLL038C,YJR101W,0,0.0051160753,0.13215520977973938,0.6798418760299683,0.45234280824661255
YNL158W,YJR138W,0,0.0051105935,0.13212981820106506,0.6798418760299683,0.4524429440498352
YOR299W,YFR031C,0,0.005109858,0.13210445642471313,0.6798418760299683,0.4525430500507355
YDR421W,YJL187C,0,0.0051092855,0.1320790946483612,0.6798418760299683,0.45264318585395813
YLR213C,YIL103W,0,0.0051020086,0.13205374777317047,0.6798418760299683,0.4527432918548584
YJL056C,YGR172C,0,0.005094868,0.13202840089797974,0.6798418760299683,0.45284339785575867
YMR283C,YMR314W,0,0.0050777458,0.1320030689239502,0.6798418760299683,0.4529435336589813
YNL075W,YKL007W,0,0.005075404,0.13197775185108185,0.6798418760299683,0.4530436396598816
YFL055W,YER104W,0,0.0050748885,0.1319524347782135,0.6798418760299683,0.45314377546310425
YPR048W,YCL057C-A,0,0.005073948,0.13192713260650635,0.6798418760299683,0.4532438814640045
YML088W,YLR325C,0,0.005072076,0.1319018453359604,0.6798418760299683,0.4533440172672272
YOR182C,YML007W,0,0.0050650574,0.13187655806541443,0.6798418760299683,0.45344412326812744
YDR225W,YCL074W,0,0.0050621666,0.13185128569602966,0.6798418760299683,0.4535442590713501
YBL079W,YIL101C,0,0.0050620367,0.1318260133266449,0.6798418760299683,0.45364436507225037
YMR043W,YJR001W,0,0.0050604586,0.13180077075958252,0.6798418760299683,0.453744500875473
YIR014W,YMR090W,0,0.0050589815,0.13177552819252014,0.6798418760299683,0.4538446068763733
YNR044W,YPL158C,0,0.005055506,0.13175028562545776,0.6798418760299683,0.45394474267959595
YPL170W,YLR188W,0,0.00505507,0.13172505795955658,0.6798418760299683,0.4540448486804962
YPL189C-A,YPR052C,0,0.0050522173,0.1316998451948166,0.6798418760299683,0.45414498448371887
YJR105W,YAL043C,0,0.005052179,0.1316746473312378,0.6798418760299683,0.45424509048461914
YGL210W,YER044C,0,0.005044434,0.131649449467659,0.6798418760299683,0.4543452262878418
YLR337W,YDL066W,0,0.005044225,0.1316242516040802,0.6798418760299683,0.45444533228874207
YLR431C,YOR291W,0,0.005042956,0.1315990835428238,0.6798418760299683,0.4545454680919647
YDR229W,YBL045C,0,0.0050290953,0.13157391548156738,0.6798418760299683,0.454645574092865
YPL111W,YML056C,0,0.00502377,0.13154876232147217,0.6798418760299683,0.45474568009376526
YCR098C,YLR138W,1,0.005023446,0.13171477615833282,0.6808300614356995,0.45474568009376526
YNR070W,YHR039C-A,0,0.0050230194,0.13168960809707642,0.6808300614356995,0.4548458158969879
YIL150C,YGR054W,0,0.005021567,0.13166444003582,0.6808300614356995,0.4549459218978882
YDR034C,YDR267C,0,0.0050211996,0.1316392868757248,0.6808300614356995,0.45504605770111084
YML118W,YGL147C,0,0.0050179884,0.13161413371562958,0.6808300614356995,0.4551461637020111
YPR005C,YDR142C,0,0.005014619,0.13158899545669556,0.6808300614356995,0.45524629950523376
YGL009C,YDL200C,0,0.005014237,0.13156387209892273,0.6808300614356995,0.45534640550613403
YPL002C,YMR323W,0,0.00501154,0.1315387487411499,0.6808300614356995,0.4554465413093567
YIL039W,YML104C,0,0.005007865,0.13151364028453827,0.6808300614356995,0.45554664731025696
YMR038C,YOL077W-A,1,0.0050069503,0.13167938590049744,0.6818181872367859,0.45554664731025696
YGR275W,YIL170W,0,0.005005082,0.1316542625427246,0.6818181872367859,0.4556467831134796
YDR210W,YGR257C,0,0.0050044954,0.13162915408611298,0.6818181872367859,0.4557468891143799
YPR192W,YGR098C,0,0.004993215,0.13160404562950134,0.6818181872367859,0.45584702491760254
YNR073C,YMR246W,0,0.0049930234,0.1315789520740509,0.6818181872367859,0.4559471309185028
YNL113W,YBR296C,0,0.0049920864,0.13155385851860046,0.6818181872367859,0.45604726672172546
YGR272C,YDR358W,0,0.004990386,0.13152877986431122,0.6818181872367859,0.45614737272262573
YPL281C,YDL208W,0,0.004987154,0.13150371611118317,0.6818181872367859,0.4562475085258484
YGL029W,YGR062C,0,0.004978451,0.13147865235805511,0.6818181872367859,0.45634761452674866
YJL164C,YNR070W,0,0.004967505,0.13145360350608826,0.6818181872367859,0.4564477503299713
YHR119W,YDL083C,0,0.004966121,0.1314285695552826,0.6818181872367859,0.4565478563308716
YDR420W,YDL059C,0,0.0049644373,0.13140353560447693,0.6818181872367859,0.45664799213409424
YLR035C,YPR167C,0,0.004963439,0.13137851655483246,0.6818181872367859,0.4567480981349945
YPR067W,YHL016C,1,0.0049593747,0.13154387474060059,0.6828063130378723,0.4567480981349945
YNL007C,YKR102W,0,0.0049572513,0.13151884078979492,0.6828063130378723,0.4568482041358948
YER019C-A,YLR386W,0,0.004952168,0.13149382174015045,0.6828063130378723,0.45694833993911743
YFL014W,YOR035C,0,0.0049499683,0.13146880269050598,0.6828063130378723,0.4570484459400177
YNL064C,YHL008C,0,0.0049411263,0.1314437836408615,0.6828063130378723,0.45714858174324036
YHR085W,YIL088C,0,0.0049372613,0.13141879439353943,0.6828063130378723,0.4572486877441406
YBR095C,YNL008C,0,0.0049368385,0.13139380514621735,0.6828063130378723,0.4573488235473633
YDR380W,YDR341C,0,0.004936289,0.13136881589889526,0.6828063130378723,0.45744892954826355
YJR113C,YJL042W,0,0.004931148,0.13134385645389557,0.6828063130378723,0.4575490653514862
YBR058C-A,YJL100W,0,0.004930906,0.13131889700889587,0.6828063130378723,0.4576491713523865
YJL138C,YPL091W,0,0.0049297754,0.13129393756389618,0.6828063130378723,0.45774930715560913
YGL187C,YDR288W,0,0.004927017,0.13126899302005768,0.6828063130378723,0.4578494131565094
YLR086W,YGL254W,0,0.004926093,0.13124406337738037,0.6828063130378723,0.45794954895973206
YIL063C,YKL158W,0,0.004926065,0.13121914863586426,0.6828063130378723,0.4580496549606323
YOL129W,YJR152W,0,0.0049236827,0.13119423389434814,0.6828063130378723,0.458149790763855
YDL114W,YEL003W,0,0.00491763,0.13116931915283203,0.6828063130378723,0.45824989676475525
YPL192C,YNL087W,0,0.0049162284,0.1311444342136383,0.6828063130378723,0.4583500325679779
YPL232W,YFR001W,0,0.0049117543,0.13111954927444458,0.6828063130378723,0.4584501385688782
YOL056W,YCL047C,0,0.0049115624,0.13109466433525085,0.6828063130378723,0.45855027437210083
YMR047C,YNL129W,0,0.0049073696,0.13106980919837952,0.6828063130378723,0.4586503803730011
YNR004W,YBL039C,0,0.004906306,0.13104493916034698,0.6828063130378723,0.45875048637390137
YPL283C,YMR090W,0,0.004902617,0.13102009892463684,0.6828063130378723,0.458850622177124
YGR054W,YDR046C,0,0.0049025565,0.1309952586889267,0.6828063130378723,0.4589507281780243
YOR349W,YOL102C,0,0.0049024476,0.13097043335437775,0.6828063130378723,0.45905086398124695
YLL013C,YCL052C,0,0.004898308,0.1309456080198288,0.6828063130378723,0.4591509699821472
YIL021W,YKR018C,0,0.0048924224,0.13092079758644104,0.6828063130378723,0.4592511057853699
YDR429C,YPR066W,0,0.004888255,0.13089600205421448,0.6828063130378723,0.45935121178627014
YKL038W,YGR218W,0,0.004886972,0.13087120652198792,0.6828063130378723,0.4594513475894928
YHR123W,YJR010W,0,0.0048774406,0.13084642589092255,0.6828063130378723,0.45955145359039307
YKL112W,YPR168W,0,0.0048748,0.13082166016101837,0.6828063130378723,0.4596515893936157
YNR003C,YJL125C,0,0.004874192,0.1307968944311142,0.6828063130378723,0.459751695394516
YBR302C,YBR058C-A,0,0.004870806,0.13077214360237122,0.6828063130378723,0.45985183119773865
YMR268C,YER099C,0,0.0048694406,0.13074739277362823,0.6828063130378723,0.4599519371986389
YPL092W,YDR342C,0,0.0048657916,0.13072265684604645,0.6828063130378723,0.4600520730018616
YLR237W,YCR024C-A,1,0.004862234,0.13088707625865936,0.6837944388389587,0.4600520730018616
YDR432W,YML124C,0,0.004859764,0.13086232542991638,0.6837944388389587,0.46015217900276184
YIR039C,YNL007C,0,0.0048568733,0.1308375895023346,0.6837944388389587,0.4602523148059845
YNL227C,YGR198W,0,0.0048549846,0.1308128535747528,0.6837944388389587,0.46035242080688477
YCL019W,YGR023W,0,0.0048532505,0.13078813254833221,0.6837944388389587,0.4604525566101074
YOR171C,YGR035C,0,0.004852227,0.13076341152191162,0.6837944388389587,0.4605526626110077
YPR049C,YMR146C,0,0.0048521534,0.13073870539665222,0.6837944388389587,0.46065276861190796
YML034W,YPR190C,0,0.0048520938,0.13071401417255402,0.6837944388389587,0.4607529044151306
YJL133W,YIL006W,1,0.0048496444,0.13087818026542664,0.6847826242446899,0.4607529044151306
YLR298C,YLR117C,0,0.004848618,0.13085347414016724,0.6847826242446899,0.4608530104160309
YHR081W,YDR101C,0,0.00484553,0.13082876801490784,0.6847826242446899,0.46095314621925354
YBR171W,YML115C,0,0.0048450753,0.13080407679080963,0.6847826242446899,0.4610532522201538
YDR495C,YPR182W,0,0.0048440667,0.13077938556671143,0.6847826242446899,0.46115338802337646
YPL084W,YLR166C,0,0.004839923,0.1307547241449356,0.6847826242446899,0.46125349402427673
YER078C,YMR122W-A,0,0.0048393933,0.1307300478219986,0.6847826242446899,0.4613536298274994
YDR501W,YNR045W,0,0.0048347674,0.13070540130138397,0.6847826242446899,0.46145373582839966
YGR006W,YDR186C,0,0.0048291404,0.13068073987960815,0.6847826242446899,0.4615538716316223
YDR164C,YCR094W,0,0.004827816,0.13065610826015472,0.6847826242446899,0.4616539776325226
YNL290W,YOL058W,0,0.0048218146,0.1306314766407013,0.6847826242446899,0.46175411343574524
YDL133C-A,YOR386W,0,0.004820833,0.13060685992240906,0.6847826242446899,0.4618542194366455
YAL014C,YJR063W,0,0.004818566,0.13058224320411682,0.6847826242446899,0.46195435523986816
YLR295C,YCL005W-A,1,0.004818402,0.1307460367679596,0.6857707500457764,0.46195435523986816
YOL006C,YLR121C,0,0.0048157163,0.13072142004966736,0.6857707500457764,0.46205446124076843
YGR222W,YPL206C,0,0.0048131067,0.13069680333137512,0.6857707500457764,0.4621545970439911
YAL060W,YOR061W,0,0.004807256,0.13067218661308289,0.6857707500457764,0.46225470304489136
YPR024W,YJR144W,0,0.00480704,0.13064758479595184,0.6857707500457764,0.462354838848114
YBR273C,YLR429W,0,0.0048069768,0.130622997879982,0.6857707500457764,0.4624549448490143
YPL016W,YDR054C,0,0.004803545,0.13059842586517334,0.6857707500457764,0.46255508065223694
YAL039C,YBL021C,0,0.0048025437,0.13057385385036469,0.6857707500457764,0.4626551866531372
YDR519W,YGR087C,0,0.004801737,0.13054928183555603,0.6857707500457764,0.4627552926540375
YOR159C,YDL085W,0,0.004797891,0.13052472472190857,0.6857707500457764,0.46285542845726013
YFL001W,YLL003W,0,0.004796192,0.1305001825094223,0.6857707500457764,0.4629555344581604
YPR182W,YDR408C,0,0.004784774,0.13047565519809723,0.6857707500457764,0.46305567026138306
YJL034W,YOR326W,0,0.0047799423,0.13045112788677216,0.6857707500457764,0.4631557762622833
YOL107W,YKL086W,0,0.0047714245,0.13042661547660828,0.6857707500457764,0.463255912065506
YDL180W,YDR477W,0,0.0047679218,0.1304021030664444,0.6857707500457764,0.46335601806640625
YHR091C,YOR148C,0,0.0047674803,0.1303776055574417,0.6857707500457764,0.4634561538696289
YPL228W,YDL195W,0,0.0047666887,0.13035312294960022,0.6857707500457764,0.4635562598705292
YDR123C,YLL002W,0,0.0047665145,0.13032864034175873,0.6857707500457764,0.46365639567375183
YAL012W,YNL325C,0,0.0047658896,0.13030417263507843,0.6857707500457764,0.4637565016746521
YMR078C,YBR302C,0,0.004762115,0.13027970492839813,0.6857707500457764,0.46385663747787476
YMR044W,YPR063C,0,0.0047612083,0.13025525212287903,0.6857707500457764,0.463956743478775
YKL061W,YNR032W,0,0.00475787,0.13023081421852112,0.6857707500457764,0.4640568792819977
YPL147W,YDR138W,0,0.004757218,0.1302063763141632,0.6857707500457764,0.46415698528289795
YDL035C,YOL147C,0,0.0047543496,0.1301819533109665,0.6857707500457764,0.4642571210861206
YCR080W,YOR122C,0,0.004750268,0.13015754520893097,0.6857707500457764,0.4643572270870209
YDL181W,YNL197C,0,0.0047456976,0.13013313710689545,0.6857707500457764,0.46445736289024353
YCR083W,YKR054C,0,0.0047451407,0.13010872900485992,0.6857707500457764,0.4645574688911438
YMR045C,YML009C,0,0.004739839,0.1300843507051468,0.6857707500457764,0.46465757489204407
YOR044W,YDL060W,0,0.00473903,0.13005997240543365,0.6857707500457764,0.4647577106952667
YGL077C,YGL183C,0,0.004737865,0.13003559410572052,0.6857707500457764,0.464857816696167
YJR017C,YKL038W,0,0.0047369804,0.13001124560832977,0.6857707500457764,0.46495795249938965
YOR175C,YOL053C-A,0,0.004735825,0.12998688220977783,0.6857707500457764,0.4650580585002899
YOR273C,YOR271C,1,0.004731551,0.13014981150627136,0.6867588758468628,0.4650580585002899
YOL151W,YHR141C,0,0.0047313366,0.13012544810771942,0.6867588758468628,0.4651581943035126
YCR014C,YMR037C,0,0.0047202073,0.13010108470916748,0.6867588758468628,0.46525830030441284
YKR006C,YDL045W-A,0,0.004719155,0.13007673621177673,0.6867588758468628,0.4653584361076355
YLL040C,YBL064C,0,0.004716851,0.13005240261554718,0.6867588758468628,0.46545854210853577
YNL006W,YBR075W,0,0.0047168103,0.13002806901931763,0.6867588758468628,0.4655586779117584
YDR139C,YPL180W,0,0.0046972055,0.13000373542308807,0.6867588758468628,0.4656587839126587
YKL096W,YML125C,0,0.0046933517,0.1299794316291809,0.6867588758468628,0.46575891971588135
YKL013C,YDL108W,0,0.004680278,0.12995512783527374,0.6867588758468628,0.4658590257167816
YDR006C,YPL241C,0,0.004671853,0.12993082404136658,0.6867588758468628,0.4659591615200043
YPL200W,YOR025W,0,0.0046708975,0.1299065351486206,0.6867588758468628,0.46605926752090454
YNL121C,YLR414C,0,0.0046616346,0.12988226115703583,0.6867588758468628,0.4661594033241272
YLR121C,YGR277C,0,0.0046593756,0.12985800206661224,0.6867588758468628,0.46625950932502747
YER138C,YPL129W,0,0.0046580043,0.12983374297618866,0.6867588758468628,0.4663596451282501
YGL237C,YLR364W,0,0.0046564676,0.12980948388576508,0.6867588758468628,0.4664597511291504
YNR069C,YFR044C,0,0.0046520457,0.12978525459766388,0.6867588758468628,0.46655985713005066
YDR444W,YLR121C,0,0.0046491195,0.1297610104084015,0.6867588758468628,0.4666599929332733
YJL093C,YLL028W,1,0.0046464726,0.12992346286773682,0.687747061252594,0.4666599929332733
YLL045C,YHR187W,0,0.004645922,0.12989921867847443,0.687747061252594,0.4667600989341736
YIL129C,YOL113W,0,0.0046390966,0.12987497448921204,0.687747061252594,0.46686023473739624
YLL009C,YGR020C,1,0.0046372702,0.1300373077392578,0.6887351870536804,0.46686023473739624
YNL003C,YDR155C,0,0.0046364516,0.13001306354999542,0.6887351870536804,0.4669603407382965
YGR020C,YJR134C,0,0.004630492,0.12998880445957184,0.6887351870536804,0.46706047654151917
YNL252C,YKL174C,0,0.0046291575,0.12996457517147064,0.6887351870536804,0.46716058254241943
YBR297W,YMR319C,0,0.004626587,0.12994034588336945,0.6887351870536804,0.4672607183456421
YGR068C,YML126C,0,0.0046236888,0.12991611659526825,0.6887351870536804,0.46736082434654236
YCR087C-A,YMR291W,0,0.0046227323,0.12989191710948944,0.6887351870536804,0.467460960149765
YJR044C,YMR160W,0,0.004615226,0.12986770272254944,0.6887351870536804,0.4675610661506653
YCL004W,YHR023W,0,0.0046139127,0.12984351813793182,0.6887351870536804,0.46766120195388794
YER118C,YKL090W,0,0.0046122894,0.1298193335533142,0.6887351870536804,0.4677613079547882
YPL143W,YGL233W,0,0.0046096947,0.1297951638698578,0.6887351870536804,0.46786144375801086
YPL154C,YFL038C,0,0.004604759,0.12977099418640137,0.6887351870536804,0.46796154975891113
YJL051W,YCR055C,0,0.004601055,0.12974683940410614,0.6887351870536804,0.4680616855621338
YGR101W,YOL066C,0,0.0045931786,0.1297226846218109,0.6887351870536804,0.46816179156303406
YJL099W,YLR142W,0,0.0045921155,0.12969854474067688,0.6887351870536804,0.4682619273662567
YCR087C-A,YNR006W,0,0.0045821276,0.12967441976070404,0.6887351870536804,0.468362033367157
YML026C,YCR088W,0,0.0045794435,0.1296502947807312,0.6887351870536804,0.46846216917037964
YKL130C,YLR172C,0,0.0045792833,0.12962618470191956,0.6887351870536804,0.4685622751712799
YGL035C,YHR046C,0,0.0045778705,0.1296020895242691,0.6887351870536804,0.4686623811721802
YPR186C,YER138C,0,0.004575759,0.12957799434661865,0.6887351870536804,0.46876251697540283
YDR392W,YMR270C,0,0.004570838,0.1295538991689682,0.6887351870536804,0.4688626229763031
YMR301C,YHR186C,0,0.004567395,0.12952983379364014,0.6887351870536804,0.46896275877952576
YDL217C,YNR036C,0,0.0045671007,0.12950575351715088,0.6887351870536804,0.469062864780426
YIL076W,YKL013C,0,0.004567012,0.129481703042984,0.6887351870536804,0.4691630005836487
YML037C,YLR399C,0,0.004559,0.12945765256881714,0.6887351870536804,0.46926310658454895
YNL231C,YPL218W,0,0.004553687,0.12943361699581146,0.6887351870536804,0.4693632423877716
YOL108C,YOR128C,0,0.00455158,0.1294095814228058,0.6887351870536804,0.4694633483886719
YMR257C,YNL152W,0,0.0045488887,0.1293855607509613,0.6887351870536804,0.46956348419189453
YLR431C,YDR314C,0,0.004548634,0.12936154007911682,0.6887351870536804,0.4696635901927948
YDL083C,YIL074C,0,0.004546713,0.12933753430843353,0.6887351870536804,0.46976372599601746
YBL030C,YOR334W,1,0.004545819,0.12949907779693604,0.6897233128547668,0.46976372599601746
YLR425W,YCR008W,0,0.0045407773,0.12947505712509155,0.6897233128547668,0.4698638319969177
YOL107W,YBL005W-B,0,0.0045373403,0.12945103645324707,0.6897233128547668,0.4699639678001404
YNR041C,YOR162C,0,0.0045364387,0.12942703068256378,0.6897233128547668,0.47006407380104065
YPL085W,YMR266W,0,0.0045199953,0.1294030398130417,0.6897233128547668,0.4701642096042633
YJR033C,YPR121W,0,0.004519172,0.1293790489435196,0.6897233128547668,0.4702643156051636
YOL093W,YLL043W,0,0.0045175767,0.1293550729751587,0.6897233128547668,0.47036445140838623
YBR002C,YNL153C,0,0.0045166817,0.12933111190795898,0.6897233128547668,0.4704645574092865
YOL103W,YLR172C,0,0.0045028743,0.12930715084075928,0.6897233128547668,0.47056466341018677
YJR068W,YBL052C,0,0.0045005195,0.12928320467472076,0.6897233128547668,0.4706647992134094
YNR072W,YER029C,0,0.0044980478,0.12925925850868225,0.6897233128547668,0.4707649052143097
YMR025W,YHL027W,0,0.00449506,0.12923532724380493,0.6897233128547668,0.47086504101753235
YGR175C,YOL158C,0,0.0044894926,0.1292113959789276,0.6897233128547668,0.4709651470184326
YOL115W,YJL164C,0,0.0044856705,0.12918749451637268,0.6897233128547668,0.4710652828216553
YLR038C,YPL110C,0,0.004477322,0.12916357815265656,0.6897233128547668,0.47116538882255554
YOR312C,YPR111W,0,0.0044763777,0.12913969159126282,0.6897233128547668,0.4712655246257782
YGR028W,YLR003C,0,0.00446721,0.12911579012870789,0.6897233128547668,0.47136563062667847
YMR161W,YNL097C,0,0.0044657877,0.12909191846847534,0.6897233128547668,0.4714657664299011
YFL050C,YGL006W,1,0.0044641756,0.12925295531749725,0.6907114386558533,0.4714657664299011
YKL021C,YML077W,0,0.0044626947,0.12922906875610352,0.6907114386558533,0.4715658724308014
YER118C,YLR032W,0,0.004455734,0.12920518219470978,0.6907114386558533,0.47166600823402405
YDR306C,YBR044C,0,0.0044548996,0.12918129563331604,0.6907114386558533,0.4717661142349243
YPL153C,YEL056W,0,0.0044545233,0.1291574239730835,0.6907114386558533,0.471866250038147
YMR268W-A,YGR104C,0,0.004440633,0.12913356721401215,0.6907114386558533,0.47196635603904724
YGL020C,YNL078W,0,0.0044279816,0.1291097104549408,0.6907114386558533,0.4720664918422699
YGL128C,YGR278W,0,0.0044259503,0.12908586859703064,0.6907114386558533,0.47216659784317017
YML032C,YKR046C,0,0.0044202134,0.12906204164028168,0.6907114386558533,0.4722667336463928
YJL159W,YNL197C,0,0.004416503,0.12903821468353271,0.6907114386558533,0.4723668396472931
YMR221C,YBR298C,0,0.004416425,0.12901440262794495,0.6907114386558533,0.47246694564819336
YLR133W,YGR186W,0,0.004410539,0.12899059057235718,0.6907114386558533,0.472567081451416
YGL168W,YOR106W,0,0.0044092564,0.1289667934179306,0.6907114386558533,0.4726671874523163
YKR058W,YPL196W,0,0.0044081807,0.12894299626350403,0.6907114386558533,0.47276732325553894
YJR121W,YPL096C-A,0,0.004407744,0.12891921401023865,0.6907114386558533,0.4728674292564392
YCL026C-B,YNL225C,0,0.0044068024,0.12889544665813446,0.6907114386558533,0.47296756505966187
YCR075C,YGR058W,0,0.0044028433,0.12887167930603027,0.6907114386558533,0.47306767106056213
YKL171W,YKL193C,0,0.004400598,0.12884792685508728,0.6907114386558533,0.4731678068637848
YPR075C,YMR012W,0,0.004400175,0.1288241744041443,0.6907114386558533,0.47326791286468506
YFR045W,YDR307W,0,0.004397777,0.1288004368543625,0.6907114386558533,0.4733680486679077
YMR116C,YOR256C,0,0.0043927804,0.12877671420574188,0.6907114386558533,0.473468154668808
YDR018C,YDR497C,0,0.0043924097,0.12875299155712128,0.6907114386558533,0.47356829047203064
YBR253W,YKL156W,0,0.0043906756,0.12872928380966187,0.6907114386558533,0.4736683964729309
YER051W,YML009C,0,0.004388758,0.12870557606220245,0.6907114386558533,0.47376853227615356
YLR423C,YJL144W,0,0.0043885773,0.12868188321590424,0.6907114386558533,0.47386863827705383
YOR251C,YLL015W,1,0.004378002,0.12884226441383362,0.6916996240615845,0.47386863827705383
YGR085C,YJL073W,0,0.004376903,0.1288185566663742,0.6916996240615845,0.4739687740802765
YNR063W,YOR251C,0,0.0043743947,0.1287948489189148,0.6916996240615845,0.47406888008117676
YJR017C,YLL051C,0,0.0043728165,0.12877115607261658,0.6916996240615845,0.4741690158843994
YLL038C,YJR140C,0,0.0043708086,0.12874747812747955,0.6916996240615845,0.4742691218852997
YJL133W,YJL129C,1,0.004370615,0.1289076805114746,0.6926877498626709,0.4742691218852997
YNL311C,YIR010W,0,0.004367113,0.1288839876651764,0.6926877498626709,0.47436925768852234
YCR087C-A,YDR369C,0,0.0043594083,0.12886029481887817,0.6926877498626709,0.4744693636894226
YBR097W,YCL019W,0,0.004358646,0.12883661687374115,0.6926877498626709,0.4745694696903229
YOR124C,YDL024C,0,0.00434418,0.12881293892860413,0.6926877498626709,0.47466960549354553
YLR144C,YNL272C,0,0.004343098,0.1287892758846283,0.6926877498626709,0.4747697114944458
YPL012W,YLR414C,0,0.0043395637,0.12876561284065247,0.6926877498626709,0.47486984729766846
YPL164C,YOR312C,0,0.0043349788,0.12874196469783783,0.6926877498626709,0.4749699532985687
YIL159W,YKR022C,0,0.0043157553,0.1287183314561844,0.6926877498626709,0.4750700891017914
YLR421C,YOL080C,0,0.0043147057,0.12869469821453094,0.6926877498626709,0.47517019510269165
YER014C-A,YLR359W,0,0.0043112338,0.1286710649728775,0.6926877498626709,0.4752703309059143
YDR228C,YLR103C,0,0.004311204,0.12864746153354645,0.6926877498626709,0.4753704369068146
YGL216W,YBR288C,0,0.0043027624,0.1286238580942154,0.6926877498626709,0.47547057271003723
YNL244C,YHR134W,0,0.004301764,0.12860025465488434,0.6926877498626709,0.4755706787109375
YAL032C,YBR227C,0,0.004299395,0.12857666611671448,0.6926877498626709,0.47567081451416016
YOR043W,YGL245W,0,0.004298717,0.1285530924797058,0.6926877498626709,0.4757709205150604
YDR294C,YLR178C,0,0.0042934828,0.12852951884269714,0.6926877498626709,0.4758710563182831
YMR017W,YMR008C,0,0.004290439,0.12850596010684967,0.6926877498626709,0.47597116231918335
YCL052C,YJL128C,0,0.004288137,0.1284824013710022,0.6926877498626709,0.476071298122406
YMR078C,YHR196W,0,0.0042877607,0.12845885753631592,0.6926877498626709,0.4761714041233063
YKL025C,YOR237W,0,0.0042855665,0.12843532860279083,0.6926877498626709,0.47627153992652893
YFR019W,YLR337W,0,0.0042838324,0.12841179966926575,0.6926877498626709,0.4763716459274292
YIL138C,YNL069C,0,0.0042817993,0.12838828563690186,0.6926877498626709,0.47647175192832947
YEL043W,YNL082W,0,0.0042808205,0.12836477160453796,0.6926877498626709,0.4765718877315521
YLR278C,YER130C,0,0.004275007,0.12834127247333527,0.6926877498626709,0.4766719937324524
YLR028C,YER007W,0,0.004273394,0.12831777334213257,0.6926877498626709,0.47677212953567505
YOR338W,YPL053C,0,0.004270114,0.12829428911209106,0.6926877498626709,0.4768722355365753
YPR048W,YNR056C,0,0.004265409,0.12827081978321075,0.6926877498626709,0.476972371339798
YLR298C,YLR283W,0,0.0042641126,0.12824735045433044,0.6926877498626709,0.47707247734069824
YKR103W,YDL107W,0,0.004259643,0.12822389602661133,0.6926877498626709,0.4771726131439209
YBR092C,YER045C,0,0.00425867,0.1282004415988922,0.6926877498626709,0.47727271914482117
YOL137W,YMR146C,0,0.0042583644,0.1281770020723343,0.6926877498626709,0.4773728549480438
YJL101C,YNR018W,0,0.004256379,0.12815356254577637,0.6926877498626709,0.4774729609489441
YKL100C,YLL051C,0,0.004255222,0.12813013792037964,0.6926877498626709,0.47757309675216675
YGL244W,YDL120W,0,0.0042541735,0.1281067281961441,0.6926877498626709,0.477673202753067
YFL057C,YKL181W,0,0.0042510703,0.12808331847190857,0.6926877498626709,0.4777733385562897
YBR115C,YAL040C,0,0.0042485297,0.12805992364883423,0.6926877498626709,0.47787344455718994
YJL079C,YPL270W,0,0.004245691,0.1280365288257599,0.6926877498626709,0.4779735803604126
YAR003W,YML132W,0,0.0042428765,0.12801314890384674,0.6926877498626709,0.47807368636131287
YIL076W,YIL017W,0,0.00423617,0.1279897689819336,0.6926877498626709,0.4781738221645355
YDR444W,YNL012W,0,0.004232836,0.12796640396118164,0.6926877498626709,0.4782739281654358
YGL065C,YHL032C,0,0.004231357,0.12794305384159088,0.6926877498626709,0.47837403416633606
YEL022W,YNL316C,0,0.0042309947,0.12791970372200012,0.6926877498626709,0.4784741699695587
YDL077C,YMR143W,0,0.0042265356,0.12789636850357056,0.6926877498626709,0.478574275970459
YDR363W,YEL038W,0,0.004226392,0.127873033285141,0.6926877498626709,0.47867441177368164
YPR070W,YJL138C,0,0.0042255586,0.12784971296787262,0.6926877498626709,0.4787745177745819
YJL072C,YCR055C,0,0.0042251945,0.12782640755176544,0.6926877498626709,0.47887465357780457
YKR087C,YOL147C,0,0.0042247735,0.12780310213565826,0.6926877498626709,0.47897475957870483
YAL022C,YPL132W,0,0.004219141,0.1277797967195511,0.6926877498626709,0.4790748953819275
YOR159C,YOL017W,0,0.004216253,0.1277565211057663,0.6926877498626709,0.47917500138282776
YPL167C,YOR115C,0,0.0042028404,0.1277332305908203,0.6926877498626709,0.4792751371860504
YHL008C,YKL220C,1,0.004194852,0.1278921514749527,0.6936758756637573,0.4792751371860504
YJL101C,YOR288C,0,0.0041934773,0.12786884605884552,0.6936758756637573,0.4793752431869507
YOR304W,YJL213W,0,0.004189266,0.12784557044506073,0.6936758756637573,0.47947537899017334
YHL008C,YOL027C,1,0.004186447,0.12800437211990356,0.6946640610694885,0.47947537899017334
YER166W,YLR132C,0,0.004184598,0.1279810667037964,0.6946640610694885,0.4795754849910736
YNL284C,YBR058C,0,0.0041803923,0.1279577761888504,0.6946640610694885,0.47967562079429626
YOL103W,YHR211W,0,0.0041735694,0.12793448567390442,0.6946640610694885,0.47977572679519653
YJL213W,YOR028C,0,0.004171323,0.12791121006011963,0.6946640610694885,0.4798758625984192
YJR040W,YJL112W,0,0.004164314,0.12788793444633484,0.6946640610694885,0.47997596859931946
YDL159W,YMR221C,0,0.0041591777,0.12786467373371124,0.6946640610694885,0.4800761044025421
YAR066W,YOR351C,0,0.004158002,0.12784142792224884,0.6946640610694885,0.4801762104034424
YDR527W,YDR170W-A,0,0.004154854,0.12781818211078644,0.6946640610694885,0.48027634620666504
YOR378W,YPR023C,0,0.0041516908,0.12779495120048523,0.6946640610694885,0.4803764522075653
YPR137W,YER119C,0,0.004144367,0.12777172029018402,0.6946640610694885,0.4804765582084656
YHR121W,YBR195C,0,0.004143633,0.127748504281044,0.6946640610694885,0.48057669401168823
YPL057C,YKL205W,0,0.0041433787,0.127725288271904,0.6946640610694885,0.4806768000125885
YGR084C,YOL139C,0,0.0041335635,0.12770208716392517,0.6946640610694885,0.48077693581581116
YFL047W,YFR001W,0,0.0041302387,0.12767890095710754,0.6946640610694885,0.4808770418167114
YOR216C,YNL217W,0,0.0041264184,0.12765571475028992,0.6946640610694885,0.4809771776199341
YGL145W,YJR056C,0,0.0041223913,0.1276325285434723,0.6946640610694885,0.48107728362083435
YNL232W,YHR001W,0,0.004118398,0.12760937213897705,0.6946640610694885,0.481177419424057
YFR004W,YMR143W,0,0.004116174,0.12758620083332062,0.6946640610694885,0.4812775254249573
YPL084W,YPR191W,0,0.004113635,0.12756305932998657,0.6946640610694885,0.48137766122817993
YML042W,YBR132C,0,0.0041113645,0.12753991782665253,0.6946640610694885,0.4814777672290802
YDR389W,YJL176C,0,0.004104905,0.12751677632331848,0.6946640610694885,0.48157790303230286
YKL024C,YNR011C,0,0.004104231,0.12749364972114563,0.6946640610694885,0.4816780090332031
YGL026C,YGL043W,0,0.0041034836,0.12747053802013397,0.6946640610694885,0.4817781448364258
YGR056W,YPR060C,0,0.004098419,0.12744742631912231,0.6946640610694885,0.48187825083732605
YJR152W,YCR075C,1,0.0040970426,0.1276055872440338,0.695652186870575,0.48187825083732605
YBR139W,YBR066C,0,0.0040936936,0.12758246064186096,0.695652186870575,0.4819783866405487
YIL109C,YOR202W,0,0.004085608,0.1275593340396881,0.695652186870575,0.482078492641449
YBR075W,YDR324C,0,0.004082705,0.12753623723983765,0.695652186870575,0.48217862844467163
YNL037C,YJR134C,0,0.004080709,0.127513125538826,0.695652186870575,0.4822787344455719
YMR065W,YLR419W,0,0.004078104,0.12749004364013672,0.695652186870575,0.48237884044647217
YML104C,YER148W,0,0.0040687285,0.12746696174144745,0.695652186870575,0.4824789762496948
YGL077C,YBR204C,0,0.004063001,0.12744387984275818,0.695652186870575,0.4825790822505951
YML060W,YHL007C,0,0.004054945,0.1274208128452301,0.695652186870575,0.48267921805381775
YGL210W,YLR274W,0,0.0040534865,0.12739776074886322,0.695652186870575,0.482779324054718
YJR103W,YNL231C,0,0.0040530786,0.12737470865249634,0.695652186870575,0.4828794598579407
YPL019C,YIL067C,0,0.004050146,0.12735167145729065,0.695652186870575,0.48297956585884094
YOR130C,YPL127C,0,0.004044612,0.12732863426208496,0.695652186870575,0.4830797016620636
YJR092W,YER137C,0,0.0040408173,0.12730561196804047,0.695652186870575,0.48317980766296387
YLR130C,YDR135C,1,0.004039537,0.12746338546276093,0.6966403126716614,0.48317980766296387
YBR120C,YDR184C,0,0.0040347157,0.12744034826755524,0.6966403126716614,0.4832799434661865
YPL065W,YIL017C,0,0.004034238,0.12741731107234955,0.6966403126716614,0.4833800494670868
YCR080W,YDR265W,0,0.004033615,0.12739428877830505,0.6966403126716614,0.48348018527030945
YBR031W,YDL101C,0,0.0040331297,0.12737126648426056,0.6966403126716614,0.4835802912712097
YBL024W,YJL062W-A,0,0.0040291436,0.12734825909137726,0.6966403126716614,0.4836804270744324
YOR349W,YNL058C,0,0.0040242374,0.12732526659965515,0.6966403126716614,0.48378053307533264
YLR154C,YER125W,0,0.0040229335,0.12730227410793304,0.6966403126716614,0.4838806688785553
YLL001W,YLR383W,0,0.0040223803,0.12727929651737213,0.6966403126716614,0.48398077487945557
YHR030C,YGL210W-A,0,0.004019499,0.12725631892681122,0.6966403126716614,0.4840809106826782
YBL020W,YBR129C,0,0.0040085968,0.1272333562374115,0.6966403126716614,0.4841810166835785
YDR279W,YDL121C,0,0.00400592,0.12721039354801178,0.6966403126716614,0.48428112268447876
YOL102C,YCR030C,0,0.0040005036,0.12718744575977325,0.6966403126716614,0.4843812584877014
YFR036W,YOR322C,0,0.003992103,0.12716449797153473,0.6966403126716614,0.4844813644886017
YIL063C,YBL089W,0,0.003988508,0.1271415650844574,0.6966403126716614,0.48458150029182434
YGR282C,YMR285C,0,0.0039877845,0.12711864709854126,0.6966403126716614,0.4846816062927246
YMR089C,YNL046W,0,0.003986897,0.12709572911262512,0.6966403126716614,0.48478174209594727
YFR036W,YOR190W,0,0.0039846953,0.12707282602787018,0.6966403126716614,0.48488184809684753
YHL008C,YOL122C,1,0.0039807186,0.12723013758659363,0.6976284384727478,0.48488184809684753
YJL028W,YDL120W,0,0.0039784387,0.1272072046995163,0.6976284384727478,0.4849819839000702
YOR003W,YOR061W,0,0.0039775725,0.12718428671360016,0.6976284384727478,0.48508208990097046
YPL031C,YFL031W,0,0.003974287,0.12716138362884521,0.6976284384727478,0.4851822257041931
YNL232W,YJL062W-A,0,0.003972437,0.12713848054409027,0.6976284384727478,0.4852823317050934
YHR005C-A,YOR014W,0,0.003970448,0.12711559236049652,0.6976284384727478,0.48538246750831604
YDL137W,YGR281W,0,0.0039689485,0.12709270417690277,0.6976284384727478,0.4854825735092163
YMR099C,YJL072C,0,0.00396288,0.12706983089447021,0.6976284384727478,0.48558270931243896
YLR048W,YIL125W,0,0.0039604604,0.12704697251319885,0.6976284384727478,0.48568281531333923
YPR029C,YMR100W,0,0.0039532743,0.1270241141319275,0.6976284384727478,0.4857829511165619
YPL046C,YOR020C,0,0.0039419024,0.12700125575065613,0.6976284384727478,0.48588305711746216
YCR030C,YCR002C,0,0.0039394656,0.12697841227054596,0.6976284384727478,0.4859831929206848
YPL167C,YJR066W,0,0.003938332,0.12695558369159698,0.6976284384727478,0.4860832989215851
YNL244C,YCR048W,0,0.0039365515,0.126932755112648,0.6976284384727478,0.48618343472480774
YPL221W,YPL060W,1,0.003935458,0.1270896941423416,0.698616623878479,0.48618343472480774
YOR344C,YJR129C,0,0.003933899,0.12706686556339264,0.698616623878479,0.486283540725708
YLL022C,YDR332W,0,0.00393074,0.12704402208328247,0.698616623878479,0.4863836467266083
YBL018C,YOR326W,0,0.0039277077,0.1270211935043335,0.698616623878479,0.48648378252983093
YDR364C,YJL019W,0,0.0039246343,0.12699837982654572,0.698616623878479,0.4865838885307312
YMR295C,YBR167C,0,0.0039232783,0.12697558104991913,0.698616623878479,0.48668402433395386
YCR088W,YER140W,0,0.003922455,0.12695276737213135,0.698616623878479,0.4867841303348541
YIR033W,YNL075W,0,0.003915772,0.12692998349666595,0.698616623878479,0.4868842661380768
YCL069W,YKL156W,0,0.00391295,0.12690719962120056,0.698616623878479,0.48698437213897705
YJL117W,YNL083W,1,0.0039118156,0.12706388533115387,0.6996047496795654,0.48698437213897705
YBR048W,YDR170W-A,0,0.00391164,0.12704108655452728,0.6996047496795654,0.4870845079421997
YLR151C,YPL066W,0,0.0039039492,0.1270183026790619,0.6996047496795654,0.4871846139431
YDL184C,YLR126C,0,0.0039016102,0.1269955188035965,0.6996047496795654,0.48728474974632263
YLR429W,YDR082W,0,0.003897177,0.1269727349281311,0.6996047496795654,0.4873848557472229
YGR077C,YDR416W,0,0.0038888492,0.1269499659538269,0.6996047496795654,0.48748499155044556
YKR025W,YHR187W,0,0.003888443,0.1269272118806839,0.6996047496795654,0.4875850975513458
YDR383C,YPL276W,0,0.0038843323,0.1269044578075409,0.6996047496795654,0.4876852333545685
YJR068W,YPL271W,0,0.0038801618,0.12688171863555908,0.6996047496795654,0.48778533935546875
YGL046W,YLR342W,0,0.0038797953,0.12685897946357727,0.6996047496795654,0.4878854751586914
YOR178C,YGL145W,0,0.0038682483,0.12683625519275665,0.6996047496795654,0.4879855811595917
YLR116W,YML025C,0,0.003866259,0.12681354582309723,0.6996047496795654,0.48808571696281433
YBL020W,YLR158C,0,0.00386497,0.1267908364534378,0.6996047496795654,0.4881858229637146
YDR506C,YBR207W,1,0.0038626734,0.12694717943668365,0.7005928754806519,0.4881858229637146
YGL201C,YOR030W,0,0.0038615847,0.12692445516586304,0.7005928754806519,0.48828592896461487
YDR364C,YLR154W-A,0,0.0038545604,0.12690173089504242,0.7005928754806519,0.4883860647678375
YDL140C,YLR242C,0,0.003852345,0.126879021525383,0.7005928754806519,0.4884861707687378
YDL115C,YKR013W,0,0.003851099,0.12685632705688477,0.7005928754806519,0.48858630657196045
YNR020C,YMR319C,0,0.0038497709,0.12683363258838654,0.7005928754806519,0.4886864125728607
YLR423C,YML058W,0,0.0038460605,0.1268109530210495,0.7005928754806519,0.4887865483760834
YKL195W,YOL149W,0,0.0038460195,0.12678827345371246,0.7005928754806519,0.48888665437698364
YOR275C,YDR405W,0,0.003844861,0.12676559388637543,0.7005928754806519,0.4889867901802063
YFR021W,YBR033W,0,0.0038426332,0.12674294412136078,0.7005928754806519,0.48908689618110657
YJR059W,YGL257C,0,0.003829103,0.12672027945518494,0.7005928754806519,0.4891870319843292
YJR135C,YGR252W,0,0.003824588,0.12669764459133148,0.7005928754806519,0.4892871379852295
YKL167C,YML093W,0,0.0038215034,0.12667500972747803,0.7005928754806519,0.48938727378845215
YDR221W,YML012W,0,0.0038207546,0.12665237486362457,0.7005928754806519,0.4894873797893524
YIL155C,YLR071C,0,0.0038200319,0.1266297549009323,0.7005928754806519,0.4895875155925751
YMR296C,YBR056W,0,0.0038180705,0.12660714983940125,0.7005928754806519,0.48968762159347534
YPR005C,YPR160W,0,0.0038168542,0.12658454477787018,0.7005928754806519,0.489787757396698
YDR085C,YKL139W,0,0.0038145753,0.1265619397163391,0.7005928754806519,0.48988786339759827
YLR064W,YDR481C,0,0.0038065705,0.12653934955596924,0.7005928754806519,0.4899879992008209
YBL020W,YDR380W,0,0.0038023107,0.12651677429676056,0.7005928754806519,0.4900881052017212
YGR132C,YCL047C,0,0.003802076,0.12649419903755188,0.7005928754806519,0.49018821120262146
YLL009C,YAR014C,0,0.0037945257,0.1264716386795044,0.7005928754806519,0.4902883470058441
YCL060C,YNL152W,0,0.003793084,0.1264490783214569,0.7005928754806519,0.4903884530067444
YCR097WB,YEL059C-A,0,0.0037919078,0.12642653286457062,0.7005928754806519,0.49048858880996704
YDR285W,YLR121C,0,0.0037889108,0.12640398740768433,0.7005928754806519,0.4905886948108673
YAR003W,YMR309C,0,0.003787675,0.12638145685195923,0.7005928754806519,0.49068883061408997
YDR056C,YKR102W,0,0.0037847185,0.12635894119739532,0.7005928754806519,0.49078893661499023
YLL055W,YHR039C-B,1,0.0037790723,0.12651461362838745,0.7015810012817383,0.49078893661499023
YLR224W,YNL135C,0,0.0037787086,0.12649206817150116,0.7015810012817383,0.4908890724182129
YLR237W,YMR127C,0,0.0037700888,0.12646953761577606,0.7015810012817383,0.49098917841911316
YDR064W,YJR026W,0,0.0037642773,0.12644702196121216,0.7015810012817383,0.4910893142223358
YOL077W-A,YDL126C,0,0.0037631886,0.12642450630664825,0.7015810012817383,0.4911894202232361
YGL050W,YGL201C,0,0.0037628263,0.12640199065208435,0.7015810012817383,0.49128955602645874
YPR113W,YJL090C,0,0.00376214,0.12637948989868164,0.7015810012817383,0.491389662027359
YLR318W,YMR268W-A,0,0.0037613781,0.12635700404644012,0.7015810012817383,0.49148979783058167
YKL171W,YGR029W,0,0.0037596654,0.1263345181941986,0.7015810012817383,0.49158990383148193
YDR523C,YOR131C,0,0.003757067,0.1263120472431183,0.7015810012817383,0.4916900396347046
YMR269W,YOR118W,0,0.003756092,0.12628957629203796,0.7015810012817383,0.49179014563560486
YJL074C,YLR373C,0,0.0037555266,0.12626712024211884,0.7015810012817383,0.4918902814388275
YKR071C,YOR073W,0,0.003752186,0.1262446641921997,0.7015810012817383,0.4919903874397278
YDR064W,YJR105W,0,0.0037497682,0.12622222304344177,0.7015810012817383,0.49209052324295044
YPR005C,YIL168W,0,0.003746558,0.12619978189468384,0.7015810012817383,0.4921906292438507
YOR219C,YJL113W,0,0.0037450679,0.1261773556470871,0.7015810012817383,0.492290735244751
YOR194C,YKL097W-A,0,0.003743036,0.12615494430065155,0.7015810012817383,0.49239087104797363
YOR089C,YLR144C,0,0.0037429705,0.126132532954216,0.7015810012817383,0.4924909770488739
YLR385C,YDL178W,0,0.003742367,0.12611012160778046,0.7015810012817383,0.49259111285209656
YNL084C,YDR126W,0,0.003737173,0.1260877251625061,0.7015810012817383,0.4926912188529968
YML030W,YOR003W,0,0.0037349574,0.12606534361839294,0.7015810012817383,0.4927913546562195
YHL008C,YPR020W,1,0.0037344303,0.1262204796075821,0.7025691866874695,0.4927913546562195
YIR010W,YPL009C,0,0.0037281532,0.12619808316230774,0.7025691866874695,0.49289146065711975
YBR084W,YEL047C,0,0.003725689,0.1261756867170334,0.7025691866874695,0.4929915964603424
YIL103W,YNL279W,0,0.0037245713,0.12615330517292023,0.7025691866874695,0.4930917024612427
YLR380W,YOR088W,0,0.0037237061,0.12613092362880707,0.7025691866874695,0.49319183826446533
YLR028C,YGR152C,0,0.0037227366,0.1261085420846939,0.7025691866874695,0.4932919442653656
YCR010C,YGL255W,1,0.0037223585,0.12626352906227112,0.7035573124885559,0.4932919442653656
YKL009W,YER030W,0,0.0037197918,0.12624113261699677,0.7035573124885559,0.49339208006858826
YLR237W,YDR449C,0,0.003709063,0.1262187510728836,0.7035573124885559,0.4934921860694885
YPR048W,YKR103W,0,0.003705401,0.12619638442993164,0.7035573124885559,0.4935923218727112
YLR278C,YOL105C,0,0.0036935247,0.12617401778697968,0.7035573124885559,0.49369242787361145
YNL323W,YBR135W,0,0.0036915392,0.1261516660451889,0.7035573124885559,0.4937925636768341
YDL180W,YLR090W,0,0.0036876928,0.12612931430339813,0.7035573124885559,0.4938926696777344
YHR013C,YKL130C,0,0.0036865175,0.12610697746276855,0.7035573124885559,0.49399280548095703
YLR391W-A,YBL068W,0,0.0036860788,0.12608464062213898,0.7035573124885559,0.4940929114818573
YOR303W,YKL116C,0,0.003684476,0.1260623186826706,0.7035573124885559,0.49419301748275757
YDR109C,YFR015C,0,0.0036837924,0.1260400116443634,0.7035573124885559,0.4942931532859802
YJL071W,YPL081W,0,0.003681697,0.1260177046060562,0.7035573124885559,0.4943932592868805
YBR055C,YPL232W,0,0.0036805812,0.12599539756774902,0.7035573124885559,0.49449339509010315
YCL033C,YOR205C,0,0.0036800466,0.12597310543060303,0.7035573124885559,0.4945935010910034
YFL002W-A,YPR168W,0,0.00367607,0.12595082819461823,0.7035573124885559,0.4946936368942261
YNL336W,YDR279W,0,0.0036737844,0.12592855095863342,0.7035573124885559,0.49479374289512634
YGR096W,YKL217W,1,0.0036721863,0.126083105802536,0.7045454382896423,0.49479374289512634
YMR083W,YOL088C,0,0.0036661401,0.12606081366539001,0.7045454382896423,0.494893878698349
YPL051W,YDR214W,0,0.0036660526,0.1260385364294052,0.7045454382896423,0.49499398469924927
YER052C,YDL141W,0,0.00366229,0.1260162591934204,0.7045454382896423,0.4950941205024719
YBL010C,YGR132C,0,0.0036574379,0.1259939968585968,0.7045454382896423,0.4951942265033722
YPR101W,YNL061W,0,0.00365597,0.1259717345237732,0.7045454382896423,0.49529436230659485
YGR276C,YIL135C,0,0.0036556982,0.12594947218894958,0.7045454382896423,0.4953944683074951
YER018C,YGL158W,0,0.0036445782,0.12592723965644836,0.7045454382896423,0.4954946041107178
YDR156W,YJL102W,0,0.0036366545,0.12590499222278595,0.7045454382896423,0.49559471011161804
YJL066C,YMR260C,0,0.0036345012,0.12588277459144592,0.7045454382896423,0.4956948459148407
YHL016C,YDR170W-A,0,0.0036324207,0.1258605420589447,0.7045454382896423,0.49579495191574097
YBR026C,YLR414C,0,0.0036206394,0.12583833932876587,0.7045454382896423,0.4958950877189636
YHL009C,YBL076C,0,0.0036198534,0.12581612169742584,0.7045454382896423,0.4959951937198639
YBL034C,YOR069W,0,0.0036159493,0.1257939338684082,0.7045454382896423,0.49609529972076416
YDR279W,YPR165W,0,0.0036158785,0.12577174603939056,0.7045454382896423,0.4961954355239868
YER184C,YGR076C,0,0.0036140252,0.12574955821037292,0.7045454382896423,0.4962955415248871
YJL166W,YCR089W,0,0.003611371,0.12572738528251648,0.7045454382896423,0.49639567732810974
YPR102C,YPL012W,0,0.003609188,0.12570521235466003,0.7045454382896423,0.49649578332901
YHR050W,YOR208W,0,0.0036052624,0.12568305432796478,0.7045454382896423,0.49659591913223267
YDR071C,YJL018W,0,0.0036049876,0.12566091120243073,0.7045454382896423,0.49669602513313293
YGR200C,YDR170W-A,0,0.0036039436,0.12563876807689667,0.7045454382896423,0.4967961609363556
YIL127C,YDR320C-A,0,0.003603334,0.1256166249513626,0.7045454382896423,0.49689626693725586
YKL046C,YAR018C,0,0.0035991743,0.12559449672698975,0.7045454382896423,0.4969964027404785
YHR186C,YHR039C,0,0.003595979,0.12557238340377808,0.7045454382896423,0.4970965087413788
YHL047C,YOR201C,0,0.0035929661,0.1255502700805664,0.7045454382896423,0.49719664454460144
YEL065W,YDR039C,1,0.0035838336,0.12570422887802124,0.7055336236953735,0.49719664454460144
YNL158W,YOR255W,0,0.0035820752,0.12568210065364838,0.7055336236953735,0.4972967505455017
YOR130C,YPL231W,0,0.0035811402,0.1256599724292755,0.7055336236953735,0.49739688634872437
YDL231C,YOL157C,0,0.0035789553,0.12563787400722504,0.7055336236953735,0.49749699234962463
YPR082C,YMR298W,0,0.0035784636,0.12561576068401337,0.7055336236953735,0.4975971281528473
YDR170W-A,YJR021C,0,0.0035773106,0.1255936622619629,0.7055336236953735,0.49769723415374756
YPL084W,YPL009C,0,0.0035769865,0.1255715787410736,0.7055336236953735,0.4977973699569702
YCR069W,YJR051W,0,0.0035768682,0.12554949522018433,0.7055336236953735,0.4978974759578705
YML058W-A,YML075C,0,0.0035644234,0.12552742660045624,0.7055336236953735,0.49799761176109314
YFR013W,YHR001W,0,0.0035585482,0.12550535798072815,0.7055336236953735,0.4980977177619934
YGR087C,YOL058W,0,0.003551861,0.12548330426216125,0.7055336236953735,0.4981978237628937
YDL239C,YLR287C-A,0,0.00354971,0.12546125054359436,0.7055336236953735,0.49829795956611633
YGL185C,YPL227C,0,0.0035491956,0.12543921172618866,0.7055336236953735,0.4983980655670166
YHR176W,YDR174W,0,0.0035451762,0.12541717290878296,0.7055336236953735,0.49849820137023926
YPL026C,YJR144W,0,0.0035391077,0.12539514899253845,0.7055336236953735,0.4985983073711395
YCL005W-A,YKL016C,1,0.0035361196,0.12554872035980225,0.70652174949646,0.4985983073711395
YKL120W,YPL224C,1,0.0035279435,0.12570224702358246,0.7075098752975464,0.4985983073711395
YIL177C,YJL138C,0,0.0035254331,0.12568017840385437,0.7075098752975464,0.4986984431743622
YEL051W,YPL078C,1,0.0035204403,0.1258336305618286,0.7084980010986328,0.4986984431743622
YKL084W,YOR030W,0,0.0035101324,0.12581154704093933,0.7084980010986328,0.49879854917526245
YGR065C,YCR040W,0,0.0035047922,0.12578947842121124,0.7084980010986328,0.4988986849784851
YER185W,YGR138C,1,0.0035041235,0.12594281136989594,0.709486186504364,0.4988986849784851
YDR058C,YOR022C,0,0.003496524,0.12592072784900665,0.709486186504364,0.4989987909793854
YDL192W,YDR128W,0,0.0034869406,0.12589864432811737,0.709486186504364,0.49909892678260803
YGR158C,YNR073C,0,0.0034767296,0.12587657570838928,0.709486186504364,0.4991990327835083
YKL195W,YJL104W,0,0.0034690332,0.1258545070886612,0.709486186504364,0.49929916858673096
YDR065W,YCR093W,0,0.003467895,0.1258324533700943,0.709486186504364,0.4993992745876312
YBR244W,YAR015W,0,0.0034655295,0.1258104145526886,0.709486186504364,0.4994994103908539
YOR245C,YKR026C,0,0.0034574717,0.1257883608341217,0.709486186504364,0.49959951639175415
YIR025W,YNL299W,0,0.0034527741,0.1257663369178772,0.709486186504364,0.4996996521949768
YGR084C,YER029C,0,0.0034527108,0.1257443130016327,0.709486186504364,0.4997997581958771
YPL188W,YGR123C,0,0.0034522573,0.12572228908538818,0.709486186504364,0.49989989399909973
YOR088W,YLL027W,1,0.0034436416,0.1258753538131714,0.7104743123054504,0.49989989399909973
YOR377W,YML033W,0,0.003435535,0.12585331499576569,0.7104743123054504,0.5
YDR139C,YMR266W,0,0.0034294608,0.12583129107952118,0.7104743123054504,0.5001001358032227
YGR026W,YKR097W,0,0.003428056,0.12580926716327667,0.7104743123054504,0.5002002120018005
YOR124C,YNL087W,0,0.0034190156,0.12578725814819336,0.7104743123054504,0.5003003478050232
YBR154C,YML070W,0,0.0034151915,0.12576526403427124,0.7104743123054504,0.5004004836082458
YOL102C,YGR179C,0,0.0034134816,0.12574326992034912,0.7104743123054504,0.5005006194114685
YLR144C,YOR244W,0,0.0034121247,0.125721275806427,0.7104743123054504,0.5006006956100464
YGL224C,YJL115W,0,0.0034066588,0.12569929659366608,0.7104743123054504,0.500700831413269
YMR241W,YDL075W,0,0.0034045782,0.12567733228206635,0.7104743123054504,0.5008009672164917
YEL046C,YCR009C,0,0.0034036785,0.1256553679704666,0.7104743123054504,0.5009011030197144
YNL220W,YLR225C,0,0.0033947127,0.12563340365886688,0.7104743123054504,0.5010011792182922
YJL028W,YCR039C,0,0.0033791726,0.12561145424842834,0.7104743123054504,0.5011013150215149
YAL047C,YDR382W,0,0.003378816,0.125589519739151,0.7104743123054504,0.5012014508247375
YDR170W-A,YLR117C,0,0.0033775456,0.12556758522987366,0.7104743123054504,0.5013015866279602
YMR020W,YBR145W,0,0.00336748,0.1255456656217575,0.7104743123054504,0.5014016628265381
YMR017W,YKL074C,0,0.0033667814,0.12552374601364136,0.7104743123054504,0.5015017986297607
YKR037C,YKL025C,0,0.0033644736,0.1255018264055252,0.7104743123054504,0.5016019344329834
YBL036C,YDL110C,0,0.003351679,0.12547993659973145,0.7104743123054504,0.501702070236206
YNL099C,YDR120C,0,0.0033505233,0.1254580318927765,0.7104743123054504,0.5018021464347839
YCR070W,YNL322C,0,0.0033501496,0.12543614208698273,0.7104743123054504,0.5019022822380066
YMR114C,YMR142C,0,0.003348941,0.12541426718235016,0.7104743123054504,0.5020024180412292
YER110C,YOR284W,0,0.0033466918,0.1253923922777176,0.7104743123054504,0.5021024942398071
YDR451C,YGL183C,0,0.003343301,0.12537053227424622,0.7104743123054504,0.5022026300430298
YMR302C,YHR116W,0,0.003338173,0.12534867227077484,0.7104743123054504,0.5023027658462524
YDL136W,YIL048W,0,0.0033369549,0.12532682716846466,0.7104743123054504,0.5024029016494751
YJR086W,YBL023C,0,0.0033368878,0.12530498206615448,0.7104743123054504,0.502502977848053
YAL044C,YML118W,0,0.0033334028,0.1252831518650055,0.7104743123054504,0.5026031136512756
YOR239W,YOR175C,0,0.0033291597,0.1252613216638565,0.7104743123054504,0.5027032494544983
YOR115C,YKL178C,0,0.0033287033,0.1252395063638687,0.7104743123054504,0.502803385257721
YGR171C,YGL153W,0,0.0033280067,0.12521769106388092,0.7104743123054504,0.5029034614562988
YBR127C,YBR207W,1,0.0033207014,0.12537001073360443,0.7114624381065369,0.5029034614562988
YPR020W,YLR337W,0,0.0033182427,0.12534819543361664,0.7114624381065369,0.5030035972595215
YLR057W,YNR045W,0,0.0033170283,0.12532636523246765,0.7114624381065369,0.5031037330627441
YOR148C,YBR018C,0,0.0033148117,0.12530456483364105,0.7114624381065369,0.5032038688659668
YLR109W,YBL113C,0,0.0033099772,0.12528274953365326,0.7114624381065369,0.5033039450645447
YDR322C-A,YAL021C,0,0.0033091716,0.12526096403598785,0.7114624381065369,0.5034040808677673
YDL165W,YLR088W,0,0.0033029867,0.12523917853832245,0.7114624381065369,0.50350421667099
YGL094C,YFR005C,0,0.0032931156,0.12521739304065704,0.7114624381065369,0.5036043524742126
YMR202W,YMR213W,0,0.0032897945,0.12519562244415283,0.7114624381065369,0.5037044286727905
YDR453C,YGL090W,0,0.0032891394,0.12517385184764862,0.7114624381065369,0.5038045644760132
YCL074W,YDL101C,0,0.003276631,0.1251520961523056,0.7114624381065369,0.5039047002792358
YDR260C,YOR145C,0,0.0032729506,0.12513034045696259,0.7114624381065369,0.5040047764778137
YOR228C,YER131W,0,0.0032708421,0.12510859966278076,0.7114624381065369,0.5041049122810364
YIL082W-A,YIL139C,0,0.0032691257,0.12508685886859894,0.7114624381065369,0.504205048084259
YOL056W,YLR344W,0,0.00326458,0.1250651329755783,0.7114624381065369,0.5043051838874817
YLR212C,YHR026W,0,0.0032553114,0.12504342198371887,0.7114624381065369,0.5044052600860596
YJL138C,YOR326W,0,0.0032523498,0.12502171099185944,0.7114624381065369,0.5045053958892822
YBR160W,YJR034W,0,0.003252335,0.125,0.7114624381065369,0.5046055316925049
YIL015W,YLL032C,0,0.0032456592,0.12497830390930176,0.7114624381065369,0.5047056674957275
YDL193W,YOR215C,0,0.0032444112,0.12495661526918411,0.7114624381065369,0.5048057436943054
YJL014W,YJL154C,0,0.0032417905,0.12493492662906647,0.7114624381065369,0.5049058794975281
YEL063C,YDR147W,0,0.0032388773,0.12491325289011002,0.7114624381065369,0.5050060153007507
YMR033W,YML106W,0,0.003237199,0.12489158660173416,0.7114624381065369,0.5051061511039734
YCR080W,YER091C,0,0.0032371487,0.1248699277639389,0.7114624381065369,0.5052062273025513
YMR302C,YBL091C-A,0,0.003233118,0.12484827637672424,0.7114624381065369,0.5053063631057739
YDR216W,YNL305C,0,0.0032293703,0.12482663244009018,0.7114624381065369,0.5054064989089966
YHR083W,YDR448W,0,0.0032228231,0.12480498850345612,0.7114624381065369,0.5055066347122192
YHR039C-B,YOR106W,0,0.0032096775,0.12478335946798325,0.7114624381065369,0.5056067109107971
YLR283W,YML014W,0,0.0032018628,0.12476173788309097,0.7114624381065369,0.5057068467140198
YDR135C,YBR106W,1,0.003201615,0.12491337209939957,0.7124505639076233,0.5057068467140198
YBL090W,YMR231W,0,0.0031962749,0.1248917356133461,0.7124505639076233,0.5058069825172424
YMR046C,YKL198C,0,0.0031929426,0.12487010657787323,0.7124505639076233,0.5059070587158203
YGR249W,YOR226C,0,0.0031805933,0.12484848499298096,0.7124505639076233,0.506007194519043
YNL329C,YGL173C,0,0.0031802412,0.12482687085866928,0.7124505639076233,0.5061073303222656
YJR149W,YJR161C,0,0.003178399,0.1248052641749382,0.7124505639076233,0.5062074661254883
YOR124C,YCR055C,0,0.0031773243,0.12478366494178772,0.7124505639076233,0.5063075423240662
YDR137W,YDL070W,0,0.0031716265,0.12476207315921783,0.7124505639076233,0.5064076781272888
YNL128W,YMR122W-A,0,0.0031654052,0.12474048137664795,0.7124505639076233,0.5065078139305115
YDR182W,YDR186C,0,0.003148703,0.12471890449523926,0.7124505639076233,0.5066079497337341
YJR006W,YNL245C,0,0.0031483434,0.12469733506441116,0.7124505639076233,0.506708025932312
YKL108W,YPL072W,0,0.0031476077,0.12467577308416367,0.7124505639076233,0.5068081617355347
YGR074W,YER126C,0,0.0031470153,0.12465421855449677,0.7124505639076233,0.5069082975387573
YER169W,YOR293W,0,0.003143657,0.12463267147541046,0.7124505639076233,0.50700843334198
YBR039W,YKL088W,0,0.0031432314,0.12461113184690475,0.7124505639076233,0.5071085095405579
YAR044W,YPL124W,0,0.003142768,0.12458959966897964,0.7124505639076233,0.5072086453437805
YCR097WB,YLR107W,0,0.0031334078,0.12456807494163513,0.7124505639076233,0.5073087811470032
YKL158W,YGR154C,0,0.0031322166,0.12454655021429062,0.7124505639076233,0.5074089169502258
YAL024C,YJR107W,0,0.0031311922,0.1245250403881073,0.7124505639076233,0.5075089931488037
YLL062C,YOR304C-A,0,0.0031261812,0.12450353801250458,0.7124505639076233,0.5076091289520264
YMR025W,YPL081W,0,0.0031256191,0.12448204308748245,0.7124505639076233,0.507709264755249
YOL122C,YCR023C,1,0.0031218575,0.12463317811489105,0.7134387493133545,0.507709264755249
YGR054W,YEL040W,0,0.003116332,0.12461166828870773,0.7134387493133545,0.5078094005584717
YBR241C,YDR473C,0,0.0031131506,0.12459016591310501,0.7134387493133545,0.5079094767570496
YDR363W-A,YOR347C,0,0.0031109694,0.12456867098808289,0.7134387493133545,0.5080096125602722
YCL062W,YER007W,0,0.0031070476,0.12454717606306076,0.7134387493133545,0.5081097483634949
YOR312C,YJR161C,0,0.0031054206,0.12452569603919983,0.7134387493133545,0.5082098245620728
YPL012W,YER044C,0,0.0031035673,0.1245042234659195,0.7134387493133545,0.5083099603652954
YLR446W,YDL080C,0,0.0031034425,0.12448275834321976,0.7134387493133545,0.5084100961685181
YDR248C,YER083C,0,0.0031013675,0.12446130067110062,0.7134387493133545,0.5085102319717407
YLL027W,YIL172C,0,0.0030944124,0.12443985044956207,0.7134387493133545,0.5086103081703186
YOR088W,YER166W,1,0.0030920152,0.12459073215723038,0.7144268751144409,0.5086103081703186
YPL275W,YBR093C,0,0.0030916343,0.12456925958395004,0.7144268751144409,0.5087104439735413
YJR031C,YDR351W,0,0.0030907635,0.1245478019118309,0.7144268751144409,0.5088105797767639
YJR006W,YER048C,0,0.0030849501,0.12452635169029236,0.7144268751144409,0.5089107155799866
YDR291W,YER169W,0,0.003082104,0.12450490891933441,0.7144268751144409,0.5090107917785645
YPL066W,YPL047W,0,0.0030782847,0.12448347359895706,0.7144268751144409,0.5091109275817871
YOR180C,YNR031C,0,0.0030732788,0.12446203827857971,0.7144268751144409,0.5092110633850098
YDR356W,YGL002W,0,0.003070198,0.12444061785936356,0.7144268751144409,0.5093111991882324
YJL125C,YJL111W,0,0.003069073,0.124419204890728,0.7144268751144409,0.5094112753868103
YOR356W,YMR123W,0,0.0030649845,0.12439779937267303,0.7144268751144409,0.509511411190033
YPR104C,YGL084C,0,0.0030619875,0.12437640130519867,0.7144268751144409,0.5096115469932556
YLR391W-A,YPR023C,0,0.00305737,0.1243550032377243,0.7144268751144409,0.5097116827964783
YKL175W,YNL162W,0,0.0030560642,0.12433362007141113,0.7144268751144409,0.5098117589950562
YLR042C,YJR105W,0,0.0030498598,0.12431224435567856,0.7144268751144409,0.5099118947982788
YLR314C,YEL063C,0,0.003048798,0.12429086863994598,0.7144268751144409,0.5100120306015015
YPL112C,YGL249W,0,0.0030446174,0.1242695078253746,0.7144268751144409,0.5101121068000793
YPR152C,YNL289W,0,0.0030364161,0.12424815446138382,0.7144268751144409,0.510212242603302
YJL028W,YJR029W,0,0.0030334443,0.12422680109739304,0.7144268751144409,0.5103123784065247
YGR072W,YOR014W,0,0.0030326564,0.12420546263456345,0.7144268751144409,0.5104125142097473
YJL130C,YDL040C,0,0.00302561,0.12418413162231445,0.7144268751144409,0.5105125904083252
YDR518W,YOL157C,0,0.0030251462,0.12416280061006546,0.7144268751144409,0.5106127262115479
YMR130W,YBR079C,0,0.003014505,0.12414148449897766,0.7144268751144409,0.5107128620147705
YDR496C,YPR079W,0,0.0030106343,0.12412016838788986,0.7144268751144409,0.5108129978179932
YLR264W,YOR212W,0,0.0030099005,0.12409886717796326,0.7144268751144409,0.510913074016571
YPL096C-A,YAR019C,0,0.0030092439,0.12407757341861725,0.7144268751144409,0.5110132098197937
YBR202W,YOR116C,0,0.003004387,0.12405627965927124,0.7144268751144409,0.5111133456230164
YKR045C,YJL046W,0,0.002997445,0.12403500080108643,0.7144268751144409,0.511213481426239
YMR277W,YCR027C,0,0.0029944861,0.12401372194290161,0.7144268751144409,0.5113135576248169
YHL012W,YBR002C,0,0.0029918551,0.1239924505352974,0.7144268751144409,0.5114136934280396
YDR415C,YOR155C,0,0.0029883883,0.12397119402885437,0.7144268751144409,0.5115138292312622
YDL038C,YGR075C,0,0.0029831491,0.12394993752241135,0.7144268751144409,0.5116139650344849
YPR128C,YKR105C,1,0.002980357,0.12410010397434235,0.7154150009155273,0.5116139650344849
YDR117C,YKL064W,0,0.0029770955,0.12407883256673813,0.7154150009155273,0.5117140412330627
YLL009C,YBR012W-A,0,0.0029750331,0.1240575760602951,0.7154150009155273,0.5118141770362854
YBL088C,YNL135C,0,0.0029691868,0.12403631955385208,0.7154150009155273,0.5119143128395081
YER074W-A,YNL322C,0,0.0029679313,0.12401507049798965,0.7154150009155273,0.5120143890380859
YPL163C,YLR419W,0,0.0029679108,0.12399383634328842,0.7154150009155273,0.5121145248413086
YOR244W,YJR076C,0,0.0029665427,0.12397260218858719,0.7154150009155273,0.5122146606445312
YNR018W,YPR081C,0,0.0029561985,0.12395137548446655,0.7154150009155273,0.5123147964477539
YKR086W,YAR018C,0,0.0029491857,0.12393016368150711,0.7154150009155273,0.5124148726463318
YPR128C,YNR060W,1,0.0029448345,0.1240800991654396,0.7164031863212585,0.5124148726463318
YDL008W,YJL051W,0,0.0029338934,0.12405886501073837,0.7164031863212585,0.5125150084495544
YML040W,YBL041W,0,0.0029270556,0.12403763830661774,0.7164031863212585,0.5126151442527771
YJR010W,YNL146W,0,0.0029266123,0.1240164190530777,0.7164031863212585,0.5127152800559998
YPR022C,YGL095C,0,0.002925029,0.12399521470069885,0.7164031863212585,0.5128153562545776
YCR080W,YBL090W,0,0.0029147658,0.12397401034832001,0.7164031863212585,0.5129154920578003
YGL178W,YNL185C,0,0.0029145274,0.12395281344652176,0.7164031863212585,0.513015627861023
YJL178C,YDR479C,0,0.0029077902,0.12393162399530411,0.7164031863212585,0.5131157636642456
YFL035C,YJR034W,0,0.0029071448,0.12391044199466705,0.7164031863212585,0.5132158398628235
YOR020C,YMR276W,0,0.0029020496,0.1238892674446106,0.7164031863212585,0.5133159756660461
YKL092C,YHR099W,0,0.002896749,0.12386810034513474,0.7164031863212585,0.5134161114692688
YER011W,YDR265W,0,0.0028966814,0.12384694069623947,0.7164031863212585,0.5135162472724915
YFR032C-A,YKL190W,0,0.0028944872,0.1238257884979248,0.7164031863212585,0.5136163234710693
YOR383C,YPR201W,1,0.0028916337,0.12397541105747223,0.717391312122345,0.5136163234710693
YML085C,YPL194W,0,0.0028852783,0.12395424395799637,0.717391312122345,0.513716459274292
YDR448W,YBR159W,0,0.002882611,0.1239330843091011,0.717391312122345,0.5138165950775146
YLR268W,YDL017W,0,0.0028779316,0.12391193211078644,0.717391312122345,0.5139166712760925
YIR007W,YJR051W,0,0.0028760224,0.12389078736305237,0.717391312122345,0.5140168070793152
YJL165C,YJR053W,0,0.0028759018,0.1238696500658989,0.717391312122345,0.5141169428825378
YCL062W,YJL011C,0,0.0028753877,0.12384851276874542,0.717391312122345,0.5142170786857605
YIL112W,YJR015W,0,0.0028747972,0.12382739037275314,0.717391312122345,0.5143171548843384
YBR006W,YGR123C,0,0.0028714426,0.12380627542734146,0.717391312122345,0.514417290687561
YMR221C,YCL055W,0,0.002865238,0.12378516793251038,0.717391312122345,0.5145174264907837
YHL008C,YCR024C-A,1,0.0028630225,0.1239345371723175,0.7183794379234314,0.5145174264907837
YNL065W,YML081C-A,1,0.0028608274,0.12408386170864105,0.7193675637245178,0.5145174264907837
YIL134W,YDR446W,0,0.0028510224,0.12406270951032639,0.7193675637245178,0.5146175622940063
YNL311C,YLR225C,0,0.002848532,0.12404157221317291,0.7193675637245178,0.5147176384925842
YBR155W,YJL213W,0,0.0028464776,0.12402044236660004,0.7193675637245178,0.5148177742958069
YBR058C-A,YML112W,0,0.0028399304,0.12399931997060776,0.7193675637245178,0.5149179100990295
YPR001W,YKR105C,0,0.0028385213,0.12397820502519608,0.7193675637245178,0.5150180459022522
YNR015W,YLR151C,0,0.0028371215,0.1239570900797844,0.7193675637245178,0.5151181221008301
YOR232W,YDL170W,0,0.0028262697,0.1239359900355339,0.7193675637245178,0.5152182579040527
YKL017C,YPR132W,0,0.002822793,0.12391488999128342,0.7193675637245178,0.5153183937072754
YBL009W,YLL061W,0,0.002821885,0.12389380484819412,0.7193675637245178,0.515418529510498
YKL154W,YHR168W,0,0.0028184205,0.12387272715568542,0.7193675637245178,0.5155186057090759
YIL093C,YOR354C,0,0.0028159544,0.12385164946317673,0.7193675637245178,0.5156187415122986
YDR347W,YCR069W,0,0.0028134007,0.12383058667182922,0.7193675637245178,0.5157188773155212
YNL086W,YDR512C,0,0.0028126538,0.12380952388048172,0.7193675637245178,0.5158189535140991
YGR145W,YDR320C-A,0,0.0028037252,0.12378846853971481,0.7193675637245178,0.5159190893173218
YBR217W,YJL153C,0,0.0028010197,0.1237674281001091,0.7193675637245178,0.5160192251205444
YLR157C,YNL272C,0,0.0027918331,0.12374638766050339,0.7193675637245178,0.5161193609237671
YKL167C,YOR162C,0,0.0027907006,0.12372535467147827,0.7193675637245178,0.516219437122345
YJR138W,YML025C,0,0.0027900282,0.12370433658361435,0.7193675637245178,0.5163195729255676
YDL008W,YPR145W,0,0.0027895235,0.12368331849575043,0.7193675637245178,0.5164197087287903
YDL002C,YDR312W,0,0.0027881674,0.1236623078584671,0.7193675637245178,0.5165198445320129
YOR291W,YJL094C,1,0.0027867844,0.12381114065647125,0.720355749130249,0.5165198445320129
YDR506C,YMR177W,1,0.0027816761,0.12395992875099182,0.7213438749313354,0.5165198445320129
YML030W,YNL091W,0,0.0027774964,0.12393888086080551,0.7213438749313354,0.5166199207305908
YHR010W,YCL018W,0,0.0027733706,0.1239178404211998,0.7213438749313354,0.5167200565338135
YOL142W,YGR221C,0,0.0027725324,0.12389680743217468,0.7213438749313354,0.5168201923370361
YML037C,YDL002C,0,0.0027713068,0.12387578189373016,0.7213438749313354,0.5169203281402588
YFR032C-A,YFL034C-A,0,0.0027704686,0.12385477125644684,0.7213438749313354,0.5170204043388367
YDR310C,YDR424C,0,0.0027659014,0.12383376061916351,0.7213438749313354,0.5171205401420593
YGL060W,YDR520C,0,0.0027652942,0.12381275743246078,0.7213438749313354,0.517220675945282
YDL077C,YDR109C,0,0.002761064,0.12379176169633865,0.7213438749313354,0.5173208117485046
YGL099W,YJR158W,0,0.002760671,0.12377077341079712,0.7213438749313354,0.5174208879470825
YDR044W,YJR053W,0,0.0027563637,0.12374978512525558,0.7213438749313354,0.5175210237503052
YGR098C,YER027C,0,0.002754448,0.12372881174087524,0.7213438749313354,0.5176211595535278
YGR152C,YMR021C,0,0.0027525015,0.1237078458070755,0.7213438749313354,0.5177212357521057
YKL220C,YJR095W,1,0.0027501024,0.123856320977211,0.7223320007324219,0.5177212357521057
YML081C-A,YCR023C,1,0.0027485434,0.12400474399328232,0.7233201861381531,0.5177212357521057
YKL064W,YOR334W,1,0.0027477816,0.12415311485528946,0.7243083119392395,0.5177212357521057
YLR096W,YDL194W,0,0.0027475748,0.12413208931684494,0.7243083119392395,0.5178213715553284
YDR043C,YPL016W,0,0.002746053,0.12411107122898102,0.7243083119392395,0.517921507358551
YJL118W,YBL060W,0,0.0027415156,0.12409006059169769,0.7243083119392395,0.5180216431617737
YJR078W,YKL008C,0,0.0027398951,0.12406905740499496,0.7243083119392395,0.5181217193603516
YDR448W,YMR159C,0,0.002737673,0.12404806166887283,0.7243083119392395,0.5182218551635742
YDL146W,YER075C,0,0.0027355645,0.1240270733833313,0.7243083119392395,0.5183219909667969
YAL005C,YAR007C,0,0.0027348623,0.12400609254837036,0.7243083119392395,0.5184221267700195
YMR121C,YBL099W,0,0.0027307644,0.12398511171340942,0.7243083119392395,0.5185222029685974
YJR043C,YBR111W-A,0,0.0027132574,0.12396414577960968,0.7243083119392395,0.5186223387718201
YIL132C,YGL172W,0,0.0027088532,0.12394318729639053,0.7243083119392395,0.5187224745750427
YLL015W,YOR381W,1,0.0026987717,0.12409128993749619,0.7252964377403259,0.5187224745750427
YML049C,YKR102W,0,0.00269611,0.12407031655311584,0.7252964377403259,0.5188226103782654
YCL031C,YKR055W,0,0.0026912512,0.1240493506193161,0.7252964377403259,0.5189226865768433
YLR210W,YDR466W,0,0.0026835464,0.12402838468551636,0.7252964377403259,0.5190228223800659
YLR438C-A,YGL133W,0,0.0026706578,0.12400743365287781,0.7252964377403259,0.5191229581832886
YPL036W,YDL185W,1,0.0026628543,0.12415540218353271,0.7262845635414124,0.5191229581832886
YNL220W,YIL017W,0,0.0026626661,0.12413443624973297,0.7262845635414124,0.5192230939865112
YML081C-A,YOR192C,1,0.0026613632,0.1242823377251625,0.7272727489471436,0.5192230939865112
YAL038W,YML033W,0,0.0026613139,0.12426135689020157,0.7272727489471436,0.5193231701850891
YKL210W,YOL026C,0,0.002659265,0.12424037605524063,0.7272727489471436,0.5194233059883118
YMR266W,YHL019C,0,0.002656199,0.12421941012144089,0.7272727489471436,0.5195234417915344
YIR007W,YBR152W,0,0.002650559,0.12419844418764114,0.7272727489471436,0.5196235775947571
YIR013C,YLR182W,0,0.0026463624,0.1241774931550026,0.7272727489471436,0.519723653793335
YPL164C,YMR184W,0,0.0026454031,0.12415654212236404,0.7272727489471436,0.5198237895965576
YGL071W,YBR069C,1,0.00264295,0.12430426478385925,0.72826087474823,0.5198237895965576
YHR101C,YMR306W,0,0.0026409524,0.1242833063006401,0.72826087474823,0.5199239253997803
YAR002C-A,YGL237C,0,0.0026368434,0.12426234781742096,0.72826087474823,0.5200240015983582
YMR134W,YJR029W,0,0.0026333658,0.124241404235363,0.72826087474823,0.5201241374015808
YAL008W,YHR025W,0,0.0026312284,0.12422046065330505,0.72826087474823,0.5202242732048035
YMR142C,YBL093C,0,0.0026311502,0.1241995245218277,0.72826087474823,0.5203244090080261
YLR309C,YNR074C,0,0.0026311097,0.12417860329151154,0.72826087474823,0.520424485206604
YGL237C,YJL176C,0,0.0026291525,0.12415768206119537,0.72826087474823,0.5205246210098267
YER140W,YBL068W,0,0.002628632,0.12413676828145981,0.72826087474823,0.5206247568130493
YCR012W,YDR379W,0,0.0026245248,0.12411586195230484,0.72826087474823,0.520724892616272
YGL181W,YGR218W,0,0.0026222821,0.12409496307373047,0.72826087474823,0.5208249688148499
YIL017W,YOR128C,0,0.0026193215,0.1240740716457367,0.72826087474823,0.5209251046180725
YJL210W,YLR419W,0,0.0026187496,0.12405318766832352,0.72826087474823,0.5210252404212952
YER087C-B,YBL034C,0,0.0026177187,0.12403231114149094,0.72826087474823,0.5211253762245178
YNL163C,YJL111W,0,0.0026162714,0.12401144206523895,0.72826087474823,0.5212254524230957
YNR028W,YDR090C,0,0.0026070783,0.12399058043956757,0.72826087474823,0.5213255882263184
YHR123W,YBR001C,0,0.0026048757,0.12396971881389618,0.72826087474823,0.521425724029541
YLL039C,YGR041W,0,0.002601481,0.12394887208938599,0.72826087474823,0.5215258598327637
YJR060W,YDR151C,0,0.002596695,0.12392803281545639,0.72826087474823,0.5216259360313416
YLR433C,YBR198C,0,0.0025965292,0.1239071935415268,0.72826087474823,0.5217260718345642
YBR241C,YDL059C,0,0.0025950223,0.12388636916875839,0.72826087474823,0.5218262076377869
YFL004W,YGR231C,0,0.0025873631,0.12386554479598999,0.72826087474823,0.5219262838363647
YDR449C,YLR337W,0,0.0025835289,0.12384473532438278,0.72826087474823,0.5220264196395874
YDL156W,YCR020W-B,0,0.002581921,0.12382392585277557,0.72826087474823,0.5221265554428101
YDL206W,YHL040C,1,0.0025812984,0.12397110462188721,0.7292490005493164,0.5221265554428101
YJL063C,YGR092W,0,0.0025799815,0.1239502876996994,0.7292490005493164,0.5222266912460327
YKR006C,YOL139C,0,0.002577668,0.1239294707775116,0.7292490005493164,0.5223267674446106
YDL078C,YCL026C-B,0,0.0025767367,0.12390866130590439,0.7292490005493164,0.5224269032478333
YNL326C,YNL147W,0,0.0025753677,0.12388786673545837,0.7292490005493164,0.5225270390510559
YOR284W,YPL232W,0,0.002573382,0.12386707216501236,0.7292490005493164,0.5226271748542786
YER151C,YMR112C,0,0.0025706217,0.12384628504514694,0.7292490005493164,0.5227272510528564
YML032C,YJR032W,0,0.0025703278,0.12382550537586212,0.7292490005493164,0.5228273868560791
YDR130C,YJL178C,0,0.002570292,0.1238047331571579,0.7292490005493164,0.5229275226593018
YER185W,YML051W,0,0.0025636964,0.12378396838903427,0.7292490005493164,0.5230276584625244
YGL253W,YJL113W,0,0.0025611427,0.12376320362091064,0.7292490005493164,0.5231277346611023
YBR276C,YNL310C,0,0.0025529815,0.12374245375394821,0.7292490005493164,0.523227870464325
YKL096W-A,YER035W,0,0.002549041,0.12372171133756638,0.7292490005493164,0.5233280062675476
YNL186W,YLR132C,0,0.0025465041,0.12370096892118454,0.7292490005493164,0.5234281420707703
YDR470C,YBR235W,0,0.0025443956,0.1236802414059639,0.7292490005493164,0.5235282182693481
YOR224C,YLR419W,0,0.002542816,0.12365951389074326,0.7292490005493164,0.5236283540725708
YGR255C,YDR533C,0,0.0025422089,0.12363880127668381,0.7292490005493164,0.5237284898757935
YOR066W,YDR307W,0,0.0025385339,0.12361808866262436,0.7292490005493164,0.5238285660743713
YNR056C,YNR013C,0,0.0025368743,0.1235973909497261,0.7292490005493164,0.523928701877594
YLR205C,YDR054C,0,0.0025358088,0.12357669323682785,0.7292490005493164,0.5240288376808167
YLR286C,YMR300C,0,0.0025344677,0.12355600297451019,0.7292490005493164,0.5241289734840393
YNR021W,YML099C,0,0.0025335234,0.12353532016277313,0.7292490005493164,0.5242290496826172
YDR020C,YBR198C,0,0.002530368,0.12351464480161667,0.7292490005493164,0.5243291854858398
YML006C,YOL008W,0,0.0025284924,0.1234939768910408,0.7292490005493164,0.5244293212890625
YGR287C,YKL176C,0,0.002520068,0.12347331643104553,0.7292490005493164,0.5245294570922852
YDR418W,YLL022C,0,0.002517905,0.12345266342163086,0.7292490005493164,0.524629533290863
YDR383C,YOR283W,0,0.002511289,0.12343201041221619,0.7292490005493164,0.5247296690940857
YAR027W,YDR501W,0,0.0025100447,0.12341137230396271,0.7292490005493164,0.5248298048973083
YPR011C,YDR423C,0,0.002508955,0.12339073419570923,0.7292490005493164,0.524929940700531
YOR378W,YOR162C,0,0.0025085844,0.12337011098861694,0.7292490005493164,0.5250300168991089
YNR023W,YPR162C,0,0.0025073849,0.12334948778152466,0.7292490005493164,0.5251301527023315
YLR042C,YIL017C,0,0.0025067553,0.12332887947559357,0.7292490005493164,0.5252302885055542
YNL202W,YKR045C,0,0.002506055,0.12330827116966248,0.7292490005493164,0.5253304243087769
YIL093C,YAL014C,0,0.0025056638,0.12328767031431198,0.7292490005493164,0.5254305005073547
YLR298C,YJL011C,0,0.0025028288,0.12326707690954208,0.7292490005493164,0.5255306363105774
YOR303W,YLR391W,0,0.002499234,0.12324649095535278,0.7292490005493164,0.5256307721138
YIL017W,YLR395C,0,0.002494373,0.12322591245174408,0.7292490005493164,0.5257308483123779
YLR467W,YML037C,0,0.0024932534,0.12320534139871597,0.7292490005493164,0.5258309841156006
YOL045W,YER174C,0,0.0024902187,0.12318477779626846,0.7292490005493164,0.5259311199188232
YNL229C,YKL113C,0,0.0024901908,0.12316422164440155,0.7292490005493164,0.5260312557220459
YOR106W,YKL082C,0,0.0024883673,0.12314366549253464,0.7292490005493164,0.5261313319206238
YGL229C,YDR062W,0,0.00248483,0.12312312424182892,0.7292490005493164,0.5262314677238464
YGR207C,YOL072W,0,0.002476925,0.1231025829911232,0.7292490005493164,0.5263316035270691
YEL031W,YGR191W,1,0.0024759155,0.12324883043766022,0.7302371263504028,0.5263316035270691
YHR102W,YJR098C,0,0.002475204,0.1232282817363739,0.7302371263504028,0.5264317393302917
YDL140C,YJR077C,0,0.0024746777,0.12320773303508759,0.7302371263504028,0.5265318155288696
YCL057C-A,YPR111W,0,0.0024711639,0.12318719923496246,0.7302371263504028,0.5266319513320923
YIL109C,YPL019C,0,0.0024695243,0.12316666543483734,0.7302371263504028,0.5267320871353149
YBR008C,YOR058C,0,0.0024681557,0.12314613908529282,0.7302371263504028,0.5268322229385376
YFL041W,YDR283C,0,0.002460516,0.12312562763690948,0.7302371263504028,0.5269322991371155
YDL194W,YAL040C,0,0.0024595596,0.12310511618852615,0.7302371263504028,0.5270324349403381
YIR036C,YPL122C,0,0.0024547037,0.12308461219072342,0.7302371263504028,0.5271325707435608
YIL177C,YPL011C,0,0.002453925,0.12306411564350128,0.7302371263504028,0.5272327065467834
YMR034C,YER053C,1,0.0024525635,0.1232101246714592,0.731225311756134,0.5272327065467834
YOR222W,YNL239W,0,0.0024524983,0.12318961322307587,0.731225311756134,0.5273327827453613
YPR005C,YJR067C,0,0.0024456256,0.12316910922527313,0.731225311756134,0.527432918548584
YJR110W,YGR013W,0,0.0024417788,0.123148612678051,0.731225311756134,0.5275330543518066
YKL195W,YOR361C,0,0.0024400726,0.12312811613082886,0.731225311756134,0.5276331305503845
YPL055C,YAL040C,0,0.002433084,0.12310763448476791,0.731225311756134,0.5277332663536072
YGL163C,YIR038C,0,0.0024309624,0.12308716028928757,0.731225311756134,0.5278334021568298
YPL084W,YHR063C,0,0.0024246238,0.12306668609380722,0.731225311756134,0.5279335379600525
YBR158W,YJL128C,0,0.0024212468,0.12304622679948807,0.731225311756134,0.5280336141586304
YJL028W,YHR196W,0,0.00241879,0.12302576750516891,0.731225311756134,0.528133749961853
YLR295C,YGL006W,1,0.0024102163,0.12317154556512833,0.7322134375572205,0.528133749961853
YMR087W,YGL130W,0,0.0024030842,0.12315107136964798,0.7322134375572205,0.5282338857650757
YGR037C,YNL090W,0,0.0024027452,0.12313060462474823,0.7322134375572205,0.5283340215682983
YLL005C,YBL102W,0,0.0024018902,0.12311015278100967,0.7322134375572205,0.5284340977668762
YNR063W,YBR070C,0,0.0023988467,0.12308970093727112,0.7322134375572205,0.5285342335700989
YBR058C-A,YML093W,0,0.0023964895,0.12306925654411316,0.7322134375572205,0.5286343693733215
YDL028C,YPL196W,0,0.0023942478,0.1230488196015358,0.7322134375572205,0.5287345051765442
YPL246C,YHR089C,0,0.0023942068,0.12302839010953903,0.7322134375572205,0.5288345813751221
YKR010C,YJL019W,0,0.0023925928,0.12300796806812286,0.7322134375572205,0.5289347171783447
YBR141C,YLR132C,0,0.0023924783,0.12298755347728729,0.7322134375572205,0.5290348529815674
YGR271W,YOL003C,0,0.0023908354,0.12296713888645172,0.7322134375572205,0.52913498878479
YDR486C,YLR183C,0,0.0023892946,0.12294673919677734,0.7322134375572205,0.5292350649833679
YPR022C,YDR533C,0,0.0023850016,0.12292634695768356,0.7322134375572205,0.5293352007865906
YMR296C,YML062C,0,0.0023793466,0.12290595471858978,0.7322134375572205,0.5294353365898132
YCR020W-B,YKL200C,0,0.0023763953,0.1228855699300766,0.7322134375572205,0.5295354127883911
YPL177C,YPR018W,0,0.0023626713,0.12286520004272461,0.7322134375572205,0.5296355485916138
YJR130C,YGR067C,0,0.0023528694,0.12284483015537262,0.7322134375572205,0.5297356843948364
YDR180W,YKL103C,0,0.002338592,0.12282446771860123,0.7322134375572205,0.5298358201980591
YDR534C,YLR138W,1,0.0023322627,0.12296983599662781,0.7332015633583069,0.5298358201980591
YGR281W,YPL160W,0,0.002326237,0.12294945865869522,0.7332015633583069,0.529935896396637
YGR161C-C,YNL009W,0,0.0023220396,0.12292908877134323,0.7332015633583069,0.5300360321998596
YOL077W-A,YAR010C,0,0.002322034,0.12290872633457184,0.7332015633583069,0.5301361680030823
YGR207C,YLR274W,0,0.0023212535,0.12288837134838104,0.7332015633583069,0.5302363038063049
YGR161C-C,YDR450W,0,0.0023210794,0.12286802381277084,0.7332015633583069,0.5303363800048828
YGR144W,YJL210W,0,0.0023203706,0.12284768372774124,0.7332015633583069,0.5304365158081055
YLR266C,YLR157C-B,0,0.0023200973,0.12282734364271164,0.7332015633583069,0.5305366516113281
YDL061C,YLR201C,0,0.0023191655,0.12280701845884323,0.7332015633583069,0.5306367874145508
YNR002C,YLR410W-A,0,0.00231791,0.12278669327497482,0.7332015633583069,0.5307368636131287
YCL069W,YOL034W,0,0.0023173029,0.12276638299226761,0.7332015633583069,0.5308369994163513
YHR008C,YDR210W-B,0,0.0023157024,0.1227460727095604,0.7332015633583069,0.530937135219574
YNL054W-B,YOR344C,0,0.0023152619,0.12272576987743378,0.7332015633583069,0.5310372710227966
YHL009W-B,YBR068C,0,0.0023145727,0.12270547449588776,0.7332015633583069,0.5311373472213745
YKL212W,YDR210C-C,0,0.002314371,0.12268518656492233,0.7332015633583069,0.5312374830245972
YLR410W-B,YLR414C,0,0.002313782,0.1226649060845375,0.7332015633583069,0.5313376188278198
YDR210W-A,YAL058W,0,0.002310832,0.12264462560415268,0.7332015633583069,0.5314377546310425
YLR256W-A,YDR312W,0,0.0023095268,0.12262436002492905,0.7332015633583069,0.5315378308296204
YPL172C,YDL115C,0,0.0023080744,0.12260409444570541,0.7332015633583069,0.531637966632843
YMR137C,YJL138C,0,0.0023080492,0.12258384376764297,0.7332015633583069,0.5317381024360657
YOR192C-B,YER088C,0,0.002302914,0.12256359308958054,0.7332015633583069,0.5318381786346436
YOL115W,YDR511W,0,0.0023028478,0.1225433498620987,0.7332015633583069,0.5319383144378662
YLL051C,YDR210W-B,0,0.0023025512,0.12252311408519745,0.7332015633583069,0.5320384502410889
YDL212W,YGR038C-A,0,0.0023022424,0.1225028857588768,0.7332015633583069,0.5321385860443115
YOR142W-A,YDL029W,0,0.002302006,0.12248266488313675,0.7332015633583069,0.5322386622428894
YFL002W-B,YGR104C,0,0.0023016036,0.1224624514579773,0.7332015633583069,0.5323387980461121
YPR158W-A,YNR018W,0,0.0023015966,0.12244224548339844,0.7332015633583069,0.5324389338493347
YMR008C,YPL257W-A,0,0.0023015593,0.12242203950881958,0.7332015633583069,0.5325390696525574
YML104C,YPL211W,0,0.0022983374,0.12240184843540192,0.7332015633583069,0.5326391458511353
YJR032W,YPR137C-B,0,0.0022976068,0.12238165736198425,0.7332015633583069,0.5327392816543579
YDR363W,YNL099C,0,0.0022962838,0.12236148118972778,0.7332015633583069,0.5328394174575806
YGL133W,YPL259C,0,0.0022954196,0.12234130501747131,0.7332015633583069,0.5329395532608032
YOL115W,YPR032W,0,0.0022940193,0.12232113629579544,0.7332015633583069,0.5330396294593811
YDR261C-C,YDL110C,0,0.0022906624,0.12230097502470016,0.7332015633583069,0.5331397652626038
YGR096W,YDL206W,1,0.002290094,0.12244561314582825,0.7341897487640381,0.5331397652626038
YBR234C,YHR119W,0,0.002289459,0.12242544442415237,0.7341897487640381,0.5332399010658264
YPR196W,YDR261W-B,0,0.0022883075,0.1224052682518959,0.7341897487640381,0.5333400368690491
YHR124W,YFR005C,0,0.0022869832,0.12238510698080063,0.7341897487640381,0.533440113067627
YDR261C-D,YOR028C,0,0.0022819368,0.12236495316028595,0.7341897487640381,0.5335402488708496
YLR154W-A,YDR307W,0,0.0022818954,0.12234480679035187,0.7341897487640381,0.5336403846740723
YFL011W-A,YPR011C,0,0.0022818954,0.12232466042041779,0.7341897487640381,0.5337404608726501
YDR056C,YNL284C-A,0,0.0022818954,0.1223045289516449,0.7341897487640381,0.5338405966758728
YBL101W-B,YKL025C,0,0.0022818954,0.12228439748287201,0.7341897487640381,0.5339407324790955
YBL036C,YNL024C-A,0,0.0022818954,0.12226427346467972,0.7341897487640381,0.5340408682823181
YER137C,YGR038C-B,0,0.0022818954,0.12224415689706802,0.7341897487640381,0.534140944480896
YML045W-A,YMR164C,0,0.0022818954,0.12222404778003693,0.7341897487640381,0.5342410802841187
YKL073W,YBL008W-A,0,0.0022818954,0.12220394611358643,0.7341897487640381,0.5343412160873413
YMR202W,YBL008W-A,0,0.0022818954,0.12218385189771652,0.7341897487640381,0.534441351890564
YDR341C,YLR391W-A,0,0.0022818954,0.12216376513242722,0.7341897487640381,0.5345414280891418
YDR208W,YER159C-A,0,0.0022818954,0.12214367836713791,0.7341897487640381,0.5346415638923645
YHR214W-G,YHR215W,0,0.0022818954,0.1221236065030098,0.7341897487640381,0.5347416996955872
YCL026C-B,YNL024C-A,0,0.0022818954,0.12210353463888168,0.7341897487640381,0.5348418354988098
YEL016C,YOR343C-B,0,0.0022818954,0.12208347022533417,0.7341897487640381,0.5349419116973877
YMR170C,YLR157C-A,0,0.0022818954,0.12206341326236725,0.7341897487640381,0.5350420475006104
YDL056W,YNL024C-A,0,0.0022818954,0.12204336374998093,0.7341897487640381,0.535142183303833
YOR142W-B,YKL182W,0,0.0022818954,0.1220233216881752,0.7341897487640381,0.5352423191070557
YMR039C,YNL024C-A,0,0.0022818954,0.12200328707695007,0.7341897487640381,0.5353423953056335
YLR157C-A,YMR137C,0,0.0022818954,0.12198325246572495,0.7341897487640381,0.5354425311088562
YHR214W-G,YOL147C,0,0.0022818954,0.12196323275566101,0.7341897487640381,0.5355426669120789
YOR142W-A,YMR122W-A,0,0.0022818954,0.12194321304559708,0.7341897487640381,0.5356427431106567
YLR157C-A,YGL050W,0,0.0022818954,0.12192320078611374,0.7341897487640381,0.5357428789138794
YDR524C-B,YKR105C,0,0.0022818954,0.121903195977211,0.7341897487640381,0.535843014717102
YHL009W-B,YKL158W,0,0.0022818954,0.12188319861888885,0.7341897487640381,0.5359431505203247
YBR126C,YBL101W-B,0,0.0022818954,0.12186320871114731,0.7341897487640381,0.5360432267189026
YBL101W-B,YLR145W,0,0.0022818954,0.12184322625398636,0.7341897487640381,0.5361433625221252
YGL032C,YNL284C-A,0,0.0022818954,0.121823251247406,0.7341897487640381,0.5362434983253479
YDR014W-A,YNL046W,0,0.0022818954,0.12180327624082565,0.7341897487640381,0.5363436341285706
YDR524C-B,YJR001W,0,0.0022818954,0.1217833161354065,0.7341897487640381,0.5364437103271484
YNL024C-A,YPR032W,0,0.0022818954,0.12176335602998734,0.7341897487640381,0.5365438461303711
YDR014W-A,YPR140W,0,0.0022818954,0.12174340337514877,0.7341897487640381,0.5366439819335938
YBL101W-B,YGL121C,0,0.0022818954,0.12172345817089081,0.7341897487640381,0.5367441177368164
YIR013C,YBL008W-A,0,0.0022818954,0.12170352041721344,0.7341897487640381,0.5368441939353943
YAL031C,YLR157C-A,0,0.0022818954,0.12168359011411667,0.7341897487640381,0.5369443297386169
YGL141W,YOR343W-B,0,0.0022818954,0.1216636672616005,0.7341897487640381,0.5370444655418396
YBL029C-A,YGL128C,0,0.0022818954,0.12164374440908432,0.7341897487640381,0.5371446013450623
YBR126C,YBL101W-A,0,0.0022818954,0.12162383645772934,0.7341897487640381,0.5372446775436401
YHR214W-G,YDR489W,0,0.0022818954,0.12160392850637436,0.7341897487640381,0.5373448133468628
YCL048W-A,YER125W,0,0.0022818954,0.12158402800559998,0.7341897487640381,0.5374449491500854
YDR014W-A,YHR059W,0,0.0022818954,0.12156413495540619,0.7341897487640381,0.5375450253486633
YNL236W,YDR210W-D,0,0.0022818954,0.121544249355793,0.7341897487640381,0.537645161151886
YHL009W-A,YPL123C,0,0.0022818954,0.1215243712067604,0.7341897487640381,0.5377452969551086
YPL189C-A,YOR131C,0,0.0022818954,0.12150450050830841,0.7341897487640381,0.5378454327583313
YBL029C-A,YDR331W,0,0.0022818954,0.12148462980985641,0.7341897487640381,0.5379455089569092
YCL048W-A,YOL124C,0,0.0022818954,0.12146477401256561,0.7341897487640381,0.5380456447601318
YAR070W-A,YJL063C,0,0.0022818954,0.12144491821527481,0.7341897487640381,0.5381457805633545
YNL229C,YCL048W-A,0,0.0022818954,0.1214250698685646,0.7341897487640381,0.5382459163665771
YFL001W,YBL101W-A,0,0.0022818954,0.121405228972435,0.7341897487640381,0.538345992565155
YNL093W,YML045W-A,0,0.0022818954,0.12138539552688599,0.7341897487640381,0.5384461283683777
YDR392W,YAR070W-A,0,0.0022818954,0.12136556953191757,0.7341897487640381,0.5385462641716003
YHR214W-G,YOR340C,0,0.0022818954,0.12134574353694916,0.7341897487640381,0.538646399974823
YDR014W-A,YLL002W,0,0.0022818954,0.12132593244314194,0.7341897487640381,0.5387464761734009
YDR056C,YML045W-A,0,0.0022818954,0.12130612134933472,0.7341897487640381,0.5388466119766235
YLR410W-A,YOL053C-A,0,0.0022818954,0.1212863177061081,0.7341897487640381,0.5389467477798462
YNL024C-A,YBR290W,0,0.0022818954,0.12126652151346207,0.7341897487640381,0.5390468835830688
YOL018C,YNL024C-A,0,0.0022818954,0.12124673277139664,0.7341897487640381,0.5391469597816467
YDR261W-A,YCL048W-A,0,0.0022818954,0.1212269514799118,0.7341897487640381,0.5392470955848694
YOR343C-B,YLR132C,0,0.0022818954,0.12120717763900757,0.7341897487640381,0.539347231388092
YKL092C,YBL029C-A,0,0.0022818954,0.12118741124868393,0.7341897487640381,0.5394473075866699
YLR391W-A,YPL150W,0,0.0022818954,0.12116764485836029,0.7341897487640381,0.5395474433898926
YOR142W-B,YHR039C-B,0,0.0022818954,0.12114788591861725,0.7341897487640381,0.5396475791931152
YOR192C-B,YDL206W,0,0.0022818954,0.1211281418800354,0.7341897487640381,0.5397477149963379
YPR006C,YLR157C-A,0,0.0022818954,0.12110839784145355,0.7341897487640381,0.5398477911949158
YHL009W-A,YDL171C,0,0.0022818954,0.1210886538028717,0.7341897487640381,0.5399479269981384
YDR210W-D,YBL004W,0,0.0022818954,0.12106892466545105,0.7341897487640381,0.5400480628013611
YDR381C-A,YIL108W,0,0.0022818954,0.12104920297861099,0.7341897487640381,0.5401481986045837
YDL038C,YIL168W,0,0.0022818954,0.12102948129177094,0.7341897487640381,0.5402482748031616
YNL284C-A,YGL017W,0,0.0022818954,0.12100977450609207,0.7341897487640381,0.5403484106063843
YLR391W-A,YOR283W,0,0.0022818954,0.12099006772041321,0.7341897487640381,0.5404485464096069
YLR297W,YBL101W-A,0,0.0022818954,0.12097036838531494,0.7341897487640381,0.5405486822128296
YGR034W,YDR014W-A,0,0.0022818954,0.12095067650079727,0.7341897487640381,0.5406487584114075
YJR058C,YLR157C-A,0,0.0022818954,0.1209309920668602,0.7341897487640381,0.5407488942146301
YHL009W-A,YLR262C,0,0.0022818954,0.12091130763292313,0.7341897487640381,0.5408490300178528
YFL035C,YIL108W,0,0.0022818954,0.12089163810014725,0.7341897487640381,0.5409491658210754
YDR381C-A,YER159C-A,0,0.0022818954,0.12087196856737137,0.7341897487640381,0.5410492420196533
YCL048W-A,YJR101W,0,0.0022818954,0.12085230648517609,0.7341897487640381,0.541149377822876
YBL101W-B,YDL161W,0,0.0022818954,0.120832659304142,0.7341897487640381,0.5412495136260986
YBR074W,YOL053C-A,0,0.0022818954,0.12081300467252731,0.7341897487640381,0.5413495898246765
YLR278C,YOR343C-B,0,0.0022818954,0.12079336494207382,0.7341897487640381,0.5414497256278992
YAR070W-A,YIL128W,0,0.0022818954,0.12077373266220093,0.7341897487640381,0.5415498614311218
YBL029C-A,YLR380W,0,0.0022818954,0.12075410038232803,0.7341897487640381,0.5416499972343445
YDR524C-B,YLR287C-A,0,0.0022818954,0.12073448300361633,0.7341897487640381,0.5417500734329224
YOL138C,YDR210W-D,0,0.0022818954,0.12071486562490463,0.7341897487640381,0.541850209236145
YJL047C,YPL257W-A,0,0.0022818954,0.12069525569677353,0.7341897487640381,0.5419503450393677
YJL012C-A,YDL206W,0,0.0022818954,0.12067565321922302,0.7341897487640381,0.5420504808425903
YHL008C,YCL005W-A,1,0.0022818954,0.12081845104694366,0.7351778745651245,0.5420504808425903
YLL042C,YCL048W-A,0,0.0022818954,0.12079883366823196,0.7351778745651245,0.5421505570411682
YDR027C,YBL101W-A,0,0.0022818954,0.12077922374010086,0.7351778745651245,0.5422506928443909
YJL062W-A,YDR387C,0,0.0022818954,0.12075961381196976,0.7351778745651245,0.5423508286476135
YDL181W,YHL009W-A,0,0.0022818954,0.12074001878499985,0.7351778745651245,0.5424509644508362
YDR524C-B,YMR168C,0,0.0022818954,0.12072043120861053,0.7351778745651245,0.5425510406494141
YGL258W-A,YDR083W,0,0.0022818954,0.12070084363222122,0.7351778745651245,0.5426511764526367
YBL101W-B,YPL213W,0,0.0022818954,0.1206812635064125,0.7351778745651245,0.5427513122558594
YGL258W-A,YAL063C,0,0.0022818954,0.12066169083118439,0.7351778745651245,0.542851448059082
YGL258W-A,YFR013W,0,0.0022818954,0.12064212560653687,0.7351778745651245,0.5429515242576599
YDL114W,YCL026C-B,0,0.0022818954,0.12062256783246994,0.7351778745651245,0.5430516600608826
YML045W-A,YFL062W,0,0.0022818954,0.12060301750898361,0.7351778745651245,0.5431517958641052
YNL035C,YDR079C-A,0,0.0022818954,0.12058346718549728,0.7351778745651245,0.5432519316673279
YAR070W-A,YNL073W,0,0.0022818954,0.12056393176317215,0.7351778745651245,0.5433520078659058
YDL060W,YBL029C-A,0,0.0022818954,0.12054439634084702,0.7351778745651245,0.5434521436691284
YDR261W-B,YDR530C,0,0.0022818954,0.12052486836910248,0.7351778745651245,0.5435522794723511
YOR092W,YDR014W-A,0,0.0022818954,0.12050534784793854,0.7351778745651245,0.543652355670929
YDR014W-A,YNL148C,0,0.0022818954,0.1204858273267746,0.7351778745651245,0.5437524914741516
YHL009W-A,YEL043W,0,0.0022818954,0.12046632170677185,0.7351778745651245,0.5438526272773743
YDR381C-A,YPL022W,0,0.0022818954,0.1204468160867691,0.7351778745651245,0.5439527630805969
YLR157C,YAR070W-A,0,0.0022818954,0.12042732536792755,0.7351778745651245,0.5440528392791748
YNL134C,YGL210W-A,0,0.0022818954,0.120407834649086,0.7351778745651245,0.5441529750823975
YLR391W,YCL019W,0,0.0022818954,0.12038835138082504,0.7351778745651245,0.5442531108856201
YDR381C-A,YCR072C,0,0.0022818954,0.12036887556314468,0.7351778745651245,0.5443532466888428
YDR524C-B,YDR170C,0,0.0022818954,0.12034939974546432,0.7351778745651245,0.5444533228874207
YLR157C-A,YNR075W,0,0.0022818954,0.12032993882894516,0.7351778745651245,0.5445534586906433
YHL009W-B,YGR031C-A,0,0.0022818954,0.120310477912426,0.7351778745651245,0.544653594493866
YGR109C,YBL029C-A,0,0.0022818954,0.12029102444648743,0.7351778745651245,0.5447537302970886
YHL009W-A,YGL180W,0,0.0022818954,0.12027157843112946,0.7351778745651245,0.5448538064956665
YDR440W,YBL101W-B,0,0.0022818954,0.12025213986635208,0.7351778745651245,0.5449539422988892
YLR154W-A,YDR541C,0,0.0022818954,0.1202327087521553,0.7351778745651245,0.5450540781021118
YNL335W,YDR381C-A,0,0.0022818954,0.12021328508853912,0.7351778745651245,0.5451542139053345
YIL017W,YDR186C,0,0.0022818954,0.12019386142492294,0.7351778745651245,0.5452542901039124
YMR013C,YAR070W-A,0,0.0022818954,0.12017444521188736,0.7351778745651245,0.545354425907135
YBL008W-A,YNL290W,0,0.0022818954,0.12015503644943237,0.7351778745651245,0.5454545617103577
YJL206C,YLR154W-A,0,0.0022818954,0.12013563513755798,0.7351778745651245,0.5455546379089355
YBL101W-A,YDR253C,0,0.0022818954,0.12011624127626419,0.7351778745651245,0.5456547737121582
YJR089W,YDR210C-C,0,0.0022818954,0.120096854865551,0.7351778745651245,0.5457549095153809
YOL138C,YBL101W-B,0,0.0022818954,0.1200774684548378,0.7351778745651245,0.5458550453186035
YPL150W,YNL284C-A,0,0.0022818954,0.1200580894947052,0.7351778745651245,0.5459551215171814
YFL035C,YKR105C,0,0.0022818954,0.1200387254357338,0.7351778745651245,0.546055257320404
YCL048W-A,YCR043C,0,0.0022818954,0.12001936137676239,0.7351778745651245,0.5461553931236267
YNR028W,YBL101W-A,0,0.0022818954,0.11999999731779099,0.7351778745651245,0.5462555289268494
YGR109W-B,YBR097W,0,0.0022818954,0.11998064815998077,0.7351778745651245,0.5463556051254272
YDL082W,YOR343C-B,0,0.0022818954,0.11996130645275116,0.7351778745651245,0.5464557409286499
YLR135W,YLR157C-A,0,0.0022818954,0.11994196474552155,0.7351778745651245,0.5465558767318726
YNL284C-A,YJR091C,0,0.0022818954,0.11992263048887253,0.7351778745651245,0.5466560125350952
YOR343C-B,YLR016C,0,0.0022818954,0.11990330368280411,0.7351778745651245,0.5467560887336731
YGR062C,YBL101W-B,0,0.0022818954,0.11988398432731628,0.7351778745651245,0.5468562245368958
YHR214W-G,YGR200C,0,0.0022818954,0.11986467242240906,0.7351778745651245,0.5469563603401184
YGR109W-B,YKR099C-A,0,0.0022818954,0.11984536051750183,0.7351778745651245,0.5470564961433411
YGR020C,YKR092C,0,0.0022815578,0.1198260560631752,0.7351778745651245,0.547156572341919
YOR192C-B,YDR501W,0,0.0022797002,0.11980676651000977,0.7351778745651245,0.5472567081451416
YBR098W,YDR365W-B,0,0.0022796043,0.11978747695684433,0.7351778745651245,0.5473568439483643
YPL060C-A,YDR486C,0,0.0022784062,0.1197681874036789,0.7351778745651245,0.5474569201469421
YPR137C-A,YOR022C,0,0.0022780448,0.11974891275167465,0.7351778745651245,0.5475570559501648
YLR391W,YGR216C,0,0.0022771196,0.11972964555025101,0.7351778745651245,0.5476571917533875
YDR497C,YCR008W,0,0.0022761598,0.11971037834882736,0.7351778745651245,0.5477573275566101
YIR007W,YOR106W,0,0.0022758027,0.11969111859798431,0.7351778745651245,0.547857403755188
YJR009C,YNL071W,0,0.0022746623,0.11967186629772186,0.7351778745651245,0.5479575395584106
YMR217W,YBR132C,0,0.0022722725,0.11965262144804001,0.7351778745651245,0.5480576753616333
YCL036W,YLR440C,0,0.002271304,0.11963338404893875,0.7351778745651245,0.548157811164856
YHL009W-B,YKL003C,0,0.0022710203,0.1196141466498375,0.7351778745651245,0.5482578873634338
YGR251W,YGR166W,0,0.0022669677,0.11959492415189743,0.7351778745651245,0.5483580231666565
YNR035C,YAR010C,0,0.0022636298,0.11957570165395737,0.7351778745651245,0.5484581589698792
YOR130C,YGR159C,0,0.0022617755,0.1195564866065979,0.7351778745651245,0.5485582947731018
YLR126C,YIL168W,0,0.0022557648,0.11953727155923843,0.7351778745651245,0.5486583709716797
YGL002W,YGR027W-A,0,0.002253674,0.11951807141304016,0.7351778745651245,0.5487585067749023
YDR531W,YER089C,0,0.0022533014,0.11949887871742249,0.7351778745651245,0.548858642578125
YFL002W-B,YCR077C,0,0.0022511343,0.11947968602180481,0.7351778745651245,0.5489587783813477
YML014W,YDR497C,0,0.0022503696,0.11946050077676773,0.7351778745651245,0.5490588545799255
YJL170C,YBL102W,0,0.0022500493,0.11944132298231125,0.7351778745651245,0.5491589903831482
YOR287C,YPL108W,0,0.0022489638,0.11942215263843536,0.7351778745651245,0.5492591261863708
YMR172W,YDR261C-D,0,0.0022487044,0.11940298229455948,0.7351778745651245,0.5493592023849487
YDR531W,YGL125W,0,0.0022415249,0.11938382685184479,0.7351778745651245,0.5494593381881714
YOL142W,YNL151C,0,0.0022409335,0.1193646714091301,0.7351778745651245,0.549559473991394
YGR215W,YDL010W,0,0.0022392944,0.119345523416996,0.7351778745651245,0.5496596097946167
YKL020C,YPR137C-A,0,0.0022381973,0.1193263828754425,0.7351778745651245,0.5497596859931946
YJR019C,YOL103W-B,0,0.0022376934,0.1193072497844696,0.7351778745651245,0.5498598217964172
YOR142W-A,YJR140C,0,0.0022340105,0.1192881166934967,0.7351778745651245,0.5499599575996399
YGR161C-C,YIR023W,0,0.0022334065,0.119268998503685,0.7351778745651245,0.5500600934028625
YNL265C,YPR158C-C,0,0.002232065,0.11924988031387329,0.7351778745651245,0.5501601696014404
YBR192W,YGR038C-A,0,0.0022306168,0.11923076957464218,0.7351778745651245,0.5502603054046631
YOR292C,YBR098W,0,0.002228879,0.11921166628599167,0.7351778745651245,0.5503604412078857
YOL067C,YJL051W,0,0.0022287648,0.11919256299734116,0.7351778745651245,0.5504605770111084
YIR013C,YHL013C,0,0.0022225035,0.11917347460985184,0.7351778745651245,0.5505606532096863
YLR256W-A,YKL161C,0,0.002220641,0.11915438622236252,0.7351778745651245,0.5506607890129089
YKL164C,YPR158C-C,0,0.0022121966,0.1191353052854538,0.7351778745651245,0.5507609248161316
YHR047C,YDR279W,0,0.0022042282,0.11911623179912567,0.7351778745651245,0.5508610606193542
YAL060W,YKL042W,0,0.002203174,0.11909716576337814,0.7351778745651245,0.5509611368179321
YBR012W-A,YLR383W,0,0.0021992829,0.11907810717821121,0.7351778745651245,0.5510612726211548
YJR119C,YGR125W,0,0.0021980796,0.11905904859304428,0.7351778745651245,0.5511614084243774
YGL205W,YER104W,0,0.0021952884,0.11903999745845795,0.7351778745651245,0.5512614846229553
YMR315W,YDR059C,0,0.0021950863,0.11902095377445221,0.7351778745651245,0.551361620426178
YGR125W,YMR134W,0,0.0021904148,0.11900191754102707,0.7351778745651245,0.5514617562294006
YPL147W,YPL079W,0,0.0021891985,0.11898288875818253,0.7351778745651245,0.5515618920326233
YDR261C-C,YBL057C,0,0.002187139,0.11896385997533798,0.7351778745651245,0.5516619682312012
YOR057W,YDR074W,0,0.0021848902,0.11894484609365463,0.7351778745651245,0.5517621040344238
YGL162W,YER094C,0,0.002181136,0.11892583221197128,0.7351778745651245,0.5518622398376465
YML121W,YHR039C-B,1,0.0021788413,0.11906664818525314,0.7361660003662109,0.5518622398376465
YDR210W-A,YLR050C,0,0.0021777004,0.1190476194024086,0.7361660003662109,0.5519623756408691
YLR423C,YLR256W-A,0,0.0021719085,0.11902859807014465,0.7361660003662109,0.552062451839447
YHR166C,YBL105C,0,0.0021683667,0.1190095841884613,0.7361660003662109,0.5521625876426697
YOR087W,YLR034C,1,0.0021665115,0.11915029585361481,0.7371541261672974,0.5521625876426697
YBL091C-A,YOR255W,0,0.0021663494,0.11913126707077026,0.7371541261672974,0.5522627234458923
YNL280C,YPR198W,0,0.0021655895,0.11911224573850632,0.7371541261672974,0.552362859249115
YOR329C,YPR159W,0,0.0021605939,0.11909323185682297,0.7371541261672974,0.5524629354476929
YLL009C,YDR261W-B,0,0.0021590902,0.11907422542572021,0.7371541261672974,0.5525630712509155
YBR068C,YDR369C,0,0.0021579936,0.11905521899461746,0.7371541261672974,0.5526632070541382
YOR343W-A,YJR021C,0,0.0021575498,0.1190362200140953,0.7371541261672974,0.5527633428573608
YGR027W-B,YLR026C,0,0.0021490357,0.11901722848415375,0.7371541261672974,0.5528634190559387
YLL010C,YKL135C,0,0.0021474268,0.11899824440479279,0.7371541261672974,0.5529635548591614
YPL189C-A,YHR135C,0,0.0021468494,0.11897926777601242,0.7371541261672974,0.553063690662384
YBL066C,YDL215C,0,0.00214646,0.11896029114723206,0.7371541261672974,0.5531637668609619
YML038C,YKR048C,0,0.0021384489,0.11894132941961288,0.7371541261672974,0.5532639026641846
YMR295C,YDL232W,0,0.0021375287,0.11892236769199371,0.7371541261672974,0.5533640384674072
YMR034C,YNL275W,1,0.002134325,0.11906279623508453,0.7381423115730286,0.5533640384674072
YHL009W-B,YPR054W,0,0.0021324619,0.11904382705688477,0.7381423115730286,0.5534641742706299
YKL088W,YMR042W,0,0.0021280423,0.119024857878685,0.7381423115730286,0.5535642504692078
YGL125W,YGR261C,0,0.0021225773,0.11900589615106583,0.7381423115730286,0.5536643862724304
YOR142W-A,YDR460W,0,0.0021164208,0.11898694187402725,0.7381423115730286,0.5537645220756531
YLR295C,YOR343W-B,0,0.0021146056,0.11896798759698868,0.7381423115730286,0.5538646578788757
YMR288W,YJL062W-A,0,0.0021145171,0.1189490482211113,0.7381423115730286,0.5539647340774536
YMR122W-A,YEL037C,0,0.0021107434,0.11893010884523392,0.7381423115730286,0.5540648698806763
YGL046W,YOR153W,0,0.0021027457,0.11891117691993713,0.7381423115730286,0.5541650056838989
YGR289C,YHR166C,0,0.0020977412,0.11889225244522095,0.7381423115730286,0.5542651414871216
YFL066C,YLR109W,0,0.0020972881,0.11887332797050476,0.7381423115730286,0.5543652176856995
YGR145W,YKL012W,0,0.0020967796,0.11885441839694977,0.7381423115730286,0.5544653534889221
YCL057W,YDR457W,0,0.002090305,0.11883550882339478,0.7381423115730286,0.5545654892921448
YOR304W,YOR382W,0,0.0020888932,0.11881660670042038,0.7381423115730286,0.5546656250953674
YOR180C,YDL025C,0,0.002087107,0.11879771202802658,0.7381423115730286,0.5547657012939453
YDR229W,YML099C,0,0.0020859083,0.11877881735563278,0.7381423115730286,0.554865837097168
YOR168W,YBR012W-A,0,0.002083809,0.11875993758440018,0.7381423115730286,0.5549659729003906
YLR369W,YJL200C,0,0.0020797327,0.11874105781316757,0.7381423115730286,0.5550661087036133
YCR096C,YGR041W,0,0.0020766328,0.11872218549251556,0.7381423115730286,0.5551661849021912
YDR414C,YDR261W-B,0,0.0020755948,0.11870332062244415,0.7381423115730286,0.5552663207054138
YJL085W,YPL124W,0,0.0020749979,0.11868446320295334,0.7381423115730286,0.5553664565086365
YMR176W,YML033W,0,0.0020730738,0.11866560578346252,0.7381423115730286,0.5554665327072144
YGR175C,YGL089C,0,0.0020638416,0.1186467632651329,0.7381423115730286,0.555566668510437
YMR092C,YHR018C,0,0.0020489767,0.11862792074680328,0.7381423115730286,0.5556668043136597
YLR391W-A,YLR344W,0,0.002048784,0.11860908567905426,0.7381423115730286,0.5557669401168823
YNL083W,YDR079C-A,0,0.0020470265,0.11859025061130524,0.7381423115730286,0.5558670163154602
YNR056C,YJL221C,0,0.002044227,0.11857143044471741,0.7381423115730286,0.5559671521186829
YDR058C,YLR421C,0,0.0020367615,0.11855261027812958,0.7381423115730286,0.5560672879219055
YLR089C,YMR263W,0,0.0020355135,0.11853379756212234,0.7381423115730286,0.5561674237251282
YGR070W,YIL020C,0,0.0020286683,0.11851499229669571,0.7381423115730286,0.556267499923706
YDR210C-C,YGR214W,0,0.0020270925,0.11849619448184967,0.7381423115730286,0.5563676357269287
YOL119C,YNL275W,0,0.0020267721,0.11847739666700363,0.7381423115730286,0.5564677715301514
YNR006W,YBL060W,0,0.0020259395,0.11845861375331879,0.7381423115730286,0.556567907333374
YGR292W,YDR079C-A,0,0.0020247316,0.11843983083963394,0.7381423115730286,0.5566679835319519
YER114C,YDR443C,0,0.0020244326,0.1184210553765297,0.7381423115730286,0.5567681193351746
YLL027W,YDR253C,0,0.0020228885,0.11840227991342545,0.7381423115730286,0.5568682551383972
YDR076W,YDR186C,0,0.0020222487,0.11838351935148239,0.7381423115730286,0.5569683909416199
YPL026C,YLR410W-A,0,0.0020128665,0.11836475878953934,0.7381423115730286,0.5570684671401978
YMR284W,YJL114W,0,0.002011491,0.11834600567817688,0.7381423115730286,0.5571686029434204
YIL145C,YLR312C-B,0,0.0020092838,0.11832726001739502,0.7381423115730286,0.5572687387466431
YBR196C,YMR314W,0,0.0020091143,0.11830852180719376,0.7381423115730286,0.557368814945221
YHR039C-B,YMR058W,1,0.0020059552,0.11844813823699951,0.739130437374115,0.557368814945221
YMR203W,YLR214W,1,0.0019984432,0.11858771741390228,0.7401185631752014,0.557368814945221
YDR261C-C,YNL107W,0,0.0019981768,0.11856894195079803,0.7401185631752014,0.5574689507484436
YBR052C,YNL323W,0,0.001998078,0.11855017393827438,0.7401185631752014,0.5575690865516663
YPR081C,YGL205W,0,0.001985103,0.11853141337633133,0.7401185631752014,0.5576692223548889
YOR192C-B,YPR112C,0,0.001983969,0.11851266026496887,0.7401185631752014,0.5577692985534668
YPL139C,YDR170W-A,0,0.001980248,0.11849390715360641,0.7401185631752014,0.5578694343566895
YMR034C,YLR220W,1,0.0019762963,0.11863334476947784,0.7411067485809326,0.5578694343566895
YOR138C,YJL144W,0,0.0019719116,0.11861458420753479,0.7411067485809326,0.5579695701599121
YPL123C,YDR144C,0,0.001969874,0.11859582364559174,0.7411067485809326,0.5580697059631348
YOR197W,YAR014C,0,0.001968097,0.11857707798480988,0.7411067485809326,0.5581697821617126
YGR161C-C,YPL132W,0,0.0019645905,0.11855833232402802,0.7411067485809326,0.5582699179649353
YGL205W,YGR192C,0,0.0019616894,0.11853959411382675,0.7411067485809326,0.558370053768158
YHR209W,YJL148W,0,0.001960773,0.11852086335420609,0.7411067485809326,0.5584701895713806
YOR384W,YDR377W,1,0.0019577648,0.11866013705730438,0.742094874382019,0.5584701895713806
YDL056W,YKL059C,0,0.001956625,0.11864139139652252,0.742094874382019,0.5585702657699585
YOL093W,YOR007C,0,0.0019539632,0.11862265318632126,0.742094874382019,0.5586704015731812
YKL195W,YLR246W,0,0.0019511953,0.11860391497612,0.742094874382019,0.5587705373764038
YLR386W,YPL118W,0,0.0019509159,0.11858519166707993,0.742094874382019,0.5588706731796265
YPR103W,YOR343W-B,0,0.0019507157,0.11856646835803986,0.742094874382019,0.5589707493782043
YMR088C,YPR104C,0,0.001944147,0.11854775249958038,0.742094874382019,0.559070885181427
YFL002W-A,YGR179C,0,0.0019393796,0.11852904409170151,0.742094874382019,0.5591710209846497
YLR283W,YPL038W,0,0.0019382546,0.11851033568382263,0.742094874382019,0.5592710971832275
YGR062C,YIR014W,0,0.0019375635,0.11849163472652435,0.742094874382019,0.5593712329864502
YMR283C,YDR248C,0,0.0019351877,0.11847294867038727,0.742094874382019,0.5594713687896729
YHR060W,YDR368W,0,0.0019329563,0.11845425516366959,0.742094874382019,0.5595715045928955
YBR291C,YFL002W-B,0,0.0019307332,0.1184355765581131,0.742094874382019,0.5596715807914734
YGR251W,YMR193W,0,0.0019258037,0.11841690540313721,0.742094874382019,0.559771716594696
YJR055W,YNL160W,0,0.001925692,0.11839823424816132,0.742094874382019,0.5598718523979187
YNL030W,YDR365W-B,0,0.0019255988,0.11837957054376602,0.742094874382019,0.5599719882011414
YFR045W,YER125W,0,0.0019253809,0.11836091428995132,0.742094874382019,0.5600720643997192
YHR045W,YNL148C,0,0.0019217264,0.11834226548671722,0.742094874382019,0.5601722002029419
YMR244C-A,YOR389W,0,0.0019195825,0.11832361668348312,0.742094874382019,0.5602723360061646
YLR110C,YLL050C,0,0.0019194447,0.11830497533082962,0.742094874382019,0.5603724718093872
YGR161C-C,YJR139C,0,0.0019099964,0.11828634142875671,0.742094874382019,0.5604725480079651
YMR302C,YDR210W-A,0,0.0019073263,0.1182677149772644,0.742094874382019,0.5605726838111877
YLR226W,YLR227W-B,0,0.0019073263,0.11824909597635269,0.742094874382019,0.5606728196144104
YLR182W,YBL106C,0,0.0019069808,0.11823047697544098,0.742094874382019,0.5607729554176331
YIL095W,YDR210C-C,0,0.0019061984,0.11821186542510986,0.742094874382019,0.5608730316162109
YNL080C,YLR410W-B,0,0.0019044145,0.11819326132535934,0.742094874382019,0.5609731674194336
YGR249W,YER048W-A,0,0.001895966,0.11817466467618942,0.742094874382019,0.5610733032226562
YGR161C-C,YDL201W,0,0.0018949434,0.1181560754776001,0.742094874382019,0.5611733794212341
YDL171C,YDR097C,0,0.0018925834,0.11813748627901077,0.742094874382019,0.5612735152244568
YJR040W,YOL122C,1,0.0018900447,0.1182761862874031,0.7430830001831055,0.5612735152244568
YCR037C,YPR158C-C,0,0.0018889052,0.11825758963823318,0.7430830001831055,0.5613736510276794
YCR097WB,YBR058C,0,0.0018877538,0.11823899298906326,0.7430830001831055,0.5614737868309021
YLR391W,YBR302C,0,0.0018826763,0.11822040379047394,0.7430830001831055,0.56157386302948
YDL136W,YDR291W,0,0.001878567,0.11820182204246521,0.7430830001831055,0.5616739988327026
YDR166C,YOR142W-B,0,0.0018735072,0.11818324774503708,0.7430830001831055,0.5617741346359253
YDR538W,YGR038C-A,0,0.0018680017,0.11816467344760895,0.7430830001831055,0.561874270439148
YGL207W,YBR087W,0,0.001864586,0.11814611405134201,0.7430830001831055,0.5619743466377258
YNL134C,YBR195C,0,0.0018641185,0.11812755465507507,0.7430830001831055,0.5620744824409485
YNR035C,YML087C,0,0.001856409,0.11810900270938873,0.7430830001831055,0.5621746182441711
YNL257C,YKL086W,0,0.0018508751,0.11809045076370239,0.7430830001831055,0.5622747540473938
YFL002W-B,YPL121C,0,0.0018468974,0.11807191371917725,0.7430830001831055,0.5623748302459717
YLR096W,YER088C,0,0.0018463098,0.1180533766746521,0.7430830001831055,0.5624749660491943
YGR183C,YKL088W,0,0.0018417677,0.11803484708070755,0.7430830001831055,0.562575101852417
YDR369C,YML012W,0,0.0018409146,0.1180163249373436,0.7430830001831055,0.5626752376556396
YDR532C,YKR060W,0,0.0018327683,0.11799780279397964,0.7430830001831055,0.5627753138542175
YBL021C,YNL090W,0,0.0018311236,0.11797928810119629,0.7430830001831055,0.5628754496574402
YPR158W-A,YLR306W,0,0.0018310039,0.11796078085899353,0.7430830001831055,0.5629755854606628
YBR291C,YFR044C,0,0.0018307641,0.11794228106737137,0.7430830001831055,0.5630756616592407
YKL046C,YNL238W,0,0.001830155,0.1179237887263298,0.7430830001831055,0.5631757974624634
YFL038C,YOR150W,0,0.00182968,0.11790529638528824,0.7430830001831055,0.563275933265686
YPR135W,YGR124W,0,0.0018276479,0.11788681894540787,0.7430830001831055,0.5633760690689087
YJL008C,YCR020C,0,0.0018264148,0.1178683415055275,0.7430830001831055,0.5634761452674866
YLR441C,YDL107W,0,0.0018233731,0.11784986406564713,0.7430830001831055,0.5635762810707092
YLR459W,YOR343W-B,0,0.0018219836,0.11783140152692795,0.7430830001831055,0.5636764168739319
YLR227W-B,YER042W,0,0.0018205345,0.11781293898820877,0.7430830001831055,0.5637765526771545
YDR083W,YKR042W,0,0.0018114112,0.11779448390007019,0.7430830001831055,0.5638766288757324
YOR208W,YDR302W,0,0.0018113405,0.11777603626251221,0.7430830001831055,0.5639767646789551
YLR024C,YDR457W,0,0.0017982752,0.11775759607553482,0.7430830001831055,0.5640769004821777
YOL070C,YBR294W,0,0.0017920602,0.11773915588855743,0.7430830001831055,0.5641770362854004
YDR291W,YFR044C,0,0.0017904826,0.11772072315216064,0.7430830001831055,0.5642771124839783
YPL007C,YJL109C,0,0.0017887186,0.11770229786634445,0.7430830001831055,0.5643772482872009
YKL071W,YEL040W,0,0.0017881971,0.11768388003110886,0.7430830001831055,0.5644773840904236
YIR015W,YBR294W,0,0.0017880984,0.11766546964645386,0.7430830001831055,0.5645775198936462
YOR088W,YOL152W,1,0.0017790729,0.11780350655317307,0.7440711259841919,0.5645775198936462
YDR316W,YNR051C,0,0.0017769579,0.11778507381677628,0.7440711259841919,0.5646775960922241
YDR365W-B,YDR533C,0,0.0017766398,0.11776665598154068,0.7440711259841919,0.5647777318954468
YDR210W-A,YPL134C,0,0.0017725443,0.11774823814630508,0.7440711259841919,0.5648778676986694
YDL184C,YCL003W,0,0.0017718575,0.11772982776165009,0.7440711259841919,0.5649779438972473
YOL091W,YBR059C,0,0.001771532,0.11771142482757568,0.7440711259841919,0.56507807970047
YCL043C,YHR039C-B,0,0.0017661666,0.11769302934408188,0.7440711259841919,0.5651782155036926
YJL047C,YLR395C,0,0.0017634875,0.11767463386058807,0.7440711259841919,0.5652783513069153
YMR026C,YPR018W,0,0.0017626826,0.11765625327825546,0.7440711259841919,0.5653784275054932
YFR037C,YOR142W-B,0,0.0017524562,0.11763787269592285,0.7440711259841919,0.5654785633087158
YNL113W,YEL043W,0,0.0017431425,0.11761949211359024,0.7440711259841919,0.5655786991119385
YMR260C,YDR210W-A,0,0.0017426778,0.11760112643241882,0.7440711259841919,0.5656788349151611
YFR029W,YGR038C-B,0,0.0017378847,0.1175827607512474,0.7440711259841919,0.565778911113739
YPR186C,YNL265C,0,0.0017366558,0.11756440252065659,0.7440711259841919,0.5658790469169617
YCR079W,YOR343W-B,0,0.0017363457,0.11754605174064636,0.7440711259841919,0.5659791827201843
YIL117C,YDR238C,0,0.0017345119,0.11752770096063614,0.7440711259841919,0.566079318523407
YDR034C-C,YJL042W,0,0.0017330498,0.11750936508178711,0.7440711259841919,0.5661793947219849
YLR130C,YBR294W,1,0.0017325245,0.11764705926179886,0.7450593113899231,0.5661793947219849
YMR197C,YCR020C,0,0.0017313538,0.11762870848178864,0.7450593113899231,0.5662795305252075
YOR294W,YLR370C,0,0.0017246092,0.11761035770177841,0.7450593113899231,0.5663796663284302
YAR044W,YBL017C,0,0.0017243633,0.11759201437234879,0.7450593113899231,0.5664798021316528
YGR109W-B,YBL060W,0,0.0017200154,0.11757367849349976,0.7450593113899231,0.5665798783302307
YNL232W,YML131W,0,0.0017187335,0.11755535006523132,0.7450593113899231,0.5666800141334534
YIR017C,YHR023W,0,0.0017186943,0.11753702163696289,0.7450593113899231,0.566780149936676
YBR009C,YDR138W,0,0.0017162263,0.11751870065927505,0.7450593113899231,0.5668802857398987
YOR212W,YKR029C,0,0.0017159274,0.11750038713216782,0.7450593113899231,0.5669803619384766
YBR160W,YOL100W,0,0.0017112121,0.11748208105564117,0.7450593113899231,0.5670804977416992
YFL017W-A,YHR026W,0,0.0017099581,0.11746378242969513,0.7450593113899231,0.5671806335449219
YGR075C,YBR234C,0,0.001705572,0.11744548380374908,0.7450593113899231,0.5672807097434998
YML066C,YBR155W,0,0.0017034635,0.11742719262838364,0.7450593113899231,0.5673808455467224
YGR128C,YIL067C,0,0.0017032176,0.11740890890359879,0.7450593113899231,0.5674809813499451
YPL244C,YPR002W,0,0.0017014705,0.11739062517881393,0.7450593113899231,0.5675811171531677
YCL024W,YDR090C,0,0.0017009871,0.11737235635519028,0.7450593113899231,0.5676811933517456
YBR276C,YDR210W-B,0,0.0016998388,0.11735408753156662,0.7450593113899231,0.5677813291549683
YGR037C,YOL072W,0,0.0016954634,0.11733582615852356,0.7450593113899231,0.5678814649581909
YMR301C,YJR077C,1,0.001695279,0.11747316271066666,0.7460474371910095,0.5678814649581909
YDL156W,YLR100W,0,0.0016884329,0.1174548864364624,0.7460474371910095,0.5679816007614136
YLR256W-A,YDR510W,0,0.0016812384,0.11743661761283875,0.7460474371910095,0.5680816769599915
YDL191W,YMR289W,0,0.00167704,0.11741834878921509,0.7460474371910095,0.5681818127632141
YOR043W,YLR238W,0,0.0016740374,0.11740009486675262,0.7460474371910095,0.5682819485664368
YER151C,YAL025C,0,0.0016703294,0.11738184094429016,0.7460474371910095,0.5683820843696594
YGL184C,YGR038C-B,0,0.001657418,0.1173635944724083,0.7460474371910095,0.5684821605682373
YOR306C,YPL111W,0,0.0016562231,0.11734535545110703,0.7460474371910095,0.56858229637146
YOR142W-B,YPL223C,0,0.0016531739,0.11732711642980576,0.7460474371910095,0.5686824321746826
YOR142W-B,YOL103W-B,0,0.0016461611,0.11730888485908508,0.7460474371910095,0.5687825679779053
YCR003W,YDR113C,0,0.0016454561,0.11729066073894501,0.7460474371910095,0.5688826441764832
YLR187W,YBR235W,0,0.0016373694,0.11727244406938553,0.7460474371910095,0.5689827799797058
YDR261W-B,YML022W,0,0.0016354099,0.11725423485040665,0.7460474371910095,0.5690829157829285
YBR177C,YCR027C,0,0.0016354024,0.11723602563142776,0.7460474371910095,0.5691829919815063
YKL107W,YDL227C,0,0.0016329973,0.11721782386302948,0.7460474371910095,0.569283127784729
YJR015W,YPL074W,0,0.0016303156,0.11719962954521179,0.7460474371910095,0.5693832635879517
YMR043W,YDR262W,0,0.0016299495,0.1171814352273941,0.7460474371910095,0.5694833993911743
YGR157W,YLL027W,0,0.0016254354,0.11716325581073761,0.7460474371910095,0.5695834755897522
YMR051C,YDL101C,0,0.0016221912,0.11714507639408112,0.7460474371910095,0.5696836113929749
YGR161C-C,YDR302W,0,0.0016175932,0.11712689697742462,0.7460474371910095,0.5697837471961975
YDL051W,YOR229W,0,0.0016167872,0.11710873246192932,0.7460474371910095,0.5698838829994202
YGR161C-C,YPR185W,0,0.0016121049,0.11709056794643402,0.7460474371910095,0.569983959197998
YGL191W,YJL005W,0,0.0016112402,0.11707241088151932,0.7460474371910095,0.5700840950012207
YPR158C-C,YEL030W,0,0.0016082418,0.11705426126718521,0.7460474371910095,0.5701842308044434
YOL093W,YOR197W,0,0.0016008485,0.1170361191034317,0.7460474371910095,0.570284366607666
YFL011W-A,YDR219C,0,0.001595634,0.11701797693967819,0.7460474371910095,0.5703844428062439
YHR046C,YER088C,0,0.0015942119,0.11699984222650528,0.7460474371910095,0.5704845786094666
YOR033C,YEL013W,0,0.0015926361,0.11698171496391296,0.7460474371910095,0.5705847144126892
YOL104C,YLR337W,0,0.0015894473,0.11696359515190125,0.7460474371910095,0.5706848502159119
YLR433C,YAL016W,0,0.001587553,0.11694547533988953,0.7460474371910095,0.5707849264144897
YDR351W,YLR449W,0,0.0015868656,0.1169273629784584,0.7460474371910095,0.5708850622177124
YOL103W-B,YBR061C,0,0.0015823697,0.11690925806760788,0.7460474371910095,0.5709851980209351
YGL106W,YBR171W,0,0.0015757158,0.11689116060733795,0.7460474371910095,0.5710852742195129
YJR031C,YJR028W,0,0.0015751254,0.11687306314706802,0.7460474371910095,0.5711854100227356
YNL272C,YER069W,0,0.001574696,0.11685497313737869,0.7460474371910095,0.5712855458259583
YGR026W,YOL112W,0,0.0015720464,0.11683689057826996,0.7460474371910095,0.5713856816291809
YIL041W,YPL121C,0,0.0015705638,0.11681881546974182,0.7460474371910095,0.5714857578277588
YCR026C,YMR122W-A,0,0.0015697014,0.11680074036121368,0.7460474371910095,0.5715858936309814
YLR410W-B,YHR012W,0,0.0015649283,0.11678267270326614,0.7460474371910095,0.5716860294342041
YLR410W-B,YDR107C,0,0.0015617749,0.1167646124958992,0.7460474371910095,0.5717861652374268
YFR032C-A,YML121W,0,0.0015597437,0.11674655973911285,0.7460474371910095,0.5718862414360046
YKR002W,YGR098C,0,0.0015596477,0.11672850698232651,0.7460474371910095,0.5719863772392273
YOL090W,YDR261W-B,0,0.0015564631,0.11671046167612076,0.7460474371910095,0.57208651304245
YNL084C,YBR020W,0,0.001555074,0.1166924238204956,0.7460474371910095,0.5721866488456726
YGR161C-C,YGL233W,0,0.0015539038,0.11667439341545105,0.7460474371910095,0.5722867250442505
YER137C-A,YGR175C,0,0.001553745,0.1166563630104065,0.7460474371910095,0.5723868608474731
YNL262W,YOR142W-A,0,0.0015530358,0.11663834750652313,0.7460474371910095,0.5724869966506958
YOR396W,YPL095C,0,0.0015517734,0.11662032455205917,0.7460474371910095,0.5725871324539185
YGR161W-B,YBR010W,0,0.0015517254,0.11660231649875641,0.7460474371910095,0.5726872086524963
YOR293W,YHL044W,0,0.0015484467,0.11658430844545364,0.7460474371910095,0.572787344455719
YDL239C,YGR027W-B,0,0.0015479848,0.11656630784273148,0.7460474371910095,0.5728874802589417
YIL016W,YJR025C,0,0.0015478879,0.1165483146905899,0.7460474371910095,0.5729875564575195
YOL139C,YJL080C,0,0.001546599,0.11653032898902893,0.7460474371910095,0.5730876922607422
YPL268W,YMR263W,0,0.0015464039,0.11651234328746796,0.7460474371910095,0.5731878280639648
YFR037C,YER159C-A,0,0.001545839,0.11649436503648758,0.7460474371910095,0.5732879638671875
YBR217W,YDR138W,0,0.0015457831,0.1164763942360878,0.7460474371910095,0.5733880400657654
YEL052W,YCR008W,0,0.0015456304,0.11645843088626862,0.7460474371910095,0.573488175868988
YER137C-A,YOL018C,0,0.0015454083,0.11644046753644943,0.7460474371910095,0.5735883116722107
YDL084W,YMR123W,0,0.001544062,0.11642251163721085,0.7460474371910095,0.5736884474754333
YLR425W,YLR157C-B,0,0.001543616,0.11640456318855286,0.7460474371910095,0.5737885236740112
YML029W,YNR010W,0,0.0015425533,0.11638662219047546,0.7460474371910095,0.5738886594772339
YIL021W,YER061C,0,0.0015416928,0.11636868119239807,0.7460474371910095,0.5739887952804565
YJR121W,YOR192C-B,0,0.0015386296,0.11635074764490128,0.7460474371910095,0.5740889310836792
YHR017W,YOR142W-B,0,0.0015372052,0.11633282154798508,0.7460474371910095,0.5741890072822571
YHR104W,YER159C-A,0,0.0015354333,0.11631489545106888,0.7460474371910095,0.5742891430854797
YOR099W,YDR316W-A,0,0.0015348536,0.11629698425531387,0.7460474371910095,0.5743892788887024
YNL054W-B,YOL100W,0,0.0015296568,0.11627907305955887,0.7460474371910095,0.574489414691925
YPR158C-C,YPL022W,0,0.0015270216,0.11626116186380386,0.7460474371910095,0.5745894908905029
YEL070W,YDR138W,0,0.0015264284,0.11624326556921005,0.7460474371910095,0.5746896266937256
YPL181W,YLR227W-B,0,0.0015259888,0.11622536927461624,0.7460474371910095,0.5747897624969482
YGR161C-C,YHL012W,0,0.0015244898,0.11620748043060303,0.7460474371910095,0.5748898386955261
YFL002W-B,YMR160W,0,0.0015211534,0.11618959903717041,0.7460474371910095,0.5749899744987488
YKL073W,YGR207C,0,0.001521009,0.11617171764373779,0.7460474371910095,0.5750901103019714
YMR113W,YNL299W,0,0.0015173052,0.11615384370088577,0.7460474371910095,0.5751902461051941
YDR383C,YKL157W,0,0.0015169755,0.11613597720861435,0.7460474371910095,0.575290322303772
YDR034C-C,YBR195C,0,0.0015168269,0.11611811816692352,0.7460474371910095,0.5753904581069946
YMR170C,YHR124W,0,0.0015161298,0.1161002591252327,0.7460474371910095,0.5754905939102173
YLR157C-B,YFL054C,0,0.0015159575,0.11608240753412247,0.7460474371910095,0.5755907297134399
YLR405W,YGR027W-A,0,0.001515328,0.11606456339359283,0.7460474371910095,0.5756908059120178
YPL059W,YNL192W,0,0.0015129894,0.1160467267036438,0.7460474371910095,0.5757909417152405
YER137C-A,YLR130C,0,0.0015071449,0.11602889001369476,0.7460474371910095,0.5758910775184631
YDR006C,YGR027W-B,0,0.0015044943,0.11601106077432632,0.7460474371910095,0.5759912133216858
YJR040W,YOR306C,1,0.0015044361,0.11614686995744705,0.747035562992096,0.5759912133216858
YJR135C,YLR047C,0,0.0015011923,0.11612903326749802,0.747035562992096,0.5760912895202637
YML029W,YGR027W-B,0,0.0014995411,0.11611119657754898,0.747035562992096,0.5761914253234863
YGR225W,YNL058C,0,0.0014971569,0.11609336733818054,0.747035562992096,0.576291561126709
YHR005C-A,YER130C,0,0.0014959639,0.1160755380988121,0.747035562992096,0.5763916969299316
YLR256W-A,YBL054W,0,0.0014935555,0.11605772376060486,0.747035562992096,0.5764917731285095
YPL151C,YOR142W-A,0,0.0014929958,0.11603990942239761,0.747035562992096,0.5765919089317322
YMR315W,YMR307W,0,0.0014919778,0.11602210253477097,0.747035562992096,0.5766920447349548
YFL052W,YOR298C-A,0,0.001491392,0.11600429564714432,0.747035562992096,0.5767921209335327
YBR196C,YOR343W-B,0,0.0014901678,0.11598649621009827,0.747035562992096,0.5768922567367554
YJL165C,YLR157C-B,0,0.0014842176,0.11596870422363281,0.747035562992096,0.576992392539978
YKR065C,YDR210W-A,0,0.0014837584,0.11595091968774796,0.747035562992096,0.5770925283432007
YDR316W-A,YAR015W,0,0.0014776532,0.1159331426024437,0.747035562992096,0.5771926045417786
YBR207W,YPR158W-A,0,0.0014776532,0.11591536551713943,0.747035562992096,0.5772927403450012
YNL307C,YIL017W,0,0.0014766417,0.11589759588241577,0.747035562992096,0.5773928761482239
YNL236W,YPR137C-A,0,0.0014764396,0.11587982624769211,0.747035562992096,0.5774930119514465
YNL069C,YBR077C,0,0.00147314,0.11586207151412964,0.747035562992096,0.5775930881500244
YOL103W-B,YOR120W,0,0.0014718338,0.11584431678056717,0.747035562992096,0.5776932239532471
YOR047C,YCR080W,0,0.0014717393,0.1158265694975853,0.747035562992096,0.5777933597564697
YKR054C,YCR077C,0,0.0014695525,0.11580882221460342,0.747035562992096,0.5778934955596924
YGL086W,YGR038C-A,0,0.0014682412,0.11579108238220215,0.747035562992096,0.5779935717582703
YMR305C,YDR128W,0,0.001467362,0.11577335745096207,0.747035562992096,0.5780937075614929
YPL060C-A,YKL055C,0,0.0014672214,0.11575562506914139,0.747035562992096,0.5781938433647156
YPR137C-A,YLR016C,0,0.0014670314,0.1157379075884819,0.747035562992096,0.5782939791679382
YDR034C-C,YJR091C,0,0.0014629001,0.11572019010782242,0.747035562992096,0.5783940553665161
YPR119W,YOR343W-B,0,0.0014618421,0.11570248007774353,0.747035562992096,0.5784941911697388
YJR033C,YBR102C,0,0.0014608037,0.11568477749824524,0.747035562992096,0.5785943269729614
YOR315W,YDR034C-D,0,0.001453205,0.11566707491874695,0.747035562992096,0.5786944627761841
YER053C,YER166W,1,0.0014523529,0.1158023551106453,0.7480236887931824,0.5786944627761841
YKR062W,YOL103W-B,0,0.0014520246,0.1157846450805664,0.7480236887931824,0.578794538974762
YPL031C,YLR157C-B,0,0.0014508767,0.11576693505048752,0.7480236887931824,0.5788946747779846
YDR261C-C,YBR084C-A,0,0.0014481852,0.11574923247098923,0.7480236887931824,0.5789948105812073
YPR158C-D,YOR229W,0,0.0014455048,0.11573153734207153,0.7480236887931824,0.5790948867797852
YLR084C,YER169W,0,0.0014446285,0.11571384966373444,0.7480236887931824,0.5791950225830078
YBR019C,YJL156C,0,0.0014444608,0.11569616198539734,0.7480236887931824,0.5792951583862305
YDR415C,YER075C,0,0.0014428804,0.11567848175764084,0.7480236887931824,0.5793952941894531
YML058W-A,YNL218W,0,0.0014409367,0.11566080898046494,0.7480236887931824,0.579495370388031
YDL022W,YDR034C-D,0,0.0014370242,0.11564314365386963,0.7480236887931824,0.5795955061912537
YDR236C,YDL104C,0,0.0014358871,0.11562547832727432,0.7480236887931824,0.5796956419944763
YPL236C,YGL210W,0,0.0014276747,0.11560782045125961,0.7480236887931824,0.579795777797699
YFL034C-A,YER159C-A,0,0.0014260197,0.1155901700258255,0.7480236887931824,0.5798958539962769
YPL189C-A,YDR226W,0,0.0014239429,0.11557251960039139,0.7480236887931824,0.5799959897994995
YMR173W,YBR235W,0,0.0014224313,0.11555487662553787,0.7480236887931824,0.5800961256027222
YHL009W-B,YOR077W,0,0.0014201347,0.11553724110126495,0.7480236887931824,0.5801962614059448
YDR483W,YDR046C,0,0.0014186837,0.11551961302757263,0.7480236887931824,0.5802963376045227
YLR410W-B,YHR007C,0,0.001418543,0.11550198495388031,0.7480236887931824,0.5803964734077454
YOR239W,YLR410W-A,0,0.0014160913,0.11548436433076859,0.7480236887931824,0.580496609210968
YDR261W-B,YDR120C,0,0.0014124028,0.11546675115823746,0.7480236887931824,0.5805967450141907
YFR042W,YAL063C,0,0.00140604,0.11544913798570633,0.7480236887931824,0.5806968212127686
YOR142W-B,YDL147W,0,0.0014058514,0.1154315322637558,0.7480236887931824,0.5807969570159912
YLR410W-B,YKL198C,0,0.0014043134,0.11541393399238586,0.7480236887931824,0.5808970928192139
YPL060C-A,YFR037C,0,0.0014023241,0.11539634317159653,0.7480236887931824,0.5809971690177917
YHL009W-B,YLR262C,0,0.0014016,0.11537875235080719,0.7480236887931824,0.5810973048210144
YLR237W,YJL041W,0,0.0013980139,0.11536116898059845,0.7480236887931824,0.5811974406242371
YGR109C,YMR145C,0,0.001397118,0.1153435930609703,0.7480236887931824,0.5812975764274597
YOR142W-B,YFL021W,0,0.0013969261,0.11532601714134216,0.7480236887931824,0.5813976526260376
YEL069C,YNL054W-B,0,0.0013966644,0.11530845612287521,0.7480236887931824,0.5814977884292603
YBL085W,YBL068W,0,0.0013921782,0.11529089510440826,0.7480236887931824,0.5815979242324829
YML088W,YER159C-A,0,0.0013905843,0.11527333408594131,0.7480236887931824,0.5816980600357056
YPR082C,YNR011C,0,0.0013904762,0.11525578796863556,0.7480236887931824,0.5817981362342834
YHR135C,YFR045W,0,0.0013878495,0.1152382418513298,0.7480236887931824,0.5818982720375061
YJL006C,YPL257W-A,0,0.0013874038,0.11522070318460464,0.7480236887931824,0.5819984078407288
YDL138W,YPL024W,0,0.0013873854,0.11520316451787949,0.7480236887931824,0.5820985436439514
YIL009C-A,YNL113W,0,0.0013859831,0.11518563330173492,0.7480236887931824,0.5821986198425293
YDR261W-A,YIL088C,0,0.0013855416,0.11516810953617096,0.7480236887931824,0.582298755645752
YLR256W-A,YLR133W,0,0.0013840399,0.11515059322118759,0.7480236887931824,0.5823988914489746
YKL176C,YMR194W,0,0.0013834983,0.11513307690620422,0.7480236887931824,0.5824990272521973
YNL212W,YEL009C,0,0.0013832571,0.11511557549238205,0.7480236887931824,0.5825991034507751
YPR158W-A,YNL050C,0,0.0013808296,0.11509806662797928,0.7480236887931824,0.5826992392539978
YGR076C,YJR068W,0,0.001380574,0.1150805726647377,0.7480236887931824,0.5827993750572205
YOR371C,YOR142W-A,0,0.0013783011,0.11506307870149612,0.7480236887931824,0.5828994512557983
YOR332W,YOR322C,0,0.0013780128,0.11504559218883514,0.7480236887931824,0.582999587059021
YLR410W-A,YLR043C,0,0.001377854,0.11502811312675476,0.7480236887931824,0.5830997228622437
YKL156W,YJR076C,0,0.0013749311,0.11501063406467438,0.7480236887931824,0.5831998586654663
YGR027W-B,YNL289W,0,0.0013748198,0.11499316245317459,0.7480236887931824,0.5832999348640442
YNL072W,YER137C-A,0,0.0013732323,0.1149756982922554,0.7480236887931824,0.5834000706672668
YOR287C,YGR195W,0,0.0013729781,0.11495824158191681,0.7480236887931824,0.5835002064704895
YPL230W,YDR419W,0,0.0013716631,0.11494078487157822,0.7480236887931824,0.5836003422737122
YHR056C,YPR158C-D,0,0.0013696947,0.11492333561182022,0.7480236887931824,0.58370041847229
YCR055C,YBL058W,0,0.001364396,0.11490588635206223,0.7480236887931824,0.5838005542755127
YOR192C-B,YDR261W-A,0,0.0013635773,0.11488845199346542,0.7480236887931824,0.5839006900787354
YOR343W-B,YNL005C,0,0.0013630735,0.11487101763486862,0.7480236887931824,0.584000825881958
YKL211C,YDL020C,0,0.0013625957,0.11485359072685242,0.7480236887931824,0.5841009020805359
YGR089W,YHL018W,0,0.0013599992,0.11483616381883621,0.7480236887931824,0.5842010378837585
YOR383C,YOR088W,1,0.0013505472,0.11497042328119278,0.7490118741989136,0.5842010378837585
YJR135C,YML126C,0,0.0013504978,0.11495298892259598,0.7490118741989136,0.5843011736869812
YML032C,YJL062W-A,0,0.0013495539,0.11493555456399918,0.7490118741989136,0.5844013094902039
YMR260C,YMR287C,0,0.0013451874,0.11491813510656357,0.7490118741989136,0.5845013856887817
YOL138C,YDR085C,0,0.0013406994,0.11490071564912796,0.7490118741989136,0.5846015214920044
YDL153C,YDL141W,0,0.001338644,0.11488329619169235,0.7490118741989136,0.584701657295227
YGR109W-B,YGL043W,0,0.0013359552,0.11486589163541794,0.7490118741989136,0.5848017334938049
YNR036C,YFR045W,0,0.0013356842,0.11484848707914352,0.7490118741989136,0.5849018692970276
YGR084C,YER091C,0,0.0013343804,0.11483108252286911,0.7490118741989136,0.5850020051002502
YPR132W,YLL061W,0,0.001331009,0.11481369286775589,0.7490118741989136,0.5851021409034729
YDR393W,YGL032C,0,0.0013308907,0.11479630321264267,0.7490118741989136,0.5852022171020508
YKL017C,YPL270W,0,0.0013308823,0.11477892100811005,0.7490118741989136,0.5853023529052734
YOR142W-B,YGL229C,0,0.0013229614,0.11476154625415802,0.7490118741989136,0.5854024887084961
YPR137C-B,YER174C,0,0.0013211719,0.114744171500206,0.7490118741989136,0.5855026245117188
YGL206C,YNL280C,0,0.0013199411,0.11472680419683456,0.7490118741989136,0.5856027007102966
YBR077C,YML056C,0,0.0013197679,0.11470944434404373,0.7490118741989136,0.5857028365135193
YGR161W-B,YDR197W,0,0.0013175192,0.1146920844912529,0.7490118741989136,0.5858029723167419
YGL039W,YER137C,0,0.0013136007,0.11467473208904266,0.7490118741989136,0.5859031081199646
YDR432W,YBL023C,0,0.001312729,0.11465738713741302,0.7490118741989136,0.5860031843185425
YDR206W,YDR481C,0,0.0013036281,0.11464004963636398,0.7490118741989136,0.5861033201217651
YDR038C,YOR192C-A,0,0.0013004546,0.11462271213531494,0.7490118741989136,0.5862034559249878
YJL103C,YFL002W-B,0,0.0012977715,0.1146053820848465,0.7490118741989136,0.5863035917282104
YLR348C,YOL152W,1,0.0012953561,0.11473923176527023,0.75,0.5863035917282104
YLR343W,YER087W,0,0.0012906417,0.1147218868136406,0.75,0.5864036679267883
YFL057C,YNR044W,0,0.001285295,0.11470454931259155,0.75,0.586503803730011
YDR034C-C,YGR209C,0,0.0012801676,0.11468721926212311,0.75,0.5866039395332336
YGR158C,YNL323W,0,0.0012777289,0.11466988921165466,0.75,0.5867040157318115
YNL323W,YGL229C,0,0.0012766467,0.11465256661176682,0.75,0.5868041515350342
YPL060W,YNR010W,0,0.0012763645,0.11463525146245956,0.75,0.5869042873382568
YOL007C,YGR038C-A,0,0.0012663272,0.11461794376373291,0.75,0.5870044231414795
YDR369C,YHR012W,0,0.0012658834,0.11460063606500626,0.75,0.5871044993400574
YPL139C,YDR281C,0,0.0012655463,0.1145833358168602,0.75,0.58720463514328
YGR155W,YDR117C,0,0.0012652986,0.11456603556871414,0.75,0.5873047709465027
YHR143W-A,YLR372W,0,0.0012648162,0.11454875022172928,0.75,0.5874049067497253
YAL053W,YGR217W,1,0.0012639612,0.11468236148357391,0.7509881258010864,0.5874049067497253
YML064C,YPL066W,0,0.0012629908,0.11466505378484726,0.7509881258010864,0.5875049829483032
YMR236W,YMR233W,0,0.0012618359,0.1146477609872818,0.7509881258010864,0.5876051187515259
YOL003C,YMR123W,0,0.0012597218,0.11463046818971634,0.7509881258010864,0.5877052545547485
YNL054W-B,YPL186C,0,0.0012578857,0.11461318284273148,0.7509881258010864,0.5878053903579712
YBR075W,YEL037C,0,0.0012577167,0.11459589749574661,0.7509881258010864,0.5879054665565491
YAR010C,YER048W-A,0,0.0012543537,0.11457861959934235,0.7509881258010864,0.5880056023597717
YIL159W,YBR092C,0,0.0012532799,0.11456134915351868,0.7509881258010864,0.5881057381629944
YGL256W,YHR031C,0,0.0012516622,0.1145440861582756,0.7509881258010864,0.588205873966217
YKL074C,YBR136W,0,0.0012516156,0.11452682316303253,0.7509881258010864,0.5883059501647949
YOL077W-A,YKR009C,0,0.001250192,0.11450956761837006,0.7509881258010864,0.5884060859680176
YIL023C,YDR210W-A,0,0.0012422912,0.11449231952428818,0.7509881258010864,0.5885062217712402
YKR020W,YCR023C,0,0.0012415936,0.1144750714302063,0.7509881258010864,0.5886062979698181
YER137C-A,YHR074W,0,0.0012412625,0.11445783078670502,0.7509881258010864,0.5887064337730408
YGR028W,YNR020C,0,0.0012410022,0.11444059759378433,0.7509881258010864,0.5888065695762634
YDR159W,YIL125W,0,0.0012390567,0.11442336440086365,0.7509881258010864,0.5889067053794861
YOR383C,YDR038C,1,0.0012370348,0.1145566776394844,0.7519763112068176,0.5889067053794861
YKL021C,YMR058W,0,0.0012335293,0.11453943699598312,0.7519763112068176,0.589006781578064
YMR046C,YAL041W,0,0.0012331661,0.11452219635248184,0.7519763112068176,0.5891069173812866
YEL055C,YOR389W,0,0.0012311018,0.11450496315956116,0.7519763112068176,0.5892070531845093
YOL088C,YML099C,0,0.0012298673,0.11448773741722107,0.7519763112068176,0.5893071889877319
YDL017W,YEL061C,0,0.0012270771,0.11447051912546158,0.7519763112068176,0.5894072651863098
YPR080W,YML129C,0,0.0012230463,0.11445330083370209,0.7519763112068176,0.5895074009895325
YGL160W,YBL005W-B,0,0.0012209136,0.1144360899925232,0.7519763112068176,0.5896075367927551
YJR010C-A,YHL018W,0,0.0012183674,0.1144188866019249,0.7519763112068176,0.5897076725959778
YKL071W,YGL003C,0,0.0012166006,0.1144016832113266,0.7519763112068176,0.5898077487945557
YPL257W-A,YNL207W,0,0.0012123236,0.1143844872713089,0.7519763112068176,0.5899078845977783
YHR161C,YEL037C,0,0.0012113266,0.1143672987818718,0.7519763112068176,0.590008020401001
YGR186W,YHL027W,0,0.0012086816,0.11435011029243469,0.7519763112068176,0.5901081562042236
YGR031C-A,YPR144C,0,0.0012072641,0.11433292925357819,0.7519763112068176,0.5902082324028015
YJR028W,YDR261C-D,0,0.0012047677,0.11431575566530228,0.7519763112068176,0.5903083682060242
YPR158C-C,YNL077W,0,0.0012019551,0.11429858952760696,0.7519763112068176,0.5904085040092468
YGR292W,YHR067W,0,0.0011997484,0.11428142338991165,0.7519763112068176,0.5905086398124695
YDR261C-C,YJL050W,0,0.0011945269,0.11426426470279694,0.7519763112068176,0.5906087160110474
YPR168W,YBR182C,0,0.0011926517,0.11424711346626282,0.7519763112068176,0.59070885181427
YGL019W,YDR316W-A,0,0.0011920687,0.1142299622297287,0.7519763112068176,0.5908089876174927
YOR142W-A,YJL030W,0,0.0011906521,0.11421281844377518,0.7519763112068176,0.5909090638160706
YOL165C,YLR103C,0,0.0011879355,0.11419567465782166,0.7519763112068176,0.5910091996192932
YER137C-A,YBR176W,0,0.0011875173,0.11417854577302933,0.7519763112068176,0.5911093354225159
YOR242C,YOR192C-B,0,0.0011869515,0.114161416888237,0.7519763112068176,0.5912094712257385
YOL027C,YLR227W-B,0,0.0011856714,0.11414429545402527,0.7519763112068176,0.5913095474243164
YHR143W-A,YDR261W-B,0,0.0011856714,0.11412717401981354,0.7519763112068176,0.5914096832275391
YDR316W-A,YPR137C-A,0,0.0011855494,0.1141100600361824,0.7519763112068176,0.5915098190307617
YIR032C,YNL327W,0,0.0011841096,0.11409295350313187,0.7519763112068176,0.5916099548339844
YOR142W-A,YGR284C,0,0.0011831061,0.11407585442066193,0.7519763112068176,0.5917100310325623
YML132W,YML121W,0,0.0011809273,0.11405875533819199,0.7519763112068176,0.5918101668357849
YDR418W,YDL045W-A,0,0.0011806153,0.11404166370630264,0.7519763112068176,0.5919103026390076
YML010W,YGL181W,0,0.0011803189,0.1140245720744133,0.7519763112068176,0.5920104384422302
YHR046C,YDL207W,0,0.0011788141,0.11400748789310455,0.7519763112068176,0.5921105146408081
YDL038C,YDL133C-A,0,0.0011783596,0.1139904111623764,0.7519763112068176,0.5922106504440308
YDR096W,YDL179W,0,0.0011771461,0.11397334188222885,0.7519763112068176,0.5923107862472534
YOR219C,YNL304W,0,0.0011683116,0.1139562726020813,0.7519763112068176,0.5924109220504761
YDR020C,YJL100W,0,0.0011679512,0.11393921077251434,0.7519763112068176,0.592510998249054
YAL009W,YBR012W-B,0,0.0011671595,0.11392215639352798,0.7519763112068176,0.5926111340522766
YOR192C-A,YOR206W,0,0.0011627981,0.11390510201454163,0.7519763112068176,0.5927112698554993
YCR097W,YNL311C,0,0.0011601727,0.11388805508613586,0.7519763112068176,0.5928113460540771
YEL065W,YLL015W,1,0.0011538789,0.11402065306901932,0.752964437007904,0.5928113460540771
YOL021C,YOL088C,0,0.0011519678,0.11400359123945236,0.752964437007904,0.5929114818572998
YGR257C,YJL091C,0,0.0011480264,0.113986536860466,0.752964437007904,0.5930116176605225
YLR086W,YBR120C,0,0.001145774,0.11396948993206024,0.752964437007904,0.5931117534637451
YPL149W,YBR010W,0,0.001141008,0.11395244300365448,0.752964437007904,0.593211829662323
YGL174W,YIL017C,0,0.0011330694,0.11393540352582932,0.752964437007904,0.5933119654655457
YIL131C,YLR040C,0,0.0011327211,0.11391837149858475,0.752964437007904,0.5934121012687683
YGL241W,YNL139C,0,0.0011296533,0.11390134692192078,0.752964437007904,0.593512237071991
YNR013C,YOL077W-A,1,0.0011288282,0.1140337735414505,0.7539525628089905,0.593512237071991
YNL259C,YCL005W-A,1,0.0011250107,0.11416617035865784,0.7549406886100769,0.593512237071991
YDR316W-A,YLR364W,0,0.001122382,0.11414910852909088,0.7549406886100769,0.5936123132705688
YLR447C,YLR138W,1,0.0011195764,0.11428144574165344,0.7559288740158081,0.5936123132705688
YIL039W,YLR256W,0,0.0011184737,0.11426437646150589,0.7559288740158081,0.5937124490737915
YLR130C,YAR018C,0,0.0011173896,0.11424731463193893,0.7559288740158081,0.5938125848770142
YBR123C,YNL107W,0,0.0011132285,0.11423025280237198,0.7559288740158081,0.5939127206802368
YAL038W,YLR008C,0,0.0011098329,0.11421319842338562,0.7559288740158081,0.5940127968788147
YOR348C,YMR250W,0,0.0011082888,0.11419615149497986,0.7559288740158081,0.5941129326820374
YNL131W,YHR001W,0,0.0010959031,0.1141791045665741,0.7559288740158081,0.59421306848526
YLL023C,YPR096C,0,0.001094196,0.11416206508874893,0.7559288740158081,0.5943132042884827
YBL106C,YKL172W,0,0.0010936148,0.11414503306150436,0.7559288740158081,0.5944132804870605
YJL165C,YER082C,0,0.0010898486,0.1141280010342598,0.7559288740158081,0.5945134162902832
YLR157C-B,YOR381W,0,0.0010860688,0.11411097645759583,0.7559288740158081,0.5946135520935059
YER137C-A,YBR092C,0,0.0010853373,0.11409395933151245,0.7559288740158081,0.5947136282920837
YGR006W,YLR145W,0,0.0010834839,0.11407694965600967,0.7559288740158081,0.5948137640953064
YJL155C,YPR096C,0,0.0010824213,0.1140599399805069,0.7559288740158081,0.594913899898529
YKL154W,YDR261W-A,0,0.001080621,0.11404293030500412,0.7559288740158081,0.5950140357017517
YJR006W,YPL218W,0,0.0010788105,0.11402593553066254,0.7559288740158081,0.5951141119003296
YHR051W,YCR069W,0,0.0010784436,0.11400894075632095,0.7559288740158081,0.5952142477035522
YOR393W,YER169W,0,0.001077801,0.11399195343255997,0.7559288740158081,0.5953143835067749
YBR286W,YDR369C,0,0.0010758527,0.11397497355937958,0.7559288740158081,0.5954145193099976
YML124C,YBL112C,0,0.0010732226,0.11395799368619919,0.7559288740158081,0.5955145955085754
YPR184W,YDR156W,0,0.0010724813,0.1139410212635994,0.7559288740158081,0.5956147313117981
YCL027C-A,YHR129C,0,0.001069909,0.1139240488409996,0.7559288740158081,0.5957148671150208
YML104C,YOL103W-B,0,0.0010686149,0.11390708386898041,0.7559288740158081,0.5958150029182434
YGR152C,YNL217W,0,0.0010681264,0.11389012634754181,0.7559288740158081,0.5959150791168213
YOR224C,YOR174W,0,0.00106618,0.11387317627668381,0.7559288740158081,0.596015214920044
YOR251C,YDR276C,1,0.0010657832,0.11400505900382996,0.7569169998168945,0.596015214920044
YBR079C,YNL113W,0,0.0010633711,0.11398809403181076,0.7569169998168945,0.5961153507232666
YKR062W,YMR159C,0,0.001056311,0.11397113651037216,0.7569169998168945,0.5962154865264893
YBR135W,YHL019C,0,0.0010561775,0.11395417898893356,0.7569169998168945,0.5963155627250671
YFR028C,YMR300C,0,0.0010552127,0.11393722891807556,0.7569169998168945,0.5964156985282898
YKL112W,YBL112C,0,0.0010541547,0.11392028629779816,0.7569169998168945,0.5965158343315125
YGL008C,YER003C,0,0.0010536201,0.11390334367752075,0.7569169998168945,0.5966159105300903
YPR201W,YGR104C,0,0.0010521226,0.11388640850782394,0.7569169998168945,0.596716046333313
YDR130C,YLR204W,0,0.0010501873,0.11386948078870773,0.7569169998168945,0.5968161821365356
YPL244C,YOR287C,0,0.0010496175,0.11385255306959152,0.7569169998168945,0.5969163179397583
YJL160C,YJL104W,0,0.0010425858,0.1138356402516365,0.7569169998168945,0.5970163941383362
YNR017W,YMR211W,0,0.0010410175,0.11381871998310089,0.7569169998168945,0.5971165299415588
YNL092W,YOR162C,0,0.001040807,0.11380181461572647,0.7569169998168945,0.5972166657447815
YGR194C,YPR060C,0,0.001035653,0.11378490924835205,0.7569169998168945,0.5973168015480042
YNL271C,YKL008C,0,0.0010341331,0.11376801133155823,0.7569169998168945,0.597416877746582
YDR238C,YML063W,0,0.0010297,0.1137511134147644,0.7569169998168945,0.5975170135498047
YPL224C,YPR003C,1,0.001029483,0.11388270556926727,0.757905125617981,0.5975170135498047
YFR042W,YLL023C,0,0.0010288525,0.11386579275131226,0.757905125617981,0.5976171493530273
YHR060W,YHL007C,0,0.0010193922,0.11384889483451843,0.757905125617981,0.59771728515625
YOL151W,YMR032W,0,0.0010185651,0.11383199691772461,0.757905125617981,0.5978173613548279
YDR261W-B,YDL002C,0,0.0010172687,0.11381510645151138,0.757905125617981,0.5979174971580505
YNL138W-A,YOL148C,0,0.0010158792,0.11379821598529816,0.757905125617981,0.5980176329612732
YNL054W-B,YBR167C,0,0.0010127258,0.11378134042024612,0.757905125617981,0.5981177687644958
YLR373C,YJL062W-A,0,0.0010126042,0.11376446485519409,0.757905125617981,0.5982178449630737
YOR216C,YNR032W,0,0.0010096394,0.11374758929014206,0.757905125617981,0.5983179807662964
YDR171W,YCR097WB,0,0.0010022791,0.11373072117567062,0.757905125617981,0.598418116569519
YAL016W,YBL021C,0,0.0010019224,0.11371386051177979,0.757905125617981,0.5985181927680969
YOR043W,YER114C,0,0.0010019001,0.11369700729846954,0.757905125617981,0.5986183285713196
YMR224C,YLR337W,0,0.0009949896,0.1136801540851593,0.757905125617981,0.5987184643745422
YHR052W,YER146W,0,0.0009923354,0.11366330832242966,0.757905125617981,0.5988186001777649
YGR161W-B,YBR192W,0,0.0009914278,0.11364646255970001,0.757905125617981,0.5989186763763428
YGR072W,YJR129C,0,0.0009914208,0.11362963169813156,0.757905125617981,0.5990188121795654
YDR096W,YPR072W,0,0.0009912984,0.11361280083656311,0.757905125617981,0.5991189479827881
YOR298C-A,YGL234W,0,0.0009836592,0.11359596997499466,0.757905125617981,0.5992190837860107
YMR121C,YDR020C,0,0.0009775199,0.1135791465640068,0.757905125617981,0.5993191599845886
YDR222W,YLR385C,0,0.0009769043,0.11356233060359955,0.757905125617981,0.5994192957878113
YDR252W,YML095C,0,0.0009733699,0.11354552209377289,0.757905125617981,0.5995194315910339
YBR241C,YIR012W,0,0.0009722281,0.11352871358394623,0.757905125617981,0.5996195673942566
YPL224C,YBR207W,1,0.00097069517,0.11365991085767746,0.7588932514190674,0.5996195673942566
YDL051W,YDL246C,0,0.0009687282,0.1136430874466896,0.7588932514190674,0.5997196435928345
YDR320C-A,YKL116C,0,0.0009656623,0.11362627893686295,0.7588932514190674,0.5998197793960571
YHR070W,YER070W,0,0.0009634602,0.11360947042703629,0.7588932514190674,0.5999199151992798
YKL061W,YLR130C,0,0.0009557307,0.11359266191720963,0.7588932514190674,0.6000200510025024
YNL010W,YPL148C,0,0.00095022283,0.11357586830854416,0.7588932514190674,0.6001201272010803
YIL172C,YIR010W,0,0.0009487057,0.11355907469987869,0.7588932514190674,0.600220263004303
YMR034C,YBR024W,1,0.00094852597,0.11369012296199799,0.7598814368247986,0.600220263004303
YML091C,YLR213C,0,0.0009402856,0.11367332190275192,0.7598814368247986,0.6003203988075256
YLL015W,YGR001C,0,0.0009397119,0.11365652084350586,0.7598814368247986,0.6004204750061035
YCL010C,YHR039C-B,0,0.00093538966,0.1136397197842598,0.7598814368247986,0.6005206108093262
YML065W,YNL321W,0,0.00093268603,0.11362293362617493,0.7598814368247986,0.6006207466125488
YDR173C,YOL155C,0,0.0009309724,0.11360614746809006,0.7598814368247986,0.6007208824157715
YDR143C,YMR159C,0,0.00092794374,0.11358936131000519,0.7598814368247986,0.6008209586143494
YDL007W,YIR018W,0,0.0009251628,0.11357259005308151,0.7598814368247986,0.600921094417572
YGL186C,YPL214C,0,0.0009156652,0.11355581879615784,0.7598814368247986,0.6010212302207947
YML008C,YPR137C-B,0,0.0009118188,0.11353905498981476,0.7598814368247986,0.6011213660240173
YHR057C,YMR298W,0,0.00090963766,0.11352229118347168,0.7598814368247986,0.6012214422225952
YKL056C,YPR187W,0,0.00090914965,0.1135055348277092,0.7598814368247986,0.6013215780258179
YMR112C,YDR072C,0,0.00090796966,0.11348878592252731,0.7598814368247986,0.6014217138290405
YDL038C,YER004W,0,0.0008927239,0.11347203701734543,0.7598814368247986,0.6015218496322632
YLR423C,YPR124W,0,0.0008868631,0.11345529556274414,0.7598814368247986,0.6016219258308411
YDR143C,YLR040C,0,0.00088659395,0.11343856155872345,0.7598814368247986,0.6017220616340637
YKR036C,YER169W,0,0.0008858647,0.11342182755470276,0.7598814368247986,0.6018221974372864
YGR199W,YNR023W,0,0.0008821152,0.11340510100126266,0.7598814368247986,0.601922333240509
YPR137C-B,YLR145W,0,0.0008791955,0.11338838189840317,0.7598814368247986,0.6020224094390869
YKL027W,YDR533C,0,0.0008777608,0.11337166279554367,0.7598814368247986,0.6021225452423096
YGL173C,YKR026C,0,0.0008765098,0.11335495114326477,0.7598814368247986,0.6022226810455322
YIL034C,YPL150W,0,0.0008762609,0.11333824694156647,0.7598814368247986,0.6023228168487549
YJR009C,YCR079W,0,0.00087223575,0.11332154273986816,0.7598814368247986,0.6024228930473328
YDL074C,YHR061C,0,0.00086513534,0.11330484598875046,0.7598814368247986,0.6025230288505554
YDL004W,YOR087W,1,0.00086317584,0.11343547701835632,0.760869562625885,0.6025230288505554
YKR002W,YER087C-B,0,0.0008622892,0.11341876536607742,0.760869562625885,0.6026231646537781
YJR033C,YKR050W,0,0.00086050853,0.11340206116437912,0.760869562625885,0.602723240852356
YPL212C,YER070W,0,0.0008598082,0.11338536441326141,0.760869562625885,0.6028233766555786
YPL283C,YHR026W,0,0.0008573085,0.11336866766214371,0.760869562625885,0.6029235124588013
YER103W,YJR145C,0,0.0008530142,0.1133519783616066,0.760869562625885,0.6030236482620239
YAR027W,YDR472W,0,0.00085171685,0.11333529651165009,0.760869562625885,0.6031237244606018
YOL057W,YIL160C,0,0.00084959716,0.11331861466169357,0.760869562625885,0.6032238602638245
YOR088W,YDR276C,1,0.0008461308,0.1134490892291069,0.7618576884269714,0.6032238602638245
YDR316W-A,YML009C,0,0.0008453871,0.1134323999285698,0.7618576884269714,0.6033239960670471
YDR316W-A,YBR142W,0,0.0008453871,0.11341571062803268,0.7618576884269714,0.6034241318702698
YPL164C,YKR061W,0,0.0008403696,0.11339902877807617,0.7618576884269714,0.6035242080688477
YER137C-A,YOL146W,0,0.0008365223,0.11338235437870026,0.7618576884269714,0.6036243438720703
YLR035C-A,YDL231C,0,0.000835442,0.11336567997932434,0.7618576884269714,0.603724479675293
YGR027W-A,YOR261C,0,0.0008347449,0.11334901303052902,0.7618576884269714,0.6038246154785156
YDR166C,YCR094W,0,0.0008336799,0.1133323535323143,0.7618576884269714,0.6039246916770935
YDR137W,YGR112W,0,0.00083326735,0.11331569403409958,0.7618576884269714,0.6040248274803162
YPL089C,YMR210W,0,0.00083182985,0.11329904198646545,0.7618576884269714,0.6041249632835388
YHL008C,YBR296C,1,0.0008284366,0.11342933028936386,0.7628458738327026,0.6041249632835388
YLR221C,YNL058C,0,0.0008206535,0.11341266334056854,0.7628458738327026,0.6042250990867615
YML085C,YKL146W,0,0.0008202754,0.11339600384235382,0.7628458738327026,0.6043251752853394
YCR102C,YGL100W,0,0.0008200961,0.1133793517947197,0.7628458738327026,0.604425311088562
YDR418W,YBR057C,0,0.00081738085,0.11336269974708557,0.7628458738327026,0.6045254468917847
YLR276C,YDR034C-D,0,0.00081557315,0.11334605515003204,0.7628458738327026,0.6046255230903625
YBR141C,YGL011C,0,0.0008127261,0.11332941800355911,0.7628458738327026,0.6047256588935852
YPL283C,YPL128C,0,0.00081197545,0.11331278085708618,0.7628458738327026,0.6048257946968079
YHR072W-A,YPL024W,0,0.00081093516,0.11329615861177444,0.7628458738327026,0.6049259305000305
YLR357W,YOL103W-B,0,0.00081014726,0.11327952891588211,0.7628458738327026,0.6050260066986084
YKR103W,YJR017C,0,0.0008098539,0.11326291412115097,0.7628458738327026,0.605126142501831
YCL057C-A,YML071C,0,0.0008097589,0.11324629932641983,0.7628458738327026,0.6052262783050537
YPL089C,YPR042C,0,0.0008096956,0.11322968453168869,0.7628458738327026,0.6053264141082764
YML039W,YAR003W,0,0.0008093901,0.11321308463811874,0.7628458738327026,0.6054264903068542
YMR296C,YIL046W,0,0.0008062795,0.1131964772939682,0.7628458738327026,0.6055266261100769
YDL128W,YCR024C-A,1,0.0008051358,0.11332648992538452,0.7638339996337891,0.6055266261100769
YMR078C,YPR158W-A,0,0.0008032741,0.11330988258123398,0.7638339996337891,0.6056267619132996
YGR158C,YDR034C-D,0,0.0008027442,0.11329327523708344,0.7638339996337891,0.6057268977165222
YDR440W,YHR178W,0,0.00080246106,0.11327666789293289,0.7638339996337891,0.6058269739151001
YOR192C-B,YML073C,0,0.0008022897,0.11326007544994354,0.7638339996337891,0.6059271097183228
YDL127W,YLR154W-A,0,0.00080155674,0.1132434830069542,0.7638339996337891,0.6060272455215454
YDR210W,YOR142W-A,0,0.0008013146,0.11322689056396484,0.7638339996337891,0.6061273813247681
YGR074W,YPL257W-A,0,0.00080112554,0.11321031302213669,0.7638339996337891,0.606227457523346
YNL177C,YPL009C,0,0.00080106594,0.11319373548030853,0.7638339996337891,0.6063275933265686
YHL016C,YHR104W,0,0.00079879165,0.11317715793848038,0.7638339996337891,0.6064277291297913
YNL265C,YGR038C-A,0,0.0007987092,0.11316058784723282,0.7638339996337891,0.6065278053283691
YFR032C-A,YPL257W-B,0,0.0007914938,0.11314402520656586,0.7638339996337891,0.6066279411315918
YCL011C,YPR158C-D,0,0.0007887846,0.11312747001647949,0.7638339996337891,0.6067280769348145
YDR034C-C,YDR339C,0,0.0007880959,0.11311091482639313,0.7638339996337891,0.6068282127380371
YGR143W,YDL195W,0,0.00078753754,0.11309436708688736,0.7638339996337891,0.606928288936615
YLR256W,YDR261W-A,0,0.0007864614,0.11307782679796219,0.7638339996337891,0.6070284247398376
YDR261C-D,YBL039C,0,0.00078573916,0.11306128650903702,0.7638339996337891,0.6071285605430603
YBR294W,YDR473C,0,0.0007833801,0.11304474622011185,0.7638339996337891,0.607228696346283
YFL002W-B,YMR229C,0,0.00078326464,0.11302822083234787,0.7638339996337891,0.6073287725448608
YPR158W-A,YLL029W,0,0.00078293355,0.11301169544458389,0.7638339996337891,0.6074289083480835
YCR092C,YOR233W,0,0.000782724,0.11299517750740051,0.7638339996337891,0.6075290441513062
YCR081W,YMR016C,0,0.0007779356,0.11297865957021713,0.7638339996337891,0.6076291799545288
YGR027W-A,YOR033C,0,0.0007768646,0.11296214908361435,0.7638339996337891,0.6077292561531067
YOR142W-A,YJL134W,0,0.0007734867,0.11294564604759216,0.7638339996337891,0.6078293919563293
YHR082C,YGR188C,0,0.0007696226,0.11292914301156998,0.7638339996337891,0.607929527759552
YPL257W-B,YOR046C,0,0.00076883286,0.11291264742612839,0.7638339996337891,0.6080296635627747
YLL043W,YKL217W,1,0.00076489523,0.1130422055721283,0.7648221254348755,0.6080296635627747
YDR465C,YGR038C-B,0,0.0007632496,0.11302570253610611,0.7648221254348755,0.6081297397613525
YOR088W,YHR039C-A,1,0.00075112795,0.11315520852804184,0.7658102512359619,0.6081297397613525
YHR172W,YHR070W,0,0.0007496122,0.11313868314027786,0.7658102512359619,0.6082298755645752
YGR282C,YMR287C,0,0.0007480383,0.11312217265367508,0.7658102512359619,0.6083300113677979
YKR071C,YJR088C,0,0.0007461426,0.1131056621670723,0.7658102512359619,0.6084300875663757
YMR086W,YBL071W-A,0,0.00074391905,0.11308915913105011,0.7658102512359619,0.6085302233695984
YOR287C,YPR018W,0,0.00074305385,0.11307265609502792,0.7658102512359619,0.608630359172821
YDR263C,YJL012C-A,0,0.0007401146,0.11305616050958633,0.7658102512359619,0.6087304949760437
YOR179C,YOR381W,0,0.000737533,0.11303967237472534,0.7658102512359619,0.6088305711746216
YCR098C,YCL005W-A,1,0.0007296745,0.11316902190446854,0.7667984366416931,0.6088305711746216
YDR131C,YGR109C,0,0.0007270407,0.11315252631902695,0.7667984366416931,0.6089307069778442
YOR174W,YML132W,0,0.00072205067,0.11313602328300476,0.7667984366416931,0.6090308427810669
YLR009W,YPR158C-D,0,0.00071888324,0.11311953514814377,0.7667984366416931,0.6091309785842896
YOR071C,YOL092W,0,0.00071723387,0.11310304701328278,0.7667984366416931,0.6092310547828674
YKL064W,YPL090C,0,0.0007170662,0.11308656632900238,0.7667984366416931,0.6093311905860901
YKL091C,YER162C,0,0.0007138327,0.11307008564472198,0.7667984366416931,0.6094313263893127
YOR294W,YPR075C,0,0.0007107146,0.11305361241102219,0.7667984366416931,0.6095314621925354
YDR225W,YPL015C,0,0.00070449477,0.11303714662790298,0.7667984366416931,0.6096315383911133
YNL138W-A,YBR296C,0,0.0007038787,0.11302068084478378,0.7667984366416931,0.6097316741943359
YPL240C,YDR444W,0,0.00070038484,0.11300422251224518,0.7667984366416931,0.6098318099975586
YGL259W,YDR489W,0,0.0007002037,0.11298777163028717,0.7667984366416931,0.6099319458007812
YGR295C,YJL106W,0,0.0006960649,0.11297132074832916,0.7667984366416931,0.6100320219993591
YGR207C,YNL330C,0,0.0006932132,0.11295487731695175,0.7667984366416931,0.6101321578025818
YDL214C,YEL041W,0,0.00069299154,0.11293843388557434,0.7667984366416931,0.6102322936058044
YOR257W,YOR138C,0,0.0006834455,0.11292200535535812,0.7667984366416931,0.6103323698043823
YDR415C,YJR028W,0,0.0006788336,0.11290556937456131,0.7667984366416931,0.610432505607605
YNL284C,YMR043W,0,0.00067873485,0.11288914829492569,0.7667984366416931,0.6105326414108276
YOR245C,YGL100W,0,0.00067644566,0.11287272721529007,0.7667984366416931,0.6106327772140503
YGL201C,YDR454C,0,0.00067639723,0.11285631358623505,0.7667984366416931,0.6107328534126282
YIL093C,YDR090C,0,0.0006763283,0.11283989995718002,0.7667984366416931,0.6108329892158508
YBR004C,YOL137W,0,0.00067527406,0.1128234937787056,0.7667984366416931,0.6109331250190735
YER185W,YOR240W,0,0.00067434646,0.11280709505081177,0.7667984366416931,0.6110332608222961
YDL210W,YOR088W,1,0.00067157205,0.11293604969978333,0.7677865624427795,0.6110332608222961
YFR042W,YOR192C-B,0,0.0006709285,0.1129196360707283,0.7677865624427795,0.611133337020874
YGL039W,YBR228W,0,0.0006700698,0.11290322244167328,0.7677865624427795,0.6112334728240967
YDR356W,YGR031C-A,0,0.00066132424,0.11288682371377945,0.7677865624427795,0.6113336086273193
YML027W,YDR059C,0,0.0006573275,0.11287042498588562,0.7677865624427795,0.611433744430542
YGR207C,YCR073C,0,0.00064531993,0.11285403370857239,0.7677865624427795,0.6115338206291199
YGR138C,YHR039C-B,1,0.0006215852,0.1129828616976738,0.768774688243866,0.6115338206291199
YGR034W,YDR046C,0,0.0006197728,0.11296645551919937,0.768774688243866,0.6116339564323425
YKR035W-A,YKL027W,0,0.0006065406,0.11295005679130554,0.768774688243866,0.6117340922355652
YJL065C,YHR109W,0,0.00060464814,0.11293366551399231,0.768774688243866,0.6118342280387878
YFR036W,YPR102C,0,0.00060409494,0.11291727423667908,0.768774688243866,0.6119343042373657
YNL134C,YJR040W,0,0.00060121063,0.11290088295936584,0.768774688243866,0.6120344400405884
YPL139C,YJR017C,0,0.00059898384,0.1128845065832138,0.768774688243866,0.612134575843811
YGR184C,YGR277C,0,0.0005920343,0.11286813020706177,0.768774688243866,0.6122346520423889
YNL335W,YLR164W,0,0.0005900711,0.11285175383090973,0.768774688243866,0.6123347878456116
YJL137C,YJL113W,0,0.0005893912,0.11283538490533829,0.768774688243866,0.6124349236488342
YLR120C,YKL084W,0,0.000579122,0.11281902343034744,0.768774688243866,0.6125350594520569
YBR176W,YKR038C,0,0.0005761273,0.1128026694059372,0.768774688243866,0.6126351356506348
YLR005W,YJL138C,0,0.00057078525,0.11278631538152695,0.768774688243866,0.6127352714538574
YLR026C,YBL040C,0,0.0005672239,0.1127699688076973,0.768774688243866,0.6128354072570801
YBR026C,YJL100W,0,0.0005616783,0.11275362223386765,0.768774688243866,0.6129355430603027
YKL120W,YLR214W,1,0.00055637956,0.11288218945264816,0.7697628736495972,0.6129355430603027
YNR060W,YGL167C,1,0.0005552955,0.1130107194185257,0.7707509994506836,0.6129355430603027
YJL071W,YIR014W,0,0.0005527646,0.11299435049295425,0.7707509994506836,0.6130356192588806
YKL216W,YMR210W,0,0.0005464833,0.11297798156738281,0.7707509994506836,0.6131357550621033
YGL175C,YML071C,0,0.00054343464,0.11296162009239197,0.7707509994506836,0.6132358908653259
YJR130C,YEL043W,0,0.0005421201,0.11294526606798172,0.7707509994506836,0.6133360266685486
YER039C,YNL086W,0,0.0005370341,0.11292891204357147,0.7707509994506836,0.6134361028671265
YPR168W,YBL022C,0,0.0005326113,0.11291256546974182,0.7707509994506836,0.6135362386703491
YNL302C,YLL055W,0,0.00052590296,0.11289621889591217,0.7707509994506836,0.6136363744735718
YLL043W,YMR005W,0,0.00052434206,0.11287988722324371,0.7707509994506836,0.6137365102767944
YDR155C,YPL037C,0,0.0005214531,0.11286354809999466,0.7707509994506836,0.6138365864753723
YDR480W,YKL042W,0,0.00052041374,0.1128472238779068,0.7707509994506836,0.613936722278595
YGL106W,YLR025W,0,0.00050924346,0.11283089965581894,0.7707509994506836,0.6140368580818176
YBR079C,YJR001W,0,0.0005087182,0.11281457543373108,0.7707509994506836,0.6141369938850403
YFL017W-A,YDR498C,0,0.0005032094,0.11279826611280441,0.7707509994506836,0.6142370700836182
YLR238W,YGL047W,0,0.0004988257,0.11278195679187775,0.7707509994506836,0.6143372058868408
YMR058W,YGL255W,1,0.00048549473,0.11291021853685379,0.77173912525177,0.6143372058868408
YAL017W,YGL119W,0,0.00048142858,0.11289390176534653,0.77173912525177,0.6144373416900635
YOL090W,YLR154W-A,0,0.0004805969,0.11287758499383926,0.77173912525177,0.6145374178886414
YPL016W,YNR023W,0,0.00047989003,0.112861268222332,0.77173912525177,0.614637553691864
YGL035C,YCR029C-A,0,0.00047548022,0.11284496635198593,0.77173912525177,0.6147376894950867
YBR036C,YDR385W,0,0.0004740171,0.11282866448163986,0.77173912525177,0.6148378252983093
YDL112W,YDL141W,0,0.00046636537,0.11281236261129379,0.77173912525177,0.6149379014968872
YLR391W-A,YOL088C,0,0.00046528643,0.11279606819152832,0.77173912525177,0.6150380373001099
YLR266C,YJR094W-A,0,0.0004605055,0.11277978122234344,0.77173912525177,0.6151381731033325
YJR159W,YKL101W,0,0.0004593376,0.11276350170373917,0.77173912525177,0.6152383089065552
YOR322C,YER140W,0,0.0004574638,0.11274722218513489,0.77173912525177,0.6153383851051331
YHR028C,YGL213C,0,0.0004484877,0.1127309501171112,0.77173912525177,0.6154385209083557
YIL091C,YDL008W,0,0.00043842196,0.11271467804908752,0.77173912525177,0.6155386567115784
YBR083W,YMR164C,0,0.0004373286,0.11269841343164444,0.77173912525177,0.615638792514801
YNR010W,YDR107C,0,0.00043715443,0.11268215626478195,0.77173912525177,0.6157388687133789
YLR314C,YDR196C,0,0.0004331274,0.11266589909791946,0.77173912525177,0.6158390045166016
YFL024C,YJR058C,0,0.00042973552,0.11264964938163757,0.77173912525177,0.6159391403198242
YBR227C,YDR081C,0,0.00042890012,0.11263339966535568,0.77173912525177,0.6160392761230469
YER166W,YCR027C,1,0.00042490847,0.11276135593652725,0.7727272510528564,0.6160392761230469
YLR356W,YJL062W-A,0,0.0004233662,0.11274509876966476,0.7727272510528564,0.6161393523216248
YDL168W,YDL144C,0,0.0004167296,0.11272884160280228,0.7727272510528564,0.6162394881248474
YDL245C,YMR271C,0,0.00041446835,0.11271259933710098,0.7727272510528564,0.6163396239280701
YOR228C,YDR051C,0,0.00041388907,0.11269635707139969,0.7727272510528564,0.616439700126648
YER006W,YIL072W,0,0.00040735677,0.1126801148056984,0.7727272510528564,0.6165398359298706
YGL212W,YGR263C,0,0.0004050457,0.1126638799905777,0.7727272510528564,0.6166399717330933
YPL078C,YNL272C,0,0.00039832853,0.1126476526260376,0.7727272510528564,0.6167401075363159
YML054C,YLL019C,0,0.0003972007,0.1126314252614975,0.7727272510528564,0.6168401837348938
YDL133C-A,YPR047W,0,0.00039497484,0.112615205347538,0.7727272510528564,0.6169403195381165
YJL160C,YGR186W,0,0.00039472245,0.11259899288415909,0.7727272510528564,0.6170404553413391
YLR142W,YER147C,0,0.00037772814,0.11258278042078018,0.7727272510528564,0.6171405911445618
YKL071W,YLR016C,0,0.00037566386,0.11256657540798187,0.7727272510528564,0.6172406673431396
YFL035C,YBR044C,0,0.00037477352,0.11255037784576416,0.7727272510528564,0.6173408031463623
YOR396W,YLR213C,0,0.00036929222,0.11253418028354645,0.7727272510528564,0.617440938949585
YJL121C,YBR288C,0,0.0003678184,0.11251798272132874,0.7727272510528564,0.6175410747528076
YOR243C,YDL075W,0,0.0003676042,0.11250180006027222,0.7727272510528564,0.6176411509513855
YDR261C-D,YGL097W,0,0.0003626654,0.1124856173992157,0.7727272510528564,0.6177412867546082
YLL013C,YNL316C,0,0.00035994872,0.11246943473815918,0.7727272510528564,0.6178414225578308
YDR392W,YDR156W,0,0.00035457266,0.11245326697826385,0.7727272510528564,0.6179415583610535
YJR040W,YML121W,1,0.00035417452,0.11258088052272797,0.7737154364585876,0.6179415583610535
YDR403W,YIL072W,0,0.0003520921,0.11256469041109085,0.7737154364585876,0.6180416345596313
YPR121W,YLR078C,0,0.00034900568,0.11254851520061493,0.7737154364585876,0.618141770362854
YGL156W,YBR012W-A,0,0.00034541264,0.11253233999013901,0.7737154364585876,0.6182419061660767
YJR031C,YOR066W,0,0.00034514256,0.11251616477966309,0.7737154364585876,0.6183419823646545
YPL234C,YKL080W,1,0.00033896416,0.11264368146657944,0.7747035622596741,0.6183419823646545
YHR171W,YLR425W,0,0.0003356859,0.11262749880552292,0.7747035622596741,0.6184421181678772
YIL139C,YJL108C,0,0.0003296975,0.1126113161444664,0.7747035622596741,0.6185422539710999
YAR035W,YPR063C,0,0.00032591075,0.11259514838457108,0.7747035622596741,0.6186423897743225
YML064C,YNL279W,0,0.00032581761,0.11257898062467575,0.7747035622596741,0.6187424659729004
YDR531W,YIL111W,0,0.00032559969,0.11256281286478043,0.7747035622596741,0.618842601776123
YOR232W,YKR038C,0,0.00032447,0.1125466525554657,0.7747035622596741,0.6189427375793457
YBR048W,YOL056W,0,0.00032374635,0.11253049969673157,0.7747035622596741,0.6190428733825684
YJL160C,YKL170W,0,0.00032271538,0.11251435428857803,0.7747035622596741,0.6191429495811462
YFL036W,YER087W,0,0.00032129232,0.1124982088804245,0.7747035622596741,0.6192430853843689
YIL155C,YFL011W-A,0,0.00032062829,0.11248206347227097,0.7747035622596741,0.6193432211875916
YNR060W,YBR037C,1,0.0003173882,0.1126093789935112,0.7756916880607605,0.6193432211875916
YML039W,YOR036W,0,0.00031733513,0.11259323358535767,0.7756916880607605,0.6194433569908142
YNL335W,YHR168W,0,0.00031499937,0.11257708072662354,0.7756916880607605,0.6195434331893921
YJL056C,YPR122W,0,0.0003113635,0.1125609427690506,0.7756916880607605,0.6196435689926147
YGL039W,YNL124W,0,0.00031028222,0.11254480481147766,0.7756916880607605,0.6197437047958374
YOL017W,YDL110C,0,0.00030448288,0.11252866685390472,0.7756916880607605,0.6198438405990601
YJL081C,YOR131C,0,0.0003022477,0.11251254379749298,0.7756916880607605,0.6199439167976379
YLR312C-B,YDL006W,0,0.00030021835,0.11249642074108124,0.7756916880607605,0.6200440526008606
YJR017C,YML104C,0,0.00029905885,0.1124802976846695,0.7756916880607605,0.6201441884040833
YCR075C,YGL130W,0,0.0002974188,0.11246418207883835,0.7756916880607605,0.6202442646026611
YPL036W,YOR273C,1,0.00028397236,0.11259131878614426,0.7766798138618469,0.6202442646026611
YCL057C-A,YLR425W,0,0.00028171763,0.11257519572973251,0.7766798138618469,0.6203444004058838
YCR043C,YFR046C,0,0.00027533434,0.11255907267332077,0.7766798138618469,0.6204445362091064
YPL088W,YLR166C,0,0.00027305074,0.11254295706748962,0.7766798138618469,0.6205446720123291
YIR037W,YHL044W,0,0.00027279928,0.11252684146165848,0.7766798138618469,0.620644748210907
YOR035C,YBL069W,0,0.0002647387,0.11251073330640793,0.7766798138618469,0.6207448840141296
YPR145W,YNL259C,0,0.00026074704,0.11249463260173798,0.7766798138618469,0.6208450198173523
YKL190W,YCR070W,0,0.00025770254,0.11247853189706802,0.7766798138618469,0.620945155620575
YER133W,YEL053C,0,0.00024974067,0.11246243864297867,0.7766798138618469,0.6210452318191528
YLR113W,YCR080W,0,0.00024807826,0.11244635283946991,0.7766798138618469,0.6211453676223755
YKL003C,YMR273C,0,0.0002479516,0.11243026703596115,0.7766798138618469,0.6212455034255981
YFR006W,YFL008W,0,0.00024695322,0.11241418868303299,0.7766798138618469,0.6213456392288208
YJL194W,YHR044C,0,0.00024610758,0.11239811033010483,0.7766798138618469,0.6214457154273987
YGL173C,YDR248C,0,0.00024300348,0.11238203942775726,0.7766798138618469,0.6215458512306213
YGL106W,YDR472W,0,0.00023742393,0.1123659759759903,0.7766798138618469,0.621645987033844
YKL100C,YOR008C,0,0.00023505464,0.11234991252422333,0.7766798138618469,0.6217461228370667
YHR079C,YNL121C,0,0.00023106765,0.11233385652303696,0.7766798138618469,0.6218461990356445
YDL064W,YLR014C,0,0.00022908486,0.11231780797243118,0.7766798138618469,0.6219463348388672
YBL088C,YML018C,0,0.00022587553,0.11230175942182541,0.7766798138618469,0.6220464706420898
YOR291W,YOR071C,1,0.00022459961,0.11242856830358505,0.7776679992675781,0.6220464706420898
YGL210W-A,YNL330C,0,0.00021954067,0.11241251230239868,0.7776679992675781,0.6221465468406677
YCL027C-A,YDL014W,0,0.00021902006,0.11239645630121231,0.7776679992675781,0.6222466826438904
YBR235W,YLR272C,0,0.00021816336,0.11238040775060654,0.7776679992675781,0.622346818447113
YLR355C,YBL090W,0,0.00021473691,0.11236436665058136,0.7776679992675781,0.6224469542503357
YOL077W-A,YGR223C,0,0.00020498037,0.11234832555055618,0.7776679992675781,0.6225470304489136
YPL196W,YNL050C,0,0.00020234287,0.112332284450531,0.7776679992675781,0.6226471662521362
YNR060W,YLR411W,1,0.00020233169,0.1124589666724205,0.7786561250686646,0.6226471662521362
YKL120W,YGL167C,1,0.00020219386,0.11258561909198761,0.779644250869751,0.6226471662521362
YEL070W,YDR266C,0,0.00020096824,0.11256955564022064,0.779644250869751,0.6227473020553589
YOR326W,YOR010C,0,0.00019404665,0.11255349218845367,0.779644250869751,0.6228474378585815
YJL206C,YNL293W,0,0.00019071903,0.1125374436378479,0.779644250869751,0.6229475140571594
YLL042C,YOR095C,0,0.0001858063,0.11252139508724213,0.779644250869751,0.6230476498603821
YML038C,YPL128C,0,0.00017569959,0.11250534653663635,0.779644250869751,0.6231477856636047
YLL041C,YNL257C,0,0.00017034821,0.11248930543661118,0.779644250869751,0.6232479214668274
YGL021W,YPL038W,0,0.00016341358,0.1124732717871666,0.779644250869751,0.6233479976654053
YOL020W,YOR381W,1,0.00016262196,0.11259977519512177,0.7806324362754822,0.6233479976654053
YNL009W,YLR275W,0,0.00016228482,0.11258372664451599,0.7806324362754822,0.6234481334686279
YFL041W,YHR039C-B,1,0.00015889574,0.11271017044782639,0.7816205620765686,0.6234481334686279
YDL232W,YDR494W,0,0.0001551602,0.11269411444664001,0.7816205620765686,0.6235482692718506
YDR388W,YOR354C,0,0.00015482679,0.11267806589603424,0.7816205620765686,0.6236484050750732
YGR175C,YJL149W,0,0.00015270896,0.11266201734542847,0.7816205620765686,0.6237484812736511
YLR221C,YGR087C,0,0.00015144981,0.11264596879482269,0.7816205620765686,0.6238486170768738
YJL221C,YBR084C-A,0,0.00014461763,0.11262992769479752,0.7816205620765686,0.6239487528800964
YNL339C,YDR214W,0,0.00014105067,0.11261389404535294,0.7816205620765686,0.6240488290786743
YDR532C,YGL222C,0,0.00013866276,0.11259786784648895,0.7816205620765686,0.624148964881897
YJL177W,YER044C,0,0.00013842434,0.11258184164762497,0.7816205620765686,0.6242491006851196
YDR239C,YHR187W,0,0.00013600755,0.11256581544876099,0.7816205620765686,0.6243492364883423
YDR511W,YMR240C,0,0.00012723729,0.1125498041510582,0.7816205620765686,0.6244493126869202
YML060W,YKL018W,0,0.00012075901,0.11253378540277481,0.7816205620765686,0.6245494484901428
YLR010C,YGR035C,0,0.000117663294,0.11251778155565262,0.7816205620765686,0.6246495842933655
YCR098C,YNL309W,0,0.00011198595,0.11250177770853043,0.7816205620765686,0.6247497200965881
YBR152W,YEL055C,0,0.00010978803,0.11248578131198883,0.7816205620765686,0.624849796295166
YDL229W,YDL200C,0,0.000108580105,0.11246978491544724,0.7816205620765686,0.6249499320983887
YDR506C,YHR050W,1,0.00010338612,0.11259596049785614,0.782608687877655,0.6249499320983887
YDL114W,YBR177C,0,0.00010047294,0.11257995665073395,0.782608687877655,0.6250500679016113
YNR060W,YHL040C,1,9.707641e-05,0.11270608007907867,0.7835968136787415,0.6250500679016113
YJR075W,YNL139C,0,9.554066e-05,0.11269006878137589,0.7835968136787415,0.625150203704834
YPL159C,YDR140W,0,8.812919e-05,0.1126740574836731,0.7835968136787415,0.6252502799034119
YJL079C,YNL279W,0,8.765608e-05,0.1126580461859703,0.7835968136787415,0.6253504157066345
YCR057C,YNL208W,0,8.090492e-05,0.11264204233884811,0.7835968136787415,0.6254505515098572
YKR081C,YNL095C,0,7.806998e-05,0.11262604594230652,0.7835968136787415,0.6255506873130798
YNL070W,YIR021W,0,7.587299e-05,0.11261005699634552,0.7835968136787415,0.6256507635116577
YDR318W,YLL033W,0,7.197261e-05,0.11259406805038452,0.7835968136787415,0.6257508993148804
YCL057C-A,YNL222W,0,7.164106e-05,0.11257807910442352,0.7835968136787415,0.625851035118103
YMR038C,YEL017C-A,1,6.635301e-05,0.11270404607057571,0.7845849990844727,0.625851035118103
YLR213C,YLR242C,0,6.0606748e-05,0.11268804967403412,0.7845849990844727,0.6259511709213257
YOL040C,YLR359W,0,6.020814e-05,0.11267206072807312,0.7845849990844727,0.6260512471199036
YKR025W,YJR040W,0,5.160272e-05,0.11265607178211212,0.7845849990844727,0.6261513829231262
YOR155C,YCL047C,0,5.134195e-05,0.11264009028673172,0.7845849990844727,0.6262515187263489
YIR036C,YBR271W,0,4.900992e-05,0.11262411624193192,0.7845849990844727,0.6263515949249268
YOR240W,YOR328W,0,4.8480928e-05,0.11260814219713211,0.7845849990844727,0.6264517307281494
YDR356W,YOR347C,0,4.5290682e-05,0.1125921756029129,0.7845849990844727,0.6265518665313721
YKR018C,YGR231C,0,4.392676e-05,0.1125762090086937,0.7845849990844727,0.6266520023345947
YML039W,YOL119C,0,4.1823834e-05,0.11256024986505508,0.7845849990844727,0.6267520785331726
YOR212W,YDR093W,0,3.3171847e-05,0.11254429817199707,0.7845849990844727,0.6268522143363953
YFL023W,YLR166C,0,2.0768493e-05,0.11252834647893906,0.7845849990844727,0.6269523501396179
YMR038C,YDL100C,1,1.9919127e-05,0.11265410482883453,0.7855731248855591,0.6269523501396179
YDR392W,YER049W,0,1.7732382e-05,0.11263813823461533,0.7855731248855591,0.6270524859428406
YHR004C,YHR082C,0,1.7178245e-05,0.11262218654155731,0.7855731248855591,0.6271525621414185
YOR010C,YOR088W,0,1.5466474e-05,0.1126062348484993,0.7855731248855591,0.6272526979446411
YPL118W,YKL018W,0,1.0518357e-05,0.11259028315544128,0.7855731248855591,0.6273528337478638
YBR068C,YOR384W,0,9.845942e-06,0.11257433891296387,0.7855731248855591,0.6274529695510864
YIL047C,YJL118W,0,9.607524e-06,0.11255840212106705,0.7855731248855591,0.6275530457496643
YPL019C,YIL027C,0,3.1162053e-06,0.11254246532917023,0.7855731248855591,0.627653181552887
YLR286C,YML087C,0,2.5480986e-06,0.112526535987854,0.7855731248855591,0.6277533173561096
YOR279C,YLR337W,0,1.0933727e-06,0.11251061409711838,0.7855731248855591,0.6278534531593323
YBR297W,YDR247W,0,-6.444752e-07,0.11249469220638275,0.7855731248855591,0.6279535293579102
YFR051C,YDL038C,0,-3.3602118e-06,0.11247877776622772,0.7855731248855591,0.6280536651611328
YMR301C,YJL129C,1,-1.1507422e-05,0.11260432749986649,0.7865612506866455,0.6280536651611328
YCL057C-A,YOL033W,0,-1.3809651e-05,0.11258839815855026,0.7865612506866455,0.6281538009643555
YOR338W,YJL153C,0,-1.511164e-05,0.11257247626781464,0.7865612506866455,0.6282538771629333
YBR056W,YML072C,0,-2.4305657e-05,0.1125565618276596,0.7865612506866455,0.628354012966156
YNL224C,YHR079C-A,0,-2.4717301e-05,0.11254064738750458,0.7865612506866455,0.6284541487693787
YHL040C,YBR294W,1,-2.8867275e-05,0.11266610026359558,0.7875494360923767,0.6284541487693787
YGL185C,YBR274W,0,-2.9070303e-05,0.11265017837285995,0.7875494360923767,0.6285542845726013
YKR006C,YNL049C,0,-3.341958e-05,0.11263425648212433,0.7875494360923767,0.6286543607711792
YOR196C,YNR040W,0,-3.8305297e-05,0.1126183420419693,0.7875494360923767,0.6287544965744019
YIL122W,YJR147W,0,-4.337728e-05,0.11260242760181427,0.7875494360923767,0.6288546323776245
YNL192W,YBR154C,0,-4.998222e-05,0.11258652061223984,0.7875494360923767,0.6289547681808472
YDL133C-A,YCR047C,0,-5.0485134e-05,0.112570621073246,0.7875494360923767,0.629054844379425
YDL019C,YIL160C,0,-5.0775707e-05,0.11255472153425217,0.7875494360923767,0.6291549801826477
YOR251C,YMR075W,0,-5.3881668e-05,0.11253882944583893,0.7875494360923767,0.6292551159858704
YOR291W,YPL231W,0,-5.5061653e-05,0.11252294480800629,0.7875494360923767,0.629355251789093
YOR209C,YPL104W,0,-6.150082e-05,0.11250706017017365,0.7875494360923767,0.6294553279876709
YJL094C,YMR301C,1,-6.174017e-05,0.11263231933116913,0.7885375618934631,0.6294553279876709
YMR044W,YMR323W,0,-6.409362e-05,0.11261642724275589,0.7885375618934631,0.6295554637908936
YOR039W,YKL182W,0,-6.4231455e-05,0.11260053515434265,0.7885375618934631,0.6296555995941162
YGR200C,YKL206C,0,-6.5591186e-05,0.11258465051651001,0.7885375618934631,0.6297557353973389
YIL076W,YNL283C,0,-7.869676e-05,0.11256876587867737,0.7885375618934631,0.6298558115959167
YNR013C,YOR288C,0,-8.180179e-05,0.11255288869142532,0.7885375618934631,0.6299559473991394
YGR289C,YOR291W,0,-8.762069e-05,0.11253701895475388,0.7885375618934631,0.6300560832023621
YDL114W,YLR229C,0,-9.7502954e-05,0.11252114921808243,0.7885375618934631,0.6301561594009399
YKR019C,YKL126W,0,-9.965245e-05,0.11250528693199158,0.7885375618934631,0.6302562952041626
YHR099W,YPL113C,0,-0.000104410574,0.11248942464590073,0.7885375618934631,0.6303564310073853
YNL307C,YHR001W,0,-0.000115565956,0.11247356981039047,0.7885375618934631,0.6304565668106079
YCR020C,YJL104W,0,-0.00012060488,0.11245772242546082,0.7885375618934631,0.6305566430091858
YLR147C,YDR120C,0,-0.00012764335,0.11244187504053116,0.7885375618934631,0.6306567788124084
YOR194C,YJL063C,0,-0.0001291614,0.1124260351061821,0.7885375618934631,0.6307569146156311
YLL039C,YPR091C,0,-0.00012968713,0.11241019517183304,0.7885375618934631,0.6308570504188538
YPR019W,YGR256W,0,-0.00013045967,0.11239436268806458,0.7885375618934631,0.6309571266174316
YLR368W,YPR043W,0,-0.00013256446,0.11237853765487671,0.7885375618934631,0.6310572624206543
YPR043W,YML056C,0,-0.0001331754,0.11236271262168884,0.7885375618934631,0.631157398223877
YDR378C,YPL186C,0,-0.00013491884,0.11234689503908157,0.7885375618934631,0.6312575340270996
YIL050W,YNL224C,0,-0.00013621524,0.1123310774564743,0.7885375618934631,0.6313576102256775
YDL225W,YJL065C,0,-0.00014075078,0.11231526732444763,0.7885375618934631,0.6314577460289001
YGL206C,YCR029C-A,0,-0.00014284346,0.11229946464300156,0.7885375618934631,0.6315578818321228
YDL099W,YBR173C,0,-0.00014300458,0.11228366196155548,0.7885375618934631,0.6316580176353455
YML030W,YEL056W,0,-0.00014422508,0.11226786673069,0.7885375618934631,0.6317580938339233
YGR275W,YNL289W,0,-0.00014703348,0.11225207149982452,0.7885375618934631,0.631858229637146
YJR033C,YPL212C,0,-0.00015418231,0.11223628371953964,0.7885375618934631,0.6319583654403687
YGR087C,YDR073W,0,-0.00015453808,0.11222050338983536,0.7885375618934631,0.6320584416389465
YBR236C,YLR330W,0,-0.00015669689,0.11220472306013107,0.7885375618934631,0.6321585774421692
YHR112C,YPR035W,0,-0.00016291812,0.11218895018100739,0.7885375618934631,0.6322587132453918
YPR181C,YJR144W,0,-0.00016471744,0.1121731773018837,0.7885375618934631,0.6323588490486145
YDL127W,YNL257C,0,-0.00017043203,0.1121574118733406,0.7885375618934631,0.6324589252471924
YGL174W,YPR108W,0,-0.00017822161,0.11214165389537811,0.7885375618934631,0.632559061050415
YGL259W,YHR119W,0,-0.0001881076,0.11212589591741562,0.7885375618934631,0.6326591968536377
YGL173C,YOR030W,0,-0.00019169599,0.11211014539003372,0.7885375618934631,0.6327593326568604
YJR083C,YGL145W,0,-0.00019956194,0.11209439486265182,0.7885375618934631,0.6328594088554382
YDR311W,YGR272C,0,-0.00020185579,0.11207865178585052,0.7885375618934631,0.6329595446586609
YJL028W,YLR048W,0,-0.00020494685,0.11206291615962982,0.7885375618934631,0.6330596804618835
YOR391C,YDL153C,0,-0.00020593405,0.11204718053340912,0.7885375618934631,0.6331598162651062
YGR222W,YGL211W,0,-0.00020853058,0.11203144490718842,0.7885375618934631,0.6332598924636841
YLL036C,YGR277C,0,-0.00020971801,0.1120157241821289,0.7885375618934631,0.6333600282669067
YPR005C,YNL095C,0,-0.00021452457,0.1120000034570694,0.7885375618934631,0.6334601640701294
YHR214C-B,YER098W,0,-0.00022748671,0.11198428273200989,0.7885375618934631,0.633560299873352
YDR117C,YJL157C,0,-0.0002322644,0.11196856945753098,0.7885375618934631,0.6336603760719299
YPR021C,YPL092W,1,-0.00023242086,0.11209315061569214,0.7895256876945496,0.6336603760719299
YLR188W,YPL150W,0,-0.0002345778,0.11207742989063263,0.7895256876945496,0.6337605118751526
YIL063C,YNR022C,0,-0.0002351366,0.11206170916557312,0.7895256876945496,0.6338606476783752
YPR103W,YOR180C,0,-0.0002374947,0.11204599589109421,0.7895256876945496,0.6339607238769531
YHR099W,YHR044C,0,-0.00024224073,0.1120302826166153,0.7895256876945496,0.6340608596801758
YGL128C,YML071C,0,-0.0002426263,0.11201457679271698,0.7895256876945496,0.6341609954833984
YKL179C,YGR067C,0,-0.0002437504,0.11199887841939926,0.7895256876945496,0.6342611312866211
YBR223C,YKR018C,0,-0.00024675764,0.11198318004608154,0.7895256876945496,0.634361207485199
YPR003C,YOL158C,1,-0.00025124103,0.11210761964321136,0.790513813495636,0.634361207485199
YBR160W,YPL200W,0,-0.00025138538,0.11209191381931305,0.790513813495636,0.6344613432884216
YPL204W,YIL084C,0,-0.00025848672,0.11207621544599533,0.790513813495636,0.6345614790916443
YLR139C,YFR004W,0,-0.00026049465,0.11206050962209702,0.790513813495636,0.6346616148948669
YJL014W,YJL116C,0,-0.00026562344,0.1120448186993599,0.790513813495636,0.6347616910934448
YBR084C-A,YMR006C,0,-0.00027203187,0.11202912777662277,0.790513813495636,0.6348618268966675
YLR213C,YJR053W,0,-0.00027654506,0.11201344430446625,0.790513813495636,0.6349619626998901
YNL138W-A,YMR229C,0,-0.0002806019,0.11199776083230972,0.790513813495636,0.6350620985031128
YOR348C,YNR060W,1,-0.0002959147,0.1121220588684082,0.7915019989013672,0.6350620985031128
YJR083C,YML087C,0,-0.00030087586,0.11210636794567108,0.7915019989013672,0.6351621747016907
YKL112W,YHL008C,0,-0.00030493364,0.11209067702293396,0.7915019989013672,0.6352623105049133
YOL057W,YOR340C,0,-0.00031145988,0.11207499355077744,0.7915019989013672,0.635362446308136
YGR075C,YOL041C,0,-0.00031959033,0.11205931752920151,0.7915019989013672,0.6354625821113586
YOR295W,YJL020C,0,-0.000319954,0.11204364150762558,0.7915019989013672,0.6355626583099365
YML042W,YER020W,0,-0.0003209021,0.11202797293663025,0.7915019989013672,0.6356627941131592
YOR290C,YKR046C,0,-0.00032439455,0.11201230436563492,0.7915019989013672,0.6357629299163818
YCR080W,YPR073C,0,-0.00032624393,0.11199664324522018,0.7915019989013672,0.6358630061149597
YDR320C-A,YCL024W,0,-0.00032743625,0.11198098957538605,0.7915019989013672,0.6359631419181824
YER110C,YIL158W,0,-0.00032909214,0.11196533590555191,0.7915019989013672,0.636063277721405
YAR044W,YHR086W,0,-0.0003405884,0.11194968223571777,0.7915019989013672,0.6361634135246277
YJL133W,YMR271C,0,-0.00035040546,0.11193404346704483,0.7915019989013672,0.6362634897232056
YPL009C,YDR416W,0,-0.00035700435,0.11191840469837189,0.7915019989013672,0.6363636255264282
YKL179C,YHR039C,0,-0.0003572926,0.11190276592969894,0.7915019989013672,0.6364637613296509
YMR162C,YMR154C,0,-0.00035752682,0.1118871346116066,0.7915019989013672,0.6365638971328735
YNR073C,YNL160W,0,-0.00036031008,0.11187151074409485,0.7915019989013672,0.6366639733314514
YPL068C,YPL002C,0,-0.00036051404,0.1118558868765831,0.7915019989013672,0.6367641091346741
YDR373W,YOR095C,0,-0.00036063604,0.11184027045965195,0.7915019989013672,0.6368642449378967
YMR113W,YOR214C,0,-0.0003626598,0.1118246540427208,0.7915019989013672,0.6369643807411194
YPR190C,YGL001C,0,-0.000363525,0.11180904507637024,0.7915019989013672,0.6370644569396973
YOR322C,YMR160W,0,-0.00036365166,0.11179344356060028,0.7915019989013672,0.6371645927429199
YML075C,YJL073W,0,-0.000366088,0.11177784204483032,0.7915019989013672,0.6372647285461426
YOR147W,YHR050W,0,-0.00037341844,0.11176224052906036,0.7915019989013672,0.6373648643493652
YGL062W,YPL005W,0,-0.0003752131,0.1117466539144516,0.7915019989013672,0.6374649405479431
YDL084W,YMR045C,0,-0.0003787093,0.11173106729984283,0.7915019989013672,0.6375650763511658
YHR052W,YGR128C,0,-0.00038054585,0.11171548068523407,0.7915019989013672,0.6376652121543884
YFL022C,YOR118W,0,-0.0003806241,0.1116999015212059,0.7915019989013672,0.6377653479576111
YDR219C,YFL002C,0,-0.00038199127,0.11168432980775833,0.7915019989013672,0.637865424156189
YER165W,YJL041W,0,-0.00038982928,0.11166875809431076,0.7915019989013672,0.6379655599594116
YLR320W,YLR399C,0,-0.00039025955,0.11165319383144379,0.7915019989013672,0.6380656957626343
YOR138C,YFR044C,0,-0.00039073825,0.11163762956857681,0.7915019989013672,0.6381657719612122
YPL195W,YPL246C,0,-0.00039468426,0.11162207275629044,0.7915019989013672,0.6382659077644348
YDL185W,YMR193W,0,-0.0003952533,0.11160652339458466,0.7915019989013672,0.6383660435676575
YDR534C,YDL128W,1,-0.00040192064,0.11173028498888016,0.7924901247024536,0.6383660435676575
YLR042C,YER027C,0,-0.00040531624,0.11171472072601318,0.7924901247024536,0.6384661793708801
YHR178W,YLL040C,0,-0.00040981174,0.1116991639137268,0.7924901247024536,0.638566255569458
YER162C,YKL189W,0,-0.00041199476,0.11168360710144043,0.7924901247024536,0.6386663913726807
YKL010C,YHR079C-A,0,-0.00041464902,0.11166805773973465,0.7924901247024536,0.6387665271759033
YGL062W,YDL236W,0,-0.0004159417,0.11165251582860947,0.7924901247024536,0.638866662979126
YOR116C,YKR029C,0,-0.00041671097,0.11163697391748428,0.7924901247024536,0.6389667391777039
YER145C,YBL026W,0,-0.00041841343,0.1116214320063591,0.7924901247024536,0.6390668749809265
YDR421W,YOL066C,0,-0.0004308112,0.11160589754581451,0.7924901247024536,0.6391670107841492
YLR421C,YMR086W,0,-0.0004353458,0.11159037053585052,0.7924901247024536,0.6392671465873718
YNL308C,YBR204C,0,-0.00043940544,0.11157484352588654,0.7924901247024536,0.6393672227859497
YGL229C,YKL212W,0,-0.0004466027,0.11155932396650314,0.7924901247024536,0.6394673585891724
YOR287C,YOR283W,0,-0.00045004487,0.11154381185770035,0.7924901247024536,0.639567494392395
YNL092W,YBL022C,0,-0.00045489287,0.11152829974889755,0.7924901247024536,0.6396676301956177
YML030W,YML065W,0,-0.00045826565,0.11151279509067535,0.7924901247024536,0.6397677063941956
YJL200C,YKL198C,0,-0.0004623942,0.11149729043245316,0.7924901247024536,0.6398678421974182
YJL006C,YMR046C,0,-0.00046951603,0.11148179322481155,0.7924901247024536,0.6399679780006409
YIL122W,YPR204W,0,-0.0004739836,0.11146629601716995,0.7924901247024536,0.6400680541992188
YLL041C,YLR251W,0,-0.00047603995,0.11145080626010895,0.7924901247024536,0.6401681900024414
YGL213C,YDL121C,0,-0.00047651865,0.11143532395362854,0.7924901247024536,0.6402683258056641
YEL042W,YIL108W,0,-0.0004807301,0.11141984164714813,0.7924901247024536,0.6403684616088867
YDR429C,YBR235W,0,-0.00048161298,0.11140435934066772,0.7924901247024536,0.6404685378074646
YOR043W,YBR202W,0,-0.00048856623,0.11138889193534851,0.7924901247024536,0.6405686736106873
YGR065C,YDR040C,1,-0.00050273817,0.11151228845119476,0.79347825050354,0.6405686736106873
YLR047C,YHR039C-B,1,-0.00050386507,0.11163565516471863,0.7944663763046265,0.6405686736106873
YGR138C,YBR024W,1,-0.0005046502,0.1117589920759201,0.7954545617103577,0.6405686736106873
YDR351W,YCR075C,0,-0.000505561,0.11174347251653671,0.7954545617103577,0.6406688094139099
YBL089W,YOR150W,0,-0.00050971843,0.11172796785831451,0.7954545617103577,0.6407689452171326
YFR051C,YER137C,0,-0.0005100798,0.11171246320009232,0.7954545617103577,0.6408690214157104
YBL055C,YMR166C,0,-0.000510741,0.11169695854187012,0.7954545617103577,0.6409691572189331
YDR071C,YGL084C,0,-0.00051613594,0.11168146133422852,0.7954545617103577,0.6410692930221558
YKL130C,YGR195W,0,-0.00051810034,0.11166597157716751,0.7954545617103577,0.6411694288253784
YOL010W,YKL124W,0,-0.000525007,0.1116504818201065,0.7954545617103577,0.6412695050239563
YJR155W,YMR093W,0,-0.00053180754,0.1116349995136261,0.7954545617103577,0.641369640827179
YDR298C,YDR081C,0,-0.0005325917,0.11161952465772629,0.7954545617103577,0.6414697766304016
YDR171W,YMR176W,0,-0.00053268205,0.11160404980182648,0.7954545617103577,0.6415699124336243
YOL077W-A,YDR016C,0,-0.0005328804,0.11158857494592667,0.7954545617103577,0.6416699886322021
YFR021W,YMR270C,0,-0.00053953566,0.11157311499118805,0.7954545617103577,0.6417701244354248
YBR199W,YJR045C,0,-0.00054284185,0.11155764758586884,0.7954545617103577,0.6418702602386475
YGL077C,YMR184W,0,-0.0005460903,0.11154219508171082,0.7954545617103577,0.6419703364372253
YOR215C,YPR011C,0,-0.0005470766,0.1115267351269722,0.7954545617103577,0.642070472240448
YBR004C,YDL133C-A,0,-0.00054908544,0.11151129007339478,0.7954545617103577,0.6421706080436707
YKL096W-A,YLR337W,0,-0.00054953434,0.11149584501981735,0.7954545617103577,0.6422707438468933
YOR384W,YDL206W,1,-0.00055450853,0.11161889135837555,0.7964426875114441,0.6422707438468933
YBR247C,YER098W,0,-0.000557296,0.11160343140363693,0.7964426875114441,0.6423708200454712
YNL252C,YKL126W,0,-0.0005583912,0.11158798635005951,0.7964426875114441,0.6424709558486938
YJL121C,YGL047W,0,-0.00055958517,0.11157253384590149,0.7964426875114441,0.6425710916519165
YNL308C,YDR082W,0,-0.0005601272,0.11155709624290466,0.7964426875114441,0.6426712274551392
YOR194C,YOL027C,0,-0.0005663652,0.11154165863990784,0.7964426875114441,0.642771303653717
YOR349W,YLL012W,0,-0.00056823716,0.11152622103691101,0.7964426875114441,0.6428714394569397
YGL077C,YHL047C,1,-0.0005702805,0.11164914071559906,0.7974308133125305,0.6428714394569397
YNL075W,YOR308C,0,-0.0005725771,0.11163369566202164,0.7974308133125305,0.6429715752601624
YBR125C,YOR384W,0,-0.00058136135,0.11161825805902481,0.7974308133125305,0.643071711063385
YPL017C,YDR462W,0,-0.0005886145,0.11160282045602798,0.7974308133125305,0.6431717872619629
YNL163C,YLR158C,0,-0.00059878826,0.11158739030361176,0.7974308133125305,0.6432719230651855
YGL161C,YLR026C,0,-0.0006002188,0.11157196015119553,0.7974308133125305,0.6433720588684082
YER074W,YCR043C,0,-0.00060338154,0.1115565374493599,0.7974308133125305,0.6434721946716309
YER117W,YOR180C,0,-0.00060383603,0.11154112219810486,0.7974308133125305,0.6435722708702087
YOR192C,YJL198W,1,-0.0006046742,0.11166390031576157,0.7984189987182617,0.6435722708702087
YIL046W,YMR180C,0,-0.0006079264,0.11164847016334534,0.7984189987182617,0.6436724066734314
YER148W,YHR215W,0,-0.0006079953,0.1116330474615097,0.7984189987182617,0.643772542476654
YDR074W,YGR148C,0,-0.0006100908,0.11161762475967407,0.7984189987182617,0.6438726186752319
YOR239W,YOL147C,0,-0.0006184317,0.11160220950841904,0.7984189987182617,0.6439727544784546
YKL119C,YOR269W,0,-0.000618577,0.111586794257164,0.7984189987182617,0.6440728902816772
YPL131W,YIL047C,0,-0.0006196946,0.11157138645648956,0.7984189987182617,0.6441730260848999
YJR033C,YBL027W,0,-0.00063489005,0.11155598610639572,0.7984189987182617,0.6442731022834778
YPL106C,YKL113C,0,-0.0006363811,0.11154058575630188,0.7984189987182617,0.6443732380867004
YOL066C,YCL018W,0,-0.00063658506,0.11152519285678864,0.7984189987182617,0.6444733738899231
YOR147W,YER042W,0,-0.0006387271,0.11150979995727539,0.7984189987182617,0.6445735096931458
YDR076W,YHR018C,0,-0.00064094923,0.11149441450834274,0.7984189987182617,0.6446735858917236
YKL095W,YGR287C,0,-0.0006422289,0.1114790290594101,0.7984189987182617,0.6447737216949463
YNL080C,YBL068W,0,-0.0006458871,0.11146365106105804,0.7984189987182617,0.644873857498169
YGL065C,YDR079W,0,-0.0006479863,0.111448273062706,0.7984189987182617,0.6449739933013916
YGL139W,YHL016C,1,-0.0006488133,0.1115708202123642,0.7994071245193481,0.6449739933013916
YCL057C-A,YJR063W,0,-0.00065471046,0.11155543476343155,0.7994071245193481,0.6450740694999695
YOR384W,YDR205W,1,-0.00065536983,0.11167792975902557,0.8003952503204346,0.6450740694999695
YAL039C,YHL036W,0,-0.0006601475,0.11166252940893173,0.8003952503204346,0.6451742053031921
YBR258C,YBL042C,0,-0.000666101,0.11164713650941849,0.8003952503204346,0.6452743411064148
YFL002W-A,YBR136W,0,-0.00066696294,0.11163175106048584,0.8003952503204346,0.6453744769096375
YGL013C,YBR238C,0,-0.0006683115,0.11161637306213379,0.8003952503204346,0.6454745531082153
YOL090W,YDR012W,0,-0.0006788727,0.11160099506378174,0.8003952503204346,0.645574688911438
YNL236W,YER026C,0,-0.00068108365,0.11158561706542969,0.8003952503204346,0.6456748247146606
YHL047C,YDR155C,0,-0.0006856434,0.11157024651765823,0.8003952503204346,0.6457749009132385
YHR172W,YKL195W,0,-0.00068631954,0.11155488342046738,0.8003952503204346,0.6458750367164612
YOL065C,YER157W,0,-0.0006867796,0.11153952032327652,0.8003952503204346,0.6459751725196838
YHR027C,YOR240W,0,-0.00068876916,0.11152416467666626,0.8003952503204346,0.6460753083229065
YBR095C,YPR065W,0,-0.0006901864,0.111508809030056,0.8003952503204346,0.6461753845214844
YIR011C,YLR032W,0,-0.000693284,0.11149346083402634,0.8003952503204346,0.646275520324707
YMR043W,YLL003W,0,-0.0006940216,0.11147812008857727,0.8003952503204346,0.6463756561279297
YOR159C,YMR228W,0,-0.0006940868,0.1114627793431282,0.8003952503204346,0.6464757919311523
YPR204W,YOR246C,0,-0.0006955303,0.11144743859767914,0.8003952503204346,0.6465758681297302
YEL041W,YJR137C,0,-0.0006967662,0.11143210530281067,0.8003952503204346,0.6466760039329529
YLR318W,YOL008W,0,-0.00070199836,0.1114167794585228,0.8003952503204346,0.6467761397361755
YOR234C,YDR371W,0,-0.0007043965,0.11140146106481552,0.8003952503204346,0.6468762755393982
YER073W,YPL155C,0,-0.000710994,0.11138613522052765,0.8003952503204346,0.6469763517379761
YNL128W,YDR081C,0,-0.0007112622,0.11137082427740097,0.8003952503204346,0.6470764875411987
YOR167C,YKL067W,0,-0.00071420893,0.11135551333427429,0.8003952503204346,0.6471766233444214
YIL162W,YEL038W,0,-0.0007220134,0.11134020984172821,0.8003952503204346,0.647276759147644
YKR025W,YGR225W,0,-0.0007245317,0.11132490634918213,0.8003952503204346,0.6473768353462219
YHR032W,YGL206C,0,-0.0007252721,0.11130960285663605,0.8003952503204346,0.6474769711494446
YGR241C,YGR203W,0,-0.00072788354,0.11129431426525116,0.8003952503204346,0.6475771069526672
YER053C,YPL036W,1,-0.00072824396,0.11141640692949295,0.801383376121521,0.6475771069526672
YIL177C,YKL188C,0,-0.0007292242,0.11140109598636627,0.801383376121521,0.6476771831512451
YOL008W,YGR035C,0,-0.0007314775,0.11138579994440079,0.801383376121521,0.6477773189544678
YBR132C,YLR399C,0,-0.00073348824,0.1113705039024353,0.801383376121521,0.6478774547576904
YHR209W,YMR289W,0,-0.00073676184,0.11135520786046982,0.801383376121521,0.6479775905609131
YPR132W,YNL047C,0,-0.00073942356,0.11133992671966553,0.801383376121521,0.648077666759491
YKR098C,YGL249W,0,-0.00074204244,0.11132463812828064,0.801383376121521,0.6481778025627136
YDR448W,YMR193W,0,-0.0007468611,0.11130935698747635,0.801383376121521,0.6482779383659363
YGR239C,YPL208W,0,-0.0007480942,0.11129408329725266,0.801383376121521,0.6483780741691589
YNL058C,YAL062W,0,-0.0007546991,0.11127881705760956,0.801383376121521,0.6484781503677368
YKL096W-A,YHR039C-B,0,-0.0007567145,0.11126355081796646,0.801383376121521,0.6485782861709595
YIL131C,YDL140C,0,-0.00076162815,0.11124828457832336,0.801383376121521,0.6486784219741821
YOR151C,YER154W,0,-0.0007710196,0.11123302578926086,0.801383376121521,0.6487785577774048
YBR179C,YMR150C,0,-0.0007728059,0.11121777445077896,0.801383376121521,0.6488786339759827
YNL254C,YCL019W,0,-0.00077902526,0.11120252311229706,0.801383376121521,0.6489787697792053
YGL048C,YDR329C,0,-0.0007856004,0.11118727922439575,0.801383376121521,0.649078905582428
YAL053W,YMR177W,1,-0.0007901583,0.11130911856889725,0.8023715615272522,0.649078905582428
YKL055C,YPL024W,0,-0.00080239587,0.11129385977983475,0.8023715615272522,0.6491790413856506
YEL016C,YMR030W,0,-0.0008080639,0.11127860844135284,0.8023715615272522,0.6492791175842285
YDR130C,YCR068W,0,-0.00080806576,0.11126335710287094,0.8023715615272522,0.6493792533874512
YJL160C,YMR135C,0,-0.0008083433,0.11124811321496964,0.8023715615272522,0.6494793891906738
YBR122C,YIL105C,0,-0.00081240525,0.11123287677764893,0.8023715615272522,0.6495795249938965
YBR240C,YGL002W,0,-0.000818057,0.11121764034032822,0.8023715615272522,0.6496796011924744
YDR228C,YDL045C,0,-0.00082160905,0.1112024113535881,0.8023715615272522,0.649779736995697
YDR170W-A,YOR293W,0,-0.0008318338,0.11118718236684799,0.8023715615272522,0.6498798727989197
YJR152W,YOR087W,1,-0.0008350592,0.11130887269973755,0.8033596873283386,0.6498798727989197
YOL002C,YAL061W,0,-0.00083554536,0.11129363626241684,0.8033596873283386,0.6499799489974976
YOR377W,YMR160W,0,-0.0008391682,0.11127839982509613,0.8033596873283386,0.6500800848007202
YDL180W,YPL015C,0,-0.0008410793,0.11126317083835602,0.8033596873283386,0.6501802206039429
YBR291C,YJR057W,0,-0.0008425601,0.1112479493021965,0.8033596873283386,0.6502803564071655
YNR010W,YDR299W,0,-0.0008462472,0.11123272776603699,0.8033596873283386,0.6503804326057434
YDL217C,YNL010W,0,-0.00084631704,0.11121751368045807,0.8033596873283386,0.6504805684089661
YOR332W,YDL120W,1,-0.00084934663,0.11133907735347748,0.804347813129425,0.6504805684089661
YNL284C,YLR136C,0,-0.0008552484,0.11132384836673737,0.804347813129425,0.6505807042121887
YBL100W-A,YDR403W,0,-0.0008575637,0.11130862683057785,0.804347813129425,0.6506808400154114
YNL245C,YJL154C,0,-0.0008583963,0.11129341274499893,0.804347813129425,0.6507809162139893
YER007W,YOR088W,0,-0.00086027477,0.11127819865942001,0.804347813129425,0.6508810520172119
YDL206W,YPL271W,1,-0.0008651614,0.11139967292547226,0.8053359389305115,0.6508810520172119
YKL046C,YAR066W,0,-0.00086838007,0.11138444393873215,0.8053359389305115,0.6509811878204346
YML128C,YPR191W,0,-0.00087124296,0.11136922985315323,0.8053359389305115,0.6510813236236572
YPL057C,YBR084W,0,-0.0008715838,0.11135400831699371,0.8053359389305115,0.6511813998222351
YPR137W,YLR130C,0,-0.00087690353,0.1113387942314148,0.8053359389305115,0.6512815356254578
YDR228C,YJR093C,0,-0.00088774785,0.11132358759641647,0.8053359389305115,0.6513816714286804
YBR273C,YML063W,0,-0.0008884631,0.11130838841199875,0.8053359389305115,0.6514818072319031
YLR396C,YBL057C,0,-0.00088937953,0.11129318922758102,0.8053359389305115,0.651581883430481
YBL041W,YDR079C-A,0,-0.0008910056,0.1112779900431633,0.8053359389305115,0.6516820192337036
YCR026C,YER169W,0,-0.0008935705,0.11126279830932617,0.8053359389305115,0.6517821550369263
YOL077W-A,YOR279C,0,-0.0009125974,0.11124761402606964,0.8053359389305115,0.6518822312355042
YOL057W,YLR380W,0,-0.00091429614,0.11123242974281311,0.8053359389305115,0.6519823670387268
YPL154C,YKL199C,0,-0.000917878,0.11121724545955658,0.8053359389305115,0.6520825028419495
YNL169C,YNR011C,0,-0.00091795623,0.11120207607746124,0.8053359389305115,0.6521826386451721
YAL013W,YJR043C,0,-0.00092261843,0.1111869066953659,0.8053359389305115,0.65228271484375
YOL145C,YDR307W,0,-0.00092347525,0.11117173731327057,0.8053359389305115,0.6523828506469727
YBL075C,YMR298W,0,-0.00092472136,0.11115657538175583,0.8053359389305115,0.6524829864501953
YKL146W,YDL210W,0,-0.0009265486,0.11114141345024109,0.8053359389305115,0.652583122253418
YJL010C,YER027C,0,-0.0009374432,0.11112625896930695,0.8053359389305115,0.6526831984519958
YML125C,YDL153C,0,-0.0009408146,0.1111111119389534,0.8053359389305115,0.6527833342552185
YLR098C,YFL050C,0,-0.0009416677,0.11109596490859985,0.8053359389305115,0.6528834700584412
YGR272C,YJR077C,0,-0.0009433171,0.1110808253288269,0.8053359389305115,0.6529836058616638
YNL086W,YIL105C,0,-0.0009480901,0.11106568574905396,0.8053359389305115,0.6530836820602417
YFL021W,YDL024C,0,-0.00094912574,0.1110505536198616,0.8053359389305115,0.6531838178634644
YDR531W,YBR236C,0,-0.000951197,0.11103542149066925,0.8053359389305115,0.653283953666687
YLL062C,YDR146C,0,-0.000952546,0.1110202968120575,0.8053359389305115,0.6533840894699097
YGL128C,YNL127W,0,-0.00096096843,0.11100517213344574,0.8053359389305115,0.6534841656684875
YDL054C,YCL014W,0,-0.000963036,0.11099005490541458,0.8053359389305115,0.6535843014717102
YMR162C,YFL053W,0,-0.0009632185,0.11097494512796402,0.8053359389305115,0.6536844372749329
YOL149W,YGR238C,0,-0.0009661522,0.11095983535051346,0.8053359389305115,0.6537845134735107
YPR108W,YHR039C-B,0,-0.00096748304,0.1109447330236435,0.8053359389305115,0.6538846492767334
YNL238W,YOR391C,0,-0.0009789784,0.11092963069677353,0.8053359389305115,0.653984785079956
YFL010W-A,YKL041W,0,-0.0009810049,0.11091453582048416,0.8053359389305115,0.6540849208831787
YOL077W-A,YKL146W,0,-0.0009819064,0.1108994409441948,0.8053359389305115,0.6541849970817566
YLR224W,YDR483W,0,-0.0009929966,0.11088435351848602,0.8053359389305115,0.6542851328849792
YPL274W,YCR098C,1,-0.0009943806,0.11100530624389648,0.8063241243362427,0.6542851328849792
YGL035C,YDR534C,0,-0.0009979606,0.11099020391702652,0.8063241243362427,0.6543852686882019
YDR155C,YBR084C-A,0,-0.0009989515,0.11097510904073715,0.8063241243362427,0.6544854044914246
YPR204W,YLL054C,0,-0.0009994935,0.11096002161502838,0.8063241243362427,0.6545854806900024
YKR103W,YDL079C,0,-0.0010018647,0.11094493418931961,0.8063241243362427,0.6546856164932251
YGL060W,YPR166C,0,-0.0010019587,0.11092985421419144,0.8063241243362427,0.6547857522964478
YBL061C,YCR023C,0,-0.0010128524,0.11091477423906326,0.8063241243362427,0.6548858880996704
YOR287C,YJR002W,0,-0.0010159817,0.11089970171451569,0.8063241243362427,0.6549859642982483
YDL039C,YLR105C,0,-0.0010169717,0.11088462918996811,0.8063241243362427,0.655086100101471
YKL108W,YDR032C,0,-0.0010267422,0.11086956411600113,0.8063241243362427,0.6551862359046936
YLR213C,YPL121C,0,-0.0010293056,0.11085450649261475,0.8063241243362427,0.6552863717079163
YLL038C,YKL206C,0,-0.0010424647,0.11083944886922836,0.8063241243362427,0.6553864479064941
YPR183W,YNR008W,0,-0.0010478627,0.11082439124584198,0.8063241243362427,0.6554865837097168
YDL198C,YOR317W,0,-0.0010549715,0.1108093410730362,0.8063241243362427,0.6555867195129395
YFL024C,YHL016C,0,-0.0010689292,0.110794298350811,0.8063241243362427,0.6556867957115173
YPR162C,YBR042C,0,-0.0010698698,0.11077925562858582,0.8063241243362427,0.65578693151474
YNL262W,YER030W,0,-0.0010733642,0.11076422035694122,0.8063241243362427,0.6558870673179626
YJL011C,YLR337W,0,-0.0010789,0.11074918508529663,0.8063241243362427,0.6559872031211853
YGR268C,YDR153C,0,-0.0010808837,0.11073415726423264,0.8063241243362427,0.6560872793197632
YJL160C,YBR236C,0,-0.0010881051,0.11071912944316864,0.8063241243362427,0.6561874151229858
YHR128W,YKL116C,0,-0.0010916609,0.11070410907268524,0.8063241243362427,0.6562875509262085
YBR281C,YPR133W-A,0,-0.0010924749,0.11068909615278244,0.8063241243362427,0.6563876867294312
YDR451C,YDR067C,0,-0.0010976531,0.11067408323287964,0.8063241243362427,0.656487762928009
YCL020W,YJR040W,0,-0.0010999441,0.11065907031297684,0.8063241243362427,0.6565878987312317
YNR001C,YMR268W-A,0,-0.0011082646,0.11064406484365463,0.8063241243362427,0.6566880345344543
YHR021C,YEL038W,0,-0.0011136457,0.11062906682491302,0.8063241243362427,0.656788170337677
YLR035C-A,YMR093W,0,-0.0011205408,0.11061406880617142,0.8063241243362427,0.6568882465362549
YHR215W,YLR050C,0,-0.0011212546,0.1105990782380104,0.8063241243362427,0.6569883823394775
YDR270W,YIL006W,1,-0.0011234302,0.11071960628032684,0.8073122501373291,0.6569883823394775
YHR032W,YDR137W,0,-0.0011243038,0.11070460826158524,0.8073122501373291,0.6570885181427002
YDR226W,YNL327W,0,-0.001128871,0.11068961024284363,0.8073122501373291,0.6571886539459229
YNL310C,YDR283C,0,-0.0011327192,0.11067461222410202,0.8073122501373291,0.6572887301445007
YOR204W,YIR003W,0,-0.0011360385,0.11065962165594101,0.8073122501373291,0.6573888659477234
YMR060C,YNL102W,0,-0.001137238,0.1106446385383606,0.8073122501373291,0.657489001750946
YNL139C,YEL065W,0,-0.00114566,0.11062965542078018,0.8073122501373291,0.6575890779495239
YMR080C,YNL331C,0,-0.001147761,0.11061467975378036,0.8073122501373291,0.6576892137527466
YIL023C,YNL003C,1,-0.0011507738,0.11073507368564606,0.8083003759384155,0.6576892137527466
YDL082W,YDL017W,0,-0.0011556186,0.11072008311748505,0.8083003759384155,0.6577893495559692
YDR018C,YDR453C,0,-0.0011673756,0.11070509999990463,0.8083003759384155,0.6578894853591919
YOL115W,YOL101C,0,-0.0011696406,0.11069012433290482,0.8083003759384155,0.6579895615577698
YLR047C,YLL028W,1,-0.0011755014,0.11081044375896454,0.8092885613441467,0.6579895615577698
YCR028C,YJL130C,0,-0.0011767261,0.11079545319080353,0.8092885613441467,0.6580896973609924
YLR274W,YBL082C,0,-0.0011819415,0.11078047007322311,0.8092885613441467,0.6581898331642151
YOL100W,YLR295C,0,-0.0011966266,0.1107654869556427,0.8092885613441467,0.6582899689674377
YGL256W,YNL146W,0,-0.0011971602,0.11075050383806229,0.8092885613441467,0.6583900451660156
YNR075W,YHR030C,0,-0.0011985935,0.11073553562164307,0.8092885613441467,0.6584901809692383
YNL265C,YGL233W,0,-0.0012005169,0.11072055995464325,0.8092885613441467,0.6585903167724609
YPL134C,YBL052C,0,-0.001201367,0.11070559918880463,0.8092885613441467,0.6586904525756836
YLR220W,YLR295C,1,-0.0012021069,0.1108257845044136,0.8102766871452332,0.6586904525756836
YNR063W,YOL124C,0,-0.0012038741,0.11081080883741379,0.8102766871452332,0.6587905287742615
YCR092C,YJR159W,0,-0.0012225099,0.11079584062099457,0.8102766871452332,0.6588906645774841
YDR411C,YOR367W,0,-0.0012244731,0.11078087240457535,0.8102766871452332,0.6589908003807068
YGR128C,YNL005C,0,-0.0012255013,0.11076590418815613,0.8102766871452332,0.6590909361839294
YGL178W,YKL148C,0,-0.0012319386,0.1107509434223175,0.8102766871452332,0.6591910123825073
YKR059W,YGR008C,0,-0.0012402311,0.11073599010705948,0.8102766871452332,0.65929114818573
YLL013C,YNL325C,0,-0.0012433864,0.11072103679180145,0.8102766871452332,0.6593912839889526
YEL077C,YBR175W,0,-0.0012518857,0.11070609092712402,0.8102766871452332,0.6594913601875305
YER019W,YHL004W,0,-0.0012532081,0.1106911450624466,0.8102766871452332,0.6595914959907532
YLR283W,YER052C,0,-0.0012537166,0.11067620664834976,0.8102766871452332,0.6596916317939758
YJL041W,YML130C,0,-0.0012570242,0.11066126823425293,0.8102766871452332,0.6597917675971985
YDL045W-A,YMR052W,0,-0.0012658089,0.1106463372707367,0.8102766871452332,0.6598918437957764
YDR222W,YPL275W,0,-0.0012703659,0.11063140630722046,0.8102766871452332,0.659991979598999
YLR107W,YKL160W,0,-0.0012736842,0.11061648279428482,0.8102766871452332,0.6600921154022217
YAR010C,YPR151C,0,-0.0012780167,0.11060156673192978,0.8102766871452332,0.6601922512054443
YKL009W,YOL008W,0,-0.0012789359,0.11058665066957474,0.8102766871452332,0.6602923274040222
YLR154C,YLR057W,0,-0.0012858238,0.1105717346072197,0.8102766871452332,0.6603924632072449
YDR210W,YBL024W,0,-0.0012872778,0.11055682599544525,0.8102766871452332,0.6604925990104675
YNL087W,YNR027W,0,-0.0012973044,0.1105419248342514,0.8102766871452332,0.6605927348136902
YPL180W,YPR043W,0,-0.001301086,0.11052702367305756,0.8102766871452332,0.6606928110122681
YLR033W,YNR070W,0,-0.0013041422,0.1105121299624443,0.8102766871452332,0.6607929468154907
YJL028W,YDR402C,0,-0.0013050837,0.11049723625183105,0.8102766871452332,0.6608930826187134
YJR092W,YGR062C,0,-0.0013100542,0.1104823499917984,0.8102766871452332,0.660993218421936
YKR059W,YHR147C,0,-0.0013103485,0.11046746373176575,0.8102766871452332,0.6610932946205139
YDR126W,YBL042C,0,-0.0013178219,0.11045258492231369,0.8102766871452332,0.6611934304237366
YDR348C,YBR166C,0,-0.0013247952,0.11043771356344223,0.8102766871452332,0.6612935662269592
YOL067C,YML111W,0,-0.0013260152,0.11042284220457077,0.8102766871452332,0.6613937020301819
YKL107W,YNL299W,0,-0.0013298867,0.11040797084569931,0.8102766871452332,0.6614937782287598
YNL110C,YML123C,0,-0.0013336614,0.11039310693740845,0.8102766871452332,0.6615939140319824
YDR226W,YJR029W,0,-0.0013340395,0.11037825047969818,0.8102766871452332,0.6616940498352051
YLR348C,YDL049C,0,-0.0013438575,0.11036339402198792,0.8102766871452332,0.661794126033783
YJL133W,YMR038C,1,-0.0013459064,0.11048310995101929,0.8112648129463196,0.661794126033783
YDR071C,YGR175C,0,-0.0013462845,0.11046824604272842,0.8112648129463196,0.6618942618370056
YDR084C,YMR039C,0,-0.0013472545,0.11045338213443756,0.8112648129463196,0.6619943976402283
YFL023W,YLR080W,0,-0.0013488643,0.1104385256767273,0.8112648129463196,0.6620945334434509
YGL051W,YJR029W,0,-0.001352692,0.11042366921901703,0.8112648129463196,0.6621946096420288
YNL072W,YJR088C,0,-0.0013674037,0.11040882021188736,0.8112648129463196,0.6622947454452515
YJL129C,YHR039C-B,1,-0.0013751574,0.11052843928337097,0.812252938747406,0.6622947454452515
YDR240C,YLR188W,0,-0.0013759369,0.11051357537508011,0.812252938747406,0.6623948812484741
YDR116C,YPR144C,0,-0.0013764333,0.11049872636795044,0.812252938747406,0.6624950170516968
YER046W,YDR170C,0,-0.0013795737,0.11048386991024017,0.812252938747406,0.6625950932502747
YBR127C,YEL051W,1,-0.0013820939,0.11060341447591782,0.8132411241531372,0.6625950932502747
YER184C,YDL225W,0,-0.0013902471,0.11058855056762695,0.8132411241531372,0.6626952290534973
YDR352W,YLR008C,0,-0.0013905615,0.11057369410991669,0.8132411241531372,0.66279536485672
YGL086W,YNL050C,0,-0.0013968088,0.11055883765220642,0.8132411241531372,0.6628955006599426
YDL245C,YAR014C,0,-0.0014051208,0.11054398864507675,0.8132411241531372,0.6629955768585205
YDL045W-A,YLR097C,0,-0.0014055325,0.11052913963794708,0.8132411241531372,0.6630957126617432
YNR036C,YOR237W,0,-0.0014110021,0.11051429808139801,0.8132411241531372,0.6631958484649658
YER165W,YJR001W,0,-0.0014220737,0.11049946397542953,0.8132411241531372,0.6632959842681885
YLL009C,YKR052C,1,-0.0014232732,0.11061887443065643,0.8142292499542236,0.6632959842681885
YMR308C,YGL162W,0,-0.001423602,0.11060402542352676,0.8142292499542236,0.6633960604667664
YDR385W,YMR090W,0,-0.0014246441,0.11058918386697769,0.8142292499542236,0.663496196269989
YOR182C,YLR312C-B,0,-0.0014255419,0.11057434231042862,0.8142292499542236,0.6635963320732117
YLL023C,YGL184C,0,-0.0014256481,0.11055950820446014,0.8142292499542236,0.6636964082717896
YKR025W,YDR109C,0,-0.0014258511,0.11054467409849167,0.8142292499542236,0.6637965440750122
YOR106W,YDR115W,0,-0.0014414554,0.11052984744310379,0.8142292499542236,0.6638966798782349
YDR103W,YAR007C,0,-0.0014433712,0.11051502078771591,0.8142292499542236,0.6639968156814575
YOR338W,YOR256C,0,-0.0014572795,0.11050020158290863,0.8142292499542236,0.6640968918800354
YOR138C,YLR378C,0,-0.0014572814,0.11048538237810135,0.8142292499542236,0.6641970276832581
YGR048W,YBR142W,0,-0.0014573215,0.11047057062387466,0.8142292499542236,0.6642971634864807
YHR085W,YOR368W,0,-0.0014576819,0.11045576632022858,0.8142292499542236,0.6643972992897034
YER101C,YHR001W,0,-0.0014599785,0.11044096201658249,0.8142292499542236,0.6644973754882812
YJL130C,YGR277C,0,-0.0014630263,0.1104261577129364,0.8142292499542236,0.6645975112915039
YDR077W,YDL110C,0,-0.0014646612,0.11041136085987091,0.8142292499542236,0.6646976470947266
YBR014C,YJL129C,0,-0.0014649555,0.11039657145738602,0.8142292499542236,0.6647977828979492
YOL044W,YBL079W,0,-0.0014675409,0.11038178205490112,0.8142292499542236,0.6648978590965271
YPL218W,YLR002C,0,-0.0014717113,0.11036700010299683,0.8142292499542236,0.6649979948997498
YOL148C,YLR369W,0,-0.001473058,0.11035221815109253,0.8142292499542236,0.6650981307029724
YBR004C,YLR119W,0,-0.001475364,0.11033743619918823,0.8142292499542236,0.6651982665061951
YOR099W,YBR135W,0,-0.0014784522,0.11032266914844513,0.8142292499542236,0.665298342704773
YMR315W,YCL030C,0,-0.0014812276,0.11030789464712143,0.8142292499542236,0.6653984785079956
YOR239W,YAL016W,0,-0.0014824364,0.11029313504695892,0.8142292499542236,0.6654986143112183
YMR304W,YCL004W,0,-0.0014910283,0.11027837544679642,0.8142292499542236,0.6655986905097961
YGL160W,YIL109C,0,-0.0014921427,0.11026361584663391,0.8142292499542236,0.6656988263130188
YOL129W,YMR034C,0,-0.0014998466,0.110248863697052,0.8142292499542236,0.6657989621162415
YIL047C,YOL140W,0,-0.0015051626,0.11023411154747009,0.8142292499542236,0.6658990979194641
YAL003W,YIL048W,0,-0.0015087724,0.11021936684846878,0.8142292499542236,0.665999174118042
YOR339C,YBL005W-B,0,-0.0015150197,0.11020462960004807,0.8142292499542236,0.6660993099212646
YPL103C,YGL180W,0,-0.001525281,0.11018989235162735,0.8142292499542236,0.6661994457244873
YOR304W,YHR141C,0,-0.0015266873,0.11017515510320663,0.8142292499542236,0.66629958152771
YDL159W,YER014C-A,0,-0.0015294198,0.11016042530536652,0.8142292499542236,0.6663996577262878
YLR297W,YDR470C,0,-0.0015311958,0.110145702958107,0.8142292499542236,0.6664997935295105
YNL192W,YNL166C,0,-0.0015341174,0.11013098061084747,0.8142292499542236,0.6665999293327332
YCL045C,YGR163W,0,-0.0015344005,0.11011626571416855,0.8142292499542236,0.6667000651359558
YHR026W,YOL158C,1,-0.0015364895,0.11023516952991486,0.8152173757553101,0.6667000651359558
YGL255W,YGR035C,0,-0.0015395731,0.11022043973207474,0.8152173757553101,0.6668001413345337
YNL336W,YNL122C,0,-0.0015401253,0.11020571738481522,0.8152173757553101,0.6669002771377563
YBR251W,YNL078W,0,-0.0015427098,0.1101909950375557,0.8152173757553101,0.667000412940979
YOR124C,YJR112W,0,-0.0015427917,0.11017628014087677,0.8152173757553101,0.6671005487442017
YGL038C,YEL040W,0,-0.0015434287,0.11016157269477844,0.8152173757553101,0.6672006249427795
YGL244W,YBR077C,0,-0.0015466325,0.11014686524868011,0.8152173757553101,0.6673007607460022
YKR071C,YPR056W,0,-0.001553135,0.11013215780258179,0.8152173757553101,0.6674008965492249
YDR001C,YER036C,0,-0.0015578009,0.11011745780706406,0.8152173757553101,0.6675009727478027
YDR219C,YJR076C,0,-0.0015593171,0.11010276526212692,0.8152173757553101,0.6676011085510254
YBL021C,YPR178W,0,-0.0015626997,0.11008807271718979,0.8152173757553101,0.667701244354248
YOR271C,YHR039C-A,1,-0.0015629381,0.11020680516958237,0.8162055611610413,0.667701244354248
YPL202C,YER172C,0,-0.0015656305,0.11019210517406464,0.8162055611610413,0.6678013801574707
YOR231W,YDR055W,0,-0.0015732907,0.1101774051785469,0.8162055611610413,0.6679014563560486
YIL114C,YBR239C,0,-0.0015752423,0.11016271263360977,0.8162055611610413,0.6680015921592712
YBR294W,YOL152W,1,-0.001575686,0.11028137058019638,0.8171936869621277,0.6680015921592712
YPL003W,YDL015C,0,-0.0015852079,0.11026666313409805,0.8171936869621277,0.6681017279624939
YDL092W,YPL096C-A,0,-0.0015925672,0.11025196313858032,0.8171936869621277,0.6682018637657166
YER019W,YAL017W,0,-0.0016048923,0.11023727059364319,0.8171936869621277,0.6683019399642944
YLL043W,YMR160W,0,-0.0016090423,0.11022257804870605,0.8171936869621277,0.6684020757675171
YJL209W,YLR229C,0,-0.001614226,0.11020788550376892,0.8171936869621277,0.6685022115707397
YFR041C,YLR419W,0,-0.0016161753,0.11019320785999298,0.8171936869621277,0.6686023473739624
YML060W,YOR274W,0,-0.0016213879,0.11017852276563644,0.8171936869621277,0.6687024235725403
YPL252C,YLR381W,0,-0.0016218498,0.1101638451218605,0.8171936869621277,0.6688025593757629
YDR239C,YCL061C,0,-0.0016219709,0.11014917492866516,0.8171936869621277,0.6689026951789856
YKR071C,YBR166C,0,-0.001623977,0.11013450473546982,0.8171936869621277,0.6690028309822083
YEL063C,YER045C,0,-0.0016267672,0.11011984199285507,0.8171936869621277,0.6691029071807861
YDR449C,YKL018W,0,-0.0016270075,0.11010517925024033,0.8171936869621277,0.6692030429840088
YHR083W,YMR273C,0,-0.0016270205,0.11009052395820618,0.8171936869621277,0.6693031787872314
YLL055W,YDR207C,0,-0.0016283393,0.11007586866617203,0.8171936869621277,0.6694032549858093
YDR281C,YDL171C,0,-0.0016317517,0.11006122082471848,0.8171936869621277,0.669503390789032
YGR035C,YKL113C,0,-0.0016352311,0.11004657298326492,0.8171936869621277,0.6696035265922546
YGR279C,YKL096W,0,-0.0016359501,0.11003193259239197,0.8171936869621277,0.6697036623954773
YPR082C,YOR083W,0,-0.0016406812,0.11001729220151901,0.8171936869621277,0.6698037385940552
YBL088C,YMR122W-A,0,-0.0016409121,0.11000265926122665,0.8171936869621277,0.6699038743972778
YGR200C,YGL210W-A,0,-0.0016516969,0.10998803377151489,0.8171936869621277,0.6700040102005005
YEL059C-A,YPL227C,0,-0.001659113,0.10997340083122253,0.8171936869621277,0.6701041460037231
YER017C,YGR135W,0,-0.0016591251,0.10995878279209137,0.8171936869621277,0.670204222202301
YOR304W,YJL190C,0,-0.0016625263,0.1099441647529602,0.8171936869621277,0.6703043580055237
YER146W,YNL325C,0,-0.0016760807,0.10992954671382904,0.8171936869621277,0.6704044938087463
YFL013C,YDR251W,0,-0.001679413,0.10991493612527847,0.8171936869621277,0.670504629611969
YCR087C-A,YDR231C,0,-0.0016804514,0.1099003329873085,0.8171936869621277,0.6706047058105469
YNL307C,YLR318W,0,-0.001688797,0.10988572984933853,0.8171936869621277,0.6707048416137695
YML030W,YOR063W,0,-0.0016901903,0.10987113416194916,0.8171936869621277,0.6708049774169922
YOR151C,YPL086C,0,-0.0016994793,0.10985653847455978,0.8171936869621277,0.6709051132202148
YLR224W,YHR200W,0,-0.0017018085,0.10984194278717041,0.8171936869621277,0.6710051894187927
YKL065C,YPR187W,0,-0.0017019417,0.10982735455036163,0.8171936869621277,0.6711053252220154
YJR032W,YDR079W,0,-0.0017046263,0.10981277376413345,0.8171936869621277,0.671205461025238
YGL026C,YLR325C,0,-0.0017077029,0.10979819297790527,0.8171936869621277,0.6713055372238159
YFL003C,YMR268W-A,0,-0.0017089862,0.10978361964225769,0.8171936869621277,0.6714056730270386
YCL010C,YNL088W,0,-0.00171059,0.10976904630661011,0.8171936869621277,0.6715058088302612
YML010W,YDR090C,0,-0.0017120084,0.10975448042154312,0.8171936869621277,0.6716059446334839
YJL091C,YPL024W,0,-0.0017134575,0.10973991453647614,0.8171936869621277,0.6717060208320618
YBL034C,YKL135C,0,-0.0017146282,0.10972535610198975,0.8171936869621277,0.6718061566352844
YHR010W,YCR043C,0,-0.0017168969,0.10971079766750336,0.8171936869621277,0.6719062924385071
YDR465C,YKR008W,0,-0.0017208122,0.10969624668359756,0.8171936869621277,0.6720064282417297
YDR258C,YEL037C,0,-0.0017275419,0.10968169569969177,0.8171936869621277,0.6721065044403076
YBR120C,YAR007C,0,-0.0017369296,0.10966715216636658,0.8171936869621277,0.6722066402435303
YDL210W,YPL060W,1,-0.0017403848,0.10978519916534424,0.8181818127632141,0.6722066402435303
YGR224W,YNL003C,1,-0.0017406009,0.10990322381258011,0.8191699385643005,0.6722066402435303
YHR082C,YPR113W,0,-0.0017417017,0.10988865047693253,0.8191699385643005,0.6723067760467529
YDR119W,YBL052C,0,-0.0017434312,0.10987409204244614,0.8191699385643005,0.6724069118499756
YOL108C,YJR055W,0,-0.0017458871,0.10985952615737915,0.8191699385643005,0.6725069880485535
YDL129W,YBR145W,0,-0.0017478596,0.10984497517347336,0.8191699385643005,0.6726071238517761
YBL055C,YDL161W,0,-0.0017523812,0.10983041673898697,0.8191699385643005,0.6727072596549988
YNL039W,YOR130C,0,-0.0017535314,0.10981587320566177,0.8191699385643005,0.6728073954582214
YIL093C,YPR023C,0,-0.0017675981,0.10980132222175598,0.8191699385643005,0.6729074716567993
YOR022C,YNL321W,0,-0.0017742761,0.10978678613901138,0.8191699385643005,0.673007607460022
YOR251C,YIL114C,1,-0.0017795954,0.10990466177463531,0.8201581239700317,0.673007607460022
YLR381W,YHR092C,0,-0.0017837961,0.10989011079072952,0.8201581239700317,0.6731077432632446
YER089C,YLR100W,0,-0.0017863321,0.10987555980682373,0.8201581239700317,0.6732078790664673
YDR079W,YGR229C,0,-0.0017882697,0.10986101627349854,0.8201581239700317,0.6733079552650452
YPL088W,YMR297W,0,-0.0017964505,0.10984648019075394,0.8201581239700317,0.6734080910682678
YMR288W,YAL060W,0,-0.0017991401,0.10983194410800934,0.8201581239700317,0.6735082268714905
YLR204W,YIL162W,0,-0.0018014871,0.10981741547584534,0.8201581239700317,0.6736083030700684
YPL064C,YBR238C,0,-0.0018078582,0.10980288684368134,0.8201581239700317,0.673708438873291
YOR239W,YGL033W,0,-0.0018095095,0.10978835821151733,0.8201581239700317,0.6738085746765137
YDR242W,YHR211W,0,-0.0018111765,0.10977383702993393,0.8201581239700317,0.6739087104797363
YCR021C,YGR020C,1,-0.001814045,0.10989156365394592,0.8211462497711182,0.6739087104797363
YPR060C,YHR023W,0,-0.0018189847,0.10987703502178192,0.8211462497711182,0.6740087866783142
YGL136C,YGR047C,0,-0.001819253,0.10986250638961792,0.8211462497711182,0.6741089224815369
YLL009C,YOR271C,1,-0.0018314011,0.10998017340898514,0.8221343755722046,0.6741089224815369
YKL108W,YOR205C,0,-0.0018344801,0.10996563732624054,0.8221343755722046,0.6742090582847595
YBR074W,YPL187W,0,-0.0018374175,0.10995110124349594,0.8221343755722046,0.6743091940879822
YNL027W,YJL079C,0,-0.0018424615,0.10993657261133194,0.8221343755722046,0.6744092702865601
YKR103W,YHR187W,0,-0.0018427633,0.10992205142974854,0.8221343755722046,0.6745094060897827
YEL027W,YLL027W,1,-0.0018445328,0.11003962904214859,0.823122501373291,0.6745094060897827
YCL019W,YPR185W,0,-0.0018490581,0.11002509295940399,0.823122501373291,0.6746095418930054
YGL174W,YLR128W,0,-0.001857806,0.11001056432723999,0.823122501373291,0.674709677696228
YLR130C,YHL016C,1,-0.0018671565,0.11012808978557587,0.8241106867790222,0.674709677696228
YBL067C,YPL128C,0,-0.001868315,0.11011354625225067,0.8241106867790222,0.6748097538948059
YOL034W,YNL213C,0,-0.0018689339,0.11009901016950607,0.8241106867790222,0.6749098896980286
YDL193W,YJL115W,0,-0.0018696059,0.11008447408676147,0.8241106867790222,0.6750100255012512
YHR172W,YOL039W,0,-0.0018730853,0.11006994545459747,0.8241106867790222,0.6751101613044739
YMR162C,YML063W,0,-0.0018739607,0.11005542427301407,0.8241106867790222,0.6752102375030518
YNL035C,YBL102W,0,-0.0018752106,0.11004090309143066,0.8241106867790222,0.6753103733062744
YMR290C,YOR265W,0,-0.0018827207,0.11002638190984726,0.8241106867790222,0.6754105091094971
YLR310C,YLR304C,0,-0.001884738,0.11001186817884445,0.8241106867790222,0.675510585308075
YCR027C,YBR290W,1,-0.001889471,0.11012925207614899,0.8250988125801086,0.675510585308075
YOL072W,YPL208W,0,-0.001893309,0.11011473089456558,0.8250988125801086,0.6756107211112976
YJR086W,YNL254C,0,-0.001894664,0.11010020971298218,0.8250988125801086,0.6757108569145203
YMR033W,YKL222C,0,-0.0018968526,0.11008569598197937,0.8250988125801086,0.6758109927177429
YHR214C-B,YKL113C,0,-0.0019009337,0.11007118225097656,0.8250988125801086,0.6759110689163208
YDR147W,YFR031C,0,-0.001902394,0.11005667597055435,0.8250988125801086,0.6760112047195435
YHL024W,YOL058W,0,-0.0019050539,0.11004216969013214,0.8250988125801086,0.6761113405227661
YDR170W-A,YML024W,0,-0.001905517,0.11002767086029053,0.8250988125801086,0.6762114763259888
YHR060W,YKL012W,0,-0.0019124076,0.11001317203044891,0.8250988125801086,0.6763115525245667
YOL038W,YNR035C,0,-0.0019133799,0.1099986806511879,0.8250988125801086,0.6764116883277893
YER110C,YOL113W,0,-0.0019137003,0.10998419672250748,0.8250988125801086,0.676511824131012
YDR462W,YGL038C,0,-0.0019142199,0.10996970534324646,0.8250988125801086,0.6766119599342346
YLL062C,YGL170C,0,-0.0019165315,0.10995522886514664,0.8250988125801086,0.6767120361328125
YDR182W,YKL009W,0,-0.0019198693,0.10994075238704681,0.8250988125801086,0.6768121719360352
YJR015W,YKL212W,0,-0.0019213334,0.10992627590894699,0.8250988125801086,0.6769123077392578
YNL058C,YDR279W,0,-0.0019290792,0.10991180688142776,0.8250988125801086,0.6770124435424805
YDL188C,YMR005W,0,-0.0019298755,0.10989733785390854,0.8250988125801086,0.6771125197410583
YBR056W,YEL021W,0,-0.0019316431,0.10988287627696991,0.8250988125801086,0.677212655544281
YEL063C,YMR092C,0,-0.0019346569,0.10986842215061188,0.8250988125801086,0.6773127913475037
YOL026C,YOR386W,0,-0.0019346997,0.10985396802425385,0.8250988125801086,0.6774128675460815
YCL005W-A,YER145C,1,-0.0019380888,0.1099710613489151,0.8260869383811951,0.6774128675460815
YER184C,YGL062W,0,-0.001946101,0.10995659977197647,0.8260869383811951,0.6775130033493042
YPR011C,YPL011C,0,-0.0019495673,0.10994213819503784,0.8260869383811951,0.6776131391525269
YFL047W,YGR191W,0,-0.0019626953,0.10992767661809921,0.8260869383811951,0.6777132749557495
YHR112C,YLR071C,0,-0.0019633062,0.10991322994232178,0.8260869383811951,0.6778133511543274
YPR061C,YLR287C-A,0,-0.0019684844,0.10989877581596375,0.8260869383811951,0.67791348695755
YDR038C,YGL113W,0,-0.0019690804,0.10988432914018631,0.8260869383811951,0.6780136227607727
YIR007W,YHR183W,0,-0.0019719843,0.10986988991498947,0.8260869383811951,0.6781137585639954
YOL107W,YBR154C,0,-0.001974441,0.10985545068979263,0.8260869383811951,0.6782138347625732
YOL117W,YDR332W,0,-0.0019800942,0.10984101891517639,0.8260869383811951,0.6783139705657959
YPL084W,YKL027W,0,-0.001988452,0.10982658714056015,0.8260869383811951,0.6784141063690186
YMR314W,YJL109C,0,-0.0019923057,0.1098121628165245,0.8260869383811951,0.6785142421722412
YPR067W,YPL271W,1,-0.0019959882,0.10992907732725143,0.8270751237869263,0.6785142421722412
YDR392W,YBR026C,0,-0.0019967668,0.10991464555263519,0.8270751237869263,0.6786143183708191
YOR304C-A,YJL191W,0,-0.0019968692,0.10990021377801895,0.8270751237869263,0.6787144541740417
YLR035C-A,YCR043C,0,-0.002004725,0.10988578200340271,0.8270751237869263,0.6788145899772644
YDL227C,YDL121C,0,-0.002022989,0.10987135767936707,0.8270751237869263,0.6789147257804871
YJR010C-A,YNL325C,0,-0.002030192,0.10985693335533142,0.8270751237869263,0.6790148019790649
YLR045C,YOR205C,0,-0.002032755,0.10984251648187637,0.8270751237869263,0.6791149377822876
YDL156W,YKR001C,0,-0.0020381883,0.10982810705900192,0.8270751237869263,0.6792150735855103
YHR052W,YML091C,0,-0.0020387322,0.10981369763612747,0.8270751237869263,0.6793151497840881
YER075C,YPL111W,0,-0.0020387992,0.10979928821325302,0.8270751237869263,0.6794152855873108
YNL084C,YKL220C,0,-0.0020416304,0.10978488624095917,0.8270751237869263,0.6795154213905334
YFL066C,YNL124W,0,-0.002043778,0.10977049171924591,0.8270751237869263,0.6796155571937561
YML039W,YLL029W,0,-0.0020494424,0.10975609719753265,0.8270751237869263,0.679715633392334
YLR214W,YGR098C,0,-0.0020534266,0.1097417101264,0.8270751237869263,0.6798157691955566
YHR203C,YGL237C,0,-0.0020588562,0.10972732305526733,0.8270751237869263,0.6799159049987793
YLL038C,YDR497C,0,-0.0020648,0.10971293598413467,0.8270751237869263,0.680016040802002
YPL236C,YJL087C,0,-0.002069598,0.10969855636358261,0.8270751237869263,0.6801161170005798
YAL013W,YPR167C,0,-0.0020754514,0.10968418419361115,0.8270751237869263,0.6802162528038025
YOR316C,YOR088W,1,-0.0020756535,0.10980083793401718,0.8280632495880127,0.6802162528038025
YIL041W,YCR009C,0,-0.0020918343,0.10978645086288452,0.8280632495880127,0.6803163886070251
YKL158W,YPR184W,0,-0.0020928904,0.10977207124233246,0.8280632495880127,0.6804165244102478
YJL014W,YLL035W,0,-0.0020931698,0.1097576916217804,0.8280632495880127,0.6805166006088257
YGL203C,YGR091W,0,-0.002095561,0.10974331945180893,0.8280632495880127,0.6806167364120483
YCR077C,YHL018W,0,-0.002096327,0.10972895473241806,0.8280632495880127,0.680716872215271
YDR153C,YEL056W,0,-0.0020974167,0.1097145825624466,0.8280632495880127,0.6808170080184937
YPL255W,YMR314W,0,-0.0021042302,0.10970022529363632,0.8280632495880127,0.6809170842170715
YDL020C,YHL034C,0,-0.002113752,0.10968586057424545,0.8280632495880127,0.6810172200202942
YNR061C,YLR304C,0,-0.0021180096,0.10967151075601578,0.8280632495880127,0.6811173558235168
YNL212W,YCR055C,0,-0.0021358673,0.1096571609377861,0.8280632495880127,0.6812174320220947
YDR331W,YMR194W,0,-0.0021409914,0.10964281111955643,0.8280632495880127,0.6813175678253174
YBR302C,YBL011W,0,-0.0021472462,0.10962846875190735,0.8280632495880127,0.68141770362854
YOL027C,YOR271C,1,-0.002148658,0.10974492877721786,0.8290513753890991,0.68141770362854
YNR035C,YOL066C,0,-0.0021493738,0.10973057895898819,0.8290513753890991,0.6815178394317627
YIL097W,YJL065C,0,-0.0021505803,0.10971622914075851,0.8290513753890991,0.6816179156303406
YML039W,YOR234C,0,-0.0021598898,0.10970187932252884,0.8290513753890991,0.6817180514335632
YDL153C,YHR001W,0,-0.0021705255,0.10968754440546036,0.8290513753890991,0.6818181872367859
YKR081C,YDR083W,0,-0.002175618,0.10967320203781128,0.8290513753890991,0.6819183230400085
YDR496C,YOR312C,0,-0.0021790601,0.1096588671207428,0.8290513753890991,0.6820183992385864
YPL224C,YLL028W,1,-0.002186546,0.10977522283792496,0.8300395011901855,0.6820183992385864
YBR247C,YCL055W,0,-0.0021871617,0.10976088047027588,0.8300395011901855,0.6821185350418091
YDR038C,YKR052C,1,-0.0021887347,0.10987719148397446,0.8310276865959167,0.6821185350418091
YLR359W,YAL062W,0,-0.0021908032,0.10986283421516418,0.8310276865959167,0.6822186708450317
YGR006W,YDR155C,0,-0.0021960465,0.10984848439693451,0.8310276865959167,0.6823188066482544
YIL136W,YDR320C,0,-0.0021969061,0.10983414202928543,0.8310276865959167,0.6824188828468323
YNL336W,YDR453C,0,-0.0022006426,0.10981979966163635,0.8310276865959167,0.6825190186500549
YBR217W,YDL222C,0,-0.002208542,0.10980545729398727,0.8310276865959167,0.6826191544532776
YER046W,YDR115W,0,-0.002210576,0.10979112237691879,0.8310276865959167,0.6827192902565002
YDL078C,YNL071W,0,-0.0022218004,0.10977679491043091,0.8310276865959167,0.6828193664550781
YJL156C,YGR154C,0,-0.0022268463,0.10976246744394302,0.8310276865959167,0.6829195022583008
YPR128C,YDR534C,1,-0.00223119,0.10987863689661026,0.8320158123970032,0.6829195022583008
YAR066W,YOR245C,0,-0.0022393977,0.10986430197954178,0.8320158123970032,0.6830196380615234
YFL047W,YLL040C,0,-0.0022433065,0.1098499670624733,0.8320158123970032,0.6831197142601013
YGR255C,YBR036C,0,-0.002261866,0.10983563959598541,0.8320158123970032,0.683219850063324
YJR149W,YJR086W,0,-0.0022619301,0.10982131212949753,0.8320158123970032,0.6833199858665466
YHR115C,YKL216W,0,-0.0022631492,0.10980699211359024,0.8320158123970032,0.6834201216697693
YJL160C,YBR105C,0,-0.0022656778,0.10979267209768295,0.8320158123970032,0.6835201978683472
YJL170C,YLR295C,0,-0.0022745272,0.10977835953235626,0.8320158123970032,0.6836203336715698
YMR316W,YOL053C-A,0,-0.002282394,0.10976404696702957,0.8320158123970032,0.6837204694747925
YPL195W,YDL014W,0,-0.0022833906,0.10974974185228348,0.8320158123970032,0.6838206052780151
YHR140W,YHR123W,0,-0.002290355,0.10973543673753738,0.8320158123970032,0.683920681476593
YOR332W,YKL217W,1,-0.0022906885,0.10985144972801208,0.8330039381980896,0.683920681476593
YBR036C,YER052C,0,-0.0022916412,0.1098371371626854,0.8330039381980896,0.6840208172798157
YNL230C,YBR234C,0,-0.0022949204,0.1098228245973587,0.8330039381980896,0.6841209530830383
YOL130W,YGL167C,1,-0.0022952855,0.10993877798318863,0.8339921236038208,0.6841209530830383
YKL144C,YER180C,0,-0.0022960715,0.10992445796728134,0.8339921236038208,0.684221088886261
YNL236W,YDR170C,0,-0.0023000166,0.10991014540195465,0.8339921236038208,0.6843211650848389
YFL034C-A,YKL198C,0,-0.0023063123,0.10989583283662796,0.8339921236038208,0.6844213008880615
YOR285W,YOL040C,0,-0.0023080138,0.10988152772188187,0.8339921236038208,0.6845214366912842
YIL143C,YDL212W,0,-0.0023091845,0.10986722260713577,0.8339921236038208,0.6846215724945068
YMR152W,YDR173C,0,-0.0023165056,0.10985292494297028,0.8339921236038208,0.6847216486930847
YKL096W,YOR153W,0,-0.002318509,0.10983862727880478,0.8339921236038208,0.6848217844963074
YNL305C,YDR033W,0,-0.002321519,0.10982432961463928,0.8339921236038208,0.68492192029953
YBL074C,YBL067C,0,-0.0023215748,0.10981004685163498,0.8339921236038208,0.6850220561027527
YNR060W,YIL006W,1,-0.0023404974,0.10992585122585297,0.8349802494049072,0.6850220561027527
YIL172C,YOL101C,0,-0.0023425329,0.10991155356168747,0.8349802494049072,0.6851221323013306
YPL249C-A,YCR027C,0,-0.0023440085,0.10989725589752197,0.8349802494049072,0.6852222681045532
YDR520C,YDL144C,0,-0.0023509823,0.10988296568393707,0.8349802494049072,0.6853224039077759
YMR319C,YKR052C,1,-0.0023533627,0.10999870300292969,0.8359683752059937,0.6853224039077759
YLR404W,YOR064C,0,-0.002356328,0.1099843978881836,0.8359683752059937,0.6854224801063538
YLR327C,YOL157C,0,-0.0023575202,0.1099701002240181,0.8359683752059937,0.6855226159095764
YLR353W,YMR319C,0,-0.0023598,0.1099558100104332,0.8359683752059937,0.6856227517127991
YPL003W,YGL019W,0,-0.0023628427,0.1099415197968483,0.8359683752059937,0.6857228875160217
YNR018W,YBR133C,0,-0.0023688525,0.109927237033844,0.8359683752059937,0.6858229637145996
YPR042C,YOR064C,0,-0.0023723114,0.10991295427083969,0.8359683752059937,0.6859230995178223
YKL168C,YJL109C,0,-0.00237393,0.10989867150783539,0.8359683752059937,0.6860232353210449
YER078C,YCL026C-A,0,-0.0023770817,0.10988440364599228,0.8359683752059937,0.6861233711242676
YDR205W,YGL191W,0,-0.0023850575,0.10987012833356857,0.8359683752059937,0.6862234473228455
YBL050W,YMR307W,0,-0.0023852773,0.10985586047172546,0.8359683752059937,0.6863235831260681
YAL033W,YBR175W,0,-0.0023875907,0.10984160006046295,0.8359683752059937,0.6864237189292908
YPR096C,YOR386W,0,-0.0023934068,0.10982733964920044,0.8359683752059937,0.6865238547325134
YBR223C,YDR476C,0,-0.0023939693,0.10981308668851852,0.8359683752059937,0.6866239309310913
YLR450W,YNL166C,0,-0.0023994073,0.10979883372783661,0.8359683752059937,0.686724066734314
YML037C,YER052C,0,-0.002400265,0.1097845807671547,0.8359683752059937,0.6868242025375366
YNR073C,YNL308C,0,-0.0024025668,0.10977033525705338,0.8359683752059937,0.6869243383407593
YGR096W,YBL030C,1,-0.002403587,0.10988583415746689,0.8369565010070801,0.6869243383407593
YIL004C,YEL021W,0,-0.0024082828,0.10987158119678497,0.8369565010070801,0.6870244145393372
YDR499W,YMR042W,0,-0.0024104067,0.10985732823610306,0.8369565010070801,0.6871245503425598
YOL067C,YBR120C,0,-0.002411535,0.10984308272600174,0.8369565010070801,0.6872246861457825
YLR029C,YLR304C,0,-0.0024144389,0.10982883721590042,0.8369565010070801,0.6873247623443604
YDL130W,YBR061C,0,-0.0024164077,0.1098145991563797,0.8369565010070801,0.687424898147583
YNR050C,YDR006C,0,-0.0024206229,0.10980036109685898,0.8369565010070801,0.6875250339508057
YDR044W,YOR339C,0,-0.0024265694,0.10978613048791885,0.8369565010070801,0.6876251697540283
YIR002C,YIL070C,0,-0.002427511,0.10977189987897873,0.8369565010070801,0.6877252459526062
YDR423C,YGL169W,0,-0.002430154,0.1097576767206192,0.8369565010070801,0.6878253817558289
YJL093C,YEL077C,0,-0.0024369527,0.10974345356225967,0.8369565010070801,0.6879255175590515
YBR216C,YJR138W,0,-0.0024370365,0.10972923785448074,0.8369565010070801,0.6880256533622742
YLR452C,YDR146C,0,-0.0024378933,0.10971502959728241,0.8369565010070801,0.688125729560852
YLL051C,YKL175W,1,-0.0024425685,0.1098303347826004,0.8379446864128113,0.688125729560852
YBR291C,YMR247C,0,-0.002442766,0.10981611162424088,0.8379446864128113,0.6882258653640747
YML024W,YLL008W,0,-0.0024444237,0.10980188846588135,0.8379446864128113,0.6883260011672974
YOR077W,YGL227W,0,-0.0024479488,0.10978767275810242,0.8379446864128113,0.68842613697052
YGL237C,YJL113W,0,-0.0024490878,0.10977346450090408,0.8379446864128113,0.6885262131690979
YEL046C,YBR243C,0,-0.002450347,0.10975925624370575,0.8379446864128113,0.6886263489723206
YJR075W,YPL068C,0,-0.0024503572,0.10974504798650742,0.8379446864128113,0.6887264847755432
YOL002C,YAL047C,0,-0.0024510361,0.10973084717988968,0.8379446864128113,0.6888266205787659
YGR206W,YGR076C,0,-0.0024541449,0.10971665382385254,0.8379446864128113,0.6889266967773438
YGL210W-A,YNL069C,0,-0.0024563642,0.1097024604678154,0.8379446864128113,0.6890268325805664
YJL019W,YDR156W,0,-0.0024565514,0.10968826711177826,0.8379446864128113,0.6891269683837891
YER119C,YNL014W,0,-0.0024583917,0.10967408120632172,0.8379446864128113,0.6892270445823669
YHR109W,YBL005W-B,0,-0.0024714973,0.10965990275144577,0.8379446864128113,0.6893271803855896
YBR058C-A,YGR056W,0,-0.0024748985,0.10964571684598923,0.8379446864128113,0.6894273161888123
YPL249C-A,YGR047C,0,-0.0024749003,0.10963154584169388,0.8379446864128113,0.6895274519920349
YIR009W,YOR211C,0,-0.0024808124,0.10961737483739853,0.8379446864128113,0.6896275281906128
YNL229C,YOL088C,0,-0.0024847398,0.10960320383310318,0.8379446864128113,0.6897276639938354
YDR170W-A,YOR083W,0,-0.002486227,0.10958904027938843,0.8379446864128113,0.6898277997970581
YOR125C,YHR074W,0,-0.0024898052,0.10957488417625427,0.8379446864128113,0.6899279356002808
YOR080W,YGR124W,0,-0.0024970148,0.10956072062253952,0.8379446864128113,0.6900280117988586
YLR446W,YIR014W,0,-0.0025039967,0.10954657196998596,0.8379446864128113,0.6901281476020813
YJL148W,YGL179C,0,-0.002512874,0.1095324233174324,0.8379446864128113,0.690228283405304
YCL062W,YGL001C,0,-0.0025132,0.10951827466487885,0.8379446864128113,0.6903284192085266
YLL013C,YNL310C,0,-0.002518192,0.10950413346290588,0.8379446864128113,0.6904284954071045
YIL066C,YKL205W,0,-0.0025224388,0.10948999226093292,0.8379446864128113,0.6905286312103271
YPL008W,YCL074W,0,-0.0025237938,0.10947585850954056,0.8379446864128113,0.6906287670135498
YER018C,YDR314C,0,-0.002526736,0.1094617247581482,0.8379446864128113,0.6907289028167725
YMR296C,YOL113W,0,-0.0025283843,0.10944759845733643,0.8379446864128113,0.6908289790153503
YAL009W,YOL065C,0,-0.00252904,0.10943347215652466,0.8379446864128113,0.690929114818573
YPL088W,YER115C,0,-0.0025326423,0.10941935330629349,0.8379446864128113,0.6910292506217957
YDL214C,YOR066W,0,-0.0025353367,0.10940523445606232,0.8379446864128113,0.6911293268203735
YBL018C,YPL015C,0,-0.002535907,0.10939112305641174,0.8379446864128113,0.6912294626235962
YHR047C,YLR388W,0,-0.00253989,0.10937701165676117,0.8379446864128113,0.6913295984268188
YMR086W,YMR240C,0,-0.0025457256,0.10936290770769119,0.8379446864128113,0.6914297342300415
YLR421C,YMR239C,0,-0.0025674999,0.10934880375862122,0.8379446864128113,0.6915298104286194
YNL227C,YAL053W,0,-0.002569825,0.10933470726013184,0.8379446864128113,0.691629946231842
YPR006C,YDL126C,0,-0.0025810376,0.10932061076164246,0.8379446864128113,0.6917300820350647
YFL018C,YLR002C,0,-0.0025934502,0.10930652171373367,0.8379446864128113,0.6918302178382874
YLL009C,YML112W,0,-0.002598036,0.10929243266582489,0.8379446864128113,0.6919302940368652
YLR467W,YLL023C,0,-0.0025987383,0.1092783510684967,0.8379446864128113,0.6920304298400879
YNL186W,YCR023C,0,-0.0026040461,0.10926426947116852,0.8379446864128113,0.6921305656433105
YHR101C,YIR014W,0,-0.0026112292,0.10925019532442093,0.8379446864128113,0.6922307014465332
YDR263C,YLR410W,0,-0.002620752,0.10923612117767334,0.8379446864128113,0.6923307776451111
YDR038C,YLL048C,1,-0.0026207697,0.10935085266828537,0.8389328122138977,0.6923307776451111
YLR090W,YLR321C,0,-0.0026221946,0.10933677107095718,0.8389328122138977,0.6924309134483337
YER151C,YLR084C,0,-0.0026223343,0.109322689473629,0.8389328122138977,0.6925310492515564
YER113C,YJR161C,0,-0.00262539,0.10930861532688141,0.8389328122138977,0.692631185054779
YDR195W,YHR098C,0,-0.0026258472,0.10929454118013382,0.8389328122138977,0.6927312612533569
YLR276C,YAR010C,0,-0.0026324503,0.10928047448396683,0.8389328122138977,0.6928313970565796
YKL205W,YPR072W,0,-0.0026329271,0.10926640778779984,0.8389328122138977,0.6929315328598022
YDL039C,YDR248C,0,-0.0026340932,0.10925234854221344,0.8389328122138977,0.6930316090583801
YAR044W,YJR025C,0,-0.002643508,0.10923828929662704,0.8389328122138977,0.6931317448616028
YGR251W,YJR060W,0,-0.00264577,0.10922423750162125,0.8389328122138977,0.6932318806648254
YGL170C,YKL144C,0,-0.0026506726,0.10921018570661545,0.8389328122138977,0.6933320164680481
YMR159C,YDR011W,0,-0.0026522502,0.10919614136219025,0.8389328122138977,0.693432092666626
YJL036W,YLR144C,0,-0.0026532449,0.10918209701776505,0.8389328122138977,0.6935322284698486
YEL022W,YOR255W,0,-0.0026538009,0.10916806012392044,0.8389328122138977,0.6936323642730713
YAL008W,YKL139W,0,-0.0026552938,0.10915402323007584,0.8389328122138977,0.693732500076294
YDR263C,YML121W,0,-0.002655726,0.10913999378681183,0.8389328122138977,0.6938325762748718
YJR082C,YOR308C,0,-0.0026558219,0.10912596434354782,0.8389328122138977,0.6939327120780945
YHR167W,YFR021W,0,-0.0026601925,0.10911194235086441,0.8389328122138977,0.6940328478813171
YPR061C,YBR039W,0,-0.0026619784,0.109097920358181,0.8389328122138977,0.6941329836845398
YJL028W,YHL027W,0,-0.0026644152,0.10908389836549759,0.8389328122138977,0.6942330598831177
YML097C,YKL042W,0,-0.0026769917,0.10906988382339478,0.8389328122138977,0.6943331956863403
YGR085C,YKR060W,0,-0.0026778504,0.10905587673187256,0.8389328122138977,0.694433331489563
YJR159W,YMR282C,0,-0.002686862,0.10904186964035034,0.8389328122138977,0.6945334672927856
YPL167C,YLR419W,0,-0.0026967842,0.10902786999940872,0.8389328122138977,0.6946335434913635
YOL108C,YBR080C,0,-0.0027077533,0.1090138703584671,0.8389328122138977,0.6947336792945862
YOL104C,YJL065C,0,-0.0027098227,0.10899987071752548,0.8389328122138977,0.6948338150978088
YLL029W,YNL275W,0,-0.0027101869,0.10898587852716446,0.8389328122138977,0.6949338912963867
YIL093C,YNL095C,0,-0.002720682,0.10897189378738403,0.8389328122138977,0.6950340270996094
YHR140W,YPR168W,0,-0.002725305,0.10895790904760361,0.8389328122138977,0.695134162902832
YLR026C,YPL148C,0,-0.0027259216,0.10894392430782318,0.8389328122138977,0.6952342987060547
YER089C,YPR065W,0,-0.0027310513,0.10892994701862335,0.8389328122138977,0.6953343749046326
YJL062W,YER069W,0,-0.0027336385,0.10891596972942352,0.8389328122138977,0.6954345107078552
YDR051C,YIL042C,0,-0.0027399138,0.10890199989080429,0.8389328122138977,0.6955346465110779
YOL140W,YOR196C,0,-0.00275366,0.10888803750276566,0.8389328122138977,0.6956347823143005
YOL057W,YMR045C,0,-0.002761114,0.10887406766414642,0.8389328122138977,0.6957348585128784
YMR295C,YPR073C,0,-0.0027628317,0.10886011272668839,0.8389328122138977,0.6958349943161011
YGR096W,YHL047C,1,-0.0027648248,0.10897435992956161,0.8399209380149841,0.6958349943161011
YGL173C,YPR002W,0,-0.0027661137,0.10896039009094238,0.8399209380149841,0.6959351301193237
YPR091C,YOR138C,0,-0.002767196,0.10894642770290375,0.8399209380149841,0.6960352659225464
YDR499W,YLR145W,0,-0.0027791671,0.10893246531486511,0.8399209380149841,0.6961353421211243
YJL081C,YOL141W,0,-0.0027823467,0.10891850292682648,0.8399209380149841,0.6962354779243469
YJL164C,YGR188C,0,-0.0027866028,0.10890454798936844,0.8399209380149841,0.6963356137275696
YDL070W,YLR050C,0,-0.0027894601,0.108890600502491,0.8399209380149841,0.6964357495307922
YAR010C,YPR026W,0,-0.0027903672,0.10887664556503296,0.8399209380149841,0.6965358257293701
YGR185C,YJR034W,0,-0.0027924143,0.10886270552873611,0.8399209380149841,0.6966359615325928
YBR122C,YOR290C,0,-0.0027984902,0.10884876549243927,0.8399209380149841,0.6967360973358154
YDR352W,YKR066C,0,-0.002805667,0.10883482545614243,0.8399209380149841,0.6968362331390381
YMR319C,YBR296C,1,-0.002807226,0.10894891619682312,0.8409090638160706,0.6968362331390381
YDR044W,YJR063W,0,-0.002813056,0.10893496870994568,0.8409090638160706,0.696936309337616
YBR035C,YPR021C,0,-0.0028201686,0.10892102867364883,0.8409090638160706,0.6970364451408386
YLR025W,YNL291C,0,-0.0028213188,0.10890708863735199,0.8409090638160706,0.6971365809440613
YGR026W,YGR276C,0,-0.0028307475,0.10889315605163574,0.8409090638160706,0.6972366571426392
YGL250W,YPL255W,0,-0.0028343052,0.1088792234659195,0.8409090638160706,0.6973367929458618
YJR036C,YKR099C-A,0,-0.0028402936,0.10886529088020325,0.8409090638160706,0.6974369287490845
YEL059C-A,YGR067C,0,-0.0028406922,0.1088513657450676,0.8409090638160706,0.6975370645523071
YGR264C,YBR012W-B,0,-0.0028424505,0.10883744806051254,0.8409090638160706,0.697637140750885
YGL037C,YKL158W,0,-0.0028464869,0.10882353037595749,0.8409090638160706,0.6977372765541077
YIL103W,YDR097C,0,-0.0028691627,0.10880961269140244,0.8409090638160706,0.6978374123573303
YHR116W,YHL008C,0,-0.0028785476,0.10879570245742798,0.8409090638160706,0.697937548160553
YNL329C,YEL060C,0,-0.0028816313,0.10878179967403412,0.8409090638160706,0.6980376243591309
YLR135W,YCR068W,0,-0.0028924132,0.10876789689064026,0.8409090638160706,0.6981377601623535
YLR431C,YER150W,0,-0.002894368,0.1087539941072464,0.8409090638160706,0.6982378959655762
YJL014W,YPR030W,0,-0.0028958842,0.10874009877443314,0.8409090638160706,0.6983380317687988
YLR325C,YDR120C,0,-0.0029030815,0.10872620344161987,0.8409090638160706,0.6984381079673767
YGR222W,YGR144W,0,-0.002909243,0.10871231555938721,0.8409090638160706,0.6985382437705994
YLR129W,YBR002C,0,-0.0029096007,0.10869842767715454,0.8409090638160706,0.698638379573822
YOR159C,YPR018W,0,-0.0029247198,0.10868454724550247,0.8409090638160706,0.6987385153770447
YDR037W,YDL110C,0,-0.0029252358,0.1086706668138504,0.8409090638160706,0.6988385915756226
YPL017C,YPL223C,0,-0.0029265098,0.10865679383277893,0.8409090638160706,0.6989387273788452
YJL198W,YDL212W,0,-0.0029359302,0.10864292085170746,0.8409090638160706,0.6990388631820679
YOR080W,YKL188C,0,-0.0029416904,0.10862905532121658,0.8409090638160706,0.6991389393806458
YBR271W,YIL103W,0,-0.0029497305,0.10861518979072571,0.8409090638160706,0.6992390751838684
YDR506C,YGR191W,1,-0.002951488,0.10872894525527954,0.8418972492218018,0.6992390751838684
YBR019C,YJL087C,0,-0.0029534139,0.10871507227420807,0.8418972492218018,0.6993392109870911
YNL335W,YHR215W,0,-0.0029560104,0.1087011992931366,0.8418972492218018,0.6994393467903137
YLR010C,YAL053W,0,-0.0029615276,0.10868733376264572,0.8418972492218018,0.6995394229888916
YOL038W,YKL184W,0,-0.0029660556,0.10867346823215485,0.8418972492218018,0.6996395587921143
YLR421C,YBR227C,0,-0.0029837806,0.10865961015224457,0.8418972492218018,0.6997396945953369
YLR430W,YHL013C,0,-0.0029840693,0.10864575207233429,0.8418972492218018,0.6998398303985596
YPL051W,YEL042W,0,-0.0029855184,0.10863190144300461,0.8418972492218018,0.6999399065971375
YLR113W,YJL148W,0,-0.0029889047,0.10861805081367493,0.8418972492218018,0.7000400424003601
YKL211C,YDR283C,0,-0.002992698,0.10860420763492584,0.8418972492218018,0.7001401782035828
YGR028W,YBL045C,0,-0.0029946566,0.10859036445617676,0.8418972492218018,0.7002403140068054
YDR393W,YKL222C,0,-0.0029949006,0.10857652872800827,0.8418972492218018,0.7003403902053833
YOL077W-A,YDR358W,0,-0.0030049393,0.10856269299983978,0.8418972492218018,0.700440526008606
YBL028C,YHR132C,0,-0.003012863,0.1085488572716713,0.8418972492218018,0.7005406618118286
YPL170W,YHR021C,0,-0.0030134246,0.1085350289940834,0.8418972492218018,0.7006407976150513
YGR054W,YOR020C,0,-0.003017175,0.10852120816707611,0.8418972492218018,0.7007408738136292
YJR007W,YAR002C-A,0,-0.0030171983,0.10850738734006882,0.8418972492218018,0.7008410096168518
YOR210W,YLR383W,0,-0.0030207727,0.10849356651306152,0.8418972492218018,0.7009411454200745
YDL170W,YMR051C,0,-0.0030240403,0.10847975313663483,0.8418972492218018,0.7010412216186523
YFR045W,YDR088C,0,-0.0030240547,0.10846594721078873,0.8418972492218018,0.701141357421875
YCL066W,YIL040W,0,-0.0030256696,0.10845214128494263,0.8418972492218018,0.7012414932250977
YPL088W,YMR042W,0,-0.003041857,0.10843833535909653,0.8418972492218018,0.7013416290283203
YMR277W,YDL161W,0,-0.0030429605,0.10842453688383102,0.8418972492218018,0.7014417052268982
YEL077C,YCR033W,0,-0.003043145,0.10841073840856552,0.8418972492218018,0.7015418410301208
YER019W,YNL339C,0,-0.0030469242,0.10839694738388062,0.8418972492218018,0.7016419768333435
YAL009W,YOL058W,0,-0.003047835,0.10838315635919571,0.8418972492218018,0.7017421126365662
YDR495C,YDR115W,0,-0.003054591,0.1083693727850914,0.8418972492218018,0.701842188835144
YKR068C,YJR002W,0,-0.003056325,0.10835558921098709,0.8418972492218018,0.7019423246383667
YDR143C,YBR214W,0,-0.0030619316,0.10834181308746338,0.8418972492218018,0.7020424604415894
YEL040W,YOL064C,0,-0.00306442,0.10832803696393967,0.8418972492218018,0.702142596244812
YNL242W,YKL203C,0,-0.0030657137,0.10831426084041595,0.8418972492218018,0.7022426724433899
YLR429W,YBR265W,0,-0.003070605,0.10830049216747284,0.8418972492218018,0.7023428082466125
YBL020W,YLR084C,0,-0.0030739456,0.10828673094511032,0.8418972492218018,0.7024429440498352
YOR005C,YKL160W,0,-0.003082173,0.1082729697227478,0.8418972492218018,0.7025430798530579
YGR052W,YDL239C,0,-0.0030884445,0.10825920850038528,0.8418972492218018,0.7026431560516357
YPR030W,YAL034W-A,0,-0.0030947253,0.10824545472860336,0.8418972492218018,0.7027432918548584
YOR244W,YER138C,0,-0.003096397,0.10823170840740204,0.8418972492218018,0.702843427658081
YDR527W,YNL138W,0,-0.0031088116,0.10821796208620071,0.8418972492218018,0.7029435038566589
YNR039C,YGL006W,1,-0.0031123757,0.10833121836185455,0.8428853750228882,0.7029435038566589
YDL007W,YMR263W,0,-0.0031171571,0.10831745713949203,0.8428853750228882,0.7030436396598816
YBR128C,YBR141C,0,-0.0031278394,0.10830371081829071,0.8428853750228882,0.7031437754631042
YFL057C,YNL162W,0,-0.0031289235,0.10828995704650879,0.8428853750228882,0.7032439112663269
YHR072W-A,YLR206W,0,-0.0031312741,0.10827621072530746,0.8428853750228882,0.7033439874649048
YLR305C,YJR075W,0,-0.0031378698,0.10826247185468674,0.8428853750228882,0.7034441232681274
YCR037C,YPR128C,1,-0.0031388048,0.10837563127279282,0.8438735008239746,0.7034441232681274
YJL159W,YPL162C,0,-0.0031404272,0.10836188495159149,0.8438735008239746,0.7035442590713501
YBL057C,YPR024W,0,-0.0031404495,0.10834813863039017,0.8438735008239746,0.7036443948745728
YDL007W,YKL109W,0,-0.0031494629,0.10833439230918884,0.8438735008239746,0.7037444710731506
YOL057W,YLR139C,0,-0.0031504761,0.10832064598798752,0.8438735008239746,0.7038446068763733
YJL133W,YLL043W,1,-0.003155563,0.10843373835086823,0.8448616862297058,0.7038446068763733
YNL106C,YPL157W,0,-0.003159877,0.1084199845790863,0.8448616862297058,0.703944742679596
YAR050W,YHR109W,0,-0.0031634066,0.10840623825788498,0.8448616862297058,0.7040448784828186
YDR326C,YJR160C,0,-0.003167022,0.10839249193668365,0.8448616862297058,0.7041449546813965
YLR176C,YPL011C,0,-0.0031691864,0.10837875306606293,0.8448616862297058,0.7042450904846191
YMR266W,YKL175W,0,-0.0031793434,0.1083650216460228,0.8448616862297058,0.7043452262878418
YOR298W,YDR331W,0,-0.0031816252,0.10835128277540207,0.8448616862297058,0.7044453620910645
YKL205W,YGR289C,0,-0.0031817667,0.10833755880594254,0.8448616862297058,0.7045454382896423
YLL055W,YLR117C,0,-0.0031820573,0.108323834836483,0.8448616862297058,0.704645574092865
YAL009W,YGR074W,0,-0.0031837188,0.10831011086702347,0.8448616862297058,0.7047457098960876
YLR009W,YKR008W,0,-0.003185817,0.10829638689756393,0.8448616862297058,0.7048457860946655
YAR044W,YDR527W,0,-0.0031879353,0.1082826778292656,0.8448616862297058,0.7049459218978882
YNL110C,YER171W,0,-0.0031946497,0.10826896131038666,0.8448616862297058,0.7050460577011108
YGL174W,YBR002C,0,-0.003196719,0.10825525224208832,0.8448616862297058,0.7051461935043335
YKL010C,YNL090W,0,-0.0032057483,0.10824155062437057,0.8448616862297058,0.7052462697029114
YBR291C,YPR128C,1,-0.003206797,0.10835442692041397,0.8458498120307922,0.7052462697029114
YER006W,YNL113W,0,-0.0032104384,0.10834071785211563,0.8458498120307922,0.705346405506134
YDL165W,YJL113W,0,-0.003212646,0.10832700878381729,0.8458498120307922,0.7054465413093567
YMR319C,YGL139W,1,-0.0032126643,0.10843983292579651,0.8468379378318787,0.7054465413093567
YAL033W,YBR195C,0,-0.003217481,0.10842611640691757,0.8468379378318787,0.7055466771125793
YKL034W,YFR013W,0,-0.0032180594,0.10841239988803864,0.8468379378318787,0.7056467533111572
YJL101C,YGL008C,0,-0.0032278225,0.1083986833691597,0.8468379378318787,0.7057468891143799
YAL003W,YMR301C,0,-0.0032378398,0.10838497430086136,0.8468379378318787,0.7058470249176025
YBR019C,YDR387C,0,-0.0032493724,0.10837127268314362,0.8468379378318787,0.7059471607208252
YKL144C,YGR172C,0,-0.0032528448,0.10835756361484528,0.8468379378318787,0.7060472369194031
YNL080C,YMR130W,0,-0.0032613548,0.10834386944770813,0.8468379378318787,0.7061473727226257
YEL020C,YOR202W,0,-0.0032617599,0.10833017528057098,0.8468379378318787,0.7062475085258484
YBR102C,YDR076W,0,-0.0032634474,0.10831648111343384,0.8468379378318787,0.706347644329071
YMR166C,YBR282W,0,-0.0032686195,0.10830279439687729,0.8468379378318787,0.7064477205276489
YGR185C,YBR236C,0,-0.0032723504,0.10828910768032074,0.8468379378318787,0.7065478563308716
YJL093C,YBR295W,1,-0.0032760277,0.10840176790952682,0.8478260636329651,0.7065478563308716
YMR130W,YPL037C,0,-0.003277056,0.10838807374238968,0.8478260636329651,0.7066479921340942
YLR116W,YBR213W,0,-0.0032782387,0.10837438702583313,0.8478260636329651,0.7067480683326721
YDR146C,YER137C,0,-0.0032905191,0.10836070030927658,0.8478260636329651,0.7068482041358948
YPL192C,YDR242W,0,-0.003292216,0.10834701359272003,0.8478260636329651,0.7069483399391174
YPR204W,YHR206W,0,-0.0032989243,0.10833333432674408,0.8478260636329651,0.7070484757423401
YLR197W,YLR050C,0,-0.0033030687,0.10831965506076813,0.8478260636329651,0.707148551940918
YPR029C,YPL031C,0,-0.0033036247,0.10830598324537277,0.8478260636329651,0.7072486877441406
YNL136W,YPL186C,0,-0.0033053812,0.10829231142997742,0.8478260636329651,0.7073488235473633
YBL054W,YJR105W,0,-0.0033061877,0.10827864706516266,0.8478260636329651,0.7074489593505859
YHR003C,YIL041W,0,-0.003307783,0.1082649827003479,0.8478260636329651,0.7075490355491638
YKL078W,YNL306W,0,-0.003307933,0.10825132578611374,0.8478260636329651,0.7076491713523865
YMR304W,YLR132C,0,-0.003310239,0.10823766887187958,0.8478260636329651,0.7077493071556091
YMR152W,YDR054C,0,-0.0033109635,0.10822401940822601,0.8478260636329651,0.7078494429588318
YDR182W,YMR166C,0,-0.0033152923,0.10821036994457245,0.8478260636329651,0.7079495191574097
YLL009C,YBR290W,1,-0.0033221468,0.10832282155752182,0.8488142490386963,0.7079495191574097
YPL274W,YLL048C,1,-0.0033393814,0.1084352508187294,0.8498023748397827,0.7079495191574097
YIL171W,YBR175W,0,-0.0033431612,0.10842158645391464,0.8498023748397827,0.7080496549606323
YNL186W,YIL160C,0,-0.0033453144,0.10840791463851929,0.8498023748397827,0.708149790763855
YOL080C,YEL062W,0,-0.0033500576,0.10839425027370453,0.8498023748397827,0.7082499265670776
YGL160W,YMR152W,0,-0.003350379,0.10838059335947037,0.8498023748397827,0.7083500027656555
YIR038C,YGR227W,0,-0.003350675,0.1083669364452362,0.8498023748397827,0.7084501385688782
YDR164C,YNL327W,0,-0.0033526942,0.10835327953100204,0.8498023748397827,0.7085502743721008
YER165W,YOL045W,0,-0.003354799,0.10833963006734848,0.8498023748397827,0.7086504101753235
YOL017W,YIL160C,0,-0.0033551943,0.10832598805427551,0.8498023748397827,0.7087504863739014
YGR257C,YPL036W,1,-0.003359748,0.10843829065561295,0.8507905006408691,0.7087504863739014
YNL275W,YKL165C,1,-0.00336276,0.10855056345462799,0.8517786264419556,0.7087504863739014
YCR060W,YNL078W,0,-0.0033639446,0.10853689163923264,0.8517786264419556,0.708850622177124
YHR070W,YJL189W,0,-0.003365254,0.10852322727441788,0.8517786264419556,0.7089507579803467
YGR185C,YER065C,0,-0.003370352,0.10850957036018372,0.8517786264419556,0.7090508341789246
YGR145W,YPL164C,0,-0.003376294,0.10849590599536896,0.8517786264419556,0.7091509699821472
YNL159C,YLL017W,0,-0.0034017032,0.1084822565317154,0.8517786264419556,0.7092511057853699
YML069W,YGR067C,0,-0.0034026578,0.10846860706806183,0.8517786264419556,0.7093512415885925
YDR121W,YML078W,0,-0.0034039896,0.10845495760440826,0.8517786264419556,0.7094513177871704
YHR200W,YDR186C,0,-0.0034040203,0.1084413155913353,0.8517786264419556,0.7095514535903931
YHR034C,YBL079W,0,-0.0034110807,0.10842767357826233,0.8517786264419556,0.7096515893936157
YOL041C,YDR062W,0,-0.0034228219,0.10841403901576996,0.8517786264419556,0.7097517251968384
YDR449C,YIL074C,0,-0.0034242924,0.10840040445327759,0.8517786264419556,0.7098518013954163
YIL047C,YDR186C,0,-0.0034268545,0.10838676989078522,0.8517786264419556,0.7099519371986389
YER012W,YPR020W,0,-0.003431011,0.10837314277887344,0.8517786264419556,0.7100520730018616
YHL008C,YLR411W,1,-0.0034360085,0.10848522931337357,0.8527668118476868,0.7100520730018616
YGR222W,YHR215W,0,-0.0034371875,0.1084715947508812,0.8527668118476868,0.7101522088050842
YER029C,YFL031W,0,-0.0034426376,0.10845796018838882,0.8527668118476868,0.7102522850036621
YJL106W,YDR067C,0,-0.003442822,0.10844433307647705,0.8527668118476868,0.7103524208068848
YHR167W,YMR145C,0,-0.0034431517,0.10843070596456528,0.8527668118476868,0.7104525566101074
YLR401C,YLR295C,0,-0.0034499634,0.1084170863032341,0.8527668118476868,0.7105526924133301
YMR025W,YNL113W,0,-0.0034533404,0.10840346664190292,0.8527668118476868,0.710652768611908
YHR101C,YDR393W,0,-0.003454852,0.10838985443115234,0.8527668118476868,0.7107529044151306
YBR203W,YLL034C,0,-0.0034620091,0.10837624222040176,0.8527668118476868,0.7108530402183533
YGL222C,YBR136W,0,-0.003469009,0.10836263000965118,0.8527668118476868,0.7109531164169312
YHR025W,YOL054W,0,-0.0034724176,0.1083490252494812,0.8527668118476868,0.7110532522201538
YEL027W,YLR295C,1,-0.0034792498,0.10846096277236938,0.8537549376487732,0.7110532522201538
YLR372W,YGL009C,0,-0.0034830868,0.10844734311103821,0.8537549376487732,0.7111533880233765
YIR018W,YMR139W,0,-0.0034846552,0.10843373835086823,0.8537549376487732,0.7112535238265991
YCR088W,YPL033C,0,-0.003486896,0.10842012614011765,0.8537549376487732,0.711353600025177
YDR126W,YBR238C,0,-0.003487058,0.10840652137994766,0.8537549376487732,0.7114537358283997
YOR303W,YOR054C,0,-0.003488956,0.10839292407035828,0.8537549376487732,0.7115538716316223
YLR406C,YIR006C,0,-0.0034896121,0.10837932676076889,0.8537549376487732,0.711654007434845
YMR218C,YJR029W,0,-0.0034904275,0.1083657369017601,0.8537549376487732,0.7117540836334229
YDR159W,YBR238C,0,-0.0034955144,0.10835214704275131,0.8537549376487732,0.7118542194366455
YMR298W,YOR150W,0,-0.003502836,0.10833855718374252,0.8537549376487732,0.7119543552398682
YOL034W,YPL005W,0,-0.0035038777,0.10832497477531433,0.8537549376487732,0.7120544910430908
YMR166C,YDR237W,0,-0.003513189,0.10831139236688614,0.8537549376487732,0.7121545672416687
YGR101W,YDL216C,0,-0.0035135709,0.10829781740903854,0.8537549376487732,0.7122547030448914
YDR044W,YNR023W,0,-0.0035140868,0.10828424245119095,0.8537549376487732,0.712354838848114
YJL071W,YNL297C,0,-0.0035234503,0.10827067494392395,0.8537549376487732,0.7124549746513367
YKL166C,YOR214C,0,-0.003524118,0.10825710743665695,0.8537549376487732,0.7125550508499146
YKL091C,YPR098C,0,-0.003524243,0.10824354737997055,0.8537549376487732,0.7126551866531372
YOR149C,YDR151C,0,-0.003526501,0.10822998732328415,0.8537549376487732,0.7127553224563599
YEL034W,YNR012W,0,-0.003528621,0.10821643471717834,0.8537549376487732,0.7128553986549377
YMR203W,YLL051C,1,-0.0035390109,0.10832811892032623,0.8547430634498596,0.7128553986549377
YLL017W,YDR452W,0,-0.0035514603,0.10831455141305923,0.8547430634498596,0.7129555344581604
YMR122W-A,YML080W,0,-0.0035622492,0.10830099135637283,0.8547430634498596,0.7130556702613831
YOL053C-A,YOR066W,0,-0.0035629934,0.10828743129968643,0.8547430634498596,0.7131558060646057
YNR057C,YEL060C,0,-0.0035666227,0.10827387869358063,0.8547430634498596,0.7132558822631836
YLR027C,YOR329C,0,-0.0035671666,0.10826032608747482,0.8547430634498596,0.7133560180664062
YPR192W,YJR026W,0,-0.0035751984,0.10824678093194962,0.8547430634498596,0.7134561538696289
YGR191W,YOR334W,1,-0.0035786275,0.10835836082696915,0.8557312488555908,0.7134561538696289
YER165W,YLR048W,0,-0.0035797562,0.10834480077028275,0.8557312488555908,0.7135562896728516
YHR004C,YPL212C,0,-0.0035820976,0.10833124816417694,0.8557312488555908,0.7136563658714294
YDR423C,YBR058C,0,-0.0035880022,0.10831769555807114,0.8557312488555908,0.7137565016746521
YMR051C,YJR029W,0,-0.0035968758,0.10830415040254593,0.8557312488555908,0.7138566374778748
YLR201C,YNL309W,0,-0.0035981573,0.10829061269760132,0.8557312488555908,0.7139567732810974
YLL019C,YCR075C,0,-0.0036006551,0.10827706754207611,0.8557312488555908,0.7140568494796753
YGL021W,YLR386W,0,-0.003606394,0.1082635298371315,0.8557312488555908,0.714156985282898
YCL052C,YGR067C,0,-0.0036087912,0.10824999958276749,0.8557312488555908,0.7142571210861206
YDR067C,YNR012W,0,-0.0036114976,0.10823646932840347,0.8557312488555908,0.7143572568893433
YGR116W,YLL052C,0,-0.0036154836,0.10822294652462006,0.8557312488555908,0.7144573330879211
YKL164C,YOL034W,0,-0.0036239848,0.10820942372083664,0.8557312488555908,0.7145574688911438
YDR306C,YER020W,0,-0.0036256537,0.10819590091705322,0.8557312488555908,0.7146576046943665
YLR045C,YLR191W,0,-0.003625773,0.1081823855638504,0.8557312488555908,0.7147576808929443
YDL229W,YER017C,0,-0.0036271643,0.10816887021064758,0.8557312488555908,0.714857816696167
YAL009W,YMR319C,0,-0.003630668,0.10815536230802536,0.8557312488555908,0.7149579524993896
YDL193W,YLR391W-A,0,-0.0036313524,0.10814186185598373,0.8557312488555908,0.7150580883026123
YOL075C,YMR146C,0,-0.0036317958,0.10812835395336151,0.8557312488555908,0.7151581645011902
YPL183W-A,YIL172C,0,-0.0036335485,0.10811485350131989,0.8557312488555908,0.7152583003044128
YER119C,YER137C,0,-0.0036367476,0.10810136049985886,0.8557312488555908,0.7153584361076355
YJL160C,YKL209C,0,-0.003636849,0.10808786749839783,0.8557312488555908,0.7154585719108582
YKL166C,YLR242C,0,-0.0036395453,0.1080743819475174,0.8557312488555908,0.715558648109436
YEL036C,YKL011C,0,-0.0036418382,0.10806089639663696,0.8557312488555908,0.7156587839126587
YJR036C,YBL023C,0,-0.0036455467,0.10804741084575653,0.8557312488555908,0.7157589197158813
YCR089W,YBR156C,0,-0.0036501084,0.1080339327454567,0.8557312488555908,0.715859055519104
YBR079C,YJL125C,0,-0.0036624074,0.10802045464515686,0.8557312488555908,0.7159591317176819
YJL151C,YBL075C,0,-0.0036631376,0.10800698399543762,0.8557312488555908,0.7160592675209045
YGL234W,YNL053W,0,-0.0036640111,0.10799351334571838,0.8557312488555908,0.7161594033241272
YLR212C,YJR088C,0,-0.0036699623,0.10798005014657974,0.8557312488555908,0.7162595391273499
YFL018C,YGR272C,0,-0.0036855172,0.1079665869474411,0.8557312488555908,0.7163596153259277
YOR201C,YBR244W,0,-0.0036892444,0.10795313119888306,0.8557312488555908,0.7164597511291504
YER165W,YJL187C,0,-0.0036933348,0.10793967545032501,0.8557312488555908,0.716559886932373
YOL104C,YDR402C,0,-0.0036934377,0.10792621970176697,0.8557312488555908,0.7166599631309509
YGR020C,YHR039C-A,1,-0.0036959313,0.10803738236427307,0.8567193746566772,0.7166599631309509
YHL027W,YBR120C,0,-0.0036966768,0.10802391916513443,0.8567193746566772,0.7167600989341736
YOR057W,YMR114C,0,-0.0036974456,0.10801046341657639,0.8567193746566772,0.7168602347373962
YLL043W,YKR105C,1,-0.0036986135,0.10812157392501831,0.8577075004577637,0.7168602347373962
YCR028C-A,YJL133W,0,-0.0037039295,0.10810811072587967,0.8577075004577637,0.7169603705406189
YNL175C,YGR261C,0,-0.0037075859,0.10809464752674103,0.8577075004577637,0.7170604467391968
YAR018C,YEL077C,0,-0.0037198467,0.10808118432760239,0.8577075004577637,0.7171605825424194
YLR423C,YNL106C,0,-0.0037207883,0.10806772857904434,0.8577075004577637,0.7172607183456421
YMR288W,YBR115C,0,-0.0037225336,0.1080542728304863,0.8577075004577637,0.7173608541488647
YFR028C,YDL197C,0,-0.0037247278,0.10804082453250885,0.8577075004577637,0.7174609303474426
YMR295C,YOR056C,0,-0.0037257578,0.108027383685112,0.8577075004577637,0.7175610661506653
YIR022W,YLL061W,0,-0.0037257727,0.10801393538713455,0.8577075004577637,0.7176612019538879
YPR196W,YKL015W,0,-0.0037265988,0.1080004945397377,0.8577075004577637,0.7177613377571106
YNL336W,YLR425W,0,-0.0037364624,0.10798706114292145,0.8577075004577637,0.7178614139556885
YGR157W,YGL010W,0,-0.0037405412,0.1079736277461052,0.8577075004577637,0.7179615497589111
YMR032W,YNL086W,0,-0.0037430068,0.10796020179986954,0.8577075004577637,0.7180616855621338
YOR077W,YEL011W,0,-0.003744416,0.10794677585363388,0.8577075004577637,0.7181618213653564
YFR037C,YOR308C,0,-0.003749093,0.10793334990739822,0.8577075004577637,0.7182618975639343
YCL036W,YGL014W,0,-0.0037704222,0.10791993141174316,0.8577075004577637,0.718362033367157
YDR013W,YDR085C,0,-0.0037716702,0.1079065129160881,0.8577075004577637,0.7184621691703796
YFR037C,YHL032C,0,-0.0037729573,0.10789310187101364,0.8577075004577637,0.7185622453689575
YGR264C,YJL153C,0,-0.0037745293,0.10787969082593918,0.8577075004577637,0.7186623811721802
YCR096C,YOL043C,0,-0.0037770225,0.10786628723144531,0.8577075004577637,0.7187625169754028
YDR079W,YLR207W,0,-0.003778034,0.10785288363695145,0.8577075004577637,0.7188626527786255
YAL013W,YDR236C,0,-0.0037809107,0.10783948004245758,0.8577075004577637,0.7189627289772034
YGR216C,YBR105C,0,-0.003783008,0.10782608389854431,0.8577075004577637,0.719062864780426
YGL206C,YDR059C,0,-0.0037862184,0.10781269520521164,0.8577075004577637,0.7191630005836487
YGL136C,YPR056W,0,-0.0037865322,0.10779930651187897,0.8577075004577637,0.7192631363868713
YER039C,YBL054W,0,-0.0037910473,0.1077859178185463,0.8577075004577637,0.7193632125854492
YGL009C,YLR272C,0,-0.0037959646,0.10777253657579422,0.8577075004577637,0.7194633483886719
YDR501W,YJL210W,0,-0.0038045086,0.10775915533304214,0.8577075004577637,0.7195634841918945
YMR247C,YAL017W,0,-0.0038063452,0.10774578154087067,0.8577075004577637,0.7196636199951172
YPL059W,YNL314W,0,-0.0038105436,0.10773240774869919,0.8577075004577637,0.7197636961936951
YAL016W,YDL085W,0,-0.0038109822,0.10771903395652771,0.8577075004577637,0.7198638319969177
YLR314C,YNL209W,0,-0.0038121194,0.10770566761493683,0.8577075004577637,0.7199639678001404
YJR112W,YDL168W,0,-0.0038144924,0.10769230872392654,0.8577075004577637,0.720064103603363
YIL150C,YOL125W,0,-0.0038218196,0.10767894983291626,0.8577075004577637,0.7201641798019409
YOR085W,YNL070W,0,-0.00382407,0.10766559094190598,0.8577075004577637,0.7202643156051636
YOR071C,YCL005W-A,1,-0.0038242955,0.10777626186609268,0.8586956262588501,0.7202643156051636
YHR046C,YDL064W,0,-0.0038314406,0.1077628955245018,0.8586956262588501,0.7203644514083862
YBR019C,YBR291C,0,-0.0038396027,0.10774953663349152,0.8586956262588501,0.7204645872116089
YGL250W,YKL160W,0,-0.003849078,0.10773617774248123,0.8586956262588501,0.7205646634101868
YGL128C,YOL080C,0,-0.0038519427,0.10772281885147095,0.8586956262588501,0.7206647992134094
YJR078W,YLR395C,0,-0.0038543306,0.10770946741104126,0.8586956262588501,0.7207649350166321
YLR121C,YHR012W,0,-0.0038579889,0.10769612342119217,0.8586956262588501,0.72086501121521
YOL018C,YER029C,0,-0.003859209,0.10768277943134308,0.8586956262588501,0.7209651470184326
YLR355C,YKL117W,0,-0.003864579,0.10766943544149399,0.8586956262588501,0.7210652828216553
YKR097W,YKR018C,0,-0.0038683452,0.1076560914516449,0.8586956262588501,0.7211654186248779
YOL156W,YOR265W,0,-0.0038774498,0.107642762362957,0.8586956262588501,0.7212654948234558
YDR371W,YLR142W,0,-0.0038836673,0.10762942582368851,0.8586956262588501,0.7213656306266785
YMR034C,YPL224C,1,-0.003908299,0.10773994028568268,0.8596838116645813,0.7213656306266785
YOL130W,YHL016C,1,-0.003914237,0.10785041749477386,0.8606719374656677,0.7213656306266785
YDR270W,YDR237W,0,-0.003918849,0.10783706605434418,0.8606719374656677,0.7214657664299011
YEL062W,YDR205W,1,-0.0039219195,0.10794751346111298,0.8616600632667542,0.7214657664299011
YJL046W,YER094C,0,-0.0039236587,0.1079341471195221,0.8616600632667542,0.7215659022331238
YNL110C,YDR134C,0,-0.003925493,0.10792079567909241,0.8616600632667542,0.7216659784317017
YDR470C,YBR068C,0,-0.003925912,0.10790743678808212,0.8616600632667542,0.7217661142349243
YIL125W,YGL011C,0,-0.003927417,0.10789408534765244,0.8616600632667542,0.721866250038147
YMR172W,YOL066C,0,-0.0039306614,0.10788073390722275,0.8616600632667542,0.7219663858413696
YMR127C,YJL044C,0,-0.003936624,0.10786738991737366,0.8616600632667542,0.7220664620399475
YGR215W,YKL117W,0,-0.003937332,0.10785405337810516,0.8616600632667542,0.7221665978431702
YOR304C-A,YBR221C,0,-0.0039378656,0.10784070938825607,0.8616600632667542,0.7222667336463928
YOL054W,YPR042C,0,-0.003941782,0.10782738029956818,0.8616600632667542,0.7223668694496155
YNL084C,YHR034C,0,-0.0039544385,0.10781404376029968,0.8616600632667542,0.7224669456481934
YER110C,YMR171C,0,-0.003956395,0.10780071467161179,0.8616600632667542,0.722567081451416
YGL178W,YFL041W,0,-0.003963586,0.10778739303350449,0.8616600632667542,0.7226672172546387
YJR130C,YER068W,0,-0.003965387,0.10777407139539719,0.8616600632667542,0.7227672934532166
YJR019C,YML087C,0,-0.003969875,0.10776074975728989,0.8616600632667542,0.7228674292564392
YKL173W,YBL021C,0,-0.003970055,0.10774743556976318,0.8616600632667542,0.7229675650596619
YIL139C,YGR135W,0,-0.0039705895,0.10773412138223648,0.8616600632667542,0.7230677008628845
YIL095W,YGR272C,0,-0.003971437,0.10772081464529037,0.8616600632667542,0.7231677770614624
YDR236C,YBR253W,0,-0.0039738873,0.10770750790834427,0.8616600632667542,0.7232679128646851
YBR297W,YPL093W,0,-0.0039800666,0.10769420862197876,0.8616600632667542,0.7233680486679077
YOL133W,YPL022W,0,-0.003981799,0.10768090933561325,0.8616600632667542,0.7234681844711304
YPL046C,YDL107W,0,-0.003982004,0.10766761004924774,0.8616600632667542,0.7235682606697083
YMR295C,YPR127W,0,-0.003988838,0.10765431821346283,0.8616600632667542,0.7236683964729309
YLR251W,YER082C,0,-0.0039899666,0.10764103382825851,0.8616600632667542,0.7237685322761536
YBR176W,YHR026W,0,-0.0039929636,0.1076277494430542,0.8616600632667542,0.7238686680793762
YBR291C,YMR123W,0,-0.0039936816,0.10761446505784988,0.8616600632667542,0.7239687442779541
YMR052W,YGL009C,0,-0.0040000677,0.10760118812322617,0.8616600632667542,0.7240688800811768
YDR415C,YOR206W,0,-0.0040003825,0.10758791118860245,0.8616600632667542,0.7241690158843994
YNR001C,YGL211W,0,-0.004006462,0.10757463425397873,0.8616600632667542,0.7242691516876221
YGL229C,YAR014C,0,-0.0040103383,0.10756136476993561,0.8616600632667542,0.7243692278862
YML088W,YEL077C,0,-0.004020188,0.10754810273647308,0.8616600632667542,0.7244693636894226
YDL200C,YKL183W,0,-0.004021107,0.10753484070301056,0.8616600632667542,0.7245694994926453
YHR058C,YPR004C,0,-0.0040211845,0.10752157866954803,0.8616600632667542,0.7246695756912231
YML062C,YKL035W,0,-0.004021613,0.10750832408666611,0.8616600632667542,0.7247697114944458
YJR092W,YNL274C,0,-0.0040285885,0.10749506950378418,0.8616600632667542,0.7248698472976685
YER110C,YNR039C,0,-0.0040318556,0.10748182237148285,0.8616600632667542,0.7249699831008911
YLR372W,YPL026C,0,-0.0040327217,0.10746857523918152,0.8616600632667542,0.725070059299469
YLR096W,YDR084C,0,-0.004041398,0.10745532810688019,0.8616600632667542,0.7251701951026917
YPR031W,YDR307W,0,-0.0040438,0.10744208842515945,0.8616600632667542,0.7252703309059143
YFL052W,YDR447C,0,-0.0040501086,0.10742885619401932,0.8616600632667542,0.725370466709137
YNL241C,YDL056W,0,-0.0040514506,0.10741561651229858,0.8616600632667542,0.7254705429077148
YDR218C,YLR097C,0,-0.0040627215,0.10740239173173904,0.8616600632667542,0.7255706787109375
YEL063C,YJL042W,0,-0.0040665884,0.10738915950059891,0.8616600632667542,0.7256708145141602
YBR159W,YOR106W,0,-0.004075963,0.10737594217061996,0.8616600632667542,0.7257709503173828
YPR156C,YLL048C,1,-0.004081646,0.10748583823442459,0.8626482486724854,0.7257709503173828
YNL086W,YER087W,0,-0.0040822234,0.10747260600328445,0.8626482486724854,0.7258710265159607
YDL114W,YER180C,0,-0.004083518,0.10745938122272491,0.8626482486724854,0.7259711623191833
YFR042W,YLR312W-A,0,-0.0040839054,0.10744615644216537,0.8626482486724854,0.726071298122406
YDR495C,YNL014W,0,-0.0040908493,0.10743293166160583,0.8626482486724854,0.7261714339256287
YCR020W-B,YNL306W,0,-0.0040965397,0.10741971433162689,0.8626482486724854,0.7262715101242065
YKL148C,YKL210W,0,-0.004103165,0.10740649700164795,0.8626482486724854,0.7263716459274292
YGL077C,YCR028C,1,-0.004106097,0.10751629620790482,0.8636363744735718,0.7263716459274292
YKL089W,YBR204C,0,-0.004112138,0.10750307142734528,0.8636363744735718,0.7264717817306519
YER018C,YDR117C,0,-0.004112281,0.10748985409736633,0.8636363744735718,0.7265718579292297
YHL040C,YCL075W,0,-0.004112765,0.10747663676738739,0.8636363744735718,0.7266719937324524
YNL083W,YHL007C,0,-0.004118956,0.10746341943740845,0.8636363744735718,0.726772129535675
YGL019W,YGL032C,0,-0.004121641,0.1074502095580101,0.8636363744735718,0.7268722653388977
YDL114W,YMR060C,0,-0.0041235443,0.10743699967861176,0.8636363744735718,0.7269723415374756
YLL019C,YJL106W,0,-0.004131711,0.107423797249794,0.8636363744735718,0.7270724773406982
YDR109C,YML024W,0,-0.004136415,0.10741059482097626,0.8636363744735718,0.7271726131439209
YKL004W,YBL079W,0,-0.004142858,0.10739739239215851,0.8636363744735718,0.7272727489471436
YDR228C,YDR507C,0,-0.004142887,0.10738419741392136,0.8636363744735718,0.7273728251457214
YGR238C,YML109W,0,-0.00414351,0.1073710098862648,0.8636363744735718,0.7274729609489441
YFR004W,YDR533C,0,-0.004147351,0.10735781490802765,0.8636363744735718,0.7275730967521667
YER183C,YHR086W,0,-0.00414758,0.10734463483095169,0.8636363744735718,0.7276732325553894
YMR029C,YHR153C,0,-0.0041514263,0.10733144730329514,0.8636363744735718,0.7277733087539673
YBR160W,YAL014C,0,-0.0041531473,0.10731827467679977,0.8636363744735718,0.7278734445571899
YER007W,YNL050C,0,-0.0041556377,0.10730509459972382,0.8636363744735718,0.7279735803604126
YDR392W,YCR079W,0,-0.004159649,0.10729192197322845,0.8636363744735718,0.7280737161636353
YDR196C,YNL077W,0,-0.0041609043,0.1072787493467331,0.8636363744735718,0.7281737923622131
YNL299W,YML009C,0,-0.004165817,0.10726558417081833,0.8636363744735718,0.7282739281654358
YMR104C,YNR022C,0,-0.004170602,0.10725242644548416,0.8636363744735718,0.7283740639686584
YOL049W,YHR043C,0,-0.004175812,0.1072392612695694,0.8636363744735718,0.7284741401672363
YMR017W,YGR192C,0,-0.0041812174,0.10722610354423523,0.8636363744735718,0.728574275970459
YKL028W,YOL030W,0,-0.0041813813,0.10721295326948166,0.8636363744735718,0.7286744117736816
YJR125C,YOL062C,0,-0.00418164,0.10719980299472809,0.8636363744735718,0.7287745475769043
YDR444W,YCL004W,0,-0.004186558,0.10718666017055511,0.8636363744735718,0.7288746237754822
YDR483W,YOR116C,0,-0.004186934,0.10717350989580154,0.8636363744735718,0.7289747595787048
YFL038C,YLR064W,0,-0.0041913074,0.10716037452220917,0.8636363744735718,0.7290748953819275
YGR001C,YNL182C,0,-0.0041943938,0.10714723914861679,0.8636363744735718,0.7291750311851501
YOR209C,YIL110W,0,-0.0042042118,0.10713410377502441,0.8636363744735718,0.729275107383728
YML094W,YBR010W,0,-0.004211113,0.10712096840143204,0.8636363744735718,0.7293752431869507
YIL157C,YDR454C,0,-0.004212402,0.10710784047842026,0.8636363744735718,0.7294753789901733
YFR018C,YDR414C,0,-0.0042126887,0.10709472000598907,0.8636363744735718,0.729575514793396
YMR112C,YKL001C,0,-0.0042128055,0.10708159953355789,0.8636363744735718,0.7296755909919739
YJR006W,YKL027W,0,-0.0042140447,0.10706847906112671,0.8636363744735718,0.7297757267951965
YPR104C,YLR126C,0,-0.0042141974,0.10705536603927612,0.8636363744735718,0.7298758625984192
YOR077W,YLR078C,0,-0.004219014,0.10704225301742554,0.8636363744735718,0.7299759984016418
YHR167W,YGR251W,0,-0.0042194463,0.10702914744615555,0.8636363744735718,0.7300760746002197
YBR022W,YMR231W,0,-0.0042216806,0.10701604187488556,0.8636363744735718,0.7301762104034424
YCL038C,YLR187W,0,-0.004226938,0.10700293630361557,0.8636363744735718,0.730276346206665
YKL120W,YML099C,0,-0.0042321123,0.10698983818292618,0.8636363744735718,0.7303764224052429
YOR239W,YGR238C,0,-0.0042343624,0.10697674751281738,0.8636363744735718,0.7304765582084656
YOR057W,YGR234W,0,-0.004235151,0.10696364939212799,0.8636363744735718,0.7305766940116882
YOL156W,YDR352W,0,-0.0042360676,0.10695056617259979,0.8636363744735718,0.7306768298149109
YLR126C,YKL086W,0,-0.0042393785,0.106937475502491,0.8636363744735718,0.7307769060134888
YML121W,YOL112W,0,-0.004239709,0.1069243922829628,0.8636363744735718,0.7308770418167114
YOR378W,YHR116W,0,-0.0042464314,0.1069113165140152,0.8636363744735718,0.7309771776199341
YML054C,YDR368W,0,-0.0042592436,0.1068982407450676,0.8636363744735718,0.7310773134231567
YKL020C,YNL026W,0,-0.0042611957,0.10688516497612,0.8636363744735718,0.7311773896217346
YAL033W,YDR532C,0,-0.004263254,0.10687209665775299,0.8636363744735718,0.7312775254249573
YOR338W,YGL175C,0,-0.0042641954,0.10685902833938599,0.8636363744735718,0.7313776612281799
YMR283C,YCL020W,0,-0.0042677266,0.10684596747159958,0.8636363744735718,0.7314777970314026
YBL091C-A,YDL030W,0,-0.0042728633,0.10683290660381317,0.8636363744735718,0.7315778732299805
YPR080W,YJL082W,0,-0.004277019,0.10681984573602676,0.8636363744735718,0.7316780090332031
YGR224W,YHR136C,1,-0.0042834077,0.1069289967417717,0.8646245002746582,0.7316780090332031
YMR025W,YPL132W,0,-0.004294619,0.10691593587398529,0.8646245002746582,0.7317781448364258
YPR042C,YIL072W,0,-0.004301155,0.10690286755561829,0.8646245002746582,0.7318782806396484
YLR467W,YLR395C,0,-0.004308369,0.10688981413841248,0.8646245002746582,0.7319783568382263
YNL273W,YMR203W,0,-0.0043084696,0.10687675327062607,0.8646245002746582,0.732078492641449
YDR017C,YER020W,0,-0.0043126103,0.10686369985342026,0.8646245002746582,0.7321786284446716
YLR035C,YHR034C,0,-0.004313561,0.10685065388679504,0.8646245002746582,0.7322787642478943
YOR261C,YDR214W,0,-0.004321793,0.10683760792016983,0.8646245002746582,0.7323788404464722
YEL027W,YKL080W,1,-0.0043221437,0.10694664716720581,0.8656126260757446,0.7323788404464722
YNR006W,YGR140W,0,-0.004322309,0.10693359375,0.8656126260757446,0.7324789762496948
YHR156C,YDL010W,0,-0.004327949,0.10692054033279419,0.8656126260757446,0.7325791120529175
YDL180W,YPL180W,0,-0.0043291626,0.10690749436616898,0.8656126260757446,0.7326791882514954
YGL068W,YJL170C,0,-0.0043351576,0.10689444839954376,0.8656126260757446,0.732779324054718
YGR209C,YKL041W,0,-0.004335832,0.10688140243291855,0.8656126260757446,0.7328794598579407
YJL117W,YJR152W,1,-0.0043373927,0.10699035972356796,0.8666008114814758,0.7328794598579407
YKR055W,YKL028W,0,-0.004340969,0.10697731375694275,0.8666008114814758,0.7329795956611633
YPL057C,YBR271W,0,-0.004342188,0.10696426033973694,0.8666008114814758,0.7330796718597412
YOR077W,YJL033W,0,-0.0043452233,0.10695122182369232,0.8666008114814758,0.7331798076629639
YDL165W,YAR071W,0,-0.0043472946,0.10693817585706711,0.8666008114814758,0.7332799434661865
YAL025C,YLR040C,0,-0.00434878,0.10692513734102249,0.8666008114814758,0.7333800792694092
YIR014W,YCR009C,0,-0.0043522976,0.10691210627555847,0.8666008114814758,0.7334801554679871
YLR431C,YOL053C-A,0,-0.004354298,0.10689907521009445,0.8666008114814758,0.7335802912712097
YIL101C,YJL102W,0,-0.0043592034,0.10688604414463043,0.8666008114814758,0.7336804270744324
YDR211W,YNL304W,0,-0.0043680593,0.10687302052974701,0.8666008114814758,0.733780562877655
YLL062C,YDR312W,0,-0.004373312,0.10685999691486359,0.8666008114814758,0.7338806390762329
YER164W,YDL083C,0,-0.0043752454,0.10684698075056076,0.8666008114814758,0.7339807748794556
YPR061C,YOL053C-A,0,-0.004379304,0.10683396458625793,0.8666008114814758,0.7340809106826782
YFL034C-A,YGL184C,0,-0.0043852553,0.10682094842195511,0.8666008114814758,0.7341810464859009
YBR273C,YOR071C,0,-0.0043876134,0.10680793970823288,0.8666008114814758,0.7342811226844788
YDR444W,YOR037W,0,-0.0043882914,0.10679493099451065,0.8666008114814758,0.7343812584877014
YBR281C,YFL045C,0,-0.004395917,0.10678192973136902,0.8666008114814758,0.7344813942909241
YLR121C,YBL040C,0,-0.0043971576,0.10676892846822739,0.8666008114814758,0.734581470489502
YBR141C,YBR080C,0,-0.004397447,0.10675593465566635,0.8666008114814758,0.7346816062927246
YBL020W,YNL279W,0,-0.0044014975,0.10674294084310532,0.8666008114814758,0.7347817420959473
YGL048C,YDR194C,0,-0.0044030296,0.10672994703054428,0.8666008114814758,0.7348818778991699
YKL186C,YCR068W,0,-0.004404905,0.10671696066856384,0.8666008114814758,0.7349819540977478
YER114C,YJR159W,0,-0.004410643,0.106703981757164,0.8666008114814758,0.7350820899009705
YGL084C,YJR140C,0,-0.0044182763,0.10669099539518356,0.8666008114814758,0.7351822257041931
YMR137C,YDR144C,0,-0.00442037,0.10667801648378372,0.8666008114814758,0.7352823615074158
YDL051W,YNL009W,0,-0.0044207573,0.10666504502296448,0.8666008114814758,0.7353824377059937
YLR386W,YLR439W,0,-0.0044229813,0.10665207356214523,0.8666008114814758,0.7354825735092163
YDR294C,YHL008C,0,-0.004423961,0.10663910210132599,0.8666008114814758,0.735582709312439
YCR083W,YGR135W,0,-0.0044272617,0.10662613809108734,0.8666008114814758,0.7356828451156616
YML007W,YMR194W,0,-0.00443168,0.1066131740808487,0.8666008114814758,0.7357829213142395
YDL210W,YCR010C,1,-0.0044324473,0.10672176629304886,0.8675889372825623,0.7357829213142395
YDR071C,YCL059C,0,-0.004434198,0.10670880228281021,0.8675889372825623,0.7358830571174622
YGR185C,YKL013C,0,-0.004435962,0.10669583082199097,0.8675889372825623,0.7359831929206848
YDR349C,YPL090C,0,-0.004446985,0.10668286681175232,0.8675889372825623,0.7360833287239075
YCR040W,YJL191W,0,-0.0044539217,0.10666990280151367,0.8675889372825623,0.7361834049224854
YMR213W,YCR092C,0,-0.004455209,0.10665694624185562,0.8675889372825623,0.736283540725708
YLR396C,YKR066C,0,-0.0044627166,0.10664399713277817,0.8675889372825623,0.7363836765289307
YNL134C,YKL152C,0,-0.004465689,0.10663104057312012,0.8675889372825623,0.7364837527275085
YNL006W,YNL095C,0,-0.004467942,0.10661809146404266,0.8675889372825623,0.7365838885307312
YGL141W,YMR184W,0,-0.0044749156,0.1066051498055458,0.8675889372825623,0.7366840243339539
YNR015W,YKR025W,0,-0.0044846777,0.10659220814704895,0.8675889372825623,0.7367841601371765
YGR048W,YJR107W,0,-0.004489394,0.1065792664885521,0.8675889372825623,0.7368842363357544
YNL009W,YJL034W,0,-0.0044919886,0.10656633228063583,0.8675889372825623,0.736984372138977
YMR154C,YCL075W,0,-0.004493936,0.10655339807271957,0.8675889372825623,0.7370845079421997
YLL003W,YOR188W,0,-0.004494667,0.10654047131538391,0.8675889372825623,0.7371846437454224
YKR036C,YPR118W,0,-0.0045015253,0.10652754455804825,0.8675889372825623,0.7372847199440002
YOR322C,YLL034C,0,-0.0045037232,0.10651461780071259,0.8675889372825623,0.7373848557472229
YHR052W,YDR440W,0,-0.0045042876,0.10650169849395752,0.8675889372825623,0.7374849915504456
YGL224C,YOR246C,0,-0.0045048036,0.10648877918720245,0.8675889372825623,0.7375851273536682
YLR450W,YDR489W,0,-0.0045057684,0.10647586733102798,0.8675889372825623,0.7376852035522461
YJL011C,YLL035W,0,-0.004515497,0.10646295547485352,0.8675889372825623,0.7377853393554688
YDR245W,YPL033C,0,-0.0045172647,0.10645005106925964,0.8675889372825623,0.7378854751586914
YDL115C,YLR272C,0,-0.004523188,0.10643714666366577,0.8675889372825623,0.7379856109619141
YGL210W-A,YJL145W,0,-0.004528202,0.1064242422580719,0.8675889372825623,0.7380856871604919
YBL061C,YDL103C,0,-0.004534323,0.10641134530305862,0.8675889372825623,0.7381858229637146
YDR338C,YGR221C,0,-0.004540108,0.10639844834804535,0.8675889372825623,0.7382859587669373
YBL011W,YGR091W,0,-0.0045430297,0.10638555884361267,0.8675889372825623,0.7383860349655151
YBL036C,YDR297W,0,-0.0045446972,0.10637266933917999,0.8675889372825623,0.7384861707687378
YDR050C,YCR080W,0,-0.0045473077,0.10635977983474731,0.8675889372825623,0.7385863065719604
YBR096W,YLR336C,0,-0.0045580417,0.10634689778089523,0.8675889372825623,0.7386864423751831
YGL079W,YER101C,0,-0.0045633717,0.10633402317762375,0.8675889372825623,0.738786518573761
YBL037W,YLR357W,0,-0.00456452,0.10632114112377167,0.8675889372825623,0.7388866543769836
YGL062W,YGR067C,0,-0.00456539,0.10630826652050018,0.8675889372825623,0.7389867901802063
YBL069W,YJR140C,0,-0.0045737717,0.1062953993678093,0.8675889372825623,0.739086925983429
YOL156W,YJR047C,0,-0.0045760237,0.10628253221511841,0.8675889372825623,0.7391870021820068
YGR255C,YMR169C,0,-0.0045769755,0.10626966506242752,0.8675889372825623,0.7392871379852295
YLL019C,YDL202W,0,-0.0045771636,0.10625680536031723,0.8675889372825623,0.7393872737884521
YOR298C-A,YML024W,0,-0.0045877863,0.10624395310878754,0.8675889372825623,0.7394874095916748
YGL205W,YDR312W,0,-0.0045908503,0.10623109340667725,0.8675889372825623,0.7395874857902527
YDR316W,YDL201W,0,-0.0045917295,0.10621824115514755,0.8675889372825623,0.7396876215934753
YHL012W,YER011W,0,-0.0045982376,0.10620539635419846,0.8675889372825623,0.739787757396698
YJR058C,YFL034C-A,0,-0.0046050586,0.10619255155324936,0.8675889372825623,0.7398878931999207
YMR311C,YPR200C,0,-0.0046087224,0.10617970675230026,0.8675889372825623,0.7399879693984985
YOL065C,YOL068C,0,-0.0046090446,0.10616686940193176,0.8675889372825623,0.7400881052017212
YDR198C,YJR101W,0,-0.0046114028,0.10615403205156326,0.8675889372825623,0.7401882410049438
YNL192W,YKL172W,0,-0.004615005,0.10614120215177536,0.8675889372825623,0.7402883172035217
YBL002W,YPR125W,0,-0.004615603,0.10612837225198746,0.8675889372825623,0.7403884530067444
YOL045W,YNL117W,0,-0.004621011,0.10611554235219955,0.8675889372825623,0.740488588809967
YLR071C,YNR035C,0,-0.0046248604,0.10610271990299225,0.8675889372825623,0.7405887246131897
YDR291W,YER061C,0,-0.0046323193,0.10608989745378494,0.8675889372825623,0.7406888008117676
YJL053W,YOL089C,0,-0.0046339706,0.10607708245515823,0.8675889372825623,0.7407889366149902
YKL046C,YDR307W,0,-0.0046353843,0.10606426745653152,0.8675889372825623,0.7408890724182129
YDR306C,YOR206W,0,-0.00463559,0.10605145245790482,0.8675889372825623,0.7409892082214355
YFR032C-A,YPL158C,0,-0.0046398006,0.1060386449098587,0.8675889372825623,0.7410892844200134
YPL218W,YBR111W-A,0,-0.004643416,0.10602584481239319,0.8675889372825623,0.7411894202232361
YIR025W,YNL073W,0,-0.00465017,0.10601303726434708,0.8675889372825623,0.7412895560264587
YEL065W,YNR060W,1,-0.0046536624,0.10612097382545471,0.8685770630836487,0.7412895560264587
YOR313C,YFL003C,0,-0.004657477,0.106108158826828,0.8685770630836487,0.7413896918296814
YFR044C,YPL134C,0,-0.004674848,0.10609535127878189,0.8685770630836487,0.7414897680282593
YAR031W,YMR184W,0,-0.0046808682,0.10608255118131638,0.8685770630836487,0.7415899038314819
YHR152W,YNL208W,0,-0.004680908,0.10606975108385086,0.8685770630836487,0.7416900396347046
YNL307C,YNL272C,0,-0.0046817698,0.10605695098638535,0.8685770630836487,0.7417901754379272
YDL133C-A,YOL088C,0,-0.004687818,0.10604415833950043,0.8685770630836487,0.7418902516365051
YOR375C,YDR436W,0,-0.004688263,0.10603136569261551,0.8685770630836487,0.7419903874397278
YDR166C,YOL140W,0,-0.00469134,0.10601857304573059,0.8685770630836487,0.7420905232429504
YOL028C,YPR112C,0,-0.004699601,0.10600578784942627,0.8685770630836487,0.7421905994415283
YIR011C,YML078W,0,-0.004702054,0.10599300265312195,0.8685770630836487,0.742290735244751
YOL018C,YLR010C,0,-0.004702436,0.10598022490739822,0.8685770630836487,0.7423908710479736
YDL179W,YCR034W,0,-0.0047051758,0.1059674471616745,0.8685770630836487,0.7424910068511963
YNL136W,YDR018C,0,-0.004710987,0.10595467686653137,0.8685770630836487,0.7425910830497742
YOR338W,YJR143C,0,-0.004712625,0.10594190657138824,0.8685770630836487,0.7426912188529968
YDR330W,YJR091C,0,-0.004727505,0.10592913627624512,0.8685770630836487,0.7427913546562195
YGR157W,YMR020W,0,-0.0047299378,0.10591637343168259,0.8685770630836487,0.7428914904594421
YPL030W,YKL212W,0,-0.0047305226,0.10590361803770065,0.8685770630836487,0.74299156665802
YDR288W,YJR098C,0,-0.004743859,0.10589085519313812,0.8685770630836487,0.7430917024612427
YIL082W-A,YLR155C,0,-0.0047501847,0.10587809979915619,0.8685770630836487,0.7431918382644653
YHR117W,YOR369C,0,-0.0047688633,0.10586535185575485,0.8685770630836487,0.743291974067688
YIR012W,YKL217W,0,-0.004773304,0.10585260391235352,0.8685770630836487,0.7433920502662659
YBL021C,YGL157W,0,-0.0047738124,0.10583985596895218,0.8685770630836487,0.7434921860694885
YNR010W,YHL036W,0,-0.0047768205,0.10582711547613144,0.8685770630836487,0.7435923218727112
YER073W,YIL027C,0,-0.004791538,0.1058143749833107,0.8685770630836487,0.7436924576759338
YLR216C,YBR177C,0,-0.004794948,0.10580163449048996,0.8685770630836487,0.7437925338745117
YPL275W,YBR098W,0,-0.0048018238,0.10578890144824982,0.8685770630836487,0.7438926696777344
YER086W,YHR089C,0,-0.004802456,0.10577617585659027,0.8685770630836487,0.743992805480957
YNL290W,YDR541C,0,-0.004804558,0.10576344281435013,0.8685770630836487,0.7440929412841797
YBR257W,YHR031C,0,-0.0048064413,0.10575072467327118,0.8685770630836487,0.7441930174827576
YGL153W,YCL062W,0,-0.004810278,0.10573799908161163,0.8685770630836487,0.7442931532859802
YHR207C,YOR017W,0,-0.004815243,0.10572528094053268,0.8685770630836487,0.7443932890892029
YAR044W,YDR184C,0,-0.004817409,0.10571257025003433,0.8685770630836487,0.7444933652877808
YLR238W,YER137C,0,-0.0048234975,0.10569985210895538,0.8685770630836487,0.7445935010910034
YLR100W,YNL160W,0,-0.0048252866,0.10568714886903763,0.8685770630836487,0.7446936368942261
YIR033W,YJR022W,0,-0.0048297886,0.10567443817853928,0.8685770630836487,0.7447937726974487
YDR186C,YGR192C,0,-0.0048389584,0.10566173493862152,0.8685770630836487,0.7448938488960266
YHR027C,YNL197C,0,-0.0048409593,0.10564903914928436,0.8685770630836487,0.7449939846992493
YLR389C,YMR312W,0,-0.0048416387,0.1056363433599472,0.8685770630836487,0.7450941205024719
YDL156W,YGR096W,0,-0.0048450436,0.10562364757061005,0.8685770630836487,0.7451942563056946
YGL035C,YMR094W,0,-0.004849945,0.10561095923185349,0.8685770630836487,0.7452943325042725
YOR382W,YCR023C,1,-0.004852621,0.10571840405464172,0.8695651888847351,0.7452943325042725
YCL063W,YER157W,0,-0.0048560007,0.10570570826530457,0.8695651888847351,0.7453944683074951
YNL281W,YHR074W,0,-0.00485803,0.10569301247596741,0.8695651888847351,0.7454946041107178
YER099C,YEL056W,0,-0.004858218,0.10568031668663025,0.8695651888847351,0.7455947399139404
YJL117W,YLR295C,1,-0.0048611034,0.10578770190477371,0.8705533742904663,0.7455947399139404
YEL059C-A,YPL074W,0,-0.004862111,0.10577500611543655,0.8705533742904663,0.7456948161125183
YML093W,YJR144W,0,-0.004862316,0.1057623028755188,0.8705533742904663,0.745794951915741
YDR221W,YNL014W,0,-0.0048675872,0.10574960708618164,0.8705533742904663,0.7458950877189636
YOR255W,YBR080C,0,-0.004874436,0.10573691874742508,0.8705533742904663,0.7459952235221863
YDR488C,YIL136W,0,-0.004881732,0.10572423040866852,0.8705533742904663,0.7460952997207642
YGR090W,YJL072C,0,-0.004887224,0.10571154206991196,0.8705533742904663,0.7461954355239868
YPL104W,YKR057W,0,-0.0048921555,0.10569886118173599,0.8705533742904663,0.7462955713272095
YBR059C,YJL115W,0,-0.004894322,0.10568618029356003,0.8705533742904663,0.7463956475257874
YCL031C,YNL242W,0,-0.0048960485,0.10567350685596466,0.8705533742904663,0.74649578332901
YER073W,YBR274W,0,-0.0049018255,0.1056608334183693,0.8705533742904663,0.7465959191322327
YML064C,YML040W,0,-0.0049152523,0.10564815998077393,0.8705533742904663,0.7466960549354553
YOR221C,YMR135C,0,-0.004918605,0.10563549399375916,0.8705533742904663,0.7467961311340332
YOR232W,YPR178W,0,-0.0049231686,0.10562282800674438,0.8705533742904663,0.7468962669372559
YKL049C,YOR246C,0,-0.0049234172,0.10561016201972961,0.8705533742904663,0.7469964027404785
YDL126C,YJL213W,0,-0.004923571,0.10559750348329544,0.8705533742904663,0.7470965385437012
YEL052W,YDR376W,0,-0.004932329,0.10558485239744186,0.8705533742904663,0.747196614742279
YOR251C,YOR192C,1,-0.0049341423,0.10569202899932861,0.8715415000915527,0.747196614742279
YPL249C-A,YHR091C,0,-0.0049382914,0.10567937046289444,0.8715415000915527,0.7472967505455017
YIL115C,YGR203W,0,-0.004940884,0.10566670447587967,0.8715415000915527,0.7473968863487244
YGL259W,YER140W,0,-0.004946649,0.1056540459394455,0.8715415000915527,0.747497022151947
YBR185C,YKR099C-A,0,-0.004961863,0.10564139485359192,0.8715415000915527,0.7475970983505249
YNL178W,YNL097C,0,-0.004968332,0.10562874376773834,0.8715415000915527,0.7476972341537476
YPL088W,YDR313C,0,-0.0049742125,0.10561609268188477,0.8715415000915527,0.7477973699569702
YOR174W,YOL092W,0,-0.004983169,0.10560344904661179,0.8715415000915527,0.7478975057601929
YLL045C,YIL085C,0,-0.004983522,0.1055908054113388,0.8715415000915527,0.7479975819587708
YER117W,YBL005W-A,0,-0.004985325,0.10557816922664642,0.8715415000915527,0.7480977177619934
YJL139C,YBR236C,0,-0.0049877465,0.10556553304195404,0.8715415000915527,0.7481978535652161
YPL026C,YPL232W,0,-0.0049912985,0.10555289685726166,0.8715415000915527,0.748297929763794
YEL043W,YDR088C,0,-0.004995532,0.10554026812314987,0.8715415000915527,0.7483980655670166
YJL020C,YJL171C,0,-0.00499708,0.10552763938903809,0.8715415000915527,0.7484982013702393
YOR039W,YHR029C,0,-0.005001109,0.1055150106549263,0.8715415000915527,0.7485983371734619
YBR160W,YLL033W,0,-0.0050013047,0.10550238937139511,0.8715415000915527,0.7486984133720398
YML015C,YDR339C,0,-0.0050072484,0.10548977553844452,0.8715415000915527,0.7487985491752625
YOR393W,YCL069W,0,-0.0050116777,0.10547716170549393,0.8715415000915527,0.7488986849784851
YGR036C,YLL003W,0,-0.005014711,0.10546454787254333,0.8715415000915527,0.7489988207817078
YNL232W,YLR126C,0,-0.0050160955,0.10545193403959274,0.8715415000915527,0.7490988969802856
YAL039C,YJL092W,0,-0.00501768,0.10543932765722275,0.8715415000915527,0.7491990327835083
YDR046C,YLR376C,0,-0.0050192205,0.10542672872543335,0.8715415000915527,0.749299168586731
YPR098C,YPL249C,0,-0.0050283093,0.10541412979364395,0.8715415000915527,0.7493993043899536
YLR130C,YHR039C-A,1,-0.005029436,0.10552103072404861,0.8725296258926392,0.7493993043899536
YOR224C,YMR239C,0,-0.005030185,0.10550842434167862,0.8725296258926392,0.7494993805885315
YNR018W,YDR507C,0,-0.005040679,0.10549581795930862,0.8725296258926392,0.7495995163917542
YMR270C,YIR038C,0,-0.0050427653,0.10548321902751923,0.8725296258926392,0.7496996521949768
YBR171W,YMR194W,0,-0.005045617,0.10547061264514923,0.8725296258926392,0.7497997879981995
YEL069C,YBL011W,0,-0.0050616283,0.10545802116394043,0.8725296258926392,0.7498998641967773
YNL262W,YNL208W,0,-0.0050617503,0.10544542968273163,0.8725296258926392,0.75
YHR047C,YOR346W,0,-0.005063653,0.10543283820152283,0.8725296258926392,0.7501001358032227
YFL009W,YOR140W,0,-0.005065307,0.10542024672031403,0.8725296258926392,0.7502002120018005
YMR034C,YML123C,1,-0.0050659236,0.10552703589200974,0.8735178112983704,0.7502002120018005
YAL003W,YHR172W,0,-0.0050714184,0.10551444441080093,0.8735178112983704,0.7503003478050232
YIR025W,YOR155C,0,-0.0050725024,0.10550185292959213,0.8735178112983704,0.7504004836082458
YBR195C,YGR172C,0,-0.005075152,0.10548926144838333,0.8735178112983704,0.7505006194114685
YML042W,YPL160W,0,-0.005090326,0.10547666996717453,0.8735178112983704,0.7506006956100464
YMR025W,YMR166C,0,-0.0050955825,0.10546409338712692,0.8735178112983704,0.750700831413269
YKL074C,YPL066W,0,-0.0050965864,0.10545150935649872,0.8735178112983704,0.7508009672164917
YLR183C,YDR423C,0,-0.005099272,0.10543893277645111,0.8735178112983704,0.7509011030197144
YJR078W,YNL116W,0,-0.0051037967,0.1054263561964035,0.8735178112983704,0.7510011792182922
YDR266C,YJL156C,0,-0.005105365,0.10541378706693649,0.8735178112983704,0.7511013150215149
YBR282W,YFL048C,0,-0.0051105954,0.10540121793746948,0.8735178112983704,0.7512014508247375
YDR225W,YLR229C,0,-0.0051119262,0.10538864880800247,0.8735178112983704,0.7513015866279602
YIR015W,YDL130W,0,-0.0051147044,0.10537608712911606,0.8735178112983704,0.7514016628265381
YNL064C,YNL107W,0,-0.0051163286,0.10536352545022964,0.8735178112983704,0.7515017986297607
YLR139C,YDL204W,0,-0.0051164236,0.10535097122192383,0.8735178112983704,0.7516019344329834
YMR068W,YGR240C,0,-0.0051287394,0.10533841699361801,0.8735178112983704,0.751702070236206
YDR263C,YBR018C,0,-0.005134461,0.10532587021589279,0.8735178112983704,0.7518021464347839
YKR020W,YNR061C,0,-0.0051409807,0.10531331598758698,0.8735178112983704,0.7519022822380066
YMR268C,YLL062C,0,-0.0051444136,0.10530077666044235,0.8735178112983704,0.7520024180412292
YOR338W,YKL124W,0,-0.0051462594,0.10528822988271713,0.8735178112983704,0.7521024942398071
YPR185W,YML099C,0,-0.005147472,0.10527569055557251,0.8735178112983704,0.7522026300430298
YJR058C,YNL298W,0,-0.0051491633,0.10526315867900848,0.8735178112983704,0.7523027658462524
YHR119W,YLR300W,0,-0.005149696,0.10525062680244446,0.8735178112983704,0.7524029016494751
YIR011C,YGR010W,0,-0.0051522404,0.10523809492588043,0.8735178112983704,0.752502977848053
YPR003C,YGL139W,1,-0.0051535703,0.10534460097551346,0.8745059370994568,0.752502977848053
YHL009C,YDL025C,0,-0.005154108,0.10533206164836884,0.8745059370994568,0.7526031136512756
YOR197W,YLR079W,0,-0.00515496,0.10531952977180481,0.8745059370994568,0.7527032494544983
YNL006W,YHR186C,0,-0.0051603597,0.10530699789524078,0.8745059370994568,0.752803385257721
YGR183C,YDL074C,0,-0.005162293,0.10529446601867676,0.8745059370994568,0.7529034614562988
YNL239W,YOR326W,0,-0.0051753167,0.10528194159269333,0.8745059370994568,0.7530035972595215
YOR338W,YDR158W,0,-0.0051847836,0.1052694171667099,0.8745059370994568,0.7531037330627441
YML125C,YPL055C,0,-0.005199738,0.10525690019130707,0.8745059370994568,0.7532038688659668
YDR036C,YER111C,0,-0.005220758,0.10524438321590424,0.8745059370994568,0.7533039450645447
YOR130C,YDR368W,0,-0.0052239224,0.1052318662405014,0.8745059370994568,0.7534040808677673
YGR062C,YBR297W,0,-0.005229622,0.10521935671567917,0.8745059370994568,0.75350421667099
YPL088W,YGL225W,0,-0.0052318685,0.10520684719085693,0.8745059370994568,0.7536043524742126
YMR221C,YKL117W,0,-0.00523571,0.1051943451166153,0.8745059370994568,0.7537044286727905
YHR021C,YDR416W,0,-0.005236254,0.10518184304237366,0.8745059370994568,0.7538045644760132
YLR047C,YML033W,0,-0.0052375626,0.10516934096813202,0.8745059370994568,0.7539047002792358
YNL239W,YAL055W,0,-0.0052383267,0.10515684634447098,0.8745059370994568,0.7540047764778137
YMR058W,YMR184W,0,-0.0052416604,0.10514435172080994,0.8745059370994568,0.7541049122810364
YJR149W,YIL113W,0,-0.005245168,0.1051318570971489,0.8745059370994568,0.754205048084259
YPR187W,YOR130C,0,-0.005251268,0.10511936992406845,0.8745059370994568,0.7543051838874817
YER190W,YNL014W,0,-0.005253153,0.1051068902015686,0.8745059370994568,0.7544052600860596
YBL064C,YCR008W,0,-0.0052599516,0.10509441047906876,0.8745059370994568,0.7545053958892822
YGR224W,YLR047C,1,-0.005261274,0.10520066320896149,0.8754940629005432,0.7545053958892822
YER035W,YKR060W,0,-0.0052617597,0.10518817603588104,0.8754940629005432,0.7546055316925049
YOR362C,YIR015W,0,-0.005281845,0.1051756888628006,0.8754940629005432,0.7547056674957275
YHR175W,YGL257C,0,-0.0052827783,0.10516320168972015,0.8754940629005432,0.7548057436943054
YFL022C,YOL107W,0,-0.005285386,0.1051507219672203,0.8754940629005432,0.7549058794975281
YER030W,YKR102W,0,-0.0052965432,0.10513824969530106,0.8754940629005432,0.7550060153007507
YLR027C,YER013W,0,-0.0053018713,0.10512576997280121,0.8754940629005432,0.7551061511039734
YBR231C,YCL057W,0,-0.0053032935,0.10511329770088196,0.8754940629005432,0.7552062273025513
YBR161W,YEL059C-A,0,-0.005308274,0.1051008328795433,0.8754940629005432,0.7553063631057739
YOR123C,YPL098C,0,-0.0053103548,0.10508836805820465,0.8754940629005432,0.7554064989089966
YDR138W,YBR175W,0,-0.005312103,0.105075903236866,0.8754940629005432,0.7555066347122192
YBR283C,YLR300W,0,-0.0053122602,0.10506343841552734,0.8754940629005432,0.7556067109107971
YLR066W,YBR238C,0,-0.00531583,0.10505098104476929,0.8754940629005432,0.7557068467140198
YJL141C,YJR129C,0,-0.005319128,0.10503853112459183,0.8754940629005432,0.7558069825172424
YML121W,YBR294W,1,-0.005320673,0.10514461994171143,0.8764821887016296,0.7558069825172424
YPL172C,YLR136C,0,-0.0053239316,0.10513215512037277,0.8764821887016296,0.7559070587158203
YBR199W,YOR230W,0,-0.0053305663,0.10511969774961472,0.8764821887016296,0.756007194519043
YLR319C,YNL207W,0,-0.005333593,0.10510724037885666,0.8764821887016296,0.7561073303222656
YGR274C,YER082C,0,-0.005337013,0.1050947830080986,0.8764821887016296,0.7562074661254883
YBL021C,YGR113W,0,-0.0053379573,0.10508233308792114,0.8764821887016296,0.7563075423240662
YAR066W,YOR391C,0,-0.005345282,0.10506989061832428,0.8764821887016296,0.7564076781272888
YIL047C,YBR247C,0,-0.005347416,0.10505744069814682,0.8764821887016296,0.7565078139305115
YIL085C,YBR006W,0,-0.0053512994,0.10504500567913055,0.8764821887016296,0.7566079497337341
YGR028W,YNL058C,0,-0.0053553097,0.10503256320953369,0.8764821887016296,0.756708025932312
YHR010W,YIL076W,0,-0.0053654574,0.10502012819051743,0.8764821887016296,0.7568081617355347
YGL023C,YFR004W,0,-0.0053657666,0.10500769317150116,0.8764821887016296,0.7569082975387573
YOR327C,YMR235C,0,-0.0053666513,0.10499526560306549,0.8764821887016296,0.75700843334198
YJL143W,YIL061C,0,-0.0053672083,0.10498283803462982,0.8764821887016296,0.7571085095405579
YMR268C,YDR506C,0,-0.0053718667,0.10497041791677475,0.8764821887016296,0.7572086453437805
YGL249W,YOR327C,0,-0.005396587,0.10495799034833908,0.8764821887016296,0.7573087811470032
YHR167W,YBR204C,0,-0.0053969575,0.1049455776810646,0.8764821887016296,0.7574089169502258
YEL041W,YER088C,0,-0.005397602,0.10493315756320953,0.8764821887016296,0.7575089931488037
YJR033C,YDR408C,0,-0.0054001138,0.10492074489593506,0.8764821887016296,0.7576091289520264
YHR072W-A,YBL093C,0,-0.0054005263,0.10490833967924118,0.8764821887016296,0.757709264755249
YNL175C,YER017C,0,-0.0054089464,0.1048959344625473,0.8764821887016296,0.7578094005584717
YOR077W,YDR172W,0,-0.005412996,0.10488352924585342,0.8764821887016296,0.7579094767570496
YLR148W,YBR231C,0,-0.0054192133,0.10487113147974014,0.8764821887016296,0.7580096125602722
YKL221W,YPR127W,0,-0.0054229284,0.10485873371362686,0.8764821887016296,0.7581097483634949
YLR092W,YNL083W,1,-0.00542493,0.10496453940868378,0.8774703741073608,0.7581097483634949
YGR272C,YDR376W,0,-0.005427886,0.1049521341919899,0.8774703741073608,0.7582098245620728
YPL236C,YMR186W,0,-0.005429551,0.10493972897529602,0.8774703741073608,0.7583099603652954
YPR006C,YLR107W,0,-0.0054524243,0.10492733120918274,0.8774703741073608,0.7584100961685181
YIL080W,YNL210W,0,-0.00545907,0.10491493344306946,0.8774703741073608,0.7585102319717407
YCR040W,YAR015W,0,-0.005461216,0.10490254312753677,0.8774703741073608,0.7586103081703186
YIL078W,YNL146W,0,-0.005471207,0.10489014536142349,0.8774703741073608,0.7587104439735413
YLR187W,YGR035C,0,-0.0054713544,0.1048777624964714,0.8774703741073608,0.7588105797767639
YOL075C,YGL183C,0,-0.0054714195,0.10486537218093872,0.8774703741073608,0.7589107155799866
YLR372W,YER151C,0,-0.005482465,0.10485299676656723,0.8774703741073608,0.7590107917785645
YNR057C,YGR067C,0,-0.0054879645,0.10484061390161514,0.8774703741073608,0.7591109275817871
YOL013C,YPL196W,0,-0.0054887794,0.10482823848724365,0.8774703741073608,0.7592110633850098
YLR106C,YDR510W,0,-0.005493654,0.10481586307287216,0.8774703741073608,0.7593111991882324
YPL106C,YKL055C,0,-0.0054941056,0.10480349510908127,0.8774703741073608,0.7594112753868103
YPL092W,YPR113W,0,-0.0054947287,0.10479112714529037,0.8774703741073608,0.759511411190033
YCR009C,YDL014W,0,-0.005497385,0.10477875918149948,0.8774703741073608,0.7596115469932556
YGR109C,YPR167C,0,-0.005513184,0.10476639866828918,0.8774703741073608,0.7597116827964783
YDR017C,YBL058W,0,-0.005523417,0.10475403815507889,0.8774703741073608,0.7598117589950562
YDL126C,YIR006C,0,-0.005528666,0.10474168509244919,0.8774703741073608,0.7599118947982788
YGR184C,YDR533C,0,-0.0055481046,0.10472933202981949,0.8774703741073608,0.7600120306015015
YGR118W,YDL047W,0,-0.005562898,0.10471697896718979,0.8774703741073608,0.7601121068000793
YOL108C,YLR047C,0,-0.005572405,0.10470463335514069,0.8774703741073608,0.760212242603302
YIL017W,YMR169C,0,-0.0055846293,0.10469228774309158,0.8774703741073608,0.7603123784065247
YMR098C,YHL008C,0,-0.0055850325,0.10467994958162308,0.8774703741073608,0.7604125142097473
YJR010C-A,YNL197C,0,-0.005587859,0.10466761142015457,0.8774703741073608,0.7605125904083252
YNR070W,YLR016C,0,-0.005593,0.10465527325868607,0.8774703741073608,0.7606127262115479
YOL152W,YMR087W,0,-0.005610576,0.10464294254779816,0.8774703741073608,0.7607128620147705
YOR312C,YGL113W,0,-0.0056126416,0.10463061183691025,0.8774703741073608,0.7608129978179932
YDR531W,YDR460W,0,-0.0056230687,0.10461828112602234,0.8774703741073608,0.760913074016571
YOL010W,YBR004C,0,-0.005624132,0.10460595786571503,0.8774703741073608,0.7610132098197937
YAR019C,YHR001W,0,-0.005624404,0.10459364205598831,0.8774703741073608,0.7611133456230164
YGR116W,YDR104C,0,-0.005629626,0.104581318795681,0.8774703741073608,0.761213481426239
YJR159W,YHL018W,0,-0.005629748,0.10456900298595428,0.8774703741073608,0.7613135576248169
YMR269W,YJL004C,0,-0.0056384215,0.10455669462680817,0.8774703741073608,0.7614136934280396
YBR222C,YMR037C,0,-0.005639162,0.10454438626766205,0.8774703741073608,0.7615138292312622
YLR431C,YIL142W,0,-0.0056539774,0.10453207790851593,0.8774703741073608,0.7616139650344849
YLR139C,YMR052W,0,-0.0056551383,0.10451977699995041,0.8774703741073608,0.7617140412330627
YOR149C,YGR172C,0,-0.005655979,0.10450747609138489,0.8774703741073608,0.7618141770362854
YDR099W,YMR036C,0,-0.005656045,0.10449517518281937,0.8774703741073608,0.7619143128395081
YGL203C,YGL166W,0,-0.0056577325,0.10448288172483444,0.8774703741073608,0.7620143890380859
YLL045C,YPR031W,0,-0.0056663267,0.10447058826684952,0.8774703741073608,0.7621145248413086
YGL212W,YMR302C,0,-0.0056751706,0.10445830225944519,0.8774703741073608,0.7622146606445312
YKL007W,YNL069C,0,-0.005684113,0.10444601625204086,0.8774703741073608,0.7623147964477539
YHR107C,YDR470C,0,-0.0056856796,0.10443373024463654,0.8774703741073608,0.7624148726463318
YGL156W,YBR001C,0,-0.0056876875,0.1044214516878128,0.8774703741073608,0.7625150084495544
YMR020W,YDR330W,0,-0.005689461,0.10440917313098907,0.8774703741073608,0.7626151442527771
YMR231W,YPR065W,0,-0.0056953058,0.10439689457416534,0.8774703741073608,0.7627152800559998
YBR160W,YDR228C,0,-0.005697594,0.10438462346792221,0.8774703741073608,0.7628153562545776
YHR156C,YJR010C-A,0,-0.005700078,0.10437235236167908,0.8774703741073608,0.7629154920578003
YPL189C-A,YPR103W,0,-0.00570897,0.10436008870601654,0.8774703741073608,0.763015627861023
YDR496C,YLR147C,0,-0.0057131834,0.104347825050354,0.8774703741073608,0.7631157636642456
YOR251C,YOR283W,0,-0.005720754,0.10433556884527206,0.8774703741073608,0.7632158398628235
YNL067W,YBL093C,0,-0.005722326,0.10432330518960953,0.8774703741073608,0.7633159756660461
YDR291W,YPR082C,0,-0.0057298914,0.10431105643510818,0.8774703741073608,0.7634161114692688
YLR109W,YNL280C,0,-0.0057364553,0.10429880023002625,0.8774703741073608,0.7635162472724915
YEL065W,YGR020C,1,-0.005736597,0.10440399497747421,0.8784584999084473,0.7635162472724915
YCL010C,YMR264W,0,-0.0057379464,0.10439173132181168,0.8784584999084473,0.7636163234710693
YJL113W,YGL236C,0,-0.005741773,0.10437947511672974,0.8784584999084473,0.763716459274292
YOR354C,YGL090W,0,-0.0057453252,0.1043672189116478,0.8784584999084473,0.7638165950775146
YBL089W,YGR271W,0,-0.005746588,0.10435497015714645,0.8784584999084473,0.7639166712760925
YDR267C,YDR167W,0,-0.0057551414,0.10434272140264511,0.8784584999084473,0.7640168070793152
YDL198C,YOR244W,0,-0.0057566017,0.10433048009872437,0.8784584999084473,0.7641169428825378
YML088W,YJL090C,0,-0.0057590585,0.10431823879480362,0.8784584999084473,0.7642170786857605
YNR060W,YNR039C,1,-0.005764056,0.10442332178354263,0.8794466257095337,0.7642170786857605
YFL057C,YLR148W,0,-0.00576427,0.10441107302904129,0.8794466257095337,0.7643171548843384
YLR084C,YCR102C,0,-0.005775352,0.10439882427453995,0.8794466257095337,0.764417290687561
YGL237C,YPL020C,0,-0.005775977,0.1043865829706192,0.8794466257095337,0.7645174264907837
YOR294W,YIL044C,0,-0.0057763755,0.10437434166669846,0.8794466257095337,0.7646175622940063
YDR414C,YGL227W,0,-0.0057782447,0.10436210036277771,0.8794466257095337,0.7647176384925842
YAR008W,YMR089C,0,-0.0057783406,0.10434986650943756,0.8794466257095337,0.7648177742958069
YMR305C,YKR056W,0,-0.0057806894,0.10433763265609741,0.8794466257095337,0.7649179100990295
YDR169C,YGR214W,0,-0.0057810955,0.10432539880275726,0.8794466257095337,0.7650180459022522
YGR086C,YCR034W,0,-0.005786054,0.10431317239999771,0.8794466257095337,0.7651181221008301
YNL192W,YAR010C,0,-0.0057878923,0.10430094599723816,0.8794466257095337,0.7652182579040527
YKL220C,YFL036W,0,-0.005789511,0.1042887270450592,0.8794466257095337,0.7653183937072754
YLR098C,YPL187W,0,-0.005790079,0.10427650809288025,0.8794466257095337,0.765418529510498
YIL082W-A,YDR416W,0,-0.00579012,0.1042642891407013,0.8794466257095337,0.7655186057090759
YKR003W,YGR008C,0,-0.005793169,0.10425207763910294,0.8794466257095337,0.7656187415122986
YLL027W,YJL034W,0,-0.005794555,0.10423986613750458,0.8794466257095337,0.7657188773155212
YPR145W,YPL099C,0,-0.0058051683,0.10422766208648682,0.8794466257095337,0.7658189535140991
YMR241W,YDR270W,1,-0.0058168415,0.10433255136013031,0.8804348111152649,0.7658189535140991
YGL160W,YBR080C,0,-0.0058222543,0.10432033985853195,0.8804348111152649,0.7659190893173218
YMR054W,YHR136C,1,-0.0058290847,0.10442519187927246,0.8814229369163513,0.7659190893173218
YHR028C,YOL003C,0,-0.0058349576,0.1044129729270935,0.8814229369163513,0.7660192251205444
YOL089C,YDL109C,0,-0.0058413697,0.10440074652433395,0.8814229369163513,0.7661193609237671
YPR011C,YPL158C,0,-0.0058456995,0.1043885350227356,0.8814229369163513,0.766219437122345
YDR254W,YEL047C,0,-0.00584884,0.10437631607055664,0.8814229369163513,0.7663195729255676
YDR182W,YGR140W,0,-0.0058495924,0.10436410456895828,0.8814229369163513,0.7664197087287903
YKL084W,YOL139C,0,-0.005862914,0.10435189306735992,0.8814229369163513,0.7665198445320129
YHR002W,YHR039C-A,1,-0.005870478,0.10445666313171387,0.8824110627174377,0.7665198445320129
YJR143C,YER138C,0,-0.0058756843,0.10444444417953491,0.8824110627174377,0.7666199207305908
YOL149W,YKL027W,0,-0.005879436,0.10443223267793655,0.8824110627174377,0.7667200565338135
YOR020C,YNL259C,0,-0.005880747,0.1044200211763382,0.8824110627174377,0.7668201923370361
YPL190C,YOR298W,0,-0.005880882,0.10440780967473984,0.8824110627174377,0.7669203281402588
YKL173W,YML070W,0,-0.0058831666,0.10439560562372208,0.8824110627174377,0.7670204043388367
YJL079C,YER150W,0,-0.0058851987,0.10438340157270432,0.8824110627174377,0.7671205401420593
YDR270W,YPL078C,1,-0.0059149675,0.1044880822300911,0.8833991885185242,0.7671205401420593
YDR316W,YKL182W,0,-0.0059150606,0.10447587072849274,0.8833991885185242,0.767220675945282
YOL110W,YHR206W,0,-0.0059262877,0.10446365922689438,0.8833991885185242,0.7673208117485046
YDL039C,YOR237W,0,-0.0059337066,0.10445145517587662,0.8833991885185242,0.7674208879470825
YBR136W,YKL135C,0,-0.0059412867,0.10443925112485886,0.8833991885185242,0.7675210237503052
YGR049W,YKR013W,0,-0.0059417635,0.10442705452442169,0.8833991885185242,0.7676211595535278
YEL004W,YJR055W,0,-0.005943872,0.10441485792398453,0.8833991885185242,0.7677212357521057
YER165W,YPR183W,0,-0.0059455056,0.10440266132354736,0.8833991885185242,0.7678213715553284
YMR060C,YGR227W,0,-0.005947575,0.1043904721736908,0.8833991885185242,0.767921507358551
YPL224C,YML123C,1,-0.0059642233,0.10449504107236862,0.8843873739242554,0.767921507358551
YKL222C,YIL042C,0,-0.0059711076,0.10448283702135086,0.8843873739242554,0.7680216431617737
YDL214C,YOL054W,0,-0.005983107,0.1044706404209137,0.8843873739242554,0.7681217193603516
YBR110W,YDR424C,0,-0.0059938114,0.10445845127105713,0.8843873739242554,0.7682218551635742
YDL129W,YJR097W,0,-0.0060091093,0.10444626212120056,0.8843873739242554,0.7683219909667969
YOL145C,YOR315W,0,-0.0060153436,0.104434072971344,0.8843873739242554,0.7684221267700195
YBR229C,YJL125C,0,-0.0060287938,0.10442189127206802,0.8843873739242554,0.7685222029685974
YDL226C,YKL139W,0,-0.0060324483,0.10440970957279205,0.8843873739242554,0.7686223387718201
YKL120W,YBR069C,1,-0.0060333144,0.10451417416334152,0.8853754997253418,0.7686223387718201
YOR299W,YKL042W,0,-0.0060362183,0.10450198501348495,0.8853754997253418,0.7687224745750427
YKR028W,YGR081C,0,-0.006036993,0.10448979586362839,0.8853754997253418,0.7688226103782654
YGR023W,YNL098C,0,-0.0060404744,0.10447761416435242,0.8853754997253418,0.7689226865768433
YHR069C,YER154W,0,-0.0060417857,0.10446543246507645,0.8853754997253418,0.7690228223800659
YOR244W,YOL112W,0,-0.0060490295,0.10445325076580048,0.8853754997253418,0.7691229581832886
YDR281C,YER146W,0,-0.0060519427,0.1044410765171051,0.8853754997253418,0.7692230939865112
YOL067C,YNL046W,0,-0.006055249,0.10442890226840973,0.8853754997253418,0.7693231701850891
YIL127C,YDR138W,0,-0.006057918,0.10441673547029495,0.8853754997253418,0.7694233059883118
YJL178C,YJR010W,0,-0.006059427,0.10440456867218018,0.8853754997253418,0.7695234417915344
YGL187C,YDL166C,0,-0.0060606524,0.1043924018740654,0.8853754997253418,0.7696235775947571
YBR037C,YKR052C,1,-0.0060647726,0.10449673980474472,0.8863636255264282,0.7696235775947571
YGL203C,YMR238W,0,-0.006065432,0.10448456555604935,0.8863636255264282,0.769723653793335
YMR202W,YDR419W,0,-0.0060721785,0.10447239875793457,0.8863636255264282,0.7698237895965576
YNL006W,YNL314W,0,-0.0060888585,0.1044602319598198,0.8863636255264282,0.7699239253997803
YBR141C,YLR129W,0,-0.0060943915,0.10444806516170502,0.8863636255264282,0.7700240015983582
YDL206W,YFL031W,0,-0.0060997223,0.10443590581417084,0.8863636255264282,0.7701241374015808
YOR209C,YOL040C,0,-0.006104391,0.10442374646663666,0.8863636255264282,0.7702242732048035
YMR068W,YLL029W,0,-0.0061212704,0.10441159456968307,0.8863636255264282,0.7703244090080261
YML069W,YMR200W,0,-0.006122037,0.10439944267272949,0.8863636255264282,0.770424485206604
YDR195W,YML132W,0,-0.0061238054,0.10438729077577591,0.8863636255264282,0.7705246210098267
YER112W,YMR188C,0,-0.0061322465,0.10437514632940292,0.8863636255264282,0.7706247568130493
YKL146W,YGR240C,0,-0.0061324816,0.10436300188302994,0.8863636255264282,0.770724892616272
YDR211W,YOL124C,0,-0.0061363894,0.10435085743665695,0.8863636255264282,0.7708249688148499
YDR531W,YLR081W,0,-0.0061366484,0.10433872044086456,0.8863636255264282,0.7709251046180725
YOR138C,YLR127C,0,-0.0061521865,0.10432659089565277,0.8863636255264282,0.7710252404212952
YKL094W,YOL030W,0,-0.006153765,0.10431445389986038,0.8863636255264282,0.7711253762245178
YER126C,YER044C,0,-0.0061568897,0.10430232435464859,0.8863636255264282,0.7712254524230957
YBL074C,YCR060W,0,-0.0061706295,0.1042902022600174,0.8863636255264282,0.7713255882263184
YOR204W,YDR376W,0,-0.0061793216,0.1042780727148056,0.8863636255264282,0.771425724029541
YNL097C,YHR206W,0,-0.0061845146,0.10426595062017441,0.8863636255264282,0.7715258598327637
YLL001W,YNR070W,0,-0.006185593,0.10425383597612381,0.8863636255264282,0.7716259360313416
YHL009C,YDR524C,0,-0.0061868504,0.10424172133207321,0.8863636255264282,0.7717260718345642
YBR258C,YOR308C,0,-0.0061931433,0.10422960668802261,0.8863636255264282,0.7718262076377869
YOR244W,YOR261C,0,-0.0061998703,0.10421749949455261,0.8863636255264282,0.7719262838363647
YBR039W,YER146W,0,-0.006200781,0.10420539230108261,0.8863636255264282,0.7720264196395874
YBR234C,YHR102W,0,-0.0062030107,0.10419328510761261,0.8863636255264282,0.7721265554428101
YNL002C,YBR018C,0,-0.0062076543,0.1041811853647232,0.8863636255264282,0.7722266912460327
YDR052C,YKL212W,0,-0.0062093996,0.1041690856218338,0.8863636255264282,0.7723267674446106
YNL110C,YGR058W,0,-0.006213706,0.104156993329525,0.8863636255264282,0.7724269032478333
YIR010W,YMR135C,0,-0.006219808,0.10414489358663559,0.8863636255264282,0.7725270390510559
YJL029C,YNL213C,0,-0.006227767,0.10413280874490738,0.8863636255264282,0.7726271748542786
YGR274C,YLR283W,0,-0.0062373886,0.10412071645259857,0.8863636255264282,0.7727272510528564
YPR182W,YOL068C,0,-0.0062545,0.10410863161087036,0.8863636255264282,0.7728273868560791
YLR025W,YMR240C,0,-0.0062598363,0.10409655421972275,0.8863636255264282,0.7729275226593018
YPR135W,YMR164C,0,-0.006260069,0.10408447682857513,0.8863636255264282,0.7730276584625244
YHR089C,YDL066W,0,-0.006260462,0.10407239943742752,0.8863636255264282,0.7731277346611023
YBR258C,YIL170W,0,-0.0062609287,0.10406032204627991,0.8863636255264282,0.773227870464325
YOL038W,YDR342C,0,-0.006274216,0.10404825210571289,0.8863636255264282,0.7733280062675476
YFL022C,YNL012W,0,-0.006275248,0.10403618961572647,0.8863636255264282,0.7734281420707703
YLR084C,YMR121C,0,-0.0062769204,0.10402411967515945,0.8863636255264282,0.7735282182693481
YPL095C,YEL013W,0,-0.0062829033,0.10401205718517303,0.8863636255264282,0.7736283540725708
YFR013W,YAL040C,0,-0.0062928274,0.10400000214576721,0.8863636255264282,0.7737284898757935
YDR371W,YLR295C,0,-0.0062973946,0.10398794710636139,0.8863636255264282,0.7738285660743713
YGL021W,YER029C,0,-0.00631308,0.10397589206695557,0.8863636255264282,0.773928701877594
YBR198C,YKL038W,0,-0.006313633,0.10396383702754974,0.8863636255264282,0.7740288376808167
YDR519W,YER114C,0,-0.0063143903,0.10395178943872452,0.8863636255264282,0.7741289734840393
YLR362W,YPR171W,0,-0.006314679,0.10393974184989929,0.8863636255264282,0.7742290496826172
YGL259W,YNL330C,0,-0.0063160285,0.10392770171165466,0.8863636255264282,0.7743291854858398
YER165W,YAL024C,0,-0.0063166786,0.10391566157341003,0.8863636255264282,0.7744293212890625
YER073W,YGR175C,0,-0.006324712,0.103903628885746,0.8863636255264282,0.7745294570922852
YCL011C,YPL055C,0,-0.006330747,0.10389158874750137,0.8863636255264282,0.774629533290863
YHR028C,YAL031C,0,-0.0063327225,0.10387956351041794,0.8863636255264282,0.7747296690940857
YGL212W,YGR214W,0,-0.006337546,0.1038675308227539,0.8863636255264282,0.7748298048973083
YPL217C,YBR204C,0,-0.0063404776,0.10385550558567047,0.8863636255264282,0.774929940700531
YMR211W,YHR215W,0,-0.0063483566,0.10384348034858704,0.8863636255264282,0.7750300168991089
YKL071W,YIL128W,0,-0.006359675,0.1038314625620842,0.8863636255264282,0.7751301527023315
YDR429C,YHL027W,0,-0.0063605644,0.10381944477558136,0.8863636255264282,0.7752302885055542
YOR298C-A,YJR058C,0,-0.0063618575,0.10380742698907852,0.8863636255264282,0.7753304243087769
YFL034C-A,YDR332W,0,-0.0063736103,0.10379541665315628,0.8863636255264282,0.7754305005073547
YDR363W-A,YDR520C,0,-0.006377546,0.10378340631723404,0.8863636255264282,0.7755306363105774
YLR370C,YMR264W,0,-0.0063846987,0.1037714034318924,0.8863636255264282,0.7756307721138
YLR045C,YBR173C,0,-0.00638696,0.10375940054655075,0.8863636255264282,0.7757308483123779
YOR174W,YER115C,0,-0.0063935295,0.1037473976612091,0.8863636255264282,0.7758309841156006
YOR293W,YCR071C,0,-0.0063988985,0.10373540222644806,0.8863636255264282,0.7759311199188232
YOR373W,YIL026C,0,-0.0064047873,0.10372340679168701,0.8863636255264282,0.7760312557220459
YDR418W,YER042W,0,-0.0064082593,0.10371141135692596,0.8863636255264282,0.7761313319206238
YGR054W,YJR070C,0,-0.006421121,0.10369942337274551,0.8863636255264282,0.7762314677238464
YBR136W,YIL170W,0,-0.006427115,0.10368743538856506,0.8863636255264282,0.7763316035270691
YNL262W,YKL135C,0,-0.006430126,0.10367544740438461,0.8863636255264282,0.7764317393302917
YNL148C,YLR153C,0,-0.006437734,0.10366346687078476,0.8863636255264282,0.7765318155288696
YMR078C,YHR059W,0,-0.0064417124,0.1036514937877655,0.8863636255264282,0.7766319513320923
YMR296C,YJL019W,0,-0.0064463764,0.10363951325416565,0.8863636255264282,0.7767320871353149
YGR001C,YJR090C,0,-0.0064533576,0.10362754017114639,0.8863636255264282,0.7768322229385376
YBR068C,YAR018C,0,-0.006459254,0.10361557453870773,0.8863636255264282,0.7769322991371155
YPR103W,YMR005W,0,-0.0064665824,0.10360360145568848,0.8863636255264282,0.7770324349403381
YGL100W,YDL095W,0,-0.0064698383,0.10359163582324982,0.8863636255264282,0.7771325707435608
YJR135W-A,YGR284C,0,-0.0064721834,0.10357967764139175,0.8863636255264282,0.7772327065467834
YGR077C,YPR166C,0,-0.0064794626,0.10356771945953369,0.8863636255264282,0.7773327827453613
YKL221W,YGL030W,0,-0.006479591,0.10355576127767563,0.8863636255264282,0.777432918548584
YMR281W,YER007W,0,-0.006491866,0.10354381054639816,0.8863636255264282,0.7775330543518066
YDL055C,YDR403W,0,-0.0064989515,0.1035318523645401,0.8863636255264282,0.7776331305503845
YFR033C,YBR084C-A,0,-0.00650784,0.10351990908384323,0.8863636255264282,0.7777332663536072
YER002W,YKL208W,0,-0.006523356,0.10350796580314636,0.8863636255264282,0.7778334021568298
YOR257W,YKR044W,0,-0.0065238904,0.1034960225224495,0.8863636255264282,0.7779335379600525
YNL219C,YGL039W,0,-0.006539557,0.10348407924175262,0.8863636255264282,0.7780336141586304
YLR237W,YDR211W,0,-0.0065527298,0.10347214341163635,0.8863636255264282,0.778133749961853
YGL255W,YOR307C,0,-0.0065542515,0.10346020758152008,0.8863636255264282,0.7782338857650757
YER110C,YNL071W,0,-0.006562583,0.1034482792019844,0.8863636255264282,0.7783340215682983
YAL008W,YGR218W,0,-0.0065718964,0.10343634337186813,0.8863636255264282,0.7784340977668762
YDR444W,YNL044W,0,-0.00657699,0.10342442244291306,0.8863636255264282,0.7785342335700989
YAL005C,YPL230W,0,-0.006589707,0.10341249406337738,0.8863636255264282,0.7786343693733215
YLR348C,YPL091W,0,-0.006590357,0.1034005731344223,0.8863636255264282,0.7787345051765442
YHR010W,YGL145W,0,-0.0065933727,0.10338865965604782,0.8863636255264282,0.7788345813751221
YGL223C,YIL172C,0,-0.0065937936,0.10337674617767334,0.8863636255264282,0.7789347171783447
YOR092W,YGR029W,0,-0.006629849,0.10336483269929886,0.8863636255264282,0.7790348529815674
YPR029C,YOL075C,0,-0.006630741,0.10335291922092438,0.8863636255264282,0.77913498878479
YLL051C,YHL047C,1,-0.006630847,0.10345622152090073,0.8873517513275146,0.77913498878479
YPL027W,YAL043C,0,-0.0066362424,0.10344430059194565,0.8873517513275146,0.7792350649833679
YKL183W,YOL147C,0,-0.006638255,0.10343238711357117,0.8873517513275146,0.7793352007865906
YOR273C,YBR132C,1,-0.0066428743,0.10353564471006393,0.8883399367332458,0.7793352007865906
YHR046C,YFR044C,0,-0.0066484325,0.10352372378110886,0.8883399367332458,0.7794353365898132
YLR148W,YNL077W,0,-0.006670546,0.10351180285215378,0.8883399367332458,0.7795354127883911
YAL042W,YPL144W,0,-0.0066827834,0.1034998819231987,0.8883399367332458,0.7796355485916138
YKL183W,YMR023C,0,-0.0066853613,0.10348796844482422,0.8883399367332458,0.7797356843948364
YFL050C,YGL201C,0,-0.0066876523,0.10347606241703033,0.8883399367332458,0.7798358201980591
YPL206C,YMR273C,0,-0.0066947774,0.10346414893865585,0.8883399367332458,0.779935896396637
YOR243C,YGR014W,0,-0.0066951066,0.10345224291086197,0.8883399367332458,0.7800360321998596
YDR531W,YDR497C,0,-0.0066988496,0.10344033688306808,0.8883399367332458,0.7801361680030823
YDR211W,YGL121C,0,-0.0066997334,0.1034284383058548,0.8883399367332458,0.7802363038063049
YDR121W,YDR081C,0,-0.0067016594,0.10341653972864151,0.8883399367332458,0.7803363800048828
YEL058W,YNL206C,0,-0.006721113,0.10340464860200882,0.8883399367332458,0.7804365158081055
YJL133W,YDR298C,1,-0.006728459,0.10350776463747025,0.8893280625343323,0.7804365158081055
YJR112W,YKL140W,0,-0.0067287553,0.10349585860967636,0.8893280625343323,0.7805366516113281
YNL189W,YDR473C,0,-0.006735038,0.10348396003246307,0.8893280625343323,0.7806367874145508
YDR194C,YAL034W-A,0,-0.0067397524,0.10347206145524979,0.8893280625343323,0.7807368636131287
YHR134W,YOL092W,0,-0.00674095,0.1034601703286171,0.8893280625343323,0.7808369994163513
YGR028W,YMR314W,0,-0.006741993,0.1034482792019844,0.8893280625343323,0.780937135219574
YGL103W,YNL002C,0,-0.0067446977,0.10343638807535172,0.8893280625343323,0.7810372710227966
YJL172W,YFR019W,0,-0.006754406,0.10342449694871902,0.8893280625343323,0.7811373472213745
YER153C,YOR056C,0,-0.0067600682,0.10341261327266693,0.8893280625343323,0.7812374830245972
YOL038W,YML125C,0,-0.0067629404,0.10340073704719543,0.8893280625343323,0.7813376188278198
YOR005C,YFL052W,0,-0.006766701,0.10338885337114334,0.8893280625343323,0.7814377546310425
YMR068W,YOR035C,0,-0.0067683086,0.10337698459625244,0.8893280625343323,0.7815378308296204
YCL045C,YOL086C,0,-0.00677033,0.10336510837078094,0.8893280625343323,0.781637966632843
YLR086W,YMR160W,0,-0.0067759827,0.10335323959589005,0.8893280625343323,0.7817381024360657
YFR018C,YHR003C,0,-0.0067760134,0.10334137082099915,0.8893280625343323,0.7818381786346436
YOR147W,YNL005C,0,-0.006780559,0.10332950949668884,0.8893280625343323,0.7819383144378662
YGL134W,YAR071W,0,-0.0067815566,0.10331764072179794,0.8893280625343323,0.7820384502410889
YLR266C,YOL092W,0,-0.00678455,0.10330578684806824,0.8893280625343323,0.7821385860443115
YOR141C,YOL100W,0,-0.006785484,0.10329392552375793,0.8893280625343323,0.7822386622428894
YHR028C,YGR001C,0,-0.006785538,0.10328207165002823,0.8893280625343323,0.7823387980461121
YFL022C,YOR044W,0,-0.006791168,0.10327022522687912,0.8893280625343323,0.7824389338493347
YAL053W,YLR138W,1,-0.0067973873,0.10337311029434204,0.8903161883354187,0.7824389338493347
YNL232W,YDR026C,0,-0.006798299,0.10336124897003174,0.8903161883354187,0.7825390696525574
YKR066C,YBR132C,0,-0.006807182,0.10334939509630203,0.8903161883354187,0.7826391458511353
YGL234W,YDR254W,0,-0.0068075717,0.10333754122257233,0.8903161883354187,0.7827392816543579
YBR068C,YOL017W,0,-0.006808553,0.10332568734884262,0.8903161883354187,0.7828394174575806
YML058W-A,YPR152C,0,-0.006813325,0.10331384092569351,0.8903161883354187,0.7829395532608032
YDL122W,YDR153C,0,-0.006813459,0.1033019945025444,0.8903161883354187,0.7830396294593811
YPR005C,YDR158W,0,-0.006814289,0.10329015552997589,0.8903161883354187,0.7831397652626038
YNL093W,YDL122W,0,-0.006821599,0.10327830910682678,0.8903161883354187,0.7832399010658264
YBR164C,YKL200C,0,-0.0068330886,0.10326647758483887,0.8903161883354187,0.7833400368690491
YMR130W,YOL117W,0,-0.006833667,0.10325463861227036,0.8903161883354187,0.783440113067627
YNL306W,YMR164C,0,-0.0068345033,0.10324280709028244,0.8903161883354187,0.7835402488708496
YMR308C,YGL211W,0,-0.006834764,0.10323098301887512,0.8903161883354187,0.7836403846740723
YDL216C,YLL050C,0,-0.0068355836,0.10321915149688721,0.8903161883354187,0.7837404608726501
YDL109C,YAL040C,0,-0.006847608,0.10320732742547989,0.8903161883354187,0.7838405966758728
YDR039C,YHR136C,1,-0.0068598473,0.10331004112958908,0.8913043737411499,0.7838405966758728
YLR237W,YGR096W,1,-0.0068614073,0.10341273248195648,0.8922924995422363,0.7838405966758728
YPL118W,YLR214W,0,-0.006862171,0.10340089350938797,0.8922924995422363,0.7839407324790955
YLR129W,YML038C,0,-0.006864272,0.10338905453681946,0.8922924995422363,0.7840408682823181
YKR018C,YMR019W,0,-0.006867094,0.10337721556425095,0.8922924995422363,0.784140944480896
YNR013C,YOL088C,0,-0.006879274,0.10336538404226303,0.8922924995422363,0.7842410802841187
YKR036C,YLR127C,0,-0.006912281,0.10335355252027512,0.8922924995422363,0.7843412160873413
YGL253W,YCR048W,0,-0.0069220243,0.1033417284488678,0.8922924995422363,0.784441351890564
YBR139W,YNL092W,0,-0.006924428,0.10332989692687988,0.8922924995422363,0.7845414280891418
YAL010C,YDR460W,0,-0.006924454,0.10331808030605316,0.8922924995422363,0.7846415638923645
YAL009W,YMR014W,0,-0.0069257207,0.10330625623464584,0.8922924995422363,0.7847416996955872
YPL274W,YNL275W,1,-0.0069357976,0.1034088283777237,0.8932806253433228,0.7847416996955872
YCL020W,YKR026C,0,-0.0069410126,0.10339700430631638,0.8932806253433228,0.7848418354988098
YGL206C,YDL075W,0,-0.00694149,0.10338518023490906,0.8932806253433228,0.7849419116973877
YLR095C,YGR192C,0,-0.006941892,0.10337335616350174,0.8932806253433228,0.7850420475006104
YNR056C,YPL016W,0,-0.0069473777,0.10336153954267502,0.8932806253433228,0.785142183303833
YMR128W,YDL227C,0,-0.0069485493,0.1033497229218483,0.8932806253433228,0.7852423191070557
YIL122W,YKL010C,0,-0.006951251,0.10333790630102158,0.8932806253433228,0.7853423953056335
YGR096W,YER002W,0,-0.0069544762,0.10332609713077545,0.8932806253433228,0.7854425311088562
YMR038C,YEL031W,1,-0.0069575394,0.10342857241630554,0.8942687511444092,0.7854425311088562
YHR140W,YJL159W,0,-0.0069595166,0.10341675579547882,0.8942687511444092,0.7855426669120789
YPL030W,YHR057C,0,-0.006962789,0.1034049391746521,0.8942687511444092,0.7856427431106567
YGL008C,YCR098C,1,-0.006966464,0.10350736975669861,0.8952569365501404,0.7856427431106567
YPR133W-A,YJL154C,0,-0.0069737365,0.10349554568529129,0.8952569365501404,0.7857428789138794
YBR171W,YIL126W,0,-0.006975228,0.10348372161388397,0.8952569365501404,0.785843014717102
YDL109C,YNL293W,0,-0.0069824643,0.10347190499305725,0.8952569365501404,0.7859431505203247
YNL138W-A,YPR009W,0,-0.0070019877,0.10346008837223053,0.8952569365501404,0.7860432267189026
YPL167C,YKL166C,0,-0.0070161335,0.1034482792019844,0.8952569365501404,0.7861433625221252
YPL170W,YGR125W,0,-0.0070187785,0.10343646258115768,0.8952569365501404,0.7862434983253479
YNL128W,YJR155W,0,-0.0070332433,0.10342466086149216,0.8952569365501404,0.7863436341285706
YPL042C,YDL110C,0,-0.0070336144,0.10341285169124603,0.8952569365501404,0.7864437103271484
YJR058C,YOR214C,0,-0.0070345835,0.1034010499715805,0.8952569365501404,0.7865438461303711
YML060W,YFL036W,0,-0.007036347,0.10338924825191498,0.8952569365501404,0.7866439819335938
YPR156C,YMR319C,1,-0.0070401058,0.10349155962467194,0.8962450623512268,0.7866439819335938
YMR257C,YDR093W,0,-0.007042203,0.10347975045442581,0.8962450623512268,0.7867441177368164
YPL154C,YDR283C,0,-0.007053472,0.10346794128417969,0.8962450623512268,0.7868441939353943
YKL091C,YJL034W,0,-0.007063344,0.10345613956451416,0.8962450623512268,0.7869443297386169
YMR056C,YOL146W,0,-0.007069098,0.10344434529542923,0.8962450623512268,0.7870444655418396
YNL311C,YDR489W,0,-0.0070759957,0.1034325435757637,0.8962450623512268,0.7871446013450623
YHR064C,YPL144W,0,-0.0070870146,0.10342074930667877,0.8962450623512268,0.7872446775436401
YIL091C,YPR102C,0,-0.0070892703,0.10340896248817444,0.8962450623512268,0.7873448133468628
YBR037C,YOR010C,0,-0.0070975786,0.1033971756696701,0.8962450623512268,0.7874449491500854
YBR213W,YMR190C,0,-0.007099528,0.10338538885116577,0.8962450623512268,0.7875450253486633
YNL271C,YDL065C,0,-0.007099578,0.10337360203266144,0.8962450623512268,0.787645161151886
YPL078C,YMR060C,0,-0.0071081724,0.1033618226647377,0.8962450623512268,0.7877452969551086
YPR135W,YDR414C,0,-0.0071086977,0.10335004329681396,0.8962450623512268,0.7878454327583313
YKR054C,YGL090W,0,-0.007109781,0.10333827137947083,0.8962450623512268,0.7879455089569092
YNL302C,YGR089W,0,-0.007110674,0.10332649946212769,0.8962450623512268,0.7880456447601318
YFR045W,YNL091W,0,-0.007120967,0.10331472754478455,0.8962450623512268,0.7881457805633545
YFL055W,YPL055C,0,-0.007123595,0.103302963078022,0.8962450623512268,0.7882459163665771
YDR118W,YDL213C,0,-0.0071242545,0.10329119861125946,0.8962450623512268,0.788345992565155
YDR418W,YDR507C,0,-0.0071278103,0.10327943414449692,0.8962450623512268,0.7884461283683777
YMR065W,YPL028W,0,-0.007131923,0.10326767712831497,0.8962450623512268,0.7885462641716003
YOR071C,YDR506C,1,-0.0071324874,0.10336976498365402,0.8972331881523132,0.7885462641716003
YIL002C,YLR166C,0,-0.007140916,0.10335799306631088,0.8972331881523132,0.788646399974823
YMR121C,YDR170C,0,-0.0071473494,0.10334623605012894,0.8972331881523132,0.7887464761734009
YKL112W,YOR088W,0,-0.007150937,0.1033344715833664,0.8972331881523132,0.7888466119766235
YBL064C,YDR481C,0,-0.007167667,0.10332271456718445,0.8972331881523132,0.7889467477798462
YBR128C,YGR288W,0,-0.007176291,0.1033109575510025,0.8972331881523132,0.7890468835830688
YLR459W,YAL022C,0,-0.0071775243,0.10329920053482056,0.8972331881523132,0.7891469597816467
YFR042W,YGL050W,0,-0.007187805,0.10328745096921921,0.8972331881523132,0.7892470955848694
YMR169C,YER042W,0,-0.007188566,0.10327570885419846,0.8972331881523132,0.789347231388092
YMR300C,YGL254W,0,-0.007192899,0.1032639592885971,0.8972331881523132,0.7894473075866699
YDR448W,YDL231C,0,-0.0071972394,0.10325221717357635,0.8972331881523132,0.7895474433898926
YIR005W,YJR101W,0,-0.007203715,0.1032404750585556,0.8972331881523132,0.7896475791931152
YIL088C,YJL100W,0,-0.007211201,0.10322874039411545,0.8972331881523132,0.7897477149963379
YOL102C,YNL185C,0,-0.0072149932,0.10321700572967529,0.8972331881523132,0.7898477911949158
YDL017W,YKR022C,0,-0.0072227763,0.10320527106523514,0.8972331881523132,0.7899479269981384
YOR245C,YEL047C,0,-0.007226616,0.10319354385137558,0.8972331881523132,0.7900480628013611
YNL154C,YAL020C,0,-0.007229302,0.10318181663751602,0.8972331881523132,0.7901481986045837
YOL104C,YHL019C,0,-0.0072300695,0.10317009687423706,0.8972331881523132,0.7902482748031616
YGR220C,YDL015C,0,-0.007237971,0.1031583696603775,0.8972331881523132,0.7903484106063843
YDR172W,YDR180W,0,-0.0072562397,0.10314665734767914,0.8972331881523132,0.7904485464096069
YLR381W,YOR162C,0,-0.007259432,0.10313493758440018,0.8972331881523132,0.7905486822128296
YNR015W,YPL091W,0,-0.0072627068,0.10312322527170181,0.8972331881523132,0.7906487584114075
YOR187W,YGR124W,0,-0.0072700675,0.10311151295900345,0.8972331881523132,0.7907488942146301
YOL021C,YPR033C,0,-0.0072710477,0.10309980809688568,0.8972331881523132,0.7908490300178528
YIL125W,YPL009C,0,-0.007273053,0.10308810323476791,0.8972331881523132,0.7909491658210754
YNL134C,YDR090C,0,-0.007274328,0.10307639837265015,0.8972331881523132,0.7910492420196533
YCL010C,YPR032W,0,-0.0072756503,0.10306470096111298,0.8972331881523132,0.791149377822876
YLR356W,YOR125C,0,-0.007276647,0.1030530035495758,0.8972331881523132,0.7912495136260986
YJL072C,YPL214C,0,-0.0072850985,0.10304130613803864,0.8972331881523132,0.7913495898246765
YDR421W,YGR234W,0,-0.0072856173,0.10302961617708206,0.8972331881523132,0.7914497256278992
YKL073W,YJR006W,0,-0.007289611,0.10301792621612549,0.8972331881523132,0.7915498614311218
YOR304W,YML121W,0,-0.0072927754,0.10300623625516891,0.8972331881523132,0.7916499972343445
YPL194W,YMR268W-A,0,-0.0072948374,0.10299455374479294,0.8972331881523132,0.7917500734329224
YGL157W,YOL077C,0,-0.00729792,0.10298287123441696,0.8972331881523132,0.791850209236145
YMR008C,YHR147C,0,-0.0072979853,0.10297119617462158,0.8972331881523132,0.7919503450393677
YNR002C,YJR053W,0,-0.0073043853,0.1029595211148262,0.8972331881523132,0.7920504808425903
YOR299W,YPR004C,0,-0.007327229,0.10294784605503082,0.8972331881523132,0.7921505570411682
YML070W,YGR135W,0,-0.007329792,0.10293617844581604,0.8972331881523132,0.7922506928443909
YGR020C,YBR069C,1,-0.0073346742,0.10303785651922226,0.8982213735580444,0.7922506928443909
YPR022C,YEL038W,0,-0.007336613,0.10302618145942688,0.8982213735580444,0.7923508286476135
YNL072W,YMR052W,0,-0.0073377397,0.1030145063996315,0.8982213735580444,0.7924509644508362
YKR099C-A,YMR042W,0,-0.0073434934,0.10300283133983612,0.8982213735580444,0.7925510406494141
YCR097W,YBR033W,0,-0.0073449397,0.10299116373062134,0.8982213735580444,0.7926511764526367
YAR035W,YOL157C,0,-0.007347023,0.10297949612140656,0.8982213735580444,0.7927513122558594
YDR130C,YIL070C,0,-0.0073568653,0.10296782851219177,0.8982213735580444,0.792851448059082
YDL185W,YBR018C,0,-0.0073578004,0.10295616835355759,0.8982213735580444,0.7929515242576599
YBR186W,YMR075W,0,-0.0073588574,0.1029445081949234,0.8982213735580444,0.7930516600608826
YNL232W,YMR198W,0,-0.0073592886,0.10293284803628922,0.8982213735580444,0.7931517958641052
YJL072C,YKR055W,0,-0.007382022,0.10292119532823563,0.8982213735580444,0.7932519316673279
YAL023C,YLR427W,0,-0.007390188,0.10290954262018204,0.8982213735580444,0.7933520078659058
YLR032W,YJL219W,0,-0.00739077,0.10289789736270905,0.8982213735580444,0.7934521436691284
YER087C-B,YDL085W,0,-0.0073932633,0.10288624465465546,0.8982213735580444,0.7935522794723511
YDR484W,YML085C,0,-0.007396348,0.10287460684776306,0.8982213735580444,0.793652355670929
YGR085C,YKL175W,0,-0.0073981024,0.10286296159029007,0.8982213735580444,0.7937524914741516
YMR217W,YNL172W,0,-0.0074065737,0.10285132378339767,0.8982213735580444,0.7938526272773743
YLR467W,YML026C,0,-0.0074068718,0.10283968597650528,0.8982213735580444,0.7939527630805969
YJL214W,YKL018W,0,-0.007413229,0.10282805562019348,0.8982213735580444,0.7940528392791748
YJL143W,YPR073C,0,-0.007419519,0.10281642526388168,0.8982213735580444,0.7941529750823975
YOL026C,YML124C,0,-0.0074281963,0.10280479490756989,0.8982213735580444,0.7942531108856201
YBR057C,YJR104C,0,-0.007434018,0.10279317200183868,0.8982213735580444,0.7943532466888428
YDR117C,YGR223C,0,-0.0074422415,0.10278154909610748,0.8982213735580444,0.7944533228874207
YER170W,YMR117C,0,-0.0074431077,0.10276992619037628,0.8982213735580444,0.7945534586906433
YAL005C,YCR098C,0,-0.0074463673,0.10275831073522568,0.8982213735580444,0.794653594493866
YPR152C,YJL085W,0,-0.0074527273,0.10274669528007507,0.8982213735580444,0.7947537302970886
YKL064W,YBR037C,1,-0.0074553657,0.1028480976819992,0.8992094993591309,0.7947537302970886
YKR071C,YOL097C,0,-0.007457655,0.1028364822268486,0.8992094993591309,0.7948538064956665
YOR297C,YEL017C-A,0,-0.0074648485,0.1028248593211174,0.8992094993591309,0.7949539422988892
YCL045C,YML075C,0,-0.0074685477,0.1028132438659668,0.8992094993591309,0.7950540781021118
YJL071W,YDR337W,0,-0.0074698506,0.10280162841081619,0.8992094993591309,0.7951542139053345
YDR065W,YPL066W,0,-0.007474448,0.10279001295566559,0.8992094993591309,0.7952542901039124
YMR268W-A,YJL191W,0,-0.007475715,0.10277840495109558,0.8992094993591309,0.795354425907135
YPL252C,YOL129W,0,-0.007484073,0.10276679694652557,0.8992094993591309,0.7954545617103577
YNR015W,YDL195W,0,-0.007484818,0.10275519639253616,0.8992094993591309,0.7955546379089355
YMR182C,YDR337W,0,-0.0074920505,0.10274359583854675,0.8992094993591309,0.7956547737121582
YJR043C,YDR011W,0,-0.0074970787,0.10273199528455734,0.8992094993591309,0.7957549095153809
YLR035C,YKL206C,0,-0.0075074197,0.10272039473056793,0.8992094993591309,0.7958550453186035
YOR077W,YLR014C,0,-0.0075078,0.10270880162715912,0.8992094993591309,0.7959551215171814
YLR266C,YIL138C,0,-0.007513652,0.1026972159743309,0.8992094993591309,0.796055257320404
YFL041W,YCR024C-A,1,-0.007523833,0.1027984619140625,0.9001976251602173,0.796055257320404
YLR014C,YJL136C,0,-0.007532764,0.10278686881065369,0.9001976251602173,0.7961553931236267
YCR039C,YDL216C,0,-0.0075343847,0.10277526825666428,0.9001976251602173,0.7962555289268494
YGL249W,YMR039C,0,-0.007537104,0.10276367515325546,0.9001976251602173,0.7963556051254272
YKR102W,YOL111C,0,-0.0075441003,0.10275208950042725,0.9001976251602173,0.7964557409286499
YKL096W-A,YJR021C,0,-0.007560809,0.10274049639701843,0.9001976251602173,0.7965558767318726
YNR027W,YDR252W,0,-0.0075623095,0.10272891074419022,0.9001976251602173,0.7966560125350952
YIL121W,YHL018W,0,-0.00756537,0.1027173325419426,0.9001976251602173,0.7967560887336731
YBR213W,YPR083W,0,-0.007578198,0.10270574688911438,0.9001976251602173,0.7968562245368958
YDL083C,YHR098C,0,-0.007583201,0.10269416868686676,0.9001976251602173,0.7969563603401184
YIL035C,YBR237W,0,-0.0075866627,0.10268259793519974,0.9001976251602173,0.7970564961433411
YOL108C,YMR278W,0,-0.0075896606,0.10267102718353271,0.9001976251602173,0.797156572341919
YPL246C,YFL062W,0,-0.0075907186,0.10265945643186569,0.9001976251602173,0.7972567081451416
YGR157W,YOR176W,0,-0.0075967163,0.10264788568019867,0.9001976251602173,0.7973568439483643
YDL008W,YOR073W,0,-0.0075974874,0.10263632237911224,0.9001976251602173,0.7974569201469421
YKR002W,YGR177C,0,-0.007621752,0.10262475907802582,0.9001976251602173,0.7975570559501648
YDR496C,YFL013C,0,-0.0076223426,0.10261320322751999,0.9001976251602173,0.7976571917533875
YEL070W,YPR031W,0,-0.0076307133,0.10260164737701416,0.9001976251602173,0.7977573275566101
YMR025W,YPR004C,0,-0.0076316185,0.10259009152650833,0.9001976251602173,0.797857403755188
YPL065W,YHR203C,0,-0.0076346397,0.1025785356760025,0.9001976251602173,0.7979575395584106
YNL102W,YNR021W,0,-0.007637039,0.10256698727607727,0.9001976251602173,0.7980576753616333
YER048W-A,YJL136C,0,-0.007644737,0.10255544632673264,0.9001976251602173,0.798157811164856
YMR089C,YER161C,0,-0.0076480918,0.1025438979268074,0.9001976251602173,0.7982578873634338
YOR092W,YOL089C,0,-0.007649407,0.10253235697746277,0.9001976251602173,0.7983580231666565
YGL223C,YKL086W,0,-0.0076495185,0.10252081602811813,0.9001976251602173,0.7984581589698792
YPL220W,YCR071C,0,-0.007653568,0.1025092825293541,0.9001976251602173,0.7985582947731018
YDR429C,YPR023C,0,-0.007654868,0.10249774903059006,0.9001976251602173,0.7986583709716797
YLR309C,YOR233W,0,-0.0076602437,0.10248621553182602,0.9001976251602173,0.7987585067749023
YDR238C,YNL127W,0,-0.007662732,0.10247468948364258,0.9001976251602173,0.798858642578125
YHR005C-A,YIL035C,0,-0.007672712,0.10246316343545914,0.9001976251602173,0.7989587783813477
YIL093C,YKL015W,0,-0.0076728836,0.10245164483785629,0.9001976251602173,0.7990588545799255
YIL114C,YNL044W,0,-0.007679619,0.10244011878967285,0.9001976251602173,0.7991589903831482
YDR260C,YDR369C,0,-0.007679779,0.10242860019207001,0.9001976251602173,0.7992591261863708
YCL063W,YML007W,0,-0.007686183,0.10241708904504776,0.9001976251602173,0.7993592023849487
YGL234W,YFR009W,0,-0.0076865153,0.10240557789802551,0.9001976251602173,0.7994593381881714
YBR176W,YGR014W,0,-0.007688869,0.10239406675100327,0.9001976251602173,0.799559473991394
YLL054C,YER154W,0,-0.007697534,0.10238255560398102,0.9001976251602173,0.7996596097946167
YDL200C,YOR368W,0,-0.00769765,0.10237105190753937,0.9001976251602173,0.7997596859931946
YLR226W,YKR062W,0,-0.007699039,0.10235954821109772,0.9001976251602173,0.7998598217964172
YKL190W,YBR001C,0,-0.0077028386,0.10234805196523666,0.9001976251602173,0.7999599575996399
YML106W,YML012W,0,-0.0077043436,0.10233655571937561,0.9001976251602173,0.8000600934028625
YLR096W,YGR158C,0,-0.0077060983,0.10232505947351456,0.9001976251602173,0.8001601696014404
YMR137C,YNL149C,0,-0.0077082356,0.1023135632276535,0.9001976251602173,0.8002603054046631
YBR145W,YBR110W,0,-0.0077139307,0.10230207443237305,0.9001976251602173,0.8003604412078857
YIL129C,YMR239C,0,-0.0077215843,0.10229059308767319,0.9001976251602173,0.8004605770111084
YOR208W,YML071C,0,-0.007725943,0.10227910429239273,0.9001976251602173,0.8005606532096863
YNL134C,YBR026C,0,-0.0077266097,0.10226762294769287,0.9001976251602173,0.8006607890129089
YHR107C,YBR150C,0,-0.0077302177,0.10225614905357361,0.9001976251602173,0.8007609248161316
YPL224C,YPR036W,1,-0.0077303145,0.10235690325498581,0.9011857509613037,0.8007609248161316
YFR051C,YIR033W,0,-0.007741645,0.10234541445970535,0.9011857509613037,0.8008610606193542
YER003C,YOR196C,0,-0.007746663,0.1023339331150055,0.9011857509613037,0.8009611368179321
YOL019W,YNL090W,0,-0.0077471435,0.10232245177030563,0.9011857509613037,0.8010612726211548
YGR132C,YEL062W,0,-0.0077495463,0.10231097042560577,0.9011857509613037,0.8011614084243774
YPR048W,YLR077W,0,-0.0077499207,0.10229949653148651,0.9011857509613037,0.8012614846229553
YIL079C,YER150W,0,-0.0077547096,0.10228802263736725,0.9011857509613037,0.801361620426178
YLR305C,YDR026C,0,-0.007755884,0.10227654874324799,0.9011857509613037,0.8014617562294006
YPL159C,YMR114C,0,-0.0077575166,0.10226508229970932,0.9011857509613037,0.8015618920326233
YFL050C,YLR295C,1,-0.0077624996,0.10236573964357376,0.9021739363670349,0.8015618920326233
YLR107W,YBR258C,0,-0.0077669267,0.1023542582988739,0.9021739363670349,0.8016619682312012
YGL086W,YPR002W,0,-0.0077670426,0.10234278440475464,0.9021739363670349,0.8017621040344238
YNR013C,YOL027C,1,-0.007767169,0.1024433970451355,0.9031620621681213,0.8017621040344238
YLR364W,YDR184C,0,-0.007775102,0.10243191570043564,0.9031620621681213,0.8018622398376465
YJR033C,YOR149C,0,-0.0077791633,0.10242044180631638,0.9031620621681213,0.8019623756408691
YFL066C,YKL163W,0,-0.0077906563,0.10240896046161652,0.9031620621681213,0.802062451839447
YER138C,YGR071C,0,-0.007790802,0.10239749401807785,0.9031620621681213,0.8021625876426697
YBR001C,YNL210W,0,-0.007793702,0.10238602012395859,0.9031620621681213,0.8022627234458923
YIL040W,YBR048W,0,-0.007794872,0.10237455368041992,0.9031620621681213,0.802362859249115
YGL125W,YGR112W,0,-0.007796485,0.10236308723688126,0.9031620621681213,0.8024629354476929
YER184C,YOL010W,0,-0.0078050885,0.10235162079334259,0.9031620621681213,0.8025630712509155
YBL060W,YJL191W,0,-0.007814385,0.10234016180038452,0.9031620621681213,0.8026632070541382
YNL208W,YDL040C,0,-0.007824757,0.10232870280742645,0.9031620621681213,0.8027633428573608
YHR152W,YFR045W,0,-0.007829516,0.10231725126504898,0.9031620621681213,0.8028634190559387
YJR092W,YDR140W,0,-0.007830244,0.10230579972267151,0.9031620621681213,0.8029635548591614
YML066C,YGL226C-A,0,-0.0078368485,0.10229434818029404,0.9031620621681213,0.803063690662384
YGL137W,YLR097C,0,-0.007836858,0.10228290408849716,0.9031620621681213,0.8031637668609619
YBR030W,YNL329C,0,-0.007836986,0.10227145254611969,0.9031620621681213,0.8032639026641846
YNL126W,YLR286C,0,-0.007838003,0.10226001590490341,0.9031620621681213,0.8033640384674072
YLR095C,YFR003C,0,-0.007843856,0.10224857181310654,0.9031620621681213,0.8034641742706299
YBR217W,YKL021C,0,-0.007854636,0.10223713517189026,0.9031620621681213,0.8035642504692078
YDL204W,YPL002C,0,-0.007856883,0.10222569853067398,0.9031620621681213,0.8036643862724304
YMR139W,YDR052C,0,-0.007858105,0.1022142693400383,0.9031620621681213,0.8037645220756531
YGR074W,YBR127C,0,-0.007877171,0.10220284014940262,0.9031620621681213,0.8038646578788757
YIL150C,YPL283C,0,-0.007894047,0.10219141095876694,0.9031620621681213,0.8039647340774536
YDR478W,YJL025W,0,-0.007912588,0.10217998921871185,0.9031620621681213,0.8040648698806763
YEL061C,YGR098C,0,-0.007918222,0.10216856747865677,0.9031620621681213,0.8041650056838989
YCL027W,YML070W,0,-0.0079206545,0.10215714573860168,0.9031620621681213,0.8042651414871216
YNL259C,YPL224C,1,-0.007944116,0.10225749015808105,0.9041501879692078,0.8042651414871216
YGR086C,YKL100C,0,-0.007954029,0.10224606096744537,0.9041501879692078,0.8043652176856995
YKL146W,YKR055W,0,-0.007955525,0.10223463922739029,0.9041501879692078,0.8044653534889221
YPL194W,YDR265W,0,-0.0079564685,0.1022232174873352,0.9041501879692078,0.8045654892921448
YOR216C,YER022W,0,-0.007959584,0.10221179574728012,0.9041501879692078,0.8046656250953674
YFR007W,YDL215C,0,-0.007971182,0.10220038145780563,0.9041501879692078,0.8047657012939453
YJR139C,YGR188C,0,-0.007972082,0.10218896716833115,0.9041501879692078,0.804865837097168
YLR389C,YML072C,0,-0.007979346,0.10217755287885666,0.9041501879692078,0.8049659729003906
YPL256C,YNL032W,0,-0.00799284,0.10216614603996277,0.9041501879692078,0.8050661087036133
YCR060W,YDR419W,0,-0.0080004595,0.10215473920106888,0.9041501879692078,0.8051661849021912
YGL068W,YBR110W,0,-0.0080063455,0.10214333236217499,0.9041501879692078,0.8052663207054138
YOR174W,YER055C,0,-0.00801046,0.1021319329738617,0.9041501879692078,0.8053664565086365
YPL030W,YDL080C,0,-0.008010514,0.1021205335855484,0.9041501879692078,0.8054665327072144
YGL095C,YDR237W,0,-0.008016333,0.1021091416478157,0.9041501879692078,0.805566668510437
YLL003W,YLR242C,0,-0.008021039,0.10209774971008301,0.9041501879692078,0.8056668043136597
YOL072W,YHR211W,0,-0.008037085,0.10208635777235031,0.9041501879692078,0.8057669401168823
YDR039C,YMR319C,1,-0.008037765,0.10218652337789536,0.9051383137702942,0.8057669401168823
YMR240C,YHR102W,0,-0.008044274,0.10217512398958206,0.9051383137702942,0.8058670163154602
YLR237W,YIL134W,1,-0.00804599,0.10227525979280472,0.9061264991760254,0.8058670163154602
YGL253W,YHR019C,0,-0.008049743,0.10226385295391083,0.9061264991760254,0.8059671521186829
YNL088W,YNL218W,0,-0.008051877,0.10225245356559753,0.9061264991760254,0.8060672879219055
YAR008W,YEL036C,0,-0.008061193,0.10224105417728424,0.9061264991760254,0.8061674237251282
YPL192C,YKL166C,0,-0.008070369,0.10222965478897095,0.9061264991760254,0.806267499923706
YFR008W,YLR110C,0,-0.008074617,0.10221825540065765,0.9061264991760254,0.8063676357269287
YNR006W,YDL216C,0,-0.008076744,0.10220686346292496,0.9061264991760254,0.8064677715301514
YCR021C,YNL055C,1,-0.008077903,0.10230691730976105,0.9071146249771118,0.8064677715301514
YNR063W,YNR001C,0,-0.008080514,0.10229551792144775,0.9071146249771118,0.806567907333374
YML123C,YMR099C,0,-0.008087009,0.10228412598371506,0.9071146249771118,0.8066679835319519
YDL025C,YBL052C,0,-0.00808739,0.10227272659540176,0.9071146249771118,0.8067681193351746
YIL065C,YDR060W,0,-0.008097231,0.10226133465766907,0.9071146249771118,0.8068682551383972
YPR186C,YOR143C,0,-0.008100834,0.10224994271993637,0.9071146249771118,0.8069683909416199
YNR001C,YGL094C,0,-0.008107198,0.10223855823278427,0.9071146249771118,0.8070684671401978
YNL112W,YNR056C,0,-0.00811081,0.10222717374563217,0.9071146249771118,0.8071686029434204
YGL130W,YKL117W,0,-0.00811566,0.10221578925848007,0.9071146249771118,0.8072687387466431
YDL148C,YHR039C,0,-0.008141477,0.10220441222190857,0.9071146249771118,0.807368814945221
YPL190C,YLR385C,0,-0.008152029,0.10219302773475647,0.9071146249771118,0.8074689507484436
YDR352W,YIL079C,0,-0.008154089,0.10218165814876556,0.9071146249771118,0.8075690865516663
YBR258C,YJL122W,0,-0.008156896,0.10217028111219406,0.9071146249771118,0.8076692223548889
YDL051W,YBR111W-A,0,-0.008162378,0.10215891152620316,0.9071146249771118,0.8077692985534668
YPR083W,YBR170C,0,-0.008164795,0.10214754939079285,0.9071146249771118,0.8078694343566895
YHR112C,YMR154C,0,-0.00818201,0.10213617980480194,0.9071146249771118,0.8079695701599121
YCL074W,YDL042C,0,-0.008182595,0.10212481766939163,0.9071146249771118,0.8080697059631348
YMR051C,YNL149C,0,-0.008186536,0.10211346298456192,0.9071146249771118,0.8081697821617126
YKL166C,YBR176W,0,-0.008192811,0.10210210084915161,0.9071146249771118,0.8082699179649353
YKR071C,YPR171W,0,-0.00820234,0.1020907461643219,0.9071146249771118,0.808370053768158
YBL060W,YPL231W,0,-0.008205416,0.10207939147949219,0.9071146249771118,0.8084701895713806
YAL053W,YNL321W,1,-0.008206286,0.10217922925949097,0.9081027507781982,0.8084701895713806
YKL181W,YKL126W,0,-0.008207642,0.10216787457466125,0.9081027507781982,0.8085702657699585
YPL127C,YJL190C,0,-0.008208163,0.10215651243925095,0.9081027507781982,0.8086704015731812
YKL008C,YOR010C,0,-0.008210661,0.10214515775442123,0.9081027507781982,0.8087705373764038
YNL172W,YNL283C,0,-0.008210853,0.10213381052017212,0.9081027507781982,0.8088706731796265
YPL023C,YDR052C,0,-0.008211283,0.10212245583534241,0.9081027507781982,0.8089707493782043
YBR132C,YDR512C,0,-0.008212158,0.10211110860109329,0.9081027507781982,0.809070885181427
YGL241W,YJR083C,0,-0.008213617,0.10209976881742477,0.9081027507781982,0.8091710209846497
YMR270C,YBR081C,0,-0.00821667,0.10208842158317566,0.9081027507781982,0.8092710971832275
YOR099W,YDR267C,0,-0.008217113,0.10207708179950714,0.9081027507781982,0.8093712329864502
YOR388C,YER091C,0,-0.008220174,0.10206574946641922,0.9081027507781982,0.8094713687896729
YDL127W,YDL161W,0,-0.008221477,0.1020544171333313,0.9081027507781982,0.8095715045928955
YNL259C,YGR191W,1,-0.0082241185,0.10215412080287933,0.9090909361839294,0.8095715045928955
YDR043C,YOL165C,0,-0.008230738,0.10214278101921082,0.9090909361839294,0.8096715807914734
YBR298C,YDR449C,0,-0.008230982,0.1021314412355423,0.9090909361839294,0.809771716594696
YBL002W,YNL053W,0,-0.008231033,0.10212010145187378,0.9090909361839294,0.8098718523979187
YCR097W,YPL183W-A,0,-0.008241475,0.10210876911878586,0.9090909361839294,0.8099719882011414
YHL047C,YLR047C,1,-0.008242514,0.10220841318368912,0.9100790619850159,0.8099719882011414
YIL145C,YPL162C,0,-0.008245677,0.1021970734000206,0.9100790619850159,0.8100720643997192
YPL268W,YDR462W,0,-0.008253207,0.10218573361635208,0.9100790619850159,0.8101722002029419
YGL014W,YGL010W,0,-0.008257764,0.10217439383268356,0.9100790619850159,0.8102723360061646
YLR222C,YDL168W,0,-0.008264016,0.10216306149959564,0.9100790619850159,0.8103724718093872
YMR290C,YGL257C,0,-0.008265644,0.10215172916650772,0.9100790619850159,0.8104725480079651
YMR086W,YEL062W,0,-0.008267021,0.1021404042840004,0.9100790619850159,0.8105726838111877
YBR002C,YBR159W,0,-0.0082864445,0.10212907195091248,0.9100790619850159,0.8106728196144104
YGL253W,YDR180W,0,-0.0082908645,0.10211775451898575,0.9100790619850159,0.8107729554176331
YNR017W,YDR109C,0,-0.008299166,0.10210642963647842,0.9100790619850159,0.8108730316162109
YDR506C,YGR128C,0,-0.008309031,0.1020951122045517,0.9100790619850159,0.8109731674194336
YOR239W,YGR037C,0,-0.008314798,0.10208379477262497,0.9100790619850159,0.8110733032226562
YHR052W,YPL009C,0,-0.00832052,0.10207248479127884,0.9100790619850159,0.8111733794212341
YBR040W,YDL067C,0,-0.00832083,0.10206116735935211,0.9100790619850159,0.8112735152244568
YLR356W,YIL111W,0,-0.008330405,0.10204986482858658,0.9100790619850159,0.8113736510276794
YMR004W,YMR008C,0,-0.008335024,0.10203855484724045,0.9100790619850159,0.8114737868309021
YOL031C,YMR203W,0,-0.008335583,0.10202725231647491,0.9100790619850159,0.81157386302948
YMR019W,YPL110C,0,-0.008338891,0.10201594978570938,0.9100790619850159,0.8116739988327026
YJL117W,YIL134W,1,-0.008346327,0.10211540758609772,0.9110671877861023,0.8116739988327026
YKL140W,YGL100W,0,-0.008346828,0.10210409760475159,0.9110671877861023,0.8117741346359253
YDR496C,YMR184W,0,-0.008361382,0.10209279507398605,0.9110671877861023,0.811874270439148
YOR175C,YER126C,0,-0.008363314,0.10208148509263992,0.9110671877861023,0.8119743466377258
YJL076W,YOL141W,0,-0.008374948,0.10207019001245499,0.9110671877861023,0.8120744824409485
YPL060W,YMR321C,0,-0.008382726,0.10205888748168945,0.9110671877861023,0.8121746182441711
YJR152W,YGL255W,1,-0.008393005,0.10215827077627182,0.9120553135871887,0.8121746182441711
YHR132C,YDR206W,0,-0.008409318,0.10214696824550629,0.9120553135871887,0.8122747540473938
YHR102W,YOL060C,0,-0.008409394,0.10213566571474075,0.9120553135871887,0.8123748302459717
YOR265W,YOR115C,0,-0.008410985,0.10212436318397522,0.9120553135871887,0.8124749660491943
YGL033W,YEL046C,0,-0.008411996,0.10211306810379028,0.9120553135871887,0.812575101852417
YDL181W,YIL171W,0,-0.008412052,0.10210177302360535,0.9120553135871887,0.8126752376556396
YDR276C,YCR024C-A,1,-0.008419111,0.10220108181238174,0.9130434989929199,0.8126752376556396
YNL014W,YGR177C,0,-0.008420084,0.10218977928161621,0.9130434989929199,0.8127753138542175
YNL290W,YKL097W-A,0,-0.008420175,0.10217848420143127,0.9130434989929199,0.8128754496574402
YBR009C,YCL069W,0,-0.008421253,0.10216718167066574,0.9130434989929199,0.8129755854606628
YGR285C,YDL121C,0,-0.008435028,0.1021558865904808,0.9130434989929199,0.8130756616592407
YCR028C-A,YNL220W,0,-0.008435549,0.10214459151029587,0.9130434989929199,0.8131757974624634
YDL055C,YOR003W,0,-0.008448195,0.10213330388069153,0.9130434989929199,0.813275933265686
YGL133W,YMR119W,0,-0.008449603,0.10212201625108719,0.9130434989929199,0.8133760690689087
YDR453C,YJR129C,0,-0.008450832,0.10211072862148285,0.9130434989929199,0.8134761452674866
YOL043C,YDL202W,0,-0.008451808,0.1020994484424591,0.9130434989929199,0.8135762810707092
YKR056W,YPL213W,0,-0.008454725,0.10208816826343536,0.9130434989929199,0.8136764168739319
YKL046C,YOR234C,0,-0.008459853,0.10207688808441162,0.9130434989929199,0.8137765526771545
YPL017C,YIR013C,0,-0.008460386,0.10206561535596848,0.9130434989929199,0.8138766288757324
YDL214C,YEL026W,0,-0.008468397,0.10205434262752533,0.9130434989929199,0.8139767646789551
YPL160W,YHR042W,0,-0.008473692,0.10204306989908218,0.9130434989929199,0.8140769004821777
YEL071W,YDR369C,0,-0.008488916,0.10203180462121964,0.9130434989929199,0.8141770362854004
YPL127C,YOR304C-A,0,-0.008492399,0.10202053934335709,0.9130434989929199,0.8142771124839783
YGR096W,YMR177W,1,-0.008494707,0.10211967676877975,0.9140316247940063,0.8142771124839783
YNR022C,YNL259C,0,-0.008500015,0.10210840404033661,0.9140316247940063,0.8143772482872009
YDR378C,YHR047C,0,-0.0085001215,0.10209713131189346,0.9140316247940063,0.8144773840904236
YOR151C,YDR501W,0,-0.008511335,0.10208586603403091,0.9140316247940063,0.8145775198936462
YHR027C,YGL208W,0,-0.008524998,0.10207460075616837,0.9140316247940063,0.8146775960922241
YMR134W,YGL094C,0,-0.0085297525,0.10206333547830582,0.9140316247940063,0.8147777318954468
YOL102C,YOR204W,0,-0.008532806,0.10205207765102386,0.9140316247940063,0.8148778676986694
YOL016C,YOR063W,0,-0.008538362,0.10204081982374191,0.9140316247940063,0.8149779438972473
YNL007C,YKL107W,0,-0.008541824,0.10202956199645996,0.9140316247940063,0.81507807970047
YGR179C,YPL258C,0,-0.008554172,0.1020183116197586,0.9140316247940063,0.8151782155036926
YBR275C,YLR029C,0,-0.008567326,0.10200706124305725,0.9140316247940063,0.8152783513069153
YFL037W,YDR093W,0,-0.008567534,0.1019958108663559,0.9140316247940063,0.8153784275054932
YMR311C,YPL121C,0,-0.008576175,0.10198456794023514,0.9140316247940063,0.8154785633087158
YIL010W,YHR115C,0,-0.008586463,0.10197332501411438,0.9140316247940063,0.8155786991119385
YGL043W,YDR329C,0,-0.008594435,0.10196208208799362,0.9140316247940063,0.8156788349151611
YPL053C,YJL062W,0,-0.008608896,0.10195084661245346,0.9140316247940063,0.815778911113739
YHR179W,YDR424C,0,-0.008620255,0.1019396111369133,0.9140316247940063,0.8158790469169617
YLR298C,YNL083W,0,-0.008624498,0.10192837566137314,0.9140316247940063,0.8159791827201843
YPR030W,YOR229W,0,-0.008640317,0.10191714763641357,0.9140316247940063,0.816079318523407
YKL173W,YNL186W,0,-0.008643318,0.10190591961145401,0.9140316247940063,0.8161793947219849
YEL029C,YLR080W,0,-0.008647101,0.10189469158649445,0.9140316247940063,0.8162795305252075
YJL102W,YOR317W,0,-0.0086585125,0.10188347101211548,0.9140316247940063,0.8163796663284302
YIR036C,YML099C,0,-0.008659307,0.10187224298715591,0.9140316247940063,0.8164798021316528
YIL076W,YER016W,0,-0.008661984,0.10186102986335754,0.9140316247940063,0.8165798783302307
YML027W,YOR033C,0,-0.0086778775,0.10184980928897858,0.9140316247940063,0.8166800141334534
YDL122W,YKL064W,0,-0.008681302,0.1018385961651802,0.9140316247940063,0.816780149936676
YDR130C,YCR004C,0,-0.008684253,0.10182739049196243,0.9140316247940063,0.8168802857398987
YDL136W,YOL137W,0,-0.008685561,0.10181617736816406,0.9140316247940063,0.8169803619384766
YGL234W,YBR265W,0,-0.008688642,0.10180497169494629,0.9140316247940063,0.8170804977416992
YGL051W,YBR061C,0,-0.008689115,0.10179377347230911,0.9140316247940063,0.8171806335449219
YBR079C,YDR483W,0,-0.008693088,0.10178256779909134,0.9140316247940063,0.8172807097434998
YAL029C,YLR393W,0,-0.0087062605,0.10177136957645416,0.9140316247940063,0.8173808455467224
YDL054C,YNR041C,0,-0.008712919,0.10176017880439758,0.9140316247940063,0.8174809813499451
YOR349W,YKR038C,0,-0.008713853,0.1017489805817604,0.9140316247940063,0.8175811171531677
YHR047C,YNL064C,0,-0.008715931,0.10173778980970383,0.9140316247940063,0.8176811933517456
YLR035C,YPL231W,0,-0.00872194,0.10172660648822784,0.9140316247940063,0.8177813291549683
YMR163C,YPR018W,0,-0.008723449,0.10171541571617126,0.9140316247940063,0.8178814649581909
YKL097W-A,YIL099W,0,-0.008737462,0.10170423239469528,0.9140316247940063,0.8179816007614136
YNR039C,YFR045W,0,-0.008739154,0.1016930490732193,0.9140316247940063,0.8180816769599915
YLR130C,YGR191W,1,-0.00874402,0.10179179906845093,0.9150197505950928,0.8180816769599915
YNL113W,YER157W,0,-0.008750601,0.10178060829639435,0.9150197505950928,0.8181818127632141
YDR451C,YKL186C,0,-0.00875408,0.10176942497491837,0.9150197505950928,0.8182819485664368
YOL038W,YER058W,0,-0.008756071,0.10175824165344238,0.9150197505950928,0.8183820843696594
YNL232W,YGR143W,0,-0.008756459,0.1017470583319664,0.9150197505950928,0.8184821605682373
YHR085W,YMR135C,0,-0.008766979,0.10173588246107101,0.9150197505950928,0.81858229637146
YML027W,YDL004W,0,-0.008769371,0.10172470659017563,0.9150197505950928,0.8186824321746826
YGL207W,YJL106W,0,-0.00877231,0.10171353071928024,0.9150197505950928,0.8187825679779053
YLL009C,YGL255W,1,-0.008783363,0.10181219130754471,0.9160078763961792,0.8187825679779053
YAR044W,YHL024W,0,-0.008786485,0.10180100798606873,0.9160078763961792,0.8188826441764832
YLR309C,YJR022W,0,-0.008797623,0.10178983211517334,0.9160078763961792,0.8189827799797058
YOR313C,YFL057C,0,-0.008802606,0.10177865624427795,0.9160078763961792,0.8190829157829285
YGL029W,YPL177C,0,-0.008812442,0.10176748037338257,0.9160078763961792,0.8191829919815063
YML028W,YJR004C,0,-0.008814022,0.10175631195306778,0.9160078763961792,0.819283127784729
YOL103W,YDR211W,0,-0.008819517,0.10174514353275299,0.9160078763961792,0.8193832635879517
YML042W,YNL322C,0,-0.0088315755,0.1017339751124382,0.9160078763961792,0.8194833993911743
YCL034W,YNL091W,0,-0.008831794,0.10172281414270401,0.9160078763961792,0.8195834755897522
YLL009C,YLR092W,1,-0.0088375155,0.10182137042284012,0.9169960618019104,0.8195834755897522
YLR348C,YKR050W,1,-0.008853852,0.10191991180181503,0.9179841876029968,0.8195834755897522
YML037C,YAL032C,0,-0.008854805,0.10190872848033905,0.9179841876029968,0.8196836113929749
YER169W,YER120W,0,-0.00885737,0.10189755260944366,0.9179841876029968,0.8197837471961975
YNL007C,YDL231C,0,-0.008860774,0.10188637673854828,0.9179841876029968,0.8198838829994202
YJL099W,YPL019C,0,-0.008874763,0.10187520831823349,0.9179841876029968,0.819983959197998
YDR211W,YLR383W,0,-0.008877454,0.1018640324473381,0.9179841876029968,0.8200840950012207
YPR016C,YKL203C,0,-0.00887822,0.10185286402702332,0.9179841876029968,0.8201842308044434
YNR047W,YOR180C,0,-0.008880784,0.10184170305728912,0.9179841876029968,0.820284366607666
YKL209C,YJL176C,0,-0.008897065,0.10183053463697433,0.9179841876029968,0.8203844428062439
YPR133W-A,YDL024C,0,-0.008902573,0.10181938111782074,0.9179841876029968,0.8204845786094666
YLR057W,YNL272C,0,-0.008906685,0.10180822014808655,0.9179841876029968,0.8205847144126892
YLR035C,YHR184W,0,-0.008909162,0.10179706662893295,0.9179841876029968,0.8206848502159119
YKL164C,YJL115W,0,-0.008915059,0.10178591310977936,0.9179841876029968,0.8207849264144897
YDL217C,YGR124W,0,-0.00891849,0.10177475959062576,0.9179841876029968,0.8208850622177124
YDL074C,YDR211W,0,-0.008923717,0.10176361352205276,0.9179841876029968,0.8209851980209351
YMR213W,YMR127C,0,-0.008931162,0.10175246745347977,0.9179841876029968,0.8210852742195129
YDL120W,YKR105C,1,-0.0089345835,0.10185083746910095,0.9189723134040833,0.8210852742195129
YNL308C,YPR187W,0,-0.00893485,0.10183968394994736,0.9189723134040833,0.8211854100227356
YKL203C,YKL025C,0,-0.008938983,0.10182853043079376,0.9189723134040833,0.8212855458259583
YML042W,YDL059C,0,-0.008945059,0.10181738436222076,0.9189723134040833,0.8213856816291809
YML121W,YGR257C,1,-0.00894975,0.10191570967435837,0.9199604988098145,0.8213856816291809
YER117W,YKL059C,0,-0.008951316,0.10190455615520477,0.9199604988098145,0.8214857578277588
YLR405W,YMR164C,0,-0.008957073,0.10189340263605118,0.9199604988098145,0.8215858936309814
YKL035W,YGR071C,0,-0.008959971,0.10188224911689758,0.9199604988098145,0.8216860294342041
YEL058W,YJL213W,0,-0.0089643365,0.10187110304832458,0.9199604988098145,0.8217861652374268
YLR244C,YMR311C,0,-0.008968083,0.10185995697975159,0.9199604988098145,0.8218862414360046
YOL104C,YLR441C,0,-0.00896843,0.10184881091117859,0.9199604988098145,0.8219863772392273
YDL014W,YHL020C,0,-0.008969508,0.10183767229318619,0.9199604988098145,0.82208651304245
YDL144C,YBR294W,0,-0.008984517,0.10182653367519379,0.9199604988098145,0.8221866488456726
YML111W,YNL306W,0,-0.008985685,0.10181539505720139,0.9199604988098145,0.8222867250442505
YLR212C,YER014C-A,0,-0.008995624,0.10180426388978958,0.9199604988098145,0.8223868608474731
YGR096W,YBR207W,1,-0.00899576,0.10190246999263763,0.9209486246109009,0.8223868608474731
YPR070W,YPR079W,0,-0.009023553,0.10189133137464523,0.9209486246109009,0.8224869966506958
YIL132C,YOR206W,0,-0.009026476,0.10188019275665283,0.9209486246109009,0.8225871324539185
YBR247C,YCR068W,0,-0.009028673,0.10186905413866043,0.9209486246109009,0.8226872086524963
YDR453C,YGR156W,0,-0.009036936,0.10185792297124863,0.9209486246109009,0.822787344455719
YMR038C,YNL275W,1,-0.00903726,0.1019560694694519,0.9219367504119873,0.822787344455719
YGL032C,YHR153C,0,-0.009037988,0.1019449308514595,0.9219367504119873,0.8228874802589417
YHR044C,YDR079C-A,0,-0.00904784,0.1019337922334671,0.9219367504119873,0.8229875564575195
YIL159W,YAL063C,0,-0.009052924,0.1019226536154747,0.9219367504119873,0.8230876922607422
YHR188C,YER117W,0,-0.009054891,0.1019115224480629,0.9219367504119873,0.8231878280639648
YPL224C,YLR295C,1,-0.009057317,0.1020096093416214,0.9229248762130737,0.8231878280639648
YLR327C,YHR067W,0,-0.009063244,0.101998470723629,0.9229248762130737,0.8232879638671875
YOR149C,YDR529C,0,-0.009063497,0.1019873321056366,0.9229248762130737,0.8233880400657654
YHR167W,YLR440C,0,-0.0090683885,0.10197620093822479,0.9229248762130737,0.823488175868988
YHL002W,YBR095C,0,-0.009070396,0.10196506232023239,0.9229248762130737,0.8235883116722107
YGL186C,YKL059C,0,-0.009072524,0.10195393860340118,0.9229248762130737,0.8236884474754333
YJR093C,YGL249W,0,-0.009076944,0.10194280743598938,0.9229248762130737,0.8237885236740112
YJR059W,YKL178C,0,-0.00908279,0.10193168371915817,0.9229248762130737,0.8238886594772339
YJL060W,YDR376W,0,-0.00908368,0.10192056000232697,0.9229248762130737,0.8239887952804565
YNR063W,YDL229W,0,-0.0090850685,0.10190943628549576,0.9229248762130737,0.8240889310836792
YGR144W,YJL141C,0,-0.009100794,0.10189832001924515,0.9229248762130737,0.8241890072822571
YPL153C,YBL106C,0,-0.009100838,0.10188720375299454,0.9229248762130737,0.8242891430854797
YGR157W,YMR047C,0,-0.0091074165,0.10187608748674393,0.9229248762130737,0.8243892788887024
YDR518W,YML111W,0,-0.009136195,0.10186497867107391,0.9229248762130737,0.824489414691925
YMR179W,YBR073W,0,-0.009140525,0.1018538698554039,0.9229248762130737,0.8245894908905029
YGR020C,YHL020C,0,-0.009144638,0.10184276849031448,0.9229248762130737,0.8246896266937256
YPR124W,YLR166C,0,-0.009150982,0.10183165967464447,0.9229248762130737,0.8247897624969482
YJL159W,YKL189W,0,-0.009165774,0.10182055830955505,0.9229248762130737,0.8248898386955261
YNR073C,YER172C,0,-0.009166921,0.10180946439504623,0.9229248762130737,0.8249899744987488
YNL135C,YER171W,0,-0.009170283,0.10179836302995682,0.9229248762130737,0.8250901103019714
YML010W,YNL304W,0,-0.009174189,0.101787269115448,0.9229248762130737,0.8251902461051941
YLL028W,YPL051W,0,-0.009190533,0.10177618265151978,0.9229248762130737,0.825290322303772
YDR326C,YGR223C,0,-0.009192761,0.10176508873701096,0.9229248762130737,0.8253904581069946
YDL181W,YFR045W,0,-0.009196378,0.10175400227308273,0.9229248762130737,0.8254905939102173
YCR052W,YGR148C,0,-0.009210119,0.10174291580915451,0.9229248762130737,0.8255907297134399
YMR297W,YPL027W,0,-0.00922838,0.10173183679580688,0.9229248762130737,0.8256908059120178
YLR172C,YHR031C,0,-0.009230249,0.10172075778245926,0.9229248762130737,0.8257909417152405
YMR154C,YKL008C,0,-0.009236474,0.10170967876911163,0.9229248762130737,0.8258910775184631
YIL076W,YLR040C,0,-0.009243064,0.1016986072063446,0.9229248762130737,0.8259912133216858
YIL177C,YMR287C,0,-0.00924354,0.10168753564357758,0.9229248762130737,0.8260912895202637
YGL185C,YMR267W,0,-0.009258954,0.10167646408081055,0.9229248762130737,0.8261914253234863
YFL001W,YIL048W,0,-0.009264739,0.10166539996862411,0.9229248762130737,0.826291561126709
YNL003C,YNL291C,1,-0.009267462,0.10176316648721695,0.9239130616188049,0.826291561126709
YGL008C,YBR258C,0,-0.009275205,0.10175209492444992,0.9239130616188049,0.8263916969299316
YEL069C,YGL256W,0,-0.009288383,0.10174102336168289,0.9239130616188049,0.8264917731285095
YBR125C,YAR014C,0,-0.009291962,0.10172995179891586,0.9239130616188049,0.8265919089317322
YPR178W,YMR201C,0,-0.009292671,0.10171888768672943,0.9239130616188049,0.8266920447349548
YLR270W,YOR155C,0,-0.00929416,0.101707823574543,0.9239130616188049,0.8267921209335327
YDL222C,YEL002C,0,-0.009294671,0.10169675946235657,0.9239130616188049,0.8268922567367554
YGR275W,YJL176C,0,-0.009310905,0.10168569535017014,0.9239130616188049,0.826992392539978
YKR098C,YFR021W,0,-0.009313263,0.1016746386885643,0.9239130616188049,0.8270925283432007
YER018C,YCR071C,0,-0.0093222335,0.10166358947753906,0.9239130616188049,0.8271926045417786
YOR204W,YGR221C,0,-0.009326097,0.10165253281593323,0.9239130616188049,0.8272927403450012
YAR066W,YMR244C-A,0,-0.009330057,0.10164148360490799,0.9239130616188049,0.8273928761482239
YGR010W,YJL113W,0,-0.009344303,0.10163043439388275,0.9239130616188049,0.8274930119514465
YKL061W,YHL007C,0,-0.009346652,0.10161939263343811,0.9239130616188049,0.8275930881500244
YML015C,YOR190W,0,-0.009346738,0.10160834342241287,0.9239130616188049,0.8276932239532471
YMR269W,YJL130C,0,-0.009347044,0.10159730166196823,0.9239130616188049,0.8277933597564697
YKR071C,YHR017W,0,-0.009361826,0.10158626735210419,0.9239130616188049,0.8278934955596924
YKL126W,YOL080C,0,-0.009366307,0.10157523304224014,0.9239130616188049,0.8279935717582703
YDR432W,YEL047C,0,-0.009368259,0.1015641987323761,0.9239130616188049,0.8280937075614929
YHR175W,YOR334W,1,-0.0093828635,0.10166177898645401,0.9249011874198914,0.8280937075614929
YNL058C,YBR001C,0,-0.009385532,0.10165073722600937,0.9249011874198914,0.8281938433647156
YLR237W,YKL042W,0,-0.009387851,0.10163970291614532,0.9249011874198914,0.8282939791679382
YOR005C,YKL004W,0,-0.009388432,0.10162866115570068,0.9249011874198914,0.8283940553665161
YLR099C,YJL066C,0,-0.009403279,0.10161763429641724,0.9249011874198914,0.8284941911697388
YBR227C,YER174C,0,-0.009424038,0.10160659998655319,0.9249011874198914,0.8285943269729614
YPL217C,YMR137C,0,-0.009429734,0.10159557312726974,0.9249011874198914,0.8286944627761841
YHL016C,YOR391C,0,-0.009431601,0.1015845462679863,0.9249011874198914,0.828794538974762
YGL077C,YDR083W,0,-0.0094331205,0.10157351940870285,0.9249011874198914,0.8288946747779846
YOR349W,YPR186C,0,-0.0094398325,0.1015625,0.9249011874198914,0.8289948105812073
YGL169W,YBL058W,0,-0.009443775,0.10155148059129715,0.9249011874198914,0.8290948867797852
YOR194C,YJL159W,0,-0.00944569,0.1015404611825943,0.9249011874198914,0.8291950225830078
YNL282W,YNL046W,0,-0.009482121,0.10152944922447205,0.9249011874198914,0.8292951583862305
YPR019W,YDL065C,0,-0.009482704,0.10151843726634979,0.9249011874198914,0.8293952941894531
YOL031C,YEL009C,0,-0.009488009,0.10150742530822754,0.9249011874198914,0.829495370388031
YKR066C,YPR043W,0,-0.009490006,0.10149642080068588,0.9249011874198914,0.8295955061912537
YKL211C,YDL204W,0,-0.009490594,0.10148541629314423,0.9249011874198914,0.8296956419944763
YGL145W,YBL022C,0,-0.009490978,0.10147441178560257,0.9249011874198914,0.829795777797699
YHR167W,YDR485C,0,-0.0094916895,0.10146341472864151,0.9249011874198914,0.8298958539962769
YLR356W,YOR381W,0,-0.009505536,0.10145241767168045,0.9249011874198914,0.8299959897994995
YLR090W,YCL008C,0,-0.009507442,0.10144142061471939,0.9249011874198914,0.8300961256027222
YJL041W,YOL123W,0,-0.0095102675,0.10143043100833893,0.9249011874198914,0.8301962614059448
YHR135C,YDR498C,0,-0.009511955,0.10141944140195847,0.9249011874198914,0.8302963376045227
YEL063C,YMR218C,0,-0.009522144,0.101408451795578,0.9249011874198914,0.8303964734077454
YDR378C,YNL223W,0,-0.009532738,0.10139746218919754,0.9249011874198914,0.830496609210968
YDR414C,YPL208W,0,-0.009534858,0.10138648003339767,0.9249011874198914,0.8305967450141907
YGR220C,YEL046C,0,-0.009535827,0.10137549787759781,0.9249011874198914,0.8306968212127686
YER170W,YMR150C,0,-0.009540692,0.10136452317237854,0.9249011874198914,0.8307969570159912
YOR232W,YMR200W,0,-0.009592079,0.10135354846715927,0.9249011874198914,0.8308970928192139
YDR022C,YDR059C,0,-0.009594094,0.10134257376194,0.9249011874198914,0.8309971690177917
YDL184C,YMR312W,0,-0.009604873,0.10133159905672073,0.9249011874198914,0.8310973048210144
YNL058C,YLR064W,0,-0.0096054915,0.10132063180208206,0.9249011874198914,0.8311974406242371
YEL011W,YBL034C,0,-0.009607927,0.10130966454744339,0.9249011874198914,0.8312975764274597
YMR026C,YER070W,0,-0.009615364,0.10129870474338531,0.9249011874198914,0.8313976526260376
YLR329W,YNL236W,0,-0.0096161645,0.10128773748874664,0.9249011874198914,0.8314977884292603
YOR092W,YCR047C,0,-0.009626549,0.10127677768468857,0.9249011874198914,0.8315979242324829
YHR004C,YLR098C,0,-0.00963174,0.10126582533121109,0.9249011874198914,0.8316980600357056
YOR149C,YFR031C,0,-0.009641111,0.10125486552715302,0.9249011874198914,0.8317981362342834
YBR022W,YJL133W,0,-0.009650284,0.10124391317367554,0.9249011874198914,0.8318982720375061
YIR018W,YGL003C,0,-0.0096523315,0.10123296827077866,0.9249011874198914,0.8319984078407288
YBL102W,YLR088W,0,-0.009655343,0.10122201591730118,0.9249011874198914,0.8320985436439514
YPR001W,YHR181W,0,-0.009656176,0.1012110710144043,0.9249011874198914,0.8321986198425293
YER019C-A,YDL107W,0,-0.009661675,0.10120012611150742,0.9249011874198914,0.832298755645752
YGL255W,YDR530C,0,-0.009662099,0.10118918865919113,0.9249011874198914,0.8323988914489746
YBR258C,YGL123W,0,-0.00966248,0.10117825120687485,0.9249011874198914,0.8324990272521973
YMR301C,YNL275W,1,-0.009664882,0.10127539932727814,0.9258893132209778,0.8324990272521973
YLR155C,YPR023C,0,-0.009672046,0.10126445442438126,0.9258893132209778,0.8325991034507751
YOL141W,YGR133W,0,-0.009676578,0.10125350952148438,0.9258893132209778,0.8326992392539978
YLR244C,YOL033W,0,-0.0096771065,0.10124257206916809,0.9258893132209778,0.8327993750572205
YPL008W,YOR159C,0,-0.009684991,0.1012316346168518,0.9258893132209778,0.8328994512557983
YLR264W,YLR133W,0,-0.009686368,0.10122069716453552,0.9258893132209778,0.832999587059021
YIL004C,YOR219C,0,-0.009687116,0.10120976716279984,0.9258893132209778,0.8330997228622437
YKR081C,YBL036C,0,-0.009693127,0.10119883716106415,0.9258893132209778,0.8331998586654663
YKL217W,YMR171C,0,-0.009693507,0.10118790715932846,0.9258893132209778,0.8332999348640442
YFR044C,YDL044C,0,-0.00969879,0.10117697715759277,0.9258893132209778,0.8334000706672668
YOR355W,YJL122W,0,-0.009703863,0.10116605460643768,0.9258893132209778,0.8335002064704895
YER019W,YGR289C,0,-0.009710349,0.10115513205528259,0.9258893132209778,0.8336003422737122
YGR096W,YGR124W,0,-0.00972065,0.1011442169547081,0.9258893132209778,0.83370041847229
YGR095C,YFR036W,0,-0.009723909,0.10113329440355301,0.9258893132209778,0.8338005542755127
YGR180C,YDR307W,0,-0.009734422,0.10112237930297852,0.9258893132209778,0.8339006900787354
YML037C,YPR061C,0,-0.009753999,0.10111147165298462,0.9258893132209778,0.834000825881958
YLR297W,YJL200C,0,-0.009759677,0.10110056400299072,0.9258893132209778,0.8341009020805359
YDR291W,YHR046C,0,-0.009766944,0.10108965635299683,0.9258893132209778,0.8342010378837585
YNL323W,YLL022C,0,-0.009770121,0.10107874870300293,0.9258893132209778,0.8343011736869812
YGR251W,YDR353W,0,-0.009790573,0.10106784850358963,0.9258893132209778,0.8344013094902039
YHL033C,YLR040C,0,-0.009794637,0.10105694830417633,0.9258893132209778,0.8345013856887817
YFL018C,YDL101C,0,-0.00979735,0.10104604810476303,0.9258893132209778,0.8346015214920044
YPL029W,YMR128W,0,-0.009809613,0.10103515535593033,0.9258893132209778,0.834701657295227
YIR039C,YPL051W,0,-0.009809848,0.10102425515651703,0.9258893132209778,0.8348017334938049
YDL112W,YDR473C,0,-0.009811288,0.10101336985826492,0.9258893132209778,0.8349018692970276
YER004W,YHR112C,0,-0.009815127,0.10100247710943222,0.9258893132209778,0.8350020051002502
YML049C,YBR052C,0,-0.009817116,0.10099159181118011,0.9258893132209778,0.8351021409034729
YIL078W,YDL029W,0,-0.0098188,0.10098070651292801,0.9258893132209778,0.8352022171020508
YIL010W,YLR110C,0,-0.0098286625,0.1009698286652565,0.9258893132209778,0.8353023529052734
YOR313C,YFR021W,0,-0.009842161,0.10095895081758499,0.9258893132209778,0.8354024887084961
YMR080C,YHR023W,0,-0.009844493,0.10094807296991348,0.9258893132209778,0.8355026245117188
YOR133W,YKL198C,0,-0.009845134,0.10093719512224197,0.9258893132209778,0.8356027007102966
YMR094W,YMR291W,0,-0.009860022,0.10092632472515106,0.9258893132209778,0.8357028365135193
YMR223W,YKL198C,0,-0.009860393,0.10091545432806015,0.9258893132209778,0.8358029723167419
YHL013C,YGR221C,0,-0.009862255,0.10090458393096924,0.9258893132209778,0.8359031081199646
YDR135C,YHL040C,1,-0.009864353,0.10100139677524567,0.926877498626709,0.8359031081199646
YNR046W,YDR507C,0,-0.009870483,0.10099052637815475,0.926877498626709,0.8360031843185425
YNL088W,YJL171C,0,-0.0098821,0.10097965598106384,0.926877498626709,0.8361033201217651
YGR159C,YAL020C,0,-0.0099019855,0.10096878558397293,0.926877498626709,0.8362034559249878
YPL220W,YDR379W,0,-0.009911954,0.10095791518688202,0.926877498626709,0.8363035917282104
YER019C-A,YKL100C,0,-0.0099173365,0.1009470522403717,0.926877498626709,0.8364036679267883
YIR013C,YDL206W,0,-0.00991981,0.10093618929386139,0.926877498626709,0.836503803730011
YDR167W,YJL080C,0,-0.009923048,0.10092532634735107,0.926877498626709,0.8366039395332336
YDR306C,YLR310C,0,-0.009949775,0.10091447085142136,0.926877498626709,0.8367040157318115
YOR312C,YML073C,0,-0.009963118,0.10090361535549164,0.926877498626709,0.8368041515350342
YOL127W,YNL126W,0,-0.009965226,0.10089275985956192,0.926877498626709,0.8369042873382568
YGR217W,YOR271C,1,-0.009967521,0.1009894609451294,0.9278656244277954,0.8369042873382568
YKL010C,YPR042C,0,-0.009980777,0.10097859799861908,0.9278656244277954,0.8370044231414795
YPR002W,YLR010C,0,-0.009996599,0.10096774250268936,0.9278656244277954,0.8371044993400574
YPR016C,YDL074C,0,-0.009997312,0.10095688700675964,0.9278656244277954,0.83720463514328
YNL329C,YDR083W,0,-0.010000043,0.10094603151082993,0.9278656244277954,0.8373047709465027
YGR013W,YBR042C,0,-0.0100077465,0.1009351834654808,0.9278656244277954,0.8374049067497253
YBR160W,YLR133W,0,-0.010011643,0.10092433542013168,0.9278656244277954,0.8375049829483032
YPR104C,YOR181W,0,-0.01002672,0.10091348737478256,0.9278656244277954,0.8376051187515259
YDL051W,YNL245C,0,-0.010027356,0.10090264678001404,0.9278656244277954,0.8377052545547485
YNL289W,YBR081C,0,-0.0100396825,0.10089179873466492,0.9278656244277954,0.8378053903579712
YGR166W,YDL140C,0,-0.010041736,0.10088096559047699,0.9278656244277954,0.8379054665565491
YGL162W,YNL209W,0,-0.010057131,0.10087012499570847,0.9278656244277954,0.8380056023597717
YOR094W,YHR039C,0,-0.010058146,0.10085929185152054,0.9278656244277954,0.8381057381629944
YOR313C,YNL314W,0,-0.010072258,0.10084845870733261,0.9278656244277954,0.838205873966217
YBL010C,YOR217W,0,-0.01008022,0.10083762556314468,0.9278656244277954,0.8383059501647949
YGR279C,YGL163C,0,-0.0100809485,0.10082679986953735,0.9278656244277954,0.8384060859680176
YNL298W,YOR162C,0,-0.010087455,0.10081597417593002,0.9278656244277954,0.8385062217712402
YNL299W,YPL155C,0,-0.010096534,0.10080515593290329,0.9278656244277954,0.8386062979698181
YNL230C,YJL210W,0,-0.010100093,0.10079433023929596,0.9278656244277954,0.8387064337730408
YJR032W,YMR180C,0,-0.0101117585,0.10078351199626923,0.9278656244277954,0.8388065695762634
YJL090C,YLR064W,0,-0.0101126935,0.10077270120382309,0.9278656244277954,0.8389067053794861
YOR326W,YDL024C,0,-0.010126658,0.10076188296079636,0.9278656244277954,0.839006781578064
YHL012W,YIR018W,0,-0.010129172,0.10075107216835022,0.9278656244277954,0.8391069173812866
YOR216C,YER144C,0,-0.010129488,0.10074026137590408,0.9278656244277954,0.8392070531845093
YKL012W,YOR061W,0,-0.010141788,0.10072945803403854,0.9278656244277954,0.8393071889877319
YJR082C,YNL209W,0,-0.010145307,0.100718654692173,0.9278656244277954,0.8394072651863098
YGL125W,YLL003W,0,-0.010148637,0.10070785135030746,0.9278656244277954,0.8395074009895325
YGR257C,YGR217W,1,-0.010150209,0.10080429166555405,0.9288537502288818,0.8395074009895325
YGL186C,YML012W,0,-0.010150485,0.10079348087310791,0.9288537502288818,0.8396075367927551
YDR410C,YDR239C,0,-0.010153506,0.10078267753124237,0.9288537502288818,0.8397076725959778
YML032C,YFR046C,0,-0.010162897,0.10077186673879623,0.9288537502288818,0.8398077487945557
YAR010C,YKL222C,0,-0.01016474,0.10076107084751129,0.9288537502288818,0.8399078845977783
YNL136W,YJL157C,0,-0.0101654185,0.10075026750564575,0.9288537502288818,0.840008020401001
YOR332W,YBR294W,1,-0.010167958,0.10084664076566696,0.9298418760299683,0.840008020401001
YLR212C,YGL203C,0,-0.010172149,0.10083582997322083,0.9298418760299683,0.8401081562042236
YPL009C,YBL106C,0,-0.010178858,0.10082502663135529,0.9298418760299683,0.8402082324028015
YGR279C,YAL047C,0,-0.010201585,0.10081423074007034,0.9298418760299683,0.8403083682060242
YLR356W,YBL022C,0,-0.010209197,0.1008034273982048,0.9298418760299683,0.8404085040092468
YDL035C,YNL149C,0,-0.0102170035,0.10079263150691986,0.9298418760299683,0.8405086398124695
YOR047C,YGR289C,0,-0.010222003,0.10078183561563492,0.9298418760299683,0.8406087160110474
YBR074W,YOR229W,0,-0.010225363,0.10077103972434998,0.9298418760299683,0.84070885181427
YDR425W,YNL242W,0,-0.010226876,0.10076025128364563,0.9298418760299683,0.8408089876174927
YGR292W,YGL181W,0,-0.010238152,0.10074946284294128,0.9298418760299683,0.8409090638160706
YJL090C,YIL108W,0,-0.010238853,0.10073868185281754,0.9298418760299683,0.8410091996192932
YLL002W,YNR023W,0,-0.010239741,0.10072789341211319,0.9298418760299683,0.8411093354225159
YAL047C,YDR156W,0,-0.010260373,0.10071711242198944,0.9298418760299683,0.8412094712257385
YNL290W,YJL112W,0,-0.010261795,0.10070633888244629,0.9298418760299683,0.8413095474243164
YJL048C,YLR178C,0,-0.010268591,0.10069555789232254,0.9298418760299683,0.8414096832275391
YER039C,YLR178C,0,-0.010269269,0.10068478435277939,0.9298418760299683,0.8415098190307617
YML032C,YOL103W,0,-0.01026986,0.10067401081323624,0.9298418760299683,0.8416099548339844
YBR026C,YFL002C,0,-0.0102745,0.10066324472427368,0.9298418760299683,0.8417100310325623
YDR236C,YJR144W,0,-0.010276792,0.10065247863531113,0.9298418760299683,0.8418101668357849
YBR175W,YBR127C,0,-0.01028046,0.10064171254634857,0.9298418760299683,0.8419103026390076
YIL132C,YNL159C,0,-0.010284118,0.10063094645738602,0.9298418760299683,0.8420104384422302
YGR072W,YPR162C,0,-0.010288529,0.10062018781900406,0.9298418760299683,0.8421105146408081
YIR025W,YDR067C,0,-0.010291059,0.1006094291806221,0.9298418760299683,0.8422106504440308
YDR222W,YNL293W,0,-0.0102977455,0.10059867799282074,0.9298418760299683,0.8423107862472534
YGR199W,YER150W,0,-0.010303602,0.10058791935443878,0.9298418760299683,0.8424109220504761
YBR230C,YMR172W,0,-0.010306877,0.10057716816663742,0.9298418760299683,0.842510998249054
YGR179C,YKL042W,0,-0.01030843,0.10056642442941666,0.9298418760299683,0.8426111340522766
YKL074C,YER017C,0,-0.010321058,0.1005556732416153,0.9298418760299683,0.8427112698554993
YER118C,YHR172W,0,-0.010321151,0.10054492950439453,0.9298418760299683,0.8428113460540771
YGL071W,YNR039C,1,-0.010330569,0.10064102709293365,0.9308300614356995,0.8428113460540771
YLR298C,YGL136C,0,-0.010330705,0.1006302759051323,0.9308300614356995,0.8429114818572998
YIL020C,YMR201C,0,-0.010333333,0.10061952471733093,0.9308300614356995,0.8430116176605225
YBR223C,YER070W,0,-0.0103375325,0.10060878098011017,0.9308300614356995,0.8431117534637451
YEL029C,YOL124C,0,-0.010355718,0.1005980372428894,0.9308300614356995,0.843211829662323
YPL057C,YNL127W,0,-0.010363711,0.10058729350566864,0.9308300614356995,0.8433119654655457
YNL326C,YNL163C,0,-0.010367151,0.10057654976844788,0.9308300614356995,0.8434121012687683
YJL165C,YHR099W,0,-0.010368522,0.10056581348180771,0.9308300614356995,0.843512237071991
YER184C,YOR073W,0,-0.010371894,0.10055508464574814,0.9308300614356995,0.8436123132705688
YLL004W,YNL330C,0,-0.010378486,0.10054434835910797,0.9308300614356995,0.8437124490737915
YIL162W,YDL166C,0,-0.010381114,0.1005336195230484,0.9308300614356995,0.8438125848770142
YLR336C,YHR200W,0,-0.010386355,0.10052289068698883,0.9308300614356995,0.8439127206802368
YNR027W,YDR097C,0,-0.010392771,0.10051216185092926,0.9308300614356995,0.8440127968788147
YLR270W,YDR248C,0,-0.010393091,0.10050144046545029,0.9308300614356995,0.8441129326820374
YMR061W,YLR010C,0,-0.010395152,0.10049071907997131,0.9308300614356995,0.84421306848526
YDR423C,YOR337W,0,-0.0103962235,0.10047999769449234,0.9308300614356995,0.8443132042884827
YGL172W,YMR203W,0,-0.010408249,0.10046928375959396,0.9308300614356995,0.8444132804870605
YCR026C,YPR167C,0,-0.010409746,0.10045856982469559,0.9308300614356995,0.8445134162902832
YOR084W,YLL003W,0,-0.010415835,0.10044785588979721,0.9308300614356995,0.8446135520935059
YKL218C,YMR160W,0,-0.010423465,0.10043714940547943,0.9308300614356995,0.8447136282920837
YKL086W,YIL027C,0,-0.010426585,0.10042644292116165,0.9308300614356995,0.8448137640953064
YHR117W,YOR173W,0,-0.010428168,0.10041573643684387,0.9308300614356995,0.844913899898529
YDR225W,YLR073C,0,-0.0104308035,0.10040502995252609,0.9308300614356995,0.8450140357017517
YPL187W,YNL014W,0,-0.010431528,0.10039433091878891,0.9308300614356995,0.8451141119003296
YPL256C,YER070W,0,-0.010436714,0.10038363188505173,0.9308300614356995,0.8452142477035522
YLR219W,YKL067W,0,-0.010451853,0.10037293285131454,0.9308300614356995,0.8453143835067749
YER086W,YGL213C,0,-0.010460577,0.10036224126815796,0.9308300614356995,0.8454145193099976
YMR098C,YJR088C,0,-0.010474909,0.10035154968500137,0.9308300614356995,0.8455145955085754
YOR167C,YJL024C,0,-0.010491068,0.10034085810184479,0.9308300614356995,0.8456147313117981
YKL035W,YDR014W,0,-0.01049443,0.1003301739692688,0.9308300614356995,0.8457148671150208
YDL010W,YML129C,0,-0.010505229,0.10031948983669281,0.9308300614356995,0.8458150029182434
YPL227C,YLR192C,0,-0.010505799,0.10030880570411682,0.9308300614356995,0.8459150791168213
YLR276C,YOR022C,0,-0.010518573,0.10029812902212143,0.9308300614356995,0.846015214920044
YJR138W,YHR079C-A,0,-0.010526475,0.10028744488954544,0.9308300614356995,0.8461153507232666
YLR320W,YDL190C,0,-0.010527916,0.10027677565813065,0.9308300614356995,0.8462154865264893
YDL222C,YER049W,0,-0.0105293505,0.10026609897613525,0.9308300614356995,0.8463155627250671
YGR179C,YBR044C,0,-0.010537662,0.10025542974472046,0.9308300614356995,0.8464156985282898
YER089C,YER173W,0,-0.010540977,0.10024476051330566,0.9308300614356995,0.8465158343315125
YPL003W,YNL003C,0,-0.010566309,0.10023409128189087,0.9308300614356995,0.8466159105300903
YJL065C,YMR036C,0,-0.010567964,0.10022342950105667,0.9308300614356995,0.846716046333313
YDR240C,YNL147W,0,-0.010568023,0.10021276772022247,0.9308300614356995,0.8468161821365356
YDR130C,YGR155W,0,-0.010568984,0.10020210593938828,0.9308300614356995,0.8469163179397583
YDL190C,YJR034W,0,-0.010569975,0.10019145160913467,0.9308300614356995,0.8470163941383362
YML008C,YJR140C,0,-0.010577258,0.10018078982830048,0.9308300614356995,0.8471165299415588
YJL034W,YHR166C,0,-0.010583103,0.10017014294862747,0.9308300614356995,0.8472166657447815
YDL085W,YHR061C,0,-0.010587254,0.10015948861837387,0.9308300614356995,0.8473168015480042
YCL063W,YBR136W,0,-0.0106058195,0.10014884173870087,0.9308300614356995,0.847416877746582
YDR228C,YDR254W,0,-0.010627579,0.10013819485902786,0.9308300614356995,0.8475170135498047
YJL047C,YGR012W,0,-0.010631992,0.10012754797935486,0.9308300614356995,0.8476171493530273
YGR264C,YGL031C,0,-0.010636548,0.10011690855026245,0.9308300614356995,0.84771728515625
YEL004W,YKL143W,0,-0.010639815,0.10010626912117004,0.9308300614356995,0.8478173613548279
YLR107W,YBL040C,0,-0.010645183,0.10009562969207764,0.9308300614356995,0.8479174971580505
YGR157W,YJL062W,0,-0.010648908,0.10008499771356583,0.9308300614356995,0.8480176329612732
YEL051W,YLR047C,1,-0.0106767295,0.10018060356378555,0.9318181872367859,0.8480176329612732
YPR075C,YNL242W,0,-0.010704126,0.10016995668411255,0.9318181872367859,0.8481177687644958
YMR179W,YKL059C,0,-0.01070632,0.10015931725502014,0.9318181872367859,0.8482178449630737
YKR006C,YIL172C,0,-0.010723889,0.10014868527650833,0.9318181872367859,0.8483179807662964
YOR334W,YBR037C,1,-0.010724857,0.10024423897266388,0.9328063130378723,0.8483179807662964
YNL052W,YDR115W,0,-0.010734919,0.10023359209299088,0.9328063130378723,0.848418116569519
YIL109C,YDL040C,0,-0.010742236,0.10022295266389847,0.9328063130378723,0.8485181927680969
YGL106W,YKL093W,0,-0.01075588,0.10021231323480606,0.9328063130378723,0.8486183285713196
YJR126C,YGL122C,0,-0.010758381,0.10020167380571365,0.9328063130378723,0.8487184643745422
YAR066W,YPR190C,0,-0.010778124,0.10019104182720184,0.9328063130378723,0.8488186001777649
YOL128C,YBR150C,0,-0.010782279,0.10018040984869003,0.9328063130378723,0.8489186763763428
YER045C,YJL073W,0,-0.010797881,0.10016977787017822,0.9328063130378723,0.8490188121795654
YDR330W,YBL028C,0,-0.0108031705,0.10015915334224701,0.9328063130378723,0.8491189479827881
YOL152W,YDR436W,0,-0.010815446,0.1001485288143158,0.9328063130378723,0.8492190837860107
YKL213C,YDL079C,0,-0.010836961,0.10013790428638458,0.9328063130378723,0.8493191599845886
YFR021W,YML014W,0,-0.01086057,0.10012727975845337,0.9328063130378723,0.8494192957878113
YBL091C-A,YOR317W,0,-0.010862637,0.10011666268110275,0.9328063130378723,0.8495194315910339
YOR046C,YIL017C,0,-0.010868087,0.10010604560375214,0.9328063130378723,0.8496195673942566
YNL037C,YJL046W,0,-0.010873053,0.10009542852640152,0.9328063130378723,0.8497196435928345
YOR371C,YDR460W,0,-0.010876027,0.1000848188996315,0.9328063130378723,0.8498197793960571
YOR153W,YOR369C,0,-0.010881118,0.10007420927286148,0.9328063130378723,0.8499199151992798
YOL077W-A,YGL047W,0,-0.010889519,0.10006359964609146,0.9328063130378723,0.8500200510025024
YER046W,YFR001W,0,-0.010897052,0.10005299746990204,0.9328063130378723,0.8501201272010803
YOR178C,YMR090W,0,-0.010900332,0.10004238784313202,0.9328063130378723,0.850220263004303
YEL070W,YBL034C,0,-0.01091524,0.1000317931175232,0.9328063130378723,0.8503203988075256
YDL198C,YKR029C,0,-0.0109262355,0.10002119094133377,0.9328063130378723,0.8504204750061035
YOL094C,YJR145C,0,-0.01092634,0.10001059621572495,0.9328063130378723,0.8505206108093262
YLR309C,YIL105C,0,-0.01092824,0.10000000149011612,0.9328063130378723,0.8506207466125488
YER112W,YOR301W,0,-0.010943442,0.0999894067645073,0.9328063130378723,0.8507208824157715
YOR211C,YPR185W,0,-0.010950686,0.09997881948947906,0.9328063130378723,0.8508209586143494
YKR067W,YLR364W,0,-0.010951519,0.09996823221445084,0.9328063130378723,0.850921094417572
YOR369C,YLR145W,0,-0.010952868,0.09995764493942261,0.9328063130378723,0.8510212302207947
YMR293C,YLR233C,0,-0.010955257,0.09994706511497498,0.9328063130378723,0.8511213660240173
YAR031W,YML124C,0,-0.010965221,0.09993647783994675,0.9328063130378723,0.8512214422225952
YCR010C,YOL122C,1,-0.010967921,0.10003175586462021,0.9337944388389587,0.8512214422225952
YDR158W,YML024W,0,-0.0109686665,0.10002116858959198,0.9337944388389587,0.8513215780258179
YGL174W,YDR159W,0,-0.010978743,0.10001058131456375,0.9337944388389587,0.8514217138290405
YER025W,YBR093C,0,-0.011009425,0.10000000149011612,0.9337944388389587,0.8515218496322632
YCR021C,YPR128C,1,-0.011017796,0.1000952273607254,0.9347826242446899,0.8515218496322632
YGL128C,YAL022C,0,-0.011025488,0.10008464008569717,0.9347826242446899,0.8516219258308411
YDL143W,YKL078W,0,-0.0110279005,0.10007405281066895,0.9347826242446899,0.8517220616340637
YGR095C,YDR137W,0,-0.011035394,0.10006346553564072,0.9347826242446899,0.8518221974372864
YDR079W,YMR075W,0,-0.0110380575,0.10005288571119308,0.9347826242446899,0.851922333240509
YCL036W,YLR297W,0,-0.011047059,0.10004229843616486,0.9347826242446899,0.8520224094390869
YGL259W,YAL031C,0,-0.011054276,0.10003172606229782,0.9347826242446899,0.8521225452423096
YNL030W,YER046W,0,-0.011056284,0.10002114623785019,0.9347826242446899,0.8522226810455322
YNL218W,YBR244W,0,-0.01105899,0.10001057386398315,0.9347826242446899,0.8523228168487549
YMR238W,YJR129C,0,-0.011059353,0.10000000149011612,0.9347826242446899,0.8524228930473328
YNL026W,YHR092C,0,-0.011064084,0.09998942911624908,0.9347826242446899,0.8525230288505554
YBR039W,YOR192C,1,-0.011084873,0.10008455067873001,0.9357707500457764,0.8525230288505554
YMR011W,YLR206W,0,-0.011090912,0.10007397085428238,0.9357707500457764,0.8526231646537781
YDL245C,YHL019C,0,-0.011103202,0.10006339848041534,0.9357707500457764,0.852723240852356
YLR453C,YDR001C,0,-0.011107586,0.10005282610654831,0.9357707500457764,0.8528233766555786
YOL089C,YIL015W,0,-0.0111087095,0.10004225373268127,0.9357707500457764,0.8529235124588013
YDR495C,YCR012W,0,-0.011115611,0.10003168880939484,0.9357707500457764,0.8530236482620239
YKL165C,YKR061W,0,-0.01112658,0.1000211238861084,0.9357707500457764,0.8531237244606018
YDR016C,YGR221C,0,-0.011127826,0.10001055896282196,0.9357707500457764,0.8532238602638245
YDR385W,YMR289W,0,-0.011128068,0.10000000149011612,0.9357707500457764,0.8533239960670471
YDL008W,YLR287C-A,0,-0.011131588,0.09998944401741028,0.9357707500457764,0.8534241318702698
YLR126C,YNL209W,0,-0.011137491,0.09997888654470444,0.9357707500457764,0.8535242080688477
YKL046C,YBR257W,0,-0.011140244,0.0999683290719986,0.9357707500457764,0.8536243438720703
YOR100C,YPL055C,0,-0.011146831,0.09995777904987335,0.9357707500457764,0.853724479675293
YNL262W,YDR465C,0,-0.011151446,0.09994722902774811,0.9357707500457764,0.8538246154785156
YJL071W,YKL091C,0,-0.011152022,0.09993667900562286,0.9357707500457764,0.8539246916770935
YDR194C,YNL148C,0,-0.011156831,0.09992613643407822,0.9357707500457764,0.8540248274803162
YLR376C,YDR162C,0,-0.01116401,0.09991559386253357,0.9357707500457764,0.8541249632835388
YIL017W,YIL128W,0,-0.011178002,0.09990505129098892,0.9357707500457764,0.8542250990867615
YDR169C,YLR342W,0,-0.011183076,0.09989451617002487,0.9357707500457764,0.8543251752853394
YNL101W,YPR002W,0,-0.011187103,0.09988398104906082,0.9357707500457764,0.854425311088562
YPR104C,YJR077C,0,-0.01119034,0.09987344592809677,0.9357707500457764,0.8545254468917847
YLR147C,YNL207W,0,-0.01120648,0.09986291080713272,0.9357707500457764,0.8546255230903625
YLL019C,YKL217W,0,-0.011207694,0.09985238313674927,0.9357707500457764,0.8547256588935852
YAL022C,YOR293W,0,-0.011217676,0.09984185546636581,0.9357707500457764,0.8548257946968079
YDL181W,YBR126C,0,-0.011218041,0.09983132779598236,0.9357707500457764,0.8549259305000305
YBR022W,YOL157C,0,-0.0112198815,0.0998208075761795,0.9357707500457764,0.8550260066986084
YHR021C,YMR127C,0,-0.011227258,0.09981028735637665,0.9357707500457764,0.855126142501831
YJL051W,YER070W,0,-0.011229156,0.09979976713657379,0.9357707500457764,0.8552262783050537
YML032C,YEL063C,0,-0.011241164,0.09978925436735153,0.9357707500457764,0.8553264141082764
YHL033C,YGR207C,0,-0.011241421,0.09977873414754868,0.9357707500457764,0.8554264903068542
YJR063W,YMR214W,0,-0.011244485,0.09976822882890701,0.9357707500457764,0.8555266261100769
YDR457W,YOR010C,0,-0.011245128,0.09975771605968475,0.9357707500457764,0.8556267619132996
YGR065C,YKL028W,0,-0.0112551935,0.09974721074104309,0.9357707500457764,0.8557268977165222
YJR014W,YGL014W,0,-0.011258842,0.09973670542240143,0.9357707500457764,0.8558269739151001
YNL158W,YML063W,0,-0.011260923,0.09972620010375977,0.9357707500457764,0.8559271097183228
YBR198C,YDR221W,0,-0.011296922,0.0997157022356987,0.9357707500457764,0.8560272455215454
YPL112C,YML008C,0,-0.01130327,0.09970520436763763,0.9357707500457764,0.8561273813247681
YLL001W,YBL019W,0,-0.011303331,0.09969470649957657,0.9357707500457764,0.856227457523346
YKL165C,YOR334W,1,-0.011308223,0.09978947043418884,0.9367588758468628,0.856227457523346
YGR191W,YOR038C,0,-0.011329975,0.09977897256612778,0.9367588758468628,0.8563275933265686
YCR087C-A,YPL031C,0,-0.011333618,0.09976846724748611,0.9367588758468628,0.8564277291297913
YMR056C,YOR096W,0,-0.011340568,0.09975796937942505,0.9367588758468628,0.8565278053283691
YFR055W,YOR337W,0,-0.011348899,0.09974747151136398,0.9367588758468628,0.8566279411315918
YMR080C,YOR211C,0,-0.011350178,0.09973698109388351,0.9367588758468628,0.8567280769348145
YBR122C,YNL326C,0,-0.011358894,0.09972649067640305,0.9367588758468628,0.8568282127380371
YOR371C,YHR007C,0,-0.011359999,0.09971600025892258,0.9367588758468628,0.856928288936615
YFR021W,YDR047W,0,-0.011372954,0.09970550984144211,0.9367588758468628,0.8570284247398376
YBL010C,YKL175W,0,-0.011373069,0.09969502687454224,0.9367588758468628,0.8571285605430603
YCR027C,YPL213W,0,-0.011376496,0.09968454390764236,0.9367588758468628,0.857228696346283
YKL064W,YOL027C,1,-0.011383873,0.09977920353412628,0.937747061252594,0.857228696346283
YMR241W,YJR099W,0,-0.011384122,0.09976871311664581,0.937747061252594,0.8573287725448608
YDL109C,YKL018W,0,-0.01138553,0.09975822269916534,0.937747061252594,0.8574289083480835
YJL047C,YDL040C,0,-0.011387439,0.09974773973226547,0.937747061252594,0.8575290441513062
YPR122W,YDL215C,0,-0.011403326,0.0997372567653656,0.937747061252594,0.8576291799545288
YPL274W,YBR296C,1,-0.011410401,0.09983186423778534,0.9387351870536804,0.8576291799545288
YDL054C,YIL061C,0,-0.011411756,0.09982137382030487,0.9387351870536804,0.8577292561531067
YLR188W,YLR316C,0,-0.0114202425,0.0998108834028244,0.9387351870536804,0.8578293919563293
YPR021C,YMR264W,0,-0.011439189,0.09980040043592453,0.9387351870536804,0.857929527759552
YML005W,YPL194W,0,-0.011440977,0.09978991746902466,0.9387351870536804,0.8580296635627747
YDR155C,YBR299W,0,-0.011444356,0.09977943450212479,0.9387351870536804,0.8581297397613525
YFL050C,YLR388W,0,-0.011449099,0.09976895898580551,0.9387351870536804,0.8582298755645752
YEL011W,YNR040W,0,-0.011456963,0.09975847601890564,0.9387351870536804,0.8583300113677979
YHR105W,YGR188C,0,-0.011461955,0.09974800795316696,0.9387351870536804,0.8584300875663757
YDR196C,YMR039C,0,-0.011466682,0.09973753243684769,0.9387351870536804,0.8585302233695984
YKL089W,YDR302W,0,-0.011467513,0.09972706437110901,0.9387351870536804,0.858630359172821
YDR356W,YCR069W,0,-0.011471808,0.09971659630537033,0.9387351870536804,0.8587304949760437
YGL033W,YGR133W,0,-0.011477057,0.09970612823963165,0.9387351870536804,0.8588305711746216
YKL186C,YDR033W,0,-0.011493096,0.09969566762447357,0.9387351870536804,0.8589307069778442
YDR104C,YNL258C,0,-0.01149968,0.09968520700931549,0.9387351870536804,0.8590308427810669
YDR531W,YJL081C,0,-0.011512329,0.09967474639415741,0.9387351870536804,0.8591309785842896
YJL115W,YML095C,0,-0.011523966,0.09966428577899933,0.9387351870536804,0.8592310547828674
YNL182C,YDL111C,0,-0.011539863,0.09965383261442184,0.9387351870536804,0.8593311905860901
YBR251W,YKL059C,0,-0.011544887,0.09964337944984436,0.9387351870536804,0.8594313263893127
YKL009W,YPL212C,0,-0.011559717,0.09963293373584747,0.9387351870536804,0.8595314621925354
YGR229C,YNL275W,0,-0.011575457,0.09962248057126999,0.9387351870536804,0.8596315383911133
YJR086W,YOR224C,0,-0.011610763,0.0996120348572731,0.9387351870536804,0.8597316741943359
YBR128C,YKL130C,0,-0.01161815,0.09960159659385681,0.9387351870536804,0.8598318099975586
YHR128W,YJR013W,0,-0.011621425,0.09959115087985992,0.9387351870536804,0.8599319458007812
YOR313C,YMR228W,0,-0.011624636,0.09958071261644363,0.9387351870536804,0.8600320219993591
YOR056C,YDL206W,0,-0.011634713,0.09957027435302734,0.9387351870536804,0.8601321578025818
YOL044W,YGR277C,0,-0.011637603,0.09955984354019165,0.9387351870536804,0.8602322936058044
YGL222C,YDR093W,0,-0.011639066,0.09954940527677536,0.9387351870536804,0.8603323698043823
YPL158C,YGR261C,0,-0.011640906,0.09953897446393967,0.9387351870536804,0.860432505607605
YOR106W,YNL191W,0,-0.011648782,0.09952855110168457,0.9387351870536804,0.8605326414108276
YPL122C,YDL092W,0,-0.0116662085,0.09951812028884888,0.9387351870536804,0.8606327772140503
YAL009W,YER046W,0,-0.0116690565,0.09950769692659378,0.9387351870536804,0.8607328534126282
YLR136C,YPL090C,0,-0.011673503,0.09949727356433868,0.9387351870536804,0.8608329892158508
YJR056C,YLR192C,0,-0.011683534,0.09948685765266418,0.9387351870536804,0.8609331250190735
YDR082W,YKL064W,0,-0.011700546,0.09947644174098969,0.9387351870536804,0.8610332608222961
YKL220C,YCR024C-A,1,-0.011706848,0.09957072883844376,0.9397233128547668,0.8610332608222961
YIL142W,YOL071W,0,-0.0117106065,0.09956029802560806,0.9397233128547668,0.861133337020874
YDR143C,YLR275W,0,-0.01171153,0.09954988211393356,0.9397233128547668,0.8612334728240967
YHR102W,YML024W,0,-0.011714898,0.09953945875167847,0.9397233128547668,0.8613336086273193
YBR293W,YMR112C,0,-0.011716969,0.09952904284000397,0.9397233128547668,0.861433744430542
YER157W,YPL242C,0,-0.011718639,0.09951862692832947,0.9397233128547668,0.8615338206291199
YOL067C,YNL321W,0,-0.0117199635,0.09950821101665497,0.9397233128547668,0.8616339564323425
YPR191W,YJL030W,0,-0.011728073,0.09949780255556107,0.9397233128547668,0.8617340922355652
YNL326C,YLR138W,0,-0.0117281675,0.09948739409446716,0.9397233128547668,0.8618342280387878
YGR216C,YDR107C,0,-0.011737174,0.09947698563337326,0.9397233128547668,0.8619343042373657
YMR297W,YJL219W,0,-0.011748008,0.09946658462285995,0.9397233128547668,0.8620344400405884
YCR054C,YBR244W,0,-0.011750888,0.09945618361234665,0.9397233128547668,0.862134575843811
YNL284C,YOR265W,0,-0.011756115,0.09944578260183334,0.9397233128547668,0.8622346520423889
YHR115C,YOR375C,0,-0.011775692,0.09943538159132004,0.9397233128547668,0.8623347878456116
YOR362C,YPL158C,0,-0.011776367,0.09942498803138733,0.9397233128547668,0.8624349236488342
YLR113W,YHR028C,0,-0.011776868,0.09941459447145462,0.9397233128547668,0.8625350594520569
YIL143C,YOR076C,0,-0.011801055,0.09940420091152191,0.9397233128547668,0.8626351356506348
YBL057C,YDR462W,0,-0.011801353,0.0993938148021698,0.9397233128547668,0.8627352714538574
YNL292W,YBL024W,0,-0.011815362,0.09938342869281769,0.9397233128547668,0.8628354072570801
YNL307C,YDR480W,0,-0.011830203,0.09937304258346558,0.9397233128547668,0.8629355430603027
YOR144C,YMR134W,0,-0.011832956,0.09936265647411346,0.9397233128547668,0.8630356192588806
YLR220W,YKR052C,1,-0.01184877,0.09945674985647202,0.9407114386558533,0.8630356192588806
YGL174W,YER070W,0,-0.011859784,0.0994463562965393,0.9407114386558533,0.8631357550621033
YLR029C,YKL119C,0,-0.011870839,0.0994359701871872,0.9407114386558533,0.8632358908653259
YDL035C,YPL148C,0,-0.01188186,0.09942558407783508,0.9407114386558533,0.8633360266685486
YLR216C,YMR167W,0,-0.011904658,0.09941520541906357,0.9407114386558533,0.8634361028671265
YOR338W,YNL058C,0,-0.011906315,0.09940482676029205,0.9407114386558533,0.8635362386703491
YOL097C,YGR286C,0,-0.011914223,0.09939444810152054,0.9407114386558533,0.8636363744735718
YDL120W,YGL139W,1,-0.0119335465,0.09948846697807312,0.9416996240615845,0.8636363744735718
YKR002W,YLR035C,0,-0.011936337,0.09947808086872101,0.9416996240615845,0.8637365102767944
YLR163C,YGR163W,0,-0.011939857,0.0994676947593689,0.9416996240615845,0.8638365864753723
YPL106C,YLR213C,0,-0.011941098,0.09945731610059738,0.9416996240615845,0.863936722278595
YDL156W,YMR080C,0,-0.011945866,0.09944693744182587,0.9416996240615845,0.8640368580818176
YER106W,YBR120C,0,-0.011955682,0.09943655878305435,0.9416996240615845,0.8641369938850403
YDL227C,YCL034W,0,-0.011968739,0.09942618757486343,0.9416996240615845,0.8642370700836182
YBR179C,YKL018W,0,-0.011974484,0.09941581636667252,0.9416996240615845,0.8643372058868408
YPR145W,YLR130C,0,-0.0119800065,0.0994054451584816,0.9416996240615845,0.8644373416900635
YPL042C,YEL029C,0,-0.011984612,0.09939507395029068,0.9416996240615845,0.8645374178886414
YBR050C,YKL041W,0,-0.011992414,0.09938471019268036,0.9416996240615845,0.864637553691864
YLR309C,YNL126W,0,-0.011993572,0.09937434643507004,0.9416996240615845,0.8647376894950867
YIL132C,YGL213C,0,-0.011994343,0.09936399012804031,0.9416996240615845,0.8648378252983093
YGR134W,YCR048W,0,-0.012021635,0.09935362637042999,0.9416996240615845,0.8649379014968872
YOL129W,YOL128C,0,-0.012024,0.09934327006340027,0.9416996240615845,0.8650380373001099
YKL107W,YPL027W,0,-0.0120250145,0.09933291375637054,0.9416996240615845,0.8651381731033325
YBR291C,YKL016C,1,-0.012025513,0.09942678362131119,0.9426877498626709,0.8651381731033325
YNL262W,YDR093W,0,-0.0120285135,0.09941641986370087,0.9426877498626709,0.8652383089065552
YKL179C,YDR423C,0,-0.012039069,0.09940606355667114,0.9426877498626709,0.8653383851051331
YLR440C,YPL246C,0,-0.012046825,0.09939570724964142,0.9426877498626709,0.8654385209083557
YGR033C,YJL025W,0,-0.012065322,0.0993853509426117,0.9426877498626709,0.8655386567115784
YER114C,YGR056W,0,-0.012071438,0.09937500208616257,0.9426877498626709,0.865638792514801
YHR164C,YNL096C,0,-0.012078695,0.09936465322971344,0.9426877498626709,0.8657388687133789
YAL042W,YDR231C,0,-0.012084612,0.09935430437326431,0.9426877498626709,0.8658390045166016
YIL177C,YNL268W,0,-0.012084713,0.09934395551681519,0.9426877498626709,0.8659391403198242
YER021W,YKL164C,0,-0.012087066,0.09933361411094666,0.9426877498626709,0.8660392761230469
YHR051W,YHR211W,0,-0.012089382,0.09932327270507812,0.9426877498626709,0.8661393523216248
YMR189W,YKL157W,0,-0.012093582,0.0993129312992096,0.9426877498626709,0.8662394881248474
YDL156W,YDL171C,0,-0.012093949,0.09930258989334106,0.9426877498626709,0.8663396239280701
YGR215W,YNL021W,0,-0.012099326,0.09929225593805313,0.9426877498626709,0.866439700126648
YIL049W,YHR003C,0,-0.012101555,0.0992819219827652,0.9426877498626709,0.8665398359298706
YGL043W,YMR167W,0,-0.012115939,0.09927159547805786,0.9426877498626709,0.8666399717330933
YMR301C,YGR247W,0,-0.012122173,0.09926126152276993,0.9426877498626709,0.8667401075363159
YOR151C,YPR204W,0,-0.01212463,0.09925093501806259,0.9426877498626709,0.8668401837348938
YML010W,YDR251W,0,-0.012138439,0.09924060851335526,0.9426877498626709,0.8669403195381165
YFR019W,YOR061W,0,-0.01215658,0.09923028945922852,0.9426877498626709,0.8670404553413391
YPL060W,YLL008W,0,-0.012176782,0.09921997040510178,0.9426877498626709,0.8671405911445618
YLR100W,YHR074W,0,-0.012183771,0.09920965135097504,0.9426877498626709,0.8672406673431396
YER061C,YBR150C,0,-0.012210486,0.0991993322968483,0.9426877498626709,0.8673408031463623
YKL056C,YGR041W,0,-0.012215205,0.09918902069330215,0.9426877498626709,0.867440938949585
YLR307W,YLR219W,0,-0.012223855,0.09917870908975601,0.9426877498626709,0.8675410747528076
YDL079C,YER007W,0,-0.012231532,0.09916839748620987,0.9426877498626709,0.8676411509513855
YHR191C,YKL186C,0,-0.012247469,0.09915809333324432,0.9426877498626709,0.8677412867546082
YNL314W,YGR278W,0,-0.012250746,0.09914778918027878,0.9426877498626709,0.8678414225578308
YOR099W,YBR154C,0,-0.012267031,0.09913748502731323,0.9426877498626709,0.8679415583610535
YPL024W,YNL082W,0,-0.012280615,0.09912718087434769,0.9426877498626709,0.8680416345596313
YKL003C,YEL056W,0,-0.0122886645,0.09911688417196274,0.9426877498626709,0.868141770362854
YNR003C,YJR135C,0,-0.012297652,0.09910658746957779,0.9426877498626709,0.8682419061660767
YGL021W,YOR058C,0,-0.012298513,0.09909629076719284,0.9426877498626709,0.8683419823646545
YBR171W,YDL133C-A,0,-0.012300216,0.09908600151538849,0.9426877498626709,0.8684421181678772
YDL159W,YGL003C,0,-0.012310581,0.09907571226358414,0.9426877498626709,0.8685422539710999
YBR293W,YBR230C,0,-0.012314528,0.09906542301177979,0.9426877498626709,0.8686423897743225
YJL036W,YEL042W,0,-0.012316301,0.09905513375997543,0.9426877498626709,0.8687424659729004
YDL019C,YMR323W,0,-0.012317078,0.09904485195875168,0.9426877498626709,0.868842601776123
YPL038W,YBL010C,0,-0.012319622,0.09903457015752792,0.9426877498626709,0.8689427375793457
YJR028W,YIR012W,0,-0.012319774,0.09902428835630417,0.9426877498626709,0.8690428733825684
YIL132C,YER130C,0,-0.012346961,0.09901401400566101,0.9426877498626709,0.8691429495811462
YGL060W,YBR227C,0,-0.0123515725,0.09900373965501785,0.9426877498626709,0.8692430853843689
YOR243C,YJR112W,0,-0.012359956,0.0989934653043747,0.9426877498626709,0.8693432211875916
YGR128C,YKL001C,0,-0.012365058,0.09898319095373154,0.9426877498626709,0.8694433569908142
YGR288W,YBL040C,0,-0.012365116,0.09897292405366898,0.9426877498626709,0.8695434331893921
YMR179W,YFR044C,0,-0.012374112,0.09896265715360641,0.9426877498626709,0.8696435689926147
YPL012W,YGL095C,0,-0.012382518,0.09895239025354385,0.9426877498626709,0.8697437047958374
YLR103C,YFR001W,0,-0.0123827215,0.09894213080406189,0.9426877498626709,0.8698438405990601
YNL335W,YJL034W,0,-0.01238559,0.09893187135457993,0.9426877498626709,0.8699439167976379
YKR103W,YJR082C,0,-0.012386292,0.09892161190509796,0.9426877498626709,0.8700440526008606
YNL021W,YDL058W,0,-0.0123898145,0.098911352455616,0.9426877498626709,0.8701441884040833
YLL043W,YDR205W,1,-0.012395113,0.09900476783514023,0.9436758756637573,0.8701441884040833
YOR336W,YDR331W,0,-0.012397466,0.09899450838565826,0.9436758756637573,0.8702442646026611
YNL273W,YNL008C,0,-0.012399353,0.0989842489361763,0.9436758756637573,0.8703444004058838
YFR032C-A,YDR440W,0,-0.01241224,0.09897398948669434,0.9436758756637573,0.8704445362091064
YBR282W,YDL148C,0,-0.012445055,0.09896373003721237,0.9436758756637573,0.8705446720123291
YHR002W,YLR047C,1,-0.012456138,0.09905709326267242,0.9446640610694885,0.8705446720123291
YMR316W,YOR386W,0,-0.012457825,0.09904682636260986,0.9446640610694885,0.870644748210907
YLR035C,YDL107W,0,-0.012461007,0.0990365669131279,0.9446640610694885,0.8707448840141296
YNL134C,YFR015C,0,-0.012463149,0.09902630746364594,0.9446640610694885,0.8708450198173523
YPL234C,YBL030C,1,-0.012475402,0.0991196259856224,0.945652186870575,0.8708450198173523
YIL084C,YKL143W,0,-0.012478124,0.09910935908555984,0.945652186870575,0.870945155620575
YJL178C,YMR229C,0,-0.012492068,0.09909909963607788,0.945652186870575,0.8710452318191528
YFR008W,YBL002W,0,-0.012500329,0.09908884018659592,0.945652186870575,0.8711453676223755
YMR020W,YLR109W,0,-0.012512945,0.09907858073711395,0.945652186870575,0.8712455034255981
YDL229W,YGL233W,0,-0.012524208,0.09906832128763199,0.945652186870575,0.8713456392288208
YDL033C,YJR138W,0,-0.012533302,0.09905806928873062,0.945652186870575,0.8714457154273987
YDL045W-A,YBR258C,0,-0.012541333,0.09904781728982925,0.945652186870575,0.8715458512306213
YGR220C,YBR129C,0,-0.012542318,0.09903756529092789,0.945652186870575,0.871645987033844
YER019C-A,YDR501W,0,-0.012548278,0.09902732074260712,0.945652186870575,0.8717461228370667
YML032C,YPL276W,0,-0.01255077,0.09901706874370575,0.945652186870575,0.8718461990356445
YOR039W,YIL027C,0,-0.012561254,0.09900683164596558,0.945652186870575,0.8719463348388672
YGR281W,YPR184W,0,-0.012561533,0.0989965870976448,0.945652186870575,0.8720464706420898
YDR197W,YPL121C,0,-0.012572891,0.09898634999990463,0.945652186870575,0.8721465468406677
YNL291C,YHL040C,1,-0.0125743,0.09907953441143036,0.9466403126716614,0.8721465468406677
YLR222C,YDR416W,0,-0.012577461,0.09906928986310959,0.9466403126716614,0.8722466826438904
YPR194C,YKR101W,0,-0.012587596,0.09905904531478882,0.9466403126716614,0.872346818447113
YIL023C,YLR092W,1,-0.012599364,0.09915219247341156,0.9476284384727478,0.872346818447113
YDR418W,YPL084W,0,-0.012606282,0.09914194047451019,0.9476284384727478,0.8724469542503357
YKL119C,YMR203W,0,-0.012625579,0.09913169592618942,0.9476284384727478,0.8725470304489136
YHR041C,YKL146W,0,-0.01262866,0.09912144392728806,0.9476284384727478,0.8726471662521362
YBL092W,YDL164C,0,-0.01263685,0.09911119937896729,0.9476284384727478,0.8727473020553589
YKR066C,YDL059C,0,-0.012637354,0.09910096228122711,0.9476284384727478,0.8728474378585815
YMR170C,YOL136C,0,-0.012640649,0.09909071773290634,0.9476284384727478,0.8729475140571594
YOL056W,YOR291W,0,-0.01264281,0.09908048063516617,0.9476284384727478,0.8730476498603821
YPR048W,YFL036W,0,-0.012647981,0.09907025098800659,0.9476284384727478,0.8731477856636047
YJL141C,YNL191W,0,-0.012652896,0.09906001389026642,0.9476284384727478,0.8732479214668274
YGR101W,YJL200C,0,-0.012664355,0.09904978424310684,0.9476284384727478,0.8733479976654053
YEL042W,YOL043C,0,-0.0126651125,0.09903955459594727,0.9476284384727478,0.8734481334686279
YAL016W,YNL261W,0,-0.012676887,0.09902932494878769,0.9476284384727478,0.8735482692718506
YNR056C,YDR299W,0,-0.012685336,0.09901910275220871,0.9476284384727478,0.8736484050750732
YHR152W,YCR040W,0,-0.012690089,0.09900888055562973,0.9476284384727478,0.8737484812736511
YGR162W,YLR340W,0,-0.0127055235,0.09899865835905075,0.9476284384727478,0.8738486170768738
YJR089W,YBL102W,0,-0.01271909,0.09898843616247177,0.9476284384727478,0.8739487528800964
YDR388W,YMR086W,0,-0.012719426,0.09897822141647339,0.9476284384727478,0.8740488290786743
YJL133W,YOR126C,0,-0.012719873,0.098968006670475,0.9476284384727478,0.874148964881897
YKR105C,YBR261C,0,-0.012750028,0.09895779937505722,0.9476284384727478,0.8742491006851196
YDL060W,YJR160C,0,-0.012751751,0.09894758462905884,0.9476284384727478,0.8743492364883423
YBR271W,YPL053C,0,-0.012757504,0.09893737733364105,0.9476284384727478,0.8744493126869202
YGR101W,YPR011C,0,-0.012761571,0.09892717003822327,0.9476284384727478,0.8745494484901428
YDL039C,YFR009W,0,-0.012765657,0.09891697019338608,0.9476284384727478,0.8746495842933655
YBR058C-A,YIL140W,0,-0.012793435,0.09890676289796829,0.9476284384727478,0.8747497200965881
YLR163C,YAL003W,0,-0.012804259,0.0988965630531311,0.9476284384727478,0.874849796295166
YLL009C,YNR060W,1,-0.01280948,0.09898947924375534,0.948616623878479,0.874849796295166
YJR086W,YNL279W,0,-0.012838151,0.09897927939891815,0.948616623878479,0.8749499320983887
YNR008W,YNL016W,0,-0.012838242,0.09896907210350037,0.948616623878479,0.8750500679016113
YKR050W,YHR026W,1,-0.012841063,0.09906195104122162,0.9496047496795654,0.8750500679016113
YFR019W,YLR026C,0,-0.012855297,0.09905174374580383,0.9496047496795654,0.875150203704834
YDR207C,YGR257C,0,-0.012856696,0.09904153645038605,0.9496047496795654,0.8752502799034119
YDR044W,YGL094C,0,-0.012879802,0.09903132915496826,0.9496047496795654,0.8753504157066345
YPR049C,YKL090W,0,-0.012880983,0.09902112185955048,0.9496047496795654,0.8754505515098572
YOR287C,YBL098W,0,-0.012885426,0.09901092201471329,0.9496047496795654,0.8755506873130798
YHR134W,YPR125W,0,-0.012894623,0.0990007221698761,0.9496047496795654,0.8756507635116577
YOR315W,YJR015W,0,-0.012902379,0.09899052232503891,0.9496047496795654,0.8757508993148804
YPL057C,YLR285W,0,-0.012908444,0.09898032993078232,0.9496047496795654,0.875851035118103
YJL030W,YKL024C,0,-0.012916001,0.09897013753652573,0.9496047496795654,0.8759511709213257
YER118C,YNL256W,0,-0.012937047,0.09895994514226913,0.9496047496795654,0.8760512471199036
YLL054C,YOL155C,0,-0.012941446,0.09894975274801254,0.9496047496795654,0.8761513829231262
YJR064W,YHR025W,0,-0.0129444655,0.09893956780433655,0.9496047496795654,0.8762515187263489
YLR038C,YDL208W,0,-0.012948297,0.09892938286066055,0.9496047496795654,0.8763515949249268
YLR418C,YLR136C,0,-0.012961667,0.09891919791698456,0.9496047496795654,0.8764517307281494
YOR231W,YBR033W,0,-0.012970937,0.09890901297330856,0.9496047496795654,0.8765518665313721
YGR194C,YER144C,0,-0.012975017,0.09889883548021317,0.9496047496795654,0.8766520023345947
YNR075W,YCR033W,0,-0.012976188,0.09888865798711777,0.9496047496795654,0.8767520785331726
YGL181W,YDL202W,0,-0.012992837,0.09887848794460297,0.9496047496795654,0.8768522143363953
YLR070C,YOR278W,0,-0.013035895,0.09886831045150757,0.9496047496795654,0.8769523501396179
YBR073W,YLR138W,0,-0.0130451545,0.09885814040899277,0.9496047496795654,0.8770524859428406
YER101C,YMR306W,0,-0.013050014,0.09884797036647797,0.9496047496795654,0.8771525621414185
YPL060W,YBR295W,1,-0.0130590405,0.0989406555891037,0.9505928754806519,0.8771525621414185
YJR113C,YHR039C,0,-0.013060987,0.0989304780960083,0.9505928754806519,0.8772526979446411
YBR123C,YAL062W,0,-0.013062563,0.0989203080534935,0.9505928754806519,0.8773528337478638
YJR017C,YEL047C,0,-0.013072755,0.0989101380109787,0.9505928754806519,0.8774529695510864
YDR379W,YDR198C,0,-0.01310098,0.0988999679684639,0.9505928754806519,0.8775530457496643
YML066C,YHR061C,0,-0.013120411,0.0988898053765297,0.9505928754806519,0.877653181552887
YLR187W,YOR076C,0,-0.013129681,0.09887963533401489,0.9505928754806519,0.8777533173561096
YJL053W,YER027C,0,-0.013132138,0.09886947274208069,0.9505928754806519,0.8778534531593323
YHR101C,YDR191W,0,-0.013137303,0.09885931760072708,0.9505928754806519,0.8779535293579102
YOL028C,YOR255W,0,-0.013143964,0.09884915500879288,0.9505928754806519,0.8780536651611328
YLR135W,YEL040W,0,-0.013154659,0.09883899986743927,0.9505928754806519,0.8781538009643555
YGL185C,YNL106C,0,-0.01316814,0.09882884472608566,0.9505928754806519,0.8782538771629333
YPL119C,YDL107W,0,-0.013172198,0.09881869703531265,0.9505928754806519,0.878354012966156
YLR276C,YMR143W,0,-0.013180226,0.09880854189395905,0.9505928754806519,0.8784541487693787
YOR371C,YIL006W,0,-0.013198743,0.09879839420318604,0.9505928754806519,0.8785542845726013
YLR370C,YMR311C,0,-0.01320263,0.09878825396299362,0.9505928754806519,0.8786543607711792
YLR013W,YDR163W,0,-0.013205659,0.09877810627222061,0.9505928754806519,0.8787544965744019
YIL061C,YMR316W,0,-0.013213247,0.0987679660320282,0.9505928754806519,0.8788546323776245
YHR143W,YER045C,0,-0.013220524,0.09875782579183578,0.9505928754806519,0.8789547681808472
YNL112W,YKL084W,0,-0.0132306665,0.09874769300222397,0.9505928754806519,0.879054844379425
YOL094C,YNL102W,0,-0.013233421,0.09873755276203156,0.9505928754806519,0.8791549801826477
YJL207C,YMR143W,0,-0.01323499,0.09872741997241974,0.9505928754806519,0.8792551159858704
YMR218C,YGR154C,0,-0.013240826,0.09871729463338852,0.9505928754806519,0.879355251789093
YDR006C,YLL032C,0,-0.013249824,0.0987071618437767,0.9505928754806519,0.8794553279876709
YLL009C,YPL241C,0,-0.013261796,0.09869703650474548,0.9505928754806519,0.8795554637908936
YOR100C,YDL195W,0,-0.013269179,0.09868691116571426,0.9505928754806519,0.8796555995941162
YMR319C,YGL254W,1,-0.013273202,0.09877936542034149,0.9515810012817383,0.8796555995941162
YDR013W,YLR386W,0,-0.013286233,0.09876923263072968,0.9515810012817383,0.8797557353973389
YBR275C,YHR171W,0,-0.013286293,0.09875909984111786,0.9515810012817383,0.8798558115959167
YPL008W,YMR263W,0,-0.013291292,0.09874897450208664,0.9515810012817383,0.8799559473991394
YLR467W,YJL138C,0,-0.013295101,0.09873884916305542,0.9515810012817383,0.8800560832023621
YPR061C,YIL084C,0,-0.013298742,0.0987287238240242,0.9515810012817383,0.8801561594009399
YGR155W,YPR112C,0,-0.013309188,0.09871860593557358,0.9515810012817383,0.8802562952041626
YGR072W,YER144C,0,-0.013316736,0.09870848804712296,0.9515810012817383,0.8803564310073853
YJL011C,YJL065C,0,-0.013318766,0.09869837015867233,0.9515810012817383,0.8804565668106079
YLR266C,YDR011W,0,-0.013329439,0.09868825227022171,0.9515810012817383,0.8805566430091858
YOR265W,YDL017W,0,-0.013331488,0.09867814183235168,0.9515810012817383,0.8806567788124084
YML018C,YLR446W,0,-0.013338219,0.09866803139448166,0.9515810012817383,0.8807569146156311
YER001W,YNL325C,0,-0.013345353,0.09865792095661163,0.9515810012817383,0.8808570504188538
YDR297W,YIL017C,0,-0.013351506,0.0986478179693222,0.9515810012817383,0.8809571266174316
YMR068W,YNL084C,0,-0.013354473,0.09863771498203278,0.9515810012817383,0.8810572624206543
YGR098C,YDL104C,0,-0.01335674,0.09862761199474335,0.9515810012817383,0.881157398223877
YDR228C,YKR003W,0,-0.013361055,0.09861750900745392,0.9515810012817383,0.8812575340270996
YEL017C-A,YGL167C,1,-0.013381343,0.09870980679988861,0.9525691866874695,0.8812575340270996
YNL037C,YDR059C,0,-0.013408419,0.09869970381259918,0.9525691866874695,0.8813576102256775
YLR148W,YDL161W,0,-0.013428617,0.09868960082530975,0.9525691866874695,0.8814577460289001
YDR478W,YGL051W,0,-0.013445538,0.09867949783802032,0.9525691866874695,0.8815578818321228
YFR037C,YGR047C,0,-0.013445556,0.0986693948507309,0.9525691866874695,0.8816580176353455
YOR228C,YOR215C,0,-0.013446284,0.09865929931402206,0.9525691866874695,0.8817580938339233
YJL052W,YBR274W,0,-0.013454868,0.09864920377731323,0.9525691866874695,0.881858229637146
YNL229C,YLR135W,0,-0.013455771,0.0986391082406044,0.9525691866874695,0.8819583654403687
YOR393W,YCR030C,0,-0.013459977,0.09862901270389557,0.9525691866874695,0.8820584416389465
YEL027W,YBR296C,1,-0.013467066,0.0987212285399437,0.9535573124885559,0.8820584416389465
YBR058C-A,YBL027W,0,-0.013474359,0.09871113300323486,0.9535573124885559,0.8821585774421692
YGL050W,YBL003C,0,-0.013485566,0.09870103001594543,0.9535573124885559,0.8822587132453918
YJR135C,YDL229W,0,-0.013498747,0.0986909419298172,0.9535573124885559,0.8823588490486145
YBR041W,YMR112C,0,-0.013508352,0.09868084639310837,0.9535573124885559,0.8824589252471924
YDR332W,YMR227C,0,-0.013513871,0.09867075830698013,0.9535573124885559,0.882559061050415
YNL339C,YJL157C,0,-0.013518631,0.0986606702208519,0.9535573124885559,0.8826591968536377
YLR341W,YJL133W,0,-0.013520615,0.09865058213472366,0.9535573124885559,0.8827593326568604
YMR025W,YNR028W,0,-0.013522124,0.09864050149917603,0.9535573124885559,0.8828594088554382
YLR022C,YLL011W,0,-0.013534805,0.09863041341304779,0.9535573124885559,0.8829595446586609
YFR008W,YOR381W,0,-0.013540339,0.09862034022808075,0.9535573124885559,0.8830596804618835
YPR190C,YJL097W,0,-0.013544422,0.09861025959253311,0.9535573124885559,0.8831598162651062
YJL121C,YDL006W,0,-0.013544839,0.09860018640756607,0.9535573124885559,0.8832598924636841
YOR269W,YPL104W,0,-0.013546253,0.09859011322259903,0.9535573124885559,0.8833600282669067
YAR002C-A,YMR263W,0,-0.013562595,0.09858004003763199,0.9535573124885559,0.8834601640701294
YDR496C,YOR039W,0,-0.013567732,0.09856996685266495,0.9535573124885559,0.883560299873352
YGR052W,YOR353C,0,-0.013579937,0.0985599011182785,0.9535573124885559,0.8836603760719299
YDR364C,YGL147C,0,-0.013583206,0.09854983538389206,0.9535573124885559,0.8837605118751526
YOR337W,YDR420W,0,-0.013584228,0.09853976964950562,0.9535573124885559,0.8838606476783752
YAL033W,YOR131C,0,-0.013598689,0.09852971136569977,0.9535573124885559,0.8839607238769531
YOR393W,YHL020C,0,-0.013600724,0.09851965308189392,0.9535573124885559,0.8840608596801758
YMR020W,YDL130W-A,0,-0.0136068165,0.09850959479808807,0.9535573124885559,0.8841609954833984
YLR022C,YMR036C,0,-0.013615336,0.09849954396486282,0.9535573124885559,0.8842611312866211
YDR103W,YLR325C,0,-0.013623256,0.09848948568105698,0.9535573124885559,0.884361207485199
YIR032C,YKR013W,0,-0.013645351,0.09847943484783173,0.9535573124885559,0.8844613432884216
YLR048W,YLR301W,0,-0.013648771,0.09846939146518707,0.9535573124885559,0.8845614790916443
YIL039W,YDR144C,0,-0.013649328,0.09845934063196182,0.9535573124885559,0.8846616148948669
YLL042C,YDR331W,0,-0.013674654,0.09844929724931717,0.9535573124885559,0.8847616910934448
YNL128W,YDR079W,0,-0.013694525,0.09843925386667252,0.9535573124885559,0.8848618268966675
YIR011C,YHR181W,0,-0.013696743,0.09842921048402786,0.9535573124885559,0.8849619626998901
YAR031W,YPR133W-A,0,-0.013700845,0.0984191745519638,0.9535573124885559,0.8850620985031128
YNL110C,YJR089W,0,-0.0137047395,0.09840913861989975,0.9535573124885559,0.8851621747016907
YNL027W,YLR064W,0,-0.0137051875,0.0983991026878357,0.9535573124885559,0.8852623105049133
YOL119C,YPR002W,0,-0.013706449,0.09838906675577164,0.9535573124885559,0.885362446308136
YGR292W,YKL190W,0,-0.013731803,0.09837903827428818,0.9535573124885559,0.8854625821113586
YLR406C,YLR079W,0,-0.013756674,0.09836900979280472,0.9535573124885559,0.8855626583099365
YDR270W,YOR087W,1,-0.013761889,0.09846091270446777,0.9545454382896423,0.8855626583099365
YBL089W,YHR079C-A,0,-0.013765056,0.09845087677240372,0.9545454382896423,0.8856627941131592
YDL055C,YMR319C,0,-0.0137678515,0.09844084084033966,0.9545454382896423,0.8857629299163818
YER070W,YOR106W,0,-0.01376998,0.0984308123588562,0.9545454382896423,0.8858630061149597
YMR146C,YLL035W,0,-0.013775466,0.09842078387737274,0.9545454382896423,0.8859631419181824
YIL122W,YPR072W,0,-0.013779119,0.09841075539588928,0.9545454382896423,0.886063277721405
YLR378C,YHR160C,0,-0.01378534,0.09840073436498642,0.9545454382896423,0.8861634135246277
YHR141C,YOR340C,0,-0.013801258,0.09839071333408356,0.9545454382896423,0.8862634897232056
YIR018W,YEL022W,0,-0.013812063,0.0983806923031807,0.9545454382896423,0.8863636255264282
YPL051W,YER124C,0,-0.013821758,0.09837067127227783,0.9545454382896423,0.8864637613296509
YNL110C,YBR213W,0,-0.01383601,0.09836065769195557,0.9545454382896423,0.8865638971328735
YMR236W,YOR336W,0,-0.013852214,0.0983506441116333,0.9545454382896423,0.8866639733314514
YMR013C,YPL083C,0,-0.01387918,0.09834063053131104,0.9545454382896423,0.8867641091346741
YBR080C,YPR107C,0,-0.013880093,0.09833061695098877,0.9545454382896423,0.8868642449378967
YAL003W,YOL137W,0,-0.01388103,0.0983206108212471,0.9545454382896423,0.8869643807411194
YGR052W,YPL242C,0,-0.013886843,0.09831060469150543,0.9545454382896423,0.8870644569396973
YGL055W,YLR404W,0,-0.013893709,0.09830059856176376,0.9545454382896423,0.8871645927429199
YER002W,YGR276C,0,-0.013897356,0.09829059988260269,0.9545454382896423,0.8872647285461426
YNL257C,YDR279W,0,-0.013905959,0.09828060120344162,0.9545454382896423,0.8873648643493652
YOL056W,YGL100W,0,-0.013906209,0.09827060252428055,0.9545454382896423,0.8874649405479431
YPL147W,YPL047W,0,-0.013916765,0.09826060384511948,0.9545454382896423,0.8875650763511658
YPL122C,YAL020C,0,-0.013933738,0.098250612616539,0.9545454382896423,0.8876652121543884
YBR286W,YGL157W,0,-0.0139417015,0.09824062138795853,0.9545454382896423,0.8877653479576111
YGR109C,YDR238C,0,-0.013955617,0.09823063015937805,0.9545454382896423,0.887865424156189
YBR281C,YGL236C,0,-0.013956189,0.09822063893079758,0.9545454382896423,0.8879655599594116
YBR164C,YIR012W,0,-0.013971577,0.0982106551527977,0.9545454382896423,0.8880656957626343
YIR007W,YPL214C,0,-0.01399163,0.09820067137479782,0.9545454382896423,0.8881657719612122
YLL043W,YGR217W,1,-0.013993383,0.09829233586788177,0.9555336236953735,0.8881657719612122
YDL226C,YPR192W,0,-0.013998318,0.0982823446393013,0.9555336236953735,0.8882659077644348
YML112W,YPL027W,0,-0.014004413,0.09827236086130142,0.9555336236953735,0.8883660435676575
YGL060W,YLR116W,0,-0.014022742,0.09826236963272095,0.9555336236953735,0.8884661793708801
YKL182W,YDR454C,0,-0.014026595,0.09825238585472107,0.9555336236953735,0.888566255569458
YNL219C,YDR534C,0,-0.014034886,0.09824240207672119,0.9555336236953735,0.8886663913726807
YDR390C,YDR144C,0,-0.014040083,0.09823242574930191,0.9555336236953735,0.8887665271759033
YKR054C,YBR129C,0,-0.014044557,0.09822244942188263,0.9555336236953735,0.888866662979126
YLR298C,YNL090W,0,-0.0140538635,0.09821247309446335,0.9555336236953735,0.8889667391777039
YPL074W,YNL283C,0,-0.014063504,0.09820249676704407,0.9555336236953735,0.8890668749809265
YNL117W,YDL059C,0,-0.014086302,0.09819252789020538,0.9555336236953735,0.8891670107841492
YMR012W,YOR222W,0,-0.014097981,0.0981825590133667,0.9555336236953735,0.8892671465873718
YMR264W,YMR023C,0,-0.014099499,0.09817259013652802,0.9555336236953735,0.8893672227859497
YHL024W,YDR358W,0,-0.014111064,0.09816262125968933,0.9555336236953735,0.8894673585891724
YGR157W,YGR256W,0,-0.014113417,0.09815265983343124,0.9555336236953735,0.889567494392395
YOR243C,YDR478W,0,-0.0141199585,0.09814269840717316,0.9555336236953735,0.8896676301956177
YKL210W,YJL117W,0,-0.014128692,0.09813273698091507,0.9555336236953735,0.8897677063941956
YNL185C,YGL147C,0,-0.014147133,0.09812278300523758,0.9555336236953735,0.8898678421974182
YAL025C,YBR136W,0,-0.014148824,0.09811282157897949,0.9555336236953735,0.8899679780006409
YDR310C,YJL213W,0,-0.014153666,0.098102867603302,0.9555336236953735,0.8900680541992188
YNL223W,YPL187W,0,-0.014156569,0.09809292107820511,0.9555336236953735,0.8901681900024414
YGR108W,YOR381W,0,-0.014196937,0.09808296710252762,0.9555336236953735,0.8902683258056641
YJR067C,YER174C,0,-0.014222158,0.09807302057743073,0.9555336236953735,0.8903684616088867
YDL082W,YKR086W,0,-0.014223315,0.09806307405233383,0.9555336236953735,0.8904685378074646
YGR002C,YHL007C,0,-0.014226399,0.09805313497781754,0.9555336236953735,0.8905686736106873
YMR068W,YLR448W,0,-0.014258884,0.09804318845272064,0.9555336236953735,0.8906688094139099
YLR441C,YNL177C,0,-0.014259521,0.09803324937820435,0.9555336236953735,0.8907689452171326
YOR381W,YNL191W,0,-0.014268257,0.09802331775426865,0.9555336236953735,0.8908690214157104
YGR262C,YLR119W,0,-0.014275441,0.09801337867975235,0.9555336236953735,0.8909691572189331
YOR355W,YDL095W,0,-0.014276701,0.09800344705581665,0.9555336236953735,0.8910692930221558
YBR302C,YJL123C,0,-0.014298012,0.09799351543188095,0.9555336236953735,0.8911694288253784
YER117W,YLR132C,0,-0.014307732,0.09798358380794525,0.9555336236953735,0.8912695050239563
YNL292W,YIL126W,0,-0.014330916,0.09797365963459015,0.9555336236953735,0.891369640827179
YIR028W,YPR005C,0,-0.014340334,0.09796373546123505,0.9555336236953735,0.8914697766304016
YDR153C,YML109W,0,-0.014342504,0.09795381128787994,0.9555336236953735,0.8915699124336243
YCR027C,YPL157W,0,-0.014372121,0.09794388711452484,0.9555336236953735,0.8916699886322021
YKL007W,YLR425W,0,-0.014374025,0.09793397039175034,0.9555336236953735,0.8917701244354248
YKL024C,YKL082C,0,-0.014375605,0.09792405366897583,0.9555336236953735,0.8918702602386475
YEL043W,YJL176C,0,-0.014377426,0.09791413694620132,0.9555336236953735,0.8919703364372253
YBL020W,YGL068W,0,-0.014412325,0.09790422022342682,0.9555336236953735,0.892070472240448
YPL188W,YCR098C,0,-0.014416877,0.09789431095123291,0.9555336236953735,0.8921706080436707
YFL024C,YGR216C,0,-0.014420758,0.097884401679039,0.9555336236953735,0.8922707438468933
YJR099W,YBR058C,0,-0.01444352,0.09787449240684509,0.9555336236953735,0.8923708200454712
YKL190W,YMR115W,0,-0.014450306,0.09786459058523178,0.9555336236953735,0.8924709558486938
YGL253W,YFR033C,0,-0.014454143,0.09785468876361847,0.9555336236953735,0.8925710916519165
YGR271W,YNL097C,0,-0.014478609,0.09784478694200516,0.9555336236953735,0.8926712274551392
YJL074C,YJR065C,0,-0.0144809205,0.09783488512039185,0.9555336236953735,0.892771303653717
YMR231W,YPL270W,0,-0.014483282,0.09782499074935913,0.9555336236953735,0.8928714394569397
YDR346C,YDL030W,0,-0.014484884,0.09781508892774582,0.9555336236953735,0.8929715752601624
YGR279C,YKR038C,0,-0.014486261,0.0978052020072937,0.9555336236953735,0.893071711063385
YJL056C,YML091C,0,-0.014490025,0.09779530763626099,0.9555336236953735,0.8931717872619629
YGL068W,YAL021C,0,-0.014502775,0.09778542071580887,0.9555336236953735,0.8932719230651855
YIL004C,YBL052C,0,-0.014509376,0.09777553379535675,0.9555336236953735,0.8933720588684082
YDR067C,YNL153C,0,-0.0145107545,0.09776564687490463,0.9555336236953735,0.8934721946716309
YJL192C,YJR160C,0,-0.014513832,0.09775575995445251,0.9555336236953735,0.8935722708702087
YOR234C,YCL014W,0,-0.0145156775,0.097745880484581,0.9555336236953735,0.8936724066734314
YML007W,YGR229C,0,-0.014526637,0.09773600101470947,0.9555336236953735,0.893772542476654
YDR440W,YIL049W,0,-0.014536314,0.09772612154483795,0.9555336236953735,0.8938726186752319
YOR329C,YDR229W,0,-0.014542129,0.09771624952554703,0.9555336236953735,0.8939727544784546
YDL226C,YLR066W,0,-0.014542587,0.0977063775062561,0.9555336236953735,0.8940728902816772
YGL179C,YNL197C,0,-0.014563031,0.09769650548696518,0.9555336236953735,0.8941730260848999
YKR009C,YER056C-A,0,-0.0145769045,0.09768663346767426,0.9555336236953735,0.8942731022834778
YJL214W,YEL038W,0,-0.014580827,0.09767676889896393,0.9555336236953735,0.8943732380867004
YGL169W,YDR170C,0,-0.014587715,0.0976669043302536,0.9555336236953735,0.8944733738899231
YGL012W,YBL093C,0,-0.014595022,0.09765703976154327,0.9555336236953735,0.8945735096931458
YMR198W,YIL128W,0,-0.01459699,0.09764717519283295,0.9555336236953735,0.8946735858917236
YOR338W,YOR304C-A,0,-0.014597421,0.09763731807470322,0.9555336236953735,0.8947737216949463
YAR031W,YGR152C,0,-0.0146095995,0.09762746095657349,0.9555336236953735,0.894873857498169
YKL166C,YDL231C,0,-0.01460991,0.09761760383844376,0.9555336236953735,0.8949739933013916
YFR044C,YMR005W,0,-0.014612922,0.09760775417089462,0.9555336236953735,0.8950740694999695
YDL049C,YDL042C,0,-0.014623091,0.09759789705276489,0.9555336236953735,0.8951742053031921
YGR101W,YEL011W,0,-0.014664034,0.09758805483579636,0.9555336236953735,0.8952743411064148
YOR391C,YBR136W,0,-0.014670913,0.09757820516824722,0.9555336236953735,0.8953744769096375
YDL197C,YFR013W,0,-0.014673997,0.09756835550069809,0.9555336236953735,0.8954745531082153
YJL008C,YGL135W,0,-0.014674142,0.09755851328372955,0.9555336236953735,0.895574688911438
YNL101W,YOL080C,0,-0.014679275,0.09754867106676102,0.9555336236953735,0.8956748247146606
YEL017C-A,YJL108C,0,-0.0146842245,0.09753883630037308,0.9555336236953735,0.8957749009132385
YHR129C,YHR168W,0,-0.014699623,0.09752899408340454,0.9555336236953735,0.8958750367164612
YDL184C,YDL192W,0,-0.014707617,0.0975191593170166,0.9555336236953735,0.8959751725196838
YPL060W,YCR027C,1,-0.014715582,0.09761016070842743,0.95652174949646,0.8959751725196838
YCR068W,YDR329C,0,-0.014715813,0.09760032594203949,0.95652174949646,0.8960753083229065
YPL007C,YOR085W,0,-0.014725484,0.09759048372507095,0.95652174949646,0.8961753845214844
YDR182W,YNL191W,0,-0.014759034,0.09758064150810242,0.95652174949646,0.896275520324707
YFL036W,YNL162W,0,-0.01477018,0.09757080674171448,0.95652174949646,0.8963756561279297
YGL187C,YPL038W,0,-0.014771622,0.09756097197532654,0.95652174949646,0.8964757919311523
YIL070C,YOR304W,0,-0.01482437,0.0975511446595192,0.95652174949646,0.8965758681297302
YGR143W,YNL027W,0,-0.014832756,0.09754131734371185,0.95652174949646,0.8966760039329529
YJR070C,YKL198C,0,-0.014852682,0.09753148257732391,0.95652174949646,0.8967761397361755
YBR278W,YIR038C,0,-0.014857002,0.09752166271209717,0.95652174949646,0.8968762755393982
YOL109W,YPR185W,0,-0.014858687,0.09751183539628983,0.95652174949646,0.8969763517379761
YEL071W,YLR213C,0,-0.014859247,0.09750201553106308,0.95652174949646,0.8970764875411987
YBL093C,YJL184W,0,-0.014877439,0.09749219566583633,0.95652174949646,0.8971766233444214
YBL061C,YDR416W,0,-0.014881643,0.09748237580060959,0.95652174949646,0.897276759147644
YHR081W,YMR060C,0,-0.014893688,0.09747256338596344,0.95652174949646,0.8973768353462219
YMR128W,YGR271W,0,-0.014902413,0.0974627435207367,0.95652174949646,0.8974769711494446
YGR062C,YLL008W,0,-0.014902756,0.09745293110609055,0.95652174949646,0.8975771069526672
YML034W,YDR460W,0,-0.014910482,0.097443126142025,0.95652174949646,0.8976771831512451
YNL185C,YCL008C,0,-0.014913184,0.09743331372737885,0.95652174949646,0.8977773189544678
YDR351W,YGL097W,0,-0.014914386,0.0974235087633133,0.95652174949646,0.8978774547576904
YJR047C,YMR271C,0,-0.014930334,0.09741370379924774,0.95652174949646,0.8979775905609131
YHR123W,YDR299W,0,-0.01494991,0.09740390628576279,0.95652174949646,0.898077666759491
YHR098C,YCR094W,0,-0.014955461,0.09739410132169724,0.95652174949646,0.8981778025627136
YLL040C,YHR174W,0,-0.014966661,0.09738430380821228,0.95652174949646,0.8982779383659363
YKL064W,YOR381W,1,-0.014982529,0.09747510403394699,0.9575098752975464,0.8982779383659363
YGL055W,YDR387C,0,-0.0149876475,0.09746529906988144,0.9575098752975464,0.8983780741691589
YBR182C,YKL168C,0,-0.014991015,0.09745549410581589,0.9575098752975464,0.8984781503677368
YMR083W,YPR125W,0,-0.014991671,0.09744569659233093,0.9575098752975464,0.8985782861709595
YCL031C,YMR116C,0,-0.014997192,0.09743589907884598,0.9575098752975464,0.8986784219741821
YMR273C,YNL261W,0,-0.015006725,0.09742610156536102,0.9575098752975464,0.8987785577774048
YNR047W,YNL331C,0,-0.0150075145,0.09741630405187607,0.9575098752975464,0.8988786339759827
YEL002C,YFR013W,0,-0.015012797,0.09740651398897171,0.9575098752975464,0.8989787697792053
YDR119W,YNL151C,0,-0.015026495,0.09739672392606735,0.9575098752975464,0.899078905582428
YNL128W,YJR144W,0,-0.015028754,0.097386933863163,0.9575098752975464,0.8991790413856506
YNR060W,YER013W,0,-0.015055282,0.09737715125083923,0.9575098752975464,0.8992791175842285
YIL157C,YNL083W,0,-0.01505531,0.09736736118793488,0.9575098752975464,0.8993792533874512
YLR224W,YER095W,0,-0.015056621,0.09735757857561111,0.9575098752975464,0.8994793891906738
YGR257C,YGR191W,1,-0.015074274,0.09744825959205627,0.9584980010986328,0.8994793891906738
YPL230W,YOL006C,0,-0.015082674,0.09743846952915192,0.9584980010986328,0.8995795249938965
YIR022W,YOL016C,0,-0.0150870485,0.09742868691682816,0.9584980010986328,0.8996796011924744
YIL162W,YJL091C,0,-0.015095282,0.0974189043045044,0.9584980010986328,0.899779736995697
YNL027W,YFR001W,0,-0.015103437,0.09740912169218063,0.9584980010986328,0.8998798727989197
YKR067W,YKL125W,0,-0.015133087,0.09739933907985687,0.9584980010986328,0.8999799489974976
YOR232W,YMR321C,0,-0.015146641,0.09738955646753311,0.9584980010986328,0.9000800848007202
YAL032C,YDR312W,0,-0.015156131,0.09737978130578995,0.9584980010986328,0.9001802206039429
YMR236W,YJL030W,0,-0.015162616,0.09737000614404678,0.9584980010986328,0.9002803564071655
YKL186C,YJL191W,0,-0.015162962,0.09736023098230362,0.9584980010986328,0.9003804326057434
YKR094C,YPR026W,0,-0.015216682,0.09735046327114105,0.9584980010986328,0.9004805684089661
YOR355W,YIL080W,0,-0.015221171,0.09734069555997849,0.9584980010986328,0.9005807042121887
YNL302C,YKR001C,0,-0.015223257,0.09733092784881592,0.9584980010986328,0.9006808400154114
YKL064W,YBR106W,1,-0.015229911,0.09742148965597153,0.959486186504364,0.9006808400154114
YLR340W,YOR020C,0,-0.015233375,0.09741171449422836,0.959486186504364,0.9007809162139893
YOR054C,YBR261C,0,-0.01524296,0.0974019467830658,0.959486186504364,0.9008810520172119
YCL036W,YFR033C,0,-0.01524305,0.09739217907190323,0.959486186504364,0.9009811878204346
YPL101W,YHR085W,0,-0.015246369,0.09738241136074066,0.959486186504364,0.9010813236236572
YKL139W,YJL082W,0,-0.015248405,0.0973726436495781,0.959486186504364,0.9011813998222351
YMR221C,YMR300C,0,-0.015252732,0.09736288338899612,0.959486186504364,0.9012815356254578
YJR019C,YJL219W,0,-0.015257029,0.09735311567783356,0.959486186504364,0.9013816714286804
YDR264C,YMR307W,0,-0.015259536,0.09734335541725159,0.959486186504364,0.9014818072319031
YJR064W,YJL194W,0,-0.01526645,0.09733360260725021,0.959486186504364,0.901581883430481
YBR020W,YMR168C,0,-0.015293183,0.09732384234666824,0.959486186504364,0.9016820192337036
YAR002C-A,YDR265W,0,-0.015307704,0.09731408953666687,0.959486186504364,0.9017821550369263
YDR465C,YHR206W,0,-0.015309777,0.0973043367266655,0.959486186504364,0.9018822312355042
YOR384W,YPL060W,1,-0.015330032,0.09739478677511215,0.9604743123054504,0.9018822312355042
YMR004W,YHL013C,0,-0.015335167,0.09738503396511078,0.9604743123054504,0.9019823670387268
YDR251W,YMR104C,0,-0.015342049,0.09737527370452881,0.9604743123054504,0.9020825028419495
YCL052C,YDR242W,0,-0.0153454505,0.09736552089452744,0.9604743123054504,0.9021826386451721
YIL078W,YBR041W,0,-0.015369329,0.09735576808452606,0.9604743123054504,0.90228271484375
YMR239C,YMR024W,0,-0.015378976,0.09734602272510529,0.9604743123054504,0.9023828506469727
YBR294W,YDR460W,0,-0.015396439,0.09733626991510391,0.9604743123054504,0.9024829864501953
YMR243C,YKR052C,1,-0.015397323,0.0974266529083252,0.9614624381065369,0.9024829864501953
YGL183C,YNL153C,0,-0.015445583,0.09741690009832382,0.9614624381065369,0.902583122253418
YDL019C,YJR094W-A,0,-0.015456282,0.09740714728832245,0.9614624381065369,0.9026831984519958
YDL051W,YNL213C,0,-0.01548375,0.09739739447832108,0.9614624381065369,0.9027833342552185
YGR145W,YNL311C,0,-0.0154944295,0.0973876491189003,0.9614624381065369,0.9028834700584412
YJL066C,YIL108W,0,-0.015495621,0.09737790375947952,0.9614624381065369,0.9029836058616638
YHR184W,YNL071W,0,-0.015498923,0.09736815840005875,0.9614624381065369,0.9030836820602417
YPR023C,YJR029W,0,-0.0155000165,0.09735841304063797,0.9614624381065369,0.9031838178634644
YBR152W,YKL206C,0,-0.015518621,0.09734867513179779,0.9614624381065369,0.903283953666687
YNL069C,YDR424C,0,-0.015539613,0.09733893722295761,0.9614624381065369,0.9033840894699097
YER054C,YHR179W,0,-0.0155413225,0.09732919931411743,0.9614624381065369,0.9034841656684875
YOR054C,YNL309W,0,-0.015554805,0.09731946140527725,0.9614624381065369,0.9035843014717102
YGL210W,YBR133C,0,-0.015558185,0.09730973094701767,0.9614624381065369,0.9036844372749329
YPL065W,YLR024C,0,-0.015559325,0.09730000048875809,0.9614624381065369,0.9037845134735107
YDR416W,YLR242C,0,-0.01556416,0.0972902700304985,0.9614624381065369,0.9038846492767334
YKL065C,YMR090W,0,-0.015572272,0.09728054702281952,0.9614624381065369,0.903984785079956
YDR034C,YDR489W,0,-0.015576701,0.09727081656455994,0.9614624381065369,0.9040849208831787
YGL079W,YJL008C,0,-0.015578859,0.09726109355688095,0.9614624381065369,0.9041849970817566
YDR326C,YNL304W,0,-0.015585564,0.09725137799978256,0.9614624381065369,0.9042851328849792
YKL218C,YGL166W,0,-0.015585827,0.09724165499210358,0.9614624381065369,0.9043852686882019
YCR046C,YLR308W,0,-0.015591247,0.09723193943500519,0.9614624381065369,0.9044854044914246
YLR370C,YPR192W,0,-0.015595028,0.0972222238779068,0.9614624381065369,0.9045854806900024
YLR208W,YIL131C,0,-0.015598927,0.09721250832080841,0.9614624381065369,0.9046856164932251
YHL040C,YGL022W,0,-0.015599826,0.09720280021429062,0.9614624381065369,0.9047857522964478
YBR120C,YML118W,0,-0.01560081,0.09719308465719223,0.9614624381065369,0.9048858880996704
YDL047W,YLR088W,0,-0.015602395,0.09718337655067444,0.9614624381065369,0.9049859642982483
YER035W,YMR292W,0,-0.01561871,0.09717367589473724,0.9614624381065369,0.905086100101471
YOR073W,YJR045C,0,-0.015634768,0.09716396778821945,0.9614624381065369,0.9051862359046936
YKR003W,YBR156C,0,-0.015658747,0.09715426713228226,0.9614624381065369,0.9052863717079163
YLL023C,YDR059C,0,-0.015660256,0.09714456647634506,0.9614624381065369,0.9053864479064941
YGR275W,YLR272C,0,-0.015661372,0.09713487327098846,0.9614624381065369,0.9054865837097168
YML060W,YGL130W,0,-0.015669823,0.09712517261505127,0.9614624381065369,0.9055867195129395
YDR067C,YNR022C,0,-0.015671527,0.09711547940969467,0.9614624381065369,0.9056867957115173
YGL244W,YML052W,0,-0.015702937,0.09710578620433807,0.9614624381065369,0.90578693151474
YER025W,YDR288W,0,-0.015716963,0.09709610044956207,0.9614624381065369,0.9058870673179626
YAL029C,YML104C,0,-0.015719125,0.09708640724420547,0.9614624381065369,0.9059872031211853
YPR182W,YMR019W,0,-0.015728002,0.09707672148942947,0.9614624381065369,0.9060872793197632
YLL039C,YGR275W,0,-0.015745722,0.09706703573465347,0.9614624381065369,0.9061874151229858
YDR487C,YBR070C,0,-0.015776565,0.09705735743045807,0.9614624381065369,0.9062875509262085
YJR126C,YGR140W,0,-0.015784424,0.09704767912626266,0.9614624381065369,0.9063876867294312
YLR340W,YDR296W,0,-0.015799377,0.09703800082206726,0.9614624381065369,0.906487762928009
YJR014W,YJL091C,0,-0.01581286,0.09702832251787186,0.9614624381065369,0.9065878987312317
YCR027C,YBR024W,1,-0.015850367,0.09711835533380508,0.9624505639076233,0.9065878987312317
YJL099W,YMR190C,0,-0.01585254,0.09710867702960968,0.9624505639076233,0.9066880345344543
YGR098C,YBL102W,0,-0.015854135,0.09709899127483368,0.9624505639076233,0.906788170337677
YLR266C,YKL041W,0,-0.015889304,0.09708931297063828,0.9624505639076233,0.9068882465362549
YCL036W,YPR101W,0,-0.015890326,0.09707963466644287,0.9624505639076233,0.9069883823394775
YBR171W,YOR118W,0,-0.015898123,0.09706996381282806,0.9624505639076233,0.9070885181427002
YLR027C,YDR097C,0,-0.015910847,0.09706028550863266,0.9624505639076233,0.9071886539459229
YOL038W,YBR172C,0,-0.015921574,0.09705061465501785,0.9624505639076233,0.9072887301445007
YGL037C,YFL003C,0,-0.015931217,0.09704095125198364,0.9624505639076233,0.9073888659477234
YBR291C,YBL042C,0,-0.015942356,0.09703128039836884,0.9624505639076233,0.907489001750946
YKL210W,YOR237W,0,-0.015943505,0.09702161699533463,0.9624505639076233,0.9075890779495239
YOR329C,YLR393W,0,-0.015958928,0.09701195359230042,0.9624505639076233,0.9076892137527466
YFL050C,YDR419W,0,-0.015958946,0.0970022901892662,0.9624505639076233,0.9077893495559692
YNR028W,YDR011W,0,-0.01596245,0.09699263423681259,0.9624505639076233,0.9078894853591919
YOR355W,YML114C,0,-0.015963055,0.09698297083377838,0.9624505639076233,0.9079895615577698
YPR031W,YKR019C,0,-0.015964143,0.09697331488132477,0.9624505639076233,0.9080896973609924
YHR209W,YBR079C,0,-0.015970018,0.09696366637945175,0.9624505639076233,0.9081898331642151
YDL052C,YJL203W,0,-0.015971724,0.09695401042699814,0.9624505639076233,0.9082899689674377
YOL117W,YDL227C,0,-0.015988104,0.09694436192512512,0.9624505639076233,0.9083900451660156
YPL051W,YML129C,0,-0.016006399,0.0969347134232521,0.9624505639076233,0.9084901809692383
YOR171C,YPL223C,0,-0.016007718,0.09692506492137909,0.9624505639076233,0.9085903167724609
YOL002C,YEL040W,0,-0.016012441,0.09691542387008667,0.9624505639076233,0.9086904525756836
YLR406C,YMR321C,0,-0.016017657,0.09690578281879425,0.9624505639076233,0.9087905287742615
YHR030C,YPR140W,0,-0.016018149,0.09689614176750183,0.9624505639076233,0.9088906645774841
YKL007W,YNL314W,0,-0.016018692,0.09688650071620941,0.9624505639076233,0.9089908003807068
YHR083W,YNR075W,0,-0.01602684,0.09687686711549759,0.9624505639076233,0.9090909361839294
YDR130C,YDR116C,0,-0.01602809,0.09686723351478577,0.9624505639076233,0.9091910123825073
YML094W,YHR044C,0,-0.016031262,0.09685759991407394,0.9624505639076233,0.90929114818573
YOR089C,YGR008C,0,-0.016038667,0.09684796631336212,0.9624505639076233,0.9093912839889526
YGL135W,YJL154C,0,-0.016069017,0.0968383401632309,0.9624505639076233,0.9094913601875305
YLR182W,YPR072W,0,-0.016070647,0.09682871401309967,0.9624505639076233,0.9095914959907532
YBR203W,YMR065W,0,-0.016073678,0.09681908786296844,0.9624505639076233,0.9096916317939758
YGL077C,YBR207W,1,-0.016100125,0.09690885245800018,0.9634387493133545,0.9096916317939758
YPL195W,YHR181W,0,-0.016123451,0.09689922630786896,0.9634387493133545,0.9097917675971985
YBR291C,YOR079C,1,-0.0161257,0.0969889685511589,0.9644268751144409,0.9097917675971985
YLR403W,YPR030W,0,-0.016127534,0.09697933495044708,0.9644268751144409,0.9098918437957764
YIL073C,YER044C,0,-0.016130062,0.09696969389915466,0.9644268751144409,0.909991979598999
YHR051W,YGL089C,0,-0.016152753,0.09696006029844284,0.9644268751144409,0.9100921154022217
YDR487C,YCR098C,0,-0.016155366,0.09695043414831161,0.9644268751144409,0.9101922512054443
YML036W,YGL190C,0,-0.016157873,0.09694080054759979,0.9644268751144409,0.9102923274040222
YPL003W,YJR161C,0,-0.016158635,0.09693117439746857,0.9644268751144409,0.9103924632072449
YJL106W,YLR079W,0,-0.01617801,0.09692154824733734,0.9644268751144409,0.9104925990104675
YCL036W,YDR126W,0,-0.01618374,0.09691192209720612,0.9644268751144409,0.9105927348136902
YEL064C,YNL135C,0,-0.016186109,0.09690230339765549,0.9644268751144409,0.9106928110122681
YIL145C,YDR097C,0,-0.01618851,0.09689268469810486,0.9644268751144409,0.9107929468154907
YPL249C-A,YMR228W,0,-0.016194083,0.09688306599855423,0.9644268751144409,0.9108930826187134
YGR185C,YJR101W,0,-0.016209945,0.0968734472990036,0.9644268751144409,0.910993218421936
YPL122C,YKL183W,0,-0.016210837,0.09686383605003357,0.9644268751144409,0.9110932946205139
YER091C,YER094C,0,-0.016230103,0.09685422480106354,0.9644268751144409,0.9111934304237366
YLL005C,YMR088C,0,-0.016249018,0.0968446135520935,0.9644268751144409,0.9112935662269592
YER165W,YPL090C,0,-0.01626065,0.09683500230312347,0.9644268751144409,0.9113937020301819
YBR291C,YKL080W,1,-0.016263977,0.09692460298538208,0.9654150009155273,0.9113937020301819
YMR306W,YDR088C,0,-0.01628954,0.09691499173641205,0.9654150009155273,0.9114937782287598
YGR224W,YKL016C,1,-0.016306378,0.09700456261634827,0.9664031863212585,0.9114937782287598
YDR153C,YBR213W,0,-0.016331531,0.09699494391679764,0.9664031863212585,0.9115939140319824
YJR133W,YGR175C,0,-0.016333677,0.09698532521724701,0.9664031863212585,0.9116940498352051
YHR207C,YOL100W,0,-0.016338335,0.09697570651769638,0.9664031863212585,0.911794126033783
YLR219W,YNL314W,0,-0.016354661,0.09696609526872635,0.9664031863212585,0.9118942618370056
YDR173C,YDR011W,0,-0.016379194,0.09695647656917572,0.9664031863212585,0.9119943976402283
YPL217C,YDL212W,0,-0.016389927,0.09694686532020569,0.9664031863212585,0.9120945334434509
YPL139C,YJL063C,0,-0.016404498,0.09693726152181625,0.9664031863212585,0.9121946096420288
YNL010W,YMR246W,0,-0.016409853,0.09692765027284622,0.9664031863212585,0.9122947454452515
YDR373W,YMR184W,0,-0.016412795,0.09691804647445679,0.9664031863212585,0.9123948812484741
YOR148C,YPL069C,0,-0.0164182,0.09690844267606735,0.9664031863212585,0.9124950170516968
YDR418W,YBR070C,0,-0.01643952,0.09689883887767792,0.9664031863212585,0.9125950932502747
YML005W,YJL118W,0,-0.016447926,0.09688924252986908,0.9664031863212585,0.9126952290534973
YKL146W,YGR027C,0,-0.016448349,0.09687964618206024,0.9664031863212585,0.91279536485672
YDR014W,YOL097C,0,-0.016462322,0.0968700498342514,0.9664031863212585,0.9128955006599426
YLL002W,YBR142W,0,-0.016462615,0.09686045348644257,0.9664031863212585,0.9129955768585205
YIL122W,YDR144C,0,-0.016463049,0.09685086458921432,0.9664031863212585,0.9130957126617432
YMR038C,YGL139W,1,-0.016466442,0.0969402939081192,0.967391312122345,0.9130957126617432
YPR001W,YMR246W,0,-0.016513633,0.09693069010972977,0.967391312122345,0.9131958484649658
YMR241W,YNR049C,0,-0.01652262,0.09692109376192093,0.967391312122345,0.9132959842681885
YML106W,YDL236W,0,-0.016524617,0.09691150486469269,0.967391312122345,0.9133960604667664
YDR082W,YJR010W,0,-0.016535176,0.09690190851688385,0.967391312122345,0.913496196269989
YBR283C,YHR179W,0,-0.016536249,0.09689231961965561,0.967391312122345,0.9135963320732117
YDR291W,YER087C-B,0,-0.016542464,0.09688273072242737,0.967391312122345,0.9136964082717896
YOR174W,YBR057C,0,-0.01656474,0.09687314182519913,0.967391312122345,0.9137965440750122
YPL031C,YLR336C,0,-0.016569193,0.09686356037855148,0.967391312122345,0.9138966798782349
YLR045C,YNL224C,0,-0.016612165,0.09685397893190384,0.967391312122345,0.9139968156814575
YDR096W,YLR305C,0,-0.016636264,0.0968443974852562,0.967391312122345,0.9140968918800354
YOR228C,YHL018W,0,-0.016641501,0.09683481603860855,0.967391312122345,0.9141970276832581
YJR040W,YBR106W,1,-0.0166464,0.09692414104938507,0.9683794379234314,0.9141970276832581
YML116W,YDR329C,0,-0.016656583,0.09691455960273743,0.9683794379234314,0.9142971634864807
YDR356W,YJR060W,0,-0.016661957,0.09690497070550919,0.9683794379234314,0.9143972992897034
YML039W,YIL117C,0,-0.016667454,0.09689538925886154,0.9683794379234314,0.9144973754882812
YKR003W,YPL091W,0,-0.01668334,0.0968858152627945,0.9683794379234314,0.9145975112915039
YMR088C,YLR342W,0,-0.01669614,0.09687623381614685,0.9683794379234314,0.9146976470947266
YLR319C,YOR270C,0,-0.01670722,0.0968666598200798,0.9683794379234314,0.9147977828979492
YIL117C,YER070W,0,-0.016714348,0.09685708582401276,0.9683794379234314,0.9148978590965271
YLR208W,YKL161C,0,-0.01671678,0.09684751182794571,0.9683794379234314,0.9149979948997498
YDR507C,YMR287C,0,-0.016742073,0.09683794528245926,0.9683794379234314,0.9150981307029724
YER165W,YBR022W,0,-0.016745534,0.09682837873697281,0.9683794379234314,0.9151982665061951
YDR461W,YAL054C,0,-0.016763002,0.09681881219148636,0.9683794379234314,0.915298342704773
YNR075W,YNL283C,0,-0.01680105,0.09680924564599991,0.9683794379234314,0.9153984785079956
YGR089W,YLL003W,0,-0.016812837,0.09679968655109406,0.9683794379234314,0.9154986143112183
YIL017C,YGR175C,0,-0.016823715,0.0967901200056076,0.9683794379234314,0.9155986905097961
YPL024W,YDR313C,0,-0.01682517,0.09678056836128235,0.9683794379234314,0.9156988263130188
YOR124C,YIL131C,0,-0.016831845,0.0967710092663765,0.9683794379234314,0.9157989621162415
YKL166C,YPL129W,0,-0.016845137,0.09676145017147064,0.9683794379234314,0.9158990979194641
YJR032W,YHR059W,0,-0.01684802,0.09675189852714539,0.9683794379234314,0.915999174118042
YOR393W,YDR263C,0,-0.016856087,0.09674234688282013,0.9683794379234314,0.9160993099212646
YOL108C,YKL012W,0,-0.016870445,0.09673280268907547,0.9683794379234314,0.9161994457244873
YJL095W,YJR160C,0,-0.016873404,0.09672325104475021,0.9683794379234314,0.91629958152771
YOR211C,YKL082C,0,-0.016874265,0.09671370685100555,0.9683794379234314,0.9163996577262878
YLR151C,YNL097C,0,-0.016904142,0.0967041626572609,0.9683794379234314,0.9164997935295105
YAL033W,YBR128C,0,-0.016913049,0.09669462591409683,0.9683794379234314,0.9165999293327332
YCL027W,YNL290W,0,-0.016924655,0.09668508172035217,0.9683794379234314,0.9167000651359558
YDL133C-A,YEL029C,0,-0.016931616,0.09667554497718811,0.9683794379234314,0.9168001413345337
YHR021C,YGL257C,0,-0.016937643,0.09666600823402405,0.9683794379234314,0.9169002771377563
YLR009W,YMR292W,0,-0.017023392,0.09665647149085999,0.9683794379234314,0.917000412940979
YJR152W,YLR390W,0,-0.017024381,0.09664694219827652,0.9683794379234314,0.9171005487442017
YDR285W,YDL104C,0,-0.017056972,0.09663741290569305,0.9683794379234314,0.9172006249427795
YHR089C,YBL003C,0,-0.017076148,0.09662788361310959,0.9683794379234314,0.9173007607460022
YDR237W,YKL143W,0,-0.017082157,0.09661835432052612,0.9683794379234314,0.9174008965492249
YBR286W,YKR018C,0,-0.01709253,0.09660883247852325,0.9683794379234314,0.9175009727478027
YNR041C,YML106W,0,-0.017107882,0.09659931063652039,0.9683794379234314,0.9176011085510254
YHR099W,YBR261C,0,-0.017108865,0.09658978879451752,0.9683794379234314,0.917701244354248
YGL170C,YJL191W,0,-0.017114252,0.09658026695251465,0.9683794379234314,0.9178013801574707
YDR285W,YDL130W,0,-0.017117972,0.09657075256109238,0.9683794379234314,0.9179014563560486
YLR318W,YPR030W,0,-0.017147057,0.0965612381696701,0.9683794379234314,0.9180015921592712
YHR079C,YML060W,0,-0.01715155,0.09655172377824783,0.9683794379234314,0.9181017279624939
YPR190C,YBL054W,0,-0.017152335,0.09654220938682556,0.9683794379234314,0.9182018637657166
YBR024W,YDR103W,0,-0.01715735,0.09653270244598389,0.9683794379234314,0.9183019399642944
YKL154W,YMR270C,0,-0.017178554,0.09652319550514221,0.9683794379234314,0.9184020757675171
YLL052C,YER171W,0,-0.017184036,0.09651368856430054,0.9683794379234314,0.9185022115707397
YMR004W,YLR401C,0,-0.017186832,0.09650418162345886,0.9683794379234314,0.9186023473739624
YPR128C,YLL048C,1,-0.017204456,0.09659314900636673,0.9693675637245178,0.9186023473739624
YPR048W,YER168C,0,-0.017212396,0.09658363461494446,0.9693675637245178,0.9187024235725403
YDR322C-A,YER069W,0,-0.017225327,0.09657412767410278,0.9693675637245178,0.9188025593757629
YLR045C,YGR258C,0,-0.017238278,0.09656462073326111,0.9693675637245178,0.9189026951789856
YDL045W-A,YLR066W,0,-0.017242253,0.09655512124300003,0.9693675637245178,0.9190028309822083
YFL039C,YBR274W,0,-0.01724511,0.09654561430215836,0.9693675637245178,0.9191029071807861
YML032C,YKL137W,0,-0.017246198,0.09653611481189728,0.9693675637245178,0.9192030429840088
YNL257C,YPL011C,0,-0.017250348,0.0965266153216362,0.9693675637245178,0.9193031787872314
YLR240W,YML099C,0,-0.01725135,0.09651711583137512,0.9693675637245178,0.9194032549858093
YNL003C,YDL069C,0,-0.017303448,0.09650762379169464,0.9693675637245178,0.919503390789032
YMR025W,YER001W,0,-0.017314704,0.09649813175201416,0.9693675637245178,0.9196035265922546
YEL004W,YDL192W,0,-0.017317545,0.09648863971233368,0.9693675637245178,0.9197036623954773
YLR034C,YJR034W,0,-0.017347455,0.0964791476726532,0.9693675637245178,0.9198037385940552
YHR102W,YBR288C,0,-0.017365817,0.09646966308355331,0.9693675637245178,0.9199038743972778
YMR160W,YOR256C,0,-0.017376281,0.09646017849445343,0.9693675637245178,0.9200040102005005
YER185W,YOR361C,0,-0.017381996,0.09645069390535355,0.9693675637245178,0.9201041460037231
YLR027C,YBR200W,0,-0.017409232,0.09644120931625366,0.9693675637245178,0.920204222202301
YDL020C,YIL108W,0,-0.017412614,0.09643173217773438,0.9693675637245178,0.9203043580055237
YGR118W,YDR121W,0,-0.017477121,0.09642225503921509,0.9693675637245178,0.9204044938087463
YBL009W,YIR008C,0,-0.01748577,0.0964127779006958,0.9693675637245178,0.920504629611969
YER088C,YIL099W,0,-0.017489692,0.09640330076217651,0.9693675637245178,0.9206047058105469
YHR051W,YBR081C,0,-0.01749612,0.09639383107423782,0.9693675637245178,0.9207048416137695
YLR205C,YGR194C,0,-0.017514708,0.09638436138629913,0.9693675637245178,0.9208049774169922
YLR372W,YHL007C,0,-0.01754488,0.09637489169836044,0.9693675637245178,0.9209051132202148
YNL148C,YNL280C,0,-0.017550925,0.09636542201042175,0.9693675637245178,0.9210051894187927
YKR019C,YOR311C,0,-0.017553056,0.09635595977306366,0.9693675637245178,0.9211053252220154
YEL069C,YFR004W,0,-0.017563865,0.09634649753570557,0.9693675637245178,0.921205461025238
YPL028W,YOR095C,0,-0.017570209,0.09633703529834747,0.9693675637245178,0.9213055372238159
YJR112W,YCR077C,0,-0.017583512,0.09632757306098938,0.9693675637245178,0.9214056730270386
YJR001W,YMR116C,0,-0.017588198,0.09631811827421188,0.9693675637245178,0.9215058088302612
YLL009C,YLL015W,1,-0.017590279,0.09640683233737946,0.970355749130249,0.9215058088302612
YJL133W,YNL131W,0,-0.01760025,0.09639737010002136,0.970355749130249,0.9216059446334839
YLR264W,YDR140W,0,-0.017600697,0.09638790786266327,0.970355749130249,0.9217060208320618
YNL236W,YPL122C,0,-0.01761971,0.09637844562530518,0.970355749130249,0.9218061566352844
YJR017C,YMR176W,0,-0.017624144,0.09636899083852768,0.970355749130249,0.9219062924385071
YML116W,YCL033C,0,-0.017625704,0.09635953605175018,0.970355749130249,0.9220064282417297
YDR016C,YPR165W,0,-0.017634802,0.09635008126497269,0.970355749130249,0.9221065044403076
YDR466W,YJR066W,0,-0.017640859,0.09634062647819519,0.970355749130249,0.9222066402435303
YHR101C,YLR424W,0,-0.017641138,0.0963311716914177,0.970355749130249,0.9223067760467529
YPL053C,YEL055C,0,-0.017645523,0.0963217243552208,0.970355749130249,0.9224069118499756
YIR032C,YNL127W,0,-0.017650252,0.0963122770190239,0.970355749130249,0.9225069880485535
YKL165C,YOR208W,0,-0.01766153,0.09630283713340759,0.970355749130249,0.9226071238517761
YKL100C,YKL085W,0,-0.017669441,0.0962933897972107,0.970355749130249,0.9227072596549988
YLL027W,YDR163W,0,-0.017678808,0.09628394991159439,0.970355749130249,0.9228073954582214
YLR395C,YDL005C,0,-0.01768069,0.09627451002597809,0.970355749130249,0.9229074716567993
YBR014C,YHR203C,0,-0.01768665,0.09626507014036179,0.970355749130249,0.923007607460022
YOR299W,YNL090W,0,-0.017688975,0.09625563770532608,0.970355749130249,0.9231077432632446
YCR053W,YDR423C,0,-0.017691318,0.09624620527029037,0.970355749130249,0.9232078790664673
YHR013C,YHR046C,0,-0.0177003,0.09623677283525467,0.970355749130249,0.9233079552650452
YFL044C,YMR112C,0,-0.017712668,0.09622734040021896,0.970355749130249,0.9234080910682678
YPR052C,YPR152C,0,-0.017727954,0.09621790796518326,0.970355749130249,0.9235082268714905
YKL092C,YBR171W,0,-0.01774035,0.09620848298072815,0.970355749130249,0.9236083030700684
YOR144C,YDR332W,0,-0.017740356,0.09619905799627304,0.970355749130249,0.923708438873291
YNR057C,YLR272C,0,-0.01774969,0.09618963301181793,0.970355749130249,0.9238085746765137
YGL237C,YMR233W,0,-0.01775904,0.09618021547794342,0.970355749130249,0.9239087104797363
YDR507C,YNL191W,0,-0.017762085,0.09617079794406891,0.970355749130249,0.9240087866783142
YPL038W,YLR145W,0,-0.017769428,0.0961613804101944,0.970355749130249,0.9241089224815369
YLR183C,YOR202W,0,-0.017769754,0.09615196287631989,0.970355749130249,0.9242090582847595
YPR101W,YBL021C,0,-0.017786365,0.09614255279302597,0.970355749130249,0.9243091940879822
YML029W,YDR425W,0,-0.017793909,0.09613313525915146,0.970355749130249,0.9244092702865601
YAR031W,YOL097C,0,-0.017813008,0.09612372517585754,0.970355749130249,0.9245094060897827
YBR050C,YDL075W,0,-0.017825399,0.09611432254314423,0.970355749130249,0.9246095418930054
YLL001W,YAL041W,0,-0.017825535,0.09610491245985031,0.970355749130249,0.924709677696228
YNL071W,YNL330C,0,-0.017849982,0.096095509827137,0.970355749130249,0.9248097538948059
YDR195W,YDL101C,0,-0.017864961,0.09608610719442368,0.970355749130249,0.9249098896980286
YPL256C,YKR061W,0,-0.017892843,0.09607670456171036,0.970355749130249,0.9250100255012512
YLR107W,YNL316C,0,-0.017907836,0.09606730937957764,0.970355749130249,0.9251101613044739
YIL051C,YHR117W,0,-0.017911412,0.09605790674686432,0.970355749130249,0.9252102375030518
YMR240C,YGL254W,0,-0.017915249,0.0960485115647316,0.970355749130249,0.9253103733062744
YGL060W,YPL019C,0,-0.017980132,0.09603911638259888,0.970355749130249,0.9254105091094971
YPR132W,YJL124C,0,-0.018010888,0.09602972865104675,0.970355749130249,0.925510585308075
YCR017C,YKR044W,0,-0.018011183,0.09602034091949463,0.970355749130249,0.9256107211112976
YFR029W,YAL034W-A,0,-0.01802275,0.0960109531879425,0.970355749130249,0.9257108569145203
YKR058W,YGR109C,0,-0.018029593,0.09600156545639038,0.970355749130249,0.9258109927177429
YDL159W,YOR307C,0,-0.018037938,0.09599217772483826,0.970355749130249,0.9259110689163208
YLR166C,YGL226C-A,0,-0.018059958,0.09598279744386673,0.970355749130249,0.9260112047195435
YOL017W,YDL058W,0,-0.018070873,0.0959734171628952,0.970355749130249,0.9261113405227661
YOR100C,YGL001C,0,-0.018076077,0.09596403688192368,0.970355749130249,0.9262114763259888
YER118C,YDL133C-A,0,-0.01808311,0.09595466405153275,0.970355749130249,0.9263115525245667
YJL072C,YBR044C,0,-0.018090956,0.09594528377056122,0.970355749130249,0.9264116883277893
YMR130W,YGR054W,0,-0.018122064,0.09593591094017029,0.970355749130249,0.926511824131012
YBR145W,YDR320C,0,-0.01819449,0.09592653810977936,0.970355749130249,0.9266119599342346
YML049C,YDR465C,0,-0.018202245,0.09591717272996902,0.970355749130249,0.9267120361328125
YCR060W,YOL088C,0,-0.01821023,0.0959077998995781,0.970355749130249,0.9268121719360352
YLR107W,YMR172W,0,-0.018215392,0.09589843451976776,0.970355749130249,0.9269123077392578
YDR380W,YOR126C,0,-0.018225662,0.09588907659053802,0.970355749130249,0.9270124435424805
YMR213W,YNL330C,0,-0.018225681,0.09587971121072769,0.970355749130249,0.9271125197410583
YLR073C,YJR107W,0,-0.018226214,0.09587035328149796,0.970355749130249,0.927212655544281
YLR092W,YOL027C,1,-0.018231329,0.09595861285924911,0.9713438749313354,0.927212655544281
YMR316W,YJR021C,0,-0.01825079,0.09594924002885818,0.9713438749313354,0.9273127913475037
YPR121W,YDL020C,0,-0.01826806,0.09593988209962845,0.9713438749313354,0.9274128675460815
YDR349C,YER124C,0,-0.018287897,0.09593051671981812,0.9713438749313354,0.9275130033493042
YFR029W,YJL062W,0,-0.01829228,0.09592115879058838,0.9713438749313354,0.9276131391525269
YGR062C,YIL035C,0,-0.01831748,0.09591179341077805,0.9713438749313354,0.9277132749557495
YNL002C,YER045C,0,-0.018326173,0.09590243548154831,0.9713438749313354,0.9278133511543274
YDR405W,YJL184W,0,-0.018340271,0.09589308500289917,0.9713438749313354,0.92791348695755
YGR134W,YKL113C,0,-0.018344853,0.09588372707366943,0.9713438749313354,0.9280136227607727
YML028W,YDR055W,0,-0.018345319,0.0958743765950203,0.9713438749313354,0.9281137585639954
YHR105W,YHR211W,0,-0.018352058,0.09586502611637115,0.9713438749313354,0.9282138347625732
YPR137W,YHR124W,0,-0.018353797,0.09585568308830261,0.9713438749313354,0.9283139705657959
YOR295W,YLR364W,0,-0.01835426,0.09584633260965347,0.9713438749313354,0.9284141063690186
YLR176C,YGR091W,0,-0.018359128,0.09583698958158493,0.9713438749313354,0.9285142421722412
YNL071W,YHR160C,0,-0.018359255,0.09582764655351639,0.9713438749313354,0.9286143183708191
YOR332W,YHR017W,0,-0.018362202,0.09581830352544785,0.9713438749313354,0.9287144541740417
YLR077W,YOR153W,0,-0.018367685,0.0958089679479599,0.9713438749313354,0.9288145899772644
YEL036C,YOL041C,0,-0.018384453,0.09579963237047195,0.9713438749313354,0.9289147257804871
YER145C,YLR404W,0,-0.018391335,0.09579029679298401,0.9713438749313354,0.9290148019790649
YLL002W,YFR003C,0,-0.018392147,0.09578096121549606,0.9713438749313354,0.9291149377822876
YJR010C-A,YJR133W,0,-0.018397719,0.09577162563800812,0.9713438749313354,0.9292150735855103
YJL008C,YPL083C,0,-0.01840187,0.09576229751110077,0.9713438749313354,0.9293151497840881
YDR478W,YDR245W,0,-0.01840784,0.09575296938419342,0.9713438749313354,0.9294152855873108
YOL010W,YJR140C,0,-0.018411227,0.09574364125728607,0.9713438749313354,0.9295154213905334
YJR093C,YDR151C,0,-0.018438688,0.09573432058095932,0.9713438749313354,0.9296155571937561
YBR234C,YML063W,0,-0.018467791,0.09572499990463257,0.9713438749313354,0.929715633392334
YOL062C,YJL025W,0,-0.018474065,0.09571567922830582,0.9713438749313354,0.9298157691955566
YKL209C,YDL058W,0,-0.018482719,0.09570635855197906,0.9713438749313354,0.9299159049987793
YOR159C,YKL168C,0,-0.018490907,0.09569703787565231,0.9713438749313354,0.930016040802002
YOR329C,YGL148W,0,-0.018495569,0.09568772464990616,0.9713438749313354,0.9301161170005798
YIL162W,YNL300W,0,-0.018542187,0.09567841142416,0.9713438749313354,0.9302162528038025
YLR295C,YGR123C,0,-0.018544193,0.09566909819841385,0.9713438749313354,0.9303163886070251
YGR145W,YHR123W,0,-0.01855208,0.09565979242324829,0.9713438749313354,0.9304165244102478
YBR186W,YOL045W,0,-0.018557705,0.09565047919750214,0.9713438749313354,0.9305166006088257
YKL182W,YML130C,0,-0.018559443,0.09564117342233658,0.9713438749313354,0.9306167364120483
YMR152W,YPR072W,0,-0.018582018,0.09563186764717102,0.9713438749313354,0.930716872215271
YGR086C,YMR282C,0,-0.018607775,0.09562256932258606,0.9713438749313354,0.9308170080184937
YHR089C,YEL040W,0,-0.018624421,0.0956132635474205,0.9713438749313354,0.9309170842170715
YER169W,YBR136W,0,-0.01862552,0.09560396522283554,0.9713438749313354,0.9310172200202942
YNL021W,YNR012W,0,-0.018636713,0.09559467434883118,0.9713438749313354,0.9311173558235168
YPR140W,YDR446W,0,-0.018668454,0.09558537602424622,0.9713438749313354,0.9312174320220947
YEL070W,YJL210W,0,-0.018671945,0.09557608515024185,0.9713438749313354,0.9313175678253174
YLR291C,YHR104W,0,-0.01867636,0.09556678682565689,0.9713438749313354,0.93141770362854
YMR243C,YDL120W,1,-0.018705092,0.09565471112728119,0.9723320007324219,0.93141770362854
YDR492W,YBL004W,0,-0.01872719,0.09564541280269623,0.9723320007324219,0.9315178394317627
YPL195W,YNR016C,0,-0.018727444,0.09563611447811127,0.9723320007324219,0.9316179156303406
YOR047C,YGR098C,0,-0.01874953,0.0956268236041069,0.9723320007324219,0.9317180514335632
YPL095C,YOR226C,0,-0.018751426,0.09561753273010254,0.9723320007324219,0.9318181872367859
YBR229C,YMR309C,0,-0.018763099,0.09560824185609818,0.9723320007324219,0.9319183230400085
YPL187W,YLR079W,0,-0.018763607,0.09559895098209381,0.9723320007324219,0.9320183992385864
YER101C,YDR523C,0,-0.018764166,0.09558966755867004,0.9723320007324219,0.9321185350418091
YNL182C,YMR049C,0,-0.018770732,0.09558037668466568,0.9723320007324219,0.9322186708450317
YHR117W,YGR175C,0,-0.018785343,0.09557109326124191,0.9723320007324219,0.9323188066482544
YML064C,YPR165W,0,-0.018813511,0.09556181728839874,0.9723320007324219,0.9324188828468323
YLR186W,YBL079W,0,-0.018848432,0.09555253386497498,0.9723320007324219,0.9325190186500549
YAL033W,YIL162W,0,-0.018867418,0.0955432578921318,0.9723320007324219,0.9326191544532776
YER185W,YNL135C,0,-0.018870832,0.09553398191928864,0.9723320007324219,0.9327192902565002
YDR310C,YJL134W,0,-0.018872418,0.09552470594644547,0.9723320007324219,0.9328193664550781
YDR393W,YDR044W,0,-0.018911058,0.09551543742418289,0.9723320007324219,0.9329195022583008
YHR081W,YDR520C,0,-0.018911684,0.09550616145133972,0.9723320007324219,0.9330196380615234
YJR095W,YCR075C,1,-0.018923994,0.09559394419193268,0.9733201861381531,0.9330196380615234
YKR010C,YOR201C,0,-0.018958665,0.09558466821908951,0.9733201861381531,0.9331197142601013
YPL031C,YJL111W,0,-0.01897398,0.09557539224624634,0.9733201861381531,0.933219850063324
YBR265W,YGL121C,0,-0.018995304,0.09556612372398376,0.9733201861381531,0.9333199858665466
YKL165C,YLL043W,1,-0.018995594,0.09565386176109314,0.9743083119392395,0.9333199858665466
YLR141W,YOL072W,0,-0.01899961,0.09564458578824997,0.9743083119392395,0.9334201216697693
YDL171C,YNL275W,0,-0.019030102,0.0956353023648262,0.9743083119392395,0.9335201978683472
YOR079C,YOR271C,1,-0.019035421,0.09572301059961319,0.9752964377403259,0.9335201978683472
YNL071W,YER065C,0,-0.019049935,0.09571373462677002,0.9752964377403259,0.9336203336715698
YLR116W,YMR277W,0,-0.019079747,0.09570445120334625,0.9752964377403259,0.9337204694747925
YDL077C,YOR187W,0,-0.019092984,0.09569517523050308,0.9752964377403259,0.9338206052780151
YKR098C,YDL170W,0,-0.019134367,0.09568589180707932,0.9752964377403259,0.933920681476593
YKL095W,YML052W,0,-0.019152934,0.09567661583423615,0.9752964377403259,0.9340208172798157
YML112W,YOR066W,0,-0.01917075,0.09566734731197357,0.9752964377403259,0.9341209530830383
YDL212W,YPR112C,0,-0.019175582,0.0956580713391304,0.9752964377403259,0.934221088886261
YKL125W,YPL259C,0,-0.019179933,0.09564880281686783,0.9752964377403259,0.9343211650848389
YDR202C,YOR362C,0,-0.019207254,0.09563953429460526,0.9752964377403259,0.9344213008880615
YOR182C,YDR169C,0,-0.019207262,0.09563026577234268,0.9752964377403259,0.9345214366912842
YPR128C,YHR039C-A,1,-0.019217312,0.0957178846001625,0.9762845635414124,0.9345214366912842
YOR321W,YOR229W,0,-0.01924216,0.09570860862731934,0.9762845635414124,0.9346215724945068
YLR297W,YMR114C,0,-0.019251581,0.09569934010505676,0.9762845635414124,0.9347216486930847
YMR025W,YDR393W,0,-0.019266997,0.09569007158279419,0.9762845635414124,0.9348217844963074
YER118C,YDR400W,0,-0.019269967,0.09568080306053162,0.9762845635414124,0.93492192029953
YJR092W,YPR132W,0,-0.019304467,0.09567154198884964,0.9762845635414124,0.9350220561027527
YGL133W,YPL099C,0,-0.01930714,0.09566228091716766,0.9762845635414124,0.9351221323013306
YDR006C,YKL095W,0,-0.019341813,0.09565301239490509,0.9762845635414124,0.9352222681045532
YMR080C,YJL062W,0,-0.019355545,0.09564375877380371,0.9762845635414124,0.9353224039077759
YMR080C,YOR116C,0,-0.019364642,0.09563449770212173,0.9762845635414124,0.9354224801063538
YBR223C,YHL019C,0,-0.019369252,0.09562524408102036,0.9762845635414124,0.9355226159095764
YNL153C,YDR479C,0,-0.019454313,0.09561599045991898,0.9762845635414124,0.9356227517127991
YCR083W,YDR262W,0,-0.019495828,0.0956067368388176,0.9762845635414124,0.9357228875160217
YLR025W,YLR306W,0,-0.019513462,0.09559748321771622,0.9762845635414124,0.9358229637145996
YMR033W,YGR247W,0,-0.019515073,0.09558823704719543,0.9762845635414124,0.9359230995178223
YDR240C,YJR094W-A,0,-0.019525662,0.09557899087667465,0.9762845635414124,0.9360232353210449
YEL054C,YBR205W,0,-0.019529298,0.09556974470615387,0.9762845635414124,0.9361233711242676
YOL002C,YJL122W,0,-0.019530043,0.09556049853563309,0.9762845635414124,0.9362234473228455
YGL055W,YBL060W,0,-0.019573042,0.0955512598156929,0.9762845635414124,0.9363235831260681
YKL157W,YML022W,0,-0.019584438,0.09554201364517212,0.9762845635414124,0.9364237189292908
YIL039W,YBR080C,0,-0.019598352,0.09553278237581253,0.9762845635414124,0.9365238547325134
YDL214C,YNL053W,0,-0.019607507,0.09552354365587234,0.9762845635414124,0.9366239309310913
YDL082W,YML038C,0,-0.019638728,0.09551430493593216,0.9762845635414124,0.936724066734314
YJL108C,YKR039W,0,-0.019664228,0.09550507366657257,0.9762845635414124,0.9368242025375366
YHR030C,YDR368W,0,-0.019673645,0.09549584239721298,0.9762845635414124,0.9369243383407593
YNL256W,YDL245C,0,-0.019683227,0.0954866111278534,0.9762845635414124,0.9370244145393372
YGL134W,YBR018C,0,-0.019685179,0.0954773873090744,0.9762845635414124,0.9371245503425598
YBR018C,YLR327C,0,-0.019709907,0.09546816349029541,0.9762845635414124,0.9372246861457825
YDR389W,YKL053C-A,0,-0.019714992,0.09545893967151642,0.9762845635414124,0.9373247623443604
YMR301C,YEL051W,1,-0.019730628,0.09554632753133774,0.9772727489471436,0.9373247623443604
YLR246W,YLR385C,0,-0.019746758,0.09553709626197815,0.9772727489471436,0.937424898147583
YPL060W,YJL198W,1,-0.019789675,0.09562445431947708,0.97826087474823,0.937424898147583
YLR305C,YBL034C,0,-0.019797323,0.09561522305011749,0.97826087474823,0.9375250339508057
YOL019W,YAL035W,0,-0.019823529,0.09560598433017731,0.97826087474823,0.9376251697540283
YPR024W,YGR090W,0,-0.019831885,0.09559675306081772,0.97826087474823,0.9377252459526062
YLL019C,YCR097W,0,-0.019843597,0.09558752179145813,0.97826087474823,0.9378253817558289
YDR511W,YOR229W,0,-0.019848958,0.09557829797267914,0.97826087474823,0.9379255175590515
YPL065W,YGR234W,0,-0.019867368,0.09556906670331955,0.97826087474823,0.9380256533622742
YMR171C,YBR150C,0,-0.019867772,0.09555984288454056,0.97826087474823,0.938125729560852
YOR371C,YNL197C,0,-0.019881539,0.09555061906576157,0.97826087474823,0.9382258653640747
YBL023C,YGR218W,0,-0.0198894,0.09554140269756317,0.97826087474823,0.9383260011672974
YNR002C,YMR194W,0,-0.01990005,0.09553217887878418,0.97826087474823,0.93842613697052
YEL013W,YFR046C,0,-0.019900696,0.09552296251058578,0.97826087474823,0.9385262131690979
YBR264C,YDR119W,0,-0.019912902,0.09551374614238739,0.97826087474823,0.9386263489723206
YKL089W,YJL153C,0,-0.01992044,0.09550453722476959,0.97826087474823,0.9387264847755432
YEL011W,YBR084C-A,0,-0.019934528,0.0954953208565712,0.97826087474823,0.9388266205787659
YDR067C,YDR103W,0,-0.01993751,0.0954861119389534,0.97826087474823,0.9389266967773438
YER073W,YKL156W,0,-0.01994789,0.0954769030213356,0.97826087474823,0.9390268325805664
YGR288W,YDL122W,0,-0.01995251,0.0954676941037178,0.97826087474823,0.9391269683837891
YDR031W,YHL007C,0,-0.019982152,0.0954584926366806,0.97826087474823,0.9392270445823669
YDR158W,YDL103C,0,-0.01999572,0.0954492837190628,0.97826087474823,0.9393271803855896
YPR168W,YNL293W,0,-0.019995794,0.0954400822520256,0.97826087474823,0.9394273161888123
YLR107W,YPL020C,0,-0.020001767,0.095430888235569,0.97826087474823,0.9395274519920349
YGR175C,YDR382W,0,-0.020009778,0.0954216867685318,0.97826087474823,0.9396275281906128
YMR020W,YIR037W,0,-0.020009995,0.0954124927520752,0.97826087474823,0.9397276639938354
YHR062C,YDL245C,0,-0.020026868,0.09540329873561859,0.97826087474823,0.9398277997970581
YPR119W,YDR418W,0,-0.02005687,0.09539410471916199,0.97826087474823,0.9399279356002808
YML121W,YGL167C,1,-0.020057663,0.0954812616109848,0.9792490005493164,0.9399279356002808
YNR022C,YMR006C,0,-0.0200632,0.0954720601439476,0.9792490005493164,0.9400280117988586
YDL208W,YOL005C,0,-0.020063806,0.095462866127491,0.9792490005493164,0.9401281476020813
YNL158W,YKL028W,0,-0.02006587,0.0954536721110344,0.9792490005493164,0.940228283405304
YNL311C,YML058W,0,-0.020077767,0.09544447809457779,0.9792490005493164,0.9403284192085266
YKL092C,YNR045W,0,-0.020083189,0.09543528407812119,0.9792490005493164,0.9404284954071045
YPL230W,YJR107W,0,-0.020094514,0.09542609751224518,0.9792490005493164,0.9405286312103271
YJR047C,YPR081C,0,-0.020106755,0.09541691094636917,0.9792490005493164,0.9406287670135498
YDR451C,YMR297W,0,-0.020111429,0.09540772438049316,0.9792490005493164,0.9407289028167725
YDR349C,YDL075W,0,-0.020121193,0.09539853781461716,0.9792490005493164,0.9408289790153503
YLL019C,YHR046C,0,-0.020124216,0.09538935124874115,0.9792490005493164,0.940929114818573
YNL134C,YJL079C,0,-0.02012581,0.09538017213344574,0.9792490005493164,0.9410292506217957
YIL128W,YPL082C,0,-0.020141117,0.09537099301815033,0.9792490005493164,0.9411293268203735
YPR048W,YER173W,0,-0.020184258,0.09536181390285492,0.9792490005493164,0.9412294626235962
YFR007W,YDR423C,0,-0.020197555,0.0953526422381401,0.9792490005493164,0.9413295984268188
YJL008C,YBR205W,0,-0.020204015,0.09534347057342529,0.9792490005493164,0.9414297342300415
YJL004C,YPR043W,0,-0.020218166,0.09533429890871048,0.9792490005493164,0.9415298104286194
YLR307W,YCL040W,0,-0.020218879,0.09532512724399567,0.9792490005493164,0.941629946231842
YIR009W,YOR311C,0,-0.020226685,0.09531595557928085,0.9792490005493164,0.9417300820350647
YML060W,YGR148C,0,-0.020243859,0.09530679136514664,0.9792490005493164,0.9418302178382874
YGL173C,YOL040C,0,-0.020251106,0.09529762715101242,0.9792490005493164,0.9419302940368652
YPL092W,YGL213C,0,-0.020260595,0.0952884629368782,0.9792490005493164,0.9420304298400879
YIR025W,YGL237C,0,-0.0202654,0.09527929872274399,0.9792490005493164,0.9421305656433105
YER101C,YDL200C,0,-0.020275652,0.09527014195919037,0.9792490005493164,0.9422307014465332
YLR176C,YER048W-A,0,-0.020286081,0.09526098519563675,0.9792490005493164,0.9423307776451111
YDR520C,YOR244W,0,-0.020302666,0.09525182843208313,0.9792490005493164,0.9424309134483337
YDR503C,YHR027C,0,-0.020314401,0.09524267166852951,0.9792490005493164,0.9425310492515564
YOL136C,YBR274W,0,-0.020316135,0.09523352235555649,0.9792490005493164,0.942631185054779
YNR049C,YNL007C,0,-0.020404141,0.09522436559200287,0.9792490005493164,0.9427312612533569
YMR161W,YHL047C,0,-0.020417478,0.09521521627902985,0.9792490005493164,0.9428313970565796
YNL080C,YEL002C,0,-0.020420665,0.09520607441663742,0.9792490005493164,0.9429315328598022
YJR043C,YMR005W,0,-0.020428032,0.0951969251036644,0.9792490005493164,0.9430316090583801
YDR536W,YKR057W,0,-0.020429071,0.09518778324127197,0.9792490005493164,0.9431317448616028
YOR080W,YML065W,0,-0.020435832,0.09517864137887955,0.9792490005493164,0.9432318806648254
YKL020C,YIL048W,0,-0.020441474,0.09516949951648712,0.9792490005493164,0.9433320164680481
YCR079W,YOR274W,0,-0.020459484,0.0951603576540947,0.9792490005493164,0.943432092666626
YHR181W,YNR075W,0,-0.020463303,0.09515122324228287,0.9792490005493164,0.9435322284698486
YIL040W,YOL155C,0,-0.02046667,0.09514208883047104,0.9792490005493164,0.9436323642730713
YNL257C,YJL128C,0,-0.02046939,0.09513295441865921,0.9792490005493164,0.943732500076294
YAL038W,YPL206C,0,-0.020480989,0.09512382745742798,0.9792490005493164,0.9438325762748718
YML019W,YHR174W,0,-0.020502321,0.09511469304561615,0.9792490005493164,0.9439327120780945
YPR022C,YLR452C,0,-0.020505432,0.09510556608438492,0.9792490005493164,0.9440328478813171
YJR067C,YMR145C,0,-0.020507775,0.09509643912315369,0.9792490005493164,0.9441329836845398
YNL301C,YDR498C,0,-0.020521743,0.09508731216192245,0.9792490005493164,0.9442330598831177
YHR056C,YER180C,0,-0.02053231,0.09507819265127182,0.9792490005493164,0.9443331956863403
YMR306W,YLR145W,0,-0.020538617,0.09506907314062119,0.9792490005493164,0.944433331489563
YJL170C,YDR097C,0,-0.020544216,0.09505995362997055,0.9792490005493164,0.9445334672927856
YCL024W,YPL089C,0,-0.02057211,0.09505083411931992,0.9792490005493164,0.9446335434913635
YBL085W,YJR145C,0,-0.020596432,0.09504172205924988,0.9792490005493164,0.9447336792945862
YPR019W,YGR014W,0,-0.020644683,0.09503260254859924,0.9792490005493164,0.9448338150978088
YPL234C,YNL083W,1,-0.020653069,0.09511937946081161,0.9802371263504028,0.9448338150978088
YJL133W,YLR138W,1,-0.020664638,0.0952061340212822,0.981225311756134,0.9448338150978088
YPL249C-A,YJL095W,0,-0.020684723,0.09519700706005096,0.981225311756134,0.9449338912963867
YLR214W,YKR013W,0,-0.020694995,0.09518788009881973,0.981225311756134,0.9450340270996094
YGL099W,YDL054C,0,-0.020695416,0.0951787605881691,0.981225311756134,0.945134162902832
YLR441C,YNL271C,0,-0.02073962,0.09516964107751846,0.981225311756134,0.9452342987060547
YOL141W,YHR206W,0,-0.020748125,0.09516051411628723,0.981225311756134,0.9453343749046326
YBL024W,YDL216C,0,-0.020759378,0.0951514020562172,0.981225311756134,0.9454345107078552
YDR453C,YJL092W,0,-0.02076083,0.09514228254556656,0.981225311756134,0.9455346465110779
YLR139C,YJR014W,0,-0.020761684,0.09513317048549652,0.981225311756134,0.9456347823143005
YGL207W,YMR172W,0,-0.020805199,0.09512405097484589,0.981225311756134,0.9457348585128784
YLR187W,YGR261C,0,-0.020811655,0.09511493891477585,0.981225311756134,0.9458349943161011
YGL155W,YBR265W,0,-0.020823369,0.09510583430528641,0.981225311756134,0.9459351301193237
YFL053W,YFR052W,0,-0.02082952,0.09509672224521637,0.981225311756134,0.9460352659225464
YLR090W,YBR033W,0,-0.020832552,0.09508761763572693,0.981225311756134,0.9461353421211243
YKL046C,YEL042W,0,-0.020859577,0.09507851302623749,0.981225311756134,0.9462354779243469
YNL106C,YBL030C,0,-0.02086487,0.09506940841674805,0.981225311756134,0.9463356137275696
YBR186W,YDR320C,0,-0.020870754,0.0950603112578392,0.981225311756134,0.9464357495307922
YPL255W,YGL121C,0,-0.020873003,0.09505121409893036,0.981225311756134,0.9465358257293701
YGL128C,YBR229C,0,-0.020873506,0.09504211694002151,0.981225311756134,0.9466359615325928
YLR047C,YCL018W,0,-0.020874571,0.09503301978111267,0.981225311756134,0.9467360973358154
YDR013W,YBL084C,0,-0.020879934,0.09502392262220383,0.981225311756134,0.9468362331390381
YIL114C,YPR082C,0,-0.020883745,0.09501483291387558,0.981225311756134,0.946936309337616
YOL031C,YPR033C,0,-0.020948738,0.09500574320554733,0.981225311756134,0.9470364451408386
YPL244C,YDL166C,0,-0.020986907,0.09499665349721909,0.981225311756134,0.9471365809440613
YNL147W,YNL107W,0,-0.020990286,0.09498756378889084,0.981225311756134,0.9472366571426392
YLR208W,YIL044C,0,-0.02101693,0.09497848153114319,0.981225311756134,0.9473367929458618
YEL011W,YPL196W,0,-0.02101967,0.09496939927339554,0.981225311756134,0.9474369287490845
YBL076C,YNL162W,0,-0.02105005,0.09496031701564789,0.981225311756134,0.9475370645523071
YDL204W,YJL149W,0,-0.021074142,0.09495123475790024,0.981225311756134,0.947637140750885
YGR077C,YOR224C,0,-0.021140605,0.09494215250015259,0.981225311756134,0.9477372765541077
YHR025W,YKR054C,0,-0.021149471,0.09493307769298553,0.981225311756134,0.9478374123573303
YER165W,YHR132C,0,-0.02117771,0.09492400288581848,0.981225311756134,0.947937548160553
YLR129W,YKL125W,0,-0.021179501,0.09491492807865143,0.981225311756134,0.9480376243591309
YBR164C,YHR042W,0,-0.021194967,0.09490586072206497,0.981225311756134,0.9481377601623535
YEL038W,YPR189W,0,-0.021200925,0.09489678591489792,0.981225311756134,0.9482378959655762
YBR223C,YLR406C,0,-0.021222387,0.09488771855831146,0.981225311756134,0.9483380317687988
YDR267C,YNL289W,0,-0.021237692,0.094878651201725,0.981225311756134,0.9484381079673767
YOL091W,YMR165C,0,-0.021256156,0.09486959129571915,0.981225311756134,0.9485382437705994
YKR098C,YJL042W,0,-0.021260036,0.09486052393913269,0.981225311756134,0.948638379573822
YBL004W,YCR040W,0,-0.021300154,0.09485146403312683,0.981225311756134,0.9487385153770447
YLR381W,YMR311C,0,-0.021302726,0.09484240412712097,0.981225311756134,0.9488385915756226
YGL020C,YBR282W,0,-0.021324493,0.09483335167169571,0.981225311756134,0.9489387273788452
YIL095W,YDL058W,0,-0.021356916,0.09482429176568985,0.981225311756134,0.9490388631820679
YLR373C,YMR159C,0,-0.021389823,0.09481523931026459,0.981225311756134,0.9491389393806458
YOR332W,YBR132C,1,-0.021404186,0.0949016585946083,0.9822134375572205,0.9491389393806458
YBL061C,YDR117C,0,-0.021431282,0.09489259868860245,0.9822134375572205,0.9492390751838684
YNR075W,YOL080C,0,-0.021432333,0.09488354623317719,0.9822134375572205,0.9493392109870911
YPR102C,YOR301W,0,-0.021440428,0.09487448632717133,0.9822134375572205,0.9494393467903137
YGL060W,YMR186W,0,-0.021444194,0.09486543387174606,0.9822134375572205,0.9495394229888916
YBR234C,YKL210W,0,-0.021452434,0.0948563814163208,0.9822134375572205,0.9496395587921143
YCR097W,YKL208W,0,-0.021455832,0.09484732896089554,0.9822134375572205,0.9497396945953369
YJR089W,YBR020W,0,-0.021463536,0.09483827650547028,0.9822134375572205,0.9498398303985596
YBL041W,YJR137C,0,-0.021490103,0.09482923150062561,0.9822134375572205,0.9499399065971375
YNL084C,YPL192C,0,-0.021496177,0.09482018649578094,0.9822134375572205,0.9500400424003601
YER190W,YPL012W,0,-0.021510199,0.09481114149093628,0.9822134375572205,0.9501401782035828
YNL101W,YDR339C,0,-0.021530092,0.09480209648609161,0.9822134375572205,0.9502403140068054
YPL256C,YBR080C,0,-0.021558829,0.09479305893182755,0.9822134375572205,0.9503403902053833
YKL166C,YNL188W,0,-0.021559801,0.09478402137756348,0.9822134375572205,0.950440526008606
YGR074W,YLR448W,0,-0.021581896,0.09477498382329941,0.9822134375572205,0.9505406618118286
YBL088C,YCL034W,0,-0.021587074,0.09476594626903534,0.9822134375572205,0.9506407976150513
YJR031C,YMR218C,0,-0.021635033,0.09475690871477127,0.9822134375572205,0.9507408738136292
YFL037W,YGL156W,0,-0.0216428,0.0947478786110878,0.9822134375572205,0.9508410096168518
YKL046C,YLR381W,0,-0.021727206,0.09473884850740433,0.9822134375572205,0.9509411454200745
YLR320W,YMR186W,0,-0.021741768,0.09472981840372086,0.9822134375572205,0.9510412216186523
YOR239W,YGL250W,0,-0.021743877,0.09472079575061798,0.9822134375572205,0.951141357421875
YGR084C,YLR398C,0,-0.021775877,0.09471176564693451,0.9822134375572205,0.9512414932250977
YDL028C,YGR059W,0,-0.021794043,0.09470274299383163,0.9822134375572205,0.9513416290283203
YKL173W,YNL283C,0,-0.02180574,0.09469372034072876,0.9822134375572205,0.9514417052268982
YPL242C,YGL097W,0,-0.021808334,0.09468470513820648,0.9822134375572205,0.9515418410301208
YPL221W,YBR295W,1,-0.021820273,0.09477093070745468,0.9832015633583069,0.9515418410301208
YKL055C,YJR076C,0,-0.021863805,0.0947619080543518,0.9832015633583069,0.9516419768333435
YDR306C,YJR078W,0,-0.021888804,0.09475287795066833,0.9832015633583069,0.9517421126365662
YBR054W,YDL120W,1,-0.02190052,0.09483908116817474,0.9841897487640381,0.9517421126365662
YIL115C,YEL017C-A,0,-0.021906633,0.09483005106449127,0.9841897487640381,0.951842188835144
YIL093C,YNL139C,0,-0.021911694,0.0948210209608078,0.9841897487640381,0.9519423246383667
YMR168C,YER061C,0,-0.02191876,0.09481199085712433,0.9841897487640381,0.9520424604415894
YPL160W,YLL038C,0,-0.021922255,0.09480296820402145,0.9841897487640381,0.952142596244812
YJL092W,YDR452W,0,-0.021939185,0.09479394555091858,0.9841897487640381,0.9522426724433899
YBR236C,YER083C,0,-0.021967987,0.0947849228978157,0.9841897487640381,0.9523428082466125
YEL034W,YPL033C,0,-0.022019725,0.09477590769529343,0.9841897487640381,0.9524429440498352
YAL001C,YDL059C,0,-0.022028022,0.09476688504219055,0.9841897487640381,0.9525430798530579
YHR200W,YDR498C,0,-0.022077575,0.09475786983966827,0.9841897487640381,0.9526431560516357
YLR098C,YER094C,0,-0.022091795,0.09474886208772659,0.9841897487640381,0.9527432918548584
YIL114C,YOL122C,1,-0.022096708,0.09483496844768524,0.9851778745651245,0.9527432918548584
YKL049C,YLR242C,0,-0.022111675,0.09482594579458237,0.9851778745651245,0.952843427658081
YGL128C,YCR069W,0,-0.022116411,0.09481693059206009,0.9851778745651245,0.9529435038566589
YDL188C,YML124C,0,-0.022139262,0.09480791538953781,0.9851778745651245,0.9530436396598816
YBL088C,YGR148C,0,-0.022162024,0.09479890018701553,0.9851778745651245,0.9531437754631042
YOR297C,YBR106W,0,-0.022162596,0.09478988498449326,0.9851778745651245,0.9532439112663269
YER162C,YGR177C,0,-0.022176046,0.09478086978197098,0.9851778745651245,0.9533439874649048
YPR182W,YNL129W,0,-0.022205383,0.0947718620300293,0.9851778745651245,0.9534441232681274
YOR349W,YNL158W,0,-0.022233276,0.09476285427808762,0.9851778745651245,0.9535442590713501
YLR386W,YMR094W,0,-0.022255072,0.09475384652614594,0.9851778745651245,0.9536443948745728
YDR363W-A,YGR076C,0,-0.022268362,0.09474484622478485,0.9851778745651245,0.9537444710731506
YGL201C,YMR180C,0,-0.02228019,0.09473583847284317,0.9851778745651245,0.9538446068763733
YDR017C,YMR043W,0,-0.022285923,0.09472683817148209,0.9851778745651245,0.953944742679596
YEL059C-A,YGR258C,0,-0.022314724,0.094717837870121,0.9851778745651245,0.9540448784828186
YML064C,YPR164W,0,-0.022362001,0.09470884501934052,0.9851778745651245,0.9541449546813965
YKL056C,YDR324C,0,-0.022404755,0.09469984471797943,0.9851778745651245,0.9542450904846191
YDR245W,YOR297C,0,-0.022405833,0.09469085186719894,0.9851778745651245,0.9543452262878418
YMR039C,YOR066W,0,-0.022435782,0.09468185901641846,0.9851778745651245,0.9544453620910645
YDL143W,YOR061W,0,-0.022468287,0.09467287361621857,0.9851778745651245,0.9545454382896423
YMR241W,YOR317W,0,-0.0224723,0.09466388076543808,0.9851778745651245,0.954645574092865
YLR089C,YLR395C,0,-0.022480076,0.09465489536523819,0.9851778745651245,0.9547457098960876
YDR461W,YMR184W,0,-0.022487324,0.0946459099650383,0.9851778745651245,0.9548457860946655
YNL039W,YGL031C,0,-0.022499317,0.09463692456483841,0.9851778745651245,0.9549459218978882
YOR094W,YGR085C,0,-0.022502989,0.09462793916463852,0.9851778745651245,0.9550460577011108
YPL101W,YIL132C,0,-0.022509381,0.09461896121501923,0.9851778745651245,0.9551461935043335
YBR128C,YHL009C,0,-0.022525573,0.09460998326539993,0.9851778745651245,0.9552462697029114
YNR060W,YGR065C,1,-0.022528112,0.09469588845968246,0.9861660003662109,0.9552462697029114
YKL001C,YKL174C,0,-0.022590991,0.09468691051006317,0.9861660003662109,0.955346405506134
YPL084W,YDR224C,0,-0.02260457,0.09467792510986328,0.9861660003662109,0.9554465413093567
YIL162W,YLR022C,0,-0.022604873,0.09466893970966339,0.9861660003662109,0.9555466771125793
YML126C,YDL115C,0,-0.022612292,0.0946599617600441,0.9861660003662109,0.9556467533111572
YHR175W,YGR175C,0,-0.022615954,0.0946509838104248,0.9861660003662109,0.9557468891143799
YKL218C,YLR074C,0,-0.022622183,0.09464201331138611,0.9861660003662109,0.9558470249176025
YCR092C,YLR026C,0,-0.022648584,0.09463303536176682,0.9861660003662109,0.9559471607208252
YOL120C,YNL131W,0,-0.022667438,0.09462406486272812,0.9861660003662109,0.9560472369194031
YLR204W,YJR010C-A,0,-0.02267692,0.09461509436368942,0.9861660003662109,0.9561473727226257
YPL031C,YMR150C,0,-0.022681627,0.09460612386465073,0.9861660003662109,0.9562475085258484
YFR041C,YHR104W,0,-0.022681963,0.09459715336561203,0.9861660003662109,0.956347644329071
YOR033C,YDL164C,0,-0.022746429,0.09458819031715393,0.9861660003662109,0.9564477205276489
YOR033C,YER150W,0,-0.022754895,0.09457922726869583,0.9861660003662109,0.9565478563308716
YGL130W,YKL090W,0,-0.022827197,0.09457026422023773,0.9861660003662109,0.9566479921340942
YKR104W,YOR328W,0,-0.02284307,0.09456130117177963,0.9861660003662109,0.9567480683326721
YDR409W,YIR006C,0,-0.022862626,0.09455234557390213,0.9861660003662109,0.9568482041358948
YER046W,YJL085W,0,-0.02287322,0.09454338997602463,0.9861660003662109,0.9569483399391174
YML008C,YER095W,0,-0.022893824,0.09453443437814713,0.9861660003662109,0.9570484757423401
YHR036W,YJL112W,0,-0.022905726,0.09452547878026962,0.9861660003662109,0.957148551940918
YOR077W,YPR072W,0,-0.022924375,0.09451652318239212,0.9861660003662109,0.9572486877441406
YMR004W,YER007W,0,-0.02293716,0.09450757503509521,0.9861660003662109,0.9573488235473633
YPR186C,YIL067C,0,-0.023005951,0.09449862688779831,0.9861660003662109,0.9574489593505859
YDL165W,YFL021W,0,-0.023012,0.0944896787405014,0.9861660003662109,0.9575490355491638
YJL133W,YGR217W,1,-0.023013785,0.09457540512084961,0.9871541261672974,0.9575490355491638
YMR052W,YDR081C,0,-0.023021746,0.0945664495229721,0.9871541261672974,0.9576491713523865
YFR028C,YDL002C,0,-0.023057427,0.0945575013756752,0.9871541261672974,0.9577493071556091
YAR002C-A,YMR270C,0,-0.023075603,0.0945485532283783,0.9871541261672974,0.9578494429588318
YCL031C,YGR027C,0,-0.023125127,0.09453960508108139,0.9871541261672974,0.9579495191574097
YER065C,YIL067C,0,-0.023135126,0.09453065693378448,0.9871541261672974,0.9580496549606323
YOL123W,YKL082C,0,-0.023135606,0.09452171623706818,0.9871541261672974,0.958149790763855
YDL104C,YNL304W,0,-0.023187779,0.09451277554035187,0.9871541261672974,0.9582499265670776
YDL205C,YGR162W,0,-0.023193972,0.09450383484363556,0.9871541261672974,0.9583500027656555
YCL069W,YOR083W,0,-0.023194501,0.09449489414691925,0.9871541261672974,0.9584501385688782
YGL148W,YGL054C,0,-0.023203878,0.09448595345020294,0.9871541261672974,0.9585502743721008
YPL031C,YML024W,0,-0.02321844,0.09447702020406723,0.9871541261672974,0.9586504101753235
YER165W,YJL047C,0,-0.023218993,0.09446808695793152,0.9871541261672974,0.9587504863739014
YPL048W,YNL005C,0,-0.02323466,0.0944591537117958,0.9871541261672974,0.958850622177124
YPR052C,YOR212W,0,-0.023293175,0.0944502204656601,0.9871541261672974,0.9589507579803467
YMR013C,YKR019C,0,-0.023308046,0.09444129467010498,0.9871541261672974,0.9590508341789246
YOL141W,YLR207W,0,-0.023326078,0.09443236887454987,0.9871541261672974,0.9591509699821472
YML026C,YKL209C,0,-0.023338411,0.09442344307899475,0.9871541261672974,0.9592511057853699
YKL140W,YHR061C,0,-0.023383254,0.09441451728343964,0.9871541261672974,0.9593512415885925
YFL017W-A,YNL307C,0,-0.023415474,0.09440559148788452,0.9871541261672974,0.9594513177871704
YPL122C,YFR044C,0,-0.023495793,0.09439667314291,0.9871541261672974,0.9595514535903931
YLR166C,YLR016C,0,-0.023495883,0.09438775479793549,0.9871541261672974,0.9596515893936157
YKL004W,YGR140W,0,-0.023498254,0.09437883645296097,0.9871541261672974,0.9597517251968384
YMR292W,YBR175W,0,-0.02351159,0.09436992555856705,0.9871541261672974,0.9598518013954163
YLL033W,YBR243C,0,-0.023530982,0.09436100721359253,0.9871541261672974,0.9599519371986389
YOR171C,YMR092C,0,-0.023539457,0.09435209631919861,0.9871541261672974,0.9600520730018616
YDR270W,YLR092W,1,-0.0235835,0.0944376215338707,0.9881423115730286,0.9600520730018616
YLL055W,YAL038W,0,-0.023611091,0.09442870318889618,0.9881423115730286,0.9601522088050842
YLR096W,YGL014W,0,-0.023613313,0.09441979229450226,0.9881423115730286,0.9602522850036621
YMR241W,YGR217W,1,-0.02362806,0.09450528770685196,0.989130437374115,0.9602522850036621
YPL274W,YGR271C-A,0,-0.023632497,0.09449636191129684,0.989130437374115,0.9603524208068848
YHR051W,YOR347C,0,-0.023636222,0.09448744356632233,0.989130437374115,0.9604525566101074
YER098W,YNL322C,0,-0.023636824,0.09447852522134781,0.989130437374115,0.9605526924133301
YDR030C,YER018C,0,-0.023642374,0.09446961432695389,0.989130437374115,0.960652768611908
YJR010C-A,YDR156W,0,-0.023659138,0.09446069598197937,0.989130437374115,0.9607529044151306
YBL076C,YOR288C,0,-0.02368695,0.09445178508758545,0.989130437374115,0.9608530402183533
YER151C,YNL289W,0,-0.023688218,0.09444287419319153,0.989130437374115,0.9609531164169312
YJL010C,YDL002C,0,-0.023698485,0.09443396329879761,0.989130437374115,0.9610532522201538
YLR332W,YHR116W,0,-0.023776475,0.09442505240440369,0.989130437374115,0.9611533880233765
YHR153C,YIL101C,0,-0.023779193,0.09441614896059036,0.989130437374115,0.9612535238265991
YJL091C,YOR153W,0,-0.02382047,0.09440724551677704,0.989130437374115,0.961353600025177
YLR214W,YMR116C,0,-0.023821972,0.09439834207296371,0.989130437374115,0.9614537358283997
YML065W,YJR002W,0,-0.02382708,0.09438943862915039,0.989130437374115,0.9615538716316223
YNL134C,YGR088W,0,-0.023841362,0.09438054263591766,0.989130437374115,0.961654007434845
YNL209W,YBL052C,0,-0.023851715,0.09437163919210434,0.989130437374115,0.9617540836334229
YDR031W,YFR042W,0,-0.02386959,0.09436274319887161,0.989130437374115,0.9618542194366455
YJL133W,YNR060W,1,-0.023870472,0.09444811195135117,0.9901185631752014,0.9618542194366455
YLR048W,YPL187W,0,-0.023896717,0.09443920850753784,0.9901185631752014,0.9619543552398682
YCL069W,YMR229C,0,-0.02397595,0.09443030506372452,0.9901185631752014,0.9620544910430908
YOL002C,YBL040C,0,-0.0240053,0.09442140907049179,0.9901185631752014,0.9621545672416687
YFL041W,YGL077C,1,-0.024009567,0.09450674057006836,0.9911067485809326,0.9621545672416687
YGR036C,YOR339C,0,-0.02407604,0.09449782967567444,0.9911067485809326,0.9622547030448914
YPL252C,YGL257C,0,-0.02408643,0.09448893368244171,0.9911067485809326,0.962354838848114
YMR012W,YNL330C,0,-0.024093442,0.09448003023862839,0.9911067485809326,0.9624549746513367
YOL094C,YML115C,0,-0.024119457,0.09447113424539566,0.9911067485809326,0.9625550508499146
YJR065C,YER089C,0,-0.024147026,0.09446223080158234,0.9911067485809326,0.9626551866531372
YPR005C,YKR097W,0,-0.024151338,0.09445333480834961,0.9911067485809326,0.9627553224563599
YBR289W,YBR229C,0,-0.024180684,0.09444444626569748,0.9911067485809326,0.9628553986549377
YOR294W,YML088W,0,-0.024195302,0.09443555027246475,0.9911067485809326,0.9629555344581604
YGR169C,YJR016C,0,-0.024213603,0.09442666172981262,0.9911067485809326,0.9630556702613831
YNL335W,YNL163C,0,-0.024222096,0.09441777318716049,0.9911067485809326,0.9631558060646057
YLR389C,YGL251C,0,-0.024284579,0.09440888464450836,0.9911067485809326,0.9632558822631836
YIL026C,YNL107W,0,-0.024293732,0.09440000355243683,0.9911067485809326,0.9633560180664062
YLR305C,YLR244C,0,-0.02430936,0.0943911150097847,0.9911067485809326,0.9634561538696289
YGL060W,YPR016C,0,-0.024316365,0.09438223391771317,0.9911067485809326,0.9635562896728516
YHR156C,YHR012W,0,-0.024319382,0.09437335282564163,0.9911067485809326,0.9636563658714294
YIL109C,YDR140W,0,-0.024324987,0.0943644717335701,0.9911067485809326,0.9637565016746521
YDL214C,YOL077C,0,-0.024351493,0.09435559809207916,0.9911067485809326,0.9638566374778748
YIR025W,YJR075W,0,-0.024374254,0.09434672445058823,0.9911067485809326,0.9639567732810974
YLR264W,YNL206C,0,-0.024375936,0.09433785080909729,0.9911067485809326,0.9640568494796753
YNL185C,YNL197C,0,-0.024446435,0.09432897716760635,0.9911067485809326,0.964156985282898
YDL101C,YMR311C,0,-0.024456333,0.09432010352611542,0.9911067485809326,0.9642571210861206
YOR077W,YGL124C,0,-0.024460843,0.09431123733520508,0.9911067485809326,0.9643572568893433
YPR011C,YPL271W,0,-0.024510572,0.09430237114429474,0.9911067485809326,0.9644573330879211
YCR079W,YPL271W,0,-0.024557572,0.0942935049533844,0.9911067485809326,0.9645574688911438
YDR470C,YPL144W,0,-0.024559358,0.09428463876247406,0.9911067485809326,0.9646576046943665
YER147C,YDL144C,0,-0.02457194,0.09427578002214432,0.9911067485809326,0.9647576808929443
YLR010C,YPL148C,0,-0.024572134,0.09426691383123398,0.9911067485809326,0.964857816696167
YFR015C,YML114C,0,-0.024670403,0.09425805509090424,0.9911067485809326,0.9649579524993896
YMR022W,YBR258C,0,-0.024718918,0.09424920380115509,0.9911067485809326,0.9650580883026123
YKR104W,YPL093W,0,-0.024733365,0.09424034506082535,0.9911067485809326,0.9651581645011902
YHL013C,YEL056W,0,-0.024784176,0.0942314937710762,0.9911067485809326,0.9652583003044128
YNL172W,YGR109C,0,-0.02478454,0.09422264248132706,0.9911067485809326,0.9653584361076355
YHR026W,YPL036W,1,-0.024808053,0.09430772066116333,0.992094874382019,0.9653584361076355
YJR133W,YJL073W,0,-0.024821967,0.09429886192083359,0.992094874382019,0.9654585719108582
YJR093C,YDR416W,0,-0.024829885,0.09429001063108444,0.992094874382019,0.965558648109436
YGL014W,YPL188W,0,-0.024840109,0.0942811518907547,0.992094874382019,0.9656587839126587
YGL009C,YOR381W,0,-0.024842586,0.09427230060100555,0.992094874382019,0.9657589197158813
YHR172W,YJL063C,0,-0.024843877,0.09426344931125641,0.992094874382019,0.965859055519104
YOL052C,YKL182W,0,-0.024873555,0.09425459802150726,0.992094874382019,0.9659591317176819
YGL029W,YBR244W,0,-0.024955794,0.09424575418233871,0.992094874382019,0.9660592675209045
YOR076C,YDR454C,0,-0.024956195,0.09423690289258957,0.992094874382019,0.9661594033241272
YGL253W,YPL177C,0,-0.02496051,0.09422805905342102,0.992094874382019,0.9662595391273499
YDR141C,YLR304C,0,-0.02496975,0.09421922266483307,0.992094874382019,0.9663596153259277
YDR511W,YOR147W,0,-0.02497651,0.09421037882566452,0.992094874382019,0.9664597511291504
YDR478W,YDR488C,0,-0.02498509,0.09420154243707657,0.992094874382019,0.966559886932373
YFL057C,YER011W,0,-0.025024757,0.09419269859790802,0.992094874382019,0.9666599631309509
YGR199W,YJR143C,0,-0.025069542,0.09418386220932007,0.992094874382019,0.9667600989341736
YMR263W,YDR141C,0,-0.025087835,0.09417503327131271,0.992094874382019,0.9668602347373962
YKR014C,YHR039C-A,0,-0.025097828,0.09416619688272476,0.992094874382019,0.9669603705406189
YJL033W,YDR358W,0,-0.025103427,0.09415736794471741,0.992094874382019,0.9670604467391968
YDL061C,YEL054C,0,-0.025145844,0.09414853900671005,0.992094874382019,0.9671605825424194
YLL034C,YLR383W,0,-0.025179563,0.0941397100687027,0.992094874382019,0.9672607183456421
YHL047C,YBR207W,1,-0.025208715,0.09422463923692703,0.9930830001831055,0.9672607183456421
YOR159C,YOL007C,0,-0.02520942,0.09421580284833908,0.9930830001831055,0.9673608541488647
YML099C,YHR136C,0,-0.025213704,0.09420697391033173,0.9930830001831055,0.9674609303474426
YGR163W,YEL038W,0,-0.025214542,0.09419814497232437,0.9930830001831055,0.9675610661506653
YJL014W,YLR032W,0,-0.025251398,0.09418931603431702,0.9930830001831055,0.9676612019538879
YDL020C,YBR237W,0,-0.02526966,0.09418048709630966,0.9930830001831055,0.9677613377571106
YFR051C,YDR508C,0,-0.025274593,0.0941716656088829,0.9930830001831055,0.9678614139556885
YFL013C,YDR060W,0,-0.025294948,0.09416284412145615,0.9930830001831055,0.9679615497589111
YKR094C,YDL236W,0,-0.025319155,0.09415402263402939,0.9930830001831055,0.9680616855621338
YNR017W,YMR238W,0,-0.02536624,0.09414520114660263,0.9930830001831055,0.9681618213653564
YLL036C,YDR038C,0,-0.02538148,0.09413637965917587,0.9930830001831055,0.9682618975639343
YML060W,YDL101C,0,-0.02540261,0.09412756562232971,0.9930830001831055,0.968362033367157
YDL165W,YML022W,0,-0.025409859,0.09411875158548355,0.9930830001831055,0.9684621691703796
YDL222C,YMR323W,0,-0.025428474,0.09410993754863739,0.9930830001831055,0.9685622453689575
YDR418W,YEL037C,0,-0.02545344,0.09410112351179123,0.9930830001831055,0.9686623811721802
YBL106C,YKL168C,0,-0.025476921,0.09409231692552567,0.9930830001831055,0.9687625169754028
YGR086C,YAL034W-A,0,-0.025511827,0.0940835028886795,0.9930830001831055,0.9688626527786255
YBR057C,YGR081C,0,-0.02556844,0.09407469630241394,0.9930830001831055,0.9689627289772034
YJR138W,YHR206W,0,-0.025570592,0.09406588971614838,0.9930830001831055,0.969062864780426
YMR097C,YBL093C,0,-0.025610916,0.09405709058046341,0.9930830001831055,0.9691630005836487
YDL019C,YER044C,0,-0.02562556,0.09404828399419785,0.9930830001831055,0.9692631363868713
YGR010W,YLL010C,0,-0.025648214,0.09403948485851288,0.9930830001831055,0.9693632125854492
YOL054W,YDR137W,0,-0.025702124,0.09403068572282791,0.9930830001831055,0.9694633483886719
YPL019C,YDL085W,0,-0.025720764,0.09402189403772354,0.9930830001831055,0.9695634841918945
YDR484W,YML088W,0,-0.02572707,0.09401309490203857,0.9930830001831055,0.9696636199951172
YKR098C,YDR404C,0,-0.02572953,0.0940043032169342,0.9930830001831055,0.9697636961936951
YDR536W,YIL099W,0,-0.025741266,0.09399551153182983,0.9930830001831055,0.9698638319969177
YLR096W,YLR256W,0,-0.025753405,0.09398671984672546,0.9930830001831055,0.9699639678001404
YDL049C,YJR045C,0,-0.02580176,0.0939779281616211,0.9930830001831055,0.970064103603363
YAL005C,YAL054C,0,-0.0258511,0.09396914392709732,0.9930830001831055,0.9701641798019409
YKL020C,YGR140W,0,-0.0258678,0.09396035969257355,0.9930830001831055,0.9702643156051636
YNL007C,YDR329C,0,-0.025876971,0.09395157545804977,0.9930830001831055,0.9703644514083862
YLR306W,YKR055W,0,-0.025900993,0.093942791223526,0.9930830001831055,0.9704645872116089
YOR130C,YLR312W-A,0,-0.025951784,0.09393401443958282,0.9930830001831055,0.9705646634101868
YMR036C,YLR016C,0,-0.025967794,0.09392523020505905,0.9930830001831055,0.9706647992134094
YEL054C,YIL134W,0,-0.026013672,0.09391645342111588,0.9930830001831055,0.9707649350166321
YDR202C,YJR070C,0,-0.026031971,0.0939076840877533,0.9930830001831055,0.97086501121521
YJL052W,YLR142W,0,-0.026095174,0.09389890730381012,0.9930830001831055,0.9709651470184326
YDR486C,YML052W,0,-0.026113555,0.09389013797044754,0.9930830001831055,0.9710652828216553
YIL097W,YDR454C,0,-0.026224017,0.09388136118650436,0.9930830001831055,0.9711654186248779
YLR109W,YDR404C,0,-0.02623849,0.09387259185314178,0.9930830001831055,0.9712654948234558
YKL056C,YDR079W,0,-0.02628306,0.0938638299703598,0.9930830001831055,0.9713656306266785
YDR240C,YNL061W,0,-0.02630063,0.09385506063699722,0.9930830001831055,0.9714657664299011
YOR159C,YCR067C,0,-0.026307147,0.09384629875421524,0.9930830001831055,0.9715659022331238
YMR036C,YHL019C,0,-0.026308736,0.09383753687143326,0.9930830001831055,0.9716659784317017
YBR217W,YAR019C,0,-0.0263094,0.09382877498865128,0.9930830001831055,0.9717661142349243
YGR262C,YBR079C,0,-0.026321094,0.0938200131058693,0.9930830001831055,0.971866250038147
YJL153C,YMR159C,0,-0.02634998,0.09381125867366791,0.9930830001831055,0.9719663858413696
YPR128C,YER145C,1,-0.026398746,0.09389583766460419,0.9940711259841919,0.9719663858413696
YKL022C,YNR035C,0,-0.026407624,0.0938870757818222,0.9940711259841919,0.9720664620399475
YBR289W,YJR138W,0,-0.026410012,0.09387831389904022,0.9940711259841919,0.9721665978431702
YDR425W,YOL119C,0,-0.026415963,0.09386955201625824,0.9940711259841919,0.9722667336463928
YCL033C,YBR294W,0,-0.026524229,0.09386079758405685,0.9940711259841919,0.9723668694496155
YLL055W,YOR374W,0,-0.026552416,0.09385203570127487,0.9940711259841919,0.9724669456481934
YMR056C,YGL033W,0,-0.026680697,0.09384328126907349,0.9940711259841919,0.972567081451416
YLR221C,YDR221W,0,-0.026697526,0.0938345268368721,0.9940711259841919,0.9726672172546387
YDR453C,YPR184W,0,-0.026744926,0.09382577985525131,0.9940711259841919,0.9727672934532166
YLR251W,YGR041W,0,-0.026759231,0.09381702542304993,0.9940711259841919,0.9728674292564392
YGR072W,YBR172C,0,-0.026833154,0.09380827844142914,0.9940711259841919,0.9729675650596619
YJR007W,YPR133W-A,0,-0.026910203,0.09379953145980835,0.9940711259841919,0.9730677008628845
YJR138W,YJR070C,0,-0.027004996,0.09379079192876816,0.9940711259841919,0.9731677770614624
YHR094C,YDR247W,0,-0.027035601,0.09378204494714737,0.9940711259841919,0.9732679128646851
YDL126C,YOR130C,0,-0.0270441,0.09377330541610718,0.9940711259841919,0.9733680486679077
YMR198W,YNL097C,0,-0.027047882,0.09376456588506699,0.9940711259841919,0.9734681844711304
YJL071W,YMR198W,0,-0.02704857,0.0937558263540268,0.9940711259841919,0.9735682606697083
YGR257C,YDR341C,0,-0.027068779,0.0937470868229866,0.9940711259841919,0.9736683964729309
YDL198C,YER027C,0,-0.027077235,0.09373835474252701,0.9940711259841919,0.9737685322761536
YJR031C,YGR056W,0,-0.027103182,0.09372961521148682,0.9940711259841919,0.9738686680793762
YKL074C,YPL258C,0,-0.027205018,0.09372089058160782,0.9940711259841919,0.9739687442779541
YLR197W,YGL200C,0,-0.027211346,0.09371215850114822,0.9940711259841919,0.9740688800811768
YMR013C,YPL223C,0,-0.027212288,0.09370342642068863,0.9940711259841919,0.9741690158843994
YER111C,YPR025C,0,-0.027223801,0.09369470179080963,0.9940711259841919,0.9742691516876221
YLL001W,YER074W,0,-0.027229689,0.09368597716093063,0.9940711259841919,0.9743692278862
YKR104W,YPL033C,0,-0.027256923,0.09367725253105164,0.9940711259841919,0.9744693636894226
YPR187W,YHR119W,0,-0.027264092,0.09366852790117264,0.9940711259841919,0.9745694994926453
YDL212W,YLR394W,0,-0.027407378,0.09365981072187424,0.9940711259841919,0.9746695756912231
YPL050C,YJR138W,0,-0.0274616,0.09365108609199524,0.9940711259841919,0.9747697114944458
YOR039W,YNL070W,0,-0.027477602,0.09364236891269684,0.9940711259841919,0.9748698472976685
YMR288W,YGR159C,0,-0.027496263,0.09363365918397903,0.9940711259841919,0.9749699831008911
YNL096C,YKL183W,0,-0.027516503,0.09362494200468063,0.9940711259841919,0.975070059299469
YGR032W,YER002W,0,-0.027521517,0.09361623227596283,0.9940711259841919,0.9751701951026917
YLR453C,YPL057C,0,-0.027537122,0.09360751509666443,0.9940711259841919,0.9752703309059143
YPR163C,YPL087W,0,-0.027589768,0.09359880536794662,0.9940711259841919,0.975370466709137
YPL051W,YMR233W,0,-0.027671486,0.09359010308980942,0.9940711259841919,0.9754705429077148
YBL060W,YKL101W,0,-0.02772418,0.09358139336109161,0.9940711259841919,0.9755706787109375
YBL018C,YMR276W,0,-0.02775085,0.0935726910829544,0.9940711259841919,0.9756708145141602
YMR112C,YJL124C,0,-0.02780422,0.0935639888048172,0.9940711259841919,0.9757709503173828
YJL103C,YNL069C,0,-0.027813455,0.09355528652667999,0.9940711259841919,0.9758710265159607
YHR028C,YNL080C,0,-0.027872747,0.09354658424854279,0.9940711259841919,0.9759711623191833
YDR260C,YLR291C,0,-0.027877573,0.09353788942098618,0.9940711259841919,0.976071298122406
YCR028C-A,YBR274W,0,-0.027893748,0.09352919459342957,0.9940711259841919,0.9761714339256287
YDL020C,YNL191W,0,-0.027936699,0.09352049976587296,0.9940711259841919,0.9762715101242065
YLR151C,YDR151C,0,-0.027953073,0.09351180493831635,0.9940711259841919,0.9763716459274292
YDR324C,YKL078W,0,-0.027960582,0.09350311011075974,0.9940711259841919,0.9764717817306519
YOL120C,YER052C,0,-0.027983814,0.09349442273378372,0.9940711259841919,0.9765718579292297
YLR027C,YGR288W,0,-0.027998313,0.09348573535680771,0.9940711259841919,0.9766719937324524
YAL029C,YDL178W,0,-0.028008856,0.0934770479798317,0.9940711259841919,0.976772129535675
YHR069C,YDL015C,0,-0.028029077,0.09346836060285568,0.9940711259841919,0.9768722653388977
YKL096W,YGL184C,0,-0.028086733,0.09345968067646027,0.9940711259841919,0.9769723415374756
YGL203C,YML025C,0,-0.028103353,0.09345100075006485,0.9940711259841919,0.9770724773406982
YDR104C,YOL149W,0,-0.028313253,0.09344232082366943,0.9940711259841919,0.9771726131439209
YBR231C,YKL167C,0,-0.028354276,0.09343364089727402,0.9940711259841919,0.9772727489471436
YIR025W,YGL249W,0,-0.028364139,0.0934249609708786,0.9940711259841919,0.9773728251457214
YNL279W,YIL170W,0,-0.028545098,0.09341628849506378,0.9940711259841919,0.9774729609489441
YNR035C,YBL103C,0,-0.028568259,0.09340761601924896,0.9940711259841919,0.9775730967521667
YAL063C,YOL133W,0,-0.02861147,0.09339894354343414,0.9940711259841919,0.9776732325553894
YDR194C,YNL001W,0,-0.028672166,0.09339027106761932,0.9940711259841919,0.9777733087539673
YJL081C,YDR144C,0,-0.028677795,0.0933815985918045,0.9940711259841919,0.9778734445571899
YMR089C,YLR228C,0,-0.028684717,0.09337293356657028,0.9940711259841919,0.9779735803604126
YER073W,YOR232W,0,-0.028693695,0.09336426854133606,0.9940711259841919,0.9780737161636353
YMR169C,YJR045C,0,-0.028707644,0.09335560351610184,0.9940711259841919,0.9781737923622131
YGL051W,YOL101C,0,-0.028719705,0.09334694594144821,0.9940711259841919,0.9782739281654358
YLR035C,YGL003C,0,-0.028737651,0.09333828091621399,0.9940711259841919,0.9783740639686584
YEL071W,YJL172W,0,-0.028784167,0.09332962334156036,0.9940711259841919,0.9784741401672363
YGL031C,YGR258C,0,-0.02879177,0.09332096576690674,0.9940711259841919,0.978574275970459
YLR421C,YOR116C,0,-0.028803615,0.09331230819225311,0.9940711259841919,0.9786744117736816
YGL004C,YMR052W,0,-0.028806921,0.09330365061759949,0.9940711259841919,0.9787745475769043
YGL153W,YER122C,0,-0.028853275,0.09329500049352646,0.9940711259841919,0.9788746237754822
YOR344C,YDL103C,0,-0.02886415,0.09328635036945343,0.9940711259841919,0.9789747595787048
YGR231C,YDR530C,0,-0.028925091,0.0932777002453804,0.9940711259841919,0.9790748953819275
YDR030C,YPL259C,0,-0.028945949,0.09326905012130737,0.9940711259841919,0.9791750311851501
YLR163C,YNR017W,0,-0.028950222,0.09326040744781494,0.9940711259841919,0.979275107383728
YHR216W,YJL047C,0,-0.028969698,0.09325176477432251,0.9940711259841919,0.9793752431869507
YML073C,YML115C,0,-0.028991332,0.09324311465024948,0.9940711259841919,0.9794753789901733
YCL025C,YLL023C,0,-0.029054575,0.09323447942733765,0.9940711259841919,0.979575514793396
YGR249W,YJL116C,0,-0.02909812,0.09322583675384521,0.9940711259841919,0.9796755909919739
YPL036W,YIL114C,1,-0.029162526,0.09330985695123672,0.9950593113899231,0.9796755909919739
YGR166W,YMR036C,0,-0.02922216,0.0933012142777443,0.9950593113899231,0.9797757267951965
YGL259W,YBL061C,0,-0.029248627,0.09329257160425186,0.9950593113899231,0.9798758625984192
YIR039C,YNR043W,0,-0.029255994,0.09328392893075943,0.9950593113899231,0.9799759984016418
YDR082W,YOL003C,0,-0.02927251,0.093275286257267,0.9950593113899231,0.9800760746002197
YDR135C,YMR241W,1,-0.029329266,0.09335926920175552,0.9960474371910095,0.9800760746002197
YJR016C,YBR205W,0,-0.02938867,0.0933506190776825,0.9960474371910095,0.9801762104034424
YDL166C,YMR180C,0,-0.029473355,0.09334197640419006,0.9960474371910095,0.980276346206665
YJR009C,YGR209C,0,-0.029544588,0.09333333373069763,0.9960474371910095,0.9803764224052429
YGL244W,YPR118W,0,-0.029556986,0.0933246910572052,0.9960474371910095,0.9804765582084656
YNR028W,YKL156W,0,-0.029582398,0.09331605583429337,0.9960474371910095,0.9805766940116882
YGR089W,YDR104C,0,-0.029633123,0.09330741316080093,0.9960474371910095,0.9806768298149109
YBR173C,YOR237W,0,-0.029682213,0.0932987779378891,0.9960474371910095,0.9807769060134888
YLR320W,YMR164C,0,-0.029708043,0.09329014271497726,0.9960474371910095,0.9808770418167114
YPR019W,YFR031C,0,-0.029726453,0.09328150749206543,0.9960474371910095,0.9809771776199341
YOR211C,YJL050W,0,-0.029744226,0.09327287971973419,0.9960474371910095,0.9810773134231567
YDR462W,YAL034W-A,0,-0.029748425,0.09326425194740295,0.9960474371910095,0.9811773896217346
YBR083W,YGL180W,0,-0.029822499,0.09325561672449112,0.9960474371910095,0.9812775254249573
YGL060W,YPR001W,0,-0.029875044,0.09324699640274048,0.9960474371910095,0.9813776612281799
YDR416W,YLR448W,0,-0.02991467,0.09323836863040924,0.9960474371910095,0.9814777970314026
YDR337W,YGR179C,0,-0.029934699,0.0932297483086586,0.9960474371910095,0.9815778732299805
YLR429W,YER168C,0,-0.02993524,0.09322112053632736,0.9960474371910095,0.9816780090332031
YGL100W,YPL155C,0,-0.029963233,0.09321250021457672,0.9960474371910095,0.9817781448364258
YJR031C,YGR027C,0,-0.029971736,0.09320387989282608,0.9960474371910095,0.9818782806396484
YER001W,YCR002C,0,-0.02997201,0.09319526702165604,0.9960474371910095,0.9819783568382263
YNL323W,YOR120W,0,-0.029995564,0.09318665415048599,0.9960474371910095,0.982078492641449
YOL021C,YBR175W,0,-0.030019537,0.09317803382873535,0.9960474371910095,0.9821786284446716
YHL033C,YMR023C,0,-0.030036122,0.09316942095756531,0.9960474371910095,0.9822787642478943
YLR370C,YEL017C-A,0,-0.030070765,0.09316081553697586,0.9960474371910095,0.9823788404464722
YDR003W,YKL090W,0,-0.030089736,0.09315220266580582,0.9960474371910095,0.9824789762496948
YBR160W,YKL013C,0,-0.030127458,0.09314359724521637,0.9960474371910095,0.9825791120529175
YJR130C,YDL122W,0,-0.030137915,0.09313499182462692,0.9960474371910095,0.9826791882514954
YDL159W,YDR529C,0,-0.030202597,0.09312638640403748,0.9960474371910095,0.982779324054718
YMR139W,YBR291C,0,-0.030258115,0.09311778098344803,0.9960474371910095,0.9828794598579407
YLR203C,YML130C,0,-0.030301373,0.09310918301343918,0.9960474371910095,0.9829795956611633
YDR205W,YBR020W,0,-0.03030141,0.09310058504343033,0.9960474371910095,0.9830796718597412
YBL092W,YLR080W,0,-0.030315813,0.09309198707342148,0.9960474371910095,0.9831798076629639
YOR298C-A,YPR113W,0,-0.030396728,0.09308338910341263,0.9960474371910095,0.9832799434661865
YNL244C,YDL120W,0,-0.030423265,0.09307479113340378,0.9960474371910095,0.9833800792694092
YDR495C,YMR197C,0,-0.030448837,0.09306620061397552,0.9960474371910095,0.9834801554679871
YDR288W,YKL059C,0,-0.030451842,0.09305761009454727,0.9960474371910095,0.9835802912712097
YGL141W,YOR261C,0,-0.030477714,0.09304901957511902,0.9960474371910095,0.9836804270744324
YGL223C,YOL103W,0,-0.030564353,0.09304042905569077,0.9960474371910095,0.983780562877655
YNL039W,YOR128C,0,-0.030737173,0.09303183853626251,0.9960474371910095,0.9838806390762329
YKL164C,YGL128C,0,-0.030747265,0.09302325546741486,0.9960474371910095,0.9839807748794556
YAL009W,YBR185C,0,-0.03075316,0.0930146723985672,0.9960474371910095,0.9840809106826782
YPL147W,YCL052C,0,-0.030844646,0.09300608932971954,0.9960474371910095,0.9841810464859009
YMR213W,YNL227C,0,-0.030847538,0.09299750626087189,0.9960474371910095,0.9842811226844788
YKR071C,YMR136W,0,-0.030896254,0.09298893064260483,0.9960474371910095,0.9843812584877014
YPR132W,YDR117C,0,-0.030925632,0.09298035502433777,0.9960474371910095,0.9844813942909241
YBR185C,YLR002C,0,-0.030963834,0.09297177940607071,0.9960474371910095,0.984581470489502
YBL078C,YAL038W,0,-0.030988999,0.09296320378780365,0.9960474371910095,0.9846816062927246
YOR328W,YMR214W,0,-0.031061716,0.09295462816953659,0.9960474371910095,0.9847817420959473
YDR540C,YNL293W,0,-0.03113564,0.09294606000185013,0.9960474371910095,0.9848818778991699
YJL097W,YDR423C,0,-0.03115319,0.09293749183416367,0.9960474371910095,0.9849819540977478
YER050C,YNR043W,0,-0.03122598,0.0929289236664772,0.9960474371910095,0.9850820899009705
YIL066C,YDR043C,0,-0.031249506,0.09292035549879074,0.9960474371910095,0.9851822257041931
YLR045C,YGR006W,0,-0.03127432,0.09291178733110428,0.9960474371910095,0.9852823615074158
YML111W,YOR162C,0,-0.031414725,0.09290322661399841,0.9960474371910095,0.9853824377059937
YMR077C,YNL197C,0,-0.031533994,0.09289466589689255,0.9960474371910095,0.9854825735092163
YFL034C-A,YEL009C,0,-0.031534404,0.09288610517978668,0.9960474371910095,0.985582709312439
YPR166C,YOR361C,0,-0.031587195,0.09287754446268082,0.9960474371910095,0.9856828451156616
YBR264C,YLR048W,0,-0.03159345,0.09286899119615555,0.9960474371910095,0.9857829213142395
YGR135W,YDR144C,0,-0.031652194,0.09286043047904968,0.9960474371910095,0.9858830571174622
YDR003W,YGR140W,0,-0.031685986,0.09285187721252441,0.9960474371910095,0.9859831929206848
YGL123W,YNL131W,0,-0.031709727,0.09284332394599915,0.9960474371910095,0.9860833287239075
YER151C,YOR033C,0,-0.03171431,0.09283477813005447,0.9960474371910095,0.9861834049224854
YDR403W,YPR002W,0,-0.031733055,0.0928262248635292,0.9960474371910095,0.986283540725708
YGR009C,YMR137C,0,-0.031754427,0.09281767904758453,0.9960474371910095,0.9863836765289307
YOL129W,YGL137W,0,-0.03187202,0.09280913323163986,0.9960474371910095,0.9864837527275085
YMR288W,YOL008W,0,-0.03193051,0.09280058741569519,0.9960474371910095,0.9865838885307312
YPL177C,YOR007C,0,-0.031961992,0.09279204905033112,0.9960474371910095,0.9866840243339539
YDR281C,YER083C,0,-0.031980578,0.09278350323438644,0.9960474371910095,0.9867841601371765
YDR225W,YDR156W,0,-0.032006904,0.09277496486902237,0.9960474371910095,0.9868842363357544
YNL218W,YJL080C,0,-0.032047406,0.0927664265036583,0.9960474371910095,0.986984372138977
YIL065C,YKR037C,0,-0.03205286,0.09275788813829422,0.9960474371910095,0.9870845079421997
YER008C,YMR204C,0,-0.032158077,0.09274935722351074,0.9960474371910095,0.9871846437454224
YIR032C,YOR351C,0,-0.032189183,0.09274081885814667,0.9960474371910095,0.9872847199440002
YML116W,YIL079C,0,-0.03222737,0.09273228794336319,0.9960474371910095,0.9873848557472229
YDL055C,YMR092C,0,-0.032231264,0.09272375702857971,0.9960474371910095,0.9874849915504456
YGL130W,YNL300W,0,-0.032302603,0.09271523356437683,0.9960474371910095,0.9875851273536682
YMR266W,YIL160C,0,-0.032396812,0.09270670264959335,0.9960474371910095,0.9876852035522461
YIL065C,YPL273W,0,-0.032469064,0.09269817918539047,0.9960474371910095,0.9877853393554688
YGR145W,YDL165W,0,-0.03248437,0.09268965572118759,0.9960474371910095,0.9878854751586914
YIR011C,YMR065W,0,-0.03256191,0.09268113225698471,0.9960474371910095,0.9879856109619141
YAL023C,YGL123W,0,-0.032631822,0.09267260879278183,0.9960474371910095,0.9880856871604919
YPL042C,YGL135W,0,-0.03282786,0.09266409277915955,0.9960474371910095,0.9881858229637146
YGR257C,YDR331W,0,-0.03290068,0.09265557676553726,0.9960474371910095,0.9882859587669373
YEL040W,YDL002C,0,-0.03297595,0.09264706075191498,0.9960474371910095,0.9883860349655151
YGL106W,YKR038C,0,-0.03297697,0.0926385447382927,0.9960474371910095,0.9884861707687378
YKL091C,YDR195W,0,-0.03300644,0.09263002872467041,0.9960474371910095,0.9885863065719604
YJL177W,YJL104W,0,-0.033050243,0.09262152016162872,0.9960474371910095,0.9886864423751831
YJL140W,YDR296W,0,-0.0331789,0.09261301159858704,0.9960474371910095,0.988786518573761
YHR152W,YOL049W,0,-0.0331808,0.09260450303554535,0.9960474371910095,0.9888866543769836
YNL154C,YPR112C,0,-0.033229925,0.09259599447250366,0.9960474371910095,0.9889867901802063
YPR060C,YER172C,0,-0.03325179,0.09258749336004257,0.9960474371910095,0.989086925983429
YER101C,YER183C,0,-0.033363156,0.09257898479700089,0.9960474371910095,0.9891870021820068
YLR216C,YGR087C,0,-0.033434775,0.0925704836845398,0.9960474371910095,0.9892871379852295
YJL129C,YML106W,0,-0.033501454,0.0925619825720787,0.9960474371910095,0.9893872737884521
YGR183C,YOR069W,0,-0.03354334,0.09255348145961761,0.9960474371910095,0.9894874095916748
YDR088C,YGL089C,0,-0.033656675,0.09254498779773712,0.9960474371910095,0.9895874857902527
YHR172W,YJL194W,0,-0.03370125,0.09253649413585663,0.9960474371910095,0.9896876215934753
YIR009W,YJR075W,0,-0.033731576,0.09252800047397614,0.9960474371910095,0.989787757396698
YBR192W,YOL068C,0,-0.033902936,0.09251950681209564,0.9960474371910095,0.9898878931999207
YFL055W,YGR241C,0,-0.03409963,0.09251101315021515,0.9960474371910095,0.9899879693984985
YOL010W,YHR085W,0,-0.034107625,0.09250252693891525,0.9960474371910095,0.9900881052017212
YHR115C,YMR239C,0,-0.034117438,0.09249403327703476,0.9960474371910095,0.9901882410049438
YHR010W,YCR092C,0,-0.034123626,0.09248554706573486,0.9960474371910095,0.9902883172035217
YLR350W,YOR303W,0,-0.034389235,0.09247706085443497,0.9960474371910095,0.9903884530067444
YDR281C,YGR036C,0,-0.034397513,0.09246858209371567,0.9960474371910095,0.990488588809967
YLR142W,YIL121W,0,-0.03440311,0.09246009588241577,0.9960474371910095,0.9905887246131897
YAL009W,YNL148C,0,-0.03442608,0.09245161712169647,0.9960474371910095,0.9906888008117676
YMR011W,YPL241C,0,-0.034577325,0.09244313836097717,0.9960474371910095,0.9907889366149902
YLR142W,YHR086W,0,-0.03458813,0.09243465960025787,0.9960474371910095,0.9908890724182129
YPR187W,YGR227W,0,-0.034670174,0.09242618829011917,0.9960474371910095,0.9909892082214355
YMR241W,YNL238W,0,-0.034722745,0.09241771697998047,0.9960474371910095,0.9910892844200134
YDR064W,YPR079W,0,-0.034794033,0.09240923821926117,0.9960474371910095,0.9911894202232361
YGR286C,YGR124W,0,-0.03480181,0.09240076690912247,0.9960474371910095,0.9912895560264587
YGR041W,YNL304W,0,-0.034839787,0.09239230304956436,0.9960474371910095,0.9913896918296814
YGR281W,YHR066W,0,-0.034869105,0.09238383173942566,0.9960474371910095,0.9914897680282593
YGL026C,YPL011C,0,-0.035018876,0.09237536787986755,0.9960474371910095,0.9915899038314819
YER106W,YJL079C,0,-0.03521124,0.09236690402030945,0.9960474371910095,0.9916900396347046
YOR255W,YPL186C,0,-0.035215925,0.09235844016075134,0.9960474371910095,0.9917901754379272
YLR320W,YNL299W,0,-0.035282094,0.09234997630119324,0.9960474371910095,0.9918902516365051
YBR128C,YCR024C-A,0,-0.035324506,0.09234151989221573,0.9960474371910095,0.9919903874397278
YOR071C,YPL060W,1,-0.03550736,0.0924246609210968,0.997035562992096,0.9919903874397278
YKL218C,YPL249C,0,-0.03570378,0.0924161970615387,0.997035562992096,0.9920905232429504
YKR028W,YPL192C,0,-0.035974152,0.09240773320198059,0.997035562992096,0.9921905994415283
YDR486C,YNL300W,0,-0.03597915,0.09239926934242249,0.997035562992096,0.992290735244751
YJL121C,YDL083C,0,-0.03600003,0.09239080548286438,0.997035562992096,0.9923908710479736
YAL001C,YBR132C,0,-0.03624185,0.09238234907388687,0.997035562992096,0.9924910068511963
YMR217W,YDL161W,0,-0.036412127,0.09237389266490936,0.997035562992096,0.9925910830497742
YJL165C,YCR098C,0,-0.036462028,0.09236543625593185,0.997035562992096,0.9926912188529968
YNL326C,YCL008C,0,-0.0364679,0.09235697984695435,0.997035562992096,0.9927913546562195
YDL150W,YBR176W,0,-0.03653852,0.09234852343797684,0.997035562992096,0.9928914904594421
YBR155W,YNL310C,0,-0.036569547,0.09234007447957993,0.997035562992096,0.99299156665802
YML058W,YMR180C,0,-0.03659247,0.09233162552118301,0.997035562992096,0.9930917024612427
YBR273C,YCR030C,0,-0.036859557,0.0923231765627861,0.997035562992096,0.9931918382644653
YCR079W,YMR227C,0,-0.03691911,0.09231472760438919,0.997035562992096,0.993291974067688
YBR302C,YJL062W,0,-0.036949087,0.09230628609657288,0.997035562992096,0.9933920502662659
YDR392W,YLL019C,0,-0.037087742,0.09229784458875656,0.997035562992096,0.9934921860694885
YGL203C,YBR222C,0,-0.0373082,0.09228939563035965,0.997035562992096,0.9935923218727112
YPL131W,YDR118W,0,-0.037356667,0.09228096157312393,0.997035562992096,0.9936924576759338
YFL037W,YER016W,0,-0.03764087,0.09227252006530762,0.997035562992096,0.9937925338745117
YGR263C,YHR031C,0,-0.038102083,0.0922640785574913,0.997035562992096,0.9938926696777344
YGR227W,YNL304W,0,-0.038125157,0.09225564450025558,0.997035562992096,0.993992805480957
YOR039W,YDL112W,0,-0.038137,0.09224721044301987,0.997035562992096,0.9940929412841797
YDR314C,YKL008C,0,-0.038146302,0.09223877638578415,0.997035562992096,0.9941930174827576
YPL122C,YKL028W,0,-0.038165122,0.09223034977912903,0.997035562992096,0.9942931532859802
YDL150W,YML097C,0,-0.038312025,0.09222191572189331,0.997035562992096,0.9943932890892029
YDL225W,YLR145W,0,-0.038342513,0.09221348911523819,0.997035562992096,0.9944933652877808
YDR511W,YOR369C,0,-0.03846917,0.09220506250858307,0.997035562992096,0.9945935010910034
YDR037W,YLR028C,0,-0.0385897,0.09219663590192795,0.997035562992096,0.9946936368942261
YFL023W,YML056C,0,-0.03875947,0.09218821674585342,0.997035562992096,0.9947937726974487
YNR015W,YLR440C,0,-0.039060503,0.0921797901391983,0.997035562992096,0.9948938488960266
YJL074C,YMR016C,0,-0.039191026,0.09217137098312378,0.997035562992096,0.9949939846992493
YBL106C,YDL148C,0,-0.03920863,0.09216295182704926,0.997035562992096,0.9950941205024719
YMR032W,YPR094W,0,-0.03921199,0.09215453267097473,0.997035562992096,0.9951942563056946
YNL083W,YBR295W,1,-0.03926903,0.0922374427318573,0.9980236887931824,0.9951942563056946
YKL127W,YBR156C,0,-0.03948212,0.09222902357578278,0.9980236887931824,0.9952943325042725
YJR053W,YLR242C,0,-0.03949435,0.09222059696912766,0.9980236887931824,0.9953944683074951
YNL037C,YKR036C,0,-0.039576862,0.09221217781305313,0.9980236887931824,0.9954946041107178
YBR110W,YDL101C,0,-0.03995783,0.09220375865697861,0.9980236887931824,0.9955947399139404
YML073C,YCR009C,0,-0.04009053,0.09219534695148468,0.9980236887931824,0.9956948161125183
YDL002C,YGL232W,0,-0.04014935,0.09218692779541016,0.9980236887931824,0.995794951915741
YCL004W,YDL065C,0,-0.040320918,0.09217851608991623,0.9980236887931824,0.9958950877189636
YGR220C,YIL035C,0,-0.04032424,0.0921701043844223,0.9980236887931824,0.9959952235221863
YLR304C,YDR163W,0,-0.04043855,0.09216169267892838,0.9980236887931824,0.9960952997207642
YMR021C,YGL211W,0,-0.040522,0.09215328097343445,0.9980236887931824,0.9961954355239868
YPL160W,YDL036C,0,-0.04056295,0.09214487671852112,0.9980236887931824,0.9962955713272095
YHR082C,YEL021W,0,-0.040841743,0.09213647246360779,0.9980236887931824,0.9963956475257874
YBR077C,YLR079W,0,-0.040849227,0.09212806820869446,0.9980236887931824,0.99649578332901
YMR186W,YMR282C,0,-0.040858373,0.09211966395378113,0.9980236887931824,0.9965959191322327
YBR030W,YML019W,0,-0.040929858,0.0921112596988678,0.9980236887931824,0.9966960549354553
YOR299W,YNL291C,0,-0.04134289,0.09210286289453506,0.9980236887931824,0.9967961311340332
YGR109C,YML125C,0,-0.041509185,0.09209446609020233,0.9980236887931824,0.9968962669372559
YPL101W,YDR017C,0,-0.041794863,0.0920860692858696,0.9980236887931824,0.9969964027404785
YLR220W,YDL128W,1,-0.041926146,0.09216883778572083,0.9990118741989136,0.9969964027404785
YDL030W,YPL094C,0,-0.041979596,0.09216044098138809,0.9990118741989136,0.9970965385437012
YGR192C,YPL249C,0,-0.04242614,0.09215203672647476,0.9990118741989136,0.997196614742279
YMR117C,YNL097C,0,-0.042489156,0.09214363992214203,0.9990118741989136,0.9972967505455017
YPL047W,YER045C,0,-0.042649366,0.0921352431178093,0.9990118741989136,0.9973968863487244
YDR242W,YNL325C,0,-0.042859245,0.09212684631347656,0.9990118741989136,0.997497022151947
YDR058C,YDR285W,0,-0.04292537,0.09211844950914383,0.9990118741989136,0.9975970983505249
YOL082W,YHR209W,0,-0.04312878,0.0921100601553917,0.9990118741989136,0.9976972341537476
YKL195W,YMR142C,0,-0.04335539,0.09210167080163956,0.9990118741989136,0.9977973699569702
YDR104C,YGR188C,0,-0.043519713,0.09209327399730682,0.9990118741989136,0.9978975057601929
YDL082W,YNL210W,0,-0.043911733,0.09208489209413528,0.9990118741989136,0.9979975819587708
YMR043W,YER065C,0,-0.04430248,0.09207650274038315,0.9990118741989136,0.9980977177619934
YDL165W,YOR115C,0,-0.044625543,0.09206812083721161,0.9990118741989136,0.9981978535652161
YGR223C,YER115C,0,-0.0451642,0.09205973148345947,0.9990118741989136,0.998297929763794
YOR310C,YPR041W,0,-0.045587562,0.09205134958028793,0.9990118741989136,0.9983980655670166
YOR056C,YPR118W,0,-0.045594458,0.09204297512769699,0.9990118741989136,0.9984982013702393
YOL010W,YOL101C,0,-0.046053078,0.09203459322452545,0.9990118741989136,0.9985983371734619
YOR312C,YBR288C,0,-0.04622159,0.09202621877193451,0.9990118741989136,0.9986984133720398
YJL014W,YML022W,0,-0.04644092,0.09201783686876297,0.9990118741989136,0.9987985491752625
YGR264C,YGR258C,0,-0.04653009,0.09200946241617203,0.9990118741989136,0.9988986849784851
YMR290C,YOR067C,0,-0.047889158,0.09200109541416168,0.9990118741989136,0.9989988207817078
YMR014W,YDR156W,0,-0.049525023,0.09199272096157074,0.9990118741989136,0.9990988969802856
YGR020C,YKR030W,0,-0.04966405,0.0919843539595604,0.9990118741989136,0.9991990327835083
YDR508C,YBR004C,0,-0.050176427,0.09197597950696945,0.9990118741989136,0.999299168586731
YLR362W,YKL201C,0,-0.051367715,0.0919676125049591,0.9990118741989136,0.9993993043899536
YER082C,YKL143W,0,-0.0520265,0.09195925295352936,0.9990118741989136,0.9994993805885315
YCR020C,YMR180C,0,-0.052926246,0.09195088595151901,0.9990118741989136,0.9995995163917542
YKL164C,YPL186C,0,-0.053033657,0.09194252640008926,0.9990118741989136,0.9996996521949768
YOR222W,YHR076W,0,-0.054678537,0.09193416684865952,0.9990118741989136,0.9997997879981995
YER082C,YFL002C,0,-0.056910798,0.09192580729722977,0.9990118741989136,0.9998998641967773
YCR021C,YDR276C,1,-0.057945177,0.09200836718082428,1.0,0.9998998641967773
YBR004C,YDL122W,0,-0.06137822,0.09200000017881393,1.0,1.0
