Gene A,Gene B,Label,Score,Precision,Recall,False Positive Rate
YER103W,YKR095W-A,0,-3.0945015,0.0,0.0,9.999999747378752e-05
YHR138C,YOR068C,1,-3.2764049,0.5,0.0010000000474974513,9.999999747378752e-05
YJR160C,YMR134W,0,-3.334529,0.3333333432674408,0.0010000000474974513,0.00019999999494757503
YBR012W-B,YLR016C,0,-3.3629346,0.25,0.0010000000474974513,0.0003000000142492354
YHL012W,YGL055W,0,-3.3742712,0.20000000298023224,0.0010000000474974513,0.00039999998989515007
YNL210W,YOR008C-A,0,-3.3991737,0.1666666716337204,0.0010000000474974513,0.0005000000237487257
YCR055C,YNL020C,0,-3.4133372,0.1428571492433548,0.0010000000474974513,0.0006000000284984708
YCL060C,YFR053C,0,-3.4146423,0.125,0.0010000000474974513,0.000699999975040555
YDR320C-A,YCL039W,0,-3.4175029,0.1111111119389534,0.0010000000474974513,0.0007999999797903001
YDR210W-A,YIL155C,0,-3.4194167,0.10000000149011612,0.0010000000474974513,0.0008999999845400453
YLR035C-A,YOR122C,0,-3.4205213,0.09090909361839294,0.0010000000474974513,0.0010000000474974513
YBR221C,YBR090C-A,0,-3.4206908,0.0833333358168602,0.0010000000474974513,0.0010999999940395355
YEL057C,YER035W,0,-3.42364,0.07692307978868484,0.0010000000474974513,0.0012000000569969416
YNR006W,YPL257W-A,0,-3.4248,0.0714285746216774,0.0010000000474974513,0.0013000000035390258
YBL100W-A,YMR053C,0,-3.4261532,0.06666667014360428,0.0010000000474974513,0.00139999995008111
YOR380W,YBR012W-B,0,-3.4264772,0.0625,0.0010000000474974513,0.001500000013038516
YOR192C-B,YIL004C,0,-3.4278312,0.05882352963089943,0.0010000000474974513,0.0015999999595806003
YLL018C-A,YER065C,0,-3.428967,0.0555555559694767,0.0010000000474974513,0.0017000000225380063
YFL002W-B,YLR205C,0,-3.4305215,0.05263157933950424,0.0010000000474974513,0.0017999999690800905
YHR039C-B,YDR328C,1,-3.430656,0.10000000149011612,0.0020000000949949026,0.0017999999690800905
YDR261C-D,YHR055C,0,-3.4309566,0.095238097012043,0.0020000000949949026,0.0019000000320374966
YPL275W,YFR002W,0,-3.4336338,0.09090909361839294,0.0020000000949949026,0.0020000000949949026
YML102W,YCR062W,0,-3.4356878,0.08695652335882187,0.0020000000949949026,0.002099999925121665
YLR117C,YPL257W-A,0,-3.436041,0.0833333358168602,0.0020000000949949026,0.002199999988079071
YDR316W-A,YPR001W,0,-3.4380383,0.07999999821186066,0.0020000000949949026,0.002300000051036477
YHR039C-B,YKL080W,1,-3.4412885,0.11538461595773697,0.003000000026077032,0.002300000051036477
YDL138W,YGR038C-B,0,-3.4413712,0.1111111119389534,0.003000000026077032,0.002400000113993883
YPR137C-A,YAL059W,0,-3.4417589,0.1071428582072258,0.003000000026077032,0.0024999999441206455
YCR062W,YFR037C,0,-3.4448657,0.1034482792019844,0.003000000026077032,0.0026000000070780516
YDR261W-A,YKR026C,0,-3.4455307,0.10000000149011612,0.003000000026077032,0.0027000000700354576
YHR039C-B,YCL063W,1,-3.4475064,0.12903225421905518,0.004000000189989805,0.0027000000700354576
YLR227W-B,YOR351C,0,-3.448207,0.125,0.004000000189989805,0.00279999990016222
YDR214W,YER180C-A,0,-3.449128,0.12121212482452393,0.004000000189989805,0.002899999963119626
YLL026W,YLR410W-A,0,-3.4498634,0.11764705926179886,0.004000000189989805,0.003000000026077032
YGR002C,YPR137C-B,0,-3.4509535,0.11428571492433548,0.004000000189989805,0.003100000089034438
YGL137W,YBR090C-A,0,-3.452323,0.1111111119389534,0.004000000189989805,0.0031999999191612005
YDR316W-A,YPL258C,0,-3.4549208,0.10810811072587967,0.004000000189989805,0.0032999999821186066
YPL224C,YDR261W-B,0,-3.4558363,0.10526315867900848,0.004000000189989805,0.0034000000450760126
YOL103W-B,YDR425W,0,-3.4574058,0.10256410390138626,0.004000000189989805,0.0035000001080334187
YLR368W,YLR227W-B,0,-3.458147,0.10000000149011612,0.004000000189989805,0.003599999938160181
YDR261C-D,YGR267C,0,-3.458365,0.09756097197532654,0.004000000189989805,0.003700000001117587
YOR142W-A,YIL143C,0,-3.4599345,0.095238097012043,0.004000000189989805,0.003800000064074993
YKR081C,YGR027W-A,0,-3.4603705,0.09302325546741486,0.004000000189989805,0.0038999998942017555
YER169W,YFL035C-A,0,-3.4605432,0.09090909361839294,0.004000000189989805,0.004000000189989805
YDR065W,YJL012C-A,1,-3.4607735,0.1111111119389534,0.004999999888241291,0.004000000189989805
YML033W,YDR276C,0,-3.4609752,0.10869564861059189,0.004999999888241291,0.004100000020116568
YLR148W,YJL012C-A,1,-3.4627018,0.12765957415103912,0.006000000052154064,0.004100000020116568
YHR020W,YHL009W-B,0,-3.4629865,0.125,0.006000000052154064,0.00419999985024333
YDR495C,YHR039C-B,1,-3.4649994,0.1428571492433548,0.007000000216066837,0.00419999985024333
YAL033W,YPR137C-B,0,-3.46521,0.14000000059604645,0.007000000216066837,0.00430000014603138
YPR120C,YGR161W-B,0,-3.4653406,0.13725490868091583,0.007000000216066837,0.004399999976158142
YJL012C-A,YDR328C,1,-3.4656801,0.1538461595773697,0.00800000037997961,0.004399999976158142
YDR261W-A,YDL116W,0,-3.4662564,0.15094339847564697,0.00800000037997961,0.0044999998062849045
YFL002W-B,YPR007C,0,-3.4662564,0.14814814925193787,0.00800000037997961,0.004600000102072954
YLR227W-B,YFR031C,0,-3.466736,0.145454540848732,0.00800000037997961,0.004699999932199717
YOR192C-A,YLR084C,0,-3.467564,0.1428571492433548,0.00800000037997961,0.004800000227987766
YHL009W-B,YMR117C,0,-3.4683924,0.14035087823867798,0.00800000037997961,0.004900000058114529
YHL009W-B,YIL128W,0,-3.4694824,0.13793103396892548,0.00800000037997961,0.004999999888241291
YJL013C,YLR227W-B,0,-3.4698749,0.1355932205915451,0.00800000037997961,0.005100000184029341
YPL257W-B,YPL033C,0,-3.4704418,0.13333334028720856,0.00800000037997961,0.005200000014156103
YCR080W,YLR450W,0,-3.471233,0.13114753365516663,0.00800000037997961,0.0052999998442828655
YER159C-A,YLR200W,0,-3.4714007,0.12903225421905518,0.00800000037997961,0.005400000140070915
YHR039C-B,YPR036W,1,-3.472393,0.1428571492433548,0.008999999612569809,0.005400000140070915
YOR089C,YCL060C,0,-3.4725552,0.140625,0.008999999612569809,0.005499999970197678
YPR137C-A,YDR369C,0,-3.4731429,0.13846154510974884,0.008999999612569809,0.00559999980032444
YDR210W-A,YOR148C,0,-3.4747987,0.13636364042758942,0.008999999612569809,0.00570000009611249
YMR061W,YER180C-A,0,-3.4749591,0.13432836532592773,0.008999999612569809,0.005799999926239252
YDR545W,YLR227W-B,0,-3.4767904,0.13235294818878174,0.008999999612569809,0.005900000222027302
YGR027W-B,YNL021W,0,-3.476926,0.1304347813129425,0.008999999612569809,0.006000000052154064
YGL133W,YPL257W-A,0,-3.476926,0.12857143580913544,0.008999999612569809,0.006099999882280827
YFL002W-B,YBR182C,0,-3.476926,0.1267605572938919,0.008999999612569809,0.006200000178068876
YGR161W-A,YGR123C,0,-3.4769711,0.125,0.008999999612569809,0.006300000008195639
YBR294W,YGR038C-B,0,-3.4773784,0.12328767031431198,0.008999999612569809,0.006399999838322401
YGL095C,YJL012C-A,1,-3.477977,0.13513512909412384,0.009999999776482582,0.006399999838322401
YHR161C,YLR410W-A,0,-3.4781477,0.13333334028720856,0.009999999776482582,0.006500000134110451
YDR078C,YGR038C-B,0,-3.4796867,0.1315789520740509,0.009999999776482582,0.006599999964237213
YLR410W-A,YOL028C,0,-3.4797769,0.12987013161182404,0.009999999776482582,0.0066999997943639755
YDR439W,YKL075C,0,-3.4799602,0.12820513546466827,0.009999999776482582,0.006800000090152025
YOR343W-B,YNL085W,0,-3.480773,0.1265822798013687,0.009999999776482582,0.006899999920278788
YOR142W-A,YHR001W-A,0,-3.4817686,0.125,0.009999999776482582,0.007000000216066837
YOL130W,YDR210C-C,0,-3.4826956,0.12345679104328156,0.009999999776482582,0.0071000000461936
YIR023W,YDR316W-A,0,-3.4840636,0.12195122241973877,0.009999999776482582,0.007199999876320362
YGR109W-B,YGR284C,0,-3.4840636,0.1204819306731224,0.009999999776482582,0.007300000172108412
YJL148W,YML058W-A,0,-3.4854474,0.1190476194024086,0.009999999776482582,0.007400000002235174
YHR039C-B,YPL268W,1,-3.4862082,0.12941177189350128,0.010999999940395355,0.007400000002235174
YHR039C-B,YOR326W,1,-3.4872508,0.13953489065170288,0.012000000104308128,0.007400000002235174
YOR057W,YDR210W-A,0,-3.4884608,0.13793103396892548,0.012000000104308128,0.007499999832361937
YDR365W-B,YPR093C,0,-3.489047,0.13636364042758942,0.012000000104308128,0.007600000128149986
YIL042C,YOR343W-B,0,-3.4896576,0.13483145833015442,0.012000000104308128,0.007699999958276749
YER159C-A,YDR123C,0,-3.4899263,0.13333334028720856,0.012000000104308128,0.007799999788403511
YHR039C-B,YPL045W,1,-3.4901922,0.1428571492433548,0.013000000268220901,0.007799999788403511
YEL056W,YLR157C-B,0,-3.4909523,0.14130434393882751,0.013000000268220901,0.007899999618530273
YFL002W-B,YHR171W,0,-3.4910746,0.13978494703769684,0.013000000268220901,0.00800000037997961
YOR305W,YFL035C,0,-3.4914184,0.13829787075519562,0.013000000268220901,0.008100000210106373
YGL046W,YGR211W,0,-3.4921622,0.13684210181236267,0.013000000268220901,0.008200000040233135
YGR179C,YER159C-A,0,-3.4924672,0.1354166716337204,0.013000000268220901,0.008299999870359898
YPR158C-D,YCL017C,0,-3.49298,0.1340206116437912,0.013000000268220901,0.00839999970048666
YDR353W,YFL035C-A,0,-3.493936,0.13265305757522583,0.013000000268220901,0.008500000461935997
YKL108W,YPR137C-B,0,-3.494193,0.13131313025951385,0.013000000268220901,0.00860000029206276
YNL106C,YDR365W-B,0,-3.4943273,0.12999999523162842,0.013000000268220901,0.008700000122189522
YCR062W,YHR135C,0,-3.4946034,0.12871287763118744,0.013000000268220901,0.008799999952316284
YHR088W,YHR157W,0,-3.4946482,0.12745098769664764,0.013000000268220901,0.008899999782443047
YLR134W,YOR338W,0,-3.4948683,0.12621359527111053,0.013000000268220901,0.008999999612569809
YHR214C-C,YMR229C,0,-3.494977,0.125,0.013000000268220901,0.009100000374019146
YGL219C,YBL005W-B,0,-3.4953907,0.12380952388048172,0.013000000268220901,0.009200000204145908
YFL016C,YDR316W-A,0,-3.495604,0.12264151126146317,0.013000000268220901,0.00930000003427267
YDL017W,YLR256W-A,0,-3.4961867,0.1214953288435936,0.013000000268220901,0.009399999864399433
YPR158W-B,YDL005C,0,-3.4967017,0.12037037312984467,0.013000000268220901,0.009499999694526196
YHR039C-B,YGR020C,1,-3.4968104,0.12844036519527435,0.014000000432133675,0.009499999694526196
YDR261W-A,YPL140C,0,-3.497014,0.12727272510528564,0.014000000432133675,0.009600000455975533
YHR039C-B,YNL079C,1,-3.4972453,0.13513512909412384,0.014999999664723873,0.009600000455975533
YHR214C-C,YLR067C,0,-3.4975324,0.1339285671710968,0.014999999664723873,0.009700000286102295
YGR109W-B,YMR001C,0,-3.4979515,0.13274335861206055,0.014999999664723873,0.009800000116229057
YLR256W-A,YLR369W,0,-3.4983954,0.1315789520740509,0.014999999664723873,0.00989999994635582
YHL036W,YMR134W,0,-3.4993577,0.1304347813129425,0.014999999664723873,0.009999999776482582
YBR188C,YER159C-A,0,-3.499925,0.12931033968925476,0.014999999664723873,0.010099999606609344
YGR186W,YPR158W-B,0,-3.500517,0.12820513546466827,0.014999999664723873,0.010200000368058681
YHL009W-B,YLR181C,0,-3.5008378,0.12711864709854126,0.014999999664723873,0.010300000198185444
YJR027W,YJL095W,0,-3.5012007,0.1260504275560379,0.014999999664723873,0.010400000028312206
YOR192C-B,YDR082W,0,-3.5014048,0.125,0.014999999664723873,0.010499999858438969
YPR108W,YDL118W,0,-3.5020876,0.12396693974733353,0.014999999664723873,0.010599999688565731
YMR219W,YLR312C-B,0,-3.5025263,0.12295082211494446,0.014999999664723873,0.010700000450015068
YOL103W-A,YDR174W,0,-3.5026135,0.12195122241973877,0.014999999664723873,0.01080000028014183
YGL027C,YLR227W-A,0,-3.5028358,0.12096773833036423,0.014999999664723873,0.010900000110268593
YLR035C-A,YDR365W-A,0,-3.503551,0.11999999731779099,0.014999999664723873,0.010999999940395355
YJL204C,YPR137C-A,0,-3.5035756,0.1190476194024086,0.014999999664723873,0.011099999770522118
YLR227W-B,YLR256W-A,0,-3.504044,0.11811023950576782,0.014999999664723873,0.01119999960064888
YGR161C-C,YPR086W,0,-3.5042417,0.1171875,0.014999999664723873,0.011300000362098217
YBL103C,YCR080W,0,-3.5043592,0.11627907305955887,0.014999999664723873,0.01140000019222498
YCR055C,YKR027W,0,-3.5043678,0.11538461595773697,0.014999999664723873,0.011500000022351742
YFR003C,YDR316W-A,0,-3.5048337,0.11450381577014923,0.014999999664723873,0.011599999852478504
YLR227W-B,YPR073C,0,-3.5048337,0.11363636702299118,0.014999999664723873,0.011699999682605267
YDR103W,YPR137C-B,0,-3.5048583,0.11278195679187775,0.014999999664723873,0.011800000444054604
YOR143C,YFL035C,0,-3.5055656,0.11194030195474625,0.014999999664723873,0.011900000274181366
YOR142W-A,YBR105C,0,-3.5057955,0.1111111119389534,0.014999999664723873,0.012000000104308128
YLR059C,YCL012W,0,-3.507094,0.11029411852359772,0.014999999664723873,0.01209999993443489
YDR098C-B,YIL009C-A,0,-3.5075965,0.10948905348777771,0.014999999664723873,0.012199999764561653
YDR495C,YJL012C-A,1,-3.5090332,0.11594203114509583,0.01600000075995922,0.012199999764561653
YGR161W-A,YJR060W,0,-3.5090902,0.11510791629552841,0.01600000075995922,0.012299999594688416
YPR006C,YBL100W-A,0,-3.5093443,0.11428571492433548,0.01600000075995922,0.012400000356137753
YDR210C-D,YGL089C,0,-3.509725,0.11347517371177673,0.01600000075995922,0.012500000186264515
YOR343W-B,YGL106W,0,-3.5099368,0.11267605423927307,0.01600000075995922,0.012600000016391277
YER159C-A,YIL037C,0,-3.5100956,0.1118881106376648,0.01600000075995922,0.01269999984651804
YHL009W-B,YKR062W,0,-3.5101485,0.1111111119389534,0.01600000075995922,0.012799999676644802
YLR157C-B,YGL162W,0,-3.5108762,0.11034482717514038,0.01600000075995922,0.012900000438094139
YNR075W,YGR109W-A,0,-3.510929,0.10958904027938843,0.01600000075995922,0.013000000268220901
YOR192C-B,YLR079W,0,-3.5109951,0.10884353518486023,0.01600000075995922,0.013100000098347664
YPL060C-A,YOR174W,0,-3.511035,0.10810811072587967,0.01600000075995922,0.013199999928474426
YDR261C-D,YDL097C,0,-3.5115376,0.10738255083560944,0.01600000075995922,0.013299999758601189
YDR261W-B,YGL020C,0,-3.5123975,0.1066666692495346,0.01600000075995922,0.013399999588727951
YGR027W-B,YOR007C,0,-3.512477,0.10596026480197906,0.01600000075995922,0.013500000350177288
YJR063W,YOR192C-A,0,-3.512821,0.10526315867900848,0.01600000075995922,0.01360000018030405
YHR214C-C,YPL151C,0,-3.5131383,0.10457516461610794,0.01600000075995922,0.013700000010430813
YJL062W,YAR044W,0,-3.5133498,0.10389610379934311,0.01600000075995922,0.013799999840557575
YER146W,YFR024C,0,-3.5134861,0.10322580486536026,0.01600000075995922,0.013899999670684338
YDR404C,YPR137C-A,0,-3.5138264,0.10256410390138626,0.01600000075995922,0.014000000432133675
YOR208W,YGR109W-A,0,-3.5141306,0.10191082954406738,0.01600000075995922,0.014100000262260437
YOR192C-A,YNL119W,0,-3.5151362,0.10126582533121109,0.01600000075995922,0.0142000000923872
YMR207C,YLR256W-A,0,-3.5156388,0.10062892735004425,0.01600000075995922,0.014299999922513962
YOL069W,YGR161W-B,0,-3.5159166,0.10000000149011612,0.01600000075995922,0.014399999752640724
YDR365W-B,YGR241C,0,-3.5160751,0.09937888383865356,0.01600000075995922,0.014499999582767487
YDR261W-B,YOR149C,0,-3.516512,0.09876543283462524,0.01600000075995922,0.014600000344216824
YPL060C-A,YGL240W,0,-3.5170412,0.09815950691699982,0.01600000075995922,0.014700000174343586
YOR343W-A,YBL055C,0,-3.517372,0.09756097197532654,0.01600000075995922,0.014800000004470348
YNL054W-A,YHR023W,0,-3.5174513,0.09696969389915466,0.01600000075995922,0.01489999983459711
YOR192C-B,YFR055W,0,-3.5174775,0.09638553857803345,0.01600000075995922,0.014999999664723873
YOR160W,YGR161C-C,0,-3.5178878,0.09580838680267334,0.01600000075995922,0.01510000042617321
YLR256W-A,YOR266W,0,-3.5179143,0.095238097012043,0.01600000075995922,0.015200000256299973
YPL221W,YDR098C-A,0,-3.5179806,0.09467455744743347,0.01600000075995922,0.015300000086426735
YDR098C-B,YMR104C,0,-3.5189593,0.0941176488995552,0.01600000075995922,0.015399999916553497
YPR033C,YDR210W-A,0,-3.519012,0.09356725215911865,0.01600000075995922,0.01549999974668026
YHR070W,YLR256W-A,0,-3.5194225,0.09302325546741486,0.01600000075995922,0.015599999576807022
YDR098C-B,YOR208W,0,-3.5197532,0.09248554706573486,0.01600000075995922,0.015699999406933784
YOL091W,YDR316W-B,0,-3.519793,0.09195402264595032,0.01600000075995922,0.015799999237060547
YPL076W,YDR210W-A,0,-3.5212307,0.09142857044935226,0.01600000075995922,0.01590000092983246
YLR301W,YKL055C,0,-3.521274,0.09090909361839294,0.01600000075995922,0.01600000075995922
YPL060C-A,YJL114W,0,-3.521809,0.0903954803943634,0.01600000075995922,0.016100000590085983
YML058W,YPL257W-A,0,-3.521809,0.08988764137029648,0.01600000075995922,0.016200000420212746
YLR045C,YDR261C-C,0,-3.522458,0.08938547223806381,0.01600000075995922,0.016300000250339508
YLR157C-B,YGR222W,0,-3.5226417,0.08888889104127884,0.01600000075995922,0.01640000008046627
YLR013W,YBR012W-B,0,-3.5228004,0.0883977934718132,0.01600000075995922,0.016499999910593033
YHR039C-B,YLR148W,1,-3.5228827,0.09340659528970718,0.017000000923871994,0.016499999910593033
YCL034W,YDR365W-A,0,-3.522966,0.09289617836475372,0.017000000923871994,0.016599999740719795
YHR001W,YPL257W-A,0,-3.5230649,0.09239130467176437,0.017000000923871994,0.016699999570846558
YHR090C,YDR210C-C,0,-3.52322,0.09189189225435257,0.017000000923871994,0.01679999940097332
YFL011W-A,YDR472W,0,-3.5232267,0.09139785170555115,0.017000000923871994,0.016899999231100082
YDR263C,YNL054W-B,0,-3.523347,0.09090909361839294,0.017000000923871994,0.017000000923871994
YBR109C,YJL012C-A,1,-3.5235417,0.09574468433856964,0.017999999225139618,0.017000000923871994
YFL011W-A,YGL195W,0,-3.5239568,0.095238097012043,0.017999999225139618,0.017100000753998756
YDR320C-A,YOR317W,0,-3.5239704,0.09473684430122375,0.017999999225139618,0.01720000058412552
YPL257W-B,YDR276C,0,-3.5240948,0.09424083679914474,0.017999999225139618,0.01730000041425228
YNL054W-B,YGR192C,0,-3.5242782,0.09375,0.017999999225139618,0.017400000244379044
YJL129C,YHR079C-B,0,-3.5246177,0.09326425194740295,0.017999999225139618,0.017500000074505806
YKR067W,YCR080W,0,-3.5246944,0.09278350323438644,0.017999999225139618,0.01759999990463257
YIL017W,YIL142W,0,-3.5249124,0.0923076942563057,0.017999999225139618,0.01769999973475933
YPL257W-A,YDR081C,0,-3.5252519,0.09183673560619354,0.017999999225139618,0.017799999564886093
YLR034C,YER159C-A,0,-3.5253434,0.09137056022882462,0.017999999225139618,0.017899999395012856
YBL032W,YDR365W-B,0,-3.525428,0.09090909361839294,0.017999999225139618,0.017999999225139618
YOR142W-A,YDR529C,0,-3.5258515,0.09045226126909256,0.017999999225139618,0.01810000091791153
YLR256W-A,YDL231C,0,-3.5258584,0.09000000357627869,0.017999999225139618,0.018200000748038292
YNL054W-A,YBR145W,0,-3.526162,0.08955223858356476,0.017999999225139618,0.018300000578165054
YLR160C,YML033W,0,-3.5263152,0.0891089141368866,0.017999999225139618,0.018400000408291817
YDR261W-A,YOR216C,0,-3.526557,0.08866994827985764,0.017999999225139618,0.01850000023841858
YER065C,YDR261C-C,0,-3.5270298,0.0882352963089943,0.017999999225139618,0.01860000006854534
YPL160W,YCL019W,0,-3.5280151,0.08780487626791,0.017999999225139618,0.018699999898672104
YPR167C,YPR137C-B,0,-3.528102,0.08737864345312119,0.017999999225139618,0.018799999728798866
YGL208W,YLR227W-A,0,-3.528349,0.08695652335882187,0.017999999225139618,0.01889999955892563
YKR035W-A,YDR210C-C,0,-3.528758,0.08653846383094788,0.017999999225139618,0.01899999938905239
YLR256W-A,YNL093W,0,-3.5292025,0.08612440526485443,0.017999999225139618,0.019099999219179153
YOR343W-A,YKL049C,0,-3.5292308,0.08571428805589676,0.017999999225139618,0.019200000911951065
YPR052C,YPR158W-B,0,-3.5293293,0.08530806005001068,0.017999999225139618,0.019300000742077827
YEL015W,YGR038C-B,0,-3.5294142,0.08490566164255142,0.017999999225139618,0.01940000057220459
YFR004W,YDR261C-C,0,-3.5302043,0.0845070406794548,0.017999999225139618,0.019500000402331352
YGR161W-B,YOR348C,0,-3.5305007,0.08411215245723724,0.017999999225139618,0.019600000232458115
YOL103W-B,YHR205W,0,-3.530931,0.08372092992067337,0.017999999225139618,0.019700000062584877
YDR261W-B,YMR046C,0,-3.5316083,0.0833333358168602,0.017999999225139618,0.01979999989271164
YDL235C,YOR343W-B,0,-3.5319538,0.08294931054115295,0.017999999225139618,0.019899999722838402
YGL025C,YDR210W-A,0,-3.5319963,0.08256880939006805,0.017999999225139618,0.019999999552965164
YPR158W-B,YDR490C,0,-3.532088,0.08219178020954132,0.017999999225139618,0.020099999383091927
YDR316W-B,YDR201W,0,-3.53237,0.08181817829608917,0.017999999225139618,0.02019999921321869
YGL058W,YCR080W,0,-3.5326576,0.08144796639680862,0.017999999225139618,0.0203000009059906
YPR158W-B,YFR055W,0,-3.533086,0.0810810774564743,0.017999999225139618,0.020400000736117363
YDR263C,YFL002W-B,0,-3.5331814,0.08071748912334442,0.017999999225139618,0.020500000566244125
YMR008C,YDR098C-A,0,-3.533238,0.0803571417927742,0.017999999225139618,0.020600000396370888
YFL002W-B,YMR109W,0,-3.5333402,0.07999999821186066,0.017999999225139618,0.02070000022649765
YPR100W,YDR210C-C,0,-3.5334284,0.0796460211277008,0.017999999225139618,0.020800000056624413
YEL057C,YDR002W,0,-3.533578,0.07929515093564987,0.017999999225139618,0.020899999886751175
YCL003W,YFL035C-A,0,-3.534246,0.07894736528396606,0.017999999225139618,0.020999999716877937
YPR158C-D,YNL220W,0,-3.5344055,0.0786026194691658,0.017999999225139618,0.0210999995470047
YDR261C-C,YOL129W,0,-3.5347614,0.0782608687877655,0.017999999225139618,0.021199999377131462
YOL069W,YCL012W,0,-3.5348053,0.07792207598686218,0.017999999225139618,0.021299999207258224
YAR044W,YHR084W,0,-3.5348768,0.07758620381355286,0.017999999225139618,0.021400000900030136
YDR316W-A,YKR029C,0,-3.5352309,0.07725322246551514,0.017999999225139618,0.0215000007301569
YCR033W,YLR227W-A,0,-3.535254,0.07692307978868484,0.017999999225139618,0.02160000056028366
YDR080W,YJL012C-A,1,-3.5356097,0.08085106313228607,0.01899999938905239,0.02160000056028366
YDL038C,YLR357W,0,-3.5357165,0.08050847798585892,0.01899999938905239,0.021700000390410423
YDL038C,YPL262W,0,-3.5358663,0.08016877621412277,0.01899999938905239,0.021800000220537186
YPR138C,YLR227W-A,0,-3.536171,0.07983193546533585,0.01899999938905239,0.021900000050663948
YPL257W-B,YIR021W,0,-3.536404,0.07949791103601456,0.01899999938905239,0.02199999988079071
YDL174C,YDR316W-A,0,-3.536605,0.07916666567325592,0.01899999938905239,0.022099999710917473
YDR261C-D,YPL012W,0,-3.5366278,0.07883817702531815,0.01899999938905239,0.022199999541044235
YDR210C-C,YGL020C,0,-3.536662,0.07851240038871765,0.01899999938905239,0.022299999371170998
YDR211W,YDR261W-B,0,-3.5369277,0.07818929851055145,0.01899999938905239,0.02239999920129776
YHR039C-B,YNL054W,1,-3.537364,0.08196721225976944,0.019999999552965164,0.02239999920129776
YMR288W,YDR210C-C,0,-3.5376859,0.08163265138864517,0.019999999552965164,0.02250000089406967
YKR065C,YHR214C-C,0,-3.5380268,0.08130080997943878,0.019999999552965164,0.022600000724196434
YOR142W-A,YER120W,0,-3.5382376,0.08097165822982788,0.019999999552965164,0.022700000554323196
YHR039C-B,YHR026W,1,-3.5382829,0.08467742055654526,0.020999999716877937,0.022700000554323196
YDR276C,YBL101W-A,0,-3.5384722,0.08433734625577927,0.020999999716877937,0.02280000038444996
YDR450W,YOR343C-A,0,-3.5384722,0.08399999886751175,0.020999999716877937,0.02290000021457672
YNL216W,YGR038C-B,0,-3.5384722,0.08366534113883972,0.020999999716877937,0.023000000044703484
YLR157C-A,YLR114C,0,-3.5384722,0.0833333358168602,0.020999999716877937,0.023099999874830246
YDR300C,YNL284C-A,0,-3.5384722,0.0830039530992508,0.020999999716877937,0.02319999970495701
YBL101W-B,YLR100W,0,-3.5384722,0.08267716318368912,0.020999999716877937,0.02329999953508377
YLR157C-A,YGL075C,0,-3.5384722,0.08235294371843338,0.020999999716877937,0.023399999365210533
YPL257W-B,YIL159W,0,-3.5384722,0.08203125,0.020999999716877937,0.023499999195337296
YNL284C-A,YDR130C,0,-3.5384722,0.08171205967664719,0.020999999716877937,0.023600000888109207
YLR157C-A,YDR217C,0,-3.5384722,0.08139535039663315,0.020999999716877937,0.02370000071823597
YGR054W,YLR391W-A,0,-3.5384722,0.0810810774564743,0.020999999716877937,0.023800000548362732
YPR036W-A,YLR459W,0,-3.5384722,0.08076923340559006,0.020999999716877937,0.023900000378489494
YDR210W-C,YGL046W,0,-3.5384722,0.08045977354049683,0.020999999716877937,0.024000000208616257
YLR157C-A,YOL059W,0,-3.5384722,0.08015266805887222,0.020999999716877937,0.02410000003874302
YHL019C,YHL009W-A,0,-3.5384722,0.07984790951013565,0.020999999716877937,0.02419999986886978
YNL284C-A,YDL195W,0,-3.5384722,0.07954545319080353,0.020999999716877937,0.024299999698996544
YHR039C-B,YHR138C,1,-3.5384722,0.08301886916160583,0.02199999988079071,0.024299999698996544
YDR461W,YDR210W-C,0,-3.5384722,0.0827067643404007,0.02199999988079071,0.024399999529123306
YDR014W-A,YDR093W,0,-3.5384722,0.08239700645208359,0.02199999988079071,0.02449999935925007
YHR161C,YBL101W-A,0,-3.5384722,0.08208955079317093,0.02199999988079071,0.02459999918937683
YDR210W-C,YDR130C,0,-3.5384722,0.08178438991308212,0.02199999988079071,0.024700000882148743
YOR109W,YOR343C-A,0,-3.5384722,0.08148147910833359,0.02199999988079071,0.024800000712275505
YFR024C,YDL109C,0,-3.5384722,0.08118081092834473,0.02199999988079071,0.024900000542402267
YPR036W-A,YBR110W,0,-3.5384722,0.08088235557079315,0.02199999988079071,0.02500000037252903
YNL284C-A,YNL259C,0,-3.5384722,0.08058608323335648,0.02199999988079071,0.025100000202655792
YDR216W,YGR161W-A,0,-3.5384722,0.08029197156429291,0.02199999988079071,0.025200000032782555
YDR210W-C,YPL133C,0,-3.5384722,0.07999999821186066,0.02199999988079071,0.025299999862909317
YPR112C,YDR210W-D,0,-3.5384722,0.07971014827489853,0.02199999988079071,0.02539999969303608
YGR193C,YPR036W-A,0,-3.5384722,0.07942238450050354,0.02199999988079071,0.025499999523162842
YDR210W-C,YGL229C,0,-3.5384722,0.0791366919875145,0.02199999988079071,0.025599999353289604
YHR190W,YNL284C-A,0,-3.5384722,0.0788530483841896,0.02199999988079071,0.025699999183416367
YPR036W-A,YBR093C,0,-3.5384722,0.07857143133878708,0.02199999988079071,0.025800000876188278
YNR038W,YPR036W-A,0,-3.5384722,0.07829181849956512,0.02199999988079071,0.02590000070631504
YER183C,YOR343C-A,0,-3.5384722,0.07801418751478195,0.02199999988079071,0.026000000536441803
YDR210W-C,YMR125W,0,-3.5384722,0.07773851603269577,0.02199999988079071,0.026100000366568565
YNL284C-A,YKL179C,0,-3.5384722,0.07746478915214539,0.02199999988079071,0.026200000196695328
YDR421W,YHL009W-A,0,-3.5384722,0.07719298452138901,0.02199999988079071,0.02630000002682209
YNL284C-A,YIL026C,0,-3.5384722,0.07692307978868484,0.02199999988079071,0.026399999856948853
YJL208C,YOR343C-A,0,-3.5384722,0.07665505260229111,0.02199999988079071,0.026499999687075615
YNL284C-A,YIL150C,0,-3.5384722,0.0763888880610466,0.02199999988079071,0.026599999517202377
YNL284C-A,YDR423C,0,-3.5384722,0.07612456381320953,0.02199999988079071,0.02669999934732914
YDR098C-B,YFL034C-B,0,-3.5384722,0.07586207240819931,0.02199999988079071,0.026799999177455902
YJL042W,YLR157C-A,0,-3.5384722,0.07560137659311295,0.02199999988079071,0.026900000870227814
YDR210W-D,YDL128W,0,-3.5384722,0.07534246891736984,0.02199999988079071,0.027000000700354576
YBR171W,YDR210W-D,0,-3.5384722,0.07508532702922821,0.02199999988079071,0.02710000053048134
YNL284C-A,YER001W,0,-3.5384722,0.07482992857694626,0.02199999988079071,0.0272000003606081
YDR210W-C,YBR126C,0,-3.5384722,0.07457627356052399,0.02199999988079071,0.027300000190734863
YPL117C,YHL009W-A,0,-3.5384722,0.07432432472705841,0.02199999988079071,0.027400000020861626
YDR210W-D,YLR182W,0,-3.5384722,0.07407407462596893,0.02199999988079071,0.027499999850988388
YDR210W-C,YMR182C,0,-3.5384722,0.07382550090551376,0.02199999988079071,0.02759999968111515
YIR021W,YDR210W-D,0,-3.5384722,0.0735785961151123,0.02199999988079071,0.027699999511241913
YHR055C,YPR036W-A,0,-3.5384722,0.07333333045244217,0.02199999988079071,0.027799999341368675
YGL124C,YOR343C-A,0,-3.5384722,0.07308970391750336,0.02199999988079071,0.027899999171495438
YDR210W-C,YPR190C,0,-3.5384722,0.07284767925739288,0.02199999988079071,0.02800000086426735
YDR435C,YDR210W-D,0,-3.5384722,0.07260726392269135,0.02199999988079071,0.02810000069439411
YNL284C-A,YGL126W,0,-3.5384722,0.07236842066049576,0.02199999988079071,0.028200000524520874
YPR036W-A,YBR265W,0,-3.5384722,0.07213114947080612,0.02199999988079071,0.028300000354647636
YFL002W-B,YIL159W,0,-3.5384722,0.07189542800188065,0.02199999988079071,0.0284000001847744
YOR142W-A,YFL034C-B,0,-3.5384722,0.07166124135255814,0.02199999988079071,0.02850000001490116
YBL101W-B,YGR157W,0,-3.5384722,0.0714285746216774,0.02199999988079071,0.028599999845027924
YBL101W-B,YPL127C,0,-3.5384722,0.07119741290807724,0.02199999988079071,0.028699999675154686
YDR210W-D,YIL046W,0,-3.5384722,0.07096774131059647,0.02199999988079071,0.02879999950528145
YJR092W,YHR214C-C,0,-3.5384722,0.07073955237865448,0.02199999988079071,0.02889999933540821
YOR343W-B,YCR026C,0,-3.5384722,0.07051282376050949,0.02199999988079071,0.028999999165534973
YKL182W,YHL009W-A,0,-3.5384722,0.0702875405550003,0.02199999988079071,0.029100000858306885
YDR210W-C,YBR260C,0,-3.5384722,0.07006369531154633,0.02199999988079071,0.029200000688433647
YBL101W-B,YIL070C,0,-3.5384722,0.06984127312898636,0.02199999988079071,0.02930000051856041
YHR148W,YBL101W-A,0,-3.5384722,0.06962025165557861,0.02199999988079071,0.029400000348687172
YBL099W,YOR343C-A,0,-3.5384722,0.06940063089132309,0.02199999988079071,0.029500000178813934
YNL318C,YDR261C-C,0,-3.5384722,0.069182388484478,0.02199999988079071,0.029600000008940697
YMR246W,YBL101W-A,0,-3.5384722,0.06896551698446274,0.02199999988079071,0.02969999983906746
YCR071C,YOR343C-A,0,-3.5384722,0.06875000149011612,0.02199999988079071,0.02979999966919422
YMR186W,YHL009W-A,0,-3.5384722,0.06853582710027695,0.02199999988079071,0.029899999499320984
YDR014W-A,YOL146W,0,-3.5384722,0.06832297891378403,0.02199999988079071,0.029999999329447746
YMR276W,YNL284C-A,0,-3.5384722,0.06811145693063736,0.02199999988079071,0.03009999915957451
YLR224W,YFL035C-A,0,-3.5384722,0.06790123134851456,0.02199999988079071,0.03020000085234642
YMR045C,YPR036W-A,0,-3.5384722,0.06769230961799622,0.02199999988079071,0.030300000682473183
YIL023C,YNL284C-A,0,-3.5384722,0.06748466193675995,0.02199999988079071,0.030400000512599945
YPR036W-A,YDR227W,0,-3.5384722,0.06727828830480576,0.02199999988079071,0.030500000342726707
YLR157C-A,YHR005C,0,-3.5384722,0.06707317382097244,0.02199999988079071,0.03060000017285347
YDR316W-A,YBR058C-A,0,-3.5384722,0.06686930358409882,0.02199999988079071,0.030700000002980232
YDR210W-C,YDR206W,0,-3.5384722,0.06666667014360428,0.02199999988079071,0.030799999833106995
YOL006C,YNL284C-A,0,-3.5384722,0.06646525859832764,0.02199999988079071,0.030899999663233757
YDR210C-D,YER164W,0,-3.5384722,0.0662650614976883,0.02199999988079071,0.03099999949336052
YLL008W,YDR210W-D,0,-3.5384722,0.06606606394052505,0.02199999988079071,0.031099999323487282
YHR138C,YJL012C-A,1,-3.5384722,0.06886227428913116,0.023000000044703484,0.031099999323487282
YNL053W,YBL101W-A,0,-3.5384722,0.06865671277046204,0.023000000044703484,0.031199999153614044
YBL101W-B,YPL008W,0,-3.5384722,0.0684523805975914,0.023000000044703484,0.031300000846385956
YDR210W-C,YPL156C,0,-3.5384722,0.06824925541877747,0.023000000044703484,0.03139999881386757
YDR210W-D,YHR073W,0,-3.5384722,0.06804733723402023,0.023000000044703484,0.03150000050663948
YNL054W-A,YCR058C,0,-3.5384722,0.06784661114215851,0.023000000044703484,0.031599998474121094
YLR157C-A,YPL128C,0,-3.5384722,0.0676470622420311,0.023000000044703484,0.031700000166893005
YFL010W-A,YHL009W-A,0,-3.5384722,0.0674486830830574,0.023000000044703484,0.03180000185966492
YPL232W,YPR036W-A,0,-3.5384722,0.06725145876407623,0.023000000044703484,0.03189999982714653
YNL284C-A,YNL053W,0,-3.5384722,0.06705539673566818,0.023000000044703484,0.03200000151991844
YGR027W-B,YGL133W,0,-3.538869,0.06686046719551086,0.023000000044703484,0.032099999487400055
YLR227W-B,YER123W,0,-3.53896,0.06666667014360428,0.023000000044703484,0.03220000118017197
YNL054W-A,YLR190W,0,-3.53961,0.06647399067878723,0.023000000044703484,0.03229999914765358
YLR396C,YHR039C-B,1,-3.539872,0.06916426867246628,0.024000000208616257,0.03229999914765358
YEL015W,YDR261C-C,0,-3.540037,0.06896551698446274,0.024000000208616257,0.03240000084042549
YKL150W,YDR261C-C,0,-3.540463,0.06876790523529053,0.024000000208616257,0.032499998807907104
YOL103W-B,YOR330C,0,-3.540693,0.06857142597436905,0.024000000208616257,0.032600000500679016
YDL185W,YJL012C-A,1,-3.5409431,0.07122506946325302,0.02500000037252903,0.032600000500679016
YJL021C,YPL007C,0,-3.5410535,0.07102272659540176,0.02500000037252903,0.03269999846816063
YGR161W-B,YJL098W,0,-3.5410576,0.07082153111696243,0.02500000037252903,0.03280000016093254
YDL038C,YJL222W,0,-3.5412612,0.07062146812677383,0.02500000037252903,0.03290000185370445
YNL272C,YDL038C,0,-3.5415802,0.07042253762483597,0.02500000037252903,0.032999999821186066
YDR210W-A,YPL032C,0,-3.5424693,0.07022471725940704,0.02500000037252903,0.03310000151395798
YMR106C,YJR027W,0,-3.5430555,0.07002801448106766,0.02500000037252903,0.03319999948143959
YHR039C-B,YBR109C,1,-3.5431306,0.07262569665908813,0.026000000536441803,0.03319999948143959
YLR227W-A,YBR030W,0,-3.5431595,0.07242339849472046,0.026000000536441803,0.0333000011742115
YGR109W-A,YOR373W,0,-3.5433505,0.07222222536802292,0.026000000536441803,0.033399999141693115
YDL190C,YGR272C,0,-3.5439265,0.07202216237783432,0.026000000536441803,0.03350000083446503
YDR238C,YBR159W,0,-3.5440698,0.07182320207357407,0.026000000536441803,0.03359999880194664
YLR207W,YDR261C-C,0,-3.5446687,0.07162534445524216,0.026000000536441803,0.03370000049471855
YLR227W-B,YMR051C,0,-3.5446806,0.0714285746216774,0.026000000536441803,0.033799998462200165
YLR386W,YHR039C-B,1,-3.5451293,0.07397260516881943,0.027000000700354576,0.033799998462200165
YKL200C,YJR035W,0,-3.5451536,0.07377049326896667,0.027000000700354576,0.033900000154972076
YBR245C,YER108C,0,-3.545452,0.07356948405504227,0.027000000700354576,0.03400000184774399
YNL049C,YLR391W-A,0,-3.545848,0.07336956262588501,0.027000000700354576,0.0340999998152256
YPR190C,YCR080W,0,-3.5462723,0.0731707289814949,0.027000000700354576,0.03420000150799751
YCR102C,YDR261C-C,0,-3.5464258,0.07297297567129135,0.027000000700354576,0.034299999475479126
YIL014W,YLR224W,0,-3.5464864,0.07277628034353256,0.027000000700354576,0.03440000116825104
YHL020C,YPR137C-B,0,-3.5467963,0.07258064299821854,0.027000000700354576,0.03449999913573265
YOR338W,YBL080C,0,-3.5468917,0.07238605618476868,0.027000000700354576,0.03460000082850456
YLR227W-A,YPR135W,0,-3.5471396,0.07219251245260239,0.027000000700354576,0.034699998795986176
YDR261C-D,YLR015W,0,-3.5478344,0.07199999690055847,0.027000000700354576,0.03480000048875809
YGR038C-B,YKL145W,0,-3.5478969,0.07180850952863693,0.027000000700354576,0.0348999984562397
YNR072W,YDR210C-C,0,-3.5479436,0.07161803543567657,0.027000000700354576,0.03500000014901161
YAL023C,YGR161C-C,0,-3.5487237,0.0714285746216774,0.027000000700354576,0.035100001841783524
YGR109W-B,YDR295C,0,-3.5494342,0.07124010473489761,0.027000000700354576,0.03519999980926514
YLR403W,YFL002W-B,0,-3.5500038,0.07105263322591782,0.027000000700354576,0.03530000150203705
YPR173C,YGR027W-A,0,-3.5500114,0.07086614519357681,0.027000000700354576,0.03539999946951866
YGR161C-C,YOL064C,0,-3.550308,0.07068062573671341,0.027000000700354576,0.03550000116229057
YGR161C-C,YDL007W,0,-3.5503392,0.0704960823059082,0.027000000700354576,0.035599999129772186
YMR069W,YHR214C-C,0,-3.5511274,0.0703125,0.027000000700354576,0.0357000008225441
YHR039C-B,YOR068C,1,-3.5511522,0.072727270424366,0.02800000086426735,0.0357000008225441
YGL046W,YAR015W,0,-3.5511866,0.07253886014223099,0.02800000086426735,0.03579999879002571
YHR039C-B,YEL051W,1,-3.551229,0.07493539899587631,0.028999999165534973,0.03579999879002571
YMR231W,YJL012C-A,1,-3.552044,0.07731958478689194,0.029999999329447746,0.03579999879002571
YHR039C-B,YDL185W,1,-3.552678,0.07969151437282562,0.03099999949336052,0.03579999879002571
YLR227W-B,YOL009C,0,-3.552719,0.07948718219995499,0.03099999949336052,0.03590000048279762
YDR316W-A,YDR303C,0,-3.552766,0.07928388565778732,0.03099999949336052,0.035999998450279236
YJL012C-A,YBR127C,1,-3.553022,0.08163265138864517,0.03200000151991844,0.035999998450279236
YLR172C,YDR261C-C,0,-3.5531797,0.08142493665218353,0.03200000151991844,0.03610000014305115
YOR038C,YGR161C-C,0,-3.5531952,0.08121827244758606,0.03200000151991844,0.03620000183582306
YGL180W,YCR058C,0,-3.5539412,0.08101265877485275,0.03200000151991844,0.03629999980330467
YLR035C-A,YPR163C,0,-3.554427,0.08080808073282242,0.03200000151991844,0.036400001496076584
YOR308C,YKL200C,0,-3.5545862,0.08060453087091446,0.03200000151991844,0.0364999994635582
YEL051W,YJL012C-A,1,-3.5549743,0.0829145759344101,0.032999999821186066,0.0364999994635582
YJR063W,YDR261C-C,0,-3.555224,0.0827067643404007,0.032999999821186066,0.03660000115633011
YDR210C-D,YLR256W-A,0,-3.5554738,0.08250000327825546,0.032999999821186066,0.03669999912381172
YGL158W,YDR098C-A,0,-3.555505,0.08229426294565201,0.032999999821186066,0.03680000081658363
YOL103W-B,YHR214C-C,0,-3.5557704,0.08208955079317093,0.032999999821186066,0.03689999878406525
YNL311C,YBR012W-B,0,-3.5558844,0.08188585937023163,0.032999999821186066,0.03700000047683716
YHL022C,YML033W,0,-3.555983,0.08168316632509232,0.032999999821186066,0.03709999844431877
YDR365W-A,YFR013W,0,-3.55602,0.08148147910833359,0.032999999821186066,0.03720000013709068
YBL063W,YLR227W-B,0,-3.556098,0.08128079026937485,0.032999999821186066,0.037300001829862595
YJL113W,YGL244W,0,-3.5567105,0.0810810774564743,0.032999999821186066,0.03739999979734421
YDL038C,YDL043C,0,-3.5567951,0.08088235557079315,0.032999999821186066,0.03750000149011612
YPR198W,YOL103W-B,0,-3.556816,0.080684594810009,0.032999999821186066,0.03759999945759773
YJR022W,YER108C,0,-3.5570455,0.08048780262470245,0.032999999821186066,0.037700001150369644
YOR147W,YCL012W,0,-3.5577104,0.08029197156429291,0.032999999821186066,0.03779999911785126
YGL078C,YDR210W-A,0,-3.5581272,0.08009708672761917,0.032999999821186066,0.03790000081062317
YDR365W-B,YDL112W,0,-3.5585642,0.07990314811468124,0.032999999821186066,0.03799999877810478
YBR158W,YPL257W-A,0,-3.558642,0.07971014827489853,0.032999999821186066,0.038100000470876694
YDR261W-B,YKL213C,0,-3.5588138,0.07951807230710983,0.032999999821186066,0.03819999843835831
YPL069C,YGR161C-C,0,-3.559001,0.07932692021131516,0.032999999821186066,0.03830000013113022
YPL032C,YCL012W,0,-3.5598679,0.0791366919875145,0.032999999821186066,0.03840000182390213
YNL054W-B,YER122C,0,-3.5601249,0.07894736528396606,0.032999999821186066,0.03849999979138374
YJL012C-A,YGR020C,1,-3.5602207,0.08114558458328247,0.03400000184774399,0.03849999979138374
YPR158W-B,YCL032W,0,-3.5603745,0.08095238357782364,0.03400000184774399,0.038600001484155655
YBR009C,YPL275W,0,-3.560907,0.08076009154319763,0.03400000184774399,0.03869999945163727
YDR210W-A,YNL044W,0,-3.561139,0.08056872338056564,0.03400000184774399,0.03880000114440918
YEL065W,YPR158W-B,0,-3.5614045,0.08037824928760529,0.03400000184774399,0.03889999911189079
YNL054W-B,YCL031C,0,-3.5620131,0.08018867671489716,0.03400000184774399,0.039000000804662704
YNL216W,YLR391W-A,0,-3.5621853,0.07999999821186066,0.03400000184774399,0.03909999877214432
YDL028C,YCR062W,0,-3.56222,0.07981220632791519,0.03400000184774399,0.03920000046491623
YDR098C-A,YOL077C,0,-3.562731,0.07962529361248016,0.03400000184774399,0.03929999843239784
YBL093C,YCL060C,0,-3.562739,0.07943925261497498,0.03400000184774399,0.039400000125169754
YIL014W,YDR365W-A,0,-3.5630276,0.07925407588481903,0.03400000184774399,0.039500001817941666
YLR032W,YFR024C,0,-3.563039,0.07906977087259293,0.03400000184774399,0.03959999978542328
YLR088W,YGR161C-C,0,-3.5634022,0.07888630777597427,0.03400000184774399,0.03970000147819519
YFL002W-B,YDL247W,0,-3.5638862,0.07870370149612427,0.03400000184774399,0.039799999445676804
YPL060C-A,YGR296W,0,-3.5639017,0.07852193713188171,0.03400000184774399,0.039900001138448715
YDR363W,YOL139C,0,-3.564137,0.07834101468324661,0.03400000184774399,0.03999999910593033
YJL012C-A,YLR240W,1,-3.5641546,0.08045977354049683,0.03500000014901161,0.03999999910593033
YLR182W,YKL200C,0,-3.5644403,0.08027523010969162,0.03500000014901161,0.04010000079870224
YDR210W-A,YLR298C,0,-3.5650098,0.08009153604507446,0.03500000014901161,0.04019999876618385
YER159C-A,YNR027W,0,-3.5650563,0.07990867644548416,0.03500000014901161,0.040300000458955765
YPL257W-A,YMR117C,0,-3.5651658,0.07972665131092072,0.03500000014901161,0.04039999842643738
YCL031C,YLR391W-A,0,-3.5652635,0.07954545319080353,0.03500000014901161,0.04050000011920929
YOR192C-A,YLR310C,0,-3.5657432,0.0793650820851326,0.03500000014901161,0.0406000018119812
YOR371C,YOR192C-A,0,-3.5657432,0.07918552309274673,0.03500000014901161,0.040699999779462814
YLR227W-B,YER005W,0,-3.565946,0.07900676876306534,0.03500000014901161,0.040800001472234726
YDR261W-A,YPL214C,0,-3.5663052,0.078828826546669,0.03500000014901161,0.04089999943971634
YJL021C,YLR139C,0,-3.5667822,0.07865168899297714,0.03500000014901161,0.04100000113248825
YBL005W-B,YCR094W,0,-3.5679016,0.07847533375024796,0.03500000014901161,0.041099999099969864
YDR365W-B,YDR472W,0,-3.569052,0.07829977571964264,0.03500000014901161,0.041200000792741776
YBR217W,YCR080W,0,-3.5691059,0.078125,0.03500000014901161,0.04129999876022339
YBR100W,YGR211W,0,-3.5698733,0.07795099914073944,0.03500000014901161,0.0414000004529953
YGR027W-A,YPL058C,0,-3.5700817,0.07777778059244156,0.03500000014901161,0.04149999842047691
YKR038C,YGR161W-B,0,-3.5706592,0.07760532200336456,0.03500000014901161,0.041600000113248825
YHR086W,YLR256W-A,0,-3.5706906,0.07743363082408905,0.03500000014901161,0.04170000180602074
YLR096W,YOL103W-B,0,-3.5721886,0.07726269215345383,0.03500000014901161,0.04179999977350235
YOR142W-A,YOR153W,0,-3.5722198,0.07709251344203949,0.03500000014901161,0.04190000146627426
YPL060C-A,YMR036C,0,-3.5722513,0.07692307978868484,0.03500000014901161,0.041999999433755875
YCL012W,YPL129W,0,-3.5723724,0.0767543837428093,0.03500000014901161,0.042100001126527786
YDR210C-D,YDL181W,0,-3.5730314,0.07658643275499344,0.03500000014901161,0.0421999990940094
YHR039C-B,YDR017C,1,-3.573315,0.0786026194691658,0.035999998450279236,0.0421999990940094
YPR036W,YJL012C-A,1,-3.5733895,0.08061002194881439,0.03700000047683716,0.0421999990940094
YFL036W,YIL017W,0,-3.5745034,0.08043478429317474,0.03700000047683716,0.04230000078678131
YDR210W-A,YLR459W,0,-3.5750294,0.08026030659675598,0.03700000047683716,0.042399998754262924
YGL022W,YDR316W-B,0,-3.5751228,0.08008658140897751,0.03700000047683716,0.042500000447034836
YHR138C,YDR080W,1,-3.5752506,0.08207343518733978,0.03799999877810478,0.042500000447034836
YGR027W-A,YHR042W,0,-3.5754662,0.08189655095338821,0.03799999877810478,0.04259999841451645
YDR210C-D,YHR166C,0,-3.5756848,0.08172042667865753,0.03799999877810478,0.04270000010728836
YPL060C-A,YKL054C,0,-3.576028,0.08154506236314774,0.03799999877810478,0.04280000180006027
YDR280W,YCR062W,0,-3.5763526,0.08137045055627823,0.03799999877810478,0.042899999767541885
YOR308C,YGR161C-C,0,-3.5765588,0.08119658380746841,0.03799999877810478,0.0430000014603138
YMR316W,YPR137C-A,0,-3.5766835,0.0810234546661377,0.03799999877810478,0.04309999942779541
YHR039C-B,YEL013W,1,-3.5768418,0.08297872543334961,0.039000000804662704,0.04309999942779541
YBR015C,YDR261C-C,0,-3.576871,0.08280254900455475,0.039000000804662704,0.04320000112056732
YGL025C,YOR192C-A,0,-3.576871,0.08262711763381958,0.039000000804662704,0.043299999088048935
YNL313C,YLR067C,0,-3.576878,0.0824524313211441,0.039000000804662704,0.04340000078082085
YPL268W,YJL012C-A,1,-3.576938,0.08438818901777267,0.03999999910593033,0.04340000078082085
YGR109W-A,YGL018C,0,-3.5775576,0.08421052992343903,0.03999999910593033,0.04349999874830246
YDR210W-A,YBR215W,0,-3.5776825,0.08403361588716507,0.03999999910593033,0.04360000044107437
YDR046C,YPR137C-B,0,-3.579524,0.08385743945837021,0.03999999910593033,0.043699998408555984
YNL054W,YJL012C-A,1,-3.579846,0.08577405661344528,0.04100000113248825,0.043699998408555984
YGL006W,YCR080W,0,-3.5806577,0.08559498935937881,0.04100000113248825,0.043800000101327896
YLR066W,YPL060C-A,0,-3.5809288,0.08541666716337204,0.04100000113248825,0.04390000179409981
YFL014W,YPR137C-A,0,-3.5816467,0.08523908257484436,0.04100000113248825,0.04399999976158142
YPL095C,YPR137C-B,0,-3.5818026,0.08506224304437637,0.04100000113248825,0.04410000145435333
YGR161W-A,YDR478W,0,-3.5822105,0.08488612622022629,0.04100000113248825,0.044199999421834946
YHL009W-B,YNL082W,0,-3.5826545,0.0847107470035553,0.04100000113248825,0.04430000111460686
YOR142W-A,YDL014W,0,-3.5827177,0.08453608304262161,0.04100000113248825,0.04439999908208847
YPR139C,YPR158C-D,0,-3.5827177,0.08436214178800583,0.04100000113248825,0.04450000077486038
YGR241C,YLR391W-A,0,-3.5831108,0.08418890833854675,0.04100000113248825,0.044599998742341995
YOL103W-A,YER190W,0,-3.5832567,0.08401639014482498,0.04100000113248825,0.04470000043511391
YER117W,YCR080W,0,-3.584019,0.08384457975625992,0.04100000113248825,0.04479999840259552
YCL003W,YOL158C,0,-3.584159,0.08367346972227097,0.04100000113248825,0.04490000009536743
YOL103W-A,YPR158W-B,0,-3.5845242,0.08350305259227753,0.04100000113248825,0.04500000178813934
YML045W,YCR020W-B,0,-3.584539,0.0833333358168602,0.04100000113248825,0.045099999755620956
YDL170W,YBR159W,0,-3.584856,0.08316429704427719,0.04100000113248825,0.04520000144839287
YOR049C,YHR214C-C,0,-3.5854115,0.0829959511756897,0.04100000113248825,0.04529999941587448
YHR039C-B,YNL326C,1,-3.5856996,0.08484848588705063,0.041999999433755875,0.04529999941587448
YGR161C-C,YOR356W,0,-3.585919,0.08467742055654526,0.041999999433755875,0.04540000110864639
YDL043C,YPL257W-B,0,-3.586616,0.0845070406794548,0.041999999433755875,0.045499999076128006
YHR214C-C,YOR257W,0,-3.5875983,0.08433734625577927,0.041999999433755875,0.04560000076889992
YNR015W,YDL038C,0,-3.587802,0.08416833728551865,0.041999999433755875,0.04569999873638153
YKL080W,YJL012C-A,1,-3.588026,0.0860000029206276,0.0430000014603138,0.04569999873638153
YCL060C,YPR176C,0,-3.5884113,0.08582834154367447,0.0430000014603138,0.04580000042915344
YFL011W-A,YBR135W,0,-3.5901124,0.08565737307071686,0.0430000014603138,0.045899998396635056
YML011C,YER108C,0,-3.5901363,0.08548707515001297,0.0430000014603138,0.04600000008940697
YNL142W,YGR122W,0,-3.5903192,0.085317462682724,0.0430000014603138,0.04610000178217888
YLR043C,YHR039C-B,1,-3.5913973,0.08712871372699738,0.04399999976158142,0.04610000178217888
YNL054W-B,YPL033C,0,-3.5914712,0.08695652335882187,0.04399999976158142,0.04619999974966049
YPL196W,YGL153W,0,-3.5915537,0.08678501099348068,0.04399999976158142,0.046300001442432404
YPL257W-B,YMR211W,0,-3.5916529,0.08661417663097382,0.04399999976158142,0.04639999940991402
YIR005W,YGR027W-B,0,-3.5920162,0.08644400537014008,0.04399999976158142,0.04650000110268593
YLR391W-A,YER044C,0,-3.5925648,0.08627451211214066,0.04399999976158142,0.04659999907016754
YBR086C,YML033W,0,-3.5927696,0.08610567450523376,0.04399999976158142,0.04670000076293945
YDR182W,YCL012W,0,-3.5931437,0.0859375,0.04399999976158142,0.046799998730421066
YCR083W,YER108C,0,-3.5932593,0.08576998114585876,0.04399999976158142,0.04690000042319298
YOR338W,YOR201C,0,-3.593648,0.08560311049222946,0.04399999976158142,0.04699999839067459
YDR252W,YPR158C-D,0,-3.5942874,0.08543689548969269,0.04399999976158142,0.0471000000834465
YOR192C-B,YIL039W,0,-3.5960739,0.08527132123708725,0.04399999976158142,0.047200001776218414
YGR177C,YCR055C,0,-3.5968504,0.08510638028383255,0.04399999976158142,0.04729999974370003
YER159C-A,YDL065C,0,-3.5970428,0.08494208753108978,0.04399999976158142,0.04740000143647194
YER123W,YFR024C,0,-3.5973783,0.08477842062711716,0.04399999976158142,0.04749999940395355
YDR516C,YDR210C-C,0,-3.598012,0.08461538702249527,0.04399999976158142,0.047600001096725464
YPL235W,YPR137C-B,0,-3.5992532,0.08445297181606293,0.04399999976158142,0.04769999906420708
YDR261W-B,YHR075C,0,-3.5994956,0.08429118990898132,0.04399999976158142,0.04780000075697899
YDR261C-C,YDR081C,0,-3.5995865,0.08413001894950867,0.04399999976158142,0.0478999987244606
YMR283C,YGR038C-B,0,-3.5997076,0.08396946638822556,0.04399999976158142,0.04800000041723251
YGR027W-A,YGL173C,0,-3.6000104,0.08380952477455139,0.04399999976158142,0.04809999838471413
YBR156C,YLR391W-A,0,-3.6000147,0.08365018665790558,0.04399999976158142,0.04820000007748604
YPR141C,YGR161C-C,0,-3.6001315,0.08349145948886871,0.04399999976158142,0.04830000177025795
YDR365W-A,YKR068C,0,-3.6005552,0.0833333358168602,0.04399999976158142,0.04839999973773956
YGL046W,YNL207W,0,-3.6006024,0.08317580074071884,0.04399999976158142,0.048500001430511475
YGL241W,YGR272C,0,-3.6007206,0.08301886916160583,0.04399999976158142,0.04859999939799309
YLR447C,YJL012C-A,1,-3.6010132,0.08474576473236084,0.04500000178813934,0.04859999939799309
YGR274C,YBR090C-A,0,-3.601202,0.08458646386861801,0.04500000178813934,0.048700001090765
YOR088W,YOR344C,0,-3.6014864,0.08442776650190353,0.04500000178813934,0.04879999905824661
YLR285W,YGR038C-B,0,-3.6018877,0.08426966518163681,0.04500000178813934,0.048900000751018524
YHL009W-B,YOR313C,0,-3.6019177,0.08411215245723724,0.04500000178813934,0.04899999871850014
YOL097C,YLR227W-B,0,-3.6024022,0.08395522087812424,0.04500000178813934,0.04910000041127205
YMR054W,YJL012C-A,1,-3.6025565,0.08566108345985413,0.04600000008940697,0.04910000041127205
YKL119C,YHR138C,1,-3.6026602,0.08736059814691544,0.04699999839067459,0.04910000041127205
YCR080W,YLR166C,0,-3.6030345,0.08719851821660995,0.04699999839067459,0.04919999837875366
YDR261W-B,YBR196C,0,-3.6030684,0.08703703433275223,0.04699999839067459,0.049300000071525574
YDR365W-A,YIL120W,0,-3.603432,0.08687615394592285,0.04699999839067459,0.049400001764297485
YLR227W-A,YKL129C,0,-3.6034925,0.08671586960554123,0.04699999839067459,0.0494999997317791
YDL161W,YPR137C-A,0,-3.6042795,0.08655616641044617,0.04699999839067459,0.04960000142455101
YOR136W,YGL210W-A,0,-3.6045341,0.08639705926179886,0.04699999839067459,0.04969999939203262
YIL017W,YJL156C,0,-3.6046712,0.08623853325843811,0.04699999839067459,0.049800001084804535
YDR261W-B,YKR068C,0,-3.6047037,0.08608058840036392,0.04699999839067459,0.04989999905228615
YCR058C,YOR373W,0,-3.6048605,0.0859232172369957,0.04699999839067459,0.05000000074505806
YGR109W-A,YGL044C,0,-3.604885,0.08576641976833344,0.04699999839067459,0.05009999871253967
YOR326W,YDR065W,1,-3.6050847,0.08743169158697128,0.04800000041723251,0.05009999871253967
YIL118W,YLR410W-A,0,-3.605794,0.08727272599935532,0.04800000041723251,0.050200000405311584
YKL119C,YHR039C-B,1,-3.6066723,0.08892922103404999,0.04899999871850014,0.050200000405311584
YPL167C,YLL017W,0,-3.6071258,0.0887681171298027,0.04899999871850014,0.0502999983727932
YOR088W,YGR172C,0,-3.6079981,0.08860759437084198,0.04899999871850014,0.05040000006556511
YLL061W,YGR161W-B,0,-3.608095,0.08844765275716782,0.04899999871850014,0.05050000175833702
YML033W,YOR354C,0,-3.6082215,0.08828828483819962,0.04899999871850014,0.050599999725818634
YGL171W,YGR122W,0,-3.6085722,0.08812949806451797,0.04899999871850014,0.050700001418590546
YDR192C,YDR316W-B,0,-3.6085794,0.0879712775349617,0.04899999871850014,0.05079999938607216
YDR261C-D,YGR063C,0,-3.609488,0.08781362324953079,0.04899999871850014,0.05090000107884407
YJL112W,YAR044W,0,-3.6095579,0.08765652775764465,0.04899999871850014,0.050999999046325684
YGR161C-C,YMR135C,0,-3.6096091,0.08749999850988388,0.04899999871850014,0.051100000739097595
YDR098C-B,YIL139C,0,-3.6107597,0.08734402805566788,0.04899999871850014,0.05119999870657921
YOR341W,YMR045C,0,-3.6110606,0.08718860894441605,0.04899999871850014,0.05130000039935112
YPL087W,YOR192C-A,0,-3.6120923,0.08703374862670898,0.04899999871850014,0.05139999836683273
YDR098C-B,YNR027W,0,-3.6162941,0.0868794322013855,0.04899999871850014,0.051500000059604645
YKR083C,YFL035C,0,-3.6174195,0.08672566711902618,0.04899999871850014,0.051600001752376556
YER159C-A,YDR022C,0,-3.619223,0.08657243847846985,0.04899999871850014,0.05169999971985817
YHL048W,YGR272C,0,-3.6213977,0.08641975373029709,0.04899999871850014,0.05180000141263008
YDR382W,YML131W,0,-3.6216285,0.08626760542392731,0.04899999871850014,0.051899999380111694
YFL002W-B,YLR417W,0,-3.6216755,0.0861159935593605,0.04899999871850014,0.052000001072883606
YDR261W-A,YMR182C,0,-3.6220164,0.08596491068601608,0.04899999871850014,0.05209999904036522
YHR039C-B,YDL077C,1,-3.6220193,0.08756567537784576,0.05000000074505806,0.05209999904036522
YLR032W,YML033W,0,-3.622898,0.08741258829832077,0.05000000074505806,0.05220000073313713
YHR039C-B,YBR127C,1,-3.6243157,0.0890052393078804,0.050999999046325684,0.05220000073313713
YDR260C,YJR027W,0,-3.6245892,0.08885017782449722,0.050999999046325684,0.052299998700618744
YGR038C-B,YNL222W,0,-3.6258326,0.08869565278291702,0.050999999046325684,0.052400000393390656
YDR495C,YHR138C,1,-3.625973,0.0902777761220932,0.052000001072883606,0.052400000393390656
YJL113W,YIR023W,0,-3.6262727,0.0901213139295578,0.052000001072883606,0.05249999836087227
YBR118W,YGR161W-B,0,-3.6263099,0.08996539562940598,0.052000001072883606,0.05260000005364418
YDR382W,YKL088W,0,-3.6265693,0.08981001377105713,0.052000001072883606,0.05270000174641609
YIR006C,YDR210C-C,0,-3.6271956,0.08965517580509186,0.052000001072883606,0.052799999713897705
YLR227W-B,YDR339C,0,-3.6275363,0.08950085937976837,0.052000001072883606,0.05290000140666962
YFL014W,YIL075C,0,-3.6275787,0.08934707939624786,0.052000001072883606,0.05299999937415123
YPL257W-B,YOR078W,0,-3.62815,0.08919382840394974,0.052000001072883606,0.05310000106692314
YLR386W,YJL012C-A,1,-3.62819,0.09075342118740082,0.05299999937415123,0.05310000106692314
YAR044W,YLR007W,0,-3.6282148,0.09059829264879227,0.05299999937415123,0.053199999034404755
YKR095W,YDR316W-B,0,-3.6282177,0.0904436856508255,0.05299999937415123,0.053300000727176666
YGR109W-B,YHR135C,0,-3.629581,0.09028960764408112,0.05299999937415123,0.05339999869465828
YPL275W,YNL135C,0,-3.6296377,0.09013605117797852,0.05299999937415123,0.05350000038743019
YCL060C,YJR070C,0,-3.629857,0.0899830237030983,0.05299999937415123,0.053599998354911804
YJR063W,YCL060C,0,-3.6301298,0.08983051031827927,0.05299999937415123,0.053700000047683716
YPL082C,YGR161W-B,0,-3.6301942,0.08967851102352142,0.05299999937415123,0.05380000174045563
YGL017W,YFL035C-A,0,-3.6306605,0.08952702581882477,0.05299999937415123,0.05389999970793724
YIR005W,YGR027W-A,0,-3.6306713,0.0893760547041893,0.05299999937415123,0.05400000140070915
YPL121C,YCR058C,0,-3.6307137,0.08922559022903442,0.05299999937415123,0.054099999368190765
YPR198W,YDR210C-C,0,-3.6312165,0.08907563239336014,0.05299999937415123,0.05420000106096268
YKL192C,YPL257W-B,0,-3.6312847,0.08892617374658585,0.05299999937415123,0.05429999902844429
YER159C-A,YGR244C,0,-3.6318297,0.08877722173929214,0.05299999937415123,0.0544000007212162
YHR034C,YDR261W-B,0,-3.6321707,0.08862876147031784,0.05299999937415123,0.054499998688697815
YJL021C,YPR016C,0,-3.632209,0.08848080039024353,0.05299999937415123,0.05460000038146973
YLR227W-A,YMR162C,0,-3.632307,0.08833333104848862,0.05299999937415123,0.05469999834895134
YKL042W,YJR028W,0,-3.6330464,0.0881863534450531,0.05299999937415123,0.05480000004172325
YDR261W-A,YER178W,0,-3.6332607,0.08803986757993698,0.05299999937415123,0.05490000173449516
YFL035C-A,YOL042W,0,-3.6334295,0.08789386600255966,0.05299999937415123,0.054999999701976776
YDR473C,YGL046W,0,-3.633757,0.08774834126234055,0.05299999937415123,0.05510000139474869
YHR039C-B,YGR254W,1,-3.63405,0.08925619721412659,0.05400000140070915,0.05510000139474869
YFR033C,YFL035C,0,-3.6352463,0.0891089141368866,0.05400000140070915,0.0551999993622303
YDR261W-A,YHR178W,0,-3.6355095,0.08896210789680481,0.05400000140070915,0.05530000105500221
YHR039C-B,YJL012C-A,1,-3.6358767,0.09046052396297455,0.054999999701976776,0.05530000105500221
YHR039C-B,YJL012C,1,-3.6358767,0.09195402264595032,0.0560000017285347,0.05530000105500221
YJL062W,YGR161C-C,0,-3.636055,0.09180327504873276,0.0560000017285347,0.055399999022483826
YOR332W,YDR065W,1,-3.6381984,0.09328968822956085,0.05700000002980232,0.055399999022483826
YPR137C-A,YDR247W,0,-3.638713,0.09313725680112839,0.05700000002980232,0.05550000071525574
YDR261W-A,YBR183W,0,-3.638713,0.09298531711101532,0.05700000002980232,0.05559999868273735
YIL082W-A,YJR066W,0,-3.6404905,0.09283387660980225,0.05700000002980232,0.05570000037550926
YPL060C-A,YHR111W,0,-3.641234,0.09268292784690857,0.05700000002980232,0.055799998342990875
YFL014W,YLR039C,0,-3.6422858,0.09253247082233429,0.05700000002980232,0.05590000003576279
YJL012C-A,YHR174W,1,-3.6427345,0.09400323778390884,0.057999998331069946,0.05590000003576279
YHR039C-B,YIL048W,1,-3.6433525,0.09546925872564316,0.05900000035762787,0.05590000003576279
YOR133W,YGL089C,0,-3.643596,0.09531502425670624,0.05900000035762787,0.0560000017285347
YJL148W,YBR012W-B,0,-3.6440368,0.09516128897666931,0.05900000035762787,0.05609999969601631
YBR233W-A,YDR523C,0,-3.6442366,0.09500805288553238,0.05900000035762787,0.05620000138878822
YJR070C,YPR137C-B,0,-3.644301,0.09485530853271484,0.05900000035762787,0.056299999356269836
YHR039C-B,YFR019W,1,-3.6446245,0.09630818665027618,0.05999999865889549,0.056299999356269836
YLR410W-A,YNL068C,0,-3.6447191,0.09615384787321091,0.05999999865889549,0.05640000104904175
YMR197C,YHR039C-B,1,-3.6449735,0.09759999811649323,0.061000000685453415,0.05640000104904175
YNL133C,YFL035C-A,0,-3.64508,0.097444087266922,0.061000000685453415,0.05649999901652336
YOR363C,YFR024C,0,-3.6453156,0.09728867560625076,0.061000000685453415,0.05660000070929527
YIL017W,YBL017C,0,-3.6455739,0.09713375568389893,0.061000000685453415,0.056699998676776886
YFR033C,YMR087W,0,-3.6463149,0.09697933495044708,0.061000000685453415,0.0568000003695488
YFL002W-B,YLR357W,0,-3.646482,0.09682539850473404,0.061000000685453415,0.05689999833703041
YER025W,YAR044W,0,-3.646519,0.0966719463467598,0.061000000685453415,0.05700000002980232
YGR272C,YLR318W,0,-3.6468883,0.09651898592710495,0.061000000685453415,0.057100001722574234
YFL002W-B,YHL006C,0,-3.6469226,0.0963665097951889,0.061000000685453415,0.05719999969005585
YPL060C-A,YIL033C,0,-3.6473632,0.09621451050043106,0.061000000685453415,0.05730000138282776
YCR102C,YOR351C,0,-3.6475337,0.09606299549341202,0.061000000685453415,0.05739999935030937
YKL208W,YJR028W,0,-3.648285,0.09591194987297058,0.061000000685453415,0.057500001043081284
YHR039C-B,YBL050W,1,-3.6491404,0.09733124077320099,0.06199999898672104,0.057500001043081284
YNL045W,YDR039C,0,-3.6496005,0.09717868268489838,0.06199999898672104,0.0575999990105629
YML086C,YLR391W-A,0,-3.6499395,0.09702660143375397,0.06199999898672104,0.05770000070333481
YJL128C,YGR272C,0,-3.649984,0.09687499701976776,0.06199999898672104,0.05779999867081642
YGL051W,YAR009C,0,-3.6501374,0.09672386944293976,0.06199999898672104,0.05790000036358833
YJR027W,YLR318W,0,-3.6519618,0.09657321125268936,0.06199999898672104,0.057999998331069946
YLR312C-B,YDL088C,0,-3.6521337,0.09642301499843597,0.06199999898672104,0.05810000002384186
YGR078C,YGR038C-B,0,-3.6522102,0.09627329558134079,0.06199999898672104,0.05820000171661377
YOR088W,YPR025C,0,-3.6526346,0.09612403064966202,0.06199999898672104,0.05829999968409538
YAL015C,YKL088W,0,-3.6530342,0.09597523510456085,0.06199999898672104,0.058400001376867294
YCL039W,YGR109W-A,0,-3.6547809,0.0958268940448761,0.06199999898672104,0.05849999934434891
YMR142C,YGR161W-B,0,-3.655295,0.09567901492118835,0.06199999898672104,0.05860000103712082
YPR140W,YLR391W-A,0,-3.6553073,0.09553159028291702,0.06199999898672104,0.05869999900460243
YDL038C,YNL012W,0,-3.655337,0.0953846126794815,0.06199999898672104,0.058800000697374344
YMR048W,YML033W,0,-3.6560268,0.095238097012043,0.06199999898672104,0.05889999866485596
YOL004W,YDR261W-B,0,-3.657351,0.09509202092885971,0.06199999898672104,0.05900000035762787
YOR326W,YJL012C-A,1,-3.6581354,0.09647779166698456,0.06300000101327896,0.05900000035762787
YDR365W-B,YKL154W,0,-3.6588883,0.09633027762174606,0.06300000101327896,0.05909999832510948
YDR037W,YDR316W-B,0,-3.6588883,0.09618320316076279,0.06300000101327896,0.05920000001788139
YIL018W,YNL311C,0,-3.6597004,0.09603658318519592,0.06300000101327896,0.059300001710653305
YNL054W-A,YIL010W,0,-3.6601262,0.09589041024446487,0.06300000101327896,0.05939999967813492
YJL021C,YGR141W,0,-3.6611567,0.09574468433856964,0.06300000101327896,0.05950000137090683
YKL058W,YER160C,0,-3.661389,0.09559939056634903,0.06300000101327896,0.05959999933838844
YFL034C-B,YBR012W-B,0,-3.6620748,0.09545454382896423,0.06300000101327896,0.059700001031160355
YCL060C,YDR395W,0,-3.6621096,0.09531013667583466,0.06300000101327896,0.05979999899864197
YKR034W,YHR094C,0,-3.6621273,0.0951661616563797,0.06300000101327896,0.05990000069141388
YDR308C,YMR087W,0,-3.6632488,0.09502262622117996,0.06300000101327896,0.05999999865889549
YBL052C,YCL060C,0,-3.6634707,0.09487951546907425,0.06300000101327896,0.060100000351667404
YHR214C-C,YIL112W,0,-3.663476,0.09473684430122375,0.06300000101327896,0.06019999831914902
YGR027W-A,YJL004C,0,-3.6647139,0.09459459781646729,0.06300000101327896,0.06030000001192093
YEL013W,YJL012C-A,1,-3.6650743,0.09595202654600143,0.06400000303983688,0.06030000001192093
YPR158C-D,YLR129W,0,-3.6656606,0.09580838680267334,0.06400000303983688,0.06040000170469284
YFL004W,YHR039C-B,1,-3.6665978,0.09715993702411652,0.06499999761581421,0.06040000170469284
YKL051W,YJL012C-A,1,-3.667225,0.09850746393203735,0.06599999964237213,0.06040000170469284
YPR139C,YBR012W-B,0,-3.6674545,0.09836065769195557,0.06599999964237213,0.060499999672174454
YPL228W,YCL060C,0,-3.6675265,0.0982142835855484,0.06599999964237213,0.060600001364946365
YNL221C,YER180C-A,0,-3.6675587,0.09806834906339645,0.06599999964237213,0.06069999933242798
YHR039C-B,YPL234C,1,-3.6679206,0.09940652549266815,0.06700000166893005,0.06069999933242798
YHR214C-B,YKL079W,0,-3.66832,0.09925925731658936,0.06700000166893005,0.06080000102519989
YCR082W,YMR210W,0,-3.668595,0.09911242872476578,0.06700000166893005,0.0608999989926815
YMR270C,YMR050C,0,-3.6695318,0.09896602481603622,0.06700000166893005,0.061000000685453415
YCL003W,YER168C,0,-3.6705914,0.09882006049156189,0.06700000166893005,0.06109999865293503
YDL038C,YDL007W,0,-3.6707468,0.09867452085018158,0.06700000166893005,0.06120000034570694
YJL058C,YCR058C,0,-3.6709766,0.09852941334247589,0.06700000166893005,0.06129999831318855
YHR039C-B,YKL051W,1,-3.6715424,0.09985315799713135,0.06800000369548798,0.06129999831318855
YER062C,YMR088C,0,-3.6718607,0.0997067466378212,0.06800000369548798,0.061400000005960464
YJR027W,YGL175C,0,-3.6723235,0.09956075996160507,0.06800000369548798,0.061500001698732376
YFL002W-B,YDL036C,0,-3.672433,0.09941520541906357,0.06800000369548798,0.06159999966621399
YOR192C-B,YJL112W,0,-3.6728702,0.09927007555961609,0.06800000369548798,0.0617000013589859
YDR532C,YMR050C,0,-3.6729255,0.09912536293268204,0.06800000369548798,0.061799999326467514
YDR306C,YOR284W,0,-3.6729608,0.09898107498884201,0.06800000369548798,0.061900001019239426
YHR039C-B,YOR332W,1,-3.6736727,0.1002907007932663,0.0689999982714653,0.061900001019239426
YML033W,YKL213C,0,-3.6740353,0.1001451388001442,0.0689999982714653,0.06199999898672104
YCR055C,YOR209C,0,-3.6744647,0.10000000149011612,0.0689999982714653,0.06210000067949295
YER116C,YOR287C,0,-3.6748765,0.09985528141260147,0.0689999982714653,0.062199998646974564
YDR177W,YPL257W-B,0,-3.6750717,0.09971098601818085,0.0689999982714653,0.062300000339746475
YOR064C,YFL035C-A,0,-3.6752977,0.09956710040569305,0.0689999982714653,0.06239999830722809
YGR272C,YER049W,0,-3.6754236,0.09942363202571869,0.0689999982714653,0.0625
YIL029C,YCR020C-A,0,-3.6769266,0.09928057342767715,0.0689999982714653,0.06260000169277191
YDR297W,YPL257W-A,0,-3.6777916,0.09913793206214905,0.0689999982714653,0.06270000338554382
YKR048C,YER108C,0,-3.6778445,0.09899569302797318,0.0689999982714653,0.06279999762773514
YNL251C,YKL070W,0,-3.6797273,0.09885387122631073,0.0689999982714653,0.06289999932050705
YBR236C,YLR126C,0,-3.6805658,0.09871244430541992,0.0689999982714653,0.06300000101327896
YAL003W,YLR157C-B,0,-3.6806626,0.09857142716646194,0.0689999982714653,0.06310000270605087
YKL138C-A,YMR135C,0,-3.6809542,0.0984308123588562,0.0689999982714653,0.06319999694824219
YDL181W,YAR044W,0,-3.6809802,0.09829059988260269,0.0689999982714653,0.0632999986410141
YLR147C,YBL100W-A,0,-3.6811008,0.09815078228712082,0.0689999982714653,0.06340000033378601
YBR086C,YHR075C,0,-3.6811259,0.09801136702299118,0.0689999982714653,0.06350000202655792
YGL257C,YKL200C,0,-3.6821165,0.09787233918905258,0.0689999982714653,0.06360000371932983
YMR073C,YKL070W,0,-3.6829233,0.09773371368646622,0.0689999982714653,0.06369999796152115
YFL002W-B,YNL002C,0,-3.6841383,0.09759547561407089,0.0689999982714653,0.06379999965429306
YPL257W-A,YOL010W,0,-3.6841383,0.09745762497186661,0.0689999982714653,0.06390000134706497
YOL039W,YLR227W-B,0,-3.6845918,0.09732016921043396,0.0689999982714653,0.06400000303983688
YFL002W-B,YDL178W,0,-3.6854982,0.09718310087919235,0.0689999982714653,0.0640999972820282
YLR148W,YHR138C,1,-3.6879394,0.09845288097858429,0.07000000029802322,0.0640999972820282
YDR261W-B,YIL124W,0,-3.6885204,0.09831460565328598,0.07000000029802322,0.06419999897480011
YDR202C,YHR039C-B,1,-3.6920705,0.09957924485206604,0.07100000232458115,0.06419999897480011
YKL138C-A,YIL046W,0,-3.6922402,0.09943977743387222,0.07100000232458115,0.06430000066757202
YCR055C,YPL010W,0,-3.6922982,0.09930069744586945,0.07100000232458115,0.06440000236034393
YOR338W,YPL119C,0,-3.6924188,0.0991620123386383,0.07100000232458115,0.06449999660253525
YDR316W-B,YMR268C,0,-3.692481,0.09902370721101761,0.07100000232458115,0.06459999829530716
YJR055W,YER151C,0,-3.6929252,0.09888579696416855,0.07100000232458115,0.06469999998807907
YCR040W,YOL061W,0,-3.6934032,0.09874825924634933,0.07100000232458115,0.06480000168085098
YGL075C,YPL058C,0,-3.6942246,0.09861110895872116,0.07100000232458115,0.0649000033736229
YHR039C-B,YFL039C,1,-3.6960125,0.09986130148172379,0.07199999690055847,0.0649000033736229
YLR312C-B,YGL143C,0,-3.6961985,0.09972298890352249,0.07199999690055847,0.06499999761581421
YIL048W,YJL012C-A,1,-3.6971192,0.10096818953752518,0.0729999989271164,0.06499999761581421
YJL113W,YJR066W,0,-3.6973138,0.10082872956991196,0.0729999989271164,0.06509999930858612
YDR002W,YFR024C,0,-3.6974816,0.10068965703248978,0.0729999989271164,0.06520000100135803
YNL039W,YOR356W,0,-3.6976714,0.10055096447467804,0.0729999989271164,0.06530000269412994
YIL029C,YJR009C,0,-3.6978078,0.10041265189647675,0.0729999989271164,0.06539999693632126
YBR002C,YHR079C-B,0,-3.6978273,0.10027472674846649,0.0729999989271164,0.06549999862909317
YDL038C,YLR165C,0,-3.698197,0.10013717412948608,0.0729999989271164,0.06560000032186508
YHR161C,YDR252W,0,-3.6982987,0.10000000149011612,0.0729999989271164,0.065700002014637
YDR316W-A,YJL208C,0,-3.7007124,0.099863201379776,0.0729999989271164,0.0658000037074089
YFL011W-A,YER035W,0,-3.701067,0.09972677379846573,0.0729999989271164,0.06589999794960022
YMR106C,YER160C,0,-3.7018716,0.0995907261967659,0.0729999989271164,0.06599999964237213
YML131W,YLR448W,0,-3.7031536,0.09945504367351532,0.0729999989271164,0.06610000133514404
YDR017C,YJL012C-A,1,-3.703199,0.10068026930093765,0.07400000095367432,0.06610000133514404
YHR039C-B,YGR209C,1,-3.7034166,0.10190217196941376,0.07500000298023224,0.06610000133514404
YFR019W,YJL012C-A,1,-3.703598,0.10312075912952423,0.07599999755620956,0.06610000133514404
YMR035W,YML045W,0,-3.7037642,0.10298103094100952,0.07599999755620956,0.06620000302791595
YHR020W,YMR047C,0,-3.7039118,0.10284167528152466,0.07599999755620956,0.06629999727010727
YIL037C,YDL118W,0,-3.7043884,0.10270269960165024,0.07599999755620956,0.06639999896287918
YDL038C,YKL085W,0,-3.705218,0.10256410390138626,0.07599999755620956,0.06650000065565109
YLR227W-A,YOR327C,0,-3.705254,0.10242587327957153,0.07599999755620956,0.066600002348423
YNL091W,YPL096C-A,0,-3.7056537,0.10228802263736725,0.07599999755620956,0.06669999659061432
YDR400W,YER108C,0,-3.7073698,0.10215053707361221,0.07599999755620956,0.06679999828338623
YDR202C,YJL012C-A,1,-3.7076926,0.10335570573806763,0.07699999958276749,0.06679999828338623
YGR209C,YJL012C-A,1,-3.707951,0.10455764085054398,0.07800000160932541,0.06679999828338623
YDR216W,YER160C,0,-3.710327,0.10441767424345016,0.07800000160932541,0.06689999997615814
YHR154W,YKL200C,0,-3.710669,0.1042780727148056,0.07800000160932541,0.06700000166893005
YOR301W,YER108C,0,-3.71074,0.10413885116577148,0.07800000160932541,0.06710000336170197
YOR076C,YCR055C,0,-3.7119699,0.10400000214576721,0.07800000160932541,0.06719999760389328
YHL028W,YHR214C-B,0,-3.7130048,0.10386151820421219,0.07800000160932541,0.06729999929666519
YMR172W,YHR079C-B,0,-3.713752,0.10372340679168701,0.07800000160932541,0.0674000009894371
YHR039C-B,YNL015W,1,-3.7141623,0.10491368174552917,0.07900000363588333,0.0674000009894371
YER087C-A,YDR021W,0,-3.7146597,0.10477453470230103,0.07900000363588333,0.06750000268220901
YBL023C,YML033W,0,-3.7153144,0.10463576018810272,0.07900000363588333,0.06759999692440033
YIL082W-A,YIL013C,0,-3.716906,0.10449735820293427,0.07900000363588333,0.06769999861717224
YKL140W,YKL070W,0,-3.7177315,0.10435931384563446,0.07900000363588333,0.06780000030994415
YMR210W,YPR167C,0,-3.7179034,0.1042216345667839,0.07900000363588333,0.06790000200271606
YDR316W-B,YLR264W,0,-3.7187772,0.1040843203663826,0.07900000363588333,0.06800000369548798
YCL019W,YIL040W,0,-3.7190325,0.10394737124443054,0.07900000363588333,0.06809999793767929
YBR100W,YDL231C,0,-3.7195728,0.10381077229976654,0.07900000363588333,0.0681999996304512
YDR110W,YCL060C,0,-3.719993,0.10367453843355179,0.07900000363588333,0.06830000132322311
YBR182C,YER160C,0,-3.7205553,0.10353866219520569,0.07900000363588333,0.06840000301599503
YPR073C,YPL096C-A,0,-3.720614,0.10340314358472824,0.07900000363588333,0.06849999725818634
YAL032C,YGL210W-A,0,-3.7212434,0.10326797515153885,0.07900000363588333,0.06859999895095825
YHR138C,YDR065W,1,-3.7215161,0.10443864017724991,0.07999999821186066,0.06859999895095825
YBR059C,YKL070W,0,-3.7216198,0.10430248081684113,0.07999999821186066,0.06870000064373016
YDR517W,YNL046W,0,-3.7219214,0.1041666641831398,0.07999999821186066,0.06880000233650208
YFL004W,YJL012C-A,1,-3.7221122,0.10533159971237183,0.08100000023841858,0.06880000233650208
YGL153W,YCL060C,0,-3.726475,0.1051948070526123,0.08100000023841858,0.06889999657869339
YPL275W,YLR390W-A,0,-3.7265828,0.10505836457014084,0.08100000023841858,0.0689999982714653
YDR210C-D,YKR085C,0,-3.7265916,0.10492227971553802,0.08100000023841858,0.06909999996423721
YBR100W,YGL106W,0,-3.7270494,0.10478654503822327,0.08100000023841858,0.06920000165700912
YER087C-A,YHR005C,0,-3.7285779,0.10465116053819656,0.08100000023841858,0.06930000334978104
YPR025C,YOR008C-A,0,-3.72885,0.10451612621545792,0.08100000023841858,0.06939999759197235
YOR356W,YGR211W,0,-3.7293656,0.10438144207000732,0.08100000023841858,0.06949999928474426
YBR109C,YHR138C,1,-3.729497,0.10553410649299622,0.0820000022649765,0.06949999928474426
YBL005W-B,YDR478W,0,-3.7298634,0.10539846122264862,0.0820000022649765,0.06960000097751617
YDL038C,YLR433C,0,-3.7301855,0.10526315867900848,0.0820000022649765,0.06970000267028809
YPL276W,YCR091W,0,-3.7304716,0.1051282063126564,0.0820000022649765,0.0697999969124794
YDR306C,YGR211W,0,-3.7314553,0.10499359667301178,0.0820000022649765,0.06989999860525131
YIL017W,YOR317W,0,-3.7318182,0.10485933721065521,0.0820000022649765,0.07000000029802322
YPR007C,YHR079C-B,0,-3.7334547,0.1047254130244255,0.0820000022649765,0.07010000199079514
YJL012C-A,YNL015W,1,-3.7336106,0.10586734861135483,0.08299999684095383,0.07010000199079514
YPL276W,YBR079C,0,-3.7340736,0.10573248565196991,0.08299999684095383,0.07020000368356705
YJR160C,YDL109C,0,-3.7343543,0.10559796541929245,0.08299999684095383,0.07029999792575836
YEL004W,YML033W,0,-3.7380197,0.10546378791332245,0.08299999684095383,0.07039999961853027
YDR479C,YCR062W,0,-3.738485,0.10532994568347931,0.08299999684095383,0.07050000131130219
YML098W,YBR159W,0,-3.738585,0.10519645363092422,0.08299999684095383,0.0706000030040741
YDR377W,YGR272C,0,-3.739109,0.1050632894039154,0.08299999684095383,0.07069999724626541
YHR214C-B,YPL115C,0,-3.7405171,0.10493046790361404,0.08299999684095383,0.07079999893903732
YKL042W,YJL021C,0,-3.7406528,0.10479798167943954,0.08299999684095383,0.07090000063180923
YLR157C-B,YER117W,0,-3.7408314,0.10466582328081131,0.08299999684095383,0.07100000232458115
YBR188C,YCR055C,0,-3.7426236,0.10453400760889053,0.08299999684095383,0.07109999656677246
YBR195C,YKL200C,0,-3.743404,0.10440251231193542,0.08299999684095383,0.07119999825954437
YKR090W,YHR079C-B,0,-3.7434454,0.10427135974168777,0.08299999684095383,0.07129999995231628
YLR242C,YOR008C-A,0,-3.7437263,0.10414052754640579,0.08299999684095383,0.0714000016450882
YLR301W,YDR279W,0,-3.744897,0.10401002317667007,0.08299999684095383,0.07150000333786011
YLL056C,YJL165C,0,-3.7481778,0.10387984663248062,0.08299999684095383,0.07159999758005142
YNL328C,YDL227C,0,-3.748507,0.10374999791383743,0.08299999684095383,0.07169999927282333
YJL113W,YDR002W,0,-3.7486942,0.10362047702074051,0.08299999684095383,0.07180000096559525
YGL046W,YDR201W,0,-3.749738,0.10349126905202866,0.08299999684095383,0.07190000265836716
YOR332W,YJL012C-A,1,-3.750599,0.1046077236533165,0.08399999886751175,0.07190000265836716
YNR064C,YDR254W,0,-3.752679,0.10447761416435242,0.08399999886751175,0.07199999690055847
YEL057C,YKR022C,0,-3.7527084,0.104347825050354,0.08399999886751175,0.07209999859333038
YIL082W-A,YKL054C,0,-3.7531347,0.10421836376190186,0.08399999886751175,0.0722000002861023
YHR056C,YJR027W,0,-3.7550416,0.10408922284841537,0.08399999886751175,0.0723000019788742
YKL195W,YNL327W,0,-3.7557216,0.10396039485931396,0.08399999886751175,0.07240000367164612
YGL210W-A,YER015W,0,-3.7570076,0.10383189469575882,0.08399999886751175,0.07249999791383743
YPR080W,YCL019W,0,-3.7571595,0.10370370000600815,0.08399999886751175,0.07259999960660934
YLR242C,YJR027W,0,-3.7586818,0.10357583314180374,0.08399999886751175,0.07270000129938126
YMR298W,YNL046W,0,-3.7595382,0.1034482792019844,0.08399999886751175,0.07280000299215317
YHR070W,YHL012W,0,-3.7605934,0.10332103073596954,0.08399999886751175,0.07289999723434448
YDL077C,YJL012C-A,1,-3.762262,0.10442260652780533,0.08500000089406967,0.07289999723434448
YEL057C,YJR066W,0,-3.7627344,0.10429447889328003,0.08500000089406967,0.0729999989271164
YBR267W,YHR079C-B,0,-3.7638078,0.1041666641831398,0.08500000089406967,0.0731000006198883
YNL326C,YJL012C-A,1,-3.7646377,0.10526315867900848,0.0860000029206276,0.0731000006198883
YIL173W,YNR006W,0,-3.7651007,0.10513447225093842,0.0860000029206276,0.07320000231266022
YOL122C,YMR134W,0,-3.766233,0.10500610619783401,0.0860000029206276,0.07329999655485153
YKL088W,YGL030W,0,-3.766737,0.10487804561853409,0.0860000029206276,0.07339999824762344
YHR034C,YCR058C,0,-3.7684727,0.10475030541419983,0.0860000029206276,0.07349999994039536
YOR320C,YCR058C,0,-3.768794,0.10462287068367004,0.0860000029206276,0.07360000163316727
YBR279W,YMR134W,0,-3.7694895,0.10449574887752533,0.0860000029206276,0.07370000332593918
YOR320C,YCL003W,0,-3.7695408,0.10436893254518509,0.0860000029206276,0.0737999975681305
YBR289W,YMR104C,0,-3.7705064,0.10424242168664932,0.0860000029206276,0.0738999992609024
YER087C-A,YMR164C,0,-3.7729902,0.10411622375249863,0.0860000029206276,0.07400000095367432
YKR065C,YPL096C-A,0,-3.7743337,0.10399032384157181,0.0860000029206276,0.07410000264644623
YLR141W,YOR305W,0,-3.7761383,0.10386473685503006,0.0860000029206276,0.07419999688863754
YOL113W,YJL021C,0,-3.7771258,0.10373944789171219,0.0860000029206276,0.07429999858140945
YDR382W,YOR305W,0,-3.7776074,0.1036144569516182,0.0860000029206276,0.07440000027418137
YMR042W,YMR087W,0,-3.7776227,0.10348977148532867,0.0860000029206276,0.07450000196695328
YLR126C,YJL191W,0,-3.7780426,0.10336538404226303,0.0860000029206276,0.07460000365972519
YLR129W,YGL168W,0,-3.7789721,0.10324129462242126,0.0860000029206276,0.0746999979019165
YJR026W,YFR055W,0,-3.7803,0.10311750322580338,0.0860000029206276,0.07479999959468842
YPL232W,YBR100W,0,-3.7804067,0.10299400985240936,0.0860000029206276,0.07490000128746033
YMR051C,YEL063C,0,-3.7810276,0.10287081450223923,0.0860000029206276,0.07500000298023224
YJL021C,YHR142W,0,-3.781779,0.10274790972471237,0.0860000029206276,0.07509999722242355
YHL019C,YCR058C,0,-3.7832332,0.1026252955198288,0.0860000029206276,0.07519999891519547
YJL138C,YBR012W-B,0,-3.7865767,0.1025029793381691,0.0860000029206276,0.07530000060796738
YIL077C,YNL093W,0,-3.7868676,0.10238095372915268,0.0860000029206276,0.07540000230073929
YGR254W,YJL012C-A,1,-3.7881875,0.1034482792019844,0.08699999749660492,0.07540000230073929
YKR072C,YBR100W,0,-3.7890537,0.10332541912794113,0.08699999749660492,0.0754999965429306
YIL029C,YBR012W-B,0,-3.7900743,0.10320284962654114,0.08699999749660492,0.07559999823570251
YBR159W,YDR515W,0,-3.7910628,0.10308057069778442,0.08699999749660492,0.07569999992847443
YDL212W,YMR055C,0,-3.7919157,0.10295858234167099,0.08699999749660492,0.07580000162124634
YBL005W-A,YBL069W,0,-3.792015,0.10283687710762024,0.08699999749660492,0.07590000331401825
YNL107W,YNL247W,0,-3.7923315,0.10271546989679337,0.08699999749660492,0.07599999755620956
YDL038C,YDR106W,0,-3.7923398,0.10259433835744858,0.08699999749660492,0.07609999924898148
YDR182W,YLR126C,0,-3.7928896,0.10247349739074707,0.08699999749660492,0.07620000094175339
YPR168W,YMR210W,0,-3.794498,0.10235293954610825,0.08699999749660492,0.0763000026345253
YCL059C,YBR090C-A,0,-3.7955515,0.1022326648235321,0.08699999749660492,0.07639999687671661
YKL138C-A,YKL212W,0,-3.7955647,0.10211267322301865,0.08699999749660492,0.07649999856948853
YBR250W,YBL071W-A,0,-3.7961621,0.10199296474456787,0.08699999749660492,0.07660000026226044
YMR050C,YBL003C,0,-3.7990212,0.10187353938817978,0.08699999749660492,0.07670000195503235
YJL021C,YOR080W,0,-3.799058,0.10175438225269318,0.08699999749660492,0.07680000364780426
YDR323C,YNL313C,0,-3.799254,0.10163551568984985,0.08699999749660492,0.07689999788999557
YAL005C,YPL096C-A,0,-3.7992764,0.10151691734790802,0.08699999749660492,0.07699999958276749
YML131W,YBR216C,0,-3.8006144,0.10139860212802887,0.08699999749660492,0.0771000012755394
YFL011W-A,YIR011C,0,-3.8020594,0.10128055512905121,0.08699999749660492,0.07720000296831131
YPL241C,YFR024C,0,-3.802095,0.10116279125213623,0.08699999749660492,0.07729999721050262
YBR183W,YMR060C,0,-3.8021762,0.10104529559612274,0.08699999749660492,0.07739999890327454
YDR065W,YEL051W,1,-3.803178,0.10208816826343536,0.08799999952316284,0.07739999890327454
YNL103W,YMR050C,0,-3.8045762,0.101969875395298,0.08799999952316284,0.07750000059604645
YJR026W,YFL026W,0,-3.8048754,0.10185185074806213,0.08799999952316284,0.07760000228881836
YCR055C,YNR017W,0,-3.8097749,0.10173410177230835,0.08799999952316284,0.07769999653100967
YMR287C,YER014C-A,0,-3.8105202,0.10161662846803665,0.08799999952316284,0.07779999822378159
YLR126C,YGL044C,0,-3.8112307,0.10149942338466644,0.08799999952316284,0.0778999999165535
YOR008C,YMR087W,0,-3.8149333,0.10138248652219772,0.08799999952316284,0.07800000160932541
YGR063C,YCL075W,0,-3.8154492,0.10126582533121109,0.08799999952316284,0.07810000330209732
YGL210W-A,YMR161W,0,-3.8180385,0.10114942491054535,0.08799999952316284,0.07819999754428864
YDR260C,YOR305W,0,-3.8188622,0.1010332927107811,0.08799999952316284,0.07829999923706055
YIL017W,YJL186W,0,-3.818922,0.10091742873191833,0.08799999952316284,0.07840000092983246
YIL037C,YPR080W,0,-3.8195333,0.10080183297395706,0.08799999952316284,0.07850000262260437
YBR111W-A,YDL052C,0,-3.8198125,0.10068649798631668,0.08799999952316284,0.07859999686479568
YNL107W,YAR044W,0,-3.8202853,0.10057143121957779,0.08799999952316284,0.0786999985575676
YIL017W,YER157W,0,-3.8211966,0.1004566177725792,0.08799999952316284,0.07880000025033951
YNL045W,YJL134W,0,-3.8218653,0.10034207254648209,0.08799999952316284,0.07890000194311142
YBR090C-A,YLR304C,0,-3.822009,0.10022778809070587,0.08799999952316284,0.07900000363588333
YMR276W,YML033W,0,-3.822116,0.10011376440525055,0.08799999952316284,0.07909999787807465
YPL276W,YKL038W,0,-3.8221521,0.10000000149011612,0.08799999952316284,0.07919999957084656
YPL234C,YJL012C-A,1,-3.8237314,0.10102156549692154,0.08900000154972076,0.07919999957084656
YMR224C,YJR141W,0,-3.825366,0.10090702772140503,0.08900000154972076,0.07930000126361847
YJL087C,YHR094C,0,-3.8258758,0.10079275071620941,0.08900000154972076,0.07940000295639038
YAL015C,YBR156C,0,-3.8265347,0.10067873448133469,0.08900000154972076,0.0794999971985817
YDL160C,YKL138C-A,0,-3.828173,0.10056497156620026,0.08900000154972076,0.07959999889135361
YMR227C,YBR100W,0,-3.8292475,0.10045146942138672,0.08900000154972076,0.07970000058412552
YDR306C,YOR257W,0,-3.82953,0.10033822059631348,0.08900000154972076,0.07980000227689743
YJR093C,YGR122W,0,-3.8305025,0.10022522509098053,0.08900000154972076,0.07989999651908875
YLR386W,YDR065W,1,-3.8305326,0.10123734176158905,0.09000000357627869,0.07989999651908875
YIL033C,YBL005W-B,0,-3.8309627,0.10112359374761581,0.09000000357627869,0.07999999821186066
YBL022C,YML039W,0,-3.8315103,0.10101009905338287,0.09000000357627869,0.08009999990463257
YBR111W-A,YGR005C,0,-3.8327155,0.10089685767889023,0.09000000357627869,0.08020000159740448
YDR147W,YER014C-A,0,-3.8334353,0.10078387707471848,0.09000000357627869,0.08030000329017639
YNL307C,YNR064C,0,-3.8334997,0.10067114233970642,0.09000000357627869,0.0803999975323677
YBR278W,YIL029C,0,-3.834322,0.10055866092443466,0.09000000357627869,0.08049999922513962
YLR301W,YDR283C,0,-3.8353827,0.1004464253783226,0.09000000357627869,0.08060000091791153
YDR131C,YNL085W,0,-3.8354163,0.10033445060253143,0.09000000357627869,0.08070000261068344
YML131W,YBR207W,0,-3.8355103,0.10022271424531937,0.09000000357627869,0.08079999685287476
YJL021C,YDR446W,0,-3.839336,0.1001112312078476,0.09000000357627869,0.08089999854564667
YLL061W,YMR229C,0,-3.8395743,0.10000000149011612,0.09000000357627869,0.08100000023841858
YBR233W-A,YDL014W,0,-3.8413548,0.09988901019096375,0.09000000357627869,0.08110000193119049
YMR050C,YDR411C,0,-3.8426266,0.09977827221155167,0.09000000357627869,0.0812000036239624
YOL077C,YOR127W,0,-3.843586,0.09966777265071869,0.09000000357627869,0.08129999786615372
YKL054C,YKL075C,0,-3.8445299,0.09955751895904541,0.09000000357627869,0.08139999955892563
YML011C,YPL093W,0,-3.8464088,0.09944751113653183,0.09000000357627869,0.08150000125169754
YML014W,YMR051C,0,-3.8467646,0.09933774918317795,0.09000000357627869,0.08160000294446945
YDR110W,YCL075W,0,-3.8471208,0.09922822564840317,0.09000000357627869,0.08169999718666077
YDR277C,YER160C,0,-3.847447,0.09911894053220749,0.09000000357627869,0.08179999887943268
YNL111C,YLR224W,0,-3.8489108,0.09900990128517151,0.09000000357627869,0.08190000057220459
YJL113W,YDR503C,0,-3.8490155,0.09890110045671463,0.09000000357627869,0.0820000022649765
YDL197C,YHR214C-B,0,-3.8515465,0.09879253804683685,0.09000000357627869,0.08209999650716782
YNR074C,YOR099W,0,-3.8516273,0.09868421405553818,0.09000000357627869,0.08219999819993973
YIL082W-A,YGL013C,0,-3.8522158,0.098576121032238,0.09000000357627869,0.08229999989271164
YPR088C,YER180C-A,0,-3.854093,0.09846827387809753,0.09000000357627869,0.08240000158548355
YJL021C,YDR516C,0,-3.854278,0.09836065769195557,0.09000000357627869,0.08250000327825546
YFL039C,YJL012C-A,1,-3.855587,0.09934497624635696,0.09099999815225601,0.08250000327825546
YBR097W,YNL247W,0,-3.8561702,0.09923664480447769,0.09099999815225601,0.08259999752044678
YLR312C-B,YFR008W,0,-3.8562615,0.09912853688001633,0.09099999815225601,0.08269999921321869
YBL005W-A,YDR060W,0,-3.856709,0.09902067482471466,0.09099999815225601,0.0828000009059906
YBR250W,YLR126C,0,-3.858177,0.0989130437374115,0.09099999815225601,0.08290000259876251
YIR018W,YAR044W,0,-3.8587024,0.09880564361810684,0.09099999815225601,0.08299999684095383
YGL126W,YKL070W,0,-3.8587985,0.09869848191738129,0.09099999815225601,0.08309999853372574
YDR065W,YIL048W,1,-3.8616934,0.09967496991157532,0.09200000017881393,0.08309999853372574
YDR131C,YPL249C,0,-3.8620653,0.09956710040569305,0.09200000017881393,0.08320000022649765
YGR177C,YHL012W,0,-3.8626728,0.0994594618678093,0.09200000017881393,0.08330000191926956
YPR010C,YPR046W,0,-3.8642268,0.09935205429792404,0.09200000017881393,0.08340000361204147
YMR247C,YGR042W,0,-3.8671362,0.09924487769603729,0.09200000017881393,0.08349999785423279
YLR224W,YER171W,0,-3.867281,0.09913793206214905,0.09200000017881393,0.0835999995470047
YBR126C,YKL086W,0,-3.8691287,0.09903121739625931,0.09200000017881393,0.08370000123977661
YHR138C,YNL079C,1,-3.869182,0.10000000149011612,0.09300000220537186,0.08370000123977661
YMR045C,YPL046C,0,-3.8700278,0.09989258646965027,0.09300000220537186,0.08380000293254852
YJR027W,YBR274W,0,-3.8701158,0.09978540986776352,0.09300000220537186,0.08389999717473984
YOR005C,YER190W,0,-3.8705983,0.09967845678329468,0.09300000220537186,0.08399999886751175
YKR101W,YCR055C,0,-3.8707197,0.09957173466682434,0.09300000220537186,0.08410000056028366
YML039W,YJL060W,0,-3.8720245,0.09946524351835251,0.09300000220537186,0.08420000225305557
YPL195W,YGR054W,0,-3.872365,0.09935897588729858,0.09300000220537186,0.08429999649524689
YML024W,YDL118W,0,-3.8725157,0.09925293177366257,0.09300000220537186,0.0843999981880188
YGR157W,YOR356W,0,-3.87272,0.09914711862802505,0.09300000220537186,0.08449999988079071
YDL153C,YBL074C,0,-3.8727682,0.09904153645038605,0.09300000220537186,0.08460000157356262
YDR489W,YLR132C,0,-3.8739455,0.09893617033958435,0.09300000220537186,0.08470000326633453
YJR153W,YER190W,0,-3.8743215,0.09883102774620056,0.09300000220537186,0.08479999750852585
YLR066W,YEL057C,0,-3.876457,0.09872611612081528,0.09300000220537186,0.08489999920129776
YCR055C,YDL065C,0,-3.878467,0.0986214205622673,0.09300000220537186,0.08500000089406967
YDR394W,YML058W-A,0,-3.8788538,0.09851694852113724,0.09300000220537186,0.08510000258684158
YHR196W,YER014C-A,0,-3.880011,0.09841269999742508,0.09300000220537186,0.0851999968290329
YKL213C,YOR031W,0,-3.8818214,0.09830866754055023,0.09300000220537186,0.08529999852180481
YLL056C,YFR008W,0,-3.8825908,0.09820485860109329,0.09300000220537186,0.08540000021457672
YDL223C,YAL026C,0,-3.8838105,0.09810126572847366,0.09300000220537186,0.08550000190734863
YOR008C-A,YNL127W,0,-3.8846433,0.09799788892269135,0.09300000220537186,0.08560000360012054
YPL275W,YIL072W,0,-3.884921,0.09789473563432693,0.09300000220537186,0.08569999784231186
YNR008W,YML039W,0,-3.8856463,0.09779179841279984,0.09300000220537186,0.08579999953508377
YBL005W-A,YLR363C,0,-3.886096,0.09768907725811005,0.09300000220537186,0.08590000122785568
YIL029C,YER114C,0,-3.8871489,0.09758657217025757,0.09300000220537186,0.0860000029206276
YLR301W,YOR032C,0,-3.8872256,0.0974842756986618,0.09300000220537186,0.08609999716281891
YBL051C,YDL036C,0,-3.8884568,0.09738219529390335,0.09300000220537186,0.08619999885559082
YGR161C,YIR006C,0,-3.8888233,0.0972803384065628,0.09300000220537186,0.08630000054836273
YJR027W,YML095C,0,-3.8889203,0.09717868268489838,0.09300000220537186,0.08640000224113464
YMR192W,YJR027W,0,-3.889365,0.09707724303007126,0.09300000220537186,0.08649999648332596
YHR138C,YFL039C,1,-3.889515,0.09801877290010452,0.09399999678134918,0.08649999648332596
YPL181W,YMR087W,0,-3.8902097,0.09791667014360428,0.09399999678134918,0.08659999817609787
YHR020W,YLR067C,0,-3.8903804,0.09781477600336075,0.09399999678134918,0.08669999986886978
YLR386W,YEL051W,1,-3.8915868,0.09875259548425674,0.0949999988079071,0.08669999986886978
YHR214C-B,YDR279W,0,-3.8932066,0.09865005314350128,0.0949999988079071,0.0868000015616417
YLR195C,YER180C-A,0,-3.8938537,0.09854771941900253,0.0949999988079071,0.0869000032544136
YJL021C,YNL220W,0,-3.8943076,0.0984455943107605,0.0949999988079071,0.08699999749660492
YDL138W,YIL119C,0,-3.89571,0.09834368526935577,0.0949999988079071,0.08709999918937683
YBL071W-A,YOL158C,0,-3.8979027,0.09824198484420776,0.0949999988079071,0.08720000088214874
YER087C-A,YBR042C,0,-3.8986044,0.09814049303531647,0.0949999988079071,0.08730000257492065
YLL018C-A,YPL187W,0,-3.900455,0.09803921729326248,0.0949999988079071,0.08739999681711197
YNL247W,YCR094W,0,-3.9009986,0.09793814271688461,0.0949999988079071,0.08749999850988388
YGR252W,YJL114W,0,-3.903593,0.09783728420734406,0.0949999988079071,0.08760000020265579
YBR111W-A,YDR036C,0,-3.9040573,0.09773662686347961,0.0949999988079071,0.0877000018954277
YBR111W-A,YBL058W,0,-3.9074473,0.09763617813587189,0.0949999988079071,0.08780000358819962
YHR138C,YHR060W,1,-3.9086437,0.09856262803077698,0.09600000083446503,0.08780000358819962
YPL069C,YKL200C,0,-3.908648,0.09846153855323792,0.09600000083446503,0.08789999783039093
YDR065W,YDR080W,1,-3.908893,0.09938524663448334,0.09700000286102295,0.08789999783039093
YLR224W,YLR353W,0,-3.9091434,0.09928352385759354,0.09700000286102295,0.08799999952316284
YLR467W,YBL003C,0,-3.9108634,0.09918200224637985,0.09700000286102295,0.08810000121593475
YOR045W,YHL012W,0,-3.911325,0.09908069670200348,0.09700000286102295,0.08820000290870667
YGR280C,YLR010C,0,-3.9114437,0.09897959232330322,0.09700000286102295,0.08829999715089798
YCL075W,YBR087W,0,-3.9117148,0.09887869656085968,0.09700000286102295,0.08839999884366989
YPL041C,YLR298C,0,-3.913697,0.09877800196409225,0.09700000286102295,0.0885000005364418
YCL020W,YNL148C,0,-3.9138002,0.09867751598358154,0.09700000286102295,0.08860000222921371
YIL018W,YBL005W-A,0,-3.913867,0.09857723861932755,0.09700000286102295,0.08869999647140503
YOR136W,YFR024C,0,-3.9154081,0.09847715497016907,0.09700000286102295,0.08879999816417694
YBL100W-A,YLR310C,0,-3.916627,0.0983772799372673,0.09700000286102295,0.08889999985694885
YLL011W,YJR026W,0,-3.9169042,0.09827760607004166,0.09700000286102295,0.08900000154972076
YOR008C-A,YMR267W,0,-3.916932,0.09817814081907272,0.09700000286102295,0.08910000324249268
YJR046W,YCL019W,0,-3.9171336,0.09807886928319931,0.09700000286102295,0.08919999748468399
YPL041C,YDR499W,0,-3.9214537,0.09797979891300201,0.09700000286102295,0.0892999991774559
YCL075W,YPL153C,0,-3.923814,0.09788092970848083,0.09700000286102295,0.08940000087022781
YHR138C,YMR231W,1,-3.9242868,0.09879032522439957,0.09799999743700027,0.08940000087022781
YGR094W,YOR269W,0,-3.9243903,0.09869083762168884,0.09799999743700027,0.08950000256299973
YPR080W,YOR237W,0,-3.9250493,0.09859155118465424,0.09799999743700027,0.08959999680519104
YDR115W,YML073C,0,-3.9253182,0.09849246591329575,0.09799999743700027,0.08969999849796295
YDL088C,YOR356W,0,-3.926454,0.09839357435703278,0.09799999743700027,0.08980000019073486
YIR018W,YCL003W,0,-3.9264755,0.09829488396644592,0.09799999743700027,0.08990000188350677
YDR221W,YMR046C,0,-3.9275885,0.09819639474153519,0.09799999743700027,0.09000000357627869
YDL128W,YER108C,0,-3.9286742,0.09809809923171997,0.09799999743700027,0.09009999781847
YMR045C,YHR129C,0,-3.928903,0.09799999743700027,0.09799999743700027,0.09019999951124191
YJR028W,YPR029C,0,-3.9305742,0.0979020968079567,0.09799999743700027,0.09030000120401382
YBL005W-A,YIL132C,0,-3.9309118,0.09780438989400864,0.09799999743700027,0.09040000289678574
YBR111W-A,YNL329C,0,-3.9312863,0.0977068766951561,0.09799999743700027,0.09049999713897705
YPL195W,YHR094C,0,-3.9317124,0.09760956466197968,0.09799999743700027,0.09059999883174896
YKL138C-A,YLR340W,0,-3.9322693,0.09751243889331818,0.09799999743700027,0.09070000052452087
YBR111W-A,YMR037C,0,-3.9324536,0.0974155068397522,0.09799999743700027,0.09080000221729279
YIL061C,YNL313C,0,-3.9334323,0.09731876850128174,0.09799999743700027,0.0908999964594841
YPL176C,YPR078C,0,-3.936578,0.0972222238779068,0.09799999743700027,0.09099999815225601
YNL045W,YNR052C,0,-3.9369278,0.09712586551904678,0.09799999743700027,0.09109999984502792
YDR205W,YIL034C,0,-3.9374614,0.09702970087528229,0.09799999743700027,0.09120000153779984
YGR254W,YDR065W,1,-3.937467,0.09792284667491913,0.0989999994635582,0.09120000153779984
YDL006W,YHR214C-B,0,-3.9382887,0.09782608598470688,0.0989999994635582,0.09130000323057175
YHR086W,YLL017W,0,-3.9396694,0.09772951900959015,0.0989999994635582,0.09139999747276306
YJL113W,YHR023W,0,-3.9405394,0.09763313829898834,0.0989999994635582,0.09149999916553497
YDR283C,YER062C,0,-3.9446967,0.09753694385290146,0.0989999994635582,0.09160000085830688
YGR252W,YNL045W,0,-3.9447289,0.0974409431219101,0.0989999994635582,0.0917000025510788
YGR254W,YHR138C,1,-3.9450974,0.09832841902971268,0.10000000149011612,0.0917000025510788
YLR301W,YER005W,0,-3.945916,0.09823182970285416,0.10000000149011612,0.09179999679327011
YGL033W,YCR061W,0,-3.9463804,0.09813542664051056,0.10000000149011612,0.09189999848604202
YNR035C,YBL005W-A,0,-3.9468675,0.09803921729326248,0.10000000149011612,0.09200000017881393
YDR212W,YML131W,0,-3.9491448,0.09794319421052933,0.10000000149011612,0.09210000187158585
YOL004W,YHR075C,0,-3.9493487,0.0978473573923111,0.10000000149011612,0.09220000356435776
YLL056C,YIL106W,0,-3.9510927,0.09775171428918839,0.10000000149011612,0.09229999780654907
YLR303W,YNL046W,0,-3.953524,0.09765625,0.10000000149011612,0.09239999949932098
YGR156W,YER087C-A,0,-3.9555833,0.09756097197532654,0.10000000149011612,0.0925000011920929
YMR088C,YER014C-A,0,-3.9559314,0.0974658876657486,0.10000000149011612,0.09260000288486481
YGL047W,YJR121W,0,-3.9565225,0.09737098217010498,0.10000000149011612,0.09269999712705612
YDR115W,YAL010C,0,-3.95756,0.09727626293897629,0.10000000149011612,0.09279999881982803
YML118W,YHR083W,0,-3.9579763,0.09718172997236252,0.10000000149011612,0.09290000051259995
YJR027W,YML069W,0,-3.9580922,0.09708737581968307,0.10000000149011612,0.09300000220537186
YKL212W,YGL169W,0,-3.9589179,0.09699320793151855,0.10000000149011612,0.09309999644756317
YMR035W,YML039W,0,-3.95893,0.09689922630786896,0.10000000149011612,0.09319999814033508
YIL082W-A,YLL050C,0,-3.9593086,0.09680542349815369,0.10000000149011612,0.093299999833107
YHR020W,YLR371W,0,-3.959873,0.09671179950237274,0.10000000149011612,0.0934000015258789
YHR020W,YBR102C,0,-3.9613433,0.09661835432052612,0.10000000149011612,0.09350000321865082
YCL004W,YGR042W,0,-3.961873,0.09652509540319443,0.10000000149011612,0.09359999746084213
YOL130W,YDR106W,0,-3.9684048,0.09643201529979706,0.10000000149011612,0.09369999915361404
YBR233W-A,YGL153W,0,-3.9693885,0.09633911401033401,0.10000000149011612,0.09380000084638596
YNL247W,YCR066W,0,-3.9699397,0.0962463915348053,0.10000000149011612,0.09390000253915787
YKL088W,YPL021W,0,-3.971307,0.09615384787321091,0.10000000149011612,0.09399999678134918
YHR082C,YDR018C,0,-3.9713664,0.09606148302555084,0.10000000149011612,0.0940999984741211
YHR077C,YNR075W,0,-3.9720337,0.0959692895412445,0.10000000149011612,0.094200000166893
YHR023W,YCR057C,0,-3.9722462,0.0958772748708725,0.10000000149011612,0.09430000185966492
YLL056C,YLR231C,0,-3.9735126,0.09578543901443481,0.10000000149011612,0.09440000355243683
YDL118W,YKR046C,0,-3.9749022,0.09569378197193146,0.10000000149011612,0.09449999779462814
YIL167W,YHR073W,0,-3.9752536,0.09560229629278183,0.10000000149011612,0.09459999948740005
YBR152W,YNR074C,0,-3.9752877,0.09551098197698593,0.10000000149011612,0.09470000118017197
YLR043C,YDR065W,1,-3.975778,0.0963740423321724,0.10100000351667404,0.09470000118017197
YER111C,YPL096C-A,0,-3.9768066,0.09628217667341232,0.10100000351667404,0.09480000287294388
YDR065W,YBL050W,1,-3.9771395,0.09714286029338837,0.10199999809265137,0.09480000287294388
YOR338W,YDR130C,0,-3.9772615,0.09705042839050293,0.10199999809265137,0.09489999711513519
YBR111W-A,YDR412W,0,-3.9778066,0.09695817530155182,0.10199999809265137,0.0949999988079071
YEL057C,YER169W,0,-3.9779515,0.09686609357595444,0.10199999809265137,0.09510000050067902
YDR228C,YML058W-A,0,-3.9799066,0.09677419066429138,0.10199999809265137,0.09520000219345093
YLR126C,YJR019C,0,-3.9804666,0.09668246656656265,0.10199999809265137,0.09529999643564224
YFL004W,YDR065W,1,-3.985067,0.09753787517547607,0.10300000011920929,0.09529999643564224
YFL034C-B,YBR058C-A,0,-3.9873745,0.09744559973478317,0.10300000011920929,0.09539999812841415
YDL039C,YCL075W,0,-3.9878979,0.097353495657444,0.10300000011920929,0.09549999982118607
YLR224W,YLR417W,0,-3.9881089,0.09726157039403915,0.10300000011920929,0.09560000151395798
YAL017W,YPR168W,0,-3.9883285,0.09716980904340744,0.10300000011920929,0.09570000320672989
YHR138C,YDL077C,1,-3.9903715,0.09802073240280151,0.10400000214576721,0.09570000320672989
YPR078C,YGL018C,0,-3.9904637,0.09792843461036682,0.10400000214576721,0.0957999974489212
YNL247W,YKL040C,0,-3.9913845,0.09783631563186646,0.10400000214576721,0.09589999914169312
YDL039C,YBR058C-A,0,-3.9916205,0.09774436056613922,0.10400000214576721,0.09600000083446503
YNL161W,YOR008C-A,0,-3.9932203,0.09765258431434631,0.10400000214576721,0.09610000252723694
YLR447C,YHR138C,1,-3.9939227,0.09849905967712402,0.10499999672174454,0.09610000252723694
YGR060W,YGR296W,0,-3.9940348,0.09840674698352814,0.10499999672174454,0.09619999676942825
YHR138C,YPR036W,1,-3.9959483,0.09925093501806259,0.10599999874830246,0.09619999676942825
YOR356W,YGR284C,0,-3.9961405,0.09915809333324432,0.10599999874830246,0.09629999846220016
YNL313C,YGL137W,0,-3.9977348,0.09906542301177979,0.10599999874830246,0.09640000015497208
YBR159W,YKL182W,0,-3.9980068,0.09897292405366898,0.10599999874830246,0.09650000184774399
YMR050C,YBR244W,0,-3.9985151,0.0988805964589119,0.10599999874830246,0.0966000035405159
YDR055W,YMR237W,0,-4.0001874,0.09878844022750854,0.10599999874830246,0.09669999778270721
YLR126C,YMR047C,0,-4.000426,0.09869646281003952,0.10599999874830246,0.09679999947547913
YPR067W,YMR134W,0,-4.0011826,0.09860464930534363,0.10599999874830246,0.09690000116825104
YNL045W,YDL225W,0,-4.002116,0.09851301461458206,0.10599999874830246,0.09700000286102295
YPR188C,YER180C-A,0,-4.0025415,0.09842154383659363,0.10599999874830246,0.09709999710321426
YGL171W,YGR059W,0,-4.003171,0.09833024442195892,0.10599999874830246,0.09719999879598618
YPR078C,YGR075C,0,-4.003832,0.09823910892009735,0.10599999874830246,0.09730000048875809
YBR012W-B,YDR416W,0,-4.004712,0.09814814478158951,0.10599999874830246,0.09740000218153
YIL082W-A,YDR130C,0,-4.0061975,0.0980573520064354,0.10599999874830246,0.09749999642372131
YNR064C,YGR042W,0,-4.0081553,0.09796673059463501,0.10599999874830246,0.09759999811649323
YKL201C,YGR211W,0,-4.008417,0.09787627309560776,0.10599999874830246,0.09769999980926514
YMR091C,YMR050C,0,-4.0109553,0.09778597950935364,0.10599999874830246,0.09780000150203705
YKL205W,YLR107W,0,-4.0124564,0.09769584983587265,0.10599999874830246,0.09790000319480896
YIR033W,YBR156C,0,-4.01295,0.09760589152574539,0.10599999874830246,0.09799999743700027
YNL318C,YHR089C,0,-4.01366,0.09751609712839127,0.10599999874830246,0.09809999912977219
YNR023W,YER190W,0,-4.0160794,0.09742647409439087,0.10599999874830246,0.0982000008225441
YML045W,YOR025W,0,-4.0164356,0.09733700752258301,0.10599999874830246,0.09830000251531601
YLR043C,YHR138C,1,-4.0166245,0.09816513955593109,0.10700000077486038,0.09830000251531601
YML027W,YIR033W,0,-4.016666,0.09807515889406204,0.10700000077486038,0.09839999675750732
YCR072C,YPL033C,0,-4.0178504,0.09798534959554672,0.10700000077486038,0.09849999845027924
YER103W,YHR152W,0,-4.0188603,0.09789569675922394,0.10700000077486038,0.09860000014305115
YML045W,YER148W,0,-4.0193367,0.09780621528625488,0.10700000077486038,0.09870000183582306
YDR065W,YDR328C,1,-4.0199237,0.0986301377415657,0.1080000028014183,0.09870000183582306
YCL020W,YNL221C,0,-4.020143,0.09854014962911606,0.1080000028014183,0.09880000352859497
YNL045W,YDR503C,0,-4.0205226,0.09845031797885895,0.1080000028014183,0.09889999777078629
YNR064C,YLR010C,0,-4.020638,0.09836065769195557,0.1080000028014183,0.0989999994635582
YDR545W,YPL187W,0,-4.023085,0.09827115386724472,0.1080000028014183,0.09910000115633011
YKL138C-A,YDR116C,0,-4.025143,0.0981818214058876,0.1080000028014183,0.09920000284910202
YOR008C-A,YOR363C,0,-4.0251794,0.09809264540672302,0.1080000028014183,0.09929999709129333
YJL113W,YNR016C,0,-4.026224,0.09800363332033157,0.1080000028014183,0.09939999878406525
YGR122W,YKL113C,0,-4.027089,0.09791477769613266,0.1080000028014183,0.09950000047683716
YEL042W,YOL031C,0,-4.027393,0.09782608598470688,0.1080000028014183,0.09960000216960907
YCL019W,YOR354C,0,-4.0277805,0.09773755818605423,0.1080000028014183,0.09969999641180038
YPL276W,YPL224C,0,-4.0283375,0.09764918684959412,0.1080000028014183,0.0997999981045723
YGL058W,YBL005W-B,0,-4.0284615,0.09756097197532654,0.1080000028014183,0.09989999979734421
YDR065W,YOR068C,1,-4.028474,0.09837545454502106,0.10899999737739563,0.09989999979734421
YIL082W-A,YGL169W,0,-4.0286727,0.09828674793243408,0.10899999737739563,0.10000000149011612
YMR045C,YIL154C,0,-4.03161,0.09819819778203964,0.10899999737739563,0.10010000318288803
YNL247W,YJR009C,0,-4.0334163,0.09810981154441833,0.10899999737739563,0.10019999742507935
YHL028W,YDR131C,0,-4.0337744,0.09802158176898956,0.10899999737739563,0.10029999911785126
YPL126W,YDR046C,0,-4.033796,0.09793351590633392,0.10899999737739563,0.10040000081062317
YDR255C,YJL114W,0,-4.0338807,0.09784559905529022,0.10899999737739563,0.10050000250339508
YOR008C-A,YOL016C,0,-4.033904,0.09775784611701965,0.10899999737739563,0.1005999967455864
YOR162C,YLR190W,0,-4.0346212,0.09767024964094162,0.10899999737739563,0.1006999984383583
YBR200W,YPR078C,0,-4.034804,0.09758280962705612,0.10899999737739563,0.10080000013113022
YLR264W,YDR018C,0,-4.0354657,0.09749552607536316,0.10899999737739563,0.10090000182390213
YGL047W,YBR276C,0,-4.0384474,0.09740839898586273,0.10899999737739563,0.10100000351667404
YOR353C,YOR305W,0,-4.039465,0.09732142835855484,0.10899999737739563,0.10109999775886536
YDR545W,YOR371C,0,-4.03954,0.09723461419343948,0.10899999737739563,0.10119999945163727
YGR256W,YDR252W,0,-4.040286,0.09714794903993607,0.10899999737739563,0.10130000114440918
YOL143C,YHR214C-B,0,-4.040437,0.09706144034862518,0.10899999737739563,0.10140000283718109
YDR065W,YFL039C,1,-4.0406446,0.09786476939916611,0.10999999940395355,0.10140000283718109
YPL276W,YMR137C,0,-4.0425396,0.09777777642011642,0.10999999940395355,0.1014999970793724
YBR171W,YOR356W,0,-4.0431757,0.09769093990325928,0.10999999940395355,0.10159999877214432
YML049C,YPL096C-A,0,-4.04339,0.09760425984859467,0.10999999940395355,0.10170000046491623
YGR179C,YMR250W,0,-4.0469007,0.09751772880554199,0.10999999940395355,0.10180000215768814
YLR386W,YGR020C,1,-4.048536,0.09831709414720535,0.11100000143051147,0.10180000215768814
YOR185C,YDR532C,0,-4.04867,0.09823008626699448,0.11100000143051147,0.10189999639987946
YNL016W,YJR026W,0,-4.049698,0.09814323484897614,0.11100000143051147,0.10199999809265137
YGR272C,YBR086C,0,-4.0498595,0.09805653989315033,0.11100000143051147,0.10209999978542328
YLR301W,YDR221W,0,-4.0509396,0.09796999394893646,0.11100000143051147,0.10220000147819519
YPR095C,YLL056C,0,-4.052331,0.09788359701633453,0.11100000143051147,0.1023000031709671
YGR225W,YMR046C,0,-4.052342,0.09779735654592514,0.11100000143051147,0.10239999741315842
YNR007C,YER014C-A,0,-4.0526175,0.09771126508712769,0.11100000143051147,0.10249999910593033
YML039W,YOR361C,0,-4.0548735,0.09762533009052277,0.11100000143051147,0.10260000079870224
YNR074C,YOL129W,0,-4.056093,0.09753954410552979,0.11100000143051147,0.10270000249147415
YOR083W,YDL109C,0,-4.05959,0.09745390713214874,0.11100000143051147,0.10279999673366547
YBL005W-A,YER157W,0,-4.0596285,0.09736841917037964,0.11100000143051147,0.10289999842643738
YDR167W,YPR078C,0,-4.0598717,0.09728308767080307,0.11100000143051147,0.10300000011920929
YJR141W,YGL158W,0,-4.061425,0.09719789773225784,0.11100000143051147,0.1031000018119812
YPL041C,YHR061C,0,-4.061891,0.09711286425590515,0.11100000143051147,0.10320000350475311
YLR078C,YAR009C,0,-4.062358,0.0970279723405838,0.11100000143051147,0.10329999774694443
YOR338W,YMR047C,0,-4.063957,0.09694322943687439,0.11100000143051147,0.10339999943971634
YMR054W,YHR138C,1,-4.064044,0.09773124009370804,0.1120000034570694,0.10339999943971634
YNL169C,YNL213C,0,-4.065882,0.09764603525400162,0.1120000034570694,0.10350000113248825
YJR063W,YPR055W,0,-4.066239,0.09756097197532654,0.1120000034570694,0.10360000282526016
YHR138C,YNL326C,1,-4.066596,0.09834638983011246,0.11299999803304672,0.10360000282526016
YPR173C,YDR503C,0,-4.06736,0.09826087206602097,0.11299999803304672,0.10369999706745148
YHR214C-B,YPR105C,0,-4.0679665,0.09817549586296082,0.11299999803304672,0.10379999876022339
YHR082C,YFL010W-A,0,-4.071151,0.0980902761220932,0.11299999803304672,0.1039000004529953
YMR104C,YLR141W,0,-4.072383,0.09800520539283752,0.11299999803304672,0.10400000214576721
YGR042W,YGL049C,0,-4.072578,0.09792027622461319,0.11299999803304672,0.10409999638795853
YLR396C,YHR138C,1,-4.0745187,0.09870129823684692,0.11400000005960464,0.10409999638795853
YGR248W,YLR039C,0,-4.077706,0.09861591458320618,0.11400000005960464,0.10419999808073044
YCL020W,YNL278W,0,-4.0786004,0.09853067994117737,0.11400000005960464,0.10429999977350235
YOL039W,YML045W,0,-4.0796247,0.0984455943107605,0.11400000005960464,0.10440000146627426
YJR141W,YLR176C,0,-4.0801806,0.09836065769195557,0.11400000005960464,0.10450000315904617
YDR065W,YPR036W,1,-4.0817595,0.09913793206214905,0.11500000208616257,0.10450000315904617
YHL012W,YKL149C,0,-4.082476,0.0990525409579277,0.11500000208616257,0.10459999740123749
YLR451W,YLL017W,0,-4.0828586,0.0989672988653183,0.11500000208616257,0.1046999990940094
YKL064W,YLR132C,0,-4.08624,0.09888219833374023,0.11500000208616257,0.10480000078678131
YHR083W,YJL114W,0,-4.08666,0.0987972542643547,0.11500000208616257,0.10490000247955322
YML107C,YML058W-A,0,-4.0869164,0.09871244430541992,0.11500000208616257,0.10499999672174454
YKL073W,YLR126C,0,-4.0872593,0.09862779080867767,0.11500000208616257,0.10509999841451645
YML132W,YDR273W,0,-4.087352,0.09854327142238617,0.11500000208616257,0.10520000010728836
YDL188C,YKL070W,0,-4.0881805,0.0984589010477066,0.11500000208616257,0.10530000180006027
YOL088C,YBL002W,0,-4.0881977,0.09837467968463898,0.11500000208616257,0.10540000349283218
YER117W,YER180C-A,0,-4.0890265,0.09829059988260269,0.11500000208616257,0.1054999977350235
YBR111W-A,YOR363C,0,-4.089254,0.09820666164159775,0.11500000208616257,0.10559999942779541
YNR064C,YHR169W,0,-4.0905943,0.09812286496162415,0.11500000208616257,0.10570000112056732
YLR126C,YDR164C,0,-4.0911055,0.09803921729326248,0.11500000208616257,0.10580000281333923
YNL023C,YJL148W,0,-4.091496,0.09795570373535156,0.11500000208616257,0.10589999705553055
YBL024W,YPL187W,0,-4.0925555,0.09787233918905258,0.11500000208616257,0.10599999874830246
YKR014C,YJL114W,0,-4.092789,0.09778911620378494,0.11500000208616257,0.10610000044107437
YDR263C,YDR130C,0,-4.0932293,0.09770603477954865,0.11500000208616257,0.10620000213384628
YNL332W,YGR086C,0,-4.093555,0.09762308746576309,0.11500000208616257,0.1062999963760376
YPL093W,YER062C,0,-4.0942035,0.09754028916358948,0.11500000208616257,0.10639999806880951
YKR038C,YCR058C,0,-4.0948477,0.09745762497186661,0.11500000208616257,0.10649999976158142
YPR010C,YER014C-A,0,-4.09688,0.09737510234117508,0.11500000208616257,0.10660000145435333
YLR013W,YBR256C,0,-4.097737,0.09729272127151489,0.11500000208616257,0.10670000314712524
YJR082C,YKL138C-A,0,-4.097759,0.09721048176288605,0.11500000208616257,0.10679999738931656
YGR256W,YER014C-A,0,-4.097995,0.09712837636470795,0.11500000208616257,0.10689999908208847
YPR055W,YDR320C-A,0,-4.0995355,0.09704641252756119,0.11500000208616257,0.10700000077486038
YJR141W,YOL091W,0,-4.099621,0.09696459025144577,0.11500000208616257,0.1071000024676323
YKL196C,YBR159W,0,-4.0998373,0.0968828946352005,0.11500000208616257,0.10719999670982361
YMR273C,YLL026W,0,-4.0999064,0.09680134803056717,0.11500000208616257,0.10729999840259552
YCL035C,YDL109C,0,-4.0999575,0.09671993553638458,0.11500000208616257,0.10740000009536743
YOL109W,YKL138C-A,0,-4.100119,0.09663865715265274,0.11500000208616257,0.10750000178813934
YML098W,YOR348C,0,-4.1010118,0.09655751287937164,0.11500000208616257,0.10760000348091125
YPL243W,YHL047C,0,-4.101573,0.09647651016712189,0.11500000208616257,0.10769999772310257
YNR072W,YBR058C-A,0,-4.1018004,0.09639564156532288,0.11500000208616257,0.10779999941587448
YHR152W,YPL209C,0,-4.102016,0.09631490707397461,0.11500000208616257,0.10790000110864639
YNL045W,YFR008W,0,-4.1020217,0.09623430669307709,0.11500000208616257,0.1080000028014183
YDL052C,YER014C-A,0,-4.1032424,0.09615384787321091,0.11500000208616257,0.10809999704360962
YER161C,YHR089C,0,-4.1034307,0.09607351571321487,0.11500000208616257,0.10819999873638153
YHR138C,YGL095C,1,-4.104259,0.09682804346084595,0.11599999666213989,0.10819999873638153
YDR177W,YKR095W-A,0,-4.1046147,0.09674728661775589,0.11599999666213989,0.10830000042915344
YPL240C,YIL129C,0,-4.104834,0.09666666388511658,0.11599999666213989,0.10840000212192535
YER029C,YAR009C,0,-4.1049824,0.09658617526292801,0.11599999666213989,0.10849999636411667
YPL041C,YLR047C,0,-4.1050534,0.09650582075119019,0.11599999666213989,0.10859999805688858
YDL081C,YOR025W,0,-4.105657,0.0964256003499031,0.11599999666213989,0.10869999974966049
YLR160C,YIL167W,0,-4.1069517,0.09634551405906677,0.11599999666213989,0.1088000014424324
YDR065W,YHR060W,1,-4.107276,0.09709543734788895,0.11699999868869781,0.1088000014424324
YGL192W,YOR305W,0,-4.1076074,0.09701492637395859,0.11699999868869781,0.10890000313520432
YDR212W,YLL056C,0,-4.1107926,0.09693454951047897,0.11699999868869781,0.10899999737739563
YCR102C,YPL037C,0,-4.1111217,0.0968543067574501,0.11699999868869781,0.10909999907016754
YMR210W,YKL129C,0,-4.1113315,0.09677419066429138,0.11699999868869781,0.10920000076293945
YLR386W,YHR138C,1,-4.111433,0.09752066433429718,0.11800000071525574,0.10920000076293945
YBL015W,YOR020C,0,-4.1115932,0.09744013100862503,0.11800000071525574,0.10930000245571136
YNL188W,YJR141W,0,-4.1125493,0.09735973924398422,0.11800000071525574,0.10939999669790268
YLL016W,YBR275C,0,-4.112667,0.09727947413921356,0.11800000071525574,0.10949999839067459
YHR023W,YCR047C,0,-4.1129565,0.09719934314489365,0.11800000071525574,0.1096000000834465
YDL015C,YNL046W,0,-4.1138964,0.09711933881044388,0.11800000071525574,0.10970000177621841
YMR197C,YDR065W,1,-4.114356,0.09786184132099152,0.11900000274181366,0.10970000177621841
YOL090W,YJR150C,0,-4.114685,0.09778142720460892,0.11900000274181366,0.10980000346899033
YNL313C,YJL041W,0,-4.1149096,0.09770114719867706,0.11900000274181366,0.10989999771118164
YGR094W,YBL103C,0,-4.1179895,0.09762100130319595,0.11900000274181366,0.10999999940395355
YLR224W,YBL007C,0,-4.118405,0.09754098206758499,0.11900000274181366,0.11010000109672546
YAL059W,YER014C-A,0,-4.1198077,0.09746109694242477,0.11900000274181366,0.11020000278949738
YOR326W,YNL054W,1,-4.1207027,0.09819967299699783,0.11999999731779099,0.11020000278949738
YLR233C,YCR091W,0,-4.1216707,0.09811937808990479,0.11999999731779099,0.11029999703168869
YPR025C,YIL077C,0,-4.1230507,0.09803921729326248,0.11999999731779099,0.1103999987244606
YLR418C,YOR120W,0,-4.1237335,0.09795918315649033,0.11999999731779099,0.11050000041723251
YNL148C,YER070W,0,-4.123741,0.09787928313016891,0.11999999731779099,0.11060000211000443
YML052W,YDR356W,0,-4.123954,0.09779950976371765,0.11999999731779099,0.11069999635219574
YGL232W,YKR095W-A,0,-4.125403,0.09771987050771713,0.11999999731779099,0.11079999804496765
YKL034W,YMR134W,0,-4.1261578,0.09764035791158676,0.11999999731779099,0.11089999973773956
YLR084C,YML059C,0,-4.1270304,0.09756097197532654,0.11999999731779099,0.11100000143051147
YPL276W,YNR030W,0,-4.1291285,0.09748172014951706,0.11999999731779099,0.11110000312328339
YPL195W,YGR122W,0,-4.1292887,0.09740259498357773,0.11999999731779099,0.1111999973654747
YEL015W,YKL088W,0,-4.131855,0.09732360392808914,0.11999999731779099,0.11129999905824661
YPR052C,YMR046C,0,-4.1324644,0.0972447320818901,0.11999999731779099,0.11140000075101852
YDR065W,YNL015W,1,-4.1326585,0.0979757085442543,0.12099999934434891,0.11140000075101852
YLR292C,YMR051C,0,-4.132947,0.09789644181728363,0.12099999934434891,0.11150000244379044
YJR028W,YER051W,0,-4.13344,0.0978173017501831,0.12099999934434891,0.11159999668598175
YDL087C,YDL227C,0,-4.133531,0.09773828834295273,0.12099999934434891,0.11169999837875366
YLR192C,YKL070W,0,-4.136926,0.0976594015955925,0.12099999934434891,0.11180000007152557
YLR447C,YDR065W,1,-4.137442,0.09838709980249405,0.12200000137090683,0.11180000007152557
YDR545W,YOL158C,0,-4.139628,0.09830781817436218,0.12200000137090683,0.11190000176429749
YLR386W,YBR127C,1,-4.140404,0.09903381764888763,0.12300000339746475,0.11190000176429749
YOL090W,YMR204C,0,-4.140686,0.09895414113998413,0.12300000339746475,0.1120000034570694
YOR237W,YKL012W,0,-4.1408243,0.09887459874153137,0.12300000339746475,0.11209999769926071
YOL097C,YMR050C,0,-4.141703,0.09879518300294876,0.12300000339746475,0.11219999939203262
YHR026W,YDR065W,1,-4.1423,0.09951845556497574,0.12399999797344208,0.11219999939203262
YDR499W,YKL075C,0,-4.1427593,0.09943865239620209,0.12399999797344208,0.11230000108480453
YLL016W,YGR089W,0,-4.1429267,0.09935897588729858,0.12399999797344208,0.11240000277757645
YCL033C,YKR001C,0,-4.1431394,0.09927942603826523,0.12399999797344208,0.11249999701976776
YKL205W,YKL055C,0,-4.144588,0.09920000284910202,0.12399999797344208,0.11259999871253967
YJR143C,YOR348C,0,-4.145324,0.09912070631980896,0.12399999797344208,0.11270000040531158
YJL190C,YER014C-A,0,-4.1455307,0.09904153645038605,0.12399999797344208,0.1128000020980835
YPR001W,YKL138C-A,0,-4.1460285,0.09896249324083328,0.12399999797344208,0.11289999634027481
YPL177C,YPL275W,0,-4.1478777,0.09888356924057007,0.12399999797344208,0.11299999803304672
YKL138C-A,YLR200W,0,-4.150253,0.0988047793507576,0.12399999797344208,0.11309999972581863
YGL029W,YHR023W,0,-4.15064,0.09872611612081528,0.12399999797344208,0.11320000141859055
YNL111C,YBL034C,0,-4.1519027,0.0986475721001625,0.12399999797344208,0.11330000311136246
YCR028C-A,YKL213C,0,-4.152071,0.09856915473937988,0.12399999797344208,0.11339999735355377
YIL082W-A,YOR206W,0,-4.1525507,0.09849086403846741,0.12399999797344208,0.11349999904632568
YOL091W,YGL001C,0,-4.153148,0.09841269999742508,0.12399999797344208,0.1136000007390976
YBR111W-A,YNL202W,0,-4.1533546,0.0983346551656723,0.12399999797344208,0.1137000024318695
YNL045W,YCL066W,0,-4.1535296,0.09825673699378967,0.12399999797344208,0.11379999667406082
YDL080C,YCL075W,0,-4.153595,0.0981789380311966,0.12399999797344208,0.11389999836683273
YLR394W,YLR132C,0,-4.156511,0.09810126572847366,0.12399999797344208,0.11400000005960464
YDR025W,YDL117W,0,-4.1566167,0.09802371263504028,0.12399999797344208,0.11410000175237656
YHR020W,YNL031C,0,-4.1569047,0.09794628620147705,0.12399999797344208,0.11420000344514847
YER087C-A,YGR143W,0,-4.1582775,0.09786897897720337,0.12399999797344208,0.11429999768733978
YIL082W-A,YBL080C,0,-4.158464,0.09779179841279984,0.12399999797344208,0.1143999993801117
YIL077C,YNR027W,0,-4.158546,0.09771473705768585,0.12399999797344208,0.1145000010728836
YPL212C,YKL088W,0,-4.16191,0.09763779491186142,0.12399999797344208,0.11460000276565552
YER062C,YDL064W,0,-4.162214,0.09756097197532654,0.12399999797344208,0.11469999700784683
YJR144W,YKL088W,0,-4.162753,0.0974842756986618,0.12399999797344208,0.11479999870061874
YDR131C,YCR042C,0,-4.1628103,0.09740769863128662,0.12399999797344208,0.11490000039339066
YNR011C,YGR296W,0,-4.1629834,0.09733124077320099,0.12399999797344208,0.11500000208616257
YIL056W,YPL202C,0,-4.1643324,0.09725490212440491,0.12399999797344208,0.11509999632835388
YOR237W,YBR112C,0,-4.164641,0.09717868268489838,0.12399999797344208,0.1151999980211258
YDR017C,YHR138C,1,-4.165075,0.09788566827774048,0.125,0.1151999980211258
YIL082W-A,YMR192W,0,-4.165949,0.0978090763092041,0.125,0.1152999997138977
YIL082W-A,YOR348C,0,-4.166953,0.09773260354995728,0.125,0.11540000140666962
YLR240W,YBR127C,1,-4.1669765,0.09843750298023224,0.12600000202655792,0.11540000140666962
YNL045W,YKL016C,0,-4.167184,0.09836065769195557,0.12600000202655792,0.11550000309944153
YNR075W,YAL002W,0,-4.167529,0.09828393161296844,0.12600000202655792,0.11559999734163284
YBR040W,YOR140W,0,-4.1690574,0.09820732474327087,0.12600000202655792,0.11569999903440475
YGL075C,YOL158C,0,-4.1692243,0.09813084453344345,0.12600000202655792,0.11580000072717667
YLR301W,YPR086W,0,-4.170353,0.09805447608232498,0.12600000202655792,0.11590000241994858
YJR026W,YBR218C,0,-4.170389,0.09797822684049606,0.12600000202655792,0.11599999666213989
YJR035W,YIL155C,0,-4.170514,0.0979020968079567,0.12600000202655792,0.1160999983549118
YHR077C,YOR100C,0,-4.171841,0.09782608598470688,0.12600000202655792,0.11620000004768372
YNR064C,YGL004C,0,-4.1730537,0.09775019437074661,0.12600000202655792,0.11630000174045563
YPR070W,YDR018C,0,-4.176269,0.0976744219660759,0.12600000202655792,0.11640000343322754
YKL051W,YDR065W,1,-4.178355,0.09837335348129272,0.12700000405311584,0.11640000343322754
YDR065W,YKL080W,1,-4.1795077,0.099071204662323,0.12800000607967377,0.11640000343322754
YOR185C,YML107C,0,-4.1800394,0.09899458289146423,0.12800000607967377,0.11649999767541885
YHR059W,YDR046C,0,-4.1806746,0.09891808032989502,0.12800000607967377,0.11659999936819077
YKL172W,YIR033W,0,-4.180793,0.09884169697761536,0.12800000607967377,0.11670000106096268
YDL056W,YCL019W,0,-4.181018,0.09876543283462524,0.12800000607967377,0.11680000275373459
YGR041W,YDR191W,0,-4.1816206,0.09868928045034409,0.12800000607967377,0.1168999969959259
YDR356W,YOR348C,0,-4.181691,0.09861325472593307,0.12800000607967377,0.11699999868869781
YLR043C,YOR068C,1,-4.1827135,0.09930715709924698,0.1289999932050705,0.11699999868869781
YLR459W,YPL265W,0,-4.183079,0.09923076629638672,0.1289999932050705,0.11710000038146973
YPL276W,YHR114W,0,-4.184623,0.09915449470281601,0.1289999932050705,0.11720000207424164
YGL075C,YJR001W,0,-4.1866374,0.09907834231853485,0.1289999932050705,0.11729999631643295
YDR146C,YBL004W,0,-4.1871185,0.09900230169296265,0.1289999932050705,0.11739999800920486
YOL116W,YKL075C,0,-4.187362,0.09892638027667999,0.1289999932050705,0.11749999970197678
YDR115W,YHR023W,0,-4.1883183,0.09885057806968689,0.1289999932050705,0.11760000139474869
YLR429W,YPL283C,0,-4.1889606,0.09877488762140274,0.1289999932050705,0.1177000030875206
YBL005W-A,YFR004W,0,-4.1907988,0.09869930893182755,0.1289999932050705,0.11779999732971191
YBR243C,YCR057C,0,-4.191719,0.0986238569021225,0.1289999932050705,0.11789999902248383
YHR058C,YKR009C,0,-4.1918015,0.0985485091805458,0.1289999932050705,0.11800000071525574
YDL160C,YDR285W,0,-4.1919026,0.09847328066825867,0.1289999932050705,0.11810000240802765
YKL055C,YBR084W,0,-4.1922107,0.09839817136526108,0.1289999932050705,0.11819999665021896
YER020W,YER014C-A,0,-4.192829,0.09832317382097244,0.1289999932050705,0.11829999834299088
YDL140C,YHR096C,0,-4.19295,0.09824828803539276,0.1289999932050705,0.11840000003576279
YDR131C,YGL043W,0,-4.1931934,0.09817351400852203,0.1289999932050705,0.1185000017285347
YCL038C,YGR059W,0,-4.1935706,0.09809885919094086,0.1289999932050705,0.11860000342130661
YKL112W,YLR223C,0,-4.194022,0.09802431613206863,0.1289999932050705,0.11869999766349792
YBR040W,YKR095W-A,0,-4.1961164,0.09794988483190536,0.1289999932050705,0.11879999935626984
YOR332W,YHR138C,1,-4.196655,0.09863429516553879,0.12999999523162842,0.11879999935626984
YPR078C,YMR001C,0,-4.197512,0.09855951368808746,0.12999999523162842,0.11890000104904175
YDR527W,YOR129C,0,-4.1978054,0.09848485141992569,0.12999999523162842,0.11900000274181366
YNL038W,YLL012W,0,-4.197914,0.09841029345989227,0.12999999523162842,0.11909999698400497
YGR103W,YEL069C,0,-4.197945,0.09833585470914841,0.12999999523162842,0.11919999867677689
YLR266C,YDR508C,0,-4.1985655,0.0982615277171135,0.12999999523162842,0.1193000003695488
YDR473C,YLR301W,0,-4.1990542,0.09818731248378754,0.12999999523162842,0.11940000206232071
YLR197W,YMR055C,0,-4.1998277,0.09811320900917053,0.12999999523162842,0.11949999630451202
YBL100W-A,YJR009C,0,-4.200188,0.09803921729326248,0.12999999523162842,0.11959999799728394
YDR115W,YDR145W,0,-4.2007146,0.09796533733606339,0.12999999523162842,0.11969999969005585
YPL041C,YNL298W,0,-4.200816,0.09789156913757324,0.12999999523162842,0.11980000138282776
YHR169W,YNR060W,0,-4.2013493,0.09781790524721146,0.12999999523162842,0.11990000307559967
YJL207C,YHR169W,0,-4.202109,0.09774436056613922,0.12999999523162842,0.11999999731779099
YLL013C,YPR080W,0,-4.2025065,0.09767092764377594,0.12999999523162842,0.1200999990105629
YLR224W,YEL012W,0,-4.202579,0.09759759902954102,0.12999999523162842,0.12020000070333481
YDR131C,YDR081C,0,-4.2029953,0.09752438217401505,0.12999999523162842,0.12030000239610672
YMR305C,YPL249C,0,-4.2056932,0.09745127707719803,0.12999999523162842,0.12039999663829803
YPL276W,YDR191W,0,-4.207981,0.09737827628850937,0.12999999523162842,0.12049999833106995
YLR047C,YOR356W,0,-4.2092085,0.09730538725852966,0.12999999523162842,0.12060000002384186
YIR005W,YML058W-A,0,-4.2106357,0.09723260998725891,0.12999999523162842,0.12070000171661377
YPR173C,YER109C,0,-4.212194,0.09715993702411652,0.12999999523162842,0.12080000340938568
YDR545W,YOL116W,0,-4.2122846,0.09708737581968307,0.12999999523162842,0.120899997651577
YOR344C,YML005W,0,-4.213674,0.09701492637395859,0.12999999523162842,0.12099999934434891
YFR030W,YLR060W,0,-4.214861,0.09694258123636246,0.12999999523162842,0.12110000103712082
YML023C,YGR288W,0,-4.2149167,0.09687034040689468,0.12999999523162842,0.12120000272989273
YJR145C,YER160C,0,-4.2153797,0.09679821133613586,0.12999999523162842,0.12129999697208405
YMR167W,YHR016C,0,-4.2158837,0.096726194024086,0.12999999523162842,0.12139999866485596
YLR301W,YDL229W,0,-4.2159133,0.09665427356958389,0.12999999523162842,0.12150000035762787
YNR064C,YDR184C,0,-4.2161393,0.09658246487379074,0.12999999523162842,0.12160000205039978
YNL210W,YDL083C,0,-4.2177715,0.09651076793670654,0.12999999523162842,0.1216999962925911
YDR529C,YOL044W,0,-4.218568,0.0964391678571701,0.12999999523162842,0.121799997985363
YBR233W-A,YGR270W,0,-4.219216,0.09636767953634262,0.12999999523162842,0.12189999967813492
YLR430W,YNR075W,0,-4.2195015,0.0962962955236435,0.12999999523162842,0.12200000137090683
YIR005W,YBR218C,0,-4.2202053,0.09622501581907272,0.12999999523162842,0.12210000306367874
YKL012W,YBR026C,0,-4.22035,0.09615384787321091,0.12999999523162842,0.12219999730587006
YHL012W,YJL170C,0,-4.220429,0.09608277678489685,0.12999999523162842,0.12229999899864197
YPR113W,YHR214C-B,0,-4.2211637,0.09601181745529175,0.12999999523162842,0.12240000069141388
YGL171W,YMR247C,0,-4.221519,0.095940962433815,0.12999999523162842,0.12250000238418579
YIL017W,YBL071W-A,0,-4.2216024,0.09587020426988602,0.12999999523162842,0.1225999966263771
YCR072C,YGL135W,0,-4.2216086,0.09579955786466599,0.12999999523162842,0.12269999831914902
YEL018W,YOR287C,0,-4.221628,0.09572901576757431,0.12999999523162842,0.12280000001192093
YGL240W,YGR211W,0,-4.223079,0.0956585705280304,0.12999999523162842,0.12290000170469284
YDR065W,YDL077C,1,-4.2236605,0.09632352739572525,0.13099999725818634,0.12290000170469284
YPL275W,YJL087C,0,-4.223722,0.09625275433063507,0.13099999725818634,0.12300000339746475
YOL017W,YNL246W,0,-4.2246604,0.09618208557367325,0.13099999725818634,0.12309999763965607
YDR238C,YHL040C,0,-4.2252197,0.09611152112483978,0.13099999725818634,0.12319999933242798
YCR107W,YBR289W,0,-4.2254686,0.09604105353355408,0.13099999725818634,0.12330000102519989
YLR224W,YDR137W,0,-4.2267084,0.09597069770097733,0.13099999725818634,0.1234000027179718
YOR274W,YOR287C,0,-4.226738,0.09590043872594833,0.13099999725818634,0.12349999696016312
YGR103W,YJR013W,0,-4.2269173,0.0958302840590477,0.13099999725818634,0.12359999865293503
YOL093W,YHL047C,0,-4.2270966,0.09576023370027542,0.13099999725818634,0.12370000034570694
YPL235W,YDL209C,0,-4.228581,0.0956902876496315,0.13099999725818634,0.12380000203847885
YMR093W,YHR163W,0,-4.2295403,0.09562043845653534,0.13099999725818634,0.12389999628067017
YMR273C,YDL223C,0,-4.2315526,0.09555069357156754,0.13099999725818634,0.12399999797344208
YFL014W,YNL258C,0,-4.231846,0.09548105299472809,0.13099999725818634,0.12409999966621399
YNL166C,YKR095W-A,0,-4.23239,0.0954115092754364,0.13099999725818634,0.1242000013589859
YHR020W,YOR162C,0,-4.233451,0.09534206986427307,0.13099999725818634,0.12430000305175781
YLR160C,YNL253W,0,-4.235187,0.0952727273106575,0.13099999725818634,0.12439999729394913
YNL327W,YMR268C,0,-4.236008,0.09520348906517029,0.13099999725818634,0.12449999898672104
YFR030W,YOR116C,0,-4.236139,0.09513434767723083,0.13099999725818634,0.12460000067949295
YMR229C,YBR156C,0,-4.236537,0.09506531059741974,0.13099999725818634,0.12470000237226486
YDL232W,YGR122W,0,-4.237779,0.094996377825737,0.13099999725818634,0.12479999661445618
YJL214W,YGL178W,0,-4.2402735,0.09492753446102142,0.13099999725818634,0.12489999830722809
YOR008C-A,YNL082W,0,-4.2404537,0.0948587954044342,0.13099999725818634,0.125
YLR010C,YDR083W,0,-4.240673,0.09479016065597534,0.13099999725818634,0.1251000016927719
YJL156C,YDR449C,0,-4.2412486,0.09472162276506424,0.13099999725818634,0.12520000338554382
YLR301W,YMR051C,0,-4.2413263,0.0946531817317009,0.13099999725818634,0.12530000507831573
YLR148W,YDR065W,1,-4.2419333,0.09530685842037201,0.13199999928474426,0.12530000507831573
YKR024C,YBR156C,0,-4.242467,0.095238097012043,0.13199999928474426,0.12540000677108765
YPL153C,YFR053C,0,-4.2428145,0.09516943246126175,0.13199999928474426,0.12549999356269836
YER179W,YGR257C,0,-4.243092,0.09510086476802826,0.13199999928474426,0.12559999525547028
YHR048W,YJL148W,0,-4.2443013,0.09503239393234253,0.13199999928474426,0.1256999969482422
YKL051W,YHR138C,1,-4.2444324,0.09568345546722412,0.13300000131130219,0.1256999969482422
YOR004W,YBL074C,0,-4.2446313,0.09561466425657272,0.13300000131130219,0.1257999986410141
YMR076C,YBL106C,0,-4.246689,0.09554597735404968,0.13300000131130219,0.125900000333786
YEL032W,YLR132C,0,-4.2500377,0.0954773873090744,0.13300000131130219,0.12600000202655792
YNL278W,YKL212W,0,-4.2507315,0.09540889412164688,0.13300000131130219,0.12610000371932983
YML098W,YER190W,0,-4.251043,0.09534050524234772,0.13300000131130219,0.12620000541210175
YML113W,YML039W,0,-4.2515616,0.09527220577001572,0.13300000131130219,0.12630000710487366
YMR050C,YLR277C,0,-4.252669,0.09520401060581207,0.13300000131130219,0.12639999389648438
YGL227W,YPL187W,0,-4.253191,0.09513590484857559,0.13300000131130219,0.1264999955892563
YDR202C,YHR138C,1,-4.253692,0.09578270465135574,0.1340000033378601,0.1264999955892563
YOR308C,YEL004W,0,-4.254577,0.09571428596973419,0.1340000033378601,0.1265999972820282
YJR145C,YLR318W,0,-4.255311,0.0956459641456604,0.1340000033378601,0.1266999989748001
YFL016C,YNL051W,0,-4.2558966,0.09557774662971497,0.1340000033378601,0.12680000066757202
YGR248W,YDR243C,0,-4.25608,0.0955096185207367,0.1340000033378601,0.12690000236034393
YKL138C-A,YHR183W,0,-4.2585397,0.09544159471988678,0.1340000033378601,0.12700000405311584
YCR020W-B,YPL202C,0,-4.2628202,0.09537366777658463,0.1340000033378601,0.12710000574588776
YOR110W,YLL012W,0,-4.264336,0.09530583024024963,0.1340000033378601,0.12720000743865967
YLR034C,YOR297C,0,-4.2645774,0.095238097012043,0.1340000033378601,0.12729999423027039
YDL185W,YDR065W,1,-4.2649646,0.09588067978620529,0.13500000536441803,0.12729999423027039
YBL005W-A,YGL029W,0,-4.26585,0.09581263363361359,0.13500000536441803,0.1273999959230423
YER106W,YOR305W,0,-4.266242,0.09574468433856964,0.13500000536441803,0.1274999976158142
YDR334W,YBR084W,0,-4.266303,0.09567682445049286,0.13500000536441803,0.12759999930858612
YGR060W,YGL028C,0,-4.2686076,0.09560906887054443,0.13500000536441803,0.12770000100135803
YBR183W,YLR165C,0,-4.2686086,0.09554140269756317,0.13500000536441803,0.12780000269412994
YDR439W,YMR250W,0,-4.269475,0.09547383338212967,0.13500000536441803,0.12790000438690186
YGL171W,YLR126C,0,-4.271055,0.09540636092424393,0.13500000536441803,0.12800000607967377
YPR173C,YNL261W,0,-4.271314,0.09533898532390594,0.13500000536441803,0.12809999287128448
YBR058C-A,YEL041W,0,-4.2724113,0.09527169913053513,0.13500000536441803,0.1281999945640564
YDR103W,YJR027W,0,-4.2744055,0.09520450979471207,0.13500000536441803,0.1282999962568283
YDR545W,YLL008W,0,-4.2744565,0.09513741731643677,0.13500000536441803,0.12839999794960022
YPL063W,YLR277C,0,-4.275362,0.09507042169570923,0.13500000536441803,0.12849999964237213
YPR167C,YGR085C,0,-4.27555,0.09500351548194885,0.13500000536441803,0.12860000133514404
YOL164W,YOL091W,0,-4.2762923,0.09493670612573624,0.13500000536441803,0.12870000302791595
YDR192C,YFL021W,0,-4.2767205,0.09486999362707138,0.13500000536441803,0.12880000472068787
YAR015W,YJR026W,0,-4.278112,0.09480337053537369,0.13500000536441803,0.12890000641345978
YHL022C,YPL214C,0,-4.2788625,0.09473684430122375,0.13500000536441803,0.1289999932050705
YCR040W,YKR031C,0,-4.279031,0.09467040747404099,0.13500000536441803,0.1290999948978424
YMR013C,YHL012W,0,-4.279192,0.09460406750440598,0.13500000536441803,0.12919999659061432
YNL045W,YPL187W,0,-4.279492,0.09453781694173813,0.13500000536441803,0.12929999828338623
YLR386W,YKL080W,1,-4.280395,0.09517145156860352,0.13600000739097595,0.12929999828338623
YDR492W,YJR042W,0,-4.2807117,0.0951048955321312,0.13600000739097595,0.12939999997615814
YPL041C,YPR134W,0,-4.2807913,0.09503843635320663,0.13600000739097595,0.12950000166893005
YOR025W,YHR055C,0,-4.2817073,0.09497206658124924,0.13600000739097595,0.12960000336170197
YDR436W,YLR390W-A,0,-4.283737,0.0949057936668396,0.13600000739097595,0.12970000505447388
YLL016W,YOR179C,0,-4.283946,0.09483961015939713,0.13600000739097595,0.1298000067472458
YPL188W,YOR356W,0,-4.2843685,0.09477351605892181,0.13600000739097595,0.1298999935388565
YNL045W,YIL114C,0,-4.284559,0.09470751881599426,0.13600000739097595,0.12999999523162842
YKL086W,YOR195W,0,-4.2854395,0.09464161098003387,0.13600000739097595,0.13009999692440033
YJR004C,YNL046W,0,-4.28575,0.09457580000162125,0.13600000739097595,0.13019999861717224
YKL119C,YDR065W,1,-4.2859592,0.09520500153303146,0.13699999451637268,0.13019999861717224
YLR242C,YKL088W,0,-4.2869434,0.09513889253139496,0.13699999451637268,0.13030000030994415
YER087C-A,YDL194W,0,-4.2872696,0.09507286548614502,0.13699999451637268,0.13040000200271606
YGL067W,YGR122W,0,-4.287639,0.09500693529844284,0.13699999451637268,0.13050000369548798
YJL190C,YGR054W,0,-4.2895956,0.09494109451770782,0.13699999451637268,0.1306000053882599
YHR138C,YNL015W,1,-4.2897215,0.09556786715984344,0.1379999965429306,0.1306000053882599
YPR055W,YHL040C,0,-4.2899323,0.09550172835588455,0.1379999965429306,0.1307000070810318
YGL022W,YDL170W,0,-4.2900944,0.09543568640947342,0.1379999965429306,0.13079999387264252
YLR276C,YKL001C,0,-4.2923045,0.09536973387002945,0.1379999965429306,0.13089999556541443
YBL005W-A,YDR103W,0,-4.293226,0.09530387073755264,0.1379999965429306,0.13099999725818634
YPL196W,YHR053C,0,-4.2932935,0.095238097012043,0.1379999965429306,0.13109999895095825
YBR179C,YMR050C,0,-4.2939887,0.09517241269350052,0.1379999965429306,0.13120000064373016
YKL070W,YLR016C,0,-4.294051,0.0951068252325058,0.1379999965429306,0.13130000233650208
YPL153C,YLR132C,0,-4.294243,0.09504131972789764,0.1379999965429306,0.131400004029274
YDL175C,YMR051C,0,-4.296385,0.09497591108083725,0.1379999965429306,0.1315000057220459
YBR276C,YNL210W,0,-4.2970247,0.09491059184074402,0.1379999965429306,0.1316000074148178
YDR055W,YOL156W,0,-4.2971992,0.09484536200761795,0.1379999965429306,0.13169999420642853
YER142C,YDL004W,0,-4.3005514,0.09478022158145905,0.1379999965429306,0.13179999589920044
YER172C,YHR111W,0,-4.3010473,0.0947151705622673,0.1379999965429306,0.13189999759197235
YEL032W,YDR097C,0,-4.304054,0.09465020895004272,0.1379999965429306,0.13199999928474426
YGR245C,YBR195C,0,-4.305339,0.09458532929420471,0.1379999965429306,0.13210000097751617
YIL082W-A,YDR363W,0,-4.3058367,0.09452054649591446,0.1379999965429306,0.13220000267028809
YNL332W,YOR237W,0,-4.307223,0.09445585310459137,0.1379999965429306,0.13230000436306
YLR337C,YGL178W,0,-4.30814,0.09439124166965485,0.1379999965429306,0.1324000060558319
YDL223C,YPL033C,0,-4.308275,0.09432672709226608,0.1379999965429306,0.13249999284744263
YHR011W,YPL041C,0,-4.30829,0.09426229447126389,0.1379999965429306,0.13259999454021454
YBR276C,YLR166C,0,-4.308465,0.09419795125722885,0.1379999965429306,0.13269999623298645
YML047C,YJL085W,0,-4.3093534,0.09413369745016098,0.1379999965429306,0.13279999792575836
YBR276C,YML091C,0,-4.3107605,0.09406953305006027,0.1379999965429306,0.13289999961853027
YBR121C,YCL075W,0,-4.310833,0.09400545060634613,0.1379999965429306,0.13300000131130219
YBL097W,YDR295C,0,-4.3111134,0.09394145756959915,0.1379999965429306,0.1331000030040741
YIL026C,YDR331W,0,-4.3115234,0.09387755393981934,0.1379999965429306,0.133200004696846
YGR014W,YOR287C,0,-4.3156395,0.09381373226642609,0.1379999965429306,0.13330000638961792
YAR019C,YDL017W,0,-4.31577,0.09375,0.1379999965429306,0.13339999318122864
YBR183W,YDR142C,0,-4.3165455,0.09368635714054108,0.1379999965429306,0.13349999487400055
YPR080W,YEL062W,0,-4.317153,0.09362279623746872,0.1379999965429306,0.13359999656677246
YMR069W,YML123C,0,-4.3189087,0.09355932474136353,0.1379999965429306,0.13369999825954437
YLR223C,YBR196C,0,-4.319124,0.0934959352016449,0.1379999965429306,0.13379999995231628
YLR163C,YKL088W,0,-4.3200293,0.09343263506889343,0.1379999965429306,0.1339000016450882
YDL160C,YPL253C,0,-4.320055,0.09336941689252853,0.1379999965429306,0.1340000033378601
YBR092C,YBL011W,0,-4.3201027,0.0933062881231308,0.1379999965429306,0.13410000503063202
YLR059C,YDR252W,0,-4.321072,0.09324324131011963,0.1379999965429306,0.13420000672340393
YPL033C,YLR132C,0,-4.321581,0.09318028390407562,0.1379999965429306,0.13429999351501465
YLR301W,YPR140W,0,-4.321719,0.09311740845441818,0.1379999965429306,0.13439999520778656
YOL102C,YHR157W,0,-4.322613,0.0930546224117279,0.1379999965429306,0.13449999690055847
YJR042W,YDR386W,0,-4.3232884,0.0929919108748436,0.1379999965429306,0.13459999859333038
YDL039C,YLR337C,0,-4.3236094,0.09292929619550705,0.1379999965429306,0.1347000002861023
YBL100W-A,YGR229C,0,-4.324215,0.09286675602197647,0.1379999965429306,0.1348000019788742
YBL013W,YNL267W,0,-4.3258777,0.09280430525541306,0.1379999965429306,0.13490000367164612
YNR048W,YBL071W-A,0,-4.325942,0.0927419364452362,0.1379999965429306,0.13500000536441803
YIL018W,YDR138W,0,-4.3259697,0.09267964959144592,0.1379999965429306,0.13510000705718994
YLR126C,YPL190C,0,-4.3262806,0.0926174521446228,0.1379999965429306,0.13519999384880066
YJR160C,YGR086C,0,-4.3268547,0.09255532920360565,0.1379999965429306,0.13529999554157257
YNL247W,YDR517W,0,-4.3271804,0.09249329566955566,0.1379999965429306,0.13539999723434448
YOR143C,YIL173W,0,-4.3273478,0.09243134409189224,0.1379999965429306,0.1354999989271164
YLR396C,YOR326W,1,-4.3289037,0.09303881973028183,0.13899999856948853,0.1354999989271164
YDL022W,YCR067C,0,-4.329084,0.09297658503055573,0.13899999856948853,0.1356000006198883
YGL232W,YEL069C,0,-4.330017,0.09291443973779678,0.13899999856948853,0.13570000231266022
YDR495C,YJL012C,1,-4.3301826,0.09352037310600281,0.14000000059604645,0.13570000231266022
YJR150C,YKL056C,0,-4.3303094,0.09345794469118118,0.14000000059604645,0.13580000400543213
YMR210W,YLR166C,0,-4.3314734,0.09339559823274612,0.14000000059604645,0.13590000569820404
YHR055C,YDR469W,0,-4.331567,0.09333333373069763,0.14000000059604645,0.13600000739097595
YDL080C,YDR018C,0,-4.332558,0.0932711511850357,0.14000000059604645,0.13609999418258667
YLR160C,YIL160C,0,-4.3329244,0.09320905804634094,0.14000000059604645,0.13619999587535858
YBL013W,YKL029C,0,-4.333356,0.09314703941345215,0.14000000059604645,0.1362999975681305
YBR217W,YIL139C,0,-4.3336525,0.09308510273694992,0.14000000059604645,0.1363999992609024
YEL056W,YMR316W,0,-4.33446,0.09302325546741486,0.14000000059604645,0.13650000095367432
YFL003C,YCL027W,0,-4.3348064,0.09296149015426636,0.14000000059604645,0.13660000264644623
YHR077C,YDR469W,0,-4.3359995,0.09289979934692383,0.14000000059604645,0.13670000433921814
YGL027C,YOR344C,0,-4.336485,0.09283819794654846,0.14000000059604645,0.13680000603199005
YMR092C,YOR237W,0,-4.3367987,0.09277667105197906,0.14000000059604645,0.13689999282360077
YHL038C,YHR089C,0,-4.3368073,0.09271523356437683,0.14000000059604645,0.13699999451637268
YHR090C,YHR154W,0,-4.337437,0.09265387058258057,0.14000000059604645,0.1370999962091446
YCL059C,YCR065W,0,-4.338671,0.09259258955717087,0.14000000059604645,0.1371999979019165
YLL008W,YDR238C,0,-4.3394356,0.09253139793872833,0.14000000059604645,0.13729999959468842
YLL016W,YLR032W,0,-4.3394938,0.09247028082609177,0.14000000059604645,0.13740000128746033
YHR138C,YGR209C,1,-4.339552,0.09306930750608444,0.14100000262260437,0.13740000128746033
YGL151W,YCL001W,0,-4.3397055,0.09300791472196579,0.14100000262260437,0.13750000298023224
YDR437W,YJL114W,0,-4.340742,0.0929466038942337,0.14100000262260437,0.13760000467300415
YKR036C,YLR132C,0,-4.341116,0.09288537502288818,0.14100000262260437,0.13770000636577606
YNL257C,YNL213C,0,-4.341487,0.09282422810792923,0.14100000262260437,0.13779999315738678
YHR138C,YKL080W,1,-4.3414893,0.09342104941606522,0.1420000046491623,0.13779999315738678
YLL008W,YLR425W,0,-4.3416333,0.09335963428020477,0.1420000046491623,0.1378999948501587
YKR101W,YIL119C,0,-4.3420644,0.0932982936501503,0.1420000046491623,0.1379999965429306
YGL229C,YLR013W,0,-4.342388,0.09323703497648239,0.1420000046491623,0.13809999823570251
YMR210W,YDR192C,0,-4.3425827,0.09317585080862045,0.1420000046491623,0.13819999992847443
YDR449C,YOR127W,0,-4.343444,0.09311475604772568,0.1420000046491623,0.13830000162124634
YIL023C,YLR132C,0,-4.343487,0.09305373579263687,0.1420000046491623,0.13840000331401825
YMR207C,YGL178W,0,-4.344208,0.09299279749393463,0.1420000046491623,0.13850000500679016
YDL039C,YGL062W,0,-4.3458447,0.09293193370103836,0.1420000046491623,0.13860000669956207
YGR254W,YOR068C,1,-4.3473983,0.09352517873048782,0.14300000667572021,0.13860000669956207
YOL006C,YIR017C,0,-4.3500385,0.09346405416727066,0.14300000667572021,0.1386999934911728
YIL004C,YPL006W,0,-4.3504395,0.09340300410985947,0.14300000667572021,0.1387999951839447
YOR326W,YGR020C,1,-4.3510003,0.09399478137493134,0.14399999380111694,0.1387999951839447
YDR382W,YJL098W,0,-4.3539124,0.09393346309661865,0.14399999380111694,0.1388999968767166
YPL124W,YGL028C,0,-4.3539677,0.09387222677469254,0.14399999380111694,0.13899999856948853
YIR015W,YHR157W,0,-4.3550854,0.09381107240915298,0.14399999380111694,0.13910000026226044
YCR014C,YMR192W,0,-4.356086,0.09375,0.14399999380111694,0.13920000195503235
YMR006C,YGR054W,0,-4.357485,0.09368900209665298,0.14399999380111694,0.13930000364780426
YHR048W,YPL192C,0,-4.3577456,0.09362808614969254,0.14399999380111694,0.13940000534057617
YCL020W,YAL042W,0,-4.3582535,0.09356725215911865,0.14399999380111694,0.13950000703334808
YDL051W,YGL145W,0,-4.3589463,0.09350649267435074,0.14399999380111694,0.1395999938249588
YDR065W,YHR174W,1,-4.3606067,0.09409474581480026,0.14499999582767487,0.1395999938249588
YDL130W,YML121W,0,-4.3607726,0.09403372555971146,0.14499999582767487,0.1396999955177307
YGR248W,YOL063C,0,-4.3611765,0.09397277981042862,0.14499999582767487,0.13979999721050262
YPL160W,YJL056C,0,-4.3636193,0.09391191601753235,0.14499999582767487,0.13989999890327454
YPR121W,YBL039C,0,-4.3644686,0.09385113418102264,0.14499999582767487,0.14000000059604645
YKR038C,YOR287C,0,-4.3647656,0.09379042685031891,0.14499999582767487,0.14010000228881836
YGL187C,YDR055W,0,-4.3649864,0.09372980147600174,0.14499999582767487,0.14020000398159027
YKR095W,YBR040W,0,-4.3654666,0.09366925060749054,0.14499999582767487,0.14030000567436218
YHR138C,YPL045W,1,-4.3676805,0.09425435960292816,0.1459999978542328,0.14030000567436218
YJR047C,YLR451W,0,-4.368635,0.09419354796409607,0.1459999978542328,0.1404000073671341
YHL036W,YKR042W,0,-4.369222,0.09413281828165054,0.1459999978542328,0.1404999941587448
YML047C,YGR162W,0,-4.3693843,0.09407216310501099,0.1459999978542328,0.14059999585151672
YDR259C,YLR068W,0,-4.3694634,0.094011589884758,0.1459999978542328,0.14069999754428864
YGL192W,YOL158C,0,-4.370533,0.09395109117031097,0.1459999978542328,0.14079999923706055
YMR296C,YBL097W,0,-4.3712173,0.09389067441225052,0.1459999978542328,0.14090000092983246
YML058W,YGR042W,0,-4.371462,0.09383033215999603,0.1459999978542328,0.14100000262260437
YPL203W,YNL213C,0,-4.3728046,0.09377007186412811,0.1459999978542328,0.14110000431537628
YLR324W,YNR064C,0,-4.374572,0.09370988607406616,0.1459999978542328,0.1412000060081482
YOL044W,YHR001W-A,0,-4.3748255,0.09364977478981018,0.1459999978542328,0.1412999927997589
YLL056C,YEL032W,0,-4.3759756,0.09358974546194077,0.1459999978542328,0.14139999449253082
YHR056C,YBR183W,0,-4.3765316,0.09352979063987732,0.1459999978542328,0.14149999618530273
YML058W-A,YGL018C,0,-4.3766804,0.09346991032361984,0.1459999978542328,0.14159999787807465
YJR137C,YPR119W,0,-4.377435,0.09341011196374893,0.1459999978542328,0.14169999957084656
YDR545W,YOL117W,0,-4.377504,0.0933503806591034,0.1459999978542328,0.14180000126361847
YBR250W,YCL054W,0,-4.377545,0.09329073131084442,0.1459999978542328,0.14190000295639038
YGL238W,YGR245C,0,-4.377577,0.09323116391897202,0.1459999978542328,0.1420000046491623
YJR135W-A,YER061C,0,-4.3779116,0.09317166358232498,0.1459999978542328,0.1421000063419342
YDL147W,YML131W,0,-4.379875,0.09311224520206451,0.1459999978542328,0.14219999313354492
YJL034W,YJL219W,0,-4.382045,0.09305290132761002,0.1459999978542328,0.14229999482631683
YGL145W,YEL069C,0,-4.383617,0.09299363195896149,0.1459999978542328,0.14239999651908875
YJL194W,YMR051C,0,-4.3840256,0.09293443709611893,0.1459999978542328,0.14249999821186066
YNR038W,YNL313C,0,-4.384452,0.09287531673908234,0.1459999978542328,0.14259999990463257
YHR048W,YMR048W,0,-4.3862224,0.09281627833843231,0.1459999978542328,0.14270000159740448
YOR100C,YNL247W,0,-4.3874373,0.09275730699300766,0.1459999978542328,0.1428000032901764
YGL247W,YLR451W,0,-4.388222,0.09269841015338898,0.1459999978542328,0.1429000049829483
YGL151W,YER089C,0,-4.3889976,0.09263959527015686,0.1459999978542328,0.14300000667572021
YMR305C,YDR180W,0,-4.3891654,0.09258084744215012,0.1459999978542328,0.14309999346733093
YLL026W,YDL069C,0,-4.389305,0.09252218157052994,0.1459999978542328,0.14319999516010284
YIL061C,YPL217C,0,-4.3894606,0.09246358275413513,0.1459999978542328,0.14329999685287476
YHR058C,YPR001W,0,-4.3916063,0.09240506589412689,0.1459999978542328,0.14339999854564667
YHR138C,YBL050W,1,-4.3928347,0.09297912567853928,0.1469999998807907,0.14339999854564667
YDR106W,YFL025C,0,-4.392859,0.09292035549879074,0.1469999998807907,0.14350000023841858
YBR289W,YEL069C,0,-4.393608,0.09286165237426758,0.1469999998807907,0.1436000019311905
YHR007C,YPL175W,0,-4.394064,0.09280303120613098,0.1469999998807907,0.1437000036239624
YNL242W,YIL029C,0,-4.3955555,0.09274447709321976,0.1469999998807907,0.14380000531673431
YPR068C,YOL158C,0,-4.3960323,0.0926860049366951,0.1469999998807907,0.14390000700950623
YPR167C,YPL244C,0,-4.398423,0.09262759983539581,0.1469999998807907,0.14399999380111694
YHR005C-A,YIR017C,0,-4.399001,0.0925692692399025,0.1469999998807907,0.14409999549388885
YCL025C,YBL069W,0,-4.399343,0.09251101315021515,0.1469999998807907,0.14419999718666077
YNL262W,YNL333W,0,-4.3998675,0.09245283156633377,0.1469999998807907,0.14429999887943268
YEL065W,YOR319W,0,-4.400014,0.09239471703767776,0.1469999998807907,0.1444000005722046
YDR461W,YCL066W,0,-4.400202,0.09233668446540833,0.1469999998807907,0.1445000022649765
YKL029C,YNL278W,0,-4.400483,0.09227871894836426,0.1469999998807907,0.1446000039577484
YNL036W,YGR112W,0,-4.4006605,0.09222082793712616,0.1469999998807907,0.14470000565052032
YOR120W,YKL220C,0,-4.400986,0.09216301143169403,0.1469999998807907,0.14480000734329224
YBR040W,YBR145W,0,-4.4013424,0.09210526198148727,0.1469999998807907,0.14489999413490295
YDR131C,YKL034W,0,-4.402066,0.09204758703708649,0.1469999998807907,0.14499999582767487
YLR005W,YNL046W,0,-4.403413,0.09198998659849167,0.1469999998807907,0.14509999752044678
YDR478W,YJR145C,0,-4.4034863,0.09193246066570282,0.1469999998807907,0.1451999992132187
YPL265W,YLR234W,0,-4.403854,0.09187500178813934,0.1469999998807907,0.1453000009059906
YJL214W,YKL086W,0,-4.4054356,0.09181761741638184,0.1469999998807907,0.1454000025987625
YOR261C,YNL250W,0,-4.4065204,0.0917603000998497,0.1469999998807907,0.14550000429153442
YPL187W,YOL144W,0,-4.40729,0.09170305728912354,0.1469999998807907,0.14560000598430634
YDR097C,YJL157C,0,-4.407693,0.09164588898420334,0.1469999998807907,0.14569999277591705
YPR055W,YOR078W,0,-4.408269,0.09158878773450851,0.1469999998807907,0.14579999446868896
YHL012W,YDR508C,0,-4.408285,0.09153175354003906,0.1469999998807907,0.14589999616146088
YHR001W,YBR183W,0,-4.4089003,0.09147480130195618,0.1469999998807907,0.1459999978542328
YKL119C,YCL063W,1,-4.4089346,0.0920398011803627,0.14800000190734863,0.1459999978542328
YJR092W,YDR501W,0,-4.4089456,0.09198259562253952,0.14800000190734863,0.1460999995470047
YGR296W,YLL019C,0,-4.409726,0.09192546457052231,0.14800000190734863,0.1462000012397766
YMR032W,YDL201W,0,-4.410739,0.09186840802431107,0.14800000190734863,0.14630000293254852
YPL085W,YGR088W,0,-4.412382,0.0918114110827446,0.14800000190734863,0.14640000462532043
YDR273W,YMR211W,0,-4.4129868,0.0917544960975647,0.14800000190734863,0.14650000631809235
YHR196W,YAL058W,0,-4.4130974,0.09169764816761017,0.14800000190734863,0.14659999310970306
YDR173C,YOR032C,0,-4.4132333,0.09164086729288101,0.14800000190734863,0.14669999480247498
YIL033C,YFL011W,0,-4.4137735,0.09158416092395782,0.14800000190734863,0.1467999964952469
YHL012W,YFR048W,0,-4.413909,0.09152752161026001,0.14800000190734863,0.1468999981880188
YAL017W,YMR136W,0,-4.4140835,0.09147094935178757,0.14800000190734863,0.1469999998807907
YBR202W,YER117W,0,-4.415086,0.0914144515991211,0.14800000190734863,0.14710000157356262
YGL244W,YIL046W,0,-4.4172454,0.09135802835226059,0.14800000190734863,0.14720000326633453
YLL008W,YBR098W,0,-4.417548,0.09130166471004486,0.14800000190734863,0.14730000495910645
YPR138C,YPL188W,0,-4.417557,0.0912453755736351,0.14800000190734863,0.14740000665187836
YBR126C,YBL097W,0,-4.418245,0.09118915349245071,0.14800000190734863,0.14749999344348907
YPL234C,YDR065W,1,-4.4185276,0.09174876660108566,0.14900000393390656,0.14749999344348907
YLR196W,YIR019C,0,-4.419185,0.09169230610132217,0.14900000393390656,0.147599995136261
YKR081C,YGL145W,0,-4.421178,0.09163591265678406,0.14900000393390656,0.1476999968290329
YCR040W,YHR205W,0,-4.4215937,0.09157959371805191,0.14900000393390656,0.1477999985218048
YDR258C,YLR394W,0,-4.421728,0.09152334183454514,0.14900000393390656,0.14790000021457672
YPR138C,YKR062W,0,-4.422474,0.09146715700626373,0.14900000393390656,0.14800000190734863
YDR404C,YJR028W,0,-4.4235764,0.0914110392332077,0.14900000393390656,0.14810000360012054
YGR179C,YOL139C,0,-4.423645,0.09135499596595764,0.14900000393390656,0.14820000529289246
YER074W-A,YBR294W,0,-4.4239335,0.09129901975393295,0.14900000393390656,0.14830000698566437
YJL109C,YPR082C,0,-4.4242277,0.09124311059713364,0.14900000393390656,0.14839999377727509
YNR003C,YNR075W,0,-4.4242783,0.09118726849555969,0.14900000393390656,0.148499995470047
YMR058W,YDR363W,0,-4.425069,0.09113150089979172,0.14900000393390656,0.1485999971628189
YDR470C,YLR132C,0,-4.4253235,0.09107579290866852,0.14900000393390656,0.14869999885559082
YDL036C,YKL056C,0,-4.4261246,0.09102015942335129,0.14900000393390656,0.14880000054836273
YML027W,YJR125C,0,-4.4262276,0.09096459299325943,0.14900000393390656,0.14890000224113464
YKL191W,YBR198C,0,-4.4269423,0.09090909361839294,0.14900000393390656,0.14900000393390656
YBR274W,YKR039W,0,-4.427249,0.09085366129875183,0.14900000393390656,0.14910000562667847
YHR138C,YHR174W,1,-4.4274373,0.09140767902135849,0.15000000596046448,0.14910000562667847
YAL032C,YBL069W,0,-4.4277964,0.09135200828313828,0.15000000596046448,0.14920000731945038
YER065C,YGL158W,0,-4.427949,0.09129641205072403,0.15000000596046448,0.1492999941110611
YFL011W,YOL129W,0,-4.429766,0.09124087542295456,0.15000000596046448,0.149399995803833
YBR200W,YDR191W,0,-4.4303875,0.09118541330099106,0.15000000596046448,0.14949999749660492
YDR273W,YOL158C,0,-4.4311013,0.09113001078367233,0.15000000596046448,0.14959999918937683
YKL172W,YBL034C,0,-4.4327364,0.09107468277215958,0.15000000596046448,0.14970000088214874
YLR386W,YPL234C,1,-4.432814,0.09162621200084686,0.1509999930858612,0.14970000088214874
YNR075W,YGL243W,0,-4.4331675,0.091570645570755,0.1509999930858612,0.14980000257492065
YJL184W,YKL022C,0,-4.4342113,0.09151515364646912,0.1509999930858612,0.14990000426769257
YEL017C-A,YOR346W,0,-4.4348297,0.091459721326828,0.1509999930858612,0.15000000596046448
YDR180W,YPL127C,0,-4.435081,0.09140435606241226,0.1509999930858612,0.1500999927520752
YDR146C,YCR067C,0,-4.435225,0.09134906530380249,0.1509999930858612,0.1501999944448471
YMR093W,YBL097W,0,-4.437457,0.0912938341498375,0.1509999930858612,0.15029999613761902
YJL034W,YLR214W,0,-4.437753,0.09123867005109787,0.1509999930858612,0.15039999783039093
YEL019C,YKL143W,0,-4.4382076,0.09118357300758362,0.1509999930858612,0.15049999952316284
YGL094C,YKL070W,0,-4.4386864,0.09112854301929474,0.1509999930858612,0.15060000121593475
YDR384C,YBR274W,0,-4.438735,0.09107358008623123,0.1509999930858612,0.15070000290870667
YNL210W,YNL286W,0,-4.4387856,0.0910186842083931,0.1509999930858612,0.15080000460147858
YDR038C,YPR188C,0,-4.4394994,0.09096385538578033,0.1509999930858612,0.1509000062942505
YBL051C,YLR106C,0,-4.439659,0.09090909361839294,0.1509999930858612,0.1509999930858612
YJL045W,YJL114W,0,-4.440624,0.09085439145565033,0.1509999930858612,0.15109999477863312
YNL248C,YHL020C,0,-4.4414144,0.09079975634813309,0.1509999930858612,0.15119999647140503
YLR186W,YMR117C,0,-4.443303,0.09074519574642181,0.1509999930858612,0.15129999816417694
YHR011W,YLR157C,0,-4.443601,0.09069068729877472,0.1509999930858612,0.15139999985694885
YKR038C,YHR094C,0,-4.444275,0.0906362533569336,0.1509999930858612,0.15150000154972076
YPR173C,YDR191W,0,-4.444686,0.09058188647031784,0.1509999930858612,0.15160000324249268
YPL100W,YNL247W,0,-4.4451265,0.09052757918834686,0.1509999930858612,0.1517000049352646
YGR249W,YJR022W,0,-4.445594,0.09047333896160126,0.1509999930858612,0.1518000066280365
YOR137C,YDR252W,0,-4.4462924,0.09041915833950043,0.1509999930858612,0.15189999341964722
YPL049C,YPR122W,0,-4.447275,0.09036505222320557,0.1509999930858612,0.15199999511241913
YGR202C,YPL241C,0,-4.4472885,0.09031100571155548,0.1509999930858612,0.15209999680519104
YIL029C,YER151C,0,-4.4483685,0.09025702625513077,0.1509999930858612,0.15219999849796295
YLL018C-A,YLR141W,0,-4.4500637,0.09020310640335083,0.1509999930858612,0.15230000019073486
YGL190C,YLL017W,0,-4.4519243,0.09014925360679626,0.1509999930858612,0.15240000188350677
YOL040C,YKL190W,0,-4.4520006,0.09009546786546707,0.1509999930858612,0.1525000035762787
YGL133W,YBR084W,0,-4.4520383,0.09004174172878265,0.1509999930858612,0.1526000052690506
YHL020C,YPL097W,0,-4.4531145,0.08998808264732361,0.1509999930858612,0.1527000069618225
YHR062C,YNR056C,0,-4.4534082,0.08993448317050934,0.1509999930858612,0.15279999375343323
YGR134W,YLR084C,0,-4.45352,0.08988095074892044,0.1509999930858612,0.15289999544620514
YJR063W,YFR051C,0,-4.4550624,0.08982748538255692,0.1509999930858612,0.15299999713897705
YCR107W,YNL001W,0,-4.4552965,0.08977407962083817,0.1509999930858612,0.15309999883174896
YCL066W,YNL245C,0,-4.4560223,0.08972073346376419,0.1509999930858612,0.15320000052452087
YHR160C,YEL004W,0,-4.456382,0.08966746181249619,0.1509999930858612,0.15330000221729279
YHR138C,YCL063W,1,-4.456644,0.09020771831274033,0.15199999511241913,0.15330000221729279
YNL160W,YKL006C-A,0,-4.4566755,0.09015420824289322,0.15199999511241913,0.1534000039100647
YFL021W,YDR432W,0,-4.4572353,0.09010077267885208,0.15199999511241913,0.1535000056028366
YAL020C,YOR317W,0,-4.4585705,0.09004739671945572,0.15199999511241913,0.15360000729560852
YHR154W,YPL021W,0,-4.4588985,0.08999408036470413,0.15199999511241913,0.15369999408721924
YBL098W,YDL194W,0,-4.4593663,0.08994083106517792,0.15199999511241913,0.15379999577999115
YBR159W,YOL147C,0,-4.460598,0.08988764137029648,0.15199999511241913,0.15389999747276306
YPR124W,YGR101W,0,-4.461048,0.08983451873064041,0.15199999511241913,0.15399999916553497
YGR074W,YHR005C-A,0,-4.4627495,0.08978145569562912,0.15199999511241913,0.15410000085830688
YLR324W,YJL114W,0,-4.463481,0.0897284522652626,0.15199999511241913,0.1542000025510788
YKR060W,YJL080C,0,-4.464051,0.08967551589012146,0.15199999511241913,0.1543000042438507
YDL231C,YML058W-A,0,-4.4641867,0.08962263911962509,0.15199999511241913,0.15440000593662262
YMR008C,YBR156C,0,-4.465766,0.0895698294043541,0.15199999511241913,0.15449999272823334
YJR026W,YDL140C,0,-4.466264,0.08951707929372787,0.15199999511241913,0.15459999442100525
YDR484W,YMR117C,0,-4.466386,0.08946438878774643,0.15199999511241913,0.15469999611377716
YLR084C,YML085C,0,-4.467211,0.08941176533699036,0.15199999511241913,0.15479999780654907
YKR095W,YOR132W,0,-4.4678764,0.08935920149087906,0.15199999511241913,0.15489999949932098
YDL039C,YPR094W,0,-4.468052,0.08930669724941254,0.15199999511241913,0.1550000011920929
YLR035C,YMR220W,0,-4.468246,0.08925426006317139,0.15199999511241913,0.1551000028848648
YLR401C,YGL175C,0,-4.470085,0.08920187503099442,0.15199999511241913,0.15520000457763672
YBL023C,YFR053C,0,-4.470247,0.08914955705404282,0.15199999511241913,0.15530000627040863
YJR046W,YBL106C,0,-4.470307,0.08909730613231659,0.15199999511241913,0.15539999306201935
YPL053C,YGR042W,0,-4.4709826,0.08904510736465454,0.15199999511241913,0.15549999475479126
YIL119C,YPL258C,0,-4.4712152,0.08899297565221786,0.15199999511241913,0.15559999644756317
YGR247W,YNR074C,0,-4.471429,0.08894090354442596,0.15199999511241913,0.15569999814033508
YLR320W,YLL016W,0,-4.4714756,0.08888889104127884,0.15199999511241913,0.155799999833107
YIL062C,YER190W,0,-4.471857,0.08883693814277649,0.15199999511241913,0.1559000015258789
YLR056W,YGL073W,0,-4.4723854,0.08878504484891891,0.15199999511241913,0.15600000321865082
YDR038C,YDR518W,0,-4.4724035,0.08873321861028671,0.15199999511241913,0.15610000491142273
YMR015C,YLR221C,0,-4.4735928,0.08868144452571869,0.15199999511241913,0.15620000660419464
YHR067W,YGR078C,0,-4.473874,0.08862973749637604,0.15199999511241913,0.15629999339580536
YEL056W,YOL127W,0,-4.475401,0.08857809007167816,0.15199999511241913,0.15639999508857727
YOR281C,YPR167C,0,-4.4760485,0.08852650225162506,0.15199999511241913,0.15649999678134918
YKL125W,YDR018C,0,-4.476346,0.08847497403621674,0.15199999511241913,0.1565999984741211
YJL005W,YHL022C,0,-4.476531,0.08842350542545319,0.15199999511241913,0.156700000166893
YCR040W,YGR162W,0,-4.4768414,0.08837209641933441,0.15199999511241913,0.15680000185966492
YLR045C,YJR017C,0,-4.4778004,0.08832074701786041,0.15199999511241913,0.15690000355243683
YBR169C,YMR213W,0,-4.47791,0.08826945722103119,0.15199999511241913,0.15700000524520874
YAL023C,YFL025C,0,-4.4779882,0.08821822702884674,0.15199999511241913,0.15710000693798065
YIL140W,YMR246W,0,-4.4783583,0.08816705644130707,0.15199999511241913,0.15719999372959137
YLR157C,YLL002W,0,-4.478555,0.08811594545841217,0.15199999511241913,0.15729999542236328
YGR004W,YGR296W,0,-4.479293,0.08806488662958145,0.15199999511241913,0.1573999971151352
YMR055C,YER056C,0,-4.4795074,0.0880138948559761,0.15199999511241913,0.1574999988079071
YDR065W,YNL326C,1,-4.4795294,0.0885416641831398,0.15299999713897705,0.1574999988079071
YDR131C,YOL143C,0,-4.4797554,0.08849045634269714,0.15299999713897705,0.15760000050067902
YLR277C,YOL010W,0,-4.4803557,0.08843930810689926,0.15299999713897705,0.15770000219345093
YAR015W,YAL024C,0,-4.480464,0.08838821202516556,0.15299999713897705,0.15780000388622284
YDR492W,YLR228C,0,-4.4805593,0.08833718299865723,0.15299999713897705,0.15790000557899475
YER104W,YFL011W,0,-4.480649,0.08828620612621307,0.15299999713897705,0.15800000727176666
YBR233W-A,YER151C,0,-4.481846,0.0882352963089943,0.15299999713897705,0.15809999406337738
YLR286C,YGL051W,0,-4.48285,0.08818443864583969,0.15299999713897705,0.1581999957561493
YPR051W,YEL020W-A,0,-4.4828696,0.08813364058732986,0.15299999713897705,0.1582999974489212
YDR270W,YNL133C,0,-4.4829407,0.08808290213346481,0.15299999713897705,0.15839999914169312
YBR162C,YJR053W,0,-4.4830666,0.08803222328424454,0.15299999713897705,0.15850000083446503
YDL227C,YNL309W,0,-4.4832616,0.08798159658908844,0.15299999713897705,0.15860000252723694
YJL214W,YDR329C,0,-4.4835334,0.08793103694915771,0.15299999713897705,0.15870000422000885
YNL093W,YKR039W,0,-4.4841275,0.08788052946329117,0.15299999713897705,0.15880000591278076
YOR210W,YNL046W,0,-4.484296,0.0878300815820694,0.15299999713897705,0.15889999270439148
YLR320W,YBL106C,0,-4.4849615,0.0877796933054924,0.15299999713897705,0.1589999943971634
YGL252C,YLR205C,0,-4.4852533,0.08772935718297958,0.15299999713897705,0.1590999960899353
YBR043C,YFR053C,0,-4.486223,0.08767908066511154,0.15299999713897705,0.15919999778270721
YPL106C,YNR019W,0,-4.4895105,0.08762886375188828,0.15299999713897705,0.15929999947547913
YIL061C,YGR059W,0,-4.4905148,0.08757870644330978,0.15299999713897705,0.15940000116825104
YNL318C,YLL026W,0,-4.4910226,0.08752860128879547,0.15299999713897705,0.15950000286102295
YLR107W,YDR086C,0,-4.491764,0.08747855573892593,0.15299999713897705,0.15960000455379486
YLR313C,YOR313C,0,-4.492617,0.08742856979370117,0.15299999713897705,0.15970000624656677
YOR253W,YLR085C,0,-4.492648,0.08737864345312119,0.15299999713897705,0.1597999930381775
YJL113W,YDR398W,0,-4.493024,0.08732876926660538,0.15299999713897705,0.1598999947309494
YMR104C,YKL002W,0,-4.4930544,0.08727894723415375,0.15299999713897705,0.1599999964237213
YJL219W,YNR052C,0,-4.493303,0.08722919225692749,0.15299999713897705,0.16009999811649323
YHR061C,YHR066W,0,-4.493859,0.08717948943376541,0.15299999713897705,0.16019999980926514
YDR532C,YPL076W,0,-4.4942513,0.08712983876466751,0.15299999713897705,0.16030000150203705
YDR115W,YIL031W,0,-4.494782,0.08708024770021439,0.15299999713897705,0.16040000319480896
YNL293W,YOL028C,0,-4.495471,0.08703071624040604,0.15299999713897705,0.16050000488758087
YHR083W,YOR031W,0,-4.4955883,0.08698123693466187,0.15299999713897705,0.16060000658035278
YML127W,YJR028W,0,-4.495779,0.08693181723356247,0.15299999713897705,0.1606999933719635
YGL172W,YNL250W,0,-4.4977155,0.08688244968652725,0.15299999713897705,0.1607999950647354
YLR386W,YCL063W,1,-4.4978895,0.08740068227052689,0.15399999916553497,0.1607999950647354
YPL196W,YLR224W,0,-4.4981847,0.08735110610723495,0.15399999916553497,0.16089999675750732
YBR004C,YAL047C,0,-4.4989214,0.0873015895485878,0.15399999916553497,0.16099999845027924
YJR046W,YPL155C,0,-4.4991417,0.08725212514400482,0.15399999916553497,0.16110000014305115
YGR296W,YDR295C,0,-4.4998217,0.08720272034406662,0.15399999916553497,0.16120000183582306
YLR160C,YML014W,0,-4.499912,0.0871533676981926,0.15399999916553497,0.16130000352859497
YOR110W,YOL124C,0,-4.500178,0.08710407465696335,0.15399999916553497,0.16140000522136688
YOR185C,YIR015W,0,-4.500213,0.08705483376979828,0.15399999916553497,0.1615000069141388
YOR056C,YJL204C,0,-4.500991,0.08700565248727798,0.15399999916553497,0.1615999937057495
YPR132W,YNL221C,0,-4.5011673,0.08695652335882187,0.15399999916553497,0.16169999539852142
YOL124C,YNL225C,0,-4.501793,0.08690744638442993,0.15399999916553497,0.16179999709129333
YER087C-A,YLR200W,0,-4.5020986,0.08685842901468277,0.15399999916553497,0.16189999878406525
YOR049C,YEL029C,0,-4.5028753,0.08680947124958038,0.15399999916553497,0.16200000047683716
YOL088C,YHR171W,0,-4.503154,0.08676056563854218,0.15399999916553497,0.16210000216960907
YLR081W,YPR037C,0,-4.503422,0.08671171218156815,0.15399999916553497,0.16220000386238098
YLL018C-A,YML094W,0,-4.5058413,0.08666291832923889,0.15399999916553497,0.1623000055551529
YGR004W,YJR073C,0,-4.506428,0.08661417663097382,0.15399999916553497,0.1624000072479248
YDR346C,YOR356W,0,-4.5066,0.08656548708677292,0.15399999916553497,0.16249999403953552
YBL013W,YIL030C,0,-4.5068436,0.0865168571472168,0.15399999916553497,0.16259999573230743
YHR062C,YDR345C,0,-4.5069475,0.08646827936172485,0.15399999916553497,0.16269999742507935
YGL099W,YGR098C,0,-4.50699,0.08641975373029709,0.15399999916553497,0.16279999911785126
YPL240C,YAL053W,0,-4.5082736,0.0863712877035141,0.15399999916553497,0.16290000081062317
YDL083C,YLR363C,0,-4.508339,0.08632286638021469,0.15399999916553497,0.16300000250339508
YLL061W,YDR030C,0,-4.508712,0.08627451211214066,0.15399999916553497,0.163100004196167
YLR386W,YJL012C,1,-4.5094557,0.08678611367940903,0.1550000011920929,0.163100004196167
YPR122W,YGR009C,0,-4.5100856,0.08673755079507828,0.1550000011920929,0.1632000058889389
YBR175W,YHL012W,0,-4.510581,0.0866890400648117,0.1550000011920929,0.16329999268054962
YGL049C,YDR503C,0,-4.510662,0.08664058148860931,0.1550000011920929,0.16339999437332153
YOL091W,YCR010C,0,-4.5110397,0.0865921750664711,0.1550000011920929,0.16349999606609344
YMR054W,YDR065W,1,-4.511283,0.08710217475891113,0.15600000321865082,0.16349999606609344
YDR334W,YIL077C,0,-4.5118036,0.0870535746216774,0.15600000321865082,0.16359999775886536
YLR189C,YBR083W,0,-4.5120945,0.08700501918792725,0.15600000321865082,0.16369999945163727
YCR014C,YKL086W,0,-4.512605,0.08695652335882187,0.15600000321865082,0.16380000114440918
YFR030W,YBL069W,0,-4.5133953,0.08690807968378067,0.15600000321865082,0.1639000028371811
YHR020W,YPL126W,0,-4.513626,0.08685968816280365,0.15600000321865082,0.164000004529953
YML016C,YDL160C,0,-4.5139503,0.08681134879589081,0.15600000321865082,0.16410000622272491
YHR061C,YKL056C,0,-4.5145483,0.08676306903362274,0.15600000321865082,0.16419999301433563
YEL036C,YDR285W,0,-4.5155554,0.08671484142541885,0.15600000321865082,0.16429999470710754
YDL134C,YGR059W,0,-4.516174,0.08666666597127914,0.15600000321865082,0.16439999639987946
YDR065W,YCL063W,1,-4.516214,0.08717378973960876,0.15700000524520874,0.16439999639987946
YDR320C,YDL022W,0,-4.5170736,0.08712541311979294,0.15700000524520874,0.16449999809265137
YLR425W,YIL131C,0,-4.517127,0.08707709610462189,0.15700000524520874,0.16459999978542328
YAR031W,YFL056C,0,-4.5180993,0.08702882379293442,0.15700000524520874,0.1647000014781952
YBR097W,YBL039C,0,-4.5192575,0.08698061108589172,0.15700000524520874,0.1648000031709671
YLL002W,YLR160C,0,-4.519344,0.08693245053291321,0.15700000524520874,0.164900004863739
YJL012C,YCL063W,1,-4.5197563,0.08743774145841599,0.15800000727176666,0.164900004863739
YDL087C,YAL058W,0,-4.5212483,0.08738937973976135,0.15800000727176666,0.16500000655651093
YER151C,YML080W,0,-4.5212746,0.0873410701751709,0.15800000727176666,0.16509999334812164
YOR068C,YEL051W,1,-4.52228,0.08784530311822891,0.1589999943971634,0.16509999334812164
YER062C,YER145C,0,-4.522493,0.08779679983854294,0.1589999943971634,0.16519999504089355
YPL195W,YDR523C,0,-4.5225096,0.08774834126234055,0.1589999943971634,0.16529999673366547
YER151C,YPL265W,0,-4.5226135,0.08769994229078293,0.1589999943971634,0.16539999842643738
YAL017W,YHR050W,0,-4.523401,0.08765159547328949,0.1589999943971634,0.1655000001192093
YDR345C,YDR508C,0,-4.525152,0.08760330826044083,0.1589999943971634,0.1656000018119812
YDR545W,YGR195W,0,-4.5259733,0.08755506575107574,0.1589999943971634,0.1657000035047531
YOR083W,YGR059W,0,-4.5260973,0.08750688284635544,0.1589999943971634,0.16580000519752502
YLR447C,YDL077C,1,-4.526454,0.08800879865884781,0.1599999964237213,0.16580000519752502
YFL004W,YDL077C,1,-4.5264883,0.0885101705789566,0.16099999845027924,0.16580000519752502
YCL039W,YGL094C,0,-4.52674,0.08846154063940048,0.16099999845027924,0.16590000689029694
YPL043W,YGL178W,0,-4.526905,0.08841296285390854,0.16099999845027924,0.16599999368190765
YGR216C,YER119C,0,-4.5270634,0.08836443722248077,0.16099999845027924,0.16609999537467957
YPL137C,YBR118W,0,-4.5281024,0.08831596374511719,0.16099999845027924,0.16619999706745148
YJL109C,YKL079W,0,-4.5281363,0.08826754242181778,0.16099999845027924,0.1662999987602234
YLR045C,YER143W,0,-4.5282006,0.08821918070316315,0.16099999845027924,0.1664000004529953
YOL017W,YPR037C,0,-4.528373,0.0881708636879921,0.16099999845027924,0.1665000021457672
YDR461W,YOR048C,0,-4.529012,0.08812260627746582,0.16099999845027924,0.16660000383853912
YCR065W,YGL001C,0,-4.529051,0.08807440102100372,0.16099999845027924,0.16670000553131104
YLR224W,YDR211W,0,-4.5291066,0.08802624046802521,0.16099999845027924,0.16680000722408295
YJR022W,YLR264W,0,-4.529187,0.08797813951969147,0.16099999845027924,0.16689999401569366
YIL013C,YFR040W,0,-4.5292425,0.0879300907254219,0.16099999845027924,0.16699999570846558
YLR097C,YDR439W,0,-4.529628,0.08788209408521652,0.16099999845027924,0.1670999974012375
YIL167W,YLR033W,0,-4.5297236,0.08783414959907532,0.16099999845027924,0.1671999990940094
YMR219W,YPL124W,0,-4.5298038,0.08778625726699829,0.16099999845027924,0.1673000007867813
YKL015W,YAL015C,0,-4.5314107,0.08773841708898544,0.16099999845027924,0.16740000247955322
YOL164W,YML014W,0,-4.531605,0.08769062906503677,0.16099999845027924,0.16750000417232513
YEL053C,YLR452C,0,-4.532297,0.08764289319515228,0.16099999845027924,0.16760000586509705
YEL053C,YLR106C,0,-4.5344186,0.08759520947933197,0.16099999845027924,0.16769999265670776
YGR140W,YGR075C,0,-4.534845,0.08754757791757584,0.16099999845027924,0.16779999434947968
YMR058W,YPL242C,0,-4.535585,0.08749999850988388,0.16099999845027924,0.1678999960422516
YOL088C,YMR032W,0,-4.5363927,0.0874524712562561,0.16099999845027924,0.1679999977350235
YHR203C,YGR179C,0,-4.5365,0.0874049961566925,0.16099999845027924,0.1680999994277954
YOR356W,YLR226W,0,-4.5365124,0.08735756576061249,0.16099999845027924,0.16820000112056732
YBL084C,YIL019W,0,-4.536563,0.08731019496917725,0.16099999845027924,0.16830000281333923
YER074W-A,YGR245C,0,-4.5366154,0.08726287633180618,0.16099999845027924,0.16840000450611115
YEL062W,YOR361C,0,-4.538183,0.0872156023979187,0.16099999845027924,0.16850000619888306
YKR054C,YDL055C,0,-4.5396276,0.0871683806180954,0.16099999845027924,0.16859999299049377
YIL056W,YAL032C,0,-4.5402927,0.08712121099233627,0.16099999845027924,0.16869999468326569
YDR091C,YBR058C-A,0,-4.5403214,0.08707409352064133,0.16099999845027924,0.1687999963760376
YMR287C,YDR341C,0,-4.5415344,0.08702702820301056,0.16099999845027924,0.1688999980688095
YJL092W,YGL232W,0,-4.5417366,0.08698000758886337,0.16099999845027924,0.16899999976158142
YBL045C,YOR020C,0,-4.5427666,0.08693304657936096,0.16099999845027924,0.16910000145435333
YHR061C,YEL029C,0,-4.5429,0.08688613027334213,0.16099999845027924,0.16920000314712524
YDR270W,YPL192C,0,-4.5434027,0.08683926612138748,0.16099999845027924,0.16930000483989716
YJL034W,YNL275W,0,-4.544192,0.08679245412349701,0.16099999845027924,0.16940000653266907
YFL004W,YDR080W,1,-4.544682,0.08728448301553726,0.16200000047683716,0.16940000653266907
YHR203C,YDR356W,0,-4.544924,0.08723747730255127,0.16200000047683716,0.16949999332427979
YBL019W,YOR162C,0,-4.544981,0.08719052374362946,0.16200000047683716,0.1695999950170517
YLR039C,YLR249W,0,-4.5470514,0.08714362233877182,0.16200000047683716,0.1696999967098236
YBL071W-A,YIL149C,0,-4.547427,0.08709677308797836,0.16200000047683716,0.16979999840259552
YDR079C-A,YHR178W,0,-4.547809,0.08704997599124908,0.16200000047683716,0.16990000009536743
YEL020W-A,YHR102W,0,-4.548115,0.08700322359800339,0.16200000047683716,0.17000000178813934
YEL009C,YPL283C,0,-4.5484657,0.08695652335882187,0.16200000047683716,0.17010000348091125
YGR054W,YMR293C,0,-4.5485106,0.08690986782312393,0.16200000047683716,0.17020000517368317
YBR243C,YOR388C,0,-4.5485272,0.08686327189207077,0.16200000047683716,0.17030000686645508
YHR138C,YGR020C,1,-4.5490227,0.08735262602567673,0.16300000250339508,0.17030000686645508
YGR209C,YOR068C,1,-4.549639,0.0878414586186409,0.164000004529953,0.17030000686645508
YDR273W,YOL069W,0,-4.550114,0.08779443055391312,0.164000004529953,0.1703999936580658
YOR160W,YHL019C,0,-4.550767,0.08774746209383011,0.164000004529953,0.1704999953508377
YFL058W,YER178W,0,-4.551792,0.08770053833723068,0.164000004529953,0.17059999704360962
YAL017W,YIL039W,0,-4.551916,0.08765365928411484,0.164000004529953,0.17069999873638153
YDR060W,YAL058W,0,-4.5524073,0.08760683983564377,0.164000004529953,0.17080000042915344
YHR090C,YHR088W,0,-4.552476,0.08756006509065628,0.164000004529953,0.17090000212192535
YDL213C,YPL151C,0,-4.5526958,0.08751334249973297,0.164000004529953,0.17100000381469727
YNL002C,YAL001C,0,-4.55273,0.08746666461229324,0.164000004529953,0.17110000550746918
YGR209C,YDR080W,1,-4.553013,0.08795309066772461,0.16500000655651093,0.17110000550746918
YDR101C,YJR009C,0,-4.5531535,0.08790623396635056,0.16500000655651093,0.1712000072002411
YPR080W,YER111C,0,-4.5534678,0.08785942196846008,0.16500000655651093,0.1712999939918518
YMR162C,YCR088W,0,-4.5538836,0.08781266957521439,0.16500000655651093,0.17139999568462372
YAR031W,YCL044C,0,-4.5548725,0.08776595443487167,0.16500000655651093,0.17149999737739563
YMR162C,YGR288W,0,-4.5553484,0.08771929889917374,0.16500000655651093,0.17159999907016754
YHR016C,YJL071W,0,-4.555571,0.08767268806695938,0.16500000655651093,0.17170000076293945
YAR031W,YOL034W,0,-4.5558066,0.0876261293888092,0.16500000655651093,0.17180000245571136
YNR006W,YLR433C,0,-4.5563784,0.08757961541414261,0.16500000655651093,0.17190000414848328
YDR353W,YNL210W,0,-4.5565968,0.08753315359354019,0.16500000655651093,0.1720000058412552
YOR310C,YJR053W,0,-4.5574884,0.08748674392700195,0.16500000655651093,0.1720999926328659
YJR094C,YGR098C,0,-4.557608,0.0874403789639473,0.16500000655651093,0.17219999432563782
YGR155W,YER168C,0,-4.5585027,0.08739406615495682,0.16500000655651093,0.17229999601840973
YJL012C,YFR019W,1,-4.5591736,0.08787718415260315,0.16599999368190765,0.17229999601840973
YJR063W,YLR234W,0,-4.5607486,0.08783068507909775,0.16599999368190765,0.17239999771118164
YLR233C,YLR195C,0,-4.561268,0.08778423815965652,0.16599999368190765,0.17249999940395355
YGR042W,YGL030W,0,-4.5631247,0.08773784339427948,0.16599999368190765,0.17260000109672546
YBL098W,YPL256C,0,-4.5632586,0.08769149333238602,0.16599999368190765,0.17270000278949738
YKL195W,YBL013W,0,-4.5633554,0.08764519542455673,0.16599999368190765,0.1728000044822693
YFR030W,YOR310C,0,-4.5649652,0.08759894222021103,0.16599999368190765,0.1729000061750412
YPL276W,YKL130C,0,-4.56546,0.0875527411699295,0.16599999368190765,0.17299999296665192
YCL033C,YDL220C,0,-4.566068,0.08750659227371216,0.16599999368190765,0.17309999465942383
YHR138C,YEL051W,1,-4.5669403,0.08798735588788986,0.16699999570846558,0.17309999465942383
YHR099W,YGL012W,0,-4.5683355,0.08794102072715759,0.16699999570846558,0.17319999635219574
YDR217C,YHR163W,0,-4.568476,0.0878947377204895,0.16699999570846558,0.17329999804496765
YKR050W,YOR116C,0,-4.5686946,0.08784849941730499,0.16699999570846558,0.17339999973773956
YGL089C,YLR228C,0,-4.5698614,0.08780231326818466,0.16699999570846558,0.17350000143051147
YCR082W,YOL016C,0,-4.570008,0.08775617182254791,0.16699999570846558,0.1736000031232834
YOL093W,YDR004W,0,-4.570755,0.08771008253097534,0.16699999570846558,0.1737000048160553
YLR066W,YPR119W,0,-4.572011,0.08766404539346695,0.16699999570846558,0.1738000065088272
YPR141C,YER103W,0,-4.572086,0.08761804550886154,0.16699999570846558,0.17389999330043793
YCL033C,YGR057C,0,-4.5730443,0.08757210522890091,0.16699999570846558,0.17399999499320984
YMR087W,YCL054W,0,-4.573051,0.08752620220184326,0.16699999570846558,0.17409999668598175
YLL016W,YCR020C-A,0,-4.5732203,0.08748035877943039,0.16699999570846558,0.17419999837875366
YGL008C,YNL221C,0,-4.5736732,0.0874345526099205,0.16699999570846558,0.17430000007152557
YNR019W,YOR244W,0,-4.574135,0.08738879859447479,0.16699999570846558,0.17440000176429749
YBL004W,YGL051W,0,-4.5747414,0.08734309673309326,0.16699999570846558,0.1745000034570694
YNL247W,YKL213C,0,-4.574878,0.08729743957519531,0.16699999570846558,0.1746000051498413
YJL214W,YMR145C,0,-4.575245,0.08725182712078094,0.16699999570846558,0.17470000684261322
YDR246W,YMR101C,0,-4.5759377,0.08720626682043076,0.16699999570846558,0.17479999363422394
YDR365C,YNL032W,0,-4.5762177,0.08716075122356415,0.16699999570846558,0.17489999532699585
YAL033W,YMR004W,0,-4.576225,0.08711528778076172,0.16699999570846558,0.17499999701976776
YHR066W,YBL106C,0,-4.5762963,0.08706986159086227,0.16699999570846558,0.17509999871253967
YGL014W,YIL016W,0,-4.576586,0.0870244950056076,0.16699999570846558,0.17520000040531158
YML123C,YMR241W,0,-4.5769525,0.08697916567325592,0.16699999570846558,0.1753000020980835
YLL002W,YHR094C,0,-4.5772076,0.08693388849496841,0.16699999570846558,0.1754000037908554
YJR025C,YNR034W,0,-4.57766,0.08688865602016449,0.16699999570846558,0.17550000548362732
YDR545W,YAL025C,0,-4.5778694,0.08684347569942474,0.16699999570846558,0.17560000717639923
YMR296C,YPL110C,0,-4.5782485,0.08679834008216858,0.16699999570846558,0.17569999396800995
YDR393W,YBL058W,0,-4.5783663,0.086753249168396,0.16699999570846558,0.17579999566078186
YLR286C,YDR254W,0,-4.578564,0.086708202958107,0.16699999570846558,0.17589999735355377
YLR215C,YPL058C,0,-4.578921,0.08666320890188217,0.16699999570846558,0.17599999904632568
YCR089W,YBR118W,0,-4.5797534,0.08661825954914093,0.16699999570846558,0.1761000007390976
YMR136W,YDL155W,0,-4.580022,0.08657335489988327,0.16699999570846558,0.1762000024318695
YPR055W,YNL292W,0,-4.580508,0.08652849495410919,0.16699999570846558,0.17630000412464142
YPR190C,YOR226C,0,-4.5815563,0.08648368716239929,0.16699999570846558,0.17640000581741333
YPR046W,YGL012W,0,-4.582167,0.08643892407417297,0.16699999570846558,0.17649999260902405
YGL205W,YOR297C,0,-4.582189,0.08639420568943024,0.16699999570846558,0.17659999430179596
YDL039C,YOR162C,0,-4.582734,0.08634953200817108,0.16699999570846558,0.17669999599456787
YOR328W,YMR053C,0,-4.584139,0.0863049104809761,0.16699999570846558,0.17679999768733978
YLR401C,YOL004W,0,-4.5843344,0.08626033365726471,0.16699999570846558,0.1768999993801117
YHL040C,YOR054C,0,-4.5850334,0.0862157940864563,0.16699999570846558,0.1770000010728836
YMR238W,YHR082C,0,-4.5870075,0.08617131412029266,0.16699999570846558,0.17710000276565552
YCR102C,YML123C,0,-4.587326,0.08612687140703201,0.16699999570846558,0.17720000445842743
YDR365C,YLR095C,0,-4.5883207,0.08608247339725494,0.16699999570846558,0.17730000615119934
YLR274W,YDR086C,0,-4.588623,0.08603812754154205,0.16699999570846558,0.17739999294281006
YEL054C,YDL117W,0,-4.5892625,0.08599381893873215,0.16699999570846558,0.17749999463558197
YCL034W,YBR258C,0,-4.589697,0.08594956248998642,0.16699999570846558,0.17759999632835388
YCL029C,YMR015C,0,-4.5897183,0.08590535074472427,0.16699999570846558,0.1776999980211258
YLR170C,YKL129C,0,-4.589916,0.08586118370294571,0.16699999570846558,0.1777999997138977
YHR067W,YNL002C,0,-4.5900335,0.08581706136465073,0.16699999570846558,0.17790000140666962
YFL004W,YPR036W,1,-4.590188,0.08628659695386887,0.1679999977350235,0.17790000140666962
YHL012W,YDR030C,0,-4.5909224,0.08624230325222015,0.1679999977350235,0.17800000309944153
YLR396C,YEL051W,1,-4.591202,0.08671113103628159,0.16899999976158142,0.17800000309944153
YMR239C,YGL178W,0,-4.5921545,0.08666666597127914,0.16899999976158142,0.17810000479221344
YKL170W,YOL129W,0,-4.592413,0.08662224560976028,0.16899999976158142,0.17820000648498535
YOL138C,YHR157W,0,-4.5927153,0.086577869951725,0.16899999976158142,0.17829999327659607
YPR033C,YBR198C,0,-4.5942154,0.08653353899717331,0.16899999976158142,0.17839999496936798
YDL077C,YFL039C,1,-4.594266,0.0870010256767273,0.17000000178813934,0.17839999496936798
YML064C,YNL310C,0,-4.5945067,0.08695652335882187,0.17000000178813934,0.1784999966621399
YML060W,YMR204C,0,-4.5948677,0.08691206574440002,0.17000000178813934,0.1785999983549118
YGL019W,YNL111C,0,-4.595352,0.08686765283346176,0.17000000178813934,0.17870000004768372
YIL119C,YDR329C,0,-4.5954,0.08682329207658768,0.17000000178813934,0.17880000174045563
YDR365C,YOL156W,0,-4.595641,0.08677896857261658,0.17000000178813934,0.17890000343322754
YOR068C,YGR020C,1,-4.595872,0.0872448980808258,0.17100000381469727,0.17890000343322754
YAL013W,YDR276C,0,-4.595953,0.08720041066408157,0.17100000381469727,0.17900000512599945
YOL055C,YER190W,0,-4.5961714,0.08715596050024033,0.17100000381469727,0.17910000681877136
YGR256W,YOR348C,0,-4.596345,0.08711156249046326,0.17100000381469727,0.17919999361038208
YEL020W-A,YLR182W,0,-4.5965376,0.08706720918416977,0.17100000381469727,0.179299995303154
YGL006W,YLR228C,0,-4.596983,0.08702290058135986,0.17100000381469727,0.1793999969959259
YML127W,YOR341W,0,-4.596986,0.08697863668203354,0.17100000381469727,0.17949999868869781
YIL023C,YLR467W,0,-4.5971956,0.0869344174861908,0.17100000381469727,0.17960000038146973
YPR031W,YNL327W,0,-4.5982084,0.08689024299383163,0.17100000381469727,0.17970000207424164
YJL073W,YBR084W,0,-4.5983896,0.08684611320495605,0.17100000381469727,0.17980000376701355
YOR341W,YKL028W,0,-4.5986423,0.08680202811956406,0.17100000381469727,0.17990000545978546
YHR030C,YHR090C,0,-4.599113,0.08675798773765564,0.17100000381469727,0.18000000715255737
YLR386W,YDR017C,1,-4.5993233,0.08722109347581863,0.1720000058412552,0.18000000715255737
YBL098W,YOR076C,0,-4.5994396,0.08717688918113708,0.1720000058412552,0.1800999939441681
YHR005C-A,YBR084W,0,-4.6007624,0.08713272213935852,0.1720000058412552,0.18019999563694
YBR243C,YDR168W,0,-4.600992,0.08708860725164413,0.1720000058412552,0.18029999732971191
YLR386W,YOR332W,1,-4.6012163,0.08755061030387878,0.17299999296665192,0.18029999732971191
YGL192W,YDR221W,0,-4.602146,0.08750632405281067,0.17299999296665192,0.18039999902248383
YBR105C,YJL052W,0,-4.602422,0.08746208250522614,0.17299999296665192,0.18050000071525574
YDL077C,YGR020C,1,-4.6025,0.08792319148778915,0.17399999499320984,0.18050000071525574
YER106W,YDR091C,0,-4.602552,0.08787878602743149,0.17399999499320984,0.18060000240802765
YJL219W,YKR027W,0,-4.6028543,0.0878344252705574,0.17399999499320984,0.18070000410079956
YDR279W,YDR407C,0,-4.6038265,0.0877901092171669,0.17399999499320984,0.18080000579357147
YML027W,YOR195W,0,-4.6040907,0.08774583786725998,0.17399999499320984,0.1808999925851822
YDR079C-A,YMR311C,0,-4.6053553,0.08770161122083664,0.17399999499320984,0.1809999942779541
YPL125W,YML031W,0,-4.605365,0.08765742927789688,0.17399999499320984,0.181099995970726
YER106W,YAL023C,0,-4.6054745,0.0876132920384407,0.17399999499320984,0.18119999766349792
YFL021W,YCR028C-A,0,-4.605522,0.08756919950246811,0.17399999499320984,0.18129999935626984
YLR145W,YER045C,0,-4.606153,0.0875251516699791,0.17399999499320984,0.18140000104904175
YNL160W,YGR296W,0,-4.6064844,0.08748114854097366,0.17399999499320984,0.18150000274181366
YFR047C,YMR292W,0,-4.6072426,0.08743718266487122,0.17399999499320984,0.18160000443458557
YGL014W,YJR127C,0,-4.6074195,0.08739326894283295,0.17399999499320984,0.18170000612735748
YLR332W,YPL211W,0,-4.6075916,0.08734939992427826,0.17399999499320984,0.1817999929189682
YOR083W,YMR250W,0,-4.6078386,0.08730556815862656,0.17399999499320984,0.1818999946117401
YER151C,YJL190C,0,-4.6078453,0.08726178854703903,0.17399999499320984,0.18199999630451202
YMR224C,YLR438C-A,0,-4.6085105,0.08721804618835449,0.17399999499320984,0.18209999799728394
YDR300C,YPR188C,0,-4.6087246,0.08717434853315353,0.17399999499320984,0.18219999969005585
YKR048C,YLR131C,0,-4.6095724,0.08713069558143616,0.17399999499320984,0.18230000138282776
YJL014W,YOR349W,0,-4.609714,0.08708708733320236,0.17399999499320984,0.18240000307559967
YNL280C,YMR055C,0,-4.610237,0.08704352378845215,0.17399999499320984,0.18250000476837158
YGL175C,YGL014W,0,-4.6109867,0.08699999749660492,0.17399999499320984,0.1826000064611435
YPL188W,YHR150W,0,-4.611225,0.08695652335882187,0.17399999499320984,0.1826999932527542
YPR025C,YGR059W,0,-4.6114826,0.0869130864739418,0.17399999499320984,0.18279999494552612
YNR064C,YBL080C,0,-4.6118464,0.08686969429254532,0.17399999499320984,0.18289999663829803
YPR032W,YNL046W,0,-4.612209,0.08682634681463242,0.17399999499320984,0.18299999833106995
YBR195C,YBR244W,0,-4.6125755,0.0867830440402031,0.17399999499320984,0.18310000002384186
YBL013W,YBL051C,0,-4.612644,0.08673977851867676,0.17399999499320984,0.18320000171661377
YGL240W,YOR212W,0,-4.612657,0.0866965651512146,0.17399999499320984,0.18330000340938568
YBR182C,YGR296W,0,-4.6128635,0.08665338903665543,0.17399999499320984,0.1834000051021576
YNR056C,YER014C-A,0,-4.613014,0.08661025017499924,0.17399999499320984,0.1835000067949295
YIL070C,YBR126C,0,-4.6133637,0.08656716346740723,0.17399999499320984,0.18359999358654022
YHR085W,YGL178W,0,-4.6133757,0.0865241140127182,0.17399999499320984,0.18369999527931213
YFR030W,YDR501W,0,-4.6135845,0.08648111671209335,0.17399999499320984,0.18379999697208405
YHR023W,YFL011W,0,-4.6136827,0.0864381492137909,0.17399999499320984,0.18389999866485596
YLL026W,YGR089W,0,-4.6140122,0.08639523386955261,0.17399999499320984,0.18400000035762787
YGL247W,YIL049W,0,-4.6140623,0.08635235577821732,0.17399999499320984,0.18410000205039978
YJL059W,YBR026C,0,-4.6144323,0.0863095223903656,0.17399999499320984,0.1842000037431717
YDR439W,YPR029C,0,-4.614986,0.08626673370599747,0.17399999499320984,0.1843000054359436
YBR092C,YFR053C,0,-4.6152606,0.08622398227453232,0.17399999499320984,0.18440000712871552
YMR089C,YJL114W,0,-4.6155043,0.08618127554655075,0.17399999499320984,0.18449999392032623
YIL017C,YDR268W,0,-4.6168694,0.08613861352205276,0.17399999499320984,0.18459999561309814
YPR007C,YMR250W,0,-4.616957,0.08609598875045776,0.17399999499320984,0.18469999730587006
YKL051W,YFL039C,1,-4.6176057,0.08654797077178955,0.17499999701976776,0.18469999730587006
YLR286C,YNR053C,0,-4.617901,0.08650518953800201,0.17499999701976776,0.18479999899864197
YJR137C,YMR277W,0,-4.6185203,0.08646245300769806,0.17499999701976776,0.18490000069141388
YKL015W,YER118C,0,-4.618614,0.08641975373029709,0.17499999701976776,0.1850000023841858
YEL057C,YOR080W,0,-4.618904,0.0863770991563797,0.17499999701976776,0.1851000040769577
YDR300C,YCL061C,0,-4.6192417,0.0863344818353653,0.17499999701976776,0.18520000576972961
YBR207W,YLR013W,0,-4.619381,0.08629191666841507,0.17499999701976776,0.18529999256134033
YHR161C,YDL243C,0,-4.620617,0.08624938130378723,0.17499999701976776,0.18539999425411224
YPR132W,YHR023W,0,-4.621102,0.08620689809322357,0.17499999701976776,0.18549999594688416
YNL246W,YDR469W,0,-4.621256,0.0861644521355629,0.17499999701976776,0.18559999763965607
YMR319C,YOL144W,0,-4.621793,0.0861220508813858,0.17499999701976776,0.18569999933242798
YPL167C,YGR080W,0,-4.6217933,0.0860796868801117,0.17499999701976776,0.1858000010251999
YBL078C,YPL118W,0,-4.623187,0.08603736758232117,0.17499999701976776,0.1859000027179718
YDR017C,YFR019W,1,-4.624023,0.08648648858070374,0.17599999904632568,0.1859000027179718
YGR004W,YCR035C,0,-4.6244245,0.08644400537014008,0.17599999904632568,0.1860000044107437
YGL111W,YFL025C,0,-4.6249824,0.0864015743136406,0.17599999904632568,0.18610000610351562
YMR167W,YKL201C,0,-4.6251006,0.0863591730594635,0.17599999904632568,0.18619999289512634
YOR290C,YHR171W,0,-4.6255226,0.08631682395935059,0.17599999904632568,0.18629999458789825
YBR043C,YDR363W,0,-4.6263266,0.08627451211214066,0.17599999904632568,0.18639999628067017
YOL077W-A,YDR523C,0,-4.627862,0.08623223751783371,0.17599999904632568,0.18649999797344208
YMR218C,YHR108W,0,-4.6280193,0.08619000762701035,0.17599999904632568,0.186599999666214
YBL098W,YPL196W,0,-4.628063,0.08614782243967056,0.17599999904632568,0.1867000013589859
YFR019W,YDR080W,1,-4.6280775,0.08659490942955017,0.1770000010728836,0.1867000013589859
YER133W,YER001W,0,-4.628086,0.08655256778001785,0.1770000010728836,0.1868000030517578
YBR040W,YFR034C,0,-4.628251,0.08651026338338852,0.1770000010728836,0.18690000474452972
YDL007W,YEL041W,0,-4.629021,0.08646800369024277,0.1770000010728836,0.18700000643730164
YLR119W,YDR273W,0,-4.629344,0.08642578125,0.1770000010728836,0.18709999322891235
YKL150W,YJR119C,0,-4.629959,0.08638360351324081,0.1770000010728836,0.18719999492168427
YPR036W,YOR068C,1,-4.630586,0.08682926744222641,0.17800000309944153,0.18719999492168427
YDR300C,YOL156W,0,-4.63062,0.08678693324327469,0.17800000309944153,0.18729999661445618
YHR194W,YDL223C,0,-4.6315975,0.08674463629722595,0.17800000309944153,0.1873999983072281
YDR283C,YIR028W,0,-4.6316724,0.0867023840546608,0.17800000309944153,0.1875
YLR052W,YDR378C,0,-4.632129,0.08666017651557922,0.17800000309944153,0.1876000016927719
YPL106C,YGR088W,0,-4.632429,0.08661800622940063,0.17800000309944153,0.18770000338554382
YLL060C,YLL012W,0,-4.6336884,0.08657587319612503,0.17800000309944153,0.18780000507831573
YCL067C,YDR273W,0,-4.6340322,0.08653378486633301,0.17800000309944153,0.18790000677108765
YNL045W,YOR148C,0,-4.634093,0.08649174124002457,0.17800000309944153,0.18799999356269836
YNL070W,YGR059W,0,-4.6345572,0.08644973486661911,0.17800000309944153,0.18809999525547028
YPL240C,YML112W,0,-4.6351633,0.08640776574611664,0.17800000309944153,0.1881999969482422
YPR135W,YNL222W,0,-4.635701,0.08636584132909775,0.17800000309944153,0.1882999986410141
YNR056C,YCL026C-A,0,-4.6363277,0.08632395416498184,0.17800000309944153,0.188400000333786
YDL247W,YGL053W,0,-4.6366563,0.08628211170434952,0.17800000309944153,0.18850000202655792
YOR056C,YCR094W,0,-4.6369724,0.08624030649662018,0.17800000309944153,0.18860000371932983
YDR375C,YCR010C,0,-4.637424,0.08619854599237442,0.17800000309944153,0.18870000541210175
YGL058W,YFL010W-A,0,-4.637741,0.08615682274103165,0.17800000309944153,0.18880000710487366
YMR101C,YHL007C,0,-4.6381416,0.08611514419317245,0.17800000309944153,0.18889999389648438
YPR055W,YML073C,0,-4.639309,0.08607350289821625,0.17800000309944153,0.1889999955892563
YJR145C,YBR211C,0,-4.6401215,0.08603189885616302,0.17800000309944153,0.1890999972820282
YJR060W,YIL128W,0,-4.6402235,0.08599033951759338,0.17800000309944153,0.1891999989748001
YMR319C,YER001W,0,-4.6407285,0.08594881743192673,0.17800000309944153,0.18930000066757202
YNL332W,YGL027C,0,-4.6409187,0.08590733259916306,0.17800000309944153,0.18940000236034393
YDL077C,YNL079C,1,-4.6423206,0.0863482877612114,0.17900000512599945,0.18940000236034393
YOL008W,YDL150W,0,-4.642616,0.08630665391683578,0.17900000512599945,0.18950000405311584
YFL004W,YHR174W,1,-4.642666,0.08674699068069458,0.18000000715255737,0.18950000405311584
YPR095C,YDL140C,0,-4.6427097,0.08670520037412643,0.18000000715255737,0.18960000574588776
YDR270W,YGR075C,0,-4.642864,0.08666345477104187,0.18000000715255737,0.18970000743865967
YBL003C,YKR001C,0,-4.643515,0.08662175387144089,0.18000000715255737,0.18979999423027039
YDL055C,YDR106W,0,-4.6438413,0.08658009022474289,0.18000000715255737,0.1898999959230423
YKR095W,YJR049C,0,-4.644292,0.08653846383094788,0.18000000715255737,0.1899999976158142
YDR202C,YNL079C,1,-4.6449494,0.08697741478681564,0.1809999942779541,0.1899999976158142
YNR074C,YML107C,0,-4.646436,0.08693563938140869,0.1809999942779541,0.19009999930858612
YDR200C,YBR058C-A,0,-4.646563,0.08689390122890472,0.1809999942779541,0.19020000100135803
YFL003C,YGR249W,0,-4.6469164,0.08685220777988434,0.1809999942779541,0.19030000269412994
YHR190W,YIL160C,0,-4.64805,0.08681055158376694,0.1809999942779541,0.19040000438690186
YGL162W,YDR432W,0,-4.648638,0.08676893264055252,0.1809999942779541,0.19050000607967377
YDR306C,YGL124C,0,-4.6489806,0.08672735840082169,0.1809999942779541,0.19059999287128448
YMR008C,YLR451W,0,-4.6498623,0.08668582141399384,0.1809999942779541,0.1906999945640564
YCL020W,YDL047W,0,-4.6502604,0.08664432913064957,0.1809999942779541,0.1907999962568283
YOR353C,YJR092W,0,-4.650367,0.08660287410020828,0.1809999942779541,0.19089999794960022
YLR401C,YHL040C,0,-4.650887,0.08656145632266998,0.1809999942779541,0.19099999964237213
YLR447C,YLR386W,1,-4.6519237,0.0869980901479721,0.18199999630451202,0.19099999964237213
YBR107C,YHR062C,0,-4.652069,0.08695652335882187,0.18199999630451202,0.19110000133514404
YOR367W,YNL311C,0,-4.6521854,0.08691499382257462,0.18199999630451202,0.19120000302791595
YOR377W,YER054C,0,-4.653436,0.08687350898981094,0.18199999630451202,0.19130000472068787
YPR033C,YDL170W,0,-4.6539946,0.08683206140995026,0.18199999630451202,0.19140000641345978
YDR495C,YFR019W,1,-4.654153,0.08726752549409866,0.18299999833106995,0.19140000641345978
YFL050C,YNR044W,0,-4.6547403,0.08722592890262604,0.18299999833106995,0.1914999932050705
YBR152W,YGL150C,0,-4.6553483,0.087184377014637,0.18299999833106995,0.1915999948978424
YFR019W,YHR060W,1,-4.655432,0.08761905133724213,0.18400000035762787,0.1915999948978424
YDR273W,YLL042C,0,-4.6556587,0.08757734298706055,0.18400000035762787,0.19169999659061432
YHR015W,YHR006W,0,-4.655945,0.08753567934036255,0.18400000035762787,0.19179999828338623
YDL220C,YNL314W,0,-4.6561527,0.08749405294656754,0.18400000035762787,0.19189999997615814
YDR270W,YKR039W,0,-4.6567535,0.0874524712562561,0.18400000035762787,0.19200000166893005
YGL071W,YHR070W,0,-4.657518,0.08741092681884766,0.18400000035762787,0.19210000336170197
YJL053W,YDR432W,0,-4.657667,0.0873694196343422,0.18400000035762787,0.19220000505447388
YLR195C,YDR184C,0,-4.658847,0.08732795715332031,0.18400000035762787,0.1923000067472458
YNL267W,YGR041W,0,-4.6591935,0.08728652447462082,0.18400000035762787,0.1923999935388565
YHR005C-A,YOL054W,0,-4.659483,0.08724513649940491,0.18400000035762787,0.19249999523162842
YHR157W,YJL156C,0,-4.660793,0.08720379322767258,0.18400000035762787,0.19259999692440033
YNL312W,YKL075C,0,-4.6609306,0.08716247975826263,0.18400000035762787,0.19269999861717224
YLR010C,YHR161C,0,-4.66125,0.08712121099233627,0.18400000035762787,0.19280000030994415
YPL124W,YDR191W,0,-4.661316,0.0870799794793129,0.18400000035762787,0.19290000200271606
YKR079C,YJR105W,0,-4.662122,0.0870387926697731,0.18400000035762787,0.19300000369548798
YNL042W,YML123C,0,-4.662977,0.0869976356625557,0.18400000035762787,0.1931000053882599
YBL009W,YER045C,0,-4.663577,0.08695652335882187,0.18400000035762787,0.1932000070810318
YIL034C,YNL314W,0,-4.6638603,0.08691544830799103,0.18400000035762787,0.19329999387264252
YKL042W,YEL065W,0,-4.665092,0.08687441051006317,0.18400000035762787,0.19339999556541443
YBL106C,YPL202C,0,-4.665227,0.0868334099650383,0.18400000035762787,0.19349999725818634
YPL254W,YPR055W,0,-4.6653576,0.08679245412349701,0.18400000035762787,0.19359999895095825
YOR341W,YDL235C,0,-4.6656895,0.0867515355348587,0.18400000035762787,0.19370000064373016
YBR254C,YNR056C,0,-4.66611,0.08671064674854279,0.18400000035762787,0.19380000233650208
YBR233W-A,YGR257C,0,-4.666154,0.08666981011629105,0.18400000035762787,0.193900004029274
YBR283C,YCL044C,0,-4.6663914,0.0866290032863617,0.18400000035762787,0.1940000057220459
YDR255C,YOL078W,0,-4.666748,0.08658823370933533,0.18400000035762787,0.1941000074148178
YEL020W-A,YKR031C,0,-4.6667857,0.08654750883579254,0.18400000035762787,0.19419999420642853
YGR256W,YGR080W,0,-4.6670275,0.08650681376457214,0.18400000035762787,0.19429999589920044
YCL066W,YPL082C,0,-4.66709,0.08646616339683533,0.18400000035762787,0.19439999759197235
YLR394W,YBL011W,0,-4.668486,0.0864255502820015,0.18400000035762787,0.19449999928474426
YMR035W,YER044C,0,-4.6691923,0.08638497442007065,0.18400000035762787,0.19460000097751617
YPL093W,YHR042W,0,-4.669635,0.08634443581104279,0.18400000035762787,0.19470000267028809
YPL240C,YOR380W,0,-4.669756,0.0863039419054985,0.18400000035762787,0.19480000436306
YCL061C,YJL080C,0,-4.671338,0.08626347780227661,0.18400000035762787,0.1949000060558319
YPR057W,YOR145C,0,-4.6719337,0.0862230584025383,0.18400000035762787,0.19499999284744263
YPR110C,YJL058C,0,-4.672266,0.08618266880512238,0.18400000035762787,0.19509999454021454
YMR238W,YER031C,0,-4.67229,0.08614232391119003,0.18400000035762787,0.19519999623298645
YLR189C,YJR144W,0,-4.672333,0.08610200881958008,0.18400000035762787,0.19529999792575836
YDL130W,YDR464W,0,-4.672536,0.0860617384314537,0.18400000035762787,0.19539999961853027
YIL131C,YHL003C,0,-4.672685,0.08602150529623032,0.18400000035762787,0.19550000131130219
YLR372W,YNL021W,0,-4.673148,0.08598130941390991,0.18400000035762787,0.1956000030040741
YDL243C,YPL228W,0,-4.673153,0.08594115078449249,0.18400000035762787,0.195700004696846
YHR099W,YML060W,0,-4.6734085,0.08590102940797806,0.18400000035762787,0.19580000638961792
YFR019W,YFL039C,1,-4.6738596,0.08632757514715195,0.1850000023841858,0.19580000638961792
YCR040W,YJL071W,0,-4.6739416,0.08628731220960617,0.1850000023841858,0.19589999318122864
YLR401C,YHR187W,0,-4.674054,0.08624708652496338,0.1850000023841858,0.19599999487400055
YJL087C,YJL190C,0,-4.675384,0.08620689809322357,0.1850000023841858,0.19609999656677246
YDR254W,YDR516C,0,-4.675936,0.08616674691438675,0.1850000023841858,0.19619999825954437
YGR188C,YNL080C,0,-4.6763883,0.08612663298845291,0.1850000023841858,0.19629999995231628
YDL028C,YBR105C,0,-4.67677,0.08608654886484146,0.1850000023841858,0.1964000016450882
YLR015W,YHR053C,0,-4.676793,0.08604650944471359,0.1850000023841858,0.1965000033378601
YPL121C,YDR060W,0,-4.677345,0.08600650727748871,0.1850000023841858,0.19660000503063202
YFR047C,YGR054W,0,-4.678094,0.08596654236316681,0.1850000023841858,0.19670000672340393
YDL227C,YDL064W,0,-4.6781178,0.0859266147017479,0.1850000023841858,0.19679999351501465
YNL280C,YFL014W,0,-4.6786156,0.08588672429323196,0.1850000023841858,0.19689999520778656
YMR069W,YOR080W,0,-4.6786256,0.08584687113761902,0.1850000023841858,0.19699999690055847
YDR013W,YOL158C,0,-4.6788473,0.08580704778432846,0.1850000023841858,0.19709999859333038
YJR002W,YAL032C,0,-4.6791854,0.08576726913452148,0.1850000023841858,0.1972000002861023
YDR046C,YOL104C,0,-4.6794567,0.08572752773761749,0.1850000023841858,0.1973000019788742
YOL111C,YMR036C,0,-4.6800714,0.08568781614303589,0.1850000023841858,0.19740000367164612
YEL057C,YJL208C,0,-4.680682,0.08564814925193787,0.1850000023841858,0.19750000536441803
YPL138C,YEL020W-A,0,-4.680684,0.08560851216316223,0.1850000023841858,0.19760000705718994
YLR134W,YDR459C,0,-4.680864,0.08556891977787018,0.1850000023841858,0.19769999384880066
YHR067W,YKL179C,0,-4.6814823,0.08552935719490051,0.1850000023841858,0.19779999554157257
YBL074C,YGR009C,0,-4.6822276,0.08548983186483383,0.1850000023841858,0.19789999723434448
YDR365C,YER183C,0,-4.683683,0.08545034378767014,0.1850000023841858,0.1979999989271164
YCL039W,YBR218C,0,-4.6837,0.08541089296340942,0.1850000023841858,0.1981000006198883
YHR008C,YLR079W,0,-4.683749,0.0853714793920517,0.1850000023841858,0.19820000231266022
YLR119W,YHR055C,0,-4.6838474,0.08533210307359695,0.1850000023841858,0.19830000400543213
YML091C,YAL009W,0,-4.684229,0.0852927640080452,0.1850000023841858,0.19840000569820404
YNL148C,YLR115W,0,-4.684724,0.08525345474481583,0.1850000023841858,0.19850000739097595
YOL165C,YDR184C,0,-4.6851897,0.08521419018507004,0.1850000023841858,0.19859999418258667
YOR089C,YJR035W,0,-4.6854086,0.08517495542764664,0.1850000023841858,0.19869999587535858
YFL059W,YBR156C,0,-4.685766,0.08513575792312622,0.1850000023841858,0.1987999975681305
YDR255C,YMR069W,0,-4.6859355,0.08509659767150879,0.1850000023841858,0.1988999992609024
YPL097W,YBR112C,0,-4.686014,0.08505747467279434,0.1850000023841858,0.19900000095367432
YBR093C,YGR075C,0,-4.6861186,0.08501838147640228,0.1850000023841858,0.19910000264644623
YGL187C,YLR205C,0,-4.686383,0.0849793329834938,0.1850000023841858,0.19920000433921814
YKL201C,YLR449W,0,-4.68678,0.08494031429290771,0.1850000023841858,0.19930000603199005
YDR009W,YIL154C,0,-4.6880336,0.08490133285522461,0.1850000023841858,0.19939999282360077
YCL034W,YNR031C,0,-4.6880774,0.08486238867044449,0.1850000023841858,0.19949999451637268
YPL121C,YDL085W,0,-4.6882544,0.08482347428798676,0.1850000023841858,0.1995999962091446
YGR248W,YJR144W,0,-4.688949,0.0847846046090126,0.1850000023841858,0.1996999979019165
YIR005W,YCL004W,0,-4.6889873,0.08474576473236084,0.1850000023841858,0.19979999959468842
YLL035W,YJL058C,0,-4.689308,0.08470696210861206,0.1850000023841858,0.19990000128746033
YDR079C-A,YKL025C,0,-4.6905875,0.08466818928718567,0.1850000023841858,0.20000000298023224
YDR258C,YBR009C,0,-4.6916885,0.08462946116924286,0.1850000023841858,0.20010000467300415
YDL083C,YDR217C,0,-4.691707,0.08459076285362244,0.1850000023841858,0.20020000636577606
YPL069C,YMR128W,0,-4.692197,0.084552101790905,0.1850000023841858,0.20029999315738678
YNL317W,YGL106W,0,-4.692236,0.08451347798109055,0.1850000023841858,0.2003999948501587
YPL053C,YDL149W,0,-4.6929994,0.08447488397359848,0.1850000023841858,0.2004999965429306
YLR399C,YJL222W,0,-4.6933703,0.0844363272190094,0.1850000023841858,0.20059999823570251
YHR148W,YDR106W,0,-4.693412,0.0843978077173233,0.1850000023841858,0.20069999992847443
YLR459W,YIL119C,0,-4.6935005,0.08435932546854019,0.1850000023841858,0.20080000162124634
YEL065W,YKL082C,0,-4.6937933,0.08432087302207947,0.1850000023841858,0.20090000331401825
YFL039C,YLR240W,1,-4.693795,0.08473803848028183,0.1860000044107437,0.20090000331401825
YNL332W,YFL055W,0,-4.69392,0.08469945192337036,0.1860000044107437,0.20100000500679016
YHR042W,YAL024C,0,-4.6942935,0.08466090261936188,0.1860000044107437,0.20110000669956207
YLL035W,YIL037C,0,-4.6947603,0.08462238311767578,0.1860000044107437,0.2011999934911728
YNL186W,YHR139C,0,-4.6947823,0.08458390086889267,0.1860000044107437,0.2012999951839447
YDR202C,YEL051W,1,-4.695194,0.08500000089406967,0.18700000643730164,0.2012999951839447
YPL057C,YPL082C,0,-4.6958537,0.08496138453483582,0.18700000643730164,0.2013999968767166
YEL022W,YOL077W-A,0,-4.696929,0.08492279797792435,0.18700000643730164,0.20149999856948853
YKR079C,YFR055W,0,-4.697249,0.08488424867391586,0.18700000643730164,0.20160000026226044
YIL123W,YER164W,0,-4.697253,0.08484573662281036,0.18700000643730164,0.20170000195503235
YDR529C,YDR376W,0,-4.6977863,0.08480725437402725,0.18700000643730164,0.20180000364780426
YPR133W-A,YCR081W,0,-4.6979733,0.08476880937814713,0.18700000643730164,0.20190000534057617
YHR187W,YKL001C,0,-4.6985207,0.08473040163516998,0.18700000643730164,0.20200000703334808
YMR095C,YHR001W-A,0,-4.6989746,0.08469203114509583,0.18700000643730164,0.2020999938249588
YOL091W,YBR156C,0,-4.699147,0.08465369045734406,0.18700000643730164,0.2021999955177307
YML027W,YDR083W,0,-4.699296,0.08461538702249527,0.18700000643730164,0.20229999721050262
YDR450W,YBR175W,0,-4.699313,0.08457711338996887,0.18700000643730164,0.20239999890327454
YGL087C,YER190W,0,-4.6997933,0.08453887701034546,0.18700000643730164,0.20250000059604645
YPR141C,YJL060W,0,-4.7009325,0.08450067788362503,0.18700000643730164,0.20260000228881836
YOR133W,YOR373W,0,-4.70168,0.08446250855922699,0.18700000643730164,0.20270000398159027
YDR495C,YPR036W,1,-4.7018576,0.08487584441900253,0.18799999356269836,0.20270000398159027
YOR049C,YLL012W,0,-4.7020836,0.08483754843473434,0.18799999356269836,0.20280000567436218
YDL077C,YBR127C,1,-4.702776,0.08525034040212631,0.1889999955892563,0.20280000567436218
YBR188C,YPR138C,0,-4.7033863,0.08521190285682678,0.1889999955892563,0.2029000073671341
YDR227W,YDR515W,0,-4.7042227,0.08517350256443024,0.1889999955892563,0.2029999941587448
YEL032W,YHR158C,0,-4.7047234,0.08513513207435608,0.1889999955892563,0.20309999585151672
YBR188C,YBR079C,0,-4.704955,0.0850968062877655,0.1889999955892563,0.20319999754428864
YML049C,YLR390W-A,0,-4.7060213,0.08505850285291672,0.1889999955892563,0.20329999923706055
YER162C,YGR059W,0,-4.706328,0.08502024412155151,0.1889999955892563,0.20340000092983246
YDR079C-A,YOL145C,0,-4.7066145,0.0849820151925087,0.1889999955892563,0.20350000262260437
YLL008W,YNR023W,0,-4.706755,0.08494382351636887,0.1889999955892563,0.20360000431537628
YJL106W,YKL213C,0,-4.707047,0.08490566164255142,0.1889999955892563,0.2037000060081482
YIL033C,YOR266W,0,-4.7072206,0.08486753702163696,0.1889999955892563,0.2037999927997589
YCR107W,YHL019C,0,-4.707629,0.08482944220304489,0.1889999955892563,0.20389999449253082
YPL187W,YPR135W,0,-4.708667,0.0847913846373558,0.1889999955892563,0.20399999618530273
YMR106C,YKL173W,0,-4.709043,0.0847533643245697,0.1889999955892563,0.20409999787807465
YDR096W,YHR139C,0,-4.709084,0.08471537381410599,0.1889999955892563,0.20419999957084656
YLR447C,YOR326W,1,-4.7095184,0.08512544631958008,0.1899999976158142,0.20419999957084656
YCL004W,YJL167W,0,-4.709667,0.08508732914924622,0.1899999976158142,0.20430000126361847
YIL023C,YGL175C,0,-4.7099314,0.08504924178123474,0.1899999976158142,0.20440000295639038
YJL012C,YLR240W,1,-4.7099414,0.08545861393213272,0.19099999964237213,0.20440000295639038
YIL150C,YGR192C,0,-4.7102404,0.0854203924536705,0.19099999964237213,0.2045000046491623
YDR450W,YPL221W,0,-4.7110996,0.08538220822811127,0.19099999964237213,0.2046000063419342
YDR190C,YHR094C,0,-4.7111135,0.08534405380487442,0.19099999964237213,0.20469999313354492
YKR095W,YNL311C,0,-4.71148,0.08530593663454056,0.19099999964237213,0.20479999482631683
YML027W,YOL129W,0,-4.712467,0.08526785671710968,0.19099999964237213,0.20489999651908875
YML088W,YLR129W,0,-4.7127557,0.08522980660200119,0.19099999964237213,0.20499999821186066
YOL082W,YAL034W-A,0,-4.7129917,0.08519179373979568,0.19099999964237213,0.20509999990463257
YBR092C,YBL069W,0,-4.713197,0.08515381067991257,0.19099999964237213,0.20520000159740448
YCL059C,YBR175W,0,-4.713213,0.08511586487293243,0.19099999964237213,0.2053000032901764
YNL111C,YHL006C,0,-4.7136984,0.08507794886827469,0.19099999964237213,0.2054000049829483
YLR170C,YPL040C,0,-4.7137785,0.08504007011651993,0.19099999964237213,0.20550000667572021
YOR133W,YJL201W,0,-4.7144775,0.08500222861766815,0.19099999964237213,0.20559999346733093
YDR317W,YER174C,0,-4.7152853,0.08496440947055817,0.19099999964237213,0.20569999516010284
YNR003C,YIL077C,0,-4.716344,0.08492663502693176,0.19099999964237213,0.20579999685287476
YLL013C,YPL006W,0,-4.716473,0.08488889038562775,0.19099999964237213,0.20589999854564667
YFL004W,YLR240W,1,-4.717015,0.0852954238653183,0.19200000166893005,0.20589999854564667
YOR348C,YOL158C,0,-4.71719,0.08525755256414413,0.19200000166893005,0.20600000023841858
YBR205W,YNL328C,0,-4.7174864,0.08521970361471176,0.19200000166893005,0.2061000019311905
YDR028C,YGL014W,0,-4.717828,0.08518189936876297,0.19200000166893005,0.2062000036239624
YBL022C,YOR266W,0,-4.717891,0.08514412492513657,0.19200000166893005,0.20630000531673431
YDR115W,YMR201C,0,-4.7179003,0.08510638028383255,0.19200000166893005,0.20640000700950623
YLR107W,YNL309W,0,-4.7185574,0.08506867289543152,0.19200000166893005,0.20649999380111694
YCL039W,YDR004W,0,-4.718609,0.08503100275993347,0.19200000166893005,0.20659999549388885
YPL256C,YEL031W,0,-4.7193737,0.08499336242675781,0.19200000166893005,0.20669999718666077
YMR139W,YNR060W,0,-4.71984,0.08495575189590454,0.19200000166893005,0.20679999887943268
YCR072C,YNL311C,0,-4.7203894,0.08491817861795425,0.19200000166893005,0.2069000005722046
YDL185W,YPL045W,1,-4.720452,0.08532272279262543,0.19300000369548798,0.2069000005722046
YGL089C,YKL089W,0,-4.720834,0.08528502285480499,0.19300000369548798,0.2070000022649765
YPL177C,YDR106W,0,-4.720977,0.08524735271930695,0.19300000369548798,0.2071000039577484
YBL023C,YLR467W,0,-4.721008,0.08520971238613129,0.19300000369548798,0.20720000565052032
YDR495C,YKL051W,1,-4.721342,0.08561341464519501,0.1940000057220459,0.20720000565052032
YOR185C,YER171W,0,-4.721442,0.0855756476521492,0.1940000057220459,0.20730000734329224
YBL090W,YHR055C,0,-4.721725,0.08553791791200638,0.1940000057220459,0.20739999413490295
YPL063W,YCR067C,0,-4.722564,0.08550021797418594,0.1940000057220459,0.20749999582767487
YPL234C,YFR019W,1,-4.7227345,0.08590308576822281,0.19499999284744263,0.20749999582767487
YBR175W,YOR344C,0,-4.7231007,0.08586525917053223,0.19499999284744263,0.20759999752044678
YHR070W,YBR058C-A,0,-4.7231374,0.08582746237516403,0.19499999284744263,0.2076999992132187
YKR048C,YFR029W,0,-4.726196,0.08578970283269882,0.19499999284744263,0.2078000009059906
YBL013W,YAL053W,0,-4.726625,0.0857519805431366,0.19499999284744263,0.2079000025987625
YHR006W,YFR053C,0,-4.7268524,0.08571428805589676,0.19499999284744263,0.20800000429153442
YGR120C,YMR061W,0,-4.7268605,0.08567662537097931,0.19499999284744263,0.20810000598430634
YBL045C,YDR009W,0,-4.727538,0.08563899993896484,0.19499999284744263,0.20819999277591705
YOR328W,YDR135C,0,-4.727643,0.08560140430927277,0.19499999284744263,0.20829999446868896
YIL061C,YJL222W,0,-4.7276516,0.08556384593248367,0.19499999284744263,0.20839999616146088
YBL084C,YDR252W,0,-4.7278404,0.08552631735801697,0.19499999284744263,0.2084999978542328
YDR228C,YNR057C,0,-4.728414,0.08548881858587265,0.19499999284744263,0.2085999995470047
YNR015W,YNL147W,0,-4.7285557,0.08545135706663132,0.19499999284744263,0.2087000012397766
YPR138C,YHR086W,0,-4.728607,0.08541392534971237,0.19499999284744263,0.20880000293254852
YGL232W,YCL008C,0,-4.728755,0.08537653088569641,0.19499999284744263,0.20890000462532043
YML027W,YML077W,0,-4.729102,0.08533916622400284,0.19499999284744263,0.20900000631809235
YPL268W,YGR020C,1,-4.729788,0.08573928475379944,0.19599999487400055,0.20900000631809235
YNR019W,YKL204W,0,-4.7304373,0.08570179343223572,0.19599999487400055,0.20909999310970306
YJR059W,YML132W,0,-4.7304506,0.08566433936357498,0.19599999487400055,0.20919999480247498
YML132W,YIL139C,0,-4.7305846,0.08562690764665604,0.19599999487400055,0.2092999964952469
YDR459C,YBR247C,0,-4.7310185,0.08558952063322067,0.19599999487400055,0.2093999981880188
YDR214W,YLR207W,0,-4.7313385,0.0855521634221077,0.19599999487400055,0.2094999998807907
YFL058W,YMR280C,0,-4.731394,0.08551483601331711,0.19599999487400055,0.20960000157356262
YBL013W,YNL329C,0,-4.7315006,0.08547753840684891,0.19599999487400055,0.20970000326633453
YNR053C,YER017C,0,-4.7320404,0.08544027805328369,0.19599999487400055,0.20980000495910645
YNL113W,YKL079W,0,-4.7320795,0.08540304750204086,0.19599999487400055,0.20990000665187836
YEL020W-A,YKL064W,0,-4.7322397,0.08536585420370102,0.19599999487400055,0.20999999344348907
YHR167W,YOR048C,0,-4.732271,0.08532869070768356,0.19599999487400055,0.210099995136261
YNL278W,YIL154C,0,-4.7323675,0.0852915570139885,0.19599999487400055,0.2101999968290329
YEL065W,YLL013C,0,-4.7324076,0.08525446057319641,0.19599999487400055,0.2102999985218048
YFL010W-A,YMR184W,0,-4.7324796,0.08521739393472672,0.19599999487400055,0.21040000021457672
YKR095W,YDL175C,0,-4.7334256,0.0851803570985794,0.19599999487400055,0.21050000190734863
YGR013W,YGL246C,0,-4.7341986,0.08514335006475449,0.19599999487400055,0.21060000360012054
YPL161C,YER106W,0,-4.734466,0.08510638028383255,0.19599999487400055,0.21070000529289246
YOR243C,YMR055C,0,-4.7351837,0.0850694477558136,0.19599999487400055,0.21080000698566437
YPL176C,YER041W,0,-4.735705,0.08503253757953644,0.19599999487400055,0.21089999377727509
YPL156C,YBR058C-A,0,-4.7363605,0.08499566465616226,0.19599999487400055,0.210999995470047
YDR093W,YBR195C,0,-4.736372,0.08495882153511047,0.19599999487400055,0.2110999971628189
YFL056C,YOR346W,0,-4.736405,0.08492200821638107,0.19599999487400055,0.21119999885559082
YKL130C,YBR093C,0,-4.737118,0.08488523215055466,0.19599999487400055,0.21130000054836273
YML132W,YGR296W,0,-4.7382293,0.08484848588705063,0.19599999487400055,0.21140000224113464
YLR172C,YFR031C,0,-4.739083,0.08481176942586899,0.19599999487400055,0.21150000393390656
YAL025C,YOR011W,0,-4.7401724,0.08477509021759033,0.19599999487400055,0.21160000562667847
YBR145W,YER190W,0,-4.7403007,0.08473843336105347,0.19599999487400055,0.21170000731945038
YNL225C,YHR066W,0,-4.740488,0.08470181375741959,0.19599999487400055,0.2117999941110611
YPL240C,YDR160W,0,-4.740619,0.0846652239561081,0.19599999487400055,0.211899995803833
YJR118C,YDR130C,0,-4.7409325,0.08462867140769958,0.19599999487400055,0.21199999749660492
YNL311C,YBL071W-A,0,-4.74094,0.08459214866161346,0.19599999487400055,0.21209999918937683
YOL039W,YHR023W,0,-4.741024,0.08455564826726913,0.19599999487400055,0.21220000088214874
YGL153W,YHL002W,0,-4.741316,0.08451919257640839,0.19599999487400055,0.21230000257492065
YHR027C,YOR341W,0,-4.741754,0.08448275923728943,0.19599999487400055,0.21240000426769257
YMR112C,YBR112C,0,-4.742426,0.08444635570049286,0.19599999487400055,0.21250000596046448
YJR094C,YLL019C,0,-4.742607,0.08440998941659927,0.19599999487400055,0.2125999927520752
YJL025W,YML011C,0,-4.742628,0.08437365293502808,0.19599999487400055,0.2126999944448471
YDL081C,YPL051W,0,-4.7426624,0.08433734625577927,0.19599999487400055,0.21279999613761902
YDR422C,YCR026C,0,-4.743099,0.08430107682943344,0.19599999487400055,0.21289999783039093
YOR326W,YOR068C,1,-4.743292,0.0846947580575943,0.19699999690055847,0.21289999783039093
YPL217C,YJR057W,0,-4.7433643,0.08465836197137833,0.19699999690055847,0.21299999952316284
YER107C,YFL057C,0,-4.743911,0.08462199568748474,0.19699999690055847,0.21310000121593475
YIR033W,YIL009W,0,-4.74397,0.08458565920591354,0.19699999690055847,0.21320000290870667
YGL133W,YER171W,0,-4.7445755,0.08454935252666473,0.19699999690055847,0.21330000460147858
YJR153W,YOR349W,0,-4.745138,0.08451308310031891,0.19699999690055847,0.2134000062942505
YER174C,YPL176C,0,-4.74529,0.08447684347629547,0.19699999690055847,0.2134999930858612
YMR125W,YFL059W,0,-4.7456594,0.08444063365459442,0.19699999690055847,0.21359999477863312
YJR137C,YDL013W,0,-4.7462835,0.08440445363521576,0.19699999690055847,0.21369999647140503
YCR020W-B,YDR106W,0,-4.7465363,0.08436831086874008,0.19699999690055847,0.21379999816417694
YOR362C,YLR165C,0,-4.7466354,0.0843321904540062,0.19699999690055847,0.21389999985694885
YMR197C,YOR326W,1,-4.7466497,0.08472400158643723,0.1979999989271164,0.21389999985694885
YIL160C,YLR214W,0,-4.746652,0.08468776941299438,0.1979999989271164,0.21400000154972076
YKL191W,YBR049C,0,-4.7468944,0.08465155959129333,0.1979999989271164,0.21410000324249268
YHR007C,YLR277C,0,-4.746968,0.08461538702249527,0.1979999989271164,0.2142000049352646
YDL126C,YER070W,0,-4.7470646,0.084579236805439,0.1979999989271164,0.2143000066280365
YMR022W,YPL176C,0,-4.747072,0.0845431238412857,0.1979999989271164,0.21439999341964722
YDR023W,YOL091W,0,-4.747569,0.0845070406794548,0.1979999989271164,0.21449999511241913
YDR460W,YHR089C,0,-4.748317,0.08447098731994629,0.1979999989271164,0.21459999680519104
YCL038C,YKL146W,0,-4.748357,0.08443497121334076,0.1979999989271164,0.21469999849796295
YLL018C-A,YMR238W,0,-4.7484474,0.08439897745847702,0.1979999989271164,0.21480000019073486
YBL057C,YBR158W,0,-4.7484884,0.08436301350593567,0.1979999989271164,0.21490000188350677
YGL067W,YIL053W,0,-4.748517,0.0843270868062973,0.1979999989271164,0.2150000035762787
YGL213C,YBR243C,0,-4.7488327,0.08429118990898132,0.1979999989271164,0.2151000052690506
YNL186W,YML107C,0,-4.748932,0.08425532281398773,0.1979999989271164,0.2152000069618225
YGR256W,YLR165C,0,-4.74899,0.08421947807073593,0.1979999989271164,0.21529999375343323
YOR160W,YKR086W,0,-4.7490835,0.08418367058038712,0.1979999989271164,0.21539999544620514
YOR332W,YDL077C,1,-4.749172,0.08457288891077042,0.19900000095367432,0.21539999544620514
YEL032W,YDR300C,0,-4.7493563,0.08453695476055145,0.19900000095367432,0.21549999713897705
YOL039W,YLR357W,0,-4.7493877,0.08450105786323547,0.19900000095367432,0.21559999883174896
YLR052W,YAL003W,0,-4.7500186,0.08446519821882248,0.19900000095367432,0.21570000052452087
YML047C,YDR002W,0,-4.750277,0.08442936092615128,0.19900000095367432,0.21580000221729279
YER177W,YNR075W,0,-4.750312,0.08439355343580246,0.19900000095367432,0.2159000039100647
YNL230C,YPL043W,0,-4.7504635,0.08435777574777603,0.19900000095367432,0.2160000056028366
YNL328C,YDR346C,0,-4.7506733,0.08432203531265259,0.19900000095367432,0.21610000729560852
YIL008W,YLR205C,0,-4.750723,0.08428631722927094,0.19900000095367432,0.21619999408721924
YGL247W,YOL020W,0,-4.7513056,0.08425063639879227,0.19900000095367432,0.21629999577999115
YDR263C,YOR144C,0,-4.7523804,0.08421497792005539,0.19900000095367432,0.21639999747276306
YPL256C,YDR138W,0,-4.752618,0.0841793566942215,0.19900000095367432,0.21649999916553497
YER074W-A,YKL048C,0,-4.7529793,0.08414376527070999,0.19900000095367432,0.21660000085830688
YHL040C,YGR267C,0,-4.7537246,0.08410819619894028,0.19900000095367432,0.2167000025510788
YLR386W,YHR174W,1,-4.7541075,0.08449514210224152,0.20000000298023224,0.2167000025510788
YHR158C,YDR508C,0,-4.754201,0.08445946127176285,0.20000000298023224,0.2168000042438507
YMR016C,YJR150C,0,-4.754261,0.08442381024360657,0.20000000298023224,0.21690000593662262
YNL310C,YDR227W,0,-4.75446,0.08438818901777267,0.20000000298023224,0.21699999272823334
YBR095C,YLR106C,0,-4.7550526,0.08435259014368057,0.20000000298023224,0.21709999442100525
YBR036C,YMR250W,0,-4.755672,0.08431702852249146,0.20000000298023224,0.21719999611377716
YLR313C,YLR081W,0,-4.756038,0.08428149670362473,0.20000000298023224,0.21729999780654907
YBL051C,YLL021W,0,-4.7561474,0.08424599468708038,0.20000000298023224,0.21739999949932098
YPR108W,YLR248W,0,-4.756263,0.08421052992343903,0.20000000298023224,0.2175000011920929
YIL126W,YGL089C,0,-4.7566752,0.08417508751153946,0.20000000298023224,0.2176000028848648
YDR093W,YBL051C,0,-4.75708,0.08413967490196228,0.20000000298023224,0.21770000457763672
YML112W,YDR523C,0,-4.7576447,0.08410429209470749,0.20000000298023224,0.21780000627040863
YOR162C,YDR219C,0,-4.757649,0.08406893908977509,0.20000000298023224,0.21789999306201935
YML123C,YMR162C,0,-4.7584195,0.08403361588716507,0.20000000298023224,0.21799999475479126
YBR233W-A,YIL159W,0,-4.7589784,0.08399832248687744,0.20000000298023224,0.21809999644756317
YOR351C,YOL013C,0,-4.759156,0.0839630588889122,0.20000000298023224,0.21819999814033508
YFL004W,YCL063W,1,-4.759381,0.08434746414422989,0.20100000500679016,0.21819999814033508
YCL034W,YHL038C,0,-4.7596602,0.0843120813369751,0.20100000500679016,0.218299999833107
YPL234C,YGL095C,1,-4.760425,0.08469601720571518,0.20200000703334808,0.218299999833107
YOL164W,YOR116C,0,-4.760458,0.08466052263975143,0.20200000703334808,0.2184000015258789
YPR173C,YBR008C,0,-4.7606597,0.08462505042552948,0.20200000703334808,0.21850000321865082
YNR019W,YGL043W,0,-4.760747,0.08458961546421051,0.20200000703334808,0.21860000491142273
YDL247W,YHR072W,0,-4.761046,0.08455421030521393,0.20200000703334808,0.21870000660419464
YIL008W,YPL138C,0,-4.761216,0.08451882749795914,0.20200000703334808,0.21879999339580536
YDR364C,YJL157C,0,-4.761416,0.08448348194360733,0.20200000703334808,0.21889999508857727
YBL018C,YGR211W,0,-4.761491,0.08444815874099731,0.20200000703334808,0.21899999678134918
YKL086W,YIL132C,0,-4.761995,0.08441287279129028,0.20200000703334808,0.2190999984741211
YDR017C,YOR326W,1,-4.7623453,0.08479531854391098,0.2029999941587448,0.2190999984741211
YPL156C,YNL053W,0,-4.7623487,0.0847599133849144,0.2029999941587448,0.219200000166893
YNL298W,YAL058W,0,-4.7628107,0.0847245380282402,0.2029999941587448,0.21930000185966492
YHL040C,YHR041C,0,-4.762912,0.0846891924738884,0.2029999941587448,0.21940000355243683
YER147C,YMR292W,0,-4.763234,0.08465387672185898,0.2029999941587448,0.21950000524520874
YIR021W,YDR252W,0,-4.7644796,0.08461859077215195,0.2029999941587448,0.21960000693798065
YOL094C,YJR009C,0,-4.765353,0.0845833346247673,0.2029999941587448,0.21969999372959137
YHR026W,YHR138C,1,-4.7654324,0.08496459573507309,0.20399999618530273,0.21969999372959137
YOR068C,YHR060W,1,-4.765981,0.0853455439209938,0.20499999821186066,0.21969999372959137
YDR013W,YMR246W,0,-4.766094,0.08531002700328827,0.20499999821186066,0.21979999542236328
YLR320W,YKL179C,0,-4.766524,0.08527453988790512,0.20499999821186066,0.2198999971151352
YDR398W,YBL034C,0,-4.7667766,0.08523908257484436,0.20499999821186066,0.2199999988079071
YEL017C-A,YLL061W,0,-4.767912,0.08520365506410599,0.20499999821186066,0.22010000050067902
YOR380W,YLR438C-A,0,-4.768647,0.08516825735569,0.20499999821186066,0.22020000219345093
YFL004W,YHR138C,1,-4.768963,0.08554816991090775,0.20600000023841858,0.22020000219345093
YHL019C,YDR073W,0,-4.769087,0.0855126604437828,0.20600000023841858,0.22030000388622284
YOR308C,YDR508C,0,-4.7696753,0.08547718077898026,0.20600000023841858,0.22040000557899475
YBL040C,YNL042W,0,-4.7697153,0.0854417234659195,0.20600000023841858,0.22050000727176666
YLR192C,YJL095W,0,-4.7701344,0.08540630340576172,0.20600000023841858,0.22059999406337738
YGL136C,YKL038W,0,-4.7705574,0.08537090569734573,0.20600000023841858,0.2206999957561493
YLR035C,YDR508C,0,-4.7706323,0.08533554524183273,0.20600000023841858,0.2207999974489212
YJR017C,YJL179W,0,-4.771245,0.08530020713806152,0.20600000023841858,0.22089999914169312
YFR019W,YBR127C,1,-4.7725186,0.08567880839109421,0.2070000022649765,0.22089999914169312
YPR054W,YMR106C,0,-4.7730465,0.08564335852861404,0.2070000022649765,0.22100000083446503
YDL185W,YCL063W,1,-4.7736664,0.08602150529623032,0.20800000429153442,0.22100000083446503
YNR053C,YML086C,0,-4.773784,0.0859859436750412,0.20800000429153442,0.22110000252723694
YJL214W,YGR048W,0,-4.7738314,0.08595041185617447,0.20800000429153442,0.22120000422000885
YDR320C,YML027W,0,-4.773903,0.08591490983963013,0.20800000429153442,0.22130000591278076
YHR061C,YJR009C,0,-4.773954,0.08587943762540817,0.20800000429153442,0.22139999270439148
YOL112W,YOR388C,0,-4.7741685,0.0858439952135086,0.20800000429153442,0.2214999943971634
YNL116W,YLR195C,0,-4.7743893,0.08580858260393143,0.20800000429153442,0.2215999960899353
YNL318C,YPL262W,0,-4.7749825,0.08577319234609604,0.20800000429153442,0.22169999778270721
YLL015W,YNL003C,0,-4.7760115,0.08573783934116364,0.20800000429153442,0.22179999947547913
YIL150C,YDR101C,0,-4.7762303,0.08570251613855362,0.20800000429153442,0.22190000116825104
YPL125W,YIL095W,0,-4.7762375,0.0856672152876854,0.20800000429153442,0.22200000286102295
YOL016C,YIL139C,0,-4.7766314,0.08563194423913956,0.20800000429153442,0.22210000455379486
YBR145W,YMR290C,0,-4.7769237,0.0855967104434967,0.20800000429153442,0.22220000624656677
YPR125W,YDR363W,0,-4.777356,0.08556149899959564,0.20800000429153442,0.2222999930381775
YBL032W,YLR301W,0,-4.777681,0.08552631735801697,0.20800000429153442,0.2223999947309494
YJL042W,YMR145C,0,-4.777978,0.08549116551876068,0.20800000429153442,0.2224999964237213
YDR411C,YLR207W,0,-4.7782145,0.08545603603124619,0.20800000429153442,0.22259999811649323
YDR306C,YPR067W,0,-4.778627,0.08542094379663467,0.20800000429153442,0.22269999980926514
YGL240W,YHR034C,0,-4.7787614,0.08538588136434555,0.20800000429153442,0.22280000150203705
YDL185W,YLR240W,1,-4.7794514,0.0857611820101738,0.20900000631809235,0.22280000150203705
YJL035C,YPL012W,0,-4.779994,0.08572600781917572,0.20900000631809235,0.22290000319480896
YLR396C,YPL234C,1,-4.7801237,0.08610086143016815,0.20999999344348907,0.22290000319480896
YBR162C,YAL015C,0,-4.7818346,0.08606557548046112,0.20999999344348907,0.22300000488758087
YGL255W,YDR470C,0,-4.781991,0.08603031188249588,0.20999999344348907,0.22310000658035278
YJR031C,YPR176C,0,-4.7823334,0.08599508553743362,0.20999999344348907,0.2231999933719635
YLR376C,YGL227W,0,-4.7832823,0.08595988899469376,0.20999999344348907,0.2232999950647354
YIL023C,YBL071W-A,0,-4.7835026,0.08592471480369568,0.20999999344348907,0.22339999675750732
YOR136W,YPR002W,0,-4.7836356,0.08588957041501999,0.20999999344348907,0.22349999845027924
YER074W-A,YGL120C,0,-4.7841225,0.08585445582866669,0.20999999344348907,0.22360000014305115
YOR080W,YHR089C,0,-4.784192,0.08581937104463577,0.20999999344348907,0.22370000183582306
YNL131W,YDR252W,0,-4.784232,0.08578431606292725,0.20999999344348907,0.22380000352859497
YDR377W,YKL012W,0,-4.784254,0.08574928343296051,0.20999999344348907,0.22390000522136688
YOL164W,YIL079C,0,-4.784742,0.08571428805589676,0.20999999344348907,0.2240000069141388
YDL069C,YDR464W,0,-4.7855964,0.0856793150305748,0.20999999344348907,0.2240999937057495
YDR460W,YLR451W,0,-4.785907,0.08564437180757523,0.20999999344348907,0.22419999539852142
YBR006W,YDR176W,0,-4.786174,0.08560945838689804,0.20999999344348907,0.22429999709129333
YLR197W,YER052C,0,-4.786488,0.08557457476854324,0.20999999344348907,0.22439999878406525
YOR056C,YDR130C,0,-4.7868667,0.08553971350193024,0.20999999344348907,0.22450000047683716
YDR142C,YJL106W,0,-4.7869415,0.08550488948822021,0.20999999344348907,0.22460000216960907
YDL017W,YBR058C-A,0,-4.787375,0.08547008782625198,0.20999999344348907,0.22470000386238098
YHR005C-A,YNL325C,0,-4.7876406,0.08543531596660614,0.20999999344348907,0.2248000055551529
YLR175W,YLR226W,0,-4.787937,0.08540056645870209,0.20999999344348907,0.2249000072479248
YCR089W,YIL023C,0,-4.7882004,0.08536585420370102,0.20999999344348907,0.22499999403953552
YDR202C,YBR109C,1,-4.788323,0.08573750406503677,0.210999995470047,0.22499999403953552
YGR038W,YCR034W,0,-4.7885547,0.08570268005132675,0.210999995470047,0.22509999573230743
YMR211W,YHR163W,0,-4.788808,0.08566788583993912,0.210999995470047,0.22519999742507935
YDR325W,YJL208C,0,-4.7895546,0.08563311398029327,0.210999995470047,0.22529999911785126
YDR022C,YGR086C,0,-4.789838,0.08559837937355042,0.210999995470047,0.22540000081062317
YKL212W,YER168C,0,-4.790354,0.08556366711854935,0.210999995470047,0.22550000250339508
YCL061C,YHR169W,0,-4.790704,0.08552898466587067,0.210999995470047,0.225600004196167
YOR373W,YBR084W,0,-4.790938,0.08549432456493378,0.210999995470047,0.2257000058889389
YGL104C,YBR198C,0,-4.7912145,0.08545970171689987,0.210999995470047,0.22579999268054962
YNL012W,YDR424C,0,-4.791334,0.08542510122060776,0.210999995470047,0.22589999437332153
YEL012W,YOR129C,0,-4.7918057,0.08539053052663803,0.210999995470047,0.22599999606609344
YDR270W,YDR435C,0,-4.7920766,0.08535598963499069,0.210999995470047,0.22609999775886536
YMR073C,YBL003C,0,-4.792103,0.08532147109508514,0.210999995470047,0.22619999945163727
YGL255W,YNL133C,0,-4.792119,0.08528698235750198,0.210999995470047,0.22630000114440918
YLR214W,YJR035W,0,-4.7929325,0.08525252342224121,0.210999995470047,0.2264000028371811
YFR034C,YDR247W,0,-4.792948,0.08521809428930283,0.210999995470047,0.226500004529953
YIR023W,YCL001W,0,-4.79426,0.08518368750810623,0.210999995470047,0.22660000622272491
YER172C,YPL266W,0,-4.7948008,0.08514931052923203,0.210999995470047,0.22669999301433563
YJL076W,YIL052C,0,-4.7952433,0.0851149633526802,0.210999995470047,0.22679999470710754
YPR016C,YOL158C,0,-4.795739,0.08508064597845078,0.210999995470047,0.22689999639987946
YEL065W,YBL106C,0,-4.796685,0.08504635095596313,0.210999995470047,0.22699999809265137
YGR248W,YCR020C-A,0,-4.797127,0.08501208573579788,0.210999995470047,0.22709999978542328
YNL121C,YDR227W,0,-4.7972226,0.08497785031795502,0.210999995470047,0.2272000014781952
YOR126C,YEL069C,0,-4.7977443,0.08494363725185394,0.210999995470047,0.2273000031709671
YBL017C,YJR078W,0,-4.797965,0.08490945398807526,0.210999995470047,0.227400004863739
YOR020C,YDR369C,0,-4.798691,0.08487530052661896,0.210999995470047,0.22750000655651093
YDR236C,YDR523C,0,-4.7992525,0.08484117686748505,0.210999995470047,0.22759999334812164
YMR234W,YLR318W,0,-4.7993345,0.08480707556009293,0.210999995470047,0.22769999504089355
YPL060W,YBR105C,0,-4.799572,0.0847730040550232,0.210999995470047,0.22779999673366547
YMR267W,YPR030W,0,-4.8002577,0.08473895490169525,0.210999995470047,0.22789999842643738
YDR283C,YKL125W,0,-4.8004837,0.0847049355506897,0.210999995470047,0.2280000001192093
YGL238W,YIL167W,0,-4.801383,0.08467094600200653,0.210999995470047,0.2281000018119812
YMR128W,YDL108W,0,-4.8013945,0.08463698625564575,0.210999995470047,0.2282000035047531
YNR058W,YDL060W,0,-4.8015184,0.08460304886102676,0.210999995470047,0.22830000519752502
YOR028C,YEL041W,0,-4.801525,0.08456914126873016,0.210999995470047,0.22840000689029694
YER019W,YMR004W,0,-4.801631,0.08453525602817535,0.210999995470047,0.22849999368190765
YDR322C-A,YCR034W,0,-4.802492,0.08450140058994293,0.210999995470047,0.22859999537467957
YPR070W,YOL097C,0,-4.802663,0.0844675749540329,0.210999995470047,0.22869999706745148
YNL079C,YNL015W,1,-4.8031616,0.08483393490314484,0.21199999749660492,0.22869999706745148
YDR163W,YCR091W,0,-4.804282,0.08479999750852585,0.21199999749660492,0.2287999987602234
YDL080C,YLR106C,0,-4.8047523,0.08476608991622925,0.21199999749660492,0.2289000004529953
YMR032W,YKL139W,0,-4.8047676,0.08473221212625504,0.21199999749660492,0.2290000021457672
YBR058C-A,YNL220W,0,-4.8052874,0.08469836413860321,0.21199999749660492,0.22910000383853912
YDL198C,YHR099W,0,-4.8053613,0.08466453850269318,0.21199999749660492,0.22920000553131104
YOL016C,YLR424W,0,-4.80602,0.08463073521852493,0.21199999749660492,0.22930000722408295
YPR132W,YOR207C,0,-4.8061457,0.08459696918725967,0.21199999749660492,0.22939999401569366
YNL304W,YHR041C,0,-4.8063555,0.0845632255077362,0.21199999749660492,0.22949999570846558
YFL018C,YDL178W,0,-4.806679,0.08452950417995453,0.21199999749660492,0.2295999974012375
YNL036W,YIL129C,0,-4.8069353,0.08449581265449524,0.21199999749660492,0.2296999990940094
YGR157W,YOR132W,0,-4.807017,0.08446215093135834,0.21199999749660492,0.2298000007867813
YKR061W,YLR033W,0,-4.8073483,0.08442851155996323,0.21199999749660492,0.22990000247955322
YHR086W,YOL158C,0,-4.807353,0.0843949019908905,0.21199999749660492,0.23000000417232513
YGR280C,YLR182W,0,-4.807539,0.08436132222414017,0.21199999749660492,0.23010000586509705
YFR030W,YER002W,0,-4.807836,0.08432776480913162,0.21199999749660492,0.23019999265670776
YLR052W,YDR341C,0,-4.808075,0.08429423719644547,0.21199999749660492,0.23029999434947968
YDR079C-A,YDR224C,0,-4.8081975,0.0842607319355011,0.21199999749660492,0.2303999960422516
YBR250W,YOR133W,0,-4.8088017,0.08422725647687912,0.21199999749660492,0.2304999977350235
YGL210W,YOR351C,0,-4.808911,0.08419380336999893,0.21199999749660492,0.2305999994277954
YMR224C,YDR254W,0,-4.809272,0.08416038006544113,0.21199999749660492,0.23070000112056732
YBL013W,YCR034W,0,-4.809287,0.08412698656320572,0.21199999749660492,0.23080000281333923
YBL008W,YDR523C,0,-4.80972,0.0840936154127121,0.21199999749660492,0.23090000450611115
YOR326W,YLR148W,1,-4.810185,0.08445677906274796,0.21299999952316284,0.23090000450611115
YOL156W,YMR239C,0,-4.811166,0.08442330360412598,0.21299999952316284,0.23100000619888306
YOR243C,YBR217W,0,-4.811255,0.08438985794782639,0.21299999952316284,0.23109999299049377
YBR030W,YMR199W,0,-4.811797,0.08435643464326859,0.21299999952316284,0.23119999468326569
YGR009C,YNL333W,0,-4.812066,0.08432304114103317,0.21299999952316284,0.2312999963760376
YDR214W,YGL227W,0,-4.812216,0.08428966999053955,0.21299999952316284,0.2313999980688095
YPL221W,YHR042W,0,-4.812576,0.08425632864236832,0.21299999952316284,0.23149999976158142
YDR495C,YBR109C,1,-4.8125854,0.08461842685937881,0.21400000154972076,0.23149999976158142
YDR483W,YOL082W,0,-4.8130684,0.08458498120307922,0.21400000154972076,0.23160000145435333
YDL224C,YDR101C,0,-4.8132315,0.08455155789852142,0.21400000154972076,0.23170000314712524
YBR289W,YPL051W,0,-4.81329,0.08451816439628601,0.21400000154972076,0.23180000483989716
YHR116W,YOL011W,0,-4.813367,0.08448480069637299,0.21400000154972076,0.23190000653266907
YJL011C,YIL084C,0,-4.813383,0.08445145934820175,0.21400000154972076,0.23199999332427979
YDR182W,YJR028W,0,-4.814147,0.0844181478023529,0.21400000154972076,0.2320999950170517
YMR167W,YGL171W,0,-4.8144054,0.08438485860824585,0.21400000154972076,0.2321999967098236
YBL078C,YCL069W,0,-4.815195,0.08435159921646118,0.21400000154972076,0.23229999840259552
YNL317W,YJL191W,0,-4.815421,0.0843183621764183,0.21400000154972076,0.23240000009536743
YPR179C,YOR162C,0,-4.8154325,0.08428515493869781,0.21400000154972076,0.23250000178813934
YFL059W,YLR005W,0,-4.8157578,0.08425197005271912,0.21400000154972076,0.23260000348091125
YLR013W,YPR105C,0,-4.8157644,0.0842188149690628,0.21400000154972076,0.23270000517368317
YPL033C,YJL059W,0,-4.8162603,0.08418568223714828,0.21400000154972076,0.23280000686645508
YNL275W,YGR059W,0,-4.8166122,0.08415257930755615,0.21400000154972076,0.2328999936580658
YLR435W,YMR052W,0,-4.817595,0.08411949872970581,0.21400000154972076,0.2329999953508377
YHR067W,YNL302C,0,-4.817744,0.08408644050359726,0.21400000154972076,0.23309999704360962
YLR086W,YOL144W,0,-4.8179455,0.0840534195303917,0.21400000154972076,0.23319999873638153
YCR089W,YKL129C,0,-4.818206,0.08402041345834732,0.21400000154972076,0.23330000042915344
YDR198C,YHR053C,0,-4.818399,0.08398744463920593,0.21400000154972076,0.23340000212192535
YDR461W,YGL122C,0,-4.8192105,0.08395449072122574,0.21400000154972076,0.23350000381469727
YOR371C,YML005W,0,-4.8194447,0.08392156660556793,0.21400000154972076,0.23360000550746918
YPR124W,YDR492W,0,-4.819704,0.08388867229223251,0.21400000154972076,0.2337000072002411
YML043C,YOR063W,0,-4.819825,0.08385580033063889,0.21400000154972076,0.2337999939918518
YDR317W,YHL019C,0,-4.819891,0.08382295072078705,0.21400000154972076,0.23389999568462372
YGL241W,YCL032W,0,-4.820665,0.0837901309132576,0.21400000154972076,0.23399999737739563
YHR167W,YOL020W,0,-4.8209724,0.08375734090805054,0.21400000154972076,0.23409999907016754
YIR019C,YGL246C,0,-4.821085,0.08372457325458527,0.21400000154972076,0.23420000076293945
YMR237W,YBL003C,0,-4.8211403,0.08369182795286179,0.21400000154972076,0.23430000245571136
YCL055W,YPL010W,0,-4.8213396,0.0836591050028801,0.21400000154972076,0.23440000414848328
YDR268W,YGR028W,0,-4.8215513,0.08362641930580139,0.21400000154972076,0.2345000058412552
YER122C,YLR233C,0,-4.8215556,0.08359374850988388,0.21400000154972076,0.2345999926328659
YFR003C,YNL247W,0,-4.82209,0.08356110751628876,0.21400000154972076,0.23469999432563782
YDL028C,YOL005C,0,-4.822136,0.08352849632501602,0.21400000154972076,0.23479999601840973
YOR026W,YLR196W,0,-4.8223124,0.08349590003490448,0.21400000154972076,0.23489999771118164
YPL276W,YPL124W,0,-4.8225126,0.08346334099769592,0.21400000154972076,0.23499999940395355
YNL286W,YDR224C,0,-4.8225536,0.08343079686164856,0.21400000154972076,0.23510000109672546
YGR029W,YPL209C,0,-4.823408,0.08339828252792358,0.21400000154972076,0.23520000278949738
YCL001W,YBR133C,0,-4.823538,0.083365797996521,0.21400000154972076,0.2353000044822693
YDR202C,YDL077C,1,-4.8235383,0.08372274041175842,0.2150000035762787,0.2353000044822693
YPR095C,YDR062W,0,-4.823988,0.08369015157222748,0.2150000035762787,0.2354000061750412
YNL070W,YDR039C,0,-4.824183,0.08365758508443832,0.2150000035762787,0.23549999296665192
YPL234C,YCL063W,1,-4.825105,0.08401400595903397,0.2160000056028366,0.23549999296665192
YDR217C,YCL026C-A,0,-4.8251505,0.08398133516311646,0.2160000056028366,0.23559999465942383
YGR118W,YGR227W,0,-4.82559,0.08394870162010193,0.2160000056028366,0.23569999635219574
YGR089W,YLR277C,0,-4.8256607,0.0839160829782486,0.2160000056028366,0.23579999804496765
YPL042C,YDL232W,0,-4.825906,0.08388349413871765,0.2160000056028366,0.23589999973773956
YDR508C,YOL125W,0,-4.8260903,0.0838509351015091,0.2160000056028366,0.23600000143051147
YER042W,YDR425W,0,-4.826334,0.08381839096546173,0.2160000056028366,0.2361000031232834
YKL032C,YDR060W,0,-4.826587,0.08378588408231735,0.2160000056028366,0.2362000048160553
YPR168W,YMR220W,0,-4.828187,0.08375339210033417,0.2160000056028366,0.2363000065088272
YJL157C,YBR279W,0,-4.8281937,0.08372092992067337,0.2160000056028366,0.23639999330043793
YGL175C,YGL236C,0,-4.8282404,0.08368849009275436,0.2160000056028366,0.23649999499320984
YMR267W,YFR008W,0,-4.828533,0.08365608006715775,0.2160000056028366,0.23659999668598175
YLR097C,YLR115W,0,-4.828986,0.08362369239330292,0.2160000056028366,0.23669999837875366
YDL161W,YGR085C,0,-4.829117,0.08359133452177048,0.2160000056028366,0.23680000007152557
YBR009C,YOR078W,0,-4.8299503,0.08355899155139923,0.2160000056028366,0.23690000176429749
YDR147W,YCR098C,0,-4.8299675,0.08352668583393097,0.2160000056028366,0.2370000034570694
YGL075C,YPL135W,0,-4.830467,0.0834943950176239,0.2160000056028366,0.2371000051498413
YPR095C,YOR043W,0,-4.8305006,0.08346213400363922,0.2160000056028366,0.23720000684261322
YNL210W,YDR378C,0,-4.8309937,0.08342989534139633,0.2160000056028366,0.23729999363422394
YDR055W,YOR043W,0,-4.83107,0.08339768648147583,0.2160000056028366,0.23739999532699585
YDL077C,YPL045W,1,-4.83115,0.08375144749879837,0.21699999272823334,0.23739999532699585
YKR024C,YLR205C,0,-4.8311934,0.08371913433074951,0.21699999272823334,0.23749999701976776
YOR212W,YDR078C,0,-4.831513,0.08368685096502304,0.21699999272823334,0.23759999871253967
YNL283C,YGR059W,0,-4.8320007,0.08365458995103836,0.21699999272823334,0.23770000040531158
YNR019W,YDR211W,0,-4.832157,0.08362235128879547,0.21699999272823334,0.2378000020980835
YBL099W,YLR425W,0,-4.832384,0.08359013497829437,0.21699999272823334,0.2379000037908554
YDL147W,YNL328C,0,-4.8329744,0.08355794847011566,0.21699999272823334,0.23800000548362732
YBL057C,YDR346C,0,-4.833066,0.08352579176425934,0.21699999272823334,0.23810000717639923
YMR273C,YHL047C,0,-4.833382,0.08349364995956421,0.21699999272823334,0.23819999396800995
YDR146C,YDL194W,0,-4.8335986,0.08346153795719147,0.21699999272823334,0.23829999566078186
YGR094W,YKR083C,0,-4.8337626,0.08342944830656052,0.21699999272823334,0.23839999735355377
YFL011W,YER042W,0,-4.833931,0.08339738845825195,0.21699999272823334,0.23849999904632568
YLR382C,YBL011W,0,-4.8343954,0.08336535096168518,0.21699999272823334,0.2386000007390976
YNL304W,YHR154W,0,-4.834845,0.0833333358168602,0.21699999272823334,0.2387000024318695
YDR255C,YFL011W,0,-4.83512,0.08330134302377701,0.21699999272823334,0.23880000412464142
YLR268W,YGR075C,0,-4.8351707,0.0832693800330162,0.21699999272823334,0.23890000581741333
YOR310C,YLR228C,0,-4.8352947,0.08323743939399719,0.21699999272823334,0.23899999260902405
YJR118C,YOR330C,0,-4.835527,0.08320552110671997,0.21699999272823334,0.23909999430179596
YDR097C,YDR176W,0,-4.8360853,0.08317363262176514,0.21699999272823334,0.23919999599456787
YBR004C,YOR340C,0,-4.836301,0.0831417590379715,0.21699999272823334,0.23929999768733978
YGR080W,YGR075C,0,-4.8364525,0.08310992270708084,0.21699999272823334,0.2393999993801117
YKL134C,YOR020C,0,-4.836595,0.08307810127735138,0.21699999272823334,0.2395000010728836
YGL115W,YOL077W-A,0,-4.8368583,0.0830463096499443,0.21699999272823334,0.23960000276565552
YOR274W,YNL031C,0,-4.8369436,0.08301454037427902,0.21699999272823334,0.23970000445842743
YFR037C,YPL082C,0,-4.8372164,0.08298279345035553,0.21699999272823334,0.23980000615119934
YBR058C-A,YOL042W,0,-4.837239,0.08295106887817383,0.21699999272823334,0.23989999294281006
YMR208W,YAL058W,0,-4.8372593,0.08291937410831451,0.21699999272823334,0.23999999463558197
YOL016C,YNL287W,0,-4.837619,0.08288770169019699,0.21699999272823334,0.24009999632835388
YDL175C,YLR102C,0,-4.8378344,0.08285605162382126,0.21699999272823334,0.2401999980211258
YFL021W,YER012W,0,-4.83794,0.08282442390918732,0.21699999272823334,0.2402999997138977
YDR055W,YBL015W,0,-4.8379745,0.08279282599687576,0.21699999272823334,0.24040000140666962
YMR238W,YBR290W,0,-4.838299,0.082761250436306,0.21699999272823334,0.24050000309944153
YFR019W,YCL063W,1,-4.8383627,0.08311094343662262,0.21799999475479126,0.24050000309944153
YPL082C,YPL258C,0,-4.8384247,0.0830792710185051,0.21799999475479126,0.24060000479221344
YGR175C,YLR449W,0,-4.8384843,0.08304762095212936,0.21799999475479126,0.24070000648498535
YOR297C,YDR490C,0,-4.839071,0.08301599323749542,0.21799999475479126,0.24079999327659607
YJL061W,YDL209C,0,-4.8397923,0.08298439532518387,0.21799999475479126,0.24089999496936798
YLR067C,YGL028C,0,-4.8406434,0.08295281231403351,0.21799999475479126,0.2409999966621399
YDR176W,YLR467W,0,-4.841276,0.08292126655578613,0.21799999475479126,0.2410999983549118
YGR171C,YHL002W,0,-4.841302,0.08288973569869995,0.21799999475479126,0.24120000004768372
YGR123C,YER155C,0,-4.8426285,0.08285822719335556,0.21799999475479126,0.24130000174045563
YMR013C,YGR281W,0,-4.8436356,0.08282674849033356,0.21799999475479126,0.24140000343322754
YPR179C,YPL176C,0,-4.8436513,0.08279529213905334,0.21799999475479126,0.24150000512599945
YNR034W,YEL036C,0,-4.8436747,0.08276385813951492,0.21799999475479126,0.24160000681877136
YGR041W,YKR031C,0,-4.8440504,0.08273244649171829,0.21799999475479126,0.24169999361038208
YBL085W,YOR353C,0,-4.844247,0.08270106464624405,0.21799999475479126,0.241799995303154
YEL022W,YBL016W,0,-4.8442492,0.082669697701931,0.21799999475479126,0.2418999969959259
YDR205W,YKL055C,0,-4.844506,0.08263836055994034,0.21799999475479126,0.24199999868869781
YMR016C,YHR023W,0,-4.8448615,0.08260704576969147,0.21799999475479126,0.24210000038146973
YNL272C,YDR296W,0,-4.845113,0.08257576078176498,0.21799999475479126,0.24220000207424164
YDR017C,YDL077C,1,-4.845133,0.08292313665151596,0.21899999678134918,0.24220000207424164
YBL084C,YPL178W,0,-4.84521,0.08289174735546112,0.21899999678134918,0.24230000376701355
YML043C,YBR133C,0,-4.845233,0.08286038786172867,0.21899999678134918,0.24240000545978546
YJL156C,YPL127C,0,-4.8453045,0.08282904326915741,0.21899999678134918,0.24250000715255737
YIL009C-A,YBR244W,0,-4.8453875,0.08279772847890854,0.21899999678134918,0.2425999939441681
YAL011W,YIL046W,0,-4.8455944,0.08276644349098206,0.21899999678134918,0.24269999563694
YDR495C,YGR020C,1,-4.8465624,0.08311295509338379,0.2199999988079071,0.24269999563694
YHR034C,YBR026C,0,-4.846768,0.08308157324790955,0.2199999988079071,0.24279999732971191
YAL001C,YMR280C,0,-4.847778,0.0830502063035965,0.2199999988079071,0.24289999902248383
YKL099C,YGR296W,0,-4.84778,0.08301886916160583,0.2199999988079071,0.24300000071525574
YJR118C,YER168C,0,-4.8479967,0.08298755437135696,0.2199999988079071,0.24310000240802765
YBR095C,YOL010W,0,-4.848039,0.08295626193284988,0.2199999988079071,0.24320000410079956
YNL246W,YOR147W,0,-4.849363,0.0829249918460846,0.2199999988079071,0.24330000579357147
YJR083C,YHR089C,0,-4.8497496,0.0828937441110611,0.2199999988079071,0.2433999925851822
YGL087C,YLL013C,0,-4.8503475,0.08286252617835999,0.2199999988079071,0.2434999942779541
YDL060W,YPR065W,0,-4.8504725,0.08283132314682007,0.2199999988079071,0.243599995970726
YNL030W,YOR281C,0,-4.8506346,0.08280014991760254,0.2199999988079071,0.24369999766349792
YCR107W,YPR140W,0,-4.8507714,0.0827689990401268,0.2199999988079071,0.24379999935626984
YPR010C,YFL025C,0,-4.850825,0.08273787051439285,0.2199999988079071,0.24390000104904175
YGR092W,YKR036C,0,-4.8510733,0.0827067643404007,0.2199999988079071,0.24400000274181366
YOR243C,YOR011W,0,-4.8513927,0.08267568796873093,0.2199999988079071,0.24410000443458557
YER146W,YIR033W,0,-4.851468,0.08264462649822235,0.2199999988079071,0.24420000612735748
YML016C,YPL253C,0,-4.851959,0.08261359483003616,0.2199999988079071,0.2442999929189682
YDR318W,YKL213C,0,-4.852061,0.08258258551359177,0.2199999988079071,0.2443999946117401
YOR340C,YKL173W,0,-4.8522463,0.08255159109830856,0.2199999988079071,0.24449999630451202
YOR349W,YDR137W,0,-4.8523693,0.08252062648534775,0.2199999988079071,0.24459999799728394
YDL043C,YCL044C,0,-4.852736,0.08248969167470932,0.2199999988079071,0.24469999969005585
YDR270W,YNL044W,0,-4.8529406,0.08245877176523209,0.2199999988079071,0.24480000138282776
YLR453C,YEL029C,0,-4.8531284,0.08242787420749664,0.2199999988079071,0.24490000307559967
YPL085W,YPR030W,0,-4.853438,0.08239700645208359,0.2199999988079071,0.24500000476837158
YMR032W,YDR325W,0,-4.8537807,0.08236615359783173,0.2199999988079071,0.2451000064611435
YOR162C,YKL112W,0,-4.8544254,0.08233533054590225,0.2199999988079071,0.2451999932527542
YGR141W,YKR001C,0,-4.8545985,0.08230452984571457,0.2199999988079071,0.24529999494552612
YHR143W-A,YLR223C,0,-4.8548374,0.08227374404668808,0.2199999988079071,0.24539999663829803
YNL072W,YEL012W,0,-4.8551226,0.08224298804998398,0.2199999988079071,0.24549999833106995
YMR150C,YBR026C,0,-4.8555646,0.08221225440502167,0.2199999988079071,0.24560000002384186
YIL173W,YBR198C,0,-4.8568206,0.08218154311180115,0.2199999988079071,0.24570000171661377
YDL130W,YBR083W,0,-4.8569784,0.08215086162090302,0.2199999988079071,0.24580000340938568
YPR143W,YAL034W-A,0,-4.85715,0.08212019503116608,0.2199999988079071,0.2459000051021576
YHR120W,YDR184C,0,-4.8572626,0.08208955079317093,0.2199999988079071,0.2460000067949295
YHR099W,YKL068W,0,-4.8576827,0.08205893635749817,0.2199999988079071,0.24609999358654022
YOL039W,YIL009C-A,0,-4.857735,0.0820283368229866,0.2199999988079071,0.24619999527931213
YBL098W,YGL167C,0,-4.857938,0.08199776709079742,0.2199999988079071,0.24629999697208405
YKR090W,YNR074C,0,-4.858561,0.08196721225976944,0.2199999988079071,0.24639999866485596
YBR276C,YNL167C,0,-4.8586397,0.08193668723106384,0.2199999988079071,0.24650000035762787
YOR340C,YPL021W,0,-4.859295,0.08190617710351944,0.2199999988079071,0.24660000205039978
YOR120W,YIL124W,0,-4.859988,0.08187569677829742,0.2199999988079071,0.2467000037431717
YJL012C,YOR068C,1,-4.8600297,0.0822172611951828,0.22100000083446503,0.2467000037431717
YFL002C,YLR114C,0,-4.860036,0.08218668401241302,0.22100000083446503,0.2468000054359436
YKR054C,YGR281W,0,-4.8604736,0.08215613663196564,0.22100000083446503,0.24690000712871552
YGL171W,YDL244W,0,-4.8608174,0.08212560415267944,0.22100000083446503,0.24699999392032623
YDR346C,YOL012C,0,-4.8611536,0.08209509402513504,0.22100000083446503,0.24709999561309814
YIL119C,YJL098W,0,-4.861393,0.08206461369991302,0.22100000083446503,0.24719999730587006
YBL032W,YJL095W,0,-4.8614693,0.0820341482758522,0.22100000083446503,0.24729999899864197
YEL042W,YLR095C,0,-4.8620825,0.08200371265411377,0.22100000083446503,0.24740000069141388
YJL025W,YMR238W,0,-4.862142,0.08197329193353653,0.22100000083446503,0.2475000023841858
YGR089W,YJR089W,0,-4.862178,0.08194290101528168,0.22100000083446503,0.2476000040769577
YPL181W,YNR053C,0,-4.862206,0.08191252499818802,0.22100000083446503,0.24770000576972961
YPR179C,YDR358W,0,-4.8626375,0.08188217878341675,0.22100000083446503,0.24779999256134033
YBR095C,YKL201C,0,-4.8627806,0.08185185492038727,0.22100000083446503,0.24789999425411224
YJR021C,YJL092W,0,-4.8631053,0.08182154595851898,0.22100000083446503,0.24799999594688416
YDR225W,YGL043W,0,-4.863135,0.08179126679897308,0.22100000083446503,0.24809999763965607
YMR197C,YHR138C,1,-4.8633013,0.08213096857070923,0.22200000286102295,0.24809999763965607
YGR214W,YMR153W,0,-4.863983,0.08210059255361557,0.22200000286102295,0.24819999933242798
YGR140W,YER145C,0,-4.864067,0.0820702388882637,0.22200000286102295,0.2483000010251999
YPL231W,YPL006W,0,-4.864959,0.08203991502523422,0.22200000286102295,0.2484000027179718
YBL063W,YGL078C,0,-4.865211,0.08200960606336594,0.22200000286102295,0.2485000044107437
YLR134W,YJR063W,0,-4.8657284,0.08197931945323944,0.22200000286102295,0.24860000610351562
YCR018C,YOL158C,0,-4.8658743,0.08194905519485474,0.22200000286102295,0.24869999289512634
YCL033C,YNL167C,0,-4.865973,0.08191882073879242,0.22200000286102295,0.24879999458789825
YJR043C,YNL304W,0,-4.86599,0.0818886011838913,0.22200000286102295,0.24889999628067017
YER111C,YDL005C,0,-4.8660474,0.08185840398073196,0.22200000286102295,0.24899999797344208
YIL155C,YLR234W,0,-4.866602,0.08182823657989502,0.22200000286102295,0.249099999666214
YOR043W,YBR156C,0,-4.8666763,0.08179808408021927,0.22200000286102295,0.2492000013589859
YNL163C,YPL187W,0,-4.867284,0.08176795393228531,0.22200000286102295,0.2493000030517578
YGR103W,YNL262W,0,-4.8673162,0.08173784613609314,0.22200000286102295,0.24940000474452972
YLR386W,YPR036W,1,-4.86806,0.0820758193731308,0.22300000488758087,0.24940000474452972
YGL100W,YJL204C,0,-4.8686914,0.08204562216997147,0.22300000488758087,0.24950000643730164
YPR094W,YKL206C,0,-4.868763,0.08201544731855392,0.22300000488758087,0.24959999322891235
YBR058C-A,YEL062W,0,-4.868922,0.08198529481887817,0.22300000488758087,0.24969999492168427
YNL202W,YMR001C,0,-4.8690367,0.08195516467094421,0.22300000488758087,0.24979999661445618
YHR031C,YIL110W,0,-4.8690777,0.08192505687475204,0.22300000488758087,0.2498999983072281
YLR190W,YMR092C,0,-4.8692894,0.08189497143030167,0.22300000488758087,0.25
YGL240W,YGR169C,0,-4.869424,0.08186490088701248,0.22300000488758087,0.2500999867916107
YPL093W,YPL026C,0,-4.8699346,0.08183486014604568,0.22300000488758087,0.2502000033855438
YLL013C,YGR213C,0,-4.869947,0.08180484175682068,0.22300000488758087,0.25029999017715454
YHR166C,YHR204W,0,-4.870341,0.08177484571933746,0.22300000488758087,0.25040000677108765
YGL105W,YML097C,0,-4.8707724,0.08174486458301544,0.22300000488758087,0.25049999356269836
YFR019W,YLR148W,1,-4.871023,0.08208134770393372,0.2240000069141388,0.25049999356269836
YPR006C,YPL078C,0,-4.871247,0.08205128461122513,0.2240000069141388,0.25060001015663147
YPR010C,YLR310C,0,-4.8719816,0.08202123641967773,0.2240000069141388,0.2506999969482422
YMR277W,YJL080C,0,-4.872224,0.08199121803045273,0.2240000069141388,0.2508000135421753
YGR059W,YEL061C,0,-4.872695,0.08196121454238892,0.2240000069141388,0.250900000333786
YJL014W,YIL046W,0,-4.873186,0.0819312334060669,0.2240000069141388,0.25099998712539673
YKL172W,YDL002C,0,-4.873517,0.08190128207206726,0.2240000069141388,0.25110000371932983
YJR022W,YIL149C,0,-4.8735247,0.08187134563922882,0.2240000069141388,0.25119999051094055
YDR046C,YPR082C,0,-4.8736224,0.08184143155813217,0.2240000069141388,0.25130000710487366
YNL214W,YDR429C,0,-4.8738422,0.08181153982877731,0.2240000069141388,0.2513999938964844
YDR377W,YJL031C,0,-4.87403,0.08178167045116425,0.2240000069141388,0.2515000104904175
YNL292W,YPL097W,0,-4.874217,0.08175182342529297,0.2240000069141388,0.2515999972820282
YGL087C,YKL055C,0,-4.874346,0.08172199875116348,0.2240000069141388,0.2517000138759613
YDR140W,YER111C,0,-4.874526,0.08169219642877579,0.2240000069141388,0.251800000667572
YDR216W,YFL025C,0,-4.874713,0.08166241645812988,0.2240000069141388,0.25189998745918274
YOL061W,YCR042C,0,-4.874758,0.08163265138864517,0.2240000069141388,0.25200000405311584
YOL069W,YJR057W,0,-4.8751645,0.08160291612148285,0.2240000069141388,0.25209999084472656
YJR059W,YKR034W,0,-4.875412,0.08157319575548172,0.2240000069141388,0.25220000743865967
YGR041W,YIL065C,0,-4.8756413,0.08154350519180298,0.2240000069141388,0.2522999942302704
YBR152W,YNL287W,0,-4.87586,0.08151382952928543,0.2240000069141388,0.2524000108242035
YDR023W,YLR233C,0,-4.8767147,0.08148417621850967,0.2240000069141388,0.2524999976158142
YDR322C-A,YDR492W,0,-4.8768034,0.08145454525947571,0.2240000069141388,0.2526000142097473
YGR004W,YDR103W,0,-4.8771124,0.08142493665218353,0.2240000069141388,0.25270000100135803
YDR283C,YDR499W,0,-4.8771772,0.08139535039663315,0.2240000069141388,0.25279998779296875
YCR107W,YGR123C,0,-4.8779764,0.08136578649282455,0.2240000069141388,0.25290000438690186
YLR386W,YFL039C,1,-4.8786707,0.08169934898614883,0.22499999403953552,0.25290000438690186
YOR310C,YJL117W,0,-4.878745,0.08166968822479248,0.22499999403953552,0.2529999911785126
YDL160C,YGR103W,0,-4.8789434,0.08164005726575851,0.22499999403953552,0.2531000077724457
YIL031W,YAL010C,0,-4.879076,0.08161044865846634,0.22499999403953552,0.2531999945640564
YHR070W,YFL026W,0,-4.8792334,0.08158085495233536,0.22499999403953552,0.2533000111579895
YJL117W,YLR467W,0,-4.8795414,0.08155128359794617,0.22499999403953552,0.2533999979496002
YGR060W,YIL103W,0,-4.879917,0.08152174204587936,0.22499999403953552,0.2535000145435333
YBR278W,YLR103C,0,-4.8804045,0.08149221539497375,0.22499999403953552,0.25360000133514404
YDR270W,YBR297W,0,-4.880584,0.08146271109580994,0.22499999403953552,0.25369998812675476
YLR233C,YGR009C,0,-4.8808413,0.08143322169780731,0.22499999403953552,0.25380000472068787
YNL283C,YLR086W,0,-4.8812613,0.08140376210212708,0.22499999403953552,0.2538999915122986
YLR133W,YJR042W,0,-4.881268,0.08137432485818863,0.22499999403953552,0.2540000081062317
YPL091W,YDL227C,0,-4.8813295,0.08134490251541138,0.22499999403953552,0.2540999948978424
YOL016C,YOL158C,0,-4.881535,0.08131550252437592,0.22499999403953552,0.2542000114917755
YDR080W,YLR240W,1,-4.881665,0.08164739608764648,0.22599999606609344,0.2542000114917755
YDR208W,YCL066W,0,-4.881811,0.08161791414022446,0.22599999606609344,0.25429999828338623
YDR495C,YBL050W,1,-4.8818917,0.08194945752620697,0.22699999809265137,0.25429999828338623
YLR035C,YMR083W,0,-4.882056,0.08191988617181778,0.22699999809265137,0.25440001487731934
YGL001C,YLR467W,0,-4.8823795,0.08189032971858978,0.22699999809265137,0.25450000166893005
YDR545W,YPL208W,0,-4.8825374,0.08186080306768417,0.22699999809265137,0.25459998846054077
YKL165C,YJR009C,0,-4.8825808,0.08183129131793976,0.22699999809265137,0.2547000050544739
YIL079C,YOR279C,0,-4.8826165,0.08180180191993713,0.22699999809265137,0.2547999918460846
YDL243C,YHL002W,0,-4.88325,0.0817723348736763,0.22699999809265137,0.2549000084400177
YOL097C,YJL207C,0,-4.8833394,0.08174289017915726,0.22699999809265137,0.2549999952316284
YIL075C,YER142C,0,-4.88337,0.08171346038579941,0.22699999809265137,0.2551000118255615
YDL138W,YHR004C,0,-4.883636,0.08168406039476395,0.22699999809265137,0.25519999861717224
YLR013W,YIL065C,0,-4.8838415,0.08165467530488968,0.22699999809265137,0.25529998540878296
YLR313C,YKL056C,0,-4.8840027,0.0816253125667572,0.22699999809265137,0.25540000200271606
YNL312W,YPR078C,0,-4.8844166,0.08159597218036652,0.22699999809265137,0.2554999887943268
YLR447C,YLR240W,1,-4.885007,0.08192598074674606,0.2280000001192093,0.2554999887943268
YLR081W,YOR373W,0,-4.8855896,0.08189655095338821,0.2280000001192093,0.2556000053882599
YGL047W,YGL104C,0,-4.8856783,0.08186714351177216,0.2280000001192093,0.2556999921798706
YKR068C,YDL022W,0,-4.8860655,0.08183775842189789,0.2280000001192093,0.2558000087738037
YMR106C,YPR135W,0,-4.886779,0.08180839568376541,0.2280000001192093,0.25589999556541443
YLR222C,YGR227W,0,-4.8869514,0.08177905529737473,0.2280000001192093,0.25600001215934753
YHR039C-A,YOR068C,1,-4.8870983,0.0821082815527916,0.2290000021457672,0.25600001215934753
YPR163C,YJL170C,0,-4.8871436,0.08207885175943375,0.2290000021457672,0.25609999895095825
YGR004W,YGR257C,0,-4.8871937,0.08204944431781769,0.2290000021457672,0.25619998574256897
YDR079C-A,YKL046C,0,-4.8872547,0.08202005922794342,0.2290000021457672,0.2563000023365021
YDR258C,YFR031C,0,-4.887495,0.08199068903923035,0.2290000021457672,0.2563999891281128
YLR010C,YPR154W,0,-4.8881865,0.08196134865283966,0.2290000021457672,0.2565000057220459
YFR019W,YPR036W,1,-4.8885717,0.08228980004787445,0.23000000417232513,0.2565000057220459
YDL081C,YKR039W,0,-4.8889008,0.0822603702545166,0.23000000417232513,0.2565999925136566
YLR264W,YKL040C,0,-4.889534,0.08223096281290054,0.23000000417232513,0.2567000091075897
YPL283C,YBR215W,0,-4.889588,0.08220157027244568,0.23000000417232513,0.25679999589920044
YBR188C,YFR034C,0,-4.8902183,0.0821722075343132,0.23000000417232513,0.25690001249313354
YGL192W,YNL061W,0,-4.8911486,0.08214285969734192,0.23000000417232513,0.25699999928474426
YGL073W,YDR397C,0,-4.8913765,0.08211353421211243,0.23000000417232513,0.257099986076355
YGL087C,YLR298C,0,-4.8913918,0.08208422362804413,0.23000000417232513,0.2572000026702881
YNL248C,YAL043C,0,-4.8914294,0.08205494284629822,0.23000000417232513,0.2572999894618988
YDR021W,YBR198C,0,-4.8916793,0.0820256769657135,0.23000000417232513,0.2574000060558319
YIL079C,YGL106W,0,-4.892037,0.08199643343687057,0.23000000417232513,0.2574999928474426
YOR182C,YGR075C,0,-4.8922157,0.08196721225976944,0.23000000417232513,0.25760000944137573
YPR056W,YNL250W,0,-4.8926964,0.0819380134344101,0.23000000417232513,0.25769999623298645
YDR030C,YGR002C,0,-4.893128,0.08190882951021194,0.23000000417232513,0.25780001282691956
YER179W,YKL034W,0,-4.893446,0.08187967538833618,0.23000000417232513,0.2578999996185303
YLR148W,YDL077C,1,-4.893858,0.08220640569925308,0.23100000619888306,0.2578999996185303
YDR268W,YPL031C,0,-4.8941183,0.08217716217041016,0.23100000619888306,0.257999986410141
YHR034C,YOR368W,0,-4.8942595,0.08214794099330902,0.23100000619888306,0.2581000030040741
YBL085W,YDR160W,0,-4.8945637,0.08211873471736908,0.23100000619888306,0.2581999897956848
YIL013C,YHR123W,0,-4.8953266,0.08208955079317093,0.23100000619888306,0.2583000063896179
YFL004W,YLR148W,1,-4.895561,0.0824156329035759,0.23199999332427979,0.2583000063896179
YGL187C,YER020W,0,-4.895668,0.08238636702299118,0.23199999332427979,0.25839999318122864
YDR439W,YDR273W,0,-4.8957186,0.08235711604356766,0.23199999332427979,0.25850000977516174
YLR447C,YNL054W,1,-4.8957357,0.08268275111913681,0.2329999953508377,0.25850000977516174
YKL119C,YOR068C,1,-4.895832,0.08300815522670746,0.23399999737739563,0.25850000977516174
YDR495C,YEL051W,1,-4.89594,0.0833333358168602,0.23499999940395355,0.25850000977516174
YOL143C,YDL217C,0,-4.895994,0.0833037942647934,0.23499999940395355,0.25859999656677246
YOL111C,YPR162C,0,-4.896269,0.08327427506446838,0.23499999940395355,0.25870001316070557
YNL166C,YER056C,0,-4.8963156,0.08324477821588516,0.23499999940395355,0.2587999999523163
YMR305C,YNR002C,0,-4.8964405,0.08321529626846313,0.23499999940395355,0.258899986743927
YDL077C,YEL051W,1,-4.896858,0.08353982120752335,0.23600000143051147,0.258899986743927
YDR202C,YOR332W,1,-4.8971457,0.08386411517858505,0.2370000034570694,0.258899986743927
YAL013W,YOR340C,0,-4.8973136,0.0838344544172287,0.2370000034570694,0.2590000033378601
YMR200W,YPR037C,0,-4.897585,0.08380480855703354,0.2370000034570694,0.2590999901294708
YOL164W,YNR060W,0,-4.8976564,0.08377518504858017,0.2370000034570694,0.25920000672340393
YPR122W,YDL020C,0,-4.8979177,0.08374558389186859,0.2370000034570694,0.25929999351501465
YLL015W,YDR191W,0,-4.8980036,0.0837160050868988,0.2370000034570694,0.25940001010894775
YHR086W,YPL188W,0,-4.8980985,0.08368644118309021,0.2370000034570694,0.25949999690055847
YDR283C,YJR150C,0,-4.8982906,0.08365689963102341,0.2370000034570694,0.2596000134944916
YDR323C,YGR155W,0,-4.8983154,0.0836273804306984,0.2370000034570694,0.2597000002861023
YKR050W,YDR243C,0,-4.8983345,0.08359788358211517,0.2370000034570694,0.259799987077713
YER183C,YLR448W,0,-4.898346,0.08356840908527374,0.2370000034570694,0.2599000036716461
YDR365C,YNL259C,0,-4.898708,0.0835389494895935,0.2370000034570694,0.25999999046325684
YML047C,YDR268W,0,-4.8987265,0.08350951224565506,0.2370000034570694,0.26010000705718994
YCR040W,YLR292C,0,-4.8988276,0.0834800973534584,0.2370000034570694,0.26019999384880066
YOR048C,YDL170W,0,-4.898856,0.08345070481300354,0.2370000034570694,0.26030001044273376
YGL075C,YGR135W,0,-4.898921,0.08342132717370987,0.2370000034570694,0.2603999972343445
YBL074C,YOR127W,0,-4.899532,0.08339197933673859,0.2370000034570694,0.2605000138282776
YNR003C,YDR356W,0,-4.8999205,0.0833626464009285,0.2370000034570694,0.2606000006198883
YEL029C,YIR008C,0,-4.9005675,0.0833333358168602,0.2370000034570694,0.260699987411499
YIL004C,YMR015C,0,-4.9006515,0.0833040401339531,0.2370000034570694,0.26080000400543213
YAL033W,YPL283C,0,-4.90098,0.08327477425336838,0.2370000034570694,0.26089999079704285
YFL003C,YDR045C,0,-4.901126,0.08324552327394485,0.2370000034570694,0.26100000739097595
YMR313C,YLR318W,0,-4.9014044,0.08321629464626312,0.2370000034570694,0.26109999418258667
YFR019W,YEL051W,1,-4.901417,0.08353808522224426,0.23800000548362732,0.26109999418258667
YLR386W,YDR328C,1,-4.901513,0.0838596522808075,0.23899999260902405,0.26109999418258667
YDR294C,YJR066W,0,-4.901671,0.08383023738861084,0.23899999260902405,0.2612000107765198
YHR015W,YDR219C,0,-4.903813,0.08380084484815598,0.23899999260902405,0.2612999975681305
YOL145C,YLL015W,0,-4.904039,0.0837714672088623,0.23899999260902405,0.2614000141620636
YNL172W,YBR026C,0,-4.904078,0.08374211937189102,0.23899999260902405,0.2615000009536743
YML010W,YDR018C,0,-4.9043193,0.08371278643608093,0.23899999260902405,0.26159998774528503
YDR325W,YLR231C,0,-4.9045105,0.08368347585201263,0.23899999260902405,0.26170000433921814
YNL262W,YIL128W,0,-4.9047494,0.08365418016910553,0.23899999260902405,0.26179999113082886
YKR054C,YMR137C,0,-4.904952,0.08362491428852081,0.23899999260902405,0.26190000772476196
YBR276C,YDR147W,0,-4.904974,0.08359566330909729,0.23899999260902405,0.2619999945163727
YPL231W,YHL047C,0,-4.905385,0.08356643468141556,0.23899999260902405,0.2621000111103058
YBL090W,YMR280C,0,-4.9056616,0.08353722840547562,0.23899999260902405,0.2621999979019165
YNL317W,YPR199C,0,-4.906001,0.08350803703069687,0.23899999260902405,0.2623000144958496
YFL014W,YNL121C,0,-4.906945,0.08347886800765991,0.23899999260902405,0.2624000012874603
YPR032W,YNR054C,0,-4.9070444,0.08344972133636475,0.23899999260902405,0.26249998807907104
YDR028C,YDR192C,0,-4.907424,0.08342059701681137,0.23899999260902405,0.26260000467300415
YBR167C,YBL039C,0,-4.907544,0.08339148759841919,0.23899999260902405,0.26269999146461487
YDR495C,YMR231W,1,-4.908304,0.08371119946241379,0.23999999463558197,0.26269999146461487
YLR459W,YFR040W,0,-4.9085064,0.08368200808763504,0.23999999463558197,0.262800008058548
YCR091W,YDL065C,0,-4.9091597,0.08365283906459808,0.23999999463558197,0.2628999948501587
YDR353W,YJR150C,0,-4.9092426,0.08362369239330292,0.23999999463558197,0.2630000114440918
YBR283C,YOL091W,0,-4.9094696,0.08359456807374954,0.23999999463558197,0.2630999982357025
YGR248W,YOL051W,0,-4.9095826,0.08356545865535736,0.23999999463558197,0.2632000148296356
YJL219W,YFR053C,0,-4.909628,0.08353637158870697,0.23999999463558197,0.26330000162124634
YER024W,YDL069C,0,-4.9110622,0.08350730687379837,0.23999999463558197,0.26339998841285706
YBR196C,YOL158C,0,-4.9111,0.08347826451063156,0.23999999463558197,0.26350000500679016
YHR015W,YML077W,0,-4.911112,0.08344923704862595,0.23999999463558197,0.2635999917984009
YBR029C,YDR130C,0,-4.911817,0.08342023193836212,0.23999999463558197,0.263700008392334
YBR169C,YLR160C,0,-4.9119377,0.08339124172925949,0.23999999463558197,0.2637999951839447
YLR418C,YDL017W,0,-4.912054,0.08336228132247925,0.23999999463558197,0.2639000117778778
YNL327W,YDL217C,0,-4.9121356,0.0833333358168602,0.23999999463558197,0.2639999985694885
YIL167W,YKR086W,0,-4.912264,0.08330440521240234,0.23999999463558197,0.26409998536109924
YLR136C,YML081C-A,0,-4.912301,0.08327550441026688,0.23999999463558197,0.26420000195503235
YBL085W,YCR081W,0,-4.9124393,0.0832466185092926,0.23999999463558197,0.26429998874664307
YHR123W,YLR448W,0,-4.9125366,0.08321775496006012,0.23999999463558197,0.26440000534057617
YPL069C,YHR148W,0,-4.912551,0.08318890631198883,0.23999999463558197,0.2644999921321869
YCL061C,YBR186W,0,-4.913142,0.08316008001565933,0.23999999463558197,0.26460000872612
YLR418C,YOL145C,0,-4.9135885,0.08313127607107162,0.23999999463558197,0.2646999955177307
YIL143C,YLR013W,0,-4.9146547,0.08310249447822571,0.23999999463558197,0.2648000121116638
YNL246W,YDL150W,0,-4.9150476,0.08307372778654099,0.23999999463558197,0.26489999890327454
YAL009W,YPL203W,0,-4.915416,0.08304498344659805,0.23999999463558197,0.26499998569488525
YLR233C,YNL012W,0,-4.9154882,0.08301625400781631,0.23999999463558197,0.26510000228881836
YNL299W,YBR093C,0,-4.915635,0.08298755437135696,0.23999999463558197,0.2651999890804291
YKL203C,YGL092W,0,-4.9157224,0.08295886963605881,0.23999999463558197,0.2653000056743622
YBR154C,YOR299W,0,-4.915798,0.08293019980192184,0.23999999463558197,0.2653999924659729
YOL059W,YER118C,0,-4.9160213,0.08290155231952667,0.23999999463558197,0.265500009059906
YDR211W,YHR042W,0,-4.917165,0.08287292718887329,0.23999999463558197,0.2655999958515167
YPL012W,YFL003C,0,-4.917856,0.0828443244099617,0.23999999463558197,0.26570001244544983
YDR264C,YNR060W,0,-4.9178615,0.0828157365322113,0.23999999463558197,0.26579999923706055
YOL113W,YDL166C,0,-4.918373,0.0827871710062027,0.23999999463558197,0.26589998602867126
YBL009W,YNL222W,0,-4.9183846,0.08275862038135529,0.23999999463558197,0.26600000262260437
YML023C,YLR288C,0,-4.9184036,0.08273009210824966,0.23999999463558197,0.2660999894142151
YBR097W,YBR006W,0,-4.9184213,0.08270158618688583,0.23999999463558197,0.2662000060081482
YER051W,YKL001C,0,-4.9184537,0.0826730951666832,0.23999999463558197,0.2662999927997589
YMR192W,YIL123W,0,-4.9190197,0.08264462649822235,0.23999999463558197,0.266400009393692
YOL156W,YLR371W,0,-4.9190245,0.0826161801815033,0.23999999463558197,0.26649999618530273
YFL057C,YKL212W,0,-4.919612,0.08258774876594543,0.23999999463558197,0.26660001277923584
YHR001W,YKL170W,0,-4.9199605,0.08255933970212936,0.23999999463558197,0.26669999957084656
YPR007C,YBR008C,0,-4.9204855,0.08253094553947449,0.23999999463558197,0.2667999863624573
YDR202C,YDR080W,1,-4.9205,0.08284633606672287,0.2409999966621399,0.2667999863624573
YLR192C,YOR144C,0,-4.9214487,0.08281786739826202,0.2409999966621399,0.2669000029563904
YKL134C,YFL021W,0,-4.9217076,0.08278942108154297,0.2409999966621399,0.2669999897480011
YMR198W,YGL106W,0,-4.9218273,0.08276098966598511,0.2409999966621399,0.2671000063419342
YHR036W,YJL157C,0,-4.9219303,0.08273258060216904,0.2409999966621399,0.2671999931335449
YGL008C,YPR111W,0,-4.9221888,0.08270418643951416,0.2409999966621399,0.267300009727478
YJL085W,YCR094W,0,-4.922661,0.08267581462860107,0.2409999966621399,0.26739999651908875
YHR098C,YOR174W,0,-4.9228554,0.08264746516942978,0.2409999966621399,0.26750001311302185
YLR133W,YBR279W,0,-4.922973,0.08261913061141968,0.2409999966621399,0.26759999990463257
YJL209W,YOL125W,0,-4.9230137,0.08259081840515137,0.2409999966621399,0.2676999866962433
YDR263C,YDR424C,0,-4.923344,0.08256252110004425,0.2409999966621399,0.2678000032901764
YOR377W,YLR107W,0,-4.9234576,0.08253424614667892,0.2409999966621399,0.2678999900817871
YBR169C,YLR452C,0,-4.9238815,0.08250599354505539,0.2409999966621399,0.2680000066757202
YGR188C,YGL100W,0,-4.924268,0.08247775584459305,0.2409999966621399,0.26809999346733093
YDR263C,YJL117W,0,-4.924297,0.0824495404958725,0.2409999966621399,0.26820001006126404
YBR188C,YLR006C,0,-4.9243646,0.08242134004831314,0.2409999966621399,0.26829999685287476
YER169W,YGR077C,0,-4.9243817,0.08239316195249557,0.2409999966621399,0.26840001344680786
YNR015W,YBR095C,0,-4.924617,0.0823650062084198,0.2409999966621399,0.2685000002384186
YOL069W,YBR216C,0,-4.924917,0.08233686536550522,0.2409999966621399,0.2685999870300293
YFL058W,YOL110W,0,-4.9253416,0.08230874687433243,0.2409999966621399,0.2687000036239624
YHR036W,YGL051W,0,-4.9261503,0.08228064328432083,0.2409999966621399,0.2687999904155731
YPL051W,YHR001W-A,0,-4.926222,0.08225256204605103,0.2409999966621399,0.2689000070095062
YKL051W,YDR080W,1,-4.926341,0.08256568014621735,0.24199999868869781,0.2689000070095062
YNL012W,YDR046C,0,-4.9263506,0.08253751695156097,0.24199999868869781,0.26899999380111694
YDR225W,YJL194W,0,-4.9265485,0.08250937610864639,0.24199999868869781,0.26910001039505005
YGL227W,YLR318W,0,-4.926593,0.0824812576174736,0.24199999868869781,0.26919999718666077
YHR055C,YKL046C,0,-4.926955,0.082453154027462,0.24199999868869781,0.26930001378059387
YGR155W,YNL207W,0,-4.9271483,0.0824250653386116,0.24199999868869781,0.2694000005722046
YPL032C,YBL106C,0,-4.9276657,0.08239700645208359,0.24199999868869781,0.2694999873638153
YAL022C,YER168C,0,-4.927929,0.08236895501613617,0.24199999868869781,0.2696000039577484
YMR287C,YOL049W,0,-4.9283476,0.08234093338251114,0.24199999868869781,0.26969999074935913
YPL121C,YMR073C,0,-4.9283886,0.0823129266500473,0.24199999868869781,0.26980000734329224
YPR133C,YER118C,0,-4.9290433,0.08228493481874466,0.24199999868869781,0.26989999413490295
YBL013W,YGR169C,0,-4.9291487,0.08225696533918381,0.24199999868869781,0.27000001072883606
YGL229C,YBR256C,0,-4.9292083,0.08222901821136475,0.24199999868869781,0.2700999975204468
YCR107W,YOR140W,0,-4.9296236,0.08220108598470688,0.24199999868869781,0.2702000141143799
YNL261W,YBR079C,0,-4.930189,0.0821731761097908,0.24199999868869781,0.2703000009059906
YDR106W,YLR318W,0,-4.930561,0.08214528113603592,0.24199999868869781,0.2703999876976013
YLR423C,YJL056C,0,-4.93079,0.08211740851402283,0.24199999868869781,0.2705000042915344
YNL182C,YCR018C,0,-4.931319,0.08208955079317093,0.24199999868869781,0.27059999108314514
YGR044C,YCR039C,0,-4.93151,0.08206171542406082,0.24199999868869781,0.27070000767707825
YOR110W,YHR036W,0,-4.931909,0.08203389495611191,0.24199999868869781,0.27079999446868896
YNL197C,YMR305C,0,-4.931923,0.08200609683990479,0.24199999868869781,0.27090001106262207
YKR101W,YGL062W,0,-4.9320645,0.08197832107543945,0.24199999868869781,0.2709999978542328
YER179W,YBR244W,0,-4.9321604,0.08195056021213531,0.24199999868869781,0.2711000144481659
YNL294C,YNR056C,0,-4.9326563,0.08192281424999237,0.24199999868869781,0.2712000012397766
YHR062C,YGR247W,0,-4.932664,0.08189509063959122,0.24199999868869781,0.27129998803138733
YKL173W,YOL043C,0,-4.932798,0.08186738938093185,0.24199999868869781,0.27140000462532043
YLL015W,YHR094C,0,-4.9329157,0.08183970302343369,0.24199999868869781,0.27149999141693115
YGL071W,YBR015C,0,-4.9330244,0.08181203156709671,0.24199999868869781,0.27160000801086426
YGR063C,YGL195W,0,-4.9330864,0.08178438991308212,0.24199999868869781,0.271699994802475
YOR308C,YER044C,0,-4.9333773,0.08175675570964813,0.24199999868869781,0.2718000113964081
YOL156W,YFL031W,0,-4.9334073,0.08172914385795593,0.24199999868869781,0.2718999981880188
YNR027W,YJR022W,0,-4.933467,0.08170155435800552,0.24199999868869781,0.2720000147819519
YGR134W,YGR249W,0,-4.9337196,0.08167397975921631,0.24199999868869781,0.2721000015735626
YBR097W,YKL108W,0,-4.9339094,0.08164642006158829,0.24199999868869781,0.27219998836517334
YJR031C,YKL113C,0,-4.934204,0.08161889016628265,0.24199999868869781,0.27230000495910645
YKR025W,YBR156C,0,-4.934965,0.08159136772155762,0.24199999868869781,0.27239999175071716
YBR010W,YEL062W,0,-4.9350376,0.08156386762857437,0.24199999868869781,0.27250000834465027
YJL214W,YGL155W,0,-4.935301,0.08153638988733292,0.24199999868869781,0.272599995136261
YGR280C,YJR055W,0,-4.935354,0.08150892704725266,0.24199999868869781,0.2727000117301941
YGL191W,YDL105W,0,-4.9357824,0.08148147910833359,0.24199999868869781,0.2727999985218048
YNL016W,YGL122C,0,-4.935787,0.08145405352115631,0.24199999868869781,0.2728999853134155
YCL033C,YDR423C,0,-4.9358444,0.08142665028572083,0.24199999868869781,0.27300000190734863
YPR111W,YDL149W,0,-4.9361243,0.08139926195144653,0.24199999868869781,0.27309998869895935
YNL311C,YOR123C,0,-4.9363103,0.08137188851833344,0.24199999868869781,0.27320000529289246
YER044C,YPL007C,0,-4.9372425,0.08134453743696213,0.24199999868869781,0.2732999920845032
YPL268W,YDL077C,1,-4.9373374,0.08165322244167328,0.24300000071525574,0.2732999920845032
YLR226W,YDR295C,0,-4.9374924,0.081625796854496,0.24300000071525574,0.2734000086784363
YDL039C,YGL094C,0,-4.9377418,0.08159838616847992,0.24300000071525574,0.273499995470047
YKL203C,YGL027C,0,-4.9384017,0.08157099783420563,0.24300000071525574,0.2736000120639801
YAL017W,YBR095C,0,-4.938498,0.08154362440109253,0.24300000071525574,0.2736999988555908
YLR215C,YFR052W,0,-4.938517,0.08151627331972122,0.24300000071525574,0.27379998564720154
YGR214W,YNL091W,0,-4.9388533,0.08148893713951111,0.24300000071525574,0.27390000224113464
YLR226W,YLR318W,0,-4.9392176,0.08146161586046219,0.24300000071525574,0.27399998903274536
YPL110C,YMR283C,0,-4.939362,0.08143431693315506,0.24300000071525574,0.27410000562667847
YDL225W,YBR244W,0,-4.9394946,0.08140703290700912,0.24300000071525574,0.2741999924182892
YHR203C,YNL103W,0,-4.9395022,0.08137977123260498,0.24300000071525574,0.2743000090122223
YDR495C,YFL039C,1,-4.9397526,0.0816873088479042,0.24400000274181366,0.2743000090122223
YMR238W,YMR139W,0,-4.9397726,0.08165997266769409,0.24400000274181366,0.274399995803833
YER106W,YMR182C,0,-4.9400167,0.08163265138864517,0.24400000274181366,0.2745000123977661
YDR202C,YPR036W,1,-4.940223,0.08193980157375336,0.24500000476837158,0.2745000123977661
YNL307C,YPR199C,0,-4.9407334,0.08191240578889847,0.24500000476837158,0.27459999918937683
YDL030W,YDR245W,0,-4.9409084,0.08188502490520477,0.24500000476837158,0.27469998598098755
YKL208W,YHR077C,0,-4.940939,0.08185766637325287,0.24500000476837158,0.27480000257492065
YMR224C,YKL085W,0,-4.9409733,0.08183033019304276,0.24500000476837158,0.27489998936653137
YPL254W,YOR288C,0,-4.941428,0.08180300146341324,0.24500000476837158,0.2750000059604645
YGR248W,YDR221W,0,-4.941752,0.08177570253610611,0.24500000476837158,0.2750999927520752
YOR181W,YCR028C-A,0,-4.94207,0.08174841850996017,0.24500000476837158,0.2752000093460083
YJR092W,YNL275W,0,-4.942082,0.08172114938497543,0.24500000476837158,0.275299996137619
YPL188W,YDR180W,0,-4.9425488,0.08169389516115189,0.24500000476837158,0.2754000127315521
YOR274W,YLL013C,0,-4.9427276,0.08166666328907013,0.24500000476837158,0.27549999952316284
YGR078C,YKL052C,0,-4.942742,0.08163945376873016,0.24500000476837158,0.27559998631477356
YOR025W,YHR114W,0,-4.9427476,0.08161225914955139,0.24500000476837158,0.27570000290870667
YJL025W,YPR164W,0,-4.942981,0.08158507943153381,0.24500000476837158,0.2757999897003174
YMR013C,YGL175C,0,-4.943809,0.08155792206525803,0.24500000476837158,0.2759000062942505
YDR529C,YBR084W,0,-4.9442863,0.08153077960014343,0.24500000476837158,0.2759999930858612
YML115C,YMR290C,0,-4.9455233,0.08150365948677063,0.24500000476837158,0.2761000096797943
YKL172W,YPL140C,0,-4.9461875,0.08147655427455902,0.24500000476837158,0.27619999647140503
YFL003C,YBL088C,0,-4.946229,0.0814494714140892,0.24500000476837158,0.27630001306533813
YPR002W,YGL168W,0,-4.946283,0.08142239600419998,0.24500000476837158,0.27639999985694885
YPL192C,YBL106C,0,-4.946451,0.08139535039663315,0.24500000476837158,0.27649998664855957
YLR386W,YOR326W,1,-4.946752,0.08170042932033539,0.2460000067949295,0.27649998664855957
YJL219W,YBR244W,0,-4.9468966,0.08167330920696259,0.2460000067949295,0.2766000032424927
YER172C,YJR073C,0,-4.947159,0.08164619654417038,0.2460000067949295,0.2766999900341034
YML011C,YOR216C,0,-4.947332,0.08161911368370056,0.2460000067949295,0.2768000066280365
YMR207C,YOR344C,0,-4.947492,0.08159203827381134,0.2460000067949295,0.2768999934196472
YPL160W,YCR039C,0,-4.947753,0.08156498521566391,0.2460000067949295,0.2770000100135803
YPR198W,YLR451W,0,-4.948057,0.08153795450925827,0.2460000067949295,0.27709999680519104
YJL145W,YPL175W,0,-4.948347,0.08151093125343323,0.2460000067949295,0.27720001339912415
YBR250W,YIL034C,0,-4.9485817,0.08148393779993057,0.2460000067949295,0.27730000019073486
YOL109W,YLR134W,0,-4.948903,0.08145695179700851,0.2460000067949295,0.2773999869823456
YDR268W,YGL243W,0,-4.948996,0.08142998814582825,0.2460000067949295,0.2775000035762787
YGL071W,YJR002W,0,-4.9490824,0.08140304684638977,0.2460000067949295,0.2775999903678894
YDR449C,YBR279W,0,-4.9492025,0.08137611299753189,0.2460000067949295,0.2777000069618225
YBL074C,YER005W,0,-4.9496584,0.0813492089509964,0.2460000067949295,0.2777999937534332
YDR308C,YPR030W,0,-4.9500856,0.0813223123550415,0.2460000067949295,0.27790001034736633
YKR060W,YDR174W,0,-4.9503107,0.0812954381108284,0.2460000067949295,0.27799999713897705
YDR495C,YGR209C,1,-4.950528,0.08159894496202469,0.24699999392032623,0.27799999713897705
YPR095C,YLR223C,0,-4.950668,0.08157199621200562,0.24699999392032623,0.27810001373291016
YNL253W,YFR055W,0,-4.9508085,0.08154506236314774,0.24699999392032623,0.2782000005245209
YLR066W,YHR006W,0,-4.951666,0.08151815086603165,0.24699999392032623,0.2782999873161316
YBL013W,YOR269W,0,-4.952348,0.08149125427007675,0.24699999392032623,0.2784000039100647
YKL172W,YPL065W,0,-4.9523635,0.08146438002586365,0.24699999392032623,0.2784999907016754
YPL188W,YLR115W,0,-4.952529,0.08143752068281174,0.24699999392032623,0.2786000072956085
YOR210W,YMR117C,0,-4.952921,0.08141067624092102,0.24699999392032623,0.27869999408721924
YPR036W,YCL063W,1,-4.95298,0.08171334117650986,0.24799999594688416,0.27869999408721924
YGR222W,YHR073W,0,-4.9533186,0.08168642967939377,0.24799999594688416,0.27880001068115234
YMR043W,YKR054C,0,-4.9535127,0.08165953308343887,0.24799999594688416,0.27889999747276306
YDR150W,YJL148W,0,-4.953659,0.08163265138864517,0.24799999594688416,0.27900001406669617
YHR142W,YER062C,0,-4.955328,0.08160579204559326,0.24799999594688416,0.2791000008583069
YLR013W,YER042W,0,-4.9554234,0.08157894760370255,0.24799999594688416,0.2791999876499176
YDR272W,YJL167W,0,-4.955603,0.08155211806297302,0.24799999594688416,0.2793000042438507
YER065C,YHR193C,0,-4.9558296,0.08152531087398529,0.24799999594688416,0.2793999910354614
YFL004W,YDR495C,1,-4.956269,0.08182714134454727,0.24899999797344208,0.2793999910354614
YDL190C,YDR106W,0,-4.95671,0.08180025964975357,0.24899999797344208,0.27950000762939453
YGR245C,YJR089W,0,-4.9571743,0.08177340030670166,0.24899999797344208,0.27959999442100525
YBR179C,YBL097W,0,-4.957936,0.08174655586481094,0.24899999797344208,0.27970001101493835
YOL116W,YER074W-A,0,-4.9580593,0.08171972632408142,0.24899999797344208,0.2797999978065491
YDR280W,YGL247W,0,-4.9584875,0.08169291168451309,0.24899999797344208,0.2799000144004822
YPL231W,YLR130C,0,-4.958647,0.08166611939668655,0.24899999797344208,0.2800000011920929
YBL013W,YIL110W,0,-4.9588256,0.08163934201002121,0.24899999797344208,0.2800999879837036
YLR386W,YNL015W,1,-4.9588842,0.08194034546613693,0.25,0.2800999879837036
YJR043C,YPR167C,0,-4.9598184,0.08191350102424622,0.25,0.2802000045776367
YMR220W,YHR096C,0,-4.960084,0.0818866714835167,0.25,0.28029999136924744
YGL171W,YDR140W,0,-4.960465,0.08185985684394836,0.25,0.28040000796318054
YNL246W,YBL003C,0,-4.9606905,0.08183305710554123,0.25,0.28049999475479126
YOL091W,YCR047C,0,-4.9615965,0.08180627971887589,0.25,0.28060001134872437
YHR138C,YBR127C,1,-4.9620066,0.08210664242506027,0.25099998712539673,0.28060001134872437
YFL018C,YLL026W,0,-4.962021,0.08207979053258896,0.25099998712539673,0.2806999981403351
YBR092C,YPL057C,0,-4.9620876,0.08205296099185944,0.25099998712539673,0.2808000147342682
YBR167C,YEL020W-A,0,-4.962229,0.08202614635229111,0.25099998712539673,0.2809000015258789
YGL255W,YLR264W,0,-4.962425,0.08199934661388397,0.25099998712539673,0.2809999883174896
YGL075C,YKL022C,0,-4.9624496,0.08197256922721863,0.25099998712539673,0.28110000491142273
YER147C,YDL243C,0,-4.962536,0.08194580674171448,0.25099998712539673,0.28119999170303345
YLR328W,YOR206W,0,-4.962819,0.08191905915737152,0.25099998712539673,0.28130000829696655
YDR201W,YOR078W,0,-4.9633174,0.08189233392477036,0.25099998712539673,0.28139999508857727
YNL163C,YDR106W,0,-4.963365,0.08186562359333038,0.25099998712539673,0.2815000116825104
YCL069W,YLR449W,0,-4.9633813,0.0818389281630516,0.25099998712539673,0.2815999984741211
YJL112W,YJR094C,0,-4.964614,0.08181225508451462,0.25099998712539673,0.2816999852657318
YER149C,YIL167W,0,-4.9647164,0.08178559690713882,0.25099998712539673,0.2818000018596649
YOR027W,YLR002C,0,-4.964874,0.08175896108150482,0.25099998712539673,0.28189998865127563
YKL086W,YPL192C,0,-4.9651337,0.08173233270645142,0.25099998712539673,0.28200000524520874
YDR512C,YPR024W,0,-4.96521,0.0817057266831398,0.25099998712539673,0.28209999203681946
YLR433C,YDL140C,0,-4.965419,0.08167914301156998,0.25099998712539673,0.28220000863075256
YLR160C,YMR004W,0,-4.965463,0.08165256679058075,0.25099998712539673,0.2822999954223633
YIL143C,YNL102W,0,-4.9657564,0.08162601292133331,0.25099998712539673,0.2824000120162964
YJL191W,YNL275W,0,-4.9661007,0.08159948140382767,0.25099998712539673,0.2824999988079071
YBR283C,YJL092W,0,-4.966467,0.08157295733690262,0.25099998712539673,0.2825999855995178
YCR066W,YDR464W,0,-4.967251,0.08154645562171936,0.25099998712539673,0.2827000021934509
YGL068W,YLR181C,0,-4.9678235,0.0815199762582779,0.25099998712539673,0.28279998898506165
YKR024C,YJL081C,0,-4.968018,0.08149350434541702,0.25099998712539673,0.28290000557899475
YFR051C,YLR131C,0,-4.9680886,0.08146705478429794,0.25099998712539673,0.28299999237060547
YMR076C,YBL034C,0,-4.9684134,0.08144062012434006,0.25099998712539673,0.2831000089645386
YLR324W,YNL278W,0,-4.968864,0.08141420781612396,0.25099998712539673,0.2831999957561493
YDR310C,YDR515W,0,-4.9692607,0.08138781040906906,0.25099998712539673,0.2833000123500824
YPL268W,YBR127C,1,-4.969301,0.08168557286262512,0.25200000405311584,0.2833000123500824
YPL124W,YKL028W,0,-4.96955,0.08165910840034485,0.25200000405311584,0.2833999991416931
YDR299W,YLL012W,0,-4.9698887,0.08163265138864517,0.25200000405311584,0.28349998593330383
YPL228W,YDR060W,0,-4.970717,0.08160621672868729,0.25200000405311584,0.28360000252723694
YLR382C,YHR116W,0,-4.9714165,0.0815797969698906,0.25200000405311584,0.28369998931884766
YBR183W,YAL029C,0,-4.9716697,0.0815533995628357,0.25200000405311584,0.28380000591278076
YLR447C,YFR019W,1,-4.972089,0.08185053616762161,0.2529999911785126,0.28380000591278076
YJR083C,YGL227W,0,-4.9721622,0.08182406425476074,0.2529999911785126,0.2838999927043915
YGL255W,YGR227W,0,-4.972206,0.08179760724306107,0.2529999911785126,0.2840000092983246
YLR175W,YDR400W,0,-4.972351,0.08177117258310318,0.2529999911785126,0.2840999960899353
YDR436W,YMR016C,0,-4.9725037,0.08174475282430649,0.2529999911785126,0.2842000126838684
YNL131W,YJL056C,0,-4.972526,0.08171834796667099,0.2529999911785126,0.2842999994754791
YPR074C,YJL098W,0,-4.972597,0.08169195801019669,0.2529999911785126,0.28439998626708984
YKL208W,YKR067W,0,-4.9726267,0.08166559040546417,0.2529999911785126,0.28450000286102295
YBR126C,YLL050C,0,-4.972719,0.08163923770189285,0.2529999911785126,0.28459998965263367
YLR347C,YGR162W,0,-4.9729214,0.08161289989948273,0.2529999911785126,0.2847000062465668
YNL066W,YNL222W,0,-4.9733276,0.08158658444881439,0.2529999911785126,0.2847999930381775
YIL010W,YBL097W,0,-4.973386,0.08156028389930725,0.2529999911785126,0.2849000096321106
YER133W,YGR101W,0,-4.9736013,0.0815339982509613,0.2529999911785126,0.2849999964237213
YDR146C,YJR070C,0,-4.9738255,0.08150773495435715,0.2529999911785126,0.2851000130176544
YDR080W,YOR068C,1,-4.973898,0.08180354535579681,0.2540000081062317,0.2851000130176544
YPL188W,YHR073W,0,-4.973979,0.08177720755338669,0.2540000081062317,0.28519999980926514
YNL332W,YHR194W,0,-4.974157,0.08175088465213776,0.2540000081062317,0.28529998660087585
YJR031C,YDR108W,0,-4.9744115,0.08172458410263062,0.2540000081062317,0.28540000319480896
YKL095W,YER054C,0,-4.9745054,0.08169829845428467,0.2540000081062317,0.2854999899864197
YPL140C,YIL154C,0,-4.9748,0.08167202770709991,0.2540000081062317,0.2856000065803528
YKL191W,YEL029C,0,-4.9748993,0.08164577186107635,0.2540000081062317,0.2856999933719635
YDL247W,YJL165C,0,-4.9749265,0.08161953836679459,0.2540000081062317,0.2858000099658966
YGR086C,YNL231C,0,-4.9756894,0.08159331977367401,0.2540000081062317,0.2858999967575073
YDR334W,YPL131W,0,-4.97582,0.08156711608171463,0.2540000081062317,0.28600001335144043
YDL108W,YDR398W,0,-4.9758396,0.08154092729091644,0.2540000081062317,0.28610000014305115
YKL026C,YML088W,0,-4.9762526,0.08151476085186005,0.2540000081062317,0.28619998693466187
YNL172W,YER001W,0,-4.9766207,0.08148860931396484,0.2540000081062317,0.28630000352859497
YNL225C,YKL004W,0,-4.976662,0.08146247267723083,0.2540000081062317,0.2863999903202057
YBL008W,YBL039C,0,-4.976677,0.08143635839223862,0.2540000081062317,0.2865000069141388
YKR048C,YOL077C,0,-4.9767056,0.08141025900840759,0.2540000081062317,0.2865999937057495
YGL062W,YNL102W,0,-4.9770403,0.08138417452573776,0.2540000081062317,0.2867000102996826
YDR194C,YMR083W,0,-4.977413,0.08135810494422913,0.2540000081062317,0.28679999709129333
YDR120C,YDL178W,0,-4.977557,0.08133205026388168,0.2540000081062317,0.28690001368522644
YBR234C,YBR243C,0,-4.977739,0.08130601793527603,0.2540000081062317,0.28700000047683716
YDR440W,YNL016W,0,-4.9779162,0.08128000050783157,0.2540000081062317,0.2870999872684479
YFL055W,YOL082W,0,-4.978016,0.08125399798154831,0.2540000081062317,0.287200003862381
YHR015W,YGR002C,0,-4.978323,0.08122801035642624,0.2540000081062317,0.2872999906539917
YBR061C,YBR198C,0,-4.97851,0.08120204508304596,0.2540000081062317,0.2874000072479248
YER174C,YIL120W,0,-4.9786587,0.08117609471082687,0.2540000081062317,0.2874999940395355
YCR040W,YPR093C,0,-4.978989,0.08115015923976898,0.2540000081062317,0.28760001063346863
YKR081C,YDL220C,0,-4.979323,0.08112423866987228,0.2540000081062317,0.28769999742507935
YLR337C,YCR094W,0,-4.979989,0.08109834045171738,0.2540000081062317,0.28780001401901245
YBR153W,YIL072W,0,-4.9804053,0.08107245713472366,0.2540000081062317,0.28790000081062317
YCR093W,YER019W,0,-4.980691,0.08104658871889114,0.2540000081062317,0.2879999876022339
YPR175W,YIL016W,0,-4.9814844,0.08102073520421982,0.2540000081062317,0.288100004196167
YIR011C,YLR223C,0,-4.9815297,0.08099489659070969,0.2540000081062317,0.2881999909877777
YLR110C,YNR027W,0,-4.981884,0.08096908032894135,0.2540000081062317,0.2883000075817108
YBR171W,YDR227W,0,-4.982304,0.0809432789683342,0.2540000081062317,0.28839999437332153
YNL113W,YKL028W,0,-4.9826837,0.08091749250888824,0.2540000081062317,0.28850001096725464
YCR002C,YOR063W,0,-4.983049,0.08089172095060349,0.2540000081062317,0.28859999775886536
YNL327W,YMR109W,0,-4.983242,0.08086596429347992,0.2540000081062317,0.28870001435279846
YJR153W,YDR214W,0,-4.98326,0.08084022998809814,0.2540000081062317,0.2888000011444092
YBR236C,YDR052C,0,-4.983262,0.08081451058387756,0.2540000081062317,0.2888999879360199
YJL062W,YER127W,0,-4.983299,0.08078880608081818,0.2540000081062317,0.289000004529953
YBL004W,YBR083W,0,-4.9834695,0.08076311647891998,0.2540000081062317,0.2890999913215637
YDL140C,YGL178W,0,-4.9837675,0.08073744177818298,0.2540000081062317,0.2892000079154968
YOL009C,YGR048W,0,-4.984128,0.08071178942918777,0.2540000081062317,0.28929999470710754
YER015W,YHR171W,0,-4.9844522,0.08068615198135376,0.2540000081062317,0.28940001130104065
YGL155W,YBL069W,0,-4.9846087,0.08066052943468094,0.2540000081062317,0.28949999809265137
YHL048W,YJL203W,0,-4.985078,0.08063492178916931,0.2540000081062317,0.2896000146865845
YEL065W,YMR211W,0,-4.9851084,0.08060932904481888,0.2540000081062317,0.2897000014781952
YBR010W,YKL053C-A,0,-4.9851885,0.08058375865221024,0.2540000081062317,0.2897999882698059
YBR040W,YBR098W,0,-4.9852743,0.08055819571018219,0.2540000081062317,0.289900004863739
YLR276C,YHR072W,0,-4.985281,0.08053265511989594,0.2540000081062317,0.28999999165534973
YNL286W,YJR047C,0,-4.985425,0.08050712943077087,0.2540000081062317,0.29010000824928284
YLR396C,YKL119C,1,-4.985468,0.08079847693443298,0.2549999952316284,0.29010000824928284
YDL039C,YJL047C,0,-4.9854918,0.08077288419008255,0.2549999952316284,0.29019999504089355
YOL088C,YJR025C,0,-4.98555,0.08074730634689331,0.2549999952316284,0.29030001163482666
YOR076C,YML064C,0,-4.9866085,0.08072175085544586,0.2549999952316284,0.2903999984264374
YLR075W,YGR059W,0,-4.9869776,0.08069620281457901,0.2549999952316284,0.2904999852180481
YHL002W,YNL206C,0,-4.9871216,0.08067067712545395,0.2549999952316284,0.2906000018119812
YPR031W,YIL123W,0,-4.9871554,0.08064515888690948,0.2549999952316284,0.2906999886035919
YEL056W,YPR005C,0,-4.9872723,0.08061966300010681,0.2549999952316284,0.290800005197525
YOR244W,YKL053C-A,0,-4.9873366,0.08059418201446533,0.2549999952316284,0.29089999198913574
YAL005C,YBL055C,0,-4.988108,0.08056872338056564,0.2549999952316284,0.29100000858306885
YEL053C,YDR523C,0,-4.988108,0.08054327219724655,0.2549999952316284,0.29109999537467957
YLR201C,YLR155C,0,-4.98879,0.08051784336566925,0.2549999952316284,0.29120001196861267
YDL148C,YJR001W,0,-4.989147,0.08049242198467255,0.2549999952316284,0.2912999987602234
YJL042W,YBR275C,0,-4.9892516,0.08046702295541763,0.2549999952316284,0.2913999855518341
YGR004W,YEL022W,0,-4.9897976,0.08044163882732391,0.2549999952316284,0.2915000021457672
YOL088C,YKR083C,0,-4.990183,0.08041626960039139,0.2549999952316284,0.29159998893737793
YDR311W,YLR205C,0,-4.990223,0.08039092272520065,0.2549999952316284,0.29170000553131104
YER111C,YIL046W,0,-4.990667,0.08036558330059052,0.2549999952316284,0.29179999232292175
YML064C,YDR052C,0,-4.990699,0.08034026622772217,0.2549999952316284,0.29190000891685486
YBR175W,YER171W,0,-4.9913025,0.08031496405601501,0.2549999952316284,0.2919999957084656
YMR264W,YGR221C,0,-4.9914865,0.08028966933488846,0.2549999952316284,0.2921000123023987
YGL191W,YMR097C,0,-4.9915385,0.08026439696550369,0.2549999952316284,0.2921999990940094
YMR054W,YFR019W,1,-4.991647,0.0805538073182106,0.25600001215934753,0.2921999990940094
YOR301W,YDL235C,0,-4.9921856,0.08052846789360046,0.25600001215934753,0.2922999858856201
YER117W,YFL057C,0,-4.9922194,0.08050314337015152,0.25600001215934753,0.2924000024795532
YOR038C,YBR162C,0,-4.992269,0.08047783374786377,0.25600001215934753,0.29249998927116394
YPR143W,YDL135C,0,-4.9923053,0.08045254647731781,0.25600001215934753,0.29260000586509705
YPL082C,YKL125W,0,-4.992469,0.08042726665735245,0.25600001215934753,0.29269999265670776
YER022W,YPL093W,0,-4.9927588,0.08040200918912888,0.25600001215934753,0.29280000925064087
YDL198C,YPL271W,0,-4.992926,0.0803767666220665,0.25600001215934753,0.2928999960422516
YDR080W,YNL015W,1,-4.9929585,0.08066540956497192,0.25699999928474426,0.2928999960422516
YNL003C,YIR017C,0,-4.9930687,0.08064009994268417,0.25699999928474426,0.2930000126361847
YDR393W,YPR074C,0,-4.9936013,0.08061480522155762,0.25699999928474426,0.2930999994277954
YLR223C,YBR015C,0,-4.9942527,0.08058952540159225,0.25699999928474426,0.29319998621940613
YBR250W,YLR249W,0,-4.994319,0.08056426048278809,0.25699999928474426,0.29330000281333923
YPL006W,YBR008C,0,-4.9944563,0.08053901791572571,0.25699999928474426,0.29339998960494995
YIL010W,YKR062W,0,-4.994487,0.08051378279924393,0.25699999928474426,0.29350000619888306
YJL134W,YOR004W,0,-4.994649,0.08048857003450394,0.25699999928474426,0.2935999929904938
YIL037C,YKR086W,0,-4.994928,0.08046337217092514,0.25699999928474426,0.2937000095844269
YNL042W,YEL004W,0,-4.995176,0.08043818175792694,0.25699999928474426,0.2937999963760376
YER074W-A,YDR121W,0,-4.99524,0.08041301369667053,0.25699999928474426,0.2939000129699707
YER171W,YML098W,0,-4.9958506,0.08038786053657532,0.25699999928474426,0.2939999997615814
YOL017W,YPL010W,0,-4.996001,0.0803627297282219,0.25699999928474426,0.29409998655319214
YEL022W,YNR052C,0,-4.996008,0.08033760637044907,0.25699999928474426,0.29420000314712524
YDR337W,YOR087W,0,-4.996049,0.08031249791383743,0.25699999928474426,0.29429998993873596
YOR367W,YCR042C,0,-4.996334,0.08028741180896759,0.25699999928474426,0.29440000653266907
YGL187C,YER103W,0,-4.9968386,0.08026233315467834,0.25699999928474426,0.2944999933242798
YMR142C,YDR217C,0,-4.9979696,0.08023727685213089,0.25699999928474426,0.2946000099182129
YDR450W,YJL058C,0,-4.9983177,0.08021223545074463,0.25699999928474426,0.2946999967098236
YML126C,YLR234W,0,-4.9984083,0.08018720895051956,0.25699999928474426,0.2948000133037567
YJL012C,YPL268W,1,-4.9984093,0.08047410845756531,0.257999986410141,0.2948000133037567
YPL254W,YER164W,0,-4.9984775,0.08044901490211487,0.257999986410141,0.29490000009536743
YMR319C,YDR472W,0,-4.998499,0.08042394369840622,0.257999986410141,0.29499998688697815
YLR190W,YIL142W,0,-4.9998946,0.08039887994527817,0.257999986410141,0.29510000348091125
YJR137C,YGR144W,0,-5.000004,0.08037383109331131,0.257999986410141,0.295199990272522
YHR005C-A,YHR196W,0,-5.0001125,0.08034880459308624,0.257999986410141,0.2953000068664551
YJL184W,YOR113W,0,-5.0003786,0.08032378554344177,0.257999986410141,0.2953999936580658
YNR044W,YGR013W,0,-5.000661,0.08029878884553909,0.257999986410141,0.2955000102519989
YMR172W,YDR325W,0,-5.000752,0.08027379959821701,0.257999986410141,0.2955999970436096
YIL150C,YOR025W,0,-5.00076,0.08024883270263672,0.257999986410141,0.2957000136375427
YOR123C,YGL001C,0,-5.0010138,0.08022388070821762,0.257999986410141,0.29580000042915344
YDR177W,YBL013W,0,-5.0012283,0.08019894361495972,0.257999986410141,0.29589998722076416
YDL247W,YNL275W,0,-5.0012436,0.080174021422863,0.257999986410141,0.29600000381469727
YBL022C,YNL251C,0,-5.001526,0.08014911413192749,0.257999986410141,0.296099990606308
YLR275W,YOR123C,0,-5.0021005,0.08012422174215317,0.257999986410141,0.2962000072002411
YIL061C,YML094W,0,-5.0023317,0.08009935170412064,0.257999986410141,0.2962999939918518
YLL015W,YGL229C,0,-5.0023856,0.0800744891166687,0.257999986410141,0.2964000105857849
YLR015W,YLR010C,0,-5.003129,0.08004964143037796,0.257999986410141,0.29649999737739563
YEL029C,YOR099W,0,-5.003149,0.08002481609582901,0.257999986410141,0.29660001397132874
YMR081C,YOR351C,0,-5.003241,0.07999999821186066,0.257999986410141,0.29670000076293945
YOL017W,YCR091W,0,-5.0033674,0.0799752026796341,0.257999986410141,0.29679998755455017
YOR133W,YCR066W,0,-5.003463,0.07995042204856873,0.257999986410141,0.2969000041484833
YKR061W,YML046W,0,-5.0034804,0.07992564886808395,0.257999986410141,0.296999990940094
YOR182C,YGL075C,0,-5.003886,0.07990089803934097,0.257999986410141,0.2971000075340271
YDL174C,YPL145C,0,-5.0039854,0.07987616211175919,0.257999986410141,0.2971999943256378
YGR204W,YGL062W,0,-5.004634,0.07985144108533859,0.257999986410141,0.2973000109195709
YDR103W,YPR199C,0,-5.004737,0.0798267349600792,0.257999986410141,0.29739999771118164
YGL241W,YIL065C,0,-5.0048456,0.07980204373598099,0.257999986410141,0.29750001430511475
YCL025C,YBR274W,0,-5.0050325,0.07977736741304398,0.257999986410141,0.29760000109672546
YDR028C,YML095C,0,-5.0052757,0.07975270599126816,0.257999986410141,0.2976999878883362
YPL155C,YLR007W,0,-5.005612,0.07972805947065353,0.257999986410141,0.2978000044822693
YNL079C,YLR240W,1,-5.005639,0.08001235872507095,0.2590000033378601,0.2978000044822693
YKR027W,YHR072W,0,-5.006407,0.07998764514923096,0.2590000033378601,0.29789999127388
YLR403W,YDL247W,0,-5.006572,0.07996295392513275,0.2590000033378601,0.2980000078678131
YNL030W,YGR029W,0,-5.006811,0.07993827015161514,0.2590000033378601,0.29809999465942383
YGL173C,YNL318C,0,-5.0068874,0.07991360872983932,0.2590000033378601,0.29820001125335693
YER107C,YIR019C,0,-5.006933,0.0798889547586441,0.2590000033378601,0.29829999804496765
YLR086W,YDL102W,0,-5.0072956,0.07986432313919067,0.2590000033378601,0.29840001463890076
YLR396C,YKL080W,1,-5.007297,0.08014796674251556,0.25999999046325684,0.29840001463890076
YOL086C,YNL182C,0,-5.0076103,0.08012326806783676,0.25999999046325684,0.2985000014305115
YDR435C,YPL241C,0,-5.00776,0.08009858429431915,0.25999999046325684,0.2985999882221222
YPR178W,YGL089C,0,-5.0080442,0.08007391542196274,0.25999999046325684,0.2987000048160553
YNL261W,YDR325W,0,-5.0082455,0.08004926145076752,0.25999999046325684,0.298799991607666
YHR172W,YBL034C,0,-5.0083704,0.08002462238073349,0.25999999046325684,0.2989000082015991
YHR158C,YOR313C,0,-5.0084543,0.07999999821186066,0.25999999046325684,0.29899999499320984
YPR032W,YKR001C,0,-5.008688,0.07997538894414902,0.25999999046325684,0.29910001158714294
YBR126C,YDL015C,0,-5.008715,0.07995080202817917,0.25999999046325684,0.29919999837875366
YIL079C,YKL052C,0,-5.0088263,0.07992622256278992,0.25999999046325684,0.2992999851703644
YNL292W,YNR030W,0,-5.009053,0.07990165799856186,0.25999999046325684,0.2994000017642975
YML025C,YJR070C,0,-5.009313,0.07987711578607559,0.25999999046325684,0.2994999885559082
YDR465C,YLR016C,0,-5.009348,0.07985258102416992,0.25999999046325684,0.2996000051498413
YKL101W,YEL031W,0,-5.0093994,0.07982806116342545,0.25999999046325684,0.299699991941452
YGR179C,YDR192C,0,-5.0094433,0.07980356365442276,0.25999999046325684,0.29980000853538513
YER074W-A,YGL032C,0,-5.0096602,0.07977907359600067,0.25999999046325684,0.29989999532699585
YGR274C,YOR007C,0,-5.010563,0.07975459843873978,0.25999999046325684,0.30000001192092896
YLR425W,YLR337C,0,-5.011688,0.07973014563322067,0.25999999046325684,0.3000999987125397
YLR096W,YGL001C,0,-5.011877,0.07970570027828217,0.25999999046325684,0.3001999855041504
YCR065W,YJL081C,0,-5.012169,0.07968127727508545,0.25999999046325684,0.3003000020980835
YDL130W,YGL043W,0,-5.0121894,0.07965686172246933,0.25999999046325684,0.3003999888896942
YNL259C,YBL002W,0,-5.0124273,0.079632468521595,0.25999999046325684,0.3005000054836273
YGL171W,YEL036C,0,-5.012639,0.07960808277130127,0.25999999046325684,0.30059999227523804
YPR143W,YDR345C,0,-5.012776,0.07958371937274933,0.25999999046325684,0.30070000886917114
YDL088C,YMR283C,0,-5.0128927,0.07955936342477798,0.25999999046325684,0.30079999566078186
YDR182W,YCL033C,0,-5.0130243,0.07953502237796783,0.25999999046325684,0.30090001225471497
YFL031W,YOR354C,0,-5.013035,0.07951070368289948,0.25999999046325684,0.3009999990463257
YIR022W,YMR280C,0,-5.0132594,0.07948639243841171,0.25999999046325684,0.3010999858379364
YDR414C,YNL025C,0,-5.0136104,0.07946210354566574,0.25999999046325684,0.3012000024318695
YLR369W,YNL314W,0,-5.013846,0.07943782210350037,0.25999999046325684,0.3012999892234802
YHR048W,YML102W,0,-5.0139947,0.07941356301307678,0.25999999046325684,0.30140000581741333
YPL152W,YHR200W,0,-5.0141373,0.0793893113732338,0.25999999046325684,0.30149999260902405
YIL061C,YBL084C,0,-5.014361,0.0793650820851326,0.25999999046325684,0.30160000920295715
YOL027C,YHR108W,0,-5.014929,0.079340860247612,0.25999999046325684,0.30169999599456787
YDL098C,YDR299W,0,-5.0153933,0.0793166533112526,0.25999999046325684,0.301800012588501
YLR066W,YOR341W,0,-5.0159183,0.07929246872663498,0.25999999046325684,0.3018999993801117
YJL005W,YGL236C,0,-5.0162005,0.07926829159259796,0.25999999046325684,0.3019999861717224
YFL011W,YOR368W,0,-5.0166807,0.07924412935972214,0.25999999046325684,0.3021000027656555
YPL234C,YDL077C,1,-5.017047,0.0795246809720993,0.26100000739097595,0.3021000027656555
YGR048W,YIL155C,0,-5.0171494,0.0795004591345787,0.26100000739097595,0.30219998955726624
YDR037W,YNL286W,0,-5.017344,0.0794762521982193,0.26100000739097595,0.30230000615119934
YGR156W,YDR025W,0,-5.0173807,0.07945205271244049,0.26100000739097595,0.30239999294281006
YOR156C,YOL034W,0,-5.017409,0.07942787557840347,0.26100000739097595,0.30250000953674316
YDR263C,YMR238W,0,-5.0178537,0.07940371334552765,0.26100000739097595,0.3025999963283539
YMR069W,YHR166C,0,-5.0178657,0.07937955856323242,0.26100000739097595,0.302700012922287
YDR424C,YML049C,0,-5.0178804,0.07935542613267899,0.26100000739097595,0.3027999997138977
YOL077W-A,YPR032W,0,-5.0179815,0.07933130860328674,0.26100000739097595,0.3028999865055084
YPL047W,YLR086W,0,-5.018685,0.0793071985244751,0.26100000739097595,0.30300000309944153
YOR113W,YNL066W,0,-5.0187616,0.07928311079740524,0.26100000739097595,0.30309998989105225
YBR276C,YLR371W,0,-5.0188313,0.07925903797149658,0.26100000739097595,0.30320000648498535
YGL247W,YGL135W,0,-5.019061,0.07923497259616852,0.26100000739097595,0.30329999327659607
YBL002W,YBR210W,0,-5.0194283,0.07921092212200165,0.26100000739097595,0.3034000098705292
YER107C,YPR065W,0,-5.019646,0.07918689399957657,0.26100000739097595,0.3034999966621399
YDR145W,YCL026C-A,0,-5.0202723,0.07916287332773209,0.26100000739097595,0.303600013256073
YJL209W,YER159C,0,-5.0204835,0.0791388750076294,0.26100000739097595,0.3037000000476837
YDR404C,YJR127C,0,-5.020796,0.0791148841381073,0.26100000739097595,0.30379998683929443
YDR320C,YPL265W,0,-5.0209017,0.0790909081697464,0.26100000739097595,0.30390000343322754
YDR202C,YFR019W,1,-5.021056,0.07936988770961761,0.2619999945163727,0.30390000343322754
YBL105C,YDR270W,0,-5.0210657,0.07934585213661194,0.2619999945163727,0.30399999022483826
YNL002C,YLR274W,0,-5.0211325,0.07932183146476746,0.2619999945163727,0.30410000681877136
YJL191W,YGR217W,0,-5.0213084,0.07929781824350357,0.2619999945163727,0.3041999936103821
YNL286W,YDR013W,0,-5.0213413,0.07927382737398148,0.2619999945163727,0.3043000102043152
YPL259C,YEL050C,0,-5.0213976,0.07924985140562057,0.2619999945163727,0.3043999969959259
YDL128W,YBL003C,0,-5.0216665,0.07922588288784027,0.2619999945163727,0.304500013589859
YML123C,YOR206W,0,-5.0221763,0.07920193672180176,0.2619999945163727,0.3046000003814697
YDL003W,YOR069W,0,-5.022181,0.07917799800634384,0.2619999945163727,0.30469998717308044
YDL077C,YKL080W,1,-5.0225296,0.07945619523525238,0.2630000114440918,0.30469998717308044
YLR150W,YCL029C,0,-5.0229836,0.07943219691514969,0.2630000114440918,0.30480000376701355
YEL003W,YEL029C,0,-5.023435,0.07940821349620819,0.2630000114440918,0.30489999055862427
YDR272W,YCL066W,0,-5.023441,0.07938424497842789,0.2630000114440918,0.3050000071525574
YHR056C,YBR133C,0,-5.0241933,0.07936029136180878,0.2630000114440918,0.3050999939441681
YNL054W,YCL063W,1,-5.0243196,0.07963801175355911,0.2639999985694885,0.3050999939441681
YDR146C,YOR226C,0,-5.024958,0.07961399108171463,0.2639999985694885,0.3052000105381012
YLR186W,YEL037C,0,-5.0251846,0.07958999276161194,0.2639999985694885,0.3052999973297119
YNL139C,YGR134W,0,-5.025187,0.07956600189208984,0.2639999985694885,0.305400013923645
YOL091W,YDR168W,0,-5.025413,0.07954203337430954,0.2639999985694885,0.30550000071525574
YOR340C,YOL158C,0,-5.025731,0.07951807230710983,0.2639999985694885,0.30559998750686646
YBL061C,YOR317W,0,-5.025772,0.07949412614107132,0.2639999985694885,0.30570000410079956
YDR217C,YGL135W,0,-5.0259504,0.0794702023267746,0.2639999985694885,0.3057999908924103
YBR294W,YCR057C,0,-5.0262938,0.07944628596305847,0.2639999985694885,0.3059000074863434
YGL238W,YDL064W,0,-5.026911,0.07942238450050354,0.2639999985694885,0.3059999942779541
YGR094W,YLL018C-A,0,-5.0270844,0.0793984979391098,0.2639999985694885,0.3061000108718872
YLR394W,YOR348C,0,-5.027205,0.07937462627887726,0.2639999985694885,0.3061999976634979
YBR276C,YPL224C,0,-5.0272527,0.07935076951980591,0.2639999985694885,0.30630001425743103
YOR326W,YMR231W,1,-5.027665,0.07962740212678909,0.26499998569488525,0.30630001425743103
YOL091W,YOR054C,0,-5.0276747,0.07960348576307297,0.26499998569488525,0.30640000104904175
YDR393W,YCL008C,0,-5.0282164,0.07957957684993744,0.26499998569488525,0.30649998784065247
YEL003W,YHR066W,0,-5.02835,0.0795556902885437,0.26499998569488525,0.30660000443458557
YPR124W,YGL028C,0,-5.0289545,0.07953181117773056,0.26499998569488525,0.3066999912261963
YDL153C,YKR050W,0,-5.029544,0.07950795441865921,0.26499998569488525,0.3068000078201294
YOR116C,YOR195W,0,-5.0297456,0.07948410511016846,0.26499998569488525,0.3068999946117401
YGR216C,YFL057C,0,-5.0307446,0.0794602707028389,0.26499998569488525,0.3070000112056732
YKL201C,YMR292W,0,-5.0307617,0.07943645119667053,0.26499998569488525,0.30709999799728394
YOR319W,YGL168W,0,-5.0318985,0.07941264659166336,0.26499998569488525,0.30720001459121704
YER104W,YMR224C,0,-5.0319095,0.07938885688781738,0.26499998569488525,0.30730000138282776
YHR143W-A,YPR199C,0,-5.0320644,0.0793650820851326,0.26499998569488525,0.3073999881744385
YOR353C,YPR133W-A,0,-5.0320864,0.07934131473302841,0.26499998569488525,0.3075000047683716
YDR177W,YNL214W,0,-5.0323787,0.07931756973266602,0.26499998569488525,0.3075999915599823
YPL234C,YOR068C,1,-5.0325384,0.07959305495023727,0.26600000262260437,0.3075999915599823
YOR326W,YLR240W,1,-5.0328712,0.079868383705616,0.2669999897480011,0.3075999915599823
YMR093W,YOR194C,0,-5.033189,0.07984449714422226,0.2669999897480011,0.3077000081539154
YHR116W,YPL078C,0,-5.0331917,0.07982062548398972,0.2669999897480011,0.3077999949455261
YOR025W,YKL204W,0,-5.033457,0.07979676872491837,0.2669999897480011,0.30790001153945923
YML049C,YJR047C,0,-5.033552,0.0797729343175888,0.2669999897480011,0.30799999833106995
YMR247C,YOR349W,0,-5.0336046,0.07974910736083984,0.2669999897480011,0.30809998512268066
YDL043C,YML123C,0,-5.0339527,0.07972528785467148,0.2669999897480011,0.30820000171661377
YPR178W,YGR135W,0,-5.034218,0.0797014907002449,0.2669999897480011,0.3082999885082245
YLR134W,YML094W,0,-5.0343637,0.07967770844697952,0.2669999897480011,0.3084000051021576
YMR316W,YNL068C,0,-5.0350714,0.07965394109487534,0.2669999897480011,0.3084999918937683
YOR332W,YLR240W,1,-5.0351343,0.07992842048406601,0.2680000066757202,0.3084999918937683
YHR062C,YPL258C,0,-5.035491,0.07990459352731705,0.2680000066757202,0.3086000084877014
YDR320C-A,YMR240C,0,-5.035832,0.07988077402114868,0.2680000066757202,0.30869999527931213
YHR167W,YML085C,0,-5.0358677,0.07985696941614151,0.2680000066757202,0.30880001187324524
YDR120C,YBL103C,0,-5.0363083,0.07983318716287613,0.2680000066757202,0.30889999866485596
YDR108W,YKR046C,0,-5.036435,0.07980941236019135,0.2680000066757202,0.3089999854564667
YDL077C,YHR060W,1,-5.0367885,0.08008335530757904,0.26899999380111694,0.3089999854564667
YLR425W,YNL102W,0,-5.0368357,0.08005952090024948,0.26899999380111694,0.3091000020503998
YPR112C,YLR084C,0,-5.0370345,0.08003570139408112,0.26899999380111694,0.3091999888420105
YLR383W,YDL006W,0,-5.037904,0.08001189678907394,0.26899999380111694,0.3093000054359436
YDR300C,YMR225C,0,-5.038077,0.07998810708522797,0.26899999380111694,0.3093999922275543
YMR301C,YIL053W,0,-5.0380983,0.07996432483196259,0.26899999380111694,0.3095000088214874
YDR479C,YJL115W,0,-5.038745,0.079940564930439,0.26899999380111694,0.30959999561309814
YAL024C,YDR489W,0,-5.039014,0.079916812479496,0.26899999380111694,0.30970001220703125
YJR135W-A,YLL042C,0,-5.0391073,0.0798930823802948,0.26899999380111694,0.30979999899864197
YLL018C-A,YLR355C,0,-5.0400133,0.0798693597316742,0.26899999380111694,0.3098999857902527
YER001W,YGR048W,0,-5.0400257,0.07984565198421478,0.26899999380111694,0.3100000023841858
YLR368W,YAL025C,0,-5.040127,0.07982195913791656,0.26899999380111694,0.3100999891757965
YPL203W,YNL214W,0,-5.0403404,0.07979828119277954,0.26899999380111694,0.3102000057697296
YGR254W,YDR080W,1,-5.040515,0.08007117360830307,0.27000001072883606,0.3102000057697296
YDR224C,YGL227W,0,-5.0408196,0.08004743605852127,0.27000001072883606,0.31029999256134033
YLR288C,YPL021W,0,-5.0409017,0.08002371340990067,0.27000001072883606,0.31040000915527344
YGL053W,YPL271W,0,-5.041305,0.07999999821186066,0.27000001072883606,0.31049999594688416
YOL069W,YDL045C,0,-5.0413346,0.07997630536556244,0.27000001072883606,0.31060001254081726
YNL290W,YGL089C,0,-5.0414042,0.07995261996984482,0.27000001072883606,0.310699999332428
YEL017C-A,YDL028C,0,-5.041574,0.07992894947528839,0.27000001072883606,0.3107999861240387
YKL085W,YPR001W,0,-5.0415974,0.07990529388189316,0.27000001072883606,0.3109000027179718
YLR186W,YGR075C,0,-5.041809,0.07988165318965912,0.27000001072883606,0.3109999895095825
YNL036W,YNL312W,0,-5.0421557,0.07985802739858627,0.27000001072883606,0.3111000061035156
YGL194C,YGR270W,0,-5.042285,0.07983441650867462,0.27000001072883606,0.31119999289512634
YOL091W,YLR095C,0,-5.0423174,0.07981082051992416,0.27000001072883606,0.31130000948905945
YGL232W,YNL080C,0,-5.043109,0.0797872319817543,0.27000001072883606,0.31139999628067017
YOR008C,YOL082W,0,-5.043336,0.07976366579532623,0.27000001072883606,0.31150001287460327
YHR085W,YML099C,0,-5.0436354,0.07974010705947876,0.27000001072883606,0.311599999666214
YOL151W,YLR451W,0,-5.0437136,0.07971656322479248,0.27000001072883606,0.3116999864578247
YDL043C,YML049C,0,-5.0444727,0.0796930342912674,0.27000001072883606,0.3118000030517578
YGL014W,YKL012W,0,-5.04486,0.0796695202589035,0.27000001072883606,0.31189998984336853
YBR296C,YHR084W,0,-5.045004,0.0796460211277008,0.27000001072883606,0.31200000643730164
YML097C,YGR118W,0,-5.045143,0.0796225294470787,0.27000001072883606,0.31209999322891235
YJL214W,YGL144C,0,-5.0452347,0.0795990601181984,0.27000001072883606,0.31220000982284546
YOR109W,YJL145W,0,-5.0456486,0.07957559823989868,0.27000001072883606,0.3122999966144562
YGR028W,YOL078W,0,-5.0456567,0.07955215126276016,0.27000001072883606,0.3124000132083893
YMR235C,YDR400W,0,-5.04576,0.07952871918678284,0.27000001072883606,0.3125
YNL163C,YJL196C,0,-5.0460815,0.0795053020119667,0.27000001072883606,0.3125999867916107
YKR054C,YMR073C,0,-5.0461087,0.07948189228773117,0.27000001072883606,0.3127000033855438
YGL158W,YHR082C,0,-5.046281,0.07945850491523743,0.27000001072883606,0.31279999017715454
YER104W,YDL243C,0,-5.046988,0.07943512499332428,0.27000001072883606,0.31290000677108765
YDR013W,YIL046W,0,-5.0470014,0.07941176742315292,0.27000001072883606,0.31299999356269836
YHR027C,YHR116W,0,-5.0470123,0.07938841730356216,0.27000001072883606,0.31310001015663147
YKL130C,YDR369C,0,-5.0470333,0.0793650820851326,0.27000001072883606,0.3131999969482422
YNL246W,YCR047C,0,-5.047243,0.07934175431728363,0.27000001072883606,0.3133000135421753
YOL091W,YIL062C,0,-5.047283,0.07931844890117645,0.27000001072883606,0.313400000333786
YJL012C,YEL051W,1,-5.047367,0.07958883792161942,0.2709999978542328,0.313400000333786
YJR004C,YML113W,0,-5.047696,0.07956547290086746,0.2709999978542328,0.31349998712539673
YGR175C,YCL016C,0,-5.0477734,0.0795421227812767,0.2709999978542328,0.31360000371932983
YPL131W,YNL169C,0,-5.047908,0.07951878011226654,0.2709999978542328,0.31369999051094055
YMR036C,YJL222W,0,-5.047969,0.07949545234441757,0.2709999978542328,0.31380000710487366
YDR424C,YLR190W,0,-5.0482306,0.0794721394777298,0.2709999978542328,0.3138999938964844
YDR325W,YOL001W,0,-5.0482426,0.07944884151220322,0.2709999978542328,0.3140000104904175
YGR254W,YNL054W,1,-5.048817,0.07971864193677902,0.2720000147819519,0.3140000104904175
YBR092C,YNL261W,0,-5.0489407,0.07969528436660767,0.2720000147819519,0.3140999972820282
YDR225W,YGR183C,0,-5.048959,0.0796719416975975,0.2720000147819519,0.3142000138759613
YLR270W,YNL172W,0,-5.0489864,0.07964860647916794,0.2720000147819519,0.314300000667572
YNL148C,YKL068W,0,-5.048993,0.07962529361248016,0.2720000147819519,0.31439998745918274
YPL208W,YBL004W,0,-5.0494685,0.07960198819637299,0.2720000147819519,0.31450000405311584
YER106W,YOL125W,0,-5.049561,0.079578697681427,0.2720000147819519,0.31459999084472656
YKL203C,YLR372W,0,-5.049855,0.07955542206764221,0.2720000147819519,0.31470000743865967
YDL201W,YLR106C,0,-5.050031,0.07953216135501862,0.2720000147819519,0.3147999942302704
YHR160C,YML029W,0,-5.0500813,0.07950891554355621,0.2720000147819519,0.3149000108242035
YKL095W,YDL043C,0,-5.0505123,0.07948567718267441,0.2720000147819519,0.3149999976158142
YKR061W,YNR058W,0,-5.0507946,0.0794624611735344,0.2720000147819519,0.3151000142097473
YDR022C,YER019C-A,0,-5.0508847,0.07943925261497498,0.2720000147819519,0.31520000100135803
YNL061W,YDL165W,0,-5.0509043,0.07941605895757675,0.2720000147819519,0.31529998779296875
YER183C,YDR311W,0,-5.0510983,0.07939288020133972,0.2720000147819519,0.31540000438690186
YCL039W,YBR258C,0,-5.0511394,0.07936970889568329,0.2720000147819519,0.3154999911785126
YBR202W,YLR361C,0,-5.0512877,0.07934655994176865,0.2720000147819519,0.3156000077724457
YGL001C,YMR298W,0,-5.0514855,0.0793234184384346,0.2720000147819519,0.3156999945640564
YLR320W,YNL261W,0,-5.051879,0.07930029183626175,0.2720000147819519,0.3158000111579895
YDL019C,YDL022W,0,-5.052203,0.07927718013525009,0.2720000147819519,0.3158999979496002
YDL083C,YPR162C,0,-5.052371,0.07925407588481903,0.2720000147819519,0.3160000145435333
YFL011W,YKL179C,0,-5.0524793,0.07923099398612976,0.2720000147819519,0.31610000133514404
YOR143C,YNR030W,0,-5.052626,0.07920791953802109,0.2720000147819519,0.31619998812675476
YCL034W,YBR289W,0,-5.052638,0.07918485999107361,0.2720000147819519,0.31630000472068787
YKL206C,YMR235C,0,-5.053067,0.07916181534528732,0.2720000147819519,0.3163999915122986
YBR030W,YKL125W,0,-5.0532885,0.07913878560066223,0.2720000147819519,0.3165000081062317
YNL332W,YER161C,0,-5.053742,0.07911576330661774,0.2720000147819519,0.3165999948978424
YPR001W,YOR327C,0,-5.053932,0.07909275591373444,0.2720000147819519,0.3167000114917755
YLR386W,YHR039C-A,1,-5.0542574,0.0793604627251625,0.27300000190734863,0.3167000114917755
YLR286C,YLR277C,0,-5.054288,0.07933740317821503,0.27300000190734863,0.31679999828338623
YOR116C,YER171W,0,-5.0545797,0.07931435108184814,0.27300000190734863,0.31690001487731934
YGL051W,YHL003C,0,-5.054638,0.07929131388664246,0.27300000190734863,0.31700000166893005
YFR030W,YFR052W,0,-5.055163,0.07926829159259796,0.27300000190734863,0.31709998846054077
YGR254W,YDL077C,1,-5.0555,0.07953555881977081,0.27399998903274536,0.31709998846054077
YKR081C,YML005W,0,-5.0556874,0.07951247692108154,0.27399998903274536,0.3172000050544739
YKL204W,YDR492W,0,-5.0558634,0.07948940992355347,0.27399998903274536,0.3172999918460846
YDR495C,YNL054W,1,-5.056071,0.07975637912750244,0.2750000059604645,0.3172999918460846
YHR067W,YGL194C,0,-5.0564713,0.07973325252532959,0.2750000059604645,0.3174000084400177
YOR045W,YOR290C,0,-5.056682,0.07971014827489853,0.2750000059604645,0.3174999952316284
YKL073W,YKL125W,0,-5.057978,0.07968704402446747,0.2750000059604645,0.3176000118255615
YBL078C,YGR157W,0,-5.0588274,0.0796639621257782,0.2750000059604645,0.31769999861717224
YMR277W,YHR056C,0,-5.0588365,0.07964089512825012,0.2750000059604645,0.31779998540878296
YBL098W,YER166W,0,-5.059243,0.07961783558130264,0.2750000059604645,0.31790000200271606
YPR178W,YJR119C,0,-5.0593433,0.07959479093551636,0.2750000059604645,0.3179999887943268
YJL194W,YNL031C,0,-5.0594087,0.07957176119089127,0.2750000059604645,0.3181000053882599
YOR063W,YMR280C,0,-5.059449,0.07954873889684677,0.2750000059604645,0.3181999921798706
YGR155W,YGL143C,0,-5.0596037,0.07952573895454407,0.2750000059604645,0.3183000087738037
YNL242W,YLR139C,0,-5.0600405,0.07950274646282196,0.2750000059604645,0.31839999556541443
YLR207W,YER049W,0,-5.0610847,0.07947976887226105,0.2750000059604645,0.31850001215934753
YMR204C,YEL061C,0,-5.0611362,0.07945680618286133,0.2750000059604645,0.31859999895095825
YGL175C,YNL151C,0,-5.0619645,0.0794338509440422,0.2750000059604645,0.31869998574256897
YBR107C,YIL031W,0,-5.06207,0.07941091805696487,0.2750000059604645,0.3188000023365021
YGL027C,YER169W,0,-5.0621624,0.07938799262046814,0.2750000059604645,0.3188999891281128
YKL042W,YEL022W,0,-5.0622425,0.0793650820851326,0.2750000059604645,0.3190000057220459
YDL178W,YGL180W,0,-5.06256,0.07934217900037766,0.2750000059604645,0.3190999925136566
YJL178C,YOR349W,0,-5.0625696,0.0793192982673645,0.2750000059604645,0.3192000091075897
YGR193C,YPR055W,0,-5.0627594,0.07929642498493195,0.2750000059604645,0.31929999589920044
YMR142C,YIR021W,0,-5.0627947,0.07927356660366058,0.2750000059604645,0.31940001249313354
YCL025C,YNL245C,0,-5.0628257,0.07925072312355042,0.2750000059604645,0.31949999928474426
YMR270C,YDR523C,0,-5.0632734,0.07922788709402084,0.2750000059604645,0.319599986076355
YBR029C,YGR047C,0,-5.063525,0.07920506596565247,0.2750000059604645,0.3197000026702881
YIL119C,YGL130W,0,-5.063662,0.07918225973844528,0.2750000059604645,0.3197999894618988
YLR110C,YBR200W,0,-5.0636835,0.07915946841239929,0.2750000059604645,0.3199000060558319
YIR010W,YPL083C,0,-5.063998,0.0791366919875145,0.2750000059604645,0.3199999928474426
YPR057W,YOL143C,0,-5.064159,0.0791139230132103,0.2750000059604645,0.32010000944137573
YHR167W,YDR108W,0,-5.064853,0.07909116894006729,0.2750000059604645,0.32019999623298645
YPL118W,YDL022W,0,-5.065137,0.07906842976808548,0.2750000059604645,0.32030001282691956
YOR185C,YPL190C,0,-5.065414,0.07904570549726486,0.2750000059604645,0.3203999996185303
YDR263C,YPL249C,0,-5.0654793,0.07902298867702484,0.2750000059604645,0.320499986410141
YNR072W,YHR171W,0,-5.065715,0.07900028675794601,0.2750000059604645,0.3206000030040741
YPL095C,YDR183W,0,-5.066101,0.07897759974002838,0.2750000059604645,0.3206999897956848
YMR218C,YJL165C,0,-5.0663643,0.07895492762327194,0.2750000059604645,0.3208000063896179
YOR353C,YPL131W,0,-5.0667124,0.0789322629570961,0.2750000059604645,0.32089999318122864
YOR319W,YIL128W,0,-5.066736,0.07890961319208145,0.2750000059604645,0.32100000977516174
YAL025C,YBR298C,0,-5.0668745,0.078886978328228,0.2750000059604645,0.32109999656677246
YLR332W,YER119C,0,-5.0671444,0.07886435091495514,0.2750000059604645,0.32120001316070557
YJL138C,YLR274W,0,-5.067164,0.07884174585342407,0.2750000059604645,0.3212999999523163
YER017C,YBR186W,0,-5.0676875,0.0788191482424736,0.2750000059604645,0.321399986743927
YLR378C,YDR076W,0,-5.067711,0.07879655808210373,0.2750000059604645,0.3215000033378601
YNL012W,YLR190W,0,-5.0679636,0.07877399027347565,0.2750000059604645,0.3215999901294708
YPL095C,YOR129C,0,-5.0681176,0.07875142991542816,0.2750000059604645,0.32170000672340393
YOL044W,YML006C,0,-5.0681715,0.07872888445854187,0.2750000059604645,0.32179999351501465
YCL039W,YLR107W,0,-5.0684323,0.07870635390281677,0.2750000059604645,0.32190001010894775
YDL077C,YHR174W,1,-5.0686684,0.07896995544433594,0.2759999930858612,0.32190001010894775
YPL160W,YOL011W,0,-5.069,0.07894736528396606,0.2759999930858612,0.32199999690055847
YOR143C,YDR228C,0,-5.0690503,0.07892479002475739,0.2759999930858612,0.3221000134944916
YNL268W,YLR106C,0,-5.0692005,0.0789022296667099,0.2759999930858612,0.3222000002861023
YLL035W,YGR101W,0,-5.0697517,0.07887967675924301,0.2759999930858612,0.322299987077713
YML077W,YPL122C,0,-5.069892,0.07885714620351791,0.2759999930858612,0.3224000036716461
YNL311C,YBR211C,0,-5.070512,0.07883461564779282,0.2759999930858612,0.32249999046325684
YDR055W,YJL138C,0,-5.070591,0.07881210744380951,0.2759999930858612,0.32260000705718994
YGR249W,YIL084C,0,-5.070629,0.0787896066904068,0.2759999930858612,0.32269999384880066
YCR039C,YCR061W,0,-5.0707135,0.07876712083816528,0.2759999930858612,0.32280001044273376
YKL080W,YLR240W,1,-5.0713997,0.07902995496988297,0.2770000100135803,0.32280001044273376
YCL001W,YER042W,0,-5.0714855,0.07900741696357727,0.2770000100135803,0.3228999972343445
YOR315W,YNL202W,0,-5.0715203,0.07898488640785217,0.2770000100135803,0.3230000138282776
YAR008W,YLR166C,0,-5.0724907,0.07896237075328827,0.2770000100135803,0.3231000006198883
YDR182W,YLR274W,0,-5.0725126,0.07893986999988556,0.2770000100135803,0.323199987411499
YHL036W,YER173W,0,-5.0725846,0.07891737669706345,0.2770000100135803,0.32330000400543213
YAL017W,YGR186W,0,-5.0727105,0.07889489829540253,0.2770000100135803,0.32339999079704285
YNR035C,YBR152W,0,-5.0727544,0.0788724347949028,0.2770000100135803,0.32350000739097595
YFL022C,YDL235C,0,-5.0729227,0.07884998619556427,0.2770000100135803,0.32359999418258667
YMR042W,YLR424W,0,-5.0730877,0.07882754504680634,0.2770000100135803,0.3237000107765198
YNL009W,YGL033W,0,-5.0730953,0.0788051187992096,0.2770000100135803,0.3237999975681305
YLR401C,YMR188C,0,-5.0731707,0.07878270745277405,0.2770000100135803,0.3239000141620636
YGR060W,YNR034W,0,-5.07327,0.0787603035569191,0.2770000100135803,0.3240000009536743
YKL008C,YBR084W,0,-5.073533,0.07873792201280594,0.2770000100135803,0.32409998774528503
YLR382C,YAL003W,0,-5.0738707,0.07871554046869278,0.2770000100135803,0.32420000433921814
YGR156W,YOR290C,0,-5.0739164,0.07869318127632141,0.2770000100135803,0.32429999113082886
YNL133C,YJR070C,0,-5.074251,0.07867082953453064,0.2770000100135803,0.32440000772476196
YML051W,YDR138W,0,-5.074853,0.07864849269390106,0.2770000100135803,0.3244999945163727
YDR440W,YNL290W,0,-5.0751476,0.07862617075443268,0.2770000100135803,0.3246000111103058
YMR319C,YLR353W,0,-5.0754304,0.07860385626554489,0.2770000100135803,0.3246999979019165
YDR202C,YBR127C,1,-5.0758877,0.07886524498462677,0.27799999713897705,0.3246999979019165
YDL140C,YLR084C,0,-5.0763974,0.0788428783416748,0.27799999713897705,0.3248000144958496
YGL017W,YDR331W,0,-5.076913,0.07882052659988403,0.27799999713897705,0.3249000012874603
YNL304W,YLL011W,0,-5.077239,0.07879818230867386,0.27799999713897705,0.32499998807907104
YLR115W,YOR099W,0,-5.077458,0.07877586036920547,0.27799999713897705,0.32510000467300415
YHR005C,YDR184C,0,-5.0774612,0.07875353842973709,0.27799999713897705,0.32519999146461487
YBR211C,YGR281W,0,-5.0774927,0.0787312388420105,0.27799999713897705,0.325300008058548
YHR169W,YLR016C,0,-5.077538,0.0787089467048645,0.27799999713897705,0.3253999948501587
YPL092W,YPL266W,0,-5.078185,0.0786866694688797,0.27799999713897705,0.3255000114440918
YJL157C,YOR083W,0,-5.0782022,0.0786643996834755,0.27799999713897705,0.3255999982357025
YBR142W,YHR187W,0,-5.0782127,0.07864215224981308,0.27799999713897705,0.3257000148296356
YOR194C,YLR106C,0,-5.078674,0.07861991226673126,0.27799999713897705,0.32580000162124634
YOL009C,YLR107W,0,-5.0788894,0.07859767973423004,0.27799999713897705,0.32589998841285706
YEL051W,YCL063W,1,-5.0790663,0.07885811477899551,0.27900001406669617,0.32589998841285706
YHR115C,YDL213C,0,-5.079221,0.07883583009243011,0.27900001406669617,0.32600000500679016
YMR042W,YOL034W,0,-5.079289,0.07881356030702591,0.27900001406669617,0.3260999917984009
YAL032C,YIL010W,0,-5.0796776,0.0787913054227829,0.27900001406669617,0.326200008392334
YNL318C,YNL257C,0,-5.0798883,0.07876905798912048,0.27900001406669617,0.3262999951839447
YMR080C,YPR046W,0,-5.079922,0.07874682545661926,0.27900001406669617,0.3264000117778778
YDL130W,YNL075W,0,-5.08007,0.07872460782527924,0.27900001406669617,0.3264999985694885
YPL033C,YLR277C,0,-5.0804396,0.0787023976445198,0.27900001406669617,0.32659998536109924
YHR030C,YLR438C-A,0,-5.080656,0.07868020236492157,0.27900001406669617,0.32670000195503235
YER172C,YHR083W,0,-5.080699,0.07865802198648453,0.27900001406669617,0.32679998874664307
YOL039W,YDR076W,0,-5.080817,0.07863584905862808,0.27900001406669617,0.32690000534057617
YIL049W,YCR020C-A,0,-5.081074,0.07861369103193283,0.27900001406669617,0.3269999921321869
YOL139C,YIL095W,0,-5.081253,0.07859154790639877,0.27900001406669617,0.32710000872612
YBR040W,YNL031C,0,-5.0813246,0.07856941968202591,0.27900001406669617,0.3271999955177307
YMR276W,YJR013W,0,-5.0814857,0.07854729890823364,0.27900001406669617,0.3273000121116638
YBR217W,YER161C,0,-5.081556,0.07852519303560257,0.27900001406669617,0.32739999890327454
YBR182C,YCL026C-A,0,-5.081583,0.0785030946135521,0.27900001406669617,0.32749998569488525
YGR092W,YGL032C,0,-5.0823603,0.07848101109266281,0.27900001406669617,0.32760000228881836
YGL208W,YCR042C,0,-5.08253,0.07845894247293472,0.27900001406669617,0.3276999890804291
YPL268W,YDR065W,1,-5.082613,0.07871802151203156,0.2800000011920929,0.3276999890804291
YBR276C,YKL054C,0,-5.0830994,0.07869589328765869,0.2800000011920929,0.3278000056743622
YDR473C,YER143W,0,-5.083308,0.07867378741502762,0.2800000011920929,0.3278999924659729
YBR008C,YOL104C,0,-5.083952,0.07865168899297714,0.2800000011920929,0.328000009059906
YPL037C,YMR268C,0,-5.0840874,0.07862959802150726,0.2800000011920929,0.3280999958515167
YDR254W,YER049W,0,-5.0841675,0.07860752195119858,0.2800000011920929,0.32820001244544983
YHL048W,YBR234C,0,-5.084414,0.07858546078205109,0.2800000011920929,0.32829999923706055
YHR039C-A,YOR326W,1,-5.0848184,0.07884399592876434,0.2809999883174896,0.32829999923706055
YOR087W,YNL148C,0,-5.084833,0.07882188260555267,0.2809999883174896,0.32839998602867126
YBL046W,YBR156C,0,-5.085032,0.0787997767329216,0.2809999883174896,0.32850000262260437
YNL071W,YGR048W,0,-5.085821,0.07877768576145172,0.2809999883174896,0.3285999894142151
YEL056W,YOL139C,0,-5.0859947,0.07875560224056244,0.2809999883174896,0.3287000060081482
YBR217W,YDR062W,0,-5.0863123,0.07873354107141495,0.2809999883174896,0.3287999927997589
YNL257C,YOL012C,0,-5.086338,0.07871148735284805,0.2809999883174896,0.328900009393692
YOR194C,YOR284W,0,-5.086632,0.07868944108486176,0.2809999883174896,0.32899999618530273
YDL153C,YLR141W,0,-5.0867033,0.07866740971803665,0.2809999883174896,0.32910001277923584
YKL041W,YHR163W,0,-5.086733,0.07864539325237274,0.2809999883174896,0.32919999957084656
YKL099C,YGL001C,0,-5.086832,0.07862339168787003,0.2809999883174896,0.3292999863624573
YLR386W,YMR054W,1,-5.0869236,0.07888112217187881,0.28200000524520874,0.3292999863624573
YBR004C,YMR001C,0,-5.08706,0.07885906100273132,0.28200000524520874,0.3294000029563904
YMR208W,YOR025W,0,-5.087304,0.07883701473474503,0.28200000524520874,0.3294999897480011
YLR298C,YEL062W,0,-5.0879927,0.07881498336791992,0.28200000524520874,0.3296000063419342
YPR032W,YDL149W,0,-5.088366,0.07879295945167542,0.28200000524520874,0.3296999931335449
YJL157C,YOR226C,0,-5.0885,0.0787709504365921,0.28200000524520874,0.329800009727478
YKL152C,YKL055C,0,-5.088625,0.07874895632266998,0.28200000524520874,0.32989999651908875
YJL112W,YPL249C,0,-5.0889688,0.07872696965932846,0.28200000524520874,0.33000001311302185
YHL006C,YHR102W,0,-5.0892334,0.07870499789714813,0.28200000524520874,0.33009999990463257
YBR126C,YDL069C,0,-5.0893483,0.0786830335855484,0.28200000524520874,0.3301999866962433
YDR037W,YPR168W,0,-5.089522,0.07866108417510986,0.28200000524520874,0.3303000032901764
YDL080C,YBL069W,0,-5.089584,0.07863914966583252,0.28200000524520874,0.3303999900817871
YKL045W,YNL051W,0,-5.0896587,0.07861723005771637,0.28200000524520874,0.3305000066757202
YPL037C,YOR140W,0,-5.0900497,0.07859531790018082,0.28200000524520874,0.33059999346733093
YOR213C,YKR039W,0,-5.0901175,0.07857342064380646,0.28200000524520874,0.33070001006126404
YLL011W,YJL201W,0,-5.0903826,0.0785515308380127,0.28200000524520874,0.33079999685287476
YDR310C,YHR023W,0,-5.090437,0.07852965593338013,0.28200000524520874,0.33090001344680786
YLR131C,YPL174C,0,-5.090475,0.07850779592990875,0.28200000524520874,0.3310000002384186
YDL208W,YPR082C,0,-5.0905237,0.07848594337701797,0.28200000524520874,0.3310999870300293
YOR208W,YDR527W,0,-5.090653,0.07846410572528839,0.28200000524520874,0.3312000036239624
YLR134W,YOR320C,0,-5.0908804,0.07844228297472,0.28200000524520874,0.3312999904155731
YJL041W,YDR523C,0,-5.0909896,0.07842046767473221,0.28200000524520874,0.3314000070095062
YBR058C-A,YHR114W,0,-5.091133,0.07839866727590561,0.28200000524520874,0.33149999380111694
YIL115C,YKR054C,0,-5.0913477,0.0783768743276596,0.28200000524520874,0.33160001039505005
YIL160C,YAL059W,0,-5.0914593,0.0783550962805748,0.28200000524520874,0.33169999718666077
YDL138W,YPR046W,0,-5.0914707,0.07833333313465118,0.28200000524520874,0.33180001378059387
YGL092W,YPL283C,0,-5.091716,0.07831157743930817,0.28200000524520874,0.3319000005722046
YJR022W,YOL042W,0,-5.091813,0.07828983664512634,0.28200000524520874,0.3319999873638153
YDR495C,YPL234C,1,-5.0921264,0.07854565978050232,0.28299999237060547,0.3319999873638153
YOL124C,YNL273W,0,-5.0923996,0.07852385938167572,0.28299999237060547,0.3321000039577484
YDR437W,YHR171W,0,-5.0926957,0.07850208133459091,0.28299999237060547,0.33219999074935913
YPL131W,YOR126C,0,-5.0929155,0.0784803107380867,0.28299999237060547,0.33230000734329224
YNL070W,YIR028W,0,-5.0930357,0.07845855504274368,0.28299999237060547,0.33239999413490295
YJR150C,YPL008W,0,-5.0933685,0.07843680679798126,0.28299999237060547,0.33250001072883606
YNL326C,YGR020C,1,-5.093779,0.07869216054677963,0.2840000092983246,0.33250001072883606
YIR028W,YLR304C,0,-5.094405,0.07867036014795303,0.2840000092983246,0.3325999975204468
YLR369W,YFL057C,0,-5.0944858,0.07864857465028763,0.2840000092983246,0.3327000141143799
YHR142W,YEL062W,0,-5.0947666,0.07862679660320282,0.2840000092983246,0.3328000009059906
YDR002W,YJL201W,0,-5.0951834,0.0786050409078598,0.2840000092983246,0.3328999876976013
YCR088W,YPR135W,0,-5.0954723,0.07858328521251678,0.2840000092983246,0.3330000042915344
YIL132C,YKR001C,0,-5.0958567,0.07856155186891556,0.2840000092983246,0.33309999108314514
YFL025C,YLR318W,0,-5.0959187,0.07853982597589493,0.2840000092983246,0.33320000767707825
YDR080W,YHR060W,1,-5.0960855,0.07879458367824554,0.2849999964237213,0.33320000767707825
YHR154W,YLR008C,0,-5.0961275,0.07877280563116074,0.2849999964237213,0.33329999446868896
YBR253W,YDR082W,0,-5.096187,0.07875103503465652,0.2849999964237213,0.33340001106262207
YFL004W,YFL039C,1,-5.0964403,0.07900552451610565,0.28600001335144043,0.33340001106262207
YPL076W,YOL091W,0,-5.0964694,0.07898370921611786,0.28600001335144043,0.3334999978542328
YOR279C,YLR340W,0,-5.096602,0.07896190136671066,0.28600001335144043,0.3336000144481659
YGR241C,YDR492W,0,-5.0966215,0.07894010841846466,0.28600001335144043,0.3337000012397766
YCL067C,YER111C,0,-5.0968075,0.07891832292079926,0.28600001335144043,0.33379998803138733
YJR063W,YDR378C,0,-5.096905,0.07889655232429504,0.28600001335144043,0.33390000462532043
YPL138C,YLR221C,0,-5.0971026,0.07887479662895203,0.28600001335144043,0.33399999141693115
YDR393W,YGR129W,0,-5.097175,0.0788530483841896,0.28600001335144043,0.33410000801086426
YMR214W,YER002W,0,-5.097426,0.07883131504058838,0.28600001335144043,0.334199994802475
YNL302C,YCR065W,0,-5.0981283,0.07880958914756775,0.28600001335144043,0.3343000113964081
YOR332W,YOR068C,1,-5.0982265,0.07906336337327957,0.28700000047683716,0.3343000113964081
YER118C,YML086C,0,-5.098543,0.07904158532619476,0.28700000047683716,0.3343999981880188
YLR383W,YBR202W,0,-5.098736,0.07901982218027115,0.28700000047683716,0.3345000147819519
YAL043C,YDL055C,0,-5.0989027,0.07899807393550873,0.28700000047683716,0.3346000015735626
YBR088C,YCR061W,0,-5.098954,0.0789763331413269,0.28700000047683716,0.33469998836517334
YLR190W,YDR011W,0,-5.0992117,0.07895460724830627,0.28700000047683716,0.33480000495910645
YKL206C,YER009W,0,-5.0993023,0.07893289625644684,0.28700000047683716,0.33489999175071716
YNR060W,YCR057C,0,-5.0997477,0.078911192715168,0.28700000047683716,0.33500000834465027
YDL097C,YDR039C,0,-5.0998974,0.07888949662446976,0.28700000047683716,0.335099995136261
YML046W,YOL124C,0,-5.100065,0.0788678228855133,0.28700000047683716,0.3352000117301941
YBL084C,YER019C-A,0,-5.1004,0.07884615659713745,0.28700000047683716,0.3352999985218048
YKL015W,YPL155C,0,-5.1004224,0.0788244977593422,0.28700000047683716,0.3353999853134155
YOL017W,YOR043W,0,-5.1005177,0.07880285382270813,0.28700000047683716,0.33550000190734863
YDR382W,YGL033W,0,-5.100575,0.07878122478723526,0.28700000047683716,0.33559998869895935
YPL069C,YPL121C,0,-5.1005974,0.07875960320234299,0.28700000047683716,0.33570000529289246
YER122C,YOR069W,0,-5.1009865,0.07873799651861191,0.28700000047683716,0.3357999920845032
YML049C,YGR206W,0,-5.1012034,0.07871640473604202,0.28700000047683716,0.3359000086784363
YDR263C,YFL036W,0,-5.101572,0.07869482040405273,0.28700000047683716,0.335999995470047
YMR058W,YGL067W,0,-5.101694,0.07867324352264404,0.28700000047683716,0.3361000120639801
YDL092W,YOR368W,0,-5.1017923,0.07865168899297714,0.28700000047683716,0.3361999988555908
YGR175C,YER015W,0,-5.1018653,0.07863013446331024,0.28700000047683716,0.33629998564720154
YDR228C,YML024W,0,-5.102324,0.07860860228538513,0.28700000047683716,0.33640000224113464
YBL105C,YDR464W,0,-5.1026006,0.07858707755804062,0.28700000047683716,0.33649998903274536
YGL105W,YMR164C,0,-5.102706,0.0785655602812767,0.28700000047683716,0.33660000562667847
YOR185C,YDR484W,0,-5.103462,0.07854405790567398,0.28700000047683716,0.3366999924182892
YDL178W,YML073C,0,-5.103676,0.07852257043123245,0.28700000047683716,0.3368000090122223
YMR283C,YPR105C,0,-5.10425,0.07850109040737152,0.28700000047683716,0.336899995803833
YGL047W,YNL290W,0,-5.1045866,0.07847962528467178,0.28700000047683716,0.3370000123977661
YHR203C,YBR274W,0,-5.105173,0.07845817506313324,0.28700000047683716,0.33709999918937683
YDR407C,YKR009C,0,-5.1054745,0.07843673229217529,0.28700000047683716,0.33719998598098755
YPL268W,YHR174W,1,-5.1061077,0.07868852466344833,0.2879999876022339,0.33719998598098755
YBR183W,YJR125C,0,-5.106158,0.07866702973842621,0.2879999876022339,0.33730000257492065
YFL056C,YDL200C,0,-5.1062,0.07864554971456528,0.2879999876022339,0.33739998936653137
YKL170W,YHL002W,0,-5.106331,0.07862407714128494,0.2879999876022339,0.3375000059604645
YDR080W,YMR231W,1,-5.106489,0.07887554913759232,0.289000004529953,0.3375000059604645
YNL307C,YPR024W,0,-5.1067533,0.0788540244102478,0.289000004529953,0.3375999927520752
YJL041W,YBR198C,0,-5.1069074,0.07883251458406448,0.289000004529953,0.3377000093460083
YOR063W,YLR459W,0,-5.106984,0.07881101965904236,0.289000004529953,0.337799996137619
YDR283C,YGR211W,0,-5.1069946,0.07878953218460083,0.289000004529953,0.3379000127315521
YJR001W,YOL124C,0,-5.107154,0.0787680596113205,0.289000004529953,0.33799999952316284
YKR054C,YFR037C,0,-5.1075497,0.07874659448862076,0.289000004529953,0.33809998631477356
YPR178W,YJR145C,0,-5.107614,0.07872514426708221,0.289000004529953,0.33820000290870667
YGL033W,YBR237W,0,-5.1076612,0.07870370149612427,0.289000004529953,0.3382999897003174
YHR167W,YOR187W,0,-5.1077414,0.07868227362632751,0.289000004529953,0.3384000062942505
YOR308C,YBR135W,0,-5.108046,0.07866086065769196,0.289000004529953,0.3384999930858612
YNR031C,YMR280C,0,-5.1083183,0.078639455139637,0.289000004529953,0.3386000096797943
YBL045C,YGR171C,0,-5.1094623,0.07861806452274323,0.289000004529953,0.33869999647140503
YOL156W,YOR048C,0,-5.10956,0.07859668135643005,0.289000004529953,0.33880001306533813
YDR279W,YPR167C,0,-5.1097775,0.07857531309127808,0.289000004529953,0.33889999985694885
YNL311C,YGR135W,0,-5.1098757,0.0785539522767067,0.289000004529953,0.33899998664855957
YCR065W,YFL010W-A,0,-5.11022,0.07853260636329651,0.289000004529953,0.3391000032424927
YDR523C,YOR084W,0,-5.11082,0.07851127535104752,0.289000004529953,0.3391999900341034
YDR532C,YDR060W,0,-5.110942,0.07848995178937912,0.289000004529953,0.3393000066280365
YJL025W,YOR076C,0,-5.1111236,0.07846864312887192,0.289000004529953,0.3393999934196472
YOR351C,YHR074W,0,-5.112032,0.07844734191894531,0.289000004529953,0.3395000100135803
YJL138C,YDR311W,0,-5.1126895,0.0784260481595993,0.289000004529953,0.33959999680519104
YGR134W,YHR006W,0,-5.1130238,0.07840477675199509,0.289000004529953,0.33970001339912415
YLR098C,YGL162W,0,-5.1134458,0.07838351279497147,0.289000004529953,0.33980000019073486
YER074W-A,YKL041W,0,-5.114044,0.07836225628852844,0.289000004529953,0.3398999869823456
YAL017W,YLR459W,0,-5.114049,0.07834101468324661,0.289000004529953,0.3400000035762787
YOR076C,YIL046W,0,-5.1140985,0.07831978052854538,0.289000004529953,0.3400999903678894
YNL286W,YNL080C,0,-5.114339,0.07829856127500534,0.289000004529953,0.3402000069618225
YML006C,YJL080C,0,-5.114575,0.0782773569226265,0.289000004529953,0.3402999937534332
YMR093W,YGL130W,0,-5.1154723,0.07825616002082825,0.289000004529953,0.34040001034736633
YDR038C,YPL094C,0,-5.1162033,0.07823497802019119,0.289000004529953,0.34049999713897705
YDL105W,YLR133W,0,-5.1163297,0.07821380347013474,0.289000004529953,0.34060001373291016
YDR363W,YKL152C,0,-5.116396,0.07819264382123947,0.289000004529953,0.3407000005245209
YJR059W,YIL010W,0,-5.1165733,0.0781714916229248,0.289000004529953,0.3407999873161316
YAL003W,YLR007W,0,-5.116686,0.07815035432577133,0.289000004529953,0.3409000039100647
YDL098C,YKL001C,0,-5.1166897,0.07812922447919846,0.289000004529953,0.3409999907016754
YLR056W,YLR398C,0,-5.1166925,0.07810810953378677,0.289000004529953,0.3411000072956085
YCR083W,YJL112W,0,-5.1177177,0.07808700203895569,0.289000004529953,0.34119999408721924
YOL028C,YOR368W,0,-5.118044,0.0780659094452858,0.289000004529953,0.34130001068115234
YPR122W,YOL001W,0,-5.1181393,0.0780448317527771,0.289000004529953,0.34139999747276306
YHR070W,YIL072W,0,-5.118203,0.078023761510849,0.289000004529953,0.34150001406669617
YCL063W,YHR060W,1,-5.118393,0.07827260345220566,0.28999999165534973,0.34150001406669617
YMR008C,YAL026C,0,-5.1184015,0.07825148105621338,0.28999999165534973,0.3416000008583069
YGR177C,YDL064W,0,-5.1184773,0.0782303735613823,0.28999999165534973,0.3416999876499176
YHL038C,YOR208W,0,-5.1188154,0.0782092735171318,0.28999999165534973,0.3418000042438507
YMR267W,YPL152W,0,-5.1190434,0.07818818837404251,0.28999999165534973,0.3418999910354614
YHR026W,YOR068C,1,-5.119151,0.07843665778636932,0.29100000858306885,0.3418999910354614
YEL054C,YBL103C,0,-5.119481,0.07841552048921585,0.29100000858306885,0.34200000762939453
YHL038C,YPR154W,0,-5.120062,0.07839439809322357,0.29100000858306885,0.34209999442100525
YGL213C,YGL055W,0,-5.1202917,0.07837328314781189,0.29100000858306885,0.34220001101493835
YDL227C,YIL112W,0,-5.1203613,0.0783521831035614,0.29100000858306885,0.3422999978065491
YDR097C,YER120W,0,-5.120383,0.07833109050989151,0.29100000858306885,0.3424000144004822
YGL019W,YOL016C,0,-5.120534,0.07831001281738281,0.29100000858306885,0.3425000011920929
YOL123W,YJR053W,0,-5.1206923,0.07828894257545471,0.29100000858306885,0.3425999879837036
YNR035C,YNL328C,0,-5.120763,0.0782678872346878,0.29100000858306885,0.3427000045776367
YGL144C,YHR013C,0,-5.1210127,0.0782468393445015,0.29100000858306885,0.34279999136924744
YOL069W,YOR078W,0,-5.1211185,0.07822580635547638,0.29100000858306885,0.34290000796318054
YDR013W,YMR199W,0,-5.1220303,0.07820478081703186,0.29100000858306885,0.34299999475479126
YLR276C,YLR007W,0,-5.1220446,0.07818377017974854,0.29100000858306885,0.34310001134872437
YMR091C,YFL010W-A,0,-5.122145,0.0781627744436264,0.29100000858306885,0.3431999981403351
YIL017C,YBR193C,0,-5.1223526,0.07814178615808487,0.29100000858306885,0.3433000147342682
YJL012C,YNL054W,1,-5.122427,0.07838926464319229,0.2919999957084656,0.3433000147342682
YMR319C,YPL032C,0,-5.1225486,0.07836822420358658,0.2919999957084656,0.3434000015258789
YGR188C,YMR137C,0,-5.1226444,0.07834719866514206,0.2919999957084656,0.3434999883174896
YNL066W,YOL005C,0,-5.122735,0.07832618057727814,0.2919999957084656,0.34360000491142273
YCR024C-A,YMR145C,0,-5.1230454,0.07830517739057541,0.2919999957084656,0.34369999170303345
YPR124W,YLR363C,0,-5.12314,0.07828418165445328,0.2919999957084656,0.34380000829696655
YGR216C,YFL025C,0,-5.123251,0.07826320081949234,0.2919999957084656,0.34389999508857727
YOR244W,YJR126C,0,-5.1232786,0.078242227435112,0.2919999957084656,0.3440000116825104
YJR082C,YER045C,0,-5.1233354,0.07822126895189285,0.2919999957084656,0.3440999984741211
YOR137C,YPL208W,0,-5.123421,0.0782003179192543,0.2919999957084656,0.3441999852657318
YPR031W,YOL031C,0,-5.123551,0.07817938178777695,0.2919999957084656,0.3443000018596649
YLR045C,YMR075W,0,-5.1242275,0.07815846055746078,0.2919999957084656,0.34439998865127563
YOR206W,YGL044C,0,-5.1245494,0.07813754677772522,0.2919999957084656,0.34450000524520874
YDL077C,YPR036W,1,-5.124676,0.0783841609954834,0.2930000126361847,0.34450000524520874
YBR276C,YJL184W,0,-5.124766,0.07836319506168365,0.2930000126361847,0.34459999203681946
YPR057W,YIL051C,0,-5.1248713,0.0783422440290451,0.2930000126361847,0.34470000863075256
YPL234C,YLR240W,1,-5.1253586,0.07858861237764359,0.2939999997615814,0.34470000863075256
YOL151W,YEL050C,0,-5.125375,0.07856760919094086,0.2939999997615814,0.3447999954223633
YMR125W,YGL027C,0,-5.1254168,0.07854662090539932,0.2939999997615814,0.3449000120162964
YEL056W,YBR228W,0,-5.125682,0.07852564007043839,0.2939999997615814,0.3449999988079071
YLR231C,YLL019C,0,-5.1259413,0.07850467413663864,0.2939999997615814,0.3450999855995178
YHR014W,YJL095W,0,-5.12599,0.0784837156534195,0.2939999997615814,0.3452000021934509
YNL202W,YJR009C,0,-5.126503,0.07846277207136154,0.2939999997615814,0.34529998898506165
YDR211W,YPL047W,0,-5.1265545,0.07844183593988419,0.2939999997615814,0.34540000557899475
YGL094C,YMR234W,0,-5.1266108,0.07842091470956802,0.2939999997615814,0.34549999237060547
YAL056W,YDR176W,0,-5.1266527,0.07840000092983246,0.2939999997615814,0.3456000089645386
YKL042W,YNR002C,0,-5.1266894,0.07837910205125809,0.2939999997615814,0.3456999957561493
YER015W,YDR030C,0,-5.1273594,0.07835821062326431,0.2939999997615814,0.3458000123500824
YDR247W,YOL104C,0,-5.127718,0.07833732664585114,0.2939999997615814,0.3458999991416931
YGR296W,YIL142W,0,-5.127816,0.07831646502017975,0.2939999997615814,0.34599998593330383
YHR166C,YJL179W,0,-5.128044,0.07829560339450836,0.2939999997615814,0.34610000252723694
YGL194C,YDR515W,0,-5.1284785,0.07827475666999817,0.2939999997615814,0.34619998931884766
YLR051C,YOR304W,0,-5.1287756,0.07825392484664917,0.2939999997615814,0.34630000591278076
YDR005C,YHR096C,0,-5.1293283,0.07823310047388077,0.2939999997615814,0.3463999927043915
YPL235W,YGR171C,0,-5.1294403,0.07821229100227356,0.2939999997615814,0.3465000092983246
YJR065C,YOR297C,0,-5.129576,0.07819148898124695,0.2939999997615814,0.3465999960899353
YDR009W,YDR164C,0,-5.129635,0.07817070186138153,0.2939999997615814,0.3467000126838684
YOL091W,YBR020W,0,-5.1298175,0.07814992219209671,0.2939999997615814,0.3467999994754791
YMR058W,YNL009W,0,-5.130186,0.07812914997339249,0.2939999997615814,0.34689998626708984
YDR289C,YLR401C,0,-5.130257,0.07810839265584946,0.2939999997615814,0.34700000286102295
YKR060W,YMR246W,0,-5.130296,0.07808765023946762,0.2939999997615814,0.34709998965263367
YJL087C,YGL120C,0,-5.1307735,0.07806691527366638,0.2939999997615814,0.3472000062465668
YML126C,YIL065C,0,-5.1309094,0.07804618775844574,0.2939999997615814,0.3472999930381775
YPL231W,YER041W,0,-5.1309624,0.07802547514438629,0.2939999997615814,0.3474000096321106
YHR015W,YDR011W,0,-5.131306,0.07800477743148804,0.2939999997615814,0.3474999964237213
YDR414C,YNL061W,0,-5.1314173,0.07798408716917038,0.2939999997615814,0.3476000130176544
YDR481C,YAL047C,0,-5.131467,0.07796340435743332,0.2939999997615814,0.34769999980926514
YPL055C,YDR016C,0,-5.1316357,0.07794273644685745,0.2939999997615814,0.34779998660087585
YOR185C,YBR042C,0,-5.1320815,0.07792207598686218,0.2939999997615814,0.34790000319480896
YGR202C,YPR010C,0,-5.1339436,0.0779014304280281,0.2939999997615814,0.3479999899864197
YMR288W,YGR157W,0,-5.1342316,0.07788079231977463,0.2939999997615814,0.3481000065803528
YLR314C,YKL173W,0,-5.1344137,0.07786016911268234,0.2939999997615814,0.3481999933719635
YOR144C,YDR129C,0,-5.134424,0.07783955335617065,0.2939999997615814,0.3483000099658966
YPL086C,YIL026C,0,-5.134548,0.07781895250082016,0.2939999997615814,0.3483999967575073
YGL208W,YDR130C,0,-5.134705,0.07779835909605026,0.2939999997615814,0.34850001335144043
YJL012C,YDR080W,1,-5.1347857,0.07804232835769653,0.29499998688697815,0.34850001335144043
YDR346C,YMR073C,0,-5.135106,0.07802169024944305,0.29499998688697815,0.34860000014305115
YPL049C,YGL194C,0,-5.1352253,0.07800105959177017,0.29499998688697815,0.34869998693466187
YKL085W,YDR469W,0,-5.1355047,0.07798043638467789,0.29499998688697815,0.34880000352859497
YCR089W,YER177W,0,-5.1359673,0.0779598280787468,0.29499998688697815,0.3488999903202057
YPL196W,YBR098W,0,-5.136478,0.0779392346739769,0.29499998688697815,0.3490000069141388
YPL188W,YPL137C,0,-5.1367884,0.0779186487197876,0.29499998688697815,0.3490999937057495
YDR322C-A,YCR094W,0,-5.136877,0.0778980702161789,0.29499998688697815,0.3492000102996826
YOR026W,YNL186W,0,-5.1369543,0.07787750661373138,0.29499998688697815,0.34929999709129333
YMR058W,YDR005C,0,-5.1370277,0.07785695791244507,0.29499998688697815,0.34940001368522644
YHR102W,YGR178C,0,-5.137412,0.07783640921115875,0.29499998688697815,0.34950000047683716
YOL117W,YGR256W,0,-5.1374316,0.07781588286161423,0.29499998688697815,0.3495999872684479
YLR438C-A,YHR183W,0,-5.13774,0.0777953565120697,0.29499998688697815,0.349700003862381
YJR004C,YEL029C,0,-5.1378503,0.07777484506368637,0.29499998688697815,0.3497999906539917
YLR060W,YDR264C,0,-5.1385283,0.07775434851646423,0.29499998688697815,0.3499000072479248
YLR248W,YJR013W,0,-5.13858,0.07773385941982269,0.29499998688697815,0.3499999940395355
YGL226C-A,YMR004W,0,-5.139082,0.07771338522434235,0.29499998688697815,0.35010001063346863
YMR273C,YJL072C,0,-5.1391954,0.0776929184794426,0.29499998688697815,0.35019999742507935
YBR250W,YDR473C,0,-5.13929,0.07767245918512344,0.29499998688697815,0.35030001401901245
YMR276W,YOL028C,0,-5.139413,0.07765201479196548,0.29499998688697815,0.35040000081062317
YKL051W,YLR148W,1,-5.14019,0.07789473980665207,0.29600000381469727,0.35040000081062317
YKL008C,YLR266C,0,-5.140354,0.07787424325942993,0.29600000381469727,0.3504999876022339
YPL268W,YFR019W,1,-5.14044,0.07811678200960159,0.296999990940094,0.3504999876022339
YJL035C,YDR407C,0,-5.140567,0.07809624075889587,0.296999990940094,0.350600004196167
YDR311W,YGL089C,0,-5.140726,0.07807570695877075,0.296999990940094,0.3506999909877777
YPL053C,YDL148C,0,-5.1408587,0.07805518805980682,0.296999990940094,0.3508000075817108
YAL002W,YBR195C,0,-5.141097,0.07803468406200409,0.296999990940094,0.35089999437332153
YGR239C,YGR281W,0,-5.141637,0.07801418751478195,0.296999990940094,0.35100001096725464
YBR179C,YDR516C,0,-5.1417017,0.07799369841814041,0.296999990940094,0.35109999775886536
YLR376C,YMR319C,0,-5.1417613,0.07797322422266006,0.296999990940094,0.35120001435279846
YDR495C,YKL080W,1,-5.1420426,0.07821522653102875,0.2980000078678131,0.35120001435279846
YLR447C,YOR068C,1,-5.1421175,0.07845709472894669,0.29899999499320984,0.35120001435279846
YML021C,YMR198W,0,-5.142483,0.07843651622533798,0.29899999499320984,0.3513000011444092
YGR261C,YNL250W,0,-5.14253,0.07841594517230988,0.29899999499320984,0.3513999879360199
YJR137C,YLR176C,0,-5.14256,0.07839538902044296,0.29899999499320984,0.351500004529953
YFR004W,YLR467W,0,-5.1427693,0.07837483286857605,0.29899999499320984,0.3515999913215637
YDL077C,YNL326C,1,-5.142785,0.07861635088920593,0.30000001192092896,0.3515999913215637
YDL060W,YGL065C,0,-5.1428423,0.07859575748443604,0.30000001192092896,0.3517000079154968
YDR016C,YMR184W,0,-5.1428623,0.07857517153024673,0.30000001192092896,0.35179999470710754
YAR042W,YDR247W,0,-5.142951,0.07855459302663803,0.30000001192092896,0.35190001130104065
YNL054W,YLR240W,1,-5.1429615,0.07879581302404404,0.3009999990463257,0.35190001130104065
YMR270C,YBL034C,0,-5.1429987,0.07877518981695175,0.3009999990463257,0.35199999809265137
YBR289W,YDR183W,0,-5.14316,0.07875458151102066,0.3009999990463257,0.3521000146865845
YLR110C,YOL156W,0,-5.143264,0.07873398065567017,0.3009999990463257,0.3522000014781952
YOR038C,YCL027W,0,-5.143286,0.07871338725090027,0.3009999990463257,0.3522999882698059
YMR183C,YAL010C,0,-5.14363,0.07869280874729156,0.3009999990463257,0.352400004863739
YMR006C,YMR104C,0,-5.1440315,0.07867224514484406,0.3009999990463257,0.35249999165534973
YDL080C,YIL053W,0,-5.1444836,0.07865168899297714,0.3009999990463257,0.35260000824928284
YEL004W,YGR169C,0,-5.144685,0.07863114029169083,0.3009999990463257,0.35269999504089355
YML016C,YDR221W,0,-5.144849,0.0786106064915657,0.3009999990463257,0.35280001163482666
YPL086C,YBL055C,0,-5.1451063,0.07859008014202118,0.3009999990463257,0.3528999984264374
YBR098W,YHR098C,0,-5.1451864,0.07856956124305725,0.3009999990463257,0.3529999852180481
YDR263C,YJR059W,0,-5.1452103,0.07854905724525452,0.3009999990463257,0.3531000018119812
YDR268W,YOR344C,0,-5.1452866,0.07852856814861298,0.3009999990463257,0.3531999886035919
YDL098C,YLR102C,0,-5.145522,0.07850808650255203,0.3009999990463257,0.353300005197525
YFL058W,YBR215W,0,-5.1457157,0.07848761230707169,0.3009999990463257,0.35339999198913574
YGR227W,YEL031W,0,-5.146225,0.07846715301275253,0.3009999990463257,0.35350000858306885
YDL220C,YLR006C,0,-5.1467586,0.07844670116901398,0.3009999990463257,0.35359999537467957
YDR436W,YDR424C,0,-5.1468787,0.07842626422643661,0.3009999990463257,0.35370001196861267
YKL080W,YCL063W,1,-5.1473684,0.0786663219332695,0.3019999861717224,0.35370001196861267
YJL031C,YMR192W,0,-5.1477385,0.07864583283662796,0.3019999861717224,0.3537999987602234
YPR188C,YOR046C,0,-5.148295,0.07862535864114761,0.3019999861717224,0.3538999855518341
YBR132C,YER088C,0,-5.14872,0.07860489189624786,0.3019999861717224,0.3540000021457672
YER088C,YPR010C,0,-5.148941,0.07858444005250931,0.3019999861717224,0.35409998893737793
YOR049C,YMR135C,0,-5.149145,0.07856399565935135,0.3019999861717224,0.35420000553131104
YKL068W,YLR039C,0,-5.149597,0.07854356616735458,0.3019999861717224,0.35429999232292175
YPR163C,YMR293C,0,-5.150193,0.07852314412593842,0.3019999861717224,0.35440000891685486
YOL128C,YHL003C,0,-5.150523,0.07850272953510284,0.3019999861717224,0.3544999957084656
YHR116W,YFR034C,0,-5.1510673,0.07848232984542847,0.3019999861717224,0.3546000123023987
YEL017C-A,YGL171W,0,-5.1510715,0.07846193760633469,0.3019999861717224,0.3546999990940094
YAR031W,YML099C,0,-5.1514816,0.0784415602684021,0.3019999861717224,0.3547999858856201
YAR019C,YHR081W,0,-5.1516542,0.07842119038105011,0.3019999861717224,0.3549000024795532
YIR021W,YLR195C,0,-5.1519775,0.07840082794427872,0.3019999861717224,0.35499998927116394
YDL017W,YGL171W,0,-5.1520424,0.07838048040866852,0.3019999861717224,0.35510000586509705
YNL280C,YJR160C,0,-5.1521864,0.07836014777421951,0.3019999861717224,0.35519999265670776
YDR323C,YNL207W,0,-5.1528335,0.07833981513977051,0.3019999861717224,0.35530000925064087
YHL003C,YER190W,0,-5.152976,0.0783195048570633,0.3019999861717224,0.3553999960422516
YGR177C,YIR010W,0,-5.1530147,0.07829919457435608,0.3019999861717224,0.3555000126361847
YDL212W,YMR058W,0,-5.153491,0.07827889919281006,0.3019999861717224,0.3555999994277954
YBR276C,YNL004W,0,-5.153591,0.07825861871242523,0.3019999861717224,0.35569998621940613
YMR055C,YLR424W,0,-5.153655,0.078238345682621,0.3019999861717224,0.35580000281333923
YPL033C,YPL266W,0,-5.153742,0.07821808010339737,0.3019999861717224,0.35589998960494995
YKR101W,YPR199C,0,-5.1537676,0.07819782197475433,0.3019999861717224,0.35600000619888306
YNL328C,YIL132C,0,-5.154021,0.07817757874727249,0.3019999861717224,0.3560999929904938
YKL026C,YHR012W,0,-5.154075,0.07815735042095184,0.3019999861717224,0.3562000095844269
YBL057C,YPL100W,0,-5.1541157,0.07813712954521179,0.3019999861717224,0.3562999963760376
YGR120C,YCL001W,0,-5.154144,0.07811691612005234,0.3019999861717224,0.3564000129699707
YJR001W,YIL010W,0,-5.154428,0.07809671759605408,0.3019999861717224,0.3564999997615814
YBL050W,YOR068C,1,-5.154863,0.07833505421876907,0.30300000309944153,0.3564999997615814
YIL140W,YAL033W,0,-5.154925,0.07831481099128723,0.30300000309944153,0.35659998655319214
YDL178W,YGR059W,0,-5.154998,0.07829457521438599,0.30300000309944153,0.35670000314712524
YKL119C,YDL077C,1,-5.1550503,0.07853268086910248,0.30399999022483826,0.35670000314712524
YOR310C,YPL128C,0,-5.155077,0.07851240038871765,0.30399999022483826,0.35679998993873596
YLR155C,YML088W,0,-5.155189,0.07849212735891342,0.30399999022483826,0.35690000653266907
YLR210W,YFR031C,0,-5.156016,0.07847186177968979,0.30399999022483826,0.3569999933242798
YGL087C,YOR193W,0,-5.156058,0.07845161110162735,0.30399999022483826,0.3571000099182129
YNL051W,YEL029C,0,-5.1561313,0.0784313753247261,0.30399999022483826,0.3571999967098236
YMR167W,YLR051C,0,-5.1565104,0.07841113954782486,0.30399999022483826,0.3573000133037567
YLR314C,YHR172W,0,-5.156621,0.0783909261226654,0.30399999022483826,0.35740000009536743
YDR358W,YKL055C,0,-5.1568484,0.07837071269750595,0.30399999022483826,0.35749998688697815
YNL027W,YBR186W,0,-5.1573844,0.07835051417350769,0.30399999022483826,0.35760000348091125
YDR495C,YOR068C,1,-5.157895,0.07858799397945404,0.3050000071525574,0.35760000348091125
YML102W,YLR433C,0,-5.1581535,0.0785677507519722,0.3050000071525574,0.357699990272522
YKR079C,YDR060W,0,-5.1583023,0.07854751497507095,0.3050000071525574,0.3578000068664551
YJR092W,YEL018W,0,-5.158676,0.0785272940993309,0.3050000071525574,0.3578999936580658
YOR217W,YBL082C,0,-5.158886,0.07850708067417145,0.3050000071525574,0.3580000102519989
YBR182C,YMR199W,0,-5.1596055,0.07848687469959259,0.3050000071525574,0.3580999970436096
YDR156W,YGR098C,0,-5.159647,0.07846668362617493,0.3050000071525574,0.3582000136375427
YDR297W,YDR386W,0,-5.159745,0.07844650000333786,0.3050000071525574,0.35830000042915344
YMR016C,YMR112C,0,-5.159855,0.07842633128166199,0.3050000071525574,0.35839998722076416
YDR365C,YDR392W,0,-5.1600704,0.07840617001056671,0.3050000071525574,0.35850000381469727
YJR082C,YHL007C,0,-5.1603913,0.07838601619005203,0.3050000071525574,0.358599990606308
YDL243C,YKR046C,0,-5.1604576,0.07836587727069855,0.3050000071525574,0.3587000072002411
YNL021W,YBR002C,0,-5.160464,0.07834574580192566,0.3050000071525574,0.3587999939918518
YDL080C,YBR267W,0,-5.160483,0.07832562923431396,0.3050000071525574,0.3589000105857849
YOR127W,YGL030W,0,-5.1609726,0.07830552011728287,0.3050000071525574,0.35899999737739563
YKL008C,YOR133W,0,-5.1610155,0.07828541845083237,0.3050000071525574,0.35910001397132874
YBR088C,YKL018W,0,-5.1611824,0.07826533168554306,0.3050000071525574,0.35920000076293945
YGR103W,YBR023C,0,-5.1612062,0.07824525237083435,0.3050000071525574,0.35929998755455017
YDR180W,YPL119C,0,-5.1614065,0.07822518795728683,0.3050000071525574,0.3594000041484833
YPR036W,YLR240W,1,-5.1614714,0.07846153527498245,0.3059999942779541,0.3594000041484833
YAL009W,YGL090W,0,-5.1616297,0.07844142615795135,0.3059999942779541,0.359499990940094
YPL083C,YMR305C,0,-5.1619234,0.07842132449150085,0.3059999942779541,0.3596000075340271
YJR104C,YNL304W,0,-5.162819,0.07840123027563095,0.3059999942779541,0.3596999943256378
YDR205W,YGL033W,0,-5.162863,0.07838115096092224,0.3059999942779541,0.3598000109195709
YDR045C,YHR123W,0,-5.1634045,0.07836107909679413,0.3059999942779541,0.35989999771118164
YOR315W,YOR354C,0,-5.1638374,0.07834101468324661,0.3059999942779541,0.36000001430511475
YLR382C,YKL022C,0,-5.164578,0.07832096517086029,0.3059999942779541,0.36010000109672546
YKR024C,YOL111C,0,-5.164583,0.07830092310905457,0.3059999942779541,0.3601999878883362
YOL072W,YMR220W,0,-5.1646614,0.07828088849782944,0.3059999942779541,0.3603000044822693
YKL172W,YBR083W,0,-5.164988,0.0782608687877655,0.3059999942779541,0.36039999127388
YOR326W,YEL051W,1,-5.1651425,0.0784965455532074,0.3070000112056732,0.36039999127388
YJL024C,YIL065C,0,-5.1654935,0.07847648113965988,0.3070000112056732,0.3605000078678131
YBR010W,YGR270W,0,-5.165573,0.07845642417669296,0.3070000112056732,0.36059999465942383
YHR102W,YGR075C,0,-5.1660204,0.07843638211488724,0.3070000112056732,0.36070001125335693
YDL247W,YER012W,0,-5.1665545,0.07841634750366211,0.3070000112056732,0.36079999804496765
YBL033C,YDR478W,0,-5.1673822,0.07839632034301758,0.3070000112056732,0.36090001463890076
YBL033C,YLR435W,0,-5.16739,0.07837630808353424,0.3070000112056732,0.3610000014305115
YLR096W,YHR099W,0,-5.167517,0.0783563032746315,0.3070000112056732,0.3610999882221222
YKL012W,YOR034C,0,-5.167709,0.07833631336688995,0.3070000112056732,0.3612000048160553
YHR123W,YJL061W,0,-5.167741,0.07831632345914841,0.3070000112056732,0.361299991607666
YPL125W,YNL197C,0,-5.1678333,0.07829635590314865,0.3070000112056732,0.3614000082015991
YKL190W,YCR028C-A,0,-5.1680717,0.0782763883471489,0.3070000112056732,0.36149999499320984
YGR217W,YDR356W,0,-5.168644,0.07825643569231033,0.3070000112056732,0.36160001158714294
YJL061W,YLR107W,0,-5.1686807,0.07823649048805237,0.3070000112056732,0.36169999837875366
YMR301C,YLL012W,0,-5.168811,0.0782165601849556,0.3070000112056732,0.3617999851703644
YAL009W,YDR523C,0,-5.169418,0.07819663733243942,0.3070000112056732,0.3619000017642975
YGL210W,YHR178W,0,-5.1697235,0.07817672193050385,0.3070000112056732,0.3619999885559082
YJR104C,YNL053W,0,-5.170353,0.07815682142972946,0.3070000112056732,0.3621000051498413
YGR213C,YGR284C,0,-5.171069,0.07813692837953568,0.3070000112056732,0.362199991941452
YGR163W,YDR346C,0,-5.171192,0.07811705023050308,0.3070000112056732,0.36230000853538513
YMR301C,YIL031W,0,-5.1712894,0.07809717953205109,0.3070000112056732,0.36239999532699585
YMR013C,YNL044W,0,-5.1716375,0.07807731628417969,0.3070000112056732,0.36250001192092896
YBR205W,YBR058C-A,0,-5.171775,0.07805746048688889,0.3070000112056732,0.3625999987125397
YDR118W,YNL148C,0,-5.1719656,0.07803761959075928,0.3070000112056732,0.3626999855041504
YHR031C,YJR150C,0,-5.171982,0.07801778614521027,0.3070000112056732,0.3628000020980835
YBR260C,YMR186W,0,-5.1720304,0.07799796760082245,0.3070000112056732,0.3628999888896942
YMR167W,YDL112W,0,-5.172103,0.07797815650701523,0.3070000112056732,0.3630000054836273
YMR239C,YCR027C,0,-5.172695,0.0779583528637886,0.3070000112056732,0.36309999227523804
YJL129C,YDL069C,0,-5.1727095,0.07793856412172318,0.3070000112056732,0.36320000886917114
YPR056W,YDL102W,0,-5.172904,0.07791878283023834,0.3070000112056732,0.36329999566078186
YMR183C,YOR371C,0,-5.1730947,0.0778990089893341,0.3070000112056732,0.36340001225471497
YIL173W,YKL149C,0,-5.173113,0.07787925004959106,0.3070000112056732,0.3634999990463257
YGR178C,YGR284C,0,-5.1733007,0.07785949856042862,0.3070000112056732,0.3635999858379364
YGL175C,YOL069W,0,-5.1733723,0.07783975452184677,0.3070000112056732,0.3637000024318695
YDR270W,YDR416W,0,-5.173389,0.07782002538442612,0.3070000112056732,0.3637999892234802
YOL088C,YKL170W,0,-5.1740255,0.07780030369758606,0.3070000112056732,0.36390000581741333
YHR067W,YOL008W,0,-5.1741123,0.0777805894613266,0.3070000112056732,0.36399999260902405
YMR247C,YKL125W,0,-5.1743865,0.07776089012622833,0.3070000112056732,0.36410000920295715
YPR168W,YKL160W,0,-5.17521,0.07774119824171066,0.3070000112056732,0.36419999599456787
YDL244W,YHR059W,0,-5.175642,0.07772152125835419,0.3070000112056732,0.364300012588501
YMR032W,YPL195W,0,-5.1757717,0.07770184427499771,0.3070000112056732,0.3643999993801117
YMR092C,YGR080W,0,-5.175871,0.07768218964338303,0.3070000112056732,0.3644999861717224
YDR337W,YGR192C,0,-5.1759562,0.07766253501176834,0.3070000112056732,0.3646000027656555
YKL086W,YHR181W,0,-5.1759615,0.07764289528131485,0.3070000112056732,0.36469998955726624
YJR021C,YLR451W,0,-5.1762114,0.07762326300144196,0.3070000112056732,0.36480000615119934
YLR086W,YAL025C,0,-5.176237,0.07760363817214966,0.3070000112056732,0.36489999294281006
YDL178W,YOR195W,0,-5.176273,0.07758402824401855,0.3070000112056732,0.36500000953674316
YIR005W,YLR340W,0,-5.1762934,0.07756442576646805,0.3070000112056732,0.3650999963283539
YHL020C,YAL010C,0,-5.176313,0.07754483819007874,0.3070000112056732,0.365200012922287
YNL327W,YDL232W,0,-5.1766043,0.07752525061368942,0.3070000112056732,0.3652999997138977
YOR113W,YDL005C,0,-5.176619,0.0775056779384613,0.3070000112056732,0.3653999865055084
YLL008W,YMR136W,0,-5.1766324,0.07748612016439438,0.3070000112056732,0.36550000309944153
YGL168W,YPR154W,0,-5.1768765,0.07746656239032745,0.3070000112056732,0.36559998989105225
YMR145C,YKR085C,0,-5.1769576,0.07744701951742172,0.3070000112056732,0.36570000648498535
YNR035C,YJR145C,0,-5.177408,0.07742749154567719,0.3070000112056732,0.36579999327659607
YOR198C,YNL053W,0,-5.17746,0.07740797102451324,0.3070000112056732,0.3659000098705292
YDL198C,YNL001W,0,-5.1776476,0.0773884579539299,0.3070000112056732,0.3659999966621399
YMR042W,YCR010C,0,-5.177667,0.07736895233392715,0.3070000112056732,0.366100013256073
YPR023C,YBR132C,0,-5.177887,0.0773494616150856,0.3070000112056732,0.3662000000476837
YPR125W,YFL059W,0,-5.178276,0.07732997834682465,0.3070000112056732,0.36629998683929443
YPL178W,YEL061C,0,-5.178907,0.07731050252914429,0.3070000112056732,0.36640000343322754
YNL268W,YAL015C,0,-5.178979,0.07729103416204453,0.3070000112056732,0.36649999022483826
YDL201W,YEL031W,0,-5.178979,0.07727158069610596,0.3070000112056732,0.36660000681877136
YLR181C,YGL028C,0,-5.1790504,0.07725214213132858,0.3070000112056732,0.3666999936103821
YJL121C,YDL232W,0,-5.1792965,0.07723270356655121,0.3070000112056732,0.3668000102043152
YBL023C,YJR150C,0,-5.179316,0.07721327990293503,0.3070000112056732,0.3668999969959259
YHR026W,YNL326C,1,-5.1794086,0.07744531333446503,0.30799999833106995,0.3668999969959259
YPR024W,YJL222W,0,-5.180478,0.07742584496736526,0.30799999833106995,0.367000013589859
YIL120W,YGR059W,0,-5.180686,0.0774063840508461,0.30799999833106995,0.3671000003814697
YGL175C,YGR086C,0,-5.1808662,0.07738693803548813,0.30799999833106995,0.36719998717308044
YKL191W,YML016C,0,-5.1812396,0.07736749202013016,0.30799999833106995,0.36730000376701355
YGR214W,YOR080W,0,-5.1819425,0.07734806835651398,0.30799999833106995,0.36739999055862427
YOL064C,YCL027W,0,-5.1821856,0.0773286446928978,0.30799999833106995,0.3675000071525574
YMR292W,YLR318W,0,-5.18271,0.07730923593044281,0.30799999833106995,0.3675999939441681
YBR276C,YPR124W,0,-5.1827316,0.07728983461856842,0.30799999833106995,0.3677000105381012
YDR123C,YNL182C,0,-5.1831803,0.07727044820785522,0.30799999833106995,0.3677999973297119
YGR163W,YBL003C,0,-5.1836557,0.07725106924772263,0.30799999833106995,0.367900013923645
YGL257C,YOR269W,0,-5.18367,0.07723169773817062,0.30799999833106995,0.36800000071525574
YKR095W,YDR331W,0,-5.1837482,0.07721233367919922,0.30799999833106995,0.36809998750686646
YFL004W,YDR017C,1,-5.1839285,0.07744360715150833,0.3089999854564667,0.36809998750686646
YEL018W,YDR492W,0,-5.1840506,0.07742420583963394,0.3089999854564667,0.36820000410079956
YPL046C,YDR167W,0,-5.184495,0.07740481197834015,0.3089999854564667,0.3682999908924103
YGL191W,YER174C,0,-5.1845117,0.07738542556762695,0.3089999854564667,0.3684000074863434
YDL126C,YLR079W,0,-5.1848345,0.07736604660749435,0.3089999854564667,0.3684999942779541
YGL151W,YDL232W,0,-5.1853747,0.07734668254852295,0.3089999854564667,0.3686000108718872
YKR079C,YPR198W,0,-5.185499,0.07732732594013214,0.3089999854564667,0.3686999976634979
YPL234C,YOR326W,1,-5.1856422,0.07755816727876663,0.3100000023841858,0.3686999976634979
YGR013W,YLL011W,0,-5.185666,0.07753876596689224,0.3100000023841858,0.36880001425743103
YFR034C,YBR218C,0,-5.185808,0.07751937955617905,0.3100000023841858,0.36890000104904175
YKR079C,YLR429W,0,-5.186101,0.07750000059604645,0.3100000023841858,0.36899998784065247
YDR320C-A,YLR114C,0,-5.1861567,0.07748062908649445,0.3100000023841858,0.36910000443458557
YOR005C,YJR035W,0,-5.1867294,0.07746127247810364,0.3100000023841858,0.3691999912261963
YDR173C,YDR156W,0,-5.1867795,0.07744191586971283,0.3100000023841858,0.3693000078201294
YDR143C,YHR082C,0,-5.186972,0.07742257416248322,0.3100000023841858,0.3693999946117401
YNL304W,YDL244W,0,-5.187065,0.0774032473564148,0.3100000023841858,0.3695000112056732
YOL115W,YKL002W,0,-5.187237,0.07738392055034637,0.3100000023841858,0.36959999799728394
YOL102C,YFL011W,0,-5.1877832,0.07736460864543915,0.3100000023841858,0.36970001459121704
YLR060W,YMR015C,0,-5.188226,0.07734531164169312,0.3100000023841858,0.36980000138282776
YLR382C,YJR137C,0,-5.1882896,0.07732601463794708,0.3100000023841858,0.3698999881744385
YHR026W,YCL063W,1,-5.1884756,0.07755611091852188,0.3109999895095825,0.3698999881744385
YDR527W,YNL329C,0,-5.1889143,0.07753677666187286,0.3109999895095825,0.3700000047683716
YLR175W,YDR252W,0,-5.1889396,0.07751744985580444,0.3109999895095825,0.3700999915599823
YER093C,YGR009C,0,-5.189357,0.07749813050031662,0.3109999895095825,0.3702000081539154
YBR132C,YIL009W,0,-5.189382,0.07747882604598999,0.3109999895095825,0.3702999949455261
YGR261C,YBR245C,0,-5.189731,0.07745952904224396,0.3109999895095825,0.37040001153945923
YDR280W,YJL170C,0,-5.189955,0.07744023948907852,0.3109999895095825,0.37049999833106995
YPL240C,YOR174W,0,-5.190387,0.07742095738649368,0.3109999895095825,0.37059998512268066
YDL097C,YGL143C,0,-5.1907067,0.07740169018507004,0.3109999895095825,0.37070000171661377
YMR013C,YLR274W,0,-5.1907806,0.07738243043422699,0.3109999895095825,0.3707999885082245
YEL057C,YMR093W,0,-5.1909046,0.07736318558454514,0.3109999895095825,0.3709000051021576
YPL083C,YJL194W,0,-5.191053,0.07734394073486328,0.3109999895095825,0.3709999918937683
YHR027C,YDR364C,0,-5.191277,0.07732471078634262,0.3109999895095825,0.3711000084877014
YCL008C,YJL048C,0,-5.1913786,0.07730549573898315,0.3109999895095825,0.37119999527931213
YER070W,YBL015W,0,-5.1914473,0.07728628069162369,0.3109999895095825,0.37130001187324524
YDL190C,YGR245C,0,-5.1914744,0.07726708054542542,0.3109999895095825,0.37139999866485596
YBR020W,YOL082W,0,-5.19154,0.07724788784980774,0.3109999895095825,0.3714999854564667
YDR028C,YOL115W,0,-5.1919155,0.07722870260477066,0.3109999895095825,0.3716000020503998
YPL231W,YMR037C,0,-5.192004,0.07720953226089478,0.3109999895095825,0.3716999888420105
YBR092C,YJL034W,0,-5.1920185,0.07719036936759949,0.3109999895095825,0.3718000054359436
YHR157W,YCL044C,0,-5.1920953,0.0771712139248848,0.3109999895095825,0.3718999922275543
YHR001W,YLL042C,0,-5.1921663,0.0771520733833313,0.3109999895095825,0.3720000088214874
YLR314C,YNL309W,0,-5.192564,0.0771329328417778,0.3109999895095825,0.37209999561309814
YER035W,YAL034W-A,0,-5.192825,0.0771138146519661,0.3109999895095825,0.37220001220703125
YPR108W,YJL141C,0,-5.193276,0.07709469646215439,0.3109999895095825,0.37229999899864197
YGL136C,YHR194W,0,-5.1933002,0.07707558572292328,0.3109999895095825,0.3723999857902527
YOR069W,YNR030W,0,-5.193342,0.07705648988485336,0.3109999895095825,0.3725000023841858
YDL087C,YGL244W,0,-5.1935945,0.07703740149736404,0.3109999895095825,0.3725999891757965
YNL066W,YJL121C,0,-5.193695,0.07701832801103592,0.3109999895095825,0.3727000057697296
YMR238W,YGL106W,0,-5.1938524,0.0769992545247078,0.3109999895095825,0.37279999256134033
YDL105W,YOR371C,0,-5.194076,0.07698019593954086,0.3109999895095825,0.37290000915527344
YKR079C,YNL314W,0,-5.1941977,0.07696114480495453,0.3109999895095825,0.37299999594688416
YNL297C,YLR276C,0,-5.1945686,0.07694210857152939,0.3109999895095825,0.37310001254081726
YLR157C,YPR080W,0,-5.194975,0.07692307978868484,0.3109999895095825,0.373199999332428
YKL018W,YBR195C,0,-5.19527,0.0769040584564209,0.3109999895095825,0.3732999861240387
YML132W,YMR079W,0,-5.1954412,0.07688504457473755,0.3109999895095825,0.3734000027179718
YBR155W,YAL013W,0,-5.1956234,0.0768660381436348,0.3109999895095825,0.3734999895095825
YDL014W,YKR037C,0,-5.1962643,0.07684704661369324,0.3109999895095825,0.3736000061035156
YOR100C,YDL020C,0,-5.1964865,0.07682806253433228,0.3109999895095825,0.37369999289512634
YBR173C,YLR002C,0,-5.1966767,0.07680908590555191,0.3109999895095825,0.37380000948905945
YBR202W,YIR017C,0,-5.196864,0.07679012417793274,0.3109999895095825,0.37389999628067017
YMR225C,YDL149W,0,-5.196903,0.07677116990089417,0.3109999895095825,0.37400001287460327
YNL116W,YIL009C-A,0,-5.197999,0.07675222307443619,0.3109999895095825,0.374099999666214
YPL045W,YCL063W,1,-5.198057,0.07698001712560654,0.31200000643730164,0.374099999666214
YDR318W,YKR086W,0,-5.19821,0.07696102559566498,0.31200000643730164,0.3741999864578247
YDR495C,YHR174W,1,-5.198612,0.0771886557340622,0.31299999356269836,0.3741999864578247
YFL004W,YPL045W,1,-5.198748,0.07741617411375046,0.3140000104904175,0.3741999864578247
YMR125W,YHR178W,0,-5.1989822,0.07739709317684174,0.3140000104904175,0.3743000030517578
YDR236C,YPR173C,0,-5.19981,0.07737801969051361,0.3140000104904175,0.37439998984336853
YFR019W,YOR068C,1,-5.1998653,0.07760532200336456,0.3149999976158142,0.37439998984336853
YOR109W,YHR178W,0,-5.199898,0.07758620381355286,0.3149999976158142,0.37450000643730164
YDR308C,YNL290W,0,-5.2002087,0.07756710052490234,0.3149999976158142,0.37459999322891235
YKR079C,YDR469W,0,-5.20072,0.07754800468683243,0.3149999976158142,0.37470000982284546
YER143W,YDR004W,0,-5.201057,0.07752891629934311,0.3149999976158142,0.3747999966144562
YKL212W,YOR187W,0,-5.201375,0.07750984281301498,0.3149999976158142,0.3749000132083893
YPL095C,YHR072W,0,-5.201382,0.07749077677726746,0.3149999976158142,0.375
YOR120W,YBL106C,0,-5.2016654,0.07747171819210052,0.3149999976158142,0.3750999867916107
YPL268W,YFL039C,1,-5.201792,0.07769855111837387,0.3160000145435333,0.3750999867916107
YGR007W,YGL192W,0,-5.2018266,0.07767944782972336,0.3160000145435333,0.3752000033855438
YDR245W,YHR187W,0,-5.202112,0.07766035944223404,0.3160000145435333,0.37529999017715454
YGL167C,YCL008C,0,-5.202487,0.07764127850532532,0.3160000145435333,0.37540000677108765
YBR112C,YKR085C,0,-5.2028356,0.07762220501899719,0.3160000145435333,0.37549999356269836
YDL244W,YBR110W,0,-5.2030354,0.07760314643383026,0.3160000145435333,0.37560001015663147
YDR423C,YNL003C,0,-5.203316,0.07758408784866333,0.3160000145435333,0.3756999969482422
YJL100W,YML086C,0,-5.203532,0.07756504416465759,0.3160000145435333,0.3758000135421753
YJL031C,YPR030W,0,-5.2038264,0.07754601538181305,0.3160000145435333,0.375900000333786
YBL023C,YJL157C,0,-5.20389,0.0775269865989685,0.3160000145435333,0.37599998712539673
YPL032C,YBR084W,0,-5.2042713,0.07750797271728516,0.3160000145435333,0.37610000371932983
YKR089C,YPR175W,0,-5.20494,0.0774889662861824,0.3160000145435333,0.37619999051094055
YMR167W,YHL031C,0,-5.2050343,0.07746996730566025,0.3160000145435333,0.37630000710487366
YNL070W,YNL328C,0,-5.2050724,0.07745098322629929,0.3160000145435333,0.3763999938964844
YOR198C,YMR106C,0,-5.2052073,0.07743199914693832,0.3160000145435333,0.3765000104904175
YGL122C,YGL168W,0,-5.205244,0.07741302996873856,0.3160000145435333,0.3765999972820282
YBR205W,YMR270C,0,-5.205599,0.07739407569169998,0.3160000145435333,0.3767000138759613
YGR209C,YHR060W,1,-5.2057314,0.07761997729539871,0.31700000166893005,0.3767000138759613
YML023C,YMR030W,0,-5.205886,0.07760097831487656,0.31700000166893005,0.376800000667572
YLR357W,YCR042C,0,-5.205924,0.077581986784935,0.31700000166893005,0.37689998745918274
YLR045C,YNL323W,0,-5.206133,0.07756300270557404,0.31700000166893005,0.37700000405311584
YDR013W,YBR008C,0,-5.2064524,0.07754403352737427,0.31700000166893005,0.37709999084472656
YDR028C,YLR292C,0,-5.206497,0.0775250643491745,0.31700000166893005,0.37720000743865967
YOL138C,YPR133W-A,0,-5.2068367,0.07750611007213593,0.31700000166893005,0.3772999942302704
YDL019C,YBR098W,0,-5.207104,0.07748716324567795,0.31700000166893005,0.3774000108242035
YDL185W,YOR068C,1,-5.2074003,0.07771261036396027,0.3179999887943268,0.3774000108242035
YBR110W,YNL119W,0,-5.207494,0.0776936262845993,0.3179999887943268,0.3774999976158142
YLR396C,YDL077C,1,-5.2081766,0.0779189020395279,0.3190000057220459,0.3774999976158142
YHR030C,YOR290C,0,-5.208196,0.07789988070726395,0.3190000057220459,0.3776000142097473
YNR011C,YJL072C,0,-5.208451,0.077880859375,0.3190000057220459,0.37770000100135803
YKL134C,YMR292W,0,-5.208637,0.07786185294389725,0.3190000057220459,0.37779998779296875
YDR140W,YMR199W,0,-5.2088785,0.0778428465127945,0.3190000057220459,0.37790000438690186
YOL027C,YOR084W,0,-5.209252,0.07782386243343353,0.3190000057220459,0.3779999911785126
YPL177C,YBR175W,0,-5.2093315,0.07780487835407257,0.3190000057220459,0.3781000077724457
YOL165C,YER094C,0,-5.209604,0.0777859091758728,0.3190000057220459,0.3781999945640564
YOR298C-A,YNL225C,0,-5.2105865,0.07776693999767303,0.3190000057220459,0.3783000111579895
YOR298C-A,YLR028C,0,-5.210707,0.07774798572063446,0.3190000057220459,0.3783999979496002
YMR182C,YDR358W,0,-5.2109575,0.07772904634475708,0.3190000057220459,0.3785000145435333
YDL235C,YJR035W,0,-5.21139,0.0777101069688797,0.3190000057220459,0.37860000133514404
YHL036W,YEL003W,0,-5.2115316,0.07769118249416351,0.3190000057220459,0.37869998812675476
YCR039C,YGR204W,0,-5.2116055,0.07767226547002792,0.3190000057220459,0.37880000472068787
YPL095C,YMR006C,0,-5.2116385,0.07765335589647293,0.3190000057220459,0.3788999915122986
YDR181C,YOR151C,0,-5.2118425,0.07763446122407913,0.3190000057220459,0.3790000081062317
YKR024C,YIL167W,0,-5.2120514,0.07761557400226593,0.3190000057220459,0.3790999948978424
YHR150W,YAL001C,0,-5.212055,0.07759669423103333,0.3190000057220459,0.3792000114917755
YPR133C,YPL228W,0,-5.212115,0.07757782191038132,0.3190000057220459,0.37929999828338623
YLR085C,YMR201C,0,-5.21229,0.0775589570403099,0.3190000057220459,0.37940001487731934
YDL161W,YKR001C,0,-5.2123213,0.07754010707139969,0.3190000057220459,0.37950000166893005
YLL002W,YDL087C,0,-5.213172,0.07752126455307007,0.3190000057220459,0.37959998846054077
YOL071W,YER044C,0,-5.21358,0.07750242948532104,0.3190000057220459,0.3797000050544739
YNL160W,YDR481C,0,-5.2136,0.07748360186815262,0.3190000057220459,0.3797999918460846
YFR051C,YOL158C,0,-5.2137804,0.07746478915214539,0.3190000057220459,0.3799000084400177
YLR447C,YCL063W,1,-5.213888,0.07768876105546951,0.3199999928474426,0.3799000084400177
YGL122C,YDL138W,0,-5.213892,0.0776699036359787,0.3199999928474426,0.3799999952316284
YPR080W,YBL011W,0,-5.214034,0.07765105366706848,0.3199999928474426,0.3801000118255615
YOR089C,YLR106C,0,-5.214212,0.07763221859931946,0.3199999928474426,0.38019999861717224
YJL041W,YLR369W,0,-5.2150908,0.07761339098215103,0.3199999928474426,0.38029998540878296
YBL026W,YDR329C,0,-5.2154727,0.0775945708155632,0.3199999928474426,0.38040000200271606
YHL038C,YOL082W,0,-5.2155137,0.07757575809955597,0.3199999928474426,0.3804999887943268
YDR473C,YJR144W,0,-5.2159553,0.07755695283412933,0.3199999928474426,0.3806000053882599
YIL014W,YOR253W,0,-5.216405,0.07753816246986389,0.3199999928474426,0.3806999921798706
YJR021C,YMR008C,0,-5.217248,0.07751937955617905,0.3199999928474426,0.3808000087738037
YGL172W,YOR025W,0,-5.2175426,0.0775006040930748,0.3199999928474426,0.38089999556541443
YKL080W,YOR068C,1,-5.218028,0.07772397249937057,0.32100000977516174,0.38089999556541443
YFL059W,YDL213C,0,-5.21815,0.07770515978336334,0.32100000977516174,0.38100001215934753
YPR165W,YJL026W,0,-5.2182603,0.07768634706735611,0.32100000977516174,0.38109999895095825
YJL072C,YER168C,0,-5.2182846,0.07766755670309067,0.32100000977516174,0.38119998574256897
YBR256C,YKL129C,0,-5.218501,0.07764876633882523,0.32100000977516174,0.3813000023365021
YNL025C,YNL003C,0,-5.2192445,0.07762999087572098,0.32100000977516174,0.3813999891281128
YMR061W,YAL016W,0,-5.2192764,0.07761121541261673,0.32100000977516174,0.3815000057220459
YHR050W,YCR083W,0,-5.219405,0.07759245485067368,0.32100000977516174,0.3815999925136566
YCR082W,YPL055C,0,-5.2195053,0.07757370918989182,0.32100000977516174,0.3817000091075897
YDL178W,YHR197W,0,-5.2195306,0.07755496352910995,0.32100000977516174,0.38179999589920044
YDR545W,YPL010W,0,-5.2195406,0.07753623276948929,0.32100000977516174,0.38190001249313354
YMR004W,YBR015C,0,-5.2196875,0.07751750946044922,0.32100000977516174,0.38199999928474426
YDR246W,YOR156C,0,-5.2202363,0.07749879360198975,0.32100000977516174,0.382099986076355
YNR072W,YAL009W,0,-5.2207403,0.07748008519411087,0.32100000977516174,0.3822000026702881
YMR186W,YHR169W,0,-5.220861,0.07746139168739319,0.32100000977516174,0.3822999894618988
YDR495C,YHR026W,1,-5.220878,0.0776839554309845,0.32199999690055847,0.3822999894618988
YMR035W,YEL056W,0,-5.221176,0.07766521722078323,0.32199999690055847,0.3824000060558319
YCR014C,YLR231C,0,-5.2222157,0.07764649391174316,0.32199999690055847,0.3824999928474426
YGL047W,YPR188C,0,-5.222438,0.0776277706027031,0.32199999690055847,0.38260000944137573
YHR160C,YOL129W,0,-5.2225633,0.07760906219482422,0.32199999690055847,0.38269999623298645
YPR054W,YMR137C,0,-5.222851,0.07759036123752594,0.32199999690055847,0.38280001282691956
YKL008C,YCR020C-A,0,-5.223111,0.07757166773080826,0.32199999690055847,0.3828999996185303
YJL140W,YDL052C,0,-5.2236075,0.07755298912525177,0.32199999690055847,0.382999986410141
YGR169C,YJL201W,0,-5.223713,0.07753431051969528,0.32199999690055847,0.3831000030040741
YDL235C,YLR068W,0,-5.223953,0.07751564681529999,0.32199999690055847,0.3831999897956848
YJL214W,YOL077C,0,-5.2244496,0.07749699056148529,0.32199999690055847,0.3833000063896179
YLR189C,YNR002C,0,-5.224571,0.07747834175825119,0.32199999690055847,0.38339999318122864
YDR356W,YBR198C,0,-5.2248964,0.07745970785617828,0.32199999690055847,0.38350000977516174
YPR030W,YMR162C,0,-5.225069,0.07744107395410538,0.32199999690055847,0.38359999656677246
YDR495C,YNL079C,1,-5.225403,0.07766290009021759,0.3230000138282776,0.38359999656677246
YOL145C,YCR027C,0,-5.2255507,0.0776442289352417,0.3230000138282776,0.38370001316070557
YHR181W,YMR036C,0,-5.225572,0.077625572681427,0.3230000138282776,0.3837999999523163
YCL032W,YNL206C,0,-5.2258086,0.0776069164276123,0.3230000138282776,0.383899986743927
YDR478W,YDL195W,0,-5.225886,0.0775882750749588,0.3230000138282776,0.3840000033378601
YIL132C,YDL042C,0,-5.225912,0.0775696411728859,0.3230000138282776,0.3840999901294708
YOR049C,YGR155W,0,-5.2261715,0.07755102217197418,0.3230000138282776,0.38420000672340393
YER118C,YKL220C,0,-5.2268085,0.07753240317106247,0.3230000138282776,0.38429999351501465
YPR030W,YMR161W,0,-5.226889,0.07751379907131195,0.3230000138282776,0.38440001010894775
YBR183W,YGL227W,0,-5.226985,0.07749520242214203,0.3230000138282776,0.38449999690055847
YLR324W,YIL009C-A,0,-5.227131,0.0774766132235527,0.3230000138282776,0.3846000134944916
YOR160W,YIL128W,0,-5.2271385,0.07745803147554398,0.3230000138282776,0.3847000002861023
YGR135W,YHR096C,0,-5.227414,0.07743946462869644,0.3230000138282776,0.384799987077713
YPL239W,YIL131C,0,-5.227473,0.07742089778184891,0.3230000138282776,0.3849000036716461
YJR118C,YGL094C,0,-5.2276287,0.07740234583616257,0.3230000138282776,0.38499999046325684
YHR050W,YMR284W,0,-5.227682,0.07738380134105682,0.3230000138282776,0.38510000705718994
YDR258C,YNL245C,0,-5.227706,0.07736527174711227,0.3230000138282776,0.38519999384880066
YBL085W,YGL012W,0,-5.2278595,0.07734674215316772,0.3230000138282776,0.38530001044273376
YDR037W,YGL043W,0,-5.228543,0.07732822746038437,0.3230000138282776,0.3853999972343445
YGL233W,YOR063W,0,-5.2288837,0.07730972021818161,0.3230000138282776,0.3855000138282776
YLR189C,YOR328W,0,-5.2295294,0.07729122042655945,0.3230000138282776,0.3856000006198883
YGR188C,YOL040C,0,-5.230188,0.07727272808551788,0.3230000138282776,0.385699987411499
YMR182C,YJR137C,0,-5.230225,0.07725424319505692,0.3230000138282776,0.38580000400543213
YLR033W,YML085C,0,-5.230318,0.07723577320575714,0.3230000138282776,0.38589999079704285
YML118W,YBL034C,0,-5.230488,0.07721731066703796,0.3230000138282776,0.38600000739097595
YNL317W,YIL037C,0,-5.23145,0.07719885557889938,0.3230000138282776,0.38609999418258667
YHR099W,YOR274W,0,-5.2315855,0.0771804079413414,0.3230000138282776,0.3862000107765198
YNL070W,YER065C,0,-5.2319813,0.07716196775436401,0.3230000138282776,0.3862999975681305
YHR015W,YDL243C,0,-5.232032,0.07714354246854782,0.3230000138282776,0.3864000141620636
YMR022W,YDR130C,0,-5.2328844,0.07712511718273163,0.3230000138282776,0.3865000009536743
YER009W,YOL020W,0,-5.232954,0.07710670679807663,0.3230000138282776,0.38659998774528503
YPL268W,YPR036W,1,-5.2332234,0.07732696831226349,0.3240000009536743,0.38659998774528503
YDR437W,YMR052W,0,-5.2334313,0.0773085206747055,0.3240000009536743,0.38670000433921814
YOR226C,YIL052C,0,-5.2336073,0.07729007303714752,0.3240000009536743,0.38679999113082886
YGR004W,YDR206W,0,-5.233957,0.07727164030075073,0.3240000009536743,0.38690000772476196
YGL126W,YDR176W,0,-5.2341433,0.07725322246551514,0.3240000009536743,0.3869999945163727
YMR288W,YER109C,0,-5.234411,0.07723480463027954,0.3240000009536743,0.3871000111103058
YNL038W,YIR010W,0,-5.234701,0.07721639424562454,0.3240000009536743,0.3871999979019165
YPL140C,YDL231C,0,-5.234724,0.07719799876213074,0.3240000009536743,0.3873000144958496
YDR300C,YBR114W,0,-5.234811,0.07717961072921753,0.3240000009536743,0.3874000012874603
YKL032C,YLR424W,0,-5.234812,0.07716123014688492,0.3240000009536743,0.38749998807907104
YGR108W,YML120C,0,-5.2350817,0.0771428570151329,0.3240000009536743,0.38760000467300415
YKL165C,YEL041W,0,-5.2351465,0.07712449133396149,0.3240000009536743,0.38769999146461487
YLR401C,YMR089C,0,-5.235282,0.07710614055395126,0.3240000009536743,0.387800008058548
YMR093W,YAL043C,0,-5.2353864,0.07708779722452164,0.3240000009536743,0.3878999948501587
YKR061W,YOR048C,0,-5.2360497,0.07706946134567261,0.3240000009536743,0.3880000114440918
YEL056W,YPL139C,0,-5.2361,0.07705113291740417,0.3240000009536743,0.3880999982357025
YOR340C,YNL273W,0,-5.236126,0.07703281193971634,0.3240000009536743,0.3882000148296356
YNR019W,YPL265W,0,-5.23616,0.0770144984126091,0.3240000009536743,0.38830000162124634
YPL126W,YIR008C,0,-5.2362957,0.07699619978666306,0.3240000009536743,0.38839998841285706
YGR092W,YBR244W,0,-5.2365284,0.07697790116071701,0.3240000009536743,0.38850000500679016
YKR061W,YLR417W,0,-5.23654,0.07695961743593216,0.3240000009536743,0.3885999917984009
YJL081C,YLR467W,0,-5.2367043,0.0769413411617279,0.3240000009536743,0.388700008392334
YBR020W,YAL010C,0,-5.236705,0.07692307978868484,0.3240000009536743,0.3887999951839447
YML024W,YNL207W,0,-5.2367334,0.07690481841564178,0.3240000009536743,0.3889000117778778
YOR195W,YGL232W,0,-5.236849,0.07688657194375992,0.3240000009536743,0.3889999985694885
YOR328W,YMR270C,0,-5.2369003,0.07686832547187805,0.3240000009536743,0.38909998536109924
YER109C,YDR219C,0,-5.2369123,0.07685009390115738,0.3240000009536743,0.38920000195503235
YGR179C,YKL074C,0,-5.2370934,0.0768318697810173,0.3240000009536743,0.38929998874664307
YOL016C,YOL122C,0,-5.23738,0.07681365311145782,0.3240000009536743,0.38940000534057617
YML049C,YGR257C,0,-5.237473,0.07679545134305954,0.3240000009536743,0.3894999921321869
YPR100W,YKL038W,0,-5.237581,0.07677724957466125,0.3240000009536743,0.38960000872612
YLR196W,YLL003W,0,-5.2381477,0.07675906270742416,0.3240000009536743,0.3896999955177307
YJL012C,YPL234C,1,-5.238278,0.07697773724794388,0.32499998807907104,0.3896999955177307
YPL234C,YNL054W,1,-5.2383337,0.07719630748033524,0.32600000500679016,0.3896999955177307
YIL115C,YDR341C,0,-5.2386,0.07717803120613098,0.32600000500679016,0.3898000121116638
YLR403W,YLR183C,0,-5.238778,0.07715976238250732,0.32600000500679016,0.38989999890327454
YLR191W,YOR046C,0,-5.2389593,0.07714150846004486,0.32600000500679016,0.38999998569488525
YJL208C,YFL025C,0,-5.2391076,0.0771232545375824,0.32600000500679016,0.39010000228881836
YJR094C,YJL129C,0,-5.2401657,0.07710501551628113,0.32600000500679016,0.3901999890804291
YPL045W,YBR127C,1,-5.24026,0.07732324302196503,0.3269999921321869,0.3901999890804291
YLL002W,YLR223C,0,-5.2405996,0.07730496674776077,0.3269999921321869,0.3903000056743622
YEL065W,YKL140W,0,-5.240618,0.07728669047355652,0.3269999921321869,0.3903999924659729
YPR032W,YIL139C,0,-5.240785,0.07726842910051346,0.3269999921321869,0.390500009059906
YHR061C,YOR266W,0,-5.240798,0.077250175178051,0.3269999921321869,0.3905999958515167
YBR152W,YBR006W,0,-5.2410297,0.07723192870616913,0.3269999921321869,0.39070001244544983
YDR181C,YGL252C,0,-5.241291,0.07721369713544846,0.3269999921321869,0.39079999923706055
YJL026W,YKL170W,0,-5.2417374,0.07719546556472778,0.3269999921321869,0.39089998602867126
YDR202C,YFL004W,1,-5.242088,0.07741326093673706,0.328000009059906,0.39089998602867126
YBR250W,YAL003W,0,-5.2421646,0.077394999563694,0.328000009059906,0.39100000262260437
YEL019C,YGR270W,0,-5.2422333,0.07737673819065094,0.328000009059906,0.3910999894142151
YGL019W,YOR243C,0,-5.2422676,0.07735849171876907,0.328000009059906,0.3912000060081482
YNR007C,YHR075C,0,-5.2424335,0.0773402526974678,0.328000009059906,0.3912999927997589
YDR202C,YHR026W,1,-5.242618,0.0775577574968338,0.32899999618530273,0.3912999927997589
YIR006C,YBL008W,0,-5.242694,0.07753947377204895,0.32899999618530273,0.391400009393692
YNL304W,YHR187W,0,-5.24294,0.07752120494842529,0.32899999618530273,0.39149999618530273
YJL207C,YMR236W,0,-5.243358,0.07750294357538223,0.32899999618530273,0.39160001277923584
YNL133C,YJL060W,0,-5.2433624,0.07748468965291977,0.32899999618530273,0.39169999957084656
YNL138W,YCL017C,0,-5.2433834,0.0774664431810379,0.32899999618530273,0.3917999863624573
YJR144W,YML113W,0,-5.243988,0.07744821161031723,0.32899999618530273,0.3919000029563904
YKL074C,YPR103W,0,-5.2440114,0.07742998003959656,0.32899999618530273,0.3919999897480011
YER125W,YHR013C,0,-5.244196,0.07741176337003708,0.32899999618530273,0.3921000063419342
YPR125W,YBR082C,0,-5.244295,0.0773935541510582,0.32899999618530273,0.3921999931335449
YPL254W,YPL122C,0,-5.2446914,0.07737535238265991,0.32899999618530273,0.392300009727478
YDR384C,YJL058C,0,-5.2450056,0.07735715806484222,0.32899999618530273,0.39239999651908875
YDR182W,YGL229C,0,-5.245221,0.07733897864818573,0.32899999618530273,0.39250001311302185
YFL002C,YER017C,0,-5.2454314,0.07732079923152924,0.32899999618530273,0.39259999990463257
YBR171W,YOR301W,0,-5.2457023,0.07730263471603394,0.32899999618530273,0.3926999866962433
YLR015W,YKL058W,0,-5.2457056,0.07728447020053864,0.32899999618530273,0.3928000032901764
YFR019W,YIL048W,1,-5.2458296,0.07750117778778076,0.33000001311302185,0.3928000032901764
YOR386W,YHR163W,0,-5.2458944,0.07748297601938248,0.33000001311302185,0.3928999900817871
YPR031W,YNL290W,0,-5.2459455,0.07746478915214539,0.33000001311302185,0.3930000066757202
YIL048W,YCL063W,1,-5.246087,0.0776812955737114,0.3310000002384186,0.3930000066757202
YDL212W,YPL140C,0,-5.2461443,0.07766307145357132,0.3310000002384186,0.39309999346733093
YJL005W,YGR180C,0,-5.2465944,0.07764484733343124,0.3310000002384186,0.39320001006126404
YJR031C,YCR010C,0,-5.246625,0.07762663811445236,0.3310000002384186,0.39329999685287476
YDR038C,YKL135C,0,-5.2466373,0.07760844379663467,0.3310000002384186,0.39340001344680786
YPL180W,YML043C,0,-5.2466545,0.07759024947881699,0.3310000002384186,0.3935000002384186
YMR288W,YLR081W,0,-5.2469974,0.0775720626115799,0.3310000002384186,0.3935999870300293
YJR092W,YDR011W,0,-5.247097,0.077553890645504,0.3310000002384186,0.3937000036239624
YGR163W,YKL004W,0,-5.2472186,0.0775357261300087,0.3310000002384186,0.3937999904155731
YLR153C,YNL009W,0,-5.247344,0.0775175616145134,0.3310000002384186,0.3939000070095062
YAL026C,YNL061W,0,-5.2475443,0.07749941200017929,0.3310000002384186,0.39399999380111694
YBR060C,YGR180C,0,-5.2476187,0.07748126983642578,0.3310000002384186,0.39410001039505005
YLR399C,YBR142W,0,-5.2478614,0.07746314257383347,0.3310000002384186,0.39419999718666077
YCR098C,YGR103W,0,-5.248007,0.07744501531124115,0.3310000002384186,0.39430001378059387
YBR152W,YOR233W,0,-5.24852,0.07742690294981003,0.3310000002384186,0.3944000005722046
YBR200W,YBR237W,0,-5.248789,0.0774087905883789,0.3310000002384186,0.3944999873638153
YGL068W,YBR105C,0,-5.2490406,0.07739069312810898,0.3310000002384186,0.3946000039577484
YNL147W,YBL009W,0,-5.249422,0.07737260311841965,0.3310000002384186,0.39469999074935913
YJL012C,YDR017C,1,-5.249463,0.07758822292089462,0.3319999873638153,0.39469999074935913
YPR110C,YJR082C,0,-5.249482,0.07757009565830231,0.3319999873638153,0.39480000734329224
YMR142C,YGL043W,0,-5.249813,0.07755197584629059,0.3319999873638153,0.39489999413490295
YGR214W,YDR489W,0,-5.250046,0.07753386348485947,0.3319999873638153,0.39500001072883606
YCL004W,YIL034C,0,-5.2501965,0.07751575857400894,0.3319999873638153,0.3950999975204468
YGL094C,YGL012W,0,-5.2502623,0.07749766856431961,0.3319999873638153,0.3952000141143799
YJL050W,YOL012C,0,-5.250395,0.07747957855463028,0.3319999873638153,0.3953000009059906
YMR080C,YDR279W,0,-5.2505674,0.07746150344610214,0.3319999873638153,0.3953999876976013
YOL043C,YDR464W,0,-5.250826,0.0774434357881546,0.3319999873638153,0.3955000042915344
YDL232W,YMR290C,0,-5.2511015,0.07742537558078766,0.3319999873638153,0.39559999108314514
YOR351C,YGR118W,0,-5.251746,0.07740732282400131,0.3319999873638153,0.39570000767707825
YGR014W,YBR186W,0,-5.252166,0.07738927751779556,0.3319999873638153,0.39579999446868896
YBR107C,YBR017C,0,-5.2522807,0.07737123966217041,0.3319999873638153,0.39590001106262207
YMR314W,YEL036C,0,-5.252507,0.07735321670770645,0.3319999873638153,0.3959999978542328
YDR420W,YDR120C,0,-5.2529116,0.07733519375324249,0.3319999873638153,0.3961000144481659
YDR194C,YLR394W,0,-5.252925,0.07731718569993973,0.3319999873638153,0.3962000012397766
YLR423C,YJR066W,0,-5.253232,0.07729918509721756,0.3319999873638153,0.39629998803138733
YEL013W,YCL063W,1,-5.253559,0.07751396298408508,0.3330000042915344,0.39629998803138733
YDR038C,YBR084W,0,-5.2537174,0.07749592512845993,0.3330000042915344,0.39640000462532043
YGL068W,YDL161W,0,-5.253792,0.07747789472341537,0.3330000042915344,0.39649999141693115
YKR067W,YBR218C,0,-5.2538023,0.07745987176895142,0.3330000042915344,0.39660000801086426
YER126C,YPR007C,0,-5.253976,0.07744186371564865,0.3330000042915344,0.396699994802475
YHR005C,YKL213C,0,-5.2540255,0.07742385566234589,0.3330000042915344,0.3968000113964081
YJL053W,YDR385W,0,-5.254428,0.07740585505962372,0.3330000042915344,0.3968999981880188
YKL203C,YBL045C,0,-5.254472,0.07738786935806274,0.3330000042915344,0.3970000147819519
YKL026C,YOR290C,0,-5.2544837,0.07736989110708237,0.3330000042915344,0.3971000015735626
YFR019W,YDR328C,1,-5.254525,0.07758420705795288,0.33399999141693115,0.3971000015735626
YGL151W,YKL055C,0,-5.254808,0.07756618410348892,0.33399999141693115,0.39719998836517334
YLR098C,YJL117W,0,-5.2551146,0.07754817605018616,0.33399999141693115,0.39730000495910645
YFL055W,YPR124W,0,-5.2554445,0.07753017544746399,0.33399999141693115,0.39739999175071716
YNL075W,YDR378C,0,-5.255549,0.07751218229532242,0.33399999141693115,0.39750000834465027
YGL120C,YLR234W,0,-5.255655,0.07749419659376144,0.33399999141693115,0.397599995136261
YIR021W,YPL244C,0,-5.255744,0.07747622579336166,0.33399999141693115,0.3977000117301941
YIL035C,YNL221C,0,-5.256012,0.07745825499296188,0.33399999141693115,0.3977999985218048
YDR317W,YKR022C,0,-5.2560225,0.0774402990937233,0.33399999141693115,0.3978999853134155
YOL112W,YMR239C,0,-5.2560368,0.07742234319448471,0.33399999141693115,0.39800000190734863
YDR461W,YDR021W,0,-5.256267,0.07740440219640732,0.33399999141693115,0.39809998869895935
YDR323C,YGR077C,0,-5.25639,0.07738646864891052,0.33399999141693115,0.39820000529289246
YJL074C,YJR090C,0,-5.2566366,0.07736854255199432,0.33399999141693115,0.3982999920845032
YOR080W,YNL061W,0,-5.256715,0.07735062390565872,0.33399999141693115,0.3984000086784363
YDL077C,YLR240W,1,-5.256783,0.07756425440311432,0.33500000834465027,0.3984000086784363
YJR066W,YAL013W,0,-5.2568808,0.07754629850387573,0.33500000834465027,0.398499995470047
YDL102W,YHR197W,0,-5.2569036,0.07752835005521774,0.33500000834465027,0.3986000120639801
YLR286C,YAL059W,0,-5.2569427,0.07751040905714035,0.33500000834465027,0.3986999988555908
YPL015C,YNL314W,0,-5.2570276,0.07749248296022415,0.33500000834465027,0.39879998564720154
YNL172W,YDL120W,0,-5.2571135,0.07747456431388855,0.33500000834465027,0.39890000224113464
YJL170C,YIL095W,0,-5.2574825,0.07745664566755295,0.33500000834465027,0.39899998903274536
YER169W,YPR082C,0,-5.258003,0.07743874192237854,0.33500000834465027,0.39910000562667847
YPR070W,YLR056W,0,-5.2584615,0.07742084562778473,0.33500000834465027,0.3991999924182892
YBR217W,YJL214W,0,-5.2585,0.07740295678377151,0.33500000834465027,0.3993000090122223
YKL125W,YNL329C,0,-5.2585335,0.0773850753903389,0.33500000834465027,0.399399995803833
YPR108W,YGL150C,0,-5.2589426,0.07736720889806747,0.33500000834465027,0.3995000123977661
YEL019C,YOL016C,0,-5.2590103,0.07734934240579605,0.33500000834465027,0.39959999918937683
YGR092W,YIL072W,0,-5.2594438,0.07733148336410522,0.33500000834465027,0.39969998598098755
YOR326W,YDR080W,1,-5.2598414,0.0775444284081459,0.335999995470047,0.39969998598098755
YMR314W,YNL304W,0,-5.2599664,0.0775265321135521,0.335999995470047,0.39980000257492065
YJL092W,YGL054C,0,-5.2601027,0.07750865072011948,0.335999995470047,0.39989998936653137
YBR289W,YJL094C,0,-5.2601395,0.07749077677726746,0.335999995470047,0.4000000059604645
YDR479C,YGL162W,0,-5.2602806,0.07747291028499603,0.335999995470047,0.4000999927520752
YGR074W,YJL026W,0,-5.2605643,0.0774550512433052,0.335999995470047,0.4002000093460083
YPR175W,YDR191W,0,-5.2610273,0.07743719965219498,0.335999995470047,0.400299996137619
YNR034W,YDR099W,0,-5.261048,0.07741935551166534,0.335999995470047,0.4004000127315521
YPL268W,YHR060W,1,-5.2611046,0.0776318833231926,0.3370000123977661,0.4004000127315521
YNL283C,YLR390W-A,0,-5.261203,0.07761400192975998,0.3370000123977661,0.40049999952316284
YDR140W,YHR006W,0,-5.2612906,0.07759612798690796,0.3370000123977661,0.40059998631477356
YJL108C,YHR084W,0,-5.261529,0.07757826894521713,0.3370000123977661,0.40070000290870667
YGR217W,YBR288C,0,-5.2619,0.0775604173541069,0.3370000123977661,0.4007999897003174
YAL023C,YIL026C,0,-5.262024,0.07754256576299667,0.3370000123977661,0.4009000062942505
YBR017C,YLR102C,0,-5.2621036,0.07752472907304764,0.3370000123977661,0.4009999930858612
YNL064C,YBR183W,0,-5.2625337,0.0775068998336792,0.3370000123977661,0.4011000096797943
YOR341W,YJR021C,0,-5.2625775,0.07748907804489136,0.3370000123977661,0.40119999647140503
YBL022C,YMR047C,0,-5.262686,0.07747126370668411,0.3370000123977661,0.40130001306533813
YMR097C,YDR180W,0,-5.2628713,0.07745345681905746,0.3370000123977661,0.40139999985694885
YKR089C,YOL110W,0,-5.2634325,0.07743566483259201,0.3370000123977661,0.40149998664855957
YOR045W,YMR069W,0,-5.2639327,0.07741787284612656,0.3370000123977661,0.4016000032424927
YOL094C,YMR145C,0,-5.2642937,0.0774000883102417,0.3370000123977661,0.4016999900341034
YMR058W,YNL093W,0,-5.264436,0.07738231867551804,0.3370000123977661,0.4018000066280365
YDR310C,YHR090C,0,-5.264843,0.07736455649137497,0.3370000123977661,0.4018999934196472
YHL006C,YPL154C,0,-5.265091,0.0773468017578125,0.3370000123977661,0.4020000100135803
YLL002W,YLR081W,0,-5.2651043,0.07732904702425003,0.3370000123977661,0.40209999680519104
YFL004W,YOR068C,1,-5.265115,0.07754071801900864,0.33799999952316284,0.40209999680519104
YDR263C,YLR423C,0,-5.265294,0.07752293348312378,0.33799999952316284,0.40220001339912415
YDL181W,YNL257C,0,-5.2659664,0.07750515639781952,0.33799999952316284,0.40230000019073486
YEL041W,YML078W,0,-5.2660246,0.07748739421367645,0.33799999952316284,0.4023999869823456
YGL095C,YGR020C,1,-5.26626,0.07769883424043655,0.33899998664855957,0.4023999869823456
YBR275C,YJL190C,0,-5.2662687,0.0776810273528099,0.33899998664855957,0.4025000035762787
YPL209C,YLR166C,0,-5.266275,0.07766322791576385,0.33899998664855957,0.4025999903678894
YER177W,YJL214W,0,-5.266877,0.077645443379879,0.33899998664855957,0.4027000069618225
YHL028W,YNL133C,0,-5.2670946,0.07762765884399414,0.33899998664855957,0.4027999937534332
YML064C,YAL025C,0,-5.2670965,0.07760988920927048,0.33899998664855957,0.40290001034736633
YBR098W,YHR204W,0,-5.267167,0.07759212702512741,0.33899998664855957,0.40299999713897705
YNL332W,YGL032C,0,-5.268083,0.07757437229156494,0.33899998664855957,0.40310001373291016
YER179W,YLR314C,0,-5.2681656,0.07755662500858307,0.33899998664855957,0.4032000005245209
YCR088W,YNL329C,0,-5.268237,0.0775388851761818,0.33899998664855957,0.4032999873161316
YDR320C-A,YOR075W,0,-5.2685237,0.07752115279436111,0.33899998664855957,0.4034000039100647
YBL032W,YDR364C,0,-5.268772,0.07750342786312103,0.33899998664855957,0.4034999907016754
YCR028C,YIL123W,0,-5.2688446,0.07748571783304214,0.33899998664855957,0.4036000072956085
YJR001W,YOR132W,0,-5.269352,0.07746800780296326,0.33899998664855957,0.40369999408721924
YKL026C,YIL150C,0,-5.2696877,0.07745030522346497,0.33899998664855957,0.40380001068115234
YMR182C,YDL208W,0,-5.2700233,0.07743261754512787,0.33899998664855957,0.40389999747276306
YNL139C,YLR081W,0,-5.2701335,0.07741493731737137,0.33899998664855957,0.40400001406669617
YDR424C,YNL329C,0,-5.2702284,0.07739725708961487,0.33899998664855957,0.4041000008583069
YNR049C,YAL002W,0,-5.270513,0.07737959176301956,0.33899998664855957,0.4041999876499176
YOR371C,YOL156W,0,-5.2706633,0.07736193388700485,0.33899998664855957,0.4043000042438507
YGR247W,YGR245C,0,-5.27138,0.07734428346157074,0.33899998664855957,0.4043999910354614
YPR019W,YJR082C,0,-5.271392,0.07732664048671722,0.33899998664855957,0.40450000762939453
YCL066W,YER031C,0,-5.2716527,0.0773090049624443,0.33899998664855957,0.40459999442100525
YIR015W,YLR399C,0,-5.271909,0.07729138433933258,0.33899998664855957,0.40470001101493835
YDR130C,YPL239W,0,-5.2719154,0.07727376371622086,0.33899998664855957,0.4047999978065491
YMR043W,YPL060W,0,-5.2724514,0.07725615054368973,0.33899998664855957,0.4049000144004822
YPL110C,YPR073C,0,-5.2731104,0.0772385522723198,0.33899998664855957,0.4050000011920929
YGR112W,YGR059W,0,-5.2732897,0.07722095400094986,0.33899998664855957,0.4050999879837036
YNL166C,YPL212C,0,-5.2735667,0.07720337063074112,0.33899998664855957,0.4052000045776367
YGL171W,YOR233W,0,-5.2739854,0.07718579471111298,0.33899998664855957,0.40529999136924744
YMR255W,YDL209C,0,-5.274303,0.07716821879148483,0.33899998664855957,0.40540000796318054
YGL019W,YMR172W,0,-5.2743587,0.07715065777301788,0.33899998664855957,0.40549999475479126
YOR326W,YGL095C,1,-5.274684,0.07736063748598099,0.3400000035762787,0.40549999475479126
YLR386W,YHR060W,1,-5.2747116,0.07757052034139633,0.3409999907016754,0.40549999475479126
YJL059W,YPR176C,0,-5.2747917,0.07755287736654282,0.3409999907016754,0.40560001134872437
YPL244C,YER045C,0,-5.2749624,0.0775352418422699,0.3409999907016754,0.4056999981403351
YDL126C,YDR191W,0,-5.275474,0.07751762121915817,0.3409999907016754,0.4058000147342682
YJL210W,YJR042W,0,-5.2757053,0.07750000059604645,0.3409999907016754,0.4059000015258789
YGL190C,YJL191W,0,-5.27606,0.07748238742351532,0.3409999907016754,0.4059999883174896
YPL106C,YBL055C,0,-5.2761683,0.07746478915214539,0.3409999907016754,0.40610000491142273
YNL304W,YNL245C,0,-5.2762628,0.07744719833135605,0.3409999907016754,0.40619999170303345
YJR137C,YPR103W,0,-5.2762747,0.07742960751056671,0.3409999907016754,0.40630000829696655
YOL078W,YPR002W,0,-5.2762833,0.07741203159093857,0.3409999907016754,0.40639999508857727
YAL013W,YDR459C,0,-5.276481,0.07739446312189102,0.3409999907016754,0.4065000116825104
YPL174C,YMR162C,0,-5.2764926,0.07737690210342407,0.3409999907016754,0.4065999984741211
YLR417W,YMR081C,0,-5.2766094,0.07735934853553772,0.3409999907016754,0.4066999852657318
YDL128W,YOL012C,0,-5.276643,0.07734180241823196,0.3409999907016754,0.4068000018596649
YML049C,YCL044C,0,-5.2767997,0.0773242637515068,0.3409999907016754,0.40689998865127563
YNL151C,YCR008W,0,-5.2768993,0.07730673253536224,0.3409999907016754,0.40700000524520874
YOL004W,YBL097W,0,-5.27691,0.07728920876979828,0.3409999907016754,0.40709999203681946
YHR026W,YDL077C,1,-5.277374,0.07749830186367035,0.34200000762939453,0.40709999203681946
YMR161W,YOR031W,0,-5.277561,0.0774807408452034,0.34200000762939453,0.40720000863075256
YHR161C,YNL288W,0,-5.2776365,0.07746319472789764,0.34200000762939453,0.4072999954223633
YJR063W,YMR183C,0,-5.277999,0.07744564861059189,0.34200000762939453,0.4074000120162964
YKR090W,YLR234W,0,-5.2781763,0.07742811739444733,0.34200000762939453,0.4074999988079071
YGL053W,YFR031C,0,-5.2783146,0.07741059362888336,0.34200000762939453,0.4075999855995178
YPL161C,YGL043W,0,-5.2784395,0.0773930773139,0.34200000762939453,0.4077000021934509
YJR090C,YDR369C,0,-5.278582,0.07737556844949722,0.34200000762939453,0.40779998898506165
YEL032W,YOR386W,0,-5.2787757,0.07735806703567505,0.34200000762939453,0.40790000557899475
YPR178W,YDR472W,0,-5.279116,0.07734057307243347,0.34200000762939453,0.40799999237060547
YMR100W,YCR089W,0,-5.279449,0.07732308655977249,0.34200000762939453,0.4081000089645386
YPL063W,YBR298C,0,-5.2795,0.07730560749769211,0.34200000762939453,0.4081999957561493
YFL004W,YKL080W,1,-5.279688,0.07751412689685822,0.34299999475479126,0.4081999957561493
YGR245C,YJL170C,0,-5.280258,0.07749661058187485,0.34299999475479126,0.4083000123500824
YNL259C,YGL003C,0,-5.2802644,0.07747910916805267,0.34299999475479126,0.4083999991416931
YGL115W,YDL247W,0,-5.280369,0.0774616077542305,0.34299999475479126,0.40849998593330383
YGR123C,YFL057C,0,-5.280472,0.07744412124156952,0.34299999475479126,0.40860000252723694
YPL160W,YDL161W,0,-5.280648,0.07742663472890854,0.34299999475479126,0.40869998931884766
YFL002C,YGL075C,0,-5.2807813,0.07740916311740875,0.34299999475479126,0.40880000591278076
YHR023W,YCR091W,0,-5.2808037,0.07739169895648956,0.34299999475479126,0.4088999927043915
YKL086W,YBL002W,0,-5.2811747,0.07737424224615097,0.34299999475479126,0.4090000092983246
YLL027W,YPL092W,0,-5.281516,0.07735678553581238,0.34299999475479126,0.4090999960899353
YML118W,YNL197C,0,-5.281894,0.07733934372663498,0.34299999475479126,0.4092000126838684
YKL189W,YLR303W,0,-5.281981,0.07732190936803818,0.34299999475479126,0.4092999994754791
YLR310C,YEL062W,0,-5.2821445,0.07730448246002197,0.34299999475479126,0.40939998626708984
YNR058W,YJR001W,0,-5.2821836,0.07728706300258636,0.34299999475479126,0.40950000286102295
YDR331W,YNR034W,0,-5.2821975,0.07726965844631195,0.34299999475479126,0.40959998965263367
YMR052W,YKL179C,0,-5.28228,0.07725225389003754,0.34299999475479126,0.4097000062465668
YDL120W,YLR214W,0,-5.2834034,0.07723485678434372,0.34299999475479126,0.4097999930381775
YOR182C,YDR140W,0,-5.2837753,0.0772174671292305,0.34299999475479126,0.4099000096321106
YDR216W,YDR362C,0,-5.284298,0.07720009237527847,0.34299999475479126,0.4099999964237213
YBR088C,YIL129C,0,-5.284377,0.07718271762132645,0.34299999475479126,0.4101000130176544
YDL185W,YDL077C,1,-5.284583,0.07739032804965973,0.3440000116825104,0.4101000130176544
YPR095C,YNL286W,0,-5.2845936,0.07737291604280472,0.3440000116825104,0.41019999980926514
YIL126W,YDR046C,0,-5.285323,0.0773555189371109,0.3440000116825104,0.41029998660087585
YJL111W,YGL144C,0,-5.2854033,0.07733812928199768,0.3440000116825104,0.41040000319480896
YOR054C,YMR280C,0,-5.2857876,0.07732074707746506,0.3440000116825104,0.4104999899864197
YDR308C,YKR095W,0,-5.286497,0.07730337232351303,0.3440000116825104,0.4106000065803528
YPL268W,YNL054W,1,-5.2865314,0.07751066982746124,0.3449999988079071,0.4106000065803528
YDR323C,YJR094C,0,-5.286866,0.07749325782060623,0.3449999988079071,0.4106999933719635
YMR077C,YEL069C,0,-5.2869678,0.07747586071491241,0.3449999988079071,0.4108000099658966
YGR179C,YIL040W,0,-5.2872047,0.0774584636092186,0.3449999988079071,0.4108999967575073
YBR223C,YDR377W,0,-5.2874756,0.07744107395410538,0.3449999988079071,0.41100001335144043
YDR021W,YGL211W,0,-5.287502,0.07742369920015335,0.3449999988079071,0.41110000014305115
YPR132W,YLR079W,0,-5.2878084,0.07740632444620132,0.3449999988079071,0.41119998693466187
YJR125C,YML088W,0,-5.2878284,0.07738896459341049,0.3449999988079071,0.41130000352859497
YLR386W,YDL077C,1,-5.28827,0.07759587466716766,0.34599998593330383,0.41130000352859497
YML126C,YML031W,0,-5.2884665,0.07757847756147385,0.34599998593330383,0.4113999903202057
YLR233C,YPL032C,0,-5.2889338,0.07756108790636063,0.34599998593330383,0.4115000069141388
YDR512C,YJL024C,0,-5.289379,0.077543705701828,0.34599998593330383,0.4115999937057495
YJL076W,YML098W,0,-5.2894173,0.07752633094787598,0.34599998593330383,0.4117000102996826
YDR214W,YHR086W,0,-5.2896786,0.07750896364450455,0.34599998593330383,0.41179999709129333
YOL165C,YLL061W,0,-5.2898493,0.07749160379171371,0.34599998593330383,0.41190001368522644
YLR233C,YOR327C,0,-5.29014,0.07747425138950348,0.34599998593330383,0.41200000047683716
YHR036W,YGL065C,0,-5.2902317,0.07745690643787384,0.34599998593330383,0.4120999872684479
YMR240C,YKL001C,0,-5.2906356,0.0774395689368248,0.34599998593330383,0.412200003862381
YLR448W,YNL032W,0,-5.291093,0.07742223888635635,0.34599998593330383,0.4122999906539917
YJR155W,YLR033W,0,-5.291237,0.0774049237370491,0.34599998593330383,0.4124000072479248
YIL098C,YLR266C,0,-5.291314,0.07738760858774185,0.34599998593330383,0.4124999940395355
YDR238C,YHR085W,0,-5.29183,0.0773703008890152,0.34599998593330383,0.41260001063346863
YNL246W,YLR181C,0,-5.2919774,0.07735300809144974,0.34599998593330383,0.41269999742507935
YPL121C,YMR199W,0,-5.292236,0.07733571529388428,0.34599998593330383,0.41280001401901245
YHR014W,YML099C,0,-5.292301,0.07731843739748001,0.34599998593330383,0.41290000081062317
YPR121W,YJL186W,0,-5.2924013,0.07730115950107574,0.34599998593330383,0.4129999876022339
YGL194C,YMR101C,0,-5.292446,0.07728389650583267,0.34599998593330383,0.413100004196167
YLR313C,YER002W,0,-5.292576,0.0772666335105896,0.34599998593330383,0.4131999909877777
YCR040W,YBR179C,0,-5.2927403,0.07724938541650772,0.34599998593330383,0.4133000075817108
YKR101W,YOR038C,0,-5.292755,0.07723214477300644,0.34599998593330383,0.41339999437332153
YIR028W,YBR221C,0,-5.292864,0.07721490412950516,0.34599998593330383,0.41350001096725464
YDR389W,YLR378C,0,-5.2929273,0.07719767838716507,0.34599998593330383,0.41359999775886536
YBR188C,YLR429W,0,-5.2930202,0.07718046009540558,0.34599998593330383,0.41370001435279846
YAL032C,YOL063C,0,-5.293086,0.07716324925422668,0.34599998593330383,0.4138000011444092
YLR119W,YJR119C,0,-5.293163,0.07714604586362839,0.34599998593330383,0.4138999879360199
YNL167C,YPL212C,0,-5.293404,0.07712884247303009,0.34599998593330383,0.414000004529953
YKL052C,YKL089W,0,-5.293829,0.07711165398359299,0.34599998593330383,0.4140999913215637
YJL219W,YBR006W,0,-5.2938304,0.07709447294473648,0.34599998593330383,0.4142000079154968
YHR056C,YDL175C,0,-5.2940125,0.07707729935646057,0.34599998593330383,0.41429999470710754
YJR046W,YHR099W,0,-5.2941475,0.07706013321876526,0.34599998593330383,0.41440001130104065
YGL187C,YDR411C,0,-5.2943034,0.07704297453165054,0.34599998593330383,0.41449999809265137
YDR483W,YEL069C,0,-5.294628,0.07702582329511642,0.34599998593330383,0.4146000146865845
YJL012C,YGR020C,1,-5.2946444,0.07723125070333481,0.34700000286102295,0.4146000146865845
YNL030W,YPL129W,0,-5.2946663,0.0772140622138977,0.34700000286102295,0.4147000014781952
YLR270W,YLR119W,0,-5.2948236,0.0771968886256218,0.34700000286102295,0.4147999882698059
YDR320C-A,YOR368W,0,-5.294918,0.07717971503734589,0.34700000286102295,0.414900004863739
YLL042C,YLR318W,0,-5.294963,0.07716255635023117,0.34700000286102295,0.41499999165534973
YOL164W,YPL046C,0,-5.295007,0.07714539766311646,0.34700000286102295,0.41510000824928284
YBL090W,YFR024C-A,0,-5.295519,0.07712825387716293,0.34700000286102295,0.41519999504089355
YOR201C,YLR078C,0,-5.295665,0.07711111009120941,0.34700000286102295,0.41530001163482666
YOR265W,YDR446W,0,-5.2960587,0.07709398120641708,0.34700000286102295,0.4153999984264374
YFR030W,YNL287W,0,-5.2961,0.07707685232162476,0.34700000286102295,0.4154999852180481
YBR196C,YPR037C,0,-5.2964907,0.07705973833799362,0.34700000286102295,0.4156000018119812
YDL078C,YKL213C,0,-5.2965775,0.07704263180494308,0.34700000286102295,0.4156999886035919
YJL013C,YGL241W,0,-5.296766,0.07702552527189255,0.34700000286102295,0.415800005197525
YHR039C-A,YDL077C,1,-5.296917,0.07723035663366318,0.3479999899864197,0.415800005197525
YJL095W,YCR061W,0,-5.296981,0.07721322029829025,0.3479999899864197,0.41589999198913574
YJL074C,YDR227W,0,-5.2970505,0.07719609886407852,0.3479999899864197,0.41600000858306885
YKR095W,YJL154C,0,-5.297147,0.07717897742986679,0.3479999899864197,0.41609999537467957
YHR172W,YPR037C,0,-5.297368,0.07716186344623566,0.3479999899864197,0.41620001196861267
YGR188C,YOR063W,0,-5.2980127,0.07714475691318512,0.3479999899864197,0.4162999987602234
YNL042W,YJR025C,0,-5.2981544,0.07712765783071518,0.3479999899864197,0.4163999855518341
YOR056C,YJL024C,0,-5.2986317,0.07711056619882584,0.3479999899864197,0.4165000021457672
YBR293W,YOR188W,0,-5.299096,0.07709348946809769,0.3479999899864197,0.41659998893737793
YKL101W,YDR243C,0,-5.2992687,0.07707641273736954,0.3479999899864197,0.41670000553131104
YPL240C,YOR377W,0,-5.299594,0.07705934345722198,0.3479999899864197,0.41679999232292175
YDR339C,YPR113W,0,-5.2995973,0.07704228162765503,0.3479999899864197,0.41690000891685486
YNL307C,YOR004W,0,-5.2997475,0.07702523469924927,0.3479999899864197,0.4169999957084656
YOR008C,YMR004W,0,-5.299765,0.0770081877708435,0.3479999899864197,0.4171000123023987
YFR019W,YBR109C,1,-5.299902,0.0772123858332634,0.3490000069141388,0.4171000123023987
YJR155W,YBL055C,0,-5.3004155,0.07719530910253525,0.3490000069141388,0.4171999990940094
YDR202C,YDR017C,1,-5.3005595,0.07739938050508499,0.3499999940395355,0.4171999990940094
YJL034W,YGR241C,0,-5.300808,0.07738226652145386,0.3499999940395355,0.4172999858856201
YOR332W,YDR080W,1,-5.3009734,0.07758620381355286,0.35100001096725464,0.4172999858856201
YDR101C,YDR386W,0,-5.301219,0.07756906002759933,0.35100001096725464,0.4174000024795532
YKL201C,YDL140C,0,-5.3017054,0.07755192369222641,0.35100001096725464,0.41749998927116394
YNR015W,YCR039C,0,-5.3020754,0.07753479480743408,0.35100001096725464,0.41760000586509705
YML123C,YNL207W,0,-5.302267,0.07751766592264175,0.35100001096725464,0.41769999265670776
YDR334W,YBR218C,0,-5.3023453,0.07750055193901062,0.35100001096725464,0.41780000925064087
YGL078C,YDL155W,0,-5.302987,0.07748344540596008,0.35100001096725464,0.4178999960422516
YML016C,YML098W,0,-5.3030224,0.07746634632349014,0.35100001096725464,0.4180000126361847
YPR175W,YPR037C,0,-5.3030367,0.0774492472410202,0.35100001096725464,0.4180999994277954
YOR373W,YJL080C,0,-5.3030906,0.07743216305971146,0.35100001096725464,0.41819998621940613
YIL031W,YBR265W,0,-5.3032103,0.0774150863289833,0.35100001096725464,0.41830000281333923
YGR078C,YMR113W,0,-5.3035583,0.07739801704883575,0.35100001096725464,0.41839998960494995
YNL311C,YCL054W,0,-5.304015,0.0773809552192688,0.35100001096725464,0.41850000619888306
YLR390W-A,YKL053C-A,0,-5.304044,0.07736389338970184,0.35100001096725464,0.4185999929904938
YGL066W,YJL034W,0,-5.304739,0.07734684646129608,0.35100001096725464,0.4187000095844269
YOR064C,YMR290C,0,-5.3048496,0.07732980698347092,0.35100001096725464,0.4187999963760376
YJR055W,YDL155W,0,-5.3048763,0.07731277495622635,0.35100001096725464,0.4189000129699707
YOL145C,YLR051C,0,-5.3050594,0.07729575037956238,0.35100001096725464,0.4189999997615814
YGL191W,YDR173C,0,-5.305625,0.077278733253479,0.35100001096725464,0.41909998655319214
YGL071W,YLR433C,0,-5.3058405,0.07726172357797623,0.35100001096725464,0.41920000314712524
YEL065W,YER120W,0,-5.306636,0.07724472135305405,0.35100001096725464,0.41929998993873596
YHR036W,YPL180W,0,-5.3071117,0.07722771912813187,0.35100001096725464,0.41940000653266907
YOR002W,YBR084W,0,-5.3071585,0.07721073180437088,0.35100001096725464,0.4194999933242798
YER042W,YOL129W,0,-5.3071756,0.07719375193119049,0.35100001096725464,0.4196000099182129
YNL186W,YDL130W,0,-5.3071938,0.0771767795085907,0.35100001096725464,0.4196999967098236
YCR052W,YGR216C,0,-5.307384,0.0771598145365715,0.35100001096725464,0.4198000133037567
YKR038C,YDR363W,0,-5.3073845,0.0771428570151329,0.35100001096725464,0.41990000009536743
YOR056C,YHR111W,0,-5.3077826,0.0771259069442749,0.35100001096725464,0.41999998688697815
YPR165W,YLR214W,0,-5.3078313,0.0771089643239975,0.35100001096725464,0.42010000348091125
YOR344C,YKL018W,0,-5.3080177,0.07709202915430069,0.35100001096725464,0.420199990272522
YPL233W,YOR031W,0,-5.3081164,0.07707510143518448,0.35100001096725464,0.4203000068664551
YDR393W,YDL126C,0,-5.308442,0.07705818116664886,0.35100001096725464,0.4203999936580658
YOR143C,YDL087C,0,-5.3091908,0.07704126089811325,0.35100001096725464,0.4205000102519989
YDL126C,YCL035C,0,-5.3093004,0.07702435553073883,0.35100001096725464,0.4205999970436096
YDR436W,YOR274W,0,-5.3093886,0.07700745761394501,0.35100001096725464,0.4207000136375427
YDR465C,YKL120W,0,-5.309662,0.07699056714773178,0.35100001096725464,0.42080000042915344
YAL032C,YAL024C,0,-5.3100038,0.07697368413209915,0.35100001096725464,0.42089998722076416
YFL039C,YOR068C,1,-5.310129,0.0771760568022728,0.35199999809265137,0.42089998722076416
YKL206C,YNL222W,0,-5.3102155,0.07715914398431778,0.35199999809265137,0.42100000381469727
YMR095C,YDL080C,0,-5.310253,0.07714223116636276,0.35199999809265137,0.421099990606308
YDR397C,YPR168W,0,-5.31038,0.07712532579898834,0.35199999809265137,0.4212000072002411
YJR121W,YOR363C,0,-5.310422,0.07710843533277512,0.35199999809265137,0.4212999939918518
YOL004W,YBR006W,0,-5.310499,0.07709154486656189,0.35199999809265137,0.4214000105857849
YGL172W,YAL034W-A,0,-5.310749,0.07707466930150986,0.35199999809265137,0.42149999737739563
YOR210W,YPR162C,0,-5.3108187,0.07705779373645782,0.35199999809265137,0.42160001397132874
YDL108W,YHL002W,0,-5.310887,0.07704092562198639,0.35199999809265137,0.42170000076293945
YLR382C,YHR099W,0,-5.3109503,0.07702407240867615,0.35199999809265137,0.42179998755455017
YDR384C,YDR130C,0,-5.311016,0.0770072191953659,0.35199999809265137,0.4219000041484833
YKR024C,YNL031C,0,-5.3111525,0.07699037343263626,0.35199999809265137,0.421999990940094
YDR216W,YBL074C,0,-5.311565,0.07697354257106781,0.35199999809265137,0.4221000075340271
YAL033W,YOR261C,0,-5.312067,0.07695671170949936,0.35199999809265137,0.4221999943256378
YDR038C,YNL135C,0,-5.3121915,0.0769398882985115,0.35199999809265137,0.4223000109195709
YGL254W,YLR291C,0,-5.3123703,0.07692307978868484,0.35199999809265137,0.42239999771118164
YEL012W,YDR121W,0,-5.312396,0.07690627127885818,0.35199999809265137,0.42250001430511475
YDL190C,YDR389W,0,-5.3125515,0.07688947021961212,0.35199999809265137,0.42260000109672546
YKL095W,YOR290C,0,-5.3128405,0.07687267661094666,0.35199999809265137,0.4226999878883362
YPL268W,YEL051W,1,-5.313225,0.07707423716783524,0.3529999852180481,0.4226999878883362
YGR254W,YCL063W,1,-5.3133907,0.07727570086717606,0.3540000021457672,0.4226999878883362
YLL043W,YPL125W,0,-5.313719,0.07725884020328522,0.3540000021457672,0.4228000044822693
YPR198W,YML006C,0,-5.3138065,0.07724197953939438,0.3540000021457672,0.42289999127388
YDL185W,YHR060W,1,-5.313814,0.07744327932596207,0.35499998927116394,0.42289999127388
YFL004W,YOR326W,1,-5.3141403,0.07764448970556259,0.35600000619888306,0.42289999127388
YIL150C,YPL117C,0,-5.3141737,0.07762756198644638,0.35600000619888306,0.4230000078678131
YBR145W,YBR118W,0,-5.3142605,0.07761064171791077,0.35600000619888306,0.42309999465942383
YNL326C,YGL095C,1,-5.3143597,0.07781168073415756,0.3569999933242798,0.42309999465942383
YPR108W,YML064C,0,-5.31436,0.07779472321271896,0.3569999933242798,0.42320001125335693
YMR238W,YHL031C,0,-5.3148613,0.07777778059244156,0.3569999933242798,0.42329999804496765
YLR430W,YJL071W,0,-5.3149023,0.07776083797216415,0.3569999933242798,0.42340001463890076
YER146W,YML097C,0,-5.3150454,0.07774390280246735,0.3569999933242798,0.4235000014305115
YEL029C,YHR041C,0,-5.315097,0.07772697508335114,0.3569999933242798,0.4235999882221222
YDR192C,YDL192W,0,-5.3152065,0.07771005481481552,0.3569999933242798,0.4237000048160553
YKL203C,YPR033C,0,-5.3157043,0.0776931419968605,0.3569999933242798,0.423799991607666
YNL106C,YLR310C,0,-5.3167825,0.07767623662948608,0.3569999933242798,0.4239000082015991
YGR172C,YDR322C-A,0,-5.316827,0.07765934616327286,0.3569999933242798,0.42399999499320984
YDR202C,YLR386W,1,-5.317087,0.07785993814468384,0.3580000102519989,0.42399999499320984
YDR320C-A,YBR130C,0,-5.3171115,0.07784301042556763,0.3580000102519989,0.42410001158714294
YML046W,YGR257C,0,-5.317216,0.07782609015703201,0.3580000102519989,0.42419999837875366
YKR090W,YPR010C,0,-5.3175735,0.0778091698884964,0.3580000102519989,0.4242999851703644
YPL138C,YDL126C,0,-5.3175874,0.07779226452112198,0.3580000102519989,0.4244000017642975
YMR240C,YCR037C,0,-5.318181,0.07777536660432816,0.3580000102519989,0.4244999885559082
YKL192C,YDL130W,0,-5.3182096,0.07775846868753433,0.3580000102519989,0.4246000051498413
YHR099W,YEL020W-A,0,-5.3182406,0.0777415856719017,0.3580000102519989,0.424699991941452
YDR268W,YMR308C,0,-5.3191814,0.07772471010684967,0.3580000102519989,0.42480000853538513
YER095W,YHR102W,0,-5.3192806,0.07770783454179764,0.3580000102519989,0.42489999532699585
YLR043C,YLR386W,1,-5.3192997,0.0779079869389534,0.35899999737739563,0.42489999532699585
YHR108W,YJL190C,0,-5.31938,0.07789108157157898,0.35899999737739563,0.42500001192092896
YCL031C,YGR013W,0,-5.3196487,0.07787418365478516,0.35899999737739563,0.4250999987125397
YAR015W,YNL133C,0,-5.3198905,0.07785730063915253,0.35899999737739563,0.4251999855041504
YMR284W,YER019C-A,0,-5.319989,0.0778404176235199,0.35899999737739563,0.4253000020980835
YDR028C,YPL015C,0,-5.320158,0.07782354205846786,0.35899999737739563,0.4253999888896942
YNL245C,YBL069W,0,-5.3202076,0.07780667394399643,0.35899999737739563,0.4255000054836273
YNL188W,YJL128C,0,-5.320337,0.07778981328010559,0.35899999737739563,0.42559999227523804
YDL148C,YBR275C,0,-5.3203907,0.07777296006679535,0.35899999737739563,0.42570000886917114
YGL173C,YLR449W,0,-5.3203917,0.0777561217546463,0.35899999737739563,0.42579999566078186
YBR095C,YBR126C,0,-5.320551,0.07773928344249725,0.35899999737739563,0.42590001225471497
YJL104W,YOL145C,0,-5.320552,0.0777224525809288,0.35899999737739563,0.4259999990463257
YHR142W,YDR057W,0,-5.32071,0.07770562916994095,0.35899999737739563,0.4260999858379364
YJL005W,YJL191W,0,-5.320722,0.07768881320953369,0.35899999737739563,0.4262000024318695
YOL040C,YNL264C,0,-5.3207655,0.07767200469970703,0.35899999737739563,0.4262999892234802
YPR121W,YMR047C,0,-5.3207946,0.07765520364046097,0.35899999737739563,0.42640000581741333
YHR123W,YNL278W,0,-5.3209357,0.0776384100317955,0.35899999737739563,0.42649999260902405
YEL053C,YBR133C,0,-5.320961,0.07762162387371063,0.35899999737739563,0.42660000920295715
YOR371C,YDR030C,0,-5.3211837,0.07760484516620636,0.35899999737739563,0.42669999599456787
YNR056C,YGL018C,0,-5.3214445,0.07758806645870209,0.35899999737739563,0.426800012588501
YLR313C,YPR165W,0,-5.321732,0.07757130265235901,0.35899999737739563,0.4268999993801117
YDL185W,YNL079C,1,-5.3221254,0.07777057588100433,0.36000001430511475,0.4268999993801117
YMR197C,YDR495C,1,-5.3223147,0.0779697597026825,0.3610000014305115,0.4268999993801117
YKL220C,YGL099W,0,-5.3223777,0.07795292884111404,0.3610000014305115,0.4269999861717224
YMR143W,YGL027C,0,-5.322406,0.0779360979795456,0.3610000014305115,0.4271000027656555
YKL051W,YDL185W,1,-5.322773,0.07813511788845062,0.3619999885559082,0.4271000027656555
YDR017C,YOR068C,1,-5.3228455,0.07833405584096909,0.3630000054836273,0.4271000027656555
YJR050W,YHR163W,0,-5.3230557,0.07831715047359467,0.3630000054836273,0.42719998955726624
YGL105W,YJR042W,0,-5.3232317,0.07830026000738144,0.3630000054836273,0.42730000615119934
YNL192W,YNL025C,0,-5.3238325,0.07828336954116821,0.3630000054836273,0.42739999294281006
YAL015C,YLR433C,0,-5.3244705,0.07826649397611618,0.3630000054836273,0.42750000953674316
YPR051W,YLR398C,0,-5.3246403,0.07824962586164474,0.3630000054836273,0.4275999963283539
YDR484W,YDR299W,0,-5.324786,0.07823275774717331,0.3630000054836273,0.427700012922287
YJR160C,YGR227W,0,-5.3249435,0.07821590453386307,0.3630000054836273,0.4277999997138977
YHR031C,YDR369C,0,-5.3250103,0.07819905132055283,0.3630000054836273,0.4278999865055084
YDL126C,YDR411C,0,-5.3252735,0.07818221300840378,0.3630000054836273,0.42800000309944153
YOR076C,YOL146W,0,-5.325304,0.07816537469625473,0.3630000054836273,0.42809998989105225
YLR115W,YPR093C,0,-5.3254023,0.07814854383468628,0.3630000054836273,0.42820000648498535
YDL155W,YDR082W,0,-5.325693,0.07813172787427902,0.3630000054836273,0.42829999327659607
YBR293W,YAL047C,0,-5.326757,0.07811491191387177,0.3630000054836273,0.4284000098705292
YLL013C,YGL195W,0,-5.3271456,0.0780981034040451,0.3630000054836273,0.4284999966621399
YDR453C,YDR369C,0,-5.327631,0.07808130979537964,0.3630000054836273,0.428600013256073
YMR069W,YFL034C-B,0,-5.328005,0.07806451618671417,0.3630000054836273,0.4287000000476837
YKR029C,YLR200W,0,-5.328087,0.0780477300286293,0.3630000054836273,0.42879998683929443
YNL070W,YJL170C,0,-5.328271,0.07803095132112503,0.3630000054836273,0.42890000343322754
YDL077C,YDR328C,1,-5.328423,0.07822909951210022,0.36399999260902405,0.42890000343322754
YBL024W,YJL081C,0,-5.3284326,0.07821229100227356,0.36399999260902405,0.42899999022483826
YDL194W,YMR109W,0,-5.3286495,0.0781954899430275,0.36399999260902405,0.42910000681877136
YOR122C,YKR086W,0,-5.3287544,0.07817869633436203,0.36399999260902405,0.4291999936103821
YGL150C,YHR066W,0,-5.3288093,0.07816191017627716,0.36399999260902405,0.4293000102043152
YOR377W,YGR249W,0,-5.328925,0.07814512401819229,0.36399999260902405,0.4293999969959259
YBR023C,YCL008C,0,-5.329172,0.07812835276126862,0.36399999260902405,0.429500013589859
YLR117C,YOR110W,0,-5.329183,0.07811158895492554,0.36399999260902405,0.4296000003814697
YMR044W,YLR068W,0,-5.3292294,0.07809483259916306,0.36399999260902405,0.42969998717308044
YGR013W,YOL027C,0,-5.329378,0.07807807624340057,0.36399999260902405,0.42980000376701355
YJL194W,YKR037C,0,-5.3294992,0.07806133478879929,0.36399999260902405,0.42989999055862427
YPL268W,YDR080W,1,-5.3296623,0.07825900614261627,0.36500000953674316,0.42989999055862427
YOR332W,YNL015W,1,-5.329674,0.0784565880894661,0.3659999966621399,0.42989999055862427
YHR172W,YLR106C,0,-5.3297434,0.07843977957963943,0.3659999966621399,0.4300000071525574
YKR089C,YER183C,0,-5.329967,0.07842297106981277,0.3659999966621399,0.4300999939441681
YLR459W,YNL314W,0,-5.330021,0.07840617001056671,0.3659999966621399,0.4302000105381012
YHR066W,YKL054C,0,-5.330326,0.07838937640190125,0.3659999966621399,0.4302999973297119
YHR143W-A,YDR515W,0,-5.330349,0.07837259024381638,0.3659999966621399,0.430400013923645
YNL106C,YLR340W,0,-5.330394,0.0783558115363121,0.3659999966621399,0.43050000071525574
YGL019W,YER171W,0,-5.33062,0.07833904027938843,0.3659999966621399,0.43059998750686646
YOR326W,YOR332W,1,-5.331057,0.0785362720489502,0.367000013589859,0.43059998750686646
YLR134W,YGL065C,0,-5.331206,0.07851947098970413,0.367000013589859,0.43070000410079956
YCR048W,YJR022W,0,-5.3315554,0.07850267738103867,0.367000013589859,0.4307999908924103
YDR202C,YDR495C,1,-5.33158,0.0786997452378273,0.36800000071525574,0.4307999908924103
YOR320C,YNL025C,0,-5.3316107,0.07868291437625885,0.36800000071525574,0.4309000074863434
YKL205W,YNR030W,0,-5.3319607,0.07866609841585159,0.36800000071525574,0.4309999942779541
YFR019W,YDL077C,1,-5.3323565,0.0788630023598671,0.36899998784065247,0.4309999942779541
YBR152W,YJR140C,0,-5.332464,0.07884615659713745,0.36899998784065247,0.4311000108718872
YBR060C,YOL156W,0,-5.332482,0.0788293108344078,0.36899998784065247,0.4311999976634979
YDR212W,YDR334W,0,-5.332589,0.07881247252225876,0.36899998784065247,0.43130001425743103
YNL088W,YPL167C,0,-5.3326235,0.07879564166069031,0.36899998784065247,0.43140000104904175
YML011C,YPL118W,0,-5.333007,0.07877881824970245,0.36899998784065247,0.43149998784065247
YHR039C-A,YNL326C,1,-5.33304,0.07897545397281647,0.3700000047683716,0.43149998784065247
YGL104C,YDL098C,0,-5.333065,0.07895860075950623,0.3700000047683716,0.43160000443458557
YOL111C,YDL087C,0,-5.333093,0.07894175499677658,0.3700000047683716,0.4316999912261963
YNL094W,YJL145W,0,-5.3342276,0.07892491668462753,0.3700000047683716,0.4318000078201294
YGR157W,YMR280C,0,-5.334296,0.07890808582305908,0.3700000047683716,0.4318999946117401
YPR103W,YGR089W,0,-5.3343477,0.07889125496149063,0.3700000047683716,0.4320000112056732
YMR220W,YDL045C,0,-5.334619,0.07887443900108337,0.3700000047683716,0.43209999799728394
YPL259C,YHR082C,0,-5.33465,0.07885763049125671,0.3700000047683716,0.43220001459121704
YOR288C,YDR016C,0,-5.334897,0.07884082943201065,0.3700000047683716,0.43230000138282776
YLR447C,YPL045W,1,-5.334954,0.07903707027435303,0.3709999918937683,0.43230000138282776
YNL167C,YHR118C,0,-5.335059,0.07902023196220398,0.3709999918937683,0.4323999881744385
YHR154W,YDR416W,0,-5.335205,0.07900340855121613,0.3709999918937683,0.4325000047683716
YJL012C,YMR231W,1,-5.3352757,0.07919948548078537,0.3720000088214874,0.4325000047683716
YDR135C,YEL041W,0,-5.335373,0.07918263226747513,0.3720000088214874,0.4325999915599823
YMR287C,YLR298C,0,-5.3358555,0.07916577905416489,0.3720000088214874,0.4327000081539154
YOR179C,YMR298W,0,-5.3362894,0.07914893329143524,0.3720000088214874,0.4327999949455261
YNL044W,YCR027C,0,-5.3365374,0.07913210242986679,0.3720000088214874,0.43290001153945923
YLL026W,YPL228W,0,-5.336811,0.07911527156829834,0.3720000088214874,0.43299999833106995
YNL268W,YPR173C,0,-5.3368235,0.07909844815731049,0.3720000088214874,0.43309998512268066
YOL055C,YCR098C,0,-5.3369055,0.07908163219690323,0.3720000088214874,0.43320000171661377
YGR060W,YDR397C,0,-5.3369236,0.07906482368707657,0.3720000088214874,0.4332999885082245
YPL006W,YMR079W,0,-5.3369236,0.0790480226278305,0.3720000088214874,0.4334000051021576
YER145C,YHR074W,0,-5.337633,0.07903122901916504,0.3720000088214874,0.4334999918937683
YOR206W,YCL017C,0,-5.337734,0.07901444286108017,0.3720000088214874,0.4336000084877014
YNL282W,YLR176C,0,-5.3377714,0.0789976641535759,0.3720000088214874,0.43369999527931213
YFL056C,YCR026C,0,-5.338098,0.07898089289665222,0.3720000088214874,0.43380001187324524
YGR179C,YNL016W,0,-5.3381343,0.07896412909030914,0.3720000088214874,0.43389999866485596
YAL026C,YLR106C,0,-5.3384514,0.07894736528396606,0.3720000088214874,0.4339999854564667
YBL015W,YMR109W,0,-5.3385262,0.07893061637878418,0.3720000088214874,0.4341000020503998
YJL208C,YBR153W,0,-5.338689,0.07891387492418289,0.3720000088214874,0.4341999888420105
YHL036W,YOL127W,0,-5.3387527,0.0788971334695816,0.3720000088214874,0.4343000054359436
YDR080W,YNL079C,1,-5.3389134,0.07909245043992996,0.37299999594688416,0.4343000054359436
YGL175C,YDR446W,0,-5.338958,0.07907568663358688,0.37299999594688416,0.4343999922275543
YER029C,YHR061C,0,-5.3391385,0.0790589228272438,0.37299999594688416,0.4345000088214874
YPL006W,YJL201W,0,-5.3392673,0.07904216647148132,0.37299999594688416,0.43459999561309814
YMR162C,YJL179W,0,-5.339338,0.07902542501688004,0.37299999594688416,0.43470001220703125
YOR313C,YDR160W,0,-5.3393755,0.07900868356227875,0.37299999594688416,0.43479999899864197
YDR508C,YMR199W,0,-5.339552,0.07899194955825806,0.37299999594688416,0.4348999857902527
YDR202C,YGR254W,1,-5.339875,0.07918696105480194,0.37400001287460327,0.4348999857902527
YKL170W,YOR349W,0,-5.340331,0.07917019724845886,0.37400001287460327,0.4350000023841858
YKL038W,YGL168W,0,-5.3407803,0.07915344089269638,0.37400001287460327,0.4350999891757965
YLR136C,YMR298W,0,-5.3409405,0.0791366919875145,0.37400001287460327,0.4352000057697296
YPL234C,YNL015W,1,-5.3410616,0.07933150231838226,0.375,0.4352000057697296
YIL106W,YEL050C,0,-5.341509,0.07931472361087799,0.375,0.43529999256134033
YPL106C,YMR145C,0,-5.341722,0.07929795235395432,0.375,0.43540000915527344
YMR032W,YHR152W,0,-5.3417425,0.07928118109703064,0.375,0.43549999594688416
YNL138W,YGL018C,0,-5.341746,0.07926442474126816,0.375,0.43560001254081726
YDL175C,YOR266W,0,-5.342057,0.07924767583608627,0.375,0.435699999332428
YPL126W,YLL050C,0,-5.342148,0.07923093438148499,0.375,0.4357999861240387
YEL050C,YGR204W,0,-5.342395,0.0792141929268837,0.375,0.4359000027179718
YIL106W,YLR195C,0,-5.3427963,0.0791974663734436,0.375,0.4359999895095825
YNR072W,YDL201W,0,-5.342968,0.07918073982000351,0.375,0.4361000061035156
YER177W,YKL040C,0,-5.3431916,0.07916402816772461,0.375,0.43619999289512634
YDR168W,YHL040C,0,-5.3433714,0.07914731651544571,0.375,0.43630000948905945
YPR138C,YGR249W,0,-5.343401,0.079130619764328,0.375,0.43639999628067017
YCR083W,YFR029W,0,-5.3435006,0.0791139230132103,0.375,0.43650001287460327
YOR089C,YBL004W,0,-5.3435035,0.07909723371267319,0.375,0.436599999666214
YER178W,YMR164C,0,-5.3436127,0.07908055931329727,0.375,0.4366999864578247
YBR086C,YDL014W,0,-5.343625,0.07906388491392136,0.375,0.4368000030517578
YBR207W,YGL144C,0,-5.3437033,0.07904721796512604,0.375,0.43689998984336853
YOR308C,YPR046W,0,-5.343898,0.07903055846691132,0.375,0.43700000643730164
YGR254W,YLR240W,1,-5.344107,0.0792246088385582,0.37599998712539673,0.43700000643730164
YNR060W,YBR079C,0,-5.344283,0.07920791953802109,0.37599998712539673,0.43709999322891235
YDR103W,YDL007W,0,-5.3442993,0.07919123768806458,0.37599998712539673,0.43720000982284546
YOR049C,YDR487C,0,-5.3443675,0.07917456328868866,0.37599998712539673,0.4372999966144562
YOR279C,YHL003C,0,-5.344368,0.07915789633989334,0.37599998712539673,0.4374000132083893
YOR299W,YHL006C,0,-5.3443737,0.07914123684167862,0.37599998712539673,0.4375
YNL088W,YPR175W,0,-5.3443785,0.0791245773434639,0.37599998712539673,0.4375999867916107
YLR396C,YHR174W,1,-5.344627,0.0793183222413063,0.37700000405311584,0.4375999867916107
YJR031C,YDL088C,0,-5.345045,0.07930164039134979,0.37700000405311584,0.4377000033855438
YJR066W,YIR026C,0,-5.345106,0.07928496599197388,0.37700000405311584,0.43779999017715454
YNL021W,YMR240C,0,-5.3453875,0.07926829159259796,0.37700000405311584,0.43790000677108765
YKR014C,YOR137C,0,-5.3457127,0.07925163209438324,0.37700000405311584,0.43799999356269836
YOR371C,YOR201C,0,-5.345895,0.07923497259616852,0.37700000405311584,0.43810001015663147
YNL182C,YDR039C,0,-5.3462095,0.0792183205485344,0.37700000405311584,0.4381999969482422
YNL066W,YBR023C,0,-5.346465,0.07920168340206146,0.37700000405311584,0.4383000135421753
YDR392W,YGL094C,0,-5.346575,0.07918504625558853,0.37700000405311584,0.438400000333786
YOL151W,YOR179C,0,-5.346855,0.0791684165596962,0.37700000405311584,0.43849998712539673
YCL008C,YLR248W,0,-5.34709,0.07915179431438446,0.37700000405311584,0.43860000371932983
YGR175C,YJR001W,0,-5.347099,0.07913517951965332,0.37700000405311584,0.43869999051094055
YHR154W,YPL244C,0,-5.3472366,0.07911857217550278,0.37700000405311584,0.43880000710487366
YPL131W,YNL085W,0,-5.3473096,0.07910197228193283,0.37700000405311584,0.4388999938964844
YMR314W,YOL104C,0,-5.3473535,0.07908537983894348,0.37700000405311584,0.4390000104904175
YDL120W,YJR135W-A,0,-5.3475413,0.07906879484653473,0.37700000405311584,0.4390999972820282
YDR508C,YCR008W,0,-5.3478537,0.07905220985412598,0.37700000405311584,0.4392000138759613
YCL034W,YKL189W,0,-5.347953,0.07903563976287842,0.37700000405311584,0.439300000667572
YKL051W,YOR068C,1,-5.3484316,0.07922867685556412,0.3779999911785126,0.439300000667572
YMR314W,YML095C,0,-5.3484864,0.07921206951141357,0.3779999911785126,0.43939998745918274
YHR015W,YOR237W,0,-5.3485203,0.07919547706842422,0.3779999911785126,0.43950000405311584
YBR132C,YIR011C,0,-5.3489256,0.07917888462543488,0.3779999911785126,0.43959999084472656
YHL048W,YDR198C,0,-5.349084,0.07916230708360672,0.3779999911785126,0.43970000743865967
YJL035C,YBR098W,0,-5.3491282,0.07914572954177856,0.3779999911785126,0.4397999942302704
YGR227W,YBR156C,0,-5.3494244,0.079129159450531,0.3779999911785126,0.4399000108242035
YMR219W,YOR129C,0,-5.3496175,0.07911259680986404,0.3779999911785126,0.4399999976158142
YMR058W,YAL009W,0,-5.349672,0.07909604161977768,0.3779999911785126,0.4401000142097473
YKL051W,YHR174W,1,-5.350069,0.07928870618343353,0.3790000081062317,0.4401000142097473
YIL049W,YGR281W,0,-5.350184,0.07927212119102478,0.3790000081062317,0.44020000100135803
YGL194C,YIL009C-A,0,-5.3504887,0.07925554364919662,0.3790000081062317,0.44029998779296875
YIR021W,YOR079C,0,-5.350909,0.07923897355794907,0.3790000081062317,0.44040000438690186
YPR036W,YEL051W,1,-5.351017,0.0794314369559288,0.3799999952316284,0.44040000438690186
YPR054W,YJL060W,0,-5.351058,0.07941483706235886,0.3799999952316284,0.4404999911785126
YIL013C,YPR065W,0,-5.351301,0.0793982446193695,0.3799999952316284,0.4406000077724457
YBR295W,YDR180W,0,-5.35132,0.07938165962696075,0.3799999952316284,0.4406999945640564
YLR401C,YBR088C,0,-5.3514767,0.0793650820851326,0.3799999952316284,0.4408000111579895
YOL013C,YPL202C,0,-5.351548,0.07934850454330444,0.3799999952316284,0.4408999979496002
YOR307C,YGR178C,0,-5.351649,0.07933194190263748,0.3799999952316284,0.4410000145435333
YCR061W,YEL041W,0,-5.35165,0.07931538671255112,0.3799999952316284,0.44110000133514404
YDL226C,YER161C,0,-5.3517094,0.07929883152246475,0.3799999952316284,0.44119998812675476
YDL116W,YBR198C,0,-5.351753,0.07928228378295898,0.3799999952316284,0.44130000472068787
YMR219W,YNL202W,0,-5.35184,0.07926575094461441,0.3799999952316284,0.4413999915122986
YGL003C,YDL014W,0,-5.3528094,0.07924921810626984,0.3799999952316284,0.4415000081062317
YDL195W,YGR098C,0,-5.3528156,0.07923269271850586,0.3799999952316284,0.4415999948978424
YLR175W,YOR148C,0,-5.3528366,0.07921617478132248,0.3799999952316284,0.4417000114917755
YPL040C,YFR040W,0,-5.3530455,0.0791996642947197,0.3799999952316284,0.44179999828338623
YNR031C,YDR039C,0,-5.353322,0.07918316125869751,0.3799999952316284,0.44190001487731934
YPR124W,YER061C,0,-5.353358,0.07916666567325592,0.3799999952316284,0.44200000166893005
YFL004W,YGR020C,1,-5.3534694,0.07935846596956253,0.38100001215934753,0.44200000166893005
YLR079W,YHR023W,0,-5.3535824,0.07934194058179855,0.38100001215934753,0.44209998846054077
YDR459C,YHR181W,0,-5.3536735,0.07932542264461517,0.38100001215934753,0.4422000050544739
YLR047C,YLR361C,0,-5.3543663,0.07930891215801239,0.38100001215934753,0.4422999918460846
YKR048C,YPR154W,0,-5.3544893,0.0792924016714096,0.38100001215934753,0.4424000084400177
YJL085W,YOR180C,0,-5.354574,0.07927590608596802,0.38100001215934753,0.4424999952316284
YDR483W,YGL229C,0,-5.354583,0.07925941050052643,0.38100001215934753,0.4426000118255615
YMR137C,YML116W,0,-5.354684,0.07924292981624603,0.38100001215934753,0.44269999861717224
YLR242C,YEL002C,0,-5.354864,0.07922644913196564,0.38100001215934753,0.44279998540878296
YDL006W,YHR001W,0,-5.3556967,0.07920997589826584,0.38100001215934753,0.44290000200271606
YBR228W,YPL051W,0,-5.3557863,0.07919351756572723,0.38100001215934753,0.4429999887943268
YDL243C,YOL104C,0,-5.355916,0.07917705923318863,0.38100001215934753,0.4431000053882599
YJL074C,YMR135C,0,-5.356163,0.07916060835123062,0.38100001215934753,0.4431999921798706
YAL015C,YDL042C,0,-5.3562703,0.07914416491985321,0.38100001215934753,0.4433000087738037
YCR060W,YBR183W,0,-5.3563957,0.0791277289390564,0.38100001215934753,0.44339999556541443
YDL077C,YMR231W,1,-5.356473,0.07931893318891525,0.38199999928474426,0.44339999556541443
YFL021W,YER155C,0,-5.3565264,0.07930246740579605,0.38199999928474426,0.44350001215934753
YFL056C,YBR297W,0,-5.357027,0.07928600907325745,0.38199999928474426,0.44359999895095825
YOR087W,YOL090W,0,-5.3570433,0.07926955819129944,0.38199999928474426,0.44369998574256897
YBR107C,YGR048W,0,-5.357091,0.07925311475992203,0.38199999928474426,0.4438000023365021
YJR055W,YPL117C,0,-5.3573456,0.07923667132854462,0.38199999928474426,0.4438999891281128
YDR030C,YGL004C,0,-5.357621,0.0792202427983284,0.38199999928474426,0.4440000057220459
YLR059C,YBR260C,0,-5.3576827,0.07920381426811218,0.38199999928474426,0.4440999925136566
YER024W,YHR016C,0,-5.3577104,0.07918739318847656,0.38199999928474426,0.4442000091075897
YPL234C,YDR080W,1,-5.35818,0.07937823981046677,0.382999986410141,0.4442000091075897
YOR380W,YJR090C,0,-5.358307,0.07936178892850876,0.382999986410141,0.44429999589920044
YMR276W,YMR199W,0,-5.35844,0.07934534549713135,0.382999986410141,0.44440001249313354
YOL040C,YDR376W,0,-5.3589697,0.07932891696691513,0.382999986410141,0.44449999928474426
YLR195C,YLR448W,0,-5.3590283,0.07931248843669891,0.382999986410141,0.444599986076355
YMR287C,YLR274W,0,-5.359047,0.0792960673570633,0.382999986410141,0.4447000026702881
YIL056W,YMR080C,0,-5.3594446,0.07927965372800827,0.382999986410141,0.4447999894618988
YDL198C,YMR145C,0,-5.359765,0.07926324754953384,0.382999986410141,0.4449000060558319
YML010W,YDR469W,0,-5.3598194,0.07924684137105942,0.382999986410141,0.4449999928474426
YCR071C,YHR157W,0,-5.360056,0.07923045009374619,0.382999986410141,0.44510000944137573
YOR261C,YFR031C,0,-5.360088,0.07921406626701355,0.382999986410141,0.44519999623298645
YJL080C,YLR068W,0,-5.3607917,0.07919768244028091,0.382999986410141,0.44530001282691956
YLR098C,YLR079W,0,-5.361118,0.07918131351470947,0.382999986410141,0.4453999996185303
YLR148W,YGR209C,1,-5.3611794,0.07937163859605789,0.3840000033378601,0.4453999996185303
YDR093W,YGL090W,0,-5.361389,0.07935523986816406,0.3840000033378601,0.445499986410141
YDR507C,YBL098W,0,-5.3615265,0.07933884114027023,0.3840000033378601,0.4456000030040741
YDR414C,YOR087W,0,-5.3615623,0.0793224573135376,0.3840000033378601,0.4456999897956848
YPR140W,YOR349W,0,-5.3616734,0.07930607348680496,0.3840000033378601,0.4458000063896179
YEL036C,YEL062W,0,-5.361703,0.07928969711065292,0.3840000033378601,0.44589999318122864
YGL112C,YDR489W,0,-5.3619323,0.07927332818508148,0.3840000033378601,0.44600000977516174
YLR396C,YOR332W,1,-5.362285,0.07946336269378662,0.38499999046325684,0.44600000977516174
YPR141C,YDL116W,0,-5.3625016,0.07944696396589279,0.38499999046325684,0.44609999656677246
YMR243C,YML099C,0,-5.3630323,0.07943057268857956,0.38499999046325684,0.44620001316070557
YNL259C,YFR031C,0,-5.363129,0.07941418886184692,0.38499999046325684,0.4462999999523163
YKL119C,YFR019W,1,-5.363205,0.07960404455661774,0.38600000739097595,0.4462999999523163
YDR331W,YIL120W,0,-5.3635225,0.07958763092756271,0.38600000739097595,0.446399986743927
YDL102W,YDL116W,0,-5.3639164,0.07957122474908829,0.38600000739097595,0.4465000033378601
YAL032C,YLR190W,0,-5.364604,0.07955482602119446,0.38600000739097595,0.4465999901294708
YOR129C,YNL044W,0,-5.3646784,0.07953842729330063,0.38600000739097595,0.44670000672340393
YBR042C,YCL008C,0,-5.3648696,0.079522043466568,0.38600000739097595,0.44679999351501465
YEL051W,YNL015W,1,-5.3650093,0.07971163839101791,0.3869999945163727,0.44679999351501465
YIL110W,YKR022C,0,-5.365068,0.07969522476196289,0.3869999945163727,0.44690001010894775
YDR364C,YBR088C,0,-5.365384,0.07967881113290787,0.3869999945163727,0.44699999690055847
YDR460W,YOR046C,0,-5.365735,0.07966241240501404,0.3869999945163727,0.4471000134944916
YOR048C,YBR017C,0,-5.3657646,0.0796460211277008,0.3869999945163727,0.4472000002861023
YOR100C,YGL115W,0,-5.3657756,0.07962962985038757,0.3869999945163727,0.447299987077713
YCL059C,YBR289W,0,-5.3661475,0.07961324602365494,0.3869999945163727,0.4474000036716461
YKL082C,YPL202C,0,-5.3661547,0.0795968770980835,0.3869999945163727,0.44749999046325684
YNL113W,YLR103C,0,-5.367142,0.07958050817251205,0.3869999945163727,0.44760000705718994
YMR076C,YCR065W,0,-5.3672123,0.07956414669752121,0.3869999945163727,0.44769999384880066
YBR049C,YGR281W,0,-5.3673177,0.07954779267311096,0.3869999945163727,0.44780001044273376
YIL075C,YDR255C,0,-5.3673286,0.07953144609928131,0.3869999945163727,0.4478999972343445
YBR029C,YHR042W,0,-5.3675365,0.07951509952545166,0.3869999945163727,0.4480000138282776
YMR314W,YIL120W,0,-5.3676805,0.0794987678527832,0.3869999945163727,0.4481000006198883
YGR186W,YGL120C,0,-5.3678656,0.07948244363069534,0.3869999945163727,0.448199987411499
YPL047W,YLR291C,0,-5.3679833,0.07946611940860748,0.3869999945163727,0.44830000400543213
YDR194C,YCR065W,0,-5.3680344,0.07944980263710022,0.3869999945163727,0.44839999079704285
YMR054W,YNL054W,1,-5.3682737,0.07963874936103821,0.3880000114440918,0.44839999079704285
YIL132C,YNR052C,0,-5.368427,0.07962241023778915,0.3880000114440918,0.44850000739097595
YBR297W,YGL106W,0,-5.368652,0.0796060711145401,0.3880000114440918,0.44859999418258667
YPR188C,YDR481C,0,-5.3690863,0.07958974689245224,0.3880000114440918,0.4487000107765198
YHR067W,YNL025C,0,-5.369503,0.07957342267036438,0.3880000114440918,0.4487999975681305
YNL065W,YAL010C,0,-5.36952,0.07955710589885712,0.3880000114440918,0.4489000141620636
YAL032C,YPL063W,0,-5.369543,0.07954079657793045,0.3880000114440918,0.4490000009536743
YJL157C,YGL115W,0,-5.3695593,0.07952449470758438,0.3880000114440918,0.44909998774528503
YNL332W,YBR260C,0,-5.3700585,0.07950820028781891,0.3880000114440918,0.44920000433921814
YCL025C,YOL020W,0,-5.3701334,0.07949190586805344,0.3880000114440918,0.44929999113082886
YPR088C,YMR287C,0,-5.3701344,0.07947562634944916,0.3880000114440918,0.44940000772476196
YLR098C,YPL096W,0,-5.3703136,0.07945934683084488,0.3880000114440918,0.4494999945163727
YDR228C,YBR023C,0,-5.3708725,0.0794430822134018,0.3880000114440918,0.4496000111103058
YPR095C,YNL283C,0,-5.371212,0.07942681759595871,0.3880000114440918,0.4496999979019165
YMR207C,YPL228W,0,-5.3713512,0.07941056042909622,0.3880000114440918,0.4498000144958496
YLR396C,YBR127C,1,-5.371622,0.07959893345832825,0.3889999985694885,0.4498000144958496
YKR054C,YEL009C,0,-5.3718243,0.07958265393972397,0.3889999985694885,0.4499000012874603
YCL061C,YJL196C,0,-5.3720922,0.07956637442111969,0.3889999985694885,0.44999998807907104
YER125W,YLR141W,0,-5.37224,0.07955010235309601,0.3889999985694885,0.45010000467300415
YNL070W,YPL059W,0,-5.3723583,0.07953383773565292,0.3889999985694885,0.45019999146461487
YKL192C,YDL036C,0,-5.372569,0.07951758056879044,0.3889999985694885,0.450300008058548
YIL026C,YDL102W,0,-5.3727417,0.07950133085250854,0.3889999985694885,0.4503999948501587
YJL076W,YER145C,0,-5.372854,0.07948508113622665,0.3889999985694885,0.4505000114440918
YOR110W,YPL006W,0,-5.3729925,0.07946884632110596,0.3889999985694885,0.4505999982357025
YDL006W,YNL206C,0,-5.373071,0.07945261150598526,0.3889999985694885,0.4507000148296356
YNL201C,YGL053W,0,-5.3732285,0.07943639159202576,0.3889999985694885,0.45080000162124634
YCR089W,YLR303W,0,-5.373501,0.07942017167806625,0.3889999985694885,0.45089998841285706
YPL174C,YHR066W,0,-5.3735013,0.07940395921468735,0.3889999985694885,0.45100000500679016
YLR066W,YNL220W,0,-5.3736696,0.07938775420188904,0.3889999985694885,0.4510999917984009
YGL124C,YFR037C,0,-5.3738685,0.07937155663967133,0.3889999985694885,0.451200008392334
YDR030C,YGL032C,0,-5.374592,0.07935536652803421,0.3889999985694885,0.4512999951839447
YGL095C,YEL051W,1,-5.374687,0.07954313606023788,0.38999998569488525,0.4512999951839447
YPR110C,YBR237W,0,-5.3748293,0.07952691614627838,0.38999998569488525,0.4514000117778778
YBL008W,YNL031C,0,-5.3749456,0.07951070368289948,0.38999998569488525,0.4514999985694885
YOL146W,YGL126W,0,-5.375149,0.07949449867010117,0.38999998569488525,0.45159998536109924
YLR066W,YLR394W,0,-5.3756104,0.07947829365730286,0.38999998569488525,0.45170000195503235
YOR212W,YOR075W,0,-5.3756247,0.07946210354566574,0.38999998569488525,0.45179998874664307
YOR308C,YNR044W,0,-5.376238,0.07944591343402863,0.38999998569488525,0.45190000534057617
YNL267W,YOL122C,0,-5.376299,0.0794297382235527,0.38999998569488525,0.4519999921321869
YLR006C,YKL049C,0,-5.376437,0.07941356301307678,0.38999998569488525,0.45210000872612
YBR143C,YGL232W,0,-5.376589,0.07939739525318146,0.38999998569488525,0.4521999955177307
YGR155W,YPR010C,0,-5.376783,0.07938123494386673,0.38999998569488525,0.4523000121116638
YNL275W,YCR094W,0,-5.3768244,0.0793650820851326,0.38999998569488525,0.45239999890327454
YGR209C,YPR036W,1,-5.3768783,0.07955238968133926,0.39100000262260437,0.45239999890327454
YAL002W,YKR022C,0,-5.377034,0.07953620702028275,0.39100000262260437,0.45249998569488525
YAL020C,YLR113W,0,-5.3773003,0.07952003180980682,0.39100000262260437,0.45260000228881836
YPL231W,YBR082C,0,-5.3775444,0.0795038640499115,0.39100000262260437,0.4526999890804291
YGL058W,YPR001W,0,-5.3782096,0.07948770374059677,0.39100000262260437,0.4528000056743622
YNL309W,YFR055W,0,-5.3783627,0.07947154343128204,0.39100000262260437,0.4528999924659729
YLR119W,YGL226C-A,0,-5.378447,0.07945539802312851,0.39100000262260437,0.453000009059906
YDL208W,YPL122C,0,-5.378454,0.07943925261497498,0.39100000262260437,0.4530999958515167
YML024W,YLR424W,0,-5.3786554,0.07942311465740204,0.39100000262260437,0.45320001244544983
YLL035W,YOR195W,0,-5.3788185,0.0794069841504097,0.39100000262260437,0.45329999923706055
YIL018W,YMR207C,0,-5.380098,0.07939086109399796,0.39100000262260437,0.45339998602867126
YKL018W,YDR400W,0,-5.3801403,0.07937474548816681,0.39100000262260437,0.45350000262260437
YJR063W,YLR007W,0,-5.3803473,0.07935863733291626,0.39100000262260437,0.4535999894142151
YGR179C,YNL072W,0,-5.3808427,0.07934252917766571,0.39100000262260437,0.4537000060081482
YKL203C,YCR065W,0,-5.381016,0.07932643592357635,0.39100000262260437,0.4537999927997589
YOR353C,YOR036W,0,-5.3812594,0.079310342669487,0.39100000262260437,0.453900009393692
YDL198C,YLR425W,0,-5.3813653,0.07929426431655884,0.39100000262260437,0.45399999618530273
YNL218W,YHR014W,0,-5.381522,0.07927818596363068,0.39100000262260437,0.45410001277923584
YFR003C,YOR160W,0,-5.381838,0.07926211506128311,0.39100000262260437,0.45419999957084656
YJL112W,YAL058W,0,-5.381957,0.07924604415893555,0.39100000262260437,0.4542999863624573
YOR201C,YDR184C,0,-5.3819575,0.07922998815774918,0.39100000262260437,0.4544000029563904
YDR300C,YML024W,0,-5.3819757,0.0792139396071434,0.39100000262260437,0.4544999897480011
YLR313C,YOL111C,0,-5.3829226,0.07919789105653763,0.39100000262260437,0.4546000063419342
YHR039C-A,YGR209C,1,-5.3832216,0.07938436418771744,0.3919999897480011,0.4546000063419342
YPL010W,YGR075C,0,-5.383294,0.07936829328536987,0.3919999897480011,0.4546999931335449
YDR194C,YBR267W,0,-5.3833365,0.0793522298336029,0.3919999897480011,0.454800009727478
YDL155W,YKL086W,0,-5.3835163,0.07933616638183594,0.3919999897480011,0.45489999651908875
YER065C,YLL022C,0,-5.383566,0.07932011038064957,0.3919999897480011,0.45500001311302185
YDR264C,YBR243C,0,-5.3837843,0.07930406928062439,0.3919999897480011,0.45509999990463257
YLR117C,YGR213C,0,-5.384228,0.07928802818059921,0.3919999897480011,0.4551999866962433
YDR362C,YPR094W,0,-5.3842773,0.07927199453115463,0.3919999897480011,0.4553000032901764
YMR290C,YCL017C,0,-5.384427,0.07925596088171005,0.3919999897480011,0.4553999900817871
YAR019C,YNL021W,0,-5.384689,0.07923994213342667,0.3919999897480011,0.4555000066757202
YGR172C,YOL122C,0,-5.385187,0.07922393083572388,0.3919999897480011,0.45559999346733093
YIL149C,YJR019C,0,-5.385202,0.07920791953802109,0.3919999897480011,0.45570001006126404
YGR213C,YOR206W,0,-5.385438,0.0791919156908989,0.3919999897480011,0.45579999685287476
YIR010W,YPR094W,0,-5.3855295,0.0791759267449379,0.3919999897480011,0.45590001344680786
YNL216W,YGR284C,0,-5.385766,0.0791599377989769,0.3919999897480011,0.4560000002384186
YKR035W-A,YPL224C,0,-5.386177,0.0791439563035965,0.3919999897480011,0.4560999870300293
YMR092C,YPR199C,0,-5.3869357,0.0791279748082161,0.3919999897480011,0.4562000036239624
YLR010C,YDL188C,0,-5.386936,0.07911200821399689,0.3919999897480011,0.4562999904155731
YBR162C,YJR009C,0,-5.3870873,0.07909604161977768,0.3919999897480011,0.4564000070095062
YOL055C,YDR002W,0,-5.3878784,0.07908008992671967,0.3919999897480011,0.45649999380111694
YJL024C,YPL192C,0,-5.388215,0.07906413823366165,0.3919999897480011,0.45660001039505005
YKR042W,YBR258C,0,-5.3883886,0.07904819399118423,0.3919999897480011,0.45669999718666077
YMR008C,YGL028C,0,-5.389019,0.07903225719928741,0.3919999897480011,0.45680001378059387
YML058W,YMR081C,0,-5.389071,0.07901632785797119,0.3919999897480011,0.4569000005722046
YAL023C,YAR015W,0,-5.389168,0.07900040596723557,0.3919999897480011,0.4569999873638153
YHR005C,YBR168W,0,-5.389228,0.07898448407649994,0.3919999897480011,0.4571000039577484
YLR100W,YPL007C,0,-5.3901296,0.0789685770869255,0.3919999897480011,0.45719999074935913
YBR061C,YMR149W,0,-5.390574,0.07895267009735107,0.3919999897480011,0.45730000734329224
YLR183C,YOR048C,0,-5.3906097,0.07893677055835724,0.3919999897480011,0.45739999413490295
YLR447C,YLR396C,1,-5.390779,0.07912220805883408,0.3930000066757202,0.45739999413490295
YOR301W,YJR009C,0,-5.3913736,0.07910627871751785,0.3930000066757202,0.45750001072883606
YHR083W,YJR119C,0,-5.391429,0.07909035682678223,0.3930000066757202,0.4575999975204468
YOL040C,YDR489W,0,-5.3915324,0.0790744498372078,0.3930000066757202,0.4577000141143799
YML132W,YPL010W,0,-5.392231,0.07905854284763336,0.3930000066757202,0.4578000009059906
YCR072C,YHL031C,0,-5.3923264,0.07904263585805893,0.3930000066757202,0.4578999876976013
YPL049C,YLR186W,0,-5.3924007,0.07902674376964569,0.3930000066757202,0.4580000042915344
YDR294C,YNL107W,0,-5.392924,0.07901085913181305,0.3930000066757202,0.45809999108314514
YGL033W,YPR008W,0,-5.392992,0.07899497449398041,0.3930000066757202,0.45820000767707825
YLR386W,YBR109C,1,-5.393473,0.07918006181716919,0.39399999380111694,0.45820000767707825
YGL033W,YHR083W,0,-5.393561,0.07916415482759476,0.39399999380111694,0.45829999446868896
YEL002C,YER103W,0,-5.393642,0.07914825528860092,0.39399999380111694,0.45840001106262207
YGR020C,YLR240W,1,-5.3942175,0.07933320105075836,0.39500001072883606,0.45840001106262207
YPL249C,YPR009W,0,-5.3944383,0.07931727170944214,0.39500001072883606,0.4584999978542328
YPR164W,YER105C,0,-5.3944387,0.07930134236812592,0.39500001072883606,0.4586000144481659
YNR048W,YMR243C,0,-5.394461,0.07928542792797089,0.39500001072883606,0.4587000012397766
YMR268C,YDR295C,0,-5.394547,0.07926951348781586,0.39500001072883606,0.45879998803138733
YEL056W,YHR023W,0,-5.3949513,0.07925361394882202,0.39500001072883606,0.45890000462532043
YGL066W,YFL025C,0,-5.3952794,0.07923771440982819,0.39500001072883606,0.45899999141693115
YPR095C,YIL042C,0,-5.3954706,0.07922182232141495,0.39500001072883606,0.45910000801086426
YNL004W,YKR067W,0,-5.395733,0.0792059376835823,0.39500001072883606,0.459199994802475
YNL314W,YBR084W,0,-5.3958654,0.07919005304574966,0.39500001072883606,0.4593000113964081
YOR143C,YMR293C,0,-5.3962026,0.07917418330907822,0.39500001072883606,0.4593999981880188
YER119C,YEL031W,0,-5.396245,0.07915831357240677,0.39500001072883606,0.4595000147819519
YGL047W,YER127W,0,-5.3962793,0.07914245873689651,0.39500001072883606,0.4596000015735626
YPL117C,YLR129W,0,-5.3964677,0.07912660390138626,0.39500001072883606,0.45969998836517334
YLR189C,YKR090W,0,-5.3965454,0.0791107565164566,0.39500001072883606,0.45980000495910645
YOR201C,YDR039C,0,-5.3966274,0.07909491658210754,0.39500001072883606,0.45989999175071716
YOR160W,YEL020W-A,0,-5.396648,0.07907907664775848,0.39500001072883606,0.46000000834465027
YPL242C,YDR099W,0,-5.396736,0.07906325161457062,0.39500001072883606,0.460099995136261
YBR158W,YPL002C,0,-5.396829,0.07904742658138275,0.39500001072883606,0.4602000117301941
YLR105C,YDL243C,0,-5.396845,0.07903160899877548,0.39500001072883606,0.4602999985218048
YDR422C,YEL037C,0,-5.396922,0.0790158063173294,0.39500001072883606,0.4603999853134155
YPL124W,YPR024W,0,-5.3969975,0.07900000363588333,0.39500001072883606,0.46050000190734863
YJL050W,YPL177C,0,-5.397334,0.07898420095443726,0.39500001072883606,0.46059998869895935
YDR495C,YLR148W,1,-5.397423,0.07916833460330963,0.3959999978542328,0.46059998869895935
YEL009C,YOL043C,0,-5.3978024,0.07915250957012177,0.3959999978542328,0.46070000529289246
YER116C,YMR311C,0,-5.3978825,0.0791366919875145,0.3959999978542328,0.4607999920845032
YER133W,YKL143W,0,-5.39795,0.07912088185548782,0.3959999978542328,0.4609000086784363
YOR109W,YKL141W,0,-5.3979716,0.07910507172346115,0.3959999978542328,0.460999995470047
YDR512C,YLL002W,0,-5.398308,0.07908927649259567,0.3959999978542328,0.4611000120639801
YCL031C,YLR452C,0,-5.3985324,0.0790734812617302,0.3959999978542328,0.4611999988555908
YEL017C-A,YBL018C,0,-5.398536,0.07905769348144531,0.3959999978542328,0.46129998564720154
YDR264C,YJL071W,0,-5.398574,0.07904191315174103,0.3959999978542328,0.46140000224113464
YPR173C,YGL043W,0,-5.398674,0.07902614027261734,0.3959999978542328,0.46149998903274536
YHR039C-A,YDL185W,1,-5.398755,0.07920989394187927,0.3970000147819519,0.46149998903274536
YBR217W,YOR188W,0,-5.3988743,0.0791940987110138,0.3970000147819519,0.46160000562667847
YIL009C-A,YJL170C,0,-5.3988895,0.07917830348014832,0.3970000147819519,0.4616999924182892
YLR148W,YDR080W,1,-5.3991823,0.0793619155883789,0.39800000190734863,0.4616999924182892
YPR006C,YDR062W,0,-5.399398,0.07934609055519104,0.39800000190734863,0.4618000090122223
YAL003W,YGR101W,0,-5.399954,0.07933028042316437,0.39800000190734863,0.461899995803833
YDL130W,YJR078W,0,-5.399968,0.0793144702911377,0.39800000190734863,0.4620000123977661
YBL040C,YML113W,0,-5.4002533,0.07929866760969162,0.39800000190734863,0.46209999918937683
YER146W,YKL179C,0,-5.4007072,0.07928286492824554,0.39800000190734863,0.46219998598098755
YKR019C,YGL232W,0,-5.4009037,0.07926707714796066,0.39800000190734863,0.46230000257492065
YLR081W,YHR096C,0,-5.4009314,0.07925129681825638,0.39800000190734863,0.46239998936653137
YGR209C,YLR240W,1,-5.4014235,0.0794346034526825,0.39899998903274536,0.46239998936653137
YMR056C,YNL003C,0,-5.4019675,0.07941879332065582,0.39899998903274536,0.4625000059604645
YOR148C,YNL231C,0,-5.402216,0.07940298318862915,0.39899998903274536,0.4625999927520752
YFL050C,YBR015C,0,-5.402474,0.07938718795776367,0.39899998903274536,0.4627000093460083
YGL019W,YER172C,0,-5.4030504,0.0793713927268982,0.39899998903274536,0.462799996137619
YGL033W,YEL037C,0,-5.4032784,0.07935560494661331,0.39899998903274536,0.4629000127315521
YDR310C,YLR016C,0,-5.403517,0.07933983206748962,0.39899998903274536,0.46299999952316284
YAL011W,YOR023C,0,-5.403531,0.07932405918836594,0.39899998903274536,0.46309998631477356
YMR197C,YOR068C,1,-5.403583,0.07950705289840698,0.4000000059604645,0.46309998631477356
YLR032W,YIL046W,0,-5.4038553,0.0794912576675415,0.4000000059604645,0.46320000290870667
YHR143W-A,YBL008W,0,-5.4039116,0.07947546243667603,0.4000000059604645,0.4632999897003174
YFL004W,YGR254W,1,-5.4039707,0.07965832203626633,0.4009999930858612,0.4632999897003174
YKL026C,YDR481C,0,-5.4042397,0.07964250445365906,0.4009999930858612,0.4634000062942505
YIR033W,YBR260C,0,-5.404247,0.07962668687105179,0.4009999930858612,0.4634999930858612
YNL148C,YBR280C,0,-5.404318,0.07961087673902512,0.4009999930858612,0.4636000096797943
YNR072W,YHR123W,0,-5.404505,0.07959507405757904,0.4009999930858612,0.46369999647140503
YAL005C,YLL019C,0,-5.4049125,0.07957927882671356,0.4009999930858612,0.46380001306533813
YHL019C,YNL116W,0,-5.4049597,0.07956349104642868,0.4009999930858612,0.46389999985694885
YJL198W,YJL170C,0,-5.4050207,0.0795477107167244,0.4009999930858612,0.46399998664855957
YDL047W,YCL044C,0,-5.405279,0.07953193038702011,0.4009999930858612,0.4641000032424927
YPR036W,YPL045W,1,-5.4053164,0.07971445471048355,0.4020000100135803,0.4641000032424927
YLR382C,YDR280W,0,-5.4054794,0.07969865202903748,0.4020000100135803,0.4641999900341034
YJR143C,YPL190C,0,-5.405859,0.079682856798172,0.4020000100135803,0.4643000066280365
YPR094W,YPL137C,0,-5.405861,0.07966706156730652,0.4020000100135803,0.4643999934196472
YGL017W,YML105C,0,-5.406041,0.07965128123760223,0.4020000100135803,0.4645000100135803
YDR202C,YPL268W,1,-5.406358,0.07983359694480896,0.40299999713897705,0.4645000100135803
YML098W,YML107C,0,-5.406598,0.07981778681278229,0.40299999713897705,0.46459999680519104
YBR152W,YNL264C,0,-5.406623,0.07980197668075562,0.40299999713897705,0.46470001339912415
YCR065W,YKL108W,0,-5.406702,0.07978618144989014,0.40299999713897705,0.46480000019073486
YOR198C,YCL029C,0,-5.406857,0.07977038621902466,0.40299999713897705,0.4648999869823456
YMR013C,YIL049W,0,-5.407002,0.07975459843873978,0.40299999713897705,0.4650000035762787
YDL106C,YBR275C,0,-5.407192,0.07973881810903549,0.40299999713897705,0.4650999903678894
YMR207C,YDR379W,0,-5.407233,0.0797230452299118,0.40299999713897705,0.4652000069618225
YDR080W,YIL048W,1,-5.407393,0.07990506291389465,0.40400001406669617,0.4652000069618225
YDL164C,YOL009C,0,-5.407461,0.07988926023244858,0.40400001406669617,0.4652999937534332
YHR011W,YAL001C,0,-5.4075756,0.0798734650015831,0.40400001406669617,0.46540001034736633
YPR088C,YJL098W,0,-5.4075937,0.07985767722129822,0.40400001406669617,0.46549999713897705
YLR347C,YDR028C,0,-5.40767,0.07984189689159393,0.40400001406669617,0.46560001373291016
YML091C,YGL150C,0,-5.407878,0.07982612401247025,0.40400001406669617,0.4657000005245209
YNL049C,YGL033W,0,-5.407978,0.07981035113334656,0.40400001406669617,0.4657999873161316
YHR083W,YGR211W,0,-5.4082,0.07979458570480347,0.40400001406669617,0.4659000039100647
YBR276C,YOR115C,0,-5.408593,0.07977882772684097,0.40400001406669617,0.4659999907016754
YGL162W,YNL119W,0,-5.4086914,0.07976307719945908,0.40400001406669617,0.4661000072956085
YLR353W,YJL094C,0,-5.4091053,0.07974733412265778,0.40400001406669617,0.46619999408721924
YCL004W,YPR034W,0,-5.4092455,0.07973159849643707,0.40400001406669617,0.46630001068115234
YCL033C,YDR069C,0,-5.409493,0.07971586287021637,0.40400001406669617,0.46639999747276306
YHR190W,YPL060W,0,-5.410265,0.07970013469457626,0.40400001406669617,0.46650001406669617
YHL036W,YNL262W,0,-5.4104385,0.07968442142009735,0.40400001406669617,0.4666000008583069
YLR396C,YLR386W,1,-5.410613,0.07986590266227722,0.4050000011920929,0.4666000008583069
YKR029C,YIR026C,0,-5.410713,0.07985015958547592,0.4050000011920929,0.4666999876499176
YDR145W,YMR199W,0,-5.4107475,0.07983441650867462,0.4050000011920929,0.4668000042438507
YBR143C,YBR133C,0,-5.4116473,0.07981868088245392,0.4050000011920929,0.4668999910354614
YDR174W,YCR028C-A,0,-5.412006,0.07980295270681381,0.4050000011920929,0.46700000762939453
YLR399C,YGL120C,0,-5.4126625,0.0797872319817543,0.4050000011920929,0.46709999442100525
YNL020C,YGR221C,0,-5.41318,0.07977151870727539,0.4050000011920929,0.46720001101493835
YGL055W,YDR523C,0,-5.4133883,0.07975581288337708,0.4050000011920929,0.4672999978065491
YML029W,YDR300C,0,-5.4136343,0.07974010705947876,0.4050000011920929,0.4674000144004822
YIL103W,YLR130C,0,-5.413744,0.07972440868616104,0.4050000011920929,0.4675000011920929
YOR194C,YGR245C,0,-5.41401,0.07970871776342392,0.4050000011920929,0.4675999879837036
YOR156C,YML086C,0,-5.4142504,0.0796930342912674,0.4050000011920929,0.4677000045776367
YBR169C,YDR464W,0,-5.414403,0.07967735826969147,0.4050000011920929,0.46779999136924744
YDR268W,YGL099W,0,-5.414609,0.07966168224811554,0.4050000011920929,0.46790000796318054
YJR086W,YBR218C,0,-5.414812,0.0796460211277008,0.4050000011920929,0.46799999475479126
YOL127W,YOR123C,0,-5.414871,0.07963036000728607,0.4050000011920929,0.46810001134872437
YMR149W,YLR433C,0,-5.4159145,0.07961470633745193,0.4050000011920929,0.4681999981403351
YDR263C,YGR195W,0,-5.416084,0.0795990601181984,0.4050000011920929,0.4683000147342682
YJR118C,YBR118W,0,-5.4161186,0.07958341389894485,0.4050000011920929,0.4684000015258789
YKR061W,YOL069W,0,-5.416123,0.07956778258085251,0.4050000011920929,0.4684999883174896
YOR274W,YBL084C,0,-5.416422,0.07955215126276016,0.4050000011920929,0.46860000491142273
YBR006W,YOL069W,0,-5.4164343,0.07953652739524841,0.4050000011920929,0.46869999170303345
YLR403W,YJL121C,0,-5.416462,0.07952091097831726,0.4050000011920929,0.46880000829696655
YML006C,YDR503C,0,-5.416548,0.0795053020119667,0.4050000011920929,0.46889999508857727
YGL045W,YOR313C,0,-5.41707,0.07948969304561615,0.4050000011920929,0.4690000116825104
YNL031C,YKL214C,0,-5.417165,0.07947409898042679,0.4050000011920929,0.4690999984741211
YMR246W,YKL040C,0,-5.4172144,0.07945850491523743,0.4050000011920929,0.4691999852657318
YDR045C,YGR161C,0,-5.4172387,0.07944291830062866,0.4050000011920929,0.4693000018596649
YBL102W,YGL227W,0,-5.4175625,0.0794273391366005,0.4050000011920929,0.46939998865127563
YPR141C,YGL153W,0,-5.417584,0.07941176742315292,0.4050000011920929,0.46950000524520874
YIL023C,YNL142W,0,-5.4178247,0.07939619570970535,0.4050000011920929,0.46959999203681946
YDL064W,YBL074C,0,-5.4179506,0.07938063144683838,0.4050000011920929,0.46970000863075256
YNL113W,YKL054C,0,-5.4182367,0.0793650820851326,0.4050000011920929,0.4697999954223633
YDR080W,YGR020C,1,-5.418381,0.07954545319080353,0.4059999883174896,0.4697999954223633
YAL056W,YGR247W,0,-5.4186172,0.07952987402677536,0.4059999883174896,0.4699000120162964
YJR059W,YPL091W,0,-5.418766,0.07951429486274719,0.4059999883174896,0.4699999988079071
YLR337C,YOL061W,0,-5.4190216,0.07949873059988022,0.4059999883174896,0.4700999855995178
YKR090W,YMR235C,0,-5.4191036,0.07948316633701324,0.4059999883174896,0.4702000021934509
YKL042W,YBL022C,0,-5.419156,0.07946760952472687,0.4059999883174896,0.47029998898506165
YFL056C,YAL013W,0,-5.419203,0.07945205271244049,0.4059999883174896,0.47040000557899475
YGL053W,YAL010C,0,-5.4192085,0.07943651080131531,0.4059999883174896,0.47049999237060547
YBR010W,YDR046C,0,-5.419358,0.07942096889019012,0.4059999883174896,0.4706000089645386
YOR335C,YMR211W,0,-5.41953,0.07940543442964554,0.4059999883174896,0.4706999957561493
YOL004W,YHR034C,0,-5.4196587,0.07938990741968155,0.4059999883174896,0.4708000123500824
YOR344C,YLL012W,0,-5.4196587,0.07937438786029816,0.4059999883174896,0.4708999991416931
YHR077C,YKL007W,0,-5.420087,0.07935887575149536,0.4059999883174896,0.47099998593330383
YIL098C,YOR045W,0,-5.4202332,0.07934336364269257,0.4059999883174896,0.47110000252723694
YML118W,YIL068C,0,-5.4203377,0.07932785898447037,0.4059999883174896,0.47119998931884766
YBR179C,YCR083W,0,-5.420409,0.07931236922740936,0.4059999883174896,0.47130000591278076
YAL017W,YKL160W,0,-5.4204493,0.07929687201976776,0.4059999883174896,0.4713999927043915
YOR147W,YGL106W,0,-5.4205008,0.07928138971328735,0.4059999883174896,0.4715000092983246
YNL166C,YDL098C,0,-5.4206095,0.07926591485738754,0.4059999883174896,0.4715999960899353
YGR177C,YLR013W,0,-5.420932,0.07925044000148773,0.4059999883174896,0.4717000126838684
YJL073W,YAL041W,0,-5.4209394,0.07923497259616852,0.4059999883174896,0.4717999994754791
YJL050W,YER164W,0,-5.421396,0.0792195126414299,0.4059999883174896,0.47189998626708984
YOR377W,YPR093C,0,-5.421727,0.07920406013727188,0.4059999883174896,0.47200000286102295
YDR022C,YDL232W,0,-5.421809,0.07918860763311386,0.4059999883174896,0.47209998965263367
YPL139C,YBL064C,0,-5.4218745,0.07917317003011703,0.4059999883174896,0.4722000062465668
YPL101W,YNL216W,0,-5.4224195,0.07915773242712021,0.4059999883174896,0.4722999930381775
YFL009W,YGR175C,0,-5.42243,0.07914230227470398,0.4059999883174896,0.4724000096321106
YGL006W,YGR172C,0,-5.4225283,0.07912687957286835,0.4059999883174896,0.4724999964237213
YDR495C,YCL063W,1,-5.422681,0.07930631190538406,0.40700000524520874,0.4724999964237213
YOR145C,YLR005W,0,-5.4231215,0.07929085940122604,0.40700000524520874,0.4726000130176544
YGR296W,YER127W,0,-5.423141,0.07927542179822922,0.40700000524520874,0.47269999980926514
YOR182C,YBR084W,0,-5.4232197,0.07925998419523239,0.40700000524520874,0.47279998660087585
YGR134W,YGL055W,0,-5.423236,0.07924454659223557,0.40700000524520874,0.47290000319480896
YIL013C,YBR243C,0,-5.4235387,0.07922912389039993,0.40700000524520874,0.4729999899864197
YBR217W,YBR175W,0,-5.423667,0.0792137011885643,0.40700000524520874,0.4731000065803528
YAR031W,YOR054C,0,-5.4236884,0.07919828593730927,0.40700000524520874,0.4731999933719635
YLR449W,YMR161W,0,-5.423726,0.07918287813663483,0.40700000524520874,0.4733000099658966
YGL133W,YMR246W,0,-5.4238667,0.07916747778654099,0.40700000524520874,0.4733999967575073
YOR372C,YNR060W,0,-5.423906,0.07915207743644714,0.40700000524520874,0.47350001335144043
YDL134C,YLR214W,0,-5.4240255,0.0791366919875145,0.40700000524520874,0.47360000014305115
YLR006C,YKL053C-A,0,-5.42456,0.07912130653858185,0.40700000524520874,0.47369998693466187
YJR021C,YHR072W,0,-5.4246235,0.0791059285402298,0.40700000524520874,0.47380000352859497
YMR164C,YGL166W,0,-5.424644,0.07909055799245834,0.40700000524520874,0.4738999903202057
YLR447C,YDR202C,1,-5.424691,0.07926947623491287,0.40799999237060547,0.4738999903202057
YER019W,YBR170C,0,-5.4250364,0.07925407588481903,0.40799999237060547,0.4740000069141388
YAR042W,YMR161W,0,-5.4250593,0.07923869043588638,0.40799999237060547,0.4740999937057495
YFL022C,YOR110W,0,-5.4251122,0.07922329753637314,0.40799999237060547,0.4742000102996826
YNL225C,YDR412W,0,-5.4251204,0.07920791953802109,0.40799999237060547,0.47429999709129333
YLR275W,YHL047C,0,-5.4251966,0.07919254899024963,0.40799999237060547,0.47440001368522644
YCR093W,YNL148C,0,-5.425336,0.07917717844247818,0.40799999237060547,0.47450000047683716
YMR267W,YER052C,0,-5.4254684,0.07916181534528732,0.40799999237060547,0.4745999872684479
YDL117W,YGL029W,0,-5.425742,0.07914645969867706,0.40799999237060547,0.474700003862381
YJL134W,YJL196C,0,-5.4258895,0.0791311115026474,0.40799999237060547,0.4747999906539917
YPL076W,YDL019C,0,-5.426284,0.07911576330661774,0.40799999237060547,0.4749000072479248
YJL184W,YML078W,0,-5.426648,0.07910043001174927,0.40799999237060547,0.4749999940395355
YER061C,YGL014W,0,-5.427292,0.0790850967168808,0.40799999237060547,0.47510001063346863
YNL042W,YDR460W,0,-5.42731,0.07906977087259293,0.40799999237060547,0.47519999742507935
YCR010C,YDR168W,0,-5.427692,0.07905444502830505,0.40799999237060547,0.47530001401901245
YFR008W,YDL165W,0,-5.427858,0.07903913408517838,0.40799999237060547,0.47540000081062317
YER028C,YIL135C,0,-5.428018,0.0790238231420517,0.40799999237060547,0.4754999876022339
YGR129W,YOR187W,0,-5.4284096,0.07900851964950562,0.40799999237060547,0.475600004196167
YLR386W,YGR209C,1,-5.429054,0.0791868343949318,0.4090000092983246,0.475600004196167
YNL139C,YPR005C,0,-5.4290557,0.07917150855064392,0.4090000092983246,0.4756999909877777
YDL002C,YPR037C,0,-5.4293823,0.07915618270635605,0.4090000092983246,0.4758000075817108
YLR147C,YGR213C,0,-5.429781,0.07914086431264877,0.4090000092983246,0.47589999437332153
YER173W,YIL103W,0,-5.4299254,0.0791255533695221,0.4090000092983246,0.47600001096725464
YPL076W,YHR005C,0,-5.429981,0.07911024987697601,0.4090000092983246,0.47609999775886536
YBL016W,YMR216C,0,-5.4300604,0.07909495383501053,0.4090000092983246,0.47620001435279846
YDR225W,YGR217W,0,-5.43023,0.07907965779304504,0.4090000092983246,0.4763000011444092
YGL100W,YOL013C,0,-5.4305305,0.07906436920166016,0.4090000092983246,0.4763999879360199
YNL293W,YMR048W,0,-5.430745,0.07904908806085587,0.4090000092983246,0.476500004529953
YML031W,YGL018C,0,-5.430785,0.07903381437063217,0.4090000092983246,0.4765999913215637
YNL280C,YOR319W,0,-5.4308376,0.07901854813098907,0.4090000092983246,0.4767000079154968
YMR128W,YJL145W,0,-5.4312,0.07900328189134598,0.4090000092983246,0.47679999470710754
YKL204W,YER019C-A,0,-5.4313974,0.07898802310228348,0.4090000092983246,0.47690001130104065
YDR022C,YDR481C,0,-5.4314885,0.07897277176380157,0.4090000092983246,0.47699999809265137
YGR175C,YHR169W,0,-5.4318867,0.07895752787590027,0.4090000092983246,0.4771000146865845
YNL272C,YML126C,0,-5.4321985,0.07894229143857956,0.4090000092983246,0.4772000014781952
YDR081C,YCR057C,0,-5.432369,0.07892705500125885,0.4090000092983246,0.4772999882698059
YIR033W,YOR034C,0,-5.4324694,0.07891182601451874,0.4090000092983246,0.477400004863739
YGR247W,YNL080C,0,-5.432611,0.07889660447835922,0.4090000092983246,0.47749999165534973
YLR039C,YMR235C,0,-5.4327407,0.0788813903927803,0.4090000092983246,0.47760000824928284
YGR280C,YAL009W,0,-5.4329085,0.07886617630720139,0.4090000092983246,0.47769999504089355
YHR123W,YKL056C,0,-5.433101,0.07885097712278366,0.4090000092983246,0.47780001163482666
YNR058W,YPL233W,0,-5.433243,0.07883577793836594,0.4090000092983246,0.4778999984264374
YKL018W,YBL009W,0,-5.433396,0.07882057875394821,0.4090000092983246,0.4779999852180481
YGR038W,YNL080C,0,-5.433689,0.07880539447069168,0.4090000092983246,0.4781000018119812
YGL078C,YDR028C,0,-5.434156,0.07879021018743515,0.4090000092983246,0.4781999886035919
YNL070W,YHR084W,0,-5.4342494,0.07877504080533981,0.4090000092983246,0.478300005197525
YER104W,YPL053C,0,-5.4342546,0.07875987142324448,0.4090000092983246,0.47839999198913574
YGL061C,YJL109C,0,-5.434675,0.07874470204114914,0.4090000092983246,0.47850000858306885
YER143W,YPL188W,0,-5.434848,0.078729547560215,0.4090000092983246,0.47859999537467957
YPL091W,YGR213C,0,-5.43492,0.07871439307928085,0.4090000092983246,0.47870001196861267
YPL224C,YJL106W,0,-5.434963,0.07869924604892731,0.4090000092983246,0.4787999987602234
YKR003W,YIL046W,0,-5.4351854,0.07868410646915436,0.4090000092983246,0.4788999855518341
YGR092W,YPL055C,0,-5.4352255,0.078668974339962,0.4090000092983246,0.4790000021457672
YPL042C,YPL155C,0,-5.436058,0.07865384966135025,0.4090000092983246,0.47909998893737793
YML016C,YMR285C,0,-5.4364777,0.0786387249827385,0.4090000092983246,0.47920000553131104
YOR206W,YLR452C,0,-5.4367642,0.07862360775470734,0.4090000092983246,0.47929999232292175
YML046W,YDR346C,0,-5.436812,0.07860849797725677,0.4090000092983246,0.47940000891685486
YCR072C,YOL115W,0,-5.437076,0.07859338819980621,0.4090000092983246,0.4794999957084656
YJR001W,YDL112W,0,-5.43736,0.07857829332351685,0.4090000092983246,0.4796000123023987
YGL158W,YOR213C,0,-5.4374037,0.07856319844722748,0.4090000092983246,0.4796999990940094
YKL074C,YHR013C,0,-5.4375396,0.07854811102151871,0.4090000092983246,0.4797999858856201
YKL119C,YDR080W,1,-5.43755,0.07872503995895386,0.4099999964237213,0.4797999858856201
YCL061C,YKL048C,0,-5.437607,0.0787099227309227,0.4099999964237213,0.4799000024795532
YDR404C,YOR144C,0,-5.4378905,0.07869482040405273,0.4099999964237213,0.47999998927116394
YKR050W,YKL053C-A,0,-5.437977,0.07867971807718277,0.4099999964237213,0.48010000586509705
YHR068W,YPL256C,0,-5.4381423,0.0786646232008934,0.4099999964237213,0.48019999265670776
YBL024W,YDR322C-A,0,-5.4382257,0.07864952832460403,0.4099999964237213,0.48030000925064087
YML029W,YEL002C,0,-5.438262,0.07863444834947586,0.4099999964237213,0.4803999960422516
YEL017C-A,YIL031W,0,-5.438724,0.07861936837434769,0.4099999964237213,0.4805000126361847
YOR049C,YDL231C,0,-5.43884,0.07860429584980011,0.4099999964237213,0.4805999994277954
YDR202C,YEL013W,1,-5.439081,0.07878091186285019,0.41100001335144043,0.4805999994277954
YHL036W,YKL068W,0,-5.439099,0.07876580953598022,0.41100001335144043,0.48069998621940613
YGR239C,YGL028C,0,-5.4392033,0.07875072211027145,0.41100001335144043,0.48080000281333923
YDR202C,YMR054W,1,-5.43925,0.07892720401287079,0.41200000047683716,0.48080000281333923
YGL133W,YDR062W,0,-5.4393845,0.07891208678483963,0.41200000047683716,0.48089998960494995
YHR203C,YEL031W,0,-5.4398727,0.07889697700738907,0.41200000047683716,0.48100000619888306
YOR136W,YKL079W,0,-5.439939,0.07888186722993851,0.41200000047683716,0.4810999929904938
YFL002C,YOR148C,0,-5.440153,0.07886677235364914,0.41200000047683716,0.4812000095844269
YDR263C,YNL088W,0,-5.440381,0.07885167747735977,0.41200000047683716,0.4812999963760376
YBR296C,YDR459C,0,-5.440381,0.0788365826010704,0.41200000047683716,0.4814000129699707
YBR169C,YDL078C,0,-5.4405537,0.07882150262594223,0.41200000047683716,0.4814999997615814
YNL049C,YPL188W,0,-5.4406652,0.07880643010139465,0.41200000047683716,0.48159998655319214
YDR294C,YDR180W,0,-5.4407682,0.07879135757684708,0.41200000047683716,0.48170000314712524
YBL069W,YDR121W,0,-5.440805,0.0787762925028801,0.41200000047683716,0.48179998993873596
YIL128W,YHR197W,0,-5.4408865,0.07876122742891312,0.41200000047683716,0.48190000653266907
YJL012C,YOR326W,1,-5.4409246,0.07893730700016022,0.4129999876022339,0.48190000653266907
YGL213C,YIL129C,0,-5.4409924,0.07892222702503204,0.4129999876022339,0.4819999933242798
YNL123W,YER017C,0,-5.4413233,0.07890714704990387,0.4129999876022339,0.4821000099182129
YGR214W,YOL064C,0,-5.4414196,0.07889207452535629,0.4129999876022339,0.4821999967098236
YDR174W,YDR503C,0,-5.4414725,0.07887700200080872,0.4129999876022339,0.4823000133037567
YPR141C,YNL107W,0,-5.441869,0.07886194437742233,0.4129999876022339,0.48240000009536743
YLR043C,YDR495C,1,-5.441882,0.07903780043125153,0.414000004529953,0.48240000009536743
YDR080W,YFL039C,1,-5.442535,0.07921358942985535,0.41499999165534973,0.48240000009536743
YNL054W,YBR127C,1,-5.442709,0.0793893113732338,0.41600000858306885,0.48240000009536743
YJR066W,YCL066W,0,-5.4427505,0.07937416434288025,0.41600000858306885,0.48249998688697815
YFL022C,YAL026C,0,-5.4430428,0.0793590247631073,0.41600000858306885,0.48260000348091125
YJL025W,YCR026C,0,-5.443293,0.07934388518333435,0.41600000858306885,0.482699990272522
YNL283C,YMR268C,0,-5.4437904,0.079328753054142,0.41600000858306885,0.4828000068664551
YKR014C,YBR126C,0,-5.4438276,0.07931362837553024,0.41600000858306885,0.4828999936580658
YGR195W,YOR188W,0,-5.4441385,0.07929851114749908,0.41600000858306885,0.4830000102519989
YOL059W,YKR086W,0,-5.444997,0.07928340137004852,0.41600000858306885,0.4830999970436096
YOR145C,YKR001C,0,-5.44524,0.07926829159259796,0.41600000858306885,0.4832000136375427
YIL018W,YKL143W,0,-5.4453,0.079253189265728,0.41600000858306885,0.48330000042915344
YLR210W,YAL013W,0,-5.445356,0.07923809438943863,0.41600000858306885,0.48339998722076416
YIL120W,YGR206W,0,-5.445391,0.07922300696372986,0.41600000858306885,0.48350000381469727
YNL192W,YLR425W,0,-5.44599,0.07920791953802109,0.41600000858306885,0.483599990606308
YDR362C,YPL051W,0,-5.4461284,0.07919283956289291,0.41600000858306885,0.4837000072002411
YLR266C,YDR030C,0,-5.446454,0.07917776703834534,0.41600000858306885,0.4837999939918518
YEL036C,YGL038C,0,-5.4466176,0.07916270196437836,0.41600000858306885,0.4839000105857849
YDR172W,YGL043W,0,-5.446706,0.07914764434099197,0.41600000858306885,0.48399999737739563
YJL178C,YGR141W,0,-5.4468765,0.07913258671760559,0.41600000858306885,0.48410001397132874
YMR224C,YDR532C,0,-5.4474163,0.0791175365447998,0.41600000858306885,0.48420000076293945
YBR274W,YNL117W,0,-5.4475284,0.07910249382257462,0.41600000858306885,0.48429998755455017
YHR050W,YNL329C,0,-5.4475465,0.07908745110034943,0.41600000858306885,0.4844000041484833
YJR055W,YJL062W,0,-5.4475765,0.07907242327928543,0.41600000858306885,0.484499990940094
YLR086W,YJL106W,0,-5.447752,0.07905739545822144,0.41600000858306885,0.4846000075340271
YDL117W,YCL004W,0,-5.447883,0.07904236763715744,0.41600000858306885,0.4846999943256378
YLR396C,YHR026W,1,-5.447964,0.0792173221707344,0.4169999957084656,0.4846999943256378
YCR071C,YJR089W,0,-5.4482665,0.07920227944850922,0.4169999957084656,0.4848000109195709
YLR081W,YHR004C,0,-5.448305,0.07918723672628403,0.4169999957084656,0.48489999771118164
YLR370C,YJL081C,0,-5.448496,0.07917220145463943,0.4169999957084656,0.48500001430511475
YMR052W,YGL236C,0,-5.448701,0.07915717363357544,0.4169999957084656,0.48510000109672546
YLR163C,YHR074W,0,-5.448761,0.07914215326309204,0.4169999957084656,0.4851999878883362
YPL155C,YLR205C,0,-5.449083,0.07912713289260864,0.4169999957084656,0.4853000044822693
YCR052W,YHR042W,0,-5.4491386,0.07911211997270584,0.4169999957084656,0.48539999127388
YHR143W-A,YER169W,0,-5.449297,0.07909711450338364,0.4169999957084656,0.4855000078678131
YMR316W,YIL119C,0,-5.449661,0.07908211648464203,0.4169999957084656,0.48559999465942383
YGR108W,YGR192C,0,-5.44977,0.07906711846590042,0.4169999957084656,0.48570001125335693
YGR186W,YDL194W,0,-5.449773,0.07905213534832001,0.4169999957084656,0.48579999804496765
YML010W,YBL071W-A,0,-5.450091,0.0790371522307396,0.4169999957084656,0.48590001463890076
YHR099W,YMR052W,0,-5.45016,0.07902216911315918,0.4169999957084656,0.4860000014305115
YPR002W,YOR046C,0,-5.4502463,0.07900720089673996,0.4169999957084656,0.4860999882221222
YJL184W,YJR022W,0,-5.4503813,0.07899223268032074,0.4169999957084656,0.4862000048160553
YLR148W,YBR127C,1,-5.4506407,0.07916666567325592,0.4180000126361847,0.4862000048160553
YJL170C,YNL221C,0,-5.450761,0.07915167510509491,0.4180000126361847,0.486299991607666
YHR143W-A,YPL032C,0,-5.450987,0.0791366919875145,0.4180000126361847,0.4864000082015991
YMR183C,YPL060W,0,-5.451185,0.07912170886993408,0.4180000126361847,0.48649999499320984
YDR416W,YJL167W,0,-5.451345,0.07910674065351486,0.4180000126361847,0.48660001158714294
YMR058W,YGR261C,0,-5.451508,0.07909177243709564,0.4180000126361847,0.48669999837875366
YPL124W,YOR328W,0,-5.4517536,0.07907680422067642,0.4180000126361847,0.4867999851703644
YBR167C,YDL080C,0,-5.4521046,0.0790618509054184,0.4180000126361847,0.4869000017642975
YML025C,YPR067W,0,-5.45219,0.07904689759016037,0.4180000126361847,0.4869999885559082
YDR202C,YOR326W,1,-5.4523363,0.07922102510929108,0.4189999997615814,0.4869999885559082
YHR030C,YNL032W,0,-5.452639,0.07920604944229126,0.4189999997615814,0.4871000051498413
YHR154W,YBR029C,0,-5.45275,0.07919108122587204,0.4189999997615814,0.487199991941452
YPL055C,YDR192C,0,-5.4529047,0.07917611300945282,0.4189999997615814,0.48730000853538513
YKL042W,YGL094C,0,-5.453023,0.0791611596941948,0.4189999997615814,0.48739999532699585
YOL164W,YKL154W,0,-5.45308,0.07914620637893677,0.4189999997615814,0.48750001192092896
YDL008W,YEL029C,0,-5.4531918,0.07913125306367874,0.4189999997615814,0.4875999987125397
YDR424C,YPL133C,0,-5.453257,0.07911631464958191,0.4189999997615814,0.4876999855041504
YMR146C,YKL022C,0,-5.453276,0.07910137623548508,0.4189999997615814,0.4878000020980835
YCR047C,YCR008W,0,-5.4533243,0.07908644527196884,0.4189999997615814,0.4878999888896942
YDR147W,YIL131C,0,-5.4533796,0.0790715217590332,0.4189999997615814,0.4880000054836273
YJL129C,YNL075W,0,-5.453569,0.07905660569667816,0.4189999997615814,0.48809999227523804
YOL116W,YPR029C,0,-5.4536667,0.07904168963432312,0.4189999997615814,0.48820000886917114
YOR261C,YDR243C,0,-5.453706,0.07902678102254868,0.4189999997615814,0.48829999566078186
YMR214W,YPR168W,0,-5.4538336,0.07901187986135483,0.4189999997615814,0.48840001225471497
YMR292W,YDL005C,0,-5.4539995,0.07899698615074158,0.4189999997615814,0.4884999990463257
YGR268C,YOR129C,0,-5.4540873,0.07898209244012833,0.4189999997615814,0.4885999858379364
YLR275W,YDL108W,0,-5.454152,0.07896720618009567,0.4189999997615814,0.4887000024318695
YER104W,YLL015W,0,-5.454167,0.07895232737064362,0.4189999997615814,0.4887999892234802
YER104W,YGL232W,0,-5.454172,0.07893745601177216,0.4189999997615814,0.48890000581741333
YDR484W,YGR075C,0,-5.454491,0.0789225846529007,0.4189999997615814,0.48899999260902405
YER009W,YIL009C-A,0,-5.454757,0.07890772074460983,0.4189999997615814,0.48910000920295715
YBR283C,YJL013C,0,-5.454791,0.07889286428689957,0.4189999997615814,0.48919999599456787
YHR188C,YOR069W,0,-5.454958,0.0788780152797699,0.4189999997615814,0.489300012588501
YML046W,YJR135C,0,-5.455467,0.07886316627264023,0.4189999997615814,0.4893999993801117
YML127W,YGL100W,0,-5.4554834,0.07884832471609116,0.4189999997615814,0.4894999861717224
YDL134C,YOR216C,0,-5.45555,0.07883349061012268,0.4189999997615814,0.4896000027656555
YDL140C,YGR005C,0,-5.4558525,0.0788186639547348,0.4189999997615814,0.48969998955726624
YGR177C,YDL112W,0,-5.4561663,0.07880383729934692,0.4189999997615814,0.48980000615119934
YGR014W,YNL292W,0,-5.456473,0.07878901809453964,0.4189999997615814,0.48989999294281006
YDR489W,YBR110W,0,-5.4564915,0.07877420634031296,0.4189999997615814,0.49000000953674316
YNR072W,YNL309W,0,-5.456514,0.07875940203666687,0.4189999997615814,0.4900999963283539
YNR035C,YDL085W,0,-5.4567294,0.07874459773302078,0.4189999997615814,0.490200012922287
YML081C-A,YLR228C,0,-5.456892,0.07872980087995529,0.4189999997615814,0.4902999997138977
YDR280W,YEL002C,0,-5.457043,0.0787150114774704,0.4189999997615814,0.4903999865055084
YER028C,YHR129C,0,-5.4571543,0.0787002220749855,0.4189999997615814,0.49050000309944153
YDR025W,YLR016C,0,-5.457218,0.0786854475736618,0.4189999997615814,0.49059998989105225
YKL208W,YGR206W,0,-5.457309,0.0786706730723381,0.4189999997615814,0.49070000648498535
YDL135C,YGL243W,0,-5.457465,0.078655906021595,0.4189999997615814,0.49079999327659607
YLR039C,YOL043C,0,-5.4576344,0.0786411389708519,0.4189999997615814,0.4909000098705292
YNL272C,YDR147W,0,-5.457816,0.07862638682126999,0.4189999997615814,0.4909999966621399
YNL107W,YGR192C,0,-5.4580345,0.07861163467168808,0.4189999997615814,0.491100013256073
YNL323W,YDR211W,0,-5.458237,0.07859688252210617,0.4189999997615814,0.4912000000476837
YGR095C,YKL041W,0,-5.458504,0.07858214527368546,0.4189999997615814,0.49129998683929443
YKR026C,YPL156C,0,-5.4586773,0.07856740802526474,0.4189999997615814,0.49140000343322754
YGL053W,YBR279W,0,-5.458786,0.07855267822742462,0.4189999997615814,0.49149999022483826
YDR273W,YDR376W,0,-5.4588184,0.0785379558801651,0.4189999997615814,0.49160000681877136
YBL105C,YOL069W,0,-5.458912,0.07852324098348618,0.4189999997615814,0.4916999936103821
YDR080W,YEL051W,1,-5.4592414,0.07869589328765869,0.41999998688697815,0.4916999936103821
YAL033W,YKL054C,0,-5.4594226,0.07868115603923798,0.41999998688697815,0.4918000102043152
YGL192W,YDR503C,0,-5.460014,0.07866641879081726,0.41999998688697815,0.4918999969959259
YNL286W,YJL081C,0,-5.4600463,0.07865168899297714,0.41999998688697815,0.492000013589859
YDR140W,YDR046C,0,-5.4600725,0.07863695919513702,0.41999998688697815,0.4921000003814697
YMR150C,YER017C,0,-5.460148,0.0786222368478775,0.41999998688697815,0.49219998717308044
YHR160C,YNR030W,0,-5.4613447,0.07860752195119858,0.41999998688697815,0.49230000376701355
YNL242W,YLR193C,0,-5.4613767,0.07859281450510025,0.41999998688697815,0.49239999055862427
YOR332W,YCL063W,1,-5.4614406,0.07876519858837128,0.42100000381469727,0.49239999055862427
YDR080W,YNL054W,1,-5.4615936,0.07893752306699753,0.421999990940094,0.49239999055862427
YOR126C,YER123W,0,-5.4617195,0.07892276346683502,0.421999990940094,0.4925000071525574
YBL103C,YJL080C,0,-5.461727,0.07890800386667252,0.421999990940094,0.4925999939441681
YGL194C,YNL278W,0,-5.462055,0.0788932517170906,0.421999990940094,0.4927000105381012
YDL178W,YNL117W,0,-5.4623327,0.0788785070180893,0.421999990940094,0.4927999973297119
YER133W,YER117W,0,-5.46245,0.07886376231908798,0.421999990940094,0.492900013923645
YGL241W,YDR009W,0,-5.46249,0.07884902507066727,0.421999990940094,0.49300000071525574
YBR173C,YKR029C,0,-5.462776,0.07883429527282715,0.421999990940094,0.49309998750686646
YHR099W,YDR318W,0,-5.4629297,0.07881957292556763,0.421999990940094,0.49320000410079956
YMR054W,YOR326W,1,-5.463029,0.07899159938097,0.4230000078678131,0.49320000410079956
YDR091C,YDR057W,0,-5.463173,0.07897684723138809,0.4230000078678131,0.4932999908924103
YDR268W,YKL034W,0,-5.4633837,0.07896210253238678,0.4230000078678131,0.4934000074863434
YGL022W,YMR145C,0,-5.4635906,0.07894736528396606,0.4230000078678131,0.4934999942779541
YDR393W,YPL209C,0,-5.463724,0.07893263548612595,0.4230000078678131,0.4936000108718872
YAR015W,YAL059W,0,-5.4640627,0.07891791313886642,0.4230000078678131,0.4936999976634979
YDR328C,YLR240W,1,-5.464315,0.07908972352743149,0.42399999499320984,0.4936999976634979
YNL072W,YAL013W,0,-5.464346,0.07907497137784958,0.42399999499320984,0.49380001425743103
YKL122C,YPR067W,0,-5.464387,0.07906022667884827,0.42399999499320984,0.49390000104904175
YBR109C,YNL015W,1,-5.4644723,0.07923191785812378,0.42500001192092896,0.49390000104904175
YPL140C,YFR031C,0,-5.4645977,0.07921715080738068,0.42500001192092896,0.49399998784065247
YLR197W,YMR277W,0,-5.4647074,0.07920238375663757,0.42500001192092896,0.49410000443458557
YDL081C,YEL066W,0,-5.4647465,0.07918763160705566,0.42500001192092896,0.4941999912261963
YDR495C,YPL268W,1,-5.465294,0.07935916632413864,0.4259999990463257,0.4941999912261963
YPL240C,YKL004W,0,-5.4653788,0.07934438437223434,0.4259999990463257,0.4943000078201294
YKL015W,YPL051W,0,-5.4654455,0.07932960987091064,0.4259999990463257,0.4943999946117401
YGL013C,YBR298C,0,-5.4655704,0.07931483536958694,0.4259999990463257,0.4945000112056732
YCL067C,YLR085C,0,-5.4663897,0.07930007576942444,0.4259999990463257,0.49459999799728394
YOR233W,YBR102C,0,-5.4664125,0.07928531616926193,0.4259999990463257,0.49470001459121704
YBL023C,YOR162C,0,-5.4664516,0.07927056401968002,0.4259999990463257,0.49480000138282776
YOR156C,YLR191W,0,-5.466542,0.07925581187009811,0.4259999990463257,0.4948999881744385
YMR314W,YGR206W,0,-5.467052,0.0792410746216774,0.4259999990463257,0.4950000047683716
YKR014C,YOR043W,0,-5.4670687,0.07922633737325668,0.4259999990463257,0.4950999915599823
YBL085W,YOR244W,0,-5.467473,0.07921160012483597,0.4259999990463257,0.4952000081539154
YOR049C,YHR004C,0,-5.4675093,0.07919687777757645,0.4259999990463257,0.4952999949455261
YPR110C,YDR200C,0,-5.467741,0.07918215543031693,0.4259999990463257,0.49540001153945923
YCL008C,YCR061W,0,-5.4679785,0.079167440533638,0.4259999990463257,0.49549999833106995
YLR119W,YBL078C,0,-5.46875,0.07915273308753967,0.4259999990463257,0.49559998512268066
YMR142C,YCR066W,0,-5.4688234,0.07913802564144135,0.4259999990463257,0.49570000171661377
YPR017C,YKL101W,0,-5.469117,0.07912332564592361,0.4259999990463257,0.4957999885082245
YLR145W,YDR214W,0,-5.469557,0.07910863310098648,0.4259999990463257,0.4959000051021576
YBR173C,YHR154W,0,-5.469614,0.07909394800662994,0.4259999990463257,0.4959999918937683
YCL067C,YFR055W,0,-5.4696417,0.07907926291227341,0.4259999990463257,0.4961000084877014
YGR077C,YPL007C,0,-5.4696493,0.07906458526849747,0.4259999990463257,0.49619999527931213
YKL189W,YOL091W,0,-5.469922,0.07904991507530212,0.4259999990463257,0.49630001187324524
YOR326W,YPL045W,1,-5.4700036,0.07922077924013138,0.4269999861717224,0.49630001187324524
YGR193C,YIL173W,0,-5.470157,0.07920608669519424,0.4269999861717224,0.49639999866485596
YHL038C,YLR210W,0,-5.4701624,0.07919139415025711,0.4269999861717224,0.4964999854564667
YPL254W,YGL210W,0,-5.470195,0.07917670905590057,0.4269999861717224,0.4966000020503998
YJL012C,YNL079C,1,-5.4702926,0.07934742420911789,0.42800000309944153,0.4966000020503998
YDL028C,YGR003W,0,-5.470787,0.07933271676301956,0.42800000309944153,0.4966999888420105
YLR172C,YGL243W,0,-5.4708333,0.07931801676750183,0.42800000309944153,0.4968000054359436
YJL156C,YHR133C,0,-5.471627,0.0793033167719841,0.42800000309944153,0.4968999922275543
YGL061C,YCR094W,0,-5.471655,0.07928862422704697,0.42800000309944153,0.4970000088214874
YER177W,YOR330C,0,-5.471977,0.07927393913269043,0.42800000309944153,0.49709999561309814
YHR031C,YPL258C,0,-5.472103,0.07925926148891449,0.42800000309944153,0.49720001220703125
YNL021W,YKL182W,0,-5.472702,0.07924458384513855,0.42800000309944153,0.49729999899864197
YPR025C,YDR384C,0,-5.472734,0.0792299136519432,0.42800000309944153,0.4973999857902527
YLR418C,YJL060W,0,-5.4729137,0.07921525090932846,0.42800000309944153,0.4975000023841858
YNL084C,YHL019C,0,-5.473159,0.07920059561729431,0.42800000309944153,0.4975999891757965
YHR116W,YBL051C,0,-5.4732523,0.07918594032526016,0.42800000309944153,0.4977000057697296
YLR453C,YEL050C,0,-5.4733877,0.07917129248380661,0.42800000309944153,0.49779999256134033
YOL004W,YNL221C,0,-5.4736137,0.07915665209293365,0.42800000309944153,0.49790000915527344
YDR495C,YIL048W,1,-5.4736633,0.07932692021131516,0.42899999022483826,0.49790000915527344
YGR213C,YNL031C,0,-5.4737206,0.07931225746870041,0.42899999022483826,0.49799999594688416
YNL163C,YNL283C,0,-5.473822,0.07929759472608566,0.42899999022483826,0.49810001254081726
YOR057W,YIL123W,0,-5.473943,0.07928293943405151,0.42899999022483826,0.498199999332428
YPR088C,YGL001C,0,-5.4746532,0.07926829159259796,0.42899999022483826,0.4982999861240387
YHR058C,YLR362W,0,-5.4747043,0.079253651201725,0.42899999022483826,0.4984000027179718
YDR422C,YJR022W,0,-5.474763,0.07923901081085205,0.42899999022483826,0.4984999895095825
YDR334W,YGL043W,0,-5.4751635,0.07922437787055969,0.42899999022483826,0.4986000061035156
YPL045W,YLR240W,1,-5.4752,0.0793943852186203,0.4300000071525574,0.4986000061035156
YBR105C,YLR340W,0,-5.4752283,0.07937972992658615,0.4300000071525574,0.49869999289512634
YKR035W-A,YGL243W,0,-5.475301,0.0793650820851326,0.4300000071525574,0.49880000948905945
YCL034W,YMR188C,0,-5.475724,0.07935043424367905,0.4300000071525574,0.49889999628067017
YJL192C,YGL120C,0,-5.4758716,0.07933579385280609,0.4300000071525574,0.49900001287460327
YPL192C,YMR112C,0,-5.4758906,0.07932116091251373,0.4300000071525574,0.499099999666214
YJL121C,YML059C,0,-5.4759374,0.07930652797222137,0.4300000071525574,0.4991999864578247
YHL047C,YBR105C,0,-5.47622,0.07929190248250961,0.4300000071525574,0.4993000030517578
YDL007W,YGL243W,0,-5.476222,0.07927728444337845,0.4300000071525574,0.49939998984336853
YGL244W,YMR292W,0,-5.4764433,0.07926267385482788,0.4300000071525574,0.49950000643730164
YHR062C,YML049C,0,-5.4764566,0.07924806326627731,0.4300000071525574,0.49959999322891235
YAL005C,YDL217C,0,-5.4764805,0.07923346012830734,0.4300000071525574,0.49970000982284546
YDR202C,YDL185W,1,-5.477087,0.0794030949473381,0.4309999942779541,0.49970000982284546
YBL074C,YDR292C,0,-5.477122,0.07938846945762634,0.4309999942779541,0.4997999966144562
YGR060W,YNR052C,0,-5.477146,0.07937385141849518,0.4309999942779541,0.4999000132083893
YMR089C,YFR008W,0,-5.4775915,0.07935923337936401,0.4309999942779541,0.5
YLR197W,YOR327C,0,-5.477631,0.07934462279081345,0.4309999942779541,0.5001000165939331
YMR101C,YPL119C,0,-5.477644,0.07933001965284348,0.4309999942779541,0.5001999735832214
YPR179C,YGL014W,0,-5.478242,0.0793154239654541,0.4309999942779541,0.5002999901771545
YOR307C,YPR199C,0,-5.478286,0.07930082827806473,0.4309999942779541,0.5004000067710876
YKL074C,YNL030W,0,-5.478349,0.07928624004125595,0.4309999942779541,0.5005000233650208
YDL229W,YML059C,0,-5.478609,0.07927165925502777,0.4309999942779541,0.5005999803543091
YLR059C,YGR211W,0,-5.478712,0.07925707846879959,0.4309999942779541,0.5006999969482422
YOR320C,YKL055C,0,-5.4789715,0.07924250513315201,0.4309999942779541,0.5008000135421753
YPR110C,YIL120W,0,-5.479184,0.07922793924808502,0.4309999942779541,0.5008999705314636
YDL190C,YCR067C,0,-5.4791937,0.07921338081359863,0.4309999942779541,0.5009999871253967
YGL254W,YDL102W,0,-5.4792256,0.07919882237911224,0.4309999942779541,0.5011000037193298
YPL231W,YPR103W,0,-5.4792695,0.07918427139520645,0.4309999942779541,0.5012000203132629
YDR225W,YMR241W,0,-5.4793634,0.07916972786188126,0.4309999942779541,0.5012999773025513
YHL028W,YKL114C,0,-5.4793787,0.07915519177913666,0.4309999942779541,0.5013999938964844
YLR208W,YMR238W,0,-5.4794087,0.07914065569639206,0.4309999942779541,0.5015000104904175
YDR435C,YLR452C,0,-5.4794397,0.07912612706422806,0.4309999942779541,0.5016000270843506
YMR305C,YGL032C,0,-5.479459,0.07911159843206406,0.4309999942779541,0.5016999840736389
YPR165W,YPL258C,0,-5.4795046,0.07909708470106125,0.4309999942779541,0.501800000667572
YNL042W,YMR042W,0,-5.4796352,0.07908257097005844,0.4309999942779541,0.5019000172615051
YML010W,YHL038C,0,-5.479969,0.07906805723905563,0.4309999942779541,0.5019999742507935
YCL051W,YEL031W,0,-5.4803505,0.07905355840921402,0.4309999942779541,0.5020999908447266
YGL032C,YJL094C,0,-5.480553,0.0790390595793724,0.4309999942779541,0.5022000074386597
YNL139C,YPL249C,0,-5.48065,0.07902456820011139,0.4309999942779541,0.5023000240325928
YCR098C,YPR108W,0,-5.4809847,0.07901008427143097,0.4309999942779541,0.5023999810218811
YMR207C,YCL008C,0,-5.4811106,0.07899560034275055,0.4309999942779541,0.5024999976158142
YEL002C,YHR066W,0,-5.4811993,0.07898112386465073,0.4309999942779541,0.5026000142097473
YLR085C,YPR133W-A,0,-5.481292,0.0789666548371315,0.4309999942779541,0.5026999711990356
YJL062W,YFR002W,0,-5.481367,0.07895218580961227,0.4309999942779541,0.5027999877929688
YLR425W,YDR464W,0,-5.481546,0.07893773168325424,0.4309999942779541,0.5029000043869019
YGR134W,YEL029C,0,-5.4821014,0.07892327755689621,0.4309999942779541,0.503000020980835
YKR019C,YKL038W,0,-5.4823008,0.07890882343053818,0.4309999942779541,0.5030999779701233
YNL053W,YLR200W,0,-5.4823036,0.07889437675476074,0.4309999942779541,0.5031999945640564
YDR071C,YCR066W,0,-5.4823046,0.0788799449801445,0.4309999942779541,0.5033000111579895
YBR258C,YPR016C,0,-5.482527,0.07886550575494766,0.4309999942779541,0.5034000277519226
YDL195W,YJL201W,0,-5.4825997,0.07885108143091202,0.4309999942779541,0.5034999847412109
YPR001W,YLR190W,0,-5.4829197,0.07883665710687637,0.4309999942779541,0.503600001335144
YDR118W,YGL144C,0,-5.482975,0.07882224023342133,0.4309999942779541,0.5037000179290771
YGR284C,YER041W,0,-5.4830613,0.07880782335996628,0.4309999942779541,0.5037999749183655
YDR308C,YPL235W,0,-5.4831724,0.07879342138767242,0.4309999942779541,0.5038999915122986
YOR162C,YOR002W,0,-5.483297,0.07877901941537857,0.4309999942779541,0.5040000081062317
YGL112C,YIL106W,0,-5.4834466,0.07876461744308472,0.4309999942779541,0.5041000247001648
YOL003C,YDL243C,0,-5.4836636,0.07875023037195206,0.4309999942779541,0.5041999816894531
YDR363W,YFL011W,0,-5.483803,0.0787358433008194,0.4309999942779541,0.5042999982833862
YER120W,YJL141C,0,-5.4838524,0.07872146368026733,0.4309999942779541,0.5044000148773193
YDR296W,YNL214W,0,-5.4840865,0.07870708405971527,0.4309999942779541,0.5044999718666077
YLR081W,YDR318W,0,-5.4842777,0.0786927118897438,0.4309999942779541,0.5045999884605408
YPR052C,YOR216C,0,-5.484584,0.07867834717035294,0.4309999942779541,0.5047000050544739
YER088C,YOR069W,0,-5.4845915,0.07866398990154266,0.4309999942779541,0.504800021648407
YLR035C,YLR394W,0,-5.485161,0.07864963263273239,0.4309999942779541,0.5048999786376953
YBR043C,YGR129W,0,-5.4853935,0.07863528281450272,0.4309999942779541,0.5049999952316284
YBR097W,YDL130W,0,-5.4854317,0.07862094044685364,0.4309999942779541,0.5051000118255615
YLR383W,YGR009C,0,-5.48553,0.07860660552978516,0.4309999942779541,0.5052000284194946
YGR214W,YLL021W,0,-5.485969,0.07859227061271667,0.4309999942779541,0.505299985408783
YDR108W,YHR181W,0,-5.486035,0.07857794314622879,0.4309999942779541,0.5054000020027161
YDR495C,YDL185W,1,-5.4861217,0.07874590158462524,0.4320000112056732,0.5054000020027161
YHR012W,YMR075W,0,-5.4861774,0.07873154431581497,0.4320000112056732,0.5055000185966492
YLR081W,YLR114C,0,-5.4862523,0.0787172019481659,0.4320000112056732,0.5055999755859375
YPR002W,YIR026C,0,-5.486302,0.07870285958051682,0.4320000112056732,0.5056999921798706
YIL075C,YBR009C,0,-5.4863186,0.07868852466344833,0.4320000112056732,0.5058000087738037
YFL009W,YHR171W,0,-5.4863706,0.07867419719696045,0.4320000112056732,0.5059000253677368
YLR238W,YPL167C,0,-5.486761,0.07865986973047256,0.4320000112056732,0.5059999823570251
YDL029W,YDR484W,0,-5.486863,0.07864554971456528,0.4320000112056732,0.5060999989509583
YLR015W,YLR221C,0,-5.4870486,0.07863123714923859,0.4320000112056732,0.5062000155448914
YGL068W,YHL022C,0,-5.487135,0.0786169245839119,0.4320000112056732,0.5062999725341797
YDR478W,YML059C,0,-5.4871807,0.0786026194691658,0.4320000112056732,0.5063999891281128
YJL026W,YDR221W,0,-5.4873776,0.0785883218050003,0.4320000112056732,0.5065000057220459
YGL194C,YML069W,0,-5.4875374,0.07857402414083481,0.4320000112056732,0.506600022315979
YOR340C,YIR017C,0,-5.487548,0.0785597413778305,0.4320000112056732,0.5066999793052673
YMR101C,YBR216C,0,-5.4875484,0.0785454511642456,0.4320000112056732,0.5067999958992004
YLR133W,YPR074C,0,-5.4876933,0.0785311758518219,0.4320000112056732,0.5069000124931335
YPR190C,YFR031C,0,-5.4878654,0.0785169005393982,0.4320000112056732,0.5070000290870667
YDR145W,YDL022W,0,-5.4880605,0.07850263267755508,0.4320000112056732,0.507099986076355
YOR265W,YCR026C,0,-5.488108,0.07848837226629257,0.4320000112056732,0.5072000026702881
YDR469W,YIL016W,0,-5.4885406,0.07847411185503006,0.4320000112056732,0.5073000192642212
YAL042W,YDL083C,0,-5.4885464,0.07845985889434814,0.4320000112056732,0.5073999762535095
YFR003C,YER088C,0,-5.4886203,0.07844561338424683,0.4320000112056732,0.5074999928474426
YER020W,YMR092C,0,-5.488929,0.0784313753247261,0.4320000112056732,0.5076000094413757
YMR172W,YFL031W,0,-5.4889703,0.07841713726520538,0.4320000112056732,0.5077000260353088
YGL094C,YGL038C,0,-5.489498,0.07840290665626526,0.4320000112056732,0.5077999830245972
YLR353W,YOR034C,0,-5.4897003,0.07838867604732513,0.4320000112056732,0.5078999996185303
YLR047C,YNR053C,0,-5.4897356,0.0783744528889656,0.4320000112056732,0.5080000162124634
YLR013W,YDR421W,0,-5.489753,0.07836023718118668,0.4320000112056732,0.5080999732017517
YLR088W,YNL142W,0,-5.4899817,0.07834602892398834,0.4320000112056732,0.5081999897956848
YGL190C,YDR440W,0,-5.4900403,0.07833182066679001,0.4320000112056732,0.5083000063896179
YCR066W,YLL019C,0,-5.4901953,0.07831761986017227,0.4320000112056732,0.508400022983551
YPL196W,YDL226C,0,-5.490258,0.07830342650413513,0.4320000112056732,0.5084999799728394
YHR111W,YMR113W,0,-5.490568,0.07828923314809799,0.4320000112056732,0.5085999965667725
YOR201C,YHR083W,0,-5.490792,0.07827504724264145,0.4320000112056732,0.5087000131607056
YPR140W,YCR020W-B,0,-5.490817,0.0782608687877655,0.4320000112056732,0.5088000297546387
YML011C,YLR303W,0,-5.4910607,0.07824669778347015,0.4320000112056732,0.508899986743927
YGR254W,YFR019W,1,-5.4911757,0.07841362059116364,0.43299999833106995,0.508899986743927
YOL051W,YLL042C,0,-5.4917626,0.0783994197845459,0.43299999833106995,0.5090000033378601
YKL190W,YIL123W,0,-5.4918485,0.07838522642850876,0.43299999833106995,0.5091000199317932
YDL160C,YOL129W,0,-5.492095,0.07837104052305222,0.43299999833106995,0.5091999769210815
YDR516C,YPL122C,0,-5.492507,0.07835686206817627,0.43299999833106995,0.5092999935150146
YLR383W,YOL013C,0,-5.4925337,0.07834268361330032,0.43299999833106995,0.5094000101089478
YOR380W,YGL210W,0,-5.4927034,0.07832851260900497,0.43299999833106995,0.5095000267028809
YNL317W,YPL155C,0,-5.4927835,0.07831434160470963,0.43299999833106995,0.5095999836921692
YDR382W,YMR285C,0,-5.4930997,0.07830017805099487,0.43299999833106995,0.5097000002861023
YAL053W,YER155C,0,-5.4932036,0.07828602194786072,0.43299999833106995,0.5098000168800354
YBR110W,YKR001C,0,-5.4934235,0.07827187329530716,0.43299999833106995,0.5098999738693237
YDR177W,YAL001C,0,-5.493504,0.0782577246427536,0.43299999833106995,0.5099999904632568
YKL119C,YHR026W,1,-5.4938536,0.07842428982257843,0.4339999854564667,0.5099999904632568
YLR447C,YJL012C,1,-5.493888,0.07859078794717789,0.4350000023841858,0.5099999904632568
YBR020W,YMR260C,0,-5.493938,0.07857658714056015,0.4350000023841858,0.5101000070571899
YOR132W,YGL089C,0,-5.494587,0.07856240123510361,0.4350000023841858,0.510200023651123
YBR168W,YMR030W,0,-5.4945984,0.07854821532964706,0.4350000023841858,0.5102999806404114
YER122C,YHL002W,0,-5.49461,0.07853402942419052,0.4350000023841858,0.5103999972343445
YOL060C,YEL041W,0,-5.49465,0.07851985841989517,0.4350000023841858,0.5105000138282776
YLR043C,YDR080W,1,-5.4948053,0.07868615537881851,0.4359999895095825,0.5105000138282776
YML052W,YBR170C,0,-5.494872,0.07867196202278137,0.4359999895095825,0.5105999708175659
YFR002W,YDR016C,0,-5.4950852,0.07865776866674423,0.4359999895095825,0.510699987411499
YGR252W,YGL130W,0,-5.495249,0.07864357531070709,0.4359999895095825,0.5108000040054321
YOR136W,YHR023W,0,-5.4954557,0.07862939685583115,0.4359999895095825,0.5109000205993652
YJL209W,YBR030W,0,-5.495546,0.0786152184009552,0.4359999895095825,0.5109999775886536
YMR060C,YLR195C,0,-5.495653,0.07860104739665985,0.4359999895095825,0.5110999941825867
YJL059W,YLR028C,0,-5.496644,0.0785868763923645,0.4359999895095825,0.5112000107765198
YNL258C,YPL188W,0,-5.4967604,0.07857271283864975,0.4359999895095825,0.5113000273704529
YOL139C,YBR237W,0,-5.496769,0.0785585567355156,0.4359999895095825,0.5113999843597412
YGR144W,YMR184W,0,-5.4968214,0.07854440808296204,0.4359999895095825,0.5115000009536743
YDL064W,YGL013C,0,-5.496834,0.07853025943040848,0.4359999895095825,0.5116000175476074
YPR001W,YJL041W,0,-5.4968834,0.07851611822843552,0.4359999895095825,0.5116999745368958
YPL042C,YLR186W,0,-5.49718,0.07850197702646255,0.4359999895095825,0.5117999911308289
YNL106C,YFL002C,0,-5.4974666,0.07848785072565079,0.4359999895095825,0.511900007724762
YGR074W,YKL160W,0,-5.4974675,0.07847372442483902,0.4359999895095825,0.5120000243186951
YHR167W,YPL265W,0,-5.497612,0.07845959812402725,0.4359999895095825,0.5120999813079834
YOL165C,YKL004W,0,-5.4978757,0.07844548672437668,0.4359999895095825,0.5121999979019165
YBR098W,YCR053W,0,-5.4984393,0.0784313753247261,0.4359999895095825,0.5123000144958496
YFL004W,YNL326C,1,-5.4987674,0.07859712094068527,0.43700000643730164,0.5123000144958496
YLR447C,YGR209C,1,-5.498788,0.07876281440258026,0.43799999356269836,0.5123000144958496
YBL078C,YBR008C,0,-5.498851,0.07874865084886551,0.43799999356269836,0.5123999714851379
YMR197C,YOR332W,1,-5.4989786,0.07891425490379333,0.4390000104904175,0.5123999714851379
YLR197W,YNL166C,0,-5.499536,0.07890006899833679,0.4390000104904175,0.512499988079071
YBL040C,YJL208C,0,-5.499762,0.07888589054346085,0.4390000104904175,0.5126000046730042
YJL186W,YJR009C,0,-5.500081,0.0788717195391655,0.4390000104904175,0.5127000212669373
YFL034C-B,YCR057C,0,-5.500764,0.07885755598545074,0.4390000104904175,0.5127999782562256
YIL075C,YPR019W,0,-5.5009046,0.07884339243173599,0.4390000104904175,0.5128999948501587
YHR142W,YKL005C,0,-5.501213,0.07882923632860184,0.4390000104904175,0.5130000114440918
YHR116W,YDR325W,0,-5.5014153,0.07881508022546768,0.4390000104904175,0.5131000280380249
YER095W,YJL098W,0,-5.501763,0.07880093157291412,0.4390000104904175,0.5131999850273132
YPR068C,YPL160W,0,-5.5018215,0.07878679037094116,0.4390000104904175,0.5133000016212463
YGL070C,YDR146C,0,-5.5020247,0.0787726566195488,0.4390000104904175,0.5134000182151794
YDR214W,YDR499W,0,-5.502411,0.07875852286815643,0.4390000104904175,0.5134999752044678
YOR008C,YCL061C,0,-5.5024776,0.07874439656734467,0.4390000104904175,0.5135999917984009
YGL205W,YKL089W,0,-5.502558,0.0787302702665329,0.4390000104904175,0.513700008392334
YOR110W,YLR214W,0,-5.502633,0.07871615886688232,0.4390000104904175,0.5138000249862671
YKR034W,YMR137C,0,-5.5027103,0.07870204746723175,0.4390000104904175,0.5138999819755554
YBR275C,YGR270W,0,-5.50311,0.07868793606758118,0.4390000104904175,0.5139999985694885
YKR048C,YJL170C,0,-5.503319,0.0786738321185112,0.4390000104904175,0.5141000151634216
YNL302C,YBR093C,0,-5.503336,0.07865973562002182,0.4390000104904175,0.51419997215271
YMR192W,YLR231C,0,-5.503682,0.07864564657211304,0.4390000104904175,0.5142999887466431
YLL008W,YPR074C,0,-5.503765,0.07863155752420425,0.4390000104904175,0.5144000053405762
YDR198C,YGR229C,0,-5.5045357,0.07861747592687607,0.4390000104904175,0.5145000219345093
YDR397C,YJL106W,0,-5.504671,0.07860340178012848,0.4390000104904175,0.5145999789237976
YER114C,YKL012W,0,-5.5050535,0.07858932763338089,0.4390000104904175,0.5146999955177307
YJL025W,YCR057C,0,-5.5052433,0.0785752609372139,0.4390000104904175,0.5148000121116638
YPR080W,YOR083W,0,-5.505569,0.0785612016916275,0.4390000104904175,0.5149000287055969
YER178W,YOR368W,0,-5.5055757,0.0785471498966217,0.4390000104904175,0.5149999856948853
YDR164C,YER031C,0,-5.5056505,0.0785330981016159,0.4390000104904175,0.5151000022888184
YDL060W,YGR249W,0,-5.5057087,0.07851904630661011,0.4390000104904175,0.5152000188827515
YER109C,YNR023W,0,-5.5062056,0.0785050094127655,0.4390000104904175,0.5152999758720398
YCL016C,YNR016C,0,-5.5063434,0.0784909725189209,0.4390000104904175,0.5153999924659729
YPL086C,YNL283C,0,-5.506385,0.07847694307565689,0.4390000104904175,0.515500009059906
YNL106C,YAL011W,0,-5.506603,0.07846291363239288,0.4390000104904175,0.5156000256538391
YGR216C,YHR082C,0,-5.50683,0.07844889163970947,0.4390000104904175,0.5156999826431274
YLR066W,YIL039W,0,-5.5073085,0.07843487709760666,0.4390000104904175,0.5157999992370605
YOR308C,YBR279W,0,-5.5073805,0.07842086255550385,0.4390000104904175,0.5159000158309937
YER022W,YJL092W,0,-5.507498,0.07840685546398163,0.4390000104904175,0.515999972820282
YOL063C,YGR211W,0,-5.507538,0.07839285582304001,0.4390000104904175,0.5160999894142151
YFR037C,YIL052C,0,-5.5076437,0.07837886363267899,0.4390000104904175,0.5162000060081482
YPL124W,YGR284C,0,-5.507843,0.07836487144231796,0.4390000104904175,0.5163000226020813
YNL332W,YOR198C,0,-5.5080843,0.07835088670253754,0.4390000104904175,0.5163999795913696
YAL056W,YBR170C,0,-5.50823,0.07833690196275711,0.4390000104904175,0.5164999961853027
YDR143C,YHR111W,0,-5.508566,0.07832292467355728,0.4390000104904175,0.5166000127792358
YDL047W,YPL253C,0,-5.508585,0.07830895483493805,0.4390000104904175,0.516700029373169
YPR103W,YFL011W,0,-5.508761,0.07829498499631882,0.4390000104904175,0.5167999863624573
YOL039W,YER002W,0,-5.5089645,0.07828103005886078,0.4390000104904175,0.5169000029563904
YOR377W,YMR240C,0,-5.5091047,0.07826706767082214,0.4390000104904175,0.5170000195503235
YBR135W,YDL092W,0,-5.5094604,0.0782531201839447,0.4390000104904175,0.5170999765396118
YER126C,YGL065C,0,-5.509508,0.07823917269706726,0.4390000104904175,0.5171999931335449
YAR015W,YPL031C,0,-5.5099936,0.07822523266077042,0.4390000104904175,0.517300009727478
YOR308C,YDL003W,0,-5.509998,0.07821129262447357,0.4390000104904175,0.5174000263214111
YGL233W,YGR047C,0,-5.510061,0.07819736003875732,0.4390000104904175,0.5174999833106995
YNR003C,YMR296C,0,-5.5101995,0.07818343490362167,0.4390000104904175,0.5175999999046326
YNL042W,YPL211W,0,-5.5109105,0.07816951721906662,0.4390000104904175,0.5177000164985657
YPL208W,YGR227W,0,-5.5112476,0.07815559953451157,0.4390000104904175,0.517799973487854
YLR153C,YOL158C,0,-5.5113173,0.07814168930053711,0.4390000104904175,0.5178999900817871
YNL259C,YDR279W,0,-5.511654,0.07812777906656265,0.4390000104904175,0.5180000066757202
YOR126C,YLR274W,0,-5.5120792,0.07811387628316879,0.4390000104904175,0.5181000232696533
YGR202C,YKL110C,0,-5.512145,0.07809998095035553,0.4390000104904175,0.5181999802589417
YKL048C,YDR398W,0,-5.512271,0.07808609306812286,0.4390000104904175,0.5182999968528748
YKL086W,YBR008C,0,-5.512395,0.0780722051858902,0.4390000104904175,0.5184000134468079
YOR002W,YNL012W,0,-5.5124884,0.07805832475423813,0.4390000104904175,0.5184999704360962
YMR255W,YJR150C,0,-5.5128527,0.07804444432258606,0.4390000104904175,0.5185999870300293
YLR285W,YGR171C,0,-5.5128717,0.07803057134151459,0.4390000104904175,0.5187000036239624
YGL122C,YOR368W,0,-5.5128794,0.07801670581102371,0.4390000104904175,0.5188000202178955
YEL019C,YLR139C,0,-5.513095,0.07800284028053284,0.4390000104904175,0.5188999772071838
YBR280C,YCR008W,0,-5.513348,0.07798898220062256,0.4390000104904175,0.5189999938011169
YPL140C,YIL125W,0,-5.513442,0.07797513157129288,0.4390000104904175,0.51910001039505
YCL051W,YCL032W,0,-5.513526,0.07796128839254379,0.4390000104904175,0.5192000269889832
YDR173C,YJL063C,0,-5.5136395,0.07794744521379471,0.4390000104904175,0.5192999839782715
YER106W,YML086C,0,-5.5136766,0.07793360203504562,0.4390000104904175,0.5194000005722046
YFL058W,YOR261C,0,-5.513755,0.07791977375745773,0.4390000104904175,0.5195000171661377
YLR191W,YDR192C,0,-5.5139027,0.07790594547986984,0.4390000104904175,0.519599974155426
YPL253C,YOL012C,0,-5.5140114,0.07789212465286255,0.4390000104904175,0.5196999907493591
YOL130W,YGL243W,0,-5.514333,0.07787830382585526,0.4390000104904175,0.5198000073432922
YMR014W,YJL209W,0,-5.5148764,0.07786449044942856,0.4390000104904175,0.5199000239372253
YLR386W,YEL013W,1,-5.5150504,0.07802801579236984,0.4399999976158142,0.5199000239372253
YOR353C,YKR046C,0,-5.515355,0.07801418751478195,0.4399999976158142,0.5199999809265137
YDR023W,YPR082C,0,-5.5158896,0.07800035178661346,0.4399999976158142,0.5200999975204468
YOR039W,YDR252W,0,-5.5160823,0.07798653095960617,0.4399999976158142,0.5202000141143799
YEL003W,YMR164C,0,-5.516484,0.07797271013259888,0.4399999976158142,0.5202999711036682
YFL002C,YOR156C,0,-5.5164976,0.07795889675617218,0.4399999976158142,0.5203999876976013
YOR126C,YIL129C,0,-5.516686,0.07794508337974548,0.4399999976158142,0.5205000042915344
YGR002C,YMR246W,0,-5.5168047,0.07793127745389938,0.4399999976158142,0.5206000208854675
YCL038C,YBR158W,0,-5.5169373,0.07791747897863388,0.4399999976158142,0.5206999778747559
YOR063W,YHR007C,0,-5.517095,0.07790368050336838,0.4399999976158142,0.520799994468689
YGR155W,YJL059W,0,-5.5171194,0.07788988947868347,0.4399999976158142,0.5209000110626221
YBL099W,YBR110W,0,-5.5172977,0.07787610590457916,0.4399999976158142,0.5210000276565552
YBR188C,YML099C,0,-5.5175076,0.07786232233047485,0.4399999976158142,0.5210999846458435
YDR045C,YER145C,0,-5.5176306,0.07784854620695114,0.4399999976158142,0.5212000012397766
YHR026W,YEL051W,1,-5.517657,0.07801167666912079,0.4410000145435333,0.5212000012397766
YDR225W,YER017C,0,-5.5177345,0.07799787819385529,0.4410000145435333,0.5213000178337097
YJR047C,YER105C,0,-5.5178537,0.07798408716917038,0.4410000145435333,0.521399974822998
YOR110W,YFL048C,0,-5.5178876,0.07797029614448547,0.4410000145435333,0.5214999914169312
YOL115W,YPL135W,0,-5.5180097,0.07795651257038116,0.4410000145435333,0.5216000080108643
YOR288C,YGR083C,0,-5.5186205,0.07794273644685745,0.4410000145435333,0.5217000246047974
YOR217W,YLR318W,0,-5.5187984,0.07792896032333374,0.4410000145435333,0.5217999815940857
YGL066W,YBR084W,0,-5.5188365,0.07791519165039062,0.4410000145435333,0.5218999981880188
YDR236C,YOL071W,0,-5.51888,0.0779014304280281,0.4410000145435333,0.5220000147819519
YKL196C,YOL043C,0,-5.519035,0.07788766920566559,0.4410000145435333,0.5220999717712402
YNR058W,YNL250W,0,-5.5191197,0.07787391543388367,0.4410000145435333,0.5221999883651733
YHL038C,YKR054C,0,-5.5194297,0.07786016911268234,0.4410000145435333,0.5223000049591064
YOR213C,YDR358W,0,-5.519608,0.07784642279148102,0.4410000145435333,0.5224000215530396
YLR034C,YBL074C,0,-5.5196085,0.07783268392086029,0.4410000145435333,0.5224999785423279
YOR288C,YNL014W,0,-5.5196724,0.07781895250082016,0.4410000145435333,0.522599995136261
YLR100W,YJL208C,0,-5.519726,0.07780522108078003,0.4410000145435333,0.5227000117301941
YNR003C,YKL012W,0,-5.519848,0.0777914971113205,0.4410000145435333,0.5228000283241272
YIR021W,YER112W,0,-5.5199575,0.07777778059244156,0.4410000145435333,0.5228999853134155
YLR069C,YLR207W,0,-5.520087,0.07776406407356262,0.4410000145435333,0.5230000019073486
YDR202C,YLR148W,1,-5.5201397,0.07792665809392929,0.44200000166893005,0.5230000019073486
YIL075C,YDL128W,0,-5.5202255,0.07791291922330856,0.44200000166893005,0.5231000185012817
YNL293W,YML116W,0,-5.5205846,0.07789918780326843,0.44200000166893005,0.5231999754905701
YDL161W,YMR287C,0,-5.520726,0.0778854638338089,0.44200000166893005,0.5232999920845032
YBR276C,YLR032W,0,-5.5208406,0.07787173986434937,0.44200000166893005,0.5234000086784363
YPL211W,YNL206C,0,-5.5212626,0.07785802334547043,0.44200000166893005,0.5235000252723694
YGR216C,YKL191W,0,-5.522067,0.07784431427717209,0.44200000166893005,0.5235999822616577
YKL135C,YDL140C,0,-5.5224905,0.07783060520887375,0.44200000166893005,0.5236999988555908
YKR024C,YJL111W,0,-5.5227447,0.077816903591156,0.44200000166893005,0.5238000154495239
YJL192C,YNL323W,0,-5.5230875,0.07780320197343826,0.44200000166893005,0.5238999724388123
YBR036C,YPR133W-A,0,-5.5232277,0.07778950780630112,0.44200000166893005,0.5239999890327454
YKR042W,YOR340C,0,-5.52334,0.07777582108974457,0.44200000166893005,0.5241000056266785
YGL119W,YDR425W,0,-5.52334,0.07776214182376862,0.44200000166893005,0.5242000222206116
YCL038C,YLR303W,0,-5.5235057,0.07774846255779266,0.44200000166893005,0.5242999792098999
YIL140W,YHR178W,0,-5.523945,0.07773479074239731,0.44200000166893005,0.524399995803833
YCL066W,YPL010W,0,-5.523965,0.07772111892700195,0.44200000166893005,0.5245000123977661
YCL004W,YGL252C,0,-5.5241227,0.0777074545621872,0.44200000166893005,0.5246000289916992
YNL066W,YMR081C,0,-5.5241694,0.07769379764795303,0.44200000166893005,0.5246999859809875
YGL068W,YGR103W,0,-5.5243454,0.07768014073371887,0.44200000166893005,0.5248000025749207
YNL230C,YCR081W,0,-5.524434,0.07766649127006531,0.44200000166893005,0.5249000191688538
YMR270C,YOR011W,0,-5.5244637,0.07765284925699234,0.44200000166893005,0.5249999761581421
YOL113W,YNL048W,0,-5.5244985,0.07763920724391937,0.44200000166893005,0.5250999927520752
YMR296C,YGL243W,0,-5.5245953,0.077625572681427,0.44200000166893005,0.5252000093460083
YBR068C,YCL054W,0,-5.524654,0.07761193811893463,0.44200000166893005,0.5253000259399414
YBR276C,YPR110C,0,-5.5248055,0.07759831100702286,0.44200000166893005,0.5253999829292297
YNR056C,YOR129C,0,-5.5253844,0.07758469134569168,0.44200000166893005,0.5254999995231628
YLR035C,YMR201C,0,-5.525401,0.0775710791349411,0.44200000166893005,0.525600016117096
YMR273C,YKL172W,0,-5.525525,0.07755746692419052,0.44200000166893005,0.5256999731063843
YDR046C,YMR311C,0,-5.5258393,0.07754386216402054,0.44200000166893005,0.5257999897003174
YPR173C,YBR295W,0,-5.5260005,0.07753025740385056,0.44200000166893005,0.5259000062942505
YOR353C,YGL051W,0,-5.526305,0.07751666009426117,0.44200000166893005,0.5260000228881836
YNL257C,YNR006W,0,-5.52631,0.07750307023525238,0.44200000166893005,0.5260999798774719
YFL009W,YBR133C,0,-5.5264435,0.07748948037624359,0.44200000166893005,0.526199996471405
YOR244W,YOL051W,0,-5.526529,0.0774758979678154,0.44200000166893005,0.5263000130653381
YDR224C,YHL006C,0,-5.526641,0.0774623230099678,0.44200000166893005,0.5264000296592712
YGR171C,YKL079W,0,-5.52686,0.07744874805212021,0.44200000166893005,0.5264999866485596
YOL116W,YGL143C,0,-5.5268965,0.07743518054485321,0.44200000166893005,0.5266000032424927
YHL019C,YIR037W,0,-5.5273314,0.07742161303758621,0.44200000166893005,0.5267000198364258
YDR202C,YIL048W,1,-5.527706,0.0775831863284111,0.4429999887943268,0.5267000198364258
YCL016C,YJL081C,0,-5.527746,0.07756960391998291,0.4429999887943268,0.5267999768257141
YMR270C,YLL060C,0,-5.5278573,0.07755602151155472,0.4429999887943268,0.5268999934196472
YDR076W,YCR091W,0,-5.528037,0.07754244655370712,0.4429999887943268,0.5270000100135803
YJR066W,YDR284C,0,-5.528061,0.07752887904644012,0.4429999887943268,0.5271000266075134
YMR060C,YMR006C,0,-5.5280848,0.07751531153917313,0.4429999887943268,0.5271999835968018
YKL119C,YDR017C,1,-5.528157,0.0776766985654831,0.4440000057220459,0.5271999835968018
YLR376C,YIL010W,0,-5.5283566,0.0776631087064743,0.4440000057220459,0.5273000001907349
YDR495C,YOR332W,1,-5.52888,0.0778244137763977,0.4449999928474426,0.5273000001907349
YOL146W,YIL106W,0,-5.528963,0.07781080901622772,0.4449999928474426,0.527400016784668
YJL071W,YCR061W,0,-5.5292006,0.07779720425605774,0.4449999928474426,0.5274999737739563
YMR255W,YIL139C,0,-5.529325,0.07778360694646835,0.4449999928474426,0.5275999903678894
YOR341W,YOL151W,0,-5.530021,0.07777000963687897,0.4449999928474426,0.5277000069618225
YHR030C,YDR472W,0,-5.5300794,0.07775641977787018,0.4449999928474426,0.5278000235557556
YBR095C,YOR087W,0,-5.5302944,0.07774283736944199,0.4449999928474426,0.527899980545044
YMR054W,YEL051W,1,-5.530484,0.07790393382310867,0.44600000977516174,0.527899980545044
YPL234C,YDR328C,1,-5.53137,0.07806496322154999,0.44699999690055847,0.527899980545044
YBL033C,YER126C,0,-5.531514,0.07805133610963821,0.44699999690055847,0.527999997138977
YDL060W,YDL192W,0,-5.531555,0.07803770899772644,0.44699999690055847,0.5281000137329102
YIL160C,YML043C,0,-5.531558,0.07802408933639526,0.44699999690055847,0.5281999707221985
YPL161C,YJL109C,0,-5.531643,0.07801046967506409,0.44699999690055847,0.5282999873161316
YHR060W,YLR240W,1,-5.5316534,0.07817135006189346,0.4480000138282776,0.5282999873161316
YDR392W,YDL217C,0,-5.5317516,0.0781577080488205,0.4480000138282776,0.5284000039100647
YER145C,YDR011W,0,-5.5317745,0.07814408093690872,0.4480000138282776,0.5285000205039978
YNL151C,YBR216C,0,-5.531895,0.07813044637441635,0.4480000138282776,0.5285999774932861
YDR173C,YDL200C,0,-5.5321155,0.07811682671308517,0.4480000138282776,0.5286999940872192
YNL160W,YJL104W,0,-5.532158,0.078103207051754,0.4480000138282776,0.5288000106811523
YOR028C,YPR082C,0,-5.532686,0.07808959484100342,0.4480000138282776,0.5289000272750854
YDR099W,YNL020C,0,-5.5327196,0.07807598263025284,0.4480000138282776,0.5289999842643738
YML046W,YDR062W,0,-5.5327625,0.07806237787008286,0.4480000138282776,0.5291000008583069
YGL019W,YOR032C,0,-5.5329094,0.07804878056049347,0.4480000138282776,0.52920001745224
YOR326W,YIL048W,1,-5.532913,0.07820937037467957,0.4490000009536743,0.52920001745224
YER094C,YJL112W,0,-5.5329227,0.07819575071334839,0.4490000009536743,0.5292999744415283
YHR007C,YOR313C,0,-5.532983,0.07818213105201721,0.4490000009536743,0.5293999910354614
YGL053W,YIL072W,0,-5.5330048,0.07816852629184723,0.4490000009536743,0.5295000076293945
YMR146C,YEL061C,0,-5.5330105,0.07815491408109665,0.4490000009536743,0.5296000242233276
YNL329C,YGL246C,0,-5.533132,0.07814131677150726,0.4490000009536743,0.529699981212616
YBL008W,YJR135C,0,-5.533539,0.07812771946191788,0.4490000009536743,0.5297999978065491
YOR075W,YPL026C,0,-5.533601,0.07811412960290909,0.4490000009536743,0.5299000144004822
YGL067W,YAL032C,0,-5.533634,0.0781005397439003,0.4490000009536743,0.5299999713897705
YMR042W,YLR226W,0,-5.534073,0.0780869573354721,0.4490000009536743,0.5300999879837036
YNL294C,YHR143W-A,0,-5.534084,0.07807337492704391,0.4490000009536743,0.5302000045776367
YLR043C,YEL051W,1,-5.534245,0.07823365926742554,0.44999998807907104,0.5302000045776367
YLR430W,YIR011C,0,-5.534606,0.07822006195783615,0.44999998807907104,0.5303000211715698
YBR123C,YGR123C,0,-5.53461,0.07820646464824677,0.44999998807907104,0.5303999781608582
YNL004W,YEL042W,0,-5.5348406,0.07819287478923798,0.44999998807907104,0.5304999947547913
YFL029C,YLR424W,0,-5.5352564,0.07817929238080978,0.44999998807907104,0.5306000113487244
YLR371W,YIL123W,0,-5.5352993,0.07816570997238159,0.44999998807907104,0.5307000279426575
YPR188C,YHR114W,0,-5.5353584,0.078152135014534,0.44999998807907104,0.5307999849319458
YMR005W,YBR247C,0,-5.5354223,0.078138567507267,0.44999998807907104,0.5309000015258789
YPL095C,YKL046C,0,-5.5356884,0.078125,0.44999998807907104,0.531000018119812
YJL076W,YOR054C,0,-5.5358114,0.0781114399433136,0.44999998807907104,0.5310999751091003
YMR100W,YEL020W-A,0,-5.5359306,0.0780978798866272,0.44999998807907104,0.5311999917030334
YJR073C,YOL133W,0,-5.535931,0.07808433473110199,0.44999998807907104,0.5313000082969666
YCL034W,YMR208W,0,-5.536076,0.07807078212499619,0.44999998807907104,0.5314000248908997
YKL005C,YPR034W,0,-5.536108,0.07805724442005157,0.44999998807907104,0.531499981880188
YBR097W,YJR001W,0,-5.536373,0.07804370671510696,0.44999998807907104,0.5315999984741211
YGR180C,YPL193W,0,-5.5365763,0.07803016901016235,0.44999998807907104,0.5317000150680542
YCL034W,YGR188C,0,-5.5366697,0.07801664620637894,0.44999998807907104,0.5317999720573425
YNL021W,YPR164W,0,-5.5367227,0.07800312340259552,0.44999998807907104,0.5318999886512756
YFR013W,YLR424W,0,-5.5367823,0.0779896005988121,0.44999998807907104,0.5320000052452087
YEL066W,YKR022C,0,-5.5367956,0.07797608524560928,0.44999998807907104,0.5321000218391418
YGR092W,YNR031C,0,-5.537042,0.07796257734298706,0.44999998807907104,0.5321999788284302
YKL208W,YGR284C,0,-5.537178,0.07794907689094543,0.44999998807907104,0.5322999954223633
YPR121W,YOL049W,0,-5.53721,0.07793557643890381,0.44999998807907104,0.5324000120162964
YBR155W,YAR008W,0,-5.537525,0.07792207598686218,0.44999998807907104,0.5325000286102295
YJR059W,YNR008W,0,-5.5376143,0.07790859043598175,0.44999998807907104,0.5325999855995178
YOR061W,YLR176C,0,-5.5376606,0.07789510488510132,0.44999998807907104,0.5327000021934509
YKL054C,YBR198C,0,-5.5376635,0.07788161933422089,0.44999998807907104,0.532800018787384
YJL112W,YPL190C,0,-5.537966,0.07786814123392105,0.44999998807907104,0.5328999757766724
YIL046W,YFR031C,0,-5.5381575,0.07785467058420181,0.44999998807907104,0.5329999923706055
YPL100W,YGR075C,0,-5.5381966,0.07784120738506317,0.44999998807907104,0.5331000089645386
YDL098C,YLR390W-A,0,-5.5383396,0.07782774418592453,0.44999998807907104,0.5332000255584717
YDR377W,YOL020W,0,-5.538406,0.07781428098678589,0.44999998807907104,0.53329998254776
YPL268W,YGR209C,1,-5.538433,0.07797372341156006,0.45100000500679016,0.53329998254776
YCR002C,YLR086W,0,-5.5384693,0.07796024531126022,0.45100000500679016,0.5333999991416931
YLR238W,YNL283C,0,-5.538547,0.07794676721096039,0.45100000500679016,0.5335000157356262
YDR246W,YPL212C,0,-5.538595,0.07793329656124115,0.45100000500679016,0.5335999727249146
YPL069C,YKL143W,0,-5.5386915,0.07791983336210251,0.45100000500679016,0.5336999893188477
YGL145W,YMR186W,0,-5.538768,0.07790637761354446,0.45100000500679016,0.5338000059127808
YJL024C,YNL283C,0,-5.539218,0.07789292186498642,0.45100000500679016,0.5339000225067139
YGL219C,YPR176C,0,-5.5393114,0.07787946611642838,0.45100000500679016,0.5339999794960022
YOR153W,YOR330C,0,-5.539389,0.07786602526903152,0.45100000500679016,0.5340999960899353
YDR429C,YLR113W,0,-5.5394845,0.07785258442163467,0.45100000500679016,0.5342000126838684
YAL015C,YDR389W,0,-5.539575,0.07783914357423782,0.45100000500679016,0.5343000292778015
YKL025C,YNL094W,0,-5.54058,0.07782571017742157,0.45100000500679016,0.5343999862670898
YBR123C,YAL056W,0,-5.540944,0.07781228423118591,0.45100000500679016,0.534500002861023
YKL032C,YBR294W,0,-5.5411043,0.07779885828495026,0.45100000500679016,0.534600019454956
YGL058W,YDL231C,0,-5.541406,0.0777854397892952,0.45100000500679016,0.5346999764442444
YBR095C,YGL135W,0,-5.5414224,0.07777202874422073,0.45100000500679016,0.5347999930381775
YNL290W,YBL058W,0,-5.5414467,0.07775861769914627,0.45100000500679016,0.5349000096321106
YKL205W,YDR069C,0,-5.541506,0.0777452141046524,0.45100000500679016,0.5350000262260437
YLR316C,YJL081C,0,-5.541956,0.07773181796073914,0.45100000500679016,0.535099983215332
YNL038W,YBR110W,0,-5.5419855,0.07771842181682587,0.45100000500679016,0.5351999998092651
YBL019W,YIR028W,0,-5.541991,0.0777050331234932,0.45100000500679016,0.5353000164031982
YFR047C,YJR125C,0,-5.5421214,0.07769164443016052,0.45100000500679016,0.5353999733924866
YOL004W,YMR313C,0,-5.5424914,0.07767826318740845,0.45100000500679016,0.5354999899864197
YOR136W,YCR034W,0,-5.5425262,0.07766488939523697,0.45100000500679016,0.5356000065803528
YER093C,YPL208W,0,-5.5427284,0.07765151560306549,0.45100000500679016,0.5357000231742859
YOR008C,YGL135W,0,-5.543277,0.07763814926147461,0.45100000500679016,0.5357999801635742
YOR326W,YHR026W,1,-5.5433073,0.07779689878225327,0.4519999921321869,0.5357999801635742
YIL140W,YOL129W,0,-5.5439157,0.07778351753950119,0.4519999921321869,0.5358999967575073
YJR143C,YJL053W,0,-5.5442615,0.07777012884616852,0.4519999921321869,0.5360000133514404
YPR037C,YBR198C,0,-5.5443306,0.07775675505399704,0.4519999921321869,0.5360999703407288
YPL177C,YBR247C,0,-5.544406,0.07774338126182556,0.4519999921321869,0.5361999869346619
YPR034W,YOL034W,0,-5.5445437,0.07773000746965408,0.4519999921321869,0.536300003528595
YNL250W,YBR186W,0,-5.5445557,0.0777166411280632,0.4519999921321869,0.5364000201225281
YPL259C,YBL002W,0,-5.5447063,0.07770328223705292,0.4519999921321869,0.5364999771118164
YOR328W,YOR149C,0,-5.5447216,0.07768993079662323,0.4519999921321869,0.5365999937057495
YBL088C,YDR039C,0,-5.5448256,0.07767657935619354,0.4519999921321869,0.5367000102996826
YER162C,YDR081C,0,-5.5450068,0.07766322791576385,0.4519999921321869,0.5368000268936157
YMR231W,YCL063W,1,-5.545025,0.07782167941331863,0.453000009059906,0.5368000268936157
YGL099W,YDR198C,0,-5.545045,0.07780831307172775,0.453000009059906,0.536899983882904
YMR277W,YGR192C,0,-5.545051,0.07779495418071747,0.453000009059906,0.5370000004768372
YBR109C,YGR209C,1,-5.5456295,0.0779532939195633,0.45399999618530273,0.5370000004768372
YMR043W,YLL003W,0,-5.54564,0.07793991267681122,0.45399999618530273,0.5371000170707703
YDR145W,YJR073C,0,-5.545911,0.07792653888463974,0.45399999618530273,0.5371999740600586
YDR495C,YDL077C,1,-5.5461664,0.07808477431535721,0.45500001311302185,0.5371999740600586
YDL213C,YDR469W,0,-5.5464964,0.07807137817144394,0.45500001311302185,0.5372999906539917
YPR138C,YLR176C,0,-5.546604,0.07805798947811127,0.45500001311302185,0.5374000072479248
YKL195W,YOR367W,0,-5.546625,0.078044593334198,0.45500001311302185,0.5375000238418579
YKR038C,YMR052W,0,-5.546694,0.07803121209144592,0.45500001311302185,0.5375999808311462
YHL019C,YIL112W,0,-5.5467916,0.07801783084869385,0.45500001311302185,0.5376999974250793
YDR172W,YCL001W,0,-5.5470834,0.07800445705652237,0.45500001311302185,0.5378000140190125
YKL120W,YNL222W,0,-5.547235,0.07799108326435089,0.45500001311302185,0.5378999710083008
YJR150C,YKL141W,0,-5.547372,0.0779777243733406,0.45500001311302185,0.5379999876022339
YNL054W,YEL013W,1,-5.5475435,0.07813570648431778,0.4560000002384186,0.5379999876022339
YNL298W,YDL224C,0,-5.5476203,0.0781223252415657,0.4560000002384186,0.538100004196167
YFR019W,YBL050W,1,-5.5477643,0.07828023284673691,0.4569999873638153,0.538100004196167
YHL036W,YKL099C,0,-5.5478406,0.07826682925224304,0.4569999873638153,0.5382000207901001
YKR081C,YDR379W,0,-5.5478897,0.07825342565774918,0.4569999873638153,0.5382999777793884
YLR186W,YJR001W,0,-5.5481815,0.07824002951383591,0.4569999873638153,0.5383999943733215
YPL093W,YDR392W,0,-5.54825,0.07822663336992264,0.4569999873638153,0.5385000109672546
YNL049C,YNL283C,0,-5.5483503,0.07821324467658997,0.4569999873638153,0.5386000275611877
YLR060W,YGR048W,0,-5.5485296,0.07819986343383789,0.4569999873638153,0.5386999845504761
YHR039C-A,YDR080W,1,-5.54858,0.07835756987333298,0.4580000042915344,0.5386999845504761
YMR220W,YER019W,0,-5.548583,0.07834416627883911,0.4580000042915344,0.5388000011444092
YMR237W,YJL071W,0,-5.548785,0.07833077013492584,0.4580000042915344,0.5389000177383423
YJL042W,YPL242C,0,-5.5492144,0.07831737399101257,0.4580000042915344,0.5389999747276306
YBR132C,YLR417W,0,-5.5494585,0.0783039852976799,0.4580000042915344,0.5390999913215637
YKL196C,YNL111C,0,-5.549501,0.07829059660434723,0.4580000042915344,0.5392000079154968
YLL035W,YLR277C,0,-5.5499973,0.07827721536159515,0.4580000042915344,0.5393000245094299
YOR026W,YFR030W,0,-5.550041,0.07826384156942368,0.4580000042915344,0.5393999814987183
YOR046C,YFR052W,0,-5.5501423,0.0782504677772522,0.4580000042915344,0.5394999980926514
YJR017C,YDR295C,0,-5.5504932,0.07823710143566132,0.4580000042915344,0.5396000146865845
YOL093W,YIR005W,0,-5.550594,0.07822374254465103,0.4580000042915344,0.5396999716758728
YDL225W,YBL061C,0,-5.5508013,0.07821038365364075,0.4580000042915344,0.5397999882698059
YHR059W,YAR008W,0,-5.550804,0.07819703221321106,0.4580000042915344,0.539900004863739
YKR072C,YPL128C,0,-5.550933,0.07818368077278137,0.4580000042915344,0.5400000214576721
YBR010W,YDR453C,0,-5.550942,0.07817033678293228,0.4580000042915344,0.5400999784469604
YHR188C,YCR063W,0,-5.5511217,0.07815700024366379,0.4580000042915344,0.5401999950408936
YGR098C,YGR143W,0,-5.5511312,0.0781436637043953,0.4580000042915344,0.5403000116348267
YBR173C,YGR171C,0,-5.551951,0.0781303346157074,0.4580000042915344,0.5404000282287598
YOL102C,YGL094C,0,-5.5522056,0.0781170055270195,0.4580000042915344,0.5404999852180481
YNL253W,YOL049W,0,-5.5522795,0.0781036838889122,0.4580000042915344,0.5406000018119812
YML132W,YGL238W,0,-5.5527062,0.0780903697013855,0.4580000042915344,0.5407000184059143
YDR341C,YMR236W,0,-5.552762,0.0780770555138588,0.4580000042915344,0.5407999753952026
YJL026W,YDR369C,0,-5.552931,0.07806374877691269,0.4580000042915344,0.5408999919891357
YLR075W,YNR052C,0,-5.553034,0.07805044203996658,0.4580000042915344,0.5410000085830688
YGL257C,YHL007C,0,-5.553706,0.07803714275360107,0.4580000042915344,0.541100025177002
YMR080C,YBL074C,0,-5.5537376,0.07802385091781616,0.4580000042915344,0.5411999821662903
YLR102C,YER142C,0,-5.5538206,0.07801055908203125,0.4580000042915344,0.5412999987602234
YNR015W,YAL033W,0,-5.5540123,0.07799727469682693,0.4580000042915344,0.5414000153541565
YOL123W,YOR171C,0,-5.554125,0.07798399776220322,0.4580000042915344,0.5414999723434448
YNL107W,YOL009C,0,-5.5545025,0.0779707208275795,0.4580000042915344,0.5415999889373779
YBR123C,YEL037C,0,-5.554576,0.07795744389295578,0.4580000042915344,0.541700005531311
YHR023W,YCL032W,0,-5.554616,0.07794418185949326,0.4580000042915344,0.5418000221252441
YGL192W,YKL204W,0,-5.5546317,0.07793091982603073,0.4580000042915344,0.5418999791145325
YER114C,YGL054C,0,-5.554723,0.0779176577925682,0.4580000042915344,0.5419999957084656
YPL020C,YOR100C,0,-5.554931,0.07790440320968628,0.4580000042915344,0.5421000123023987
YJR031C,YFL011W,0,-5.5550203,0.07789115607738495,0.4580000042915344,0.5422000288963318
YPL117C,YHR005C-A,0,-5.555401,0.07787790894508362,0.4580000042915344,0.5422999858856201
YMR054W,YCL063W,1,-5.5556793,0.07803468406200409,0.45899999141693115,0.5422999858856201
YKL191W,YKL188C,0,-5.5558186,0.07802141457796097,0.45899999141693115,0.5424000024795532
YMR052W,YMR293C,0,-5.5558577,0.07800815999507904,0.45899999141693115,0.5425000190734863
YJL207C,YIL159W,0,-5.555896,0.07799490541219711,0.45899999141693115,0.5425999760627747
YCR047C,YNL329C,0,-5.55624,0.07798165082931519,0.45899999141693115,0.5426999926567078
YGR083C,YJL071W,0,-5.5565557,0.07796840369701385,0.45899999141693115,0.5428000092506409
YGL120C,YOR351C,0,-5.5565624,0.07795516401529312,0.45899999141693115,0.542900025844574
YDR202C,YGR020C,1,-5.5568533,0.07811173051595688,0.46000000834465027,0.542900025844574
YJR021C,YJL058C,0,-5.557542,0.07809846848249435,0.46000000834465027,0.5429999828338623
YGR171C,YDL195W,0,-5.5577116,0.07808521389961243,0.46000000834465027,0.5430999994277954
YFL050C,YNL268W,0,-5.557832,0.0780719593167305,0.46000000834465027,0.5432000160217285
YMR058W,YGR002C,0,-5.5578885,0.07805871218442917,0.46000000834465027,0.5432999730110168
YOL146W,YLL003W,0,-5.5579147,0.07804547250270844,0.46000000834465027,0.54339998960495
YMR162C,YAL020C,0,-5.558119,0.0780322328209877,0.46000000834465027,0.5435000061988831
YKL196C,YLR310C,0,-5.558319,0.07801899313926697,0.46000000834465027,0.5436000227928162
YPR178W,YLR292C,0,-5.5586953,0.07800576835870743,0.46000000834465027,0.5436999797821045
YCL016C,YBL055C,0,-5.558822,0.07799253612756729,0.46000000834465027,0.5437999963760376
YBR217W,YOR226C,0,-5.558878,0.07797931879758835,0.46000000834465027,0.5439000129699707
YDR437W,YDR221W,0,-5.5590672,0.0779661014676094,0.46000000834465027,0.5440000295639038
YHR041C,YDL209C,0,-5.5590696,0.07795289158821106,0.46000000834465027,0.5440999865531921
YJL035C,YDR228C,0,-5.559193,0.07793968170881271,0.46000000834465027,0.5442000031471252
YPR029C,YOL012C,0,-5.5596204,0.07792647927999496,0.46000000834465027,0.5443000197410583
YOR310C,YBR182C,0,-5.5596504,0.07791327685117722,0.46000000834465027,0.5443999767303467
YAR031W,YML091C,0,-5.5600924,0.07790008187294006,0.46000000834465027,0.5444999933242798
YNL148C,YPR199C,0,-5.560352,0.07788689434528351,0.46000000834465027,0.5446000099182129
YDL006W,YKL046C,0,-5.560467,0.07787370681762695,0.46000000834465027,0.544700026512146
YBR200W,YPR074C,0,-5.561041,0.077860526740551,0.46000000834465027,0.5447999835014343
YPR017C,YMR042W,0,-5.561103,0.07784735411405563,0.46000000834465027,0.5449000000953674
YLR008C,YBL039C,0,-5.5616007,0.07783418148756027,0.46000000834465027,0.5450000166893005
YPL268W,YGL095C,1,-5.562322,0.07799018919467926,0.460999995470047,0.5450000166893005
YOL109W,YGL003C,0,-5.5624127,0.07797699421644211,0.460999995470047,0.5450999736785889
YPR023C,YOR274W,0,-5.5627713,0.07796380668878555,0.460999995470047,0.545199990272522
YDR016C,YER051W,0,-5.562869,0.0779506266117096,0.460999995470047,0.5453000068664551
YPL206C,YLR234W,0,-5.5642242,0.07793744653463364,0.460999995470047,0.5454000234603882
YNL216W,YNL262W,0,-5.5644016,0.07792427390813828,0.460999995470047,0.5454999804496765
YDL197C,YOR195W,0,-5.564478,0.07791110128164291,0.460999995470047,0.5455999970436096
YFL011W,YEL009C,0,-5.564583,0.07789793610572815,0.460999995470047,0.5457000136375427
YOL113W,YDR081C,0,-5.564816,0.07788477838039398,0.460999995470047,0.545799970626831
YLR382C,YIL142W,0,-5.5649767,0.07787162065505981,0.460999995470047,0.5458999872207642
YJL085W,YKL206C,0,-5.565181,0.07785847038030624,0.460999995470047,0.5460000038146973
YNR048W,YNL221C,0,-5.565389,0.07784532010555267,0.460999995470047,0.5461000204086304
YOR194C,YIL072W,0,-5.5662785,0.0778321772813797,0.460999995470047,0.5461999773979187
YJL145W,YER017C,0,-5.566782,0.07781904190778732,0.460999995470047,0.5462999939918518
YDR495C,YNL015W,1,-5.5669174,0.07797468453645706,0.4620000123977661,0.5462999939918518
YIL008W,YKR072C,0,-5.5669394,0.0779615268111229,0.4620000123977661,0.5464000105857849
YGL008C,YGL106W,0,-5.5679946,0.07794836908578873,0.4620000123977661,0.546500027179718
YML052W,YGL252C,0,-5.568179,0.07793522626161575,0.4620000123977661,0.5465999841690063
YHR001W,YGL244W,0,-5.5681887,0.07792207598686218,0.4620000123977661,0.5467000007629395
YOR056C,YCL025C,0,-5.568615,0.0779089406132698,0.4620000123977661,0.5468000173568726
YBR092C,YPL151C,0,-5.56878,0.07789580523967743,0.4620000123977661,0.5468999743461609
YGL226C-A,YGR005C,0,-5.5688744,0.07788266986608505,0.4620000123977661,0.546999990940094
YGL143C,YGR075C,0,-5.5691814,0.07786954194307327,0.4620000123977661,0.5471000075340271
YDL056W,YBR297W,0,-5.569271,0.07785642147064209,0.4620000123977661,0.5472000241279602
YAL056W,YBL103C,0,-5.569501,0.07784330099821091,0.4620000123977661,0.5472999811172485
YJL005W,YPL097W,0,-5.569566,0.07783018797636032,0.4620000123977661,0.5473999977111816
YML010W,YOL034W,0,-5.5698953,0.07781708240509033,0.4620000123977661,0.5475000143051147
YPR006C,YAL034W-A,0,-5.5700397,0.07780397683382034,0.4620000123977661,0.5475999712944031
YMR247C,YGL236C,0,-5.5704384,0.07779087126255035,0.4620000123977661,0.5476999878883362
YGR162W,YNL161W,0,-5.570526,0.07777778059244156,0.4620000123977661,0.5478000044822693
YDR017C,YKL051W,1,-5.5706816,0.07793300598859787,0.46299999952316284,0.5478000044822693
YDR022C,YJR059W,0,-5.5710993,0.07791989296674728,0.46299999952316284,0.5479000210762024
YDR527W,YPL083C,0,-5.5712304,0.0779067799448967,0.46299999952316284,0.5479999780654907
YMR214W,YHL040C,0,-5.571252,0.07789367437362671,0.46299999952316284,0.5480999946594238
YGL104C,YPR065W,0,-5.5715246,0.07788056880235672,0.46299999952316284,0.5482000112533569
YDR202C,YHR060W,1,-5.571571,0.07803565263748169,0.46399998664855957,0.5482000112533569
YCR083W,YMR092C,0,-5.5716724,0.0780225321650505,0.46399998664855957,0.54830002784729
YBL099W,YKL002W,0,-5.571707,0.07800941169261932,0.46399998664855957,0.5483999848365784
YGL158W,YNL123W,0,-5.571743,0.07799629867076874,0.46399998664855957,0.5485000014305115
YOL138C,YLR130C,0,-5.572018,0.07798319309949875,0.46399998664855957,0.5486000180244446
YMR302C,YPL177C,0,-5.572021,0.07797008752822876,0.46399998664855957,0.5486999750137329
YDL035C,YDL055C,0,-5.5720263,0.07795698940753937,0.46399998664855957,0.548799991607666
YLR191W,YNL151C,0,-5.5722756,0.07794389128684998,0.46399998664855957,0.5489000082015991
YBL063W,YPR023C,0,-5.572483,0.07793080061674118,0.46399998664855957,0.5490000247955322
YOR182C,YBR049C,0,-5.572707,0.07791771739721298,0.46399998664855957,0.5490999817848206
YDR523C,YBL082C,0,-5.5728264,0.07790463417768478,0.46399998664855957,0.5491999983787537
YJL178C,YGR171C,0,-5.573059,0.07789155840873718,0.46399998664855957,0.5493000149726868
YLR399C,YBL103C,0,-5.573615,0.07787848263978958,0.46399998664855957,0.5493999719619751
YOL093W,YMR162C,0,-5.5738535,0.07786541432142258,0.46399998664855957,0.5494999885559082
YIL125W,YJL048C,0,-5.574095,0.07785234600305557,0.46399998664855957,0.5496000051498413
YBR155W,YMR285C,0,-5.574216,0.07783928513526917,0.46399998664855957,0.5497000217437744
YPL047W,YGL236C,0,-5.574639,0.07782623171806335,0.46399998664855957,0.5497999787330627
YJR090C,YNL003C,0,-5.574692,0.07781317830085754,0.46399998664855957,0.5498999953269958
YIL053W,YDR395W,0,-5.5749235,0.07780013233423233,0.46399998664855957,0.550000011920929
YFR003C,YDR146C,0,-5.574998,0.07778709381818771,0.46399998664855957,0.5501000285148621
YFR051C,YMR075W,0,-5.575123,0.0777740553021431,0.46399998664855957,0.5501999855041504
YPR036W,YNL054W,1,-5.575716,0.07792861014604568,0.4650000035762787,0.5501999855041504
YGR038W,YDL042C,0,-5.575942,0.07791554927825928,0.4650000035762787,0.5503000020980835
YGL124C,YBL002W,0,-5.576065,0.07790249586105347,0.4650000035762787,0.5504000186920166
YOR049C,YLR201C,0,-5.5761867,0.07788944989442825,0.4650000035762787,0.5504999756813049
YBR196C,YNR017W,0,-5.5762606,0.07787640392780304,0.4650000035762787,0.550599992275238
YBR236C,YJL071W,0,-5.576352,0.07786336541175842,0.4650000035762787,0.5507000088691711
YDR420W,YOL139C,0,-5.576377,0.0778503268957138,0.4650000035762787,0.5508000254631042
YDL043C,YBR245C,0,-5.5764484,0.07783729583024979,0.4650000035762787,0.5508999824523926
YLR189C,YML120C,0,-5.5766163,0.07782426476478577,0.4650000035762787,0.5509999990463257
YDR296W,YJL041W,0,-5.576995,0.07781124860048294,0.4650000035762787,0.5511000156402588
YGR177C,YEL041W,0,-5.577004,0.07779822498559952,0.4650000035762787,0.5511999726295471
YDR435C,YOR129C,0,-5.577353,0.07778520882129669,0.4650000035762787,0.5512999892234802
YNL136W,YGR204W,0,-5.577984,0.07777220010757446,0.4650000035762787,0.5514000058174133
YBR059C,YPR002W,0,-5.5785685,0.07775919884443283,0.4650000035762787,0.5515000224113464
YIL079C,YJR064W,0,-5.5789113,0.0777461975812912,0.4650000035762787,0.5515999794006348
YIR018W,YPR182W,0,-5.5791397,0.07773319631814957,0.4650000035762787,0.5516999959945679
YLR320W,YBL080C,0,-5.5792027,0.07772020995616913,0.4650000035762787,0.551800012588501
YOL094C,YDR378C,0,-5.579465,0.0777072161436081,0.4650000035762787,0.5519000291824341
YER127W,YBR084W,0,-5.579815,0.07769423723220825,0.4650000035762787,0.5519999861717224
YBR092C,YIL123W,0,-5.5801435,0.07768125832080841,0.4650000035762787,0.5521000027656555
YBR006W,YMR237W,0,-5.580211,0.07766827940940857,0.4650000035762787,0.5522000193595886
YJR153W,YBR008C,0,-5.580221,0.07765530794858932,0.4650000035762787,0.552299976348877
YOR301W,YJL141C,0,-5.5802307,0.07764234393835068,0.4650000035762787,0.5523999929428101
YOR284W,YGL099W,0,-5.5802526,0.07762937992811203,0.4650000035762787,0.5525000095367432
YKL008C,YJL129C,0,-5.580577,0.07761642336845398,0.4650000035762787,0.5526000261306763
YBL018C,YOR140W,0,-5.5805836,0.07760347425937653,0.4650000035762787,0.5526999831199646
YMR162C,YKL034W,0,-5.580982,0.07759052515029907,0.4650000035762787,0.5527999997138977
YDR365C,YBR083W,0,-5.5812235,0.07757757604122162,0.4650000035762787,0.5529000163078308
YMR301C,YLR113W,0,-5.5812454,0.07756463438272476,0.4650000035762787,0.5529999732971191
YIL167W,YJL094C,0,-5.581256,0.0775517001748085,0.4650000035762787,0.5530999898910522
YLR043C,YCL063W,1,-5.5814457,0.077705517411232,0.4659999907016754,0.5530999898910522
YPL058C,YDR137W,0,-5.5814943,0.07769256085157394,0.4659999907016754,0.5532000064849854
YHR013C,YOR037W,0,-5.5816555,0.07767961174249649,0.4659999907016754,0.5533000230789185
YOR344C,YBR023C,0,-5.581923,0.07766667008399963,0.4659999907016754,0.5533999800682068
YLL002W,YFL034C-B,0,-5.581958,0.07765372097492218,0.4659999907016754,0.5534999966621399
YMR243C,YDR303C,0,-5.582137,0.07764078676700592,0.4659999907016754,0.553600013256073
YMR227C,YBR258C,0,-5.582163,0.07762785255908966,0.4659999907016754,0.5536999702453613
YGL205W,YOR028C,0,-5.5825152,0.077614925801754,0.4659999907016754,0.5537999868392944
YOR068C,YNL079C,1,-5.5825243,0.07776852697134018,0.46700000762939453,0.5537999868392944
YLR013W,YLR310C,0,-5.582581,0.07775557786226273,0.46700000762939453,0.5539000034332275
YPL125W,YLR144C,0,-5.5829506,0.07774263620376587,0.46700000762939453,0.5540000200271606
YKR039W,YLR007W,0,-5.582958,0.07772969454526901,0.46700000762939453,0.554099977016449
YOR087W,YLR363C,0,-5.5831447,0.07771676033735275,0.46700000762939453,0.5541999936103821
YKL056C,YML038C,0,-5.583246,0.07770382612943649,0.46700000762939453,0.5543000102043152
YKL108W,YPR134W,0,-5.583395,0.07769089937210083,0.46700000762939453,0.5544000267982483
YLR079W,YHR152W,0,-5.58362,0.07767798006534576,0.46700000762939453,0.5544999837875366
YLR353W,YKL058W,0,-5.583646,0.0776650607585907,0.46700000762939453,0.5546000003814697
YIR015W,YLR362W,0,-5.5838614,0.07765214145183563,0.46700000762939453,0.5547000169754028
YOR217W,YDR299W,0,-5.584029,0.07763923704624176,0.46700000762939453,0.5547999739646912
YGL210W,YMR184W,0,-5.584035,0.07762633264064789,0.46700000762939453,0.5548999905586243
YBR175W,YKL135C,0,-5.5840664,0.07761342823505402,0.46700000762939453,0.5550000071525574
YNL015W,YDR328C,1,-5.5841675,0.07776670157909393,0.46799999475479126,0.5550000071525574
YNL302C,YNL253W,0,-5.5842576,0.07775378227233887,0.46799999475479126,0.5551000237464905
YKL008C,YOR028C,0,-5.5844994,0.0777408629655838,0.46799999475479126,0.5551999807357788
YPL235W,YPL021W,0,-5.584651,0.07772795110940933,0.46799999475479126,0.5552999973297119
YOL127W,YNL066W,0,-5.58473,0.07771504670381546,0.46799999475479126,0.555400013923645
YDL153C,YMR240C,0,-5.585044,0.07770214229822159,0.46799999475479126,0.5554999709129333
YJR121W,YMR070W,0,-5.5853453,0.07768924534320831,0.46799999475479126,0.5555999875068665
YNL267W,YGL054C,0,-5.5856056,0.07767634838819504,0.46799999475479126,0.5557000041007996
YLR157C,YKL191W,0,-5.585777,0.07766345888376236,0.46799999475479126,0.5558000206947327
YPL101W,YEL041W,0,-5.5859814,0.07765056937932968,0.46799999475479126,0.555899977684021
YOL165C,YBL080C,0,-5.586252,0.0776376873254776,0.46799999475479126,0.5559999942779541
YDR289C,YPL093W,0,-5.586252,0.07762481272220612,0.46799999475479126,0.5561000108718872
YKL054C,YPR134W,0,-5.586255,0.07761193811893463,0.46799999475479126,0.5562000274658203
YPL100W,YGL210W,0,-5.5871696,0.07759907096624374,0.46799999475479126,0.5562999844551086
YGR129W,YKL089W,0,-5.587255,0.07758620381355286,0.46799999475479126,0.5564000010490417
YDR279W,YKL007W,0,-5.5878677,0.07757334411144257,0.46799999475479126,0.5565000176429749
YDR411C,YAL016W,0,-5.5879807,0.07756049185991287,0.46799999475479126,0.5565999746322632
YMR227C,YJL204C,0,-5.588007,0.07754763960838318,0.46799999475479126,0.5566999912261963
YOR290C,YOR180C,0,-5.5880346,0.07753479480743408,0.46799999475479126,0.5568000078201294
YOR244W,YNR030W,0,-5.5885353,0.07752195000648499,0.46799999475479126,0.5569000244140625
YDR311W,YDR299W,0,-5.588622,0.07750911265611649,0.46799999475479126,0.5569999814033508
YBR260C,YML081C-A,0,-5.5888877,0.07749627530574799,0.46799999475479126,0.5570999979972839
YLR148W,YHR060W,1,-5.58891,0.07764900475740433,0.4690000116825104,0.5570999979972839
YLR013W,YIL095W,0,-5.5889387,0.07763615250587463,0.4690000116825104,0.557200014591217
YMR013C,YNL314W,0,-5.5889974,0.07762330025434494,0.4690000116825104,0.5572999715805054
YMR214W,YIR010W,0,-5.5890956,0.07761045545339584,0.4690000116825104,0.5573999881744385
YJR083C,YMR055C,0,-5.589387,0.07759761810302734,0.4690000116825104,0.5575000047683716
YLL013C,YLR417W,0,-5.589411,0.07758478075265884,0.4690000116825104,0.5576000213623047
YGL099W,YHR072W,0,-5.589632,0.07757195085287094,0.4690000116825104,0.557699978351593
YMR016C,YER168C,0,-5.5896435,0.07755912095308304,0.4690000116825104,0.5577999949455261
YFR050C,YJL184W,0,-5.589799,0.07754629850387573,0.4690000116825104,0.5579000115394592
YLR447C,YMR231W,1,-5.590005,0.07769878953695297,0.4699999988079071,0.5579000115394592
YNL148C,YER155C,0,-5.590193,0.07768595218658447,0.4699999988079071,0.5580000281333923
YIL132C,YKL213C,0,-5.590398,0.07767311483621597,0.4699999988079071,0.5580999851226807
YDL056W,YDL209C,0,-5.5905485,0.07766027748584747,0.4699999988079071,0.5582000017166138
YAL033W,YBR165W,0,-5.5906935,0.07764744758605957,0.4699999988079071,0.5583000183105469
YDR211W,YHR187W,0,-5.5907245,0.07763462513685226,0.4699999988079071,0.5583999752998352
YLR033W,YCL044C,0,-5.590725,0.07762180268764496,0.4699999988079071,0.5584999918937683
YDL153C,YPL208W,0,-5.5910044,0.07760898023843765,0.4699999988079071,0.5586000084877014
YDL135C,YJR009C,0,-5.591131,0.07759617269039154,0.4699999988079071,0.5587000250816345
YDR478W,YGR157W,0,-5.591139,0.07758335769176483,0.4699999988079071,0.5587999820709229
YHR036W,YPL164C,0,-5.591645,0.07757055759429932,0.4699999988079071,0.558899998664856
YNL310C,YGR288W,0,-5.5923758,0.0775577574968338,0.4699999988079071,0.5590000152587891
YDR176W,YPL249C,0,-5.5926456,0.07754495739936829,0.4699999988079071,0.5590999722480774
YKR038C,YDR174W,0,-5.59275,0.07753216475248337,0.4699999988079071,0.5591999888420105
YLR096W,YPL086C,0,-5.593307,0.07751937955617905,0.4699999988079071,0.5593000054359436
YPR112C,YJL111W,0,-5.5935,0.07750659435987473,0.4699999988079071,0.5594000220298767
YOR288C,YLR069C,0,-5.593604,0.077493816614151,0.4699999988079071,0.559499979019165
YDR200C,YNL246W,0,-5.5939813,0.07748103886842728,0.4699999988079071,0.5595999956130981
YNL304W,YJL004C,0,-5.594083,0.07746826857328415,0.4699999988079071,0.5597000122070312
YMR004W,YHR183W,0,-5.594475,0.07745550572872162,0.4699999988079071,0.5598000288009644
YGL032C,YDR243C,0,-5.594535,0.07744274288415909,0.4699999988079071,0.5598999857902527
YIR021W,YDL170W,0,-5.594589,0.07742998003959656,0.4699999988079071,0.5600000023841858
YDR202C,YKL051W,1,-5.5946283,0.07758194953203201,0.47099998593330383,0.5600000023841858
YHR150W,YDR110W,0,-5.594642,0.07756917178630829,0.47099998593330383,0.5601000189781189
YJL005W,YDR272W,0,-5.5947323,0.07755639404058456,0.47099998593330383,0.5601999759674072
YKL195W,YDR057W,0,-5.5948873,0.07754363119602203,0.47099998593330383,0.5602999925613403
YMR239C,YJR090C,0,-5.595268,0.0775308609008789,0.47099998593330383,0.5604000091552734
YGR179C,YDL002C,0,-5.5955343,0.07751810550689697,0.47099998593330383,0.5605000257492065
YDR202C,YHR174W,1,-5.595659,0.0776699036359787,0.47200000286102295,0.5605000257492065
YDR320C,YPL122C,0,-5.595903,0.07765712589025497,0.47200000286102295,0.5605999827384949
YKL148C,YDR416W,0,-5.5959196,0.07764434814453125,0.47200000286102295,0.560699999332428
YPL006W,YMR113W,0,-5.5960016,0.07763157784938812,0.47200000286102295,0.5608000159263611
YOR064C,YDL083C,0,-5.596075,0.07761881500482559,0.47200000286102295,0.5608999729156494
YPL125W,YKR027W,0,-5.596156,0.07760605216026306,0.47200000286102295,0.5609999895095825
YOR326W,YBR109C,1,-5.5961986,0.07775768637657166,0.4729999899864197,0.5609999895095825
YGL104C,YHR171W,0,-5.5962896,0.07774490118026733,0.4729999899864197,0.5611000061035156
YGL208W,YNL325C,0,-5.596322,0.0777321308851242,0.4729999899864197,0.5612000226974487
YOR064C,YLR372W,0,-5.596492,0.07771935313940048,0.4729999899864197,0.5612999796867371
YJL063C,YBR015C,0,-5.5965357,0.07770659029483795,0.4729999899864197,0.5613999962806702
YMR043W,YML088W,0,-5.597854,0.07769382745027542,0.4729999899864197,0.5615000128746033
YER065C,YLR181C,0,-5.597912,0.07768106460571289,0.4729999899864197,0.5616000294685364
YNL307C,YGR180C,0,-5.5982175,0.07766830921173096,0.4729999899864197,0.5616999864578247
YBR126C,YHR205W,0,-5.598236,0.07765555381774902,0.4729999899864197,0.5618000030517578
YBR200W,YPL051W,0,-5.5985856,0.07764281332492828,0.4729999899864197,0.5619000196456909
YEL018W,YCL069W,0,-5.598596,0.07763006538152695,0.4729999899864197,0.5619999766349792
YPR111W,YMR311C,0,-5.5987196,0.07761732488870621,0.4729999899864197,0.5620999932289124
YKL085W,YOR123C,0,-5.598815,0.07760459184646606,0.4729999899864197,0.5622000098228455
YJL154C,YOR031W,0,-5.598893,0.07759186625480652,0.4729999899864197,0.5623000264167786
YPR163C,YKL049C,0,-5.599146,0.07757914066314697,0.4729999899864197,0.5623999834060669
YLR382C,YFR024C-A,0,-5.5992937,0.07756641507148743,0.4729999899864197,0.5625
YJL013C,YCR094W,0,-5.5998793,0.07755369693040848,0.4729999899864197,0.5626000165939331
YOR147W,YER112W,0,-5.5999637,0.07754098623991013,0.4729999899864197,0.5626999735832214
YIL031W,YHR163W,0,-5.599992,0.07752827554941177,0.4729999899864197,0.5627999901771545
YDR038C,YBR211C,0,-5.6001472,0.07751557230949402,0.4729999899864197,0.5629000067710876
YBL105C,YPR025C,0,-5.600346,0.07750286906957626,0.4729999899864197,0.5630000233650208
YFL004W,YMR054W,1,-5.600477,0.07765399664640427,0.4740000069141388,0.5630000233650208
YDR392W,YKL053C-A,0,-5.600731,0.07764127850532532,0.4740000069141388,0.5630999803543091
YDR200C,YOR084W,0,-5.601551,0.07762856036424637,0.4740000069141388,0.5631999969482422
YDR453C,YLR371W,0,-5.601842,0.07761584967374802,0.4740000069141388,0.5633000135421753
YGR140W,YCL035C,0,-5.6018915,0.07760314643383026,0.4740000069141388,0.5633999705314636
YPL195W,YLR182W,0,-5.6020947,0.0775904431939125,0.4740000069141388,0.5634999871253967
YBR217W,YNL121C,0,-5.6021843,0.07757773995399475,0.4740000069141388,0.5636000037193298
YGR120C,YNL259C,0,-5.60242,0.07756504416465759,0.4740000069141388,0.5637000203132629
YPL069C,YML116W,0,-5.6025553,0.07755235582590103,0.4740000069141388,0.5637999773025513
YNL139C,YKL135C,0,-5.6027164,0.07753966748714447,0.4740000069141388,0.5638999938964844
YLR191W,YOR069W,0,-5.6027513,0.0775269865989685,0.4740000069141388,0.5640000104904175
YKL148C,YNL216W,0,-5.602985,0.07751430571079254,0.4740000069141388,0.5641000270843506
YPL091W,YPR037C,0,-5.6036215,0.07750163227319717,0.4740000069141388,0.5641999840736389
YGL192W,YDR322C-A,0,-5.604215,0.0774889662861824,0.4740000069141388,0.564300000667572
YER166W,YOL124C,0,-5.6042614,0.07747630029916763,0.4740000069141388,0.5644000172615051
YLR214W,YOR028C,0,-5.604487,0.07746363431215286,0.4740000069141388,0.5644999742507935
YIL129C,YOL122C,0,-5.6044917,0.07745098322629929,0.4740000069141388,0.5645999908447266
YJL121C,YHR089C,0,-5.60459,0.07743832468986511,0.4740000069141388,0.5647000074386597
YOR332W,YHR060W,1,-5.604602,0.0775890201330185,0.4749999940395355,0.5647000074386597
YIL075C,YBR098W,0,-5.6046104,0.07757635414600372,0.4749999940395355,0.5648000240325928
YOL006C,YNL166C,0,-5.604639,0.07756368070840836,0.4749999940395355,0.5648999810218811
YOR079C,YKL182W,0,-5.6047993,0.07755102217197418,0.4749999940395355,0.5649999976158142
YOR109W,YGL246C,0,-5.6048517,0.07753836363554001,0.4749999940395355,0.5651000142097473
YDR337W,YBR221C,0,-5.6052303,0.07752570509910583,0.4749999940395355,0.5651999711990356
YFR030W,YKL101W,0,-5.605437,0.07751305401325226,0.4749999940395355,0.5652999877929688
YMR229C,YLR264W,0,-5.6054487,0.07750041037797928,0.4749999940395355,0.5654000043869019
YMR004W,YHR001W-A,0,-5.605709,0.0774877667427063,0.4749999940395355,0.565500020980835
YJL166W,YPR135W,0,-5.605814,0.07747512310743332,0.4749999940395355,0.5655999779701233
YDL108W,YKL189W,0,-5.605996,0.07746249437332153,0.4749999940395355,0.5656999945640564
YPL002C,YNL259C,0,-5.606743,0.07744985818862915,0.4749999940395355,0.5658000111579895
YBR043C,YGR257C,0,-5.6070538,0.07743723690509796,0.4749999940395355,0.5659000277519226
YFR050C,YER045C,0,-5.607217,0.07742461562156677,0.4749999940395355,0.5659999847412109
YMR013C,YIL110W,0,-5.6075387,0.07741199433803558,0.4749999940395355,0.566100001335144
YNL248C,YOL077W-A,0,-5.60754,0.07739938050508499,0.4749999940395355,0.5662000179290771
YMR080C,YML049C,0,-5.607552,0.077386774122715,0.4749999940395355,0.5662999749183655
YDR214W,YDL128W,0,-5.6079645,0.077374167740345,0.4749999940395355,0.5663999915122986
YOR045W,YPR188C,0,-5.6079993,0.077361561357975,0.4749999940395355,0.5665000081062317
YNL207W,YER051W,0,-5.60829,0.07734896242618561,0.4749999940395355,0.5666000247001648
YDL175C,YER111C,0,-5.608439,0.0773363709449768,0.4749999940395355,0.5666999816894531
YPR031W,YBR216C,0,-5.608499,0.077323779463768,0.4749999940395355,0.5667999982833862
YBR275C,YOL005C,0,-5.608532,0.0773111954331398,0.4749999940395355,0.5669000148773193
YDL046W,YCR061W,0,-5.608636,0.0772986188530922,0.4749999940395355,0.5669999718666077
YML064C,YDL069C,0,-5.608689,0.07728604227304459,0.4749999940395355,0.5670999884605408
YOR308C,YPL195W,0,-5.609542,0.07727346569299698,0.4749999940395355,0.5672000050544739
YLR059C,YML120C,0,-5.6096487,0.07726089656352997,0.4749999940395355,0.567300021648407
YNL323W,YKL056C,0,-5.6096816,0.07724833488464355,0.4749999940395355,0.5673999786376953
YBR097W,YHR083W,0,-5.609729,0.07723577320575714,0.4749999940395355,0.5674999952316284
YIL075C,YDR300C,0,-5.6097603,0.07722321897745132,0.4749999940395355,0.5676000118255615
YGR007W,YIR005W,0,-5.6098757,0.07721066474914551,0.4749999940395355,0.5677000284194946
YOR185C,YGL211W,0,-5.6098933,0.07719811797142029,0.4749999940395355,0.567799985408783
YLR170C,YPL082C,0,-5.6109686,0.07718557119369507,0.4749999940395355,0.5679000020027161
YAL005C,YOR319W,0,-5.611059,0.07717303186655045,0.4749999940395355,0.5680000185966492
YBR179C,YHR196W,0,-5.611297,0.07716049253940582,0.4749999940395355,0.5680999755859375
YNL039W,YJL204C,0,-5.6115093,0.0771479606628418,0.4749999940395355,0.5681999921798706
YJL013C,YOL138C,0,-5.6116743,0.07713543623685837,0.4749999940395355,0.5683000087738037
YMR013C,YDL043C,0,-5.611763,0.07712291181087494,0.4749999940395355,0.5684000253677368
YDL043C,YDR523C,0,-5.6120696,0.07711038738489151,0.4749999940395355,0.5684999823570251
YKR081C,YPL271W,0,-5.61211,0.07709787040948868,0.4749999940395355,0.5685999989509583
YCL038C,YPR086W,0,-5.6121893,0.07708536088466644,0.4749999940395355,0.5687000155448914
YDR182W,YBR098W,0,-5.612259,0.07707285135984421,0.4749999940395355,0.5687999725341797
YCL051W,YBR088C,0,-5.6124077,0.07706034928560257,0.4749999940395355,0.5688999891281128
YOR026W,YGR222W,0,-5.6124115,0.07704784721136093,0.4749999940395355,0.5690000057220459
YPL094C,YOL129W,0,-5.612652,0.07703535258769989,0.4749999940395355,0.569100022315979
YHR118C,YML081C-A,0,-5.6127977,0.07702286541461945,0.4749999940395355,0.5691999793052673
YMR207C,YCR063W,0,-5.613039,0.077010378241539,0.4749999940395355,0.5692999958992004
YGL171W,YCL008C,0,-5.613126,0.07699789106845856,0.4749999940395355,0.5694000124931335
YOR027W,YJL128C,0,-5.6132746,0.07698541134595871,0.4749999940395355,0.5695000290870667
YMR218C,YBR020W,0,-5.613391,0.07697293907403946,0.4749999940395355,0.569599986076355
YKL206C,YHR152W,0,-5.6134653,0.07696046680212021,0.4749999940395355,0.5697000026702881
YMR237W,YPL153C,0,-5.6136417,0.07694800198078156,0.4749999940395355,0.5698000192642212
YLR148W,YGR020C,1,-5.613705,0.07709750533103943,0.47600001096725464,0.5698000192642212
YOL072W,YHL038C,0,-5.6139607,0.07708501815795898,0.47600001096725464,0.5698999762535095
YLL027W,YPL076W,0,-5.6141043,0.07707253843545914,0.47600001096725464,0.5699999928474426
YPR009W,YJL060W,0,-5.6142225,0.07706005871295929,0.47600001096725464,0.5701000094413757
YPR001W,YEL062W,0,-5.614252,0.07704758644104004,0.47600001096725464,0.5702000260353088
YKR060W,YJR060W,0,-5.614264,0.07703512161970139,0.47600001096725464,0.5702999830245972
YLR266C,YBL082C,0,-5.614602,0.07702265679836273,0.47600001096725464,0.5703999996185303
YMR224C,YLR382C,0,-5.614662,0.07701019197702408,0.47600001096725464,0.5705000162124634
YFR014C,YIL037C,0,-5.614731,0.07699773460626602,0.47600001096725464,0.5705999732017517
YNL261W,YBL016W,0,-5.614935,0.07698528468608856,0.47600001096725464,0.5706999897956848
YLR150W,YKL058W,0,-5.615057,0.0769728347659111,0.47600001096725464,0.5708000063896179
YGL104C,YBL051C,0,-5.615176,0.07696038484573364,0.47600001096725464,0.570900022983551
YLR052W,YMR073C,0,-5.6153708,0.07694794982671738,0.47600001096725464,0.5709999799728394
YDR487C,YOR084W,0,-5.6154914,0.07693550735712051,0.47600001096725464,0.5710999965667725
YDR495C,YEL013W,1,-5.6157675,0.07708468288183212,0.47699999809265137,0.5710999965667725
YOR043W,YKL038W,0,-5.6157846,0.07707222551107407,0.47699999809265137,0.5712000131607056
YDL077C,YEL013W,1,-5.6160164,0.0772213265299797,0.4779999852180481,0.5712000131607056
YNL248C,YBR002C,0,-5.6161227,0.07720885425806046,0.4779999852180481,0.5713000297546387
YLR453C,YKL214C,0,-5.616127,0.0771963819861412,0.4779999852180481,0.571399986743927
YGR221C,YDR201W,0,-5.6161885,0.07718391716480255,0.4779999852180481,0.5715000033378601
YJL026W,YDR081C,0,-5.6162415,0.0771714597940445,0.4779999852180481,0.5716000199317932
YDL036C,YGR206W,0,-5.616337,0.07715900242328644,0.4779999852180481,0.5716999769210815
YKL041W,YIL160C,0,-5.6164904,0.07714654505252838,0.4779999852180481,0.5717999935150146
YDR147W,YOR046C,0,-5.616602,0.07713409513235092,0.4779999852180481,0.5719000101089478
YDR386W,YGR211W,0,-5.616645,0.07712165266275406,0.4779999852180481,0.5720000267028809
YOL109W,YHL002W,0,-5.6168966,0.0771092101931572,0.4779999852180481,0.5720999836921692
YLR117C,YOL031C,0,-5.617004,0.07709677517414093,0.4779999852180481,0.5722000002861023
YJR077C,YGR140W,0,-5.6171823,0.07708434015512466,0.4779999852180481,0.5723000168800354
YCR061W,YDL095W,0,-5.6172023,0.077071912586689,0.4779999852180481,0.5723999738693237
YMR164C,YNL314W,0,-5.6173067,0.07705948501825333,0.4779999852180481,0.5724999904632568
YBL045C,YJL129C,0,-5.6173196,0.07704706490039825,0.4779999852180481,0.5726000070571899
YGL003C,YDL166C,0,-5.617336,0.07703465223312378,0.4779999852180481,0.572700023651123
YBR123C,YPL065W,0,-5.617789,0.0770222395658493,0.4779999852180481,0.5727999806404114
YDR359C,YOR363C,0,-5.618052,0.07700982689857483,0.4779999852180481,0.5728999972343445
YKL122C,YML060W,0,-5.618182,0.07699742168188095,0.4779999852180481,0.5730000138282776
YHL036W,YGL120C,0,-5.6182594,0.07698502391576767,0.4779999852180481,0.5730999708175659
YGL062W,YJL156C,0,-5.6188917,0.07697262614965439,0.4779999852180481,0.573199987411499
YBR010W,YGR004W,0,-5.619297,0.07696022838354111,0.4779999852180481,0.5733000040054321
YOR326W,YHR060W,1,-5.6193666,0.07710882276296616,0.4790000021457672,0.5733000040054321
YDL217C,YGR206W,0,-5.6193676,0.07709641009569168,0.4790000021457672,0.5734000205993652
YJL138C,YMR095C,0,-5.6194115,0.0770840048789978,0.4790000021457672,0.5734999775886536
YDR201W,YER089C,0,-5.6194477,0.07707159966230392,0.4790000021457672,0.5735999941825867
YKR035W-A,YML059C,0,-5.619481,0.07705920189619064,0.4790000021457672,0.5737000107765198
YDR021W,YCR067C,0,-5.619629,0.07704680413007736,0.4790000021457672,0.5738000273704529
YKR027W,YIL155C,0,-5.6198606,0.07703441381454468,0.4790000021457672,0.5738999843597412
YOR274W,YMR139W,0,-5.619877,0.07702203094959259,0.4790000021457672,0.5740000009536743
YBR114W,YNL275W,0,-5.6200895,0.0770096480846405,0.4790000021457672,0.5741000175476074
YJL179W,YER049W,0,-5.620199,0.07699726521968842,0.4790000021457672,0.5741999745368958
YDR353W,YDR345C,0,-5.6203785,0.07698488980531693,0.4790000021457672,0.5742999911308289
YLR447C,YFL004W,1,-5.620386,0.07713321596384048,0.47999998927116394,0.5742999911308289
YNL167C,YNL239W,0,-5.620654,0.0771208256483078,0.47999998927116394,0.574400007724762
YIL159W,YLR166C,0,-5.620832,0.07710843533277512,0.47999998927116394,0.5745000243186951
YIL143C,YBR168W,0,-5.620838,0.07709605246782303,0.47999998927116394,0.5745999813079834
YPL234C,YHR060W,1,-5.621025,0.07724425941705704,0.48100000619888306,0.5745999813079834
YNL091W,YKR048C,0,-5.621362,0.07723185420036316,0.48100000619888306,0.5746999979019165
YNL332W,YJL050W,0,-5.621393,0.07721945643424988,0.48100000619888306,0.5748000144958496
YOL127W,YBR030W,0,-5.6215215,0.0772070661187172,0.48100000619888306,0.5748999714851379
YLR274W,YJR073C,0,-5.6216693,0.07719466835260391,0.48100000619888306,0.574999988079071
YMR207C,YOL031C,0,-5.6222057,0.07718228548765182,0.48100000619888306,0.5751000046730042
YPL268W,YDL185W,1,-5.62237,0.0773303359746933,0.4819999933242798,0.5751000046730042
YEL018W,YKR048C,0,-5.6223774,0.07731793075799942,0.4819999933242798,0.5752000212669373
YMR288W,YAL034W-A,0,-5.6229267,0.07730553299188614,0.4819999933242798,0.5752999782562256
YDL198C,YOR084W,0,-5.6230936,0.07729313522577286,0.4819999933242798,0.5753999948501587
YLR010C,YIL126W,0,-5.6233435,0.07728074491024017,0.4819999933242798,0.5755000114440918
YLR066W,YBR123C,0,-5.6234045,0.07726835459470749,0.4819999933242798,0.5756000280380249
YMR097C,YGR044C,0,-5.623536,0.0772559717297554,0.4819999933242798,0.5756999850273132
YOR156C,YDR318W,0,-5.623748,0.07724358886480331,0.4819999933242798,0.5758000016212463
YKR046C,YCR020C-A,0,-5.6239605,0.07723121345043182,0.4819999933242798,0.5759000182151794
YHR194W,YOL060C,0,-5.624295,0.07721883803606033,0.4819999933242798,0.5759999752044678
YDR308C,YNR056C,0,-5.6243267,0.07720647007226944,0.4819999933242798,0.5760999917984009
YDR346C,YDR299W,0,-5.6245728,0.07719410955905914,0.4819999933242798,0.576200008392334
YNL210W,YLR191W,0,-5.624659,0.07718174904584885,0.4819999933242798,0.5763000249862671
YNL009W,YOL051W,0,-5.6250124,0.07716938853263855,0.4819999933242798,0.5763999819755554
YLR417W,YOR216C,0,-5.62504,0.07715703547000885,0.4819999933242798,0.5764999985694885
YIR023W,YPL032C,0,-5.625079,0.07714468985795975,0.4819999933242798,0.5766000151634216
YMR164C,YOR194C,0,-5.625095,0.07713234424591064,0.4819999933242798,0.57669997215271
YCL004W,YHR070W,0,-5.6251764,0.07711999863386154,0.4819999933242798,0.5767999887466431
YLR197W,YCR071C,0,-5.625266,0.07710766047239304,0.4819999933242798,0.5769000053405762
YML115C,YGR171C,0,-5.6253242,0.07709532976150513,0.4819999933242798,0.5770000219345093
YJL104W,YLR214W,0,-5.625966,0.07708299905061722,0.4819999933242798,0.5770999789237976
YLR066W,YPL138C,0,-5.626252,0.0770706757903099,0.4819999933242798,0.5771999955177307
YGL208W,YBR010W,0,-5.6264124,0.0770583525300026,0.4819999933242798,0.5773000121116638
YJL085W,YHR042W,0,-5.6266103,0.07704603672027588,0.4819999933242798,0.5774000287055969
YDR140W,YGR135W,0,-5.6266694,0.07703372091054916,0.4819999933242798,0.5774999856948853
YFL050C,YGL078C,0,-5.6267204,0.07702141255140305,0.4819999933242798,0.5776000022888184
YKL055C,YDR245W,0,-5.6267514,0.07700910419225693,0.4819999933242798,0.5777000188827515
YNL186W,YPL174C,0,-5.6269217,0.0769968032836914,0.4819999933242798,0.5777999758720398
YGL058W,YCL066W,0,-5.62697,0.07698450982570648,0.4819999933242798,0.5778999924659729
YGL167C,YOR195W,0,-5.627454,0.07697221636772156,0.4819999933242798,0.578000009059906
YOL091W,YGL172W,0,-5.6274633,0.07695992290973663,0.4819999933242798,0.5781000256538391
YLR096W,YJR059W,0,-5.6276054,0.0769476369023323,0.4819999933242798,0.5781999826431274
YLR429W,YGR281W,0,-5.6276617,0.07693535834550858,0.4819999933242798,0.5782999992370605
YBL022C,YMR146C,0,-5.62768,0.07692307978868484,0.4819999933242798,0.5784000158309937
YNL103W,YOR046C,0,-5.627857,0.07691080123186111,0.4819999933242798,0.578499972820282
YGL124C,YML014W,0,-5.628195,0.07689853012561798,0.4819999933242798,0.5785999894142151
YLR433C,YJL061W,0,-5.628417,0.07688626646995544,0.4819999933242798,0.5787000060081482
YMR231W,YEL051W,1,-5.6284394,0.07703348994255066,0.4830000102519989,0.5787000060081482
YPL212C,YLR298C,0,-5.6285644,0.07702121138572693,0.4830000102519989,0.5788000226020813
YHL038C,YMR091C,0,-5.628852,0.0770089253783226,0.4830000102519989,0.5788999795913696
YPL233W,YDR164C,0,-5.628967,0.07699665427207947,0.4830000102519989,0.5789999961853027
YEL015W,YBR105C,0,-5.629039,0.07698438316583633,0.4830000102519989,0.5791000127792358
YLR207W,YLR130C,0,-5.629507,0.0769721120595932,0.4830000102519989,0.579200029373169
YHR026W,YHR060W,1,-5.629594,0.07711918652057648,0.48399999737739563,0.579200029373169
YOR008C,YGL013C,0,-5.629715,0.07710690051317215,0.48399999737739563,0.5792999863624573
YER031C,YBL011W,0,-5.6297607,0.07709461450576782,0.48399999737739563,0.5794000029563904
YER143W,YKL012W,0,-5.629847,0.07708233594894409,0.48399999737739563,0.5795000195503235
YNL053W,YDL015C,0,-5.629946,0.07707006484270096,0.48399999737739563,0.5795999765396118
YKL085W,YOR132W,0,-5.630047,0.07705779373645782,0.48399999737739563,0.5796999931335449
YPL206C,YDR296W,0,-5.6300673,0.07704553008079529,0.48399999737739563,0.579800009727478
YNL297C,YNL333W,0,-5.6302385,0.07703326642513275,0.48399999737739563,0.5799000263214111
YER161C,YOL071W,0,-5.630627,0.07702100276947021,0.48399999737739563,0.5799999833106995
YJR004C,YBR061C,0,-5.6306605,0.07700875401496887,0.48399999737739563,0.5800999999046326
YGR120C,YDR052C,0,-5.630781,0.07699649780988693,0.48399999737739563,0.5802000164985657
YDR075W,YGR118W,0,-5.6310797,0.07698425650596619,0.48399999737739563,0.580299973487854
YGL167C,YPL097W,0,-5.6313663,0.07697200775146484,0.48399999737739563,0.5803999900817871
YHR023W,YGL062W,0,-5.6314554,0.0769597738981247,0.48399999737739563,0.5805000066757202
YOL004W,YKL179C,0,-5.6320105,0.07694753259420395,0.48399999737739563,0.5806000232696533
YGL122C,YCL032W,0,-5.6320586,0.0769353061914444,0.48399999737739563,0.5806999802589417
YFR051C,YIL124W,0,-5.6320934,0.07692307978868484,0.48399999737739563,0.5807999968528748
YDL088C,YAL058W,0,-5.6324654,0.07691085338592529,0.48399999737739563,0.5809000134468079
YHL038C,YIL013C,0,-5.632488,0.07689863443374634,0.48399999737739563,0.5809999704360962
YOL051W,YLR165C,0,-5.632529,0.07688641548156738,0.48399999737739563,0.5810999870300293
YNL297C,YOR089C,0,-5.633009,0.07687420397996902,0.48399999737739563,0.5812000036239624
YJL209W,YLR390W-A,0,-5.6331697,0.07686199992895126,0.48399999737739563,0.5813000202178955
YDR459C,YDR030C,0,-5.633242,0.0768497958779335,0.48399999737739563,0.5813999772071838
YOR079C,YPR120C,0,-5.633374,0.07683759182691574,0.48399999737739563,0.5814999938011169
YJL209W,YEL037C,0,-5.63341,0.07682539522647858,0.48399999737739563,0.58160001039505
YDL128W,YLR231C,0,-5.6334867,0.07681320607662201,0.48399999737739563,0.5817000269889832
YLR032W,YHR200W,0,-5.6336803,0.07680101692676544,0.48399999737739563,0.5817999839782715
YGL045W,YAL034W-A,0,-5.6338677,0.07678882777690887,0.48399999737739563,0.5819000005722046
YKL154W,YDR277C,0,-5.634444,0.0767766460776329,0.48399999737739563,0.5820000171661377
YOR150W,YJL204C,0,-5.6345096,0.07676447182893753,0.48399999737739563,0.582099974155426
YNL071W,YPR055W,0,-5.6345806,0.07675229758024216,0.48399999737739563,0.5821999907493591
YOL156W,YDL126C,0,-5.63466,0.07674013078212738,0.48399999737739563,0.5823000073432922
YLR328W,YIR006C,0,-5.634685,0.0767279639840126,0.48399999737739563,0.5824000239372253
YML099C,YGL013C,0,-5.6351895,0.07671580463647842,0.48399999737739563,0.5824999809265137
YPR164W,YDR503C,0,-5.635502,0.07670364528894424,0.48399999737739563,0.5825999975204468
YMR216C,YIL040W,0,-5.6359024,0.07669149339199066,0.48399999737739563,0.5827000141143799
YKL140W,YDL155W,0,-5.635964,0.07667934149503708,0.48399999737739563,0.5827999711036682
YLR382C,YLR292C,0,-5.635996,0.07666719704866409,0.48399999737739563,0.5828999876976013
YJR049C,YJR144W,0,-5.6360445,0.07665505260229111,0.48399999737739563,0.5830000042915344
YBR135W,YOR151C,0,-5.6361427,0.07664291560649872,0.48399999737739563,0.5831000208854675
YPR054W,YPL051W,0,-5.636245,0.07663077861070633,0.48399999737739563,0.5831999778747559
YLR386W,YLR148W,1,-5.6364546,0.07677695155143738,0.48500001430511475,0.5831999778747559
YLR208W,YIL119C,0,-5.636824,0.0767647996544838,0.48500001430511475,0.583299994468689
YOL097C,YBR083W,0,-5.637186,0.07675264775753021,0.48500001430511475,0.5834000110626221
YBR068C,YBR196C,0,-5.6372766,0.07674050331115723,0.48500001430511475,0.5835000276565552
YCL038C,YBR196C,0,-5.63743,0.07672836631536484,0.48500001430511475,0.5835999846458435
YOL013C,YDR517W,0,-5.637626,0.07671622931957245,0.48500001430511475,0.5837000012397766
YPL206C,YIL072W,0,-5.6380234,0.07670409977436066,0.48500001430511475,0.5838000178337097
YLR172C,YPL147W,0,-5.6383104,0.07669197022914886,0.48500001430511475,0.583899974822998
YMR128W,YDR140W,0,-5.638351,0.07667984068393707,0.48500001430511475,0.5839999914169312
YLR277C,YJL106W,0,-5.638487,0.07666771858930588,0.48500001430511475,0.5841000080108643
YHR154W,YGR267C,0,-5.638563,0.07665560394525528,0.48500001430511475,0.5842000246047974
YLR130C,YFL025C,0,-5.6390276,0.07664348930120468,0.48500001430511475,0.5842999815940857
YBR123C,YDR489W,0,-5.639166,0.07663138210773468,0.48500001430511475,0.5843999981880188
YGL236C,YOL147C,0,-5.6393166,0.07661927491426468,0.48500001430511475,0.5845000147819519
YPR046W,YGL043W,0,-5.639369,0.07660716772079468,0.48500001430511475,0.5845999717712402
YEL022W,YOR149C,0,-5.6397734,0.07659507542848587,0.48500001430511475,0.5846999883651733
YGR177C,YLR288C,0,-5.639931,0.07658297568559647,0.48500001430511475,0.5848000049591064
YJL059W,YCR026C,0,-5.6400576,0.07657089084386826,0.48500001430511475,0.5849000215530396
YKL170W,YER012W,0,-5.640094,0.07655879855155945,0.48500001430511475,0.5849999785423279
YBR296C,YOR363C,0,-5.6407485,0.07654671370983124,0.48500001430511475,0.585099995136261
YLR353W,YCR057C,0,-5.6408815,0.07653463631868362,0.48500001430511475,0.5852000117301941
YNL268W,YNL007C,0,-5.641302,0.07652255892753601,0.48500001430511475,0.5853000283241272
YKL045W,YER027C,0,-5.6423035,0.076510488986969,0.48500001430511475,0.5853999853134155
YIL042C,YLL015W,0,-5.6423187,0.07649841904640198,0.48500001430511475,0.5855000019073486
YKL073W,YHR204W,0,-5.6423435,0.07648635655641556,0.48500001430511475,0.5856000185012817
YHR070W,YDL220C,0,-5.642411,0.07647430151700974,0.48500001430511475,0.5856999754905701
YHR031C,YNL221C,0,-5.6427727,0.07646223902702332,0.48500001430511475,0.5857999920845032
YKL201C,YPR037C,0,-5.642887,0.07645019143819809,0.48500001430511475,0.5859000086784363
YNL015W,YBR127C,1,-5.6435337,0.0765957459807396,0.4860000014305115,0.5859000086784363
YHL011C,YPL195W,0,-5.643802,0.07658367604017258,0.4860000014305115,0.5860000252723694
YOR089C,YGL014W,0,-5.6439533,0.07657160609960556,0.4860000014305115,0.5860999822616577
YPR178W,YOR127W,0,-5.6443853,0.07655954360961914,0.4860000014305115,0.5861999988555908
YFL038C,YPR134W,0,-5.6446314,0.07654748857021332,0.4860000014305115,0.5863000154495239
YPL242C,YOR045W,0,-5.644911,0.0765354335308075,0.4860000014305115,0.5863999724388123
YOL051W,YNL135C,0,-5.6455183,0.07652337849140167,0.4860000014305115,0.5864999890327454
YJR143C,YNR023W,0,-5.6455774,0.07651133835315704,0.4860000014305115,0.5866000056266785
YNL169C,YNR017W,0,-5.6458507,0.07649929076433182,0.4860000014305115,0.5867000222206116
YMR314W,YOR127W,0,-5.6458693,0.07648725062608719,0.4860000014305115,0.5867999792098999
YNL283C,YKL149C,0,-5.645915,0.07647521793842316,0.4860000014305115,0.586899995803833
YEL012W,YLR139C,0,-5.6459527,0.07646318525075912,0.4860000014305115,0.5870000123977661
YGR248W,YOR213C,0,-5.6462183,0.07645115256309509,0.4860000014305115,0.5871000289916992
YDR080W,YBR127C,1,-5.646262,0.07659641653299332,0.4869999885559082,0.5871000289916992
YKR034W,YNL123W,0,-5.6470585,0.07658436894416809,0.4869999885559082,0.5871999859809875
YGR280C,YER117W,0,-5.6471844,0.07657232880592346,0.4869999885559082,0.5873000025749207
YDL185W,YGL095C,1,-5.647417,0.07671749591827393,0.4880000054836273,0.5873000025749207
YIL115C,YLR182W,0,-5.647477,0.0767054408788681,0.4880000054836273,0.5874000191688538
YLR396C,YDR328C,1,-5.6481066,0.0768505409359932,0.48899999260902405,0.5874000191688538
YIL140W,YBR290W,0,-5.648194,0.07683846354484558,0.48899999260902405,0.5874999761581421
YJL219W,YIL053W,0,-5.648221,0.07682639360427856,0.48899999260902405,0.5875999927520752
YGL240W,YCR008W,0,-5.648613,0.07681432366371155,0.48899999260902405,0.5877000093460083
YKL042W,YDR110W,0,-5.6486416,0.07680226117372513,0.48899999260902405,0.5878000259399414
YGR195W,YML052W,0,-5.649094,0.07679019868373871,0.48899999260902405,0.5878999829292297
YDR512C,YDR016C,0,-5.6491847,0.07677814364433289,0.48899999260902405,0.5879999995231628
YOR143C,YGR057C,0,-5.64983,0.07676608860492706,0.48899999260902405,0.588100016117096
YBL024W,YNL082W,0,-5.650152,0.07675404101610184,0.48899999260902405,0.5881999731063843
YGL168W,YNL329C,0,-5.650183,0.07674199342727661,0.48899999260902405,0.5882999897003174
YPL234C,YBL050W,1,-5.650205,0.0768868699669838,0.49000000953674316,0.5882999897003174
YFL004W,YGL095C,1,-5.6504006,0.0770316943526268,0.4909999966621399,0.5882999897003174
YDR280W,YIL049W,0,-5.650926,0.07701960951089859,0.4909999966621399,0.5884000062942505
YDR080W,YHR174W,1,-5.6510496,0.07716436684131622,0.492000013589859,0.5884000062942505
YGL055W,YJL048C,0,-5.6518736,0.07715226709842682,0.492000013589859,0.5885000228881836
YGL136C,YLR363C,0,-5.6519513,0.07714016735553741,0.492000013589859,0.5885999798774719
YPR073C,YLL042C,0,-5.652091,0.07712807506322861,0.492000013589859,0.588699996471405
YCR089W,YDR337W,0,-5.6521654,0.0771159902215004,0.492000013589859,0.5888000130653381
YJL143W,YLR242C,0,-5.65236,0.07710390537977219,0.492000013589859,0.5889000296592712
YIL120W,YIL095W,0,-5.652709,0.07709182053804398,0.492000013589859,0.5889999866485596
YPL177C,YHR056C,0,-5.6527677,0.07707974314689636,0.492000013589859,0.5891000032424927
YBR098W,YKR072C,0,-5.65285,0.07706766575574875,0.492000013589859,0.5892000198364258
YOL061W,YOR279C,0,-5.65309,0.07705559581518173,0.492000013589859,0.5892999768257141
YDR384C,YGR220C,0,-5.6539817,0.07704353332519531,0.492000013589859,0.5893999934196472
YBR015C,YKR001C,0,-5.654005,0.07703147083520889,0.492000013589859,0.5895000100135803
YOR281C,YJL167W,0,-5.6541157,0.07701940834522247,0.492000013589859,0.5896000266075134
YJL012C,YBR127C,1,-5.6541467,0.07716387510299683,0.49300000071525574,0.5896000266075134
YMR054W,YLR240W,1,-5.654203,0.0773082971572876,0.49399998784065247,0.5896000266075134
YLR423C,YMR208W,0,-5.65452,0.0772961974143982,0.49399998784065247,0.5896999835968018
YDR202C,YMR231W,1,-5.6545596,0.07744055241346359,0.4950000047683716,0.5896999835968018
YPL045W,YHR174W,1,-5.654742,0.07758485525846481,0.4959999918937683,0.5896999835968018
YLR275W,YLR115W,0,-5.654787,0.07757272571325302,0.4959999918937683,0.5898000001907349
YAR015W,YOR004W,0,-5.655121,0.07756059616804123,0.4959999918937683,0.589900016784668
YCR035C,YHL019C,0,-5.6554966,0.07754846662282944,0.4959999918937683,0.5899999737739563
YPL115C,YOR153W,0,-5.6554995,0.07753634452819824,0.4959999918937683,0.5900999903678894
YJR086W,YBL069W,0,-5.6556787,0.07752422988414764,0.4959999918937683,0.5902000069618225
YBR205W,YKL201C,0,-5.6557026,0.07751210778951645,0.4959999918937683,0.5903000235557556
YMR106C,YGL004C,0,-5.6557674,0.07750000059604645,0.4959999918937683,0.590399980545044
YHR026W,YPL045W,1,-5.655843,0.07764411717653275,0.4970000088214874,0.590399980545044
YAL003W,YBR060C,0,-5.655848,0.07763198763132095,0.4970000088214874,0.590499997138977
YBL090W,YNL001W,0,-5.65602,0.07761986553668976,0.4970000088214874,0.5906000137329102
YHL036W,YKR008W,0,-5.656785,0.07760774344205856,0.4970000088214874,0.5906999707221985
YCR028C,YEL018W,0,-5.656911,0.07759562879800797,0.4970000088214874,0.5907999873161316
YFR014C,YGL229C,0,-5.657216,0.07758351415395737,0.4970000088214874,0.5909000039100647
YIL122W,YDR101C,0,-5.657221,0.07757140696048737,0.4970000088214874,0.5910000205039978
YGL047W,YPR073C,0,-5.6572533,0.07755929976701736,0.4970000088214874,0.5910999774932861
YBR221C,YPL271W,0,-5.657378,0.07754720002412796,0.4970000088214874,0.5911999940872192
YKL045W,YLL003W,0,-5.6574163,0.07753510028123856,0.4970000088214874,0.5913000106811523
YNL041C,YNR060W,0,-5.6575136,0.07752300798892975,0.4970000088214874,0.5914000272750854
YNR006W,YKL182W,0,-5.657754,0.07751091569662094,0.4970000088214874,0.5914999842643738
YPL138C,YEL037C,0,-5.6579804,0.07749883085489273,0.4970000088214874,0.5916000008583069
YDR329C,YLR268W,0,-5.657982,0.07748674601316452,0.4970000088214874,0.59170001745224
YER126C,YCR002C,0,-5.657998,0.0774746686220169,0.4970000088214874,0.5917999744415283
YDR194C,YPR031W,0,-5.658048,0.0774625912308693,0.4970000088214874,0.5918999910354614
YKL051W,YHR060W,1,-5.65891,0.07760635763406754,0.49799999594688416,0.5918999910354614
YOL111C,YBL052C,0,-5.6592236,0.07759426534175873,0.49799999594688416,0.5920000076293945
YKL119C,YJL012C,1,-5.659273,0.0777379646897316,0.49900001287460327,0.5920000076293945
YMR088C,YMR292W,0,-5.6593313,0.0777258574962616,0.49900001287460327,0.5921000242233276
YBR109C,YCL063W,1,-5.6595783,0.0778694897890091,0.5,0.5921000242233276
YOL042W,YKL006C-A,0,-5.659707,0.0778573676943779,0.5,0.592199981212616
YJR025C,YPL266W,0,-5.6600733,0.0778452455997467,0.5,0.5922999978065491
YDR484W,YPL244C,0,-5.660098,0.07783312350511551,0.5,0.5924000144004822
YLR396C,YPR036W,1,-5.66017,0.07797665148973465,0.5009999871253967,0.5924000144004822
YJR135C,YMR213W,0,-5.6603603,0.07796452194452286,0.5009999871253967,0.5924999713897705
YDR356W,YBR082C,0,-5.6604996,0.07795238494873047,0.5009999871253967,0.5925999879837036
YIL167W,YPL214C,0,-5.66052,0.07794026285409927,0.5009999871253967,0.5927000045776367
YPL100W,YLR176C,0,-5.6605515,0.07792814075946808,0.5009999871253967,0.5928000211715698
YDR495C,YLR386W,1,-5.661167,0.07807154208421707,0.5019999742507935,0.5928000211715698
YOR212W,YHR129C,0,-5.66118,0.07805939763784409,0.5019999742507935,0.5928999781608582
YIR015W,YBR211C,0,-5.661275,0.0780472606420517,0.5019999742507935,0.5929999947547913
YDR172W,YLR399C,0,-5.661298,0.0780351310968399,0.5019999742507935,0.5931000113487244
YDL035C,YGR180C,0,-5.661311,0.07802300155162811,0.5019999742507935,0.5932000279426575
YOR151C,YBR084W,0,-5.661335,0.07801087945699692,0.5019999742507935,0.5932999849319458
YKL196C,YPL209C,0,-5.6614676,0.07799875736236572,0.5019999742507935,0.5934000015258789
YGR163W,YDR108W,0,-5.6617327,0.07798664271831512,0.5019999742507935,0.593500018119812
YPL256C,YIL120W,0,-5.662112,0.07797452807426453,0.5019999742507935,0.5935999751091003
YIL008W,YKL001C,0,-5.662752,0.07796241343021393,0.5019999742507935,0.5936999917030334
YPL212C,YOR329C,0,-5.663014,0.07795031368732452,0.5019999742507935,0.5938000082969666
YML025C,YGL028C,0,-5.6630926,0.07793820649385452,0.5019999742507935,0.5939000248908997
YJL011C,YJL186W,0,-5.6632433,0.07792610675096512,0.5019999742507935,0.593999981880188
YNL025C,YMR088C,0,-5.66327,0.07791401445865631,0.5019999742507935,0.5940999984741211
YBL063W,YGL232W,0,-5.663556,0.0779019221663475,0.5019999742507935,0.5942000150680542
YAL032C,YDL235C,0,-5.6637745,0.0778898373246193,0.5019999742507935,0.5942999720573425
YDR236C,YJR025C,0,-5.6639094,0.07787775248289108,0.5019999742507935,0.5943999886512756
YJR060W,YMR216C,0,-5.6643586,0.07786567509174347,0.5019999742507935,0.5945000052452087
YDR091C,YBL080C,0,-5.664393,0.07785359770059586,0.5019999742507935,0.5946000218391418
YPL176C,YLR131C,0,-5.6646686,0.07784152776002884,0.5019999742507935,0.5946999788284302
YPL131W,YMR088C,0,-5.664689,0.07782945781946182,0.5019999742507935,0.5947999954223633
YLR056W,YNL251C,0,-5.6650877,0.0778173953294754,0.5019999742507935,0.5949000120162964
YNL012W,YPL258C,0,-5.6652184,0.07780533283948898,0.5019999742507935,0.5950000286102295
YLR399C,YLR005W,0,-5.6654735,0.07779327780008316,0.5019999742507935,0.5950999855995178
YKL205W,YAL033W,0,-5.6656494,0.07778122276067734,0.5019999742507935,0.5952000021934509
YLR386W,YMR231W,1,-5.665779,0.07792408764362335,0.503000020980835,0.5952000021934509
YGR086C,YLR424W,0,-5.666257,0.07791201770305634,0.503000020980835,0.595300018787384
YOR307C,YOL020W,0,-5.6662607,0.07789995521306992,0.503000020980835,0.5953999757766724
YGL068W,YBR168W,0,-5.666287,0.0778878927230835,0.503000020980835,0.5954999923706055
YNR057C,YCL016C,0,-5.66678,0.07787583023309708,0.503000020980835,0.5956000089645386
YDL147W,YLR353W,0,-5.6668987,0.07786377519369125,0.503000020980835,0.5957000255584717
YPL122C,YOR346W,0,-5.6669674,0.07785172760486603,0.503000020980835,0.59579998254776
YOR049C,YMR184W,0,-5.6670485,0.0778396800160408,0.503000020980835,0.5958999991416931
YML052W,YHR083W,0,-5.6674643,0.07782763242721558,0.503000020980835,0.5960000157356262
YOL111C,YJR019C,0,-5.6675014,0.07781559228897095,0.503000020980835,0.5960999727249146
YJL074C,YLR328W,0,-5.667672,0.07780355960130692,0.503000020980835,0.5961999893188477
YDR060W,YPL193W,0,-5.66778,0.07779152691364288,0.503000020980835,0.5963000059127808
YNL311C,YPL096W,0,-5.667967,0.07777949422597885,0.503000020980835,0.5964000225067139
YOR327C,YOL078W,0,-5.6682405,0.07776746898889542,0.503000020980835,0.5964999794960022
YPL042C,YML043C,0,-5.6682706,0.07775545120239258,0.503000020980835,0.5965999960899353
YOR045W,YDL019C,0,-5.6683617,0.07774343341588974,0.503000020980835,0.5967000126838684
YGL099W,YPL128C,0,-5.6684957,0.0777314156293869,0.503000020980835,0.5968000292778015
YLL026W,YDR311W,0,-5.668561,0.07771940529346466,0.503000020980835,0.5968999862670898
YBR155W,YML127W,0,-5.6686196,0.07770740240812302,0.503000020980835,0.597000002861023
YBR237W,YNL133C,0,-5.669084,0.07769539952278137,0.503000020980835,0.597100019454956
YGL070C,YNL007C,0,-5.669249,0.07768339663743973,0.503000020980835,0.5971999764442444
YLR163C,YDL181W,0,-5.6695967,0.07767140120267868,0.503000020980835,0.5972999930381775
YLR423C,YBR020W,0,-5.669636,0.07765941321849823,0.503000020980835,0.5974000096321106
YOR371C,YLR450W,0,-5.6697283,0.07764742523431778,0.503000020980835,0.5975000262260437
YDR507C,YDL029W,0,-5.6703043,0.07763543725013733,0.503000020980835,0.597599983215332
YNL094W,YJL100W,0,-5.6703196,0.07762345671653748,0.503000020980835,0.5976999998092651
YGL051W,YFL031W,0,-5.670465,0.07761147618293762,0.503000020980835,0.5978000164031982
YGR254W,YMR231W,1,-5.670898,0.07775378227233887,0.5040000081062317,0.5978000164031982
YPL058C,YNL312W,0,-5.670947,0.07774178683757782,0.5040000081062317,0.5978999733924866
YHL038C,YLL050C,0,-5.67104,0.07772979885339737,0.5040000081062317,0.5979999899864197
YCL025C,YNL282W,0,-5.6712475,0.07771781086921692,0.5040000081062317,0.5981000065803528
YHR050W,YDR062W,0,-5.671646,0.07770583033561707,0.5040000081062317,0.5982000231742859
YPL161C,YEL061C,0,-5.6716814,0.07769384980201721,0.5040000081062317,0.5982999801635742
YGR213C,YOR180C,0,-5.672038,0.07768187671899796,0.5040000081062317,0.5983999967575073
YDR479C,YKL173W,0,-5.672043,0.0776699036359787,0.5040000081062317,0.5985000133514404
YDR385W,YOR330C,0,-5.6722317,0.07765793800354004,0.5040000081062317,0.5985999703407288
YML016C,YOL027C,0,-5.672242,0.07764597237110138,0.5040000081062317,0.5986999869346619
YBR253W,YKL079W,0,-5.6727047,0.07763401418924332,0.5040000081062317,0.598800003528595
YGL095C,YDR328C,1,-5.672756,0.07777606695890427,0.5049999952316284,0.598800003528595
YHL048W,YKR046C,0,-5.6732492,0.07776408642530441,0.5049999952316284,0.5989000201225281
YDR168W,YOL129W,0,-5.6734533,0.07775211334228516,0.5049999952316284,0.5989999771118164
YNL326C,YOR068C,1,-5.6740656,0.07789409160614014,0.5059999823570251,0.5989999771118164
YDR212W,YDR138W,0,-5.674433,0.07788209617137909,0.5059999823570251,0.5990999937057495
YJL179W,YJL048C,0,-5.674497,0.07787011563777924,0.5059999823570251,0.5992000102996826
YPL234C,YPR036W,1,-5.674736,0.07801200449466705,0.5070000290870667,0.5992000102996826
YDR529C,YJR153W,0,-5.6750994,0.07800000160932541,0.5070000290870667,0.5993000268936157
YDR481C,YPL065W,0,-5.675125,0.07798799872398376,0.5070000290870667,0.599399983882904
YHR158C,YPR111W,0,-5.6753635,0.07797601073980331,0.5070000290870667,0.5995000004768372
YPL049C,YPL164C,0,-5.675373,0.07796401530504227,0.5070000290870667,0.5996000170707703
YGR095C,YLR210W,0,-5.67568,0.07795202732086182,0.5070000290870667,0.5996999740600586
YGL055W,YGL150C,0,-5.6756907,0.07794004678726196,0.5070000290870667,0.5997999906539917
YLL002W,YGR178C,0,-5.6757693,0.07792806625366211,0.5070000290870667,0.5999000072479248
YDL015C,YLR115W,0,-5.6759977,0.07791609317064285,0.5070000290870667,0.6000000238418579
YDR487C,YMR218C,0,-5.6762743,0.0779041200876236,0.5070000290870667,0.6000999808311462
YGL187C,YOR063W,0,-5.676293,0.07789214700460434,0.5070000290870667,0.6001999974250793
YGR103W,YKL004W,0,-5.6768227,0.07788018137216568,0.5070000290870667,0.6003000140190125
YPL046C,YPL101W,0,-5.677264,0.07786822319030762,0.5070000290870667,0.6003999710083008
YIL056W,YLL011W,0,-5.677639,0.07785626500844955,0.5070000290870667,0.6004999876022339
YDR362C,YDR529C,0,-5.6778927,0.07784431427717209,0.5070000290870667,0.600600004196167
YFR019W,YPL045W,1,-5.677969,0.07798587530851364,0.5080000162124634,0.600600004196167
YNL030W,YDR389W,0,-5.678764,0.07797390967607498,0.5080000162124634,0.6007000207901001
YFR033C,YNL283C,0,-5.6788263,0.07796193659305573,0.5080000162124634,0.6007999777793884
YLR403W,YMR053C,0,-5.679656,0.07794997841119766,0.5080000162124634,0.6008999943733215
YJL031C,YOL040C,0,-5.680667,0.0779380202293396,0.5080000162124634,0.6010000109672546
YOR150W,YOR315W,0,-5.6808906,0.07792606204748154,0.5080000162124634,0.6011000275611877
YML027W,YGL044C,0,-5.68096,0.07791411131620407,0.5080000162124634,0.6011999845504761
YKL101W,YOR226C,0,-5.6811113,0.0779021605849266,0.5080000162124634,0.6013000011444092
YOR217W,YLR362W,0,-5.681177,0.07789021730422974,0.5080000162124634,0.6014000177383423
YOR380W,YDR424C,0,-5.6815457,0.07787827402353287,0.5080000162124634,0.6014999747276306
YDL098C,YBR002C,0,-5.681695,0.0778663381934166,0.5080000162124634,0.6015999913215637
YJR050W,YCL017C,0,-5.6819515,0.07785440981388092,0.5080000162124634,0.6017000079154968
YMR035W,YDR279W,0,-5.682008,0.07784247398376465,0.5080000162124634,0.6018000245094299
YPR133C,YDL126C,0,-5.682119,0.07783055305480957,0.5080000162124634,0.6018999814987183
YOR089C,YNL172W,0,-5.682433,0.0778186246752739,0.5080000162124634,0.6019999980926514
YFR019W,YNL015W,1,-5.682717,0.07795987278223038,0.5090000033378601,0.6019999980926514
YBR288C,YJL156C,0,-5.682754,0.07794792950153351,0.5090000033378601,0.6021000146865845
YJR046W,YLR067C,0,-5.683032,0.07793600112199783,0.5090000033378601,0.6021999716758728
YBR036C,YNL275W,0,-5.683118,0.07792406529188156,0.5090000033378601,0.6022999882698059
YLR052W,YBL064C,0,-5.6832247,0.07791213691234589,0.5090000033378601,0.602400004863739
YLR423C,YGR188C,0,-5.6834326,0.07790021598339081,0.5090000033378601,0.6025000214576721
YMR197C,YFL004W,1,-5.6834793,0.07804131507873535,0.5099999904632568,0.6025000214576721
YJR140C,YKR072C,0,-5.6835227,0.07802937924861908,0.5099999904632568,0.6025999784469604
YOR002W,YCR094W,0,-5.68353,0.07801743596792221,0.5099999904632568,0.6026999950408936
YEL015W,YLR114C,0,-5.683584,0.07800550758838654,0.5099999904632568,0.6028000116348267
YHR011W,YBR068C,0,-5.683605,0.07799357920885086,0.5099999904632568,0.6029000282287598
YEL042W,YCR067C,0,-5.683755,0.07798165082931519,0.5099999904632568,0.6029999852180481
YBR289W,YOR281C,0,-5.6839,0.07796972990036011,0.5099999904632568,0.6031000018119812
YOR265W,YLR095C,0,-5.683994,0.07795780897140503,0.5099999904632568,0.6032000184059143
YIL046W,YER089C,0,-5.684032,0.07794589549303055,0.5099999904632568,0.6032999753952026
YDR057W,YKL089W,0,-5.6841497,0.07793398201465607,0.5099999904632568,0.6033999919891357
YMR288W,YCL004W,0,-5.684342,0.07792207598686218,0.5099999904632568,0.6035000085830688
YOR328W,YPL266W,0,-5.684401,0.0779101774096489,0.5099999904632568,0.603600025177002
YGL066W,YML088W,0,-5.6844344,0.07789827138185501,0.5099999904632568,0.6036999821662903
YPR032W,YGL092W,0,-5.685149,0.07788638025522232,0.5099999904632568,0.6037999987602234
YJL087C,YDL188C,0,-5.685224,0.07787448167800903,0.5099999904632568,0.6039000153541565
YMR305C,YPL193W,0,-5.6853385,0.07786259800195694,0.5099999904632568,0.6039999723434448
YPR006C,YBR050C,0,-5.6855764,0.07785070687532425,0.5099999904632568,0.6040999889373779
YGL087C,YNR056C,0,-5.685738,0.07783883064985275,0.5099999904632568,0.604200005531311
YPL106C,YNR027W,0,-5.6858234,0.07782694697380066,0.5099999904632568,0.6043000221252441
YGL099W,YLR361C,0,-5.685864,0.07781507819890976,0.5099999904632568,0.6043999791145325
YPR162C,YIL072W,0,-5.6859407,0.07780320197343826,0.5099999904632568,0.6044999957084656
YMR013C,YCR027C,0,-5.685975,0.07779133319854736,0.5099999904632568,0.6046000123023987
YGR080W,YDR121W,0,-5.6860538,0.07777947187423706,0.5099999904632568,0.6047000288963318
YPL069C,YHR061C,0,-5.6860766,0.07776761054992676,0.5099999904632568,0.6047999858856201
YLR066W,YBR002C,0,-5.6867995,0.07775575667619705,0.5099999904632568,0.6049000024795532
YOL156W,YBR068C,0,-5.6871066,0.07774390280246735,0.5099999904632568,0.6050000190734863
YOL117W,YOR153W,0,-5.687178,0.07773205637931824,0.5099999904632568,0.6050999760627747
YDR518W,YKR029C,0,-5.68734,0.07772020995616913,0.5099999904632568,0.6051999926567078
YJR057W,YNL121C,0,-5.687588,0.07770836353302002,0.5099999904632568,0.6053000092506409
YIL018W,YPL089C,0,-5.6876,0.07769652456045151,0.5099999904632568,0.605400025844574
YMR231W,YDR328C,1,-5.6876893,0.0778370127081871,0.5109999775886536,0.605400025844574
YNL207W,YDR411C,0,-5.687749,0.0778251588344574,0.5109999775886536,0.6054999828338623
YMR022W,YER149C,0,-5.6878123,0.07781331241130829,0.5109999775886536,0.6055999994277954
YNL294C,YBR279W,0,-5.6878166,0.07780145853757858,0.5109999775886536,0.6057000160217285
YDR088C,YBL003C,0,-5.6878953,0.07778961956501007,0.5109999775886536,0.6057999730110168
YML098W,YML085C,0,-5.687964,0.07777778059244156,0.5109999775886536,0.60589998960495
YML011C,YBR186W,0,-5.688193,0.07776594161987305,0.5109999775886536,0.6060000061988831
YBR183W,YOR048C,0,-5.688217,0.07775411009788513,0.5109999775886536,0.6061000227928162
YBR200W,YMR112C,0,-5.68827,0.07774227857589722,0.5109999775886536,0.6061999797821045
YOR043W,YAL047C,0,-5.6884985,0.0777304545044899,0.5109999775886536,0.6062999963760376
YDR420W,YOR151C,0,-5.6886716,0.07771863043308258,0.5109999775886536,0.6064000129699707
YLR447C,YPL268W,1,-5.6889267,0.07785888016223907,0.5120000243186951,0.6064000129699707
YHR203C,YDR421W,0,-5.6889334,0.07784704118967056,0.5120000243186951,0.6065000295639038
YLR429W,YGL043W,0,-5.689169,0.07783520966768265,0.5120000243186951,0.6065999865531921
YDR255C,YLR369W,0,-5.689292,0.07782337814569473,0.5120000243186951,0.6067000031471252
YMR214W,YGR229C,0,-5.68941,0.07781154662370682,0.5120000243186951,0.6068000197410583
YCL051W,YJR010C-A,0,-5.6895046,0.0777997300028801,0.5120000243186951,0.6068999767303467
YDR268W,YBR142W,0,-5.6897006,0.07778790593147278,0.5120000243186951,0.6069999933242798
YBR004C,YDR490C,0,-5.689905,0.07777608931064606,0.5120000243186951,0.6071000099182129
YGL105W,YPL239W,0,-5.690198,0.07776428014039993,0.5120000243186951,0.607200026512146
YJL012C,YNL326C,1,-5.6904173,0.07790432870388031,0.5130000114440918,0.607200026512146
YDR118W,YJR009C,0,-5.6909466,0.0778924971818924,0.5130000114440918,0.6072999835014343
YLR193C,YBR112C,0,-5.6914,0.07788067311048508,0.5130000114440918,0.6074000000953674
YOR147W,YDR099W,0,-5.691473,0.07786884903907776,0.5130000114440918,0.6075000166893005
YGL006W,YOL012C,0,-5.691501,0.07785703241825104,0.5130000114440918,0.6075999736785889
YNR035C,YOL138C,0,-5.6920953,0.07784522324800491,0.5130000114440918,0.607699990272522
YPR067W,YOR373W,0,-5.692418,0.07783340662717819,0.5130000114440918,0.6078000068664551
YGR047C,YHR041C,0,-5.6927657,0.07782160490751266,0.5130000114440918,0.6079000234603882
YML024W,YOR212W,0,-5.69334,0.07780979573726654,0.5130000114440918,0.6079999804496765
YLR219W,YPL031C,0,-5.6933804,0.07779800146818161,0.5130000114440918,0.6080999970436096
YGR175C,YCR024C-A,0,-5.693722,0.07778619974851608,0.5130000114440918,0.6082000136375427
YIL079C,YJL201W,0,-5.6937375,0.07777440547943115,0.5130000114440918,0.608299970626831
YLR148W,YNL015W,1,-5.6937447,0.07791420072317123,0.5139999985694885,0.608299970626831
YDL160C,YIL125W,0,-5.694361,0.07790239155292511,0.5139999985694885,0.6083999872207642
YOR265W,YGR082W,0,-5.694372,0.07789058983325958,0.5139999985694885,0.6085000038146973
YOR063W,YDR183W,0,-5.694563,0.07787878811359406,0.5139999985694885,0.6086000204086304
YLR433C,YDR322C-A,0,-5.6949053,0.07786698639392853,0.5139999985694885,0.6086999773979187
YLR045C,YBR179C,0,-5.6949315,0.0778551921248436,0.5139999985694885,0.6087999939918518
YBR254C,YOR194C,0,-5.6950426,0.07784340530633926,0.5139999985694885,0.6089000105857849
YER122C,YMR112C,0,-5.6951733,0.07783161848783493,0.5139999985694885,0.609000027179718
YOL091W,YPL249C,0,-5.695424,0.0778198316693306,0.5139999985694885,0.6090999841690063
YJR043C,YPR190C,0,-5.6961265,0.07780805230140686,0.5139999985694885,0.6092000007629395
YMR264W,YBR145W,0,-5.69633,0.07779628038406372,0.5139999985694885,0.6093000173568726
YLR332W,YOR061W,0,-5.6968966,0.07778450101613998,0.5139999985694885,0.6093999743461609
YAR019C,YPL059W,0,-5.696948,0.07777273654937744,0.5139999985694885,0.609499990940094
YPR190C,YML127W,0,-5.696962,0.0777609646320343,0.5139999985694885,0.6096000075340271
YKL032C,YJL108C,0,-5.696995,0.07774920761585236,0.5139999985694885,0.6097000241279602
YOR136W,YDR146C,0,-5.6971354,0.07773745059967041,0.5139999985694885,0.6097999811172485
YDL092W,YDL095W,0,-5.6973677,0.07772569358348846,0.5139999985694885,0.6098999977111816
YJR059W,YBL045C,0,-5.6975102,0.07771393656730652,0.5139999985694885,0.6100000143051147
YJL012C,YLR148W,1,-5.6975374,0.07785336673259735,0.5149999856948853,0.6100000143051147
YJR004C,YNL182C,0,-5.697607,0.07784159481525421,0.5149999856948853,0.6100999712944031
YPL243W,YPL265W,0,-5.697647,0.07782983034849167,0.5149999856948853,0.6101999878883362
YNL216W,YMR113W,0,-5.697937,0.07781807333230972,0.5149999856948853,0.6103000044822693
YCL033C,YGR257C,0,-5.698023,0.07780631631612778,0.5149999856948853,0.6104000210762024
YCL029C,YLR005W,0,-5.6980467,0.07779455929994583,0.5149999856948853,0.6104999780654907
YOR313C,YER168C,0,-5.6982055,0.07778280973434448,0.5149999856948853,0.6105999946594238
YEL004W,YIL062C,0,-5.698389,0.07777106761932373,0.5149999856948853,0.6107000112533569
YOR098C,YDL102W,0,-5.6985006,0.07775932550430298,0.5149999856948853,0.61080002784729
YNL258C,YML107C,0,-5.6985607,0.07774758338928223,0.5149999856948853,0.6108999848365784
YLR238W,YHR070W,0,-5.6986337,0.07773584872484207,0.5149999856948853,0.6110000014305115
YAL013W,YDR108W,0,-5.6989236,0.07772411406040192,0.5149999856948853,0.6111000180244446
YDL105W,YNL259C,0,-5.699435,0.07771238684654236,0.5149999856948853,0.6111999750137329
YJR102C,YLR310C,0,-5.699473,0.0777006670832634,0.5149999856948853,0.611299991607666
YGL112C,YOR149C,0,-5.699484,0.07768893986940384,0.5149999856948853,0.6114000082015991
YPR024W,YCL017C,0,-5.699604,0.07767722755670547,0.5149999856948853,0.6115000247955322
YNR007C,YLR107W,0,-5.699785,0.07766550779342651,0.5149999856948853,0.6115999817848206
YNL242W,YDL065C,0,-5.6998434,0.07765380293130875,0.5149999856948853,0.6116999983787537
YPL196W,YEL041W,0,-5.6999474,0.07764209061861038,0.5149999856948853,0.6118000149726868
YPR019W,YLR394W,0,-5.700066,0.07763038575649261,0.5149999856948853,0.6118999719619751
YPR190C,YLR417W,0,-5.7003603,0.07761868834495544,0.5149999856948853,0.6119999885559082
YJR065C,YKL108W,0,-5.7004175,0.07760699093341827,0.5149999856948853,0.6121000051498413
YPL045W,YGR020C,1,-5.7005367,0.0777459666132927,0.515999972820282,0.6121000051498413
YPL234C,YEL051W,1,-5.7007675,0.07788490504026413,0.5170000195503235,0.6121000051498413
YMR043W,YPR033C,0,-5.7008142,0.07787317037582397,0.5170000195503235,0.6122000217437744
YMR197C,YLR386W,1,-5.700845,0.07801204919815063,0.5180000066757202,0.6122000217437744
YOL113W,YKL208W,0,-5.701108,0.07800029963254929,0.5180000066757202,0.6122999787330627
YGL111W,YGR211W,0,-5.7012944,0.07798855751752853,0.5180000066757202,0.6123999953269958
YER117W,YDR481C,0,-5.701372,0.07797681540250778,0.5180000066757202,0.612500011920929
YDR238C,YPL139C,0,-5.701416,0.07796508073806763,0.5180000066757202,0.6126000285148621
YLR085C,YAL059W,0,-5.7015896,0.07795334607362747,0.5180000066757202,0.6126999855041504
YGL210W,YGL143C,0,-5.70185,0.07794161885976791,0.5180000066757202,0.6128000020980835
YLR368W,YIL150C,0,-5.7028875,0.07792989164590836,0.5180000066757202,0.6129000186920166
YNR052C,YDR011W,0,-5.7031264,0.0779181718826294,0.5180000066757202,0.6129999756813049
YNL027W,YJL072C,0,-5.703247,0.07790645211935043,0.5180000066757202,0.613099992275238
YDR337W,YHL007C,0,-5.703525,0.07789473980665207,0.5180000066757202,0.6132000088691711
YPL259C,YDR483W,0,-5.703699,0.0778830274939537,0.5180000066757202,0.6133000254631042
YFR008W,YDL116W,0,-5.7037525,0.07787131518125534,0.5180000066757202,0.6133999824523926
YMR231W,YGR020C,1,-5.703795,0.07800991833209991,0.5189999938011169,0.6133999824523926
YKL206C,YDL138W,0,-5.7038226,0.07799819856882095,0.5189999938011169,0.6134999990463257
YHR001W,YDR296W,0,-5.704653,0.07798647880554199,0.5189999938011169,0.6136000156402588
YJR001W,YGL169W,0,-5.7046547,0.07797475904226303,0.5189999938011169,0.6136999726295471
YOL156W,YDR156W,0,-5.704712,0.07796304672956467,0.5189999938011169,0.6137999892234802
YNL282W,YMR080C,0,-5.70477,0.0779513344168663,0.5189999938011169,0.6139000058174133
YDR130C,YDR395W,0,-5.7051153,0.07793962955474854,0.5189999938011169,0.6140000224113464
YJR053W,YJL014W,0,-5.7054086,0.07792792469263077,0.5189999938011169,0.6140999794006348
YPR080W,YNL287W,0,-5.7054596,0.0779162272810936,0.5189999938011169,0.6141999959945679
YCR048W,YOL143C,0,-5.70586,0.07790452986955643,0.5189999938011169,0.614300012588501
YER149C,YNR017W,0,-5.705927,0.07789283990859985,0.5189999938011169,0.6144000291824341
YFR019W,YLR240W,1,-5.7061024,0.07803121209144592,0.5199999809265137,0.6144000291824341
YGR162W,YDL035C,0,-5.706246,0.07801950722932816,0.5199999809265137,0.6144999861717224
YKL080W,YPL045W,1,-5.706418,0.07815781235694885,0.5210000276565552,0.6144999861717224
YIL140W,YOR373W,0,-5.706806,0.07814609259366989,0.5210000276565552,0.6146000027656555
YJR140C,YDL208W,0,-5.7071676,0.07813437283039093,0.5210000276565552,0.6147000193595886
YOR244W,YPL085W,0,-5.7071896,0.07812266051769257,0.5210000276565552,0.614799976348877
YNL041C,YNL075W,0,-5.7074423,0.0781109482049942,0.5210000276565552,0.6148999929428101
YGR003W,YML086C,0,-5.707594,0.07809923589229584,0.5210000276565552,0.6150000095367432
YGR163W,YGL172W,0,-5.7077827,0.07808753103017807,0.5210000276565552,0.6151000261306763
YER126C,YPL092W,0,-5.7082024,0.0780758261680603,0.5210000276565552,0.6151999831199646
YCR044C,YKR046C,0,-5.7084427,0.07806412875652313,0.5210000276565552,0.6152999997138977
YPL032C,YNL278W,0,-5.7085714,0.07805243134498596,0.5210000276565552,0.6154000163078308
YPL181W,YBR172C,0,-5.708769,0.07804074138402939,0.5210000276565552,0.6154999732971191
YHR116W,YDR376W,0,-5.7090826,0.07802905142307281,0.5210000276565552,0.6155999898910522
YML011C,YHR098C,0,-5.7091618,0.07801736891269684,0.5210000276565552,0.6157000064849854
YDR516C,YMR311C,0,-5.7092943,0.07800568640232086,0.5210000276565552,0.6158000230789185
YDR308C,YOR079C,0,-5.709347,0.07799401134252548,0.5210000276565552,0.6158999800682068
YDR118W,YGL112C,0,-5.709355,0.0779823362827301,0.5210000276565552,0.6159999966621399
YPR199C,YIL123W,0,-5.709421,0.07797066867351532,0.5210000276565552,0.616100013256073
YIL154C,YPL096W,0,-5.710401,0.07795900106430054,0.5210000276565552,0.6161999702453613
YDL155W,YNR023W,0,-5.710558,0.07794733345508575,0.5210000276565552,0.6162999868392944
YDR162C,YKL029C,0,-5.7106423,0.07793567329645157,0.5210000276565552,0.6164000034332275
YPR121W,YDL207W,0,-5.710862,0.07792402058839798,0.5210000276565552,0.6165000200271606
YHR160C,YBR207W,0,-5.711628,0.07791236788034439,0.5210000276565552,0.616599977016449
YPL122C,YLR176C,0,-5.7116723,0.0779007151722908,0.5210000276565552,0.6166999936103821
YDR414C,YPR086W,0,-5.711717,0.07788906991481781,0.5210000276565552,0.6168000102043152
YKL119C,YLR386W,1,-5.711946,0.0780269056558609,0.5220000147819519,0.6168000102043152
YER111C,YKL028W,0,-5.7120066,0.07801524549722672,0.5220000147819519,0.6169000267982483
YJR155W,YJR060W,0,-5.7123404,0.07800358533859253,0.5220000147819519,0.6169999837875366
YGR209C,YGR020C,1,-5.7123814,0.07814133912324905,0.5230000019073486,0.6169999837875366
YBR294W,YJR140C,0,-5.713037,0.07812967151403427,0.5230000019073486,0.6171000003814697
YKL045W,YNR007C,0,-5.7131405,0.07811799645423889,0.5230000019073486,0.6172000169754028
YFR008W,YMR293C,0,-5.7132444,0.07810632884502411,0.5230000019073486,0.6172999739646912
YMR022W,YPL155C,0,-5.713297,0.07809466868638992,0.5230000019073486,0.6173999905586243
YDL190C,YER049W,0,-5.7135196,0.07808300852775574,0.5230000019073486,0.6175000071525574
YPL040C,YLR130C,0,-5.7136407,0.07807135581970215,0.5230000019073486,0.6176000237464905
YPL145C,YHL002W,0,-5.7138896,0.07805970311164856,0.5230000019073486,0.6176999807357788
YPR005C,YNR016C,0,-5.7139206,0.07804805040359497,0.5230000019073486,0.6177999973297119
YPR095C,YFL018C,0,-5.7144523,0.07803640514612198,0.5230000019073486,0.617900013923645
YIL126W,YBR295W,0,-5.715167,0.07802476733922958,0.5230000019073486,0.6179999709129333
YMR088C,YLR103C,0,-5.715415,0.07801312953233719,0.5230000019073486,0.6180999875068665
YEL051W,YBR127C,1,-5.7158575,0.07815063744783401,0.5239999890327454,0.6180999875068665
YNL107W,YNL065W,0,-5.7159634,0.07813897728919983,0.5239999890327454,0.6182000041007996
YPR051W,YDR254W,0,-5.7161407,0.07812733203172684,0.5239999890327454,0.6183000206947327
YBL051C,YKL046C,0,-5.7163544,0.07811567932367325,0.5239999890327454,0.618399977684021
YDL085W,YDR227W,0,-5.7169433,0.07810404151678085,0.5239999890327454,0.6184999942779541
YDR472W,YOL158C,0,-5.7174444,0.07809239625930786,0.5239999890327454,0.6186000108718872
YOR198C,YDR529C,0,-5.7178144,0.07808076590299606,0.5239999890327454,0.6187000274658203
YGL124C,YJL165C,0,-5.7179904,0.07806912809610367,0.5239999890327454,0.6187999844551086
YNL041C,YBR168W,0,-5.718255,0.07805749773979187,0.5239999890327454,0.6189000010490417
YPL045W,YDR328C,1,-5.7185802,0.07819481939077377,0.5249999761581421,0.6189000010490417
YDL043C,YMR073C,0,-5.718646,0.07818317413330078,0.5249999761581421,0.6190000176429749
YMR238W,YBR297W,0,-5.71877,0.07817152887582779,0.5249999761581421,0.6190999746322632
YGL047W,YOR149C,0,-5.7191715,0.0781598910689354,0.5249999761581421,0.6191999912261963
YKL032C,YOL123W,0,-5.719339,0.0781482607126236,0.5249999761581421,0.6193000078201294
YLR157C,YGL112C,0,-5.71986,0.0781366303563118,0.5249999761581421,0.6194000244140625
YPL095C,YIR018W,0,-5.719941,0.078125,0.5249999761581421,0.6194999814033508
YLR105C,YLR438C-A,0,-5.720001,0.0781133770942688,0.5249999761581421,0.6195999979972839
YOL102C,YNL329C,0,-5.720155,0.0781017541885376,0.5249999761581421,0.619700014591217
YLR396C,YMR054W,1,-5.720187,0.07823888212442398,0.5260000228881836,0.619700014591217
YCR065W,YOR327C,0,-5.720248,0.07822724431753159,0.5260000228881836,0.6197999715805054
YHR167W,YKL089W,0,-5.7204704,0.07821561396121979,0.5260000228881836,0.6198999881744385
YHR086W,YER155C,0,-5.7205424,0.07820398360490799,0.5260000228881836,0.6200000047683716
YLR079W,YOR179C,0,-5.7206607,0.07819236069917679,0.5260000228881836,0.6201000213623047
YPL167C,YDR341C,0,-5.7207103,0.07818073779344559,0.5260000228881836,0.620199978351593
YCR082W,YLR176C,0,-5.720902,0.07816912233829498,0.5260000228881836,0.6202999949455261
YCR061W,YBR279W,0,-5.720949,0.07815750688314438,0.5260000228881836,0.6204000115394592
YKR089C,YLR102C,0,-5.721191,0.07814589142799377,0.5260000228881836,0.6205000281333923
YNL002C,YML067C,0,-5.7213106,0.07813428342342377,0.5260000228881836,0.6205999851226807
YJL063C,YKR048C,0,-5.7215075,0.07812268286943436,0.5260000228881836,0.6207000017166138
YPL139C,YDR490C,0,-5.7216454,0.07811107486486435,0.5260000228881836,0.6208000183105469
YMR316W,YDL076C,0,-5.722059,0.07809948176145554,0.5260000228881836,0.6208999752998352
YOL004W,YER035W,0,-5.7221327,0.07808788865804672,0.5260000228881836,0.6209999918937683
YBR175W,YHL002W,0,-5.7221775,0.07807629555463791,0.5260000228881836,0.6211000084877014
YBR132C,YOR171C,0,-5.7225447,0.07806470990180969,0.5260000228881836,0.6212000250816345
YBR123C,YLR274W,0,-5.7226615,0.07805312424898148,0.5260000228881836,0.6212999820709229
YJR021C,YLR191W,0,-5.7228093,0.07804154604673386,0.5260000228881836,0.621399998664856
YBL007C,YGL044C,0,-5.7228165,0.07802996784448624,0.5260000228881836,0.6215000152587891
YGL058W,YDR353W,0,-5.723148,0.07801838964223862,0.5260000228881836,0.6215999722480774
YDR527W,YOL020W,0,-5.7232633,0.0780068188905716,0.5260000228881836,0.6216999888420105
YNL214W,YJR131W,0,-5.723807,0.07799525558948517,0.5260000228881836,0.6218000054359436
YDR103W,YBR017C,0,-5.7243834,0.07798369228839874,0.5260000228881836,0.6219000220298767
YGR120C,YMR080C,0,-5.7244453,0.07797212898731232,0.5260000228881836,0.621999979019165
YKL018W,YKL046C,0,-5.7246943,0.07796057313680649,0.5260000228881836,0.6220999956130981
YLR201C,YKL214C,0,-5.724851,0.07794902473688126,0.5260000228881836,0.6222000122070312
YPL065W,YOR313C,0,-5.7249866,0.07793746888637543,0.5260000228881836,0.6223000288009644
YCR010C,YPR002W,0,-5.7250166,0.07792592793703079,0.5260000228881836,0.6223999857902527
YDL120W,YER042W,0,-5.725148,0.07791437953710556,0.5260000228881836,0.6225000023841858
YPL045W,YEL013W,1,-5.7251596,0.07805094867944717,0.5270000100135803,0.6225000023841858
YHR011W,YDL005C,0,-5.7251897,0.07803939282894135,0.5270000100135803,0.6226000189781189
YBR205W,YML088W,0,-5.725204,0.07802783697843552,0.5270000100135803,0.6226999759674072
YPL161C,YGL111W,0,-5.72537,0.07801628112792969,0.5270000100135803,0.6227999925613403
YDR088C,YAL020C,0,-5.7254667,0.07800474017858505,0.5270000100135803,0.6229000091552734
YNL272C,YPR176C,0,-5.7257214,0.07799319177865982,0.5270000100135803,0.6230000257492065
YNL093W,YLR131C,0,-5.7258525,0.07798165082931519,0.5270000100135803,0.6230999827384949
YGL142C,YJR001W,0,-5.7261896,0.07797011733055115,0.5270000100135803,0.623199999332428
YIR010W,YDR156W,0,-5.7261987,0.07795857638120651,0.5270000100135803,0.6233000159263611
YDR076W,YNL061W,0,-5.726508,0.07794705033302307,0.5270000100135803,0.6233999729156494
YFL004W,YMR231W,1,-5.7265224,0.07808341085910797,0.527999997138977,0.6233999729156494
YJL178C,YDR135C,0,-5.7266464,0.07807186245918274,0.527999997138977,0.6234999895095825
YDR156W,YML038C,0,-5.727113,0.0780603215098381,0.527999997138977,0.6236000061035156
YGL145W,YJL060W,0,-5.727518,0.07804878056049347,0.527999997138977,0.6237000226974487
YDL028C,YLR248W,0,-5.7277336,0.07803724706172943,0.527999997138977,0.6237999796867371
YOL110W,YOL069W,0,-5.727898,0.0780257135629654,0.527999997138977,0.6238999962806702
YLR153C,YBR207W,0,-5.7279644,0.07801418751478195,0.527999997138977,0.6240000128746033
YBR043C,YPL133C,0,-5.7280188,0.07800266146659851,0.527999997138977,0.6241000294685364
YGL145W,YKL206C,0,-5.7283783,0.07799113541841507,0.527999997138977,0.6241999864578247
YCL034W,YOL059W,0,-5.728439,0.07797961682081223,0.527999997138977,0.6243000030517578
YBR095C,YLR078C,0,-5.7284455,0.07796810567378998,0.527999997138977,0.6244000196456909
YPL190C,YBR133C,0,-5.728757,0.07795659452676773,0.527999997138977,0.6244999766349792
YLR386W,YGL095C,1,-5.7294164,0.07809270918369293,0.5289999842643738,0.6244999766349792
YDR245W,YDR472W,0,-5.729802,0.07808118313550949,0.5289999842643738,0.6245999932289124
YJL129C,YIL046W,0,-5.729973,0.07806965708732605,0.5289999842643738,0.6247000098228455
YDR346C,YHR084W,0,-5.730453,0.0780581384897232,0.5289999842643738,0.6248000264167786
YCL059C,YJR090C,0,-5.730501,0.07804661989212036,0.5289999842643738,0.6248999834060669
YAR031W,YNL261W,0,-5.730653,0.07803510874509811,0.5289999842643738,0.625
YDR353W,YPL020C,0,-5.7307844,0.07802359759807587,0.5289999842643738,0.6251000165939331
YKL192C,YAL003W,0,-5.7310963,0.07801209390163422,0.5289999842643738,0.6251999735832214
YGL180W,YJL098W,0,-5.7313757,0.07800059020519257,0.5289999842643738,0.6252999901771545
YLR197W,YDR009W,0,-5.731665,0.07798909395933151,0.5289999842643738,0.6254000067710876
YDR075W,YPR111W,0,-5.7317543,0.07797759771347046,0.5289999842643738,0.6255000233650208
YER149C,YPL060W,0,-5.7318783,0.0779661014676094,0.5289999842643738,0.6255999803543091
YHR039C-A,YPR036W,1,-5.732177,0.0781019777059555,0.5299999713897705,0.6255999803543091
YLR423C,YKR050W,0,-5.732413,0.07809046655893326,0.5299999713897705,0.6256999969482422
YDL042C,YML059C,0,-5.732561,0.07807896286249161,0.5299999713897705,0.6258000135421753
YJL115W,YDL213C,0,-5.7325935,0.07806745916604996,0.5299999713897705,0.6258999705314636
YNL268W,YCL054W,0,-5.7326875,0.0780559629201889,0.5299999713897705,0.6259999871253967
YFR053C,YER155C,0,-5.7326894,0.07804447412490845,0.5299999713897705,0.6261000037193298
YDR045C,YLR078C,0,-5.732736,0.0780329778790474,0.5299999713897705,0.6262000203132629
YOR080W,YLR303W,0,-5.732821,0.07802148908376694,0.5299999713897705,0.6262999773025513
YPL208W,YDR398W,0,-5.732995,0.07801000773906708,0.5299999713897705,0.6263999938964844
YDL003W,YMR285C,0,-5.733121,0.07799852639436722,0.5299999713897705,0.6265000104904175
YMR172W,YGR029W,0,-5.733226,0.07798705250024796,0.5299999713897705,0.6266000270843506
YKR050W,YLR113W,0,-5.733348,0.07797557860612869,0.5299999713897705,0.6266999840736389
YCR065W,YKL068W,0,-5.7337313,0.07796410471200943,0.5299999713897705,0.626800000667572
YDL194W,YER089C,0,-5.7338257,0.07795263826847076,0.5299999713897705,0.6269000172615051
YGR156W,YDR190C,0,-5.734005,0.0779411792755127,0.5299999713897705,0.6269999742507935
YLR370C,YOL147C,0,-5.7345147,0.07792971283197403,0.5299999713897705,0.6270999908447266
YPL124W,YJR083C,0,-5.7346964,0.07791826128959656,0.5299999713897705,0.6272000074386597
YIL149C,YHR001W-A,0,-5.7354937,0.07790680229663849,0.5299999713897705,0.6273000240325928
YEL030W,YDR180W,0,-5.735636,0.07789535820484161,0.5299999713897705,0.6273999810218811
YPL161C,YGR222W,0,-5.73587,0.07788390666246414,0.5299999713897705,0.6274999976158142
YOR326W,YHR174W,1,-5.7359858,0.0780193954706192,0.531000018119812,0.6274999976158142
YKL114C,YLR277C,0,-5.736353,0.07800793647766113,0.531000018119812,0.6276000142097473
YLR119W,YNL261W,0,-5.736391,0.07799647748470306,0.531000018119812,0.6276999711990356
YOR332W,YPL045W,1,-5.736396,0.07813188433647156,0.5320000052452087,0.6276999711990356
YOR353C,YGR186W,0,-5.7366915,0.0781204104423523,0.5320000052452087,0.6277999877929688
YHR152W,YCL054W,0,-5.7368217,0.07810894399881363,0.5320000052452087,0.6279000043869019
YPR139C,YMR314W,0,-5.736882,0.07809747755527496,0.5320000052452087,0.628000020980835
YMR150C,YKL007W,0,-5.737721,0.0780860111117363,0.5320000052452087,0.6280999779701233
YAL020C,YFR052W,0,-5.737912,0.07807455211877823,0.5320000052452087,0.6281999945640564
YML029W,YGR098C,0,-5.738,0.07806309312582016,0.5320000052452087,0.6283000111579895
YDR062W,YNL102W,0,-5.7381506,0.07805164158344269,0.5320000052452087,0.6284000277519226
YAL025C,YKL125W,0,-5.7381735,0.07804019004106522,0.5320000052452087,0.6284999847412109
YNR057C,YNL288W,0,-5.7385607,0.07802874594926834,0.5320000052452087,0.628600001335144
YCR093W,YAL010C,0,-5.738627,0.07801730185747147,0.5320000052452087,0.6287000179290771
YDR200C,YNL012W,0,-5.738682,0.07800586521625519,0.5320000052452087,0.6287999749183655
YBR253W,YMR070W,0,-5.739385,0.07799442857503891,0.5320000052452087,0.6288999915122986
YKR027W,YPL153C,0,-5.739481,0.07798299938440323,0.5320000052452087,0.6290000081062317
YAL017W,YJL140W,0,-5.739887,0.07797157019376755,0.5320000052452087,0.6291000247001648
YBR169C,YJL117W,0,-5.7399945,0.07796014100313187,0.5320000052452087,0.6291999816894531
YLR423C,YJR155W,0,-5.7404823,0.07794871926307678,0.5320000052452087,0.6292999982833862
YIL154C,YNR030W,0,-5.740778,0.0779372975230217,0.5320000052452087,0.6294000148773193
YMR125W,YJR021C,0,-5.7410545,0.07792588323354721,0.5320000052452087,0.6294999718666077
YIL150C,YGR002C,0,-5.741235,0.07791446894407272,0.5320000052452087,0.6295999884605408
YMR054W,YIL048W,1,-5.741491,0.07804949581623077,0.5329999923706055,0.6295999884605408
YGL229C,YMR061W,0,-5.7416515,0.07803806662559509,0.5329999923706055,0.6297000050544739
YMR277W,YDL080C,0,-5.742306,0.07802664488554001,0.5329999923706055,0.629800021648407
YBL018C,YBR216C,0,-5.7424192,0.07801522314548492,0.5329999923706055,0.6298999786376953
YDR017C,YHR026W,1,-5.742942,0.07815015316009521,0.5339999794960022,0.6298999786376953
YDL120W,YCR061W,0,-5.7429647,0.07813871651887894,0.5339999794960022,0.6299999952316284
YGR046W,YER061C,0,-5.7430277,0.07812728732824326,0.5339999794960022,0.6301000118255615
YER157W,YBR288C,0,-5.7433167,0.07811585813760757,0.5339999794960022,0.6302000284194946
YBR043C,YKR050W,0,-5.743357,0.0781044289469719,0.5339999794960022,0.630299985408783
YBR173C,YOR156C,0,-5.743504,0.07809300720691681,0.5339999794960022,0.6304000020027161
YOR198C,YGL150C,0,-5.743648,0.07808159291744232,0.5339999794960022,0.6305000185966492
YBR168W,YIR037W,0,-5.743661,0.07807017862796783,0.5339999794960022,0.6305999755859375
YDR358W,YOL031C,0,-5.7440777,0.07805876433849335,0.5339999794960022,0.6306999921798706
YBL052C,YBR105C,0,-5.7441607,0.07804735749959946,0.5339999794960022,0.6308000087738037
YDR404C,YLL003W,0,-5.7442183,0.07803595066070557,0.5339999794960022,0.6309000253677368
YGR209C,YMR231W,1,-5.744797,0.07817065715789795,0.5350000262260437,0.6309000253677368
YLL008W,YHR050W,0,-5.7448616,0.07815924286842346,0.5350000262260437,0.6309999823570251
YEL056W,YFR029W,0,-5.7448735,0.07814782112836838,0.5350000262260437,0.6310999989509583
YBL015W,YGR098C,0,-5.745309,0.07813640683889389,0.5350000262260437,0.6312000155448914
YDR017C,YHR060W,1,-5.745327,0.07827103137969971,0.5360000133514404,0.6312000155448914
YIL079C,YGL142C,0,-5.7455354,0.07825960218906403,0.5360000133514404,0.6312999725341797
YOR136W,YHR205W,0,-5.745702,0.07824817299842834,0.5360000133514404,0.6313999891281128
YNL192W,YGL032C,0,-5.74585,0.07823675125837326,0.5360000133514404,0.6315000057220459
YCR060W,YNR027W,0,-5.746662,0.07822533696889877,0.5360000133514404,0.631600022315979
YDR236C,YMR293C,0,-5.746751,0.07821392267942429,0.5360000133514404,0.6316999793052673
YLL022C,YOL078W,0,-5.746769,0.0782025083899498,0.5360000133514404,0.6317999958992004
YDL194W,YLR394W,0,-5.746815,0.07819110155105591,0.5360000133514404,0.6319000124931335
YOR150W,YGL018C,0,-5.746823,0.07817969471216202,0.5360000133514404,0.6320000290870667
YER025W,YGR005C,0,-5.7471943,0.07816829532384872,0.5360000133514404,0.632099986076355
YDR076W,YDR299W,0,-5.747596,0.07815689593553543,0.5360000133514404,0.6322000026702881
YOL004W,YBR050C,0,-5.7479134,0.07814550399780273,0.5360000133514404,0.6323000192642212
YPL058C,YDL095W,0,-5.748029,0.07813411206007004,0.5360000133514404,0.6323999762535095
YKL085W,YFL002C,0,-5.7483654,0.07812272012233734,0.5360000133514404,0.6324999928474426
YHR039C-A,YMR231W,1,-5.7484736,0.07825706899166107,0.5370000004768372,0.6324999928474426
YLR170C,YML025C,0,-5.7485003,0.07824566215276718,0.5370000004768372,0.6326000094413757
YJR121W,YKL041W,0,-5.748561,0.07823426276445389,0.5370000004768372,0.6327000260353088
YPL232W,YPR030W,0,-5.748671,0.07822287082672119,0.5370000004768372,0.6327999830245972
YML120C,YLR205C,0,-5.748685,0.0782114788889885,0.5370000004768372,0.6328999996185303
YGR186W,YDR385W,0,-5.7490067,0.0782000869512558,0.5370000004768372,0.6330000162124634
YLR328W,YGL244W,0,-5.749386,0.0781887024641037,0.5370000004768372,0.6330999732017517
YOL097C,YNL317W,0,-5.749389,0.0781773179769516,0.5370000004768372,0.6331999897956848
YLR148W,YBL050W,1,-5.7494516,0.0783115029335022,0.5379999876022339,0.6331999897956848
YNL242W,YFL033C,0,-5.749486,0.0783001035451889,0.5379999876022339,0.6333000063896179
YNL082W,YPL026C,0,-5.749563,0.07828870415687561,0.5379999876022339,0.633400022983551
YPL213W,YIL051C,0,-5.7502394,0.07827731966972351,0.5379999876022339,0.6334999799728394
YML051W,YJL203W,0,-5.750326,0.07826592773199081,0.5379999876022339,0.6335999965667725
YBL019W,YGL115W,0,-5.750379,0.07825454324483871,0.5379999876022339,0.6337000131607056
YKL046C,YJL167W,0,-5.7505245,0.07824316620826721,0.5379999876022339,0.6338000297546387
YOR168W,YMR234W,0,-5.750665,0.07823178917169571,0.5379999876022339,0.633899986743927
YNL246W,YLR032W,0,-5.750782,0.0782204121351242,0.5379999876022339,0.6340000033378601
YBR123C,YLR190W,0,-5.7512026,0.0782090425491333,0.5379999876022339,0.6341000199317932
YCL051W,YKL192C,0,-5.7516155,0.0781976729631424,0.5379999876022339,0.6341999769210815
YNL051W,YPR120C,0,-5.7516766,0.07818631082773209,0.5379999876022339,0.6342999935150146
YOL123W,YDL088C,0,-5.7517614,0.07817494869232178,0.5379999876022339,0.6344000101089478
YOR143C,YIL129C,0,-5.7518015,0.07816359400749207,0.5379999876022339,0.6345000267028809
YHR181W,YOR069W,0,-5.7521477,0.07815223932266235,0.5379999876022339,0.6345999836921692
YDR017C,YKL080W,1,-5.7523546,0.07828612625598907,0.5389999747276306,0.6345999836921692
YJL100W,YDL088C,0,-5.7527046,0.07827475666999817,0.5389999747276306,0.6347000002861023
YHR161C,YKL007W,0,-5.7529144,0.07826339453458786,0.5389999747276306,0.6348000168800354
YLR097C,YJL207C,0,-5.752928,0.07825203239917755,0.5389999747276306,0.6348999738693237
YAL053W,YNL214W,0,-5.75304,0.07824067026376724,0.5389999747276306,0.6349999904632568
YGL100W,YOR174W,0,-5.7533536,0.07822931557893753,0.5389999747276306,0.6351000070571899
YOR110W,YLR182W,0,-5.7533703,0.07821796834468842,0.5389999747276306,0.635200023651123
YOL151W,YBR195C,0,-5.7533913,0.0782066136598587,0.5389999747276306,0.6352999806404114
YDR532C,YGR155W,0,-5.753461,0.07819527387619019,0.5389999747276306,0.6353999972343445
YGL205W,YHR150W,0,-5.7536497,0.07818392664194107,0.5389999747276306,0.6355000138282776
YNL012W,YHR023W,0,-5.7540803,0.07817258685827255,0.5389999747276306,0.6355999708175659
YER028C,YOR069W,0,-5.7541423,0.07816125452518463,0.5389999747276306,0.635699987411499
YOL004W,YPR001W,0,-5.7541704,0.07814992219209671,0.5389999747276306,0.6358000040054321
YFL050C,YER164W,0,-5.7545185,0.07813858985900879,0.5389999747276306,0.6359000205993652
YKR008W,YBR295W,0,-5.754577,0.07812726497650146,0.5389999747276306,0.6359999775886536
YLR056W,YOR150W,0,-5.7546782,0.07811594009399414,0.5389999747276306,0.6360999941825867
YOR261C,YKL130C,0,-5.7546782,0.07810462266206741,0.5389999747276306,0.6362000107765198
YDL178W,YDR137W,0,-5.755035,0.07809330523014069,0.5389999747276306,0.6363000273704529
YNL136W,YDR245W,0,-5.755249,0.07808199524879456,0.5389999747276306,0.6363999843597412
YBR109C,YHR060W,1,-5.7552624,0.07821552455425262,0.5400000214576721,0.6363999843597412
YMR048W,YKL141W,0,-5.755416,0.0782041996717453,0.5400000214576721,0.6365000009536743
YJL207C,YKL149C,0,-5.755418,0.07819287478923798,0.5400000214576721,0.6366000175476074
YOL164W,YCL004W,0,-5.755513,0.07818155735731125,0.5400000214576721,0.6366999745368958
YOR198C,YDL080C,0,-5.7556405,0.07817023992538452,0.5400000214576721,0.6367999911308289
YIL120W,YOR206W,0,-5.7556486,0.0781589224934578,0.5400000214576721,0.636900007724762
YHR060W,YHR174W,1,-5.7556934,0.07829233258962631,0.5410000085830688,0.636900007724762
YNL246W,YEL002C,0,-5.7559314,0.07828100025653839,0.5410000085830688,0.6370000243186951
YLR417W,YGL195W,0,-5.755951,0.07826967537403107,0.5410000085830688,0.6370999813079834
YNL004W,YDR156W,0,-5.756521,0.07825835049152374,0.5410000085830688,0.6371999979019165
YML025C,YOL034W,0,-5.7566557,0.07824703305959702,0.5410000085830688,0.6373000144958496
YPR154W,YGL243W,0,-5.7566757,0.07823572307825089,0.5410000085830688,0.6373999714851379
YIL122W,YLR028C,0,-5.7568207,0.07822440564632416,0.5410000085830688,0.637499988079071
YDR120C,YJL121C,0,-5.7569885,0.07821309566497803,0.5410000085830688,0.6376000046730042
YPL069C,YBR173C,0,-5.7570186,0.0782017931342125,0.5410000085830688,0.6377000212669373
YDR182W,YDR420W,0,-5.757716,0.07819049060344696,0.5410000085830688,0.6377999782562256
YMR302C,YML078W,0,-5.757783,0.07817918807268143,0.5410000085830688,0.6378999948501587
YOR087W,YDR272W,0,-5.757945,0.07816789299249649,0.5410000085830688,0.6380000114440918
YBR043C,YOR037W,0,-5.758113,0.07815660536289215,0.5410000085830688,0.6381000280380249
YBR253W,YJL061W,0,-5.7581162,0.07814531028270721,0.5410000085830688,0.6381999850273132
YMR218C,YLL003W,0,-5.7582827,0.07813403010368347,0.5410000085830688,0.6383000016212463
YGR254W,YNL015W,1,-5.758482,0.07826714962720871,0.5419999957084656,0.6383000016212463
YNL268W,YGL106W,0,-5.7585735,0.07825584709644318,0.5419999957084656,0.6384000182151794
YKL201C,YOR194C,0,-5.7588863,0.07824455201625824,0.5419999957084656,0.6384999752044678
YNL222W,YKL016C,0,-5.7588944,0.0782332569360733,0.5419999957084656,0.6385999917984009
YKL051W,YPR036W,1,-5.758954,0.07836628705263138,0.5429999828338623,0.6385999917984009
YDR300C,YDR260C,0,-5.7600684,0.07835497707128525,0.5429999828338623,0.638700008392334
YBL052C,YPR029C,0,-5.760208,0.07834367454051971,0.5429999828338623,0.6388000249862671
YDL155W,YOR153W,0,-5.7604666,0.07833237200975418,0.5429999828338623,0.6388999819755554
YFR019W,YEL013W,1,-5.7605658,0.07846531271934509,0.5440000295639038,0.6388999819755554
YKL060C,YKL018W,0,-5.760682,0.07845399528741837,0.5440000295639038,0.6389999985694885
YLR138W,YDL231C,0,-5.760835,0.07844268530607224,0.5440000295639038,0.6391000151634216
YHR039C-A,YKL080W,1,-5.760871,0.07857555150985718,0.5450000166893005,0.6391000151634216
YIL010W,YDR421W,0,-5.7610674,0.07856421917676926,0.5450000166893005,0.63919997215271
YDR255C,YIL030C,0,-5.761197,0.07855289429426193,0.5450000166893005,0.6392999887466431
YDL029W,YPR105C,0,-5.7616053,0.0785415768623352,0.5450000166893005,0.6394000053405762
YHR190W,YLR066W,0,-5.7616634,0.07853025943040848,0.5450000166893005,0.6395000219345093
YJL140W,YBR202W,0,-5.761876,0.07851894199848175,0.5450000166893005,0.6395999789237976
YMR227C,YJL072C,0,-5.7623053,0.07850763201713562,0.5450000166893005,0.6396999955177307
YOR113W,YML098W,0,-5.76231,0.07849632948637009,0.5450000166893005,0.6398000121116638
YOR043W,YOR083W,0,-5.762335,0.07848501950502396,0.5450000166893005,0.6399000287055969
YMR183C,YBR237W,0,-5.7626915,0.07847372442483902,0.5450000166893005,0.6399999856948853
YBR171W,YBR118W,0,-5.7631025,0.07846242189407349,0.5450000166893005,0.6401000022888184
YOR326W,YDL185W,1,-5.763321,0.07859507948160172,0.5460000038146973,0.6401000022888184
YGL071W,YDL150W,0,-5.7634487,0.07858376204967499,0.5460000038146973,0.6402000188827515
YBR036C,YDR277C,0,-5.7636604,0.07857245951890945,0.5460000038146973,0.6402999758720398
YDL134C,YJR013W,0,-5.763668,0.07856114953756332,0.5460000038146973,0.6403999924659729
YMR281W,YIL135C,0,-5.7637377,0.07854984700679779,0.5460000038146973,0.640500009059906
YDR255C,YPL151C,0,-5.7639575,0.07853855192661285,0.5460000038146973,0.6406000256538391
YER119C,YDR011W,0,-5.764196,0.07852725684642792,0.5460000038146973,0.6406999826431274
YGL208W,YLR417W,0,-5.764511,0.07851596176624298,0.5460000038146973,0.6407999992370605
YPL232W,YJR125C,0,-5.7652187,0.07850467413663864,0.5460000038146973,0.6409000158309937
YGL019W,YFR050C,0,-5.765767,0.0784933865070343,0.5460000038146973,0.640999972820282
YNL167C,YKL220C,0,-5.766331,0.07848210632801056,0.5460000038146973,0.6410999894142151
YFL057C,YLR172C,0,-5.766703,0.07847082614898682,0.5460000038146973,0.6412000060081482
YKR101W,YDL235C,0,-5.7667365,0.07845954596996307,0.5460000038146973,0.6413000226020813
YJR082C,YOL115W,0,-5.766797,0.07844827324151993,0.5460000038146973,0.6413999795913696
YMR285C,YNL206C,0,-5.766849,0.07843700796365738,0.5460000038146973,0.6414999961853027
YOL072W,YKL170W,0,-5.766979,0.07842574268579483,0.5460000038146973,0.6416000127792358
YDL185W,YNL054W,1,-5.767188,0.07855809479951859,0.546999990940094,0.6416000127792358
YNL326C,YFL039C,1,-5.767283,0.07869040966033936,0.5479999780654907,0.6416000127792358
YKL085W,YGL133W,0,-5.767614,0.07867910712957382,0.5479999780654907,0.641700029373169
YMR177W,YOR004W,0,-5.7678747,0.07866781204938889,0.5479999780654907,0.6417999863624573
YKL119C,YNL326C,1,-5.7679844,0.07880005985498428,0.5490000247955322,0.6417999863624573
YLR183C,YMR016C,0,-5.768098,0.07878874987363815,0.5490000247955322,0.6419000029563904
YLR386W,YNL326C,1,-5.768141,0.07892093807458878,0.550000011920929,0.6419000029563904
YMR008C,YOR039W,0,-5.7686157,0.07890961319208145,0.550000011920929,0.6420000195503235
YDR219C,YOR361C,0,-5.768813,0.07889829576015472,0.550000011920929,0.6420999765396118
YKL112W,YNL082W,0,-5.769092,0.078886978328228,0.550000011920929,0.6421999931335449
YLR238W,YNL282W,0,-5.769331,0.07887566089630127,0.550000011920929,0.642300009727478
YDR255C,YOR140W,0,-5.7698073,0.07886435091495514,0.550000011920929,0.6424000263214111
YPR010C,YGR118W,0,-5.769822,0.0788530483841896,0.550000011920929,0.6424999833106995
YOL123W,YNL007C,0,-5.7699957,0.07884174585342407,0.550000011920929,0.6425999999046326
YDL198C,YMR137C,0,-5.7699957,0.07883044332265854,0.550000011920929,0.6427000164985657
YPR111W,YLR172C,0,-5.7703314,0.0788191482424736,0.550000011920929,0.642799973487854
YDR005C,YGL155W,0,-5.770585,0.07880785316228867,0.550000011920929,0.6428999900817871
YLR208W,YOL027C,0,-5.771501,0.07879655808210373,0.550000011920929,0.6430000066757202
YMR048W,YBR002C,0,-5.7716546,0.07878527790307999,0.550000011920929,0.6431000232696533
YGR074W,YOR315W,0,-5.7716823,0.07877399027347565,0.550000011920929,0.6431999802589417
YGL122C,YPL096W,0,-5.7726035,0.0787627100944519,0.550000011920929,0.6432999968528748
YBR236C,YMR008C,0,-5.772708,0.07875142991542816,0.550000011920929,0.6434000134468079
YGR007W,YNL072W,0,-5.772889,0.07874015718698502,0.550000011920929,0.6434999704360962
YHR067W,YMR213W,0,-5.773102,0.07872888445854187,0.550000011920929,0.6435999870300293
YGL208W,YOR120W,0,-5.773633,0.07871761918067932,0.550000011920929,0.6437000036239624
YCR052W,YJL006C,0,-5.773961,0.07870635390281677,0.550000011920929,0.6438000202178955
YDL153C,YBR130C,0,-5.7740583,0.07869508862495422,0.550000011920929,0.6438999772071838
YBR275C,YMR092C,0,-5.774366,0.07868383079767227,0.550000011920929,0.6439999938011169
YIL124W,YKL054C,0,-5.7754717,0.07867258042097092,0.550000011920929,0.64410001039505
YNL327W,YFR034C,0,-5.7756286,0.07866133004426956,0.550000011920929,0.6442000269889832
YIL048W,YOR068C,1,-5.775918,0.07879307866096497,0.5509999990463257,0.6442000269889832
YMR008C,YOL059W,0,-5.7761736,0.07878181338310242,0.5509999990463257,0.6442999839782715
YOR043W,YPL115C,0,-5.7764864,0.07877054810523987,0.5509999990463257,0.6444000005722046
YLR266C,YGR140W,0,-5.7769036,0.07875929027795792,0.5509999990463257,0.6445000171661377
YAL017W,YCR042C,0,-5.7770505,0.07874803245067596,0.5509999990463257,0.644599974155426
YDR272W,YKL002W,0,-5.7772207,0.07873678207397461,0.5509999990463257,0.6446999907493591
YEL020W-A,YHR133C,0,-5.777273,0.07872553169727325,0.5509999990463257,0.6448000073432922
YNR031C,YNL121C,0,-5.7774687,0.0787142887711525,0.5509999990463257,0.6449000239372253
YLR210W,YPL140C,0,-5.7774925,0.07870304584503174,0.5509999990463257,0.6449999809265137
YDL106C,YDL005C,0,-5.777789,0.07869180291891098,0.5509999990463257,0.6450999975204468
YKL119C,YNL015W,1,-5.777825,0.07882335782051086,0.5519999861717224,0.6450999975204468
YAL041W,YKR062W,0,-5.777874,0.07881210744380951,0.5519999861717224,0.6452000141143799
YER028C,YOL063C,0,-5.7778835,0.07880085706710815,0.5519999861717224,0.6452999711036682
YAL026C,YLR005W,0,-5.7779713,0.0787896066904068,0.5519999861717224,0.6453999876976013
YCR028C,YLR081W,0,-5.7782135,0.07877836376428604,0.5519999861717224,0.6455000042915344
YGL192W,YPR065W,0,-5.7782707,0.07876712083816528,0.5519999861717224,0.6456000208854675
YPR007C,YGL032C,0,-5.7783613,0.07875588536262512,0.5519999861717224,0.6456999778747559
YOR179C,YLR452C,0,-5.7784348,0.07874464988708496,0.5519999861717224,0.645799994468689
YEL056W,YGL022W,0,-5.77845,0.0787334218621254,0.5519999861717224,0.6459000110626221
YML010W,YOR353C,0,-5.778592,0.07872219383716583,0.5519999861717224,0.6460000276565552
YJL056C,YML014W,0,-5.7787266,0.07871096581220627,0.5519999861717224,0.6460999846458435
YLR361C,YDR039C,0,-5.778884,0.0786997452378273,0.5519999861717224,0.6462000012397766
YML049C,YBR165W,0,-5.7791166,0.07868852466344833,0.5519999861717224,0.6463000178337097
YBR009C,YCR071C,0,-5.7797184,0.07867731153964996,0.5519999861717224,0.646399974822998
YOL006C,YCL001W,0,-5.7797823,0.07866609841585159,0.5519999861717224,0.6464999914169312
YNL001W,YPR135W,0,-5.7802563,0.07865488529205322,0.5519999861717224,0.6466000080108643
YIL122W,YKL016C,0,-5.780511,0.07864367961883545,0.5519999861717224,0.6467000246047974
YNL297C,YLR369W,0,-5.7806997,0.07863248139619827,0.5519999861717224,0.6467999815940857
YMR218C,YGR222W,0,-5.781111,0.0786212757229805,0.5519999861717224,0.6468999981880188
YBR293W,YPL244C,0,-5.781131,0.07861008495092392,0.5519999861717224,0.6470000147819519
YNL257C,YCR094W,0,-5.7818937,0.07859888672828674,0.5519999861717224,0.6470999717712402
YIL098C,YGL089C,0,-5.781929,0.07858769595623016,0.5519999861717224,0.6471999883651733
YIL098C,YJL047C,0,-5.7820845,0.07857651263475418,0.5519999861717224,0.6473000049591064
YIR015W,YMR292W,0,-5.782239,0.0785653293132782,0.5519999861717224,0.6474000215530396
YNL111C,YBR088C,0,-5.7823067,0.07855414599180222,0.5519999861717224,0.6474999785423279
YIR022W,YMR052W,0,-5.7827134,0.07854297012090683,0.5519999861717224,0.647599995136261
YCL034W,YBR042C,0,-5.7831483,0.07853179425001144,0.5519999861717224,0.6477000117301941
YBR030W,YKL160W,0,-5.783168,0.07852062582969666,0.5519999861717224,0.6478000283241272
YNL103W,YNR038W,0,-5.7832108,0.07850945740938187,0.5519999861717224,0.6478999853134155
YKR025W,YDL045C,0,-5.7832594,0.07849829643964767,0.5519999861717224,0.6480000019073486
YPL160W,YKR022C,0,-5.7832913,0.07848713546991348,0.5519999861717224,0.6481000185012817
YJR046W,YDR516C,0,-5.783676,0.07847597450017929,0.5519999861717224,0.6481999754905701
YGR175C,YMR246W,0,-5.7836847,0.0784648209810257,0.5519999861717224,0.6482999920845032
YKL032C,YPL117C,0,-5.7839303,0.0784536674618721,0.5519999861717224,0.6484000086784363
YJL012C,YKL080W,1,-5.78409,0.07858462631702423,0.5529999732971191,0.6484000086784363
YNR058W,YGL190C,0,-5.7841597,0.07857345789670944,0.5529999732971191,0.6485000252723694
YDR320C,YJL111W,0,-5.7842126,0.07856229692697525,0.5529999732971191,0.6485999822616577
YNL138W,YOL149W,0,-5.78426,0.07855113595724106,0.5529999732971191,0.6486999988555908
YIL026C,YLR020C,0,-5.7842894,0.07853998243808746,0.5529999732971191,0.6488000154495239
YGL071W,YMR014W,0,-5.784473,0.07852882891893387,0.5529999732971191,0.6488999724388123
YNL053W,YPL128C,0,-5.7845354,0.07851767539978027,0.5529999732971191,0.6489999890327454
YER112W,YDL175C,0,-5.7846003,0.07850652933120728,0.5529999732971191,0.6491000056266785
YOR145C,YDR078C,0,-5.7847958,0.07849538326263428,0.5529999732971191,0.6492000222206116
YGR225W,YKL191W,0,-5.7850804,0.07848424464464188,0.5529999732971191,0.6492999792098999
YMR218C,YGR013W,0,-5.7852182,0.07847310602664948,0.5529999732971191,0.649399995803833
YJL178C,YFL031W,0,-5.785233,0.07846197485923767,0.5529999732971191,0.6495000123977661
YGL111W,YER088C,0,-5.785431,0.07845084369182587,0.5529999732971191,0.6496000289916992
YAR042W,YKL055C,0,-5.7855062,0.07843971997499466,0.5529999732971191,0.6496999859809875
YOR371C,YPL224C,0,-5.785557,0.07842858880758286,0.5529999732971191,0.6498000025749207
YFL036W,YML067C,0,-5.785639,0.07841747254133224,0.5529999732971191,0.6499000191688538
YPL046C,YNL314W,0,-5.7857122,0.07840634882450104,0.5529999732971191,0.6499999761581421
YIL140W,YAL034W-A,0,-5.7860756,0.07839524000883102,0.5529999732971191,0.6500999927520752
YBR109C,YLR240W,1,-5.78633,0.07852587103843689,0.5540000200271606,0.6500999927520752
YML029W,YCR034W,0,-5.786479,0.07851473987102509,0.5540000200271606,0.6502000093460083
YBR211C,YCR042C,0,-5.786618,0.07850361615419388,0.5540000200271606,0.6503000259399414
YOR284W,YGL029W,0,-5.7867694,0.07849249243736267,0.5540000200271606,0.6503999829292297
YNL012W,YDR183W,0,-5.787008,0.07848136872053146,0.5540000200271606,0.6504999995231628
YKL051W,YLR240W,1,-5.787354,0.07861189544200897,0.5550000071525574,0.6504999995231628
YHR026W,YMR231W,1,-5.787528,0.0787423849105835,0.5559999942779541,0.6504999995231628
YCR044C,YIL173W,0,-5.787777,0.0787312388420105,0.5559999942779541,0.650600016117096
YPR138C,YLR459W,0,-5.788146,0.0787200927734375,0.5559999942779541,0.6506999731063843
YMR125W,YDR073W,0,-5.788349,0.0787089467048645,0.5559999942779541,0.6507999897003174
YOL008W,YBR216C,0,-5.7883897,0.0786978080868721,0.5559999942779541,0.6509000062942505
YPR121W,YDR201W,0,-5.7885084,0.0786866694688797,0.5559999942779541,0.6510000228881836
YKL051W,YGR020C,1,-5.7885895,0.07881703972816467,0.5569999814033508,0.6510000228881836
YBR188C,YCR037C,0,-5.78887,0.07880588620901108,0.5569999814033508,0.6510999798774719
YPR088C,YMR136W,0,-5.7889647,0.07879474014043808,0.5569999814033508,0.651199996471405
YNL282W,YLR207W,0,-5.789062,0.07878359407186508,0.5569999814033508,0.6513000130653381
YOL027C,YIR009W,0,-5.789363,0.07877244800329208,0.5569999814033508,0.6514000296592712
YPR007C,YMR112C,0,-5.789584,0.07876130938529968,0.5569999814033508,0.6514999866485596
YLR060W,YPL094C,0,-5.7897635,0.07875017821788788,0.5569999814033508,0.6516000032424927
YIL031W,YKL145W,0,-5.7897644,0.07873904705047607,0.5569999814033508,0.6517000198364258
YLR085C,YFR008W,0,-5.7902765,0.07872791588306427,0.5569999814033508,0.6517999768257141
YOL113W,YJL006C,0,-5.790498,0.07871679216623306,0.5569999814033508,0.6518999934196472
YBR289W,YGR047C,0,-5.790514,0.07870566844940186,0.5569999814033508,0.6520000100135803
YPR056W,YDR489W,0,-5.790546,0.07869454473257065,0.5569999814033508,0.6521000266075134
YKR046C,YJL095W,0,-5.790783,0.07868342846632004,0.5569999814033508,0.6521999835968018
YKR048C,YBL064C,0,-5.7907963,0.07867231965065002,0.5569999814033508,0.6523000001907349
YLR396C,YNL015W,1,-5.791021,0.0788024291396141,0.5580000281333923,0.6523000001907349
YCR002C,YDL175C,0,-5.7911615,0.0787913054227829,0.5580000281333923,0.652400016784668
YGL104C,YML006C,0,-5.7911906,0.0787801742553711,0.5580000281333923,0.6524999737739563
YMR227C,YDL231C,0,-5.7912426,0.07876905798912048,0.5580000281333923,0.6525999903678894
YJL087C,YML031W,0,-5.791259,0.07875794172286987,0.5580000281333923,0.6527000069618225
YDR212W,YDL069C,0,-5.7912955,0.07874682545661926,0.5580000281333923,0.6528000235557556
YPL002C,YHR042W,0,-5.791774,0.07873571664094925,0.5580000281333923,0.652899980545044
YNL302C,YJL108C,0,-5.7919865,0.07872460782527924,0.5580000281333923,0.652999997138977
YGR129W,YBR228W,0,-5.7922144,0.07871349900960922,0.5580000281333923,0.6531000137329102
YOR080W,YLR298C,0,-5.7924123,0.0787023976445198,0.5580000281333923,0.6531999707221985
YDL200C,YNR056C,0,-5.7924724,0.07869129627943039,0.5580000281333923,0.6532999873161316
YOR198C,YPR009W,0,-5.7926455,0.07868020236492157,0.5580000281333923,0.6534000039100647
YDR358W,YDL231C,0,-5.7929983,0.07866910845041275,0.5580000281333923,0.6535000205039978
YPL051W,YJR007W,0,-5.793274,0.07865802198648453,0.5580000281333923,0.6535999774932861
YCR033W,YLR378C,0,-5.7932835,0.0786469355225563,0.5580000281333923,0.6536999940872192
YNL283C,YOR201C,0,-5.793783,0.07863584905862808,0.5580000281333923,0.6538000106811523
YJL121C,YBR279W,0,-5.793787,0.07862477004528046,0.5580000281333923,0.6539000272750854
YKR101W,YDL232W,0,-5.794016,0.07861369103193283,0.5580000281333923,0.6539999842643738
YNL123W,YNL151C,0,-5.7940197,0.0786026194691658,0.5580000281333923,0.6541000008583069
YOL111C,YBR298C,0,-5.794171,0.07859154790639877,0.5580000281333923,0.65420001745224
YGL067W,YLL015W,0,-5.7945104,0.07858048379421234,0.5580000281333923,0.6542999744415283
YDR272W,YOR028C,0,-5.794606,0.07856941968202591,0.5580000281333923,0.6543999910354614
YJL012C,YMR054W,1,-5.794667,0.07869914174079895,0.5590000152587891,0.6543999910354614
YJR064W,YIR028W,0,-5.7948313,0.07868806272745132,0.5590000152587891,0.6545000076293945
YDR123C,YDR045C,0,-5.7948675,0.0786769911646843,0.5590000152587891,0.6546000242233276
YLR447C,YEL051W,1,-5.7949705,0.07880663871765137,0.5600000023841858,0.6546000242233276
YMR218C,YMR004W,0,-5.795527,0.07879555225372314,0.5600000023841858,0.654699981212616
YGL006W,YBL004W,0,-5.7956257,0.07878446578979492,0.5600000023841858,0.6547999978065491
YIL072W,YOR084W,0,-5.7957535,0.0787733867764473,0.5600000023841858,0.6549000144004822
YKL025C,YIL135C,0,-5.7961226,0.07876230776309967,0.5600000023841858,0.6549999713897705
YEL053C,YAL034W-A,0,-5.79632,0.07875122874975204,0.5600000023841858,0.6550999879837036
YKL051W,YBR127C,1,-5.796421,0.07888076454401016,0.5609999895095825,0.6550999879837036
YIL140W,YOR075W,0,-5.7965846,0.07886967808008194,0.5609999895095825,0.6552000045776367
YNL116W,YMR070W,0,-5.7970247,0.07885859161615372,0.5609999895095825,0.6553000211715698
YJL042W,YNL201C,0,-5.7971616,0.0788475051522255,0.5609999895095825,0.6553999781608582
YLR079W,YGL003C,0,-5.79727,0.07883642613887787,0.5609999895095825,0.6554999947547913
YBR293W,YGR085C,0,-5.79729,0.07882534712553024,0.5609999895095825,0.6556000113487244
YNL280C,YHR169W,0,-5.797328,0.07881427556276321,0.5609999895095825,0.6557000279426575
YPL037C,YDR464W,0,-5.7977114,0.07880320399999619,0.5609999895095825,0.6557999849319458
YHR139C,YHR001W-A,0,-5.7981615,0.07879213243722916,0.5609999895095825,0.6559000015258789
YBR289W,YPL214C,0,-5.7982683,0.07878106832504272,0.5609999895095825,0.656000018119812
YJL063C,YGL195W,0,-5.7984424,0.07877001166343689,0.5609999895095825,0.6560999751091003
YGR268C,YCR094W,0,-5.798831,0.07875894755125046,0.5609999895095825,0.6561999917030334
YKL045W,YGR281W,0,-5.798913,0.07874789088964462,0.5609999895095825,0.6563000082969666
YNL054W,YGL095C,1,-5.7989416,0.07887719571590424,0.5619999766349792,0.6563000082969666
YHL038C,YHR050W,0,-5.798983,0.07886612415313721,0.5619999766349792,0.6564000248908997
YER031C,YDR494W,0,-5.7989917,0.07885506004095078,0.5619999766349792,0.656499981880188
YNL075W,YGL143C,0,-5.7990046,0.07884399592876434,0.5619999766349792,0.6565999984741211
YPR005C,YML107C,0,-5.7991037,0.07883293926715851,0.5619999766349792,0.6567000150680542
YNR023W,YDR184C,0,-5.79937,0.07882188260555267,0.5619999766349792,0.6567999720573425
YJL011C,YNL259C,0,-5.7996597,0.07881082594394684,0.5619999766349792,0.6568999886512756
YPR133C,YOR046C,0,-5.7997684,0.0787997767329216,0.5619999766349792,0.6570000052452087
YPR068C,YNL135C,0,-5.8003874,0.07878872752189636,0.5619999766349792,0.6571000218391418
YOR288C,YML058W,0,-5.8004065,0.07877768576145172,0.5619999766349792,0.6571999788284302
YGR095C,YGL051W,0,-5.800874,0.07876664400100708,0.5619999766349792,0.6572999954223633
YFL004W,YHR026W,1,-5.8011,0.07889574021100998,0.5630000233650208,0.6572999954223633
YKL099C,YGL065C,0,-5.801175,0.07888468354940414,0.5630000233650208,0.6574000120162964
YGL119W,YDR527W,0,-5.801474,0.0788736343383789,0.5630000233650208,0.6575000286102295
YMR184W,YCR027C,0,-5.8015356,0.07886258512735367,0.5630000233650208,0.6575999855995178
YCR024C-A,YBR002C,0,-5.801653,0.07885154336690903,0.5630000233650208,0.6577000021934509
YNL293W,YBR162C,0,-5.8017516,0.07884050160646439,0.5630000233650208,0.657800018787384
YDL174C,YLR215C,0,-5.801894,0.07882945984601974,0.5630000233650208,0.6578999757766724
YNL272C,YPL115C,0,-5.8019333,0.0788184255361557,0.5630000233650208,0.6579999923706055
YDR495C,YDR080W,1,-5.8019567,0.07894736528396606,0.5640000104904175,0.6579999923706055
YPL160W,YNL113W,0,-5.8025923,0.07893631607294083,0.5640000104904175,0.6581000089645386
YOR145C,YHR053C,0,-5.8026943,0.07892527431249619,0.5640000104904175,0.6582000255584717
YDR177W,YML025C,0,-5.803099,0.07891423255205154,0.5640000104904175,0.65829998254776
YPR190C,YJL121C,0,-5.8032084,0.0789031907916069,0.5640000104904175,0.6583999991416931
YOL115W,YFR052W,0,-5.803265,0.07889214903116226,0.5640000104904175,0.6585000157356262
YCR002C,YGR041W,0,-5.8034,0.07888112217187881,0.5640000104904175,0.6585999727249146
YOR351C,YPL164C,0,-5.8035736,0.07887008786201477,0.5640000104904175,0.6586999893188477
YKL165C,YOR354C,0,-5.8035784,0.07885906100273132,0.5640000104904175,0.6588000059127808
YBR254C,YDR422C,0,-5.8038125,0.07884803414344788,0.5640000104904175,0.6589000225067139
YNL326C,YHR060W,1,-5.8040466,0.07897679507732391,0.5649999976158142,0.6589000225067139
YDR017C,YBR127C,1,-5.804268,0.07910551875829697,0.5659999847412109,0.6589000225067139
YPL053C,YOL043C,0,-5.8044667,0.07909446954727173,0.5659999847412109,0.6589999794960022
YOR198C,YIL110W,0,-5.805025,0.0790834128856659,0.5659999847412109,0.6590999960899353
YDR392W,YPR007C,0,-5.8050904,0.07907236367464066,0.5659999847412109,0.6592000126838684
YGR162W,YMR091C,0,-5.8053536,0.07906132191419601,0.5659999847412109,0.6593000292778015
YPL008W,YGL254W,0,-5.8056707,0.07905028015375137,0.5659999847412109,0.6593999862670898
YOR068C,YGL095C,1,-5.80569,0.07917888462543488,0.5669999718666077,0.6593999862670898
YHR053C,YIL068C,0,-5.805771,0.07916782796382904,0.5669999718666077,0.659500002861023
YPL233W,YPL055C,0,-5.8057747,0.0791567787528038,0.5669999718666077,0.659600019454956
YJR001W,YJR019C,0,-5.805871,0.07914572954177856,0.5669999718666077,0.6596999764442444
YIL035C,YOL013C,0,-5.8063927,0.07913468033075333,0.5669999718666077,0.6597999930381775
YFL036W,YDL043C,0,-5.8064456,0.07912363857030869,0.5669999718666077,0.6599000096321106
YOR140W,YPL129W,0,-5.8072815,0.07911259680986404,0.5669999718666077,0.6600000262260437
YDL225W,YML098W,0,-5.807459,0.0791015625,0.5669999718666077,0.660099983215332
YMR076C,YGL006W,0,-5.8074665,0.07909052819013596,0.5669999718666077,0.6601999998092651
YBR059C,YNL135C,0,-5.8075075,0.07907950133085251,0.5669999718666077,0.6603000164031982
YJR104C,YGL070C,0,-5.807744,0.07906846702098846,0.5669999718666077,0.6603999733924866
YKL135C,YLR016C,0,-5.8080683,0.07905744761228561,0.5669999718666077,0.6604999899864197
YGL171W,YBR295W,0,-5.808545,0.07904642075300217,0.5669999718666077,0.6606000065803528
YOL055C,YDR039C,0,-5.808775,0.07903540879487991,0.5669999718666077,0.6607000231742859
YOR160W,YGR028W,0,-5.8088207,0.07902438938617706,0.5669999718666077,0.6607999801635742
YOR079C,YOL004W,0,-5.808857,0.07901337742805481,0.5669999718666077,0.6608999967575073
YHR204W,YGR206W,0,-5.8090625,0.07900236546993256,0.5669999718666077,0.6610000133514404
YGR216C,YGL122C,0,-5.8091497,0.0789913609623909,0.5669999718666077,0.6610999703407288
YDR394W,YJL094C,0,-5.8092327,0.07898035645484924,0.5669999718666077,0.6611999869346619
YNL188W,YNL049C,0,-5.8093367,0.07896935939788818,0.5669999718666077,0.661300003528595
YLR272C,YIL030C,0,-5.809602,0.07895836234092712,0.5669999718666077,0.6614000201225281
YDL212W,YGL227W,0,-5.809681,0.07894736528396606,0.5669999718666077,0.6614999771118164
YPL069C,YDR362C,0,-5.8097034,0.0789363756775856,0.5669999718666077,0.6615999937057495
YPR017C,YBR009C,0,-5.809718,0.07892538607120514,0.5669999718666077,0.6617000102996826
YIL051C,YIR008C,0,-5.8097434,0.07891440391540527,0.5669999718666077,0.6618000268936157
YKL058W,YPR155C,0,-5.809767,0.07890342175960541,0.5669999718666077,0.661899983882904
YOR109W,YDR227W,0,-5.809863,0.07889244705438614,0.5669999718666077,0.6620000004768372
YER001W,YGR009C,0,-5.8102903,0.07888147234916687,0.5669999718666077,0.6621000170707703
YGR220C,YHR074W,0,-5.8103986,0.0788704976439476,0.5669999718666077,0.6621999740600586
YER049W,YDR057W,0,-5.81047,0.07885953038930893,0.5669999718666077,0.6622999906539917
YBR173C,YMR247C,0,-5.8110437,0.07884856313467026,0.5669999718666077,0.6624000072479248
YDL153C,YGL028C,0,-5.8112087,0.07883759588003159,0.5669999718666077,0.6625000238418579
YPR051W,YDL055C,0,-5.811364,0.07882663607597351,0.5669999718666077,0.6625999808311462
YGL008C,YPR100W,0,-5.8113723,0.07881567627191544,0.5669999718666077,0.6626999974250793
YBR173C,YOR004W,0,-5.812265,0.07880472391843796,0.5669999718666077,0.6628000140190125
YJL100W,YBL011W,0,-5.8124466,0.07879377156496048,0.5669999718666077,0.6628999710083008
YDR297W,YDR329C,0,-5.812623,0.0787828266620636,0.5669999718666077,0.6629999876022339
YKL191W,YGR144W,0,-5.812832,0.07877188175916672,0.5669999718666077,0.663100004196167
YLR015W,YDL076C,0,-5.81304,0.07876093685626984,0.5669999718666077,0.6632000207901001
YOR284W,YBR170C,0,-5.8138504,0.07874999940395355,0.5669999718666077,0.6632999777793884
YGL055W,YGL144C,0,-5.8138947,0.07873906195163727,0.5669999718666077,0.6633999943733215
YPR168W,YLR008C,0,-5.8140807,0.07872813194990158,0.5669999718666077,0.6635000109672546
YDL077C,YGL095C,1,-5.814085,0.07885602861642838,0.5680000185966492,0.6635000109672546
YPR154W,YPR176C,0,-5.8141203,0.0788450837135315,0.5680000185966492,0.6636000275611877
YPL206C,YML085C,0,-5.8143,0.07883414626121521,0.5680000185966492,0.6636999845504761
YJL192C,YLR059C,0,-5.814662,0.07882320135831833,0.5680000185966492,0.6638000011444092
YLR172C,YIL049W,0,-5.814729,0.07881226390600204,0.5680000185966492,0.6639000177383423
YHR120W,YER168C,0,-5.8149242,0.07880133390426636,0.5680000185966492,0.6639999747276306
YKL080W,YEL051W,1,-5.8152514,0.0789291188120842,0.5690000057220459,0.6639999747276306
YOR310C,YBR289W,0,-5.8155622,0.07891816645860672,0.5690000057220459,0.6640999913215637
YDR310C,YGR029W,0,-5.816288,0.07890722155570984,0.5690000057220459,0.6642000079154968
YFL058W,YKR079C,0,-5.81629,0.07889628410339355,0.5690000057220459,0.6643000245094299
YDR182W,YHR120W,0,-5.816991,0.07888534665107727,0.5690000057220459,0.6643999814987183
YER120W,YPR051W,0,-5.81707,0.07887440919876099,0.5690000057220459,0.6644999980926514
YLR355C,YKL190W,0,-5.8171678,0.0788634791970253,0.5690000057220459,0.6646000146865845
YGL210W,YML081C-A,0,-5.8173766,0.07885254919528961,0.5690000057220459,0.6646999716758728
YDR279W,YER015W,0,-5.8174334,0.07884162664413452,0.5690000057220459,0.6647999882698059
YKL172W,YOR281C,0,-5.8174534,0.07883070409297943,0.5690000057220459,0.664900004863739
YDR461W,YLR028C,0,-5.817603,0.07881978154182434,0.5690000057220459,0.6650000214576721
YJL024C,YNL329C,0,-5.8176427,0.07880886644124985,0.5690000057220459,0.6650999784469604
YLR313C,YPL055C,0,-5.8177752,0.07879795134067535,0.5690000057220459,0.6651999950408936
YDR460W,YJR066W,0,-5.8178997,0.07878703624010086,0.5690000057220459,0.6653000116348267
YGR020C,YHR174W,1,-5.8180466,0.078914575278759,0.5699999928474426,0.6653000116348267
YPL268W,YDR017C,1,-5.8180704,0.07904208451509476,0.5709999799728394,0.6653000116348267
YLR039C,YDL128W,0,-5.8181143,0.07903113961219788,0.5709999799728394,0.6654000282287598
YLR131C,YNL216W,0,-5.818138,0.07902020215988159,0.5709999799728394,0.6654999852180481
YPL190C,YGR284C,0,-5.8181734,0.0790092721581459,0.5709999799728394,0.6656000018119812
YOR171C,YML105C,0,-5.818224,0.07899834215641022,0.5709999799728394,0.6657000184059143
YPR122W,YJR090C,0,-5.8184795,0.07898741215467453,0.5709999799728394,0.6657999753952026
YGL065C,YKL170W,0,-5.818554,0.07897648960351944,0.5709999799728394,0.6658999919891357
YGR014W,YHL019C,0,-5.818927,0.07896556705236435,0.5709999799728394,0.6660000085830688
YDR483W,YGR078C,0,-5.819356,0.07895464450120926,0.5709999799728394,0.666100025177002
YNL166C,YMR060C,0,-5.819916,0.07894372940063477,0.5709999799728394,0.6661999821662903
YPL268W,YDR328C,1,-5.819975,0.0790710523724556,0.5720000267028809,0.6661999821662903
YCR063W,YJL194W,0,-5.8200555,0.07906012237071991,0.5720000267028809,0.6662999987602234
YCR037C,YJL156C,0,-5.8202424,0.07904919981956482,0.5720000267028809,0.6664000153541565
YOR328W,YOR361C,0,-5.8206844,0.07903827726840973,0.5720000267028809,0.6664999723434448
YHR026W,YEL013W,1,-5.8209677,0.079165518283844,0.5730000138282776,0.6664999723434448
YOR362C,YLR452C,0,-5.8211417,0.07915458083152771,0.5730000138282776,0.6665999889373779
YDR225W,YHR135C,0,-5.821327,0.07914364337921143,0.5730000138282776,0.666700005531311
YKR036C,YIL125W,0,-5.8217936,0.07913271337747574,0.5730000138282776,0.6668000221252441
YLR423C,YML043C,0,-5.821867,0.07912179082632065,0.5730000138282776,0.6668999791145325
YPR033C,YBR049C,0,-5.8221693,0.07911086827516556,0.5730000138282776,0.6669999957084656
YHR026W,YLR240W,1,-5.822418,0.07923799008131027,0.5740000009536743,0.6669999957084656
YER024W,YDR369C,0,-5.822564,0.07922705262899399,0.5740000009536743,0.6671000123023987
YPL266W,YDR219C,0,-5.8227224,0.0792161226272583,0.5740000009536743,0.6672000288963318
YBR243C,YJL196C,0,-5.822854,0.07920518517494202,0.5740000009536743,0.6672999858856201
YJR046W,YOR087W,0,-5.823044,0.07919426262378693,0.5740000009536743,0.6674000024795532
YLR015W,YLR059C,0,-5.8232336,0.07918333262205124,0.5740000009536743,0.6675000190734863
YGL066W,YBR068C,0,-5.824221,0.07917241007089615,0.5740000009536743,0.6675999760627747
YEL066W,YHL027W,0,-5.824437,0.07916149497032166,0.5740000009536743,0.6676999926567078
YLR136C,YJR083C,0,-5.824538,0.07915057986974716,0.5740000009536743,0.6678000092506409
YNL065W,YJR126C,0,-5.8247404,0.07913966476917267,0.5740000009536743,0.667900025844574
YBL040C,YGR094W,0,-5.824835,0.07912875711917877,0.5740000009536743,0.6679999828338623
YNL117W,YDR276C,0,-5.8249965,0.07911784946918488,0.5740000009536743,0.6680999994277954
YDR353W,YOR320C,0,-5.8252506,0.07910694926977158,0.5740000009536743,0.6682000160217285
YOR253W,YHR096C,0,-5.825519,0.07909604161977768,0.5740000009536743,0.6682999730110168
YLR148W,YPR036W,1,-5.8255434,0.07922292500734329,0.574999988079071,0.6682999730110168
YIL125W,YNL107W,0,-5.82571,0.0792120099067688,0.574999988079071,0.66839998960495
YGR046W,YDL060W,0,-5.8259335,0.0792011022567749,0.574999988079071,0.6685000061988831
YDR389W,YPL125W,0,-5.826174,0.079190194606781,0.574999988079071,0.6686000227928162
YNL027W,YGL120C,0,-5.826189,0.07917928695678711,0.574999988079071,0.6686999797821045
YLR117C,YPL110C,0,-5.826194,0.07916838675737381,0.574999988079071,0.6687999963760376
YKL051W,YGR209C,1,-5.826302,0.07929515093564987,0.5759999752044678,0.6687999963760376
YLR288C,YJR019C,0,-5.826448,0.07928423583507538,0.5759999752044678,0.6689000129699707
YJR121W,YJR009C,0,-5.826625,0.07927332818508148,0.5759999752044678,0.6690000295639038
YBR098W,YGR204W,0,-5.826876,0.07926242053508759,0.5759999752044678,0.6690999865531921
YBR095C,YLR234W,0,-5.8268933,0.07925151288509369,0.5759999752044678,0.6692000031471252
YER120W,YJL062W,0,-5.827001,0.07924061268568039,0.5759999752044678,0.6693000197410583
YLR285W,YDR295C,0,-5.82755,0.07922971248626709,0.5759999752044678,0.6693999767303467
YKL195W,YOR140W,0,-5.82764,0.07921881228685379,0.5759999752044678,0.6694999933242798
YCR048W,YGR186W,0,-5.827718,0.07920791953802109,0.5759999752044678,0.6696000099182129
YDR478W,YOL139C,0,-5.8277254,0.07919702678918839,0.5759999752044678,0.669700026512146
YLR163C,YML064C,0,-5.827805,0.07918614149093628,0.5759999752044678,0.6697999835014343
YER061C,YPR029C,0,-5.828253,0.07917525619268417,0.5759999752044678,0.6699000000953674
YMR293C,YGL030W,0,-5.8282537,0.07916437834501266,0.5759999752044678,0.6700000166893005
YNL079C,YCL063W,1,-5.828469,0.07929091900587082,0.5770000219345093,0.6700000166893005
YMR276W,YIL009W,0,-5.828493,0.07928001880645752,0.5770000219345093,0.6700999736785889
YEL004W,YOR129C,0,-5.82868,0.07926913350820541,0.5770000219345093,0.670199990272522
YAL029C,YNL250W,0,-5.828859,0.07925824075937271,0.5770000219345093,0.6703000068664551
YAL003W,YPR168W,0,-5.828921,0.0792473554611206,0.5770000219345093,0.6704000234603882
YIL159W,YGL053W,0,-5.8290024,0.0792364701628685,0.5770000219345093,0.6704999804496765
YHR072W,YJL098W,0,-5.8290052,0.07922559231519699,0.5770000219345093,0.6705999970436096
YOL094C,YGL032C,0,-5.829173,0.07921471446752548,0.5770000219345093,0.6707000136375427
YLR361C,YMR211W,0,-5.829324,0.07920384407043457,0.5770000219345093,0.670799970626831
YKR068C,YDR411C,0,-5.8296103,0.07919297367334366,0.5770000219345093,0.6708999872207642
YNL332W,YLR372W,0,-5.829652,0.07918210327625275,0.5770000219345093,0.6710000038146973
YPR065W,YLR450W,0,-5.829665,0.07917124032974243,0.5770000219345093,0.6711000204086304
YDR030C,YHR163W,0,-5.829731,0.07916037738323212,0.5770000219345093,0.6711999773979187
YNL166C,YJL140W,0,-5.8299246,0.0791495218873024,0.5770000219345093,0.6712999939918518
YNL064C,YPR135W,0,-5.8300033,0.07913866639137268,0.5770000219345093,0.6714000105857849
YDR120C,YDR494W,0,-5.830035,0.07912781089544296,0.5770000219345093,0.671500027179718
YDR414C,YOR129C,0,-5.830127,0.07911696285009384,0.5770000219345093,0.6715999841690063
YKL175W,YJL129C,0,-5.8304987,0.07910611480474472,0.5770000219345093,0.6717000007629395
YBL090W,YMR283C,0,-5.8305573,0.0790952742099762,0.5770000219345093,0.6718000173568726
YPL268W,YBL050W,1,-5.831051,0.07922149449586868,0.578000009059906,0.6718000173568726
YNL275W,YOL147C,0,-5.8313856,0.07921063154935837,0.578000009059906,0.6718999743461609
YML088W,YHR183W,0,-5.831418,0.07919978350400925,0.578000009059906,0.671999990940094
YOR005C,YOL044W,0,-5.8317156,0.07918892800807953,0.578000009059906,0.6721000075340271
YPL110C,YML078W,0,-5.831852,0.07917807996273041,0.578000009059906,0.6722000241279602
YPR139C,YLR081W,0,-5.8318653,0.07916723936796188,0.578000009059906,0.6722999811172485
YML023C,YOL042W,0,-5.8319077,0.07915639877319336,0.578000009059906,0.6723999977111816
YLR052W,YLR103C,0,-5.8320518,0.07914555817842484,0.578000009059906,0.6725000143051147
YBL099W,YNL053W,0,-5.8321233,0.07913471758365631,0.578000009059906,0.6725999712944031
YCL063W,YLR240W,1,-5.832253,0.07926078140735626,0.5789999961853027,0.6725999712944031
YPR095C,YDL128W,0,-5.8322806,0.07924993336200714,0.5789999961853027,0.6726999878883362
YDL134C,YHR013C,0,-5.832576,0.07923908531665802,0.5789999961853027,0.6728000044822693
YOR353C,YKL025C,0,-5.8327036,0.0792282447218895,0.5789999961853027,0.6729000210762024
YHL036W,YGL025C,0,-5.8328285,0.07921740412712097,0.5789999961853027,0.6729999780654907
YGL008C,YHR200W,0,-5.832896,0.07920656353235245,0.5789999961853027,0.6730999946594238
YNR031C,YGR063C,0,-5.832942,0.07919573038816452,0.5789999961853027,0.6732000112533569
YBR167C,YAL055W,0,-5.833473,0.07918490469455719,0.5789999961853027,0.67330002784729
YBR200W,YMR044W,0,-5.833791,0.07917407155036926,0.5789999961853027,0.6733999848365784
YJR090C,YLR107W,0,-5.833868,0.07916324585676193,0.5789999961853027,0.6735000014305115
YPL010W,YPR199C,0,-5.8339868,0.0791524276137352,0.5789999961853027,0.6736000180244446
YPR094W,YOR386W,0,-5.8343496,0.07914160937070847,0.5789999961853027,0.6736999750137329
YGL191W,YMR220W,0,-5.834417,0.07913079112768173,0.5789999961853027,0.673799991607666
YMR035W,YOR373W,0,-5.8348103,0.0791199803352356,0.5789999961853027,0.6739000082015991
YBR123C,YGR281W,0,-5.834939,0.07910916954278946,0.5789999961853027,0.6740000247955322
YNL148C,YPR086W,0,-5.835046,0.07909835875034332,0.5789999961853027,0.6740999817848206
YIL115C,YER107C,0,-5.835056,0.07908755540847778,0.5789999961853027,0.6741999983787537
YMR106C,YHR041C,0,-5.835491,0.07907675206661224,0.5789999961853027,0.6743000149726868
YGR078C,YOR217W,0,-5.8361044,0.0790659561753273,0.5789999961853027,0.6743999719619751
YCR028C,YKR027W,0,-5.836172,0.07905516028404236,0.5789999961853027,0.6744999885559082
YBR212W,YJL196C,0,-5.8362427,0.07904437184333801,0.5789999961853027,0.6746000051498413
YFL039C,YEL013W,1,-5.8364344,0.07917007803916931,0.5799999833106995,0.6746000051498413
YNL197C,YCR027C,0,-5.836743,0.07915927469730377,0.5799999833106995,0.6747000217437744
YBR274W,YOR063W,0,-5.8367443,0.07914847135543823,0.5799999833106995,0.6747999787330627
YGR083C,YBL061C,0,-5.836854,0.07913767546415329,0.5799999833106995,0.6748999953269958
YKL203C,YIL016W,0,-5.8370314,0.07912687957286835,0.5799999833106995,0.675000011920929
YLR052W,YPL046C,0,-5.8373914,0.0791160836815834,0.5799999833106995,0.6751000285148621
YDL043C,YGL241W,0,-5.8378754,0.07910529524087906,0.5799999833106995,0.6751999855041504
YER061C,YBR015C,0,-5.837882,0.07909450680017471,0.5799999833106995,0.6753000020980835
YDR284C,YKL006C-A,0,-5.8379054,0.07908371835947037,0.5799999833106995,0.6754000186920166
YNL261W,YCR098C,0,-5.837929,0.07907293736934662,0.5799999833106995,0.6754999756813049
YBR020W,YJL006C,0,-5.838093,0.07906215637922287,0.5799999833106995,0.675599992275238
YLR186W,YDL052C,0,-5.838127,0.07905138283967972,0.5799999833106995,0.6757000088691711
YML010W,YGL099W,0,-5.8381815,0.07904060930013657,0.5799999833106995,0.6758000254631042
YLR043C,YPL268W,1,-5.8381963,0.07916609942913055,0.5809999704360962,0.6758000254631042
YPL234C,YNL326C,1,-5.8383017,0.07929155230522156,0.5820000171661377,0.6758000254631042
YJR004C,YIR028W,0,-5.838705,0.07928074896335602,0.5820000171661377,0.6758999824523926
YML021C,YGL227W,0,-5.8387337,0.07926995307207108,0.5820000171661377,0.6759999990463257
YMR283C,YDR276C,0,-5.8388743,0.07925915718078613,0.5820000171661377,0.6761000156402588
YCL063W,YDR328C,1,-5.839485,0.07938452810049057,0.5830000042915344,0.6761000156402588
YLR155C,YBR288C,0,-5.8399396,0.07937372475862503,0.5830000042915344,0.6761999726295471
YNL225C,YHR114W,0,-5.8400583,0.07936292141675949,0.5830000042915344,0.6762999892234802
YPL268W,YNL015W,1,-5.840067,0.07948822528123856,0.5839999914169312,0.6762999892234802
YBR260C,YDR508C,0,-5.8401775,0.07947740703821182,0.5839999914169312,0.6764000058174133
YGL172W,YPL256C,0,-5.840345,0.07946659624576569,0.5839999914169312,0.6765000224113464
YHR193C,YOR351C,0,-5.840638,0.07945578545331955,0.5839999914169312,0.6765999794006348
YDR429C,YCR057C,0,-5.8407803,0.07944497466087341,0.5839999914169312,0.6766999959945679
YPL059W,YDR297W,0,-5.8410206,0.07943416386842728,0.5839999914169312,0.676800012588501
YCL055W,YBR110W,0,-5.841119,0.07942336797714233,0.5839999914169312,0.6769000291824341
YDR088C,YOL016C,0,-5.841878,0.0794125646352768,0.5839999914169312,0.6769999861717224
YFL029C,YLR086W,0,-5.842097,0.07940176874399185,0.5839999914169312,0.6771000027656555
YIL070C,YBL106C,0,-5.84237,0.07939097285270691,0.5839999914169312,0.6772000193595886
YDL015C,YNR052C,0,-5.8424473,0.07938018441200256,0.5839999914169312,0.677299976348877
YGL112C,YHL002W,0,-5.8425865,0.07936939597129822,0.5839999914169312,0.6773999929428101
YML010W,YOR329C,0,-5.843053,0.07935860753059387,0.5839999914169312,0.6775000095367432
YMR112C,YHR200W,0,-5.843399,0.07934782654047012,0.5839999914169312,0.6776000261306763
YBL046W,YBR026C,0,-5.8436756,0.07933704555034637,0.5839999914169312,0.6776999831199646
YHR116W,YDR440W,0,-5.8438416,0.07932627201080322,0.5839999914169312,0.6777999997138977
YFR013W,YHR120W,0,-5.8440847,0.07931549847126007,0.5839999914169312,0.6779000163078308
YAL047C,YDR002W,0,-5.8446546,0.07930472493171692,0.5839999914169312,0.6779999732971191
YDR255C,YPL100W,0,-5.8450155,0.07929395884275436,0.5839999914169312,0.6780999898910522
YJL154C,YPR135W,0,-5.845311,0.07928319275379181,0.5839999914169312,0.6782000064849854
YHL048W,YDR168W,0,-5.8455806,0.07927243411540985,0.5839999914169312,0.6783000230789185
YKL110C,YOR007C,0,-5.8457294,0.0792616754770279,0.5839999914169312,0.6783999800682068
YPR124W,YMR149W,0,-5.845917,0.07925091683864594,0.5839999914169312,0.6784999966621399
YLR200W,YHR053C,0,-5.846553,0.07924016565084457,0.5839999914169312,0.678600013256073
YGR193C,YIL072W,0,-5.8468857,0.07922941446304321,0.5839999914169312,0.6786999702453613
YMR100W,YLR313C,0,-5.8469934,0.07921866327524185,0.5839999914169312,0.6787999868392944
YLR069C,YOR298C-A,0,-5.8470335,0.07920791953802109,0.5839999914169312,0.6789000034332275
YDR312W,YLR028C,0,-5.847049,0.07919717580080032,0.5839999914169312,0.6790000200271606
YDL134C,YPL265W,0,-5.8471794,0.07918643951416016,0.5839999914169312,0.679099977016449
YPL059W,YGL124C,0,-5.8472676,0.07917570322751999,0.5839999914169312,0.6791999936103821
YPL140C,YDL243C,0,-5.8474827,0.07916497439146042,0.5839999914169312,0.6793000102043152
YNL042W,YBR165W,0,-5.847574,0.07915424555540085,0.5839999914169312,0.6794000267982483
YHR027C,YER183C,0,-5.847605,0.07914351671934128,0.5839999914169312,0.6794999837875366
YIL023C,YNL304W,0,-5.8476405,0.07913278788328171,0.5839999914169312,0.6796000003814697
YDL150W,YMR113W,0,-5.848274,0.07912206649780273,0.5839999914169312,0.6797000169754028
YHR161C,YPL037C,0,-5.848399,0.07911135256290436,0.5839999914169312,0.6797999739646912
YOR233W,YOR084W,0,-5.848443,0.07910063862800598,0.5839999914169312,0.6798999905586243
YNL054W,YNL079C,1,-5.848491,0.07922535389661789,0.5849999785423279,0.6798999905586243
YBR254C,YLR192C,0,-5.848755,0.07921462506055832,0.5849999785423279,0.6800000071525574
YNR011C,YLR291C,0,-5.8490353,0.07920389622449875,0.5849999785423279,0.6801000237464905
YGR270W,YJL060W,0,-5.8491173,0.07919317483901978,0.5849999785423279,0.6801999807357788
YLR034C,YPL140C,0,-5.849346,0.0791824609041214,0.5849999785423279,0.6802999973297119
YBL022C,YMR308C,0,-5.849517,0.07917173951864243,0.5849999785423279,0.680400013923645
YKL051W,YCL063W,1,-5.8497696,0.07929634302854538,0.5860000252723694,0.680400013923645
YAL042W,YBR296C,0,-5.849786,0.07928561419248581,0.5860000252723694,0.6804999709129333
YDL060W,YPR165W,0,-5.849979,0.07927489280700684,0.5860000252723694,0.6805999875068665
YKL114C,YLR452C,0,-5.850018,0.07926417142152786,0.5860000252723694,0.6807000041007996
YNL121C,YGR281W,0,-5.8501816,0.07925345003604889,0.5860000252723694,0.6808000206947327
YNL054W,YEL051W,1,-5.8509016,0.07937795668840408,0.5870000123977661,0.6808000206947327
YKL189W,YDR002W,0,-5.850928,0.07936722785234451,0.5870000123977661,0.680899977684021
YAL013W,YER027C,0,-5.851011,0.07935649901628494,0.5870000123977661,0.6809999942779541
YBR253W,YLR028C,0,-5.8510847,0.07934577018022537,0.5870000123977661,0.6811000108718872
YLR148W,YHR174W,1,-5.8512774,0.0794702023267746,0.5879999995231628,0.6811000108718872
YDR353W,YGR098C,0,-5.8517647,0.07945945858955383,0.5879999995231628,0.6812000274658203
YKL130C,YDL165W,0,-5.8519783,0.07944872230291367,0.5879999995231628,0.6812999844551086
YDR414C,YIL070C,0,-5.852402,0.0794379860162735,0.5879999995231628,0.6814000010490417
YOR253W,YBR084W,0,-5.8525963,0.07942725718021393,0.5879999995231628,0.6815000176429749
YDR318W,YLR095C,0,-5.8532014,0.07941652834415436,0.5879999995231628,0.6815999746322632
YBR042C,YOR281C,0,-5.8533907,0.07940580695867538,0.5879999995231628,0.6816999912261963
YNL084C,YDR088C,0,-5.85347,0.07939508557319641,0.5879999995231628,0.6818000078201294
YGL229C,YFR052W,0,-5.853785,0.07938436418771744,0.5879999995231628,0.6819000244140625
YGR046W,YOL043C,0,-5.8540545,0.07937365025281906,0.5879999995231628,0.6819999814033508
YOR299W,YMR234W,0,-5.8541894,0.07936293631792068,0.5879999995231628,0.6820999979972839
YHR086W,YIL110W,0,-5.8551784,0.0793522298336029,0.5879999995231628,0.682200014591217
YJL184W,YLR291C,0,-5.8552537,0.07934151589870453,0.5879999995231628,0.6822999715805054
YKR090W,YGL241W,0,-5.8556604,0.07933081686496735,0.5879999995231628,0.6823999881744385
YER053C,YOR182C,0,-5.855936,0.07932011038064957,0.5879999995231628,0.6825000047683716
YCR048W,YKL041W,0,-5.8560495,0.07930941134691238,0.5879999995231628,0.6826000213623047
YMR145C,YPR074C,0,-5.856284,0.0792987197637558,0.5879999995231628,0.682699978351593
YBR165W,YGR281W,0,-5.8565855,0.07928802818059921,0.5879999995231628,0.6827999949455261
YBR250W,YJR083C,0,-5.857021,0.07927733659744263,0.5879999995231628,0.6829000115394592
YLR181C,YOR004W,0,-5.857203,0.07926664501428604,0.5879999995231628,0.6830000281333923
YOR057W,YJL014W,0,-5.857317,0.07925596088171005,0.5879999995231628,0.6830999851226807
YOR156C,YPL175W,0,-5.857505,0.07924528419971466,0.5879999995231628,0.6832000017166138
YJL047C,YMR117C,0,-5.8579865,0.07923460751771927,0.5879999995231628,0.6833000183105469
YDL185W,YMR231W,1,-5.8580427,0.07935866713523865,0.5889999866485596,0.6833000183105469
YLR418C,YBL032W,0,-5.8587637,0.07934797555208206,0.5889999866485596,0.6833999752998352
YKR038C,YPR190C,0,-5.858898,0.07933728396892548,0.5889999866485596,0.6834999918937683
YBR162C,YJL190C,0,-5.8589725,0.07932659983634949,0.5889999866485596,0.6836000084877014
YPL119C,YLR103C,0,-5.858989,0.0793159157037735,0.5889999866485596,0.6837000250816345
YPR033C,YDL155W,0,-5.8590417,0.0793052390217781,0.5889999866485596,0.6837999820709229
YAR031W,YKL060C,0,-5.8593044,0.07929456233978271,0.5889999866485596,0.683899998664856
YNL251C,YJL061W,0,-5.8594446,0.07928388565778732,0.5889999866485596,0.6840000152587891
YMR013C,YPL057C,0,-5.8595896,0.07927321642637253,0.5889999866485596,0.6840999722480774
YML046W,YNR035C,0,-5.8600736,0.07926254719495773,0.5889999866485596,0.6841999888420105
YHR077C,YNR016C,0,-5.8606687,0.07925188541412354,0.5889999866485596,0.6843000054359436
YMR314W,YHR083W,0,-5.8611403,0.07924122363328934,0.5889999866485596,0.6844000220298767
YOR005C,YGR063C,0,-5.8614736,0.07923056185245514,0.5889999866485596,0.684499979019165
YGR227W,YOR193W,0,-5.861498,0.07921990752220154,0.5889999866485596,0.6845999956130981
YJR086W,YDR440W,0,-5.861634,0.07920925319194794,0.5889999866485596,0.6847000122070312
YBR289W,YML078W,0,-5.8616443,0.07919859886169434,0.5889999866485596,0.6848000288009644
YLR361C,YGL195W,0,-5.861659,0.07918795198202133,0.5889999866485596,0.6848999857902527
YLR147C,YGL106W,0,-5.8623295,0.07917730510234833,0.5889999866485596,0.6850000023841858
YDL201W,YBR279W,0,-5.8628063,0.07916666567325592,0.5889999866485596,0.6851000189781189
YJL208C,YOR168W,0,-5.8629045,0.07915602624416351,0.5889999866485596,0.6851999759674072
YER173W,YER116C,0,-5.8639994,0.0791453942656517,0.5889999866485596,0.6852999925613403
YLR148W,YOR068C,1,-5.864302,0.07926911115646362,0.5899999737739563,0.6852999925613403
YIL037C,YKL046C,0,-5.8645406,0.07925846427679062,0.5899999737739563,0.6854000091552734
YNL329C,YIL051C,0,-5.8646007,0.07924781739711761,0.5899999737739563,0.6855000257492065
YDR182W,YML080W,0,-5.8647623,0.07923717796802521,0.5899999737739563,0.6855999827384949
YMR319C,YPL075W,0,-5.864813,0.0792265310883522,0.5899999737739563,0.685699999332428
YGL142C,YPR029C,0,-5.8648577,0.0792158991098404,0.5899999737739563,0.6858000159263611
YJL024C,YMR140W,0,-5.864916,0.07920525968074799,0.5899999737739563,0.6858999729156494
YIR033W,YJL178C,0,-5.865161,0.07919462770223618,0.5899999737739563,0.6859999895095825
YDR308C,YJL041W,0,-5.8652,0.07918400317430496,0.5899999737739563,0.6861000061035156
YHR188C,YLR371W,0,-5.8652606,0.07917337864637375,0.5899999737739563,0.6862000226974487
YJL024C,YCL029C,0,-5.865346,0.07916275411844254,0.5899999737739563,0.6862999796867371
YMR216C,YKL154W,0,-5.8653526,0.07915212959051132,0.5899999737739563,0.6863999962806702
YHR039C-A,YEL051W,1,-5.8654923,0.07927565276622772,0.5910000205039978,0.6863999962806702
YGL065C,YOL144W,0,-5.8655186,0.07926502078771591,0.5910000205039978,0.6865000128746033
YOR079C,YOR127W,0,-5.8660135,0.0792543888092041,0.5910000205039978,0.6866000294685364
YLR191W,YLR378C,0,-5.866032,0.07924376428127289,0.5910000205039978,0.6866999864578247
YNL326C,YMR231W,1,-5.8662443,0.07936720550060272,0.5920000076293945,0.6866999864578247
YBR221C,YJL198W,0,-5.8664293,0.07935656607151031,0.5920000076293945,0.6868000030517578
YBL050W,YNL079C,1,-5.866683,0.07947996258735657,0.5929999947547913,0.6868000030517578
YBL022C,YPL227C,0,-5.866762,0.07946930825710297,0.5929999947547913,0.6869000196456909
YDR384C,YNR053C,0,-5.8672576,0.07945866137742996,0.5929999947547913,0.6869999766349792
YJL024C,YJR047C,0,-5.867485,0.07944801449775696,0.5929999947547913,0.6870999932289124
YPL139C,YBR244W,0,-5.867829,0.07943737506866455,0.5929999947547913,0.6872000098228455
YLR447C,YIL048W,1,-5.868026,0.07956067472696304,0.593999981880188,0.6872000098228455
YGL219C,YER147C,0,-5.868205,0.07955002039670944,0.593999981880188,0.6873000264167786
YJR121W,YPL139C,0,-5.8684444,0.07953936606645584,0.593999981880188,0.6873999834060669
YDL130W,YLR438C-A,0,-5.868533,0.07952871918678284,0.593999981880188,0.6875
YNL292W,YCR053W,0,-5.868537,0.07951807230710983,0.593999981880188,0.6876000165939331
YNL280C,YMR077C,0,-5.868881,0.07950742542743683,0.593999981880188,0.6876999735832214
YLR096W,YAL059W,0,-5.868906,0.07949678599834442,0.593999981880188,0.6877999901771545
YKR036C,YNL123W,0,-5.8690405,0.07948614656925201,0.593999981880188,0.6879000067710876
YDL174C,YLR133W,0,-5.8690543,0.0794755145907402,0.593999981880188,0.6880000233650208
YLR238W,YDR358W,0,-5.869435,0.0794648826122284,0.593999981880188,0.6880999803543091
YAL005C,YOL102C,0,-5.8695593,0.07945425063371658,0.593999981880188,0.6881999969482422
YPL212C,YBR153W,0,-5.8696294,0.07944362610578537,0.593999981880188,0.6883000135421753
YML031W,YHR006W,0,-5.8697157,0.07943300157785416,0.593999981880188,0.6883999705314636
YFL048C,YDR346C,0,-5.869734,0.07942238450050354,0.593999981880188,0.6884999871253967
YGR177C,YPL152W,0,-5.8702707,0.07941176742315292,0.593999981880188,0.6886000037193298
YIL042C,YPL040C,0,-5.870384,0.07940115034580231,0.593999981880188,0.6887000203132629
YJR103W,YGR206W,0,-5.870804,0.07939054071903229,0.593999981880188,0.6887999773025513
YDR270W,YIL009C-A,0,-5.8709755,0.07937993109226227,0.593999981880188,0.6888999938964844
YFR029W,YDL138W,0,-5.8713555,0.07936932146549225,0.593999981880188,0.6890000104904175
YOR210W,YCR081W,0,-5.8719683,0.07935871928930283,0.593999981880188,0.6891000270843506
YJR094C,YJL060W,0,-5.871991,0.0793481171131134,0.593999981880188,0.6891999840736389
YGR239C,YMR081C,0,-5.87227,0.07933751493692398,0.593999981880188,0.689300000667572
YDR473C,YFR031C,0,-5.872471,0.07932692021131516,0.593999981880188,0.6894000172615051
YLR447C,YHR060W,1,-5.87256,0.079449862241745,0.5950000286102295,0.6894000172615051
YFR033C,YML024W,0,-5.8730655,0.07943925261497498,0.5950000286102295,0.6894999742507935
YGR227W,YLR195C,0,-5.873169,0.07942865043878555,0.5950000286102295,0.6895999908447266
YDR440W,YFL034C-B,0,-5.8735213,0.07941804826259613,0.5950000286102295,0.6897000074386597
YDR382W,YJL115W,0,-5.8736773,0.07940744608640671,0.5950000286102295,0.6898000240325928
YJL062W,YDR318W,0,-5.874195,0.07939685136079788,0.5950000286102295,0.6898999810218811
YKR086W,YBR079C,0,-5.8742,0.07938625663518906,0.5950000286102295,0.6899999976158142
YNL253W,YLR028C,0,-5.8743095,0.07937566936016083,0.5950000286102295,0.6901000142097473
YER177W,YAL041W,0,-5.8743114,0.0793650820851326,0.5950000286102295,0.6901999711990356
YPR019W,YKR001C,0,-5.874359,0.07935449481010437,0.5950000286102295,0.6902999877929688
YDR212W,YGR192C,0,-5.8744946,0.07934391498565674,0.5950000286102295,0.6904000043869019
YOR367W,YHR163W,0,-5.874535,0.0793333351612091,0.5950000286102295,0.690500020980835
YKR067W,YHR074W,0,-5.875288,0.07932275533676147,0.5950000286102295,0.6905999779701233
YAL056W,YGR005C,0,-5.875748,0.07931218296289444,0.5950000286102295,0.6906999945640564
YJL011C,YGL003C,0,-5.8757753,0.0793016105890274,0.5950000286102295,0.6908000111579895
YJR050W,YLR028C,0,-5.8760185,0.07929104566574097,0.5950000286102295,0.6909000277519226
YBR155W,YJL186W,0,-5.8760495,0.07928048074245453,0.5950000286102295,0.6909999847412109
YFL003C,YER027C,0,-5.876218,0.07926991581916809,0.5950000286102295,0.691100001335144
YGR193C,YDR416W,0,-5.8763256,0.07925935834646225,0.5950000286102295,0.6912000179290771
YEL002C,YJR007W,0,-5.8764725,0.07924880087375641,0.5950000286102295,0.6912999749183655
YOL042W,YDR284C,0,-5.8765736,0.07923825085163116,0.5950000286102295,0.6913999915122986
YDL077C,YCL063W,1,-5.876663,0.07936085015535355,0.5960000157356262,0.6913999915122986
YLR175W,YNL080C,0,-5.8767414,0.07935028523206711,0.5960000157356262,0.6915000081062317
YLR165C,YPR111W,0,-5.876999,0.07933972030878067,0.5960000157356262,0.6916000247001648
YPR088C,YGL068W,0,-5.8772697,0.07932916283607483,0.5960000157356262,0.6916999816894531
YJR118C,YMR298W,0,-5.8772697,0.07931860536336899,0.5960000157356262,0.6917999982833862
YOR005C,YKL190W,0,-5.877458,0.07930804789066315,0.5960000157356262,0.6919000148773193
YOL012C,YJL201W,0,-5.8777533,0.0792974978685379,0.5960000157356262,0.6919999718666077
YMR284W,YOR257W,0,-5.877875,0.07928694784641266,0.5960000157356262,0.6920999884605408
YOR160W,YDL028C,0,-5.8782434,0.07927640527486801,0.5960000157356262,0.6922000050544739
YOL064C,YLR102C,0,-5.878337,0.07926586270332336,0.5960000157356262,0.692300021648407
YKL196C,YDL087C,0,-5.8791656,0.07925532013177872,0.5960000157356262,0.6923999786376953
YDR346C,YGL246C,0,-5.879468,0.07924477756023407,0.5960000157356262,0.6924999952316284
YML005W,YKR031C,0,-5.8796577,0.07923424988985062,0.5960000157356262,0.6926000118255615
YDR345C,YLR028C,0,-5.879981,0.07922371476888657,0.5960000157356262,0.6927000284194946
YCR035C,YIL135C,0,-5.8801336,0.07921318709850311,0.5960000157356262,0.692799985408783
YMR161W,YEL061C,0,-5.8807797,0.07920265942811966,0.5960000157356262,0.6929000020027161
YNL138W,YKL214C,0,-5.8813906,0.0791921317577362,0.5960000157356262,0.6930000185966492
YCL051W,YER109C,0,-5.881485,0.07918161153793335,0.5960000157356262,0.6930999755859375
YDR005C,YML069W,0,-5.88155,0.0791710913181305,0.5960000157356262,0.6931999921798706
YGR007W,YKL095W,0,-5.882042,0.07916057854890823,0.5960000157356262,0.6933000087738037
YCL031C,YDL064W,0,-5.8821554,0.07915006577968597,0.5960000157356262,0.6934000253677368
YKL135C,YDR137W,0,-5.8823543,0.07913955301046371,0.5960000157356262,0.6934999823570251
YFL022C,YDR425W,0,-5.882587,0.07912904769182205,0.5960000157356262,0.6935999989509583
YDR460W,YGR044C,0,-5.8828115,0.07911854237318039,0.5960000157356262,0.6937000155448914
YLR148W,YBR109C,1,-5.8829317,0.07924077659845352,0.597000002861023,0.6937000155448914
YBR036C,YML088W,0,-5.8832984,0.07923025637865067,0.597000002861023,0.6937999725341797
YDR289C,YKL054C,0,-5.8838596,0.0792197436094284,0.597000002861023,0.6938999891281128
YDL153C,YHR098C,0,-5.884331,0.07920923084020615,0.597000002861023,0.6940000057220459
YLR192C,YOL122C,0,-5.884421,0.07919872552156448,0.597000002861023,0.694100022315979
YDR507C,YLR353W,0,-5.8845696,0.07918822020292282,0.597000002861023,0.6941999793052673
YDR167W,YOL125W,0,-5.884734,0.07917772233486176,0.597000002861023,0.6942999958992004
YDR320C,YGL032C,0,-5.8848553,0.07916721701622009,0.597000002861023,0.6944000124931335
YJL143W,YNL009W,0,-5.885412,0.07915671914815903,0.597000002861023,0.6945000290870667
YMR142C,YFR048W,0,-5.8865643,0.07914622873067856,0.597000002861023,0.694599986076355
YML031W,YIL040W,0,-5.8867264,0.07913573831319809,0.597000002861023,0.6947000026702881
YDR080W,YGL095C,1,-5.8870306,0.0792577862739563,0.5979999899864197,0.6947000026702881
YNL066W,YJL112W,0,-5.887705,0.07924728095531464,0.5979999899864197,0.6948000192642212
YGR193C,YGR247W,0,-5.888094,0.07923678308725357,0.5979999899864197,0.6948999762535095
YDR420W,YLR291C,0,-5.888276,0.0792262852191925,0.5979999899864197,0.6949999928474426
YML058W,YBR260C,0,-5.888694,0.07921578735113144,0.5979999899864197,0.6951000094413757
YKL143W,YLR005W,0,-5.888976,0.07920529693365097,0.5979999899864197,0.6952000260353088
YKL006C-A,YBR082C,0,-5.889683,0.0791948065161705,0.5979999899864197,0.6952999830245972
YOL004W,YLR277C,0,-5.889838,0.07918432354927063,0.5979999899864197,0.6953999996185303
YDR097C,YAL022C,0,-5.8898797,0.07917384058237076,0.5979999899864197,0.6955000162124634
YOR143C,YPL096W,0,-5.8900533,0.07916335761547089,0.5979999899864197,0.6955999732017517
YNL070W,YER012W,0,-5.8901925,0.07915288209915161,0.5979999899864197,0.6956999897956848
YMR224C,YLR131C,0,-5.8904486,0.07914240658283234,0.5979999899864197,0.6958000063896179
YHR039C-A,YPL045W,1,-5.890834,0.07926426082849503,0.5989999771118164,0.6958000063896179
YDL174C,YIR017C,0,-5.8908424,0.07925377041101456,0.5989999771118164,0.695900022983551
YNL027W,YBR004C,0,-5.8908896,0.07924328744411469,0.5989999771118164,0.6959999799728394
YBR095C,YKL004W,0,-5.891204,0.07923280447721481,0.5989999771118164,0.6960999965667725
YKL195W,YJL047C,0,-5.8915124,0.07922232151031494,0.5989999771118164,0.6962000131607056
YMR095C,YHR013C,0,-5.8919554,0.07921184599399567,0.5989999771118164,0.6963000297546387
YIR015W,YGL254W,0,-5.8919773,0.07920137792825699,0.5989999771118164,0.696399986743927
YBR217W,YPR125W,0,-5.892026,0.07919090241193771,0.5989999771118164,0.6965000033378601
YEL054C,YDR439W,0,-5.8920965,0.07918043434619904,0.5989999771118164,0.6966000199317932
YMR054W,YOR068C,1,-5.8923826,0.07930213958024979,0.6000000238418579,0.6966000199317932
YLR045C,YLR394W,0,-5.8924255,0.07929166406393051,0.6000000238418579,0.6966999769210815
YCL039W,YGL012W,0,-5.89248,0.07928118109703064,0.6000000238418579,0.6967999935150146
YBR170C,YDR407C,0,-5.8928556,0.07927071303129196,0.6000000238418579,0.6969000101089478
YDR420W,YDL064W,0,-5.892929,0.07926023751497269,0.6000000238418579,0.6970000267028809
YGL090W,YNL121C,0,-5.893011,0.07924976944923401,0.6000000238418579,0.6970999836921692
YIL018W,YBR068C,0,-5.8930326,0.07923930138349533,0.6000000238418579,0.6972000002861023
YKL073W,YLR285W,0,-5.8930483,0.07922884076833725,0.6000000238418579,0.6973000168800354
YLR417W,YPL249C,0,-5.893158,0.07921838015317917,0.6000000238418579,0.6973999738693237
YAL043C,YIL051C,0,-5.8934584,0.07920791953802109,0.6000000238418579,0.6974999904632568
YBR295W,YHL002W,0,-5.8935432,0.0791974663734436,0.6000000238418579,0.6976000070571899
YKL122C,YJL203W,0,-5.8937283,0.07918701320886612,0.6000000238418579,0.697700023651123
YNL039W,YOR115C,0,-5.8940744,0.07917656004428864,0.6000000238418579,0.6977999806404114
YDR376W,YDR082W,0,-5.8940816,0.07916611433029175,0.6000000238418579,0.6978999972343445
YIL053W,YHR152W,0,-5.8941927,0.07915567606687546,0.6000000238418579,0.6980000138282776
YDR264C,YPL031C,0,-5.8942404,0.07914523035287857,0.6000000238418579,0.6980999708175659
YER122C,YDR214W,0,-5.894633,0.07913479208946228,0.6000000238418579,0.698199987411499
YBL050W,YCL063W,1,-5.8947988,0.07925622910261154,0.6010000109672546,0.698199987411499
YPL138C,YJR065C,0,-5.894849,0.07924578338861465,0.6010000109672546,0.6983000040054321
YGR144W,YOR046C,0,-5.8951344,0.07923533022403717,0.6010000109672546,0.6984000205993652
YJL012C,YHR060W,1,-5.8954344,0.07935670763254166,0.6019999980926514,0.6984000205993652
YML064C,YJL154C,0,-5.895899,0.07934624701738358,0.6019999980926514,0.6984999775886536
YDR339C,YLR226W,0,-5.895935,0.07933579385280609,0.6019999980926514,0.6985999941825867
YOL059W,YNL325C,0,-5.8964553,0.07932534068822861,0.6019999980926514,0.6987000107765198
YBR296C,YDR276C,0,-5.8964605,0.07931488752365112,0.6019999980926514,0.6988000273704529
YPL063W,YOL049W,0,-5.896512,0.07930444180965424,0.6019999980926514,0.6988999843597412
YFL004W,YBL050W,1,-5.8977532,0.07942571491003036,0.6029999852180481,0.6988999843597412
YKL146W,YDL102W,0,-5.898039,0.07941525429487228,0.6029999852180481,0.6990000009536743
YGL033W,YDR135C,0,-5.8983297,0.0794047936797142,0.6029999852180481,0.6991000175476074
YFL009W,YDR376W,0,-5.898597,0.07939434051513672,0.6029999852180481,0.6991999745368958
YBL009W,YGL236C,0,-5.8986816,0.07938388735055923,0.6029999852180481,0.6992999911308289
YIL122W,YBR195C,0,-5.8986926,0.07937343418598175,0.6029999852180481,0.699400007724762
YNL007C,YDL028C,0,-5.8987293,0.07936298847198486,0.6029999852180481,0.6995000243186951
YJR102C,YNL048W,0,-5.898875,0.07935254275798798,0.6029999852180481,0.6995999813079834
YLR095C,YPR073C,0,-5.899617,0.07934210449457169,0.6029999852180481,0.6996999979019165
YGR270W,YNL330C,0,-5.899925,0.0793316662311554,0.6029999852180481,0.6998000144958496
YGR239C,YGL013C,0,-5.9001474,0.0793212279677391,0.6029999852180481,0.6998999714851379
YML051W,YEL012W,0,-5.900637,0.07931079715490341,0.6029999852180481,0.699999988079071
YDR334W,YDL015C,0,-5.9007044,0.07930036634206772,0.6029999852180481,0.7001000046730042
YJL219W,YKL160W,0,-5.9011617,0.07928994297981262,0.6029999852180481,0.7002000212669373
YBR253W,YHR194W,0,-5.901269,0.07927951961755753,0.6029999852180481,0.7002999782562256
YER126C,YDL064W,0,-5.901355,0.07926909625530243,0.6029999852180481,0.7003999948501587
YGR005C,YOR023C,0,-5.9014926,0.07925867289304733,0.6029999852180481,0.7005000114440918
YHR041C,YDR412W,0,-5.9018126,0.07924825698137283,0.6029999852180481,0.7006000280380249
YDR481C,YGR274C,0,-5.901825,0.07923784852027893,0.6029999852180481,0.7006999850273132
YOL143C,YHR102W,0,-5.9019785,0.07922743260860443,0.6029999852180481,0.7008000016212463
YNR007C,YPL152W,0,-5.9022365,0.07921702414751053,0.6029999852180481,0.7009000182151794
YNL280C,YML085C,0,-5.902438,0.07920662313699722,0.6029999852180481,0.7009999752044678
YOL111C,YGL006W,0,-5.902458,0.07919621467590332,0.6029999852180481,0.7010999917984009
YMR313C,YBR298C,0,-5.904112,0.07918582111597061,0.6029999852180481,0.701200008392334
YKL051W,YDR328C,1,-5.9041767,0.0793067216873169,0.6039999723434448,0.701200008392334
YNL070W,YKL201C,0,-5.9045177,0.07929631322622299,0.6039999723434448,0.7013000249862671
YLR148W,YMR231W,1,-5.9045434,0.0794171690940857,0.6050000190734863,0.7013000249862671
YJL219W,YCR057C,0,-5.905228,0.0794067457318306,0.6050000190734863,0.7013999819755554
YER166W,YKL018W,0,-5.9053817,0.0793963223695755,0.6050000190734863,0.7014999985694885
YGR171C,YGR098C,0,-5.9054165,0.079385906457901,0.6050000190734863,0.7016000151634216
YNL079C,YBR127C,1,-5.9054723,0.07950668781995773,0.6060000061988831,0.7016000151634216
YMR150C,YCR027C,0,-5.9055204,0.07949626445770264,0.6060000061988831,0.70169997215271
YLR005W,YBR298C,0,-5.9056387,0.07948583364486694,0.6060000061988831,0.7017999887466431
YFL004W,YIL048W,1,-5.906046,0.0796065554022789,0.6069999933242798,0.7017999887466431
YKR038C,YLR032W,0,-5.9060855,0.07959611713886261,0.6069999933242798,0.7019000053405762
YKR014C,YBR105C,0,-5.9064245,0.07958567887544632,0.6069999933242798,0.7020000219345093
YMR288W,YDR206W,0,-5.906494,0.07957524806261063,0.6069999933242798,0.7020999789237976
YBL019W,YPL153C,0,-5.906697,0.07956481724977493,0.6069999933242798,0.7021999955177307
YDR011W,YGR200C,0,-5.9067116,0.07955439388751984,0.6069999933242798,0.7023000121116638
YMR167W,YPL152W,0,-5.9068165,0.07954396307468414,0.6069999933242798,0.7024000287055969
YNL016W,YGL106W,0,-5.906962,0.07953353971242905,0.6069999933242798,0.7024999856948853
YNL192W,YLR028C,0,-5.9070463,0.07952312380075455,0.6069999933242798,0.7026000022888184
YPR088C,YEL069C,0,-5.9074097,0.07951270788908005,0.6069999933242798,0.7027000188827515
YDR205W,YGL111W,0,-5.907496,0.07950229197740555,0.6069999933242798,0.7027999758720398
YPL040C,YPL127C,0,-5.907646,0.07949188351631165,0.6069999933242798,0.7028999924659729
YLR191W,YGL151W,0,-5.9077578,0.07948147505521774,0.6069999933242798,0.703000009059906
YOL117W,YDL105W,0,-5.9078636,0.07947106659412384,0.6069999933242798,0.7031000256538391
YNL188W,YMR135C,0,-5.908603,0.07946066558361053,0.6069999933242798,0.7031999826431274
YMR219W,YMR241W,0,-5.9086795,0.07945026457309723,0.6069999933242798,0.7032999992370605
YPL075W,YKL179C,0,-5.908746,0.07943986356258392,0.6069999933242798,0.7034000158309937
YOR335C,YML059C,0,-5.908761,0.07942947000265121,0.6069999933242798,0.703499972820282
YDL043C,YOL061W,0,-5.9088845,0.0794190764427185,0.6069999933242798,0.7035999894142151
YHR011W,YJR031C,0,-5.90889,0.0794086828827858,0.6069999933242798,0.7037000060081482
YJL115W,YBR245C,0,-5.9089932,0.07939829677343369,0.6069999933242798,0.7038000226020813
YMR076C,YBL057C,0,-5.909015,0.07938791811466217,0.6069999933242798,0.7038999795913696
YGR007W,YNL014W,0,-5.909148,0.07937753200531006,0.6069999933242798,0.7039999961853027
YNL014W,YLR378C,0,-5.909374,0.07936715334653854,0.6069999933242798,0.7041000127792358
YPR198W,YGR261C,0,-5.9094076,0.07935678213834763,0.6069999933242798,0.704200029373169
YBR228W,YNL273W,0,-5.9096465,0.07934640347957611,0.6069999933242798,0.7042999863624573
YNL290W,YDL045C,0,-5.9097705,0.07933603227138519,0.6069999933242798,0.7044000029563904
YOR362C,YDL207W,0,-5.9098487,0.07932566851377487,0.6069999933242798,0.7045000195503235
YDR308C,YLL050C,0,-5.910653,0.07931530475616455,0.6069999933242798,0.7045999765396118
YMR197C,YFR019W,1,-5.9106603,0.07943558692932129,0.6079999804496765,0.7045999765396118
YLR067C,YML085C,0,-5.9112086,0.07942521572113037,0.6079999804496765,0.7046999931335449
YGR252W,YCR083W,0,-5.9113226,0.07941483706235886,0.6079999804496765,0.704800009727478
YKL179C,YGL032C,0,-5.9113417,0.07940446585416794,0.6079999804496765,0.7049000263214111
YLR043C,YLR240W,1,-5.911599,0.0795246809720993,0.609000027179718,0.7049000263214111
YOR171C,YHR183W,0,-5.9116664,0.07951429486274719,0.609000027179718,0.7049999833106995
YJR121W,YOR144C,0,-5.911704,0.07950391620397568,0.609000027179718,0.7050999999046326
YNL103W,YBR193C,0,-5.912052,0.07949353754520416,0.609000027179718,0.7052000164985657
YKL129C,YGL004C,0,-5.912263,0.07948316633701324,0.609000027179718,0.705299973487854
YML046W,YPL164C,0,-5.912283,0.07947278767824173,0.609000027179718,0.7053999900817871
YKL119C,YLR240W,1,-5.9125648,0.07959289848804474,0.6100000143051147,0.7053999900817871
YMR037C,YEL063C,0,-5.9127555,0.07958251982927322,0.6100000143051147,0.7055000066757202
YDR096W,YKL058W,0,-5.9131527,0.07957213371992111,0.6100000143051147,0.7056000232696533
YDR200C,YGL090W,0,-5.9147215,0.0795617550611496,0.6100000143051147,0.7056999802589417
YMR231W,YOR068C,1,-5.914998,0.07968179136514664,0.6110000014305115,0.7056999802589417
YDR459C,YNL283C,0,-5.9151783,0.07967140525579453,0.6110000014305115,0.7057999968528748
YOR362C,YDL004W,0,-5.9154363,0.07966101914644241,0.6110000014305115,0.7059000134468079
YBR275C,YPL145C,0,-5.915807,0.0796506330370903,0.6110000014305115,0.7059999704360962
YLR075W,YIL030C,0,-5.915826,0.07964024692773819,0.6110000014305115,0.7060999870300293
YOL151W,YML094W,0,-5.915841,0.07962986826896667,0.6110000014305115,0.7062000036239624
YBR179C,YOR113W,0,-5.916199,0.07961949706077576,0.6110000014305115,0.7063000202178955
YMR145C,YHR053C,0,-5.9162955,0.07960911840200424,0.6110000014305115,0.7063999772071838
YOR136W,YGR103W,0,-5.9166417,0.07959874719381332,0.6110000014305115,0.7064999938011169
YKR042W,YDL069C,0,-5.916691,0.079588383436203,0.6110000014305115,0.70660001039505
YLR447C,YNL326C,1,-5.917165,0.07970825582742691,0.6119999885559082,0.70660001039505
YGL119W,YPR103W,0,-5.917428,0.0796978771686554,0.6119999885559082,0.7067000269889832
YJL012C,YDR328C,1,-5.918352,0.07981770485639572,0.6129999756813049,0.7067000269889832
YGR156W,YKL108W,0,-5.918474,0.07980731874704361,0.6129999756813049,0.7067999839782715
YPL057C,YJL041W,0,-5.919036,0.0797969251871109,0.6129999756813049,0.7069000005722046
YNL012W,YMR313C,0,-5.9194617,0.07978653907775879,0.6129999756813049,0.7070000171661377
YOR298C-A,YLR268W,0,-5.9195004,0.07977616041898727,0.6129999756813049,0.707099974155426
YJL031C,YLR222C,0,-5.9198813,0.07976577430963516,0.6129999756813049,0.7071999907493591
YDL143W,YDR206W,0,-5.919891,0.07975540310144424,0.6129999756813049,0.7073000073432922
YFL036W,YDR097C,0,-5.9202323,0.07974502444267273,0.6129999756813049,0.7074000239372253
YPL259C,YLR079W,0,-5.9202795,0.07973465323448181,0.6129999756813049,0.7074999809265137
YLR242C,YDR276C,0,-5.9203243,0.0797242820262909,0.6129999756813049,0.7075999975204468
YBR097W,YLR201C,0,-5.9204226,0.07971391081809998,0.6129999756813049,0.7077000141143799
YDR060W,YDR292C,0,-5.920547,0.07970354706048965,0.6129999756813049,0.7077999711036682
YKL220C,YPL128C,0,-5.920632,0.07969319075345993,0.6129999756813049,0.7078999876976013
YJL005W,YGR013W,0,-5.9207287,0.07968282699584961,0.6129999756813049,0.7080000042915344
YIL056W,YJL100W,0,-5.9210424,0.07967247068881989,0.6129999756813049,0.7081000208854675
YBR042C,YBR243C,0,-5.9210424,0.07966212183237076,0.6129999756813049,0.7081999778747559
YGL100W,YER015W,0,-5.9210687,0.07965176552534103,0.6129999756813049,0.708299994468689
YML118W,YIL072W,0,-5.921238,0.0796414166688919,0.6129999756813049,0.7084000110626221
YLR193C,YFR008W,0,-5.9213085,0.07963107526302338,0.6129999756813049,0.7085000276565552
YJR137C,YML120C,0,-5.921547,0.07962072640657425,0.6129999756813049,0.7085999846458435
YKL074C,YMR004W,0,-5.9216194,0.07961039245128632,0.6129999756813049,0.7087000012397766
YOL128C,YMR112C,0,-5.921989,0.07960005104541779,0.6129999756813049,0.7088000178337097
YER065C,YMR322C,0,-5.92224,0.07958971709012985,0.6129999756813049,0.708899974822998
YLR148W,YFL039C,1,-5.9223113,0.07970920205116272,0.6140000224113464,0.708899974822998
YBR168W,YMR293C,0,-5.922379,0.07969886064529419,0.6140000224113464,0.7089999914169312
YML073C,YML098W,0,-5.9228067,0.07968851178884506,0.6140000224113464,0.7091000080108643
YMR091C,YPR037C,0,-5.922849,0.07967817038297653,0.6140000224113464,0.7092000246047974
YIL132C,YHR135C,0,-5.9231396,0.0796678364276886,0.6140000224113464,0.7092999815940857
YMR095C,YDL092W,0,-5.923336,0.07965749502182007,0.6140000224113464,0.7093999981880188
YGL172W,YKR086W,0,-5.9237976,0.07964716851711273,0.6140000224113464,0.7095000147819519
YAL042W,YCL066W,0,-5.9239073,0.0796368345618248,0.6140000224113464,0.7095999717712402
YLR043C,YNL054W,1,-5.9243717,0.07975619286298752,0.6150000095367432,0.7095999717712402
YOR007C,YOL071W,0,-5.924468,0.07974585145711899,0.6150000095367432,0.7096999883651733
YFL033C,YML085C,0,-5.9246664,0.07973551005125046,0.6150000095367432,0.7098000049591064
YDL051W,YDR088C,0,-5.924937,0.07972517609596252,0.6150000095367432,0.7099000215530396
YER123W,YMR037C,0,-5.9251523,0.07971484214067459,0.6150000095367432,0.7099999785423279
YHR086W,YGR200C,0,-5.9253025,0.07970450818538666,0.6150000095367432,0.710099995136261
YDR483W,YJL062W,0,-5.9254575,0.07969418168067932,0.6150000095367432,0.7102000117301941
YBR135W,YDR183W,0,-5.9255247,0.07968385517597198,0.6150000095367432,0.7103000283241272
YPL253C,YAL016W,0,-5.9257255,0.07967353612184525,0.6150000095367432,0.7103999853134155
YPL152W,YDL065C,0,-5.925972,0.07966320961713791,0.6150000095367432,0.7105000019073486
YOR353C,YOR363C,0,-5.926057,0.07965289801359177,0.6150000095367432,0.7106000185012817
YMR135C,YNR002C,0,-5.926193,0.07964257895946503,0.6150000095367432,0.7106999754905701
YGL171W,YGR092W,0,-5.9262605,0.07963226735591888,0.6150000095367432,0.7107999920845032
YHR058C,YDR463W,0,-5.926683,0.07962195575237274,0.6150000095367432,0.7109000086784363
YNL106C,YNR072W,0,-5.92669,0.0796116515994072,0.6150000095367432,0.7110000252723694
YBL050W,YEL051W,1,-5.927614,0.07973077893257141,0.6159999966621399,0.7110000252723694
YGR088W,YNR017W,0,-5.92787,0.07972045987844467,0.6159999966621399,0.7110999822616577
YDL185W,YDR080W,1,-5.928064,0.0798395425081253,0.6169999837875366,0.7110999822616577
YDR281C,YKL028W,0,-5.928219,0.07982921600341797,0.6169999837875366,0.7111999988555908
YOR149C,YBR216C,0,-5.928434,0.07981888949871063,0.6169999837875366,0.7113000154495239
YNR057C,YPR120C,0,-5.928616,0.0798085629940033,0.6169999837875366,0.7113999724388123
YGR247W,YAL022C,0,-5.9287357,0.07979824393987656,0.6169999837875366,0.7114999890327454
YLR275W,YLR153C,0,-5.9288483,0.07978792488574982,0.6169999837875366,0.7116000056266785
YMR089C,YMR079W,0,-5.9288826,0.07977760583162308,0.6169999837875366,0.7117000222206116
YKL032C,YGL049C,0,-5.929013,0.07976729422807693,0.6169999837875366,0.7117999792098999
YJL184W,YOR036W,0,-5.929555,0.07975698262453079,0.6169999837875366,0.711899995803833
YIL048W,YEL051W,1,-5.9295673,0.07987592369318008,0.6179999709129333,0.711899995803833
YBR289W,YDL207W,0,-5.9296465,0.07986559718847275,0.6179999709129333,0.7120000123977661
YCR071C,YML006C,0,-5.9299755,0.07985527813434601,0.6179999709129333,0.7121000289916992
YDR527W,YGR086C,0,-5.9300213,0.07984495908021927,0.6179999709129333,0.7121999859809875
YOR038C,YDR322C-A,0,-5.930643,0.07983464747667313,0.6179999709129333,0.7123000025749207
YPL161C,YMR188C,0,-5.930976,0.07982433587312698,0.6179999709129333,0.7124000191688538
YJL047C,YHR086W,0,-5.930991,0.07981402426958084,0.6179999709129333,0.7124999761581421
YCL067C,YAL041W,0,-5.9311047,0.0798037201166153,0.6179999709129333,0.7125999927520752
YPL101W,YPL175W,0,-5.9315424,0.07979341596364975,0.6179999709129333,0.7127000093460083
YOL094C,YDL052C,0,-5.9318733,0.0797831118106842,0.6179999709129333,0.7128000259399414
YFL029C,YLR450W,0,-5.931902,0.07977281510829926,0.6179999709129333,0.7128999829292297
YFR014C,YNL251C,0,-5.9320526,0.0797625184059143,0.6179999709129333,0.7129999995231628
YNL261W,YGL244W,0,-5.9321404,0.07975222915410995,0.6179999709129333,0.713100016117096
YPL110C,YNL085W,0,-5.932207,0.079741932451725,0.6179999709129333,0.7131999731063843
YKL152C,YCR008W,0,-5.932929,0.07973165065050125,0.6179999709129333,0.7132999897003174
YLR242C,YDR463W,0,-5.933006,0.0797213613986969,0.6179999709129333,0.7134000062942505
YDR246W,YDR060W,0,-5.9331093,0.07971107959747314,0.6179999709129333,0.7135000228881836
YLR006C,YKR022C,0,-5.9331617,0.07970079779624939,0.6179999709129333,0.7135999798774719
YER148W,YIR009W,0,-5.9333277,0.07969052344560623,0.6179999709129333,0.713699996471405
YNL267W,YGL211W,0,-5.9333878,0.07968024909496307,0.6179999709129333,0.7138000130653381
YIR010W,YBR294W,0,-5.9337015,0.07966997474431992,0.6179999709129333,0.7139000296592712
YHR193C,YGR213C,0,-5.9338236,0.07965970784425735,0.6179999709129333,0.7139999866485596
YER028C,YLR067C,0,-5.9342823,0.0796494409441948,0.6179999709129333,0.7141000032424927
YEL012W,YKR062W,0,-5.9345694,0.07963917404413223,0.6179999709129333,0.7142000198364258
YLR447C,YGR020C,1,-5.934679,0.07975776493549347,0.6190000176429749,0.7142000198364258
YMR197C,YNL079C,1,-5.9350014,0.07987631857395172,0.6200000047683716,0.7142000198364258
YDR424C,YJL117W,0,-5.935211,0.07986602932214737,0.6200000047683716,0.7142999768257141
YDR238C,YOL061W,0,-5.9353046,0.07985574752092361,0.6200000047683716,0.7143999934196472
YIR015W,YBR102C,0,-5.935647,0.07984545826911926,0.6200000047683716,0.7145000100135803
YOR371C,YDR099W,0,-5.93573,0.07983517646789551,0.6200000047683716,0.7146000266075134
YDR389W,YDR075W,0,-5.935911,0.07982490211725235,0.6200000047683716,0.7146999835968018
YJL072C,YBR288C,0,-5.93603,0.07981462776660919,0.6200000047683716,0.7148000001907349
YLR201C,YPL115C,0,-5.9360795,0.07980435341596603,0.6200000047683716,0.714900016784668
YGR195W,YOR212W,0,-5.936327,0.07979407906532288,0.6200000047683716,0.7149999737739563
YGR270W,YKL004W,0,-5.936426,0.07978381216526031,0.6200000047683716,0.7150999903678894
YLR153C,YHR196W,0,-5.9369836,0.07977354526519775,0.6200000047683716,0.7152000069618225
YKR042W,YLR228C,0,-5.9373975,0.07976328581571579,0.6200000047683716,0.7153000235557556
YGR135W,YKL028W,0,-5.9376783,0.07975302636623383,0.6200000047683716,0.715399980545044
YER065C,YIL053W,0,-5.9378085,0.07974276691675186,0.6200000047683716,0.715499997138977
YLR396C,YGL095C,1,-5.938333,0.0798611119389534,0.6209999918937683,0.715499997138977
YJL095W,YGR098C,0,-5.9384193,0.07985084503889084,0.6209999918937683,0.7156000137329102
YJL115W,YOR140W,0,-5.938695,0.07984057813882828,0.6209999918937683,0.7156999707221985
YER088C,YML078W,0,-5.9389887,0.07983031123876572,0.6209999918937683,0.7157999873161316
YOL086C,YOR076C,0,-5.9390116,0.07982005178928375,0.6209999918937683,0.7159000039100647
YBL008W,YBR218C,0,-5.939044,0.07980979233980179,0.6209999918937683,0.7160000205039978
YLR196W,YOR061W,0,-5.939178,0.07979954034090042,0.6209999918937683,0.7160999774932861
YER029C,YGR211W,0,-5.939777,0.07978928089141846,0.6209999918937683,0.7161999940872192
YFL009W,YLR248W,0,-5.939886,0.07977903634309769,0.6209999918937683,0.7163000106811523
YOL149W,YPR178W,0,-5.939895,0.07976878434419632,0.6209999918937683,0.7164000272750854
YBL026W,YGL171W,0,-5.940486,0.07975853979587555,0.6209999918937683,0.7164999842643738
YHR167W,YDR358W,0,-5.940692,0.07974829524755478,0.6209999918937683,0.7166000008583069
YMR281W,YBR083W,0,-5.940895,0.0797380581498146,0.6209999918937683,0.71670001745224
YOL111C,YGL145W,0,-5.9408965,0.07972782105207443,0.6209999918937683,0.7167999744415283
YNL099C,YML081C-A,0,-5.941086,0.07971758395433426,0.6209999918937683,0.7168999910354614
YKL208W,YPR001W,0,-5.941327,0.07970735430717468,0.6209999918937683,0.7170000076293945
YPR016C,YOR122C,0,-5.941818,0.0796971246600151,0.6209999918937683,0.7171000242233276
YOR290C,YIL124W,0,-5.941921,0.07968689501285553,0.6209999918937683,0.717199981212616
YJR053W,YNL085W,0,-5.94211,0.07967667281627655,0.6209999918937683,0.7172999978065491
YKL042W,YHR135C,0,-5.9422407,0.07966645061969757,0.6209999918937683,0.7174000144004822
YLR272C,YDL126C,0,-5.942473,0.07965623587369919,0.6209999918937683,0.7174999713897705
YOL049W,YJL052W,0,-5.942751,0.0796460211277008,0.6209999918937683,0.7175999879837036
YDR205W,YGR163W,0,-5.9430275,0.07963580638170242,0.6209999918937683,0.7177000045776367
YLR155C,YOL064C,0,-5.943063,0.07962559163570404,0.6209999918937683,0.7178000211715698
YOR026W,YOR179C,0,-5.943502,0.07961538434028625,0.6209999918937683,0.7178999781608582
YGL017W,YOR319W,0,-5.9440274,0.07960517704486847,0.6209999918937683,0.7179999947547913
YFL004W,YOR332W,1,-5.9441094,0.07972314953804016,0.621999979019165,0.7179999947547913
YDR272W,YOR031W,0,-5.9441576,0.07971292734146118,0.621999979019165,0.7181000113487244
YLR175W,YOR089C,0,-5.9444933,0.0797027200460434,0.621999979019165,0.7182000279426575
YNR053C,YMR241W,0,-5.944495,0.07969250530004501,0.621999979019165,0.7182999849319458
YEL053C,YMR037C,0,-5.94475,0.07968229800462723,0.621999979019165,0.7184000015258789
YLR396C,YDR017C,1,-5.9449854,0.07980018109083176,0.6230000257492065,0.7184000015258789
YGR041W,YLR390W-A,0,-5.945115,0.07978995889425278,0.6230000257492065,0.718500018119812
YHR042W,YGR077C,0,-5.945156,0.0797797441482544,0.6230000257492065,0.7185999751091003
YLR059C,YER109C,0,-5.945174,0.07976952940225601,0.6230000257492065,0.7186999917030334
YLR176C,YBR102C,0,-5.9455028,0.07975931465625763,0.6230000257492065,0.7188000082969666
YMR119W,YGL135W,0,-5.945537,0.07974910736083984,0.6230000257492065,0.7189000248908997
YGR120C,YPL242C,0,-5.9458466,0.07973890006542206,0.6230000257492065,0.718999981880188
YDR392W,YDL178W,0,-5.9458847,0.07972869277000427,0.6230000257492065,0.7190999984741211
YDR359C,YCL039W,0,-5.945925,0.07971849292516708,0.6230000257492065,0.7192000150680542
YBR228W,YGR256W,0,-5.9460206,0.0797082930803299,0.6230000257492065,0.7192999720573425
YKL203C,YGL054C,0,-5.946023,0.0796980932354927,0.6230000257492065,0.7193999886512756
YNL094W,YDR449C,0,-5.9460955,0.07968790084123611,0.6230000257492065,0.7195000052452087
YDR255C,YCR002C,0,-5.946216,0.07967770844697952,0.6230000257492065,0.7196000218391418
YPR094W,YPR067W,0,-5.9462886,0.07966751605272293,0.6230000257492065,0.7196999788284302
YDL198C,YKL149C,0,-5.9463973,0.07965733110904694,0.6230000257492065,0.7197999954223633
YER143W,YGR249W,0,-5.9464126,0.07964714616537094,0.6230000257492065,0.7199000120162964
YPR141C,YER022W,0,-5.946664,0.07963696867227554,0.6230000257492065,0.7200000286102295
YOL090W,YGR244C,0,-5.946786,0.07962679117918015,0.6230000257492065,0.7200999855995178
YEL015W,YDR016C,0,-5.9468637,0.07961661368608475,0.6230000257492065,0.7202000021934509
YOL097C,YPL083C,0,-5.9469213,0.07960644364356995,0.6230000257492065,0.720300018787384
YKL119C,YMR054W,1,-5.946922,0.0797240287065506,0.6240000128746033,0.720300018787384
YKR054C,YBR102C,0,-5.9471927,0.0797138512134552,0.6240000128746033,0.7203999757766724
YCR107W,YLR136C,0,-5.9473515,0.0797036662697792,0.6240000128746033,0.7204999923706055
YNL071W,YKL113C,0,-5.9474134,0.07969348877668381,0.6240000128746033,0.7206000089645386
YHR008C,YIL031W,0,-5.9474306,0.07968331128358841,0.6240000128746033,0.7207000255584717
YBR167C,YMR030W,0,-5.9475937,0.07967313379049301,0.6240000128746033,0.72079998254776
YNL094W,YDR052C,0,-5.947607,0.07966296374797821,0.6240000128746033,0.7208999991416931
YMR284W,YNL288W,0,-5.947773,0.07965279370546341,0.6240000128746033,0.7210000157356262
YHR039C-A,YGL095C,1,-5.9481406,0.07977025955915451,0.625,0.7210000157356262
YLR096W,YLR186W,0,-5.948401,0.07976008206605911,0.625,0.7210999727249146
YBR153W,YCR020C-A,0,-5.9484425,0.07974990457296371,0.625,0.7211999893188477
YNR031C,YLR304C,0,-5.948505,0.07973972707986832,0.625,0.7213000059127808
YDL108W,YPR067W,0,-5.9485626,0.07972955703735352,0.625,0.7214000225067139
YKR081C,YLR371W,0,-5.948715,0.07971938699483871,0.625,0.7214999794960022
YNL192W,YJR155W,0,-5.9493165,0.07970922440290451,0.625,0.7215999960899353
YOL124C,YDR116C,0,-5.9495845,0.07969905436038971,0.625,0.7217000126838684
YNL025C,YNL312W,0,-5.949608,0.0796888917684555,0.625,0.7218000292778015
YNL106C,YOL006C,0,-5.9499965,0.0796787366271019,0.625,0.7218999862670898
YGR162W,YAL056W,0,-5.9500127,0.07966858148574829,0.625,0.722000002861023
YCR014C,YLR272C,0,-5.950164,0.07965842634439468,0.625,0.722100019454956
YGR213C,YER017C,0,-5.950238,0.07964827120304108,0.625,0.7221999764442444
YKL112W,YMR298W,0,-5.9502826,0.07963812351226807,0.625,0.7222999930381775
YDR251W,YMR293C,0,-5.9503956,0.07962797582149506,0.625,0.7224000096321106
YKL140W,YPL217C,0,-5.950526,0.07961783558130264,0.625,0.7225000262260437
YMR076C,YOR174W,0,-5.95084,0.07960769534111023,0.625,0.722599983215332
YMR095C,YDR389W,0,-5.9511223,0.07959755510091782,0.625,0.7226999998092651
YKL195W,YCL025C,0,-5.951332,0.079587422311306,0.625,0.7228000164031982
YFL050C,YLR449W,0,-5.951497,0.07957728207111359,0.625,0.7228999733924866
YDL108W,YDR108W,0,-5.9518175,0.07956715673208237,0.625,0.7229999899864197
YDR375C,YBR162C,0,-5.9518943,0.07955702394247055,0.625,0.7231000065803528
YFR024C-A,YJL098W,0,-5.952092,0.07954689860343933,0.625,0.7232000231742859
YPL087W,YDR484W,0,-5.9523907,0.07953678071498871,0.625,0.7232999801635742
YPL239W,YKL056C,0,-5.9529743,0.07952665537595749,0.625,0.7233999967575073
YDL185W,YGR209C,1,-5.9532075,0.07964376360177994,0.6259999871253967,0.7233999967575073
YNL246W,YDR499W,0,-5.953497,0.07963363081216812,0.6259999871253967,0.7235000133514404
YLR141W,YNL222W,0,-5.9535174,0.0796235054731369,0.6259999871253967,0.7235999703407288
YPL133C,YDR004W,0,-5.953718,0.07961338013410568,0.6259999871253967,0.7236999869346619
YHR015W,YJR094C,0,-5.954417,0.07960325479507446,0.6259999871253967,0.723800003528595
YEL056W,YBR087W,0,-5.95459,0.07959313690662384,0.6259999871253967,0.7239000201225281
YBR165W,YDR412W,0,-5.954819,0.07958301901817322,0.6259999871253967,0.7239999771118164
YCR014C,YDL225W,0,-5.954826,0.0795729011297226,0.6259999871253967,0.7240999937057495
YHR015W,YNL231C,0,-5.955492,0.07956278324127197,0.6259999871253967,0.7242000102996826
YML126C,YBR049C,0,-5.9561415,0.07955267280340195,0.6259999871253967,0.7243000268936157
YGL067W,YFL055W,0,-5.9563384,0.07954256981611252,0.6259999871253967,0.724399983882904
YGL162W,YDR394W,0,-5.9565344,0.07953245937824249,0.6259999871253967,0.7245000004768372
YHR115C,YMR091C,0,-5.956727,0.07952235639095306,0.6259999871253967,0.7246000170707703
YOL009C,YBR153W,0,-5.956819,0.07951225340366364,0.6259999871253967,0.7246999740600586
YKL143W,YDR421W,0,-5.957384,0.0795021578669548,0.6259999871253967,0.7247999906539917
YOR116C,YJR082C,0,-5.9574957,0.07949206233024597,0.6259999871253967,0.7249000072479248
YGL190C,YER001W,0,-5.9575577,0.07948197424411774,0.6259999871253967,0.7250000238418579
YOR335C,YBR245C,0,-5.958029,0.0794718787074089,0.6259999871253967,0.7250999808311462
YPR165W,YFR048W,0,-5.9580455,0.07946179062128067,0.6259999871253967,0.7251999974250793
YOR344C,YGL210W,0,-5.9582777,0.07945170998573303,0.6259999871253967,0.7253000140190125
YOR162C,YKR062W,0,-5.9585114,0.0794416218996048,0.6259999871253967,0.7253999710083008
YDR478W,YJR066W,0,-5.9588003,0.07943154126405716,0.6259999871253967,0.7254999876022339
YCL032W,YER127W,0,-5.9595737,0.07942146807909012,0.6259999871253967,0.725600004196167
YKL005C,YKL201C,0,-5.959775,0.07941139489412308,0.6259999871253967,0.7257000207901001
YKL080W,YMR231W,1,-5.960511,0.07952816039323807,0.6269999742507935,0.7257000207901001
YDR364C,YJL186W,0,-5.960734,0.07951807230710983,0.6269999742507935,0.7257999777793884
YDL150W,YDR469W,0,-5.9610424,0.0795079916715622,0.6269999742507935,0.7258999943733215
YPL069C,YNL311C,0,-5.961048,0.07949791103601456,0.6269999742507935,0.7260000109672546
YKR026C,YMR270C,0,-5.961668,0.07948783040046692,0.6269999742507935,0.7261000275611877
YMR167W,YBL055C,0,-5.961691,0.07947775721549988,0.6269999742507935,0.7261999845504761
YDR205W,YDL043C,0,-5.9617233,0.07946768403053284,0.6269999742507935,0.7263000011444092
YLL002W,YDR243C,0,-5.962264,0.0794576108455658,0.6269999742507935,0.7264000177383423
YPL262W,YJL004C,0,-5.962329,0.07944754511117935,0.6269999742507935,0.7264999747276306
YDR364C,YML077W,0,-5.962353,0.07943747937679291,0.6269999742507935,0.7265999913215637
YAL023C,YOR207C,0,-5.962508,0.07942741364240646,0.6269999742507935,0.7267000079154968
YDR246W,YOR080W,0,-5.9629908,0.07941735535860062,0.6269999742507935,0.7268000245094299
YOR100C,YBR087W,0,-5.963065,0.07940729707479477,0.6269999742507935,0.7268999814987183
YKR038C,YJL072C,0,-5.9636602,0.07939723879098892,0.6269999742507935,0.7269999980926514
YJR021C,YDL225W,0,-5.9639807,0.07938718795776367,0.6269999742507935,0.7271000146865845
YMR239C,YOR099W,0,-5.964024,0.07937713712453842,0.6269999742507935,0.7271999716758728
YJR055W,YIL049W,0,-5.964131,0.07936708629131317,0.6269999742507935,0.7272999882698059
YNL036W,YDR483W,0,-5.9641395,0.07935704290866852,0.6269999742507935,0.727400004863739
YKL172W,YDR224C,0,-5.9643984,0.07934699952602386,0.6269999742507935,0.7275000214576721
YPL126W,YGR029W,0,-5.964506,0.07933696359395981,0.6269999742507935,0.7275999784469604
YJL004C,YNL207W,0,-5.9646244,0.07932692021131516,0.6269999742507935,0.7276999950408936
YPL259C,YBR196C,0,-5.9647,0.0793168917298317,0.6269999742507935,0.7278000116348267
YPR199C,YOL129W,0,-5.96577,0.07930685579776764,0.6269999742507935,0.7279000282287598
YKL101W,YPL094C,0,-5.965908,0.07929682731628418,0.6269999742507935,0.7279999852180481
YDR202C,YKL080W,1,-5.9660473,0.07941325008869171,0.628000020980835,0.7279999852180481
YLR201C,YER045C,0,-5.9662614,0.07940321415662766,0.628000020980835,0.7281000018119812
YPR033C,YLR035C,0,-5.9665265,0.079393170773983,0.628000020980835,0.7282000184059143
YMR100W,YOL128C,0,-5.966699,0.07938313484191895,0.628000020980835,0.7282999753952026
YDR182W,YLR005W,0,-5.9667125,0.07937310636043549,0.628000020980835,0.7283999919891357
YJR004C,YLL011W,0,-5.9670086,0.07936307042837143,0.628000020980835,0.7285000085830688
YLR081W,YDL036C,0,-5.967322,0.07935304194688797,0.628000020980835,0.728600025177002
YMR069W,YIR008C,0,-5.9676857,0.07934302091598511,0.628000020980835,0.7286999821662903
YNR035C,YOR023C,0,-5.9683175,0.07933299988508224,0.628000020980835,0.7287999987602234
YPL234C,YKL051W,1,-5.9684324,0.07944928854703903,0.6290000081062317,0.7287999987602234
YGL167C,YPL241C,0,-5.9686165,0.07943925261497498,0.6290000081062317,0.7289000153541565
YGL075C,YDR116C,0,-5.96894,0.07942922413349152,0.6290000081062317,0.7289999723434448
YOL111C,YER088C,0,-5.9693394,0.07941918820142746,0.6290000081062317,0.7290999889373779
YNL071W,YPL095C,0,-5.9695005,0.0794091671705246,0.6290000081062317,0.729200005531311
YBR098W,YHR181W,0,-5.9699545,0.07939913868904114,0.6290000081062317,0.7293000221252441
YFL029C,YDR376W,0,-5.970299,0.07938911765813828,0.6290000081062317,0.7293999791145325
YGL008C,YGR199W,0,-5.9704266,0.07937910407781601,0.6290000081062317,0.7294999957084656
YGR254W,YGR209C,1,-5.9705315,0.07949526607990265,0.6299999952316284,0.7294999957084656
YNL169C,YMR216C,0,-5.9706173,0.07948523759841919,0.6299999952316284,0.7296000123023987
YHR085W,YDR164C,0,-5.970654,0.07947520911693573,0.6299999952316284,0.7297000288963318
YDR236C,YDR037W,0,-5.9709325,0.07946518808603287,0.6299999952316284,0.7297999858856201
YBR155W,YKL048C,0,-5.9709454,0.07945516705513,0.6299999952316284,0.7299000024795532
YLR274W,YOR193W,0,-5.9711003,0.07944514602422714,0.6299999952316284,0.7300000190734863
YMR054W,YDR080W,1,-5.971335,0.07956121861934662,0.6309999823570251,0.7300000190734863
YDL043C,YPL258C,0,-5.971363,0.07955118268728256,0.6309999823570251,0.7300999760627747
YGR177C,YML088W,0,-5.9715567,0.0795411542057991,0.6309999823570251,0.7301999926567078
YNL131W,YJL098W,0,-5.971569,0.07953113317489624,0.6309999823570251,0.7303000092506409
YPR019W,YLR285W,0,-5.971616,0.07952111214399338,0.6309999823570251,0.730400025844574
YLR285W,YJR078W,0,-5.9717293,0.07951109111309052,0.6309999823570251,0.7304999828338623
YMR036C,YLR424W,0,-5.9722004,0.07950107008218765,0.6309999823570251,0.7305999994277954
YOR038C,YDL076C,0,-5.972246,0.07949105650186539,0.6309999823570251,0.7307000160217285
YDL212W,YDL188C,0,-5.9722633,0.07948104292154312,0.6309999823570251,0.7307999730110168
YHR027C,YER155C,0,-5.9723573,0.07947102934122086,0.6309999823570251,0.73089998960495
YDL006W,YBR105C,0,-5.97241,0.07946102321147919,0.6309999823570251,0.7310000061988831
YOR253W,YBR256C,0,-5.972843,0.07945101708173752,0.6309999823570251,0.7311000227928162
YPL008W,YMR140W,0,-5.972843,0.07944101840257645,0.6309999823570251,0.7311999797821045
YBL057C,YLR095C,0,-5.9729757,0.07943101972341537,0.6309999823570251,0.7312999963760376
YNL023C,YGL066W,0,-5.972993,0.0794210210442543,0.6309999823570251,0.7314000129699707
YKR029C,YDL004W,0,-5.97363,0.07941102236509323,0.6309999823570251,0.7315000295639038
YDR532C,YNR048W,0,-5.9737062,0.07940103113651276,0.6309999823570251,0.7315999865531921
YLR386W,YKL051W,1,-5.9739375,0.07951685786247253,0.6320000290870667,0.7315999865531921
YKL189W,YOR328W,0,-5.9739647,0.07950685918331146,0.6320000290870667,0.7317000031471252
YMR214W,YGL030W,0,-5.9739847,0.0794968530535698,0.6320000290870667,0.7318000197410583
YGR007W,YPR199C,0,-5.9742427,0.07948685437440872,0.6320000290870667,0.7318999767303467
YMR197C,YLR043C,1,-5.9744263,0.07960261404514313,0.6330000162124634,0.7318999767303467
YDR083W,YOR257W,0,-5.974834,0.07959260791540146,0.6330000162124634,0.7319999933242798
YLR085C,YDR490C,0,-5.9749937,0.07958260178565979,0.6330000162124634,0.7321000099182129
YPL002C,YLL060C,0,-5.975319,0.07957259565591812,0.6330000162124634,0.732200026512146
YPR054W,YLR067C,0,-5.97534,0.07956259697675705,0.6330000162124634,0.7322999835014343
YHR060W,YGR020C,1,-5.9756927,0.07967826724052429,0.6340000033378601,0.7322999835014343
YLR368W,YLR390W-A,0,-5.9764547,0.07966826111078262,0.6340000033378601,0.7324000000953674
YGR252W,YHR181W,0,-5.97676,0.07965824753046036,0.6340000033378601,0.7325000166893005
YIL140W,YKR022C,0,-5.9769707,0.07964824140071869,0.6340000033378601,0.7325999736785889
YNL131W,YPL037C,0,-5.977024,0.07963823527097702,0.6340000033378601,0.732699990272522
YIL122W,YGL013C,0,-5.977198,0.07962823659181595,0.6340000033378601,0.7328000068664551
YDR177W,YOR089C,0,-5.9772086,0.07961823791265488,0.6340000033378601,0.7329000234603882
YDL147W,YDR416W,0,-5.977671,0.0796082392334938,0.6340000033378601,0.7329999804496765
YGL190C,YFR029W,0,-5.9781327,0.07959824055433273,0.6340000033378601,0.7330999970436096
YKL051W,YEL013W,1,-5.9781604,0.07971378415822983,0.6349999904632568,0.7330999970436096
YPL112C,YDR276C,0,-5.9783444,0.07970377802848816,0.6349999904632568,0.7332000136375427
YML060W,YGL032C,0,-5.978489,0.07969377189874649,0.6349999904632568,0.733299970626831
YGL006W,YNL085W,0,-5.9786377,0.07968377321958542,0.6349999904632568,0.7333999872207642
YPL126W,YBR290W,0,-5.978651,0.07967377454042435,0.6349999904632568,0.7335000038146973
YNL293W,YJL014W,0,-5.978714,0.07966378331184387,0.6349999904632568,0.7336000204086304
YDR069C,YOR212W,0,-5.978776,0.0796537846326828,0.6349999904632568,0.7336999773979187
YML010W,YDR216W,0,-5.979205,0.07964380085468292,0.6349999904632568,0.7337999939918518
YDR142C,YNL207W,0,-5.9794993,0.07963380962610245,0.6349999904632568,0.7339000105857849
YFL031W,YKL021C,0,-5.979745,0.07962382584810257,0.6349999904632568,0.734000027179718
YGR254W,YHR060W,1,-5.979752,0.07973922044038773,0.6359999775886536,0.734000027179718
YPL106C,YBL008W,0,-5.9802732,0.07972922176122665,0.6359999775886536,0.7340999841690063
YKL080W,YGR020C,1,-5.980638,0.07984457165002823,0.6370000243186951,0.7340999841690063
YDR052C,YGL236C,0,-5.980921,0.07983456552028656,0.6370000243186951,0.7342000007629395
YDR435C,YDR303C,0,-5.980939,0.07982455939054489,0.6370000243186951,0.7343000173568726
YMR305C,YDL166C,0,-5.98126,0.07981456071138382,0.6370000243186951,0.7343999743461609
YEL003W,YHR111W,0,-5.9812675,0.07980456203222275,0.6370000243186951,0.734499990940094
YHL006C,YKR072C,0,-5.9814363,0.07979456335306168,0.6370000243186951,0.7346000075340271
YML024W,YMR285C,0,-5.9822044,0.0797845721244812,0.6370000243186951,0.7347000241279602
YIL026C,YDR486C,0,-5.9827604,0.07977458089590073,0.6370000243186951,0.7347999811172485
YDL126C,YFR002W,0,-5.982764,0.07976458966732025,0.6370000243186951,0.7348999977111816
YLR275W,YOR054C,0,-5.9827847,0.07975459843873978,0.6370000243186951,0.7350000143051147
YAL053W,YNL222W,0,-5.983201,0.0797446146607399,0.6370000243186951,0.7350999712944031
YBR179C,YLR285W,0,-5.98344,0.07973463833332062,0.6370000243186951,0.7351999878883362
YLR150W,YDL213C,0,-5.983549,0.07972465455532074,0.6370000243186951,0.7353000044822693
YLR043C,YDR328C,1,-5.983586,0.07983981817960739,0.6380000114440918,0.7353000044822693
YGR120C,YBR196C,0,-5.983612,0.07982982695102692,0.6380000114440918,0.7354000210762024
YPL254W,YDR055W,0,-5.9837904,0.07981984317302704,0.6380000114440918,0.7354999780654907
YLR034C,YFL018C,0,-5.9839125,0.07980985939502716,0.6380000114440918,0.7355999946594238
YEL004W,YOR037W,0,-5.984232,0.07979987561702728,0.6380000114440918,0.7357000112533569
YPL177C,YGR085C,0,-5.984469,0.0797898918390274,0.6380000114440918,0.73580002784729
YDR364C,YHR129C,0,-5.9846287,0.07977991551160812,0.6380000114440918,0.7358999848365784
YCR010C,YEL009C,0,-5.9847555,0.07976993918418884,0.6380000114440918,0.7360000014305115
YML102W,YPR033C,0,-5.984803,0.07975997030735016,0.6380000114440918,0.7361000180244446
YHR062C,YLR448W,0,-5.9848604,0.07975000143051147,0.6380000114440918,0.7361999750137329
YDR228C,YGL137W,0,-5.985133,0.07974003255367279,0.6380000114440918,0.736299991607666
YER133W,YOR153W,0,-5.985141,0.0797300711274147,0.6380000114440918,0.7364000082015991
YGL213C,YBR002C,0,-5.985327,0.07972010225057602,0.6380000114440918,0.7365000247955322
YNL103W,YDR082W,0,-5.9856215,0.07971014827489853,0.6380000114440918,0.7365999817848206
YKL119C,YGR209C,1,-5.9856873,0.07982511073350906,0.6389999985694885,0.7365999817848206
YJL045W,YNL287W,0,-5.9857006,0.07981514185667038,0.6389999985694885,0.7366999983787537
YBR123C,YJL087C,0,-5.9859667,0.0798051729798317,0.6389999985694885,0.7368000149726868
YGL071W,YPL206C,0,-5.9861546,0.07979520410299301,0.6389999985694885,0.7368999719619751
YDR320C-A,YJR047C,0,-5.986413,0.07978524267673492,0.6389999985694885,0.7369999885559082
YER019C-A,YKL004W,0,-5.9868903,0.07977528125047684,0.6389999985694885,0.7371000051498413
YLR396C,YCL063W,1,-5.9870825,0.07989015430212021,0.6399999856948853,0.7371000051498413
YGR044C,YNL262W,0,-5.987206,0.07988017797470093,0.6399999856948853,0.7372000217437744
YLR181C,YKL146W,0,-5.987586,0.07987020909786224,0.6399999856948853,0.7372999787330627
YNL192W,YHL003C,0,-5.9877224,0.07986024767160416,0.6399999856948853,0.7373999953269958
YLR266C,YMR316W,0,-5.987755,0.07985027879476547,0.6399999856948853,0.737500011920929
YDR384C,YDR191W,0,-5.987755,0.07984031736850739,0.6399999856948853,0.7376000285148621
YER173W,YMR140W,0,-5.988249,0.0798303633928299,0.6399999856948853,0.7376999855041504
YBR152W,YDL092W,0,-5.9885926,0.07982040196657181,0.6399999856948853,0.7378000020980835
YBR295W,YGL032C,0,-5.9891667,0.07981044799089432,0.6399999856948853,0.7379000186920166
YBR202W,YER112W,0,-5.9893074,0.07980050146579742,0.6399999856948853,0.7379999756813049
YFR019W,YNL326C,1,-5.9893813,0.07991522550582886,0.640999972820282,0.7379999756813049
YKR050W,YPL078C,0,-5.9894915,0.07990526407957077,0.640999972820282,0.738099992275238
YFL050C,YMR236W,0,-5.989677,0.07989530265331268,0.640999972820282,0.7382000088691711
YNL186W,YGR028W,0,-5.989768,0.0798853412270546,0.640999972820282,0.7383000254631042
YMR231W,YNL079C,1,-5.9897747,0.07999999821186066,0.6420000195503235,0.7383000254631042
YLR242C,YNL230C,0,-5.9901147,0.07999002933502197,0.6420000195503235,0.7383999824523926
YPL033C,YKL146W,0,-5.990127,0.07998006790876389,0.6420000195503235,0.7384999990463257
YHR050W,YMR225C,0,-5.9903846,0.0799701064825058,0.6420000195503235,0.7386000156402588
YOR373W,YLR424W,0,-5.9905615,0.07996014505624771,0.6420000195503235,0.7386999726295471
YMR247C,YDR116C,0,-5.9914427,0.07995018362998962,0.6420000195503235,0.7387999892234802
YMR276W,YJL063C,0,-5.9916577,0.07994022965431213,0.6420000195503235,0.7389000058174133
YNL123W,YOL064C,0,-5.99196,0.07993027567863464,0.6420000195503235,0.7390000224113464
YMR005W,YLR242C,0,-5.992002,0.07992032915353775,0.6420000195503235,0.7390999794006348
YOL055C,YLR130C,0,-5.992013,0.07991038262844086,0.6420000195503235,0.7391999959945679
YAL042W,YOR137C,0,-5.992049,0.07990043610334396,0.6420000195503235,0.739300012588501
YJL108C,YIL149C,0,-5.992054,0.07989048957824707,0.6420000195503235,0.7394000291824341
YMR270C,YPL239W,0,-5.992078,0.07988055050373077,0.6420000195503235,0.7394999861717224
YBR170C,YBL082C,0,-5.9920897,0.07987061142921448,0.6420000195503235,0.7396000027656555
YOL149W,YGL145W,0,-5.993305,0.07986067980527878,0.6420000195503235,0.7397000193595886
YEL013W,YHR174W,1,-5.9937215,0.07997512072324753,0.6430000066757202,0.7397000193595886
YDL128W,YHR053C,0,-5.99419,0.07996518164873123,0.6430000066757202,0.739799976348877
YMR149W,YOR054C,0,-5.9956074,0.07995523512363434,0.6430000066757202,0.7398999929428101
YBL015W,YMR083W,0,-5.9964137,0.07994529604911804,0.6430000066757202,0.7400000095367432
YKL015W,YCR042C,0,-5.996513,0.07993535697460175,0.6430000066757202,0.7401000261306763
YHR188C,YHR041C,0,-5.9965186,0.07992541790008545,0.6430000066757202,0.7401999831199646
YLR102C,YJL115W,0,-5.9966784,0.07991548627614975,0.6430000066757202,0.7402999997138977
YDR251W,YGR003W,0,-5.996798,0.07990555465221405,0.6430000066757202,0.7404000163078308
YDL200C,YMR037C,0,-5.996902,0.07989562302827835,0.6430000066757202,0.7404999732971191
YLR047C,YOR269W,0,-5.9970136,0.07988569885492325,0.6430000066757202,0.7405999898910522
YML077W,YER119C,0,-5.997096,0.07987577468156815,0.6430000066757202,0.7407000064849854
YMR270C,YDR394W,0,-5.9976335,0.07986585795879364,0.6430000066757202,0.7408000230789185
YGL071W,YHR036W,0,-5.9980474,0.07985593378543854,0.6430000066757202,0.7408999800682068
YML011C,YDR272W,0,-5.998048,0.07984601706266403,0.6430000066757202,0.7409999966621399
YFL059W,YIL129C,0,-5.998357,0.07983610779047012,0.6430000066757202,0.741100013256073
YAL043C,YPR008W,0,-5.9989605,0.07982619851827621,0.6430000066757202,0.7411999702453613
YGL133W,YDR099W,0,-5.9992437,0.0798162892460823,0.6430000066757202,0.7412999868392944
YJL128C,YML105C,0,-5.9992504,0.0798063799738884,0.6430000066757202,0.7414000034332275
YGR254W,YGL095C,1,-5.9999666,0.07992057502269745,0.6439999938011169,0.7414000034332275
YBR202W,YGR135W,0,-6.000167,0.07991065829992294,0.6439999938011169,0.7415000200271606
YLR067C,YOR179C,0,-6.0009975,0.07990074157714844,0.6439999938011169,0.741599977016449
YHL036W,YER053C,0,-6.0011587,0.07989083230495453,0.6439999938011169,0.7416999936103821
YLL043W,YNR049C,0,-6.001213,0.07988092303276062,0.6439999938011169,0.7418000102043152
YHR056C,YBR256C,0,-6.0012965,0.07987101376056671,0.6439999938011169,0.7419000267982483
YHR039C-A,YHR174W,1,-6.0016303,0.0799851194024086,0.6449999809265137,0.7419000267982483
YMR281W,YNL169C,0,-6.001683,0.0799752026796341,0.6449999809265137,0.7419999837875366
YDL117W,YDR071C,0,-6.0018435,0.07996528595685959,0.6449999809265137,0.7421000003814697
YKL208W,YMR006C,0,-6.0019083,0.07995537668466568,0.6449999809265137,0.7422000169754028
YDL185W,YEL051W,1,-6.0022793,0.0800694078207016,0.6460000276565552,0.7422000169754028
YOR226C,YDR464W,0,-6.0028133,0.0800594836473465,0.6460000276565552,0.7422999739646912
YMR220W,YNL102W,0,-6.002973,0.08004956692457199,0.6460000276565552,0.7423999905586243
YGR028W,YHR074W,0,-6.0030146,0.08003965020179749,0.6460000276565552,0.7425000071525574
YLR043C,YGR020C,1,-6.003231,0.08015361428260803,0.6470000147819519,0.7425000071525574
YLR033W,YOL012C,0,-6.003525,0.08014369010925293,0.6470000147819519,0.7426000237464905
YER089C,YOR031W,0,-6.0040283,0.08013376593589783,0.6470000147819519,0.7426999807357788
YBR183W,YPR016C,0,-6.004352,0.08012384176254272,0.6470000147819519,0.7427999973297119
YNL280C,YMR097C,0,-6.004377,0.08011391758918762,0.6470000147819519,0.742900013923645
YOL111C,YJR050W,0,-6.0048056,0.08010400086641312,0.6470000147819519,0.7429999709129333
YDR069C,YNL065W,0,-6.004922,0.08009408414363861,0.6470000147819519,0.7430999875068665
YNL246W,YKL189W,0,-6.0058208,0.0800841674208641,0.6470000147819519,0.7432000041007996
YOR109W,YNL197C,0,-6.0058746,0.0800742581486702,0.6470000147819519,0.7433000206947327
YKL048C,YGL051W,0,-6.0058904,0.08006434887647629,0.6470000147819519,0.743399977684021
YPL110C,YDL231C,0,-6.005929,0.08005443960428238,0.6470000147819519,0.7434999942779541
YGR003W,YGL043W,0,-6.0060062,0.08004453778266907,0.6470000147819519,0.7436000108718872
YBL050W,YLR240W,1,-6.006076,0.08015833795070648,0.6480000019073486,0.7436000108718872
YJL025W,YCR033W,0,-6.0061774,0.08014842122793198,0.6480000019073486,0.7437000274658203
YNL311C,YMR140W,0,-6.0061893,0.08013851195573807,0.6480000019073486,0.7437999844551086
YFR019W,YHR174W,1,-6.006234,0.0802522599697113,0.6489999890327454,0.7437999844551086
YBR029C,YDL243C,0,-6.0065765,0.0802423357963562,0.6489999890327454,0.7439000010490417
YJR010C-A,YIL095W,0,-6.0070353,0.0802324116230011,0.6489999890327454,0.7440000176429749
YBR214W,YOR226C,0,-6.007433,0.08022249490022659,0.6489999890327454,0.7440999746322632
YMR079W,YNL329C,0,-6.007548,0.08021257817745209,0.6489999890327454,0.7441999912261963
YLR201C,YLR078C,0,-6.007698,0.08020266890525818,0.6489999890327454,0.7443000078201294
YBL102W,YMR211W,0,-6.0086226,0.08019275963306427,0.6489999890327454,0.7444000244140625
YBL057C,YPL175W,0,-6.008866,0.08018285036087036,0.6489999890327454,0.7444999814033508
YLR117C,YKL079W,0,-6.009036,0.08017294853925705,0.6489999890327454,0.7445999979972839
YNL091W,YPL239W,0,-6.0091667,0.08016304671764374,0.6489999890327454,0.744700014591217
YLR208W,YOR201C,0,-6.009174,0.08015314489603043,0.6489999890327454,0.7447999715805054
YNL283C,YHR139C,0,-6.009616,0.08014324307441711,0.6489999890327454,0.7448999881744385
YPL234C,YIL048W,1,-6.0098243,0.08025681972503662,0.6499999761581421,0.7448999881744385
YLR043C,YFL004W,1,-6.0099835,0.08037037402391434,0.6510000228881836,0.7448999881744385
YLR361C,YDR243C,0,-6.0100536,0.08036044985055923,0.6510000228881836,0.7450000047683716
YLR447C,YGL095C,1,-6.010086,0.08047395944595337,0.6520000100135803,0.7450000047683716
YKL085W,YJR070C,0,-6.010111,0.08046402782201767,0.6520000100135803,0.7451000213623047
YIL033C,YBL045C,0,-6.010166,0.08045409619808197,0.6520000100135803,0.745199978351593
YHR070W,YJL196C,0,-6.0103354,0.08044417202472687,0.6520000100135803,0.7452999949455261
YOR122C,YER168C,0,-6.0105314,0.08043424785137177,0.6520000100135803,0.7454000115394592
YPR036W,YHR060W,1,-6.0106955,0.08054767549037933,0.652999997138977,0.7454000115394592
YJR121W,YDR279W,0,-6.011228,0.08053774386644363,0.652999997138977,0.7455000281333923
YMR097C,YMR207C,0,-6.0117564,0.08052781224250793,0.652999997138977,0.7455999851226807
YOR380W,YMR112C,0,-6.0117908,0.08051788061857224,0.652999997138977,0.7457000017166138
YPL085W,YBR170C,0,-6.0122776,0.08050794899463654,0.652999997138977,0.7458000183105469
YPL151C,YIL016W,0,-6.012332,0.08049802482128143,0.652999997138977,0.7458999752998352
YMR076C,YGL044C,0,-6.012504,0.08048810809850693,0.652999997138977,0.7459999918937683
YMR079W,YDL165W,0,-6.0126095,0.08047818392515182,0.652999997138977,0.7461000084877014
YOR039W,YNL245C,0,-6.013114,0.08046826720237732,0.652999997138977,0.7462000250816345
YFL048C,YDR002W,0,-6.013281,0.08045835047960281,0.652999997138977,0.7462999820709229
YNL079C,YHR174W,1,-6.0134115,0.08057163655757904,0.6539999842643738,0.7462999820709229
YMR243C,YAR042W,0,-6.014452,0.08056171238422394,0.6539999842643738,0.746399998664856
YMR100W,YGR179C,0,-6.0144544,0.08055179566144943,0.6539999842643738,0.7465000152587891
YBR223C,YLR288C,0,-6.0147038,0.08054187148809433,0.6539999842643738,0.7465999722480774
YHR154W,YMR308C,0,-6.014826,0.08053195476531982,0.6539999842643738,0.7466999888420105
YPL089C,YLR450W,0,-6.0149193,0.08052203804254532,0.6539999842643738,0.7468000054359436
YFL016C,YPL208W,0,-6.015328,0.08051212877035141,0.6539999842643738,0.7469000220298767
YPL177C,YMR292W,0,-6.0154696,0.0805022120475769,0.6539999842643738,0.746999979019165
YDR182W,YOR217W,0,-6.015551,0.08049231022596359,0.6539999842643738,0.7470999956130981
YNL268W,YNL039W,0,-6.0157413,0.08048240095376968,0.6539999842643738,0.7472000122070312
YDL008W,YGR092W,0,-6.01575,0.08047249913215637,0.6539999842643738,0.7473000288009644
YNL314W,YKL006C-A,0,-6.0158052,0.08046259731054306,0.6539999842643738,0.7473999857902527
YOL006C,YMR070W,0,-6.016096,0.08045270293951035,0.6539999842643738,0.7475000023841858
YDR280W,YKL002W,0,-6.016101,0.08044280111789703,0.6539999842643738,0.7476000189781189
YCL061C,YKR035W-A,0,-6.016614,0.08043291419744492,0.6539999842643738,0.7476999759674072
YHR083W,YNR027W,0,-6.0166206,0.0804230198264122,0.6539999842643738,0.7477999925613403
YHL028W,YOL138C,0,-6.0167246,0.08041313290596008,0.6539999842643738,0.7479000091552734
YAL042W,YFL003C,0,-6.0167313,0.08040324598550797,0.6539999842643738,0.7480000257492065
YOR143C,YHR161C,0,-6.0168657,0.08039335906505585,0.6539999842643738,0.7480999827384949
YJR082C,YDR135C,0,-6.017294,0.08038347959518433,0.6539999842643738,0.748199999332428
YBR036C,YHR123W,0,-6.0175724,0.0803736001253128,0.6539999842643738,0.7483000159263611
YLR447C,YMR054W,1,-6.0175743,0.08048660308122635,0.6549999713897705,0.7483000159263611
YPR025C,YDL200C,0,-6.0176864,0.08047671616077423,0.6549999713897705,0.7483999729156494
YKR062W,YLR450W,0,-6.0178995,0.08046682924032211,0.6549999713897705,0.7484999895095825
YJR144W,YPL233W,0,-6.01794,0.08045694977045059,0.6549999713897705,0.7486000061035156
YJL141C,YML123C,0,-6.018096,0.08044706284999847,0.6549999713897705,0.7487000226974487
YNR008W,YGR101W,0,-6.0181546,0.08043718338012695,0.6549999713897705,0.7487999796867371
YJL012C,YBR109C,1,-6.018341,0.08055009692907333,0.656000018119812,0.7487999796867371
YHR115C,YDR469W,0,-6.018397,0.08054021000862122,0.656000018119812,0.7488999962806702
YOR168W,YCL017C,0,-6.0192747,0.0805303230881691,0.656000018119812,0.7490000128746033
YDR080W,YPR036W,1,-6.019488,0.0806431844830513,0.6570000052452087,0.7490000128746033
YBL040C,YFR052W,0,-6.019757,0.08063328266143799,0.6570000052452087,0.7491000294685364
YNL258C,YNL102W,0,-6.019806,0.08062338829040527,0.6570000052452087,0.7491999864578247
YKL051W,YNL054W,1,-6.019834,0.0807361975312233,0.6579999923706055,0.7491999864578247
YDL212W,YER114C,0,-6.020253,0.08072628825902939,0.6579999923706055,0.7493000030517578
YOR171C,YNL283C,0,-6.020547,0.08071638643741608,0.6579999923706055,0.7494000196456909
YJR060W,YOR054C,0,-6.020637,0.08070649206638336,0.6579999923706055,0.7494999766349792
YCR037C,YOL071W,0,-6.021143,0.08069659024477005,0.6579999923706055,0.7495999932289124
YPL096W,YPL129W,0,-6.02124,0.08068669587373734,0.6579999923706055,0.7497000098228455
YGR074W,YPL100W,0,-6.0216284,0.08067680150270462,0.6579999923706055,0.7498000264167786
YEL066W,YNL222W,0,-6.0217686,0.0806669145822525,0.6579999923706055,0.7498999834060669
YDR499W,YLR424W,0,-6.0219088,0.08065702021121979,0.6579999923706055,0.75
YHR171W,YDR517W,0,-6.0221004,0.08064714074134827,0.6579999923706055,0.7501000165939331
YGR129W,YJL081C,0,-6.022119,0.08063725382089615,0.6579999923706055,0.7501999735832214
YDL056W,YKL068W,0,-6.0222063,0.08062737435102463,0.6579999923706055,0.7502999901771545
YHL031C,YKL110C,0,-6.0224466,0.0806174948811531,0.6579999923706055,0.7504000067710876
YOR367W,YDR121W,0,-6.0227995,0.08060762286186218,0.6579999923706055,0.7505000233650208
YKR079C,YOR188W,0,-6.022893,0.08059774339199066,0.6579999923706055,0.7505999803543091
YDR212W,YDR345C,0,-6.02335,0.08058787137269974,0.6579999923706055,0.7506999969482422
YIL106W,YKR009C,0,-6.023389,0.08057800680398941,0.6579999923706055,0.7508000135421753
YLR190W,YHL007C,0,-6.023442,0.08056814223527908,0.6579999923706055,0.7508999705314636
YAL005C,YER052C,0,-6.0234976,0.08055827766656876,0.6579999923706055,0.7509999871253967
YOL111C,YMR077C,0,-6.024123,0.08054841309785843,0.6579999923706055,0.7511000037193298
YJR086W,YLR210W,0,-6.024293,0.0805385559797287,0.6579999923706055,0.7512000203132629
YGR252W,YFL022C,0,-6.0243473,0.08052869886159897,0.6579999923706055,0.7512999773025513
YDR375C,YNL113W,0,-6.0244255,0.08051884174346924,0.6579999923706055,0.7513999938964844
YPR110C,YFR002W,0,-6.0247245,0.0805089920759201,0.6579999923706055,0.7515000104904175
YOL059W,YHL003C,0,-6.0249615,0.08049914240837097,0.6579999923706055,0.7516000270843506
YBR223C,YOR011W,0,-6.0249653,0.08048930019140244,0.6579999923706055,0.7516999840736389
YHR039C-A,YPL234C,1,-6.0251827,0.0806017592549324,0.6589999794960022,0.7516999840736389
YNL039W,YKR046C,0,-6.025428,0.08059190213680267,0.6589999794960022,0.751800000667572
YMR316W,YDL064W,0,-6.02544,0.08058205246925354,0.6589999794960022,0.7519000172615051
YDR477W,YCR020W-B,0,-6.0254784,0.08057219535112381,0.6589999794960022,0.7519999742507935
YNL131W,YDR137W,0,-6.025482,0.08056234568357468,0.6589999794960022,0.7520999908447266
YLR383W,YLR138W,0,-6.025569,0.08055249601602554,0.6589999794960022,0.7522000074386597
YLR060W,YMR273C,0,-6.026128,0.080542653799057,0.6589999794960022,0.7523000240325928
YGR193C,YKR046C,0,-6.0262055,0.08053281158208847,0.6589999794960022,0.7523999810218811
YKL101W,YIL052C,0,-6.026289,0.08052296936511993,0.6589999794960022,0.7524999976158142
YKR038C,YOL011W,0,-6.0264997,0.080513134598732,0.6589999794960022,0.7526000142097473
YMR013C,YPL137C,0,-6.026527,0.08050329983234406,0.6589999794960022,0.7526999711990356
YIL048W,YEL013W,1,-6.027196,0.08061560988426208,0.6600000262260437,0.7526999711990356
YJR155W,YOL060C,0,-6.027217,0.08060576766729355,0.6600000262260437,0.7527999877929688
YDR478W,YER119C,0,-6.0272946,0.08059591799974442,0.6600000262260437,0.7529000043869019
YKR036C,YDR339C,0,-6.027643,0.08058608323335648,0.6600000262260437,0.753000020980835
YGR163W,YGR206W,0,-6.027645,0.08057624101638794,0.6600000262260437,0.7530999779701233
YOR023C,YMR161W,0,-6.028404,0.08056640625,0.6600000262260437,0.7531999945640564
YNR058W,YDR103W,0,-6.028668,0.08055657148361206,0.6600000262260437,0.7533000111579895
YPL087W,YMR246W,0,-6.0287952,0.08054674416780472,0.6600000262260437,0.7534000277519226
YLR148W,YDR328C,1,-6.0291386,0.0806589350104332,0.6610000133514404,0.7534000277519226
YBR288C,YLR228C,0,-6.029673,0.08064910024404526,0.6610000133514404,0.7534999847412109
YGR038W,YJR140C,0,-6.0297804,0.08063925802707672,0.6610000133514404,0.753600001335144
YLR085C,YNL214W,0,-6.02989,0.08062942326068878,0.6610000133514404,0.7537000179290771
YDR345C,YJL048C,0,-6.030991,0.08061958849430084,0.6610000133514404,0.7537999749183655
YDR036C,YIL009C-A,0,-6.0310526,0.0806097537279129,0.6610000133514404,0.7538999915122986
YIL033C,YGR108W,0,-6.0315046,0.08059992641210556,0.6610000133514404,0.7540000081062317
YBR010W,YMR264W,0,-6.031637,0.08059009909629822,0.6610000133514404,0.7541000247001648
YLR133W,YFR004W,0,-6.0319676,0.08058027923107147,0.6610000133514404,0.7541999816894531
YDL185W,YEL013W,1,-6.032233,0.0806923434138298,0.6620000004768372,0.7541999816894531
YPL268W,YLR240W,1,-6.032507,0.08080438524484634,0.6629999876022339,0.7541999816894531
YHR086W,YDR192C,0,-6.032797,0.08079454302787781,0.6629999876022339,0.7542999982833862
YGR163W,YMR149W,0,-6.032968,0.08078469336032867,0.6629999876022339,0.7544000148773193
YDR376W,YGR261C,0,-6.0329914,0.08077485114336014,0.6629999876022339,0.7544999718666077
YDR440W,YMR201C,0,-6.033202,0.0807650163769722,0.6629999876022339,0.7545999884605408
YGL065C,YGR028W,0,-6.0332956,0.08075517416000366,0.6629999876022339,0.7547000050544739
YLR192C,YOR210W,0,-6.033743,0.08074533939361572,0.6629999876022339,0.754800021648407
YCR065W,YDL207W,0,-6.0341406,0.08073551207780838,0.6629999876022339,0.7548999786376953
YPL234C,YLR148W,1,-6.0342174,0.08084743469953537,0.6639999747276306,0.7548999786376953
YMR089C,YOR103C,0,-6.035062,0.08083759248256683,0.6639999747276306,0.7549999952316284
YMR255W,YPL217C,0,-6.035137,0.0808277577161789,0.6639999747276306,0.7551000118255615
YHR166C,YER105C,0,-6.0352335,0.08081791549921036,0.6639999747276306,0.7552000284194946
YFR003C,YBR130C,0,-6.035713,0.08080808073282242,0.6639999747276306,0.755299985408783
YGR214W,YOR265W,0,-6.0357547,0.08079824596643448,0.6639999747276306,0.7554000020027161
YOL060C,YLR020C,0,-6.035792,0.08078841865062714,0.6639999747276306,0.7555000185966492
YPL234C,YDR017C,1,-6.035844,0.08090024441480637,0.6650000214576721,0.7555000185966492
YPL020C,YBR083W,0,-6.036121,0.08089040219783783,0.6650000214576721,0.7555999755859375
YHR120W,YDR494W,0,-6.0361533,0.08088056743144989,0.6650000214576721,0.7556999921798706
YHR204W,YPL249C,0,-6.0364056,0.08087072521448135,0.6650000214576721,0.7558000087738037
YLR114C,YMR201C,0,-6.036962,0.08086089789867401,0.6650000214576721,0.7559000253677368
YIL056W,YOR217W,0,-6.037305,0.08085106313228607,0.6650000214576721,0.7559999823570251
YLR399C,YDR276C,0,-6.0378046,0.08084123581647873,0.6650000214576721,0.7560999989509583
YER029C,YPR030W,0,-6.0379333,0.08083140850067139,0.6650000214576721,0.7562000155448914
YIL048W,YNL326C,1,-6.038155,0.08094312250614166,0.6660000085830688,0.7562000155448914
YCR089W,YBR221C,0,-6.038352,0.08093328773975372,0.6660000085830688,0.7562999725341797
YGL061C,YDR322C-A,0,-6.038575,0.08092345297336578,0.6660000085830688,0.7563999891281128
YBR167C,YLL050C,0,-6.0386653,0.08091361820697784,0.6660000085830688,0.7565000057220459
YDR517W,YJR057W,0,-6.0391483,0.0809037908911705,0.6660000085830688,0.756600022315979
YER162C,YBR068C,0,-6.0393505,0.08089396357536316,0.6660000085830688,0.7566999793052673
YNL286W,YOR149C,0,-6.0395985,0.08088413625955582,0.6660000085830688,0.7567999958992004
YIL056W,YDR284C,0,-6.039792,0.08087431639432907,0.6660000085830688,0.7569000124931335
YLR085C,YPL239W,0,-6.0404396,0.08086449652910233,0.6660000085830688,0.7570000290870667
YKL086W,YGL120C,0,-6.040495,0.08085467666387558,0.6660000085830688,0.757099986076355
YML049C,YCR094W,0,-6.040885,0.08084486424922943,0.6660000085830688,0.7572000026702881
YDR385W,YHR135C,0,-6.041227,0.08083505183458328,0.6660000085830688,0.7573000192642212
YLR332W,YLL003W,0,-6.0414343,0.08082523941993713,0.6660000085830688,0.7573999762535095
YHL031C,YDR198C,0,-6.0414863,0.08081543445587158,0.6660000085830688,0.7574999928474426
YLR060W,YHR111W,0,-6.04158,0.08080562949180603,0.6660000085830688,0.7576000094413757
YOR069W,YDR160W,0,-6.0419226,0.08079582452774048,0.6660000085830688,0.7577000260353088
YGL070C,YKL160W,0,-6.0419416,0.08078602701425552,0.6660000085830688,0.7577999830245972
YNL297C,YMR140W,0,-6.0419703,0.08077622950077057,0.6660000085830688,0.7578999996185303
YKR068C,YNL119W,0,-6.0423255,0.08076643198728561,0.6660000085830688,0.7580000162124634
YNL188W,YJL194W,0,-6.0429287,0.08075664192438126,0.6660000085830688,0.7580999732017517
YIL149C,YDR416W,0,-6.043233,0.0807468444108963,0.6660000085830688,0.7581999897956848
YHR004C,YLR033W,0,-6.0433006,0.08073706179857254,0.6660000085830688,0.7583000063896179
YNL021W,YKR019C,0,-6.04356,0.08072727173566818,0.6660000085830688,0.758400022983551
YEL019C,YLR113W,0,-6.0436454,0.08071748912334442,0.6660000085830688,0.7584999799728394
YDL226C,YKL006C-A,0,-6.0437183,0.08070770651102066,0.6660000085830688,0.7585999965667725
YDR216W,YLR181C,0,-6.0439386,0.0806979313492775,0.6660000085830688,0.7587000131607056
YDL081C,YDR172W,0,-6.0440345,0.08068814873695374,0.6660000085830688,0.7588000297546387
YKL189W,YDR346C,0,-6.0441275,0.08067837357521057,0.6660000085830688,0.758899986743927
YEL029C,YJR050W,0,-6.044135,0.080668605864048,0.6660000085830688,0.7590000033378601
YDL003W,YLR353W,0,-6.0450315,0.08065883815288544,0.6660000085830688,0.7591000199317932
YJL050W,YPR008W,0,-6.0451727,0.08064907044172287,0.6660000085830688,0.7591999769210815
YDL019C,YMR056C,0,-6.045187,0.0806393027305603,0.6660000085830688,0.7592999935150146
YMR036C,YER119C,0,-6.045265,0.08062954246997833,0.6660000085830688,0.7594000101089478
YPL192C,YOR075W,0,-6.0453696,0.08061978220939636,0.6660000085830688,0.7595000267028809
YPL045W,YOR068C,1,-6.0457397,0.08073105663061142,0.6669999957084656,0.7595000267028809
YOR147W,YDR295C,0,-6.045934,0.08072128891944885,0.6669999957084656,0.7595999836921692
YDR211W,YOR330C,0,-6.046082,0.08071152120828629,0.6669999957084656,0.7597000002861023
YPR036W,YHR174W,1,-6.046148,0.08082274347543716,0.6679999828338623,0.7597000002861023
YDR017C,YEL051W,1,-6.046187,0.08093394339084625,0.6690000295639038,0.7597000002861023
YNL326C,YBL050W,1,-6.0462303,0.08104512095451355,0.6700000166893005,0.7597000002861023
YMR125W,YIR037W,0,-6.0462317,0.081035315990448,0.6700000166893005,0.7598000168800354
YOL109W,YKL212W,0,-6.046322,0.08102551847696304,0.6700000166893005,0.7598999738693237
YJR082C,YLL050C,0,-6.04637,0.08101572096347809,0.6700000166893005,0.7599999904632568
YLR150W,YNL116W,0,-6.0465155,0.08100592344999313,0.6700000166893005,0.7601000070571899
YGL095C,YEL013W,1,-6.046754,0.08111701905727386,0.6710000038146973,0.7601000070571899
YOR332W,YGR209C,1,-6.0468254,0.0812280923128128,0.671999990940094,0.7601000070571899
YOR008C,YJL179W,0,-6.0473127,0.08121827244758606,0.671999990940094,0.760200023651123
YHR039C-A,YDR017C,1,-6.047328,0.08132930845022202,0.6729999780654907,0.760200023651123
YOR206W,YOR028C,0,-6.0475397,0.08131948113441467,0.6729999780654907,0.7602999806404114
YKR068C,YDR395W,0,-6.0475516,0.08130965381860733,0.6729999780654907,0.7603999972343445
YDR308C,YGL061C,0,-6.0476737,0.08129983395338058,0.6729999780654907,0.7605000138282776
YKL074C,YPL089C,0,-6.0479956,0.08129001408815384,0.6729999780654907,0.7605999708175659
YNL020C,YER009W,0,-6.0480394,0.0812801942229271,0.6729999780654907,0.760699987411499
YPR056W,YKL029C,0,-6.0480437,0.08127037435770035,0.6729999780654907,0.7608000040054321
YDR424C,YKL182W,0,-6.0481796,0.0812605619430542,0.6729999780654907,0.7609000205993652
YNL292W,YDL036C,0,-6.048399,0.08125075697898865,0.6729999780654907,0.7609999775886536
YDL120W,YCR026C,0,-6.0484414,0.0812409445643425,0.6729999780654907,0.7610999941825867
YNL218W,YMR308C,0,-6.048514,0.08123113960027695,0.6729999780654907,0.7612000107765198
YBL090W,YJL186W,0,-6.049064,0.0812213346362114,0.6729999780654907,0.7613000273704529
YBR002C,YIL142W,0,-6.0494013,0.08121153712272644,0.6729999780654907,0.7613999843597412
YLR304C,YJL167W,0,-6.0494857,0.08120173960924149,0.6729999780654907,0.7615000009536743
YGL068W,YEL031W,0,-6.049715,0.08119194209575653,0.6729999780654907,0.7616000175476074
YLR396C,YLR240W,1,-6.049967,0.08130277693271637,0.6740000247955322,0.7616000175476074
YDR147W,YJR019C,0,-6.0501323,0.08129297196865082,0.6740000247955322,0.7616999745368958
YGR135W,YOL063C,0,-6.0502343,0.08128316700458527,0.6740000247955322,0.7617999911308289
YDR279W,YKL006C-A,0,-6.050517,0.08127336204051971,0.6740000247955322,0.761900007724762
YIL013C,YIR009W,0,-6.0505724,0.08126356452703476,0.6740000247955322,0.7620000243186951
YPR029C,YLR020C,0,-6.050866,0.0812537670135498,0.6740000247955322,0.7620999813079834
YKL110C,YNL220W,0,-6.050892,0.08124396950006485,0.6740000247955322,0.7621999979019165
YOL102C,YBR023C,0,-6.051129,0.08123417943716049,0.6740000247955322,0.7623000144958496
YHR067W,YDR478W,0,-6.051265,0.08122438937425613,0.6740000247955322,0.7623999714851379
YJL047C,YGL055W,0,-6.0514197,0.08121460676193237,0.6740000247955322,0.762499988079071
YGL142C,YKR054C,0,-6.0515413,0.08120481669902802,0.6740000247955322,0.7626000046730042
YPL049C,YMR177W,0,-6.0517344,0.08119503408670425,0.6740000247955322,0.7627000212669373
YBR112C,YNL329C,0,-6.0521755,0.08118525892496109,0.6740000247955322,0.7627999782562256
YPL112C,YLR394W,0,-6.052397,0.08117547631263733,0.6740000247955322,0.7628999948501587
YNL287W,YDR219C,0,-6.052398,0.08116570115089417,0.6740000247955322,0.7630000114440918
YJR064W,YDR140W,0,-6.0524435,0.0811559334397316,0.6740000247955322,0.7631000280380249
YDL217C,YPL178W,0,-6.0524855,0.08114615827798843,0.6740000247955322,0.7631999850273132
YBL023C,YBL057C,0,-6.0533094,0.08113639056682587,0.6740000247955322,0.7633000016212463
YHR067W,YPR052C,0,-6.0533366,0.0811266228556633,0.6740000247955322,0.7634000182151794
YDL106C,YPL037C,0,-6.0539675,0.08111686259508133,0.6740000247955322,0.7634999752044678
YML064C,YBR002C,0,-6.0544443,0.08110710233449936,0.6740000247955322,0.7635999917984009
YPL234C,YMR054W,1,-6.0547256,0.08121766149997711,0.675000011920929,0.7635999917984009
YDR173C,YKL188C,0,-6.0548463,0.08120789378881454,0.675000011920929,0.763700008392334
YMR044W,YDL085W,0,-6.0549264,0.08119812607765198,0.675000011920929,0.7638000249862671
YER012W,YDR079W,0,-6.0550137,0.08118835836648941,0.675000011920929,0.7638999819755554
YOL116W,YGL213C,0,-6.0552297,0.08117859065532684,0.675000011920929,0.7639999985694885
YOR257W,YBR298C,0,-6.055314,0.08116883039474487,0.675000011920929,0.7641000151634216
YER095W,YDR365C,0,-6.05544,0.0811590701341629,0.675000011920929,0.76419997215271
YFL057C,YKR085C,0,-6.0559874,0.08114931732416153,0.675000011920929,0.7642999887466431
YJL061W,YFR052W,0,-6.056301,0.08113955706357956,0.675000011920929,0.7644000053405762
YDL047W,YIL106W,0,-6.0564194,0.08112980425357819,0.675000011920929,0.7645000219345093
YGL022W,YLR249W,0,-6.056671,0.08112005889415741,0.675000011920929,0.7645999789237976
YGR074W,YHR150W,0,-6.0573826,0.08111031353473663,0.675000011920929,0.7646999955177307
YDR479C,YEL061C,0,-6.0575395,0.08110056817531586,0.675000011920929,0.7648000121116638
YOL072W,YBR023C,0,-6.057587,0.08109082281589508,0.675000011920929,0.7649000287055969
YJR064W,YDR389W,0,-6.057614,0.0810810774564743,0.675000011920929,0.7649999856948853
YER125W,YOR150W,0,-6.0586777,0.08107133954763412,0.675000011920929,0.7651000022888184
YNL015W,YHR060W,1,-6.059068,0.08118169754743576,0.6759999990463257,0.7651000022888184
YKL119C,YPL045W,1,-6.0591755,0.08129202574491501,0.6769999861717224,0.7651000022888184
YDR331W,YKR072C,0,-6.0591755,0.08128226548433304,0.6769999861717224,0.7652000188827515
YJL006C,YLR450W,0,-6.059458,0.08127251267433167,0.6769999861717224,0.7652999758720398
YKL152C,YJR057W,0,-6.059718,0.0812627524137497,0.6769999861717224,0.7653999924659729
YHR067W,YOR020C,0,-6.0597644,0.08125299960374832,0.6769999861717224,0.765500009059906
YPR002W,YNL075W,0,-6.060022,0.08124324679374695,0.6769999861717224,0.7656000256538391
YNL248C,YMR313C,0,-6.0602684,0.08123350143432617,0.6769999861717224,0.7656999826431274
YDR268W,YBR015C,0,-6.06072,0.0812237560749054,0.6769999861717224,0.7657999992370605
YJR121W,YER017C,0,-6.0610266,0.08121401071548462,0.6769999861717224,0.7659000158309937
YIL009W,YDL004W,0,-6.061308,0.08120427280664444,0.6769999861717224,0.765999972820282
YKL074C,YDR142C,0,-6.061467,0.08119452744722366,0.6769999861717224,0.7660999894142151
YOR380W,YHR150W,0,-6.061481,0.08118479698896408,0.6769999861717224,0.7662000060081482
YMR081C,YLR138W,0,-6.0620513,0.0811750590801239,0.6769999861717224,0.7663000226020813
YGR156W,YMR305C,0,-6.0621796,0.08116532862186432,0.6769999861717224,0.7663999795913696
YHR050W,YGR216C,0,-6.062562,0.08115559816360474,0.6769999861717224,0.7664999961853027
YGR163W,YBR175W,0,-6.0627737,0.08114586770534515,0.6769999861717224,0.7666000127792358
YPL075W,YNL222W,0,-6.063322,0.08113614469766617,0.6769999861717224,0.766700029373169
YGL095C,YLR240W,1,-6.06343,0.0812462568283081,0.6779999732971191,0.766700029373169
YBR030W,YAL011W,0,-6.063614,0.08123651891946793,0.6779999732971191,0.7667999863624573
YAL010C,YJL094C,0,-6.063776,0.08122678846120834,0.6779999732971191,0.7669000029563904
YPL122C,YOR028C,0,-6.063928,0.08121705800294876,0.6779999732971191,0.7670000195503235
YBR126C,YIL065C,0,-6.0640354,0.08120732754468918,0.6779999732971191,0.7670999765396118
YGR156W,YGR163W,0,-6.0641947,0.08119760453701019,0.6779999732971191,0.7671999931335449
YMR311C,YDR137W,0,-6.064251,0.08118788152933121,0.6779999732971191,0.767300009727478
YBL040C,YHR008C,0,-6.0642514,0.08117815852165222,0.6779999732971191,0.7674000263214111
YHR143W-A,YER027C,0,-6.064267,0.08116844296455383,0.6779999732971191,0.7674999833106995
YIR022W,YGR247W,0,-6.064355,0.08115872740745544,0.6779999732971191,0.7675999999046326
YLR075W,YGL051W,0,-6.0643973,0.08114901185035706,0.6779999732971191,0.7677000164985657
YIR022W,YOR075W,0,-6.0646996,0.08113930374383926,0.6779999732971191,0.767799973487854
YDR328C,YHR060W,1,-6.064931,0.08124925196170807,0.6790000200271606,0.767799973487854
YDR300C,YDR449C,0,-6.0654483,0.08123952895402908,0.6790000200271606,0.7678999900817871
YDL197C,YPR111W,0,-6.06563,0.0812298133969307,0.6790000200271606,0.7680000066757202
YCR039C,YAL035W,0,-6.0656934,0.0812200978398323,0.6790000200271606,0.7681000232696533
YOL146W,YPR176C,0,-6.065801,0.08121038228273392,0.6790000200271606,0.7681999802589417
YMR284W,YDR156W,0,-6.065854,0.08120066672563553,0.6790000200271606,0.7682999968528748
YKL188C,YCL044C,0,-6.065955,0.08119095861911774,0.6790000200271606,0.7684000134468079
YHL038C,YBR221C,0,-6.065973,0.08118125051259995,0.6790000200271606,0.7684999704360962
YLR097C,YDR238C,0,-6.066182,0.08117154985666275,0.6790000200271606,0.7685999870300293
YMR200W,YLR176C,0,-6.0662084,0.08116184920072556,0.6790000200271606,0.7687000036239624
YLR215C,YFR013W,0,-6.0662465,0.08115214854478836,0.6790000200271606,0.7688000202178955
YBR260C,YDR490C,0,-6.0666513,0.08114244788885117,0.6790000200271606,0.7688999772071838
YHR181W,YDL231C,0,-6.066671,0.08113275468349457,0.6790000200271606,0.7689999938011169
YPR155C,YKR009C,0,-6.0667973,0.08112306147813797,0.6790000200271606,0.76910001039505
YLR192C,YHR183W,0,-6.0668654,0.08111336827278137,0.6790000200271606,0.7692000269889832
YKL140W,YMR308C,0,-6.066958,0.08110368251800537,0.6790000200271606,0.7692999839782715
YIR023W,YJR059W,0,-6.0671654,0.08109398931264877,0.6790000200271606,0.7694000005722046
YDR147W,YCL035C,0,-6.0676565,0.08108431100845337,0.6790000200271606,0.7695000171661377
YLR376C,YBR213W,0,-6.0680385,0.08107462525367737,0.6790000200271606,0.769599974155426
YLR086W,YMR213W,0,-6.068054,0.08106494694948196,0.6790000200271606,0.7696999907493591
YOR087W,YMR016C,0,-6.0681987,0.08105526864528656,0.6790000200271606,0.7698000073432922
YLR272C,YMR293C,0,-6.068221,0.08104559779167175,0.6790000200271606,0.7699000239372253
YBL024W,YKL113C,0,-6.0683203,0.08103591948747635,0.6790000200271606,0.7699999809265137
YMR224C,YPR108W,0,-6.0689955,0.08102625608444214,0.6790000200271606,0.7700999975204468
YJL053W,YFR002W,0,-6.0693874,0.08101658523082733,0.6790000200271606,0.7702000141143799
YOR137C,YJR019C,0,-6.0697355,0.08100692182779312,0.6790000200271606,0.7702999711036682
YKL112W,YOR020C,0,-6.069872,0.08099725842475891,0.6790000200271606,0.7703999876976013
YGR156W,YBR198C,0,-6.0700026,0.0809875950217247,0.6790000200271606,0.7705000042915344
YOR036W,YBR082C,0,-6.0706882,0.08097793906927109,0.6790000200271606,0.7706000208854675
YLR033W,YGR141W,0,-6.070752,0.08096828311681747,0.6790000200271606,0.7706999778747559
YLR147C,YGL075C,0,-6.070778,0.08095862716436386,0.6790000200271606,0.770799994468689
YKL051W,YEL051W,1,-6.071015,0.08106819540262222,0.6800000071525574,0.770799994468689
YIL026C,YGL236C,0,-6.0710955,0.08105853199958801,0.6800000071525574,0.7709000110626221
YKL143W,YER094C,0,-6.0712066,0.0810488685965538,0.6800000071525574,0.7710000276565552
YDR162C,YDR325W,0,-6.071517,0.08103920519351959,0.6800000071525574,0.7710999846458435
YLR148W,YNL054W,1,-6.071641,0.08114871382713318,0.6809999942779541,0.7710999846458435
YNL272C,YLR088W,0,-6.072132,0.08113904297351837,0.6809999942779541,0.7712000012397766
YMR054W,YDR328C,1,-6.07219,0.08124851435422897,0.6819999814033508,0.7712000012397766
YKL026C,YPR009W,0,-6.0728526,0.08123883605003357,0.6819999814033508,0.7713000178337097
YLR148W,YNL079C,1,-6.073221,0.08134826272726059,0.6830000281333923,0.7713000178337097
YMR054W,YLR148W,1,-6.07333,0.08145766705274582,0.6840000152587891,0.7713000178337097
YHR172W,YIL052C,0,-6.073442,0.08144796639680862,0.6840000152587891,0.771399974822998
YMR197C,YDR080W,1,-6.0738115,0.08155732601881027,0.6850000023841858,0.771399974822998
YKL119C,YKL080W,1,-6.0740604,0.08166666328907013,0.6859999895095825,0.771399974822998
YMR288W,YNL044W,0,-6.0746303,0.08165694773197174,0.6859999895095825,0.7714999914169312
YHR004C,YBR288C,0,-6.074667,0.08164722472429276,0.6859999895095825,0.7716000080108643
YGR085C,YGL028C,0,-6.075034,0.08163750916719437,0.6859999895095825,0.7717000246047974
YGL173C,YHR042W,0,-6.0752363,0.08162779361009598,0.6859999895095825,0.7717999815940857
YGL066W,YJL061W,0,-6.075725,0.08161808550357819,0.6859999895095825,0.7718999981880188
YKL028W,YOR174W,0,-6.076153,0.0816083773970604,0.6859999895095825,0.7720000147819519
YDL155W,YHR082C,0,-6.076223,0.0815986692905426,0.6859999895095825,0.7720999717712402
YGL087C,YMR264W,0,-6.076437,0.08158896118402481,0.6859999895095825,0.7721999883651733
YBR179C,YPR005C,0,-6.0764475,0.08157926052808762,0.6859999895095825,0.7723000049591064
YJR086W,YPL053C,0,-6.076455,0.08156955987215042,0.6859999895095825,0.7724000215530396
YHR193C,YML014W,0,-6.076495,0.08155985921621323,0.6859999895095825,0.7724999785423279
YCR033W,YDL217C,0,-6.0765944,0.08155016601085663,0.6859999895095825,0.772599995136261
YLR191W,YKL041W,0,-6.0767455,0.08154047280550003,0.6859999895095825,0.7727000117301941
YOR288C,YJL011C,0,-6.076804,0.08153077960014343,0.6859999895095825,0.7728000283241272
YKL220C,YLR182W,0,-6.077016,0.08152109384536743,0.6859999895095825,0.7728999853134155
YJL179W,YDR421W,0,-6.077162,0.08151140809059143,0.6859999895095825,0.7730000019073486
YPR165W,YDR016C,0,-6.0772147,0.08150172233581543,0.6859999895095825,0.7731000185012817
YIL070C,YLL060C,0,-6.0775795,0.08149204403162003,0.6859999895095825,0.7731999754905701
YMR197C,YBR127C,1,-6.0777416,0.08160114288330078,0.6869999766349792,0.7731999754905701
YCR053W,YPL115C,0,-6.077966,0.08159144967794418,0.6869999766349792,0.7732999920845032
YMR220W,YPR008W,0,-6.078987,0.08158175647258759,0.6869999766349792,0.7734000086784363
YHR011W,YKL143W,0,-6.0793242,0.08157207071781158,0.6869999766349792,0.7735000252723694
YDR487C,YPR016C,0,-6.079637,0.08156239241361618,0.6869999766349792,0.7735999822616577
YKL122C,YIL017C,0,-6.0796547,0.08155270665884018,0.6869999766349792,0.7736999988555908
YMR284W,YLR105C,0,-6.080015,0.08154302835464478,0.6869999766349792,0.7738000154495239
YNL106C,YJL134W,0,-6.0805144,0.08153335005044937,0.6869999766349792,0.7738999724388123
YMR054W,YGR209C,1,-6.080703,0.08164233714342117,0.6880000233650208,0.7738999724388123
YJL012C,YPL045W,1,-6.080761,0.08175130188465118,0.6890000104904175,0.7738999724388123
YGL205W,YLR275W,0,-6.080847,0.08174160867929459,0.6890000104904175,0.7739999890327454
YGR005C,YHR135C,0,-6.0808506,0.08173190802335739,0.6890000104904175,0.7741000056266785
YJL210W,YNL127W,0,-6.0809355,0.0817222148180008,0.6890000104904175,0.7742000222206116
YPL002C,YGL043W,0,-6.0810184,0.0817125216126442,0.6890000104904175,0.7742999792098999
YHR172W,YCL035C,0,-6.081124,0.0817028358578682,0.6890000104904175,0.774399995803833
YGL124C,YBR143C,0,-6.0811925,0.0816931501030922,0.6890000104904175,0.7745000123977661
YNL079C,YEL051W,1,-6.0814185,0.08180201798677444,0.6899999976158142,0.7745000123977661
YCR048W,YHR115C,0,-6.081438,0.08179231733083725,0.6899999976158142,0.7746000289916992
YGR186W,YNL026W,0,-6.081852,0.08178262412548065,0.6899999976158142,0.7746999859809875
YOL139C,YLR316C,0,-6.082128,0.08177293092012405,0.6899999976158142,0.7748000025749207
YPL060W,YOL061W,0,-6.0823193,0.08176324516534805,0.6899999976158142,0.7749000191688538
YGL194C,YIR037W,0,-6.0832443,0.08175355195999146,0.6899999976158142,0.7749999761581421
YOR363C,YEL063C,0,-6.0834827,0.08174386620521545,0.6899999976158142,0.7750999927520752
YNL278W,YOR304W,0,-6.0836115,0.08173418790102005,0.6899999976158142,0.7752000093460083
YMR005W,YHR152W,0,-6.0836825,0.08172450214624405,0.6899999976158142,0.7753000259399414
YOR036W,YDR477W,0,-6.0837784,0.08171482384204865,0.6899999976158142,0.7753999829292297
YGR209C,YBR127C,1,-6.0839615,0.08182356506586075,0.6909999847412109,0.7753999829292297
YMR197C,YDR328C,1,-6.0840187,0.08193227648735046,0.6919999718666077,0.7753999829292297
YNL201C,YML105C,0,-6.084055,0.08192257583141327,0.6919999718666077,0.7754999995231628
YIL023C,YOL054W,0,-6.084161,0.08191287517547607,0.6919999718666077,0.775600016117096
YDR507C,YMR183C,0,-6.084364,0.08190318197011948,0.6919999718666077,0.7756999731063843
YGR178C,YGL092W,0,-6.0843725,0.08189348876476288,0.6919999718666077,0.7757999897003174
YOL016C,YDL150W,0,-6.0843883,0.08188380300998688,0.6919999718666077,0.7759000062942505
YAL005C,YJL085W,0,-6.0844545,0.08187410980463028,0.6919999718666077,0.7760000228881836
YDL051W,YOR217W,0,-6.0844927,0.08186442404985428,0.6919999718666077,0.7760999798774719
YAR019C,YOR354C,0,-6.084789,0.08185474574565887,0.6919999718666077,0.776199996471405
YHR026W,YGL095C,1,-6.085049,0.08196333795785904,0.6930000185966492,0.776199996471405
YIL115C,YNL294C,0,-6.0854316,0.08195364475250244,0.6930000185966492,0.7763000130653381
YDR097C,YGR002C,0,-6.0856404,0.08194395154714584,0.6930000185966492,0.7764000296592712
YLR266C,YOR207C,0,-6.085832,0.08193426579236984,0.6930000185966492,0.7764999866485596
YPL112C,YGR134W,0,-6.085908,0.08192458003759384,0.6930000185966492,0.7766000032424927
YMR237W,YMR216C,0,-6.086622,0.08191489428281784,0.6930000185966492,0.7767000198364258
YOR226C,YMR188C,0,-6.0867076,0.08190520852804184,0.6930000185966492,0.7767999768257141
YOR089C,YPR023C,0,-6.0867076,0.08189553022384644,0.6930000185966492,0.7768999934196472
YOR027W,YGR143W,0,-6.086732,0.08188585937023163,0.6930000185966492,0.7770000100135803
YAL042W,YGL252C,0,-6.0871043,0.08187618106603622,0.6930000185966492,0.7771000266075134
YJL128C,YJL141C,0,-6.087323,0.08186651021242142,0.6930000185966492,0.7771999835968018
YDR150W,YGR013W,0,-6.087448,0.08185683935880661,0.6930000185966492,0.7773000001907349
YJL045W,YDL175C,0,-6.088231,0.0818471685051918,0.6930000185966492,0.777400016784668
YLR043C,YLR396C,1,-6.0882945,0.08195559680461884,0.6940000057220459,0.777400016784668
YKR101W,YML016C,0,-6.088327,0.08194591850042343,0.6940000057220459,0.7774999737739563
YOR243C,YGL244W,0,-6.088712,0.08193624764680862,0.6940000057220459,0.7775999903678894
YOL051W,YGR140W,0,-6.0888925,0.08192656934261322,0.6940000057220459,0.7777000069618225
YEL029C,YMR021C,0,-6.089427,0.08191690593957901,0.6940000057220459,0.7778000235557556
YOL006C,YHR172W,0,-6.089635,0.0819072350859642,0.6940000057220459,0.777899980545044
YPL046C,YJR078W,0,-6.089836,0.08189757168292999,0.6940000057220459,0.777999997138977
YBR123C,YCR060W,0,-6.0898504,0.08188790827989578,0.6940000057220459,0.7781000137329102
YJL041W,YGR098C,0,-6.090338,0.08187824487686157,0.6940000057220459,0.7781999707221985
YMR142C,YDR073W,0,-6.0907884,0.08186858892440796,0.6940000057220459,0.7782999873161316
YFL018C,YGR261C,0,-6.090901,0.08185892552137375,0.6940000057220459,0.7784000039100647
YLR396C,YKL051W,1,-6.0909643,0.08196721225976944,0.6949999928474426,0.7784000039100647
YGR009C,YDR386W,0,-6.0910816,0.08195754885673523,0.6949999928474426,0.7785000205039978
YPL242C,YMR091C,0,-6.091112,0.08194788545370102,0.6949999928474426,0.7785999774932861
YAL020C,YGL195W,0,-6.091299,0.08193822205066681,0.6949999928474426,0.7786999940872192
YBR188C,YDL080C,0,-6.091323,0.0819285660982132,0.6949999928474426,0.7788000106811523
YBR043C,YDR499W,0,-6.091501,0.08191890269517899,0.6949999928474426,0.7789000272750854
YBR171W,YOL158C,0,-6.091695,0.08190925419330597,0.6949999928474426,0.7789999842643738
YLR155C,YKL054C,0,-6.0919504,0.08189959824085236,0.6949999928474426,0.7791000008583069
YGL257C,YJR090C,0,-6.0919604,0.08188994973897934,0.6949999928474426,0.77920001745224
YKL203C,YGL213C,0,-6.0920773,0.08188030123710632,0.6949999928474426,0.7792999744415283
YDL207W,YPR065W,0,-6.0922213,0.0818706527352333,0.6949999928474426,0.7793999910354614
YCR024C-A,YBR182C,0,-6.092413,0.08186101168394089,0.6949999928474426,0.7795000076293945
YHR039C-A,YGR254W,1,-6.0925784,0.08196914196014404,0.6959999799728394,0.7795000076293945
YHR026W,YIL048W,1,-6.092753,0.08207724988460541,0.6970000267028809,0.7795000076293945
YDR182W,YFR029W,0,-6.093239,0.0820675864815712,0.6970000267028809,0.7796000242233276
YJL042W,YOL127W,0,-6.093547,0.08205792307853699,0.6970000267028809,0.779699981212616
YLR399C,YGR029W,0,-6.093607,0.08204826712608337,0.6970000267028809,0.7797999978065491
YGL257C,YPR110C,0,-6.0936203,0.08203860372304916,0.6970000267028809,0.7799000144004822
YMR119W,YIL124W,0,-6.0936465,0.08202894777059555,0.6970000267028809,0.7799999713897705
YNL012W,YPL178W,0,-6.0938063,0.08201929926872253,0.6970000267028809,0.7800999879837036
YNL066W,YDL207W,0,-6.0940957,0.08200965076684952,0.6970000267028809,0.7802000045776367
YLR144C,YDL208W,0,-6.094123,0.0820000022649765,0.6970000267028809,0.7803000211715698
YOL115W,YKL053C-A,0,-6.0947347,0.08199035376310349,0.6970000267028809,0.7803999781608582
YLR150W,YBR154C,0,-6.095273,0.08198071271181107,0.6970000267028809,0.7804999947547913
YFL057C,YOR217W,0,-6.095287,0.08197107166051865,0.6970000267028809,0.7806000113487244
YEL015W,YKL002W,0,-6.0955353,0.08196143060922623,0.6970000267028809,0.7807000279426575
YGR220C,YLR005W,0,-6.0957613,0.08195178955793381,0.6970000267028809,0.7807999849319458
YDL056W,YLR117C,0,-6.0960197,0.08194215595722198,0.6970000267028809,0.7809000015258789
YKL220C,YOR388C,0,-6.096386,0.08193252980709076,0.6970000267028809,0.781000018119812
YFL039C,YNL079C,1,-6.0967436,0.08204042911529541,0.6980000138282776,0.781000018119812
YPR086W,YBR210W,0,-6.0970974,0.08203078806400299,0.6980000138282776,0.7810999751091003
YLR066W,YMR285C,0,-6.097438,0.08202115446329117,0.6980000138282776,0.7811999917030334
YPL195W,YHR193C,0,-6.09747,0.08201151341199875,0.6980000138282776,0.7813000082969666
YJR043C,YDR247W,0,-6.0974855,0.08200187981128693,0.6980000138282776,0.7814000248908997
YGR009C,YPL228W,0,-6.0980854,0.0819922462105751,0.6980000138282776,0.781499981880188
YMR207C,YMR213W,0,-6.0983615,0.08198262006044388,0.6980000138282776,0.7815999984741211
YDL056W,YER164W,0,-6.098491,0.08197298645973206,0.6980000138282776,0.7817000150680542
YDR375C,YDR145W,0,-6.098528,0.08196336030960083,0.6980000138282776,0.7817999720573425
YKL204W,YOR216C,0,-6.098751,0.0819537416100502,0.6980000138282776,0.7818999886512756
YOR123C,YGL094C,0,-6.098829,0.08194411545991898,0.6980000138282776,0.7820000052452087
YFL056C,YDR376W,0,-6.0994925,0.08193449676036835,0.6980000138282776,0.7821000218391418
YLR277C,YBR058C,0,-6.0996976,0.08192488551139832,0.6980000138282776,0.7821999788284302
YDL197C,YML078W,0,-6.100064,0.08191526681184769,0.6980000138282776,0.7822999954223633
YLR372W,YBR050C,0,-6.100251,0.08190565556287766,0.6980000138282776,0.7824000120162964
YBL023C,YDR121W,0,-6.1003513,0.08189604431390762,0.6980000138282776,0.7825000286102295
YML112W,YJR102C,0,-6.1004086,0.08188644051551819,0.6980000138282776,0.7825999855995178
YER125W,YLR051C,0,-6.1005573,0.08187682926654816,0.6980000138282776,0.7827000021934509
YGR180C,YPL213W,0,-6.101308,0.08186723291873932,0.6980000138282776,0.782800018787384
YHR205W,YPL096W,0,-6.10176,0.08185762912034988,0.6980000138282776,0.7828999757766724
YOR244W,YBR221C,0,-6.1018906,0.08184803277254105,0.6980000138282776,0.7829999923706055
YLR047C,YMR030W,0,-6.101898,0.08183843642473221,0.6980000138282776,0.7831000089645386
YDR429C,YGL232W,0,-6.102405,0.08182884007692337,0.6980000138282776,0.7832000255584717
YGR202C,YGR267C,0,-6.1030126,0.08181924372911453,0.6980000138282776,0.78329998254776
YKL192C,YMR236W,0,-6.1031675,0.08180965483188629,0.6980000138282776,0.7833999991416931
YDL212W,YGR206W,0,-6.1033716,0.08180007338523865,0.6980000138282776,0.7835000157356262
YIL075C,YDR318W,0,-6.103555,0.0817904844880104,0.6980000138282776,0.7835999727249146
YGL171W,YIL068C,0,-6.103795,0.08178090304136276,0.6980000138282776,0.7836999893188477
YGR103W,YPR074C,0,-6.1040335,0.08177132159471512,0.6980000138282776,0.7838000059127808
YOR181W,YLR318W,0,-6.104248,0.08176174014806747,0.6980000138282776,0.7839000225067139
YKR025W,YBL093C,0,-6.1044207,0.08175216615200043,0.6980000138282776,0.7839999794960022
YIL042C,YNL003C,0,-6.104643,0.08174259215593338,0.6980000138282776,0.7840999960899353
YFL039C,YBL050W,1,-6.1048174,0.08185011893510818,0.6990000009536743,0.7840999960899353
YER105C,YNL003C,0,-6.105231,0.08184053748846054,0.6990000009536743,0.7842000126838684
YML023C,YML043C,0,-6.105309,0.0818309560418129,0.6990000009536743,0.7843000292778015
YPL063W,YER116C,0,-6.1053762,0.08182137459516525,0.6990000009536743,0.7843999862670898
YOR035C,YBL058W,0,-6.105524,0.0818118005990982,0.6990000009536743,0.784500002861023
YNL091W,YOL147C,0,-6.1058407,0.08180222660303116,0.6990000009536743,0.784600019454956
YMR119W,YNL192W,0,-6.1059804,0.08179265260696411,0.6990000009536743,0.7846999764442444
YPL268W,YOR068C,1,-6.106095,0.08190008252859116,0.699999988079071,0.7846999764442444
YOR079C,YIL030C,0,-6.106473,0.08189050108194351,0.699999988079071,0.7847999930381775
YBR087W,YGL178W,0,-6.106641,0.08188091963529587,0.699999988079071,0.7849000096321106
YOR308C,YLR078C,0,-6.1069036,0.08187134563922882,0.699999988079071,0.7850000262260437
YHR181W,YGR029W,0,-6.106966,0.08186177164316177,0.699999988079071,0.785099983215332
YHR081W,YHR152W,0,-6.107355,0.08185219764709473,0.699999988079071,0.7851999998092651
YGL054C,YOL001W,0,-6.1079283,0.08184263110160828,0.699999988079071,0.7853000164031982
YGL213C,YBL011W,0,-6.1081553,0.08183305710554123,0.699999988079071,0.7853999733924866
YLR447C,YNL079C,1,-6.1081944,0.08194038271903992,0.7009999752044678,0.7853999733924866
YAL042W,YPR037C,0,-6.108579,0.08193080872297287,0.7009999752044678,0.7854999899864197
YLR238W,YOL122C,0,-6.1088824,0.08192123472690582,0.7009999752044678,0.7856000065803528
YGR162W,YPR007C,0,-6.1089487,0.08191166073083878,0.7009999752044678,0.7857000231742859
YLR332W,YBL088C,0,-6.1090283,0.08190209418535233,0.7009999752044678,0.7857999801635742
YCR042C,YHR183W,0,-6.109205,0.08189252018928528,0.7009999752044678,0.7858999967575073
YGL067W,YNL231C,0,-6.10929,0.08188296109437943,0.7009999752044678,0.7860000133514404
YOR299W,YDR103W,0,-6.1094074,0.08187339454889297,0.7009999752044678,0.7860999703407288
YOR328W,YDL149W,0,-6.109498,0.08186383545398712,0.7009999752044678,0.7861999869346619
YDR073W,YDR472W,0,-6.1095114,0.08185427635908127,0.7009999752044678,0.786300003528595
YLR133W,YDR378C,0,-6.1097374,0.08184471726417542,0.7009999752044678,0.7864000201225281
YJL198W,YGL049C,0,-6.1098213,0.08183516561985016,0.7009999752044678,0.7864999771118164
YJL042W,YLL022C,0,-6.110627,0.0818256065249443,0.7009999752044678,0.7865999937057495
YBR293W,YFL033C,0,-6.1108494,0.08181606233119965,0.7009999752044678,0.7867000102996826
YDL190C,YGR074W,0,-6.11124,0.08180651068687439,0.7009999752044678,0.7868000268936157
YBR087W,YPL129W,0,-6.1113205,0.08179696649312973,0.7009999752044678,0.786899983882904
YGR163W,YKR072C,0,-6.1117015,0.08178742229938507,0.7009999752044678,0.7870000004768372
YGL068W,YPR133W-A,0,-6.11178,0.08177787810564041,0.7009999752044678,0.7871000170707703
YGL025C,YCR065W,0,-6.112233,0.08176834136247635,0.7009999752044678,0.7871999740600586
YHR088W,YGL054C,0,-6.1125455,0.08175880461931229,0.7009999752044678,0.7872999906539917
YOL094C,YHR082C,0,-6.1125884,0.08174926787614822,0.7009999752044678,0.7874000072479248
YOR380W,YPL083C,0,-6.112917,0.08173973858356476,0.7009999752044678,0.7875000238418579
YNL307C,YLR378C,0,-6.112999,0.08173020929098129,0.7009999752044678,0.7875999808311462
YMR136W,YNL062C,0,-6.1133184,0.08172067999839783,0.7009999752044678,0.7876999974250793
YJL128C,YGL126W,0,-6.113524,0.08171115815639496,0.7009999752044678,0.7878000140190125
YBR010W,YNL288W,0,-6.1135597,0.08170162886381149,0.7009999752044678,0.7878999710083008
YLR292C,YKL220C,0,-6.113593,0.08169210702180862,0.7009999752044678,0.7879999876022339
YOR326W,YGR209C,1,-6.1143675,0.08179911226034164,0.7020000219345093,0.7879999876022339
YJL179W,YPR176C,0,-6.114906,0.08178958296775818,0.7020000219345093,0.788100004196167
YDR289C,YJL190C,0,-6.1149416,0.08178005367517471,0.7020000219345093,0.7882000207901001
YMR197C,YHR060W,1,-6.1152525,0.08188701421022415,0.703000009059906,0.7882000207901001
YAL033W,YLR268W,0,-6.115262,0.08187747746706009,0.703000009059906,0.7882999777793884
YBR121C,YPL145C,0,-6.115346,0.08186794072389603,0.703000009059906,0.7883999943733215
YFL004W,YHR039C-A,1,-6.1157193,0.08197484910488129,0.7039999961853027,0.7883999943733215
YNL297C,YDR246W,0,-6.1160097,0.08196530491113663,0.7039999961853027,0.7885000109672546
YJL012C,YDL185W,1,-6.1166396,0.0820721760392189,0.7049999833106995,0.7885000109672546
YPL040C,YDL116W,0,-6.1166916,0.08206262439489365,0.7049999833106995,0.7886000275611877
YGR163W,YJL170C,0,-6.117015,0.08205307275056839,0.7049999833106995,0.7886999845504761
YNL139C,YEL037C,0,-6.1171155,0.08204352110624313,0.7049999833106995,0.7888000011444092
YOR332W,YGL095C,1,-6.1175623,0.08215034008026123,0.7059999704360962,0.7888000011444092
YGR009C,YMR113W,0,-6.1183157,0.08214078098535538,0.7059999704360962,0.7889000177383423
YNL201C,YPL037C,0,-6.1190834,0.08213122189044952,0.7059999704360962,0.7889999747276306
YBR170C,YLR254C,0,-6.119185,0.08212167024612427,0.7059999704360962,0.7890999913215637
YOR261C,YHR073W,0,-6.119305,0.08211211860179901,0.7059999704360962,0.7892000079154968
YIL125W,YMR079W,0,-6.1193953,0.08210256695747375,0.7059999704360962,0.7893000245094299
YER117W,YCR034W,0,-6.11979,0.0820930227637291,0.7059999704360962,0.7893999814987183
YMR100W,YIL075C,0,-6.1198487,0.08208347856998444,0.7059999704360962,0.7894999980926514
YBR183W,YDL192W,0,-6.119941,0.08207393437623978,0.7059999704360962,0.7896000146865845
YIL040W,YLR200W,0,-6.120109,0.08206439763307571,0.7059999704360962,0.7896999716758728
YKL051W,YIL048W,1,-6.1204257,0.08217108249664307,0.7070000171661377,0.7896999716758728
YBL033C,YKL212W,0,-6.120477,0.08216153085231781,0.7070000171661377,0.7897999882698059
YMR083W,YNL080C,0,-6.1205997,0.08215198665857315,0.7070000171661377,0.789900004863739
YDR532C,YBR068C,0,-6.120609,0.08214244246482849,0.7070000171661377,0.7900000214576721
YJR043C,YOL027C,0,-6.1209116,0.08213289827108383,0.7070000171661377,0.7900999784469604
YNL272C,YKR037C,0,-6.121066,0.08212336152791977,0.7070000171661377,0.7901999950408936
YLR117C,YBR298C,0,-6.1214323,0.0821138247847557,0.7070000171661377,0.7903000116348267
YDR176W,YDL192W,0,-6.12162,0.08210428804159164,0.7070000171661377,0.7904000282287598
YKR048C,YMR236W,0,-6.121639,0.08209475129842758,0.7070000171661377,0.7904999852180481
YCR048W,YGR047C,0,-6.1216545,0.08208522200584412,0.7070000171661377,0.7906000018119812
YBR207W,YOL094C,0,-6.12184,0.08207569271326065,0.7070000171661377,0.7907000184059143
YHR039C-A,YNL054W,1,-6.1220856,0.08218224346637726,0.7080000042915344,0.7907000184059143
YJL045W,YNL197C,0,-6.122659,0.0821726992726326,0.7080000042915344,0.7907999753952026
YLL003W,YOR330C,0,-6.1232266,0.08216316252946854,0.7080000042915344,0.7908999919891357
YOL051W,YMR241W,0,-6.123312,0.08215363323688507,0.7080000042915344,0.7910000085830688
YML051W,YBR254C,0,-6.123351,0.0821441039443016,0.7080000042915344,0.791100025177002
YGR140W,YNL031C,0,-6.123452,0.08213456720113754,0.7080000042915344,0.7911999821662903
YDR310C,YIR037W,0,-6.1238356,0.08212504535913467,0.7080000042915344,0.7912999987602234
YBL078C,YER162C,0,-6.124033,0.08211551606655121,0.7080000042915344,0.7914000153541565
YDL181W,YLL019C,0,-6.1246266,0.08210599422454834,0.7080000042915344,0.7914999723434448
YJL145W,YJL115W,0,-6.1247406,0.08209647238254547,0.7080000042915344,0.7915999889373779
YLL027W,YMR149W,0,-6.124791,0.0820869579911232,0.7080000042915344,0.791700005531311
YPL092W,YPR113W,0,-6.125024,0.08207744359970093,0.7080000042915344,0.7918000221252441
YOL097C,YOL049W,0,-6.1251483,0.08206792920827866,0.7080000042915344,0.7918999791145325
YPL089C,YKL188C,0,-6.125159,0.08205841481685638,0.7080000042915344,0.7919999957084656
YMR302C,YGL119W,0,-6.1255465,0.08204890787601471,0.7080000042915344,0.7921000123023987
YLR396C,YNL054W,1,-6.1257067,0.0821552723646164,0.7089999914169312,0.7921000123023987
YDR532C,YNL169C,0,-6.125713,0.08214575052261353,0.7089999914169312,0.7922000288963318
YMR095C,YGR143W,0,-6.1260223,0.08213623613119125,0.7089999914169312,0.7922999858856201
YDR004W,YJR090C,0,-6.1260996,0.08212672173976898,0.7089999914169312,0.7924000024795532
YLR008C,YOL009C,0,-6.126517,0.08211720734834671,0.7089999914169312,0.7925000190734863
YOR332W,YMR231W,1,-6.126875,0.08222351223230362,0.7099999785423279,0.7925000190734863
YMR014W,YJR125C,0,-6.1273603,0.08221399039030075,0.7099999785423279,0.7925999760627747
YCR060W,YBR260C,0,-6.1275377,0.08220446854829788,0.7099999785423279,0.7926999926567078
YPL208W,YDR279W,0,-6.1284065,0.08219495415687561,0.7099999785423279,0.7928000092506409
YBR202W,YPR008W,0,-6.128602,0.08218543976545334,0.7099999785423279,0.792900025844574
YMR301C,YBR258C,0,-6.1292562,0.08217592537403107,0.7099999785423279,0.7929999828338623
YLR447C,YKL051W,1,-6.129306,0.08228214085102081,0.7110000252723694,0.7929999828338623
YMR081C,YHR181W,0,-6.1307597,0.08227261900901794,0.7110000252723694,0.7930999994277954
YKL122C,YJL024C,0,-6.1311545,0.08226310461759567,0.7110000252723694,0.7932000160217285
YKL119C,YOR332W,1,-6.1318693,0.08236927539110184,0.7120000123977661,0.7932000160217285
YKL139W,YGL045W,0,-6.1321745,0.08235974609851837,0.7120000123977661,0.7932999730110168
YAL005C,YMR088C,0,-6.1327066,0.0823502168059349,0.7120000123977661,0.79339998960495
YDR216W,YGR270W,0,-6.1327124,0.08234069496393204,0.7120000123977661,0.7935000061988831
YHL019C,YKL135C,0,-6.1328278,0.08233117312192917,0.7120000123977661,0.7936000227928162
YER112W,YDR394W,0,-6.1328382,0.0823216587305069,0.7120000123977661,0.7936999797821045
YCL059C,YKL038W,0,-6.133297,0.08231213688850403,0.7120000123977661,0.7937999963760376
YMR214W,YHR205W,0,-6.133402,0.08230262249708176,0.7120000123977661,0.7939000129699707
YPL110C,YNL231C,0,-6.1334643,0.08229310810565948,0.7120000123977661,0.7940000295639038
YOR140W,YDL046W,0,-6.133547,0.08228360116481781,0.7120000123977661,0.7940999865531921
YGL205W,YMR013C,0,-6.1335926,0.08227409422397614,0.7120000123977661,0.7942000031471252
YMR239C,YOR212W,0,-6.133827,0.08226458728313446,0.7120000123977661,0.7943000197410583
YIL018W,YML094W,0,-6.133976,0.08225508034229279,0.7120000123977661,0.7943999767303467
YOL088C,YNR007C,0,-6.134109,0.08224558085203171,0.7120000123977661,0.7944999933242798
YAL029C,YGL211W,0,-6.134168,0.08223608136177063,0.7120000123977661,0.7946000099182129
YOR043W,YMR047C,0,-6.1349545,0.08222658187150955,0.7120000123977661,0.794700026512146
YLR233C,YLR219W,0,-6.1351123,0.08221708983182907,0.7120000123977661,0.7947999835014343
YFL022C,YKL170W,0,-6.135375,0.08220759779214859,0.7120000123977661,0.7949000000953674
YBR212W,YHR193C,0,-6.135425,0.08219810575246811,0.7120000123977661,0.7950000166893005
YGL173C,YLR207W,0,-6.1356297,0.08218862116336823,0.7120000123977661,0.7950999736785889
YPR051W,YOR174W,0,-6.1359997,0.08217912912368774,0.7120000123977661,0.795199990272522
YNL064C,YGL030W,0,-6.136036,0.08216964453458786,0.7120000123977661,0.7953000068664551
YDL181W,YCR034W,0,-6.1366253,0.08216016739606857,0.7120000123977661,0.7954000234603882
YPL259C,YGR075C,0,-6.1366663,0.08215068280696869,0.7120000123977661,0.7954999804496765
YCR033W,YIR037W,0,-6.136788,0.0821412056684494,0.7120000123977661,0.7955999970436096
YCR060W,YFL031W,0,-6.1368384,0.08213173598051071,0.7120000123977661,0.7957000136375427
YJL104W,YBR002C,0,-6.1370764,0.08212225884199142,0.7120000123977661,0.795799970626831
YDR375C,YIL084C,0,-6.1374664,0.08211278915405273,0.7120000123977661,0.7958999872207642
YML120C,YER056C,0,-6.13756,0.08210331946611404,0.7120000123977661,0.7960000038146973
YKL189W,YPR103W,0,-6.137871,0.08209385722875595,0.7120000123977661,0.7961000204086304
YCR014C,YJL039C,0,-6.138356,0.08208438754081726,0.7120000123977661,0.7961999773979187
YOR098C,YMR135C,0,-6.1384244,0.08207492530345917,0.7120000123977661,0.7962999939918518
YMR054W,YPR036W,1,-6.138523,0.08218073099851608,0.7129999995231628,0.7962999939918518
YGL095C,YHR060W,1,-6.138792,0.08228650689125061,0.7139999866485596,0.7962999939918518
YKL122C,YOR056C,0,-6.1388316,0.08227702230215073,0.7139999866485596,0.7964000105857849
YCR048W,YGR172C,0,-6.138896,0.08226754516363144,0.7139999866485596,0.796500027179718
YPL227C,YBR244W,0,-6.1389647,0.08225806802511215,0.7139999866485596,0.7965999841690063
YOL143C,YLR095C,0,-6.139291,0.08224859088659286,0.7139999866485596,0.7967000007629395
YJL002C,YBR061C,0,-6.1394596,0.08223911374807358,0.7139999866485596,0.7968000173568726
YCR044C,YOL071W,0,-6.1397743,0.08222964406013489,0.7139999866485596,0.7968999743461609
YKL005C,YDR081C,0,-6.140357,0.0822201743721962,0.7139999866485596,0.796999990940094
YNL163C,YGL006W,0,-6.1405025,0.08221070468425751,0.7139999866485596,0.7971000075340271
YJR086W,YHR193C,0,-6.1408625,0.08220124244689941,0.7139999866485596,0.7972000241279602
YPR036W,YNL326C,1,-6.141137,0.0823068916797638,0.7149999737739563,0.7972000241279602
YGR254W,YNL079C,1,-6.1423063,0.08241252601146698,0.7160000205039978,0.7972000241279602
YDL015C,YOL031C,0,-6.1425676,0.0824030414223671,0.7160000205039978,0.7972999811172485
YBR217W,YER015W,0,-6.142719,0.08239355683326721,0.7160000205039978,0.7973999977111816
YGR007W,YDR069C,0,-6.1436334,0.08238407224416733,0.7160000205039978,0.7975000143051147
YPR168W,YOL042W,0,-6.1437254,0.08237459510564804,0.7160000205039978,0.7975999712944031
YDL190C,YJL034W,0,-6.1439476,0.08236511796712875,0.7160000205039978,0.7976999878883362
YGR227W,YCR081W,0,-6.1441226,0.08235564827919006,0.7160000205039978,0.7978000044822693
YML024W,YOL071W,0,-6.144645,0.08234617859125137,0.7160000205039978,0.7979000210762024
YMR235C,YDR116C,0,-6.144667,0.08233670890331268,0.7160000205039978,0.7979999780654907
YNL282W,YDL013W,0,-6.1447086,0.08232723921537399,0.7160000205039978,0.7980999946594238
YLR270W,YBR256C,0,-6.144919,0.0823177769780159,0.7160000205039978,0.7982000112533569
YDL116W,YLR363C,0,-6.1460624,0.0823083147406578,0.7160000205039978,0.79830002784729
YDR439W,YKL002W,0,-6.146389,0.08229885250329971,0.7160000205039978,0.7983999848365784
YDR377W,YOR261C,0,-6.1465597,0.08228939026594162,0.7160000205039978,0.7985000014305115
YML031W,YAL059W,0,-6.1470995,0.08227993547916412,0.7160000205039978,0.7986000180244446
YAL055W,YNL121C,0,-6.1475267,0.08227048069238663,0.7160000205039978,0.7986999750137329
YCL004W,YBR288C,0,-6.1475945,0.08226102590560913,0.7160000205039978,0.798799991607666
YBR126C,YER171W,0,-6.1476336,0.08225157856941223,0.7160000205039978,0.7989000082015991
YBR143C,YBR196C,0,-6.147772,0.08224213123321533,0.7160000205039978,0.7990000247955322
YIR011C,YIL106W,0,-6.1478,0.08223268389701843,0.7160000205039978,0.7990999817848206
YML094W,YOR284W,0,-6.147911,0.08222324401140213,0.7160000205039978,0.7991999983787537
YAL023C,YDR425W,0,-6.1481156,0.08221380412578583,0.7160000205039978,0.7993000149726868
YBL050W,YMR231W,1,-6.148356,0.08231917023658752,0.7170000076293945,0.7993000149726868
YNL080C,YKL028W,0,-6.1487713,0.08230972290039062,0.7170000076293945,0.7993999719619751
YPR179C,YCR026C,0,-6.1493583,0.08230027556419373,0.7170000076293945,0.7994999885559082
YDL140C,YIL149C,0,-6.1494675,0.08229082822799683,0.7170000076293945,0.7996000051498413
YPR016C,YDR079W,0,-6.149517,0.08228138834238052,0.7170000076293945,0.7997000217437744
YDR529C,YJL210W,0,-6.1498084,0.08227194845676422,0.7170000076293945,0.7997999787330627
YLR447C,YHR174W,1,-6.149909,0.08237724006175995,0.7179999947547913,0.7997999787330627
YML077W,YBL011W,0,-6.150258,0.08236778527498245,0.7179999947547913,0.7998999953269958
YKL046C,YJL198W,0,-6.150382,0.08235833793878555,0.7179999947547913,0.800000011920929
YMR316W,YGL049C,0,-6.150557,0.08234889060258865,0.7179999947547913,0.8001000285148621
YNR038W,YDR312W,0,-6.150609,0.08233945071697235,0.7179999947547913,0.8001999855041504
YGL095C,YHR174W,1,-6.1506815,0.0824446752667427,0.718999981880188,0.8001999855041504
YLR088W,YPL145C,0,-6.1507454,0.08243522047996521,0.718999981880188,0.8003000020980835
YKL119C,YLR148W,1,-6.150798,0.08254040777683258,0.7200000286102295,0.8003000020980835
YGL254W,YDR192C,0,-6.1508703,0.08253094553947449,0.7200000286102295,0.8004000186920166
YOL165C,YOR327C,0,-6.150923,0.08252149075269699,0.7200000286102295,0.8004999756813049
YKL119C,YHR060W,1,-6.1509786,0.08262663334608078,0.7210000157356262,0.8004999756813049
YFL021W,YGR229C,0,-6.151098,0.08261716365814209,0.7210000157356262,0.800599992275238
YNL251C,YHL007C,0,-6.1514053,0.082607701420784,0.7210000157356262,0.8007000088691711
YER029C,YPR176C,0,-6.151434,0.0825982391834259,0.7210000157356262,0.8008000254631042
YKL196C,YEL003W,0,-6.1514645,0.08258877694606781,0.7210000157356262,0.8008999824523926
YML023C,YLR114C,0,-6.152034,0.08257931470870972,0.7210000157356262,0.8009999990463257
YPR070W,YIL155C,0,-6.1520796,0.08256985992193222,0.7210000157356262,0.8011000156402588
YMR001C,YIL123W,0,-6.1520853,0.08256040513515472,0.7210000157356262,0.8011999726295471
YNL054W,YGR020C,1,-6.152192,0.08266544342041016,0.722000002861023,0.8011999726295471
YDR312W,YDR292C,0,-6.15252,0.08265598118305206,0.722000002861023,0.8012999892234802
YPL049C,YLR033W,0,-6.152569,0.08264651894569397,0.722000002861023,0.8014000058174133
YMR197C,YMR054W,1,-6.1532197,0.08275151997804642,0.7229999899864197,0.8014000058174133
YPL049C,YLR390W-A,0,-6.1544795,0.08274204283952713,0.7229999899864197,0.8015000224113464
YLR353W,YNL085W,0,-6.1545205,0.08273258060216904,0.7229999899864197,0.8015999794006348
YBR042C,YLR452C,0,-6.1545467,0.08272311091423035,0.7229999899864197,0.8016999959945679
YJL014W,YGR083C,0,-6.155045,0.08271364867687225,0.7229999899864197,0.801800012588501
YJL035C,YNL207W,0,-6.1550627,0.08270418643951416,0.7229999899864197,0.8019000291824341
YLL060C,YIL065C,0,-6.15508,0.08269472420215607,0.7229999899864197,0.8019999861717224
YDL164C,YOR156C,0,-6.15541,0.08268526941537857,0.7229999899864197,0.8021000027656555
YHR038W,YML095C,0,-6.1556206,0.08267581462860107,0.7229999899864197,0.8022000193595886
YGL068W,YNL135C,0,-6.1557198,0.08266635984182358,0.7229999899864197,0.802299976348877
YDR379W,YJR140C,0,-6.155916,0.08265691250562668,0.7229999899864197,0.8023999929428101
YMR314W,YGL045W,0,-6.1564264,0.08264746516942978,0.7229999899864197,0.8025000095367432
YMR054W,YNL326C,1,-6.156654,0.08275231719017029,0.7239999771118164,0.8025000095367432
YMR100W,YOR136W,0,-6.157112,0.0827428549528122,0.7239999771118164,0.8026000261306763
YIL018W,YER095W,0,-6.1574,0.0827334001660347,0.7239999771118164,0.8026999831199646
YNL326C,YCL063W,1,-6.157815,0.08283820748329163,0.7250000238418579,0.8026999831199646
YBR193C,YOR099W,0,-6.158766,0.08282874524593353,0.7250000238418579,0.8027999997138977
YGL192W,YJL058C,0,-6.1587696,0.08281928300857544,0.7250000238418579,0.8029000163078308
YGR202C,YIL149C,0,-6.15889,0.08280982077121735,0.7250000238418579,0.8029999732971191
YGL173C,YJL201W,0,-6.15894,0.08280036598443985,0.7250000238418579,0.8030999898910522
YIL110W,YOL054W,0,-6.1592035,0.08279091119766235,0.7250000238418579,0.8032000064849854
YPL145C,YCR047C,0,-6.1599884,0.08278145641088486,0.7250000238418579,0.8033000230789185
YDL212W,YOR037W,0,-6.1600285,0.08277200907468796,0.7250000238418579,0.8033999800682068
YLR191W,YDL200C,0,-6.1602573,0.08276255428791046,0.7250000238418579,0.8034999966621399
YIL126W,YOR187W,0,-6.1603413,0.08275310695171356,0.7250000238418579,0.803600013256073
YDR317W,YNL093W,0,-6.160395,0.08274366706609726,0.7250000238418579,0.8036999702453613
YJR155W,YDL042C,0,-6.161216,0.08273421972990036,0.7250000238418579,0.8037999868392944
YIR015W,YLR047C,0,-6.16187,0.08272477984428406,0.7250000238418579,0.8039000034332275
YKL192C,YML038C,0,-6.162306,0.08271534740924835,0.7250000238418579,0.8040000200271606
YPR163C,YNL216W,0,-6.16259,0.08270590752363205,0.7250000238418579,0.804099977016449
YDL192W,YPL115C,0,-6.16278,0.08269647508859634,0.7250000238418579,0.8041999936103821
YLR114C,YNR002C,0,-6.1639442,0.08268704265356064,0.7250000238418579,0.8043000102043152
YDR414C,YDL097C,0,-6.164067,0.08267761766910553,0.7250000238418579,0.8044000267982483
YOL006C,YJR010C-A,0,-6.164522,0.08266818523406982,0.7250000238418579,0.8044999837875366
YPL087W,YKL041W,0,-6.1646442,0.08265876024961472,0.7250000238418579,0.8046000003814697
YDL161W,YBL055C,0,-6.164746,0.0826493352651596,0.7250000238418579,0.8047000169754028
YGR009C,YDL055C,0,-6.1649113,0.0826399177312851,0.7250000238418579,0.8047999739646912
YPL268W,YPL045W,1,-6.165189,0.08274447172880173,0.7260000109672546,0.8047999739646912
YIL159W,YJL095W,0,-6.1652565,0.08273503929376602,0.7260000109672546,0.8048999905586243
YOL001W,YML078W,0,-6.165288,0.08272561430931091,0.7260000109672546,0.8050000071525574
YGR257C,YGR101W,0,-6.1655207,0.0827161893248558,0.7260000109672546,0.8051000237464905
YER143W,YER168C,0,-6.16568,0.0827067643404007,0.7260000109672546,0.8051999807357788
YOR087W,YCL031C,0,-6.1658573,0.08269734680652618,0.7260000109672546,0.8052999973297119
YOL113W,YER022W,0,-6.165939,0.08268792927265167,0.7260000109672546,0.805400013923645
YKR014C,YNL116W,0,-6.166375,0.08267851173877716,0.7260000109672546,0.8054999709129333
YPL180W,YLR113W,0,-6.166902,0.08266909420490265,0.7260000109672546,0.8055999875068665
YHR034C,YLL021W,0,-6.1673098,0.08265968412160873,0.7260000109672546,0.8057000041007996
YIL004C,YNR031C,0,-6.167536,0.08265027403831482,0.7260000109672546,0.8058000206947327
YPR178W,YIL084C,0,-6.1681843,0.0826408639550209,0.7260000109672546,0.805899977684021
YCL055W,YNL312W,0,-6.168266,0.08263146132230759,0.7260000109672546,0.8059999942779541
YNR006W,YGR199W,0,-6.168479,0.08262205868959427,0.7260000109672546,0.8061000108718872
YOL127W,YGL045W,0,-6.1684895,0.08261265605688095,0.7260000109672546,0.8062000274658203
YMR197C,YPL234C,1,-6.168641,0.08271703124046326,0.7269999980926514,0.8062000274658203
YGL145W,YNL278W,0,-6.1686845,0.08270762115716934,0.7269999980926514,0.8062999844551086
YMR043W,YJR144W,0,-6.168731,0.08269821107387543,0.7269999980926514,0.8064000010490417
YLR191W,YGL155W,0,-6.169039,0.08268880844116211,0.7269999980926514,0.8065000176429749
YKL095W,YAL043C,0,-6.169116,0.08267940580844879,0.7269999980926514,0.8065999746322632
YBR275C,YPL218W,0,-6.169288,0.08267000317573547,0.7269999980926514,0.8066999912261963
YLR324W,YDR435C,0,-6.169322,0.08266060054302216,0.7269999980926514,0.8068000078201294
YGR009C,YPR037C,0,-6.169675,0.08265120536088943,0.7269999980926514,0.8069000244140625
YGR186W,YGL150C,0,-6.1702414,0.08264181017875671,0.7269999980926514,0.8069999814033508
YKL165C,YHR200W,0,-6.170388,0.08263241499662399,0.7269999980926514,0.8070999979972839
YLR060W,YHR196W,0,-6.1704626,0.08262302726507187,0.7269999980926514,0.807200014591217
YER169W,YOR257W,0,-6.1707773,0.08261363953351974,0.7269999980926514,0.8072999715805054
YMR089C,YLR316C,0,-6.1708364,0.08260425180196762,0.7269999980926514,0.8073999881744385
YER178W,YDR083W,0,-6.171029,0.0825948640704155,0.7269999980926514,0.8075000047683716
YLR423C,YPL042C,0,-6.1711435,0.08258548378944397,0.7269999980926514,0.8076000213623047
YOR149C,YOL001W,0,-6.171197,0.08257610350847244,0.7269999980926514,0.807699978351593
YDL108W,YJL129C,0,-6.171199,0.08256672322750092,0.7269999980926514,0.8077999949455261
YDR036C,YDR279W,0,-6.171397,0.08255735039710999,0.7269999980926514,0.8079000115394592
YMR047C,YGL044C,0,-6.171444,0.08254797011613846,0.7269999980926514,0.8080000281333923
YNL012W,YJL128C,0,-6.1714764,0.08253860473632812,0.7269999980926514,0.8080999851226807
YLR145W,YGR002C,0,-6.17173,0.0825292319059372,0.7269999980926514,0.8082000017166138
YDR379W,YKL204W,0,-6.1717377,0.08251986652612686,0.7269999980926514,0.8083000183105469
YMR288W,YJL141C,0,-6.172187,0.08251050114631653,0.7269999980926514,0.8083999752998352
YAL017W,YHL011C,0,-6.1723404,0.0825011357665062,0.7269999980926514,0.8084999918937683
YMR255W,YLR424W,0,-6.1727395,0.08249177038669586,0.7269999980926514,0.8086000084877014
YLR201C,YNL127W,0,-6.172963,0.08248241245746613,0.7269999980926514,0.8087000250816345
YER120W,YLL026W,0,-6.1736097,0.08247305452823639,0.7269999980926514,0.8087999820709229
YGR280C,YMR184W,0,-6.174243,0.08246370404958725,0.7269999980926514,0.808899998664856
YGL111W,YPL122C,0,-6.174773,0.08245434612035751,0.7269999980926514,0.8090000152587891
YAR015W,YLR006C,0,-6.174795,0.08244499564170837,0.7269999980926514,0.8090999722480774
YHR190W,YPR176C,0,-6.174864,0.08243565261363983,0.7269999980926514,0.8091999888420105
YJR104C,YPL055C,0,-6.174959,0.08242630213499069,0.7269999980926514,0.8093000054359436
YLL015W,YNL312W,0,-6.175326,0.08241695910692215,0.7269999980926514,0.8094000220298767
YGR140W,YOR354C,0,-6.1760716,0.08240761607885361,0.7269999980926514,0.809499979019165
YGL017W,YOR002W,0,-6.176096,0.08239828050136566,0.7269999980926514,0.8095999956130981
YLR066W,YML105C,0,-6.176367,0.08238893747329712,0.7269999980926514,0.8097000122070312
YKR050W,YML077W,0,-6.176476,0.08237960189580917,0.7269999980926514,0.8098000288009644
YOR265W,YDR281C,0,-6.1772203,0.08237026631832123,0.7269999980926514,0.8098999857902527
YPR034W,YJL048C,0,-6.177294,0.08236093819141388,0.7269999980926514,0.8100000023841858
YOR301W,YDR312W,0,-6.1774774,0.08235161006450653,0.7269999980926514,0.8101000189781189
YML029W,YDR478W,0,-6.1777086,0.08234228193759918,0.7269999980926514,0.8101999759674072
YBL040C,YDL181W,0,-6.1777124,0.08233295381069183,0.7269999980926514,0.8102999925613403
YIR018W,YNL041C,0,-6.1778975,0.08232363313436508,0.7269999980926514,0.8104000091552734
YNR015W,YNL102W,0,-6.177985,0.08231431245803833,0.7269999980926514,0.8105000257492065
YLR276C,YOR020C,0,-6.178217,0.08230499178171158,0.7269999980926514,0.8105999827384949
YBR059C,YOR126C,0,-6.178377,0.08229567855596542,0.7269999980926514,0.810699999332428
YDL174C,YKR003W,0,-6.178399,0.08228635787963867,0.7269999980926514,0.8108000159263611
YLR013W,YOR007C,0,-6.178505,0.08227705210447311,0.7269999980926514,0.8108999729156494
YDR216W,YHR036W,0,-6.1790943,0.08226773887872696,0.7269999980926514,0.8109999895095825
YJL100W,YHR001W-A,0,-6.1791224,0.0822584331035614,0.7269999980926514,0.8111000061035156
YDR459C,YDL102W,0,-6.179203,0.08224911987781525,0.7269999980926514,0.8112000226974487
YBL105C,YER114C,0,-6.179285,0.08223982155323029,0.7269999980926514,0.8112999796867371
YNL221C,YLR020C,0,-6.179479,0.08223051577806473,0.7269999980926514,0.8113999962806702
YNL166C,YML038C,0,-6.1794815,0.08222121745347977,0.7269999980926514,0.8115000128746033
YPL059W,YBL004W,0,-6.1796594,0.0822119191288948,0.7269999980926514,0.8116000294685364
YPL069C,YJL025W,0,-6.180252,0.08220262080430984,0.7269999980926514,0.8116999864578247
YNL099C,YOR099W,0,-6.1802826,0.08219332993030548,0.7269999980926514,0.8118000030517578
YDR075W,YKL052C,0,-6.1811867,0.08218403905630112,0.7269999980926514,0.8119000196456909
YFR004W,YHR083W,0,-6.18165,0.08217474818229675,0.7269999980926514,0.8119999766349792
YPR036W,YBL050W,1,-6.1816564,0.08227848261594772,0.7279999852180481,0.8119999766349792
YJL026W,YNL288W,0,-6.181714,0.08226918429136276,0.7279999852180481,0.8120999932289124
YKL048C,YPR103W,0,-6.181861,0.0822598859667778,0.7279999852180481,0.8122000098228455
YMR301C,YMR227C,0,-6.18191,0.08225059509277344,0.7279999852180481,0.8123000264167786
YLR043C,YLR148W,1,-6.182136,0.08235426992177963,0.7289999723434448,0.8123000264167786
YCL031C,YGR261C,0,-6.182274,0.08234496414661407,0.7289999723434448,0.8123999834060669
YDR083W,YJL081C,0,-6.1833935,0.08233566582202911,0.7289999723434448,0.8125
YMR088C,YPL119C,0,-6.1834354,0.08232636749744415,0.7289999723434448,0.8126000165939331
YHL028W,YML080W,0,-6.183804,0.08231707662343979,0.7289999723434448,0.8126999735832214
YAL032C,YIL122W,0,-6.184658,0.08230777829885483,0.7289999723434448,0.8127999901771545
YKL041W,YBR082C,0,-6.18476,0.08229848742485046,0.7289999723434448,0.8129000067710876
YDR038C,YGL173C,0,-6.1847773,0.0822891965508461,0.7289999723434448,0.8130000233650208
YGR162W,YLR397C,0,-6.1855016,0.08227991312742233,0.7289999723434448,0.8130999803543091
YJR060W,YBR086C,0,-6.185517,0.08227062225341797,0.7289999723434448,0.8131999969482422
YDL185W,YNL015W,1,-6.1859045,0.08237418532371521,0.7300000190734863,0.8131999969482422
YGL065C,YLR193C,0,-6.1860456,0.08236488699913025,0.7300000190734863,0.8133000135421753
YPL112C,YPL218W,0,-6.186165,0.08235559612512589,0.7300000190734863,0.8133999705314636
YHR062C,YER019C-A,0,-6.1863527,0.08234630525112152,0.7300000190734863,0.8134999871253967
YDR494W,YJR009C,0,-6.186446,0.08233701437711716,0.7300000190734863,0.8136000037193298
YPL069C,YLR394W,0,-6.1865473,0.08232773095369339,0.7300000190734863,0.8137000203132629
YJL013C,YGR074W,0,-6.1870956,0.08231844753026962,0.7300000190734863,0.8137999773025513
YPR030W,YOR080W,0,-6.1871357,0.08230916410684586,0.7300000190734863,0.8138999938964844
YKR060W,YDR465C,0,-6.187892,0.08229988813400269,0.7300000190734863,0.8140000104904175
YDL019C,YOL082W,0,-6.188064,0.08229061216115952,0.7300000190734863,0.8141000270843506
YLR396C,YEL013W,1,-6.1884303,0.08239404857158661,0.7310000061988831,0.8141000270843506
YMR125W,YDR478W,0,-6.188568,0.08238476514816284,0.7310000061988831,0.8141999840736389
YLR085C,YDL036C,0,-6.188697,0.08237548172473907,0.7310000061988831,0.814300000667572
YGR033C,YMR236W,0,-6.188945,0.08236619830131531,0.7310000061988831,0.8144000172615051
YBR236C,YPL037C,0,-6.189275,0.08235691487789154,0.7310000061988831,0.8144999742507935
YPL032C,YKL188C,0,-6.1897473,0.08234763890504837,0.7310000061988831,0.8145999908447266
YNL328C,YJR119C,0,-6.1905665,0.0823383629322052,0.7310000061988831,0.8147000074386597
YKR061W,YOR373W,0,-6.191025,0.08232909440994263,0.7310000061988831,0.8148000240325928
YGL219C,YMR069W,0,-6.191303,0.08231981843709946,0.7310000061988831,0.8148999810218811
YBR179C,YDR217C,0,-6.1914587,0.08231054991483688,0.7310000061988831,0.8149999976158142
YNL138W,YML113W,0,-6.1914673,0.08230128139257431,0.7310000061988831,0.8151000142097473
YPL214C,YPL258C,0,-6.191992,0.08229202032089233,0.7310000061988831,0.8151999711990356
YPL045W,YHR060W,1,-6.192072,0.08239531517028809,0.7319999933242798,0.8151999711990356
YBR171W,YDL149W,0,-6.192198,0.08238604664802551,0.7319999933242798,0.8152999877929688
YNL230C,YBR015C,0,-6.1922884,0.08237677067518234,0.7319999933242798,0.8154000043869019
YPR138C,YPL007C,0,-6.1925764,0.08236750215291977,0.7319999933242798,0.815500020980835
YHR031C,YLR182W,0,-6.193118,0.0823582336306572,0.7319999933242798,0.8155999779701233
YOR032C,YPR086W,0,-6.193508,0.08234897255897522,0.7319999933242798,0.8156999945640564
YMR267W,YOR330C,0,-6.193509,0.08233970403671265,0.7319999933242798,0.8158000111579895
YDR080W,YNL326C,1,-6.194159,0.08244291692972183,0.7329999804496765,0.8158000111579895
YFL050C,YDL085W,0,-6.1946287,0.08243364840745926,0.7329999804496765,0.8159000277519226
YCR002C,YGR129W,0,-6.1947775,0.08242437988519669,0.7329999804496765,0.8159999847412109
YOR122C,YGR284C,0,-6.1961975,0.08241511136293411,0.7329999804496765,0.816100001335144
YHR041C,YOR361C,0,-6.196602,0.08240584284067154,0.7329999804496765,0.8162000179290771
YCL004W,YAL022C,0,-6.1971807,0.08239658176898956,0.7329999804496765,0.8162999749183655
YGL071W,YKL135C,0,-6.197487,0.08238732069730759,0.7329999804496765,0.8163999915122986
YCL004W,YPR165W,0,-6.198583,0.08237805962562561,0.7329999804496765,0.8165000081062317
YDR086C,YPL152W,0,-6.199176,0.08236880600452423,0.7329999804496765,0.8166000247001648
YJL170C,YLR016C,0,-6.199366,0.08235955238342285,0.7329999804496765,0.8166999816894531
YBL004W,YJL115W,0,-6.1995993,0.08235029876232147,0.7329999804496765,0.8167999982833862
YPR086W,YAL020C,0,-6.1997004,0.08234104514122009,0.7329999804496765,0.8169000148773193
YDR037W,YNL062C,0,-6.199774,0.08233179897069931,0.7329999804496765,0.8169999718666077
YGR163W,YPL110C,0,-6.2004223,0.08232255280017853,0.7329999804496765,0.8170999884605408
YPL015C,YPL083C,0,-6.20054,0.08231330662965775,0.7329999804496765,0.8172000050544739
YPL234C,YBR127C,1,-6.200821,0.0824163481593132,0.734000027179718,0.8172000050544739
YIL035C,YMR088C,0,-6.2012706,0.08240709453821182,0.734000027179718,0.817300021648407
YLR430W,YDR079W,0,-6.201371,0.08239784091711044,0.734000027179718,0.8173999786376953
YEL015W,YGL045W,0,-6.2022676,0.08238859474658966,0.734000027179718,0.8174999952316284
YGR112W,YPR199C,0,-6.2025614,0.08237934857606888,0.734000027179718,0.8176000118255615
YHR014W,YDR470C,0,-6.203226,0.0823701024055481,0.734000027179718,0.8177000284194946
YPL208W,YDR318W,0,-6.2032413,0.08236086368560791,0.734000027179718,0.817799985408783
YCR044C,YCR014C,0,-6.2046795,0.08235161751508713,0.734000027179718,0.8179000020027161
YEL042W,YLR006C,0,-6.2055078,0.08234238624572754,0.734000027179718,0.8180000185966492
YDR339C,YBR082C,0,-6.206019,0.08233314752578735,0.734000027179718,0.8180999755859375
YKL026C,YHR036W,0,-6.206032,0.08232390880584717,0.734000027179718,0.8181999921798706
YPL127C,YJL186W,0,-6.2060385,0.08231467753648758,0.734000027179718,0.8183000087738037
YDR260C,YPL213W,0,-6.206425,0.08230544626712799,0.734000027179718,0.8184000253677368
YBR170C,YNL325C,0,-6.20666,0.082296222448349,0.734000027179718,0.8184999823570251
YAL056W,YIL139C,0,-6.2074285,0.08228699862957001,0.734000027179718,0.8185999989509583
YOR332W,YGR020C,1,-6.207481,0.08238986879587173,0.7350000143051147,0.8185999989509583
YDR353W,YNL310C,0,-6.208034,0.08238063007593155,0.7350000143051147,0.8187000155448914
YGL145W,YMR053C,0,-6.20821,0.08237139880657196,0.7350000143051147,0.8187999725341797
YLR459W,YEL037C,0,-6.208294,0.08236216753721237,0.7350000143051147,0.8188999891281128
YGL049C,YEL061C,0,-6.208321,0.08235294371843338,0.7350000143051147,0.8190000057220459
YMR076C,YBR170C,0,-6.209293,0.08234371244907379,0.7350000143051147,0.819100022315979
YDR038C,YMR161W,0,-6.209322,0.0823344886302948,0.7350000143051147,0.8191999793052673
YCR014C,YPR111W,0,-6.209633,0.0823252722620964,0.7350000143051147,0.8192999958992004
YHR058C,YLR193C,0,-6.209753,0.08231604844331741,0.7350000143051147,0.8194000124931335
YNL016W,YDR228C,0,-6.2107544,0.08230683207511902,0.7350000143051147,0.8195000290870667
YBR258C,YKR037C,0,-6.2109346,0.08229761570692062,0.7350000143051147,0.819599986076355
YLR254C,YPL151C,0,-6.21122,0.08228839933872223,0.7350000143051147,0.8197000026702881
YJR144W,YPL244C,0,-6.211363,0.08227919042110443,0.7350000143051147,0.8198000192642212
YGR183C,YPL193W,0,-6.211943,0.08226998150348663,0.7350000143051147,0.8198999762535095
YKL148C,YDL088C,0,-6.212014,0.08226077258586884,0.7350000143051147,0.8199999928474426
YJL178C,YER145C,0,-6.21249,0.08225156366825104,0.7350000143051147,0.8201000094413757
YBR095C,YOL149W,0,-6.2126155,0.08224236220121384,0.7350000143051147,0.8202000260353088
YKL101W,YNL009W,0,-6.212736,0.08223316073417664,0.7350000143051147,0.8202999830245972
YBL022C,YJR078W,0,-6.21276,0.08222395926713943,0.7350000143051147,0.8203999996185303
YGR222W,YDR201W,0,-6.2127657,0.08221476525068283,0.7350000143051147,0.8205000162124634
YHL048W,YBR158W,0,-6.2128572,0.08220557123422623,0.7350000143051147,0.8205999732017517
YMR100W,YLR098C,0,-6.212858,0.08219637721776962,0.7350000143051147,0.8206999897956848
YMR238W,YHR200W,0,-6.213031,0.08218718320131302,0.7350000143051147,0.8208000063896179
YIL023C,YLR417W,0,-6.2130537,0.08217799663543701,0.7350000143051147,0.820900022983551
YPR023C,YKL002W,0,-6.2136,0.082168810069561,0.7350000143051147,0.8209999799728394
YAR019C,YIL052C,0,-6.21414,0.082159623503685,0.7350000143051147,0.8210999965667725
YOR332W,YNL326C,1,-6.214179,0.08226221054792404,0.7360000014305115,0.8210999965667725
YDR299W,YNL031C,0,-6.214518,0.08225301653146744,0.7360000014305115,0.8212000131607056
YLR110C,YBR228W,0,-6.2145424,0.08224382251501083,0.7360000014305115,0.8213000297546387
YCL025C,YGL213C,0,-6.2149777,0.08223463594913483,0.7360000014305115,0.821399986743927
YPL221W,YDL097C,0,-6.2153707,0.08222544938325882,0.7360000014305115,0.8215000033378601
YML060W,YER031C,0,-6.2156878,0.08221626281738281,0.7360000014305115,0.8216000199317932
YEL051W,YEL013W,1,-6.216023,0.08231877535581589,0.7369999885559082,0.8216000199317932
YOR328W,YDL036C,0,-6.2161083,0.08230958133935928,0.7369999885559082,0.8216999769210815
YPL093W,YDL149W,0,-6.2161837,0.08230038732290268,0.7369999885559082,0.8217999935150146
YDR329C,YDL045C,0,-6.2163463,0.08229120075702667,0.7369999885559082,0.8219000101089478
YBR234C,YDR183W,0,-6.2164297,0.08228201419115067,0.7369999885559082,0.8220000267028809
YNL071W,YOR149C,0,-6.2166586,0.08227282762527466,0.7369999885559082,0.8220999836921692
YOR198C,YJL026W,0,-6.2170753,0.08226364850997925,0.7369999885559082,0.8222000002861023
YDR512C,YHR150W,0,-6.2173686,0.08225446194410324,0.7369999885559082,0.8223000168800354
YHR115C,YKL190W,0,-6.2175407,0.08224528282880783,0.7369999885559082,0.8223999738693237
YMR035W,YMR247C,0,-6.2176785,0.08223611116409302,0.7369999885559082,0.8224999904632568
YAL020C,YGR077C,0,-6.217877,0.08222693204879761,0.7369999885559082,0.8226000070571899
YMR182C,YPL032C,0,-6.2183557,0.0822177603840828,0.7369999885559082,0.822700023651123
YCL067C,YHR098C,0,-6.218479,0.08220858871936798,0.7369999885559082,0.8227999806404114
YPL047W,YBR026C,0,-6.218588,0.08219941705465317,0.7369999885559082,0.8228999972343445
YER088C,YNR017W,0,-6.2187223,0.08219025284051895,0.7369999885559082,0.8230000138282776
YJR055W,YFR003C,0,-6.2188473,0.08218108862638474,0.7369999885559082,0.8230999708175659
YEL050C,YOR257W,0,-6.2194533,0.08217192441225052,0.7369999885559082,0.823199987411499
YDL200C,YOR179C,0,-6.2201557,0.0821627676486969,0.7369999885559082,0.8233000040054321
YGL066W,YBR234C,0,-6.22068,0.08215360343456268,0.7369999885559082,0.8234000205993652
YCR002C,YNL245C,0,-6.220882,0.08214444667100906,0.7369999885559082,0.8234999775886536
YGL008C,YPR094W,0,-6.221157,0.08213529735803604,0.7369999885559082,0.8235999941825867
YDR443C,YPL208W,0,-6.2215524,0.08212614059448242,0.7369999885559082,0.8237000107765198
YDR017C,YCL063W,1,-6.2220263,0.0822284147143364,0.7379999756813049,0.8237000107765198
YGL115W,YDR174W,0,-6.2222395,0.08221925050020218,0.7379999756813049,0.8238000273704529
YLR298C,YGL020C,0,-6.2222433,0.08221009373664856,0.7379999756813049,0.8238999843597412
YJL143W,YMR204C,0,-6.2238913,0.08220093697309494,0.7379999756813049,0.8240000009536743
YML107C,YDR110W,0,-6.224345,0.08219178020954132,0.7379999756813049,0.8241000175476074
YGR193C,YMR037C,0,-6.2248697,0.0821826308965683,0.7379999756813049,0.8241999745368958
YNL075W,YDR079W,0,-6.2259808,0.08217347413301468,0.7379999756813049,0.8242999911308289
YJR104C,YBL033C,0,-6.225999,0.08216433227062225,0.7379999756813049,0.824400007724762
YDR384C,YBR084W,0,-6.2261295,0.08215518295764923,0.7379999756813049,0.8245000243186951
YDR096W,YLR002C,0,-6.22687,0.0821460410952568,0.7379999756813049,0.8245999813079834
YJR013W,YGL049C,0,-6.227107,0.08213689178228378,0.7379999756813049,0.8246999979019165
YFL009W,YJL014W,0,-6.2271943,0.08212775737047195,0.7379999756813049,0.8248000144958496
YJL013C,YHL007C,0,-6.22733,0.08211861550807953,0.7379999756813049,0.8248999714851379
YDR311W,YPL026C,0,-6.227583,0.0821094810962677,0.7379999756813049,0.824999988079071
YJR013W,YOR023C,0,-6.228174,0.08210034668445587,0.7379999756813049,0.8251000046730042
YBR123C,YFR033C,0,-6.2282515,0.08209121227264404,0.7379999756813049,0.8252000212669373
YPL020C,YDL087C,0,-6.2282596,0.08208208531141281,0.7379999756813049,0.8252999782562256
YML127W,YAL055W,0,-6.228287,0.08207295089960098,0.7379999756813049,0.8253999948501587
YDL087C,YGL143C,0,-6.228347,0.08206382393836975,0.7379999756813049,0.8255000114440918
YNL161W,YDL080C,0,-6.228422,0.08205470442771912,0.7379999756813049,0.8256000280380249
YDL185W,YHR026W,1,-6.2284536,0.08215675503015518,0.7390000224113464,0.8256000280380249
YLR088W,YLR095C,0,-6.228555,0.08214762061834335,0.7390000224113464,0.8256999850273132
YLR376C,YPR182W,0,-6.2289505,0.08213849365711212,0.7390000224113464,0.8258000016212463
YNL049C,YEL030W,0,-6.229848,0.08212935924530029,0.7390000224113464,0.8259000182151794
YOR233W,YOL061W,0,-6.230253,0.08212023228406906,0.7390000224113464,0.8259999752044678
YDR168W,YPL164C,0,-6.2305994,0.08211111277341843,0.7390000224113464,0.8260999917984009
YBL032W,YPR140W,0,-6.2310085,0.0821019858121872,0.7390000224113464,0.826200008392334
YGR202C,YDR359C,0,-6.2311325,0.08209286630153656,0.7390000224113464,0.8263000249862671
YLR181C,YDR331W,0,-6.2312565,0.08208374679088593,0.7390000224113464,0.8263999819755554
YDL028C,YDR103W,0,-6.2321496,0.08207463473081589,0.7390000224113464,0.8264999985694885
YPL045W,YNL079C,1,-6.2324343,0.0821765661239624,0.7400000095367432,0.8264999985694885
YDR499W,YOR181W,0,-6.2324743,0.08216744661331177,0.7400000095367432,0.8266000151634216
YKL052C,YBR153W,0,-6.2327023,0.08215831965208054,0.7400000095367432,0.82669997215271
YOR126C,YBR020W,0,-6.2328625,0.0821492001414299,0.7400000095367432,0.8267999887466431
YHR166C,YMR268C,0,-6.232949,0.08214008063077927,0.7400000095367432,0.8269000053405762
YGR195W,YDR481C,0,-6.2331543,0.08213096857070923,0.7400000095367432,0.8270000219345093
YER015W,YPL155C,0,-6.233315,0.0821218490600586,0.7400000095367432,0.8270999789237976
YBR243C,YJR093C,0,-6.2337418,0.08211273699998856,0.7400000095367432,0.8271999955177307
YER118C,YNL117W,0,-6.235054,0.08210362493991852,0.7400000095367432,0.8273000121116638
YOR328W,YER089C,0,-6.235325,0.08209452033042908,0.7400000095367432,0.8274000287055969
YBR218C,YBL011W,0,-6.2354975,0.08208541572093964,0.7400000095367432,0.8274999856948853
YDL197C,YBR029C,0,-6.2358313,0.0820763111114502,0.7400000095367432,0.8276000022888184
YNL268W,YDL226C,0,-6.2360044,0.08206720650196075,0.7400000095367432,0.8277000188827515
YER053C,YMR192W,0,-6.2360764,0.08205810934305191,0.7400000095367432,0.8277999758720398
YFR004W,YPL265W,0,-6.236534,0.08204900473356247,0.7400000095367432,0.8278999924659729
YBR121C,YHR090C,0,-6.237172,0.08203991502523422,0.7400000095367432,0.828000009059906
YMR182C,YNL323W,0,-6.2372556,0.08203081786632538,0.7400000095367432,0.8281000256538391
YDR182W,YGR123C,0,-6.2374773,0.08202172815799713,0.7400000095367432,0.8281999826431274
YBR123C,YBR023C,0,-6.2378507,0.08201263099908829,0.7400000095367432,0.8282999992370605
YDR507C,YDR081C,0,-6.238198,0.08200354874134064,0.7400000095367432,0.8284000158309937
YHR060W,YBR127C,1,-6.238387,0.08210526406764984,0.7409999966621399,0.8284000158309937
YHR059W,YLL042C,0,-6.238571,0.082096166908741,0.7409999966621399,0.828499972820282
YHR043C,YCR071C,0,-6.238855,0.08208706974983215,0.7409999966621399,0.8285999894142151
YDR129C,YLL012W,0,-6.2394466,0.0820779800415039,0.7409999966621399,0.8287000060081482
YDR052C,YLR016C,0,-6.2400827,0.08206889033317566,0.7409999966621399,0.8288000226020813
YPL233W,YNL121C,0,-6.2405353,0.08205980062484741,0.7409999966621399,0.8288999795913696
YGR014W,YER159C,0,-6.2411833,0.08205071091651917,0.7409999966621399,0.8289999961853027
YBR023C,YDL007W,0,-6.2412324,0.08204162865877151,0.7409999966621399,0.8291000127792358
YJL141C,YDR341C,0,-6.241425,0.08203254640102386,0.7409999966621399,0.829200029373169
YNL094W,YDR071C,0,-6.2426977,0.08202346414327621,0.7409999966621399,0.8292999863624573
YDR460W,YDR135C,0,-6.242916,0.08201438933610916,0.7409999966621399,0.8294000029563904
YKL122C,YBL052C,0,-6.243115,0.08200531452894211,0.7409999966621399,0.8295000195503235
YHR167W,YMR088C,0,-6.243365,0.08199623972177505,0.7409999966621399,0.8295999765396118
YPL131W,YHR197W,0,-6.2435226,0.081987164914608,0.7409999966621399,0.8296999931335449
YDR028C,YLR193C,0,-6.2438455,0.08197809755802155,0.7409999966621399,0.829800009727478
YNL156C,YDL195W,0,-6.2439075,0.08196903020143509,0.7409999966621399,0.8299000263214111
YGR253C,YCL026C-A,0,-6.2458315,0.08195996284484863,0.7409999966621399,0.8299999833106995
YNL106C,YGL143C,0,-6.246319,0.08195089548826218,0.7409999966621399,0.8300999999046326
YLR066W,YDR079W,0,-6.246781,0.08194183558225632,0.7409999966621399,0.8302000164985657
YOR210W,YMR004W,0,-6.2474575,0.08193277567625046,0.7409999966621399,0.830299973487854
YGR044C,YKL120W,0,-6.2476726,0.0819237157702446,0.7409999966621399,0.8303999900817871
YAL017W,YJR070C,0,-6.2477145,0.08191465586423874,0.7409999966621399,0.8305000066757202
YNL131W,YDL138W,0,-6.2482476,0.08190560340881348,0.7409999966621399,0.8306000232696533
YNR011C,YNL188W,0,-6.2484417,0.08189655095338821,0.7409999966621399,0.8306999802589417
YDR320C,YER029C,0,-6.2485003,0.08188749849796295,0.7409999966621399,0.8307999968528748
YPR036W,YEL013W,1,-6.248951,0.08198895305395126,0.7419999837875366,0.8307999968528748
YCL029C,YKR046C,0,-6.249836,0.0819798931479454,0.7419999837875366,0.8309000134468079
YDL226C,YIL112W,0,-6.2508907,0.08197083324193954,0.7419999837875366,0.8309999704360962
YGR252W,YGL208W,0,-6.250989,0.08196178078651428,0.7419999837875366,0.8310999870300293
YFR033C,YGL167C,0,-6.2514076,0.08195272833108902,0.7419999837875366,0.8312000036239624
YOR068C,YEL013W,1,-6.251892,0.08205411583185196,0.7429999709129333,0.8312000036239624
YPL085W,YBR082C,0,-6.251959,0.0820450559258461,0.7429999709129333,0.8313000202178955
YGL105W,YER159C,0,-6.2524643,0.08203599601984024,0.7429999709129333,0.8313999772071838
YJL013C,YGL175C,0,-6.253048,0.08202693611383438,0.7429999709129333,0.8314999938011169
YNL051W,YPL258C,0,-6.2532907,0.08201788365840912,0.7429999709129333,0.83160001039505
YJR102C,YDR002W,0,-6.2535467,0.08200883120298386,0.7429999709129333,0.8317000269889832
YOR171C,YOR084W,0,-6.255162,0.0819997787475586,0.7429999709129333,0.8317999839782715
YDL212W,YLR221C,0,-6.255186,0.08199073374271393,0.7429999709129333,0.8319000005722046
YLR292C,YLR369W,0,-6.2554665,0.08198168128728867,0.7429999709129333,0.8320000171661377
YBR168W,YPR065W,0,-6.255825,0.081972636282444,0.7429999709129333,0.832099974155426
YOL051W,YKL064W,0,-6.2565947,0.08196359872817993,0.7429999709129333,0.8321999907493591
YLR275W,YIR022W,0,-6.256664,0.08195455372333527,0.7429999709129333,0.8323000073432922
YNL001W,YBL069W,0,-6.2567534,0.0819455161690712,0.7429999709129333,0.8324000239372253
YLR045C,YIL039W,0,-6.2567983,0.08193647861480713,0.7429999709129333,0.8324999809265137
YOL112W,YHR193C,0,-6.256803,0.08192744851112366,0.7429999709129333,0.8325999975204468
YGR078C,YBR297W,0,-6.2568293,0.08191841095685959,0.7429999709129333,0.8327000141143799
YCR089W,YLR069C,0,-6.2575846,0.08190938085317612,0.7429999709129333,0.8327999711036682
YGR252W,YBR258C,0,-6.2582064,0.08190035074949265,0.7429999709129333,0.8328999876976013
YKL119C,YHR039C-A,1,-6.258388,0.08200154453516006,0.7440000176429749,0.8328999876976013
YPR052C,YKL182W,0,-6.2584305,0.081992506980896,0.7440000176429749,0.8330000042915344
YBR213W,YOR127W,0,-6.258771,0.08198346942663193,0.7440000176429749,0.8331000208854675
YLL015W,YBR058C,0,-6.2589993,0.08197443932294846,0.7440000176429749,0.8331999778747559
YJL063C,YPL122C,0,-6.2591734,0.08196540921926498,0.7440000176429749,0.833299994468689
YLR163C,YHL003C,0,-6.2592096,0.08195637911558151,0.7440000176429749,0.8334000110626221
YIL048W,YNL054W,1,-6.2594757,0.08205749839544296,0.7450000047683716,0.8334000110626221
YOR326W,YFL039C,1,-6.2596674,0.08215858787298203,0.7459999918937683,0.8334000110626221
YMR197C,YGR254W,1,-6.260303,0.0822596624493599,0.746999979019165,0.8334000110626221
YPL177C,YJL190C,0,-6.260496,0.08225060254335403,0.746999979019165,0.8335000276565552
YLR096W,YIL132C,0,-6.2605,0.08224155008792877,0.746999979019165,0.8335999846458435
YBR167C,YOR362C,0,-6.2614994,0.08223249763250351,0.746999979019165,0.8337000012397766
YCR060W,YKL204W,0,-6.2615786,0.08222344517707825,0.746999979019165,0.8338000178337097
YPL224C,YOL013C,0,-6.262842,0.08221439272165298,0.746999979019165,0.833899974822998
YLR043C,YBR109C,1,-6.263014,0.08231539279222488,0.7480000257492065,0.833899974822998
YGR029W,YLL019C,0,-6.2630243,0.08230634033679962,0.7480000257492065,0.8339999914169312
YJR043C,YNL282W,0,-6.263323,0.08229728043079376,0.7480000257492065,0.8341000080108643
YBR121C,YFR029W,0,-6.263504,0.0822882279753685,0.7480000257492065,0.8342000246047974
YNL038W,YPL190C,0,-6.2643595,0.08227917551994324,0.7480000257492065,0.8342999815940857
YDR017C,YOR332W,1,-6.264533,0.08238011598587036,0.7490000128746033,0.8342999815940857
YJL012C,YFL039C,1,-6.2646685,0.0824810266494751,0.75,0.8342999815940857
YNL031C,YOR127W,0,-6.2647514,0.08247195929288864,0.75,0.8343999981880188
YHL038C,YAL029C,0,-6.2651334,0.08246289193630219,0.75,0.8345000147819519
YML115C,YDR145W,0,-6.2651396,0.08245382457971573,0.75,0.8345999717712402
YOR335C,YCR063W,0,-6.2656307,0.08244476467370987,0.75,0.8346999883651733
YHR194W,YGL236C,0,-6.266306,0.08243569731712341,0.75,0.8348000049591064
YEL054C,YGL166W,0,-6.266542,0.08242663741111755,0.75,0.8349000215530396
YPR124W,YPL209C,0,-6.266863,0.08241758495569229,0.75,0.8349999785423279
YHR150W,YAL024C,0,-6.2670736,0.08240852504968643,0.75,0.835099995136261
YLR175W,YNL135C,0,-6.2670746,0.08239947259426117,0.75,0.8352000117301941
YHR023W,YBL015W,0,-6.267259,0.08239042013883591,0.75,0.8353000283241272
YDR202C,YGR209C,1,-6.267968,0.08249121159315109,0.7509999871253967,0.8353000283241272
YIL149C,YKL016C,0,-6.2680354,0.08248215168714523,0.7509999871253967,0.8353999853134155
YKL015W,YMR149W,0,-6.268691,0.08247309178113937,0.7509999871253967,0.8355000019073486
YJL076W,YOR037W,0,-6.2691565,0.08246403932571411,0.7509999871253967,0.8356000185012817
YMR005W,YNL082W,0,-6.2702417,0.08245498687028885,0.7509999871253967,0.8356999754905701
YDL197C,YDR331W,0,-6.270314,0.08244593441486359,0.7509999871253967,0.8357999920845032
YML011C,YPL156C,0,-6.270376,0.08243688195943832,0.7509999871253967,0.8359000086784363
YLR368W,YNL014W,0,-6.270449,0.08242783695459366,0.7509999871253967,0.8360000252723694
YKL173W,YPL227C,0,-6.2714915,0.08241879194974899,0.7509999871253967,0.8360999822616577
YKR065C,YBL099W,0,-6.271657,0.08240974694490433,0.7509999871253967,0.8361999988555908
YPR198W,YNR023W,0,-6.272253,0.08240070194005966,0.7509999871253967,0.8363000154495239
YOR035C,YPL042C,0,-6.2724037,0.0823916643857956,0.7509999871253967,0.8363999724388123
YCR071C,YOR037W,0,-6.2724237,0.08238262683153152,0.7509999871253967,0.8364999890327454
YMR267W,YFR048W,0,-6.2724676,0.08237358927726746,0.7509999871253967,0.8366000056266785
YDR162C,YIL033C,0,-6.2730265,0.08236455172300339,0.7509999871253967,0.8367000222206116
YCL031C,YDR264C,0,-6.2735953,0.08235552161931992,0.7509999871253967,0.8367999792098999
YOR182C,YDL201W,0,-6.273609,0.08234649151563644,0.7509999871253967,0.836899995803833
YCR024C-A,YIL122W,0,-6.274334,0.08233746141195297,0.7509999871253967,0.8370000123977661
YAL029C,YPL228W,0,-6.27472,0.0823284387588501,0.7509999871253967,0.8371000289916992
YGR268C,YLR394W,0,-6.2748823,0.08231941610574722,0.7509999871253967,0.8371999859809875
YDL052C,YPR009W,0,-6.2752542,0.08231039345264435,0.7509999871253967,0.8373000025749207
YPL268W,YMR054W,1,-6.2762804,0.08241096138954163,0.7519999742507935,0.8373000025749207
YMR054W,YHR174W,1,-6.2763596,0.08251150697469711,0.753000020980835,0.8373000025749207
YDL102W,YPR134W,0,-6.2776184,0.08250246196985245,0.753000020980835,0.8374000191688538
YNL156C,YOL049W,0,-6.277829,0.08249342441558838,0.753000020980835,0.8374999761581421
YHR082C,YDR341C,0,-6.2778454,0.08248438686132431,0.753000020980835,0.8375999927520752
YMR149W,YPR007C,0,-6.2779512,0.08247535675764084,0.753000020980835,0.8377000093460083
YPR033C,YGR270W,0,-6.2781544,0.08246632665395737,0.753000020980835,0.8378000259399414
YGR252W,YDL155W,0,-6.278258,0.0824572965502739,0.753000020980835,0.8378999829292297
YNL007C,YGL030W,0,-6.278553,0.08244826644659042,0.753000020980835,0.8379999995231628
YBR293W,YPL213W,0,-6.278654,0.08243923634290695,0.753000020980835,0.838100016117096
YPL065W,YPR009W,0,-6.278926,0.08243021368980408,0.753000020980835,0.8381999731063843
YER019C-A,YPR176C,0,-6.278997,0.0824211910367012,0.753000020980835,0.8382999897003174
YPR036W,YIL048W,1,-6.279152,0.08252161741256714,0.7540000081062317,0.8382999897003174
YHR167W,YFL055W,0,-6.2796764,0.08251258730888367,0.7540000081062317,0.8384000062942505
YOR367W,YNL230C,0,-6.280252,0.0825035572052002,0.7540000081062317,0.8385000228881836
YMR153W,YOR206W,0,-6.280972,0.08249452710151672,0.7540000081062317,0.8385999798774719
YNL139C,YML023C,0,-6.281149,0.08248550444841385,0.7540000081062317,0.838699996471405
YGL162W,YKL112W,0,-6.281673,0.08247648179531097,0.7540000081062317,0.8388000130653381
YKR081C,YPR067W,0,-6.281737,0.0824674591422081,0.7540000081062317,0.8389000296592712
YNL133C,YML077W,0,-6.281836,0.08245844393968582,0.7540000081062317,0.8389999866485596
YDL088C,YFR051C,0,-6.281988,0.08244942873716354,0.7540000081062317,0.8391000032424927
YNL258C,YPL094C,0,-6.2823024,0.08244041353464127,0.7540000081062317,0.8392000198364258
YHL019C,YDL064W,0,-6.282309,0.08243139833211899,0.7540000081062317,0.8392999768257141
YOR002W,YDR108W,0,-6.282704,0.08242239058017731,0.7540000081062317,0.8393999934196472
YHR190W,YOL123W,0,-6.2827477,0.08241337537765503,0.7540000081062317,0.8395000100135803
YDR320C,YDL098C,0,-6.282897,0.08240437507629395,0.7540000081062317,0.8396000266075134
YDL106C,YBL088C,0,-6.2829576,0.08239536732435226,0.7540000081062317,0.8396999835968018
YOL010W,YKR001C,0,-6.283037,0.08238636702299118,0.7540000081062317,0.8398000001907349
YGR060W,YGL100W,0,-6.283578,0.0823773592710495,0.7540000081062317,0.839900016784668
YOR181W,YPL174C,0,-6.283658,0.08236836642026901,0.7540000081062317,0.8399999737739563
YCR037C,YNL085W,0,-6.284198,0.08235936611890793,0.7540000081062317,0.8400999903678894
YOR133W,YGL227W,0,-6.2842636,0.08235037326812744,0.7540000081062317,0.8402000069618225
YHL028W,YGR204W,0,-6.2851276,0.08234138041734695,0.7540000081062317,0.8403000235557556
YGR254W,YLR148W,1,-6.285395,0.08244158327579498,0.7549999952316284,0.8403000235557556
YER019W,YNL142W,0,-6.285422,0.0824325829744339,0.7549999952316284,0.840399980545044
YOL128C,YLR298C,0,-6.2854376,0.08242358267307281,0.7549999952316284,0.840499997138977
YGR162W,YCR098C,0,-6.285448,0.08241458237171173,0.7549999952316284,0.8406000137329102
YGL066W,YOL139C,0,-6.2863264,0.08240558952093124,0.7549999952316284,0.8406999707221985
YDR311W,YDR083W,0,-6.286761,0.08239659667015076,0.7549999952316284,0.8407999873161316
YNL094W,YGL213C,0,-6.286809,0.08238760381937027,0.7549999952316284,0.8409000039100647
YMR153W,YDL102W,0,-6.2869043,0.08237861096858978,0.7549999952316284,0.8410000205039978
YJR001W,YDL046W,0,-6.287118,0.08236962556838989,0.7549999952316284,0.8410999774932861
YMR054W,YGL095C,1,-6.2873316,0.08246973156929016,0.7559999823570251,0.8410999774932861
YMR219W,YGL030W,0,-6.2874074,0.08246073126792908,0.7559999823570251,0.8411999940872192
YMR276W,YOR123C,0,-6.287861,0.08245173841714859,0.7559999823570251,0.8413000106811523
YBR029C,YJR127C,0,-6.287978,0.0824427455663681,0.7559999823570251,0.8414000272750854
YDL002C,YPL164C,0,-6.2885246,0.08243376016616821,0.7559999823570251,0.8414999842643738
YPL268W,YMR231W,1,-6.2888885,0.08253379911184311,0.7570000290870667,0.8414999842643738
YLR197W,YJR073C,0,-6.289107,0.08252479881048203,0.7570000290870667,0.8416000008583069
YER093C,YNL278W,0,-6.289386,0.08251580595970154,0.7570000290870667,0.84170001745224
YKL101W,YOL116W,0,-6.2894287,0.08250681310892105,0.7570000290870667,0.8417999744415283
YMR004W,YJR010C-A,0,-6.2894616,0.08249782025814056,0.7570000290870667,0.8418999910354614
YDL008W,YLR172C,0,-6.2906613,0.08248882740736008,0.7570000290870667,0.8420000076293945
YKL080W,YHR060W,1,-6.2910924,0.0825887992978096,0.7580000162124634,0.8420000076293945
YHR039C-A,YNL015W,1,-6.2911577,0.08268874883651733,0.7590000033378601,0.8420000076293945
YJR060W,YMR037C,0,-6.2912216,0.08267974108457565,0.7590000033378601,0.8421000242233276
YBR061C,YLR138W,0,-6.291551,0.08267073333263397,0.7590000033378601,0.842199981212616
YHR143W-A,YDR168W,0,-6.2918687,0.08266173303127289,0.7590000033378601,0.8422999978065491
YMR076C,YLR314C,0,-6.2924323,0.08265272527933121,0.7590000033378601,0.8424000144004822
YKL034W,YKL129C,0,-6.2928658,0.08264372497797012,0.7590000033378601,0.8424999713897705
YPL112C,YPR182W,0,-6.2931376,0.08263473212718964,0.7590000033378601,0.8425999879837036
YGL073W,YLR002C,0,-6.2931647,0.08262573182582855,0.7590000033378601,0.8427000045776367
YDR424C,YKL060C,0,-6.293645,0.08261673897504807,0.7590000033378601,0.8428000211715698
YCL055W,YOL071W,0,-6.2937565,0.08260774612426758,0.7590000033378601,0.8428999781608582
YJR064W,YLR268W,0,-6.2940826,0.08259876072406769,0.7590000033378601,0.8429999947547913
YOL086C,YGL155W,0,-6.294237,0.0825897678732872,0.7590000033378601,0.8431000113487244
YBR200W,YJL100W,0,-6.2948256,0.08258078247308731,0.7590000033378601,0.8432000279426575
YGR254W,YOR326W,1,-6.294999,0.0826805904507637,0.7599999904632568,0.8432000279426575
YOR039W,YBR020W,0,-6.2958245,0.08267159759998322,0.7599999904632568,0.8432999849319458
YOL109W,YOR023C,0,-6.296204,0.08266260474920273,0.7599999904632568,0.8434000015258789
YCL061C,YDR272W,0,-6.2965074,0.08265361934900284,0.7599999904632568,0.843500018119812
YFR003C,YMR153W,0,-6.296556,0.08264462649822235,0.7599999904632568,0.8435999751091003
YFL004W,YDR328C,1,-6.2970285,0.08274437487125397,0.7609999775886536,0.8435999751091003
YDR216W,YML097C,0,-6.29797,0.08273537456989288,0.7609999775886536,0.8436999917030334
YNL094W,YDL004W,0,-6.297988,0.0827263817191124,0.7609999775886536,0.8438000082969666
YBR236C,YMR004W,0,-6.29866,0.08271738886833191,0.7609999775886536,0.8439000248908997
YOL151W,YKL021C,0,-6.2991123,0.08270840346813202,0.7609999775886536,0.843999981880188
YLR201C,YGL143C,0,-6.299163,0.08269941061735153,0.7609999775886536,0.8440999984741211
YOL044W,YJR007W,0,-6.2993784,0.08269042521715164,0.7609999775886536,0.8442000150680542
YMR054W,YBL050W,1,-6.2994337,0.08279009163379669,0.7620000243186951,0.8442000150680542
YJL012C,YNL015W,1,-6.301001,0.08288973569869995,0.7630000114440918,0.8442000150680542
YFL055W,YAL029C,0,-6.301731,0.08288072794675827,0.7630000114440918,0.8442999720573425
YBL057C,YHR034C,0,-6.3020945,0.08287172764539719,0.7630000114440918,0.8443999886512756
YLR286C,YEL037C,0,-6.3021126,0.0828627273440361,0.7630000114440918,0.8445000052452087
YNL330C,YDR508C,0,-6.3022056,0.08285372704267502,0.7630000114440918,0.8446000218391418
YKR089C,YAR002C-A,0,-6.30239,0.08284473419189453,0.7630000114440918,0.8446999788284302
YKL045W,YDR135C,0,-6.302608,0.08283574134111404,0.7630000114440918,0.8447999954223633
YJL100W,YBR030W,0,-6.302611,0.08282674849033356,0.7630000114440918,0.8449000120162964
YAL022C,YGL044C,0,-6.3028226,0.08281775563955307,0.7630000114440918,0.8450000286102295
YDR453C,YGL004C,0,-6.303784,0.08280877023935318,0.7630000114440918,0.8450999855995178
YNL317W,YKL095W,0,-6.3040195,0.08279978483915329,0.7630000114440918,0.8452000021934509
YCR065W,YHR008C,0,-6.3042884,0.0827907994389534,0.7630000114440918,0.845300018787384
YOR353C,YFR004W,0,-6.304634,0.08278181403875351,0.7630000114440918,0.8453999757766724
YDR322C-A,YOL011W,0,-6.3050675,0.08277283608913422,0.7630000114440918,0.8454999923706055
YGL173C,YAL041W,0,-6.305105,0.08276385813951492,0.7630000114440918,0.8456000089645386
YDR091C,YGL169W,0,-6.305258,0.08275488018989563,0.7630000114440918,0.8457000255584717
YHR083W,YGR077C,0,-6.305341,0.08274590969085693,0.7630000114440918,0.84579998254776
YLR148W,YIL048W,1,-6.305734,0.08284536749124527,0.7639999985694885,0.84579998254776
YMR146C,YHR204W,0,-6.3059225,0.08283638954162598,0.7639999985694885,0.8458999991416931
YEL051W,YGR020C,1,-6.3059416,0.08293581753969193,0.7649999856948853,0.8458999991416931
YOL138C,YKR027W,0,-6.3060865,0.08292683213949203,0.7649999856948853,0.8460000157356262
YDL035C,YBR130C,0,-6.306986,0.08291783928871155,0.7649999856948853,0.8460999727249146
YDR470C,YOR069W,0,-6.307905,0.08290885388851166,0.7649999856948853,0.8461999893188477
YJR155W,YPL244C,0,-6.307966,0.08289986848831177,0.7649999856948853,0.8463000059127808
YNR003C,YOR028C,0,-6.3082175,0.08289089053869247,0.7649999856948853,0.8464000225067139
YPR057W,YER005W,0,-6.308315,0.08288190513849258,0.7649999856948853,0.8464999794960022
YGR123C,YDR486C,0,-6.3091364,0.08287292718887329,0.7649999856948853,0.8465999960899353
YPR179C,YCR060W,0,-6.309335,0.082863949239254,0.7649999856948853,0.8467000126838684
YER025W,YJR105W,0,-6.309412,0.0828549787402153,0.7649999856948853,0.8468000292778015
YGR095C,YPL026C,0,-6.3096533,0.08284600079059601,0.7649999856948853,0.8468999862670898
YLR324W,YDR411C,0,-6.3104973,0.08283703029155731,0.7649999856948853,0.847000002861023
YMR308C,YKL145W,0,-6.3108625,0.08282806724309921,0.7649999856948853,0.847100019454956
YGL124C,YBL103C,0,-6.310993,0.08281909674406052,0.7649999856948853,0.8471999764442444
YLR163C,YPR135W,0,-6.310998,0.08281013369560242,0.7649999856948853,0.8472999930381775
YGR120C,YMR204C,0,-6.3110123,0.08280117064714432,0.7649999856948853,0.8474000096321106
YLR324W,YNL094W,0,-6.3113575,0.08279220759868622,0.7649999856948853,0.8475000262260437
YPR122W,YIL062C,0,-6.311717,0.08278325200080872,0.7649999856948853,0.847599983215332
YDR323C,YCR010C,0,-6.3119116,0.08277428895235062,0.7649999856948853,0.8476999998092651
YDL106C,YGR085C,0,-6.311926,0.08276533335447311,0.7649999856948853,0.8478000164031982
YLR378C,YOR075W,0,-6.311953,0.08275638520717621,0.7649999856948853,0.8478999733924866
YLR447C,YDL185W,1,-6.312805,0.08285559713840485,0.765999972820282,0.8478999733924866
YDL143W,YMR264W,0,-6.3131285,0.08284663408994675,0.765999972820282,0.8479999899864197
YLR368W,YHR061C,0,-6.3132105,0.08283767849206924,0.765999972820282,0.8481000065803528
YNL166C,YNL139C,0,-6.3132763,0.08282872289419174,0.765999972820282,0.8482000231742859
YBR042C,YJL201W,0,-6.3141747,0.08281976729631424,0.765999972820282,0.8482999801635742
YMR056C,YLR397C,0,-6.314244,0.08281081169843674,0.765999972820282,0.8483999967575073
YAL056W,YHR158C,0,-6.3152714,0.08280185610055923,0.765999972820282,0.8485000133514404
YPL224C,YNL216W,0,-6.3156204,0.08279290795326233,0.765999972820282,0.8485999703407288
YKL056C,YKL058W,0,-6.316262,0.08278395980596542,0.765999972820282,0.8486999869346619
YHR050W,YOR115C,0,-6.3163815,0.08277501910924911,0.765999972820282,0.848800003528595
YNL272C,YGL172W,0,-6.3164406,0.08276607096195221,0.765999972820282,0.8489000201225281
YKL143W,YMR109W,0,-6.316553,0.0827571302652359,0.765999972820282,0.8489999771118164
YGR156W,YOR054C,0,-6.316703,0.08274818956851959,0.765999972820282,0.8490999937057495
YPL020C,YBR221C,0,-6.3170757,0.08273924887180328,0.765999972820282,0.8492000102996826
YNL084C,YDR443C,0,-6.3172526,0.08273031562566757,0.765999972820282,0.8493000268936157
YDR163W,YDL046W,0,-6.317977,0.08272138237953186,0.765999972820282,0.849399983882904
YNL239W,YMR088C,0,-6.318137,0.08271244913339615,0.765999972820282,0.8495000004768372
YDR173C,YOL139C,0,-6.3182707,0.08270352333784103,0.765999972820282,0.8496000170707703
YGR214W,YLR193C,0,-6.3182893,0.08269459009170532,0.765999972820282,0.8496999740600586
YLR372W,YBR087W,0,-6.318303,0.08268566429615021,0.765999972820282,0.8497999906539917
YOR341W,YBR168W,0,-6.31841,0.08267673850059509,0.765999972820282,0.8499000072479248
YGL022W,YMR305C,0,-6.319457,0.08266782015562057,0.765999972820282,0.8500000238418579
YGR007W,YNL288W,0,-6.319643,0.08265889436006546,0.765999972820282,0.8500999808311462
YEL042W,YMR305C,0,-6.319953,0.08264997601509094,0.765999972820282,0.8501999974250793
YJL012C,YHR039C-A,1,-6.320075,0.08274894952774048,0.7670000195503235,0.8501999974250793
YKL080W,YDR328C,1,-6.320294,0.08284789323806763,0.7680000066757202,0.8501999974250793
YDR483W,YKL165C,0,-6.320837,0.08283895999193192,0.7680000066757202,0.8503000140190125
YHR030C,YJL190C,0,-6.320864,0.0828300267457962,0.7680000066757202,0.8503999710083008
YPL089C,YHR183W,0,-6.3214293,0.08282109349966049,0.7680000066757202,0.8504999876022339
YDR212W,YPR176C,0,-6.321575,0.08281216025352478,0.7680000066757202,0.850600004196167
YGL020C,YFR048W,0,-6.321633,0.08280323445796967,0.7680000066757202,0.8507000207901001
YMR276W,YKL188C,0,-6.321656,0.08279430866241455,0.7680000066757202,0.8507999777793884
YDR512C,YLR266C,0,-6.321833,0.08278538286685944,0.7680000066757202,0.8508999943733215
YMR207C,YDL194W,0,-6.3225327,0.08277645707130432,0.7680000066757202,0.8510000109672546
YJL014W,YBR130C,0,-6.322542,0.0827675387263298,0.7680000066757202,0.8511000275611877
YJL012C,YEL013W,1,-6.322622,0.0828663781285286,0.7689999938011169,0.8511000275611877
YMR054W,YFL039C,1,-6.322874,0.0829651951789856,0.7699999809265137,0.8511000275611877
YMR153W,YLR181C,0,-6.323023,0.08295626193284988,0.7699999809265137,0.8511999845504761
YCL034W,YLR285W,0,-6.323996,0.08294732123613358,0.7699999809265137,0.8513000011444092
YNL001W,YIL065C,0,-6.325118,0.08293838798999786,0.7699999809265137,0.8514000177383423
YDL226C,YNL275W,0,-6.325153,0.08292945474386215,0.7699999809265137,0.8514999747276306
YKL046C,YDL195W,0,-6.326018,0.08292052894830704,0.7699999809265137,0.8515999913215637
YMR128W,YHR013C,0,-6.3265524,0.08291159570217133,0.7699999809265137,0.8517000079154968
YNL326C,YEL051W,1,-6.326559,0.08301033824682236,0.7710000276565552,0.8517000079154968
YLR148W,YHR026W,1,-6.3268023,0.083109050989151,0.7720000147819519,0.8517000079154968
YBR221C,YJL179W,0,-6.3273,0.08310011029243469,0.7720000147819519,0.8518000245094299
YML021C,YOR061W,0,-6.327594,0.08309116214513779,0.7720000147819519,0.8518999814987183
YGR254W,YDL185W,1,-6.3276463,0.08318983763456345,0.7730000019073486,0.8518999814987183
YDR329C,YBL058W,0,-6.3284035,0.08318088948726654,0.7730000019073486,0.8519999980926514
YAL042W,YPR024W,0,-6.3287725,0.08317194133996964,0.7730000019073486,0.8521000146865845
YKL192C,YHR013C,0,-6.328892,0.08316299319267273,0.7730000019073486,0.8521999716758728
YJL203W,YLR304C,0,-6.3289227,0.08315404504537582,0.7730000019073486,0.8522999882698059
YDR512C,YEL037C,0,-6.329424,0.08314509689807892,0.7730000019073486,0.852400004863739
YGR222W,YML073C,0,-6.329445,0.08313615620136261,0.7730000019073486,0.8525000214576721
YGL232W,YBR102C,0,-6.3294744,0.0831272155046463,0.7730000019073486,0.8525999784469604
YBR109C,YKL080W,1,-6.3299685,0.0832258090376854,0.7739999890327454,0.8525999784469604
YDR440W,YOR361C,0,-6.330119,0.08321686089038849,0.7739999890327454,0.8526999950408936
YKL101W,YOR160W,0,-6.3303814,0.08320791274309158,0.7739999890327454,0.8528000116348267
YCL033C,YAL035W,0,-6.330457,0.08319896459579468,0.7739999890327454,0.8529000282287598
YGL126W,YNL214W,0,-6.330516,0.08319002389907837,0.7739999890327454,0.8529999852180481
YMR058W,YBR218C,0,-6.330518,0.08318108320236206,0.7739999890327454,0.8531000018119812
YLR117C,YMR204C,0,-6.3309984,0.08317214995622635,0.7739999890327454,0.8532000184059143
YLR095C,YGL013C,0,-6.3318872,0.08316320925951004,0.7739999890327454,0.8532999753952026
YDL128W,YOR011W,0,-6.3320017,0.08315427601337433,0.7739999890327454,0.8533999919891357
YPL112C,YDL226C,0,-6.3324847,0.08314534276723862,0.7739999890327454,0.8535000085830688
YKR065C,YHR082C,0,-6.3325853,0.0831364095211029,0.7739999890327454,0.853600025177002
YDR162C,YMR052W,0,-6.332631,0.08312748372554779,0.7739999890327454,0.8536999821662903
YMR006C,YDL166C,0,-6.332713,0.08311855792999268,0.7739999890327454,0.8537999987602234
YHR043C,YMR229C,0,-6.332991,0.08310963213443756,0.7739999890327454,0.8539000153541565
YFR029W,YLR172C,0,-6.33349,0.08310070633888245,0.7739999890327454,0.8539999723434448
YDR052C,YJL186W,0,-6.3338404,0.08309178799390793,0.7739999890327454,0.8540999889373779
YLR078C,YFR024C-A,0,-6.3342466,0.08308286964893341,0.7739999890327454,0.854200005531311
YBL050W,YGR020C,1,-6.3343315,0.08318128436803818,0.7749999761581421,0.854200005531311
YGL133W,YCL035C,0,-6.334838,0.08317235112190247,0.7749999761581421,0.8543000221252441
YOR039W,YIL049W,0,-6.3350196,0.08316343277692795,0.7749999761581421,0.8543999791145325
YML047C,YIL070C,0,-6.3356295,0.08315450698137283,0.7749999761581421,0.8544999957084656
YLR150W,YNR002C,0,-6.3357267,0.08314558863639832,0.7749999761581421,0.8546000123023987
YOR144C,YOL133W,0,-6.3358536,0.0831366628408432,0.7749999761581421,0.8547000288963318
YIL125W,YHR001W-A,0,-6.3363185,0.08312775194644928,0.7749999761581421,0.8547999858856201
YDL243C,YPL218W,0,-6.336522,0.08311883360147476,0.7749999761581421,0.8549000024795532
YLR045C,YJL108C,0,-6.3372326,0.08310992270708084,0.7749999761581421,0.8550000190734863
YMR225C,YPR007C,0,-6.3373594,0.08310100436210632,0.7749999761581421,0.8550999760627747
YKL152C,YHR158C,0,-6.3376074,0.083092100918293,0.7749999761581421,0.8551999926567078
YDR508C,YMR186W,0,-6.3376327,0.08308319002389908,0.7749999761581421,0.8553000092506409
YDL098C,YLR298C,0,-6.3376417,0.08307428658008575,0.7749999761581421,0.855400025844574
YOR341W,YNL239W,0,-6.338229,0.08306538313627243,0.7749999761581421,0.8554999828338623
YDL164C,YKL113C,0,-6.338302,0.0830564796924591,0.7749999761581421,0.8555999994277954
YDR216W,YCR053W,0,-6.3384705,0.08304757624864578,0.7749999761581421,0.8557000160217285
YDR481C,YHR114W,0,-6.3386464,0.08303868025541306,0.7749999761581421,0.8557999730110168
YDR206W,YOR317W,0,-6.3394184,0.08302978426218033,0.7749999761581421,0.85589998960495
YOL109W,YKL048C,0,-6.339487,0.0830208882689476,0.7749999761581421,0.8560000061988831
YKL148C,YNL202W,0,-6.3400164,0.08301199972629547,0.7749999761581421,0.8561000227928162
YOR326W,YBR127C,1,-6.3403683,0.08311020582914352,0.7760000228881836,0.8561000227928162
YGR214W,YPL110C,0,-6.3405323,0.0831013098359108,0.7760000228881836,0.8561999797821045
YPL094C,YLL060C,0,-6.341113,0.08309240639209747,0.7760000228881836,0.8562999963760376
YJL013C,YIL040W,0,-6.3411236,0.08308351039886475,0.7760000228881836,0.8564000129699707
YPL106C,YNL026W,0,-6.3412123,0.08307461440563202,0.7760000228881836,0.8565000295639038
YML126C,YAL033W,0,-6.341651,0.08306572586297989,0.7760000228881836,0.8565999865531921
YJL013C,YAL002W,0,-6.3420095,0.08305683732032776,0.7760000228881836,0.8567000031471252
YFL029C,YDR420W,0,-6.3421874,0.08304794877767563,0.7760000228881836,0.8568000197410583
YPL268W,YKL051W,1,-6.3425026,0.08314606547355652,0.7770000100135803,0.8568000197410583
YDL092W,YOR028C,0,-6.34303,0.08313716948032379,0.7770000100135803,0.8568999767303467
YGL070C,YML080W,0,-6.343036,0.08312827348709106,0.7770000100135803,0.8569999933242798
YOR207C,YNR016C,0,-6.3434067,0.08311938494443893,0.7770000100135803,0.8571000099182129
YLR102C,YIL124W,0,-6.3439255,0.0831104964017868,0.7770000100135803,0.857200026512146
YML029W,YHR118C,0,-6.343999,0.08310160785913467,0.7770000100135803,0.8572999835014343
YDR320C,YDR389W,0,-6.344304,0.08309271931648254,0.7770000100135803,0.8574000000953674
YPR100W,YHR072W,0,-6.3444066,0.08308383077383041,0.7770000100135803,0.8575000166893005
YDL224C,YPL057C,0,-6.344804,0.08307494968175888,0.7770000100135803,0.8575999736785889
YNL082W,YNL221C,0,-6.345339,0.08306606858968735,0.7770000100135803,0.857699990272522
YDR208W,YFR051C,0,-6.3464108,0.08305718749761581,0.7770000100135803,0.8578000068664551
YNL136W,YER148W,0,-6.346609,0.08304831385612488,0.7770000100135803,0.8579000234603882
YJL063C,YGR082W,0,-6.3470116,0.08303943276405334,0.7770000100135803,0.8579999804496765
YJL012C,YGR254W,1,-6.3477826,0.08313742280006409,0.777999997138977,0.8579999804496765
YDR246W,YMR077C,0,-6.34804,0.08312854170799255,0.777999997138977,0.8580999970436096
YLR447C,YHR039C-A,1,-6.3484592,0.08322649449110031,0.7789999842643738,0.8580999970436096
YDR123C,YOL013C,0,-6.3485785,0.08321760594844818,0.7789999842643738,0.8582000136375427
YOL111C,YAL043C,0,-6.3487883,0.08320871740579605,0.7789999842643738,0.858299970626831
YHR081W,YKL154W,0,-6.3490553,0.08319982886314392,0.7789999842643738,0.8583999872207642
YFL022C,YDL181W,0,-6.349214,0.08319094032049179,0.7789999842643738,0.8585000038146973
YJL074C,YOR023C,0,-6.3497763,0.08318205922842026,0.7789999842643738,0.8586000204086304
YLR170C,YOL013C,0,-6.349843,0.08317317813634872,0.7789999842643738,0.8586999773979187
YDL153C,YLR088W,0,-6.349846,0.08316429704427719,0.7789999842643738,0.8587999939918518
YDR173C,YOL040C,0,-6.350338,0.08315542340278625,0.7789999842643738,0.8589000105857849
YDR202C,YNL054W,1,-6.3508043,0.08325327932834625,0.7799999713897705,0.8589000105857849
YEL017C-A,YOR084W,0,-6.351083,0.08324439823627472,0.7799999713897705,0.859000027179718
YLL060C,YML116W,0,-6.3512964,0.08323551714420319,0.7799999713897705,0.8590999841690063
YHR039C-A,YBR127C,1,-6.3515596,0.0833333358168602,0.781000018119812,0.8590999841690063
YNL001W,YBR265W,0,-6.352114,0.08332443982362747,0.781000018119812,0.8592000007629395
YAL033W,YDR346C,0,-6.3523216,0.08331555128097534,0.781000018119812,0.8593000173568726
YDR404C,YPR068C,0,-6.3528457,0.08330667018890381,0.781000018119812,0.8593999743461609
YGR209C,YNL326C,1,-6.3530626,0.08340443670749664,0.7820000052452087,0.8593999743461609
YPL042C,YEL002C,0,-6.3531027,0.08339554071426392,0.7820000052452087,0.859499990940094
YML115C,YGL106W,0,-6.3546143,0.08338665217161179,0.7820000052452087,0.8596000075340271
YML010W,YBL082C,0,-6.3546543,0.08337775617837906,0.7820000052452087,0.8597000241279602
YJL011C,YNL182C,0,-6.3550158,0.08336886763572693,0.7820000052452087,0.8597999811172485
YPL127C,YGL135W,0,-6.35575,0.0833599865436554,0.7820000052452087,0.8598999977111816
YGR254W,YBL050W,1,-6.355952,0.08345768600702286,0.7829999923706055,0.8598999977111816
YBL057C,YHR098C,0,-6.3561716,0.08344879001379013,0.7829999923706055,0.8600000143051147
YGL257C,YGR143W,0,-6.356385,0.0834398940205574,0.7829999923706055,0.8600999712944031
YER065C,YOL094C,0,-6.356451,0.08343100547790527,0.7829999923706055,0.8601999878883362
YCR044C,YBR086C,0,-6.356475,0.08342211693525314,0.7829999923706055,0.8603000044822693
YMR076C,YJL104W,0,-6.3567,0.08341322839260101,0.7829999923706055,0.8604000210762024
YNL048W,YKL012W,0,-6.356832,0.08340434730052948,0.7829999923706055,0.8604999780654907
YGR140W,YMR308C,0,-6.356879,0.08339546620845795,0.7829999923706055,0.8605999946594238
YDR096W,YDR167W,0,-6.3575373,0.08338658511638641,0.7829999923706055,0.8607000112533569
YMR056C,YDR464W,0,-6.357683,0.08337770402431488,0.7829999923706055,0.86080002784729
YDR194C,YNL066W,0,-6.358463,0.08336882293224335,0.7829999923706055,0.8608999848365784
YFL034C-B,YOL044W,0,-6.35875,0.08335994929075241,0.7829999923706055,0.8610000014305115
YHR034C,YPR100W,0,-6.359394,0.08335107564926147,0.7829999923706055,0.8611000180244446
YGR202C,YLL022C,0,-6.3598137,0.08334220200777054,0.7829999923706055,0.8611999750137329
YNL133C,YEL063C,0,-6.35989,0.0833333358168602,0.7829999923706055,0.861299991607666
YKL095W,YMR113W,0,-6.3600802,0.08332446217536926,0.7829999923706055,0.8614000082015991
YHR160C,YDR515W,0,-6.360553,0.08331559598445892,0.7829999923706055,0.8615000247955322
YLR119W,YMR241W,0,-6.361342,0.08330673724412918,0.7829999923706055,0.8615999817848206
YPL161C,YDR103W,0,-6.3614187,0.08329787105321884,0.7829999923706055,0.8616999983787537
YLR150W,YDR423C,0,-6.3626814,0.0832890123128891,0.7829999923706055,0.8618000149726868
YAL055W,YGR135W,0,-6.36271,0.08328015357255936,0.7829999923706055,0.8618999719619751
YEL053C,YOR233W,0,-6.3628883,0.08327129483222961,0.7829999923706055,0.8619999885559082
YNL121C,YJR009C,0,-6.363818,0.08326244354248047,0.7829999923706055,0.8621000051498413
YMR056C,YPL145C,0,-6.363975,0.08325358480215073,0.7829999923706055,0.8622000217437744
YJL110C,YOR290C,0,-6.3642845,0.08324474096298218,0.7829999923706055,0.8622999787330627
YGR199W,YGR141W,0,-6.3653364,0.08323588967323303,0.7829999923706055,0.8623999953269958
YBL090W,YER019C-A,0,-6.3659225,0.08322703838348389,0.7829999923706055,0.862500011920929
YDR255C,YKL068W,0,-6.3659244,0.08321819454431534,0.7829999923706055,0.8626000285148621
YOR049C,YNL062C,0,-6.366244,0.08320935070514679,0.7829999923706055,0.8626999855041504
YDR140W,YPL154C,0,-6.3668284,0.08320050686597824,0.7829999923706055,0.8628000020980835
YMR097C,YDL035C,0,-6.367442,0.08319167047739029,0.7829999923706055,0.8629000186920166
YFL039C,YGR020C,1,-6.367498,0.08328907191753387,0.7839999794960022,0.8629000186920166
YDR453C,YBR093C,0,-6.367544,0.08328022062778473,0.7839999794960022,0.8629999756813049
YDR470C,YJL129C,0,-6.368262,0.08327137678861618,0.7839999794960022,0.863099992275238
YOR181W,YOL143C,0,-6.36852,0.08326253294944763,0.7839999794960022,0.8632000088691711
YML115C,YDL020C,0,-6.368574,0.08325368911027908,0.7839999794960022,0.8633000254631042
YMR119W,YJL006C,0,-6.369542,0.08324485272169113,0.7839999794960022,0.8633999824523926
YDR295C,YKL213C,0,-6.369643,0.08323600888252258,0.7839999794960022,0.8634999990463257
YEL013W,YLR240W,1,-6.3700633,0.0833333358168602,0.7850000262260437,0.8634999990463257
YOR332W,YEL051W,1,-6.370118,0.08343063294887543,0.7860000133514404,0.8634999990463257
YDR202C,YGL095C,1,-6.37019,0.08352791517972946,0.7870000004768372,0.8634999990463257
YDR483W,YIL040W,0,-6.3704424,0.08351904898881912,0.7870000004768372,0.8636000156402588
YBR283C,YJR070C,0,-6.3704834,0.08351019024848938,0.7870000004768372,0.8636999726295471
YJL012C,YGR209C,1,-6.370512,0.08360742777585983,0.7879999876022339,0.8636999726295471
YLR079W,YER009W,0,-6.370601,0.0835985541343689,0.7879999876022339,0.8637999892234802
YBR165W,YHR004C,0,-6.371644,0.08358968794345856,0.7879999876022339,0.8639000058174133
YLR096W,YAL053W,0,-6.37202,0.08358082175254822,0.7879999876022339,0.8640000224113464
YML067C,YAL022C,0,-6.372042,0.08357195556163788,0.7879999876022339,0.8640999794006348
YEL051W,YDR328C,1,-6.3722143,0.08366914093494415,0.7889999747276306,0.8640999794006348
YDL225W,YGR141W,0,-6.372675,0.08366026729345322,0.7889999747276306,0.8641999959945679
YPR111W,YPL214C,0,-6.373269,0.08365140110254288,0.7889999747276306,0.864300012588501
YLR403W,YJR057W,0,-6.373458,0.08364253491163254,0.7889999747276306,0.8644000291824341
YMR054W,YHR026W,1,-6.3734727,0.08373966813087463,0.7900000214576721,0.8644000291824341
YER024W,YNR052C,0,-6.373533,0.0837307870388031,0.7900000214576721,0.8644999861717224
YPL156C,YBR049C,0,-6.373658,0.08372191339731216,0.7900000214576721,0.8646000027656555
YGR063C,YDR378C,0,-6.373667,0.08371304720640182,0.7900000214576721,0.8647000193595886
YKL064W,YJL186W,0,-6.3736963,0.08370417356491089,0.7900000214576721,0.864799976348877
YIL048W,YFL039C,1,-6.373865,0.08380124717950821,0.7910000085830688,0.864799976348877
YDR280W,YNL216W,0,-6.3740597,0.08379237353801727,0.7910000085830688,0.8648999929428101
YOR371C,YML120C,0,-6.3747163,0.08378349989652634,0.7910000085830688,0.8650000095367432
YBL090W,YML077W,0,-6.375345,0.0837746262550354,0.7910000085830688,0.8651000261306763
YBR283C,YLR192C,0,-6.3755617,0.08376575261354446,0.7910000085830688,0.8651999831199646
YPL153C,YMR236W,0,-6.376198,0.08375687897205353,0.7910000085830688,0.8652999997138977
YDL087C,YIR009W,0,-6.376329,0.08374801278114319,0.7910000085830688,0.8654000163078308
YDL015C,YDR464W,0,-6.3764524,0.08373914659023285,0.7910000085830688,0.8654999732971191
YKR026C,YJL047C,0,-6.376651,0.0837302878499031,0.7910000085830688,0.8655999898910522
YDR202C,YNL326C,1,-6.3770638,0.08382726460695267,0.7919999957084656,0.8655999898910522
YOL094C,YGR082W,0,-6.377225,0.08381839096546173,0.7919999957084656,0.8657000064849854
YGR254W,YPR036W,1,-6.3772616,0.0839153453707695,0.7929999828338623,0.8657000064849854
YOL151W,YER123W,0,-6.3777704,0.08390646427869797,0.7929999828338623,0.8658000230789185
YBR030W,YKL038W,0,-6.3781385,0.08389759063720703,0.7929999828338623,0.8658999800682068
YMR172W,YJR103W,0,-6.378393,0.0838887095451355,0.7929999828338623,0.8659999966621399
YKL114C,YOL071W,0,-6.3796854,0.08387983590364456,0.7929999828338623,0.866100013256073
YDR272W,YDR469W,0,-6.3798103,0.08387096971273422,0.7929999828338623,0.8661999702453613
YBR130C,YPL007C,0,-6.3802004,0.08386209607124329,0.7929999828338623,0.8662999868392944
YBL050W,YEL013W,1,-6.3803177,0.08395896852016449,0.7940000295639038,0.8662999868392944
YDR512C,YHR099W,0,-6.38062,0.08395009487867355,0.7940000295639038,0.8664000034332275
YPR024W,YDR459C,0,-6.3819532,0.08394122123718262,0.7940000295639038,0.8665000200271606
YLR150W,YGR268C,0,-6.3823605,0.08393234759569168,0.7940000295639038,0.866599977016449
YIL084C,YDR369C,0,-6.383049,0.08392347395420074,0.7940000295639038,0.8666999936103821
YDR216W,YAL059W,0,-6.383148,0.0839146077632904,0.7940000295639038,0.8668000102043152
YAL053W,YOR168W,0,-6.3833294,0.08390574157238007,0.7940000295639038,0.8669000267982483
YBR245C,YKL040C,0,-6.383386,0.08389687538146973,0.7940000295639038,0.8669999837875366
YBL093C,YDR527W,0,-6.384328,0.08388800919055939,0.7940000295639038,0.8671000003814697
YPL259C,YHL002W,0,-6.384662,0.08387914299964905,0.7940000295639038,0.8672000169754028
YBR228W,YBL093C,0,-6.3849025,0.0838702842593193,0.7940000295639038,0.8672999739646912
YCR082W,YOR133W,0,-6.3855553,0.08386142551898956,0.7940000295639038,0.8673999905586243
YPL177C,YPL145C,0,-6.386265,0.08385257422924042,0.7940000295639038,0.8675000071525574
YMR198W,YGR088W,0,-6.3867254,0.08384371548891068,0.7940000295639038,0.8676000237464905
YLR208W,YNR003C,0,-6.387832,0.08383486419916153,0.7940000295639038,0.8676999807357788
YDL224C,YMR091C,0,-6.3880224,0.08382601290941238,0.7940000295639038,0.8677999973297119
YKL150W,YMR285C,0,-6.3882084,0.08381716161966324,0.7940000295639038,0.867900013923645
YOR036W,YPR037C,0,-6.388367,0.08380831778049469,0.7940000295639038,0.8679999709129333
YJL014W,YAL029C,0,-6.3885927,0.08379947394132614,0.7940000295639038,0.8680999875068665
YLR423C,YDR190C,0,-6.3887253,0.08379063010215759,0.7940000295639038,0.8682000041007996
YJL129C,YNL102W,0,-6.3888526,0.08378178626298904,0.7940000295639038,0.8683000206947327
YGR120C,YDR532C,0,-6.3891478,0.08377294987440109,0.7940000295639038,0.868399977684021
YFL016C,YCR094W,0,-6.39022,0.08376411348581314,0.7940000295639038,0.8684999942779541
YDR334W,YDR145W,0,-6.3903036,0.08375527709722519,0.7940000295639038,0.8686000108718872
YNR008W,YOL044W,0,-6.390707,0.08374644070863724,0.7940000295639038,0.8687000274658203
YKL101W,YOL151W,0,-6.391041,0.08373761177062988,0.7940000295639038,0.8687999844551086
YGL171W,YJR004C,0,-6.391148,0.08372877538204193,0.7940000295639038,0.8689000010490417
YNL267W,YDR464W,0,-6.3914084,0.08371994644403458,0.7940000295639038,0.8690000176429749
YDR163W,YHR163W,0,-6.391494,0.08371112495660782,0.7940000295639038,0.8690999746322632
YGL211W,YMR246W,0,-6.39168,0.08370229601860046,0.7940000295639038,0.8691999912261963
YDR284C,YJL186W,0,-6.3923492,0.0836934745311737,0.7940000295639038,0.8693000078201294
YDR017C,YDR328C,1,-6.3925405,0.08379004895687103,0.7950000166893005,0.8693000078201294
YOR213C,YJL004C,0,-6.3930016,0.08378122001886368,0.7950000166893005,0.8694000244140625
YNL268W,YOR226C,0,-6.3930044,0.08377239108085632,0.7950000166893005,0.8694999814033508
YDR080W,YEL013W,1,-6.3932533,0.08386892825365067,0.7960000038146973,0.8694999814033508
YER020W,YNL166C,0,-6.3939066,0.08386009186506271,0.7960000038146973,0.8695999979972839
YMR054W,YDR017C,1,-6.394197,0.08395659923553467,0.796999990940094,0.8695999979972839
YGR186W,YML069W,0,-6.3946157,0.08394775539636612,0.796999990940094,0.869700014591217
YMR162C,YKR062W,0,-6.394636,0.08393891155719757,0.796999990940094,0.8697999715805054
YAL017W,YDR255C,0,-6.395062,0.08393007516860962,0.796999990940094,0.8698999881744385
YJR059W,YPL101W,0,-6.3950644,0.08392123878002167,0.796999990940094,0.8700000047683716
YEL051W,YHR060W,1,-6.3951297,0.08401768654584885,0.7979999780654907,0.8700000047683716
YBR234C,YNL062C,0,-6.395193,0.0840088427066803,0.7979999780654907,0.8701000213623047
YGR074W,YFR002W,0,-6.3952293,0.08399999886751175,0.7979999780654907,0.870199978351593
YPR030W,YGL044C,0,-6.3961086,0.0839911624789238,0.7979999780654907,0.8702999949455261
YLR133W,YKL191W,0,-6.396245,0.08398231863975525,0.7979999780654907,0.8704000115394592
YLR270W,YLR144C,0,-6.3963375,0.0839734822511673,0.7979999780654907,0.8705000281333923
YLR191W,YLR085C,0,-6.3964534,0.08396464586257935,0.7979999780654907,0.8705999851226807
YLR006C,YOR174W,0,-6.3965425,0.0839558094739914,0.7979999780654907,0.8707000017166138
YNL038W,YOR386W,0,-6.396573,0.08394698053598404,0.7979999780654907,0.8708000183105469
YNL131W,YPL129W,0,-6.396675,0.08393815159797668,0.7979999780654907,0.8708999752998352
YIL048W,YNL079C,1,-6.396692,0.0840344950556755,0.7990000247955322,0.8708999752998352
YNL062C,YMR308C,0,-6.3968706,0.08402565866708755,0.7990000247955322,0.8709999918937683
YKL051W,YBR109C,1,-6.3968773,0.08412197977304459,0.800000011920929,0.8709999918937683
YER104W,YER148W,0,-6.396987,0.08411312848329544,0.800000011920929,0.8711000084877014
YCL051W,YPL002C,0,-6.3971453,0.08410429209470749,0.800000011920929,0.8712000250816345
YJR155W,YER061C,0,-6.3971925,0.08409544825553894,0.800000011920929,0.8712999820709229
YMR054W,YKL051W,1,-6.3971934,0.0841917172074318,0.8009999990463257,0.8712999820709229
YPR133C,YPL153C,0,-6.3981247,0.08418286591768265,0.8009999990463257,0.871399998664856
YNL117W,YDR082W,0,-6.3983855,0.0841740220785141,0.8009999990463257,0.8715000152587891
YNL201C,YLR369W,0,-6.3990593,0.08416517823934555,0.8009999990463257,0.8715999722480774
YJL024C,YJR131W,0,-6.3994575,0.084156334400177,0.8009999990463257,0.8716999888420105
YMR302C,YDR025W,0,-6.39977,0.08414749801158905,0.8009999990463257,0.8718000054359436
YPL012W,YMR235C,0,-6.399908,0.0841386541724205,0.8009999990463257,0.8719000220298767
YDL185W,YKL080W,1,-6.3999987,0.08423484861850739,0.8019999861717224,0.8719000220298767
YEL003W,YPL031C,0,-6.400238,0.08422600477933884,0.8019999861717224,0.871999979019165
YBR200W,YGR047C,0,-6.40059,0.08421716094017029,0.8019999861717224,0.8720999956130981
YKL119C,YNL079C,1,-6.40128,0.08431331068277359,0.8029999732971191,0.8720999956130981
YLR447C,YOR332W,1,-6.4018803,0.0844094455242157,0.8040000200271606,0.8720999956130981
YLR429W,YKR085C,0,-6.402149,0.08440058678388596,0.8040000200271606,0.8722000122070312
YLR447C,YKL119C,1,-6.4028344,0.08449669182300568,0.8050000071525574,0.8722000122070312
YHR070W,YJR019C,0,-6.402891,0.08448782563209534,0.8050000071525574,0.8723000288009644
YLR060W,YML067C,0,-6.403375,0.084478959441185,0.8050000071525574,0.8723999857902527
YKL119C,YPL268W,1,-6.4033813,0.08457502722740173,0.8059999942779541,0.8723999857902527
YOR089C,YAL033W,0,-6.4036264,0.0845661535859108,0.8059999942779541,0.8725000023841858
YLR033W,YDR116C,0,-6.4038796,0.08455727994441986,0.8059999942779541,0.8726000189781189
YKL041W,YDL126C,0,-6.4040704,0.08454841375350952,0.8059999942779541,0.8726999759674072
YDR211W,YOR363C,0,-6.40424,0.08453954011201859,0.8059999942779541,0.8727999925613403
YDR202C,YNL015W,1,-6.4043045,0.08463555574417114,0.8069999814033508,0.8727999925613403
YAL042W,YPL117C,0,-6.4055166,0.08462667465209961,0.8069999814033508,0.8729000091552734
YBR004C,YPL203W,0,-6.4055953,0.08461780101060867,0.8069999814033508,0.8730000257492065
YCR010C,YOR257W,0,-6.4056063,0.08460893481969833,0.8069999814033508,0.8730999827384949
YGR209C,YEL013W,1,-6.405697,0.08470489829778671,0.8080000281333923,0.8730999827384949
YNR027W,YBR058C,0,-6.4057484,0.08469601720571518,0.8080000281333923,0.873199999332428
YNL287W,YKL049C,0,-6.406398,0.08468713611364365,0.8080000281333923,0.8733000159263611
YBR283C,YOR089C,0,-6.4064,0.08467826247215271,0.8080000281333923,0.8733999729156494
YHR115C,YHR086W,0,-6.406814,0.08466938883066177,0.8080000281333923,0.8734999895095825
YOR162C,YDR103W,0,-6.406883,0.08466052263975143,0.8080000281333923,0.8736000061035156
YOL139C,YLR450W,0,-6.406886,0.0846516489982605,0.8080000281333923,0.8737000226974487
YNL258C,YGL144C,0,-6.4072156,0.08464278280735016,0.8080000281333923,0.8737999796867371
YKL189W,YLR254C,0,-6.4077063,0.08463391661643982,0.8080000281333923,0.8738999962806702
YNL038W,YFL016C,0,-6.4077234,0.08462505042552948,0.8080000281333923,0.8740000128746033
YGL106W,YDR121W,0,-6.408098,0.08461619168519974,0.8080000281333923,0.8741000294685364
YPL224C,YHR135C,0,-6.4092994,0.08460733294487,0.8080000281333923,0.8741999864578247
YNL326C,YPL045W,1,-6.4094367,0.08470316976308823,0.8090000152587891,0.8741999864578247
YDR389W,YMR052W,0,-6.4096985,0.08469430357217789,0.8090000152587891,0.8743000030517578
YLL012W,YJL048C,0,-6.4097295,0.08468543738126755,0.8090000152587891,0.8744000196456909
YNL062C,YPL227C,0,-6.409752,0.0846765786409378,0.8090000152587891,0.8744999766349792
YGR241C,YBR049C,0,-6.409777,0.08466771245002747,0.8090000152587891,0.8745999932289124
YHR027C,YKL206C,0,-6.4100447,0.08465885370969772,0.8090000152587891,0.8747000098228455
YLR069C,YML121W,0,-6.4104433,0.08464999496936798,0.8090000152587891,0.8748000264167786
YOL115W,YCR053W,0,-6.4114733,0.08464113622903824,0.8090000152587891,0.8748999834060669
YNL021W,YNL156C,0,-6.4115047,0.08463228493928909,0.8090000152587891,0.875
YLR332W,YOR037W,0,-6.4117994,0.08462343364953995,0.8090000152587891,0.8751000165939331
YHR034C,YFR051C,0,-6.4121237,0.0846145823597908,0.8090000152587891,0.8751999735832214
YLR417W,YFR029W,0,-6.412283,0.08460573107004166,0.8090000152587891,0.8752999901771545
YPR029C,YGL236C,0,-6.412611,0.08459688723087311,0.8090000152587891,0.8754000067710876
YPL145C,YOL020W,0,-6.4127626,0.08458803594112396,0.8090000152587891,0.8755000233650208
YER095W,YIL114C,0,-6.4136047,0.08457919210195541,0.8090000152587891,0.8755999803543091
YLR088W,YOR011W,0,-6.414033,0.08457035571336746,0.8090000152587891,0.8756999969482422
YPR036W,YKL080W,1,-6.4141426,0.08466603606939316,0.8100000023841858,0.8756999969482422
YBL085W,YDR075W,0,-6.414255,0.08465719223022461,0.8100000023841858,0.8758000135421753
YDL083C,YPR163C,0,-6.4147596,0.08464834094047546,0.8100000023841858,0.8758999705314636
YIL103W,YDR137W,0,-6.415308,0.08463949710130692,0.8100000023841858,0.8759999871253967
YOR346W,YNR002C,0,-6.4164343,0.08463065326213837,0.8100000023841858,0.8761000037193298
YFL039C,YBR127C,1,-6.416471,0.08472628146409988,0.8109999895095825,0.8761000037193298
YLR088W,YJR082C,0,-6.416999,0.08471743762493134,0.8109999895095825,0.8762000203132629
YBR280C,YGR267C,0,-6.4178586,0.08470858633518219,0.8109999895095825,0.8762999773025513
YHR039C-A,YMR054W,1,-6.4179635,0.08480417728424072,0.8119999766349792,0.8762999773025513
YBR153W,YNR016C,0,-6.418039,0.08479531854391098,0.8119999766349792,0.8763999938964844
YOL151W,YML046W,0,-6.418137,0.08478646725416183,0.8119999766349792,0.8765000104904175
YMR197C,YIL048W,1,-6.4194965,0.08488202095031738,0.8130000233650208,0.8765000104904175
YOR133W,YCL035C,0,-6.4196143,0.08487316220998764,0.8130000233650208,0.8766000270843506
YPL051W,YBR002C,0,-6.4204464,0.0848643034696579,0.8130000233650208,0.8766999840736389
YJL121C,YLR378C,0,-6.4223113,0.08485544472932816,0.8130000233650208,0.876800000667572
YNL294C,YJL179W,0,-6.422974,0.08484658598899841,0.8130000233650208,0.8769000172615051
YNR003C,YOR330C,0,-6.423017,0.08483773469924927,0.8130000233650208,0.8769999742507935
YER024W,YML029W,0,-6.4233904,0.08482888340950012,0.8130000233650208,0.8770999908447266
YFL055W,YBL008W,0,-6.423844,0.08482003211975098,0.8130000233650208,0.8772000074386597
YBR109C,YFL039C,1,-6.4243655,0.08491550385951996,0.8140000104904175,0.8772000074386597
YER027C,YPR199C,0,-6.424371,0.08490664511919022,0.8140000104904175,0.8773000240325928
YBL099W,YJL196C,0,-6.424574,0.08489778637886047,0.8140000104904175,0.8773999810218811
YCR044C,YOR037W,0,-6.4251275,0.08488893508911133,0.8140000104904175,0.8774999976158142
YJR055W,YJL192C,0,-6.425131,0.08488008379936218,0.8140000104904175,0.8776000142097473
YKL051W,YMR231W,1,-6.4251385,0.08497549593448639,0.8149999976158142,0.8776000142097473
YJL154C,YCR094W,0,-6.4253006,0.08496663719415665,0.8149999976158142,0.8776999711990356
YNL071W,YDL020C,0,-6.4253893,0.0849577784538269,0.8149999976158142,0.8777999877929688
YGL133W,YOL128C,0,-6.4254074,0.08494892716407776,0.8149999976158142,0.8779000043869019
YER149C,YOR078W,0,-6.4256105,0.08494007587432861,0.8149999976158142,0.878000020980835
YFL050C,YOR368W,0,-6.4257903,0.08493122458457947,0.8149999976158142,0.8780999779701233
YER148W,YLR008C,0,-6.42632,0.08492237329483032,0.8149999976158142,0.8781999945640564
YNL012W,YIL035C,0,-6.4265842,0.08491352200508118,0.8149999976158142,0.8783000111579895
YDL028C,YIL122W,0,-6.4280615,0.08490467816591263,0.8149999976158142,0.8784000277519226
YPR057W,YML095C,0,-6.428073,0.08489583432674408,0.8149999976158142,0.8784999847412109
YLR447C,YBR109C,1,-6.428624,0.08499114960432053,0.8159999847412109,0.8784999847412109
YDR460W,YNL253W,0,-6.4289374,0.08498229831457138,0.8159999847412109,0.878600001335144
YIL159W,YGR029W,0,-6.429139,0.08497344702482224,0.8159999847412109,0.8787000179290771
YNR023W,YIR008C,0,-6.4291763,0.08496459573507309,0.8159999847412109,0.8787999749183655
YPL053C,YOL061W,0,-6.429742,0.08495575189590454,0.8159999847412109,0.8788999915122986
YJL154C,YCR047C,0,-6.431111,0.08494690805673599,0.8159999847412109,0.8790000081062317
YJR047C,YBR153W,0,-6.431417,0.08493806421756744,0.8159999847412109,0.8791000247001648
YBR182C,YPR155C,0,-6.4320517,0.08492922782897949,0.8159999847412109,0.8791999816894531
YHR039C-A,YEL013W,1,-6.4321604,0.08502445369958878,0.8169999718666077,0.8791999816894531
YFL004W,YBR109C,1,-6.4322233,0.08511966466903687,0.8180000185966492,0.8791999816894531
YDR411C,YHR152W,0,-6.4340343,0.08511081337928772,0.8180000185966492,0.8792999982833862
YGR007W,YIL103W,0,-6.4345555,0.08510195463895798,0.8180000185966492,0.8794000148773193
YOL164W,YER031C,0,-6.434942,0.08509310334920883,0.8180000185966492,0.8794999718666077
YDR069C,YNL288W,0,-6.435188,0.08508425205945969,0.8180000185966492,0.8795999884605408
YML067C,YHR001W-A,0,-6.436138,0.08507540076971054,0.8180000185966492,0.8797000050544739
YFR050C,YDL235C,0,-6.4368377,0.08506655693054199,0.8180000185966492,0.879800021648407
YLR170C,YOR226C,0,-6.4377966,0.08505771309137344,0.8180000185966492,0.8798999786376953
YIR037W,YBR082C,0,-6.4380283,0.0850488692522049,0.8180000185966492,0.8799999952316284
YOR061W,YER164W,0,-6.4383135,0.08504002541303635,0.8180000185966492,0.8801000118255615
YJR103W,YPR010C,0,-6.4392357,0.0850311815738678,0.8180000185966492,0.8802000284194946
YGR253C,YIL016W,0,-6.4394946,0.08502234518527985,0.8180000185966492,0.880299985408783
YIR015W,YBR275C,0,-6.439605,0.0850135087966919,0.8180000185966492,0.8804000020027161
YGL219C,YBR196C,0,-6.4396915,0.08500467985868454,0.8180000185966492,0.8805000185966492
YFL018C,YGL246C,0,-6.440052,0.08499584347009659,0.8180000185966492,0.8805999755859375
YFL036W,YCR081W,0,-6.440442,0.08498701453208923,0.8180000185966492,0.8806999921798706
YKL051W,YBL050W,1,-6.4407015,0.08508206903934479,0.8190000057220459,0.8806999921798706
YLR272C,YAL010C,0,-6.4410124,0.08507323265075684,0.8190000057220459,0.8808000087738037
YGL111W,YPR120C,0,-6.441079,0.08506439626216888,0.8190000057220459,0.8809000253677368
YML097C,YNL003C,0,-6.442121,0.08505555987358093,0.8190000057220459,0.8809999823570251
YPR036W,YDR328C,1,-6.443242,0.0851505696773529,0.8199999928474426,0.8809999823570251
YOL115W,YPL266W,0,-6.443626,0.08514173328876495,0.8199999928474426,0.8810999989509583
YOR109W,YPL180W,0,-6.4437714,0.0851328894495964,0.8199999928474426,0.8812000155448914
YCL067C,YDL120W,0,-6.444566,0.08512405306100845,0.8199999928474426,0.8812999725341797
YBL016W,YOR171C,0,-6.444786,0.0851152166724205,0.8199999928474426,0.8813999891281128
YDR202C,YLR396C,1,-6.4449453,0.0852101743221283,0.8209999799728394,0.8813999891281128
YIL125W,YJL098W,0,-6.445104,0.08520133048295975,0.8209999799728394,0.8815000057220459
YOL143C,YML116W,0,-6.445145,0.0851924866437912,0.8209999799728394,0.881600022315979
YHR061C,YDL045C,0,-6.4451756,0.08518365025520325,0.8209999799728394,0.8816999793052673
YGR094W,YDR385W,0,-6.445323,0.0851748138666153,0.8209999799728394,0.8817999958992004
YKR026C,YBR215W,0,-6.445796,0.08516597747802734,0.8209999799728394,0.8819000124931335
YLR324W,YPR080W,0,-6.4466558,0.08515714108943939,0.8209999799728394,0.8820000290870667
YKL052C,YLR105C,0,-6.4468393,0.08514831215143204,0.8209999799728394,0.882099986076355
YJL111W,YOR216C,0,-6.4471693,0.08513947576284409,0.8209999799728394,0.8822000026702881
YGR135W,YHR004C,0,-6.4472756,0.08513065427541733,0.8209999799728394,0.8823000192642212
YBR092C,YHR171W,0,-6.4472914,0.08512182533740997,0.8209999799728394,0.8823999762535095
YML091C,YDR486C,0,-6.4474254,0.08511300384998322,0.8209999799728394,0.8824999928474426
YNL054W,YBL050W,1,-6.447534,0.08520783483982086,0.8220000267028809,0.8824999928474426
YBR283C,YJR143C,0,-6.4476795,0.08519900590181351,0.8220000267028809,0.8826000094413757
YFR037C,YER105C,0,-6.4478846,0.08519017696380615,0.8220000267028809,0.8827000260353088
YOR212W,YJL052W,0,-6.4482856,0.0851813480257988,0.8220000267028809,0.8827999830245972
YMR143W,YKL140W,0,-6.4487247,0.08517251908779144,0.8220000267028809,0.8828999996185303
YCL004W,YJL106W,0,-6.448745,0.08516369760036469,0.8220000267028809,0.8830000162124634
YLR060W,YBL016W,0,-6.4489822,0.08515487611293793,0.8220000267028809,0.8830999732017517
YDR177W,YLR398C,0,-6.4497957,0.08514605462551117,0.8220000267028809,0.8831999897956848
YNL091W,YMR048W,0,-6.4506564,0.08513723313808441,0.8220000267028809,0.8833000063896179
YMR153W,YMR061W,0,-6.450662,0.08512841910123825,0.8220000267028809,0.883400022983551
YNL084C,YDR353W,0,-6.450775,0.08511960506439209,0.8220000267028809,0.8834999799728394
YEL012W,YAR008W,0,-6.45082,0.08511079102754593,0.8220000267028809,0.8835999965667725
YEL050C,YLR291C,0,-6.450925,0.08510197699069977,0.8220000267028809,0.8837000131607056
YPL045W,YFL039C,1,-6.4511003,0.08519668877124786,0.8230000138282776,0.8837000131607056
YMR119W,YPR199C,0,-6.4511223,0.0851878672838211,0.8230000138282776,0.8838000297546387
YOL109W,YER125W,0,-6.4513655,0.08517905324697495,0.8230000138282776,0.883899986743927
YBR202W,YJL111W,0,-6.4516325,0.08517023921012878,0.8230000138282776,0.8840000033378601
YLR105C,YGR229C,0,-6.4517317,0.08516142517328262,0.8230000138282776,0.8841000199317932
YCR072C,YLR051C,0,-6.45174,0.08515261113643646,0.8230000138282776,0.8841999769210815
YML051W,YEL018W,0,-6.4519587,0.0851438045501709,0.8230000138282776,0.8842999935150146
YDR208W,YIL132C,0,-6.45209,0.08513499796390533,0.8230000138282776,0.8844000101089478
YPL234C,YGR020C,1,-6.4521847,0.08522962033748627,0.8240000009536743,0.8844000101089478
YLR069C,YNL062C,0,-6.4524746,0.0852208063006401,0.8240000009536743,0.8845000267028809
YDR091C,YPL007C,0,-6.452896,0.08521199226379395,0.8240000009536743,0.8845999836921692
YKL208W,YBR170C,0,-6.454194,0.08520318567752838,0.8240000009536743,0.8847000002861023
YER149C,YMR053C,0,-6.4546747,0.08519437909126282,0.8240000009536743,0.8848000168800354
YBL033C,YDR224C,0,-6.454973,0.08518556505441666,0.8240000009536743,0.8848999738693237
YLR447C,YLR043C,1,-6.4550133,0.08528013527393341,0.824999988079071,0.8848999738693237
YNL293W,YIL103W,0,-6.455525,0.08527132123708725,0.824999988079071,0.8849999904632568
YAL056W,YOR297C,0,-6.455909,0.08526250720024109,0.824999988079071,0.8851000070571899
YFL039C,YGL095C,1,-6.4559135,0.08535703271627426,0.8259999752044678,0.8851000070571899
YKL051W,YPL045W,1,-6.456255,0.08545153588056564,0.8270000219345093,0.8851000070571899
YDL088C,YOR011W,0,-6.4564624,0.08544271439313889,0.8270000219345093,0.885200023651123
YKL026C,YHR166C,0,-6.456648,0.08543388545513153,0.8270000219345093,0.8852999806404114
YGR004W,YER105C,0,-6.456876,0.08542505651712418,0.8270000219345093,0.8853999972343445
YGL136C,YPL213W,0,-6.4569626,0.08541623502969742,0.8270000219345093,0.8855000138282776
YKL192C,YDL120W,0,-6.4572163,0.08540741354227066,0.8270000219345093,0.8855999708175659
YMR119W,YLL008W,0,-6.45767,0.0853985920548439,0.8270000219345093,0.885699987411499
YDR268W,YJL154C,0,-6.4579797,0.08538977801799774,0.8270000219345093,0.8858000040054321
YLR043C,YHR174W,1,-6.458084,0.08548420667648315,0.828000009059906,0.8858000040054321
YGR247W,YGR101W,0,-6.458182,0.0854753777384758,0.828000009059906,0.8859000205993652
YMR128W,YGR195W,0,-6.4583783,0.08546655625104904,0.828000009059906,0.8859999775886536
YPL083C,YLR310C,0,-6.4586134,0.08545773476362228,0.828000009059906,0.8860999941825867
YNR015W,YPR010C,0,-6.458844,0.08544891327619553,0.828000009059906,0.8862000107765198
YOR326W,YDR328C,1,-6.4590263,0.08554328978061676,0.8289999961853027,0.8862000107765198
YIL048W,YNL015W,1,-6.4598165,0.0856376364827156,0.8299999833106995,0.8862000107765198
YPR132W,YPL042C,0,-6.4606514,0.08562880754470825,0.8299999833106995,0.8863000273704529
YMR119W,YEL009C,0,-6.4606857,0.0856199711561203,0.8299999833106995,0.8863999843597412
YLR170C,YDR459C,0,-6.460702,0.08561114221811295,0.8299999833106995,0.8865000009536743
YNL079C,YGR020C,1,-6.461054,0.08570544421672821,0.8309999704360962,0.8865000009536743
YHR027C,YLR067C,0,-6.462117,0.08569660782814026,0.8309999704360962,0.8866000175476074
YDL046W,YDR407C,0,-6.462489,0.08568777143955231,0.8309999704360962,0.8866999745368958
YLR277C,YGL004C,0,-6.4625435,0.08567893505096436,0.8309999704360962,0.8867999911308289
YNL325C,YMR213W,0,-6.46259,0.085670106112957,0.8309999704360962,0.886900007724762
YGL067W,YDL165W,0,-6.462756,0.08566126972436905,0.8309999704360962,0.8870000243186951
YHR067W,YGR029W,0,-6.462843,0.0856524407863617,0.8309999704360962,0.8870999813079834
YBR213W,YPL214C,0,-6.463093,0.08564361184835434,0.8309999704360962,0.8871999979019165
YAR019C,YDR172W,0,-6.46428,0.08563479036092758,0.8309999704360962,0.8873000144958496
YLR447C,YDR328C,1,-6.465025,0.08572900295257568,0.8320000171661377,0.8873000144958496
YNL261W,YKL006C-A,0,-6.4653454,0.08572017401456833,0.8320000171661377,0.8873999714851379
YDR075W,YDR515W,0,-6.466013,0.08571134507656097,0.8320000171661377,0.887499988079071
YKL051W,YKL080W,1,-6.466017,0.08580552041530609,0.8330000042915344,0.887499988079071
YDL120W,YKL053C-A,0,-6.466188,0.08579668402671814,0.8330000042915344,0.8876000046730042
YPR110C,YOR388C,0,-6.466445,0.08578784763813019,0.8330000042915344,0.8877000212669373
YNR049C,YGL166W,0,-6.4670725,0.08577901124954224,0.8330000042915344,0.8877999782562256
YIL079C,YOL044W,0,-6.4675636,0.08577018231153488,0.8330000042915344,0.8878999948501587
YCR035C,YLR002C,0,-6.467773,0.08576135337352753,0.8330000042915344,0.8880000114440918
YMR287C,YOR032C,0,-6.467885,0.08575252443552017,0.8330000042915344,0.8881000280380249
YNL129W,YGL061C,0,-6.467907,0.08574369549751282,0.8330000042915344,0.8881999850273132
YLR370C,YAL016W,0,-6.468469,0.08573487401008606,0.8330000042915344,0.8883000016212463
YLR043C,YMR231W,1,-6.468537,0.08582895994186401,0.8339999914169312,0.8883000016212463
YJL080C,YLL019C,0,-6.469141,0.08582013100385666,0.8339999914169312,0.8884000182151794
YNL326C,YNL015W,1,-6.469996,0.08591418713331223,0.8349999785423279,0.8884000182151794
YIL035C,YKL052C,0,-6.470483,0.08590535074472427,0.8349999785423279,0.8884999752044678
YER029C,YER105C,0,-6.4720616,0.08589651435613632,0.8349999785423279,0.8885999917984009
YPL259C,YEL037C,0,-6.4722447,0.08588767796754837,0.8349999785423279,0.888700008392334
YEL019C,YJL196C,0,-6.472287,0.08587884157896042,0.8349999785423279,0.8888000249862671
YOL009C,YOL054W,0,-6.472483,0.08587001264095306,0.8349999785423279,0.8888999819755554
YLR215C,YPL089C,0,-6.4742527,0.08586118370294571,0.8349999785423279,0.8889999985694885
YPR054W,YER015W,0,-6.4743,0.08585235476493835,0.8349999785423279,0.8891000151634216
YJL198W,YPL135W,0,-6.474799,0.085843525826931,0.8349999785423279,0.88919997215271
YIL075C,YCR033W,0,-6.475643,0.08583470433950424,0.8349999785423279,0.8892999887466431
YPL268W,YNL079C,1,-6.4758167,0.08592866361141205,0.8360000252723694,0.8892999887466431
YCR035C,YOR043W,0,-6.476344,0.0859198346734047,0.8360000252723694,0.8894000053405762
YDR162C,YCR063W,0,-6.476611,0.08591100573539734,0.8360000252723694,0.8895000219345093
YNL091W,YDL098C,0,-6.477186,0.08590217679738998,0.8360000252723694,0.8895999789237976
YNL267W,YMR308C,0,-6.4773617,0.08589335530996323,0.8360000252723694,0.8896999955177307
YBR193C,YPL175W,0,-6.4777203,0.08588452637195587,0.8360000252723694,0.8898000121116638
YKR065C,YKL041W,0,-6.4780025,0.08587570488452911,0.8360000252723694,0.8899000287055969
YOR150W,YDR004W,0,-6.4783506,0.08586688339710236,0.8360000252723694,0.8899999856948853
YFL022C,YDR423C,0,-6.4787936,0.0858580693602562,0.8360000252723694,0.8901000022888184
YER095W,YLR285W,0,-6.4794703,0.08584924787282944,0.8360000252723694,0.8902000188827515
YLL035W,YKL049C,0,-6.4797516,0.08584043383598328,0.8360000252723694,0.8902999758720398
YJL005W,YEL002C,0,-6.4802914,0.08583161979913712,0.8360000252723694,0.8903999924659729
YDR272W,YDR057W,0,-6.481223,0.08582281321287155,0.8360000252723694,0.890500009059906
YLR447C,YGR254W,1,-6.4818554,0.08591665327548981,0.8370000123977661,0.890500009059906
YNR011C,YOR193W,0,-6.481972,0.08590783178806305,0.8370000123977661,0.8906000256538391
YCL051W,YHR074W,0,-6.482169,0.08589901775121689,0.8370000123977661,0.8906999826431274
YPL221W,YDR311W,0,-6.4827604,0.08589020371437073,0.8370000123977661,0.8907999992370605
YOR320C,YMR270C,0,-6.4831715,0.08588138967752457,0.8370000123977661,0.8909000158309937
YPL015C,YDR463W,0,-6.483547,0.0858725756406784,0.8370000123977661,0.890999972820282
YOR198C,YLR266C,0,-6.4839234,0.08586376905441284,0.8370000123977661,0.8910999894142151
YBL022C,YHR142W,0,-6.4845743,0.08585496246814728,0.8370000123977661,0.8912000060081482
YBR058C,YBL034C,0,-6.485053,0.08584615588188171,0.8370000123977661,0.8913000226020813
YLR008C,YCL016C,0,-6.4857893,0.08583734929561615,0.8370000123977661,0.8913999795913696
YER095W,YLR264W,0,-6.4861712,0.08582855015993118,0.8370000123977661,0.8914999961853027
YBL099W,YKL046C,0,-6.48643,0.08581975102424622,0.8370000123977661,0.8916000127792358
YOR380W,YMR241W,0,-6.4864364,0.08581095188856125,0.8370000123977661,0.891700029373169
YOL071W,YOR037W,0,-6.487482,0.08580215275287628,0.8370000123977661,0.8917999863624573
YLR105C,YLR113W,0,-6.4875016,0.08579336106777191,0.8370000123977661,0.8919000029563904
YKL139W,YPL190C,0,-6.489613,0.08578456193208694,0.8370000123977661,0.8920000195503235
YBL102W,YJR070C,0,-6.4896154,0.08577577024698257,0.8370000123977661,0.8920999765396118
YIL070C,YJL210W,0,-6.490227,0.0857669860124588,0.8370000123977661,0.8921999931335449
YNL207W,YBR170C,0,-6.4917727,0.08575819432735443,0.8370000123977661,0.892300009727478
YFL038C,YMR246W,0,-6.4927216,0.08574941009283066,0.8370000123977661,0.8924000263214111
YIR011C,YJR017C,0,-6.4927483,0.08574062585830688,0.8370000123977661,0.8924999833106995
YNL084C,YNL048W,0,-6.493078,0.08573184162378311,0.8370000123977661,0.8925999999046326
YNL297C,YPR140W,0,-6.494827,0.08572306483983994,0.8370000123977661,0.8927000164985657
YHR001W,YOR153W,0,-6.495934,0.08571428805589676,0.8370000123977661,0.892799973487854
YNL201C,YKL108W,0,-6.4962654,0.08570551127195358,0.8370000123977661,0.8928999900817871
YDR512C,YIL049W,0,-6.496356,0.0856967344880104,0.8370000123977661,0.8930000066757202
YNL275W,YMR236W,0,-6.4966416,0.08568795770406723,0.8370000123977661,0.8931000232696533
YNL049C,YIL070C,0,-6.496663,0.08567918837070465,0.8370000123977661,0.8931999802589417
YNR038W,YNL001W,0,-6.4979343,0.08567041903734207,0.8370000123977661,0.8932999968528748
YGL078C,YDL097C,0,-6.498398,0.08566164970397949,0.8370000123977661,0.8934000134468079
YBR109C,YGR020C,1,-6.4985504,0.08575522154569626,0.8379999995231628,0.8934000134468079
YPR086W,YHR096C,0,-6.498831,0.08574644476175308,0.8379999995231628,0.8934999704360962
YBR042C,YNL259C,0,-6.49971,0.0857376679778099,0.8379999995231628,0.8935999870300293
YMR073C,YDR292C,0,-6.4999676,0.08572889864444733,0.8379999995231628,0.8937000036239624
YHR038W,YNL282W,0,-6.500898,0.08572012931108475,0.8379999995231628,0.8938000202178955
YOL049W,YLR016C,0,-6.5009384,0.08571135997772217,0.8379999995231628,0.8938999772071838
YKR065C,YDR518W,0,-6.501997,0.08570259809494019,0.8379999995231628,0.8939999938011169
YJL047C,YOL010W,0,-6.502001,0.0856938362121582,0.8379999995231628,0.89410001039505
YOR180C,YPL075W,0,-6.5025063,0.08568507432937622,0.8379999995231628,0.8942000269889832
YFR033C,YLR438C-A,0,-6.5025077,0.08567631244659424,0.8379999995231628,0.8942999839782715
YDR532C,YGR206W,0,-6.5026283,0.08566755056381226,0.8379999995231628,0.8944000005722046
YBR169C,YNL085W,0,-6.50279,0.08565879613161087,0.8379999995231628,0.8945000171661377
YOL097C,YNL064C,0,-6.5033484,0.08565004169940948,0.8379999995231628,0.894599974155426
YPL243W,YDR156W,0,-6.5036035,0.0856412872672081,0.8379999995231628,0.8946999907493591
YOR253W,YDL052C,0,-6.5037355,0.08563253283500671,0.8379999995231628,0.8948000073432922
YNL264C,YDR494W,0,-6.503965,0.08562378585338593,0.8379999995231628,0.8949000239372253
YGR195W,YKL112W,0,-6.504691,0.08561503887176514,0.8379999995231628,0.8949999809265137
YNL027W,YMR298W,0,-6.504938,0.08560629189014435,0.8379999995231628,0.8950999975204468
YML091C,YML023C,0,-6.505475,0.08559754490852356,0.8379999995231628,0.8952000141143799
YGL058W,YGL126W,0,-6.5055947,0.08558880537748337,0.8379999995231628,0.8952999711036682
YHR194W,YER155C,0,-6.505619,0.08558006584644318,0.8379999995231628,0.8953999876976013
YNL054W,YHR060W,1,-6.50632,0.08567343652248383,0.8389999866485596,0.8953999876976013
YCL004W,YDR422C,0,-6.506322,0.08566468954086304,0.8389999866485596,0.8955000042915344
YKL051W,YNL015W,1,-6.5065665,0.0857580378651619,0.8399999737739563,0.8955000042915344
YML051W,YLR424W,0,-6.507159,0.08574928343296051,0.8399999737739563,0.8956000208854675
YBR109C,YGL095C,1,-6.5072794,0.08584260195493698,0.8410000205039978,0.8956000208854675
YPL268W,YBR109C,1,-6.5077972,0.08593590557575226,0.8420000076293945,0.8956000208854675
YLR138W,YOR368W,0,-6.5081244,0.08592713624238968,0.8420000076293945,0.8956999778747559
YPR198W,YOR327C,0,-6.5084205,0.0859183669090271,0.8420000076293945,0.895799994468689
YNL314W,YCR057C,0,-6.5086164,0.08590959757566452,0.8420000076293945,0.8959000110626221
YLL027W,YPR125W,0,-6.5086184,0.08590083569288254,0.8420000076293945,0.8960000276565552
YBL057C,YGR078C,0,-6.508952,0.08589207381010056,0.8420000076293945,0.8960999846458435
YDR172W,YHR135C,0,-6.50948,0.08588331192731857,0.8420000076293945,0.8962000012397766
YJR143C,YMR184W,0,-6.5095673,0.08587455749511719,0.8420000076293945,0.8963000178337097
YGR254W,YEL051W,1,-6.509631,0.0859677717089653,0.8429999947547913,0.8963000178337097
YDR529C,YOR061W,0,-6.5109024,0.08595900982618332,0.8429999947547913,0.896399974822998
YGL155W,YPL119C,0,-6.5115385,0.08595024794340134,0.8429999947547913,0.8964999914169312
YLR453C,YGL143C,0,-6.51219,0.08594147861003876,0.8429999947547913,0.8966000080108643
YIL110W,YPR100W,0,-6.5123305,0.08593272417783737,0.8429999947547913,0.8967000246047974
YDL243C,YLR291C,0,-6.5126896,0.08592396229505539,0.8429999947547913,0.8967999815940857
YDR017C,YGL095C,1,-6.51427,0.08601712435483932,0.843999981880188,0.8967999815940857
YHR039C-A,YKL051W,1,-6.514677,0.08611026406288147,0.8450000286102295,0.8967999815940857
YNL072W,YPL208W,0,-6.5148897,0.0861014872789383,0.8450000286102295,0.8968999981880188
YGL073W,YDR358W,0,-6.5151873,0.08609271794557571,0.8450000286102295,0.8970000147819519
YDR083W,YOL010W,0,-6.5159526,0.08608394116163254,0.8450000286102295,0.8970999717712402
YEL030W,YER105C,0,-6.516203,0.08607517927885056,0.8450000286102295,0.8971999883651733
YDR311W,YML099C,0,-6.517235,0.08606640994548798,0.8450000286102295,0.8973000049591064
YDL212W,YCR034W,0,-6.517256,0.0860576406121254,0.8450000286102295,0.8974000215530396
YMR081C,YNL075W,0,-6.517686,0.08604887872934341,0.8450000286102295,0.8974999785423279
YKR042W,YLR459W,0,-6.517926,0.08604011684656143,0.8450000286102295,0.897599995136261
YOR310C,YDR284C,0,-6.5181923,0.08603135496377945,0.8450000286102295,0.8977000117301941
YNL116W,YNL135C,0,-6.5182548,0.08602260053157806,0.8450000286102295,0.8978000283241272
YGL017W,YOR037W,0,-6.518478,0.08601384609937668,0.8450000286102295,0.8978999853134155
YKL141W,YIL135C,0,-6.518485,0.08600509166717529,0.8450000286102295,0.8980000019073486
YER029C,YKL048C,0,-6.5188065,0.08599633723497391,0.8450000286102295,0.8981000185012817
YOL116W,YDR364C,0,-6.5191135,0.08598758280277252,0.8450000286102295,0.8981999754905701
YLR163C,YCR047C,0,-6.5192738,0.08597883582115173,0.8450000286102295,0.8982999920845032
YKR038C,YLR193C,0,-6.519356,0.08597008883953094,0.8450000286102295,0.8984000086784363
YNL230C,YKL145W,0,-6.5196877,0.08596134185791016,0.8450000286102295,0.8985000252723694
YIR015W,YDR062W,0,-6.5200224,0.08595260232686996,0.8450000286102295,0.8985999822616577
YNL088W,YOR151C,0,-6.520726,0.08594385534524918,0.8450000286102295,0.8986999988555908
YLR368W,YLR182W,0,-6.5220666,0.08593511581420898,0.8450000286102295,0.8988000154495239
YMR276W,YMR109W,0,-6.5226197,0.08592637628316879,0.8450000286102295,0.8988999724388123
YDR217C,YDL092W,0,-6.523181,0.0859176442027092,0.8450000286102295,0.8989999890327454
YOR004W,YGR085C,0,-6.5235167,0.085908904671669,0.8450000286102295,0.8991000056266785
YJL179W,YLR254C,0,-6.523557,0.08590017259120941,0.8450000286102295,0.8992000222206116
YMR083W,YPL258C,0,-6.5242753,0.08589144051074982,0.8450000286102295,0.8992999792098999
YJR007W,YER159C,0,-6.524684,0.08588270843029022,0.8450000286102295,0.899399995803833
YNL071W,YHR053C,0,-6.525386,0.08587398380041122,0.8450000286102295,0.8995000123977661
YHR203C,YMR311C,0,-6.5259676,0.08586525917053223,0.8450000286102295,0.8996000289916992
YNL225C,YPL010W,0,-6.526734,0.08585653454065323,0.8450000286102295,0.8996999859809875
YDR484W,YKL022C,0,-6.5268135,0.08584780991077423,0.8450000286102295,0.8998000025749207
YNL080C,YPL154C,0,-6.5275745,0.08583909273147583,0.8450000286102295,0.8999000191688538
YMR005W,YNL075W,0,-6.5283647,0.08583036810159683,0.8450000286102295,0.8999999761581421
YLR396C,YNL326C,1,-6.5284014,0.0859232172369957,0.8460000157356262,0.8999999761581421
YGR254W,YGR020C,1,-6.5286565,0.08601604402065277,0.847000002861023,0.8999999761581421
YNL261W,YBR050C,0,-6.5287333,0.08600731194019318,0.847000002861023,0.9000999927520752
YCL055W,YGL243W,0,-6.5289207,0.08599857985973358,0.847000002861023,0.9002000093460083
YMR197C,YKL119C,1,-6.529164,0.08609136939048767,0.8479999899864197,0.9002000093460083
YOR298C-A,YOR011W,0,-6.529169,0.08608262985944748,0.8479999899864197,0.9003000259399414
YLR113W,YGR284C,0,-6.5293245,0.08607389032840729,0.8479999899864197,0.9003999829292297
YOR126C,YDR376W,0,-6.5294213,0.08606515824794769,0.8479999899864197,0.9004999995231628
YGL073W,YML099C,0,-6.5294714,0.0860564261674881,0.8479999899864197,0.900600016117096
YHR030C,YFR003C,0,-6.529949,0.0860476940870285,0.8479999899864197,0.9006999731063843
YPL093W,YGL053W,0,-6.5299664,0.08603896200656891,0.8479999899864197,0.9007999897003174
YBR237W,YDR110W,0,-6.530322,0.08603022992610931,0.8479999899864197,0.9009000062942505
YOR162C,YDR021W,0,-6.530558,0.08602150529623032,0.8479999899864197,0.9010000228881836
YER051W,YDL135C,0,-6.5308523,0.08601278066635132,0.8479999899864197,0.9010999798774719
YOL093W,YBL055C,0,-6.531921,0.08600405603647232,0.8479999899864197,0.901199996471405
YKR003W,YJR013W,0,-6.532049,0.08599533885717392,0.8479999899864197,0.9013000130653381
YPL232W,YPL227C,0,-6.5324693,0.08598661422729492,0.8479999899864197,0.9014000296592712
YMR285C,YFR048W,0,-6.53308,0.08597789704799652,0.8479999899864197,0.9014999866485596
YDR264C,YIL135C,0,-6.5332246,0.08596917986869812,0.8479999899864197,0.9016000032424927
YKR036C,YOL071W,0,-6.533529,0.08596046268939972,0.8479999899864197,0.9017000198364258
YCR081W,YMR213W,0,-6.5337358,0.08595175296068192,0.8479999899864197,0.9017999768257141
YDR477W,YKL012W,0,-6.5338626,0.08594304323196411,0.8479999899864197,0.9018999934196472
YNL268W,YPL193W,0,-6.534163,0.08593433350324631,0.8479999899864197,0.9020000100135803
YGL058W,YKL110C,0,-6.5346165,0.0859256237745285,0.8479999899864197,0.9021000266075134
YOR132W,YJL164C,0,-6.5349402,0.0859169214963913,0.8479999899864197,0.9021999835968018
YLR396C,YMR231W,1,-6.535016,0.08600952476263046,0.8489999771118164,0.9021999835968018
YLR043C,YHR026W,1,-6.535709,0.08610210567712784,0.8500000238418579,0.9021999835968018
YKL080W,YHR174W,1,-6.536063,0.08619467169046402,0.8510000109672546,0.9021999835968018
YKL085W,YHR013C,0,-6.5370026,0.08618593961000443,0.8510000109672546,0.9023000001907349
YHR152W,YER052C,0,-6.5372877,0.08617721498012543,0.8510000109672546,0.902400016784668
YBR223C,YDR052C,0,-6.537822,0.08616849035024643,0.8510000109672546,0.9024999737739563
YLR163C,YDL120W,0,-6.5389633,0.08615976572036743,0.8510000109672546,0.9025999903678894
YOL123W,YOL071W,0,-6.5391545,0.08615104109048843,0.8510000109672546,0.9027000069618225
YOR136W,YMR243C,0,-6.539615,0.08614232391119003,0.8510000109672546,0.9028000235557556
YNL015W,YHR174W,1,-6.5398817,0.08623481541872025,0.8519999980926514,0.9028000235557556
YMR014W,YML121W,0,-6.541462,0.08622609078884125,0.8519999980926514,0.902899980545044
YOL059W,YCL001W,0,-6.541671,0.08621736615896225,0.8519999980926514,0.902999997138977
YFL022C,YOL117W,0,-6.5417895,0.08620864152908325,0.8519999980926514,0.9031000137329102
YHR026W,YNL015W,1,-6.5418053,0.08630109578371048,0.8529999852180481,0.9031000137329102
YDL181W,YAL033W,0,-6.542077,0.08629236370325089,0.8529999852180481,0.9031999707221985
YEL003W,YOR122C,0,-6.542124,0.08628363162279129,0.8529999852180481,0.9032999873161316
YOR160W,YNL031C,0,-6.542157,0.08627490699291229,0.8529999852180481,0.9034000039100647
YDR017C,YNL054W,1,-6.5435467,0.08636731654405594,0.8539999723434448,0.9034000039100647
YKR014C,YPL128C,0,-6.5437474,0.08635857701301575,0.8539999723434448,0.9035000205039978
YBR059C,YNL169C,0,-6.544051,0.08634984493255615,0.8539999723434448,0.9035999774932861
YLL022C,YDL188C,0,-6.544215,0.08634112030267715,0.8539999723434448,0.9036999940872192
YNL326C,YNL079C,1,-6.5447617,0.08643348515033722,0.8550000190734863,0.9036999940872192
YOR281C,YHR161C,0,-6.5449944,0.08642474561929703,0.8550000190734863,0.9038000106811523
YMR197C,YGR020C,1,-6.545047,0.0865170806646347,0.8560000061988831,0.9038000106811523
YKR085C,YPL129W,0,-6.545472,0.08650834113359451,0.8560000061988831,0.9039000272750854
YMR054W,YBR127C,1,-6.54568,0.0866006463766098,0.8569999933242798,0.9039000272750854
YBR155W,YOR122C,0,-6.54581,0.08659189939498901,0.8569999933242798,0.9039999842643738
YKL175W,YCR020W-B,0,-6.54595,0.08658314496278763,0.8569999933242798,0.9041000008583069
YKL032C,YER145C,0,-6.5459785,0.08657439798116684,0.8569999933242798,0.90420001745224
YBR109C,YPL045W,1,-6.5463753,0.08666666597127914,0.8579999804496765,0.90420001745224
YGL058W,YNR007C,0,-6.54639,0.08665791153907776,0.8579999804496765,0.9042999744415283
YMR013C,YBR173C,0,-6.5473533,0.08664916455745697,0.8579999804496765,0.9043999910354614
YDL015C,YGR206W,0,-6.5476303,0.08664041012525558,0.8579999804496765,0.9045000076293945
YLR423C,YDL197C,0,-6.5486293,0.0866316631436348,0.8579999804496765,0.9046000242233276
YMR281W,YLR231C,0,-6.548714,0.08662291616201401,0.8579999804496765,0.904699981212616
YPL232W,YGR002C,0,-6.549076,0.08661417663097382,0.8579999804496765,0.9047999978065491
YLR215C,YKR072C,0,-6.549081,0.08660542964935303,0.8579999804496765,0.9049000144004822
YER146W,YNR002C,0,-6.5493145,0.08659669011831284,0.8579999804496765,0.9049999713897705
YBL080C,YKL034W,0,-6.5494146,0.08658795058727264,0.8579999804496765,0.9050999879837036
YPR056W,YOR179C,0,-6.5494328,0.08657921105623245,0.8579999804496765,0.9052000045776367
YOL146W,YEL060C,0,-6.549944,0.08657047897577286,0.8579999804496765,0.9053000211715698
YDR200C,YNR017W,0,-6.5507507,0.08656174689531326,0.8579999804496765,0.9053999781608582
YDR353W,YLR417W,0,-6.55151,0.08655301481485367,0.8579999804496765,0.9054999947547913
YKL051W,YOR332W,1,-6.5520506,0.08664514869451523,0.859000027179718,0.9054999947547913
YBR010W,YKL056C,0,-6.5521307,0.08663640916347504,0.859000027179718,0.9056000113487244
YDR328C,YGR020C,1,-6.552334,0.0867285206913948,0.8600000143051147,0.9056000113487244
YOL042W,YNL003C,0,-6.553158,0.08671977370977402,0.8600000143051147,0.9057000279426575
YHR115C,YMR021C,0,-6.554913,0.08671102672815323,0.8600000143051147,0.9057999849319458
YGR209C,YHR174W,1,-6.5551863,0.08680310845375061,0.8610000014305115,0.9057999849319458
YNL064C,YDR079W,0,-6.55536,0.08679435402154922,0.8610000014305115,0.9059000015258789
YPL217C,YMR250W,0,-6.556041,0.08678560703992844,0.8610000014305115,0.906000018119812
YGR014W,YDL108W,0,-6.556228,0.08677686005830765,0.8610000014305115,0.9060999751091003
YNL294C,YLR067C,0,-6.5569124,0.08676811307668686,0.8610000014305115,0.9061999917030334
YLL027W,YML088W,0,-6.557007,0.08675937354564667,0.8610000014305115,0.9063000082969666
YPL112C,YOR257W,0,-6.5577707,0.08675062656402588,0.8610000014305115,0.9064000248908997
YLR172C,YBR265W,0,-6.55786,0.08674188703298569,0.8610000014305115,0.906499981880188
YDR142C,YPL193W,0,-6.5580187,0.08673315495252609,0.8610000014305115,0.9065999984741211
YLR043C,YKL119C,1,-6.5581217,0.08682513982057571,0.8619999885559082,0.9065999984741211
YMR143W,YJR065C,0,-6.558329,0.08681639283895493,0.8619999885559082,0.9067000150680542
YGL066W,YPL065W,0,-6.5586634,0.08680765330791473,0.8619999885559082,0.9067999720573425
YKL007W,YBR015C,0,-6.558773,0.08679891377687454,0.8619999885559082,0.9068999886512756
YLR396C,YPL268W,1,-6.559016,0.08689086139202118,0.8629999756813049,0.9068999886512756
YHR085W,YFL021W,0,-6.559289,0.0868821069598198,0.8629999756813049,0.9070000052452087
YER148W,YER027C,0,-6.5595818,0.0868733674287796,0.8629999756813049,0.9071000218391418
YOL064C,YER142C,0,-6.5598364,0.08686462044715881,0.8629999756813049,0.9071999788284302
YLL035W,YBR170C,0,-6.560982,0.08685588091611862,0.8629999756813049,0.9072999954223633
YOR035C,YGL106W,0,-6.5610595,0.08684713393449783,0.8629999756813049,0.9074000120162964
YGR216C,YDR073W,0,-6.561249,0.08683839440345764,0.8629999756813049,0.9075000286102295
YKL026C,YHR001W-A,0,-6.561345,0.08682966232299805,0.8629999756813049,0.9075999855995178
YPL139C,YPL101W,0,-6.5614085,0.08682092279195786,0.8629999756813049,0.9077000021934509
YJL157C,YDR060W,0,-6.562228,0.08681219071149826,0.8629999756813049,0.907800018787384
YDR483W,YHR205W,0,-6.5623074,0.08680345863103867,0.8629999756813049,0.9078999757766724
YFR050C,YDR101C,0,-6.5625815,0.08679472655057907,0.8629999756813049,0.9079999923706055
YER177W,YNR016C,0,-6.5626354,0.08678600192070007,0.8629999756813049,0.9081000089645386
YLR043C,YMR054W,1,-6.5629387,0.08687783032655716,0.8640000224113464,0.9081000089645386
YJL012C,YBL050W,1,-6.5629463,0.08696963638067245,0.8650000095367432,0.9081000089645386
YOL003C,YCR037C,0,-6.5632105,0.08696088939905167,0.8650000095367432,0.9082000255584717
YPL097W,YEL063C,0,-6.5632753,0.08695214986801147,0.8650000095367432,0.90829998254776
YJL005W,YDR311W,0,-6.5639105,0.08694341033697128,0.8650000095367432,0.9083999991416931
YBR086C,YHR041C,0,-6.5644784,0.08693467080593109,0.8650000095367432,0.9085000157356262
YNL261W,YIL068C,0,-6.5649204,0.0869259387254715,0.8650000095367432,0.9085999727249146
YMR142C,YLR183C,0,-6.565173,0.0869171991944313,0.8650000095367432,0.9086999893188477
YKL191W,YPL217C,0,-6.566252,0.08690846711397171,0.8650000095367432,0.9088000059127808
YMR281W,YER148W,0,-6.5668907,0.08689974248409271,0.8650000095367432,0.9089000225067139
YOR281C,YAL059W,0,-6.5672054,0.08689101040363312,0.8650000095367432,0.9089999794960022
YOR168W,YDL150W,0,-6.5676017,0.08688227832317352,0.8650000095367432,0.9090999960899353
YDR532C,YHR041C,0,-6.5676136,0.08687355369329453,0.8650000095367432,0.9092000126838684
YMR197C,YPR036W,1,-6.5682545,0.08696525543928146,0.8659999966621399,0.9092000126838684
YHR171W,YDR341C,0,-6.568328,0.08695652335882187,0.8659999966621399,0.9093000292778015
YOL072W,YJL058C,0,-6.568714,0.08694779127836227,0.8659999966621399,0.9093999862670898
YHR102W,YOL063C,0,-6.569993,0.08693905919790268,0.8659999966621399,0.909500002861023
YBR223C,YPR073C,0,-6.570449,0.08693033456802368,0.8659999966621399,0.909600019454956
YDR177W,YOR304W,0,-6.5705395,0.08692160993814468,0.8659999966621399,0.9096999764442444
YGL191W,YPL012W,0,-6.5721874,0.08691288530826569,0.8659999966621399,0.9097999930381775
YER151C,YNL009W,0,-6.572363,0.08690416812896729,0.8659999966621399,0.9099000096321106
YDL135C,YIR026C,0,-6.573435,0.08689544349908829,0.8659999966621399,0.9100000262260437
YPR036W,YBR127C,1,-6.57432,0.08698705583810806,0.8669999837875366,0.9100000262260437
YHR050W,YOR198C,0,-6.574403,0.08697833120822906,0.8669999837875366,0.910099983215332
YBR234C,YPR074C,0,-6.5745215,0.08696960657835007,0.8669999837875366,0.9101999998092651
YGL187C,YMR182C,0,-6.5746603,0.08696088194847107,0.8669999837875366,0.9103000164031982
YMR097C,YDR499W,0,-6.574671,0.08695216476917267,0.8669999837875366,0.9103999733924866
YMR119W,YNL216W,0,-6.5759354,0.08694344013929367,0.8669999837875366,0.9104999899864197
YBL016W,YJR121W,0,-6.576235,0.08693472295999527,0.8669999837875366,0.9106000065803528
YDR194C,YNL239W,0,-6.5778084,0.08692600578069687,0.8669999837875366,0.9107000231742859
YMR167W,YEL061C,0,-6.577887,0.08691729605197906,0.8669999837875366,0.9107999801635742
YDR073W,YLR285W,0,-6.5779862,0.08690857887268066,0.8669999837875366,0.9108999967575073
YMR231W,YEL013W,1,-6.578556,0.08700010180473328,0.8679999709129333,0.9108999967575073
YLL026W,YOR036W,0,-6.579805,0.08699138462543488,0.8679999709129333,0.9110000133514404
YBL078C,YLR221C,0,-6.5799165,0.08698265999555588,0.8679999709129333,0.9110999703407288
YCR063W,YGR047C,0,-6.580474,0.08697395026683807,0.8679999709129333,0.9111999869346619
YJR046W,YDR103W,0,-6.580921,0.08696523308753967,0.8679999709129333,0.911300003528595
YPR056W,YBR023C,0,-6.5810504,0.08695652335882187,0.8679999709129333,0.9114000201225281
YLR110C,YKL179C,0,-6.5816436,0.08694781363010406,0.8679999709129333,0.9114999771118164
YLR394W,YHR178W,0,-6.5818443,0.08693910390138626,0.8679999709129333,0.9115999937057495
YMR091C,YDR470C,0,-6.582384,0.08693039417266846,0.8679999709129333,0.9117000102996826
YGL144C,YGL130W,0,-6.583695,0.08692169189453125,0.8679999709129333,0.9118000268936157
YER143W,YOR149C,0,-6.5841904,0.08691298961639404,0.8679999709129333,0.911899983882904
YDR177W,YLR207W,0,-6.585287,0.08690428733825684,0.8679999709129333,0.9120000004768372
YPL049C,YNL044W,0,-6.58625,0.08689558506011963,0.8679999709129333,0.9121000170707703
YLR447C,YLR148W,1,-6.586377,0.08698698878288269,0.8690000176429749,0.9121000170707703
YGL073W,YAL029C,0,-6.5864286,0.08697827905416489,0.8690000176429749,0.9121999740600586
YBR179C,YBR258C,0,-6.587213,0.08696957677602768,0.8690000176429749,0.9122999906539917
YBR059C,YJL024C,0,-6.587227,0.08696087449789047,0.8690000176429749,0.9124000072479248
YLR095C,YDL188C,0,-6.5874825,0.08695217221975327,0.8690000176429749,0.9125000238418579
YDR322C-A,YDL092W,0,-6.587492,0.08694346994161606,0.8690000176429749,0.9125999808311462
YOL113W,YJL100W,0,-6.587511,0.08693477511405945,0.8690000176429749,0.9126999974250793
YGL190C,YNL053W,0,-6.588138,0.08692608028650284,0.8690000176429749,0.9128000140190125
YMR197C,YPL268W,1,-6.588291,0.08701740205287933,0.8700000047683716,0.9128000140190125
YEL013W,YNL015W,1,-6.5891404,0.08710870891809464,0.8709999918937683,0.9128000140190125
YOL003C,YDL244W,0,-6.5922403,0.08709999918937683,0.8709999918937683,0.9128999710083008
YHR096C,YBR079C,0,-6.5932307,0.08709128946065903,0.8709999918937683,0.9129999876022339
YDL226C,YLL015W,0,-6.5936213,0.08708258718252182,0.8709999918937683,0.913100004196167
YLR148W,YLR240W,1,-6.594117,0.08717384934425354,0.871999979019165,0.913100004196167
YPL101W,YOL016C,0,-6.594423,0.08716513216495514,0.871999979019165,0.9132000207901001
YMR100W,YOR363C,0,-6.595012,0.08715642243623734,0.871999979019165,0.9132999777793884
YDR208W,YGR003W,0,-6.595789,0.08714771270751953,0.871999979019165,0.9133999943733215
YPL087W,YGR222W,0,-6.5958004,0.08713900297880173,0.871999979019165,0.9135000109672546
YLR043C,YBL050W,1,-6.595822,0.08723021298646927,0.8730000257492065,0.9135000109672546
YDR069C,YOR261C,0,-6.5963326,0.08722150325775146,0.8730000257492065,0.9136000275611877
YGR209C,YNL015W,1,-6.5974264,0.08731269091367722,0.8740000128746033,0.9136000275611877
YOL039W,YHR006W,0,-6.59752,0.08730396628379822,0.8740000128746033,0.9136999845504761
YMR231W,YHR174W,1,-6.598159,0.08739512413740158,0.875,0.9136999845504761
YLR447C,YPR036W,1,-6.598897,0.08748626708984375,0.8759999871253967,0.9136999845504761
YOR005C,YJR065C,0,-6.5993795,0.08747753500938416,0.8759999871253967,0.9138000011444092
YDR303C,YNL085W,0,-6.6001225,0.08746879547834396,0.8759999871253967,0.9139000177383423
YMR314W,YFR014C,0,-6.6005754,0.08746006339788437,0.8759999871253967,0.9139999747276306
YLL035W,YIL125W,0,-6.6010876,0.08745133131742477,0.8759999871253967,0.9140999913215637
YLR355C,YDR289C,0,-6.601329,0.08744260668754578,0.8759999871253967,0.9142000079154968
YGR129W,YDR439W,0,-6.6013794,0.08743387460708618,0.8759999871253967,0.9143000245094299
YBR236C,YDL080C,0,-6.602144,0.08742514997720718,0.8759999871253967,0.9143999814987183
YKL085W,YGL120C,0,-6.6028204,0.08741642534732819,0.8759999871253967,0.9144999980926514
YDR377W,YDL052C,0,-6.6029625,0.08740770071744919,0.8759999871253967,0.9146000146865845
YOL072W,YLR266C,0,-6.6030464,0.08739898353815079,0.8759999871253967,0.9146999716758728
YAL053W,YOL011W,0,-6.6043444,0.08739026635885239,0.8759999871253967,0.9147999882698059
YDR211W,YER054C,0,-6.6051683,0.08738154917955399,0.8759999871253967,0.914900004863739
YNL169C,YJL154C,0,-6.6053495,0.08737283200025558,0.8759999871253967,0.9150000214576721
YNR006W,YGR220C,0,-6.606083,0.08736411482095718,0.8759999871253967,0.9150999784469604
YPR052C,YPL203W,0,-6.6062346,0.08735540509223938,0.8759999871253967,0.9151999950408936
YNL167C,YGL150C,0,-6.606421,0.08734669536352158,0.8759999871253967,0.9153000116348267
YGR172C,YML067C,0,-6.606427,0.08733798563480377,0.8759999871253967,0.9154000282287598
YBR205W,YPL258C,0,-6.6067805,0.08732927590608597,0.8759999871253967,0.9154999852180481
YDR123C,YER022W,0,-6.6073775,0.08732057362794876,0.8759999871253967,0.9156000018119812
YLR085C,YNL262W,0,-6.6077223,0.08731187134981155,0.8759999871253967,0.9157000184059143
YLR181C,YDR459C,0,-6.607815,0.08730316907167435,0.8759999871253967,0.9157999753952026
YOR098C,YPR165W,0,-6.6078367,0.08729446679353714,0.8759999871253967,0.9158999919891357
YBR175W,YKR046C,0,-6.608992,0.08728577196598053,0.8759999871253967,0.9160000085830688
YJL076W,YGR002C,0,-6.609104,0.08727707713842392,0.8759999871253967,0.916100025177002
YBR298C,YKL028W,0,-6.6103506,0.08726838231086731,0.8759999871253967,0.9161999821662903
YDL055C,YBL003C,0,-6.610509,0.0872596874833107,0.8759999871253967,0.9162999987602234
YGR007W,YPL266W,0,-6.610819,0.08725099265575409,0.8759999871253967,0.9164000153541565
YDR036C,YDR150W,0,-6.6109715,0.08724230527877808,0.8759999871253967,0.9164999723434448
YKL204W,YER049W,0,-6.6110816,0.08723361790180206,0.8759999871253967,0.9165999889373779
YKL119C,YDR328C,1,-6.612198,0.08732450753450394,0.8769999742507935,0.9165999889373779
YER029C,YGL004C,0,-6.6122746,0.08731581270694733,0.8769999742507935,0.916700005531311
YGR120C,YKR046C,0,-6.6125073,0.08730711787939072,0.8769999742507935,0.9168000221252441
YGL210W,YLR291C,0,-6.6131077,0.0872984305024147,0.8769999742507935,0.9168999791145325
YNL326C,YEL013W,1,-6.614583,0.0873892679810524,0.878000020980835,0.9168999791145325
YHR081W,YJL081C,0,-6.614916,0.08738057315349579,0.878000020980835,0.9169999957084656
YHR171W,YHR120W,0,-6.6149883,0.08737187832593918,0.878000020980835,0.9171000123023987
YPR124W,YJL115W,0,-6.616033,0.08736318349838257,0.878000020980835,0.9172000288963318
YIL048W,YBR127C,1,-6.616104,0.08745398372411728,0.8790000081062317,0.9172000288963318
YBL061C,YKL016C,0,-6.616931,0.08744528144598007,0.8790000081062317,0.9172999858856201
YKL004W,YDL195W,0,-6.6171904,0.08743658661842346,0.8790000081062317,0.9174000024795532
YDR518W,YBR165W,0,-6.617856,0.08742789179086685,0.8790000081062317,0.9175000190734863
YLR328W,YLL042C,0,-6.618797,0.08741919696331024,0.8790000081062317,0.9175999760627747
YER012W,YGL030W,0,-6.61919,0.08741050213575363,0.8790000081062317,0.9176999926567078
YOL039W,YDR254W,0,-6.6194105,0.08740180730819702,0.8790000081062317,0.9178000092506409
YIL118W,YER119C,0,-6.6197824,0.08739311993122101,0.8790000081062317,0.917900025844574
YHR001W-A,YEL031W,0,-6.61979,0.087384432554245,0.8790000081062317,0.9179999828338623
YLR095C,YIR009W,0,-6.6203036,0.08737574517726898,0.8790000081062317,0.9180999994277954
YGL068W,YGR144W,0,-6.6203237,0.08736705780029297,0.8790000081062317,0.9182000160217285
YEL012W,YPL128C,0,-6.6203575,0.08735837787389755,0.8790000081062317,0.9182999730110168
YOR032C,YDL052C,0,-6.6204643,0.08734969794750214,0.8790000081062317,0.91839998960495
YDR477W,YHR084W,0,-6.621316,0.08734101802110672,0.8790000081062317,0.9185000061988831
YNL264C,YGR178C,0,-6.621603,0.0873323380947113,0.8790000081062317,0.9186000227928162
YGL205W,YBL093C,0,-6.62206,0.08732366561889648,0.8790000081062317,0.9186999797821045
YLR376C,YGL172W,0,-6.62329,0.08731499314308167,0.8790000081062317,0.9187999963760376
YOL113W,YCL035C,0,-6.6238604,0.08730632066726685,0.8790000081062317,0.9189000129699707
YGR239C,YKL175W,0,-6.623863,0.08729764819145203,0.8790000081062317,0.9190000295639038
YPL087W,YOL125W,0,-6.6247787,0.08728897571563721,0.8790000081062317,0.9190999865531921
YOR038C,YMR075W,0,-6.625597,0.08728031069040298,0.8790000081062317,0.9192000031471252
YMR302C,YAL003W,0,-6.6259775,0.08727164566516876,0.8790000081062317,0.9193000197410583
YDL007W,YGL168W,0,-6.626044,0.08726298063993454,0.8790000081062317,0.9193999767303467
YPL055C,YPL193W,0,-6.628849,0.08725431561470032,0.8790000081062317,0.9194999933242798
YLR163C,YNL119W,0,-6.628993,0.08724565804004669,0.8790000081062317,0.9196000099182129
YMR145C,YLR277C,0,-6.6295147,0.08723700046539307,0.8790000081062317,0.919700026512146
YKL080W,YFL039C,1,-6.630647,0.08732757717370987,0.8799999952316284,0.919700026512146
YOR126C,YGR267C,0,-6.6310625,0.08731891214847565,0.8799999952316284,0.9197999835014343
YBR293W,YPL065W,0,-6.631095,0.08731024712324142,0.8799999952316284,0.9199000000953674
YLR347C,YOR151C,0,-6.631198,0.0873015895485878,0.8799999952316284,0.9200000166893005
YJR049C,YBR102C,0,-6.6316414,0.08729292452335358,0.8799999952316284,0.9200999736785889
YPL083C,YKL149C,0,-6.6316576,0.08728426694869995,0.8799999952316284,0.920199990272522
YPL234C,YFL039C,1,-6.6319523,0.08737479150295258,0.8809999823570251,0.920199990272522
YJR017C,YDR459C,0,-6.6325774,0.08736612647771835,0.8809999823570251,0.9203000068664551
YBL080C,YPR100W,0,-6.633176,0.08735746145248413,0.8809999823570251,0.9204000234603882
YBL064C,YML059C,0,-6.6333666,0.0873488038778305,0.8809999823570251,0.9204999804496765
YHR114W,YGR261C,0,-6.6344337,0.08734013885259628,0.8809999823570251,0.9205999970436096
YNL156C,YBR216C,0,-6.634861,0.08733148127794266,0.8809999823570251,0.9207000136375427
YHL047C,YGR221C,0,-6.6350484,0.08732282370328903,0.8809999823570251,0.920799970626831
YKL015W,YHL047C,0,-6.6350794,0.087314173579216,0.8809999823570251,0.9208999872207642
YHR077C,YOL122C,0,-6.635561,0.08730552345514297,0.8809999823570251,0.9210000038146973
YKR089C,YHL011C,0,-6.636547,0.08729686588048935,0.8809999823570251,0.9211000204086304
YNL071W,YER166W,0,-6.6365557,0.08728822320699692,0.8809999823570251,0.9211999773979187
YGL191W,YGL058W,0,-6.6365676,0.08727957308292389,0.8809999823570251,0.9212999939918518
YKL135C,YML116W,0,-6.636571,0.08727092295885086,0.8809999823570251,0.9214000105857849
YMR216C,YLR138W,0,-6.637214,0.08726228028535843,0.8809999823570251,0.921500027179718
YPR054W,YGR261C,0,-6.6378493,0.087253637611866,0.8809999823570251,0.9215999841690063
YNL079C,YEL013W,1,-6.63804,0.08734402805566788,0.8820000290870667,0.9215999841690063
YPL232W,YPR124W,0,-6.638234,0.08733537793159485,0.8820000290870667,0.9217000007629395
YNL123W,YBR050C,0,-6.639926,0.08732673525810242,0.8820000290870667,0.9218000173568726
YPL131W,YOR386W,0,-6.6399455,0.08731808513402939,0.8820000290870667,0.9218999743461609
YBR254C,YBR061C,0,-6.64081,0.08730944246053696,0.8820000290870667,0.921999990940094
YHR167W,YLR207W,0,-6.641112,0.08730079978704453,0.8820000290870667,0.9221000075340271
YBR036C,YHR041C,0,-6.6412315,0.08729216456413269,0.8820000290870667,0.9222000241279602
YKR026C,YLR304C,0,-6.641431,0.08728352189064026,0.8820000290870667,0.9222999811172485
YNL123W,YGR199W,0,-6.641471,0.08727488666772842,0.8820000290870667,0.9223999977111816
YDL185W,YOR332W,1,-6.6418223,0.08736519515514374,0.8830000162124634,0.9223999977111816
YBR168W,YNL107W,0,-6.6420627,0.0873565524816513,0.8830000162124634,0.9225000143051147
YNL123W,YNL102W,0,-6.6434197,0.08734790980815887,0.8830000162124634,0.9225999712944031
YBR143C,YFL033C,0,-6.6441245,0.08733926713466644,0.8830000162124634,0.9226999878883362
YER029C,YCL055W,0,-6.645096,0.08733063191175461,0.8830000162124634,0.9228000044822693
YNL084C,YHR088W,0,-6.645768,0.08732199668884277,0.8830000162124634,0.9229000210762024
YER143W,YIL123W,0,-6.645998,0.08731336146593094,0.8830000162124634,0.9229999780654907
YPR112C,YHR194W,0,-6.6467247,0.0873047262430191,0.8830000162124634,0.9230999946594238
YCL035C,YOL020W,0,-6.6467776,0.08729609847068787,0.8830000162124634,0.9232000112533569
YDR512C,YDR489W,0,-6.6483135,0.08728746324777603,0.8830000162124634,0.92330002784729
YGL020C,YOR037W,0,-6.6484237,0.0872788354754448,0.8830000162124634,0.9233999848365784
YJL034W,YDR214W,0,-6.649196,0.08727021515369415,0.8830000162124634,0.9235000014305115
YPR103W,YDR137W,0,-6.649582,0.08726158738136292,0.8830000162124634,0.9236000180244446
YHR027C,YJL201W,0,-6.6496396,0.08725296705961227,0.8830000162124634,0.9236999750137329
YHR039C-A,YLR148W,1,-6.6502247,0.08734314888715744,0.8840000033378601,0.9236999750137329
YGL104C,YBL064C,0,-6.65028,0.0873345211148262,0.8840000033378601,0.923799991607666
YOR244W,YBR236C,0,-6.650935,0.08732589334249496,0.8840000033378601,0.9239000082015991
YMR043W,YLR201C,0,-6.6527286,0.08731726557016373,0.8840000033378601,0.9240000247955322
YKR042W,YOR151C,0,-6.652767,0.08730864524841309,0.8840000033378601,0.9240999817848206
YNL294C,YPL266W,0,-6.652794,0.08730001747608185,0.8840000033378601,0.9241999983787537
YJL014W,YBR002C,0,-6.65302,0.08729139715433121,0.8840000033378601,0.9243000149726868
YJL080C,YHR133C,0,-6.6533117,0.08728277683258057,0.8840000033378601,0.9243999719619751
YER151C,YGL038C,0,-6.6539655,0.08727416396141052,0.8840000033378601,0.9244999885559082
YHR039C-A,YBR109C,1,-6.6540585,0.08736426383256912,0.8849999904632568,0.9244999885559082
YMR197C,YBR109C,1,-6.6554003,0.08745434880256653,0.8859999775886536,0.9244999885559082
YNL042W,YDR470C,0,-6.656093,0.0874457135796547,0.8859999775886536,0.9246000051498413
YDR182W,YPL178W,0,-6.656311,0.08743708580732346,0.8859999775886536,0.9247000217437744
YHR050W,YHR135C,0,-6.6565857,0.08742845803499222,0.8859999775886536,0.9247999787330627
YNL099C,YNR002C,0,-6.657542,0.08741983026266098,0.8859999775886536,0.9248999953269958
YDR308C,YAL016W,0,-6.6577663,0.08741120994091034,0.8859999775886536,0.925000011920929
YJR059W,YOL061W,0,-6.6579084,0.0874025821685791,0.8859999775886536,0.9251000285148621
YDR005C,YDR011W,0,-6.6587944,0.08739396184682846,0.8859999775886536,0.9251999855041504
YMR139W,YPR037C,0,-6.6593447,0.08738534152507782,0.8859999775886536,0.9253000020980835
YLR028C,YDR395W,0,-6.6601763,0.08737672865390778,0.8859999775886536,0.9254000186920166
YML064C,YLR254C,0,-6.6622257,0.08736810833215714,0.8859999775886536,0.9254999756813049
YLR051C,YMR290C,0,-6.6631556,0.08735949546098709,0.8859999775886536,0.925599992275238
YDL185W,YFL039C,1,-6.6631703,0.08744947612285614,0.8870000243186951,0.925599992275238
YMR197C,YLR447C,1,-6.6632075,0.0875394344329834,0.8880000114440918,0.925599992275238
YDR202C,YPL045W,1,-6.663532,0.08762937039136887,0.8889999985694885,0.925599992275238
YLR418C,YLR285W,0,-6.6649933,0.08762073516845703,0.8889999985694885,0.9257000088691711
YPL093W,YKL213C,0,-6.668211,0.0876120999455452,0.8889999985694885,0.9258000254631042
YOR079C,YJL111W,0,-6.668968,0.08760347217321396,0.8889999985694885,0.9258999824523926
YHR188C,YDR212W,0,-6.6691585,0.08759483695030212,0.8889999985694885,0.9259999990463257
YNR038W,YOR004W,0,-6.6712956,0.08758620917797089,0.8889999985694885,0.9261000156402588
YNL093W,YOL060C,0,-6.6716347,0.08757758140563965,0.8889999985694885,0.9261999726295471
YDR400W,YMR053C,0,-6.673646,0.08756895363330841,0.8889999985694885,0.9262999892234802
YLR095C,YHR114W,0,-6.6736655,0.08756032586097717,0.8889999985694885,0.9264000058174133
YDR463W,YPR029C,0,-6.6739106,0.08755170553922653,0.8889999985694885,0.9265000224113464
YER024W,YDR183W,0,-6.674493,0.08754308521747589,0.8889999985694885,0.9265999794006348
YGR254W,YIL048W,1,-6.675112,0.0876329243183136,0.8899999856948853,0.9265999794006348
YDR435C,YBL032W,0,-6.6751847,0.08762429654598236,0.8899999856948853,0.9266999959945679
YDR211W,YAL059W,0,-6.675212,0.08761566877365112,0.8899999856948853,0.926800012588501
YMR314W,YAL023C,0,-6.6754646,0.08760704845190048,0.8899999856948853,0.9269000291824341
YDR272W,YBR058C,0,-6.6773653,0.08759842813014984,0.8899999856948853,0.9269999861717224
YOR332W,YIL048W,1,-6.677786,0.08768822252750397,0.890999972820282,0.9269999861717224
YFL039C,YMR231W,1,-6.6786947,0.0877779945731163,0.8920000195503235,0.9269999861717224
YNR044W,YLR192C,0,-6.678955,0.08776935935020447,0.8920000195503235,0.9271000027656555
YOR034C,YIL065C,0,-6.6795,0.08776072412729263,0.8920000195503235,0.9272000193595886
YPL026C,YLR130C,0,-6.6796355,0.0877520889043808,0.8920000195503235,0.927299976348877
YMR204C,YGL018C,0,-6.6796637,0.08774346113204956,0.8920000195503235,0.9273999929428101
YBL099W,YOL061W,0,-6.6802874,0.08773482590913773,0.8920000195503235,0.9275000095367432
YMR100W,YPR037C,0,-6.680744,0.08772619813680649,0.8920000195503235,0.9276000261306763
YHR188C,YIR037W,0,-6.680875,0.08771757036447525,0.8920000195503235,0.9276999831199646
YEL003W,YDL004W,0,-6.681909,0.08770895004272461,0.8920000195503235,0.9277999997138977
YOL111C,YKL073W,0,-6.68205,0.08770032227039337,0.8920000195503235,0.9279000163078308
YDR145W,YAL022C,0,-6.68258,0.08769170194864273,0.8920000195503235,0.9279999732971191
YNL138W,YJR055W,0,-6.6827693,0.08768308162689209,0.8920000195503235,0.9280999898910522
YKL119C,YIL048W,1,-6.685381,0.08777275681495667,0.8930000066757202,0.9280999898910522
YPR023C,YJL053W,0,-6.6856546,0.08776412904262543,0.8930000066757202,0.9282000064849854
YER025W,YLR028C,0,-6.6860456,0.08775550127029419,0.8930000066757202,0.9283000230789185
YKL119C,YKL051W,1,-6.6861286,0.08784513920545578,0.8939999938011169,0.9283000230789185
YOR122C,YLR016C,0,-6.686136,0.08783651143312454,0.8939999938011169,0.9283999800682068
YJR103W,YNL002C,0,-6.6865835,0.0878278836607933,0.8939999938011169,0.9284999966621399
YLR043C,YKL051W,1,-6.686965,0.08791748434305191,0.8949999809265137,0.9284999966621399
YHR135C,YBR015C,0,-6.6873255,0.08790884912014008,0.8949999809265137,0.928600013256073
YDR280W,YOR004W,0,-6.688018,0.08790021389722824,0.8949999809265137,0.9286999702453613
YMR197C,YHR174W,1,-6.6889567,0.08798978477716446,0.8960000276565552,0.9286999702453613
YDR212W,YGR183C,0,-6.6892653,0.08798114955425262,0.8960000276565552,0.9287999868392944
YDR036C,YMR220W,0,-6.689633,0.08797250688076019,0.8960000276565552,0.9289000034332275
YOR089C,YBR061C,0,-6.692253,0.08796387165784836,0.8960000276565552,0.9290000200271606
YDR167W,YMR150C,0,-6.692657,0.08795523643493652,0.8960000276565552,0.929099977016449
YDL224C,YPL135W,0,-6.6936984,0.08794660121202469,0.8960000276565552,0.9291999936103821
YBR030W,YGL126W,0,-6.69382,0.08793797343969345,0.8960000276565552,0.9293000102043152
YPL232W,YBR154C,0,-6.6950417,0.08792934566736221,0.8960000276565552,0.9294000267982483
YPR088C,YPL118W,0,-6.69569,0.08792071789503098,0.8960000276565552,0.9294999837875366
YFL036W,YBR060C,0,-6.696254,0.08791209012269974,0.8960000276565552,0.9296000003814697
YIL048W,YMR231W,1,-6.696499,0.08800157159566879,0.8970000147819519,0.9296000003814697
YBR169C,YHR088W,0,-6.696771,0.08799293637275696,0.8970000147819519,0.9297000169754028
YLR148W,YPL045W,1,-6.697172,0.08808239549398422,0.8980000019073486,0.9297000169754028
YFL004W,YNL015W,1,-6.6973066,0.0881718322634697,0.8989999890327454,0.9297000169754028
YBR253W,YLR100W,0,-6.697424,0.08816318213939667,0.8989999890327454,0.9297999739646912
YJR050W,YMR293C,0,-6.697447,0.08815453946590424,0.8989999890327454,0.9298999905586243
YNL002C,YLR264W,0,-6.6989775,0.0881458967924118,0.8989999890327454,0.9300000071525574
YPL206C,YMR240C,0,-6.6993113,0.08813725411891937,0.8989999890327454,0.9301000237464905
YMR288W,YER166W,0,-6.6995897,0.08812861144542694,0.8989999890327454,0.9301999807357788
YOR353C,YHR038W,0,-6.701846,0.0881199762225151,0.8989999890327454,0.9302999973297119
YDR182W,YDL004W,0,-6.7021923,0.08811134099960327,0.8989999890327454,0.930400013923645
YHR026W,YDR328C,1,-6.702236,0.08820070326328278,0.8999999761581421,0.930400013923645
YPL089C,YDR425W,0,-6.7023087,0.08819206058979034,0.8999999761581421,0.9304999709129333
YBR042C,YBL007C,0,-6.7033067,0.08818341791629791,0.8999999761581421,0.9305999875068665
YKL101W,YIL070C,0,-6.7058396,0.08817478269338608,0.8999999761581421,0.9307000041007996
YFL050C,YGR135W,0,-6.705925,0.08816614747047424,0.8999999761581421,0.9308000206947327
YLR051C,YDR429C,0,-6.7062006,0.08815750479698181,0.8999999761581421,0.930899977684021
YOR008C,YOR233W,0,-6.7067714,0.08814887702465057,0.8999999761581421,0.9309999942779541
YKL064W,YDR137W,0,-6.707633,0.08814024180173874,0.8999999761581421,0.9311000108718872
YNL131W,YHR005C,0,-6.70965,0.0881316065788269,0.8999999761581421,0.9312000274658203
YDL047W,YDL188C,0,-6.7101517,0.08812297880649567,0.8999999761581421,0.9312999844551086
YOL128C,YOR330C,0,-6.71145,0.08811435103416443,0.8999999761581421,0.9314000010490417
YNL014W,YCR042C,0,-6.711555,0.08810572326183319,0.8999999761581421,0.9315000176429749
YHR115C,YGR028W,0,-6.711592,0.08809710294008255,0.8999999761581421,0.9315999746322632
YNL280C,YFL038C,0,-6.712261,0.08808848261833191,0.8999999761581421,0.9316999912261963
YDL064W,YHR073W,0,-6.7132716,0.08807986229658127,0.8999999761581421,0.9318000078201294
YLL027W,YPR030W,0,-6.71348,0.08807124197483063,0.8999999761581421,0.9319000244140625
YNL294C,YFL002C,0,-6.713602,0.08806262165307999,0.8999999761581421,0.9319999814033508
YNL023C,YOR257W,0,-6.713684,0.08805400878190994,0.8999999761581421,0.9320999979972839
YGL013C,YHL027W,0,-6.7139482,0.0880453959107399,0.8999999761581421,0.932200014591217
YJL164C,YPR065W,0,-6.7141953,0.08803678303956985,0.8999999761581421,0.9322999715805054
YKL064W,YNL283C,0,-6.7144494,0.08802817016839981,0.8999999761581421,0.9323999881744385
YOR171C,YJL047C,0,-6.7152147,0.08801955729722977,0.8999999761581421,0.9325000047683716
YPL057C,YIL049W,0,-6.715272,0.08801095187664032,0.8999999761581421,0.9326000213623047
YER133W,YDR529C,0,-6.715542,0.08800234645605087,0.8999999761581421,0.932699978351593
YFL029C,YBL064C,0,-6.7166066,0.08799374103546143,0.8999999761581421,0.9327999949455261
YDR375C,YNL298W,0,-6.716728,0.08798514306545258,0.8999999761581421,0.9329000115394592
YMR197C,YDR017C,1,-6.7172375,0.08807428926229477,0.9010000228881836,0.9329000115394592
YML073C,YJL004C,0,-6.7182164,0.08806568384170532,0.9010000228881836,0.9330000281333923
YOR372C,YBR182C,0,-6.718357,0.08805707842111588,0.9010000228881836,0.9330999851226807
YIL008W,YDR423C,0,-6.719161,0.08804847300052643,0.9010000228881836,0.9332000017166138
YBR280C,YML116W,0,-6.7191734,0.08803986757993698,0.9010000228881836,0.9333000183105469
YDR045C,YOR179C,0,-6.719266,0.08803126215934753,0.9010000228881836,0.9333999752998352
YNL147W,YPR188C,0,-6.7201223,0.08802266418933868,0.9010000228881836,0.9334999918937683
YOR310C,YER002W,0,-6.722147,0.08801406621932983,0.9010000228881836,0.9336000084877014
YGL191W,YKL054C,0,-6.7222085,0.08800546824932098,0.9010000228881836,0.9337000250816345
YOR332W,YFL039C,1,-6.722898,0.08809453994035721,0.9020000100135803,0.9337000250816345
YNR035C,YGR267C,0,-6.72293,0.08808593451976776,0.9020000100135803,0.9337999820709229
YHR026W,YHR174W,1,-6.723341,0.0881749838590622,0.902999997138977,0.9337999820709229
YNR008W,YDR071C,0,-6.7239804,0.08816637098789215,0.902999997138977,0.933899998664856
YBR060C,YGR135W,0,-6.724368,0.0881577655673027,0.902999997138977,0.9340000152587891
YPR024W,YGR221C,0,-6.725469,0.08814916014671326,0.902999997138977,0.9340999722480774
YDL147W,YBR288C,0,-6.7256517,0.08814055472612381,0.902999997138977,0.9341999888420105
YCR048W,YJR050W,0,-6.7268987,0.08813195675611496,0.902999997138977,0.9343000054359436
YKL026C,YDR423C,0,-6.728826,0.08812335133552551,0.902999997138977,0.9344000220298767
YDR362C,YPL209C,0,-6.729703,0.08811475336551666,0.902999997138977,0.934499979019165
YMR298W,YPR155C,0,-6.7300773,0.08810615539550781,0.902999997138977,0.9345999956130981
YMR197C,YHR039C-A,1,-6.7302423,0.08819512277841568,0.9039999842643738,0.9345999956130981
YPL234C,YBR109C,1,-6.731371,0.08828406780958176,0.9049999713897705,0.9345999956130981
YHR070W,YDL235C,0,-6.732979,0.08827545493841171,0.9049999713897705,0.9347000122070312
YDR190C,YDR110W,0,-6.7332764,0.08826684951782227,0.9049999713897705,0.9348000288009644
YEL054C,YPL147W,0,-6.733363,0.08825824409723282,0.9049999713897705,0.9348999857902527
YBR179C,YDR088C,0,-6.733388,0.08824963122606277,0.9049999713897705,0.9350000023841858
YGR209C,YCL063W,1,-6.7349987,0.08833853155374527,0.906000018119812,0.9350000023841858
YDR283C,YBR165W,0,-6.7357845,0.08832991868257523,0.906000018119812,0.9351000189781189
YOR099W,YLR362W,0,-6.7357874,0.08832131326198578,0.906000018119812,0.9351999759674072
YOR213C,YDL065C,0,-6.736038,0.08831270039081573,0.906000018119812,0.9352999925613403
YDL181W,YBR175W,0,-6.7366858,0.08830409497022629,0.906000018119812,0.9354000091552734
YNL147W,YDR517W,0,-6.737259,0.08829548954963684,0.906000018119812,0.9355000257492065
YKL051W,YNL326C,1,-6.7404594,0.08838433027267456,0.9070000052452087,0.9355000257492065
YDL028C,YLR459W,0,-6.742222,0.08837571740150452,0.9070000052452087,0.9355999827384949
YPL233W,YOR075W,0,-6.7423086,0.08836711198091507,0.9070000052452087,0.935699999332428
YNR003C,YKL006C-A,0,-6.743122,0.08835849910974503,0.9070000052452087,0.9358000159263611
YBR293W,YPR008W,0,-6.7448874,0.08834989368915558,0.9070000052452087,0.9358999729156494
YER024W,YOR380W,0,-6.7462854,0.08834128826856613,0.9070000052452087,0.9359999895095825
YBR260C,YLR254C,0,-6.7482634,0.08833268284797668,0.9070000052452087,0.9361000061035156
YDR392W,YBR260C,0,-6.748809,0.08832408487796783,0.9070000052452087,0.9362000226974487
YLR376C,YPR124W,0,-6.748822,0.08831547945737839,0.9070000052452087,0.9362999796867371
YLR043C,YNL326C,1,-6.7491403,0.08840424567461014,0.9079999923706055,0.9362999796867371
YCR052W,YFL036W,0,-6.749282,0.08839564025402069,0.9079999923706055,0.9363999962806702
YJL050W,YDL149W,0,-6.7503643,0.08838703483343124,0.9079999923706055,0.9365000128746033
YNL156C,YLR084C,0,-6.7506723,0.0883784294128418,0.9079999923706055,0.9366000294685364
YLR163C,YPR093C,0,-6.752145,0.08836983144283295,0.9079999923706055,0.9366999864578247
YGL061C,YDR517W,0,-6.7541575,0.0883612334728241,0.9079999923706055,0.9368000030517578
YGL190C,YDL088C,0,-6.7555795,0.08835263550281525,0.9079999923706055,0.9369000196456909
YLL021W,YJL164C,0,-6.7555847,0.0883440375328064,0.9079999923706055,0.9369999766349792
YHR026W,YGR020C,1,-6.756492,0.08843272924423218,0.9089999794960022,0.9369999766349792
YMR043W,YDL126C,0,-6.7571373,0.08842412382364273,0.9089999794960022,0.9370999932289124
YOR123C,YDL005C,0,-6.7572603,0.08841552585363388,0.9089999794960022,0.9372000098228455
YDL185W,YIL048W,1,-6.757754,0.08850418031215668,0.9100000262260437,0.9372000098228455
YOR319W,YKR086W,0,-6.757976,0.08849557489156723,0.9100000262260437,0.9373000264167786
YDR162C,YNL169C,0,-6.758163,0.08848696947097778,0.9100000262260437,0.9373999834060669
YNL282W,YPL020C,0,-6.758891,0.08847836405038834,0.9100000262260437,0.9375
YDR280W,YDR190C,0,-6.7589006,0.08846976608037949,0.9100000262260437,0.9376000165939331
YNL054W,YPL045W,1,-6.7600136,0.0885583758354187,0.9110000133514404,0.9376000165939331
YOR320C,YDL217C,0,-6.7600384,0.08854977041482925,0.9110000133514404,0.9376999735832214
YCR024C-A,YJL053W,0,-6.761606,0.08854115754365921,0.9110000133514404,0.9377999901771545
YDR086C,YCR020C-A,0,-6.762343,0.08853255957365036,0.9110000133514404,0.9379000067710876
YLR100W,YPL266W,0,-6.762495,0.08852395415306091,0.9110000133514404,0.9380000233650208
YIL125W,YPR163C,0,-6.7626953,0.08851534873247147,0.9110000133514404,0.9380999803543091
YDR465C,YIL016W,0,-6.763849,0.08850675076246262,0.9110000133514404,0.9381999969482422
YMR225C,YHR181W,0,-6.7641354,0.08849815279245377,0.9110000133514404,0.9383000135421753
YLR043C,YDL185W,1,-6.7642164,0.08858669549226761,0.9120000004768372,0.9383000135421753
YER020W,YGL120C,0,-6.764269,0.08857809007167816,0.9120000004768372,0.9383999705314636
YMR197C,YLR148W,1,-6.7648277,0.08866660296916962,0.9129999876022339,0.9383999705314636
YBR036C,YLR276C,0,-6.7648344,0.08865799009799957,0.9129999876022339,0.9384999871253967
YOR332W,YNL079C,1,-6.765171,0.08874648064374924,0.9139999747276306,0.9384999871253967
YER093C,YER094C,0,-6.7654543,0.0887378677725792,0.9139999747276306,0.9386000037193298
YNL023C,YNL133C,0,-6.7654915,0.08872924745082855,0.9139999747276306,0.9387000203132629
YHR027C,YPR132W,0,-6.765592,0.08872063457965851,0.9139999747276306,0.9387999773025513
YLR324W,YJL080C,0,-6.765788,0.08871202915906906,0.9139999747276306,0.9388999938964844
YKR014C,YNL133C,0,-6.7663918,0.08870341628789902,0.9139999747276306,0.9390000104904175
YMR143W,YOL016C,0,-6.7665167,0.08869481086730957,0.9139999747276306,0.9391000270843506
YOR301W,YHR085W,0,-6.767244,0.08868620544672012,0.9139999747276306,0.9391999840736389
YKL073W,YPL193W,0,-6.7672825,0.08867760002613068,0.9139999747276306,0.939300000667572
YOR087W,YOR281C,0,-6.7674665,0.08866899460554123,0.9139999747276306,0.9394000172615051
YJL198W,YNL003C,0,-6.767998,0.08866039663553238,0.9139999747276306,0.9394999742507935
YMR225C,YLR254C,0,-6.7696753,0.08865179121494293,0.9139999747276306,0.9395999908447266
YDR093W,YIL149C,0,-6.7698874,0.08864319324493408,0.9139999747276306,0.9397000074386597
YJL034W,YHR001W,0,-6.7708054,0.08863460272550583,0.9139999747276306,0.9398000240325928
YDR212W,YMR080C,0,-6.770841,0.08862600475549698,0.9139999747276306,0.9398999810218811
YMR225C,YGL172W,0,-6.7710304,0.08861741423606873,0.9139999747276306,0.9399999976158142
YNL123W,YJL186W,0,-6.7716455,0.08860882371664047,0.9139999747276306,0.9401000142097473
YLR383W,YLR200W,0,-6.7728996,0.08860023319721222,0.9139999747276306,0.9401999711990356
YNL038W,YDR359C,0,-6.7731857,0.08859164267778397,0.9139999747276306,0.9402999877929688
YPL101W,YOL144W,0,-6.773597,0.08858305960893631,0.9139999747276306,0.9404000043869019
YBR154C,YDR129C,0,-6.7752175,0.08857447654008865,0.9139999747276306,0.940500020980835
YKR067W,YGR211W,0,-6.7767696,0.088565893471241,0.9139999747276306,0.9405999779701233
YLR238W,YOR354C,0,-6.7767873,0.08855731040239334,0.9139999747276306,0.9406999945640564
YIL048W,YDR328C,1,-6.7771564,0.08864561468362808,0.9150000214576721,0.9406999945640564
YNL121C,YCL026C-A,0,-6.777235,0.08863702416419983,0.9150000214576721,0.9408000111579895
YPR133C,YOR057W,0,-6.7776313,0.08862844109535217,0.9150000214576721,0.9409000277519226
YNR034W,YKR031C,0,-6.777797,0.08861985802650452,0.9150000214576721,0.9409999847412109
YNL054W,YNL015W,1,-6.7781353,0.08870811760425568,0.9160000085830688,0.9409999847412109
YOL146W,YGL145W,0,-6.778432,0.08869952708482742,0.9160000085830688,0.941100001335144
YGL210W,YGR199W,0,-6.7791204,0.08869093656539917,0.9160000085830688,0.9412000179290771
YDL088C,YCR026C,0,-6.779161,0.08868235349655151,0.9160000085830688,0.9412999749183655
YOL049W,YOR011W,0,-6.7800684,0.08867376297712326,0.9160000085830688,0.9413999915122986
YML006C,YOR330C,0,-6.780072,0.0886651799082756,0.9160000085830688,0.9415000081062317
YDR208W,YPR120C,0,-6.7812815,0.08865660429000854,0.9160000085830688,0.9416000247001648
YLR398C,YDR243C,0,-6.783615,0.08864802122116089,0.9160000085830688,0.9416999816894531
YNL298W,YOR037W,0,-6.78432,0.08863944560289383,0.9160000085830688,0.9417999982833862
YDR173C,YDR484W,0,-6.7845926,0.08863086253404617,0.9160000085830688,0.9419000148773193
YOR076C,YLR028C,0,-6.784603,0.08862229436635971,0.9160000085830688,0.9419999718666077
YJL170C,YNL121C,0,-6.7848434,0.08861371874809265,0.9160000085830688,0.9420999884605408
YPL053C,YMR285C,0,-6.785063,0.08860514312982559,0.9160000085830688,0.9422000050544739
YGL155W,YJL081C,0,-6.7853603,0.08859657496213913,0.9160000085830688,0.942300021648407
YOR064C,YBL022C,0,-6.7868214,0.08858800679445267,0.9160000085830688,0.9423999786376953
YML043C,YDR398W,0,-6.787796,0.0885794386267662,0.9160000085830688,0.9424999952316284
YOR299W,YGR141W,0,-6.789213,0.08857087790966034,0.9160000085830688,0.9426000118255615
YMR005W,YPR155C,0,-6.789466,0.08856230974197388,0.9160000085830688,0.9427000284194946
YNL117W,YLR304C,0,-6.794318,0.08855374902486801,0.9160000085830688,0.942799985408783
YNL062C,YGR088W,0,-6.796193,0.08854518830776215,0.9160000085830688,0.9429000020027161
YMR079W,YDR137W,0,-6.7970524,0.08853663504123688,0.9160000085830688,0.9430000185966492
YBR068C,YLR452C,0,-6.7978516,0.08852807432413101,0.9160000085830688,0.9430999755859375
YKR101W,YJL208C,0,-6.798667,0.08851952105760574,0.9160000085830688,0.9431999921798706
YMR088C,YIL154C,0,-6.7988825,0.08851096779108047,0.9160000085830688,0.9433000087738037
YDR529C,YOR080W,0,-6.7992907,0.0885024145245552,0.9160000085830688,0.9434000253677368
YDR083W,YMR053C,0,-6.7992954,0.08849386870861053,0.9160000085830688,0.9434999823570251
YDR501W,YPL119C,0,-6.7997513,0.08848531544208527,0.9160000085830688,0.9435999989509583
YLR222C,YPL206C,0,-6.800591,0.0884767696261406,0.9160000085830688,0.9437000155448914
YMR043W,YDR507C,0,-6.8010645,0.08846822381019592,0.9160000085830688,0.9437999725341797
YDR258C,YDL155W,0,-6.801355,0.08845967799425125,0.9160000085830688,0.9438999891281128
YKL007W,YOL005C,0,-6.8016925,0.08845113962888718,0.9160000085830688,0.9440000057220459
YNL261W,YPR008W,0,-6.8039618,0.0884426012635231,0.9160000085830688,0.944100022315979
YOR076C,YOR122C,0,-6.80422,0.08843406289815903,0.9160000085830688,0.9441999793052673
YBR082C,YLR268W,0,-6.8049593,0.08842552453279495,0.9160000085830688,0.9442999958992004
YMR302C,YJR043C,0,-6.8065515,0.08841698616743088,0.9160000085830688,0.9444000124931335
YGL112C,YPR165W,0,-6.806752,0.0884084552526474,0.9160000085830688,0.9445000290870667
YPR001W,YDR339C,0,-6.80814,0.08839992433786392,0.9160000085830688,0.944599986076355
YGR199W,YGR005C,0,-6.8086014,0.08839139342308044,0.9160000085830688,0.9447000026702881
YGR254W,YKL080W,1,-6.808766,0.08847935497760773,0.9169999957084656,0.9447000026702881
YNL282W,YPL096W,0,-6.810067,0.08847081661224365,0.9169999957084656,0.9448000192642212
YOR327C,YPR008W,0,-6.8119307,0.08846227824687958,0.9169999957084656,0.9448999762535095
YGL180W,YLR068W,0,-6.8127155,0.0884537473320961,0.9169999957084656,0.9449999928474426
YKL140W,YGR118W,0,-6.8142147,0.08844521641731262,0.9169999957084656,0.9451000094413757
YDR450W,YDR429C,0,-6.8142786,0.08843668550252914,0.9169999957084656,0.9452000260353088
YHL048W,YNL123W,0,-6.8151164,0.08842815458774567,0.9169999957084656,0.9452999830245972
YBR109C,YHR174W,1,-6.8153286,0.08851605653762817,0.9179999828338623,0.9452999830245972
YJL013C,YJL100W,0,-6.816266,0.0885075181722641,0.9179999828338623,0.9453999996185303
YGR216C,YMR004W,0,-6.818905,0.08849898725748062,0.9179999828338623,0.9455000162124634
YIL008W,YNL246W,0,-6.8203745,0.08849045634269714,0.9179999828338623,0.9455999732017517
YER177W,YHR008C,0,-6.8219132,0.08848192542791367,0.9179999828338623,0.9456999897956848
YOR150W,YOL004W,0,-6.822212,0.08847340196371078,0.9179999828338623,0.9458000063896179
YJL053W,YDL194W,0,-6.823107,0.08846487104892731,0.9179999828338623,0.945900022983551
YLR368W,YER042W,0,-6.8234863,0.08845634758472443,0.9179999828338623,0.9459999799728394
YKL208W,YNL312W,0,-6.823927,0.08844782412052155,0.9179999828338623,0.9460999965667725
YKL032C,YJR093C,0,-6.8240128,0.08843930810689926,0.9179999828338623,0.9462000131607056
YLR355C,YBR173C,0,-6.8241053,0.08843078464269638,0.9179999828338623,0.9463000297546387
YLR060W,YBR170C,0,-6.8241606,0.0884222686290741,0.9179999828338623,0.946399986743927
YOR243C,YOR181W,0,-6.8242173,0.08841375261545181,0.9179999828338623,0.9465000033378601
YPL271W,YPR009W,0,-6.824493,0.08840523660182953,0.9179999828338623,0.9466000199317932
YBR130C,YOL001W,0,-6.8245115,0.08839672803878784,0.9179999828338623,0.9466999769210815
YER065C,YDR200C,0,-6.825985,0.08838821202516556,0.9179999828338623,0.9467999935150146
YPL214C,YHL007C,0,-6.8264513,0.08837970346212387,0.9179999828338623,0.9469000101089478
YGR020C,YBR127C,1,-6.827098,0.08846746385097504,0.9190000295639038,0.9469000101089478
YDL185W,YBR109C,1,-6.829258,0.08855520188808441,0.9200000166893005,0.9469000101089478
YKL146W,YJR013W,0,-6.831502,0.08854667842388153,0.9200000166893005,0.9470000267028809
YHR039C-A,YGR020C,1,-6.8315144,0.08863439410924911,0.9210000038146973,0.9470000267028809
YOR039W,YOR032C,0,-6.8327007,0.08862586319446564,0.9210000038146973,0.9470999836921692
YGL058W,YLL019C,0,-6.832899,0.08861733973026276,0.9210000038146973,0.9472000002861023
YJR086W,YER145C,0,-6.8333445,0.08860881626605988,0.9210000038146973,0.9473000168800354
YJL110C,YGL144C,0,-6.8338127,0.0886002853512764,0.9210000038146973,0.9473999738693237
YDR202C,YCL063W,1,-6.834921,0.0886879563331604,0.921999990940094,0.9473999738693237
YOL130W,YER017C,0,-6.8357716,0.08867942541837692,0.921999990940094,0.9474999904632568
YOL111C,YCR010C,0,-6.837486,0.08867090195417404,0.921999990940094,0.9476000070571899
YDR168W,YMR308C,0,-6.838994,0.08866237103939056,0.921999990940094,0.947700023651123
YDR075W,YKL129C,0,-6.839033,0.08865384757518768,0.921999990940094,0.9477999806404114
YDR484W,YDR464W,0,-6.840214,0.0886453241109848,0.921999990940094,0.9478999972343445
YJR059W,YJL087C,0,-6.840309,0.08863680064678192,0.921999990940094,0.9480000138282776
YLR285W,YOR132W,0,-6.840424,0.08862827718257904,0.921999990940094,0.9480999708175659
YDL197C,YKL015W,0,-6.8422728,0.08861976116895676,0.921999990940094,0.948199987411499
YFL009W,YBR236C,0,-6.843237,0.08861124515533447,0.921999990940094,0.9483000040054321
YDR484W,YOR069W,0,-6.8447886,0.08860272914171219,0.921999990940094,0.9484000205993652
YKL175W,YDR276C,0,-6.84562,0.0885942131280899,0.921999990940094,0.9484999775886536
YDR420W,YNL123W,0,-6.8470354,0.08858570456504822,0.921999990940094,0.9485999941825867
YLR207W,YJL129C,0,-6.847069,0.08857719600200653,0.921999990940094,0.9487000107765198
YPR093C,YOR207C,0,-6.848052,0.08856868743896484,0.921999990940094,0.9488000273704529
YOL020W,YMR298W,0,-6.8483257,0.08856017887592316,0.921999990940094,0.9488999843597412
YOR327C,YDL188C,0,-6.8497314,0.08855167031288147,0.921999990940094,0.9490000009536743
YOR098C,YDR079W,0,-6.849753,0.08854316920042038,0.921999990940094,0.9491000175476074
YOL128C,YJL156C,0,-6.852502,0.08853466808795929,0.921999990940094,0.9491999745368958
YPR017C,YLR020C,0,-6.8530655,0.0885261669754982,0.921999990940094,0.9492999911308289
YKL119C,YBL050W,1,-6.854787,0.08861367404460907,0.9229999780654907,0.9492999911308289
YMR238W,YER148W,0,-6.8557496,0.08860516548156738,0.9229999780654907,0.949400007724762
YBR109C,YMR231W,1,-6.8564534,0.08869265019893646,0.9240000247955322,0.949400007724762
YOR332W,YHR174W,1,-6.8568277,0.08878011256456375,0.925000011920929,0.949400007724762
YJR043C,YER159C,0,-6.8572607,0.08877159655094147,0.925000011920929,0.9495000243186951
YDR017C,YNL015W,1,-6.857909,0.08885903656482697,0.9259999990463257,0.9495000243186951
YHR203C,YDR276C,0,-6.859378,0.08885050565004349,0.9259999990463257,0.9495999813079834
YHR083W,YGR257C,0,-6.8594484,0.0888419821858406,0.9259999990463257,0.9496999979019165
YOR332W,YBR127C,1,-6.860761,0.08892939239740372,0.9269999861717224,0.9496999979019165
YDL078C,YDL083C,0,-6.8608365,0.08892086148262024,0.9269999861717224,0.9498000144958496
YCL054W,YBL058W,0,-6.8621416,0.08891233801841736,0.9269999861717224,0.9498999714851379
YDR017C,YNL079C,1,-6.864197,0.08899971097707748,0.9279999732971191,0.9498999714851379
YMR186W,YIL149C,0,-6.8644557,0.088991180062294,0.9279999732971191,0.949999988079071
YGL095C,YNL015W,1,-6.8650074,0.08907853066921234,0.9290000200271606,0.949999988079071
YBL046W,YIL142W,0,-6.8658495,0.08906999230384827,0.9290000200271606,0.9501000046730042
YPR165W,YOR011W,0,-6.8681536,0.08906145393848419,0.9290000200271606,0.9502000212669373
YJL140W,YDR385W,0,-6.868361,0.08905291557312012,0.9290000200271606,0.9502999782562256
YOL064C,YIL142W,0,-6.8698654,0.08904437720775604,0.9290000200271606,0.9503999948501587
YLR147C,YGR195W,0,-6.8714557,0.08903584629297256,0.9290000200271606,0.9505000114440918
YKR065C,YOL146W,0,-6.8723593,0.08902731537818909,0.9290000200271606,0.9506000280380249
YKL029C,YKR067W,0,-6.872757,0.08901878446340561,0.9290000200271606,0.9506999850273132
YNL188W,YDL035C,0,-6.8728685,0.08901025354862213,0.9290000200271606,0.9508000016212463
YHR190W,YPR163C,0,-6.8735676,0.08900172263383865,0.9290000200271606,0.9509000182151794
YBR121C,YIL112W,0,-6.8737493,0.08899319916963577,0.9290000200271606,0.9509999752044678
YPL015C,YPL128C,0,-6.873806,0.08898467570543289,0.9290000200271606,0.9510999917984009
YOL146W,YHL031C,0,-6.8743715,0.08897615224123001,0.9290000200271606,0.951200008392334
YCR082W,YGR162W,0,-6.874953,0.08896762877702713,0.9290000200271606,0.9513000249862671
YLR117C,YOR038C,0,-6.876579,0.08895911276340485,0.9290000200271606,0.9513999819755554
YIL098C,YHR001W-A,0,-6.877141,0.08895059674978256,0.9290000200271606,0.9514999985694885
YGL067W,YDR276C,0,-6.8772717,0.08894208073616028,0.9290000200271606,0.9516000151634216
YDL161W,YDR295C,0,-6.8784285,0.088933564722538,0.9290000200271606,0.95169997215271
YJR143C,YOR020C,0,-6.879202,0.08892504870891571,0.9290000200271606,0.9517999887466431
YER044C,YIL142W,0,-6.8798666,0.08891654014587402,0.9290000200271606,0.9519000053405762
YNL246W,YJL190C,0,-6.880288,0.08890803158283234,0.9290000200271606,0.9520000219345093
YML051W,YBR086C,0,-6.880953,0.08889952301979065,0.9290000200271606,0.9520999789237976
YPL045W,YGL095C,1,-6.8818436,0.08898670226335526,0.9300000071525574,0.9520999789237976
YBR030W,YOR078W,0,-6.8831787,0.08897818624973297,0.9300000071525574,0.9521999955177307
YPL002C,YNL230C,0,-6.883251,0.08896967023611069,0.9300000071525574,0.9523000121116638
YPL101W,YHR001W-A,0,-6.883565,0.088961161673069,0.9300000071525574,0.9524000287055969
YOL039W,YER094C,0,-6.883874,0.08895265311002731,0.9300000071525574,0.9524999856948853
YLR201C,YIL037C,0,-6.8845677,0.08894414454698563,0.9300000071525574,0.9526000022888184
YNL036W,YKL056C,0,-6.8862486,0.08893564343452454,0.9300000071525574,0.9527000188827515
YBR058C,YPL007C,0,-6.886582,0.08892713487148285,0.9300000071525574,0.9527999758720398
YFL036W,YOR354C,0,-6.886947,0.08891863375902176,0.9300000071525574,0.9528999924659729
YNL292W,YJL210W,0,-6.8884945,0.08891013264656067,0.9300000071525574,0.953000009059906
YER146W,YBR254C,0,-6.88869,0.08890163153409958,0.9300000071525574,0.9531000256538391
YHR039C-A,YOR332W,1,-6.8899317,0.08898872137069702,0.9309999942779541,0.9531000256538391
YDR280W,YDL150W,0,-6.8911834,0.08898021280765533,0.9309999942779541,0.9531999826431274
YDR436W,YPL131W,0,-6.8938713,0.08897171169519424,0.9309999942779541,0.9532999992370605
YPL020C,YDL243C,0,-6.893887,0.08896321058273315,0.9309999942779541,0.9534000158309937
YPL243W,YOR217W,0,-6.8977356,0.08895470947027206,0.9309999942779541,0.953499972820282
YML010W,YLR144C,0,-6.899063,0.08894620835781097,0.9309999942779541,0.9535999894142151
YDL088C,YDR318W,0,-6.8994856,0.08893771469593048,0.9309999942779541,0.9537000060081482
YPL110C,YDR167W,0,-6.900334,0.08892922103404999,0.9309999942779541,0.9538000226020813
YOR136W,YCL017C,0,-6.901572,0.0889207273721695,0.9309999942779541,0.9538999795913696
YHR039C-A,YFL039C,1,-6.9028773,0.08900773525238037,0.9319999814033508,0.9538999795913696
YBL050W,YGL095C,1,-6.9040065,0.08909472823143005,0.9330000281333923,0.9538999795913696
YMR093W,YHR096C,0,-6.904394,0.08908621966838837,0.9330000281333923,0.9539999961853027
YKL074C,YML080W,0,-6.9048657,0.08907771855592728,0.9330000281333923,0.9541000127792358
YGL004C,YGL143C,0,-6.9061456,0.08906920999288559,0.9330000281333923,0.954200029373169
YLR328W,YGR227W,0,-6.9061875,0.0890607088804245,0.9330000281333923,0.9542999863624573
YLR075W,YDR129C,0,-6.9068522,0.08905220776796341,0.9330000281333923,0.9544000029563904
YBL050W,YBR127C,1,-6.9079814,0.08913914859294891,0.9340000152587891,0.9544000029563904
YLR193C,YLL019C,0,-6.9087286,0.08913064002990723,0.9340000152587891,0.9545000195503235
YDR123C,YOR368W,0,-6.90919,0.08912213891744614,0.9340000152587891,0.9545999765396118
YPR033C,YIL124W,0,-6.9105406,0.08911363780498505,0.9340000152587891,0.9546999931335449
YAL042W,YNL288W,0,-6.9105554,0.08910512924194336,0.9340000152587891,0.954800009727478
YDR436W,YBR006W,0,-6.911401,0.08909663558006287,0.9340000152587891,0.9549000263214111
YPL069C,YJL154C,0,-6.9121475,0.08908813446760178,0.9340000152587891,0.9549999833106995
YLR119W,YKL139W,0,-6.914296,0.08907964080572128,0.9340000152587891,0.9550999999046326
YBR060C,YMR225C,0,-6.915263,0.08907113969326019,0.9340000152587891,0.9552000164985657
YPR036W,YFL039C,1,-6.9161043,0.08915800601243973,0.9350000023841858,0.9552000164985657
YBR283C,YJL047C,0,-6.916437,0.08914950489997864,0.9350000023841858,0.955299973487854
YHR205W,YMR236W,0,-6.9165382,0.08914100378751755,0.9350000023841858,0.9553999900817871
YDR172W,YJR007W,0,-6.918374,0.08913251012563705,0.9350000023841858,0.9555000066757202
YMR200W,YOR207C,0,-6.9185405,0.08912400901317596,0.9350000023841858,0.9556000232696533
YJL166W,YOL051W,0,-6.92029,0.08911551535129547,0.9350000023841858,0.9556999802589417
YER022W,YBR036C,0,-6.9220285,0.08910702168941498,0.9350000023841858,0.9557999968528748
YLR248W,YHR197W,0,-6.9222326,0.08909853547811508,0.9350000023841858,0.9559000134468079
YLR043C,YNL079C,1,-6.9241667,0.08918532729148865,0.9359999895095825,0.9559000134468079
YLR097C,YPL063W,0,-6.9275,0.08917682617902756,0.9359999895095825,0.9559999704360962
YLR043C,YFL039C,1,-6.929938,0.08926359564065933,0.9369999766349792,0.9559999704360962
YGR162W,YOR023C,0,-6.9304533,0.08925509452819824,0.9369999766349792,0.9560999870300293
YCR028C,YHR008C,0,-6.930608,0.08924659341573715,0.9369999766349792,0.9562000036239624
YCR047C,YLR276C,0,-6.931146,0.08923809230327606,0.9369999766349792,0.9563000202178955
YBR196C,YNR016C,0,-6.9318237,0.08922959864139557,0.9369999766349792,0.9563999772071838
YKL064W,YPR008W,0,-6.933261,0.08922109752893448,0.9369999766349792,0.9564999938011169
YKR022C,YDR463W,0,-6.9336195,0.08921260386705399,0.9369999766349792,0.95660001039505
YOR078W,YGR229C,0,-6.933988,0.08920411020517349,0.9369999766349792,0.9567000269889832
YJL047C,YNL121C,0,-6.934037,0.0891956239938736,0.9369999766349792,0.9567999839782715
YOR168W,YFL033C,0,-6.934803,0.0891871303319931,0.9369999766349792,0.9569000005722046
YHR062C,YGR268C,0,-6.9351544,0.0891786441206932,0.9369999766349792,0.9570000171661377
YMR197C,YNL054W,1,-6.935256,0.08926532417535782,0.9380000233650208,0.9570000171661377
YKL196C,YBR169C,0,-6.935565,0.08925683051347733,0.9380000233650208,0.957099974155426
YIR015W,YIR008C,0,-6.9362707,0.08924833685159683,0.9380000233650208,0.9571999907493591
YDL212W,YBR059C,0,-6.937236,0.08923984318971634,0.9380000233650208,0.9573000073432922
YIL112W,YOR028C,0,-6.9373665,0.08923135697841644,0.9380000233650208,0.9574000239372253
YMR197C,YLR396C,1,-6.9379063,0.08931798487901688,0.9390000104904175,0.9574000239372253
YOL138C,YNL044W,0,-6.9388814,0.08930949121713638,0.9390000104904175,0.9574999809265137
YGL070C,YBR042C,0,-6.9403615,0.08930099755525589,0.9390000104904175,0.9575999975204468
YJR031C,YMR308C,0,-6.941099,0.0892925038933754,0.9390000104904175,0.9577000141143799
YFL048C,YOR226C,0,-6.942192,0.0892840176820755,0.9390000104904175,0.9577999711036682
YER164W,YGR141W,0,-6.94226,0.08927552402019501,0.9390000104904175,0.9578999876976013
YGR245C,YLR172C,0,-6.944557,0.08926703780889511,0.9390000104904175,0.9580000042915344
YBR169C,YNR049C,0,-6.947997,0.08925855159759521,0.9390000104904175,0.9581000208854675
YMR313C,YLR078C,0,-6.948225,0.08925007283687592,0.9390000104904175,0.9581999778747559
YDL065C,YMR236W,0,-6.949527,0.08924158662557602,0.9390000104904175,0.958299994468689
YGR094W,YOR031W,0,-6.949672,0.08923310786485672,0.9390000104904175,0.9584000110626221
YBL033C,YFL016C,0,-6.9517837,0.08922462910413742,0.9390000104904175,0.9585000276565552
YMR255W,YCL055W,0,-6.9525623,0.08921615034341812,0.9390000104904175,0.9585999846458435
YMR227C,YJR093C,0,-6.9527755,0.08920767903327942,0.9390000104904175,0.9587000012397766
YFL004W,YKL051W,1,-6.952939,0.0892941951751709,0.9399999976158142,0.9587000012397766
YML006C,YOL130W,0,-6.953639,0.0892857164144516,0.9399999976158142,0.9588000178337097
YMR022W,YLR110C,0,-6.9536524,0.0892772376537323,0.9399999976158142,0.958899974822998
YBR086C,YOR354C,0,-6.9580975,0.089268758893013,0.9399999976158142,0.9589999914169312
YGR078C,YDL126C,0,-6.9581723,0.0892602801322937,0.9399999976158142,0.9591000080108643
YGL073W,YGR270W,0,-6.9591904,0.0892518013715744,0.9399999976158142,0.9592000246047974
YMR149W,YFL033C,0,-6.9603276,0.0892433300614357,0.9399999976158142,0.9592999815940857
YHR039C-A,YDR328C,1,-6.96095,0.0893297865986824,0.9409999847412109,0.9592999815940857
YJL104W,YPR009W,0,-6.9612374,0.0893213078379631,0.9409999847412109,0.9593999981880188
YMR197C,YKL080W,1,-6.962063,0.08940774202346802,0.9419999718666077,0.9593999981880188
YDR329C,YLR005W,0,-6.963052,0.08939926326274872,0.9419999718666077,0.9595000147819519
YER028C,YNL239W,0,-6.9662457,0.08939077705144882,0.9419999718666077,0.9595999717712402
YPR052C,YOR133W,0,-6.9681177,0.08938229084014893,0.9419999718666077,0.9596999883651733
YIL149C,YER035W,0,-6.9682693,0.08937381207942963,0.9419999718666077,0.9598000049591064
YMR197C,YEL013W,1,-6.9683905,0.08946020156145096,0.9430000185966492,0.9598000049591064
YBR155W,YJL081C,0,-6.9685125,0.08945171535015106,0.9430000185966492,0.9599000215530396
YEL002C,YJL178C,0,-6.9741483,0.08944322913885117,0.9430000185966492,0.9599999785423279
YHR039C-A,YBL050W,1,-6.974409,0.08952958881855011,0.9440000057220459,0.9599999785423279
YMR005W,YCL035C,0,-6.97456,0.08952110260725021,0.9440000057220459,0.960099995136261
YMR097C,YGL145W,0,-6.975826,0.08951260894536972,0.9440000057220459,0.9602000117301941
YLL027W,YJL134W,0,-6.9767756,0.08950412273406982,0.9440000057220459,0.9603000283241272
YJR090C,YOL054W,0,-6.977229,0.08949563652276993,0.9440000057220459,0.9603999853134155
YCR033W,YOR151C,0,-6.9776273,0.08948715776205063,0.9440000057220459,0.9605000019073486
YGR209C,YIL048W,1,-6.9814196,0.0895734578371048,0.9449999928474426,0.9605000019073486
YOR269W,YOL001W,0,-6.9827843,0.0895649716258049,0.9449999928474426,0.9606000185012817
YOR319W,YGR227W,0,-6.985442,0.089556485414505,0.9449999928474426,0.9606999754905701
YER029C,YKR085C,0,-6.9858356,0.08954799920320511,0.9449999928474426,0.9607999920845032
YLR447C,YBR127C,1,-6.987099,0.08963426202535629,0.9459999799728394,0.9607999920845032
YKR003W,YPL101W,0,-6.987541,0.0896257683634758,0.9459999799728394,0.9609000086784363
YOL133W,YDL004W,0,-6.987711,0.0896172821521759,0.9459999799728394,0.9610000252723694
YMR095C,YML059C,0,-6.9886403,0.08960878849029541,0.9459999799728394,0.9610999822616577
YNL093W,YDR449C,0,-6.98901,0.08960030227899551,0.9459999799728394,0.9611999988555908
YDL194W,YNL216W,0,-6.9895716,0.08959181606769562,0.9459999799728394,0.9613000154495239
YIL048W,YHR060W,1,-6.9909344,0.08967802673578262,0.9470000267028809,0.9613000154495239
YJL141C,YBR126C,0,-6.991166,0.08966954052448273,0.9470000267028809,0.9613999724388123
YKL080W,YEL013W,1,-6.991176,0.08975572884082794,0.9480000138282776,0.9613999724388123
YGR209C,YNL054W,1,-6.991393,0.08984190225601196,0.9490000009536743,0.9613999724388123
YMR231W,YLR240W,1,-6.9930563,0.08992806077003479,0.949999988079071,0.9613999724388123
YJL166W,YHR096C,0,-6.9933314,0.0899195447564125,0.949999988079071,0.9614999890327454
YKL085W,YNL062C,0,-6.9937057,0.08991103619337082,0.949999988079071,0.9616000056266785
YPR017C,YGL122C,0,-6.996643,0.08990252763032913,0.949999988079071,0.9617000222206116
YBL102W,YGR155W,0,-6.9996767,0.08989401906728745,0.949999988079071,0.9617999792098999
YMR044W,YDR311W,0,-6.9997063,0.08988551795482635,0.949999988079071,0.961899995803833
YLR328W,YPL122C,0,-7.000646,0.08987700939178467,0.949999988079071,0.9620000123977661
YFL009W,YDR246W,0,-7.003628,0.08986850827932358,0.949999988079071,0.9621000289916992
YLR396C,YLR148W,1,-7.0042057,0.08995459973812103,0.9509999752044678,0.9621000289916992
YHR026W,YNL079C,1,-7.0042253,0.0900406688451767,0.9520000219345093,0.9621000289916992
YEL013W,YHR060W,1,-7.004277,0.09012672305107117,0.953000009059906,0.9621000289916992
YIL079C,YOR078W,0,-7.0042887,0.09011819958686829,0.953000009059906,0.9621999859809875
YDR177W,YDR073W,0,-7.0045238,0.090109683573246,0.953000009059906,0.9623000025749207
YOR098C,YDR005C,0,-7.005825,0.09010116010904312,0.953000009059906,0.9624000191688538
YLR097C,YPR110C,0,-7.0062675,0.09009264409542084,0.953000009059906,0.9624999761581421
YKL045W,YIL142W,0,-7.0068483,0.09008412808179855,0.953000009059906,0.9625999927520752
YPR100W,YLR362W,0,-7.0091105,0.09007561206817627,0.953000009059906,0.9627000093460083
YMR149W,YOL012C,0,-7.009734,0.09006710350513458,0.953000009059906,0.9628000259399414
YDR328C,YBR127C,1,-7.0111437,0.09015309065580368,0.9539999961853027,0.9628000259399414
YOR136W,YBR086C,0,-7.012842,0.0901445746421814,0.9539999961853027,0.9628999829292297
YDR436W,YOR233W,0,-7.0129027,0.09013605117797852,0.9539999961853027,0.9629999995231628
YJL002C,YDR483W,0,-7.017199,0.09012754261493683,0.9539999961853027,0.963100016117096
YHR039C-A,YIL048W,1,-7.0178246,0.09021349251270294,0.9549999833106995,0.963100016117096
YKR065C,YPL244C,0,-7.01824,0.09020496904850006,0.9549999833106995,0.9631999731063843
YDR096W,YMR044W,0,-7.0188646,0.09019644558429718,0.9549999833106995,0.9632999897003174
YAL055W,YOR269W,0,-7.0190287,0.0901879295706749,0.9549999833106995,0.9634000062942505
YFR033C,YPR008W,0,-7.0204325,0.09017941355705261,0.9549999833106995,0.9635000228881836
YDR295C,YBR216C,0,-7.0206776,0.09017089754343033,0.9549999833106995,0.9635999798774719
YHR133C,YKR085C,0,-7.0210123,0.09016238898038864,0.9549999833106995,0.963699996471405
YER148W,YDL243C,0,-7.02131,0.09015387296676636,0.9549999833106995,0.9638000130653381
YOL063C,YPL007C,0,-7.0226746,0.09014536440372467,0.9549999833106995,0.9639000296592712
YEL060C,YER119C,0,-7.0231924,0.09013685584068298,0.9549999833106995,0.9639999866485596
YOR036W,YGL236C,0,-7.023281,0.0901283472776413,0.9549999833106995,0.9641000032424927
YPR139C,YPL117C,0,-7.0237393,0.0901198461651802,0.9549999833106995,0.9642000198364258
YPR198W,YPR067W,0,-7.025317,0.09011134505271912,0.9549999833106995,0.9642999768257141
YLR398C,YOR209C,0,-7.025843,0.09010283648967743,0.9549999833106995,0.9643999934196472
YLR191W,YGR270W,0,-7.0266232,0.09009434282779694,0.9549999833106995,0.9645000100135803
YOR027W,YCR034W,0,-7.0267873,0.09008584171533585,0.9549999833106995,0.9646000266075134
YDR258C,YOL123W,0,-7.027893,0.09007734060287476,0.9549999833106995,0.9646999835968018
YLR148W,YEL013W,1,-7.0306263,0.09016316384077072,0.9559999704360962,0.9646999835968018
YJL052W,YBR265W,0,-7.032223,0.09015465527772903,0.9559999704360962,0.9648000001907349
YMR146C,YFL033C,0,-7.0332174,0.09014615416526794,0.9559999704360962,0.964900016784668
YKL192C,YHR181W,0,-7.0336323,0.09013766050338745,0.9559999704360962,0.9649999737739563
YHR167W,YIR037W,0,-7.034031,0.09012915939092636,0.9559999704360962,0.9650999903678894
YNL023C,YKR014C,0,-7.0364866,0.09012066572904587,0.9559999704360962,0.9652000069618225
YOL116W,YLR397C,0,-7.0365047,0.09011217206716537,0.9559999704360962,0.9653000235557556
YOR027W,YDR103W,0,-7.0370145,0.09010367840528488,0.9559999704360962,0.965399980545044
YBR135W,YFL018C,0,-7.0372725,0.09009518474340439,0.9559999704360962,0.965499997138977
YML058W,YLR130C,0,-7.0378647,0.0900866910815239,0.9559999704360962,0.9656000137329102
YPL268W,YNL326C,1,-7.0382147,0.0901724323630333,0.9570000171661377,0.9656000137329102
YPR024W,YGR268C,0,-7.038495,0.0901639312505722,0.9570000171661377,0.9656999707221985
YPL224C,YDR086C,0,-7.03868,0.09015543758869171,0.9570000171661377,0.9657999873161316
YDR200C,YPR086W,0,-7.0402517,0.09014695137739182,0.9570000171661377,0.9659000039100647
YGR095C,YHR086W,0,-7.0433397,0.09013845771551132,0.9570000171661377,0.9660000205039978
YPL031C,YIR026C,0,-7.0456295,0.09012997150421143,0.9570000171661377,0.9660999774932861
YKR003W,YIL019W,0,-7.047743,0.09012147784233093,0.9570000171661377,0.9661999940872192
YLR447C,YEL013W,1,-7.048213,0.09020715951919556,0.9580000042915344,0.9661999940872192
YBR155W,YBR006W,0,-7.049818,0.09019866585731506,0.9580000042915344,0.9663000106811523
YOR386W,YML014W,0,-7.0503225,0.09019017219543457,0.9580000042915344,0.9664000272750854
YKR019C,YHR001W-A,0,-7.0515,0.09018167853355408,0.9580000042915344,0.9664999842643738
YDL085W,YLR448W,0,-7.0541496,0.09017319232225418,0.9580000042915344,0.9666000008583069
YGL111W,YDL208W,0,-7.056655,0.09016470611095428,0.9580000042915344,0.96670001745224
YPL075W,YPR155C,0,-7.0569143,0.09015621989965439,0.9580000042915344,0.9667999744415283
YIR011C,YMR089C,0,-7.057401,0.09014773368835449,0.9580000042915344,0.9668999910354614
YOL055C,YFL048C,0,-7.0595202,0.09013925492763519,0.9580000042915344,0.9670000076293945
YIR011C,YBR050C,0,-7.0603724,0.0901307761669159,0.9580000042915344,0.9671000242233276
YJR064W,YLR075W,0,-7.0614734,0.0901222974061966,0.9580000042915344,0.967199981212616
YJL042W,YKR060W,0,-7.062543,0.0901138186454773,0.9580000042915344,0.9672999978065491
YNR058W,YDR116C,0,-7.0642896,0.090105339884758,0.9580000042915344,0.9674000144004822
YHR160C,YBR260C,0,-7.0643663,0.0900968685746193,0.9580000042915344,0.9674999713897705
YGL006W,YOL077C,0,-7.06795,0.09008839726448059,0.9580000042915344,0.9675999879837036
YDR483W,YKR085C,0,-7.0690994,0.09007992595434189,0.9580000042915344,0.9677000045776367
YLR148W,YGL095C,1,-7.071824,0.09016547352075577,0.9589999914169312,0.9677000045776367
YLR215C,YBR214W,0,-7.0719175,0.09015700221061707,0.9589999914169312,0.9678000211715698
YGR227W,YGR005C,0,-7.0733166,0.09014852344989777,0.9589999914169312,0.9678999781608582
YGR095C,YCL032W,0,-7.073718,0.09014005213975906,0.9589999914169312,0.9679999947547913
YMR091C,YDR184C,0,-7.074453,0.09013158082962036,0.9589999914169312,0.9681000113487244
YDR017C,YDL185W,1,-7.0763197,0.09021708369255066,0.9599999785423279,0.9681000113487244
YGR222W,YBR002C,0,-7.077861,0.09020860493183136,0.9599999785423279,0.9682000279426575
YDR071C,YLR144C,0,-7.078205,0.09020013362169266,0.9599999785423279,0.9682999849319458
YJL011C,YCR037C,0,-7.078342,0.09019165486097336,0.9599999785423279,0.9684000015258789
YEL054C,YMR097C,0,-7.0786343,0.09018318355083466,0.9599999785423279,0.968500018119812
YDR339C,YER009W,0,-7.078741,0.09017471224069595,0.9599999785423279,0.9685999751091003
YBR086C,YGL062W,0,-7.080304,0.09016624093055725,0.9599999785423279,0.9686999917030334
YPR103W,YDL231C,0,-7.0815306,0.09015777707099915,0.9599999785423279,0.9688000082969666
YBL045C,YGL030W,0,-7.0835314,0.09014931321144104,0.9599999785423279,0.9689000248908997
YJL166W,YJL048C,0,-7.087269,0.09014084190130234,0.9599999785423279,0.968999981880188
YJR103W,YIR009W,0,-7.0893726,0.09013238549232483,0.9599999785423279,0.9690999984741211
YOR284W,YGL018C,0,-7.0928097,0.09012392163276672,0.9599999785423279,0.9692000150680542
YKL080W,YBL050W,1,-7.0944166,0.09020932763814926,0.9610000252723694,0.9692000150680542
YJL140W,YGR186W,0,-7.094796,0.09020086377859116,0.9610000252723694,0.9692999720573425
YBR169C,YEL042W,0,-7.0972776,0.09019239991903305,0.9610000252723694,0.9693999886512756
YNL129W,YGR029W,0,-7.097533,0.09018393605947495,0.9610000252723694,0.9695000052452087
YJR046W,YBR290W,0,-7.1009254,0.09017547219991684,0.9610000252723694,0.9696000218391418
YMR119W,YDR312W,0,-7.1035185,0.09016700834035873,0.9610000252723694,0.9696999788284302
YLR138W,YLR298C,0,-7.104417,0.09015855193138123,0.9610000252723694,0.9697999954223633
YPR056W,YBL055C,0,-7.108887,0.09015009552240372,0.9610000252723694,0.9699000120162964
YEL017C-A,YKL046C,0,-7.109908,0.09014163911342621,0.9610000252723694,0.9700000286102295
YGR254W,YHR026W,1,-7.113247,0.09022697061300278,0.9620000123977661,0.9700000286102295
YBR109C,YIL048W,1,-7.116806,0.09031229466199875,0.9629999995231628,0.9700000286102295
YNL091W,YFL036W,0,-7.1179934,0.09030382335186005,0.9629999995231628,0.9700999855995178
YPR051W,YNL119W,0,-7.1210427,0.09029535949230194,0.9629999995231628,0.9702000021934509
YPL268W,YLR148W,1,-7.122908,0.09038064628839493,0.9639999866485596,0.9702000021934509
YKR026C,YDR083W,0,-7.123867,0.09037217497825623,0.9639999866485596,0.970300018787384
YDL181W,YDR465C,0,-7.124833,0.09036370366811752,0.9639999866485596,0.9703999757766724
YOR089C,YDL046W,0,-7.1285048,0.09035523235797882,0.9639999866485596,0.9704999923706055
YLR043C,YIL048W,1,-7.128657,0.09044048935174942,0.9649999737739563,0.9704999923706055
YPL212C,YKL141W,0,-7.1315813,0.09043201059103012,0.9649999737739563,0.9706000089645386
YBR130C,YGR281W,0,-7.1318045,0.09042353928089142,0.9649999737739563,0.9707000255584717
YMR243C,YNR006W,0,-7.1325274,0.09041506797075272,0.9649999737739563,0.97079998254776
YMR197C,YNL015W,1,-7.132673,0.09050028026103973,0.9660000205039978,0.97079998254776
YHR188C,YEL042W,0,-7.1344805,0.09049180150032043,0.9660000205039978,0.9708999991416931
YPL045W,YBL050W,1,-7.1346893,0.09057699143886566,0.9670000076293945,0.9708999991416931
YBL040C,YLL050C,0,-7.136593,0.09056851267814636,0.9670000076293945,0.9710000157356262
YKL146W,YOL013C,0,-7.136847,0.09056002646684647,0.9670000076293945,0.9710999727249146
YHR008C,YDL076C,0,-7.140267,0.09055154770612717,0.9670000076293945,0.9711999893188477
YPL156C,YGR143W,0,-7.1405993,0.09054306894540787,0.9670000076293945,0.9713000059127808
YDR190C,YPR010C,0,-7.142478,0.09053459763526917,0.9670000076293945,0.9714000225067139
YHR027C,YPR080W,0,-7.14362,0.09052611887454987,0.9670000076293945,0.9714999794960022
YLL021W,YMR077C,0,-7.144412,0.09051764756441116,0.9670000076293945,0.9715999960899353
YDR211W,YBR026C,0,-7.1462975,0.09050917625427246,0.9670000076293945,0.9717000126838684
YHR041C,YIL142W,0,-7.14639,0.09050070494413376,0.9670000076293945,0.9718000292778015
YOL006C,YOL012C,0,-7.1478004,0.09049223363399506,0.9670000076293945,0.9718999862670898
YKL073W,YMR316W,0,-7.148201,0.09048376232385635,0.9670000076293945,0.972000002861023
YCL039W,YNL311C,0,-7.1498575,0.09047529846429825,0.9670000076293945,0.972100019454956
YDL147W,YNL049C,0,-7.15097,0.09046683460474014,0.9670000076293945,0.9721999764442444
YDL108W,YOR122C,0,-7.151314,0.09045837074518204,0.9670000076293945,0.9722999930381775
YER093C,YGR172C,0,-7.152279,0.09044991433620453,0.9670000076293945,0.9724000096321106
YCL059C,YHR075C,0,-7.1548986,0.09044145047664642,0.9670000076293945,0.9725000262260437
YDL015C,YER155C,0,-7.155411,0.09043299406766891,0.9670000076293945,0.972599983215332
YNL261W,YIL033C,0,-7.1563654,0.0904245376586914,0.9670000076293945,0.9726999998092651
YOR377W,YPL271W,0,-7.157157,0.0904160812497139,0.9670000076293945,0.9728000164031982
YGL208W,YNL280C,0,-7.1605663,0.09040763229131699,0.9670000076293945,0.9728999733924866
YGR046W,YMR013C,0,-7.160672,0.09039917588233948,0.9670000076293945,0.9729999899864197
YPR088C,YMR183C,0,-7.162299,0.09039072692394257,0.9670000076293945,0.9731000065803528
YPL139C,YPR093C,0,-7.165047,0.09038227796554565,0.9670000076293945,0.9732000231742859
YJL166W,YAL023C,0,-7.165347,0.09037382900714874,0.9670000076293945,0.9732999801635742
YKR081C,YGR162W,0,-7.1655455,0.09036538749933243,0.9670000076293945,0.9733999967575073
YHL011C,YER049W,0,-7.165865,0.09035694599151611,0.9670000076293945,0.9735000133514404
YBL090W,YHR166C,0,-7.1671734,0.0903484970331192,0.9670000076293945,0.9735999703407288
YDR017C,YPR036W,1,-7.1672034,0.09043348580598831,0.9679999947547913,0.9735999703407288
YGR057C,YKL016C,0,-7.168705,0.0904250368475914,0.9679999947547913,0.9736999869346619
YPL086C,YDR517W,0,-7.169193,0.09041658788919449,0.9679999947547913,0.973800003528595
YPR052C,YNL220W,0,-7.173356,0.09040814638137817,0.9679999947547913,0.9739000201225281
YNL268W,YDR162C,0,-7.173611,0.09039970487356186,0.9679999947547913,0.9739999771118164
YLR100W,YPL059W,0,-7.174349,0.09039126336574554,0.9679999947547913,0.9740999937057495
YLR183C,YJL186W,0,-7.1872606,0.09038282185792923,0.9679999947547913,0.9742000102996826
YNL280C,YOR045W,0,-7.187709,0.09037438035011292,0.9679999947547913,0.9743000268936157
YOR327C,YER019C-A,0,-7.1883993,0.0903659462928772,0.9679999947547913,0.974399983882904
YBR049C,YMR188C,0,-7.191284,0.09035751223564148,0.9679999947547913,0.9745000004768372
YLR153C,YDR145W,0,-7.191396,0.09034907817840576,0.9679999947547913,0.9746000170707703
YER009W,YGL166W,0,-7.194394,0.09034064412117004,0.9679999947547913,0.9746999740600586
YGR085C,YAL016W,0,-7.195127,0.09033221006393433,0.9679999947547913,0.9747999906539917
YPR110C,YPR154W,0,-7.1954603,0.0903237834572792,0.9679999947547913,0.9749000072479248
YNL129W,YDR214W,0,-7.195836,0.09031535685062408,0.9679999947547913,0.9750000238418579
YDL078C,YDL095W,0,-7.1966047,0.09030693024396896,0.9679999947547913,0.9750999808311462
YOL071W,YBR216C,0,-7.196835,0.09029851108789444,0.9679999947547913,0.9751999974250793
YLR401C,YKL150W,0,-7.1987963,0.09029008448123932,0.9679999947547913,0.9753000140190125
YPL015C,YHR196W,0,-7.1992636,0.0902816653251648,0.9679999947547913,0.9753999710083008
YDR487C,YJR001W,0,-7.19969,0.09027324616909027,0.9679999947547913,0.9754999876022339
YMR056C,YIL110W,0,-7.2009706,0.09026482701301575,0.9679999947547913,0.975600004196167
YKL119C,YBR109C,1,-7.201498,0.09034965187311172,0.968999981880188,0.975600004196167
YLR368W,YOR037W,0,-7.207624,0.0903412252664566,0.968999981880188,0.9757000207901001
YKL195W,YBL033C,0,-7.2077594,0.09033280611038208,0.968999981880188,0.9757999777793884
YHR204W,YNL003C,0,-7.208129,0.09032438695430756,0.968999981880188,0.9758999943733215
YDR311W,YDR386W,0,-7.2081523,0.09031596779823303,0.968999981880188,0.9760000109672546
YGR209C,YGL095C,1,-7.208287,0.09040074795484543,0.9700000286102295,0.9760000109672546
YDR182W,YGL025C,0,-7.2117405,0.09039232134819031,0.9700000286102295,0.9761000275611877
YLR368W,YCR083W,0,-7.2125645,0.09038390219211578,0.9700000286102295,0.9761999845504761
YJR065C,YHR150W,0,-7.2143774,0.09037547558546066,0.9700000286102295,0.9763000011444092
YLR145W,YJR126C,0,-7.216232,0.09036705642938614,0.9700000286102295,0.9764000177383423
YER148W,YPL193W,0,-7.2165036,0.09035863727331161,0.9700000286102295,0.9764999747276306
YDR177W,YDL153C,0,-7.2205105,0.09035022556781769,0.9700000286102295,0.9765999913215637
YPL156C,YNR023W,0,-7.2218714,0.09034180641174316,0.9700000286102295,0.9767000079154968
YDR025W,YER162C,0,-7.224041,0.09033339470624924,0.9700000286102295,0.9768000245094299
YCL067C,YFL048C,0,-7.2285786,0.09032498300075531,0.9700000286102295,0.9768999814987183
YDR507C,YOR089C,0,-7.2310243,0.09031657129526138,0.9700000286102295,0.9769999980926514
YOR281C,YDL188C,0,-7.2343464,0.09030816704034805,0.9700000286102295,0.9771000146865845
YIL070C,YDR375C,0,-7.2343893,0.09029975533485413,0.9700000286102295,0.9771999716758728
YBR061C,YBL009W,0,-7.2351522,0.0902913510799408,0.9700000286102295,0.9772999882698059
YLR163C,YJL134W,0,-7.2405705,0.09028294682502747,0.9700000286102295,0.977400004863739
YDL088C,YDL207W,0,-7.243902,0.09027455002069473,0.9700000286102295,0.9775000214576721
YDL060W,YPL059W,0,-7.244311,0.0902661457657814,0.9700000286102295,0.9775999784469604
YDR303C,YOL001W,0,-7.245687,0.09025774896144867,0.9700000286102295,0.9776999950408936
YLR075W,YDL126C,0,-7.248499,0.09024935215711594,0.9700000286102295,0.9778000116348267
YHR188C,YJL198W,0,-7.249967,0.0902409553527832,0.9700000286102295,0.9779000282287598
YPR033C,YGL104C,0,-7.2530317,0.09023255854845047,0.9700000286102295,0.9779999852180481
YMR005W,YMR285C,0,-7.253486,0.09022416174411774,0.9700000286102295,0.9781000018119812
YLR078C,YBR068C,0,-7.2537527,0.0902157723903656,0.9700000286102295,0.9782000184059143
YNL111C,YDR423C,0,-7.254307,0.09020738303661346,0.9700000286102295,0.9782999753952026
YDR182W,YKL148C,0,-7.25486,0.09019899368286133,0.9700000286102295,0.9783999919891357
YGL166W,YOR023C,0,-7.254905,0.09019061177968979,0.9700000286102295,0.9785000085830688
YPL190C,YEL009C,0,-7.254986,0.09018222242593765,0.9700000286102295,0.978600025177002
YER022W,YDR073W,0,-7.2553186,0.09017384052276611,0.9700000286102295,0.9786999821662903
YPR094W,YBR258C,0,-7.2573566,0.09016545861959457,0.9700000286102295,0.9787999987602234
YMR200W,YGR118W,0,-7.2613335,0.09015707671642303,0.9700000286102295,0.9789000153541565
YDL081C,YIL125W,0,-7.264182,0.09014870226383209,0.9700000286102295,0.9789999723434448
YKR067W,YLR276C,0,-7.2665663,0.09014032036066055,0.9700000286102295,0.9790999889373779
YNL061W,YEL041W,0,-7.2677135,0.09013194590806961,0.9700000286102295,0.979200005531311
YGL020C,YMR053C,0,-7.271288,0.09012357145547867,0.9700000286102295,0.9793000221252441
YIL125W,YHR133C,0,-7.2729216,0.09011519700288773,0.9700000286102295,0.9793999791145325
YOR341W,YMR146C,0,-7.2766447,0.09010683000087738,0.9700000286102295,0.9794999957084656
YLR401C,YKL082C,0,-7.2768965,0.09009845554828644,0.9700000286102295,0.9796000123023987
YGL208W,YMR014W,0,-7.279722,0.09009008854627609,0.9700000286102295,0.9797000288963318
YOR143C,YDL194W,0,-7.2814236,0.09008172154426575,0.9700000286102295,0.9797999858856201
YNL298W,YML120C,0,-7.2840023,0.090073361992836,0.9700000286102295,0.9799000024795532
YOR265W,YPL178W,0,-7.288417,0.09006499499082565,0.9700000286102295,0.9800000190734863
YPL242C,YDL004W,0,-7.289317,0.0900566354393959,0.9700000286102295,0.9800999760627747
YLR183C,YLR103C,0,-7.290476,0.09004827588796616,0.9700000286102295,0.9801999926567078
YKL148C,YGR200C,0,-7.2923875,0.09003991633653641,0.9700000286102295,0.9803000092506409
YDL213C,YDR129C,0,-7.295099,0.09003155678510666,0.9700000286102295,0.980400025844574
YNR006W,YER025W,0,-7.2955627,0.09002320468425751,0.9700000286102295,0.9804999828338623
YPR057W,YPR056W,0,-7.296224,0.09001484513282776,0.9700000286102295,0.9805999994277954
YLR192C,YBR006W,0,-7.297563,0.09000649303197861,0.9700000286102295,0.9807000160217285
YCR048W,YOL055C,0,-7.298332,0.08999814093112946,0.9700000286102295,0.9807999730110168
YGR254W,YOR332W,1,-7.2996907,0.0900825709104538,0.9710000157356262,0.9807999730110168
YOR261C,YOR020C,0,-7.30062,0.09007421135902405,0.9710000157356262,0.98089998960495
YBR179C,YLR264W,0,-7.303335,0.0900658592581749,0.9710000157356262,0.9810000061988831
YOR261C,YKR068C,0,-7.305951,0.09005749970674515,0.9710000157356262,0.9811000227928162
YPR110C,YKL082C,0,-7.306056,0.09004915505647659,0.9710000157356262,0.9811999797821045
YGR134W,YHR150W,0,-7.306469,0.09004080295562744,0.9710000157356262,0.9812999963760376
YJR046W,YPR100W,0,-7.306737,0.09003245085477829,0.9710000157356262,0.9814000129699707
YDR092W,YGR200C,0,-7.30801,0.09002410620450974,0.9710000157356262,0.9815000295639038
YKL110C,YIL154C,0,-7.308325,0.09001576155424118,0.9710000157356262,0.9815999865531921
YFR003C,YGL013C,0,-7.3104467,0.09000741690397263,0.9710000157356262,0.9817000031471252
YKL064W,YDR295C,0,-7.310563,0.08999907225370407,0.9710000157356262,0.9818000197410583
YDL185W,YBR127C,1,-7.3117228,0.09008341282606125,0.972000002861023,0.9818000197410583
YDL106C,YPL244C,0,-7.312207,0.0900750607252121,0.972000002861023,0.9818999767303467
YKL073W,YDL020C,0,-7.312392,0.09006671607494354,0.972000002861023,0.9819999933242798
YOR198C,YDR099W,0,-7.314472,0.09005837142467499,0.972000002861023,0.9821000099182129
YNL258C,YPR165W,0,-7.314707,0.09005002677440643,0.972000002861023,0.982200026512146
YBR036C,YPL175W,0,-7.315194,0.09004168957471848,0.972000002861023,0.9822999835014343
YCL059C,YFL018C,0,-7.3155746,0.09003334492444992,0.972000002861023,0.9824000000953674
YKL099C,YPL206C,0,-7.315852,0.09002500772476196,0.972000002861023,0.9825000166893005
YPR008W,YBR265W,0,-7.3180795,0.090016670525074,0.972000002861023,0.9825999736785889
YJL024C,YML115C,0,-7.3195953,0.09000833332538605,0.972000002861023,0.982699990272522
YPL043W,YIL103W,0,-7.320524,0.09000000357627869,0.972000002861023,0.9828000068664551
YNL156C,YBR068C,0,-7.325325,0.08999166637659073,0.972000002861023,0.9829000234603882
YBR280C,YGR169C,0,-7.3273726,0.08998333662748337,0.972000002861023,0.9829999804496765
YJL143W,YBR114W,0,-7.3274455,0.08997500687837601,0.972000002861023,0.9830999970436096
YEL003W,YKL150W,0,-7.3295727,0.08996667712926865,0.972000002861023,0.9832000136375427
YNL292W,YBR126C,0,-7.3307123,0.08995835483074188,0.972000002861023,0.983299970626831
YOL006C,YDR494W,0,-7.335331,0.08995002508163452,0.972000002861023,0.9833999872207642
YPL075W,YIL065C,0,-7.3392115,0.08994170278310776,0.972000002861023,0.9835000038146973
YNL044W,YPL218W,0,-7.33922,0.089933380484581,0.972000002861023,0.9836000204086304
YHR174W,YBR127C,1,-7.3397074,0.09001757949590683,0.9729999899864197,0.9836000204086304
YDL051W,YMR092C,0,-7.340325,0.09000924974679947,0.9729999899864197,0.9836999773979187
YNL188W,YBR223C,0,-7.3406982,0.0900009274482727,0.9729999899864197,0.9837999939918518
YNL062C,YPL043W,0,-7.342574,0.08999259769916534,0.9729999899864197,0.9839000105857849
YDR017C,YFL039C,1,-7.3426495,0.0900767594575882,0.9739999771118164,0.9839000105857849
YNL049C,YDL128W,0,-7.343612,0.09006842970848083,0.9739999771118164,0.984000027179718
YNL015W,YCL063W,1,-7.3437843,0.0901525691151619,0.9750000238418579,0.984000027179718
YLR043C,YEL013W,1,-7.347896,0.09023668617010117,0.9760000109672546,0.984000027179718
YPR023C,YKL073W,0,-7.348791,0.09022834151983261,0.9760000109672546,0.9840999841690063
YKR026C,YLR068W,0,-7.351231,0.09022000432014465,0.9760000109672546,0.9842000007629395
YMR081C,YIL052C,0,-7.352154,0.0902116671204567,0.9760000109672546,0.9843000173568726
YKR026C,YBR207W,0,-7.3529434,0.09020332992076874,0.9760000109672546,0.9843999743461609
YNL113W,YHR169W,0,-7.3558607,0.09019499272108078,0.9760000109672546,0.984499990940094
YKR089C,YIL008W,0,-7.3559513,0.09018665552139282,0.9760000109672546,0.9846000075340271
YDL085W,YOL031C,0,-7.356103,0.09017832577228546,0.9760000109672546,0.9847000241279602
YNL079C,YDR328C,1,-7.357192,0.09026238322257996,0.9769999980926514,0.9847000241279602
YCR048W,YCR071C,0,-7.363681,0.0902540385723114,0.9769999980926514,0.9847999811172485
YMR146C,YPL214C,0,-7.367015,0.09024570137262344,0.9769999980926514,0.9848999977111816
YAL029C,YDL015C,0,-7.3678503,0.09023737162351608,0.9769999980926514,0.9850000143051147
YFR051C,YHR053C,0,-7.370187,0.09022903442382812,0.9769999980926514,0.9850999712944031
YFR014C,YDL083C,0,-7.3732214,0.09022070467472076,0.9769999980926514,0.9851999878883362
YNL147W,YNL310C,0,-7.375414,0.0902123749256134,0.9769999980926514,0.9853000044822693
YBR121C,YDL085W,0,-7.379373,0.09020404517650604,0.9769999980926514,0.9854000210762024
YLR097C,YLR007W,0,-7.379981,0.09019571542739868,0.9769999980926514,0.9854999780654907
YPL213W,YGL252C,0,-7.3822103,0.09018739312887192,0.9769999980926514,0.9855999946594238
YDL081C,YKR067W,0,-7.386557,0.09017906337976456,0.9769999980926514,0.9857000112533569
YPR023C,YNL264C,0,-7.392337,0.09017074108123779,0.9769999980926514,0.98580002784729
YBL102W,YHR088W,0,-7.393908,0.09016241878271103,0.9769999980926514,0.9858999848365784
YLR097C,YBR049C,0,-7.39719,0.09015410393476486,0.9769999980926514,0.9860000014305115
YER022W,YDR334W,0,-7.398273,0.0901457816362381,0.9769999980926514,0.9861000180244446
YEL013W,YDR328C,1,-7.398406,0.09022972732782364,0.9779999852180481,0.9861000180244446
YDL047W,YBR215W,0,-7.4005017,0.09022140502929688,0.9779999852180481,0.9861999750137329
YNL156C,YLL021W,0,-7.40051,0.09021308273077011,0.9779999852180481,0.986299991607666
YBL050W,YNL015W,1,-7.405362,0.09029699116945267,0.9789999723434448,0.986299991607666
YGR254W,YBR109C,1,-7.4059544,0.09038089215755463,0.9800000190734863,0.986299991607666
YDR005C,YMR188C,0,-7.406199,0.09037255495786667,0.9800000190734863,0.9864000082015991
YDL175C,YDL092W,0,-7.406597,0.09036422520875931,0.9800000190734863,0.9865000247955322
YOR043W,YER161C,0,-7.4136124,0.09035588800907135,0.9800000190734863,0.9865999817848206
YER126C,YMR092C,0,-7.4155746,0.09034755825996399,0.9800000190734863,0.9866999983787537
YDR328C,YHR174W,1,-7.4187927,0.09043141454458237,0.9810000061988831,0.9866999983787537
YDR499W,YGR029W,0,-7.4358377,0.09042307734489441,0.9810000061988831,0.9868000149726868
YJR093C,YBR288C,0,-7.436436,0.09041474759578705,0.9810000061988831,0.9868999719619751
YOL130W,YGR143W,0,-7.4400177,0.09040641784667969,0.9810000061988831,0.9869999885559082
YFL036W,YGL066W,0,-7.445468,0.09039808064699173,0.9810000061988831,0.9871000051498413
YMR197C,YHR026W,1,-7.447691,0.09048189222812653,0.9819999933242798,0.9871000051498413
YPL086C,YBR223C,0,-7.453086,0.09047355502843857,0.9819999933242798,0.9872000217437744
YDL201W,YDR284C,0,-7.4556074,0.09046522527933121,0.9819999933242798,0.9872999787330627
YKL146W,YDR311W,0,-7.456582,0.09045688807964325,0.9819999933242798,0.9873999953269958
YOR036W,YPR167C,0,-7.4567213,0.09044855833053589,0.9819999933242798,0.987500011920929
YLR133W,YDR465C,0,-7.4567814,0.09044022858142853,0.9819999933242798,0.9876000285148621
YMR077C,YPR067W,0,-7.4567957,0.09043189883232117,0.9819999933242798,0.9876999855041504
YFL036W,YOR160W,0,-7.460591,0.0904235690832138,0.9819999933242798,0.9878000020980835
YCR028C,YPL020C,0,-7.461167,0.09041524678468704,0.9819999933242798,0.9879000186920166
YFR014C,YOR207C,0,-7.475587,0.09040692448616028,0.9819999933242798,0.9879999756813049
YBR283C,YNL135C,0,-7.476113,0.09039860218763351,0.9819999933242798,0.988099992275238
YCL059C,YDL149W,0,-7.4813766,0.09039027988910675,0.9819999933242798,0.9882000088691711
YDL078C,YOR115C,0,-7.4819674,0.09038195759057999,0.9819999933242798,0.9883000254631042
YDL143W,YIL142W,0,-7.491952,0.09037364274263382,0.9819999933242798,0.9883999824523926
YGR007W,YAL035W,0,-7.492511,0.09036532789468765,0.9819999933242798,0.9884999990463257
YIL042C,YDR091C,0,-7.501374,0.09035701304674149,0.9819999933242798,0.9886000156402588
YMR097C,YJL011C,0,-7.5045886,0.09034869819879532,0.9819999933242798,0.9886999726295471
YOL113W,YOL055C,0,-7.512983,0.09034038335084915,0.9819999933242798,0.9887999892234802
YDL029W,YPL128C,0,-7.516097,0.09033207595348358,0.9819999933242798,0.9889000058174133
YKL056C,YFL033C,0,-7.518253,0.09032376855611801,0.9819999933242798,0.9890000224113464
YOR213C,YOR327C,0,-7.5207796,0.09031546115875244,0.9819999933242798,0.9890999794006348
YNL147W,YBR058C,0,-7.5285006,0.09030715376138687,0.9819999933242798,0.9891999959945679
YPL266W,YPR155C,0,-7.5293508,0.0902988538146019,0.9819999933242798,0.989300012588501
YLR197W,YDR398W,0,-7.532407,0.09029054641723633,0.9819999933242798,0.9894000291824341
YHL019C,YEL042W,0,-7.533946,0.09028224647045135,0.9819999933242798,0.9894999861717224
YPL266W,YER035W,0,-7.5354104,0.09027394652366638,0.9819999933242798,0.9896000027656555
YBL024W,YMR081C,0,-7.5408354,0.09026564657688141,0.9819999933242798,0.9897000193595886
YBR109C,YDR328C,1,-7.550455,0.09034926444292068,0.9829999804496765,0.9897000193595886
YLR043C,YPL234C,1,-7.5505104,0.09043286740779877,0.984000027179718,0.9897000193595886
YLR397C,YJL094C,0,-7.5634356,0.0904245525598526,0.984000027179718,0.989799976348877
YDL019C,YPL211W,0,-7.570128,0.09041624516248703,0.984000027179718,0.9898999929428101
YOL112W,YPR008W,0,-7.570714,0.09040793776512146,0.984000027179718,0.9900000095367432
YNL038W,YLR069C,0,-7.5730267,0.09039963036775589,0.984000027179718,0.9901000261306763
YOR132W,YPL211W,0,-7.574809,0.09039133042097092,0.984000027179718,0.9901999831199646
YNL062C,YPL100W,0,-7.5766745,0.09038302302360535,0.984000027179718,0.9902999997138977
YBL099W,YBR154C,0,-7.583558,0.09037472307682037,0.984000027179718,0.9904000163078308
YCL059C,YDL166C,0,-7.585189,0.0903664231300354,0.984000027179718,0.9904999732971191
YBR109C,YEL013W,1,-7.592761,0.09044995158910751,0.9850000143051147,0.9904999732971191
YKR067W,YMR308C,0,-7.6013575,0.09044165164232254,0.9850000143051147,0.9905999898910522
YHR026W,YKL080W,1,-7.6054916,0.09052515774965286,0.9860000014305115,0.9905999898910522
YBR109C,YBL050W,1,-7.6058965,0.09060864895582199,0.9869999885559082,0.9905999898910522
YLR097C,YNL123W,0,-7.607005,0.09060033410787582,0.9869999885559082,0.9907000064849854
YNL009W,YDL052C,0,-7.6077685,0.09059201180934906,0.9869999885559082,0.9908000230789185
YNL192W,YOR299W,0,-7.6124,0.0905836969614029,0.9869999885559082,0.9908999800682068
YDL153C,YDR194C,0,-7.6149874,0.09057538956403732,0.9869999885559082,0.9909999966621399
YNL002C,YOL013C,0,-7.618436,0.09056707471609116,0.9869999885559082,0.991100013256073
YGR254W,YBR127C,1,-7.619173,0.0906505212187767,0.9879999756813049,0.991100013256073
YER126C,YPL147W,0,-7.629329,0.09064219892024994,0.9879999756813049,0.9911999702453613
YPR024W,YIL122W,0,-7.6364045,0.09063388407230377,0.9879999756813049,0.9912999868392944
YDL197C,YKR085C,0,-7.6411743,0.0906255766749382,0.9879999756813049,0.9914000034332275
YCL035C,YKL190W,0,-7.6429243,0.09061726182699203,0.9879999756813049,0.9915000200271606
YDL148C,YGR268C,0,-7.6444063,0.09060895442962646,0.9879999756813049,0.991599977016449
YDL130W,YOR063W,0,-7.646128,0.0906006395816803,0.9879999756813049,0.9916999936103821
YKL080W,YBR127C,1,-7.646656,0.09068402647972107,0.9890000224113464,0.9916999936103821
YBR165W,YDL013W,0,-7.649896,0.0906757116317749,0.9890000224113464,0.9918000102043152
YOR036W,YHR133C,0,-7.650512,0.09066739678382874,0.9890000224113464,0.9919000267982483
YOR109W,YGR267C,0,-7.669038,0.09065908938646317,0.9890000224113464,0.9919999837875366
YDR182W,YMR089C,0,-7.6735005,0.0906507819890976,0.9890000224113464,0.9921000003814697
YLR196W,YGR268C,0,-7.6783247,0.09064247459173203,0.9890000224113464,0.9922000169754028
YER012W,YGR253C,0,-7.683257,0.09063416719436646,0.9890000224113464,0.9922999739646912
YKL064W,YPR093C,0,-7.690627,0.09062585979700089,0.9890000224113464,0.9923999905586243
YHR150W,YLR078C,0,-7.7009478,0.09061755239963531,0.9890000224113464,0.9925000071525574
YMR183C,YER148W,0,-7.701841,0.09060925245285034,0.9890000224113464,0.9926000237464905
YIL079C,YDR516C,0,-7.703931,0.09060095250606537,0.9890000224113464,0.9926999807357788
YML011C,YJR090C,0,-7.7115054,0.0905926525592804,0.9890000224113464,0.9927999973297119
YHR026W,YBR127C,1,-7.7121725,0.090675950050354,0.9900000095367432,0.9927999973297119
YCL031C,YKL154W,0,-7.7165885,0.09066764265298843,0.9900000095367432,0.992900013923645
YNL156C,YHR204W,0,-7.721505,0.09065934270620346,0.9900000095367432,0.9929999709129333
YDR436W,YOR269W,0,-7.7216654,0.09065104275941849,0.9900000095367432,0.9930999875068665
YKL148C,YKL146W,0,-7.7277904,0.09064274281263351,0.9900000095367432,0.9932000041007996
YOR362C,YER145C,0,-7.730439,0.09063444286584854,0.9900000095367432,0.9933000206947327
YER009W,YLR362W,0,-7.7328525,0.09062614291906357,0.9900000095367432,0.993399977684021
YHR008C,YKL114C,0,-7.7340784,0.09061785042285919,0.9900000095367432,0.9934999942779541
YLR096W,YOR123C,0,-7.7426367,0.09060955792665482,0.9900000095367432,0.9936000108718872
YDR017C,YPL045W,1,-7.7441673,0.09069278091192245,0.9909999966621399,0.9936000108718872
YLR276C,YKL034W,0,-7.7503295,0.09068448096513748,0.9909999966621399,0.9937000274658203
YPL234C,YHR026W,1,-7.7503366,0.09076768159866333,0.9919999837875366,0.9937000274658203
YLR447C,YKL080W,1,-7.7738137,0.09085086733102798,0.9929999709129333,0.9937000274658203
YGL099W,YDR060W,0,-7.7796407,0.09084255993366241,0.9929999709129333,0.9937999844551086
YBR214W,YPL214C,0,-7.7849584,0.09083424508571625,0.9929999709129333,0.9939000010490417
YBR283C,YAL016W,0,-7.7862244,0.09082593768835068,0.9929999709129333,0.9940000176429749
YPR113W,YGR253C,0,-7.788194,0.09081763029098511,0.9929999709129333,0.9940999746322632
YJL198W,YKL016C,0,-7.7889814,0.09080933034420013,0.9929999709129333,0.9941999912261963
YBR212W,YPL203W,0,-7.8047643,0.09080102294683456,0.9929999709129333,0.9943000078201294
YLR292C,YDL128W,0,-7.8123655,0.09079272300004959,0.9929999709129333,0.9944000244140625
YDL088C,YIL135C,0,-7.8310456,0.09078442305326462,0.9929999709129333,0.9944999814033508
YLL026W,YGL211W,0,-7.832403,0.09077612310647964,0.9929999709129333,0.9945999979972839
YPL091W,YCR047C,0,-7.834095,0.09076782315969467,0.9929999709129333,0.994700014591217
YDR147W,YDL013W,0,-7.841072,0.0907595306634903,0.9929999709129333,0.9947999715805054
YDL112W,YOR361C,0,-7.8437786,0.09075123071670532,0.9929999709129333,0.9948999881744385
YNL268W,YPL203W,0,-7.843981,0.09074293822050095,0.9929999709129333,0.9950000047683716
YDL201W,YDL213C,0,-7.8473015,0.09073464572429657,0.9929999709129333,0.9951000213623047
YJR121W,YDR190C,0,-7.8499002,0.09072636067867279,0.9929999709129333,0.995199978351593
YBR036C,YNL032W,0,-7.852126,0.09071806818246841,0.9929999709129333,0.9952999949455261
YOR054C,YDR412W,0,-7.867013,0.09070978313684464,0.9929999709129333,0.9954000115394592
YGR268C,YNL075W,0,-7.8766594,0.09070149809122086,0.9929999709129333,0.9955000281333923
YBR109C,YNL079C,1,-7.880638,0.09078454971313477,0.9940000176429749,0.9955000281333923
YPL203W,YPL217C,0,-7.882634,0.09077625721693039,0.9940000176429749,0.9955999851226807
YFL002C,YOR004W,0,-7.8869495,0.09076796472072601,0.9940000176429749,0.9957000017166138
YNL038W,YDL120W,0,-7.893142,0.09075967967510223,0.9940000176429749,0.9958000183105469
YKR014C,YDR359C,0,-7.924202,0.09075139462947845,0.9940000176429749,0.9958999752998352
YJL050W,YGL171W,0,-7.927827,0.09074310958385468,0.9940000176429749,0.9959999918937683
YLR449W,YBR079C,0,-7.938162,0.0907348245382309,0.9940000176429749,0.9961000084877014
YBR132C,YDR465C,0,-7.9439583,0.09072653949260712,0.9940000176429749,0.9962000250816345
YOL013C,YGR245C,0,-7.9494157,0.09071826189756393,0.9940000176429749,0.9962999820709229
YDL212W,YPR110C,0,-7.983238,0.09070998430252075,0.9940000176429749,0.996399998664856
YMR255W,YPR086W,0,-7.9888554,0.09070170670747757,0.9940000176429749,0.9965000152587891
YKR024C,YDR453C,0,-7.9896917,0.09069342911243439,0.9940000176429749,0.9965999722480774
YOR340C,YNL151C,0,-7.9952736,0.0906851589679718,0.9940000176429749,0.9966999888420105
YDR512C,YMR239C,0,-7.995293,0.09067688137292862,0.9940000176429749,0.9968000054359436
YNR015W,YGR044C,0,-8.024884,0.09066861122846603,0.9940000176429749,0.9969000220298767
YPL089C,YOR007C,0,-8.040924,0.09066034108400345,0.9940000176429749,0.996999979019165
YPL139C,YNL311C,0,-8.045715,0.09065207839012146,0.9940000176429749,0.9970999956130981
YDR101C,YIL062C,0,-8.063039,0.09064380824565887,0.9940000176429749,0.9972000122070312
YIL042C,YHR068W,0,-8.075499,0.09063554555177689,0.9940000176429749,0.9973000288009644
YNL182C,YOR036W,0,-8.083459,0.0906272828578949,0.9940000176429749,0.9973999857902527
YJR065C,YDL166C,0,-8.116491,0.09061902016401291,0.9940000176429749,0.9975000023841858
YMR197C,YPL045W,1,-8.136827,0.09070191532373428,0.9950000047683716,0.9975000023841858
YMR302C,YBR247C,0,-8.141949,0.0906936451792717,0.9950000047683716,0.9976000189781189
YOL006C,YDL004W,0,-8.144547,0.09068538248538971,0.9950000047683716,0.9976999759674072
YDR453C,YEL042W,0,-8.17975,0.09067711979150772,0.9950000047683716,0.9977999925613403
YJL002C,YLR193C,0,-8.181915,0.09066885709762573,0.9950000047683716,0.9979000091552734
YER126C,YHR171W,0,-8.187995,0.09066059440374374,0.9950000047683716,0.9980000257492065
YGR254W,YFL039C,1,-8.199213,0.09074343740940094,0.9959999918937683,0.9980000257492065
YJL063C,YKR085C,0,-8.228157,0.09073517471551895,0.9959999918937683,0.9980999827384949
YGR241C,YGR033C,0,-8.240422,0.09072691202163696,0.9959999918937683,0.998199999332428
YJR007W,YDR429C,0,-8.277968,0.09071864187717438,0.9959999918937683,0.9983000159263611
YEL060C,YKL110C,0,-8.287515,0.09071037918329239,0.9959999918937683,0.9983999729156494
YPL057C,YER035W,0,-8.302918,0.090702123939991,0.9959999918937683,0.9984999895095825
YDR358W,YJL198W,0,-8.308715,0.09069386124610901,0.9959999918937683,0.9986000061035156
YPL012W,YBR142W,0,-8.348238,0.09068560600280762,0.9959999918937683,0.9987000226974487
YNL131W,YOL146W,0,-8.388445,0.09067735075950623,0.9959999918937683,0.9987999796867371
YKL148C,YOL149W,0,-8.441718,0.09066909551620483,0.9959999918937683,0.9988999962806702
YGR209C,YBL050W,1,-8.45329,0.09075186401605606,0.996999979019165,0.9988999962806702
YDR177W,YGL087C,0,-8.48433,0.09074360877275467,0.996999979019165,0.9990000128746033
YLR175W,YPL087W,0,-8.4897175,0.09073534607887268,0.996999979019165,0.9991000294685364
YDR168W,YJL165C,0,-8.503431,0.09072709083557129,0.996999979019165,0.9991999864578247
YDR211W,YPL078C,0,-8.53396,0.0907188355922699,0.996999979019165,0.9993000030517578
YDR255C,YKR024C,0,-8.603113,0.0907105803489685,0.996999979019165,0.9994000196456909
YGL208W,YGL171W,0,-8.644833,0.09070233255624771,0.996999979019165,0.9994999766349792
YBL039C,YOR206W,0,-8.65255,0.09069407731294632,0.996999979019165,0.9995999932289124
YKL032C,YKR014C,0,-8.685511,0.09068582952022552,0.996999979019165,0.9997000098228455
YMR197C,YGR209C,1,-8.836485,0.09076853096485138,0.9980000257492065,0.9997000098228455
YGL219C,YGL003C,0,-9.158025,0.09076027572154999,0.9980000257492065,0.9998000264167786
YMR093W,YBR280C,0,-9.580218,0.0907520204782486,0.9980000257492065,0.9998999834060669
YMR142C,YIL052C,0,-9.641165,0.0907437726855278,0.9980000257492065,1.0
YGR254W,YHR174W,1,-10.311083,0.09082643687725067,0.9990000128746033,1.0
YJL012C,YJL012C-A,1,-13.92782,0.09090909361839294,1.0,1.0
