Gene A,Gene B,Label,Score,Precision,Recall,False Positive Rate
YOR294W,YHR170W,1,4.0056877,1.0,0.0009980039903894067,0.0
YAL059W,YOR294W,1,3.929952,1.0,0.0019960079807788134,0.0
YLR276C,YCL059C,0,3.9003906,0.6666666865348816,0.0019960079807788134,0.00010002000635722652
YIR026C,YGL171W,0,3.839423,0.5,0.0019960079807788134,0.00020004001271445304
YOR145C,YDR101C,1,3.7417421,0.6000000238418579,0.002994012087583542,0.00020004001271445304
YER006W,YFR001W,1,3.7283008,0.6666666865348816,0.003992015961557627,0.00020004001271445304
YKL009W,YGL099W,1,3.7066445,0.7142857313156128,0.004990019835531712,0.00020004001271445304
YOR294W,YFR001W,1,3.6965885,0.75,0.005988024175167084,0.00020004001271445304
YOR294W,YPL146C,1,3.6822743,0.7777777910232544,0.006986028049141169,0.00020004001271445304
YAL036C,YDR083W,0,3.6660292,0.699999988079071,0.006986028049141169,0.0003000600263476372
YMR142C,YKR057W,0,3.6265502,0.6363636255264282,0.006986028049141169,0.0004000800254289061
YOR294W,YGR245C,1,3.6212368,0.6666666865348816,0.007984031923115253,0.0004000800254289061
YIR026C,YDR101C,1,3.5490184,0.692307710647583,0.008982036262750626,0.0004000800254289061
YOR145C,YER006W,1,3.5045974,0.7142857313156128,0.009980039671063423,0.0004000800254289061
YDR101C,YER006W,1,3.48943,0.7333333492279053,0.010978044010698795,0.0004000800254289061
YGR081C,YGL099W,1,3.475992,0.75,0.011976048350334167,0.0004000800254289061
YOR294W,YHR088W,1,3.461732,0.7647058963775635,0.012974051758646965,0.0004000800254289061
YER006W,YOR294W,1,3.4297638,0.7777777910232544,0.013972056098282337,0.0004000800254289061
YIR026C,YPL146C,1,3.406836,0.7894737124443054,0.014970059506595135,0.0004000800254289061
YJL177W,YER074W,0,3.3947804,0.75,0.014970059506595135,0.000500100024510175
YOR294W,YGR285C,1,3.3872323,0.761904776096344,0.015968063846230507,0.000500100024510175
YOR206W,YDR083W,0,3.372375,0.7272727489471436,0.015968063846230507,0.0006001200526952744
YAL059W,YER006W,1,3.3348207,0.739130437374115,0.016966067254543304,0.0006001200526952744
YGL099W,YER006W,1,3.3152604,0.75,0.01796407252550125,0.0006001200526952744
YGR081C,YNR053C,1,3.2641692,0.7599999904632568,0.01896207593381405,0.0006001200526952744
YMR290C,YJR002W,0,3.227284,0.7307692170143127,0.01896207593381405,0.0007001400226727128
YIR026C,YLR074C,1,3.2235951,0.7407407164573669,0.019960079342126846,0.0007001400226727128
YKL009W,YER006W,1,3.2157662,0.75,0.020958084613084793,0.0007001400226727128
YER006W,YLL034C,1,3.2139993,0.7586206793785095,0.02195608802139759,0.0007001400226727128
YPL093W,YHR170W,1,3.1849446,0.7666666507720947,0.022954091429710388,0.0007001400226727128
YER006W,YNR053C,1,3.1821315,0.774193525314331,0.023952096700668335,0.0007001400226727128
YHR170W,YPL146C,1,3.1682715,0.78125,0.024950100108981133,0.0007001400226727128
YAL059W,YNR053C,1,3.1512353,0.7878788113594055,0.02594810351729393,0.0007001400226727128
YER006W,YLR293C,1,3.1447828,0.7941176295280457,0.026946106925606728,0.0007001400226727128
YOR294W,YNL178W,1,3.1445255,0.800000011920929,0.027944112196564674,0.0007001400226727128
YIR026C,YER006W,1,3.1164045,0.8055555820465088,0.028942115604877472,0.0007001400226727128
YDR101C,YGR245C,1,3.1080518,0.8108108043670654,0.02994011901319027,0.0007001400226727128
YOR294W,YDR091C,1,3.1065722,0.8157894611358643,0.030938124284148216,0.0007001400226727128
YKL009W,YAL059W,1,3.0988555,0.8205128312110901,0.031936127692461014,0.0007001400226727128
YHR088W,YNR053C,1,3.088778,0.824999988079071,0.03293413296341896,0.0007001400226727128
YAL059W,YDR361C,1,3.0850058,0.8292682766914368,0.03393213450908661,0.0007001400226727128
YDR101C,YDR091C,1,3.0831075,0.8333333134651184,0.034930139780044556,0.0007001400226727128
YPL146C,YDR361C,1,3.0767846,0.8372092843055725,0.0359281450510025,0.0007001400226727128
YFR001W,YHR170W,1,3.0659237,0.8409090638160706,0.03692614659667015,0.0007001400226727128
YGR245C,YKL143W,1,3.0623708,0.8444444537162781,0.0379241518676281,0.0007001400226727128
YOR294W,YDR361C,1,3.0623555,0.8478260636329651,0.038922157138586044,0.0007001400226727128
YOR293W,YGL030W,0,3.0562487,0.8297872543334961,0.038922157138586044,0.0008001600508578122
YGL099W,YLL034C,1,3.0547152,0.8333333134651184,0.03992015868425369,0.0008001600508578122
YJL010C,YDR101C,1,3.0481696,0.8367347121238708,0.04091816395521164,0.0008001600508578122
YDR101C,YGL099W,1,3.0336242,0.8399999737739563,0.041916169226169586,0.0008001600508578122
YJL010C,YER006W,1,3.0267987,0.843137264251709,0.042914170771837234,0.0008001600508578122
YGL099W,YDR361C,1,3.0209098,0.8461538553237915,0.04391217604279518,0.0008001600508578122
YFR001W,YNR053C,1,3.0058491,0.849056601524353,0.04491018131375313,0.0008001600508578122
YHR170W,YGR245C,1,3.0051045,0.8518518805503845,0.045908182859420776,0.0008001600508578122
YIR026C,YAL059W,1,3.004785,0.8545454740524292,0.04690618813037872,0.0008001600508578122
YNL178W,YPL220W,1,2.9913464,0.8571428656578064,0.04790419340133667,0.0008001600508578122
YDR361C,YNR053C,1,2.9899526,0.859649121761322,0.04890219494700432,0.0008001600508578122
YPL093W,YPL146C,1,2.9857063,0.8620689511299133,0.049900200217962265,0.0008001600508578122
YKL009W,YKL143W,1,2.9839468,0.8644067645072937,0.05089820176362991,0.0008001600508578122
YDR101C,YOR294W,1,2.9823008,0.8666666746139526,0.05189620703458786,0.0008001600508578122
YIR026C,YKR094C,1,2.9813888,0.868852436542511,0.05289421230554581,0.0008001600508578122
YGL099W,YNR053C,1,2.9753222,0.8709677457809448,0.053892213851213455,0.0008001600508578122
YPL093W,YNL178W,1,2.9751644,0.8730158805847168,0.0548902191221714,0.0008001600508578122
YOR145C,YOR294W,1,2.9741592,0.875,0.05588822439312935,0.0008001600508578122
YAL059W,YPL146C,1,2.971336,0.8769230842590332,0.056886225938797,0.0008001600508578122
YDR091C,YPL146C,1,2.9643457,0.8787878751754761,0.057884231209754944,0.0008001600508578122
YDR091C,YDR361C,1,2.9633622,0.8805969953536987,0.05888223648071289,0.0008001600508578122
YIR026C,YOR294W,1,2.9560223,0.8823529481887817,0.05988023802638054,0.0008001600508578122
YPL093W,YDR101C,1,2.9455976,0.8840579986572266,0.060878243297338486,0.0008001600508578122
YIR026C,YJL010C,1,2.9444957,0.8857142925262451,0.06187624856829643,0.0008001600508578122
YDR101C,YDR361C,1,2.9396393,0.8873239159584045,0.06287425011396408,0.0008001600508578122
YKL009W,YDR361C,1,2.93081,0.8888888955116272,0.06387225538492203,0.0008001600508578122
YDR101C,YFR001W,1,2.9299827,0.8904109597206116,0.06487026065587997,0.0008001600508578122
YOR294W,YLR074C,1,2.9242854,0.8918918967247009,0.06586826592683792,0.0008001600508578122
YIR026C,YFR001W,1,2.9174676,0.8933333158493042,0.06686626374721527,0.0008001600508578122
YDR101C,YPL146C,1,2.8996272,0.8947368264198303,0.06786426901817322,0.0008001600508578122
YDR101C,YER036C,1,2.899222,0.8961039185523987,0.06886227428913116,0.0008001600508578122
YNL178W,YPL146C,1,2.8981545,0.8974359035491943,0.06986027956008911,0.0008001600508578122
YOR361C,YHL013C,0,2.8949375,0.8860759735107422,0.06986027956008911,0.0009001800208352506
YAL059W,YOR145C,1,2.894254,0.887499988079071,0.07085828483104706,0.0009001800208352506
YDR101C,YNL178W,1,2.8866553,0.8888888955116272,0.071856290102005,0.0009001800208352506
YIR026C,YNL178W,1,2.8798378,0.8902438879013062,0.07285428792238235,0.0009001800208352506
YGR245C,YNR053C,1,2.8715978,0.891566276550293,0.0738522931933403,0.0009001800208352506
YIR026C,YNR053C,1,2.8636246,0.8928571343421936,0.07485029846429825,0.0009001800208352506
YDR091C,YKL143W,1,2.8598127,0.8941176533699036,0.0758483037352562,0.0009001800208352506
YPL146C,YGR285C,1,2.854129,0.895348846912384,0.07684630900621414,0.0009001800208352506
YOR145C,YNL178W,1,2.8534636,0.8965517282485962,0.07784431427717209,0.0009001800208352506
YGR081C,YHR170W,1,2.852729,0.8977272510528564,0.07884231209754944,0.0009001800208352506
YDR101C,YLR074C,1,2.847865,0.898876428604126,0.07984031736850739,0.0009001800208352506
YKL009W,YFR001W,1,2.8425791,0.8999999761581421,0.08083832263946533,0.0009001800208352506
YPL093W,YHR088W,1,2.841929,0.901098906993866,0.08183632791042328,0.0009001800208352506
YIR026C,YOR145C,1,2.8403993,0.9021739363670349,0.08283433318138123,0.0009001800208352506
YHR170W,YDR361C,1,2.829913,0.9032257795333862,0.08383233845233917,0.0009001800208352506
YKL009W,YDR091C,1,2.821653,0.9042553305625916,0.08483033627271652,0.0009001800208352506
YKL009W,YIR026C,1,2.815167,0.9052631855010986,0.08582834154367447,0.0009001800208352506
YER006W,YGR245C,1,2.815022,0.90625,0.08682634681463242,0.0009001800208352506
YDR091C,YNL178W,1,2.8065581,0.907216489315033,0.08782435208559036,0.0009001800208352506
YIR026C,YHR170W,1,2.8005304,0.9081632494926453,0.08882235735654831,0.0009001800208352506
YJL010C,YGL099W,1,2.799322,0.9090909361839294,0.08982036262750626,0.0009001800208352506
YML093W,YLR061W,0,2.7896748,0.8999999761581421,0.08982036262750626,0.00100020004902035
YDR091C,YNR053C,1,2.7801101,0.9009901285171509,0.0908183604478836,0.00100020004902035
YOR145C,YGR285C,1,2.77982,0.9019607901573181,0.09181636571884155,0.00100020004902035
YAL059W,YKR094C,1,2.779364,0.9029126167297363,0.0928143709897995,0.00100020004902035
YMR142C,YDL136W,0,2.7785923,0.8942307829856873,0.0928143709897995,0.0011002200189977884
YOR145C,YHR088W,1,2.755251,0.8952381014823914,0.09381237626075745,0.0011002200189977884
YPL093W,YFR001W,1,2.7543068,0.8962264060974121,0.0948103815317154,0.0011002200189977884
YKL191W,YDL201W,0,2.7366123,0.8878504633903503,0.0948103815317154,0.0012002401053905487
YGL099W,YFR001W,1,2.721047,0.8888888955116272,0.09580838680267334,0.0012002401053905487
YPL146C,YLL034C,1,2.7153993,0.8899082541465759,0.09680638462305069,0.0012002401053905487
YGR081C,YFR001W,1,2.7141452,0.8909090757369995,0.09780438989400864,0.0012002401053905487
YPL146C,YLR293C,1,2.7112803,0.8918918967247009,0.09880239516496658,0.0012002401053905487
YDR091C,YHR088W,1,2.7093875,0.8928571343421936,0.09980040043592453,0.0012002401053905487
YPL093W,YER006W,1,2.7084424,0.8938053250312805,0.10079840570688248,0.0012002401053905487
YGR245C,YPL146C,1,2.7053304,0.8947368264198303,0.10179640352725983,0.0012002401053905487
YGR081C,YLR293C,1,2.7016683,0.895652174949646,0.10279440879821777,0.0012002401053905487
YNL178W,YHR088W,1,2.6977768,0.8965517282485962,0.10379241406917572,0.0012002401053905487
YOR145C,YHR170W,1,2.6949673,0.8974359035491943,0.10479041934013367,0.0012002401053905487
YGR245C,YLR074C,1,2.6920085,0.8983050584793091,0.10578842461109161,0.0012002401053905487
YGR285C,YNR053C,1,2.681963,0.8991596698760986,0.10678642988204956,0.0012002401053905487
YKR094C,YOR145C,1,2.6754656,0.8999999761581421,0.10778442770242691,0.0012002401053905487
YHL013C,YJR002W,0,2.6713161,0.8925619721412659,0.10778442770242691,0.0013002600753679872
YKR094C,YOR294W,1,2.656087,0.8934426307678223,0.10878243297338486,0.0013002600753679872
YDR361C,YPL220W,1,2.6514444,0.8943089246749878,0.1097804382443428,0.0013002600753679872
YNL209W,YPL220W,1,2.6494431,0.8951612710952759,0.11077844351530075,0.0013002600753679872
YAL059W,YER036C,1,2.6436892,0.8960000276565552,0.1117764487862587,0.0013002600753679872
YBR155W,YMR242C,0,2.6427393,0.8888888955116272,0.1117764487862587,0.0014002800453454256
YHR088W,YGR285C,1,2.6387885,0.8897637724876404,0.11277445405721664,0.0014002800453454256
YOR145C,YGR245C,1,2.628036,0.890625,0.113772451877594,0.0014002800453454256
YGR081C,YKL143W,1,2.62625,0.8914728760719299,0.11477045714855194,0.0014002800453454256
YGL099W,YLR293C,1,2.6242008,0.892307698726654,0.11576846241950989,0.0014002800453454256
YGR081C,YNL178W,1,2.623059,0.8931297659873962,0.11676646769046783,0.0014002800453454256
YPL093W,YGL099W,1,2.6205144,0.8939393758773804,0.11776447296142578,0.0014002800453454256
YAL059W,YLR074C,1,2.6133513,0.8947368264198303,0.11876247823238373,0.0014002800453454256
YDR091C,YLR074C,1,2.6113691,0.89552241563797,0.11976047605276108,0.0014002800453454256
YPR016C,YDR101C,1,2.6083384,0.8962963223457336,0.12075848132371902,0.0014002800453454256
YDR101C,YGR285C,1,2.6026525,0.8970588445663452,0.12175648659467697,0.0014002800453454256
YKL009W,YDR101C,1,2.599497,0.8978102207183838,0.12275449186563492,0.0014002800453454256
YGR081C,YDR091C,1,2.599401,0.8985507488250732,0.12375249713659286,0.0014002800453454256
YFR001W,YNL178W,1,2.5967493,0.8992805480957031,0.12475050240755081,0.0014002800453454256
YGL099W,YHR088W,1,2.5953677,0.8999999761581421,0.12574850022792816,0.0014002800453454256
YNL178W,YDR361C,1,2.594561,0.9007092118263245,0.1267465054988861,0.0014002800453454256
YKL143W,YDR361C,1,2.5927222,0.9014084339141846,0.12774451076984406,0.0014002800453454256
YIR026C,YDR091C,1,2.5706303,0.9020978808403015,0.128742516040802,0.0014002800453454256
YCR057C,YMR093W,0,2.5573716,0.8958333134651184,0.128742516040802,0.001500300015322864
YGR245C,YDR361C,1,2.5500026,0.8965517282485962,0.12974052131175995,0.001500300015322864
YER102W,YDR447C,0,2.5497007,0.8904109597206116,0.12974052131175995,0.0016003201017156243
YKR094C,YPL093W,1,2.5457687,0.8911564350128174,0.1307385265827179,0.0016003201017156243
YPL093W,YGR245C,1,2.5414376,0.8918918967247009,0.13173653185367584,0.0016003201017156243
YPL146C,YLR074C,1,2.540607,0.8926174640655518,0.1327345371246338,0.0016003201017156243
YOR206W,YCR057C,0,2.5367057,0.8866666555404663,0.1327345371246338,0.0017003400716930628
YGR081C,YHR088W,1,2.5253036,0.887417197227478,0.13373252749443054,0.0017003400716930628
YJL010C,YDR091C,1,2.5209854,0.8881579041481018,0.1347305327653885,0.0017003400716930628
YDR101C,YHR088W,1,2.5103922,0.8888888955116272,0.13572853803634644,0.0017003400716930628
YKL009W,YHR088W,1,2.5091887,0.8896104097366333,0.13672654330730438,0.0017003400716930628
YCR047C,YER006W,1,2.5066738,0.8903225660324097,0.13772454857826233,0.0017003400716930628
YOR294W,YNL209W,1,2.504059,0.8910256624221802,0.13872255384922028,0.0017003400716930628
YPL093W,YGR081C,1,2.4935076,0.8917197585105896,0.13972055912017822,0.0017003400716930628
YPL146C,YNR053C,1,2.4924755,0.892405092716217,0.14071856439113617,0.0017003400716930628
YOR294W,YLL034C,1,2.4867952,0.893081784248352,0.14171656966209412,0.0017003400716930628
YGL099W,YLR074C,1,2.4863954,0.893750011920929,0.14271457493305206,0.0017003400716930628
YDR091C,YLL034C,1,2.4845831,0.8944099545478821,0.14371258020401,0.0017003400716930628
YKR094C,YGR081C,1,2.4818678,0.895061731338501,0.14471058547496796,0.0017003400716930628
YHR170W,YNL209W,1,2.4808636,0.89570552110672,0.1457085758447647,0.0017003400716930628
YGR081C,YGR285C,1,2.480649,0.8963414430618286,0.14670658111572266,0.0017003400716930628
YKL009W,YCR047C,1,2.4797683,0.8969696760177612,0.1477045863866806,0.0017003400716930628
YHR170W,YHR088W,1,2.4789834,0.8975903391838074,0.14870259165763855,0.0017003400716930628
YER006W,YNL209W,1,2.476587,0.8982036113739014,0.1497005969285965,0.0017003400716930628
YEL026W,YIL142W,0,2.4758449,0.8928571343421936,0.1497005969285965,0.0018003600416705012
YPR016C,YPL093W,1,2.475235,0.8934911489486694,0.15069860219955444,0.0018003600416705012
YGL099W,YER036C,1,2.4725978,0.8941176533699036,0.1516966074705124,0.0018003600416705012
YDL130W,YIR026C,0,2.4614387,0.8888888955116272,0.1516966074705124,0.0019003801280632615
YJL010C,YHR170W,1,2.4589248,0.8895348906517029,0.15269461274147034,0.0019003801280632615
YHR170W,YNL178W,1,2.4554882,0.8901734352111816,0.15369261801242828,0.0019003801280632615
YJL010C,YGR285C,1,2.4507272,0.8908045887947083,0.15469062328338623,0.0019003801280632615
YLR074C,YPR043W,0,2.4489784,0.8857142925262451,0.15469062328338623,0.0020004000980407
YOR145C,YKL143W,1,2.4446192,0.8863636255264282,0.15568862855434418,0.0020004000980407
YOR294W,YLR293C,1,2.4436598,0.887005627155304,0.15668663382530212,0.0020004000980407
YOR145C,YPL093W,1,2.439083,0.8876404762268066,0.15768462419509888,0.0020004000980407
YLR074C,YER036C,1,2.4370258,0.8882681727409363,0.15868262946605682,0.0020004000980407
YDR091C,YPL220W,1,2.4294884,0.8888888955116272,0.15968063473701477,0.0020004000980407
YKR094C,YDR361C,1,2.4287994,0.889502763748169,0.16067864000797272,0.0020004000980407
YGR245C,YLR293C,1,2.42877,0.8901098966598511,0.16167664527893066,0.0020004000980407
YGR081C,YER036C,1,2.426517,0.8907103538513184,0.1626746505498886,0.0020004000980407
YDR101C,YGR081C,1,2.4249072,0.8913043737411499,0.16367265582084656,0.0020004000980407
YIR026C,YGR285C,1,2.4240017,0.8918918967247009,0.1646706610918045,0.0020004000980407
YPL093W,YGR285C,1,2.421406,0.8924731016159058,0.16566866636276245,0.0020004000980407
YFR001W,YGR245C,1,2.4200277,0.893048107624054,0.1666666716337204,0.0020004000980407
YKL009W,YLR074C,1,2.4145253,0.8936170339584351,0.16766467690467834,0.0020004000980407
YOR145C,YER036C,1,2.4119706,0.8941798806190491,0.1686626672744751,0.0020004000980407
YIR026C,YGR081C,1,2.4024534,0.8947368264198303,0.16966067254543304,0.0020004000980407
YML056C,YER127W,0,2.4019604,0.8900523781776428,0.16966067254543304,0.0021004201844334602
YER006W,YPL220W,1,2.3930187,0.890625,0.170658677816391,0.0021004201844334602
YPR016C,YDR361C,1,2.3891666,0.8911917209625244,0.17165668308734894,0.0021004201844334602
YAL059W,YHR088W,1,2.3886688,0.8917526006698608,0.17265468835830688,0.0021004201844334602
YOR145C,YPL146C,1,2.3850029,0.892307698726654,0.17365269362926483,0.0021004201844334602
YOR294W,YMR235C,1,2.3844442,0.8928571343421936,0.17465069890022278,0.0021004201844334602
YDR101C,YPL239W,1,2.372168,0.893401026725769,0.17564870417118073,0.0021004201844334602
YFR001W,YNL209W,1,2.3695295,0.8939393758773804,0.17664670944213867,0.0021004201844334602
YNL178W,YLR074C,1,2.3634114,0.8944723606109619,0.17764471471309662,0.0021004201844334602
YGR081C,YPL146C,1,2.362419,0.8949999809265137,0.17864271998405457,0.0021004201844334602
YJL010C,YDR361C,1,2.3616195,0.89552241563797,0.1796407252550125,0.0021004201844334602
YPR102C,YMR290C,0,2.3573828,0.8910890817642212,0.1796407252550125,0.002200440037995577
YOL097C,YIR026C,0,2.3464437,0.8866994976997375,0.1796407252550125,0.002300460124388337
YKL009W,YPL093W,1,2.3325782,0.8872548937797546,0.18063871562480927,0.002300460124388337
YKL009W,YER036C,1,2.3216228,0.8878048658370972,0.1816367208957672,0.002300460124388337
YAL059W,YGR285C,1,2.32147,0.8883495330810547,0.18263472616672516,0.002300460124388337
YFR001W,YDR361C,1,2.3178506,0.8888888955116272,0.1836327314376831,0.002300460124388337
YPL093W,YER036C,1,2.3176699,0.8894230723381042,0.18463073670864105,0.002300460124388337
YIL148W,YNL209W,1,2.3173568,0.8899521827697754,0.185628741979599,0.002300460124388337
YDR361C,YLR293C,1,2.3154097,0.8904761672019958,0.18662674725055695,0.002300460124388337
YPR144C,YOR046C,0,2.3144646,0.8862559199333191,0.18662674725055695,0.0024004802107810974
YDR152W,YJL050W,0,2.3051798,0.8820754885673523,0.18662674725055695,0.002500500064343214
YKL009W,YPL146C,1,2.3030286,0.8826290965080261,0.1876247525215149,0.002500500064343214
YLR185W,YOL077C,0,2.2943325,0.8785046935081482,0.1876247525215149,0.0026005201507359743
YPL146C,YKL143W,1,2.2939434,0.8790697455406189,0.18862275779247284,0.0026005201507359743
YGL099W,YGR245C,1,2.2858214,0.8796296119689941,0.1896207630634308,0.0026005201507359743
YFR001W,YLR074C,1,2.2855601,0.8801843523979187,0.19061876833438873,0.0026005201507359743
YER006W,YHR170W,1,2.2839189,0.8807339668273926,0.19161677360534668,0.0026005201507359743
YKL009W,YGR081C,1,2.282601,0.8812785148620605,0.19261476397514343,0.0026005201507359743
YKR094C,YGL099W,1,2.2803817,0.8818181753158569,0.19361276924610138,0.0026005201507359743
YPR016C,YOR294W,1,2.272123,0.8823529481887817,0.19461077451705933,0.0026005201507359743
YKR094C,YGR245C,1,2.2709205,0.8828828930854797,0.19560877978801727,0.0026005201507359743
YAL059W,YKL143W,1,2.2696729,0.8834080696105957,0.19660678505897522,0.0026005201507359743
YGR081C,YPL220W,1,2.2604737,0.8839285969734192,0.19760479032993317,0.0026005201507359743
YDR101C,YLL034C,1,2.254014,0.8844444155693054,0.1986027956008911,0.0026005201507359743
YKL156W,YPL126W,0,2.250958,0.8805309534072876,0.1986027956008911,0.002700540004298091
YGR245C,YLL034C,1,2.2429523,0.8810572624206543,0.19960080087184906,0.002700540004298091
YGR081C,YGR245C,1,2.2382054,0.8815789222717285,0.200598806142807,0.002700540004298091
YAL059W,YNL209W,1,2.2323399,0.8820960521697998,0.20159681141376495,0.002700540004298091
YCR047C,YLR293C,1,2.225923,0.8826087117195129,0.2025948166847229,0.002700540004298091
YDL130W,YOL041C,0,2.2244654,0.8787878751754761,0.2025948166847229,0.002800560090690851
YDR361C,YNL209W,1,2.2242467,0.8793103694915771,0.20359280705451965,0.002800560090690851
YNL232W,YPL086C,0,2.2185445,0.8755365014076233,0.20359280705451965,0.0029005801770836115
YKL009W,YLR293C,1,2.217431,0.8760683536529541,0.2045908123254776,0.0029005801770836115
YER036C,YNR053C,1,2.216624,0.8765957355499268,0.20558881759643555,0.0029005801770836115
YKR094C,YLR074C,1,2.2117429,0.8771186470985413,0.2065868228673935,0.0029005801770836115
YPR016C,YNR053C,1,2.208601,0.8776371479034424,0.20758482813835144,0.0029005801770836115
YOR145C,YLL034C,1,2.198064,0.8781512379646301,0.2085828334093094,0.0029005801770836115
YKL009W,YNR053C,1,2.1958492,0.8786610960960388,0.20958083868026733,0.0029005801770836115
YPL093W,YLR293C,1,2.1956909,0.8791666626930237,0.21057884395122528,0.0029005801770836115
YHR088W,YLR074C,1,2.1904483,0.8796680569648743,0.21157684922218323,0.0029005801770836115
YKL110C,YLR441C,0,2.1892931,0.8760330677032471,0.21157684922218323,0.003000600030645728
YPR016C,YAL059W,1,2.1863582,0.8765432238578796,0.21257485449314117,0.003000600030645728
YLR405W,YLR061W,0,2.1843438,0.8729507923126221,0.21257485449314117,0.0031006201170384884
YKL009W,YNL178W,1,2.1841202,0.8734694123268127,0.21357285976409912,0.0031006201170384884
YIL148W,YPL220W,1,2.1809492,0.8739837408065796,0.21457086503505707,0.0031006201170384884
YKL143W,YLR074C,1,2.1804583,0.8744939565658569,0.21556885540485382,0.0031006201170384884
YLR449W,YNL227C,0,2.1663866,0.8709677457809448,0.21556885540485382,0.0032006402034312487
YKR094C,YPL220W,1,2.1661434,0.8714859485626221,0.21656686067581177,0.0032006402034312487
YOR145C,YPL220W,1,2.1607256,0.871999979019165,0.21756486594676971,0.0032006402034312487
YGL099W,YGR285C,1,2.1601448,0.8725099563598633,0.21856287121772766,0.0032006402034312487
YFR001W,YIL148W,1,2.1555083,0.8730158805847168,0.2195608764886856,0.0032006402034312487
YFR001W,YPL220W,1,2.1540308,0.8735178112983704,0.22055888175964355,0.0032006402034312487
YAL059W,YLR293C,1,2.1517854,0.874015748500824,0.2215568870306015,0.0032006402034312487
YLL034C,YER036C,1,2.1461709,0.8745098114013672,0.22255489230155945,0.0032006402034312487
YAL059W,YLL034C,1,2.139876,0.875,0.2235528975725174,0.0032006402034312487
YOL097C,YDL130W,0,2.1326725,0.8715953230857849,0.2235528975725174,0.0033006600569933653
YJL010C,YOR294W,1,2.130479,0.8720930218696594,0.22455090284347534,0.0033006600569933653
YAL059W,YFR001W,1,2.1267848,0.8725868463516235,0.2255489081144333,0.0033006600569933653
YER110C,YGL030W,0,2.1223576,0.8692307472229004,0.2255489081144333,0.0034006801433861256
YKR094C,YDR091C,1,2.1191707,0.8697317838668823,0.22654691338539124,0.0034006801433861256
YLR074C,YNL209W,1,2.1190348,0.8702290058135986,0.227544903755188,0.0034006801433861256
YKL009W,YHR170W,1,2.1184,0.8707224130630493,0.22854290902614594,0.0034006801433861256
YIL148W,YGR285C,1,2.1149776,0.8712121248245239,0.22954091429710388,0.0034006801433861256
YOR361C,YPR016C,0,2.1148386,0.8679245114326477,0.22954091429710388,0.003500700229778886
YPL093W,YNR053C,1,2.1123426,0.8684210777282715,0.23053891956806183,0.003500700229778886
YKL186C,YKL009W,1,2.1104422,0.8689138293266296,0.23153692483901978,0.003500700229778886
YGR208W,YLR388W,0,2.1089544,0.8656716346740723,0.23153692483901978,0.0036007200833410025
YCR047C,YNL178W,1,2.1085258,0.8661710023880005,0.23253493010997772,0.0036007200833410025
YPL146C,YPL220W,1,2.107903,0.8666666746139526,0.23353293538093567,0.0036007200833410025
YOR145C,YNL209W,1,2.1016574,0.8671586513519287,0.23453094065189362,0.0036007200833410025
YOR145C,YIL148W,1,2.1009393,0.8676470518112183,0.23552894592285156,0.0036007200833410025
YER006W,YDR091C,1,2.0940082,0.8681318759918213,0.2365269511938095,0.0036007200833410025
YER006W,YPL239W,1,2.0917344,0.8686131238937378,0.23752495646476746,0.0036007200833410025
YCL059C,YJL198W,0,2.091537,0.8654545545578003,0.23752495646476746,0.0037007401697337627
YDR361C,YER036C,1,2.0798862,0.8659420013427734,0.2385229468345642,0.0037007401697337627
YKR094C,YKL143W,1,2.0775743,0.8664259910583496,0.23952095210552216,0.0037007401697337627
YLR074C,YLR293C,1,2.0710177,0.866906464099884,0.2405189573764801,0.0037007401697337627
YKR094C,YHR170W,1,2.068111,0.8673835396766663,0.24151696264743805,0.0037007401697337627
YIR026C,YIL148W,1,2.0587912,0.8678571581840515,0.242514967918396,0.0037007401697337627
YGR285C,YPL220W,1,2.042328,0.8683273792266846,0.24351297318935394,0.0037007401697337627
YIL148W,YDR361C,1,2.042141,0.868794322013855,0.2445109784603119,0.0037007401697337627
YAL059W,YJL010C,1,2.0399895,0.869257926940918,0.24550898373126984,0.0037007401697337627
YIR026C,YLR293C,1,2.038162,0.8697183132171631,0.24650698900222778,0.0037007401697337627
YPL093W,YPL220W,1,2.0262215,0.8701754212379456,0.24750499427318573,0.0037007401697337627
YDR361C,YGR285C,1,2.0200496,0.8706293702125549,0.24850299954414368,0.0037007401697337627
YPR016C,YER006W,1,2.0171745,0.8710801601409912,0.24950100481510162,0.0037007401697337627
YCR047C,YGR285C,1,2.0141106,0.8715277910232544,0.25049901008605957,0.0037007401697337627
YNL299W,YBL087C,0,2.0137668,0.8685120940208435,0.25049901008605957,0.003800760256126523
YGL097W,YPL093W,1,2.0119805,0.8689655065536499,0.2514970004558563,0.003800760256126523
YGR245C,YHR088W,1,2.0094557,0.869415819644928,0.25249502062797546,0.003800760256126523
YOL077C,YDR021W,0,2.005007,0.8664383292198181,0.25249502062797546,0.0039007801096886396
YGL070C,YMR123W,0,2.0020795,0.8634812235832214,0.25249502062797546,0.0040008001960814
YPL093W,YLR074C,1,1.997031,0.8639456033706665,0.2534930109977722,0.0040008001960814
YIR026C,YNL209W,1,1.9943678,0.8644067645072937,0.25449103116989136,0.0040008001960814
YMR194W,YHR088W,0,1.9936397,0.8614864945411682,0.25449103116989136,0.0041008200496435165
YER102W,YDR083W,0,1.9925222,0.8585858345031738,0.25449103116989136,0.0042008403688669205
YPL220W,YER036C,1,1.9887531,0.8590604066848755,0.2554890215396881,0.0042008403688669205
YPR016C,YLL034C,1,1.9816413,0.8595317602157593,0.25648701190948486,0.0042008403688669205
YLR185W,YLR449W,0,1.9784513,0.8566666841506958,0.25648701190948486,0.004300860222429037
YOR294W,YIL148W,1,1.9738617,0.8571428656578064,0.257485032081604,0.004300860222429037
YKL009W,YLL034C,1,1.9698837,0.8576158881187439,0.25848302245140076,0.004300860222429037
YJL010C,YMR235C,1,1.9655068,0.8580858111381531,0.2594810426235199,0.004300860222429037
YJL010C,YGR245C,1,1.9628848,0.8585526347160339,0.26047903299331665,0.004300860222429037
YKL143W,YHR088W,1,1.9589074,0.8590164184570312,0.2614770531654358,0.004300860222429037
YLL034C,YNR053C,1,1.9580599,0.8594771027565002,0.26247504353523254,0.004300860222429037
YKL009W,YJL010C,1,1.950114,0.8599348664283752,0.2634730637073517,0.004300860222429037
YPR016C,YHR170W,1,1.9481137,0.8603895902633667,0.26447105407714844,0.004300860222429037
YKL156W,YBR143C,0,1.93852,0.8576051592826843,0.26447105407714844,0.004400880075991154
YCR047C,YDR101C,1,1.9380085,0.8580645322799683,0.2654690742492676,0.004400880075991154
YLL034C,YGR285C,1,1.9304674,0.8585209250450134,0.26646706461906433,0.004400880075991154
YDR091C,YIL148W,1,1.9275961,0.8589743375778198,0.2674650549888611,0.004400880075991154
YLR185W,YDR339C,0,1.9251242,0.8562300205230713,0.2674650549888611,0.004500900395214558
YJL177W,YJL111W,0,1.9202884,0.8535031676292419,0.2674650549888611,0.004600920248776674
YNL227C,YNL178W,1,1.9136124,0.8539682626724243,0.2684630751609802,0.004600920248776674
YOR133W,YOR206W,0,1.9121423,0.8512658476829529,0.2684630751609802,0.004700940102338791
YKL156W,YNR015W,0,1.9082608,0.8485804200172424,0.2684630751609802,0.004800960421562195
YOR145C,YGR081C,1,1.902693,0.849056601524353,0.269461065530777,0.004800960421562195
YPR016C,YJL010C,1,1.9003979,0.8495298027992249,0.2704590857028961,0.004800960421562195
YKL009W,YPL220W,1,1.8885148,0.8500000238418579,0.27145707607269287,0.004800960421562195
YPR187W,YDL201W,0,1.8859382,0.8473520278930664,0.27145707607269287,0.0049009802751243114
YPR016C,YOR145C,1,1.8720675,0.8478260636329651,0.272455096244812,0.0049009802751243114
YER074W,YMR242C,0,1.869384,0.8452012538909912,0.272455096244812,0.005001000128686428
YPL220W,YNR053C,1,1.8645308,0.845678985118866,0.27345308661460876,0.005001000128686428
YGR280C,YMR235C,0,1.8627732,0.8430769443511963,0.27345308661460876,0.005101019982248545
YGR285C,YER036C,1,1.8582528,0.8435583114624023,0.2744511067867279,0.005101019982248545
YJL010C,YNL178W,1,1.8528649,0.8440366983413696,0.27544909715652466,0.005101019982248545
YPL146C,YMR235C,1,1.8495414,0.8445122241973877,0.2764471173286438,0.005101019982248545
YIL148W,YGR245C,1,1.8488059,0.8449848294258118,0.27744510769844055,0.005101019982248545
YBR143C,YPR043W,0,1.8486892,0.842424213886261,0.27744510769844055,0.005201040301471949
YER006W,YNL227C,1,1.844713,0.842900276184082,0.2784431278705597,0.005201040301471949
YOR294W,YGL135W,1,1.8441259,0.8433734774589539,0.27944111824035645,0.005201040301471949
YHR088W,YER036C,1,1.8360181,0.8438438177108765,0.2804391086101532,0.005201040301471949
YGR245C,YER036C,1,1.8340266,0.8443113565444946,0.28143712878227234,0.005201040301471949
YGL135W,YDR361C,1,1.8323202,0.8447760939598083,0.2824351191520691,0.005201040301471949
YHR170W,YLL034C,1,1.8308306,0.8452380895614624,0.28343313932418823,0.005201040301471949
YLR293C,YNR053C,1,1.8304896,0.8456973433494568,0.284431129693985,0.005201040301471949
YPR016C,YHR088W,1,1.8282248,0.8461538553237915,0.2854291498661041,0.005201040301471949
YGL097W,YGR285C,1,1.82113,0.8466076850891113,0.2864271402359009,0.005201040301471949
YGR285C,YLR293C,1,1.8209853,0.8470588326454163,0.28742516040802,0.005201040301471949
YGR195W,YPR043W,0,1.8190165,0.8445748090744019,0.28742516040802,0.005301060155034065
YGR081C,YLL034C,1,1.8143661,0.8450292348861694,0.2884231507778168,0.005301060155034065
YFR001W,YLL034C,1,1.8129783,0.8454810380935669,0.2894211709499359,0.005301060155034065
YJL198W,YLR441C,0,1.8101152,0.8430232405662537,0.2894211709499359,0.005401080008596182
YKR094C,YHR088W,1,1.8090909,0.843478262424469,0.29041916131973267,0.005401080008596182
YNL113W,YDR339C,0,1.7976837,0.8410404920578003,0.29041916131973267,0.005501100327819586
YKL186C,YHR170W,1,1.7945514,0.8414985537528992,0.2914171516895294,0.005501100327819586
YNL178W,YER036C,1,1.7868115,0.8419540524482727,0.29241517186164856,0.005501100327819586
YML056C,YDR339C,0,1.78562,0.8395415544509888,0.29241517186164856,0.005601120181381702
YNL178W,YPL239W,1,1.7850852,0.8399999737739563,0.2934131622314453,0.005601120181381702
YDL136W,YCR057C,0,1.7808683,0.8376068472862244,0.2934131622314453,0.005701140034943819
YKR094C,YLL034C,1,1.7797923,0.8380681872367859,0.29441118240356445,0.005701140034943819
YKR094C,YJL010C,1,1.7718396,0.8385269045829773,0.2954091727733612,0.005701140034943819
YPL273W,YOL041C,0,1.7672045,0.8361582159996033,0.2954091727733612,0.005801160354167223
YPL093W,YNL227C,1,1.766577,0.8366197347640991,0.29640719294548035,0.005801160354167223
YIL148W,YPL146C,1,1.7653097,0.8370786309242249,0.2974051833152771,0.005801160354167223
YIR026C,YPL220W,1,1.7644722,0.83753502368927,0.29840320348739624,0.005801160354167223
YPR016C,YGR245C,1,1.7619503,0.8379888534545898,0.299401193857193,0.005801160354167223
YCR047C,YKL143W,1,1.7444885,0.8384401202201843,0.30039921402931213,0.005801160354167223
YIL148W,YLR074C,1,1.7430623,0.8388888835906982,0.3013972043991089,0.005801160354167223
YFR001W,YMR235C,1,1.7360017,0.8393352031707764,0.30239519476890564,0.005801160354167223
YDR091C,YGR285C,1,1.734864,0.8397790193557739,0.3033932149410248,0.005801160354167223
YDR101C,YPL220W,1,1.7344984,0.8402203917503357,0.30439120531082153,0.005801160354167223
YGL097W,YPL146C,1,1.7338834,0.8406593203544617,0.3053892254829407,0.005801160354167223
YER006W,YMR235C,1,1.7282434,0.8410958647727966,0.3063872158527374,0.005801160354167223
YOR145C,YPL239W,1,1.7227399,0.8415300250053406,0.30738523602485657,0.005801160354167223
YGL099W,YNL209W,1,1.7203708,0.8419618606567383,0.3083832263946533,0.005801160354167223
YNL178W,YLL034C,1,1.7161411,0.842391312122345,0.30938124656677246,0.005801160354167223
YER006W,YER036C,1,1.7131399,0.8428184390068054,0.3103792369365692,0.005801160354167223
YJL010C,YGR081C,1,1.7098889,0.8432432413101196,0.31137725710868835,0.005801160354167223
YBR143C,YJL111W,0,1.7070036,0.8409703373908997,0.31137725710868835,0.00590118020772934
YML026C,YML014W,0,1.7019293,0.8387096524238586,0.31137725710868835,0.006001200061291456
YHR065C,YBL039C,0,1.7010424,0.8364611268043518,0.31137725710868835,0.00610122038051486
YMR290C,YGL122C,0,1.6916268,0.8342245817184448,0.31137725710868835,0.006201240234076977
YGR280C,YER102W,0,1.6904486,0.8320000171661377,0.31137725710868835,0.006301260087639093
YPL239W,YER036C,1,1.6899045,0.832446813583374,0.3123752474784851,0.006301260087639093
YIR026C,YLR291C,0,1.6895528,0.8302386999130249,0.3123752474784851,0.006401280406862497
YKL009W,YNL227C,1,1.6867757,0.8306878209114075,0.31337326765060425,0.006401280406862497
YNL227C,YGR245C,1,1.684541,0.831134557723999,0.314371258020401,0.006401280406862497
YNL113W,YGR061C,0,1.6827354,0.8289473652839661,0.314371258020401,0.006501300260424614
YHR066W,YHR143W-A,0,1.6826409,0.8267716765403748,0.314371258020401,0.006601320113986731
YPL239W,YEL026W,0,1.6801072,0.8246073126792908,0.314371258020401,0.0067013404332101345
YJR002W,YKL081W,0,1.6787428,0.8224543333053589,0.314371258020401,0.006801360286772251
YKR057W,YNL227C,0,1.6747614,0.8203125,0.314371258020401,0.006901380140334368
YIR026C,YMR235C,1,1.6720724,0.8207792043685913,0.31536924839019775,0.006901380140334368
YMR270C,YLR449W,0,1.6696118,0.818652868270874,0.31536924839019775,0.007001400459557772
YOR145C,YCR047C,1,1.6653167,0.8191214203834534,0.3163672685623169,0.007001400459557772
YER006W,YGL135W,1,1.6394839,0.8195876479148865,0.31736525893211365,0.007001400459557772
YJL010C,YIL148W,1,1.639385,0.8200514316558838,0.3183632791042328,0.007001400459557772
YGR081C,YDR361C,1,1.6390297,0.8205128312110901,0.31936126947402954,0.007001400459557772
YLR449W,YGR229C,0,1.6384014,0.8184143304824829,0.31936126947402954,0.007101420313119888
YCR047C,YGR081C,1,1.6314782,0.8188775777816772,0.3203592896461487,0.007101420313119888
YKL143W,YPL239W,1,1.6311784,0.8193384408950806,0.32135728001594543,0.007101420313119888
YIL148W,YKL143W,1,1.6311147,0.8197969794273376,0.3223553001880646,0.007101420313119888
YGL135W,YNR053C,1,1.6274792,0.8202531933784485,0.32335329055786133,0.007101420313119888
YKR094C,YLR293C,1,1.6237345,0.8207070827484131,0.32435131072998047,0.007101420313119888
YIL148W,YNL178W,1,1.6166449,0.8211587071418762,0.3253493010997772,0.007101420313119888
YGL097W,YPL220W,1,1.6115979,0.8216080665588379,0.326347291469574,0.007101420313119888
YGL099W,YIL148W,1,1.6071476,0.8220551609992981,0.3273453116416931,0.007101420313119888
YPL146C,YGL135W,1,1.6070452,0.8224999904632568,0.32834330201148987,0.007101420313119888
YCR047C,YER036C,1,1.5985808,0.8229426145553589,0.329341322183609,0.007101420313119888
YPL220W,YLR293C,1,1.5984765,0.823383092880249,0.33033931255340576,0.007101420313119888
YER110C,YBL039C,0,1.5924273,0.8213399648666382,0.33033931255340576,0.007201440166682005
YLR405W,YOR243C,0,1.5915903,0.8193069100379944,0.33033931255340576,0.007301460485905409
YJL010C,YLL034C,1,1.5879743,0.819753110408783,0.3313373327255249,0.007301460485905409
YKR094C,YCR047C,1,1.5846527,0.8201970458030701,0.33233532309532166,0.007301460485905409
YKL009W,YGL172W,1,1.5841937,0.8206388354301453,0.3333333432674408,0.007301460485905409
YDR091C,YPL239W,1,1.5805068,0.8210784196853638,0.33433133363723755,0.007301460485905409
YNL113W,YPL220W,0,1.5786431,0.8190708756446838,0.33433133363723755,0.0074014803394675255
YKL009W,YKR094C,1,1.5761125,0.8195121884346008,0.3353293538093567,0.0074014803394675255
YGL099W,YNL227C,1,1.5745989,0.8199513554573059,0.33632734417915344,0.0074014803394675255
YCR047C,YHR088W,1,1.5729072,0.8203883767127991,0.3373253345489502,0.0074014803394675255
YPL146C,YPL239W,1,1.5725627,0.8208232522010803,0.33832335472106934,0.0074014803394675255
YGL097W,YKR094C,1,1.5724477,0.8212560415267944,0.3393213450908661,0.0074014803394675255
YGR155W,YER127W,0,1.5697505,0.8192771077156067,0.3393213450908661,0.007501500193029642
YPR102C,YLR441C,0,1.567708,0.817307710647583,0.3393213450908661,0.007601520512253046
YFR001W,YPL146C,1,1.5651624,0.8177458047866821,0.34031936526298523,0.007601520512253046
YMR093W,YGL030W,0,1.5645643,0.8157894611358643,0.34031936526298523,0.007701540365815163
YKL143W,YGL135W,1,1.5632658,0.8162291049957275,0.341317355632782,0.007701540365815163
YGR195W,YMR123W,0,1.5560162,0.8142856955528259,0.341317355632782,0.007801560219377279
YKL186C,YPL093W,1,1.5556872,0.8147268295288086,0.3423153758049011,0.007801560219377279
YHR088W,YLL034C,1,1.5549371,0.8151658773422241,0.3433133661746979,0.007801560219377279
YPR016C,YGR081C,1,1.5541713,0.8156028389930725,0.344311386346817,0.007801560219377279
YNL001W,YML093W,0,1.5531673,0.8136792182922363,0.344311386346817,0.007901580072939396
YKL186C,YGR285C,1,1.5512046,0.8141176700592041,0.34530937671661377,0.007901580072939396
YOR101W,YLR215C,0,1.5431803,0.8122065663337708,0.34530937671661377,0.0080016003921628
YIR026C,YNL227C,1,1.5382385,0.8126463890075684,0.3463073968887329,0.0080016003921628
YGL070C,YOR145C,0,1.5350893,0.8107476830482483,0.3463073968887329,0.008101620711386204
YKL186C,YNR053C,1,1.5338947,0.811188817024231,0.34730538725852966,0.008101620711386204
YOR145C,YMR235C,1,1.5276756,0.8116279244422913,0.3483034074306488,0.008101620711386204
YMR235C,YER036C,1,1.5269651,0.8120649456977844,0.34930139780044556,0.008101620711386204
YDR101C,YGL135W,1,1.5266192,0.8125,0.3502993881702423,0.008101620711386204
YHR065C,YMR123W,0,1.5259323,0.8106235861778259,0.3502993881702423,0.008201640099287033
YLR074C,YDR361C,1,1.525281,0.8110598921775818,0.35129740834236145,0.008201640099287033
YCR047C,YLR074C,1,1.5200644,0.8114942312240601,0.3522953987121582,0.008201640099287033
YNL001W,YOL041C,0,1.5124233,0.8096330165863037,0.3522953987121582,0.008301660418510437
YGR081C,YPL239W,1,1.5112202,0.810068666934967,0.35329341888427734,0.008301660418510437
YNL178W,YNL209W,1,1.508237,0.810502290725708,0.3542914092540741,0.008301660418510437
YIR026C,YFR002W,1,1.5038396,0.8109339475631714,0.35528942942619324,0.008301660418510437
YOR294W,YOR098C,1,1.5030628,0.8113636374473572,0.35628741979599,0.008301660418510437
YGR245C,YGL135W,1,1.5005014,0.8117913603782654,0.35728543996810913,0.008301660418510437
YKL009W,YPL239W,1,1.497706,0.8122171759605408,0.3582834303379059,0.008301660418510437
YOR106W,YPL126W,0,1.4920769,0.8103837370872498,0.3582834303379059,0.008401680737733841
YKL186C,YER006W,1,1.4842191,0.8108108043670654,0.359281450510025,0.008401680737733841
YKL110C,YLR388W,0,1.4840251,0.8089887499809265,0.359281450510025,0.00850170012563467
YPL093W,YCR047C,1,1.482936,0.8094170689582825,0.3602794408798218,0.00850170012563467
YOL077C,YKL081W,0,1.4781368,0.8076062798500061,0.3602794408798218,0.008601720444858074
YDL143W,YLR197W,0,1.4734195,0.8058035969734192,0.3602794408798218,0.008701740764081478
YAL059W,YNL227C,1,1.4726431,0.8062360882759094,0.36127743124961853,0.008701740764081478
YOR145C,YGL135W,1,1.4717343,0.8066666722297668,0.36227545142173767,0.008701740764081478
YPL093W,YPL239W,1,1.4706802,0.8070953488349915,0.3632734417915344,0.008701740764081478
YPR016C,YCR047C,1,1.4647032,0.8075221180915833,0.36427146196365356,0.008701740764081478
YKL186C,YKR094C,1,1.4539073,0.807947039604187,0.3652694523334503,0.008701740764081478
YKL186C,YDR091C,1,1.4388297,0.808370053768158,0.36626747250556946,0.008701740764081478
YDL136W,YML056C,0,1.4309638,0.8065934181213379,0.36626747250556946,0.008801760151982307
YKL009W,YMR235C,1,1.4223359,0.8070175647735596,0.3672654628753662,0.008801760151982307
YKL143W,YLL034C,1,1.4102874,0.8074398040771484,0.36826348304748535,0.008801760151982307
YKL186C,YFR001W,1,1.4093101,0.807860255241394,0.3692614734172821,0.008801760151982307
YNL227C,YHR170W,1,1.4092557,0.8082788586616516,0.37025949358940125,0.008801760151982307
YFR001W,YPL239W,1,1.4073448,0.8086956739425659,0.371257483959198,0.008801760151982307
YFR002W,YNR053C,1,1.3980298,0.8091106414794922,0.37225547432899475,0.008801760151982307
YDR091C,YMR235C,1,1.3968279,0.8095238208770752,0.3732534945011139,0.008801760151982307
YIL118W,YDL201W,0,1.396258,0.8077753782272339,0.3732534945011139,0.008901780471205711
YER036C,YLR293C,1,1.3931444,0.8081896305084229,0.37425148487091064,0.008901780471205711
YKL009W,YGL135W,1,1.3914566,0.8086021542549133,0.3752495050430298,0.008901780471205711
YCR047C,YPL220W,1,1.3913121,0.8090128898620605,0.37624749541282654,0.008901780471205711
YGL097W,YJL010C,1,1.3826585,0.8094218373298645,0.3772455155849457,0.008901780471205711
YCR047C,YGR245C,1,1.3811474,0.80982905626297,0.37824350595474243,0.008901780471205711
YKL156W,YGL070C,0,1.3744313,0.8081023693084717,0.37824350595474243,0.009001800790429115
YGL172W,YPL093W,1,1.372267,0.8085106611251831,0.3792415261268616,0.009001800790429115
YIR026C,YGL135W,1,1.3700217,0.808917224407196,0.3802395164966583,0.009001800790429115
YMR142C,YEL036C,0,1.3649552,0.8072034120559692,0.3802395164966583,0.009101820178329945
YER006W,YOR098C,1,1.3640199,0.8076109886169434,0.38123753666877747,0.009101820178329945
YMR235C,YLR074C,1,1.363638,0.8080168962478638,0.3822355270385742,0.009101820178329945
YIL148W,YHR088W,1,1.3629053,0.8084210753440857,0.38323354721069336,0.009101820178329945
YKL125W,YJL177W,0,1.3556374,0.8067227005958557,0.38323354721069336,0.009201840497553349
YKL009W,YNL209W,1,1.3519849,0.8071278929710388,0.3842315375804901,0.009201840497553349
YDL130W,YGL030W,0,1.3502254,0.8054393529891968,0.3842315375804901,0.009301860816776752
YIL148W,YOR098C,1,1.3481824,0.8058454990386963,0.38522952795028687,0.009301860816776752
YPR016C,YDR091C,1,1.3453021,0.8062499761581421,0.386227548122406,0.009301860816776752
YDR101C,YOR098C,1,1.3416283,0.8066527843475342,0.38722553849220276,0.009301860816776752
YKL186C,YGL099W,1,1.3401505,0.8070539236068726,0.3882235586643219,0.009301860816776752
YKL186C,YGR245C,1,1.3397017,0.8074533939361572,0.38922154903411865,0.009301860816776752
YJL050W,YLR215C,0,1.3355889,0.8057851195335388,0.38922154903411865,0.009401880204677582
YHR066W,YJR105W,0,1.3355634,0.8041236996650696,0.38922154903411865,0.009501900523900986
YPL239W,YPL220W,1,1.3352376,0.8045267462730408,0.3902195692062378,0.009501900523900986
YOR293W,YNR027W,0,1.3221494,0.802874743938446,0.3902195692062378,0.00960192084312439
YKL125W,YMR290C,0,1.3200715,0.8012295365333557,0.3902195692062378,0.009701940231025219
YLR074C,YGL135W,1,1.3126101,0.8016359806060791,0.39121755957603455,0.009701940231025219
YPR016C,YNL178W,1,1.3105507,0.8020408153533936,0.3922155797481537,0.009701940231025219
YMR235C,YDR361C,1,1.3062572,0.8024439811706543,0.39321357011795044,0.009701940231025219
YPR043W,YLR215C,0,1.3033239,0.8008130192756653,0.39321357011795044,0.009801960550248623
YLR185W,YOL052C,0,1.302382,0.7991886138916016,0.39321357011795044,0.009901979938149452
YNL227C,YKL143W,1,1.299767,0.7995951175689697,0.3942115902900696,0.009901979938149452
YGL097W,YNR053C,1,1.2951244,0.800000011920929,0.39520958065986633,0.009901979938149452
YNL227C,YPL146C,1,1.2905691,0.8004032373428345,0.3962075710296631,0.009901979938149452
YLR409C,YPL220W,0,1.2877154,0.7987927794456482,0.3962075710296631,0.010002000257372856
YJL010C,YPL239W,1,1.2743055,0.7991967797279358,0.3972055912017822,0.010002000257372856
YPR187W,YMR235C,0,1.2727678,0.797595202922821,0.3972055912017822,0.01010202057659626
YDR101C,YFR002W,1,1.2688096,0.7979999780654907,0.398203581571579,0.01010202057659626
YIR026C,YGL097W,1,1.2658823,0.7984032034873962,0.3992016017436981,0.01010202057659626
YKL186C,YIR026C,1,1.2573473,0.798804759979248,0.4001995921134949,0.01010202057659626
YHR170W,YJL061W,1,1.2546458,0.7992047667503357,0.401197612285614,0.01010202057659626
YGL099W,YGL135W,1,1.2490747,0.7996031641960144,0.40219560265541077,0.01010202057659626
YMR235C,YGR285C,1,1.2486055,0.800000011920929,0.4031936228275299,0.01010202057659626
YHR170W,YFR002W,1,1.2439673,0.8003952503204346,0.40419161319732666,0.01010202057659626
YIL085C,YJR002W,0,1.2383375,0.7988165616989136,0.40419161319732666,0.01020203996449709
YJL087C,YLR441C,0,1.2310265,0.7972440719604492,0.40419161319732666,0.010302060283720493
YDR152W,YDR172W,0,1.2267766,0.7956777811050415,0.40419161319732666,0.010402080602943897
YKL186C,YPL146C,1,1.2233812,0.7960784435272217,0.4051896333694458,0.010402080602943897
YOR098C,YHR088W,1,1.2189367,0.7964774966239929,0.40618762373924255,0.010402080602943897
YPR016C,YER036C,1,1.2174358,0.796875,0.4071856141090393,0.010402080602943897
YHR170W,YGL135W,1,1.2165922,0.7972709536552429,0.40818363428115845,0.010402080602943897
YAL059W,YOR098C,1,1.2150015,0.7976653575897217,0.4091816246509552,0.010402080602943897
YIR026C,YER036C,1,1.2138705,0.798058271408081,0.41017964482307434,0.010402080602943897
YNL227C,YLR074C,1,1.2138486,0.7984496355056763,0.4111776351928711,0.010402080602943897
YOR145C,YOR098C,1,1.2121129,0.7988394498825073,0.41217565536499023,0.010402080602943897
YGL097W,YDR091C,1,1.2107011,0.799227774143219,0.413173645734787,0.010402080602943897
YPR016C,YLR293C,1,1.2105565,0.799614667892456,0.41417166590690613,0.010402080602943897
YPL093W,YFR002W,1,1.2104664,0.800000011920929,0.4151696562767029,0.010402080602943897
YER006W,YJL061W,1,1.2089458,0.8003838658332825,0.416167676448822,0.010402080602943897
YGL097W,YHR170W,1,1.2058078,0.8007662892341614,0.4171656668186188,0.010402080602943897
YOR361C,YNL164C,0,1.2031978,0.7992351651191711,0.4171656668186188,0.010502099990844727
YKL110C,YJR002W,0,1.2004435,0.7977099418640137,0.4171656668186188,0.01060212031006813
YPL273W,YBL087C,0,1.1997716,0.7961905002593994,0.4171656668186188,0.010702140629291534
YGR155W,YPL081W,0,1.1959361,0.7946767807006836,0.4171656668186188,0.010802160017192364
YIL018W,YJL138C,0,1.1958956,0.7931689023971558,0.4171656668186188,0.010902180336415768
YGR081C,YMR235C,1,1.1899558,0.7935606241226196,0.4181636869907379,0.010902180336415768
YGL135W,YGR285C,1,1.1888535,0.7939508557319641,0.41916167736053467,0.010902180336415768
YIL148W,YLR215C,0,1.1871595,0.7924528121948242,0.41916167736053467,0.011002200655639172
YOR145C,YJL061W,1,1.1829768,0.7928436994552612,0.4201596677303314,0.011002200655639172
YNL227C,YIL148W,1,1.180088,0.7932330965995789,0.42115768790245056,0.011002200655639172
YDR101C,YNL227C,1,1.1792853,0.7936210036277771,0.4221556782722473,0.011002200655639172
YKL186C,YAL059W,1,1.1743336,0.7940074801445007,0.42315369844436646,0.011002200655639172
YGL097W,YER006W,1,1.1679502,0.7943925261497498,0.4241516888141632,0.011002200655639172
YML056C,YMR146C,0,1.1653806,0.7929104566574097,0.4241516888141632,0.011102220043540001
YPL093W,YOR098C,1,1.1632147,0.7932960987091064,0.42514970898628235,0.011102220043540001
YOR361C,YOR106W,0,1.1618714,0.7918215394020081,0.42514970898628235,0.011202240362763405
YGR245C,YMR235C,1,1.1588044,0.7922077775001526,0.4261476993560791,0.011202240362763405
YJL087C,YKR057W,0,1.1551738,0.7907407283782959,0.4261476993560791,0.011302260681986809
YKL186C,YGR081C,1,1.1529849,0.7911275625228882,0.42714571952819824,0.011302260681986809
YER146W,YNL178W,0,1.1522785,0.7896679043769836,0.42714571952819824,0.011402280069887638
YML056C,YLR061W,0,1.1495719,0.7882136106491089,0.42714571952819824,0.011502300389111042
YFR002W,YMR093W,0,1.1434488,0.7867646813392639,0.42714571952819824,0.011602320708334446
YGL172W,YOL077C,0,1.1334449,0.7853211164474487,0.42714571952819824,0.011702340096235275
YOL115W,YJR002W,0,1.1258428,0.7838827967643738,0.42714571952819824,0.01180236041545868
YGL097W,YOR145C,1,1.1220992,0.7842778563499451,0.428143709897995,0.01180236041545868
YJL010C,YCR047C,1,1.1205696,0.7846715450286865,0.42914173007011414,0.01180236041545868
YCR047C,YDR091C,1,1.119591,0.7850637435913086,0.4301397204399109,0.01180236041545868
YKL186C,YDR361C,1,1.1179178,0.7854545712471008,0.43113771080970764,0.01180236041545868
YIL148W,YGL135W,1,1.1176103,0.7858439087867737,0.4321357309818268,0.01180236041545868
YLR409C,YDL184C,0,1.11725,0.7844203114509583,0.4321357309818268,0.011902380734682083
YGL135W,YNL209W,1,1.1123937,0.7848101258277893,0.43313372135162354,0.011902380734682083
YPR016C,YGR285C,1,1.109363,0.7851985692977905,0.4341317415237427,0.011902380734682083
YJL177W,YGR030C,0,1.107374,0.7837837934494019,0.4341317415237427,0.012002400122582912
YOR098C,YLR293C,1,1.106111,0.7841726541519165,0.43512973189353943,0.012002400122582912
YPL273W,YNL001W,0,1.1058053,0.7827647924423218,0.43512973189353943,0.012102420441806316
YKL186C,YNL178W,1,1.1041548,0.7831541299819946,0.43612775206565857,0.012102420441806316
YOR098C,YNR053C,1,1.103858,0.7835420370101929,0.4371257424354553,0.012102420441806316
YGL097W,YLR074C,1,1.1008785,0.7839285731315613,0.43812376260757446,0.012102420441806316
YOR234C,YGR061C,0,1.1003847,0.782531201839447,0.43812376260757446,0.01220244076102972
YJL010C,YOR098C,1,1.0882045,0.7829181551933289,0.4391217529773712,0.01220244076102972
YKR094C,YGL135W,1,1.0880527,0.7833037376403809,0.44011977314949036,0.01220244076102972
YIR026C,YJL061W,1,1.0875452,0.783687949180603,0.4411177635192871,0.01220244076102972
YPR016C,YMR235C,1,1.0832181,0.7840707898139954,0.44211575388908386,0.01220244076102972
YPR016C,YNL227C,1,1.0818433,0.7844523191452026,0.443113774061203,0.01220244076102972
YDL143W,YER110C,0,1.0816958,0.7830687761306763,0.443113774061203,0.01230246014893055
YNL209W,YLR293C,1,1.0783772,0.783450722694397,0.44411176443099976,0.01230246014893055
YNL227C,YGR285C,1,1.0776279,0.7838312983512878,0.4451097846031189,0.01230246014893055
YIL063C,YLR293C,1,1.0745904,0.7842105031013489,0.44610777497291565,0.01230246014893055
YGL097W,YGR081C,1,1.0740588,0.7845884561538696,0.4471057951450348,0.01230246014893055
YOR098C,YLR074C,1,1.0725267,0.7849650382995605,0.44810378551483154,0.01230246014893055
YNL227C,YER036C,1,1.0698576,0.7853403091430664,0.4491018056869507,0.01230246014893055
YIR026C,YPL239W,1,1.0666025,0.7857142686843872,0.45009979605674744,0.01230246014893055
YHR170W,YOR098C,1,1.063785,0.7860869765281677,0.4510978162288666,0.01230246014893055
YGL172W,YHR170W,1,1.0582882,0.7864583134651184,0.45209580659866333,0.01230246014893055
YDL229W,YFR001W,1,1.057019,0.7868283987045288,0.45309382677078247,0.01230246014893055
YML055W,YAL036C,0,1.0553997,0.7854671478271484,0.45309382677078247,0.012402480468153954
YOR098C,YLL034C,1,1.0514376,0.7858376502990723,0.4540918171405792,0.012402480468153954
YGL097W,YOR294W,1,1.0494727,0.7862069010734558,0.455089807510376,0.012402480468153954
YPL239W,YLR291C,0,1.042884,0.7848536968231201,0.455089807510376,0.012502500787377357
YPR016C,YIL148W,1,1.0415883,0.7852233648300171,0.4560878276824951,0.012502500787377357
YOR098C,YPL146C,1,1.0382283,0.7855917811393738,0.45708581805229187,0.012502500787377357
YGL097W,YAL059W,1,1.0335032,0.7859588861465454,0.458083838224411,0.012502500787377357
YPL239W,YLR293C,1,1.0256076,0.7863247990608215,0.45908182859420776,0.012502500787377357
YJL061W,YER036C,1,1.0248978,0.7866894006729126,0.4600798487663269,0.012502500787377357
YIL018W,YDR172W,0,1.0225966,0.7853492498397827,0.4600798487663269,0.012602520175278187
YPL239W,YML056C,0,1.0205206,0.7840136289596558,0.4600798487663269,0.01270254049450159
YJL087C,YCR031C,0,1.0179051,0.7826825380325317,0.4600798487663269,0.012802560813724995
YIR026C,YOR098C,1,1.0130501,0.7830508351325989,0.46107783913612366,0.012802560813724995
YGR208W,YBR061C,0,1.0093204,0.7817258834838867,0.46107783913612366,0.012902580201625824
YJR105W,YOR243C,0,1.0075009,0.7804054021835327,0.46107783913612366,0.013002600520849228
YGR280C,YGR030C,0,1.0066833,0.7790893912315369,0.46107783913612366,0.013102620840072632
YLR074C,YLL034C,1,1.0060025,0.7794612646102905,0.4620758593082428,0.013102620840072632
YFR002W,YER036C,1,1.0036105,0.7798319458961487,0.46307384967803955,0.013102620840072632
YMR235C,YPL220W,1,1.002074,0.7802013158798218,0.4640718698501587,0.013102620840072632
YLR268W,YKR081C,0,0.9964365,0.7788944840431213,0.4640718698501587,0.013202640227973461
YJR097W,YER165W,0,0.9963678,0.7775919437408447,0.4640718698501587,0.013302660547196865
YGL135W,YLL034C,1,0.99366164,0.7779632806777954,0.46506986021995544,0.013302660547196865
YIL148W,YPL239W,1,0.98493457,0.778333306312561,0.4660678505897522,0.013302660547196865
YMR123W,YOR254C,0,0.9810505,0.7770382761955261,0.4660678505897522,0.013402680866420269
YNL227C,YHR088W,1,0.9787526,0.7774086594581604,0.46706587076187134,0.013402680866420269
YPL239W,YLR074C,1,0.97359395,0.7777777910232544,0.4680638611316681,0.013402680866420269
YGL097W,YGR245C,1,0.9726641,0.7781456708908081,0.46906188130378723,0.013402680866420269
YGL099W,YOR098C,1,0.9695468,0.7785124182701111,0.470059871673584,0.013402680866420269
YGL097W,YDR361C,1,0.9683795,0.7788779139518738,0.4710578918457031,0.013402680866420269
YGL135W,YER036C,1,0.966439,0.7792421579360962,0.4720558822154999,0.013402680866420269
YOR098C,YGR285C,1,0.96240056,0.7796052694320679,0.473053902387619,0.013402680866420269
YBR060C,YDR083W,0,0.9621937,0.7783251404762268,0.473053902387619,0.013502700254321098
YKL186C,YKL143W,1,0.96188855,0.7786885499954224,0.47405189275741577,0.013502700254321098
YCR047C,YGL135W,1,0.96002126,0.7790507078170776,0.4750499129295349,0.013502700254321098
YJL010C,YGL135W,1,0.9596947,0.779411792755127,0.47604790329933167,0.013502700254321098
YGR245C,YFR002W,1,0.9472873,0.779771625995636,0.4770458936691284,0.013502700254321098
YLR215C,YMR146C,0,0.94707704,0.7785016298294067,0.4770458936691284,0.013602720573544502
YPL093W,YJR042W,1,0.9457048,0.7788617610931396,0.47804391384124756,0.013602720573544502
YGL097W,YNL209W,1,0.94516134,0.7792207598686218,0.4790419042110443,0.013602720573544502
YER110C,YMR235C,0,0.94482946,0.7779578566551208,0.4790419042110443,0.013702740892767906
YER006W,YFR002W,1,0.94369996,0.7783171534538269,0.48003992438316345,0.013702740892767906
YPR016C,YPL239W,1,0.94213057,0.7786752581596375,0.4810379147529602,0.013702740892767906
YGL097W,YLL034C,1,0.9359946,0.7790322303771973,0.48203593492507935,0.013702740892767906
YFR009W,YJR002W,0,0.9353186,0.7777777910232544,0.48203593492507935,0.013802760280668736
YPL030W,YMR146C,0,0.934624,0.7765273451805115,0.48203593492507935,0.01390278059989214
YKL143W,YJL061W,1,0.9336578,0.7768860459327698,0.4830339252948761,0.01390278059989214
YDR091C,YJL061W,1,0.9315476,0.7772436141967773,0.48403194546699524,0.01390278059989214
YJR032W,YLR061W,0,0.931514,0.7760000228881836,0.48403194546699524,0.014002800919115543
YCR047C,YIL148W,1,0.93066335,0.7763578295707703,0.485029935836792,0.014002800919115543
YGL099W,YPL169C,1,0.9273476,0.7767145037651062,0.48602795600891113,0.014002800919115543
YJL124C,YGR271C-A,0,0.92051756,0.7754777073860168,0.48602795600891113,0.014102820307016373
YPL239W,YLL034C,1,0.9159986,0.7758346796035767,0.4870259463787079,0.014102820307016373
YGL097W,YDR101C,1,0.9150163,0.776190459728241,0.488023966550827,0.014102820307016373
YHR170W,YKL057C,1,0.9068819,0.7765451669692993,0.4890219569206238,0.014102820307016373
YOR098C,YKL143W,1,0.9063815,0.7768987417221069,0.49001994729042053,0.014102820307016373
YGL097W,YGL099W,1,0.9063103,0.7772511839866638,0.4910179674625397,0.014102820307016373
YGR280C,YER019C-A,0,0.90625626,0.7760252356529236,0.4910179674625397,0.014202840626239777
YPL239W,YNL209W,1,0.9057198,0.7763779759407043,0.4920159578323364,0.014202840626239777
YOR293W,YBL042C,0,0.90519655,0.7751572132110596,0.4920159578323364,0.01430286094546318
YEL026W,YJL124C,0,0.8971718,0.7739403247833252,0.4920159578323364,0.01440288033336401
YOR098C,YPL239W,1,0.8963375,0.7742946743965149,0.49301397800445557,0.01440288033336401
YKL186C,YOR145C,1,0.8955269,0.7746478915214539,0.4940119683742523,0.01440288033336401
YNL178W,YMR235C,1,0.8954539,0.7749999761581421,0.49500998854637146,0.01440288033336401
YKL186C,YHR088W,1,0.8913985,0.7753509879112244,0.4960079789161682,0.01440288033336401
YIL148W,YLL034C,1,0.88734525,0.7757009267807007,0.49700599908828735,0.01440288033336401
YIL148W,YFR002W,1,0.8865417,0.776049792766571,0.4980039894580841,0.01440288033336401
YPL117C,YKR057W,0,0.88394886,0.7748447060585022,0.4980039894580841,0.014502900652587414
YOR145C,YER043C,0,0.88345194,0.773643434047699,0.4980039894580841,0.014602920971810818
YJL010C,YPL220W,1,0.87383693,0.7739937901496887,0.49900200963020325,0.014602920971810818
YER146W,YDR496C,0,0.86955106,0.7727975249290466,0.49900200963020325,0.014702940359711647
YKL057C,YDR361C,1,0.8681209,0.7731481194496155,0.5,0.014702940359711647
YER056C-A,YIL085C,0,0.86757684,0.7719568610191345,0.5,0.014802960678935051
YHR088W,YGL135W,1,0.8592276,0.7723076939582825,0.5009980201721191,0.014802960678935051
YJL198W,YGR271C-A,0,0.85713947,0.7711213231086731,0.5009980201721191,0.014902980998158455
YOR098C,YER036C,1,0.8524649,0.7714723944664001,0.5019959807395935,0.014902980998158455
YGR061C,YDR346C,0,0.8520992,0.7702909708023071,0.5019959807395935,0.015003000386059284
YDR091C,YKL057C,1,0.8514786,0.7706422209739685,0.5029940009117126,0.015003000386059284
YGL097W,YHR088W,1,0.8428532,0.7709923386573792,0.5039920210838318,0.015003000386059284
YOL149W,YOR234C,0,0.8411839,0.769817054271698,0.5039920210838318,0.015103020705282688
YDL136W,YBL039C,0,0.83905846,0.7686453461647034,0.5039920210838318,0.015203041024506092
YNL227C,YLL034C,1,0.83859247,0.7689969539642334,0.5049900412559509,0.015203041024506092
YPL239W,YMR235C,1,0.8381223,0.7693474888801575,0.5059880018234253,0.015203041024506092
YFR001W,YFR002W,1,0.83724093,0.7696969509124756,0.5069860219955444,0.015203041024506092
YOR098C,YNL209W,1,0.83572674,0.7700453996658325,0.5079840421676636,0.015203041024506092
YOR295W,YPL081W,0,0.8170824,0.768882155418396,0.5079840421676636,0.015303060412406921
YNL227C,YPL220W,1,0.8161292,0.7692307829856873,0.5089820623397827,0.015303060412406921
YDL208W,YOL149W,0,0.81607234,0.7680723071098328,0.5089820623397827,0.015403080731630325
YKL004W,YOR233W,0,0.81286085,0.7669172883033752,0.5089820623397827,0.01550310105085373
YDL084W,YDR496C,0,0.8093428,0.7657657861709595,0.5089820623397827,0.015603120438754559
YKL009W,YFR002W,1,0.8084463,0.7661169171333313,0.5099800229072571,0.015603120438754559
YBL087C,YDR346C,0,0.8076334,0.764970064163208,0.5099800229072571,0.015703139826655388
YKL125W,YJL050W,0,0.8065822,0.7638266086578369,0.5099800229072571,0.015803160145878792
YJL200C,YOR234C,0,0.8041908,0.762686550617218,0.5099800229072571,0.015903180465102196
YKL143W,YFR002W,1,0.80370885,0.7630402445793152,0.5109780430793762,0.015903180465102196
YNL188W,YMR269W,0,0.8006169,0.761904776096344,0.5109780430793762,0.0160032007843256
YGL171W,YHR205W,0,0.796487,0.7607726454734802,0.5109780430793762,0.016103221103549004
YLR229C,YIR026C,0,0.79353106,0.7596439123153687,0.5109780430793762,0.016203241422772408
YGR262C,YLR441C,0,0.788672,0.7585185170173645,0.5109780430793762,0.016303259879350662
YIL096C,YNL182C,0,0.78379273,0.7573964595794678,0.5109780430793762,0.016403280198574066
YGL172W,YLR293C,1,0.7806245,0.7577548027038574,0.5119760632514954,0.016403280198574066
YBR288C,YJL122W,0,0.7803172,0.7566371560096741,0.5119760632514954,0.01650330051779747
YDL229W,YPL146C,1,0.76678026,0.7569955587387085,0.5129740238189697,0.01650330051779747
YLL018C,YKR081C,0,0.7596086,0.7558823823928833,0.5129740238189697,0.016603320837020874
YIL148W,YKL057C,1,0.7586818,0.7562408447265625,0.5139720439910889,0.016603320837020874
YGL172W,YDR091C,1,0.75618815,0.7565982341766357,0.514970064163208,0.016603320837020874
YKL186C,YLR293C,1,0.7551001,0.7569546103477478,0.5159680843353271,0.016603320837020874
YDR091C,YOR098C,1,0.75243723,0.7573099136352539,0.5169660449028015,0.016603320837020874
YMR142C,YBR087W,0,0.74762917,0.75620436668396,0.5169660449028015,0.016703341156244278
YMR242C,YNL199C,0,0.7472294,0.7551020383834839,0.5169660449028015,0.016803361475467682
YMR235C,YLR293C,1,0.7472086,0.7554585337638855,0.5179640650749207,0.016803361475467682
YEL026W,YLL004W,0,0.74597406,0.7543604373931885,0.5179640650749207,0.016903379932045937
YCR072C,YPR186C,0,0.7426243,0.7532656192779541,0.5179640650749207,0.01700340025126934
YJL061W,YLR293C,1,0.74128586,0.7536231875419617,0.5189620852470398,0.01700340025126934
YML056C,YLR272C,0,0.74091554,0.7525325417518616,0.5189620852470398,0.017103420570492744
YGR072W,YLR061W,0,0.73863995,0.7514451146125793,0.5189620852470398,0.01720344088971615
YPL273W,YEL055C,0,0.73751354,0.7503607273101807,0.5189620852470398,0.017303461208939552
YIR026C,YJR042W,1,0.73712754,0.7507204413414001,0.5199601054191589,0.017303461208939552
YGR024C,YLR167W,0,0.7370269,0.7496402859687805,0.5199601054191589,0.017403481528162956
YER006W,YPL169C,1,0.731267,0.75,0.5209580659866333,0.017403481528162956
YDL229W,YDR361C,1,0.7303661,0.7503587007522583,0.5219560861587524,0.017403481528162956
YER029C,YER025W,0,0.7258121,0.7492836713790894,0.5219560861587524,0.01750349998474121
YDL136W,YHR216W,0,0.7221677,0.7482117414474487,0.5219560861587524,0.017603520303964615
YPL169C,YGR285C,1,0.7187073,0.7485714554786682,0.5229541063308716,0.017603520303964615
YFR001W,YOR098C,1,0.7168623,0.7489300966262817,0.523952066898346,0.017603520303964615
YCR047C,YOR098C,1,0.71636814,0.7492877244949341,0.5249500870704651,0.017603520303964615
YGL097W,YER036C,1,0.7136304,0.74964439868927,0.5259481072425842,0.017603520303964615
YDR361C,YFR002W,1,0.7117232,0.75,0.5269461274147034,0.017603520303964615
YAL059W,YJL061W,1,0.70980823,0.7503545880317688,0.5279440879821777,0.017603520303964615
YDL229W,YOR294W,1,0.7097863,0.7507082223892212,0.5289421081542969,0.017603520303964615
YIR026C,YGL172W,1,0.70850897,0.7510608434677124,0.529940128326416,0.017603520303964615
YKR099W,YPL081W,0,0.708089,0.75,0.529940128326416,0.01770354062318802
YKR036C,YPL126W,0,0.7075948,0.7489421963691711,0.529940128326416,0.017803560942411423
YDL229W,YGR081C,1,0.6992731,0.7492957711219788,0.5309381484985352,0.017803560942411423
YMR235C,YGL135W,1,0.696964,0.74964839220047,0.5319361090660095,0.017803560942411423
YKL009W,YIL148W,1,0.69631654,0.75,0.5329341292381287,0.017803560942411423
YNL178W,YGL135W,1,0.68968,0.7503506541252136,0.5339321494102478,0.017803560942411423
YKL009W,YJL061W,1,0.688183,0.7507002949714661,0.5349301099777222,0.017803560942411423
YGR081C,YOR098C,1,0.6838794,0.7510489225387573,0.5359281301498413,0.017803560942411423
YKR094C,YFR002W,1,0.68383545,0.751396656036377,0.5369261503219604,0.017803560942411423
YBR143C,YPL030W,0,0.6825478,0.750348687171936,0.5369261503219604,0.017903581261634827
YJL010C,YPL169C,1,0.6823863,0.7506963610649109,0.5379241704940796,0.017903581261634827
YKR081C,YDR062W,0,0.67932373,0.7496522665023804,0.5379241704940796,0.01800360158085823
YKR094C,YPL239W,1,0.67891943,0.75,0.538922131061554,0.01800360158085823
YGL097W,YMR235C,1,0.6764493,0.7503467202186584,0.5399201512336731,0.01800360158085823
YPL146C,YFR002W,1,0.67527443,0.7506925463676453,0.5409181714057922,0.01800360158085823
YJL010C,YNL227C,1,0.6743671,0.7510373592376709,0.5419161915779114,0.01800360158085823
YPR016C,YJL061W,1,0.6730943,0.7513812184333801,0.5429141521453857,0.01800360158085823
YHL007C,YGR229C,0,0.6716302,0.7503448128700256,0.5429141521453857,0.018103620037436485
YKL125W,YCR057C,0,0.67042553,0.7493112683296204,0.5429141521453857,0.01820364035665989
YIR026C,YJL041W,1,0.66982436,0.7496561408042908,0.5439121723175049,0.01820364035665989
YDL229W,YKL143W,1,0.6676086,0.75,0.544910192489624,0.01820364035665989
YKR094C,YMR235C,1,0.66166234,0.7503429651260376,0.5459082126617432,0.01820364035665989
YOR294W,YFR002W,1,0.660161,0.750684916973114,0.5469061732292175,0.01820364035665989
YKL186C,YLL034C,1,0.6557141,0.7510259747505188,0.5479041934013367,0.01820364035665989
YFR002W,YGR285C,1,0.6544063,0.751366138458252,0.5489022135734558,0.01820364035665989
YER006W,YKL057C,1,0.652359,0.7517053484916687,0.5499001741409302,0.01820364035665989
YGL172W,YLR074C,1,0.6490652,0.752043604850769,0.5508981943130493,0.01820364035665989
YHR128W,YGL135W,0,0.6489577,0.7510204315185547,0.5508981943130493,0.018303660675883293
YHR031C,YER127W,0,0.6468601,0.75,0.5508981943130493,0.018403680995106697
YNL227C,YGL135W,1,0.6466192,0.7503392100334167,0.5518962144851685,0.018403680995106697
YPL220W,YIL027C,0,0.6455529,0.7493224740028381,0.5518962144851685,0.0185037013143301
YGL172W,YDR101C,1,0.6446419,0.7496616840362549,0.5528942346572876,0.0185037013143301
YIL148W,YLR293C,1,0.64406145,0.75,0.553892195224762,0.0185037013143301
YCR047C,YLL034C,1,0.64352643,0.7503373622894287,0.5548902153968811,0.0185037013143301
YNL178W,YKL057C,1,0.6371316,0.7506738305091858,0.5558882355690002,0.0185037013143301
YNL227C,YOR101W,0,0.63644147,0.7496635317802429,0.5558882355690002,0.018603721633553505
YDL209C,YLR276C,0,0.63324064,0.7486559152603149,0.5558882355690002,0.01870374009013176
YGL172W,YER006W,1,0.63251054,0.7489932775497437,0.5568862557411194,0.01870374009013176
YDL229W,YAL059W,1,0.6312383,0.7493297457695007,0.5578842163085938,0.01870374009013176
YGL172W,YAL059W,1,0.63070655,0.7496653199195862,0.5588822364807129,0.01870374009013176
YJR042W,YDR101C,1,0.62765265,0.75,0.559880256652832,0.01870374009013176
YGR245C,YPL169C,1,0.6236731,0.7503337860107422,0.5608782172203064,0.01870374009013176
YBR061C,YBR288C,0,0.6220712,0.7493333220481873,0.5608782172203064,0.018803760409355164
YLL034C,YFR002W,1,0.61932456,0.7496671080589294,0.5618762373924255,0.018803760409355164
YAL059W,YFR002W,1,0.6181715,0.75,0.5628742575645447,0.018803760409355164
YGL097W,YJL061W,1,0.6177265,0.7503319978713989,0.5638722777366638,0.018803760409355164
YMR194W,YJL129C,0,0.6173239,0.7493368983268738,0.5638722777366638,0.018903780728578568
YHR170W,YPL169C,1,0.6153873,0.7496688961982727,0.5648702383041382,0.018903780728578568
YPL169C,YER036C,1,0.61298835,0.75,0.5658682584762573,0.018903780728578568
YGL135W,YNL199C,0,0.60701036,0.7490092515945435,0.5658682584762573,0.01900380104780197
YDR194C,YER127W,0,0.60355115,0.748021125793457,0.5658682584762573,0.019103821367025375
YCL059C,YOR201C,0,0.5845318,0.747035562992096,0.5658682584762573,0.01920384168624878
YAL036C,YGR262C,0,0.5814174,0.746052622795105,0.5658682584762573,0.019303860142827034
YKR094C,YJL041W,1,0.57914454,0.7463863492012024,0.5668662786483765,0.019303860142827034
YHR129C,YER056C-A,0,0.5714165,0.7454068064689636,0.5668662786483765,0.019403880462050438
YOR293W,YLR130C,0,0.57076174,0.744429886341095,0.5668662786483765,0.019503900781273842
YGR245C,YJL061W,1,0.5679637,0.7447643876075745,0.5678642988204956,0.019503900781273842
YKL057C,YER036C,1,0.5663974,0.7450980544090271,0.56886225938797,0.019503900781273842
YOR254C,YOR101W,0,0.5628565,0.7441253066062927,0.56886225938797,0.019603921100497246
YOR361C,YMR241W,0,0.56126523,0.7431551218032837,0.56886225938797,0.01970394141972065
YKL186C,YIL148W,1,0.55880547,0.7434895634651184,0.5698602795600891,0.01970394141972065
YOR361C,YGR004W,0,0.55375826,0.7425227761268616,0.5698602795600891,0.019803959876298904
YPL093W,YPL169C,1,0.5470986,0.7428571581840515,0.5708582997322083,0.019803959876298904
YKL057C,YNR053C,1,0.53577054,0.7431906461715698,0.5718562602996826,0.019803959876298904
YEL055C,YDR156W,0,0.52793527,0.7422279715538025,0.5718562602996826,0.01990398019552231
YOL077C,YBR042C,0,0.5258389,0.7412678003311157,0.5718562602996826,0.020004000514745712
YER056C-A,YGR004W,0,0.52100766,0.7403100728988647,0.5718562602996826,0.020104020833969116
YJL041W,YLR293C,1,0.5167551,0.740645170211792,0.5728542804718018,0.020104020833969116
YNL209W,YJL041W,1,0.5142404,0.7409793734550476,0.5738523006439209,0.020104020833969116
YGL105W,YNL178W,0,0.5138829,0.7400257587432861,0.5738523006439209,0.02020404115319252
YPR016C,YGL135W,1,0.51307815,0.740359902381897,0.57485032081604,0.02020404115319252
YLR449W,YEL046C,0,0.5128683,0.7394095063209534,0.57485032081604,0.020304061472415924
YKL155C,YGL030W,0,0.5035622,0.7384615540504456,0.57485032081604,0.02040407992899418
YGL097W,YCR047C,1,0.49233902,0.7387964129447937,0.5758482813835144,0.02040407992899418
YPR016C,YGL172W,1,0.49189442,0.739130437374115,0.5768463015556335,0.02040407992899418
YIL131C,YER056C-A,0,0.48840326,0.7381864786148071,0.5768463015556335,0.020504100248217583
YGL099W,YJL061W,1,0.4843707,0.7385203838348389,0.5778443217277527,0.020504100248217583
YOR144C,YKR081C,0,0.48373628,0.7375796437263489,0.5778443217277527,0.020604120567440987
YCR031C,YKL003C,0,0.4710709,0.7366412281990051,0.5778443217277527,0.02070414088666439
YGR245C,YLR106C,1,0.4703461,0.7369758486747742,0.5788423418998718,0.02070414088666439
YPR016C,YOR098C,1,0.46255183,0.7373096346855164,0.5798403024673462,0.02070414088666439
YER165W,YCR059C,0,0.45936388,0.7363751530647278,0.5798403024673462,0.020804161205887794
YGR129W,YMR290C,0,0.4571464,0.7354430556297302,0.5798403024673462,0.0209041815251112
YJR042W,YLR074C,1,0.4537568,0.7357774972915649,0.5808383226394653,0.0209041815251112
YLR014C,YER110C,0,0.45146185,0.7348484992980957,0.5808383226394653,0.021004199981689453
YGL097W,YNL227C,1,0.4489478,0.7351828217506409,0.5818363428115845,0.021004199981689453
YKL186C,YMR235C,1,0.44422358,0.735516369342804,0.5828343033790588,0.021004199981689453
YCR072C,YPL129W,0,0.4436,0.7345911860466003,0.5828343033790588,0.021104220300912857
YHR128W,YFR009W,0,0.44186723,0.733668327331543,0.5828343033790588,0.02120424062013626
YPL081W,YDR017C,0,0.43910867,0.7327477931976318,0.5828343033790588,0.021304260939359665
YKR036C,YJL198W,0,0.43756098,0.7318295836448669,0.5828343033790588,0.02140428125858307
YJR042W,YNR053C,1,0.43729597,0.7321652173995972,0.583832323551178,0.02140428125858307
YDR440W,YLR061W,0,0.4344111,0.731249988079071,0.583832323551178,0.021504301577806473
YGL099W,YKL057C,1,0.4342348,0.7315855026245117,0.5848303437232971,0.021504301577806473
YMR241W,YLR388W,0,0.41824824,0.7306733131408691,0.5848303437232971,0.021604320034384727
YNL299W,YGR211W,0,0.4125442,0.729763388633728,0.5848303437232971,0.02170434035360813
YJL061W,YLL034C,1,0.39971662,0.7300994992256165,0.5858283638954163,0.02170434035360813
YPL169C,YDR361C,1,0.39685136,0.730434775352478,0.5868263244628906,0.02170434035360813
YGL172W,YGL135W,1,0.39504778,0.7307692170143127,0.5878243446350098,0.02170434035360813
YDL229W,YPL220W,1,0.3948124,0.7311028242111206,0.5888223648071289,0.02170434035360813
YPR016C,YFR002W,1,0.39313287,0.7314356565475464,0.589820384979248,0.02170434035360813
YPL239W,YFR002W,1,0.39111882,0.7317675948143005,0.5908183455467224,0.02170434035360813
YER006W,YJL041W,1,0.38738644,0.7320987582206726,0.5918163657188416,0.02170434035360813
YDL084W,YHR120W,0,0.38660216,0.7311960458755493,0.5918163657188416,0.021804360672831535
YIL148W,YJL041W,1,0.38497788,0.7315270900726318,0.5928143858909607,0.021804360672831535
YJR075W,YLR388W,0,0.3846072,0.7306272983551025,0.5928143858909607,0.02190438099205494
YOR145C,YPL169C,1,0.38274467,0.7309582233428955,0.5938123464584351,0.02190438099205494
YGL253W,YLR167W,0,0.38142323,0.7300613522529602,0.5938123464584351,0.022004401311278343
YFR001W,YJL041W,1,0.38052356,0.7303921580314636,0.5948103666305542,0.022004401311278343
YJR042W,YDR091C,1,0.37870663,0.7307221293449402,0.5958083868026733,0.022004401311278343
YJR042W,YHR170W,1,0.37835956,0.7310513257980347,0.5968064069747925,0.022004401311278343
YPL093W,YIL115C,1,0.37746447,0.7313797473907471,0.5978043675422668,0.022004401311278343
YLR229C,YHL013C,0,0.37187397,0.7304878234863281,0.5978043675422668,0.022104421630501747
YMR241W,YKR057W,0,0.3698889,0.7295980453491211,0.5978043675422668,0.022204440087080002
YNR015W,YNL065W,0,0.36909878,0.7287104725837708,0.5978043675422668,0.022304460406303406
YOL052C,YPL030W,0,0.36752403,0.7278250455856323,0.5978043675422668,0.02240448072552681
YIR026C,YPL169C,1,0.36675745,0.7281553149223328,0.598802387714386,0.02240448072552681
YPL146C,YJL041W,1,0.3596694,0.7284848690032959,0.5998004078865051,0.02240448072552681
YOR293W,YJR105W,0,0.35927713,0.7276028990745544,0.5998004078865051,0.022504501044750214
YKL024C,YBR155W,0,0.35821867,0.7267230749130249,0.5998004078865051,0.022604521363973618
YOR145C,YPL178W,0,0.35730147,0.7258453965187073,0.5998004078865051,0.02270454168319702
YIL009W,YJL177W,0,0.35046595,0.7249698638916016,0.5998004078865051,0.022804560139775276
YGL172W,YGR081C,1,0.3498438,0.725301206111908,0.6007984280586243,0.022804560139775276
YPL169C,YNR053C,1,0.3470412,0.7256317734718323,0.6017963886260986,0.022804560139775276
YLR096W,YOR206W,0,0.34614867,0.7247596383094788,0.6017963886260986,0.02290458045899868
YGR185C,YJL111W,0,0.34394217,0.7238895297050476,0.6017963886260986,0.023004600778222084
YGR195W,YPL239W,0,0.343704,0.7230215668678284,0.6017963886260986,0.023104621097445488
YBL054W,YPL030W,0,0.3419026,0.7221556901931763,0.6017963886260986,0.023204641416668892
YOR293W,YDL056W,0,0.34144604,0.7212918400764465,0.6017963886260986,0.023304661735892296
YPR043W,YBR135W,0,0.33839744,0.7204301357269287,0.6017963886260986,0.02340468019247055
YML055W,YCR072C,0,0.33751273,0.7195703983306885,0.6017963886260986,0.023504700511693954
YNL240C,YER127W,0,0.33751225,0.7187127470970154,0.6017963886260986,0.02360472083091736
YGL172W,YNL209W,1,0.3362602,0.7190476059913635,0.6027944087982178,0.02360472083091736
YJR042W,YNL178W,1,0.33622628,0.7193816900253296,0.6037924289703369,0.02360472083091736
YGR081C,YJL061W,1,0.33321673,0.7197149395942688,0.6047903895378113,0.02360472083091736
YOL039W,YDR308C,0,0.3323056,0.7188612222671509,0.6047903895378113,0.023704741150140762
YGL097W,YPL239W,1,0.33187884,0.7191942930221558,0.6057884097099304,0.023704741150140762
YGR091W,YPL126W,0,0.3289258,0.718343198299408,0.6057884097099304,0.023804761469364166
YNL298W,YMR290C,0,0.32755238,0.7174940705299377,0.6057884097099304,0.02390478178858757
YPL220W,YJL041W,1,0.3275246,0.7178276181221008,0.6067864298820496,0.02390478178858757
YKR094C,YJL061W,1,0.3266484,0.7181603908538818,0.6077844500541687,0.02390478178858757
YJR136C,YKR057W,0,0.32616866,0.7173144817352295,0.6077844500541687,0.024004800245165825
YPL146C,YLR106C,1,0.320015,0.7176470756530762,0.6087824106216431,0.024004800245165825
YMR290C,YER129W,0,0.31975615,0.716803789138794,0.6087824106216431,0.02410482056438923
YBR142W,YBR135W,0,0.31600326,0.7159624695777893,0.6087824106216431,0.024204840883612633
YKR057W,YLR268W,0,0.30819905,0.7151231169700623,0.6087824106216431,0.024304861202836037
YMR047C,YHR170W,1,0.30770957,0.7154566645622253,0.6097804307937622,0.024304861202836037
YER056C-A,YLR096W,0,0.29414642,0.7146198749542236,0.6097804307937622,0.02440488152205944
YHR129C,YJL177W,0,0.2903365,0.7137850522994995,0.6097804307937622,0.024504901841282845
YLR439W,YJR077C,0,0.2892319,0.7129521369934082,0.6097804307937622,0.0246049202978611
YCL043C,YIL124W,0,0.2887903,0.7121211886405945,0.6097804307937622,0.024704940617084503
YHR066W,YMR234W,0,0.2879622,0.7112922072410583,0.6097804307937622,0.024804960936307907
YGR081C,YLR106C,1,0.28753173,0.7116279006004333,0.6107784509658813,0.024804960936307907
YKL081W,YBR291C,0,0.28521484,0.7108014225959778,0.6107784509658813,0.02490498125553131
YKL009W,YKL057C,1,0.2839067,0.7111368775367737,0.6117764711380005,0.02490498125553131
YKL186C,YNL209W,1,0.28131413,0.7114716172218323,0.6127744317054749,0.02490498125553131
YJL061W,YDR361C,1,0.28076828,0.7118055820465088,0.613772451877594,0.02490498125553131
YLR405W,YGR271C-A,0,0.2803172,0.7109826803207397,0.613772451877594,0.025005001574754715
YLR433C,YGL171W,0,0.2786473,0.7101616859436035,0.613772451877594,0.02510502189397812
YDR091C,YPL169C,1,0.27707934,0.7104959487915039,0.6147704720497131,0.02510502189397812
YHR128W,YLR014C,0,0.27537733,0.7096773982048035,0.6147704720497131,0.025205040350556374
YGR024C,YLR441C,0,0.26737994,0.7088607549667358,0.6147704720497131,0.025305060669779778
YMR142C,YNL261W,0,0.26478243,0.7080459594726562,0.6147704720497131,0.02540508098900318
YDL229W,YER006W,1,0.26083755,0.708381175994873,0.6157684922218323,0.02540508098900318
YNR015W,YBR288C,0,0.2598912,0.7075688242912292,0.6157684922218323,0.025505101308226585
YGL172W,YDR152W,0,0.25800896,0.7067583203315735,0.6157684922218323,0.02560512162744999
YGL135W,YGL105W,0,0.2573889,0.7059496641159058,0.6157684922218323,0.025705141946673393
YGL172W,YGL099W,1,0.25608468,0.7062857151031494,0.6167664527893066,0.025705141946673393
YLR065C,YLR276C,0,0.25558352,0.7054794430732727,0.6167664527893066,0.025805160403251648
YPL093W,YJL041W,1,0.25283146,0.7058152556419373,0.6177644729614258,0.025805160403251648
YDR326C,YGR185C,0,0.25241834,0.7050113677978516,0.6177644729614258,0.025905180722475052
YKL143W,YJL041W,1,0.25236118,0.7053470015525818,0.6187624931335449,0.025905180722475052
YLL012W,YLR388W,0,0.25020403,0.7045454382896423,0.6187624931335449,0.026005201041698456
YNL227C,YMR235C,1,0.24851178,0.7048808336257935,0.6197604537010193,0.026005201041698456
YHR088W,YFR002W,1,0.2403314,0.7052153944969177,0.6207584738731384,0.026005201041698456
YGR280C,YER164W,0,0.2390578,0.7044167518615723,0.6207584738731384,0.02610522136092186
YOL039W,YGR030C,0,0.2379706,0.7036198973655701,0.6207584738731384,0.026205241680145264
YIL115C,YDR101C,1,0.23542233,0.703954815864563,0.6217564940452576,0.026205241680145264
YHR129C,YLR061W,0,0.2325754,0.703160285949707,0.6217564940452576,0.02630526013672352
YLR106C,YDR361C,1,0.23117046,0.7034949064254761,0.6227545142173767,0.02630526013672352
YER029C,YPR187W,0,0.2311572,0.7027027010917664,0.6227545142173767,0.026405280455946922
YOL094C,YOR254C,0,0.22947045,0.7019122838973999,0.6227545142173767,0.026505300775170326
YGR081C,YKL057C,1,0.22866146,0.7022472023963928,0.6237524747848511,0.026505300775170326
YDL229W,YGR245C,1,0.22818194,0.7025813460350037,0.6247504949569702,0.026505300775170326
YBR155W,YBR288C,0,0.22674738,0.7017937302589417,0.6247504949569702,0.02660532109439373
YDL229W,YCR047C,1,0.22638045,0.7021276354789734,0.6257485151290894,0.02660532109439373
YAL058W,YMR290C,0,0.22594176,0.7013422846794128,0.6257485151290894,0.026705341413617134
YKL057C,YLR293C,1,0.22436242,0.7016759514808655,0.6267465353012085,0.026705341413617134
YER110C,YOL149W,0,0.21993087,0.7008928656578064,0.6267465353012085,0.026805361732840538
YGR218W,YGL135W,1,0.21954362,0.7012262940406799,0.6277444958686829,0.026805361732840538
YDL225W,YER102W,0,0.21590935,0.7004454135894775,0.6277444958686829,0.026905380189418793
YNL164C,YGR185C,0,0.21507518,0.6996663212776184,0.6277444958686829,0.027005400508642197
YLR276C,YOR039W,0,0.21435098,0.698888897895813,0.6277444958686829,0.0271054208278656
YNL065W,YCR053W,0,0.21417068,0.698113203048706,0.6277444958686829,0.027205441147089005
YKR057W,YMR012W,0,0.21224567,0.6973392367362976,0.6277444958686829,0.02730546146631241
YGL253W,YDR083W,0,0.20926829,0.6965669989585876,0.6277444958686829,0.027405481785535812
YPR191W,YKL085W,0,0.20627488,0.6957964897155762,0.6277444958686829,0.027505500242114067
YOL097C,YEL018W,0,0.20235418,0.6950276494026184,0.6277444958686829,0.02760552056133747
YEL034W,YML075C,0,0.20069613,0.6942604780197144,0.6277444958686829,0.027705540880560875
YNL227C,YLR106C,1,0.19958906,0.694597601890564,0.628742516040802,0.027705540880560875
YKL057C,YNL209W,1,0.19906704,0.6949338912963867,0.6297405362129211,0.027705540880560875
YLR229C,YOR233W,0,0.19894539,0.6941694021224976,0.6297405362129211,0.02780556119978428
YDL022W,YER020W,0,0.1979569,0.6934065818786621,0.6297405362129211,0.027905581519007683
YKL191W,YBL006C,0,0.18787402,0.6926454305648804,0.6297405362129211,0.028005601838231087
YLR061W,YLR204W,0,0.1865133,0.6918859481811523,0.6297405362129211,0.02810562029480934
YJL133W,YBR002C,0,0.18633795,0.691128134727478,0.6297405362129211,0.028205640614032745
YMR235C,YNL209W,1,0.18541983,0.6914660930633545,0.6307384967803955,0.028205640614032745
YBR142W,YPL178W,0,0.1803347,0.6907103657722473,0.6307384967803955,0.02830566093325615
YPL220W,YKR048C,0,0.17470099,0.6899563074111938,0.6307384967803955,0.028405681252479553
YDL143W,YDR091C,0,0.17264669,0.6892039179801941,0.6307384967803955,0.028505701571702957
YOL039W,YBL042C,0,0.16789472,0.6884531378746033,0.6307384967803955,0.02860572189092636
YDL229W,YHR170W,1,0.1669523,0.6887921690940857,0.6317365169525146,0.02860572189092636
YDR091C,YJL041W,1,0.16664962,0.689130425453186,0.6327345371246338,0.02860572189092636
YMR270C,YER056C,0,0.16649862,0.6883822083473206,0.6327345371246338,0.028705740347504616
YKL212W,YGL030W,0,0.16569938,0.687635600566864,0.6327345371246338,0.02880576066672802
YKL155C,YBL039C,0,0.16460077,0.6868906021118164,0.6327345371246338,0.028905780985951424
YNL178W,YJL041W,1,0.16452388,0.6872294545173645,0.6337325572967529,0.028905780985951424
YLR074C,YFR002W,1,0.16367792,0.6875675916671753,0.6347305178642273,0.028905780985951424
YJL061W,YHR088W,1,0.15982531,0.687904953956604,0.6357285380363464,0.028905780985951424
YKL009W,YPL169C,1,0.1591704,0.6882416605949402,0.6367265582084656,0.028905780985951424
YER127W,YLL022C,0,0.1569803,0.6875,0.6367265582084656,0.029005801305174828
YGL135W,YJL041W,1,0.15596348,0.6878364086151123,0.6377245783805847,0.029005801305174828
YLR433C,YMR246W,0,0.15592702,0.6870967745780945,0.6377245783805847,0.02910582162439823
YDR447C,YKR095W,0,0.15530233,0.6863587498664856,0.6377245783805847,0.029205841943621635
YGL135W,YFR002W,1,0.15246202,0.6866952776908875,0.6387225389480591,0.029205841943621635
YIR026C,YMR047C,1,0.15132792,0.687031090259552,0.6397205591201782,0.029205841943621635
YPL093W,YGR218W,1,0.14979307,0.6873661875724792,0.6407185792922974,0.029205841943621635
YJL061W,YGL135W,1,0.14916374,0.6877005100250244,0.6417165398597717,0.029205841943621635
YKR094C,YPL169C,1,0.14906408,0.688034176826477,0.6427145600318909,0.029205841943621635
YKL156W,YBL023C,0,0.14903162,0.687299907207489,0.6427145600318909,0.02930586040019989
YOR047C,YML014W,0,0.1482102,0.6865671873092651,0.6427145600318909,0.029405880719423294
YIL115C,YGR245C,1,0.1472734,0.6869009733200073,0.64371258020401,0.029405880719423294
YPR033C,YIL004C,0,0.14699323,0.686170220375061,0.64371258020401,0.029505901038646698
YGL172W,YPL220W,1,0.14351101,0.6865037083625793,0.6447106003761292,0.029505901038646698
YMR047C,YOR145C,1,0.1413903,0.6868365406990051,0.6457085609436035,0.029505901038646698
YPL117C,YJL198W,0,0.13866422,0.6861081719398499,0.6457085609436035,0.029605921357870102
YNL268W,YJL177W,0,0.13821767,0.6853813529014587,0.6457085609436035,0.029705941677093506
YML014W,YMR080C,0,0.13362063,0.6846560835838318,0.6457085609436035,0.02980596199631691
YOR129C,YGL030W,0,0.13310377,0.683932363986969,0.6457085609436035,0.029905980452895164
YDR101C,YLR106C,1,0.13251816,0.6842660903930664,0.6467065811157227,0.029905980452895164
YEL018W,YMR146C,0,0.13157754,0.6835442781448364,0.6467065811157227,0.03000600077211857
YJL061W,YPL239W,1,0.13142411,0.6838777661323547,0.6477046012878418,0.03000600077211857
YCR047C,YPL239W,1,0.13036123,0.6842105388641357,0.6487026214599609,0.03000600077211857
YER074W,YHR154W,0,0.12877865,0.683491051197052,0.6487026214599609,0.030106021091341972
YPL081W,YLR103C,0,0.12540688,0.6827731132507324,0.6487026214599609,0.030206041410565376
YMR047C,YGR245C,1,0.12520282,0.683106005191803,0.6497005820274353,0.030206041410565376
YCL059C,YOR355W,0,0.124772504,0.6823899149894714,0.6497005820274353,0.03030606172978878
YER043C,YOL149W,0,0.124672905,0.681675374507904,0.6497005820274353,0.030406082049012184
YIL115C,YHR170W,1,0.123315975,0.6820083856582642,0.6506986021995544,0.030406082049012184
YKL186C,YGL097W,1,0.12106073,0.6823406219482422,0.6516966223716736,0.030406082049012184
YBR281C,YJL138C,0,0.12061404,0.681628406047821,0.6516966223716736,0.03050610050559044
YDL136W,YHR205W,0,0.12034598,0.6809176206588745,0.6516966223716736,0.030606120824813843
YCR057C,YPL129W,0,0.1182102,0.6802083253860474,0.6516966223716736,0.030706141144037247
YLR409C,YLR065C,0,0.11729185,0.6795005202293396,0.6516966223716736,0.03080616146326065
YPR144C,YHR205W,0,0.112499475,0.6787942051887512,0.6516966223716736,0.030906181782484055
YIL095W,YLR441C,0,0.10904373,0.6780893206596375,0.6516966223716736,0.03100620210170746
YHR170W,YGR218W,1,0.108592406,0.6784232258796692,0.652694582939148,0.03100620210170746
YPL123C,YAL017W,0,0.10498084,0.6777201890945435,0.652694582939148,0.031106220558285713
YDL021W,YOL071W,0,0.10496031,0.6770186424255371,0.652694582939148,0.031206240877509117
YLR268W,YDR091C,0,0.099319756,0.6763185262680054,0.652694582939148,0.03130626305937767
YHR128W,YDL184C,0,0.09789385,0.6756198406219482,0.652694582939148,0.031406279653310776
YPL253C,YMR242C,0,0.094759956,0.6749225854873657,0.652694582939148,0.03150629997253418
YMR142C,YNL233W,0,0.08984117,0.6742268204689026,0.652694582939148,0.031606320291757584
YDL130W,YGR091W,0,0.08960654,0.6735324263572693,0.652694582939148,0.03170634061098099
YCR047C,YJL061W,1,0.084508926,0.6738682985305786,0.6536926031112671,0.03170634061098099
YJL061W,YLR074C,1,0.08379336,0.6742035150527954,0.6546906232833862,0.03170634061098099
YHR026W,YPR113W,0,0.08334669,0.673511266708374,0.6546906232833862,0.03180636093020439
YOR294W,YPL169C,1,0.08240293,0.6738461256027222,0.6556886434555054,0.03180636093020439
YLR243W,YOR101W,0,0.08075072,0.6731557250022888,0.6556886434555054,0.031906381249427795
YJR042W,YGR285C,1,0.07856284,0.6734902858734131,0.6566866040229797,0.031906381249427795
YJR042W,YFR001W,1,0.077261224,0.6738241314888,0.6576846241950989,0.031906381249427795
YKL186C,YOR098C,1,0.07592462,0.6741573214530945,0.658682644367218,0.031906381249427795
YKR059W,YIL038C,0,0.074448615,0.6734693646430969,0.658682644367218,0.0320064015686512
YKL186C,YCR047C,1,0.07187264,0.6738022565841675,0.6596806645393372,0.0320064015686512
YOL082W,YPR151C,0,0.07025321,0.6731160879135132,0.6596806645393372,0.0321064218878746
YCR031C,YCL029C,0,0.06941788,0.6724313497543335,0.6596806645393372,0.03220644220709801
YER110C,YHR154W,0,0.06838584,0.6717479825019836,0.6596806645393372,0.03230646252632141
YOL041C,YDL102W,0,0.06743084,0.6710659861564636,0.6596806645393372,0.032406482845544815
YLR014C,YBL087C,0,0.06635019,0.6703854203224182,0.6596806645393372,0.03250649943947792
YDL229W,YDR101C,1,0.06556828,0.67071932554245,0.6606786251068115,0.03250649943947792
YMR235C,YBR074W,0,0.059948824,0.670040488243103,0.6606786251068115,0.032606519758701324
YGL027C,YBR143C,0,0.059620753,0.6693630218505859,0.6606786251068115,0.03270654007792473
YDR496C,YGR155W,0,0.05232142,0.6686868667602539,0.6606786251068115,0.03280656039714813
YER056C-A,YML005W,0,0.052237257,0.6680120825767517,0.6606786251068115,0.032906580716371536
YJL061W,YNL209W,1,0.05206023,0.6683467626571655,0.6616766452789307,0.032906580716371536
YHR143W-A,YDR308C,0,0.049561813,0.6676737070083618,0.6616766452789307,0.03300660103559494
YIL115C,YOR294W,1,0.048630014,0.668008029460907,0.6626746654510498,0.03300660103559494
YLR109W,YGL047W,0,0.0478469,0.6673367023468018,0.6626746654510498,0.033106621354818344
YKL156W,YNL201C,0,0.047268018,0.6666666865348816,0.6626746654510498,0.03320664167404175
YJL124C,YOR201C,0,0.04703284,0.6659979820251465,0.6626746654510498,0.03330666199326515
YNL113W,YIL014W,0,0.046701744,0.6653306484222412,0.6626746654510498,0.033406682312488556
YAL036C,YOR209C,0,0.04590611,0.6646646857261658,0.6626746654510498,0.03350670263171196
YKL212W,YKL081W,0,0.043719515,0.6639999747276306,0.6626746654510498,0.033606722950935364
YLR203C,YHR147C,0,0.041179,0.6633366346359253,0.6626746654510498,0.03370673954486847
YJL177W,YBR074W,0,0.03832458,0.6626746654510498,0.6626746654510498,0.03380675986409187
YPL220W,YGL001C,0,0.03601232,0.6620139479637146,0.6626746654510498,0.03390678018331528
YCR057C,YML065W,0,0.03330657,0.6613546013832092,0.6626746654510498,0.03400680050253868
YMR047C,YER006W,1,0.031364277,0.6616915464401245,0.6636726260185242,0.03400680050253868
YOR133W,YGR262C,0,0.029814608,0.6610338091850281,0.6636726260185242,0.034106820821762085
YER055C,YKR059W,0,0.029586129,0.6603773832321167,0.6636726260185242,0.03420684114098549
YPL169C,YPL220W,1,0.028633937,0.6607142686843872,0.6646706461906433,0.03420684114098549
YPR151C,YGR243W,0,0.024141863,0.6600594520568848,0.6646706461906433,0.03430686146020889
YIL115C,YDR361C,1,0.023018286,0.6603960394859314,0.6656686663627625,0.03430686146020889
YOR145C,YMR318C,0,0.020707183,0.6597428321838379,0.6656686663627625,0.0344068817794323
YLR303W,YGR055W,0,0.01033847,0.6590909361839294,0.6656686663627625,0.0345069020986557
YIL115C,YER036C,1,0.010034114,0.6594274640083313,0.6666666865348816,0.0345069020986557
YGR155W,YOL042W,0,0.009356841,0.658777117729187,0.6666666865348816,0.034606922417879105
YLR074C,YJL041W,1,0.008342821,0.6591132879257202,0.667664647102356,0.034606922417879105
YHR040W,YGL105W,0,0.007818207,0.6584645509719849,0.667664647102356,0.03470694273710251
YJR042W,YNL209W,1,0.006380841,0.6588003635406494,0.6686626672744751,0.03470694273710251
YOR361C,YGR227W,0,0.006050423,0.658153235912323,0.6686626672744751,0.03480696305632591
YCR031C,YDR325W,0,0.005136326,0.6575073599815369,0.6686626672744751,0.03490697965025902
YNL178W,YJL061W,1,0.004398197,0.6578431129455566,0.6696606874465942,0.03490697965025902
YLR056W,YBR135W,0,0.0025632232,0.6571988463401794,0.6696606874465942,0.03500699996948242
YEL026W,YIL027C,0,0.0010913461,0.6565557718276978,0.6696606874465942,0.035107020288705826
YIL004C,YNL182C,0,-0.004624769,0.6559139490127563,0.6696606874465942,0.03520704060792923
YBL028C,YCR043C,0,-0.007133849,0.6552734375,0.6696606874465942,0.035307060927152634
YOR294W,YJL041W,1,-0.007694632,0.6556097269058228,0.6706587076187134,0.035307060927152634
YMR047C,YIL148W,1,-0.010311589,0.6559454202651978,0.6716566681861877,0.035307060927152634
YOR293W,YHR134W,0,-0.0112591535,0.6553066968917847,0.6716566681861877,0.03540708124637604
YDR361C,YJL041W,1,-0.014816463,0.655642032623291,0.6726546883583069,0.03540708124637604
YLR139C,YMR131C,0,-0.016592339,0.6550048589706421,0.6726546883583069,0.03550710156559944
YER006W,YGR218W,1,-0.016672894,0.655339777469635,0.673652708530426,0.03550710156559944
YIL018W,YKR083C,0,-0.01877518,0.6547041535377502,0.673652708530426,0.035607121884822845
YMR047C,YKL143W,1,-0.019935124,0.6550387740135193,0.6746506690979004,0.035607121884822845
YDL171C,YLR443W,0,-0.021826006,0.6544046401977539,0.6746506690979004,0.03570714220404625
YGL097W,YJL041W,1,-0.022380367,0.6547389030456543,0.6756486892700195,0.03570714220404625
YCL059C,YGR283C,0,-0.025459602,0.6541062593460083,0.6756486892700195,0.03580716252326965
YBR061C,YOR209C,0,-0.029305145,0.6534749269485474,0.6756486892700195,0.03590718284249306
YIL118W,YJR097W,0,-0.03256397,0.6528447270393372,0.6756486892700195,0.03600720316171646
YNR001C,YHL024W,0,-0.03280379,0.6522157788276672,0.6756486892700195,0.03610721975564957
YDR101C,YJL041W,1,-0.035625145,0.6525505185127258,0.6766467094421387,0.03610721975564957
YDL095W,YPR144C,0,-0.036505304,0.6519230604171753,0.6766467094421387,0.03620724007487297
YIL004C,YJL177W,0,-0.036996827,0.651296854019165,0.6766467094421387,0.036307260394096375
YIL063C,YPL239W,1,-0.0391248,0.6516314744949341,0.6776447296142578,0.036307260394096375
YMR269W,YDR153C,0,-0.040609673,0.6510066986083984,0.6776447296142578,0.03640728071331978
YDR152W,YGR049W,0,-0.041008633,0.6503831148147583,0.6776447296142578,0.03650730103254318
YJR042W,YPL239W,1,-0.042535108,0.6507176756858826,0.6786426901817322,0.03650730103254318
YBL023C,YLR276C,0,-0.043901578,0.6500955820083618,0.6786426901817322,0.036607321351766586
YLR014C,YOR234C,0,-0.049039826,0.6494746804237366,0.6786426901817322,0.03670734167098999
YKL186C,YPL169C,1,-0.050398014,0.6498091816902161,0.6796407103538513,0.03670734167098999
YHR129C,YMR093W,0,-0.05564682,0.6491897106170654,0.6796407103538513,0.036807361990213394
YOL071W,YKL039W,0,-0.056491718,0.6485714316368103,0.6796407103538513,0.0369073823094368
YNL178W,YPL169C,1,-0.05759923,0.6489058136940002,0.6806387305259705,0.0369073823094368
YIL018W,YEL018W,0,-0.0580986,0.6482889652252197,0.6806387305259705,0.0370074026286602
YGR280C,YML062C,0,-0.05975108,0.6476733088493347,0.6806387305259705,0.037107422947883606
YFR009W,YPR169W,0,-0.06145917,0.6470588445663452,0.6806387305259705,0.03720744326710701
YFR002W,YPL220W,1,-0.062600024,0.6473933458328247,0.6816367506980896,0.03720744326710701
YPR169W,YMR234W,0,-0.06465159,0.6467803120613098,0.6816367506980896,0.037307459861040115
YKL191W,YDL088C,0,-0.065121695,0.6461684107780457,0.6816367506980896,0.03740748018026352
YAL058W,YPR033C,0,-0.0666786,0.6455576419830322,0.6816367506980896,0.03750750049948692
YNL039W,YDR172W,0,-0.069757745,0.6449480652809143,0.6816367506980896,0.03760752081871033
YLL012W,YJR002W,0,-0.0721419,0.6443396210670471,0.6816367506980896,0.03770754113793373
YOR198C,YGR271C-A,0,-0.07617082,0.6437323093414307,0.6816367506980896,0.037807561457157135
YMR047C,YGL099W,1,-0.08144452,0.6440678238868713,0.682634711265564,0.037807561457157135
YHR031C,YOR046C,0,-0.085416615,0.6434618830680847,0.682634711265564,0.03790758177638054
YMR047C,YDR101C,1,-0.08714264,0.643796980381012,0.6836327314376831,0.03790758177638054
YHR088W,YKL057C,1,-0.087262034,0.6441314816474915,0.6846307516098022,0.03790758177638054
YPR102C,YDR017C,0,-0.088562384,0.6435272097587585,0.6846307516098022,0.03800760209560394
YJL124C,YGL105W,0,-0.09009051,0.6429240703582764,0.6846307516098022,0.03810762241482735
YML026C,YOR158W,0,-0.09121731,0.6423221230506897,0.6846307516098022,0.03820764273405075
YMR233W,YJL177W,0,-0.092127785,0.641721248626709,0.6846307516098022,0.038307663053274155
YGR081C,YPL169C,1,-0.09302528,0.6420560479164124,0.6856287717819214,0.038307663053274155
YAL036C,YIL027C,0,-0.09526087,0.6414566040039062,0.6856287717819214,0.03840768337249756
YNL232W,YDR346C,0,-0.09592334,0.6408582329750061,0.6856287717819214,0.038507699966430664
YDL143W,YGR004W,0,-0.09749086,0.6402609348297119,0.6856287717819214,0.03860772028565407
YNL240C,YCR031C,0,-0.097972214,0.6396648287773132,0.6856287717819214,0.03870774060487747
YJL053W,YHL021C,0,-0.101063535,0.6390697956085205,0.6856287717819214,0.038807760924100876
YMR047C,YGR285C,1,-0.104268774,0.6394051909446716,0.6866267323493958,0.038807760924100876
YGR185C,YOL052C,0,-0.105660364,0.6388115286827087,0.6866267323493958,0.03890778124332428
YDL229W,YIL063C,1,-0.10674457,0.6391465663909912,0.6876247525215149,0.03890778124332428
YOR145C,YJL041W,1,-0.11307457,0.6394810080528259,0.688622772693634,0.03890778124332428
YGL172W,YGR245C,1,-0.11437662,0.6398147940635681,0.6896207332611084,0.03890778124332428
YKL186C,YJL041W,1,-0.115675494,0.6401479840278625,0.6906187534332275,0.03890778124332428
YJR042W,YKL143W,1,-0.117462695,0.6404805779457092,0.6916167736053467,0.03890778124332428
YKL057C,YGR285C,1,-0.11856546,0.6408125758171082,0.6926147937774658,0.03890778124332428
YCR047C,YJL041W,1,-0.12293829,0.6411439180374146,0.6936127543449402,0.03890778124332428
YOR361C,YLR433C,0,-0.123502955,0.6405529975891113,0.6936127543449402,0.039007801562547684
YGR112W,YJL066C,0,-0.12352951,0.6399631500244141,0.6936127543449402,0.03910782188177109
YLR074C,YIL004C,0,-0.12510386,0.6393744349479675,0.6936127543449402,0.03920784220099449
YDL229W,YKL009W,1,-0.12647912,0.6397058963775635,0.6946107745170593,0.03920784220099449
YAL059W,YJL041W,1,-0.12667812,0.6400367021560669,0.6956087946891785,0.03920784220099449
YGL099W,YGR218W,1,-0.12695673,0.6403669714927673,0.6966068148612976,0.03920784220099449
YOR106W,YMR080C,0,-0.12836644,0.6397800445556641,0.6966068148612976,0.039307862520217896
YOL094C,YJR024C,0,-0.12885328,0.639194130897522,0.6966068148612976,0.0394078828394413
YJL066C,YDR319C,0,-0.13110387,0.6386093497276306,0.6966068148612976,0.0395079031586647
YJR097W,YDL171C,0,-0.13183753,0.6380255818367004,0.6966068148612976,0.03960791975259781
YIL063C,YNL178W,1,-0.1318498,0.6383561491966248,0.697604775428772,0.03960791975259781
YPL093W,YER125W,1,-0.13247193,0.6386861205101013,0.6986027956008911,0.03960791975259781
YKL009W,YJL041W,1,-0.13367097,0.6390154957771301,0.6996008157730103,0.03960791975259781
YLR197W,YBR291C,0,-0.13464813,0.6384335160255432,0.6996008157730103,0.03970794007182121
YOL082W,YGL104C,0,-0.13675614,0.6378526091575623,0.6996008157730103,0.03980796039104462
YML056C,YPL178W,0,-0.13712221,0.6372727155685425,0.6996008157730103,0.03990798071026802
YGL172W,YPL169C,1,-0.13719739,0.6376021504402161,0.7005987763404846,0.03990798071026802
YCL059C,YML086C,0,-0.13889942,0.6370235681533813,0.7005987763404846,0.040008001029491425
YOR293W,YOR017W,0,-0.14001001,0.6364460587501526,0.7005987763404846,0.04010802134871483
YKL103C,YHR194W,0,-0.14114808,0.635869562625885,0.7005987763404846,0.04020804166793823
YKL009W,YIL063C,1,-0.14295882,0.6361991167068481,0.7015967965126038,0.04020804166793823
YIL063C,YNR053C,1,-0.14346507,0.6365280151367188,0.7025948166847229,0.04020804166793823
YIL063C,YER006W,1,-0.14354257,0.6368563771247864,0.703592836856842,0.04020804166793823
YER102W,YLR010C,0,-0.1462572,0.6362816095352173,0.703592836856842,0.040308061987161636
YMR194W,YKL003C,0,-0.15012985,0.6357078552246094,0.703592836856842,0.04040808230638504
YFL048C,YLR276C,0,-0.1516551,0.6351351141929626,0.703592836856842,0.040508102625608444
YNL182C,YJL186W,0,-0.15202114,0.6345634460449219,0.703592836856842,0.04060812294483185
YKL156W,YML102W,0,-0.15377219,0.6339927911758423,0.703592836856842,0.04070814326405525
YGR049W,YLR388W,0,-0.15404558,0.6334232091903687,0.703592836856842,0.04080815985798836
YMR307W,YGL105W,0,-0.1557389,0.6328545808792114,0.703592836856842,0.04090818017721176
YGL097W,YFR002W,1,-0.15674666,0.6331838369369507,0.7045907974243164,0.04090818017721176
YIL038C,YMR080C,0,-0.15724285,0.6326164603233337,0.7045907974243164,0.041008200496435165
YIL148W,YMR235C,1,-0.15749611,0.6329454183578491,0.7055888175964355,0.041008200496435165
YKR008W,YPL030W,0,-0.15841123,0.6323792338371277,0.7055888175964355,0.04110822081565857
YPL220W,YNL065W,0,-0.15913574,0.6318141222000122,0.7055888175964355,0.04120824113488197
YDL229W,YGL097W,1,-0.16144027,0.6321428418159485,0.7065868377685547,0.04120824113488197
YDR381W,YEL034W,0,-0.16228457,0.6315789222717285,0.7065868377685547,0.04130826145410538
YDR194C,YPL129W,0,-0.16343163,0.6310160160064697,0.7065868377685547,0.04140828177332878
YDR101C,YGR218W,1,-0.1655099,0.6313446164131165,0.7075848579406738,0.04140828177332878
YKL103C,YOR275C,0,-0.16625743,0.6307829022407532,0.7075848579406738,0.041508302092552185
YIL115C,YER006W,1,-0.1687474,0.6311110854148865,0.7085828185081482,0.041508302092552185
YGR229C,YJR077C,0,-0.1694321,0.6305506229400635,0.7085828185081482,0.04160832241177559
YBL054W,YLR272C,0,-0.16986124,0.6299911141395569,0.7085828185081482,0.04170834273099899
YDL229W,YLL034C,1,-0.17093347,0.6303191781044006,0.7095808386802673,0.04170834273099899
YNL159C,YML128C,0,-0.17225851,0.6297608613967896,0.7095808386802673,0.0418083630502224
YOL071W,YCL040W,0,-0.17315544,0.6292035579681396,0.7095808386802673,0.0419083833694458
YIL063C,YAL059W,1,-0.17368512,0.6295313835144043,0.7105788588523865,0.0419083833694458
YOR098C,YMR235C,1,-0.1755632,0.629858672618866,0.7115768194198608,0.0419083833694458
YDR440W,YEL055C,0,-0.1767949,0.6293027400970459,0.7115768194198608,0.042008399963378906
YER113C,YGR229C,0,-0.17766713,0.628747820854187,0.7115768194198608,0.04210842028260231
YLR106C,YHR088W,1,-0.17919467,0.6290748715400696,0.71257483959198,0.04210842028260231
YKL103C,YMR041C,0,-0.17930909,0.6285211443901062,0.71257483959198,0.042208440601825714
YLL034C,YJL041W,1,-0.18021946,0.6288478374481201,0.7135728597640991,0.042208440601825714
YIL115C,YFR001W,1,-0.18114029,0.629173994064331,0.7145708799362183,0.042208440601825714
YMR047C,YGL135W,1,-0.18177234,0.6294995546340942,0.7155688405036926,0.042208440601825714
YNL261W,YJL122W,0,-0.18697149,0.628947377204895,0.7155688405036926,0.04230846092104912
YER056C,YAL019W,0,-0.18813199,0.6283961534500122,0.7155688405036926,0.04240848124027252
YJL061W,YMR235C,1,-0.18984799,0.6287215352058411,0.7165668606758118,0.04240848124027252
YMR307W,YMR235C,0,-0.19023906,0.6281715035438538,0.7165668606758118,0.042508501559495926
YLR197W,YER075C,0,-0.19055593,0.6276223659515381,0.7165668606758118,0.04260852187871933
YNL261W,YBR061C,0,-0.19063881,0.6270742416381836,0.7165668606758118,0.042708542197942734
YPL126W,YFL037W,0,-0.19370614,0.6265270709991455,0.7165668606758118,0.04280856251716614
YIL115C,YPL220W,1,-0.1958035,0.6268526315689087,0.7175648808479309,0.04280856251716614
YLR395C,YPL220W,0,-0.19729537,0.6263065934181213,0.7175648808479309,0.04290858283638954
YLR342W,YMR235C,0,-0.19934115,0.6257615089416504,0.7175648808479309,0.043008603155612946
YJR042W,YPL146C,1,-0.19987975,0.626086950302124,0.71856290102005,0.043008603155612946
YGR234W,YNL252C,0,-0.20293967,0.6255429983139038,0.71856290102005,0.04310862347483635
YGR081C,YJL041W,1,-0.20311777,0.6258680820465088,0.7195608615875244,0.04310862347483635
YER056C,YPR043W,0,-0.20500754,0.6253252625465393,0.7195608615875244,0.043208640068769455
YPL086C,YLR287C,0,-0.20515345,0.6247833371162415,0.7195608615875244,0.04330866038799286
YJL050W,YCR043C,0,-0.2070563,0.6242424249649048,0.7195608615875244,0.04340868070721626
YCR039C,YMR100W,0,-0.21185307,0.6237024068832397,0.7195608615875244,0.04350870102643967
YOR315W,YGL171W,0,-0.21248089,0.6231633424758911,0.7195608615875244,0.04360872134566307
YIL063C,YGL099W,1,-0.2128384,0.6234887838363647,0.7205588817596436,0.04360872134566307
YMR047C,YDR361C,1,-0.21337377,0.6238136291503906,0.7215569019317627,0.04360872134566307
YKL009W,YGR218W,1,-0.21356003,0.6241379380226135,0.7225548624992371,0.04360872134566307
YIL063C,YER036C,1,-0.21440075,0.6244616508483887,0.7235528826713562,0.04360872134566307
YDR195W,YJR002W,0,-0.21500805,0.6239242553710938,0.7235528826713562,0.043708741664886475
YDL184C,YBR029C,0,-0.2156982,0.6233878135681152,0.7235528826713562,0.04380876198410988
YKL009W,YMR047C,1,-0.21685283,0.623711347579956,0.7245509028434753,0.04380876198410988
YKR059W,YLR389C,0,-0.21747465,0.6231759786605835,0.7245509028434753,0.04390878230333328
YKL027W,YNL182C,0,-0.21747646,0.6226415038108826,0.7245509028434753,0.044008802622556686
YBL093C,YBR142W,0,-0.22135212,0.622107982635498,0.7245509028434753,0.04410882294178009
YMR307W,YNR027W,0,-0.22193496,0.6215753555297852,0.7245509028434753,0.044208843261003494
YOL097C,YCR024C-A,0,-0.22443324,0.6210436224937439,0.7245509028434753,0.0443088635802269
YPL169C,YFR002W,1,-0.2250778,0.6213675141334534,0.7255489230155945,0.0443088635802269
YOR106W,YOL039W,0,-0.22627594,0.6208369135856628,0.7255489230155945,0.044408880174160004
YKL016C,YLR204W,0,-0.22753137,0.6203071475028992,0.7255489230155945,0.04450890049338341
YKR062W,YMR242C,0,-0.22789153,0.6197783350944519,0.7255489230155945,0.04460892081260681
YML056C,YDL088C,0,-0.2284451,0.6192504167556763,0.7255489230155945,0.044708941131830215
YMR307W,YBR143C,0,-0.22878112,0.6187233924865723,0.7255489230155945,0.04480896145105362
YJL074C,YIL018W,0,-0.23234282,0.6181972622871399,0.7255489230155945,0.04490898177027702
YKL057C,YLL034C,1,-0.23792736,0.6185216903686523,0.7265468835830688,0.04490898177027702
YKR094C,YIL115C,1,-0.23844755,0.618845522403717,0.727544903755188,0.04490898177027702
YNL082W,YMR290C,0,-0.24006641,0.6183205842971802,0.727544903755188,0.04500900208950043
YJR097W,YLR014C,0,-0.24069329,0.6177965998649597,0.727544903755188,0.04510902240872383
YGL070C,YOL115W,0,-0.24216612,0.6172735095024109,0.727544903755188,0.045209042727947235
YJL025W,YGL135W,0,-0.24497955,0.6167512536048889,0.727544903755188,0.04530906304717064
YIL142W,YKR044W,0,-0.24659966,0.6162299513816833,0.727544903755188,0.04540908336639404
YOR133W,YGL022W,0,-0.2480027,0.6157094836235046,0.727544903755188,0.04550909996032715
YER056C,YDL015C,0,-0.24924767,0.6151898503303528,0.727544903755188,0.04560912027955055
YOL097C,YLR442C,0,-0.24925964,0.6146711707115173,0.727544903755188,0.045709140598773956
YJR042W,YLL034C,1,-0.24944745,0.6149957776069641,0.7285429239273071,0.045709140598773956
YIR026C,YIL115C,1,-0.25233972,0.6153198480606079,0.7295409440994263,0.045709140598773956
YMR047C,YCR047C,1,-0.2530374,0.6156433820724487,0.7305389046669006,0.045709140598773956
YKR057W,YLL038C,0,-0.25529933,0.6151260733604431,0.7305389046669006,0.04580916091799736
YBR060C,YPL202C,0,-0.25607145,0.6146095991134644,0.7305389046669006,0.045909181237220764
YMR047C,YNL209W,1,-0.25615776,0.6149328947067261,0.7315369248390198,0.045909181237220764
YIL115C,YDR091C,1,-0.25623628,0.6152556538581848,0.7325349450111389,0.045909181237220764
YKR028W,YMR242C,0,-0.2584899,0.6147403717041016,0.7325349450111389,0.04600920155644417
YDR240C,YLR388W,0,-0.25898528,0.6142259240150452,0.7325349450111389,0.04610922187566757
YOL109W,YOL077W-A,0,-0.2599138,0.6137123703956604,0.7325349450111389,0.046209242194890976
YCR031C,YAL007C,0,-0.2615726,0.6131996512413025,0.7325349450111389,0.04630926251411438
YLR433C,YLR405W,0,-0.26394656,0.6126878261566162,0.7325349450111389,0.046409282833337784
YML086C,YDL201W,0,-0.2643003,0.6121768355369568,0.7325349450111389,0.04650930315256119
YDL130W,YPL256C,0,-0.26499933,0.6116666793823242,0.7325349450111389,0.04660932347178459
YKL009W,YJR042W,1,-0.26569718,0.6119900345802307,0.7335329055786133,0.04660932347178459
YDL229W,YNL227C,1,-0.26622182,0.6123127937316895,0.7345309257507324,0.04660932347178459
YPL132W,YHR147C,0,-0.26689333,0.6118038296699524,0.7345309257507324,0.0467093400657177
YOR145C,YGR218W,1,-0.26740724,0.6121262311935425,0.7355289459228516,0.0467093400657177
YKR094C,YMR047C,1,-0.26759458,0.6124481558799744,0.7365269660949707,0.0467093400657177
YGR135W,YMR290C,0,-0.26767713,0.611940324306488,0.7365269660949707,0.0468093603849411
YNL073W,YPR100W,0,-0.268449,0.6114333271980286,0.7365269660949707,0.046909380704164505
YGR218W,YNL209W,1,-0.26963675,0.6117549538612366,0.7375249266624451,0.046909380704164505
YHL007C,YHR084W,0,-0.27033752,0.6112489700317383,0.7375249266624451,0.04700940102338791
YGL097W,YOR098C,1,-0.27543232,0.6115702390670776,0.7385229468345642,0.04700940102338791
YBL064C,YDR504C,0,-0.27548736,0.6110652089118958,0.7385229468345642,0.04710942134261131
YNL048W,YOL097C,0,-0.27568942,0.6105610728263855,0.7385229468345642,0.04720944166183472
YOR133W,YLR096W,0,-0.2762258,0.6100577116012573,0.7385229468345642,0.04730946198105812
YNL252C,YOL039W,0,-0.27631122,0.609555184841156,0.7385229468345642,0.047409482300281525
YIL115C,YLL034C,1,-0.27739376,0.6098765134811401,0.7395209670066833,0.047409482300281525
YLL031C,YBR078W,0,-0.2792421,0.609375,0.7395209670066833,0.04750950261950493
YER056C-A,YLR056W,0,-0.28026736,0.6088742613792419,0.7395209670066833,0.04760952293872833
YKL143W,YPL169C,1,-0.28066075,0.6091954112052917,0.7405189871788025,0.04760952293872833
YCR047C,YPL169C,1,-0.28150153,0.6095160245895386,0.7415169477462769,0.04760952293872833
YER056C,YCL018W,0,-0.28281397,0.6090164184570312,0.7415169477462769,0.047709543257951736
YJR042W,YLR293C,1,-0.28317374,0.6093366146087646,0.742514967918396,0.047709543257951736
YJL061W,YFR002W,1,-0.28528377,0.6096562743186951,0.7435129880905151,0.047709543257951736
YMR080C,YBR087W,0,-0.28572392,0.6091578006744385,0.7435129880905151,0.04780956357717514
YER029C,YFR009W,0,-0.2877667,0.608660101890564,0.7435129880905151,0.047909580171108246
YJL223C,YER035W,0,-0.28876007,0.6081632375717163,0.7435129880905151,0.04800960049033165
YPL239W,YHR084W,0,-0.28948635,0.6076672077178955,0.7435129880905151,0.048109620809555054
YPR102C,YIL014W,0,-0.28949243,0.6071719527244568,0.7435129880905151,0.04820964112877846
YIL148W,YGR218W,1,-0.28962833,0.6074918508529663,0.7445109486579895,0.04820964112877846
YPR016C,YPL169C,1,-0.29212052,0.6078112125396729,0.7455089688301086,0.04820964112877846
YDR381W,YBL054W,0,-0.29239994,0.6073170900344849,0.7455089688301086,0.04830966144800186
YBR262C,YKR057W,0,-0.29302633,0.606823742389679,0.7455089688301086,0.048409681767225266
YGR279C,YKL003C,0,-0.29686785,0.6063311696052551,0.7455089688301086,0.04850970208644867
YLR309C,YLR441C,0,-0.29768425,0.6058394312858582,0.7455089688301086,0.04860972240567207
YDR419W,YLR276C,0,-0.29771173,0.6053484678268433,0.7455089688301086,0.04870974272489548
YHR170W,YLR106C,1,-0.29808927,0.6056680083274841,0.7465069890022278,0.04870974272489548
YPR016C,YLR106C,1,-0.29903334,0.6059870719909668,0.7475050091743469,0.04870974272489548
YJL200C,YBR215W,0,-0.3022902,0.6054971814155579,0.7475050091743469,0.04880976304411888
YPL239W,YPL169C,1,-0.30234307,0.6058158278465271,0.7485029697418213,0.04880976304411888
YKL156W,YBL035C,0,-0.30377215,0.6053268909454346,0.7485029697418213,0.048909783363342285
YOR293W,YML096W,0,-0.3057378,0.6048387289047241,0.7485029697418213,0.04900980368256569
YGR104C,YDL208W,0,-0.3059311,0.6043513417243958,0.7485029697418213,0.049109820276498795
YGL135W,YER125W,1,-0.31052494,0.6046698689460754,0.7495009899139404,0.049109820276498795
YIL085C,YOL149W,0,-0.31071216,0.6041834354400635,0.7495009899139404,0.0492098405957222
YGR246C,YER110C,0,-0.31175596,0.6036977767944336,0.7495009899139404,0.0493098609149456
YOR254C,YIL038C,0,-0.311756,0.603212833404541,0.7495009899139404,0.049409881234169006
YDL229W,YER036C,1,-0.31192696,0.6035313010215759,0.7504990100860596,0.049409881234169006
YLR405W,YGR072W,0,-0.31420487,0.6030473113059998,0.7504990100860596,0.04950990155339241
YPR144C,YAL013W,0,-0.3143586,0.6025640964508057,0.7504990100860596,0.049609921872615814
YJL010C,YIL115C,1,-0.31495023,0.6028823256492615,0.7514970302581787,0.049609921872615814
YFL017C,YPL086C,0,-0.31527865,0.602400004863739,0.7514970302581787,0.04970994219183922
YOR080W,YMR242C,0,-0.31613404,0.6019184589385986,0.7514970302581787,0.04980996251106262
YCR008W,YEL034W,0,-0.31690246,0.6014376878738403,0.7514970302581787,0.049909982830286026
YMR235C,YPL169C,1,-0.31750143,0.6017557978630066,0.7524949908256531,0.049909982830286026
YLR154C,YGR229C,0,-0.31786835,0.6012759208679199,0.7524949908256531,0.05001000314950943
YPL112C,YOR046C,0,-0.31787497,0.6007968187332153,0.7524949908256531,0.050110023468732834
YPR033C,YMR233W,0,-0.32112622,0.6003184914588928,0.7524949908256531,0.05021004378795624
YER125W,YPL220W,1,-0.32157326,0.6006364226341248,0.7534930109977722,0.05021004378795624
YDR375C,YHR147C,0,-0.32316107,0.6001589894294739,0.7534930109977722,0.05031006038188934
YNL233W,YKL081W,0,-0.32521135,0.5996822714805603,0.7534930109977722,0.05041008070111275
YHR066W,YFL009W,0,-0.32573837,0.5992063283920288,0.7534930109977722,0.05051010102033615
YMR123W,YGR283C,0,-0.32781172,0.5987311601638794,0.7534930109977722,0.050610121339559555
YNL113W,YLR143W,0,-0.32836533,0.5982567071914673,0.7534930109977722,0.05071014165878296
YLR056W,YER025W,0,-0.32847828,0.5977830290794373,0.7534930109977722,0.05081016197800636
YDR375C,YJL143W,0,-0.329243,0.5973101258277893,0.7534930109977722,0.05091018229722977
YMR214W,YPL129W,0,-0.32967752,0.5968379378318787,0.7534930109977722,0.05101020261645317
YLR061W,YJL143W,0,-0.33148777,0.5963665246963501,0.7534930109977722,0.051110222935676575
YKR059W,YMR233W,0,-0.33168972,0.5958958268165588,0.7534930109977722,0.05121024325489998
YLR295C,YGR231C,0,-0.33341402,0.5954258441925049,0.7534930109977722,0.05131026357412338
YIL115C,YGL135W,1,-0.33490753,0.5957446694374084,0.7544910311698914,0.05131026357412338
YMR205C,YBL071W-A,0,-0.3356762,0.5952755808830261,0.7544910311698914,0.051410283893346786
YOR133W,YDR457W,0,-0.33726954,0.5948072671890259,0.7544910311698914,0.05151030048727989
YBR021W,YJL122W,0,-0.33933336,0.5943396091461182,0.7544910311698914,0.051610320806503296
YIL115C,YNR053C,1,-0.34139085,0.5946583151817322,0.7554890513420105,0.051610320806503296
YOR145C,YLR106C,1,-0.3415256,0.5949764251708984,0.7564870119094849,0.051610320806503296
YER146W,YLR342W,0,-0.3418827,0.5945097804069519,0.7564870119094849,0.0517103411257267
YOR145C,YHR084W,0,-0.34285635,0.5940439105033875,0.7564870119094849,0.051810361444950104
YMR246W,YLR272C,0,-0.343908,0.5935786962509155,0.7564870119094849,0.05191038176417351
YMR047C,YPL146C,1,-0.3445291,0.5938966870307922,0.757485032081604,0.05191038176417351
YIL148W,YML086C,0,-0.344836,0.5934323668479919,0.757485032081604,0.05201040208339691
YNL082W,YNL178W,0,-0.34606445,0.592968761920929,0.757485032081604,0.052110422402620316
YHL013C,YDL184C,0,-0.3493721,0.5925058722496033,0.757485032081604,0.05221044272184372
YMR131C,YIL095W,0,-0.35161418,0.5920436978340149,0.757485032081604,0.05231046304106712
YHR128W,YLR298C,0,-0.35203683,0.5915822386741638,0.757485032081604,0.05241048336029053
YDR071C,YMR146C,0,-0.354832,0.59112149477005,0.757485032081604,0.05251050367951393
YMR307W,YKR081C,0,-0.35767668,0.5906614661216736,0.757485032081604,0.05261052027344704
YGR218W,YGR285C,1,-0.35826123,0.5909797549247742,0.7584830522537231,0.05261052027344704
YDR155C,YCL040W,0,-0.3600068,0.5905205607414246,0.7584830522537231,0.05271054059267044
YNL233W,YLR167W,0,-0.36120427,0.590062141418457,0.7584830522537231,0.052810560911893845
YMR246W,YJL138C,0,-0.3625856,0.5896043181419373,0.7584830522537231,0.05291058123111725
YLR106C,YPL239W,1,-0.3631901,0.5899224877357483,0.7594810128211975,0.05291058123111725
YGL094C,YPR144C,0,-0.3636645,0.5894655585289001,0.7594810128211975,0.05301060155034065
YDL229W,YGR285C,1,-0.36532354,0.5897833108901978,0.7604790329933167,0.05301060155034065
YNL232W,YEL036C,0,-0.36916566,0.5893271565437317,0.7604790329933167,0.053110621869564056
YIL018W,YLR116W,0,-0.36928493,0.5888717174530029,0.7604790329933167,0.05321064218878746
YGR245C,YGR218W,1,-0.37135583,0.5891891717910767,0.7614770531654358,0.05321064218878746
YHR055C,YHL023C,0,-0.37221342,0.5887345671653748,0.7614770531654358,0.053310662508010864
YGL086W,YCR053W,0,-0.37279576,0.5882806181907654,0.7614770531654358,0.05341068282723427
YFL017C,YPL126W,0,-0.37293208,0.5878274440765381,0.7614770531654358,0.05351070314645767
YER113C,YDR346C,0,-0.3732527,0.5873749256134033,0.7614770531654358,0.053610723465681076
YML064C,YMR093W,0,-0.37565666,0.5869230628013611,0.7614770531654358,0.05371074378490448
YLR388W,YPL072W,0,-0.37934887,0.5864719152450562,0.7614770531654358,0.053810760378837585
YJR042W,YJL061W,1,-0.38054687,0.5867895483970642,0.7624750733375549,0.053810760378837585
YGR024C,YDL084W,0,-0.3823989,0.5863392353057861,0.7624750733375549,0.05391078069806099
YNL182C,YML062C,0,-0.3839978,0.5858895778656006,0.7624750733375549,0.05401080101728439
YOR357C,YCR031C,0,-0.38516855,0.5854406356811523,0.7624750733375549,0.0541108213365078
YLR106C,YLR074C,1,-0.38563406,0.5857580304145813,0.7634730339050293,0.0541108213365078
YJR075W,YPL126W,0,-0.38572067,0.5853098630905151,0.7634730339050293,0.0542108416557312
YNR015W,YOR201C,0,-0.38579792,0.5848624110221863,0.7634730339050293,0.054310861974954605
YER056C,YDL143W,0,-0.3901767,0.5844155550003052,0.7634730339050293,0.05441088229417801
YJR133W,YJL050W,0,-0.39025104,0.5839694738388062,0.7634730339050293,0.05451090261340141
YDL229W,YNR053C,1,-0.39172566,0.5842868089675903,0.7644710540771484,0.05451090261340141
YOL094C,YBL042C,0,-0.39319628,0.5838414430618286,0.7644710540771484,0.05461092293262482
YJL061W,YKL057C,1,-0.396303,0.5841584205627441,0.7654690742492676,0.05461092293262482
YKL009W,YIL115C,1,-0.40065074,0.5844748616218567,0.7664670944213867,0.05461092293262482
YOR145C,YKR028W,0,-0.40120882,0.5840303897857666,0.7664670944213867,0.05471094325184822
YOR080W,YJL198W,0,-0.40603554,0.5835866332054138,0.7664670944213867,0.054810963571071625
YIL148W,YPL169C,1,-0.40608215,0.5839028358459473,0.7674650549888611,0.054810963571071625
YGR218W,YPL220W,1,-0.4084559,0.5842185020446777,0.7684630751609802,0.054810963571071625
YJL124C,YCR043C,0,-0.41128433,0.5837755799293518,0.7684630751609802,0.05491098389029503
YJL200C,YHR128W,0,-0.41138673,0.5833333134651184,0.7684630751609802,0.055011000484228134
YLR407W,YBR155W,0,-0.41177785,0.5828917622566223,0.7684630751609802,0.05511102080345154
YDL229W,YHR088W,1,-0.41189814,0.5832072496414185,0.7694610953330994,0.05511102080345154
YOR133W,YGR227W,0,-0.4129262,0.5827664136886597,0.7694610953330994,0.05521104112267494
YJL200C,YBR029C,0,-0.41351473,0.5823262929916382,0.7694610953330994,0.055311061441898346
YLR197W,YDL088C,0,-0.4146322,0.5818867683410645,0.7694610953330994,0.05541108176112175
YJL117W,YML123C,0,-0.41735655,0.581447958946228,0.7694610953330994,0.055511102080345154
YCR073C,YJL138C,0,-0.419886,0.5810098052024841,0.7694610953330994,0.05561112239956856
YBR156C,YDR447C,0,-0.42013812,0.5805723071098328,0.7694610953330994,0.05571114271879196
YMR235C,YFR002W,1,-0.42023402,0.5808879137039185,0.7704590559005737,0.05571114271879196
YAL059W,YGR218W,1,-0.4217428,0.5812029838562012,0.7714570760726929,0.05571114271879196
YMR142C,YML129C,0,-0.42179936,0.5807663202285767,0.7714570760726929,0.055811163038015366
YKL186C,YLR106C,1,-0.4240579,0.5810810923576355,0.772455096244812,0.055811163038015366
YOL094C,YLR154C,0,-0.42588842,0.5806451439857483,0.772455096244812,0.05591118335723877
YPR191W,YKL134C,0,-0.42594814,0.5802099108695984,0.772455096244812,0.05601120367646217
YPL273W,YJL207C,0,-0.42612028,0.5797752737998962,0.772455096244812,0.05611122399568558
YLR466W,YMR241W,0,-0.4261701,0.5793412923812866,0.772455096244812,0.05621124058961868
YNL178W,YLR106C,1,-0.42733324,0.5796559453010559,0.7734531164169312,0.05621124058961868
YLR106C,YNL178W,1,-0.42733324,0.579970121383667,0.7744510769844055,0.05621124058961868
YGL027C,YDL184C,0,-0.4279216,0.5795369744300842,0.7744510769844055,0.05631126090884209
YHR065C,YJL012C,0,-0.42873877,0.579104483127594,0.7744510769844055,0.05641128122806549
YDL208W,YJR050W,0,-0.4290887,0.5786726474761963,0.7744510769844055,0.056511301547288895
YHR143W-A,YJR124C,0,-0.43028313,0.5782414078712463,0.7744510769844055,0.0566113218665123
YGL022W,YER127W,0,-0.43059367,0.5778108835220337,0.7744510769844055,0.0567113421857357
YJL044C,YDL201W,0,-0.43135166,0.5773809552192688,0.7744510769844055,0.056811362504959106
YMR142C,YPR105C,0,-0.43308067,0.5769516825675964,0.7744510769844055,0.05691138282418251
YMR047C,YPL093W,1,-0.4371215,0.5772659778594971,0.7754490971565247,0.05691138282418251
YGL162W,YGL135W,0,-0.43928283,0.576837420463562,0.7754490971565247,0.057011403143405914
YGR155W,YLR085C,0,-0.44042063,0.5764095187187195,0.7754490971565247,0.05711142346262932
YOR080W,YBR142W,0,-0.44174623,0.5759822130203247,0.7754490971565247,0.05721144378185272
YER165W,YGR262C,0,-0.44245994,0.5755555629730225,0.7754490971565247,0.057311464101076126
YML096W,YOR233W,0,-0.44389105,0.575129508972168,0.7754490971565247,0.05741148069500923
YDL015C,YOR046C,0,-0.4457891,0.5747041702270508,0.7754490971565247,0.057511501014232635
YOL094C,YNL227C,0,-0.44685352,0.5742793679237366,0.7754490971565247,0.05761152133345604
YDR158W,YFL048C,0,-0.44823372,0.5738552212715149,0.7754490971565247,0.05771154165267944
YKL024C,YEL036C,0,-0.44849896,0.5734317302703857,0.7754490971565247,0.05781156197190285
YMR277W,YNL164C,0,-0.44988072,0.5730088353157043,0.7754490971565247,0.05791158229112625
YNR037C,YDL084W,0,-0.45046258,0.5725865960121155,0.7754490971565247,0.058011602610349655
YMR307W,YDR140W,0,-0.45048368,0.5721649527549744,0.7754490971565247,0.05811162292957306
YML071C,YHR040W,0,-0.45168662,0.571743905544281,0.7754490971565247,0.05821164324879646
YLR065C,YBL039C,0,-0.45308822,0.5713235139846802,0.7754490971565247,0.05831166356801987
YPR016C,YIL063C,1,-0.45345372,0.5716385245323181,0.7764471173286438,0.05831166356801987
YDR319C,YHL021C,0,-0.4569624,0.5712187886238098,0.7764471173286438,0.05841168388724327
YML096W,YJL198W,0,-0.45812947,0.570799708366394,0.7764471173286438,0.058511700481176376
YDR101C,YER125W,1,-0.45821393,0.5711143612861633,0.7774451375007629,0.058511700481176376
YIL063C,YPL220W,1,-0.45906663,0.5714285969734192,0.7784430980682373,0.058511700481176376
YER102W,YNL072W,0,-0.45965254,0.5710102319717407,0.7784430980682373,0.05861172080039978
YGR279C,YGR030C,0,-0.4614696,0.5705925226211548,0.7784430980682373,0.058711741119623184
YIR026C,YIL063C,1,-0.46227747,0.5709064602851868,0.7794411182403564,0.058711741119623184
YJL010C,YLR106C,1,-0.4627455,0.5712198615074158,0.7804391384124756,0.058711741119623184
YDL056W,YBL087C,0,-0.46462405,0.5708029270172119,0.7804391384124756,0.05881176143884659
YLR066W,YBR087W,0,-0.46573043,0.5703865885734558,0.7804391384124756,0.05891178175806999
YMR241W,YBR135W,0,-0.4658304,0.5699708461761475,0.7804391384124756,0.059011802077293396
YOR234C,YOL049W,0,-0.46621996,0.5695556998252869,0.7804391384124756,0.0591118223965168
YDR099W,YLL025W,0,-0.4669159,0.5691412091255188,0.7804391384124756,0.059211842715740204
YAL019W,YLR130C,0,-0.4687022,0.5687272548675537,0.7804391384124756,0.05931186303496361
YGR208W,YER112W,0,-0.46935552,0.5683139562606812,0.7804391384124756,0.05941188335418701
YOL077W-A,YGL030W,0,-0.46938473,0.5679012537002563,0.7804391384124756,0.059511903673410416
YKR094C,YGR218W,1,-0.47013623,0.5682148337364197,0.78143709897995,0.059511903673410416
YNL323W,YDR339C,0,-0.47056186,0.5678027272224426,0.78143709897995,0.05961192399263382
YJL010C,YKL057C,1,-0.4705764,0.5681159496307373,0.7824351191520691,0.05961192399263382
YBR215W,YJR105W,0,-0.47266585,0.5677045583724976,0.7824351191520691,0.059711940586566925
YKL024C,YNL201C,0,-0.47469556,0.5672937631607056,0.7824351191520691,0.05981196090579033
YJL010C,YJR042W,1,-0.47469658,0.5676066279411316,0.7834331393241882,0.05981196090579033
YGL099W,YLR106C,1,-0.47635424,0.5679190754890442,0.7844311594963074,0.05981196090579033
YDL229W,YGR218W,1,-0.47824204,0.5682310461997986,0.7854291200637817,0.05981196090579033
YMR142C,YBL022C,0,-0.479075,0.5678210854530334,0.7854291200637817,0.05991198122501373
YMR235C,YJL041W,1,-0.4807005,0.5681326389312744,0.7864271402359009,0.05991198122501373
YBL054W,YGR091W,0,-0.48110062,0.5677233338356018,0.7864271402359009,0.06001200154423714
YER043C,YER008C,0,-0.48250574,0.567314624786377,0.7864271402359009,0.06011202186346054
YHR026W,YDR400W,0,-0.48257422,0.5669064521789551,0.7864271402359009,0.060212042182683945
YCR077C,YBR042C,0,-0.4835915,0.5664989352226257,0.7864271402359009,0.06031206250190735
YML123C,YJL111W,0,-0.4837889,0.5660919547080994,0.7864271402359009,0.06041208282113075
YML064C,YNL182C,0,-0.48520106,0.5656855702400208,0.7864271402359009,0.060512103140354156
YKR081C,YLR058C,0,-0.48559958,0.5652797818183899,0.7864271402359009,0.06061212345957756
YGL009C,YGR158C,0,-0.48588765,0.564874529838562,0.7864271402359009,0.060712143778800964
YGR280C,YJR147W,0,-0.4864561,0.5644699335098267,0.7864271402359009,0.06081216409802437
YOR246C,YPL086C,0,-0.48721826,0.5640658736228943,0.7864271402359009,0.060912180691957474
YML071C,YGR211W,0,-0.48788744,0.5636623501777649,0.7864271402359009,0.06101220101118088
YIL063C,YFR001W,1,-0.48850065,0.5639742612838745,0.78742516040802,0.06101220101118088
YBR281C,YMR131C,0,-0.48931366,0.5635714530944824,0.78742516040802,0.06111222133040428
YLR106C,YMR242C,0,-0.48961705,0.5631691813468933,0.78742516040802,0.061212241649627686
YDR092W,YOR234C,0,-0.48993587,0.5627674460411072,0.78742516040802,0.06131226196885109
YER146W,YOL056W,0,-0.49063855,0.5623663663864136,0.78742516040802,0.06141228228807449
YHR170W,YER125W,1,-0.49243736,0.5626780390739441,0.7884231805801392,0.06141228228807449
YDL229W,YPL093W,1,-0.4937467,0.5629892945289612,0.7894211411476135,0.06141228228807449
YKL077W,YLR065C,0,-0.49468738,0.5625889301300049,0.7894211411476135,0.0615123026072979
YLR276C,YGL065C,0,-0.4948312,0.5621890425682068,0.7894211411476135,0.0616123229265213
YOR145C,YER125W,1,-0.4949711,0.5625,0.7904191613197327,0.0616123229265213
YDL225W,YIL038C,0,-0.49510324,0.5621007680892944,0.7904191613197327,0.061712343245744705
YKL085W,YJR085C,0,-0.49513304,0.5617021322250366,0.7904191613197327,0.06181236356496811
YBR078W,YBL042C,0,-0.49806738,0.5613040328025818,0.7904191613197327,0.06191238388419151
YIL115C,YNL209W,1,-0.49891496,0.5616147518157959,0.7914171814918518,0.06191238388419151
YFL026W,YIL014W,0,-0.50059867,0.5612172484397888,0.7914171814918518,0.06201240420341492
YDR513W,YFR047C,0,-0.5008176,0.5608203411102295,0.7914171814918518,0.06211242079734802
YGR218W,YLR293C,1,-0.5027681,0.5611307621002197,0.7924151420593262,0.06211242079734802
YHR026W,YGR279C,0,-0.50419503,0.5607344508171082,0.7924151420593262,0.062212441116571426
YDL143W,YLR433C,0,-0.5053355,0.5603387355804443,0.7924151420593262,0.06231246143579483
YLR197W,YLL038C,0,-0.50792104,0.5599435567855835,0.7924151420593262,0.062412481755018234
YLR044C,YCL043C,0,-0.5085014,0.5595489740371704,0.7924151420593262,0.06251250207424164
YIL063C,YGL135W,1,-0.5095268,0.5598591566085815,0.7934131622314453,0.06251250207424164
YGL255W,YIL148W,0,-0.51153916,0.5594651699066162,0.7934131622314453,0.06261252611875534
YCR012W,YHR004C,0,-0.5132886,0.5590717196464539,0.7934131622314453,0.06271254271268845
YIL148W,YLR106C,1,-0.5132921,0.5593816041946411,0.7944111824035645,0.06271254271268845
YLR065C,YLR291C,0,-0.51413757,0.5589887499809265,0.7944111824035645,0.06281255930662155
YGR218W,YKL143W,1,-0.51564926,0.5592982172966003,0.7954092025756836,0.06281255930662155
YLR154C,YPR187W,0,-0.5158053,0.5589060187339783,0.7954092025756836,0.06291258335113525
YOL071W,YDR084C,0,-0.5160257,0.5585143566131592,0.7954092025756836,0.06301259994506836
YLR106C,YNL209W,1,-0.51670295,0.5588235259056091,0.796407163143158,0.06301259994506836
YER056C,YER019C-A,0,-0.5169692,0.5584324598312378,0.796407163143158,0.06311262398958206
YER087C-B,YBL071W-A,0,-0.52168626,0.5580419301986694,0.796407163143158,0.06321264058351517
YDR363W-A,YLR390W-A,0,-0.52273107,0.5576519966125488,0.796407163143158,0.06331266462802887
YER110C,YBR276C,0,-0.523456,0.5572625994682312,0.796407163143158,0.06341268122196198
YBL071W-A,YCR053W,0,-0.52363867,0.5568736791610718,0.796407163143158,0.06351270526647568
YDL015C,YPR113W,0,-0.52415353,0.5564853549003601,0.796407163143158,0.06361272186040878
YOR065W,YML128C,0,-0.52419424,0.5560975670814514,0.796407163143158,0.06371274590492249
YMR019W,YNL095C,0,-0.52594244,0.5557103157043457,0.796407163143158,0.06381276249885559
YGL070C,YLR014C,0,-0.52669525,0.555323600769043,0.796407163143158,0.0639127790927887
YIL063C,YHR088W,1,-0.528258,0.5556328296661377,0.7974051833152771,0.0639127790927887
YHR216W,YKR028W,0,-0.52844155,0.5552467107772827,0.7974051833152771,0.0640128031373024
YER087C-B,YLR018C,0,-0.52935773,0.5548611283302307,0.7974051833152771,0.0641128197312355
YBR242W,YMR093W,0,-0.52941936,0.5544760823249817,0.7974051833152771,0.0642128437757492
YER056C,YJL025W,0,-0.52970296,0.5540915131568909,0.7974051833152771,0.06431286036968231
YGR208W,YDL225W,0,-0.52988636,0.5537075400352478,0.7974051833152771,0.06441288441419601
YNL227C,YJL061W,1,-0.53075564,0.554016649723053,0.7984032034873962,0.06441288441419601
YDL067C,YJR077C,0,-0.5326267,0.5536332130432129,0.7984032034873962,0.06451290100812912
YER008C,YOL039W,0,-0.5362122,0.5532503724098206,0.7984032034873962,0.06461292505264282
YIL085C,YDL102W,0,-0.53648764,0.5528680086135864,0.7984032034873962,0.06471294164657593
YJR042W,YMR235C,1,-0.5376466,0.5531768202781677,0.7994012236595154,0.06471294164657593
YLR110C,YOR234C,0,-0.5379858,0.5527950525283813,0.7994012236595154,0.06481296569108963
YJR042W,YHR088W,1,-0.5404974,0.5531034469604492,0.8003991842269897,0.06481296569108963
YOR294W,YGR218W,1,-0.5432266,0.5534114241600037,0.8013972043991089,0.06481296569108963
YDR033W,YBR262C,0,-0.5450735,0.5530303120613098,0.8013972043991089,0.06491298228502274
YJR147W,YGL030W,0,-0.5467333,0.5526496767997742,0.8013972043991089,0.06501299887895584
YFL044C,YIL124W,0,-0.55026186,0.5522695779800415,0.8013972043991089,0.06511302292346954
YLR106C,YMR235C,1,-0.5507995,0.5525773167610168,0.802395224571228,0.06511302292346954
YBR092C,YLR056W,0,-0.551068,0.5521978139877319,0.802395224571228,0.06521303951740265
YGL213C,YLR167W,0,-0.5538354,0.5518187880516052,0.802395224571228,0.06531306356191635
YMR047C,YPL239W,1,-0.55617356,0.5521262288093567,0.8033931851387024,0.06531306356191635
YLR109W,YAL005C,0,-0.5578753,0.5517477989196777,0.8033931851387024,0.06541308015584946
YDL212W,YJR105W,0,-0.56007075,0.551369845867157,0.8033931851387024,0.06551310420036316
YNL219C,YKL081W,0,-0.5607706,0.550992488861084,0.8033931851387024,0.06561312079429626
YER173W,YJL177W,0,-0.5611312,0.5506156086921692,0.8033931851387024,0.06571314483880997
YPL241C,YPR102C,0,-0.5617225,0.5502392053604126,0.8033931851387024,0.06581316143274307
YBR281C,YNL178W,0,-0.5624015,0.5498633980751038,0.8033931851387024,0.06591318547725677
YDL095W,YER043C,0,-0.56369954,0.5494880676269531,0.8033931851387024,0.06601320207118988
YER102W,YMR247C,0,-0.5643092,0.5491132140159607,0.8033931851387024,0.06611322611570358
YEL026W,YNL298W,0,-0.56750804,0.5487388968467712,0.8033931851387024,0.06621324270963669
YBR162W-A,YKL046C,0,-0.5696706,0.5483651161193848,0.8033931851387024,0.0663132593035698
YIL063C,YDR101C,1,-0.5703552,0.5486725568771362,0.8043912053108215,0.0663132593035698
YGR054W,YOL077C,0,-0.57154584,0.5482993125915527,0.8043912053108215,0.0664132833480835
YOR133W,YKR095W,0,-0.5722321,0.5479266047477722,0.8043912053108215,0.0665132999420166
YML056C,YPR095C,0,-0.573363,0.5475543737411499,0.8043912053108215,0.0666133239865303
YML071C,YPR016C,0,-0.57576907,0.5471826195716858,0.8043912053108215,0.06671334058046341
YCR042C,YDL184C,0,-0.5765164,0.5468114018440247,0.8043912053108215,0.06681336462497711
YDL229W,YIR026C,1,-0.5768447,0.5471186637878418,0.8053892254829407,0.06681336462497711
YPL093W,YLR106C,1,-0.5772741,0.5474254488945007,0.8063872456550598,0.06681336462497711
YNR001C,YML118W,0,-0.5774981,0.5470548272132874,0.8063872456550598,0.06691338121891022
YKR099W,YDR346C,0,-0.5797357,0.5466846823692322,0.8063872456550598,0.06701340526342392
YCR031C,YHR111W,0,-0.5840563,0.54631507396698,0.8063872456550598,0.06711342185735703
YLR078C,YNL182C,0,-0.58636534,0.545945942401886,0.8063872456550598,0.06721344590187073
YMR013C,YDL184C,0,-0.58892,0.5455772876739502,0.8063872456550598,0.06731346249580383
YPL169C,YJL041W,1,-0.5889399,0.5458839535713196,0.8073852062225342,0.06731346249580383
YDR172W,YDL015C,0,-0.59014964,0.5455158352851868,0.8073852062225342,0.06741347908973694
YER029C,YNL232W,0,-0.59219056,0.5451482534408569,0.8073852062225342,0.06751350313425064
YDL229W,YNL178W,1,-0.5922171,0.5454545617103577,0.8083832263946533,0.06751350313425064
YMR047C,YNR053C,1,-0.5931839,0.545760452747345,0.8093812465667725,0.06751350313425064
YDR105C,YPL196W,0,-0.59319174,0.5453934073448181,0.8093812465667725,0.06761351972818375
YOR294W,YER125W,1,-0.5934713,0.5456989407539368,0.8103792667388916,0.06761351972818375
YIL127C,YLR407W,0,-0.595013,0.5453324317932129,0.8103792667388916,0.06771354377269745
YGL094C,YOR101W,0,-0.59520125,0.544966459274292,0.8103792667388916,0.06781356036663055
YHR005C,YPL126W,0,-0.5965296,0.5446009635925293,0.8103792667388916,0.06791358441114426
YDL225W,YCR057C,0,-0.59842885,0.5442359447479248,0.8103792667388916,0.06801360100507736
YOR133W,YJR045C,0,-0.5986469,0.5438714027404785,0.8103792667388916,0.06811362504959106
YKL191W,YML123C,0,-0.59899944,0.5435073375701904,0.8103792667388916,0.06821364164352417
YOL041C,YPR037C,0,-0.5991029,0.5431438088417053,0.8103792667388916,0.06831366568803787
YPL273W,YNR018W,0,-0.6000185,0.5427807569503784,0.8103792667388916,0.06841368228197098
YNL227C,YBR087W,0,-0.6008996,0.5424181818962097,0.8103792667388916,0.06851370632648468
YNL113W,YLR443W,0,-0.6015468,0.5420560836791992,0.8103792667388916,0.06861372292041779
YNL182C,YHL020C,0,-0.6019111,0.5416944622993469,0.8103792667388916,0.06871373951435089
YJL198W,YKL155C,0,-0.60261667,0.5413333177566528,0.8103792667388916,0.0688137635588646
YKL191W,YBL016W,0,-0.6037658,0.5409727096557617,0.8103792667388916,0.0689137801527977
YKL024C,YOR299W,0,-0.6042231,0.540612518787384,0.8103792667388916,0.0690138041973114
YKR036C,YBR074W,0,-0.6046629,0.5402528047561646,0.8103792667388916,0.0691138207912445
YDR091C,YGR218W,1,-0.60614645,0.5405585169792175,0.811377227306366,0.0691138207912445
YKL156W,YDR400W,0,-0.60652584,0.540199339389801,0.811377227306366,0.06921384483575821
YML123C,YGR030C,0,-0.6095382,0.5398406386375427,0.811377227306366,0.06931386142969131
YNL113W,YJL044C,0,-0.61161244,0.5394824147224426,0.811377227306366,0.06941388547420502
YIL018W,YCR043C,0,-0.61221826,0.5391246676445007,0.811377227306366,0.06951390206813812
YOL003C,YLR167W,0,-0.6131921,0.538767397403717,0.811377227306366,0.06961392611265182
YBR262C,YKL170W,0,-0.6132238,0.5384106040000916,0.811377227306366,0.06971394270658493
YOR087W,YER074W,0,-0.6136065,0.5380542874336243,0.811377227306366,0.06981395930051804
YDL136W,YGR227W,0,-0.6142183,0.5376983880996704,0.811377227306366,0.06991398334503174
YDR381W,YNL206C,0,-0.6155748,0.5373430252075195,0.811377227306366,0.07001399993896484
YPL273W,YJR075W,0,-0.61621726,0.5369881391525269,0.811377227306366,0.07011402398347855
YOR246C,YDL102W,0,-0.61775744,0.5366336703300476,0.811377227306366,0.07021404057741165
YGR211W,YOL136C,0,-0.62376255,0.5362796783447266,0.811377227306366,0.07031406462192535
YOR209C,YMR012W,0,-0.6244093,0.5359261631965637,0.811377227306366,0.07041408121585846
YNL261W,YEL036C,0,-0.62506807,0.5355731248855591,0.811377227306366,0.07051410526037216
YGL135W,YHR061C,0,-0.6265015,0.5352205634117126,0.811377227306366,0.07061412185430527
YLR044C,YGR217W,0,-0.62701523,0.5348684191703796,0.811377227306366,0.07071414589881897
YMR194W,YLR084C,0,-0.62714016,0.5345167517662048,0.811377227306366,0.07081416249275208
YPL206C,YKL007W,0,-0.62734985,0.5341655611991882,0.811377227306366,0.07091418653726578
YGR155W,YOR233W,0,-0.6275308,0.5338148474693298,0.811377227306366,0.07101420313119888
YJL143W,YKL081W,0,-0.62822807,0.5334645509719849,0.811377227306366,0.07111421972513199
YLR106C,YPL169C,1,-0.6284189,0.5337705016136169,0.8123752474784851,0.07111421972513199
YGL234W,YKL081W,0,-0.6287028,0.5334206819534302,0.8123752474784851,0.07121424376964569
YPL123C,YMR197C,0,-0.63013387,0.5330713987350464,0.8123752474784851,0.0713142603635788
YER146W,YMR235C,0,-0.63190836,0.532722532749176,0.8123752474784851,0.0714142844080925
YOL094C,YJL025W,0,-0.6334386,0.5323740839958191,0.8123752474784851,0.0715143010020256
YFL044C,YJR103W,0,-0.63639545,0.5320261716842651,0.8123752474784851,0.0716143250465393
YJR042W,YIL148W,1,-0.63653475,0.5323318243026733,0.8133732676506042,0.0716143250465393
YJL133W,YEL036C,0,-0.63834137,0.5319843292236328,0.8133732676506042,0.07171434164047241
YBL028C,YFR002W,0,-0.63943154,0.5316373109817505,0.8133732676506042,0.07181436568498611
YPL023C,YHR216W,0,-0.64146197,0.5312907695770264,0.8133732676506042,0.07191438227891922
YDL130W,YGR068C,0,-0.6430183,0.5309446454048157,0.8133732676506042,0.07201440632343292
YDL067C,YDR469W,0,-0.6431077,0.5305989384651184,0.8133732676506042,0.07211442291736603
YBL016W,YBL087C,0,-0.64327323,0.5302537679672241,0.8133732676506042,0.07221443951129913
YCR059C,YGR211W,0,-0.6435932,0.5299089550971985,0.8133732676506042,0.07231446355581284
YMR047C,YDR091C,1,-0.64405245,0.5302144289016724,0.8143712282180786,0.07231446355581284
YGR243W,YGL047W,0,-0.64485884,0.5298701524734497,0.8143712282180786,0.07241448014974594
YCR027C,YOR046C,0,-0.6451516,0.5295262932777405,0.8143712282180786,0.07251450419425964
YPL253C,YHR128W,0,-0.64601076,0.5291828513145447,0.8143712282180786,0.07261452078819275
YMR080C,YCR043C,0,-0.64682376,0.5288399457931519,0.8143712282180786,0.07271454483270645
YJR055W,YLR287C,0,-0.6473555,0.5284973978996277,0.8143712282180786,0.07281456142663956
YNR015W,YGL009C,0,-0.64776874,0.5281553268432617,0.8143712282180786,0.07291458547115326
YJR068W,YGR004W,0,-0.64855856,0.527813732624054,0.8143712282180786,0.07301460206508636
YGL030W,YLR287C,0,-0.64909077,0.5274725556373596,0.8143712282180786,0.07311462610960007
YDL217C,YOR243C,0,-0.65103287,0.5271317958831787,0.8143712282180786,0.07321464270353317
YCR058C,YPR144C,0,-0.6523321,0.5267914533615112,0.8143712282180786,0.07331465929746628
YNL252C,YGR132C,0,-0.6527992,0.526451587677002,0.8143712282180786,0.07341468334197998
YKL186C,YJL061W,1,-0.6529653,0.5267569422721863,0.8153692483901978,0.07341468334197998
YML009C,YPR016C,0,-0.65322363,0.5264175534248352,0.8153692483901978,0.07351469993591309
YDL229W,YNL209W,1,-0.6535532,0.5267224907875061,0.8163672685623169,0.07351469993591309
YJR002W,YDL056W,0,-0.6535794,0.5263835191726685,0.8163672685623169,0.07361472398042679
YJL159W,YGR138C,0,-0.65406275,0.526045024394989,0.8163672685623169,0.0737147405743599
YGR245C,YER125W,1,-0.65667194,0.5263496041297913,0.817365288734436,0.0737147405743599
YPR033C,YDR400W,0,-0.6567615,0.52601158618927,0.817365288734436,0.0738147646188736
YMR273C,YOR234C,0,-0.6570835,0.5256739258766174,0.817365288734436,0.0739147812128067
YOR132W,YCR039C,0,-0.6581823,0.525336742401123,0.817365288734436,0.0740148052573204
YJL177W,YCR043C,0,-0.659081,0.5249999761581421,0.817365288734436,0.07411482185125351
YJL061W,YPL169C,1,-0.6602341,0.5253043174743652,0.8183632493019104,0.07411482185125351
YDL229W,YGL172W,1,-0.6605023,0.5256081819534302,0.8193612694740295,0.07411482185125351
YLR442C,YLR276C,0,-0.6606074,0.5252718925476074,0.8193612694740295,0.07421484589576721
YBR218C,YJL177W,0,-0.66100454,0.5249360799789429,0.8193612694740295,0.07431486248970032
YMR214W,YDR172W,0,-0.66122663,0.524600625038147,0.8193612694740295,0.07441488653421402
YOL097C,YIL139C,0,-0.6623112,0.5242656469345093,0.8193612694740295,0.07451490312814713
YNL194C,YDR513W,0,-0.6630452,0.523931086063385,0.8193612694740295,0.07461491972208023
YBR288C,YOL052C,0,-0.6644901,0.5235969424247742,0.8193612694740295,0.07471494376659393
YNL010W,YPR113W,0,-0.66646737,0.5232632160186768,0.8193612694740295,0.07481496036052704
YGR156W,YHR040W,0,-0.66790384,0.5229299068450928,0.8193612694740295,0.07491498440504074
YIL142W,YER087C-B,0,-0.66795534,0.522597074508667,0.8193612694740295,0.07501500099897385
YPL239W,YKL057C,1,-0.6680898,0.5229007601737976,0.8203592896461487,0.07501500099897385
YMR318C,YGR158C,0,-0.66871357,0.5225683450698853,0.8203592896461487,0.07511502504348755
YIL063C,YJL041W,1,-0.6695849,0.5228716731071472,0.8213573098182678,0.07511502504348755
YML016C,YMR146C,0,-0.67104554,0.5225396752357483,0.8213573098182678,0.07521504163742065
YGL172W,YOR098C,1,-0.6711673,0.5228426456451416,0.8223552703857422,0.07521504163742065
YIL061C,YML026C,0,-0.67158604,0.5225111246109009,0.8223552703857422,0.07531506568193436
YLR395C,YBR262C,0,-0.671947,0.5221799612045288,0.8223552703857422,0.07541508227586746
YLR074C,YLL022C,0,-0.6719499,0.5218492746353149,0.8223552703857422,0.07551510632038116
YIL063C,YGR081C,1,-0.6720598,0.5221518874168396,0.8233532905578613,0.07551510632038116
YKL027W,YJR124C,0,-0.67216396,0.5218216180801392,0.8233532905578613,0.07561512291431427
YGL097W,YLR106C,1,-0.67302734,0.5221238732337952,0.8243513107299805,0.07561512291431427
YDR091C,YER125W,1,-0.67353547,0.5224257707595825,0.8253493309020996,0.07561512291431427
YLR045C,YKR081C,0,-0.6735788,0.5220959782600403,0.8253493309020996,0.07571513950824738
YJL053W,YBR108W,0,-0.6737789,0.5217665433883667,0.8253493309020996,0.07581516355276108
YKL009W,YER125W,1,-0.67430794,0.5220680832862854,0.826347291469574,0.07581516355276108
YGR262C,YCR043C,0,-0.6748315,0.52173912525177,0.826347291469574,0.07591518014669418
YIL115C,YGR285C,1,-0.67531854,0.5220403075218201,0.8273453116416931,0.07591518014669418
YBL071W-A,YGL200C,0,-0.6757574,0.5217117667198181,0.8273453116416931,0.07601520419120789
YIL096C,YOL115W,0,-0.67707634,0.5213836431503296,0.8273453116416931,0.07611522078514099
YOR315W,YDR083W,0,-0.677405,0.5210559368133545,0.8273453116416931,0.0762152448296547
YOR361C,YJL186W,0,-0.6781425,0.5207286477088928,0.8273453116416931,0.0763152614235878
YAL036C,YLR272C,0,-0.6783129,0.5204017758369446,0.8273453116416931,0.0764152854681015
YPR043W,YGR068C,0,-0.6792717,0.520075261592865,0.8273453116416931,0.0765153020620346
YBR078W,YPR187W,0,-0.67935497,0.5197492241859436,0.8273453116416931,0.07661532610654831
YOR017W,YNL178W,0,-0.6797732,0.5194235444068909,0.8273453116416931,0.07671534270048141
YDR447C,YDR334W,0,-0.6806786,0.5190982818603516,0.8273453116416931,0.07681536674499512
YEL012W,YMR031C,0,-0.6810417,0.5187734961509705,0.8273453116416931,0.07691538333892822
YDR018C,YML128C,0,-0.6846026,0.5184490084648132,0.8273453116416931,0.07701539993286133
YCR058C,YOR361C,0,-0.6853766,0.5181249976158142,0.8273453116416931,0.07711542397737503
YNL261W,YGL070C,0,-0.68625355,0.5178013443946838,0.8273453116416931,0.07721544057130814
YER125W,YGR285C,1,-0.6871712,0.5181023478507996,0.8283433318138123,0.07721544057130814
YDR519W,YCL043C,0,-0.6872468,0.5177791714668274,0.8283433318138123,0.07731546461582184
YKL186C,YGL172W,1,-0.6874572,0.5180798172950745,0.8293412923812866,0.07731546461582184
YDR195W,YGR229C,0,-0.6882117,0.517756998538971,0.8293412923812866,0.07741548120975494
YMR142C,YDR039C,0,-0.690143,0.5174345970153809,0.8293412923812866,0.07751550525426865
YDR342C,YIL124W,0,-0.6903106,0.5171126127243042,0.8293412923812866,0.07761552184820175
YFR042W,YKL081W,0,-0.6911504,0.516791045665741,0.8293412923812866,0.07771554589271545
YDL229W,YFR002W,1,-0.69146365,0.5170913338661194,0.8303393125534058,0.07771554589271545
YKL143W,YER125W,1,-0.6916269,0.5173913240432739,0.8313373327255249,0.07771554589271545
YDL229W,YKL057C,1,-0.6926939,0.517690896987915,0.832335352897644,0.07771554589271545
YDL229W,YIL115C,1,-0.6930758,0.5179900527000427,0.8333333134651184,0.07771554589271545
YFL037W,YBR042C,0,-0.6956573,0.5176689624786377,0.8333333134651184,0.07781556248664856
YPR144C,YJL117W,0,-0.69908416,0.5173482298851013,0.8333333134651184,0.07791558653116226
YER164W,YNL298W,0,-0.70017254,0.5170278549194336,0.8333333134651184,0.07801560312509537
YHR191C,YKR088C,0,-0.70182455,0.5167078971862793,0.8333333134651184,0.07811561971902847
YOL004W,YHR216W,0,-0.7028235,0.5163883566856384,0.8333333134651184,0.07821564376354218
YJR068W,YLR323C,0,-0.70406795,0.516069233417511,0.8333333134651184,0.07831566035747528
YKL176C,YLR342W,0,-0.7045248,0.5157504677772522,0.8333333134651184,0.07841568440198898
YJR042W,YGL135W,1,-0.70729625,0.5160493850708008,0.8343313336372375,0.07841568440198898
YDR155C,YML128C,0,-0.70835775,0.5157310366630554,0.8343313336372375,0.07851570099592209
YLR439W,YLR167W,0,-0.7119045,0.5154130458831787,0.8343313336372375,0.07861572504043579
YNL227C,YPL169C,1,-0.7119449,0.5157116651535034,0.8353293538093567,0.07861572504043579
YPL220W,YCR073C,0,-0.71242726,0.5153940916061401,0.8353293538093567,0.0787157416343689
YMR131C,YPR181C,0,-0.713029,0.5150769352912903,0.8353293538093567,0.0788157656788826
YCR047C,YKL057C,1,-0.71445227,0.5153751373291016,0.8363273739814758,0.0788157656788826
YGL243W,YNL164C,0,-0.7145522,0.5150583982467651,0.8363273739814758,0.0789157822728157
YPR105C,YPR102C,0,-0.71470475,0.5147420167922974,0.8363273739814758,0.0790158063173294
YGL038C,YOL082W,0,-0.71495175,0.514426052570343,0.8363273739814758,0.07911582291126251
YDR427W,YLR441C,0,-0.71707284,0.5141104459762573,0.8363273739814758,0.07921583950519562
YCR027C,YOL077C,0,-0.7173431,0.5137951970100403,0.8363273739814758,0.07931586354970932
YHR005C,YGR158C,0,-0.71904385,0.5134803652763367,0.8363273739814758,0.07941588014364243
YDL095W,YML102W,0,-0.71927464,0.5131659507751465,0.8363273739814758,0.07951590418815613
YNL065W,YER112W,0,-0.719391,0.512851893901825,0.8363273739814758,0.07961592078208923
YNL240C,YLR074C,0,-0.7209507,0.5125382542610168,0.8363273739814758,0.07971594482660294
YML056C,YDR434W,0,-0.7221631,0.5122249126434326,0.8363273739814758,0.07981596142053604
YMR231W,YLR441C,0,-0.72286344,0.5119120478630066,0.8363273739814758,0.07991598546504974
YGL009C,YNL232W,0,-0.72367954,0.5115995407104492,0.8363273739814758,0.08001600205898285
YJR075W,YJL041W,0,-0.72466147,0.5112873911857605,0.8363273739814758,0.08011602610349655
YBR092C,YJL105W,0,-0.7256854,0.5109755992889404,0.8363273739814758,0.08021604269742966
YER029C,YOR355W,0,-0.7262862,0.5106642246246338,0.8363273739814758,0.08031606674194336
YGR234W,YOR110W,0,-0.7264556,0.5103532075881958,0.8363273739814758,0.08041608333587646
YCL043C,YLR151C,0,-0.72650045,0.5100426077842712,0.8363273739814758,0.08051609992980957
YIL004C,YEL034W,0,-0.7265632,0.5097323656082153,0.8363273739814758,0.08061612397432327
YGL070C,YLL018C,0,-0.7269553,0.5094224810600281,0.8363273739814758,0.08071614056825638
YMR277W,YMR013C,0,-0.72702366,0.5091130137443542,0.8363273739814758,0.08081616461277008
YLR096W,YMR234W,0,-0.72940946,0.5088039040565491,0.8363273739814758,0.08091618120670319
YER164W,YDR156W,0,-0.7295039,0.5084951519966125,0.8363273739814758,0.08101620525121689
YKL110C,YGR058W,0,-0.72981936,0.5081867575645447,0.8363273739814758,0.08111622184515
YOR243C,YGR049W,0,-0.73070216,0.5078787803649902,0.8363273739814758,0.0812162458896637
YDR440W,YOL052C,0,-0.7312838,0.5075711607933044,0.8363273739814758,0.0813162624835968
YKL087C,YGR280C,0,-0.73373604,0.5072638988494873,0.8363273739814758,0.0814162865281105
YNR015W,YJR147W,0,-0.7342365,0.5069570541381836,0.8363273739814758,0.08151630312204361
YLR056W,YHR084W,0,-0.736188,0.5066505670547485,0.8363273739814758,0.08161631971597672
YOR132W,YJR103W,0,-0.73677784,0.5063444375991821,0.8363273739814758,0.08171634376049042
YBR298C,YDR343C,0,-0.7375783,0.5060386657714844,0.8363273739814758,0.08181636035442352
YGL172W,YJL061W,1,-0.7385967,0.5063367486000061,0.8373253345489502,0.08181636035442352
YBL017C,YMR242C,0,-0.738607,0.506031334400177,0.8373253345489502,0.08191638439893723
YIL004C,YBL071W-A,0,-0.7390841,0.5057263374328613,0.8373253345489502,0.08201640099287033
YDR172W,YEL034W,0,-0.73954177,0.5054216980934143,0.8373253345489502,0.08211642503738403
YKR059W,YLR130C,0,-0.7397341,0.5051174163818359,0.8373253345489502,0.08221644163131714
YDR083W,YPL072W,0,-0.73999137,0.5048134922981262,0.8373253345489502,0.08231646567583084
YLR139C,YDR021W,0,-0.74020886,0.5045099258422852,0.8373253345489502,0.08241648226976395
YMR205C,YPR173C,0,-0.7420499,0.5042067170143127,0.8373253345489502,0.08251650631427765
YDR376W,YER102W,0,-0.7423785,0.5039039254188538,0.8373253345489502,0.08261652290821075
YER043C,YOL054W,0,-0.7434092,0.5036014318466187,0.8373253345489502,0.08271654695272446
YIL142W,YGR282C,0,-0.7440678,0.503299355506897,0.8373253345489502,0.08281656354665756
YDR381W,YMR146C,0,-0.744535,0.5029975771903992,0.8373253345489502,0.08291658014059067
YMR131C,YOR110W,0,-0.7447965,0.5026962161064148,0.8373253345489502,0.08301660418510437
YJR042W,YNL227C,1,-0.74584115,0.5029940009117126,0.8383233547210693,0.08301660418510437
YGR007W,YLR405W,0,-0.74601316,0.5026929974555969,0.8383233547210693,0.08311662077903748
YHL024W,YKL093W,0,-0.74616504,0.5023923516273499,0.8383233547210693,0.08321664482355118
YML118W,YHR087W,0,-0.7466853,0.5020920634269714,0.8383233547210693,0.08331666141748428
YHR128W,YPR113W,0,-0.74686486,0.5017921328544617,0.8383233547210693,0.08341668546199799
YMR047C,YJL010C,1,-0.74722946,0.5020895600318909,0.8393213748931885,0.08341668546199799
YER087C-B,YBL054W,0,-0.74841136,0.5017899870872498,0.8393213748931885,0.08351670205593109
YLR203C,YKL155C,0,-0.74885666,0.5014907717704773,0.8393213748931885,0.0836167261004448
YLR106C,YGR285C,1,-0.7512629,0.5017878413200378,0.8403193354606628,0.0836167261004448
YPL176C,YOR303W,0,-0.7513088,0.501488983631134,0.8403193354606628,0.0837167426943779
YIL085C,YBR276C,0,-0.75247514,0.5011904835700989,0.8403193354606628,0.0838167667388916
YKR083C,YPL086C,0,-0.75618756,0.5008923411369324,0.8403193354606628,0.08391678333282471
YOR209C,YGR004W,0,-0.75645965,0.5005945563316345,0.8403193354606628,0.08401679992675781
YDR447C,YOR077W,0,-0.75699013,0.5002970695495605,0.8403193354606628,0.08411682397127151
YER125W,YER036C,1,-0.7577494,0.5005938410758972,0.841317355632782,0.08411682397127151
YLR405W,YKR048C,0,-0.7577887,0.5002967119216919,0.841317355632782,0.08421684056520462
YJR042W,YPL169C,1,-0.75801325,0.5005931258201599,0.8423153758049011,0.08421684056520462
YOL019W,YIR008C,0,-0.75859416,0.500296413898468,0.8423153758049011,0.08431686460971832
YKL046C,YDR062W,0,-0.75861955,0.5,0.8423153758049011,0.08441688120365143
YIL118W,YOR355W,0,-0.75912654,0.499703973531723,0.8423153758049011,0.08451690524816513
YGL104C,YLR158C,0,-0.76005465,0.4994082748889923,0.8423153758049011,0.08461692184209824
YLR298C,YGL135W,0,-0.76011556,0.49911296367645264,0.8423153758049011,0.08471694588661194
YBR092C,YDR091C,0,-0.7605263,0.49881798028945923,0.8423153758049011,0.08481696248054504
YGR093W,YLR388W,0,-0.76211107,0.4985233247280121,0.8423153758049011,0.08491698652505875
YLR084C,YER074W,0,-0.7673527,0.498229056596756,0.8423153758049011,0.08501700311899185
YMR246W,YOL115W,0,-0.7676652,0.49793511629104614,0.8423153758049011,0.08511701971292496
YPR019W,YIL142W,0,-0.76779413,0.49764150381088257,0.8423153758049011,0.08521704375743866
YIL009W,YMR080C,0,-0.7681854,0.49734824895858765,0.8423153758049011,0.08531706035137177
YBR156C,YKL110C,0,-0.7684433,0.4970553517341614,0.8423153758049011,0.08541708439588547
YJL173C,YER087C-B,0,-0.7713069,0.49676281213760376,0.8423153758049011,0.08551710098981857
YCR047C,YGR218W,1,-0.7724588,0.49705880880355835,0.8433133959770203,0.08551710098981857
YBR143C,YLR309C,0,-0.77284634,0.496766597032547,0.8433133959770203,0.08561712503433228
YMR047C,YLR074C,1,-0.7732117,0.4970622658729553,0.8443113565444946,0.08561712503433228
YGR218W,YPL239W,1,-0.7738005,0.4973576068878174,0.8453093767166138,0.08561712503433228
YLR268W,YMR080C,0,-0.77784824,0.4970657229423523,0.8453093767166138,0.08571714162826538
YKL039W,YBR108W,0,-0.77842855,0.49677419662475586,0.8453093767166138,0.08581716567277908
YJR136C,YIL018W,0,-0.7789676,0.4964829981327057,0.8453093767166138,0.08591718226671219
YKL024C,YDR017C,0,-0.7797829,0.49619215726852417,0.8453093767166138,0.08601720631122589
YKL125W,YMR100W,0,-0.7799107,0.4959016442298889,0.8453093767166138,0.086117222905159
YDL046W,YDR155C,0,-0.780784,0.4956114590167999,0.8453093767166138,0.0862172469496727
YMR241W,YML065W,0,-0.7812855,0.4953216314315796,0.8453093767166138,0.0863172635436058
YER164W,YCR094W,0,-0.78406894,0.4950321316719055,0.8453093767166138,0.08641728013753891
YDR266C,YPL126W,0,-0.7842651,0.4947429895401001,0.8453093767166138,0.08651730418205261
YIL018W,YBR179C,0,-0.78428423,0.49445417523384094,0.8453093767166138,0.08661732077598572
YGL070C,YEL046C,0,-0.78503215,0.49416568875312805,0.8453093767166138,0.08671734482049942
YMR323W,YML128C,0,-0.7851557,0.4938775599002838,0.8453093767166138,0.08681736141443253
YJL129C,YGR061C,0,-0.78632736,0.49358972907066345,0.8453093767166138,0.08691738545894623
YMR269W,YDR334W,0,-0.78668356,0.49330228567123413,0.8453093767166138,0.08701740205287933
YDL067C,YMR154C,0,-0.78787756,0.4930151402950287,0.8453093767166138,0.08711742609739304
YOR098C,YJL041W,1,-0.78805536,0.4933100640773773,0.8463073968887329,0.08711742609739304
YHR088W,YER125W,1,-0.7891933,0.4936046600341797,0.847305417060852,0.08711742609739304
YER125W,YNL209W,1,-0.7897955,0.4938988983631134,0.8483033776283264,0.08711742609739304
YMR194W,YOR226C,0,-0.7900307,0.4936120808124542,0.8483033776283264,0.08721744269132614
YKL110C,YGR104C,0,-0.7915186,0.4933255910873413,0.8483033776283264,0.08731746673583984
YOR233W,YCR043C,0,-0.79430807,0.49303942918777466,0.8483033776283264,0.08741748332977295
YFL017C,YBR142W,0,-0.79508626,0.49275362491607666,0.8483033776283264,0.08751749992370605
YCR057C,YJL085W,0,-0.79540014,0.4924681484699249,0.8483033776283264,0.08761752396821976
YMR011W,YMR146C,0,-0.79615355,0.49218297004699707,0.8483033776283264,0.08771754056215286
YOL071W,YLR110C,0,-0.7962045,0.49189814925193787,0.8483033776283264,0.08781756460666656
YOR047C,YMR233W,0,-0.7975205,0.4916136562824249,0.8483033776283264,0.08791758120059967
YIL063C,YKL143W,1,-0.79758334,0.4919075071811676,0.8493013978004456,0.08791758120059967
YKL103C,YOR292C,0,-0.7991867,0.4916233420372009,0.8493013978004456,0.08801760524511337
YIL115C,YIL148W,1,-0.79958075,0.49191686511039734,0.8502994179725647,0.08801760524511337
YHR143W-A,YLR272C,0,-0.8004017,0.49163299798965454,0.8502994179725647,0.08811762183904648
YIL131C,YGR211W,0,-0.8018031,0.4913494884967804,0.8502994179725647,0.08821764588356018
YOR396W,YMR189W,0,-0.8031715,0.4910662770271301,0.8502994179725647,0.08831766247749329
YBR092C,YPL058C,0,-0.8032385,0.4907834231853485,0.8502994179725647,0.08841768652200699
YDL143W,YLR243W,0,-0.8038938,0.49050086736679077,0.8502994179725647,0.0885177031159401
YJL087C,YMR247C,0,-0.8039615,0.4902186393737793,0.8502994179725647,0.0886177271604538
YPL146C,YER125W,1,-0.80398136,0.49051177501678467,0.8512973785400391,0.0886177271604538
YOL094C,YNL181W,0,-0.80404615,0.49022987484931946,0.8512973785400391,0.0887177437543869
YMR307W,YMR184W,0,-0.8061353,0.4899483025074005,0.8512973785400391,0.08881776034832001
YKL079W,YMR194W,0,-0.80621606,0.48966705799102783,0.8512973785400391,0.08891778439283371
YOR123C,YGR072W,0,-0.80631423,0.48938611149787903,0.8512973785400391,0.08901780098676682
YGR246C,YMR290C,0,-0.8080507,0.4891054928302765,0.8512973785400391,0.08911782503128052
YPL117C,YDL084W,0,-0.80867076,0.4888252019882202,0.8512973785400391,0.08921784162521362
YER006W,YER125W,1,-0.8088924,0.48911798000335693,0.8522953987121582,0.08921784162521362
YKL096W-A,YIL124W,0,-0.80985975,0.4888380169868469,0.8522953987121582,0.08931786566972733
YAL036C,YHR027C,0,-0.81147635,0.4885583519935608,0.8522953987121582,0.08941788226366043
YLR106C,YLR293C,1,-0.81187034,0.48885077238082886,0.8532934188842773,0.08941788226366043
YGL099W,YER125W,1,-0.8129451,0.48914286494255066,0.8542914390563965,0.08941788226366043
YER006W,YLR106C,1,-0.8151796,0.4894345998764038,0.8552893996238708,0.08941788226366043
YNL178W,YDR325W,0,-0.81521237,0.48915526270866394,0.8552893996238708,0.08951790630817413
YKL087C,YGR234W,0,-0.8156011,0.48887622356414795,0.8552893996238708,0.08961792290210724
YOR355W,YGL105W,0,-0.81676096,0.48859748244285583,0.8552893996238708,0.08971794694662094
YGL009C,YML075C,0,-0.8189056,0.4883190989494324,0.8552893996238708,0.08981796354055405
YCL043C,YHL021C,0,-0.81969714,0.4880410134792328,0.8552893996238708,0.08991798013448715
YEL016C,YKL081W,0,-0.82227755,0.4877632260322571,0.8552893996238708,0.09001800417900085
YOR396W,YNL183C,0,-0.82285917,0.48748576641082764,0.8552893996238708,0.09011802077293396
YDR099W,YMR278W,0,-0.82298434,0.48720863461494446,0.8552893996238708,0.09021804481744766
YDL095W,YBR162W-A,0,-0.82341886,0.48693183064460754,0.8552893996238708,0.09031806141138077
YIL063C,YCR047C,1,-0.8239989,0.48722317814826965,0.85628741979599,0.09031806141138077
YNL227C,YFR002W,1,-0.8241434,0.4875141978263855,0.8572854399681091,0.09031806141138077
YDR240C,YJL207C,0,-0.8248565,0.4872376620769501,0.8572854399681091,0.09041808545589447
YML017W,YOL039W,0,-0.8257581,0.4869614541530609,0.8572854399681091,0.09051810204982758
YDR427W,YGL030W,0,-0.8257909,0.48668554425239563,0.8572854399681091,0.09061812609434128
YKL027W,YBR135W,0,-0.82587254,0.4864099621772766,0.8572854399681091,0.09071814268827438
YBL071W-A,YDL184C,0,-0.82619214,0.48613467812538147,0.8572854399681091,0.09081816673278809
YGR208W,YKR044W,0,-0.8263022,0.4858597218990326,0.8572854399681091,0.09091818332672119
YNR001C,YPR093C,0,-0.8269185,0.4855850636959076,0.8572854399681091,0.0910181999206543
YPL132W,YPL031C,0,-0.8273732,0.48531073331832886,0.8572854399681091,0.091118223965168
YLR110C,YOL077W-A,0,-0.8275571,0.485036700963974,0.8572854399681091,0.0912182405591011
YDR469W,YLR058C,0,-0.82760066,0.484762966632843,0.8572854399681091,0.09131826460361481
YIL038C,YNL201C,0,-0.8284931,0.4844895601272583,0.8572854399681091,0.09141828119754791
YMR307W,YDR092W,0,-0.8288338,0.48421645164489746,0.8572854399681091,0.09151830524206161
YBL054W,YER013W,0,-0.8305606,0.4839436709880829,0.8572854399681091,0.09161832183599472
YLR442C,YDR083W,0,-0.8314898,0.4836711585521698,0.8572854399681091,0.09171834588050842
YLR139C,YMR269W,0,-0.83285177,0.483398973941803,0.8572854399681091,0.09181836247444153
YOR396W,YAR027W,0,-0.83296764,0.4831271171569824,0.8572854399681091,0.09191838651895523
YKR044W,YOR079C,0,-0.8349786,0.48285552859306335,0.8572854399681091,0.09201840311288834
YBR061C,YJL157C,0,-0.8351753,0.48258426785469055,0.8572854399681091,0.09211842715740204
YJL117W,YGR049W,0,-0.8355436,0.4823133051395416,0.8572854399681091,0.09221844375133514
YJL198W,YLR228C,0,-0.8365763,0.4820426404476166,0.8572854399681091,0.09231846034526825
YOR098C,YJL061W,1,-0.8368219,0.48233315348625183,0.8582834601402283,0.09231846034526825
YDR172W,YGL065C,0,-0.83938277,0.48206278681755066,0.8582834601402283,0.09241848438978195
YLR139C,YGR061C,0,-0.83944124,0.48179271817207336,0.8582834601402283,0.09251850098371506
YBR155W,YLR403W,0,-0.83998,0.48152294754981995,0.8582834601402283,0.09261852502822876
YKR088C,YLR058C,0,-0.8406141,0.4812535047531128,0.8582834601402283,0.09271854162216187
YJR042W,YLR106C,1,-0.84158146,0.481543630361557,0.8592814207077026,0.09271854162216187
YJR105W,YGR004W,0,-0.841842,0.48127445578575134,0.8592814207077026,0.09281856566667557
YNL227C,YJL041W,1,-0.84193724,0.4815642535686493,0.8602794408798218,0.09281856566667557
YER025W,YGL133W,0,-0.84217095,0.4812953770160675,0.8602794408798218,0.09291858226060867
YGL086W,YPL239W,0,-0.8424819,0.4810267984867096,0.8602794408798218,0.09301860630512238
YBR281C,YHR066W,0,-0.842538,0.48075851798057556,0.8602794408798218,0.09311862289905548
YIR026C,YER125W,1,-0.8430408,0.48104792833328247,0.8612774610519409,0.09311862289905548
YFL048C,YJL198W,0,-0.8432363,0.4807799458503723,0.8612774610519409,0.09321864694356918
YDL136W,YPL176C,0,-0.84327626,0.48051226139068604,0.8612774610519409,0.09331866353750229
YNL268W,YBR002C,0,-0.8432901,0.48024484515190125,0.8612774610519409,0.0934186801314354
YHL013C,YOR039W,0,-0.8442005,0.4799777567386627,0.8612774610519409,0.0935187041759491
YBR029C,YBR042C,0,-0.8458693,0.4797109365463257,0.8612774610519409,0.0936187207698822
YOR361C,YJR045C,0,-0.84632564,0.4794444441795349,0.8612774610519409,0.0937187448143959
YBR061C,YGR129W,0,-0.8464847,0.47917822003364563,0.8612774610519409,0.09381876140832901
YOL003C,YKR059W,0,-0.84674776,0.4789123237133026,0.8612774610519409,0.09391878545284271
YCR053W,YGR283C,0,-0.8480029,0.4786466956138611,0.8612774610519409,0.09401880204677582
YDL229W,YPR016C,1,-0.8490218,0.47893568873405457,0.8622754216194153,0.09401880204677582
YHR191C,YPR144C,0,-0.85096407,0.4786703586578369,0.8622754216194153,0.09411882609128952
YDR427W,YML132W,0,-0.8515735,0.47840532660484314,0.8622754216194153,0.09421884268522263
YLR090W,YNL178W,0,-0.8522533,0.47814056277275085,0.8622754216194153,0.09431886672973633
YKR008W,YPR043W,0,-0.85396755,0.47787609696388245,0.8622754216194153,0.09441888332366943
YMR192W,YGR211W,0,-0.85397214,0.4776119291782379,0.8622754216194153,0.09451890736818314
YLR323C,YBR002C,0,-0.857202,0.47734805941581726,0.8622754216194153,0.09461892396211624
YIL115C,YLR074C,1,-0.85822326,0.4776366651058197,0.8632734417915344,0.09461892396211624
YGL022W,YGR211W,0,-0.8584785,0.47737306356430054,0.8632734417915344,0.09471894055604935
YER023W,YDR469W,0,-0.8602592,0.47710976004600525,0.8632734417915344,0.09481896460056305
YJL061W,YDR039C,0,-0.86196053,0.47684675455093384,0.8632734417915344,0.09491898119449615
YKL096W-A,YDR092W,0,-0.86298054,0.4765840172767639,0.8632734417915344,0.09501900523900986
YOR104W,YJR125C,0,-0.86339605,0.47632157802581787,0.8632734417915344,0.09511902183294296
YHR128W,YOR172W,0,-0.8637153,0.4760594367980957,0.8632734417915344,0.09521904587745667
YER113C,YDL171C,0,-0.8649092,0.4757975935935974,0.8632734417915344,0.09531906247138977
YNL073W,YPR102C,0,-0.8651992,0.4755360186100006,0.8632734417915344,0.09541908651590347
YOR293W,YLR425W,0,-0.86591285,0.4752747118473053,0.8632734417915344,0.09551910310983658
YIL063C,YGR245C,1,-0.8662561,0.4755628705024719,0.8642714619636536,0.09551910310983658
YPL176C,YKR028W,0,-0.86647344,0.4753018617630005,0.8642714619636536,0.09561912715435028
YER174C,YER127W,0,-0.8679366,0.47504115104675293,0.8642714619636536,0.09571914374828339
YKL038W,YJR077C,0,-0.8692144,0.47478070855140686,0.8642714619636536,0.09581916034221649
YIL063C,YNL227C,1,-0.87028855,0.47506847977638245,0.8652694821357727,0.09581916034221649
YLR361C,YMR146C,0,-0.8706712,0.47480833530426025,0.8652694821357727,0.0959191843867302
YGR156W,YCL029C,0,-0.8708904,0.47454842925071716,0.8652694821357727,0.0960192009806633
YLR203C,YFL039C,0,-0.87252903,0.47428885102272034,0.8652694821357727,0.096119225025177
YMR142C,YLR045C,0,-0.8735322,0.4740295112133026,0.8652694821357727,0.09621924161911011
YPR102C,YDR320C-A,0,-0.8744042,0.47377049922943115,0.8652694821357727,0.09631926566362381
YHR111W,YEL034W,0,-0.8752016,0.4735117554664612,0.8652694821357727,0.09641928225755692
YAR033W,YJL222W,0,-0.8787046,0.4732532799243927,0.8652694821357727,0.09651930630207062
YEL018W,YGR185C,0,-0.8794702,0.4729951024055481,0.8652694821357727,0.09661932289600372
YKL096W-A,YDR156W,0,-0.8799826,0.472737193107605,0.8652694821357727,0.09671934694051743
YOR357C,YLR197W,0,-0.8805326,0.47247955203056335,0.8652694821357727,0.09681936353445053
YDL217C,YER019C-A,0,-0.880999,0.4722222089767456,0.8652694821357727,0.09691938757896423
YCR057C,YLR045C,0,-0.88105524,0.47196516394615173,0.8652694821357727,0.09701940417289734
YOR106W,YCR043C,0,-0.88153005,0.47170838713645935,0.8652694821357727,0.09711942076683044
YDL212W,YBR162C,0,-0.882065,0.47145187854766846,0.8652694821357727,0.09721944481134415
YFL037W,YOL056W,0,-0.88218236,0.47119563817977905,0.8652694821357727,0.09731946140527725
YNR015W,YJL157C,0,-0.88349116,0.4709396958351135,0.8652694821357727,0.09741948544979095
YLR272C,YEL034W,0,-0.8840201,0.4706840515136719,0.8652694821357727,0.09751950204372406
YDR172W,YAL041W,0,-0.8842895,0.4704286456108093,0.8652694821357727,0.09761952608823776
YJR050W,YKL081W,0,-0.8846308,0.47017353773117065,0.8652694821357727,0.09771954268217087
YIL063C,YKR094C,1,-0.88505256,0.4704607129096985,0.8662674427032471,0.09771954268217087
YMR047C,YOR294W,1,-0.8853419,0.47074756026268005,0.8672654628753662,0.09771954268217087
YML026C,YHR061C,0,-0.8857078,0.4704926908016205,0.8672654628753662,0.09781956672668457
YBR164C,YGR185C,0,-0.8869697,0.4702380895614624,0.8672654628753662,0.09791958332061768
YDR440W,YBR042C,0,-0.8872067,0.4699837863445282,0.8672654628753662,0.09801960736513138
YKR057W,YGR156W,0,-0.8883674,0.4697297215461731,0.8672654628753662,0.09811962395906448
YIL115C,YNL178W,1,-0.8885428,0.470016211271286,0.8682634830474854,0.09811962395906448
YOR145C,YDR240C,0,-0.8890954,0.4697624146938324,0.8682634830474854,0.09821964055299759
YJR075W,YHR134W,0,-0.8894578,0.46950891613960266,0.8682634830474854,0.09831966459751129
YKL077W,YMR080C,0,-0.8916153,0.469255656003952,0.8682634830474854,0.0984196811914444
YGL097W,YKL057C,1,-0.8916887,0.4695417881011963,0.8692615032196045,0.0984196811914444
YOL077W-A,YDR343C,0,-0.8921075,0.46928879618644714,0.8692615032196045,0.0985197052359581
YJR097W,YBL071W-A,0,-0.89332664,0.4690360724925995,0.8692615032196045,0.0986197218298912
YDR309C,YPL086C,0,-0.89537203,0.4687836468219757,0.8692615032196045,0.09871974587440491
YDR496C,YLR084C,0,-0.896047,0.46853145956993103,0.8692615032196045,0.09881976246833801
YKL170W,YLR421C,0,-0.89726377,0.46827957034111023,0.8692615032196045,0.09891978651285172
YAL023C,YHL007C,0,-0.89936465,0.4680279493331909,0.8692615032196045,0.09901980310678482
YLR260W,YOL077W-A,0,-0.9001205,0.4677765965461731,0.8692615032196045,0.09911982715129852
YDR085C,YMR189W,0,-0.90062237,0.4675254821777344,0.8692615032196045,0.09921984374523163
YPL192C,YOR209C,0,-0.9016143,0.46727466583251953,0.8692615032196045,0.09931986033916473
YOR292C,YLR151C,0,-0.90228826,0.4670241177082062,0.8692615032196045,0.09941988438367844
YOR198C,YLR309C,0,-0.9027643,0.4667738378047943,0.8692615032196045,0.09951990097761154
YDL229W,YJL041W,1,-0.9035922,0.467059463262558,0.8702594637870789,0.09951990097761154
YJL159W,YDL067C,0,-0.9040563,0.4668094217777252,0.8702594637870789,0.09961992502212524
YIL027C,YGL137W,0,-0.90420735,0.46655964851379395,0.8702594637870789,0.09971994161605835
YHR074W,YBL071W-A,0,-0.9044517,0.46631017327308655,0.8702594637870789,0.09981996566057205
YHR110W,YPR160W,0,-0.9053602,0.46606093645095825,0.8702594637870789,0.09991998225450516
YGL009C,YML056C,0,-0.90539443,0.46581196784973145,0.8702594637870789,0.10002000629901886
YIL115C,YGR218W,1,-0.90566194,0.4660971760749817,0.871257483959198,0.10002000629901886
YMR073C,YBR142W,0,-0.906147,0.465848445892334,0.871257483959198,0.10012002289295197
YMR205C,YIL027C,0,-0.9074091,0.46560001373291016,0.871257483959198,0.10022004693746567
YMR194W,YLR390W-A,0,-0.907639,0.46535181999206543,0.871257483959198,0.10032006353139877
YMR169C,YCR079W,0,-0.90893906,0.4651038944721222,0.871257483959198,0.10042008757591248
YDL021W,YDR084C,0,-0.909615,0.46485623717308044,0.871257483959198,0.10052010416984558
YMR150C,YNL178W,0,-0.9099419,0.4646088480949402,0.871257483959198,0.10062012076377869
YIR015W,YGR185C,0,-0.9106818,0.46436169743537903,0.871257483959198,0.10072014480829239
YBL085W,YKL081W,0,-0.9124789,0.46411484479904175,0.871257483959198,0.1008201614022255
YGL234W,YGR072W,0,-0.91358125,0.46386823058128357,0.871257483959198,0.1009201854467392
YBL031W,YGL070C,0,-0.9145778,0.4636218845844269,0.871257483959198,0.1010202020406723
YKL009W,YOR185C,1,-0.9155096,0.46390658617019653,0.8722555041313171,0.1010202020406723
YCR031C,YOR396W,0,-0.9157477,0.46366047859191895,0.8722555041313171,0.101120226085186
YBR070C,YLR110C,0,-0.91618615,0.46341463923454285,0.8722555041313171,0.10122024267911911
YGR104C,YJL138C,0,-0.9166007,0.46316903829574585,0.8722555041313171,0.10132026672363281
YFL048C,YOR198C,0,-0.9167248,0.46292373538017273,0.8722555041313171,0.10142028331756592
YNL261W,YMR247C,0,-0.9174435,0.4626786708831787,0.8722555041313171,0.10152030736207962
YGR209C,YML129C,0,-0.91771036,0.4624338746070862,0.8722555041313171,0.10162032395601273
YER055C,YGL252C,0,-0.91808987,0.46218931674957275,0.8722555041313171,0.10172034054994583
YDL217C,YHR088W,0,-0.91841716,0.4619450271129608,0.8722555041313171,0.10182036459445953
YDL021W,YDR155C,0,-0.9185643,0.46170100569725037,0.8722555041313171,0.10192038118839264
YDR175C,YGR235C,0,-0.91900396,0.461457222700119,0.8722555041313171,0.10202040523290634
YGR007W,YGL171W,0,-0.919893,0.46121370792388916,0.8722555041313171,0.10212042182683945
YJL124C,YNR018W,0,-0.9203861,0.4609704613685608,0.8722555041313171,0.10222044587135315
YGL231C,YFR041C,0,-0.9217938,0.4607274532318115,0.8722555041313171,0.10232046246528625
YIR024C,YER043C,0,-0.92182475,0.46048471331596375,0.8722555041313171,0.10242048650979996
YBR156C,YBL054W,0,-0.9218965,0.46024224162101746,0.8722555041313171,0.10252050310373306
YEL026W,YAL007C,0,-0.9225097,0.46000000834465027,0.8722555041313171,0.10262052714824677
YER110C,YDR092W,0,-0.9229125,0.4597580134868622,0.8722555041313171,0.10272054374217987
YLR056W,YPL213W,0,-0.9240897,0.4595162868499756,0.8722555041313171,0.10282056778669357
YKL087C,YDR079W,0,-0.9258362,0.4592748284339905,0.8722555041313171,0.10292058438062668
YDR170C,YNL065W,0,-0.92587745,0.4590336084365845,0.8722555041313171,0.10302060097455978
YMR194W,YLR407W,0,-0.92592466,0.45879265666007996,0.8722555041313171,0.10312062501907349
YDL077C,YMR242C,0,-0.9260733,0.45855194330215454,0.8722555041313171,0.10322064161300659
YLR309C,YGR061C,0,-0.9266345,0.4583114981651306,0.8722555041313171,0.1033206656575203
YKL145W,YCL059C,0,-0.92663693,0.4580712914466858,0.8722555041313171,0.1034206822514534
YEL026W,YBR136W,0,-0.9283403,0.45783132314682007,0.8722555041313171,0.1035207062959671
YLR268W,YJL096W,0,-0.9283974,0.45759162306785583,0.8722555041313171,0.10362072288990021
YBR021W,YKL110C,0,-0.9298862,0.4573521614074707,0.8722555041313171,0.10372074693441391
YPR016C,YMR047C,1,-0.9302563,0.4576359689235687,0.8732534646987915,0.10372074693441391
YHR055C,YDR080W,0,-0.93039405,0.4573967456817627,0.8732534646987915,0.10382076352834702
YPL169C,YKL057C,1,-0.93109727,0.45768025517463684,0.8742514848709106,0.10382076352834702
YLR461W,YHR004C,0,-0.9321451,0.4574412405490875,0.8742514848709106,0.10392078757286072
YHR191C,YLR109W,0,-0.9322095,0.4572024941444397,0.8742514848709106,0.10402080416679382
YPL099C,YDR001C,0,-0.9328811,0.45696401596069336,0.8742514848709106,0.10412082076072693
YMR194W,YNL027W,0,-0.93297356,0.45672574639320374,0.8742514848709106,0.10422084480524063
YMR019W,YJR111C,0,-0.9336761,0.4564877450466156,0.8742514848709106,0.10432086139917374
YBR162C,YDR320C-A,0,-0.93383944,0.45625001192092896,0.8742514848709106,0.10442088544368744
YIR041W,YJL052W,0,-0.9341054,0.456012487411499,0.8742514848709106,0.10452090203762054
YKL096W-A,YER057C,0,-0.93539697,0.4557752311229706,0.8742514848709106,0.10462092608213425
YCR072C,YER013W,0,-0.9359871,0.45553821325302124,0.8742514848709106,0.10472094267606735
YPL240C,YLR056W,0,-0.9361687,0.4553014636039734,0.8742514848709106,0.10482096672058105
YHR171W,YBR108W,0,-0.93643606,0.45506492257118225,0.8742514848709106,0.10492098331451416
YJL117W,YHR205W,0,-0.9366671,0.4548286497592926,0.8742514848709106,0.10502100735902786
YER165W,YJR024C,0,-0.93745613,0.45459264516830444,0.8742514848709106,0.10512102395296097
YBL085W,YIL148W,0,-0.93814296,0.454356849193573,0.8742514848709106,0.10522104054689407
YMR323W,YLR109W,0,-0.9391965,0.45412129163742065,0.8742514848709106,0.10532106459140778
YHR055C,YLR219W,0,-0.93924445,0.4538860023021698,0.8742514848709106,0.10542108118534088
YMR042W,YJL177W,0,-0.93935436,0.45365095138549805,0.8742514848709106,0.10552110522985458
YOR357C,YLR056W,0,-0.9398109,0.4534161388874054,0.8742514848709106,0.10562112182378769
YLR106C,YGL135W,1,-0.93988836,0.45369890332221985,0.8752495050430298,0.10562112182378769
YCR072C,YOR081C,0,-0.94012904,0.4534643292427063,0.8752495050430298,0.10572114586830139
YGR234W,YJR033C,0,-0.9407101,0.45322996377944946,0.8752495050430298,0.1058211624622345
YDR298C,YAL017W,0,-0.94213295,0.4529958665370941,0.8752495050430298,0.1059211865067482
YMR246W,YLR309C,0,-0.9423038,0.45276200771331787,0.8752495050430298,0.1060212031006813
YMR041C,YNL009W,0,-0.942543,0.4525283873081207,0.8752495050430298,0.10612122714519501
YGR218W,YNL178W,1,-0.94309247,0.45281073451042175,0.8762475252151489,0.10612122714519501
YER110C,YPR173C,0,-0.9431784,0.4525773227214813,0.8762475252151489,0.10622124373912811
YER087C-B,YJL133W,0,-0.94367605,0.45234414935112,0.8762475252151489,0.10632126778364182
YML123C,YDR339C,0,-0.9453614,0.45211121439933777,0.8762475252151489,0.10642128437757492
YMR047C,YPL220W,1,-0.9456028,0.45239320397377014,0.8772454857826233,0.10642128437757492
YMR060C,YKL170W,0,-0.94580865,0.452160507440567,0.8772454857826233,0.10652130097150803
YOR144C,YCR053W,0,-0.9459391,0.4519280195236206,0.8772454857826233,0.10662132501602173
YIL162W,YGL006W,0,-0.9461532,0.4516957998275757,0.8772454857826233,0.10672134160995483
YML055W,YCR057C,0,-0.94749475,0.4514637887477875,0.8772454857826233,0.10682136565446854
YJR053W,YMR242C,0,-0.9480958,0.45123204588890076,0.8772454857826233,0.10692138224840164
YGL172W,YMR235C,1,-0.94865894,0.4515135884284973,0.8782435059547424,0.10692138224840164
YMR123W,YDR039C,0,-0.94889915,0.4512820541858673,0.8782435059547424,0.10702140629291534
YMR246W,YOL043C,0,-0.9493374,0.451050728559494,0.8782435059547424,0.10712142288684845
YOR278W,YDR021W,0,-0.94942087,0.4508196711540222,0.8782435059547424,0.10722144693136215
YML056C,YGR099W,0,-0.9495941,0.4505888521671295,0.8782435059547424,0.10732146352529526
YHL007C,YLL038C,0,-0.95072037,0.45035824179649353,0.8782435059547424,0.10742148756980896
YDR519W,YCL029C,0,-0.95285356,0.45012786984443665,0.8782435059547424,0.10752150416374207
YJL096W,YDR091C,0,-0.953077,0.44989773631095886,0.8782435059547424,0.10762152075767517
YOR396W,YGL252C,0,-0.9531988,0.44966787099838257,0.8782435059547424,0.10772154480218887
YCR047C,YER125W,1,-0.95374703,0.4499489367008209,0.8792415261268616,0.10772154480218887
YDL208W,YOL136C,0,-0.95408833,0.44971925020217896,0.8792415261268616,0.10782156139612198
YOL041C,YKL033W,0,-0.9551414,0.4494898021221161,0.8792415261268616,0.10792158544063568
YKL027W,YNL164C,0,-0.95545566,0.4492605924606323,0.8792415261268616,0.10802160203456879
YLR106C,YFR002W,1,-0.9566211,0.44954127073287964,0.8802395462989807,0.10802160203456879
YKR035W-A,YLR441C,0,-0.9577395,0.4493122696876526,0.8802395462989807,0.10812162607908249
YIL136W,YKL170W,0,-0.9606828,0.44908350706100464,0.8802395462989807,0.1082216426730156
YCR039C,YOR125C,0,-0.9610822,0.4488549530506134,0.8802395462989807,0.1083216667175293
YJL143W,YJL122W,0,-0.9614529,0.44862666726112366,0.8802395462989807,0.1084216833114624
YOR292C,YJL066C,0,-0.9628424,0.4483985900878906,0.8802395462989807,0.1085217073559761
YEL055C,YBL022C,0,-0.9632491,0.4481707215309143,0.8802395462989807,0.10862172394990921
YPR100W,YJR105W,0,-0.9640399,0.4479431211948395,0.8802395462989807,0.10872174799442291
YOL041C,YJL187C,0,-0.9642354,0.44771572947502136,0.8802395462989807,0.10882176458835602
YDR400W,YLL022C,0,-0.9654765,0.44748857617378235,0.8802395462989807,0.10892178118228912
YMR269W,YDL088C,0,-0.9655212,0.44726166129112244,0.8802395462989807,0.10902180522680283
YOL097C,YBL022C,0,-0.9661864,0.4470349848270416,0.8802395462989807,0.10912182182073593
YML132W,YCR039C,0,-0.9668582,0.44680851697921753,0.8802395462989807,0.10922184586524963
YBR186W,YKR081C,0,-0.9679125,0.44658228754997253,0.8802395462989807,0.10932186245918274
YPR113W,YJL187C,0,-0.96848893,0.44635626673698425,0.8802395462989807,0.10942188650369644
YLR078C,YLR443W,0,-0.96944016,0.44613051414489746,0.8802395462989807,0.10952190309762955
YIL115C,YGR081C,1,-0.97099835,0.44641050696372986,0.8812375068664551,0.10952190309762955
YPL112C,YPL129W,0,-0.97126687,0.4461849331855774,0.8812375068664551,0.10962192714214325
YGR155W,YLR166C,0,-0.9730015,0.44595959782600403,0.8812375068664551,0.10972194373607635
YDR512C,YGL104C,0,-0.97409296,0.4457344710826874,0.8812375068664551,0.10982196778059006
YBR143C,YHR155W,0,-0.9748493,0.44550958275794983,0.8812375068664551,0.10992198437452316
YDL143W,YKR036C,0,-0.9751421,0.4452849328517914,0.8812375068664551,0.11002200096845627
YOR176W,YNL339C,0,-0.9754708,0.44506049156188965,0.8812375068664551,0.11012202501296997
YKL096W-A,YNR027W,0,-0.975775,0.44483625888824463,0.8812375068664551,0.11022204160690308
YDR458C,YLR228C,0,-0.9760697,0.4446122944355011,0.8812375068664551,0.11032206565141678
YHR026W,YLR118C,0,-0.9763018,0.4443885385990143,0.8812375068664551,0.11042208224534988
YGR155W,YFL009W,0,-0.9771767,0.4441649913787842,0.8812375068664551,0.11052210628986359
YMR047C,YER036C,1,-0.9773618,0.4444444477558136,0.8822355270385742,0.11052210628986359
YNL181W,YCL059C,0,-0.97741944,0.4442211091518402,0.8822355270385742,0.11062212288379669
YGL027C,YGR234W,0,-0.97833,0.44399797916412354,0.8822355270385742,0.1107221469283104
YOL097C,YCR042C,0,-0.9783344,0.44377508759498596,0.8822355270385742,0.1108221635222435
YER074W,YLR287C,0,-0.9784293,0.4435524344444275,0.8822355270385742,0.1109221875667572
YCR047C,YLR106C,1,-0.97912633,0.44383150339126587,0.8832335472106934,0.1109221875667572
YDR092W,YLR441C,0,-0.9792195,0.4436090290546417,0.8832335472106934,0.11102220416069031
YMR246W,YER019W,0,-0.9797846,0.4433867633342743,0.8832335472106934,0.11112222075462341
YGL027C,YMR012W,0,-0.979918,0.44316473603248596,0.8832335472106934,0.11122224479913712
YIL018W,YNL219C,0,-0.98050845,0.44294294714927673,0.8832335472106934,0.11132226139307022
YLR109W,YER023W,0,-0.98113453,0.4427213668823242,0.8832335472106934,0.11142228543758392
YKL156W,YIL048W,0,-0.9815639,0.4424999952316284,0.8832335472106934,0.11152230203151703
YNL010W,YOR254C,0,-0.98162436,0.4422788619995117,0.8832335472106934,0.11162232607603073
YLR353W,YCR024C-A,0,-0.98288095,0.44205793738365173,0.8832335472106934,0.11172234266996384
YGR007W,YMR146C,0,-0.98336005,0.44183725118637085,0.8832335472106934,0.11182236671447754
YLR310C,YKR036C,0,-0.98373747,0.4416167736053467,0.8832335472106934,0.11192238330841064
YCR077C,YOL019W,0,-0.98445797,0.4413965046405792,0.8832335472106934,0.11202240735292435
YOL152W,YDL136W,0,-0.985249,0.44117647409439087,0.8832335472106934,0.11212242394685745
YOR144C,YJR124C,0,-0.9852543,0.44095665216445923,0.8832335472106934,0.11222244799137115
YLR203C,YBL039C,0,-0.98680776,0.4407370388507843,0.8832335472106934,0.11232246458530426
YDL229W,YLR293C,1,-0.98781633,0.44101542234420776,0.8842315077781677,0.11232246458530426
YLR074C,YER125W,1,-0.988164,0.44129353761672974,0.8852295279502869,0.11232246458530426
YKL191W,YDR175C,0,-0.9882579,0.44107410311698914,0.8852295279502869,0.11242248117923737
YNL113W,YER050C,0,-0.988658,0.44085487723350525,0.8852295279502869,0.11252250522375107
YJR046W,YKR053C,0,-0.98946226,0.4406358599662781,0.8852295279502869,0.11262252181768417
YLR361C,YDL184C,0,-0.99048704,0.44041708111763,0.8852295279502869,0.11272254586219788
YOL042W,YLR441C,0,-0.9908483,0.44019851088523865,0.8852295279502869,0.11282256245613098
YIR041W,YCR009C,0,-0.9908721,0.439980149269104,0.8852295279502869,0.11292258650064468
YLR369W,YKR081C,0,-0.9909517,0.43976202607154846,0.8852295279502869,0.11302260309457779
YJL061W,YJL041W,1,-0.99132425,0.44003963470458984,0.886227548122406,0.11302260309457779
YLR085C,YFL037W,0,-0.99153244,0.43982169032096863,0.886227548122406,0.11312262713909149
YER060W-A,YHR026W,0,-0.99188244,0.4396039545536041,0.886227548122406,0.1132226437330246
YER146W,YDR071C,0,-0.99196404,0.4393864572048187,0.886227548122406,0.1133226677775383
YGR081C,YGR218W,1,-0.9922039,0.43966370820999146,0.8872255682945251,0.1133226677775383
YPR098C,YDR001C,0,-0.9923707,0.439446359872818,0.8872255682945251,0.1134226843714714
YMR142C,YLR369W,0,-0.99271405,0.43922924995422363,0.8872255682945251,0.11352270096540451
YOR240W,YBL039C,0,-0.9928301,0.439012348651886,0.8872255682945251,0.11362272500991821
YHR026W,YOL019W,0,-0.9928751,0.43879565596580505,0.8872255682945251,0.11372274160385132
YIL099W,YML128C,0,-0.9930585,0.43857917189598083,0.8872255682945251,0.11382276564836502
YOL055C,YER020W,0,-0.99317867,0.4383629262447357,0.8872255682945251,0.11392278224229813
YNR019W,YJL020C,0,-0.9936634,0.4381468594074249,0.8872255682945251,0.11402280628681183
YJL177W,YLR288C,0,-0.99384767,0.43793103098869324,0.8872255682945251,0.11412282288074493
YPR028W,YDL184C,0,-0.9938655,0.43771541118621826,0.8872255682945251,0.11422284692525864
YGL094C,YJR077C,0,-0.99418837,0.4375,0.8872255682945251,0.11432286351919174
YGR279C,YKR081C,0,-0.9942007,0.43728479743003845,0.8872255682945251,0.11442288756370544
YPL129W,YPL028W,0,-0.9951848,0.4370698034763336,0.8872255682945251,0.11452290415763855
YGL124C,YJL222W,0,-0.9961835,0.4368550479412079,0.8872255682945251,0.11462292820215225
YIL009W,YLR421C,0,-0.9962432,0.4366404712200165,0.8872255682945251,0.11472294479608536
YJR045C,YHR117W,0,-0.9969789,0.4364261031150818,0.8872255682945251,0.11482296139001846
YKL039W,YLR151C,0,-0.9977777,0.4362119734287262,0.8872255682945251,0.11492298543453217
YGR254W,YDR339C,0,-0.9977877,0.4359980523586273,0.8872255682945251,0.11502300202846527
YOL137W,YBR029C,0,-0.99795055,0.43578431010246277,0.8872255682945251,0.11512302607297897
YIL018W,YNL268W,0,-0.99819005,0.4355708062648773,0.8872255682945251,0.11522304266691208
YFR041C,YCL059C,0,-0.99960077,0.4353574812412262,0.8872255682945251,0.11532306671142578
YGR234W,YOR046C,0,-1.0018351,0.4351443946361542,0.8872255682945251,0.11542308330535889
YER055C,YDR352W,0,-1.0020964,0.43493151664733887,0.8872255682945251,0.11552310734987259
YOR046C,YNL027W,0,-1.0025454,0.4347188174724579,0.8872255682945251,0.1156231239438057
YHR053C,YPL103C,0,-1.0035914,0.434506356716156,0.8872255682945251,0.1157231479883194
YJL124C,YER055C,0,-1.0044017,0.43429407477378845,0.8872255682945251,0.1158231645822525
YMR233W,YIL127C,0,-1.0047762,0.43408203125,0.8872255682945251,0.11592318117618561
YDR519W,YER023W,0,-1.0048147,0.4338701665401459,0.8872255682945251,0.11602320522069931
YML133C,YMR205C,0,-1.0051813,0.43365854024887085,0.8872255682945251,0.11612322181463242
YGL022W,YOR209C,0,-1.0054109,0.43344709277153015,0.8872255682945251,0.11622324585914612
YLR191W,YKL155C,0,-1.0056156,0.43323585391044617,0.8872255682945251,0.11632326245307922
YGR235C,YPL031C,0,-1.005833,0.4330248534679413,0.8872255682945251,0.11642328649759293
YBL071W-A,YNL072W,0,-1.0058885,0.4328140318393707,0.8872255682945251,0.11652330309152603
YJL200C,YGR155W,0,-1.0061653,0.4326034188270569,0.8872255682945251,0.11662332713603973
YMR031C,YKR031C,0,-1.0062567,0.43239298462867737,0.8872255682945251,0.11672334372997284
YDR083W,YBR175W,0,-1.0063386,0.43218278884887695,0.8872255682945251,0.11682336777448654
YHR128W,YLR191W,0,-1.0073464,0.43197280168533325,0.8872255682945251,0.11692338436841965
YJL096W,YNR018W,0,-1.0075186,0.4317629933357239,0.8872255682945251,0.11702340096235275
YDR100W,YCR079W,0,-1.0079602,0.4315533936023712,0.8872255682945251,0.11712342500686646
YLR058C,YGL122C,0,-1.0087498,0.43134400248527527,0.8872255682945251,0.11722344160079956
YBR164C,YLR065C,0,-1.0088909,0.43113481998443604,0.8872255682945251,0.11732346564531326
YDR512C,YOR125C,0,-1.0091496,0.4309258460998535,0.8872255682945251,0.11742348223924637
YGR234W,YER164W,0,-1.0099772,0.4307170510292053,0.8872255682945251,0.11752350628376007
YHR143W,YJR119C,0,-1.0103743,0.43050846457481384,0.8872255682945251,0.11762352287769318
YBL031W,YFL039C,0,-1.0104768,0.4303000867366791,0.8872255682945251,0.11772354692220688
YIL063C,YJL010C,1,-1.0115525,0.43057572841644287,0.8882235288619995,0.11772354692220688
YDR033W,YER057C,0,-1.0116023,0.43036749958992004,0.8882235288619995,0.11782356351613998
YEL026W,YJR052W,0,-1.0122362,0.4301595091819763,0.8882235288619995,0.11792358756065369
YHL035C,YJL020C,0,-1.0127333,0.4299516975879669,0.8882235288619995,0.11802360415458679
YJL053W,YDR363W-A,0,-1.0130335,0.42974409461021423,0.8882235288619995,0.1181236281991005
YDR266C,YMR242C,0,-1.0140451,0.4295366704463959,0.8882235288619995,0.1182236447930336
YKL125W,YLR353W,0,-1.0151529,0.4293294847011566,0.8882235288619995,0.1183236613869667
YKL081W,YNL041C,0,-1.0151787,0.4291224777698517,0.8882235288619995,0.11842368543148041
YJL198W,YOL136C,0,-1.0153766,0.4289156496524811,0.8882235288619995,0.11852370202541351
YMR235C,YHR027C,0,-1.0167799,0.4287090599536896,0.8882235288619995,0.11862372606992722
YPR091C,YMR110C,0,-1.0170432,0.4285026490688324,0.8882235288619995,0.11872374266386032
YPL117C,YDL143W,0,-1.0173882,0.42829644680023193,0.8882235288619995,0.11882376670837402
YMR307W,YOR278W,0,-1.0177221,0.4280904233455658,0.8882235288619995,0.11892378330230713
YOL077W-A,YER062C,0,-1.0186257,0.42788460850715637,0.8882235288619995,0.11902380734682083
YBL023C,YGR156W,0,-1.0192078,0.42767900228500366,0.8882235288619995,0.11912382394075394
YLR260W,YFR050C,0,-1.0192118,0.4274735748767853,0.8882235288619995,0.11922384798526764
YNL095C,YLR272C,0,-1.020325,0.4272683560848236,0.8882235288619995,0.11932386457920074
YMR142C,YER063W,0,-1.0207449,0.42706334590911865,0.8882235288619995,0.11942388117313385
YLR348C,YDR339C,0,-1.022237,0.426858514547348,0.8882235288619995,0.11952390521764755
YDL015C,YDR363W-A,0,-1.0222812,0.4266538918018341,0.8882235288619995,0.11962392181158066
YOR043W,YJL041W,0,-1.0224922,0.4264494478702545,0.8882235288619995,0.11972394585609436
YGR254W,YDR457W,0,-1.0226737,0.42624521255493164,0.8882235288619995,0.11982396245002747
YJR086W,YIL040W,0,-1.023366,0.4260411560535431,0.8882235288619995,0.11992398649454117
YPL283C,YCR053W,0,-1.0238366,0.42583730816841125,0.8882235288619995,0.12002400308847427
YPL220W,YLR389C,0,-1.0247511,0.42563366889953613,0.8882235288619995,0.12012402713298798
YCR058C,YER029C,0,-1.0250765,0.42543020844459534,0.8882235288619995,0.12022404372692108
YGR155W,YDR469W,0,-1.0264654,0.42522695660591125,0.8882235288619995,0.12032406777143478
YOR185C,YGR285C,1,-1.0269777,0.42550143599510193,0.8892215490341187,0.12032406777143478
YHR031C,YJL087C,0,-1.0274249,0.4252983331680298,0.8892215490341187,0.12042408436536789
YGL200C,YMR234W,0,-1.0275025,0.42509540915489197,0.8892215490341187,0.12052410840988159
YOR080W,YEL036C,0,-1.0279926,0.42489269375801086,0.8892215490341187,0.1206241250038147
YML093W,YLR439W,0,-1.0280248,0.4246901869773865,0.8892215490341187,0.1207241415977478
YDL229W,YJR042W,1,-1.0285796,0.4249642789363861,0.8902195692062378,0.1207241415977478
YDR496C,YER063W,0,-1.0302328,0.42476189136505127,0.8902195692062378,0.1208241656422615
YKR008W,YAL019W,0,-1.0319796,0.42455974221229553,0.8902195692062378,0.12092418223619461
YGL184C,YLR058C,0,-1.0320499,0.42435774207115173,0.8902195692062378,0.12102420628070831
YKL186C,YIL063C,1,-1.0326204,0.4246314764022827,0.8912175893783569,0.12102420628070831
YPL188W,YOL041C,0,-1.0331054,0.42442965507507324,0.8912175893783569,0.12112422287464142
YML067C,YFL057C,0,-1.0339918,0.4242280423641205,0.8912175893783569,0.12122424691915512
YLR110C,YGR254W,0,-1.0344714,0.42402657866477966,0.8912175893783569,0.12132426351308823
YGR129W,YPL036W,0,-1.0346781,0.42382535338401794,0.8912175893783569,0.12142428755760193
YMR123W,YPL137C,0,-1.0355055,0.42362427711486816,0.8912175893783569,0.12152430415153503
YLR295C,YPL206C,0,-1.0355171,0.4234234094619751,0.8912175893783569,0.12162432819604874
YGR072W,YJL110C,0,-1.0367713,0.42322275042533875,0.8912175893783569,0.12172434478998184
YNL113W,YJL110C,0,-1.0375943,0.4230222702026367,0.8912175893783569,0.12182436138391495
YJL062W-A,YKL170W,0,-1.037735,0.422821968793869,0.8912175893783569,0.12192438542842865
YFL026W,YKL043W,0,-1.0387518,0.42262187600135803,0.8912175893783569,0.12202440202236176
YOL097C,YMR205C,0,-1.0407093,0.42242196202278137,0.8912175893783569,0.12212442606687546
YLR106C,YLL034C,1,-1.0410321,0.4226950407028198,0.8922155499458313,0.12212442606687546
YKL096W-A,YMR269W,0,-1.0411373,0.4224952757358551,0.8922155499458313,0.12222444266080856
YDR381W,YNL268W,0,-1.0416301,0.4222956895828247,0.8922155499458313,0.12232446670532227
YPR102C,YOL044W,0,-1.041863,0.422096312046051,0.8922155499458313,0.12242448329925537
YJR086W,YJL177W,0,-1.0424454,0.42189711332321167,0.8922155499458313,0.12252450734376907
YLR342W,YNL192W,0,-1.0426311,0.42169812321662903,0.8922155499458313,0.12262452393770218
YGR217W,YLR014C,0,-1.0433546,0.4214992821216583,0.8922155499458313,0.12272454798221588
YOR270C,YGR030C,0,-1.0437021,0.42130064964294434,0.8922155499458313,0.12282456457614899
YKL004W,YER069W,0,-1.0438993,0.42110222578048706,0.8922155499458313,0.12292458862066269
YDL084W,YAL041W,0,-1.0441077,0.4209039509296417,0.8922155499458313,0.1230246052145958
YGL255W,YBL039C,0,-1.0441839,0.4207058846950531,0.8922155499458313,0.1231246218085289
YHR182W,YPR144C,0,-1.0453283,0.4205079972743988,0.8922155499458313,0.1232246458530426
YLL018C-A,YBR142W,0,-1.0454066,0.42031028866767883,0.8922155499458313,0.12332466244697571
YMR280C,YBR108W,0,-1.0457879,0.4201127886772156,0.8922155499458313,0.12342468649148941
YDR381W,YER165W,0,-1.0462489,0.41991546750068665,0.8922155499458313,0.12352470308542252
YBR242W,YML075C,0,-1.0463703,0.41971829533576965,0.8922155499458313,0.12362472712993622
YLL004W,YGR283C,0,-1.046818,0.41952136158943176,0.8922155499458313,0.12372474372386932
YHR205W,YBR291C,0,-1.0482107,0.4193245768547058,0.8922155499458313,0.12382476776838303
YOR133W,YGR087C,0,-1.0482948,0.4191280007362366,0.8922155499458313,0.12392478436231613
YKL176C,YGR116W,0,-1.0487406,0.4189315736293793,0.8922155499458313,0.12402480840682983
YBR044C,YDL110C,0,-1.0490707,0.4187353551387787,0.8922155499458313,0.12412482500076294
YPR016C,YOR185C,1,-1.0493085,0.41900748014450073,0.8932135701179504,0.12412482500076294
YEL012W,YDL237W,0,-1.0514219,0.4188114106655121,0.8932135701179504,0.12422484159469604
YJR109C,YDR448W,0,-1.0530093,0.41861552000045776,0.8932135701179504,0.12432486563920975
YIL169C,YJR125C,0,-1.054722,0.41841980814933777,0.8932135701179504,0.12442488223314285
YHR152W,YBR143C,0,-1.0550101,0.4182243049144745,0.8932135701179504,0.12452490627765656
YOL055C,YER035W,0,-1.0554016,0.41802895069122314,0.8932135701179504,0.12462492287158966
YPL176C,YJL012C,0,-1.0554657,0.4178338050842285,0.8932135701179504,0.12472494691610336
YDL102W,YDR400W,0,-1.0560437,0.4176388382911682,0.8932135701179504,0.12482496351003647
YMR258C,YLR151C,0,-1.0563555,0.41744402050971985,0.8932135701179504,0.12492498755455017
YNR015W,YGR134W,0,-1.0571394,0.4172494113445282,0.8932135701179504,0.12502500414848328
YHR057C,YGR135W,0,-1.0572748,0.4170549809932709,0.8932135701179504,0.12512502074241638
YBR262C,YHR053C,0,-1.058219,0.4168607294559479,0.8932135701179504,0.12522505223751068
YJL177W,YOR110W,0,-1.0597221,0.4166666567325592,0.8932135701179504,0.1253250688314438
YCR058C,YGR072W,0,-1.0618563,0.41647279262542725,0.8932135701179504,0.1254250854253769
YNL188W,YLL022C,0,-1.0619327,0.4162790775299072,0.8932135701179504,0.12552510201931
YLR066W,YKL127W,0,-1.0624328,0.41608554124832153,0.8932135701179504,0.1256251186132431
YJR133W,YLR229C,0,-1.0624726,0.41589218378067017,0.8932135701179504,0.1257251501083374
YNL010W,YER165W,0,-1.0627913,0.4156990349292755,0.8932135701179504,0.1258251667022705
YCR072C,YGR099W,0,-1.0629798,0.4155060350894928,0.8932135701179504,0.1259251832962036
YGR030C,YKL028W,0,-1.0657306,0.4153132140636444,0.8932135701179504,0.12602519989013672
YLR154C,YGL094C,0,-1.0667574,0.41512060165405273,0.8932135701179504,0.12612523138523102
YPL240C,YBL071W-A,0,-1.0676389,0.414928138256073,0.8932135701179504,0.12622524797916412
YKL186C,YGR218W,1,-1.068625,0.41519924998283386,0.8942115902900696,0.12622524797916412
YHR088W,YAL007C,0,-1.068933,0.41500693559646606,0.8942115902900696,0.12632526457309723
YMR040W,YCR012W,0,-1.0698565,0.4148148000240326,0.8942115902900696,0.12642528116703033
YPL256C,YOR243C,0,-1.0699613,0.41462287306785583,0.8942115902900696,0.12652529776096344
YJL012C,YOR307C,0,-1.0704314,0.414431095123291,0.8942115902900696,0.12662532925605774
YDR288W,YJL122W,0,-1.0712876,0.4142394959926605,0.8942115902900696,0.12672534584999084
YGR218W,YPL169C,1,-1.0721676,0.41451016068458557,0.8952096104621887,0.12672534584999084
YER170W,YDR519W,0,-1.0730817,0.414318710565567,0.8952096104621887,0.12682536244392395
YNL178W,YJL110C,0,-1.0732496,0.4141274094581604,0.8952096104621887,0.12692537903785706
YIL162W,YBL064C,0,-1.0732611,0.4139363169670105,0.8952096104621887,0.12702541053295135
YLR110C,YKL007W,0,-1.0736384,0.41374537348747253,0.8952096104621887,0.12712542712688446
YOR396W,YGL065C,0,-1.0742078,0.4135546386241913,0.8952096104621887,0.12722544372081757
YNL178W,YER125W,1,-1.074873,0.4138248860836029,0.8962075710296631,0.12722544372081757
YER019C-A,YDL002C,0,-1.0753359,0.4136342704296112,0.8962075710296631,0.12732546031475067
YLR466W,YGR014W,0,-1.0755739,0.41344383358955383,0.8962075710296631,0.12742549180984497
YMR155W,YMR110C,0,-1.0771544,0.4132535755634308,0.8962075710296631,0.12752550840377808
YGL104C,YER023W,0,-1.0776376,0.4130634665489197,0.8962075710296631,0.12762552499771118
YIR026C,YML017W,0,-1.0783068,0.4128735661506653,0.8962075710296631,0.1277255415916443
YCR057C,YML005W,0,-1.0787356,0.4126838147640228,0.8962075710296631,0.1278255581855774
YOR176W,YPL031C,0,-1.0788422,0.4124942719936371,0.8962075710296631,0.1279255896806717
YJL096W,YMR318C,0,-1.0796959,0.4123048782348633,0.8962075710296631,0.1280256062746048
YDR495C,YOR133W,0,-1.0801263,0.4121156632900238,0.8962075710296631,0.1281256228685379
YLR185W,YGL009C,0,-1.0801765,0.41192659735679626,0.8962075710296631,0.128225639462471
YNL233W,YGR061C,0,-1.0804194,0.41173774003982544,0.8962075710296631,0.1283256709575653
YDL185W,YGL253W,0,-1.0809621,0.41154903173446655,0.8962075710296631,0.1284256875514984
YGL141W,YOR176W,0,-1.0810845,0.411360502243042,0.8962075710296631,0.12852570414543152
YCR031C,YOL042W,0,-1.0816659,0.41117215156555176,0.8962075710296631,0.12862572073936462
YNL182C,YPR037C,0,-1.0825467,0.41098397970199585,0.8962075710296631,0.12872575223445892
YER057C,YOR079C,0,-1.0827367,0.41079598665237427,0.8962075710296631,0.12882576882839203
YGR189C,YBR288C,0,-1.083208,0.4106081426143646,0.8962075710296631,0.12892578542232513
YMR047C,YGR081C,1,-1.0834305,0.410877525806427,0.8972055912017822,0.12892578542232513
YLR154C,YPR102C,0,-1.0840621,0.4106898009777069,0.8972055912017822,0.12902580201625824
YDR462W,YLR441C,0,-1.0842664,0.41050228476524353,0.8972055912017822,0.12912581861019135
YER056C,YHR115C,0,-1.0858003,0.4103149175643921,0.8972055912017822,0.12922585010528564
YHL024W,YIL099W,0,-1.0876642,0.410127729177475,0.8972055912017822,0.12932586669921875
YMR080C,YLL038C,0,-1.0879366,0.4099407196044922,0.8972055912017822,0.12942588329315186
YML058W,YDR084C,0,-1.0882752,0.4097538888454437,0.8972055912017822,0.12952589988708496
YJR073C,YOR275C,0,-1.0889504,0.4095672070980072,0.8972055912017822,0.12962593138217926
YGR024C,YGL105W,0,-1.0891356,0.409380704164505,0.8972055912017822,0.12972594797611237
YDL229W,YOR098C,1,-1.0891702,0.409649521112442,0.8982036113739014,0.12972594797611237
YPL196W,YJL221C,0,-1.0893518,0.40946313738822937,0.8982036113739014,0.12982596457004547
YGL013C,YOR027W,0,-1.0896882,0.40927693247795105,0.8982036113739014,0.12992598116397858
YDR033W,YNL312W,0,-1.0905957,0.40909090638160706,0.8982036113739014,0.13002599775791168
YGR208W,YPL028W,0,-1.0931933,0.408905029296875,0.8982036113739014,0.13012602925300598
YOR145C,YOR185C,1,-1.0937043,0.40917348861694336,0.8992015719413757,0.13012602925300598
YER043C,YNL243W,0,-1.0938945,0.40898773074150085,0.8992015719413757,0.1302260458469391
YIL162W,YJL154C,0,-1.09453,0.40880218148231506,0.8992015719413757,0.1303260624408722
YML067C,YOR043W,0,-1.0958003,0.4086167812347412,0.8992015719413757,0.1304260790348053
YDR170C,YKL155C,0,-1.0958377,0.4084315598011017,0.8992015719413757,0.1305261105298996
YMR041C,YHL035C,0,-1.0960997,0.4082464873790741,0.8992015719413757,0.1306261271238327
YDL136W,YNL161W,0,-1.0962641,0.40806159377098083,0.8992015719413757,0.1307261437177658
YPL187W,YLR466W,0,-1.0965343,0.4078768789768219,0.8992015719413757,0.1308261603116989
YBL031W,YGR283C,0,-1.0970159,0.4076923131942749,0.8992015719413757,0.1309261918067932
YNL188W,YKR036C,0,-1.0973408,0.40750792622566223,0.8992015719413757,0.13102620840072632
YDL102W,YHR205W,0,-1.0974066,0.4073236882686615,0.8992015719413757,0.13112622499465942
YLR116W,YNR027W,0,-1.0975516,0.4071396291255951,0.8992015719413757,0.13122624158859253
YKL096W-A,YMR041C,0,-1.0976269,0.406955748796463,0.8992015719413757,0.13132625818252563
YER029C,YLR309C,0,-1.0979877,0.40677201747894287,0.8992015719413757,0.13142628967761993
YHR012W,YMR290C,0,-1.0983148,0.40658843517303467,0.8992015719413757,0.13152630627155304
YIL169C,YLL025W,0,-1.098399,0.4064050614833832,0.8992015719413757,0.13162632286548615
YLR291C,YOR307C,0,-1.0990431,0.40622180700302124,0.8992015719413757,0.13172633945941925
YPR138C,YJL143W,0,-1.0992241,0.406038761138916,0.8992015719413757,0.13182637095451355
YHR031C,YJR097W,0,-1.1001267,0.40585586428642273,0.8992015719413757,0.13192638754844666
YOR396W,YJL141C,0,-1.1003873,0.4056731164455414,0.8992015719413757,0.13202640414237976
YBL071W-A,YKL212W,0,-1.1012676,0.40549054741859436,0.8992015719413757,0.13212642073631287
YOR226C,YER025W,0,-1.1022458,0.4053081274032593,0.8992015719413757,0.13222645223140717
YML056C,YOR136W,0,-1.1025399,0.4051258862018585,0.8992015719413757,0.13232646882534027
YMR131C,YER013W,0,-1.1037229,0.4049438238143921,0.8992015719413757,0.13242648541927338
YFL048C,YJL050W,0,-1.1043637,0.4047619104385376,0.8992015719413757,0.13252650201320648
YDR405W,YOL041C,0,-1.1051055,0.40458014607429504,0.8992015719413757,0.1326265186071396
YMR316W,YML005W,0,-1.1051854,0.4043985605239868,0.8992015719413757,0.1327265501022339
YMR235C,YER125W,1,-1.1052108,0.4046657681465149,0.9001995921134949,0.1327265501022339
YOL071W,YER142C,0,-1.1060674,0.4044843018054962,0.9001995921134949,0.132826566696167
YLL015W,YEL026W,0,-1.1077073,0.40430301427841187,0.9001995921134949,0.1329265832901001
YOL012C,YCR075C,0,-1.1078252,0.40412187576293945,0.9001995921134949,0.1330265998840332
YDL067C,YOL122C,0,-1.1086674,0.403940886259079,0.9001995921134949,0.1331266313791275
YDL065C,YPL126W,0,-1.1094398,0.40376007556915283,0.9001995921134949,0.1332266479730606
YLR239C,YMR098C,0,-1.1099836,0.4035794138908386,0.9001995921134949,0.1333266645669937
YBR162C,YNL182C,0,-1.1105758,0.40339893102645874,0.9001995921134949,0.13342668116092682
YGR282C,YDL184C,0,-1.1106727,0.4032185971736908,0.9001995921134949,0.13352671265602112
YJL159W,YAL005C,0,-1.1108294,0.4030384123325348,0.9001995921134949,0.13362672924995422
YJR042W,YOR098C,1,-1.110976,0.4033050537109375,0.901197612285614,0.13362672924995422
YJR045C,YBL087C,0,-1.1112027,0.40312498807907104,0.901197612285614,0.13372674584388733
YFL021W,YOR389W,0,-1.1113892,0.4029451012611389,0.901197612285614,0.13382676243782043
YEL012W,YCR012W,0,-1.1119361,0.4027653932571411,0.901197612285614,0.13392677903175354
YOR226C,YBR288C,0,-1.1130966,0.40258583426475525,0.901197612285614,0.13402681052684784
YOR315W,YLR243W,0,-1.1137273,0.4024064242839813,0.901197612285614,0.13412682712078094
YNL219C,YNL182C,0,-1.1142973,0.40222716331481934,0.901197612285614,0.13422684371471405
YDR298C,YIL124W,0,-1.114302,0.4020480811595917,0.901197612285614,0.13432686030864716
YOR278W,YCL043C,0,-1.1147001,0.40186914801597595,0.901197612285614,0.13442689180374146
YER087C-B,YLR078C,0,-1.1147785,0.40169039368629456,0.901197612285614,0.13452690839767456
YKL077W,YCR043C,0,-1.1155524,0.4015117883682251,0.901197612285614,0.13462692499160767
YMR322C,YLR219W,0,-1.1159346,0.4013333320617676,0.901197612285614,0.13472694158554077
YMR307W,YGR007W,0,-1.1161101,0.4011550545692444,0.901197612285614,0.13482695817947388
YJL200C,YPR100W,0,-1.1162097,0.40097689628601074,0.901197612285614,0.13492698967456818
YPL196W,YOL055C,0,-1.1171318,0.4007989466190338,0.901197612285614,0.13502700626850128
YER170W,YNR019W,0,-1.1172128,0.40062111616134644,0.901197612285614,0.1351270228624344
YMR020W,YHL002W,0,-1.1179812,0.4004434645175934,0.901197612285614,0.1352270394563675
YNL095C,YDR419W,0,-1.1181335,0.40026596188545227,0.901197612285614,0.1353270709514618
YDR257C,YOR087W,0,-1.1183956,0.4000886082649231,0.901197612285614,0.1354270875453949
YHR143W-A,YJL116C,0,-1.1187578,0.39991143345832825,0.901197612285614,0.135527104139328
YOL084W,YCL040W,0,-1.1192261,0.39973440766334534,0.901197612285614,0.1356271207332611
YGL253W,YLR427W,0,-1.1193807,0.39955753087997437,0.901197612285614,0.1357271522283554
YMR307W,YDR308C,0,-1.1201602,0.39938080310821533,0.901197612285614,0.1358271688222885
YCR042C,YML056C,0,-1.1203582,0.3992042541503906,0.901197612285614,0.13592718541622162
YMR233W,YLR309C,0,-1.1211381,0.39902782440185547,0.901197612285614,0.13602720201015472
YOR104W,YML123C,0,-1.1217186,0.398851603269577,0.901197612285614,0.13612721860408783
YPL123C,YOR383C,0,-1.1219656,0.39867550134658813,0.901197612285614,0.13622725009918213
YBR092C,YIL127C,0,-1.1231797,0.3984995484352112,0.901197612285614,0.13632726669311523
YDL184C,YNL249C,0,-1.1245396,0.39832377433776855,0.901197612285614,0.13642728328704834
YKL087C,YOR101W,0,-1.1246959,0.39814814925193787,0.901197612285614,0.13652729988098145
YPL283C,YFL041W,0,-1.1251013,0.3979726731777191,0.901197612285614,0.13662733137607574
YDL022W,YDR481C,0,-1.1251717,0.3977973461151123,0.901197612285614,0.13672734797000885
YDL065C,YCR043C,0,-1.1252332,0.3976221978664398,0.901197612285614,0.13682736456394196
YLR061W,YMR100W,0,-1.1255465,0.3974471688270569,0.901197612285614,0.13692738115787506
YMR073C,YOL051W,0,-1.1258919,0.3972723186016083,0.901197612285614,0.13702741265296936
YDR175C,YDL212W,0,-1.1268632,0.3970976173877716,0.901197612285614,0.13712742924690247
YGL135W,YOR185C,1,-1.1287291,0.3973626494407654,0.9021956324577332,0.13712742924690247
YLR110C,YJL052W,0,-1.1290064,0.3971880376338959,0.9021956324577332,0.13722744584083557
YJR117W,YER074W-A,0,-1.1291943,0.3970136046409607,0.9021956324577332,0.13732746243476868
YOR240W,YMR146C,0,-1.1298827,0.39683932065963745,0.9021956324577332,0.13742747902870178
YHR182W,YDL201W,0,-1.1301063,0.39666521549224854,0.9021956324577332,0.13752751052379608
YBR242W,YER055C,0,-1.1307471,0.39649122953414917,0.9021956324577332,0.1376275271177292
YJL012C,YOR198C,0,-1.1308452,0.39631739258766174,0.9021956324577332,0.1377275437116623
YJL042W,YOR290C,0,-1.1320893,0.39614373445510864,0.9021956324577332,0.1378275603055954
YNL268W,YLR291C,0,-1.1322789,0.3959702253341675,0.9021956324577332,0.1379275918006897
YDL217C,YDR245W,0,-1.132316,0.39579683542251587,0.9021956324577332,0.1380276083946228
YKR035W-A,YIL142W,0,-1.1324235,0.3956236243247986,0.9021956324577332,0.1381276249885559
YDR258C,YBL080C,0,-1.1324372,0.39545056223869324,0.9021956324577332,0.138227641582489
YLR106C,YOR185C,1,-1.1328231,0.3957149088382721,0.9031935930252075,0.138227641582489
YBR156C,YLR130C,0,-1.1330693,0.3955419659614563,0.9031935930252075,0.13832765817642212
YOR391C,YDR529C,0,-1.1331939,0.39536914229393005,0.9031935930252075,0.13842768967151642
YOL077W-A,YGR068C,0,-1.1338056,0.39519649744033813,0.9031935930252075,0.13852770626544952
YLR348C,YOR145C,0,-1.1342891,0.39502400159835815,0.9031935930252075,0.13862772285938263
YGL038C,YHR117W,0,-1.1353998,0.3948516547679901,0.9031935930252075,0.13872773945331573
YER043C,YGR221C,0,-1.135651,0.394679456949234,0.9031935930252075,0.13882777094841003
YPR191W,YDL217C,0,-1.1361995,0.39450740814208984,0.9031935930252075,0.13892778754234314
YDR140W,YOL149W,0,-1.1364598,0.3943355083465576,0.9031935930252075,0.13902780413627625
YER055C,YMR216C,0,-1.1369271,0.39416375756263733,0.9031935930252075,0.13912782073020935
YIL018W,YGL255W,0,-1.137634,0.393992155790329,0.9031935930252075,0.13922785222530365
YHL019C,YCL044C,0,-1.1382567,0.39382070302963257,0.9031935930252075,0.13932786881923676
YPR138C,YOR250C,0,-1.1385705,0.3936493992805481,0.9031935930252075,0.13942788541316986
YMR270C,YOR123C,0,-1.1387025,0.39347827434539795,0.9031935930252075,0.13952790200710297
YDL190C,YER074W,0,-1.1391542,0.39330726861953735,0.9031935930252075,0.13962791860103607
YDR375C,YOL122C,0,-1.1395952,0.3931364119052887,0.9031935930252075,0.13972795009613037
YGL030W,YNL041C,0,-1.1398871,0.392965704202652,0.9031935930252075,0.13982796669006348
YER006W,YOR185C,1,-1.1404021,0.3932291567325592,0.9041916131973267,0.13982796669006348
YNL261W,YOR201C,0,-1.140547,0.39305856823921204,0.9041916131973267,0.13992798328399658
YHR066W,YOR150W,0,-1.1408751,0.3928881287574768,0.9041916131973267,0.1400279998779297
YOL077C,YNL161W,0,-1.1414088,0.39271780848503113,0.9041916131973267,0.140128031373024
YBR162W-A,YLR010C,0,-1.141789,0.3925476670265198,0.9041916131973267,0.1402280479669571
YJL061W,YER125W,1,-1.1420166,0.39281073212623596,0.9051896333694458,0.1402280479669571
YLR441C,YHR047C,0,-1.1422602,0.3926406800746918,0.9051896333694458,0.1403280645608902
YBL022C,YLR337C,0,-1.1428615,0.3924707770347595,0.9051896333694458,0.1404280811548233
YOL071W,YCR091W,0,-1.1429133,0.3923010528087616,0.9051896333694458,0.1405281126499176
YER089C,YHR047C,0,-1.1432498,0.39213141798973083,0.9051896333694458,0.1406281292438507
YPL273W,YIR002C,0,-1.143278,0.3919619619846344,0.9051896333694458,0.1407281458377838
YJL050W,YLR078C,0,-1.1434071,0.3917926549911499,0.9051896333694458,0.14082816243171692
YGR102C,YDL065C,0,-1.143717,0.39162349700927734,0.9051896333694458,0.14092817902565002
YER154W,YJL143W,0,-1.143935,0.39145445823669434,0.9051896333694458,0.14102821052074432
YJL044C,YML075C,0,-1.1440179,0.39128559827804565,0.9051896333694458,0.14112822711467743
YLR239C,YLR106C,0,-1.1443928,0.3911168575286865,0.9051896333694458,0.14122824370861053
YOR080W,YOR129C,0,-1.1447989,0.39094826579093933,0.9051896333694458,0.14132826030254364
YML016C,YPR194C,0,-1.1451449,0.3907798230648041,0.9051896333694458,0.14142829179763794
YHR128W,YBR218C,0,-1.1459615,0.39061152935028076,0.9051896333694458,0.14152830839157104
YBR092C,YHR205W,0,-1.1470706,0.3904433846473694,0.9051896333694458,0.14162832498550415
YMR233W,YER164W,0,-1.1474987,0.39027538895606995,0.9051896333694458,0.14172834157943726
YGR243W,YJR085C,0,-1.1478827,0.39010751247406006,0.9051896333694458,0.14182837307453156
YKL034W,YOR065W,0,-1.1478937,0.3899398148059845,0.9051896333694458,0.14192838966846466
YJL187C,YDL184C,0,-1.1480732,0.3897722363471985,0.9051896333694458,0.14202840626239777
YHR110W,YJL079C,0,-1.1484685,0.3896048069000244,0.9051896333694458,0.14212842285633087
YKL096W-A,YOR145C,0,-1.1489415,0.3894375264644623,0.9051896333694458,0.14222843945026398
YER174C,YOR278W,0,-1.1489829,0.3892703950405121,0.9051896333694458,0.14232847094535828
YKR036C,YDL177C,0,-1.1494037,0.38910338282585144,0.9051896333694458,0.14242848753929138
YML065W,YDR156W,0,-1.1497183,0.3889365494251251,0.9051896333694458,0.1425285041332245
YPR098C,YHL024W,0,-1.1501148,0.38876983523368835,0.9051896333694458,0.1426285207271576
YMR233W,YBL028C,0,-1.1502571,0.3886032700538635,0.9051896333694458,0.1427285522222519
YLR295C,YHL024W,0,-1.1506901,0.38843682408332825,0.9051896333694458,0.142828568816185
YIL068C,YCR094W,0,-1.15168,0.3882705569267273,0.9051896333694458,0.1429285854101181
YJL053W,YKL170W,0,-1.1528397,0.3881044089794159,0.9051896333694458,0.1430286020040512
YNL227C,YGR218W,1,-1.1528468,0.38836613297462463,0.9061876535415649,0.1430286020040512
YJL108C,YJL222W,0,-1.1532422,0.3882000744342804,0.9061876535415649,0.14312861859798431
YNL252C,YMR235C,0,-1.1533353,0.3880341947078705,0.9061876535415649,0.1432286500930786
YPL081W,YDR529C,0,-1.1540303,0.3878684341907501,0.9061876535415649,0.14332866668701172
YDR033W,YJL141C,0,-1.1547626,0.3877028226852417,0.9061876535415649,0.14342868328094482
YPR194C,YCR079W,0,-1.1548417,0.3875373303890228,0.9061876535415649,0.14352869987487793
YMR318C,YDR469W,0,-1.1557007,0.3873720169067383,0.9061876535415649,0.14362873136997223
YKL057C,YER125W,1,-1.1557219,0.3876332640647888,0.9071856141090393,0.14362873136997223
YMR142C,YMR273C,0,-1.1568527,0.38746803998947144,0.9071856141090393,0.14372874796390533
YEL009C,YJL079C,0,-1.1572764,0.3873029351234436,0.9071856141090393,0.14382876455783844
YPR191W,YBR114W,0,-1.157644,0.3871379792690277,0.9071856141090393,0.14392878115177155
YFL054C,YDR001C,0,-1.1576637,0.38697317242622375,0.9071856141090393,0.14402881264686584
YLR061W,YER063W,0,-1.1582894,0.38680851459503174,0.9071856141090393,0.14412882924079895
YMR042W,YOL052C,0,-1.1586025,0.3866439759731293,0.9071856141090393,0.14422884583473206
YOR357C,YBR142W,0,-1.1589751,0.38647958636283875,0.9071856141090393,0.14432886242866516
YGR195W,YPL240C,0,-1.1590332,0.38631534576416016,0.9071856141090393,0.14442887902259827
YGL172W,YKL057C,1,-1.1596547,0.3865760266780853,0.9081836342811584,0.14442887902259827
YJR097W,YOR307C,0,-1.1612333,0.3864118754863739,0.9081836342811584,0.14452891051769257
YDR155C,YGL006W,0,-1.1614494,0.3862478733062744,0.9081836342811584,0.14462892711162567
YHR031C,YBR029C,0,-1.1620221,0.3860839903354645,0.9081836342811584,0.14472894370555878
YKL103C,YGL141W,0,-1.1624459,0.38592028617858887,0.9081836342811584,0.14482896029949188
YGR234W,YJL198W,0,-1.1628745,0.3857566714286804,0.9081836342811584,0.14492899179458618
YOR246C,YNL072W,0,-1.1631044,0.3855932056903839,0.9081836342811584,0.1450290083885193
YCR091W,YNL098C,0,-1.1633384,0.38542988896369934,0.9081836342811584,0.1451290249824524
YKL186C,YMR047C,1,-1.1639469,0.3856900930404663,0.9091816544532776,0.1451290249824524
YLR056W,YPR144C,0,-1.1640872,0.3855268657207489,0.9091816544532776,0.1452290415763855
YGL255W,YOL122C,0,-1.1648424,0.38536378741264343,0.9091816544532776,0.1453290730714798
YER125W,YLR293C,1,-1.1655444,0.3856236934661865,0.910179615020752,0.1453290730714798
YOR396W,YLR441C,0,-1.1656246,0.3854607045650482,0.910179615020752,0.1454290896654129
YDR334W,YGR004W,0,-1.1663171,0.38529783487319946,0.910179615020752,0.145529106259346
YOR295W,YLR287C,0,-1.1663872,0.38513514399528503,0.910179615020752,0.1456291228532791
YGR218W,YKL057C,1,-1.1666038,0.3853946924209595,0.9111776351928711,0.1456291228532791
YDR238C,YHR120W,0,-1.1666647,0.3852320611476898,0.9111776351928711,0.14572913944721222
YOR080W,YIL004C,0,-1.1666946,0.3850695788860321,0.9111776351928711,0.14582917094230652
YER039C,YHR087W,0,-1.167354,0.38490724563598633,0.9111776351928711,0.14592918753623962
YBL071W-A,YDR021W,0,-1.1677132,0.3847450613975525,0.9111776351928711,0.14602920413017273
YKL016C,YAR027W,0,-1.1680229,0.3845829963684082,0.9111776351928711,0.14612922072410583
YHR154W,YKL003C,0,-1.1681526,0.38442105054855347,0.9111776351928711,0.14622925221920013
YER050C,YOL032W,0,-1.168836,0.38425925374031067,0.9111776351928711,0.14632926881313324
YLR066W,YBL054W,0,-1.1689627,0.3840976059436798,0.9111776351928711,0.14642928540706635
YJL200C,YOR077W,0,-1.1691098,0.3839360773563385,0.9111776351928711,0.14652930200099945
YGL141W,YJR077C,0,-1.1693864,0.38377469778060913,0.9111776351928711,0.14662931859493256
YPL030W,YAL024C,0,-1.1695888,0.3836134374141693,0.9111776351928711,0.14672935009002686
YMR219W,YCR039C,0,-1.1701436,0.38345232605934143,0.9111776351928711,0.14682936668395996
YKL059C,YFR051C,0,-1.1702882,0.3832913637161255,0.9111776351928711,0.14692938327789307
YMR231W,YBR074W,0,-1.1702924,0.3831305205821991,0.9111776351928711,0.14702939987182617
YDR033W,YKL007W,0,-1.1705762,0.38296979665756226,0.9111776351928711,0.14712943136692047
YCR075C,YNL339C,0,-1.1705949,0.38280922174453735,0.9111776351928711,0.14722944796085358
YAL043C,YHR115C,0,-1.1705992,0.3826487958431244,0.9111776351928711,0.14732946455478668
YPL189W,YOL077C,0,-1.1708249,0.382488489151001,0.9111776351928711,0.1474294811487198
YDL065C,YOR123C,0,-1.1720618,0.3823283016681671,0.9111776351928711,0.1475295126438141
YKL016C,YLR158C,0,-1.1723573,0.3821682631969452,0.9111776351928711,0.1476295292377472
YMR316W,YGL038C,0,-1.1729124,0.3820083737373352,0.9111776351928711,0.1477295458316803
YCR075C,YJR085C,0,-1.1731251,0.38184860348701477,0.9111776351928711,0.1478295624256134
YGR053C,YMR315W,0,-1.1731853,0.3816889524459839,0.9111776351928711,0.1479295790195465
YBR070C,YNL182C,0,-1.1732526,0.38152945041656494,0.9111776351928711,0.1480296105146408
YJL074C,YLR405W,0,-1.1732621,0.38137009739875793,0.9111776351928711,0.1481296271085739
YOR292C,YMR155W,0,-1.1733413,0.3812108635902405,0.9111776351928711,0.14822964370250702
YOR198C,YOR079C,0,-1.174628,0.3810517489910126,0.9111776351928711,0.14832966029644012
YHR055C,YPL176C,0,-1.1753243,0.3808927834033966,0.9111776351928711,0.14842969179153442
YGL124C,YLR058C,0,-1.1753647,0.3807339370250702,0.9111776351928711,0.14852970838546753
YJL041W,YPL058C,0,-1.1767145,0.3805752396583557,0.9111776351928711,0.14862972497940063
YDL208W,YML130C,0,-1.1767617,0.3804166615009308,0.9111776351928711,0.14872974157333374
YDL171C,YHR115C,0,-1.176977,0.3802582323551178,0.9111776351928711,0.14882977306842804
YPL137C,YOR303W,0,-1.1771971,0.38009992241859436,0.9111776351928711,0.14892978966236115
YKL096W-A,YPR151C,0,-1.1780976,0.3799417316913605,0.9111776351928711,0.14902980625629425
YHR066W,YBL084C,0,-1.178118,0.3797836899757385,0.9111776351928711,0.14912982285022736
YPL241C,YPR043W,0,-1.1782317,0.37962576746940613,0.9111776351928711,0.14922983944416046
YDR419W,YBR175W,0,-1.1785648,0.37946799397468567,0.9111776351928711,0.14932987093925476
YDL084W,YKR044W,0,-1.1791141,0.37931033968925476,0.9111776351928711,0.14942988753318787
YKL103C,YOR389W,0,-1.1791818,0.3791528344154358,0.9111776351928711,0.14952990412712097
YDR427W,YDL190C,0,-1.1793447,0.37899544835090637,0.9111776351928711,0.14962992072105408
YKL212W,YOR355W,0,-1.1806988,0.3788381814956665,0.9111776351928711,0.14972995221614838
YML065W,YOL052C,0,-1.1811073,0.3786810338497162,0.9111776351928711,0.14982996881008148
YNL098C,YKL003C,0,-1.1813769,0.3785240352153778,0.9111776351928711,0.1499299854040146
YGR135W,YMR012W,0,-1.1814958,0.37836718559265137,0.9111776351928711,0.1500300019979477
YOR098C,YLR106C,1,-1.1817875,0.37862467765808105,0.9121756553649902,0.1500300019979477
YNL095C,YIL014W,0,-1.1819103,0.3784679174423218,0.9121756553649902,0.1501300185918808
YDR515W,YNL113W,0,-1.1819954,0.37831124663352966,0.9121756553649902,0.1502300500869751
YJL012C,YOL054W,0,-1.182296,0.3781547248363495,0.9121756553649902,0.1503300666809082
YOR293W,YMR273C,0,-1.182384,0.37799835205078125,0.9121756553649902,0.1504300832748413
YKL057C,YFR002W,1,-1.1825047,0.3782554864883423,0.9131736755371094,0.1504300832748413
YLR466W,YJR127C,0,-1.1831074,0.3780991733074188,0.9131736755371094,0.15053009986877441
YBR255W,YOL077W-A,0,-1.183211,0.3779430091381073,0.9131736755371094,0.1506301313638687
YGL097W,YIL115C,1,-1.1832274,0.37819984555244446,0.9141716361045837,0.1506301313638687
YER170W,YER043C,0,-1.1836919,0.3780437409877777,0.9141716361045837,0.15073014795780182
YMR184W,YLR297W,0,-1.1837275,0.3778877854347229,0.9141716361045837,0.15083016455173492
YHR191C,YML093W,0,-1.1846733,0.37773194909095764,0.9141716361045837,0.15093018114566803
YBL085W,YOL056W,0,-1.1849989,0.3775762617588043,0.9141716361045837,0.15103021264076233
YMR214W,YER056C,0,-1.185308,0.37742069363594055,0.9141716361045837,0.15113022923469543
YPR169W,YLR058C,0,-1.1858304,0.37726524472236633,0.9141716361045837,0.15123024582862854
YDR405W,YGL105W,0,-1.1858724,0.37710991501808167,0.9141716361045837,0.15133026242256165
YGR132C,YGR243W,0,-1.1859617,0.37695473432540894,0.9141716361045837,0.15143027901649475
YFL021W,YBR093C,0,-1.1867192,0.37679967284202576,0.9141716361045837,0.15153031051158905
YJL001W,YDR343C,0,-1.1870728,0.37664473056793213,0.9141716361045837,0.15163032710552216
YDR105C,YPL058C,0,-1.187534,0.37648993730545044,0.9141716361045837,0.15173034369945526
YOR396W,YPL123C,0,-1.1875436,0.3763352632522583,0.9141716361045837,0.15183036029338837
YGR093W,YML102W,0,-1.1876796,0.3761807084083557,0.9141716361045837,0.15193039178848267
YBR078W,YBR142W,0,-1.1883351,0.3760262727737427,0.9141716361045837,0.15203040838241577
YGR218W,YLR074C,1,-1.1888869,0.37628230452537537,0.9151696562767029,0.15203040838241577
YDR462W,YJR065C,0,-1.1905553,0.3761279881000519,0.9151696562767029,0.15213042497634888
YMR323W,YDR435C,0,-1.1905861,0.37597376108169556,0.9151696562767029,0.15223044157028198
YMR194W,YLR457C,0,-1.1908196,0.37581968307495117,0.9151696562767029,0.15233047306537628
YGR279C,YJL079C,0,-1.1916542,0.37566572427749634,0.9151696562767029,0.1524304896593094
YGL021W,YKR081C,0,-1.192167,0.37551188468933105,0.9151696562767029,0.1525305062532425
YER113C,YBL028C,0,-1.1936493,0.3753581643104553,0.9151696562767029,0.1526305228471756
YLR268W,YDR092W,0,-1.1936555,0.37520459294319153,0.9151696562767029,0.1527305394411087
YOL094C,YDR469W,0,-1.194325,0.3750511109828949,0.9151696562767029,0.152830570936203
YKL186C,YKL057C,1,-1.1947665,0.375306636095047,0.916167676448822,0.152830570936203
YGL009C,YLR390W-A,0,-1.1953924,0.37515324354171753,0.916167676448822,0.1529305875301361
YPL099C,YHR057C,0,-1.1965104,0.375,0.916167676448822,0.1530306041240692
YIL073C,YER056C,0,-1.1965883,0.374846875667572,0.916167676448822,0.15313062071800232
YER050C,YPL072W,0,-1.1966006,0.3746938705444336,0.916167676448822,0.15323065221309662
YNL200C,YMR027W,0,-1.1969389,0.3745410144329071,0.916167676448822,0.15333066880702972
YBR162W-A,YNL314W,0,-1.1976007,0.3743882477283478,0.916167676448822,0.15343068540096283
YEL024W,YLR369W,0,-1.1977665,0.3742356300354004,0.916167676448822,0.15353070199489594
YOL052C-A,YLL016W,0,-1.1981629,0.37408313155174255,0.916167676448822,0.15363073348999023
YER064C,YOR243C,0,-1.1981635,0.37393075227737427,0.916167676448822,0.15373075008392334
YML055W,YOR307C,0,-1.1984478,0.37377849221229553,0.916167676448822,0.15383076667785645
YMR318C,YPL103C,0,-1.198775,0.37362638115882874,0.916167676448822,0.15393078327178955
YHL020C,YHR027C,0,-1.1989739,0.3734743595123291,0.916167676448822,0.15403079986572266
YHR182W,YJL198W,0,-1.1996711,0.3733224868774414,0.916167676448822,0.15413083136081696
YPR097W,YDL201W,0,-1.2000275,0.37317073345184326,0.916167676448822,0.15423084795475006
YOR150W,YGR279C,0,-1.2005299,0.37301909923553467,0.916167676448822,0.15433086454868317
YDR339C,YFL009W,0,-1.2005492,0.3728675842285156,0.916167676448822,0.15443088114261627
YKL110C,YPL137C,0,-1.200603,0.37271618843078613,0.916167676448822,0.15453091263771057
YFL021W,YPR160W,0,-1.2009012,0.3725649416446686,0.916167676448822,0.15463092923164368
YMR131C,YGL021W,0,-1.20093,0.3724137842655182,0.916167676448822,0.15473094582557678
YDL237W,YHL021C,0,-1.2011,0.37226277589797974,0.916167676448822,0.1548309624195099
YOR185C,YER036C,1,-1.2011881,0.3725172281265259,0.9171656966209412,0.1548309624195099
YDR140W,YDR469W,0,-1.2012447,0.3723662793636322,0.9171656966209412,0.154930979013443
YFL009W,YLR130C,0,-1.2013568,0.37221547961235046,0.9171656966209412,0.1550310105085373
YNL227C,YJR032W,0,-1.2014487,0.3720647692680359,0.9171656966209412,0.1551310271024704
YMR184W,YKR035W-A,0,-1.2020761,0.37191420793533325,0.9171656966209412,0.1552310436964035
YPR005C,YHR087W,0,-1.2021511,0.37176376581192017,0.9171656966209412,0.1553310602903366
YGR104C,YKL004W,0,-1.2031944,0.37161341309547424,0.9171656966209412,0.1554310917854309
YOL041C,YGR049W,0,-1.2041131,0.37146320939064026,0.9171656966209412,0.155531108379364
YGR055W,YOL077W-A,0,-1.2050165,0.3713131248950958,0.9171656966209412,0.15563112497329712
YMR166C,YJR077C,0,-1.2052,0.37116315960884094,0.9171656966209412,0.15573114156723022
YDL084W,YBL071W-A,0,-1.2054416,0.3710133135318756,0.9171656966209412,0.15583117306232452
YMR142C,YER060W-A,0,-1.206033,0.37086358666419983,0.9171656966209412,0.15593118965625763
YGR061C,YDR529C,0,-1.2075031,0.370714008808136,0.9171656966209412,0.15603120625019073
YNR037C,YJR032W,0,-1.2078403,0.3705645203590393,0.9171656966209412,0.15613122284412384
YOL043C,YMR290C,0,-1.2082531,0.3704151511192322,0.9171656966209412,0.15623123943805695
YJR117W,YHR087W,0,-1.2083194,0.3702659010887146,0.9171656966209412,0.15633127093315125
YDR084C,YDR529C,0,-1.2083526,0.37011680006980896,0.9171656966209412,0.15643128752708435
YOR090C,YKL007W,0,-1.210285,0.3699677884578705,0.9171656966209412,0.15653130412101746
YLR390W-A,YMR189W,0,-1.2102916,0.36981892585754395,0.9171656966209412,0.15663132071495056
YNL272C,YCR043C,0,-1.2112584,0.36967015266418457,0.9171656966209412,0.15673135221004486
YDL201W,YGR221C,0,-1.2113981,0.36952149868011475,0.9171656966209412,0.15683136880397797
YHR191C,YIL027C,0,-1.2118058,0.36937299370765686,0.9171656966209412,0.15693138539791107
YOL041C,YKL012W,0,-1.2119722,0.36922457814216614,0.9171656966209412,0.15703140199184418
YPL283C,YJL003W,0,-1.2125148,0.36907631158828735,0.9171656966209412,0.15713143348693848
YLR066W,YCR094W,0,-1.2138907,0.36892813444137573,0.9171656966209412,0.15723145008087158
YKL191W,YKR002W,0,-1.214298,0.36878010630607605,0.9171656966209412,0.1573314666748047
YDL171C,YJR153W,0,-1.2155278,0.36863216757774353,0.9171656966209412,0.1574314832687378
YER165W,YPR181C,0,-1.2156594,0.36848434805870056,0.9171656966209412,0.1575314998626709
YHR110W,YMR235C,0,-1.2157289,0.36833667755126953,0.9171656966209412,0.1576315313577652
YHR074W,YPL132W,0,-1.2160249,0.36818909645080566,0.9171656966209412,0.1577315479516983
YHR120W,YBR291C,0,-1.2161169,0.36804166436195374,0.9171656966209412,0.1578315645456314
YPR082C,YDR153C,0,-1.2166018,0.36789432168006897,0.9171656966209412,0.15793158113956451
YIL095W,YPL030W,0,-1.2167835,0.36774709820747375,0.9171656966209412,0.1580316126346588
YPL084W,YMR278W,0,-1.2173531,0.3675999939441681,0.9171656966209412,0.15813162922859192
YJR033C,YHL021C,0,-1.2183024,0.367453008890152,0.9171656966209412,0.15823164582252502
YHR216W,YDL018C,0,-1.2183578,0.3673061430454254,0.9171656966209412,0.15833166241645813
YHR096C,YLR013W,0,-1.218574,0.3671593964099884,0.9171656966209412,0.15843167901039124
YDR469W,YOR201C,0,-1.2188679,0.36701276898384094,0.9171656966209412,0.15853171050548553
YMR073C,YMR184W,0,-1.2193434,0.36686626076698303,0.9171656966209412,0.15863172709941864
YBR262C,YCR075C,0,-1.21939,0.3667198717594147,0.9171656966209412,0.15873174369335175
YGL013C,YER165W,0,-1.2201216,0.36657360196113586,0.9171656966209412,0.15883176028728485
YKR030W,YGL030W,0,-1.2203392,0.3664274215698242,0.9171656966209412,0.15893179178237915
YDR091C,YER144C,0,-1.2206321,0.3662813901901245,0.9171656966209412,0.15903180837631226
YLR118C,YCR021C,0,-1.2209325,0.36613544821739197,0.9171656966209412,0.15913182497024536
YGR247W,YOR071C,0,-1.2214788,0.36598965525627136,0.9171656966209412,0.15923184156417847
YKL191W,YPL176C,0,-1.2219905,0.3658439517021179,0.9171656966209412,0.15933187305927277
YPL240C,YJR125C,0,-1.2225375,0.36569836735725403,0.9171656966209412,0.15943188965320587
YPL123C,YLR394W,0,-1.2228497,0.3655529022216797,0.9171656966209412,0.15953190624713898
YEL055C,YLR390W-A,0,-1.2233124,0.3654075562953949,0.9171656966209412,0.15963192284107208
YKL191W,YDR080W,0,-1.223376,0.36526232957839966,0.9171656966209412,0.1597319394350052
YNL145W,YOL082W,0,-1.2251326,0.3651171922683716,0.9171656966209412,0.1598319709300995
YJR124C,YCR024C-A,0,-1.2255107,0.36497220396995544,0.9171656966209412,0.1599319875240326
YBL016W,YLR056W,0,-1.2256291,0.36482730507850647,0.9171656966209412,0.1600320041179657
YDR356W,YOR234C,0,-1.2256334,0.36468252539634705,0.9171656966209412,0.1601320207118988
YOR093C,YDL088C,0,-1.2275487,0.36453789472579956,0.9171656966209412,0.1602320522069931
YER087C-B,YDR092W,0,-1.2289102,0.36439335346221924,0.9171656966209412,0.1603320688009262
YPL115C,YCR094W,0,-1.2298214,0.3642489016056061,0.9171656966209412,0.16043208539485931
YNL159C,YMR155W,0,-1.2299156,0.36410459876060486,0.9171656966209412,0.16053210198879242
YJR065C,YMR189W,0,-1.229924,0.3639603853225708,0.9171656966209412,0.16063213348388672
YDR434W,YDR021W,0,-1.2307655,0.3638163208961487,0.9171656966209412,0.16073215007781982
YBR242W,YIL009W,0,-1.230809,0.3636723458766937,0.9171656966209412,0.16083216667175293
YKL007W,YHR027C,0,-1.2311183,0.3635284900665283,0.9171656966209412,0.16093218326568604
YJL124C,YKL145W,0,-1.2311866,0.3633847236633301,0.9171656966209412,0.16103219985961914
YNL312W,YLR058C,0,-1.2312537,0.3632411062717438,0.9171656966209412,0.16113223135471344
YOR145C,YDR079W,0,-1.2329884,0.36309757828712463,0.9171656966209412,0.16123224794864655
YLR203C,YIR026C,0,-1.2333387,0.36295419931411743,0.9171656966209412,0.16133226454257965
YDR080W,YBL087C,0,-1.2336024,0.3628109097480774,0.9171656966209412,0.16143228113651276
YMR123W,YDR419W,0,-1.2346857,0.3626677095890045,0.9171656966209412,0.16153231263160706
YPL192C,YGR208W,0,-1.2349399,0.3625246584415436,0.9171656966209412,0.16163232922554016
YFR001W,YGR218W,1,-1.2353771,0.3627760112285614,0.9181636571884155,0.16163232922554016
YDR495C,YMR142C,0,-1.2356986,0.36263301968574524,0.9181636571884155,0.16173234581947327
YIL112W,YPL213W,0,-1.2359129,0.36249014735221863,0.9181636571884155,0.16183236241340637
YMR119W,YFL009W,0,-1.2361261,0.36234739422798157,0.9181636571884155,0.16193239390850067
YOL003C,YGR158C,0,-1.236623,0.36220473051071167,0.9181636571884155,0.16203241050243378
YNL001W,YOL004W,0,-1.2374648,0.3620621860027313,0.9181636571884155,0.16213242709636688
YPR097W,YLR388W,0,-1.2379388,0.3619197607040405,0.9181636571884155,0.1622324436903
YDL046W,YPR160W,0,-1.2383394,0.3617774248123169,0.9181636571884155,0.1623324602842331
YOL137W,YFR009W,0,-1.2389696,0.3616352081298828,0.9181636571884155,0.1624324917793274
YOL012C,YMR146C,0,-1.2396724,0.3614931106567383,0.9181636571884155,0.1625325083732605
YOR113W,YML007W,0,-1.2396756,0.3613511323928833,0.9181636571884155,0.1626325249671936
YJL157C,YGR227W,0,-1.2406802,0.36120927333831787,0.9181636571884155,0.1627325415611267
YNR015W,YDL236W,0,-1.2410727,0.3610675036907196,0.9181636571884155,0.162832573056221
YHL002W,YPL270W,0,-1.2411445,0.3609258532524109,0.9181636571884155,0.1629325896501541
YIL139C,YHR005C,0,-1.2415017,0.3607843220233917,0.9181636571884155,0.16303260624408722
YPL036W,YBR029C,0,-1.2416409,0.3606428802013397,0.9181636571884155,0.16313262283802032
YLR085C,YER023W,0,-1.242117,0.36050155758857727,0.9181636571884155,0.16323263943195343
YIL148W,YGL001C,0,-1.242703,0.36036035418510437,0.9181636571884155,0.16333267092704773
YFL041W,YDR175C,0,-1.2429614,0.360219269990921,0.9181636571884155,0.16343268752098083
YJR133W,YIL038C,0,-1.2432857,0.36007827520370483,0.9181636571884155,0.16353270411491394
YMR214W,YLR130C,0,-1.2437797,0.3599373996257782,0.9181636571884155,0.16363272070884705
YJL042W,YGR026W,0,-1.2439177,0.3597966432571411,0.9181636571884155,0.16373275220394135
YMR184W,YOR357C,0,-1.2441715,0.3596559762954712,0.9181636571884155,0.16383276879787445
YNL084C,YGL161C,0,-1.244693,0.3595154285430908,0.9181636571884155,0.16393278539180756
YOR017W,YBR042C,0,-1.2448679,0.359375,0.9181636571884155,0.16403280198574066
YBR288C,YOL056W,0,-1.2451798,0.35923466086387634,0.9181636571884155,0.16413283348083496
YNL194C,YCL040W,0,-1.2457511,0.3590944707393646,0.9181636571884155,0.16423285007476807
YDR376W,YER056C,0,-1.2459453,0.3589543402194977,0.9181636571884155,0.16433286666870117
YMR020W,YLR151C,0,-1.2469263,0.3588143587112427,0.9181636571884155,0.16443288326263428
YGL171W,YBR253W,0,-1.2478964,0.35867446660995483,0.9181636571884155,0.16453289985656738
YER056C,YDR419W,0,-1.2479465,0.35853469371795654,0.9181636571884155,0.16463293135166168
YGR052W,YMR278W,0,-1.2491887,0.3583950102329254,0.9181636571884155,0.1647329479455948
YLL031C,YDR021W,0,-1.2491989,0.35825544595718384,0.9181636571884155,0.1648329645395279
YMR219W,YBR241C,0,-1.249661,0.3581160008907318,0.9181636571884155,0.164932981133461
YDR152W,YPL023C,0,-1.2501204,0.35797664523124695,0.9181636571884155,0.1650330126285553
YBR218C,YIL014W,0,-1.2501285,0.35783740878105164,0.9181636571884155,0.1651330292224884
YMR322C,YIL113W,0,-1.2508607,0.3576982915401459,0.9181636571884155,0.1652330458164215
YDL065C,YFL026W,0,-1.2511677,0.3575592637062073,0.9181636571884155,0.16533306241035461
YMR119W,YOL049W,0,-1.2518907,0.3574203550815582,0.9181636571884155,0.1654330939054489
YJL133W,YER023W,0,-1.2520983,0.35728156566619873,0.9181636571884155,0.16553311049938202
YIL018W,YDR080W,0,-1.2522774,0.3571428656578064,0.9181636571884155,0.16563312709331512
YML075C,YKL185W,0,-1.2527248,0.3570042550563812,0.9181636571884155,0.16573314368724823
YJR086W,YJR047C,0,-1.2528864,0.356865793466568,0.9181636571884155,0.16583316028118134
YHR074W,YLR337C,0,-1.2530466,0.3567274212837219,0.9181636571884155,0.16593319177627563
YLR449W,YDL069C,0,-1.2537913,0.356589138507843,0.9181636571884155,0.16603320837020874
YHR128W,YGR054W,0,-1.2538803,0.35645097494125366,0.9181636571884155,0.16613322496414185
YLL018C-A,YPL273W,0,-1.2541227,0.35631293058395386,0.9181636571884155,0.16623324155807495
YDR195W,YOR039W,0,-1.2542638,0.3561749756336212,0.9181636571884155,0.16633327305316925
YJR074W,YEL034W,0,-1.254702,0.3560371398925781,0.9181636571884155,0.16643328964710236
YPR013C,YOR071C,0,-1.2551621,0.3558994233608246,0.9181636571884155,0.16653330624103546
YMR073C,YOR303W,0,-1.255208,0.3557617962360382,0.9181636571884155,0.16663332283496857
YBR062C,YLR119W,0,-1.2552164,0.3556242883205414,0.9181636571884155,0.16673333942890167
YOL077W-A,YDR434W,0,-1.2553134,0.3554868698120117,0.9181636571884155,0.16683337092399597
YKL127W,YDR400W,0,-1.255332,0.3553495705127716,0.9181636571884155,0.16693338751792908
YLR106C,YJL041W,1,-1.2555833,0.35559844970703125,0.9191616773605347,0.16693338751792908
YBR293W,YGL141W,0,-1.2556193,0.3554612100124359,0.9191616773605347,0.16703340411186218
YBR142W,YGL001C,0,-1.2558547,0.35532405972480774,0.9191616773605347,0.1671334207057953
YDR194C,YOR357C,0,-1.2560978,0.3551870286464691,0.9191616773605347,0.1672334522008896
YKR076W,YPR160W,0,-1.2565885,0.35505011677742004,0.9191616773605347,0.1673334687948227
YGR279C,YLR114C,0,-1.2570765,0.35491329431533813,0.9191616773605347,0.1674334853887558
YNL181W,YLR018C,0,-1.2583961,0.3547765910625458,0.9191616773605347,0.1675335019826889
YIL112W,YKL081W,0,-1.2588745,0.3546399772167206,0.9191616773605347,0.1676335334777832
YOL003C,YKL079W,0,-1.2594206,0.35450345277786255,0.9191616773605347,0.1677335500717163
YJL042W,YMR093W,0,-1.2595401,0.35436707735061646,0.9191616773605347,0.16783356666564941
YOR361C,YOR093C,0,-1.2595682,0.35423076152801514,0.9191616773605347,0.16793358325958252
YDR141C,YGR271C-A,0,-1.2599097,0.35409456491470337,0.9191616773605347,0.16803359985351562
YDR512C,YDR099W,0,-1.260081,0.35395848751068115,0.9191616773605347,0.16813363134860992
YOL003C,YNL010W,0,-1.2601235,0.3538224995136261,0.9191616773605347,0.16823364794254303
YER019W,YNL178W,0,-1.2601564,0.3536866307258606,0.9191616773605347,0.16833366453647614
YGR054W,YJL012C,0,-1.261299,0.35355085134506226,0.9191616773605347,0.16843368113040924
YDR140W,YJR109C,0,-1.2613248,0.35341519117355347,0.9191616773605347,0.16853371262550354
YOR315W,YER064C,0,-1.2625172,0.35327962040901184,0.9191616773605347,0.16863372921943665
YGR217W,YLL004W,0,-1.2632682,0.35314416885375977,0.9191616773605347,0.16873374581336975
YDR326C,YER029C,0,-1.2637982,0.35300880670547485,0.9191616773605347,0.16883376240730286
YBL017C,YLR061W,0,-1.2644246,0.3528735637664795,0.9191616773605347,0.16893379390239716
YHR129C,YML102W,0,-1.2645583,0.3527384102344513,0.9191616773605347,0.16903381049633026
YOR396W,YDL236W,0,-1.2649214,0.35260337591171265,0.9191616773605347,0.16913382709026337
YLR085C,YMR246W,0,-1.2649605,0.35246843099594116,0.9191616773605347,0.16923384368419647
YFL026W,YML062C,0,-1.2650034,0.35233357548713684,0.9191616773605347,0.16933386027812958
YGR030C,YER129W,0,-1.2651385,0.35219883918762207,0.9191616773605347,0.16943389177322388
YEL018W,YOL109W,0,-1.2652428,0.35206422209739685,0.9191616773605347,0.16953390836715698
YJR111C,YGL022W,0,-1.2654753,0.3519296944141388,0.9191616773605347,0.1696339249610901
YGR189C,YPR093C,0,-1.2656832,0.3517952561378479,0.9191616773605347,0.1697339415550232
YOR065W,YLR044C,0,-1.2659762,0.35166093707084656,0.9191616773605347,0.1698339730501175
YCR092C,YJL138C,0,-1.2661172,0.3515267074108124,0.9191616773605347,0.1699339896440506
YEL034W,YLL018C,0,-1.2664876,0.35139259696006775,0.9191616773605347,0.1700340062379837
YMR041C,YHR096C,0,-1.2674937,0.3512585759162903,0.9191616773605347,0.1701340228319168
YBR092C,YKL221W,0,-1.2675225,0.35112467408180237,0.9191616773605347,0.17023403942584991
YOR098C,YER125W,1,-1.267761,0.3513719439506531,0.9201596975326538,0.17023403942584991
YGR279C,YOR046C,0,-1.2681911,0.35123810172080994,0.9201596975326538,0.1703340709209442
YPL147W,YHL021C,0,-1.268719,0.35110434889793396,0.9201596975326538,0.17043408751487732
YFL041W,YLR023C,0,-1.2688138,0.35097068548202515,0.9201596975326538,0.17053410410881042
YMR142C,YOR057W,0,-1.2688721,0.3508371412754059,0.9201596975326538,0.17063412070274353
YKL103C,YNL073W,0,-1.2690837,0.3507036864757538,0.9201596975326538,0.17073415219783783
YJR051W,YHR216W,0,-1.2699833,0.35057035088539124,0.9201596975326538,0.17083416879177094
YML009C,YDR092W,0,-1.2704035,0.35043710470199585,0.9201596975326538,0.17093418538570404
YOL052C-A,YDL200C,0,-1.2705562,0.3503039479255676,0.9201596975326538,0.17103420197963715
YOL041C,YPL028W,0,-1.2705817,0.35017091035842896,0.9201596975326538,0.17113423347473145
YDR381W,YFR051C,0,-1.2707884,0.35003796219825745,0.9201596975326538,0.17123425006866455
YIL063C,YFR002W,1,-1.2710106,0.3502846360206604,0.9211576581001282,0.17123425006866455
YLR010C,YDL201W,0,-1.271077,0.35015174746513367,0.9211576581001282,0.17133426666259766
YER164W,YJL110C,0,-1.2713706,0.3500189483165741,0.9211576581001282,0.17143428325653076
YMR019W,YFL039C,0,-1.2714597,0.3498862683773041,0.9211576581001282,0.17153429985046387
YDR288W,YDR140W,0,-1.2717075,0.3497537076473236,0.9211576581001282,0.17163433134555817
YLR044C,YMR093W,0,-1.2719998,0.3496212065219879,0.9211576581001282,0.17173434793949127
YDL018C,YML128C,0,-1.2722666,0.3494888246059418,0.9211576581001282,0.17183436453342438
YLL031C,YOL052C,0,-1.2725416,0.3493565618991852,0.9211576581001282,0.17193438112735748
YNL001W,YDL052C,0,-1.2726665,0.34922435879707336,0.9211576581001282,0.17203441262245178
YIL085C,YHR191C,0,-1.2730302,0.3490922749042511,0.9211576581001282,0.1721344292163849
YGR235C,YDR100W,0,-1.2735353,0.3489603102207184,0.9211576581001282,0.172234445810318
YBL071W-A,YMR113W,0,-1.2738082,0.34882843494415283,0.9211576581001282,0.1723344624042511
YDR240C,YJR024C,0,-1.274275,0.34869664907455444,0.9211576581001282,0.1724344938993454
YJR073C,YDR084C,0,-1.2751412,0.3485649526119232,0.9211576581001282,0.1725345104932785
YNR015W,YHR207C,0,-1.2761381,0.34843337535858154,0.9211576581001282,0.1726345270872116
YIL004C,YEL002C,0,-1.2768481,0.34830188751220703,0.9211576581001282,0.17273454368114471
YKL097W-A,YHR134W,0,-1.2770379,0.3481704890727997,0.9211576581001282,0.17283456027507782
YOR087W,YBL054W,0,-1.2771993,0.3480392098426819,0.9211576581001282,0.17293459177017212
YEL026W,YKL016C,0,-1.2774725,0.34790802001953125,0.9211576581001282,0.17303460836410522
YLR409C,YJL012C,0,-1.2790637,0.34777694940567017,0.9211576581001282,0.17313462495803833
YGR279C,YKR053C,0,-1.2790756,0.34764593839645386,0.9211576581001282,0.17323464155197144
YJL025W,YGL213C,0,-1.2794116,0.3475150465965271,0.9211576581001282,0.17333467304706573
YDR266C,YML067C,0,-1.2798481,0.3473842740058899,0.9211576581001282,0.17343468964099884
YOR032C,YER035W,0,-1.2800577,0.34725356101989746,0.9211576581001282,0.17353470623493195
YKL087C,YIL009W,0,-1.2803175,0.3471229672431946,0.9211576581001282,0.17363472282886505
YGL038C,YOR226C,0,-1.2805135,0.34699249267578125,0.9211576581001282,0.17373475432395935
YDL225W,YKL212W,0,-1.2805874,0.3468620777130127,0.9211576581001282,0.17383477091789246
YPR043W,YAL013W,0,-1.2807534,0.3467317819595337,0.9211576581001282,0.17393478751182556
YBR143C,YLR295C,0,-1.2811832,0.34660157561302185,0.9211576581001282,0.17403480410575867
YOL094C,YJR077C,0,-1.281699,0.3464714586734772,0.9211576581001282,0.17413482069969177
YGL006W,YER142C,0,-1.2817822,0.34634146094322205,0.9211576581001282,0.17423485219478607
YLR348C,YOR039W,0,-1.2821369,0.3462115526199341,0.9211576581001282,0.17433486878871918
YGR129W,YLR215C,0,-1.2821712,0.3460817337036133,0.9211576581001282,0.17443488538265228
YGR280C,YDR427W,0,-1.2823327,0.34595203399658203,0.9211576581001282,0.1745349019765854
YFL026W,YDR021W,0,-1.2825866,0.34582239389419556,0.9211576581001282,0.1746349334716797
YJR111C,YKR095W,0,-1.2827442,0.34569287300109863,0.9211576581001282,0.1747349500656128
YIL085C,YMR247C,0,-1.2835298,0.34556347131729126,0.9211576581001282,0.1748349666595459
YDR419W,YLR405W,0,-1.2836857,0.34543412923812866,0.9211576581001282,0.174934983253479
YHL035C,YHL002W,0,-1.2841182,0.3453049063682556,0.9211576581001282,0.1750349998474121
YLR066W,YLR074C,0,-1.2841253,0.34517577290534973,0.9211576581001282,0.1751350313425064
YJR085C,YMR278W,0,-1.2853731,0.345046728849411,0.9211576581001282,0.17523504793643951
YNL323W,YJR032W,0,-1.2856822,0.34491777420043945,0.9211576581001282,0.17533506453037262
YKR057W,YDR462W,0,-1.2859647,0.34478893876075745,0.9211576581001282,0.17543508112430573
YMR216C,YJL116C,0,-1.2863411,0.3446601927280426,0.9211576581001282,0.17553511261940002
YHR026W,YBR175W,0,-1.2863784,0.3445315361022949,0.9211576581001282,0.17563512921333313
YLL015W,YFL041W,0,-1.2871773,0.3444029986858368,0.9211576581001282,0.17573514580726624
YLR106C,YNR053C,1,-1.2875003,0.34464752674102783,0.9221556782722473,0.17573514580726624
YBR014C,YGR112W,0,-1.2877403,0.3445190191268921,0.9221556782722473,0.17583516240119934
YPL259C,YOR101W,0,-1.2887808,0.3443906009197235,0.9221556782722473,0.17593519389629364
YLR295C,YOR290C,0,-1.2893132,0.3442623019218445,0.9221556782722473,0.17603521049022675
YOL111C,YGL122C,0,-1.2903087,0.3441340923309326,0.9221556782722473,0.17613522708415985
YER055C,YHR084W,0,-1.2903473,0.3440059423446655,0.9221556782722473,0.17623524367809296
YJR147W,YOR243C,0,-1.2905047,0.3438779413700104,0.9221556782722473,0.17633526027202606
YPR194C,YPL256C,0,-1.2913809,0.34375,0.9221556782722473,0.17643529176712036
YDR339C,YFR050C,0,-1.2914723,0.3436221778392792,0.9221556782722473,0.17653530836105347
YJL141C,YLR013W,0,-1.2917469,0.3434944152832031,0.9221556782722473,0.17663532495498657
YLR014C,YGR116W,0,-1.2921321,0.3433667719364166,0.9221556782722473,0.17673534154891968
YOR027W,YBR108W,0,-1.2923093,0.3432392179965973,0.9221556782722473,0.17683537304401398
YOL082W,YPL103C,0,-1.2926714,0.3431117832660675,0.9221556782722473,0.17693538963794708
YPL220W,YLR090W,0,-1.2928541,0.3429844081401825,0.9221556782722473,0.1770354062318802
YML128C,YKL134C,0,-1.293771,0.34285715222358704,0.9221556782722473,0.1771354228258133
YEL009C,YFR050C,0,-1.2944221,0.34272995591163635,0.9221556782722473,0.1772354543209076
YMR194W,YBR093C,0,-1.2950643,0.3426028788089752,0.9221556782722473,0.1773354709148407
YLR353W,YPL030W,0,-1.2963688,0.34247592091560364,0.9221556782722473,0.1774354875087738
YKR062W,YBR092C,0,-1.2963946,0.34234902262687683,0.9221556782722473,0.1775355041027069
YHR005C,YIL096C,0,-1.296618,0.3422222137451172,0.9221556782722473,0.17763552069664001
YPL030W,YPL072W,0,-1.2967482,0.3420955240726471,0.9221556782722473,0.17773555219173431
YPL117C,YER174C,0,-1.2978417,0.34196892380714417,0.9221556782722473,0.17783556878566742
YER154W,YCL018W,0,-1.2983491,0.341842383146286,0.9221556782722473,0.17793558537960052
YLR074C,YOR017W,0,-1.2983675,0.3417159616947174,0.9221556782722473,0.17803560197353363
YIR026C,YOR064C,0,-1.2985218,0.34158965945243835,0.9221556782722473,0.17813563346862793
YCR021C,YHL016C,0,-1.2987821,0.3414634168148041,0.9221556782722473,0.17823565006256104
YJR103W,YOL111C,0,-1.2989275,0.34133726358413696,0.9221556782722473,0.17833566665649414
YOR294W,YOR185C,1,-1.2993448,0.34158051013946533,0.9231536984443665,0.17833566665649414
YPR102C,YMR077C,0,-1.301008,0.341454416513443,0.9231536984443665,0.17843568325042725
YOR315W,YPL103C,0,-1.3012601,0.3413284122943878,0.9231536984443665,0.17853569984436035
YOL019W,YJL154C,0,-1.3013701,0.3412024974822998,0.9231536984443665,0.17863573133945465
YPL283C,YPR181C,0,-1.3028765,0.34107670187950134,0.9231536984443665,0.17873574793338776
YLR203C,YOR173W,0,-1.3034697,0.34095096588134766,0.9231536984443665,0.17883576452732086
YJR075W,YGL128C,0,-1.304149,0.3408253490924835,0.9231536984443665,0.17893578112125397
YGR217W,YEL009C,0,-1.304184,0.34069982171058655,0.9231536984443665,0.17903581261634827
YLR369W,YGR132C,0,-1.304678,0.34057438373565674,0.9231536984443665,0.17913582921028137
YOR357C,YLR421C,0,-1.3051672,0.3404490351676941,0.9231536984443665,0.17923584580421448
YCR053W,YDR352W,0,-1.3052557,0.3403237760066986,0.9231536984443665,0.17933586239814758
YOL012C,YMR099C,0,-1.3052859,0.3401986062526703,0.9231536984443665,0.17943589389324188
YKL186C,YER125W,1,-1.3056159,0.34044116735458374,0.9241517186164856,0.17943589389324188
YFL048C,YPL132W,0,-1.3059108,0.3403160572052002,0.9241517186164856,0.179535910487175
YBR044C,YOL039W,0,-1.3061044,0.3401910364627838,0.9241517186164856,0.1796359270811081
YLR154C,YLR243W,0,-1.3072824,0.3400661051273346,0.9241517186164856,0.1797359436750412
YFR002W,YOL049W,0,-1.3076994,0.33994126319885254,0.9241517186164856,0.1798359602689743
YIL095W,YGR158C,0,-1.3084853,0.33981651067733765,0.9241517186164856,0.1799359917640686
YER089C,YGR049W,0,-1.3089404,0.3396918475627899,0.9241517186164856,0.1800360083580017
YOR027W,YER062C,0,-1.310194,0.33956730365753174,0.9241517186164856,0.18013602495193481
YJR119C,YPR082C,0,-1.3107941,0.33944281935691833,0.9241517186164856,0.18023604154586792
YJR086W,YIL027C,0,-1.310822,0.3393184244632721,0.9241517186164856,0.18033607304096222
YML102W,YIL096C,0,-1.3111289,0.3391941487789154,0.9241517186164856,0.18043608963489532
YGL009C,YOR278W,0,-1.3113265,0.3390699326992035,0.9241517186164856,0.18053610622882843
YMR316W,YKL007W,0,-1.3116975,0.33894583582878113,0.9241517186164856,0.18063612282276154
YDR155C,YER170W,0,-1.3122995,0.33882179856300354,0.9241517186164856,0.18073615431785583
YIL115C,YLR106C,1,-1.3124634,0.3390636444091797,0.92514967918396,0.18073615431785583
YNL240C,YHR115C,0,-1.3126464,0.3389396667480469,0.92514967918396,0.18083617091178894
YGL161C,YER074W,0,-1.3130702,0.3388157784938812,0.92514967918396,0.18093618750572205
YER050C,YIL009W,0,-1.3132703,0.3386920094490051,0.92514967918396,0.18103620409965515
YJL012C,YHR155W,0,-1.3133203,0.3385683000087738,0.92514967918396,0.18113622069358826
YBL016W,YPL270W,0,-1.313354,0.33844467997550964,0.92514967918396,0.18123625218868256
YOR209C,YEL046C,0,-1.3138555,0.33832117915153503,0.92514967918396,0.18133626878261566
YDR371W,YPL058C,0,-1.3138757,0.3381977379322052,0.92514967918396,0.18143628537654877
YMR060C,YKL145W,0,-1.3140606,0.33807438611984253,0.92514967918396,0.18153630197048187
YDR462W,YER057C,0,-1.3143107,0.3379511535167694,0.92514967918396,0.18163633346557617
YDR039C,YLR118C,0,-1.3154209,0.33782798051834106,0.92514967918396,0.18173635005950928
YIL063C,YJL061W,1,-1.3159065,0.33806923031806946,0.9261476993560791,0.18173635005950928
YDR062W,YBR087W,0,-1.3162961,0.3379461169242859,0.9261476993560791,0.18183636665344238
YMR164C,YPR159W,0,-1.3164062,0.3378230929374695,0.9261476993560791,0.1819363832473755
YPL188W,YDR325W,0,-1.3165127,0.33770015835762024,0.9261476993560791,0.1820363998413086
YMR042W,YLR361C,0,-1.3166153,0.33757731318473816,0.9261476993560791,0.1821364313364029
YPR191W,YPL072W,0,-1.3174624,0.33745455741882324,0.9261476993560791,0.182236447930336
YAL041W,YNL199C,0,-1.3177125,0.3373318910598755,0.9261476993560791,0.1823364645242691
YKL079W,YLR268W,0,-1.3180656,0.3372093141078949,0.9261476993560791,0.1824364811182022
YJL157C,YLR115W,0,-1.3182029,0.33708682656288147,0.9261476993560791,0.1825365126132965
YPL132W,YBR155W,0,-1.3185403,0.3369644284248352,0.9261476993560791,0.18263652920722961
YMR098C,YKL150W,0,-1.3196025,0.3368421196937561,0.9261476993560791,0.18273654580116272
YLR310C,YJL085W,0,-1.3203838,0.3367198705673218,0.9261476993560791,0.18283656239509583
YDL095W,YKL155C,0,-1.3208911,0.336597740650177,0.9261476993560791,0.18293659389019012
YBL093C,YPL058C,0,-1.3209064,0.3364757001399994,0.9261476993560791,0.18303661048412323
YEL009C,YML062C,0,-1.3215446,0.33635374903678894,0.9261476993560791,0.18313662707805634
YLR449W,YDR141C,0,-1.3220065,0.33623188734054565,0.9261476993560791,0.18323664367198944
YGL172W,YJL041W,1,-1.3220595,0.3364723026752472,0.9271457195281982,0.18323664367198944
YNL233W,YNL199C,0,-1.3228154,0.3363504707813263,0.9271457195281982,0.18333666026592255
YMR216C,YKL028W,0,-1.3231895,0.33622872829437256,0.9271457195281982,0.18343669176101685
YLR276C,YJR077C,0,-1.3235959,0.3361071050167084,0.9271457195281982,0.18353670835494995
YML086C,YBL084C,0,-1.3240091,0.33598554134368896,0.9271457195281982,0.18363672494888306
YFL026W,YNL219C,0,-1.3240402,0.3358640670776367,0.9271457195281982,0.18373674154281616
YGR246C,YGL030W,0,-1.3242145,0.33574268221855164,0.9271457195281982,0.18383677303791046
YLR371W,YOL043C,0,-1.324808,0.3356213867664337,0.9271457195281982,0.18393678963184357
YER043C,YBR100W,0,-1.3250841,0.33550018072128296,0.9271457195281982,0.18403680622577667
YIL126W,YDL212W,0,-1.3257526,0.33537906408309937,0.9271457195281982,0.18413682281970978
YFR002W,YLR361C,0,-1.3258684,0.33525803685188293,0.9271457195281982,0.18423685431480408
YMR047C,YLR106C,1,-1.3259039,0.33549782633781433,0.9281437397003174,0.18423685431480408
YBR070C,YDL018C,0,-1.3264818,0.3353768587112427,0.9281437397003174,0.18433687090873718
YML067C,YJL143W,0,-1.3277044,0.3352559506893158,0.9281437397003174,0.1844368875026703
YML118W,YLL016W,0,-1.3278708,0.3351351320743561,0.9281437397003174,0.1845369040966034
YDR326C,YDR152W,0,-1.3278933,0.3350144028663635,0.9281437397003174,0.1846369206905365
YPL239W,YBR281C,0,-1.3279653,0.33489376306533813,0.9281437397003174,0.1847369521856308
YDL240W,YOL077C,0,-1.327999,0.3347732126712799,0.9281437397003174,0.1848369687795639
YIL040W,YLR058C,0,-1.3280375,0.33465275168418884,0.9281437397003174,0.184936985373497
YJL200C,YDR427W,0,-1.3281087,0.33453238010406494,0.9281437397003174,0.18503700196743011
YIL115C,YNL227C,1,-1.328249,0.33477166295051575,0.9291417002677917,0.18503700196743011
YML075C,YJR047C,0,-1.3284113,0.33465132117271423,0.9291417002677917,0.18513703346252441
YGL045W,YIL124W,0,-1.3285513,0.3345310688018799,0.9291417002677917,0.18523705005645752
YBL093C,YLL018C,0,-1.3289373,0.3344109058380127,0.9291417002677917,0.18533706665039062
YMR270C,YFL009W,0,-1.3292277,0.33429083228111267,0.9291417002677917,0.18543708324432373
YPR097W,YIL148W,0,-1.3295709,0.3341708481311798,0.9291417002677917,0.18553711473941803
YLL004W,YLR443W,0,-1.3297746,0.3340509533882141,0.9291417002677917,0.18563713133335114
YMR233W,YOR278W,0,-1.3299005,0.3339311480522156,0.9291417002677917,0.18573714792728424
YKR059W,YHR092C,0,-1.3307004,0.3338114023208618,0.9291417002677917,0.18583716452121735
YLR061W,YDR434W,0,-1.3313363,0.3336917459964752,0.9291417002677917,0.18593718111515045
YER056C,YMR052W,0,-1.3314805,0.3335722088813782,0.9291417002677917,0.18603721261024475
YBR114W,YDR091C,0,-1.3316317,0.3334527313709259,0.9291417002677917,0.18613722920417786
YML009C,YDL217C,0,-1.3318243,0.3333333432674408,0.9291417002677917,0.18623724579811096
YDR334W,YCR024C-A,0,-1.3322129,0.33321404457092285,0.9291417002677917,0.18633726239204407
YOR209C,YML096W,0,-1.3322397,0.3330948054790497,0.9291417002677917,0.18643729388713837
YDR033W,YDR099W,0,-1.3323572,0.33297568559646606,0.9291417002677917,0.18653731048107147
YOR104W,YLR110C,0,-1.3329847,0.3328566253185272,0.9291417002677917,0.18663732707500458
YGL172W,YJR042W,1,-1.3331162,0.33309507369995117,0.9301397204399109,0.18663732707500458
YKL096W-A,YPR113W,0,-1.3332604,0.3329760730266571,0.9301397204399109,0.18673734366893768
YDR152W,YPR097W,0,-1.3344128,0.3328571319580078,0.9301397204399109,0.1868373602628708
YDR071C,YJR050W,0,-1.3345737,0.33273831009864807,0.9301397204399109,0.1869373917579651
YIL063C,YPL169C,1,-1.3347199,0.33297643065452576,0.93113774061203,0.1869373917579651
YPR082C,YKL012W,0,-1.3347615,0.3328576385974884,0.93113774061203,0.1870374083518982
YIL131C,YLR044C,0,-1.3352201,0.3327389359474182,0.93113774061203,0.1871374249458313
YMR307W,YLL038C,0,-1.3365154,0.3326203227043152,0.93113774061203,0.1872374415397644
YAR033W,YGR158C,0,-1.3372921,0.33250176906585693,0.93113774061203,0.1873374730348587
YHR128W,YGL021W,0,-1.3373923,0.33238333463668823,0.93113774061203,0.1874374896287918
YGR223C,YKL038W,0,-1.3377485,0.3322649598121643,0.93113774061203,0.18753750622272491
YLR449W,YBL080C,0,-1.3377552,0.33214667439460754,0.93113774061203,0.18763752281665802
YDR320C-A,YDR346C,0,-1.3386648,0.33202847838401794,0.93113774061203,0.18773755431175232
YMR270C,YBR162C,0,-1.3386843,0.3319103419780731,0.93113774061203,0.18783757090568542
YKR099W,YBR074W,0,-1.339049,0.33179232478141785,0.93113774061203,0.18793758749961853
YBL017C,YFL009W,0,-1.3390757,0.33167436718940735,0.93113774061203,0.18803760409355164
YOL041C,YHL023C,0,-1.3391347,0.331556499004364,0.93113774061203,0.18813762068748474
YBL023C,YOR201C,0,-1.3393447,0.33143872022628784,0.93113774061203,0.18823765218257904
YLR395C,YJR065C,0,-1.3395154,0.33132103085517883,0.93113774061203,0.18833766877651215
YPR160W,YHR117W,0,-1.3395472,0.3312034010887146,0.93113774061203,0.18843768537044525
YPL099C,YNL145W,0,-1.3405727,0.3310858905315399,0.93113774061203,0.18853770196437836
YMR278W,YER062C,0,-1.340653,0.33096843957901,0.93113774061203,0.18863773345947266
YGL252C,YGR100W,0,-1.340869,0.33085107803344727,0.93113774061203,0.18873775005340576
YLR229C,YDL002C,0,-1.3409723,0.3307337760925293,0.93113774061203,0.18883776664733887
YPR085C,YOR080W,0,-1.3411798,0.3306165933609009,0.93113774061203,0.18893778324127197
YDL127W,YNL243W,0,-1.3417791,0.33049947023391724,0.93113774061203,0.18903781473636627
YIL009W,YBR288C,0,-1.342236,0.33038243651390076,0.93113774061203,0.18913783133029938
YDR155C,YMR205C,0,-1.3423153,0.33026549220085144,0.93113774061203,0.18923784792423248
YOR057W,YOL077W-A,0,-1.3423913,0.3301486074924469,0.93113774061203,0.1893378645181656
YOL071W,YKL134C,0,-1.342519,0.3300318419933319,0.93113774061203,0.1894378811120987
YLR466W,YGL229C,0,-1.3427057,0.3299151360988617,0.93113774061203,0.189537912607193
YDR334W,YOR299W,0,-1.3434396,0.32979851961135864,0.93113774061203,0.1896379292011261
YNL003C,YDR447C,0,-1.3438942,0.32968199253082275,0.93113774061203,0.1897379457950592
YDL224C,YBL071W-A,0,-1.3441088,0.32956552505493164,0.93113774061203,0.1898379623889923
YBR014C,YER127W,0,-1.3444935,0.3294491469860077,0.93113774061203,0.1899379938840866
YMR307W,YDL185W,0,-1.3446257,0.3293328583240509,0.93113774061203,0.19003801047801971
YOR132W,YCL018W,0,-1.3452401,0.3292166590690613,0.93113774061203,0.19013802707195282
YLR203C,YOR065W,0,-1.3452593,0.32910051941871643,0.93113774061203,0.19023804366588593
YGR156W,YFR051C,0,-1.3453697,0.32898449897766113,0.93113774061203,0.19033806025981903
YLR106C,YPL220W,1,-1.346198,0.3292210102081299,0.9321357011795044,0.19033806025981903
YMR114C,YJR065C,0,-1.3476717,0.3291049897670746,0.9321357011795044,0.19043809175491333
YGR234W,YBR002C,0,-1.3485812,0.32898908853530884,0.9321357011795044,0.19053810834884644
YMR047C,YJL061W,1,-1.3494555,0.3292253613471985,0.9331337213516235,0.19053810834884644
YJL012C,YJL133W,0,-1.3496351,0.32910946011543274,0.9331337213516235,0.19063812494277954
YDR427W,YGL137W,0,-1.349806,0.32899367809295654,0.9331337213516235,0.19073814153671265
YHR005C,YLR215C,0,-1.3499763,0.3288779556751251,0.9331337213516235,0.19083817303180695
YCR027C,YBL035C,0,-1.3503456,0.3287622928619385,0.9331337213516235,0.19093818962574005
YOR172W,YLR342W,0,-1.3504419,0.3286467492580414,0.9331337213516235,0.19103820621967316
YDR172W,YGR058W,0,-1.3504624,0.32853126525878906,0.9331337213516235,0.19113822281360626
YIL085C,YLL038C,0,-1.3506879,0.3284158706665039,0.9331337213516235,0.19123825430870056
YGL013C,YBR074W,0,-1.3508947,0.3283005654811859,0.9331337213516235,0.19133827090263367
YDR062W,YOR303W,0,-1.3509659,0.3281853199005127,0.9331337213516235,0.19143828749656677
YGL141W,YMR189W,0,-1.3520827,0.32807016372680664,0.9331337213516235,0.19153830409049988
YIL169C,YJL096W,0,-1.3536646,0.32795509696006775,0.9331337213516235,0.19163832068443298
YLR154C,YBR002C,0,-1.3538908,0.327840119600296,0.9331337213516235,0.19173835217952728
YPL021W,YGR280C,0,-1.3541794,0.32772520184516907,0.9331337213516235,0.1918383687734604
YIL148W,YER125W,1,-1.3546784,0.3279607594013214,0.9341317415237427,0.1918383687734604
YLR065C,YER174C,0,-1.3546824,0.32784587144851685,0.9341317415237427,0.1919383853673935
YJL052W,YJL020C,0,-1.3551666,0.32773110270500183,0.9341317415237427,0.1920384019613266
YEL039C,YLR130C,0,-1.3553791,0.3276163935661316,0.9341317415237427,0.1921384334564209
YDL143W,YCL018W,0,-1.355926,0.32750174403190613,0.9341317415237427,0.192238450050354
YKL085W,YPL116W,0,-1.3559356,0.3273871839046478,0.9341317415237427,0.1923384666442871
YBL035C,YEL002C,0,-1.3561057,0.3272727131843567,0.9341317415237427,0.19243848323822021
YPL174C,YMR131C,0,-1.3563015,0.3271583318710327,0.9341317415237427,0.19253851473331451
YER013W,YCR016W,0,-1.3565553,0.3270440399646759,0.9341317415237427,0.19263853132724762
YEL009C,YKL064W,0,-1.3578575,0.32692980766296387,0.9341317415237427,0.19273854792118073
YGR246C,YER019C-A,0,-1.3579726,0.3268156349658966,0.9341317415237427,0.19283856451511383
YDR325W,YNR018W,0,-1.3580976,0.3267015814781189,0.9341317415237427,0.19293858110904694
YKL104C,YDR238C,0,-1.3582927,0.32658758759498596,0.9341317415237427,0.19303861260414124
YMR233W,YLR103C,0,-1.3583292,0.3264736533164978,0.9341317415237427,0.19313862919807434
YLR091W,YPL273W,0,-1.3584149,0.3263598382472992,0.9341317415237427,0.19323864579200745
YBR021W,YGL105W,0,-1.3586106,0.32624608278274536,0.9341317415237427,0.19333866238594055
YHR194W,YPL270W,0,-1.3588454,0.3261324167251587,0.9341317415237427,0.19343869388103485
YIL018W,YHR074W,0,-1.3589613,0.3260188102722168,0.9341317415237427,0.19353871047496796
YOR206W,YOR090C,0,-1.3590918,0.32590529322624207,0.9341317415237427,0.19363872706890106
YBR061C,YDR320C-A,0,-1.3595237,0.3257918655872345,0.9341317415237427,0.19373874366283417
YNL219C,YEL024W,0,-1.3599234,0.3256784975528717,0.9341317415237427,0.19383877515792847
YDR447C,YDR080W,0,-1.3600725,0.3255652189254761,0.9341317415237427,0.19393879175186157
YNR037C,YOR315W,0,-1.3603351,0.3254520297050476,0.9341317415237427,0.19403880834579468
YNL312W,YLR167W,0,-1.3604424,0.3253389000892639,0.9341317415237427,0.19413882493972778
YMR133W,YMR031C,0,-1.3607888,0.3252258598804474,0.9341317415237427,0.1942388415336609
YDL185W,YPR105C,0,-1.3610942,0.32511287927627563,0.9341317415237427,0.1943388730287552
YPR160W,YDR001C,0,-1.3613825,0.32499998807907104,0.9341317415237427,0.1944388896226883
YKL125W,YBL058W,0,-1.3618255,0.3248871862888336,0.9341317415237427,0.1945389062166214
YGL099W,YOR185C,1,-1.3618543,0.3251214325428009,0.9351297616958618,0.1945389062166214
YJR045C,YGL200C,0,-1.3621215,0.32500866055488586,0.9351297616958618,0.1946389228105545
YMR099C,YPR160W,0,-1.3622367,0.324895977973938,0.9351297616958618,0.1947389543056488
YNL177C,YDR140W,0,-1.3622842,0.3247833549976349,0.9351297616958618,0.1948389708995819
YNL084C,YOR047C,0,-1.362466,0.32467082142829895,0.9351297616958618,0.19493898749351501
YLL018C-A,YNL232W,0,-1.3627102,0.3245583772659302,0.9351297616958618,0.19503900408744812
YDL136W,YMR280C,0,-1.3633821,0.3244459927082062,0.9351297616958618,0.19513902068138123
YNL323W,YKR044W,0,-1.3635925,0.32433366775512695,0.9351297616958618,0.19523905217647552
YBL058W,YMR235C,0,-1.3641173,0.3242214620113373,0.9351297616958618,0.19533906877040863
YKL176C,YLR106C,0,-1.3641503,0.3241093158721924,0.9351297616958618,0.19543908536434174
YGR234W,YGR283C,0,-1.3642231,0.32399722933769226,0.9351297616958618,0.19553910195827484
YMR154C,YPL256C,0,-1.3644068,0.3238852322101593,0.9351297616958618,0.19563913345336914
YIL013C,YPR102C,0,-1.3653898,0.3237733244895935,0.9351297616958618,0.19573915004730225
YDR288W,YOL041C,0,-1.3656753,0.3236614763736725,0.9351297616958618,0.19583916664123535
YCL060C,YDR356W,0,-1.3658677,0.32354971766471863,0.9351297616958618,0.19593918323516846
YLR449W,YLR058C,0,-1.3660293,0.32343804836273193,0.9351297616958618,0.19603921473026276
YBR093C,YDR084C,0,-1.3664061,0.32332643866539,0.9351297616958618,0.19613923132419586
YGR235C,YNL328C,0,-1.3665385,0.32321488857269287,0.9351297616958618,0.19623924791812897
YER112W,YFL057C,0,-1.3665918,0.3231034576892853,0.9351297616958618,0.19633926451206207
YKL079W,YBR162W-A,0,-1.3676233,0.32299208641052246,0.9351297616958618,0.19643928110599518
YHR037W,YNL289W,0,-1.368079,0.3228807747364044,0.9351297616958618,0.19653931260108948
YLR449W,YPL213W,0,-1.368406,0.32276955246925354,0.9351297616958618,0.19663932919502258
YJL177W,YHR047C,0,-1.3684185,0.32265838980674744,0.9351297616958618,0.1967393457889557
YDR101C,YOR185C,1,-1.3690186,0.32289156317710876,0.9361277222633362,0.1967393457889557
YBL066C,YER074W-A,0,-1.3690815,0.32278046011924744,0.9361277222633362,0.1968393623828888
YLR427W,YLR443W,0,-1.3692803,0.3226694166660309,0.9361277222633362,0.1969393938779831
YOL055C,YDR018C,0,-1.3695468,0.3225584626197815,0.9361277222633362,0.1970394104719162
YOL152W,YIL173W,0,-1.3700192,0.3224475681781769,0.9361277222633362,0.1971394270658493
YMR233W,YDR507C,0,-1.370069,0.32233676314353943,0.9361277222633362,0.1972394436597824
YGR053C,YIL124W,0,-1.3701774,0.32222604751586914,0.9361277222633362,0.1973394751548767
YOR027W,YER043C,0,-1.3704157,0.32211539149284363,0.9361277222633362,0.19743949174880981
YOR104W,YDR346C,0,-1.3707633,0.3220047950744629,0.9361277222633362,0.19753950834274292
YER146W,YGR054W,0,-1.3714345,0.3218943178653717,0.9361277222633362,0.19763952493667603
YKR094C,YER125W,1,-1.371634,0.32212692499160767,0.9371257424354553,0.19763952493667603
YLR395C,YIL095W,0,-1.371794,0.3220164477825165,0.9371257424354553,0.19773954153060913
YDR427W,YDR021W,0,-1.3719683,0.32190605998039246,0.9371257424354553,0.19783957302570343
YJR073C,YJR051W,0,-1.3720224,0.3217957615852356,0.9371257424354553,0.19793958961963654
YLR466W,YML123C,0,-1.3722663,0.3216855227947235,0.9371257424354553,0.19803960621356964
YDR504C,YCR009C,0,-1.3725722,0.3215753436088562,0.9371257424354553,0.19813962280750275
YNR037C,YDL022W,0,-1.3729668,0.32146525382995605,0.9371257424354553,0.19823965430259705
YOR278W,YDR004W,0,-1.3730168,0.3213552236557007,0.9371257424354553,0.19833967089653015
YER089C,YCR039C,0,-1.3730619,0.3212452828884125,0.9371257424354553,0.19843968749046326
YDR155C,YNL058C,0,-1.373435,0.32113543152809143,0.9371257424354553,0.19853970408439636
YKR083C,YLR310C,0,-1.3739057,0.32102563977241516,0.9371257424354553,0.19863972067832947
YIL063C,YLR106C,1,-1.3742962,0.32125768065452576,0.9381237626075745,0.19863972067832947
YLR449W,YIL048W,0,-1.3747809,0.3211479187011719,0.9381237626075745,0.19873975217342377
YLR154C,YLL004W,0,-1.3750668,0.32103824615478516,0.9381237626075745,0.19883976876735687
YGR246C,YDR507C,0,-1.3752091,0.3209286332130432,0.9381237626075745,0.19893978536128998
YHR053C,YEL006W,0,-1.3758535,0.32081910967826843,0.9381237626075745,0.19903980195522308
YGL018C,YJL129C,0,-1.3760573,0.3207096457481384,0.9381237626075745,0.19913983345031738
YGL174W,YGL108C,0,-1.3761406,0.3206002712249756,0.9381237626075745,0.1992398500442505
YFR041C,YOR150W,0,-1.3761418,0.3204909563064575,0.9381237626075745,0.1993398666381836
YKL156W,YKL007W,0,-1.3761778,0.3203817307949066,0.9381237626075745,0.1994398832321167
YLR239C,YPL240C,0,-1.3761876,0.3202725648880005,0.9381237626075745,0.199539914727211
YJR073C,YCR072C,0,-1.3765016,0.3201634883880615,0.9381237626075745,0.1996399313211441
YOR133W,YKR053C,0,-1.3767388,0.32005447149276733,0.9381237626075745,0.1997399479150772
YGL047W,YGL084C,0,-1.3769327,0.3199455440044403,0.9381237626075745,0.19983996450901031
YML128C,YDR320C-A,0,-1.3771023,0.31983667612075806,0.9381237626075745,0.19993998110294342
YPL240C,YLR058C,0,-1.3774362,0.31972789764404297,0.9381237626075745,0.20004001259803772
YNL161W,YOL052C,0,-1.3776002,0.31961917877197266,0.9381237626075745,0.20014002919197083
YML102W,YLR439W,0,-1.37841,0.3195105493068695,0.9381237626075745,0.20024004578590393
YDR170C,YBR002C,0,-1.3790233,0.31940197944641113,0.9381237626075745,0.20034006237983704
YMR189W,YOL017W,0,-1.3790624,0.31929346919059753,0.9381237626075745,0.20044009387493134
YEL039C,YHR143W-A,0,-1.3791661,0.3191850483417511,0.9381237626075745,0.20054011046886444
YLR409C,YOR083W,0,-1.3792061,0.3190767168998718,0.9381237626075745,0.20064012706279755
YGR195W,YHR053C,0,-1.3793896,0.31896844506263733,0.9381237626075745,0.20074014365673065
YGL070C,YOR077W,0,-1.3794212,0.3188602328300476,0.9381237626075745,0.20084017515182495
YMR123W,YIL067C,0,-1.3797712,0.31875211000442505,0.9381237626075745,0.20094019174575806
YIR015W,YML062C,0,-1.3802896,0.31864407658576965,0.9381237626075745,0.20104020833969116
YGR055W,YHR092C,0,-1.3804214,0.31853610277175903,0.9381237626075745,0.20114022493362427
YGR218W,YOR098C,1,-1.3811624,0.3187669515609741,0.9391217827796936,0.20114022493362427
YJR125C,YBL005W-B,0,-1.3811803,0.3186589777469635,0.9391217827796936,0.20124024152755737
YMR169C,YGR026W,0,-1.381329,0.31855112314224243,0.9391217827796936,0.20134027302265167
YEL012W,YMR156C,0,-1.3814101,0.31844332814216614,0.9391217827796936,0.20144028961658478
YBL028C,YEL009C,0,-1.3821023,0.3183355927467346,0.9391217827796936,0.20154030621051788
YML014W,YOR301W,0,-1.3825954,0.31822794675827026,0.9391217827796936,0.201640322804451
YDL177C,YKL027W,0,-1.3831499,0.3181203603744507,0.9391217827796936,0.2017403542995453
YPR191W,YMR060C,0,-1.3833165,0.3180128335952759,0.9391217827796936,0.2018403708934784
YPL202C,YER062C,0,-1.3836265,0.31790539622306824,0.9391217827796936,0.2019403874874115
YNL145W,YIL017C,0,-1.3856096,0.31779804825782776,0.9391217827796936,0.2020404040813446
YGL094C,YJL012C,0,-1.3862699,0.31769075989723206,0.9391217827796936,0.2021404206752777
YDR458C,YML086C,0,-1.3863311,0.31758353114128113,0.9391217827796936,0.202240452170372
YJL087C,YKR083C,0,-1.3867835,0.31747639179229736,0.9391217827796936,0.20234046876430511
YBL023C,YDR363W-A,0,-1.3869715,0.3173693120479584,0.9391217827796936,0.20244048535823822
YBR156C,YCR059C,0,-1.3873315,0.31726229190826416,0.9391217827796936,0.20254050195217133
YDR288W,YLR409C,0,-1.3877177,0.3171553611755371,0.9391217827796936,0.20264053344726562
YHR128W,YNL262W,0,-1.3879824,0.3170485198497772,0.9391217827796936,0.20274055004119873
YJR046W,YPL168W,0,-1.3880849,0.3169417381286621,0.9391217827796936,0.20284056663513184
YKL062W,YJL020C,0,-1.3888677,0.3168350160121918,0.9391217827796936,0.20294058322906494
YOR291W,YOR046C,0,-1.3893076,0.3167283833026886,0.9391217827796936,0.20304061472415924
YGR155W,YGL133W,0,-1.3894938,0.3166218101978302,0.9391217827796936,0.20314063131809235
YIR015W,YLR197W,0,-1.3897705,0.3165152966976166,0.9391217827796936,0.20324064791202545
YJR032W,YPL115C,0,-1.3897958,0.3164088726043701,0.9391217827796936,0.20334066450595856
YPR093C,YCR021C,0,-1.3902099,0.31630250811576843,0.9391217827796936,0.20344068109989166
YMR194W,YIL048W,0,-1.3903217,0.3161962330341339,0.9391217827796936,0.20354071259498596
YDL102W,YMR042W,0,-1.390332,0.31609001755714417,0.9391217827796936,0.20364072918891907
YKL145W,YEL055C,0,-1.3906745,0.3159838914871216,0.9391217827796936,0.20374074578285217
YLR362W,YJR088C,0,-1.3907509,0.3158778250217438,0.9391217827796936,0.20384076237678528
YGL234W,YDR363W-A,0,-1.3908935,0.31577181816101074,0.9391217827796936,0.20394079387187958
YJL200C,YMR231W,0,-1.3909295,0.3156658709049225,0.9391217827796936,0.20404081046581268
YKR002W,YOL115W,0,-1.3910241,0.3155600130558014,0.9391217827796936,0.2041408270597458
YJL124C,YMR192W,0,-1.3917933,0.31545424461364746,0.9391217827796936,0.2042408436536789
YHL019C,YJL066C,0,-1.3919058,0.3153485357761383,0.9391217827796936,0.2043408751487732
YDL190C,YOL032W,0,-1.3921891,0.3152428865432739,0.9391217827796936,0.2044408917427063
YGR093W,YML037C,0,-1.3922663,0.3151372969150543,0.9391217827796936,0.2045409083366394
YPL123C,YDR100W,0,-1.3924229,0.3150317966938019,0.9391217827796936,0.2046409249305725
YBL023C,YHR120W,0,-1.3924371,0.3149263858795166,0.9391217827796936,0.20474094152450562
YPL188W,YER102W,0,-1.3927672,0.3148210048675537,0.9391217827796936,0.20484097301959991
YML017W,YOR254C,0,-1.3930094,0.314715713262558,0.9391217827796936,0.20494098961353302
YIL068C,YLR243W,0,-1.3931658,0.3146105110645294,0.9391217827796936,0.20504100620746613
YIL067C,YNL218W,0,-1.393289,0.31450533866882324,0.9391217827796936,0.20514102280139923
YMR047C,YGR116W,0,-1.3933122,0.31440025568008423,0.9391217827796936,0.20524105429649353
YOL012C,YOR234C,0,-1.3933753,0.3142952620983124,0.9391217827796936,0.20534107089042664
YOL041C,YBR136W,0,-1.3938656,0.3141903281211853,0.9391217827796936,0.20544108748435974
YKL127W,YLR389C,0,-1.3938704,0.314085453748703,0.9391217827796936,0.20554110407829285
YHR110W,YJL012C,0,-1.394004,0.3139806389808655,0.9391217827796936,0.20564113557338715
YGL213C,YDR363W-A,0,-1.394468,0.3138759136199951,0.9391217827796936,0.20574115216732025
YPL241C,YML123C,0,-1.3946543,0.31377124786376953,0.9391217827796936,0.20584116876125336
YOR093C,YPL086C,0,-1.3949399,0.3136666715145111,0.9391217827796936,0.20594118535518646
YOL067C,YOL043C,0,-1.3951906,0.31356215476989746,0.9391217827796936,0.20604120194911957
YPL202C,YOR226C,0,-1.3953378,0.3134576976299286,0.9391217827796936,0.20614123344421387
YKL186C,YOR185C,1,-1.3959644,0.3136863112449646,0.940119743347168,0.20614123344421387
YDR466W,YKL081W,0,-1.3960288,0.3135818839073181,0.940119743347168,0.20624125003814697
YGR030C,YAL024C,0,-1.3960907,0.3134775459766388,0.940119743347168,0.20634126663208008
YOR106W,YLR228C,0,-1.3965921,0.31337326765060425,0.940119743347168,0.20644128322601318
YNL265C,YOL044W,0,-1.3969532,0.3132690489292145,0.940119743347168,0.20654131472110748
YPL146C,YOR185C,1,-1.397115,0.3134973347187042,0.9411177635192871,0.20654131472110748
YOR270C,YOL019W,0,-1.3972137,0.31339314579963684,0.9411177635192871,0.2066413313150406
YGL141W,YDR084C,0,-1.3972821,0.3132890462875366,0.9411177635192871,0.2067413479089737
YHR153C,YNL181W,0,-1.3976911,0.3131849765777588,0.9411177635192871,0.2068413645029068
YGR235C,YJL001W,0,-1.3978972,0.3130809962749481,0.9411177635192871,0.2069413810968399
YJL187C,YJL222W,0,-1.397918,0.3129771053791046,0.9411177635192871,0.2070414125919342
YKR002W,YER113C,0,-1.3979969,0.3128732442855835,0.9411177635192871,0.2071414291858673
YJL061W,YOL054W,0,-1.3980049,0.31276947259902954,0.9411177635192871,0.20724144577980042
YMR156C,YHR053C,0,-1.398575,0.31266579031944275,0.9411177635192871,0.20734146237373352
YCR039C,YDR334W,0,-1.399047,0.31256213784217834,0.9411177635192871,0.20744149386882782
YJR117W,YNL252C,0,-1.3994095,0.3124585747718811,0.9411177635192871,0.20754151046276093
YFR002W,YDL236W,0,-1.3997495,0.31235507130622864,0.9411177635192871,0.20764152705669403
YLR119W,YLR297W,0,-1.399882,0.31225165724754333,0.9411177635192871,0.20774154365062714
YER127W,YDR434W,0,-1.4002563,0.3121483027935028,0.9411177635192871,0.20784157514572144
YPR169W,YNL249C,0,-1.4003447,0.31204500794410706,0.9411177635192871,0.20794159173965454
YCL034W,YLR158C,0,-1.4006168,0.3119417726993561,0.9411177635192871,0.20804160833358765
YNL003C,YDR033W,0,-1.4009765,0.31183862686157227,0.9411177635192871,0.20814162492752075
YLR295C,YOR278W,0,-1.4010968,0.3117355406284332,0.9411177635192871,0.20824164152145386
YMR150C,YBR062C,0,-1.4017729,0.31163251399993896,0.9411177635192871,0.20834167301654816
YJR119C,YPR144C,0,-1.4018339,0.31152957677841187,0.9411177635192871,0.20844168961048126
YDL035C,YNL040W,0,-1.4018953,0.31142669916152954,0.9411177635192871,0.20854170620441437
YPR085C,YLR291C,0,-1.4019563,0.311323881149292,0.9411177635192871,0.20864172279834747
YNL084C,YOR226C,0,-1.4021504,0.3112211227416992,0.9411177635192871,0.20874175429344177
YBR162W-A,YMR077C,0,-1.4022452,0.3111184537410736,0.9411177635192871,0.20884177088737488
YNR015W,YGL065C,0,-1.4027892,0.3110158443450928,0.9411177635192871,0.20894178748130798
YBR162C,YNL299W,0,-1.4028084,0.3109132945537567,0.9411177635192871,0.2090418040752411
YKL096W-A,YHR155W,0,-1.4029694,0.31081080436706543,0.9411177635192871,0.2091418355703354
YBR143C,YHR005C,0,-1.4033985,0.3107084035873413,0.9411177635192871,0.2092418521642685
YGL086W,YGL013C,0,-1.4034848,0.31060606241226196,0.9411177635192871,0.2093418687582016
YIL162W,YIL017C,0,-1.4036235,0.3105037808418274,0.9411177635192871,0.2094418853521347
YKL095W,YLR197W,0,-1.4038624,0.31040158867836,0.9411177635192871,0.2095419019460678
YBR062C,YGL108C,0,-1.4038877,0.31029942631721497,0.9411177635192871,0.2096419334411621
YMR234W,YLR443W,0,-1.403955,0.3101973831653595,0.9411177635192871,0.20974195003509521
YJR042W,YER125W,1,-1.4042183,0.31042420864105225,0.9421157836914062,0.20974195003509521
YER110C,YDL077C,0,-1.4043951,0.3103221654891968,0.9421157836914062,0.20984196662902832
YBL031W,YBR281C,0,-1.4044852,0.3102201819419861,0.9421157836914062,0.20994198322296143
YOL084W,YOR173W,0,-1.404812,0.31011825799942017,0.9421157836914062,0.21004201471805573
YFL048C,YKL024C,0,-1.4051747,0.3100164234638214,0.9421157836914062,0.21014203131198883
YML102W,YPL030W,0,-1.4055904,0.30991464853286743,0.9421157836914062,0.21024204790592194
YHR152W,YIL027C,0,-1.4064635,0.3098129332065582,0.9421157836914062,0.21034206449985504
YPL241C,YOR079C,0,-1.4073331,0.3097112774848938,0.9421157836914062,0.21044208109378815
YHR214W,YHL007C,0,-1.4074299,0.30960971117019653,0.9421157836914062,0.21054211258888245
YDR437W,YDL236W,0,-1.407649,0.30950820446014404,0.9421157836914062,0.21064212918281555
YBR021W,YJL129C,0,-1.4078295,0.30940675735473633,0.9421157836914062,0.21074214577674866
YGR138C,YJR110W,0,-1.407891,0.3093053698539734,0.9421157836914062,0.21084216237068176
YGL253W,YMR027W,0,-1.4081411,0.3092040717601776,0.9421157836914062,0.21094219386577606
YJL117W,YBR029C,0,-1.4084308,0.3091028034687042,0.9421157836914062,0.21104221045970917
YBL042C,YJR047C,0,-1.408494,0.309001624584198,0.9421157836914062,0.21114222705364227
YJR111C,YIL142W,0,-1.4085618,0.30890053510665894,0.9421157836914062,0.21124224364757538
YLR295C,YNL215W,0,-1.4088669,0.30879947543144226,0.9421157836914062,0.21134227514266968
YDL084W,YIL068C,0,-1.4092271,0.30869850516319275,0.9421157836914062,0.21144229173660278
YIL148W,YGR132C,0,-1.4094526,0.308597594499588,0.9421157836914062,0.2115423083305359
YLR433C,YHR026W,0,-1.4098573,0.30849674344062805,0.9421157836914062,0.211642324924469
YJR133W,YDR092W,0,-1.410034,0.30839595198631287,0.9421157836914062,0.2117423415184021
YJL092W,YDR469W,0,-1.4100752,0.30829522013664246,0.9421157836914062,0.2118423730134964
YDR039C,YKL043W,0,-1.410335,0.3081945776939392,0.9421157836914062,0.2119423896074295
YPL147W,YGR243W,0,-1.4103773,0.30809399485588074,0.9421157836914062,0.2120424062013626
YLR044C,YIL004C,0,-1.4104482,0.30799347162246704,0.9421157836914062,0.21214242279529572
YJR074W,YPL086C,0,-1.4105161,0.3078930079936981,0.9421157836914062,0.21224245429039001
YIL148W,YOR185C,1,-1.4110334,0.30811867117881775,0.9431137442588806,0.21224245429039001
YGL051W,YMR155W,0,-1.4111578,0.3080182671546936,0.9431137442588806,0.21234247088432312
YNL039W,YPL256C,0,-1.4114046,0.30791789293289185,0.9431137442588806,0.21244248747825623
YDR039C,YBR002C,0,-1.4122858,0.30781757831573486,0.9431137442588806,0.21254250407218933
YEL006W,YOL158C,0,-1.4123672,0.30771735310554504,0.9431137442588806,0.21264253556728363
YDR140W,YKL012W,0,-1.4126267,0.3076171875,0.9431137442588806,0.21274255216121674
YDR099W,YJR125C,0,-1.4135885,0.30751708149909973,0.9431137442588806,0.21284256875514984
YMR073C,YCR072C,0,-1.4138093,0.30741703510284424,0.9431137442588806,0.21294258534908295
YCL056C,YDR079W,0,-1.4146258,0.3073170781135559,0.9431137442588806,0.21304260194301605
YKL156W,YLL018C-A,0,-1.4151404,0.30721715092658997,0.9431137442588806,0.21314263343811035
YHR055C,YGL084C,0,-1.4159338,0.3071173131465912,0.9431137442588806,0.21324265003204346
YGR026W,YOR292C,0,-1.4167004,0.3070175349712372,0.9431137442588806,0.21334266662597656
YHR088W,YOR185C,1,-1.4167638,0.30724260210990906,0.9441117644309998,0.21334266662597656
YFR047C,YDR434W,0,-1.4168096,0.30714285373687744,0.9441117644309998,0.21344268321990967
YBL058W,YPR098C,0,-1.4173181,0.3070431649684906,0.9441117644309998,0.21354271471500397
YMR307W,YKR036C,0,-1.4173214,0.30694353580474854,0.9441117644309998,0.21364273130893707
YOR017W,YJR002W,0,-1.4179032,0.30684399604797363,0.9441117644309998,0.21374274790287018
YAL005C,YGR061C,0,-1.4179038,0.3067444860935211,0.9441117644309998,0.21384276449680328
YJL154C,YER035W,0,-1.4183748,0.30664506554603577,0.9441117644309998,0.21394279599189758
YKL085W,YHR140W,0,-1.4185679,0.3065457046031952,0.9441117644309998,0.2140428125858307
YGL172W,YCR012W,0,-1.4187412,0.306446373462677,0.9441117644309998,0.2141428291797638
YGL018C,YCR077C,0,-1.4188584,0.30634716153144836,0.9441117644309998,0.2142428457736969
YNL339C,YKR095W,0,-1.41894,0.3062479794025421,0.9441117644309998,0.21434286236763
YNL188W,YCR027C,0,-1.4194171,0.30614885687828064,0.9441117644309998,0.2144428938627243
YOR315W,YFR051C,0,-1.4195033,0.30604982376098633,0.9441117644309998,0.2145429104566574
YER060W-A,YKR057W,0,-1.4195814,0.3059508502483368,0.9441117644309998,0.21464292705059052
YGR282C,YJL041W,0,-1.4198432,0.30585193634033203,0.9441117644309998,0.21474294364452362
YNL039W,YLR287C,0,-1.4198437,0.30575308203697205,0.9441117644309998,0.21484297513961792
YLL018C-A,YKL110C,0,-1.420048,0.30565428733825684,0.9441117644309998,0.21494299173355103
YKL042W,YMR080C,0,-1.4201323,0.3055555522441864,0.9441117644309998,0.21504300832748413
YNL113W,YAL043C,0,-1.4206791,0.30545690655708313,0.9441117644309998,0.21514302492141724
YBR262C,YGL047W,0,-1.4206872,0.30535829067230225,0.9441117644309998,0.21524304151535034
YML096W,YLR010C,0,-1.4209439,0.3052597641944885,0.9441117644309998,0.21534307301044464
YML128C,YHR117W,0,-1.4209526,0.3051612973213196,0.9441117644309998,0.21544308960437775
YDR376W,YMR315W,0,-1.4211338,0.3050628900527954,0.9441117644309998,0.21554310619831085
YNL145W,YGR132C,0,-1.4212646,0.304964542388916,0.9441117644309998,0.21564312279224396
YLR295C,YGL133W,0,-1.421542,0.3048662543296814,0.9441117644309998,0.21574315428733826
YDR245W,YDR488C,0,-1.4217165,0.30476805567741394,0.9441117644309998,0.21584317088127136
YDL018C,YNL328C,0,-1.4219389,0.30466988682746887,0.9441117644309998,0.21594318747520447
YDL229W,YPL169C,1,-1.4221323,0.30489376187324524,0.9451097846031189,0.21594318747520447
YBL066C,YKR059W,0,-1.4222391,0.30479562282562256,0.9451097846031189,0.21604320406913757
YKL097W-A,YHR111W,0,-1.4223244,0.30469754338264465,0.9451097846031189,0.21614323556423187
YGL094C,YOR106W,0,-1.4224703,0.3045995533466339,0.9451097846031189,0.21624325215816498
YGR024C,YBR215W,0,-1.4226582,0.30450159311294556,0.9451097846031189,0.21634326875209808
YHR152W,YCL056C,0,-1.4235884,0.30440372228622437,0.9451097846031189,0.2164432853460312
YMR060C,YIL004C,0,-1.4236903,0.30430591106414795,0.9451097846031189,0.2165433019399643
YMR019W,YLL049W,0,-1.4244161,0.3042081594467163,0.9451097846031189,0.2166433334350586
YGL252C,YIL067C,0,-1.42455,0.30411046743392944,0.9451097846031189,0.2167433500289917
YOR226C,YOR123C,0,-1.4247015,0.30401283502578735,0.9451097846031189,0.2168433666229248
YAL043C,YDL067C,0,-1.4256394,0.30391526222229004,0.9451097846031189,0.2169433832168579
YNR015W,YOR290C,0,-1.4259255,0.3038177788257599,0.9451097846031189,0.2170434147119522
YNL084C,YKL110C,0,-1.4262519,0.3037203252315521,0.9451097846031189,0.21714343130588531
YDR440W,YDL088C,0,-1.4263358,0.3036229610443115,0.9451097846031189,0.21724344789981842
YIL096C,YML017W,0,-1.4264145,0.3035256266593933,0.9451097846031189,0.21734346449375153
YOR106W,YDR320C-A,0,-1.4266751,0.30342838168144226,0.9451097846031189,0.21744349598884583
YLL031C,YOR079C,0,-1.4266789,0.303331196308136,0.9451097846031189,0.21754351258277893
YER103W,YMR164C,0,-1.4266917,0.3032340705394745,0.9451097846031189,0.21764352917671204
YHR191C,YBR014C,0,-1.4273226,0.30313700437545776,0.9451097846031189,0.21774354577064514
YOR080W,YKL028W,0,-1.4275146,0.3030399978160858,0.9451097846031189,0.21784356236457825
YDR257C,YBR239C,0,-1.4281719,0.30294305086135864,0.9451097846031189,0.21794359385967255
YIR041W,YDR519W,0,-1.4285951,0.30284619331359863,0.9451097846031189,0.21804361045360565
YLR229C,YDR334W,0,-1.4286005,0.302749365568161,0.9451097846031189,0.21814362704753876
YLR353W,YJL122W,0,-1.4295707,0.30265259742736816,0.9451097846031189,0.21824364364147186
YDL240W,YML093W,0,-1.4297383,0.3025559186935425,0.9451097846031189,0.21834367513656616
YDR363W-A,YGL084C,0,-1.4298542,0.3024592697620392,0.9451097846031189,0.21844369173049927
YPL132W,YBR087W,0,-1.430265,0.30236271023750305,0.9451097846031189,0.21854370832443237
YLL018C-A,YLR310C,0,-1.4307052,0.3022662103176117,0.9451097846031189,0.21864372491836548
YER102W,YIL112W,0,-1.4307799,0.3021697402000427,0.9451097846031189,0.21874374151229858
YGL070C,YEL002C,0,-1.4308918,0.3020733594894409,0.9451097846031189,0.21884377300739288
YOR027W,YMR113W,0,-1.4310621,0.3019770383834839,0.9451097846031189,0.218943789601326
YOR123C,YLR287C,0,-1.4311566,0.30188077688217163,0.9451097846031189,0.2190438061952591
YLR229C,YCR008W,0,-1.4315206,0.30178457498550415,0.9451097846031189,0.2191438227891922
YMR042W,YPR102C,0,-1.431612,0.30168843269348145,0.9451097846031189,0.2192438542842865
YJR085C,YDL018C,0,-1.4316523,0.3015923500061035,0.9451097846031189,0.2193438708782196
YGL253W,YDR434W,0,-1.431716,0.30149632692337036,0.9451097846031189,0.2194438874721527
YPL275W,YOR226C,0,-1.4324155,0.30140039324760437,0.9451097846031189,0.21954390406608582
YCR027C,YLR215C,0,-1.4328907,0.30130448937416077,0.9451097846031189,0.21964393556118011
YBR240C,YOL158C,0,-1.432931,0.30120864510536194,0.9451097846031189,0.21974395215511322
YBL093C,YBR290W,0,-1.4333261,0.3011128902435303,0.9451097846031189,0.21984396874904633
YKL155C,YJL186W,0,-1.4345205,0.301017165184021,0.9451097846031189,0.21994398534297943
YIL148W,YGR221C,0,-1.434581,0.3009214997291565,0.9451097846031189,0.22004400193691254
YCR007C,YHR053C,0,-1.4349661,0.30082592368125916,0.9451097846031189,0.22014403343200684
YPL093W,YOR185C,1,-1.4356115,0.3010479509830475,0.946107804775238,0.22014403343200684
YDL127W,YOR321W,0,-1.4361002,0.30095237493515015,0.946107804775238,0.22024405002593994
YOL032W,YGL084C,0,-1.436517,0.3008568584918976,0.946107804775238,0.22034406661987305
YJL154C,YHR047C,0,-1.4372509,0.3007614314556122,0.946107804775238,0.22044408321380615
YJL074C,YJL012C,0,-1.43785,0.30066603422164917,0.946107804775238,0.22054411470890045
YNL161W,YDR339C,0,-1.438232,0.30057069659233093,0.946107804775238,0.22064413130283356
YEL039C,YIL148W,0,-1.4383881,0.30047544836997986,0.946107804775238,0.22074414789676666
YKR035W-A,YBR290W,0,-1.4385445,0.30038022994995117,0.946107804775238,0.22084416449069977
YLL018C-A,YHL007C,0,-1.4387406,0.30028507113456726,0.946107804775238,0.22094419598579407
YJR068W,YJL129C,0,-1.439045,0.3001900017261505,0.946107804775238,0.22104421257972717
YMR323W,YJL223C,0,-1.4393294,0.30009496212005615,0.946107804775238,0.22114422917366028
YNL145W,YBR164C,0,-1.4393952,0.30000001192092896,0.946107804775238,0.22124424576759338
YKL042W,YGR283C,0,-1.439918,0.29990509152412415,0.946107804775238,0.2213442623615265
YGR234W,YOL044W,0,-1.4399402,0.2998102605342865,0.946107804775238,0.2214442938566208
YDL217C,YPL028W,0,-1.4400516,0.29971545934677124,0.946107804775238,0.2215443104505539
YBR044C,YEL055C,0,-1.4406698,0.29962074756622314,0.946107804775238,0.221644327044487
YGL234W,YGL174W,0,-1.441808,0.29952606558799744,0.946107804775238,0.2217443436384201
YER127W,YGL001C,0,-1.4418447,0.2994314730167389,0.946107804775238,0.2218443751335144
YOR080W,YIL148W,0,-1.441896,0.29933691024780273,0.946107804775238,0.2219443917274475
YPL169C,YER125W,1,-1.4419901,0.2995580732822418,0.9471057653427124,0.2219443917274475
YGR189C,YML086C,0,-1.4422734,0.29946354031562805,0.9471057653427124,0.22204440832138062
YMR119W,YKL039W,0,-1.442533,0.29936909675598145,0.9471057653427124,0.22214442491531372
YKL097W-A,YGR132C,0,-1.4431323,0.2992746829986572,0.9471057653427124,0.22224444150924683
YDR519W,YML086C,0,-1.4432178,0.2991803288459778,0.9471057653427124,0.22234447300434113
YER142C,YFL054C,0,-1.4432476,0.2990860342979431,0.9471057653427124,0.22244448959827423
YKL077W,YJL085W,0,-1.4439721,0.2989917993545532,0.9471057653427124,0.22254450619220734
YNR037C,YCR027C,0,-1.4441087,0.2988976240158081,0.9471057653427124,0.22264452278614044
YDL021W,YOR291W,0,-1.4441605,0.29880353808403015,0.9471057653427124,0.22274455428123474
YOR233W,YIR008C,0,-1.4441668,0.2987094819545746,0.9471057653427124,0.22284457087516785
YGR234W,YDL184C,0,-1.4448267,0.2986154854297638,0.9471057653427124,0.22294458746910095
YDL136W,YDR343C,0,-1.4452446,0.2985215485095978,0.9471057653427124,0.22304460406303406
YIL063C,YMR047C,1,-1.4454775,0.2987421452999115,0.9481037855148315,0.22304460406303406
YGR279C,YDR085C,0,-1.4456251,0.29864823818206787,0.9481037855148315,0.22314463555812836
YLR118C,YEL055C,0,-1.4462757,0.29855436086654663,0.9481037855148315,0.22324465215206146
YER060W-A,YNL164C,0,-1.4465861,0.29846057295799255,0.9481037855148315,0.22334466874599457
YMR119W,YLR441C,0,-1.446816,0.29836684465408325,0.9481037855148315,0.22344468533992767
YGR129W,YDL236W,0,-1.447239,0.29827314615249634,0.9481037855148315,0.22354470193386078
YIL115C,YPL169C,1,-1.4473228,0.2984934151172638,0.9491018056869507,0.22354470193386078
YBR098W,YOL109W,0,-1.4474032,0.29839974641799927,0.9491018056869507,0.22364473342895508
YKL034W,YLR337C,0,-1.44766,0.2983061373233795,0.9491018056869507,0.22374475002288818
YDR266C,YDR156W,0,-1.4477326,0.29821261763572693,0.9491018056869507,0.2238447666168213
YHR055C,YLR109W,0,-1.4477487,0.29811912775039673,0.9491018056869507,0.2239447832107544
YGR054W,YMR246W,0,-1.4479731,0.2980256974697113,0.9491018056869507,0.2240448147058487
YCL034W,YOR090C,0,-1.4480307,0.29793232679367065,0.9491018056869507,0.2241448312997818
YJL066C,YPR181C,0,-1.4485121,0.2978390157222748,0.9491018056869507,0.2242448478937149
YLR323C,YBL093C,0,-1.4488113,0.2977457642555237,0.9491018056869507,0.224344864487648
YDR033W,YKR028W,0,-1.4495182,0.29765257239341736,0.9491018056869507,0.2244448959827423
YLR197W,YNL138W-A,0,-1.4495364,0.2975594401359558,0.9491018056869507,0.22454491257667542
YPR033C,YBL016W,0,-1.4497985,0.29746636748313904,0.9491018056869507,0.22464492917060852
YJL157C,YEL046C,0,-1.4500685,0.29737335443496704,0.9491018056869507,0.22474494576454163
YKL125W,YKL020C,0,-1.4511547,0.2972804009914398,0.9491018056869507,0.22484496235847473
YKR036C,YHR154W,0,-1.4511704,0.2971875071525574,0.9491018056869507,0.22494499385356903
YJL200C,YDR175C,0,-1.451476,0.2970946431159973,0.9491018056869507,0.22504501044750214
YLL018C,YOL136C,0,-1.451587,0.2970018684864044,0.9491018056869507,0.22514502704143524
YJR077C,YOR049C,0,-1.4518822,0.2969091534614563,0.9491018056869507,0.22524504363536835
YNL113W,YJR074W,0,-1.4519107,0.29681646823883057,0.9491018056869507,0.22534507513046265
YHR066W,YOL136C,0,-1.4521644,0.296723872423172,0.9491018056869507,0.22544509172439575
YHR205W,YDL035C,0,-1.4522588,0.2966313064098358,0.9491018056869507,0.22554510831832886
YBL093C,YDR363W-A,0,-1.4522622,0.2965388298034668,0.9491018056869507,0.22564512491226196
YEL034W,YER074W-A,0,-1.4523036,0.29644638299942017,0.9491018056869507,0.22574515640735626
YPR100W,YPR173C,0,-1.4523914,0.2963539958000183,0.9491018056869507,0.22584517300128937
YNL188W,YOR240W,0,-1.4528637,0.29626166820526123,0.9491018056869507,0.22594518959522247
YKL104C,YJR024C,0,-1.4529157,0.2961694300174713,0.9491018056869507,0.22604520618915558
YMR119W,YOR243C,0,-1.4529487,0.2960772216320038,0.9491018056869507,0.22614522278308868
YMR190C,YMR031C,0,-1.4529827,0.29598507285118103,0.9491018056869507,0.22624525427818298
YFR041C,YGR100W,0,-1.4533175,0.29589295387268066,0.9491018056869507,0.2263452708721161
YDR071C,YMR080C,0,-1.4534502,0.29580092430114746,0.9491018056869507,0.2264452874660492
YBR288C,YLR390W-A,0,-1.4536734,0.29570895433425903,0.9491018056869507,0.2265453040599823
YLL018C-A,YFL013C,0,-1.4541446,0.2956170439720154,0.9491018056869507,0.2266453355550766
YLR166C,YDR363W-A,0,-1.4549396,0.2955251634120941,0.9491018056869507,0.2267453521490097
YER055C,YPL036W,0,-1.455141,0.29543337225914,0.9491018056869507,0.2268453687429428
YMR315W,YBL013W,0,-1.4554095,0.2953416109085083,0.9491018056869507,0.22694538533687592
YOR087W,YFL037W,0,-1.4559903,0.29524990916252136,0.9491018056869507,0.22704540193080902
YOL019W,YFR002W,0,-1.4563195,0.2951582968235016,0.9491018056869507,0.22714543342590332
YMR012W,YDR400W,0,-1.4572073,0.2950667142868042,0.9491018056869507,0.22724545001983643
YNL293W,YER179W,0,-1.4573998,0.2949751913547516,0.9491018056869507,0.22734546661376953
YKL020C,YOR303W,0,-1.4581146,0.29488372802734375,0.9491018056869507,0.22744548320770264
YDR375C,YHR154W,0,-1.4581742,0.2947923243045807,0.9491018056869507,0.22754551470279694
YKL097W-A,YNL240C,0,-1.4585391,0.29470095038414,0.9491018056869507,0.22764553129673004
YER179W,YDR529C,0,-1.4585656,0.2946096658706665,0.9491018056869507,0.22774554789066315
YJR054W,YGR004W,0,-1.4586115,0.29451844096183777,0.9491018056869507,0.22784556448459625
YHR084W,YNR018W,0,-1.4587154,0.2944272458553314,0.9491018056869507,0.22794559597969055
YMR241W,YNL161W,0,-1.4587464,0.29433611035346985,0.9491018056869507,0.22804561257362366
YGR104C,YIR008C,0,-1.4589448,0.29424506425857544,0.9491018056869507,0.22814562916755676
YOL067C,YDR447C,0,-1.4591255,0.2941540479660034,0.9491018056869507,0.22824564576148987
YLR323C,YJL117W,0,-1.4597812,0.29406309127807617,0.9491018056869507,0.22834566235542297
YOR383C,YOR049C,0,-1.4608164,0.2939721643924713,0.9491018056869507,0.22844569385051727
YMR164C,YJR125C,0,-1.4613967,0.2938813269138336,0.9491018056869507,0.22854571044445038
YMR159C,YFL044C,0,-1.461781,0.2937905490398407,0.9491018056869507,0.22864572703838348
YHR114W,YJL223C,0,-1.4618216,0.29369980096817017,0.9491018056869507,0.2287457436323166
YPR171W,YHL020C,0,-1.4621392,0.2936091423034668,0.9491018056869507,0.2288457751274109
YHR140W,YGR070W,0,-1.4623641,0.2935185134410858,0.9491018056869507,0.228945791721344
YAL043C,YDL143W,0,-1.4623969,0.2934279441833496,0.9491018056869507,0.2290458083152771
YOR233W,YLR023C,0,-1.4625747,0.2933374345302582,0.9491018056869507,0.2291458249092102
YOL077C,YPL041C,0,-1.4626173,0.2932469844818115,0.9491018056869507,0.2292458564043045
YDR200C,YOR027W,0,-1.4640737,0.29315659403800964,0.9491018056869507,0.2293458729982376
YDR375C,YOL052C,0,-1.4644065,0.29306626319885254,0.9491018056869507,0.22944588959217072
YLR115W,YDR457W,0,-1.4645668,0.2929759621620178,0.9491018056869507,0.22954590618610382
YJL159W,YJL117W,0,-1.4646912,0.29288575053215027,0.9491018056869507,0.22964592278003693
YMR093W,YNL249C,0,-1.4653513,0.2927955687046051,0.9491018056869507,0.22974595427513123
YPR082C,YDR448W,0,-1.4656656,0.2927054464817047,0.9491018056869507,0.22984597086906433
YBR002C,YJL085W,0,-1.4660299,0.2926153838634491,0.9491018056869507,0.22994598746299744
YJL200C,YIL112W,0,-1.4667544,0.29252538084983826,0.9491018056869507,0.23004600405693054
YPL239W,YGR221C,0,-1.4668761,0.2924354374408722,0.9491018056869507,0.23014603555202484
YFL041W,YPL002C,0,-1.4670677,0.2923455238342285,0.9491018056869507,0.23024605214595795
YNR015W,YLR394W,0,-1.4670808,0.292255699634552,0.9491018056869507,0.23034606873989105
YOR240W,YPL081W,0,-1.4678003,0.2921659052371979,0.9491018056869507,0.23044608533382416
YCR021C,YLR337C,0,-1.4684209,0.2920761704444885,0.9491018056869507,0.23054610192775726
YGR195W,YIR002C,0,-1.4686747,0.29198649525642395,0.9491018056869507,0.23064613342285156
YLR353W,YGL122C,0,-1.4689015,0.29189687967300415,0.9491018056869507,0.23074615001678467
YDR419W,YOL149W,0,-1.4689071,0.29180729389190674,0.9491018056869507,0.23084616661071777
YLR466W,YCR024C-A,0,-1.4690573,0.2917177975177765,0.9491018056869507,0.23094618320465088
YDR245W,YER069W,0,-1.4691157,0.29162833094596863,0.9491018056869507,0.23104621469974518
YER056C,YER065C,0,-1.4704665,0.29153892397880554,0.9491018056869507,0.23114623129367828
YKL146W,YLR421C,0,-1.47086,0.29144957661628723,0.9491018056869507,0.2312462478876114
YMR258C,YGL161C,0,-1.470985,0.2913602888584137,0.9491018056869507,0.2313462644815445
YDR447C,YJR127C,0,-1.4714155,0.29127106070518494,0.9491018056869507,0.2314462959766388
YHR026W,YLR085C,0,-1.4716768,0.29118186235427856,0.9491018056869507,0.2315463125705719
YMR307W,YGR104C,0,-1.472765,0.29109275341033936,0.9491018056869507,0.231646329164505
YML040W,YKR036C,0,-1.4727733,0.29100367426872253,0.9491018056869507,0.2317463457584381
YPR082C,YLR361C,0,-1.4729714,0.2909146547317505,0.9491018056869507,0.23184636235237122
YJL173C,YER112W,0,-1.4731271,0.2908256947994232,0.9491018056869507,0.23194639384746552
YGL234W,YAL013W,0,-1.4734905,0.29073676466941833,0.9491018056869507,0.23204641044139862
YDR156W,YHR154W,0,-1.4739852,0.2906479239463806,0.9491018056869507,0.23214642703533173
YLR219W,YLL025W,0,-1.4743488,0.2905591130256653,0.9491018056869507,0.23224644362926483
YOL077C,YDR374C,0,-1.474402,0.2904703617095947,0.9491018056869507,0.23234647512435913
YBR218C,YIL126W,0,-1.4744055,0.29038166999816895,0.9491018056869507,0.23244649171829224
YFR009W,YER164W,0,-1.474984,0.29029303789138794,0.9491018056869507,0.23254650831222534
YLR136C,YFL044C,0,-1.4751107,0.2902044653892517,0.9491018056869507,0.23264652490615845
YOL094C,YDR334W,0,-1.4759486,0.29011592268943787,0.9491018056869507,0.23274655640125275
YGL174W,YJR088C,0,-1.4765598,0.2900274395942688,0.9491018056869507,0.23284657299518585
YER102W,YER101C,0,-1.476585,0.2899390161037445,0.9491018056869507,0.23294658958911896
YKL034W,YMR278W,0,-1.4766467,0.289850652217865,0.9491018056869507,0.23304660618305206
YJR046W,YML071C,0,-1.477176,0.28976234793663025,0.9491018056869507,0.23314662277698517
YGL051W,YFR050C,0,-1.4771774,0.2896740734577179,0.9491018056869507,0.23324665427207947
YEL068C,YDL046W,0,-1.4773846,0.2895858585834503,0.9491018056869507,0.23334667086601257
YOL071W,YFR024C,0,-1.4774525,0.2894977033138275,0.9491018056869507,0.23344668745994568
YGL252C,YNL161W,0,-1.4784396,0.2894096076488495,0.9491018056869507,0.23354670405387878
YGR234W,YMR099C,0,-1.4785701,0.28932157158851624,0.9491018056869507,0.23364673554897308
YDL229W,YLR106C,1,-1.4786756,0.2895376980304718,0.9500998258590698,0.23364673554897308
YGR282C,YOR039W,0,-1.478953,0.28944969177246094,0.9500998258590698,0.2337467521429062
YEL024W,YOR275C,0,-1.4790509,0.28936171531677246,0.9500998258590698,0.2338467687368393
YDL229W,YOR185C,1,-1.4796984,0.2895776331424713,0.9510977864265442,0.2338467687368393
YMR258C,YHR027C,0,-1.4799333,0.2894896864891052,0.9510977864265442,0.2339467853307724
YHR048W,YGL089C,0,-1.4802058,0.2894017696380615,0.9510977864265442,0.2340468019247055
YHR171W,YGR223C,0,-1.4802086,0.2893139123916626,0.9510977864265442,0.2341468334197998
YPL174C,YOL007C,0,-1.4807632,0.28922611474990845,0.9510977864265442,0.2342468500137329
YEL012W,YLR439W,0,-1.4807763,0.2891383469104767,0.9510977864265442,0.23434686660766602
YPL206C,YDR342C,0,-1.4814384,0.2890506386756897,0.9510977864265442,0.23444688320159912
YDR266C,YHR207C,0,-1.4816241,0.2889630198478699,0.9510977864265442,0.23454691469669342
YCR008W,YGR116W,0,-1.4818537,0.28887543082237244,0.9510977864265442,0.23464693129062653
YIR002C,YIL067C,0,-1.4825023,0.2887878715991974,0.9510977864265442,0.23474694788455963
YOR057W,YDL065C,0,-1.4828587,0.2887004017829895,0.9510977864265442,0.23484696447849274
YBR021W,YHR031C,0,-1.4833302,0.288612961769104,0.9510977864265442,0.23494699597358704
YKL057C,YJL041W,1,-1.4840548,0.2888283431529999,0.9520958065986633,0.23494699597358704
YKL024C,YKL155C,0,-1.4847546,0.28874093294143677,0.9520958065986633,0.23504701256752014
YJL157C,YOL044W,0,-1.4848702,0.28865355253219604,0.9520958065986633,0.23514702916145325
YGL108C,YNL328C,0,-1.4850922,0.2885662317276001,0.9520958065986633,0.23524704575538635
YOR254C,YNL027W,0,-1.4853178,0.2884789705276489,0.9520958065986633,0.23534706234931946
YFL017C,YPL028W,0,-1.4854486,0.28839176893234253,0.9520958065986633,0.23544709384441376
YKL093W,YDR363W-A,0,-1.4858344,0.2883046269416809,0.9520958065986633,0.23554711043834686
YPR025C,YKL158W,0,-1.4867508,0.2882175147533417,0.9520958065986633,0.23564712703227997
YPL253C,YHR048W,0,-1.4870529,0.2881304621696472,0.9520958065986633,0.23574714362621307
YBL028C,YBR291C,0,-1.4871191,0.28804346919059753,0.9520958065986633,0.23584717512130737
YJR074W,YGR031W,0,-1.4873037,0.2879565358161926,0.9520958065986633,0.23594719171524048
YLR369W,YGR211W,0,-1.487305,0.2878696322441101,0.9520958065986633,0.23604720830917358
YBR060C,YCR094W,0,-1.4875295,0.28778281807899475,0.9520958065986633,0.2361472249031067
YIL113W,YHR132W-A,0,-1.4875588,0.2876960337162018,0.9520958065986633,0.236247256398201
YGR155W,YAR027W,0,-1.4876866,0.2876092791557312,0.9520958065986633,0.2363472729921341
YNL136W,YLR085C,0,-1.4879589,0.2875226140022278,0.9520958065986633,0.2364472895860672
YMR093W,YBL022C,0,-1.4887407,0.28743597865104675,0.9520958065986633,0.2365473061800003
YEL012W,YLR369W,0,-1.4888155,0.2873494029045105,0.9520958065986633,0.2366473227739334
YDR266C,YGR091W,0,-1.4888717,0.287262886762619,0.9520958065986633,0.2367473542690277
YGR024C,YJL124C,0,-1.488913,0.2871764004230499,0.9520958065986633,0.23684737086296082
YOR206W,YKL134C,0,-1.489336,0.2870899736881256,0.9520958065986633,0.23694738745689392
YJL042W,YOL004W,0,-1.4893523,0.28700360655784607,0.9520958065986633,0.23704740405082703
YLR114C,YBR291C,0,-1.489392,0.2869172990322113,0.9520958065986633,0.23714743554592133
YMR052W,YGL009C,0,-1.4896877,0.2868310213088989,0.9520958065986633,0.23724745213985443
YOR391C,YIL173W,0,-1.4897492,0.2867448031902313,0.9520958065986633,0.23734746873378754
YPR194C,YLR394W,0,-1.4900407,0.2866586446762085,0.9520958065986633,0.23744748532772064
YNL268W,YDL236W,0,-1.4905024,0.28657254576683044,0.9520958065986633,0.23754751682281494
YHR205W,YHR117W,0,-1.4906265,0.2864864766597748,0.9520958065986633,0.23764753341674805
YER113C,YGL137W,0,-1.4907172,0.2864004671573639,0.9520958065986633,0.23774755001068115
YER056C,YFL044C,0,-1.4908164,0.2863145172595978,0.9520958065986633,0.23784756660461426
YGR279C,YPR151C,0,-1.4908824,0.28622862696647644,0.9520958065986633,0.23794758319854736
YIL126W,YPR100W,0,-1.4910777,0.2861427664756775,0.9520958065986633,0.23804761469364166
YAR044W,YEL039C,0,-1.491423,0.2860569655895233,0.9520958065986633,0.23814763128757477
YGR254W,YCR094W,0,-1.4915466,0.2859712243080139,0.9520958065986633,0.23824764788150787
YGL086W,YGR134W,0,-1.4919144,0.2858855128288269,0.9520958065986633,0.23834766447544098
YBR218C,YJL187C,0,-1.49208,0.28579989075660706,0.9520958065986633,0.23844769597053528
YML064C,YOR071C,0,-1.4922662,0.2857142984867096,0.9520958065986633,0.23854771256446838
YCR042C,YEL055C,0,-1.4929631,0.2856287360191345,0.9520958065986633,0.2386477291584015
YBR092C,YLR166C,0,-1.4932916,0.2855432629585266,0.9520958065986633,0.2387477457523346
YER089C,YOL007C,0,-1.4933212,0.2854578197002411,0.9520958065986633,0.2388477623462677
YKR094C,YOR185C,1,-1.4933895,0.28567156195640564,0.9530938267707825,0.2388477623462677
YGR195W,YGR279C,0,-1.4934757,0.2855861186981201,0.9530938267707825,0.238947793841362
YPL002C,YHR115C,0,-1.4939741,0.28550073504447937,0.9530938267707825,0.2390478104352951
YLR369W,YMR093W,0,-1.4943335,0.2854154109954834,0.9530938267707825,0.2391478270292282
YHR129C,YER064C,0,-1.4944456,0.2853301465511322,0.9530938267707825,0.23924784362316132
YPL112C,YFR051C,0,-1.4945629,0.2852449119091034,0.9530938267707825,0.23934787511825562
YDL067C,YBL087C,0,-1.4948269,0.28515973687171936,0.9530938267707825,0.23944789171218872
YGL231C,YJR074W,0,-1.4948332,0.2850746214389801,0.9530938267707825,0.23954790830612183
YOR104W,YOL077W-A,0,-1.495043,0.2849895656108856,0.9530938267707825,0.23964792490005493
YHR152W,YEL018W,0,-1.4950672,0.2849045395851135,0.9530938267707825,0.23974795639514923
YKR062W,YAL017W,0,-1.4953105,0.2848195731639862,0.9530938267707825,0.23984797298908234
YEL069C,YGL047W,0,-1.4954705,0.2847346365451813,0.9530938267707825,0.23994798958301544
YLR348C,YDR084C,0,-1.4960564,0.2846497893333435,0.9530938267707825,0.24004800617694855
YBR054W,YDR334W,0,-1.4963193,0.2845649719238281,0.9530938267707825,0.24014802277088165
YFR002W,YMR192W,0,-1.4963689,0.28448018431663513,0.9530938267707825,0.24024805426597595
YHR157W,YDR156W,0,-1.4964031,0.2843954861164093,0.9530938267707825,0.24034807085990906
YOR396W,YLR158C,0,-1.4973466,0.28431081771850586,0.9530938267707825,0.24044808745384216
YLR143W,YJR028W,0,-1.4982368,0.2842261791229248,0.9530938267707825,0.24054810404777527
YBR065C,YGR030C,0,-1.4984878,0.2841416299343109,0.9530938267707825,0.24064813554286957
YPL241C,YER174C,0,-1.4985318,0.2840571105480194,0.9530938267707825,0.24074815213680267
YJL001W,YLR309C,0,-1.4988649,0.2839726507663727,0.9530938267707825,0.24084816873073578
YAL013W,YHL021C,0,-1.4992745,0.28388822078704834,0.9530938267707825,0.24094818532466888
YDL217C,YKR095W,0,-1.4994024,0.2838038504123688,0.9530938267707825,0.24104821681976318
YPR019W,YMR233W,0,-1.4998518,0.283719539642334,0.9530938267707825,0.2411482334136963
YLR219W,YJR086W,0,-1.4999216,0.28363528847694397,0.9530938267707825,0.2412482500076294
YOL116W,YDR105C,0,-1.5000918,0.28355106711387634,0.9530938267707825,0.2413482666015625
YDL065C,YER110C,0,-1.5004389,0.2834669053554535,0.9530938267707825,0.2414482831954956
YJR051W,YBL042C,0,-1.500632,0.2833828032016754,0.9530938267707825,0.2415483146905899
YIL004C,YKL046C,0,-1.500638,0.2832987308502197,0.9530938267707825,0.241648331284523
YER063W,YGL030W,0,-1.5009255,0.2832147181034088,0.9530938267707825,0.24174834787845612
YKL062W,YFR002W,0,-1.5010893,0.2831307351589203,0.9530938267707825,0.24184836447238922
YDL084W,YLR044C,0,-1.5014083,0.2830468416213989,0.9530938267707825,0.24194839596748352
YLR407W,YBL006C,0,-1.5014424,0.28296294808387756,0.9530938267707825,0.24204841256141663
YKL125W,YDR084C,0,-1.5015951,0.28287914395332336,0.9530938267707825,0.24214842915534973
YDR427W,YGL047W,0,-1.5018352,0.28279536962509155,0.9530938267707825,0.24224844574928284
YER013W,YPL111W,0,-1.50195,0.2827116549015045,0.9530938267707825,0.24234846234321594
YJR051W,YCR072C,0,-1.5020872,0.28262799978256226,0.9530938267707825,0.24244849383831024
YJR084W,YOR071C,0,-1.5027931,0.2825443744659424,0.9530938267707825,0.24254851043224335
YNL252C,YOL043C,0,-1.5028293,0.2824608087539673,0.9530938267707825,0.24264852702617645
YDL217C,YGR004W,0,-1.5029948,0.28237730264663696,0.9530938267707825,0.24274854362010956
YMR214W,YER023W,0,-1.5030541,0.28229382634162903,0.9530938267707825,0.24284857511520386
YER056C,YCR021C,0,-1.5033562,0.28221040964126587,0.9530938267707825,0.24294859170913696
YPR194C,YER174C,0,-1.5035725,0.2821270227432251,0.9530938267707825,0.24304860830307007
YJR102C,YNL215W,0,-1.5036803,0.2820436954498291,0.9530938267707825,0.24314862489700317
YLR240W,YNL015W,0,-1.503693,0.2819604277610779,0.9530938267707825,0.24324865639209747
YOR388C,YOR079C,0,-1.503715,0.28187721967697144,0.9530938267707825,0.24334867298603058
YKR088C,YIL068C,0,-1.5039835,0.2817940413951874,0.9530938267707825,0.24344868957996368
YOL041C,YNL098C,0,-1.5042651,0.2817109227180481,0.9530938267707825,0.2435487061738968
YNL261W,YCR039C,0,-1.5043049,0.2816278338432312,0.9530938267707825,0.2436487227678299
YLR442C,YCR043C,0,-1.5044913,0.2815448045730591,0.9530938267707825,0.2437487542629242
YPR085C,YGR138C,0,-1.5045547,0.28146183490753174,0.9530938267707825,0.2438487708568573
YBL080C,YGR185C,0,-1.5047708,0.2813788950443268,0.9530938267707825,0.2439487874507904
YBL093C,YER113C,0,-1.5048933,0.2812960147857666,0.9530938267707825,0.2440488040447235
YHR012W,YHR087W,0,-1.5056319,0.2812131941318512,0.9530938267707825,0.2441488355398178
YNL003C,YLR167W,0,-1.5057317,0.2811304032802582,0.9530938267707825,0.24424885213375092
YKR059W,YGL051W,0,-1.5064349,0.28104767203330994,0.9530938267707825,0.24434886872768402
YJL090C,YLR407W,0,-1.5064741,0.28096500039100647,0.9530938267707825,0.24444888532161713
YMR316W,YFR002W,0,-1.5068564,0.2808823585510254,0.9530938267707825,0.24454891681671143
YJR054W,YNL320W,0,-1.5076396,0.2807997763156891,0.9530938267707825,0.24464893341064453
YER146W,YLL018C,0,-1.5077708,0.28071722388267517,0.9530938267707825,0.24474895000457764
YJL222W,YLR362W,0,-1.5081493,0.28063473105430603,0.9530938267707825,0.24484896659851074
YPR187W,YFL057C,0,-1.5083237,0.28055229783058167,0.9530938267707825,0.24494898319244385
YLR106C,YMR247C,0,-1.508568,0.2804698944091797,0.9530938267707825,0.24504901468753815
YMR197C,YLR390W-A,0,-1.5091176,0.2803875505924225,0.9530938267707825,0.24514903128147125
YNL048W,YHL023C,0,-1.5091411,0.28030526638031006,0.9530938267707825,0.24524904787540436
YLR050C,YFR047C,0,-1.5091553,0.28022301197052,0.9530938267707825,0.24534906446933746
YPR144C,YGL204C,0,-1.5095291,0.28014081716537476,0.9530938267707825,0.24544909596443176
YGR223C,YLL016W,0,-1.5095572,0.2800586521625519,0.9530938267707825,0.24554911255836487
YOL109W,YPL115C,0,-1.5097368,0.2799765467643738,0.9530938267707825,0.24564912915229797
YKL156W,YOR090C,0,-1.5099418,0.27989450097084045,0.9530938267707825,0.24574914574623108
YBR218C,YGL137W,0,-1.5102234,0.2798124849796295,0.9530938267707825,0.24584917724132538
YLR116W,YGR185C,0,-1.5104712,0.27973052859306335,0.9530938267707825,0.24594919383525848
YDR381W,YER154W,0,-1.5108203,0.2796486020088196,0.9530938267707825,0.2460492104291916
YNL001W,YAL024C,0,-1.5110033,0.2795667350292206,0.9530938267707825,0.2461492270231247
YOR027W,YFR002W,0,-1.511049,0.27948492765426636,0.9530938267707825,0.2462492436170578
YDL212W,YIL067C,0,-1.5110976,0.2794031500816345,0.9530938267707825,0.2463492751121521
YKL176C,YDL088C,0,-1.5112925,0.27932143211364746,0.9530938267707825,0.2464492917060852
YEL039C,YGR135W,0,-1.5117798,0.2792397737503052,0.9530938267707825,0.2465493083000183
YBR262C,YER110C,0,-1.51205,0.2791581451892853,0.9530938267707825,0.24664932489395142
YBL022C,YLR421C,0,-1.5120549,0.27907657623291016,0.9530938267707825,0.24674935638904572
YNL181W,YJL041W,0,-1.5126138,0.2789950370788574,0.9530938267707825,0.24684937298297882
YGL086W,YBR218C,0,-1.5126686,0.27891355752944946,0.9530938267707825,0.24694938957691193
YLR136C,YHR154W,0,-1.5130131,0.2788321077823639,0.9530938267707825,0.24704940617084503
YOR201C,YJL110C,0,-1.5131776,0.2787507176399231,0.9530938267707825,0.24714942276477814
YPR138C,YKL003C,0,-1.5134611,0.2786693871021271,0.9530938267707825,0.24724945425987244
YIL018W,YGL229C,0,-1.5140934,0.27858808636665344,0.9530938267707825,0.24734947085380554
YGR218W,YLR106C,1,-1.5145527,0.27879849076271057,0.9540917873382568,0.24734947085380554
YDR152W,YJL134W,0,-1.514619,0.27871719002723694,0.9540917873382568,0.24744948744773865
YFL013C,YGR279C,0,-1.5147829,0.27863597869873047,0.9540917873382568,0.24754950404167175
YDL177C,YJR124C,0,-1.5149302,0.278554767370224,0.9540917873382568,0.24764953553676605
YHR026W,YBR093C,0,-1.5150086,0.2784736454486847,0.9540917873382568,0.24774955213069916
YIL027C,YLR390W-A,0,-1.5154405,0.2783925533294678,0.9540917873382568,0.24784956872463226
YNL003C,YOL077W-A,0,-1.5154787,0.27831149101257324,0.9540917873382568,0.24794958531856537
YGR280C,YER174C,0,-1.5166583,0.2782304883003235,0.9540917873382568,0.24804961681365967
YDR071C,YNL098C,0,-1.5168839,0.2781495451927185,0.9540917873382568,0.24814963340759277
YFL026W,YCR072C,0,-1.5169669,0.2780686318874359,0.9540917873382568,0.24824965000152588
YPR138C,YGR229C,0,-1.5172429,0.2779877781867981,0.9540917873382568,0.24834966659545898
YKR029C,YGR072W,0,-1.5173128,0.27790698409080505,0.9540917873382568,0.2484496831893921
YOR240W,YDR363W-A,0,-1.5175874,0.2778262197971344,0.9540917873382568,0.2485497146844864
YNL265C,YLR361C,0,-1.5178723,0.27774548530578613,0.9540917873382568,0.2486497312784195
YER056C,YDR490C,0,-1.518143,0.27766484022140503,0.9540917873382568,0.2487497478723526
YOR185C,YNR053C,1,-1.5182292,0.27787455916404724,0.955089807510376,0.2487497478723526
YLR035C,YHL002W,0,-1.5185239,0.27779391407966614,0.955089807510376,0.2488497644662857
YDR062W,YOR299W,0,-1.5188133,0.2777132987976074,0.955089807510376,0.24894979596138
YGL243W,YOR077W,0,-1.5188432,0.2776327133178711,0.955089807510376,0.2490498125553131
YIL085C,YGR129W,0,-1.5193224,0.27755221724510193,0.955089807510376,0.24914982914924622
YML102W,YNL252C,0,-1.5193866,0.27747172117233276,0.955089807510376,0.24924984574317932
YMR184W,YLR441C,0,-1.5194371,0.27739131450653076,0.955089807510376,0.24934987723827362
YBR276C,YGR068C,0,-1.5196242,0.27731093764305115,0.955089807510376,0.24944989383220673
YMR307W,YDR371W,0,-1.5198748,0.2772305905818939,0.955089807510376,0.24954991042613983
YML065W,YER129W,0,-1.5199261,0.27715030312538147,0.955089807510376,0.24964992702007294
YNL312W,YFR050C,0,-1.520479,0.2770700752735138,0.955089807510376,0.24974994361400604
YLR260W,YKL085W,0,-1.5206783,0.2769898772239685,0.955089807510376,0.24984997510910034
YLR433C,YDR238C,0,-1.5207114,0.2769097089767456,0.955089807510376,0.24994999170303345
YMR233W,YCR043C,0,-1.5207956,0.27682963013648987,0.955089807510376,0.25005000829696655
YMR096W,YGL184C,0,-1.5212021,0.2767495810985565,0.955089807510376,0.25015002489089966
YNL010W,YBL071W-A,0,-1.5213871,0.27666956186294556,0.955089807510376,0.25025004148483276
YPR085C,YHR115C,0,-1.5222775,0.27658960223197937,0.955089807510376,0.25035005807876587
YDR245W,YBR175W,0,-1.5223503,0.27650967240333557,0.955089807510376,0.25045010447502136
YBR156C,YDL143W,0,-1.5223689,0.27642980217933655,0.955089807510376,0.25055012106895447
YPL013C,YLR421C,0,-1.5224167,0.2763499915599823,0.955089807510376,0.2506501376628876
YIL072W,YOR292C,0,-1.5224428,0.27627021074295044,0.955089807510376,0.2507501542568207
YER043C,YBL084C,0,-1.5231483,0.27619048953056335,0.955089807510376,0.2508501708507538
YOR396W,YDR017C,0,-1.5231498,0.27611079812049866,0.955089807510376,0.2509501874446869
YDL217C,YLR348C,0,-1.5233197,0.27603113651275635,0.955089807510376,0.25105020403862
YDL185W,YKL176C,0,-1.5233479,0.2759515643119812,0.955089807510376,0.2511502206325531
YNL177C,YOR057W,0,-1.523421,0.27587202191352844,0.955089807510376,0.2512502372264862
YBR162W-A,YDR014W,0,-1.523675,0.27579250931739807,0.955089807510376,0.2513502836227417
YGR091W,YGR283C,0,-1.523814,0.2757130563259125,0.955089807510376,0.2514503002166748
YJL053W,YMR159C,0,-1.5240446,0.27563363313674927,0.955089807510376,0.2515503168106079
YIL072W,YMR027W,0,-1.5241128,0.27555426955223083,0.955089807510376,0.251650333404541
YML016C,YJR032W,0,-1.5242968,0.2754749655723572,0.955089807510376,0.2517503499984741
YEL070W,YEL046C,0,-1.5245736,0.2753956913948059,0.955089807510376,0.2518503665924072
YJR136C,YOR093C,0,-1.5247068,0.275316447019577,0.955089807510376,0.25195038318634033
YLR239C,YML086C,0,-1.5248227,0.2752372622489929,0.955089807510376,0.25205039978027344
YOR226C,YBR093C,0,-1.5252401,0.2751581370830536,0.955089807510376,0.25215041637420654
YPR028W,YOL007C,0,-1.525254,0.27507904171943665,0.955089807510376,0.25225046277046204
YOR315W,YJL096W,0,-1.5253533,0.2750000059604645,0.955089807510376,0.25235047936439514
YBR054W,YHL021C,0,-1.5253885,0.2749210000038147,0.955089807510376,0.25245049595832825
YLR297W,YOR032C,0,-1.525456,0.2748420536518097,0.955089807510376,0.25255051255226135
YFR024C,YDL236W,0,-1.5255516,0.2747631371021271,0.955089807510376,0.25265052914619446
YCR042C,YBL084C,0,-1.5257913,0.27468428015708923,0.955089807510376,0.25275054574012756
YGL070C,YIL068C,0,-1.5263729,0.2746054530143738,0.955089807510376,0.25285056233406067
YDL224C,YIR026C,0,-1.5265918,0.2745266854763031,0.955089807510376,0.2529505789279938
YBL031W,YKL027W,0,-1.526637,0.2744479477405548,0.955089807510376,0.2530505955219269
YOR079C,YOL158C,0,-1.526699,0.2743692696094513,0.955089807510376,0.2531506419181824
YNL265C,YFR047C,0,-1.5268307,0.27429062128067017,0.955089807510376,0.2532506585121155
YNL200C,YLR203C,0,-1.5272276,0.2742120325565338,0.955089807510376,0.2533506751060486
YNL086W,YHR026W,0,-1.5273974,0.27413347363471985,0.955089807510376,0.2534506916999817
YMR150C,YBR087W,0,-1.5284584,0.27405497431755066,0.955089807510376,0.2535507082939148
YBL071W-A,YDL035C,0,-1.5288582,0.27397653460502625,0.955089807510376,0.2536507248878479
YOL056W,YOL136C,0,-1.5288603,0.2738981246948242,0.955089807510376,0.253750741481781
YPL002C,YMR278W,0,-1.5290453,0.2738197445869446,0.955089807510376,0.2538507580757141
YGR247W,YJL222W,0,-1.5293245,0.2737414240837097,0.955089807510376,0.2539508044719696
YOR206W,YPL103C,0,-1.5293245,0.27366313338279724,0.955089807510376,0.2540508210659027
YIL063C,YKL057C,1,-1.529733,0.2738707959651947,0.9560878276824951,0.2540508210659027
YPL270W,YKL038W,0,-1.5303646,0.2737925052642822,0.9560878276824951,0.2541508376598358
YML075C,YGR030C,0,-1.5304743,0.2737142741680145,0.9560878276824951,0.2542508542537689
YGL253W,YAL019W,0,-1.5313058,0.2736361026763916,0.9560878276824951,0.254350870847702
YLR466W,YMR235C,0,-1.5320754,0.27355796098709106,0.9560878276824951,0.25445088744163513
YNL113W,YML058W,0,-1.5327533,0.2734798789024353,0.9560878276824951,0.25455090403556824
YLR295C,YDL056W,0,-1.5331665,0.27340182662010193,0.9560878276824951,0.25465092062950134
YDR458C,YDR529C,0,-1.5334443,0.27332383394241333,0.9560878276824951,0.25475093722343445
YKL004W,YLR114C,0,-1.5334553,0.2732458710670471,0.9560878276824951,0.25485098361968994
YGR132C,YER023W,0,-1.5341517,0.2731679379940033,0.9560878276824951,0.25495100021362305
YLR136C,YCL044C,0,-1.534368,0.27309009432792664,0.9560878276824951,0.25505101680755615
YDR170C,YEL036C,0,-1.534626,0.27301225066185,0.9560878276824951,0.25515103340148926
YBR044C,YIL038C,0,-1.5352123,0.2729344666004181,0.9560878276824951,0.25525104999542236
YDR170C,YLR085C,0,-1.5352203,0.272856742143631,0.9560878276824951,0.25535106658935547
YOR110W,YKR095W,0,-1.5354695,0.27277904748916626,0.9560878276824951,0.2554510831832886
YMR194W,YHR117W,0,-1.5355115,0.2727013826370239,0.9560878276824951,0.2555510997772217
YHR132W-A,YDL200C,0,-1.5356156,0.27262377738952637,0.9560878276824951,0.2556511163711548
YIR015W,YDL217C,0,-1.5360627,0.2725462317466736,0.9560878276824951,0.2557511627674103
YGL124C,YNL040W,0,-1.5363079,0.2724687159061432,0.9560878276824951,0.2558511793613434
YPR138C,YPR093C,0,-1.5364238,0.2723912298679352,0.9560878276824951,0.2559511959552765
YIR024C,YHR092C,0,-1.536521,0.27231380343437195,0.9560878276824951,0.2560512125492096
YIL173W,YDR001C,0,-1.5367013,0.2722364366054535,0.9560878276824951,0.2561512291431427
YKL085W,YER179W,0,-1.5367091,0.2721590995788574,0.9560878276824951,0.2562512457370758
YOL067C,YMR265C,0,-1.5368401,0.27208179235458374,0.9560878276824951,0.2563512623310089
YOL109W,YDL002C,0,-1.5369356,0.27200454473495483,0.9560878276824951,0.256451278924942
YHR005C,YPR113W,0,-1.537034,0.2719273269176483,0.9560878276824951,0.2565512955188751
YOL077W-A,YGR049W,0,-1.5374906,0.2718501687049866,0.9560878276824951,0.2566513419151306
YER103W,YGR247W,0,-1.5378829,0.2717730402946472,0.9560878276824951,0.2567513585090637
YDL200C,YFL043C,0,-1.5380862,0.27169597148895264,0.9560878276824951,0.2568513751029968
YKL186C,YIL115C,1,-1.5382335,0.271902471780777,0.9570858478546143,0.2568513751029968
YKL104C,YGL184C,0,-1.5384568,0.2718254029750824,0.9570858478546143,0.25695139169692993
YOL052C-A,YKL096W-A,0,-1.5387232,0.2717483639717102,0.9570858478546143,0.25705140829086304
YCL044C,YMR189W,0,-1.538999,0.2716713845729828,0.9570858478546143,0.25715142488479614
YGL122C,YJR052W,0,-1.5390573,0.27159443497657776,0.9570858478546143,0.25725144147872925
YBL028C,YAL024C,0,-1.5396715,0.2715175449848175,0.9570858478546143,0.25735145807266235
YDL229W,YJL061W,1,-1.5397172,0.27172374725341797,0.9580838084220886,0.25735145807266235
YKL156W,YNL156C,0,-1.5397722,0.2716468572616577,0.9580838084220886,0.25745150446891785
YOR133W,YGL231C,0,-1.5399677,0.27157002687454224,0.9580838084220886,0.25755152106285095
YOR383C,YLR337C,0,-1.5405681,0.27149322628974915,0.9580838084220886,0.25765153765678406
YER074W-A,YDR481C,0,-1.5406296,0.27141645550727844,0.9580838084220886,0.25775155425071716
YCR072C,YGR254W,0,-1.5409467,0.2713397443294525,0.9580838084220886,0.25785157084465027
YNL240C,YML123C,0,-1.5411985,0.271263062953949,0.9580838084220886,0.2579515874385834
YLR115W,YJR127C,0,-1.5415642,0.2711864411830902,0.9580838084220886,0.2580516040325165
YLL010C,YML093W,0,-1.5418637,0.27110984921455383,0.9580838084220886,0.2581516206264496
YER013W,YLR390W-A,0,-1.5419378,0.27103331685066223,0.9580838084220886,0.2582516372203827
YGR197C,YOL158C,0,-1.5423659,0.270956814289093,0.9580838084220886,0.2583516836166382
YOL084W,YDR435C,0,-1.5425109,0.2708803713321686,0.9580838084220886,0.2584517002105713
YGL161C,YEL024W,0,-1.5425655,0.27080395817756653,0.9580838084220886,0.2585517168045044
YGR254W,YJL066C,0,-1.5425947,0.27072757482528687,0.9580838084220886,0.2586517333984375
YER125W,YJL041W,1,-1.5429108,0.2709331810474396,0.9590818285942078,0.2586517333984375
YOL007C,YGL122C,0,-1.5429308,0.2708568274974823,0.9590818285942078,0.2587517499923706
YLR239C,YBR276C,0,-1.5431468,0.2707805037498474,0.9590818285942078,0.2588517665863037
YDL209C,YLR110C,0,-1.5431933,0.2707042396068573,0.9590818285942078,0.2589517831802368
YKL103C,YJR086W,0,-1.5434246,0.2706280052661896,0.9590818285942078,0.2590517997741699
YDR326C,YOR104W,0,-1.5439252,0.27055180072784424,0.9590818285942078,0.259151816368103
YFR006W,YDL027C,0,-1.544404,0.2704756557941437,0.9590818285942078,0.2592518627643585
YKL079W,YPL181W,0,-1.5447845,0.2703995406627655,0.9590818285942078,0.2593518793582916
YGL172W,YER125W,1,-1.5450197,0.27060478925704956,0.9600798487663269,0.2593518793582916
YLR044C,YPL111W,0,-1.5454999,0.2705286741256714,0.9600798487663269,0.25945189595222473
YNL058C,YDL018C,0,-1.5455582,0.270452618598938,0.9600798487663269,0.25955191254615784
YJL042W,YML123C,0,-1.5459236,0.27037662267684937,0.9600798487663269,0.25965192914009094
YOR361C,YKL012W,0,-1.546078,0.27030065655708313,0.9600798487663269,0.25975194573402405
YHR152W,YOR027W,0,-1.5461974,0.2702247202396393,0.9600798487663269,0.25985196232795715
YER056C,YMR096W,0,-1.546258,0.2701488435268402,0.9600798487663269,0.25995197892189026
YIR035C,YGR101W,0,-1.5463713,0.2700729966163635,0.9600798487663269,0.26005199551582336
YJL044C,YBL071W-A,0,-1.5467304,0.26999717950820923,0.9600798487663269,0.26015204191207886
YCL044C,YGR231C,0,-1.5468317,0.2699214220046997,0.9600798487663269,0.26025205850601196
YER125W,YFR002W,1,-1.5471717,0.27012622356414795,0.961077868938446,0.26025205850601196
YMR020W,YLR078C,0,-1.5476891,0.2700504660606384,0.961077868938446,0.26035207509994507
YOR093C,YNL039W,0,-1.5478005,0.2699747681617737,0.961077868938446,0.2604520916938782
YLR203C,YEL009C,0,-1.5486231,0.2698991000652313,0.961077868938446,0.2605521082878113
YDL052C,YGR185C,0,-1.5487361,0.26982349157333374,0.961077868938446,0.2606521248817444
YNL098C,YPL213W,0,-1.54888,0.26974791288375854,0.961077868938446,0.2607521414756775
YLR239C,YJR159W,0,-1.5489205,0.26967236399650574,0.961077868938446,0.2608521580696106
YPL206C,YGL200C,0,-1.54924,0.2695968747138977,0.961077868938446,0.2609522044658661
YGL200C,YFR050C,0,-1.5493362,0.26952141523361206,0.961077868938446,0.2610522210597992
YIL063C,YOR185C,1,-1.5495263,0.2697257995605469,0.9620758295059204,0.2610522210597992
YGR218W,YER125W,1,-1.5495865,0.26993006467819214,0.9630738496780396,0.2610522210597992
YML016C,YGR246C,0,-1.5501206,0.2698545753955841,0.9630738496780396,0.2611522376537323
YBR218C,YOR254C,0,-1.5504005,0.26977914571762085,0.9630738496780396,0.2612522542476654
YNL206C,YLR228C,0,-1.5504518,0.26970374584198,0.9630738496780396,0.2613522708415985
YLR074C,YKL020C,0,-1.5505036,0.2696283757686615,0.9630738496780396,0.2614522874355316
YFL041W,YKR099W,0,-1.5505369,0.2695530652999878,0.9630738496780396,0.2615523040294647
YDR458C,YDR258C,0,-1.5508456,0.2694777846336365,0.9630738496780396,0.2616523206233978
YDR141C,YPL270W,0,-1.5510545,0.26940256357192993,0.9630738496780396,0.26175233721733093
YIR035C,YHR117W,0,-1.5511626,0.2693273723125458,0.9630738496780396,0.2618523836135864
YJR045C,YDL143W,0,-1.5515871,0.2692522406578064,0.9630738496780396,0.26195240020751953
YNL206C,YPR171W,0,-1.5518621,0.2691771388053894,0.9630738496780396,0.26205241680145264
YLR018C,YIR008C,0,-1.5520172,0.2691020667552948,0.9630738496780396,0.26215243339538574
YJL117W,YIR008C,0,-1.5521631,0.26902705430984497,0.9630738496780396,0.26225244998931885
YLR310C,YML014W,0,-1.5525407,0.26895207166671753,0.9630738496780396,0.26235246658325195
YJR108W,YOR101W,0,-1.553349,0.2688771188259125,0.9630738496780396,0.26245248317718506
YLR154C,YEL046C,0,-1.553434,0.2688022255897522,0.9630738496780396,0.26255249977111816
YLR461W,YLR337C,0,-1.5537388,0.2687273621559143,0.9630738496780396,0.26265251636505127
YKL125W,YDR434W,0,-1.5541636,0.2686525583267212,0.9630738496780396,0.26275256276130676
YDR352W,YLR361C,0,-1.5541898,0.26857778429985046,0.9630738496780396,0.26285257935523987
YGR227W,YLL018C,0,-1.5548916,0.2685030698776245,0.9630738496780396,0.262952595949173
YEL068C,YDL212W,0,-1.555511,0.26842838525772095,0.9630738496780396,0.2630526125431061
YDL027C,YGR067C,0,-1.5557775,0.26835373044013977,0.9630738496780396,0.2631526291370392
YLL034C,YOR185C,1,-1.556174,0.2685571312904358,0.9640718698501587,0.2631526291370392
YFL048C,YGL009C,0,-1.5570378,0.2684824764728546,0.9640718698501587,0.2632526457309723
YPR097W,YLL012W,0,-1.5573156,0.2684078812599182,0.9640718698501587,0.2633526623249054
YLR106C,YPL270W,0,-1.5574936,0.2683333456516266,0.9640718698501587,0.2634526789188385
YIL067C,YLR390W-A,0,-1.5578263,0.26825881004333496,0.9640718698501587,0.263552725315094
YGL013C,YGR055W,0,-1.5579813,0.2681843340396881,0.9640718698501587,0.2636527419090271
YPR019W,YJR088C,0,-1.5581696,0.26810991764068604,0.9640718698501587,0.2637527585029602
YML058W,YNL159C,0,-1.5582985,0.26803550124168396,0.9640718698501587,0.2638527750968933
YLR403W,YDL201W,0,-1.5583025,0.26796117424964905,0.9640718698501587,0.2639527916908264
YOR027W,YOL042W,0,-1.5587381,0.26788684725761414,0.9640718698501587,0.2640528082847595
YPR016C,YJR077C,0,-1.5598326,0.267812579870224,0.9640718698501587,0.2641528248786926
YGR279C,YKL064W,0,-1.5610137,0.26773837208747864,0.9640718698501587,0.26425284147262573
YBR014C,YMR110C,0,-1.5613482,0.2676641643047333,0.9640718698501587,0.26435285806655884
YNL206C,YNR008W,0,-1.5615144,0.2675900161266327,0.9640718698501587,0.26445290446281433
YML133C,YGR185C,0,-1.5618871,0.2675159275531769,0.9640718698501587,0.26455292105674744
YJL221C,YDR062W,0,-1.562159,0.26744186878204346,0.9640718698501587,0.26465293765068054
YER055C,YJL187C,0,-1.562387,0.2673678398132324,0.9640718698501587,0.26475295424461365
YDR140W,YER154W,0,-1.5624259,0.26729387044906616,0.9640718698501587,0.26485297083854675
YPL191C,YML007W,0,-1.5627366,0.2672199308872223,0.9640718698501587,0.26495298743247986
YCR031C,YGL141W,0,-1.5627847,0.2671460211277008,0.9640718698501587,0.26505300402641296
YDR248C,YER170W,0,-1.5632212,0.2670721709728241,0.9640718698501587,0.26515302062034607
YIR015W,YIR008C,0,-1.5635324,0.2669983506202698,0.9640718698501587,0.2652530372142792
YJR102C,YHR057C,0,-1.5639203,0.26692456007003784,0.9640718698501587,0.26535308361053467
YPL112C,YCR107W,0,-1.5641811,0.2668508291244507,0.9640718698501587,0.2654531002044678
YMR060C,YDR468C,0,-1.5649507,0.2667771279811859,0.9640718698501587,0.2655531167984009
YMR278W,YLR403W,0,-1.565043,0.2667034864425659,0.9640718698501587,0.265653133392334
YJR073C,YAL017W,0,-1.565213,0.2666298747062683,0.9640718698501587,0.2657531499862671
YKL020C,YPL086C,0,-1.5654457,0.2665562927722931,0.9640718698501587,0.2658531665802002
YJL012C,YPL103C,0,-1.5659413,0.26648277044296265,0.9640718698501587,0.2659531831741333
YDL136W,YLR425W,0,-1.56596,0.2664092779159546,0.9640718698501587,0.2660531997680664
YKL170W,YDR021W,0,-1.5660027,0.2663358151912689,0.9640718698501587,0.2661532163619995
YKR076W,YBR290W,0,-1.5662873,0.266262412071228,0.9640718698501587,0.266253262758255
YML102W,YLR390W-A,0,-1.5662951,0.2661890387535095,0.9640718698501587,0.2663532793521881
YBR142W,YDR004W,0,-1.5664134,0.2661156952381134,0.9640718698501587,0.2664532959461212
YDL046W,YDR258C,0,-1.5665143,0.26604241132736206,0.9640718698501587,0.2665533125400543
YJL117W,YNL164C,0,-1.5667741,0.2659691572189331,0.9640718698501587,0.2666533291339874
YJR051W,YJR065C,0,-1.5669906,0.2658959627151489,0.9640718698501587,0.26675334572792053
YMR040W,YPL280W,0,-1.5670147,0.26582279801368713,0.9640718698501587,0.26685336232185364
YMR142C,YDR374C,0,-1.5672696,0.26574966311454773,0.9640718698501587,0.26695337891578674
YKL046C,YDL236W,0,-1.5674288,0.2656765580177307,0.9640718698501587,0.26705342531204224
YPR033C,YDL127W,0,-1.5674598,0.26560351252555847,0.9640718698501587,0.26715344190597534
YPL283C,YIL142W,0,-1.567661,0.2655304968357086,0.9640718698501587,0.26725345849990845
YGL027C,YDL102W,0,-1.5678508,0.26545754075050354,0.9640718698501587,0.26735347509384155
YBR240C,YKL150W,0,-1.567884,0.26538461446762085,0.9640718698501587,0.26745349168777466
YDL177C,YOR234C,0,-1.5679195,0.26531171798706055,0.9640718698501587,0.26755350828170776
YFL043C,YML129C,0,-1.5679684,0.265238881111145,0.9640718698501587,0.26765352487564087
YIL063C,YGR218W,1,-1.5680325,0.26544058322906494,0.9650698900222778,0.26765352487564087
YNL095C,YNR008W,0,-1.5680561,0.265367716550827,0.9650698900222778,0.267753541469574
YNL323W,YLL012W,0,-1.5681181,0.2652949392795563,0.9650698900222778,0.2678535580635071
YBL093C,YNL098C,0,-1.5693364,0.2652221620082855,0.9650698900222778,0.2679536044597626
YBR142W,YKL201C,0,-1.5694237,0.26514944434165955,0.9650698900222778,0.2680536210536957
YLR348C,YLR369W,0,-1.5696272,0.26507675647735596,0.9650698900222778,0.2681536376476288
YHR129C,YLR348C,0,-1.5697412,0.26500409841537476,0.9650698900222778,0.2682536542415619
YGL161C,YGL253W,0,-1.5698512,0.26493149995803833,0.9650698900222778,0.268353670835495
YOL039W,YJR088C,0,-1.5704072,0.2648589313030243,0.9650698900222778,0.2684536874294281
YFL026W,YCR073C,0,-1.5704167,0.26478642225265503,0.9650698900222778,0.2685537040233612
YOR093C,YBR114W,0,-1.5706767,0.26471394300460815,0.9650698900222778,0.2686537206172943
YDR200C,YBR155W,0,-1.5715911,0.26464149355888367,0.9650698900222778,0.2687537372112274
YCR077C,YER164W,0,-1.5716829,0.26456907391548157,0.9650698900222778,0.2688537836074829
YGR132C,YOR110W,0,-1.57227,0.26449671387672424,0.9650698900222778,0.268953800201416
YPL031C,YFL043C,0,-1.5724496,0.2644243836402893,0.9650698900222778,0.2690538167953491
YKL079W,YOR027W,0,-1.5724584,0.26435211300849915,0.9650698900222778,0.2691538333892822
YLR085C,YJL143W,0,-1.5725281,0.26427987217903137,0.9650698900222778,0.26925384998321533
YGR102C,YMR110C,0,-1.5726984,0.264207661151886,0.9650698900222778,0.26935386657714844
YLL015W,YGR138C,0,-1.5728575,0.264135479927063,0.9650698900222778,0.26945388317108154
YHL002W,YOR256C,0,-1.5728964,0.26406335830688477,0.9650698900222778,0.26955389976501465
YJL221C,YOR009W,0,-1.5729375,0.26399126648902893,0.9650698900222778,0.26965391635894775
YPL249C,YCR031C,0,-1.573011,0.2639192044734955,0.9650698900222778,0.26975396275520325
YHR057C,YKL158W,0,-1.5731571,0.2638472020626068,0.9650698900222778,0.26985397934913635
YKL110C,YOL136C,0,-1.5738155,0.2637752294540405,0.9650698900222778,0.26995399594306946
YFL026W,YOL078W,0,-1.574337,0.26370328664779663,0.9650698900222778,0.27005401253700256
YML058W,YCR016W,0,-1.574498,0.2636314034461975,0.9650698900222778,0.27015402913093567
YDR170C,YJR103W,0,-1.5745107,0.2635595500469208,0.9650698900222778,0.2702540457248688
YLR044C,YMR166C,0,-1.5746486,0.26348772644996643,0.9650698900222778,0.2703540623188019
YNL219C,YGR235C,0,-1.5746605,0.26341596245765686,0.9650698900222778,0.270454078912735
YMR142C,YCR039C,0,-1.575071,0.2633442282676697,0.9650698900222778,0.2705541253089905
YML123C,YOR039W,0,-1.5754479,0.2632725238800049,0.9650698900222778,0.2706541419029236
YGR135W,YBR175W,0,-1.5755343,0.26320087909698486,0.9650698900222778,0.2707541584968567
YIR035C,YJL041W,0,-1.575691,0.26312926411628723,0.9650698900222778,0.2708541750907898
YGL243W,YDL225W,0,-1.5763538,0.263057678937912,0.9650698900222778,0.2709541916847229
YOR144C,YCR024C-A,0,-1.5764441,0.26298612356185913,0.9650698900222778,0.271054208278656
YOR383C,YMR278W,0,-1.5765096,0.26291462779045105,0.9650698900222778,0.2711542248725891
YBR078W,YCR027C,0,-1.5765282,0.26284316182136536,0.9650698900222778,0.2712542414665222
YOR293W,YBR100W,0,-1.5771325,0.26277172565460205,0.9650698900222778,0.2713542580604553
YJR068W,YBR281C,0,-1.5781178,0.2627003490924835,0.9650698900222778,0.2714543044567108
YIL169C,YDR084C,0,-1.5782304,0.2626290023326874,0.9650698900222778,0.2715543210506439
YDR361C,YOR185C,1,-1.5782621,0.2628292143344879,0.9660678505897522,0.2715543210506439
YJR065C,YMR159C,0,-1.5788331,0.2627578675746918,0.9660678505897522,0.271654337644577
YGL006W,YGR279C,0,-1.5790391,0.2626865804195404,0.9660678505897522,0.27175435423851013
YMR119W,YBR062C,0,-1.5790609,0.26261529326438904,0.9660678505897522,0.27185437083244324
YLR166C,YER043C,0,-1.5793271,0.26254406571388245,0.9660678505897522,0.27195438742637634
YER020W,YML075C,0,-1.5795734,0.26247289776802063,0.9660678505897522,0.27205440402030945
YPL176C,YKL046C,0,-1.5796461,0.2624017298221588,0.9660678505897522,0.27215442061424255
YOL051W,YEL006W,0,-1.5797455,0.2623306214809418,0.9660678505897522,0.27225443720817566
YIL108W,YOR321W,0,-1.5797815,0.2622595429420471,0.9660678505897522,0.27235448360443115
YGR070W,YKL043W,0,-1.5800438,0.26218852400779724,0.9660678505897522,0.27245450019836426
YGR254W,YJL133W,0,-1.5801561,0.26211750507354736,0.9660678505897522,0.27255451679229736
YOR150W,YDR245W,0,-1.5810237,0.26204657554626465,0.9660678505897522,0.27265453338623047
YOL043C,YKR048C,0,-1.5811408,0.26197564601898193,0.9660678505897522,0.2727545499801636
YBL080C,YER063W,0,-1.5812892,0.261904776096344,0.9660678505897522,0.2728545665740967
YGR099W,YKR048C,0,-1.5816453,0.26183390617370605,0.9660678505897522,0.2729545831680298
YML132W,YKL038W,0,-1.5817616,0.2617631256580353,0.9660678505897522,0.2730545997619629
YLR079W,YDR238C,0,-1.5818801,0.2616923451423645,0.9660678505897522,0.273154616355896
YER146W,YPR025C,0,-1.5822651,0.2616216242313385,0.9660678505897522,0.2732546627521515
YLR085C,YJL085W,0,-1.5826225,0.2615509331226349,0.9660678505897522,0.2733546793460846
YJL172W,YKL146W,0,-1.5826268,0.26148027181625366,0.9660678505897522,0.2734546959400177
YEL012W,YEL070W,0,-1.5827551,0.2614096701145172,0.9660678505897522,0.2735547125339508
YDL136W,YPL130W,0,-1.584008,0.26133909821510315,0.9660678505897522,0.2736547291278839
YGR100W,YML017W,0,-1.5843592,0.2612685561180115,0.9660678505897522,0.273754745721817
YNL073W,YLR115W,0,-1.5846915,0.2611980438232422,0.9660678505897522,0.2738547623157501
YPL099C,YCR075C,0,-1.5847056,0.2611275911331177,0.9660678505897522,0.2739547789096832
YOL051W,YDR170W-A,0,-1.584773,0.26105716824531555,0.9660678505897522,0.2740548253059387
YDR376W,YFL041W,0,-1.5849624,0.2609867751598358,0.9660678505897522,0.2741548418998718
YNR008W,YOR299W,0,-1.5850899,0.26091644167900085,0.9660678505897522,0.27425485849380493
YDR245W,YPL072W,0,-1.585179,0.2608461380004883,0.9660678505897522,0.27435487508773804
YLR466W,YBL006C,0,-1.5852468,0.2607758641242981,0.9660678505897522,0.27445489168167114
YBR061C,YLR045C,0,-1.5852754,0.2607056200504303,0.9660678505897522,0.27455490827560425
YFL026W,YLR369W,0,-1.5854614,0.2606354355812073,0.9660678505897522,0.27465492486953735
YPL192C,YLL018C-A,0,-1.5855105,0.26056528091430664,0.9660678505897522,0.27475494146347046
YOR132W,YDR298C,0,-1.5856774,0.2604951560497284,0.9660678505897522,0.27485495805740356
YER096W,YMR031C,0,-1.5856895,0.26042506098747253,0.9660678505897522,0.27495500445365906
YER008C,YAR027W,0,-1.585726,0.26035502552986145,0.9660678505897522,0.27505502104759216
YOL007C,YPL103C,0,-1.5864633,0.26028501987457275,0.9660678505897522,0.27515503764152527
YAL005C,YOR009W,0,-1.5867366,0.26021504402160645,0.9660678505897522,0.2752550542354584
YGR102C,YDL177C,0,-1.5867546,0.2601451277732849,0.9660678505897522,0.2753550708293915
YGR093W,YPR025C,0,-1.5869191,0.26007524132728577,0.9660678505897522,0.2754550874233246
YFR001W,YOR185C,1,-1.5871464,0.2602739632129669,0.9670658707618713,0.2754550874233246
YPR055W,YOR243C,0,-1.5872843,0.2602040767669678,0.9670658707618713,0.2755551040172577
YFR041C,YCL029C,0,-1.5880244,0.260134220123291,0.9670658707618713,0.2756551206111908
YAR044W,YOR243C,0,-1.5881672,0.26006442308425903,0.9670658707618713,0.2757551372051239
YGR217W,YOR129C,0,-1.5884919,0.25999462604522705,0.9670658707618713,0.2758551836013794
YMR123W,YGL184C,0,-1.5887935,0.25992488861083984,0.9670658707618713,0.2759552001953125
YLR085C,YGR283C,0,-1.5890151,0.259855180978775,0.9670658707618713,0.2760552167892456
YDR434W,YPL041C,0,-1.5892614,0.259785532951355,0.9670658707618713,0.2761552333831787
YDL143W,YOR071C,0,-1.5898154,0.25971588492393494,0.9670658707618713,0.2762552499771118
YMR119W,YLL049W,0,-1.5905715,0.25964629650115967,0.9670658707618713,0.2763552665710449
YFL021W,YBR183W,0,-1.5906234,0.2595767378807068,0.9670658707618713,0.276455283164978
YML037C,YOL052C,0,-1.5909133,0.2595072388648987,0.9670658707618713,0.27655529975891113
YJL025W,YGL253W,0,-1.5911473,0.2594377398490906,0.9670658707618713,0.27665531635284424
YKR044W,YKR028W,0,-1.5914611,0.25936830043792725,0.9670658707618713,0.27675536274909973
YEL024W,YNL339C,0,-1.5920782,0.2592988908290863,0.9670658707618713,0.27685537934303284
YDR079W,YCL059C,0,-1.5922287,0.25922954082489014,0.9670658707618713,0.27695539593696594
YKL087C,YPR194C,0,-1.5925481,0.25916019082069397,0.9670658707618713,0.27705541253089905
YIL118W,YNL098C,0,-1.5925893,0.2590909004211426,0.9670658707618713,0.27715542912483215
YKR030W,YGR100W,0,-1.5927072,0.2590216398239136,0.9670658707618713,0.27725544571876526
YOR299W,YBL005W-B,0,-1.5928121,0.25895243883132935,0.9670658707618713,0.27735546231269836
YDL225W,YGR262C,0,-1.5928841,0.2588832378387451,0.9670658707618713,0.27745547890663147
YMR270C,YPL141C,0,-1.5931318,0.25881409645080566,0.9670658707618713,0.27755552530288696
YML058W,YLR288C,0,-1.5933206,0.2587449848651886,0.9670658707618713,0.27765554189682007
YDR288W,YDR257C,0,-1.5935683,0.2586759328842163,0.9670658707618713,0.2777555584907532
YLL031C,YOR158W,0,-1.5940194,0.258606880903244,0.9670658707618713,0.2778555750846863
YPR173C,YPL030W,0,-1.5942659,0.2585378885269165,0.9670658707618713,0.2779555916786194
YGL027C,YFL017C,0,-1.5943413,0.2584689259529114,0.9670658707618713,0.2780556082725525
YNL289W,YGL001C,0,-1.5943698,0.25839999318122864,0.9670658707618713,0.2781556248664856
YKL145W,YJR050W,0,-1.594667,0.2583311200141907,0.9670658707618713,0.2782556414604187
YJL200C,YIR002C,0,-1.5954944,0.2582622468471527,0.9670658707618713,0.2783556580543518
YNR037C,YLR045C,0,-1.595565,0.2581934332847595,0.9670658707618713,0.2784557044506073
YNL252C,YLR130C,0,-1.5957913,0.2581246793270111,0.9670658707618713,0.2785557210445404
YOL049W,YDR434W,0,-1.5961039,0.2580559253692627,0.9670658707618713,0.2786557376384735
YDL095W,YBL028C,0,-1.596256,0.25798723101615906,0.9670658707618713,0.2787557542324066
YFR042W,YMR290C,0,-1.5963814,0.2579185664653778,0.9670658707618713,0.2788557708263397
YIL169C,YLR044C,0,-1.5965374,0.25784993171691895,0.9670658707618713,0.2789557874202728
YLR204W,YPL028W,0,-1.5966852,0.25778132677078247,0.9670658707618713,0.27905580401420593
YKL170W,YLR394W,0,-1.5967315,0.2577127516269684,0.9670658707618713,0.27915582060813904
YDR495C,YOR383C,0,-1.5969439,0.2576442360877991,0.9670658707618713,0.27925583720207214
YML067C,YLR143W,0,-1.5970254,0.25757575035095215,0.9670658707618713,0.27935588359832764
YDL143W,YMR060C,0,-1.5970805,0.2575072944164276,0.9670658707618713,0.27945590019226074
YNL073W,YOR250C,0,-1.5970851,0.25743889808654785,0.9670658707618713,0.27955591678619385
YKL170W,YJL111W,0,-1.5971749,0.2573705315589905,0.9670658707618713,0.27965593338012695
YPL123C,YOL017W,0,-1.5973823,0.2573021650314331,0.9670658707618713,0.27975594997406006
YPL099C,YMR027W,0,-1.597477,0.2572338879108429,0.9670658707618713,0.27985596656799316
YLL031C,YPR181C,0,-1.5987072,0.2571656107902527,0.9670658707618713,0.27995598316192627
YPL112C,YDR062W,0,-1.5989927,0.25709736347198486,0.9670658707618713,0.2800559997558594
YLR106C,YDL177C,0,-1.5990978,0.2570291757583618,0.9670658707618713,0.2801560163497925
YDR140W,YDR507C,0,-1.6003201,0.25696101784706116,0.9670658707618713,0.280256062746048
YFL021W,YIL009W,0,-1.6004355,0.2568928897380829,0.9670658707618713,0.2803560793399811
YDR266C,YCR031C,0,-1.6008807,0.2568248212337494,0.9670658707618713,0.2804560959339142
YDR374C,YJL122W,0,-1.6014793,0.2567567527294159,0.9670658707618713,0.2805561125278473
YHL020C,YOL056W,0,-1.6015826,0.2566887438297272,0.9670658707618713,0.2806561291217804
YIL136W,YMR098C,0,-1.6017678,0.25662076473236084,0.9670658707618713,0.2807561457157135
YPL168W,YDR001C,0,-1.6028451,0.2565528154373169,0.9670658707618713,0.2808561623096466
YHR178W,YPL239W,0,-1.6029267,0.2564849257469177,0.9670658707618713,0.2809561789035797
YMR258C,YNL098C,0,-1.6032014,0.25641703605651855,0.9670658707618713,0.2810562252998352
YGR247W,YLL022C,0,-1.604025,0.25634920597076416,0.9670658707618713,0.2811562418937683
YER060W-A,YOL001W,0,-1.6040394,0.25628140568733215,0.9670658707618713,0.2812562584877014
YDL065C,YGR030C,0,-1.6042528,0.25621363520622253,0.9670658707618713,0.2813562750816345
YNL177C,YMR184W,0,-1.6048846,0.2561459243297577,0.9670658707618713,0.2814562916755676
YLR085C,YOR303W,0,-1.6056207,0.25607821345329285,0.9670658707618713,0.28155630826950073
YMR052W,YOR132W,0,-1.6059488,0.2560105621814728,0.9670658707618713,0.28165632486343384
YGL018C,YGR053C,0,-1.6062071,0.2559429407119751,0.9670658707618713,0.28175634145736694
YFR024C,YDR309C,0,-1.6062198,0.2558753490447998,0.9670658707618713,0.28185635805130005
YJL143W,YFR051C,0,-1.6064656,0.2558078169822693,0.9670658707618713,0.28195640444755554
YMR169C,YNL098C,0,-1.6066134,0.25574031472206116,0.9670658707618713,0.28205642104148865
YPR097W,YPR037C,0,-1.6066287,0.255672812461853,0.9670658707618713,0.28215643763542175
YGR138C,YJL085W,0,-1.606999,0.2556053698062897,0.9670658707618713,0.28225645422935486
YGL094C,YHR092C,0,-1.6079166,0.2555379867553711,0.9670658707618713,0.28235647082328796
YML009C,YHR171W,0,-1.6079671,0.2554706037044525,0.9670658707618713,0.28245648741722107
YDL107W,YDR457W,0,-1.608251,0.2554032802581787,0.9670658707618713,0.2825565040111542
YGL172W,YGR218W,1,-1.6082711,0.2555994689464569,0.9680638909339905,0.2825565040111542
YCL059C,YJL222W,0,-1.6084821,0.2555321455001831,0.9680638909339905,0.2826565206050873
YLR053C,YGL047W,0,-1.6091809,0.2554648518562317,0.9680638909339905,0.2827565371990204
YBL085W,YIL169C,0,-1.6092254,0.25539758801460266,0.9680638909339905,0.2828565835952759
YKL039W,YPL259C,0,-1.6092871,0.255330353975296,0.9680638909339905,0.282956600189209
YNL010W,YDL209C,0,-1.609409,0.25526314973831177,0.9680638909339905,0.2830566167831421
YKR029C,YMR219W,0,-1.6094209,0.2551960051059723,0.9680638909339905,0.2831566333770752
YLR361C,YKL155C,0,-1.6096725,0.2551288902759552,0.9680638909339905,0.2832566499710083
YGR279C,YEL009C,0,-1.6097568,0.2550618052482605,0.9680638909339905,0.2833566665649414
YLR422W,YGR055W,0,-1.610723,0.2549947500228882,0.9680638909339905,0.2834566831588745
YDR405W,YNL268W,0,-1.6107547,0.25492772459983826,0.9680638909339905,0.2835566997528076
YCR057C,YHR111W,0,-1.6109242,0.2548607587814331,0.9680638909339905,0.2836567461490631
YER087C-B,YLR191W,0,-1.6117201,0.25479379296302795,0.9680638909339905,0.2837567627429962
YLR056W,YJR088C,0,-1.6124228,0.2547268867492676,0.9680638909339905,0.2838567793369293
YOR098C,YOR185C,1,-1.6128805,0.2549225389957428,0.9690618515014648,0.2838567793369293
YFR042W,YFL054C,0,-1.612925,0.2548556327819824,0.9690618515014648,0.2839567959308624
YDR170C,YHL023C,0,-1.6129658,0.25478875637054443,0.9690618515014648,0.28405681252479553
YDL237W,YPR134W,0,-1.6130564,0.2547219395637512,0.9690618515014648,0.28415682911872864
YJL003W,YMR155W,0,-1.6131717,0.254655122756958,0.9690618515014648,0.28425684571266174
YOR246C,YMR013C,0,-1.613267,0.25458836555480957,0.9690618515014648,0.28435686230659485
YPR186C,YLR103C,0,-1.6133847,0.2545216381549835,0.9690618515014648,0.28445687890052795
YGL172W,YJR109C,0,-1.61356,0.25445494055747986,0.9690618515014648,0.28455692529678345
YMR052W,YGR243W,0,-1.6137731,0.2543882727622986,0.9690618515014648,0.28465694189071655
YHR114W,YML123C,0,-1.613967,0.2543216347694397,0.9690618515014648,0.28475695848464966
YIR008C,YKL219W,0,-1.6141156,0.2542550265789032,0.9690618515014648,0.28485697507858276
YFR051C,YOR039W,0,-1.614286,0.2541884779930115,0.9690618515014648,0.28495699167251587
YHR178W,YGR054W,0,-1.6145208,0.25412195920944214,0.9690618515014648,0.285057008266449
YDL209C,YLR014C,0,-1.6152155,0.2540554702281952,0.9690618515014648,0.2851570248603821
YLR079W,YLR191W,0,-1.615549,0.25398901104927063,0.9690618515014648,0.2852570414543152
YPL021W,YCL059C,0,-1.616266,0.25392258167266846,0.9690618515014648,0.2853570580482483
YDL015C,YER041W,0,-1.616285,0.25385621190071106,0.9690618515014648,0.2854571044445038
YDR248C,YDR001C,0,-1.616776,0.25378987193107605,0.9690618515014648,0.2855571210384369
YDR257C,YCR027C,0,-1.6172688,0.25372353196144104,0.9690618515014648,0.28565713763237
YPL188W,YDR434W,0,-1.617401,0.2536572515964508,0.9690618515014648,0.2857571542263031
YLL018C-A,YJL066C,0,-1.6175259,0.25359100103378296,0.9690618515014648,0.2858571708202362
YHL023C,YPR082C,0,-1.6180689,0.2535248100757599,0.9690618515014648,0.2859571874141693
YGR024C,YNL323W,0,-1.6189976,0.2534586191177368,0.9690618515014648,0.2860572040081024
YKL051W,YKL081W,0,-1.6190882,0.2533924877643585,0.9690618515014648,0.2861572206020355
YDL185W,YMR042W,0,-1.6191067,0.2533263862133026,0.9690618515014648,0.28625723719596863
YGR227W,YGR091W,0,-1.6195912,0.2532603144645691,0.9690618515014648,0.2863572835922241
YNL082W,YEL036C,0,-1.6199989,0.25319427251815796,0.9690618515014648,0.2864573001861572
YKL156W,YGR012W,0,-1.6202506,0.2531282603740692,0.9690618515014648,0.28655731678009033
YGL204C,YDR091C,0,-1.6202562,0.25306227803230286,0.9690618515014648,0.28665733337402344
YMR184W,YDL201W,0,-1.6203644,0.2529963552951813,0.9690618515014648,0.28675734996795654
YOL122C,YGL259W,0,-1.6206079,0.2529304623603821,0.9690618515014648,0.28685736656188965
YPR091C,YIL099W,0,-1.6206429,0.2528645694255829,0.9690618515014648,0.28695738315582275
YLR166C,YOR226C,0,-1.6207657,0.25279873609542847,0.9690618515014648,0.28705739974975586
YDR435C,YPL111W,0,-1.6208916,0.2527329623699188,0.9690618515014648,0.28715744614601135
YIR041W,YLR371W,0,-1.6209891,0.2526671886444092,0.9690618515014648,0.28725746273994446
YDL212W,YKL038W,0,-1.6210599,0.2526014447212219,0.9690618515014648,0.28735747933387756
YAL059W,YOR185C,1,-1.6212254,0.25279584527015686,0.970059871673584,0.28735747933387756
YGR058W,YHR155W,0,-1.6213443,0.2527301013469696,0.970059871673584,0.28745749592781067
YDL143W,YOR299W,0,-1.6218663,0.2526644170284271,0.970059871673584,0.2875575125217438
YDR238C,YGR283C,0,-1.6222316,0.25259876251220703,0.970059871673584,0.2876575291156769
YCR058C,YLR421C,0,-1.622427,0.2525331377983093,0.970059871673584,0.28775754570961
YHR154W,YJL041W,0,-1.6226102,0.252467542886734,0.970059871673584,0.2878575623035431
YJR111C,YNL201C,0,-1.6227565,0.2524019777774811,0.970059871673584,0.2879575788974762
YER039C,YFL041W,0,-1.6228315,0.25233644247055054,0.970059871673584,0.2880576252937317
YCL056C,YDR352W,0,-1.6235104,0.25227096676826477,0.970059871673584,0.2881576418876648
YNL261W,YKL176C,0,-1.6236142,0.252205491065979,0.970059871673584,0.2882576584815979
YFL017C,YFL048C,0,-1.6238921,0.252140074968338,0.970059871673584,0.288357675075531
YOR291W,YLR061W,0,-1.6241174,0.2520746886730194,0.970059871673584,0.2884576916694641
YNL073W,YOR136W,0,-1.6243682,0.2520093321800232,0.970059871673584,0.2885577082633972
YKL097W-A,YDR208W,0,-1.6249278,0.25194400548934937,0.970059871673584,0.2886577248573303
YOL052C-A,YKL020C,0,-1.6249459,0.2518787384033203,0.970059871673584,0.2887577414512634
YGR135W,YPL028W,0,-1.6253569,0.25181347131729126,0.970059871673584,0.28885775804519653
YJL012C,YJR052W,0,-1.6254885,0.251748263835907,0.970059871673584,0.288957804441452
YMR214W,YBL016W,0,-1.6256855,0.2516830563545227,0.970059871673584,0.28905782103538513
YLR074C,YKR002W,0,-1.6259627,0.2516179084777832,0.970059871673584,0.28915783762931824
YNL058C,YDR481C,0,-1.6262331,0.2515527904033661,0.970059871673584,0.28925785422325134
YLR106C,YIL014W,0,-1.626337,0.25148770213127136,0.970059871673584,0.28935787081718445
YAL041W,YOR201C,0,-1.6263499,0.2514226734638214,0.970059871673584,0.28945788741111755
YIR002C,YPR159W,0,-1.6264012,0.25135764479637146,0.970059871673584,0.28955790400505066
YGR217W,YHR155W,0,-1.6265335,0.2512926459312439,0.970059871673584,0.28965792059898376
YPL126W,YHR039C-B,0,-1.6269683,0.2512277066707611,0.970059871673584,0.28975793719291687
YOR057W,YJR105W,0,-1.6270066,0.2511627972126007,0.970059871673584,0.28985798358917236
YPL174C,YJR032W,0,-1.6272216,0.2510979175567627,0.970059871673584,0.28995800018310547
YFR047C,YDL024C,0,-1.6272926,0.25103306770324707,0.970059871673584,0.2900580167770386
YOL082W,YMR027W,0,-1.6273892,0.25096824765205383,0.970059871673584,0.2901580333709717
YLR110C,YMR110C,0,-1.6275578,0.250903457403183,0.970059871673584,0.2902580499649048
YGL172W,YIL067C,0,-1.6279669,0.2508386969566345,0.970059871673584,0.2903580665588379
YPR134W,YPR043W,0,-1.6280057,0.25077399611473083,0.970059871673584,0.290458083152771
YCR039C,YDL035C,0,-1.6281755,0.25070932507514954,0.970059871673584,0.2905580997467041
YOR065W,YKR057W,0,-1.6286411,0.25064465403556824,0.970059871673584,0.2906581461429596
YML123C,YDR347W,0,-1.6287329,0.2505800426006317,0.970059871673584,0.2907581627368927
YPL023C,YHL021C,0,-1.6288245,0.2505154609680176,0.970059871673584,0.2908581793308258
YAL041W,YDR529C,0,-1.628863,0.25045090913772583,0.970059871673584,0.2909581959247589
YGR235C,YDL200C,0,-1.6289821,0.25038638710975647,0.970059871673584,0.291058212518692
YPR151C,YHL028W,0,-1.6290517,0.2503219246864319,0.970059871673584,0.2911582291126251
YDR080W,YLR403W,0,-1.6293633,0.2502574622631073,0.970059871673584,0.2912582457065582
YPL021W,YOR133W,0,-1.6297017,0.2501930594444275,0.970059871673584,0.29135826230049133
YLR109W,YKL004W,0,-1.6298617,0.2501286566257477,0.970059871673584,0.29145827889442444
YLR091W,YGR055W,0,-1.6303504,0.25006431341171265,0.970059871673584,0.29155832529067993
YMR131C,YNL218W,0,-1.6304168,0.25,0.970059871673584,0.29165834188461304
YIL073C,YNL048W,0,-1.6305261,0.24993571639060974,0.970059871673584,0.29175835847854614
YJR045C,YAR033W,0,-1.6305932,0.24987146258354187,0.970059871673584,0.29185837507247925
YKL096W-A,YKL012W,0,-1.6306856,0.24980725347995758,0.970059871673584,0.29195839166641235
YGR135W,YDR017C,0,-1.6309073,0.24974305927753448,0.970059871673584,0.29205840826034546
YJR073C,YDL171C,0,-1.6309328,0.24967890977859497,0.970059871673584,0.29215842485427856
YOL111C,YER062C,0,-1.6311841,0.24961479008197784,0.970059871673584,0.29225844144821167
YIR015W,YOR250C,0,-1.631296,0.2495507001876831,0.970059871673584,0.2923584580421448
YDR134C,YMR031C,0,-1.631312,0.24948665499687195,0.970059871673584,0.29245850443840027
YLR136C,YIL068C,0,-1.6313746,0.24942263960838318,0.970059871673584,0.2925585210323334
YBR179C,YGL122C,0,-1.6314037,0.2493586391210556,0.970059871673584,0.2926585376262665
YGL015C,YLR106C,0,-1.6314338,0.2492946982383728,0.970059871673584,0.2927585542201996
YDR152W,YDR175C,0,-1.6315292,0.2492307722568512,0.970059871673584,0.2928585708141327
YPR194C,YML058W-A,0,-1.6317999,0.24916687607765198,0.970059871673584,0.2929585874080658
YPL189W,YBR042C,0,-1.6323206,0.24910302460193634,0.970059871673584,0.2930586040019989
YER146W,YLR353W,0,-1.6324033,0.2490392029285431,0.970059871673584,0.293158620595932
YHR128W,YMR011W,0,-1.632436,0.24897541105747223,0.970059871673584,0.2932586371898651
YOL047C,YOL032W,0,-1.6328325,0.24891164898872375,0.970059871673584,0.2933586835861206
YER050C,YER023W,0,-1.6334953,0.24884793162345886,0.970059871673584,0.2934587001800537
YDR434W,YGR209C,0,-1.6336732,0.24878422915935516,0.970059871673584,0.2935587167739868
YPL099C,YLR085C,0,-1.6337706,0.24872057139873505,0.970059871673584,0.2936587333679199
YLR433C,YLR106C,0,-1.633892,0.24865694344043732,0.970059871673584,0.293758749961853
YNL145W,YML093W,0,-1.6340715,0.24859334528446198,0.970059871673584,0.29385876655578613
YDR071C,YPL213W,0,-1.6347173,0.24852979183197021,0.970059871673584,0.29395878314971924
YJR073C,YGL229C,0,-1.6350919,0.24846625328063965,0.970059871673584,0.29405879974365234
YBR182C,YFL039C,0,-1.635102,0.24840275943279266,0.970059871673584,0.29415884613990784
YHR178W,YNL040W,0,-1.635267,0.24833929538726807,0.970059871673584,0.29425886273384094
YLR466W,YOL067C,0,-1.6356454,0.24827586114406586,0.970059871673584,0.29435887932777405
YNL177C,YOL052C,0,-1.6358427,0.24821245670318604,0.970059871673584,0.29445889592170715
YER062C,YDR319C,0,-1.6361891,0.2481490969657898,0.970059871673584,0.29455891251564026
YHR153C,YCR072C,0,-1.6366122,0.24808575212955475,0.970059871673584,0.29465892910957336
YER071C,YLR130C,0,-1.6368744,0.24802245199680328,0.970059871673584,0.29475894570350647
YJL092W,YJR125C,0,-1.6369673,0.2479591816663742,0.970059871673584,0.2948589622974396
YGR254W,YLR388W,0,-1.6370615,0.24789594113826752,0.970059871673584,0.2949589788913727
YLR466W,YCL056C,0,-1.63714,0.2478327453136444,0.970059871673584,0.2950590252876282
YMR100W,YGR283C,0,-1.6374875,0.2477695643901825,0.970059871673584,0.2951590418815613
YGL018C,YML128C,0,-1.6376891,0.24770642817020416,0.970059871673584,0.2952590584754944
YLR268W,YER129W,0,-1.6378536,0.24764330685138702,0.970059871673584,0.2953590750694275
YFR033C,YGL108C,0,-1.6381707,0.24758023023605347,0.970059871673584,0.2954590916633606
YJL090C,YLR403W,0,-1.6381974,0.2475171834230423,0.970059871673584,0.2955591082572937
YBR014C,YJL141C,0,-1.6382492,0.2474541813135147,0.970059871673584,0.2956591248512268
YDR427W,YNL312W,0,-1.6383095,0.24739119410514832,0.970059871673584,0.2957591414451599
YDR175C,YGR099W,0,-1.6384287,0.2473282516002655,0.970059871673584,0.295859158039093
YDR141C,YOR071C,0,-1.6387548,0.24726532399654388,0.970059871673584,0.2959592044353485
YBR182C,YEL046C,0,-1.6388538,0.24720244109630585,0.970059871673584,0.2960592210292816
YGR007W,YDL002C,0,-1.63931,0.2471395879983902,0.970059871673584,0.2961592376232147
YGR247W,YBL006C,0,-1.6394545,0.24707676470279694,0.970059871673584,0.2962592542171478
YPL269W,YGL030W,0,-1.6395042,0.24701397120952606,0.970059871673584,0.29635927081108093
YGR007W,YDR469W,0,-1.6395891,0.24695122241973877,0.970059871673584,0.29645928740501404
YOL019W,YCR016W,0,-1.639643,0.24688848853111267,0.970059871673584,0.29655930399894714
YJR035W,YOL158C,0,-1.639725,0.24682579934597015,0.970059871673584,0.29665932059288025
YPR085C,YIL173W,0,-1.6398165,0.24676313996315002,0.970059871673584,0.29675933718681335
YPR194C,YHR079C-B,0,-1.6399057,0.24670051038265228,0.970059871673584,0.29685938358306885
YMR013C,YGR014W,0,-1.6399462,0.24663791060447693,0.970059871673584,0.29695940017700195
YDL107W,YDR481C,0,-1.6400857,0.24657534062862396,0.970059871673584,0.29705941677093506
YNL323W,YML037C,0,-1.6401553,0.24651280045509338,0.970059871673584,0.29715943336486816
YJL062W-A,YHR110W,0,-1.6404788,0.2464503049850464,0.970059871673584,0.29725944995880127
YPL283C,YML026C,0,-1.6405711,0.24638783931732178,0.970059871673584,0.2973594665527344
YNL009W,YGR211W,0,-1.6409533,0.24632538855075836,0.970059871673584,0.2974594831466675
YCL043C,YMR189W,0,-1.6410317,0.24626298248767853,0.970059871673584,0.2975594997406006
YER164W,YOR071C,0,-1.6411455,0.24620060622692108,0.970059871673584,0.2976595461368561
YHR171W,YMR197C,0,-1.6414485,0.24613825976848602,0.970059871673584,0.2977595627307892
YGR101W,YDR099W,0,-1.6416887,0.24607594311237335,0.970059871673584,0.2978595793247223
YLR160C,YER023W,0,-1.6419162,0.24601367115974426,0.970059871673584,0.2979595959186554
YKL020C,YAL013W,0,-1.6419812,0.24595141410827637,0.970059871673584,0.2980596125125885
YER071C,YGR067C,0,-1.6420434,0.24588920176029205,0.970059871673584,0.2981596291065216
YML058W,YNL323W,0,-1.6425151,0.24582700431346893,0.970059871673584,0.2982596457004547
YGL128C,YGR207C,0,-1.6428827,0.2457648515701294,0.970059871673584,0.2983596622943878
YHR074W,YJR024C,0,-1.6429583,0.24570272862911224,0.970059871673584,0.2984596788883209
YLR371W,YPR181C,0,-1.6429595,0.24564063549041748,0.970059871673584,0.2985597252845764
YGL255W,YJR052W,0,-1.6429654,0.2455785721540451,0.970059871673584,0.2986597418785095
YOL001W,YGL047W,0,-1.6430733,0.24551653861999512,0.970059871673584,0.2987597584724426
YGL128C,YJL020C,0,-1.6438687,0.2454545497894287,0.970059871673584,0.29885977506637573
YCL059C,YNL339C,0,-1.6440406,0.2453925758600235,0.970059871673584,0.29895979166030884
YFL041W,YOR125C,0,-1.6441437,0.24533064663410187,0.970059871673584,0.29905980825424194
YBL023C,YLR130C,0,-1.6442122,0.24526873230934143,0.970059871673584,0.29915982484817505
YGL137W,YJR050W,0,-1.6443012,0.24520686268806458,0.970059871673584,0.29925984144210815
YDL225W,YOR147W,0,-1.6443139,0.2451450228691101,0.970059871673584,0.29935985803604126
YBR239C,YBL005W-B,0,-1.6445155,0.24508321285247803,0.970059871673584,0.29945990443229675
YLR422W,YDR001C,0,-1.64479,0.24502143263816833,0.970059871673584,0.29955992102622986
YOL149W,YBR291C,0,-1.6448272,0.24495968222618103,0.970059871673584,0.29965993762016296
YMR316W,YML007W,0,-1.6448729,0.2448979616165161,0.970059871673584,0.29975995421409607
YPL176C,YJL096W,0,-1.6449205,0.24483627080917358,0.970059871673584,0.2998599708080292
YBR054W,YPR147C,0,-1.6453444,0.24477460980415344,0.970059871673584,0.2999599874019623
YNL209W,YOR185C,1,-1.645474,0.24496474862098694,0.9710578918457031,0.2999599874019623
YMR280C,YGL135W,0,-1.6459401,0.244903102517128,0.9710578918457031,0.3000600039958954
YGL015C,YKL027W,0,-1.6462208,0.24484147131443024,0.9710578918457031,0.3001600205898285
YIR026C,YDR374C,0,-1.646275,0.24477986991405487,0.9710578918457031,0.3002600371837616
YJR133W,YBR075W,0,-1.6464776,0.24471831321716309,0.9710578918457031,0.3003600835800171
YDL067C,YAL013W,0,-1.6466267,0.2446567714214325,0.9710578918457031,0.3004601001739502
YDL236W,YLR158C,0,-1.6468284,0.24459527432918549,0.9710578918457031,0.3005601167678833
YLR395C,YDR466W,0,-1.6471797,0.24453380703926086,0.9710578918457031,0.3006601333618164
YLR291C,YHR039C-B,0,-1.6475492,0.24447235465049744,0.9710578918457031,0.3007601499557495
YIR035C,YBR164C,0,-1.6477044,0.2444109469652176,0.9710578918457031,0.3008601665496826
YML016C,YDL190C,0,-1.6477706,0.24434956908226013,0.9710578918457031,0.3009601831436157
YOL094C,YER064C,0,-1.6480372,0.24428822100162506,0.9710578918457031,0.30106019973754883
YBR098W,YIR024C,0,-1.6483407,0.24422690272331238,0.9710578918457031,0.3011602461338043
YER089C,YBL022C,0,-1.6483837,0.24416561424732208,0.9710578918457031,0.3012602627277374
YCR097WB,YIL124W,0,-1.6485678,0.24410437047481537,0.9710578918457031,0.30136027932167053
YCR077C,YKR095W,0,-1.6486232,0.24404314160346985,0.9710578918457031,0.30146029591560364
YER125W,YOR185C,1,-1.6486598,0.24423269927501678,0.9720559120178223,0.30146029591560364
YPL239W,YNL218W,0,-1.6487681,0.24417147040367126,0.9720559120178223,0.30156031250953674
YBR014C,YHR216W,0,-1.6487963,0.24411027133464813,0.9720559120178223,0.30166032910346985
YBR299W,YBR014C,0,-1.6490943,0.24404911696910858,0.9720559120178223,0.30176034569740295
YNL058C,YPR095C,0,-1.6490989,0.24398797750473022,0.9720559120178223,0.30186036229133606
YAR033W,YBR276C,0,-1.6491197,0.24392686784267426,0.9720559120178223,0.30196037888526917
YAR033W,YPL031C,0,-1.6491493,0.24386580288410187,0.9720559120178223,0.30206042528152466
YCL059C,YBR168W,0,-1.6492552,0.24380475282669067,0.9720559120178223,0.30216044187545776
YDR512C,YKR057W,0,-1.6493077,0.24374374747276306,0.9720559120178223,0.30226045846939087
YDL224C,YLR114C,0,-1.6493714,0.24368275701999664,0.9720559120178223,0.302360475063324
YOL039W,YNL041C,0,-1.6504889,0.2436218112707138,0.9720559120178223,0.3024604916572571
YOR240W,YOR043W,0,-1.6505464,0.24356089532375336,0.9720559120178223,0.3025605082511902
YGL013C,YAR033W,0,-1.6508749,0.2434999942779541,0.9720559120178223,0.3026605248451233
YPR093C,YAL014C,0,-1.6510448,0.24343913793563843,0.9720559120178223,0.3027605414390564
YER056C,YKL222C,0,-1.6511788,0.24337831139564514,0.9720559120178223,0.3028605580329895
YDR071C,YDR515W,0,-1.6512682,0.24331751465797424,0.9720559120178223,0.302960604429245
YNL145W,YPL123C,0,-1.6516745,0.24325674772262573,0.9720559120178223,0.3030606210231781
YOL003C,YHR182W,0,-1.6517184,0.2431960105895996,0.9720559120178223,0.3031606376171112
YNR008W,YKL027W,0,-1.6524651,0.24313530325889587,0.9720559120178223,0.3032606542110443
YOR389W,YDL024C,0,-1.6527665,0.24307462573051453,0.9720559120178223,0.3033606708049774
YJR109C,YNR058W,0,-1.6532198,0.24301397800445557,0.9720559120178223,0.3034606873989105
YKL156W,YHL002W,0,-1.6532836,0.242953360080719,0.9720559120178223,0.30356070399284363
YBL093C,YNR008W,0,-1.6538291,0.2428927719593048,0.9720559120178223,0.30366072058677673
YLR157C,YEL039C,0,-1.654,0.242832213640213,0.9720559120178223,0.3037607669830322
YER055C,YOR083W,0,-1.6547829,0.2427716851234436,0.9720559120178223,0.30386078357696533
YML017W,YJR033C,0,-1.6552924,0.24271118640899658,0.9720559120178223,0.30396080017089844
YLR035C,YHR132W-A,0,-1.6557077,0.24265071749687195,0.9720559120178223,0.30406081676483154
YDR004W,YGR158C,0,-1.6558242,0.2425902932882309,0.9720559120178223,0.30416083335876465
YLR074C,YPL041C,0,-1.6562331,0.24252988398075104,0.9720559120178223,0.30426084995269775
YFL017C,YDR155C,0,-1.656365,0.24246950447559357,0.9720559120178223,0.30436086654663086
YDR427W,YER142C,0,-1.6565182,0.24240915477275848,0.9720559120178223,0.30446088314056396
YNL200C,YAL014C,0,-1.6566975,0.24234884977340698,0.9720559120178223,0.30456089973449707
YDL021W,YCR077C,0,-1.6567633,0.24228855967521667,0.9720559120178223,0.30466094613075256
YMR154C,YDR458C,0,-1.6568862,0.24222829937934875,0.9720559120178223,0.30476096272468567
YPL196W,YMR315W,0,-1.6571298,0.24216806888580322,0.9720559120178223,0.3048609793186188
YOR172W,YOL122C,0,-1.6575322,0.24210788309574127,0.9720559120178223,0.3049609959125519
YER056C-A,YGL128C,0,-1.6575944,0.24204771220684052,0.9720559120178223,0.305061012506485
YPL249C,YER062C,0,-1.6577392,0.24198757112026215,0.9720559120178223,0.3051610291004181
YPL187W,YLL038C,0,-1.6583097,0.24192747473716736,0.9720559120178223,0.3052610456943512
YMR323W,YAL005C,0,-1.6588843,0.24186739325523376,0.9720559120178223,0.3053610622882843
YPL220W,YPR055W,0,-1.6589292,0.24180734157562256,0.9720559120178223,0.3054610788822174
YHR182W,YPR082C,0,-1.6590222,0.24174733459949493,0.9720559120178223,0.3055611252784729
YPR173C,YGR049W,0,-1.6591254,0.2416873425245285,0.9720559120178223,0.305661141872406
YDR018C,YJR074W,0,-1.6591989,0.24162739515304565,0.9720559120178223,0.3057611584663391
YNL268W,YPL270W,0,-1.6596167,0.241567462682724,0.9720559120178223,0.3058611750602722
YJL025W,YBR012W-B,0,-1.6597584,0.24150756001472473,0.9720559120178223,0.3059611916542053
YLR115W,YGR209C,0,-1.6598613,0.24144768714904785,0.9720559120178223,0.3060612082481384
YOL152W,YPR093C,0,-1.6600046,0.24138785898685455,0.9720559120178223,0.30616122484207153
YOR113W,YIL124W,0,-1.660394,0.24132804572582245,0.9720559120178223,0.30626124143600464
YCR097WB,YGR254W,0,-1.6608343,0.24126826226711273,0.9720559120178223,0.30636125802993774
YDL143W,YOL122C,0,-1.6609992,0.2412085235118866,0.9720559120178223,0.30646130442619324
YJL050W,YNL260C,0,-1.6613302,0.24114879965782166,0.9720559120178223,0.30656132102012634
YJL092W,YGL021W,0,-1.6613605,0.2410891056060791,0.9720559120178223,0.30666133761405945
YER019W,YDR490C,0,-1.6614736,0.24102944135665894,0.9720559120178223,0.30676135420799255
YIL063C,YER125W,1,-1.6615585,0.2412172257900238,0.9730538725852966,0.30676135420799255
YNL181W,YPL259C,0,-1.6615921,0.24115756154060364,0.9730538725852966,0.30686137080192566
YBL066C,YDR156W,0,-1.6618285,0.24109792709350586,0.9730538725852966,0.30696138739585876
YBL023C,YDR049W,0,-1.6619622,0.24103832244873047,0.9730538725852966,0.30706140398979187
YML037C,YHR134W,0,-1.6620208,0.24097874760627747,0.9730538725852966,0.307161420583725
YMR190C,YOL115W,0,-1.6622311,0.24091920256614685,0.9730538725852966,0.30726146697998047
YLR050C,YNR018W,0,-1.6624516,0.24085968732833862,0.9730538725852966,0.3073614835739136
YPR102C,YBL084C,0,-1.6625223,0.24080020189285278,0.9730538725852966,0.3074615001678467
YDR419W,YML075C,0,-1.6625388,0.24074074625968933,0.9730538725852966,0.3075615167617798
YKL127W,YMR027W,0,-1.6628152,0.24068132042884827,0.9730538725852966,0.3076615333557129
YBR239C,YJL186W,0,-1.6628702,0.2406219094991684,0.9730538725852966,0.307761549949646
YBR054W,YNL183C,0,-1.6629452,0.2405625432729721,0.9730538725852966,0.3078615665435791
YOL152W,YNL156C,0,-1.6629462,0.2405032068490982,0.9730538725852966,0.3079615831375122
YLR312C-B,YJL050W,0,-1.6632395,0.2404439002275467,0.9730538725852966,0.3080615997314453
YOL077C,YDL127W,0,-1.6633536,0.24038460850715637,0.9730538725852966,0.3081616461277008
YGR135W,YLR204W,0,-1.6633863,0.24032536149024963,0.9730538725852966,0.3082616627216339
YKL104C,YCL018W,0,-1.663502,0.24026614427566528,0.9730538725852966,0.308361679315567
YOR206W,YGR254W,0,-1.6636752,0.24020694196224213,0.9730538725852966,0.3084616959095001
YHR055C,YGR246C,0,-1.6641488,0.24014778435230255,0.9730538725852966,0.3085617125034332
YDR513W,YOR357C,0,-1.6644403,0.24008864164352417,0.9730538725852966,0.30866172909736633
YKR062W,YOR391C,0,-1.6644559,0.24002954363822937,0.9730538725852966,0.30876174569129944
YNL073W,YJL222W,0,-1.6645191,0.23997046053409576,0.9730538725852966,0.30886176228523254
YDR427W,YOR106W,0,-1.6653383,0.23991142213344574,0.9730538725852966,0.30896177887916565
YBR075W,YNL182C,0,-1.6653466,0.2398523986339569,0.9730538725852966,0.30906182527542114
YJL221C,YNL041C,0,-1.6654515,0.23979340493679047,0.9730538725852966,0.30916184186935425
YMR265C,YHR047C,0,-1.6663259,0.2397344410419464,0.9730538725852966,0.30926185846328735
YOL051W,YJR117W,0,-1.6671871,0.23967552185058594,0.9730538725852966,0.30936187505722046
YML133C,YDR469W,0,-1.6672347,0.23961661756038666,0.9730538725852966,0.30946189165115356
YER142C,YKL095W,0,-1.667721,0.23955774307250977,0.9730538725852966,0.30956190824508667
YGR049W,YBR253W,0,-1.667745,0.23949889838695526,0.9730538725852966,0.3096619248390198
YCR058C,YPL129W,0,-1.6678216,0.23944008350372314,0.9730538725852966,0.3097619414329529
YLR079W,YER029C,0,-1.6680043,0.23938129842281342,0.9730538725852966,0.309861958026886
YDR170C,YLL038C,0,-1.6680696,0.23932252824306488,0.9730538725852966,0.3099620044231415
YJL050W,YOR117W,0,-1.6684136,0.23926380276679993,0.9730538725852966,0.3100620210170746
YJR105W,YDR466W,0,-1.6685467,0.23920510709285736,0.9730538725852966,0.3101620376110077
YER165W,YPL028W,0,-1.6697018,0.239146426320076,0.9730538725852966,0.3102620542049408
YIL173W,YHR216W,0,-1.6699696,0.2390877902507782,0.9730538725852966,0.3103620707988739
YGR026W,YKL201C,0,-1.6702297,0.2390291690826416,0.9730538725852966,0.310462087392807
YOR176W,YMR318C,0,-1.6706316,0.2389705926179886,0.9730538725852966,0.3105621039867401
YJR136C,YOL109W,0,-1.6707593,0.23891203105449677,0.9730538725852966,0.3106621205806732
YBR179C,YLR362W,0,-1.671077,0.23885349929332733,0.9730538725852966,0.3107621669769287
YIL115C,YOR185C,1,-1.6713262,0.23903992772102356,0.9740518927574158,0.3107621669769287
YAL041W,YDR153C,0,-1.6718125,0.23898139595985413,0.9740518927574158,0.3108621835708618
YLR078C,YNL328C,0,-1.6718946,0.23892289400100708,0.9740518927574158,0.3109622001647949
YKR062W,YDR079W,0,-1.672203,0.23886442184448242,0.9740518927574158,0.311062216758728
YER173W,YGR116W,0,-1.672469,0.23880596458911896,0.9740518927574158,0.31116223335266113
YDR039C,YKL012W,0,-1.672689,0.23874755203723907,0.9740518927574158,0.31126224994659424
YPR085C,YER008C,0,-1.6728129,0.23868916928768158,0.9740518927574158,0.31136226654052734
YAL007C,YNL201C,0,-1.6728442,0.23863080143928528,0.9740518927574158,0.31146228313446045
YOL111C,YDR374C,0,-1.6731308,0.23857247829437256,0.9740518927574158,0.31156229972839355
YMR099C,YNL243W,0,-1.6733301,0.23851417005062103,0.9740518927574158,0.31166234612464905
YJL003W,YPL081W,0,-1.6733481,0.2384559065103531,0.9740518927574158,0.31176236271858215
YHR066W,YFR033C,0,-1.6737854,0.23839765787124634,0.9740518927574158,0.31186237931251526
YFL037W,YPR159W,0,-1.6739385,0.23833943903446198,0.9740518927574158,0.31196239590644836
YKL079W,YML130C,0,-1.674228,0.23828125,0.9740518927574158,0.31206241250038147
YCR057C,YDL018C,0,-1.6742406,0.2382230907678604,0.9740518927574158,0.3121624290943146
YOL003C,YOL115W,0,-1.674397,0.2381649613380432,0.9740518927574158,0.3122624456882477
YMR322C,YPL002C,0,-1.674551,0.2381068617105484,0.9740518927574158,0.3123624622821808
YGR262C,YAL007C,0,-1.6748744,0.23804877698421478,0.9740518927574158,0.3124624788761139
YOR104W,YMR114C,0,-1.6750064,0.23799073696136475,0.9740518927574158,0.3125625252723694
YPR194C,YML062C,0,-1.6750355,0.2379327118396759,0.9740518927574158,0.3126625418663025
YGL141W,YBR062C,0,-1.6753876,0.23787473142147064,0.9740518927574158,0.3127625584602356
YDR419W,YOR106W,0,-1.6754923,0.23781676590442657,0.9740518927574158,0.3128625750541687
YFL039C,YKL020C,0,-1.6755438,0.2377588301897049,0.9740518927574158,0.3129625916481018
YML133C,YLR014C,0,-1.675684,0.2377009242773056,0.9740518927574158,0.3130626082420349
YML026C,YLR154W-C,0,-1.6756885,0.2376430481672287,0.9740518927574158,0.313162624835968
YGR243W,YKL020C,0,-1.6762081,0.23758520185947418,0.9740518927574158,0.3132626414299011
YIR015W,YMR113W,0,-1.6762247,0.23752738535404205,0.9740518927574158,0.31336265802383423
YML037C,YLR243W,0,-1.6766865,0.23746958374977112,0.9740518927574158,0.3134627044200897
YOR032C,YMR031C,0,-1.6768031,0.23741182684898376,0.9740518927574158,0.3135627210140228
YNL265C,YOL047C,0,-1.6768304,0.2373540848493576,0.9740518927574158,0.31366273760795593
YJL113W,YER041W,0,-1.6770192,0.23729637265205383,0.9740518927574158,0.31376275420188904
YOL100W,YNL040W,0,-1.6774294,0.23723869025707245,0.9740518927574158,0.31386277079582214
YGL229C,YGR055W,0,-1.6774995,0.23718103766441345,0.9740518927574158,0.31396278738975525
YKL096W-A,YGR229C,0,-1.6778526,0.23712341487407684,0.9740518927574158,0.31406280398368835
YJL061W,YPL256C,0,-1.6779213,0.23706582188606262,0.9740518927574158,0.31416282057762146
YER138C,YPL176C,0,-1.6786655,0.2370082587003708,0.9740518927574158,0.31426286697387695
YFL044C,YJR046W,0,-1.6788914,0.23695071041584015,0.9740518927574158,0.31436288356781006
YMR142C,YFL026W,0,-1.678918,0.2368932068347931,0.9740518927574158,0.31446290016174316
YMR318C,YLR421C,0,-1.6792705,0.23683571815490723,0.9740518927574158,0.31456291675567627
YNL293W,YLR442C,0,-1.6794167,0.23677825927734375,0.9740518927574158,0.3146629333496094
YNR001C,YDR515W,0,-1.6796494,0.23672083020210266,0.9740518927574158,0.3147629499435425
YJR053W,YNL113W,0,-1.6796697,0.23666343092918396,0.9740518927574158,0.3148629665374756
YFL041W,YJL020C,0,-1.6799405,0.23660606145858765,0.9740518927574158,0.3149629831314087
YDR021W,YKL003C,0,-1.679994,0.23654872179031372,0.9740518927574158,0.3150629997253418
YIL014W,YBR291C,0,-1.6800058,0.236491397023201,0.9740518927574158,0.3151630461215973
YLL015W,YLL049W,0,-1.6801006,0.23643410205841064,0.9740518927574158,0.3152630627155304
YDL095W,YJL044C,0,-1.6805927,0.23637685179710388,0.9740518927574158,0.3153630793094635
YPR082C,YDR004W,0,-1.6807204,0.2363196164369583,0.9740518927574158,0.3154630959033966
YOR396W,YBR044C,0,-1.681161,0.23626241087913513,0.9740518927574158,0.3155631124973297
YKL039W,YDR447C,0,-1.6811984,0.23620522022247314,0.9740518927574158,0.3156631290912628
YOR389W,YPL103C,0,-1.6812116,0.23614807426929474,0.9740518927574158,0.3157631456851959
YHR143W,YJL049W,0,-1.6815186,0.23609095811843872,0.9740518927574158,0.31586316227912903
YMR270C,YIL139C,0,-1.6816442,0.2360338568687439,0.9740518927574158,0.31596317887306213
YNL227C,YER125W,1,-1.6821201,0.23621857166290283,0.9750499129295349,0.31596317887306213
YDR434W,YDR529C,0,-1.682157,0.236161470413208,0.9750499129295349,0.3160632252693176
YDR099W,YMR113W,0,-1.6822948,0.23610439896583557,0.9750499129295349,0.31616324186325073
YBL016W,YAL055W,0,-1.6823828,0.23604735732078552,0.9750499129295349,0.31626325845718384
YLL049W,YHR134W,0,-1.6823874,0.23599034547805786,0.9750499129295349,0.31636327505111694
YMR133W,YJR155W,0,-1.6825907,0.2359333485364914,0.9750499129295349,0.31646329164505005
YJL124C,YGR104C,0,-1.6826384,0.23587638139724731,0.9750499129295349,0.31656330823898315
YDL018C,YOR278W,0,-1.6826997,0.23581945896148682,0.9750499129295349,0.31666332483291626
YER064C,YML123C,0,-1.6830244,0.2357625514268875,0.9750499129295349,0.31676334142684937
YMR214W,YGR282C,0,-1.6838875,0.2357056736946106,0.9750499129295349,0.31686335802078247
YHR111W,YJL116C,0,-1.6839256,0.23564881086349487,0.9750499129295349,0.31696340441703796
YPL283C,YOL051W,0,-1.6839714,0.23559199273586273,0.9750499129295349,0.31706342101097107
YLR323C,YDL088C,0,-1.6843631,0.23553520441055298,0.9750499129295349,0.3171634376049042
YCR058C,YGR091W,0,-1.6844548,0.23547843098640442,0.9750499129295349,0.3172634541988373
YOL019W,YCR039C,0,-1.6847246,0.23542168736457825,0.9750499129295349,0.3173634707927704
YBL066C,YOL041C,0,-1.6850758,0.23536497354507446,0.9750499129295349,0.3174634873867035
YPR013C,YKL012W,0,-1.6854701,0.23530828952789307,0.9750499129295349,0.3175635039806366
YJL042W,YDL184C,0,-1.6859777,0.23525162041187286,0.9750499129295349,0.3176635205745697
YNL240C,YPL178W,0,-1.6862717,0.23519499599933624,0.9750499129295349,0.3177635669708252
YDR371W,YNL027W,0,-1.6863639,0.23513838648796082,0.9750499129295349,0.3178635835647583
YOL042W,YMR077C,0,-1.6864876,0.23508180677890778,0.9750499129295349,0.3179636001586914
YOR315W,YJR108W,0,-1.6865354,0.23502525687217712,0.9750499129295349,0.3180636167526245
YKR057W,YGR087C,0,-1.6865358,0.23496873676776886,0.9750499129295349,0.3181636333465576
YNL084C,YJR075W,0,-1.6869631,0.2349122315645218,0.9750499129295349,0.3182636499404907
YIL108W,YLR013W,0,-1.6869946,0.2348557710647583,0.9750499129295349,0.31836366653442383
YER170W,YGR099W,0,-1.6874173,0.234799325466156,0.9750499129295349,0.31846368312835693
YML040W,YAL005C,0,-1.6874845,0.2347429096698761,0.9750499129295349,0.31856369972229004
YLL018C-A,YHR047C,0,-1.6877152,0.23468652367591858,0.9750499129295349,0.31866374611854553
YBR186W,YKL004W,0,-1.6877475,0.23463016748428345,0.9750499129295349,0.31876376271247864
YMR047C,YMR235C,1,-1.6878953,0.23481392860412598,0.976047933101654,0.31876376271247864
YLL010C,YOL043C,0,-1.68806,0.23475755751132965,0.976047933101654,0.31886377930641174
YPL273W,YFL013C,0,-1.6881156,0.2347012311220169,0.976047933101654,0.31896379590034485
YHR214W,YKR048C,0,-1.6890392,0.23464491963386536,0.976047933101654,0.31906381249427795
YBL066C,YEL055C,0,-1.6890717,0.234588623046875,0.976047933101654,0.31916382908821106
YGL234W,YGL015C,0,-1.6891229,0.23453237116336823,0.976047933101654,0.31926384568214417
YNL156C,YNL073W,0,-1.6892374,0.23447614908218384,0.976047933101654,0.31936386227607727
YKL146W,YOR077W,0,-1.6892802,0.23441994190216064,0.976047933101654,0.3194638788700104
YHR005C,YNL201C,0,-1.6893461,0.23436376452445984,0.976047933101654,0.31956392526626587
YNL003C,YML056C,0,-1.6894422,0.23430761694908142,0.976047933101654,0.319663941860199
YJR102C,YLR151C,0,-1.6895367,0.2342514991760254,0.976047933101654,0.3197639584541321
YDR158W,YLR157C,0,-1.6897504,0.23419539630413055,0.976047933101654,0.3198639750480652
YHR182W,YHR066W,0,-1.6901722,0.2341393381357193,0.976047933101654,0.3199639916419983
YPR187W,YJR109C,0,-1.6901999,0.23408329486846924,0.976047933101654,0.3200640082359314
YIR041W,YGL135W,0,-1.690373,0.23402728140354156,0.976047933101654,0.3201640248298645
YDR155C,YGR138C,0,-1.6905007,0.23397129774093628,0.976047933101654,0.3202640414237976
YOR009W,YOL136C,0,-1.6906669,0.2339153289794922,0.976047933101654,0.3203640580177307
YJL134W,YBR288C,0,-1.6907717,0.23385939002037048,0.976047933101654,0.3204641044139862
YLR303W,YLR061W,0,-1.6909375,0.23380349576473236,0.976047933101654,0.3205641210079193
YAL019W,YPL213W,0,-1.6911052,0.23374761641025543,0.976047933101654,0.3206641376018524
YGR280C,YDR504C,0,-1.6912112,0.2336917519569397,0.976047933101654,0.3207641541957855
YHR011W,YDR152W,0,-1.6914198,0.23363593220710754,0.976047933101654,0.32086417078971863
YLR395C,YGR129W,0,-1.6915649,0.23358012735843658,0.976047933101654,0.32096418738365173
YOR064C,YGR211W,0,-1.6918888,0.233524352312088,0.976047933101654,0.32106420397758484
YFL021W,YEL012W,0,-1.6920426,0.23346860706806183,0.976047933101654,0.32116422057151794
YNL003C,YDR156W,0,-1.6920667,0.23341289162635803,0.976047933101654,0.32126426696777344
YNL048W,YLR298C,0,-1.692361,0.23335719108581543,0.976047933101654,0.32136428356170654
YNL009W,YOL158C,0,-1.6928352,0.23330152034759521,0.976047933101654,0.32146430015563965
YGL122C,YJR110W,0,-1.6931403,0.2332458794116974,0.976047933101654,0.32156431674957275
YEL034W,YOL054W,0,-1.693372,0.23319026827812195,0.976047933101654,0.32166433334350586
YIL048W,YHR117W,0,-1.6934898,0.2331346869468689,0.976047933101654,0.32176434993743896
YGR223C,YMR164C,0,-1.6935561,0.23307912051677704,0.976047933101654,0.32186436653137207
YGR026W,YDR363W-A,0,-1.6935616,0.23302358388900757,0.976047933101654,0.3219643831253052
YNR008W,YDL018C,0,-1.6936971,0.23296807706356049,0.976047933101654,0.3220643997192383
YBR299W,YNL173C,0,-1.6940076,0.2329126000404358,0.976047933101654,0.3221644461154938
YNL058C,YBL013W,0,-1.6948546,0.2328571379184723,0.976047933101654,0.3222644627094269
YOR150W,YDL236W,0,-1.6948855,0.23280172049999237,0.976047933101654,0.32236447930336
YKL097W-A,YKL038W,0,-1.6949391,0.23274631798267365,0.976047933101654,0.3224644958972931
YNL082W,YGR283C,0,-1.6958119,0.2326909303665161,0.976047933101654,0.3225645124912262
YLR096W,YGR246C,0,-1.6958184,0.23263558745384216,0.976047933101654,0.3226645290851593
YIL173W,YGR030C,0,-1.6958473,0.2325802594423294,0.976047933101654,0.3227645456790924
YOR315W,YER129W,0,-1.6958675,0.23252496123313904,0.976047933101654,0.3228645622730255
YFL026W,YOR017W,0,-1.6960056,0.23246969282627106,0.976047933101654,0.3229645788669586
YNR015W,YEL024W,0,-1.6960807,0.23241445422172546,0.976047933101654,0.3230646252632141
YKL059C,YPL111W,0,-1.6962049,0.23235923051834106,0.976047933101654,0.3231646418571472
YNL177C,YPR033C,0,-1.6962125,0.23230403661727905,0.976047933101654,0.3232646584510803
YEL039C,YDR448W,0,-1.6964326,0.23224887251853943,0.976047933101654,0.3233646750450134
YOL111C,YJL141C,0,-1.6968158,0.2321937382221222,0.976047933101654,0.32346469163894653
YLR312C-B,YDL136W,0,-1.6969417,0.23213861882686615,0.976047933101654,0.32356470823287964
YOL051W,YOR043W,0,-1.6970024,0.2320835292339325,0.976047933101654,0.32366472482681274
YJR002W,YDR309C,0,-1.6972001,0.23202846944332123,0.976047933101654,0.32376474142074585
YKR002W,YDR049W,0,-1.6973008,0.23197343945503235,0.976047933101654,0.32386478781700134
YLR203C,YEL036C,0,-1.6973394,0.23191842436790466,0.976047933101654,0.32396480441093445
YMR246W,YGL108C,0,-1.6979542,0.23186343908309937,0.976047933101654,0.32406482100486755
YDL209C,YML067C,0,-1.6981245,0.23180848360061646,0.976047933101654,0.32416483759880066
YOR071C,YDR490C,0,-1.6982007,0.23175355792045593,0.976047933101654,0.32426485419273376
YLR115W,YOL122C,0,-1.6984648,0.2316986471414566,0.976047933101654,0.32436487078666687
YPL174C,YMR189W,0,-1.6984887,0.23164376616477966,0.976047933101654,0.3244648873806
YKR076W,YER096W,0,-1.6985797,0.2315889149904251,0.976047933101654,0.3245649039745331
YDL027C,YMR031C,0,-1.6985935,0.23153409361839294,0.976047933101654,0.3246649205684662
YNL145W,YIR024C,0,-1.6987793,0.23147928714752197,0.976047933101654,0.3247649669647217
YLR442C,YPL058C,0,-1.6989393,0.2314245104789734,0.976047933101654,0.3248649835586548
YML055W,YCL029C,0,-1.6992478,0.2313697636127472,0.976047933101654,0.3249650001525879
YDR039C,YML075C,0,-1.6995375,0.23131504654884338,0.976047933101654,0.325065016746521
YNL048W,YKR088C,0,-1.6997112,0.23126034438610077,0.976047933101654,0.3251650333404541
YLR449W,YGR168C,0,-1.6999876,0.23120567202568054,0.976047933101654,0.3252650499343872
YER019W,YLR361C,0,-1.7000216,0.2311510294675827,0.976047933101654,0.3253650665283203
YDL229W,YER125W,1,-1.7000662,0.2313327044248581,0.9770458936691284,0.3253650665283203
YGR026W,YLL016W,0,-1.7000761,0.23127804696559906,0.9770458936691284,0.3254650831222534
YAL023C,YBR100W,0,-1.7003181,0.2312234342098236,0.9770458936691284,0.3255650997161865
YLR395C,YNL113W,0,-1.7003336,0.23116883635520935,0.9770458936691284,0.325665146112442
YMR318C,YLR287C,0,-1.7007414,0.2311142534017563,0.9770458936691284,0.3257651627063751
YMR119W,YDR437W,0,-1.7007582,0.2310597151517868,0.9770458936691284,0.3258651793003082
YGL172W,YMR047C,1,-1.7007612,0.2312411516904831,0.9780439138412476,0.3258651793003082
YFL039C,YDR062W,0,-1.700973,0.23118659853935242,0.9780439138412476,0.32596519589424133
YER089C,YGR112W,0,-1.7012048,0.23113207519054413,0.9780439138412476,0.32606521248817444
YOR315W,YBR162C,0,-1.7012211,0.23107758164405823,0.9780439138412476,0.32616522908210754
YLL012W,YDR488C,0,-1.7013714,0.23102310299873352,0.9780439138412476,0.32626524567604065
YLR309C,YNL328C,0,-1.7018728,0.2309686541557312,0.9780439138412476,0.32636526226997375
YMR156C,YDR343C,0,-1.7018927,0.23091423511505127,0.9780439138412476,0.32646527886390686
YMR020W,YMR027W,0,-1.7026277,0.23085983097553253,0.9780439138412476,0.32656532526016235
YDR033W,YLR056W,0,-1.7029121,0.23080545663833618,0.9780439138412476,0.32666534185409546
YLR295C,YOL019W,0,-1.7032998,0.23075111210346222,0.9780439138412476,0.32676535844802856
YPL116W,YKR106W,0,-1.703434,0.23069679737091064,0.9780439138412476,0.32686537504196167
YCR101C,YKR106W,0,-1.7037613,0.23064249753952026,0.9780439138412476,0.3269653916358948
YKR002W,YBR002C,0,-1.7039948,0.23058824241161346,0.9780439138412476,0.3270654082298279
YLR074C,YMR150C,0,-1.7040088,0.23053398728370667,0.9780439138412476,0.327165424823761
YBR276C,YJL020C,0,-1.7040731,0.23047977685928345,0.9780439138412476,0.3272654414176941
YDL177C,YGR004W,0,-1.7041023,0.23042558133602142,0.9780439138412476,0.3273654878139496
YJL061W,YOR185C,1,-1.7041705,0.23060648143291473,0.9790419340133667,0.3273654878139496
YPL162C,YER110C,0,-1.7045333,0.2305522859096527,0.9790419340133667,0.3274655044078827
YDR092W,YJL020C,0,-1.7047863,0.23049812018871307,0.9790419340133667,0.3275655210018158
YBR253W,YOL149W,0,-1.7047887,0.23044396936893463,0.9790419340133667,0.3276655375957489
YLL049W,YPL058C,0,-1.7051481,0.23038984835147858,0.9790419340133667,0.327765554189682
YMR073C,YJL133W,0,-1.7053006,0.2303357571363449,0.9790419340133667,0.3278655707836151
YKL004W,YLR116W,0,-1.7053492,0.23028169572353363,0.9790419340133667,0.3279655873775482
YBL023C,YHR048W,0,-1.7059749,0.23022764921188354,0.9790419340133667,0.3280656039714813
YOR246C,YGL204C,0,-1.7060249,0.23017363250255585,0.9790419340133667,0.32816562056541443
YNL289W,YGR158C,0,-1.7061427,0.23011963069438934,0.9790419340133667,0.3282656669616699
YPR085C,YDR049W,0,-1.706295,0.23006565868854523,0.9790419340133667,0.328365683555603
YHR152W,YOR172W,0,-1.7065899,0.2300117164850235,0.9790419340133667,0.32846570014953613
YPL116W,YLR197W,0,-1.7067275,0.22995780408382416,0.9790419340133667,0.32856571674346924
YJL050W,YHR039C-B,0,-1.7067733,0.229903906583786,0.9790419340133667,0.32866573333740234
YBR014C,YFR042W,0,-1.7068515,0.22985005378723145,0.9790419340133667,0.32876574993133545
YGR161W-A,YMR051C,0,-1.7069569,0.22979620099067688,0.9790419340133667,0.32886576652526855
YBR075W,YHR040W,0,-1.7070751,0.2297423928976059,0.9790419340133667,0.32896578311920166
YJR065C,YGL030W,0,-1.7073451,0.2296885997056961,0.9790419340133667,0.32906579971313477
YER164W,YMR077C,0,-1.708209,0.2296348363161087,0.9790419340133667,0.32916584610939026
YPR144C,YDR141C,0,-1.7083199,0.2295810878276825,0.9790419340133667,0.32926586270332336
YLL018C,YDR374C,0,-1.708749,0.22952736914157867,0.9790419340133667,0.32936587929725647
YOL003C,YLR056W,0,-1.7087678,0.22947368025779724,0.9790419340133667,0.3294658958911896
YDR083W,YPL041C,0,-1.7088435,0.2294200211763382,0.9790419340133667,0.3295659124851227
YHR143W,YNL249C,0,-1.7090099,0.22936637699604034,0.9790419340133667,0.3296659290790558
YGL141W,YNL243W,0,-1.7090803,0.22931276261806488,0.9790419340133667,0.3297659456729889
YOL051W,YMR273C,0,-1.7092203,0.2292591780424118,0.9790419340133667,0.329865962266922
YMR258C,YKL012W,0,-1.7093956,0.22920560836791992,0.9790419340133667,0.3299659788608551
YJL223C,YMR265C,0,-1.7095541,0.22915206849575043,0.9790419340133667,0.3300660252571106
YOL152W,YMR060C,0,-1.7097472,0.22909855842590332,0.9790419340133667,0.3301660418510437
YBL035C,YFR050C,0,-1.7098233,0.2290450632572174,0.9790419340133667,0.3302660584449768
YPL147W,YCR075C,0,-1.7099649,0.22899159789085388,0.9790419340133667,0.3303660750389099
YBR060C,YOR027W,0,-1.7100167,0.22893816232681274,0.9790419340133667,0.330466091632843
YHR117W,YIL124W,0,-1.7101458,0.2288847416639328,0.9790419340133667,0.3305661082267761
YHL002W,YOR234C,0,-1.7101943,0.22883135080337524,0.9790419340133667,0.33066612482070923
YJR051W,YFR050C,0,-1.7102144,0.22877798974514008,0.9790419340133667,0.33076614141464233
YHR110W,YHR115C,0,-1.7104745,0.2287246435880661,0.9790419340133667,0.3308661878108978
YEL036C,YDR352W,0,-1.7106556,0.22867132723331451,0.9790419340133667,0.33096620440483093
YOR156C,YFR024C,0,-1.7108889,0.22861804068088531,0.9790419340133667,0.33106622099876404
YMR020W,YJL001W,0,-1.7110133,0.2285647690296173,0.9790419340133667,0.33116623759269714
YFL026W,YPL041C,0,-1.7111721,0.2285115271806717,0.9790419340133667,0.33126625418663025
YJL012C,YBL006C,0,-1.711286,0.22845831513404846,0.9790419340133667,0.33136627078056335
YDL022W,YMR060C,0,-1.7113218,0.22840511798858643,0.9790419340133667,0.33146628737449646
YKL096W-A,YER055C,0,-1.7114089,0.22835195064544678,0.9790419340133667,0.33156630396842957
YKL176C,YCL043C,0,-1.7115482,0.22829881310462952,0.9790419340133667,0.33166632056236267
YNL262W,YPR097W,0,-1.711565,0.22824569046497345,0.9790419340133667,0.33176636695861816
YPR100W,YPL256C,0,-1.7116332,0.22819259762763977,0.9790419340133667,0.33186638355255127
YMR194W,YER101C,0,-1.7118076,0.22813953459262848,0.9790419340133667,0.3319664001464844
YLL012W,YDR049W,0,-1.7119491,0.22808648645877838,0.9790419340133667,0.3320664167404175
YDL224C,YOL039W,0,-1.7121274,0.22803346812725067,0.9790419340133667,0.3321664333343506
YDL067C,YJL222W,0,-1.712399,0.22798047959804535,0.9790419340133667,0.3322664499282837
YHR037W,YML007W,0,-1.7124627,0.22792750597000122,0.9790419340133667,0.3323664665222168
YBL093C,YCR042C,0,-1.7128577,0.22787456214427948,0.9790419340133667,0.3324664831161499
YBL028C,YGR134W,0,-1.7130654,0.22782164812088013,0.9790419340133667,0.332566499710083
YDR158W,YGL162W,0,-1.713202,0.22776874899864197,0.9790419340133667,0.3326665461063385
YDR175C,YMR231W,0,-1.7134652,0.2277158796787262,0.9790419340133667,0.3327665627002716
YDL185W,YNL323W,0,-1.7137889,0.22766302525997162,0.9790419340133667,0.3328665792942047
YNL145W,YDR339C,0,-1.714043,0.22761021554470062,0.9790419340133667,0.3329665958881378
YDR238C,YDR084C,0,-1.7140934,0.22755740582942963,0.9790419340133667,0.3330666124820709
YHR178W,YKL158W,0,-1.7141145,0.2275046408176422,0.9790419340133667,0.33316662907600403
YIL027C,YDL127W,0,-1.7141286,0.227451890707016,0.9790419340133667,0.33326664566993713
YPL141C,YKL004W,0,-1.7142146,0.22739917039871216,0.9790419340133667,0.33336666226387024
YNL003C,YKL158W,0,-1.7142513,0.22734646499156952,0.9790419340133667,0.33346667885780334
YEL039C,YFL057C,0,-1.7144067,0.22729378938674927,0.9790419340133667,0.33356672525405884
YHR182W,YIL014W,0,-1.714474,0.2272411435842514,0.9790419340133667,0.33366674184799194
YLR371W,YML093W,0,-1.7146277,0.22718851268291473,0.9790419340133667,0.33376675844192505
YPL013C,YBR093C,0,-1.714633,0.22713591158390045,0.9790419340133667,0.33386677503585815
YOL111C,YLR441C,0,-1.7154479,0.22708334028720856,0.9790419340133667,0.33396679162979126
YOR391C,YIR024C,0,-1.7156096,0.22703078389167786,0.9790419340133667,0.33406680822372437
YOL003C,YNL098C,0,-1.7163109,0.22697825729846954,0.9790419340133667,0.33416682481765747
YIL131C,YDR308C,0,-1.7166985,0.22692574560642242,0.9790419340133667,0.3342668414115906
YCR072C,YJL096W,0,-1.716706,0.2268732637166977,0.9790419340133667,0.33436688780784607
YAL014C,YHR154W,0,-1.7167615,0.22682081162929535,0.9790419340133667,0.3344669044017792
YNL086W,YCR079W,0,-1.71685,0.2267683744430542,0.9790419340133667,0.3345669209957123
YGL104C,YOR020W-A,0,-1.7171692,0.22671596705913544,0.9790419340133667,0.3346669375896454
YNL233W,YNL065W,0,-1.7176569,0.22666358947753906,0.9790419340133667,0.3347669541835785
YLR053C,YMR031C,0,-1.7178853,0.22661122679710388,0.9790419340133667,0.3348669707775116
YHR066W,YPL270W,0,-1.7180443,0.2265588939189911,0.9790419340133667,0.3349669873714447
YDR248C,YCL034W,0,-1.7181711,0.2265065759420395,0.9790419340133667,0.3350670039653778
YNL265C,YDL184C,0,-1.7183166,0.22645428776741028,0.9790419340133667,0.3351670205593109
YPL181W,YML086C,0,-1.7183911,0.22640202939510345,0.9790419340133667,0.3352670669555664
YKL085W,YJR110W,0,-1.7185838,0.22634978592395782,0.9790419340133667,0.3353670835494995
YLR268W,YGR132C,0,-1.7185843,0.22629757225513458,0.9790419340133667,0.3354671001434326
YJL114W,YGR012W,0,-1.7189327,0.22624538838863373,0.9790419340133667,0.3355671167373657
YHR124W,YPR043W,0,-1.7189748,0.22619321942329407,0.9790419340133667,0.33566713333129883
YNR037C,YNL339C,0,-1.7191299,0.2261410802602768,0.9790419340133667,0.33576714992523193
YGR099W,YGR091W,0,-1.7192326,0.22608895599842072,0.9790419340133667,0.33586716651916504
YMR027W,YDR356W,0,-1.7193398,0.22603686153888702,0.9790419340133667,0.33596718311309814
YLR079W,YKR048C,0,-1.7202445,0.22598479688167572,0.9790419340133667,0.33606719970703125
YJR136C,YPL129W,0,-1.720782,0.2259327471256256,0.9790419340133667,0.33616724610328674
YPL013C,YBR029C,0,-1.7209349,0.2258807271718979,0.9790419340133667,0.33626726269721985
YLR342W,YLR371W,0,-1.7212443,0.22582872211933136,0.9790419340133667,0.33636727929115295
YJL062W-A,YMR133W,0,-1.7214253,0.2257767617702484,0.9790419340133667,0.33646729588508606
YDR105C,YDL046W,0,-1.7215612,0.22572480142116547,0.9790419340133667,0.33656731247901917
YIL162W,YDR512C,0,-1.7218888,0.2256728708744049,0.9790419340133667,0.33666732907295227
YBR054W,YBR092C,0,-1.7220106,0.22562097012996674,0.9790419340133667,0.3367673456668854
YJL222W,YCL029C,0,-1.7220464,0.22556909918785095,0.9790419340133667,0.3368673622608185
YOR145C,YBR075W,0,-1.7221695,0.22551724314689636,0.9790419340133667,0.3369673788547516
YLR035C,YLR337C,0,-1.7221819,0.22546541690826416,0.9790419340133667,0.3370674252510071
YOL051W,YIL048W,0,-1.7223651,0.22541360557079315,0.9790419340133667,0.3371674418449402
YJL198W,YJL186W,0,-1.7224474,0.22536182403564453,0.9790419340133667,0.3372674584388733
YFL020C,YDR141C,0,-1.7224963,0.2253100574016571,0.9790419340133667,0.3373674750328064
YIR024C,YPR144C,0,-1.7230085,0.22525832056999207,0.9790419340133667,0.3374674916267395
YJL159W,YJR075W,0,-1.7230144,0.22520661354064941,0.9790419340133667,0.3375675082206726
YLR143W,YKL155C,0,-1.723058,0.22515492141246796,0.9790419340133667,0.3376675248146057
YML133C,YIL009W,0,-1.7230674,0.2251032590866089,0.9790419340133667,0.3377675414085388
YDR458C,YKL170W,0,-1.723125,0.225051611661911,0.9790419340133667,0.3378675878047943
YMR047C,YER129W,0,-1.7233272,0.22499999403953552,0.9790419340133667,0.3379676043987274
YGL013C,YER087C-B,0,-1.7233291,0.22494840621948242,0.9790419340133667,0.3380676209926605
YBR239C,YLR167W,0,-1.7234173,0.22489683330059052,0.9790419340133667,0.33816763758659363
YER055C,YBR100W,0,-1.7238293,0.224845290184021,0.9790419340133667,0.33826765418052673
YMR155W,YOR158W,0,-1.7240338,0.22479376196861267,0.9790419340133667,0.33836767077445984
YMR214W,YLR014C,0,-1.7241653,0.22474226355552673,0.9790419340133667,0.33846768736839294
YMR113W,YCR059C,0,-1.7241831,0.22469079494476318,0.9790419340133667,0.33856770396232605
YGR054W,YGL021W,0,-1.7243321,0.22463934123516083,0.9790419340133667,0.33866772055625916
YLR157C,YFL037W,0,-1.7244985,0.22458791732788086,0.9790419340133667,0.33876776695251465
YMR214W,YGL174W,0,-1.7248834,0.22453650832176208,0.9790419340133667,0.33886778354644775
YOR017W,YLR291C,0,-1.7249515,0.2244851291179657,0.9790419340133667,0.33896780014038086
YIL027C,YOL122C,0,-1.7251828,0.2244337648153305,0.9790419340133667,0.33906781673431396
YJL200C,YGL124C,0,-1.7251873,0.2243824303150177,0.9790419340133667,0.33916783332824707
YDL027C,YBL084C,0,-1.7252221,0.22433112561702728,0.9790419340133667,0.3392678499221802
YLR461W,YPR005C,0,-1.7252699,0.22427983582019806,0.9790419340133667,0.3393678665161133
YER029C,YDR458C,0,-1.725579,0.22422857582569122,0.9790419340133667,0.3394678831100464
YGR282C,YOR077W,0,-1.7255844,0.22417733073234558,0.9790419340133667,0.3395678997039795
YML016C,YHR031C,0,-1.725763,0.22412611544132233,0.9790419340133667,0.339667946100235
YER074W,YOR009W,0,-1.7258558,0.22407491505146027,0.9790419340133667,0.3397679626941681
YGR161C-C,YLR410W-A,0,-1.7260454,0.2240237444639206,0.9790419340133667,0.3398679792881012
YGL124C,YGR007W,0,-1.7261881,0.2239726036787033,0.9790419340133667,0.3399679958820343
YNL040W,YCR009C,0,-1.7262452,0.22392147779464722,0.9790419340133667,0.3400680124759674
YMR019W,YBR014C,0,-1.7263577,0.2238703817129135,0.9790419340133667,0.3401680290699005
YDR056C,YDR208W,0,-1.7265255,0.223819300532341,0.9790419340133667,0.3402680456638336
YOL094C,YGL094C,0,-1.7266712,0.22376824915409088,0.9790419340133667,0.3403680622577667
YBR114W,YEL006W,0,-1.7266929,0.22371721267700195,0.9790419340133667,0.34046807885169983
YLR110C,YHL002W,0,-1.7268903,0.2236662060022354,0.9790419340133667,0.3405681252479553
YMR073C,YMR113W,0,-1.7269976,0.22361522912979126,0.9790419340133667,0.3406681418418884
YGL051W,YGR168C,0,-1.7272224,0.2235642671585083,0.9790419340133667,0.34076815843582153
YLR409C,YKL145W,0,-1.7275946,0.22351333498954773,0.9790419340133667,0.34086817502975464
YPL030W,YBL084C,0,-1.7275956,0.22346241772174835,0.9790419340133667,0.34096819162368774
YMR192W,YDR507C,0,-1.7276895,0.22341153025627136,0.9790419340133667,0.34106820821762085
YIL068C,YOR039W,0,-1.7279701,0.22336065769195557,0.9790419340133667,0.34116822481155396
YCR072C,YKL064W,0,-1.7280331,0.22330981492996216,0.9790419340133667,0.34126824140548706
YOR214C,YOR234C,0,-1.7282314,0.22325898706912994,0.9790419340133667,0.34136828780174255
YBR062C,YHR132W-A,0,-1.7284896,0.22320818901062012,0.9790419340133667,0.34146830439567566
YLR166C,YMR080C,0,-1.7289919,0.22315742075443268,0.9790419340133667,0.34156832098960876
YLR045C,YDR334W,0,-1.7290189,0.22310666739940643,0.9790419340133667,0.34166833758354187
YOR104W,YOR162C,0,-1.7294006,0.22305592894554138,0.9790419340133667,0.341768354177475
YCR007C,YIL013C,0,-1.7294632,0.2230052351951599,0.9790419340133667,0.3418683707714081
YDR152W,YMR166C,0,-1.7295179,0.22295454144477844,0.9790419340133667,0.3419683873653412
YKR088C,YKL051W,0,-1.7295585,0.22290389239788055,0.9790419340133667,0.3420684039592743
YKL103C,YDR371W,0,-1.7296438,0.22285324335098267,0.9790419340133667,0.3421684205532074
YER154W,YNL199C,0,-1.7298757,0.22280263900756836,0.9790419340133667,0.3422684669494629
YLR061W,YBL080C,0,-1.7300074,0.22275204956531525,0.9790419340133667,0.342368483543396
YML075C,YLR361C,0,-1.7303002,0.22270147502422333,0.9790419340133667,0.3424685001373291
YGR243W,YER174C,0,-1.7306311,0.2226509302854538,0.9790419340133667,0.3425685167312622
YPR105C,YGL104C,0,-1.7306374,0.22260041534900665,0.9790419340133667,0.3426685333251953
YLR466W,YFR002W,0,-1.7306509,0.2225499153137207,0.9790419340133667,0.3427685499191284
YDR258C,YPL072W,0,-1.731173,0.22249943017959595,0.9790419340133667,0.3428685665130615
YDL107W,YDL002C,0,-1.7312417,0.22244897484779358,0.9790419340133667,0.34296858310699463
YNL268W,YKL003C,0,-1.7312443,0.2223985493183136,0.9790419340133667,0.34306859970092773
YJL010C,YOR185C,1,-1.731692,0.22257480025291443,0.9800398945808411,0.34306859970092773
YOL042W,YJR052W,0,-1.731802,0.22252435982227325,0.9800398945808411,0.3431686460971832
YMR047C,YKL059C,0,-1.7320184,0.22247394919395447,0.9800398945808411,0.34326866269111633
YKL097W-A,YMR042W,0,-1.73221,0.22242355346679688,0.9800398945808411,0.34336867928504944
YDL073W,YIL118W,0,-1.732257,0.22237318754196167,0.9800398945808411,0.34346869587898254
YKR044W,YJR028W,0,-1.7323139,0.22232283651828766,0.9800398945808411,0.34356871247291565
YKL096W-A,YOR176W,0,-1.7323438,0.22227251529693604,0.9800398945808411,0.34366872906684875
YLR065C,YKR002W,0,-1.7324146,0.2222222238779068,0.9800398945808411,0.34376874566078186
YHR080C,YDR153C,0,-1.7324739,0.22217194736003876,0.9800398945808411,0.34386876225471497
YIL063C,YIL115C,1,-1.7325442,0.22234788537025452,0.9810379147529602,0.34386876225471497
YJR052W,YPL058C,0,-1.7329893,0.22229760885238647,0.9810379147529602,0.34396880865097046
YOR361C,YDR462W,0,-1.7333387,0.22224734723567963,0.9810379147529602,0.34406882524490356
YEL068C,YBR092C,0,-1.7334812,0.22219710052013397,0.9810379147529602,0.34416884183883667
YBL054W,YNL318C,0,-1.733491,0.2221468985080719,0.9810379147529602,0.3442688584327698
YNL095C,YHR117W,0,-1.7336005,0.22209669649600983,0.9810379147529602,0.3443688750267029
YER142C,YPL270W,0,-1.7340143,0.22204653918743134,0.9810379147529602,0.344468891620636
YOL012C,YJR159W,0,-1.7341726,0.22199638187885284,0.9810379147529602,0.3445689082145691
YJR084W,YIL095W,0,-1.7343352,0.22194626927375793,0.9810379147529602,0.3446689248085022
YKL191W,YPL283C,0,-1.734404,0.22189615666866302,0.9810379147529602,0.3447689414024353
YDR513W,YGL084C,0,-1.7344619,0.2218460887670517,0.9810379147529602,0.3448689877986908
YOR389W,YHR114W,0,-1.7347621,0.22179603576660156,0.9810379147529602,0.3449690043926239
YDR084C,YDR400W,0,-1.734977,0.22174599766731262,0.9810379147529602,0.345069020986557
YLR229C,YGL104C,0,-1.7350845,0.22169598937034607,0.9810379147529602,0.3451690375804901
YHR147C,YDR014W,0,-1.7351433,0.2216459959745407,0.9810379147529602,0.3452690541744232
YML009C,YPL031C,0,-1.7352676,0.22159603238105774,0.9810379147529602,0.3453690707683563
YNL098C,YPL103C,0,-1.7352681,0.22154608368873596,0.9810379147529602,0.34546908736228943
YKR044W,YIL014W,0,-1.7352715,0.22149616479873657,0.9810379147529602,0.34556910395622253
YOL077C,YHR092C,0,-1.735518,0.22144627571105957,0.9810379147529602,0.34566912055015564
YOR104W,YHR132W-A,0,-1.7356789,0.22139640152454376,0.9810379147529602,0.34576916694641113
YML009C,YOR017W,0,-1.7357006,0.22134654223918915,0.9810379147529602,0.34586918354034424
YHR053C,YDL184C,0,-1.7362201,0.22129671275615692,0.9810379147529602,0.34596920013427734
YPR055W,YPL270W,0,-1.736315,0.2212468981742859,0.9810379147529602,0.34606921672821045
YNL003C,YKL065W-A,0,-1.7368581,0.22119711339473724,0.9810379147529602,0.34616923332214355
YKR035W-A,YOL149W,0,-1.7368947,0.221147358417511,0.9810379147529602,0.34626924991607666
YBL066C,YHR088W,0,-1.7374301,0.22109761834144592,0.9810379147529602,0.34636926651000977
YGL093W,YML058W,0,-1.7377378,0.22104789316654205,0.9810379147529602,0.34646928310394287
YLR466W,YCR008W,0,-1.7377982,0.22099819779396057,0.9810379147529602,0.346569299697876
YDL022W,YDL056W,0,-1.7379498,0.22094853222370148,0.9810379147529602,0.34666934609413147
YPL084W,YJL001W,0,-1.7382061,0.22089888155460358,0.9810379147529602,0.3467693626880646
YEL018W,YIL067C,0,-1.7383462,0.22084924578666687,0.9810379147529602,0.3468693792819977
YDL095W,YGR132C,0,-1.7385216,0.22079963982105255,0.9810379147529602,0.3469693958759308
YIL112W,YPR134W,0,-1.7385335,0.22075004875659943,0.9810379147529602,0.3470694124698639
YCR097WB,YLR160C,0,-1.7388265,0.2207004874944687,0.9810379147529602,0.347169429063797
YGR243W,YBL005W-B,0,-1.7388442,0.22065095603466034,0.9810379147529602,0.3472694456577301
YCR072C,YFL051C,0,-1.738888,0.22060143947601318,0.9810379147529602,0.3473694622516632
YEL046C,YDR504C,0,-1.7389085,0.22055193781852722,0.9810379147529602,0.3474695086479187
YLR096W,YKL222C,0,-1.7389398,0.22050246596336365,0.9810379147529602,0.3475695252418518
YIL048W,YLR167W,0,-1.7391002,0.22045300900936127,0.9810379147529602,0.3476695418357849
YLR239C,YLR204W,0,-1.7391514,0.22040358185768127,0.9810379147529602,0.347769558429718
YOL152W,YER057C,0,-1.7399998,0.22035418450832367,0.9810379147529602,0.3478695750236511
YIR015W,YJR147W,0,-1.7400451,0.22030480206012726,0.9810379147529602,0.34796959161758423
YBR239C,YIL067C,0,-1.7400804,0.22025543451309204,0.9810379147529602,0.34806960821151733
YNL010W,YJL085W,0,-1.7408462,0.2202060967683792,0.9810379147529602,0.34816962480545044
YCL060C,YPR100W,0,-1.7410932,0.22015677392482758,0.9810379147529602,0.34826964139938354
YGR012W,YHR005C,0,-1.741111,0.22010748088359833,0.9810379147529602,0.34836968779563904
YBR012W-B,YGR185C,0,-1.7411828,0.22005820274353027,0.9810379147529602,0.34846970438957214
YKL024C,YJR147W,0,-1.7411833,0.2200089544057846,0.9810379147529602,0.34856972098350525
YPL116W,YER129W,0,-1.7411965,0.21995972096920013,0.9810379147529602,0.34866973757743835
YLL025W,YGL137W,0,-1.741206,0.21991051733493805,0.9810379147529602,0.34876975417137146
YFL039C,YDR021W,0,-1.741286,0.21986132860183716,0.9810379147529602,0.34886977076530457
YJL062W-A,YJL129C,0,-1.7413523,0.21981216967105865,0.9810379147529602,0.34896978735923767
YDL065C,YEL036C,0,-1.7417665,0.21976302564144135,0.9810379147529602,0.3490698039531708
YBR060C,YDR099W,0,-1.7418925,0.21971389651298523,0.9810379147529602,0.3491698205471039
YGR052W,YDR462W,0,-1.742014,0.2196647971868515,0.9810379147529602,0.3492698669433594
YJR102C,YGR207C,0,-1.742093,0.21961572766304016,0.9810379147529602,0.3493698835372925
YGL094C,YLR419W,0,-1.7421889,0.21956667304039001,0.9810379147529602,0.3494699001312256
YBR215W,YOR209C,0,-1.7422237,0.21951764822006226,0.9810379147529602,0.3495699167251587
YGL128C,YJL143W,0,-1.7423283,0.2194686383008957,0.9810379147529602,0.3496699333190918
YDR208W,YKL081W,0,-1.7423823,0.21941964328289032,0.9810379147529602,0.3497699499130249
YJR084W,YLR109W,0,-1.7430172,0.21937067806720734,0.9810379147529602,0.349869966506958
YDR288W,YIR035C,0,-1.743085,0.21932172775268555,0.9810379147529602,0.3499699831008911
YJL062W-A,YLR361C,0,-1.7431035,0.21927280724048615,0.9810379147529602,0.3500699996948242
YHR132W-A,YLR160C,0,-1.743166,0.21922390162944794,0.9810379147529602,0.3501700460910797
YDL185W,YNL183C,0,-1.7434077,0.21917502582073212,0.9810379147529602,0.3502700626850128
YJL159W,YBR162C,0,-1.7436659,0.2191261649131775,0.9810379147529602,0.3503700792789459
YJL134W,YJL221C,0,-1.7437085,0.21907733380794525,0.9810379147529602,0.35047009587287903
YJR053W,YLR053C,0,-1.7439723,0.2190285176038742,0.9810379147529602,0.35057011246681213
YDR009W,YCR094W,0,-1.7443681,0.21897973120212555,0.9810379147529602,0.35067012906074524
YPR097W,YPR100W,0,-1.7443697,0.21893095970153809,0.9810379147529602,0.35077014565467834
YKL004W,YNL040W,0,-1.744458,0.21888220310211182,0.9810379147529602,0.35087016224861145
YGL124C,YCR107W,0,-1.7447197,0.21883347630500793,0.9810379147529602,0.35097020864486694
YNL215W,YOR110W,0,-1.7456077,0.21878477931022644,0.9810379147529602,0.35107022523880005
YHR055C,YGL108C,0,-1.7457715,0.21873609721660614,0.9810379147529602,0.35117024183273315
YBL058W,YNL206C,0,-1.7459275,0.21868743002414703,0.9810379147529602,0.35127025842666626
YBL085W,YDR529C,0,-1.7461597,0.21863879263401031,0.9810379147529602,0.35137027502059937
YER089C,YDR001C,0,-1.746196,0.2185901701450348,0.9810379147529602,0.35147029161453247
YEL055C,YNL249C,0,-1.746299,0.21854157745838165,0.9810379147529602,0.3515703082084656
YGR231C,YAL007C,0,-1.746563,0.2184929996728897,0.9810379147529602,0.3516703248023987
YER165W,YPR095C,0,-1.7468605,0.21844445168972015,0.9810379147529602,0.3517703413963318
YDR039C,YNL215W,0,-1.7469088,0.2183959186077118,0.9810379147529602,0.3518703877925873
YPL176C,YCL029C,0,-1.7470486,0.21834740042686462,0.9810379147529602,0.3519704043865204
YJR053W,YBL054W,0,-1.7477767,0.21829891204833984,0.9810379147529602,0.3520704209804535
YIL084C,YJR050W,0,-1.748234,0.21825043857097626,0.9810379147529602,0.3521704375743866
YKR095W,YDR100W,0,-1.7484393,0.21820199489593506,0.9810379147529602,0.3522704541683197
YLR010C,YDR062W,0,-1.7485871,0.21815356612205505,0.9810379147529602,0.3523704707622528
YNL233W,YKL033W,0,-1.7487825,0.21810516715049744,0.9810379147529602,0.3524704873561859
YMR169C,YAL005C,0,-1.7488587,0.218056783080101,0.9810379147529602,0.352570503950119
YOR176W,YKR028W,0,-1.7490021,0.21800842881202698,0.9810379147529602,0.3526705205440521
YLR348C,YNL138W-A,0,-1.7492406,0.21796008944511414,0.9810379147529602,0.3527705669403076
YDR512C,YEL034W,0,-1.7493092,0.2179117649793625,0.9810379147529602,0.3528705835342407
YOR133W,YLR154W-C,0,-1.7495235,0.21786347031593323,0.9810379147529602,0.35297060012817383
YNL095C,YLR371W,0,-1.7496538,0.21781520545482635,0.9810379147529602,0.35307061672210693
YJL200C,YLR023C,0,-1.7499673,0.21776694059371948,0.9810379147529602,0.35317063331604004
YMR219W,YGR068C,0,-1.7499776,0.2177187204360962,0.9810379147529602,0.35327064990997314
YOR080W,YNL164C,0,-1.750359,0.2176705002784729,0.9810379147529602,0.35337066650390625
YLR303W,YLR342W,0,-1.7506168,0.217622309923172,0.9810379147529602,0.35347068309783936
YEL018W,YGL001C,0,-1.7506864,0.21757414937019348,0.9810379147529602,0.35357069969177246
YKL110C,YOR083W,0,-1.7507238,0.21752600371837616,0.9810379147529602,0.35367074608802795
YCL060C,YPL220W,0,-1.7509748,0.21747787296772003,0.9810379147529602,0.35377076268196106
YJR108W,YML129C,0,-1.751321,0.2174297720193863,0.9810379147529602,0.35387077927589417
YJR155W,YKR053C,0,-1.751379,0.21738168597221375,0.9810379147529602,0.35397079586982727
YMR307W,YLR407W,0,-1.7514076,0.2173336297273636,0.9810379147529602,0.3540708124637604
YNL095C,YML062C,0,-1.7519027,0.21728558838367462,0.9810379147529602,0.3541708290576935
YDL209C,YML064C,0,-1.7519479,0.21723756194114685,0.9810379147529602,0.3542708456516266
YJL042W,YGL161C,0,-1.7519985,0.21718956530094147,0.9810379147529602,0.3543708622455597
YDR529C,YBR108W,0,-1.7522349,0.21714159846305847,0.9810379147529602,0.3544709086418152
YIL017C,YDR320C-A,0,-1.7523384,0.21709364652633667,0.9810379147529602,0.3545709252357483
YDR381W,YCL018W,0,-1.7524776,0.21704570949077606,0.9810379147529602,0.3546709418296814
YPR159W,YHR027C,0,-1.7526615,0.21699778735637665,0.9810379147529602,0.3547709584236145
YJR102C,YMR234W,0,-1.752713,0.21694989502429962,0.9810379147529602,0.3548709750175476
YGL161C,YDR371W,0,-1.7527853,0.21690203249454498,0.9810379147529602,0.3549709916114807
YAL019W,YKL038W,0,-1.7530231,0.21685418486595154,0.9810379147529602,0.3550710082054138
YDR175C,YGR197C,0,-1.7531002,0.2168063521385193,0.9810379147529602,0.3551710247993469
YKL145W,YDR021W,0,-1.7532464,0.21675854921340942,0.9810379147529602,0.35527104139328003
YDL190C,YGR185C,0,-1.7532686,0.21671076118946075,0.9810379147529602,0.3553710877895355
YHR114W,YGL252C,0,-1.7533398,0.21666298806667328,0.9810379147529602,0.35547110438346863
YFR042W,YPL162C,0,-1.7534289,0.2166152447462082,0.9810379147529602,0.35557112097740173
YPR082C,YOR090C,0,-1.7535582,0.2165675312280655,0.9810379147529602,0.35567113757133484
YNL159C,YDR504C,0,-1.753694,0.2165198177099228,0.9810379147529602,0.35577115416526794
YDR326C,YDR352W,0,-1.7541354,0.21647214889526367,0.9810379147529602,0.35587117075920105
YHR005C,YIL040W,0,-1.7543285,0.21642448008060455,0.9810379147529602,0.35597118735313416
YCR097WB,YBL064C,0,-1.7546642,0.21637684106826782,0.9810379147529602,0.35607120394706726
YIL063C,YGL172W,1,-1.7551637,0.21654929220676422,0.9820359349250793,0.35607120394706726
YJL157C,YKL003C,0,-1.7555361,0.2165016531944275,0.9820359349250793,0.35617122054100037
YPR153W,YGL094C,0,-1.7558513,0.21645402908325195,0.9820359349250793,0.35627126693725586
YKL016C,YER063W,0,-1.7558991,0.2164064198732376,0.9820359349250793,0.35637128353118896
YMR169C,YDL127W,0,-1.7558998,0.21635884046554565,0.9820359349250793,0.35647130012512207
YPL206C,YLR160C,0,-1.7560376,0.2163112759590149,0.9820359349250793,0.3565713167190552
YKR002W,YML075C,0,-1.7565566,0.21626374125480652,0.9820359349250793,0.3566713333129883
YOR057W,YPL028W,0,-1.756592,0.21621622145175934,0.9820359349250793,0.3567713499069214
YDR140W,YGR087C,0,-1.7565988,0.21616871654987335,0.9820359349250793,0.3568713665008545
YLR136C,YDR309C,0,-1.7568506,0.21612124145030975,0.9820359349250793,0.3569713830947876
YKL020C,YGR067C,0,-1.7568679,0.21607378125190735,0.9820359349250793,0.3570713996887207
YDR419W,YKL145W,0,-1.756902,0.21602635085582733,0.9820359349250793,0.3571714460849762
YOL084W,YNL173C,0,-1.7574018,0.2159789353609085,0.9820359349250793,0.3572714626789093
YOL055C,YOL111C,0,-1.7577953,0.21593153476715088,0.9820359349250793,0.3573714792728424
YJL074C,YJL207C,0,-1.7580605,0.21588416397571564,0.9820359349250793,0.3574714958667755
YPL249C,YDR004W,0,-1.7581619,0.2158368080854416,0.9820359349250793,0.3575715124607086
YHR065C,YOR147W,0,-1.7582014,0.21578946709632874,0.9820359349250793,0.3576715290546417
YOR057W,YDR049W,0,-1.7583089,0.21574215590953827,0.9820359349250793,0.35777154564857483
YGL231C,YCR059C,0,-1.7583618,0.2156948745250702,0.9820359349250793,0.35787156224250793
YPR191W,YLR229C,0,-1.7588768,0.2156475931406021,0.9820359349250793,0.3579716086387634
YOR383C,YMR234W,0,-1.7589529,0.21560035645961761,0.9820359349250793,0.35807162523269653
YOR389W,YPR147C,0,-1.7590978,0.21555311977863312,0.9820359349250793,0.35817164182662964
YLR215C,YPL041C,0,-1.7592499,0.215505912899971,0.9820359349250793,0.35827165842056274
YJR111C,YGL252C,0,-1.7594047,0.2154587209224701,0.9820359349250793,0.35837167501449585
YHR039C-B,YLR388W,0,-1.7595565,0.21541155874729156,0.9820359349250793,0.35847169160842896
YOR123C,YLR390W-A,0,-1.7596751,0.21536441147327423,0.9820359349250793,0.35857170820236206
YJL134W,YGR209C,0,-1.7597067,0.21531729400157928,0.9820359349250793,0.35867172479629517
YKR028W,YNL015W,0,-1.7603664,0.21527017652988434,0.9820359349250793,0.35877174139022827
YMR166C,YNR019W,0,-1.7604187,0.21522310376167297,0.9820359349250793,0.35887178778648376
YNL082W,YNL261W,0,-1.7604849,0.2151760309934616,0.9820359349250793,0.35897180438041687
YMR060C,YAL055W,0,-1.7605271,0.21512898802757263,0.9820359349250793,0.35907182097435
YOL019W,YNL098C,0,-1.7605989,0.21508195996284485,0.9820359349250793,0.3591718375682831
YOR250C,YJL020C,0,-1.7611077,0.21503496170043945,0.9820359349250793,0.3592718541622162
YHR066W,YKL064W,0,-1.7611196,0.21498797833919525,0.9820359349250793,0.3593718707561493
YKL085W,YGR014W,0,-1.7611301,0.21494102478027344,0.9820359349250793,0.3594718873500824
YDL067C,YCR021C,0,-1.7611551,0.21489408612251282,0.9820359349250793,0.3595719039440155
YER154W,YKL046C,0,-1.761249,0.2148471623659134,0.9820359349250793,0.3596719205379486
YLR449W,YKL201C,0,-1.7612516,0.21480026841163635,0.9820359349250793,0.3597719669342041
YNL299W,YJR127C,0,-1.7613566,0.2147533893585205,0.9820359349250793,0.3598719835281372
YMR273C,YER069W,0,-1.7616402,0.21470652520656586,0.9820359349250793,0.3599720001220703
YOR087W,YOL007C,0,-1.7616863,0.2146596908569336,0.9820359349250793,0.3600720167160034
YFR024C,YMR205C,0,-1.761976,0.21461287140846252,0.9820359349250793,0.3601720333099365
YPL187W,YER013W,0,-1.7620173,0.21456606686115265,0.9820359349250793,0.36027204990386963
YGL093W,YBR050C,0,-1.7620472,0.21451929211616516,0.9820359349250793,0.36037206649780273
YER138C,YGR161C-C,0,-1.7621878,0.21447253227233887,0.9820359349250793,0.36047208309173584
YLR106C,YHL002W,0,-1.7622279,0.21442580223083496,0.9820359349250793,0.36057209968566895
YOR321W,YIL014W,0,-1.762331,0.21437908709049225,0.9820359349250793,0.36067214608192444
YKR088C,YHL021C,0,-1.7627392,0.21433238685131073,0.9820359349250793,0.36077216267585754
YNL073W,YGR049W,0,-1.7627739,0.2142857164144516,0.9820359349250793,0.36087217926979065
YKR029C,YNL252C,0,-1.7628295,0.21423906087875366,0.9820359349250793,0.36097219586372375
YBL013W,YKL003C,0,-1.7628676,0.21419242024421692,0.9820359349250793,0.36107221245765686
YPL181W,YKL155C,0,-1.7631395,0.21414580941200256,0.9820359349250793,0.36117222905158997
YOR389W,YFR050C,0,-1.7634168,0.2140992134809494,0.9820359349250793,0.36127224564552307
YGL141W,YGL084C,0,-1.7640333,0.21405264735221863,0.9820359349250793,0.3613722622394562
YDR381W,YJL041W,0,-1.7643038,0.21400609612464905,0.9820359349250793,0.36147230863571167
YGR100W,YLL025W,0,-1.7644792,0.21395955979824066,0.9820359349250793,0.3615723252296448
YHL044W,YOR173W,0,-1.7646708,0.21391303837299347,0.9820359349250793,0.3616723418235779
YJL114W,YFL013C,0,-1.7648349,0.21386654675006866,0.9820359349250793,0.361772358417511
YIL169C,YGR055W,0,-1.765137,0.21382008492946625,0.9820359349250793,0.3618723750114441
YJR073C,YML026C,0,-1.7655869,0.21377362310886383,0.9820359349250793,0.3619723916053772
YGL018C,YOL082W,0,-1.7657459,0.2137271910905838,0.9820359349250793,0.3620724081993103
YBR215W,YER174C,0,-1.7658753,0.21368078887462616,0.9820359349250793,0.3621724247932434
YDL237W,YPR093C,0,-1.7661562,0.21363438665866852,0.9820359349250793,0.3622724413871765
YGR030C,YKL003C,0,-1.7663033,0.21358801424503326,0.9820359349250793,0.362372487783432
YBR050C,YDL190C,0,-1.7667065,0.2135416716337204,0.9820359349250793,0.3624725043773651
YBR240C,YPL256C,0,-1.766952,0.21349532902240753,0.9820359349250793,0.3625725209712982
YIL139C,YAL007C,0,-1.7677327,0.21344903111457825,0.9820359349250793,0.3626725375652313
YLR110C,YHL007C,0,-1.767894,0.21340273320674896,0.9820359349250793,0.36277255415916443
YGL133W,YDR001C,0,-1.7679625,0.21335646510124207,0.9820359349250793,0.36287257075309753
YMR154C,YLR337C,0,-1.7684135,0.21331021189689636,0.9820359349250793,0.36297258734703064
YGR093W,YNL260C,0,-1.7684991,0.21326397359371185,0.9820359349250793,0.36307260394096375
YPR105C,YJL117W,0,-1.7685528,0.21321776509284973,0.9820359349250793,0.36317262053489685
YPL188W,YLR023C,0,-1.7685788,0.2131715714931488,0.9820359349250793,0.36327266693115234
YHR014W,YPR016C,0,-1.7688518,0.21312540769577026,0.9820359349250793,0.36337268352508545
YDR512C,YER142C,0,-1.7689301,0.21307925879955292,0.9820359349250793,0.36347270011901855
YPL013C,YIL169C,0,-1.7689421,0.21303312480449677,0.9820359349250793,0.36357271671295166
YJL113W,YJL111W,0,-1.7689463,0.2129870057106018,0.9820359349250793,0.36367273330688477
YCL044C,YDR092W,0,-1.7692978,0.21294091641902924,0.9820359349250793,0.36377274990081787
YMR194W,YOR214C,0,-1.7694188,0.21289485692977905,0.9820359349250793,0.363872766494751
YKL158W,YOR291W,0,-1.7696087,0.21284879744052887,0.9820359349250793,0.3639727830886841
YHR214W,YDR458C,0,-1.7696365,0.21280276775360107,0.9820359349250793,0.3640727996826172
YKL016C,YDR156W,0,-1.7696556,0.21275675296783447,0.9820359349250793,0.3641728460788727
YOL094C,YDR457W,0,-1.769788,0.21271076798439026,0.9820359349250793,0.3642728626728058
YNL145W,YNL215W,0,-1.7702398,0.21266479790210724,0.9820359349250793,0.3643728792667389
YML096W,YHR027C,0,-1.7705014,0.2126188427209854,0.9820359349250793,0.364472895860672
YNR015W,YJR050W,0,-1.7705469,0.21257291734218597,0.9820359349250793,0.3645729124546051
YDL095W,YPL188W,0,-1.7707342,0.21252699196338654,0.9820359349250793,0.3646729290485382
YGR052W,YHR092C,0,-1.7711215,0.21248111128807068,0.9820359349250793,0.3647729456424713
YER113C,YAL024C,0,-1.7713583,0.21243523061275482,0.9820359349250793,0.3648729622364044
YKL020C,YDR448W,0,-1.7721136,0.21238937973976135,0.9820359349250793,0.3649730086326599
YBL022C,YAL013W,0,-1.7721369,0.21234354376792908,0.9820359349250793,0.365073025226593
YNL265C,YDL201W,0,-1.7721466,0.2122977375984192,0.9820359349250793,0.3651730418205261
YDL224C,YJL049W,0,-1.7721874,0.2122519463300705,0.9820359349250793,0.36527305841445923
YBR078W,YPR095C,0,-1.7723846,0.212206169962883,0.9820359349250793,0.36537307500839233
YOR270C,YKR002W,0,-1.7738497,0.2121604084968567,0.9820359349250793,0.36547309160232544
YPR082C,YGR070W,0,-1.7739275,0.21211467683315277,0.9820359349250793,0.36557310819625854
YJL124C,YDR004W,0,-1.7742376,0.21206896007061005,0.9820359349250793,0.36567312479019165
YBR062C,YPL206C,0,-1.7749517,0.2120232731103897,0.9820359349250793,0.36577314138412476
YLR395C,YOL041C,0,-1.7750998,0.21197760105133057,0.9820359349250793,0.36587318778038025
YGL086W,YJR088C,0,-1.7756147,0.21193194389343262,0.9820359349250793,0.36597320437431335
YEL070W,YCR021C,0,-1.7756375,0.21188630163669586,0.9820359349250793,0.36607322096824646
YNL194C,YML132W,0,-1.7756596,0.2118406891822815,0.9820359349250793,0.36617323756217957
YJR124C,YDR400W,0,-1.7758342,0.21179509162902832,0.9820359349250793,0.36627325415611267
YPL112C,YOR201C,0,-1.776073,0.21174950897693634,0.9820359349250793,0.3663732707500458
YGR030C,YNL201C,0,-1.7761765,0.21170395612716675,0.9820359349250793,0.3664732873439789
YMR042W,YAL005C,0,-1.776346,0.21165841817855835,0.9820359349250793,0.366573303937912
YKL158W,YJL052W,0,-1.7763716,0.21161291003227234,0.9820359349250793,0.3666733205318451
YMR041C,YML005W,0,-1.7773241,0.21156740188598633,0.9820359349250793,0.3667733669281006
YLR018C,YFR050C,0,-1.7774208,0.2115219235420227,0.9820359349250793,0.3668733835220337
YJR097W,YOR278W,0,-1.7774282,0.21147646009922028,0.9820359349250793,0.3669734001159668
YNL227C,YOR185C,1,-1.7778084,0.21164590120315552,0.9830339550971985,0.3669734001159668
YHR065C,YLR136C,0,-1.7783267,0.2116004228591919,0.9830339550971985,0.3670734167098999
YHR191C,YLR407W,0,-1.7783437,0.21155498921871185,0.9830339550971985,0.367173433303833
YML086C,YOL001W,0,-1.7786686,0.2115095555782318,0.9830339550971985,0.3672734498977661
YHR084W,YPL134C,0,-1.7787509,0.21146415174007416,0.9830339550971985,0.3673734664916992
YCL018W,YFL037W,0,-1.7789295,0.2114187628030777,0.9830339550971985,0.3674734830856323
YMR323W,YGR100W,0,-1.7793359,0.21137338876724243,0.9830339550971985,0.3675735294818878
YJR002W,YPL269W,0,-1.7794256,0.21132804453372955,0.9830339550971985,0.3676735460758209
YER089C,YLR157C-A,0,-1.7794421,0.21128271520137787,0.9830339550971985,0.36777356266975403
YDL015C,YJL207C,0,-1.7794944,0.21123740077018738,0.9830339550971985,0.36787357926368713
YJL124C,YLR353W,0,-1.7795522,0.21119211614131927,0.9830339550971985,0.36797359585762024
YER050C,YMR047C,0,-1.7799289,0.21114683151245117,0.9830339550971985,0.36807361245155334
YOL001W,YGR067C,0,-1.7801217,0.21110159158706665,0.9830339550971985,0.36817362904548645
YBR136W,YNL243W,0,-1.780123,0.21105635166168213,0.9830339550971985,0.36827364563941956
YJL092W,YOR315W,0,-1.7801269,0.21101114153862,0.9830339550971985,0.36837366223335266
YPL283C,YJL124C,0,-1.7805011,0.21096594631671906,0.9830339550971985,0.36847370862960815
YOL071W,YPL213W,0,-1.7805103,0.2109207659959793,0.9830339550971985,0.36857372522354126
YOL122C,YKR081C,0,-1.7806054,0.21087561547756195,0.9830339550971985,0.36867374181747437
YLR115W,YAL041W,0,-1.7806678,0.2108304798603058,0.9830339550971985,0.36877375841140747
YBR092C,YML075C,0,-1.7811215,0.21078535914421082,0.9830339550971985,0.3688737750053406
YDL002C,YOR020W-A,0,-1.7814397,0.21074026823043823,0.9830339550971985,0.3689737915992737
YJL198W,YHR053C,0,-1.7814479,0.21069519221782684,0.9830339550971985,0.3690738081932068
YIL038C,YGL001C,0,-1.7815781,0.21065013110637665,0.9830339550971985,0.3691738247871399
YFL017C,YPL141C,0,-1.7817488,0.21060508489608765,0.9830339550971985,0.369273841381073
YLR078C,YGR168C,0,-1.7817997,0.21056006848812103,0.9830339550971985,0.3693738877773285
YOR057W,YPL031C,0,-1.7821169,0.2105150669813156,0.9830339550971985,0.3694739043712616
YOR087W,YPL031C,0,-1.7822335,0.2104700803756714,0.9830339550971985,0.3695739209651947
YOR291W,YOR256C,0,-1.7824224,0.21042512357234955,0.9830339550971985,0.3696739375591278
YNL159C,YDR374C,0,-1.7825645,0.2103801816701889,0.9830339550971985,0.3697739541530609
YER062C,YKR031C,0,-1.7828296,0.21033525466918945,0.9830339550971985,0.369873970746994
YOR064C,YBL006C,0,-1.7833745,0.2102903574705124,0.9830339550971985,0.3699739873409271
YER154W,YHR140W,0,-1.7833906,0.21024546027183533,0.9830339550971985,0.37007400393486023
YLR409C,YNL073W,0,-1.7834784,0.21020059287548065,0.9830339550971985,0.37017402052879333
YOR190W,YJR109C,0,-1.7836385,0.21015575528144836,0.9830339550971985,0.37027406692504883
YOR226C,YLR407W,0,-1.783678,0.21011091768741608,0.9830339550971985,0.37037408351898193
YNL177C,YJR084W,0,-1.7846377,0.21006610989570618,0.9830339550971985,0.37047410011291504
YJL052W,YNL040W,0,-1.784653,0.21002131700515747,0.9830339550971985,0.37057411670684814
YOL051W,YML064C,0,-1.7846584,0.20997655391693115,0.9830339550971985,0.37067413330078125
YHR074W,YML014W,0,-1.7847326,0.20993180572986603,0.9830339550971985,0.37077414989471436
YNL268W,YJR110W,0,-1.7848248,0.2098870724439621,0.9830339550971985,0.37087416648864746
YNL058C,YOR117W,0,-1.7848858,0.20984235405921936,0.9830339550971985,0.37097418308258057
YDR141C,YEL006W,0,-1.7850658,0.20979765057563782,0.9830339550971985,0.37107422947883606
YAR033W,YJL134W,0,-1.7852378,0.20975297689437866,0.9830339550971985,0.37117424607276917
YMR013C,YAL005C,0,-1.7852917,0.2097083181142807,0.9830339550971985,0.37127426266670227
YFL013C,YKL095W,0,-1.785294,0.20966368913650513,0.9830339550971985,0.3713742792606354
YPL176C,YJL133W,0,-1.7857022,0.20961907505989075,0.9830339550971985,0.3714742958545685
YGL174W,YDR507C,0,-1.7858423,0.20957446098327637,0.9830339550971985,0.3715743124485016
YKL059C,YGL108C,0,-1.7859647,0.20952989161014557,0.9830339550971985,0.3716743290424347
YBR142W,YDR507C,0,-1.7862527,0.20948532223701477,0.9830339550971985,0.3717743456363678
YER041W,YJL221C,0,-1.7865107,0.20944078266620636,0.9830339550971985,0.3718743622303009
YML130C,YJR088C,0,-1.7865506,0.20939625799655914,0.9830339550971985,0.3719744086265564
YLR268W,YDR343C,0,-1.7865592,0.20935174822807312,0.9830339550971985,0.3720744252204895
YPL099C,YNL232W,0,-1.7866424,0.20930726826190948,0.9830339550971985,0.3721744418144226
YPL181W,YJL222W,0,-1.786689,0.20926280319690704,0.9830339550971985,0.3722744584083557
YOR389W,YBL016W,0,-1.7867095,0.2092183530330658,0.9830339550971985,0.3723744750022888
YPL174C,YDR298C,0,-1.7867413,0.20917391777038574,0.9830339550971985,0.3724744915962219
YPL196W,YDR447C,0,-1.7867812,0.20912951231002808,0.9830339550971985,0.37257450819015503
YPL253C,YEL046C,0,-1.7869323,0.2090851217508316,0.9830339550971985,0.37267452478408813
YGR058W,YOR039W,0,-1.7873907,0.20904074609279633,0.9830339550971985,0.37277454137802124
YDR170C,YOR190W,0,-1.7878582,0.20899640023708344,0.9830339550971985,0.37287458777427673
YOL039W,YLR240W,0,-1.7880609,0.20895205438137054,0.9830339550971985,0.37297460436820984
YKR083C,YPL103C,0,-1.7881565,0.20890773832798004,0.9830339550971985,0.37307462096214294
YER173W,YDR156W,0,-1.7884033,0.20886343717575073,0.9830339550971985,0.37317463755607605
YLR158C,YDR504C,0,-1.7884178,0.2088191658258438,0.9830339550971985,0.37327465415000916
YGR262C,YDR374C,0,-1.7890126,0.20877490937709808,0.9830339550971985,0.37337467074394226
YCR042C,YHL009W-B,0,-1.7895741,0.20873066782951355,0.9830339550971985,0.37347468733787537
YOL077C,YJL003W,0,-1.7895908,0.2086864411830902,0.9830339550971985,0.37357470393180847
YER043C,YOR321W,0,-1.789601,0.20864222943782806,0.9830339550971985,0.3736747205257416
YDR258C,YHR140W,0,-1.7896962,0.2085980474948883,0.9830339550971985,0.37377476692199707
YBL085W,YJR103W,0,-1.789721,0.20855388045310974,0.9830339550971985,0.3738747835159302
YLR312C-B,YFR002W,0,-1.7897762,0.20850974321365356,0.9830339550971985,0.3739748001098633
YPR169W,YPL036W,0,-1.7899859,0.2084656059741974,0.9830339550971985,0.3740748167037964
YER039C,YGR223C,0,-1.7900448,0.2084214985370636,0.9830339550971985,0.3741748332977295
YJR050W,YKL003C,0,-1.7902586,0.208377406001091,0.9830339550971985,0.3742748498916626
YOR209C,YJR127C,0,-1.7905267,0.2083333283662796,0.9830339550971985,0.3743748664855957
YLR229C,YPR137C-B,0,-1.7906587,0.2082892805337906,0.9830339550971985,0.3744748830795288
YBR098W,YBL054W,0,-1.7907393,0.20824524760246277,0.9830339550971985,0.3745749294757843
YHR111W,YER074W-A,0,-1.7908612,0.20820122957229614,0.9830339550971985,0.3746749460697174
YOR234C,YCR009C,0,-1.7909024,0.2081572264432907,0.9830339550971985,0.3747749626636505
YPL031C,YGL089C,0,-1.7909231,0.20811325311660767,0.9830339550971985,0.3748749792575836
YNL048W,YGR031W,0,-1.790947,0.20806927978992462,0.9830339550971985,0.3749749958515167
YOL077W-A,YLR287C,0,-1.79107,0.20802533626556396,0.9830339550971985,0.37507501244544983
YML040W,YGL231C,0,-1.7912555,0.2079814225435257,0.9830339550971985,0.37517502903938293
YOL039W,YJL079C,0,-1.7913263,0.20793750882148743,0.9830339550971985,0.37527504563331604
YGL038C,YDR158W,0,-1.791755,0.20789362490177155,0.9830339550971985,0.37537506222724915
YPR097W,YIL004C,0,-1.7917647,0.20784975588321686,0.9830339550971985,0.37547510862350464
YHR191C,YAR044W,0,-1.7918458,0.20780590176582336,0.9830339550971985,0.37557512521743774
YHR132W-A,YFL039C,0,-1.7918501,0.20776207745075226,0.9830339550971985,0.37567514181137085
YOL109W,YBR162C,0,-1.7921473,0.20771826803684235,0.9830339550971985,0.37577515840530396
YER164W,YGL108C,0,-1.7921653,0.20767447352409363,0.9830339550971985,0.37587517499923706
YML007W,YPL041C,0,-1.7922931,0.2076306939125061,0.9830339550971985,0.37597519159317017
YGR112W,YHL028W,0,-1.7925022,0.20758692920207977,0.9830339550971985,0.37607520818710327
YMR073C,YGR070W,0,-1.7925584,0.20754319429397583,0.9830339550971985,0.3761752247810364
YPR025C,YOR110W,0,-1.7925774,0.20749947428703308,0.9830339550971985,0.3762752413749695
YER063W,YHR115C,0,-1.7925799,0.20745576918125153,0.9830339550971985,0.376375287771225
YLR166C,YPL213W,0,-1.7928057,0.20741209387779236,0.9830339550971985,0.3764753043651581
YJR042W,YKL057C,1,-1.7928354,0.20757894217967987,0.9840319156646729,0.3764753043651581
YML056C,YMR051C,0,-1.7930107,0.2075352519750595,0.9840319156646729,0.3765753209590912
YDL209C,YLR023C,0,-1.7930193,0.20749157667160034,0.9840319156646729,0.3766753375530243
YPL059W,YBR175W,0,-1.7930282,0.20744793117046356,0.9840319156646729,0.3767753541469574
YJR035W,YKR048C,0,-1.7931345,0.20740428566932678,0.9840319156646729,0.3768753707408905
YPR082C,YDR062W,0,-1.793158,0.2073606699705124,0.9840319156646729,0.3769753873348236
YPL162C,YLR130C,0,-1.7934875,0.2073170691728592,0.9840319156646729,0.3770754039287567
YNL048W,YLR360W,0,-1.7935371,0.20727349817752838,0.9840319156646729,0.3771754205226898
YJR133W,YJR047C,0,-1.7935503,0.20722992718219757,0.9840319156646729,0.3772754669189453
YGR012W,YMR246W,0,-1.7937431,0.20718638598918915,0.9840319156646729,0.3773754835128784
YER071C,YLL004W,0,-1.7939479,0.20714285969734192,0.9840319156646729,0.3774755001068115
YHR214W,YDL208W,0,-1.7939793,0.20709934830665588,0.9840319156646729,0.37757551670074463
YKL051W,YHL018W,0,-1.7943225,0.20705585181713104,0.9840319156646729,0.37767553329467773
YMR052W,YGR161W-A,0,-1.7943318,0.2070123851299286,0.9840319156646729,0.37777554988861084
YKL104C,YLR078C,0,-1.7943466,0.20696893334388733,0.9840319156646729,0.37787556648254395
YLR074C,YNL339C,0,-1.7946208,0.20692549645900726,0.9840319156646729,0.37797558307647705
YNL194C,YOR113W,0,-1.7946305,0.2068820744752884,0.9840319156646729,0.37807562947273254
YHR080C,YGL133W,0,-1.7946529,0.2068386822938919,0.9840319156646729,0.37817564606666565
YLR079W,YNL181W,0,-1.7947619,0.20679530501365662,0.9840319156646729,0.37827566266059875
YKL212W,YDL127W,0,-1.7948685,0.20675194263458252,0.9840319156646729,0.37837567925453186
YJL221C,YCL043C,0,-1.7949543,0.20670859515666962,0.9840319156646729,0.37847569584846497
YIL113W,YPR093C,0,-1.7950283,0.2066652625799179,0.9840319156646729,0.37857571244239807
YBL017C,YKL046C,0,-1.7951182,0.2066219598054886,0.9840319156646729,0.3786757290363312
YKL062W,YER087C-B,0,-1.7965477,0.20657867193222046,0.9840319156646729,0.3787757456302643
YHR074W,YKL038W,0,-1.7966413,0.20653539896011353,0.9840319156646729,0.3788757622241974
YNL095C,YDR488C,0,-1.7967722,0.20649214088916779,0.9840319156646729,0.3789758086204529
YLR018C,YKL219W,0,-1.796982,0.20644891262054443,0.9840319156646729,0.379075825214386
YJR051W,YOL149W,0,-1.7970603,0.20640569925308228,0.9840319156646729,0.3791758418083191
YGR129W,YPL168W,0,-1.797373,0.2063625007867813,0.9840319156646729,0.3792758584022522
YBR179C,YDR085C,0,-1.7974391,0.20631931722164154,0.9840319156646729,0.3793758749961853
YOR172W,YLR360W,0,-1.797457,0.20627614855766296,0.9840319156646729,0.3794758915901184
YBR241C,YDR481C,0,-1.7977319,0.20623300969600677,0.9840319156646729,0.3795759081840515
YDR056C,YCR012W,0,-1.7977426,0.20618988573551178,0.9840319156646729,0.3796759247779846
YML037C,YLR103C,0,-1.7978168,0.20614677667617798,0.9840319156646729,0.3797759413719177
YLR050C,YAL017W,0,-1.7978212,0.20610368251800537,0.9840319156646729,0.3798759877681732
YEL068C,YML096W,0,-1.7982639,0.20606060326099396,0.9840319156646729,0.3799760043621063
YJR045C,YER101C,0,-1.7982687,0.20601755380630493,0.9840319156646729,0.38007602095603943
YOL077W-A,YDR049W,0,-1.798316,0.2059745192527771,0.9840319156646729,0.38017603754997253
YDL185W,YDR148C,0,-1.7984595,0.20593149960041046,0.9840319156646729,0.38027605414390564
YOR388C,YJR125C,0,-1.7986612,0.20588849484920502,0.9840319156646729,0.38037607073783875
YJR073C,YJR075W,0,-1.7987001,0.20584550499916077,0.9840319156646729,0.38047608733177185
YKL046C,YGL133W,0,-1.7988505,0.2058025449514389,0.9840319156646729,0.38057610392570496
YLR323C,YNL227C,0,-1.7988915,0.20575959980487823,0.9840319156646729,0.38067612051963806
YDR437W,YGL006W,0,-1.7991838,0.20571666955947876,0.9840319156646729,0.38077616691589355
YPL189W,YMR192W,0,-1.7992597,0.20567375421524048,0.9840319156646729,0.38087618350982666
YBR293W,YLR158C,0,-1.7993997,0.20563086867332458,0.9840319156646729,0.38097620010375977
YML040W,YBR162W-A,0,-1.8000096,0.2055879831314087,0.9840319156646729,0.38107621669769287
YPR181C,YBR100W,0,-1.8001964,0.20554512739181519,0.9840319156646729,0.381176233291626
YPR028W,YGR135W,0,-1.8002588,0.20550228655338287,0.9840319156646729,0.3812762498855591
YOR156C,YEL046C,0,-1.8005462,0.20545947551727295,0.9840319156646729,0.3813762664794922
YDR288W,YPR186C,0,-1.8006499,0.20541666448116302,0.9840319156646729,0.3814762830734253
YOR270C,YOR017W,0,-1.8007092,0.2053738832473755,0.9840319156646729,0.3815763294696808
YJL085W,YHR117W,0,-1.8007418,0.20533111691474915,0.9840319156646729,0.3816763460636139
YPL059W,YJR108W,0,-1.8008606,0.205288365483284,0.9840319156646729,0.381776362657547
YGR235C,YCR009C,0,-1.8011262,0.20524562895298004,0.9840319156646729,0.3818763792514801
YCR091W,YKL146W,0,-1.8013499,0.20520290732383728,0.9840319156646729,0.3819763958454132
YOR172W,YBL035C,0,-1.8013935,0.2051602154970169,0.9840319156646729,0.3820764124393463
YHR080C,YHR140W,0,-1.801759,0.20511753857135773,0.9840319156646729,0.3821764290332794
YJL053W,YKL003C,0,-1.8018707,0.20507487654685974,0.9840319156646729,0.3822764456272125
YNR037C,YIL017C,0,-1.801887,0.20503222942352295,0.9840319156646729,0.38237646222114563
YBL087C,YDR319C,0,-1.801891,0.20498961210250854,0.9840319156646729,0.3824765086174011
YHR171W,YMR278W,0,-1.8020146,0.20494699478149414,0.9840319156646729,0.38257652521133423
YDR039C,YOL077C,0,-1.8021504,0.20490440726280212,0.9840319156646729,0.38267654180526733
YDR326C,YMR205C,0,-1.8024046,0.2048618346452713,0.9840319156646729,0.38277655839920044
YCR073C,YGR168C,0,-1.802761,0.20481927692890167,0.9840319156646729,0.38287657499313354
YLR050C,YJL133W,0,-1.8028812,0.20477673411369324,0.9840319156646729,0.38297659158706665
YBR262C,YDR352W,0,-1.8029599,0.2047342211008072,0.9840319156646729,0.38307660818099976
YLR066W,YBR156C,0,-1.8030066,0.20469172298908234,0.9840319156646729,0.38317662477493286
YOL052C,YGR031W,0,-1.8030217,0.20464922487735748,0.9840319156646729,0.38327664136886597
YML130C,YOL136C,0,-1.8033235,0.2046067714691162,0.9840319156646729,0.38337668776512146
YIR035C,YGL122C,0,-1.8041196,0.20456431806087494,0.9840319156646729,0.38347670435905457
YFR033C,YGR211W,0,-1.8042042,0.20452187955379486,0.9840319156646729,0.38357672095298767
YNL136W,YMR205C,0,-1.8042916,0.20447947084903717,0.9840319156646729,0.3836767375469208
YDL209C,YDR240C,0,-1.804317,0.20443707704544067,0.9840319156646729,0.3837767541408539
YJL096W,YAR027W,0,-1.8044164,0.20439469814300537,0.9840319156646729,0.383876770734787
YCL060C,YGR116W,0,-1.8045466,0.20435233414173126,0.9840319156646729,0.3839767873287201
YMR098C,YAR027W,0,-1.8045751,0.20430998504161835,0.9840319156646729,0.3840768039226532
YCR057C,YPR037C,0,-1.8046768,0.20426766574382782,0.9840319156646729,0.3841768205165863
YOR343W-A,YBR200W,0,-1.8047514,0.2042253464460373,0.9840319156646729,0.3842768669128418
YHR039C-B,YGL133W,0,-1.8051728,0.20418305695056915,0.9840319156646729,0.3843768835067749
YJR111C,YMR166C,0,-1.8052484,0.2041407823562622,0.9840319156646729,0.384476900100708
YPR144C,YNL272C,0,-1.8054085,0.20409853756427765,0.9840319156646729,0.3845769166946411
YER043C,YDR343C,0,-1.8058207,0.2040562927722931,0.9840319156646729,0.3846769332885742
YOR079C,YPL256C,0,-1.8062527,0.20401406288146973,0.9840319156646729,0.3847769498825073
YGR129W,YJL096W,0,-1.806466,0.20397186279296875,0.9840319156646729,0.38487696647644043
YGL124C,YOR093C,0,-1.8065035,0.20392967760562897,0.9840319156646729,0.38497698307037354
YMR184W,YFL043C,0,-1.8065236,0.20388750731945038,0.9840319156646729,0.38507702946662903
YER060W-A,YLR157C,0,-1.806627,0.20384535193443298,0.9840319156646729,0.38517704606056213
YOR176W,YPL058C,0,-1.8067977,0.20380322635173798,0.9840319156646729,0.38527706265449524
YHR129C,YHR057C,0,-1.8069963,0.20376110076904297,0.9840319156646729,0.38537707924842834
YGL204C,YML129C,0,-1.8070486,0.20371900498867035,0.9840319156646729,0.38547709584236145
YHR143W-A,YDR374C,0,-1.8072598,0.20367692410945892,0.9840319156646729,0.38557711243629456
YOL116W,YKL033W,0,-1.8072927,0.2036348581314087,0.9840319156646729,0.38567712903022766
YDL102W,YOR090C,0,-1.8077304,0.20359280705451965,0.9840319156646729,0.38577714562416077
YLR074C,YBR075W,0,-1.8077388,0.203550785779953,0.9840319156646729,0.38587716221809387
YNL048W,YBR042C,0,-1.8077496,0.20350876450538635,0.9840319156646729,0.38597720861434937
YPL002C,YBR175W,0,-1.8078644,0.2034667730331421,0.9840319156646729,0.38607722520828247
YPL188W,YIL048W,0,-1.8081577,0.20342479646205902,0.9840319156646729,0.3861772418022156
YLR312C-B,YOR129C,0,-1.8081822,0.20338283479213715,0.9840319156646729,0.3862772583961487
YDR419W,YHR027C,0,-1.8084677,0.20334088802337646,0.9840319156646729,0.3863772749900818
YLR303W,YBL066C,0,-1.8087225,0.20329897105693817,0.9840319156646729,0.3864772915840149
YBR142W,YML007W,0,-1.8087505,0.20325705409049988,0.9840319156646729,0.386577308177948
YPL132W,YBL042C,0,-1.8088167,0.20321516692638397,0.9840319156646729,0.3866773247718811
YOR093C,YBR092C,0,-1.8092334,0.20317329466342926,0.9840319156646729,0.3867773413658142
YGL213C,YPL103C,0,-1.809288,0.20313143730163574,0.9840319156646729,0.3868773877620697
YOL100W,YNR008W,0,-1.8096257,0.20308959484100342,0.9840319156646729,0.3869774043560028
YPL249C,YOR049C,0,-1.809838,0.20304778218269348,0.9840319156646729,0.3870774209499359
YFR033C,YOR173W,0,-1.8101447,0.20300596952438354,0.9840319156646729,0.387177437543869
YOR388C,YPL023C,0,-1.8103122,0.202964186668396,0.9840319156646729,0.3872774541378021
YER170W,YPL178W,0,-1.8104401,0.20292241871356964,0.9840319156646729,0.38737747073173523
YGR207C,YJL116C,0,-1.8104494,0.20288066565990448,0.9840319156646729,0.38747748732566833
YLR291C,YBR253W,0,-1.8108612,0.2028389275074005,0.9840319156646729,0.38757750391960144
YDR381W,YFR042W,0,-1.8113345,0.20279720425605774,0.9840319156646729,0.38767755031585693
YCR027C,YKL038W,0,-1.8113421,0.20275549590587616,0.9840319156646729,0.38777756690979004
YNL206C,YNL136W,0,-1.8113934,0.20271381735801697,0.9840319156646729,0.38787758350372314
YNL086W,YOL094C,0,-1.8114455,0.20267215371131897,0.9840319156646729,0.38797760009765625
YKR062W,YCR077C,0,-1.8122523,0.20263049006462097,0.9840319156646729,0.38807761669158936
YDL065C,YJL085W,0,-1.8122559,0.20258887112140656,0.9840319156646729,0.38817763328552246
YNL219C,YCR075C,0,-1.8122728,0.20254725217819214,0.9840319156646729,0.38827764987945557
YDR405W,YGR229C,0,-1.812445,0.20250564813613892,0.9840319156646729,0.38837766647338867
YGR155W,YHR214C-C,0,-1.8124795,0.2024640589952469,0.9840319156646729,0.3884776830673218
YJR073C,YKR028W,0,-1.8125542,0.20242249965667725,0.9840319156646729,0.38857772946357727
YLR276C,YKL201C,0,-1.8128347,0.2023809552192688,0.9840319156646729,0.3886777460575104
YOL094C,YLR085C,0,-1.8128862,0.20233942568302155,0.9840319156646729,0.3887777626514435
YKL145W,YLR287C,0,-1.8135052,0.20229791104793549,0.9840319156646729,0.3888777792453766
YHR084W,YJR033C,0,-1.813512,0.20225641131401062,0.9840319156646729,0.3889777958393097
YKL191W,YCL060C,0,-1.8140972,0.20221492648124695,0.9840319156646729,0.3890778124332428
YCR027C,YOR125C,0,-1.8142569,0.20217347145080566,0.9840319156646729,0.3891778290271759
YAL036C,YHR037W,0,-1.8142648,0.20213201642036438,0.9840319156646729,0.389277845621109
YOR104W,YJL042W,0,-1.8143775,0.20209059119224548,0.9840319156646729,0.3893778622150421
YKR059W,YNL040W,0,-1.8145726,0.20204918086528778,0.9840319156646729,0.3894779086112976
YHR140W,YNL019C,0,-1.8147014,0.20200778543949127,0.9840319156646729,0.3895779252052307
YBR239C,YHR120W,0,-1.8147436,0.20196640491485596,0.9840319156646729,0.3896779417991638
YLR295C,YPL202C,0,-1.8148003,0.20192503929138184,0.9840319156646729,0.3897779583930969
YHR152W,YJL133W,0,-1.8150434,0.2018837034702301,0.9840319156646729,0.38987797498703003
YDL143W,YOR136W,0,-1.8151193,0.20184236764907837,0.9840319156646729,0.38997799158096313
YJL113W,YEL070W,0,-1.8152168,0.20180106163024902,0.9840319156646729,0.39007800817489624
YDR440W,YPL028W,0,-1.8157668,0.20175977051258087,0.9840319156646729,0.39017802476882935
YLR310C,YNL136W,0,-1.8158536,0.2017184942960739,0.9840319156646729,0.39027804136276245
YNL156C,YCR027C,0,-1.815882,0.20167723298072815,0.9840319156646729,0.39037808775901794
YHL002W,YGR168C,0,-1.8158896,0.20163598656654358,0.9840319156646729,0.39047810435295105
YDL136W,YKR106W,0,-1.8161149,0.2015947699546814,0.9840319156646729,0.39057812094688416
YDR105C,YER170W,0,-1.8161968,0.2015535533428192,0.9840319156646729,0.39067813754081726
YJL124C,YNL058C,0,-1.816294,0.20151236653327942,0.9840319156646729,0.39077815413475037
YOR291W,YKL043W,0,-1.816308,0.20147119462490082,0.9840319156646729,0.39087817072868347
YOR357C,YKL027W,0,-1.8165061,0.2014300376176834,0.9840319156646729,0.3909781873226166
YGR087C,YKL150W,0,-1.8165357,0.2013888955116272,0.9840319156646729,0.3910782039165497
YJL143W,YMR027W,0,-1.8169215,0.20134776830673218,0.9840319156646729,0.3911782503128052
YDR033W,YDR457W,0,-1.8169706,0.20130665600299835,0.9840319156646729,0.3912782669067383
YCL048W-A,YHR004C,0,-1.817035,0.20126555860042572,0.9840319156646729,0.3913782835006714
YDR458C,YOR009W,0,-1.817116,0.20122449100017548,0.9840319156646729,0.3914783000946045
YHR110W,YDR085C,0,-1.8171198,0.20118343830108643,0.9840319156646729,0.3915783166885376
YOR198C,YEL016C,0,-1.8171638,0.20114238560199738,0.9840319156646729,0.3916783332824707
YPL123C,YLR078C,0,-1.8176014,0.2011013627052307,0.9840319156646729,0.3917783498764038
YER039C,YLR053C,0,-1.8176377,0.20106035470962524,0.9840319156646729,0.3918783664703369
YMR080C,YJL079C,0,-1.8177607,0.20101936161518097,0.9840319156646729,0.39197838306427
YML037C,YMR242C,0,-1.8180733,0.20097839832305908,0.9840319156646729,0.3920784294605255
YJR136C,YDL217C,0,-1.8181021,0.2009374350309372,0.9840319156646729,0.3921784460544586
YHR088W,YKL043W,0,-1.818262,0.2008965015411377,0.9840319156646729,0.3922784626483917
YPL202C,YLR268W,0,-1.818661,0.2008555680513382,0.9840319156646729,0.39237847924232483
YNL173C,YEL006W,0,-1.8194487,0.20081466436386108,0.9840319156646729,0.39247849583625793
YPR028W,YOR383C,0,-1.8196781,0.20077377557754517,0.9840319156646729,0.39257851243019104
YOR355W,YPL072W,0,-1.8197649,0.20073290169239044,0.9840319156646729,0.39267852902412415
YGL231C,YGL253W,0,-1.8200722,0.2006920427083969,0.9840319156646729,0.39277854561805725
YLR303W,YLR389C,0,-1.8200918,0.20065119862556458,0.9840319156646729,0.39287856221199036
YMR098C,YIL173W,0,-1.8202963,0.20061036944389343,0.9840319156646729,0.39297860860824585
YGR189C,YEL046C,0,-1.8203107,0.20056957006454468,0.9840319156646729,0.39307862520217896
YKL104C,YPL240C,0,-1.820446,0.20052877068519592,0.9840319156646729,0.39317864179611206
YGR138C,YOR173W,0,-1.8204827,0.20048800110816956,0.9840319156646729,0.39327865839004517
YML014W,YLR288C,0,-1.8207059,0.20044724643230438,0.9840319156646729,0.39337867498397827
YNL240C,YJR088C,0,-1.8211464,0.2004065066576004,0.9840319156646729,0.3934786915779114
YPR098C,YKL134C,0,-1.8212273,0.20036578178405762,0.9840319156646729,0.3935787081718445
YOR291W,YPL270W,0,-1.8213463,0.20032507181167603,0.9840319156646729,0.3936787247657776
YOL094C,YLR403W,0,-1.821435,0.20028437674045563,0.9840319156646729,0.3937787413597107
YMR231W,YHR154W,0,-1.8214536,0.20024371147155762,0.9840319156646729,0.3938787877559662
YKL158W,YEL034W,0,-1.8219465,0.2002030462026596,0.9840319156646729,0.3939788043498993
YBR114W,YER087C-B,0,-1.8220671,0.20016241073608398,0.9840319156646729,0.3940788209438324
YMR073C,YGR207C,0,-1.8224931,0.20012177526950836,0.9840319156646729,0.3941788375377655
YFR041C,YOR101W,0,-1.822682,0.20008116960525513,0.9840319156646729,0.3942788541316986
YOR125C,YBL013W,0,-1.8228835,0.20004057884216309,0.9840319156646729,0.3943788707256317
YHR152W,YMR166C,0,-1.8232123,0.20000000298023224,0.9840319156646729,0.3944788873195648
YGR217W,YJL108C,0,-1.8234698,0.19995944201946259,0.9840319156646729,0.3945789039134979
YPL280W,YIL146C,0,-1.8235047,0.19991889595985413,0.9840319156646729,0.3946789503097534
YPL147W,YHR140W,0,-1.8237801,0.19987836480140686,0.9840319156646729,0.3947789669036865
YLR023C,YPL086C,0,-1.8238499,0.19983786344528198,0.9840319156646729,0.39487898349761963
YML071C,YDR034C-D,0,-1.8241117,0.1997973620891571,0.9840319156646729,0.39497900009155273
YLR154C,YDR352W,0,-1.8241961,0.19975689053535461,0.9840319156646729,0.39507901668548584
YNL156C,YML056C,0,-1.8243191,0.19971643388271332,0.9840319156646729,0.39517903327941895
YOR185C,YJL041W,1,-1.8244245,0.1998784989118576,0.985029935836792,0.39517903327941895
YMR019W,YOR226C,0,-1.8244598,0.19983802735805511,0.985029935836792,0.39527904987335205
YBR092C,YDR195W,0,-1.8247631,0.19979757070541382,0.985029935836792,0.39537906646728516
YMR273C,YKL201C,0,-1.8251595,0.19975712895393372,0.985029935836792,0.39547908306121826
YLR309C,YOL149W,0,-1.8251606,0.199716717004776,0.985029935836792,0.39557912945747375
YPL002C,YJL079C,0,-1.8251873,0.1996763050556183,0.985029935836792,0.39567914605140686
YKL042W,YDR458C,0,-1.8253441,0.19963592290878296,0.985029935836792,0.39577916264533997
YHR037W,YOR243C,0,-1.8257325,0.19959555566310883,0.985029935836792,0.39587917923927307
YBL058W,YOR256C,0,-1.8257707,0.1995552033185959,0.985029935836792,0.3959791958332062
YFR024C,YHR111W,0,-1.8258827,0.19951485097408295,0.985029935836792,0.3960792124271393
YLR139C,YPL137C,0,-1.8260305,0.1994745284318924,0.985029935836792,0.3961792290210724
YML129C,YLL038C,0,-1.8260407,0.19943423569202423,0.985029935836792,0.3962792456150055
YDL190C,YKL158W,0,-1.826267,0.19939394295215607,0.985029935836792,0.3963792622089386
YNL320W,YDR448W,0,-1.8262902,0.1993536651134491,0.985029935836792,0.3964793086051941
YBL071W-A,YNL027W,0,-1.8263959,0.19931340217590332,0.985029935836792,0.3965793251991272
YKL191W,YGR235C,0,-1.826407,0.19927316904067993,0.985029935836792,0.3966793417930603
YOR057W,YHR087W,0,-1.8267262,0.19923293590545654,0.985029935836792,0.3967793583869934
YIL126W,YPR055W,0,-1.8269467,0.19919273257255554,0.985029935836792,0.3968793749809265
YGL253W,YIL040W,0,-1.8270242,0.19915254414081573,0.985029935836792,0.3969793915748596
YOL152W,YDR507C,0,-1.8270936,0.19911237061023712,0.985029935836792,0.3970794081687927
YKL127W,YKL007W,0,-1.8273158,0.1990722119808197,0.985029935836792,0.39717942476272583
YER039C,YKL085W,0,-1.8273685,0.19903206825256348,0.985029935836792,0.39727944135665894
YER041W,YDR018C,0,-1.8274548,0.19899193942546844,0.985029935836792,0.39737948775291443
YDR515W,YJL090C,0,-1.8275027,0.1989518254995346,0.985029935836792,0.39747950434684753
YML071C,YPL256C,0,-1.8277165,0.19891172647476196,0.985029935836792,0.39757952094078064
YLR439W,YLR151C,0,-1.8284068,0.1988716572523117,0.985029935836792,0.39767953753471375
YLR407W,YGR161C-C,0,-1.8284853,0.19883158802986145,0.985029935836792,0.39777955412864685
YOL152W,YNR037C,0,-1.8286134,0.1987915337085724,0.985029935836792,0.39787957072257996
YOL043C,YMR265C,0,-1.8286561,0.1987515091896057,0.985029935836792,0.39797958731651306
YLR405W,YLR309C,0,-1.8287476,0.19871149957180023,0.985029935836792,0.39807960391044617
YGL105W,YDR001C,0,-1.8289608,0.19867150485515594,0.985029935836792,0.39817965030670166
YPR138C,YKR031C,0,-1.8290012,0.19863151013851166,0.985029935836792,0.39827966690063477
YDR468C,YDR374C,0,-1.8290713,0.19859154522418976,0.985029935836792,0.39837968349456787
YER129W,YJR052W,0,-1.8290769,0.19855159521102905,0.985029935836792,0.398479700088501
YDL052C,YBR087W,0,-1.8291445,0.19851166009902954,0.985029935836792,0.3985797166824341
YBR241C,YOR321W,0,-1.8291633,0.19847175478935242,0.985029935836792,0.3986797332763672
YOR087W,YLR204W,0,-1.8292894,0.1984318494796753,0.985029935836792,0.3987797498703003
YOL003C,YGR247W,0,-1.829332,0.19839195907115936,0.985029935836792,0.3988797664642334
YGL006W,YOR123C,0,-1.829396,0.19835208356380463,0.985029935836792,0.3989797830581665
YJR086W,YML096W,0,-1.8295087,0.19831223785877228,0.985029935836792,0.399079829454422
YKL004W,YKL201C,0,-1.8297169,0.19827239215373993,0.985029935836792,0.3991798460483551
YDR266C,YOR278W,0,-1.82979,0.19823257625102997,0.985029935836792,0.3992798626422882
YBR014C,YPR194C,0,-1.8301915,0.1981927752494812,0.985029935836792,0.3993798792362213
YLR403W,YNL201C,0,-1.8302851,0.19815297424793243,0.985029935836792,0.3994798958301544
YBR262C,YBL021C,0,-1.8303144,0.19811320304870605,0.985029935836792,0.3995799124240875
YCL048W-A,YLR369W,0,-1.8303471,0.19807344675064087,0.985029935836792,0.39967992901802063
YOR113W,YPL041C,0,-1.8305044,0.19803370535373688,0.985029935836792,0.39977994561195374
YFL054C,YGL128C,0,-1.8306379,0.19799397885799408,0.985029935836792,0.39987996220588684
YLR185W,YPL213W,0,-1.8309242,0.19795426726341248,0.985029935836792,0.39998000860214233
YBR293W,YGR007W,0,-1.8310292,0.19791457056999207,0.985029935836792,0.40008002519607544
YGR234W,YDR258C,0,-1.8311027,0.19787490367889404,0.985029935836792,0.40018004179000854
YLL018C-A,YPL116W,0,-1.8311605,0.19783523678779602,0.985029935836792,0.40028005838394165
YML037C,YDL077C,0,-1.8312492,0.1977955847978592,0.985029935836792,0.40038007497787476
YER071C,YOR145C,0,-1.8315005,0.19775596261024475,0.985029935836792,0.40048009157180786
YLR136C,YBR142W,0,-1.8316501,0.1977163404226303,0.985029935836792,0.40058010816574097
YDR371W,YFL037W,0,-1.8317904,0.19767674803733826,0.985029935836792,0.4006801247596741
YDL107W,YDR519W,0,-1.8319457,0.1976371705532074,0.985029935836792,0.4007801413536072
YJL114W,YKR059W,0,-1.8324025,0.19759759306907654,0.985029935836792,0.40088018774986267
YGL086W,YBR281C,0,-1.8324308,0.19755804538726807,0.985029935836792,0.4009802043437958
YBL080C,YNL320W,0,-1.8325783,0.1975185126066208,0.985029935836792,0.4010802209377289
YGL086W,YHR157W,0,-1.8327458,0.1974789947271347,0.985029935836792,0.401180237531662
YGL243W,YMR042W,0,-1.8327607,0.19743949174880981,0.985029935836792,0.4012802541255951
YJL001W,YGR197C,0,-1.832907,0.19740000367164612,0.985029935836792,0.4013802707195282
YNR027W,YAL024C,0,-1.8336316,0.19736053049564362,0.985029935836792,0.4014802873134613
YBR242W,YDL127W,0,-1.8336972,0.1973210722208023,0.985029935836792,0.4015803039073944
YIL096C,YIL048W,0,-1.8337839,0.1972816288471222,0.985029935836792,0.4016803503036499
YGL172W,YDR352W,0,-1.8341882,0.19724220037460327,0.985029935836792,0.401780366897583
YOR389W,YNL183C,0,-1.834436,0.19720280170440674,0.985029935836792,0.4018803834915161
YMR219W,YOL041C,0,-1.8346512,0.1971634030342102,0.985029935836792,0.4019804000854492
YPR144C,YKL219W,0,-1.8347504,0.19712401926517487,0.985029935836792,0.4020804166793823
YKR029C,YKL081W,0,-1.8348551,0.19708466529846191,0.985029935836792,0.40218043327331543
YDR125C,YOR378W,0,-1.8348802,0.19704531133174896,0.985029935836792,0.40228044986724854
YNL240C,YGR014W,0,-1.8348898,0.1970059871673584,0.985029935836792,0.40238046646118164
YBL039W-A,YIL017C,0,-1.8352644,0.19696667790412903,0.985029935836792,0.40248048305511475
YGR207C,YKL150W,0,-1.8355511,0.19692736864089966,0.985029935836792,0.40258052945137024
YGR093W,YOR043W,0,-1.8356273,0.19688808917999268,0.985029935836792,0.40268054604530334
YLR422W,YLR240W,0,-1.8358352,0.1968488246202469,0.985029935836792,0.40278056263923645
YOR246C,YNL268W,0,-1.8366002,0.1968095749616623,0.985029935836792,0.40288057923316956
YKR029C,YFL009W,0,-1.8369689,0.1967703402042389,0.985029935836792,0.40298059582710266
YGR246C,YGR129W,0,-1.8370218,0.19673112034797668,0.985029935836792,0.40308061242103577
YDR437W,YGL171W,0,-1.8371089,0.19669191539287567,0.985029935836792,0.40318062901496887
YER055C,YPR159W,0,-1.8371239,0.19665272533893585,0.985029935836792,0.403280645608902
YGR091W,YJR088C,0,-1.8371687,0.19661355018615723,0.985029935836792,0.4033806622028351
YKL004W,YLR158C,0,-1.8372223,0.1965743899345398,0.985029935836792,0.4034807085990906
YCR077C,YNL041C,0,-1.8374593,0.19653524458408356,0.985029935836792,0.4035807251930237
YBL023C,YHL020C,0,-1.8382542,0.1964961141347885,0.985029935836792,0.4036807417869568
YPL099C,YNL206C,0,-1.8382862,0.19645701348781586,0.985029935836792,0.4037807583808899
YCL060C,YLL018C,0,-1.8385843,0.1964179128408432,0.985029935836792,0.403880774974823
YGL184C,YPL058C,0,-1.8389674,0.19637882709503174,0.985029935836792,0.4039807915687561
YNL240C,YOR162C,0,-1.8393567,0.19633977115154266,0.985029935836792,0.4040808081626892
YMR219W,YGR234W,0,-1.8394306,0.1963007152080536,0.985029935836792,0.4041808247566223
YOR299W,YHL009W-B,0,-1.8394666,0.1962616890668869,0.985029935836792,0.4042808413505554
YLR136C,YPL002C,0,-1.8398843,0.19622266292572021,0.985029935836792,0.4043808877468109
YMR184W,YPR005C,0,-1.8402647,0.19618366658687592,0.985029935836792,0.404480904340744
YDR374C,YBL087C,0,-1.8403405,0.19614467024803162,0.985029935836792,0.4045809209346771
YOL032W,YDR309C,0,-1.8403428,0.1961057037115097,0.985029935836792,0.40468093752861023
YKL087C,YBL031W,0,-1.8403437,0.196066752076149,0.985029935836792,0.40478095412254333
YPR085C,YBR239C,0,-1.8406167,0.19602780044078827,0.985029935836792,0.40488097071647644
YLL025W,YKL185W,0,-1.8407304,0.19598887860774994,0.985029935836792,0.40498098731040955
YLL038C,YHR027C,0,-1.8408532,0.1959499716758728,0.985029935836792,0.40508100390434265
YGL128C,YHL009W-B,0,-1.8412095,0.19591107964515686,0.985029935836792,0.40518105030059814
YCL060C,YGL135W,0,-1.8415041,0.1958722025156021,0.985029935836792,0.40528106689453125
YML009C,YIL004C,0,-1.8421164,0.19583334028720856,0.985029935836792,0.40538108348846436
YHR012W,YNL339C,0,-1.8423448,0.195794478058815,0.985029935836792,0.40548110008239746
YPR113W,YIL048W,0,-1.842387,0.19575564563274384,0.985029935836792,0.40558111667633057
YLR414C,YBR276C,0,-1.8428086,0.19571682810783386,0.985029935836792,0.40568113327026367
YIL173W,YHL020C,0,-1.8429487,0.19567804038524628,0.985029935836792,0.4057811498641968
YIR002C,YPR187W,0,-1.843004,0.1956392526626587,0.985029935836792,0.4058811664581299
YKL051W,YMR247C,0,-1.8431816,0.1956004798412323,0.985029935836792,0.405981183052063
YPL084W,YIL162W,0,-1.843246,0.1955617219209671,0.985029935836792,0.4060812294483185
YNL010W,YOR201C,0,-1.8433964,0.1955229789018631,0.985029935836792,0.4061812460422516
YEL039C,YPR091C,0,-1.8435276,0.1954842507839203,0.985029935836792,0.4062812626361847
YIL009W,YIL048W,0,-1.8437753,0.19544553756713867,0.985029935836792,0.4063812792301178
YKL155C,YIL014W,0,-1.844009,0.19540685415267944,0.985029935836792,0.4064812958240509
YLR004C,YJL222W,0,-1.8440381,0.19536817073822021,0.985029935836792,0.406581312417984
YHR205W,YOL056W,0,-1.8441849,0.19532950222492218,0.985029935836792,0.4066813290119171
YDL018C,YIR008C,0,-1.8443525,0.19529086351394653,0.985029935836792,0.4067813456058502
YBR012W-B,YGR156W,0,-1.8443583,0.1952522248029709,0.985029935836792,0.4068813621997833
YOL042W,YJR110W,0,-1.844757,0.19521360099315643,0.985029935836792,0.4069814085960388
YMR099C,YOR355W,0,-1.8448606,0.19517500698566437,0.985029935836792,0.4070814251899719
YDL200C,YER025W,0,-1.8448738,0.1951364129781723,0.985029935836792,0.40718144178390503
YOR389W,YJL108C,0,-1.844939,0.19509784877300262,0.985029935836792,0.40728145837783813
YNL161W,YOR321W,0,-1.8449583,0.19505928456783295,0.985029935836792,0.40738147497177124
YGR155W,YGL021W,0,-1.8449941,0.19502075016498566,0.985029935836792,0.40748149156570435
YGL009C,YOR117W,0,-1.8453043,0.19498221576213837,0.985029935836792,0.40758150815963745
YDR257C,YGR116W,0,-1.8456175,0.19494371116161346,0.985029935836792,0.40768152475357056
YPL117C,YFR006W,0,-1.8456303,0.19490520656108856,0.985029935836792,0.40778157114982605
YLR136C,YNL272C,0,-1.8457203,0.19486673176288605,0.985029935836792,0.40788158774375916
YGR155W,YPR013C,0,-1.8459882,0.19482827186584473,0.985029935836792,0.40798160433769226
YPR032W,YLR014C,0,-1.8463068,0.1947898119688034,0.985029935836792,0.40808162093162537
YMR077C,YHL009W-B,0,-1.8463678,0.19475138187408447,0.985029935836792,0.40818163752555847
YNL199C,YDR374C,0,-1.846648,0.19471296668052673,0.985029935836792,0.4082816541194916
YNL084C,YDR152W,0,-1.8466783,0.194674551486969,0.985029935836792,0.4083816707134247
YKR095W,YHR157W,0,-1.8466872,0.19463616609573364,0.985029935836792,0.4084816873073578
YGR054W,YBL022C,0,-1.8467348,0.19459779560565948,0.985029935836792,0.4085817039012909
YGL018C,YMR169C,0,-1.8468037,0.19455942511558533,0.985029935836792,0.4086817502975464
YLR103C,YDR507C,0,-1.8468561,0.19452108442783356,0.985029935836792,0.4087817668914795
YDL136W,YPR159W,0,-1.8469958,0.19448275864124298,0.985029935836792,0.4088817834854126
YIR041W,YFL009W,0,-1.8470341,0.1944444477558136,0.985029935836792,0.4089818000793457
YHR152W,YLR023C,0,-1.8473468,0.1944061517715454,0.985029935836792,0.4090818166732788
YML026C,YOR083W,0,-1.8474176,0.19436785578727722,0.985029935836792,0.4091818332672119
YPL002C,YOL047C,0,-1.8477101,0.19432958960533142,0.985029935836792,0.409281849861145
YJR102C,YHL009W-B,0,-1.8480833,0.19429133832454681,0.985029935836792,0.4093818664550781
YNL073W,YML075C,0,-1.848088,0.1942531019449234,0.985029935836792,0.40948188304901123
YIR024C,YOR071C,0,-1.8480989,0.19421488046646118,0.985029935836792,0.4095819294452667
YLL049W,YGL051W,0,-1.8481189,0.19417667388916016,0.985029935836792,0.40968194603919983
YFL048C,YPR170W-B,0,-1.8483944,0.19413846731185913,0.985029935836792,0.40978196263313293
YPL275W,YDR347W,0,-1.8486667,0.1941002905368805,0.985029935836792,0.40988197922706604
YPL036W,YOR234C,0,-1.8487656,0.19406212866306305,0.985029935836792,0.40998199582099915
YPR085C,YKR053C,0,-1.8488576,0.1940239816904068,0.985029935836792,0.41008201241493225
YOL116W,YFR006W,0,-1.8490229,0.19398584961891174,0.985029935836792,0.41018202900886536
YML037C,YGR091W,0,-1.8490902,0.19394773244857788,0.985029935836792,0.41028204560279846
YDL052C,YGL021W,0,-1.8490932,0.1939096301794052,0.985029935836792,0.41038206219673157
YDR098C-B,YDR034C-D,0,-1.8492563,0.19387154281139374,0.985029935836792,0.41048210859298706
YDR468C,YNR058W,0,-1.8492615,0.19383347034454346,0.985029935836792,0.41058212518692017
YFR006W,YJR065C,0,-1.8493202,0.19379541277885437,0.985029935836792,0.41068214178085327
YFR042W,YHR047C,0,-1.8494933,0.19375735521316528,0.985029935836792,0.4107821583747864
YKL212W,YKL007W,0,-1.8494991,0.19371932744979858,0.985029935836792,0.4108821749687195
YMR258C,YJR024C,0,-1.8495448,0.19368131458759308,0.985029935836792,0.4109821915626526
YKL024C,YMR190C,0,-1.8497968,0.19364331662654877,0.985029935836792,0.4110822081565857
YCR058C,YIL173W,0,-1.849864,0.19360533356666565,0.985029935836792,0.4111822247505188
YIL004C,YGL184C,0,-1.84997,0.19356736540794373,0.985029935836792,0.4112822711467743
YPR055W,YNR019W,0,-1.8500628,0.193529412150383,0.985029935836792,0.4113822877407074
YAR033W,YER087C-B,0,-1.8504415,0.19349147379398346,0.985029935836792,0.4114823043346405
YMR041C,YJL116C,0,-1.8507061,0.19345355033874512,0.985029935836792,0.4115823209285736
YOR193W,YDR001C,0,-1.8510305,0.19341564178466797,0.985029935836792,0.4116823375225067
YCL034W,YPR037C,0,-1.851301,0.19337774813175201,0.985029935836792,0.4117823541164398
YOR087W,YLR243W,0,-1.8514416,0.19333986937999725,0.985029935836792,0.4118823707103729
YKR002W,YJR108W,0,-1.8518374,0.1933019906282425,0.985029935836792,0.41198238730430603
YKR030W,YLL018C-A,0,-1.8520167,0.19326414167881012,0.985029935836792,0.41208240389823914
YCR107W,YOR090C,0,-1.8520939,0.19322630763053894,0.985029935836792,0.41218245029449463
YLL012W,YDR434W,0,-1.8521299,0.19318848848342896,0.985029935836792,0.41228246688842773
YJR155W,YOR020W-A,0,-1.8521492,0.19315068423748016,0.985029935836792,0.41238248348236084
YBL013W,YPL041C,0,-1.852245,0.19311289489269257,0.985029935836792,0.41248250007629395
YKL065W-A,YOL078W,0,-1.8527281,0.19307512044906616,0.985029935836792,0.41258251667022705
YIL169C,YAL023C,0,-1.8528303,0.19303736090660095,0.985029935836792,0.41268253326416016
YHL002W,YDR490C,0,-1.8528998,0.19299961626529694,0.985029935836792,0.41278254985809326
YHL023C,YHR111W,0,-1.8531337,0.19296187162399292,0.985029935836792,0.41288256645202637
YBR021W,YGR087C,0,-1.8531693,0.1929241567850113,0.985029935836792,0.4129825830459595
YEL009C,YLR362W,0,-1.8531938,0.19288645684719086,0.985029935836792,0.41308262944221497
YLR360W,YER043C,0,-1.8532829,0.19284877181053162,0.985029935836792,0.41318264603614807
YJR073C,YLR240W,0,-1.8533459,0.19281110167503357,0.985029935836792,0.4132826626300812
YOR214C,YIL148W,0,-1.85336,0.19277343153953552,0.985029935836792,0.4133826792240143
YCR027C,YAL005C,0,-1.8534982,0.19273579120635986,0.985029935836792,0.4134826958179474
YMR166C,YMR156C,0,-1.853595,0.1926981657743454,0.985029935836792,0.4135827124118805
YMR040W,YBR054W,0,-1.8538156,0.19266055524349213,0.985029935836792,0.4136827290058136
YJR084W,YBL101W-B,0,-1.8541248,0.19262294471263885,0.985029935836792,0.4137827455997467
YCR091W,YDR529C,0,-1.8542005,0.19258536398410797,0.985029935836792,0.4138827621936798
YOL152W,YMR077C,0,-1.8543994,0.19254779815673828,0.985029935836792,0.4139828085899353
YIR024C,YMR166C,0,-1.8545089,0.19251024723052979,0.985029935836792,0.4140828251838684
YKL097W-A,YOR150W,0,-1.854595,0.1924726963043213,0.985029935836792,0.4141828417778015
YHR178W,YAL005C,0,-1.8546658,0.19243517518043518,0.985029935836792,0.4142828583717346
YFL026W,YKL110C,0,-1.8547373,0.19239765405654907,0.985029935836792,0.4143828749656677
YMR096W,YLR310C,0,-1.8550346,0.19236016273498535,0.985029935836792,0.41448289155960083
YML067C,YPR093C,0,-1.8551288,0.19232268631458282,0.985029935836792,0.41458290815353394
YOL042W,YMR274C,0,-1.8551655,0.1922852098941803,0.985029935836792,0.41468292474746704
YCR027C,YEL036C,0,-1.8551748,0.19224776327610016,0.985029935836792,0.41478297114372253
YBR182C,YJR077C,0,-1.8552926,0.19221031665802002,0.985029935836792,0.41488298773765564
YJL074C,YBR162W-A,0,-1.8555195,0.19217289984226227,0.985029935836792,0.41498300433158875
YBR240C,YPL129W,0,-1.8556113,0.19213548302650452,0.985029935836792,0.41508302092552185
YBR196C-A,YNL019C,0,-1.855684,0.19209809601306915,0.985029935836792,0.41518303751945496
YIR041W,YBR196C-A,0,-1.8561709,0.1920607089996338,0.985029935836792,0.41528305411338806
YPL241C,YHR110W,0,-1.8562258,0.1920233517885208,0.985029935836792,0.41538307070732117
YCR107W,YBL039W-A,0,-1.8562535,0.19198599457740784,0.985029935836792,0.4154830873012543
YLR466W,YJR028W,0,-1.8564419,0.19194865226745605,0.985029935836792,0.4155831038951874
YML040W,YLR166C,0,-1.8565531,0.19191133975982666,0.985029935836792,0.41568315029144287
YPL241C,YBR075W,0,-1.8565588,0.19187402725219727,0.985029935836792,0.415783166885376
YGL231C,YHR026W,0,-1.8566,0.19183672964572906,0.985029935836792,0.4158831834793091
YMR098C,YMR235C,0,-1.8566865,0.19179946184158325,0.985029935836792,0.4159832000732422
YGL104C,YGL041C-B,0,-1.8568218,0.19176219403743744,0.985029935836792,0.4160832166671753
YBL058W,YER069W,0,-1.8569732,0.19172494113445282,0.985029935836792,0.4161832332611084
YDR288W,YLR427W,0,-1.8573052,0.1916877031326294,0.985029935836792,0.4162832498550415
YOR396W,YPL002C,0,-1.8575726,0.19165048003196716,0.985029935836792,0.4163832664489746
YJR068W,YHR155W,0,-1.857634,0.19161327183246613,0.985029935836792,0.4164832830429077
YOR090C,YFL009W,0,-1.8577197,0.19157609343528748,0.985029935836792,0.4165833294391632
YER055C,YBR255W,0,-1.8579391,0.19153891503810883,0.985029935836792,0.4166833460330963
YGR185C,YLR394W,0,-1.8581448,0.19150175154209137,0.985029935836792,0.4167833626270294
YLR157C,YPR158W-A,0,-1.8583747,0.1914646029472351,0.985029935836792,0.4168833792209625
YIL115C,YER125W,1,-1.858539,0.19162140786647797,0.9860279560089111,0.4168833792209625
YMR184W,YNL001W,0,-1.8586369,0.1915842592716217,0.9860279560089111,0.41698339581489563
YOR378W,YHR115C,0,-1.8587595,0.19154711067676544,0.9860279560089111,0.41708341240882874
YNL098C,YBL006C,0,-1.8587906,0.19150997698307037,0.9860279560089111,0.41718342900276184
YGL013C,YBL093C,0,-1.8590044,0.1914728730916977,0.9860279560089111,0.41728344559669495
YHR055C,YIL118W,0,-1.8592128,0.191435769200325,0.9860279560089111,0.41738346219062805
YPL103C,YJR127C,0,-1.8592718,0.19139868021011353,0.9860279560089111,0.41748350858688354
YIL112W,YDR056C,0,-1.8595047,0.19136160612106323,0.9860279560089111,0.41758352518081665
YGR224W,YJL186W,0,-1.8597867,0.19132456183433533,0.9860279560089111,0.41768354177474976
YLR371W,YAL041W,0,-1.8598675,0.19128751754760742,0.9860279560089111,0.41778355836868286
YGR282C,YHR154W,0,-1.8599161,0.1912504881620407,0.9860279560089111,0.41788357496261597
YLR109W,YGL065C,0,-1.8599609,0.1912134736776352,0.9860279560089111,0.4179835915565491
YDR434W,YNL183C,0,-1.8599966,0.19117647409439087,0.9860279560089111,0.4180836081504822
YHR140W,YGL084C,0,-1.8600125,0.19113948941230774,0.9860279560089111,0.4181836247444153
YDR216W,YKL020C,0,-1.8600771,0.1911025196313858,0.9860279560089111,0.4182836711406708
YML133C,YNL314W,0,-1.8602378,0.19106556475162506,0.9860279560089111,0.4183836877346039
YKL087C,YDL102W,0,-1.8604118,0.19102860987186432,0.9860279560089111,0.418483704328537
YHR114W,YPR095C,0,-1.861078,0.19099168479442596,0.9860279560089111,0.4185837209224701
YOR093C,YDR468C,0,-1.8614036,0.1909547746181488,0.9860279560089111,0.4186837375164032
YNR015W,YLR288C,0,-1.8614737,0.19091787934303284,0.9860279560089111,0.4187837541103363
YBR098W,YOR243C,0,-1.8616138,0.19088098406791687,0.9860279560089111,0.4188837707042694
YNL084C,YBR014C,0,-1.8617464,0.1908441185951233,0.9860279560089111,0.4189837872982025
YKL042W,YGR072W,0,-1.8617561,0.1908072680234909,0.9860279560089111,0.4190838038921356
YPL275W,YAL023C,0,-1.8618227,0.19077041745185852,0.9860279560089111,0.4191838502883911
YOR343W-A,YGR099W,0,-1.8619461,0.19073359668254852,0.9860279560089111,0.4192838668823242
YLR298C,YJL001W,0,-1.8619692,0.19069677591323853,0.9860279560089111,0.4193838834762573
YBR281C,YNL249C,0,-1.8622901,0.19065997004508972,0.9860279560089111,0.41948390007019043
YFL021W,YOR150W,0,-1.8624511,0.1906231939792633,0.9860279560089111,0.41958391666412354
YNL072W,YGR067C,0,-1.8624574,0.1905864179134369,0.9860279560089111,0.41968393325805664
YGR091W,YDR325W,0,-1.8626459,0.19054965674877167,0.9860279560089111,0.41978394985198975
YHR212W-A,YLR013W,0,-1.8626795,0.19051292538642883,0.9860279560089111,0.41988396644592285
YHL035C,YHR092C,0,-1.863044,0.190476194024086,0.9860279560089111,0.41998398303985596
YKR088C,YMR027W,0,-1.8630507,0.19043947756290436,0.9860279560089111,0.42008402943611145
YER056C-A,YMR189W,0,-1.8636864,0.1904027760028839,0.9860279560089111,0.42018404603004456
YLR414C,YER087C-B,0,-1.8639199,0.19036608934402466,0.9860279560089111,0.42028406262397766
YOR246C,YBR075W,0,-1.8639879,0.1903294175863266,0.9860279560089111,0.42038407921791077
YBR012W-B,YKL145W,0,-1.8645511,0.19029276072978973,0.9860279560089111,0.42048409581184387
YPL084W,YGL065C,0,-1.8647897,0.19025611877441406,0.9860279560089111,0.420584112405777
YLR079W,YNL001W,0,-1.8647946,0.1902194768190384,0.9860279560089111,0.4206841289997101
YDR039C,YPL168W,0,-1.8649516,0.1901828646659851,0.9860279560089111,0.4207841455936432
YDL027C,YBL013W,0,-1.8651373,0.19014626741409302,0.9860279560089111,0.4208841621875763
YDR071C,YIR024C,0,-1.8652346,0.19010968506336212,0.9860279560089111,0.4209842085838318
YNL278W,YDR365W-B,0,-1.8652565,0.19007310271263123,0.9860279560089111,0.4210842251777649
YLR433C,YBR239C,0,-1.8654889,0.19003655016422272,0.9860279560089111,0.421184241771698
YGL234W,YNR018W,0,-1.865769,0.1899999976158142,0.9860279560089111,0.4212842583656311
YDL069C,YBR241C,0,-1.8661048,0.1899634748697281,0.9860279560089111,0.4213842749595642
YER041W,YPL059W,0,-1.8661199,0.18992695212364197,0.9860279560089111,0.4214842915534973
YPR134W,YNL320W,0,-1.866123,0.18989044427871704,0.9860279560089111,0.4215843081474304
YPL059W,YGR116W,0,-1.8662891,0.1898539513349533,0.9860279560089111,0.4216843247413635
YGL135W,YMR156C,0,-1.8665581,0.18981748819351196,0.9860279560089111,0.421784371137619
YDR200C,YOR046C,0,-1.8665689,0.18978102505207062,0.9860279560089111,0.4218843877315521
YLR348C,YER142C,0,-1.8665702,0.18974457681179047,0.9860279560089111,0.42198440432548523
YOL111C,YBR253W,0,-1.8666334,0.1897081434726715,0.9860279560089111,0.42208442091941833
YDR257C,YDR462W,0,-1.8666646,0.18967172503471375,0.9860279560089111,0.42218443751335144
YDR365W-B,YOL043C,0,-1.8668108,0.18963532149791718,0.9860279560089111,0.42228445410728455
YML129C,YOL017W,0,-1.8672433,0.1895989179611206,0.9860279560089111,0.42238447070121765
YJR084W,YOR378W,0,-1.8673095,0.18956254422664642,0.9860279560089111,0.42248448729515076
YDR033W,YNL173C,0,-1.868096,0.18952618539333344,0.9860279560089111,0.42258450388908386
YLR442C,YGR279C,0,-1.8682151,0.18948984146118164,0.9860279560089111,0.42268455028533936
YCR007C,YKL039W,0,-1.8694127,0.18945349752902985,0.9860279560089111,0.42278456687927246
YMR073C,YNL048W,0,-1.869423,0.18941718339920044,0.9860279560089111,0.42288458347320557
YLR395C,YMR098C,0,-1.8694451,0.18938086926937103,0.9860279560089111,0.42298460006713867
YER170W,YMR192W,0,-1.8696434,0.18934457004070282,0.9860279560089111,0.4230846166610718
YDR134C,YOL001W,0,-1.8696611,0.189308300614357,0.9860279560089111,0.4231846332550049
YBL093C,YOR020W-A,0,-1.8697178,0.18927203118801117,0.9860279560089111,0.423284649848938
YBL022C,YBR200W,0,-1.869961,0.18923577666282654,0.9860279560089111,0.4233846664428711
YOR043W,YIL095W,0,-1.8700368,0.1891995370388031,0.9860279560089111,0.4234846830368042
YNL339C,YNL299W,0,-1.8701959,0.18916331231594086,0.9860279560089111,0.4235847294330597
YER087C-B,YER179W,0,-1.8702356,0.1891271024942398,0.9860279560089111,0.4236847460269928
YDR175C,YER164W,0,-1.8704724,0.18909090757369995,0.9860279560089111,0.4237847626209259
YDR200C,YGR161C-C,0,-1.8704824,0.1890547275543213,0.9860279560089111,0.423884779214859
YOR388C,YHR080C,0,-1.8705778,0.18901856243610382,0.9860279560089111,0.4239847958087921
YPR005C,YOR020W-A,0,-1.8705862,0.18898239731788635,0.9860279560089111,0.4240848124027252
YLR154C,YLL022C,0,-1.8707092,0.18894626200199127,0.9860279560089111,0.4241848289966583
YML058W,YMR265C,0,-1.8710926,0.1889101266860962,0.9860279560089111,0.42428484559059143
YLR422W,YLR079W,0,-1.8711425,0.1888740211725235,0.9860279560089111,0.42438486218452454
YAR044W,YBR183W,0,-1.8714266,0.1888379156589508,0.9860279560089111,0.42448490858078003
YGR247W,YDL110C,0,-1.8715689,0.1888018399477005,0.9860279560089111,0.42458492517471313
YGL172W,YFR002W,1,-1.871655,0.1889568269252777,0.9870259761810303,0.42458492517471313
YIR015W,YDR529C,0,-1.8717746,0.18892072141170502,0.9870259761810303,0.42468494176864624
YFR024C,YAL041W,0,-1.8720753,0.1888846457004547,0.9870259761810303,0.42478495836257935
YNL268W,YBL006C,0,-1.872175,0.1888485699892044,0.9870259761810303,0.42488497495651245
YMR131C,YKL095W,0,-1.8722398,0.1888125240802765,0.9870259761810303,0.42498499155044556
YLR085C,YML086C,0,-1.8723128,0.18877647817134857,0.9870259761810303,0.42508500814437866
YGR058W,YML128C,0,-1.8725654,0.18874046206474304,0.9870259761810303,0.42518502473831177
YKR035W-A,YMR027W,0,-1.8725934,0.1887044459581375,0.9870259761810303,0.42528507113456726
YGL013C,YFL026W,0,-1.8726095,0.18866844475269318,0.9870259761810303,0.42538508772850037
YHR143W,YDR309C,0,-1.8727796,0.18863245844841003,0.9870259761810303,0.42548510432243347
YKL104C,YDR152W,0,-1.8729674,0.18859648704528809,0.9870259761810303,0.4255851209163666
YGR234W,YDR092W,0,-1.8731176,0.18856053054332733,0.9870259761810303,0.4256851375102997
YMR040W,YGR026W,0,-1.8731501,0.18852458894252777,0.9870259761810303,0.4257851541042328
YDL237W,YMR159C,0,-1.873265,0.1884886622428894,0.9870259761810303,0.4258851706981659
YML026C,YHL035C,0,-1.8733553,0.18845275044441223,0.9870259761810303,0.425985187292099
YDR437W,YNR027W,0,-1.8733766,0.18841683864593506,0.9870259761810303,0.4260852038860321
YBR255W,YOR303W,0,-1.8735051,0.18838095664978027,0.9870259761810303,0.4261852502822876
YLL010C,YFL041W,0,-1.8735945,0.1883450746536255,0.9870259761810303,0.4262852668762207
YJR052W,YLR337C,0,-1.8736136,0.1883092224597931,0.9870259761810303,0.4263852834701538
YPL240C,YEL006W,0,-1.8736324,0.1882733702659607,0.9870259761810303,0.4264853000640869
YOR209C,YMR051C,0,-1.873709,0.1882375329732895,0.9870259761810303,0.42658531665802
YOL082W,YLR410W-A,0,-1.873874,0.18820171058177948,0.9870259761810303,0.4266853332519531
YNL048W,YLR353W,0,-1.8739825,0.18816590309143066,0.9870259761810303,0.42678534984588623
YLR219W,YPL111W,0,-1.8739908,0.18813011050224304,0.9870259761810303,0.42688536643981934
YMR219W,YGR161W-A,0,-1.8739989,0.1880943328142166,0.9870259761810303,0.42698538303375244
YFR033C,YKL043W,0,-1.8741715,0.18805857002735138,0.9870259761810303,0.42708542943000793
YBR065C,YDL217C,0,-1.8744891,0.18802280724048615,0.9870259761810303,0.42718544602394104
YDR365W-B,YOR250C,0,-1.8745885,0.1879870742559433,0.9870259761810303,0.42728546261787415
YOR145C,YOL042W,0,-1.8748634,0.18795135617256165,0.9870259761810303,0.42738547921180725
YOL094C,YJR054W,0,-1.8749875,0.18791563808918,0.9870259761810303,0.42748549580574036
YIL096C,YKR048C,0,-1.8751009,0.18787993490695953,0.9870259761810303,0.42758551239967346
YML118W,YHL016C,0,-1.875159,0.18784426152706146,0.9870259761810303,0.42768552899360657
YGL174W,YDR363W-A,0,-1.8752823,0.1878085881471634,0.9870259761810303,0.4277855455875397
YDL088C,YNL328C,0,-1.8759089,0.1877729296684265,0.9870259761810303,0.42788559198379517
YLR427W,YOL054W,0,-1.8761144,0.18773728609085083,0.9870259761810303,0.42798560857772827
YOR201C,YNL218W,0,-1.8761523,0.18770165741443634,0.9870259761810303,0.4280856251716614
YBR070C,YML132W,0,-1.8762778,0.18766602873802185,0.9870259761810303,0.4281856417655945
YPR102C,YPR194C,0,-1.8763218,0.18763042986392975,0.9870259761810303,0.4282856583595276
YBR128C,YGR055W,0,-1.8763775,0.18759484589099884,0.9870259761810303,0.4283856749534607
YOL051W,YPL270W,0,-1.8764486,0.18755926191806793,0.9870259761810303,0.4284856915473938
YKL057C,YOR185C,1,-1.876625,0.18771331012248993,0.9880239367485046,0.4284856915473938
YER146W,YHR147C,0,-1.8766268,0.18767772614955902,0.9880239367485046,0.4285857081413269
YER071C,YPL270W,0,-1.8767715,0.1876421570777893,0.9880239367485046,0.42868572473526
YHR214C-C,YGR185C,0,-1.87696,0.1876065880060196,0.9880239367485046,0.4287857711315155
YBL006C,YBL005W-B,0,-1.8774527,0.18757104873657227,0.9880239367485046,0.4288857877254486
YDR134C,YOL078W,0,-1.877486,0.18753552436828613,0.9880239367485046,0.4289858043193817
YMR274C,YML058W-A,0,-1.8776708,0.1875,0.9880239367485046,0.4290858209133148
YOR027W,YKL127W,0,-1.8776958,0.18746449053287506,0.9880239367485046,0.4291858375072479
YOR226C,YJL223C,0,-1.8782325,0.1874290108680725,0.9880239367485046,0.42928585410118103
YDR098C-B,YNL243W,0,-1.8782393,0.18739353120326996,0.9880239367485046,0.42938587069511414
YIR041W,YGL108C,0,-1.8785956,0.1873580664396286,0.9880239367485046,0.42948588728904724
YDR141C,YLR419W,0,-1.8787218,0.18732261657714844,0.9880239367485046,0.42958590388298035
YIL085C,YLR361C,0,-1.8787838,0.18728716671466827,0.9880239367485046,0.42968595027923584
YML132W,YER008C,0,-1.8788805,0.1872517466545105,0.9880239367485046,0.42978596687316895
YKL097W-A,YGR156W,0,-1.8792481,0.18721634149551392,0.9880239367485046,0.42988598346710205
YJR065C,YBL039W-A,0,-1.8795757,0.18718093633651733,0.9880239367485046,0.42998600006103516
YNL194C,YDR515W,0,-1.8798015,0.18714556097984314,0.9880239367485046,0.43008601665496826
YPR105C,YDL077C,0,-1.8803772,0.18711018562316895,0.9880239367485046,0.43018603324890137
YPL059W,YNL183C,0,-1.8804832,0.18707482516765594,0.9880239367485046,0.4302860498428345
YKR081C,YDR319C,0,-1.880571,0.18703947961330414,0.9880239367485046,0.4303860664367676
YHR212W-A,YJL198W,0,-1.8806814,0.18700414896011353,0.9880239367485046,0.4304860830307007
YPR153W,YLR228C,0,-1.8807144,0.1869688332080841,0.9880239367485046,0.4305861294269562
YIL084C,YMR235C,0,-1.8809248,0.18693353235721588,0.9880239367485046,0.4306861460208893
YCR039C,YCL029C,0,-1.8809559,0.18689824640750885,0.9880239367485046,0.4307861626148224
YER019C-A,YHL002W,0,-1.8811535,0.18686296045780182,0.9880239367485046,0.4308861792087555
YIR015W,YNL260C,0,-1.881167,0.18682770431041718,0.9880239367485046,0.4309861958026886
YHR152W,YER074W-A,0,-1.8814907,0.18679244816303253,0.9880239367485046,0.4310862123966217
YBL101W-A,YKL003C,0,-1.8816955,0.18675722181797028,0.9880239367485046,0.4311862289905548
YLR010C,YER063W,0,-1.8817917,0.18672199547290802,0.9880239367485046,0.4312862455844879
YHR191C,YGR129W,0,-1.8819237,0.18668678402900696,0.9880239367485046,0.4313862919807434
YDL022W,YBL101W-B,0,-1.8820099,0.1866515874862671,0.9880239367485046,0.4314863085746765
YGR231C,YJL223C,0,-1.8820485,0.18661640584468842,0.9880239367485046,0.4315863251686096
YOR123C,YMR027W,0,-1.8820984,0.18658122420310974,0.9880239367485046,0.4316863417625427
YNL136W,YKL158W,0,-1.8822075,0.18654607236385345,0.9880239367485046,0.43178635835647583
YJL113W,YDL236W,0,-1.8824942,0.18651092052459717,0.9880239367485046,0.43188637495040894
YLL015W,YER019C-A,0,-1.8826123,0.18647579848766327,0.9880239367485046,0.43198639154434204
YJL159W,YNL073W,0,-1.8827616,0.18644067645072937,0.9880239367485046,0.43208640813827515
YGR049W,YPR158W-A,0,-1.883019,0.18640556931495667,0.9880239367485046,0.43218642473220825
YGR235C,YNL159C,0,-1.8831201,0.18637047708034515,0.9880239367485046,0.43228647112846375
YLR369W,YHR111W,0,-1.88327,0.18633539974689484,0.9880239367485046,0.43238648772239685
YPL059W,YKL059C,0,-1.8832719,0.1863003373146057,0.9880239367485046,0.43248650431632996
YLR010C,YIL067C,0,-1.8833342,0.18626528978347778,0.9880239367485046,0.43258652091026306
YHR212W-A,YGR185C,0,-1.8833843,0.18623024225234985,0.9880239367485046,0.43268653750419617
YML040W,YKL027W,0,-1.8837184,0.1861952245235443,0.9880239367485046,0.4327865540981293
YLL018C,YJL020C,0,-1.8838601,0.18616020679473877,0.9880239367485046,0.4328865706920624
YDR513W,YLR154W-C,0,-1.883866,0.18612521886825562,0.9880239367485046,0.4329865872859955
YCR097WB,YDR352W,0,-1.8840013,0.18609023094177246,0.9880239367485046,0.4330866038799286
YPL013C,YNL065W,0,-1.8842944,0.1860552579164505,0.9880239367485046,0.4331866502761841
YLR219W,YML129C,0,-1.8847377,0.18602029979228973,0.9880239367485046,0.4332866668701172
YOL152W,YBR179C,0,-1.8848577,0.18598534166812897,0.9880239367485046,0.4333866834640503
YIL048W,YOR303W,0,-1.8849267,0.1859504133462906,0.9880239367485046,0.4334867000579834
YBR075W,YIL014W,0,-1.8850155,0.1859154999256134,0.9880239367485046,0.4335867166519165
YCL060C,YBR062C,0,-1.8852756,0.18588058650493622,0.9880239367485046,0.4336867332458496
YMR114C,YER170W,0,-1.8852785,0.18584568798542023,0.9880239367485046,0.4337867498397827
YDR080W,YHR140W,0,-1.8854204,0.18581080436706543,0.9880239367485046,0.4338867664337158
YMR073C,YHL024W,0,-1.8854249,0.18577593564987183,0.9880239367485046,0.4339867830276489
YGL041C-B,YDR374C,0,-1.8855674,0.18574108183383942,0.9880239367485046,0.4340868294239044
YLR056W,YKR095W,0,-1.8856587,0.1857062429189682,0.9880239367485046,0.4341868460178375
YDR098C-B,YIL014W,0,-1.8859113,0.18567141890525818,0.9880239367485046,0.43428686261177063
YHR096C,YPR137C-B,0,-1.8863357,0.18563659489154816,0.9880239367485046,0.43438687920570374
YPL174C,YDR092W,0,-1.8867162,0.18560180068016052,0.9880239367485046,0.43448689579963684
YFL017C,YJR084W,0,-1.8867568,0.1855670064687729,0.9880239367485046,0.43458691239356995
YLR066W,YGR138C,0,-1.88683,0.18553222715854645,0.9880239367485046,0.43468692898750305
YDL185W,YIL108W,0,-1.887078,0.1854974776506424,0.9880239367485046,0.43478694558143616
YER019W,YMR234W,0,-1.8871515,0.18546271324157715,0.9880239367485046,0.43488699197769165
YAL043C,YJL110C,0,-1.8874077,0.1854279786348343,0.9880239367485046,0.43498700857162476
YKL062W,YML058W,0,-1.8875424,0.18539325892925262,0.9880239367485046,0.43508702516555786
YJL003W,YHL002W,0,-1.8876724,0.18535855412483215,0.9880239367485046,0.43518704175949097
YJR042W,YJL041W,1,-1.8878461,0.1855110377073288,0.9890219569206238,0.43518704175949097
YOR125C,YCL059C,0,-1.8878546,0.18547631800174713,0.9890219569206238,0.4352870583534241
YMR234W,YDR504C,0,-1.8882282,0.18544161319732666,0.9890219569206238,0.4353870749473572
YKL016C,YJR047C,0,-1.8886573,0.18540692329406738,0.9890219569206238,0.4354870915412903
YPL189W,YLR243W,0,-1.8887725,0.1853722482919693,0.9890219569206238,0.4355871081352234
YGR161W-A,YNL040W,0,-1.888923,0.18533757328987122,0.9890219569206238,0.4356871247291565
YJL050W,YJR127C,0,-1.8892915,0.18530291318893433,0.9890219569206238,0.435787171125412
YPL192C,YHR115C,0,-1.8893433,0.18526826798915863,0.9890219569206238,0.4358871877193451
YHR140W,YOR378W,0,-1.8893621,0.18523363769054413,0.9890219569206238,0.4359872043132782
YPL187W,YOR145C,0,-1.889373,0.18519902229309082,0.9890219569206238,0.4360872209072113
YGL027C,YNL252C,0,-1.889421,0.1851644217967987,0.9890219569206238,0.4361872375011444
YAR044W,YEL070W,0,-1.8896362,0.18512983620166779,0.9890219569206238,0.4362872540950775
YNL095C,YKR083C,0,-1.8899375,0.18509525060653687,0.9890219569206238,0.4363872706890106
YDL212W,YGR031W,0,-1.8900076,0.18506069481372833,0.9890219569206238,0.4364872872829437
YER064C,YBR186W,0,-1.8901316,0.1850261390209198,0.9890219569206238,0.43658730387687683
YLR227W-A,YEL069C,0,-1.8901529,0.18499159812927246,0.9890219569206238,0.4366873502731323
YOR093C,YOR190W,0,-1.8905334,0.18495707213878632,0.9890219569206238,0.43678736686706543
YKL042W,YCL044C,0,-1.8906461,0.18492256104946136,0.9890219569206238,0.43688738346099854
YGL172W,YHR147C,0,-1.8907359,0.1848880648612976,0.9890219569206238,0.43698740005493164
YJL172W,YAR044W,0,-1.8909247,0.18485356867313385,0.9890219569206238,0.43708741664886475
YDR288W,YOL039W,0,-1.8911803,0.18481910228729248,0.9890219569206238,0.43718743324279785
YKL176C,YAL007C,0,-1.8912582,0.1847846359014511,0.9890219569206238,0.43728744983673096
YIL061C,YCL048W-A,0,-1.8915656,0.18475018441677094,0.9890219569206238,0.43738746643066406
YOR190W,YGR026W,0,-1.8920124,0.18471574783325195,0.9890219569206238,0.43748748302459717
YIL095W,YOR020W-A,0,-1.8921125,0.18468132615089417,0.9890219569206238,0.43758752942085266
YBR240C,YGR161W-A,0,-1.8922888,0.18464691936969757,0.9890219569206238,0.43768754601478577
YPL162C,YBR179C,0,-1.8925636,0.18461251258850098,0.9890219569206238,0.43778756260871887
YDR356W,YGL105W,0,-1.8926305,0.18457813560962677,0.9890219569206238,0.437887579202652
YLR050C,YKR048C,0,-1.8926647,0.18454375863075256,0.9890219569206238,0.4379875957965851
YOR246C,YGL041C-B,0,-1.8929014,0.18450939655303955,0.9890219569206238,0.4380876123905182
YLR154W-C,YGR283C,0,-1.8929713,0.18447504937648773,0.9890219569206238,0.4381876289844513
YKR053C,YBR108W,0,-1.8931079,0.1844407171010971,0.9890219569206238,0.4382876455783844
YML009C,YKL185W,0,-1.8937423,0.18440639972686768,0.9890219569206238,0.4383876919746399
YFL048C,YJR054W,0,-1.8943493,0.18437209725379944,0.9890219569206238,0.438487708568573
YKR030W,YGL137W,0,-1.8944213,0.1843377947807312,0.9890219569206238,0.4385877251625061
YIL067C,YLR410W-A,0,-1.8946879,0.18430352210998535,0.9890219569206238,0.4386877417564392
YKL027W,YML075C,0,-1.8947126,0.1842692494392395,0.9890219569206238,0.4387877583503723
YKL222C,YPR037C,0,-1.8948255,0.18423499166965485,0.9890219569206238,0.4388877749443054
YDR288W,YLR215C,0,-1.8950315,0.18420074880123138,0.9890219569206238,0.4389877915382385
YHR182W,YIR024C,0,-1.8951671,0.18416650593280792,0.9890219569206238,0.43908780813217163
YGL124C,YDR238C,0,-1.8952432,0.18413229286670685,0.9890219569206238,0.43918782472610474
YDL110C,YFL002W-B,0,-1.8953161,0.18409807980060577,0.9890219569206238,0.43928787112236023
YDL185W,YGL259W,0,-1.8955383,0.1840638965368271,0.9890219569206238,0.43938788771629333
YGL022W,YGR132C,0,-1.895556,0.1840297132730484,0.9890219569206238,0.43948790431022644
YGL172W,YOR290C,0,-1.8956091,0.1839955449104309,0.9890219569206238,0.43958792090415955
YIL126W,YMR205C,0,-1.8957255,0.1839613914489746,0.9890219569206238,0.43968793749809265
YMR307W,YOR291W,0,-1.895763,0.1839272528886795,0.9890219569206238,0.43978795409202576
YKR035W-A,YML071C,0,-1.8958902,0.1838931143283844,0.9890219569206238,0.43988797068595886
YDR468C,YOR173W,0,-1.8959326,0.18385900557041168,0.9890219569206238,0.43998798727989197
YFR042W,YCR053W,0,-1.8962824,0.18382489681243896,0.9890219569206238,0.4400880038738251
YER064C,YFL037W,0,-1.8966479,0.18379080295562744,0.9890219569206238,0.44018805027008057
YMR241W,YBR098W,0,-1.8967154,0.1837567239999771,0.9890219569206238,0.44028806686401367
YJL062W-A,YER023W,0,-1.8968669,0.18372265994548798,0.9890219569206238,0.4403880834579468
YER019C-A,YER129W,0,-1.8969164,0.18368859589099884,0.9890219569206238,0.4404881000518799
YJL117W,YOL032W,0,-1.8969188,0.1836545616388321,0.9890219569206238,0.440588116645813
YDR427W,YNL183C,0,-1.8971447,0.18362052738666534,0.9890219569206238,0.4406881332397461
YMR142C,YLR050C,0,-1.8972511,0.1835865080356598,0.9890219569206238,0.4407881498336792
YLR119W,YNL173C,0,-1.8975639,0.18355250358581543,0.9890219569206238,0.4408881664276123
YGR161W-A,YKL004W,0,-1.8975704,0.18351851403713226,0.9890219569206238,0.4409881830215454
YKL062W,YJR035W,0,-1.8975881,0.1834845393896103,0.9890219569206238,0.4410882294178009
YDL095W,YDR170W-A,0,-1.8978882,0.1834505796432495,0.9890219569206238,0.441188246011734
YIL169C,YOR240W,0,-1.8979719,0.18341661989688873,0.9890219569206238,0.4412882626056671
YGR004W,YJL186W,0,-1.8980285,0.18338267505168915,0.9890219569206238,0.4413882791996002
YML058W,YJL198W,0,-1.8981338,0.18334874510765076,0.9890219569206238,0.4414882957935333
YGR161C-C,YKL081W,0,-1.8985422,0.18331483006477356,0.9890219569206238,0.44158831238746643
YOR270C,YBR255W,0,-1.8986456,0.18328092992305756,0.9890219569206238,0.44168832898139954
YOR156C,YJL062W-A,0,-1.8987516,0.18324704468250275,0.9890219569206238,0.44178834557533264
YLR260W,YOR080W,0,-1.8987617,0.18321315944194794,0.9890219569206238,0.44188839197158813
YDR210C-C,YML086C,0,-1.8989928,0.18317930400371552,0.9890219569206238,0.44198840856552124
YFL048C,YLR085C,0,-1.8992112,0.1831454485654831,0.9890219569206238,0.44208842515945435
YGR208W,YLL010C,0,-1.8992302,0.18311160802841187,0.9890219569206238,0.44218844175338745
YGL093W,YDL177C,0,-1.8993764,0.18307778239250183,0.9890219569206238,0.44228845834732056
YMR322C,YMR017W,0,-1.8998625,0.1830439567565918,0.9890219569206238,0.44238847494125366
YCL048W-A,YHL035C,0,-1.9000592,0.18301016092300415,0.9890219569206238,0.44248849153518677
YDR105C,YBR288C,0,-1.9001548,0.1829763650894165,0.9890219569206238,0.4425885081291199
YMR113W,YHL020C,0,-1.9003781,0.18294258415699005,0.9890219569206238,0.442688524723053
YKR002W,YPL202C,0,-1.9004573,0.1829088181257248,0.9890219569206238,0.44278857111930847
YGR112W,YNL314W,0,-1.9004766,0.18287506699562073,0.9890219569206238,0.4428885877132416
YDR356W,YHR047C,0,-1.9006984,0.18284133076667786,0.9890219569206238,0.4429886043071747
YKL222C,YOL039W,0,-1.9008965,0.18280759453773499,0.9890219569206238,0.4430886209011078
YLR449W,YFL039C,0,-1.9009006,0.1827738881111145,0.9890219569206238,0.4431886374950409
YNL182C,YML007W,0,-1.9009418,0.18274018168449402,0.9890219569206238,0.443288654088974
YGR161W-A,YOR123C,0,-1.9011691,0.18270649015903473,0.9890219569206238,0.4433886706829071
YCR101C,YNL278W,0,-1.9011996,0.18267281353473663,0.9890219569206238,0.4434886872768402
YLR085C,YFL054C,0,-1.9014615,0.18263915181159973,0.9890219569206238,0.4435887038707733
YDL236W,YDR481C,0,-1.901576,0.18260549008846283,0.9890219569206238,0.4436887502670288
YER096W,YGR161C-C,0,-1.901653,0.18257184326648712,0.9890219569206238,0.4437887668609619
YLR084C,YKL016C,0,-1.9017015,0.1825382262468338,0.9890219569206238,0.443888783454895
YGR053C,YLR158C,0,-1.9017956,0.18250460922718048,0.9890219569206238,0.4439888000488281
YBL085W,YBL005W-B,0,-1.9021468,0.18247100710868835,0.9890219569206238,0.44408881664276123
YJR073C,YKL110C,0,-1.902156,0.18243740499019623,0.9890219569206238,0.44418883323669434
YPL116W,YGL041C-B,0,-1.9022123,0.1824038326740265,0.9890219569206238,0.44428884983062744
YDR134C,YOL111C,0,-1.9024131,0.18237026035785675,0.9890219569206238,0.44438886642456055
YJL052W,YDR434W,0,-1.9025255,0.1823367029428482,0.9890219569206238,0.44448888301849365
YKL212W,YDR100W,0,-1.9028504,0.18230316042900085,0.9890219569206238,0.44458892941474915
YDR210C-C,YMR042W,0,-1.9029403,0.1822696328163147,0.9890219569206238,0.44468894600868225
YML037C,YMR036C,0,-1.9030333,0.18223612010478973,0.9890219569206238,0.44478896260261536
YLR362W,YFR050C,0,-1.9031006,0.18220260739326477,0.9890219569206238,0.44488897919654846
YPR032W,YLR023C,0,-1.9031498,0.1821691244840622,0.9890219569206238,0.44498899579048157
YKR036C,YGR161W-A,0,-1.9031719,0.18213564157485962,0.9890219569206238,0.4450890123844147
YNR015W,YDR365W-B,0,-1.903213,0.18210217356681824,0.9890219569206238,0.4451890289783478
YPR194C,YOR032C,0,-1.9032707,0.18206870555877686,0.9890219569206238,0.4452890455722809
YJL222W,YMR318C,0,-1.9033766,0.18203526735305786,0.9890219569206238,0.4453890919685364
YPR153W,YDR017C,0,-1.9034187,0.18200182914733887,0.9890219569206238,0.4454891085624695
YGR053C,YJR047C,0,-1.9040344,0.18196842074394226,0.9890219569206238,0.4455891251564026
YNL194C,YLL025W,0,-1.9043105,0.18193501234054565,0.9890219569206238,0.4456891417503357
YLR219W,YHL009W-B,0,-1.9044484,0.18190161883831024,0.9890219569206238,0.4457891583442688
YOR198C,YPR095C,0,-1.9044605,0.18186822533607483,0.9890219569206238,0.4458891749382019
YHR143W,YCR053W,0,-1.9045713,0.1818348616361618,0.9890219569206238,0.445989191532135
YOL111C,YNR018W,0,-1.9047437,0.18180149793624878,0.9890219569206238,0.4460892081260681
YPL112C,YJR074W,0,-1.9047891,0.18176816403865814,0.9890219569206238,0.4461892247200012
YPL187W,YGL128C,0,-1.9049356,0.1817348301410675,0.9890219569206238,0.4462892711162567
YMR020W,YOR343W-A,0,-1.9053788,0.18170149624347687,0.9890219569206238,0.4463892877101898
YBR078W,YLR084C,0,-1.9053841,0.18166819214820862,0.9890219569206238,0.4464893043041229
YGL041C-B,YAL041W,0,-1.9054174,0.18163490295410156,0.9890219569206238,0.44658932089805603
YNL161W,YPL168W,0,-1.9054329,0.1816016137599945,0.9890219569206238,0.44668933749198914
YPL021W,YMR123W,0,-1.9055504,0.18156833946704865,0.9890219569206238,0.44678935408592224
YDR342C,YDR490C,0,-1.9057858,0.18153508007526398,0.9890219569206238,0.44688937067985535
YOL152W,YDR014W,0,-1.905791,0.1815018355846405,0.9890219569206238,0.44698938727378845
YGR161W-A,YPR093C,0,-1.9060245,0.18146859109401703,0.9890219569206238,0.44708940386772156
YKL097W-A,YLR433C,0,-1.906029,0.18143537640571594,0.9890219569206238,0.44718945026397705
YKL062W,YGR155W,0,-1.9060962,0.18140216171741486,0.9890219569206238,0.44728946685791016
YLR091W,YPL178W,0,-1.906224,0.18136896193027496,0.9890219569206238,0.44738948345184326
YGR195W,YHR048W,0,-1.9064307,0.18133577704429626,0.9890219569206238,0.44748950004577637
YGR132C,YDR004W,0,-1.9066112,0.18130259215831757,0.9890219569206238,0.4475895166397095
YDR175C,YJL111W,0,-1.9068016,0.18126943707466125,0.9890219569206238,0.4476895332336426
YMR156C,YHR140W,0,-1.9068444,0.18123628199100494,0.9890219569206238,0.4477895498275757
YLR035C,YCL040W,0,-1.9070239,0.18120314180850983,0.9890219569206238,0.4478895664215088
YHR117W,YDR507C,0,-1.9070479,0.1811700165271759,0.9890219569206238,0.4479896128177643
YPR102C,YNL318C,0,-1.9073188,0.18113690614700317,0.9890219569206238,0.4480896294116974
YDR158W,YLR154W-C,0,-1.9073563,0.18110379576683044,0.9890219569206238,0.4481896460056305
YGR247W,YJL186W,0,-1.9074392,0.1810707151889801,0.9890219569206238,0.4482896625995636
YLR466W,YHL009W-B,0,-1.9075265,0.18103763461112976,0.9890219569206238,0.4483896791934967
YJL108C,YGL051W,0,-1.9076227,0.1810045689344406,0.9890219569206238,0.4484896957874298
YBR183W,YGL108C,0,-1.9077271,0.18097151815891266,0.9890219569206238,0.4485897123813629
YGR247W,YNL249C,0,-1.9077607,0.1809384673833847,0.9890219569206238,0.448689728975296
YNL003C,YJL052W,0,-1.9082069,0.18090544641017914,0.9890219569206238,0.4487897455692291
YDR098C-B,YNL318C,0,-1.9082651,0.18087242543697357,0.9890219569206238,0.4488897919654846
YMR258C,YEL070W,0,-1.9083374,0.1808394193649292,0.9890219569206238,0.4489898085594177
YML086C,YKR031C,0,-1.908888,0.18080642819404602,0.9890219569206238,0.44908982515335083
YLR449W,YPR158W-A,0,-1.9088885,0.18077343702316284,0.9890219569206238,0.44918984174728394
YEL012W,YBL021C,0,-1.9089727,0.18074047565460205,0.9890219569206238,0.44928985834121704
YNL040W,YBR087W,0,-1.9095565,0.18070751428604126,0.9890219569206238,0.44938987493515015
YGL041C-B,YMR155W,0,-1.909688,0.18067456781864166,0.9890219569206238,0.44948989152908325
YPR095C,YHR087W,0,-1.9101131,0.18064163625240326,0.9890219569206238,0.44958990812301636
YMR241W,YNL040W,0,-1.9101298,0.18060870468616486,0.9890219569206238,0.44968992471694946
YOR043W,YJL141C,0,-1.9101684,0.18057580292224884,0.9890219569206238,0.44978997111320496
YLR433C,YPR098C,0,-1.9108448,0.18054290115833282,0.9890219569206238,0.44988998770713806
YER035W,YNL173C,0,-1.9109179,0.180510014295578,0.9890219569206238,0.44999000430107117
YHR048W,YGR072W,0,-1.9112742,0.18047714233398438,0.9890219569206238,0.4500900208950043
YOR383C,YBL084C,0,-1.9113208,0.18044428527355194,0.9890219569206238,0.4501900374889374
YOR117W,YBL101W-B,0,-1.9116294,0.1804114282131195,0.9890219569206238,0.4502900540828705
YPL249C,YGL089C,0,-1.9116869,0.18037860095500946,0.9890219569206238,0.4503900706768036
YPR151C,YOL017W,0,-1.911789,0.18034577369689941,0.9890219569206238,0.4504900872707367
YHL018W,YDR374C,0,-1.911885,0.18031296133995056,0.9890219569206238,0.4505901038646698
YPR032W,YBR135W,0,-1.9119844,0.1802801489830017,0.9890219569206238,0.4506901502609253
YML014W,YGR161C-C,0,-1.9120975,0.18024736642837524,0.9890219569206238,0.4507901668548584
YKR030W,YDR343C,0,-1.9124699,0.18021458387374878,0.9890219569206238,0.4508901834487915
YKL062W,YJR074W,0,-1.9124703,0.1801818162202835,0.9890219569206238,0.4509902000427246
YMR060C,YDR319C,0,-1.9125808,0.18014906346797943,0.9890219569206238,0.4510902166366577
YIL067C,YFR051C,0,-1.9129709,0.18011632561683655,0.9890219569206238,0.4511902332305908
YKL062W,YOR020W-A,0,-1.9130082,0.18008358776569366,0.9890219569206238,0.4512902498245239
YCR101C,YIR024C,0,-1.9131763,0.18005086481571198,0.9890219569206238,0.45139026641845703
YPR100W,YFL054C,0,-1.9134731,0.18001817166805267,0.9890219569206238,0.4514903128147125
YIR026C,YOR185C,1,-1.9136434,0.180167093873024,0.9900199770927429,0.4514903128147125
YOR079C,YGL184C,0,-1.9138709,0.1801343709230423,0.9900199770927429,0.45159032940864563
YBR098W,YMR318C,0,-1.9139477,0.1801016628742218,0.9900199770927429,0.45169034600257874
YGL172W,YJR051W,0,-1.9141972,0.1800689846277237,0.9900199770927429,0.45179036259651184
YMR047C,YKL057C,1,-1.915007,0.18021778762340546,0.9910179376602173,0.45179036259651184
YKL222C,YBL087C,0,-1.9151341,0.18018507957458496,0.9910179376602173,0.45189037919044495
YJR109C,YGR161C-C,0,-1.9153765,0.18015240132808685,0.9910179376602173,0.45199039578437805
YNL312W,YLR130C,0,-1.9154437,0.18011972308158875,0.9910179376602173,0.45209041237831116
YNL058C,YHR212W-A,0,-1.9159124,0.18008704483509064,0.9910179376602173,0.45219042897224426
YNL194C,YJL052W,0,-1.9159877,0.18005439639091492,0.9910179376602173,0.45229044556617737
YMR096W,YPR037C,0,-1.9159904,0.1800217479467392,0.9910179376602173,0.45239049196243286
YPL192C,YLR240W,0,-1.9160136,0.17998912930488586,0.9910179376602173,0.45249050855636597
YMR307W,YOR343W-A,0,-1.9164553,0.17995651066303253,0.9910179376602173,0.4525905251502991
YPL249C,YOR343W-A,0,-1.9164946,0.1799238920211792,0.9910179376602173,0.4526905417442322
YJL157C,YLR154W-C,0,-1.9168053,0.17989130318164825,0.9910179376602173,0.4527905583381653
YLR295C,YLR291C,0,-1.9168508,0.1798587143421173,0.9910179376602173,0.4528905749320984
YDR194C,YPL168W,0,-1.9170046,0.17982615530490875,0.9910179376602173,0.4529905915260315
YHR216W,YLR353W,0,-1.9171367,0.1797935962677002,0.9910179376602173,0.4530906081199646
YOR275C,YJR127C,0,-1.9173361,0.17976103723049164,0.9910179376602173,0.4531906247138977
YOR043W,YDR034C-D,0,-1.9173577,0.17972850799560547,0.9910179376602173,0.4532906711101532
YLR143W,YDR371W,0,-1.9175683,0.1796959787607193,0.9910179376602173,0.4533906877040863
YHR074W,YOR292C,0,-1.9176868,0.17966346442699432,0.9910179376602173,0.4534907042980194
YCR097WB,YKL038W,0,-1.9177499,0.17963096499443054,0.9910179376602173,0.4535907208919525
YER165W,YPR158W-A,0,-1.9177605,0.17959848046302795,0.9910179376602173,0.4536907374858856
YJL159W,YER113C,0,-1.917824,0.17956601083278656,0.9910179376602173,0.4537907540798187
YMR270C,YCR073C,0,-1.9178622,0.17953354120254517,0.9910179376602173,0.45389077067375183
YLR461W,YDR320C-A,0,-1.9178865,0.17950108647346497,0.9910179376602173,0.45399078726768494
YDR407C,YIL067C,0,-1.9179158,0.17946864664554596,0.9910179376602173,0.45409080386161804
YBR240C,YAL014C,0,-1.9179356,0.17943620681762695,0.9910179376602173,0.45419085025787354
YGL038C,YBR114W,0,-1.9179811,0.17940379679203033,0.9910179376602173,0.45429086685180664
YIL162W,YER144C,0,-1.9181201,0.17937138676643372,0.9910179376602173,0.45439088344573975
YLR227W-A,YER165W,0,-1.918494,0.1793389916419983,0.9910179376602173,0.45449090003967285
YPR097W,YEL002C,0,-1.9186964,0.17930661141872406,0.9910179376602173,0.45459091663360596
YGL108C,YOR020W-A,0,-1.9187393,0.17927423119544983,0.9910179376602173,0.45469093322753906
YGL094C,YJL079C,0,-1.9188371,0.17924188077449799,0.9910179376602173,0.45479094982147217
YDR152W,YBL101W-A,0,-1.9189477,0.17920953035354614,0.9910179376602173,0.4548909664154053
YLR157C,YKL064W,0,-1.9189672,0.1791771948337555,0.9910179376602173,0.45499101281166077
YHR080C,YLR369W,0,-1.9189982,0.17914487421512604,0.9910179376602173,0.45509102940559387
YJL025W,YER074W-A,0,-1.9191511,0.17911255359649658,0.9910179376602173,0.455191045999527
YDR435C,YJR088C,0,-1.9191686,0.17908024787902832,0.9910179376602173,0.4552910625934601
YMR265C,YHL009W-B,0,-1.9192601,0.17904795706272125,0.9910179376602173,0.4553910791873932
YIL009W,YPL059W,0,-1.919374,0.17901568114757538,0.9910179376602173,0.4554910957813263
YJL222W,YPL178W,0,-1.9193974,0.1789834201335907,0.9910179376602173,0.4555911123752594
YBR299W,YDL184C,0,-1.9193984,0.17895115911960602,0.9910179376602173,0.4556911289691925
YJL223C,YGR067C,0,-1.9196615,0.17891891300678253,0.9910179376602173,0.4557911455631256
YLR079W,YKL093W,0,-1.9198816,0.17888668179512024,0.9910179376602173,0.4558911919593811
YHR207C,YOR256C,0,-1.9199395,0.17885446548461914,0.9910179376602173,0.4559912085533142
YIL096C,YGR031W,0,-1.9199631,0.17882226407527924,0.9910179376602173,0.4560912251472473
YGR102C,YIL112W,0,-1.9201567,0.17879006266593933,0.9910179376602173,0.4561912417411804
YDR134C,YFR006W,0,-1.9202111,0.17875787615776062,0.9910179376602173,0.4562912583351135
YEL068C,YGL259W,0,-1.9203185,0.1787257045507431,0.9910179376602173,0.45639127492904663
YKR062W,YHL009W-A,0,-1.9203198,0.17869353294372559,0.9910179376602173,0.45649129152297974
YGR024C,YBR298C,0,-1.9203959,0.17866139113903046,0.9910179376602173,0.45659130811691284
YHR129C,YHR207C,0,-1.9204633,0.17862924933433533,0.9910179376602173,0.45669132471084595
YHL009W-A,YCR021C,0,-1.9205073,0.1785971224308014,0.9910179376602173,0.45679137110710144
YER071C,YER065C,0,-1.9205871,0.17856501042842865,0.9910179376602173,0.45689138770103455
YMR096W,YGL104C,0,-1.920724,0.1785328984260559,0.9910179376602173,0.45699140429496765
YHL009W-A,YGL051W,0,-1.9207497,0.17850081622600555,0.9910179376602173,0.45709142088890076
YNL265C,YGR207C,0,-1.9207602,0.1784687340259552,0.9910179376602173,0.45719143748283386
YLR084C,YPR137C-B,0,-1.9208815,0.17843665182590485,0.9910179376602173,0.45729145407676697
YJL124C,YDL190C,0,-1.9209795,0.17840459942817688,0.9910179376602173,0.4573914706707001
YCL048W-A,YDR488C,0,-1.9212416,0.1783725470304489,0.9910179376602173,0.4574914872646332
YDL073W,YHR214W,0,-1.921243,0.17834052443504333,0.9910179376602173,0.4575915038585663
YLR227W-A,YOR201C,0,-1.9213004,0.17830848693847656,0.9910179376602173,0.4576915502548218
YMR166C,YPL111W,0,-1.9215801,0.17827647924423218,0.9910179376602173,0.4577915668487549
YMR316W,YPL178W,0,-1.921884,0.178244486451149,0.9910179376602173,0.457891583442688
YLR227W-A,YBR002C,0,-1.9218891,0.1782124936580658,0.9910179376602173,0.4579916000366211
YBR179C,YLR110C,0,-1.9220215,0.1781805157661438,0.9910179376602173,0.4580916166305542
YEL016C,YGL137W,0,-1.9223025,0.178148552775383,0.9910179376602173,0.4581916332244873
YMR233W,YHR214C-C,0,-1.9223764,0.1781165897846222,0.9910179376602173,0.4582916498184204
YCL048W-A,YGL105W,0,-1.9227303,0.17808464169502258,0.9910179376602173,0.4583916664123535
YNL261W,YHL002W,0,-1.9227607,0.17805272340774536,0.9910179376602173,0.458491712808609
YDR248C,YJL141C,0,-1.9228046,0.17802079021930695,0.9910179376602173,0.4585917294025421
YDR210C-C,YMR169C,0,-1.923097,0.17798888683319092,0.9910179376602173,0.4586917459964752
YFR024C,YKL027W,0,-1.9232296,0.1779569834470749,0.9910179376602173,0.4587917625904083
YOR106W,YDR507C,0,-1.9232578,0.17792510986328125,0.9910179376602173,0.45889177918434143
YDR376W,YLR157C-A,0,-1.9233664,0.17789322137832642,0.9910179376602173,0.45899179577827454
YOR173W,YLR410W-A,0,-1.9234349,0.17786136269569397,0.9910179376602173,0.45909181237220764
YJR111C,YEL016C,0,-1.9235911,0.17782951891422272,0.9910179376602173,0.45919182896614075
YJL074C,YEL024W,0,-1.9236116,0.17779767513275146,0.9910179376602173,0.45929184556007385
YKR106W,YNL138W-A,0,-1.9237447,0.1777658462524414,0.9910179376602173,0.45939189195632935
YLR109W,YJL138C,0,-1.9240675,0.17773403227329254,0.9910179376602173,0.45949190855026245
YDR419W,YDL056W,0,-1.9241675,0.17770221829414368,0.9910179376602173,0.45959192514419556
YMR205C,YFL002W-B,0,-1.9242234,0.177670419216156,0.9910179376602173,0.45969194173812866
YML055W,YNL323W,0,-1.9242878,0.17763863503932953,0.9910179376602173,0.45979195833206177
YOR104W,YGL213C,0,-1.9246103,0.17760686576366425,0.9910179376602173,0.4598919749259949
YNL219C,YBL039W-A,0,-1.9249256,0.17757511138916016,0.9910179376602173,0.459991991519928
YPL241C,YKL127W,0,-1.9251189,0.17754335701465607,0.9910179376602173,0.4600920081138611
YEL026W,YOR162C,0,-1.9254684,0.17751161754131317,0.9910179376602173,0.4601920247077942
YLR410W-A,YDR488C,0,-1.9255226,0.17747989296913147,0.9910179376602173,0.4602920711040497
YLR185W,YPR134W,0,-1.9256089,0.17744818329811096,0.9910179376602173,0.4603920876979828
YBL095W,YNL181W,0,-1.9257095,0.17741647362709045,0.9910179376602173,0.4604921042919159
YGL161C,YHR216W,0,-1.9257106,0.17738477885723114,0.9910179376602173,0.460592120885849
YML037C,YGR168C,0,-1.9259657,0.17735309898853302,0.9910179376602173,0.4606921374797821
YNL219C,YGL065C,0,-1.9260325,0.1773214340209961,0.9910179376602173,0.4607921540737152
YKL087C,YLR018C,0,-1.9260825,0.17728976905345917,0.9910179376602173,0.4608921706676483
YJL108C,YDR346C,0,-1.9261267,0.17725811898708344,0.9910179376602173,0.4609921872615814
YBR050C,YPR160W,0,-1.9261312,0.1772264838218689,0.9910179376602173,0.4610922038555145
YHR212W-A,YMR315W,0,-1.9261599,0.17719486355781555,0.9910179376602173,0.46119225025177
YLR298C,YNR019W,0,-1.9263331,0.1771632432937622,0.9910179376602173,0.4612922668457031
YML130C,YLR394W,0,-1.9265342,0.17713163793087006,0.9910179376602173,0.46139228343963623
YGL234W,YJL154C,0,-1.926739,0.1771000474691391,0.9910179376602173,0.46149230003356934
YFR024C,YIR024C,0,-1.9268486,0.17706847190856934,0.9910179376602173,0.46159231662750244
YER164W,YER173W,0,-1.9269459,0.17703691124916077,0.9910179376602173,0.46169233322143555
YHR111W,YBR044C,0,-1.9269644,0.1770053505897522,0.9910179376602173,0.46179234981536865
YGR101W,YJR074W,0,-1.9269757,0.17697380483150482,0.9910179376602173,0.46189236640930176
YKL097W-A,YLR044C,0,-1.9271687,0.17694227397441864,0.9910179376602173,0.46199241280555725
YBL085W,YLR018C,0,-1.9272361,0.17691074311733246,0.9910179376602173,0.46209242939949036
YHR111W,YLR419W,0,-1.927383,0.17687922716140747,0.9910179376602173,0.46219244599342346
YMR166C,YCR079W,0,-1.9276357,0.17684772610664368,0.9910179376602173,0.46229246258735657
YIL013C,YAR027W,0,-1.927785,0.17681623995304108,0.9910179376602173,0.4623924791812897
YOL047C,YDL024C,0,-1.9278053,0.17678475379943848,0.9910179376602173,0.4624924957752228
YLR227W-A,YIL146C,0,-1.9278461,0.17675329744815826,0.9910179376602173,0.4625925123691559
YCR107W,YDR034C-D,0,-1.9282615,0.17672184109687805,0.9910179376602173,0.462692528963089
YLR414C,YDR457W,0,-1.9284332,0.17669038474559784,0.9910179376602173,0.4627925455570221
YPL036W,YHR039C-B,0,-1.9285538,0.17665895819664001,0.9910179376602173,0.4628925919532776
YJR097W,YER074W-A,0,-1.9285656,0.1766275316476822,0.9910179376602173,0.4629926085472107
YBL071W-A,YBL005W-B,0,-1.9286776,0.17659611999988556,0.9910179376602173,0.4630926251411438
YDR210C-C,YKL043W,0,-1.9289807,0.17656472325325012,0.9910179376602173,0.4631926417350769
YBR239C,YLR425W,0,-1.929194,0.17653332650661469,0.9910179376602173,0.46329265832901
YGR155W,YDR039C,0,-1.929214,0.17650195956230164,0.9910179376602173,0.4633926749229431
YNL233W,YGR161C-C,0,-1.9292161,0.1764705926179886,0.9910179376602173,0.4634926915168762
YDL095W,YIL067C,0,-1.9293427,0.17643922567367554,0.9910179376602173,0.4635927081108093
YNL136W,YNL339C,0,-1.9294108,0.17640788853168488,0.9910179376602173,0.46369272470474243
YIL113W,YER074W-A,0,-1.9299909,0.1763765513896942,0.9910179376602173,0.4637927711009979
YHR066W,YMR190C,0,-1.9302325,0.17634522914886475,0.9910179376602173,0.46389278769493103
YMR306W,YGR054W,0,-1.9306588,0.17631392180919647,0.9910179376602173,0.46399280428886414
YBR136W,YER137C-A,0,-1.9308113,0.1762826144695282,0.9910179376602173,0.46409282088279724
YGR093W,YMR216C,0,-1.9308944,0.1762513369321823,0.9910179376602173,0.46419283747673035
YDR170W-A,YAL013W,0,-1.9310622,0.17622005939483643,0.9910179376602173,0.46429285407066345
YBR044C,YFL002W-B,0,-1.931103,0.17618878185749054,0.9910179376602173,0.46439287066459656
YOR172W,YDR098C-B,0,-1.9312251,0.17615753412246704,0.9910179376602173,0.46449288725852966
YPR085C,YER069W,0,-1.931318,0.17612628638744354,0.9910179376602173,0.46459290385246277
YHL009W-A,YLR288C,0,-1.9313296,0.17609505355358124,0.9910179376602173,0.46469295024871826
YML065W,YAL005C,0,-1.9314173,0.17606383562088013,0.9910179376602173,0.46479296684265137
YLR361C,YFR050C,0,-1.9314284,0.17603261768817902,0.9910179376602173,0.4648929834365845
YCR097WB,YDR033W,0,-1.9316418,0.1760014146566391,0.9910179376602173,0.4649930000305176
YBR293W,YDR156W,0,-1.9316633,0.17597022652626038,0.9910179376602173,0.4650930166244507
YHR129C,YDR098C-B,0,-1.9318014,0.17593905329704285,0.9910179376602173,0.4651930332183838
YNL113W,YPL031C,0,-1.9320146,0.17590788006782532,0.9910179376602173,0.4652930498123169
YLR084C,YOR383C,0,-1.932029,0.17587672173976898,0.9910179376602173,0.46539306640625
YPL002C,YDR343C,0,-1.9321018,0.17584557831287384,0.9910179376602173,0.4654931128025055
YBR196C-A,YML086C,0,-1.9322498,0.1758144497871399,0.9910179376602173,0.4655931293964386
YBR196C-A,YOR233W,0,-1.9322858,0.17578332126140594,0.9910179376602173,0.4656931459903717
YNL260C,YNL218W,0,-1.9324493,0.1757522076368332,0.9910179376602173,0.4657931625843048
YBL006C,YNL339C,0,-1.932684,0.17572110891342163,0.9910179376602173,0.4658931791782379
YIL112W,YOL109W,0,-1.9328898,0.17569002509117126,0.9910179376602173,0.465993195772171
YML123C,YFL002W-B,0,-1.9332466,0.1756589412689209,0.9910179376602173,0.4660932123661041
YLL031C,YPL239W,0,-1.9332597,0.17562787234783173,0.9910179376602173,0.46619322896003723
YDR258C,YEL046C,0,-1.9332824,0.17559681832790375,0.9910179376602173,0.46629324555397034
YKL065W-A,YFL009W,0,-1.9333432,0.17556576430797577,0.9910179376602173,0.46639329195022583
YER102W,YJL114W,0,-1.9333835,0.17553474009037018,0.9910179376602173,0.46649330854415894
YPR170W-B,YDL110C,0,-1.9334898,0.1755037158727646,0.9910179376602173,0.46659332513809204
YLR403W,YLR157C-A,0,-1.9335341,0.175472691655159,0.9910179376602173,0.46669334173202515
YDL171C,YGL204C,0,-1.9335998,0.1754416972398758,0.9910179376602173,0.46679335832595825
YOR176W,YGR156W,0,-1.9337094,0.1754107028245926,0.9910179376602173,0.46689337491989136
YOR243C,YKL007W,0,-1.9337702,0.17537972331047058,0.9910179376602173,0.46699339151382446
YOR027W,YLL038C,0,-1.9338827,0.17534875869750977,0.9910179376602173,0.46709340810775757
YPR158W-A,YLL022C,0,-1.9340682,0.17531779408454895,0.9910179376602173,0.4671934247016907
YDR257C,YFR024C,0,-1.934139,0.17528684437274933,0.9910179376602173,0.46729347109794617
YJR028W,YHL009W-B,0,-1.9342257,0.1752559095621109,0.9910179376602173,0.4673934876918793
YPL115C,YPR137C-B,0,-1.934382,0.17522498965263367,0.9910179376602173,0.4674935042858124
YNR008W,YBL080C,0,-1.934389,0.17519406974315643,0.9910179376602173,0.4675935208797455
YCL048W-A,YNL314W,0,-1.9344926,0.1751631647348404,0.9910179376602173,0.4676935374736786
YPL129W,YOR378W,0,-1.9346054,0.17513227462768555,0.9910179376602173,0.4677935540676117
YDR365W-B,YOR301W,0,-1.9347519,0.1751013994216919,0.9910179376602173,0.4678935706615448
YPL141C,YNR008W,0,-1.9348168,0.17507052421569824,0.9910179376602173,0.4679935872554779
YDR080W,YBL064C,0,-1.9350709,0.17503966391086578,0.9910179376602173,0.468093603849411
YOR190W,YKL158W,0,-1.9351398,0.17500881850719452,0.9910179376602173,0.4681936502456665
YMR166C,YAR027W,0,-1.9352669,0.17497797310352325,0.9910179376602173,0.4682936668395996
YDL046W,YHR214C-C,0,-1.9353044,0.17494714260101318,0.9910179376602173,0.4683936834335327
YBR241C,YHL009W-B,0,-1.9355378,0.1749163269996643,0.9910179376602173,0.4684937000274658
YDR140W,YHR117W,0,-1.9357653,0.17488552629947662,0.9910179376602173,0.4685937166213989
YGL161C,YMR146C,0,-1.93583,0.17485472559928894,0.9910179376602173,0.46869373321533203
YKL093W,YDR374C,0,-1.9358897,0.17482393980026245,0.9910179376602173,0.46879374980926514
YHR212W-A,YER096W,0,-1.9360425,0.17479316890239716,0.9910179376602173,0.46889376640319824
YAR033W,YAL007C,0,-1.9360452,0.17476241290569305,0.9910179376602173,0.46899381279945374
YGL027C,YNL227C,0,-1.9363599,0.17473165690898895,0.9910179376602173,0.46909382939338684
YBR218C,YGR161C-C,0,-1.9366603,0.17470091581344604,0.9910179376602173,0.46919384598731995
YDR098C-B,YLR154W-C,0,-1.936702,0.17467018961906433,0.9910179376602173,0.46929386258125305
YOL152W,YPL280W,0,-1.9367712,0.17463946342468262,0.9910179376602173,0.46939387917518616
YNL086W,YPR170W-B,0,-1.9368519,0.1746087521314621,0.9910179376602173,0.46949389576911926
YDL021W,YLR303W,0,-1.9369133,0.17457805573940277,0.9910179376602173,0.46959391236305237
YDR155C,YER174C,0,-1.9369485,0.17454737424850464,0.9910179376602173,0.4696939289569855
YLR461W,YDR034C-D,0,-1.9369736,0.1745166927576065,0.9910179376602173,0.4697939455509186
YDR326C,YBR293W,0,-1.9374281,0.17448602616786957,0.9910179376602173,0.4698939919471741
YBL058W,YLR035C,0,-1.9374586,0.17445537447929382,0.9910179376602173,0.4699940085411072
YOR156C,YER110C,0,-1.9374766,0.17442473769187927,0.9910179376602173,0.4700940251350403
YLR352W,YLR227W-A,0,-1.937534,0.17439410090446472,0.9910179376602173,0.4701940417289734
YOR106W,YHR157W,0,-1.9376838,0.17436347901821136,0.9910179376602173,0.4702940583229065
YHR111W,YGL051W,0,-1.9378037,0.1743328720331192,0.9910179376602173,0.4703940749168396
YHR212W-A,YLR389C,0,-1.9378102,0.17430226504802704,0.9910179376602173,0.4704940915107727
YIL108W,YCR012W,0,-1.938447,0.17427167296409607,0.9910179376602173,0.4705941081047058
YKL065W-A,YNL233W,0,-1.9384677,0.1742410957813263,0.9910179376602173,0.4706941246986389
YDL052C,YKR088C,0,-1.9384688,0.1742105334997177,0.9910179376602173,0.4707941710948944
YBL080C,YMR093W,0,-1.9385295,0.17417997121810913,0.9910179376602173,0.4708941876888275
YER103W,YGR246C,0,-1.9386187,0.17414942383766174,0.9910179376602173,0.4709942042827606
YJL062W-A,YGR254W,0,-1.9387426,0.17411889135837555,0.9910179376602173,0.4710942208766937
YBR262C,YHL009W-A,0,-1.9388818,0.17408835887908936,0.9910179376602173,0.47119423747062683
YPL117C,YHR039C-B,0,-1.9391528,0.17405784130096436,0.9910179376602173,0.47129425406455994
YDR210C-C,YGR055W,0,-1.9392078,0.17402733862400055,0.9910179376602173,0.47139427065849304
YNL200C,YLR295C,0,-1.9392639,0.17399685084819794,0.9910179376602173,0.47149428725242615
YGL041C-B,YAL017W,0,-1.939486,0.17396636307239532,0.9910179376602173,0.47159433364868164
YIL004C,YPL202C,0,-1.9398193,0.1739358901977539,0.9910179376602173,0.47169435024261475
YMR216C,YER137C-A,0,-1.939898,0.17390543222427368,0.9910179376602173,0.47179436683654785
YLR023C,YGR211W,0,-1.9400527,0.17387497425079346,0.9910179376602173,0.47189438343048096
YDR435C,YPL280W,0,-1.9402215,0.17384453117847443,0.9910179376602173,0.47199440002441406
YLR414C,YML007W,0,-1.9402499,0.1738141030073166,0.9910179376602173,0.47209441661834717
YBR065C,YGR052W,0,-1.9403989,0.17378368973731995,0.9910179376602173,0.4721944332122803
YBR239C,YBR182C,0,-1.9404014,0.1737532764673233,0.9910179376602173,0.4722944498062134
YGL252C,YIL096C,0,-1.9408293,0.17372287809848785,0.9910179376602173,0.4723944664001465
YDL065C,YOR303W,0,-1.9410672,0.1736924946308136,0.9910179376602173,0.472494512796402
YHR004C,YHL009W-B,0,-1.9412384,0.17366212606430054,0.9910179376602173,0.4725945293903351
YDR080W,YJL020C,0,-1.941347,0.17363175749778748,0.9910179376602173,0.4726945459842682
YJR053W,YOR043W,0,-1.9413626,0.1736014038324356,0.9910179376602173,0.4727945625782013
YMR142C,YLR422W,0,-1.941542,0.17357105016708374,0.9910179376602173,0.4728945791721344
YPR170W-B,YOL078W,0,-1.941607,0.17354072630405426,0.9910179376602173,0.4729945957660675
YGR161C-D,YMR214W,0,-1.9416595,0.17351040244102478,0.9910179376602173,0.4730946123600006
YJR103W,YER057C,0,-1.9418275,0.1734800785779953,0.9910179376602173,0.4731946289539337
YOR193W,YLR215C,0,-1.941885,0.1734497845172882,0.9910179376602173,0.4732946455478668
YLR229C,YER065C,0,-1.9418981,0.17341949045658112,0.9910179376602173,0.4733946919441223
YJL074C,YOL122C,0,-1.9422766,0.17338921129703522,0.9910179376602173,0.4734947085380554
YDR513W,YAL055W,0,-1.9422886,0.17335893213748932,0.9910179376602173,0.4735947251319885
YDL130W,YJR052W,0,-1.942308,0.1733286827802658,0.9910179376602173,0.47369474172592163
YDR407C,YGL104C,0,-1.9432538,0.1732984334230423,0.9910179376602173,0.47379475831985474
YFR006W,YBR093C,0,-1.9432964,0.1732681840658188,0.9910179376602173,0.47389477491378784
YGL041C-B,YDL035C,0,-1.9433037,0.17323796451091766,0.9910179376602173,0.47399479150772095
YFL044C,YKR106W,0,-1.9433736,0.17320774495601654,0.9910179376602173,0.47409480810165405
YPR153W,YBR114W,0,-1.943376,0.1731775403022766,0.9910179376602173,0.47419482469558716
YNL268W,YLR421C,0,-1.943486,0.17314733564853668,0.9910179376602173,0.47429487109184265
YGR161C-D,YER057C,0,-1.9435115,0.17311716079711914,0.9910179376602173,0.47439488768577576
YDL171C,YJR155W,0,-1.943576,0.1730869859457016,0.9910179376602173,0.47449490427970886
YLR115W,YCR043C,0,-1.9441226,0.17305681109428406,0.9910179376602173,0.47459492087364197
YKL104C,YKL007W,0,-1.9442451,0.1730266660451889,0.9910179376602173,0.4746949374675751
YDL065C,YIR041W,0,-1.944375,0.17299652099609375,0.9910179376602173,0.4747949540615082
YOL122C,YDR434W,0,-1.9443756,0.1729663759469986,0.9910179376602173,0.4748949706554413
YJR033C,YLR389C,0,-1.9444157,0.17293626070022583,0.9910179376602173,0.4749949872493744
YDR200C,YAR070W-A,0,-1.9444218,0.17290614545345306,0.9910179376602173,0.4750950336456299
YAR044W,YDL177C,0,-1.9444218,0.1728760451078415,0.9910179376602173,0.475195050239563
YBL101W-A,YPL147W,0,-1.9444218,0.1728459596633911,0.9910179376602173,0.4752950668334961
YAR070W-A,YDL225W,0,-1.9444218,0.17281587421894073,0.9910179376602173,0.4753950834274292
YLR410W-A,YHR079C-B,0,-1.9444218,0.17278580367565155,0.9910179376602173,0.4754951000213623
YLR312C-B,YDR210C-C,0,-1.9444218,0.17275574803352356,0.9910179376602173,0.4755951166152954
YAR070W-A,YOR077W,0,-1.9444218,0.17272569239139557,0.9910179376602173,0.4756951332092285
YFR006W,YBL039W-A,0,-1.9444218,0.17269565165042877,0.9910179376602173,0.4757951498031616
YAR070W-A,YJL049W,0,-1.9444218,0.17266562581062317,0.9910179376602173,0.4758951663970947
YBL101W-B,YER074W-A,0,-1.9444218,0.17263559997081757,0.9910179376602173,0.4759952127933502
YAR070W-A,YKR031C,0,-1.9444218,0.17260560393333435,0.9910179376602173,0.4760952293872833
YGL041C-B,YPR158W-A,0,-1.9444218,0.17257559299468994,0.9910179376602173,0.47619524598121643
YAR070W-A,YNL206C,0,-1.9444218,0.17254561185836792,0.9910179376602173,0.47629526257514954
YAR070W-A,YLR425W,0,-1.9444218,0.1725156307220459,0.9910179376602173,0.47639527916908264
YAR070W-A,YBR012W-B,0,-1.9444218,0.17248566448688507,0.9910179376602173,0.47649529576301575
YAR070W-A,YHL024W,0,-1.9444218,0.17245571315288544,0.9910179376602173,0.47659531235694885
YAR070W-A,YIL096C,0,-1.9444218,0.1724257618188858,0.9910179376602173,0.47669532895088196
YBR075W,YPR158W-A,0,-1.9444218,0.17239584028720856,0.9910179376602173,0.47679534554481506
YKL096W-A,YAR070W-A,0,-1.9444218,0.17236590385437012,0.9910179376602173,0.47689539194107056
YML016C,YBL101W-B,0,-1.9444218,0.17233599722385406,0.9910179376602173,0.47699540853500366
YMR142C,YBL101W-B,0,-1.9444218,0.172306090593338,0.9910179376602173,0.47709542512893677
YAR070W-A,YLR157C-A,0,-1.9444218,0.17227619886398315,0.9910179376602173,0.4771954417228699
YCR097WB,YBR196C-A,0,-1.9444218,0.1722463071346283,0.9910179376602173,0.477295458316803
YAR070W-A,YOR087W,0,-1.9444218,0.17221644520759583,0.9910179376602173,0.4773954749107361
YER055C,YBL101W-B,0,-1.9444977,0.17218658328056335,0.9910179376602173,0.4774954915046692
YMR315W,YKL003C,0,-1.9445789,0.17215672135353088,0.9910179376602173,0.4775955080986023
YLR260W,YKL170W,0,-1.9449351,0.1721268892288208,0.9910179376602173,0.4776955246925354
YKL077W,YMR273C,0,-1.9449383,0.17209705710411072,0.9910179376602173,0.4777955710887909
YGL243W,YPR093C,0,-1.9449689,0.17206723988056183,0.9910179376602173,0.477895587682724
YDL102W,YGL041C-B,0,-1.9450345,0.17203742265701294,0.9910179376602173,0.4779956042766571
YKL065W-A,YOL042W,0,-1.9451685,0.17200762033462524,0.9910179376602173,0.4780956208705902
YGR218W,YFR002W,1,-1.9452335,0.17215102910995483,0.9920159578323364,0.4780956208705902
YOR173W,YLR389C,0,-1.9453318,0.17212121188640594,0.9920159578323364,0.4781956374645233
YPL116W,YBL039W-A,0,-1.9453688,0.17209140956401825,0.9920159578323364,0.4782956540584564
YOR132W,YPL002C,0,-1.945523,0.17206162214279175,0.9920159578323364,0.4783956706523895
YJL172W,YOR214C,0,-1.945728,0.17203184962272644,0.9920159578323364,0.47849568724632263
YDL225W,YPL241C,0,-1.945837,0.17200207710266113,0.9920159578323364,0.4785957336425781
YER142C,YGR161C-C,0,-1.9459231,0.17197231948375702,0.9920159578323364,0.47869575023651123
YPL187W,YAL055W,0,-1.9459324,0.1719425767660141,0.9920159578323364,0.47879576683044434
YOR093C,YMR166C,0,-1.946022,0.17191283404827118,0.9920159578323364,0.47889578342437744
YER129W,YGR168C,0,-1.9460332,0.17188310623168945,0.9920159578323364,0.47899580001831055
YFR009W,YJL154C,0,-1.9463831,0.17185339331626892,0.9920159578323364,0.47909581661224365
YIL136W,YGR168C,0,-1.94641,0.1718236804008484,0.9920159578323364,0.47919583320617676
YGR070W,YPR158W-A,0,-1.9465337,0.17179398238658905,0.9920159578323364,0.47929584980010986
YBR196C-A,YGR243W,0,-1.946608,0.1717642992734909,0.9920159578323364,0.47939586639404297
YKL104C,YGL161C,0,-1.9467416,0.17173461616039276,0.9920159578323364,0.47949591279029846
YBR262C,YIL096C,0,-1.9469573,0.171704962849617,0.9920159578323364,0.47959592938423157
YOR291W,YGR058W,0,-1.9470195,0.17167530953884125,0.9920159578323364,0.4796959459781647
YNL199C,YBL005W-B,0,-1.9471372,0.1716456562280655,0.9920159578323364,0.4797959625720978
YKR076W,YNL249C,0,-1.9471762,0.17161601781845093,0.9920159578323364,0.4798959791660309
YJL223C,YER137C-A,0,-1.9472233,0.17158639430999756,0.9920159578323364,0.479995995759964
YLR407W,YAL007C,0,-1.9472363,0.17155678570270538,0.9920159578323364,0.4800960123538971
YOR057W,YER050C,0,-1.9472873,0.1715271770954132,0.9920159578323364,0.4801960289478302
YDL240W,YCL048W-A,0,-1.9474796,0.17149758338928223,0.9920159578323364,0.4802960455417633
YOL007C,YDL110C,0,-1.9475906,0.17146800458431244,0.9920159578323364,0.4803960919380188
YMR114C,YBR100W,0,-1.9476746,0.17143842577934265,0.9920159578323364,0.4804961085319519
YDR342C,YDR356W,0,-1.9478877,0.17140886187553406,0.9920159578323364,0.480596125125885
YMR315W,YDR125C,0,-1.9479274,0.17137931287288666,0.9920159578323364,0.4806961417198181
YMR216C,YLR151C,0,-1.94794,0.17134976387023926,0.9920159578323364,0.4807961583137512
YLR466W,YER103W,0,-1.9480028,0.17132022976875305,0.9920159578323364,0.4808961749076843
YNL268W,YLL049W,0,-1.9480071,0.17129071056842804,0.9920159578323364,0.48099619150161743
YBR098W,YFR009W,0,-1.9481211,0.17126120626926422,0.9920159578323364,0.48109620809555054
YPL206C,YER127W,0,-1.9481688,0.1712317019701004,0.9920159578323364,0.48119622468948364
YLR395C,YKL158W,0,-1.9482825,0.17120219767093658,0.9920159578323364,0.48129627108573914
YMR219W,YKL145W,0,-1.948417,0.17117272317409515,0.9920159578323364,0.48139628767967224
YDR343C,YDR448W,0,-1.9486263,0.17114324867725372,0.9920159578323364,0.48149630427360535
YDL130W,YJL066C,0,-1.9490223,0.1711137890815735,0.9920159578323364,0.48159632086753845
YLR115W,YPR173C,0,-1.9490964,0.17108434438705444,0.9920159578323364,0.48169633746147156
YMR265C,YLL025W,0,-1.9491086,0.1710548996925354,0.9920159578323364,0.48179635405540466
YLL016W,YML065W,0,-1.9491737,0.17102546989917755,0.9920159578323364,0.48189637064933777
YHR182W,YCL048W-A,0,-1.9495252,0.1709960401058197,0.9920159578323364,0.4819963872432709
YDR363W-A,YDR504C,0,-1.9495574,0.17096662521362305,0.9920159578323364,0.48209643363952637
YLR240W,YPL168W,0,-1.9495978,0.17093722522258759,0.9920159578323364,0.4821964502334595
YIL068C,YOR250C,0,-1.9496021,0.17090784013271332,0.9920159578323364,0.4822964668273926
YDR208W,YOR343W-A,0,-1.9496152,0.17087845504283905,0.9920159578323364,0.4823964834213257
YLR353W,YDR034C-D,0,-1.949663,0.17084908485412598,0.9920159578323364,0.4824965000152588
YIR035C,YER089C,0,-1.9497417,0.1708197295665741,0.9920159578323364,0.4825965166091919
YBL016W,YHL009W-A,0,-1.9498892,0.17079037427902222,0.9920159578323364,0.482696533203125
YCR107W,YJL042W,0,-1.9499011,0.17076103389263153,0.9920159578323364,0.4827965497970581
YKR035W-A,YMR273C,0,-1.9501052,0.17073170840740204,0.9920159578323364,0.4828965663909912
YOR106W,YPR158W-A,0,-1.9501102,0.17070238292217255,0.9920159578323364,0.4829966127872467
YJR125C,YNL201C,0,-1.9502252,0.17067307233810425,0.9920159578323364,0.4830966293811798
YBL023C,YPR158W-A,0,-1.9502306,0.17064377665519714,0.9920159578323364,0.4831966459751129
YDL114W,YNL265C,0,-1.9503196,0.17061448097229004,0.9920159578323364,0.483296662569046
YEL009C,YLR288C,0,-1.9506462,0.17058520019054413,0.9920159578323364,0.4833966791629791
YHR212W-A,YCL029C,0,-1.9507694,0.1705559343099594,0.9920159578323364,0.48349669575691223
YIR035C,YKL033W,0,-1.9507941,0.1705266833305359,0.9920159578323364,0.48359671235084534
YBL085W,YLR203C,0,-1.95104,0.17049743235111237,0.9920159578323364,0.48369672894477844
YDR092W,YGR161C-C,0,-1.9513023,0.17046818137168884,0.9920159578323364,0.48379674553871155
YPR032W,YPR159W,0,-1.9513597,0.1704389601945877,0.9920159578323364,0.48389679193496704
YGR026W,YPR137C-B,0,-1.9514271,0.17040973901748657,0.9920159578323364,0.48399680852890015
YAL058W,YML037C,0,-1.9517956,0.17038053274154663,0.9920159578323364,0.48409682512283325
YPL174C,YKR053C,0,-1.9518006,0.1703513264656067,0.9920159578323364,0.48419684171676636
YOL004W,YBL005W-B,0,-1.9518652,0.17032213509082794,0.9920159578323364,0.48429685831069946
YOR093C,YJR032W,0,-1.9519382,0.1702929586172104,0.9920159578323364,0.48439687490463257
YJL172W,YLR441C,0,-1.9526887,0.17026378214359283,0.9920159578323364,0.4844968914985657
YKL038W,YJL138C,0,-1.9527562,0.17023463547229767,0.9920159578323364,0.4845969080924988
YBR241C,YBR100W,0,-1.9527626,0.1702054738998413,0.9920159578323364,0.4846969246864319
YHR214W,YDR374C,0,-1.9528115,0.17017634212970734,0.9920159578323364,0.4847969710826874
YHR012W,YLR348C,0,-1.9529551,0.17014721035957336,0.9920159578323364,0.4848969876766205
YGL252C,YHR004C,0,-1.95298,0.17011809349060059,0.9920159578323364,0.4849970042705536
YOL094C,YKL003C,0,-1.9532251,0.1700889766216278,0.9920159578323364,0.4850970208644867
YHL009W-A,YPR147C,0,-1.9532306,0.17005987465381622,0.9920159578323364,0.4851970374584198
YOR214C,YBR075W,0,-1.9532856,0.17003078758716583,0.9920159578323364,0.4852970540523529
YJL222W,YOR275C,0,-1.9534338,0.17000171542167664,0.9920159578323364,0.485397070646286
YIL126W,YPR170W-B,0,-1.9535685,0.16997264325618744,0.9920159578323364,0.4854970872402191
YMR020W,YER142C,0,-1.9538085,0.16994358599185944,0.9920159578323364,0.4855971336364746
YDR419W,YOR383C,0,-1.9538498,0.16991452872753143,0.9920159578323364,0.4856971502304077
YCR101C,YCR039C,0,-1.9540293,0.16988548636436462,0.9920159578323364,0.4857971668243408
YDR099W,YEL019C,0,-1.9541786,0.169856458902359,0.9920159578323364,0.4858971834182739
YDL114W,YCR107W,0,-1.9542925,0.1698274463415146,0.9920159578323364,0.48599720001220703
YGR161C-D,YLR166C,0,-1.9544599,0.16979843378067017,0.9920159578323364,0.48609721660614014
YHR114W,YKL134C,0,-1.9547334,0.16976942121982574,0.9920159578323364,0.48619723320007324
YDR085C,YLR090W,0,-1.95513,0.1697404384613037,0.9920159578323364,0.48629724979400635
YCL048W-A,YGR116W,0,-1.9553025,0.16971145570278168,0.9920159578323364,0.48639726638793945
YJR111C,YJL221C,0,-1.9553666,0.16968248784542084,0.9920159578323364,0.48649731278419495
YOR133W,YOR032C,0,-1.9555602,0.16965351998806,0.9920159578323364,0.48659732937812805
YGR161C-D,YOR321W,0,-1.9555879,0.16962456703186035,0.9920159578323364,0.48669734597206116
YIL169C,YGR185C,0,-1.9556828,0.1695956289768219,0.9920159578323364,0.48679736256599426
YPL181W,YBL005W-B,0,-1.9558185,0.16956670582294464,0.9920159578323364,0.48689737915992737
YLR109W,YER112W,0,-1.9558212,0.16953778266906738,0.9920159578323364,0.4869973957538605
YHR132W-A,YNL019C,0,-1.9558798,0.16950887441635132,0.9920159578323364,0.4870974123477936
YLR227W-A,YCR043C,0,-1.9561753,0.16947996616363525,0.9920159578323364,0.4871974289417267
YHR074W,YPL147W,0,-1.9562086,0.16945107281208038,0.9920159578323364,0.4872974455356598
YDR039C,YPR186C,0,-1.9564818,0.1694221943616867,0.9920159578323364,0.4873974919319153
YLR167W,YPL213W,0,-1.9565105,0.16939331591129303,0.9920159578323364,0.4874975085258484
YLR061W,YIL067C,0,-1.9569128,0.16936445236206055,0.9920159578323364,0.4875975251197815
YFR006W,YJR047C,0,-1.9569803,0.16933560371398926,0.9920159578323364,0.4876975417137146
YBR065C,YPR170W-B,0,-1.9571831,0.16930675506591797,0.9920159578323364,0.4877975583076477
YIR035C,YER020W,0,-1.9574753,0.16927793622016907,0.9920159578323364,0.4878975749015808
YOL042W,YPR098C,0,-1.9576957,0.16924910247325897,0.9920159578323364,0.4879975914955139
YHR157W,YHL021C,0,-1.9578156,0.16922029852867126,0.9920159578323364,0.488097608089447
YOR156C,YHR212W-A,0,-1.9578302,0.16919149458408356,0.9920159578323364,0.4881976246833801
YBR070C,YBR179C,0,-1.9578513,0.16916269063949585,0.9920159578323364,0.4882976710796356
YML096W,YJL143W,0,-1.9578569,0.16913391649723053,0.9920159578323364,0.4883976876735687
YNL265C,YKL077W,0,-1.9580623,0.1691051423549652,0.9920159578323364,0.48849770426750183
YDR435C,YLR443W,0,-1.9581438,0.1690763682126999,0.9920159578323364,0.48859772086143494
YKL093W,YLR157C-A,0,-1.9581783,0.16904762387275696,0.9920159578323364,0.48869773745536804
YBR114W,YJL044C,0,-1.9582782,0.16901887953281403,0.9920159578323364,0.48879775404930115
YMR166C,YLR109W,0,-1.9584279,0.1689901351928711,0.9920159578323364,0.48889777064323425
YIL118W,YMR189W,0,-1.9585423,0.16896142065525055,0.9920159578323364,0.48899778723716736
YCL034W,YGR168C,0,-1.9588166,0.16893270611763,0.9920159578323364,0.48909783363342285
YMR156C,YNL027W,0,-1.9588944,0.16890399158000946,0.9920159578323364,0.48919785022735596
YER057C,YPL041C,0,-1.9589369,0.1688752919435501,0.9920159578323364,0.48929786682128906
YPL249C,YHR212W-A,0,-1.9590236,0.16884660720825195,0.9920159578323364,0.48939788341522217
YGR134W,YKL033W,0,-1.9590926,0.168817937374115,0.9920159578323364,0.4894979000091553
YHR124W,YJL221C,0,-1.95931,0.16878926753997803,0.9920159578323364,0.4895979166030884
YER154W,YJR124C,0,-1.9595001,0.16876061260700226,0.9920159578323364,0.4896979331970215
YMR235C,YGR168C,0,-1.9596871,0.1687319576740265,0.9920159578323364,0.4897979497909546
YDR427W,YCL018W,0,-1.9598033,0.1687033325433731,0.9920159578323364,0.4898979663848877
YJL042W,YDR448W,0,-1.959856,0.16867469251155853,0.9920159578323364,0.4899980127811432
YNR015W,YPR159W,0,-1.9598843,0.16864608228206635,0.9920159578323364,0.4900980293750763
YOR226C,YOR101W,0,-1.9599321,0.16861747205257416,0.9920159578323364,0.4901980459690094
YGL204C,YDR434W,0,-1.9604605,0.16858887672424316,0.9920159578323364,0.4902980625629425
YDL177C,YGL041C-B,0,-1.9604771,0.16856028139591217,0.9920159578323364,0.4903980791568756
YGR031W,YHR027C,0,-1.9604923,0.16853170096874237,0.9920159578323364,0.4904980957508087
YDL065C,YBL080C,0,-1.9608557,0.16850313544273376,0.9920159578323364,0.4905981123447418
YHR182W,YPL176C,0,-1.9610385,0.16847456991672516,0.9920159578323364,0.4906981289386749
YDL225W,YGR161C-C,0,-1.9611001,0.16844601929187775,0.9920159578323364,0.49079814553260803
YIR015W,YLR433C,0,-1.961282,0.16841748356819153,0.9920159578323364,0.4908981919288635
YDR458C,YBR196C-A,0,-1.9613705,0.1683889478445053,0.9920159578323364,0.49099820852279663
YLR310C,YLR118C,0,-1.9614198,0.16836042702198029,0.9920159578323364,0.49109822511672974
YDR374C,YPL213W,0,-1.9615444,0.16833192110061646,0.9920159578323364,0.49119824171066284
YGR161C-D,YDL069C,0,-1.9616208,0.16830341517925262,0.9920159578323364,0.49129825830459595
YJL041W,YBR100W,0,-1.9618506,0.16827492415905,0.9920159578323364,0.49139827489852905
YOR292C,YLR390W-A,0,-1.9618518,0.16824644804000854,0.9920159578323364,0.49149829149246216
YNL009W,YOL044W,0,-1.9618767,0.1682179719209671,0.9920159578323364,0.49159830808639526
YDR134C,YOR093C,0,-1.9620758,0.16818951070308685,0.9920159578323364,0.49169835448265076
YBR253W,YER062C,0,-1.9621446,0.1681610494852066,0.9920159578323364,0.49179837107658386
YLR010C,YBL101W-B,0,-1.9623692,0.16813261806964874,0.9920159578323364,0.49189838767051697
YGR161C-D,YJR086W,0,-1.962397,0.1681041717529297,0.9920159578323364,0.4919984042644501
YLR405W,YDR034C-D,0,-1.9623988,0.16807575523853302,0.9920159578323364,0.4920984208583832
YDR085C,YBL101W-B,0,-1.9627221,0.16804733872413635,0.9920159578323364,0.4921984374523163
YBL101W-A,YIR026C,0,-1.9628096,0.16801893711090088,0.9920159578323364,0.4922984540462494
YOR047C,YDR208W,0,-1.9628453,0.1679905354976654,0.9920159578323364,0.4923984706401825
YGL229C,YGR217W,0,-1.9629214,0.16796214878559113,0.9920159578323364,0.4924984872341156
YMR219W,YNL073W,0,-1.9629596,0.16793377697467804,0.9920159578323364,0.4925985336303711
YJL061W,YBL039W-A,0,-1.9629644,0.16790540516376495,0.9920159578323364,0.4926985502243042
YGL171W,YDR365W-B,0,-1.9630873,0.16787704825401306,0.9920159578323364,0.4927985668182373
YHR012W,YJL044C,0,-1.9632034,0.16784870624542236,0.9920159578323364,0.4928985834121704
YGR161C-C,YHR087W,0,-1.963505,0.16782036423683167,0.9920159578323364,0.4929986000061035
YLR369W,YLR157C-A,0,-1.9635849,0.16779203712940216,0.9920159578323364,0.4930986166000366
YIL061C,YFL044C,0,-1.9638417,0.16776371002197266,0.9920159578323364,0.4931986331939697
YHR012W,YJL020C,0,-1.9638805,0.16773539781570435,0.9920159578323364,0.49329864978790283
YBR196C-A,YDR507C,0,-1.9640157,0.16770710051059723,0.9920159578323364,0.49339866638183594
YBR281C,YDR507C,0,-1.9640744,0.1676788181066513,0.9920159578323364,0.49349871277809143
YLR369W,YLR297W,0,-1.9641004,0.16765053570270538,0.9920159578323364,0.49359872937202454
YOR391C,YNL183C,0,-1.9641585,0.16762225329875946,0.9920159578323364,0.49369874596595764
YOR240W,YBR074W,0,-1.9641973,0.16759400069713593,0.9920159578323364,0.49379876255989075
YLR004C,YDR034C-D,0,-1.9644499,0.1675657480955124,0.9920159578323364,0.49389877915382385
YBR196C-A,YMR110C,0,-1.9644504,0.16753749549388885,0.9920159578323364,0.49399879574775696
YKR044W,YHR212W-A,0,-1.9646366,0.1675092726945877,0.9920159578323364,0.49409881234169006
YNL058C,YDL002C,0,-1.9650443,0.16748104989528656,0.9920159578323364,0.49419882893562317
YML118W,YIL162W,0,-1.9653726,0.1674528270959854,0.9920159578323364,0.4942988455295563
YBR162C,YPL058C,0,-1.9653969,0.16742461919784546,0.9920159578323364,0.49439889192581177
YJL114W,YER164W,0,-1.9655669,0.1673964262008667,0.9920159578323364,0.4944989085197449
YBR002C,YJR088C,0,-1.9656948,0.16736824810504913,0.9920159578323364,0.494598925113678
YGR102C,YKR031C,0,-1.9657421,0.16734007000923157,0.9920159578323364,0.4946989417076111
YNL086W,YPR113W,0,-1.9658349,0.1673119068145752,0.9920159578323364,0.4947989583015442
YLR065C,YDR363W-A,0,-1.9658525,0.16728374361991882,0.9920159578323364,0.4948989748954773
YDR140W,YML123C,0,-1.9659506,0.16725559532642365,0.9920159578323364,0.4949989914894104
YGR161W-A,YER019W,0,-1.9659843,0.16722746193408966,0.9920159578323364,0.4950990080833435
YBL016W,YDR034C-D,0,-1.9660051,0.16719932854175568,0.9920159578323364,0.495199054479599
YKL046C,YJL198W,0,-1.9662066,0.16717121005058289,0.9920159578323364,0.4952990710735321
YHL035C,YLR227W-A,0,-1.9664882,0.1671430915594101,0.9920159578323364,0.4953990876674652
YCL048W-A,YBR074W,0,-1.9665307,0.1671150028705597,0.9920159578323364,0.4954991042613983
YLR371W,YLL016W,0,-1.9665633,0.1670868992805481,0.9920159578323364,0.4955991208553314
YER025W,YMR189W,0,-1.9666278,0.1670588254928589,0.9920159578323364,0.4956991374492645
YIR015W,YOR049C,0,-1.9668226,0.16703075170516968,0.9920159578323364,0.49579915404319763
YCL048W-A,YPR137C-B,0,-1.9670746,0.16700269281864166,0.9920159578323364,0.49589917063713074
YJL053W,YDR034C-D,0,-1.9671769,0.16697463393211365,0.9920159578323364,0.49599918723106384
YDL107W,YHR212W-A,0,-1.9672691,0.16694658994674683,0.9920159578323364,0.49609923362731934
YOR193W,YMR146C,0,-1.9673547,0.1669185608625412,0.9920159578323364,0.49619925022125244
YJL173C,YGL041C-B,0,-1.9674047,0.16689053177833557,0.9920159578323364,0.49629926681518555
YNL136W,YER057C,0,-1.967742,0.16686251759529114,0.9920159578323364,0.49639928340911865
YGR093W,YOL001W,0,-1.9677802,0.1668345034122467,0.9920159578323364,0.49649930000305176
YDL084W,YGR058W,0,-1.967823,0.16680650413036346,0.9920159578323364,0.49659931659698486
YFR042W,YJR032W,0,-1.9680446,0.16677851974964142,0.9920159578323364,0.49669933319091797
YMR119W,YCR094W,0,-1.9681684,0.16675055027008057,0.9920159578323364,0.4967993497848511
YHR212W-A,YMR265C,0,-1.9682448,0.16672258079051971,0.9920159578323364,0.4968993663787842
YDL021W,YLR414C,0,-1.9684637,0.16669461131095886,0.9920159578323364,0.4969994127750397
YNL199C,YPL041C,0,-1.9685097,0.1666666716337204,0.9920159578323364,0.4970994293689728
YIL169C,YPL036W,0,-1.9685564,0.16663873195648193,0.9920159578323364,0.4971994459629059
YHL044W,YHR004C,0,-1.968599,0.16661079227924347,0.9920159578323364,0.497299462556839
YDL217C,YOR027W,0,-1.9687873,0.1665828675031662,0.9920159578323364,0.4973994791507721
YKL097W-A,YLR118C,0,-1.9689094,0.16655495762825012,0.9920159578323364,0.4974994957447052
YPR191W,YGR161C-C,0,-1.9689381,0.16652706265449524,0.9920159578323364,0.4975995123386383
YDL209C,YLR227W-A,0,-1.9690382,0.16649916768074036,0.9920159578323364,0.4976995289325714
YNL181W,YER113C,0,-1.969135,0.16647127270698547,0.9920159578323364,0.4977995455265045
YDR375C,YHR074W,0,-1.9691434,0.16644340753555298,0.9920159578323364,0.49789959192276
YJR111C,YEL019C,0,-1.9693043,0.16641554236412048,0.9920159578323364,0.4979996085166931
YLR074C,YGR161C-C,0,-1.9693933,0.166387677192688,0.9920159578323364,0.4980996251106262
YOR106W,YLR103C,0,-1.9698188,0.1663598269224167,0.9920159578323364,0.4981996417045593
YHL009W-A,YBL039C,0,-1.9699225,0.16633199155330658,0.9920159578323364,0.49829965829849243
YDR216W,YBR196C-A,0,-1.9700451,0.16630417108535767,0.9920159578323364,0.49839967489242554
YGR024C,YDR099W,0,-1.9702849,0.16627635061740875,0.9920159578323364,0.49849969148635864
YLR371W,YMR146C,0,-1.9703243,0.16624853014945984,0.9920159578323364,0.49859970808029175
YLR268W,YDL200C,0,-1.9703314,0.1662207394838333,0.9920159578323364,0.49869975447654724
YKL033W,YHL009W-B,0,-1.9706091,0.1661929488182068,0.9920159578323364,0.49879977107048035
YPL256C,YJR153W,0,-1.9706304,0.16616515815258026,0.9920159578323364,0.49889978766441345
YNL009W,YDR195W,0,-1.9709091,0.16613738238811493,0.9920159578323364,0.49899980425834656
YOR156C,YHL035C,0,-1.9710622,0.1661096215248108,0.9920159578323364,0.49909982085227966
YAR044W,YGR100W,0,-1.9711523,0.16608187556266785,0.9920159578323364,0.49919983744621277
YNR037C,YLR157C-A,0,-1.9711809,0.1660541296005249,0.9920159578323364,0.4992998540401459
YBR215W,YAL041W,0,-1.9713858,0.16602638363838196,0.9920159578323364,0.499399870634079
YOR240W,YHR092C,0,-1.9714072,0.1659986674785614,0.9920159578323364,0.4994998872280121
YKR099W,YMR156C,0,-1.9714161,0.16597095131874084,0.9920159578323364,0.4995999336242676
YHL019C,YDR365W-B,0,-1.9714586,0.1659432351589203,0.9920159578323364,0.4996999502182007
YLR119W,YLR394W,0,-1.9714615,0.16591553390026093,0.9920159578323364,0.4997999668121338
YGR054W,YLR421C,0,-1.9714984,0.16588784754276276,0.9920159578323364,0.4998999834060669
YGR161W-A,YOR243C,0,-1.9716461,0.16586017608642578,0.9920159578323364,0.5
YDR105C,YLR337C,0,-1.9717188,0.1658325046300888,0.9920159578323364,0.5001000165939331
YKL156W,YLR425W,0,-1.9717759,0.16580483317375183,0.9920159578323364,0.5002000331878662
YMR214W,YGR058W,0,-1.9721222,0.16577719151973724,0.9920159578323364,0.5003000497817993
YFR033C,YGR279C,0,-1.9723992,0.16574953496456146,0.9920159578323364,0.5004000663757324
YDR462W,YKL185W,0,-1.97252,0.16572190821170807,0.9920159578323364,0.5005000829696655
YGL093W,YPR170W-B,0,-1.9727366,0.16569428145885468,0.9920159578323364,0.5006000995635986
YBR183W,YBL039W-A,0,-1.972912,0.16566666960716248,0.9920159578323364,0.5007001161575317
YKL127W,YLR388W,0,-1.9729767,0.16563905775547028,0.9920159578323364,0.5008001327514648
YDR152W,YHR053C,0,-1.9732159,0.16561146080493927,0.9920159578323364,0.5009002089500427
YLR310C,YER154W,0,-1.9733697,0.16558387875556946,0.9920159578323364,0.5010002255439758
YDR148C,YKL081W,0,-1.9734734,0.16555629670619965,0.9920159578323364,0.5011002421379089
YBR262C,YDR062W,0,-1.9735179,0.16552872955799103,0.9920159578323364,0.501200258731842
YFL002W-B,YCR009C,0,-1.9736105,0.1655011624097824,0.9920159578323364,0.5013002753257751
YJL133W,YFL009W,0,-1.9736376,0.16547361016273499,0.9920159578323364,0.5014002919197083
YGR221C,YLR287C,0,-1.9738352,0.16544607281684875,0.9920159578323364,0.5015003085136414
YNR008W,YNR027W,0,-1.9739512,0.16541853547096252,0.9920159578323364,0.5016003251075745
YOR090C,YPR158W-A,0,-1.9740893,0.1653910130262375,0.9920159578323364,0.5017003417015076
YOR093C,YPR082C,0,-1.9741426,0.16536350548267365,0.9920159578323364,0.5018003582954407
YDR210C-C,YDR079W,0,-1.9742687,0.1653359979391098,0.9920159578323364,0.5019003748893738
YCR042C,YLR014C,0,-1.9744585,0.16530850529670715,0.9920159578323364,0.5020003914833069
YCL048W-A,YDL177C,0,-1.9744848,0.1652810126543045,0.9920159578323364,0.50210040807724
YBR162C,YAL007C,0,-1.974618,0.16525353491306305,0.9920159578323364,0.5022004246711731
YPL275W,YGR161C-C,0,-1.9748063,0.1652260571718216,0.9920159578323364,0.5023004412651062
YJR136C,YBL084C,0,-1.9748784,0.16519860923290253,0.9920159578323364,0.5024004578590393
YMR019W,YOR389W,0,-1.9749358,0.16517114639282227,0.9920159578323364,0.5025004744529724
YAR044W,YNL219C,0,-1.975064,0.1651437133550644,0.9920159578323364,0.5026004910469055
YPR013C,YML071C,0,-1.975064,0.16511628031730652,0.9920159578323364,0.5027005672454834
YJR075W,YGR031W,0,-1.9750828,0.16508886218070984,0.9920159578323364,0.5028005838394165
YNL265C,YDL212W,0,-1.9752095,0.16506144404411316,0.9920159578323364,0.5029006004333496
YAL058W,YNL058C,0,-1.9753433,0.16503404080867767,0.9920159578323364,0.5030006170272827
YKL034W,YPR170W-B,0,-1.9755759,0.1650066375732422,0.9920159578323364,0.5031006336212158
YML040W,YDR155C,0,-1.9755774,0.1649792492389679,0.9920159578323364,0.5032006502151489
YHR065C,YLR360W,0,-1.9757171,0.1649518758058548,0.9920159578323364,0.503300666809082
YNL323W,YCR073C,0,-1.9759468,0.1649245023727417,0.9920159578323364,0.5034006834030151
YDL073W,YLL038C,0,-1.9761803,0.1648971438407898,0.9920159578323364,0.5035006999969482
YGL041C-B,YER137C-A,0,-1.9762082,0.16486980020999908,0.9920159578323364,0.5036007165908813
YOL003C,YDL052C,0,-1.9762543,0.16484245657920837,0.9920159578323364,0.5037007331848145
YDR365W-B,YOR129C,0,-1.976255,0.16481512784957886,0.9920159578323364,0.5038007497787476
YCR097WB,YMR020W,0,-1.9763396,0.16478779911994934,0.9920159578323364,0.5039007663726807
YGR189C,YLR154W-C,0,-1.9765053,0.16476048529148102,0.9920159578323364,0.5040007829666138
YLR240W,YER137C-A,0,-1.9767693,0.1647331714630127,0.9920159578323364,0.5041007995605469
YDR099W,YDR371W,0,-1.9768339,0.16470588743686676,0.9920159578323364,0.50420081615448
YJR102C,YOR206W,0,-1.9768381,0.16467858850955963,0.9920159578323364,0.5043008327484131
YBR050C,YPR137C-B,0,-1.976848,0.1646513193845749,0.9920159578323364,0.504400908946991
YGL252C,YJR028W,0,-1.9768641,0.16462405025959015,0.9920159578323364,0.5045009255409241
YMR099C,YOR254C,0,-1.9771546,0.1645967811346054,0.9920159578323364,0.5046009421348572
YML056C,YMR017W,0,-1.9771659,0.16456954181194305,0.9920159578323364,0.5047009587287903
YBR239C,YPR170W-B,0,-1.9772208,0.1645422875881195,0.9920159578323364,0.5048009753227234
YEL024W,YOR071C,0,-1.9775171,0.16451506316661835,0.9920159578323364,0.5049009919166565
YNL339C,YBR074W,0,-1.9775717,0.1644878387451172,0.9920159578323364,0.5050010085105896
YLR203C,YMR169C,0,-1.9778718,0.16446062922477722,0.9920159578323364,0.5051010251045227
YLR295C,YNL199C,0,-1.9778724,0.16443341970443726,0.9920159578323364,0.5052010416984558
YDR210C-C,YGL051W,0,-1.9789671,0.16440622508525848,0.9920159578323364,0.5053010582923889
YPL117C,YDR347W,0,-1.9790297,0.1643790304660797,0.9920159578323364,0.505401074886322
YLL049W,YBR087W,0,-1.9792167,0.16435185074806213,0.9920159578323364,0.5055010914802551
YLR239C,YDR458C,0,-1.9797959,0.16432468593120575,0.9920159578323364,0.5056011080741882
YDR172W,YER041W,0,-1.9798354,0.16429752111434937,0.9920159578323364,0.5057011246681213
YPL168W,YNL040W,0,-1.9798857,0.16427037119865417,0.9920159578323364,0.5058011412620544
YIL108W,YLR114C,0,-1.9800179,0.16424322128295898,0.9920159578323364,0.5059011578559875
YMR156C,YFR047C,0,-1.9800825,0.164216086268425,0.9920159578323364,0.5060011744499207
YPL275W,YDR365W-B,0,-1.9801027,0.16418896615505219,0.9920159578323364,0.5061011910438538
YDR071C,YJL113W,0,-1.9806213,0.16416184604167938,0.9920159578323364,0.5062012672424316
YGL255W,YNL312W,0,-1.9807103,0.16413474082946777,0.9920159578323364,0.5063012838363647
YPL192C,YJR046W,0,-1.9807141,0.16410765051841736,0.9920159578323364,0.5064013004302979
YKL110C,YAL014C,0,-1.980835,0.16408056020736694,0.9920159578323364,0.506501317024231
YPL181W,YLR096W,0,-1.9808841,0.16405346989631653,0.9920159578323364,0.5066013336181641
YKL103C,YGR161C-D,0,-1.9809145,0.1640264093875885,0.9920159578323364,0.5067013502120972
YPL249C,YMR278W,0,-1.9809992,0.16399933397769928,0.9920159578323364,0.5068013668060303
YMR233W,YBR196C-A,0,-1.9812655,0.16397228837013245,0.9920159578323364,0.5069013833999634
YDR266C,YPL270W,0,-1.9814851,0.1639452427625656,0.9920159578323364,0.5070013999938965
YJR051W,YLR227W-A,0,-1.9817941,0.16391821205615997,0.9920159578323364,0.5071014165878296
YGL094C,YMR060C,0,-1.9818845,0.16389118134975433,0.9920159578323364,0.5072014331817627
YDR457W,YMR027W,0,-1.9819264,0.1638641655445099,0.9920159578323364,0.5073014497756958
YDR084C,YGR283C,0,-1.9819632,0.16383714973926544,0.9920159578323364,0.5074014663696289
YGL243W,YJL114W,0,-1.9820654,0.1638101488351822,0.9920159578323364,0.507501482963562
YLR260W,YOL056W,0,-1.9821273,0.16378316283226013,0.9920159578323364,0.5076014995574951
YJR074W,YJL141C,0,-1.982346,0.16375617682933807,0.9920159578323364,0.5077015161514282
YMR042W,YBR196C-A,0,-1.982399,0.1637292057275772,0.9920159578323364,0.5078015327453613
YGR087C,YOR355W,0,-1.9824481,0.16370223462581635,0.9920159578323364,0.5079016089439392
YGL184C,YOR020W-A,0,-1.9826628,0.16367527842521667,0.9920159578323364,0.5080016255378723
YGL041C-B,YNL173C,0,-1.9830453,0.1636483371257782,0.9920159578323364,0.5081016421318054
YML064C,YHL009W-A,0,-1.9831069,0.16362139582633972,0.9920159578323364,0.5082016587257385
YDR529C,YPR137C-B,0,-1.9831184,0.16359446942806244,0.9920159578323364,0.5083016753196716
YML037C,YDR309C,0,-1.9833596,0.16356754302978516,0.9920159578323364,0.5084016919136047
YCR077C,YPR158W-A,0,-1.9833789,0.16354063153266907,0.9920159578323364,0.5085017085075378
YGR217W,YDR488C,0,-1.9834418,0.16351373493671417,0.9920159578323364,0.508601725101471
YBL031W,YFL017C,0,-1.9838749,0.16348683834075928,0.9920159578323364,0.508701741695404
YNL039W,YDR258C,0,-1.983917,0.16345995664596558,0.9920159578323364,0.5088017582893372
YER102W,YKL085W,0,-1.9840326,0.16343307495117188,0.9920159578323364,0.5089017748832703
YDR495C,YGR030C,0,-1.984043,0.16340620815753937,0.9920159578323364,0.5090017914772034
YBR262C,YNL181W,0,-1.9842432,0.16337935626506805,0.9920159578323364,0.5091018080711365
YER173W,YJR124C,0,-1.9842505,0.16335250437259674,0.9920159578323364,0.5092018246650696
YER060W-A,YGR135W,0,-1.9844077,0.16332566738128662,0.9920159578323364,0.5093018412590027
YML014W,YNL289W,0,-1.9845774,0.1632988303899765,0.9920159578323364,0.5094018578529358
YJR117W,YGR112W,0,-1.9847263,0.16327200829982758,0.9920159578323364,0.5095018744468689
YHR205W,YNL192W,0,-1.984771,0.16324520111083984,0.9920159578323364,0.509601891040802
YGL015C,YJL061W,0,-1.9849925,0.1632183939218521,0.9920159578323364,0.5097019672393799
YPR055W,YFL002W-B,0,-1.9850531,0.16319158673286438,0.9920159578323364,0.509801983833313
YLR227W-A,YJR050W,0,-1.9851009,0.16316480934619904,0.9920159578323364,0.5099020004272461
YKL103C,YDR238C,0,-1.9851102,0.1631380319595337,0.9920159578323364,0.5100020170211792
YIL124W,YHR047C,0,-1.9857574,0.16311125457286835,0.9920159578323364,0.5101020336151123
YHL044W,YMR205C,0,-1.9858155,0.1630844920873642,0.9920159578323364,0.5102020502090454
YDR175C,YGL184C,0,-1.985857,0.16305774450302124,0.9920159578323364,0.5103020668029785
YKR044W,YOL019W,0,-1.9858681,0.16303099691867828,0.9920159578323364,0.5104020833969116
YPR191W,YGR026W,0,-1.9860507,0.16300426423549652,0.9920159578323364,0.5105020999908447
YDL067C,YOR303W,0,-1.9862584,0.16297753155231476,0.9920159578323364,0.5106021165847778
YOL003C,YCL048W-A,0,-1.9862597,0.1629508137702942,0.9920159578323364,0.5107021331787109
YPR033C,YLR154W-C,0,-1.9863056,0.16292411088943481,0.9920159578323364,0.510802149772644
YOR301W,YKL038W,0,-1.9863601,0.16289740800857544,0.9920159578323364,0.5109021663665771
YER060W-A,YHR214C-C,0,-1.9864109,0.16287072002887726,0.9920159578323364,0.5110021829605103
YML016C,YLR157C-A,0,-1.9868904,0.16284403204917908,0.9920159578323364,0.5111021995544434
YBR108W,YHR115C,0,-1.9870961,0.1628173589706421,0.9920159578323364,0.5112022161483765
YJL116C,YMR278W,0,-1.9872408,0.1627907007932663,0.9920159578323364,0.5113022327423096
YGR208W,YJR159W,0,-1.9872494,0.1627640426158905,0.9920159578323364,0.5114023089408875
YDR266C,YBL066C,0,-1.9875255,0.1627373993396759,0.9920159578323364,0.5115023255348206
YER060W-A,YPL275W,0,-1.9875302,0.1627107560634613,0.9920159578323364,0.5116023421287537
YGR100W,YJR159W,0,-1.9875776,0.1626841276884079,0.9920159578323364,0.5117023587226868
YPL013C,YLR139C,0,-1.9876219,0.1626574993133545,0.9920159578323364,0.5118023753166199
YDR266C,YBR242W,0,-1.9877021,0.16263088583946228,0.9920159578323364,0.511902391910553
YDL052C,YGL094C,0,-1.9878284,0.16260428726673126,0.9920159578323364,0.5120024085044861
YDL084W,YER019W,0,-1.9878654,0.16257768869400024,0.9920159578323364,0.5121024250984192
YGR161C-C,YCR021C,0,-1.9879158,0.16255110502243042,0.9920159578323364,0.5122024416923523
YBR164C,YLL025W,0,-1.9879918,0.1625245213508606,0.9920159578323364,0.5123024582862854
YDR288W,YJL012C,0,-1.98802,0.16249795258045197,0.9920159578323364,0.5124024748802185
YKL087C,YNL086W,0,-1.9880605,0.16247139871120453,0.9920159578323364,0.5125024914741516
YOR343W-A,YDL056W,0,-1.9885178,0.1624448448419571,0.9920159578323364,0.5126025080680847
YAL019W,YGR161C-C,0,-1.9887028,0.16241830587387085,0.9920159578323364,0.5127025246620178
YHR057C,YBL101W-B,0,-1.9888606,0.1623917669057846,0.9920159578323364,0.5128025412559509
YDR352W,YER063W,0,-1.9893323,0.16236524283885956,0.9920159578323364,0.512902557849884
YGR207C,YBR288C,0,-1.9894271,0.1623387187719345,0.9920159578323364,0.5130025744438171
YOR071C,YMR031C,0,-1.9894795,0.16231220960617065,0.9920159578323364,0.5131025910377502
YGR161W-A,YBL039C,0,-1.9895874,0.162285715341568,0.9920159578323364,0.5132026672363281
YLR136C,YOR027W,0,-1.9896027,0.16225922107696533,0.9920159578323364,0.5133026838302612
YFL026W,YJL207C,0,-1.9896305,0.16223274171352386,0.9920159578323364,0.5134027004241943
YCR039C,YNR027W,0,-1.989732,0.1622062623500824,0.9920159578323364,0.5135027170181274
YDR148C,YMR155W,0,-1.9897779,0.16217979788780212,0.9920159578323364,0.5136027336120605
YDL136W,YJR153W,0,-1.9898462,0.16215334832668304,0.9920159578323364,0.5137027502059937
YPR170W-B,YIL146C,0,-1.9899193,0.16212689876556396,0.9920159578323364,0.5138027667999268
YKL096W-A,YHR214C-C,0,-1.9900262,0.16210044920444489,0.9920159578323364,0.5139027833938599
YDL073W,YLR154W-C,0,-1.9901364,0.1620740294456482,0.9920159578323364,0.514002799987793
YOL097C,YPL058C,0,-1.9901736,0.1620476096868515,0.9920159578323364,0.5141028165817261
YNL232W,YKL134C,0,-1.9901865,0.1620211899280548,0.9920159578323364,0.5142028331756592
YLR457C,YCR059C,0,-1.9905416,0.1619947850704193,0.9920159578323364,0.5143028497695923
YDR326C,YPR137C-B,0,-1.9906132,0.161968395113945,0.9920159578323364,0.5144028663635254
YHR182W,YMR077C,0,-1.9907525,0.1619420051574707,0.9920159578323364,0.5145028829574585
YHR214C-C,YIL013C,0,-1.9908755,0.1619156152009964,0.9920159578323364,0.5146028995513916
YPL013C,YGR072W,0,-1.9909279,0.16188925504684448,0.9920159578323364,0.5147029161453247
YPR085C,YPL129W,0,-1.9911077,0.16186289489269257,0.9920159578323364,0.5148029327392578
YMR113W,YHR047C,0,-1.991141,0.16183653473854065,0.9920159578323364,0.5149030089378357
YGR217W,YFL002W-B,0,-1.9911747,0.16181018948554993,0.9920159578323364,0.5150030255317688
YML132W,YHR096C,0,-1.9912982,0.1617838591337204,0.9920159578323364,0.5151030421257019
YGR101W,YLR362W,0,-1.9913712,0.16175752878189087,0.9920159578323364,0.515203058719635
YPL099C,YDR098C-B,0,-1.9918876,0.16173121333122253,0.9920159578323364,0.5153030753135681
YMR040W,YPL240C,0,-1.9919405,0.1617048978805542,0.9920159578323364,0.5154030919075012
YDR056C,YNL164C,0,-1.9921355,0.16167859733104706,0.9920159578323364,0.5155031085014343
YDL069C,YOR125C,0,-1.9922942,0.16165229678153992,0.9920159578323364,0.5156031250953674
YJL042W,YKL221W,0,-1.9924647,0.16162601113319397,0.9920159578323364,0.5157031416893005
YIL136W,YPL283C,0,-1.9925218,0.16159974038600922,0.9920159578323364,0.5158031582832336
YPL283C,YLL015W,0,-1.9925239,0.16157346963882446,0.9920159578323364,0.5159031748771667
YMR060C,YNL040W,0,-1.9925492,0.1615472137928009,0.9920159578323364,0.5160031914710999
YBR196C-A,YML014W,0,-1.9925799,0.16152095794677734,0.9920159578323364,0.516103208065033
YDR134C,YLR114C,0,-1.9926418,0.16149471700191498,0.9920159578323364,0.5162032246589661
YGR197C,YMR093W,0,-1.992667,0.1614684909582138,0.9920159578323364,0.5163032412528992
YOL047C,YGR161C-C,0,-1.99273,0.16144226491451263,0.9920159578323364,0.5164032578468323
YIL118W,YER063W,0,-1.9928019,0.16141603887081146,0.9920159578323364,0.5165032744407654
YNL268W,YOR343W-A,0,-1.9931059,0.16138984262943268,0.9920159578323364,0.5166032910346985
YPL099C,YGR229C,0,-1.993581,0.1613636314868927,0.9920159578323364,0.5167033672332764
YLR227W-A,YOR009W,0,-1.9936014,0.1613374501466751,0.9920159578323364,0.5168033838272095
YHR066W,YPR158W-A,0,-1.9937329,0.16131126880645752,0.9920159578323364,0.5169034004211426
YDL052C,YOR136W,0,-1.9938823,0.16128508746623993,0.9920159578323364,0.5170034170150757
YPR138C,YLL038C,0,-1.9939356,0.16125892102718353,0.9920159578323364,0.5171034336090088
YFR024C,YGR211W,0,-1.9940765,0.16123276948928833,0.9920159578323364,0.5172034502029419
YJL117W,YML129C,0,-1.9942234,0.16120661795139313,0.9920159578323364,0.517303466796875
YOR032C,YJL085W,0,-1.99424,0.16118048131465912,0.9920159578323364,0.5174034833908081
YNR037C,YKR076W,0,-1.9942516,0.1611543446779251,0.9920159578323364,0.5175034999847412
YAL043C,YJR033C,0,-1.9944937,0.1611282229423523,0.9920159578323364,0.5176035165786743
YLR061W,YKL064W,0,-1.9945986,0.16110210120677948,0.9920159578323364,0.5177035331726074
YIL095W,YPR147C,0,-1.9948364,0.16107599437236786,0.9920159578323364,0.5178035497665405
YKL110C,YOL043C,0,-1.9948959,0.16104990243911743,0.9920159578323364,0.5179035663604736
YOR343W-A,YPL086C,0,-1.9949546,0.161023810505867,0.9920159578323364,0.5180035829544067
YOR125C,YJL154C,0,-1.9950032,0.16099773347377777,0.9920159578323364,0.5181035995483398
YKL065W-A,YLR407W,0,-1.995017,0.16097165644168854,0.9920159578323364,0.518203616142273
YLR119W,YMR093W,0,-1.9951509,0.1609455943107605,0.9920159578323364,0.518303632736206
YLR013W,YDR488C,0,-1.9951937,0.16091954708099365,0.9920159578323364,0.5184037089347839
YJR051W,YBL039W-A,0,-1.995206,0.1608934998512268,0.9920159578323364,0.518503725528717
YLR014C,YOR039W,0,-1.9953902,0.16086745262145996,0.9920159578323364,0.5186037421226501
YPR097W,YHL020C,0,-1.9955759,0.1608414202928543,0.9920159578323364,0.5187037587165833
YNL227C,YPR158W-A,0,-1.9956257,0.16081540286540985,0.9920159578323364,0.5188037753105164
YCR047C,YOR185C,1,-1.9956297,0.1609511524438858,0.9930139780044556,0.5188037753105164
YER013W,YDL088C,0,-1.9956412,0.16092512011528015,0.9930139780044556,0.5189037919044495
YCL048W-A,YHR143W-A,0,-1.9959741,0.1608990877866745,0.9930139780044556,0.5190038084983826
YNL268W,YKL219W,0,-1.9962264,0.16087308526039124,0.9930139780044556,0.5191038250923157
YLR166C,YJR035W,0,-1.9963841,0.16084706783294678,0.9930139780044556,0.5192038416862488
YEL039C,YLR154W-C,0,-1.9965149,0.1608210802078247,0.9930139780044556,0.5193038582801819
YLR056W,YLR010C,0,-1.9968214,0.16079509258270264,0.9930139780044556,0.519403874874115
YHR143W,YLR361C,0,-1.9968579,0.16076910495758057,0.9930139780044556,0.5195038914680481
YGR101W,YIL067C,0,-1.9968915,0.1607431322336197,0.9930139780044556,0.5196039080619812
YLR227W-A,YOL084W,0,-1.9970305,0.16071717441082,0.9930139780044556,0.5197039246559143
YGL162W,YIL095W,0,-1.9972744,0.16069121658802032,0.9930139780044556,0.5198039412498474
YDR210C-C,YKL221W,0,-1.9975307,0.16066527366638184,0.9930139780044556,0.5199039578437805
YBR218C,YHR214W,0,-1.9975514,0.16063933074474335,0.9930139780044556,0.5200039744377136
YFL020C,YHR037W,0,-1.9976403,0.16061340272426605,0.9930139780044556,0.5201039910316467
YMR316W,YDR083W,0,-1.9977086,0.16058747470378876,0.9930139780044556,0.5202040672302246
YMR184W,YLR157C-A,0,-1.9977565,0.16056156158447266,0.9930139780044556,0.5203040838241577
YPL176C,YBR196C-A,0,-1.9979402,0.16053566336631775,0.9930139780044556,0.5204041004180908
YPR186C,YER069W,0,-1.998263,0.16050976514816284,0.9930139780044556,0.5205041170120239
YMR233W,YOL019W,0,-1.9983441,0.16048386693000793,0.9930139780044556,0.520604133605957
YHR182W,YGL093W,0,-1.998353,0.16045798361301422,0.9930139780044556,0.5207041501998901
YMR131C,YGR087C,0,-1.9985833,0.1604321151971817,0.9930139780044556,0.5208041667938232
YJL113W,YHL019C,0,-1.9988862,0.16040626168251038,0.9930139780044556,0.5209041833877563
YNL048W,YNL268W,0,-1.998893,0.16038039326667786,0.9930139780044556,0.5210041999816895
YGR197C,YJR002W,0,-1.998967,0.16035455465316772,0.9930139780044556,0.5211042165756226
YBR218C,YJL090C,0,-1.9989693,0.1603287160396576,0.9930139780044556,0.5212042331695557
YOR209C,YHR117W,0,-1.9991108,0.16030287742614746,0.9930139780044556,0.5213042497634888
YOR093C,YDR504C,0,-1.9991695,0.16027706861495972,0.9930139780044556,0.5214042663574219
YGR024C,YGR207C,0,-1.999367,0.16025124490261078,0.9930139780044556,0.521504282951355
YNL233W,YOR020W-A,0,-1.99944,0.16022543609142303,0.9930139780044556,0.5216042995452881
YDR440W,YJR147W,0,-1.9994649,0.16019964218139648,0.9930139780044556,0.5217043161392212
YIL061C,YDR170W-A,0,-1.999489,0.16017386317253113,0.9930139780044556,0.5218043327331543
YLR166C,YBR241C,0,-1.9998523,0.16014806926250458,0.9930139780044556,0.5219044089317322
YMR019W,YLR143W,0,-2.0000696,0.16012230515480042,0.9930139780044556,0.5220044255256653
YGR087C,YLR410W-A,0,-2.000192,0.16009654104709625,0.9930139780044556,0.5221044421195984
YMR047C,YFR002W,1,-2.0008397,0.16023166477680206,0.9940119981765747,0.5221044421195984
YPL176C,YDR170W-A,0,-2.0009131,0.1602058857679367,0.9940119981765747,0.5222044587135315
YBR242W,YDR170W-A,0,-2.0009458,0.16018012166023254,0.9940119981765747,0.5223044753074646
YML093W,YDR468C,0,-2.0012307,0.16015437245368958,0.9940119981765747,0.5224044919013977
YGR024C,YER164W,0,-2.0014439,0.1601286232471466,0.9940119981765747,0.5225045084953308
YJL114W,YMR164C,0,-2.0015466,0.16010287404060364,0.9940119981765747,0.5226045250892639
YJL087C,YGR168C,0,-2.0015676,0.16007713973522186,0.9940119981765747,0.522704541683197
YIL148W,YOR020W-A,0,-2.00165,0.16005142033100128,0.9940119981765747,0.5228045582771301
YIL112W,YHR037W,0,-2.0016987,0.1600257009267807,0.9940119981765747,0.5229045748710632
YGL124C,YLR342W,0,-2.0017164,0.1599999964237213,0.9940119981765747,0.5230045914649963
YPL192C,YPL134C,0,-2.0020344,0.15997430682182312,0.9940119981765747,0.5231046080589294
YEL039C,YHR212W-A,0,-2.0020392,0.15994861721992493,0.9940119981765747,0.5232046246528625
YPR033C,YGR235C,0,-2.0025852,0.15992292761802673,0.9940119981765747,0.5233046412467957
YMR150C,YPR158W-A,0,-2.0026317,0.15989725291728973,0.9940119981765747,0.5234046578407288
YJR153W,YJL141C,0,-2.002709,0.15987159311771393,0.9940119981765747,0.5235046744346619
YMR258C,YOR032C,0,-2.0030298,0.15984593331813812,0.9940119981765747,0.5236047506332397
YLR109W,YFL037W,0,-2.0031652,0.1598202884197235,0.9940119981765747,0.5237047672271729
YJL044C,YJL117W,0,-2.0033343,0.1597946435213089,0.9940119981765747,0.523804783821106
YER071C,YLR369W,0,-2.0033374,0.15976901352405548,0.9940119981765747,0.5239048004150391
YJL108C,YMR027W,0,-2.0033755,0.15974338352680206,0.9940119981765747,0.5240048170089722
YGR052W,YML058W-A,0,-2.003465,0.15971776843070984,0.9940119981765747,0.5241048336029053
YLR079W,YML067C,0,-2.0036573,0.15969215333461761,0.9940119981765747,0.5242048501968384
YPR171W,YLR410W-A,0,-2.0037377,0.15966655313968658,0.9940119981765747,0.5243048667907715
YBR012W-B,YLR090W,0,-2.003744,0.15964096784591675,0.9940119981765747,0.5244048833847046
YLR312C-B,YBR060C,0,-2.0038083,0.1596153825521469,0.9940119981765747,0.5245048999786377
YLL016W,YLR157C-A,0,-2.0038407,0.15958981215953827,0.9940119981765747,0.5246049165725708
YIL127C,YDL127W,0,-2.003973,0.15956424176692963,0.9940119981765747,0.5247049331665039
YGL172W,YJL096W,0,-2.0039787,0.15953868627548218,0.9940119981765747,0.524804949760437
YMR114C,YNL314W,0,-2.004257,0.15951313078403473,0.9940119981765747,0.5249049663543701
YOL067C,YIL014W,0,-2.004381,0.15948759019374847,0.9940119981765747,0.5250049829483032
YMR011W,YMR278W,0,-2.0045412,0.15946204960346222,0.9940119981765747,0.5251049995422363
YBR078W,YNR058W,0,-2.0045505,0.15943652391433716,0.9940119981765747,0.5252050161361694
YNL199C,YPR137C-B,0,-2.004658,0.1594110131263733,0.9940119981765747,0.5253050327301025
YGR221C,YOR303W,0,-2.00499,0.15938550233840942,0.9940119981765747,0.5254051089286804
YHR120W,YMR100W,0,-2.0050194,0.15936000645160675,0.9940119981765747,0.5255051255226135
YKL104C,YBR164C,0,-2.0050528,0.15933451056480408,0.9940119981765747,0.5256051421165466
YLR185W,YMR077C,0,-2.0051286,0.1593090146780014,0.9940119981765747,0.5257051587104797
YML058W,YER101C,0,-2.0054464,0.15928354859352112,0.9940119981765747,0.5258051753044128
YOR117W,YNL320W,0,-2.0055354,0.15925806760787964,0.9940119981765747,0.525905191898346
YPR013C,YOR090C,0,-2.0055645,0.15923261642456055,0.9940119981765747,0.526005208492279
YPL283C,YJL221C,0,-2.0056314,0.15920716524124146,0.9940119981765747,0.5261052250862122
YOR389W,YNL019C,0,-2.0057328,0.15918171405792236,0.9940119981765747,0.5262052416801453
YGL213C,YBL006C,0,-2.0060658,0.15915627777576447,0.9940119981765747,0.5263052582740784
YDR195W,YNL249C,0,-2.0060818,0.15913085639476776,0.9940119981765747,0.5264052748680115
YDR098C-B,YMR247C,0,-2.0061185,0.15910543501377106,0.9940119981765747,0.5265052914619446
YJL113W,YDR153C,0,-2.0062492,0.15908001363277435,0.9940119981765747,0.5266053080558777
YHR153C,YML093W,0,-2.0062613,0.15905462205410004,0.9940119981765747,0.5267053246498108
YJL116C,YPL178W,0,-2.0063236,0.15902921557426453,0.9940119981765747,0.5268053412437439
YBR196C-A,YOL122C,0,-2.0067332,0.1590038239955902,0.9940119981765747,0.526905357837677
YMR156C,YDR320C-A,0,-2.0068781,0.1589784473180771,0.9940119981765747,0.5270053744316101
YIL148W,YNL339C,0,-2.006887,0.15895308554172516,0.9940119981765747,0.527105450630188
YBR070C,YIL038C,0,-2.0069845,0.15892772376537323,0.9940119981765747,0.5272054672241211
YJR045C,YJL173C,0,-2.006997,0.1589023619890213,0.9940119981765747,0.5273054838180542
YBR014C,YJL079C,0,-2.0069993,0.15887701511383057,0.9940119981765747,0.5274055004119873
YPL240C,YBL006C,0,-2.0072017,0.15885166823863983,0.9940119981765747,0.5275055170059204
YLR219W,YJL003W,0,-2.0072885,0.1588263362646103,0.9940119981765747,0.5276055335998535
YOL003C,YJL117W,0,-2.007443,0.15880101919174194,0.9940119981765747,0.5277055501937866
YNL003C,YKL127W,0,-2.007617,0.1587757021188736,0.9940119981765747,0.5278055667877197
YOL116W,YPL280W,0,-2.007661,0.15875039994716644,0.9940119981765747,0.5279055833816528
YDR033W,YDR240C,0,-2.0076945,0.1587250977754593,0.9940119981765747,0.5280055999755859
YMR073C,YDR200C,0,-2.007838,0.15869981050491333,0.9940119981765747,0.528105616569519
YPR181C,YDL110C,0,-2.0080595,0.15867452323436737,0.9940119981765747,0.5282056331634521
YPL273W,YGL204C,0,-2.008225,0.1586492508649826,0.9940119981765747,0.5283056497573853
YGR195W,YOR321W,0,-2.008272,0.15862397849559784,0.9940119981765747,0.5284056663513184
YDR084C,YOR046C,0,-2.0082812,0.15859872102737427,0.9940119981765747,0.5285056829452515
YGR195W,YGR223C,0,-2.0083733,0.1585734784603119,0.9940119981765747,0.5286056995391846
YHR057C,YMR166C,0,-2.0086272,0.1585482358932495,0.9940119981765747,0.5287057161331177
YCL060C,YPR097W,0,-2.0087554,0.15852299332618713,0.9940119981765747,0.5288057327270508
YPR171W,YDR352W,0,-2.009089,0.15849776566028595,0.9940119981765747,0.5289058089256287
YCR077C,YFR047C,0,-2.009258,0.15847255289554596,0.9940119981765747,0.5290058255195618
YBR196C-A,YDR308C,0,-2.0095375,0.15844734013080597,0.9940119981765747,0.5291058421134949
YGR236C,YPR170W-B,0,-2.0095515,0.15842214226722717,0.9940119981765747,0.529205858707428
YKL110C,YFL002W-B,0,-2.0096393,0.15839694440364838,0.9940119981765747,0.5293058753013611
YER020W,YMR077C,0,-2.0096529,0.15837176144123077,0.9940119981765747,0.5294058918952942
YDR288W,YGR235C,0,-2.0097523,0.15834657847881317,0.9940119981765747,0.5295059084892273
YOR046C,YJL221C,0,-2.0099988,0.15832141041755676,0.9940119981765747,0.5296059250831604
YPL273W,YLR050C,0,-2.0101864,0.15829624235630035,0.9940119981765747,0.5297059416770935
YGR104C,YHR214C-C,0,-2.0102408,0.15827108919620514,0.9940119981765747,0.5298059582710266
YOL152W,YJR105W,0,-2.0104275,0.15824595093727112,0.9940119981765747,0.5299059748649597
YMR166C,YGR246C,0,-2.0104668,0.1582208126783371,0.9940119981765747,0.5300059914588928
YNL178W,YPL168W,0,-2.010516,0.15819567441940308,0.9940119981765747,0.5301060080528259
YNL278W,YKL081W,0,-2.01053,0.15817055106163025,0.9940119981765747,0.530206024646759
YPL174C,YKR002W,0,-2.0106838,0.15814544260501862,0.9940119981765747,0.5303060412406921
YER025W,YLR023C,0,-2.0109575,0.15812033414840698,0.9940119981765747,0.5304060578346252
YLR119W,YPR158W-A,0,-2.0110397,0.15809524059295654,0.9940119981765747,0.5305060744285583
YPR134W,YGL105W,0,-2.0112824,0.1580701470375061,0.9940119981765747,0.5306061506271362
YDL185W,YGR070W,0,-2.0114503,0.15804506838321686,0.9940119981765747,0.5307061672210693
YGL093W,YJR159W,0,-2.01157,0.1580199897289276,0.9940119981765747,0.5308061838150024
YOL052C-A,YBR196C-A,0,-2.0116174,0.15799492597579956,0.9940119981765747,0.5309062004089355
YPL181W,YPR016C,0,-2.011647,0.1579698622226715,0.9940119981765747,0.5310062170028687
YKR030W,YLR389C,0,-2.0118473,0.15794481337070465,0.9940119981765747,0.5311062335968018
YLR227W-A,YOR101W,0,-2.011864,0.1579197645187378,0.9940119981765747,0.5312062501907349
YER137C-A,YBR291C,0,-2.0120256,0.15789473056793213,0.9940119981765747,0.531306266784668
YFL020C,YGL204C,0,-2.0123966,0.15786971151828766,0.9940119981765747,0.5314062833786011
YOL152W,YCL044C,0,-2.0125008,0.1578446924686432,0.9940119981765747,0.5315062999725342
YDR381W,YGL089C,0,-2.0126915,0.15781967341899872,0.9940119981765747,0.5316063165664673
YIL072W,YBR062C,0,-2.0127182,0.15779468417167664,0.9940119981765747,0.5317063331604004
YMR073C,YHL020C,0,-2.0127823,0.15776968002319336,0.9940119981765747,0.5318063497543335
YMR011W,YGL108C,0,-2.0128295,0.15774469077587128,0.9940119981765747,0.5319063663482666
YLR239C,YPR037C,0,-2.0129182,0.1577197164297104,0.9940119981765747,0.5320063829421997
YKL046C,YGR129W,0,-2.0133123,0.1576947420835495,0.9940119981765747,0.5321063995361328
YDR141C,YOR355W,0,-2.0133133,0.1576697826385498,0.9940119981765747,0.5322064161300659
YMR114C,YLR154W-C,0,-2.0133471,0.1576448231935501,0.9940119981765747,0.532306432723999
YMR235C,YOR185C,1,-2.0133622,0.15777812898159027,0.9950099587440491,0.532306432723999
YDL127W,YNL260C,0,-2.0134768,0.15775316953659058,0.9950099587440491,0.5324065089225769
YLR185W,YBR196C-A,0,-2.0137484,0.15772821009159088,0.9950099587440491,0.53250652551651
YDR495C,YMR036C,0,-2.0137985,0.15770326554775238,0.9950099587440491,0.5326065421104431
YLR243W,YGR101W,0,-2.0140886,0.15767832100391388,0.9950099587440491,0.5327065587043762
YBR098W,YOR355W,0,-2.0143163,0.15765339136123657,0.9950099587440491,0.5328065752983093
YPL196W,YOL039W,0,-2.0146587,0.15762846171855927,0.9950099587440491,0.5329065918922424
YLR160C,YHR079C-B,0,-2.0146947,0.15760354697704315,0.9950099587440491,0.5330066084861755
YMR031C,YER137C-A,0,-2.015082,0.15757863223552704,0.9950099587440491,0.5331066250801086
YNL159C,YFL002W-B,0,-2.015093,0.15755373239517212,0.9950099587440491,0.5332066416740417
YOR389W,YJL044C,0,-2.01513,0.1575288325548172,0.9950099587440491,0.5333066582679749
YOR361C,YNL098C,0,-2.0151482,0.15750394761562347,0.9950099587440491,0.533406674861908
YMR316W,YMR156C,0,-2.015159,0.15747907757759094,0.9950099587440491,0.5335066914558411
YGR161W-A,YHR087W,0,-2.01518,0.1574542075395584,0.9950099587440491,0.5336067080497742
YER174C,YBL101W-B,0,-2.0156934,0.15742933750152588,0.9950099587440491,0.5337067246437073
YJR159W,YDR141C,0,-2.0157545,0.15740448236465454,0.9950099587440491,0.5338067412376404
YJR108W,YEL002C,0,-2.0158856,0.1573796421289444,0.9950099587440491,0.5339067578315735
YJR097W,YJR074W,0,-2.0159092,0.15735480189323425,0.9950099587440491,0.5340067744255066
YBR136W,YNL272C,0,-2.015911,0.1573299616575241,0.9950099587440491,0.5341068506240845
YML040W,YNL145W,0,-2.0159385,0.15730513632297516,0.9950099587440491,0.5342068672180176
YDL002C,YKL150W,0,-2.0162811,0.1572803258895874,0.9950099587440491,0.5343068838119507
YGR053C,YDR458C,0,-2.0164235,0.15725551545619965,0.9950099587440491,0.5344069004058838
YER071C,YKL155C,0,-2.0164523,0.15723071992397308,0.9950099587440491,0.5345069169998169
YLR004C,YOL158C,0,-2.0165339,0.15720592439174652,0.9950099587440491,0.53460693359375
YMR194W,YMR265C,0,-2.0165653,0.15718114376068115,0.9950099587440491,0.5347069501876831
YBR014C,YFR002W,0,-2.0165725,0.15715636312961578,0.9950099587440491,0.5348069667816162
YDR170C,YJL129C,0,-2.0166326,0.1571315973997116,0.9950099587440491,0.5349069833755493
YCL029C,YDR529C,0,-2.016711,0.15710683166980743,0.9950099587440491,0.5350069999694824
YFR041C,YDL018C,0,-2.017005,0.15708208084106445,0.9950099587440491,0.5351070165634155
YHR191C,YLR157C-A,0,-2.0171459,0.15705734491348267,0.9950099587440491,0.5352070331573486
YOL100W,YER110C,0,-2.0171652,0.15703260898590088,0.9950099587440491,0.5353070497512817
YGR087C,YMR080C,0,-2.0174963,0.1570078730583191,0.9950099587440491,0.5354070663452148
YGR104C,YMR013C,0,-2.0175028,0.1569831520318985,0.9950099587440491,0.535507082939148
YML118W,YKL007W,0,-2.0177827,0.1569584310054779,0.9950099587440491,0.535607099533081
YLR056W,YPL058C,0,-2.0178092,0.1569337248802185,0.9950099587440491,0.5357071161270142
YLR239C,YDR216W,0,-2.0180907,0.1569090336561203,0.9950099587440491,0.5358071327209473
YJL090C,YLR410W-A,0,-2.0181112,0.1568843424320221,0.9950099587440491,0.5359072089195251
YDR210C-C,YCR016W,0,-2.0181432,0.15685966610908508,0.9950099587440491,0.5360072255134583
YBR281C,YGR283C,0,-2.018158,0.15683498978614807,0.9950099587440491,0.5361072421073914
YML040W,YBR162C,0,-2.0182378,0.15681031346321106,0.9950099587440491,0.5362072587013245
YJR024C,YHR140W,0,-2.0182784,0.15678565204143524,0.9950099587440491,0.5363072752952576
YGR100W,YBR100W,0,-2.0184708,0.15676100552082062,0.9950099587440491,0.5364072918891907
YPL256C,YML129C,0,-2.0186186,0.156736359000206,0.9950099587440491,0.5365073084831238
YHR214C-C,YOR110W,0,-2.018896,0.15671172738075256,0.9950099587440491,0.5366073250770569
YBR196C-A,YBL021C,0,-2.0189645,0.15668709576129913,0.9950099587440491,0.53670734167099
YGR052W,YPR137C-B,0,-2.0189762,0.1566624790430069,0.9950099587440491,0.5368073582649231
YOR389W,YER029C,0,-2.0191514,0.15663786232471466,0.9950099587440491,0.5369073748588562
YOR291W,YNL289W,0,-2.0195038,0.15661326050758362,0.9950099587440491,0.5370073914527893
YGR217W,YGL065C,0,-2.019513,0.15658865869045258,0.9950099587440491,0.5371074080467224
YPL041C,YKL003C,0,-2.0196977,0.15656407177448273,0.9950099587440491,0.5372074246406555
YNL086W,YGL128C,0,-2.019712,0.15653948485851288,0.9950099587440491,0.5373074412345886
YHR066W,YIL173W,0,-2.0197747,0.15651491284370422,0.9950099587440491,0.5374074578285217
YDL190C,YPL280W,0,-2.0200953,0.15649034082889557,0.9950099587440491,0.5375074744224548
YJR133W,YDL077C,0,-2.0201964,0.1564657837152481,0.9950099587440491,0.5376075506210327
YOL049W,YBR168W,0,-2.0204754,0.15644124150276184,0.9950099587440491,0.5377075672149658
YJR033C,YGL105W,0,-2.0205436,0.15641669929027557,0.9950099587440491,0.5378075838088989
YNR037C,YLR078C,0,-2.020847,0.1563921570777893,0.9950099587440491,0.537907600402832
YDR210C-C,YHR074W,0,-2.0211272,0.15636762976646423,0.9950099587440491,0.5380076169967651
YCR042C,YDL027C,0,-2.0211427,0.15634310245513916,0.9950099587440491,0.5381076335906982
YGL070C,YLR360W,0,-2.0214806,0.15631859004497528,0.9950099587440491,0.5382076501846313
YDR175C,YIL017C,0,-2.021501,0.1562940925359726,0.9950099587440491,0.5383076667785645
YBL085W,YDR100W,0,-2.0215306,0.1562695950269699,0.9950099587440491,0.5384076833724976
YMR190C,YKL020C,0,-2.0215454,0.15624509751796722,0.9950099587440491,0.5385076999664307
YLR297W,YGL041C-B,0,-2.0217025,0.15622061491012573,0.9950099587440491,0.5386077165603638
YHR143W,YGR234W,0,-2.0217433,0.15619614720344543,0.9950099587440491,0.5387077331542969
YDR515W,YHR214C-C,0,-2.021919,0.15617167949676514,0.9950099587440491,0.53880774974823
YPL141C,YLR353W,0,-2.0219412,0.15614722669124603,0.9950099587440491,0.5389077663421631
YBR299W,YPL275W,0,-2.0221233,0.15612277388572693,0.9950099587440491,0.5390077829360962
YIL142W,YJR054W,0,-2.0221634,0.15609832108020782,0.9950099587440491,0.5391077995300293
YGR099W,YLR439W,0,-2.0225363,0.15607388317584991,0.9950099587440491,0.5392078161239624
YGR024C,YPL256C,0,-2.0225399,0.1560494601726532,0.9950099587440491,0.5393078327178955
YHR110W,YDR469W,0,-2.0225432,0.15602503716945648,0.9950099587440491,0.5394079089164734
YDR098C-B,YOL149W,0,-2.022688,0.15600062906742096,0.9950099587440491,0.5395079255104065
YLR229C,YPL031C,0,-2.0229287,0.15597622096538544,0.9950099587440491,0.5396079421043396
YER146W,YNL278W,0,-2.0233335,0.1559518277645111,0.9950099587440491,0.5397079586982727
YER173W,YNL299W,0,-2.0233414,0.15592743456363678,0.9950099587440491,0.5398079752922058
YOL052C,YPL269W,0,-2.0237408,0.15590305626392365,0.9950099587440491,0.5399079918861389
YBR162W-A,YOR147W,0,-2.0237613,0.1558786779642105,0.9950099587440491,0.540008008480072
YBL031W,YNL136W,0,-2.0240161,0.15585429966449738,0.9950099587440491,0.5401080250740051
YFR002W,YJR153W,0,-2.0240598,0.15582995116710663,0.9950099587440491,0.5402080416679382
YBR021W,YGR161C-C,0,-2.0242918,0.1558055877685547,0.9950099587440491,0.5403080582618713
YMR052W,YPR187W,0,-2.024314,0.15578125417232513,0.9950099587440491,0.5404080748558044
YLR114C,YPL028W,0,-2.024321,0.1557569056749344,0.9950099587440491,0.5405080914497375
YHR061C,YER137C-A,0,-2.0244977,0.15573258697986603,0.9950099587440491,0.5406081080436707
YIL068C,YLR410W-A,0,-2.0251439,0.15570826828479767,0.9950099587440491,0.5407081246376038
YBR093C,YFR002W,0,-2.025167,0.1556839495897293,0.9950099587440491,0.5408081412315369
YCR027C,YLL025W,0,-2.0258195,0.15565964579582214,0.9950099587440491,0.54090815782547
YLL031C,YKL059C,0,-2.025825,0.15563534200191498,0.9950099587440491,0.5410081744194031
YJL173C,YGR243W,0,-2.0259602,0.155611053109169,0.9950099587440491,0.541108250617981
YDR437W,YAL055W,0,-2.0260162,0.15558676421642303,0.9950099587440491,0.5412082672119141
YML067C,YHR061C,0,-2.0261405,0.15556249022483826,0.9950099587440491,0.5413082838058472
YCR107W,YDR438W,0,-2.02619,0.15553821623325348,0.9950099587440491,0.5414083003997803
YKL079W,YOR240W,0,-2.026269,0.1555139571428299,0.9950099587440491,0.5415083169937134
YPR194C,YOR243C,0,-2.0263247,0.1554897129535675,0.9950099587440491,0.5416083335876465
YNL312W,YNL040W,0,-2.0266469,0.15546545386314392,0.9950099587440491,0.5417083501815796
YHL023C,YGR168C,0,-2.0268633,0.15544122457504272,0.9950099587440491,0.5418083667755127
YLR227W-A,YML065W,0,-2.0268743,0.15541699528694153,0.9950099587440491,0.5419083833694458
YPR137C-B,YKL134C,0,-2.0269969,0.15539276599884033,0.9950099587440491,0.5420083999633789
YLR310C,YDR014W,0,-2.027023,0.15536855161190033,0.9950099587440491,0.542108416557312
YMR119W,YGR271C-A,0,-2.0273845,0.15534433722496033,0.9950099587440491,0.5422084331512451
YLR414C,YKR088C,0,-2.027564,0.15532013773918152,0.9950099587440491,0.5423084497451782
YGR156W,YGL184C,0,-2.0277004,0.1552959531545639,0.9950099587440491,0.5424084663391113
YGR246C,YCL029C,0,-2.0277991,0.1552717685699463,0.9950099587440491,0.5425084829330444
YGL204C,YPL041C,0,-2.0278099,0.15524758398532867,0.9950099587440491,0.5426084995269775
YBR136W,YBL064C,0,-2.0278761,0.15522341430187225,0.9950099587440491,0.5427085161209106
YKR002W,YMR278W,0,-2.028002,0.15519925951957703,0.9950099587440491,0.5428085327148438
YKR062W,YLR139C,0,-2.0280075,0.1551750898361206,0.9950099587440491,0.5429086089134216
YOR383C,YMR155W,0,-2.0282183,0.15515094995498657,0.9950099587440491,0.5430086255073547
YNL272C,YKL093W,0,-2.028695,0.15512681007385254,0.9950099587440491,0.5431086421012878
YGL255W,YOR214C,0,-2.028883,0.1551026701927185,0.9950099587440491,0.543208658695221
YIL173W,YJL122W,0,-2.0291202,0.15507854521274567,0.9950099587440491,0.543308675289154
YER089C,YGL047W,0,-2.0292785,0.15505443513393402,0.9950099587440491,0.5434086918830872
YOR047C,YLR013W,0,-2.0292869,0.15503032505512238,0.9950099587440491,0.5435087084770203
YEL068C,YBR281C,0,-2.0293412,0.15500621497631073,0.9950099587440491,0.5436087250709534
YJL159W,YBR293W,0,-2.0293765,0.15498211979866028,0.9950099587440491,0.5437087416648865
YDR419W,YKL222C,0,-2.02946,0.15495803952217102,0.9950099587440491,0.5438087582588196
YHL023C,YJR033C,0,-2.0295475,0.15493395924568176,0.9950099587440491,0.5439087748527527
YDR071C,YPR151C,0,-2.0295753,0.1549098789691925,0.9950099587440491,0.5440087914466858
YJR042W,YOR185C,1,-2.029595,0.1550411731004715,0.9960079789161682,0.5440087914466858
YOL019W,YJR110W,0,-2.0297256,0.15501709282398224,0.9960079789161682,0.5441088080406189
YDR266C,YCR107W,0,-2.0298777,0.15499301254749298,0.9960079789161682,0.544208824634552
YMR184W,YOR233W,0,-2.0299292,0.15496894717216492,0.9960079789161682,0.5443088412284851
YBR012W-B,YDR021W,0,-2.030273,0.15494488179683685,0.9960079789161682,0.5444088578224182
YDR134C,YMR077C,0,-2.030401,0.15492083132266998,0.9960079789161682,0.5445088744163513
YBR276C,YOL017W,0,-2.0306025,0.1548967808485031,0.9960079789161682,0.5446089506149292
YCR107W,YJL003W,0,-2.0306406,0.15487274527549744,0.9960079789161682,0.5447089672088623
YLR442C,YPL129W,0,-2.0312822,0.15484872460365295,0.9960079789161682,0.5448089838027954
YER127W,YJL079C,0,-2.031511,0.15482470393180847,0.9960079789161682,0.5449090003967285
YPR100W,YLR227W-A,0,-2.031546,0.154800683259964,0.9960079789161682,0.5450090169906616
YFL048C,YDR018C,0,-2.031621,0.1547766774892807,0.9960079789161682,0.5451090335845947
YJL113W,YBL058W,0,-2.0316803,0.1547526717185974,0.9960079789161682,0.5452090501785278
YEL069C,YAL017W,0,-2.0318823,0.15472868084907532,0.9960079789161682,0.5453090667724609
YOL042W,YOL049W,0,-2.0319288,0.15470468997955322,0.9960079789161682,0.545409083366394
YFR009W,YFL002W-B,0,-2.0321693,0.15468071401119232,0.9960079789161682,0.5455090999603271
YOR315W,YKL020C,0,-2.0322483,0.15465675294399261,0.9960079789161682,0.5456091165542603
YIL018W,YOR162C,0,-2.032311,0.1546327918767929,0.9960079789161682,0.5457091331481934
YDR079W,YBL039W-A,0,-2.032322,0.1546088308095932,0.9960079789161682,0.5458091497421265
YGR132C,YNL328C,0,-2.0324075,0.1545848846435547,0.9960079789161682,0.5459091663360596
YLR109W,YMR159C,0,-2.0325134,0.15456093847751617,0.9960079789161682,0.5460091829299927
YMR265C,YFR002W,0,-2.0325253,0.15453700721263885,0.9960079789161682,0.5461091995239258
YGL243W,YPR158W-A,0,-2.03253,0.15451307594776154,0.9960079789161682,0.5462092161178589
YGR224W,YGR223C,0,-2.0327392,0.1544891595840454,0.9960079789161682,0.546309232711792
YDR258C,YKL020C,0,-2.032759,0.15446525812149048,0.9960079789161682,0.5464093089103699
YJR065C,YHR134W,0,-2.0330055,0.15444135665893555,0.9960079789161682,0.546509325504303
YPR147C,YJR047C,0,-2.0330467,0.15441745519638062,0.9960079789161682,0.5466093420982361
YGR156W,YJL096W,0,-2.0331125,0.15439356863498688,0.9960079789161682,0.5467093586921692
YCR075C,YLR157C-A,0,-2.033217,0.15436968207359314,0.9960079789161682,0.5468093752861023
YKL096W-A,YCL018W,0,-2.0332198,0.1543458104133606,0.9960079789161682,0.5469093918800354
YKL062W,YGR161C-C,0,-2.033229,0.15432193875312805,0.9960079789161682,0.5470094084739685
YLR018C,YKL033W,0,-2.0333018,0.1542980819940567,0.9960079789161682,0.5471094250679016
YOR240W,YIL067C,0,-2.033441,0.15427422523498535,0.9960079789161682,0.5472094416618347
YBR239C,YBR042C,0,-2.0334911,0.1542503833770752,0.9960079789161682,0.5473094582557678
YNL156C,YKL110C,0,-2.033608,0.15422655642032623,0.9960079789161682,0.5474094748497009
YGL018C,YML005W,0,-2.0337737,0.15420271456241608,0.9960079789161682,0.547509491443634
YBR092C,YGR132C,0,-2.0337853,0.1541789025068283,0.9960079789161682,0.5476095080375671
YDR258C,YLR427W,0,-2.033847,0.15415507555007935,0.9960079789161682,0.5477095246315002
YLR276C,YBR200W,0,-2.0338857,0.15413127839565277,0.9960079789161682,0.5478095412254333
YJL114W,YKL219W,0,-2.0339282,0.154107466340065,0.9960079789161682,0.5479095578193665
YDR248C,YKL146W,0,-2.0340173,0.15408368408679962,0.9960079789161682,0.5480095744132996
YDR200C,YNL298W,0,-2.034141,0.15405990183353424,0.9960079789161682,0.5481096506118774
YMR150C,YFL002W-B,0,-2.0348105,0.15403611958026886,0.9960079789161682,0.5482096672058105
YMR041C,YIL148W,0,-2.0348275,0.15401235222816467,0.9960079789161682,0.5483096837997437
YOL052C,YDR488C,0,-2.034945,0.15398858487606049,0.9960079789161682,0.5484097003936768
YCR097WB,YER146W,0,-2.0349853,0.1539648324251175,0.9960079789161682,0.5485097169876099
YJR053W,YNL215W,0,-2.0351195,0.1539410799741745,0.9960079789161682,0.548609733581543
YAR033W,YPL178W,0,-2.0353558,0.1539173424243927,0.9960079789161682,0.5487097501754761
YCR097WB,YFL039C,0,-2.035543,0.1538936048746109,0.9960079789161682,0.5488097667694092
YJR125C,YBR135W,0,-2.035557,0.1538698673248291,0.9960079789161682,0.5489097833633423
YMR036C,YOR046C,0,-2.0357459,0.1538461595773697,0.9960079789161682,0.5490097999572754
YGL234W,YDR488C,0,-2.0357664,0.15382243692874908,0.9960079789161682,0.5491098165512085
YDR105C,YLR157C,0,-2.0358124,0.15379872918128967,0.9960079789161682,0.5492098331451416
YBR290W,YDR098C-B,0,-2.0359368,0.15377503633499146,0.9960079789161682,0.5493098497390747
YNL293W,YOL007C,0,-2.0360494,0.15375134348869324,0.9960079789161682,0.5494098663330078
YHR129C,YBL101W-A,0,-2.0361075,0.1537276655435562,0.9960079789161682,0.5495098829269409
YLR409C,YKL064W,0,-2.036156,0.1537039875984192,0.9960079789161682,0.549609899520874
YKL096W-A,YJL223C,0,-2.0362139,0.15368032455444336,0.9960079789161682,0.5497099161148071
YBR240C,YIL009W,0,-2.036269,0.15365666151046753,0.9960079789161682,0.5498099327087402
YLR044C,YOR020W-A,0,-2.0362773,0.1536329984664917,0.9960079789161682,0.5499100089073181
YGL162W,YDR427W,0,-2.0363665,0.15360936522483826,0.9960079789161682,0.5500100255012512
YLR078C,YAR027W,0,-2.0365353,0.15358571708202362,0.9960079789161682,0.5501100420951843
YER096W,YLR390W-A,0,-2.0366988,0.15356208384037018,0.9960079789161682,0.5502100586891174
YPR097W,YLR457C,0,-2.036741,0.15353846549987793,0.9960079789161682,0.5503100752830505
YBL017C,YPL176C,0,-2.036787,0.15351484715938568,0.9960079789161682,0.5504100918769836
YJR053W,YLL038C,0,-2.0368445,0.15349122881889343,0.9960079789161682,0.5505101084709167
YOR079C,YGL108C,0,-2.0368526,0.15346762537956238,0.9960079789161682,0.5506101250648499
YDR298C,YNL019C,0,-2.0368576,0.15344403684139252,0.9960079789161682,0.550710141658783
YOR065W,YMR027W,0,-2.0372686,0.15342044830322266,0.9960079789161682,0.5508101582527161
YMR150C,YOR383C,0,-2.0373545,0.1533968597650528,0.9960079789161682,0.5509101748466492
YOR104W,YKL222C,0,-2.037641,0.15337328612804413,0.9960079789161682,0.5510101914405823
YGL124C,YKL039W,0,-2.0377064,0.15334972739219666,0.9960079789161682,0.5511102080345154
YBL058W,YHR027C,0,-2.037762,0.15332616865634918,0.9960079789161682,0.5512102246284485
YEL018W,YKL033W,0,-2.0379872,0.1533026099205017,0.9960079789161682,0.5513102412223816
YJL092W,YDR468C,0,-2.0383441,0.15327906608581543,0.9960079789161682,0.5514102578163147
YGR195W,YIR024C,0,-2.0384138,0.15325552225112915,0.9960079789161682,0.5515102744102478
YDR519W,YPR095C,0,-2.0384653,0.15323199331760406,0.9960079789161682,0.5516103506088257
YJL223C,YPL028W,0,-2.0386994,0.15320847928524017,0.9960079789161682,0.5517103672027588
YJR046W,YKL007W,0,-2.0388467,0.1531849503517151,0.9960079789161682,0.5518103837966919
YMR073C,YMR096W,0,-2.0390306,0.1531614512205124,0.9960079789161682,0.551910400390625
YKL085W,YOR101W,0,-2.0391974,0.1531379520893097,0.9960079789161682,0.5520104169845581
YNL039W,YDR371W,0,-2.039223,0.153114452958107,0.9960079789161682,0.5521104335784912
YIL139C,YLR298C,0,-2.0393217,0.1530909687280655,0.9960079789161682,0.5522104501724243
YGL172W,YIL115C,1,-2.0393288,0.15322086215019226,0.9970059990882874,0.5522104501724243
YPR147C,YJR088C,0,-2.0393667,0.15319736301898956,0.9970059990882874,0.5523104667663574
YBR240C,YDR085C,0,-2.0395746,0.15317387878894806,0.9970059990882874,0.5524104833602905
YNL272C,YJR110W,0,-2.0397081,0.15315039455890656,0.9970059990882874,0.5525104999542236
YJR054W,YNL318C,0,-2.0397332,0.15312691032886505,0.9970059990882874,0.5526105165481567
YDR435C,YNL027W,0,-2.0399137,0.15310344099998474,0.9970059990882874,0.5527105331420898
YKL222C,YPR102C,0,-2.0399203,0.15307998657226562,0.9970059990882874,0.552810549736023
YML016C,YML130C,0,-2.040093,0.1530565321445465,0.9970059990882874,0.552910566329956
YKL065W-A,YER043C,0,-2.0401301,0.1530330926179886,0.9970059990882874,0.5530105829238892
YLR276C,YDR098C-B,0,-2.0401685,0.15300965309143066,0.9970059990882874,0.5531105995178223
YGR102C,YCR075C,0,-2.040401,0.15298621356487274,0.9970059990882874,0.5532106161117554
YEL055C,YBR100W,0,-2.040473,0.152962788939476,0.9970059990882874,0.5533106327056885
YGL253W,YLR013W,0,-2.0407515,0.15293937921524048,0.9970059990882874,0.5534107089042664
YER056C-A,YBR196C-A,0,-2.0407941,0.15291596949100494,0.9970059990882874,0.5535107254981995
YJL053W,YJL105W,0,-2.0408113,0.1528925597667694,0.9970059990882874,0.5536107420921326
YNR001C,YBL101W-B,0,-2.040852,0.15286916494369507,0.9970059990882874,0.5537107586860657
YML075C,YDR507C,0,-2.040967,0.15284577012062073,0.9970059990882874,0.5538107752799988
YDL056W,YFL002W-B,0,-2.0410452,0.15282239019870758,0.9970059990882874,0.5539107918739319
YPR085C,YGR067C,0,-2.041111,0.15279902517795563,0.9970059990882874,0.554010808467865
YPR071W,YGR161W-A,0,-2.0411305,0.15277566015720367,0.9970059990882874,0.5541108250617981
YIL084C,YBL028C,0,-2.0413084,0.15275229513645172,0.9970059990882874,0.5542108416557312
YLR084C,YGL184C,0,-2.041463,0.15272894501686096,0.9970059990882874,0.5543108582496643
YCR007C,YKR044W,0,-2.0415897,0.1527055948972702,0.9970059990882874,0.5544108748435974
YBR021W,YBR014C,0,-2.0416608,0.15268225967884064,0.9970059990882874,0.5545108914375305
YBR078W,YGR161C-C,0,-2.0418534,0.15265892446041107,0.9970059990882874,0.5546109080314636
YDL052C,YKL145W,0,-2.042057,0.1526356041431427,0.9970059990882874,0.5547109246253967
YER060W-A,YPL191C,0,-2.042172,0.15261228382587433,0.9970059990882874,0.5548109412193298
YKL170W,YKL212W,0,-2.042388,0.15258897840976715,0.9970059990882874,0.5549109578132629
YNL260C,YJL105W,0,-2.0425024,0.15256567299365997,0.9970059990882874,0.555010974407196
YGR189C,YDR504C,0,-2.0425282,0.1525423675775528,0.9970059990882874,0.5551110506057739
YDL088C,YHR053C,0,-2.0425453,0.1525190770626068,0.9970059990882874,0.555211067199707
YJL042W,YHR027C,0,-2.0425553,0.15249580144882202,0.9970059990882874,0.5553110837936401
YPR013C,YOL047C,0,-2.0425658,0.15247252583503723,0.9970059990882874,0.5554111003875732
YNL058C,YPL072W,0,-2.0425806,0.15244926512241364,0.9970059990882874,0.5555111169815063
YJL062W-A,YGR262C,0,-2.0426843,0.15242600440979004,0.9970059990882874,0.5556111335754395
YMR060C,YJL020C,0,-2.0427485,0.15240274369716644,0.9970059990882874,0.5557111501693726
YPR005C,YDR079W,0,-2.0430858,0.15237949788570404,0.9970059990882874,0.5558111667633057
YGL027C,YGR279C,0,-2.0430949,0.15235626697540283,0.9970059990882874,0.5559111833572388
YAR044W,YMR270C,0,-2.0432422,0.15233302116394043,0.9970059990882874,0.5560111999511719
YOR047C,YER137C-A,0,-2.0434856,0.15230980515480042,0.9970059990882874,0.556111216545105
YHR214C-C,YMR189W,0,-2.043513,0.1522865891456604,0.9970059990882874,0.5562112331390381
YHR124W,YGR243W,0,-2.0435166,0.15226337313652039,0.9970059990882874,0.5563112497329712
YCL048W-A,YDL212W,0,-2.0435486,0.15224017202854156,0.9970059990882874,0.5564112663269043
YLR422W,YGR155W,0,-2.0435948,0.15221697092056274,0.9970059990882874,0.5565112829208374
YMR219W,YLR342W,0,-2.04364,0.15219378471374512,0.9970059990882874,0.5566112995147705
YLR160C,YKL038W,0,-2.0436692,0.1521705985069275,0.9970059990882874,0.5567113161087036
YHR014W,YLR227W-A,0,-2.0437222,0.15214742720127106,0.9970059990882874,0.5568113327026367
YCR107W,YMR093W,0,-2.0437734,0.15212425589561462,0.9970059990882874,0.5569114089012146
YIL095W,YHR061C,0,-2.0437913,0.15210109949111938,0.9970059990882874,0.5570114254951477
YGR091W,YGR014W,0,-2.043826,0.15207794308662415,0.9970059990882874,0.5571114420890808
YCL048W-A,YBR092C,0,-2.0439644,0.1520548015832901,0.9970059990882874,0.5572114586830139
YPL162C,YMR274C,0,-2.0440192,0.15203166007995605,0.9970059990882874,0.557311475276947
YNL164C,YBL013W,0,-2.044177,0.152008518576622,0.9970059990882874,0.5574114918708801
YMR273C,YML128C,0,-2.0441868,0.15198539197444916,0.9970059990882874,0.5575115084648132
YBL031W,YDR462W,0,-2.0442972,0.1519622802734375,0.9970059990882874,0.5576115250587463
YOR315W,YPL134C,0,-2.0444646,0.15193916857242584,0.9970059990882874,0.5577115416526794
YDR210C-C,YGL161C,0,-2.0444736,0.15191605687141418,0.9970059990882874,0.5578115582466125
YKL046C,YPR082C,0,-2.0450895,0.15189296007156372,0.9970059990882874,0.5579115748405457
YBR075W,YDR435C,0,-2.045219,0.15186986327171326,0.9970059990882874,0.5580115914344788
YBR136W,YDR099W,0,-2.045277,0.151846781373024,0.9970059990882874,0.5581116080284119
YKL062W,YPL178W,0,-2.0454454,0.1518237143754959,0.9970059990882874,0.558211624622345
YOR209C,YGR070W,0,-2.0459223,0.15180063247680664,0.9970059990882874,0.5583116412162781
YGR099W,YML007W,0,-2.0459328,0.15177758038043976,0.9970059990882874,0.5584116578102112
YLR352W,YLR151C,0,-2.0460813,0.15175451338291168,0.9970059990882874,0.5585116744041443
YDR288W,YPR032W,0,-2.0462437,0.151731476187706,0.9970059990882874,0.5586117506027222
YPR181C,YLR013W,0,-2.0463352,0.1517084240913391,0.9970059990882874,0.5587117671966553
YEL036C,YOR081C,0,-2.0463943,0.15168538689613342,0.9970059990882874,0.5588117837905884
YDR175C,YLR410W-A,0,-2.0464072,0.15166236460208893,0.9970059990882874,0.5589118003845215
YNL206C,YDR004W,0,-2.0470133,0.15163934230804443,0.9970059990882874,0.5590118169784546
YCR077C,YBR108W,0,-2.0470243,0.15161633491516113,0.9970059990882874,0.5591118335723877
YNL003C,YNR018W,0,-2.0471969,0.15159332752227783,0.9970059990882874,0.5592118501663208
YNL240C,YIL169C,0,-2.047214,0.15157032012939453,0.9970059990882874,0.5593118667602539
YJL186W,YDR488C,0,-2.0473192,0.15154732763767242,0.9970059990882874,0.559411883354187
YGR026W,YDR334W,0,-2.047427,0.1515243500471115,0.9970059990882874,0.5595118999481201
YGR093W,YIL037C,0,-2.0474615,0.1515013575553894,0.9970059990882874,0.5596119165420532
YDR009W,YHL020C,0,-2.0474832,0.15147839486598969,0.9970059990882874,0.5597119331359863
YLR303W,YGL084C,0,-2.0477054,0.15145543217658997,0.9970059990882874,0.5598119497299194
YBR162C,YML075C,0,-2.0483098,0.15143246948719025,0.9970059990882874,0.5599119663238525
YCL060C,YDR448W,0,-2.0483341,0.15140952169895172,0.9970059990882874,0.5600119829177856
YDR210C-C,YGL255W,0,-2.0485678,0.1513865739107132,0.9970059990882874,0.5601119995117188
YOL082W,YMR051C,0,-2.0485709,0.15136364102363586,0.9970059990882874,0.5602120161056519
YKR028W,YLR118C,0,-2.04873,0.15134070813655853,0.9970059990882874,0.560312032699585
YLR394W,YJL221C,0,-2.0489278,0.1513177752494812,0.9970059990882874,0.5604121088981628
YER013W,YPL041C,0,-2.048966,0.15129487216472626,0.9970059990882874,0.560512125492096
YFL020C,YGL133W,0,-2.0492206,0.15127195417881012,0.9970059990882874,0.560612142086029
YDR365W-B,YKR081C,0,-2.0494528,0.15124905109405518,0.9970059990882874,0.5607121586799622
YKL087C,YJR155W,0,-2.049628,0.15122616291046143,0.9970059990882874,0.5608121752738953
YKR030W,YLR303W,0,-2.0496876,0.15120327472686768,0.9970059990882874,0.5609121918678284
YLL012W,YOR020W-A,0,-2.0497227,0.15118038654327393,0.9970059990882874,0.5610122084617615
YOL056W,YJR110W,0,-2.0498128,0.15115751326084137,0.9970059990882874,0.5611122250556946
YLR407W,YKL219W,0,-2.0499585,0.1511346399784088,0.9970059990882874,0.5612122416496277
YJR045C,YFR006W,0,-2.0499957,0.15111178159713745,0.9970059990882874,0.5613122582435608
YKR057W,YFR024C,0,-2.0504947,0.1510889232158661,0.9970059990882874,0.5614122748374939
YDR295C,YJL129C,0,-2.0506773,0.15106607973575592,0.9970059990882874,0.561512291431427
YLR353W,YCR094W,0,-2.0507307,0.15104323625564575,0.9970059990882874,0.5616123080253601
YBL006C,YMR231W,0,-2.050856,0.15102040767669678,0.9970059990882874,0.5617123246192932
YLR035C,YPL256C,0,-2.0509531,0.1509975790977478,0.9970059990882874,0.5618123412132263
YDL130W,YER065C,0,-2.050959,0.15097476541996002,0.9970059990882874,0.5619123578071594
YDR056C,YNL199C,0,-2.0510702,0.15095195174217224,0.9970059990882874,0.5620123744010925
YER113C,YMR265C,0,-2.0511055,0.15092913806438446,0.9970059990882874,0.5621124505996704
YHR061C,YER074W-A,0,-2.0511131,0.15090633928775787,0.9970059990882874,0.5622124671936035
YPL259C,YER063W,0,-2.051382,0.15088355541229248,0.9970059990882874,0.5623124837875366
YOL116W,YPR158W-A,0,-2.0515566,0.1508607715368271,0.9970059990882874,0.5624125003814697
YMR073C,YNL249C,0,-2.0517848,0.1508379876613617,0.9970059990882874,0.5625125169754028
YPR187W,YOR083W,0,-2.0518174,0.1508152186870575,0.9970059990882874,0.5626125335693359
YHR214C-C,YCL059C,0,-2.0518503,0.1507924497127533,0.9970059990882874,0.562712550163269
YHL007C,YKL219W,0,-2.0518684,0.1507696956396103,0.9970059990882874,0.5628125667572021
YDR098C-B,YER127W,0,-2.0518723,0.15074694156646729,0.9970059990882874,0.5629125833511353
YDR018C,YPL191C,0,-2.0518947,0.15072420239448547,0.9970059990882874,0.5630125999450684
YCR097WB,YDL065C,0,-2.0519865,0.15070146322250366,0.9970059990882874,0.5631126165390015
YBR281C,YMR231W,0,-2.0520158,0.15067873895168304,0.9970059990882874,0.5632126331329346
YKR030W,YHR080C,0,-2.0522041,0.15065601468086243,0.9970059990882874,0.5633126497268677
YMR052W,YDL067C,0,-2.0522091,0.1506332904100418,0.9970059990882874,0.5634126663208008
YPL132W,YLR288C,0,-2.0522242,0.15061058104038239,0.9970059990882874,0.5635126829147339
YLR260W,YNL015W,0,-2.052233,0.15058788657188416,0.9970059990882874,0.563612699508667
YDR098C-B,YMR290C,0,-2.0523443,0.15056517720222473,0.9970059990882874,0.5637127161026001
YPL176C,YAL041W,0,-2.052702,0.1505424976348877,0.9970059990882874,0.563812792301178
YDL073W,YOL052C,0,-2.052741,0.15051981806755066,0.9970059990882874,0.5639128088951111
YMR214W,YLR103C,0,-2.0527897,0.15049713850021362,0.9970059990882874,0.5640128254890442
YDR210C-C,YLR303W,0,-2.052892,0.15047447383403778,0.9970059990882874,0.5641128420829773
YIL112W,YER062C,0,-2.053082,0.15045180916786194,0.9970059990882874,0.5642128586769104
YFR009W,YJR159W,0,-2.05313,0.1504291594028473,0.9970059990882874,0.5643128752708435
YGL094C,YLR014C,0,-2.0533412,0.15040650963783264,0.9970059990882874,0.5644128918647766
YNL095C,YHR074W,0,-2.0534782,0.150383859872818,0.9970059990882874,0.5645129084587097
YNL003C,YLR353W,0,-2.0535207,0.15036122500896454,0.9970059990882874,0.5646129250526428
YIL126W,YLR442C,0,-2.0536003,0.15033860504627228,0.9970059990882874,0.5647129416465759
YNL227C,YOL122C,0,-2.0536075,0.15031598508358002,0.9970059990882874,0.564812958240509
YGR129W,YBR100W,0,-2.0538151,0.15029336512088776,0.9970059990882874,0.5649129748344421
YLR395C,YHL020C,0,-2.05384,0.1502707600593567,0.9970059990882874,0.5650129914283752
YDR405W,YNL265C,0,-2.0540257,0.15024815499782562,0.9970059990882874,0.5651130080223083
YKL087C,YHL035C,0,-2.054222,0.15022556483745575,0.9970059990882874,0.5652130246162415
YKL156W,YOR378W,0,-2.054246,0.15020297467708588,0.9970059990882874,0.5653130412101746
YPR071W,YMR154C,0,-2.054327,0.1501803994178772,0.9970059990882874,0.5654130578041077
YBR065C,YML064C,0,-2.05452,0.15015782415866852,0.9970059990882874,0.5655130743980408
YNL098C,YKL134C,0,-2.0545354,0.15013526380062103,0.9970059990882874,0.5656131505966187
YER064C,YFL013C,0,-2.0546298,0.15011270344257355,0.9970059990882874,0.5657131671905518
YER089C,YLR297W,0,-2.054783,0.15009014308452606,0.9970059990882874,0.5658131837844849
YDR376W,YBR281C,0,-2.0551295,0.15006759762763977,0.9970059990882874,0.565913200378418
YDR248C,YBL022C,0,-2.055209,0.15004505217075348,0.9970059990882874,0.5660132169723511
YFR042W,YBL054W,0,-2.0553992,0.15002252161502838,0.9970059990882874,0.5661132335662842
YBR179C,YAL014C,0,-2.0556118,0.15000000596046448,0.9970059990882874,0.5662132501602173
YGR007W,YBR200W,0,-2.055829,0.14997747540473938,0.9970059990882874,0.5663132667541504
YJL041W,YOR020W-A,0,-2.0559578,0.14995497465133667,0.9970059990882874,0.5664132833480835
YDR462W,YKL134C,0,-2.0560634,0.14993245899677277,0.9970059990882874,0.5665132999420166
YML096W,YOL042W,0,-2.0562205,0.14990995824337006,0.9970059990882874,0.5666133165359497
YPL162C,YGL030W,0,-2.056359,0.14988747239112854,0.9970059990882874,0.5667133331298828
YDL114W,YPL249C,0,-2.0565333,0.14986498653888702,0.9970059990882874,0.5668133497238159
YBL017C,YGL006W,0,-2.0566268,0.1498425006866455,0.9970059990882874,0.566913366317749
YHR191C,YOR303W,0,-2.0567076,0.14982002973556519,0.9970059990882874,0.5670133829116821
YAL058W,YMR166C,0,-2.0568001,0.14979757368564606,0.9970059990882874,0.5671133995056152
YPR186C,YDL088C,0,-2.0569339,0.14977511763572693,0.9970059990882874,0.5672134160995483
YHR074W,YIL096C,0,-2.056981,0.1497526615858078,0.9970059990882874,0.5673134922981262
YHR012W,YLR228C,0,-2.057345,0.14973022043704987,0.9970059990882874,0.5674135088920593
YOR193W,YJL154C,0,-2.0576437,0.14970777928829193,0.9970059990882874,0.5675135254859924
YAR044W,YCL034W,0,-2.0577705,0.1496853530406952,0.9970059990882874,0.5676135420799255
YDR208W,YNL015W,0,-2.0578804,0.14966292679309845,0.9970059990882874,0.5677135586738586
YHR129C,YGL204C,0,-2.0579696,0.1496405005455017,0.9970059990882874,0.5678135752677917
YBR044C,YDR504C,0,-2.058097,0.14961808919906616,0.9970059990882874,0.5679135918617249
YPR071W,YGR209C,0,-2.0581484,0.1495956927537918,0.9970059990882874,0.568013608455658
YFR029W,YBL064C,0,-2.0581832,0.14957329630851746,0.9970059990882874,0.5681136250495911
YLL010C,YCL040W,0,-2.0582676,0.1495508998632431,0.9970059990882874,0.5682136416435242
YCL056C,YMR155W,0,-2.058364,0.14952851831912994,0.9970059990882874,0.5683136582374573
YHR012W,YCL043C,0,-2.0584369,0.14950613677501678,0.9970059990882874,0.5684136748313904
YML037C,YCR079W,0,-2.0585504,0.14948377013206482,0.9970059990882874,0.5685136914253235
YBR242W,YPR025C,0,-2.0590901,0.14946140348911285,0.9970059990882874,0.5686137080192566
YLL049W,YMR113W,0,-2.0592406,0.1494390368461609,0.9970059990882874,0.5687137246131897
YGL141W,YIL017C,0,-2.059404,0.14941668510437012,0.9970059990882874,0.5688137412071228
YEL024W,YDL184C,0,-2.05963,0.14939434826374054,0.9970059990882874,0.5689137578010559
YPL283C,YDR017C,0,-2.0596724,0.14937201142311096,0.9970059990882874,0.569013774394989
YHR214C-C,YLR058C,0,-2.059694,0.14934967458248138,0.9970059990882874,0.5691138505935669
YLR114C,YCR016W,0,-2.05974,0.149327352643013,0.9970059990882874,0.5692138671875
YPR025C,YLR353W,0,-2.0598514,0.14930503070354462,0.9970059990882874,0.5693138837814331
YDR155C,YDR034C-D,0,-2.0599608,0.14928272366523743,0.9970059990882874,0.5694139003753662
YOR081C,YHL009W-B,0,-2.060085,0.14926041662693024,0.9970059990882874,0.5695139169692993
YHR140W,YDR014W,0,-2.0601273,0.14923812448978424,0.9970059990882874,0.5696139335632324
YGL051W,YHR154W,0,-2.0601885,0.14921583235263824,0.9970059990882874,0.5697139501571655
YOR292C,YPR147C,0,-2.060198,0.14919355511665344,0.9970059990882874,0.5698139667510986
YJL092W,YBR108W,0,-2.060453,0.14917127788066864,0.9970059990882874,0.5699139833450317
YJR103W,YAL019W,0,-2.060493,0.14914900064468384,0.9970059990882874,0.5700139999389648
YIL099W,YNL289W,0,-2.0605018,0.14912673830986023,0.9970059990882874,0.570114016532898
YPL123C,YOR079C,0,-2.060536,0.14910447597503662,0.9970059990882874,0.570214033126831
YBL101W-B,YPL178W,0,-2.060804,0.1490822285413742,0.9970059990882874,0.5703140497207642
YLR136C,YHR096C,0,-2.0610137,0.1490599811077118,0.9970059990882874,0.5704140663146973
YDL209C,YIL121W,0,-2.0611093,0.14903774857521057,0.9970059990882874,0.5705140829086304
YER013W,YJL143W,0,-2.0613327,0.14901551604270935,0.9970059990882874,0.5706140995025635
YER060W-A,YER103W,0,-2.0613809,0.14899328351020813,0.9970059990882874,0.5707141160964966
YJL187C,YLR439W,0,-2.0616527,0.1489710658788681,0.9970059990882874,0.5708141922950745
YDR208W,YGR026W,0,-2.0616941,0.14894886314868927,0.9970059990882874,0.5709142088890076
YDL237W,YIL121W,0,-2.0617425,0.14892666041851044,0.9970059990882874,0.5710142254829407
YMR205C,YLR018C,0,-2.0620718,0.1489044576883316,0.9970059990882874,0.5711142420768738
YJR133W,YBR098W,0,-2.0622873,0.14888226985931396,0.9970059990882874,0.5712142586708069
YOR361C,YJR110W,0,-2.0626156,0.14886008203029633,0.9970059990882874,0.57131427526474
YGR235C,YMR315W,0,-2.0626702,0.14883790910243988,0.9970059990882874,0.5714142918586731
YHL007C,YER144C,0,-2.0628128,0.14881573617458344,0.9970059990882874,0.5715143084526062
YIL162W,YDR158W,0,-2.062813,0.148793563246727,0.9970059990882874,0.5716143250465393
YOR064C,YNL072W,0,-2.062854,0.14877140522003174,0.9970059990882874,0.5717143416404724
YLR395C,YGL161C,0,-2.063441,0.14874926209449768,0.9970059990882874,0.5718143582344055
YBL039W-A,YOL017W,0,-2.0634692,0.14872710406780243,0.9970059990882874,0.5719143748283386
YLR443W,YPL269W,0,-2.0635414,0.14870497584342957,0.9970059990882874,0.5720143914222717
YNL086W,YMR315W,0,-2.0636544,0.1486828327178955,0.9970059990882874,0.5721144080162048
YOR057W,YGR168C,0,-2.0636563,0.14866071939468384,0.9970059990882874,0.5722144246101379
YCR097WB,YHL024W,0,-2.0637248,0.14863859117031097,0.9970059990882874,0.572314441204071
YML132W,YLR425W,0,-2.0639129,0.1486164778470993,0.9970059990882874,0.5724144577980042
YLR272C,YHR147C,0,-2.0640426,0.14859437942504883,0.9970059990882874,0.5725144743919373
YHR212W-A,YER008C,0,-2.0640593,0.14857228100299835,0.9970059990882874,0.5726145505905151
YGR161C-C,YLR215C,0,-2.0642347,0.14855018258094788,0.9970059990882874,0.5727145671844482
YJL113W,YBR168W,0,-2.0644774,0.1485280990600586,0.9970059990882874,0.5728145837783813
YIL173W,YNL218W,0,-2.0646136,0.1485060155391693,0.9970059990882874,0.5729146003723145
YOR343W-A,YJL187C,0,-2.0647912,0.14848394691944122,0.9970059990882874,0.5730146169662476
YGR072W,YBL039W-A,0,-2.0649037,0.14846187829971313,0.9970059990882874,0.5731146335601807
YKL064W,YHR079C-B,0,-2.0649047,0.14843982458114624,0.9970059990882874,0.5732146501541138
YOL049W,YGR070W,0,-2.0651,0.14841777086257935,0.9970059990882874,0.5733146667480469
YIL127C,YNL339C,0,-2.0652175,0.14839571714401245,0.9970059990882874,0.57341468334198
YIL068C,YOL100W,0,-2.0655475,0.14837367832660675,0.9970059990882874,0.5735146999359131
YDR210C-C,YJR074W,0,-2.065629,0.14835165441036224,0.9970059990882874,0.5736147165298462
YJR111C,YAL007C,0,-2.0659542,0.14832961559295654,0.9970059990882874,0.5737147331237793
YOR083W,YOR020W-A,0,-2.0659766,0.14830760657787323,0.9970059990882874,0.5738147497177124
YCR072C,YDR080W,0,-2.0660534,0.14828558266162872,0.9970059990882874,0.5739147663116455
YNL298W,YOR383C,0,-2.06607,0.1482635736465454,0.9970059990882874,0.5740147829055786
YER039C,YJL042W,0,-2.0663362,0.1482415795326233,0.9970059990882874,0.5741147994995117
YKL065W-A,YJR046W,0,-2.0665503,0.14821958541870117,0.9970059990882874,0.5742148160934448
YPR097W,YMR060C,0,-2.0666718,0.14819759130477905,0.9970059990882874,0.5743148922920227
YER110C,YFL002W-B,0,-2.0666935,0.14817561209201813,0.9970059990882874,0.5744149088859558
YJR068W,YNL098C,0,-2.0668764,0.1481536477804184,0.9970059990882874,0.5745149254798889
YOR093C,YBR044C,0,-2.067118,0.14813166856765747,0.9970059990882874,0.574614942073822
YCR021C,YPL168W,0,-2.0672286,0.14810970425605774,0.9970059990882874,0.5747149586677551
YLR466W,YPL283C,0,-2.0672483,0.1480877548456192,0.9970059990882874,0.5748149752616882
YDL171C,YPL137C,0,-2.0672612,0.14806580543518066,0.9970059990882874,0.5749149918556213
YGL070C,YNL272C,0,-2.0675228,0.14804387092590332,0.9970059990882874,0.5750150084495544
YOR027W,YLR106C,0,-2.0675387,0.14802193641662598,0.9970059990882874,0.5751150250434875
YGR197C,YBL021C,0,-2.0675893,0.14800000190734863,0.9970059990882874,0.5752150416374207
YDL237W,YKR008W,0,-2.067608,0.14797808229923248,0.9970059990882874,0.5753150582313538
YGL162W,YFL039C,0,-2.0676568,0.14795616269111633,0.9970059990882874,0.5754150748252869
YMR184W,YLR197W,0,-2.0678124,0.14793425798416138,0.9970059990882874,0.57551509141922
YGL161C,YOR145C,0,-2.067861,0.14791235327720642,0.9970059990882874,0.5756151080131531
YGR058W,YJR155W,0,-2.067885,0.14789044857025146,0.9970059990882874,0.5757151246070862
YHL023C,YFL044C,0,-2.0679417,0.1478685587644577,0.9970059990882874,0.5758151412010193
YKL079W,YDL018C,0,-2.0679557,0.14784668385982513,0.9970059990882874,0.5759151577949524
YFL026W,YGR031W,0,-2.0679843,0.14782479405403137,0.9970059990882874,0.5760151743888855
YAL058W,YPL256C,0,-2.0682359,0.14780293405056,0.9970059990882874,0.5761152505874634
YCR107W,YMR315W,0,-2.0685058,0.14778105914592743,0.9970059990882874,0.5762152671813965
YGR254W,YBR002C,0,-2.0685525,0.14775921404361725,0.9970059990882874,0.5763152837753296
YOR147W,YNL040W,0,-2.0686042,0.14773735404014587,0.9970059990882874,0.5764153003692627
YLR425W,YOL158C,0,-2.0689044,0.1477155089378357,0.9970059990882874,0.5765153169631958
YDR079W,YOR110W,0,-2.0690134,0.1476936787366867,0.9970059990882874,0.5766153335571289
YHR155W,YDR080W,0,-2.0692868,0.14767183363437653,0.9970059990882874,0.576715350151062
YBR078W,YKL020C,0,-2.069363,0.14765001833438873,0.9970059990882874,0.5768153667449951
YOR017W,YNL320W,0,-2.069508,0.14762820303440094,0.9970059990882874,0.5769153833389282
YML055W,YKR088C,0,-2.0695107,0.14760638773441315,0.9970059990882874,0.5770153999328613
YKL065W-A,YGL030W,0,-2.0697677,0.14758457243442535,0.9970059990882874,0.5771154165267944
YGL022W,YDL127W,0,-2.0698311,0.14756277203559875,0.9970059990882874,0.5772154331207275
YER154W,YGL021W,0,-2.0698643,0.14754098653793335,0.9970059990882874,0.5773154497146606
YMR041C,YCL044C,0,-2.0700183,0.14751920104026794,0.9970059990882874,0.5774154663085938
YLR227W-A,YKL027W,0,-2.070066,0.14749741554260254,0.9970059990882874,0.5775154829025269
YJR002W,YPR158W-A,0,-2.070188,0.14747564494609833,0.9970059990882874,0.57761549949646
YGR235C,YAL007C,0,-2.0702095,0.14745387434959412,0.9970059990882874,0.5777155160903931
YEL024W,YLR154W-C,0,-2.0705438,0.1474321186542511,0.9970059990882874,0.577815592288971
YLR298C,YOR132W,0,-2.0708394,0.14741036295890808,0.9970059990882874,0.577915608882904
YIL061C,YOR106W,0,-2.0708652,0.14738860726356506,0.9970059990882874,0.5780156254768372
YML130C,YBR276C,0,-2.0711153,0.14736686646938324,0.9970059990882874,0.5781156420707703
YNL194C,YOL111C,0,-2.0711222,0.14734512567520142,0.9970059990882874,0.5782156586647034
YKR030W,YKL150W,0,-2.0711403,0.1473233997821808,0.9970059990882874,0.5783156752586365
YDR257C,YKL043W,0,-2.071256,0.14730167388916016,0.9970059990882874,0.5784156918525696
YOL004W,YFL002W-B,0,-2.0712738,0.14727996289730072,0.9970059990882874,0.5785157084465027
YLR298C,YCR009C,0,-2.0714195,0.14725825190544128,0.9970059990882874,0.5786157250404358
YNL098C,YBR253W,0,-2.0714731,0.14723655581474304,0.9970059990882874,0.5787157416343689
YMR315W,YLR425W,0,-2.0715957,0.1472148597240448,0.9970059990882874,0.578815758228302
YPL275W,YDR153C,0,-2.071745,0.14719316363334656,0.9970059990882874,0.5789157748222351
YJR102C,YFL002W-B,0,-2.0722063,0.1471714824438095,0.9970059990882874,0.5790157914161682
YDL065C,YNL243W,0,-2.072266,0.14714980125427246,0.9970059990882874,0.5791158080101013
YML040W,YOL115W,0,-2.072361,0.1471281349658966,0.9970059990882874,0.5792158246040344
YGL172W,YOR064C,0,-2.072471,0.14710646867752075,0.9970059990882874,0.5793158411979675
YLR056W,YNL027W,0,-2.072512,0.1470848023891449,0.9970059990882874,0.5794158577919006
YEL034W,YKL012W,0,-2.0725203,0.14706315100193024,0.9970059990882874,0.5795158743858337
YGR052W,YOR256C,0,-2.0726955,0.14704151451587677,0.9970059990882874,0.5796159505844116
YJR097W,YGL128C,0,-2.0727692,0.1470198631286621,0.9970059990882874,0.5797159671783447
YKL176C,YPL130W,0,-2.072877,0.14699824154376984,0.9970059990882874,0.5798159837722778
YDR156W,YKL134C,0,-2.072936,0.14697660505771637,0.9970059990882874,0.5799160003662109
YDL084W,YHR214C-C,0,-2.0732062,0.1469549834728241,0.9970059990882874,0.580016016960144
YLR342W,YJR033C,0,-2.0732625,0.14693337678909302,0.9970059990882874,0.5801160335540771
YPL191C,YLR160C,0,-2.073399,0.14691177010536194,0.9970059990882874,0.5802160501480103
YPR097W,YMR205C,0,-2.0734148,0.14689016342163086,0.9970059990882874,0.5803160667419434
YBR070C,YGR102C,0,-2.073419,0.14686857163906097,0.9970059990882874,0.5804160833358765
YKR059W,YHL021C,0,-2.0735226,0.1468469798564911,0.9970059990882874,0.5805160999298096
YNL240C,YDL015C,0,-2.073598,0.1468254029750824,0.9970059990882874,0.5806161165237427
YOR299W,YOR077W,0,-2.073646,0.1468038260936737,0.9970059990882874,0.5807161331176758
YLR118C,YDR365W-B,0,-2.073853,0.14678224921226501,0.9970059990882874,0.5808161497116089
YLR369W,YMR235C,0,-2.074019,0.14676068723201752,0.9970059990882874,0.580916166305542
YLR389C,YBR100W,0,-2.0741081,0.14673912525177002,0.9970059990882874,0.5810161828994751
YGR070W,YKR031C,0,-2.0748234,0.14671757817268372,0.9970059990882874,0.5811161994934082
YPL013C,YFL051C,0,-2.0749335,0.1466960310935974,0.9970059990882874,0.5812162160873413
YGR135W,YIL121W,0,-2.0749896,0.1466744989156723,0.9970059990882874,0.5813162922859192
YGL038C,YPL116W,0,-2.0750327,0.1466529667377472,0.9970059990882874,0.5814163088798523
YER164W,YOR291W,0,-2.0750818,0.14663143455982208,0.9970059990882874,0.5815163254737854
YHR124W,YOR234C,0,-2.0751586,0.14660991728305817,0.9970059990882874,0.5816163420677185
YJR045C,YHR207C,0,-2.0757732,0.14658841490745544,0.9970059990882874,0.5817163586616516
YLR215C,YFL002W-B,0,-2.0760765,0.14656689763069153,0.9970059990882874,0.5818163752555847
YNL252C,YFL054C,0,-2.0762978,0.1465453952550888,0.9970059990882874,0.5819163918495178
YBR054W,YJL050W,0,-2.076357,0.14652390778064728,0.9970059990882874,0.5820164084434509
YPR153W,YLR053C,0,-2.0764885,0.14650242030620575,0.9970059990882874,0.582116425037384
YOR172W,YFL002W-B,0,-2.076585,0.14648093283176422,0.9970059990882874,0.5822164416313171
YPL196W,YER019W,0,-2.0766554,0.1464594602584839,0.9970059990882874,0.5823164582252502
YDL046W,YLR023C,0,-2.0767312,0.14643798768520355,0.9970059990882874,0.5824164748191833
YLL018C-A,YPL132W,0,-2.0767581,0.1464165300130844,0.9970059990882874,0.5825164914131165
YCR007C,YPL178W,0,-2.0767772,0.14639507234096527,0.9970059990882874,0.5826165080070496
YPL132W,YLL022C,0,-2.076833,0.14637362957000732,0.9970059990882874,0.5827165246009827
YLR442C,YNR019W,0,-2.0769782,0.14635218679904938,0.9970059990882874,0.5828165411949158
YER102W,YHR132W-A,0,-2.0770588,0.14633074402809143,0.9970059990882874,0.5829165577888489
YOR293W,YDR258C,0,-2.0774899,0.14630931615829468,0.9970059990882874,0.583016574382782
YKL095W,YDR125C,0,-2.0775554,0.14628788828849792,0.9970059990882874,0.5831166505813599
YDR295C,YNL289W,0,-2.0776618,0.14626647531986237,0.9970059990882874,0.583216667175293
YDL114W,YDL236W,0,-2.077683,0.1462450623512268,0.9970059990882874,0.5833166837692261
YNL219C,YLR297W,0,-2.0777953,0.14622364938259125,0.9970059990882874,0.5834167003631592
YGL047W,YHR047C,0,-2.0778537,0.14620225131511688,0.9970059990882874,0.5835167169570923
YBR062C,YEL002C,0,-2.0780287,0.14618085324764252,0.9970059990882874,0.5836167335510254
YPL241C,YGR054W,0,-2.0781362,0.14615947008132935,0.9970059990882874,0.5837167501449585
YOL039W,YNL314W,0,-2.0782628,0.14613808691501617,0.9970059990882874,0.5838167667388916
YLR204W,YLR362W,0,-2.0783398,0.1461167186498642,0.9970059990882874,0.5839167833328247
YDR257C,YOR132W,0,-2.0788064,0.14609535038471222,0.9970059990882874,0.5840167999267578
YKL156W,YHL009W-B,0,-2.0788198,0.14607398211956024,0.9970059990882874,0.5841168165206909
YMR219W,YLR061W,0,-2.0789046,0.14605262875556946,0.9970059990882874,0.584216833114624
YGL001C,YPL041C,0,-2.079128,0.14603127539157867,0.9970059990882874,0.5843168497085571
YOR032C,YOR378W,0,-2.0791583,0.14600993692874908,0.9970059990882874,0.5844168663024902
YCL060C,YML132W,0,-2.0791967,0.1459885984659195,0.9970059990882874,0.5845168828964233
YPL137C,YLR090W,0,-2.079332,0.1459672749042511,0.9970059990882874,0.5846168994903564
YGL018C,YEL002C,0,-2.0794132,0.1459459513425827,0.9970059990882874,0.5847169160842896
YPL176C,YDR342C,0,-2.0802293,0.1459246277809143,0.9970059990882874,0.5848169922828674
YDL224C,YGL204C,0,-2.0802732,0.1459033191204071,0.9970059990882874,0.5849170088768005
YLR079W,YER062C,0,-2.0803115,0.1458820104598999,0.9970059990882874,0.5850170254707336
YJR051W,YFL051C,0,-2.0803232,0.1458607167005539,0.9970059990882874,0.5851170420646667
YJR053W,YKL185W,0,-2.0804012,0.14583942294120789,0.9970059990882874,0.5852170586585999
YDR437W,YBR044C,0,-2.080418,0.14581812918186188,0.9970059990882874,0.585317075252533
YDR515W,YOR117W,0,-2.080471,0.14579685032367706,0.9970059990882874,0.5854170918464661
YOL003C,YNL265C,0,-2.0806708,0.14577557146549225,0.9970059990882874,0.5855171084403992
YBR142W,YKL146W,0,-2.0808043,0.14575430750846863,0.9970059990882874,0.5856171250343323
YDR155C,YPL103C,0,-2.0808878,0.145733043551445,0.9970059990882874,0.5857171416282654
YHR214C-C,YOR234C,0,-2.0813942,0.1457117795944214,0.9970059990882874,0.5858171582221985
YLR362W,YPL086C,0,-2.0814614,0.14569053053855896,0.9970059990882874,0.5859171748161316
YJL062W-A,YGR246C,0,-2.081516,0.14566929638385773,0.9970059990882874,0.5860171914100647
YBR143C,YLR160C,0,-2.0815992,0.1456480473279953,0.9970059990882874,0.5861172080039978
YLR403W,YJR052W,0,-2.0816526,0.14562682807445526,0.9970059990882874,0.5862172245979309
YHR014W,YDL184C,0,-2.0817213,0.14560559391975403,0.9970059990882874,0.586317241191864
YHR216W,YOR113W,0,-2.0817401,0.145584374666214,0.9970059990882874,0.5864172577857971
YOR278W,YLL018C,0,-2.0818753,0.14556317031383514,0.9970059990882874,0.5865172743797302
YLR004C,YOL067C,0,-2.0819278,0.1455419510602951,0.9970059990882874,0.5866173505783081
YDR210C-C,YDR363W-A,0,-2.0821047,0.14552076160907745,0.9970059990882874,0.5867173671722412
YGR053C,YLR078C,0,-2.0822105,0.1454995572566986,0.9970059990882874,0.5868173837661743
YOR090C,YBR175W,0,-2.0823357,0.14547836780548096,0.9970059990882874,0.5869174003601074
YDL236W,YHR087W,0,-2.0826025,0.1454571932554245,0.9970059990882874,0.5870174169540405
YOR132W,YMR164C,0,-2.082812,0.14543601870536804,0.9970059990882874,0.5871174335479736
YJL092W,YBR136W,0,-2.0832522,0.14541484415531158,0.9970059990882874,0.5872174501419067
YBR098W,YMR205C,0,-2.0832675,0.14539368450641632,0.9970059990882874,0.5873174667358398
YLR065C,YJL079C,0,-2.0833302,0.14537252485752106,0.9970059990882874,0.587417483329773
YER020W,YBR002C,0,-2.0834777,0.145351380109787,0.9970059990882874,0.587517499923706
YOR156C,YNL260C,0,-2.083527,0.14533023536205292,0.9970059990882874,0.5876175165176392
YGL174W,YGR004W,0,-2.0835884,0.14530909061431885,0.9970059990882874,0.5877175331115723
YDR458C,YPL178W,0,-2.083613,0.14528796076774597,0.9970059990882874,0.5878175497055054
YKR106W,YKL150W,0,-2.0836525,0.1452668309211731,0.9970059990882874,0.5879175662994385
YGR091W,YPR159W,0,-2.0837913,0.1452457159757614,0.9970059990882874,0.5880175828933716
YIL112W,YCL018W,0,-2.0842109,0.14522460103034973,0.9970059990882874,0.5881175994873047
YGL252C,YDR529C,0,-2.0843427,0.14520348608493805,0.9970059990882874,0.5882176160812378
YDR140W,YPL031C,0,-2.0843816,0.14518238604068756,0.9970059990882874,0.5883176922798157
YIR002C,YLR154W-C,0,-2.0845199,0.14516128599643707,0.9970059990882874,0.5884177088737488
YJL157C,YBL005W-B,0,-2.0847502,0.14514020085334778,0.9970059990882874,0.5885177254676819
YGR102C,YPL111W,0,-2.0849657,0.14511911571025848,0.9970059990882874,0.588617742061615
YER089C,YKL085W,0,-2.085026,0.14509804546833038,0.9970059990882874,0.5887177586555481
YLR154C,YPL162C,0,-2.0850658,0.1450769603252411,0.9970059990882874,0.5888177752494812
YJL042W,YIL084C,0,-2.085216,0.14505590498447418,0.9970059990882874,0.5889177918434143
YLR136C,YPR005C,0,-2.0854843,0.14503484964370728,0.9970059990882874,0.5890178084373474
YBR100W,YIL124W,0,-2.0855477,0.14501379430294037,0.9970059990882874,0.5891178250312805
YBR075W,YDR092W,0,-2.0856178,0.14499273896217346,0.9970059990882874,0.5892178416252136
YOL152W,YLR272C,0,-2.0856595,0.14497169852256775,0.9970059990882874,0.5893178582191467
YNL199C,YFL002W-B,0,-2.085702,0.14495067298412323,0.9970059990882874,0.5894178748130798
YJL113W,YBR044C,0,-2.0858638,0.14492963254451752,0.9970059990882874,0.5895178914070129
YOL116W,YNL194C,0,-2.0859203,0.1449086219072342,0.9970059990882874,0.589617908000946
YDR515W,YLR433C,0,-2.0861928,0.14488759636878967,0.9970059990882874,0.5897179245948792
YOR172W,YJR065C,0,-2.0863764,0.14486658573150635,0.9970059990882874,0.5898179411888123
YIL085C,YPR071W,0,-2.0863907,0.14484558999538422,0.9970059990882874,0.5899179577827454
YDR009W,YCL043C,0,-2.086391,0.14482459425926208,0.9970059990882874,0.5900179743766785
YKL033W,YCR009C,0,-2.0864434,0.14480359852313995,0.9970059990882874,0.5901180505752563
YDR170C,YNR019W,0,-2.0865917,0.14478260278701782,0.9970059990882874,0.5902180671691895
YJR085C,YER174C,0,-2.0868678,0.14476162195205688,0.9970059990882874,0.5903180837631226
YLR056W,YIL013C,0,-2.0870914,0.14474065601825714,0.9970059990882874,0.5904181003570557
YPL275W,YJR002W,0,-2.0871515,0.1447196900844574,0.9970059990882874,0.5905181169509888
YOL003C,YGR052W,0,-2.0871654,0.14469872415065765,0.9970059990882874,0.5906181335449219
YGL015C,YOR043W,0,-2.0873585,0.1446777731180191,0.9970059990882874,0.590718150138855
YLR115W,YLR116W,0,-2.0873635,0.14465682208538055,0.9970059990882874,0.5908181667327881
YNL252C,YPL002C,0,-2.0875955,0.144635871052742,0.9970059990882874,0.5909181833267212
YBR298C,YFL002W-B,0,-2.0876253,0.14461493492126465,0.9970059990882874,0.5910181999206543
YER138C,YHR154W,0,-2.0876782,0.1445940136909485,0.9970059990882874,0.5911182165145874
YBR070C,YER013W,0,-2.0877144,0.14457307755947113,0.9970059990882874,0.5912182331085205
YLR203C,YPR151C,0,-2.0877476,0.14455215632915497,0.9970059990882874,0.5913182497024536
YDR427W,YER008C,0,-2.0878608,0.14453125,0.9970059990882874,0.5914182662963867
YPR085C,YKR031C,0,-2.0880394,0.14451034367084503,0.9970059990882874,0.5915182828903198
YJL114W,YGL259W,0,-2.0882223,0.14448943734169006,0.9970059990882874,0.5916182994842529
YGL124C,YDR356W,0,-2.0882585,0.1444685459136963,0.9970059990882874,0.591718316078186
YOL052C-A,YJL173C,0,-2.0882878,0.14444765448570251,0.9970059990882874,0.5918183922767639
YER071C,YFL020C,0,-2.0885024,0.14442677795886993,0.9970059990882874,0.591918408870697
YBL085W,YDR488C,0,-2.0885906,0.14440590143203735,0.9970059990882874,0.5920184254646301
YBR218C,YDL237W,0,-2.0886316,0.14438502490520477,0.9970059990882874,0.5921184420585632
YJR046W,YBL084C,0,-2.0888333,0.1443641632795334,0.9970059990882874,0.5922184586524963
YNL073W,YGR229C,0,-2.0890782,0.144343301653862,0.9970059990882874,0.5923184752464294
YDR248C,YPL241C,0,-2.089092,0.1443224549293518,0.9970059990882874,0.5924184918403625
YBR179C,YGL047W,0,-2.0891411,0.1443016082048416,0.9970059990882874,0.5925185084342957
YLR166C,YMR205C,0,-2.089201,0.14428076148033142,0.9970059990882874,0.5926185250282288
YHL035C,YKL155C,0,-2.0894022,0.14425992965698242,0.9970059990882874,0.5927185416221619
YLR035C,YMR269W,0,-2.0894115,0.14423909783363342,0.9970059990882874,0.592818558216095
YML064C,YKL051W,0,-2.0898066,0.14421828091144562,0.9970059990882874,0.5929185748100281
YMR073C,YOR240W,0,-2.0898678,0.1441974639892578,0.9970059990882874,0.5930185914039612
YHR152W,YGR283C,0,-2.0898948,0.14417664706707,0.9970059990882874,0.5931186079978943
YNL206C,YHR039C-B,0,-2.0900934,0.1441558450460434,0.9970059990882874,0.5932186245918274
YJL061W,YML037C,0,-2.0900936,0.14413504302501678,0.9970059990882874,0.5933186411857605
YOR172W,YER069W,0,-2.0902715,0.14411425590515137,0.9970059990882874,0.5934186577796936
YOR162C,YJR054W,0,-2.0903287,0.14409346878528595,0.9970059990882874,0.5935186743736267
YER102W,YCR092C,0,-2.0904016,0.14407268166542053,0.9970059990882874,0.5936187505722046
YGL018C,YBR098W,0,-2.0907297,0.1440519094467163,0.9970059990882874,0.5937187671661377
YGR104C,YLR410W-A,0,-2.0910873,0.14403113722801208,0.9970059990882874,0.5938187837600708
YGR102C,YGL213C,0,-2.0912642,0.14401037991046906,0.9970059990882874,0.5939188003540039
YIL139C,YER064C,0,-2.0915241,0.14398962259292603,0.9970059990882874,0.594018816947937
YJR045C,YBR196C-A,0,-2.0916471,0.143968865275383,0.9970059990882874,0.5941188335418701
YNL086W,YDR084C,0,-2.0917192,0.14394812285900116,0.9970059990882874,0.5942188501358032
YCR097WB,YGL253W,0,-2.0917358,0.14392739534378052,0.9970059990882874,0.5943188667297363
YGR049W,YGL108C,0,-2.0917506,0.14390665292739868,0.9970059990882874,0.5944188833236694
YDR216W,YBR074W,0,-2.0918338,0.14388592541217804,0.9970059990882874,0.5945188999176025
YKL062W,YML071C,0,-2.092025,0.1438652127981186,0.9970059990882874,0.5946189165115356
YIL139C,YER069W,0,-2.0921142,0.14384448528289795,0.9970059990882874,0.5947189331054688
YML071C,YJL223C,0,-2.0921626,0.1438237875699997,0.9970059990882874,0.5948189496994019
YBR242W,YDR334W,0,-2.0922184,0.14380307495594025,0.9970059990882874,0.594918966293335
YDR504C,YOR158W,0,-2.0922432,0.143782377243042,0.9970059990882874,0.5950189828872681
YAL019W,YNL041C,0,-2.0926094,0.14376169443130493,0.9970059990882874,0.5951189994812012
YJL108C,YOR039W,0,-2.0927093,0.14374101161956787,0.9970059990882874,0.5952190160751343
YPL111W,YKL093W,0,-2.0927665,0.1437203288078308,0.9970059990882874,0.5953190922737122
YIR035C,YML037C,0,-2.0927858,0.14369966089725494,0.9970059990882874,0.5954191088676453
YBR070C,YGL086W,0,-2.0931563,0.14367899298667908,0.9970059990882874,0.5955191254615784
YKL127W,YDR469W,0,-2.0932703,0.1436583250761032,0.9970059990882874,0.5956191420555115
YJL173C,YDR419W,0,-2.0936031,0.14363767206668854,0.9970059990882874,0.5957191586494446
YHL035C,YJR085C,0,-2.093655,0.14361701905727386,0.9970059990882874,0.5958191752433777
YEL018W,YMR027W,0,-2.0937881,0.14359638094902039,0.9970059990882874,0.5959191918373108
YDR495C,YHR117W,0,-2.094051,0.1435757428407669,0.9970059990882874,0.5960192084312439
YJL172W,YER013W,0,-2.0941541,0.14355510473251343,0.9970059990882874,0.596119225025177
YBL006C,YFR047C,0,-2.094468,0.14353448152542114,0.9970059990882874,0.5962192416191101
YMR150C,YOR046C,0,-2.0946424,0.14351385831832886,0.9970059990882874,0.5963192582130432
YHR214C-C,YDR021W,0,-2.0947804,0.14349325001239777,0.9970059990882874,0.5964192748069763
YML065W,YJL222W,0,-2.0949478,0.14347264170646667,0.9970059990882874,0.5965192914009094
YKR002W,YGR207C,0,-2.0950646,0.14345203340053558,0.9970059990882874,0.5966193079948425
YPL240C,YKL027W,0,-2.0950835,0.14343143999576569,0.9970059990882874,0.5967193245887756
YDR085C,YCR024C-A,0,-2.0952063,0.1434108465909958,0.9970059990882874,0.5968193411827087
YGL021W,YJL154C,0,-2.0952387,0.14339026808738708,0.9970059990882874,0.5969193577766418
YDR326C,YJL042W,0,-2.0953457,0.14336968958377838,0.9970059990882874,0.597019374370575
YDR495C,YDL102W,0,-2.095468,0.14334911108016968,0.9970059990882874,0.5971194505691528
YGL234W,YIR024C,0,-2.0956697,0.14332854747772217,0.9970059990882874,0.5972194671630859
YPR033C,YJR085C,0,-2.0956872,0.14330798387527466,0.9970059990882874,0.597319483757019
YCR092C,YPR095C,0,-2.0957725,0.14328743517398834,0.9970059990882874,0.5974195003509521
YKR002W,YHL007C,0,-2.095785,0.14326688647270203,0.9970059990882874,0.5975195169448853
YMR077C,YLR130C,0,-2.0959177,0.1432463377714157,0.9970059990882874,0.5976195335388184
YNL161W,YAL017W,0,-2.0962243,0.1432258039712906,0.9970059990882874,0.5977195501327515
YPR019W,YNR008W,0,-2.0966372,0.14320527017116547,0.9970059990882874,0.5978195667266846
YOR027W,YBR155W,0,-2.0970929,0.14318475127220154,0.9970059990882874,0.5979195833206177
YDR248C,YPL181W,0,-2.0972617,0.1431642323732376,0.9970059990882874,0.5980195999145508
YGL093W,YDR342C,0,-2.0973496,0.14314371347427368,0.9970059990882874,0.5981196165084839
YHR178W,YEL039C,0,-2.097741,0.14312320947647095,0.9970059990882874,0.598219633102417
YHL021C,YJR052W,0,-2.0978792,0.1431027054786682,0.9970059990882874,0.5983196496963501
YDL177C,YJR028W,0,-2.0978985,0.14308221638202667,0.9970059990882874,0.5984196662902832
YNL003C,YHR039C-B,0,-2.0979981,0.14306172728538513,0.9970059990882874,0.5985196828842163
YJL124C,YMR197C,0,-2.0980973,0.1430412381887436,0.9970059990882874,0.5986196994781494
YAL055W,YGL133W,0,-2.0982192,0.14302076399326324,0.9970059990882874,0.5987197160720825
YLR096W,YOR049C,0,-2.0986347,0.1430002897977829,0.9970059990882874,0.5988197922706604
YBR021W,YNL040W,0,-2.0988827,0.14297981560230255,0.9970059990882874,0.5989198088645935
YMR231W,YNL199C,0,-2.0989733,0.1429593563079834,0.9970059990882874,0.5990198254585266
YPL253C,YBR061C,0,-2.0992382,0.14293889701366425,0.9970059990882874,0.5991198420524597
YBL101W-A,YGR156W,0,-2.0993137,0.1429184526205063,0.9970059990882874,0.5992198586463928
YDR374C,YGL137W,0,-2.099389,0.14289800822734833,0.9970059990882874,0.5993198752403259
YKR028W,YBL084C,0,-2.099474,0.14287757873535156,0.9970059990882874,0.599419891834259
YAL017W,YLR157C-A,0,-2.0998604,0.1428571492433548,0.9970059990882874,0.5995199084281921
YGL051W,YKL012W,0,-2.1002665,0.14283671975135803,0.9970059990882874,0.5996199250221252
YOR032C,YGR211W,0,-2.1004157,0.14281629025936127,0.9970059990882874,0.5997199416160583
YGL252C,YHR157W,0,-2.100562,0.1427958905696869,0.9970059990882874,0.5998199582099915
YOL084W,YKL134C,0,-2.100859,0.14277547597885132,0.9970059990882874,0.5999199748039246
YHR111W,YHL020C,0,-2.1008778,0.14275507628917694,0.9970059990882874,0.6000199913978577
YPR032W,YNL328C,0,-2.1008894,0.14273467659950256,0.9970059990882874,0.6001200079917908
YHR178W,YDL143W,0,-2.101076,0.14271429181098938,0.9970059990882874,0.6002200245857239
YJL074C,YGL133W,0,-2.1012387,0.1426939070224762,0.9970059990882874,0.600320041179657
YFR042W,YPR134W,0,-2.1014318,0.142673522233963,0.9970059990882874,0.6004200577735901
YNL219C,YCR009C,0,-2.101576,0.14265315234661102,0.9970059990882874,0.6005200743675232
YOL055C,YPR025C,0,-2.1016152,0.14263278245925903,0.9970059990882874,0.6006201505661011
YLR419W,YLR337C,0,-2.1016362,0.14261241257190704,0.9970059990882874,0.6007201671600342
YHR171W,YJL177W,0,-2.1016595,0.14259205758571625,0.9970059990882874,0.6008201837539673
YKL062W,YLR139C,0,-2.101715,0.14257171750068665,0.9970059990882874,0.6009202003479004
YGR067C,YPL213W,0,-2.102131,0.14255136251449585,0.9970059990882874,0.6010202169418335
YIL173W,YDR448W,0,-2.1026492,0.14253103733062744,0.9970059990882874,0.6011202335357666
YNL177C,YDR062W,0,-2.102769,0.14251069724559784,0.9970059990882874,0.6012202501296997
YLR295C,YMR080C,0,-2.1027803,0.14249037206172943,0.9970059990882874,0.6013202667236328
YMR047C,YGR218W,1,-2.1028194,0.14261266589164734,0.9980040192604065,0.6013202667236328
YDR134C,YJL117W,0,-2.10286,0.14259232580661774,0.9980040192604065,0.6014202833175659
YJL025W,YGR031W,0,-2.1030583,0.14257200062274933,0.9980040192604065,0.601520299911499
YBR164C,YGR161W-A,0,-2.10306,0.14255167543888092,0.9980040192604065,0.6016203165054321
YBR293W,YPR134W,0,-2.103156,0.1425313502550125,0.9980040192604065,0.6017203330993652
YMR258C,YOR172W,0,-2.103342,0.1425110399723053,0.9980040192604065,0.6018203496932983
YJR109C,YGL047W,0,-2.1033869,0.14249074459075928,0.9980040192604065,0.6019203662872314
YIR002C,YPL241C,0,-2.1038413,0.14247043430805206,0.9980040192604065,0.6020203828811646
YOR032C,YOL032W,0,-2.1039405,0.14245013892650604,0.9980040192604065,0.6021203994750977
YNL227C,YKL043W,0,-2.104106,0.14242985844612122,0.9980040192604065,0.6022204160690308
YJR051W,YLR288C,0,-2.104221,0.1424095630645752,0.9980040192604065,0.6023204922676086
YOR017W,YJL207C,0,-2.1043496,0.14238929748535156,0.9980040192604065,0.6024205088615417
YMR098C,YBR135W,0,-2.1045613,0.14236901700496674,0.9980040192604065,0.6025205254554749
YNL240C,YIL162W,0,-2.1048508,0.1423487514257431,0.9980040192604065,0.602620542049408
YKL064W,YDR339C,0,-2.1051478,0.14232850074768066,0.9980040192604065,0.6027205586433411
YLR203C,YGL089C,0,-2.1054745,0.14230823516845703,0.9980040192604065,0.6028205752372742
YKL077W,YOL004W,0,-2.1055393,0.1422879844903946,0.9980040192604065,0.6029205918312073
YJR133W,YDR009W,0,-2.1057146,0.14226774871349335,0.9980040192604065,0.6030206084251404
YPL249C,YGR197C,0,-2.105744,0.1422475129365921,0.9980040192604065,0.6031206250190735
YJL173C,YFL051C,0,-2.1059198,0.14222727715969086,0.9980040192604065,0.6032206416130066
YMR013C,YER137C-A,0,-2.1062136,0.1422070562839508,0.9980040192604065,0.6033206582069397
YGR054W,YML007W,0,-2.1064425,0.14218683540821075,0.9980040192604065,0.6034206748008728
YGL021W,YOR254C,0,-2.1066074,0.1421666145324707,0.9980040192604065,0.6035206913948059
YPL013C,YGL022W,0,-2.1066701,0.14214640855789185,0.9980040192604065,0.603620707988739
YDR084C,YAL041W,0,-2.1066933,0.142126202583313,0.9980040192604065,0.6037207245826721
YCR012W,YKR028W,0,-2.1067348,0.14210601150989532,0.9980040192604065,0.6038207411766052
YOL071W,YOR201C,0,-2.106769,0.14208582043647766,0.9980040192604065,0.6039207577705383
YBR050C,YLR419W,0,-2.1069348,0.14206562936306,0.9980040192604065,0.6040207743644714
YHR096C,YCR075C,0,-2.1071644,0.14204545319080353,0.9980040192604065,0.6041208505630493
YNL328C,YDR507C,0,-2.1073587,0.14202527701854706,0.9980040192604065,0.6042208671569824
YLR461W,YJL042W,0,-2.1073718,0.14200511574745178,0.9980040192604065,0.6043208837509155
YLR422W,YAL036C,0,-2.1074317,0.1419849544763565,0.9980040192604065,0.6044209003448486
YEL018W,YPL132W,0,-2.107514,0.14196479320526123,0.9980040192604065,0.6045209169387817
YIL096C,YFR051C,0,-2.1075644,0.14194464683532715,0.9980040192604065,0.6046209335327148
YJL096W,YDR448W,0,-2.107568,0.14192450046539307,0.9980040192604065,0.604720950126648
YJL061W,YNL019C,0,-2.1078033,0.14190435409545898,0.9980040192604065,0.604820966720581
YBR179C,YMR114C,0,-2.107837,0.1418842226266861,0.9980040192604065,0.6049209833145142
YPL141C,YBL005W-B,0,-2.1078992,0.1418640911579132,0.9980040192604065,0.6050209999084473
YGR135W,YLR297W,0,-2.1083846,0.1418439745903015,0.9980040192604065,0.6051210165023804
YLR091W,YPL021W,0,-2.1084623,0.14182385802268982,0.9980040192604065,0.6052210330963135
YLR227W-A,YDR469W,0,-2.1089585,0.14180374145507812,0.9980040192604065,0.6053210496902466
YKR029C,YBR042C,0,-2.1090238,0.14178363978862762,0.9980040192604065,0.6054210662841797
YGR054W,YLR394W,0,-2.1090841,0.14176353812217712,0.9980040192604065,0.6055210828781128
YKR106W,YNL201C,0,-2.109264,0.14174345135688782,0.9980040192604065,0.6056210994720459
YGL015C,YER173W,0,-2.109346,0.14172334969043732,0.9980040192604065,0.605721116065979
YPR144C,YHR047C,0,-2.1101418,0.1417032778263092,0.9980040192604065,0.6058211922645569
YLR348C,YJR075W,0,-2.1102972,0.1416831910610199,0.9980040192604065,0.60592120885849
YPR032W,YIL126W,0,-2.1103623,0.14166311919689178,0.9980040192604065,0.6060212254524231
YDR405W,YMR099C,0,-2.1104825,0.14164306223392487,0.9980040192604065,0.6061212420463562
YGL161C,YJL085W,0,-2.1106567,0.14162300527095795,0.9980040192604065,0.6062212586402893
YOR043W,YDL018C,0,-2.110822,0.14160294830799103,0.9980040192604065,0.6063212752342224
YLR243W,YJR127C,0,-2.1111634,0.1415828913450241,0.9980040192604065,0.6064212918281555
YPR043W,YGL108C,0,-2.111332,0.14156284928321838,0.9980040192604065,0.6065213084220886
YNL003C,YMR214W,0,-2.111497,0.14154282212257385,0.9980040192604065,0.6066213250160217
YJL062W-A,YPR186C,0,-2.11151,0.14152278006076813,0.9980040192604065,0.6067213416099548
YPL176C,YBR108W,0,-2.111547,0.1415027529001236,0.9980040192604065,0.6068213582038879
YDR490C,YOR321W,0,-2.1116166,0.14148274064064026,0.9980040192604065,0.606921374797821
YJR133W,YMR042W,0,-2.111621,0.14146272838115692,0.9980040192604065,0.6070213913917542
YJR055W,YKL003C,0,-2.1118288,0.14144271612167358,0.9980040192604065,0.6071214079856873
YMR156C,YOR278W,0,-2.1118507,0.14142271876335144,0.9980040192604065,0.6072214245796204
YOR173W,YIL067C,0,-2.1120489,0.1414027214050293,0.9980040192604065,0.6073214411735535
YGL093W,YGR155W,0,-2.112123,0.14138272404670715,0.9980040192604065,0.6074214577674866
YIL126W,YDR009W,0,-2.1121423,0.1413627415895462,0.9980040192604065,0.6075215339660645
YDR033W,YOL100W,0,-2.1124535,0.14134275913238525,0.9980040192604065,0.6076215505599976
YDR407C,YPR037C,0,-2.1127424,0.1413227766752243,0.9980040192604065,0.6077215671539307
YBR182C,YOR234C,0,-2.1128206,0.14130280911922455,0.9980040192604065,0.6078215837478638
YPL141C,YOL039W,0,-2.113055,0.1412828415632248,0.9980040192604065,0.6079216003417969
YOR290C,YDR320C-A,0,-2.1132557,0.14126288890838623,0.9980040192604065,0.60802161693573
YDR462W,YBL013W,0,-2.113304,0.14124293625354767,0.9980040192604065,0.6081216335296631
YCR101C,YKL150W,0,-2.1133494,0.1412229984998703,0.9980040192604065,0.6082216501235962
YOL054W,YHL009W-B,0,-2.1133678,0.14120304584503174,0.9980040192604065,0.6083216667175293
YOR270C,YOR240W,0,-2.1137667,0.14118310809135437,0.9980040192604065,0.6084216833114624
YPR097W,YGR282C,0,-2.1140075,0.1411631852388382,0.9980040192604065,0.6085216999053955
YDR210C-C,YMR242C,0,-2.114111,0.14114326238632202,0.9980040192604065,0.6086217164993286
YDR208W,YJR124C,0,-2.114419,0.14112333953380585,0.9980040192604065,0.6087217330932617
YGL018C,YLR389C,0,-2.1145122,0.14110343158245087,0.9980040192604065,0.6088217496871948
YHR096C,YPL191C,0,-2.1149023,0.1410835236310959,0.9980040192604065,0.6089217662811279
YPL002C,YOR039W,0,-2.1151962,0.1410636156797409,0.9980040192604065,0.609021782875061
YMR019W,YBR002C,0,-2.115458,0.14104372262954712,0.9980040192604065,0.6091217994689941
YMR184W,YPR173C,0,-2.115913,0.14102382957935333,0.9980040192604065,0.6092218160629272
YDR512C,YDR400W,0,-2.1160574,0.14100395143032074,0.9980040192604065,0.6093218922615051
YHR214C-C,YBL028C,0,-2.1161346,0.14098407328128815,0.9980040192604065,0.6094219088554382
YCR008W,YOR214C,0,-2.116294,0.14096419513225555,0.9980040192604065,0.6095219254493713
YLR084C,YML123C,0,-2.1164737,0.14094433188438416,0.9980040192604065,0.6096219420433044
YHL018W,YNL183C,0,-2.1165013,0.14092446863651276,0.9980040192604065,0.6097219586372375
YLR276C,YAL014C,0,-2.1168194,0.14090460538864136,0.9980040192604065,0.6098219752311707
YNL323W,YIL048W,0,-2.11693,0.14088475704193115,0.9980040192604065,0.6099219918251038
YOR389W,YGR246C,0,-2.1171403,0.14086490869522095,0.9980040192604065,0.6100220084190369
YMR051C,YML005W,0,-2.1173499,0.14084507524967194,0.9980040192604065,0.61012202501297
YNL293W,YLR348C,0,-2.1174335,0.14082524180412292,0.9980040192604065,0.6102220416069031
YPR005C,YMR051C,0,-2.1175404,0.1408054083585739,0.9980040192604065,0.6103220582008362
YMR277W,YLR154W-C,0,-2.1177235,0.1407855898141861,0.9980040192604065,0.6104220747947693
YJR046W,YGR209C,0,-2.1180751,0.14076577126979828,0.9980040192604065,0.6105220913887024
YJL114W,YHL016C,0,-2.118133,0.14074595272541046,0.9980040192604065,0.6106221079826355
YBR098W,YLR151C,0,-2.1181896,0.14072614908218384,0.9980040192604065,0.6107221245765686
YOR083W,YNL298W,0,-2.1182647,0.14070634543895721,0.9980040192604065,0.6108221411705017
YJL044C,YJL066C,0,-2.1183574,0.14068655669689178,0.9980040192604065,0.6109221577644348
YGR155W,YHR080C,0,-2.1189435,0.14066675305366516,0.9980040192604065,0.6110222339630127
YGR100W,YGL259W,0,-2.118997,0.14064697921276093,0.9980040192604065,0.6111222505569458
YOR162C,YDR240C,0,-2.1192367,0.1406271904706955,0.9980040192604065,0.6112222671508789
YDR381W,YIL037C,0,-2.1196861,0.14060741662979126,0.9980040192604065,0.611322283744812
YFR006W,YML093W,0,-2.119812,0.14058765769004822,0.9980040192604065,0.6114223003387451
YDR071C,YMR036C,0,-2.1201494,0.14056789875030518,0.9980040192604065,0.6115223169326782
YGR053C,YCL018W,0,-2.1202693,0.14054813981056213,0.9980040192604065,0.6116223335266113
YNL003C,YGL172W,0,-2.1205435,0.1405283808708191,0.9980040192604065,0.6117223501205444
YOR132W,YOR234C,0,-2.120602,0.14050863683223724,0.9980040192604065,0.6118223667144775
YBR215W,YGR067C,0,-2.120655,0.1404889076948166,0.9980040192604065,0.6119223833084106
YGL161C,YBR255W,0,-2.1210027,0.14046916365623474,0.9980040192604065,0.6120223999023438
YCR007C,YPL123C,0,-2.1211596,0.1404494345188141,0.9980040192604065,0.6121224164962769
YOR315W,YGR099W,0,-2.1211789,0.14042972028255463,0.9980040192604065,0.61222243309021
YGL038C,YBR183W,0,-2.1214554,0.14040999114513397,0.9980040192604065,0.6123224496841431
YOL109W,YLR389C,0,-2.1215215,0.1403902918100357,0.9980040192604065,0.6124224662780762
YKR002W,YNL182C,0,-2.1220965,0.14037057757377625,0.9980040192604065,0.6125224828720093
YDR134C,YJR050W,0,-2.1222978,0.14035087823867798,0.9980040192604065,0.6126224994659424
YMR166C,YOL149W,0,-2.122382,0.1403311789035797,0.9980040192604065,0.6127225160598755
YER056C-A,YHR014W,0,-2.1224446,0.14031149446964264,0.9980040192604065,0.6128225922584534
YJL159W,YOL047C,0,-2.1225045,0.14029181003570557,0.9980040192604065,0.6129226088523865
YLR323C,YMR192W,0,-2.122963,0.1402721256017685,0.9980040192604065,0.6130226254463196
YNL145W,YPL241C,0,-2.123158,0.14025245606899261,0.9980040192604065,0.6131226420402527
YNL233W,YGR091W,0,-2.1233864,0.14023278653621674,0.9980040192604065,0.6132226586341858
YHR012W,YFL002W-B,0,-2.1234837,0.14021311700344086,0.9980040192604065,0.6133226752281189
YEL068C,YOR113W,0,-2.1235788,0.14019346237182617,0.9980040192604065,0.613422691822052
YER062C,YNL159C,0,-2.1236556,0.14017382264137268,0.9980040192604065,0.6135227084159851
YDR071C,YHR214C-C,0,-2.1236818,0.140154168009758,0.9980040192604065,0.6136227250099182
YNL072W,YOL054W,0,-2.1237361,0.1401345282793045,0.9980040192604065,0.6137227416038513
YCR058C,YPL028W,0,-2.1237514,0.140114888548851,0.9980040192604065,0.6138227581977844
YDL018C,YFR002W,0,-2.12388,0.14009526371955872,0.9980040192604065,0.6139227747917175
YLR260W,YNL243W,0,-2.1239548,0.14007563889026642,0.9980040192604065,0.6140227913856506
YJL061W,YML129C,0,-2.1239986,0.14005602896213531,0.9980040192604065,0.6141228079795837
YCL044C,YKL158W,0,-2.1242576,0.14003640413284302,0.9980040192604065,0.6142228245735168
YLR312C-B,YJR159W,0,-2.1246066,0.1400168091058731,0.9980040192604065,0.61432284116745
YJL012C,YIL017C,0,-2.12475,0.139997199177742,0.9980040192604065,0.6144228577613831
YDR175C,YJL079C,0,-2.1250496,0.1399776041507721,0.9980040192604065,0.6145229339599609
YNL293W,YPR173C,0,-2.1250591,0.13995800912380219,0.9980040192604065,0.614622950553894
YPR153W,YDR481C,0,-2.1252904,0.13993842899799347,0.9980040192604065,0.6147229671478271
YJL001W,YOR303W,0,-2.1255128,0.13991884887218475,0.9980040192604065,0.6148229837417603
YDR495C,YIR002C,0,-2.1256514,0.13989926874637604,0.9980040192604065,0.6149230003356934
YBR065C,YBR062C,0,-2.1256564,0.13987970352172852,0.9980040192604065,0.6150230169296265
YLR044C,YOR240W,0,-2.1259205,0.139860138297081,0.9980040192604065,0.6151230335235596
YLR014C,YLR309C,0,-2.125925,0.13984058797359467,0.9980040192604065,0.6152230501174927
YOR162C,YLR058C,0,-2.1267,0.13982102274894714,0.9980040192604065,0.6153230667114258
YIL127C,YOR278W,0,-2.1268306,0.139801487326622,0.9980040192604065,0.6154230833053589
YCL056C,YEL036C,0,-2.1268477,0.13978193700313568,0.9980040192604065,0.615523099899292
YBR156C,YKL003C,0,-2.1270144,0.13976240158081055,0.9980040192604065,0.6156231164932251
YBR075W,YLR337C,0,-2.1271873,0.1397428661584854,0.9980040192604065,0.6157231330871582
YJR159W,YDR083W,0,-2.1274004,0.13972334563732147,0.9980040192604065,0.6158231496810913
YBR060C,YLR010C,0,-2.1277304,0.13970382511615753,0.9980040192604065,0.6159231662750244
YPR085C,YJR097W,0,-2.1277707,0.13968431949615479,0.9980040192604065,0.6160231828689575
YGR224W,YOR081C,0,-2.1288252,0.13966479897499084,0.9980040192604065,0.6161231994628906
YDL217C,YBL058W,0,-2.1290941,0.1396453082561493,0.9980040192604065,0.6162232160568237
YEL018W,YMR114C,0,-2.1292279,0.13962580263614655,0.9980040192604065,0.6163232922554016
YLR297W,YGL133W,0,-2.1292458,0.139606311917305,0.9980040192604065,0.6164233088493347
YGL200C,YPR093C,0,-2.1292853,0.13958682119846344,0.9980040192604065,0.6165233254432678
YDR134C,YEL070W,0,-2.1295297,0.13956734538078308,0.9980040192604065,0.6166233420372009
YLR109W,YPR186C,0,-2.12963,0.13954786956310272,0.9980040192604065,0.616723358631134
YER008C,YGR004W,0,-2.1297197,0.13952839374542236,0.9980040192604065,0.6168233752250671
YCR058C,YPR025C,0,-2.129733,0.1395089328289032,0.9980040192604065,0.6169233918190002
YER142C,YOL047C,0,-2.130264,0.13948947191238403,0.9980040192604065,0.6170234084129333
YGL141W,YMR231W,0,-2.1304374,0.13947001099586487,0.9980040192604065,0.6171234250068665
YPL141C,YGR282C,0,-2.1305068,0.1394505649805069,0.9980040192604065,0.6172234416007996
YIL068C,YOR136W,0,-2.130567,0.13943111896514893,0.9980040192604065,0.6173234581947327
YGL018C,YOR156C,0,-2.1306396,0.13941168785095215,0.9980040192604065,0.6174234747886658
YOL047C,YCL043C,0,-2.1308746,0.13939225673675537,0.9980040192604065,0.6175234913825989
YOR065W,YGL051W,0,-2.13105,0.1393728256225586,0.9980040192604065,0.617623507976532
YOR291W,YBR087W,0,-2.131147,0.13935339450836182,0.9980040192604065,0.6177235245704651
YBR128C,YMR156C,0,-2.1315775,0.13933397829532623,0.9980040192604065,0.6178235411643982
YER113C,YJR103W,0,-2.1317346,0.13931457698345184,0.9980040192604065,0.6179235577583313
YDR334W,YER063W,0,-2.1317544,0.13929516077041626,0.9980040192604065,0.6180236339569092
YIL126W,YFL041W,0,-2.132081,0.13927575945854187,0.9980040192604065,0.6181236505508423
YBR298C,YDR346C,0,-2.132162,0.13925637304782867,0.9980040192604065,0.6182236671447754
YNL082W,YCR075C,0,-2.1321812,0.13923698663711548,0.9980040192604065,0.6183236837387085
YOR357C,YJR117W,0,-2.1326904,0.13921760022640228,0.9980040192604065,0.6184237003326416
YOR132W,YMR234W,0,-2.1329439,0.1391982138156891,0.9980040192604065,0.6185237169265747
YLR395C,YIL118W,0,-2.1334891,0.13917884230613708,0.9980040192604065,0.6186237335205078
YFR006W,YER144C,0,-2.133502,0.13915947079658508,0.9980040192604065,0.6187237501144409
YPL273W,YOR020W-A,0,-2.1335125,0.13914011418819427,0.9980040192604065,0.618823766708374
YFR042W,YPL116W,0,-2.1336348,0.13912075757980347,0.9980040192604065,0.6189237833023071
YER101C,YER144C,0,-2.1338837,0.13910140097141266,0.9980040192604065,0.6190237998962402
YJR046W,YOR049C,0,-2.134354,0.13908205926418304,0.9980040192604065,0.6191238164901733
YDR017C,YKL043W,0,-2.1343594,0.13906271755695343,0.9980040192604065,0.6192238330841064
YLR260W,YML129C,0,-2.1343966,0.13904337584972382,0.9980040192604065,0.6193238496780396
YHR152W,YDR437W,0,-2.1344037,0.1390240490436554,0.9980040192604065,0.6194238662719727
YKR083C,YJL141C,0,-2.1346009,0.13900472223758698,0.9980040192604065,0.6195238828659058
YHR031C,YIL169C,0,-2.135105,0.13898541033267975,0.9980040192604065,0.6196238994598389
YJL092W,YML017W,0,-2.1352127,0.13896609842777252,0.9980040192604065,0.619723916053772
YGR280C,YLR360W,0,-2.1352406,0.1389467865228653,0.9980040192604065,0.6198239922523499
YCR007C,YOL078W,0,-2.1353145,0.13892747461795807,0.9980040192604065,0.619924008846283
YHL044W,YJR125C,0,-2.1356258,0.13890817761421204,0.9980040192604065,0.6200240254402161
YGR102C,YER020W,0,-2.1361048,0.1388888955116272,0.9980040192604065,0.6201240420341492
YBL031W,YPL031C,0,-2.136133,0.13886959850788116,0.9980040192604065,0.6202240586280823
YDR288W,YOR071C,0,-2.1365314,0.13885031640529633,0.9980040192604065,0.6203240752220154
YOR093C,YCL044C,0,-2.1368604,0.13883104920387268,0.9980040192604065,0.6204240918159485
YBR114W,YDR208W,0,-2.1369624,0.13881176710128784,0.9980040192604065,0.6205241084098816
YNR008W,YPR025C,0,-2.137126,0.1387924998998642,0.9980040192604065,0.6206241250038147
YHR012W,YGR030C,0,-2.1371636,0.13877324759960175,0.9980040192604065,0.6207241415977478
YNL086W,YDR200C,0,-2.1374407,0.1387539952993393,0.9980040192604065,0.6208241581916809
YLR276C,YLR425W,0,-2.137712,0.13873474299907684,0.9980040192604065,0.620924174785614
YJL096W,YHR039C-B,0,-2.1378164,0.1387154906988144,0.9980040192604065,0.6210241913795471
YIL169C,YDL035C,0,-2.1380372,0.13869625329971313,0.9980040192604065,0.6211242079734802
YPR097W,YBR162C,0,-2.1380513,0.13867701590061188,0.9980040192604065,0.6212242245674133
YNL262W,YNL289W,0,-2.138096,0.13865779340267181,0.9980040192604065,0.6213242411613464
YLR136C,YGL135W,0,-2.1382117,0.13863857090473175,0.9980040192604065,0.6214242577552795
YNL192W,YGR116W,0,-2.1385577,0.1386193484067917,0.9980040192604065,0.6215243339538574
YOL152W,YOR090C,0,-2.1385856,0.13860014081001282,0.9980040192604065,0.6216243505477905
YER029C,YLR272C,0,-2.13865,0.13858093321323395,0.9980040192604065,0.6217243671417236
YDL073W,YOR172W,0,-2.1387973,0.13856172561645508,0.9980040192604065,0.6218243837356567
YER008C,YAL013W,0,-2.1390595,0.1385425329208374,0.9980040192604065,0.6219244003295898
YMR040W,YGL045W,0,-2.1390738,0.13852334022521973,0.9980040192604065,0.622024416923523
YKL042W,YDR468C,0,-2.13921,0.13850416243076324,0.9980040192604065,0.622124433517456
YNL145W,YOR246C,0,-2.1393833,0.13848496973514557,0.9980040192604065,0.6222244501113892
YDR248C,YOR043W,0,-2.1396677,0.1384657919406891,0.9980040192604065,0.6223244667053223
YDR140W,YGR068C,0,-2.139701,0.1384466290473938,0.9980040192604065,0.6224244832992554
YBR044C,YEL002C,0,-2.1397285,0.1384274661540985,0.9980040192604065,0.6225244998931885
YGL243W,YHR027C,0,-2.140184,0.13840830326080322,0.9980040192604065,0.6226245164871216
YER056C,YJL079C,0,-2.1403403,0.13838915526866913,0.9980040192604065,0.6227245330810547
YAL024C,YNL328C,0,-2.1404886,0.13837000727653503,0.9980040192604065,0.6228245496749878
YKL104C,YJL134W,0,-2.140831,0.13835085928440094,0.9980040192604065,0.6229245662689209
YPR187W,YOR383C,0,-2.140917,0.13833172619342804,0.9980040192604065,0.623024582862854
YPL176C,YPR105C,0,-2.1410136,0.13831259310245514,0.9980040192604065,0.6231245994567871
YCL060C,YKL185W,0,-2.1419125,0.13829346001148224,0.9980040192604065,0.6232246160507202
YLR157C,YJL154C,0,-2.1419318,0.13827434182167053,0.9980040192604065,0.6233246922492981
YOR190W,YJL090C,0,-2.1420188,0.13825522363185883,0.9980040192604065,0.6234247088432312
YML055W,YOL042W,0,-2.1420197,0.13823610544204712,0.9980040192604065,0.6235247254371643
YBR021W,YMR265C,0,-2.1420834,0.1382170021533966,0.9980040192604065,0.6236247420310974
YEL068C,YIL169C,0,-2.142148,0.1381978988647461,0.9980040192604065,0.6237247586250305
YGL038C,YLR078C,0,-2.1421666,0.13817881047725677,0.9980040192604065,0.6238247752189636
YHR011W,YOR145C,0,-2.1421738,0.13815970718860626,0.9980040192604065,0.6239247918128967
YNL058C,YNL192W,0,-2.1422591,0.13814063370227814,0.9980040192604065,0.6240248084068298
YPR071W,YKR057W,0,-2.1427665,0.13812154531478882,0.9980040192604065,0.6241248250007629
YMR150C,YJR117W,0,-2.1429799,0.1381024718284607,0.9980040192604065,0.624224841594696
YJR119C,YIL067C,0,-2.142988,0.13808339834213257,0.9980040192604065,0.6243248581886292
YGL038C,YHR039C-B,0,-2.1431592,0.13806433975696564,0.9980040192604065,0.6244248747825623
YKR088C,YLR215C,0,-2.1431694,0.1380452811717987,0.9980040192604065,0.6245248913764954
YPL187W,YPL280W,0,-2.1431737,0.13802622258663177,0.9980040192604065,0.6246249079704285
YDR080W,YDR021W,0,-2.143259,0.13800717890262604,0.9980040192604065,0.6247249245643616
YPL115C,YLR154W-C,0,-2.1433759,0.1379881352186203,0.9980040192604065,0.6248249411582947
YMR273C,YPR097W,0,-2.1434815,0.13796909153461456,0.9980040192604065,0.6249249577522278
YOR295W,YHL020C,0,-2.1435223,0.13795006275177002,0.9980040192604065,0.6250250339508057
YIL139C,YMR231W,0,-2.1435432,0.13793103396892548,0.9980040192604065,0.6251250505447388
YOR214C,YOL111C,0,-2.1436133,0.13791200518608093,0.9980040192604065,0.6252250671386719
YGL141W,YJR086W,0,-2.1437922,0.13789299130439758,0.9980040192604065,0.625325083732605
YHL007C,YOL111C,0,-2.1439939,0.13787397742271423,0.9980040192604065,0.6254251003265381
YMR277W,YLR013W,0,-2.1440096,0.13785497844219208,0.9980040192604065,0.6255251169204712
YGR012W,YFL054C,0,-2.1441507,0.13783597946166992,0.9980040192604065,0.6256251335144043
YML055W,YPR082C,0,-2.1445527,0.13781698048114777,0.9980040192604065,0.6257251501083374
YJR074W,YBR255W,0,-2.1448536,0.1377979815006256,0.9980040192604065,0.6258251667022705
YKR062W,YGR236C,0,-2.1449018,0.13777899742126465,0.9980040192604065,0.6259251832962036
YPR019W,YEL018W,0,-2.1449306,0.13776002824306488,0.9980040192604065,0.6260251998901367
YKR030W,YMR274C,0,-2.1451273,0.13774104416370392,0.9980040192604065,0.6261252164840698
YER055C,YIR041W,0,-2.1452315,0.13772207498550415,0.9980040192604065,0.6262252330780029
YKL097W-A,YPL117C,0,-2.1452842,0.13770310580730438,0.9980040192604065,0.626325249671936
YLR239C,YBL028C,0,-2.1453924,0.1376841515302658,0.9980040192604065,0.6264252662658691
YMR041C,YBL080C,0,-2.145657,0.13766519725322723,0.9980040192604065,0.6265252828598022
YLR407W,YNL027W,0,-2.145894,0.13764624297618866,0.9980040192604065,0.6266252994537354
YKR088C,YFR029W,0,-2.145962,0.13762730360031128,0.9980040192604065,0.6267253160476685
YCL044C,YNR027W,0,-2.146095,0.1376083642244339,0.9980040192604065,0.6268253922462463
YML005W,YNL183C,0,-2.1462393,0.1375894397497177,0.9980040192604065,0.6269254088401794
YNL265C,YHL020C,0,-2.1463375,0.13757050037384033,0.9980040192604065,0.6270254254341125
YLR461W,YNL272C,0,-2.1464255,0.13755157589912415,0.9980040192604065,0.6271254420280457
YLR419W,YPL058C,0,-2.1464796,0.13753266632556915,0.9980040192604065,0.6272254586219788
YDR427W,YLR013W,0,-2.1465511,0.13751375675201416,0.9980040192604065,0.6273254752159119
YFR024C,YLR058C,0,-2.146707,0.13749484717845917,0.9980040192604065,0.627425491809845
YER164W,YKL185W,0,-2.1468816,0.13747593760490417,0.9980040192604065,0.6275255084037781
YPL196W,YBR179C,0,-2.1469214,0.13745704293251038,0.9980040192604065,0.6276255249977112
YER074W-A,YMR031C,0,-2.1470711,0.13743814826011658,0.9980040192604065,0.6277255415916443
YHR048W,YGR168C,0,-2.1471474,0.13741926848888397,0.9980040192604065,0.6278255581855774
YGL086W,YLL018C-A,0,-2.1473002,0.13740038871765137,0.9980040192604065,0.6279255747795105
YJR119C,YPL206C,0,-2.1474035,0.13738150894641876,0.9980040192604065,0.6280255913734436
YDR376W,YKR030W,0,-2.1476097,0.13736264407634735,0.9980040192604065,0.6281256079673767
YIL131C,YOR250C,0,-2.1478112,0.13734376430511475,0.9980040192604065,0.6282256245613098
YNL318C,YOR049C,0,-2.147848,0.13732491433620453,0.9980040192604065,0.6283256411552429
YNR001C,YKL125W,0,-2.1485858,0.13730604946613312,0.9980040192604065,0.628425657749176
YDR440W,YER174C,0,-2.1487355,0.1372871994972229,0.9980040192604065,0.6285257339477539
YHR143W-A,YCL043C,0,-2.1488273,0.13726836442947388,0.9980040192604065,0.628625750541687
YGL162W,YDR258C,0,-2.1488936,0.13724951446056366,0.9980040192604065,0.6287257671356201
YLR239C,YBL064C,0,-2.1489053,0.13723067939281464,0.9980040192604065,0.6288257837295532
YJL116C,YOR307C,0,-2.1491563,0.1372118592262268,0.9980040192604065,0.6289258003234863
YIL126W,YDL077C,0,-2.149199,0.13719302415847778,0.9980040192604065,0.6290258169174194
YHR037W,YBR029C,0,-2.149324,0.13717420399188995,0.9980040192604065,0.6291258335113525
YHR132W-A,YKL012W,0,-2.149358,0.13715539872646332,0.9980040192604065,0.6292258501052856
YFR002W,YBR255W,0,-2.1494703,0.13713659346103668,0.9980040192604065,0.6293258666992188
YNL003C,YMR269W,0,-2.1497016,0.13711778819561005,0.9980040192604065,0.6294258832931519
YLR323C,YPR013C,0,-2.149786,0.1370989829301834,0.9980040192604065,0.629525899887085
YLR139C,YAL041W,0,-2.1502538,0.13708019256591797,0.9980040192604065,0.6296259164810181
YJR084W,YOL115W,0,-2.1505423,0.13706140220165253,0.9980040192604065,0.6297259330749512
YLR425W,YFL051C,0,-2.150577,0.13704262673854828,0.9980040192604065,0.6298259496688843
YMR258C,YGL213C,0,-2.1507664,0.13702383637428284,0.9980040192604065,0.6299259662628174
YOR049C,YCR079W,0,-2.150951,0.13700507581233978,0.9980040192604065,0.6300259828567505
YGL038C,YPR095C,0,-2.1511855,0.13698630034923553,0.9980040192604065,0.6301259994506836
YOL003C,YNR019W,0,-2.1512523,0.13696753978729248,0.9980040192604065,0.6302260160446167
YEL068C,YKL095W,0,-2.1515303,0.13694877922534943,0.9980040192604065,0.6303260922431946
YJR117W,YHR205W,0,-2.1516201,0.13693003356456757,0.9980040192604065,0.6304261088371277
YGR223C,YDL077C,0,-2.1516213,0.1369112879037857,0.9980040192604065,0.6305261254310608
YBR299W,YML009C,0,-2.1518207,0.13689254224300385,0.9980040192604065,0.6306261420249939
YDL127W,YDR343C,0,-2.1521482,0.13687379658222198,0.9980040192604065,0.630726158618927
YER146W,YML007W,0,-2.152217,0.13685506582260132,0.9980040192604065,0.6308261752128601
YBR293W,YER179W,0,-2.1522436,0.13683634996414185,0.9980040192604065,0.6309261918067932
YLR414C,YHR117W,0,-2.1522593,0.13681761920452118,0.9980040192604065,0.6310262084007263
YKL020C,YJL186W,0,-2.152284,0.1367989033460617,0.9980040192604065,0.6311262249946594
YOR291W,YLR151C,0,-2.1525986,0.13678018748760223,0.9980040192604065,0.6312262415885925
YOR047C,YDR468C,0,-2.1526523,0.13676148653030396,0.9980040192604065,0.6313262581825256
YNR001C,YOR388C,0,-2.152788,0.13674278557300568,0.9980040192604065,0.6314262747764587
YGL124C,YGL009C,0,-2.1528587,0.1367240846157074,0.9980040192604065,0.6315262913703918
YBL085W,YLR427W,0,-2.153139,0.1367053985595703,0.9980040192604065,0.631626307964325
YNL058C,YNL243W,0,-2.153412,0.13668671250343323,0.9980040192604065,0.6317263245582581
YOL078W,YFL043C,0,-2.1536672,0.13666802644729614,0.9980040192604065,0.6318263411521912
YGR012W,YDR374C,0,-2.1539776,0.13664935529232025,0.9980040192604065,0.6319263577461243
YFL017C,YLR425W,0,-2.154214,0.13663068413734436,0.9980040192604065,0.6320264339447021
YOR270C,YNL298W,0,-2.154416,0.13661202788352966,0.9980040192604065,0.6321264505386353
YIL068C,YML128C,0,-2.154612,0.13659335672855377,0.9980040192604065,0.6322264671325684
YMR099C,YDR504C,0,-2.154644,0.13657470047473907,0.9980040192604065,0.6323264837265015
YHR012W,YCR107W,0,-2.154703,0.13655605912208557,0.9980040192604065,0.6324265003204346
YBL084C,YKR031C,0,-2.1547647,0.13653741776943207,0.9980040192604065,0.6325265169143677
YIL061C,YAL041W,0,-2.1551015,0.13651877641677856,0.9980040192604065,0.6326265335083008
YMR322C,YDL190C,0,-2.155145,0.13650013506412506,0.9980040192604065,0.6327265501022339
YNL095C,YJL114W,0,-2.1551633,0.13648150861263275,0.9980040192604065,0.632826566696167
YDR248C,YPR033C,0,-2.1556678,0.13646288216114044,0.9980040192604065,0.6329265832901001
YJR075W,YOL001W,0,-2.1556683,0.13644425570964813,0.9980040192604065,0.6330265998840332
YIL113W,YDR466W,0,-2.1557367,0.13642564415931702,0.9980040192604065,0.6331266164779663
YJR053W,YJL105W,0,-2.1557415,0.1364070326089859,0.9980040192604065,0.6332266330718994
YMR040W,YPL191C,0,-2.1561365,0.13638843595981598,0.9980040192604065,0.6333266496658325
YJL134W,YKL158W,0,-2.1562197,0.13636983931064606,0.9980040192604065,0.6334266662597656
YGR104C,YJL143W,0,-2.1565843,0.13635124266147614,0.9980040192604065,0.6335266828536987
YJL110C,YHR027C,0,-2.156642,0.1363326460123062,0.9980040192604065,0.6336266994476318
YPR169W,YHR079C-B,0,-2.1566434,0.13631406426429749,0.9980040192604065,0.6337267160415649
YEL069C,YBL087C,0,-2.1570148,0.13629548251628876,0.9980040192604065,0.6338267922401428
YPL141C,YHR005C,0,-2.1570733,0.13627691566944122,0.9980040192604065,0.6339268088340759
YJL044C,YDR352W,0,-2.1573052,0.1362583488225937,0.9980040192604065,0.634026825428009
YOR240W,YDL035C,0,-2.157446,0.13623978197574615,0.9980040192604065,0.6341268420219421
YJR085C,YKR031C,0,-2.1576579,0.13622123003005981,0.9980040192604065,0.6342268586158752
YDR248C,YJL049W,0,-2.157877,0.13620266318321228,0.9980040192604065,0.6343268752098083
YPR191W,YLL038C,0,-2.1580732,0.13618412613868713,0.9980040192604065,0.6344268918037415
YER013W,YNL260C,0,-2.1590183,0.1361655741930008,0.9980040192604065,0.6345269083976746
YJR024C,YBR182C,0,-2.1594534,0.13614703714847565,0.9980040192604065,0.6346269249916077
YIL009W,YGR099W,0,-2.1595361,0.1361285001039505,0.9980040192604065,0.6347269415855408
YLR240W,YGL108C,0,-2.159728,0.13610997796058655,0.9980040192604065,0.6348269581794739
YMR156C,YNL072W,0,-2.1597614,0.1360914558172226,0.9980040192604065,0.634926974773407
YAR027W,YDL002C,0,-2.1598873,0.13607293367385864,0.9980040192604065,0.6350269913673401
YHR132W-A,YGR055W,0,-2.1599355,0.13605442643165588,0.9980040192604065,0.6351270079612732
YOR246C,YPR097W,0,-2.159953,0.13603591918945312,0.9980040192604065,0.6352270245552063
YPL117C,YBR281C,0,-2.1601188,0.13601741194725037,0.9980040192604065,0.6353270411491394
YJR053W,YHR026W,0,-2.1602464,0.1359989047050476,0.9980040192604065,0.6354270577430725
YNL003C,YER060W-A,0,-2.1604414,0.13598041236400604,0.9980040192604065,0.6355271339416504
YER029C,YER065C,0,-2.1605124,0.13596193492412567,0.9980040192604065,0.6356271505355835
YKL156W,YFL051C,0,-2.1605883,0.1359434425830841,0.9980040192604065,0.6357271671295166
YNL086W,YMR077C,0,-2.160648,0.13592496514320374,0.9980040192604065,0.6358271837234497
YBL031W,YPL072W,0,-2.1606736,0.13590650260448456,0.9980040192604065,0.6359272003173828
YBL016W,YBR012W-B,0,-2.160685,0.1358880251646042,0.9980040192604065,0.6360272169113159
YNL177C,YIL014W,0,-2.1607132,0.135869562625885,0.9980040192604065,0.636127233505249
YGL065C,YLR103C,0,-2.1607368,0.13585110008716583,0.9980040192604065,0.6362272500991821
YOR315W,YIL124W,0,-2.1607761,0.13583265244960785,0.9980040192604065,0.6363272666931152
YPL253C,YPR071W,0,-2.160789,0.13581420481204987,0.9980040192604065,0.6364272832870483
YPL023C,YER064C,0,-2.160807,0.13579575717449188,0.9980040192604065,0.6365272998809814
YJR136C,YAR033W,0,-2.1608856,0.1357773244380951,0.9980040192604065,0.6366273164749146
YDR515W,YOR250C,0,-2.1609344,0.1357588917016983,0.9980040192604065,0.6367273330688477
YDL225W,YJL114W,0,-2.1609426,0.1357404589653015,0.9980040192604065,0.6368273496627808
YER110C,YHL028W,0,-2.161001,0.13572204113006592,0.9980040192604065,0.6369273662567139
YJL062W-A,YML065W,0,-2.1611247,0.13570362329483032,0.9980040192604065,0.637027382850647
YJL114W,YDL130W,0,-2.1615329,0.13568520545959473,0.9980040192604065,0.6371273994445801
YNL323W,YPL137C,0,-2.161786,0.13566680252552032,0.9980040192604065,0.6372274160385132
YPL023C,YLR228C,0,-2.161787,0.13564839959144592,0.9980040192604065,0.6373274922370911
YHR153C,YGR055W,0,-2.1619344,0.13562999665737152,0.9980040192604065,0.6374275088310242
YLR352W,YBR182C,0,-2.1619744,0.1356116086244583,0.9980040192604065,0.6375275254249573
YOR391C,YEL016C,0,-2.1620078,0.1355932205915451,0.9980040192604065,0.6376275420188904
YGR189C,YLR371W,0,-2.1620514,0.1355748325586319,0.9980040192604065,0.6377275586128235
YDL107W,YJL061W,0,-2.1621447,0.13555645942687988,0.9980040192604065,0.6378275752067566
YBR065C,YHR157W,0,-2.162312,0.13553808629512787,0.9980040192604065,0.6379275918006897
YCR075C,YJR054W,0,-2.1624691,0.13551971316337585,0.9980040192604065,0.6380276083946228
YBR179C,YEL046C,0,-2.162648,0.13550135493278503,0.9980040192604065,0.6381276249885559
YJL114W,YJR047C,0,-2.162663,0.1354829967021942,0.9980040192604065,0.638227641582489
YLR394W,YOR278W,0,-2.1626682,0.1354646384716034,0.9980040192604065,0.6383276581764221
YPL126W,YOR020W-A,0,-2.1631954,0.13544629514217377,0.9980040192604065,0.6384276747703552
YJL114W,YKR048C,0,-2.1633608,0.13542795181274414,0.9980040192604065,0.6385276913642883
YCR007C,YLR288C,0,-2.1634548,0.13540960848331451,0.9980040192604065,0.6386277079582214
YDR194C,YOR301W,0,-2.163487,0.13539128005504608,0.9980040192604065,0.6387277245521545
YJR117W,YDR175C,0,-2.1634936,0.13537295162677765,0.9980040192604065,0.6388277411460876
YHR124W,YOL041C,0,-2.1635199,0.13535462319850922,0.9980040192604065,0.6389277577400208
YGR112W,YEL055C,0,-2.1635828,0.13533630967140198,0.9980040192604065,0.6390278339385986
YBR065C,YJR045C,0,-2.1636071,0.13531799614429474,0.9980040192604065,0.6391278505325317
YDR194C,YDR080W,0,-2.1636856,0.1352996826171875,0.9980040192604065,0.6392278671264648
YDR468C,YOR256C,0,-2.1637256,0.13528138399124146,0.9980040192604065,0.639327883720398
YJL159W,YLR119W,0,-2.1639428,0.1352630853652954,0.9980040192604065,0.639427900314331
YLR395C,YEL006W,0,-2.1640418,0.13524478673934937,0.9980040192604065,0.6395279169082642
YJL154C,YJL105W,0,-2.1640723,0.13522650301456451,0.9980040192604065,0.6396279335021973
YDR326C,YGL184C,0,-2.164104,0.13520821928977966,0.9980040192604065,0.6397279500961304
YIL085C,YDR438W,0,-2.164198,0.1351899355649948,0.9980040192604065,0.6398279666900635
YMR233W,YPL115C,0,-2.1642437,0.13517166674137115,0.9980040192604065,0.6399279832839966
YIL013C,YNL218W,0,-2.1645932,0.1351533979177475,0.9980040192604065,0.6400279998779297
YMR154C,YOR064C,0,-2.16504,0.13513512909412384,0.9980040192604065,0.6401280164718628
YDL027C,YOR278W,0,-2.1651251,0.13511687517166138,0.9980040192604065,0.6402280330657959
YJL053W,YGR254W,0,-2.1652718,0.1350986212491989,0.9980040192604065,0.640328049659729
YHR153C,YGL231C,0,-2.1653042,0.13508036732673645,0.9980040192604065,0.6404280662536621
YPL176C,YFR051C,0,-2.165316,0.13506212830543518,0.9980040192604065,0.6405280828475952
YDR405W,YCL018W,0,-2.1655972,0.1350438892841339,0.9980040192604065,0.6406280994415283
YCR057C,YMR154C,0,-2.1656137,0.13502565026283264,0.9980040192604065,0.6407281160354614
YIL173W,YEL019C,0,-2.1659703,0.13500742614269257,0.9980040192604065,0.6408281922340393
YDR356W,YDR339C,0,-2.1660728,0.1349892020225525,0.9980040192604065,0.6409282088279724
YGL089C,YDR049W,0,-2.1661596,0.13497097790241241,0.9980040192604065,0.6410282254219055
YBL017C,YLR079W,0,-2.1662242,0.13495276868343353,0.9980040192604065,0.6411282420158386
YDR071C,YHR143W,0,-2.1663644,0.13493455946445465,0.9980040192604065,0.6412282586097717
YIR035C,YMR315W,0,-2.1665025,0.13491635024547577,0.9980040192604065,0.6413282752037048
YIL142W,YBR239C,0,-2.1665263,0.13489815592765808,0.9980040192604065,0.6414282917976379
YHR088W,YFL051C,0,-2.166865,0.1348799616098404,0.9980040192604065,0.641528308391571
YJL200C,YJL062W-A,0,-2.1669853,0.1348617672920227,0.9980040192604065,0.6416283249855042
YER064C,YOR383C,0,-2.1670814,0.1348435878753662,0.9980040192604065,0.6417283415794373
YGR099W,YLL016W,0,-2.1671846,0.13482540845870972,0.9980040192604065,0.6418283581733704
YMR164C,YOR046C,0,-2.1674905,0.13480722904205322,0.9980040192604065,0.6419283747673035
YGL045W,YJR088C,0,-2.167606,0.13478904962539673,0.9980040192604065,0.6420283913612366
YPR032W,YGR026W,0,-2.1677384,0.13477088510990143,0.9980040192604065,0.6421284079551697
YLR118C,YIL017C,0,-2.1679652,0.13475273549556732,0.9980040192604065,0.6422284245491028
YPL249C,YNL314W,0,-2.1680427,0.13473457098007202,0.9980040192604065,0.6423284411430359
YMR316W,YKL176C,0,-2.1683319,0.13471642136573792,0.9980040192604065,0.642428457736969
YLL049W,YKL012W,0,-2.1686146,0.1346982717514038,0.9980040192604065,0.6425285339355469
YFL017C,YPR138C,0,-2.1688032,0.1346801370382309,0.9980040192604065,0.64262855052948
YLR239C,YBL095W,0,-2.1690247,0.13466200232505798,0.9980040192604065,0.6427285671234131
YHR066W,YCL043C,0,-2.1690426,0.13464386761188507,0.9980040192604065,0.6428285837173462
YGL171W,YMR099C,0,-2.1693656,0.13462574779987335,0.9980040192604065,0.6429286003112793
YNL040W,YDR448W,0,-2.1696768,0.13460761308670044,0.9980040192604065,0.6430286169052124
YDR009W,YLL038C,0,-2.1697419,0.13458950817584991,0.9980040192604065,0.6431286334991455
YPL174C,YIL027C,0,-2.169808,0.1345713883638382,0.9980040192604065,0.6432286500930786
YPR138C,YJR065C,0,-2.1698396,0.13455328345298767,0.9980040192604065,0.6433286666870117
YLR157C,YDR490C,0,-2.1699872,0.13453517854213715,0.9980040192604065,0.6434286832809448
YHR057C,YLR348C,0,-2.170063,0.13451708853244781,0.9980040192604065,0.6435286998748779
YDR099W,YJR024C,0,-2.1701112,0.13449899852275848,0.9980040192604065,0.643628716468811
YLR352W,YLR215C,0,-2.1702065,0.13448090851306915,0.9980040192604065,0.6437287330627441
YCR008W,YKL020C,0,-2.1702366,0.13446281850337982,0.9980040192604065,0.6438287496566772
YIL037C,YIL067C,0,-2.170246,0.13444474339485168,0.9980040192604065,0.6439287662506104
YDR258C,YKR053C,0,-2.170477,0.13442666828632355,0.9980040192604065,0.6440287828445435
YIL068C,YDR175C,0,-2.1705909,0.1344086080789566,0.9980040192604065,0.6441287994384766
YKL034W,YJL134W,0,-2.1706605,0.13439053297042847,0.9980040192604065,0.6442288160324097
YPL241C,YOR117W,0,-2.1707788,0.13437248766422272,0.9980040192604065,0.6443288922309875
YLR119W,YCR094W,0,-2.1709242,0.13435442745685577,0.9980040192604065,0.6444289088249207
YGL231C,YCR077C,0,-2.1710377,0.13433638215065002,0.9980040192604065,0.6445289254188538
YFL017C,YOR388C,0,-2.1711168,0.13431833684444427,0.9980040192604065,0.6446289420127869
YAL043C,YKL027W,0,-2.171204,0.13430029153823853,0.9980040192604065,0.64472895860672
YJL221C,YDR374C,0,-2.1716452,0.13428226113319397,0.9980040192604065,0.6448289752006531
YKL170W,YIL121W,0,-2.1719112,0.13426423072814941,0.9980040192604065,0.6449289917945862
YOR087W,YML007W,0,-2.1720123,0.13424620032310486,0.9980040192604065,0.6450290083885193
YKL176C,YGL141W,0,-2.1722012,0.1342281848192215,0.9980040192604065,0.6451290249824524
YGL038C,YBR298C,0,-2.1722708,0.13421016931533813,0.9980040192604065,0.6452290415763855
YDR240C,YDR141C,0,-2.172276,0.13419216871261597,0.9980040192604065,0.6453290581703186
YMR231W,YPR037C,0,-2.1722887,0.1341741532087326,0.9980040192604065,0.6454290747642517
YMR322C,YLR191W,0,-2.172308,0.13415615260601044,0.9980040192604065,0.6455290913581848
YJR119C,YKR036C,0,-2.172442,0.13413816690444946,0.9980040192604065,0.6456291079521179
YDR334W,YGL089C,0,-2.1725254,0.1341201663017273,0.9980040192604065,0.645729124546051
YEL068C,YHL007C,0,-2.1727657,0.13410218060016632,0.9980040192604065,0.6458291411399841
YDR407C,YJL207C,0,-2.1728191,0.13408420979976654,0.9980040192604065,0.6459291577339172
YLR154C,YBL084C,0,-2.172985,0.13406622409820557,0.9980040192604065,0.6460292339324951
YIL048W,YDR343C,0,-2.1732726,0.1340482532978058,0.9980040192604065,0.6461292505264282
YDR405W,YOR156C,0,-2.1734872,0.1340302973985672,0.9980040192604065,0.6462292671203613
YPR187W,YLR361C,0,-2.1736212,0.13401232659816742,0.9980040192604065,0.6463292837142944
YIL148W,YEL019C,0,-2.1739774,0.13399437069892883,0.9980040192604065,0.6464293003082275
YJR111C,YJR117W,0,-2.1741028,0.13397641479969025,0.9980040192604065,0.6465293169021606
YDL224C,YFL051C,0,-2.1741118,0.13395847380161285,0.9980040192604065,0.6466293334960938
YLR061W,YNL320W,0,-2.1743703,0.13394053280353546,0.9980040192604065,0.6467293500900269
YHL020C,YJL020C,0,-2.1744676,0.13392259180545807,0.9980040192604065,0.64682936668396
YFL043C,YJL041W,0,-2.1746771,0.13390466570854187,0.9980040192604065,0.6469293832778931
YMR073C,YGL108C,0,-2.1749249,0.13388672471046448,0.9980040192604065,0.6470293998718262
YAR033W,YGL122C,0,-2.1749864,0.13386881351470947,0.9980040192604065,0.6471294164657593
YMR307W,YJL159W,0,-2.175172,0.13385088741779327,0.9980040192604065,0.6472294330596924
YLL025W,YPL041C,0,-2.1752667,0.13383297622203827,0.9980040192604065,0.6473294496536255
YOL111C,YDR004W,0,-2.1755743,0.13381506502628326,0.9980040192604065,0.6474294662475586
YGL231C,YIL139C,0,-2.1756122,0.13379716873168945,0.9980040192604065,0.6475294828414917
YCR012W,YHR115C,0,-2.1756244,0.13377925753593445,0.9980040192604065,0.6476294994354248
YJR084W,YLR215C,0,-2.1756933,0.13376137614250183,0.9980040192604065,0.6477295756340027
YEL068C,YMR192W,0,-2.1757147,0.13374347984790802,0.9980040192604065,0.6478295922279358
YDR134C,YPR159W,0,-2.1758435,0.1337255984544754,0.9980040192604065,0.6479296088218689
YMR019W,YJL108C,0,-2.175888,0.13370771706104279,0.9980040192604065,0.648029625415802
YNL320W,YPL058C,0,-2.1759844,0.13368983566761017,0.9980040192604065,0.6481296420097351
YPL192C,YLR085C,0,-2.1764498,0.13367196917533875,0.9980040192604065,0.6482296586036682
YER063W,YBR168W,0,-2.1765103,0.13365410268306732,0.9980040192604065,0.6483296751976013
YJL090C,YDR148C,0,-2.1766396,0.1336362361907959,0.9980040192604065,0.6484296917915344
YDL069C,YGR116W,0,-2.1766505,0.13361838459968567,0.9980040192604065,0.6485297083854675
YER050C,YFR024C,0,-2.1768475,0.13360053300857544,0.9980040192604065,0.6486297249794006
YDR071C,YMR041C,0,-2.1771529,0.1335826814174652,0.9980040192604065,0.6487297415733337
YDL209C,YNL278W,0,-2.1771955,0.13356484472751617,0.9980040192604065,0.6488297581672668
YGR100W,YGL051W,0,-2.177537,0.13354700803756714,0.9980040192604065,0.6489297747612
YDR427W,YKL064W,0,-2.1776316,0.1335291713476181,0.9980040192604065,0.6490297913551331
YJL049W,YJR159W,0,-2.1778412,0.13351134955883026,0.9980040192604065,0.6491298079490662
YJR117W,YNL233W,0,-2.177877,0.13349352777004242,0.9980040192604065,0.6492298245429993
YCR031C,YER103W,0,-2.177971,0.13347570598125458,0.9980040192604065,0.6493298411369324
YCR058C,YBL084C,0,-2.178156,0.13345789909362793,0.9980040192604065,0.6494298577308655
YLR139C,YOR039W,0,-2.178216,0.13344009220600128,0.9980040192604065,0.6495299339294434
YHR040W,YGR031W,0,-2.1783023,0.13342228531837463,0.9980040192604065,0.6496299505233765
YDR326C,YLR166C,0,-2.178516,0.13340447843074799,0.9980040192604065,0.6497299671173096
YJL049W,YMR036C,0,-2.178739,0.13338668644428253,0.9980040192604065,0.6498299837112427
YBR253W,YLR288C,0,-2.1788065,0.13336889445781708,0.9980040192604065,0.6499300003051758
YKR057W,YJR153W,0,-2.1790347,0.13335111737251282,0.9980040192604065,0.6500300168991089
YBR281C,YLR288C,0,-2.179099,0.13333334028720856,0.9980040192604065,0.650130033493042
YOL052C-A,YHR124W,0,-2.1796155,0.1333155632019043,0.9980040192604065,0.6502300500869751
YIL169C,YHR096C,0,-2.1796398,0.13329778611660004,0.9980040192604065,0.6503300666809082
YNL260C,YMR231W,0,-2.179728,0.13328002393245697,0.9980040192604065,0.6504300832748413
YDR462W,YKL093W,0,-2.1800575,0.1332622617483139,0.9980040192604065,0.6505300998687744
YNL010W,YPR186C,0,-2.1801023,0.13324449956417084,0.9980040192604065,0.6506301164627075
YDR407C,YKL085W,0,-2.180271,0.13322675228118896,0.9980040192604065,0.6507301330566406
YKL034W,YHR117W,0,-2.1804442,0.1332090049982071,0.9980040192604065,0.6508301496505737
YDR266C,YHR155W,0,-2.180531,0.13319125771522522,0.9980040192604065,0.6509301662445068
YAR044W,YBR075W,0,-2.1805582,0.13317352533340454,0.9980040192604065,0.6510301828384399
YGL184C,YGL108C,0,-2.1807816,0.13315579295158386,0.9980040192604065,0.651130199432373
YMR150C,YBR156C,0,-2.1809645,0.13313806056976318,0.9980040192604065,0.6512302756309509
YHL018W,YIL017C,0,-2.1810884,0.1331203430891037,0.9980040192604065,0.651330292224884
YDR257C,YPR071W,0,-2.1812103,0.1331026256084442,0.9980040192604065,0.6514303088188171
YGR100W,YCR079W,0,-2.1812665,0.13308490812778473,0.9980040192604065,0.6515303254127502
YMR017W,YIL124W,0,-2.181464,0.13306720554828644,0.9980040192604065,0.6516303420066833
YLL018C-A,YJL173C,0,-2.1815627,0.13304948806762695,0.9980040192604065,0.6517303586006165
YBL023C,YJR119C,0,-2.1820407,0.13303180038928986,0.9980040192604065,0.6518303751945496
YER112W,YDR343C,0,-2.1820827,0.13301409780979156,0.9980040192604065,0.6519303917884827
YOR389W,YOL152W,0,-2.1821046,0.13299641013145447,0.9980040192604065,0.6520304083824158
YHL044W,YLR228C,0,-2.1823301,0.13297872245311737,0.9980040192604065,0.6521304249763489
YJR045C,YKR044W,0,-2.1824548,0.13296104967594147,0.9980040192604065,0.652230441570282
YGL065C,YOL043C,0,-2.1825633,0.13294336199760437,0.9980040192604065,0.6523304581642151
YNR058W,YGL030W,0,-2.1830668,0.13292568922042847,0.9980040192604065,0.6524304747581482
YNL206C,YBL064C,0,-2.1832924,0.13290803134441376,0.9980040192604065,0.6525304913520813
YOR017W,YNL173C,0,-2.1836364,0.13289035856723785,0.9980040192604065,0.6526305079460144
YPL021W,YKL145W,0,-2.1838524,0.13287270069122314,0.9980040192604065,0.6527305245399475
YHR191C,YGR134W,0,-2.184196,0.13285505771636963,0.9980040192604065,0.6528305411338806
YLR461W,YGR231C,0,-2.184385,0.13283739984035492,0.9980040192604065,0.6529305577278137
YAL058W,YMR110C,0,-2.1848798,0.1328197568655014,0.9980040192604065,0.6530306339263916
YFL020C,YPL134C,0,-2.1848867,0.13280212879180908,0.9980040192604065,0.6531306505203247
YBR054W,YFL057C,0,-2.1848962,0.13278448581695557,0.9980040192604065,0.6532306671142578
YPL115C,YGR112W,0,-2.1853437,0.13276685774326324,0.9980040192604065,0.6533306837081909
YOR047C,YNL272C,0,-2.1857615,0.13274922966957092,0.9980040192604065,0.653430700302124
YKL097W-A,YOR243C,0,-2.185847,0.1327316164970398,0.9980040192604065,0.6535307168960571
YDL065C,YOR321W,0,-2.1860983,0.13271400332450867,0.9980040192604065,0.6536307334899902
YPL117C,YBR182C,0,-2.1861053,0.13269639015197754,0.9980040192604065,0.6537307500839233
YDL015C,YPL123C,0,-2.1862805,0.1326787918806076,0.9980040192604065,0.6538307666778564
YJR084W,YOL047C,0,-2.1864746,0.13266117870807648,0.9980040192604065,0.6539307832717896
YIR002C,YMR154C,0,-2.1867914,0.13264358043670654,0.9980040192604065,0.6540307998657227
YIL173W,YKR028W,0,-2.1869206,0.1326259970664978,0.9980040192604065,0.6541308164596558
YHR152W,YKL127W,0,-2.18708,0.13260841369628906,0.9980040192604065,0.6542308330535889
YGR185C,YJR052W,0,-2.1871834,0.13259083032608032,0.9980040192604065,0.654330849647522
YGL161C,YMR159C,0,-2.1874979,0.13257324695587158,0.9980040192604065,0.6544308662414551
YGL094C,YGR072W,0,-2.1876059,0.13255567848682404,0.9980040192604065,0.6545308828353882
YNL289W,YMR247C,0,-2.1876204,0.1325381100177765,0.9980040192604065,0.6546308994293213
YER056C,YOR020W-A,0,-2.1879778,0.13252054154872894,0.9980040192604065,0.6547309756278992
YMR241W,YOR125C,0,-2.1881733,0.1325029879808426,0.9980040192604065,0.6548309922218323
YBR054W,YJL025W,0,-2.1885371,0.13248541951179504,0.9980040192604065,0.6549310088157654
YFL026W,YOR162C,0,-2.1885488,0.13246788084506989,0.9980040192604065,0.6550310254096985
YOR176W,YEL069C,0,-2.1885521,0.13245032727718353,0.9980040192604065,0.6551310420036316
YMR047C,YIL115C,1,-2.188587,0.1325652301311493,0.9990019798278809,0.6551310420036316
YDR258C,YJL177W,0,-2.1886704,0.13254767656326294,0.9990019798278809,0.6552310585975647
YHR079C-B,YGR068C,0,-2.1887236,0.1325301229953766,0.9990019798278809,0.6553310751914978
YDL184C,YPL168W,0,-2.1893208,0.13251256942749023,0.9990019798278809,0.6554310917854309
YIL112W,YMR190C,0,-2.1898136,0.13249503076076508,0.9990019798278809,0.655531108379364
YOR027W,YCR057C,0,-2.1903005,0.1324775069952011,0.9990019798278809,0.6556311249732971
YIR035C,YER154W,0,-2.1903205,0.13245996832847595,0.9990019798278809,0.6557311415672302
YML102W,YNL328C,0,-2.190374,0.132442444562912,0.9990019798278809,0.6558311581611633
YLR090W,YCR079W,0,-2.1903791,0.13242492079734802,0.9990019798278809,0.6559311747550964
YHR055C,YPR091C,0,-2.1907954,0.13240741193294525,0.9990019798278809,0.6560311913490295
YJR102C,YNL312W,0,-2.1908257,0.1323898881673813,0.9990019798278809,0.6561312079429626
YIL112W,YEL039C,0,-2.190912,0.1323723942041397,0.9990019798278809,0.6562312245368958
YOL042W,YKL064W,0,-2.1909623,0.13235488533973694,0.9990019798278809,0.6563312411308289
YIL037C,YDR458C,0,-2.191039,0.13233739137649536,0.9990019798278809,0.656431257724762
YKR008W,YLR457C,0,-2.1910567,0.13231989741325378,0.9990019798278809,0.6565313339233398
YCR091W,YMR047C,0,-2.191181,0.1323024034500122,0.9990019798278809,0.656631350517273
YNL200C,YDL236W,0,-2.1912012,0.13228492438793182,0.9990019798278809,0.656731367111206
YIL162W,YAL036C,0,-2.1912086,0.13226744532585144,0.9990019798278809,0.6568313837051392
YDR248C,YML102W,0,-2.1912904,0.13224996626377106,0.9990019798278809,0.6569314002990723
YCL043C,YOR307C,0,-2.191455,0.13223250210285187,0.9990019798278809,0.6570314168930054
YHL018W,YPL137C,0,-2.1914666,0.13221503794193268,0.9990019798278809,0.6571314334869385
YHR080C,YOR355W,0,-2.1914706,0.1321975737810135,0.9990019798278809,0.6572314500808716
YML064C,YAR033W,0,-2.1917374,0.1321801096200943,0.9990019798278809,0.6573314666748047
YBR290W,YMR164C,0,-2.191903,0.1321626603603363,0.9990019798278809,0.6574314832687378
YKL085W,YHL007C,0,-2.192027,0.1321452111005783,0.9990019798278809,0.6575314998626709
YNL010W,YOR147W,0,-2.192079,0.1321277767419815,0.9990019798278809,0.657631516456604
YLL049W,YBL022C,0,-2.1922297,0.1321103274822235,0.9990019798278809,0.6577315330505371
YOL041C,YKR053C,0,-2.192401,0.1320928931236267,0.9990019798278809,0.6578315496444702
YML026C,YOR378W,0,-2.192608,0.1320754736661911,0.9990019798278809,0.6579315662384033
YLR272C,YHR140W,0,-2.1926165,0.1320580542087555,0.9990019798278809,0.6580315828323364
YOR027W,YIR008C,0,-2.1926484,0.13204063475131989,0.9990019798278809,0.6581315994262695
YOL100W,YNL019C,0,-2.192733,0.13202321529388428,0.9990019798278809,0.6582316756248474
YGL018C,YCR073C,0,-2.1927338,0.13200579583644867,0.9990019798278809,0.6583316922187805
YKL087C,YBR239C,0,-2.1928267,0.13198839128017426,0.9990019798278809,0.6584317088127136
YOR172W,YPR173C,0,-2.1929832,0.13197100162506104,0.9990019798278809,0.6585317254066467
YNL298W,YGL253W,0,-2.1933317,0.13195359706878662,0.9990019798278809,0.6586317420005798
YLR157C,YHR027C,0,-2.1933732,0.1319362074136734,0.9990019798278809,0.6587317585945129
YLR342W,YDR049W,0,-2.1936595,0.13191881775856018,0.9990019798278809,0.658831775188446
YIL073C,YOR214C,0,-2.1937401,0.13190144300460815,0.9990019798278809,0.6589317917823792
YDL225W,YGR099W,0,-2.1940567,0.13188405334949493,0.9990019798278809,0.6590318083763123
YPR134W,YMR290C,0,-2.1941066,0.1318666785955429,0.9990019798278809,0.6591318249702454
YFR024C,YDR085C,0,-2.1944575,0.13184931874275208,0.9990019798278809,0.6592318415641785
YJR108W,YBR108W,0,-2.194824,0.13183194398880005,0.9990019798278809,0.6593318581581116
YDR152W,YOL122C,0,-2.1948924,0.13181458413600922,0.9990019798278809,0.6594318747520447
YLL018C-A,YPR113W,0,-2.1949482,0.13179723918437958,0.9990019798278809,0.6595318913459778
YMR154C,YAL019W,0,-2.195011,0.13177987933158875,0.9990019798278809,0.6596319079399109
YFL017C,YJL114W,0,-2.1953425,0.1317625343799591,0.9990019798278809,0.659731924533844
YGL133W,YIL014W,0,-2.1956222,0.13174518942832947,0.9990019798278809,0.6598319411277771
YBR070C,YOL019W,0,-2.195806,0.13172785937786102,0.9990019798278809,0.6599319577217102
YKR028W,YNL138W-A,0,-2.1959252,0.13171052932739258,0.9990019798278809,0.6600320339202881
YPR153W,YGL231C,0,-2.1961555,0.13169319927692413,0.9990019798278809,0.6601320505142212
YKR053C,YNL218W,0,-2.1961613,0.1316758692264557,0.9990019798278809,0.6602320671081543
YKL059C,YIL040W,0,-2.1966262,0.13165855407714844,0.9990019798278809,0.6603320837020874
YBL017C,YGR112W,0,-2.196889,0.1316412389278412,0.9990019798278809,0.6604321002960205
YOR080W,YOR150W,0,-2.1970549,0.13162393867969513,0.9990019798278809,0.6605321168899536
YKR057W,YDR098C-B,0,-2.1978416,0.13160662353038788,0.9990019798278809,0.6606321334838867
YDR407C,YLR268W,0,-2.1981032,0.13158932328224182,0.9990019798278809,0.6607321500778198
YBR075W,YMR164C,0,-2.1982074,0.13157202303409576,0.9990019798278809,0.6608321666717529
YLR143W,YMR027W,0,-2.1983116,0.1315547376871109,0.9990019798278809,0.660932183265686
YDR238C,YDR100W,0,-2.1983385,0.13153745234012604,0.9990019798278809,0.6610321998596191
YJL090C,YGR246C,0,-2.1983826,0.13152016699314117,0.9990019798278809,0.6611322164535522
YPL187W,YPL112C,0,-2.198451,0.1315028965473175,0.9990019798278809,0.6612322330474854
YGL231C,YCL034W,0,-2.1985095,0.13148561120033264,0.9990019798278809,0.6613322496414185
YPL241C,YJR159W,0,-2.1987562,0.13146834075450897,0.9990019798278809,0.6614322662353516
YMR150C,YBL035C,0,-2.1990438,0.1314510852098465,0.9990019798278809,0.6615322828292847
YFL051C,YDR363W-A,0,-2.1992476,0.13143382966518402,0.9990019798278809,0.6616322994232178
YGL006W,YNR008W,0,-2.1992526,0.13141657412052155,0.9990019798278809,0.6617323756217957
YER060W-A,YGL229C,0,-2.1993346,0.13139931857585907,0.9990019798278809,0.6618323922157288
YPR194C,YEL006W,0,-2.199645,0.1313820779323578,0.9990019798278809,0.6619324088096619
YER056C-A,YBR012W-B,0,-2.1997325,0.1313648223876953,0.9990019798278809,0.662032425403595
YOR214C,YDL088C,0,-2.1999853,0.13134759664535522,0.9990019798278809,0.6621324419975281
YJR102C,YMR052W,0,-2.2001038,0.13133035600185394,0.9990019798278809,0.6622324585914612
YIL169C,YBR062C,0,-2.2004194,0.13131313025951385,0.9990019798278809,0.6623324751853943
YGL038C,YLR361C,0,-2.2005904,0.13129590451717377,0.9990019798278809,0.6624324917793274
YPL162C,YDR365W-B,0,-2.200642,0.13127869367599487,0.9990019798278809,0.6625325083732605
YLR405W,YOL043C,0,-2.2008553,0.13126146793365479,0.9990019798278809,0.6626325249671936
YKL079W,YDL088C,0,-2.2009184,0.1312442570924759,0.9990019798278809,0.6627325415611267
YBR012W-B,YPL147W,0,-2.2009668,0.1312270611524582,0.9990019798278809,0.6628325581550598
YER071C,YPL084W,0,-2.2010376,0.1312098503112793,0.9990019798278809,0.6629325747489929
YBR075W,YKL150W,0,-2.2010918,0.1311926543712616,0.9990019798278809,0.663032591342926
YLR394W,YKL012W,0,-2.2015672,0.1311754733324051,0.9990019798278809,0.6631326079368591
YLR352W,YJL041W,0,-2.20157,0.1311582773923874,0.9990019798278809,0.6632326245307922
YOL051W,YNL320W,0,-2.2017312,0.13114109635353088,0.9990019798278809,0.6633326411247253
YLR371W,YOR162C,0,-2.2017367,0.13112391531467438,0.9990019798278809,0.6634326577186584
YGR282C,YBL005W-B,0,-2.201808,0.13110674917697906,0.9990019798278809,0.6635327339172363
YBR128C,YFL051C,0,-2.2020764,0.13108958303928375,0.9990019798278809,0.6636327505111694
YBR143C,YDR319C,0,-2.2020922,0.13107241690158844,0.9990019798278809,0.6637327671051025
YIR041W,YLR085C,0,-2.2021286,0.13105525076389313,0.9990019798278809,0.6638327836990356
YMR047C,YJR042W,1,-2.20219,0.13116900622844696,1.0,0.6638327836990356
YDR134C,YDL077C,0,-2.2024763,0.13115182518959045,1.0,0.6639328002929688
YJL159W,YEL019C,0,-2.2025661,0.13113467395305634,1.0,0.6640328168869019
YFR006W,YOR106W,0,-2.202941,0.13111750781536102,1.0,0.664132833480835
YKL104C,YNL173C,0,-2.2033863,0.1311003565788269,1.0,0.6642328500747681
YGR132C,YBR087W,0,-2.2039256,0.13108320534229279,1.0,0.6643328666687012
YOL067C,YKL095W,0,-2.2043662,0.13106605410575867,1.0,0.6644328832626343
YBR060C,YGR197C,0,-2.204774,0.13104891777038574,1.0,0.6645328998565674
YDL177C,YPL111W,0,-2.2048714,0.13103178143501282,1.0,0.6646329164505005
YOL012C,YCL056C,0,-2.2048998,0.1310146450996399,1.0,0.6647329330444336
YLR018C,YLR191W,0,-2.2050457,0.13099750876426697,1.0,0.6648329496383667
YDL143W,YKL007W,0,-2.2052975,0.13098038733005524,1.0,0.6649329662322998
YDL046W,YGR007W,0,-2.2054138,0.1309632658958435,1.0,0.6650329828262329
YPL023C,YCR079W,0,-2.205431,0.13094615936279297,1.0,0.665132999420166
YCR097WB,YDL002C,0,-2.20547,0.13092905282974243,1.0,0.6652330756187439
YGR227W,YMR027W,0,-2.2056715,0.1309119462966919,1.0,0.665333092212677
YKR048C,YNL138W-A,0,-2.2059467,0.13089483976364136,1.0,0.6654331088066101
YDL015C,YGR138C,0,-2.2060673,0.13087774813175201,1.0,0.6655331254005432
YHR178W,YJR054W,0,-2.2064314,0.13086065649986267,1.0,0.6656331419944763
YDR200C,YKL064W,0,-2.2064667,0.13084356486797333,1.0,0.6657331585884094
YGL252C,YBL035C,0,-2.2067714,0.13082647323608398,1.0,0.6658331751823425
YJR086W,YHR155W,0,-2.2069788,0.13080939650535583,1.0,0.6659331917762756
YJL092W,YGR223C,0,-2.2074213,0.13079231977462769,1.0,0.6660332083702087
YKR044W,YBR253W,0,-2.20743,0.13077525794506073,1.0,0.6661332249641418
YLL031C,YNL298W,0,-2.2074885,0.13075819611549377,1.0,0.666233241558075
YLR078C,YOR090C,0,-2.2078006,0.13074113428592682,1.0,0.6663332581520081
YEL070W,YBR100W,0,-2.2081509,0.13072407245635986,1.0,0.6664332747459412
YKL201C,YNL218W,0,-2.2083445,0.1307070106267929,1.0,0.6665332913398743
YBL023C,YIL108W,0,-2.2084746,0.13068996369838715,1.0,0.6666333079338074
YGR052W,YML086C,0,-2.2087655,0.13067293167114258,1.0,0.6667333245277405
YKL042W,YOL044W,0,-2.2087684,0.13065588474273682,1.0,0.6668333411216736
YDR519W,YDR049W,0,-2.2088003,0.13063885271549225,1.0,0.6669333577156067
YNR008W,YGR262C,0,-2.2089553,0.13062182068824768,1.0,0.6670334339141846
YEL068C,YIL126W,0,-2.2089982,0.1306048035621643,1.0,0.6671334505081177
YOR065W,YBR093C,0,-2.2090282,0.13058777153491974,1.0,0.6672334671020508
YJL159W,YLR143W,0,-2.2091532,0.13057075440883636,1.0,0.6673334836959839
YJR075W,YDR481C,0,-2.2091908,0.13055375218391418,1.0,0.667433500289917
YDR356W,YFL043C,0,-2.2091928,0.1305367350578308,1.0,0.6675335168838501
YCL060C,YMR052W,0,-2.209307,0.13051973283290863,1.0,0.6676335334777832
YDR334W,YJR110W,0,-2.2093258,0.13050273060798645,1.0,0.6677335500717163
YNL082W,YOR132W,0,-2.2094564,0.13048574328422546,1.0,0.6678335666656494
YMR011W,YGR209C,0,-2.2099352,0.13046875596046448,1.0,0.6679335832595825
YHL023C,YBL080C,0,-2.2099886,0.1304517686367035,1.0,0.6680335998535156
YFR029W,YER075C,0,-2.2100763,0.1304347813129425,1.0,0.6681336164474487
YOL044W,YBR276C,0,-2.210136,0.1304178088903427,1.0,0.6682336330413818
YHR171W,YDR352W,0,-2.210148,0.13040083646774292,1.0,0.6683336496353149
YDR295C,YJL020C,0,-2.2102523,0.13038386404514313,1.0,0.668433666229248
YGR058W,YJR124C,0,-2.2104073,0.13036690652370453,1.0,0.6685336828231812
YIL136W,YJL114W,0,-2.2104359,0.13034993410110474,1.0,0.6686336994171143
YML071C,YDR507C,0,-2.210513,0.13033299148082733,1.0,0.6687337756156921
YMR060C,YER103W,0,-2.2105246,0.13031603395938873,1.0,0.6688337922096252
YLR297W,YJR077C,0,-2.2105377,0.13029909133911133,1.0,0.6689338088035583
YOL055C,YPR147C,0,-2.210622,0.13028214871883392,1.0,0.6690338253974915
YER056C,YBR062C,0,-2.2106519,0.13026520609855652,1.0,0.6691338419914246
YJL187C,YFL057C,0,-2.2107642,0.1302482783794403,1.0,0.6692338585853577
YDL127W,YFR050C,0,-2.2110324,0.1302313506603241,1.0,0.6693338751792908
YHR110W,YKL093W,0,-2.2110991,0.13021442294120789,1.0,0.6694338917732239
YPR147C,YLL022C,0,-2.2117748,0.13019751012325287,1.0,0.669533908367157
YOR278W,YNL027W,0,-2.2118998,0.13018058240413666,1.0,0.6696339249610901
YFL041W,YPR171W,0,-2.212272,0.13016368448734283,1.0,0.6697339415550232
YEL012W,YHR111W,0,-2.2123034,0.13014677166938782,1.0,0.6698339581489563
YBR062C,YCL029C,0,-2.2123575,0.130129873752594,1.0,0.6699339747428894
YHR055C,YDR141C,0,-2.2123642,0.13011297583580017,1.0,0.6700339913368225
YLR197W,YKL146W,0,-2.2127771,0.13009607791900635,1.0,0.6701340079307556
YKR106W,YKL020C,0,-2.212833,0.13007919490337372,1.0,0.6702340245246887
YHR012W,YLL015W,0,-2.2130013,0.1300623118877411,1.0,0.6703340411186218
YNL084C,YHR154W,0,-2.21306,0.13004542887210846,1.0,0.6704340577125549
YPL192C,YGR014W,0,-2.2130938,0.13002854585647583,1.0,0.6705341339111328
YKL087C,YLR414C,0,-2.2131348,0.1300116777420044,1.0,0.6706341505050659
YDR099W,YBR182C,0,-2.2131696,0.12999480962753296,1.0,0.670734167098999
YJL001W,YJL222W,0,-2.213301,0.12997794151306152,1.0,0.6708341836929321
YMR258C,YLR130C,0,-2.2133152,0.12996108829975128,1.0,0.6709342002868652
YIL162W,YPL137C,0,-2.2134094,0.12994423508644104,1.0,0.6710342168807983
YGL006W,YKL185W,0,-2.2139926,0.1299273818731308,1.0,0.6711342334747314
YMR184W,YJL117W,0,-2.2140412,0.12991054356098175,1.0,0.6712342500686646
YOR388C,YJR124C,0,-2.2140925,0.1298937052488327,1.0,0.6713342666625977
YJL052W,YOR158W,0,-2.2143435,0.12987686693668365,1.0,0.6714342832565308
YLL010C,YBR240C,0,-2.2144694,0.1298600286245346,1.0,0.6715342998504639
YMR150C,YMR098C,0,-2.214513,0.12984320521354675,1.0,0.671634316444397
YDR512C,YOL001W,0,-2.2145457,0.1298263818025589,1.0,0.6717343330383301
YKL079W,YGL229C,0,-2.214694,0.12980955839157104,1.0,0.6718343496322632
YKL051W,YDL177C,0,-2.2147872,0.12979274988174438,1.0,0.6719343662261963
YDL136W,YLR297W,0,-2.2150736,0.12977594137191772,1.0,0.6720343828201294
YNL289W,YLR228C,0,-2.2152448,0.12975913286209106,1.0,0.6721343994140625
YMR307W,YJL066C,0,-2.215312,0.1297423243522644,1.0,0.6722344756126404
YMR042W,YJL020C,0,-2.2154257,0.12972553074359894,1.0,0.6723344922065735
YGL137W,YDR504C,0,-2.2155468,0.12970873713493347,1.0,0.6724345088005066
YCR107W,YOR256C,0,-2.2156928,0.129691943526268,1.0,0.6725345253944397
YPR151C,YKR053C,0,-2.2157955,0.12967516481876373,1.0,0.6726345419883728
YHR080C,YDL177C,0,-2.216021,0.12965838611125946,1.0,0.6727345585823059
YML055W,YBR062C,0,-2.2163894,0.1296416074037552,1.0,0.672834575176239
YDR495C,YJL025W,0,-2.2165213,0.1296248435974121,1.0,0.6729345917701721
YLR143W,YDR529C,0,-2.2167015,0.12960806488990784,1.0,0.6730346083641052
YLR166C,YOR083W,0,-2.2167187,0.12959131598472595,1.0,0.6731346249580383
YIL037C,YPR091C,0,-2.2167802,0.12957455217838287,1.0,0.6732346415519714
YDL185W,YIL173W,0,-2.2171972,0.129557803273201,1.0,0.6733346581459045
YPL189W,YJL124C,0,-2.2174532,0.1295410543680191,1.0,0.6734346747398376
YLR074C,YJR109C,0,-2.2176056,0.12952430546283722,1.0,0.6735346913337708
YGR156W,YAR027W,0,-2.217667,0.12950755655765533,1.0,0.6736347079277039
YLL018C-A,YHR155W,0,-2.2177806,0.12949082255363464,1.0,0.673734724521637
YLR119W,YML058W-A,0,-2.2177877,0.12947408854961395,1.0,0.6738347411155701
YER142C,YMR133W,0,-2.2178354,0.12945736944675446,1.0,0.6739347577095032
YPL174C,YNL219C,0,-2.218136,0.12944063544273376,1.0,0.674034833908081
YER101C,YNR018W,0,-2.2182136,0.12942391633987427,1.0,0.6741348505020142
YLR414C,YJR075W,0,-2.2182345,0.12940721213817596,1.0,0.6742348670959473
YGR229C,YNL289W,0,-2.2184145,0.12939049303531647,1.0,0.6743348836898804
YKR106W,YGR004W,0,-2.2187276,0.12937378883361816,1.0,0.6744349002838135
YAL014C,YEL006W,0,-2.2189093,0.12935708463191986,1.0,0.6745349168777466
YHR152W,YFR051C,0,-2.2189882,0.12934039533138275,1.0,0.6746349334716797
YKL051W,YCR021C,0,-2.2190816,0.12932369112968445,1.0,0.6747349500656128
YMR041C,YBL005W-B,0,-2.2190893,0.12930700182914734,1.0,0.6748349666595459
YOR291W,YBL042C,0,-2.2191849,0.12929032742977142,1.0,0.674934983253479
YPR095C,YLR158C,0,-2.21936,0.12927363812923431,1.0,0.6750349998474121
YBL095W,YPL137C,0,-2.2196984,0.1292569637298584,1.0,0.6751350164413452
YMR307W,YER103W,0,-2.2198143,0.12924028933048248,1.0,0.6752350330352783
YMR323W,YOR071C,0,-2.220119,0.12922362983226776,1.0,0.6753350496292114
YHR039C-B,YAL013W,0,-2.2204962,0.12920697033405304,1.0,0.6754350662231445
YPR153W,YMR277W,0,-2.2205222,0.12919031083583832,1.0,0.6755350828170776
YIL162W,YPR147C,0,-2.2207227,0.1291736513376236,1.0,0.6756350994110107
YMR154C,YBL054W,0,-2.22083,0.12915699183940887,1.0,0.6757351756095886
YLR272C,YOR278W,0,-2.2209516,0.12914034724235535,1.0,0.6758351922035217
YPL002C,YNL318C,0,-2.221044,0.129123717546463,1.0,0.6759352087974548
YJR085C,YLR457C,0,-2.2213707,0.12910707294940948,1.0,0.6760352253913879
YDL021W,YCR031C,0,-2.2224207,0.12909044325351715,1.0,0.676135241985321
YMR270C,YKL016C,0,-2.222589,0.12907381355762482,1.0,0.6762352585792542
YGL104C,YDL035C,0,-2.222628,0.12905718386173248,1.0,0.6763352751731873
YGR104C,YJR074W,0,-2.2226708,0.12904056906700134,1.0,0.6764352917671204
YBR242W,YHR207C,0,-2.222948,0.1290239542722702,1.0,0.6765353083610535
YKL016C,YPR025C,0,-2.222981,0.12900733947753906,1.0,0.6766353249549866
YGL094C,YPL270W,0,-2.2230752,0.12899072468280792,1.0,0.6767353415489197
YKL077W,YDR319C,0,-2.223238,0.12897412478923798,1.0,0.6768353581428528
YMR100W,YLR287C,0,-2.2235277,0.12895752489566803,1.0,0.6769353747367859
YJR073C,YJL133W,0,-2.2239978,0.12894093990325928,1.0,0.677035391330719
YIL162W,YMR290C,0,-2.2242496,0.12892434000968933,1.0,0.6771354079246521
YLR409C,YHL035C,0,-2.2242527,0.12890775501728058,1.0,0.6772354245185852
YDR148C,YLR053C,0,-2.2243593,0.12889117002487183,1.0,0.6773354411125183
YJL049W,YGR070W,0,-2.2246675,0.12887459993362427,1.0,0.6774354577064514
YBR290W,YLL016W,0,-2.224885,0.1288580298423767,1.0,0.6775355339050293
YCL044C,YNL289W,0,-2.225261,0.12884145975112915,1.0,0.6776355504989624
YOR214C,YDR457W,0,-2.22533,0.1288248896598816,1.0,0.6777355670928955
YPR105C,YLL049W,0,-2.2255692,0.12880833446979523,1.0,0.6778355836868286
YLR106C,YPL213W,0,-2.2260725,0.12879177927970886,1.0,0.6779356002807617
YKL158W,YHL028W,0,-2.2261117,0.1287752240896225,1.0,0.6780356168746948
YGL124C,YLR297W,0,-2.2261176,0.12875866889953613,1.0,0.6781356334686279
YIL084C,YLL022C,0,-2.2261803,0.12874212861061096,1.0,0.678235650062561
YIL146C,YBR168W,0,-2.2263455,0.1287255883216858,1.0,0.6783356666564941
YKL212W,YDR374C,0,-2.226393,0.12870906293392181,1.0,0.6784356832504272
YPR160W,YMR318C,0,-2.2265155,0.12869252264499664,1.0,0.6785356998443604
YLR352W,YJR086W,0,-2.2265687,0.12867599725723267,1.0,0.6786357164382935
YMR052W,YKR028W,0,-2.2265925,0.1286594718694687,1.0,0.6787357330322266
YPL192C,YMR306W,0,-2.2267354,0.1286429613828659,1.0,0.6788357496261597
YPL192C,YLR084C,0,-2.2275417,0.12862645089626312,1.0,0.6789357662200928
YMR323W,YJL044C,0,-2.2275615,0.12860994040966034,1.0,0.6790357828140259
YBR062C,YJR028W,0,-2.227701,0.12859342992305756,1.0,0.679135799407959
YHR057C,YDR153C,0,-2.2280128,0.12857693433761597,1.0,0.6792358756065369
YDR376W,YOL067C,0,-2.2282467,0.12856042385101318,1.0,0.67933589220047
YJL061W,YLR337C,0,-2.2283037,0.1285439431667328,1.0,0.6794359087944031
YNL268W,YDR466W,0,-2.2283187,0.1285274475812912,1.0,0.6795359253883362
YOR389W,YMR189W,0,-2.2287521,0.1285109668970108,1.0,0.6796359419822693
YNL243W,YNL218W,0,-2.2288046,0.1284944862127304,1.0,0.6797359585762024
YHR124W,YBR239C,0,-2.2294645,0.12847800552845,1.0,0.6798359751701355
YIR024C,YMR323W,0,-2.2297735,0.1284615397453308,1.0,0.6799359917640686
YLL016W,YLR090W,0,-2.229874,0.1284450739622116,1.0,0.6800360083580017
YPL021W,YDL236W,0,-2.2299094,0.1284286081790924,1.0,0.6801360249519348
YML040W,YJR047C,0,-2.2299185,0.1284121423959732,1.0,0.6802360415458679
YJR153W,YPL103C,0,-2.2300115,0.1283956915140152,1.0,0.680336058139801
YOR176W,YIL067C,0,-2.2301354,0.1283792406320572,1.0,0.6804360747337341
YNR015W,YEL006W,0,-2.2302103,0.12836280465126038,1.0,0.6805360913276672
YJR159W,YER063W,0,-2.2303493,0.12834635376930237,1.0,0.6806361079216003
YFL026W,YNL227C,0,-2.23041,0.12832991778850555,1.0,0.6807361245155334
YPR005C,YJR108W,0,-2.2304442,0.12831348180770874,1.0,0.6808361411094666
YHR111W,YKR031C,0,-2.230482,0.12829706072807312,1.0,0.6809361577033997
YOL052C-A,YPL132W,0,-2.2306414,0.1282806247472763,1.0,0.6810362339019775
YPR055W,YFR047C,0,-2.2310514,0.12826420366764069,1.0,0.6811362504959106
YPL162C,YOR071C,0,-2.2311082,0.12824779748916626,1.0,0.6812362670898438
YOL097C,YLR240W,0,-2.2311575,0.12823137640953064,1.0,0.6813362836837769
YOR080W,YDR062W,0,-2.2312546,0.1282149702310562,1.0,0.68143630027771
YDL209C,YOR256C,0,-2.2316735,0.1281985640525818,1.0,0.6815363168716431
YML067C,YMR110C,0,-2.231732,0.12818217277526855,1.0,0.6816363334655762
YHL018W,YML062C,0,-2.2321706,0.12816576659679413,1.0,0.6817363500595093
YJR086W,YNL199C,0,-2.2323117,0.1281493753194809,1.0,0.6818363666534424
YKR029C,YIL037C,0,-2.232378,0.12813299894332886,1.0,0.6819363832473755
YLL018C-A,YJL074C,0,-2.2324986,0.12811660766601562,1.0,0.6820363998413086
YPR138C,YLR018C,0,-2.2325227,0.1281002312898636,1.0,0.6821364164352417
YEL070W,YPL168W,0,-2.232632,0.12808385491371155,1.0,0.6822364330291748
YMR169C,YBR075W,0,-2.2326658,0.1280674785375595,1.0,0.6823364496231079
YDR435C,YDR080W,0,-2.232743,0.12805111706256866,1.0,0.682436466217041
YJR054W,YGL045W,0,-2.2330399,0.12803475558757782,1.0,0.6825364828109741
YOR156C,YLR421C,0,-2.233262,0.12801839411258698,1.0,0.6826364994049072
YMR027W,YKL155C,0,-2.233401,0.12800204753875732,1.0,0.6827365756034851
YJL159W,YML037C,0,-2.2334757,0.12798570096492767,1.0,0.6828365921974182
YDR155C,YHR079C-B,0,-2.2335763,0.12796935439109802,1.0,0.6829366087913513
YBR062C,YCR024C-A,0,-2.2336874,0.12795300781726837,1.0,0.6830366253852844
YMR119W,YIR002C,0,-2.2338834,0.12793667614459991,1.0,0.6831366419792175
YDL209C,YOL100W,0,-2.2339416,0.12792034447193146,1.0,0.6832366585731506
YLL012W,YGR231C,0,-2.2340634,0.127904012799263,1.0,0.6833366751670837
YIL113W,YDR084C,0,-2.2342868,0.12788768112659454,1.0,0.6834366917610168
YPR013C,YCL029C,0,-2.234323,0.12787136435508728,1.0,0.68353670835495
YBL006C,YLR151C,0,-2.234826,0.12785504758358002,1.0,0.6836367249488831
YNL240C,YKL003C,0,-2.2349153,0.12783873081207275,1.0,0.6837367415428162
YER029C,YER170W,0,-2.2351742,0.12782242894172668,1.0,0.6838367581367493
YJL157C,YKL095W,0,-2.2353568,0.12780612707138062,1.0,0.6839367747306824
YPL021W,YER020W,0,-2.2354205,0.12778982520103455,1.0,0.6840367913246155
YNR037C,YJR110W,0,-2.2355003,0.12777352333068848,1.0,0.6841368079185486
YIL048W,YKL003C,0,-2.2356281,0.1277572363615036,1.0,0.6842368245124817
YMR233W,YAL017W,0,-2.2356296,0.12774094939231873,1.0,0.6843368411064148
YDR519W,YKR031C,0,-2.235704,0.12772466242313385,1.0,0.6844368577003479
YNL240C,YLR023C,0,-2.2357268,0.12770839035511017,1.0,0.6845369338989258
YML055W,YDR375C,0,-2.2357404,0.1276921182870865,1.0,0.6846369504928589
YBL031W,YOL042W,0,-2.2358427,0.1276758462190628,1.0,0.684736967086792
YLR443W,YGL184C,0,-2.2359722,0.12765957415103912,1.0,0.6848369836807251
YIL061C,YOR295W,0,-2.236123,0.12764331698417664,1.0,0.6849370002746582
YKR002W,YPL178W,0,-2.2361503,0.12762705981731415,1.0,0.6850370168685913
YPL192C,YOR049C,0,-2.2362053,0.12761080265045166,1.0,0.6851370334625244
YDL208W,YGR209C,0,-2.2364798,0.12759454548358917,1.0,0.6852370500564575
YMR019W,YOL137W,0,-2.2366037,0.12757830321788788,1.0,0.6853370666503906
YBL023C,YNL041C,0,-2.2367756,0.12756206095218658,1.0,0.6854370832443237
YGR135W,YKR008W,0,-2.237209,0.1275458186864853,1.0,0.6855370998382568
YNL138W-A,YMR274C,0,-2.2374287,0.1275295913219452,1.0,0.6856371164321899
YJL143W,YKL219W,0,-2.2376573,0.1275133639574051,1.0,0.685737133026123
YOR378W,YKL150W,0,-2.2378588,0.127497136592865,1.0,0.6858371496200562
YCL044C,YLR361C,0,-2.237942,0.1274809092283249,1.0,0.6859371662139893
YNL232W,YML062C,0,-2.2381935,0.12746469676494598,1.0,0.6860371828079224
YLR422W,YJL052W,0,-2.2383268,0.12744848430156708,1.0,0.6861371994018555
YMR019W,YDL077C,0,-2.2383888,0.12743227183818817,1.0,0.6862372756004333
YDL046W,YGR283C,0,-2.2384133,0.12741607427597046,1.0,0.6863372921943665
YMR080C,YDR490C,0,-2.238637,0.12739987671375275,1.0,0.6864373087882996
YLR466W,YGL259W,0,-2.2391367,0.12738367915153503,1.0,0.6865373253822327
YGL038C,YHR027C,0,-2.239285,0.12736748158931732,1.0,0.6866373419761658
YFL054C,YKR031C,0,-2.2393072,0.1273512989282608,1.0,0.6867373585700989
YGR026W,YHL023C,0,-2.2393308,0.12733511626720428,1.0,0.686837375164032
YMR219W,YMR093W,0,-2.239541,0.12731893360614777,1.0,0.6869373917579651
YJL001W,YFR002W,0,-2.2395997,0.12730275094509125,1.0,0.6870374083518982
YKL191W,YDR148C,0,-2.2398043,0.12728658318519592,1.0,0.6871374249458313
YDR435C,YIL146C,0,-2.2398758,0.1272704154253006,1.0,0.6872374415397644
YNL086W,YNL200C,0,-2.2399082,0.12725424766540527,1.0,0.6873374581336975
YLL016W,YLR439W,0,-2.2410364,0.12723809480667114,1.0,0.6874374747276306
YDR148C,YOR009W,0,-2.2414312,0.127221941947937,1.0,0.6875374913215637
YGR185C,YOR081C,0,-2.241579,0.12720578908920288,1.0,0.6876375079154968
YJL124C,YMR231W,0,-2.2415805,0.12718963623046875,1.0,0.6877375245094299
YHR110W,YLR443W,0,-2.241891,0.1271734982728958,1.0,0.687837541103363
YMR012W,YDR438W,0,-2.242072,0.12715736031532288,1.0,0.6879376173019409
YKR076W,YLR457C,0,-2.2420955,0.12714122235774994,1.0,0.688037633895874
YDR080W,YLR013W,0,-2.2421536,0.1271250993013382,1.0,0.6881376504898071
YDL077C,YBR002C,0,-2.242192,0.12710896134376526,1.0,0.6882376670837402
YMR306W,YOR246C,0,-2.2425733,0.1270928531885147,1.0,0.6883376836776733
YJL129C,YPL256C,0,-2.2426174,0.12707673013210297,1.0,0.6884377002716064
YAR044W,YKL212W,0,-2.242695,0.12706060707569122,1.0,0.6885377168655396
YNL058C,YDR014W,0,-2.2428224,0.12704449892044067,1.0,0.6886377334594727
YHR214W,YHL028W,0,-2.2428927,0.12702839076519012,1.0,0.6887377500534058
YHL013C,YBL005W-B,0,-2.243023,0.12701229751110077,1.0,0.6888377666473389
YOR389W,YOL047C,0,-2.243204,0.1269962042570114,1.0,0.688937783241272
YER071C,YGL045W,0,-2.2432668,0.12698011100292206,1.0,0.6890377998352051
YLR004C,YHR154W,0,-2.2435422,0.1269640177488327,1.0,0.6891378164291382
YKL146W,YNL260C,0,-2.243714,0.12694792449474335,1.0,0.6892378330230713
YMR166C,YBR240C,0,-2.2437663,0.12693184614181519,1.0,0.6893378496170044
YGR093W,YER057C,0,-2.243842,0.12691576778888702,1.0,0.6894378662109375
YKL051W,YLR065C,0,-2.243904,0.12689968943595886,1.0,0.6895378828048706
YFR041C,YOR193W,0,-2.2439842,0.1268836259841919,1.0,0.6896378993988037
YOL111C,YGR229C,0,-2.2440996,0.12686756253242493,1.0,0.6897379755973816
YCR007C,YJR108W,0,-2.2443993,0.12685149908065796,1.0,0.6898379921913147
YFR041C,YBL006C,0,-2.2444704,0.126835435628891,1.0,0.6899380087852478
YIL146C,YFL009W,0,-2.2446072,0.12681938707828522,1.0,0.6900380253791809
YMR169C,YAL055W,0,-2.2451382,0.12680333852767944,1.0,0.690138041973114
YOL042W,YKR031C,0,-2.2454834,0.12678728997707367,1.0,0.6902380585670471
YCL056C,YDR080W,0,-2.2457323,0.1267712563276291,1.0,0.6903380751609802
YHR012W,YIL121W,0,-2.2457762,0.1267552226781845,1.0,0.6904380917549133
YHR014W,YMR051C,0,-2.245943,0.12673918902873993,1.0,0.6905381083488464
YPR019W,YLR079W,0,-2.2462778,0.12672315537929535,1.0,0.6906381249427795
YHL013C,YPL213W,0,-2.24652,0.12670713663101196,1.0,0.6907381415367126
YML037C,YOL055C,0,-2.246814,0.12669111788272858,1.0,0.6908381581306458
YNL260C,YLR103C,0,-2.2468839,0.1266750991344452,1.0,0.6909381747245789
YJR073C,YLL010C,0,-2.2468956,0.1266590803861618,1.0,0.691038191318512
YLR204W,YMR017W,0,-2.2470303,0.1266430765390396,1.0,0.6911382079124451
YNL009W,YKL012W,0,-2.247292,0.12662707269191742,1.0,0.6912382245063782
YBR290W,YMR093W,0,-2.2474089,0.12661106884479523,1.0,0.6913382411003113
YLR260W,YNL039W,0,-2.247552,0.12659507989883423,1.0,0.6914383172988892
YHR153C,YML009C,0,-2.2476718,0.12657907605171204,1.0,0.6915383338928223
YER179W,YNL098C,0,-2.2477098,0.12656308710575104,1.0,0.6916383504867554
YPL002C,YHR039C-B,0,-2.2478857,0.12654711306095123,1.0,0.6917383670806885
YNL082W,YPL030W,0,-2.2479246,0.12653112411499023,1.0,0.6918383836746216
YOR136W,YLR287C,0,-2.2483277,0.12651515007019043,1.0,0.6919384002685547
YPL084W,YPL178W,0,-2.248498,0.12649917602539062,1.0,0.6920384168624878
YIR015W,YBR062C,0,-2.2486167,0.12648321688175201,1.0,0.6921384334564209
YMR133W,YNL339C,0,-2.2486339,0.1264672428369522,1.0,0.692238450050354
YFL013C,YAL017W,0,-2.2486963,0.1264512836933136,1.0,0.6923384666442871
YDL046W,YML005W,0,-2.2491255,0.126435324549675,1.0,0.6924384832382202
YOR292C,YNL312W,0,-2.24944,0.12641938030719757,1.0,0.6925384998321533
YKR044W,YJL001W,0,-2.2500505,0.12640343606472015,1.0,0.6926385164260864
YOR093C,YNR058W,0,-2.2502613,0.12638749182224274,1.0,0.6927385330200195
YBL016W,YGL108C,0,-2.250474,0.12637154757976532,1.0,0.6928385496139526
YDL073W,YDR466W,0,-2.2504919,0.1263556182384491,1.0,0.6929385662078857
YIL013C,YDR017C,0,-2.2506714,0.12633967399597168,1.0,0.6930385828018188
YDL143W,YMR099C,0,-2.250853,0.12632374465465546,1.0,0.693138599395752
YIL142W,YMR197C,0,-2.2509718,0.12630783021450043,1.0,0.6932386755943298
YDR092W,YLR053C,0,-2.2510545,0.1262919008731842,1.0,0.6933386921882629
YIL113W,YPR113W,0,-2.2510715,0.12627598643302917,1.0,0.693438708782196
YLR014C,YDR448W,0,-2.2510924,0.12626008689403534,1.0,0.6935387253761292
YMR036C,YJR047C,0,-2.2512794,0.1262441724538803,1.0,0.6936387419700623
YBL017C,YGL128C,0,-2.251562,0.12622827291488647,1.0,0.6937387585639954
YDR175C,YDR240C,0,-2.251576,0.12621237337589264,1.0,0.6938387751579285
YPL189W,YPR113W,0,-2.2518454,0.1261964738368988,1.0,0.6939387917518616
YOR391C,YGR012W,0,-2.2519565,0.12618058919906616,1.0,0.6940388083457947
YDR134C,YML065W,0,-2.2521124,0.12616468966007233,1.0,0.6941388249397278
YNL003C,YML055W,0,-2.2521753,0.12614880502223969,1.0,0.6942388415336609
YOR209C,YIL124W,0,-2.2522106,0.12613293528556824,1.0,0.694338858127594
YLR139C,YLR419W,0,-2.2522218,0.1261170506477356,1.0,0.6944388747215271
YOL111C,YGR207C,0,-2.2526655,0.12610118091106415,1.0,0.6945388913154602
YPL187W,YHL018W,0,-2.2527342,0.1260853111743927,1.0,0.6946389079093933
YFL021W,YDL240W,0,-2.2534313,0.12606945633888245,1.0,0.6947389245033264
YNR008W,YKL221W,0,-2.2537775,0.126053586602211,1.0,0.6948389410972595
YMR011W,YAL014C,0,-2.2538335,0.12603773176670074,1.0,0.6949390172958374
YOR039W,YDR488C,0,-2.254002,0.1260218769311905,1.0,0.6950390338897705
YDR105C,YGL200C,0,-2.2540731,0.12600603699684143,1.0,0.6951390504837036
YDR458C,YJR088C,0,-2.2541323,0.12599019706249237,1.0,0.6952390670776367
YPL241C,YGR087C,0,-2.254393,0.1259743571281433,1.0,0.6953390836715698
YJL113W,YML132W,0,-2.2544498,0.12595851719379425,1.0,0.6954391002655029
YJR073C,YMR017W,0,-2.254507,0.12594269216060638,1.0,0.695539116859436
YJL159W,YGR054W,0,-2.2547512,0.12592685222625732,1.0,0.6956391334533691
YBR293W,YIL095W,0,-2.2549257,0.12591102719306946,1.0,0.6957391500473022
YOR389W,YPR194C,0,-2.2553024,0.12589521706104279,1.0,0.6958391666412354
YGR007W,YEL002C,0,-2.2555704,0.12587939202785492,1.0,0.6959391832351685
YGL137W,YHL021C,0,-2.2557132,0.12586358189582825,1.0,0.6960391998291016
YMR322C,YKR035W-A,0,-2.2557983,0.12584777176380157,1.0,0.6961392164230347
YER065C,YJL223C,0,-2.2558866,0.1258319765329361,1.0,0.6962392330169678
YPL002C,YOL115W,0,-2.2559652,0.12581616640090942,1.0,0.6963392496109009
YOR240W,YIL048W,0,-2.2562618,0.12580037117004395,1.0,0.696439266204834
YDR248C,YER113C,0,-2.256395,0.12578459084033966,1.0,0.6965392827987671
YGR093W,YNL293W,0,-2.256546,0.12576879560947418,1.0,0.6966392993927002
YGL009C,YOR250C,0,-2.2566016,0.1257530152797699,1.0,0.6967393755912781
YLR079W,YNL278W,0,-2.2571135,0.1257372349500656,1.0,0.6968393921852112
YMR060C,YHR026W,0,-2.25724,0.12572145462036133,1.0,0.6969394087791443
YKL012W,YLR287C,0,-2.2574756,0.12570568919181824,1.0,0.6970394253730774
YDL127W,YPL178W,0,-2.2577217,0.12568990886211395,1.0,0.6971394419670105
YHR031C,YGR235C,0,-2.2582057,0.12567414343357086,1.0,0.6972394585609436
YHR216W,YJR108W,0,-2.258277,0.12565839290618896,1.0,0.6973394751548767
YFR006W,YBR012W-B,0,-2.2583678,0.12564262747764587,1.0,0.6974394917488098
YKL201C,YLR419W,0,-2.2586558,0.12562687695026398,1.0,0.6975395083427429
YIR041W,YHR117W,0,-2.258676,0.12561112642288208,1.0,0.697639524936676
YGR104C,YLR427W,0,-2.2587671,0.12559539079666138,1.0,0.6977395415306091
YKL046C,YJL133W,0,-2.2591496,0.12557964026927948,1.0,0.6978395581245422
YLR157C,YJL044C,0,-2.2592397,0.12556390464305878,1.0,0.6979395747184753
YNL086W,YBR175W,0,-2.2593088,0.12554818391799927,1.0,0.6980395913124084
YDL143W,YAR027W,0,-2.2594805,0.12553244829177856,1.0,0.6981396079063416
YER113C,YOL017W,0,-2.2598395,0.12551672756671906,1.0,0.6982396245002747
YIL113W,YJL117W,0,-2.2602196,0.12550100684165955,1.0,0.6983396410942078
YMR280C,YHR143W-A,0,-2.2605128,0.12548528611660004,1.0,0.6984397172927856
YDL127W,YLR151C,0,-2.2605698,0.12546956539154053,1.0,0.6985397338867188
YNR019W,YLL025W,0,-2.2606175,0.1254538595676422,1.0,0.6986397504806519
YPL187W,YLR427W,0,-2.2606814,0.1254381537437439,1.0,0.698739767074585
YPL137C,YGR031W,0,-2.2607403,0.12542246282100677,1.0,0.6988397836685181
YGL093W,YPL112C,0,-2.2607782,0.12540675699710846,1.0,0.6989398002624512
YDR257C,YOR299W,0,-2.2608414,0.12539106607437134,1.0,0.6990398168563843
YLR389C,YLR390W-A,0,-2.261016,0.12537537515163422,1.0,0.6991398334503174
YMR154C,YOR049C,0,-2.261391,0.1253596842288971,1.0,0.6992398500442505
YER064C,YAL014C,0,-2.2614098,0.12534400820732117,1.0,0.6993398666381836
YNL145W,YOR083W,0,-2.2618961,0.12532833218574524,1.0,0.6994398832321167
YGR052W,YKL059C,0,-2.2619743,0.1253126561641693,1.0,0.6995398998260498
YFL021W,YIL073C,0,-2.2619898,0.12529698014259338,1.0,0.6996399164199829
YDR018C,YGL204C,0,-2.2623696,0.12528131902217865,1.0,0.699739933013916
YNL240C,YLR297W,0,-2.2624185,0.12526565790176392,1.0,0.6998399496078491
YNL039W,YCL056C,0,-2.2625759,0.12524999678134918,1.0,0.6999399662017822
YGL259W,YHR092C,0,-2.2628183,0.12523435056209564,1.0,0.7000399827957153
YGR224W,YML014W,0,-2.26318,0.1252186894416809,1.0,0.7001399993896484
YBR070C,YDR438W,0,-2.2635975,0.12520304322242737,1.0,0.7002400755882263
YIL073C,YLR287C,0,-2.2637227,0.12518741190433502,1.0,0.7003400921821594
YOL067C,YBR298C,0,-2.2637887,0.12517176568508148,1.0,0.7004401087760925
YBL016W,YJR147W,0,-2.263853,0.12515613436698914,1.0,0.7005401253700256
YOR270C,YOL043C,0,-2.263854,0.1251405030488968,1.0,0.7006401419639587
YER154W,YEL006W,0,-2.264371,0.12512487173080444,1.0,0.7007401585578918
YLL010C,YKL185W,0,-2.2648258,0.1251092553138733,1.0,0.700840175151825
YNL181W,YDR319C,0,-2.2649076,0.12509363889694214,1.0,0.7009401917457581
YDR519W,YBR241C,0,-2.2651558,0.125078022480011,1.0,0.7010402083396912
YGR224W,YDR468C,0,-2.2652223,0.12506240606307983,1.0,0.7011402249336243
YER173W,YJR125C,0,-2.265368,0.12504680454730988,1.0,0.7012402415275574
YDR141C,YHR087W,0,-2.2656343,0.12503118813037872,1.0,0.7013402581214905
YOR214C,YOL049W,0,-2.2657661,0.12501560151576996,1.0,0.7014402747154236
YJR065C,YIL099W,0,-2.2659178,0.125,1.0,0.7015402913093567
YGL213C,YHR155W,0,-2.266345,0.12498440593481064,1.0,0.7016403079032898
YBR065C,YLR013W,0,-2.2671065,0.12496881932020187,1.0,0.7017403244972229
YDR140W,YIL126W,0,-2.2671618,0.12495323270559311,1.0,0.701840341091156
YOR017W,YOR079C,0,-2.2672384,0.12493765354156494,1.0,0.7019404172897339
YJR133W,YMR315W,0,-2.2678325,0.12492208182811737,1.0,0.702040433883667
YLR066W,YOL100W,0,-2.26789,0.1249065101146698,1.0,0.7021404504776001
YLR395C,YHL028W,0,-2.2682579,0.12489093840122223,1.0,0.7022404670715332
YNL181W,YJL020C,0,-2.2684193,0.12487537413835526,1.0,0.7023404836654663
YNL177C,YIL084C,0,-2.2684221,0.12485980987548828,1.0,0.7024405002593994
YHR182W,YPL002C,0,-2.2685323,0.1248442530632019,1.0,0.7025405168533325
YIL038C,YLR013W,0,-2.2689123,0.12482870370149612,1.0,0.7026405334472656
YLR297W,YMR113W,0,-2.2694356,0.12481315433979034,1.0,0.7027405500411987
YER170W,YDR080W,0,-2.26963,0.12479760497808456,1.0,0.7028405666351318
YBR114W,YPL028W,0,-2.2697968,0.12478207051753998,1.0,0.7029405832290649
YPL249C,YHR114W,0,-2.270161,0.1247665286064148,1.0,0.703040599822998
YEL068C,YOR049C,0,-2.2703228,0.12475099414587021,1.0,0.7031406164169312
YCL029C,YER063W,0,-2.2705498,0.12473546713590622,1.0,0.7032406330108643
YPR144C,YNL173C,0,-2.2705688,0.12471994012594223,1.0,0.7033406496047974
YMR164C,YDR153C,0,-2.270616,0.12470442056655884,1.0,0.7034406661987305
YOR047C,YKL222C,0,-2.2712898,0.12468890100717545,1.0,0.7035406827926636
YHR004C,YDR438W,0,-2.2713606,0.12467338889837265,1.0,0.7036406993865967
YCR027C,YGR235C,0,-2.2714,0.12465787678956985,1.0,0.7037407755851746
YEL070W,YDR490C,0,-2.271779,0.12464237213134766,1.0,0.7038407921791077
YGL108C,YOR136W,0,-2.2717977,0.12462686747312546,1.0,0.7039408087730408
YCR097WB,YKR081C,0,-2.2720017,0.12461137026548386,1.0,0.7040408253669739
YBR065C,YOL052C,0,-2.272459,0.12459587305784225,1.0,0.704140841960907
YPL256C,YKL221W,0,-2.272572,0.12458038330078125,1.0,0.7042408585548401
YCL044C,YNL065W,0,-2.272769,0.12456489354372025,1.0,0.7043408751487732
YML130C,YHL002W,0,-2.2730517,0.12454941123723984,1.0,0.7044408917427063
YJL049W,YLR191W,0,-2.273065,0.12453392893075943,1.0,0.7045409083366394
YBR065C,YOL122C,0,-2.273415,0.12451845407485962,1.0,0.7046409249305725
YDR085C,YKL020C,0,-2.2736206,0.12450297921895981,1.0,0.7047409415245056
YOL094C,YPR071W,0,-2.273664,0.1244875118136406,1.0,0.7048409581184387
YIL121W,YKR095W,0,-2.273888,0.12447205185890198,1.0,0.7049409747123718
YLR288C,YKL043W,0,-2.2740285,0.12445659190416336,1.0,0.7050409913063049
YGL051W,YGR049W,0,-2.2742634,0.12444113194942474,1.0,0.705141007900238
YHR074W,YJR124C,0,-2.2743397,0.12442567944526672,1.0,0.7052410244941711
YBR098W,YDR400W,0,-2.2749352,0.1244102343916893,1.0,0.7053410410881042
YLR229C,YJR028W,0,-2.2751317,0.12439478933811188,1.0,0.7054411172866821
YNL015W,YHR047C,0,-2.2752178,0.12437934428453445,1.0,0.7055411338806152
YHR147C,YKR106W,0,-2.275457,0.12436390668153763,1.0,0.7056411504745483
YGL089C,YDR343C,0,-2.2754717,0.1243484765291214,1.0,0.7057411670684814
YIL139C,YOR214C,0,-2.2755659,0.12433304637670517,1.0,0.7058411836624146
YGL172W,YLR158C,0,-2.2757568,0.12431761622428894,1.0,0.7059412002563477
YPR013C,YJL122W,0,-2.2760534,0.12430219352245331,1.0,0.7060412168502808
YOR293W,YPR160W,0,-2.2761335,0.12428677827119827,1.0,0.7061412334442139
YHL019C,YKL034W,0,-2.2764945,0.12427136301994324,1.0,0.706241250038147
YPL162C,YFL054C,0,-2.2765474,0.1242559552192688,1.0,0.7063412666320801
YLR050C,YER035W,0,-2.2770572,0.12424054741859436,1.0,0.7064412832260132
YOR290C,YBR291C,0,-2.2771757,0.12422513961791992,1.0,0.7065412998199463
YGL124C,YNL328C,0,-2.2773633,0.12420974671840668,1.0,0.7066413164138794
YDR240C,YAL013W,0,-2.2773693,0.12419434636831284,1.0,0.7067413330078125
YDR376W,YHL044W,0,-2.2774162,0.12417895346879959,1.0,0.7068413496017456
YLR136C,YOR206W,0,-2.27742,0.12416356801986694,1.0,0.7069413661956787
YMR306W,YJL044C,0,-2.277557,0.1241481825709343,1.0,0.7070413827896118
YOR190W,YOR240W,0,-2.278276,0.12413280457258224,1.0,0.7071413993835449
YMR073C,YKR088C,0,-2.2789884,0.1241174265742302,1.0,0.7072414755821228
YML040W,YGL184C,0,-2.2790465,0.12410205602645874,1.0,0.7073414921760559
YOR080W,YKL219W,0,-2.2792273,0.12408668547868729,1.0,0.707441508769989
YPR191W,YNL138W-A,0,-2.279313,0.12407132238149643,1.0,0.7075415253639221
YER146W,YDR513W,0,-2.2796528,0.12405595928430557,1.0,0.7076415419578552
YEL019C,YDR529C,0,-2.2797246,0.12404060363769531,1.0,0.7077415585517883
YCR007C,YPL002C,0,-2.280021,0.12402524799108505,1.0,0.7078415751457214
YBR239C,YKL012W,0,-2.2800543,0.12400989979505539,1.0,0.7079415917396545
YGR024C,YOR150W,0,-2.2800586,0.12399455159902573,1.0,0.7080416083335876
YHL019C,YGL045W,0,-2.2803822,0.12397921085357666,1.0,0.7081416249275208
YGR223C,YPR187W,0,-2.2806344,0.12396387755870819,1.0,0.7082416415214539
YJL053W,YPL256C,0,-2.2808595,0.12394853681325912,1.0,0.708341658115387
YEL068C,YJL052W,0,-2.2813902,0.12393321096897125,1.0,0.7084416747093201
YCR007C,YGL105W,0,-2.2813962,0.12391788512468338,1.0,0.7085416913032532
YMR316W,YML064C,0,-2.2814772,0.12390255928039551,1.0,0.7086417078971863
YBL058W,YNL314W,0,-2.281538,0.12388724088668823,1.0,0.7087417244911194
YOR081C,YLR151C,0,-2.2816687,0.12387192249298096,1.0,0.7088417410850525
YLR091W,YJL154C,0,-2.281744,0.12385661154985428,1.0,0.7089418172836304
YBR062C,YML086C,0,-2.2818608,0.1238413080573082,1.0,0.7090418338775635
YLR066W,YEL016C,0,-2.2820106,0.12382600456476212,1.0,0.7091418504714966
YMR052W,YOR198C,0,-2.282048,0.12381070107221603,1.0,0.7092418670654297
YKR002W,YER144C,0,-2.2820828,0.12379540503025055,1.0,0.7093418836593628
YLL015W,YLL010C,0,-2.2823858,0.12378010898828506,1.0,0.7094419002532959
YHR061C,YJL186W,0,-2.282695,0.12376482039690018,1.0,0.709541916847229
YPL117C,YBL095W,0,-2.2827177,0.12374953925609589,1.0,0.7096419334411621
YOR378W,YNL027W,0,-2.2827966,0.1237342581152916,1.0,0.7097419500350952
YCR107W,YMR100W,0,-2.28306,0.1237189769744873,1.0,0.7098419666290283
YIL126W,YPR005C,0,-2.2832499,0.12370370328426361,1.0,0.7099419832229614
YML133C,YMR119W,0,-2.2832532,0.12368843704462051,1.0,0.7100419998168945
YKL185W,YCR021C,0,-2.283558,0.12367317080497742,1.0,0.7101420164108276
YJL092W,YNL314W,0,-2.283877,0.12365790456533432,1.0,0.7102420330047607
YCR007C,YOR173W,0,-2.284389,0.12364264577627182,1.0,0.7103420495986938
YJR127C,YGL259W,0,-2.2845664,0.12362738698720932,1.0,0.710442066192627
YLR219W,YLR061W,0,-2.2849793,0.12361213564872742,1.0,0.7105420827865601
YNL136W,YJL052W,0,-2.2850068,0.12359689176082611,1.0,0.7106420993804932
YDR513W,YPR181C,0,-2.2850304,0.1235816478729248,1.0,0.710742175579071
YKL221W,YDR488C,0,-2.2850695,0.1235664039850235,1.0,0.7108421921730042
YDL107W,YPL134C,0,-2.2850914,0.12355117499828339,1.0,0.7109422087669373
YCR053W,YNL318C,0,-2.2855787,0.12353593856096268,1.0,0.7110422253608704
YKL051W,YIL038C,0,-2.2856264,0.12352070957422256,1.0,0.7111422419548035
YDL052C,YHR120W,0,-2.285632,0.12350548803806305,1.0,0.7112422585487366
YBR136W,YKL155C,0,-2.2858489,0.12349026650190353,1.0,0.7113422751426697
YNL215W,YDR435C,0,-2.28586,0.12347504496574402,1.0,0.7114422917366028
YDR407C,YOR047C,0,-2.2860103,0.1234598308801651,1.0,0.7115423083305359
YPL129W,YJR065C,0,-2.2862139,0.12344462424516678,1.0,0.711642324924469
YER035W,YGR068C,0,-2.2866156,0.12342941761016846,1.0,0.7117423415184021
YCR097WB,YOR047C,0,-2.286809,0.12341421097517014,1.0,0.7118423581123352
YLR361C,YGR014W,0,-2.2874484,0.12339901179075241,1.0,0.7119423747062683
YHR153C,YJR046W,0,-2.2875872,0.12338382005691528,1.0,0.7120423913002014
YDR216W,YHR039C-B,0,-2.2876842,0.12336862832307816,1.0,0.7121424078941345
YLR050C,YOL004W,0,-2.287713,0.12335344403982162,1.0,0.7122424244880676
YNL156C,YLR403W,0,-2.2879205,0.1233382597565651,1.0,0.7123424410820007
YEL024W,YDR083W,0,-2.2880242,0.12332307547330856,1.0,0.7124425172805786
YGR026W,YPL126W,0,-2.288053,0.12330789864063263,1.0,0.7125425338745117
YLR004C,YKL150W,0,-2.2881465,0.12329272925853729,1.0,0.7126425504684448
YLR203C,YMR080C,0,-2.2883432,0.12327755987644196,1.0,0.7127425670623779
YLR442C,YBR175W,0,-2.288475,0.12326239049434662,1.0,0.712842583656311
YHR155W,YBR135W,0,-2.288494,0.12324723601341248,1.0,0.7129426002502441
YDR056C,YKL093W,0,-2.2885604,0.12323207408189774,1.0,0.7130426168441772
YER142C,YNL073W,0,-2.2885642,0.12321691960096359,1.0,0.7131426334381104
YLR310C,YCR021C,0,-2.2886672,0.12320177257061005,1.0,0.7132426500320435
YLR369W,YLR419W,0,-2.2892542,0.1231866255402565,1.0,0.7133426666259766
YGL045W,YML058W-A,0,-2.2893198,0.12317147850990295,1.0,0.7134426832199097
YBR070C,YPL213W,0,-2.2893314,0.12315633893013,1.0,0.7135426998138428
YHR080C,YKR081C,0,-2.2894897,0.12314120680093765,1.0,0.7136427164077759
YGR155W,YPR005C,0,-2.2896123,0.1231260746717453,1.0,0.713742733001709
YOR190W,YLR078C,0,-2.2896357,0.12311094999313354,1.0,0.7138427495956421
YGL038C,YIL048W,0,-2.289868,0.12309582531452179,1.0,0.7139427661895752
YER154W,YOL049W,0,-2.2898808,0.12308070063591003,1.0,0.7140427827835083
YBR298C,YDR153C,0,-2.2899885,0.12306558340787888,1.0,0.7141427993774414
YKL039W,YNL278W,0,-2.2901106,0.12305047363042831,1.0,0.7142428755760193
YNL058C,YJL044C,0,-2.290241,0.12303536385297775,1.0,0.7143428921699524
YGL093W,YGL204C,0,-2.290281,0.12302026152610779,1.0,0.7144429087638855
YGR246C,YOR113W,0,-2.2906814,0.12300515919923782,1.0,0.7145429253578186
YBR050C,YPR097W,0,-2.2907245,0.12299005687236786,1.0,0.7146429419517517
YHR074W,YJL187C,0,-2.290728,0.12297496199607849,1.0,0.7147429585456848
YHR005C,YOR292C,0,-2.2908084,0.12295987457036972,1.0,0.7148429751396179
YBR293W,YLR297W,0,-2.2908483,0.12294478714466095,1.0,0.714942991733551
YML017W,YAL014C,0,-2.2910995,0.12292969971895218,1.0,0.7150430083274841
YGL231C,YJR110W,0,-2.291192,0.122914619743824,1.0,0.7151430249214172
YOR234C,YJL020C,0,-2.2912116,0.12289954721927643,1.0,0.7152430415153503
YDR440W,YDR375C,0,-2.2912304,0.12288447469472885,1.0,0.7153430581092834
YGR052W,YOL078W,0,-2.29125,0.12286940217018127,1.0,0.7154430747032166
YJR051W,YBR255W,0,-2.2918167,0.1228543370962143,1.0,0.7155430912971497
YBR299W,YHR080C,0,-2.2919867,0.12283927947282791,1.0,0.7156431078910828
YDR496C,YDL024C,0,-2.292013,0.12282422184944153,1.0,0.7157431244850159
YGL108C,YKL033W,0,-2.2921262,0.12280916422605515,1.0,0.715843141078949
YOR214C,YMR323W,0,-2.2926066,0.12279411405324936,1.0,0.7159432172775269
YPR144C,YGL089C,0,-2.2927394,0.12277907133102417,1.0,0.71604323387146
YDR248C,YOR101W,0,-2.292842,0.12276402860879898,1.0,0.7161432504653931
YLR427W,YKL003C,0,-2.2929637,0.12274898588657379,1.0,0.7162432670593262
YMR242C,YMR017W,0,-2.2931662,0.1227339506149292,1.0,0.7163432836532593
YML086C,YBR108W,0,-2.2932208,0.1227189227938652,1.0,0.7164433002471924
YBR075W,YIL099W,0,-2.2932827,0.12270389497280121,1.0,0.7165433168411255
YFL021W,YKL125W,0,-2.2933009,0.12268886715173721,1.0,0.7166433334350586
YPL021W,YNL145W,0,-2.2933474,0.12267384678125381,1.0,0.7167433500289917
YDR194C,YGL184C,0,-2.2935495,0.12265883386135101,1.0,0.7168433666229248
YDL240W,YOR071C,0,-2.294517,0.12264382094144821,1.0,0.7169433832168579
YGR282C,YLR191W,0,-2.2945976,0.12262880802154541,1.0,0.717043399810791
YDR427W,YKL095W,0,-2.294664,0.1226138025522232,1.0,0.7171434164047241
YMR234W,YGL184C,0,-2.2948341,0.1225988045334816,1.0,0.7172434329986572
YML009C,YML007W,0,-2.2954326,0.1225837990641594,1.0,0.7173434495925903
YLR065C,YGR209C,0,-2.2954462,0.12256880849599838,1.0,0.7174434661865234
YGR100W,YNL199C,0,-2.2955809,0.12255381792783737,1.0,0.7175434827804565
YNL161W,YOL049W,0,-2.2956135,0.12253882735967636,1.0,0.7176434993743896
YIL139C,YKL043W,0,-2.2957687,0.12252384424209595,1.0,0.7177435755729675
YJR159W,YLR116W,0,-2.2958412,0.12250886112451553,1.0,0.7178435921669006
YMR273C,YDR079W,0,-2.295848,0.12249388545751572,1.0,0.7179436087608337
YNR037C,YMR031C,0,-2.2960021,0.1224789172410965,1.0,0.7180436253547668
YJL092W,YLR427W,0,-2.296069,0.12246394157409668,1.0,0.7181436419487
YLR414C,YGR031W,0,-2.2960777,0.12244898080825806,1.0,0.7182436585426331
YJL114W,YMR017W,0,-2.2961016,0.12243402004241943,1.0,0.7183436751365662
YJR073C,YJR032W,0,-2.2961986,0.12241905927658081,1.0,0.7184436917304993
YLR084C,YIL108W,0,-2.2962542,0.12240410596132278,1.0,0.7185437083244324
YNL177C,YPL188W,0,-2.2963634,0.12238915264606476,1.0,0.7186437249183655
YDR405W,YDL015C,0,-2.2964401,0.12237420678138733,1.0,0.7187437415122986
YDR194C,YNL138W-A,0,-2.296513,0.1223592609167099,1.0,0.7188437581062317
YPR019W,YDL224C,0,-2.2967556,0.12234432250261307,1.0,0.7189437747001648
YOR226C,YBR200W,0,-2.2972963,0.12232938408851624,1.0,0.7190437912940979
YLR066W,YFL017C,0,-2.2975876,0.122314453125,1.0,0.719143807888031
YIL040W,YBL084C,0,-2.2976327,0.12229952216148376,1.0,0.7192438244819641
YHR080C,YOR254C,0,-2.2976427,0.12228459864854813,1.0,0.7193438410758972
YGR135W,YLR287C,0,-2.2976959,0.12226967513561249,1.0,0.7194439172744751
YER138C,YIL017C,0,-2.2978392,0.12225475907325745,1.0,0.7195439338684082
YNR001C,YML065W,0,-2.2980547,0.1222398430109024,1.0,0.7196439504623413
YBL080C,YDR504C,0,-2.2985044,0.12222493439912796,1.0,0.7197439670562744
YKR081C,YDR490C,0,-2.2987082,0.12221002578735352,1.0,0.7198439836502075
YHR074W,YJR110W,0,-2.2987275,0.12219512462615967,1.0,0.7199440002441406
YNL058C,YKR095W,0,-2.2987869,0.12218022346496582,1.0,0.7200440168380737
YOL071W,YBR029C,0,-2.2988038,0.12216532230377197,1.0,0.7201440334320068
YJL116C,YBL022C,0,-2.2990642,0.12215043604373932,1.0,0.7202440500259399
YLR323C,YLR166C,0,-2.2995033,0.12213554233312607,1.0,0.720344066619873
YPL202C,YDL110C,0,-2.2997143,0.12212065607309341,1.0,0.7204440832138062
YDR326C,YGR026W,0,-2.299793,0.12210577726364136,1.0,0.7205440998077393
YKL004W,YPR055W,0,-2.300152,0.1220908984541893,1.0,0.7206441164016724
YBR098W,YER174C,0,-2.3004212,0.12207602709531784,1.0,0.7207441329956055
YML075C,YDR529C,0,-2.3011565,0.12206115573644638,1.0,0.7208441495895386
YJL207C,YBR253W,0,-2.3013537,0.12204628437757492,1.0,0.7209441661834717
YDL022W,YLR050C,0,-2.3017108,0.12203142046928406,1.0,0.7210441827774048
YPL084W,YNL039W,0,-2.3017323,0.12201656401157379,1.0,0.7211441993713379
YHR114W,YOL100W,0,-2.3017554,0.12200170755386353,1.0,0.7212442755699158
YBL080C,YOR256C,0,-2.3018594,0.12198685109615326,1.0,0.7213442921638489
YPR028W,YNL232W,0,-2.302197,0.12197200208902359,1.0,0.721444308757782
YMR150C,YJR155W,0,-2.3023267,0.12195715308189392,1.0,0.7215443253517151
YHR011W,YIL162W,0,-2.302455,0.12194231152534485,1.0,0.7216443419456482
YDL015C,YNR008W,0,-2.3026552,0.12192747741937637,1.0,0.7217443585395813
YJL154C,YMR247C,0,-2.3026583,0.1219126433134079,1.0,0.7218443751335144
YMR316W,YIL027C,0,-2.3026822,0.12189780920743942,1.0,0.7219443917274475
YJR119C,YLR191W,0,-2.3027322,0.12188298255205154,1.0,0.7220444083213806
YBR290W,YOR209C,0,-2.3028355,0.12186815589666367,1.0,0.7221444249153137
YLR166C,YPL103C,0,-2.302895,0.12185333669185638,1.0,0.7222444415092468
YGR246C,YNL015W,0,-2.303051,0.1218385249376297,1.0,0.7223444581031799
YJR109C,YGR235C,0,-2.3032227,0.12182370573282242,1.0,0.722444474697113
YHR096C,YKL155C,0,-2.3032541,0.12180890142917633,1.0,0.7225444912910461
YGR156W,YFL043C,0,-2.3034554,0.12179408967494965,1.0,0.7226445078849792
YKL095W,YML005W,0,-2.303612,0.12177929282188416,1.0,0.7227445244789124
YKL051W,YDL056W,0,-2.303752,0.12176448851823807,1.0,0.7228445410728455
YJR024C,YOR250C,0,-2.3038244,0.12174969911575317,1.0,0.7229446172714233
YPL112C,YKL051W,0,-2.3041003,0.12173490226268768,1.0,0.7230446338653564
YHR157W,YKL012W,0,-2.3043098,0.12172012031078339,1.0,0.7231446504592896
YOR080W,YOR081C,0,-2.3043423,0.12170533090829849,1.0,0.7232446670532227
YGL104C,YNL312W,0,-2.304366,0.1216905489563942,1.0,0.7233446836471558
YDR490C,YIL146C,0,-2.304369,0.1216757744550705,1.0,0.7234447002410889
YPL013C,YGR049W,0,-2.3044977,0.1216609999537468,1.0,0.723544716835022
YBR128C,YMR280C,0,-2.3046818,0.12164623290300369,1.0,0.7236447334289551
YNL048W,YJR159W,0,-2.305132,0.12163146585226059,1.0,0.7237447500228882
YDR175C,YMR096W,0,-2.3053956,0.12161669880151749,1.0,0.7238447666168213
YFL054C,YNL249C,0,-2.3053985,0.12160193920135498,1.0,0.7239447832107544
YDL073W,YMR098C,0,-2.305805,0.12158718705177307,1.0,0.7240447998046875
YKL024C,YPL168W,0,-2.3059068,0.12157243490219116,1.0,0.7241448163986206
YKL170W,YLR010C,0,-2.306212,0.12155768275260925,1.0,0.7242448329925537
YKL077W,YCR059C,0,-2.3063836,0.12154293805360794,1.0,0.7243448495864868
YNR001C,YER041W,0,-2.306388,0.12152820080518723,1.0,0.7244448661804199
YCR075C,YHR154W,0,-2.306552,0.12151346355676651,1.0,0.724544882774353
YNL278W,YPL081W,0,-2.3066068,0.1214987263083458,1.0,0.7246448993682861
YLR425W,YOR136W,0,-2.3068323,0.12148399651050568,1.0,0.724744975566864
YOL047C,YHL028W,0,-2.3070822,0.12146926671266556,1.0,0.7248449921607971
YNR037C,YHR061C,0,-2.3071404,0.12145454436540604,1.0,0.7249450087547302
YNL262W,YER035W,0,-2.3072996,0.12143982201814651,1.0,0.7250450253486633
YKL042W,YLR433C,0,-2.3073628,0.12142510712146759,1.0,0.7251450419425964
YPL129W,YMR280C,0,-2.3075037,0.12141039967536926,1.0,0.7252450585365295
YGL231C,YJR103W,0,-2.307523,0.12139568477869034,1.0,0.7253450751304626
YLL038C,YOR158W,0,-2.307581,0.12138098478317261,1.0,0.7254450917243958
YHR171W,YMR154C,0,-2.3076954,0.12136627733707428,1.0,0.7255451083183289
YKL095W,YOL054W,0,-2.3084402,0.12135157734155655,1.0,0.725645124912262
YLL018C-A,YAL024C,0,-2.308451,0.12133688479661942,1.0,0.7257451415061951
YBL023C,YOR256C,0,-2.308493,0.12132219225168228,1.0,0.7258451581001282
YJL061W,YGL141W,0,-2.3088348,0.12130750715732574,1.0,0.7259451746940613
YMR017W,YPL213W,0,-2.3088827,0.12129282206296921,1.0,0.7260451912879944
YLR096W,YNL161W,0,-2.309023,0.12127814441919327,1.0,0.7261452078819275
YPL259C,YBL084C,0,-2.3090258,0.12126346677541733,1.0,0.7262452244758606
YML102W,YHR005C,0,-2.3092325,0.12124878913164139,1.0,0.7263452410697937
YOR057W,YHR074W,0,-2.3093696,0.12123411893844604,1.0,0.7264453172683716
YCL034W,YJR028W,0,-2.3093956,0.1212194561958313,1.0,0.7265453338623047
YMR278W,YEL046C,0,-2.3094082,0.12120479345321655,1.0,0.7266453504562378
YFL051C,YOR303W,0,-2.3094342,0.1211901307106018,1.0,0.7267453670501709
YOL152W,YJR077C,0,-2.3095942,0.12117547541856766,1.0,0.726845383644104
YLR219W,YNL227C,0,-2.3096416,0.12116082012653351,1.0,0.7269454002380371
YOR132W,YBR182C,0,-2.3101063,0.12114617228507996,1.0,0.7270454168319702
YPL013C,YLR143W,0,-2.3101583,0.1211315244436264,1.0,0.7271454334259033
YLR297W,YNL164C,0,-2.310176,0.12111688405275345,1.0,0.7272454500198364
YJR111C,YOL017W,0,-2.3102114,0.12110225111246109,1.0,0.7273454666137695
YGL027C,YNL039W,0,-2.310321,0.12108761072158813,1.0,0.7274454832077026
YDR407C,YLR403W,0,-2.3103933,0.12107298523187637,1.0,0.7275454998016357
YHR153C,YOR383C,0,-2.3105505,0.12105835229158401,1.0,0.7276455163955688
YDR495C,YDR462W,0,-2.3109293,0.12104372680187225,1.0,0.727745532989502
YGR024C,YJR077C,0,-2.3111086,0.12102910876274109,1.0,0.7278455495834351
YDL027C,YGL065C,0,-2.311293,0.12101449072360992,1.0,0.7279455661773682
YHR114W,YJL110C,0,-2.3113759,0.12099988013505936,1.0,0.7280455827713013
YER064C,YCR012W,0,-2.3115256,0.12098526954650879,1.0,0.7281455993652344
YLR243W,YOR299W,0,-2.3119786,0.12097066640853882,1.0,0.7282456755638123
YHR155W,YMR197C,0,-2.3120847,0.12095606327056885,1.0,0.7283456921577454
YMR166C,YGR099W,0,-2.312127,0.12094146013259888,1.0,0.7284457087516785
YDR513W,YDR014W,0,-2.312128,0.1209268644452095,1.0,0.7285457253456116
YDL177C,YOL052C,0,-2.312128,0.12091226875782013,1.0,0.7286457419395447
YML058W-A,YHR047C,0,-2.3122754,0.12089768052101135,1.0,0.7287457585334778
YGR024C,YOR156C,0,-2.3123531,0.12088309973478317,1.0,0.7288457751274109
YCL018W,YLR014C,0,-2.3123837,0.12086851894855499,1.0,0.728945791721344
YDR435C,YKL219W,0,-2.3125029,0.12085393816232681,1.0,0.7290458083152771
YGL038C,YDR342C,0,-2.3126187,0.12083936482667923,1.0,0.7291458249092102
YMR322C,YJL222W,0,-2.3128266,0.12082479149103165,1.0,0.7292458415031433
YIL073C,YLR154W-C,0,-2.3130267,0.12081022560596466,1.0,0.7293458580970764
YDL114W,YMR119W,0,-2.3130522,0.12079565972089767,1.0,0.7294458746910095
YCL034W,YPR055W,0,-2.3131526,0.12078110128641129,1.0,0.7295458912849426
YHR011W,YBR014C,0,-2.31316,0.1207665428519249,1.0,0.7296459078788757
YBR062C,YHR047C,0,-2.313251,0.1207519918680191,1.0,0.7297459244728088
YPR153W,YMR166C,0,-2.3134613,0.12073744088411331,1.0,0.7298459410667419
YGL027C,YPL275W,0,-2.3134732,0.12072288990020752,1.0,0.7299460172653198
YLR295C,YMR323W,0,-2.3137252,0.12070834636688232,1.0,0.7300460338592529
YMR273C,YBR253W,0,-2.3139215,0.12069381028413773,1.0,0.730146050453186
YPL275W,YNL227C,0,-2.314086,0.12067927420139313,1.0,0.7302460670471191
YHR079C-B,YGL137W,0,-2.3146756,0.12066473811864853,1.0,0.7303460836410522
YHR152W,YDR435C,0,-2.3147566,0.12065020948648453,1.0,0.7304461002349854
YPL253C,YNL227C,0,-2.314876,0.12063568830490112,1.0,0.7305461168289185
YJR074W,YOR355W,0,-2.3150423,0.12062115967273712,1.0,0.7306461334228516
YJR074W,YLR014C,0,-2.3151736,0.12060664594173431,1.0,0.7307461500167847
YLR154C,YDR175C,0,-2.3151789,0.1205921322107315,1.0,0.7308461666107178
YHR066W,YMR027W,0,-2.3155959,0.1205776184797287,1.0,0.7309461832046509
YMR036C,YOL054W,0,-2.315641,0.12056311219930649,1.0,0.731046199798584
YLR154W-C,YPL137C,0,-2.3157744,0.12054860591888428,1.0,0.7311462163925171
YEL039C,YCL056C,0,-2.3159025,0.12053409963846207,1.0,0.7312462329864502
YBR078W,YJR147W,0,-2.3161912,0.12051960825920105,1.0,0.7313462495803833
YDR407C,YFR002W,0,-2.3164997,0.12050510942935944,1.0,0.7314462661743164
YKR030W,YML040W,0,-2.3165472,0.12049061805009842,1.0,0.7315462827682495
YBR242W,YBL005W-B,0,-2.3165934,0.120476134121418,1.0,0.7316463589668274
YOL041C,YJR153W,0,-2.3167336,0.12046165019273758,1.0,0.7317463755607605
YOR193W,YCL029C,0,-2.3168683,0.12044716626405716,1.0,0.7318463921546936
YAL055W,YLR309C,0,-2.3171558,0.12043268978595734,1.0,0.7319464087486267
YOR057W,YCL060C,0,-2.3176827,0.12041822075843811,1.0,0.7320464253425598
YOR290C,YHL016C,0,-2.3177195,0.12040375173091888,1.0,0.7321464419364929
YOR090C,YLL022C,0,-2.3183727,0.12038928270339966,1.0,0.732246458530426
YNL084C,YOL055C,0,-2.3187442,0.12037482112646103,1.0,0.7323464751243591
YFL044C,YMR242C,0,-2.3187575,0.1203603595495224,1.0,0.7324464917182922
YLR013W,YBR100W,0,-2.3191123,0.12034590542316437,1.0,0.7325465083122253
YNL136W,YPR160W,0,-2.3191266,0.12033145129680634,1.0,0.7326465249061584
YNR008W,YJL143W,0,-2.319762,0.1203170046210289,1.0,0.7327465415000916
YLR091W,YDR004W,0,-2.3198695,0.12030255794525146,1.0,0.7328465580940247
YBR143C,YDL237W,0,-2.3200345,0.12028811872005463,1.0,0.7329465746879578
YLR074C,YPR153W,0,-2.3201876,0.12027367949485779,1.0,0.7330465912818909
YNL200C,YHL020C,0,-2.3203099,0.12025924026966095,1.0,0.733146607875824
YHL044W,YGR026W,0,-2.320337,0.12024480849504471,1.0,0.7332466244697571
YMR013C,YLR058C,0,-2.3203375,0.12023038417100906,1.0,0.7333466410636902
YBR156C,YGL051W,0,-2.320766,0.12021595984697342,1.0,0.7334467172622681
YLR078C,YDR352W,0,-2.320861,0.12020153552293777,1.0,0.7335467338562012
YDR148C,YJL133W,0,-2.321128,0.12018711864948273,1.0,0.7336467504501343
YGR247W,YNL015W,0,-2.3211603,0.12017270177602768,1.0,0.7337467670440674
YCL018W,YBR155W,0,-2.3211942,0.12015829235315323,1.0,0.7338467836380005
YLR461W,YGR112W,0,-2.321356,0.12014388293027878,1.0,0.7339468002319336
YNL293W,YJR088C,0,-2.3214023,0.12012948095798492,1.0,0.7340468168258667
YPL270W,YHR115C,0,-2.321413,0.12011507898569107,1.0,0.7341468334197998
YBR240C,YJR050W,0,-2.3214588,0.12010068446397781,1.0,0.7342468500137329
YHR088W,YDL077C,0,-2.3216481,0.12008628994226456,1.0,0.734346866607666
YBR098W,YGR101W,0,-2.3217175,0.1200719028711319,1.0,0.7344468832015991
YGL234W,YMR036C,0,-2.321896,0.12005751579999924,1.0,0.7345468997955322
YNR015W,YNL019C,0,-2.3219361,0.12004312872886658,1.0,0.7346469163894653
YHR191C,YCL043C,0,-2.32202,0.12002874910831451,1.0,0.7347469329833984
YMR052W,YPR005C,0,-2.3220272,0.12001436948776245,1.0,0.7348469495773315
YCL044C,YDR466W,0,-2.32204,0.11999999731779099,1.0,0.7349469661712646
YJL173C,YNR008W,0,-2.3221846,0.11998563259840012,1.0,0.7350469827651978
YGR195W,YBR182C,0,-2.3222437,0.11997126787900925,1.0,0.7351470589637756
YMR113W,YDL127W,0,-2.3222747,0.11995690315961838,1.0,0.7352470755577087
YKL085W,YDR125C,0,-2.3226624,0.1199425458908081,1.0,0.7353470921516418
YER013W,YBR044C,0,-2.322879,0.11992818862199783,1.0,0.735447108745575
YOL116W,YGR100W,0,-2.322883,0.11991383135318756,1.0,0.7355471253395081
YGR280C,YGL108C,0,-2.3231194,0.11989948898553848,1.0,0.7356471419334412
YKL158W,YGR211W,0,-2.3231974,0.11988513916730881,1.0,0.7357471585273743
YPL256C,YJR110W,0,-2.323211,0.11987079679965973,1.0,0.7358471751213074
YGR101W,YNL289W,0,-2.3234167,0.11985646188259125,1.0,0.7359471917152405
YJR065C,YGR014W,0,-2.3235462,0.11984212696552277,1.0,0.7360472083091736
YBR164C,YOL001W,0,-2.323647,0.11982779204845428,1.0,0.7361472249031067
YGL093W,YOR017W,0,-2.3236883,0.1198134645819664,1.0,0.7362472414970398
YDR134C,YOR270C,0,-2.3239298,0.11979913711547852,1.0,0.7363472580909729
YIL004C,YKL020C,0,-2.324059,0.11978481709957123,1.0,0.736447274684906
YDR458C,YER013W,0,-2.3247647,0.11977049708366394,1.0,0.7365472912788391
YCR107W,YJR055W,0,-2.32485,0.11975618451833725,1.0,0.7366473078727722
YOR106W,YPR194C,0,-2.324854,0.11974187195301056,1.0,0.7367473244667053
YGR099W,YOR299W,0,-2.325573,0.11972756683826447,1.0,0.7368473410606384
YOR113W,YML065W,0,-2.3256116,0.11971326172351837,1.0,0.7369474172592163
YJR102C,YIR015W,0,-2.3256845,0.11969896405935287,1.0,0.7370474338531494
YLR035C,YOR299W,0,-2.3257606,0.11968466639518738,1.0,0.7371474504470825
YER113C,YLL016W,0,-2.3260574,0.11967036873102188,1.0,0.7372474670410156
YCR058C,YMR154C,0,-2.3262544,0.11965607851743698,1.0,0.7373474836349487
YMR306W,YOR049C,0,-2.3263373,0.11964178830385208,1.0,0.7374475002288818
YLR466W,YJR159W,0,-2.326758,0.11962750554084778,1.0,0.7375475168228149
YMR047C,YNL138W-A,0,-2.326825,0.11961323022842407,1.0,0.737647533416748
YDR458C,YNL278W,0,-2.327071,0.11959894746541977,1.0,0.7377475500106812
YDR496C,YGR247W,0,-2.3271012,0.11958467960357666,1.0,0.7378475666046143
YDL052C,YML037C,0,-2.3271103,0.11957040429115295,1.0,0.7379475831985474
YIR002C,YAL055W,0,-2.3272405,0.11955613642930984,1.0,0.7380475997924805
YCR031C,YLR151C,0,-2.3273497,0.11954187601804733,1.0,0.7381476163864136
YKL222C,YGL105W,0,-2.3275027,0.11952761560678482,1.0,0.7382476329803467
YOL032W,YPR043W,0,-2.3276718,0.11951335519552231,1.0,0.7383476495742798
YLR312C-B,YPR055W,0,-2.327821,0.1194991022348404,1.0,0.7384476661682129
YEL019C,YCL043C,0,-2.3279562,0.11948485672473907,1.0,0.738547682762146
YDR447C,YDR125C,0,-2.327961,0.11947061121463776,1.0,0.7386477589607239
YLR371W,YER020W,0,-2.3281124,0.11945636570453644,1.0,0.738747775554657
YNL003C,YNL272C,0,-2.3281727,0.11944212764501572,1.0,0.7388477921485901
YOL077C,YIL013C,0,-2.3287277,0.119427889585495,1.0,0.7389478087425232
YDR381W,YGL229C,0,-2.3287907,0.11941365897655487,1.0,0.7390478253364563
YPL249C,YDR419W,0,-2.3288064,0.11939942836761475,1.0,0.7391478419303894
YGL015C,YOL042W,0,-2.3289742,0.11938520520925522,1.0,0.7392478585243225
YDR513W,YOR039W,0,-2.3290203,0.11937098205089569,1.0,0.7393478751182556
YER065C,YNL320W,0,-2.3294551,0.11935675889253616,1.0,0.7394478917121887
YBR218C,YLR352W,0,-2.3295166,0.11934254318475723,1.0,0.7395479083061218
YLR166C,YPL256C,0,-2.32966,0.1193283349275589,1.0,0.7396479249000549
YDR194C,YNL260C,0,-2.3299308,0.11931411921977997,1.0,0.739747941493988
YGL013C,YJR085C,0,-2.3299422,0.11929991841316223,1.0,0.7398479580879211
YIL013C,YDR084C,0,-2.3300138,0.1192857176065445,1.0,0.7399479746818542
YER060W-A,YNL293W,0,-2.3300278,0.11927151679992676,1.0,0.7400479912757874
YJR054W,YJL079C,0,-2.3300326,0.11925731599330902,1.0,0.7401480078697205
YJR119C,YGR231C,0,-2.330146,0.11924313008785248,1.0,0.7402480244636536
YJR053W,YLR369W,0,-2.330151,0.11922893673181534,1.0,0.7403480410575867
YHR143W,YLR295C,0,-2.3307645,0.1192147508263588,1.0,0.7404481172561646
YLR109W,YNR058W,0,-2.3307996,0.11920057237148285,1.0,0.7405481338500977
YKR029C,YPR085C,0,-2.3308115,0.1191863939166069,1.0,0.7406481504440308
YHR048W,YDR056C,0,-2.3308926,0.11917221546173096,1.0,0.7407481670379639
YML009C,YER020W,0,-2.3308954,0.11915804445743561,1.0,0.740848183631897
YBR062C,YKL033W,0,-2.331038,0.11914387345314026,1.0,0.7409482002258301
YLR395C,YLR310C,0,-2.3310895,0.1191297098994255,1.0,0.7410482168197632
YAL014C,YNL201C,0,-2.3313217,0.11911554634571075,1.0,0.7411482334136963
YOR176W,YHR005C,0,-2.3313985,0.1191013902425766,1.0,0.7412482500076294
YLR191W,YNL320W,0,-2.331632,0.11908723413944244,1.0,0.7413482666015625
YLR091W,YOR321W,0,-2.3317533,0.11907308548688889,1.0,0.7414482831954956
YHR143W,YIR026C,0,-2.3321292,0.11905893683433533,1.0,0.7415482997894287
YGL200C,YIL048W,0,-2.3323617,0.11904478818178177,1.0,0.7416483163833618
YHR153C,YPR013C,0,-2.332507,0.11903064697980881,1.0,0.7417483329772949
YJR084W,YOR147W,0,-2.332519,0.11901651322841644,1.0,0.741848349571228
YIL061C,YNL084C,0,-2.3325813,0.11900237202644348,1.0,0.7419483661651611
YNL219C,YMR315W,0,-2.332881,0.11898824572563171,1.0,0.7420483827590942
YIL113W,YJL079C,0,-2.332959,0.11897411197423935,1.0,0.7421484589576721
YLR433C,YJR052W,0,-2.3331418,0.11895999312400818,1.0,0.7422484755516052
YFR006W,YJR153W,0,-2.333356,0.11894586682319641,1.0,0.7423484921455383
YLR091W,YJR051W,0,-2.3333602,0.11893174797296524,1.0,0.7424485087394714
YMR073C,YHR111W,0,-2.3334513,0.11891763657331467,1.0,0.7425485253334045
YNL323W,YJL096W,0,-2.333707,0.11890352517366409,1.0,0.7426485419273376
YLR004C,YDR342C,0,-2.3337288,0.11888941377401352,1.0,0.7427485585212708
YGR104C,YLR421C,0,-2.3342013,0.11887530982494354,1.0,0.7428485751152039
YBR156C,YGR004W,0,-2.3346248,0.11886121332645416,1.0,0.742948591709137
YFR041C,YBR002C,0,-2.3349156,0.11884710937738419,1.0,0.7430486083030701
YBR293W,YBR291C,0,-2.335136,0.1188330203294754,1.0,0.7431486248970032
YDR071C,YIR002C,0,-2.3352256,0.11881892383098602,1.0,0.7432486414909363
YKL097W-A,YMR013C,0,-2.335245,0.11880483478307724,1.0,0.7433486580848694
YLR295C,YIL048W,0,-2.3353004,0.11879075318574905,1.0,0.7434486746788025
YFL043C,YNL218W,0,-2.3353324,0.11877667158842087,1.0,0.7435486912727356
YBR262C,YOL007C,0,-2.3354511,0.11876258999109268,1.0,0.7436487078666687
YGL141W,YIR024C,0,-2.3354568,0.11874851584434509,1.0,0.7437487244606018
YGR031W,YMR189W,0,-2.3356957,0.1187344491481781,1.0,0.7438487410545349
YML133C,YNL145W,0,-2.336031,0.11872038245201111,1.0,0.7439488172531128
YHR152W,YGR197C,0,-2.3362408,0.11870631575584412,1.0,0.7440488338470459
YFL039C,YAL041W,0,-2.336437,0.11869225651025772,1.0,0.744148850440979
YJL042W,YNL199C,0,-2.3365483,0.11867819726467133,1.0,0.7442488670349121
YBR128C,YDL201W,0,-2.336938,0.11866413801908493,1.0,0.7443488836288452
YMR273C,YPL031C,0,-2.337087,0.11865008622407913,1.0,0.7444489002227783
YLR004C,YOR125C,0,-2.3372178,0.11863604187965393,1.0,0.7445489168167114
YPR138C,YOL100W,0,-2.3372233,0.11862199753522873,1.0,0.7446489334106445
YER071C,YGR014W,0,-2.3372838,0.11860795319080353,1.0,0.7447489500045776
YCR027C,YMR110C,0,-2.3377457,0.11859391629695892,1.0,0.7448489665985107
YJR105W,YJL020C,0,-2.3380315,0.11857987940311432,1.0,0.7449489831924438
YNL192W,YDR529C,0,-2.3380804,0.11856584995985031,1.0,0.745048999786377
YDR490C,YKL150W,0,-2.3380976,0.1185518205165863,1.0,0.7451490163803101
YPL112C,YBR239C,0,-2.338245,0.1185377985239029,1.0,0.7452490329742432
YDR258C,YKR106W,0,-2.3384197,0.11852377653121948,1.0,0.7453490495681763
YGL141W,YDR339C,0,-2.3386786,0.11850975453853607,1.0,0.7454490661621094
YNL262W,YGL252C,0,-2.3387198,0.11849573999643326,1.0,0.7455490827560425
YBR065C,YGR235C,0,-2.3388393,0.11848173290491104,1.0,0.7456491589546204
YMR099C,YER165W,0,-2.3393216,0.11846772581338882,1.0,0.7457491755485535
YKL219W,YJL110C,0,-2.3394966,0.11845371872186661,1.0,0.7458491921424866
YMR019W,YOR158W,0,-2.340181,0.11843971908092499,1.0,0.7459492087364197
YPR019W,YHR074W,0,-2.3402843,0.11842571943998337,1.0,0.7460492253303528
YNL265C,YPR169W,0,-2.3403678,0.11841171979904175,1.0,0.7461492419242859
YIL127C,YDR004W,0,-2.3404202,0.11839772760868073,1.0,0.746249258518219
YOL067C,YCL034W,0,-2.3404799,0.1183837428689003,1.0,0.7463492751121521
YNL010W,YHR080C,0,-2.340832,0.11836975812911987,1.0,0.7464492917060852
YER173W,YDR363W-A,0,-2.3409836,0.11835577338933945,1.0,0.7465493083000183
YDR170W-A,YJL003W,0,-2.3412092,0.11834179610013962,1.0,0.7466493248939514
YDR099W,YDR049W,0,-2.34129,0.11832781881093979,1.0,0.7467493414878845
YLR243W,YDR342C,0,-2.341514,0.11831384897232056,1.0,0.7468493580818176
YNL086W,YOL001W,0,-2.3416612,0.11829987913370132,1.0,0.7469493746757507
YNL003C,YMR052W,0,-2.341794,0.11828591674566269,1.0,0.7470493912696838
YKR083C,YMR114C,0,-2.3419385,0.11827195435762405,1.0,0.7471494078636169
YER173W,YOR301W,0,-2.3420615,0.11825799942016602,1.0,0.74724942445755
YDR326C,YKL185W,0,-2.3420756,0.11824403703212738,1.0,0.7473494410514832
YNL156C,YJR127C,0,-2.3421302,0.11823008954524994,1.0,0.747449517250061
YDR170W-A,YER063W,0,-2.3422725,0.1182161420583725,1.0,0.7475495338439941
YDR195W,YNL289W,0,-2.3423014,0.11820219457149506,1.0,0.7476495504379272
YNL082W,YCR027C,0,-2.3424478,0.11818825453519821,1.0,0.7477495670318604
YJL092W,YML067C,0,-2.3426094,0.11817431449890137,1.0,0.7478495836257935
YOR065W,YOL001W,0,-2.3428292,0.11816037446260452,1.0,0.7479496002197266
YHL044W,YMR036C,0,-2.3433897,0.11814644187688828,1.0,0.7480496168136597
YMR219W,YGR026W,0,-2.3436058,0.11813251674175262,1.0,0.7481496334075928
YJL049W,YMR315W,0,-2.34375,0.11811859160661697,1.0,0.7482496500015259
YLR074C,YCL043C,0,-2.3438191,0.11810466647148132,1.0,0.748349666595459
YKR062W,YFR051C,0,-2.3438277,0.11809074878692627,1.0,0.7484496831893921
YOR173W,YFL009W,0,-2.3440835,0.11807683110237122,1.0,0.7485496997833252
YPL023C,YPR098C,0,-2.344111,0.11806292086839676,1.0,0.7486497163772583
YDL190C,YGR004W,0,-2.344355,0.1180490106344223,1.0,0.7487497329711914
YLR422W,YLR215C,0,-2.344423,0.11803510785102844,1.0,0.7488497495651245
YLR297W,YDR156W,0,-2.3446155,0.11802120506763458,1.0,0.7489497661590576
YBR098W,YCR016W,0,-2.3449087,0.11800730228424072,1.0,0.7490497827529907
YDR134C,YMR190C,0,-2.3449197,0.11799340695142746,1.0,0.7491498589515686
YBR183W,YBL006C,0,-2.3449948,0.1179795116186142,1.0,0.7492498755455017
YAL014C,YIL124W,0,-2.3453622,0.11796562373638153,1.0,0.7493498921394348
YOR246C,YOR090C,0,-2.3454554,0.11795173585414886,1.0,0.7494499087333679
YGR012W,YNL320W,0,-2.3457074,0.1179378554224968,1.0,0.749549925327301
YAR033W,YDR195W,0,-2.3459105,0.11792397499084473,1.0,0.7496499419212341
YMR100W,YDR507C,0,-2.3461006,0.11791009455919266,1.0,0.7497499585151672
YKR062W,YKR044W,0,-2.3461084,0.11789622157812119,1.0,0.7498499751091003
YLR433C,YOR083W,0,-2.3461769,0.11788235604763031,1.0,0.7499499917030334
YFL041W,YGL128C,0,-2.3469982,0.11786848306655884,1.0,0.7500500082969666
YJR035W,YIL014W,0,-2.3470087,0.11785462498664856,1.0,0.7501500248908997
YDR400W,YKL012W,0,-2.3472142,0.11784075945615768,1.0,0.7502500414848328
YDR405W,YIL099W,0,-2.3472521,0.1178269013762474,1.0,0.7503500580787659
YPL168W,YBL039C,0,-2.3473923,0.11781305074691772,1.0,0.750450074672699
YPL084W,YDR240C,0,-2.3475785,0.11779920011758804,1.0,0.7505500912666321
YKL104C,YHR074W,0,-2.3476005,0.11778535693883896,1.0,0.7506501078605652
YJL138C,YFL043C,0,-2.3480687,0.11777150630950928,1.0,0.7507501244544983
YGR246C,YDR438W,0,-2.3480785,0.11775767058134079,1.0,0.7508501410484314
YFR033C,YJR028W,0,-2.3483036,0.1177438274025917,1.0,0.7509502172470093
YCR094W,YNL159C,0,-2.3485007,0.11772999912500381,1.0,0.7510502338409424
YDL107W,YPR016C,0,-2.34874,0.11771616339683533,1.0,0.7511502504348755
YJL090C,YMR231W,0,-2.3488188,0.11770233511924744,1.0,0.7512502670288086
YML040W,YPR144C,0,-2.3488693,0.11768851429224014,1.0,0.7513502836227417
YML132W,YDR240C,0,-2.349262,0.11767469346523285,1.0,0.7514503002166748
YPR085C,YGL162W,0,-2.3493402,0.11766087263822556,1.0,0.7515503168106079
YFL048C,YHR037W,0,-2.3494363,0.11764705926179886,1.0,0.751650333404541
YER013W,YAL014C,0,-2.3494701,0.11763324588537216,1.0,0.7517503499984741
YOL067C,YLR160C,0,-2.34948,0.11761943995952606,1.0,0.7518503665924072
YOR214C,YNL272C,0,-2.3496594,0.11760563403367996,1.0,0.7519503831863403
YJR086W,YLR405W,0,-2.349677,0.11759183555841446,1.0,0.7520503997802734
YMR270C,YKL051W,0,-2.349742,0.11757802963256836,1.0,0.7521504163742065
YJR074W,YPL280W,0,-2.349886,0.11756423860788345,1.0,0.7522504329681396
YKR106W,YGR158C,0,-2.349965,0.11755044758319855,1.0,0.7523504495620728
YKL034W,YPL176C,0,-2.3500614,0.11753665655851364,1.0,0.7524504661560059
YOL109W,YHR194W,0,-2.3501053,0.11752287298440933,1.0,0.752550482749939
YDL069C,YBR135W,0,-2.3501234,0.11750908941030502,1.0,0.7526505589485168
YAR033W,YOL039W,0,-2.3501644,0.11749531328678131,1.0,0.75275057554245
YNL293W,YCR024C-A,0,-2.3503065,0.1174815371632576,1.0,0.7528505921363831
YHR214W,YDL110C,0,-2.350309,0.11746776103973389,1.0,0.7529506087303162
YNL188W,YLR115W,0,-2.3507013,0.11745399236679077,1.0,0.7530506253242493
YPR098C,YOL054W,0,-2.3509479,0.11744022369384766,1.0,0.7531506419181824
YLR310C,YPL134C,0,-2.3511243,0.11742646247148514,1.0,0.7532506585121155
YBR186W,YBR241C,0,-2.3512487,0.11741270124912262,1.0,0.7533506751060486
YLR085C,YNL201C,0,-2.3515136,0.1173989474773407,1.0,0.7534506916999817
YPL192C,YER035W,0,-2.351663,0.11738519370555878,1.0,0.7535507082939148
YIL048W,YMR017W,0,-2.3519275,0.11737143993377686,1.0,0.7536507248878479
YNL215W,YKL028W,0,-2.3524208,0.11735769361257553,1.0,0.753750741481781
YOR315W,YPL191C,0,-2.3526754,0.1173439547419548,1.0,0.7538507580757141
YLR457C,YKL043W,0,-2.3529825,0.11733020842075348,1.0,0.7539507746696472
YDR427W,YDR462W,0,-2.3532577,0.11731647700071335,1.0,0.7540507912635803
YAR033W,YFL041W,0,-2.3537407,0.11730273813009262,1.0,0.7541508078575134
YMR164C,YGL001C,0,-2.3539128,0.11728900671005249,1.0,0.7542508244514465
YGR007W,YGL133W,0,-2.3540552,0.11727528274059296,1.0,0.7543508410453796
YDL114W,YDL225W,0,-2.3540606,0.11726155877113342,1.0,0.7544509172439575
YOR299W,YNL218W,0,-2.35471,0.11724783480167389,1.0,0.7545509338378906
YHR152W,YGR138C,0,-2.3547845,0.11723411828279495,1.0,0.7546509504318237
YPL187W,YGL013C,0,-2.3549192,0.11722040176391602,1.0,0.7547509670257568
YBR218C,YGR236C,0,-2.3551214,0.11720669269561768,1.0,0.7548509836196899
YKR029C,YML005W,0,-2.3552036,0.11719298362731934,1.0,0.754951000213623
YJR108W,YMR031C,0,-2.3555408,0.117179274559021,1.0,0.7550510168075562
YML040W,YHL020C,0,-2.355575,0.11716557294130325,1.0,0.7551510334014893
YMR258C,YPL115C,0,-2.3555858,0.11715187877416611,1.0,0.7552510499954224
YOL051W,YAL024C,0,-2.3559983,0.11713818460702896,1.0,0.7553510665893555
YJL114W,YLR139C,0,-2.356215,0.11712449043989182,1.0,0.7554510831832886
YIR002C,YPR194C,0,-2.3562694,0.11711079627275467,1.0,0.7555510997772217
YGR093W,YLL015W,0,-2.3563058,0.11709711700677872,1.0,0.7556511163711548
YGL022W,YGR070W,0,-2.356573,0.11708343029022217,1.0,0.7557511329650879
YMR219W,YBL080C,0,-2.3565764,0.11706975102424622,1.0,0.755851149559021
YMR322C,YLR298C,0,-2.3571038,0.11705607175827026,1.0,0.7559511661529541
YOR388C,YGL213C,0,-2.3574333,0.11704239994287491,1.0,0.7560511827468872
YMR269W,YPL168W,0,-2.3578992,0.11702872812747955,1.0,0.7561512589454651
YKR095W,YER075C,0,-2.3579078,0.1170150637626648,1.0,0.7562512755393982
YLR405W,YKL064W,0,-2.3583407,0.11700139939785004,1.0,0.7563512921333313
YOL039W,YJL141C,0,-2.3583412,0.11698774248361588,1.0,0.7564513087272644
YNL293W,YML040W,0,-2.3585439,0.11697408556938171,1.0,0.7565513253211975
YGR189C,YHR152W,0,-2.3587465,0.11696042865514755,1.0,0.7566513419151306
YHR004C,YGR087C,0,-2.3593025,0.11694677919149399,1.0,0.7567513585090637
YJR125C,YBL042C,0,-2.3594651,0.11693312972784042,1.0,0.7568513751029968
YCR107W,YGR227W,0,-2.3595185,0.11691948771476746,1.0,0.7569513916969299
YLR166C,YKL201C,0,-2.3595228,0.11690584570169449,1.0,0.757051408290863
YOR162C,YMR077C,0,-2.3599443,0.11689220368862152,1.0,0.7571514248847961
YDL107W,YLR310C,0,-2.3603377,0.11687856912612915,1.0,0.7572514414787292
YCR058C,YPL031C,0,-2.3604918,0.11686494201421738,1.0,0.7573514580726624
YOL055C,YHR115C,0,-2.3605795,0.1168513149023056,1.0,0.7574514746665955
YJR068W,YLR295C,0,-2.3606348,0.11683768779039383,1.0,0.7575514912605286
YOL051W,YKL039W,0,-2.3608308,0.11682406067848206,1.0,0.7576515078544617
YBR098W,YOR209C,0,-2.360838,0.11681044846773148,1.0,0.7577515244483948
YHR153C,YBL022C,0,-2.3609838,0.1167968288064003,1.0,0.7578515410423279
YHR061C,YGL108C,0,-2.3610187,0.11678321659564972,1.0,0.7579516172409058
YHR110W,YOR307C,0,-2.3610365,0.11676960438489914,1.0,0.7580516338348389
YPL130W,YER165W,0,-2.3613505,0.11675599962472916,1.0,0.758151650428772
YDR376W,YMR077C,0,-2.36138,0.11674239486455917,1.0,0.7582516670227051
YDR175C,YKL020C,0,-2.3616543,0.11672879755496979,1.0,0.7583516836166382
YHR124W,YGR116W,0,-2.3617573,0.1167152002453804,1.0,0.7584517002105713
YPR105C,YER154W,0,-2.3617694,0.11670161038637161,1.0,0.7585517168045044
YOL152W,YGR271C-A,0,-2.362423,0.11668801307678223,1.0,0.7586517333984375
YGR231C,YOL056W,0,-2.3627033,0.11667443066835403,1.0,0.7587517499923706
YDR529C,YML058W-A,0,-2.3630166,0.11666084825992584,1.0,0.7588517665863037
YGL104C,YMR146C,0,-2.3630488,0.11664726585149765,1.0,0.7589517831802368
YPL206C,YMR274C,0,-2.363121,0.11663368344306946,1.0,0.7590517997741699
YIL084C,YIL095W,0,-2.3636942,0.11662010848522186,1.0,0.759151816368103
YKR029C,YLR369W,0,-2.363835,0.11660654097795486,1.0,0.7592518329620361
YMR278W,YJR155W,0,-2.3638806,0.11659297347068787,1.0,0.7593518495559692
YLR158C,YER069W,0,-2.3643088,0.11657940596342087,1.0,0.7594518661499023
YOL137W,YJR108W,0,-2.3648317,0.11656584590673447,1.0,0.7595518827438354
YOR214C,YGR138C,0,-2.364854,0.11655228585004807,1.0,0.7596519589424133
YJR108W,YLR389C,0,-2.3650856,0.11653873324394226,1.0,0.7597519755363464
YKR030W,YLR139C,0,-2.3650975,0.11652518063783646,1.0,0.7598519921302795
YLL012W,YPL213W,0,-2.3651738,0.11651162803173065,1.0,0.7599520087242126
YOR150W,YPL030W,0,-2.365261,0.11649808287620544,1.0,0.7600520253181458
YIL037C,YMR156C,0,-2.3655517,0.11648453772068024,1.0,0.7601520419120789
YDR248C,YMR154C,0,-2.3655696,0.11647100001573563,1.0,0.760252058506012
YOL100W,YBR162C,0,-2.3656173,0.11645746231079102,1.0,0.7603520750999451
YPL176C,YIL127C,0,-2.3656657,0.1164439246058464,1.0,0.7604520916938782
YNL073W,YDL002C,0,-2.366047,0.11643039435148239,1.0,0.7605521082878113
YLR342W,YGL047W,0,-2.3661017,0.11641687154769897,1.0,0.7606521248817444
YEL070W,YPL041C,0,-2.366341,0.11640334874391556,1.0,0.7607521414756775
YPL249C,YOR145C,0,-2.366362,0.11638982594013214,1.0,0.7608521580696106
YPL123C,YPL028W,0,-2.3664098,0.11637630313634872,1.0,0.7609521746635437
YHL035C,YJR054W,0,-2.3664973,0.1163627952337265,1.0,0.7610521912574768
YOL055C,YGR236C,0,-2.3667054,0.11634927988052368,1.0,0.7611522078514099
YHL028W,YNL299W,0,-2.367371,0.11633577197790146,1.0,0.761252224445343
YDR257C,YBL066C,0,-2.3674045,0.11632226407527924,1.0,0.7613522410392761
YBR240C,YOR299W,0,-2.3675363,0.11630876362323761,1.0,0.761452317237854
YHR011W,YLR154C,0,-2.3680148,0.11629526317119598,1.0,0.7615523338317871
YLL018C-A,YGL094C,0,-2.3683767,0.11628177016973495,1.0,0.7616523504257202
YMR258C,YER019C-A,0,-2.3687758,0.11626827716827393,1.0,0.7617523670196533
YNL206C,YIL146C,0,-2.3688314,0.1162547841668129,1.0,0.7618523836135864
YBL017C,YHR039C-B,0,-2.368967,0.11624129861593246,1.0,0.7619524002075195
YHR132W-A,YDR339C,0,-2.3691597,0.11622781306505203,1.0,0.7620524168014526
YDR141C,YKR095W,0,-2.369181,0.1162143349647522,1.0,0.7621524333953857
YBR065C,YJL221C,0,-2.370046,0.11620085686445236,1.0,0.7622524499893188
YNR018W,YKL007W,0,-2.370081,0.11618738621473312,1.0,0.762352466583252
YFL017C,YLR240W,0,-2.3704073,0.11617391556501389,1.0,0.7624524831771851
YBR070C,YBR164C,0,-2.3705063,0.11616044491529465,1.0,0.7625524997711182
YNL298W,YER173W,0,-2.370913,0.116146981716156,1.0,0.7626525163650513
YKL007W,YLR287C,0,-2.3709197,0.11613351851701736,1.0,0.7627525329589844
YNL156C,YBR074W,0,-2.3710885,0.11612006276845932,1.0,0.7628525495529175
YPL187W,YGL231C,0,-2.371531,0.11610660701990128,1.0,0.7629525661468506
YBL031W,YGL213C,0,-2.3717651,0.11609315127134323,1.0,0.7630525827407837
YML132W,YDL035C,0,-2.3719184,0.11607970297336578,1.0,0.7631526589393616
YNL219C,YOR275C,0,-2.3719912,0.11606625467538834,1.0,0.7632526755332947
YBR240C,YNL136W,0,-2.3721204,0.11605281382799149,1.0,0.7633526921272278
YKR099W,YMR278W,0,-2.37222,0.11603937298059464,1.0,0.7634527087211609
YIL173W,YOR158W,0,-2.3724074,0.11602593958377838,1.0,0.763552725315094
YNL086W,YOR132W,0,-2.3730505,0.11601250618696213,1.0,0.7636527419090271
YDR134C,YDR170W-A,0,-2.373178,0.11599907279014587,1.0,0.7637527585029602
YDL073W,YLL016W,0,-2.373192,0.11598564684391022,1.0,0.7638527750968933
YDR437W,YNL065W,0,-2.3734138,0.11597222089767456,1.0,0.7639527916908264
YOL055C,YMR247C,0,-2.3736856,0.1159588024020195,1.0,0.7640528082847595
YNL278W,YFR029W,0,-2.3742352,0.11594538390636444,1.0,0.7641528248786926
YPR138C,YPR169W,0,-2.3745537,0.11593196541070938,1.0,0.7642528414726257
YDL200C,YOR291W,0,-2.37461,0.11591855436563492,1.0,0.7643528580665588
YDR084C,YGR134W,0,-2.374723,0.11590515077114105,1.0,0.7644528746604919
YCR007C,YER112W,0,-2.3750727,0.11589173972606659,1.0,0.764552891254425
YIL037C,YJR155W,0,-2.3752475,0.11587833613157272,1.0,0.7646529078483582
YML005W,YDL024C,0,-2.3762407,0.11586493998765945,1.0,0.7647529244422913
YMR154C,YJL207C,0,-2.3762841,0.11585154384374619,1.0,0.7648529410362244
YKL062W,YJL138C,0,-2.3767986,0.11583814769983292,1.0,0.7649530172348022
YBR021W,YNL084C,0,-2.3770604,0.11582475900650024,1.0,0.7650530338287354
YJL200C,YER020W,0,-2.377093,0.11581137031316757,1.0,0.7651530504226685
YJL092W,YJR124C,0,-2.3773136,0.1157979890704155,1.0,0.7652530670166016
YGL137W,YBR200W,0,-2.3774376,0.11578460782766342,1.0,0.7653530836105347
YIL073C,YDL217C,0,-2.377775,0.11577123403549194,1.0,0.7654531002044678
YHL019C,YOR291W,0,-2.3777895,0.11575785279273987,1.0,0.7655531167984009
YER071C,YHR157W,0,-2.3778636,0.11574448645114899,1.0,0.765653133392334
YMR012W,YKR031C,0,-2.3779316,0.11573111265897751,1.0,0.7657531499862671
YJR136C,YOR250C,0,-2.3781757,0.11571775376796722,1.0,0.7658531665802002
YPR025C,YMR156C,0,-2.378218,0.11570438742637634,1.0,0.7659531831741333
YDR513W,YMR036C,0,-2.3785837,0.11569102853536606,1.0,0.7660531997680664
YGL027C,YER008C,0,-2.378704,0.11567766964435577,1.0,0.7661532163619995
YLR084C,YDR240C,0,-2.3787847,0.11566431820392609,1.0,0.7662532329559326
YLR298C,YJL223C,0,-2.3790336,0.1156509667634964,1.0,0.7663532495498657
YHR065C,YLR158C,0,-2.3792436,0.11563762277364731,1.0,0.7664532661437988
YBL006C,YEL019C,0,-2.379644,0.11562427878379822,1.0,0.7665532827377319
YOL084W,YIL067C,0,-2.379736,0.11561093479394913,1.0,0.7666533589363098
YNL136W,YHR120W,0,-2.380014,0.11559759825468063,1.0,0.7667533755302429
YBR288C,YMR027W,0,-2.380083,0.11558426916599274,1.0,0.766853392124176
YCL060C,YLR151C,0,-2.380206,0.11557093262672424,1.0,0.7669534087181091
YJR159W,YAL013W,0,-2.3802614,0.11555760353803635,1.0,0.7670534253120422
YHR011W,YHL023C,0,-2.3802907,0.11554428189992905,1.0,0.7671534419059753
YPL002C,YPL134C,0,-2.3804638,0.11553096026182175,1.0,0.7672534584999084
YDR334W,YLR191W,0,-2.3805804,0.11551763862371445,1.0,0.7673534750938416
YGL171W,YKR053C,0,-2.3808744,0.11550432443618774,1.0,0.7674534916877747
YER050C,YMR315W,0,-2.3812144,0.11549101024866104,1.0,0.7675535082817078
YKL064W,YOL056W,0,-2.3820987,0.11547769606113434,1.0,0.7676535248756409
YER101C,YGR031W,0,-2.3821228,0.11546438932418823,1.0,0.767753541469574
YCR008W,YOL078W,0,-2.3821287,0.11545109003782272,1.0,0.7678535580635071
YKL039W,YMR277W,0,-2.3821821,0.11543779075145721,1.0,0.7679535746574402
YLR312C-B,YER020W,0,-2.382236,0.1154244914650917,1.0,0.7680535912513733
YOR190W,YDR343C,0,-2.3824093,0.1154111921787262,1.0,0.7681536078453064
YCR092C,YBR175W,0,-2.3825908,0.11539790034294128,1.0,0.7682536244392395
YHR155W,YGL128C,0,-2.3826194,0.11538461595773697,1.0,0.7683536410331726
YBR074W,YIL146C,0,-2.3826556,0.11537133157253265,1.0,0.7684537172317505
YIL139C,YJL042W,0,-2.3827868,0.11535804718732834,1.0,0.7685537338256836
YJR073C,YML037C,0,-2.3829556,0.11534477025270462,1.0,0.7686537504196167
YKL034W,YJL117W,0,-2.383004,0.1153314933180809,1.0,0.7687537670135498
YBL021C,YJR108W,0,-2.3831277,0.11531821638345718,1.0,0.7688537836074829
YKL059C,YNL218W,0,-2.3831592,0.11530494689941406,1.0,0.768953800201416
YOL042W,YNL041C,0,-2.383172,0.11529167741537094,1.0,0.7690538167953491
YCL056C,YOR147W,0,-2.3837225,0.11527841538190842,1.0,0.7691538333892822
YOR104W,YJR024C,0,-2.384259,0.11526515334844589,1.0,0.7692538499832153
YMR205C,YMR155W,0,-2.3843102,0.11525189876556396,1.0,0.7693538665771484
YJL074C,YLR421C,0,-2.3843122,0.11523864418268204,1.0,0.7694538831710815
YDR325W,YDR343C,0,-2.3843374,0.11522538959980011,1.0,0.7695538997650146
YLR260W,YDL143W,0,-2.3845105,0.11521214246749878,1.0,0.7696539163589478
YGR189C,YPL270W,0,-2.3855433,0.11519889533519745,1.0,0.7697539329528809
YPL196W,YLR442C,0,-2.3856187,0.11518565565347672,1.0,0.769853949546814
YIL136W,YKR059W,0,-2.385713,0.11517241597175598,1.0,0.7699539661407471
YDR085C,YMR234W,0,-2.3858635,0.11515917629003525,1.0,0.7700539827346802
YMR184W,YOR106W,0,-2.385908,0.11514594405889511,1.0,0.7701540589332581
YDL095W,YPL023C,0,-2.3859444,0.11513271182775497,1.0,0.7702540755271912
YMR052W,YNL232W,0,-2.3860114,0.11511948704719543,1.0,0.7703540921211243
YFL041W,YLR065C,0,-2.3860393,0.1151062622666359,1.0,0.7704541087150574
YJL111W,YOL044W,0,-2.386162,0.11509303748607635,1.0,0.7705541253089905
YLR229C,YFL054C,0,-2.386765,0.11507982015609741,1.0,0.7706541419029236
YOR027W,YLR103C,0,-2.3876615,0.11506660282611847,1.0,0.7707541584968567
YMR042W,YPL269W,0,-2.3880105,0.11505339294672012,1.0,0.7708541750907898
YJR155W,YKL038W,0,-2.3880215,0.11504018306732178,1.0,0.7709541916847229
YDR288W,YDR466W,0,-2.3882961,0.11502698063850403,1.0,0.771054208278656
YBR242W,YHR194W,0,-2.3883739,0.11501377075910568,1.0,0.7711542248725891
YIL072W,YHR134W,0,-2.3886747,0.11500057578086853,1.0,0.7712542414665222
YMR150C,YLR353W,0,-2.3890889,0.11498737335205078,1.0,0.7713542580604553
YLR166C,YLR090W,0,-2.3891034,0.11497418582439423,1.0,0.7714542746543884
YBL095W,YOR106W,0,-2.3892453,0.11496099084615707,1.0,0.7715542912483215
YJR074W,YBL013W,0,-2.3895438,0.11494780331850052,1.0,0.7716543078422546
YGL006W,YIL014W,0,-2.389686,0.11493461579084396,1.0,0.7717543244361877
YGL172W,YLR371W,0,-2.3898509,0.114921435713768,1.0,0.7718544006347656
YPL123C,YEL019C,0,-2.3902066,0.11490825563669205,1.0,0.7719544172286987
YJL159W,YER112W,0,-2.3908582,0.11489508301019669,1.0,0.7720544338226318
YNL188W,YDR519W,0,-2.3913202,0.11488191038370132,1.0,0.7721544504165649
YHR004C,YEL046C,0,-2.3913696,0.11486873775720596,1.0,0.772254467010498
YOR391C,YAL019W,0,-2.391585,0.1148555725812912,1.0,0.7723544836044312
YER060W-A,YOR147W,0,-2.3916643,0.11484240740537643,1.0,0.7724545001983643
YGR053C,YJR088C,0,-2.391717,0.11482924222946167,1.0,0.7725545167922974
YLR203C,YLL038C,0,-2.3917913,0.1148160845041275,1.0,0.7726545333862305
YLR352W,YML065W,0,-2.3921235,0.11480293422937393,1.0,0.7727545499801636
YDL052C,YCL044C,0,-2.392539,0.11478978395462036,1.0,0.7728545665740967
YIL112W,YIL173W,0,-2.3936634,0.11477663367986679,1.0,0.7729545831680298
YHR132W-A,YGR129W,0,-2.3941712,0.11476348340511322,1.0,0.7730545997619629
YGL006W,YLR389C,0,-2.3943932,0.11475034058094025,1.0,0.773154616355896
YOR301W,YHR117W,0,-2.394434,0.11473720520734787,1.0,0.7732546329498291
YNL039W,YEL012W,0,-2.3949356,0.1147240698337555,1.0,0.7733546495437622
YDL022W,YKL028W,0,-2.3950408,0.11471093446016312,1.0,0.7734546661376953
YNL312W,YNL041C,0,-2.3953266,0.11469779908657074,1.0,0.7735546827316284
YLR260W,YAL013W,0,-2.395451,0.11468467116355896,1.0,0.7736547589302063
YJL173C,YNL173C,0,-2.3955944,0.11467155069112778,1.0,0.7737547755241394
YGR072W,YKL020C,0,-2.395687,0.1146584302186966,1.0,0.7738547921180725
YJR133W,YGR087C,0,-2.395845,0.11464530974626541,1.0,0.7739548087120056
YOL047C,YLR443W,0,-2.3960316,0.11463219672441483,1.0,0.7740548253059387
YKL145W,YLR053C,0,-2.3962135,0.11461908370256424,1.0,0.7741548418998718
YLR219W,YJL198W,0,-2.3964,0.11460597068071365,1.0,0.7742548584938049
YBR242W,YLR023C,0,-2.3964732,0.11459286510944366,1.0,0.774354875087738
YIR035C,YCR042C,0,-2.3966107,0.11457975953817368,1.0,0.7744548916816711
YMR216C,YHR110W,0,-2.3966656,0.11456666141748428,1.0,0.7745549082756042
YPL002C,YHR157W,0,-2.3966832,0.11455356329679489,1.0,0.7746549248695374
YCL060C,YKR053C,0,-2.3967304,0.1145404651761055,1.0,0.7747549414634705
YPL059W,YNR058W,0,-2.3967466,0.1145273745059967,1.0,0.7748549580574036
YKR044W,YKL038W,0,-2.3967853,0.11451428383588791,1.0,0.7749549746513367
YGR236C,YGL133W,0,-2.3968592,0.11450120061635971,1.0,0.7750549912452698
YBL080C,YDR091C,0,-2.3972464,0.11448811739683151,1.0,0.7751550078392029
YCR042C,YDR148C,0,-2.3974094,0.11447503417730331,1.0,0.775255024433136
YNL200C,YOL136C,0,-2.397796,0.11446195840835571,1.0,0.7753551006317139
YCL034W,YDR458C,0,-2.3983798,0.11444888263940811,1.0,0.775455117225647
YOR240W,YLR191W,0,-2.39844,0.11443581432104111,1.0,0.7755551338195801
YER113C,YDR240C,0,-2.3986049,0.1144227460026741,1.0,0.7756551504135132
YKL170W,YIL013C,0,-2.3986814,0.1144096851348877,1.0,0.7757551670074463
YBL080C,YCL043C,0,-2.3988442,0.11439662426710129,1.0,0.7758551836013794
YGR209C,YOR303W,0,-2.3989305,0.11438356339931488,1.0,0.7759552001953125
YAL055W,YGR087C,0,-2.399521,0.11437050253152847,1.0,0.7760552167892456
YPR194C,YDL088C,0,-2.3995829,0.11435744911432266,1.0,0.7761552333831787
YJR065C,YOL115W,0,-2.3997502,0.11434440314769745,1.0,0.7762552499771118
YJL053W,YJL143W,0,-2.4003458,0.11433135718107224,1.0,0.7763552665710449
YGR271C-A,YML128C,0,-2.4004107,0.11431831121444702,1.0,0.776455283164978
YER055C,YBR182C,0,-2.4008505,0.1143052726984024,1.0,0.7765552997589111
YDL046W,YGR246C,0,-2.401221,0.11429223418235779,1.0,0.7766553163528442
YMR307W,YPL111W,0,-2.4013972,0.11427919566631317,1.0,0.7767553329467773
YPR194C,YAL024C,0,-2.401432,0.11426616460084915,1.0,0.7768553495407104
YPR171W,YNL215W,0,-2.4015436,0.11425313353538513,1.0,0.7769553661346436
YER113C,YLR045C,0,-2.4016056,0.11424010992050171,1.0,0.7770553827285767
YML118W,YIL072W,0,-2.401692,0.11422708630561829,1.0,0.7771554589271545
YDL114W,YGR254W,0,-2.4022517,0.11421406269073486,1.0,0.7772554755210876
YBR293W,YDL018C,0,-2.4025097,0.11420104652643204,1.0,0.7773554921150208
YPR194C,YDR080W,0,-2.4028287,0.11418803781270981,1.0,0.7774555087089539
YBR070C,YLR295C,0,-2.4028344,0.11417502164840698,1.0,0.777555525302887
YOR226C,YKL158W,0,-2.402935,0.11416201293468475,1.0,0.7776555418968201
YJL129C,YOR110W,0,-2.4032571,0.11414901167154312,1.0,0.7777555584907532
YIR024C,YOR077W,0,-2.4033637,0.11413600295782089,1.0,0.7778555750846863
YOR081C,YNL289W,0,-2.403377,0.11412300914525986,1.0,0.7779555916786194
YGL094C,YCR091W,0,-2.4034088,0.11411000788211823,1.0,0.7780556082725525
YPR032W,YGL047W,0,-2.4035683,0.11409701406955719,1.0,0.7781556248664856
YDR407C,YOR090C,0,-2.4036593,0.11408402770757675,1.0,0.7782556414604187
YDL067C,YHR214W,0,-2.4039707,0.11407104134559631,1.0,0.7783556580543518
YER127W,YPR147C,0,-2.4040875,0.11405805498361588,1.0,0.7784556746482849
YBL035C,YKL201C,0,-2.4041827,0.11404506862163544,1.0,0.778555691242218
YMR214W,YLR139C,0,-2.4042063,0.1140320897102356,1.0,0.7786557078361511
YNL065W,YJR153W,0,-2.404239,0.11401911824941635,1.0,0.7787557244300842
YLR185W,YJL159W,0,-2.4047256,0.1140061467885971,1.0,0.7788558006286621
YJR088C,YOR201C,0,-2.4051824,0.11399317532777786,1.0,0.7789558172225952
YOR388C,YBL006C,0,-2.4052238,0.11398020386695862,1.0,0.7790558338165283
YLR352W,YJL198W,0,-2.405472,0.11396723985671997,1.0,0.7791558504104614
YDL114W,YLR158C,0,-2.4056554,0.11395428329706192,1.0,0.7792558670043945
YDL224C,YDR342C,0,-2.4063816,0.11394132673740387,1.0,0.7793558835983276
YIL127C,YGR014W,0,-2.4068673,0.11392837017774582,1.0,0.7794559001922607
YBR002C,YDR438W,0,-2.4068859,0.11391541361808777,1.0,0.7795559167861938
YGL243W,YCR101C,0,-2.4069242,0.11390246450901031,1.0,0.779655933380127
YPL191C,YDR298C,0,-2.4070387,0.11388952285051346,1.0,0.7797559499740601
YDR158W,YNL019C,0,-2.4074588,0.113876573741436,1.0,0.7798559665679932
YDL237W,YBL071W-A,0,-2.4074667,0.11386363953351974,1.0,0.7799559831619263
YPL240C,YPL036W,0,-2.4075122,0.11385069787502289,1.0,0.7800559997558594
YLR409C,YGR100W,0,-2.4076722,0.11383776366710663,1.0,0.7801560163497925
YOR104W,YBR290W,0,-2.4079332,0.11382482945919037,1.0,0.7802560329437256
YDL088C,YOR378W,0,-2.4083166,0.1138119027018547,1.0,0.7803560495376587
YHR004C,YOR009W,0,-2.4083629,0.11379897594451904,1.0,0.7804560661315918
YFL021W,YHR205W,0,-2.408514,0.11378605663776398,1.0,0.7805560827255249
YNL040W,YHR047C,0,-2.408854,0.11377313733100891,1.0,0.7806561589241028
YER110C,YDR100W,0,-2.4096773,0.11376021802425385,1.0,0.7807561755180359
YCR077C,YDR079W,0,-2.4099927,0.11374730616807938,1.0,0.780856192111969
YNL177C,YLR136C,0,-2.4105673,0.11373439431190491,1.0,0.7809562087059021
YLR160C,YNR018W,0,-2.4112797,0.11372148245573044,1.0,0.7810562252998352
YDL021W,YLR154C,0,-2.4123516,0.11370857805013657,1.0,0.7811562418937683
YOR209C,YKR031C,0,-2.4126468,0.1136956736445427,1.0,0.7812562584877014
YLR369W,YGR049W,0,-2.4126735,0.11368277668952942,1.0,0.7813562750816345
YBL054W,YEL069C,0,-2.412941,0.11366987973451614,1.0,0.7814562916755676
YOL082W,YGR246C,0,-2.4130507,0.11365699023008347,1.0,0.7815563082695007
YGR195W,YML040W,0,-2.4131665,0.11364409327507019,1.0,0.7816563248634338
YJR086W,YGR031W,0,-2.4133937,0.11363121122121811,1.0,0.7817563414573669
YJL041W,YIL146C,0,-2.413609,0.11361832171678543,1.0,0.7818563580513
YPL168W,YBR291C,0,-2.4136796,0.11360543966293335,1.0,0.7819563746452332
YIL061C,YBR093C,0,-2.4137166,0.11359256505966187,1.0,0.7820563912391663
YDL027C,YER174C,0,-2.4148955,0.11357969045639038,1.0,0.7821564078330994
YNL159C,YLL038C,0,-2.4150229,0.1135668158531189,1.0,0.7822564244270325
YDR238C,YNL015W,0,-2.415618,0.11355394124984741,1.0,0.7823565006256104
YAL055W,YER069W,0,-2.4157767,0.11354107409715652,1.0,0.7824565172195435
YLR414C,YDR507C,0,-2.416294,0.11352821439504623,1.0,0.7825565338134766
YMR113W,YHL007C,0,-2.416376,0.11351534724235535,1.0,0.7826565504074097
YCR042C,YLR309C,0,-2.4165711,0.11350249499082565,1.0,0.7827565670013428
YLR422W,YDL102W,0,-2.4168167,0.11348963528871536,1.0,0.7828565835952759
YKL212W,YML128C,0,-2.4170208,0.11347678303718567,1.0,0.782956600189209
YOR250C,YDR021W,0,-2.4179533,0.11346393078565598,1.0,0.7830566167831421
YGR234W,YLR337C,0,-2.4180155,0.11345108598470688,1.0,0.7831566333770752
YOR106W,YKR031C,0,-2.418131,0.11343824118375778,1.0,0.7832566499710083
YHR134W,YLL016W,0,-2.4181752,0.11342540383338928,1.0,0.7833566665649414
YGL124C,YDR462W,0,-2.4183083,0.11341256648302078,1.0,0.7834566831588745
YMR041C,YDR172W,0,-2.4194217,0.11339972913265228,1.0,0.7835566997528076
YER023W,YGL259W,0,-2.4194372,0.11338689923286438,1.0,0.7836567163467407
YKL158W,YLR403W,0,-2.4196901,0.11337406933307648,1.0,0.7837567329406738
YBL017C,YEL012W,0,-2.4197166,0.11336123943328857,1.0,0.7838567495346069
YNL312W,YKL201C,0,-2.419734,0.11334841698408127,1.0,0.78395676612854
YGL021W,YDR342C,0,-2.4205084,0.11333559453487396,1.0,0.7840567827224731
YDR056C,YLR053C,0,-2.4206185,0.11332277953624725,1.0,0.784156858921051
YPR071W,YGL009C,0,-2.4207335,0.11330996453762054,1.0,0.7842568755149841
YBL017C,YMR273C,0,-2.4208937,0.11329714953899384,1.0,0.7843568921089172
YIL037C,YER087C-B,0,-2.4209766,0.11328434199094772,1.0,0.7844569087028503
YLR291C,YPR160W,0,-2.4210033,0.11327153444290161,1.0,0.7845569252967834
YIL009W,YNL320W,0,-2.4212408,0.1132587343454361,1.0,0.7846569418907166
YNL010W,YCR073C,0,-2.4214375,0.11324593424797058,1.0,0.7847569584846497
YPL115C,YLR337C,0,-2.4216828,0.11323313415050507,1.0,0.7848569750785828
YMR052W,YIL013C,0,-2.4221106,0.11322034150362015,1.0,0.7849569916725159
YBR179C,YIL048W,0,-2.4223132,0.11320754885673523,1.0,0.785057008266449
YER060W-A,YHR216W,0,-2.4224713,0.11319475620985031,1.0,0.7851570248603821
YKL077W,YKR028W,0,-2.4227698,0.11318197101354599,1.0,0.7852570414543152
YJR073C,YNL298W,0,-2.4231026,0.11316918581724167,1.0,0.7853570580482483
YML058W,YDL069C,0,-2.423314,0.11315640807151794,1.0,0.7854570746421814
YDL201W,YKL150W,0,-2.423328,0.11314363032579422,1.0,0.7855570912361145
YLR309C,YLR390W-A,0,-2.4236734,0.11313086003065109,1.0,0.7856571078300476
YOL067C,YMR278W,0,-2.4239278,0.11311808228492737,1.0,0.7857571244239807
YGR247W,YDR153C,0,-2.4242258,0.11310531944036484,1.0,0.7858572006225586
YCR101C,YPL123C,0,-2.4245095,0.11309254914522171,1.0,0.7859572172164917
YNL095C,YDR435C,0,-2.424561,0.11307978630065918,1.0,0.7860572338104248
YBR253W,YJL020C,0,-2.4250264,0.11306703090667725,1.0,0.7861572504043579
YGR072W,YNL019C,0,-2.4250927,0.11305426806211472,1.0,0.786257266998291
YJL096W,YKR031C,0,-2.4252255,0.11304151266813278,1.0,0.7863572835922241
YHL018W,YLR045C,0,-2.4254444,0.11302876472473145,1.0,0.7864573001861572
YOR144C,YML005W,0,-2.4254766,0.11301601678133011,1.0,0.7865573167800903
YBL064C,YFL009W,0,-2.425506,0.11300326883792877,1.0,0.7866573333740234
YMR315W,YJL105W,0,-2.425793,0.11299052834510803,1.0,0.7867573499679565
YGL070C,YKR053C,0,-2.426055,0.11297778785228729,1.0,0.7868573665618896
YKR029C,YIL095W,0,-2.4262497,0.11296504735946655,1.0,0.7869573831558228
YKR030W,YDL200C,0,-2.4263463,0.11295231431722641,1.0,0.7870573997497559
YDR519W,YOR383C,0,-2.4263802,0.11293958872556686,1.0,0.787157416343689
YLR079W,YOR117W,0,-2.426948,0.11292685568332672,1.0,0.7872574329376221
YGL234W,YIL108W,0,-2.4271297,0.11291413009166718,1.0,0.7873574495315552
YJL044C,YNR019W,0,-2.427265,0.11290141195058823,1.0,0.7874574661254883
YMR096W,YDR091C,0,-2.427293,0.11288868635892868,1.0,0.7875574827194214
YJL172W,YPL220W,0,-2.4274228,0.11287596821784973,1.0,0.7876575589179993
YOR315W,YML130C,0,-2.427465,0.11286325752735138,1.0,0.7877575755119324
YGL015C,YFL017C,0,-2.4276507,0.11285054683685303,1.0,0.7878575921058655
YOR388C,YER008C,0,-2.428058,0.11283783614635468,1.0,0.7879576086997986
YPL117C,YIL146C,0,-2.428115,0.11282513290643692,1.0,0.7880576252937317
YFL026W,YJL116C,0,-2.4281793,0.11281242966651917,1.0,0.7881576418876648
YJR159W,YNL072W,0,-2.4282067,0.11279972642660141,1.0,0.7882576584815979
YER060W-A,YCR059C,0,-2.42824,0.11278703063726425,1.0,0.788357675075531
YJR053W,YGR135W,0,-2.4282417,0.11277434229850769,1.0,0.7884576916694641
YOR156C,YOL149W,0,-2.4286132,0.11276164650917053,1.0,0.7885577082633972
YGR217W,YER013W,0,-2.4286175,0.11274895817041397,1.0,0.7886577248573303
YPL187W,YJR153W,0,-2.4289312,0.112736277282238,1.0,0.7887577414512634
YLR119W,YPL103C,0,-2.4289684,0.11272358894348145,1.0,0.7888577580451965
YKL103C,YCR077C,0,-2.4291,0.11271090805530548,1.0,0.7889577746391296
YJR102C,YDR352W,0,-2.4292185,0.11269823461771011,1.0,0.7890577912330627
YKL064W,YKL219W,0,-2.4292283,0.11268556118011475,1.0,0.7891578078269958
YOL137W,YJR159W,0,-2.429296,0.11267288774251938,1.0,0.789257824420929
YGR243W,YOL115W,0,-2.4296799,0.11266022175550461,1.0,0.7893579006195068
YGL128C,YOR278W,0,-2.4298522,0.11264755576848984,1.0,0.7894579172134399
YDR440W,YJR084W,0,-2.4305818,0.11263488978147507,1.0,0.789557933807373
YMR290C,YOL017W,0,-2.430622,0.1126222312450409,1.0,0.7896579504013062
YBR062C,YDL201W,0,-2.4306653,0.11260957270860672,1.0,0.7897579669952393
YER064C,YJL096W,0,-2.4308445,0.11259692162275314,1.0,0.7898579835891724
YBR288C,YKR031C,0,-2.4310417,0.11258427053689957,1.0,0.7899580001831055
YIR002C,YDR488C,0,-2.4310904,0.11257161945104599,1.0,0.7900580167770386
YAL058W,YHR114W,0,-2.431183,0.11255897581577301,1.0,0.7901580333709717
YML026C,YOR173W,0,-2.4314313,0.11254633218050003,1.0,0.7902580499649048
YGR129W,YBL013W,0,-2.4315307,0.11253369599580765,1.0,0.7903580665588379
YDL130W,YMR164C,0,-2.4317553,0.11252105236053467,1.0,0.790458083152771
YJL173C,YOL041C,0,-2.4318163,0.11250842362642288,1.0,0.7905580997467041
YHR152W,YJL223C,0,-2.4318638,0.1124957874417305,1.0,0.7906581163406372
YGR224W,YLR010C,0,-2.4319425,0.11248315870761871,1.0,0.7907581329345703
YBR156C,YHR114W,0,-2.4321887,0.11247053742408752,1.0,0.7908581495285034
YKL077W,YNL039W,0,-2.4325943,0.11245791614055634,1.0,0.7909581661224365
YPR085C,YNL199C,0,-2.4327674,0.11244529485702515,1.0,0.7910581827163696
YGR155W,YLR423C,0,-2.4329672,0.11243267357349396,1.0,0.7911582589149475
YPR028W,YBR060C,0,-2.4330382,0.11242005974054337,1.0,0.7912582755088806
YIL096C,YLR390W-A,0,-2.4330425,0.11240744590759277,1.0,0.7913582921028137
YEL068C,YOL052C,0,-2.433293,0.11239483952522278,1.0,0.7914583086967468
YHR031C,YLR427W,0,-2.4333928,0.11238223314285278,1.0,0.7915583252906799
YBL058W,YLR139C,0,-2.4337695,0.11236963421106339,1.0,0.791658341884613
YAR033W,YPR105C,0,-2.4338572,0.11235702782869339,1.0,0.7917583584785461
YER075C,YDR014W,0,-2.4338696,0.11234443634748459,1.0,0.7918583750724792
YPL141C,YDR156W,0,-2.433907,0.11233183741569519,1.0,0.7919583916664124
YBL064C,YIL014W,0,-2.434023,0.11231924593448639,1.0,0.7920584082603455
YDR326C,YOR162C,0,-2.4341729,0.11230665445327759,1.0,0.7921584248542786
YGL045W,YJR108W,0,-2.434567,0.11229407042264938,1.0,0.7922584414482117
YGL094C,YHR047C,0,-2.434946,0.11228148639202118,1.0,0.7923584580421448
YOR292C,YEL036C,0,-2.4351184,0.11226890981197357,1.0,0.7924584746360779
YIL048W,YBL084C,0,-2.4354303,0.11225633323192596,1.0,0.792558491230011
YIR015W,YDR352W,0,-2.4356744,0.11224375665187836,1.0,0.7926585078239441
YML065W,YEL006W,0,-2.4362073,0.11223118007183075,1.0,0.7927585244178772
YNL268W,YDL077C,0,-2.4362826,0.11221861094236374,1.0,0.7928586006164551
YMR219W,YLR106C,0,-2.4362955,0.11220604926347733,1.0,0.7929586172103882
YLR045C,YER019W,0,-2.4363053,0.11219348013401031,1.0,0.7930586338043213
YLR056W,YBR108W,0,-2.4364204,0.1121809259057045,1.0,0.7931586503982544
YGR189C,YNL178W,0,-2.4365466,0.11216836422681808,1.0,0.7932586669921875
YPL117C,YPR100W,0,-2.436575,0.11215580999851227,1.0,0.7933586835861206
YIL136W,YCL018W,0,-2.436805,0.11214325577020645,1.0,0.7934587001800537
YJL200C,YLR136C,0,-2.4368544,0.11213070899248123,1.0,0.7935587167739868
YER029C,YDR014W,0,-2.4373841,0.11211816221475601,1.0,0.7936587333679199
YBL093C,YLR045C,0,-2.4376411,0.11210561543703079,1.0,0.793758749961853
YML064C,YJR033C,0,-2.4376473,0.11209307610988617,1.0,0.7938587665557861
YPL141C,YPR147C,0,-2.4379597,0.11208053678274155,1.0,0.7939587831497192
YJR108W,YDR448W,0,-2.438224,0.11206800490617752,1.0,0.7940587997436523
YMR154C,YGR134W,0,-2.4383416,0.1120554655790329,1.0,0.7941588163375854
YLR405W,YGR243W,0,-2.4384956,0.11204294115304947,1.0,0.7942588329315186
YFR002W,YJL221C,0,-2.4387085,0.11203040927648544,1.0,0.7943588495254517
YDR405W,YPR113W,0,-2.4389277,0.11201788485050201,1.0,0.7944588661193848
YJR125C,YNL314W,0,-2.4394884,0.11200536787509918,1.0,0.7945588827133179
YOR172W,YOR176W,0,-2.4395428,0.11199284344911575,1.0,0.7946589589118958
YKL125W,YLR240W,0,-2.439923,0.11198033392429352,1.0,0.7947589755058289
YFR041C,YHR074W,0,-2.4403486,0.11196781694889069,1.0,0.794858992099762
YOL097C,YBR240C,0,-2.440412,0.11195530742406845,1.0,0.7949590086936951
YLR360W,YBL054W,0,-2.4404383,0.11194279789924622,1.0,0.7950590252876282
YGR155W,YOR173W,0,-2.4405031,0.11193029582500458,1.0,0.7951590418815613
YPR093C,YJL041W,0,-2.4405146,0.11191779375076294,1.0,0.7952590584754944
YNL177C,YLR427W,0,-2.4406624,0.1119052916765213,1.0,0.7953590750694275
YGL124C,YGR068C,0,-2.4407845,0.11189279705286026,1.0,0.7954590916633606
YDR018C,YDL088C,0,-2.4408262,0.11188030242919922,1.0,0.7955591082572937
YCR072C,YPL168W,0,-2.4408872,0.11186781525611877,1.0,0.7956591248512268
YIL068C,YOL084W,0,-2.441132,0.11185532808303833,1.0,0.7957591414451599
YHR057C,YOR378W,0,-2.4413364,0.11184284090995789,1.0,0.795859158039093
YHR004C,YBR142W,0,-2.4417324,0.11183035373687744,1.0,0.7959591746330261
YOL084W,YML005W,0,-2.441824,0.1118178740143776,1.0,0.7960591912269592
YPL181W,YIL169C,0,-2.441828,0.11180540174245834,1.0,0.7961592078208923
YNL082W,YGR100W,0,-2.4419992,0.11179292947053909,1.0,0.7962592244148254
YML037C,YLR160C,0,-2.442031,0.11178045719861984,1.0,0.7963593006134033
YLR272C,YKL043W,0,-2.4423048,0.11176798492670059,1.0,0.7964593172073364
YGL255W,YML129C,0,-2.4425604,0.11175552010536194,1.0,0.7965593338012695
YBR021W,YOR117W,0,-2.4426255,0.11174305528402328,1.0,0.7966593503952026
YPR171W,YCR075C,0,-2.4429967,0.11173059791326523,1.0,0.7967593669891357
YBR062C,YGL135W,0,-2.4430926,0.11171814054250717,1.0,0.7968593835830688
YHL044W,YDR141C,0,-2.443317,0.11170568317174911,1.0,0.796959400177002
YER050C,YMR042W,0,-2.4433985,0.11169323325157166,1.0,0.7970594167709351
YER071C,YPL192C,0,-2.4434547,0.1116807833313942,1.0,0.7971594333648682
YNL048W,YDR125C,0,-2.4438856,0.11166834086179733,1.0,0.7972594499588013
YOR064C,YBL005W-B,0,-2.4439135,0.11165589839220047,1.0,0.7973594665527344
YIR035C,YDR258C,0,-2.444504,0.11164345592260361,1.0,0.7974594831466675
YMR098C,YLR116W,0,-2.4445143,0.11163101345300674,1.0,0.7975594997406006
YGL013C,YFL057C,0,-2.444618,0.11161857843399048,1.0,0.7976595163345337
YMR036C,YPL103C,0,-2.4447353,0.11160615086555481,1.0,0.7977595329284668
YGR053C,YML037C,0,-2.4447532,0.11159371584653854,1.0,0.7978595495223999
YLR414C,YGL094C,0,-2.445077,0.11158128827810287,1.0,0.797959566116333
YLL010C,YLR078C,0,-2.4451132,0.1115688681602478,1.0,0.7980595827102661
YPL239W,YIL162W,0,-2.445699,0.11155644804239273,1.0,0.798159658908844
YKL201C,YDR049W,0,-2.4457579,0.11154402792453766,1.0,0.7982596755027771
YDL065C,YJL141C,0,-2.4459832,0.11153161525726318,1.0,0.7983596920967102
YLL004W,YMR278W,0,-2.4464197,0.11151919513940811,1.0,0.7984597086906433
YNL233W,YHR117W,0,-2.4469001,0.11150678992271423,1.0,0.7985597252845764
YLR422W,YOR145C,0,-2.4472594,0.11149437725543976,1.0,0.7986597418785095
YCR077C,YGL006W,0,-2.4474006,0.11148197948932648,1.0,0.7987597584724426
YLR096W,YGR026W,0,-2.4475513,0.1114695742726326,1.0,0.7988597750663757
YJR024C,YKL201C,0,-2.4478445,0.11145717650651932,1.0,0.7989597916603088
YGL161C,YLL016W,0,-2.4478924,0.11144477874040604,1.0,0.7990598082542419
YGL065C,YIL048W,0,-2.448079,0.11143238097429276,1.0,0.799159824848175
YMR131C,YOR125C,0,-2.4482622,0.11141999065876007,1.0,0.7992598414421082
YNL161W,YER062C,0,-2.4483638,0.11140760779380798,1.0,0.7993598580360413
YLR352W,YCL029C,0,-2.4487257,0.1113952174782753,1.0,0.7994598746299744
YLR371W,YHL023C,0,-2.448834,0.11138283461332321,1.0,0.7995598912239075
YPL023C,YGR217W,0,-2.4490633,0.11137045919895172,1.0,0.7996599078178406
YDR437W,YHR037W,0,-2.4492683,0.11135807633399963,1.0,0.7997599244117737
YHR152W,YGR134W,0,-2.4495091,0.11134570837020874,1.0,0.7998600006103516
YNL249C,YLR337C,0,-2.4501944,0.11133333295583725,1.0,0.7999600172042847
YIR041W,YPR147C,0,-2.4504797,0.11132096499204636,1.0,0.8000600337982178
YLR423C,YNL218W,0,-2.4506085,0.11130859702825546,1.0,0.8001600503921509
YNL182C,YBR200W,0,-2.4511182,0.11129623651504517,1.0,0.800260066986084
YML040W,YEL016C,0,-2.4511206,0.11128387600183487,1.0,0.8003600835800171
YOR383C,YBR087W,0,-2.451345,0.11127151548862457,1.0,0.8004601001739502
YGL252C,YPL147W,0,-2.4516628,0.11125916242599487,1.0,0.8005601167678833
YDR140W,YEL069C,0,-2.4517488,0.11124680936336517,1.0,0.8006601333618164
YNL262W,YDR363W-A,0,-2.452705,0.11123445630073547,1.0,0.8007601499557495
YOR388C,YAL013W,0,-2.4527764,0.11122211068868637,1.0,0.8008601665496826
YER174C,YFL043C,0,-2.45324,0.11120976507663727,1.0,0.8009601831436157
YPL181W,YNL323W,0,-2.4532676,0.11119742691516876,1.0,0.8010601997375488
YML062C,YIL124W,0,-2.4534435,0.11118508875370026,1.0,0.8011602163314819
YIL037C,YBR298C,0,-2.4535697,0.11117275059223175,1.0,0.801260232925415
YDL018C,YGL045W,0,-2.4536998,0.11116041988134384,1.0,0.8013602495193481
YIL121W,YJL138C,0,-2.453979,0.11114808917045593,1.0,0.8014602661132812
YGR279C,YGL259W,0,-2.4540281,0.11113575845956802,1.0,0.8015602827072144
YBR242W,YDR099W,0,-2.4542074,0.11112343519926071,1.0,0.8016603589057922
YOR009W,YJL105W,0,-2.4543674,0.1111111119389534,1.0,0.8017603754997253
YOL082W,YPL041C,0,-2.4546947,0.11109878867864609,1.0,0.8018603920936584
YBR182C,YKL150W,0,-2.4548998,0.11108647286891937,1.0,0.8019604086875916
YER039C,YPL132W,0,-2.4552324,0.11107415705919266,1.0,0.8020604252815247
YER035W,YLR288C,0,-2.4553733,0.11106184870004654,1.0,0.8021604418754578
YDL021W,YHL023C,0,-2.455462,0.11104954034090042,1.0,0.8022604584693909
YOL115W,YDR014W,0,-2.455548,0.1110372319817543,1.0,0.802360475063324
YGL243W,YJL154C,0,-2.4557605,0.11102493107318878,1.0,0.8024604916572571
YNL072W,YER069W,0,-2.4558148,0.11101263016462326,1.0,0.8025605082511902
YKL103C,YPL023C,0,-2.4559233,0.11100032925605774,1.0,0.8026605248451233
YKR028W,YNL328C,0,-2.4563973,0.11098803579807281,1.0,0.8027605414390564
YPL189W,YDR033W,0,-2.4565418,0.11097574234008789,1.0,0.8028605580329895
YER039C,YBR168W,0,-2.4569407,0.11096345633268356,1.0,0.8029605746269226
YER071C,YPL239W,0,-2.456945,0.11095117032527924,1.0,0.8030605912208557
YDR342C,YGL108C,0,-2.4573207,0.11093888431787491,1.0,0.8031606078147888
YHR124W,YMR273C,0,-2.4575505,0.11092660576105118,1.0,0.8032606244087219
YGR155W,YLL016W,0,-2.457604,0.11091432720422745,1.0,0.8033607006072998
YDR134C,YGR246C,0,-2.4581313,0.11090204864740372,1.0,0.8034607172012329
YIL037C,YOR254C,0,-2.4583623,0.11088977754116058,1.0,0.803560733795166
YHR037W,YJL085W,0,-2.458467,0.11087750643491745,1.0,0.8036607503890991
YIL004C,YDR085C,0,-2.4585392,0.11086523532867432,1.0,0.8037607669830322
YPL099C,YDL127W,0,-2.4589648,0.11085297167301178,1.0,0.8038607835769653
YPR028W,YLR215C,0,-2.4589977,0.11084070801734924,1.0,0.8039608001708984
YPL253C,YGR067C,0,-2.4590075,0.1108284518122673,1.0,0.8040608167648315
YPR005C,YGR262C,0,-2.4590206,0.11081618815660477,1.0,0.8041608333587646
YGL172W,YJL092W,0,-2.4592443,0.11080393940210342,1.0,0.8042608499526978
YML037C,YNL098C,0,-2.459336,0.11079168319702148,1.0,0.8043608665466309
YMR258C,YIL004C,0,-2.4594793,0.11077943444252014,1.0,0.804460883140564
YDR468C,YKR053C,0,-2.4595804,0.1107671931385994,1.0,0.8045608997344971
YJL111W,YAL017W,0,-2.4597995,0.11075494438409805,1.0,0.8046609163284302
YGR053C,YEL006W,0,-2.459806,0.11074270308017731,1.0,0.8047609329223633
YMR052W,YML102W,0,-2.4603386,0.11073046922683716,1.0,0.8048609495162964
YFL021W,YLR443W,0,-2.46066,0.11071823537349701,1.0,0.8049609661102295
YJL187C,YPL041C,0,-2.4607868,0.11070600152015686,1.0,0.8050609827041626
YOR017W,YOR275C,0,-2.4609447,0.11069376766681671,1.0,0.8051610589027405
YOR087W,YFL044C,0,-2.4612675,0.11068154126405716,1.0,0.8052610754966736
YPL141C,YOL047C,0,-2.4613242,0.11066931486129761,1.0,0.8053610920906067
YDR490C,YKL201C,0,-2.4615655,0.11065709590911865,1.0,0.8054611086845398
YOL004W,YJL221C,0,-2.4617348,0.1106448769569397,1.0,0.8055611252784729
YPL280W,YBL039C,0,-2.461751,0.11063265800476074,1.0,0.805661141872406
YGR102C,YIR026C,0,-2.4620721,0.11062044650316238,1.0,0.8057611584663391
YDR334W,YHR157W,0,-2.4622583,0.11060823500156403,1.0,0.8058611750602722
YHR147C,YPR186C,0,-2.462366,0.11059602349996567,1.0,0.8059611916542053
YJR065C,YKR031C,0,-2.4627395,0.1105838194489479,1.0,0.8060612082481384
YCR007C,YER170W,0,-2.462948,0.11057161539793015,1.0,0.8061612248420715
YOR198C,YHR140W,0,-2.463021,0.11055941879749298,1.0,0.8062612414360046
YJL090C,YAL014C,0,-2.4633875,0.11054722219705582,1.0,0.8063612580299377
YNL262W,YBL084C,0,-2.4637642,0.11053502559661865,1.0,0.8064612746238708
YPR160W,YGL065C,0,-2.4637804,0.11052282899618149,1.0,0.806561291217804
YAL005C,YHL016C,0,-2.4638171,0.11051063984632492,1.0,0.8066613078117371
YLR303W,YLR023C,0,-2.4643955,0.11049845814704895,1.0,0.8067613244056702
YLR352W,YNR027W,0,-2.4648304,0.11048626899719238,1.0,0.806861400604248
YIL126W,YOR125C,0,-2.464856,0.11047408729791641,1.0,0.8069614171981812
YPR187W,YLR371W,0,-2.4648776,0.11046191304922104,1.0,0.8070614337921143
YLR297W,YKL155C,0,-2.4649274,0.11044973880052567,1.0,0.8071614503860474
YDR248C,YER174C,0,-2.4651074,0.11043756455183029,1.0,0.8072614669799805
YHR057C,YBL013W,0,-2.4652834,0.11042539030313492,1.0,0.8073614835739136
YGL243W,YGL162W,0,-2.4655175,0.11041322350502014,1.0,0.8074615001678467
YML009C,YGL162W,0,-2.4656634,0.11040105670690536,1.0,0.8075615167617798
YGL124C,YMR013C,0,-2.4658763,0.11038889735937119,1.0,0.8076615333557129
YBR114W,YLR215C,0,-2.4660475,0.110376738011837,1.0,0.807761549949646
YCR097WB,YOR293W,0,-2.4660585,0.11036457866430283,1.0,0.8078615665435791
YHR129C,YDR507C,0,-2.4663188,0.11035241931676865,1.0,0.8079615831375122
YIL148W,YLR423C,0,-2.4673667,0.11034026741981506,1.0,0.8080615997314453
YLR091W,YIL146C,0,-2.4676855,0.11032812297344208,1.0,0.8081616163253784
YEL055C,YNL243W,0,-2.467699,0.11031597852706909,1.0,0.8082616329193115
YML016C,YJL173C,0,-2.4679823,0.1103038340806961,1.0,0.8083616495132446
YBR074W,YDR438W,0,-2.4679925,0.11029168963432312,1.0,0.8084616661071777
YDR435C,YNL314W,0,-2.4680033,0.11027955263853073,1.0,0.8085616827011108
YGR197C,YEL019C,0,-2.4680085,0.11026741564273834,1.0,0.8086617588996887
YJL061W,YKL085W,0,-2.4681582,0.11025527864694595,1.0,0.8087617754936218
YPR016C,YJR153W,0,-2.4683454,0.11024314910173416,1.0,0.8088617920875549
YLR191W,YAL007C,0,-2.4686198,0.11023101955652237,1.0,0.808961808681488
YOL055C,YNL227C,0,-2.4687495,0.11021889746189117,1.0,0.8090618252754211
YDR056C,YJR097W,0,-2.4687705,0.11020677536725998,1.0,0.8091618418693542
YIL073C,YDR216W,0,-2.4687777,0.11019465327262878,1.0,0.8092618584632874
YGR224W,YGL030W,0,-2.469244,0.11018253862857819,1.0,0.8093618750572205
YHR171W,YLR078C,0,-2.4693604,0.11017042398452759,1.0,0.8094618916511536
YJR119C,YKR028W,0,-2.4695835,0.11015830934047699,1.0,0.8095619082450867
YPR113W,YCR079W,0,-2.469695,0.11014620214700699,1.0,0.8096619248390198
YML133C,YNL015W,0,-2.4701147,0.11013409495353699,1.0,0.8097619414329529
YPL192C,YER164W,0,-2.470562,0.11012198776006699,1.0,0.809861958026886
YLR004C,YPR037C,0,-2.4706197,0.11010988801717758,1.0,0.8099619746208191
YNL019C,YNL299W,0,-2.4711027,0.11009778827428818,1.0,0.8100619912147522
YKL046C,YMR031C,0,-2.4713655,0.11008569598197937,1.0,0.8101620078086853
YBL021C,YHL020C,0,-2.471495,0.11007360368967056,1.0,0.8102620244026184
YKR036C,YOR321W,0,-2.4718795,0.11006151139736176,1.0,0.8103621006011963
YPL189W,YJL114W,0,-2.4722176,0.11004942655563354,1.0,0.8104621171951294
YOL116W,YDR062W,0,-2.4723372,0.11003734171390533,1.0,0.8105621337890625
YJL087C,YDR507C,0,-2.4728787,0.11002525687217712,1.0,0.8106621503829956
YJR102C,YLR204W,0,-2.473022,0.11001317203044891,1.0,0.8107621669769287
YMR099C,YPL058C,0,-2.4731379,0.1100010946393013,1.0,0.8108621835708618
YLR260W,YPL202C,0,-2.4731517,0.10998902469873428,1.0,0.8109622001647949
YJL108C,YOR049C,0,-2.4732652,0.10997694730758667,1.0,0.811062216758728
YGL135W,YDL200C,0,-2.4735942,0.10996488481760025,1.0,0.8111622333526611
YML009C,YPL058C,0,-2.4744506,0.10995281487703323,1.0,0.8112622499465942
YAL023C,YLR288C,0,-2.4746969,0.10994075238704681,1.0,0.8113622665405273
YKL185W,YPR037C,0,-2.4747877,0.1099286898970604,1.0,0.8114622831344604
YPR028W,YDR009W,0,-2.4750829,0.10991662740707397,1.0,0.8115622997283936
YIL112W,YER096W,0,-2.4751391,0.10990457236766815,1.0,0.8116623163223267
YPR134W,YIR008C,0,-2.4752374,0.10989251732826233,1.0,0.8117623329162598
YGL229C,YOR077W,0,-2.4754462,0.1098804697394371,1.0,0.8118623495101929
YOL012C,YOR388C,0,-2.4754949,0.10986842215061188,1.0,0.811962366104126
YGL089C,YDR339C,0,-2.4756842,0.10985637456178665,1.0,0.8120623826980591
YHR191C,YPR186C,0,-2.475872,0.10984433442354202,1.0,0.812162458896637
YOR209C,YDR085C,0,-2.4759564,0.1098322942852974,1.0,0.8122624754905701
YER146W,YHR124W,0,-2.47605,0.10982025414705276,1.0,0.8123624920845032
YPR194C,YOR307C,0,-2.4771347,0.10980822145938873,1.0,0.8124625086784363
YGR024C,YLR369W,0,-2.4771767,0.1097961887717247,1.0,0.8125625252723694
YCR091W,YDR091C,0,-2.4772854,0.10978415608406067,1.0,0.8126625418663025
YKL127W,YCR021C,0,-2.477589,0.10977213084697723,1.0,0.8127625584602356
YOL111C,YKL020C,0,-2.4778662,0.1097601056098938,1.0,0.8128625750541687
YKL064W,YKL028W,0,-2.478073,0.10974808037281036,1.0,0.8129625916481018
YGL172W,YMR036C,0,-2.4781995,0.10973606258630753,1.0,0.8130626082420349
YGL027C,YKL146W,0,-2.4784002,0.10972404479980469,1.0,0.813162624835968
YDL240W,YKL007W,0,-2.4785943,0.10971203446388245,1.0,0.8132626414299011
YML009C,YIL139C,0,-2.4788158,0.1097000241279602,1.0,0.8133626580238342
YPL117C,YPL206C,0,-2.4789543,0.10968801379203796,1.0,0.8134626746177673
YJR159W,YDR438W,0,-2.480469,0.10967600345611572,1.0,0.8135626912117004
YPL249C,YGR227W,0,-2.4812994,0.10966400057077408,1.0,0.8136627078056335
YIL072W,YCR079W,0,-2.4816718,0.10965200513601303,1.0,0.8137627243995667
YDR200C,YKR028W,0,-2.4823053,0.10964000225067139,1.0,0.8138628005981445
YMR051C,YKL201C,0,-2.4823356,0.10962800681591034,1.0,0.8139628171920776
YDL056W,YHR061C,0,-2.4823446,0.10961601883172989,1.0,0.8140628337860107
YHR057C,YAL013W,0,-2.482404,0.10960402339696884,1.0,0.8141628503799438
YOR009W,YPL086C,0,-2.482573,0.10959203541278839,1.0,0.814262866973877
YER057C,YJR054W,0,-2.4827828,0.10958005487918854,1.0,0.8143628835678101
YIL038C,YGL084C,0,-2.4828715,0.10956806689500809,1.0,0.8144629001617432
YOR162C,YCR075C,0,-2.4828904,0.10955609381198883,1.0,0.8145629167556763
YGR099W,YNL218W,0,-2.4830482,0.10954411327838898,1.0,0.8146629333496094
YOR156C,YPL031C,0,-2.483082,0.10953214019536972,1.0,0.8147629499435425
YGR101W,YBR239C,0,-2.4832087,0.10952016711235046,1.0,0.8148629665374756
YIL073C,YMR052W,0,-2.4833744,0.10950819402933121,1.0,0.8149629831314087
YMR322C,YPL240C,0,-2.483455,0.10949622839689255,1.0,0.8150629997253418
YDR033W,YOL001W,0,-2.4849162,0.10948426276445389,1.0,0.8151630163192749
YER146W,YJL223C,0,-2.4849663,0.10947230458259583,1.0,0.815263032913208
YPL239W,YNL183C,0,-2.4853387,0.10946034640073776,1.0,0.8153630495071411
YDL127W,YDR356W,0,-2.4857793,0.1094483882188797,1.0,0.8154630661010742
YGL013C,YDL015C,0,-2.487605,0.10943643748760223,1.0,0.8155631422996521
YJL173C,YBL054W,0,-2.487636,0.10942448675632477,1.0,0.8156631588935852
YOL115W,YKL007W,0,-2.48764,0.1094125360250473,1.0,0.8157631754875183
YKR099W,YGL047W,0,-2.4877706,0.10940059274435043,1.0,0.8158631920814514
YLR066W,YJR159W,0,-2.48804,0.10938864946365356,1.0,0.8159632086753845
YHR014W,YKL155C,0,-2.4881566,0.1093767061829567,1.0,0.8160632252693176
YCL044C,YOR233W,0,-2.4883294,0.10936477035284042,1.0,0.8161632418632507
YHR026W,YDR085C,0,-2.4883814,0.10935283452272415,1.0,0.8162632584571838
YMR306W,YJR077C,0,-2.4883902,0.10934089869260788,1.0,0.8163632750511169
YOR193W,YLR103C,0,-2.4885752,0.1093289703130722,1.0,0.81646329164505
YOR113W,YML086C,0,-2.4888055,0.10931704193353653,1.0,0.8165633082389832
YNL194C,YFL048C,0,-2.4896026,0.10930511355400085,1.0,0.8166633248329163
YHR057C,YJR033C,0,-2.4897757,0.10929319262504578,1.0,0.8167633414268494
YLR096W,YLR360W,0,-2.4898608,0.1092812716960907,1.0,0.8168633580207825
YPL202C,YNL159C,0,-2.4901814,0.10926935821771622,1.0,0.8169633746147156
YNL010W,YBR290W,0,-2.4902184,0.10925744473934174,1.0,0.8170633912086487
YHR157W,YOL078W,0,-2.490396,0.10924553126096725,1.0,0.8171634078025818
YKL087C,YBL005W-B,0,-2.49064,0.10923361778259277,1.0,0.8172634243965149
YOR315W,YGR197C,0,-2.4906754,0.10922171175479889,1.0,0.8173635005950928
YOL003C,YHR134W,0,-2.4910011,0.109209805727005,1.0,0.8174635171890259
YML102W,YPL240C,0,-2.4911942,0.10919790714979172,1.0,0.817563533782959
YDR240C,YJR127C,0,-2.4915593,0.10918600857257843,1.0,0.8176635503768921
YLR053C,YPL213W,0,-2.4917407,0.10917410999536514,1.0,0.8177635669708252
YJR159W,YML065W,0,-2.4921002,0.10916221886873245,1.0,0.8178635835647583
YNL200C,YHR154W,0,-2.492807,0.10915032774209976,1.0,0.8179636001586914
YJR103W,YGR129W,0,-2.4930336,0.10913843661546707,1.0,0.8180636167526245
YEL046C,YOR275C,0,-2.4933925,0.10912655293941498,1.0,0.8181636333465576
YLR239C,YLR084C,0,-2.4935684,0.10911466926336288,1.0,0.8182636499404907
YNL206C,YDR468C,0,-2.4936564,0.10910278558731079,1.0,0.8183636665344238
YKL085W,YGR091W,0,-2.4938715,0.1090909093618393,1.0,0.8184636831283569
YLR353W,YDR125C,0,-2.4948869,0.1090790331363678,1.0,0.81856369972229
YER029C,YDL127W,0,-2.4950137,0.1090671569108963,1.0,0.8186637163162231
YOL003C,YGL013C,0,-2.4950192,0.1090552881360054,1.0,0.8187637329101562
YML058W-A,YHR027C,0,-2.495039,0.1090434193611145,1.0,0.8188637495040894
YBR136W,YAL007C,0,-2.4955654,0.1090315580368042,1.0,0.8189637660980225
YLR157C,YNL039W,0,-2.4955916,0.1090196967124939,1.0,0.8190638422966003
YLR309C,YMR110C,0,-2.4956126,0.1090078353881836,1.0,0.8191638588905334
YOR176W,YBR255W,0,-2.4957306,0.10899597406387329,1.0,0.8192638754844666
YFR042W,YGR217W,0,-2.495761,0.10898412019014359,1.0,0.8193638920783997
YPL253C,YNL145W,0,-2.4960465,0.10897226631641388,1.0,0.8194639086723328
YER039C,YGL141W,0,-2.4964356,0.10896041989326477,1.0,0.8195639252662659
YGL086W,YMR114C,0,-2.4970782,0.10894857347011566,1.0,0.819663941860199
YJL200C,YGL006W,0,-2.4971762,0.10893672704696655,1.0,0.8197639584541321
YHR066W,YOL055C,0,-2.497426,0.10892488062381744,1.0,0.8198639750480652
YGL086W,YNL183C,0,-2.4974265,0.10891304165124893,1.0,0.8199639916419983
YNL233W,YBR135W,0,-2.4976954,0.10890120267868042,1.0,0.8200640082359314
YLR239C,YBR136W,0,-2.4982162,0.1088893711566925,1.0,0.8201640248298645
YIL061C,YFL026W,0,-2.498273,0.10887753963470459,1.0,0.8202640414237976
YOR057W,YOR032C,0,-2.4986427,0.10886570811271667,1.0,0.8203640580177307
YNL082W,YJL124C,0,-2.4988308,0.10885388404130936,1.0,0.8204640746116638
YOR214C,YDR504C,0,-2.4988885,0.10884205996990204,1.0,0.8205640912055969
YCR057C,YPR055W,0,-2.4993038,0.10883023589849472,1.0,0.82066410779953
YBR241C,YNL027W,0,-2.4993136,0.108818419277668,1.0,0.8207641243934631
YIL136W,YGR246C,0,-2.49959,0.10880660265684128,1.0,0.820864200592041
YPL189W,YNL260C,0,-2.4997811,0.10879478603601456,1.0,0.8209642171859741
YIL099W,YNL192W,0,-2.4998136,0.10878297686576843,1.0,0.8210642337799072
YDR298C,YOR009W,0,-2.4998884,0.10877116769552231,1.0,0.8211642503738403
YLR457C,YOR009W,0,-2.5001142,0.10875935852527618,1.0,0.8212642669677734
YHR143W,YPL249C,0,-2.5008557,0.10874755680561066,1.0,0.8213642835617065
YPR095C,YER023W,0,-2.501051,0.10873575508594513,1.0,0.8214643001556396
YBR062C,YBL042C,0,-2.50112,0.1087239608168602,1.0,0.8215643167495728
YER096W,YHL016C,0,-2.5012527,0.10871215909719467,1.0,0.8216643333435059
YOR106W,YDR488C,0,-2.5016556,0.10870037227869034,1.0,0.821764349937439
YLR090W,YCR094W,0,-2.5018654,0.10868857800960541,1.0,0.8218643665313721
YER050C,YHR096C,0,-2.5019126,0.10867679119110107,1.0,0.8219643831253052
YHR066W,YKL158W,0,-2.5022237,0.10866500437259674,1.0,0.8220643997192383
YCL060C,YJL221C,0,-2.5022721,0.10865321755409241,1.0,0.8221644163131714
YDL084W,YGL184C,0,-2.5022733,0.10864143818616867,1.0,0.8222644329071045
YHL044W,YGR087C,0,-2.5025363,0.10862965881824493,1.0,0.8223644495010376
YMR020W,YBL093C,0,-2.5026565,0.1086178869009018,1.0,0.8224644660949707
YNL323W,YGR007W,0,-2.503024,0.10860611498355865,1.0,0.8225645422935486
YOR113W,YER096W,0,-2.5030465,0.10859434306621552,1.0,0.8226645588874817
YGL172W,YLR457C,0,-2.5030603,0.10858257114887238,1.0,0.8227645754814148
YGR091W,YJL221C,0,-2.5036185,0.10857080668210983,1.0,0.8228645920753479
YDR195W,YBR298C,0,-2.5036788,0.10855904966592789,1.0,0.822964608669281
YMR169C,YNL041C,0,-2.5038471,0.10854728519916534,1.0,0.8230646252632141
YBR128C,YLR116W,0,-2.5039277,0.1085355281829834,1.0,0.8231646418571472
YFR006W,YPL147W,0,-2.5040689,0.10852377116680145,1.0,0.8232646584510803
YPR100W,YNL320W,0,-2.5043154,0.1085120216012001,1.0,0.8233646750450134
YGL259W,YHR027C,0,-2.5045457,0.10850027203559875,1.0,0.8234646916389465
YOL052C-A,YDR039C,0,-2.5047293,0.1084885224699974,1.0,0.8235647082328796
YPL112C,YHR110W,0,-2.5048487,0.10847678035497665,1.0,0.8236647248268127
YML118W,YER064C,0,-2.5051398,0.1084650382399559,1.0,0.8237647414207458
YLR004C,YLR268W,0,-2.505168,0.10845329612493515,1.0,0.823864758014679
YHL013C,YEL070W,0,-2.5052905,0.108441561460495,1.0,0.8239647746086121
YOR129C,YOL054W,0,-2.5054417,0.10842982679605484,1.0,0.8240647912025452
YPL174C,YJL020C,0,-2.5054796,0.10841809213161469,1.0,0.8241648077964783
YGR100W,YBR288C,0,-2.5055423,0.10840636491775513,1.0,0.8242648243904114
YPL141C,YLR309C,0,-2.505941,0.10839463770389557,1.0,0.8243649005889893
YDR419W,YDR334W,0,-2.5060735,0.10838291049003601,1.0,0.8244649171829224
YER050C,YOL047C,0,-2.5062807,0.10837119072675705,1.0,0.8245649337768555
YDR376W,YIL121W,0,-2.506578,0.10835947096347809,1.0,0.8246649503707886
YDR512C,YLR018C,0,-2.5068932,0.10834775120019913,1.0,0.8247649669647217
YMR270C,YMR031C,0,-2.5070267,0.10833603888750076,1.0,0.8248649835586548
YIL018W,YLL016W,0,-2.5071397,0.1083243265748024,1.0,0.8249650001525879
YMR123W,YDR014W,0,-2.5072894,0.10831261426210403,1.0,0.825065016746521
YMR169C,YIL004C,0,-2.507651,0.10830090939998627,1.0,0.8251650333404541
YGR004W,YDR298C,0,-2.5078812,0.1082892045378685,1.0,0.8252650499343872
YFR006W,YOR190W,0,-2.5079062,0.10827749967575073,1.0,0.8253650665283203
YML016C,YER096W,0,-2.5084665,0.10826580226421356,1.0,0.8254650831222534
YOR090C,YOL017W,0,-2.5086913,0.10825410485267639,1.0,0.8255650997161865
YBR054W,YJR054W,0,-2.5088744,0.10824240744113922,1.0,0.8256651163101196
YMR219W,YOR046C,0,-2.5089045,0.10823071748018265,1.0,0.8257651329040527
YPL023C,YHR027C,0,-2.508916,0.10821902751922607,1.0,0.8258651494979858
YPR033C,YMR036C,0,-2.5089278,0.1082073450088501,1.0,0.825965166091919
YLR422W,YOR243C,0,-2.5090072,0.10819566249847412,1.0,0.8260652422904968
YKL034W,YMR113W,0,-2.509196,0.10818397998809814,1.0,0.8261652588844299
YHR147C,YML058W-A,0,-2.5095441,0.10817229747772217,1.0,0.826265275478363
YLR229C,YIL162W,0,-2.5099998,0.10816062241792679,1.0,0.8263652920722961
YER173W,YFR029W,0,-2.510117,0.10814894735813141,1.0,0.8264653086662292
YLR219W,YER075C,0,-2.510582,0.10813727974891663,1.0,0.8265653252601624
YGL141W,YDL077C,0,-2.5106013,0.10812560468912125,1.0,0.8266653418540955
YGR224W,YJL041W,0,-2.5110545,0.10811393707990646,1.0,0.8267653584480286
YHR178W,YHR047C,0,-2.511232,0.10810227692127228,1.0,0.8268653750419617
YJR033C,YKR081C,0,-2.511375,0.10809061676263809,1.0,0.8269653916358948
YLR297W,YNL201C,0,-2.5118659,0.1080789566040039,1.0,0.8270654082298279
YIL073C,YBR136W,0,-2.5119638,0.10806729644536972,1.0,0.827165424823761
YPR160W,YNR018W,0,-2.5122132,0.10805564373731613,1.0,0.8272654414176941
YDR326C,YDL185W,0,-2.512635,0.10804399102926254,1.0,0.8273654580116272
YLL018C-A,YLR010C,0,-2.5129347,0.10803234577178955,1.0,0.8274654746055603
YMR154C,YDL127W,0,-2.5129628,0.10802070051431656,1.0,0.8275654911994934
YOR027W,YJL198W,0,-2.5130978,0.10800905525684357,1.0,0.8276655077934265
YJL092W,YGR099W,0,-2.5137687,0.10799740999937057,1.0,0.8277655243873596
YBR061C,YHR132W-A,0,-2.514029,0.10798577219247818,1.0,0.8278656005859375
YLR414C,YDL130W,0,-2.514931,0.10797413438558578,1.0,0.8279656171798706
YPL192C,YJR073C,0,-2.5154772,0.10796250402927399,1.0,0.8280656337738037
YHR096C,YGL184C,0,-2.5155008,0.10795087367296219,1.0,0.8281656503677368
YOR106W,YJR035W,0,-2.5155945,0.10793924331665039,1.0,0.8282656669616699
YPL181W,YFL051C,0,-2.51617,0.10792762041091919,1.0,0.828365683555603
YNL095C,YCL018W,0,-2.5161734,0.10791599005460739,1.0,0.8284657001495361
YJL113W,YBR182C,0,-2.516304,0.10790437459945679,1.0,0.8285657167434692
YMR119W,YDR017C,0,-2.5163321,0.10789275169372559,1.0,0.8286657333374023
YPL013C,YKL127W,0,-2.516359,0.10788113623857498,1.0,0.8287657499313354
YPL275W,YDL069C,0,-2.516769,0.10786952078342438,1.0,0.8288657665252686
YDL046W,YLL022C,0,-2.5170321,0.10785791277885437,1.0,0.8289657831192017
YPL117C,YJR073C,0,-2.5171127,0.10784630477428436,1.0,0.8290657997131348
YDR009W,YER064C,0,-2.5174067,0.10783469676971436,1.0,0.8291658163070679
YOR150W,YGL089C,0,-2.5181105,0.10782309621572495,1.0,0.829265832901001
YMR316W,YER165W,0,-2.5190907,0.10781148821115494,1.0,0.8293658494949341
YHR152W,YOR275C,0,-2.5193183,0.10779989510774612,1.0,0.8294658660888672
YPR151C,YDR308C,0,-2.5200534,0.10778829455375671,1.0,0.8295659422874451
YLR010C,YNL040W,0,-2.5201735,0.1077767014503479,1.0,0.8296659588813782
YHR011W,YMR040W,0,-2.5203292,0.10776510834693909,1.0,0.8297659754753113
YKL039W,YFL009W,0,-2.5205061,0.10775352269411087,1.0,0.8298659920692444
YKR083C,YPL213W,0,-2.5205634,0.10774193704128265,1.0,0.8299660086631775
YOL052C-A,YGL174W,0,-2.5207791,0.10773035138845444,1.0,0.8300660252571106
YJL053W,YNL065W,0,-2.5210526,0.10771877318620682,1.0,0.8301660418510437
YER065C,YKL059C,0,-2.5214045,0.1077071875333786,1.0,0.8302660584449768
YIL038C,YIL146C,0,-2.5215447,0.10769561678171158,1.0,0.8303660750389099
YJR103W,YNL138W-A,0,-2.521578,0.10768403857946396,1.0,0.830466091632843
YFL054C,YCR043C,0,-2.5216088,0.10767246782779694,1.0,0.8305661082267761
YCR008W,YMR110C,0,-2.521834,0.10766089707612991,1.0,0.8306661248207092
YDL200C,YNL232W,0,-2.521882,0.10764933377504349,1.0,0.8307661414146423
YKL158W,YCL059C,0,-2.5219922,0.10763777047395706,1.0,0.8308661580085754
YLR461W,YML014W,0,-2.5224388,0.10762620717287064,1.0,0.8309661746025085
YGL124C,YML102W,0,-2.522531,0.10761465132236481,1.0,0.8310661911964417
YGR052W,YLR139C,0,-2.522912,0.10760309547185898,1.0,0.8311662077903748
YJL092W,YHR057C,0,-2.5230217,0.10759153962135315,1.0,0.8312662243843079
YDR018C,YNL027W,0,-2.5230503,0.10757998377084732,1.0,0.8313663005828857
YIL013C,YJR032W,0,-2.523222,0.10756843537092209,1.0,0.8314663171768188
YPL115C,YER020W,0,-2.5232713,0.10755689442157745,1.0,0.831566333770752
YAL043C,YNL015W,0,-2.5235198,0.10754534602165222,1.0,0.8316663503646851
YOR193W,YIL121W,0,-2.5237665,0.10753380507230759,1.0,0.8317663669586182
YJR074W,YER144C,0,-2.5240633,0.10752226412296295,1.0,0.8318663835525513
YGR112W,YOL017W,0,-2.524139,0.10751073062419891,1.0,0.8319664001464844
YCR101C,YDL185W,0,-2.524146,0.10749919712543488,1.0,0.8320664167404175
YIR035C,YPL174C,0,-2.524191,0.10748766362667084,1.0,0.8321664333343506
YMR234W,YER075C,0,-2.5242047,0.1074761375784874,1.0,0.8322664499282837
YPL130W,YPL147W,0,-2.52497,0.10746460407972336,1.0,0.8323664665222168
YGR024C,YMR040W,0,-2.5251973,0.10745308548212051,1.0,0.8324664831161499
YPL013C,YLR442C,0,-2.5258446,0.10744155943393707,1.0,0.832566499710083
YGL089C,YBR175W,0,-2.5260768,0.10743004083633423,1.0,0.8326665163040161
YLR395C,YML071C,0,-2.526487,0.10741852223873138,1.0,0.8327665328979492
YMR190C,YJR047C,0,-2.5267205,0.10740701109170914,1.0,0.8328665494918823
YOR087W,YCL029C,0,-2.526772,0.10739549994468689,1.0,0.8329665660858154
YDR419W,YPL134C,0,-2.5268793,0.10738398879766464,1.0,0.8330666422843933
YGR093W,YOL111C,0,-2.5269828,0.10737248510122299,1.0,0.8331666588783264
YKR057W,YML058W-A,0,-2.5276916,0.10736097395420074,1.0,0.8332666754722595
YDR099W,YJR088C,0,-2.5280936,0.10734947770833969,1.0,0.8333666920661926
YDR376W,YNL289W,0,-2.5284045,0.10733797401189804,1.0,0.8334667086601257
YOL019W,YBR186W,0,-2.528429,0.10732647776603699,1.0,0.8335667252540588
YMR322C,YER019C-A,0,-2.5293877,0.10731498152017593,1.0,0.8336667418479919
YGR087C,YBL064C,0,-2.529491,0.10730349272489548,1.0,0.833766758441925
YML009C,YPL280W,0,-2.5297356,0.10729200392961502,1.0,0.8338667750358582
YOL116W,YGR221C,0,-2.5298994,0.10728051513433456,1.0,0.8339667916297913
YHR096C,YJR108W,0,-2.5300958,0.10726902633905411,1.0,0.8340668082237244
YJL173C,YJL141C,0,-2.5306253,0.10725754499435425,1.0,0.8341668248176575
YPR055W,YDR084C,0,-2.530836,0.10724606364965439,1.0,0.8342668414115906
YER050C,YOL054W,0,-2.5310073,0.10723458975553513,1.0,0.8343668580055237
YDR295C,YCL034W,0,-2.5310369,0.10722311586141586,1.0,0.8344668745994568
YHR171W,YER062C,0,-2.5311234,0.1072116419672966,1.0,0.8345668911933899
YDR376W,YIL038C,0,-2.5311546,0.10720016807317734,1.0,0.834666907787323
YJL025W,YPR105C,0,-2.5313554,0.10718870162963867,1.0,0.8347669243812561
YML009C,YMR027W,0,-2.5314808,0.1071772351861,1.0,0.834867000579834
YPR013C,YJL138C,0,-2.5316293,0.10716577619314194,1.0,0.8349670171737671
YGL141W,YHL028W,0,-2.5316806,0.10715431720018387,1.0,0.8350670337677002
YHL019C,YPL031C,0,-2.5317307,0.1071428582072258,1.0,0.8351670503616333
YML037C,YGR243W,0,-2.5323057,0.10713139921426773,1.0,0.8352670669555664
YGR195W,YDR343C,0,-2.5328913,0.10711994767189026,1.0,0.8353670835494995
YMR156C,YJL111W,0,-2.5332954,0.10710849612951279,1.0,0.8354671001434326
YDR437W,YML086C,0,-2.5339646,0.10709705203771591,1.0,0.8355671167373657
YHR191C,YHR140W,0,-2.5339804,0.10708560794591904,1.0,0.8356671333312988
YLL012W,YDR208W,0,-2.534822,0.10707416385412216,1.0,0.8357671499252319
YJL143W,YBR200W,0,-2.5349658,0.10706271976232529,1.0,0.835867166519165
YML064C,YJL141C,0,-2.5349789,0.10705128312110901,1.0,0.8359671831130981
YGL231C,YDR258C,0,-2.535287,0.10703984647989273,1.0,0.8360671997070312
YMR099C,YOL001W,0,-2.5355272,0.10702840983867645,1.0,0.8361672163009644
YKL222C,YJL096W,0,-2.535687,0.10701698064804077,1.0,0.8362672328948975
YHR031C,YOR201C,0,-2.5359263,0.10700555145740509,1.0,0.8363672494888306
YHR128W,YML058W-A,0,-2.5363889,0.10699412971735,1.0,0.8364672660827637
YLR352W,YMR235C,0,-2.5365243,0.10698270052671432,1.0,0.8365673422813416
YBL095W,YML071C,0,-2.536674,0.10697127878665924,1.0,0.8366673588752747
YDR158W,YLR219W,0,-2.5368748,0.10695986449718475,1.0,0.8367673754692078
YCR007C,YMR235C,0,-2.5368762,0.10694845020771027,1.0,0.8368673920631409
YHR178W,YPR134W,0,-2.5368943,0.10693703591823578,1.0,0.836967408657074
YJR133W,YDL022W,0,-2.5372343,0.10692562162876129,1.0,0.8370674252510071
YNL156C,YOR378W,0,-2.537514,0.1069142147898674,1.0,0.8371674418449402
YDR437W,YKR053C,0,-2.5376842,0.10690280795097351,1.0,0.8372674584388733
YKR030W,YBR065C,0,-2.537717,0.10689140111207962,1.0,0.8373674750328064
YOL003C,YER112W,0,-2.5380528,0.10688000172376633,1.0,0.8374674916267395
YAL055W,YOR233W,0,-2.5381246,0.10686860233545303,1.0,0.8375675082206726
YDR084C,YDL035C,0,-2.5381808,0.10685720294713974,1.0,0.8376675248146057
YIL136W,YDR325W,0,-2.53836,0.10684581100940704,1.0,0.8377675414085388
YNL240C,YBR186W,0,-2.5385542,0.10683441907167435,1.0,0.8378675580024719
YOL078W,YML007W,0,-2.538702,0.10682302713394165,1.0,0.837967574596405
YJL154C,YOR201C,0,-2.5388832,0.10681164264678955,1.0,0.8380675911903381
YJR028W,YPL178W,0,-2.5389419,0.10680025815963745,1.0,0.8381676077842712
YPL189W,YJL052W,0,-2.5389547,0.10678887367248535,1.0,0.8382676243782043
YFL051C,YNL328C,0,-2.5394583,0.10677749663591385,1.0,0.8383677005767822
YER146W,YPR028W,0,-2.5399184,0.10676611959934235,1.0,0.8384677171707153
YDR141C,YHL024W,0,-2.540431,0.10675474256277084,1.0,0.8385677337646484
YFR041C,YLR010C,0,-2.540635,0.10674336552619934,1.0,0.8386677503585815
YHR012W,YMR019W,0,-2.5410187,0.10673199594020844,1.0,0.8387677669525146
YBR093C,YGR134W,0,-2.5414522,0.10672063380479813,1.0,0.8388677835464478
YBR182C,YOL049W,0,-2.5415769,0.10670926421880722,1.0,0.8389678001403809
YGR104C,YDR100W,0,-2.5420396,0.10669790208339691,1.0,0.839067816734314
YMR036C,YIL040W,0,-2.5425189,0.1066865399479866,1.0,0.8391678333282471
YOL067C,YNL312W,0,-2.543089,0.10667518526315689,1.0,0.8392678499221802
YOR361C,YLR423C,0,-2.5433478,0.10666383057832718,1.0,0.8393678665161133
YHR111W,YIL127C,0,-2.5434346,0.10665247589349747,1.0,0.8394678831100464
YOR388C,YMR012W,0,-2.543829,0.10664112120866776,1.0,0.8395678997039795
YPL187W,YGL021W,0,-2.5449378,0.10662977397441864,1.0,0.8396679162979126
YDR468C,YOR077W,0,-2.545178,0.10661842674016953,1.0,0.8397679328918457
YLL015W,YBR100W,0,-2.5452557,0.10660708695650101,1.0,0.8398679494857788
YGL045W,YGR221C,0,-2.5455909,0.10659574717283249,1.0,0.8399679660797119
YNL048W,YPL249C,0,-2.5458267,0.10658440738916397,1.0,0.8400680422782898
YHR080C,YPL129W,0,-2.546432,0.10657306760549545,1.0,0.8401680588722229
YGL093W,YHR011W,0,-2.5464635,0.10656173527240753,1.0,0.840268075466156
YHR005C,YOL047C,0,-2.546484,0.10655040293931961,1.0,0.8403680920600891
YPL021W,YOR254C,0,-2.5471087,0.10653907805681229,1.0,0.8404681086540222
YKL221W,YPL058C,0,-2.5472713,0.10652774572372437,1.0,0.8405681252479553
YGR087C,YPL103C,0,-2.5476527,0.10651642084121704,1.0,0.8406681418418884
YNL082W,YNL173C,0,-2.5481195,0.10650510340929031,1.0,0.8407681584358215
YDR194C,YDR208W,0,-2.548214,0.10649378597736359,1.0,0.8408681750297546
YDR240C,YDR343C,0,-2.5482695,0.10648246854543686,1.0,0.8409681916236877
YOL137W,YJL154C,0,-2.548349,0.10647115111351013,1.0,0.8410682082176208
YER146W,YKL034W,0,-2.5486193,0.106459841132164,1.0,0.841168224811554
YDR347W,YMR100W,0,-2.5486279,0.10644853115081787,1.0,0.8412682414054871
YIL112W,YDR014W,0,-2.5486724,0.10643722116947174,1.0,0.8413682579994202
YLR371W,YGL001C,0,-2.5487638,0.10642591863870621,1.0,0.8414682745933533
YMR060C,YHR092C,0,-2.54949,0.10641461610794067,1.0,0.8415682911872864
YPL021W,YHR057C,0,-2.549551,0.10640331357717514,1.0,0.8416683077812195
YIL068C,YHR040W,0,-2.5503488,0.1063920184969902,1.0,0.8417683243751526
YNR001C,YER112W,0,-2.5503995,0.10638072341680527,1.0,0.8418684005737305
YKL034W,YBR135W,0,-2.5504396,0.10636942833662033,1.0,0.8419684171676636
YOL041C,YKL158W,0,-2.5506172,0.1063581332564354,1.0,0.8420684337615967
YOR233W,YGL045W,0,-2.5506306,0.10634684562683105,1.0,0.8421684503555298
YOR357C,YMR159C,0,-2.5509565,0.10633556544780731,1.0,0.8422684669494629
YGL172W,YLR219W,0,-2.5512843,0.10632427781820297,1.0,0.842368483543396
YLR074C,YFL043C,0,-2.551434,0.10631299763917923,1.0,0.8424685001373291
YKL004W,YKR106W,0,-2.5518835,0.10630171746015549,1.0,0.8425685167312622
YPL253C,YFL009W,0,-2.5524392,0.10629044473171234,1.0,0.8426685333251953
YMR234W,YHR140W,0,-2.5524611,0.1062791720032692,1.0,0.8427685499191284
YDR153C,YOR256C,0,-2.5524998,0.10626789927482605,1.0,0.8428685665130615
YLL025W,YMR077C,0,-2.5528502,0.1062566265463829,1.0,0.8429685831069946
YBL039C,YIL124W,0,-2.5534506,0.10624536126852036,1.0,0.8430685997009277
YLR219W,YHL044W,0,-2.5538633,0.1062340959906578,1.0,0.8431686162948608
YCR042C,YKL221W,0,-2.5539265,0.10622283816337585,1.0,0.843268632888794
YOR047C,YGR209C,0,-2.554133,0.1062115728855133,1.0,0.843368649482727
YLR014C,YDL018C,0,-2.5543494,0.10620031505823135,1.0,0.8434686660766602
YEL069C,YIL017C,0,-2.5546956,0.10618906468153,1.0,0.843568742275238
YGR231C,YMR164C,0,-2.5548425,0.10617781430482864,1.0,0.8436687588691711
YHR205W,YIL017C,0,-2.5551815,0.10616656392812729,1.0,0.8437687754631042
YLR035C,YLR272C,0,-2.555274,0.10615531355142593,1.0,0.8438687920570374
YPR085C,YEL012W,0,-2.5553777,0.10614407062530518,1.0,0.8439688086509705
YJL172W,YBR215W,0,-2.5558076,0.10613282769918442,1.0,0.8440688252449036
YLR045C,YLR078C,0,-2.5563068,0.10612158477306366,1.0,0.8441688418388367
YDL114W,YLR433C,0,-2.5564141,0.1061103492975235,1.0,0.8442688584327698
YGR053C,YER019W,0,-2.556903,0.10609911382198334,1.0,0.8443688750267029
YLL016W,YHR061C,0,-2.5582962,0.10608787834644318,1.0,0.844468891620636
YMR219W,YOL158C,0,-2.558312,0.10607664287090302,1.0,0.8445689082145691
YPR153W,YPL269W,0,-2.5583243,0.10606541484594345,1.0,0.8446689248085022
YHR171W,YOR243C,0,-2.558539,0.10605419427156448,1.0,0.8447689414024353
YOR113W,YML058W-A,0,-2.558886,0.10604296624660492,1.0,0.8448689579963684
YFL020C,YLL049W,0,-2.5592165,0.10603174567222595,1.0,0.8449689745903015
YOR291W,YLR309C,0,-2.5597453,0.10602052509784698,1.0,0.8450689911842346
YCR073C,YPL031C,0,-2.5597537,0.10600931197404861,1.0,0.8451690077781677
YGL162W,YJL187C,0,-2.5597734,0.10599809885025024,1.0,0.8452690243721008
YKR076W,YGR099W,0,-2.5597844,0.10598688572645187,1.0,0.8453691005706787
YNL272C,YDL002C,0,-2.5598147,0.1059756726026535,1.0,0.8454691171646118
YDL240W,YIL121W,0,-2.55996,0.10596446692943573,1.0,0.8455691337585449
YPL084W,YDR466W,0,-2.5601115,0.10595326125621796,1.0,0.845669150352478
YOL100W,YJL105W,0,-2.5602634,0.10594206303358078,1.0,0.8457691669464111
YHL044W,YGR031W,0,-2.5607493,0.105930857360363,1.0,0.8458691835403442
YNL219C,YML071C,0,-2.5607967,0.10591965913772583,1.0,0.8459692001342773
YEL012W,YGR104C,0,-2.5619295,0.10590846836566925,1.0,0.8460692167282104
YGL070C,YHL028W,0,-2.5619597,0.10589727014303207,1.0,0.8461692333221436
YML014W,YFL054C,0,-2.5625129,0.1058860793709755,1.0,0.8462692499160767
YKL016C,YDR356W,0,-2.5626726,0.10587489604949951,1.0,0.8463692665100098
YEL012W,YBR042C,0,-2.5627477,0.10586370527744293,1.0,0.8464692831039429
YML064C,YOR321W,0,-2.5627532,0.10585252195596695,1.0,0.846569299697876
YBL095W,YLR419W,0,-2.5629358,0.10584134608507156,1.0,0.8466693162918091
YNL082W,YLR191W,0,-2.5629687,0.10583016276359558,1.0,0.8467693328857422
YOL137W,YPL059W,0,-2.563311,0.1058189868927002,1.0,0.8468693494796753
YNL200C,YEL018W,0,-2.5639784,0.10580781102180481,1.0,0.8469693660736084
YML055W,YPR093C,0,-2.5642467,0.10579664260149002,1.0,0.8470694422721863
YIL099W,YJR125C,0,-2.5647278,0.10578547418117523,1.0,0.8471694588661194
YLR219W,YER113C,0,-2.5651526,0.10577430576086044,1.0,0.8472694754600525
YNL084C,YGR054W,0,-2.5651755,0.10576314479112625,1.0,0.8473694920539856
YGR072W,YMR190C,0,-2.565436,0.10575197637081146,1.0,0.8474695086479187
YMR273C,YMR156C,0,-2.565591,0.10574081540107727,1.0,0.8475695252418518
YER174C,YMR110C,0,-2.5658364,0.10572966188192368,1.0,0.8476695418357849
YML040W,YLR160C,0,-2.5659714,0.10571850836277008,1.0,0.847769558429718
YJL085W,YLR151C,0,-2.5660229,0.10570735484361649,1.0,0.8478695750236511
YNL113W,YGL229C,0,-2.566164,0.10569620132446289,1.0,0.8479695916175842
YBR098W,YKR008W,0,-2.5662386,0.10568505525588989,1.0,0.8480696082115173
YER173W,YLR425W,0,-2.567181,0.1056739091873169,1.0,0.8481696248054504
YHR014W,YCR073C,0,-2.5672977,0.1056627631187439,1.0,0.8482696413993835
YML037C,YPL206C,0,-2.5674927,0.1056516245007515,1.0,0.8483696579933167
YBR179C,YPR095C,0,-2.5677013,0.1056404858827591,1.0,0.8484696745872498
YNL215W,YIL048W,0,-2.5679336,0.1056293472647667,1.0,0.8485696911811829
YPR028W,YER029C,0,-2.567941,0.10561821609735489,1.0,0.848669707775116
YLR352W,YBR168W,0,-2.568081,0.10560708492994308,1.0,0.8487697243690491
YBR098W,YPR138C,0,-2.568232,0.10559595376253128,1.0,0.848869800567627
YMR159C,YCL059C,0,-2.568478,0.10558482259511948,1.0,0.8489698171615601
YLR342W,YCL044C,0,-2.5686588,0.10557369887828827,1.0,0.8490698337554932
YMR040W,YHR084W,0,-2.5687573,0.10556258261203766,1.0,0.8491698503494263
YDL067C,YER173W,0,-2.569213,0.10555145889520645,1.0,0.8492698669433594
YER008C,YKR008W,0,-2.56927,0.10554034262895584,1.0,0.8493698835372925
YBR014C,YOL017W,0,-2.569468,0.10552922636270523,1.0,0.8494699001312256
YPL269W,YPL031C,0,-2.569714,0.10551811009645462,1.0,0.8495699167251587
YJL066C,YPL041C,0,-2.5698907,0.1055070012807846,1.0,0.8496699333190918
YPR160W,YJL041W,0,-2.5700467,0.1054958924651146,1.0,0.8497699499130249
YOR064C,YKL222C,0,-2.570186,0.10548479110002518,1.0,0.849869966506958
YOR156C,YDR009W,0,-2.5702424,0.10547368228435516,1.0,0.8499699831008911
YPR102C,YKL221W,0,-2.5705547,0.10546258091926575,1.0,0.8500699996948242
YCR091W,YMR154C,0,-2.5706742,0.10545148700475693,1.0,0.8501700162887573
YDR148C,YNR058W,0,-2.5709848,0.10544038563966751,1.0,0.8502700328826904
YLR065C,YOL004W,0,-2.571385,0.10542929172515869,1.0,0.8503700494766235
YOL097C,YHR132W-A,0,-2.5713875,0.10541819781064987,1.0,0.8504700660705566
YOR162C,YOR256C,0,-2.5716906,0.10540711134672165,1.0,0.8505701422691345
YKR106W,YCR053W,0,-2.5717268,0.10539602488279343,1.0,0.8506701588630676
YKL039W,YFL051C,0,-2.5720592,0.1053849384188652,1.0,0.8507701754570007
YHR153C,YFR009W,0,-2.572143,0.10537385940551758,1.0,0.8508701920509338
YBL035C,YJL141C,0,-2.572403,0.10536277294158936,1.0,0.8509702086448669
YDL114W,YDR049W,0,-2.572552,0.10535170137882233,1.0,0.8510702252388
YLR433C,YNL218W,0,-2.5726078,0.1053406223654747,1.0,0.8511702418327332
YOR144C,YMR060C,0,-2.5730712,0.10532955080270767,1.0,0.8512702584266663
YGR282C,YJR050W,0,-2.5732384,0.10531847923994064,1.0,0.8513702750205994
YOR093C,YFR042W,0,-2.573604,0.10530740767717361,1.0,0.8514702916145325
YHR155W,YDR488C,0,-2.574139,0.10529634356498718,1.0,0.8515703082084656
YDL224C,YER170W,0,-2.5744624,0.10528527945280075,1.0,0.8516703248023987
YPL021W,YDR208W,0,-2.5746262,0.10527421534061432,1.0,0.8517703413963318
YLR298C,YPL270W,0,-2.5750403,0.10526315867900848,1.0,0.8518703579902649
YPR138C,YJL079C,0,-2.5752146,0.10525210201740265,1.0,0.851970374584198
YIL131C,YBL005W-B,0,-2.5752702,0.10524104535579681,1.0,0.8520703911781311
YDR288W,YMR051C,0,-2.5755532,0.10522999614477158,1.0,0.8521704077720642
YER060W-A,YJR097W,0,-2.5755558,0.10521894693374634,1.0,0.8522704243659973
YOR176W,YAL041W,0,-2.575634,0.1052078977227211,1.0,0.8523705005645752
YMR169C,YOL077W-A,0,-2.5757012,0.10519684851169586,1.0,0.8524705171585083
YHR074W,YEL070W,0,-2.5758371,0.10518580675125122,1.0,0.8525705337524414
YMR119W,YIL027C,0,-2.5765564,0.10517476499080658,1.0,0.8526705503463745
YBL066C,YMR169C,0,-2.5766761,0.10516373068094254,1.0,0.8527705669403076
YHL020C,YPL213W,0,-2.5768666,0.1051526889204979,1.0,0.8528705835342407
YDR208W,YOL078W,0,-2.5769873,0.10514165461063385,1.0,0.8529706001281738
YDR208W,YNL161W,0,-2.5775838,0.1051306277513504,1.0,0.8530706167221069
YLR079W,YNL065W,0,-2.5776086,0.10511959344148636,1.0,0.85317063331604
YHR153C,YBR021W,0,-2.5779448,0.10510856658220291,1.0,0.8532706499099731
YBR128C,YKL059C,0,-2.5782924,0.10509754717350006,1.0,0.8533706665039062
YPR187W,YNL278W,0,-2.5783014,0.10508652031421661,1.0,0.8534706830978394
YBR155W,YHL028W,0,-2.5783894,0.10507550090551376,1.0,0.8535706996917725
YHR088W,YFL043C,0,-2.5786977,0.10506448894739151,1.0,0.8536707162857056
YGL229C,YOL019W,0,-2.5788527,0.10505346953868866,1.0,0.8537707328796387
YCR027C,YJR159W,0,-2.579708,0.1050424575805664,1.0,0.8538707494735718
YHL007C,YPR098C,0,-2.5798006,0.10503144562244415,1.0,0.8539707660675049
YPR032W,YDR079W,0,-2.5798974,0.1050204411149025,1.0,0.8540708422660828
YIL099W,YBL013W,0,-2.5799177,0.10500942915678024,1.0,0.8541708588600159
YNL082W,YOR291W,0,-2.580277,0.10499842464923859,1.0,0.854270875453949
YFL021W,YDL088C,0,-2.580363,0.10498742759227753,1.0,0.8543708920478821
YFL017C,YIL112W,0,-2.5804386,0.10497643053531647,1.0,0.8544709086418152
YNL019C,YCR043C,0,-2.5804455,0.10496543347835541,1.0,0.8545709252357483
YML067C,YAL055W,0,-2.5812366,0.10495443642139435,1.0,0.8546709418296814
YPL130W,YLR143W,0,-2.5812802,0.10494344681501389,1.0,0.8547709584236145
YFR029W,YJR047C,0,-2.5813112,0.10493245720863342,1.0,0.8548709750175476
YOL115W,YOL032W,0,-2.5813205,0.10492146760225296,1.0,0.8549709916114807
YBL031W,YOR162C,0,-2.5813684,0.1049104779958725,1.0,0.8550710082054138
YJL117W,YOL084W,0,-2.5815063,0.10489949584007263,1.0,0.8551710247993469
YGR224W,YLR371W,0,-2.58158,0.10488851368427277,1.0,0.85527104139328
YEL046C,YNL015W,0,-2.5816238,0.1048775389790535,1.0,0.8553710579872131
YGR024C,YGR231C,0,-2.5820487,0.10486656427383423,1.0,0.8554710745811462
YJL114W,YGR221C,0,-2.5823188,0.10485558956861496,1.0,0.8555710911750793
YHR153C,YOR009W,0,-2.582471,0.10484461486339569,1.0,0.8556711077690125
YNL240C,YNL159C,0,-2.582521,0.10483364760875702,1.0,0.8557711839675903
YPL112C,YNL041C,0,-2.5829852,0.10482268035411835,1.0,0.8558712005615234
YPL253C,YER089C,0,-2.5833874,0.10481171309947968,1.0,0.8559712171554565
YOL100W,YJL122W,0,-2.583469,0.1048007532954216,1.0,0.8560712337493896
YPL013C,YIL048W,0,-2.5836415,0.10478979349136353,1.0,0.8561712503433228
YJL108C,YFL057C,0,-2.5837297,0.10477883368730545,1.0,0.8562712669372559
YMR216C,YLR050C,0,-2.5840526,0.10476788133382797,1.0,0.856371283531189
YLR136C,YKL064W,0,-2.584603,0.1047569289803505,1.0,0.8564713001251221
YBR164C,YCL044C,0,-2.5846555,0.10474597662687302,1.0,0.8565713167190552
YER113C,YAL014C,0,-2.5847337,0.10473502427339554,1.0,0.8566713333129883
YER013W,YIL099W,0,-2.584746,0.10472407937049866,1.0,0.8567713499069214
YMR273C,YDR419W,0,-2.5848792,0.10471313446760178,1.0,0.8568713665008545
YGL086W,YJR147W,0,-2.5851655,0.10470219701528549,1.0,0.8569713830947876
YAL058W,YOR290C,0,-2.5858173,0.10469125211238861,1.0,0.8570713996887207
YBR299W,YGL137W,0,-2.5865579,0.10468031466007233,1.0,0.8571714162826538
YDR496C,YJR159W,0,-2.5866485,0.10466938465833664,1.0,0.8572714328765869
YOR032C,YDR049W,0,-2.5867505,0.10465844720602036,1.0,0.85737144947052
YDL114W,YGL045W,0,-2.5868149,0.10464751720428467,1.0,0.8574714660644531
YOR389W,YBR164C,0,-2.5870519,0.10463659465312958,1.0,0.857571542263031
YKL016C,YHL018W,0,-2.5870998,0.10462566465139389,1.0,0.8576715588569641
YDR009W,YHR014W,0,-2.5871203,0.1046147421002388,1.0,0.8577715754508972
YNL206C,YEL006W,0,-2.5879536,0.10460381954908371,1.0,0.8578715920448303
YNL233W,YGL200C,0,-2.588508,0.10459290444850922,1.0,0.8579716086387634
YDR079W,YJR110W,0,-2.5886512,0.10458198189735413,1.0,0.8580716252326965
YBR218C,YNL320W,0,-2.5886908,0.10457107424736023,1.0,0.8581716418266296
YMR322C,YCR077C,0,-2.588757,0.10456015914678574,1.0,0.8582716584205627
YPL187W,YKL134C,0,-2.589079,0.10454925149679184,1.0,0.8583716750144958
YAR033W,YKR008W,0,-2.5891998,0.10453834384679794,1.0,0.858471691608429
YML118W,YAL036C,0,-2.5894017,0.10452743619680405,1.0,0.8585717082023621
YPL181W,YEL018W,0,-2.5895588,0.10451653599739075,1.0,0.8586717247962952
YKR029C,YER142C,0,-2.5898151,0.10450562834739685,1.0,0.8587717413902283
YPL031C,YOL001W,0,-2.589879,0.10449473559856415,1.0,0.8588717579841614
YOR172W,YOR256C,0,-2.5902705,0.10448383539915085,1.0,0.8589717745780945
YPL181W,YPL241C,0,-2.5904543,0.10447294265031815,1.0,0.8590717911720276
YJR073C,YLR065C,0,-2.5909991,0.10446204990148544,1.0,0.8591718077659607
YPL202C,YNL015W,0,-2.5910187,0.10445116460323334,1.0,0.8592718839645386
YCR007C,YGR229C,0,-2.5912058,0.10444027185440063,1.0,0.8593719005584717
YML037C,YDR529C,0,-2.5913575,0.10442939400672913,1.0,0.8594719171524048
YBL054W,YGL104C,0,-2.591576,0.10441850870847702,1.0,0.8595719337463379
YLR166C,YLR056W,0,-2.5917094,0.10440763086080551,1.0,0.859671950340271
YDL073W,YJR110W,0,-2.5918317,0.104396753013134,1.0,0.8597719669342041
YMR278W,YKR095W,0,-2.591899,0.1043858751654625,1.0,0.8598719835281372
YMR233W,YDR009W,0,-2.592103,0.10437499731779099,1.0,0.8599720001220703
YPR071W,YDR488C,0,-2.5921786,0.10436412692070007,1.0,0.8600720167160034
YBR128C,YAL013W,0,-2.592245,0.10435325652360916,1.0,0.8601720333099365
YLR203C,YGR012W,0,-2.5922475,0.10434239357709885,1.0,0.8602720499038696
YMR323W,YMR042W,0,-2.592537,0.10433153063058853,1.0,0.8603720664978027
YFL054C,YGL001C,0,-2.5926669,0.10432066768407822,1.0,0.8604720830917358
YCR007C,YDL015C,0,-2.5927153,0.1043098047375679,1.0,0.860572099685669
YIL112W,YLR014C,0,-2.5934372,0.10429894924163818,1.0,0.860672116279602
YCR039C,YGR031W,0,-2.5936077,0.10428809374570847,1.0,0.8607721328735352
YDR208W,YNL192W,0,-2.594931,0.10427723824977875,1.0,0.8608721494674683
YBR065C,YFR050C,0,-2.5956001,0.10426639020442963,1.0,0.8609721660614014
YHL044W,YGL009C,0,-2.5967126,0.1042555421590805,1.0,0.8610722422599792
YDR155C,YMR013C,0,-2.5969732,0.10424469411373138,1.0,0.8611722588539124
YHR182W,YLR157C,0,-2.597116,0.10423385351896286,1.0,0.8612722754478455
YLR422W,YGR030C,0,-2.5975485,0.10422300547361374,1.0,0.8613722920417786
YLR288C,YBR168W,0,-2.597632,0.10421216487884521,1.0,0.8614723086357117
YJR068W,YLR203C,0,-2.597723,0.10420133173465729,1.0,0.8615723252296448
YHR153C,YNL233W,0,-2.5979252,0.10419049859046936,1.0,0.8616723418235779
YNL181W,YCR021C,0,-2.5979671,0.10417966544628143,1.0,0.861772358417511
YDL084W,YOR064C,0,-2.5980194,0.1041688323020935,1.0,0.8618723750114441
YDR245W,YLR151C,0,-2.5982723,0.10415800660848618,1.0,0.8619723916053772
YBL023C,YJR074W,0,-2.598445,0.10414718091487885,1.0,0.8620724081993103
YPR147C,YHR157W,0,-2.5994415,0.10413635522127151,1.0,0.8621724247932434
YMR041C,YJL143W,0,-2.599483,0.10412552952766418,1.0,0.8622724413871765
YHR011W,YML007W,0,-2.5994854,0.10411471128463745,1.0,0.8623724579811096
YMR042W,YCL043C,0,-2.5998383,0.10410389304161072,1.0,0.8624724745750427
YBR136W,YMR031C,0,-2.5998588,0.10409308224916458,1.0,0.8625724911689758
YHL044W,YFR033C,0,-2.6000457,0.10408227145671844,1.0,0.8626725077629089
YDR462W,YGR217W,0,-2.6004963,0.10407146066427231,1.0,0.8627725839614868
YGR224W,YDL077C,0,-2.6014504,0.10406064987182617,1.0,0.8628726005554199
YMR052W,YML058W-A,0,-2.6016355,0.10404984652996063,1.0,0.862972617149353
YLR461W,YFR006W,0,-2.6018655,0.10403904318809509,1.0,0.8630726337432861
YJR054W,YML128C,0,-2.602505,0.10402823984622955,1.0,0.8631726503372192
YHL023C,YJR108W,0,-2.6029875,0.10401743650436401,1.0,0.8632726669311523
YHR124W,YPL147W,0,-2.603059,0.10400664061307907,1.0,0.8633726835250854
YDR435C,YJR033C,0,-2.6034746,0.10399585217237473,1.0,0.8634727001190186
YGL089C,YHR047C,0,-2.6034784,0.10398505628108978,1.0,0.8635727167129517
YJR053W,YLR084C,0,-2.6044192,0.10397426784038544,1.0,0.8636727333068848
YPL099C,YJL092W,0,-2.6046638,0.10396347939968109,1.0,0.8637727499008179
YLL010C,YCR094W,0,-2.6047006,0.10395269095897675,1.0,0.863872766494751
YGL018C,YGR049W,0,-2.6048443,0.103941909968853,1.0,0.8639727830886841
YKL016C,YER064C,0,-2.6048675,0.10393112897872925,1.0,0.8640727996826172
YKR081C,YMR110C,0,-2.6050286,0.1039203479886055,1.0,0.8641728162765503
YLR219W,YLR310C,0,-2.6054645,0.10390957444906235,1.0,0.8642728328704834
YPL206C,YGR211W,0,-2.605614,0.1038987934589386,1.0,0.8643728494644165
YOR065W,YGL171W,0,-2.605647,0.10388802736997604,1.0,0.8644728660583496
YPR186C,YJR153W,0,-2.6058369,0.10387725383043289,1.0,0.8645729422569275
YDL212W,YDL027C,0,-2.6065226,0.10386648774147034,1.0,0.8646729588508606
YPR095C,YJL154C,0,-2.607267,0.10385572165250778,1.0,0.8647729754447937
YLR091W,YGR132C,0,-2.607284,0.10384495556354523,1.0,0.8648729920387268
YCR007C,YPL191C,0,-2.6074517,0.10383419692516327,1.0,0.8649730086326599
YMR052W,YGR223C,0,-2.6076574,0.10382343828678131,1.0,0.865073025226593
YMR214W,YPL270W,0,-2.6078274,0.10381267964839935,1.0,0.8651730418205261
YKR030W,YKL222C,0,-2.608023,0.10380192846059799,1.0,0.8652730584144592
YIL061C,YBL031W,0,-2.6088064,0.10379117727279663,1.0,0.8653730750083923
YBR179C,YPR171W,0,-2.6088173,0.10378042608499527,1.0,0.8654730916023254
YPR138C,YIL084C,0,-2.6089468,0.10376967489719391,1.0,0.8655731081962585
YOR391C,YOR214C,0,-2.609161,0.10375893115997314,1.0,0.8656731247901917
YPL023C,YOL047C,0,-2.6092715,0.10374818742275238,1.0,0.8657731413841248
YDR172W,YMR096W,0,-2.6096847,0.10373744368553162,1.0,0.8658731579780579
YIL136W,YJR050W,0,-2.60987,0.10372670739889145,1.0,0.865973174571991
YPR005C,YDR049W,0,-2.610584,0.10371597111225128,1.0,0.8660731911659241
YJL157C,YOR032C,0,-2.6114578,0.10370523482561111,1.0,0.8661732077598572
YNL082W,YPR159W,0,-2.6116588,0.10369450598955154,1.0,0.8662732839584351
YCR072C,YMR278W,0,-2.6117997,0.10368377715349197,1.0,0.8663733005523682
YOL003C,YPL181W,0,-2.6121209,0.1036730483174324,1.0,0.8664733171463013
YER173W,YHR140W,0,-2.6126995,0.10366231948137283,1.0,0.8665733337402344
YNL200C,YOL039W,0,-2.6129136,0.10365159809589386,1.0,0.8666733503341675
YDL171C,YJL116C,0,-2.613803,0.10364087671041489,1.0,0.8667733669281006
YFL051C,YDR504C,0,-2.6138616,0.10363015532493591,1.0,0.8668733835220337
YNL086W,YBR242W,0,-2.6140242,0.10361944139003754,1.0,0.8669734001159668
YLR243W,YAL055W,0,-2.6140676,0.10360872745513916,1.0,0.8670734167098999
YJR108W,YNL289W,0,-2.6145754,0.10359801352024078,1.0,0.867173433303833
YFL044C,YER025W,0,-2.6147318,0.103587307035923,1.0,0.8672734498977661
YLL031C,YGL128C,0,-2.6149735,0.10357660055160522,1.0,0.8673734664916992
YPL181W,YOL017W,0,-2.6151543,0.10356589406728745,1.0,0.8674734830856323
YGL234W,YOR032C,0,-2.615258,0.10355518758296967,1.0,0.8675734996795654
YGR224W,YDR049W,0,-2.6159701,0.10354448854923248,1.0,0.8676735162734985
YMR096W,YNL233W,0,-2.6165318,0.1035337895154953,1.0,0.8677735328674316
YIL073C,YER019W,0,-2.6167407,0.10352309048175812,1.0,0.8678735494613647
YJR136C,YJR127C,0,-2.6168609,0.10351239889860153,1.0,0.8679735660552979
YPR085C,YBL084C,0,-2.6170704,0.10350170731544495,1.0,0.8680736422538757
YLR044C,YMR114C,0,-2.6176872,0.10349101573228836,1.0,0.8681736588478088
YJR073C,YNL040W,0,-2.6177778,0.10348032414913177,1.0,0.8682736754417419
YOR132W,YEL019C,0,-2.6183715,0.10346964001655579,1.0,0.868373692035675
YGL086W,YIL136W,0,-2.6189902,0.1034589558839798,1.0,0.8684737086296082
YCR101C,YPL256C,0,-2.619281,0.1034482792019844,1.0,0.8685737252235413
YLR414C,YJR051W,0,-2.6199923,0.10343759506940842,1.0,0.8686737418174744
YBL054W,YOL158C,0,-2.620319,0.10342691838741302,1.0,0.8687737584114075
YDL236W,YKL012W,0,-2.620585,0.10341624170541763,1.0,0.8688737750053406
YCR101C,YPL162C,0,-2.6209388,0.10340557247400284,1.0,0.8689737915992737
YGR224W,YJL129C,0,-2.621156,0.10339490324258804,1.0,0.8690738081932068
YLL016W,YBR298C,0,-2.6225002,0.10338423401117325,1.0,0.8691738247871399
YGR246C,YER035W,0,-2.6235318,0.10337357223033905,1.0,0.869273841381073
YKR030W,YML129C,0,-2.623541,0.10336290299892426,1.0,0.8693738579750061
YCL034W,YKL127W,0,-2.6237853,0.10335224121809006,1.0,0.8694738745689392
YBR062C,YAL036C,0,-2.6242778,0.10334158688783646,1.0,0.8695738911628723
YOR125C,YDR325W,0,-2.6245642,0.10333092510700226,1.0,0.8696739077568054
YBR114W,YHL035C,0,-2.6246123,0.10332027077674866,1.0,0.8697739839553833
YGR099W,YGL084C,0,-2.6259675,0.10330961644649506,1.0,0.8698740005493164
YGL006W,YLR287C,0,-2.6270874,0.10329896956682205,1.0,0.8699740171432495
YHR026W,YMR197C,0,-2.6280727,0.10328832268714905,1.0,0.8700740337371826
YHR171W,YBR168W,0,-2.6281471,0.10327767580747604,1.0,0.8701740503311157
YMR316W,YGR224W,0,-2.6281881,0.10326702892780304,1.0,0.8702740669250488
YDR435C,YOL001W,0,-2.6287472,0.10325638949871063,1.0,0.8703740835189819
YDL065C,YKL034W,0,-2.629042,0.10324575006961823,1.0,0.870474100112915
YCR012W,YMR017W,0,-2.6296268,0.10323511064052582,1.0,0.8705741167068481
YDR440W,YFL009W,0,-2.6300535,0.10322447866201401,1.0,0.8706741333007812
YMR164C,YOR101W,0,-2.6308107,0.1032138466835022,1.0,0.8707741498947144
YOL004W,YOR147W,0,-2.6309323,0.10320321470499039,1.0,0.8708741664886475
YDL046W,YJL186W,0,-2.6311255,0.10319258272647858,1.0,0.8709741830825806
YHL019C,YOL001W,0,-2.6317518,0.10318195819854736,1.0,0.8710741996765137
YLR371W,YOL158C,0,-2.6329613,0.10317133367061615,1.0,0.8711742162704468
YGR223C,YJL111W,0,-2.6334186,0.10316070914268494,1.0,0.8712742328643799
YAR027W,YDR153C,0,-2.63347,0.10315009206533432,1.0,0.871374249458313
YKL125W,YOR162C,0,-2.633887,0.1031394749879837,1.0,0.8714742660522461
YPL147W,YCL059C,0,-2.6339035,0.10312885791063309,1.0,0.871574342250824
YCL018W,YLR389C,0,-2.634559,0.10311824828386307,1.0,0.8716743588447571
YPL041C,YPL058C,0,-2.6350067,0.10310763865709305,1.0,0.8717743754386902
YNL082W,YMR042W,0,-2.635044,0.10309702903032303,1.0,0.8718743920326233
YHR178W,YML067C,0,-2.6350567,0.10308641940355301,1.0,0.8719744086265564
YOR190W,YDL236W,0,-2.6355596,0.10307581722736359,1.0,0.8720744252204895
YBL031W,YBL084C,0,-2.636259,0.10306521505117416,1.0,0.8721744418144226
YJL074C,YDR512C,0,-2.6363783,0.10305461287498474,1.0,0.8722744584083557
YHL023C,YDL018C,0,-2.6365786,0.10304401814937592,1.0,0.8723744750022888
YOL003C,YPL187W,0,-2.636653,0.10303341597318649,1.0,0.8724744915962219
YOR193W,YDL212W,0,-2.6368337,0.10302282869815826,1.0,0.872574508190155
YMR156C,YER019W,0,-2.6372035,0.10301223397254944,1.0,0.8726745247840881
YPR105C,YJR085C,0,-2.637241,0.10300164669752121,1.0,0.8727745413780212
YBR065C,YCL029C,0,-2.6380725,0.10299105942249298,1.0,0.8728745579719543
YJL159W,YOR017W,0,-2.6384053,0.10298047214746475,1.0,0.8729745745658875
YKL103C,YJL138C,0,-2.6386585,0.10296989232301712,1.0,0.8730745911598206
YGL086W,YGR053C,0,-2.6387644,0.10295931249856949,1.0,0.8731746077537537
YIL037C,YNL314W,0,-2.639302,0.10294873267412186,1.0,0.8732746839523315
YCR007C,YMR093W,0,-2.6397166,0.10293815284967422,1.0,0.8733747005462646
YPL084W,YOR214C,0,-2.63974,0.10292758047580719,1.0,0.8734747171401978
YDL190C,YJL020C,0,-2.639862,0.10291700810194016,1.0,0.8735747337341309
YER060W-A,YNL009W,0,-2.6399918,0.10290643572807312,1.0,0.873674750328064
YJR102C,YIL126W,0,-2.6409106,0.10289587080478668,1.0,0.8737747669219971
YNR001C,YLR013W,0,-2.641076,0.10288530588150024,1.0,0.8738747835159302
YOR388C,YKL095W,0,-2.6414714,0.1028747409582138,1.0,0.8739748001098633
YOL042W,YDR466W,0,-2.6418986,0.10286418348550797,1.0,0.8740748167037964
YIL072W,YIL095W,0,-2.6419787,0.10285362601280212,1.0,0.8741748332977295
YDR375C,YDR488C,0,-2.6421828,0.10284306854009628,1.0,0.8742748498916626
YMR036C,YDL077C,0,-2.6429772,0.10283251106739044,1.0,0.8743748664855957
YDR375C,YOL054W,0,-2.6432815,0.1028219610452652,1.0,0.8744748830795288
YMR265C,YLR390W-A,0,-2.6435046,0.10281141102313995,1.0,0.8745748996734619
YPL084W,YBR164C,0,-2.6440048,0.10280086100101471,1.0,0.874674916267395
YPR160W,YDR352W,0,-2.6442225,0.10279031842947006,1.0,0.8747749328613281
YGR132C,YMR274C,0,-2.6444147,0.10277977585792542,1.0,0.8748749494552612
YOL039W,YHL024W,0,-2.6450763,0.10276923328638077,1.0,0.8749749660491943
YGL174W,YDR100W,0,-2.6451235,0.10275869071483612,1.0,0.8750750422477722
YNR015W,YDR258C,0,-2.6452353,0.10274815559387207,1.0,0.8751750588417053
YER065C,YMR113W,0,-2.6455529,0.10273762047290802,1.0,0.8752750754356384
YDR512C,YOR172W,0,-2.645698,0.10272708535194397,1.0,0.8753750920295715
YDL084W,YGR138C,0,-2.6457613,0.10271655768156052,1.0,0.8754751086235046
YPL196W,YHR207C,0,-2.6459408,0.10270603001117706,1.0,0.8755751252174377
YKL104C,YEL070W,0,-2.6466217,0.10269550234079361,1.0,0.8756751418113708
YDR356W,YJL186W,0,-2.6469355,0.10268497467041016,1.0,0.875775158405304
YOR206W,YAR027W,0,-2.6469455,0.1026744544506073,1.0,0.8758751749992371
YIL072W,YDR308C,0,-2.647359,0.10266393423080444,1.0,0.8759751915931702
YKL095W,YLR240W,0,-2.6477022,0.10265341401100159,1.0,0.8760752081871033
YNL082W,YMR323W,0,-2.6479576,0.10264290124177933,1.0,0.8761752247810364
YJL108C,YBR029C,0,-2.6481605,0.10263238847255707,1.0,0.8762752413749695
YIL037C,YBR290W,0,-2.6483123,0.10262187570333481,1.0,0.8763752579689026
YJR086W,YGL253W,0,-2.6485724,0.10261137038469315,1.0,0.8764752745628357
YKL077W,YHR194W,0,-2.6486702,0.10260085761547089,1.0,0.8765752911567688
YPR055W,YOL084W,0,-2.648941,0.10259035229682922,1.0,0.8766753077507019
YBR242W,YPL134C,0,-2.6490746,0.10257985442876816,1.0,0.8767753839492798
YGR224W,YNL073W,0,-2.6492162,0.1025693491101265,1.0,0.8768754005432129
YAR033W,YPL130W,0,-2.649325,0.10255885124206543,1.0,0.876975417137146
YJL159W,YNL318C,0,-2.6494408,0.10254836082458496,1.0,0.8770754337310791
YKL176C,YHL019C,0,-2.650123,0.1025378629565239,1.0,0.8771754503250122
YGR030C,YBR168W,0,-2.6504617,0.10252737253904343,1.0,0.8772754669189453
YOR156C,YDR356W,0,-2.650466,0.10251688212156296,1.0,0.8773754835128784
YGR236C,YER075C,0,-2.6505134,0.10250639170408249,1.0,0.8774755001068115
YGL021W,YGR209C,0,-2.6505923,0.10249590873718262,1.0,0.8775755167007446
YDR381W,YMR096W,0,-2.6507845,0.10248542577028275,1.0,0.8776755332946777
YPR025C,YHL028W,0,-2.6513178,0.10247494280338287,1.0,0.8777755498886108
YML056C,YGR067C,0,-2.651387,0.1024644672870636,1.0,0.877875566482544
YLR323C,YDR148C,0,-2.6518447,0.10245398432016373,1.0,0.877975583076477
YAL055W,YDL127W,0,-2.651897,0.10244351625442505,1.0,0.8780755996704102
YBR108W,YIL014W,0,-2.651898,0.10243304073810577,1.0,0.8781756162643433
YDR512C,YOR321W,0,-2.6519752,0.1024225726723671,1.0,0.8782756328582764
YER170W,YHR061C,0,-2.652174,0.10241210460662842,1.0,0.8783756494522095
YDL177C,YOL032W,0,-2.6522424,0.10240163654088974,1.0,0.8784756660461426
YMR096W,YOL084W,0,-2.6522508,0.10239116847515106,1.0,0.8785757422447205
YDL114W,YEL026W,0,-2.6526194,0.10238070785999298,1.0,0.8786757588386536
YOR087W,YML062C,0,-2.6529377,0.1023702472448349,1.0,0.8787757754325867
YDL073W,YEL039C,0,-2.6531909,0.10235979408025742,1.0,0.8788757920265198
YPL196W,YBR288C,0,-2.6534767,0.10234933346509933,1.0,0.8789758086204529
YMR019W,YPL196W,0,-2.654387,0.10233888030052185,1.0,0.879075825214386
YGL234W,YPL191C,0,-2.654858,0.10232843458652496,1.0,0.8791758418083191
YDR194C,YNL318C,0,-2.6550336,0.10231798142194748,1.0,0.8792758584022522
YML096W,YKL146W,0,-2.6551042,0.10230753570795059,1.0,0.8793758749961853
YOR147W,YEL019C,0,-2.6552057,0.1022970899939537,1.0,0.8794758915901184
YGL162W,YKL085W,0,-2.6553717,0.10228664427995682,1.0,0.8795759081840515
YDR009W,YGR055W,0,-2.6560197,0.10227620601654053,1.0,0.8796759247779846
YMR164C,YDR125C,0,-2.6562767,0.10226576775312424,1.0,0.8797759413719177
YDL021W,YOL051W,0,-2.656477,0.10225532948970795,1.0,0.8798759579658508
YHR143W,YOR113W,0,-2.6567903,0.10224489867687225,1.0,0.8799759745597839
YJL042W,YJR024C,0,-2.657624,0.10223446786403656,1.0,0.880075991153717
YLR139C,YFL044C,0,-2.658099,0.10222403705120087,1.0,0.8801760077476501
YNL194C,YGL105W,0,-2.6585696,0.10221360623836517,1.0,0.880276083946228
YOL042W,YJL105W,0,-2.6588147,0.10220318287611008,1.0,0.8803761005401611
YPR134W,YLR215C,0,-2.6599166,0.10219275951385498,1.0,0.8804761171340942
YDR140W,YOR132W,0,-2.6601696,0.10218233615159988,1.0,0.8805761337280273
YGR087C,YOR301W,0,-2.661764,0.10217192023992538,1.0,0.8806761503219604
YHR178W,YNL194C,0,-2.6618407,0.10216150432825089,1.0,0.8807761669158936
YBR054W,YNL181W,0,-2.6621938,0.10215108841657639,1.0,0.8808761835098267
YEL069C,YOR250C,0,-2.662344,0.10214067250490189,1.0,0.8809762001037598
YFL054C,YPR016C,0,-2.6623492,0.10213026404380798,1.0,0.8810762166976929
YER039C,YJL143W,0,-2.6624312,0.10211985558271408,1.0,0.881176233291626
YPL111W,YOR046C,0,-2.662456,0.10210944712162018,1.0,0.8812762498855591
YBL028C,YJR103W,0,-2.6624615,0.10209903866052628,1.0,0.8813762664794922
YMR019W,YLR204W,0,-2.6628132,0.10208863765001297,1.0,0.8814762830734253
YPL239W,YHR096C,0,-2.663002,0.10207823663949966,1.0,0.8815762996673584
YJL074C,YER144C,0,-2.6630874,0.10206784307956696,1.0,0.8816763162612915
YML055W,YJR065C,0,-2.6631682,0.10205744206905365,1.0,0.8817763328552246
YKL176C,YDL024C,0,-2.6633081,0.10204704850912094,1.0,0.8818763494491577
YHR152W,YNL262W,0,-2.6634688,0.10203666239976883,1.0,0.8819763660430908
YOR144C,YOR039W,0,-2.6635027,0.10202626883983612,1.0,0.8820764422416687
YJR086W,YML086C,0,-2.6635191,0.10201588273048401,1.0,0.8821764588356018
YER179W,YBR044C,0,-2.6647706,0.1020054966211319,1.0,0.8822764754295349
YJL138C,YLR151C,0,-2.664982,0.10199511051177979,1.0,0.882376492023468
YCR008W,YDR434W,0,-2.6650732,0.10198473185300827,1.0,0.8824765086174011
YDR266C,YCR075C,0,-2.665077,0.10197435319423676,1.0,0.8825765252113342
YFR029W,YGR070W,0,-2.665484,0.10196397453546524,1.0,0.8826765418052673
YLR219W,YOR254C,0,-2.66572,0.10195360332727432,1.0,0.8827765583992004
YCR101C,YGR054W,0,-2.6662092,0.1019432321190834,1.0,0.8828765749931335
YNL240C,YEL012W,0,-2.666369,0.10193286091089249,1.0,0.8829765915870667
YNL156C,YCR094W,0,-2.6668549,0.10192248970270157,1.0,0.8830766081809998
YOL052C-A,YER069W,0,-2.6669917,0.10191212594509125,1.0,0.8831766247749329
YEL069C,YCR059C,0,-2.6672058,0.10190176218748093,1.0,0.883276641368866
YNL278W,YDR434W,0,-2.6680014,0.1018913984298706,1.0,0.8833766579627991
YJR085C,YJR028W,0,-2.6683564,0.10188103467226028,1.0,0.8834766745567322
YNL003C,YJL129C,0,-2.6684022,0.10187067836523056,1.0,0.8835766911506653
YLR096W,YHL023C,0,-2.6684587,0.10186032205820084,1.0,0.8836767077445984
YDR326C,YBR093C,0,-2.6692276,0.10184997320175171,1.0,0.8837767839431763
YJL173C,YMR114C,0,-2.6692858,0.10183961689472198,1.0,0.8838768005371094
YJR159W,YOR129C,0,-2.6694434,0.10182926803827286,1.0,0.8839768171310425
YHR080C,YKL212W,0,-2.6697521,0.10181891918182373,1.0,0.8840768337249756
YBR070C,YNL159C,0,-2.6697574,0.1018085777759552,1.0,0.8841768503189087
YKL093W,YMR146C,0,-2.6697783,0.10179822891950607,1.0,0.8842768669128418
YDR240C,YDR080W,0,-2.6703463,0.10178788751363754,1.0,0.8843768835067749
YLR079W,YHR096C,0,-2.6710634,0.10177755355834961,1.0,0.884476900100708
YBR108W,YOR307C,0,-2.6711245,0.10176721215248108,1.0,0.8845769166946411
YJR055W,YOR290C,0,-2.67212,0.10175687819719315,1.0,0.8846769332885742
YDL114W,YPL021W,0,-2.6730323,0.10174654424190521,1.0,0.8847769498825073
YPL187W,YLR362W,0,-2.6743417,0.10173621773719788,1.0,0.8848769664764404
YER101C,YKL059C,0,-2.6747835,0.10172589123249054,1.0,0.8849769830703735
YIL126W,YOL032W,0,-2.6749625,0.1017155647277832,1.0,0.8850769996643066
YER071C,YNL233W,0,-2.6752026,0.10170523822307587,1.0,0.8851770162582397
YBR070C,YNL084C,0,-2.67521,0.10169491171836853,1.0,0.8852770328521729
YNL073W,YBR175W,0,-2.6753287,0.10168459266424179,1.0,0.885377049446106
YGR026W,YPR171W,0,-2.675354,0.10167427361011505,1.0,0.8854770660400391
YLR139C,YNL015W,0,-2.6754704,0.10166396200656891,1.0,0.8855771422386169
YNL082W,YHL028W,0,-2.6755476,0.10165365040302277,1.0,0.88567715883255
YML055W,YLR457C,0,-2.6757727,0.10164333879947662,1.0,0.8857771754264832
YLR065C,YMR315W,0,-2.6760964,0.10163302719593048,1.0,0.8858771920204163
YJR068W,YKR031C,0,-2.6763358,0.10162271559238434,1.0,0.8859772086143494
YPL023C,YLR371W,0,-2.676509,0.10161241143941879,1.0,0.8860772252082825
YHR143W-A,YGR070W,0,-2.6768293,0.10160210728645325,1.0,0.8861772418022156
YLR433C,YER103W,0,-2.677297,0.1015918105840683,1.0,0.8862772583961487
YDR405W,YHL020C,0,-2.6773453,0.10158150643110275,1.0,0.8863772749900818
YLR323C,YLR215C,0,-2.677613,0.1015712097287178,1.0,0.8864772915840149
YDL240W,YOL055C,0,-2.678245,0.10156091302633286,1.0,0.886577308177948
YOR162C,YJL044C,0,-2.6791286,0.1015506237745285,1.0,0.8866773247718811
YDR153C,YIL124W,0,-2.6801581,0.10154033452272415,1.0,0.8867773413658142
YGR052W,YJR119C,0,-2.6803727,0.1015300452709198,1.0,0.8868773579597473
YER144C,YBR291C,0,-2.6807537,0.10151975601911545,1.0,0.8869773745536804
YNL009W,YDR240C,0,-2.682296,0.1015094742178917,1.0,0.8870773911476135
YKL222C,YER020W,0,-2.682469,0.10149919241666794,1.0,0.8871774077415466
YDL225W,YOR275C,0,-2.682771,0.10148891061544418,1.0,0.8872774839401245
YBR128C,YDR091C,0,-2.6832566,0.10147862881422043,1.0,0.8873775005340576
YDL073W,YPL259C,0,-2.6833086,0.10146835446357727,1.0,0.8874775171279907
YKL093W,YML075C,0,-2.683581,0.10145808011293411,1.0,0.8875775337219238
YLR352W,YCL018W,0,-2.683839,0.10144780576229095,1.0,0.8876775503158569
YNL312W,YDR490C,0,-2.6839395,0.1014375388622284,1.0,0.88777756690979
YHL035C,YOR198C,0,-2.6839664,0.10142727196216583,1.0,0.8878775835037231
YNL262W,YOR275C,0,-2.684111,0.10141700506210327,1.0,0.8879776000976562
YPL202C,YPL036W,0,-2.684443,0.10140673816204071,1.0,0.8880776166915894
YHR096C,YKL201C,0,-2.6848454,0.10139647871255875,1.0,0.8881776332855225
YLR239C,YBL023C,0,-2.6849117,0.10138621926307678,1.0,0.8882776498794556
YHL044W,YHR040W,0,-2.6850727,0.10137595981359482,1.0,0.8883776664733887
YJR097W,YGR209C,0,-2.685127,0.10136570781469345,1.0,0.8884776830673218
YDR039C,YIL099W,0,-2.6854026,0.10135545581579208,1.0,0.8885776996612549
YJL108C,YNL027W,0,-2.685802,0.10134520381689072,1.0,0.888677716255188
YCR072C,YJR110W,0,-2.68582,0.10133495181798935,1.0,0.8887777328491211
YJR102C,YLR337C,0,-2.6862683,0.10132470726966858,1.0,0.8888777494430542
YGR224W,YMR190C,0,-2.6863828,0.10131446272134781,1.0,0.8889777660369873
YJR097W,YLR240W,0,-2.6866455,0.10130421817302704,1.0,0.8890778422355652
YKL127W,YPL213W,0,-2.6867998,0.10129397362470627,1.0,0.8891778588294983
YGR100W,YMR017W,0,-2.687614,0.1012837365269661,1.0,0.8892778754234314
YHR084W,YMR110C,0,-2.6878548,0.10127349942922592,1.0,0.8893778920173645
YLR457C,YDL077C,0,-2.6879494,0.10126326233148575,1.0,0.8894779086112976
YER179W,YIL014W,0,-2.6880193,0.10125303268432617,1.0,0.8895779252052307
YMR322C,YGL259W,0,-2.6883764,0.1012428030371666,1.0,0.8896779417991638
YLR369W,YDR334W,0,-2.6884217,0.10123257339000702,1.0,0.8897779583930969
YPL220W,YER039C,0,-2.6890574,0.10122234374284744,1.0,0.88987797498703
YHR048W,YJL001W,0,-2.6901348,0.10121212154626846,1.0,0.8899779915809631
YBR293W,YOR250C,0,-2.6903684,0.10120189934968948,1.0,0.8900780081748962
YGR087C,YJR124C,0,-2.690404,0.1011916771531105,1.0,0.8901780247688293
YFR051C,YJR050W,0,-2.6914616,0.10118146240711212,1.0,0.8902780413627625
YJR065C,YDL177C,0,-2.6918466,0.10117124766111374,1.0,0.8903780579566956
YHR066W,YLL016W,0,-2.6918542,0.10116103291511536,1.0,0.8904780745506287
YPR019W,YHR048W,0,-2.6922102,0.10115081816911697,1.0,0.8905780911445618
YNL177C,YPL202C,0,-2.6924314,0.10114061087369919,1.0,0.8906781077384949
YKL103C,YGR049W,0,-2.6928515,0.1011303961277008,1.0,0.8907781839370728
YLR118C,YBL084C,0,-2.6929185,0.10112019628286362,1.0,0.8908782005310059
YJL074C,YOL067C,0,-2.6939654,0.10110998898744583,1.0,0.890978217124939
YOL019W,YDR018C,0,-2.6942644,0.10109978914260864,1.0,0.8910782337188721
YDR342C,YDR469W,0,-2.6947882,0.10108958929777145,1.0,0.8911782503128052
YOR270C,YHL018W,0,-2.6949658,0.10107938945293427,1.0,0.8912782669067383
YBR065C,YML132W,0,-2.6950345,0.10106919705867767,1.0,0.8913782835006714
YPR032W,YFR047C,0,-2.6952066,0.10105900466442108,1.0,0.8914783000946045
YIR015W,YHL024W,0,-2.6956196,0.10104881227016449,1.0,0.8915783166885376
YKL077W,YBR098W,0,-2.6957135,0.1010386198759079,1.0,0.8916783332824707
YDR071C,YER089C,0,-2.695802,0.1010284349322319,1.0,0.8917783498764038
YGR246C,YER096W,0,-2.695857,0.10101824998855591,1.0,0.8918783664703369
YKL104C,YIL013C,0,-2.6959538,0.10100806504487991,1.0,0.89197838306427
YOR291W,YMR011W,0,-2.6962247,0.10099788010120392,1.0,0.8920783996582031
YLL015W,YJL134W,0,-2.6962519,0.10098770260810852,1.0,0.8921784162521362
YNL232W,YNL183C,0,-2.6965055,0.10097752511501312,1.0,0.8922784328460693
YDR156W,YHR087W,0,-2.696791,0.10096735507249832,1.0,0.8923784494400024
YFL041W,YNL233W,0,-2.6976333,0.10095717757940292,1.0,0.8924784660339355
YDR462W,YML065W,0,-2.697754,0.10094700753688812,1.0,0.8925785422325134
YGR100W,YLR443W,0,-2.6977706,0.10093683749437332,1.0,0.8926785588264465
YPL187W,YJL074C,0,-2.6981921,0.10092667490243912,1.0,0.8927785754203796
YMR020W,YNL312W,0,-2.698326,0.10091650485992432,1.0,0.8928785920143127
YDL018C,YLR403W,0,-2.6986132,0.10090634226799011,1.0,0.8929786086082458
YFR041C,YIL084C,0,-2.6991935,0.1008961871266365,1.0,0.893078625202179
YKL095W,YIR008C,0,-2.6993506,0.1008860245347023,1.0,0.8931786417961121
YLR136C,YOR299W,0,-2.6994166,0.1008758693933487,1.0,0.8932786583900452
YPL116W,YBR182C,0,-2.6995075,0.10086571425199509,1.0,0.8933786749839783
YOR156C,YOR147W,0,-2.6995854,0.10085555911064148,1.0,0.8934786915779114
YGL027C,YJL116C,0,-2.7002118,0.10084541141986847,1.0,0.8935787081718445
YNR008W,YJR050W,0,-2.7010436,0.10083526372909546,1.0,0.8936787247657776
YGR053C,YDL136W,0,-2.7011569,0.10082511603832245,1.0,0.8937787413597107
YER050C,YLR337C,0,-2.7016368,0.10081496834754944,1.0,0.8938787579536438
YMR098C,YJR110W,0,-2.702162,0.10080482810735703,1.0,0.8939787745475769
YHR157W,YOR077W,0,-2.702415,0.10079468786716461,1.0,0.89407879114151
YBR299W,YOR172W,0,-2.7024632,0.1007845476269722,1.0,0.8941788077354431
YPR187W,YGL161C,0,-2.7027466,0.10077441483736038,1.0,0.894278883934021
YOR295W,YDR208W,0,-2.702797,0.10076428204774857,1.0,0.8943789005279541
YEL070W,YDR156W,0,-2.7028365,0.10075414925813675,1.0,0.8944789171218872
YER102W,YER039C,0,-2.7029371,0.10074401646852493,1.0,0.8945789337158203
YJL025W,YMR099C,0,-2.7029614,0.10073389112949371,1.0,0.8946789503097534
YDL201W,YDL110C,0,-2.7057815,0.1007237657904625,1.0,0.8947789669036865
YJL025W,YJL154C,0,-2.7061367,0.10071364045143127,1.0,0.8948789834976196
YDL130W,YLR362W,0,-2.7061608,0.10070351511240005,1.0,0.8949790000915527
YER127W,YJR035W,0,-2.7062771,0.10069339722394943,1.0,0.8950790166854858
YHR124W,YOL032W,0,-2.7064688,0.10068327933549881,1.0,0.895179033279419
YKL127W,YBR298C,0,-2.7067597,0.10067316144704819,1.0,0.895279049873352
YMR073C,YFL054C,0,-2.7082477,0.10066305100917816,1.0,0.8953790664672852
YOL109W,YJR155W,0,-2.708776,0.10065294057130814,1.0,0.8954790830612183
YBR200W,YBR087W,0,-2.709265,0.10064283013343811,1.0,0.8955790996551514
YNL265C,YDR125C,0,-2.7092998,0.10063271969556808,1.0,0.8956791162490845
YHR048W,YOR136W,0,-2.7099373,0.10062261670827866,1.0,0.8957791328430176
YIL136W,YDL171C,0,-2.709969,0.10061251372098923,1.0,0.8958791494369507
YLL015W,YOR190W,0,-2.7100143,0.1006024107336998,1.0,0.8959792256355286
YOR388C,YLR309C,0,-2.7107277,0.10059230774641037,1.0,0.8960792422294617
YER025W,YDR001C,0,-2.7110205,0.10058221220970154,1.0,0.8961792588233948
YPL253C,YDR462W,0,-2.7111259,0.1005721166729927,1.0,0.8962792754173279
YLR004C,YBR050C,0,-2.7111273,0.10056202113628387,1.0,0.896379292011261
YIL126W,YNL318C,0,-2.7114391,0.10055193305015564,1.0,0.8964793086051941
YDR295C,YLR425W,0,-2.7116263,0.1005418449640274,1.0,0.8965793251991272
YGR004W,YDR438W,0,-2.7117672,0.10053175687789917,1.0,0.8966793417930603
YIL061C,YHR004C,0,-2.712182,0.10052166879177094,1.0,0.8967793583869934
YJL001W,YHR205W,0,-2.7122476,0.1005115881562233,1.0,0.8968793749809265
YBR183W,YNL201C,0,-2.7122614,0.10050150752067566,1.0,0.8969793915748596
YDR342C,YHR040W,0,-2.7125041,0.10049142688512802,1.0,0.8970794081687927
YER101C,YIL004C,0,-2.7126393,0.10048134624958038,1.0,0.8971794247627258
YPR097W,YHL044W,0,-2.7130282,0.10047127306461334,1.0,0.8972794413566589
YIL113W,YGR271C-A,0,-2.7132301,0.1004611998796463,1.0,0.897379457950592
YJR136C,YBL013W,0,-2.7132645,0.10045112669467926,1.0,0.8974794745445251
YIL162W,YNL227C,0,-2.7133527,0.10044106096029282,1.0,0.8975794911384583
YML058W,YDR437W,0,-2.7133913,0.10043098777532578,1.0,0.8976795077323914
YJL087C,YOR081C,0,-2.713535,0.10042092949151993,1.0,0.8977795839309692
YHR153C,YJR097W,0,-2.713823,0.10041086375713348,1.0,0.8978796005249023
YJL143W,YER035W,0,-2.7139254,0.10040079802274704,1.0,0.8979796171188354
YLR348C,YDR049W,0,-2.7143226,0.10039073973894119,1.0,0.8980796337127686
YLL018C,YML058W-A,0,-2.7144954,0.10038068890571594,1.0,0.8981796503067017
YJL042W,YLR065C,0,-2.7145653,0.1003706306219101,1.0,0.8982796669006348
YLR371W,YLR085C,0,-2.714869,0.10036057978868484,1.0,0.8983796834945679
YDR288W,YBR108W,0,-2.7150946,0.1003505289554596,1.0,0.898479700088501
YFR006W,YKL093W,0,-2.7153215,0.10034047812223434,1.0,0.8985797166824341
YKL034W,YGR030C,0,-2.7153502,0.1003304272890091,1.0,0.8986797332763672
YJR153W,YDR325W,0,-2.7156062,0.10032038390636444,1.0,0.8987797498703003
YCL043C,YOL158C,0,-2.715798,0.10031034052371979,1.0,0.8988797664642334
YKL103C,YML055W,0,-2.7159786,0.10030029714107513,1.0,0.8989797830581665
YLR139C,YNL249C,0,-2.716068,0.10029026120901108,1.0,0.8990797996520996
YLR433C,YLR160C,0,-2.7162347,0.10028022527694702,1.0,0.8991798162460327
YGL022W,YML128C,0,-2.7166553,0.10027018934488297,1.0,0.8992798328399658
YJL085W,YDR438W,0,-2.7174253,0.10026015341281891,1.0,0.8993798494338989
YPL174C,YBL095W,0,-2.7176597,0.10025012493133545,1.0,0.8994799256324768
YKL062W,YBR050C,0,-2.7180376,0.10024009644985199,1.0,0.8995799422264099
YEL070W,YIL014W,0,-2.7180586,0.10023006796836853,1.0,0.899679958820343
YFL017C,YNL073W,0,-2.7183146,0.10022004693746567,1.0,0.8997799754142761
YHL018W,YHR040W,0,-2.7184105,0.10021001845598221,1.0,0.8998799920082092
YPL181W,YER023W,0,-2.718721,0.10019999742507935,1.0,0.8999800086021423
YER179W,YKL027W,0,-2.718731,0.10018998384475708,1.0,0.9000800251960754
YER089C,YER142C,0,-2.7192035,0.10017996281385422,1.0,0.9001800417900085
YLR115W,YML017W,0,-2.7193332,0.10016994923353195,1.0,0.9002800583839417
YHR011W,YGL104C,0,-2.71941,0.10015993565320969,1.0,0.9003800749778748
YGL094C,YOR150W,0,-2.7200897,0.10014992207288742,1.0,0.9004800915718079
YOR240W,YFL039C,0,-2.720593,0.10013991594314575,1.0,0.900580108165741
YDR152W,YER142C,0,-2.7207074,0.10012990981340408,1.0,0.9006801247596741
YDR512C,YKL127W,0,-2.7208042,0.10011990368366241,1.0,0.9007801413536072
YBR021W,YJR159W,0,-2.7208924,0.10010989755392075,1.0,0.9008801579475403
YDR342C,YMR077C,0,-2.722422,0.10009989887475967,1.0,0.9009801745414734
YFL044C,YJL105W,0,-2.723155,0.1000899001955986,1.0,0.9010801911354065
YNL003C,YLR228C,0,-2.7234638,0.10007990151643753,1.0,0.9011802077293396
YNR019W,YML058W-A,0,-2.723537,0.10006991028785706,1.0,0.9012802839279175
YPL115C,YNR019W,0,-2.723787,0.10005991905927658,1.0,0.9013803005218506
YOR144C,YNL073W,0,-2.7237878,0.1000499278306961,1.0,0.9014803171157837
YMR114C,YNL201C,0,-2.723867,0.10003993660211563,1.0,0.9015803337097168
YIL018W,YPL130W,0,-2.7241468,0.10002994537353516,1.0,0.9016803503036499
YOL003C,YPL130W,0,-2.7242312,0.10001996159553528,1.0,0.901780366897583
YIL136W,YJR053W,0,-2.7242389,0.1000099778175354,1.0,0.9018803834915161
YMR306W,YPL220W,0,-2.7246506,0.10000000149011612,1.0,0.9019804000854492
YNL265C,YMR247C,0,-2.7247095,0.09999001771211624,1.0,0.9020804166793823
YHR178W,YDR100W,0,-2.7255914,0.09998004138469696,1.0,0.9021804332733154
YPL132W,YIL099W,0,-2.7256136,0.09997007250785828,1.0,0.9022804498672485
YMR322C,YAL007C,0,-2.7259302,0.099960096180439,1.0,0.9023804664611816
YCR091W,YEL036C,0,-2.7264366,0.09995012730360031,1.0,0.9024804830551147
YBL058W,YMR042W,0,-2.7265906,0.09994015842676163,1.0,0.9025804996490479
YAL043C,YJR147W,0,-2.7272043,0.09993018954992294,1.0,0.902680516242981
YHL013C,YHR092C,0,-2.7273226,0.09992022067308426,1.0,0.9027805328369141
YLR461W,YDR240C,0,-2.727542,0.09991025924682617,1.0,0.9028805494308472
YPR091C,YDR153C,0,-2.729302,0.09990029782056808,1.0,0.902980625629425
YDR519W,YBL084C,0,-2.7305632,0.09989033639431,1.0,0.9030806422233582
YJR159W,YER069W,0,-2.7306614,0.09988038241863251,1.0,0.9031806588172913
YPL192C,YIL099W,0,-2.7306776,0.09987042844295502,1.0,0.9032806754112244
YML133C,YDR240C,0,-2.7307396,0.09986047446727753,1.0,0.9033806920051575
YMR197C,YHR117W,0,-2.7308812,0.09985052049160004,1.0,0.9034807085990906
YML037C,YDR018C,0,-2.7311347,0.09984057396650314,1.0,0.9035807251930237
YDR405W,YPL028W,0,-2.7316267,0.09983062744140625,1.0,0.9036807417869568
YBR156C,YCR042C,0,-2.7324295,0.09982068091630936,1.0,0.9037807583808899
YGL231C,YDR141C,0,-2.7329068,0.09981074184179306,1.0,0.903880774974823
YKL127W,YBL084C,0,-2.7329247,0.09980079531669617,1.0,0.9039807915687561
YFL041W,YOR106W,0,-2.7332416,0.09979085624217987,1.0,0.9040808081626892
YHR153C,YER144C,0,-2.733716,0.09978091716766357,1.0,0.9041808247566223
YDL208W,YPL147W,0,-2.7338448,0.09977098554372787,1.0,0.9042808413505554
YBR021W,YKL012W,0,-2.7338994,0.09976105391979218,1.0,0.9043808579444885
YPR194C,YNR027W,0,-2.7342281,0.09975112229585648,1.0,0.9044808745384216
YPL134C,YDR448W,0,-2.7350543,0.09974119067192078,1.0,0.9045808911323547
YGL141W,YCR043C,0,-2.7355065,0.09973126649856567,1.0,0.9046809077262878
YHR132W-A,YAL036C,0,-2.7355099,0.09972133487462997,1.0,0.9047809839248657
YDR018C,YMR277W,0,-2.735649,0.09971141070127487,1.0,0.9048810005187988
YHR012W,YNL138W-A,0,-2.735907,0.09970149397850037,1.0,0.9049810171127319
YDR175C,YOR009W,0,-2.7362163,0.09969156980514526,1.0,0.905081033706665
YML096W,YDR099W,0,-2.7363636,0.09968165308237076,1.0,0.9051810503005981
YCR007C,YHR092C,0,-2.7365232,0.09967173635959625,1.0,0.9052810668945312
YDL052C,YPR095C,0,-2.736697,0.09966182708740234,1.0,0.9053810834884644
YGR101W,YGR091W,0,-2.7368367,0.09965191781520844,1.0,0.9054811000823975
YPL273W,YDL046W,0,-2.7369902,0.09964200109243393,1.0,0.9055811166763306
YFL054C,YDR156W,0,-2.7383175,0.09963209927082062,1.0,0.9056811332702637
YBR062C,YLR407W,0,-2.7384622,0.09962218999862671,1.0,0.9057811498641968
YIL142W,YEL039C,0,-2.7394085,0.0996122881770134,1.0,0.9058811664581299
YJL172W,YGL174W,0,-2.7414637,0.09960238635540009,1.0,0.905981183052063
YCL044C,YPL256C,0,-2.7418456,0.09959248453378677,1.0,0.9060811996459961
YOR361C,YDR490C,0,-2.7422042,0.09958259016275406,1.0,0.9061812162399292
YHR031C,YER013W,0,-2.7424164,0.09957268834114075,1.0,0.9062812328338623
YIL112W,YNL312W,0,-2.7429314,0.09956280142068863,1.0,0.9063812494277954
YOL071W,YGR156W,0,-2.7432947,0.09955290704965591,1.0,0.9064813256263733
YBL031W,YKL201C,0,-2.7433019,0.0995430126786232,1.0,0.9065813422203064
YHR057C,YNL233W,0,-2.7438283,0.09953312575817108,1.0,0.9066813588142395
YHR096C,YDR017C,0,-2.7439618,0.09952323883771896,1.0,0.9067813754081726
YPL130W,YER164W,0,-2.7439756,0.09951335936784744,1.0,0.9068813920021057
YOL071W,YHR207C,0,-2.7440262,0.09950347244739532,1.0,0.9069814085960388
YBL017C,YIR024C,0,-2.7441175,0.0994935929775238,1.0,0.9070814251899719
YPL036W,YLL038C,0,-2.7441916,0.09948372095823288,1.0,0.907181441783905
YER096W,YBR135W,0,-2.7442474,0.09947384148836136,1.0,0.9072814583778381
YMR154C,YJL096W,0,-2.7445383,0.09946396946907043,1.0,0.9073814749717712
YGR112W,YOL149W,0,-2.7453637,0.09945409744977951,1.0,0.9074814915657043
YDR288W,YER142C,0,-2.7458997,0.09944422543048859,1.0,0.9075815081596375
YOL052C,YCR009C,0,-2.7466984,0.09943435341119766,1.0,0.9076815247535706
YNL194C,YLR388W,0,-2.746797,0.09942448884248734,1.0,0.9077815413475037
YGL027C,YOR156C,0,-2.7473137,0.09941462427377701,1.0,0.9078815579414368
YOR083W,YBR253W,0,-2.7473254,0.09940475970506668,1.0,0.9079815745353699
YMR099C,YLR215C,0,-2.7474983,0.09939490258693695,1.0,0.908081591129303
YPL189W,YBR276C,0,-2.7476206,0.09938504546880722,1.0,0.9081816077232361
YDL114W,YDR427W,0,-2.7482543,0.09937518835067749,1.0,0.908281683921814
YEL039C,YJL129C,0,-2.7483096,0.09936533123254776,1.0,0.9083817005157471
YGL252C,YBR239C,0,-2.748317,0.09935548156499863,1.0,0.9084817171096802
YPL099C,YFR029W,0,-2.7490354,0.0993456244468689,1.0,0.9085817337036133
YGR262C,YOR081C,0,-2.7495255,0.09933578222990036,1.0,0.9086817502975464
YMR273C,YEL070W,0,-2.749744,0.09932593256235123,1.0,0.9087817668914795
YMR269W,YBL064C,0,-2.7499835,0.09931609034538269,1.0,0.9088817834854126
YDR194C,YER065C,0,-2.7506375,0.09930624067783356,1.0,0.9089818000793457
YPR091C,YJR055W,0,-2.751133,0.09929640591144562,1.0,0.9090818166732788
YMR233W,YMR315W,0,-2.7514842,0.09928656369447708,1.0,0.9091818332672119
YHR214W,YJL108C,0,-2.7516432,0.09927672892808914,1.0,0.909281849861145
YKR028W,YMR017W,0,-2.7518759,0.0992668941617012,1.0,0.9093818664550781
YNL298W,YMR031C,0,-2.75217,0.09925705939531326,1.0,0.9094818830490112
YER101C,YGR236C,0,-2.7529252,0.09924722462892532,1.0,0.9095818996429443
YKL156W,YPR013C,0,-2.7533748,0.09923739731311798,1.0,0.9096819162368774
YPR019W,YNL098C,0,-2.754284,0.09922756999731064,1.0,0.9097819328308105
YJR046W,YEL070W,0,-2.7548447,0.0992177426815033,1.0,0.9098819494247437
YMR306W,YPL030W,0,-2.7556796,0.09920792281627655,1.0,0.9099820256233215
YHR128W,YPR091C,0,-2.7560184,0.09919809550046921,1.0,0.9100820422172546
YNL086W,YOR064C,0,-2.7567282,0.09918828308582306,1.0,0.9101820588111877
YDR376W,YPL117C,0,-2.7567596,0.09917846322059631,1.0,0.9102820754051208
YGL162W,YCR107W,0,-2.757449,0.09916864335536957,1.0,0.910382091999054
YNL233W,YOR129C,0,-2.7574565,0.09915883094072342,1.0,0.9104821085929871
YPL189W,YOR129C,0,-2.7574642,0.09914901852607727,1.0,0.9105821251869202
YGL013C,YLR457C,0,-2.7578044,0.09913921356201172,1.0,0.9106821417808533
YMR290C,YPL134C,0,-2.7579882,0.09912940114736557,1.0,0.9107821583747864
YLR239C,YIL118W,0,-2.758039,0.09911959618330002,1.0,0.9108821749687195
YJL049W,YLR449W,0,-2.758558,0.09910979121923447,1.0,0.9109821915626526
YJL090C,YPL116W,0,-2.7587547,0.09909999370574951,1.0,0.9110822081565857
YKR057W,YLR297W,0,-2.7590308,0.09909018874168396,1.0,0.9111822247505188
YNL194C,YKL219W,0,-2.7598507,0.099080391228199,1.0,0.9112822413444519
YGL255W,YKL095W,0,-2.7598991,0.09907059371471405,1.0,0.911382257938385
YGL009C,YOR032C,0,-2.760491,0.09906080365180969,1.0,0.9114822745323181
YGR053C,YLR388W,0,-2.7609067,0.09905100613832474,1.0,0.9115822911262512
YKL146W,YDR004W,0,-2.761364,0.09904121607542038,1.0,0.9116823077201843
YBR128C,YNL201C,0,-2.7624068,0.09903142601251602,1.0,0.9117823839187622
YLR106C,YKL221W,0,-2.7625318,0.09902164340019226,1.0,0.9118824005126953
YEL002C,YFL051C,0,-2.7626748,0.0990118607878685,1.0,0.9119824171066284
YML118W,YKR035W-A,0,-2.762775,0.09900207817554474,1.0,0.9120824337005615
YOL012C,YGL162W,0,-2.7633696,0.09899229556322098,1.0,0.9121824502944946
YPL134C,YLR103C,0,-2.7640104,0.09898251295089722,1.0,0.9122824668884277
YMR270C,YNL318C,0,-2.7640252,0.09897273778915405,1.0,0.9123824834823608
YLR425W,YJL186W,0,-2.764379,0.09896296262741089,1.0,0.912482500076294
YPR005C,YOL136C,0,-2.7655077,0.09895318746566772,1.0,0.912582516670227
YNL003C,YHR129C,0,-2.7659836,0.09894341975450516,1.0,0.9126825332641602
YPL256C,YOL078W,0,-2.7673519,0.09893365204334259,1.0,0.9127825498580933
YER174C,YEL069C,0,-2.7673619,0.09892388433218002,1.0,0.9128825664520264
YPL202C,YMR280C,0,-2.768282,0.09891411662101746,1.0,0.9129825830459595
YDR326C,YMR278W,0,-2.7684894,0.09890435636043549,1.0,0.9130825996398926
YNL039W,YER041W,0,-2.768683,0.09889458864927292,1.0,0.9131826162338257
YHR110W,YIL013C,0,-2.7693148,0.09888482838869095,1.0,0.9132826328277588
YDR208W,YOL084W,0,-2.7694578,0.09887507557868958,1.0,0.9133826494216919
YML102W,YBR240C,0,-2.7699652,0.0988653153181076,1.0,0.9134827256202698
YDR100W,YDR004W,0,-2.7700732,0.09885556250810623,1.0,0.9135827422142029
YML055W,YGL006W,0,-2.7701612,0.09884580969810486,1.0,0.913682758808136
YDL052C,YOR065W,0,-2.7703643,0.09883606433868408,1.0,0.9137827754020691
YGL243W,YIL017C,0,-2.7717097,0.09882631152868271,1.0,0.9138827919960022
YMR114C,YGL171W,0,-2.7720246,0.09881656616926193,1.0,0.9139828085899353
YDR200C,YHL019C,0,-2.772032,0.09880682080984116,1.0,0.9140828251838684
YDR405W,YNR027W,0,-2.7726865,0.09879708290100098,1.0,0.9141828417778015
YIL073C,YBL064C,0,-2.773118,0.0987873375415802,1.0,0.9142828583717346
YBR179C,YDR014W,0,-2.7746153,0.09877759963274002,1.0,0.9143828749656677
YGR087C,YEL070W,0,-2.7746406,0.09876786917448044,1.0,0.9144828915596008
YDL073W,YHR110W,0,-2.7746465,0.09875813126564026,1.0,0.9145829081535339
YCR031C,YMR315W,0,-2.774896,0.09874840080738068,1.0,0.914682924747467
YIL027C,YHR157W,0,-2.7756104,0.0987386703491211,1.0,0.9147829413414001
YMR278W,YDR049W,0,-2.7760193,0.09872893989086151,1.0,0.9148829579353333
YGR227W,YDL110C,0,-2.7760487,0.09871920943260193,1.0,0.9149829745292664
YFL026W,YHL024W,0,-2.776238,0.09870948642492294,1.0,0.9150829911231995
YJL053W,YAL036C,0,-2.7763472,0.09869976341724396,1.0,0.9151830077171326
YGR026W,YER165W,0,-2.7764492,0.09869004040956497,1.0,0.9152830839157104
YER020W,YOR234C,0,-2.7777948,0.09868032485246658,1.0,0.9153831005096436
YIR026C,YMR114C,0,-2.7788138,0.0986706092953682,1.0,0.9154831171035767
YIL139C,YML128C,0,-2.779296,0.0986608937382698,1.0,0.9155831336975098
YMR041C,YNL232W,0,-2.779511,0.09865117818117142,1.0,0.9156831502914429
YKL020C,YML058W-A,0,-2.7795253,0.09864146262407303,1.0,0.915783166885376
YER096W,YOR032C,0,-2.7795506,0.09863175451755524,1.0,0.9158831834793091
YHR011W,YDR504C,0,-2.7795885,0.09862204641103745,1.0,0.9159832000732422
YHR012W,YJL133W,0,-2.7798276,0.09861233830451965,1.0,0.9160832166671753
YMR231W,YJL154C,0,-2.7809925,0.09860263764858246,1.0,0.9161832332611084
YOL049W,YNL318C,0,-2.7820678,0.09859293699264526,1.0,0.9162832498550415
YPR186C,YCR079W,0,-2.783259,0.09858323633670807,1.0,0.9163832664489746
YER146W,YNL015W,0,-2.783411,0.09857353568077087,1.0,0.9164832830429077
YDR371W,YPL036W,0,-2.7834177,0.09856384247541428,1.0,0.9165832996368408
YLR215C,YPL213W,0,-2.7835145,0.09855414927005768,1.0,0.9166833162307739
YLR004C,YLR309C,0,-2.7838051,0.09854445606470108,1.0,0.916783332824707
YOL003C,YGL252C,0,-2.7845793,0.09853476285934448,1.0,0.9168833494186401
YNR001C,YML055W,0,-2.7850678,0.09852507710456848,1.0,0.916983425617218
YCR101C,YGL135W,0,-2.7860227,0.09851538389921188,1.0,0.9170834422111511
YDL240W,YKR044W,0,-2.7860587,0.09850570559501648,1.0,0.9171834588050842
YKL127W,YMR042W,0,-2.7861576,0.09849601984024048,1.0,0.9172834753990173
YGL089C,YDR309C,0,-2.7861853,0.09848633408546448,1.0,0.9173834919929504
YGR282C,YEL019C,0,-2.7870555,0.09847665578126907,1.0,0.9174835085868835
YIL073C,YMR184W,0,-2.78752,0.09846697747707367,1.0,0.9175835251808167
YMR169C,YKR099W,0,-2.7877052,0.09845730662345886,1.0,0.9176835417747498
YIL084C,YEL002C,0,-2.788332,0.09844763576984406,1.0,0.9177835583686829
YMR154C,YLR457C,0,-2.7885122,0.09843795746564865,1.0,0.917883574962616
YBL085W,YBR128C,0,-2.7899199,0.09842829406261444,1.0,0.9179835915565491
YLR371W,YIL017C,0,-2.790076,0.09841862320899963,1.0,0.9180836081504822
YOR144C,YER020W,0,-2.7902503,0.09840895980596542,1.0,0.9181836247444153
YNL200C,YDR194C,0,-2.7905908,0.09839929640293121,1.0,0.9182836413383484
YLR297W,YKL081W,0,-2.7907047,0.098389632999897,1.0,0.9183836579322815
YOL152W,YLR405W,0,-2.7917554,0.09837996959686279,1.0,0.9184836745262146
YHR048W,YFL041W,0,-2.7922494,0.09837031364440918,1.0,0.9185836911201477
YFL037W,YOL017W,0,-2.7923636,0.09836065769195557,1.0,0.9186837077140808
YPL220W,YHR096C,0,-2.792445,0.09835100173950195,1.0,0.9187837839126587
YOL012C,YER142C,0,-2.792768,0.09834134578704834,1.0,0.9188838005065918
YKL146W,YKL028W,0,-2.7934263,0.09833169728517532,1.0,0.9189838171005249
YPL130W,YNL289W,0,-2.7936654,0.09832204878330231,1.0,0.919083833694458
YLR297W,YBR175W,0,-2.7944224,0.09831240028142929,1.0,0.9191838502883911
YOL032W,YNL178W,0,-2.796228,0.09830275923013687,1.0,0.9192838668823242
YMR190C,YGL084C,0,-2.7965667,0.09829311072826385,1.0,0.9193838834762573
YGR058W,YPL028W,0,-2.7968957,0.09828346967697144,1.0,0.9194839000701904
YKL087C,YDR371W,0,-2.7972682,0.09827383607625961,1.0,0.9195839166641235
YKR036C,YLR297W,0,-2.7973385,0.0982641950249672,1.0,0.9196839332580566
YNL009W,YDL201W,0,-2.797389,0.09825456142425537,1.0,0.9197839498519897
YMR184W,YOR172W,0,-2.7975028,0.09824492782354355,1.0,0.9198839664459229
YDR021W,YDR504C,0,-2.7983007,0.09823529422283173,1.0,0.919983983039856
YDR495C,YAL024C,0,-2.7992957,0.0982256606221199,1.0,0.9200839996337891
YOR156C,YJL133W,0,-2.7996097,0.09821603447198868,1.0,0.9201840162277222
YNL265C,YML102W,0,-2.8001614,0.09820640832185745,1.0,0.9202840328216553
YML118W,YBL085W,0,-2.8002276,0.09819678217172623,1.0,0.9203840494155884
YBR290W,YIL014W,0,-2.8004637,0.0981871634721756,1.0,0.9204841256141663
YHR120W,YLR288C,0,-2.8010511,0.09817754477262497,1.0,0.9205841422080994
YDL077C,YJL041W,0,-2.801288,0.09816792607307434,1.0,0.9206841588020325
YMR042W,YNL173C,0,-2.8017945,0.09815830737352371,1.0,0.9207841753959656
YNR015W,YMR280C,0,-2.8018017,0.09814868867397308,1.0,0.9208841919898987
YGR224W,YMR113W,0,-2.8018427,0.09813907742500305,1.0,0.9209842085838318
YEL070W,YGL137W,0,-2.8018584,0.09812946617603302,1.0,0.9210842251777649
YMR214W,YPR151C,0,-2.8026876,0.09811986237764359,1.0,0.921184241771698
YAL055W,YGR229C,0,-2.8027897,0.09811025112867355,1.0,0.9212842583656311
YGR247W,YLR018C,0,-2.8033364,0.09810064733028412,1.0,0.9213842749595642
YKL034W,YNL206C,0,-2.8034086,0.09809104353189468,1.0,0.9214842915534973
YEL046C,YJL105W,0,-2.80372,0.09808143973350525,1.0,0.9215843081474304
YKL016C,YNL206C,0,-2.8041763,0.09807184338569641,1.0,0.9216843247413635
YHR171W,YKL020C,0,-2.8051014,0.09806223958730698,1.0,0.9217843413352966
YLR449W,YDR343C,0,-2.8054953,0.09805265069007874,1.0,0.9218843579292297
YJR045C,YCR016W,0,-2.8056846,0.0980430543422699,1.0,0.9219843745231628
YOL116W,YDR419W,0,-2.8066707,0.09803345799446106,1.0,0.922084391117096
YLL022C,YJL110C,0,-2.8075876,0.09802386909723282,1.0,0.922184407711029
YJL090C,YJL154C,0,-2.8088262,0.09801428020000458,1.0,0.9222844839096069
YPR105C,YPR134W,0,-2.809495,0.09800469130277634,1.0,0.92238450050354
YJR153W,YLR288C,0,-2.809715,0.09799510985612869,1.0,0.9224845170974731
YER065C,YHR216W,0,-2.8101509,0.09798552840948105,1.0,0.9225845336914062
YLR061W,YHL021C,0,-2.8105705,0.0979759469628334,1.0,0.9226845502853394
YPL253C,YLR427W,0,-2.8108397,0.09796636551618576,1.0,0.9227845668792725
YOR147W,YOR049C,0,-2.8114543,0.09795679152011871,1.0,0.9228845834732056
YGR053C,YOL115W,0,-2.811914,0.09794721752405167,1.0,0.9229846000671387
YKL042W,YLR013W,0,-2.8119402,0.09793764352798462,1.0,0.9230846166610718
YER060W-A,YMR197C,0,-2.8120284,0.09792806953191757,1.0,0.9231846332550049
YDR018C,YGR014W,0,-2.8131506,0.09791849553585052,1.0,0.923284649848938
YBR281C,YLR151C,0,-2.8139205,0.09790892899036407,1.0,0.9233846664428711
YMR280C,YNL272C,0,-2.8140407,0.09789936244487762,1.0,0.9234846830368042
YOR081C,YBR200W,0,-2.8145137,0.09788980334997177,1.0,0.9235846996307373
YGR280C,YDL110C,0,-2.8151846,0.09788023680448532,1.0,0.9236847162246704
YDR326C,YLR427W,0,-2.8162742,0.09787067770957947,1.0,0.9237847328186035
YGR208W,YGR243W,0,-2.816585,0.09786111861467361,1.0,0.9238847494125366
YJR147W,YJR033C,0,-2.817036,0.09785155951976776,1.0,0.9239848256111145
YPR194C,YJR108W,0,-2.8175535,0.0978420078754425,1.0,0.9240848422050476
YLR425W,YBR288C,0,-2.8180676,0.09783245623111725,1.0,0.9241848587989807
YGL093W,YJL173C,0,-2.8184037,0.09782290458679199,1.0,0.9242848753929138
YMR190C,YNL320W,0,-2.819108,0.09781335294246674,1.0,0.9243848919868469
YDR295C,YCR075C,0,-2.8195262,0.09780380874872208,1.0,0.92448490858078
YBR186W,YHR005C,0,-2.821104,0.09779426455497742,1.0,0.9245849251747131
YBR164C,YBL005W-B,0,-2.8214617,0.09778472036123276,1.0,0.9246849417686462
YFL020C,YGR007W,0,-2.822235,0.0977751761674881,1.0,0.9247849583625793
YER087C-B,YFL044C,0,-2.822732,0.09776563197374344,1.0,0.9248849749565125
YPL253C,YJR147W,0,-2.8228745,0.09775609523057938,1.0,0.9249849915504456
YMR113W,YER075C,0,-2.8229234,0.09774655848741531,1.0,0.9250850081443787
YPL181W,YOR172W,0,-2.8232212,0.09773702919483185,1.0,0.9251850247383118
YJL108C,YGR112W,0,-2.8239589,0.09772749245166779,1.0,0.9252850413322449
YLR157C,YLR115W,0,-2.8246021,0.09771796315908432,1.0,0.925385057926178
YML007W,YLR287C,0,-2.82563,0.09770843386650085,1.0,0.9254850745201111
YDL046W,YPL259C,0,-2.8256674,0.09769890457391739,1.0,0.9255850911140442
YGR072W,YDL018C,0,-2.8259192,0.09768938273191452,1.0,0.9256851077079773
YBL085W,YDL102W,0,-2.8259652,0.09767986088991165,1.0,0.9257851839065552
YGL009C,YGL184C,0,-2.826097,0.09767033904790878,1.0,0.9258852005004883
YIL136W,YKL027W,0,-2.8262405,0.09766081720590591,1.0,0.9259852170944214
YJL221C,YOL054W,0,-2.8268013,0.09765130281448364,1.0,0.9260852336883545
YDR172W,YDR125C,0,-2.8277812,0.09764178842306137,1.0,0.9261852502822876
YGR208W,YJL141C,0,-2.8280292,0.0976322740316391,1.0,0.9262852668762207
YKL046C,YOR129C,0,-2.8285887,0.09762275964021683,1.0,0.9263852834701538
YDR009W,YGL009C,0,-2.8289425,0.09761324524879456,1.0,0.9264853000640869
YDL073W,YNL159C,0,-2.8302875,0.09760373830795288,1.0,0.92658531665802
YKR088C,YER096W,0,-2.831602,0.0975942313671112,1.0,0.9266853332519531
YMR194W,YOR292C,0,-2.8320396,0.09758473187685013,1.0,0.9267853498458862
YJR133W,YGL006W,0,-2.8322368,0.09757522493600845,1.0,0.9268853664398193
YGR243W,YBR029C,0,-2.832745,0.09756572544574738,1.0,0.9269853830337524
YEL070W,YLR158C,0,-2.8339791,0.0975562259554863,1.0,0.9270853996276855
YNL188W,YOR190W,0,-2.8342376,0.09754672646522522,1.0,0.9271854162216187
YBL080C,YGR014W,0,-2.8344655,0.09753723442554474,1.0,0.9272854328155518
YMR194W,YGR243W,0,-2.8348956,0.09752774238586426,1.0,0.9273854494094849
YCL044C,YJR074W,0,-2.8357239,0.09751825034618378,1.0,0.9274855256080627
YDR295C,YOR193W,0,-2.8364506,0.0975087583065033,1.0,0.9275855422019958
YGL006W,YCR016W,0,-2.8365886,0.09749927371740341,1.0,0.927685558795929
YNR001C,YBL023C,0,-2.8374336,0.09748978167772293,1.0,0.9277855753898621
YIL037C,YDR457W,0,-2.8375206,0.09748029708862305,1.0,0.9278855919837952
YNL009W,YLR394W,0,-2.8378115,0.09747081995010376,1.0,0.9279856085777283
YKL176C,YBR298C,0,-2.8380504,0.09746133536100388,1.0,0.9280856251716614
YGR012W,YDR100W,0,-2.839991,0.09745185822248459,1.0,0.9281856417655945
YGL006W,YOL054W,0,-2.8404484,0.0974423810839653,1.0,0.9282856583595276
YIL131C,YBR182C,0,-2.8409727,0.09743290394544601,1.0,0.9283856749534607
YBR299W,YJR102C,0,-2.8413677,0.09742343425750732,1.0,0.9284856915473938
YJR147W,YOL047C,0,-2.8421614,0.09741395711898804,1.0,0.9285857081413269
YNL243W,YPL269W,0,-2.8423119,0.09740448743104935,1.0,0.92868572473526
YJL074C,YIL108W,0,-2.8428137,0.09739502519369125,1.0,0.9287857413291931
YDL065C,YNL138W-A,0,-2.8430312,0.09738555550575256,1.0,0.9288857579231262
YHR061C,YFL009W,0,-2.8432355,0.09737609326839447,1.0,0.9289857745170593
YIL113W,YMR113W,0,-2.843297,0.09736663103103638,1.0,0.9290857911109924
YHR096C,YGR217W,0,-2.844464,0.09735716879367828,1.0,0.9291858077049255
YGL006W,YDR079W,0,-2.8457022,0.09734771400690079,1.0,0.9292858839035034
YOR209C,YMR159C,0,-2.8463583,0.0973382517695427,1.0,0.9293859004974365
YOR043W,YHL028W,0,-2.846436,0.0973287969827652,1.0,0.9294859170913696
YLR414C,YDR245W,0,-2.846958,0.0973193496465683,1.0,0.9295859336853027
YGR087C,YKL134C,0,-2.847314,0.0973098948597908,1.0,0.9296859502792358
YDR156W,YMR017W,0,-2.8477178,0.0973004475235939,1.0,0.929785966873169
YDR295C,YLR065C,0,-2.8477507,0.097291000187397,1.0,0.929885983467102
YLR151C,YDR049W,0,-2.8477607,0.0972815528512001,1.0,0.9299860000610352
YJR136C,YHL016C,0,-2.8483324,0.0972721129655838,1.0,0.9300860166549683
YHR171W,YPR113W,0,-2.8484163,0.0972626656293869,1.0,0.9301860332489014
YOR162C,YMR235C,0,-2.8487072,0.0972532257437706,1.0,0.9302860498428345
YIL121W,YEL019C,0,-2.8488755,0.0972437858581543,1.0,0.9303860664367676
YLR074C,YJR035W,0,-2.8489149,0.09723435342311859,1.0,0.9304860830307007
YBR098W,YNL159C,0,-2.8489308,0.09722492098808289,1.0,0.9305860996246338
YCR007C,YER174C,0,-2.8502524,0.09721548110246658,1.0,0.9306861162185669
YBR262C,YPL137C,0,-2.8510807,0.09720605611801147,1.0,0.9307861328125
YGL038C,YGR030C,0,-2.8515632,0.09719662368297577,1.0,0.9308861494064331
YOR246C,YJR065C,0,-2.8516045,0.09718719869852066,1.0,0.930986225605011
YOL071W,YGL094C,0,-2.8518767,0.09717777371406555,1.0,0.9310862421989441
YPL249C,YJR147W,0,-2.8527422,0.09716834872961044,1.0,0.9311862587928772
YBL085W,YKL093W,0,-2.8532076,0.09715892374515533,1.0,0.9312862753868103
YDR308C,YIL146C,0,-2.8533044,0.09714950621128082,1.0,0.9313862919807434
YHR012W,YPL116W,0,-2.8538022,0.09714008867740631,1.0,0.9314863085746765
YOR301W,YNL027W,0,-2.8538208,0.0971306711435318,1.0,0.9315863251686096
YCR091W,YDL102W,0,-2.8563194,0.09712125360965729,1.0,0.9316863417625427
YPR032W,YER020W,0,-2.8582792,0.09711184352636337,1.0,0.9317863583564758
YNL182C,YIL146C,0,-2.858308,0.09710243344306946,1.0,0.9318863749504089
YKL004W,YEL069C,0,-2.8584027,0.09709302335977554,1.0,0.931986391544342
YHR153C,YML128C,0,-2.8589146,0.09708361327648163,1.0,0.9320864081382751
YHR012W,YLR116W,0,-2.8600945,0.09707421064376831,1.0,0.9321864247322083
YJL172W,YJR002W,0,-2.8617659,0.09706480801105499,1.0,0.9322864413261414
YGR087C,YHL016C,0,-2.8621604,0.09705540537834167,1.0,0.9323864579200745
YEL034W,YJL105W,0,-2.86241,0.09704600274562836,1.0,0.9324864745140076
YCR057C,YJR155W,0,-2.8632526,0.09703660756349564,1.0,0.9325864911079407
YNL188W,YDL110C,0,-2.863603,0.09702721238136292,1.0,0.9326865077018738
YKL146W,YLR287C,0,-2.8636975,0.0970178171992302,1.0,0.9327865839004517
YER102W,YOL047C,0,-2.8640924,0.09700842201709747,1.0,0.9328866004943848
YBR186W,YPL103C,0,-2.8642998,0.09699903428554535,1.0,0.9329866170883179
YHR066W,YGL006W,0,-2.8649473,0.09698963910341263,1.0,0.933086633682251
YDL077C,YER075C,0,-2.86544,0.0969802588224411,1.0,0.9331866502761841
YCR007C,YMR012W,0,-2.8667865,0.09697087109088898,1.0,0.9332866668701172
YHL028W,YGR030C,0,-2.8672712,0.09696148335933685,1.0,0.9333866834640503
YDL073W,YAL005C,0,-2.8673522,0.09695210307836533,1.0,0.9334867000579834
YJL124C,YCL040W,0,-2.8678448,0.0969427227973938,1.0,0.9335867166519165
YKL095W,YCR059C,0,-2.8680208,0.09693334251642227,1.0,0.9336867332458496
YER179W,YGL065C,0,-2.8696375,0.09692396968603134,1.0,0.9337867498397827
YOL084W,YDR356W,0,-2.8698516,0.09691459685564041,1.0,0.9338867664337158
YDR447C,YMR027W,0,-2.8701744,0.09690522402524948,1.0,0.9339867830276489
YOR391C,YLR010C,0,-2.8701947,0.09689585119485855,1.0,0.934086799621582
YMR142C,YML128C,0,-2.8713577,0.09688648581504822,1.0,0.9341868162155151
YMR154C,YNL233W,0,-2.8724422,0.09687711298465729,1.0,0.9342868328094482
YHR065C,YHL024W,0,-2.8725612,0.09686774760484695,1.0,0.9343868494033813
YIR015W,YMR280C,0,-2.8731837,0.09685838222503662,1.0,0.9344869256019592
YER096W,YOR275C,0,-2.8732958,0.09684902429580688,1.0,0.9345869421958923
YJL157C,YKL093W,0,-2.8733017,0.09683966636657715,1.0,0.9346869587898254
YML118W,YNL268W,0,-2.873793,0.09683030843734741,1.0,0.9347869753837585
YER020W,YPR159W,0,-2.8740873,0.09682095050811768,1.0,0.9348869919776917
YGL161C,YBL021C,0,-2.8741608,0.09681159257888794,1.0,0.9349870085716248
YMR077C,YPL280W,0,-2.8743727,0.0968022421002388,1.0,0.9350870251655579
YDR018C,YGL135W,0,-2.8744466,0.09679289162158966,1.0,0.935187041759491
YPR160W,YNR027W,0,-2.8745067,0.09678354114294052,1.0,0.9352870583534241
YJR147W,YLR240W,0,-2.8747487,0.09677419066429138,1.0,0.9353870749473572
YOR391C,YOR198C,0,-2.8750055,0.09676484763622284,1.0,0.9354870915412903
YBL085W,YCL018W,0,-2.8751302,0.0967555046081543,1.0,0.9355871081352234
YGR246C,YJR033C,0,-2.8751407,0.09674616158008575,1.0,0.9356871247291565
YLR157C,YER113C,0,-2.875506,0.09673681855201721,1.0,0.9357871413230896
YIL131C,YLR371W,0,-2.876256,0.09672748297452927,1.0,0.9358871579170227
YKL087C,YPL130W,0,-2.876817,0.09671814739704132,1.0,0.9359871745109558
YDL236W,YNL015W,0,-2.8770523,0.09670881181955338,1.0,0.9360871911048889
YBR014C,YER013W,0,-2.8774137,0.09669947624206543,1.0,0.936187207698822
YBR215W,YOR125C,0,-2.8779025,0.09669014811515808,1.0,0.9362872838973999
YDR513W,YMR013C,0,-2.878511,0.09668081998825073,1.0,0.936387300491333
YER173W,YMR190C,0,-2.8790574,0.09667149186134338,1.0,0.9364873170852661
YIL131C,YOR292C,0,-2.8799226,0.09666216373443604,1.0,0.9365873336791992
YOR198C,YLR423C,0,-2.8801837,0.09665284305810928,1.0,0.9366873502731323
YIL131C,YGL047W,0,-2.880293,0.09664351493120193,1.0,0.9367873668670654
YDR295C,YKL134C,0,-2.8803868,0.09663420170545578,1.0,0.9368873834609985
YJL001W,YKL043W,0,-2.8820658,0.09662488102912903,1.0,0.9369874000549316
YDR152W,YCR079W,0,-2.8821864,0.09661556035280228,1.0,0.9370874166488647
YPR019W,YDR084C,0,-2.882804,0.09660624712705612,1.0,0.9371874332427979
YER039C,YPL176C,0,-2.8829646,0.09659693390130997,1.0,0.937287449836731
YLR157C,YLR010C,0,-2.8832343,0.09658762067556381,1.0,0.9373874664306641
YDR427W,YPL130W,0,-2.883976,0.09657831490039825,1.0,0.9374874830245972
YGL174W,YOR113W,0,-2.8842676,0.0965690016746521,1.0,0.9375874996185303
YDR208W,YOR275C,0,-2.886153,0.09655969589948654,1.0,0.9376875162124634
YLR115W,YKR031C,0,-2.887383,0.09655039757490158,1.0,0.9377875328063965
YAL058W,YMR031C,0,-2.8874063,0.09654109179973602,1.0,0.9378875494003296
YCL034W,YJR024C,0,-2.8874433,0.09653179347515106,1.0,0.9379876255989075
YOR389W,YKL004W,0,-2.8877258,0.0965224951505661,1.0,0.9380876421928406
YBL023C,YDL018C,0,-2.8879018,0.09651319682598114,1.0,0.9381876587867737
YOR057W,YBL023C,0,-2.8879442,0.09650389850139618,1.0,0.9382876753807068
YOR270C,YHR014W,0,-2.8880568,0.09649460762739182,1.0,0.9383876919746399
YMR119W,YLR085C,0,-2.888544,0.09648531675338745,1.0,0.938487708568573
YLR427W,YIL146C,0,-2.8886752,0.09647602587938309,1.0,0.9385877251625061
YGL253W,YGL089C,0,-2.8889525,0.09646673500537872,1.0,0.9386877417564392
YOL084W,YPR113W,0,-2.8910916,0.09645745158195496,1.0,0.9387877583503723
YER029C,YFL054C,0,-2.8910925,0.09644816815853119,1.0,0.9388877749443054
YLR139C,YOL078W,0,-2.8920643,0.09643888473510742,1.0,0.9389877915382385
YOL094C,YBR298C,0,-2.8921084,0.09642960131168365,1.0,0.9390878081321716
YBR242W,YGL051W,0,-2.892194,0.09642032533884048,1.0,0.9391878247261047
YHR114W,YJR110W,0,-2.8921947,0.09641104936599731,1.0,0.9392878413200378
YDR334W,YIL146C,0,-2.8931022,0.09640177339315414,1.0,0.939387857913971
YIL162W,YJL186W,0,-2.8952267,0.09639249742031097,1.0,0.939487874507904
YML096W,YLR151C,0,-2.8965127,0.0963832214474678,1.0,0.9395878911018372
YLR013W,YDR504C,0,-2.8966088,0.09637395292520523,1.0,0.939687967300415
YMR020W,YFR033C,0,-2.8972526,0.09636468440294266,1.0,0.9397879838943481
YBL017C,YEL070W,0,-2.8973026,0.09635541588068008,1.0,0.9398880004882812
YMR241W,YDR490C,0,-2.8976846,0.09634615480899811,1.0,0.9399880170822144
YPL174C,YOR117W,0,-2.89926,0.09633689373731613,1.0,0.9400880336761475
YPL099C,YDL171C,0,-2.899589,0.09632763266563416,1.0,0.9401880502700806
YDR326C,YDL022W,0,-2.8999648,0.09631837159395218,1.0,0.9402880668640137
YEL070W,YNR019W,0,-2.900199,0.0963091105222702,1.0,0.9403880834579468
YMR020W,YJL096W,0,-2.9003472,0.09629985690116882,1.0,0.9404881000518799
YER029C,YMR036C,0,-2.9004848,0.09629060328006744,1.0,0.940588116645813
YMR316W,YML102W,0,-2.900569,0.09628134965896606,1.0,0.9406881332397461
YER103W,YNL182C,0,-2.9008374,0.09627209603786469,1.0,0.9407881498336792
YBR128C,YOR081C,0,-2.9015007,0.0962628498673439,1.0,0.9408881664276123
YPR194C,YOR299W,0,-2.9021904,0.09625360369682312,1.0,0.9409881830215454
YLR091W,YPL196W,0,-2.9021916,0.09624435752630234,1.0,0.9410881996154785
YPL021W,YGL141W,0,-2.903438,0.09623511135578156,1.0,0.9411882162094116
YPR093C,YJR155W,0,-2.904098,0.09622587263584137,1.0,0.9412882328033447
YKR057W,YCL034W,0,-2.9048228,0.09621663391590118,1.0,0.9413882493972778
YER064C,YMR133W,0,-2.9051156,0.096207395195961,1.0,0.9414883255958557
YLR310C,YJL001W,0,-2.9062948,0.09619815647602081,1.0,0.9415883421897888
YDR326C,YKL059C,0,-2.9063783,0.09618892520666122,1.0,0.9416883587837219
YNL009W,YGR099W,0,-2.906773,0.09617968648672104,1.0,0.941788375377655
YML071C,YNL183C,0,-2.9070568,0.09617045521736145,1.0,0.9418883919715881
YPL130W,YGL253W,0,-2.9074624,0.09616123139858246,1.0,0.9419884085655212
YNL086W,YGL104C,0,-2.9074626,0.09615200012922287,1.0,0.9420884251594543
YMR110C,YML062C,0,-2.9080153,0.09614277631044388,1.0,0.9421884417533875
YKL095W,YKL134C,0,-2.9080229,0.09613355249166489,1.0,0.9422884583473206
YCR091W,YDL035C,0,-2.908145,0.0961243286728859,1.0,0.9423884749412537
YMR280C,YLR287C,0,-2.9084084,0.0961151048541069,1.0,0.9424884915351868
YOL049W,YER144C,0,-2.9096227,0.09610588848590851,1.0,0.9425885081291199
YIL126W,YHL044W,0,-2.909881,0.09609667211771011,1.0,0.942688524723053
YER050C,YGR068C,0,-2.9098868,0.09608745574951172,1.0,0.9427885413169861
YML132W,YPL130W,0,-2.9101295,0.09607824683189392,1.0,0.9428885579109192
YGL006W,YPL256C,0,-2.9103274,0.09606903046369553,1.0,0.9429885745048523
YLR443W,YCL040W,0,-2.911068,0.09605982154607773,1.0,0.9430885910987854
YGR053C,YEL026W,0,-2.911766,0.09605061262845993,1.0,0.9431886672973633
YMR041C,YEL018W,0,-2.911941,0.09604140371084213,1.0,0.9432886838912964
YDL073W,YJL079C,0,-2.9126422,0.09603220224380493,1.0,0.9433887004852295
YDR018C,YMR047C,0,-2.9126797,0.09602300077676773,1.0,0.9434887170791626
YIL162W,YJL050W,0,-2.9131308,0.09601379930973053,1.0,0.9435887336730957
YHR110W,YAL041W,0,-2.913581,0.09600459784269333,1.0,0.9436887502670288
YLR243W,YHR140W,0,-2.914658,0.09599540382623672,1.0,0.9437887668609619
YKR062W,YOL056W,0,-2.9151597,0.09598620235919952,1.0,0.943888783454895
YER019C-A,YBR108W,0,-2.9151783,0.09597700834274292,1.0,0.9439888000488281
YPL147W,YGR072W,0,-2.9152699,0.09596782177686691,1.0,0.9440888166427612
YIL127C,YPR093C,0,-2.91613,0.09595862776041031,1.0,0.9441888332366943
YGL093W,YML071C,0,-2.9164252,0.0959494411945343,1.0,0.9442888498306274
YLR423C,YNL041C,0,-2.9164867,0.0959402546286583,1.0,0.9443888664245605
YIL118W,YMR159C,0,-2.917053,0.09593106806278229,1.0,0.9444888830184937
YNR001C,YPL030W,0,-2.9173703,0.09592188149690628,1.0,0.9445888996124268
YLR091W,YMR169C,0,-2.9175825,0.09591270238161087,1.0,0.9446889162063599
YIL013C,YNL201C,0,-2.917594,0.09590352326631546,1.0,0.944788932800293
YNL278W,YDR017C,0,-2.9176416,0.09589434415102005,1.0,0.9448889493942261
YPR025C,YMR017W,0,-2.918079,0.09588516503572464,1.0,0.944989025592804
YKL185W,YER075C,0,-2.9183302,0.09587599337100983,1.0,0.9450890421867371
YLR157C,YLL012W,0,-2.9190977,0.09586682170629501,1.0,0.9451890587806702
YPL111W,YOR355W,0,-2.9192193,0.0958576500415802,1.0,0.9452890753746033
YAL024C,YKL219W,0,-2.9205103,0.09584847837686539,1.0,0.9453890919685364
YJL090C,YOR162C,0,-2.9214242,0.09583931416273117,1.0,0.9454891085624695
YEL070W,YLR427W,0,-2.921784,0.09583014249801636,1.0,0.9455891251564026
YER089C,YMR133W,0,-2.9255059,0.09582097828388214,1.0,0.9456891417503357
YKL125W,YDR018C,0,-2.9260025,0.09581182152032852,1.0,0.9457891583442688
YOL116W,YHR157W,0,-2.926179,0.0958026573061943,1.0,0.9458891749382019
YGR155W,YBR241C,0,-2.9265308,0.09579350054264069,1.0,0.945989191532135
YEL018W,YDR371W,0,-2.927586,0.09578434377908707,1.0,0.9460892081260681
YDR512C,YPL141C,0,-2.9278064,0.09577518701553345,1.0,0.9461892247200012
YMR159C,YJR024C,0,-2.9299011,0.09576603025197983,1.0,0.9462892413139343
YNL265C,YLR419W,0,-2.9311144,0.0957568809390068,1.0,0.9463892579078674
YOR093C,YLR157C,0,-2.931264,0.09574773162603378,1.0,0.9464892745018005
YAL041W,YDR438W,0,-2.9323092,0.09573858231306076,1.0,0.9465892910957336
YPL192C,YPL023C,0,-2.9324136,0.09572943300008774,1.0,0.9466893672943115
YPL196W,YML065W,0,-2.9324903,0.09572029113769531,1.0,0.9467893838882446
YBR136W,YGR132C,0,-2.9334736,0.09571114927530289,1.0,0.9468894004821777
YHR182W,YGR132C,0,-2.9338999,0.09570200741291046,1.0,0.9469894170761108
YOR009W,YHR117W,0,-2.9348426,0.09569286555051804,1.0,0.947089433670044
YFL013C,YIL017C,0,-2.9356966,0.09568373113870621,1.0,0.947189450263977
YLR457C,YNL312W,0,-2.9361413,0.09567458927631378,1.0,0.9472894668579102
YNL293W,YDL015C,0,-2.9362721,0.09566545486450195,1.0,0.9473894834518433
YIL061C,YLR371W,0,-2.9370654,0.09565632790327072,1.0,0.9474895000457764
YDR079W,YJL187C,0,-2.9373028,0.09564719349145889,1.0,0.9475895166397095
YJL221C,YNR058W,0,-2.937469,0.09563806653022766,1.0,0.9476895332336426
YKL085W,YNL164C,0,-2.9386036,0.09562893956899643,1.0,0.9477895498275757
YMR280C,YCR021C,0,-2.9390154,0.0956198126077652,1.0,0.9478895664215088
YER039C,YMR269W,0,-2.9405708,0.09561068564653397,1.0,0.9479895830154419
YER096W,YOR233W,0,-2.9411955,0.09560156613588333,1.0,0.948089599609375
YKL064W,YHR120W,0,-2.9412174,0.0955924466252327,1.0,0.9481896162033081
YLR096W,YDR018C,0,-2.9437275,0.09558332711458206,1.0,0.9482896327972412
YMR322C,YCR042C,0,-2.9437551,0.09557420760393143,1.0,0.9483896493911743
YOR190W,YKL127W,0,-2.9447398,0.09556509554386139,1.0,0.9484897255897522
YGL038C,YBR060C,0,-2.945308,0.09555597603321075,1.0,0.9485897421836853
YER055C,YER103W,0,-2.9459653,0.09554686397314072,1.0,0.9486897587776184
YGL104C,YBL084C,0,-2.9473038,0.09553775936365128,1.0,0.9487897753715515
YGL174W,YIL013C,0,-2.9473424,0.09552864730358124,1.0,0.9488897919654846
YOL078W,YGL122C,0,-2.9474025,0.0955195426940918,1.0,0.9489898085594177
YMR164C,YDR017C,0,-2.9503224,0.09551043808460236,1.0,0.9490898251533508
YMR020W,YBL013W,0,-2.9530902,0.09550133347511292,1.0,0.9491898417472839
YML133C,YBR014C,0,-2.9531124,0.09549223631620407,1.0,0.949289858341217
YBR183W,YOL078W,0,-2.9532437,0.09548313170671463,1.0,0.9493898749351501
YOR064C,YOL017W,0,-2.9542522,0.09547403454780579,1.0,0.9494898915290833
YER039C,YKR048C,0,-2.954342,0.09546493738889694,1.0,0.9495899081230164
YDR033W,YDR438W,0,-2.9553547,0.0954558476805687,1.0,0.9496899247169495
YER039C,YFR002W,0,-2.9554787,0.09544675052165985,1.0,0.9497899413108826
YBR186W,YMR013C,0,-2.9558387,0.0954376608133316,1.0,0.9498899579048157
YER050C,YEL070W,0,-2.9578612,0.09542857110500336,1.0,0.9499899744987488
YPR191W,YKL004W,0,-2.9584005,0.09541948139667511,1.0,0.9500899910926819
YER050C,YDR208W,0,-2.958895,0.09541039913892746,1.0,0.9501900672912598
YCR091W,YGR129W,0,-2.9592147,0.09540131688117981,1.0,0.9502900838851929
YML067C,YLR423C,0,-2.9609394,0.09539223462343216,1.0,0.950390100479126
YER039C,YJR097W,0,-2.9609723,0.09538315236568451,1.0,0.9504901170730591
YCR057C,YDL024C,0,-2.9610367,0.09537407010793686,1.0,0.9505901336669922
YLL004W,YLR362W,0,-2.9613907,0.0953649953007698,1.0,0.9506901502609253
YBR242W,YER063W,0,-2.9628994,0.09535592049360275,1.0,0.9507901668548584
YGL128C,YOL001W,0,-2.9634647,0.0953468456864357,1.0,0.9508901834487915
YOR106W,YMR280C,0,-2.9650636,0.09533777087926865,1.0,0.9509902000427246
YOR389W,YOR293W,0,-2.9667811,0.09532870352268219,1.0,0.9510902166366577
YPL220W,YOL047C,0,-2.967514,0.09531963616609573,1.0,0.9511902332305908
YBR290W,YGR068C,0,-2.9675403,0.09531056880950928,1.0,0.9512902498245239
YPL253C,YKL201C,0,-2.9676433,0.09530150145292282,1.0,0.951390266418457
YDR125C,YLR013W,0,-2.9687114,0.09529244154691696,1.0,0.9514902830123901
YLR323C,YGL045W,0,-2.9702435,0.0952833741903305,1.0,0.9515902996063232
YIL126W,YJL105W,0,-2.9717486,0.09527431428432465,1.0,0.9516903162002563
YOL137W,YCR091W,0,-2.9722703,0.09526526182889938,1.0,0.9517903327941895
YHR155W,YLR191W,0,-2.9726462,0.09525620192289352,1.0,0.9518903493881226
YDR437W,YMR154C,0,-2.9743419,0.09524714946746826,1.0,0.9519904255867004
YMR306W,YPR105C,0,-2.974652,0.095238097012043,1.0,0.9520904421806335
YGR254W,YJL110C,0,-2.9760938,0.09522904455661774,1.0,0.9521904587745667
YBL013W,YPL058C,0,-2.976492,0.09521999210119247,1.0,0.9522904753684998
YJR155W,YNL182C,0,-2.9770741,0.09521094709634781,1.0,0.9523904919624329
YLR243W,YCR091W,0,-2.977828,0.09520190209150314,1.0,0.952490508556366
YGR112W,YML014W,0,-2.9780765,0.09519285708665848,1.0,0.9525905251502991
YMR093W,YMR133W,0,-2.978704,0.09518381208181381,1.0,0.9526905417442322
YDL067C,YHR061C,0,-2.9793706,0.09517477452754974,1.0,0.9527905583381653
YCR042C,YMR017W,0,-2.9806962,0.09516572952270508,1.0,0.9528905749320984
YOL084W,YBL039C,0,-2.981252,0.09515669196844101,1.0,0.9529905915260315
YMR280C,YMR192W,0,-2.9813857,0.09514766186475754,1.0,0.9530906081199646
YGL184C,YOR009W,0,-2.9821362,0.09513862431049347,1.0,0.9531906247138977
YBR143C,YPL111W,0,-2.982953,0.09512959420681,1.0,0.9532906413078308
YPL181W,YJR108W,0,-2.9834843,0.09512056410312653,1.0,0.9533906579017639
YNL082W,YDR085C,0,-2.9842114,0.09511153399944305,1.0,0.953490674495697
YML071C,YJL066C,0,-2.9848485,0.09510250389575958,1.0,0.9535906910896301
YGL234W,YDR258C,0,-2.9851017,0.09509348124265671,1.0,0.953690767288208
YLR239C,YJR147W,0,-2.9851947,0.09508445858955383,1.0,0.9537907838821411
YKR002W,YMR133W,0,-2.9866428,0.09507543593645096,1.0,0.9538908004760742
YIL004C,YLL016W,0,-2.9867737,0.09506641328334808,1.0,0.9539908170700073
YHR120W,YJL221C,0,-2.987214,0.0950573980808258,1.0,0.9540908336639404
YMR277W,YGL045W,0,-2.988112,0.09504837542772293,1.0,0.9541908502578735
YHR096C,YGR004W,0,-2.9882746,0.09503936022520065,1.0,0.9542908668518066
YGR224W,YNL182C,0,-2.9889584,0.09503035247325897,1.0,0.9543908834457397
YGL006W,YEL055C,0,-2.9913142,0.0950213372707367,1.0,0.9544909000396729
YDR071C,YDR438W,0,-2.9920218,0.09501232951879501,1.0,0.954590916633606
YCL018W,YIL099W,0,-2.9928164,0.09500332176685333,1.0,0.9546909332275391
YGR280C,YDR100W,0,-2.9940605,0.09499431401491165,1.0,0.9547909498214722
YLR414C,YDR447C,0,-2.994656,0.09498530626296997,1.0,0.9548909664154053
YPR151C,YJR088C,0,-2.9958353,0.09497630596160889,1.0,0.9549909830093384
YMR159C,YDR507C,0,-2.9958844,0.0949672982096672,1.0,0.9550909996032715
YLR114C,YDR507C,0,-2.9961576,0.09495830535888672,1.0,0.9551910161972046
YMR012W,YIL017C,0,-2.998414,0.09494930505752563,1.0,0.9552910327911377
YIL169C,YER173W,0,-2.9993653,0.09494030475616455,1.0,0.9553910493850708
YGL093W,YFL044C,0,-3.0030885,0.09493131190538406,1.0,0.9554911255836487
YMR052W,YNL318C,0,-3.003301,0.09492231905460358,1.0,0.9555911421775818
YDL240W,YKR048C,0,-3.0036025,0.09491332620382309,1.0,0.9556911587715149
YKL103C,YHR178W,0,-3.0040588,0.0949043408036232,1.0,0.955791175365448
YNL227C,YBL013W,0,-3.004253,0.09489534795284271,1.0,0.9558911919593811
YDR009W,YKL219W,0,-3.005317,0.09488636255264282,1.0,0.9559912085533142
YMR194W,YMR040W,0,-3.0072525,0.09487737715244293,1.0,0.9560912251472473
YCL034W,YBL054W,0,-3.0073414,0.09486839920282364,1.0,0.9561912417411804
YMR322C,YPL086C,0,-3.0088782,0.09485941380262375,1.0,0.9562912583351135
YMR019W,YDR462W,0,-3.008932,0.09485043585300446,1.0,0.9563912749290466
YNL323W,YKL085W,0,-3.0096745,0.09484145790338516,1.0,0.9564912915229797
YDR513W,YIL118W,0,-3.0099921,0.09483247995376587,1.0,0.9565913081169128
YPR005C,YOL056W,0,-3.0106497,0.09482350945472717,1.0,0.956691324710846
YLR045C,YBR298C,0,-3.0130577,0.09481453150510788,1.0,0.956791341304779
YJR097W,YJL105W,0,-3.0130973,0.09480556100606918,1.0,0.9568913578987122
YDL046W,YKR053C,0,-3.0136871,0.09479659050703049,1.0,0.9569913744926453
YMR019W,YGR052W,0,-3.0142918,0.09478762745857239,1.0,0.9570913910865784
YCR008W,YHL044W,0,-3.0166295,0.09477865695953369,1.0,0.9571914672851562
YLR297W,YJL177W,0,-3.0167732,0.09476969391107559,1.0,0.9572914838790894
YOR391C,YJR147W,0,-3.0168238,0.09476073086261749,1.0,0.9573915004730225
YBR241C,YGR158C,0,-3.017662,0.09475177526473999,1.0,0.9574915170669556
YIL131C,YPR160W,0,-3.0186496,0.09474281221628189,1.0,0.9575915336608887
YPL112C,YJL020C,0,-3.0191257,0.09473385661840439,1.0,0.9576915502548218
YLR219W,YNL161W,0,-3.019147,0.09472490102052689,1.0,0.9577915668487549
YBL013W,YLR191W,0,-3.0199444,0.09471594542264938,1.0,0.957891583442688
YOL043C,YNL314W,0,-3.0205507,0.09470699727535248,1.0,0.9579916000366211
YHR048W,YIL072W,0,-3.0229332,0.09469804167747498,1.0,0.9580916166305542
YPL021W,YJL154C,0,-3.0230513,0.09468909353017807,1.0,0.9581916332244873
YGL015C,YHL044W,0,-3.0231042,0.09468014538288116,1.0,0.9582916498184204
YJL092W,YGR236C,0,-3.0234542,0.09467120468616486,1.0,0.9583916664123535
YIL113W,YML014W,0,-3.0249543,0.09466225653886795,1.0,0.9584916830062866
YER110C,YIL124W,0,-3.0256982,0.09465331584215164,1.0,0.9585916996002197
YOL017W,YLR130C,0,-3.0282183,0.09464437514543533,1.0,0.9586917161941528
YHR066W,YHR096C,0,-3.029362,0.09463543444871902,1.0,0.9587917327880859
YGR283C,YBR108W,0,-3.0297165,0.09462650120258331,1.0,0.958891749382019
YHL024W,YDR339C,0,-3.032916,0.094617560505867,1.0,0.9589918255805969
YIL131C,YIL173W,0,-3.033237,0.09460862725973129,1.0,0.95909184217453
YIL127C,YNL192W,0,-3.0337253,0.09459970146417618,1.0,0.9591918587684631
YBR070C,YNL136W,0,-3.0339193,0.09459076821804047,1.0,0.9592918753623962
YFL020C,YKR083C,0,-3.0348306,0.09458184242248535,1.0,0.9593918919563293
YAR033W,YEL018W,0,-3.0352354,0.09457290917634964,1.0,0.9594919085502625
YHR096C,YER008C,0,-3.035746,0.09456398338079453,1.0,0.9595919251441956
YJL061W,YEL012W,0,-3.0364842,0.09455506503582001,1.0,0.9596919417381287
YIL131C,YOR032C,0,-3.0365,0.09454613924026489,1.0,0.9597919583320618
YML071C,YIL124W,0,-3.0367138,0.09453722089529037,1.0,0.9598919749259949
YNL227C,YER019W,0,-3.0371428,0.09452830255031586,1.0,0.959991991519928
YDL212W,YIL146C,0,-3.0393515,0.09451938420534134,1.0,0.9600920081138611
YFR029W,YGR209C,0,-3.0396624,0.09451047331094742,1.0,0.9601920247077942
YHR012W,YOR190W,0,-3.0402489,0.0945015549659729,1.0,0.9602920413017273
YNL194C,YNL095C,0,-3.0410843,0.09449264407157898,1.0,0.9603920578956604
YNL233W,YDR100W,0,-3.0420187,0.09448373317718506,1.0,0.9604920744895935
YHR171W,YOL077C,0,-3.044279,0.09447482228279114,1.0,0.9605920910835266
YBR098W,YNL039W,0,-3.044452,0.09446591883897781,1.0,0.9606921672821045
YJL092W,YOR256C,0,-3.0448866,0.09445701539516449,1.0,0.9607921838760376
YER170W,YPL280W,0,-3.047377,0.09444811195135117,1.0,0.9608922004699707
YOL084W,YBR253W,0,-3.0484166,0.09443920850753784,1.0,0.9609922170639038
YIL118W,YER096W,0,-3.0487118,0.09443030506372452,1.0,0.9610922336578369
YDL069C,YPL256C,0,-3.0488126,0.09442140907049179,1.0,0.96119225025177
YLR136C,YMR280C,0,-3.048965,0.09441251307725906,1.0,0.9612922668457031
YKL064W,YGR030C,0,-3.0496073,0.09440361708402634,1.0,0.9613922834396362
YJR074W,YOR301W,0,-3.049796,0.09439472109079361,1.0,0.9614923000335693
YFL041W,YCR073C,0,-3.0500352,0.09438583254814148,1.0,0.9615923166275024
YBR054W,YHR014W,0,-3.0522783,0.09437694400548935,1.0,0.9616923332214355
YGL093W,YOR087W,0,-3.052332,0.09436805546283722,1.0,0.9617923498153687
YPL188W,YNL159C,0,-3.052446,0.09435916692018509,1.0,0.9618923664093018
YIL072W,YNL218W,0,-3.053165,0.09435028582811356,1.0,0.9619923830032349
YGL070C,YGR052W,0,-3.0535235,0.09434139728546143,1.0,0.962092399597168
YLR272C,YOL049W,0,-3.0538807,0.09433251619338989,1.0,0.9621924161911011
YPL141C,YMR114C,0,-3.0544806,0.09432363510131836,1.0,0.9622924327850342
YGL243W,YFL054C,0,-3.05479,0.09431476145982742,1.0,0.9623924493789673
YLR084C,YGL047W,0,-3.055134,0.09430588036775589,1.0,0.9624925255775452
YGR052W,YJL090C,0,-3.0557046,0.09429700672626495,1.0,0.9625925421714783
YHL019C,YAL055W,0,-3.055859,0.09428813308477402,1.0,0.9626925587654114
YJR111C,YGR026W,0,-3.0566406,0.09427925944328308,1.0,0.9627925753593445
YGR236C,YHR157W,0,-3.0580559,0.09427039325237274,1.0,0.9628925919532776
YOL097C,YEL069C,0,-3.0592527,0.0942615270614624,1.0,0.9629926085472107
YMR098C,YLR228C,0,-3.0594316,0.09425266087055206,1.0,0.9630926251411438
YIL085C,YJL053W,0,-3.0599444,0.09424379467964172,1.0,0.9631926417350769
YIL108W,YKR081C,0,-3.0602612,0.09423492848873138,1.0,0.96329265832901
YOL032W,YPL081W,0,-3.0606952,0.09422606974840164,1.0,0.9633926749229431
YGL171W,YPL123C,0,-3.061149,0.0942172110080719,1.0,0.9634926915168762
YJR035W,YMR235C,0,-3.0614252,0.09420835226774216,1.0,0.9635927081108093
YMR019W,YKL221W,0,-3.061637,0.09419949352741241,1.0,0.9636927247047424
YDL069C,YKL221W,0,-3.0619235,0.09419063478708267,1.0,0.9637927412986755
YOL100W,YMR280C,0,-3.0657096,0.09418178349733353,1.0,0.9638927578926086
YLR291C,YDL200C,0,-3.0677032,0.09417293220758438,1.0,0.9639927744865417
YDR240C,YER020W,0,-3.0688019,0.09416408091783524,1.0,0.9640927910804749
YHR066W,YDR125C,0,-3.0699587,0.09415523707866669,1.0,0.9641928672790527
YNL262W,YOL078W,0,-3.072063,0.09414638578891754,1.0,0.9642928838729858
YBR290W,YBR215W,0,-3.073713,0.09413754194974899,1.0,0.964392900466919
YER146W,YDR125C,0,-3.0740652,0.09412869811058044,1.0,0.964492917060852
YKL156W,YER039C,0,-3.0750754,0.0941198542714119,1.0,0.9645929336547852
YGR091W,YJL141C,0,-3.075159,0.09411101788282394,1.0,0.9646929502487183
YNL095C,YDR512C,0,-3.0754523,0.09410218149423599,1.0,0.9647929668426514
YHR124W,YOR162C,0,-3.0760546,0.09409334510564804,1.0,0.9648929834365845
YBR183W,YOL052C,0,-3.0760903,0.09408450871706009,1.0,0.9649930000305176
YOR190W,YJR074W,0,-3.0769122,0.09407567232847214,1.0,0.9650930166244507
YPL220W,YDR018C,0,-3.076923,0.09406684339046478,1.0,0.9651930332183838
YML016C,YHR061C,0,-3.0775225,0.09405801445245743,1.0,0.9652930498123169
YGR224W,YKL033W,0,-3.0799646,0.09404918551445007,1.0,0.96539306640625
YJL129C,YMR315W,0,-3.082138,0.09404035657644272,1.0,0.9654930830001831
YPR095C,YLR361C,0,-3.0827596,0.09403153508901596,1.0,0.9655930995941162
YEL055C,YHR087W,0,-3.0835195,0.0940227061510086,1.0,0.9656931161880493
YIL136W,YLR268W,0,-3.0835953,0.09401388466358185,1.0,0.9657931327819824
YBL031W,YER179W,0,-3.084085,0.09400506317615509,1.0,0.9658931493759155
YKL016C,YDR419W,0,-3.086707,0.09399624913930893,1.0,0.9659932255744934
YER019C-A,YLR337C,0,-3.087635,0.09398742765188217,1.0,0.9660932421684265
YML009C,YKL034W,0,-3.0885353,0.09397861361503601,1.0,0.9661932587623596
YPR138C,YNL314W,0,-3.088612,0.09396979957818985,1.0,0.9662932753562927
YDL073W,YJR085C,0,-3.0891771,0.09396099299192429,1.0,0.9663932919502258
YHR171W,YNL323W,0,-3.0895247,0.09395217895507812,1.0,0.9664933085441589
YER065C,YCL059C,0,-3.0900607,0.09394337236881256,1.0,0.966593325138092
YPL081W,YDL024C,0,-3.0902784,0.093934565782547,1.0,0.9666933417320251
YDR079W,YDR488C,0,-3.0907652,0.09392575919628143,1.0,0.9667933583259583
YEL012W,YOR079C,0,-3.0907936,0.09391695261001587,1.0,0.9668933749198914
YOR206W,YHR087W,0,-3.0913327,0.0939081534743309,1.0,0.9669933915138245
YFR041C,YJL207C,0,-3.0944474,0.09389935433864594,1.0,0.9670934081077576
YBR241C,YGR061C,0,-3.0955153,0.09389055520296097,1.0,0.9671934247016907
YMR133W,YEL046C,0,-3.0959692,0.093881756067276,1.0,0.9672934412956238
YJR153W,YBR135W,0,-3.0978868,0.09387296438217163,1.0,0.9673934578895569
YNL113W,YER179W,0,-3.1031728,0.09386416524648666,1.0,0.96749347448349
YLR004C,YGL038C,0,-3.1047018,0.0938553735613823,1.0,0.9675934910774231
YJR047C,YJL141C,0,-3.106509,0.09384658932685852,1.0,0.967693567276001
YOR246C,YDR343C,0,-3.1067703,0.09383779764175415,1.0,0.9677935838699341
YMR214W,YBR098W,0,-3.1073527,0.09382901340723038,1.0,0.9678936004638672
YGL200C,YGR068C,0,-3.1079283,0.09382022172212601,1.0,0.9679936170578003
YML093W,YDL110C,0,-3.1086354,0.09381143748760223,1.0,0.9680936336517334
YPL023C,YDL024C,0,-3.108674,0.09380266070365906,1.0,0.9681936502456665
YMR258C,YJL198W,0,-3.1088347,0.09379387646913528,1.0,0.9682936668395996
YHR011W,YKR002W,0,-3.1090796,0.09378509968519211,1.0,0.9683936834335327
YOL094C,YCL040W,0,-3.1096215,0.09377632290124893,1.0,0.9684937000274658
YHR004C,YCL029C,0,-3.1101642,0.09376754611730576,1.0,0.9685937166213989
YMR159C,YJL207C,0,-3.110455,0.09375876933336258,1.0,0.968693733215332
YNL262W,YPL059W,0,-3.1118653,0.09375,1.0,0.9687937498092651
YGL021W,YDR325W,0,-3.1140876,0.09374123066663742,1.0,0.9688937664031982
YIL084C,YHL023C,0,-3.115961,0.09373246133327484,1.0,0.9689937829971313
YGR208W,YEL024W,0,-3.116219,0.09372369199991226,1.0,0.9690937995910645
YDL024C,YOL136C,0,-3.1169126,0.09371493011713028,1.0,0.9691938161849976
YJR147W,YGR070W,0,-3.1172185,0.0937061607837677,1.0,0.9692938327789307
YFR029W,YOL017W,0,-3.1172638,0.09369739890098572,1.0,0.9693938493728638
YHR005C,YHR061C,0,-3.1173553,0.09368863701820374,1.0,0.9694939255714417
YDL073W,YMR110C,0,-3.117475,0.09367988258600235,1.0,0.9695939421653748
YGL006W,YLR014C,0,-3.121186,0.09367112070322037,1.0,0.9696939587593079
YGL243W,YDL024C,0,-3.124873,0.09366236627101898,1.0,0.969793975353241
YJL172W,YIL118W,0,-3.1250138,0.0936536118388176,1.0,0.9698939919471741
YPR194C,YNL314W,0,-3.1267612,0.09364485740661621,1.0,0.9699940085411072
YLR115W,YDR125C,0,-3.1269002,0.09363611042499542,1.0,0.9700940251350403
YHR040W,YJL221C,0,-3.1275673,0.09362735599279404,1.0,0.9701940417289734
YAL036C,YPR160W,0,-3.1300585,0.09361860901117325,1.0,0.9702940583229065
YBR299W,YOR198C,0,-3.1312556,0.09360986202955246,1.0,0.9703940749168396
YDR105C,YER075C,0,-3.1313095,0.09360112249851227,1.0,0.9704940915107727
YIL072W,YMR146C,0,-3.1322007,0.09359237551689148,1.0,0.9705941081047058
YKL079W,YMR154C,0,-3.133227,0.09358363598585129,1.0,0.9706941246986389
YBR299W,YLR309C,0,-3.1355734,0.0935748964548111,1.0,0.970794141292572
YDL224C,YIL127C,0,-3.1373942,0.0935661569237709,1.0,0.9708941578865051
YBR050C,YBR164C,0,-3.137974,0.09355742484331131,1.0,0.9709941744804382
YKR031C,YNL218W,0,-3.1392865,0.09354868531227112,1.0,0.9710941910743713
YDR405W,YDL240W,0,-3.1393428,0.09353995323181152,1.0,0.9711942672729492
YDL073W,YHR147C,0,-3.140691,0.09353122115135193,1.0,0.9712942838668823
YML128C,YLL022C,0,-3.1410928,0.09352249652147293,1.0,0.9713943004608154
YIL113W,YOR201C,0,-3.1438606,0.09351376444101334,1.0,0.9714943170547485
YGR280C,YDR125C,0,-3.1442356,0.09350503981113434,1.0,0.9715943336486816
YPR169W,YKL093W,0,-3.1453876,0.09349631518125534,1.0,0.9716943502426147
YJR065C,YLR419W,0,-3.1455832,0.09348759055137634,1.0,0.9717943668365479
YBL021C,YJR155W,0,-3.1486564,0.09347886592149734,1.0,0.971894383430481
YAL024C,YKL134C,0,-3.1495824,0.09347014874219894,1.0,0.9719944000244141
YDR466W,YIL146C,0,-3.1503224,0.09346143156290054,1.0,0.9720944166183472
YMR133W,YDR083W,0,-3.1522126,0.09345271438360214,1.0,0.9721944332122803
YIL136W,YBR042C,0,-3.153852,0.09344399720430374,1.0,0.9722944498062134
YNL261W,YOR113W,0,-3.1545134,0.09343528747558594,1.0,0.9723944664001465
YEL012W,YIL118W,0,-3.1550655,0.09342657029628754,1.0,0.9724944829940796
YHR153C,YMR280C,0,-3.1567702,0.09341786056756973,1.0,0.9725944995880127
YDL208W,YCR079W,0,-3.1567905,0.09340915083885193,1.0,0.9726945161819458
YLR414C,YER102W,0,-3.1572518,0.09340044856071472,1.0,0.9727945327758789
YML014W,YDL024C,0,-3.1574483,0.09339173883199692,1.0,0.972894549369812
YHR178W,YDR079W,0,-3.1577437,0.09338303655385971,1.0,0.9729946255683899
YLR004C,YHR124W,0,-3.1582873,0.0933743342757225,1.0,0.973094642162323
YJR065C,YML065W,0,-3.1584,0.0933656319975853,1.0,0.9731946587562561
YIL124W,YBR087W,0,-3.1587696,0.09335693717002869,1.0,0.9732946753501892
YMR307W,YDL024C,0,-3.1602027,0.09334824234247208,1.0,0.9733946919441223
YDR258C,YLR014C,0,-3.160404,0.09333954006433487,1.0,0.9734947085380554
YNL323W,YJL066C,0,-3.160748,0.09333085268735886,1.0,0.9735947251319885
YOR293W,YCR021C,0,-3.1623523,0.09332215785980225,1.0,0.9736947417259216
YBR299W,YKL024C,0,-3.163191,0.09331346303224564,1.0,0.9737947583198547
YKL103C,YMR123W,0,-3.1654878,0.09330477565526962,1.0,0.9738947749137878
YKR044W,YGR100W,0,-3.169918,0.09329608827829361,1.0,0.973994791507721
YGR224W,YLR013W,0,-3.1704953,0.0932874009013176,1.0,0.974094808101654
YMR280C,YBR253W,0,-3.1711469,0.09327872097492218,1.0,0.9741948246955872
YMR233W,YOR173W,0,-3.1748943,0.09327003359794617,1.0,0.9742948412895203
YNL095C,YDL027C,0,-3.175363,0.09326135367155075,1.0,0.9743948578834534
YGR280C,YGR070W,0,-3.1757317,0.09325267374515533,1.0,0.9744948744773865
YPR085C,YIL073C,0,-3.180171,0.09324400126934052,1.0,0.9745948910713196
YGL070C,YHR124W,0,-3.1807983,0.0932353213429451,1.0,0.9746949672698975
YMR235C,YKL221W,0,-3.1814926,0.09322664886713028,1.0,0.9747949838638306
YJL198W,YMR031C,0,-3.1815495,0.09321797639131546,1.0,0.9748950004577637
YML118W,YKL042W,0,-3.1825485,0.09320930391550064,1.0,0.9749950170516968
YOR295W,YKL039W,0,-3.1848679,0.09320063143968582,1.0,0.9750950336456299
YPL188W,YEL070W,0,-3.1863236,0.0931919664144516,1.0,0.975195050239563
YDR208W,YDL035C,0,-3.187819,0.09318330138921738,1.0,0.9752950668334961
YJR119C,YJL003W,0,-3.1889935,0.09317463636398315,1.0,0.9753950834274292
YEL018W,YHR004C,0,-3.1894698,0.09316597133874893,1.0,0.9754951000213623
YJR147W,YMR278W,0,-3.189712,0.09315730631351471,1.0,0.9755951166152954
YOR064C,YDR099W,0,-3.190003,0.09314864873886108,1.0,0.9756951332092285
YJR147W,YEL006W,0,-3.1926153,0.09313999116420746,1.0,0.9757951498031616
YDL209C,YMR169C,0,-3.193337,0.09313133358955383,1.0,0.9758951663970947
YDL027C,YIL009W,0,-3.1965883,0.09312267601490021,1.0,0.9759951829910278
YDL225W,YKL093W,0,-3.1975322,0.09311402589082718,1.0,0.9760951995849609
YLR309C,YHR061C,0,-3.1986945,0.09310536831617355,1.0,0.976195216178894
YGL162W,YGL213C,0,-3.201315,0.09309671819210052,1.0,0.9762952327728271
YMR169C,YDL102W,0,-3.2014468,0.0930880680680275,1.0,0.9763952493667603
YOL012C,YMR306W,0,-3.2029037,0.09307942539453506,1.0,0.9764953255653381
YMR020W,YGL133W,0,-3.2042062,0.09307077527046204,1.0,0.9765953421592712
YLR085C,YPL115C,0,-3.2049246,0.0930621325969696,1.0,0.9766953587532043
YGR135W,YNL318C,0,-3.2052565,0.09305348992347717,1.0,0.9767953753471375
YKL034W,YDR419W,0,-3.2053914,0.09304484724998474,1.0,0.9768953919410706
YLR309C,YDR125C,0,-3.206056,0.0930362120270729,1.0,0.9769954085350037
YKR044W,YER170W,0,-3.206817,0.09302757680416107,1.0,0.9770954251289368
YBR061C,YHL044W,0,-3.2072892,0.09301894158124924,1.0,0.9771954417228699
YBR136W,YDR504C,0,-3.2073739,0.0930103063583374,1.0,0.977295458316803
YBR281C,YER039C,0,-3.2076712,0.09300167113542557,1.0,0.9773954749107361
YHR031C,YCR027C,0,-3.2081633,0.09299303591251373,1.0,0.9774954915046692
YNL082W,YMR306W,0,-3.2090826,0.0929844081401825,1.0,0.9775955080986023
YBR061C,YEL012W,0,-3.210423,0.09297578036785126,1.0,0.9776955246925354
YKL051W,YOR113W,0,-3.2114518,0.09296715259552002,1.0,0.9777955412864685
YKR076W,YMR080C,0,-3.2151778,0.09295853227376938,1.0,0.9778955578804016
YBR061C,YDR258C,0,-3.215534,0.09294990450143814,1.0,0.9779955744743347
YIL095W,YMR190C,0,-3.2164202,0.0929412841796875,1.0,0.9780955910682678
YNL082W,YPL187W,0,-3.2167819,0.09293266385793686,1.0,0.9781956672668457
YGR236C,YGR099W,0,-3.2175503,0.09292404353618622,1.0,0.9782956838607788
YEL070W,YER075C,0,-3.2180486,0.09291543066501617,1.0,0.9783957004547119
YPL189W,YPL259C,0,-3.2182198,0.09290681779384613,1.0,0.978495717048645
YOL094C,YNL183C,0,-3.2202458,0.09289820492267609,1.0,0.9785957336425781
YNL194C,YIL142W,0,-3.224575,0.09288959205150604,1.0,0.9786957502365112
YBR070C,YHR124W,0,-3.2247777,0.092880979180336,1.0,0.9787957668304443
YHR124W,YOR158W,0,-3.2256887,0.09287236630916595,1.0,0.9788957834243774
YGL162W,YPL123C,0,-3.2259278,0.09286376088857651,1.0,0.9789958000183105
YOR254C,YPL280W,0,-3.2286396,0.09285515546798706,1.0,0.9790958166122437
YNL289W,YJR153W,0,-3.229869,0.09284655004739761,1.0,0.9791958332061768
YJR035W,YDR488C,0,-3.2305803,0.09283795207738876,1.0,0.9792958498001099
YLL049W,YDL024C,0,-3.2311633,0.09282934665679932,1.0,0.979395866394043
YDR152W,YLR423C,0,-3.2359123,0.09282074868679047,1.0,0.9794958829879761
YDL240W,YER142C,0,-3.2372696,0.09281215071678162,1.0,0.9795958995819092
YER154W,YMR100W,0,-3.23796,0.09280356019735336,1.0,0.9796959161758423
YMR197C,YML075C,0,-3.2406144,0.09279496222734451,1.0,0.9797959327697754
YIL072W,YIL040W,0,-3.2411685,0.09278637170791626,1.0,0.9798960089683533
YOR190W,YDR419W,0,-3.2417135,0.092777781188488,1.0,0.9799960255622864
YML102W,YML128C,0,-3.242916,0.09276919066905975,1.0,0.9800960421562195
YPL189W,YNL183C,0,-3.2437189,0.0927606001496315,1.0,0.9801960587501526
YHR004C,YNL164C,0,-3.247829,0.09275200963020325,1.0,0.9802960753440857
YJL133W,YOL017W,0,-3.2497306,0.09274342656135559,1.0,0.9803960919380188
YOL100W,YDR308C,0,-3.2506506,0.09273484349250793,1.0,0.9804961085319519
YHL007C,YMR031C,0,-3.2507439,0.09272626042366028,1.0,0.980596125125885
YOL052C-A,YKR036C,0,-3.2510917,0.09271768480539322,1.0,0.9806961417198181
YCR073C,YNL272C,0,-3.2543907,0.09270910173654556,1.0,0.9807961583137512
YBR290W,YJL133W,0,-3.2549834,0.0927005261182785,1.0,0.9808961749076843
YFR009W,YOR081C,0,-3.2555065,0.09269195050001144,1.0,0.9809961915016174
YDR152W,YGR224W,0,-3.2567291,0.09268337488174438,1.0,0.9810962080955505
YJL025W,YOR275C,0,-3.2581892,0.09267480671405792,1.0,0.9811962246894836
YJR147W,YLR423C,0,-3.2596376,0.09266623854637146,1.0,0.9812962412834167
YML118W,YDR208W,0,-3.2613213,0.0926576629281044,1.0,0.9813962578773499
YBR142W,YML128C,0,-3.2633727,0.09264909476041794,1.0,0.981496274471283
YNL113W,YIL017C,0,-3.2638772,0.09264053404331207,1.0,0.9815962910652161
YGR247W,YLR014C,0,-3.2679708,0.09263196587562561,1.0,0.981696367263794
YFL054C,YDR021W,0,-3.271865,0.09262340515851974,1.0,0.981796383857727
YNL278W,YCR073C,0,-3.275561,0.09261484444141388,1.0,0.9818964004516602
YOR190W,YJR032W,0,-3.276188,0.09260628372430801,1.0,0.9819964170455933
YMR133W,YMR013C,0,-3.2793102,0.09259772300720215,1.0,0.9820964336395264
YHL035C,YKL024C,0,-3.2820973,0.09258916974067688,1.0,0.9821964502334595
YCR092C,YDR356W,0,-3.2834349,0.09258061647415161,1.0,0.9822964668273926
YDR326C,YGL259W,0,-3.285481,0.09257206320762634,1.0,0.9823964834213257
YJR097W,YEL069C,0,-3.285564,0.09256350994110107,1.0,0.9824965000152588
YKR028W,YLR013W,0,-3.2863464,0.0925549566745758,1.0,0.9825965166091919
YOR233W,YBL064C,0,-3.2900105,0.09254641085863113,1.0,0.982696533203125
YGR100W,YGR236C,0,-3.2909896,0.09253786504268646,1.0,0.9827965497970581
YDR080W,YHR061C,0,-3.294149,0.09252931922674179,1.0,0.9828965663909912
YIR002C,YOR081C,0,-3.294431,0.09252077341079712,1.0,0.9829965829849243
YPL021W,YGL027C,0,-3.2991133,0.09251223504543304,1.0,0.9830965995788574
YBR114W,YAL055W,0,-3.3017516,0.09250368922948837,1.0,0.9831966161727905
YJR032W,YBR108W,0,-3.3075316,0.0924951508641243,1.0,0.9832966327667236
YDR440W,YIL108W,0,-3.3079693,0.09248661249876022,1.0,0.9833967089653015
YDL052C,YGR052W,0,-3.3102345,0.09247808158397675,1.0,0.9834967255592346
YDR288W,YOR081C,0,-3.3103578,0.09246954321861267,1.0,0.9835967421531677
YDR356W,YHR115C,0,-3.3109636,0.0924610123038292,1.0,0.9836967587471008
YKR030W,YKL020C,0,-3.3129773,0.09245248138904572,1.0,0.9837967753410339
YIL099W,YLR228C,0,-3.315226,0.09244395047426224,1.0,0.983896791934967
YML065W,YOR173W,0,-3.3160138,0.09243542701005936,1.0,0.9839968085289001
YOL084W,YGR283C,0,-3.31641,0.09242689609527588,1.0,0.9840968251228333
YMR131C,YMR031C,0,-3.3201103,0.092418372631073,1.0,0.9841968417167664
YDR195W,YAR027W,0,-3.3202434,0.09240984916687012,1.0,0.9842968583106995
YHL024W,YGL001C,0,-3.3206267,0.09240132570266724,1.0,0.9843968749046326
YGR087C,YPL115C,0,-3.3209567,0.09239280968904495,1.0,0.9844968914985657
YNL194C,YER165W,0,-3.3218331,0.09238428622484207,1.0,0.9845969080924988
YGL162W,YHR037W,0,-3.3222682,0.09237577021121979,1.0,0.9846969246864319
YDR200C,YNL233W,0,-3.3238902,0.0923672541975975,1.0,0.984796941280365
YER050C,YCR092C,0,-3.3248293,0.09235874563455582,1.0,0.9848969578742981
YMR119W,YGR072W,0,-3.3301792,0.09235022962093353,1.0,0.9849969744682312
YKR044W,YOR292C,0,-3.331506,0.09234172105789185,1.0,0.9850969910621643
YDR513W,YLR419W,0,-3.3318598,0.09233321249485016,1.0,0.9851970672607422
YDL022W,YLR276C,0,-3.33279,0.09232470393180847,1.0,0.9852970838546753
YER039C,YDR448W,0,-3.3334806,0.09231619536876678,1.0,0.9853971004486084
YPL256C,YHL016C,0,-3.333724,0.0923076942563057,1.0,0.9854971170425415
YGR271C-A,YOR292C,0,-3.3346746,0.09229918569326401,1.0,0.9855971336364746
YPR028W,YKL095W,0,-3.3352349,0.09229068458080292,1.0,0.9856971502304077
YER096W,YDR308C,0,-3.3364773,0.09228219091892242,1.0,0.9857971668243408
YJL079C,YOL017W,0,-3.3409312,0.09227368980646133,1.0,0.9858971834182739
YPR028W,YBR136W,0,-3.3420138,0.09226519614458084,1.0,0.985997200012207
YHR110W,YOL078W,0,-3.3435678,0.09225669503211975,1.0,0.9860972166061401
YLR272C,YBR255W,0,-3.3478053,0.09224820137023926,1.0,0.9861972332000732
YIL139C,YER065C,0,-3.352843,0.09223971515893936,1.0,0.9862972497940063
YGR236C,YDR309C,0,-3.35416,0.09223122149705887,1.0,0.9863972663879395
YOL067C,YMR154C,0,-3.3549013,0.09222273528575897,1.0,0.9864972829818726
YCR092C,YDR009W,0,-3.3555336,0.09221424907445908,1.0,0.9865972995758057
YBR098W,YLR272C,0,-3.356493,0.09220576286315918,1.0,0.9866973161697388
YJR102C,YEL069C,0,-3.3636017,0.09219727665185928,1.0,0.9867973327636719
YIL073C,YOR110W,0,-3.364294,0.09218879044055939,1.0,0.9868974089622498
YOR162C,YER096W,0,-3.3654366,0.09218031167984009,1.0,0.9869974255561829
YLR362W,YML058W-A,0,-3.3662815,0.09217183291912079,1.0,0.987097442150116
YPL084W,YOR190W,0,-3.3691578,0.09216335415840149,1.0,0.9871974587440491
YDL208W,YGR243W,0,-3.3692698,0.09215487539768219,1.0,0.9872974753379822
YGL172W,YGL259W,0,-3.3735533,0.09214640408754349,1.0,0.9873974919319153
YOR391C,YMR080C,0,-3.382008,0.09213793277740479,1.0,0.9874975085258484
YLR323C,YJR153W,0,-3.3844285,0.09212946146726608,1.0,0.9875975251197815
YLL031C,YHR157W,0,-3.3873296,0.09212099015712738,1.0,0.9876975417137146
YDR085C,YIR008C,0,-3.3882356,0.09211251884698868,1.0,0.9877975583076477
YIR026C,YHL024W,0,-3.3892126,0.09210405498743057,1.0,0.9878975749015808
YGL234W,YMR031C,0,-3.391475,0.09209559112787247,1.0,0.9879975914955139
YNL009W,YKR008W,0,-3.392621,0.09208712726831436,1.0,0.988097608089447
YLR439W,YDL024C,0,-3.3950968,0.09207866340875626,1.0,0.9881976246833801
YFR033C,YOR301W,0,-3.3985114,0.09207019954919815,1.0,0.9882976412773132
YJL085W,YOR049C,0,-3.398877,0.09206174314022064,1.0,0.9883976578712463
YMR040W,YPR171W,0,-3.4002705,0.09205328673124313,1.0,0.9884976744651794
YIL099W,YCR043C,0,-3.4071102,0.09204483032226562,1.0,0.9885976910591125
YDR071C,YMR306W,0,-3.4108,0.09203637391328812,1.0,0.9886977672576904
YBR288C,YMR017W,0,-3.41502,0.09202791750431061,1.0,0.9887977838516235
YML065W,YAR027W,0,-3.4170756,0.0920194685459137,1.0,0.9888978004455566
YPL028W,YGL259W,0,-3.418973,0.09201101958751678,1.0,0.9889978170394897
YHR129C,YMR169C,0,-3.4208777,0.09200257062911987,1.0,0.9890978336334229
YLR272C,YER144C,0,-3.4242792,0.09199412167072296,1.0,0.989197850227356
YNL188W,YLR457C,0,-3.4249063,0.09198568016290665,1.0,0.9892978668212891
YLR004C,YMR247C,0,-3.4282107,0.09197723865509033,1.0,0.9893978834152222
YBR128C,YJR155W,0,-3.4287992,0.09196878969669342,1.0,0.9894979000091553
YMR184W,YIL127C,0,-3.4295764,0.0919603556394577,1.0,0.9895979166030884
YPL283C,YLR419W,0,-3.4300141,0.09195191413164139,1.0,0.9896979331970215
YLR004C,YOR081C,0,-3.4347653,0.09194347262382507,1.0,0.9897979497909546
YJR074W,YIL146C,0,-3.4370885,0.09193503856658936,1.0,0.9898979663848877
YDR376W,YPL253C,0,-3.4377472,0.09192660450935364,1.0,0.9899979829788208
YBR288C,YDL024C,0,-3.4394913,0.09191817045211792,1.0,0.9900979995727539
YBR299W,YNR058W,0,-3.4396276,0.0919097438454628,1.0,0.990198016166687
YGR236C,YML062C,0,-3.4412055,0.09190130978822708,1.0,0.9902980327606201
YFL020C,YNL233W,0,-3.4467273,0.09189288318157196,1.0,0.990398108959198
YGR236C,YIR008C,0,-3.4496238,0.09188445657491684,1.0,0.9904981255531311
YCR057C,YEL069C,0,-3.4507322,0.09187602996826172,1.0,0.9905981421470642
YLR084C,YLR151C,0,-3.4530797,0.0918676108121872,1.0,0.9906981587409973
YGL070C,YGR112W,0,-3.4593556,0.09185918420553207,1.0,0.9907981753349304
YER065C,YNR058W,0,-3.460775,0.09185076504945755,1.0,0.9908981919288635
YGR072W,YHL024W,0,-3.4617257,0.09184234589338303,1.0,0.9909982085227966
YDR440W,YOL084W,0,-3.4618516,0.0918339267373085,1.0,0.9910982251167297
YBR186W,YAL024C,0,-3.462079,0.09182551503181458,1.0,0.9911982417106628
YKL051W,YIL099W,0,-3.462647,0.09181709587574005,1.0,0.991298258304596
YNR001C,YNL299W,0,-3.4731922,0.09180868417024612,1.0,0.991398274898529
YDL084W,YHR096C,0,-3.4800758,0.0918002724647522,1.0,0.9914982914924622
YGR195W,YKL093W,0,-3.481336,0.09179186820983887,1.0,0.9915983080863953
YIL072W,YOR301W,0,-3.489027,0.09178345650434494,1.0,0.9916983246803284
YGR229C,YLR423C,0,-3.489109,0.09177505224943161,1.0,0.9917983412742615
YEL012W,YNL065W,0,-3.494722,0.09176664799451828,1.0,0.9918983578681946
YIL073C,YHR157W,0,-3.5048687,0.09175824373960495,1.0,0.9919983744621277
YDR434W,YNL318C,0,-3.506217,0.09174983948469162,1.0,0.9920983910560608
YLR197W,YKL221W,0,-3.512009,0.09174144268035889,1.0,0.9921984672546387
YHR014W,YCL040W,0,-3.5129795,0.09173303842544556,1.0,0.9922984838485718
YLR288C,YLR013W,0,-3.513657,0.09172464162111282,1.0,0.9923985004425049
YJR053W,YGR087C,0,-3.514687,0.09171624481678009,1.0,0.992498517036438
YDR152W,YMR040W,0,-3.5148857,0.09170785546302795,1.0,0.9925985336303711
YOL084W,YBL028C,0,-3.5165129,0.09169945865869522,1.0,0.9926985502243042
YJR124C,YJL020C,0,-3.5183942,0.09169106930494308,1.0,0.9927985668182373
YGR236C,YOL149W,0,-3.5199447,0.09168267995119095,1.0,0.9928985834121704
YMR322C,YOR129C,0,-3.52366,0.09167429059743881,1.0,0.9929986000061035
YMR159C,YGR229C,0,-3.5298193,0.09166590124368668,1.0,0.9930986166000366
YDL102W,YMR133W,0,-3.530387,0.09165751934051514,1.0,0.9931986331939697
YDL110C,YLR287C,0,-3.5347548,0.0916491374373436,1.0,0.9932986497879028
YDR356W,YOL017W,0,-3.5465307,0.09164075553417206,1.0,0.9933986663818359
YJR055W,YNL159C,0,-3.5499463,0.09163237363100052,1.0,0.993498682975769
YMR133W,YGR004W,0,-3.551918,0.09162399172782898,1.0,0.9935986995697021
YBL084C,YKL185W,0,-3.5523732,0.09161561727523804,1.0,0.9936987161636353
YHR171W,YJL025W,0,-3.5584188,0.0916072428226471,1.0,0.9937987327575684
YER065C,YLR197W,0,-3.5678978,0.09159886837005615,1.0,0.9938988089561462
YBL058W,YOR190W,0,-3.5761945,0.09159049391746521,1.0,0.9939988255500793
YNL268W,YHL016C,0,-3.5821333,0.09158211946487427,1.0,0.9940988421440125
YHR011W,YPL130W,0,-3.595183,0.09157375246286392,1.0,0.9941988587379456
YLR056W,YGR236C,0,-3.5963507,0.09156538546085358,1.0,0.9942988753318787
YDL077C,YKL221W,0,-3.5966926,0.09155701845884323,1.0,0.9943988919258118
YER179W,YJR002W,0,-3.623784,0.09154865145683289,1.0,0.9944989085197449
YLR014C,YMR315W,0,-3.629401,0.09154029190540314,1.0,0.994598925113678
YJL061W,YOR081C,0,-3.6333194,0.09153192490339279,1.0,0.9946989417076111
YDR481C,YAL024C,0,-3.6338496,0.09152356535196304,1.0,0.9947989583015442
YIL131C,YDR085C,0,-3.6358964,0.0915152058005333,1.0,0.9948989748954773
YLR288C,YIL146C,0,-3.6362498,0.09150684624910355,1.0,0.9949989914894104
YOR129C,YHL021C,0,-3.6372917,0.0914984941482544,1.0,0.9950990080833435
YOR233W,YGL047W,0,-3.640096,0.09149014204740524,1.0,0.9951990246772766
YHR129C,YER039C,0,-3.6464882,0.0914817824959755,1.0,0.9952990412712097
YMR159C,YJL133W,0,-3.6511462,0.09147343784570694,1.0,0.9953990578651428
YIL072W,YOR307C,0,-3.652012,0.09146508574485779,1.0,0.9954990744590759
YJR153W,YER144C,0,-3.660183,0.09145673364400864,1.0,0.995599091053009
YPL253C,YDL024C,0,-3.6624372,0.09144838899374008,1.0,0.9956991672515869
YHR031C,YIL146C,0,-3.6691234,0.09144004434347153,1.0,0.99579918384552
YKL191W,YIL072W,0,-3.6804404,0.09143169969320297,1.0,0.9958992004394531
YER173W,YHL024W,0,-3.6902657,0.09142335504293442,1.0,0.9959992170333862
YDR405W,YJL105W,0,-3.6947055,0.09141501784324646,1.0,0.9960992336273193
YHR040W,YIL124W,0,-3.702445,0.0914066806435585,1.0,0.9961992502212524
YNL188W,YNL009W,0,-3.7076545,0.09139834344387054,1.0,0.9962992668151855
YDR405W,YOL078W,0,-3.7084508,0.09139000624418259,1.0,0.9963992834091187
YPL249C,YLR442C,0,-3.7086601,0.09138166904449463,1.0,0.9964993000030518
YBR183W,YKR036C,0,-3.7216313,0.09137333929538727,1.0,0.9965993165969849
YML102W,YOR032C,0,-3.7234108,0.09136500209569931,1.0,0.996699333190918
YOL137W,YCL034W,0,-3.7300825,0.09135667234659195,1.0,0.9967993497848511
YIL127C,YMR315W,0,-3.733944,0.09134834259748459,1.0,0.9968993663787842
YOL082W,YLR272C,0,-3.736468,0.09134002029895782,1.0,0.9969993829727173
YCR092C,YEL070W,0,-3.74035,0.09133169054985046,1.0,0.9970993995666504
YML014W,YIL099W,0,-3.7416704,0.0913233682513237,1.0,0.9971994161605835
YMR040W,YJR105W,0,-3.7442489,0.09131504595279694,1.0,0.9972994327545166
YPL130W,YDR356W,0,-3.7487655,0.09130672365427017,1.0,0.9973995089530945
YPL130W,YAL013W,0,-3.7500176,0.091298408806324,1.0,0.9974995255470276
YPL112C,YHL024W,0,-3.751051,0.09129008650779724,1.0,0.9975995421409607
YNL048W,YIL072W,0,-3.7588317,0.09128177165985107,1.0,0.9976995587348938
YPL117C,YNL278W,0,-3.7618814,0.09127345681190491,1.0,0.9977995753288269
YOL094C,YOL084W,0,-3.775815,0.09126514196395874,1.0,0.99789959192276
YPR033C,YER039C,0,-3.7758203,0.09125682711601257,1.0,0.9979996085166931
YLR409C,YOL084W,0,-3.7793522,0.091248519718647,1.0,0.9980996251106262
YHL024W,YOL054W,0,-3.8198524,0.09124021232128143,1.0,0.9981996417045593
YMR036C,YJR153W,0,-3.8379679,0.09123190492391586,1.0,0.9982996582984924
YJL025W,YMR017W,0,-3.8401294,0.09122359752655029,1.0,0.9983996748924255
YMR219W,YER008C,0,-3.874104,0.09121529012918472,1.0,0.9984996914863586
YER039C,YEL018W,0,-3.9132547,0.09120699018239975,1.0,0.9985997080802917
YER039C,YMR277W,0,-3.9141507,0.09119869023561478,1.0,0.9986997246742249
YMR119W,YJL025W,0,-3.917215,0.0911903902888298,1.0,0.998799741268158
YHR031C,YGL045W,0,-3.9361281,0.09118209034204483,1.0,0.9988997578620911
YHR031C,YAL055W,0,-3.9397202,0.09117379784584045,1.0,0.9989997744560242
YIL127C,YCR079W,0,-3.9556146,0.09116549789905548,1.0,0.9990997910499573
YBR050C,YOL001W,0,-3.9672647,0.0911572054028511,1.0,0.9991998672485352
YLR096W,YIL099W,0,-4.0314035,0.09114891290664673,1.0,0.9992998838424683
YHR031C,YIL072W,0,-4.0402927,0.09114062041044235,1.0,0.9993999004364014
YFL020C,YHR031C,0,-4.0654016,0.09113233536481857,1.0,0.9994999170303345
YBR299W,YOR295W,0,-4.170882,0.0911240428686142,1.0,0.9995999336242676
YMR214W,YER039C,0,-4.195129,0.09111575782299042,1.0,0.9996999502182007
YHR129C,YIL017C,0,-4.228458,0.09110747277736664,1.0,0.9997999668121338
YHR120W,YMR017W,0,-4.2702937,0.09109918773174286,1.0,0.9998999834060669
YBR186W,YPL031C,0,-4.679626,0.09109091013669968,1.0,1.0
