Gene A,Gene B,Label,Score,Precision,Recall,False Positive Rate
YDR329C,YDR479C,1,12.6485615,1.0,0.0015015015378594398,0.0
YLR324W,YOL044W,1,12.530806,1.0,0.0030030030757188797,0.0
YDR329C,YGL153W,1,12.183601,1.0,0.0045045046135783195,0.0
YLR324W,YDR244W,1,12.037987,1.0,0.006006006151437759,0.0
YDR265W,YDR244W,1,11.98312,1.0,0.007507507689297199,0.0
YDR329C,YDR244W,1,11.979298,1.0,0.009009009227156639,0.0
YDR329C,YAL055W,1,11.849911,1.0,0.010510510765016079,0.0
YDR329C,YLR324W,1,11.721508,1.0,0.012012012302875519,0.0
YNL214W,YDR244W,1,11.605995,1.0,0.013513513840734959,0.0
YDR329C,YBR168W,1,11.58119,1.0,0.015015015378594398,0.0
YDR329C,YOL044W,1,11.580387,1.0,0.016516515985131264,0.0
YPR128C,YBR168W,1,11.475121,1.0,0.018018018454313278,0.0
YNL214W,YGL153W,1,11.279858,1.0,0.019519519060850143,0.0
YDR329C,YHR160C,1,11.242769,1.0,0.021021021530032158,0.0
YGL153W,YDR244W,1,10.937031,1.0,0.022522522136569023,0.0
YNL329C,YKL197C,1,10.891705,1.0,0.024024024605751038,0.0
YPR128C,YDR142C,1,10.849091,1.0,0.025525525212287903,0.0
YMR026C,YDR329C,1,10.819263,1.0,0.027027027681469917,0.0
YMR026C,YOL044W,1,10.555559,1.0,0.028528528288006783,0.0
YDR329C,YNL214W,1,10.448406,1.0,0.030030030757188797,0.0
YDR329C,YOR084W,1,10.425348,1.0,0.03153153136372566,0.0
YKR001C,YOL044W,1,10.367315,1.0,0.03303303197026253,0.0
YDR479C,YOL044W,1,10.365021,1.0,0.03453453630208969,0.0
YJL210W,YDR244W,1,10.328108,1.0,0.036036036908626556,0.0
YMR026C,YHR150W,1,10.319984,1.0,0.03753753751516342,0.0
YDR329C,YJL210W,1,10.280344,1.0,0.03903903812170029,0.0
YGL153W,YOL044W,1,10.271891,1.0,0.04054053872823715,0.0
YNL329C,YDR265W,1,10.162483,1.0,0.042042043060064316,0.0
YKL197C,YAL055W,1,10.078608,1.0,0.04354354366660118,0.0
YMR204C,YLR324W,1,10.0532875,1.0,0.045045044273138046,0.0
YMR026C,YLR324W,1,9.898691,1.0,0.04654654487967491,0.0
YNL214W,YOL044W,1,9.885843,1.0,0.048048049211502075,0.0
YNL214W,YHR160C,1,9.879133,1.0,0.04954954981803894,0.0
YMR204C,YOL044W,1,9.8371525,1.0,0.051051050424575806,0.0
YLR324W,YBR168W,1,9.792299,1.0,0.05255255103111267,0.0
YMR026C,YOL147C,1,9.755999,1.0,0.054054055362939835,0.0
YDR265W,YGL153W,1,9.753349,1.0,0.0555555559694767,0.0
YMR204C,YDR265W,1,9.699753,1.0,0.057057056576013565,0.0
YDR479C,YDR244W,1,9.689749,1.0,0.05855855718255043,0.0
YDR479C,YGL153W,1,9.666321,1.0,0.060060061514377594,0.0
YMR204C,YDR244W,1,9.644749,1.0,0.06156156212091446,0.0
YLR324W,YMR163C,1,9.615463,1.0,0.06306306272745132,0.0
YGR133W,YGR004W,1,9.603273,1.0,0.06456456333398819,0.0
YDR329C,YMR163C,1,9.588444,1.0,0.06606606394052505,0.0
YNL329C,YDR329C,1,9.56851,1.0,0.06756756454706192,0.0
YJL210W,YHR160C,1,9.550955,1.0,0.06906907260417938,0.0
YPR128C,YDR329C,1,9.496782,1.0,0.07057057321071625,0.0
YMR163C,YGL153W,1,9.407263,1.0,0.07207207381725311,0.0
YMR026C,YHR160C,1,9.399063,1.0,0.07357357442378998,0.0
YOR193W,YDR479C,1,9.357256,1.0,0.07507507503032684,0.0
YDR265W,YGR004W,1,9.329729,1.0,0.07657657563686371,0.0
YDR265W,YLR191W,1,9.301853,1.0,0.07807807624340057,0.0
YDR265W,YBR168W,1,9.281948,1.0,0.07957957684993744,0.0
YPR128C,YOL044W,1,9.263536,1.0,0.0810810774564743,0.0
YGL153W,YGR004W,1,9.244244,1.0,0.08258258551359177,0.0
YDR265W,YOL044W,1,9.146738,1.0,0.08408408612012863,0.0
YMR163C,YDR244W,1,9.131296,1.0,0.0855855867266655,0.0
YKL197C,YBR168W,1,9.113867,1.0,0.08708708733320236,0.0
YLR324W,YGL153W,1,9.108202,1.0,0.08858858793973923,0.0
YNL329C,YOR363C,1,9.1073265,1.0,0.09009008854627609,0.0
YPR128C,YGR077C,1,9.082733,1.0,0.09159158915281296,0.0
YOR193W,YMR163C,1,9.02944,1.0,0.09309308975934982,0.0
YGR133W,YDR244W,1,9.027819,1.0,0.09459459781646729,0.0
YOR193W,YOL044W,1,9.005203,1.0,0.09609609842300415,0.0
YOR193W,YOR363C,1,8.999575,1.0,0.09759759902954102,0.0
YGL153W,YBR168W,1,8.994753,1.0,0.09909909963607788,0.0
YKR001C,YAL055W,1,8.980755,1.0,0.10060060024261475,0.0
YDR479C,YHR160C,1,8.9735985,1.0,0.10210210084915161,0.0
YGR133W,YHR160C,1,8.970774,1.0,0.10360360145568848,0.0
YOL147C,YGR004W,1,8.955334,1.0,0.10510510206222534,0.0
YPR128C,YGL153W,1,8.9487705,1.0,0.1066066101193428,0.0
YNL214W,YBR168W,1,8.9073715,1.0,0.10810811072587967,0.0
YOR193W,YGR004W,1,8.898115,1.0,0.10960961133241653,0.0
YPR128C,YMR163C,1,8.892973,1.0,0.1111111119389534,0.0
YMR026C,YAL055W,1,8.885424,1.0,0.11261261254549026,0.0
YJL210W,YLR324W,1,8.882914,1.0,0.11411411315202713,0.0
YMR026C,YMR163C,1,8.816164,1.0,0.115615613758564,0.0
YPR128C,YHR160C,1,8.806145,1.0,0.11711711436510086,0.0
YPR128C,YDR244W,1,8.798193,1.0,0.11861861497163773,0.0
YLR324W,YHR150W,1,8.790321,1.0,0.12012012302875519,0.0
YKL197C,YDR244W,1,8.766781,1.0,0.12162162363529205,0.0
YPR128C,YDR265W,1,8.765526,1.0,0.12312312424182892,0.0
YMR026C,YGL153W,1,8.764828,1.0,0.12462462484836578,0.0
YLR324W,YOL147C,1,8.745914,1.0,0.12612612545490265,0.0
YNL329C,YOL044W,1,8.744307,1.0,0.12762762606143951,0.0
YMR026C,YNL214W,1,8.731737,1.0,0.12912912666797638,0.0
YNL214W,YLR191W,1,8.712475,1.0,0.13063062727451324,0.0
YKL197C,YLR324W,1,8.694965,1.0,0.1321321278810501,0.0
YDR244W,YOR084W,1,8.679714,1.0,0.13363362848758698,0.0
YNL214W,YGL115W,1,8.657341,1.0,0.13513512909412384,0.0
YDR329C,YHR150W,1,8.641127,1.0,0.1366366297006607,0.0
YKL197C,YDR479C,1,8.613003,1.0,0.13813814520835876,0.0
YLR324W,YGR004W,1,8.589367,1.0,0.13963964581489563,0.0
YMR026C,YGL115W,1,8.589083,1.0,0.1411411464214325,0.0
YGR133W,YGL115W,1,8.577938,1.0,0.14264264702796936,0.0
YDR329C,YDR265W,1,8.574141,1.0,0.14414414763450623,0.0
YMR026C,YAL051W,1,8.572315,1.0,0.1456456482410431,0.0
YMR204C,YGL153W,1,8.569067,1.0,0.14714714884757996,0.0
YDR244W,YLR191W,1,8.549458,1.0,0.14864864945411682,0.0
YDR479C,YLR324W,1,8.54685,1.0,0.1501501500606537,0.0
YDR329C,YMR204C,1,8.533461,1.0,0.15165165066719055,0.0
YDR329C,YGL115W,1,8.532913,1.0,0.15315315127372742,0.0
YPR128C,YMR026C,1,8.516796,1.0,0.15465465188026428,0.0
YKR001C,YDR329C,1,8.515924,1.0,0.15615615248680115,0.0
YMR026C,YGR004W,1,8.4992695,1.0,0.157657653093338,0.0
YOL147C,YOR084W,1,8.487253,1.0,0.15915915369987488,0.0
YAL055W,YDR244W,1,8.459801,1.0,0.16066065430641174,0.0
YPR128C,YHR150W,1,8.436619,1.0,0.1621621549129486,0.0
YMR026C,YDR479C,1,8.431065,1.0,0.16366367042064667,0.0
YOR193W,YDR265W,1,8.404856,1.0,0.16516517102718353,0.0
YKL197C,YDR265W,1,8.399372,1.0,0.1666666716337204,0.0
YKL197C,YMR204C,1,8.395189,1.0,0.16816817224025726,0.0
YMR026C,YMR204C,1,8.380943,1.0,0.16966967284679413,0.0
YDL022W,YDL070W,0,8.377298,0.9912280440330505,0.16966967284679413,0.00015015015378594398
YMR026C,YDR244W,1,8.343721,0.991304337978363,0.171171173453331,0.00015015015378594398
YMR026C,YDR142C,1,8.3178425,0.9913793206214905,0.17267267405986786,0.00015015015378594398
YOL147C,YDR244W,1,8.272356,0.9914529919624329,0.17417417466640472,0.00015015015378594398
YOR193W,YKR001C,1,8.247768,0.991525411605835,0.1756756752729416,0.00015015015378594398
YOR193W,YNL214W,1,8.246519,0.9915966391563416,0.17717717587947845,0.00015015015378594398
YKL197C,YOL044W,1,8.231897,0.9916666746139526,0.17867867648601532,0.00015015015378594398
YJL210W,YMR163C,1,8.219465,0.9917355179786682,0.18018017709255219,0.00015015015378594398
YPR128C,YKR001C,1,8.215324,0.9918032884597778,0.18168167769908905,0.00015015015378594398
YMR026C,YKL197C,1,8.188309,0.9918699264526367,0.18318317830562592,0.00015015015378594398
YOL147C,YHR150W,1,8.171295,0.9919354915618896,0.18468467891216278,0.00015015015378594398
YLR324W,YLR191W,1,8.150831,0.9919999837875366,0.18618617951869965,0.00015015015378594398
YJL210W,YOL147C,1,8.149569,0.9920634627342224,0.1876876950263977,0.00015015015378594398
YNL214W,YJL210W,1,8.142239,0.9921259880065918,0.18918919563293457,0.00015015015378594398
YMR204C,YHR150W,1,8.128986,0.9921875,0.19069069623947144,0.00015015015378594398
YGL153W,YLR191W,1,8.128452,0.9922480583190918,0.1921921968460083,0.00015015015378594398
YKL197C,YGL115W,1,8.127617,0.9923076629638672,0.19369369745254517,0.00015015015378594398
YNL214W,YHR150W,1,8.07069,0.9923664331436157,0.19519519805908203,0.00015015015378594398
YNL329C,YAL055W,1,8.049784,0.9924242496490479,0.1966966986656189,0.00015015015378594398
YOR193W,YOR326W,1,8.049038,0.9924812316894531,0.19819819927215576,0.00015015015378594398
YPR128C,YLR324W,1,8.033915,0.9925373196601868,0.19969969987869263,0.00015015015378594398
YNL214W,YDR265W,1,8.022791,0.9925925731658936,0.2012012004852295,0.00015015015378594398
YJL210W,YBR168W,1,8.022169,0.9926470518112183,0.20270270109176636,0.00015015015378594398
YOR193W,YDR142C,1,8.012798,0.9927007555961609,0.20420420169830322,0.00015015015378594398
YNL214W,YDR479C,1,8.006886,0.9927536249160767,0.2057057023048401,0.00015015015378594398
YDR479C,YBR168W,1,7.9968467,0.9928057789802551,0.20720720291137695,0.00015015015378594398
YKL197C,YDR329C,1,7.9614425,0.9928571581840515,0.20870870351791382,0.00015015015378594398
YNL329C,YDR479C,1,7.956326,0.9929078221321106,0.21021020412445068,0.00015015015378594398
YOR193W,YHR160C,1,7.950558,0.9929577708244324,0.21171170473098755,0.00015015015378594398
YNL329C,YPR128C,1,7.9430747,0.9930070042610168,0.2132132202386856,0.00015015015378594398
YJL210W,YDR265W,1,7.9113755,0.9930555820465088,0.21471472084522247,0.00015015015378594398
YPR128C,YNL214W,1,7.9087176,0.9931034445762634,0.21621622145175934,0.00015015015378594398
YLR324W,YOR084W,1,7.90505,0.9931507110595703,0.2177177220582962,0.00015015015378594398
YPR128C,YDL065C,1,7.8721023,0.9931972622871399,0.21921922266483307,0.00015015015378594398
YMR204C,YBR168W,1,7.864923,0.9932432174682617,0.22072072327136993,0.00015015015378594398
YDR329C,YGR004W,1,7.8640294,0.9932885766029358,0.2222222238779068,0.00015015015378594398
YNL214W,YLR324W,1,7.8490343,0.9933333396911621,0.22372372448444366,0.00015015015378594398
YJL210W,YOL044W,1,7.841438,0.9933775067329407,0.22522522509098053,0.00015015015378594398
YGR133W,YOL044W,1,7.82883,0.9934210777282715,0.2267267256975174,0.00015015015378594398
YOR193W,YNL329C,1,7.811682,0.9934640526771545,0.22822822630405426,0.00015015015378594398
YDR329C,YOL147C,1,7.81105,0.9935064911842346,0.22972972691059113,0.00015015015378594398
YPR128C,YAL055W,1,7.795731,0.9935483932495117,0.231231227517128,0.00015015015378594398
YKL197C,YGR133W,1,7.793652,0.9935897588729858,0.23273272812366486,0.00015015015378594398
YNL329C,YDR244W,1,7.770481,0.993630588054657,0.23423422873020172,0.00015015015378594398
YGL153W,YHR150W,1,7.7551465,0.9936708807945251,0.2357357293367386,0.00015015015378594398
YOR193W,YAL055W,1,7.7494903,0.9937106966972351,0.23723722994327545,0.00015015015378594398
YKL197C,YGL153W,1,7.748734,0.9937499761581421,0.2387387454509735,0.00015015015378594398
YMR026C,YDR265W,1,7.744555,0.9937888383865356,0.24024024605751038,0.00015015015378594398
YNL329C,YNL214W,1,7.7059264,0.9938271641731262,0.24174174666404724,0.00015015015378594398
YDR329C,YGR133W,1,7.6798525,0.9938650131225586,0.2432432472705841,0.00015015015378594398
YPR128C,YDR479C,1,7.677106,0.9939024448394775,0.24474474787712097,0.00015015015378594398
YMR204C,YHR160C,1,7.6501403,0.9939393997192383,0.24624624848365784,0.00015015015378594398
YPR128C,YLR191W,1,7.6423593,0.9939758777618408,0.2477477490901947,0.00015015015378594398
YGR133W,YLR191W,1,7.6405425,0.9940119981765747,0.24924924969673157,0.00015015015378594398
YDR479C,YJL210W,1,7.6369863,0.9940476417541504,0.25075075030326843,0.00015015015378594398
YPR128C,YJL210W,1,7.6250353,0.9940828680992126,0.2522522509098053,0.00015015015378594398
YGR133W,YMR204C,1,7.565045,0.9941176176071167,0.25375375151634216,0.00015015015378594398
YGR133W,YMR163C,1,7.560229,0.9941520690917969,0.25525525212287903,0.00015015015378594398
YKL197C,YJL210W,1,7.5413847,0.9941860437393188,0.2567567527294159,0.00015015015378594398
YNL214W,YGR133W,1,7.537202,0.9942196607589722,0.25825825333595276,0.00015015015378594398
YNL329C,YLR324W,1,7.5105314,0.9942528605461121,0.2597597539424896,0.00015015015378594398
YMR204C,YLR191W,1,7.5099635,0.9942857027053833,0.2612612545490265,0.00015015015378594398
YJL210W,YGR004W,1,7.4956203,0.9943181872367859,0.26276275515556335,0.00015015015378594398
YMR163C,YOL147C,1,7.4802127,0.994350254535675,0.2642642557621002,0.00015015015378594398
YKL197C,YHR150W,1,7.478268,0.9943820238113403,0.2657657563686371,0.00015015015378594398
YBR168W,YDR244W,1,7.476955,0.994413435459137,0.26726725697517395,0.00015015015378594398
YKL197C,YMR163C,1,7.4399314,0.9944444298744202,0.2687687575817108,0.00015015015378594398
YMR204C,YMR163C,1,7.419172,0.9944751262664795,0.2702702581882477,0.00015015015378594398
YNL214W,YPL112C,1,7.406772,0.9945054650306702,0.27177175879478455,0.00015015015378594398
YKR001C,YMR026C,1,7.406368,0.994535505771637,0.2732732594013214,0.00015015015378594398
YDR329C,YPL112C,1,7.3998823,0.9945651888847351,0.2747747600078583,0.00015015015378594398
YOR193W,YDR244W,1,7.3955474,0.9945945739746094,0.27627629041671753,0.00015015015378594398
YNL329C,YGL153W,1,7.391704,0.9946236610412598,0.2777777910232544,0.00015015015378594398
YNL214W,YMR163C,1,7.3914733,0.9946523904800415,0.27927929162979126,0.00015015015378594398
YOR193W,YGL153W,1,7.3629403,0.9946808218955994,0.2807807922363281,0.00015015015378594398
YMR026C,YBR168W,1,7.3596406,0.9947090148925781,0.282282292842865,0.00015015015378594398
YAL055W,YHR160C,1,7.3515787,0.9947368502616882,0.28378379344940186,0.00015015015378594398
YNL329C,YDR142C,1,7.3443484,0.9947643876075745,0.2852852940559387,0.00015015015378594398
YOR193W,YMR204C,1,7.3352485,0.9947916865348816,0.2867867946624756,0.00015015015378594398
YPR128C,YGL115W,1,7.3296127,0.9948186278343201,0.28828829526901245,0.00015015015378594398
YGR133W,YLR324W,1,7.328751,0.9948453903198242,0.2897897958755493,0.00015015015378594398
YMR163C,YBR168W,1,7.31463,0.9948717951774597,0.2912912964820862,0.00015015015378594398
YNL329C,YDR216W,1,7.305548,0.9948979616165161,0.29279279708862305,0.00015015015378594398
YNL329C,YGR133W,1,7.3005586,0.9949238300323486,0.2942942976951599,0.00015015015378594398
YMR026C,YGR133W,1,7.294633,0.9949495196342468,0.2957957983016968,0.00015015015378594398
YGR133W,YDR265W,1,7.276758,0.9949748516082764,0.29729729890823364,0.00015015015378594398
YLR324W,YDR265W,1,7.2699533,0.9950000047683716,0.2987987995147705,0.00015015015378594398
YPR128C,YOR084W,1,7.268909,0.9950248599052429,0.3003003001213074,0.00015015015378594398
YAL055W,YOL044W,1,7.256881,0.9950494766235352,0.30180180072784424,0.00015015015378594398
YOL044W,YDR244W,1,7.249165,0.9950739145278931,0.3033033013343811,0.00015015015378594398
YMR026C,YLR191W,1,7.232105,0.9950980544090271,0.30480480194091797,0.00015015015378594398
YDR479C,YHR150W,1,7.1926103,0.995121955871582,0.30630630254745483,0.00015015015378594398
YDR329C,YLR191W,1,7.181726,0.9951456189155579,0.3078078031539917,0.00015015015378594398
YNL329C,YGL115W,1,7.171395,0.9951691031455994,0.30930930376052856,0.00015015015378594398
YGR133W,YDR479C,1,7.1661267,0.995192289352417,0.31081080436706543,0.00015015015378594398
YMR163C,YGR004W,1,7.126671,0.9952152967453003,0.3123123049736023,0.00015015015378594398
YOR193W,YDR329C,1,7.1238694,0.9952380657196045,0.31381380558013916,0.00015015015378594398
YDR265W,YOR084W,1,7.0895934,0.9952606558799744,0.315315306186676,0.00015015015378594398
YKR001C,YLR324W,1,7.0813956,0.9952830076217651,0.3168168067932129,0.00015015015378594398
YPR128C,YMR204C,1,7.049946,0.9953051805496216,0.31831830739974976,0.00015015015378594398
YPR128C,YIR004W,1,7.0274158,0.9953271150588989,0.3198198080062866,0.00015015015378594398
YMR026C,YOR084W,1,7.0079722,0.9953488111495972,0.3213213086128235,0.00015015015378594398
YDR479C,YMR163C,1,6.999145,0.9953703880310059,0.32282280921936035,0.00015015015378594398
YPR128C,YGR004W,1,6.9707,0.9953917264938354,0.3243243098258972,0.00015015015378594398
YOR326W,YBR168W,1,6.945496,0.9954128265380859,0.32582584023475647,0.00015015015378594398
YNL214W,YGR004W,1,6.9234443,0.9954338073730469,0.32732734084129333,0.00015015015378594398
YPR128C,YOL147C,1,6.9061885,0.9954545497894287,0.3288288414478302,0.00015015015378594398
YAL055W,YMR204C,1,6.897227,0.9954751133918762,0.33033034205436707,0.00015015015378594398
YNL329C,YDL065C,1,6.885031,0.9954954981803894,0.33183184266090393,0.00015015015378594398
YJL210W,YLR191W,1,6.8673773,0.9955157041549683,0.3333333432674408,0.00015015015378594398
YMR163C,YOR084W,1,6.859476,0.9955357313156128,0.33483484387397766,0.00015015015378594398
YNL329C,YMR163C,1,6.8292103,0.995555579662323,0.3363363444805145,0.00015015015378594398
YJL210W,YMR204C,1,6.8278604,0.9955752491950989,0.3378378450870514,0.00015015015378594398
YMR026C,YGR239C,1,6.811303,0.9955947399139404,0.33933934569358826,0.00015015015378594398
YOR193W,YPR128C,1,6.807586,0.9956140518188477,0.3408408463001251,0.00015015015378594398
YOR193W,YBR168W,1,6.794743,0.9956331849098206,0.342342346906662,0.00015015015378594398
YGR133W,YBR168W,1,6.778084,0.9956521987915039,0.34384384751319885,0.00015015015378594398
YKL197C,YOR084W,1,6.7774854,0.9956709742546082,0.3453453481197357,0.00015015015378594398
YKR001C,YDR142C,1,6.766883,0.9956896305084229,0.3468468487262726,0.00015015015378594398
YOR193W,YMR026C,1,6.7337146,0.995708167552948,0.34834834933280945,0.00015015015378594398
YDL022W,YJR040W,0,6.729542,0.9914529919624329,0.34834834933280945,0.00030030030757188797
YGR133W,YHR150W,1,6.688041,0.9914893507957458,0.3498498499393463,0.00030030030757188797
YOR193W,YKL197C,1,6.6836915,0.991525411605835,0.3513513505458832,0.00030030030757188797
YGR133W,YGL153W,1,6.641085,0.9915611743927002,0.35285285115242004,0.00030030030757188797
YMR163C,YOL044W,1,6.635611,0.9915966391563416,0.3543543517589569,0.00030030030757188797
YJL210W,YGL153W,1,6.631022,0.991631805896759,0.3558558523654938,0.00030030030757188797
YAL055W,YMR163C,1,6.5973115,0.9916666746139526,0.35735735297203064,0.00030030030757188797
YDL029W,YMR218C,0,6.5806313,0.9875518679618835,0.35735735297203064,0.00045045046135783195
YOL147C,YOL044W,1,6.55023,0.9876033067703247,0.3588588535785675,0.00045045046135783195
YOR193W,YIR004W,1,6.5305557,0.9876543283462524,0.36036035418510437,0.00045045046135783195
YAL055W,YGL153W,1,6.530045,0.9877049326896667,0.36186185479164124,0.00045045046135783195
YDR479C,YGR004W,1,6.5005007,0.9877551198005676,0.3633633553981781,0.00045045046135783195
YDR479C,YLR191W,1,6.4913244,0.9878048896789551,0.36486485600471497,0.00045045046135783195
YPR128C,YGR239C,1,6.4882007,0.9878542423248291,0.36636635661125183,0.00045045046135783195
YOR193W,YGR077C,1,6.4880033,0.9879032373428345,0.3678678572177887,0.00045045046135783195
YNL214W,YMR204C,1,6.4650736,0.9879518151283264,0.36936935782432556,0.00045045046135783195
YPL112C,YGR004W,1,6.461458,0.9879999756813049,0.3708708584308624,0.00045045046135783195
YGR239C,YGL115W,1,6.4470987,0.9880478382110596,0.3723723590373993,0.00045045046135783195
YOR193W,YDR216W,1,6.442499,0.988095223903656,0.37387385964393616,0.00045045046135783195
YAL055W,YDR265W,1,6.43802,0.9881423115730286,0.3753753900527954,0.00045045046135783195
YKL197C,YPL112C,1,6.432155,0.9881889820098877,0.3768768906593323,0.00045045046135783195
YPR128C,YGR133W,1,6.418847,0.9882352948188782,0.37837839126586914,0.00045045046135783195
YGR239C,YNL214W,1,6.4161,0.98828125,0.379879891872406,0.00045045046135783195
YGR239C,YLR191W,1,6.410209,0.9883268475532532,0.38138139247894287,0.00045045046135783195
YNL329C,YJL210W,1,6.410048,0.9883720874786377,0.38288289308547974,0.00045045046135783195
YLR191W,YDL208W,0,6.400602,0.9845559597015381,0.38288289308547974,0.0006006006151437759
YNL329C,YBR168W,1,6.400443,0.9846153855323792,0.3843843936920166,0.0006006006151437759
YDR216W,YDR244W,1,6.3983884,0.984674334526062,0.38588589429855347,0.0006006006151437759
YLR191W,YGL004C,0,6.3941092,0.9809160232543945,0.38588589429855347,0.0007507507689297199
YNL329C,YIR004W,1,6.371706,0.980988621711731,0.38738739490509033,0.0007507507689297199
YDR244W,YGR004W,1,6.3685155,0.9810606241226196,0.3888888955116272,0.0007507507689297199
YDR265W,YPL112C,1,6.364606,0.9811320900917053,0.39039039611816406,0.0007507507689297199
YNL214W,YOL147C,1,6.3392415,0.981203019618988,0.3918918967247009,0.0007507507689297199
YNL329C,YHR160C,1,6.3242908,0.9812734127044678,0.3933933973312378,0.0007507507689297199
YKR001C,YIR004W,1,6.3018584,0.9813432693481445,0.39489489793777466,0.0007507507689297199
YPL112C,YLR209C,0,6.2947445,0.9776951670646667,0.39489489793777466,0.0009009009227156639
YMR204C,YPL112C,1,6.2904468,0.9777777791023254,0.3963963985443115,0.0009009009227156639
YPL112C,YDR140W,0,6.27546,0.9741697311401367,0.3963963985443115,0.001051051076501608
YDR265W,YOL147C,1,6.2703443,0.9742646813392639,0.3978978991508484,0.001051051076501608
YKR001C,YOL147C,1,6.260407,0.9743589758872986,0.39939939975738525,0.001051051076501608
YAL055W,YHR150W,1,6.25787,0.974452555179596,0.4009009003639221,0.001051051076501608
YKL197C,YNL214W,1,6.2375627,0.9745454788208008,0.402402400970459,0.001051051076501608
YKR001C,YDR265W,1,6.2046056,0.9746376872062683,0.40390390157699585,0.001051051076501608
YMR163C,YHR150W,1,6.1966753,0.9747292399406433,0.4054054021835327,0.001051051076501608
YGL153W,YOL147C,1,6.19072,0.9748201370239258,0.4069069027900696,0.001051051076501608
YGR133W,YOL147C,1,6.1860013,0.9749103784561157,0.40840840339660645,0.001051051076501608
YOR326W,YDR142C,1,6.1691422,0.9750000238418579,0.4099099040031433,0.001051051076501608
YPR128C,YKL197C,1,6.136304,0.9750889539718628,0.4114114046096802,0.001051051076501608
YBR168W,YOL044W,1,6.1081862,0.9751772880554199,0.41291290521621704,0.001051051076501608
YKR001C,YGR004W,1,6.105662,0.9752650260925293,0.4144144058227539,0.001051051076501608
YOR326W,YGL153W,1,6.103389,0.9753521084785461,0.41591590642929077,0.001051051076501608
YGR239C,YOR084W,1,6.0987315,0.9754385948181152,0.41741740703582764,0.001051051076501608
YPR128C,YAL051W,1,6.0961213,0.9755244851112366,0.4189189076423645,0.001051051076501608
YOR193W,YPL112C,1,6.092897,0.9756097793579102,0.42042040824890137,0.001051051076501608
YOR193W,YGL115W,1,6.0698533,0.9756944179534912,0.42192190885543823,0.001051051076501608
YJL210W,YOR084W,1,6.0587096,0.9757785201072693,0.4234234094619751,0.001051051076501608
YKR001C,YDR479C,1,6.046171,0.9758620858192444,0.42492491006851196,0.001051051076501608
YDR216W,YDR329C,1,6.027186,0.975944995880127,0.4264264404773712,0.001051051076501608
YKR001C,YMR163C,1,6.006537,0.9760273694992065,0.4279279410839081,0.001051051076501608
YAL055W,YLR324W,1,5.985448,0.9761092066764832,0.42942944169044495,0.001051051076501608
YKR001C,YAL051W,1,5.9696693,0.976190447807312,0.4309309422969818,0.001051051076501608
YGL037C,YLR348C,0,5.9246535,0.9728813767433167,0.4309309422969818,0.0012012012302875519
YHR160C,YDR244W,1,5.9196115,0.9729729890823364,0.4324324429035187,0.0012012012302875519
YDL022W,YPL244C,0,5.8706064,0.9696969985961914,0.4324324429035187,0.0013513513840734959
YLR191W,YGL122C,0,5.861055,0.9664429426193237,0.4324324429035187,0.0015015015378594398
YHR160C,YBR168W,1,5.8422112,0.9665551781654358,0.43393394351005554,0.0015015015378594398
YDR142C,YNL214W,1,5.83997,0.9666666388511658,0.4354354441165924,0.0015015015378594398
YDL022W,YHR058C,0,5.838112,0.9634551405906677,0.4354354441165924,0.0016516516916453838
YGR239C,YDR479C,1,5.8350406,0.9635761380195618,0.4369369447231293,0.0016516516916453838
YNL329C,YPL112C,1,5.834766,0.9636963605880737,0.43843844532966614,0.0016516516916453838
YPL112C,YJL082W,0,5.819943,0.9605262875556946,0.43843844532966614,0.0018018018454313278
YAL055W,YGR004W,1,5.805323,0.9606557488441467,0.439939945936203,0.0018018018454313278
YNL329C,YMR026C,1,5.805087,0.9607843160629272,0.44144144654273987,0.0018018018454313278
YNL329C,YMR204C,1,5.790969,0.9609120488166809,0.44294294714927673,0.0018018018454313278
YKR001C,YBR168W,1,5.787322,0.9610389471054077,0.4444444477558136,0.0018018018454313278
YDR265W,YHR150W,1,5.7638874,0.9611650705337524,0.44594594836235046,0.0018018018454313278
YNL329C,YLR191W,1,5.7516017,0.9612902998924255,0.44744744896888733,0.0018018018454313278
YPL112C,YLR191W,1,5.716462,0.9614148139953613,0.4489489495754242,0.0018018018454313278
YAL055W,YBR168W,1,5.713405,0.9615384340286255,0.45045045018196106,0.0018018018454313278
YKR001C,YGL153W,1,5.7111344,0.9616613388061523,0.4519519507884979,0.0018018018454313278
YKR001C,YGL115W,1,5.6714706,0.9617834687232971,0.4534534513950348,0.0018018018454313278
YDL065C,YHR150W,1,5.62867,0.961904764175415,0.45495495200157166,0.0018018018454313278
YGR133W,YOR084W,1,5.625163,0.9620253443717957,0.4564564526081085,0.0018018018454313278
YGR239C,YPL112C,1,5.6212163,0.9621450901031494,0.4579579532146454,0.0018018018454313278
YGR239C,YMR163C,1,5.5999675,0.9622641801834106,0.45945945382118225,0.0018018018454313278
YKR001C,YHR150W,1,5.5816083,0.962382435798645,0.4609609544277191,0.0018018018454313278
YOR193W,YAL051W,1,5.5545354,0.9624999761581421,0.462462455034256,0.0018018018454313278
YDL022W,YDR140W,0,5.550613,0.9595015645027161,0.462462455034256,0.0019519519992172718
YDR479C,YMR204C,1,5.540958,0.9596273303031921,0.46396395564079285,0.0019519519992172718
YKL103C,YGL256W,0,5.519979,0.9566563367843628,0.46396395564079285,0.002102102153003216
YGL153W,YPL112C,1,5.4809985,0.9567901492118835,0.4654654562473297,0.002102102153003216
YBR006W,YIL046W,0,5.4708524,0.9538461565971375,0.4654654562473297,0.0022522523067891598
YGR239C,YGR004W,1,5.461913,0.953987717628479,0.4669669568538666,0.0022522523067891598
YMR163C,YDR265W,1,5.461789,0.9541284441947937,0.46846845746040344,0.0022522523067891598
YLR324W,YPL112C,1,5.4578385,0.9542682766914368,0.4699699580669403,0.0022522523067891598
YAL055W,YLR191W,1,5.4260974,0.954407274723053,0.4714714586734772,0.0022522523067891598
YGR239C,YDR244W,1,5.417709,0.9545454382896423,0.47297295928001404,0.0022522523067891598
YGR133W,YJL210W,1,5.408309,0.9546827673912048,0.4744744598865509,0.0022522523067891598
YGR239C,YLR324W,1,5.365949,0.9548192620277405,0.47597599029541016,0.0022522523067891598
YKL197C,YGR004W,1,5.3640366,0.954954981803894,0.477477490901947,0.0022522523067891598
YDR142C,YLR324W,1,5.3580785,0.955089807510376,0.4789789915084839,0.0022522523067891598
YDR142C,YDR479C,1,5.3502584,0.9552238583564758,0.48048049211502075,0.0022522523067891598
YOL044W,YHR150W,1,5.3488393,0.9553571343421936,0.4819819927215576,0.0022522523067891598
YMR163C,YLR191W,1,5.346417,0.9554896354675293,0.4834834933280945,0.0022522523067891598
YOR193W,YJL210W,1,5.335687,0.9556213021278381,0.48498499393463135,0.0022522523067891598
YOR326W,YAL055W,1,5.3313756,0.9557521939277649,0.4864864945411682,0.0022522523067891598
YDR479C,YPL112C,1,5.3257337,0.9558823704719543,0.4879879951477051,0.0022522523067891598
YDR216W,YOR326W,1,5.3206553,0.9560117125511169,0.48948949575424194,0.0022522523067891598
YDL022W,YFL013C,0,5.3172126,0.9532163739204407,0.48948949575424194,0.0024024024605751038
YMR026C,YJL210W,1,5.313332,0.9533527493476868,0.4909909963607788,0.0024024024605751038
YKL197C,YHR160C,1,5.30567,0.9534883499145508,0.4924924969673157,0.0024024024605751038
YBR168W,YHR150W,1,5.2952313,0.9536231756210327,0.49399399757385254,0.0024024024605751038
YMR204C,YGR004W,1,5.264551,0.9537572264671326,0.4954954981803894,0.0024024024605751038
YOR326W,YDR265W,1,5.2488203,0.9538905024528503,0.49699699878692627,0.0024024024605751038
YOL147C,YLR191W,1,5.2432923,0.954023003578186,0.49849849939346313,0.0024024024605751038
YDR479C,YOL147C,1,5.2429132,0.9541547298431396,0.5,0.0024024024605751038
YNL329C,YAL051W,1,5.2006783,0.954285740852356,0.5015015006065369,0.0024024024605751038
YOR193W,YOR084W,1,5.1983414,0.9544159770011902,0.5030030012130737,0.0024024024605751038
YKR001C,YJL210W,1,5.1833224,0.9545454382896423,0.5045045018196106,0.0024024024605751038
YLR191W,YMR099C,0,5.1800723,0.9518413543701172,0.5045045018196106,0.0025525526143610477
YPR083W,YMR114C,0,5.1724334,0.9491525292396545,0.5045045018196106,0.0027027027681469917
YJL178C,YER104W,0,5.1662188,0.9464788436889648,0.5045045018196106,0.0028528529219329357
YKR001C,YMR204C,1,5.16242,0.9466292262077332,0.5060060024261475,0.0028528529219329357
YOR193W,YGR133W,1,5.153696,0.9467787146568298,0.5075075030326843,0.0028528529219329357
YOR193W,YLR324W,1,5.1504564,0.9469273686408997,0.5090090036392212,0.0028528529219329357
YOR326W,YOL044W,1,5.1478667,0.9470751881599426,0.5105105042457581,0.0028528529219329357
YKL197C,YLR191W,1,5.0694203,0.9472222328186035,0.5120120048522949,0.0028528529219329357
YNL329C,YOL147C,1,5.0581613,0.9473684430122375,0.5135135054588318,0.0028528529219329357
YAL055W,YGR133W,1,5.0494237,0.9475138187408447,0.5150150060653687,0.0028528529219329357
YNL214W,YOR084W,1,5.0352263,0.9476584196090698,0.5165165066719055,0.0028528529219329357
YMR026C,YPL112C,1,5.0326543,0.9478021860122681,0.5180180072784424,0.0028528529219329357
YGR239C,YMR204C,1,5.029158,0.9479451775550842,0.5195195078849792,0.0028528529219329357
YGR239C,YOL147C,1,5.0254846,0.9480874538421631,0.5210210084915161,0.0028528529219329357
YGL153W,YOR084W,1,4.994923,0.9482288956642151,0.522522509098053,0.0028528529219329357
YKR001C,YGR133W,1,4.994388,0.948369562625885,0.5240240097045898,0.0028528529219329357
YNL297C,YAR027W,0,4.982407,0.9457994699478149,0.5240240097045898,0.0030030030757188797
YOR326W,YGR133W,1,4.9801464,0.9459459185600281,0.5255255103111267,0.0030030030757188797
YGR239C,YJL210W,1,4.979101,0.9460916519165039,0.5270270109176636,0.0030030030757188797
YKR001C,YHR160C,1,4.9662805,0.9462365508079529,0.5285285115242004,0.0030030030757188797
YLR191W,YJL082W,0,4.9560585,0.9436997175216675,0.5285285115242004,0.0031531532295048237
YGL037C,YPR083W,0,4.946154,0.9411764740943909,0.5285285115242004,0.0033033033832907677
YDR142C,YDR329C,1,4.9299655,0.9413333535194397,0.5300300121307373,0.0033033033832907677
YOR193W,YOL147C,1,4.9256797,0.9414893388748169,0.5315315127372742,0.0033033033832907677
YHR160C,YGL153W,1,4.9221587,0.941644549369812,0.533033013343811,0.0033033033832907677
YDR329C,YGR239C,1,4.9055295,0.9417989253997803,0.5345345139503479,0.0033033033832907677
YOR326W,YDR329C,1,4.892512,0.9419525265693665,0.5360360145568848,0.0033033033832907677
YGR239C,YHR160C,1,4.8877745,0.942105233669281,0.5375375151634216,0.0033033033832907677
YOR193W,YLR191W,1,4.8654838,0.9422572255134583,0.5390390157699585,0.0033033033832907677
YGL037C,YLR301W,0,4.8498626,0.9397905468940735,0.5390390157699585,0.0034534535370767117
YJL210W,YHR150W,1,4.836101,0.939947783946991,0.5405405163764954,0.0034534535370767117
YJL210W,YPL112C,1,4.8250623,0.9401041865348816,0.5420420169830322,0.0034534535370767117
YDR244W,YPL112C,1,4.8181157,0.9402597546577454,0.5435435175895691,0.0034534535370767117
YHR160C,YLR324W,1,4.806264,0.9404144883155823,0.545045018196106,0.0034534535370767117
YAL055W,YNL214W,1,4.805288,0.9405684471130371,0.5465465188026428,0.0034534535370767117
YPL112C,YOR311C,0,4.799472,0.938144326210022,0.5465465188026428,0.0036036036908626556
YGR239C,YAL055W,1,4.7579513,0.9383033514022827,0.5480480194091797,0.0036036036908626556
YKR001C,YGR077C,1,4.7028937,0.9384615421295166,0.5495495200157166,0.0036036036908626556
YPR128C,YOR326W,1,4.6845307,0.9386188983917236,0.5510510802268982,0.0036036036908626556
YPL112C,YKR006C,0,4.6768165,0.9362244606018066,0.5510510802268982,0.0037537538446485996
YOL044W,YGR004W,1,4.6753592,0.93638676404953,0.5525525808334351,0.0037537538446485996
YKL041W,YGL212W,0,4.666058,0.9340101480484009,0.5525525808334351,0.0039039039984345436
YKR001C,YLR191W,1,4.649876,0.9341772198677063,0.5540540814399719,0.0039039039984345436
YDR479C,YDR265W,1,4.6498594,0.9343434572219849,0.5555555820465088,0.0039039039984345436
YKR020W,YML049C,0,4.648248,0.9319899082183838,0.5555555820465088,0.004054054152220488
YAL055W,YJL210W,1,4.6091456,0.9321607947349548,0.5570570826530457,0.004054054152220488
YMR163C,YPL112C,1,4.595383,0.932330846786499,0.5585585832595825,0.004054054152220488
YDR142C,YHR160C,1,4.5921884,0.9325000047683716,0.5600600838661194,0.004054054152220488
YOR193W,YHR150W,1,4.5912895,0.9326683282852173,0.5615615844726562,0.004054054152220488
YGR239C,YHR150W,1,4.590876,0.9328358173370361,0.5630630850791931,0.004054054152220488
YMR204C,YOL147C,1,4.575621,0.9330024719238281,0.56456458568573,0.004054054152220488
YAL055W,YDR479C,1,4.5673413,0.9331682920455933,0.5660660862922668,0.004054054152220488
YKL103C,YKL165C,0,4.567084,0.9308642148971558,0.5660660862922668,0.004204204306006432
YDR216W,YOL044W,1,4.5548205,0.931034505367279,0.5675675868988037,0.004204204306006432
YDR142C,YGL115W,1,4.5277,0.9312039017677307,0.5690690875053406,0.004204204306006432
YDL065C,YBR168W,1,4.5214963,0.9313725233078003,0.5705705881118774,0.004204204306006432
YNL329C,YOR084W,1,4.5130534,0.9315403699874878,0.5720720887184143,0.004204204306006432
YOR326W,YMR163C,1,4.466445,0.9317073225975037,0.5735735893249512,0.004204204306006432
YAL055W,YGL115W,1,4.456635,0.9318735003471375,0.575075089931488,0.004204204306006432
YNL085W,YJR149W,0,4.3989797,0.9296116232872009,0.575075089931488,0.0043543544597923756
YGL180W,YKR069W,0,4.3942137,0.9273607730865479,0.575075089931488,0.0045045046135783195
YOR193W,YDL065C,1,4.392986,0.9275362491607666,0.5765765905380249,0.0045045046135783195
YHR160C,YOL044W,1,4.3825784,0.9277108311653137,0.5780780911445618,0.0045045046135783195
YJL024C,YJL149W,0,4.376901,0.9254807829856873,0.5780780911445618,0.0046546547673642635
YKL197C,YGR239C,1,4.3725276,0.9256594777107239,0.5795795917510986,0.0046546547673642635
YDR142C,YDR244W,1,4.3698773,0.9258373379707336,0.5810810923576355,0.0046546547673642635
YHR209W,YDL077C,0,4.3587584,0.9236276745796204,0.5810810923576355,0.0048048049211502075
YDR216W,YPR128C,1,4.3443904,0.9238095283508301,0.5825825929641724,0.0048048049211502075
YPL112C,YBL079W,0,4.324652,0.9216151833534241,0.5825825929641724,0.0049549550749361515
YDR142C,YOL044W,1,4.319691,0.921800971031189,0.5840840935707092,0.0049549550749361515
YNL084C,YHR119W,0,4.31025,0.9196217656135559,0.5840840935707092,0.0051051052287220955
YNL329C,YKR001C,1,4.2893744,0.9198113083839417,0.5855855941772461,0.0051051052287220955
YGL037C,YKR026C,0,4.286767,0.9176470637321472,0.5855855941772461,0.0052552553825080395
YIR004W,YOL044W,1,4.269036,0.9178403615951538,0.587087094783783,0.0052552553825080395
YGR239C,YML132W,0,4.2473216,0.9156908392906189,0.587087094783783,0.0054054055362939835
YGR239C,YGR133W,1,4.2460837,0.9158878326416016,0.5885885953903198,0.0054054055362939835
YAL055W,YOL147C,1,4.237667,0.9160839319229126,0.5900900959968567,0.0054054055362939835
YGR239C,YOL044W,1,4.2113066,0.9162790775299072,0.5915915966033936,0.0054054055362939835
YDR216W,YKL197C,1,4.1514907,0.9164733290672302,0.5930930972099304,0.0054054055362939835
YKR001C,YGR239C,1,4.1491838,0.9166666865348816,0.5945945978164673,0.0054054055362939835
YOR326W,YOL147C,1,4.114278,0.9168591499328613,0.5960960984230042,0.0054054055362939835
YNL329C,YOR326W,1,4.085116,0.9170507192611694,0.597597599029541,0.0054054055362939835
YDR216W,YGL153W,1,4.0589604,0.9172413945198059,0.5990990996360779,0.0054054055362939835
YLR191W,YIL133C,0,4.0248103,0.9151375889778137,0.5990990996360779,0.0055555556900799274
YOR324C,YML128C,0,4.003835,0.9130434989929199,0.5990990996360779,0.005705705843865871
YHR002W,YOR215C,0,3.9702034,0.9109588861465454,0.5990990996360779,0.005855855997651815
YOR326W,YGL115W,1,3.9667778,0.9111617207527161,0.6006006002426147,0.005855855997651815
YKL103C,YDR146C,0,3.9653468,0.9090909361839294,0.6006006002426147,0.006006006151437759
YNL044W,YJL144W,0,3.9635816,0.9070294499397278,0.6006006002426147,0.006156156305223703
YDR216W,YDR479C,1,3.9614606,0.9072397947311401,0.6021021008491516,0.006156156305223703
YIR004W,YBR168W,1,3.9110165,0.9074491858482361,0.6036036014556885,0.006156156305223703
YKR001C,YDR244W,1,3.902175,0.9076576828956604,0.6051051020622253,0.006156156305223703
YBR052C,YJL213W,0,3.8939228,0.9056179523468018,0.6051051020622253,0.006306306459009647
YOL082W,YPL151C,0,3.888636,0.9035874605178833,0.6051051020622253,0.006456456612795591
YGL115W,YHR160C,1,3.886191,0.9038031101226807,0.6066066026687622,0.006456456612795591
YGR133W,YPL112C,1,3.8681207,0.9040178656578064,0.6081081032752991,0.006456456612795591
YGL115W,YOL044W,1,3.8369932,0.904231607913971,0.6096096038818359,0.006456456612795591
YHR004C,YCL032W,0,3.8324609,0.902222216129303,0.6096096038818359,0.006606606766581535
YGR239C,YBR168W,1,3.8139176,0.9024389982223511,0.6111111044883728,0.006606606766581535
YGR077C,YNL214W,1,3.8014941,0.9026548862457275,0.6126126050949097,0.006606606766581535
YGR239C,YGL153W,1,3.790563,0.9028697609901428,0.6141141057014465,0.006606606766581535
YKR001C,YNL214W,1,3.7671473,0.9030836820602417,0.6156156063079834,0.006606606766581535
YBR168W,YLR191W,1,3.7655387,0.903296709060669,0.6171171069145203,0.006606606766581535
YAL055W,YPL112C,1,3.7603962,0.9035087823867798,0.6186186075210571,0.006606606766581535
YKR020W,YNL230C,0,3.6872554,0.9015317559242249,0.6186186075210571,0.006756756920367479
YDR142C,YGL153W,1,3.6797583,0.9017467498779297,0.620120108127594,0.006756756920367479
YDL029W,YDR404C,0,3.645744,0.899782121181488,0.620120108127594,0.006906907074153423
YGL037C,YGR185C,0,3.6374834,0.897826075553894,0.620120108127594,0.007057057227939367
YAL055W,YOR084W,1,3.6351686,0.8980477452278137,0.6216216087341309,0.007057057227939367
YPR128C,YPL112C,1,3.6274145,0.8982684016227722,0.6231231093406677,0.007057057227939367
YGL037C,YDR222W,0,3.6198502,0.8963282704353333,0.6231231093406677,0.007207207381725311
YJL024C,YOR222W,0,3.6120527,0.8943965435028076,0.6231231093406677,0.007357357535511255
YBR128C,YMR114C,0,3.5706856,0.8924731016159058,0.6231231093406677,0.007507507689297199
YOR326W,YKL197C,1,3.563581,0.8927038908004761,0.6246246099472046,0.007507507689297199
YEL041W,YDR173C,0,3.5525405,0.8907923102378845,0.6246246099472046,0.007657657843083143
YDL065C,YGL153W,1,3.551321,0.8910256624221802,0.6261261105537415,0.007657657843083143
YOL147C,YPL112C,1,3.5212972,0.8912580013275146,0.6276276111602783,0.007657657843083143
YMR204C,YOR084W,1,3.5093117,0.8914893865585327,0.6291291117668152,0.007657657843083143
YKL064W,YIR032C,0,3.501872,0.8895965814590454,0.6291291117668152,0.007807807996869087
YOR326W,YMR026C,1,3.4934592,0.8898305296897888,0.630630612373352,0.007807807996869087
YOL082W,YOL038W,0,3.4926038,0.8879492878913879,0.630630612373352,0.007957957684993744
YKL041W,YFR045W,0,3.492311,0.8860759735107422,0.630630612373352,0.008108108304440975
YPL150W,YLR270W,0,3.4785707,0.8842105269432068,0.630630612373352,0.008258257992565632
YJL029C,YMR270C,0,3.464202,0.8823529481887817,0.630630612373352,0.008408408612012863
YNL329C,YGR077C,1,3.4587827,0.8825995922088623,0.6321321129798889,0.008408408612012863
YDL065C,YPL112C,1,3.4499044,0.8828451633453369,0.6336336135864258,0.008408408612012863
YKR001C,YKL197C,1,3.4423237,0.8830897808074951,0.6351351141929626,0.008408408612012863
YDR216W,YMR026C,1,3.441306,0.8833333253860474,0.6366366147994995,0.008408408612012863
YKL041W,YPL027W,0,3.4357622,0.8814969062805176,0.6366366147994995,0.00855855830013752
YHR002W,YOR138C,0,3.4140081,0.8796680569648743,0.6366366147994995,0.008708708919584751
YNL202W,YLR153C,0,3.3961525,0.8778467774391174,0.6366366147994995,0.008858858607709408
YHR012W,YBR281C,0,3.3898191,0.8760330677032471,0.6366366147994995,0.009009009227156639
YJR083C,YOR261C,0,3.3856888,0.8742268085479736,0.6366366147994995,0.009159158915281296
YDR216W,YOL147C,1,3.374083,0.8744856119155884,0.6381381154060364,0.009159158915281296
YLR025W,YNL192W,0,3.372438,0.872689962387085,0.6381381154060364,0.009309309534728527
YGR020C,YNL298W,0,3.368185,0.8709016442298889,0.6381381154060364,0.009459459222853184
YNL084C,YGR089W,0,3.3581095,0.8691206574440002,0.6381381154060364,0.009609609842300415
YGL115W,YLR191W,1,3.356578,0.8693877458572388,0.6396396160125732,0.009609609842300415
YMR159C,YBR281C,0,3.3080034,0.867617130279541,0.6396396160125732,0.009759759530425072
YER101C,YPL113C,0,3.298357,0.8658536672592163,0.6396396160125732,0.009909910149872303
YHR160C,YHR150W,1,3.2929711,0.866125762462616,0.6411411166191101,0.009909910149872303
YDR164C,YAL040C,0,3.2899613,0.8643724918365479,0.6411411166191101,0.01006005983799696
YGL115W,YJL210W,1,3.2891626,0.8646464943885803,0.642642617225647,0.01006005983799696
YPL002C,YHR058C,0,3.2736926,0.8629032373428345,0.642642617225647,0.010210210457444191
YPL112C,YIL076W,0,3.2732053,0.8611670136451721,0.642642617225647,0.010360360145568848
YDR479C,YOR084W,1,3.2598455,0.8614457845687866,0.6441441178321838,0.010360360145568848
YBR059C,YIL080W,0,3.2537854,0.859719455242157,0.6441441178321838,0.010510510765016079
YGL004C,YHR051W,0,3.2535343,0.8579999804496765,0.6441441178321838,0.010660660453140736
YHR150W,YDR244W,1,3.2413907,0.8582834601402283,0.6456456184387207,0.010660660453140736
YKL103C,YGL094C,0,3.2364378,0.8565737009048462,0.6456456184387207,0.010810811072587967
YHR160C,YDR265W,1,3.233516,0.8568588495254517,0.6471471190452576,0.010810811072587967
YJL029C,YDR392W,0,3.222119,0.8551587462425232,0.6471471190452576,0.010960960760712624
YNL329C,YHR150W,1,3.2146122,0.8554455637931824,0.6486486196517944,0.010960960760712624
YOR216C,YKL210W,0,3.1841702,0.8537549376487732,0.6486486196517944,0.011111111380159855
YKL197C,YOL147C,1,3.1803145,0.8540433645248413,0.6501501798629761,0.011111111380159855
YKL041W,YBR141C,0,3.179511,0.8523622155189514,0.6501501798629761,0.011261261068284512
YOR363C,YDR479C,1,3.1786613,0.8526522517204285,0.6516516804695129,0.011261261068284512
YDR216W,YAL051W,1,3.175645,0.8529411554336548,0.6531531810760498,0.011261261068284512
YHR002W,YEL041W,0,3.1699836,0.8512719869613647,0.6531531810760498,0.011411411687731743
YHR150W,YGR004W,1,3.1681063,0.8515625,0.6546546816825867,0.011411411687731743
YOL044W,YLR191W,1,3.1615329,0.8518518805503845,0.6561561822891235,0.011411411687731743
YAL051W,YMR163C,1,3.1551757,0.8521400690078735,0.6576576828956604,0.011411411687731743
YKL041W,YNR072W,0,3.1507106,0.8504854440689087,0.6576576828956604,0.0115615613758564
YGR288W,YKR008W,0,3.1372836,0.8488371968269348,0.6576576828956604,0.01171171199530363
YDR351W,YFR045W,0,3.1253889,0.8471953868865967,0.6576576828956604,0.011861861683428288
YDR216W,YJL210W,1,3.1155753,0.8474903702735901,0.6591591835021973,0.011861861683428288
YBR168W,YOL147C,1,3.1137023,0.8477842211723328,0.6606606841087341,0.011861861683428288
YKL041W,YBR061C,0,3.1113224,0.8461538553237915,0.6606606841087341,0.012012012302875519
YDR142C,YBR168W,1,3.0871167,0.8464491367340088,0.662162184715271,0.012012012302875519
YGL180W,YBR150C,0,3.0824623,0.8448275923728943,0.662162184715271,0.012162161991000175
YOR326W,YNL214W,1,3.0786138,0.8451243042945862,0.6636636853218079,0.012162161991000175
YNL329C,YGR239C,1,3.073473,0.8454198241233826,0.6651651859283447,0.012162161991000175
YDR216W,YDR142C,1,3.065874,0.845714271068573,0.6666666865348816,0.012162161991000175
YGL180W,YBR243C,0,3.0638175,0.8441064357757568,0.6666666865348816,0.012312312610447407
YNL085W,YIR039C,0,3.063764,0.8425047397613525,0.6666666865348816,0.012462462298572063
YDL024C,YOR099W,0,3.0449603,0.8409090638160706,0.6666666865348816,0.012612612918019295
YJL155C,YMR115W,0,3.0435767,0.8393194675445557,0.6666666865348816,0.012762762606143951
YDR414C,YDR164C,0,3.031346,0.8377358317375183,0.6666666865348816,0.012912913225591183
YGL115W,YOL147C,1,3.0292459,0.8380414247512817,0.6681681871414185,0.012912913225591183
YKR001C,YOR084W,1,3.0176115,0.8383458852767944,0.6696696877479553,0.012912913225591183
YOL129W,YBR192W,0,3.010479,0.8367729783058167,0.6696696877479553,0.01306306291371584
YOR193W,YGR239C,1,3.005033,0.8370786309242249,0.6711711883544922,0.01306306291371584
YDR216W,YIR004W,1,3.0022552,0.8373831510543823,0.672672688961029,0.01306306291371584
YGR020C,YFL045C,0,2.9988155,0.8358209133148193,0.672672688961029,0.01321321353316307
YNL329C,YGR004W,1,2.993302,0.8361266255378723,0.6741741895675659,0.01321321353316307
YIR038C,YLR301W,0,2.957605,0.8345724940299988,0.6741741895675659,0.013363363221287727
YDL065C,YNL214W,1,2.9522958,0.8348793983459473,0.6756756901741028,0.013363363221287727
YGR077C,YDR479C,1,2.929307,0.835185170173645,0.6771771907806396,0.013363363221287727
YPL167C,YMR240C,0,2.9275813,0.8336414098739624,0.6771771907806396,0.013513513840734959
YML049C,YJL082W,0,2.9198322,0.8321033120155334,0.6771771907806396,0.013663663528859615
YIR004W,YMR026C,1,2.9137597,0.8324125409126282,0.6786786913871765,0.013663663528859615
YIR004W,YGL115W,1,2.901822,0.8327205777168274,0.6801801919937134,0.013663663528859615
YCL024W,YMR269W,0,2.898635,0.831192672252655,0.6801801919937134,0.013813814148306847
YGL037C,YER087C-B,0,2.896593,0.8296703100204468,0.6801801919937134,0.013963963836431503
YOL165C,YDL055C,0,2.8964796,0.8281535506248474,0.6801801919937134,0.014114114455878735
YOR326W,YDR479C,1,2.8822713,0.8284671306610107,0.6816816926002502,0.014114114455878735
YAR027W,YNL192W,0,2.8742883,0.8269581198692322,0.6816816926002502,0.014264264144003391
YNL202W,YNL335W,0,2.8710327,0.8254545331001282,0.6816816926002502,0.014414414763450623
YKR020W,YER145C,0,2.8692358,0.8239564299583435,0.6816816926002502,0.01456456445157528
YNL297C,YHR058C,0,2.8627234,0.8224637508392334,0.6816816926002502,0.01471471507102251
YNL238W,YGR229C,0,2.8543777,0.8209764957427979,0.6816816926002502,0.014864864759147167
YOR326W,YLR324W,1,2.8524997,0.8212996125221252,0.6831831932067871,0.014864864759147167
YGL180W,YGL190C,0,2.8429623,0.8198198080062866,0.6831831932067871,0.015015015378594398
YAR027W,YMR228W,0,2.8418682,0.818345308303833,0.6831831932067871,0.015165165066719055
YOR326W,YHR150W,1,2.8405333,0.818671464920044,0.684684693813324,0.015165165066719055
YAL051W,YGL115W,1,2.8362706,0.8189964294433594,0.6861861944198608,0.015165165066719055
YHR002W,YMR136W,0,2.8331099,0.8175312876701355,0.6861861944198608,0.015315315686166286
YKL103C,YKL009W,0,2.8266814,0.8160714507102966,0.6861861944198608,0.015465465374290943
YDR142C,YAL051W,1,2.8142076,0.8163992762565613,0.6876876950263977,0.015465465374290943
YKL103C,YOR298W,0,2.801854,0.8149465918540955,0.6876876950263977,0.015615615993738174
YOR219C,YMR240C,0,2.7857502,0.8134990930557251,0.6876876950263977,0.01576576568186283
YGR229C,YDR140W,0,2.782953,0.8120567202568054,0.6876876950263977,0.015915915369987488
YGL115W,YDR479C,1,2.782572,0.8123893737792969,0.6891891956329346,0.015915915369987488
YDR216W,YBR168W,1,2.776629,0.8127208352088928,0.6906906962394714,0.015915915369987488
YDR216W,YLR324W,1,2.775927,0.813051164150238,0.6921921968460083,0.015915915369987488
YDL065C,YMR163C,1,2.7732503,0.8133803009986877,0.6936936974525452,0.015915915369987488
YGR179C,YMR160W,0,2.7699943,0.8119508028030396,0.6936936974525452,0.016066066920757294
YOR363C,YDR244W,1,2.7680514,0.8122807145118713,0.695195198059082,0.016066066920757294
YKR020W,YLL019C,0,2.7671056,0.8108581304550171,0.695195198059082,0.01621621660888195
YKR020W,YDR444W,0,2.7577615,0.809440553188324,0.695195198059082,0.016366366297006607
YHR214C-B,YDR083W,0,2.7467575,0.8080279231071472,0.695195198059082,0.016516515985131264
YJL005W,YFL001W,0,2.7459729,0.806620180606842,0.695195198059082,0.01666666753590107
YDL065C,YGR004W,1,2.7445807,0.8069565296173096,0.6966966986656189,0.01666666753590107
YER008C,YOR089C,0,2.7433856,0.8055555820465088,0.6966966986656189,0.016816817224025726
YGR004W,YLR191W,1,2.735425,0.8058925271034241,0.6981981992721558,0.016816817224025726
YDR142C,YMR163C,1,2.7292209,0.8062283992767334,0.6996996998786926,0.016816817224025726
YHR004C,YLR350W,0,2.729219,0.8048359155654907,0.6996996998786926,0.016966966912150383
YML071C,YGR143W,0,2.7029805,0.8034482598304749,0.6996996998786926,0.01711711660027504
YMR089C,YIL080W,0,2.701685,0.8020654320716858,0.6996996998786926,0.017267268151044846
YIL002C,YFL014W,0,2.6919441,0.800687313079834,0.6996996998786926,0.017417417839169502
YML028W,YIL079C,0,2.6891227,0.7993139028549194,0.6996996998786926,0.01756756752729416
YPL240C,YOR222W,0,2.6678748,0.7979452013969421,0.6996996998786926,0.017717717215418816
YDR142C,YGR133W,1,2.656821,0.7982906103134155,0.7012012004852295,0.017717717215418816
YJL005W,YBR115C,0,2.6547241,0.796928346157074,0.7012012004852295,0.01786786876618862
YOR363C,YLR324W,1,2.641882,0.7972742915153503,0.7027027010917664,0.01786786876618862
YOR326W,YJL210W,1,2.6303406,0.7976190447807312,0.7042042016983032,0.01786786876618862
YPR149W,YIL170W,0,2.6249678,0.7962648272514343,0.7042042016983032,0.018018018454313278
YAL051W,YNL214W,1,2.6056914,0.7966101765632629,0.7057057023048401,0.018018018454313278
YBR128C,YJR083C,0,2.5937312,0.7952622771263123,0.7057057023048401,0.018168168142437935
YDR216W,YMR204C,1,2.590492,0.7956081032752991,0.707207202911377,0.018168168142437935
YNL127W,YGR169C,0,2.5835347,0.7942664623260498,0.707207202911377,0.01831831783056259
YLL029W,YDR059C,0,2.581604,0.7929292917251587,0.707207202911377,0.018468469381332397
YDL029W,YOL043C,0,2.5725367,0.7915966510772705,0.707207202911377,0.018618619069457054
YHR150W,YOR084W,1,2.5712843,0.791946291923523,0.7087087035179138,0.018618619069457054
YKL103C,YJL206C,0,2.5679717,0.7906197905540466,0.7087087035179138,0.01876876875758171
YGR077C,YDR329C,1,2.5581079,0.7909699082374573,0.7102102041244507,0.01876876875758171
YDL065C,YKR001C,1,2.553826,0.7913188934326172,0.7117117047309875,0.01876876875758171
YGL115W,YDR244W,1,2.5485024,0.7916666865348816,0.7132132053375244,0.01876876875758171
YDL065C,YOL044W,1,2.544241,0.7920132875442505,0.7147147059440613,0.01876876875758171
YDR216W,YHR150W,1,2.5406947,0.7923588156700134,0.7162162065505981,0.01876876875758171
YOL045W,YDR072C,0,2.540587,0.7910447716712952,0.7162162065505981,0.018918918445706367
YAR027W,YPL218W,0,2.5330317,0.7897350788116455,0.7162162065505981,0.019069069996476173
YDR411C,YJR149W,0,2.5307846,0.7884297370910645,0.7162162065505981,0.01921921968460083
YHR012W,YGR012W,0,2.5297246,0.7871286869049072,0.7162162065505981,0.019369369372725487
YOR326W,YMR204C,1,2.5284543,0.7874794006347656,0.717717707157135,0.019369369372725487
YBR260C,YHR135C,0,2.5164423,0.7861841917037964,0.717717707157135,0.019519519060850143
YAR035W,YNL335W,0,2.5111902,0.784893274307251,0.717717707157135,0.0196696687489748
YDR216W,YMR163C,1,2.5079856,0.7852458953857422,0.7192192077636719,0.0196696687489748
YML028W,YNL052W,0,2.5008929,0.7839607000350952,0.7192192077636719,0.019819820299744606
YBL041W,YKL022C,0,2.4925475,0.7826797366142273,0.7192192077636719,0.019969969987869263
YJR010W,YDL039C,0,2.4867795,0.7814029455184937,0.7192192077636719,0.02012011967599392
YGR085C,YDR353W,0,2.4851499,0.7801302671432495,0.7192192077636719,0.020270269364118576
YIL140W,YGR239C,0,2.4772792,0.7788617610931396,0.7192192077636719,0.020420420914888382
YDL065C,YDR265W,1,2.4721994,0.7792207598686218,0.7207207083702087,0.020420420914888382
YAL051W,YDR265W,1,2.463962,0.7795786261558533,0.7222222089767456,0.020420420914888382
YKR001C,YOR326W,1,2.4615192,0.7799353003501892,0.7237237095832825,0.020420420914888382
YLR404W,YJL155C,0,2.4550583,0.7786752581596375,0.7237237095832825,0.02057057060301304
YDR216W,YAL055W,1,2.4533665,0.7790322303771973,0.7252252101898193,0.02057057060301304
YDL206W,YBR129C,0,2.448985,0.7777777910232544,0.7252252101898193,0.020720720291137695
YIR004W,YNL214W,1,2.447388,0.7781350612640381,0.7267267107963562,0.020720720291137695
YDR059C,YDR332W,0,2.4462333,0.7768860459327698,0.7267267107963562,0.020870869979262352
YAL051W,YJL210W,1,2.4375467,0.7772436141967773,0.7282282114028931,0.020870869979262352
YDL029W,YNL078W,0,2.430768,0.7760000228881836,0.7282282114028931,0.021021021530032158
YDL217C,YBR271W,0,2.430042,0.774760365486145,0.7282282114028931,0.021171171218156815
YAR027W,YDR472W,0,2.428052,0.7735247015953064,0.7282282114028931,0.02132132090628147
YJL005W,YHR214C-B,0,2.4266572,0.772292971611023,0.7282282114028931,0.021471470594406128
YDL029W,YHR056C,0,2.4262102,0.7710651755332947,0.7282282114028931,0.021621622145175934
YGR271W,YMR115W,0,2.4191122,0.7698412537574768,0.7282282114028931,0.02177177183330059
YOR084W,YPR163C,0,2.405193,0.7686212658882141,0.7282282114028931,0.021921921521425247
YDL029W,YLR182W,0,2.40508,0.767405092716217,0.7282282114028931,0.022072071209549904
YML049C,YDL097C,0,2.4045863,0.7661927342414856,0.7282282114028931,0.02222222276031971
YML028W,YNR006W,0,2.4038267,0.7649842500686646,0.7282282114028931,0.022372372448444366
YOR326W,YDR244W,1,2.4007638,0.765354335308075,0.7297297120094299,0.022372372448444366
YDR414C,YGR085C,0,2.3892727,0.7641509175300598,0.7297297120094299,0.022522522136569023
YOR382W,YDR508C,0,2.3878152,0.7629513144493103,0.7297297120094299,0.02267267182469368
YKL041W,YNL032W,0,2.3861647,0.7617554664611816,0.7297297120094299,0.022822823375463486
YOL112W,YCR057C,0,2.383325,0.7605633735656738,0.7297297120094299,0.022972973063588142
YNL127W,YPR002W,0,2.3751264,0.7593749761581421,0.7297297120094299,0.0231231227517128
YDL065C,YJL210W,1,2.370013,0.7597503662109375,0.7312312126159668,0.0231231227517128
YGR167W,YDR173C,0,2.3636253,0.7585669755935669,0.7312312126159668,0.023273272439837456
YDR142C,YAL055W,1,2.3634288,0.7589424848556519,0.7327327132225037,0.023273272439837456
YIR025W,YGL174W,0,2.3625922,0.7577639818191528,0.7327327132225037,0.02342342399060726
YLR025W,YAL017W,0,2.3618674,0.7565891742706299,0.7327327132225037,0.02357357367873192
YIL002C,YLR163C,0,2.3549771,0.7554179430007935,0.7327327132225037,0.023723723366856575
YJR010W,YML028W,0,2.3538735,0.7542504072189331,0.7327327132225037,0.02387387305498123
YGR239C,YDR265W,1,2.352161,0.7546296119689941,0.7342342138290405,0.02387387305498123
YGR271W,YDR392W,0,2.3496923,0.7534668445587158,0.7342342138290405,0.024024024605751038
YGR077C,YGL153W,1,2.3469605,0.7538461685180664,0.7357357144355774,0.024024024605751038
YIR004W,YLR191W,1,2.3407016,0.7542242407798767,0.7372372150421143,0.024024024605751038
YNL084C,YDR470C,0,2.3391004,0.7530674934387207,0.7372372150421143,0.024174174293875694
YPL150W,YLR182W,0,2.336411,0.7519142627716064,0.7372372150421143,0.02432432398200035
YDR072C,YNL027W,0,2.3331435,0.7507645487785339,0.7372372150421143,0.024474473670125008
YAR035W,YDR337W,0,2.331256,0.7496182918548584,0.7372372150421143,0.024624625220894814
YOR363C,YKL197C,1,2.3279219,0.75,0.7387387156486511,0.024624625220894814
YNL238W,YDR081C,0,2.3274999,0.7488584518432617,0.7387387156486511,0.02477477490901947
YKL093W,YKR020W,0,2.3267436,0.7477203607559204,0.7387387156486511,0.024924924597144127
YOL082W,YAL033W,0,2.316625,0.7465857267379761,0.7387387156486511,0.025075074285268784
YDL065C,YIR004W,1,2.3135793,0.7469696998596191,0.740240216255188,0.025075074285268784
YOL165C,YER090W,0,2.309392,0.7458396553993225,0.740240216255188,0.02522522583603859
YBL005W-B,YML132W,0,2.3091838,0.7447130084037781,0.740240216255188,0.025375375524163246
YGR077C,YDR244W,1,2.3076239,0.7450980544090271,0.7417417168617249,0.025375375524163246
YBL041W,YER138C,0,2.3063362,0.7439758777618408,0.7417417168617249,0.025525525212287903
YOR084W,YLR191W,1,2.3045878,0.7443609237670898,0.7432432174682617,0.025525525212287903
YGL115W,YGR004W,1,2.2812588,0.7447447180747986,0.7447447180747986,0.025525525212287903
YKR020W,YPL011C,0,2.280242,0.743628203868866,0.7447447180747986,0.02567567490041256
YKR071C,YER115C,0,2.2745976,0.742514967918396,0.7447447180747986,0.025825826451182365
YJL034W,YJR010W,0,2.274218,0.7414050698280334,0.7447447180747986,0.025975976139307022
YPR194C,YCR026C,0,2.27255,0.7402985095977783,0.7447447180747986,0.02612612582743168
YAL022C,YPR030W,0,2.2718582,0.7391952276229858,0.7447447180747986,0.026276275515556335
YAL051W,YLR324W,1,2.2712812,0.7395833134651184,0.7462462186813354,0.026276275515556335
YGL112C,YGR222W,0,2.2646537,0.7384843826293945,0.7462462186813354,0.02642642706632614
YGL115W,YLR324W,1,2.2645483,0.7388724088668823,0.7477477192878723,0.02642642706632614
YLR157C,YNL027W,0,2.2622685,0.7377777695655823,0.7477477192878723,0.026576576754450798
YLR291C,YBR141C,0,2.2568545,0.7366864085197449,0.7477477192878723,0.026726726442575455
YOL129W,YCR011C,0,2.2527366,0.7355982065200806,0.7477477192878723,0.02687687613070011
YBR260C,YHR079C,0,2.2494235,0.7345132827758789,0.7477477192878723,0.027027027681469917
YDR216W,YGR004W,1,2.234839,0.7349042892456055,0.7492492198944092,0.027027027681469917
YPL065W,YDL077C,0,2.228842,0.7338235378265381,0.7492492198944092,0.027177177369594574
YDR196C,YJL141C,0,2.226677,0.7327459454536438,0.7492492198944092,0.02732732705771923
YDR414C,YOR123C,0,2.2246485,0.7316715717315674,0.7492492198944092,0.027477476745843887
YAL022C,YKL117W,0,2.2211123,0.7306002974510193,0.7492492198944092,0.027627628296613693
YGL203C,YPR030W,0,2.2188196,0.7295321822166443,0.7492492198944092,0.02777777798473835
YBR183W,YPR171W,0,2.215322,0.7284671664237976,0.7492492198944092,0.027927927672863007
YOL082W,YEL053C,0,2.2083511,0.7274052500724792,0.7492492198944092,0.028078077360987663
YDR389W,YKL003C,0,2.2040615,0.7263464331626892,0.7492492198944092,0.02822822891175747
YLR197W,YDR076W,0,2.198748,0.7252907156944275,0.7492492198944092,0.028378378599882126
YDR222W,YMR229C,0,2.1978338,0.7242380380630493,0.7492492198944092,0.028528528288006783
YOR232W,YOR338W,0,2.196209,0.7231884002685547,0.7492492198944092,0.02867867797613144
YGL115W,YHR150W,1,2.189183,0.7235890030860901,0.7507507801055908,0.02867867797613144
YDR216W,YHR160C,1,2.186912,0.72398841381073,0.7522522807121277,0.02867867797613144
YLR187W,YFR033C,0,2.1855204,0.7229437232017517,0.7522522807121277,0.028828829526901245
YIL080W,YGR072W,0,2.175406,0.7219020128250122,0.7522522807121277,0.028978979215025902
YDL029W,YML128C,0,2.1736019,0.7208632826805115,0.7522522807121277,0.02912912890315056
YDR142C,YMR204C,1,2.1664524,0.7212643623352051,0.7537537813186646,0.02912912890315056
YKL041W,YFL048C,0,2.1644166,0.7202295660972595,0.7537537813186646,0.029279278591275215
YEL031W,YDL021W,0,2.159361,0.719197690486908,0.7537537813186646,0.02942943014204502
YER175C,YKL117W,0,2.1430364,0.7181687951087952,0.7537537813186646,0.029579579830169678
YDR131C,YKL168C,0,2.138024,0.7171428799629211,0.7537537813186646,0.029729729518294334
YER151C,YDR494W,0,2.1348338,0.7161198258399963,0.7537537813186646,0.02987987920641899
YDR216W,YNL214W,1,2.133009,0.7165242433547974,0.7552552819252014,0.02987987920641899
YIL088C,YDR254W,0,2.13052,0.7155050039291382,0.7552552819252014,0.030030030757188797
YJL005W,YGL014W,0,2.1257126,0.7144886255264282,0.7552552819252014,0.030180180445313454
YJR107W,YPL147W,0,2.1240938,0.7134751677513123,0.7552552819252014,0.03033033013343811
YOL112W,YPR060C,0,2.1231368,0.7124645709991455,0.7552552819252014,0.030480479821562767
YGR271W,YNL284C,0,2.1173956,0.711456835269928,0.7552552819252014,0.030630631372332573
YMR065W,YKR101W,0,2.1168518,0.7104519605636597,0.7552552819252014,0.03078078106045723
YPL002C,YEL056W,0,2.112552,0.7094499468803406,0.7552552819252014,0.030930930748581886
YOL066C,YNL006W,0,2.1115603,0.7084506750106812,0.7552552819252014,0.031081080436706543
YKL061W,YGL051W,0,2.1094918,0.707454264163971,0.7552552819252014,0.03123123198747635
YER101C,YPR159W,0,2.1094093,0.7064606547355652,0.7552552819252014,0.031381379812955856
YNL070W,YCL057W,0,2.109374,0.7054698467254639,0.7552552819252014,0.03153153136372566
YLR452C,YGL094C,0,2.1068869,0.7044817805290222,0.7552552819252014,0.03168168291449547
YFL054C,YOR180C,0,2.10511,0.703496515750885,0.7552552819252014,0.031831830739974976
YDR414C,YLR244C,0,2.1017847,0.7025139927864075,0.7552552819252014,0.03198198229074478
YBR080C,YGR268C,0,2.0967777,0.7015341520309448,0.7552552819252014,0.03213213384151459
YDL065C,YLR324W,1,2.0963988,0.7019498348236084,0.7567567825317383,0.03213213384151459
YPR194C,YNL283C,0,2.0935688,0.7009735703468323,0.7567567825317383,0.032282281666994095
YBR183W,YML006C,0,2.0884666,0.699999988079071,0.7567567825317383,0.0324324332177639
YDL029W,YGR238C,0,2.0871375,0.6990291476249695,0.7567567825317383,0.03258258104324341
YPR111W,YDR337W,0,2.0829792,0.698060929775238,0.7567567825317383,0.032732732594013214
YBR243C,YKL172W,0,2.0818677,0.6970954537391663,0.7567567825317383,0.03288288414478302
YJR149W,YLL027W,0,2.0810418,0.6961326003074646,0.7567567825317383,0.03303303197026253
YLR353W,YPR160W,0,2.0800254,0.6951724290847778,0.7567567825317383,0.03318318352103233
YAL051W,YPL112C,1,2.0787477,0.6955922842025757,0.7582582831382751,0.03318318352103233
YPR149W,YLL017W,0,2.0721703,0.6946355104446411,0.7582582831382751,0.03333333507180214
YIR038C,YBL026W,0,2.070153,0.6936812996864319,0.7582582831382751,0.03348348289728165
YEL062W,YOL090W,0,2.0681157,0.6927297711372375,0.7582582831382751,0.03363363444805145
YDR067C,YER138C,0,2.0641704,0.6917808055877686,0.7582582831382751,0.03378378227353096
YJL053W,YGL019W,0,2.0637314,0.6908344626426697,0.7582582831382751,0.033933933824300766
YIL108W,YFL001W,0,2.0564475,0.6898906826972961,0.7582582831382751,0.03408408537507057
YKL174C,YPL240C,0,2.0548048,0.6889495253562927,0.7582582831382751,0.03423423320055008
YGL200C,YBL092W,0,2.0458245,0.6880108714103699,0.7582582831382751,0.034384384751319885
YML052W,YKR035W-A,0,2.0401917,0.6870748400688171,0.7582582831382751,0.03453453630208969
YCR093W,YCL025C,0,2.0394208,0.686141312122345,0.7582582831382751,0.0346846841275692
YGL014W,YOR382W,0,2.0387282,0.6852102875709534,0.7582582831382751,0.034834835678339005
YIL088C,YJR026W,0,2.0378132,0.6842818260192871,0.7582582831382751,0.03498498350381851
YDL179W,YOR327C,0,2.0367491,0.6833558678627014,0.7582582831382751,0.03513513505458832
YER101C,YBR095C,0,2.0320926,0.6824324131011963,0.7582582831382751,0.035285286605358124
YMR169C,YDR072C,0,2.0263243,0.6815114617347717,0.7582582831382751,0.03543543443083763
YPL240C,YOL093W,0,2.0260031,0.6805930137634277,0.7582582831382751,0.03558558598160744
YHR004C,YDR140W,0,2.0196605,0.6796770095825195,0.7582582831382751,0.03573573753237724
YLR404W,YJL149W,0,2.0164955,0.6787634491920471,0.7582582831382751,0.03588588535785675
YLR404W,YGR255C,0,2.0161104,0.6778523325920105,0.7582582831382751,0.036036036908626556
YJR010W,YLR270W,0,2.0127442,0.6769437193870544,0.7582582831382751,0.036186184734106064
YHR002W,YML109W,0,2.0124989,0.6760374903678894,0.7582582831382751,0.03633633628487587
YLR088W,YDL045C,0,2.0105839,0.6751337051391602,0.7582582831382751,0.036486487835645676
YBR125C,YLL017W,0,2.0095754,0.6742323040962219,0.7582582831382751,0.03663663566112518
YOR363C,YPR128C,1,2.0058367,0.6746666431427002,0.759759783744812,0.03663663566112518
YJL053W,YDR229W,0,2.0016649,0.6737682819366455,0.759759783744812,0.03678678721189499
YNL202W,YOR142W,0,1.9929872,0.6728723645210266,0.759759783744812,0.036936938762664795
YNL297C,YJL214W,0,1.9911747,0.671978771686554,0.759759783744812,0.0370870865881443
YGR056W,YLR165C,0,1.9874184,0.6710875034332275,0.759759783744812,0.03723723813891411
YJR028W,YLR160C,0,1.9858527,0.6701986789703369,0.759759783744812,0.037387385964393616
YPR149W,YNL335W,0,1.9852657,0.6693121790885925,0.759759783744812,0.03753753751516342
YKL064W,YPR125W,0,1.9839807,0.6684280037879944,0.759759783744812,0.03768768906593323
YOR363C,YOL044W,1,1.9833851,0.668865442276001,0.7612612843513489,0.03768768906593323
YGR238C,YLR386W,0,1.9761782,0.6679841876029968,0.7612612843513489,0.037837836891412735
YGR077C,YMR026C,1,1.9753387,0.6684210300445557,0.7627627849578857,0.037837836891412735
YOR363C,YDL065C,1,1.973494,0.6688567399978638,0.7642642855644226,0.037837836891412735
YFR029W,YHR135C,0,1.9710479,0.6679790019989014,0.7642642855644226,0.03798798844218254
YDR296W,YIL080W,0,1.9710455,0.6671035289764404,0.7642642855644226,0.03813813999295235
YDR142C,YKL197C,1,1.9689159,0.6675392389297485,0.7657657861709595,0.03813813999295235
YDL065C,YDR244W,1,1.9674191,0.6679738759994507,0.7672672867774963,0.03813813999295235
YOL045W,YGR155W,0,1.9655404,0.6671018004417419,0.7672672867774963,0.038288287818431854
YAL060W,YKL001C,0,1.9575443,0.6662320494651794,0.7672672867774963,0.03843843936920166
YLR353W,YOR226C,0,1.955059,0.6653645634651184,0.7672672867774963,0.03858858719468117
YOR363C,YDR216W,1,1.95417,0.6657997369766235,0.7687687873840332,0.03858858719468117
YER138C,YJL124C,0,1.9408741,0.6649350523948669,0.7687687873840332,0.038738738745450974
YIR004W,YDR479C,1,1.940793,0.6653696298599243,0.7702702879905701,0.038738738745450974
YGL180W,YHR008C,0,1.9374845,0.6645077466964722,0.7702702879905701,0.03888889029622078
YDL065C,YDR329C,1,1.9326229,0.6649417877197266,0.7717717885971069,0.03888889029622078
YBR006W,YDR364C,0,1.9308293,0.6640827059745789,0.7717717885971069,0.03903903812170029
YOL044W,YOR084W,1,1.9300876,0.6645161509513855,0.7732732892036438,0.03903903812170029
YJL087C,YGL225W,0,1.9269118,0.6636598110198975,0.7732732892036438,0.03918918967247009
YNL117W,YBR128C,0,1.9228134,0.6628056764602661,0.7732732892036438,0.0393393374979496
YML036W,YEL029C,0,1.9167585,0.6619537472724915,0.7732732892036438,0.039489489048719406
YPR204W,YLR329W,0,1.9126658,0.6611039638519287,0.7732732892036438,0.03963964059948921
YDR216W,YDR265W,1,1.9119833,0.6615384817123413,0.7747747898101807,0.03963964059948921
YMR168C,YMR304W,0,1.9116793,0.6606914401054382,0.7747747898101807,0.03978978842496872
YDL065C,YMR026C,1,1.9102812,0.6611253023147583,0.7762762904167175,0.03978978842496872
YIR004W,YHR150W,1,1.9039092,0.6615580916404724,0.7777777910232544,0.03978978842496872
YDR222W,YMR213W,0,1.9035866,0.6607142686843872,0.7777777910232544,0.039939939975738525
YDR498C,YDL097C,0,1.9024692,0.6598725914955139,0.7777777910232544,0.04009009152650833
YOR326W,YHR160C,1,1.9017568,0.6603053212165833,0.7792792916297913,0.04009009152650833
YMR090W,YCR087C-A,0,1.8989868,0.6594663262367249,0.7792792916297913,0.04024023935198784
YOR106W,YKL041W,0,1.898984,0.6586294174194336,0.7792792916297913,0.040390390902757645
YBR168W,YGR004W,1,1.8965464,0.6590620875358582,0.7807807922363281,0.040390390902757645
YLL003W,YMR176W,0,1.8870018,0.6582278609275818,0.7807807922363281,0.04054053872823715
YDL206W,YAR027W,0,1.8847892,0.6573957204818726,0.7807807922363281,0.04069069027900696
YHR214C-B,YDR218C,0,1.8843398,0.6565656661987305,0.7807807922363281,0.040840841829776764
YGR077C,YLR324W,1,1.878849,0.6569987535476685,0.782282292842865,0.040840841829776764
YDR263C,YNR021W,0,1.8784416,0.6561712622642517,0.782282292842865,0.04099098965525627
YDR164C,YCR057C,0,1.8733377,0.6553459167480469,0.782282292842865,0.04114114120602608
YHR029C,YOR176W,0,1.8723054,0.6545225977897644,0.782282292842865,0.04129129275679588
YIR004W,YHR160C,1,1.8709786,0.6549561023712158,0.7837837934494019,0.04129129275679588
YKR071C,YMR065W,0,1.8692069,0.6541353464126587,0.7837837934494019,0.04144144058227539
YFR045W,YNL052W,0,1.8671985,0.6533166170120239,0.7837837934494019,0.0415915921330452
YOR084W,YML128C,0,1.8665142,0.6524999737739563,0.7837837934494019,0.041741739958524704
YDR216W,YDL065C,1,1.8662138,0.6529338359832764,0.7852852940559387,0.041741739958524704
YJL053W,YOL090W,0,1.8617315,0.6521196961402893,0.7852852940559387,0.04189189150929451
YOL082W,YFR052W,0,1.8559961,0.6513075828552246,0.7852852940559387,0.042042043060064316
YDR371W,YKL001C,0,1.8475081,0.6504974961280823,0.7852852940559387,0.04219219088554382
YMR034C,YER115C,0,1.8371716,0.6496894359588623,0.7852852940559387,0.04234234243631363
YNL202W,YER052C,0,1.8367715,0.6488834023475647,0.7852852940559387,0.042492493987083435
YKR057W,YNL309W,0,1.8252563,0.6480793356895447,0.7852852940559387,0.04264264181256294
YNL131W,YFL014W,0,1.8223798,0.6472772359848022,0.7852852940559387,0.04279279336333275
YOL093W,YGR239C,0,1.8147435,0.6464771032333374,0.7852852940559387,0.042942941188812256
YLR291C,YEL030W,0,1.8139842,0.6456789970397949,0.7852852940559387,0.04309309273958206
YGR238C,YJL140W,0,1.8119789,0.64488285779953,0.7852852940559387,0.04324324429035187
YGL037C,YNL175C,0,1.8054953,0.6440886855125427,0.7852852940559387,0.043393392115831375
YDL065C,YOL147C,1,1.8007133,0.6445264220237732,0.7867867946624756,0.043393392115831375
YGL180W,YDR059C,0,1.8000624,0.6437346339225769,0.7867867946624756,0.04354354366660118
YMR295C,YOR085W,0,1.7991607,0.6429448127746582,0.7867867946624756,0.04369369521737099
YDL065C,YAL055W,1,1.7991457,0.6433823704719543,0.7882882952690125,0.04369369521737099
YAL051W,YDR479C,1,1.7942852,0.6438188552856445,0.7897897958755493,0.04369369521737099
YLR452C,YDR473C,0,1.7931807,0.6430317759513855,0.7897897958755493,0.043843843042850494
YHR150W,YLR191W,1,1.7880273,0.6434676647186279,0.7912912964820862,0.043843843042850494
YJL004C,YPL065W,0,1.7875829,0.6426829099655151,0.7912912964820862,0.0439939945936203
YNL085W,YNR031C,0,1.7874424,0.6419001221656799,0.7912912964820862,0.04414414241909981
YLR314C,YMR145C,0,1.7851644,0.6411192417144775,0.7912912964820862,0.044294293969869614
YAL060W,YDR473C,0,1.7813971,0.6403402090072632,0.7912912964820862,0.04444444552063942
YPL196W,YIL048W,0,1.7810323,0.6395630836486816,0.7912912964820862,0.04459459334611893
YBR006W,YFR019W,0,1.7737806,0.6387878656387329,0.7912912964820862,0.04474474489688873
YPL276W,YMR034C,0,1.7734476,0.638014554977417,0.7912912964820862,0.04489489644765854
YPR198W,YMR193W,0,1.7725897,0.6372430324554443,0.7912912964820862,0.045045044273138046
YGR238C,YIR018W,0,1.7709048,0.6364734172821045,0.7912912964820862,0.04519519582390785
YPL113C,YKL085W,0,1.763361,0.6357056498527527,0.7912912964820862,0.04534534364938736
YML097C,YJR140C,0,1.7632933,0.6349397301673889,0.7912912964820862,0.045495495200157166
YOR326W,YGR004W,1,1.7612933,0.6353790760040283,0.792792797088623,0.045495495200157166
YER151C,YDR059C,0,1.7595003,0.6346153616905212,0.792792797088623,0.04564564675092697
YNL172W,YML039W,0,1.7563287,0.633853554725647,0.792792797088623,0.04579579457640648
YLR025W,YNR072W,0,1.7551541,0.633093535900116,0.792792797088623,0.045945946127176285
YOR363C,YOR326W,1,1.7548763,0.6335329413414001,0.7942942976951599,0.045945946127176285
YKR071C,YKL022C,0,1.7501833,0.6327751278877258,0.7942942976951599,0.04609609767794609
YNL084C,YBR074W,0,1.748635,0.6320191025733948,0.7942942976951599,0.0462462455034256
YGR032W,YEL030W,0,1.7452985,0.6312649250030518,0.7942942976951599,0.046396397054195404
YGL115W,YGL153W,1,1.7452704,0.6317043900489807,0.7957957983016968,0.046396397054195404
YMR169C,YOR212W,0,1.7395828,0.6309523582458496,0.7957957983016968,0.04654654487967491
YJL005W,YPL119C,0,1.7358639,0.6302021145820618,0.7957957983016968,0.04669669643044472
YOR216C,YAL038W,0,1.7330005,0.6294536590576172,0.7957957983016968,0.04684684798121452
YER101C,YLR309C,0,1.7310544,0.6287069916725159,0.7957957983016968,0.04699699580669403
YMR159C,YGL103W,0,1.7282152,0.6279621124267578,0.7957957983016968,0.04714714735746384
YOL155C,YPL147W,0,1.727226,0.6272189617156982,0.7957957983016968,0.04729729890823364
YDL029W,YMR019W,0,1.7231998,0.6264775395393372,0.7957957983016968,0.04744744673371315
YMR013C,YDR296W,0,1.7225403,0.6257379055023193,0.7957957983016968,0.047597598284482956
YDR205W,YIL095W,0,1.7179403,0.625,0.7957957983016968,0.04774774610996246
YGR077C,YOL147C,1,1.7155548,0.6254416704177856,0.7972972989082336,0.04774774610996246
YFL057C,YLR219W,0,1.70722,0.6247059106826782,0.7972972989082336,0.04789789766073227
YDR263C,YBL089W,0,1.7032543,0.6239718198776245,0.7972972989082336,0.048048049211502075
YOR126C,YNL026W,0,1.697677,0.6232394576072693,0.7972972989082336,0.04819819703698158
YIR004W,YAL051W,1,1.6951928,0.6236811280250549,0.7987987995147705,0.04819819703698158
YOR363C,YNL214W,1,1.6939238,0.6241217851638794,0.8003003001213074,0.04819819703698158
YGR077C,YDR142C,1,1.6847036,0.6245614290237427,0.8018018007278442,0.04819819703698158
YDR142C,YDR265W,1,1.683453,0.625,0.8033033013343811,0.04819819703698158
YHR004C,YMR246W,0,1.6791914,0.6242707371711731,0.8033033013343811,0.04834834858775139
YBR183W,YMR300C,0,1.6740012,0.6235431432723999,0.8033033013343811,0.048498500138521194
YOR326W,YOR084W,1,1.6718189,0.6239813566207886,0.804804801940918,0.048498500138521194
YOR326W,YPL112C,1,1.6716312,0.6244186162948608,0.8063063025474548,0.048498500138521194
YDR142C,YOL147C,1,1.6698966,0.6248548030853271,0.8078078031539917,0.048498500138521194
YJL114W,YOL142W,0,1.6691446,0.6241299510002136,0.8078078031539917,0.0486486479640007
YGL115W,YMR163C,1,1.6675403,0.6245654821395874,0.8093093037605286,0.0486486479640007
YJR083C,YMR213W,0,1.6672299,0.6238425970077515,0.8093093037605286,0.04879879951477051
YCR030C,YKR068C,0,1.665894,0.6231213808059692,0.8093093037605286,0.048948947340250015
YOR363C,YGL153W,1,1.6655571,0.6235565543174744,0.8108108043670654,0.048948947340250015
YJL005W,YDR373W,0,1.6654685,0.6228373646736145,0.8108108043670654,0.04909909889101982
YGR077C,YOL044W,1,1.6649234,0.6232718825340271,0.8123123049736023,0.04909909889101982
YDL065C,YKL197C,1,1.6647143,0.6237053871154785,0.8138138055801392,0.04909909889101982
YPL002C,YNL084C,0,1.6646379,0.6229885220527649,0.8138138055801392,0.04924925044178963
YOL082W,YLR344W,0,1.656326,0.6222732663154602,0.8138138055801392,0.049399398267269135
YAR035W,YOR180C,0,1.6559168,0.6215596199035645,0.8138138055801392,0.04954954981803894
YOR363C,YDR329C,1,1.6549709,0.6219931244850159,0.815315306186676,0.04954954981803894
YFR021W,YKL166C,0,1.6547694,0.6212814450263977,0.815315306186676,0.049699701368808746
YMR218C,YKL003C,0,1.6534188,0.6205714344978333,0.815315306186676,0.049849849194288254
YLR314C,YPR159W,0,1.6517041,0.6198630332946777,0.815315306186676,0.05000000074505806
YER098W,YMR137C,0,1.6448109,0.6191562414169312,0.815315306186676,0.05015014857053757
YPR072W,YLR389C,0,1.6433123,0.6184509992599487,0.815315306186676,0.05030030012130737
YDR142C,YHR150W,1,1.6423967,0.6188850998878479,0.8168168067932129,0.05030030012130737
YIR004W,YLR324W,1,1.642031,0.6193181872367859,0.8183183073997498,0.05030030012130737
YLR285W,YGR143W,0,1.6405262,0.6186152100563049,0.8183183073997498,0.05045045167207718
YDR142C,YLR191W,1,1.6399424,0.6190476417541504,0.8198198080062866,0.05045045167207718
YBR260C,YBR002C,0,1.6385763,0.6183465719223022,0.8198198080062866,0.050600599497556686
YNR031C,YKL007W,0,1.6324606,0.6176470518112183,0.8198198080062866,0.05075075104832649
YOL129W,YEL036C,0,1.6322603,0.6169491410255432,0.8198198080062866,0.0509009025990963
YHR029C,YLR141W,0,1.6316973,0.6162528395652771,0.8198198080062866,0.051051050424575806
YDR164C,YOR299W,0,1.6235688,0.6155580878257751,0.8198198080062866,0.05120120197534561
YLL055W,YPR091C,0,1.6162009,0.6148648858070374,0.8198198080062866,0.05135134980082512
YDR254W,YDL216C,0,1.6160518,0.6141732335090637,0.8198198080062866,0.051501501351594925
YNL131W,YIL048W,0,1.6145186,0.6134831309318542,0.8198198080062866,0.05165165290236473
YOR138C,YNR002C,0,1.613155,0.6127946376800537,0.8198198080062866,0.05180180072784424
YPL223C,YKL124W,0,1.6123819,0.6121076345443726,0.8198198080062866,0.051951952278614044
YMR169C,YIL135C,0,1.6063665,0.6114221811294556,0.8198198080062866,0.05210210382938385
YCR093W,YLR270W,0,1.6030492,0.6107382774353027,0.8198198080062866,0.05225225165486336
YKL190W,YKL095W,0,1.6026487,0.6100558638572693,0.8198198080062866,0.05240240320563316
YMR019W,YAR027W,0,1.601722,0.609375,0.8198198080062866,0.05255255103111267
YML039W,YDR470C,0,1.5995803,0.6086956262588501,0.8198198080062866,0.05270270258188248
YBR182C,YMR193W,0,1.5938684,0.6080178022384644,0.8198198080062866,0.05285285413265228
YDR383C,YMR077C,0,1.593759,0.607341468334198,0.8198198080062866,0.05300300195813179
YBR294W,YOL104C,0,1.5933374,0.6066666841506958,0.8198198080062866,0.053153153508901596
YDR371W,YDR196C,0,1.5922961,0.6059933304786682,0.8198198080062866,0.0533033050596714
YDL054C,YKR068C,0,1.5903871,0.6053215265274048,0.8198198080062866,0.05345345288515091
YJR021C,YHR057C,0,1.5855062,0.604651153087616,0.8198198080062866,0.053603604435920715
YML032C,YOR054C,0,1.5838847,0.6039823293685913,0.8198198080062866,0.05375375226140022
YLR165C,YPL223C,0,1.5824414,0.6033149361610413,0.8198198080062866,0.05390390381217003
YKR101W,YIR005W,0,1.5785503,0.6026490330696106,0.8198198080062866,0.054054055362939835
YAL040C,YKR028W,0,1.573844,0.6019845604896545,0.8198198080062866,0.05420420318841934
YDR285W,YDL097C,0,1.5737865,0.6013215780258179,0.8198198080062866,0.05435435473918915
YHR029C,YBL085W,0,1.5719392,0.6006600856781006,0.8198198080062866,0.054504506289958954
YGR144W,YNR060W,0,1.5695384,0.6000000238418579,0.8198198080062866,0.05465465411543846
YMR168C,YBR059C,0,1.5678303,0.5993413925170898,0.8198198080062866,0.05480480566620827
YER087W,YDR195W,0,1.5647085,0.5986841917037964,0.8198198080062866,0.054954953491687775
YNL160W,YJL140W,0,1.5623915,0.5980284810066223,0.8198198080062866,0.05510510504245758
YOR084W,YJR063W,0,1.558128,0.5973742008209229,0.8198198080062866,0.055255256593227386
YDR216W,YKR001C,1,1.5564997,0.5978142023086548,0.8213213086128235,0.055255256593227386
YJL149W,YMR213W,0,1.5557393,0.597161591053009,0.8213213086128235,0.055405404418706894
YBR294W,YMR213W,0,1.5551925,0.5965103507041931,0.8213213086128235,0.0555555559694767
YMR210W,YDR173C,0,1.5465531,0.5958605408668518,0.8213213086128235,0.055705707520246506
YBR168W,YOR084W,1,1.5434804,0.5963003039360046,0.8228228092193604,0.055705707520246506
YOR363C,YGR133W,1,1.5429541,0.5967391133308411,0.8243243098258972,0.055705707520246506
YKL161C,YEL041W,0,1.5405388,0.5960912108421326,0.8243243098258972,0.05585585534572601
YLR206W,YGL216W,0,1.5386568,0.5954446792602539,0.8243243098258972,0.05600600689649582
YCL004W,YER130C,0,1.5384982,0.5947995781898499,0.8243243098258972,0.05615615472197533
YJL005W,YDL197C,0,1.5353879,0.5941558480262756,0.8243243098258972,0.05630630627274513
YOR054C,YPL011C,0,1.5341685,0.5935134887695312,0.8243243098258972,0.05645645782351494
YPR002W,YNR002C,0,1.5250115,0.5928725600242615,0.8243243098258972,0.056606605648994446
YDR090C,YLR270W,0,1.5233102,0.5922330021858215,0.8243243098258972,0.05675675719976425
YGL200C,YLR009W,0,1.5230658,0.5915948152542114,0.8243243098258972,0.05690690875053406
YAL017W,YKL203C,0,1.5225105,0.5909579992294312,0.8243243098258972,0.057057056576013565
YOL158C,YPL027W,0,1.5224323,0.5903225541114807,0.8243243098258972,0.05720720812678337
YER138C,YFR018C,0,1.520968,0.5896884799003601,0.8243243098258972,0.05735735595226288
YIL134W,YJR005W,0,1.5196168,0.5890557765960693,0.8243243098258972,0.057507507503032684
YPL113C,YLL017W,0,1.5145106,0.5884244441986084,0.8243243098258972,0.05765765905380249
YKR056W,YCR014C,0,1.5131941,0.5877944231033325,0.8243243098258972,0.057807806879282
YBR118W,YDR226W,0,1.5067693,0.5871657729148865,0.8243243098258972,0.057957958430051804
YMR169C,YLL003W,0,1.5040265,0.5865384340286255,0.8243243098258972,0.05810810625553131
YDR142C,YOR084W,1,1.503875,0.5869797468185425,0.8258258104324341,0.05810810625553131
YML097C,YLR390W,0,1.5033686,0.5863539576530457,0.8258258104324341,0.05825825780630112
YBR195C,YML039W,0,1.5023627,0.5857294797897339,0.8258258104324341,0.05840840935707092
YPR198W,YGL203C,0,1.498567,0.585106372833252,0.8258258104324341,0.05855855718255043
YJL053W,YOL054W,0,1.4985459,0.5844845771789551,0.8258258104324341,0.058708708733320236
YJL178C,YMR304W,0,1.4976425,0.5838640928268433,0.8258258104324341,0.05885886028409004
YNL085W,YNR018W,0,1.493093,0.5832449793815613,0.8258258104324341,0.05900900810956955
YLR291C,YNL309W,0,1.4921086,0.5826271176338196,0.8258258104324341,0.059159159660339355
YAR035W,YKL003C,0,1.4903269,0.5820105671882629,0.8258258104324341,0.05930930748581886
YJR149W,YPR149W,0,1.4879091,0.5813953280448914,0.8258258104324341,0.05945945903658867
YHR002W,YOR008C,0,1.4852695,0.5807814002037048,0.8258258104324341,0.059609610587358475
YNL297C,YML028W,0,1.4786414,0.5801687836647034,0.8258258104324341,0.05975975841283798
YIR004W,YDR142C,1,1.478503,0.5806111693382263,0.827327311038971,0.05975975841283798
YKL190W,YLR107W,0,1.476079,0.5799999833106995,0.827327311038971,0.05990990996360779
YIR004W,YGR239C,1,1.4747856,0.5804416537284851,0.8288288116455078,0.05990990996360779
YBR129C,YGL051W,0,1.4734647,0.5798319578170776,0.8288288116455078,0.060060061514377594
YNL297C,YMR267W,0,1.4699419,0.5792235136032104,0.8288288116455078,0.0602102093398571
YIR004W,YDR329C,1,1.4696348,0.5796645879745483,0.8303303122520447,0.0602102093398571
YER175C,YBR155W,0,1.4653145,0.5790575742721558,0.8303303122520447,0.06036036089062691
YMR168C,YNL335W,0,1.4629382,0.5784518718719482,0.8303303122520447,0.060510508716106415
YDR351W,YKL015W,0,1.4560232,0.577847421169281,0.8303303122520447,0.06066066026687622
YBR125C,YIR032C,0,1.4536355,0.5772442817687988,0.8303303122520447,0.06081081181764603
YBR125C,YCR014C,0,1.4528282,0.5766423344612122,0.8303303122520447,0.060960959643125534
YCR030C,YPL200W,0,1.4499825,0.5760416388511658,0.8303303122520447,0.06111111119389534
YOR071C,YJL171C,0,1.4493752,0.5754422545433044,0.8303303122520447,0.061261262744665146
YNL271C,YEL070W,0,1.4477377,0.5748440623283386,0.8303303122520447,0.06141141057014465
YIR004W,YAL055W,1,1.4469974,0.5752855539321899,0.8318318128585815,0.06141141057014465
YMR077C,YIR032C,0,1.4462111,0.5746887922286987,0.8318318128585815,0.06156156212091446
YNL127W,YCL008C,0,1.4461734,0.5740932822227478,0.8318318128585815,0.06171170994639397
YKL093W,YPL163C,0,1.4442978,0.5734989643096924,0.8318318128585815,0.06186186149716377
YDR263C,YGL170C,0,1.4430413,0.5729058980941772,0.8318318128585815,0.06201201304793358
YOL155C,YLR251W,0,1.4413104,0.5723140239715576,0.8318318128585815,0.062162160873413086
YDR142C,YGR239C,1,1.4381447,0.5727553963661194,0.8333333134651184,0.062162160873413086
YLR305C,YCL014W,0,1.4377646,0.5721649527549744,0.8333333134651184,0.06231231242418289
YIL128W,YDR473C,0,1.436744,0.5715757012367249,0.8333333134651184,0.0624624639749527
YML073C,YNL219C,0,1.4367423,0.5709876418113708,0.8333333134651184,0.0626126155257225
YKL041W,YPR171W,0,1.4345996,0.5704008340835571,0.8333333134651184,0.06276275962591171
YDL065C,YGR239C,1,1.4320302,0.570841908454895,0.8348348140716553,0.06276275962591171
YFR029W,YNL223W,0,1.4311918,0.5702564120292664,0.8348348140716553,0.06291291117668152
YKR101W,YOL108C,0,1.4219475,0.5696721076965332,0.8348348140716553,0.06306306272745132
YJL005W,YGR246C,0,1.4209869,0.5690890550613403,0.8348348140716553,0.06321321427822113
YGR085C,YAR031W,0,1.4169052,0.5685071349143982,0.8348348140716553,0.06336336582899094
YER103W,YOL101C,0,1.4119848,0.5679264664649963,0.8348348140716553,0.06351350992918015
YLR425W,YGR070W,0,1.4107352,0.5673469305038452,0.8348348140716553,0.06366366147994995
YEL031W,YPL110C,0,1.4102461,0.5667685866355896,0.8348348140716553,0.06381381303071976
YJL103C,YNL230C,0,1.4101193,0.5661914348602295,0.8348348140716553,0.06396396458148956
YFR029W,YGL237C,0,1.4092638,0.5656154751777649,0.8348348140716553,0.06411411613225937
YNR044W,YKL001C,0,1.4075391,0.565040647983551,0.8348348140716553,0.06426426768302917
YOL082W,YDR081C,0,1.4063665,0.5644670128822327,0.8348348140716553,0.06441441178321838
YOL082W,YOR317W,0,1.4032938,0.563894510269165,0.8348348140716553,0.06456456333398819
YNL223W,YJR083C,0,1.4021456,0.5633231997489929,0.8348348140716553,0.064714714884758
YDR196C,YPL078C,0,1.4014904,0.5627530217170715,0.8348348140716553,0.0648648664355278
YOR298W,YJL213W,0,1.3979895,0.5621840357780457,0.8348348140716553,0.06501501798629761
YAL051W,YGR239C,1,1.3956778,0.5626262426376343,0.8363363146781921,0.06501501798629761
YBR052C,YDR389W,0,1.3947794,0.5620585083961487,0.8363363146781921,0.06516516208648682
YHR211W,YKR006C,0,1.3928065,0.5614919066429138,0.8363363146781921,0.06531531363725662
YBR128C,YLR088W,0,1.3841943,0.5609264969825745,0.8363363146781921,0.06546546518802643
YHR160C,YGR004W,1,1.3803892,0.5613682270050049,0.837837815284729,0.06546546518802643
YJL011C,YNL309W,0,1.3800905,0.560804009437561,0.837837815284729,0.06561561673879623
YDL065C,YDR479C,1,1.3793831,0.5612449645996094,0.8393393158912659,0.06561561673879623
YKR001C,YPL112C,1,1.3773599,0.5616850256919861,0.8408408164978027,0.06561561673879623
YBR183W,YOR261C,0,1.3772004,0.5611222386360168,0.8408408164978027,0.06576576828956604
YPL147W,YDR476C,0,1.3769853,0.5605605840682983,0.8408408164978027,0.06591591238975525
YLR404W,YKL007W,0,1.3714285,0.5600000023841858,0.8408408164978027,0.06606606394052505
YBL076C,YDL170W,0,1.3694279,0.559440553188324,0.8408408164978027,0.06621621549129486
YGR238C,YMR025W,0,1.3689159,0.5588822364807129,0.8408408164978027,0.06636636704206467
YJL114W,YGR105W,0,1.3664281,0.5583250522613525,0.8408408164978027,0.06651651859283447
YOR054C,YGR179C,0,1.3656275,0.5577689409255981,0.8408408164978027,0.06666667014360428
YHR211W,YGL163C,0,1.3565902,0.5572139024734497,0.8408408164978027,0.06681681424379349
YPR002W,YOR180C,0,1.3534241,0.5566600561141968,0.8408408164978027,0.0669669657945633
YPL196W,YFL045C,0,1.3530774,0.556107223033905,0.8408408164978027,0.0671171173453331
YGR032W,YDR138W,0,1.3518999,0.5555555820465088,0.8408408164978027,0.0672672688961029
YPL119C,YOR355W,0,1.3493736,0.5550049543380737,0.8408408164978027,0.06741742044687271
YOR291W,YDR205W,0,1.3470746,0.5544554591178894,0.8408408164978027,0.06756756454706192
YGL115W,YMR204C,1,1.347069,0.5548961162567139,0.8423423171043396,0.06756756454706192
YFR029W,YBR096W,0,1.3469778,0.554347813129425,0.8423423171043396,0.06771771609783173
YOL129W,YCL014W,0,1.3414207,0.5538005828857422,0.8423423171043396,0.06786786764860153
YJL005W,YLR183C,0,1.339076,0.5532544255256653,0.8423423171043396,0.06801801919937134
YLR329W,YOR261C,0,1.3316568,0.5527093410491943,0.8423423171043396,0.06816817075014114
YOL112W,YLR187W,0,1.3279959,0.5521653294563293,0.8423423171043396,0.06831831485033035
YDL202W,YNR057C,0,1.3277612,0.5516223907470703,0.8423423171043396,0.06846846640110016
YPL196W,YDR337W,0,1.3246393,0.5510805249214172,0.8423423171043396,0.06861861795186996
YER022W,YKL168C,0,1.3234773,0.5505397319793701,0.8423423171043396,0.06876876950263977
YDL170W,YBR061C,0,1.3228605,0.550000011920929,0.8423423171043396,0.06891892105340958
YOR326W,YLR191W,1,1.3222299,0.5504407286643982,0.8438438177108765,0.06891892105340958
YER098W,YEL031W,0,1.3199236,0.5499021410942078,0.8438438177108765,0.06906907260417938
YNL127W,YML006C,0,1.317835,0.5493646264076233,0.8438438177108765,0.06921921670436859
YER185W,YKL189W,0,1.3171692,0.548828125,0.8438438177108765,0.0693693682551384
YHR160C,YMR163C,1,1.3160572,0.5492683053016663,0.8453453183174133,0.0693693682551384
YOL129W,YGR216C,0,1.3154384,0.5487329363822937,0.8453453183174133,0.0695195198059082
YEL062W,YOL111C,0,1.314055,0.5481986403465271,0.8453453183174133,0.06966967135667801
YIL002C,YDR423C,0,1.3134168,0.5476653575897217,0.8453453183174133,0.06981982290744781
YBR096W,YMR115W,0,1.3102181,0.5471331477165222,0.8453453183174133,0.06996996700763702
YGR167W,YML049C,0,1.3074542,0.5466019511222839,0.8453453183174133,0.07012011855840683
YML071C,YJL024C,0,1.3064663,0.5460717678070068,0.8453453183174133,0.07027027010917664
YML071C,YER087W,0,1.3021039,0.5455426573753357,0.8453453183174133,0.07042042165994644
YKL090W,YGL203C,0,1.2993244,0.545014500617981,0.8453453183174133,0.07057057321071625
YPL240C,YOR340C,0,1.297401,0.5444874167442322,0.8453453183174133,0.07072071731090546
YGR077C,YNL121C,0,1.2972238,0.5439613461494446,0.8453453183174133,0.07087086886167526
YMR090W,YIL159W,0,1.2943192,0.5434362888336182,0.8453453183174133,0.07102102041244507
YNL314W,YBR129C,0,1.2925403,0.5429122447967529,0.8453453183174133,0.07117117196321487
YBL005W-B,YLR348C,0,1.2792258,0.5423892140388489,0.8453453183174133,0.07132132351398468
YLR025W,YPL259C,0,1.2781333,0.541867196559906,0.8453453183174133,0.07147147506475449
YBL005W-B,YGL051W,0,1.2759464,0.5413461327552795,0.8453453183174133,0.0716216191649437
YOR054C,YCL034W,0,1.2741694,0.540826141834259,0.8453453183174133,0.0717717707157135
YAL060W,YLR157C,0,1.2731522,0.5403071045875549,0.8453453183174133,0.0719219222664833
YKR057W,YIL140W,0,1.272345,0.539789080619812,0.8453453183174133,0.07207207381725311
YMR039C,YLL004W,0,1.2679291,0.5392720103263855,0.8453453183174133,0.07222222536802292
YBR183W,YMR046C,0,1.267498,0.5387559533119202,0.8453453183174133,0.07237236946821213
YGL180W,YER165W,0,1.2670486,0.538240909576416,0.8453453183174133,0.07252252101898193
YDR137W,YDL215C,0,1.266974,0.5377268195152283,0.8453453183174133,0.07267267256975174
YOR106W,YGR258C,0,1.2641916,0.5372137427330017,0.8453453183174133,0.07282282412052155
YNL274C,YKL015W,0,1.2635262,0.5367016196250916,0.8453453183174133,0.07297297567129135
YGR077C,YNL110C,0,1.2616357,0.5361904501914978,0.8453453183174133,0.07312311977148056
YBR274W,YJL053W,0,1.2594936,0.5356802940368652,0.8453453183174133,0.07327327132225037
YNR072W,YML039W,0,1.2582268,0.5351710915565491,0.8453453183174133,0.07342342287302017
YOR363C,YAL055W,1,1.2534041,0.5356125235557556,0.8468468189239502,0.07342342287302017
YAR027W,YCR011C,0,1.2532148,0.5351043939590454,0.8468468189239502,0.07357357442378998
YGL115W,YBR168W,1,1.2516487,0.5355450510978699,0.8483483195304871,0.07357357442378998
YAL038W,YDR218C,0,1.2505308,0.5350378751754761,0.8483483195304871,0.07372372597455978
YPR035W,YBL005W-B,0,1.24642,0.5345317125320435,0.8483483195304871,0.07387387752532959
YLR025W,YJL024C,0,1.2457085,0.5340264439582825,0.8483483195304871,0.0740240216255188
YOR054C,YPL093W,0,1.2456458,0.5335221886634827,0.8483483195304871,0.0741741731762886
YDR144C,YKR102W,0,1.2440758,0.5330188870429993,0.8483483195304871,0.07432432472705841
YNL006W,YOL136C,0,1.2429379,0.5325164794921875,0.8483483195304871,0.07447447627782822
YJR021C,YLR028C,0,1.2416447,0.5320150852203369,0.8483483195304871,0.07462462782859802
YEL031W,YNR006W,0,1.2411015,0.531514585018158,0.8483483195304871,0.07477477192878723
YML032C,YHR004C,0,1.2402427,0.5310150384902954,0.8483483195304871,0.07492492347955704
YGL158W,YKR102W,0,1.2401103,0.5305164456367493,0.8483483195304871,0.07507507503032684
YOR216C,YJL081C,0,1.2380381,0.5300187468528748,0.8483483195304871,0.07522522658109665
YDR142C,YJL210W,1,1.2367635,0.5304592251777649,0.8498498201370239,0.07522522658109665
YIR004W,YJL210W,1,1.2322861,0.5308988690376282,0.8513513803482056,0.07522522658109665
YBR177C,YML036W,0,1.2303851,0.5304022431373596,0.8513513803482056,0.07537537813186646
YNL160W,YJR119C,0,1.228055,0.5299065709114075,0.8513513803482056,0.07552552223205566
YJR032W,YGR143W,0,1.2274193,0.529411792755127,0.8513513803482056,0.07567567378282547
YGL180W,YLR164W,0,1.2256415,0.5289179086685181,0.8513513803482056,0.07582582533359528
YLR219W,YAL040C,0,1.2249538,0.5284249782562256,0.8513513803482056,0.07597597688436508
YDR216W,YOR084W,1,1.2241774,0.5288640856742859,0.8528528809547424,0.07597597688436508
YJL053W,YLL061W,0,1.2210829,0.5283721089363098,0.8528528809547424,0.07612612843513489
YDL015C,YGL174W,0,1.2208148,0.5278810262680054,0.8528528809547424,0.0762762799859047
YGL225W,YER115C,0,1.2199068,0.5273908972740173,0.8528528809547424,0.0764264240860939
YOR326W,YGR239C,1,1.2198875,0.5278292894363403,0.8543543815612793,0.0764264240860939
YNR013C,YNL284C,0,1.2142136,0.5273401141166687,0.8543543815612793,0.07657657563686371
YPL259C,YKR006C,0,1.2120035,0.5268518328666687,0.8543543815612793,0.07672672718763351
YDR142C,YGR004W,1,1.2110747,0.5272895693778992,0.8558558821678162,0.07672672718763351
YIL128W,YPL065W,0,1.2083116,0.5268022418022156,0.8558558821678162,0.07687687873840332
YKL103C,YGR179C,0,1.207605,0.5263158082962036,0.8558558821678162,0.07702703028917313
YGR229C,YPR152C,0,1.2022104,0.5258302688598633,0.8558558821678162,0.07717717438936234
YDR072C,YOL108C,0,1.2014391,0.5253456234931946,0.8558558821678162,0.07732732594013214
YJL172W,YJR083C,0,1.1960232,0.5248618721961975,0.8558558821678162,0.07747747749090195
YDL029W,YHR209W,0,1.1953344,0.5243790149688721,0.8558558821678162,0.07762762904167175
YDR512C,YJR028W,0,1.1951063,0.5238970518112183,0.8558558821678162,0.07777778059244156
YLR182W,YGL163C,0,1.1931758,0.5234159827232361,0.8558558821678162,0.07792792469263077
YNL261W,YNL231C,0,1.1889817,0.5229358077049255,0.8558558821678162,0.07807807624340057
YOR317W,YEL070W,0,1.1871518,0.5224564671516418,0.8558558821678162,0.07822822779417038
YCR057C,YDR240C,0,1.1832497,0.5219780206680298,0.8558558821678162,0.07837837934494019
YPL150W,YDR083W,0,1.1803969,0.5215004682540894,0.8558558821678162,0.07852853089570999
YER050C,YLR191W,0,1.1716433,0.5210237503051758,0.8558558821678162,0.0786786749958992
YER098W,YMR061W,0,1.1604619,0.5205479264259338,0.8558558821678162,0.078828826546669
YGL203C,YBR145W,0,1.158498,0.5200729966163635,0.8558558821678162,0.07897897809743881
YOR349W,YOR351C,0,1.157388,0.5195989012718201,0.8558558821678162,0.07912912964820862
YLR028C,YBR129C,0,1.1569829,0.5191256999969482,0.8558558821678162,0.07927928119897842
YLL029W,YLR165C,0,1.1558225,0.5186533331871033,0.8558558821678162,0.07942943274974823
YOL145C,YNL284C,0,1.1554283,0.5181818008422852,0.8558558821678162,0.07957957684993744
YOR324C,YDR444W,0,1.1537094,0.5177111625671387,0.8558558821678162,0.07972972840070724
YLR291C,YIL083C,0,1.1532233,0.517241358757019,0.8558558821678162,0.07987987995147705
YAL051W,YGL153W,1,1.1500007,0.5176790356636047,0.857357382774353,0.07987987995147705
YKR020W,YOR355W,0,1.1486862,0.5172101259231567,0.857357382774353,0.08003003150224686
YJL134W,YBR222C,0,1.1455703,0.5167421102523804,0.857357382774353,0.08018018305301666
YEL037C,YOR382W,0,1.145431,0.5162748694419861,0.857357382774353,0.08033032715320587
YPL113C,YAL040C,0,1.1436098,0.5158084630966187,0.857357382774353,0.08048047870397568
YMR218C,YML030W,0,1.1368725,0.5153429508209229,0.857357382774353,0.08063063025474548
YDR410C,YOR194C,0,1.1346598,0.5148782730102539,0.857357382774353,0.08078078180551529
YMR136W,YKR028W,0,1.1344179,0.5144144296646118,0.857357382774353,0.0809309333562851
YNL127W,YJR051W,0,1.1340013,0.5139514207839966,0.857357382774353,0.0810810774564743
YOR304C-A,YNL335W,0,1.1327112,0.5134891867637634,0.857357382774353,0.08123122900724411
YGL236C,YER052C,0,1.1296426,0.5130278468132019,0.857357382774353,0.08138138055801392
YJL005W,YOR298W,0,1.1284804,0.5125673413276672,0.857357382774353,0.08153153210878372
YGR216C,YIR039C,0,1.1276546,0.5121076107025146,0.857357382774353,0.08168168365955353
YGL226C-A,YFR052W,0,1.1257577,0.5116487741470337,0.857357382774353,0.08183183521032333
YJR078W,YHR135C,0,1.124717,0.5111907124519348,0.857357382774353,0.08198197931051254
YJL114W,YGL162W,0,1.1241016,0.510733425617218,0.857357382774353,0.08213213086128235
YJR119C,YLR163C,0,1.1209838,0.5102770328521729,0.857357382774353,0.08228228241205215
YBR095C,YPR127W,0,1.1195633,0.5098214149475098,0.857357382774353,0.08243243396282196
YGL115W,YDR265W,1,1.1180291,0.510258674621582,0.8588588833808899,0.08243243396282196
YKL041W,YDR174W,0,1.1172554,0.5098039507865906,0.8588588833808899,0.08258258551359177
YKL190W,YJR005W,0,1.1165979,0.5093499422073364,0.8588588833808899,0.08273272961378098
YGL062W,YJR101W,0,1.1145647,0.5088967680931091,0.8588588833808899,0.08288288116455078
YGR020C,YAL039C,0,1.1103365,0.5084444284439087,0.8588588833808899,0.08303303271532059
YGR113W,YHL027W,0,1.1097965,0.5079929232597351,0.8588588833808899,0.0831831842660904
YOR363C,YDR265W,1,1.1041462,0.5084294676780701,0.8603603839874268,0.0831831842660904
YAL060W,YBR096W,0,1.1040902,0.5079787373542786,0.8603603839874268,0.0833333358168602
YKR103W,YBL005W-B,0,1.10289,0.5075287818908691,0.8603603839874268,0.08348347991704941
YER050C,YPR111W,0,1.1028776,0.5070796608924866,0.8603603839874268,0.08363363146781921
YCL024W,YGL190C,0,1.1006353,0.5066313147544861,0.8603603839874268,0.08378378301858902
YGL225W,YMR137C,0,1.0931726,0.5061837434768677,0.8603603839874268,0.08393393456935883
YDR137W,YMR172W,0,1.0911379,0.5057370066642761,0.8603603839874268,0.08408408612012863
YOR388C,YGL060W,0,1.0897021,0.5052909851074219,0.8603603839874268,0.08423423767089844
YCL074W,YGR177C,0,1.088779,0.5048457980155945,0.8603603839874268,0.08438438177108765
YML036W,YGR134W,0,1.0834849,0.5044013857841492,0.8603603839874268,0.08453453332185745
YDR146C,YIL080W,0,1.081173,0.5039578080177307,0.8603603839874268,0.08468468487262726
YDR383C,YOR106W,0,1.0806935,0.5035149455070496,0.8603603839874268,0.08483483642339706
YGR281W,YJL200C,0,1.0790174,0.5030728578567505,0.8603603839874268,0.08498498797416687
YMR046C,YJR031C,0,1.07709,0.5026316046714783,0.8603603839874268,0.08513513207435608
YOR291W,YJL206C,0,1.0751538,0.5021910667419434,0.8603603839874268,0.08528528362512589
YIL108W,YOL102C,0,1.0749927,0.5017513036727905,0.8603603839874268,0.08543543517589569
YML039W,YML132W,0,1.0733589,0.5013123154640198,0.8603603839874268,0.0855855867266655
YCL074W,YOR283W,0,1.0727848,0.5008741021156311,0.8603603839874268,0.0857357382774353
YKL171W,YPL027W,0,1.0714954,0.5004366636276245,0.8603603839874268,0.08588588237762451
YER138C,YBR037C,0,1.0704119,0.5,0.8603603839874268,0.08603603392839432
YGR077C,YHR160C,1,1.0685375,0.5004359483718872,0.8618618845939636,0.08603603392839432
YNL202W,YJR063W,0,1.0630779,0.5,0.8618618845939636,0.08618618547916412
YDR030C,YGR010W,0,1.0623915,0.4995648264884949,0.8618618845939636,0.08633633702993393
YMR284W,YDR337W,0,1.0618849,0.4991304278373718,0.8618618845939636,0.08648648858070374
YLR394W,YOR038C,0,1.0618237,0.49869677424430847,0.8618618845939636,0.08663664013147354
YGL094C,YER138C,0,1.0605913,0.4982638955116272,0.8618618845939636,0.08678678423166275
YOR363C,YDR142C,1,1.056236,0.49869903922080994,0.8633633852005005,0.08678678423166275
YJR004C,YNL080C,0,1.0551736,0.49826690554618835,0.8633633852005005,0.08693693578243256
YOR071C,YGL256W,0,1.0535834,0.4978354871273041,0.8633633852005005,0.08708708733320236
YNR004W,YGL060W,0,1.0533581,0.4974048435688019,0.8633633852005005,0.08723723888397217
YIR004W,YPL112C,1,1.0518521,0.4978392422199249,0.8648648858070374,0.08723723888397217
YBR129C,YCL034W,0,1.0503778,0.49740931391716003,0.8648648858070374,0.08738739043474197
YFR021W,YHR008C,0,1.0493398,0.4969801604747772,0.8648648858070374,0.08753753453493118
YOL102C,YJL029C,0,1.0479598,0.4965517222881317,0.8648648858070374,0.08768768608570099
YFR029W,YOR216C,0,1.0456789,0.4961240291595459,0.8648648858070374,0.0878378376364708
YDL197C,YDR207C,0,1.045266,0.4956970810890198,0.8648648858070374,0.0879879891872406
YGL200C,YPL196W,0,1.0445327,0.49527084827423096,0.8648648858070374,0.0881381407380104
YBR260C,YGR112W,0,1.043991,0.49484536051750183,0.8648648858070374,0.08828828483819962
YOR291W,YIR011C,0,1.0426006,0.49442058801651,0.8648648858070374,0.08843843638896942
YDL065C,YGL115W,1,1.0409939,0.494854211807251,0.8663663864135742,0.08843843638896942
YHR160C,YOR084W,1,1.0397583,0.49528706073760986,0.8678678870201111,0.08843843638896942
YNL153C,YGL094C,0,1.0361967,0.49486300349235535,0.8678678870201111,0.08858858793973923
YDR059C,YDR222W,0,1.0328176,0.4944396913051605,0.8678678870201111,0.08873873949050903
YDL015C,YDR410C,0,1.0316608,0.494017094373703,0.8678678870201111,0.08888889104127884
YJR138W,YFL057C,0,1.0252378,0.4935952126979828,0.8678678870201111,0.08903904259204865
YOR159C,YIL080W,0,1.0226233,0.49317407608032227,0.8678678870201111,0.08918918669223785
YOR291W,YDR262W,0,1.0205133,0.49275362491607666,0.8678678870201111,0.08933933824300766
YPR159W,YCR002C,0,1.0199528,0.49233388900756836,0.8678678870201111,0.08948948979377747
YNR044W,YMR115W,0,1.019816,0.49191489815711975,0.8678678870201111,0.08963964134454727
YOL129W,YPL150W,0,1.0190161,0.49149659276008606,0.8678678870201111,0.08978979289531708
YOR232W,YOR393W,0,1.0187865,0.4910790026187897,0.8678678870201111,0.08993993699550629
YGL225W,YPL129W,0,1.0175582,0.4906621277332306,0.8678678870201111,0.09009008854627609
YCR030C,YLR024C,0,1.0171618,0.4902459681034088,0.8678678870201111,0.0902402400970459
YJR138W,YMR227C,0,1.01699,0.48983049392700195,0.8678678870201111,0.0903903916478157
YCR052W,YBR243C,0,1.0169469,0.4894157350063324,0.8678678870201111,0.09054054319858551
YBR183W,YOL062C,0,1.0139854,0.48900169134140015,0.8678678870201111,0.09069068729877472
YPL110C,YHR059W,0,1.0107129,0.4885883331298828,0.8678678870201111,0.09084083884954453
YER013W,YKR020W,0,1.0053921,0.4881756901741028,0.8678678870201111,0.09099099040031433
YBL005W-B,YCR011C,0,1.0034813,0.4877637028694153,0.8678678870201111,0.09114114195108414
YER087W,YLR163C,0,1.0032457,0.4873524308204651,0.8678678870201111,0.09129129350185394
YLR425W,YMR179W,0,1.0024525,0.4869418740272522,0.8678678870201111,0.09144144505262375
YOR377W,YDR173C,0,1.0009043,0.48653197288513184,0.8678678870201111,0.09159158915281296
YLR113W,YBR230C,0,1.0001633,0.4861227869987488,0.8678678870201111,0.09174174070358276
YGR089W,YML039W,0,0.99978936,0.48571428656578064,0.8678678870201111,0.09189189225435257
YBR172C,YGR084C,0,0.99720836,0.4853064715862274,0.8678678870201111,0.09204204380512238
YKL020C,YDR476C,0,0.99672794,0.4848993420600891,0.8678678870201111,0.09219219535589218
YCR014C,YDL070W,0,0.9949863,0.48449286818504333,0.8678678870201111,0.09234233945608139
YPR189W,YDR205W,0,0.9935336,0.48408710956573486,0.8678678870201111,0.0924924910068512
YLR285W,YOR219C,0,0.9893701,0.4836820065975189,0.8678678870201111,0.092642642557621
YLR395C,YDL070W,0,0.98515844,0.4832775890827179,0.8678678870201111,0.09279279410839081
YDL065C,YAL051W,1,0.9842197,0.48370927572250366,0.869369387626648,0.09279279410839081
YMR005W,YAL039C,0,0.9821224,0.48330551385879517,0.869369387626648,0.09294294565916061
YGR085C,YNR002C,0,0.9809246,0.4829024076461792,0.869369387626648,0.09309308975934982
YNL127W,YJR127C,0,0.9774411,0.48249998688697815,0.869369387626648,0.09324324131011963
YMR077C,YPL273W,0,0.9761121,0.482098251581192,0.869369387626648,0.09339339286088943
YLR244C,YBL089W,0,0.97543514,0.4816971719264984,0.869369387626648,0.09354354441165924
YEL053C,YNL239W,0,0.9731468,0.48129674792289734,0.869369387626648,0.09369369596242905
YJL155C,YGL004C,0,0.970518,0.4808970093727112,0.869369387626648,0.09384384751319885
YJL155C,YPL065W,0,0.97045684,0.48049792647361755,0.869369387626648,0.09399399161338806
YDR142C,YPL112C,1,0.9703456,0.4809286892414093,0.8708708882331848,0.09399399161338806
YDL065C,YDR142C,1,0.96857667,0.48135873675346375,0.8723723888397217,0.09399399161338806
YJR083C,YNL192W,0,0.9678867,0.48096027970314026,0.8723723888397217,0.09414414316415787
YDR389W,YJR053W,0,0.96431565,0.4805624485015869,0.8723723888397217,0.09429429471492767
YER151C,YGL180W,0,0.96393037,0.4801653027534485,0.8723723888397217,0.09444444626569748
YDL024C,YNR013C,0,0.9613513,0.4797687828540802,0.8723723888397217,0.09459459781646729
YOR324C,YKL067W,0,0.95994616,0.47937294840812683,0.8723723888397217,0.0947447419166565
YLL029W,YLR203C,0,0.95865357,0.4789777398109436,0.8723723888397217,0.0948948934674263
YGL200C,YBL068W,0,0.9571191,0.4785831868648529,0.8723723888397217,0.0950450450181961
YCR052W,YPR125W,0,0.956928,0.47818928956985474,0.8723723888397217,0.09519519656896591
YDR530C,YDR076W,0,0.9552673,0.4777960479259491,0.8723723888397217,0.09534534811973572
YJL005W,YBL113C,0,0.9532876,0.477403461933136,0.8723723888397217,0.09549549221992493
YPR194C,YNL010W,0,0.95312214,0.477011501789093,0.8723723888397217,0.09564564377069473
YAR027W,YFL001W,0,0.95108366,0.4766201674938202,0.8723723888397217,0.09579579532146454
YMR013C,YLR145W,0,0.9490206,0.4762295186519623,0.8723723888397217,0.09594594687223434
YOL066C,YNL208W,0,0.94790745,0.4758394658565521,0.8723723888397217,0.09609609842300415
YJR005W,YMR046C,0,0.9479053,0.4754500687122345,0.8723723888397217,0.09624624252319336
YOL165C,YMR112C,0,0.9478512,0.4750613272190094,0.8723723888397217,0.09639639407396317
YBL058W,YOR142W,0,0.9477551,0.47467321157455444,0.8723723888397217,0.09654654562473297
YGR085C,YKL096W-A,0,0.94704807,0.47428572177886963,0.8723723888397217,0.09669669717550278
YHR211W,YHR004C,0,0.9425305,0.47389885783195496,0.8723723888397217,0.09684684872627258
YOR326W,YAL051W,1,0.94246316,0.47432762384414673,0.8738738894462585,0.09684684872627258
YPL147W,YLL055W,0,0.93822694,0.4739413559436798,0.8738738894462585,0.09699700027704239
YIL139C,YDR262W,0,0.9372264,0.4735557436943054,0.8738738894462585,0.0971471443772316
YDR137W,YDR453C,0,0.93632865,0.4731707274913788,0.8738738894462585,0.0972972959280014
YDL065C,YGR133W,1,0.9350594,0.4735986888408661,0.8753753900527954,0.0972972959280014
YML006C,YOR222W,0,0.9330729,0.4732142984867096,0.8753753900527954,0.09744744747877121
YOL057W,YDR392W,0,0.9328234,0.47283050417900085,0.8753753900527954,0.09759759902954102
YDR263C,YKL074C,0,0.9318478,0.47244733572006226,0.8753753900527954,0.09774775058031082
YDR216W,YPL112C,1,0.9297528,0.4728744924068451,0.8768768906593323,0.09774775058031082
YOR194C,YNL219C,0,0.92810225,0.47249191999435425,0.8768768906593323,0.09789789468050003
YNL297C,YLR429W,0,0.92772603,0.47210994362831116,0.8768768906593323,0.09804804623126984
YIL134W,YJL141C,0,0.92724407,0.4717285931110382,0.8768768906593323,0.09819819778203964
YNL153C,YJR149W,0,0.92640066,0.4713478684425354,0.8768768906593323,0.09834834933280945
YHR214C-B,YJR133W,0,0.92506635,0.47096773982048035,0.8768768906593323,0.09849850088357925
YOR212W,YBR052C,0,0.92408454,0.47058823704719543,0.8768768906593323,0.09864864498376846
YGR056W,YJL149W,0,0.92157555,0.4702093303203583,0.8768768906593323,0.09879879653453827
YNR006W,YNL219C,0,0.9189513,0.46983104944229126,0.8768768906593323,0.09894894808530807
YDR254W,YBL079W,0,0.9178827,0.469453364610672,0.8768768906593323,0.09909909963607788
YPL150W,YPR138C,0,0.9167657,0.4690763056278229,0.8768768906593323,0.09924925118684769
YBL034C,YML039W,0,0.91541886,0.4686998426914215,0.8768768906593323,0.09939940273761749
YHR012W,YMR020W,0,0.9141958,0.4683239758014679,0.8768768906593323,0.0995495468378067
YOL129W,YHR174W,0,0.911896,0.46794870495796204,0.8768768906593323,0.09969969838857651
YOR388C,YBL112C,0,0.91148734,0.4675740599632263,0.8768768906593323,0.09984984993934631
YIR004W,YOR326W,1,0.91095567,0.46799999475479126,0.8783783912658691,0.09984984993934631
YHR160C,YOL147C,1,0.9092808,0.46842527389526367,0.879879891872406,0.09984984993934631
YBL089W,YNL078W,0,0.9084468,0.46805110573768616,0.879879891872406,0.10000000149011612
YNL131W,YPR204W,0,0.90669477,0.4676775634288788,0.879879891872406,0.10015015304088593
YDL215C,YMR159C,0,0.90464985,0.46730461716651917,0.879879891872406,0.10030029714107513
YGR144W,YLL003W,0,0.90430176,0.4669322669506073,0.879879891872406,0.10045044869184494
YGL158W,YER138C,0,0.8999634,0.4665605127811432,0.879879891872406,0.10060060024261475
YOR292C,YDL208W,0,0.8996707,0.46618932485580444,0.879879891872406,0.10075075179338455
YOL082W,YKR102W,0,0.8987763,0.46581876277923584,0.879879891872406,0.10090090334415436
YOL165C,YLR042C,0,0.89748526,0.4654487669467926,0.879879891872406,0.10105104744434357
YBR287W,YNL121C,0,0.8944032,0.4650793671607971,0.879879891872406,0.10120119899511337
YKL103C,YNL259C,0,0.89187884,0.464710533618927,0.879879891872406,0.10135135054588318
YPL110C,YJL192C,0,0.8867903,0.464342325925827,0.879879891872406,0.10150150209665298
YOR363C,YAL051W,1,0.88614213,0.4647664427757263,0.8813813924789429,0.10150150209665298
YOL101C,YPL027W,0,0.8860085,0.46439874172210693,0.8813813924789429,0.10165165364742279
YJR028W,YCL032W,0,0.8848448,0.4640316069126129,0.8813813924789429,0.1018018051981926
YGR238C,YIL021W,0,0.88043,0.46366509795188904,0.8813813924789429,0.1019519492983818
YPR026W,YBR202W,0,0.8800943,0.46329912543296814,0.8813813924789429,0.10210210084915161
YOR301W,YER150W,0,0.88008595,0.462933748960495,0.8813813924789429,0.10225225239992142
YKR028W,YOR162C,0,0.8751347,0.4625689387321472,0.8813813924789429,0.10240240395069122
YPL274W,YGR239C,0,0.87264967,0.4622047245502472,0.8813813924789429,0.10255255550146103
YPR198W,YHR168W,0,0.8721144,0.46184107661247253,0.8813813924789429,0.10270269960165024
YKL093W,YLR228C,0,0.8709271,0.46147799491882324,0.8813813924789429,0.10285285115242004
YPR026W,YLR047C,0,0.8683231,0.4611154794692993,0.8813813924789429,0.10300300270318985
YOR084W,YPL112C,1,0.867506,0.4615384638309479,0.8828828930854797,0.10300300270318985
YFL038C,YOR148C,0,0.8657993,0.46117648482322693,0.8828828930854797,0.10315315425395966
YNL202W,YMR179W,0,0.86461675,0.46081504225730896,0.8828828930854797,0.10330330580472946
YLR080W,YPR135W,0,0.8644688,0.46045419573783875,0.8828828930854797,0.10345344990491867
YJL024C,YOL101C,0,0.8636799,0.4600938856601715,0.8828828930854797,0.10360360145568848
YDR216W,YLR191W,1,0.8629321,0.4605160355567932,0.8843843936920166,0.10360360145568848
YJR083C,YLR348C,0,0.86070204,0.46015626192092896,0.8843843936920166,0.10375375300645828
YJR107W,YGR225W,0,0.85929275,0.4597970247268677,0.8843843936920166,0.10390390455722809
YDR172W,YIL094C,0,0.8558266,0.45943838357925415,0.8843843936920166,0.1040540561079979
YMR008C,YOL102C,0,0.85423195,0.4590802788734436,0.8843843936920166,0.1042042076587677
YGL083W,YEL012W,0,0.8519101,0.4587227404117584,0.8843843936920166,0.10435435175895691
YJL024C,YJR063W,0,0.85148185,0.4583657681941986,0.8843843936920166,0.10450450330972672
YKR066C,YDL078C,0,0.8510988,0.4580093324184418,0.8843843936920166,0.10465465486049652
YNL304W,YBR026C,0,0.8499274,0.4576534628868103,0.8843843936920166,0.10480480641126633
YER175C,YPR152C,0,0.84683156,0.4572981297969818,0.8843843936920166,0.10495495796203613
YPR035W,YLR301W,0,0.84549725,0.4569433629512787,0.8843843936920166,0.10510510206222534
YDR030C,YJR127C,0,0.84173435,0.45658913254737854,0.8843843936920166,0.10525525361299515
YMR025W,YKL144C,0,0.841462,0.45623546838760376,0.8843843936920166,0.10540540516376495
YGR077C,YER087W,0,0.84069145,0.45588234066963196,0.8843843936920166,0.10555555671453476
YLR208W,YPL087W,0,0.838688,0.4555297791957855,0.8843843936920166,0.10570570826530457
YHR004C,YAR035W,0,0.83670115,0.45517775416374207,0.8843843936920166,0.10585585236549377
YER013W,YLR028C,0,0.832296,0.4548262655735016,0.8843843936920166,0.10600600391626358
YAL016W,YOL151W,0,0.8309399,0.4544753134250641,0.8843843936920166,0.10615615546703339
YAL051W,YGR004W,1,0.8300568,0.45489591360092163,0.8858858942985535,0.10615615546703339
YOL082W,YKR069W,0,0.82950985,0.4545454680919647,0.8858858942985535,0.10630630701780319
YLL004W,YDR410C,0,0.8278717,0.4541955292224884,0.8858858942985535,0.106456458568573
YGR032W,YLR301W,0,0.8264675,0.45384615659713745,0.8858858942985535,0.1066066101193428
YOR291W,YEL012W,0,0.8233612,0.4534973204135895,0.8858858942985535,0.10675675421953201
YKR036C,YBR243C,0,0.823088,0.4531489908695221,0.8858858942985535,0.10690690577030182
YBR125C,YLR020C,0,0.822508,0.4528012275695801,0.8858858942985535,0.10705705732107162
YOR216C,YJR026W,0,0.82133234,0.45245400071144104,0.8858858942985535,0.10720720887184143
YDR499W,YMR065W,0,0.82013685,0.4521072804927826,0.8858858942985535,0.10735736042261124
YLR113W,YPR119W,0,0.8199903,0.4517610967159271,0.8858858942985535,0.10750750452280045
YPR083W,YML039W,0,0.81900746,0.45141544938087463,0.8858858942985535,0.10765765607357025
YJR103W,YOR285W,0,0.8174187,0.4510703384876251,0.8858858942985535,0.10780780762434006
YMR315W,YPL151C,0,0.81705415,0.4507257342338562,0.8858858942985535,0.10795795917510986
YPL240C,YKL001C,0,0.8156618,0.45038166642189026,0.8858858942985535,0.10810811072587967
YML036W,YDR262W,0,0.81345344,0.4500381350517273,0.8858858942985535,0.10825825482606888
YDR067C,YLR153C,0,0.8126429,0.4496951103210449,0.8858858942985535,0.10840840637683868
YKL093W,YJL053W,0,0.81190866,0.4493526220321655,0.8858858942985535,0.10855855792760849
YCR011C,YLR145W,0,0.8102568,0.4490106403827667,0.8858858942985535,0.1087087094783783
YKL190W,YGR012W,0,0.8084068,0.4486691951751709,0.8858858942985535,0.1088588610291481
YNR074C,YOR299W,0,0.80504405,0.44832825660705566,0.8858858942985535,0.10900901257991791
YJL178C,YGL233W,0,0.80095,0.4479878544807434,0.8858858942985535,0.10915915668010712
YBR182C,YDL216C,0,0.7986419,0.44764795899391174,0.8858858942985535,0.10930930823087692
YLL040C,YDL077C,0,0.79672605,0.44730857014656067,0.8858858942985535,0.10945945978164673
YJL114W,YGR180C,0,0.7949257,0.4469696879386902,0.8858858942985535,0.10960961133241653
YGL236C,YGR246C,0,0.7940848,0.4466313421726227,0.8858858942985535,0.10975976288318634
YPR035W,YNL284C,0,0.79398894,0.44629350304603577,0.8858858942985535,0.10990990698337555
YMR169C,YGL186C,0,0.7921295,0.44595617055892944,0.8858858942985535,0.11006005853414536
YOR324C,YMR210W,0,0.7920511,0.4456193447113037,0.8858858942985535,0.11021021008491516
YLR219W,YPL065W,0,0.78991026,0.44528302550315857,0.8858858942985535,0.11036036163568497
YHR029C,YKL165C,0,0.78789526,0.444947212934494,0.8858858942985535,0.11051051318645477
YHR214C-B,YGL113W,0,0.7871291,0.44461190700531006,0.8858858942985535,0.11066065728664398
YDR373W,YDR062W,0,0.7867206,0.4442771077156067,0.8858858942985535,0.11081080883741379
YGR145W,YMR075W,0,0.78652245,0.4439428150653839,0.8858858942985535,0.1109609603881836
YAL060W,YDR254W,0,0.783862,0.4436090290546417,0.8858858942985535,0.1111111119389534
YDL024C,YHR168W,0,0.7831185,0.44327571988105774,0.8858858942985535,0.1112612634897232
YDL121C,YHR082C,0,0.7824436,0.44294294714927673,0.8858858942985535,0.11141141504049301
YDR067C,YGL212W,0,0.7809638,0.44261065125465393,0.8858858942985535,0.11156155914068222
YGL060W,YOR285W,0,0.77988136,0.4422788619995117,0.8858858942985535,0.11171171069145203
YMR008C,YDR131C,0,0.7792666,0.4419475793838501,0.8858858942985535,0.11186186224222183
YDR285W,YML132W,0,0.7781688,0.4416167736053467,0.8858858942985535,0.11201201379299164
YER101C,YDR527W,0,0.7745897,0.44128647446632385,0.8858858942985535,0.11216216534376144
YIL080W,YKL144C,0,0.7724209,0.44095665216445923,0.8858858942985535,0.11231230944395065
YMR013C,YPR035W,0,0.77142584,0.4406273365020752,0.8858858942985535,0.11246246099472046
YOL045W,YML030W,0,0.77063143,0.44029849767684937,0.8858858942985535,0.11261261254549026
YNL127W,YGR145W,0,0.76817185,0.4399701654911041,0.8858858942985535,0.11276276409626007
YEL062W,YOR313C,0,0.7671801,0.4396423101425171,0.8858858942985535,0.11291291564702988
YMR090W,YDR207C,0,0.765967,0.43931496143341064,0.8858858942985535,0.11306305974721909
YDL142C,YCL004W,0,0.7645216,0.4389880895614624,0.8858858942985535,0.11321321129798889
YLR151C,YMR075W,0,0.7644745,0.43866172432899475,0.8858858942985535,0.1133633628487587
YJL214W,YDR404C,0,0.7616866,0.4383358061313629,0.8858858942985535,0.1135135143995285
YLR224W,YJL095W,0,0.7615217,0.43801039457321167,0.8858858942985535,0.11366366595029831
YEL022W,YIR039C,0,0.75978893,0.43768545985221863,0.8858858942985535,0.11381381750106812
YJL103C,YGR072W,0,0.7591491,0.4373610019683838,0.8858858942985535,0.11396396160125732
YPL196W,YPR119W,0,0.7584535,0.43703705072402954,0.8858858942985535,0.11411411315202713
YOL045W,YOL093W,0,0.7579615,0.4367135465145111,0.8858858942985535,0.11426426470279694
YKL168C,YDR470C,0,0.7575652,0.4363905191421509,0.8858858942985535,0.11441441625356674
YNL236W,YOL062C,0,0.75620586,0.43606799840927124,0.8858858942985535,0.11456456780433655
YOR291W,YML049C,0,0.7552323,0.4357459247112274,0.8858858942985535,0.11471471190452576
YHR005C-A,YCR057C,0,0.7550036,0.4354243576526642,0.8858858942985535,0.11486486345529556
YDR383C,YJR140C,0,0.7540312,0.43510323762893677,0.8858858942985535,0.11501501500606537
YGR036C,YCL032W,0,0.7538643,0.43478259444236755,0.8858858942985535,0.11516516655683517
YHR214C-B,YPL147W,0,0.75263166,0.43446245789527893,0.8858858942985535,0.11531531810760498
YGR271W,YFR052W,0,0.7510865,0.43414273858070374,0.8858858942985535,0.11546546220779419
YDR449C,YNL274C,0,0.7491243,0.43382352590560913,0.8858858942985535,0.115615613758564
YOL044W,YPL112C,1,0.74749243,0.43423953652381897,0.8873873949050903,0.115615613758564
YDL065C,YLR191W,1,0.7454451,0.43465492129325867,0.8888888955116272,0.115615613758564
YHR174W,YOL062C,0,0.7446079,0.4343360364437103,0.8888888955116272,0.1157657653093338
YOL165C,YLL004W,0,0.7437983,0.4340175986289978,0.8888888955116272,0.11591591686010361
YNL172W,YJL004C,0,0.7420491,0.4336996376514435,0.8888888955116272,0.11606606841087341
YKL203C,YML109W,0,0.7408357,0.433382123708725,0.8888888955116272,0.11621621251106262
YLR165C,YPR198W,0,0.7392682,0.43306511640548706,0.8888888955116272,0.11636636406183243
YIL080W,YOR025W,0,0.73627985,0.4327485263347626,0.8888888955116272,0.11651651561260223
YGL236C,YDR410C,0,0.73627645,0.4324324429035187,0.8888888955116272,0.11666666716337204
YMR054W,YLR389C,0,0.7350441,0.4321167767047882,0.8888888955116272,0.11681681871414185
YBR080C,YER046W,0,0.73108876,0.43180161714553833,0.8888888955116272,0.11696697026491165
YPR189W,YER017C,0,0.7304629,0.4314868748188019,0.8888888955116272,0.11711711436510086
YPR194C,YER138C,0,0.7292795,0.43117260932922363,0.8888888955116272,0.11726726591587067
YJR040W,YOR351C,0,0.72819126,0.4308588206768036,0.8888888955116272,0.11741741746664047
YDR030C,YCL008C,0,0.7278761,0.430545449256897,0.8888888955116272,0.11756756901741028
YCL024W,YOL043C,0,0.7272582,0.43023255467414856,0.8888888955116272,0.11771772056818008
YER050C,YIL095W,0,0.7270912,0.42992010712623596,0.8888888955116272,0.1178678646683693
YJR151C,YKL172W,0,0.7267514,0.42960813641548157,0.8888888955116272,0.1180180162191391
YBR128C,YOR324C,0,0.72614956,0.4292965829372406,0.8888888955116272,0.1181681677699089
YIL006W,YMR304W,0,0.7258949,0.42898550629615784,0.8888888955116272,0.11831831932067871
YPR189W,YMR013C,0,0.72564125,0.4286748766899109,0.8888888955116272,0.11846847087144852
YBR182C,YPL273W,0,0.72369045,0.42836469411849976,0.8888888955116272,0.11861861497163773
YMR300C,YMR250W,0,0.7226223,0.42805495858192444,0.8888888955116272,0.11876876652240753
YPR083W,YJL128C,0,0.7185417,0.42774567008018494,0.8888888955116272,0.11891891807317734
YKL064W,YJR053W,0,0.7150518,0.42743682861328125,0.8888888955116272,0.11906906962394714
YGR288W,YNL267W,0,0.7148994,0.4271284341812134,0.8888888955116272,0.11921922117471695
YIL135C,YGL212W,0,0.7123163,0.4268204867839813,0.8888888955116272,0.11936937272548676
YNR057C,YMR115W,0,0.712115,0.4265129566192627,0.8888888955116272,0.11951951682567596
YIL080W,YKR044W,0,0.7119758,0.42620590329170227,0.8888888955116272,0.11966966837644577
YGR077C,YJL210W,1,0.71132386,0.42661869525909424,0.8903903961181641,0.11966966837644577
YPR167C,YDL107W,0,0.71102846,0.42631199955940247,0.8903903961181641,0.11981981992721558
YHL034C,YHR082C,0,0.7088753,0.4260057508945465,0.8903903961181641,0.11996997147798538
YOL145C,YDR079W,0,0.7088306,0.425699919462204,0.8903903961181641,0.12012012302875519
YAL051W,YDR244W,1,0.7081931,0.4261119067668915,0.8918918967247009,0.12012012302875519
YPL027W,YHR168W,0,0.7075156,0.42580646276474,0.8918918967247009,0.1202702671289444
YJL030W,YER162C,0,0.70641917,0.42550143599510193,0.8918918967247009,0.1204204186797142
YDL179W,YCL057W,0,0.704013,0.4251968562602997,0.8918918967247009,0.12057057023048401
YBR125C,YER002W,0,0.70288074,0.42489269375801086,0.8918918967247009,0.12072072178125381
YJL103C,YJL128C,0,0.6989384,0.42458897829055786,0.8918918967247009,0.12087087333202362
YHR214C-B,YNR002C,0,0.698626,0.4242857098579407,0.8918918967247009,0.12102101743221283
YDR371W,YLR160C,0,0.6973425,0.4239828586578369,0.8918918967247009,0.12117116898298264
YMR025W,YIL159W,0,0.6962179,0.42368045449256897,0.8918918967247009,0.12132132053375244
YMR218C,YBR120C,0,0.69388187,0.42337846755981445,0.8918918967247009,0.12147147208452225
YOL158C,YNL307C,0,0.6910287,0.42307692766189575,0.8918918967247009,0.12162162363529205
YDL206W,YJR083C,0,0.69013166,0.4227758049964905,0.8918918967247009,0.12177177518606186
YLR157C,YPL050C,0,0.6892515,0.42247509956359863,0.8918918967247009,0.12192191928625107
YOL145C,YIR032C,0,0.6873165,0.4221748411655426,0.8918918967247009,0.12207207083702087
YEL012W,YDR499W,0,0.68572164,0.421875,0.8918918967247009,0.12222222238779068
YBR020W,YBR026C,0,0.6856308,0.4215755760669708,0.8918918967247009,0.12237237393856049
YAR035W,YCR026C,0,0.6806437,0.42127659916877747,0.8918918967247009,0.12252252548933029
YJR034W,YOR353C,0,0.67845047,0.42097803950309753,0.8918918967247009,0.1226726695895195
YHR209W,YBR238C,0,0.6769651,0.42067989706993103,0.8918918967247009,0.1228228211402893
YEL069C,YAL054C,0,0.67469025,0.42038217186927795,0.8918918967247009,0.12297297269105911
YKR071C,YFR031C,0,0.6705555,0.4200848639011383,0.8918918967247009,0.12312312424182892
YGR027C,YCR012W,0,0.66995025,0.4197879731655121,0.8918918967247009,0.12327327579259872
YBR274W,YKL022C,0,0.66478825,0.4194915294647217,0.8918918967247009,0.12342341989278793
YAL060W,YMR273C,0,0.6644145,0.4191954731941223,0.8918918967247009,0.12357357144355774
YDL070W,YGL004C,0,0.66412115,0.41889986395835876,0.8918918967247009,0.12372372299432755
YGL050W,YMR065W,0,0.6640096,0.41860464215278625,0.8918918967247009,0.12387387454509735
YHR119W,YJR130C,0,0.6625078,0.41830986738204956,0.8918918967247009,0.12402402609586716
YPR194C,YKL013C,0,0.6611811,0.4180154800415039,0.8918918967247009,0.12417417764663696
YDL142C,YOR313C,0,0.65992326,0.4177215099334717,0.8918918967247009,0.12432432174682617
YPR072W,YJR034W,0,0.6566039,0.4174279570579529,0.8918918967247009,0.12447447329759598
YNL044W,YAR031W,0,0.6564797,0.4171348214149475,0.8918918967247009,0.12462462484836578
YMR159C,YJR133W,0,0.6553705,0.41684210300445557,0.8918918967247009,0.12477477639913559
YMR284W,YKL022C,0,0.65447915,0.41654980182647705,0.8918918967247009,0.1249249279499054
YJL172W,YDR494W,0,0.65379095,0.4162578880786896,0.8918918967247009,0.1250750720500946
YGR077C,YAL055W,1,0.6493138,0.4166666567325592,0.8933933973312378,0.1250750720500946
YIL095W,YFL014W,0,0.6485826,0.4163751006126404,0.8933933973312378,0.125225231051445
YOR363C,YHR160C,1,0.64788693,0.4167832136154175,0.8948948979377747,0.125225231051445
YLR088W,YLR348C,0,0.6460241,0.41649195551872253,0.8948948979377747,0.12537537515163422
YHR002W,YOR351C,0,0.64597267,0.416201114654541,0.8948948979377747,0.12552551925182343
YPR111W,YDR229W,0,0.6457898,0.4159106910228729,0.8948948979377747,0.12567567825317383
YPR072W,YOR353C,0,0.645342,0.4156206548213959,0.8948948979377747,0.12582582235336304
YKL090W,YCL024W,0,0.64503986,0.41533100605010986,0.8948948979377747,0.12597598135471344
YDL054C,YHR060W,0,0.6431812,0.4150417745113373,0.8948948979377747,0.12612612545490265
YDR030C,YLR268W,0,0.64123976,0.4147529602050781,0.8948948979377747,0.12627626955509186
YMR193W,YJL095W,0,0.6403752,0.41446453332901,0.8948948979377747,0.12642642855644226
YBR183W,YPL276W,0,0.63862926,0.4141765236854553,0.8948948979377747,0.12657657265663147
YNL138W,YMR296C,0,0.6363667,0.4138889014720917,0.8948948979377747,0.12672673165798187
YDL246C,YKR026C,0,0.6347036,0.41360166668891907,0.8948948979377747,0.12687687575817108
YIL142W,YJL172W,0,0.63457036,0.4133148491382599,0.8948948979377747,0.1270270198583603
YAL063C,YDL022W,0,0.6341722,0.41302841901779175,0.8948948979377747,0.1271771788597107
YBR006W,YOL112W,0,0.6327464,0.41274237632751465,0.8948948979377747,0.1273273229598999
YKL013C,YPL083C,0,0.6307993,0.412456750869751,0.8948948979377747,0.1274774819612503
YER137C-A,YBR031W,0,0.62945974,0.41217151284217834,0.8948948979377747,0.12762762606143951
YOR298W,YOR232W,0,0.629315,0.41188666224479675,0.8948948979377747,0.12777778506278992
YJL225C,YIL080W,0,0.629194,0.4116021990776062,0.8948948979377747,0.12792792916297913
YNL304W,YFR052W,0,0.6281315,0.4113181531429291,0.8948948979377747,0.12807807326316833
YOR310C,YBL005W-B,0,0.6271269,0.411034494638443,0.8948948979377747,0.12822823226451874
YAR002C-A,YKR044W,0,0.6268635,0.41075119376182556,0.8948948979377747,0.12837837636470795
YJR036C,YCL024W,0,0.625852,0.41046831011772156,0.8948948979377747,0.12852853536605835
YDR460W,YLR270W,0,0.62229854,0.4101858139038086,0.8948948979377747,0.12867867946624756
YAL060W,YDR451C,0,0.61972594,0.40990370512008667,0.8948948979377747,0.12882882356643677
YML071C,YCR012W,0,0.6191872,0.4096219837665558,0.8948948979377747,0.12897898256778717
YPR113W,YNL044W,0,0.6177499,0.40934064984321594,0.8948948979377747,0.12912912666797638
YLR344W,YPR006C,0,0.61755514,0.40905970335006714,0.8948948979377747,0.12927928566932678
YOR084W,YPL188W,0,0.61710227,0.4087791442871094,0.8948948979377747,0.129429429769516
YEL043W,YOR261C,0,0.617012,0.40849897265434265,0.8948948979377747,0.1295795738697052
YMR054W,YLR129W,0,0.6153197,0.40821918845176697,0.8948948979377747,0.1297297328710556
YOR212W,YBR177C,0,0.6149528,0.40793976187705994,0.8948948979377747,0.1298798769712448
YBR006W,YBR150C,0,0.6148664,0.40766075253486633,0.8948948979377747,0.13003003597259521
YLR020C,YOR377W,0,0.6128454,0.4073821008205414,0.8948948979377747,0.13018018007278442
YLR047C,YGL212W,0,0.6118647,0.40710383653640747,0.8948948979377747,0.13033032417297363
YDR351W,YKL126W,0,0.6098336,0.4068259298801422,0.8948948979377747,0.13048048317432404
YDR494W,YOL102C,0,0.60789645,0.4065484404563904,0.8948948979377747,0.13063062727451324
YDR351W,YLR395C,0,0.6042887,0.4062713086605072,0.8948948979377747,0.13078078627586365
YLR213C,YNL239W,0,0.6017684,0.40599456429481506,0.8948948979377747,0.13093093037605286
YDR030C,YDL111C,0,0.6016833,0.4057181775569916,0.8948948979377747,0.13108107447624207
YOR349W,YGR239C,0,0.5972546,0.40544217824935913,0.8948948979377747,0.13123123347759247
YBR271W,YNL238W,0,0.59570265,0.4051665663719177,0.8948948979377747,0.13138137757778168
YER138C,YKL186C,0,0.59253114,0.40489131212234497,0.8948948979377747,0.13153153657913208
YIR004W,YOL147C,1,0.5919173,0.40529531240463257,0.8963963985443115,0.13153153657913208
YLR165C,YJR133W,0,0.5908867,0.4050203561782837,0.8963963985443115,0.1316816806793213
YDR030C,YMR241W,0,0.5906908,0.40474575757980347,0.8963963985443115,0.1318318247795105
YOL070C,YML039W,0,0.5897546,0.4044715464115143,0.8963963985443115,0.1319819837808609
YBR072W,YJR063W,0,0.58829534,0.40419769287109375,0.8963963985443115,0.1321321278810501
YMR203W,YIR032C,0,0.5877811,0.40392422676086426,0.8963963985443115,0.1322822868824005
YGL083W,YMR034C,0,0.5857042,0.4036511182785034,0.8963963985443115,0.13243243098258972
YGL094C,YPL094C,0,0.5856669,0.40337836742401123,0.8963963985443115,0.13258258998394012
YLR353W,YDR461W,0,0.58426255,0.4031060039997101,0.8963963985443115,0.13273273408412933
YJL187C,YNR057C,0,0.5825747,0.4028339982032776,0.8963963985443115,0.13288287818431854
YGR077C,YOR326W,1,0.5809783,0.4032366871833801,0.8978978991508484,0.13288287818431854
YNL131W,YHR060W,0,0.57913566,0.4029649496078491,0.8978978991508484,0.13303303718566895
YJR055W,YMR239C,0,0.5785277,0.40269359946250916,0.8978978991508484,0.13318318128585815
YML073C,YCL008C,0,0.5770697,0.40242260694503784,0.8978978991508484,0.13333334028720856
YIL076W,YGR143W,0,0.57649904,0.4021519720554352,0.8978978991508484,0.13348348438739777
YOL112W,YOR187W,0,0.5727334,0.40188172459602356,0.8978978991508484,0.13363362848758698
YPR200C,YFR033C,0,0.5717025,0.4016118347644806,0.8978978991508484,0.13378378748893738
YLL004W,YGL203C,0,0.5708165,0.4013422727584839,0.8978978991508484,0.1339339315891266
YIL088C,YBR187W,0,0.5688546,0.4010730981826782,0.8978978991508484,0.134084090590477
YFR021W,YBL005W-B,0,0.56855756,0.4008042812347412,0.8978978991508484,0.1342342346906662
YIL177C,YJL213W,0,0.5641571,0.40053582191467285,0.8978978991508484,0.1343843787908554
YJR004C,YMR039C,0,0.5632158,0.40026775002479553,0.8978978991508484,0.1345345377922058
YPL200W,YNL084C,0,0.5623588,0.4000000059604645,0.8978978991508484,0.13468468189239502
YOR232W,YMR160W,0,0.5612732,0.3997326195240021,0.8978978991508484,0.13483484089374542
YKL020C,YDR415C,0,0.55973715,0.3994655907154083,0.8978978991508484,0.13498498499393463
YDR137W,YGL004C,0,0.5576615,0.3991989195346832,0.8978978991508484,0.13513512909412384
YHL034C,YJL130C,0,0.55549556,0.39893263578414917,0.8978978991508484,0.13528528809547424
YDR216W,YGR239C,1,0.55475724,0.39933332800865173,0.8993993997573853,0.13528528809547424
YDR254W,YJL206C,0,0.5534893,0.3990672826766968,0.8993993997573853,0.13543543219566345
YMR013C,YCL024W,0,0.5528176,0.3988015949726105,0.8993993997573853,0.13558559119701385
YHR012W,YHR047C,0,0.5522255,0.3985362648963928,0.8993993997573853,0.13573573529720306
YOR363C,YPL112C,1,0.551973,0.3989361822605133,0.9009009003639221,0.13573573529720306
YPR083W,YPR133W-A,0,0.551666,0.39867109060287476,0.9009009003639221,0.13588587939739227
YNL231C,YGR145W,0,0.5505477,0.39840638637542725,0.9009009003639221,0.13603603839874268
YER171W,YDR109C,0,0.54936624,0.398142009973526,0.9009009003639221,0.13618618249893188
YJL130C,YIR032C,0,0.54841316,0.3978779911994934,0.9009009003639221,0.1363363415002823
YAL051W,YDR329C,1,0.54564226,0.39827701449394226,0.902402400970459,0.1363363415002823
YJL103C,YGL163C,0,0.5454457,0.39801323413848877,0.902402400970459,0.1364864856004715
YAL051W,YMR204C,1,0.5450801,0.39841166138648987,0.9039039015769958,0.1364864856004715
YMR013C,YDR218C,0,0.54383004,0.39814814925193787,0.9039039015769958,0.1366366297006607
YLL003W,YGL226C-A,0,0.5432545,0.3978849947452545,0.9039039015769958,0.1367867887020111
YPL002C,YBR010W,0,0.54284346,0.3976221978664398,0.9039039015769958,0.13693693280220032
YGR077C,YMR204C,1,0.54048574,0.39801979064941406,0.9054054021835327,0.13693693280220032
YKL190W,YGL203C,0,0.53823894,0.39775726199150085,0.9054054021835327,0.13708709180355072
YDR059C,YML039W,0,0.5381323,0.3974950611591339,0.9054054021835327,0.13723723590373993
YDR072C,YCL052C,0,0.537897,0.39723318815231323,0.9054054021835327,0.13738738000392914
YLL002W,YBR257W,0,0.5363905,0.3969717025756836,0.9054054021835327,0.13753753900527954
YOL038W,YML056C,0,0.53535694,0.39671051502227783,0.9054054021835327,0.13768768310546875
YDR173C,YOR180C,0,0.53477347,0.3964497148990631,0.9054054021835327,0.13783784210681915
YGL183C,YLR270W,0,0.5345626,0.39618921279907227,0.9054054021835327,0.13798798620700836
YPL119C,YFR036W,0,0.5321984,0.39592909812927246,0.9054054021835327,0.13813814520835876
YLR425W,YLR389C,0,0.5316176,0.39566928148269653,0.9054054021835327,0.13828828930854797
YBR261C,YOR148C,0,0.53075606,0.39540982246398926,0.9054054021835327,0.13843843340873718
YBR172C,YMR025W,0,0.5307001,0.39515072107315063,0.9054054021835327,0.13858859241008759
YOR106W,YAL031C,0,0.5303514,0.3948919475078583,0.9054054021835327,0.1387387365102768
YNL079C,YLR389C,0,0.5294614,0.3946335017681122,0.9054054021835327,0.1388888955116272
YDL036C,YLR130C,0,0.5256482,0.39437541365623474,0.9054054021835327,0.1390390396118164
YPR035W,YDR473C,0,0.5246866,0.39411765336990356,0.9054054021835327,0.13918918371200562
YER050C,YOR378W,0,0.5242214,0.39386022090911865,0.9054054021835327,0.13933934271335602
YLL003W,YER115C,0,0.5233858,0.3936031460762024,0.9054054021835327,0.13948948681354523
YER185W,YJR130C,0,0.52017236,0.39334636926651,0.9054054021835327,0.13963964581489563
YMR032W,YLR164W,0,0.5200378,0.3930899500846863,0.9054054021835327,0.13978978991508484
YOR283W,YER185W,0,0.51908064,0.3928338885307312,0.9054054021835327,0.13993993401527405
YBR172C,YLR187W,0,0.51748866,0.392578125,0.9054054021835327,0.14009009301662445
YAL051W,YOL044W,1,0.5162356,0.3929733335971832,0.9069069027900696,0.14009009301662445
YDR453C,YGR199W,0,0.51597726,0.39271780848503113,0.9069069027900696,0.14024023711681366
YOL062C,YJL095W,0,0.51541096,0.3924626410007477,0.9069069027900696,0.14039039611816406
YEL053C,YLL027W,0,0.51504457,0.3922078013420105,0.9069069027900696,0.14054054021835327
YPR200C,YFR019W,0,0.5150032,0.3919532895088196,0.9069069027900696,0.14069068431854248
YNR044W,YNL121C,0,0.51238847,0.3916991055011749,0.9069069027900696,0.14084084331989288
YDR090C,YKL168C,0,0.5116727,0.39144524931907654,0.9069069027900696,0.1409909874200821
YLR073C,YOR180C,0,0.51141024,0.3911917209625244,0.9069069027900696,0.1411411464214325
YML073C,YGL225W,0,0.5076921,0.39093852043151855,0.9069069027900696,0.1412912905216217
YGR077C,YMR163C,1,0.50294673,0.3913324773311615,0.9084084033966064,0.1412912905216217
YOR304C-A,YGR012W,0,0.49975455,0.39107951521873474,0.9084084033966064,0.1414414346218109
YDL061C,YMR300C,0,0.49666858,0.39082688093185425,0.9084084033966064,0.14159159362316132
YOL155C,YFL017W-A,0,0.4962603,0.39057457447052,0.9084084033966064,0.14174173772335052
YER101C,YDR392W,0,0.49503362,0.39032256603240967,0.9084084033966064,0.14189189672470093
YER008C,YOL093W,0,0.49381799,0.39007091522216797,0.9084084033966064,0.14204204082489014
YOR298W,YNL307C,0,0.49193776,0.38981959223747253,0.9084084033966064,0.14219218492507935
YJR057W,YJL155C,0,0.4897197,0.389568567276001,0.9084084033966064,0.14234234392642975
YCL074W,YAL038W,0,0.48863447,0.38931789994239807,0.9084084033966064,0.14249248802661896
YDL035C,YLL012W,0,0.4878785,0.38906753063201904,0.9084084033966064,0.14264264702796936
YOR106W,YDL077C,0,0.4862793,0.3888174891471863,0.9084084033966064,0.14279279112815857
YKR036C,YGL094C,0,0.48517388,0.3885677456855774,0.9084084033966064,0.14294295012950897
YOR363C,YGR239C,1,0.4850089,0.38896021246910095,0.9099099040031433,0.14294295012950897
YML097C,YPL122C,0,0.48422784,0.38871070742607117,0.9099099040031433,0.14309309422969818
YBL089W,YNL284C,0,0.48319852,0.38846153020858765,0.9099099040031433,0.1432432383298874
YNL131W,YDL179W,0,0.48299867,0.3882126808166504,0.9099099040031433,0.1433933973312378
YGL050W,YNL219C,0,0.48294222,0.3879641592502594,0.9099099040031433,0.143543541431427
YJL114W,YDR026C,0,0.4827013,0.3877159357070923,0.9099099040031433,0.1436937004327774
YNL231C,YGL226C-A,0,0.48218203,0.38746803998947144,0.9099099040031433,0.1438438445329666
YJR138W,YOL124C,0,0.48208547,0.38722044229507446,0.9099099040031433,0.14399398863315582
YBR196C,YJL191W,0,0.4810211,0.38697317242622375,0.9099099040031433,0.14414414763450623
YNL095C,YJR130C,0,0.48076284,0.3867262303829193,0.9099099040031433,0.14429429173469543
YKL201C,YFL045C,0,0.47873026,0.38647958636283875,0.9099099040031433,0.14444445073604584
YER138C,YDR470C,0,0.47653043,0.38623327016830444,0.9099099040031433,0.14459459483623505
YNL138W,YBR281C,0,0.47510827,0.385987251996994,0.9099099040031433,0.14474473893642426
YGR167W,YMR238W,0,0.474761,0.38574156165122986,0.9099099040031433,0.14489489793777466
YLL019C,YDR218C,0,0.47390002,0.3854961693286896,0.9099099040031433,0.14504504203796387
YKR071C,YMR117C,0,0.4734391,0.38525110483169556,0.9099099040031433,0.14519520103931427
YBR020W,YGR185C,0,0.47126704,0.3850063383579254,0.9099099040031433,0.14534534513950348
YDL035C,YMR115W,0,0.47086847,0.38476189970970154,0.9099099040031433,0.1454954892396927
YLL003W,YDR260C,0,0.47013056,0.38451775908470154,0.9099099040031433,0.1456456482410431
YCR093W,YBR275C,0,0.4682693,0.3842739462852478,0.9099099040031433,0.1457957923412323
YKL190W,YKR002W,0,0.46694577,0.38403043150901794,0.9099099040031433,0.1459459513425827
YFR021W,YGR113W,0,0.466147,0.38378721475601196,0.9099099040031433,0.1460960954427719
YAR035W,YMR213W,0,0.4651596,0.38354429602622986,0.9099099040031433,0.14624623954296112
YBR182C,YJR063W,0,0.46439803,0.383301705121994,0.9099099040031433,0.14639639854431152
YOL082W,YER103W,0,0.46434778,0.38305941224098206,0.9099099040031433,0.14654654264450073
YNL274C,YDL128W,0,0.46210712,0.38281744718551636,0.9099099040031433,0.14669670164585114
YKL171W,YDL198C,0,0.46093744,0.38257575035095215,0.9099099040031433,0.14684684574604034
YOR159C,YDR090C,0,0.45942736,0.3823343813419342,0.9099099040031433,0.14699698984622955
YKL126W,YBR042C,0,0.45890003,0.38209331035614014,0.9099099040031433,0.14714714884757996
YMR025W,YLR145W,0,0.45339465,0.38185253739356995,0.9099099040031433,0.14729729294776917
YIR011C,YBL005W-B,0,0.45320666,0.381612092256546,0.9099099040031433,0.14744745194911957
YML006C,YMR300C,0,0.45307946,0.38137194514274597,0.9099099040031433,0.14759759604930878
YGR077C,YGL115W,1,0.45203567,0.38176101446151733,0.9114114046096802,0.14759759604930878
YOR232W,YOR089C,0,0.45181096,0.3815210461616516,0.9114114046096802,0.14774775505065918
YPL087W,YDR444W,0,0.45107824,0.38128140568733215,0.9114114046096802,0.1478978991508484
YDR383C,YJL155C,0,0.45096654,0.3810420632362366,0.9114114046096802,0.1480480432510376
YPL098C,YCR026C,0,0.44839978,0.38080301880836487,0.9114114046096802,0.148198202252388
YPR162C,YLR160C,0,0.44829607,0.38056427240371704,0.9114114046096802,0.1483483463525772
YBR128C,YBR115C,0,0.44763863,0.3803258240222931,0.9114114046096802,0.1484985053539276
YJR078W,YML071C,0,0.44707906,0.380087673664093,0.9114114046096802,0.14864864945411682
YGL169W,YPL188W,0,0.44245553,0.3798498213291168,0.9114114046096802,0.14879879355430603
YPL196W,YKL095W,0,0.43994153,0.3796122670173645,0.9114114046096802,0.14894895255565643
YGR020C,YLR316C,0,0.4357623,0.37937501072883606,0.9114114046096802,0.14909909665584564
YCL018W,YMR186W,0,0.43538642,0.3791380524635315,0.9114114046096802,0.14924925565719604
YBR006W,YMR065W,0,0.43388307,0.3789013624191284,0.9114114046096802,0.14939939975738525
YDR205W,YBR294W,0,0.43382806,0.3786650002002716,0.9114114046096802,0.14954954385757446
YMR077C,YNL262W,0,0.43295366,0.37842893600463867,0.9114114046096802,0.14969970285892487
YDR476C,YDL035C,0,0.43262362,0.3781931400299072,0.9114114046096802,0.14984984695911407
YPL139C,YIL006W,0,0.43249977,0.37795767188072205,0.9114114046096802,0.15000000596046448
YNL117W,YBR172C,0,0.43206263,0.37772247195243835,0.9114114046096802,0.1501501500606537
YGR113W,YNL121C,0,0.43199146,0.37748757004737854,0.9114114046096802,0.1503002941608429
YNL138W,YBR243C,0,0.4307294,0.3772529661655426,0.9114114046096802,0.1504504531621933
YLR447C,YGR255C,0,0.42608452,0.37701863050460815,0.9114114046096802,0.1506005972623825
YOR363C,YMR026C,1,0.4245602,0.3774053454399109,0.912912905216217,0.1506005972623825
YBR052C,YDR151C,0,0.42369854,0.37717121839523315,0.912912905216217,0.1507507562637329
YAL051W,YAL055W,1,0.42339313,0.37755733728408813,0.9144144058227539,0.1507507562637329
YLR025W,YDR262W,0,0.42330223,0.3773234188556671,0.9144144058227539,0.15090090036392212
YOL165C,YER168C,0,0.42288387,0.3770897686481476,0.9144144058227539,0.15105104446411133
YDL054C,YDR392W,0,0.4215718,0.3768564462661743,0.9144144058227539,0.15120120346546173
YJR078W,YML028W,0,0.41984153,0.37662336230278015,0.9144144058227539,0.15135134756565094
YNL271C,YMR117C,0,0.4196499,0.37639060616493225,0.9144144058227539,0.15150150656700134
YHR175W,YLR316C,0,0.41745627,0.37615811824798584,0.9144144058227539,0.15165165066719055
YAR035W,YKL094W,0,0.41689348,0.3759259283542633,0.9144144058227539,0.15180179476737976
YIL143C,YPR127W,0,0.4168371,0.37569400668144226,0.9144144058227539,0.15195195376873016
YNL297C,YML071C,0,0.41632485,0.3754623830318451,0.9144144058227539,0.15210209786891937
YAL038W,YKL003C,0,0.4125498,0.3752310574054718,0.9144144058227539,0.15225225687026978
YOR388C,YKR036C,0,0.40726918,0.375,0.9144144058227539,0.15240240097045898
YPR194C,YDR416W,0,0.40621758,0.3747692406177521,0.9144144058227539,0.1525525599718094
YNL079C,YPL110C,0,0.40595508,0.37453874945640564,0.9144144058227539,0.1527027040719986
YIR004W,YMR204C,1,0.40481317,0.3749231696128845,0.9159159064292908,0.1527027040719986
YOR216C,YFL023W,0,0.40437704,0.3746928870677948,0.9159159064292908,0.1528528481721878
YNR031C,YER154W,0,0.40431607,0.37446287274360657,0.9159159064292908,0.1530030071735382
YDR059C,YPL188W,0,0.4018718,0.3742331266403198,0.9159159064292908,0.15315315127372742
YNR004W,YEL030W,0,0.40169847,0.37400367856025696,0.9159159064292908,0.15330331027507782
YNL160W,YPR135W,0,0.40044165,0.3737744987010956,0.9159159064292908,0.15345345437526703
YDR196C,YPR035W,0,0.3960263,0.3735456168651581,0.9159159064292908,0.15360359847545624
YMR160W,YLR050C,0,0.3959905,0.37331700325012207,0.9159159064292908,0.15375375747680664
YHR175W,YLL043W,0,0.39485902,0.37308868765830994,0.9159159064292908,0.15390390157699585
YOR237W,YAR031W,0,0.39442837,0.3728606402873993,0.9159159064292908,0.15405406057834625
YBR274W,YLR390W,0,0.3937645,0.37263286113739014,0.9159159064292908,0.15420420467853546
YPR194C,YAL029C,0,0.39288783,0.37240538001060486,0.9159159064292908,0.15435434877872467
YLR026C,YJR034W,0,0.39246976,0.37217816710472107,0.9159159064292908,0.15450450778007507
YKL117W,YPL104W,0,0.38756233,0.37195122241973877,0.9159159064292908,0.15465465188026428
YER101C,YCR014C,0,0.38673848,0.37172454595565796,0.9159159064292908,0.15480481088161469
YOR291W,YJL085W,0,0.3865111,0.371498167514801,0.9159159064292908,0.1549549549818039
YJL066C,YER138C,0,0.38545388,0.3712720572948456,0.9159159064292908,0.1551050990819931
YKL020C,YBR026C,0,0.38520133,0.3710462152957916,0.9159159064292908,0.1552552580833435
YLR305C,YDR146C,0,0.38375437,0.37082067131996155,0.9159159064292908,0.15540540218353271
YMR136W,YDR109C,0,0.38360316,0.37059539556503296,0.9159159064292908,0.15555556118488312
YOR038C,YLR028C,0,0.38319427,0.37037035822868347,0.9159159064292908,0.15570570528507233
YDR414C,YPR030W,0,0.38171548,0.37014561891555786,0.9159159064292908,0.15585584938526154
YJR092W,YIL021W,0,0.38166487,0.36992117762565613,0.9159159064292908,0.15600600838661194
YOL086C,YNL050C,0,0.37920916,0.3696969747543335,0.9159159064292908,0.15615615248680115
YDR353W,YDR226W,0,0.37875593,0.36947304010391235,0.9159159064292908,0.15630631148815155
YDL215C,YMR172W,0,0.37779808,0.3692494034767151,0.9159159064292908,0.15645645558834076
YDR285W,YKL210W,0,0.37667024,0.3690260052680969,0.9159159064292908,0.15660659968852997
YNL283C,YML099C,0,0.37659436,0.36880290508270264,0.9159159064292908,0.15675675868988037
YEL030W,YLR050C,0,0.37638295,0.36858007311820984,0.9159159064292908,0.15690690279006958
YJL172W,YJL029C,0,0.37554926,0.36835747957229614,0.9159159064292908,0.15705706179141998
YGL158W,YDR508C,0,0.3721633,0.3681351840496063,0.9159159064292908,0.1572072058916092
YPL002C,YBR145W,0,0.3712752,0.367913156747818,0.9159159064292908,0.1573573499917984
YGL259W,YPL208W,0,0.3711902,0.36769136786460876,0.9159159064292908,0.1575075089931488
YBR125C,YOR297C,0,0.36636853,0.3674698770046234,0.9159159064292908,0.157657653093338
YJL004C,YBR222C,0,0.36290252,0.36724865436553955,0.9159159064292908,0.15780781209468842
YAL051W,YKL197C,1,0.36289936,0.36762934923171997,0.9174174070358276,0.15780781209468842
YJR057W,YML112W,0,0.36034942,0.36740830540657043,0.9174174070358276,0.15795795619487762
YLR329W,YDL047W,0,0.35696322,0.3671875,0.9174174070358276,0.15810811519622803
YPR035W,YKL174C,0,0.35693806,0.36696696281433105,0.9174174070358276,0.15825825929641724
YMR238W,YKL172W,0,0.35664943,0.3667466938495636,0.9174174070358276,0.15840840339660645
YER101C,YPL122C,0,0.35640645,0.36652669310569763,0.9174174070358276,0.15855856239795685
YNL238W,YCR052W,0,0.35594696,0.36630696058273315,0.9174174070358276,0.15870870649814606
YOR382W,YFL001W,0,0.35549152,0.3660874664783478,0.9174174070358276,0.15885886549949646
YNL202W,YJR032W,0,0.3551768,0.3658682703971863,0.9174174070358276,0.15900900959968567
YPL099C,YFL021W,0,0.3550417,0.3656493127346039,0.9174174070358276,0.15915915369987488
YHR211W,YNL304W,0,0.35368836,0.365430623292923,0.9174174070358276,0.15930931270122528
YOL129W,YOR317W,0,0.353418,0.36521220207214355,0.9174174070358276,0.1594594568014145
YOL045W,YJL029C,0,0.3533352,0.36499401926994324,0.9174174070358276,0.1596096158027649
YOR168W,YNL230C,0,0.35248595,0.3647761046886444,0.9174174070358276,0.1597597599029541
YIL006W,YKL189W,0,0.35166112,0.36455845832824707,0.9174174070358276,0.1599099040031433
YER098W,YPR002W,0,0.3511727,0.3643410801887512,0.9174174070358276,0.1600600630044937
YGR167W,YGR113W,0,0.3509362,0.36412397027015686,0.9174174070358276,0.16021020710468292
YMR005W,YMR172W,0,0.3501761,0.3639070987701416,0.9174174070358276,0.16036036610603333
YDL024C,YML099C,0,0.3495215,0.36369046568870544,0.9174174070358276,0.16051051020622253
YOR311C,YIR032C,0,0.34859827,0.36347413063049316,0.9174174070358276,0.16066065430641174
YPL050C,YOR020C,0,0.34767917,0.36325803399086,0.9174174070358276,0.16081081330776215
YDL245C,YPL139C,0,0.34737968,0.3630421757698059,0.9174174070358276,0.16096095740795135
YAL051W,YHR160C,1,0.3470056,0.36342042684555054,0.9189189076423645,0.16096095740795135
YLR270W,YPR159W,0,0.34534913,0.3632047474384308,0.9189189076423645,0.16111111640930176
YBR182C,YHR077C,0,0.34515375,0.3629893362522125,0.9189189076423645,0.16126126050949097
YLR165C,YOR219C,0,0.34326982,0.36277416348457336,0.9189189076423645,0.16141140460968018
YJR028W,YCR011C,0,0.34321022,0.3625592291355133,0.9189189076423645,0.16156156361103058
YGR167W,YER137C-A,0,0.341322,0.3623445928096771,0.9189189076423645,0.1617117077112198
YER098W,YLR050C,0,0.34094268,0.36213016510009766,0.9189189076423645,0.1618618667125702
YLR113W,YOR216C,0,0.3406801,0.36191603541374207,0.9189189076423645,0.1620120108127594
YMR321C,YBR238C,0,0.3405206,0.3617021143436432,0.9189189076423645,0.1621621549129486
YDR512C,YJR103W,0,0.33900434,0.3614884912967682,0.9189189076423645,0.162312313914299
YKL074C,YHR082C,0,0.33892053,0.3612750768661499,0.9189189076423645,0.16246245801448822
YEL070W,YLL055W,0,0.33655316,0.3610619604587555,0.9189189076423645,0.16261261701583862
YJR140C,YLR145W,0,0.33566028,0.3608490526676178,0.9189189076423645,0.16276276111602783
YPL113C,YIR005W,0,0.33527005,0.3606364130973816,0.9189189076423645,0.16291292011737823
YAL022C,YPR001W,0,0.33464533,0.3604240417480469,0.9189189076423645,0.16306306421756744
YLR452C,YNL070W,0,0.3342717,0.36021187901496887,0.9189189076423645,0.16321320831775665
YOR232W,YOR187W,0,0.33398548,0.36000001430511475,0.9189189076423645,0.16336336731910706
YDR351W,YNR006W,0,0.332659,0.35978835821151733,0.9189189076423645,0.16351351141929626
YOR393W,YHR051W,0,0.3306135,0.3595769703388214,0.9189189076423645,0.16366367042064667
YKL126W,YDR170C,0,0.3286328,0.3593658208847046,0.9189189076423645,0.16381381452083588
YOL107W,YEL062W,0,0.32442635,0.35915493965148926,0.9189189076423645,0.16396395862102509
YGR199W,YNR072W,0,0.32393312,0.35894426703453064,0.9189189076423645,0.1641141176223755
YPR035W,YOR230W,0,0.32387006,0.3587338924407959,0.9189189076423645,0.1642642617225647
YOR084W,YBL026W,0,0.32296658,0.35852372646331787,0.9189189076423645,0.1644144207239151
YKL174C,YMR065W,0,0.32232606,0.35831382870674133,0.9189189076423645,0.1645645648241043
YDR233C,YGL203C,0,0.32191655,0.3581041693687439,0.9189189076423645,0.16471470892429352
YLR005W,YAL017W,0,0.32145017,0.35789474844932556,0.9189189076423645,0.16486486792564392
YFL038C,YMR039C,0,0.3199313,0.35768556594848633,0.9189189076423645,0.16501501202583313
YJR083C,YAL040C,0,0.31946972,0.3574766218662262,0.9189189076423645,0.16516517102718353
YLR029C,YHR214C-B,0,0.319439,0.35726794600486755,0.9189189076423645,0.16531531512737274
YOR126C,YDR392W,0,0.31821668,0.357059508562088,0.9189189076423645,0.16546545922756195
YJR078W,YNL259C,0,0.31813204,0.3568513095378876,0.9189189076423645,0.16561561822891235
YCL024W,YNL122C,0,0.31810355,0.35664334893226624,0.9189189076423645,0.16576576232910156
YLR314C,YMR025W,0,0.31714356,0.3564356565475464,0.9189189076423645,0.16591592133045197
YOR363C,YGR004W,1,0.3168935,0.35681024193763733,0.9204204082489014,0.16591592133045197
YOR194C,YKR006C,0,0.31579733,0.35660266876220703,0.9204204082489014,0.16606606543064117
YJR151C,YKL095W,0,0.31457698,0.35639533400535583,0.9204204082489014,0.16621620953083038
YJR107W,YDR262W,0,0.31237912,0.35618826746940613,0.9204204082489014,0.1663663685321808
YDL065C,YOR326W,1,0.31188157,0.35656213760375977,0.9219219088554382,0.1663663685321808
YJL114W,YNL172W,0,0.31145632,0.3563551902770996,0.9219219088554382,0.16651651263237
YLL003W,YJL141C,0,0.30937234,0.35614848136901855,0.9219219088554382,0.1666666716337204
YML052W,YOR313C,0,0.30853313,0.355942040681839,0.9219219088554382,0.1668168157339096
YMR300C,YGR118W,0,0.3075962,0.35573580861091614,0.9219219088554382,0.16696695983409882
YIR004W,YGL153W,1,0.3070299,0.3561088740825653,0.9234234094619751,0.16696695983409882
YDR090C,YLR404W,0,0.30617055,0.3559027910232544,0.9234234094619751,0.16711711883544922
YDL061C,YMR240C,0,0.30305827,0.3556969463825226,0.9234234094619751,0.16726726293563843
YJL171C,YMR273C,0,0.30249056,0.3554913401603699,0.9234234094619751,0.16741742193698883
YOL045W,YGL172W,0,0.30222142,0.35528597235679626,0.9234234094619751,0.16756756603717804
YGR169C,YOL054W,0,0.30091575,0.35508084297180176,0.9234234094619751,0.16771772503852844
YBR168W,YPL112C,1,0.2997734,0.3554529845714569,0.924924910068512,0.16771772503852844
YLR024C,YMR159C,0,0.2988757,0.35524797439575195,0.924924910068512,0.16786786913871765
YFR033C,YER052C,0,0.29845327,0.3550432324409485,0.924924910068512,0.16801801323890686
YJR149W,YNL175C,0,0.2976327,0.35483869910240173,0.924924910068512,0.16816817224025726
YNL231C,YGR175C,0,0.29704827,0.35463443398475647,0.924924910068512,0.16831831634044647
YOR054C,YLR042C,0,0.2967094,0.3544303774833679,0.924924910068512,0.16846847534179688
YNL238W,YLR350W,0,0.29322898,0.35422655940055847,0.924924910068512,0.16861861944198608
YLR452C,YPL094C,0,0.29292864,0.3540229797363281,0.924924910068512,0.1687687635421753
YMR090W,YJL192C,0,0.2903996,0.3538196384906769,0.924924910068512,0.1689189225435257
YBR125C,YKR026C,0,0.28931224,0.35361653566360474,0.924924910068512,0.1690690666437149
YOL070C,YDL059C,0,0.28801286,0.3534136414527893,0.924924910068512,0.1692192256450653
YDR216W,YGR133W,1,0.2879471,0.3537844121456146,0.9264264106750488,0.1692192256450653
YOL129W,YGR246C,0,0.28751498,0.35358166694641113,0.9264264106750488,0.16936936974525452
YDL217C,YMR193W,0,0.28615355,0.35337916016578674,0.9264264106750488,0.16951951384544373
YKR071C,YGR036C,0,0.28592706,0.35317686200141907,0.9264264106750488,0.16966967284679413
YKL170W,YHR109W,0,0.28526264,0.3529748320579529,0.9264264106750488,0.16981981694698334
YOL066C,YKL001C,0,0.2851525,0.3527730107307434,0.9264264106750488,0.16996997594833374
YGR143W,YMR229C,0,0.284625,0.35257142782211304,0.9264264106750488,0.17012012004852295
YJL141C,YGR077C,0,0.2834214,0.35237008333206177,0.9264264106750488,0.17027026414871216
YJL172W,YIR005W,0,0.28236425,0.3521689474582672,0.9264264106750488,0.17042042315006256
YNL297C,YFL001W,0,0.2819152,0.35196805000305176,0.9264264106750488,0.17057056725025177
YER101C,YDR159W,0,0.28128147,0.3517673909664154,0.9264264106750488,0.17072072625160217
YJR138W,YGL183C,0,0.2798562,0.35156694054603577,0.9264264106750488,0.17087087035179138
YPL042C,YGR036C,0,0.27748403,0.35136672854423523,0.9264264106750488,0.1710210144519806
YMR054W,YDR109C,0,0.27587855,0.3511667549610138,0.9264264106750488,0.171171173453331
YPL110C,YGR222W,0,0.27413335,0.35096701979637146,0.9264264106750488,0.1713213175535202
YOR138C,YKL124W,0,0.27333084,0.35076749324798584,0.9264264106750488,0.1714714765548706
YER151C,YJR149W,0,0.27321997,0.35056817531585693,0.9264264106750488,0.17162162065505981
YAL022C,YJL149W,0,0.27223188,0.35036909580230713,0.9264264106750488,0.17177176475524902
YNL271C,YFL054C,0,0.2714612,0.3501702547073364,0.9264264106750488,0.17192192375659943
YDR067C,YBL005W-B,0,0.27075875,0.3499716520309448,0.9264264106750488,0.17207206785678864
YHR211W,YDR492W,0,0.27061114,0.34977322816848755,0.9264264106750488,0.17222222685813904
YFL038C,YPL139C,0,0.26913443,0.34957507252693176,0.9264264106750488,0.17237237095832825
YML097C,YDR211W,0,0.26895046,0.3493771255016327,0.9264264106750488,0.17252252995967865
YDL217C,YMR227C,0,0.26809743,0.34917938709259033,0.9264264106750488,0.17267267405986786
YIR025W,YBR093C,0,0.26762652,0.3489818871021271,0.9264264106750488,0.17282281816005707
YKR035W-A,YER137C,0,0.2669474,0.3487846255302429,0.9264264106750488,0.17297297716140747
YKL119C,YGR143W,0,0.26629516,0.3485875725746155,0.9264264106750488,0.17312312126159668
YJL004C,YIL048W,0,0.26484305,0.34839072823524475,0.9264264106750488,0.17327328026294708
YIR011C,YBR243C,0,0.26248145,0.3481941223144531,0.9264264106750488,0.1734234243631363
YDR383C,YOR304W,0,0.26060307,0.3479977548122406,0.9264264106750488,0.1735735684633255
YLR163C,YDL170W,0,0.26033393,0.3478015661239624,0.9264264106750488,0.1737237274646759
YNL262W,YLR164W,0,0.25766698,0.3476056456565857,0.9264264106750488,0.1738738715648651
YDR285W,YKL203C,0,0.25587296,0.3474099040031433,0.9264264106750488,0.17402403056621552
YNL274C,YDL208W,0,0.25541893,0.34721440076828003,0.9264264106750488,0.17417417466640472
YFR029W,YGL226C-A,0,0.25521806,0.34701913595199585,0.9264264106750488,0.17432431876659393
YGL094C,YEL056W,0,0.254617,0.346824049949646,0.9264264106750488,0.17447447776794434
YHR012W,YGR177C,0,0.25325072,0.34662920236587524,0.9264264106750488,0.17462462186813354
YJL087C,YMR193W,0,0.25250477,0.3464345932006836,0.9264264106750488,0.17477478086948395
YJL155C,YPL110C,0,0.252477,0.34624019265174866,0.9264264106750488,0.17492492496967316
YPL083C,YIL159W,0,0.25001287,0.34604600071907043,0.9264264106750488,0.17507506906986237
YOL045W,YGL060W,0,0.24794069,0.3458520174026489,0.9264264106750488,0.17522522807121277
YGL237C,YKL117W,0,0.24533898,0.3456582725048065,0.9264264106750488,0.17537537217140198
YLR440C,YOR232W,0,0.24453172,0.3454647362232208,0.9264264106750488,0.17552553117275238
YOR145C,YOL104C,0,0.24428761,0.34527140855789185,0.9264264106750488,0.1756756752729416
YLR447C,YLR080W,0,0.24385303,0.3450782895088196,0.9264264106750488,0.1758258193731308
YGR077C,YGR004W,1,0.24205932,0.34544438123703003,0.9279279112815857,0.1758258193731308
YJR078W,YLR157C,0,0.24102083,0.3452514111995697,0.9279279112815857,0.1759759783744812
YJL005W,YJR119C,0,0.2402795,0.3450586199760437,0.9279279112815857,0.1761261224746704
YLR425W,YFL066C,0,0.2400437,0.3448660671710968,0.9279279112815857,0.1762762814760208
YNL238W,YNL122C,0,0.23899537,0.3446737229824066,0.9279279112815857,0.17642642557621002
YOR084W,YGR004W,1,0.23895955,0.3450390100479126,0.9294294118881226,0.17642642557621002
YDR411C,YKR008W,0,0.23836553,0.34484678506851196,0.9294294118881226,0.17657656967639923
YKL205W,YDR138W,0,0.23625118,0.34465479850769043,0.9294294118881226,0.17672672867774963
YDR306C,YLR429W,0,0.2339896,0.3444629907608032,0.9294294118881226,0.17687687277793884
YLL045C,YLL055W,0,0.23205525,0.3442714214324951,0.9294294118881226,0.17702703177928925
YGR020C,YNL070W,0,0.23178753,0.34408003091812134,0.9294294118881226,0.17717717587947845
YMR117C,YER145C,0,0.23140484,0.34388887882232666,0.9294294118881226,0.17732731997966766
YGR175C,YJR028W,0,0.23043376,0.3436979353427887,0.9294294118881226,0.17747747898101807
YDR415C,YNL259C,0,0.22985464,0.34350720047950745,0.9294294118881226,0.17762762308120728
YMR284W,YJL206C,0,0.22958103,0.3433167040348053,0.9294294118881226,0.17777778208255768
YHR002W,YBL005W-B,0,0.22882849,0.3431263864040375,0.9294294118881226,0.1779279261827469
YBR125C,YLR350W,0,0.2285322,0.34293627738952637,0.9294294118881226,0.1780780851840973
YMR173W,YDL128W,0,0.22806731,0.34274640679359436,0.9294294118881226,0.1782282292842865
YHR030C,YBR066C,0,0.22767267,0.3425567150115967,0.9294294118881226,0.1783783733844757
YMR020W,YNR017W,0,0.22756478,0.3423672616481781,0.9294294118881226,0.1785285323858261
YJL134W,YOR085W,0,0.22700182,0.34217798709869385,0.9294294118881226,0.17867867648601532
YKL090W,YDR527W,0,0.22620809,0.3419889509677887,0.9294294118881226,0.17882883548736572
YKL189W,YKR069W,0,0.22511032,0.34180012345314026,0.9294294118881226,0.17897897958755493
YLL029W,YHR209W,0,0.22423321,0.34161147475242615,0.9294294118881226,0.17912912368774414
YOL112W,YJR147W,0,0.22354108,0.34142306447029114,0.9294294118881226,0.17927928268909454
YER098W,YPR119W,0,0.22157508,0.34123483300209045,0.9294294118881226,0.17942942678928375
YHR164C,YGR271W,0,0.22059566,0.34104683995246887,0.9294294118881226,0.17957958579063416
YBR282W,YOR299W,0,0.22028032,0.3408590257167816,0.9294294118881226,0.17972972989082336
YLL041C,YER138C,0,0.2199511,0.34067144989967346,0.9294294118881226,0.17987987399101257
YKL190W,YLL045C,0,0.21993,0.34048405289649963,0.9294294118881226,0.18003003299236298
YDL245C,YDR476C,0,0.21930164,0.3402968645095825,0.9294294118881226,0.18018017709255219
YNL032W,YOR216C,0,0.21913144,0.3401098847389221,0.9294294118881226,0.1803303360939026
YFR021W,YOR099W,0,0.21830118,0.33992311358451843,0.9294294118881226,0.1804804801940918
YJR021C,YLL040C,0,0.21158639,0.33973655104637146,0.9294294118881226,0.180630624294281
YBL058W,YLR321C,0,0.210987,0.3395501971244812,0.9294294118881226,0.1807807832956314
YJL155C,YJR028W,0,0.20952216,0.33936402201652527,0.9294294118881226,0.18093092739582062
YFR045W,YGL060W,0,0.2082066,0.33917808532714844,0.9294294118881226,0.18108108639717102
YAL060W,YPR119W,0,0.20777118,0.33899232745170593,0.9294294118881226,0.18123123049736023
YNL304W,YNL026W,0,0.20666379,0.33880677819252014,0.9294294118881226,0.18138137459754944
YAL051W,YLR191W,1,0.20295057,0.3391684889793396,0.9309309124946594,0.18138137459754944
YDR415C,YJR140C,0,0.20139194,0.33898305892944336,0.9309309124946594,0.18153153359889984
YMR039C,YGL233W,0,0.20025957,0.33879780769348145,0.9309309124946594,0.18168167769908905
YOL141W,YOL062C,0,0.20009655,0.33861276507377625,0.9309309124946594,0.18183183670043945
YBR020W,YPL112C,0,0.198304,0.33842796087265015,0.9309309124946594,0.18198198080062866
YBR042C,YMR115W,0,0.19794738,0.338243305683136,0.9309309124946594,0.18213212490081787
YJL187C,YMR194W,0,0.19699126,0.3380588889122009,0.9309309124946594,0.18228228390216827
YMR117C,YNL084C,0,0.1962612,0.3378746509552002,0.9309309124946594,0.18243242800235748
YER185W,YGL190C,0,0.19552353,0.3376906216144562,0.9309309124946594,0.18258258700370789
YOR353C,YBR074W,0,0.19463772,0.33750680088996887,0.9309309124946594,0.1827327311038971
YGL236C,YNR003C,0,0.19072834,0.3373231887817383,0.9309309124946594,0.1828828901052475
YDL206W,YCR087C-A,0,0.18844491,0.337139755487442,0.9309309124946594,0.1830330342054367
YPR083W,YDL035C,0,0.18793964,0.33695653080940247,0.9309309124946594,0.18318317830562592
YGL115W,YPL112C,1,0.18792862,0.3373166620731354,0.9324324131011963,0.18318317830562592
YMR013C,YER101C,0,0.18766174,0.3371335566043854,0.9324324131011963,0.18333333730697632
YKL067W,YGL241W,0,0.18566671,0.3369506299495697,0.9324324131011963,0.18348348140716553
YJL004C,YPL188W,0,0.1830681,0.33676788210868835,0.9324324131011963,0.18363364040851593
YKR071C,YHR085W,0,0.18194687,0.3365853726863861,0.9324324131011963,0.18378378450870514
YMR315W,YML071C,0,0.18137759,0.3364030420780182,0.9324324131011963,0.18393392860889435
YLR404W,YCL025C,0,0.18131289,0.3362208902835846,0.9324324131011963,0.18408408761024475
YOR301W,YLR251W,0,0.18003291,0.3360389471054077,0.9324324131011963,0.18423423171043396
YGR288W,YKR028W,0,0.17944178,0.33585721254348755,0.9324324131011963,0.18438439071178436
YMR005W,YFL054C,0,0.1783036,0.3356756865978241,0.9324324131011963,0.18453453481197357
YLR452C,YKL022C,0,0.17821658,0.33549433946609497,0.9324324131011963,0.18468467891216278
YNL107W,YPR091C,0,0.17608446,0.33531317114830017,0.9324324131011963,0.18483483791351318
YIL177C,YAR031W,0,0.17446959,0.3351322114467621,0.9324324131011963,0.1849849820137024
YKR019C,YMR136W,0,0.17430896,0.3349514603614807,0.9324324131011963,0.1851351410150528
YNL102W,YJL172W,0,0.17347449,0.33477088809013367,0.9324324131011963,0.185285285115242
YLR033W,YKR006C,0,0.17175037,0.33459052443504333,0.9324324131011963,0.1854354292154312
YDR371W,YGR144W,0,0.17140538,0.33441033959388733,0.9324324131011963,0.18558558821678162
YLR314C,YDR205W,0,0.17115942,0.33423036336898804,0.9324324131011963,0.18573573231697083
YMR013C,YKL189W,0,0.17100215,0.33405056595802307,0.9324324131011963,0.18588589131832123
YNR035C,YBL034C,0,0.17004722,0.3338709771633148,0.9324324131011963,0.18603603541851044
YNL044W,YGR143W,0,0.16713911,0.3336915671825409,0.9324324131011963,0.18618617951869965
YDR518W,YNL044W,0,0.16684854,0.3335123658180237,0.9324324131011963,0.18633633852005005
YPR198W,YLR088W,0,0.165358,0.3333333432674408,0.9324324131011963,0.18648648262023926
YFR021W,YGL256W,0,0.16510281,0.33315449953079224,0.9324324131011963,0.18663664162158966
YKL007W,YJL081C,0,0.16489547,0.3329758644104004,0.9324324131011963,0.18678678572177887
YBR196C,YMR267W,0,0.16448885,0.33279743790626526,0.9324324131011963,0.18693692982196808
YJL225C,YBR037C,0,0.1644178,0.33261916041374207,0.9324324131011963,0.18708708882331848
YDR196C,YLR026C,0,0.1636526,0.332441121339798,0.9324324131011963,0.1872372329235077
YBL005W-B,YDL059C,0,0.16305065,0.3322632312774658,0.9324324131011963,0.1873873919248581
YGL158W,YLL041C,0,0.16283545,0.3320855498313904,0.9324324131011963,0.1875375360250473
YIL002C,YAR035W,0,0.16281295,0.33190807700157166,0.9324324131011963,0.1876876950263977
YMR169C,YJL085W,0,0.15855691,0.33173078298568726,0.9324324131011963,0.18783783912658691
YMR054W,YHR059W,0,0.1585263,0.3315536677837372,0.9324324131011963,0.18798798322677612
YKL206C,YFL054C,0,0.15654957,0.33137673139572144,0.9324324131011963,0.18813814222812653
YOL070C,YMR114C,0,0.156003,0.3312000036239624,0.9324324131011963,0.18828828632831573
YJL141C,YPR163C,0,0.15578267,0.3310234546661377,0.9324324131011963,0.18843844532966614
YGL050W,YML049C,0,0.1550788,0.3308470845222473,0.9324324131011963,0.18858858942985535
YOR106W,YLR107W,0,0.15450668,0.33067092299461365,0.9324324131011963,0.18873873353004456
YOR378W,YML073C,0,0.15230727,0.3304949402809143,0.9324324131011963,0.18888889253139496
YJR026W,YDL208W,0,0.15185389,0.3303191363811493,0.9324324131011963,0.18903903663158417
YOR378W,YML039W,0,0.15159273,0.330143541097641,0.9324324131011963,0.18918919563293457
YNR031C,YIL083C,0,0.15117922,0.329968124628067,0.9324324131011963,0.18933933973312378
YIL088C,YBL076C,0,0.14962286,0.32979288697242737,0.9324324131011963,0.189489483833313
YHR175W,YPL082C,0,0.14957392,0.32961782813072205,0.9324324131011963,0.1896396428346634
YDR306C,YFL014W,0,0.1483761,0.32944297790527344,0.9324324131011963,0.1897897869348526
YMR160W,YGL071W,0,0.14511788,0.32926830649375916,0.9324324131011963,0.189939945936203
YKL093W,YIR025W,0,0.14370883,0.3290938138961792,0.9324324131011963,0.1900900900363922
YPR083W,YPL011C,0,0.14311409,0.32891950011253357,0.9324324131011963,0.19024023413658142
YGR077C,YOR222W,0,0.14296216,0.32874536514282227,0.9324324131011963,0.19039039313793182
YBR260C,YPR152C,0,0.14056677,0.3285714387893677,0.9324324131011963,0.19054053723812103
YDR064W,YMR160W,0,0.13873199,0.328397661447525,0.9324324131011963,0.19069069623947144
YGR077C,YNR002C,0,0.13844666,0.3282240927219391,0.9324324131011963,0.19084084033966064
YDR196C,YKR028W,0,0.13606533,0.3280507028102875,0.9324324131011963,0.19099098443984985
YNR074C,YNL271C,0,0.13543078,0.3278775215148926,0.9324324131011963,0.19114114344120026
YOR212W,YER104W,0,0.13521019,0.3277044892311096,0.9324324131011963,0.19129128754138947
YJL144W,YMR239C,0,0.13472956,0.327531635761261,0.9324324131011963,0.19144144654273987
YDL015C,YBR141C,0,0.13417947,0.32735899090766907,0.9324324131011963,0.19159159064292908
YIR004W,YGR077C,1,0.13320792,0.32771337032318115,0.9339339137077332,0.19159159064292908
YMR090W,YPR125W,0,0.12929389,0.3275408148765564,0.9339339137077332,0.1917417347431183
YJL155C,YDR416W,0,0.12783176,0.3273684084415436,0.9339339137077332,0.1918918937444687
YPR171W,YNL274C,0,0.12631279,0.3271962106227875,0.9339339137077332,0.1920420378446579
YDR383C,YPL087W,0,0.12599337,0.3270241916179657,0.9339339137077332,0.1921921968460083
YPL200W,YBR026C,0,0.12233424,0.32685235142707825,0.9339339137077332,0.1923423409461975
YLR141W,YKL094W,0,0.12206268,0.32668066024780273,0.9339339137077332,0.19249248504638672
YOR025W,YML039W,0,0.121138364,0.32650917768478394,0.9339339137077332,0.19264264404773712
YJR055W,YDR410C,0,0.120771885,0.32633787393569946,0.9339339137077332,0.19279278814792633
YER175C,YER002W,0,0.120684445,0.3261667490005493,0.9339339137077332,0.19294294714927673
YLR270W,YLL012W,0,0.120287985,0.3259958028793335,0.9339339137077332,0.19309309124946594
YCL074W,YIL048W,0,0.11969522,0.325825035572052,0.9339339137077332,0.19324325025081635
YHR214C-B,YOR275C,0,0.11788362,0.32565444707870483,0.9339339137077332,0.19339339435100555
YML071C,YBL029C-A,0,0.11754933,0.325484037399292,0.9339339137077332,0.19354353845119476
YDR389W,YIL140W,0,0.11751795,0.3253138065338135,0.9339339137077332,0.19369369745254517
YOR216C,YER115C,0,0.11703485,0.3251437544822693,0.9339339137077332,0.19384384155273438
YJL030W,YER145C,0,0.116764605,0.3249738812446594,0.9339339137077332,0.19399400055408478
YKL201C,YNL302C,0,0.115769655,0.3248041868209839,0.9339339137077332,0.194144144654274
YJR040W,YDR207C,0,0.11554247,0.3246346414089203,0.9339339137077332,0.1942942887544632
YPR113W,YHR085W,0,0.1152997,0.3244653046131134,0.9339339137077332,0.1944444477558136
YER050C,YGL062W,0,0.113972455,0.32429614663124084,0.9339339137077332,0.1945945918560028
YGR077C,YAL051W,1,0.112915695,0.32464826107025146,0.93543541431427,0.1945945918560028
YGR199W,YDR109C,0,0.11264759,0.3244791626930237,0.93543541431427,0.1947447508573532
YOR291W,YJL011C,0,0.11216962,0.3243102431297302,0.93543541431427,0.19489489495754242
YGR179C,YGL226C-A,0,0.11100379,0.3241415321826935,0.93543541431427,0.19504503905773163
YJR083C,YGL113W,0,0.110351026,0.3239729702472687,0.93543541431427,0.19519519805908203
YER151C,YNL052W,0,0.10995135,0.3238045871257782,0.93543541431427,0.19534534215927124
YGL203C,YBL092W,0,0.10974443,0.32363635301589966,0.93543541431427,0.19549550116062164
YOR287C,YGR222W,0,0.10931584,0.32346832752227783,0.93543541431427,0.19564564526081085
YOL129W,YNL084C,0,0.10849017,0.32330048084259033,0.93543541431427,0.19579578936100006
YGR077C,YGR133W,1,0.108462155,0.3236514627933502,0.9369369149208069,0.19579578936100006
YKL166C,YLR164W,0,0.10839625,0.3234836757183075,0.9369369149208069,0.19594594836235046
YAL060W,YDL170W,0,0.10760388,0.3233160674571991,0.9369369149208069,0.19609609246253967
YGL241W,YLR042C,0,0.10671735,0.323148638010025,0.9369369149208069,0.19624625146389008
YLR107W,YKL172W,0,0.10408032,0.3229813575744629,0.9369369149208069,0.19639639556407928
YGL226C-A,YBR061C,0,0.09940484,0.32281428575515747,0.9369369149208069,0.1965465396642685
YGL170C,YDL225W,0,0.097718015,0.322647362947464,0.9369369149208069,0.1966966986656189
YJL095W,YMR304W,0,0.096906155,0.32248061895370483,0.9369369149208069,0.1968468427658081
YJR149W,YHR059W,0,0.09429605,0.32231405377388,0.9369369149208069,0.1969970017671585
YHR004C,YDL083C,0,0.09371051,0.3221476376056671,0.9369369149208069,0.19714714586734772
YOL066C,YNR006W,0,0.09368655,0.32198143005371094,0.9369369149208069,0.19729728996753693
YDL055C,YDR081C,0,0.09343718,0.3218153715133667,0.9369369149208069,0.19744744896888733
YDL179W,YOL108C,0,0.09156841,0.3216494917869568,0.9369369149208069,0.19759759306907654
YPL129W,YOR313C,0,0.09120548,0.3214837610721588,0.9369369149208069,0.19774775207042694
YKR019C,YGR145W,0,0.0908293,0.32131823897361755,0.9369369149208069,0.19789789617061615
YDR263C,YHR209W,0,0.089437276,0.32115286588668823,0.9369369149208069,0.19804805517196655
YDR527W,YPR125W,0,0.08930351,0.32098764181137085,0.9369369149208069,0.19819819927215576
YER098W,YBR010W,0,0.08857311,0.3208226263523102,0.9369369149208069,0.19834834337234497
YFL057C,YOR180C,0,0.08800906,0.32065775990486145,0.9369369149208069,0.19849850237369537
YKR055W,YER002W,0,0.08746466,0.32049307227134705,0.9369369149208069,0.19864864647388458
YMR276W,YJR031C,0,0.086943716,0.3203285336494446,0.9369369149208069,0.19879880547523499
YDR072C,YML109W,0,0.08686857,0.32016417384147644,0.9369369149208069,0.1989489495754242
YJL191W,YMR046C,0,0.08563638,0.3199999928474426,0.9369369149208069,0.1990990936756134
YOR304W,YMR250W,0,0.08455622,0.31983599066734314,0.9369369149208069,0.1992492526769638
YJR082C,YOR148C,0,0.084518015,0.3196721374988556,0.9369369149208069,0.19939939677715302
YDR527W,YIL006W,0,0.0838047,0.31950846314430237,0.9369369149208069,0.19954955577850342
YLR157C,YCR087C-A,0,0.08335149,0.3193449378013611,0.9369369149208069,0.19969969987869263
YGR077C,YLR191W,1,0.08298692,0.31969308853149414,0.9384384155273438,0.19969969987869263
YER103W,YML080W,0,0.08199158,0.31952965259552,0.9384384155273438,0.19984984397888184
YLR386W,YGL163C,0,0.08117208,0.31936636567115784,0.9384384155273438,0.20000000298023224
YPL150W,YNL032W,0,0.078599095,0.31920325756073,0.9384384155273438,0.20015014708042145
YEL022W,YGR258C,0,0.07620695,0.31904032826423645,0.9384384155273438,0.20030030608177185
YKL171W,YNL122C,0,0.07584125,0.31887754797935486,0.9384384155273438,0.20045045018196106
YKR071C,YOR382W,0,0.07269475,0.3187149465084076,0.9384384155273438,0.20060059428215027
YOR388C,YBL052C,0,0.07253702,0.31855249404907227,0.9384384155273438,0.20075075328350067
YOR219C,YLR042C,0,0.071851626,0.31839022040367126,0.9384384155273438,0.20090089738368988
YDR285W,YER125W,0,0.071822524,0.3182280957698822,0.9384384155273438,0.20105105638504028
YDL015C,YLR145W,0,0.07063554,0.31806614995002747,0.9384384155273438,0.2012012004852295
YBR115C,YBR192W,0,0.06926729,0.31790438294410706,0.9384384155273438,0.2013513445854187
YPL113C,YFL021W,0,0.06724627,0.3177427649497986,0.9384384155273438,0.2015015035867691
YJL066C,YDR494W,0,0.06671363,0.31758129596710205,0.9384384155273438,0.2016516476869583
YKL126W,YIL132C,0,0.0664044,0.31742000579833984,0.9384384155273438,0.20180180668830872
YER050C,YNL314W,0,0.06608473,0.31725889444351196,0.9384384155273438,0.20195195078849792
YDR296W,YMR097C,0,0.065841734,0.317097932100296,0.9384384155273438,0.20210209488868713
YHR069C,YNL281W,0,0.06407918,0.316937118768692,0.9384384155273438,0.20225225389003754
YOR274W,YNL274C,0,0.06399892,0.31677648425102234,0.9384384155273438,0.20240239799022675
YGR077C,YDR265W,1,0.06380424,0.31712260842323303,0.9399399161338806,0.20240239799022675
YGL083W,YBR294W,0,0.06236036,0.31696203351020813,0.9399399161338806,0.20255255699157715
YLL051C,YDR512C,0,0.0613378,0.31680160760879517,0.9399399161338806,0.20270270109176636
YER175C,YOL090W,0,0.06108743,0.3166413903236389,0.9399399161338806,0.20285286009311676
YLL045C,YBR115C,0,0.060321778,0.3164812922477722,0.9399399161338806,0.20300300419330597
YOR304W,YNL027W,0,0.059558123,0.31632137298583984,0.9399399161338806,0.20315314829349518
YAL051W,YGR133W,1,0.059469774,0.3166666626930237,0.9414414167404175,0.20315314829349518
YJR119C,YDR140W,0,0.058402717,0.3165068030357361,0.9414414167404175,0.20330330729484558
YOL165C,YHR041C,0,0.05786708,0.3163471221923828,0.9414414167404175,0.2034534513950348
YFR045W,YJR103W,0,0.05761397,0.3161875903606415,0.9414414167404175,0.2036036103963852
YML049C,YML036W,0,0.056861117,0.3160282373428345,0.9414414167404175,0.2037537544965744
YPL094C,YDR059C,0,0.05671966,0.315869003534317,0.9414414167404175,0.2039038985967636
YEL037C,YGR268C,0,0.05618018,0.3157099783420563,0.9414414167404175,0.204054057598114
YGR032W,YPL050C,0,0.056094214,0.3155510723590851,0.9414414167404175,0.20420420169830322
YLL017W,YJL085W,0,0.055997714,0.3153923451900482,0.9414414167404175,0.20435436069965363
YNL219C,YMR034C,0,0.05536835,0.3152337968349457,0.9414414167404175,0.20450450479984283
YAL038W,YLR163C,0,0.054016843,0.3150753676891327,0.9414414167404175,0.20465464890003204
YNR074C,YHR061C,0,0.052435726,0.31491711735725403,0.9414414167404175,0.20480480790138245
YNL297C,YMR137C,0,0.049684912,0.3147590458393097,0.9414414167404175,0.20495495200157166
YGR077C,YOR084W,1,0.04828167,0.31510284543037415,0.9429429173469543,0.20495495200157166
YHR164C,YAL039C,0,0.04596202,0.3149448335170746,0.9429429173469543,0.20510511100292206
YMR276W,YGR276C,0,0.043512657,0.31478697061538696,0.9429429173469543,0.20525525510311127
YJR006W,YJL149W,0,0.04309085,0.3146292567253113,0.9429429173469543,0.20540539920330048
YMR250W,YER171W,0,0.042829186,0.3144717216491699,0.9429429173469543,0.20555555820465088
YLR425W,YML036W,0,0.04267606,0.3143143057823181,0.9429429173469543,0.2057057023048401
YGR077C,YBR168W,1,0.040682346,0.3146573305130005,0.9444444179534912,0.2057057023048401
YOR279C,YCR026C,0,0.04006526,0.31450000405311584,0.9444444179534912,0.2058558613061905
YPL147W,YBR010W,0,0.039749175,0.31434282660484314,0.9444444179534912,0.2060060054063797
YGR056W,YOR279C,0,0.038483456,0.31418582797050476,0.9444444179534912,0.2061561495065689
YLR244C,YIR005W,0,0.03828843,0.31402894854545593,0.9444444179534912,0.2063063085079193
YNR044W,YFL054C,0,0.03712395,0.31387224793434143,0.9444444179534912,0.20645645260810852
YMR304W,YOR294W,0,0.03681299,0.31371569633483887,0.9444444179534912,0.20660661160945892
YDR109C,YER190W,0,0.035715893,0.31355932354927063,0.9444444179534912,0.20675675570964813
YGL200C,YOL093W,0,0.034294456,0.31340309977531433,0.9444444179534912,0.20690689980983734
YCL004W,YDR062W,0,0.03297493,0.31324702501296997,0.9444444179534912,0.20705705881118774
YDL121C,YML030W,0,0.03230104,0.31309109926223755,0.9444444179534912,0.20720720291137695
YIL076W,YER137C,0,0.031850696,0.31293532252311707,0.9444444179534912,0.20735736191272736
YPL131W,YOL052C,0,0.03148587,0.3127797245979309,0.9444444179534912,0.20750750601291656
YJR004C,YDL035C,0,0.031407207,0.3126242458820343,0.9444444179534912,0.20765766501426697
YDR030C,YJL082W,0,0.027971044,0.312468945980072,0.9444444179534912,0.20780780911445618
YNL160W,YKL186C,0,0.025147766,0.3123137950897217,0.9444444179534912,0.20795795321464539
YBR287W,YOR311C,0,0.023881286,0.31215882301330566,0.9444444179534912,0.2081081122159958
YPL150W,YKL009W,0,0.023797333,0.3120039701461792,0.9444444179534912,0.208258256316185
YJR006W,YKL078W,0,0.022628188,0.3118492662906647,0.9444444179534912,0.2084084153175354
YAL017W,YER168C,0,0.020534188,0.3116947412490845,0.9444444179534912,0.2085585594177246
YGL186C,YGL010W,0,0.014887631,0.3115403652191162,0.9444444179534912,0.20870870351791382
YGR221C,YIL139C,0,0.014442384,0.3113861382007599,0.9444444179534912,0.20885886251926422
YOR324C,YGR155W,0,0.013671637,0.3112320601940155,0.9444444179534912,0.20900900661945343
YLL029W,YDL083C,0,0.0103799105,0.31107813119888306,0.9444444179534912,0.20915916562080383
YGR288W,YML030W,0,0.008751437,0.31092438101768494,0.9444444179534912,0.20930930972099304
YDR263C,YMR300C,0,0.0066833496,0.31077075004577637,0.9444444179534912,0.20945945382118225
YNL079C,YMR173W,0,0.006282568,0.3106172978878021,0.9444444179534912,0.20960961282253265
YJL114W,YDR146C,0,0.0057702363,0.31046396493911743,0.9444444179534912,0.20975975692272186
YMR114C,YDL047W,0,0.005654454,0.31031081080436707,0.9444444179534912,0.20990991592407227
YGL148W,YOR340C,0,0.0011302233,0.31015780568122864,0.9444444179534912,0.21006006002426147
YKR008W,YOL043C,0,0.0010178089,0.31000491976737976,0.9444444179534912,0.21021020412445068
YBR274W,YPR091C,0,0.0009070784,0.3098522126674652,0.9444444179534912,0.2103603631258011
YOR237W,YPR200C,0,-0.00044585764,0.3096996545791626,0.9444444179534912,0.2105105072259903
YEL037C,YLR251W,0,-0.0006541312,0.3095472455024719,0.9444444179534912,0.2106606662273407
YJR036C,YCL043C,0,-0.0028850436,0.3093949854373932,0.9444444179534912,0.2108108103275299
YKR066C,YOR162C,0,-0.0044258684,0.3092428743839264,0.9444444179534912,0.21096095442771912
YGL014W,YPL087W,0,-0.005220294,0.30909091234207153,0.9444444179534912,0.21111111342906952
YNL044W,YGR020C,0,-0.0056044757,0.3089390993118286,0.9444444179534912,0.21126125752925873
YCL008C,YJL192C,0,-0.0057591796,0.30878743529319763,0.9444444179534912,0.21141141653060913
YGL186C,YNL267W,0,-0.006211847,0.3086359202861786,0.9444444179534912,0.21156156063079834
YPR030W,YKL022C,0,-0.008362383,0.3084845542907715,0.9444444179534912,0.21171170473098755
YFL038C,YDR076W,0,-0.008409753,0.3083333373069763,0.9444444179534912,0.21186186373233795
YKR071C,YKR044W,0,-0.009525925,0.3081822693347931,0.9444444179534912,0.21201200783252716
YKL217W,YKL015W,0,-0.010189414,0.3080313503742218,0.9444444179534912,0.21216216683387756
YJL114W,YPR026W,0,-0.011004701,0.30788058042526245,0.9444444179534912,0.21231231093406677
YMR304W,YER002W,0,-0.011008963,0.30772992968559265,0.9444444179534912,0.21246245503425598
YLR020C,YER190W,0,-0.011012852,0.3075794577598572,0.9444444179534912,0.21261261403560638
YJR036C,YLR016C,0,-0.012102932,0.30742913484573364,0.9444444179534912,0.2127627581357956
YNL138W,YDR332W,0,-0.012116298,0.30727893114089966,0.9444444179534912,0.212912917137146
YGR089W,YDR260C,0,-0.012147844,0.30712890625,0.9444444179534912,0.2130630612373352
YPR080W,YKR006C,0,-0.012813434,0.3069790005683899,0.9444444179534912,0.2132132202386856
YCL025C,YLR251W,0,-0.013344377,0.3068292737007141,0.9444444179534912,0.21336336433887482
YMR218C,YNR006W,0,-0.014492065,0.3066796660423279,0.9444444179534912,0.21351350843906403
YBR177C,YER138C,0,-0.01566165,0.3065302073955536,0.9444444179534912,0.21366366744041443
YKL161C,YDL171C,0,-0.018022463,0.30638089776039124,0.9444444179534912,0.21381381154060364
YJR040W,YKL189W,0,-0.019487046,0.3062317371368408,0.9444444179534912,0.21396397054195404
YMR099C,YDR404C,0,-0.021783195,0.30608272552490234,0.9444444179534912,0.21411411464214325
YDL029W,YLR183C,0,-0.02375228,0.3059338629245758,0.9444444179534912,0.21426425874233246
YOL129W,YOL028C,0,-0.024298385,0.3057851195335388,0.9444444179534912,0.21441441774368286
YML073C,YHL034C,0,-0.02452153,0.30563655495643616,0.9444444179534912,0.21456456184387207
YGR271W,YDR373W,0,-0.02876871,0.30548810958862305,0.9444444179534912,0.21471472084522247
YLL029W,YKR002W,0,-0.02974195,0.3053398132324219,0.9444444179534912,0.21486486494541168
YGR143W,YLR164W,0,-0.030966967,0.30519166588783264,0.9444444179534912,0.2150150090456009
YBR115C,YOL108C,0,-0.03111025,0.30504363775253296,0.9444444179534912,0.2151651680469513
YGR288W,YFL048C,0,-0.03292395,0.3048957884311676,0.9444444179534912,0.2153153121471405
YOL158C,YLR187W,0,-0.034222387,0.3047480583190918,0.9444444179534912,0.2154654711484909
YOL102C,YGR222W,0,-0.03437484,0.30460047721862793,0.9444444179534912,0.21561561524868011
YDR383C,YNR010W,0,-0.036833383,0.304453045129776,0.9444444179534912,0.21576575934886932
YBR129C,YDR195W,0,-0.03839025,0.304305762052536,0.9444444179534912,0.21591591835021973
YDR064W,YLR429W,0,-0.038845144,0.30415859818458557,0.9444444179534912,0.21606606245040894
YBR125C,YDR306C,0,-0.03951323,0.30401161313056946,0.9444444179534912,0.21621622145175934
YNL079C,YPL050C,0,-0.04086955,0.3038647472858429,0.9444444179534912,0.21636636555194855
YGR144W,YDR460W,0,-0.04099372,0.3037180006504059,0.9444444179534912,0.21651650965213776
YDR494W,YMR160W,0,-0.04196742,0.3035714328289032,0.9444444179534912,0.21666666865348816
YOL026C,YGL060W,0,-0.04258272,0.30342498421669006,0.9444444179534912,0.21681681275367737
YHL012W,YGL170C,0,-0.042635642,0.30327868461608887,0.9444444179534912,0.21696697175502777
YAL060W,YGR084C,0,-0.042963877,0.3031325340270996,0.9444444179534912,0.21711711585521698
YPR167C,YDL111C,0,-0.045424514,0.3029865026473999,0.9444444179534912,0.2172672599554062
YDL065C,YHR160C,1,-0.04545541,0.30332210659980774,0.9459459185600281,0.2172672599554062
YNR074C,YMR136W,0,-0.046266973,0.3031761348247528,0.9459459185600281,0.2174174189567566
YCL018W,YDR062W,0,-0.04640525,0.3030303120613098,0.9459459185600281,0.2175675630569458
YNL084C,YDL040C,0,-0.050636366,0.30288460850715637,0.9459459185600281,0.2177177220582962
YMR168C,YHR214C-B,0,-0.051643565,0.30273905396461487,0.9459459185600281,0.2178678661584854
YPR024W,YOR148C,0,-0.051944323,0.3025936484336853,0.9459459185600281,0.21801802515983582
YBR006W,YLR278C,0,-0.05297683,0.3024483919143677,0.9459459185600281,0.21816816926002502
YIL135C,YDL216C,0,-0.053439632,0.3023032546043396,0.9459459185600281,0.21831831336021423
YBR183W,YJL034W,0,-0.0546128,0.30215826630592346,0.9459459185600281,0.21846847236156464
YLR187W,YDL077C,0,-0.05554211,0.30201342701911926,0.9459459185600281,0.21861861646175385
YJR078W,YOL062C,0,-0.056482382,0.3018687069416046,0.9459459185600281,0.21876877546310425
YOL086C,YER165W,0,-0.057040155,0.3017241358757019,0.9459459185600281,0.21891891956329346
YNL202W,YDR404C,0,-0.057385817,0.30157971382141113,0.9459459185600281,0.21906906366348267
YLR005W,YNL080C,0,-0.059871867,0.3014354109764099,0.9459459185600281,0.21921922266483307
YJR119C,YOR226C,0,-0.06054394,0.30129125714302063,0.9459459185600281,0.21936936676502228
YLR103C,YJL192C,0,-0.063693106,0.3011472225189209,0.9459459185600281,0.21951952576637268
YBR020W,YIL006W,0,-0.06407702,0.3010033369064331,0.9459459185600281,0.2196696698665619
YDL015C,YDL216C,0,-0.06446501,0.30085960030555725,0.9459459185600281,0.2198198139667511
YJL114W,YOR324C,0,-0.06642199,0.30071598291397095,0.9459459185600281,0.2199699729681015
YOR074C,YDR262W,0,-0.068676874,0.3005725145339966,0.9459459185600281,0.2201201170682907
YGR167W,YKL124W,0,-0.06929141,0.30042919516563416,0.9459459185600281,0.2202702760696411
YDR476C,YGL174W,0,-0.069667116,0.3002859950065613,0.9459459185600281,0.22042042016983032
YER151C,YGR179C,0,-0.070313305,0.30014291405677795,0.9459459185600281,0.22057056427001953
YJL144W,YJR040W,0,-0.07143894,0.30000001192092896,0.9459459185600281,0.22072072327136993
YOL104C,YAL039C,0,-0.071773306,0.2998571991920471,0.9459459185600281,0.22087086737155914
YPL127C,YDL039C,0,-0.07322369,0.2997145652770996,0.9459459185600281,0.22102102637290955
YBR059C,YKL078W,0,-0.07361119,0.29957205057144165,0.9459459185600281,0.22117117047309875
YER008C,YLR425W,0,-0.07366718,0.29942965507507324,0.9459459185600281,0.22132131457328796
YGL019W,YIR032C,0,-0.0761604,0.2992874085903168,0.9459459185600281,0.22147147357463837
YPL131W,YLR344W,0,-0.077928916,0.29914531111717224,0.9459459185600281,0.22162161767482758
YFL033C,YOR298W,0,-0.080239296,0.29900333285331726,0.9459459185600281,0.22177177667617798
YJL144W,YGL004C,0,-0.08302474,0.29886147379875183,0.9459459185600281,0.2219219207763672
YJR078W,YCR060W,0,-0.08304526,0.29871976375579834,0.9459459185600281,0.2220720648765564
YPL098C,YNR028W,0,-0.085010655,0.2985782027244568,0.9459459185600281,0.2222222238779068
YEL031W,YKR068C,0,-0.085130006,0.2984367609024048,0.9459459185600281,0.222372367978096
YDR030C,YHR069C,0,-0.08549678,0.2982954680919647,0.9459459185600281,0.2225225269794464
YAL040C,YBR173C,0,-0.08669199,0.2981542944908142,0.9459459185600281,0.22267267107963562
YKL217W,YGR171C,0,-0.08775187,0.29801324009895325,0.9459459185600281,0.22282283008098602
YDR263C,YML080W,0,-0.08787048,0.2978723347187042,0.9459459185600281,0.22297297418117523
YMR276W,YIL170W,0,-0.08941021,0.29773157835006714,0.9459459185600281,0.22312311828136444
YOR323C,YOR338W,0,-0.08982439,0.2975909411907196,0.9459459185600281,0.22327327728271484
YOR084W,YBR010W,0,-0.09014833,0.2974504232406616,0.9459459185600281,0.22342342138290405
YLR107W,YFL023W,0,-0.09256111,0.2973100543022156,0.9459459185600281,0.22357358038425446
YFR029W,YBR072W,0,-0.09305926,0.2971698045730591,0.9459459185600281,0.22372372448444366
YHL034C,YCL057W,0,-0.09609312,0.2970297038555145,0.9459459185600281,0.22387386858463287
YHR056C,YMR200W,0,-0.096204594,0.2968897223472595,0.9459459185600281,0.22402402758598328
YGL158W,YOR388C,0,-0.09667531,0.29674988985061646,0.9459459185600281,0.22417417168617249
YKL020C,YKR044W,0,-0.09835743,0.29661017656326294,0.9459459185600281,0.2243243306875229
YJL124C,YKL095W,0,-0.09862855,0.296470582485199,0.9459459185600281,0.2244744747877121
YPL150W,YER052C,0,-0.09987308,0.29633113741874695,0.9459459185600281,0.2246246188879013
YKL020C,YKR035W-A,0,-0.10072955,0.2961918115615845,0.9459459185600281,0.2247747778892517
YJL034W,YCL025C,0,-0.103598,0.29605263471603394,0.9459459185600281,0.22492492198944092
YLR047C,YLR187W,0,-0.10692097,0.29591357707977295,0.9459459185600281,0.22507508099079132
YNL044W,YPL087W,0,-0.10933739,0.2957746386528015,0.9459459185600281,0.22522522509098053
YLR130C,YOR123C,0,-0.109450966,0.295635849237442,0.9459459185600281,0.22537536919116974
YKL171W,YGR036C,0,-0.11033416,0.29549717903137207,0.9459459185600281,0.22552552819252014
YGR155W,YDL083C,0,-0.110396415,0.29535865783691406,0.9459459185600281,0.22567567229270935
YBR195C,YJR082C,0,-0.112548254,0.2952202558517456,0.9459459185600281,0.22582583129405975
YPL163C,YBR115C,0,-0.11437954,0.2950819730758667,0.9459459185600281,0.22597597539424896
YGL122C,YOR187W,0,-0.115156084,0.29494380950927734,0.9459459185600281,0.22612611949443817
YPR204W,YOR162C,0,-0.11536586,0.2948057949542999,0.9459459185600281,0.22627627849578857
YDL070W,YNL092W,0,-0.11555145,0.29466789960861206,0.9459459185600281,0.22642642259597778
YGL170C,YDR138W,0,-0.116194025,0.29453015327453613,0.9459459185600281,0.22657658159732819
YOL107W,YBR042C,0,-0.117664814,0.29439252614974976,0.9459459185600281,0.2267267256975174
YOR106W,YLR080W,0,-0.11786163,0.29425501823425293,0.9459459185600281,0.2268768697977066
YGR144W,YPL065W,0,-0.11802844,0.29411765933036804,0.9459459185600281,0.227027028799057
YOR388C,YKL124W,0,-0.118072525,0.2939803898334503,0.9459459185600281,0.22717717289924622
YMR276W,YNL259C,0,-0.11926247,0.29384326934814453,0.9459459185600281,0.22732733190059662
YKR036C,YGL051W,0,-0.1208604,0.2937062978744507,0.9459459185600281,0.22747747600078583
YEL062W,YPR043W,0,-0.12133002,0.2935694456100464,0.9459459185600281,0.22762763500213623
YDR415C,YLR050C,0,-0.12138508,0.29343268275260925,0.9459459185600281,0.22777777910232544
YLR157C,YMR300C,0,-0.12221472,0.29329609870910645,0.9459459185600281,0.22792792320251465
YJL114W,YDL028C,0,-0.12229025,0.2931596040725708,0.9459459185600281,0.22807808220386505
YCL004W,YPR006C,0,-0.12374514,0.2930232584476471,0.9459459185600281,0.22822822630405426
YGL112C,YNR010W,0,-0.1238569,0.29288703203201294,0.9459459185600281,0.22837838530540466
YBR042C,YOR299W,0,-0.12393154,0.29275092482566833,0.9459459185600281,0.22852852940559387
YDL059C,YNR017W,0,-0.124793984,0.29261496663093567,0.9459459185600281,0.22867867350578308
YDL097C,YLR026C,0,-0.124804005,0.29247909784317017,0.9459459185600281,0.22882883250713348
YMR193W,YHR168W,0,-0.12503043,0.2923433780670166,0.9459459185600281,0.2289789766073227
YLR029C,YJR149W,0,-0.12562412,0.2922077775001526,0.9459459185600281,0.2291291356086731
YOL141W,YGR036C,0,-0.12582678,0.2920723259449005,0.9459459185600281,0.2292792797088623
YKL103C,YHR004C,0,-0.12585394,0.2919369637966156,0.9459459185600281,0.2294294238090515
YOL145C,YAL039C,0,-0.12649469,0.2918017506599426,0.9459459185600281,0.22957958281040192
YHR012W,YJR127C,0,-0.12746455,0.2916666567325592,0.9459459185600281,0.22972972691059113
YIL002C,YPR119W,0,-0.12956938,0.2915317118167877,0.9459459185600281,0.22987988591194153
YIR004W,YMR163C,1,-0.13147739,0.29185938835144043,0.9474474191665649,0.22987988591194153
YOR159C,YMR296C,0,-0.13376066,0.29172444343566895,0.9474474191665649,0.23003003001213074
YER098W,YKL165C,0,-0.1341484,0.2915896475315094,0.9474474191665649,0.23018017411231995
YLL004W,YJL079C,0,-0.13627946,0.2914549708366394,0.9474474191665649,0.23033033311367035
YGR216C,YJL071W,0,-0.1373688,0.29132041335105896,0.9474474191665649,0.23048047721385956
YPL119C,YGR020C,0,-0.13848394,0.29118597507476807,0.9474474191665649,0.23063063621520996
YDL171C,YNL304W,0,-0.138602,0.2910516560077667,0.9474474191665649,0.23078078031539917
YHR030C,YDL070W,0,-0.14055137,0.2909174859523773,0.9474474191665649,0.23093092441558838
YDL036C,YLR163C,0,-0.14174086,0.2907834053039551,0.9474474191665649,0.23108108341693878
YMR228W,YCL004W,0,-0.1445848,0.2906494736671448,0.9474474191665649,0.231231227517128
YGL050W,YOR338W,0,-0.14559607,0.290515661239624,0.9474474191665649,0.2313813865184784
YDR151C,YGR276C,0,-0.14679366,0.2903819680213928,0.9474474191665649,0.2315315306186676
YHR074W,YMR061W,0,-0.14834267,0.29024839401245117,0.9474474191665649,0.2316816747188568
YOL151W,YOR180C,0,-0.1487247,0.2901149392127991,0.9474474191665649,0.23183183372020721
YOR237W,YDR173C,0,-0.14913526,0.2899816036224365,0.9474474191665649,0.23198197782039642
YOR378W,YOR251C,0,-0.1511354,0.2898484170436859,0.9474474191665649,0.23213213682174683
YKR054C,YFR018C,0,-0.15124488,0.28971534967422485,0.9474474191665649,0.23228228092193604
YKL171W,YDR451C,0,-0.15158312,0.28958237171173096,0.9474474191665649,0.23243242502212524
YPL002C,YMR145C,0,-0.15211162,0.289449542760849,0.9474474191665649,0.23258258402347565
YBL112C,YLR270W,0,-0.15280476,0.2893168330192566,0.9474474191665649,0.23273272812366486
YGR143W,YNR015W,0,-0.15313026,0.28918424248695374,0.9474474191665649,0.23288288712501526
YOR138C,YML099C,0,-0.15397522,0.28905177116394043,0.9474474191665649,0.23303303122520447
YKR020W,YGR185C,0,-0.15472558,0.2889194190502167,0.9474474191665649,0.23318319022655487
YFR029W,YLR348C,0,-0.15500604,0.28878718614578247,0.9474474191665649,0.23333333432674408
YIL139C,YPL082C,0,-0.15508515,0.2886550724506378,0.9474474191665649,0.2334834784269333
YDR285W,YMR033W,0,-0.15641825,0.2885230779647827,0.9474474191665649,0.2336336374282837
YER055C,YDR245W,0,-0.15666921,0.28839123249053955,0.9474474191665649,0.2337837815284729
YLL004W,YBR276C,0,-0.15716925,0.28825947642326355,0.9474474191665649,0.2339339405298233
YOR388C,YIL143C,0,-0.15744245,0.2881278395652771,0.9474474191665649,0.2340840846300125
YMR114C,YGL174W,0,-0.15953015,0.2879963517189026,0.9474474191665649,0.23423422873020172
YLR359W,YNL026W,0,-0.16067904,0.28786495327949524,0.9474474191665649,0.23438438773155212
YDR254W,YIL083C,0,-0.16109374,0.28773370385169983,0.9474474191665649,0.23453453183174133
YOR363C,YGL115W,1,-0.16189864,0.288058340549469,0.9489489197731018,0.23453453183174133
YER103W,YOR353C,0,-0.16209641,0.28792712092399597,0.9489489197731018,0.23468469083309174
YNL160W,YDR174W,0,-0.16267997,0.2877959907054901,0.9489489197731018,0.23483483493328094
YAL054C,YPL113C,0,-0.16274948,0.2876650094985962,0.9489489197731018,0.23498497903347015
YDR216W,YGL115W,1,-0.16377807,0.28798907995224,0.9504504799842834,0.23498497903347015
YBL085W,YDR337W,0,-0.1650583,0.28785812854766846,0.9504504799842834,0.23513513803482056
YLR380W,YDL097C,0,-0.1656946,0.2877272665500641,0.9504504799842834,0.23528528213500977
YOR349W,YHR109W,0,-0.16659468,0.28759655356407166,0.9504504799842834,0.23543544113636017
YIL134W,YJR026W,0,-0.16888988,0.2874659299850464,0.9504504799842834,0.23558558523654938
YML049C,YKL130C,0,-0.1691299,0.28733545541763306,0.9504504799842834,0.2357357293367386
YPL276W,YER154W,0,-0.16927165,0.2872050702571869,0.9504504799842834,0.235885888338089
YOR287C,YJR130C,0,-0.16961852,0.28707483410835266,0.9504504799842834,0.2360360324382782
YOR292C,YPR138C,0,-0.17145923,0.2869446873664856,0.9504504799842834,0.2361861914396286
YGL062W,YPL104W,0,-0.17154878,0.28681468963623047,0.9504504799842834,0.2363363355398178
YHL034C,YHR059W,0,-0.17218894,0.2866847813129425,0.9504504799842834,0.23648647964000702
YPR111W,YNL335W,0,-0.17237064,0.2865549921989441,0.9504504799842834,0.23663663864135742
YLR209C,YER115C,0,-0.17240748,0.2864253520965576,0.9504504799842834,0.23678678274154663
YDL245C,YLL004W,0,-0.17254116,0.2862958014011383,0.9504504799842834,0.23693694174289703
YGR281W,YGR095C,0,-0.17261034,0.28616636991500854,0.9504504799842834,0.23708708584308624
YJL192C,YBR276C,0,-0.17392328,0.28603705763816833,0.9504504799842834,0.23723722994327545
YPL223C,YNL182C,0,-0.17497325,0.2859078645706177,0.9504504799842834,0.23738738894462585
YNL147W,YEL041W,0,-0.17521513,0.28577879071235657,0.9504504799842834,0.23753753304481506
YLL027W,YDR508C,0,-0.17547442,0.2856498062610626,0.9504504799842834,0.23768769204616547
YIL108W,YOR382W,0,-0.17664424,0.2855209708213806,0.9504504799842834,0.23783783614635468
YIR004W,YGR004W,1,-0.17881088,0.2858431041240692,0.9519519805908203,0.23783783614635468
YGL237C,YDL202W,0,-0.17882727,0.2857142984867096,0.9519519805908203,0.23798799514770508
YDR378C,YDL022W,0,-0.18046027,0.28558558225631714,0.9519519805908203,0.2381381392478943
YLR452C,YER190W,0,-0.1805126,0.2854570150375366,0.9519519805908203,0.2382882833480835
YMR033W,YER162C,0,-0.18074842,0.28532853722572327,0.9519519805908203,0.2384384423494339
YJL066C,YPR149W,0,-0.18204887,0.28520017862319946,0.9519519805908203,0.2385885864496231
YDR494W,YHR082C,0,-0.18229622,0.2850719392299652,0.9519519805908203,0.2387387454509735
YGL226C-A,YHR051W,0,-0.18262224,0.2849438190460205,0.9519519805908203,0.23888888955116272
YOR291W,YNL044W,0,-0.18385515,0.28481581807136536,0.9519519805908203,0.23903903365135193
YJL225C,YDR226W,0,-0.18425913,0.28468790650367737,0.9519519805908203,0.23918919265270233
YJL087C,YJL082W,0,-0.18475935,0.2845601439476013,0.9519519805908203,0.23933933675289154
YEL070W,YDR404C,0,-0.18535002,0.28443247079849243,0.9519519805908203,0.23948949575424194
YOL111C,YDL208W,0,-0.18611926,0.2843049466609955,0.9519519805908203,0.23963963985443115
YDR518W,YGL014W,0,-0.18642986,0.2841775119304657,0.9519519805908203,0.23978978395462036
YLR270W,YMR267W,0,-0.1866813,0.2840501666069031,0.9519519805908203,0.23993994295597076
YGL212W,YML128C,0,-0.18697193,0.2839229702949524,0.9519519805908203,0.24009008705615997
YAL016W,YKL175W,0,-0.18883952,0.28379589319229126,0.9519519805908203,0.24024024605751038
YLR165C,YHR058C,0,-0.19033471,0.2836689054965973,0.9519519805908203,0.24039039015769958
YDR410C,YCR012W,0,-0.19101065,0.28354203701019287,0.9519519805908203,0.2405405342578888
YPR111W,YIL080W,0,-0.1919843,0.283415287733078,0.9519519805908203,0.2406906932592392
YJL130C,YML109W,0,-0.19207004,0.2832886576652527,0.9519519805908203,0.2408408373594284
YBR170C,YNL259C,0,-0.19241591,0.28316211700439453,0.9519519805908203,0.2409909963607788
YPR072W,YLR213C,0,-0.19341525,0.2830357253551483,0.9519519805908203,0.24114114046096802
YGL212W,YMR160W,0,-0.1947726,0.28290942311286926,0.9519519805908203,0.24129128456115723
YNL231C,YOR275C,0,-0.19722992,0.28278324007987976,0.9519519805908203,0.24144144356250763
YFL033C,YNL239W,0,-0.19800782,0.2826571464538574,0.9519519805908203,0.24159158766269684
YGL115W,YOR084W,1,-0.19811612,0.28297683596611023,0.9534534811973572,0.24159158766269684
YDR151C,YER019C-A,0,-0.19843891,0.2828507721424103,0.9534534811973572,0.24174174666404724
YPR035W,YGL112C,0,-0.19934301,0.28272485733032227,0.9534534811973572,0.24189189076423645
YBR115C,YNL230C,0,-0.19989496,0.2825990319252014,0.9534534811973572,0.24204203486442566
YOR275C,YGL190C,0,-0.20013803,0.28247329592704773,0.9534534811973572,0.24219219386577606
YAR002C-A,YDL171C,0,-0.20057054,0.282347708940506,0.9534534811973572,0.24234233796596527
YDR285W,YMR228W,0,-0.20126757,0.2822222113609314,0.9534534811973572,0.24249249696731567
YOR168W,YGR134W,0,-0.20145148,0.28209683299064636,0.9534534811973572,0.24264264106750488
YOL026C,YML039W,0,-0.2026435,0.2819715738296509,0.9534534811973572,0.24279280006885529
YJR103W,YDR404C,0,-0.2026892,0.28184643387794495,0.9534534811973572,0.2429429441690445
YER008C,YDR138W,0,-0.20387378,0.2817213833332062,0.9534534811973572,0.2430930882692337
YBR271W,YHR077C,0,-0.2076145,0.28159645199775696,0.9534534811973572,0.2432432472705841
YDL206W,YGR072W,0,-0.20896514,0.2814716398715973,0.9534534811973572,0.24339339137077332
YBR196C,YDL084W,0,-0.21096441,0.2813469171524048,0.9534534811973572,0.24354355037212372
YBR150C,YPL011C,0,-0.21176764,0.28122231364250183,0.9534534811973572,0.24369369447231293
YDR518W,YPL027W,0,-0.21202981,0.2810978293418884,0.9534534811973572,0.24384383857250214
YMR276W,YLR330W,0,-0.21238263,0.2809734642505646,0.9534534811973572,0.24399399757385254
YER103W,YDR410C,0,-0.21327376,0.2808491885662079,0.9534534811973572,0.24414414167404175
YDL055C,YCL014W,0,-0.21344359,0.28072503209114075,0.9534534811973572,0.24429430067539215
YFR018C,YEL041W,0,-0.21388541,0.28060096502304077,0.9534534811973572,0.24444444477558136
YPR162C,YLR182W,0,-0.21395998,0.28047701716423035,0.9534534811973572,0.24459458887577057
YER125W,YJL176C,0,-0.21399418,0.2803531885147095,0.9534534811973572,0.24474474787712097
YJL114W,YCL018W,0,-0.21435414,0.28022947907447815,0.9534534811973572,0.24489489197731018
YDL054C,YNL283C,0,-0.21491438,0.280105859041214,0.9534534811973572,0.24504505097866058
YNL070W,YDR109C,0,-0.21513245,0.2799823582172394,0.9534534811973572,0.2451951950788498
YBR172C,YLL040C,0,-0.21680307,0.2798589766025543,0.9534534811973572,0.245345339179039
YNL153C,YIL139C,0,-0.21794447,0.2797356843948364,0.9534534811973572,0.2454954981803894
YNL127W,YMR315W,0,-0.21884191,0.2796125113964081,0.9534534811973572,0.2456456422805786
YML028W,YOR085W,0,-0.21912932,0.2794894278049469,0.9534534811973572,0.24579580128192902
YOR216C,YBL113C,0,-0.220594,0.27936646342277527,0.9534534811973572,0.24594594538211823
YOR237W,YNR060W,0,-0.22126345,0.2792436182498932,0.9534534811973572,0.24609608948230743
YGR167W,YDR364C,0,-0.2234671,0.27912089228630066,0.9534534811973572,0.24624624848365784
YKL217W,YNL274C,0,-0.22375455,0.2789982557296753,0.9534534811973572,0.24639639258384705
YJL155C,YLR160C,0,-0.22413619,0.2788757085800171,0.9534534811973572,0.24654655158519745
YJR021C,YKL201C,0,-0.22448793,0.27875328063964844,0.9534534811973572,0.24669669568538666
YKL082C,YMR172W,0,-0.22457618,0.27863097190856934,0.9534534811973572,0.24684683978557587
YDL245C,YML071C,0,-0.2252838,0.2785087823867798,0.9534534811973572,0.24699699878692627
YHR074W,YGL010W,0,-0.2261892,0.2783866822719574,0.9534534811973572,0.24714714288711548
YOL155C,YBL113C,0,-0.22619724,0.2782646715641022,0.9534534811973572,0.24729730188846588
YPR196W,YER052C,0,-0.22730176,0.2781427800655365,0.9534534811973572,0.2474474459886551
YHR029C,YJL206C,0,-0.22807574,0.2780210077762604,0.9534534811973572,0.2475976049900055
YMR114C,YBR173C,0,-0.22887814,0.2778993546962738,0.9534534811973572,0.2477477490901947
YBR195C,YLR183C,0,-0.22890553,0.2777777910232544,0.9534534811973572,0.2478978931903839
YPL002C,YDR476C,0,-0.22929487,0.27765631675720215,0.9534534811973572,0.24804805219173431
YFR045W,YBL089W,0,-0.22968444,0.27753496170043945,0.9534534811973572,0.24819819629192352
YML052W,YHR085W,0,-0.22980854,0.2774137258529663,0.9534534811973572,0.24834835529327393
YLR157C,YKR008W,0,-0.23223495,0.2772925794124603,0.9534534811973572,0.24849849939346313
YOL107W,YDR369C,0,-0.23460017,0.2771715521812439,0.9534534811973572,0.24864864349365234
YIR004W,YDR265W,1,-0.23467663,0.2774869203567505,0.954954981803894,0.24864864349365234
YPR160W,YIL048W,0,-0.23526745,0.27736589312553406,0.954954981803894,0.24879880249500275
YDR026C,YDL028C,0,-0.23550352,0.2772449851036072,0.954954981803894,0.24894894659519196
YOR299W,YOR215C,0,-0.23553008,0.27712419629096985,0.954954981803894,0.24909910559654236
YDL245C,YPL259C,0,-0.23583221,0.2770034968852997,0.954954981803894,0.24924924969673157
YJL187C,YLR389C,0,-0.23635687,0.2768828868865967,0.954954981803894,0.24939939379692078
YJL155C,YLR429W,0,-0.23872977,0.2767623960971832,0.954954981803894,0.24954955279827118
YPL259C,YLL040C,0,-0.23993216,0.2766420245170593,0.954954981803894,0.2496996968984604
YNR031C,YJL213W,0,-0.24006456,0.2765217423439026,0.954954981803894,0.2498498558998108
YPR167C,YKL189W,0,-0.24006528,0.2764015793800354,0.954954981803894,0.25
YJL124C,YBL052C,0,-0.242008,0.2762815058231354,0.954954981803894,0.2501501441001892
YOR212W,YLR016C,0,-0.24207562,0.2761615216732025,0.954954981803894,0.2503002882003784
YGL225W,YCL026C-B,0,-0.24275886,0.2760416567325592,0.954954981803894,0.25045046210289
YKL124W,YGL190C,0,-0.24286498,0.27592191100120544,0.954954981803894,0.2506006062030792
YBR271W,YDL216C,0,-0.24573395,0.27580225467681885,0.954954981803894,0.25075075030326843
YBR177C,YFR033C,0,-0.24725933,0.2756827175617218,0.954954981803894,0.25090089440345764
YER168C,YHR174W,0,-0.25168943,0.2755632698535919,0.954954981803894,0.25105103850364685
YDR332W,YFR036W,0,-0.2535162,0.2754439115524292,0.954954981803894,0.25120121240615845
YDL077C,YDR508C,0,-0.25369558,0.27532467246055603,0.954954981803894,0.25135135650634766
YDR337W,YMR213W,0,-0.25536662,0.2752055525779724,0.954954981803894,0.25150150060653687
YJR078W,YDR173C,0,-0.25566685,0.27508649230003357,0.954954981803894,0.2516516447067261
YML051W,YGR222W,0,-0.25579497,0.27496758103370667,0.954954981803894,0.2518017888069153
YGL010W,YLR153C,0,-0.2575798,0.2748487591743469,0.954954981803894,0.2519519627094269
YHL012W,YGL050W,0,-0.2579695,0.27473002672195435,0.954954981803894,0.2521021068096161
YDR233C,YDL021W,0,-0.25812796,0.2746114134788513,0.954954981803894,0.2522522509098053
YKR054C,YEL036C,0,-0.25988942,0.27449288964271545,0.954954981803894,0.2524023950099945
YMR168C,YLR305C,0,-0.26170018,0.27437445521354675,0.954954981803894,0.2525525391101837
YKL217W,YAL024C,0,-0.26220763,0.2742561399936676,0.954954981803894,0.2527027130126953
YEL031W,YDR174W,0,-0.26347336,0.274137943983078,0.954954981803894,0.2528528571128845
YER103W,YGR010W,0,-0.2675668,0.2740198075771332,0.954954981803894,0.25300300121307373
YJL194W,YER101C,0,-0.26846424,0.2739018201828003,0.954954981803894,0.25315314531326294
YMR160W,YBR026C,0,-0.26877427,0.2737838923931122,0.954954981803894,0.25330328941345215
YKL090W,YEL031W,0,-0.27051842,0.2736660838127136,0.954954981803894,0.25345346331596375
YEL031W,YDR170C,0,-0.27335936,0.2735483944416046,0.954954981803894,0.25360360741615295
YOR098C,YLR050C,0,-0.27388632,0.27343079447746277,0.954954981803894,0.25375375151634216
YNR057C,YBR129C,0,-0.274429,0.2733132839202881,0.954954981803894,0.25390389561653137
YGR179C,YGR239C,0,-0.27466512,0.27319586277008057,0.954954981803894,0.2540540397167206
YFL038C,YNL298W,0,-0.27705377,0.2730785608291626,0.954954981803894,0.2542042136192322
YNL267W,YIL047C,0,-0.27810428,0.2729613780975342,0.954954981803894,0.2543543577194214
YBR282W,YOR180C,0,-0.2781809,0.2728442847728729,0.954954981803894,0.2545045018196106
YOR176W,YOR126C,0,-0.27852935,0.27272728085517883,0.954954981803894,0.2546546459197998
YOR054C,YHL034C,0,-0.27856353,0.2726103663444519,0.954954981803894,0.254804790019989
YBL091C-A,YLL043W,0,-0.27881867,0.2724935710430145,0.954954981803894,0.2549549639225006
YDL142C,YOR148C,0,-0.27911264,0.2723768651485443,0.954954981803894,0.2551051080226898
YKL126W,YOL158C,0,-0.279553,0.27226027846336365,0.954954981803894,0.25525525212287903
YJL141C,YNL298W,0,-0.2809636,0.27214378118515015,0.954954981803894,0.25540539622306824
YPL240C,YNL026W,0,-0.28115606,0.2720273733139038,0.954954981803894,0.25555557012557983
YOR168W,YDR146C,0,-0.281668,0.271911084651947,0.954954981803894,0.25570571422576904
YHR135C,YML128C,0,-0.2823098,0.2717948853969574,0.954954981803894,0.25585585832595825
YMR087W,YKR044W,0,-0.2829189,0.27167877554893494,0.954954981803894,0.25600600242614746
YER090W,YLR325C,0,-0.2837694,0.27156275510787964,0.954954981803894,0.25615614652633667
YCL014W,YDR457W,0,-0.28447744,0.2714468538761139,0.954954981803894,0.25630632042884827
YKR066C,YPL119C,0,-0.28617567,0.2713310718536377,0.954954981803894,0.2564564645290375
YFR045W,YLR151C,0,-0.28711444,0.2712153494358063,0.954954981803894,0.2566066086292267
YDL055C,YDR240C,0,-0.28816321,0.2710997462272644,0.954954981803894,0.2567567527294159
YMR065W,YBR026C,0,-0.28895697,0.2709842324256897,0.954954981803894,0.2569068968296051
YOR145C,YLR050C,0,-0.28928939,0.27086883783340454,0.954954981803894,0.2570570707321167
YCL057W,YDR109C,0,-0.2903633,0.27075350284576416,0.954954981803894,0.2572072148323059
YKL119C,YLR309C,0,-0.2913855,0.27063828706741333,0.954954981803894,0.2573573589324951
YMR238W,YDL074C,0,-0.29218984,0.27052319049835205,0.954954981803894,0.2575075030326843
YMR269W,YBR170C,0,-0.29500452,0.27040815353393555,0.954954981803894,0.25765764713287354
YCL074W,YJR138W,0,-0.29593283,0.2702932357788086,0.954954981803894,0.25780782103538513
YDL121C,YJR026W,0,-0.29735214,0.2701784074306488,0.954954981803894,0.25795796513557434
YJL034W,YML097C,0,-0.29970208,0.27006369829177856,0.954954981803894,0.25810810923576355
YLR228C,YKL095W,0,-0.30107108,0.2699490785598755,0.954954981803894,0.25825825333595276
YLR206W,YER017C,0,-0.30416203,0.2698345482349396,0.954954981803894,0.25840839743614197
YKL093W,YDR496C,0,-0.30419123,0.2697201073169708,0.954954981803894,0.25855857133865356
YCL057W,YNR072W,0,-0.30451915,0.26960575580596924,0.954954981803894,0.2587087154388428
YMR019W,YDR332W,0,-0.30547523,0.2694915235042572,0.954954981803894,0.258858859539032
YJR006W,YJR112W,0,-0.3054973,0.26937738060951233,0.954954981803894,0.2590090036392212
YBR096W,YDR226W,0,-0.30568868,0.2692633271217346,0.954954981803894,0.2591591477394104
YHR056C,YOR251C,0,-0.30698898,0.26914939284324646,0.954954981803894,0.259309321641922
YBR120C,YMR034C,0,-0.3069926,0.2690355181694031,0.954954981803894,0.2594594657421112
YHR077C,YCL052C,0,-0.30722132,0.26892176270484924,0.954954981803894,0.2596096098423004
YOR148C,YDR472W,0,-0.30797172,0.26880812644958496,0.954954981803894,0.2597597539424896
YER185W,YLR321C,0,-0.3082459,0.26869454979896545,0.954954981803894,0.25990989804267883
YDR137W,YLR050C,0,-0.30858773,0.2685810923576355,0.954954981803894,0.26006007194519043
YLL045C,YMR061W,0,-0.31033152,0.2684676945209503,0.954954981803894,0.26021021604537964
YBR260C,YER022W,0,-0.31097823,0.2683544158935547,0.954954981803894,0.26036036014556885
YLR107W,YGR199W,0,-0.3131115,0.2682412564754486,0.954954981803894,0.26051050424575806
YNR074C,YMR089C,0,-0.31327498,0.2681281566619873,0.954954981803894,0.26066064834594727
YKR068C,YKL003C,0,-0.31716302,0.26801517605781555,0.954954981803894,0.26081082224845886
YJR028W,YNL138W,0,-0.31730342,0.26790228486061096,0.954954981803894,0.26096096634864807
YBR118W,YIL006W,0,-0.3212427,0.26778948307037354,0.954954981803894,0.2611111104488373
YGL212W,YNL027W,0,-0.32233077,0.26767677068710327,0.954954981803894,0.2612612545490265
YNR021W,YKL015W,0,-0.3224429,0.26756414771080017,0.954954981803894,0.2614113986492157
YKR044W,YBR257W,0,-0.32311308,0.2674516439437866,0.954954981803894,0.2615615725517273
YNL283C,YMR077C,0,-0.323454,0.26733922958374023,0.954954981803894,0.2617117166519165
YDR460W,YGR268C,0,-0.3238065,0.267226904630661,0.954954981803894,0.2618618607521057
YDR211W,YIR038C,0,-0.32399273,0.26711466908454895,0.954954981803894,0.2620120048522949
YBR261C,YOL111C,0,-0.32415318,0.26700252294540405,0.954954981803894,0.26216214895248413
YGR052W,YLR404W,0,-0.3260822,0.2668904662132263,0.954954981803894,0.2623123228549957
YKL201C,YBL089W,0,-0.3269057,0.26677852869033813,0.954954981803894,0.26246246695518494
YGR180C,YGL050W,0,-0.3279736,0.2666666805744171,0.954954981803894,0.26261261105537415
YGL014W,YOL136C,0,-0.32800972,0.26655489206314087,0.954954981803894,0.26276275515556335
YER162C,YNL080C,0,-0.32826877,0.2664432227611542,0.954954981803894,0.26291289925575256
YHR056C,YGL226C-A,0,-0.32852152,0.26633167266845703,0.954954981803894,0.26306307315826416
YKL217W,YER104W,0,-0.32860422,0.26622018218040466,0.954954981803894,0.26321321725845337
YIL002C,YPR091C,0,-0.32889372,0.26610878109931946,0.954954981803894,0.2633633613586426
YBR072W,YDL045C,0,-0.32940972,0.2659974992275238,0.954954981803894,0.2635135054588318
YHR209W,YIL083C,0,-0.32992616,0.2658862769603729,0.954954981803894,0.263663649559021
YOR274W,YHR060W,0,-0.3303885,0.2657751739025116,0.954954981803894,0.2638138234615326
YGR155W,YPL098C,0,-0.33119208,0.26566416025161743,0.954954981803894,0.2639639675617218
YGL209W,YEL030W,0,-0.33205622,0.26555323600769043,0.954954981803894,0.264114111661911
YAL038W,YJL079C,0,-0.33296245,0.2654424011707306,0.954954981803894,0.2642642557621002
YHR211W,YLR206W,0,-0.3339876,0.2653316557407379,0.954954981803894,0.26441439986228943
YOL124C,YMR137C,0,-0.3359473,0.2652210295200348,0.954954981803894,0.264564573764801
YLR452C,YEL056W,0,-0.336066,0.26511046290397644,0.954954981803894,0.26471471786499023
YKL119C,YDR449C,0,-0.33624786,0.26499998569488525,0.954954981803894,0.26486486196517944
YOR222W,YBR281C,0,-0.33655652,0.2648896276950836,0.954954981803894,0.26501500606536865
YKL119C,YBL034C,0,-0.33668128,0.26477935910224915,0.954954981803894,0.26516517996788025
YDL059C,YJR103W,0,-0.33831918,0.26466915011405945,0.954954981803894,0.26531532406806946
YNR002C,YMR229C,0,-0.3385335,0.2645590603351593,0.954954981803894,0.26546546816825867
YOL145C,YOL038W,0,-0.33983812,0.2644490599632263,0.954954981803894,0.2656156122684479
YIL042C,YKL003C,0,-0.3399653,0.2643391489982605,0.954954981803894,0.2657657563686371
YNL172W,YOR025W,0,-0.34189564,0.26422932744026184,0.954954981803894,0.2659159302711487
YGR010W,YPL223C,0,-0.34191006,0.26411959528923035,0.954954981803894,0.2660660743713379
YJR028W,YGR143W,0,-0.34244832,0.264009952545166,0.954954981803894,0.2662162184715271
YLR043C,YJL172W,0,-0.34249878,0.26390042901039124,0.954954981803894,0.2663663625717163
YKL078W,YPL007C,0,-0.3430443,0.26379096508026123,0.954954981803894,0.2665165066719055
YNR002C,YBR061C,0,-0.34354097,0.2636815905570984,0.954954981803894,0.2666666805744171
YIL177C,YMR273C,0,-0.3443691,0.2635723054409027,0.954954981803894,0.2668168246746063
YBR128C,YGR255C,0,-0.34756267,0.2634631395339966,0.954954981803894,0.26696696877479553
YCL008C,YMR246W,0,-0.347584,0.26335403323173523,0.954954981803894,0.26711711287498474
YAL063C,YOR204W,0,-0.34843433,0.2632450461387634,0.954954981803894,0.26726725697517395
YCR014C,YDL040C,0,-0.3500721,0.2631361186504364,0.954954981803894,0.26741743087768555
YLR329W,YJR034W,0,-0.3503096,0.26302728056907654,0.954954981803894,0.26756757497787476
YDR072C,YGR276C,0,-0.35219336,0.2629185616970062,0.954954981803894,0.26771771907806396
YGR288W,YOL043C,0,-0.35345185,0.2628099322319031,0.954954981803894,0.2678678631782532
YKL171W,YGL190C,0,-0.35384667,0.2627013623714447,0.954954981803894,0.2680180072784424
YHR135C,YNR010W,0,-0.35439593,0.2625929117202759,0.954954981803894,0.268168181180954
YKL103C,YJL144W,0,-0.35446703,0.26248452067375183,0.954954981803894,0.2683183252811432
YDL140C,YOL158C,0,-0.35476753,0.26237624883651733,0.954954981803894,0.2684684693813324
YDR310C,YBR067C,0,-0.3550967,0.2622680366039276,0.954954981803894,0.2686186134815216
YMR005W,YNL236W,0,-0.35551655,0.26215994358062744,0.954954981803894,0.2687687575817108
YLR440C,YOR180C,0,-0.35609558,0.26205191016197205,0.954954981803894,0.2689189314842224
YOL155C,YLR330W,0,-0.35815793,0.2619439959526062,0.954954981803894,0.2690690755844116
YDR030C,YMR146C,0,-0.35830897,0.26183614134788513,0.954954981803894,0.26921921968460083
YKL210W,YLR251W,0,-0.35906538,0.2617284059524536,0.954954981803894,0.26936936378479004
YER022W,YFR018C,0,-0.35944334,0.26162073016166687,0.954954981803894,0.26951950788497925
YPR072W,YLR452C,0,-0.35944957,0.2615131437778473,0.954954981803894,0.26966968178749084
YGL083W,YOR378W,0,-0.3611883,0.26140567660331726,0.954954981803894,0.26981982588768005
YKL067W,YGL190C,0,-0.36151674,0.261298269033432,0.954954981803894,0.26996996998786926
YBR195C,YML056C,0,-0.36258718,0.2611909508705139,0.954954981803894,0.27012011408805847
YLL019C,YGR012W,0,-0.3625982,0.2610837519168854,0.954954981803894,0.2702702581882477
YOR349W,YKR069W,0,-0.36410493,0.2609766125679016,0.954954981803894,0.2704204320907593
YKR069W,YCR026C,0,-0.36643654,0.260869562625885,0.954954981803894,0.2705705761909485
YCL074W,YML051W,0,-0.3673262,0.26076260209083557,0.954954981803894,0.2707207202911377
YNL153C,YML056C,0,-0.36766917,0.2606557309627533,0.954954981803894,0.2708708643913269
YBR118W,YDR296W,0,-0.3679321,0.2605489492416382,0.954954981803894,0.2710210084915161
YOR274W,YHR175W,0,-0.36817265,0.26044225692749023,0.954954981803894,0.2711711823940277
YER008C,YNL231C,0,-0.36950314,0.26033565402030945,0.954954981803894,0.2713213264942169
YMR228W,YKL165C,0,-0.36965004,0.2602291405200958,0.954954981803894,0.27147147059440613
YER150W,YBR275C,0,-0.36965615,0.260122686624527,0.954954981803894,0.27162161469459534
YBR183W,YNR004W,0,-0.37004143,0.2600163519382477,0.954954981803894,0.27177175879478455
YDR410C,YNL080C,0,-0.3700809,0.25991010665893555,0.954954981803894,0.27192193269729614
YKL203C,YKL144C,0,-0.3730787,0.2598039209842682,0.954954981803894,0.27207207679748535
YHR056C,YGR214W,0,-0.37342194,0.259697824716568,0.954954981803894,0.27222222089767456
YJL053W,YJL117W,0,-0.37515974,0.25959184765815735,0.954954981803894,0.27237236499786377
YLL029W,YDR454C,0,-0.37552208,0.2594859302043915,0.954954981803894,0.272522509098053
YNL258C,YOL136C,0,-0.37577736,0.2593801021575928,0.954954981803894,0.2726726830005646
YPR194C,YBR243C,0,-0.37619776,0.25927436351776123,0.954954981803894,0.2728228271007538
YMR114C,YDR140W,0,-0.376733,0.25916871428489685,0.954954981803894,0.272972971200943
YDR030C,YBR177C,0,-0.3777007,0.25906312465667725,0.954954981803894,0.2731231153011322
YER145C,YLR164W,0,-0.3784173,0.2589576542377472,0.954954981803894,0.2732732594013214
YDR453C,YKL206C,0,-0.37845016,0.2588522732257843,0.954954981803894,0.273423433303833
YGL158W,YJL060W,0,-0.37854028,0.2587469518184662,0.954954981803894,0.2735735774040222
YHR077C,YDR444W,0,-0.37881252,0.25864171981811523,0.954954981803894,0.2737237215042114
YLR024C,YDR337W,0,-0.37894216,0.25853657722473145,0.954954981803894,0.27387386560440063
YKL103C,YHR179W,0,-0.38052398,0.2584315240383148,0.954954981803894,0.27402400970458984
YNL092W,YAL029C,0,-0.38113236,0.25832656025886536,0.954954981803894,0.27417418360710144
YCR030C,YNR002C,0,-0.38142997,0.25822168588638306,0.954954981803894,0.27432432770729065
YLR213C,YIL048W,0,-0.3829407,0.25811687111854553,0.954954981803894,0.27447447180747986
YDR512C,YOR216C,0,-0.3830641,0.25801217555999756,0.954954981803894,0.27462461590766907
YBR006W,YOL090W,0,-0.38405517,0.25790753960609436,0.954954981803894,0.2747747600078583
YLR105C,YCR011C,0,-0.3843111,0.2578029930591583,0.954954981803894,0.2749249339103699
YMR025W,YIL132C,0,-0.38594586,0.25769853591918945,0.954954981803894,0.2750750780105591
YGR281W,YGR229C,0,-0.38605225,0.25759416818618774,0.954954981803894,0.2752252221107483
YNR074C,YGL174W,0,-0.38679755,0.2574898898601532,0.954954981803894,0.2753753662109375
YOR287C,YDR146C,0,-0.38757187,0.2573856711387634,0.954954981803894,0.2755255401134491
YGR144W,YDR369C,0,-0.38976753,0.2572815418243408,0.954954981803894,0.2756756842136383
YMR315W,YNL271C,0,-0.39131767,0.25717753171920776,0.954954981803894,0.2758258283138275
YGR180C,YAR002C-A,0,-0.39173502,0.2570735514163971,0.954954981803894,0.2759759724140167
YBR287W,YOR351C,0,-0.39183062,0.256969690322876,0.954954981803894,0.27612611651420593
YMR087W,YML109W,0,-0.39279237,0.256865918636322,0.954954981803894,0.27627629041671753
YPR001W,YDR229W,0,-0.3929945,0.25676220655441284,0.954954981803894,0.27642643451690674
YGR056W,YNL231C,0,-0.39315632,0.2566585838794708,0.954954981803894,0.27657657861709595
YDR172W,YBR141C,0,-0.393396,0.25655505061149597,0.954954981803894,0.27672672271728516
YKL206C,YBR243C,0,-0.393434,0.2564516067504883,0.954954981803894,0.27687686681747437
YER008C,YMR090W,0,-0.39436784,0.25634825229644775,0.954954981803894,0.27702704071998596
YDL036C,YAL022C,0,-0.39557648,0.256244957447052,0.954954981803894,0.27717718482017517
YDL217C,YCL032W,0,-0.3956291,0.2561417520046234,0.954954981803894,0.2773273289203644
YJL144W,YJR133W,0,-0.39606178,0.256038635969162,0.954954981803894,0.2774774730205536
YMR008C,YDL225W,0,-0.4004327,0.2559356093406677,0.954954981803894,0.2776276171207428
YDL065C,YOR084W,1,-0.40045238,0.25623491406440735,0.9564564824104309,0.2776276171207428
YDR414C,YPL183W-A,0,-0.40134516,0.2561318874359131,0.9564564824104309,0.2777777910232544
YBR129C,YOR251C,0,-0.40169442,0.256028950214386,0.9564564824104309,0.2779279351234436
YER103W,YAL016W,0,-0.4028534,0.25592607259750366,0.9564564824104309,0.2780780792236328
YDR263C,YNL302C,0,-0.40415183,0.2558232843875885,0.9564564824104309,0.278228223323822
YIL135C,YDL045C,0,-0.40442657,0.2557205855846405,0.9564564824104309,0.27837836742401123
YOR089C,YLR348C,0,-0.40514833,0.25561797618865967,0.9564564824104309,0.2785285413265228
YER103W,YBR128C,0,-0.40609327,0.255515456199646,0.9564564824104309,0.27867868542671204
YBR177C,YPL083C,0,-0.4065052,0.2554129958152771,0.9564564824104309,0.27882882952690125
YBL041W,YFL033C,0,-0.4067307,0.25531062483787537,0.9564564824104309,0.27897897362709045
YOL151W,YKL015W,0,-0.40891355,0.2552083432674408,0.9564564824104309,0.27912911772727966
YDR473C,YLR141W,0,-0.4100798,0.255106121301651,0.9564564824104309,0.27927929162979126
YJR103W,YMR075W,0,-0.4103539,0.25500398874282837,0.9564564824104309,0.27942943572998047
YML071C,YPL180W,0,-0.4115517,0.2549019753932953,0.9564564824104309,0.2795795798301697
YHR079C,YMR099C,0,-0.4123125,0.2547999918460846,0.9564564824104309,0.2797297239303589
YDL133C-A,YBR020W,0,-0.41242,0.25469812750816345,0.9564564824104309,0.2798798680305481
YLL029W,YBL076C,0,-0.4132616,0.2545963227748871,0.9564564824104309,0.2800300419330597
YER125W,YKL095W,0,-0.4148596,0.2544946074485779,0.9564564824104309,0.2801801860332489
YBR042C,YGR222W,0,-0.4149024,0.25439298152923584,0.9564564824104309,0.2803303301334381
YDR285W,YJL024C,0,-0.41506216,0.2542914152145386,0.9564564824104309,0.2804804742336273
YOR168W,YPR119W,0,-0.41551298,0.25418993830680847,0.9564564824104309,0.28063061833381653
YML036W,YGR143W,0,-0.41847682,0.25408855080604553,0.9564564824104309,0.2807807922363281
YMR033W,YKL210W,0,-0.41923657,0.25398725271224976,0.9564564824104309,0.28093093633651733
YOR388C,YGL010W,0,-0.4197722,0.25388601422309875,0.9564564824104309,0.28108108043670654
YKR071C,YGL237C,0,-0.42064774,0.2537848651409149,0.9564564824104309,0.28123122453689575
YEL070W,YDL170W,0,-0.42224106,0.25368380546569824,0.9564564824104309,0.28138136863708496
YOR237W,YOR138C,0,-0.42382643,0.25358280539512634,0.9564564824104309,0.28153154253959656
YJR057W,YPL240C,0,-0.4245048,0.2534818947315216,0.9564564824104309,0.28168168663978577
YNL138W,YDR229W,0,-0.42458552,0.25338107347488403,0.9564564824104309,0.281831830739975
YNL122C,YDR332W,0,-0.42600644,0.25328031182289124,0.9564564824104309,0.2819819748401642
YMR005W,YJR130C,0,-0.42635378,0.2531796395778656,0.9564564824104309,0.2821321189403534
YER098W,YHR039C-A,0,-0.42641553,0.25307905673980713,0.9564564824104309,0.282282292842865
YGR144W,YOR304C-A,0,-0.42742026,0.2529785633087158,0.9564564824104309,0.2824324369430542
YMR008C,YBR129C,0,-0.42752665,0.2528781294822693,0.9564564824104309,0.2825825810432434
YJR021C,YFL023W,0,-0.42759895,0.2527777850627899,0.9564564824104309,0.2827327251434326
YBR052C,YNL274C,0,-0.4296898,0.2526775002479553,0.9564564824104309,0.2828828692436218
YAL016W,YFR001W,0,-0.4297409,0.2525773048400879,0.9564564824104309,0.2830330431461334
YJR051W,YKR035W-A,0,-0.4308128,0.2524771988391876,0.9564564824104309,0.28318318724632263
YMR090W,YLL055W,0,-0.43134007,0.2523771822452545,0.9564564824104309,0.28333333134651184
YOL155C,YGR229C,0,-0.4313715,0.2522772252559662,0.9564564824104309,0.28348347544670105
YGL237C,YNL274C,0,-0.43170843,0.252177357673645,0.9564564824104309,0.28363361954689026
YHR030C,YBR002C,0,-0.43172467,0.25207754969596863,0.9564564824104309,0.28378379344940186
YMR186W,YMR267W,0,-0.43313813,0.2519778609275818,0.9564564824104309,0.28393393754959106
YAL040C,YDR392W,0,-0.43317628,0.25187820196151733,0.9564564824104309,0.2840840816497803
YGR185C,YDR260C,0,-0.43424886,0.25177866220474243,0.9564564824104309,0.2842342257499695
YIL094C,YMR061W,0,-0.43526885,0.2516791820526123,0.9564564824104309,0.2843843698501587
YLL003W,YHR005C-A,0,-0.43539876,0.25157979130744934,0.9564564824104309,0.2845345437526703
YER008C,YLR219W,0,-0.43581006,0.25148046016693115,0.9564564824104309,0.2846846878528595
YKL206C,YOR085W,0,-0.43666685,0.2513812184333801,0.9564564824104309,0.2848348319530487
YJL087C,YLR270W,0,-0.43828943,0.25128206610679626,0.9564564824104309,0.2849849760532379
YKL161C,YIL140W,0,-0.4385398,0.2511829733848572,0.9564564824104309,0.2851351499557495
YMR176W,YKL064W,0,-0.43907517,0.25108397006988525,0.9564564824104309,0.2852852940559387
YPL078C,YLR151C,0,-0.43964493,0.2509850263595581,0.9564564824104309,0.28543543815612793
YJR092W,YKL064W,0,-0.44020718,0.2508861720561981,0.9564564824104309,0.28558558225631714
YGL236C,YHR174W,0,-0.44131023,0.2507874071598053,0.9564564824104309,0.28573572635650635
YDR451C,YNL290W,0,-0.44167864,0.25068870186805725,0.9564564824104309,0.28588590025901794
YEL036C,YGL212W,0,-0.4419225,0.25059008598327637,0.9564564824104309,0.28603604435920715
YHR004C,YBL068W,0,-0.44214824,0.25049155950546265,0.9564564824104309,0.28618618845939636
YER125W,YPR198W,0,-0.44304645,0.2503930926322937,0.9564564824104309,0.28633633255958557
YMR046C,YAL029C,0,-0.44364193,0.25029468536376953,0.9564564824104309,0.2864864766597748
YNL052W,YDL077C,0,-0.44376463,0.2501963973045349,0.9564564824104309,0.2866366505622864
YOR301W,YJL213W,0,-0.44382066,0.25009816884994507,0.9564564824104309,0.2867867946624756
YLR353W,YNL006W,0,-0.4441319,0.25,0.9564564824104309,0.2869369387626648
YOR363C,YKR001C,1,-0.44426224,0.2502942383289337,0.9579579830169678,0.2869369387626648
YPL276W,YLR208W,0,-0.44469634,0.25019606947898865,0.9579579830169678,0.287087082862854
YGL172W,YHR002W,0,-0.4450667,0.25009799003601074,0.9579579830169678,0.2872372269630432
YER168C,YBR281C,0,-0.4456758,0.25,0.9579579830169678,0.2873874008655548
YPR167C,YDR304C,0,-0.44647223,0.24990206956863403,0.9579579830169678,0.287537544965744
YFR013W,YGR084C,0,-0.4464879,0.24980422854423523,0.9579579830169678,0.2876876890659332
YJR055W,YGL225W,0,-0.44709966,0.2497064620256424,0.9579579830169678,0.28783783316612244
YBR223C,YDR211W,0,-0.44763196,0.24960877001285553,0.9579579830169678,0.28798797726631165
YDL036C,YER087W,0,-0.44828635,0.24951115250587463,0.9579579830169678,0.28813815116882324
YNL163C,YPL093W,0,-0.4488802,0.2494136095046997,0.9579579830169678,0.28828829526901245
YPL167C,YDL170W,0,-0.44966435,0.24931614100933075,0.9579579830169678,0.28843843936920166
YDL197C,YAL016W,0,-0.4527219,0.24921874701976776,0.9579579830169678,0.28858858346939087
YMR203W,YKR068C,0,-0.45303833,0.24912144243717194,0.9579579830169678,0.2887387275695801
YKL174C,YGL050W,0,-0.45507517,0.2490241974592209,0.9579579830169678,0.2888889014720917
YKL182W,YLR187W,0,-0.45592636,0.248927041888237,0.9579579830169678,0.2890390455722809
YDL198C,YKL085W,0,-0.45695862,0.2488299459218979,0.9579579830169678,0.2891891896724701
YFR018C,YMR273C,0,-0.45719224,0.24873293936252594,0.9579579830169678,0.2893393337726593
YLR029C,YIR018W,0,-0.45844725,0.24863600730895996,0.9579579830169678,0.2894894778728485
YDR131C,YBR282W,0,-0.45880836,0.24853914976119995,0.9579579830169678,0.2896396517753601
YAL024C,YPL096W,0,-0.45886064,0.2484423667192459,0.9579579830169678,0.2897897958755493
YDL215C,YLR005W,0,-0.4598461,0.24834565818309784,0.9579579830169678,0.2899399399757385
YOL045W,YBR095C,0,-0.4603867,0.24824902415275574,0.9579579830169678,0.29009008407592773
YGR020C,YKR002W,0,-0.463205,0.2481524646282196,0.9579579830169678,0.29024022817611694
YDR405W,YPR111W,0,-0.4634354,0.24805599451065063,0.9579579830169678,0.29039040207862854
YPR198W,YDR262W,0,-0.4639643,0.24795958399772644,0.9579579830169678,0.29054054617881775
YKL190W,YMR173W,0,-0.46437955,0.24786324799060822,0.9579579830169678,0.29069069027900696
YOR159C,YAL022C,0,-0.46439606,0.24776698648929596,0.9579579830169678,0.29084083437919617
YJR138W,YMR089C,0,-0.46591493,0.24767081439495087,0.9579579830169678,0.2909909784793854
YPL151C,YMR284W,0,-0.46602345,0.24757470190525055,0.9579579830169678,0.291141152381897
YAL033W,YKR069W,0,-0.4666883,0.2474786639213562,0.9579579830169678,0.2912912964820862
YGR221C,YBR173C,0,-0.46704963,0.24738270044326782,0.9579579830169678,0.2914414405822754
YGR221C,YJL200C,0,-0.46760458,0.2472868263721466,0.9579579830169678,0.2915915846824646
YDL054C,YMR025W,0,-0.46821538,0.24719101190567017,0.9579579830169678,0.2917417287826538
YJL103C,YNL016W,0,-0.46855736,0.2470952719449997,0.9579579830169678,0.2918919026851654
YER165W,YJR040W,0,-0.46905944,0.2469996064901352,0.9579579830169678,0.2920420467853546
YER008C,YFR045W,0,-0.4693253,0.24690403044223785,0.9579579830169678,0.2921921908855438
YNR074C,YPL188W,0,-0.47003347,0.2468085139989853,0.9579579830169678,0.29234233498573303
YPL240C,YJL155C,0,-0.47016102,0.2467130720615387,0.9579579830169678,0.29249247908592224
YIR025W,YMR295C,0,-0.47048625,0.24661770462989807,0.9579579830169678,0.29264265298843384
YMR093W,YEL030W,0,-0.4712028,0.24652241170406342,0.9579579830169678,0.29279279708862305
YGR105W,YGL241W,0,-0.473621,0.24642719328403473,0.9579579830169678,0.29294294118881226
YDL179W,YDL215C,0,-0.47376132,0.246332049369812,0.9579579830169678,0.29309308528900146
YBR223C,YNL016W,0,-0.4739797,0.24623697996139526,0.9579579830169678,0.2932432293891907
YJR149W,YLR047C,0,-0.47479948,0.2461419701576233,0.9579579830169678,0.29339340329170227
YPL082C,YNL138W,0,-0.47511315,0.24604704976081848,0.9579579830169678,0.2935435473918915
YIL108W,YNL297C,0,-0.47559983,0.24595220386981964,0.9579579830169678,0.2936936914920807
YOR388C,YBL092W,0,-0.47568354,0.24585741758346558,0.9579579830169678,0.2938438355922699
YDL179W,YDL055C,0,-0.47585154,0.24576270580291748,0.9579579830169678,0.2939939796924591
YNL117W,YJR112W,0,-0.47666198,0.24566808342933655,0.9579579830169678,0.2941441535949707
YLR187W,YBL085W,0,-0.47716308,0.2455735206604004,0.9579579830169678,0.2942942976951599
YGL050W,YDL074C,0,-0.47808704,0.2454790323972702,0.9579579830169678,0.2944444417953491
YJR149W,YKR057W,0,-0.47986245,0.24538461863994598,0.9579579830169678,0.29459458589553833
YKL020C,YMR269W,0,-0.4805691,0.24529027938842773,0.9579579830169678,0.29474472999572754
YDR414C,YAL029C,0,-0.48182306,0.24519599974155426,0.9579579830169678,0.29489490389823914
YJR092W,YKL161C,0,-0.4828362,0.24510180950164795,0.9579579830169678,0.29504504799842834
YIL170W,YGR271W,0,-0.48375797,0.2450076788663864,0.9579579830169678,0.29519519209861755
YNL182C,YOR338W,0,-0.48524284,0.24491362273693085,0.9579579830169678,0.29534533619880676
YER022W,YMR250W,0,-0.48710316,0.24481964111328125,0.9579579830169678,0.29549551010131836
YIL088C,YOR145C,0,-0.488129,0.24472573399543762,0.9579579830169678,0.29564565420150757
YDL246C,YNL138W,0,-0.48836043,0.24463190138339996,0.9579579830169678,0.2957957983016968
YOL057W,YER098W,0,-0.4887842,0.24453814327716827,0.9579579830169678,0.295945942401886
YEL041W,YNL259C,0,-0.48982632,0.24444444477558136,0.9579579830169678,0.2960960865020752
YFR021W,YHR005C-A,0,-0.48985308,0.24435082077980042,0.9579579830169678,0.2962462604045868
YOL108C,YGL113W,0,-0.48987442,0.24425727128982544,0.9579579830169678,0.296396404504776
YKL103C,YOR323C,0,-0.49016607,0.24416379630565643,0.9579579830169678,0.2965465486049652
YLL055W,YKR102W,0,-0.49116424,0.2440703958272934,0.9579579830169678,0.2966966927051544
YLR047C,YDL208W,0,-0.49133033,0.24397705495357513,0.9579579830169678,0.29684683680534363
YOL090W,YLR316C,0,-0.49180818,0.24388378858566284,0.9579579830169678,0.2969970107078552
YHR061C,YBR271W,0,-0.49298143,0.24379059672355652,0.9579579830169678,0.29714715480804443
YJR119C,YOR338W,0,-0.49406654,0.24369747936725616,0.9579579830169678,0.29729729890823364
YNR074C,YJR040W,0,-0.4959734,0.24360443651676178,0.9579579830169678,0.29744744300842285
YDR263C,YMR227C,0,-0.4974401,0.24351145327091217,0.9579579830169678,0.29759758710861206
YBR182C,YPL252C,0,-0.49789524,0.24341854453086853,0.9579579830169678,0.29774776101112366
YOR377W,YIL132C,0,-0.49884984,0.24332571029663086,0.9579579830169678,0.29789790511131287
YFR031C,YDR240C,0,-0.5010382,0.24323293566703796,0.9579579830169678,0.2980480492115021
YBL058W,YNL027W,0,-0.5011828,0.24314025044441223,0.9579579830169678,0.2981981933116913
YIL020C,YMR136W,0,-0.50130856,0.24304762482643127,0.9579579830169678,0.2983483374118805
YJR055W,YIL076W,0,-0.50372636,0.2429550588130951,0.9579579830169678,0.2984985113143921
YGR161W-B,YKR035W-A,0,-0.503868,0.24286258220672607,0.9579579830169678,0.2986486554145813
YOR071C,YOR215C,0,-0.5040148,0.24277016520500183,0.9579579830169678,0.2987987995147705
YLL029W,YLR187W,0,-0.50446934,0.24267782270908356,0.9579579830169678,0.2989489436149597
YGL259W,YFL021W,0,-0.5056824,0.24258555471897125,0.9579579830169678,0.2990990877151489
YLR033W,YBR037C,0,-0.50598586,0.24249334633350372,0.9579579830169678,0.2992492616176605
YOR298W,YOR194C,0,-0.5062803,0.24240121245384216,0.9579579830169678,0.29939940571784973
YDL198C,YGL241W,0,-0.5085076,0.24230915307998657,0.9579579830169678,0.29954954981803894
YPR111W,YMR087W,0,-0.5092852,0.24221715331077576,0.9579579830169678,0.29969969391822815
YOL090W,YOR215C,0,-0.50944537,0.2421252429485321,0.9579579830169678,0.29984983801841736
YGR144W,YJR147W,0,-0.51143026,0.24203337728977203,0.9579579830169678,0.30000001192092896
YER125W,YMR193W,0,-0.5118574,0.24194160103797913,0.9579579830169678,0.30015015602111816
YDR030C,YOR283W,0,-0.5122267,0.241849884390831,0.9579579830169678,0.3003003001213074
YKR068C,YBR173C,0,-0.51310635,0.24175824224948883,0.9579579830169678,0.3004504442214966
YDL215C,YBL034C,0,-0.5142741,0.24166665971279144,0.9579579830169678,0.3006005883216858
YLR359W,YDR138W,0,-0.51480496,0.24157516658306122,0.9579579830169678,0.3007507622241974
YPR035W,YLR208W,0,-0.5152571,0.24148371815681458,0.9579579830169678,0.3009009063243866
YOR138C,YNL050C,0,-0.5152805,0.2413923591375351,0.9579579830169678,0.3010510504245758
YMR315W,YOL136C,0,-0.51664144,0.2413010597229004,0.9579579830169678,0.301201194524765
YDR414C,YJL095W,0,-0.5181031,0.24120983481407166,0.9579579830169678,0.3013513386249542
YDR196C,YBR026C,0,-0.5194844,0.2411186695098877,0.9579579830169678,0.3015015125274658
YKR103W,YGR032W,0,-0.519724,0.2410275787115097,0.9579579830169678,0.30165165662765503
YBR129C,YBR173C,0,-0.5200144,0.24093656241893768,0.9579579830169678,0.30180180072784424
YDR411C,YBR170C,0,-0.5227879,0.24084560573101044,0.9579579830169678,0.30195194482803345
YOL165C,YMR273C,0,-0.5228377,0.24075472354888916,0.9579579830169678,0.30210208892822266
YNL153C,YER046W,0,-0.52322316,0.24066390097141266,0.9579579830169678,0.30225226283073425
YDR332W,YDR444W,0,-0.5244035,0.24057315289974213,0.9579579830169678,0.30240240693092346
YDR216W,YGR077C,1,-0.52584755,0.24085940420627594,0.9594594836235046,0.30240240693092346
YGR161W-B,YOL004W,0,-0.5266127,0.2407686561346054,0.9594594836235046,0.30255255103111267
YBR247C,YMR008C,0,-0.5272135,0.24067796766757965,0.9594594836235046,0.3027026951313019
YOR393W,YDR260C,0,-0.5312521,0.24058735370635986,0.9594594836235046,0.3028528392314911
YOR363C,YMR163C,1,-0.5322567,0.24087315797805786,0.9609609842300415,0.3028528392314911
YKL190W,YLR151C,0,-0.5346446,0.24078254401683807,0.9609609842300415,0.3030030131340027
YOR378W,YBL113C,0,-0.5353202,0.24069198966026306,0.9609609842300415,0.3031531572341919
YOR363C,YOL147C,1,-0.53539675,0.2409774363040924,0.9624624848365784,0.3031531572341919
YKL203C,YNL335W,0,-0.53587854,0.2408868819475174,0.9624624848365784,0.3033033013343811
YAR031W,YBR281C,0,-0.53599393,0.24079638719558716,0.9624624848365784,0.3034534454345703
YNL282W,YOL111C,0,-0.5364051,0.2407059669494629,0.9624624848365784,0.3036035895347595
YDR030C,YNR004W,0,-0.5374217,0.2406156212091446,0.9624624848365784,0.3037537634372711
YDL217C,YLR025W,0,-0.5382431,0.24052533507347107,0.9624624848365784,0.3039039075374603
YFR021W,YJL200C,0,-0.5385344,0.24043510854244232,0.9624624848365784,0.30405405163764954
YDR383C,YOR176W,0,-0.53930616,0.24034495651721954,0.9624624848365784,0.30420419573783875
YMR112C,YOR147W,0,-0.5410472,0.24025487899780273,0.9624624848365784,0.30435433983802795
YIR004W,YGR133W,1,-0.54156727,0.2405395209789276,0.9639639854431152,0.30435433983802795
YGL010W,YOR226C,0,-0.54321206,0.2404494434595108,0.9639639854431152,0.30450451374053955
YDR076W,YLR359W,0,-0.5463686,0.24035941064357758,0.9639639854431152,0.30465465784072876
YHR056C,YKR069W,0,-0.5467544,0.2402694672346115,0.9639639854431152,0.30480480194091797
YOR363C,YBR168W,1,-0.54676163,0.24055369198322296,0.9654654860496521,0.30480480194091797
YHL012W,YJL082W,0,-0.5500104,0.2404637187719345,0.9654654860496521,0.3049549460411072
YJR082C,YER185W,0,-0.5502454,0.24037383496761322,0.9654654860496521,0.3051051199436188
YKL078W,YPR127W,0,-0.55075425,0.2402840107679367,0.9654654860496521,0.305255264043808
YCR030C,YNL267W,0,-0.55206394,0.24019424617290497,0.9654654860496521,0.3054054081439972
YPR035W,YML028W,0,-0.5522987,0.2401045560836792,0.9654654860496521,0.3055555522441864
YDR240C,YFL013C,0,-0.5524375,0.2400149255990982,0.9654654860496521,0.3057056963443756
YOR084W,YML036W,0,-0.55282575,0.23992536962032318,0.9654654860496521,0.3058558702468872
YLL003W,YEL041W,0,-0.55282974,0.23983588814735413,0.9654654860496521,0.3060060143470764
YGL212W,YJL124C,0,-0.5565281,0.23974645137786865,0.9654654860496521,0.3061561584472656
YKR036C,YJL081C,0,-0.55655175,0.23965710401535034,0.9654654860496521,0.30630630254745483
YBR271W,YPL098C,0,-0.5575607,0.2395678162574768,0.9654654860496521,0.30645644664764404
YHR012W,YMR143W,0,-0.55757797,0.23947858810424805,0.9654654860496521,0.30660662055015564
YHR209W,YJL130C,0,-0.55785805,0.23938941955566406,0.9654654860496521,0.30675676465034485
YKL170W,YJL141C,0,-0.55838823,0.23930034041404724,0.9654654860496521,0.30690690875053406
YDR170C,YKL201C,0,-0.5584204,0.239211305975914,0.9654654860496521,0.30705705285072327
YDR518W,YOR355W,0,-0.55920637,0.23912234604358673,0.9654654860496521,0.3072071969509125
YOR054C,YEL030W,0,-0.5603125,0.23903346061706543,0.9654654860496521,0.3073573708534241
YLR105C,YGL180W,0,-0.56043094,0.2389446347951889,0.9654654860496521,0.3075075149536133
YDL198C,YDR410C,0,-0.56077766,0.23885586857795715,0.9654654860496521,0.3076576590538025
YPL002C,YCR012W,0,-0.56125844,0.23876717686653137,0.9654654860496521,0.3078078031539917
YBR294W,YNL052W,0,-0.5620331,0.23867854475975037,0.9654654860496521,0.3079579472541809
YOR084W,YOR338W,0,-0.5624506,0.23858998715877533,0.9654654860496521,0.3081081211566925
YJL114W,YDR454C,0,-0.56246907,0.23850148916244507,0.9654654860496521,0.3082582652568817
YGR167W,YPL180W,0,-0.56311375,0.23841305077075958,0.9654654860496521,0.3084084093570709
YER008C,YDR229W,0,-0.5640455,0.23832468688488007,0.9654654860496521,0.30855855345726013
YDR059C,YMR065W,0,-0.56482625,0.23823638260364532,0.9654654860496521,0.30870869755744934
YML036W,YJL176C,0,-0.5648353,0.23814815282821655,0.9654654860496521,0.30885887145996094
YMR276W,YDR403W,0,-0.56508046,0.23805998265743256,0.9654654860496521,0.30900901556015015
YKR036C,YJL172W,0,-0.5651326,0.23797187209129333,0.9654654860496521,0.30915915966033936
YKR102W,YPR163C,0,-0.5652198,0.23788383603096008,0.9654654860496521,0.30930930376052856
YPR006C,YBR173C,0,-0.5653856,0.2377958595752716,0.9654654860496521,0.3094594478607178
YOR251C,YBR141C,0,-0.5654424,0.2377079427242279,0.9654654860496521,0.30960962176322937
YNL107W,YJR083C,0,-0.5664116,0.23762010037899017,0.9654654860496521,0.3097597658634186
YLR165C,YOR378W,0,-0.56665856,0.23753231763839722,0.9654654860496521,0.3099099099636078
YML052W,YGR084C,0,-0.56743133,0.23744460940361023,0.9654654860496521,0.310060054063797
YAL016W,YER145C,0,-0.5675206,0.23735696077346802,0.9654654860496521,0.3102101981639862
YML032C,YCL032W,0,-0.5683392,0.23726937174797058,0.9654654860496521,0.3103603720664978
YER055C,YIL139C,0,-0.5694469,0.2371818572282791,0.9654654860496521,0.310510516166687
YKR054C,YDR304C,0,-0.56956464,0.23709440231323242,0.9654654860496521,0.3106606602668762
YDR263C,YNL309W,0,-0.5698111,0.2370070070028305,0.9654654860496521,0.31081080436706543
YJL124C,YJR130C,0,-0.569999,0.23691967129707336,0.9654654860496521,0.31096094846725464
YNL283C,YOL111C,0,-0.5701034,0.2368324100971222,0.9654654860496521,0.31111112236976624
YER103W,YOR311C,0,-0.5710556,0.2367452085018158,0.9654654860496521,0.31126126646995544
YJR055W,YMR179W,0,-0.57256,0.23665808141231537,0.9654654860496521,0.31141141057014465
YNR060W,YBR072W,0,-0.57303274,0.23657101392745972,0.9654654860496521,0.31156155467033386
YGR246C,YNL006W,0,-0.57341814,0.23648400604724884,0.9654654860496521,0.31171169877052307
YOL102C,YPL098C,0,-0.57436776,0.23639705777168274,0.9654654860496521,0.31186187267303467
YJL034W,YLR088W,0,-0.5761554,0.2363101840019226,0.9654654860496521,0.3120120167732239
YMR078C,YBR173C,0,-0.576984,0.23622336983680725,0.9654654860496521,0.3121621608734131
YLL029W,YNL232W,0,-0.57854944,0.23613661527633667,0.9654654860496521,0.3123123049736023
YER138C,YJL214W,0,-0.5788482,0.23604992032051086,0.9654654860496521,0.3124624490737915
YHR209W,YMR114C,0,-0.57970655,0.23596329987049103,0.9654654860496521,0.3126126229763031
YKL064W,YHR135C,0,-0.58022904,0.23587673902511597,0.9654654860496521,0.3127627670764923
YER125W,YPR125W,0,-0.58062226,0.23579025268554688,0.9654654860496521,0.3129129111766815
YJL134W,YDR416W,0,-0.5813698,0.23570381104946136,0.9654654860496521,0.3130630552768707
YDL054C,YNR060W,0,-0.58318186,0.23561744391918182,0.9654654860496521,0.31321319937705994
YNL231C,YIL046W,0,-0.58348596,0.23553113639354706,0.9654654860496521,0.31336337327957153
YNL223W,YMR270C,0,-0.58392924,0.23544488847255707,0.9654654860496521,0.31351351737976074
YLL055W,YOR162C,0,-0.5856693,0.23535871505737305,0.9654654860496521,0.31366366147994995
YDR449C,YJL082W,0,-0.5884534,0.2352726012468338,0.9654654860496521,0.31381380558013916
YJR051W,YGL174W,0,-0.5895742,0.23518654704093933,0.9654654860496521,0.31396394968032837
YOR363C,YLR191W,1,-0.5900973,0.23546618223190308,0.966966986656189,0.31396394968032837
YDR353W,YMR210W,0,-0.5911927,0.2353801131248474,0.966966986656189,0.31411412358283997
YCL074W,YDL133C-A,0,-0.5920898,0.23529411852359772,0.966966986656189,0.3142642676830292
YFR029W,YEL029C,0,-0.59283316,0.2352081835269928,0.966966986656189,0.3144144117832184
YIR004W,YKL197C,1,-0.5929023,0.23548740148544312,0.9684684872627258,0.3144144117832184
YHR160C,YLR191W,1,-0.5939996,0.2357664257287979,0.9699699878692627,0.3144144117832184
YDR492W,YOR382W,0,-0.5940199,0.23568040132522583,0.9699699878692627,0.3145645558834076
YOR251C,YDR260C,0,-0.595337,0.23559445142745972,0.9699699878692627,0.3147146999835968
YDR411C,YGL062W,0,-0.59699893,0.23550856113433838,0.9699699878692627,0.3148648738861084
YDR263C,YOR215C,0,-0.5996251,0.235422745347023,0.9699699878692627,0.3150150179862976
YDR064W,YAL017W,0,-0.6000504,0.23533697426319122,0.9699699878692627,0.3151651620864868
YOR301W,YJR078W,0,-0.60006684,0.2352512776851654,0.9699699878692627,0.315315306186676
YGL212W,YHR079C,0,-0.6010267,0.23516564071178436,0.9699699878692627,0.3154654800891876
YDL028C,YML071C,0,-0.60139316,0.2350800633430481,0.9699699878692627,0.31561562418937683
YOL101C,YCR012W,0,-0.60270923,0.2349945455789566,0.9699699878692627,0.31576576828956604
YBR243C,YPL096W,0,-0.60279787,0.2349090874195099,0.9699699878692627,0.31591591238975525
YLR380W,YGR255C,0,-0.6030731,0.23482370376586914,0.9699699878692627,0.31606605648994446
YMR169C,YCL025C,0,-0.6031213,0.23473836481571198,0.9699699878692627,0.31621623039245605
YER098W,YBL079W,0,-0.60373205,0.23465310037136078,0.9699699878692627,0.31636637449264526
YJL082W,YMR229C,0,-0.60473907,0.23456789553165436,0.9699699878692627,0.3165165185928345
YKL015W,YNL290W,0,-0.6048415,0.2344827651977539,0.9699699878692627,0.3166666626930237
YNL138W,YHR168W,0,-0.6054785,0.23439767956733704,0.9699699878692627,0.3168168067932129
YBR118W,YJR006W,0,-0.6073419,0.23431265354156494,0.9699699878692627,0.3169669806957245
YGL083W,YBR067C,0,-0.6075222,0.23422770202159882,0.9699699878692627,0.3171171247959137
YKR055W,YDR449C,0,-0.6081461,0.23414281010627747,0.9699699878692627,0.3172672688961029
YNL127W,YNL309W,0,-0.608287,0.2340579777956009,0.9699699878692627,0.3174174129962921
YNL008C,YPL223C,0,-0.6089858,0.2339732050895691,0.9699699878692627,0.3175675570964813
YJL029C,YJL079C,0,-0.6093136,0.23388849198818207,0.9699699878692627,0.3177177309989929
YJL081C,YGR239C,0,-0.6132942,0.23380383849143982,0.9699699878692627,0.31786787509918213
YGL158W,YBR195C,0,-0.61391366,0.23371924459934235,0.9699699878692627,0.31801801919937134
YGL026C,YDR131C,0,-0.61392736,0.23363472521305084,0.9699699878692627,0.31816816329956055
YDR131C,YCR012W,0,-0.6142219,0.23355025053024292,0.9699699878692627,0.31831830739974976
YDL061C,YEL070W,0,-0.61475646,0.23346585035324097,0.9699699878692627,0.31846848130226135
YHR029C,YBR278W,0,-0.6170863,0.2333815097808838,0.9699699878692627,0.31861862540245056
YFR021W,YOR243C,0,-0.61753845,0.2332972139120102,0.9699699878692627,0.31876876950263977
YER137C-A,YOL004W,0,-0.6191785,0.23321299254894257,0.9699699878692627,0.318918913602829
YMR137C,YDR508C,0,-0.61922026,0.23312883079051971,0.9699699878692627,0.3190690577030182
YBR196C,YGR034W,0,-0.6194873,0.23304472863674164,0.9699699878692627,0.3192192316055298
YDR131C,YPL112C,0,-0.6200893,0.23296068608760834,0.9699699878692627,0.319369375705719
YJR055W,YNR031C,0,-0.62012494,0.232876718044281,0.9699699878692627,0.3195195198059082
YPR127W,YHR079C,0,-0.62033397,0.23279279470443726,0.9699699878692627,0.3196696639060974
YPR035W,YKR006C,0,-0.620818,0.23270893096923828,0.9699699878692627,0.3198198080062866
YMR227C,YBR192W,0,-0.6221013,0.23262514173984528,0.9699699878692627,0.3199699819087982
YMR203W,YMR272C,0,-0.6224854,0.23254139721393585,0.9699699878692627,0.3201201260089874
YJL060W,YMR046C,0,-0.62254035,0.2324577122926712,0.9699699878692627,0.32027027010917664
YDL206W,YDR146C,0,-0.6227565,0.23237410187721252,0.9699699878692627,0.32042041420936584
YMR284W,YOL112W,0,-0.6228727,0.23229053616523743,0.9699699878692627,0.32057055830955505
YJR053W,YOL062C,0,-0.6235557,0.2322070449590683,0.9699699878692627,0.32072073221206665
YAL024C,YMR114C,0,-0.62408197,0.23212361335754395,0.9699699878692627,0.32087087631225586
YKL144C,YFR052W,0,-0.62447834,0.23204022645950317,0.9699699878692627,0.32102102041244507
YER162C,YLL017W,0,-0.6247079,0.23195691406726837,0.9699699878692627,0.3211711645126343
YGL209W,YNL231C,0,-0.62530327,0.23187366127967834,0.9699699878692627,0.3213213086128235
YDR082W,YIL139C,0,-0.6255252,0.2317904531955719,0.9699699878692627,0.3214714825153351
YGR281W,YPL274W,0,-0.626009,0.23170731961727142,0.9699699878692627,0.3216216266155243
YDL055C,YBR052C,0,-0.6260738,0.23162423074245453,0.9699699878692627,0.3217717707157135
YJR107W,YBR177C,0,-0.6262696,0.2315412163734436,0.9699699878692627,0.3219219148159027
YLR244C,YJR026W,0,-0.62832475,0.23145826160907745,0.9699699878692627,0.3220720589160919
YJR057W,YMR077C,0,-0.6296601,0.23137535154819489,0.9699699878692627,0.3222222328186035
YNR002C,YDR496C,0,-0.6304801,0.2312925159931183,0.9699699878692627,0.3223723769187927
YOL102C,YCL052C,0,-0.63085896,0.23120974004268646,0.9699699878692627,0.32252252101898193
YPR196W,YGR084C,0,-0.63094497,0.23112700879573822,0.9699699878692627,0.32267266511917114
YPL113C,YKL015W,0,-0.63127536,0.23104435205459595,0.9699699878692627,0.32282280921936035
YDR082W,YKL061W,0,-0.6326887,0.23096174001693726,0.9699699878692627,0.32297298312187195
YNL026W,YLL033W,0,-0.6329889,0.23087920248508453,0.9699699878692627,0.32312312722206116
YML073C,YML049C,0,-0.63339317,0.2307967096567154,0.9699699878692627,0.32327327132225037
YIL135C,YBL034C,0,-0.6345488,0.23071429133415222,0.9699699878692627,0.3234234154224396
YOR147W,YPL096W,0,-0.6355148,0.23063191771507263,0.9699699878692627,0.3235735595226288
YGL050W,YEL070W,0,-0.635967,0.23054960370063782,0.9699699878692627,0.3237237334251404
YNR057C,YMR034C,0,-0.63705564,0.23046734929084778,0.9699699878692627,0.3238738775253296
YPL200W,YDR195W,0,-0.6374424,0.2303851693868637,0.9699699878692627,0.3240240216255188
YNL153C,YJL112W,0,-0.63756156,0.23030303418636322,0.9699699878692627,0.324174165725708
YCR011C,YGL241W,0,-0.6380461,0.2302209585905075,0.9699699878692627,0.3243243098258972
YGL010W,YFL054C,0,-0.6395477,0.23013894259929657,0.9699699878692627,0.3244744837284088
YGL236C,YDL083C,0,-0.64107305,0.2300569862127304,0.9699699878692627,0.324624627828598
YHR030C,YFL002W-B,0,-0.6422527,0.22997507452964783,0.9699699878692627,0.32477477192878723
YJR055W,YHR082C,0,-0.6426315,0.22989323735237122,0.9699699878692627,0.32492491602897644
YPR083W,YPR060C,0,-0.6437553,0.22981145977973938,0.9699699878692627,0.32507508993148804
YLR208W,YLR227W-B,0,-0.64532995,0.22972972691059113,0.9699699878692627,0.32522523403167725
YBR002C,YDR062W,0,-0.64676887,0.22964806854724884,0.9699699878692627,0.32537537813186646
YLR447C,YOR222W,0,-0.64740187,0.22956645488739014,0.9699699878692627,0.32552552223205566
YCL043C,YOR351C,0,-0.64824235,0.2294849008321762,0.9699699878692627,0.3256756663322449
YDR351W,YKR019C,0,-0.6486186,0.22940340638160706,0.9699699878692627,0.32582584023475647
YCL018W,YNL281W,0,-0.6488511,0.22932197153568268,0.9699699878692627,0.3259759843349457
YNL309W,YDR173C,0,-0.6515142,0.22924059629440308,0.9699699878692627,0.3261261284351349
YDR453C,YOR209C,0,-0.65420544,0.22915928065776825,0.9699699878692627,0.3262762725353241
YER103W,YML052W,0,-0.65441835,0.229078009724617,0.9699699878692627,0.3264264166355133
YOR304W,YIL048W,0,-0.6552316,0.22899681329727173,0.9699699878692627,0.3265765905380249
YGL170C,YDL245C,0,-0.6553807,0.22891566157341003,0.9699699878692627,0.3267267346382141
YJL004C,YBL052C,0,-0.65688425,0.22883456945419312,0.9699699878692627,0.3268768787384033
YJR151C,YLR285W,0,-0.6569661,0.22875353693962097,0.9699699878692627,0.32702702283859253
YGR077C,YPL112C,1,-0.6604276,0.22902655601501465,0.9714714884757996,0.32702702283859253
YKL093W,YLR187W,0,-0.66078186,0.2289455085992813,0.9714714884757996,0.32717716693878174
YJR078W,YOR304W,0,-0.66203135,0.22886452078819275,0.9714714884757996,0.32732734084129333
YDR306C,YPR001W,0,-0.66243476,0.22878359258174896,0.9714714884757996,0.32747748494148254
YKL020C,YMR077C,0,-0.6626407,0.22870272397994995,0.9714714884757996,0.32762762904167175
YOL043C,YNL284C,0,-0.6626416,0.22862191498279572,0.9714714884757996,0.32777777314186096
YLL002W,YMR025W,0,-0.66366917,0.22854115068912506,0.9714714884757996,0.32792791724205017
YNL079C,YLR309C,0,-0.66407144,0.22846044600009918,0.9714714884757996,0.32807809114456177
YGR109W-B,YKR006C,0,-0.6642807,0.22837981581687927,0.9714714884757996,0.328228235244751
YNL102W,YIL080W,0,-0.6649101,0.22829923033714294,0.9714714884757996,0.3283783793449402
YPL151C,YML128C,0,-0.66515446,0.2282186895608902,0.9714714884757996,0.3285285234451294
YDR472W,YNL219C,0,-0.6652385,0.22813822329044342,0.9714714884757996,0.3286786675453186
YLR244C,YOR142W-A,0,-0.6654038,0.22805780172348022,0.9714714884757996,0.3288288414478302
YFR019W,YDR281C,0,-0.66880596,0.227977454662323,0.9714714884757996,0.3289789855480194
YMR089C,YJR140C,0,-0.6712358,0.22789715230464935,0.9714714884757996,0.3291291296482086
YDR211W,YCR052W,0,-0.6715883,0.2278168946504593,0.9714714884757996,0.3292792737483978
YLR026C,YLR325C,0,-0.67218924,0.2277367115020752,0.9714714884757996,0.32942941784858704
YMR218C,YER137C-A,0,-0.67227924,0.22765657305717468,0.9714714884757996,0.32957959175109863
YPL200W,YGR118W,0,-0.67280287,0.22757650911808014,0.9714714884757996,0.32972973585128784
YNL138W,YJL006C,0,-0.67307985,0.22749648988246918,0.9714714884757996,0.32987987995147705
YDR082W,YJR083C,0,-0.67368156,0.2274165153503418,0.9714714884757996,0.33003002405166626
YOR126C,YNL283C,0,-0.674878,0.22733661532402039,0.9714714884757996,0.33018016815185547
YOR219C,YER145C,0,-0.67612547,0.22725676000118256,0.9714714884757996,0.33033034205436707
YPL110C,YMR272C,0,-0.676563,0.2271769642829895,0.9714714884757996,0.3304804861545563
YOR301W,YNL208W,0,-0.67830455,0.22709722816944122,0.9714714884757996,0.3306306302547455
YGR109W-B,YNL010W,0,-0.6789179,0.22701753675937653,0.9714714884757996,0.3307807743549347
YGL209W,YCL014W,0,-0.6793934,0.2269379198551178,0.9714714884757996,0.3309309184551239
YBR118W,YKL095W,0,-0.67976713,0.22685834765434265,0.9714714884757996,0.3310810923576355
YDR059C,YCR087C-A,0,-0.6803348,0.22677883505821228,0.9714714884757996,0.3312312364578247
YBR287W,YLR389C,0,-0.68052983,0.2266993671655655,0.9714714884757996,0.3313813805580139
YNL008C,YDR064W,0,-0.68106794,0.22661995887756348,0.9714714884757996,0.3315315246582031
YDR254W,YNL010W,0,-0.6826059,0.22654061019420624,0.9714714884757996,0.33168166875839233
YPL167C,YDR195W,0,-0.68285084,0.22646132111549377,0.9714714884757996,0.33183184266090393
YJL114W,YCR046C,0,-0.6829015,0.2263820916414261,0.9714714884757996,0.33198198676109314
YNL283C,YOR148C,0,-0.6836197,0.22630290687084198,0.9714714884757996,0.33213213086128235
YHR074W,YMR025W,0,-0.68411314,0.22622378170490265,0.9714714884757996,0.33228227496147156
YOR304W,YJR040W,0,-0.685719,0.2261447012424469,0.9714714884757996,0.33243241906166077
YKL203C,YJL149W,0,-0.6869062,0.22606569528579712,0.9714714884757996,0.33258259296417236
YGR221C,YKL171W,0,-0.6874021,0.22598673403263092,0.9714714884757996,0.3327327370643616
YMR180C,YGL060W,0,-0.6877236,0.2259078174829483,0.9714714884757996,0.3328828811645508
YIL088C,YKL172W,0,-0.688364,0.22582897543907166,0.9714714884757996,0.33303302526474
YEL036C,YOL052C,0,-0.6884668,0.2257501780986786,0.9714714884757996,0.3331831693649292
YLR183C,YLR209C,0,-0.6889359,0.2256714403629303,0.9714714884757996,0.3333333432674408
YJL124C,YDL074C,0,-0.68916583,0.2255927473306656,0.9714714884757996,0.33348348736763
YDR378C,YDL133C-A,0,-0.68919444,0.22551411390304565,0.9714714884757996,0.3336336314678192
YNL297C,YDR389W,0,-0.689657,0.2254355400800705,0.9714714884757996,0.3337837755680084
YOR317W,YFR052W,0,-0.69145584,0.2253570258617401,0.9714714884757996,0.33393391966819763
YML051W,YKL175W,0,-0.6928953,0.2252785563468933,0.9714714884757996,0.33408409357070923
YPL127C,YBL089W,0,-0.6932129,0.22520014643669128,0.9714714884757996,0.33423423767089844
YNL314W,YPL094C,0,-0.6937271,0.22512178122997284,0.9714714884757996,0.33438438177108765
YOR377W,YOR355W,0,-0.6941198,0.22504347562789917,0.9714714884757996,0.33453452587127686
YPR196W,YIL083C,0,-0.69465953,0.22496522963047028,0.9714714884757996,0.33468466997146606
YCR011C,YIL177C,0,-0.6950097,0.22488702833652496,0.9714714884757996,0.33483484387397766
YOR301W,YKR068C,0,-0.6954242,0.22480890154838562,0.9714714884757996,0.33498498797416687
YJL124C,YDL225W,0,-0.69611,0.22473080456256866,0.9714714884757996,0.3351351320743561
YLR452C,YNL080C,0,-0.6963167,0.22465278208255768,0.9714714884757996,0.3352852761745453
YOR237W,YDR306C,0,-0.6967963,0.22457480430603027,0.9714714884757996,0.3354354500770569
YPL083C,YCL004W,0,-0.69859374,0.22449687123298645,0.9714714884757996,0.3355855941772461
YDR310C,YJL206C,0,-0.69876194,0.2244190126657486,0.9714714884757996,0.3357357382774353
YOR297C,YMR115W,0,-0.6992167,0.22434119880199432,0.9714714884757996,0.3358858823776245
YNL016W,YLR209C,0,-0.7010219,0.22426342964172363,0.9714714884757996,0.3360360264778137
YDR429C,YKL210W,0,-0.70185834,0.22418572008609772,0.9714714884757996,0.3361862003803253
YKL130C,YOR351C,0,-0.7019357,0.22410807013511658,0.9714714884757996,0.3363363444805145
YMR168C,YLR452C,0,-0.7024716,0.22403046488761902,0.9714714884757996,0.33648648858070374
YKR054C,YPR043W,0,-0.70265365,0.22395291924476624,0.9714714884757996,0.33663663268089294
YKL165C,YOL108C,0,-0.7027855,0.22387543320655823,0.9714714884757996,0.33678677678108215
YKL161C,YPL112C,0,-0.7053542,0.2237979918718338,0.9714714884757996,0.33693695068359375
YOL010W,YER175C,0,-0.7056176,0.22372061014175415,0.9714714884757996,0.33708709478378296
YKL161C,YJL085W,0,-0.7063881,0.22364327311515808,0.9714714884757996,0.33723723888397217
YDR404C,YLR164W,0,-0.70666623,0.2235659956932068,0.9714714884757996,0.3373873829841614
YOR025W,YDR262W,0,-0.70683706,0.22348877787590027,0.9714714884757996,0.3375375270843506
YJR151C,YJL006C,0,-0.707538,0.22341160476207733,0.9714714884757996,0.3376877009868622
YGL186C,YDR174W,0,-0.70773923,0.22333449125289917,0.9714714884757996,0.3378378450870514
YIL108W,YDR453C,0,-0.7079301,0.2232574224472046,0.9714714884757996,0.3379879891872406
YBL091C-A,YOR099W,0,-0.709335,0.22318041324615479,0.9714714884757996,0.3381381332874298
YOL066C,YDL028C,0,-0.7119135,0.22310344874858856,0.9714714884757996,0.338288277387619
YBL052C,YJR133W,0,-0.7120485,0.22302654385566711,0.9714714884757996,0.3384384512901306
YDR449C,YLR251W,0,-0.7129077,0.22294968366622925,0.9714714884757996,0.3385885953903198
YKR056W,YJR149W,0,-0.7141075,0.22287288308143616,0.9714714884757996,0.33873873949050903
YOL045W,YNL302C,0,-0.7152202,0.22279614210128784,0.9714714884757996,0.33888888359069824
YFR013W,YJL192C,0,-0.71561474,0.2227194458246231,0.9714714884757996,0.33903902769088745
YOL090W,YKR028W,0,-0.7157065,0.22264280915260315,0.9714714884757996,0.33918920159339905
YBR183W,YNL307C,0,-0.7176024,0.22256621718406677,0.9714714884757996,0.33933934569358826
YGL162W,YDR164C,0,-0.7180704,0.22248968482017517,0.9714714884757996,0.33948948979377747
YBR182C,YMR054W,0,-0.7184185,0.22241319715976715,0.9714714884757996,0.3396396338939667
YNL008C,YDL107W,0,-0.71859753,0.2223367691040039,0.9714714884757996,0.3397897779941559
YGR155W,YCR046C,0,-0.71926033,0.22226038575172424,0.9714714884757996,0.3399399518966675
YHR060W,YOL158C,0,-0.72000134,0.22218406200408936,0.9714714884757996,0.3400900959968567
YMR168C,YBL026W,0,-0.72028255,0.22210779786109924,0.9714714884757996,0.3402402400970459
YNL236W,YLR410W-B,0,-0.720475,0.2220315784215927,0.9714714884757996,0.3403903841972351
YNR003C,YDR151C,0,-0.721005,0.22195540368556976,0.9714714884757996,0.3405405282974243
YJL004C,YDR470C,0,-0.7212774,0.2218792885541916,0.9714714884757996,0.3406907021999359
YGL169W,YER137C,0,-0.7212859,0.221803218126297,0.9714714884757996,0.3408408463001251
YER022W,YLR350W,0,-0.7213151,0.22172720730304718,0.9714714884757996,0.34099099040031433
YML051W,YDR457W,0,-0.7219978,0.22165125608444214,0.9714714884757996,0.34114113450050354
YMR186W,YDR497C,0,-0.72209024,0.22157534956932068,0.9714714884757996,0.34129127860069275
YNL298W,YOR098C,0,-0.7242807,0.2214994877576828,0.9714714884757996,0.34144145250320435
YGR056W,YHL034C,0,-0.7245524,0.2214236855506897,0.9714714884757996,0.34159159660339355
YGR161W-B,YLR130C,0,-0.72587895,0.22134792804718018,0.9714714884757996,0.34174174070358276
YAR035W,YML109W,0,-0.7265215,0.22127223014831543,0.9714714884757996,0.341891884803772
YIR004W,YDR244W,1,-0.72813416,0.2215384542942047,0.9729729890823364,0.341891884803772
YDL054C,YMR159C,0,-0.7290374,0.22146274149417877,0.9729729890823364,0.3420420289039612
YPL151C,YLR285W,0,-0.72941554,0.2213870882987976,0.9729729890823364,0.3421922028064728
YDR353W,YJR133W,0,-0.731354,0.22131147980690002,0.9729729890823364,0.342342346906662
YPL064C,YPR030W,0,-0.7324566,0.22123591601848602,0.9729729890823364,0.3424924910068512
YML073C,YOL107W,0,-0.7326975,0.2211604118347168,0.9729729890823364,0.3426426351070404
YMR117C,YNR035C,0,-0.7341669,0.22108495235443115,0.9729729890823364,0.3427927792072296
YMR269W,YLR386W,0,-0.73691946,0.22100955247879028,0.9729729890823364,0.3429429531097412
YIL134W,YDR470C,0,-0.7370539,0.220934197306633,0.9729729890823364,0.3430930972099304
YGL162W,YOR378W,0,-0.7385679,0.22085890173912048,0.9729729890823364,0.34324324131011963
YPL104W,YOL054W,0,-0.7386054,0.22078365087509155,0.9729729890823364,0.34339338541030884
YAL051W,YBR168W,1,-0.7393061,0.22104904055595398,0.9744744896888733,0.34339338541030884
YHR211W,YLR309C,0,-0.74137664,0.22097378969192505,0.9744744896888733,0.34354352951049805
YOR038C,YJL206C,0,-0.7424123,0.2208985686302185,0.9744744896888733,0.34369370341300964
YJL087C,YAR031W,0,-0.742965,0.22082340717315674,0.9744744896888733,0.34384384751319885
YER046W,YDR109C,0,-0.74361676,0.22074830532073975,0.9744744896888733,0.34399399161338806
YIL139C,YIL079C,0,-0.7440153,0.22067323327064514,0.9744744896888733,0.34414413571357727
YHR214C-B,YJL140W,0,-0.7440223,0.2205982357263565,0.9744744896888733,0.3442942798137665
YIL134W,YAL024C,0,-0.74465656,0.22052328288555145,0.9744744896888733,0.3444444537162781
YLR300W,YDL039C,0,-0.74561787,0.22044837474822998,0.9744744896888733,0.3445945978164673
YKR008W,YGL244W,0,-0.746129,0.2203735113143921,0.9744744896888733,0.3447447419166565
YFR019W,YMR239C,0,-0.74709815,0.22029870748519897,0.9744744896888733,0.3448948860168457
YIL088C,YOR123C,0,-0.7473013,0.22022396326065063,0.9744744896888733,0.3450450599193573
YKL190W,YML030W,0,-0.7474948,0.22014924883842468,0.9744744896888733,0.3451952040195465
YLR020C,YBL029C-A,0,-0.74827385,0.2200746089220047,0.9744744896888733,0.3453453481197357
YLR208W,YGR175C,0,-0.74891526,0.2199999988079071,0.9744744896888733,0.3454954922199249
YOR274W,YDL045C,0,-0.7496255,0.21992544829845428,0.9744744896888733,0.34564563632011414
YKL007W,YFL066C,0,-0.7498559,0.21985094249248505,0.9744744896888733,0.34579581022262573
YER008C,YJR103W,0,-0.7506859,0.21977649629116058,0.9744744896888733,0.34594595432281494
YCR014C,YGL256W,0,-0.75114524,0.2197020947933197,0.9744744896888733,0.34609609842300415
YPL240C,YGR095C,0,-0.7521195,0.2196277529001236,0.9744744896888733,0.34624624252319336
YMR093W,YLR410W-A,0,-0.7525394,0.21955345571041107,0.9744744896888733,0.34639638662338257
YAL024C,YGL019W,0,-0.75276303,0.21947920322418213,0.9744744896888733,0.34654656052589417
YHR002W,YLL027W,0,-0.7530295,0.21940501034259796,0.9744744896888733,0.3466967046260834
YOR071C,YMR093W,0,-0.75306594,0.21933086216449738,0.9744744896888733,0.3468468487262726
YKR035W-A,YJR034W,0,-0.7532559,0.21925675868988037,0.9744744896888733,0.3469969928264618
YJR127C,YER185W,0,-0.7541322,0.21918271481990814,0.9744744896888733,0.347147136926651
YLL002W,YKR008W,0,-0.7577828,0.2191087156534195,0.9744744896888733,0.3472973108291626
YEL069C,YPL147W,0,-0.76006776,0.21903476119041443,0.9744744896888733,0.3474474549293518
YOL102C,YGR134W,0,-0.76013386,0.21896086633205414,0.9744744896888733,0.347597599029541
YJL124C,YMR246W,0,-0.76018405,0.21888701617717743,0.9744744896888733,0.3477477431297302
YGR077C,YMR137C,0,-0.760647,0.2188132107257843,0.9744744896888733,0.34789788722991943
YOL082W,YOR243C,0,-0.76098025,0.21873946487903595,0.9744744896888733,0.34804806113243103
YJL124C,YNL219C,0,-0.7619903,0.21866576373577118,0.9744744896888733,0.34819820523262024
YLR113W,YIR005W,0,-0.7625282,0.21859212219715118,0.9744744896888733,0.34834834933280945
YJR119C,YPR135W,0,-0.76345146,0.21851852536201477,0.9744744896888733,0.34849849343299866
YER150W,YBR192W,0,-0.7638638,0.21844497323036194,0.9744744896888733,0.34864863753318787
YJR006W,YLL033W,0,-0.764225,0.2183714658021927,0.9744744896888733,0.34879881143569946
YGL241W,YMR099C,0,-0.7647899,0.2182980179786682,0.9744744896888733,0.34894895553588867
YGR167W,YER171W,0,-0.7652042,0.21822461485862732,0.9744744896888733,0.3490990996360779
YGR216C,YBL091C-A,0,-0.7661528,0.21815125644207,0.9744744896888733,0.3492492437362671
YOR215C,YPL065W,0,-0.76724356,0.21807795763015747,0.9744744896888733,0.3493993878364563
YMR186W,YDR207C,0,-0.76897025,0.21800470352172852,0.9744744896888733,0.3495495617389679
YOL052C,YOL028C,0,-0.76909274,0.21793149411678314,0.9744744896888733,0.3496997058391571
YLR447C,YPL188W,0,-0.76920635,0.21785834431648254,0.9744744896888733,0.3498498499393463
YHR132C,YBR170C,0,-0.76944906,0.21778523921966553,0.9744744896888733,0.3499999940395355
YHR179W,YBR187W,0,-0.7700802,0.2177121788263321,0.9744744896888733,0.35015013813972473
YIR025W,YFL001W,0,-0.7701156,0.21763916313648224,0.9744744896888733,0.35030031204223633
YDR383C,YMR168C,0,-0.77023584,0.21756620705127716,0.9744744896888733,0.35045045614242554
YNR013C,YJL206C,0,-0.7704888,0.21749329566955566,0.9744744896888733,0.35060060024261475
YIL042C,YOR162C,0,-0.7712972,0.21742042899131775,0.9744744896888733,0.35075074434280396
YPL094C,YDR164C,0,-0.7713269,0.2173476219177246,0.9744744896888733,0.35090088844299316
YMR054W,YPL087W,0,-0.77301085,0.21727485954761505,0.9744744896888733,0.35105106234550476
YIL076W,YML039W,0,-0.7746943,0.21720214188098907,0.9744744896888733,0.35120120644569397
YER162C,YMR228W,0,-0.7757013,0.21712946891784668,0.9744744896888733,0.3513513505458832
YOR232W,YKL085W,0,-0.77633524,0.21705685555934906,0.9744744896888733,0.3515014946460724
YIR011C,YJL060W,0,-0.77657396,0.21698428690433502,0.9744744896888733,0.3516516387462616
YCL018W,YCR052W,0,-0.7777793,0.21691176295280457,0.9744744896888733,0.3518018126487732
YPL200W,YAL040C,0,-0.778656,0.21683929860591888,0.9744744896888733,0.3519519567489624
YHR119W,YLR153C,0,-0.7791424,0.2167668640613556,0.9744744896888733,0.3521021008491516
YDL065C,YMR204C,1,-0.78003144,0.21702837944030762,0.9759759902954102,0.3521021008491516
YGR180C,YPL104W,0,-0.7820896,0.21695594489574432,0.9759759902954102,0.3522522449493408
YIL159W,YDR151C,0,-0.7827821,0.2168835550546646,0.9759759902954102,0.35240238904953003
YER013W,YDR137W,0,-0.78301775,0.21681120991706848,0.9759759902954102,0.3525525629520416
YNR004W,YDL015C,0,-0.7835381,0.21673890948295593,0.9759759902954102,0.35270270705223083
YLR219W,YPL104W,0,-0.78360987,0.21666666865348816,0.9759759902954102,0.35285285115242004
YDR076W,YGL169W,0,-0.78420824,0.21659447252750397,0.9759759902954102,0.35300299525260925
YOL142W,YNL261W,0,-0.78427356,0.21652232110500336,0.9759759902954102,0.35315313935279846
YBL041W,YLR005W,0,-0.78488106,0.21645021438598633,0.9759759902954102,0.35330331325531006
YOR106W,YGL004C,0,-0.785134,0.21637816727161407,0.9759759902954102,0.35345345735549927
YHR150W,YPL112C,1,-0.78519475,0.2166389375925064,0.977477490901947,0.35345345735549927
YCL008C,YDL022W,0,-0.78532153,0.21656686067581177,0.977477490901947,0.3536036014556885
YMR168C,YMR033W,0,-0.7866496,0.2164948433637619,0.977477490901947,0.3537537455558777
YJL176C,YBR173C,0,-0.78667134,0.21642287075519562,0.977477490901947,0.3539038896560669
YPL196W,YPR043W,0,-0.7867776,0.21635094285011292,0.977477490901947,0.3540540635585785
YKL117W,YFL021W,0,-0.7900603,0.216279074549675,0.977477490901947,0.3542042076587677
YML071C,YOR194C,0,-0.790066,0.21620723605155945,0.977477490901947,0.3543543517589569
YLL055W,YHR057C,0,-0.79085183,0.21613545715808868,0.977477490901947,0.3545044958591461
YNR004W,YOR038C,0,-0.79226923,0.2160637229681015,0.977477490901947,0.3546546399593353
YEL012W,YOL112W,0,-0.79283404,0.2159920334815979,0.977477490901947,0.3548048138618469
YDR263C,YGL244W,0,-0.7930399,0.21592040359973907,0.977477490901947,0.35495495796203613
YNL314W,YKL171W,0,-0.7944286,0.21584880352020264,0.977477490901947,0.35510510206222534
YMR269W,YHR156C,0,-0.7954232,0.21577726304531097,0.977477490901947,0.35525524616241455
YER151C,YGL216W,0,-0.79577637,0.2157057672739029,0.977477490901947,0.35540542006492615
YBR196C,YGL169W,0,-0.79598796,0.2156343162059784,0.977477490901947,0.35555556416511536
YGR109W-B,YNL314W,0,-0.79623365,0.21556290984153748,0.977477490901947,0.35570570826530457
YBR095C,YPL050C,0,-0.79810524,0.21549156308174133,0.977477490901947,0.3558558523654938
YKL165C,YNL262W,0,-0.7999841,0.21542024612426758,0.977477490901947,0.356005996465683
YBL041W,YFR045W,0,-0.80055296,0.2153489887714386,0.977477490901947,0.3561561703681946
YOR388C,YLR386W,0,-0.8006143,0.2152777761220932,0.977477490901947,0.3563063144683838
YHR002W,YKL119C,0,-0.80112994,0.21520660817623138,0.977477490901947,0.356456458568573
YAL060W,YOR168W,0,-0.80129427,0.21513549983501434,0.977477490901947,0.3566066026687622
YIL002C,YPL259C,0,-0.80184877,0.2150644212961197,0.977477490901947,0.3567567467689514
YPL042C,YKR002W,0,-0.80421925,0.2149934023618698,0.977477490901947,0.356906920671463
YOR074C,YDR205W,0,-0.8053159,0.21492241322994232,0.977477490901947,0.3570570647716522
YER137C-A,YKL130C,0,-0.8054155,0.2148514837026596,0.977477490901947,0.35720720887184143
YER101C,YMR301C,0,-0.80566037,0.21478059887886047,0.977477490901947,0.35735735297203064
YLL029W,YJL141C,0,-0.807095,0.21470975875854492,0.977477490901947,0.35750749707221985
YFL002W-B,YCL008C,0,-0.8079691,0.21463897824287415,0.977477490901947,0.35765767097473145
YOR304W,YNL258C,0,-0.8084154,0.21456822752952576,0.977477490901947,0.35780781507492065
YJR082C,YNR010W,0,-0.8097608,0.21449752151966095,0.977477490901947,0.35795795917510986
YKL095W,YML128C,0,-0.8097779,0.21442687511444092,0.977477490901947,0.3581081032752991
YDR159W,YJL082W,0,-0.8103528,0.21435627341270447,0.977477490901947,0.3582582473754883
YDR026C,YNL307C,0,-0.8115219,0.2142857164144516,0.977477490901947,0.3584084212779999
YLR103C,YAL038W,0,-0.8117682,0.2142152041196823,0.977477490901947,0.3585585653781891
YML071C,YJL191W,0,-0.8122742,0.2141447365283966,0.977477490901947,0.3587087094783783
YFL038C,YLR309C,0,-0.81405616,0.21407431364059448,0.977477490901947,0.3588588535785675
YPL167C,YML006C,0,-0.8145797,0.21400395035743713,0.977477490901947,0.3590089976787567
YBR125C,YBR243C,0,-0.81472075,0.21393361687660217,0.977477490901947,0.3591591715812683
YDL197C,YOR138C,0,-0.81597245,0.213863343000412,0.977477490901947,0.3593093156814575
YMR020W,YNL208W,0,-0.8161633,0.2137930989265442,0.977477490901947,0.35945945978164673
YDR306C,YGR070W,0,-0.81831586,0.21372291445732117,0.977477490901947,0.35960960388183594
YNL172W,YHR066W,0,-0.82031447,0.21365277469158173,0.977477490901947,0.35975974798202515
YLR209C,YML132W,0,-0.8205627,0.21358267962932587,0.977477490901947,0.35990992188453674
YPR194C,YGL237C,0,-0.82068163,0.2135126292705536,0.977477490901947,0.36006006598472595
YNL314W,YHR005C-A,0,-0.8220192,0.2134426236152649,0.977477490901947,0.36021021008491516
YDR245W,YGR089W,0,-0.82247066,0.21337266266345978,0.977477490901947,0.36036035418510437
YEL012W,YOR349W,0,-0.8226473,0.21330274641513824,0.977477490901947,0.3605104982852936
YIL132C,YER130C,0,-0.8228025,0.2132328897714615,0.977477490901947,0.3606606721878052
YGL244W,YFL021W,0,-0.823723,0.21316306293010712,0.977477490901947,0.3608108162879944
YFR018C,YNL259C,0,-0.82483745,0.21309329569339752,0.977477490901947,0.3609609603881836
YAR002C-A,YLR050C,0,-0.82559,0.21302355825901031,0.977477490901947,0.3611111044883728
YPR011C,YPL213W,0,-0.8256064,0.21295388042926788,0.977477490901947,0.361261248588562
YDR411C,YDR449C,0,-0.82564026,0.21288423240184784,0.977477490901947,0.3614114224910736
YBR202W,YLR219W,0,-0.8256708,0.21281464397907257,0.977477490901947,0.3615615665912628
YDR067C,YJR032W,0,-0.82614684,0.21274510025978088,0.977477490901947,0.361711710691452
YDR512C,YNL335W,0,-0.82712746,0.21267560124397278,0.977477490901947,0.36186185479164124
YIL139C,YFL048C,0,-0.8281579,0.21260614693164825,0.977477490901947,0.36201199889183044
YNL147W,YJL191W,0,-0.8284074,0.21253672242164612,0.977477490901947,0.36216217279434204
YKL161C,YKL096W-A,0,-0.8289443,0.21246735751628876,0.977477490901947,0.36231231689453125
YIL006W,YIL170W,0,-0.8289886,0.21239803731441498,0.977477490901947,0.36246246099472046
YLR425W,YPL259C,0,-0.829725,0.21232876181602478,0.977477490901947,0.36261260509490967
YCL036W,YGR081C,0,-0.82982635,0.21225953102111816,0.977477490901947,0.3627627491950989
YNR021W,YNR035C,0,-0.8302852,0.21219034492969513,0.977477490901947,0.3629129230976105
YHR175W,YDL170W,0,-0.8304734,0.21212121844291687,0.977477490901947,0.3630630671977997
YJR151C,YOR311C,0,-0.83097154,0.212052121758461,0.977477490901947,0.3632132112979889
YNL236W,YIL048W,0,-0.83181363,0.2119830697774887,0.977477490901947,0.3633633553981781
YJR028W,YOL026C,0,-0.83375883,0.2119140625,0.977477490901947,0.3635134994983673
YDR263C,YOR304C-A,0,-0.83534235,0.21184509992599487,0.977477490901947,0.3636636734008789
YDR082W,YGL170C,0,-0.8366629,0.21177618205547333,0.977477490901947,0.3638138175010681
YHR056C,YOR285W,0,-0.8366828,0.21170732378959656,0.977477490901947,0.3639639616012573
YPR111W,YFL021W,0,-0.8368741,0.21163849532604218,0.977477490901947,0.36411410570144653
YGR144W,YIL140W,0,-0.8391976,0.21156971156597137,0.977477490901947,0.36426424980163574
YJL112W,YNL147W,0,-0.839708,0.21150097250938416,0.977477490901947,0.36441442370414734
YNL302C,YDR159W,0,-0.84220946,0.21143227815628052,0.977477490901947,0.36456456780433655
YPL139C,YNR028W,0,-0.8422287,0.21136364340782166,0.977477490901947,0.36471471190452576
YEL069C,YML071C,0,-0.8426648,0.21129503846168518,0.977477490901947,0.36486485600471497
YIL140W,YMR304W,0,-0.84311867,0.2112264782190323,0.977477490901947,0.36501502990722656
YPL099C,YLR164W,0,-0.84321666,0.21115796267986298,0.977477490901947,0.36516517400741577
YJR004C,YOR212W,0,-0.8445038,0.21108949184417725,0.977477490901947,0.365315318107605
YNL219C,YIR032C,0,-0.8459094,0.2110210657119751,0.977477490901947,0.3654654622077942
YER014C-A,YGR177C,0,-0.8501421,0.21095268428325653,0.977477490901947,0.3656156063079834
YBR118W,YOL028C,0,-0.8501878,0.21088434755802155,0.977477490901947,0.365765780210495
YLR197W,YFL002W-B,0,-0.8506818,0.21081605553627014,0.977477490901947,0.3659159243106842
YOR099W,YLR301W,0,-0.8508761,0.21074780821800232,0.977477490901947,0.3660660684108734
YER151C,YKL053C-A,0,-0.8515796,0.21067960560321808,0.977477490901947,0.3662162125110626
YNR074C,YPL064C,0,-0.8526822,0.21061144769191742,0.977477490901947,0.36636635661125183
YGL158W,YLR042C,0,-0.85291713,0.21054333448410034,0.977477490901947,0.3665165305137634
YGL225W,YMR239C,0,-0.8538141,0.21047526597976685,0.977477490901947,0.36666667461395264
YPR125W,YNL078W,0,-0.8567397,0.21040724217891693,0.977477490901947,0.36681681871414185
YMR295C,YER115C,0,-0.8573242,0.2103392630815506,0.977477490901947,0.36696696281433105
YJR053W,YGL019W,0,-0.8580041,0.21027131378650665,0.977477490901947,0.36711710691452026
YOL103W-B,YDL246C,0,-0.8584032,0.21020342409610748,0.977477490901947,0.36726728081703186
YER008C,YMR077C,0,-0.85887235,0.2101355642080307,0.977477490901947,0.36741742491722107
YJR151C,YOL093W,0,-0.858881,0.2100677639245987,0.977477490901947,0.3675675690174103
YAL024C,YKL182W,0,-0.863831,0.20999999344348907,0.977477490901947,0.3677177131175995
YBR278W,YOL151W,0,-0.8654659,0.20993228256702423,0.977477490901947,0.3678678572177887
YKL119C,YAL029C,0,-0.8666684,0.20986460149288177,0.977477490901947,0.3680180311203003
YPL042C,YNL044W,0,-0.8667514,0.2097969651222229,0.977477490901947,0.3681681752204895
YLR404W,YFR033C,0,-0.8675662,0.2097293883562088,0.977477490901947,0.3683183193206787
YOR343W-B,YPL240C,0,-0.87050104,0.2096618413925171,0.977477490901947,0.3684684634208679
YPL240C,YPR083W,0,-0.8711337,0.20959433913230896,0.977477490901947,0.36861860752105713
YAL016W,YKL201C,0,-0.8745971,0.2095268815755844,0.977477490901947,0.3687687814235687
YKL117W,YNL092W,0,-0.8755049,0.20945945382118225,0.977477490901947,0.36891892552375793
YOR324C,YIL076W,0,-0.8770489,0.20939208567142487,0.977477490901947,0.36906906962394714
YPR113W,YNR035C,0,-0.8775572,0.20932476222515106,0.977477490901947,0.36921921372413635
YPL276W,YGR229C,0,-0.87850434,0.20925746858119965,0.977477490901947,0.36936935782432556
YDR415C,YNR060W,0,-0.87897485,0.209190234541893,0.977477490901947,0.36951953172683716
YFL038C,YOR008C,0,-0.8795406,0.20912303030490875,0.977477490901947,0.36966967582702637
YJR004C,YDR260C,0,-0.8804025,0.20905587077140808,0.977477490901947,0.3698198199272156
YKL082C,YOR349W,0,-0.8829518,0.20898877084255219,0.977477490901947,0.3699699640274048
YOL141W,YKR102W,0,-0.88352704,0.20892170071601868,0.977477490901947,0.370120108127594
YLR268W,YNR035C,0,-0.88486755,0.20885467529296875,0.977477490901947,0.3702702820301056
YMR284W,YPL259C,0,-0.88557625,0.2087876796722412,0.977477490901947,0.3704204261302948
YCR093W,YNL314W,0,-0.8860395,0.20872074365615845,0.977477490901947,0.370570570230484
YKR019C,YKL015W,0,-0.886487,0.20865385234355927,0.977477490901947,0.3707207143306732
YLR228C,YCL034W,0,-0.8884958,0.20858699083328247,0.977477490901947,0.3708708584308624
YPR091C,YIL035C,0,-0.8886206,0.20852017402648926,0.977477490901947,0.371021032333374
YOR209C,YGR143W,0,-0.88925993,0.20845341682434082,0.977477490901947,0.37117117643356323
YPR011C,YNL335W,0,-0.89089036,0.20838668942451477,0.977477490901947,0.37132132053375244
YPR113W,YOR393W,0,-0.8918228,0.2083200067281723,0.977477490901947,0.37147146463394165
YLR410W-A,YHR135C,0,-0.89207447,0.20825335383415222,0.977477490901947,0.37162160873413086
YMR013C,YDR429C,0,-0.89423823,0.20818676054477692,0.977477490901947,0.37177178263664246
YGR056W,YCR093W,0,-0.8944085,0.2081202119588852,0.977477490901947,0.37192192673683167
YJR138W,YCL043C,0,-0.8978522,0.20805369317531586,0.977477490901947,0.3720720708370209
YKL201C,YLR160C,0,-0.8979191,0.2079872190952301,0.977477490901947,0.3722222149372101
YHR060W,YPL011C,0,-0.8994204,0.20792078971862793,0.977477490901947,0.3723723590373993
YGR268C,YLL027W,0,-0.9002272,0.20785440504550934,0.977477490901947,0.3725225329399109
YAL051W,YOL147C,1,-0.902866,0.20810724794864655,0.9789789915084839,0.3725225329399109
YPL167C,YLL040C,0,-0.90325177,0.20804084837436676,0.9789789915084839,0.3726726770401001
YGL083W,YOR279C,0,-0.90342766,0.20797447860240936,0.9789789915084839,0.3728228211402893
YDR383C,YBL079W,0,-0.903821,0.20790816843509674,0.9789789915084839,0.3729729652404785
YCR093W,YDR195W,0,-0.9040296,0.2078418880701065,0.9789789915084839,0.3731231093406677
YDR530C,YNR006W,0,-0.9040728,0.20777565240859985,0.9789789915084839,0.3732732832431793
YLR285W,YHR051W,0,-0.904093,0.20770946145057678,0.9789789915084839,0.37342342734336853
YPL082C,YOR020C,0,-0.90416646,0.2076433151960373,0.9789789915084839,0.37357357144355774
YBR287W,YLR028C,0,-0.90429175,0.2075771987438202,0.9789789915084839,0.37372371554374695
YPR182W,YIL088C,0,-0.90445507,0.20751114189624786,0.9789789915084839,0.37387385964393616
YDR059C,YNL219C,0,-0.90489644,0.20744511485099792,0.9789789915084839,0.37402403354644775
YNR031C,YJR053W,0,-0.9062847,0.20737913250923157,0.9789789915084839,0.37417417764663696
YOL145C,YAL060W,0,-0.90643823,0.2073131948709488,0.9789789915084839,0.37432432174682617
YIL006W,YMR301C,0,-0.90696836,0.2072473019361496,0.9789789915084839,0.3744744658470154
YBR031W,YER046W,0,-0.90698445,0.2071814388036728,0.9789789915084839,0.3746246099472046
YGL186C,YOR074C,0,-0.90705276,0.20711563527584076,0.9789789915084839,0.3747747838497162
YGR281W,YKL074C,0,-0.90784806,0.20704986155033112,0.9789789915084839,0.3749249279499054
YAL033W,YLR251W,0,-0.9078669,0.20698413252830505,0.9789789915084839,0.3750750720500946
YPR198W,YDR472W,0,-0.90850735,0.20691843330860138,0.9789789915084839,0.3752252161502838
YHR039C-A,YCL034W,0,-0.9090778,0.20685279369354248,0.9789789915084839,0.3753753900527954
YIL006W,YPL129W,0,-0.91124225,0.20678718388080597,0.9789789915084839,0.3755255341529846
YDR494W,YJR034W,0,-0.9135293,0.20672161877155304,0.9789789915084839,0.37567567825317383
YFR031C,YKL001C,0,-0.9152085,0.2066560983657837,0.9789789915084839,0.37582582235336304
YBR129C,YDL039C,0,-0.9168086,0.20659062266349792,0.9789789915084839,0.37597596645355225
YOR222W,YMR213W,0,-0.91698384,0.20652517676353455,0.9789789915084839,0.37612614035606384
YBR222C,YFL017W-A,0,-0.917066,0.20645979046821594,0.9789789915084839,0.37627628445625305
YBR282W,YBL085W,0,-0.91848236,0.20639443397521973,0.9789789915084839,0.37642642855644226
YOR388C,YDL035C,0,-0.9187627,0.2063291072845459,0.9789789915084839,0.37657657265663147
YPL223C,YKR035W-A,0,-0.9189007,0.20626384019851685,0.9789789915084839,0.3767267167568207
YOR212W,YMR194W,0,-0.9190678,0.20619860291481018,0.9789789915084839,0.3768768906593323
YCL074W,YPR204W,0,-0.9194267,0.2061334103345871,0.9789789915084839,0.3770270347595215
YER168C,YPL208W,0,-0.91966987,0.2060682624578476,0.9789789915084839,0.3771771788597107
YAL060W,YDL197C,0,-0.91996527,0.20600315928459167,0.9789789915084839,0.3773273229598999
YEL069C,YCL004W,0,-0.9206666,0.20593808591365814,0.9789789915084839,0.3774774670600891
YML032C,YKL103C,0,-0.92129695,0.20587307214736938,0.9789789915084839,0.3776276409626007
YKL090W,YOR219C,0,-0.9235388,0.20580808818340302,0.9789789915084839,0.3777777850627899
YGR225W,YLR163C,0,-0.9239832,0.20574313402175903,0.9789789915084839,0.3779279291629791
YHR060W,YEL070W,0,-0.9246148,0.20567823946475983,0.9789789915084839,0.37807807326316833
YLR394W,YBR141C,0,-0.92512584,0.205613374710083,0.9789789915084839,0.37822821736335754
YER137C-A,YPL104W,0,-0.925805,0.20554855465888977,0.9789789915084839,0.37837839126586914
YOR138C,YIL170W,0,-0.9264319,0.20548376441001892,0.9789789915084839,0.37852853536605835
YBR052C,YJL082W,0,-0.9264455,0.20541903376579285,0.9789789915084839,0.37867867946624756
YOL141W,YGR258C,0,-0.92699724,0.20535433292388916,0.9789789915084839,0.37882882356643677
YOR230W,YBL098W,0,-0.9282186,0.20528967678546906,0.9789789915084839,0.378978967666626
YBR170C,YDR472W,0,-0.9285942,0.20522505044937134,0.9789789915084839,0.3791291415691376
YDR072C,YPL257W-B,0,-0.92913735,0.2051604837179184,0.9789789915084839,0.3792792856693268
YLR009W,YPL098C,0,-0.9314636,0.20509594678878784,0.9789789915084839,0.379429429769516
YIR005W,YGL163C,0,-0.93219954,0.20503143966197968,0.9789789915084839,0.3795795738697052
YBL112C,YLR227W-B,0,-0.9328475,0.20496699213981628,0.9789789915084839,0.3797297179698944
YPL151C,YMR250W,0,-0.93306494,0.20490257441997528,0.9789789915084839,0.379879891872406
YMR020W,YDL140C,0,-0.9334274,0.20483820140361786,0.9789789915084839,0.3800300359725952
YMR117C,YMR300C,0,-0.93483233,0.20477387309074402,0.9789789915084839,0.3801801800727844
YHR060W,YOL102C,0,-0.9352771,0.20470957458019257,0.9789789915084839,0.38033032417297363
YKL170W,YGL051W,0,-0.9362758,0.2046453207731247,0.9789789915084839,0.38048046827316284
YNL258C,YLR130C,0,-0.9376813,0.2045811116695404,0.9789789915084839,0.38063064217567444
YLL045C,YER101C,0,-0.9377016,0.2045169323682785,0.9789789915084839,0.38078078627586365
YJR034W,YKR026C,0,-0.9377154,0.20445281267166138,0.9789789915084839,0.38093093037605286
YCL025C,YJL192C,0,-0.9381663,0.20438870787620544,0.9789789915084839,0.38108107447624207
YMR090W,YKL201C,0,-0.9382975,0.2043246626853943,0.9789789915084839,0.3812312185764313
YHR061C,YBR192W,0,-0.9391885,0.20426064729690552,0.9789789915084839,0.38138139247894287
YPR113W,YNL182C,0,-0.9401566,0.20419667661190033,0.9789789915084839,0.3815315365791321
YPR091C,YNL092W,0,-0.9421446,0.20413275063037872,0.9789789915084839,0.3816816806793213
YDR378C,YHR074W,0,-0.9443315,0.2040688544511795,0.9789789915084839,0.3818318247795105
YOR292C,YPL147W,0,-0.9449631,0.20400500297546387,0.9789789915084839,0.3819819688796997
YDR378C,YER090W,0,-0.9455507,0.2039411962032318,0.9789789915084839,0.3821321427822113
YHR082C,YKL085W,0,-0.9473492,0.20387741923332214,0.9789789915084839,0.3822822868824005
YGL094C,YHR005C-A,0,-0.9493031,0.20381368696689606,0.9789789915084839,0.3824324309825897
YFR019W,YLR050C,0,-0.9496503,0.20374999940395355,0.9789789915084839,0.38258257508277893
YOR310C,YNL230C,0,-0.9499923,0.20368634164333344,0.9789789915084839,0.38273271918296814
YLR447C,YJR040W,0,-0.9501991,0.2036227285861969,0.9789789915084839,0.38288289308547974
YOL136C,YPL011C,0,-0.95208526,0.20355916023254395,0.9789789915084839,0.38303303718566895
YHR056C,YPR043W,0,-0.95220643,0.20349563658237457,0.9789789915084839,0.38318318128585815
YLR208W,YLR145W,0,-0.9536284,0.2034321427345276,0.9789789915084839,0.38333332538604736
YJL005W,YDR222W,0,-0.9536286,0.203368678689003,0.9789789915084839,0.3834834694862366
YMR250W,YNL016W,0,-0.9544454,0.20330527424812317,0.9789789915084839,0.38363364338874817
YHR056C,YIL159W,0,-0.95596135,0.20324189960956573,0.9789789915084839,0.3837837874889374
YML006C,YOL004W,0,-0.9562589,0.2031785547733307,0.9789789915084839,0.3839339315891266
YER098W,YDL179W,0,-0.95649195,0.20311526954174042,0.9789789915084839,0.3840840756893158
YDR492W,YOR187W,0,-0.95688725,0.20305201411247253,0.9789789915084839,0.384234219789505
YPL223C,YOL151W,0,-0.9578439,0.20298878848552704,0.9789789915084839,0.3843843936920166
YHR059W,YGR134W,0,-0.9583996,0.20292560756206512,0.9789789915084839,0.3845345377922058
YPL180W,YBR173C,0,-0.95964813,0.2028624713420868,0.9789789915084839,0.384684681892395
YOL142W,YIL140W,0,-0.9609064,0.20279937982559204,0.9789789915084839,0.38483482599258423
YER052C,YML039W,0,-0.96125734,0.20273631811141968,0.9789789915084839,0.38498497009277344
YDR492W,YEL041W,0,-0.96241087,0.2026733011007309,0.9789789915084839,0.38513514399528503
YGR161W-B,YLR401C,0,-0.9640075,0.2026103138923645,0.9789789915084839,0.38528528809547424
YAL038W,YBR052C,0,-0.9648855,0.2025473713874817,0.9789789915084839,0.38543543219566345
YKR103W,YMR020W,0,-0.96534705,0.20248447358608246,0.9789789915084839,0.38558557629585266
YMR054W,YIR018W,0,-0.9670123,0.20242160558700562,0.9789789915084839,0.38573575019836426
YKR026C,YDR262W,0,-0.96797013,0.20235878229141235,0.9789789915084839,0.38588589429855347
YGR020C,YJR053W,0,-0.96859455,0.20229600369930267,0.9789789915084839,0.3860360383987427
YPR024W,YJL178C,0,-0.9688319,0.20223325490951538,0.9789789915084839,0.3861861824989319
YGR255C,YPR119W,0,-0.96945095,0.20217053592205048,0.9789789915084839,0.3863363265991211
YFL038C,YER168C,0,-0.9700505,0.20210787653923035,0.9789789915084839,0.3864865005016327
YOR054C,YMR296C,0,-0.9708501,0.2020452469587326,0.9789789915084839,0.3866366446018219
YDR383C,YDL225W,0,-0.9713918,0.20198264718055725,0.9789789915084839,0.3867867887020111
YNL281W,YBL052C,0,-0.9719851,0.20192009210586548,0.9789789915084839,0.3869369328022003
YBR066C,YER175C,0,-0.9726195,0.2018575817346573,0.9789789915084839,0.3870870769023895
YNR031C,YGR225W,0,-0.97283375,0.20179511606693268,0.9789789915084839,0.3872372508049011
YER008C,YIL047C,0,-0.9734459,0.20173268020153046,0.9789789915084839,0.38738739490509033
YDL121C,YOL043C,0,-0.97379136,0.20167027413845062,0.9789789915084839,0.38753753900527954
YKR054C,YDR081C,0,-0.9754775,0.20160791277885437,0.9789789915084839,0.38768768310546875
YDR419W,YOL101C,0,-0.9755057,0.2015455961227417,0.9789789915084839,0.38783782720565796
YMR146C,YKR044W,0,-0.97605705,0.20148330926895142,0.9789789915084839,0.38798800110816956
YBR020W,YJR103W,0,-0.9763142,0.20142106711864471,0.9789789915084839,0.38813814520835876
YLR197W,YLR348C,0,-0.9789156,0.2013588696718216,0.9789789915084839,0.388288289308548
YKL190W,YBR118W,0,-0.9793332,0.20129670202732086,0.9789789915084839,0.3884384334087372
YOR138C,YDL055C,0,-0.9846095,0.20123456418514252,0.9789789915084839,0.3885885775089264
YFL014W,YBR128C,0,-0.9852197,0.20117247104644775,0.9789789915084839,0.388738751411438
YER185W,YDL047W,0,-0.9858557,0.20111042261123657,0.9789789915084839,0.3888888955116272
YDR369C,YGR084C,0,-0.9872221,0.20104841887950897,0.9789789915084839,0.3890390396118164
YMR038C,YDL022W,0,-0.9905727,0.20098643004894257,0.9789789915084839,0.3891891837120056
YNL153C,YKR066C,0,-0.9927633,0.20092450082302094,0.9789789915084839,0.3893393278121948
YBR173C,YGL163C,0,-0.9934595,0.2008626013994217,0.9789789915084839,0.3894895017147064
YPL276W,YIL021W,0,-0.9945893,0.20080073177814484,0.9789789915084839,0.38963964581489563
YKL203C,YLL012W,0,-0.9959691,0.20073892176151276,0.9789789915084839,0.38978978991508484
YLR380W,YKL067W,0,-0.99719507,0.20067712664604187,0.9789789915084839,0.38993993401527405
YGR010W,YER104W,0,-0.99835104,0.20061539113521576,0.9789789915084839,0.39009007811546326
YOR283W,YFR052W,0,-0.9985448,0.20055367052555084,0.9789789915084839,0.39024025201797485
YNR006W,YBL029C-A,0,-0.99916553,0.2004920095205307,0.9789789915084839,0.39039039611816406
YML071C,YIL079C,0,-0.9992122,0.20043037831783295,0.9789789915084839,0.39054054021835327
YDR131C,YBR096W,0,-0.9996469,0.20036877691745758,0.9789789915084839,0.3906906843185425
YBR294W,YIL095W,0,-1.0000138,0.2003072202205658,0.9789789915084839,0.3908408284187317
YGR179C,YKL003C,0,-1.00018,0.2002456933259964,0.9789789915084839,0.3909910023212433
YNL117W,YGL212W,0,-1.0004004,0.20018422603607178,0.9789789915084839,0.3911411464214325
YPL151C,YPR111W,0,-1.0014526,0.20012277364730835,0.9789789915084839,0.3912912905216217
YBL058W,YIR018W,0,-1.0018878,0.2000613659620285,0.9789789915084839,0.3914414346218109
YHR002W,YNL231C,0,-1.0019327,0.20000000298023224,0.9789789915084839,0.3915915787220001
YOR237W,YOL102C,0,-1.0019667,0.19993866980075836,0.9789789915084839,0.3917417526245117
YMR008C,YPL139C,0,-1.0024693,0.19987738132476807,0.9789789915084839,0.3918918967247009
YNR057C,YIL047C,0,-1.0051653,0.19981612265110016,0.9789789915084839,0.39204204082489014
YNL281W,YMR295C,0,-1.0063576,0.19975490868091583,0.9789789915084839,0.39219218492507935
YNL050C,YML049C,0,-1.0081385,0.1996937245130539,0.9789789915084839,0.39234232902526855
YMR239C,YGR134W,0,-1.0085695,0.19963258504867554,0.9789789915084839,0.39249250292778015
YLR157C,YGL244W,0,-1.0099077,0.19957147538661957,0.9789789915084839,0.39264264702796936
YGR020C,YLL027W,0,-1.0099237,0.19951041042804718,0.9789789915084839,0.39279279112815857
YKR055W,YNR035C,0,-1.0111679,0.19944937527179718,0.9789789915084839,0.3929429352283478
YAL063C,YGR112W,0,-1.0115858,0.19938838481903076,0.9789789915084839,0.393093079328537
YAL051W,YHR150W,1,-1.0117021,0.1996331363916397,0.9804804921150208,0.393093079328537
YDR064W,YNL298W,0,-1.0117501,0.1995721310377121,0.9804804921150208,0.3932432532310486
YOL066C,YCR014C,0,-1.0127199,0.19951115548610687,0.9804804921150208,0.3933933973312378
YBR081C,YBR096W,0,-1.0143114,0.19945020973682404,0.9804804921150208,0.393543541431427
YGR155W,YBR010W,0,-1.0157267,0.19938930869102478,0.9804804921150208,0.3936936855316162
YOR304W,YGL174W,0,-1.016536,0.1993284523487091,0.9804804921150208,0.3938438296318054
YIL132C,YHR008C,0,-1.0179518,0.19926762580871582,0.9804804921150208,0.393994003534317
YGR179C,YOR099W,0,-1.0185571,0.19920682907104492,0.9804804921150208,0.3941441476345062
YDL065C,YGR077C,1,-1.0189655,0.19945105910301208,0.9819819927215576,0.3941441476345062
YPR137C-A,YLR213C,0,-1.0191137,0.19939024746418,0.9819819927215576,0.39429429173469543
YOL102C,YPR190C,0,-1.0191517,0.1993294656276703,0.9819819927215576,0.39444443583488464
YPL104W,YCL004W,0,-1.0192714,0.19926874339580536,0.9819819927215576,0.39459457993507385
YFL002W-B,YKL001C,0,-1.0207154,0.19920803606510162,0.9819819927215576,0.39474475383758545
YOL165C,YNL298W,0,-1.0209455,0.19914738833904266,0.9819819927215576,0.39489489793777466
YGR285C,YKL061W,0,-1.02109,0.1990867555141449,0.9819819927215576,0.39504504203796387
YOL141W,YLR165C,0,-1.0212495,0.1990261673927307,0.9819819927215576,0.3951951861381531
YPL110C,YLR164W,0,-1.0217822,0.1989656239748001,0.9819819927215576,0.3953453600406647
YLR028C,YLR130C,0,-1.0219269,0.1989051103591919,0.9819819927215576,0.3954955041408539
YHR164C,YBR128C,0,-1.0231544,0.19884462654590607,0.9819819927215576,0.3956456482410431
YJR031C,YAL031C,0,-1.027749,0.19878418743610382,0.9819819927215576,0.3957957923412323
YDR205W,YER017C,0,-1.0318761,0.19872379302978516,0.9819819927215576,0.3959459364414215
YPL119C,YOR204W,0,-1.0328867,0.19866342842578888,0.9819819927215576,0.3960961103439331
YBR125C,YML039W,0,-1.0334771,0.198603093624115,0.9819819927215576,0.3962462544441223
YFL048C,YNR028W,0,-1.0343182,0.19854280352592468,0.9819819927215576,0.3963963985443115
YBL058W,YFR021W,0,-1.0348084,0.19848254323005676,0.9819819927215576,0.39654654264450073
YAL051W,YOR084W,1,-1.0358226,0.19872573018074036,0.9834834933280945,0.39654654264450073
YKL095W,YPL093W,0,-1.0379196,0.19866545498371124,0.9834834933280945,0.39669668674468994
YIL006W,YGL113W,0,-1.0400399,0.19860520958900452,0.9834834933280945,0.39684686064720154
YJR101W,YGR143W,0,-1.0435498,0.19854500889778137,0.9834834933280945,0.39699700474739075
YDR423C,YOL101C,0,-1.0435759,0.1984848529100418,0.9834834933280945,0.39714714884757996
YGL014W,YPL131W,0,-1.0441127,0.19842472672462463,0.9834834933280945,0.39729729294776917
YJR040W,YNL284C,0,-1.0442281,0.19836463034152985,0.9834834933280945,0.3974474370479584
YGR161W-B,YPR083W,0,-1.0445043,0.19830457866191864,0.9834834933280945,0.39759761095046997
YKR008W,YKL161C,0,-1.0445051,0.19824455678462982,0.9834834933280945,0.3977477550506592
YFR033C,YGL030W,0,-1.0446475,0.1981845647096634,0.9834834933280945,0.3978978991508484
YCR011C,YPL273W,0,-1.0457501,0.19812461733818054,0.9834834933280945,0.3980480432510376
YPR187W,YNR057C,0,-1.0459386,0.19806471467018127,0.9834834933280945,0.3981981873512268
YML051W,YHR060W,0,-1.046423,0.1980048418045044,0.9834834933280945,0.3983483612537384
YGR175C,YGR072W,0,-1.046486,0.1979449987411499,0.9834834933280945,0.3984985053539276
YOL165C,YOL124C,0,-1.0465198,0.197885200381279,0.9834834933280945,0.3986486494541168
YNL008C,YGL212W,0,-1.0468564,0.19782543182373047,0.9834834933280945,0.39879879355430603
YER162C,YLR410W-B,0,-1.047171,0.19776569306850433,0.9834834933280945,0.39894893765449524
YPL259C,YMR159C,0,-1.0472068,0.19770601391792297,0.9834834933280945,0.39909911155700684
YGR180C,YER074W,0,-1.0481884,0.1976463496685028,0.9834834933280945,0.39924925565719604
YIL139C,YGR271W,0,-1.0490439,0.19758673012256622,0.9834834933280945,0.39939939975738525
YOR304W,YBR177C,0,-1.0490717,0.19752714037895203,0.9834834933280945,0.39954954385757446
YOR388C,YNL232W,0,-1.0492909,0.1974675953388214,0.9834834933280945,0.39969968795776367
YNL302C,YJR063W,0,-1.0492957,0.19740808010101318,0.9834834933280945,0.39984986186027527
YOR353C,YNL175C,0,-1.0495303,0.19734859466552734,0.9834834933280945,0.4000000059604645
YJR138W,YCR060W,0,-1.049672,0.19728915393352509,0.9834834933280945,0.4001501500606537
YBR182C,YHR156C,0,-1.0499326,0.19722974300384521,0.9834834933280945,0.4003002941608429
YLR208W,YOL136C,0,-1.0502695,0.19717037677764893,0.9834834933280945,0.4004504382610321
YGR169C,YPL083C,0,-1.0505017,0.19711104035377502,0.9834834933280945,0.4006006121635437
YGR143W,YPR138C,0,-1.0506346,0.1970517486333847,0.9834834933280945,0.4007507562637329
YJL141C,YOL028C,0,-1.0511867,0.19699248671531677,0.9834834933280945,0.4009009003639221
YMR296C,YPR043W,0,-1.0516629,0.19693325459957123,0.9834834933280945,0.40105104446411133
YJL130C,YDR109C,0,-1.0517225,0.19687406718730927,0.9834834933280945,0.40120118856430054
YDR371W,YPR137W,0,-1.052504,0.1968149095773697,0.9834834933280945,0.40135136246681213
YAL017W,YFR001W,0,-1.0542859,0.1967557817697525,0.9834834933280945,0.40150150656700134
YHR061C,YER145C,0,-1.0543857,0.1966966986656189,0.9834834933280945,0.40165165066719055
YER046W,YKL094W,0,-1.054394,0.19663764536380768,0.9834834933280945,0.40180179476737976
YGL200C,YBR170C,0,-1.054702,0.19657863676548004,0.9834834933280945,0.40195193886756897
YLR285W,YCR052W,0,-1.0547855,0.1965196579694748,0.9834834933280945,0.40210211277008057
YKL095W,YER104W,0,-1.0555253,0.19646070897579193,0.9834834933280945,0.4022522568702698
YLR270W,YMR193W,0,-1.0570722,0.19640180468559265,0.9834834933280945,0.402402400970459
YBR155W,YDR173C,0,-1.0576603,0.19634293019771576,0.9834834933280945,0.4025525450706482
YPR163C,YPR152C,0,-1.0581462,0.19628408551216125,0.9834834933280945,0.4027026891708374
YOL141W,YOR251C,0,-1.0590454,0.19622528553009033,0.9834834933280945,0.402852863073349
YEL031W,YLR312W-A,0,-1.0595276,0.1961665153503418,0.9834834933280945,0.4030030071735382
YIL108W,YDR281C,0,-1.0596194,0.19610778987407684,0.9834834933280945,0.4031531512737274
YKL067W,YJL053W,0,-1.0604253,0.19604909420013428,0.9834834933280945,0.4033032953739166
YPR002W,YMR025W,0,-1.0618482,0.1959904283285141,0.9834834933280945,0.40345343947410583
YEL062W,YJL006C,0,-1.0621266,0.1959317922592163,0.9834834933280945,0.40360361337661743
YBR095C,YPR125W,0,-1.062532,0.1958732008934021,0.9834834933280945,0.40375375747680664
YLL061W,YNL239W,0,-1.0628444,0.19581465423107147,0.9834834933280945,0.40390390157699585
YBL005W-B,YJL134W,0,-1.0629762,0.19575612246990204,0.9834834933280945,0.40405404567718506
YFR029W,YDR453C,0,-1.0637174,0.1956976354122162,0.9834834933280945,0.40420418977737427
YBR172C,YKL175W,0,-1.064265,0.19563919305801392,0.9834834933280945,0.40435436367988586
YBR002C,YGR134W,0,-1.0649381,0.19558076560497284,0.9834834933280945,0.4045045077800751
YOR147W,YPL093W,0,-1.0654805,0.19552238285541534,0.9834834933280945,0.4046546518802643
YHR211W,YHR066W,0,-1.0655358,0.19546404480934143,0.9834834933280945,0.4048047959804535
YML036W,YGL216W,0,-1.0669919,0.1954057216644287,0.9834834933280945,0.4049549400806427
YER103W,YGL060W,0,-1.067596,0.19534744322299957,0.9834834933280945,0.4051051139831543
YBR223C,YLL017W,0,-1.0677316,0.19528920948505402,0.9834834933280945,0.4052552580833435
YLR080W,YJL206C,0,-1.0681081,0.19523100554943085,0.9834834933280945,0.4054054021835327
YGR271W,YER130C,0,-1.0685964,0.19517283141613007,0.9834834933280945,0.4055555462837219
YDR151C,YMR099C,0,-1.0699742,0.19511468708515167,0.9834834933280945,0.4057057201862335
YLR208W,YHR058C,0,-1.0703696,0.19505658745765686,0.9834834933280945,0.40585586428642273
YGR052W,YEL062W,0,-1.0712978,0.19499851763248444,0.9834834933280945,0.40600600838661194
YKR008W,YER138C,0,-1.0722766,0.1949404776096344,0.9834834933280945,0.40615615248680115
YML073C,YNL258C,0,-1.0729272,0.19488248229026794,0.9834834933280945,0.40630629658699036
YOR147W,YDR332W,0,-1.0732564,0.19482450187206268,0.9834834933280945,0.40645647048950195
YLR165C,YKL082C,0,-1.0744998,0.1947665810585022,0.9834834933280945,0.40660661458969116
YDR351W,YKR026C,0,-1.074831,0.1947086751461029,0.9834834933280945,0.40675675868988037
YGR169C,YLR028C,0,-1.0750906,0.1946508139371872,0.9834834933280945,0.4069069027900696
YAR002C-A,YJL166W,0,-1.0756181,0.19459298253059387,0.9834834933280945,0.4070570468902588
YGR255C,YBR257W,0,-1.0769506,0.19453519582748413,0.9834834933280945,0.4072072207927704
YDL246C,YPL163C,0,-1.0796627,0.19447743892669678,0.9834834933280945,0.4073573648929596
YFR013W,YIL143C,0,-1.081254,0.1944197118282318,0.9834834933280945,0.4075075089931488
YNR018W,YOR285W,0,-1.0815718,0.19436201453208923,0.9834834933280945,0.407657653093338
YGL068W,YOR311C,0,-1.0824194,0.19430436193943024,0.9834834933280945,0.4078077971935272
YDR076W,YPL096W,0,-1.0839553,0.19424673914909363,0.9834834933280945,0.4079579710960388
YJL225C,YGL203C,0,-1.0845964,0.1941891461610794,0.9834834933280945,0.408108115196228
YLR029C,YPL163C,0,-1.085024,0.19413159787654877,0.9834834933280945,0.40825825929641724
YBR177C,YDR072C,0,-1.0863148,0.19407407939434052,0.9834834933280945,0.40840840339660645
YOL136C,YOR353C,0,-1.0865004,0.19401659071445465,0.9834834933280945,0.40855854749679565
YBR196C,YKL166C,0,-1.0866699,0.19395913183689117,0.9834834933280945,0.40870872139930725
YOR388C,YPL244C,0,-1.0870371,0.19390171766281128,0.9834834933280945,0.40885886549949646
YJL144W,YAL040C,0,-1.0873473,0.19384433329105377,0.9834834933280945,0.40900900959968567
YNL314W,YHR175W,0,-1.0878384,0.19378697872161865,0.9834834933280945,0.4091591536998749
YJR010W,YNL182C,0,-1.0881639,0.19372966885566711,0.9834834933280945,0.4093092978000641
YFL002W-B,YMR240C,0,-1.0885425,0.19367238879203796,0.9834834933280945,0.4094594717025757
YMR078C,YMR270C,0,-1.0885853,0.1936151385307312,0.9834834933280945,0.4096096158027649
YIL002C,YFL017W-A,0,-1.0894195,0.19355791807174683,0.9834834933280945,0.4097597599029541
YLR182W,YGL174W,0,-1.0911844,0.19350074231624603,0.9834834933280945,0.4099099040031433
YER171W,YJR130C,0,-1.0923531,0.19344359636306763,0.9834834933280945,0.4100600481033325
YJR055W,YPR083W,0,-1.0933447,0.1933864802122116,0.9834834933280945,0.4102102220058441
YKL144C,YPL096W,0,-1.09346,0.19332939386367798,0.9834834933280945,0.4103603661060333
YLR268W,YDR109C,0,-1.0939096,0.19327235221862793,0.9834834933280945,0.41051051020622253
YOR363C,YIR004W,1,-1.0947573,0.19351032376289368,0.9849849939346313,0.41051051020622253
YML051W,YOR377W,0,-1.0950253,0.19345325231552124,0.9849849939346313,0.41066065430641174
YDR371W,YPL244C,0,-1.0962831,0.19339622557163239,0.9849849939346313,0.41081079840660095
YDL121C,YPL112C,0,-1.0968523,0.19333922863006592,0.9849849939346313,0.41096097230911255
YNL283C,YDR059C,0,-1.0972745,0.19328226149082184,0.9849849939346313,0.41111111640930176
YAR002C-A,YDL028C,0,-1.097453,0.19322532415390015,0.9849849939346313,0.41126126050949097
YNL236W,YPL113C,0,-1.0979271,0.19316843152046204,0.9849849939346313,0.4114114046096802
YJL194W,YKL144C,0,-1.0981047,0.1931115686893463,0.9849849939346313,0.4115615487098694
YHR211W,YML071C,0,-1.0988109,0.19305473566055298,0.9849849939346313,0.411711722612381
YPR167C,YLL027W,0,-1.0993354,0.19299794733524323,0.9849849939346313,0.4118618667125702
YLR410W-A,YKL003C,0,-1.100635,0.19294117391109467,0.9849849939346313,0.4120120108127594
YBR177C,YPR160W,0,-1.1006575,0.1928844451904297,0.9849849939346313,0.4121621549129486
YGR251W,YDR034C,0,-1.1009145,0.1928277462720871,0.9849849939346313,0.4123122990131378
YLR383W,YLR016C,0,-1.1021047,0.1927710771560669,0.9849849939346313,0.4124624729156494
YDR453C,YML030W,0,-1.1023704,0.19271445274353027,0.9849849939346313,0.4126126170158386
YDL202W,YNL239W,0,-1.1035507,0.19265785813331604,0.9849849939346313,0.41276276111602783
YER055C,YGL241W,0,-1.1035628,0.1926012933254242,0.9849849939346313,0.41291290521621704
YDR518W,YJL200C,0,-1.1038749,0.19254475831985474,0.9849849939346313,0.41306304931640625
YPR204W,YGR089W,0,-1.1073011,0.19248826801776886,0.9849849939346313,0.41321322321891785
YOL057W,YNL261W,0,-1.1076596,0.19243179261684418,0.9849849939346313,0.41336336731910706
YNL032W,YOR123C,0,-1.1084582,0.19237536191940308,0.9849849939346313,0.41351351141929626
YBR274W,YMR203W,0,-1.1088333,0.19231896102428436,0.9849849939346313,0.4136636555194855
YBR223C,YBR129C,0,-1.1088768,0.19226260483264923,0.9849849939346313,0.4138137996196747
YOR343W-B,YNL258C,0,-1.1093746,0.1922062635421753,0.9849849939346313,0.4139639735221863
YDR172W,YOL107W,0,-1.1097903,0.19214996695518494,0.9849849939346313,0.4141141176223755
YGL236C,YBL076C,0,-1.1100205,0.19209370017051697,0.9849849939346313,0.4142642617225647
YJR032W,YOR351C,0,-1.1107278,0.19203747808933258,0.9849849939346313,0.4144144058227539
YLL033W,YDR260C,0,-1.1125464,0.1919812709093094,0.9849849939346313,0.4145645499229431
YJL214W,YMR301C,0,-1.1129806,0.19192510843276978,0.9849849939346313,0.4147147238254547
YDR351W,YGL037C,0,-1.1137266,0.19186896085739136,0.9849849939346313,0.4148648679256439
YMR227C,YJL029C,0,-1.1151109,0.19181287288665771,0.9849849939346313,0.41501501202583313
YDL142C,YDR415C,0,-1.1157308,0.19175679981708527,0.9849849939346313,0.41516515612602234
YPR167C,YMR172W,0,-1.1161352,0.1917007565498352,0.9849849939346313,0.41531533002853394
YPL131W,YJR034W,0,-1.1167717,0.19164475798606873,0.9849849939346313,0.41546547412872314
YPL127C,YKR035W-A,0,-1.1170452,0.19158878922462463,0.9849849939346313,0.41561561822891235
YPR191W,YGL244W,0,-1.1180631,0.19153285026550293,0.9849849939346313,0.41576576232910156
YPL223C,YEL062W,0,-1.1186783,0.1914769411087036,0.9849849939346313,0.41591590642929077
YER162C,YPR152C,0,-1.1199837,0.19142106175422668,0.9849849939346313,0.41606608033180237
YPR167C,YDR449C,0,-1.1199982,0.19136522710323334,0.9849849939346313,0.4162162244319916
YMR097C,YOL155C,0,-1.1202345,0.19130942225456238,0.9849849939346313,0.4163663685321808
YPL094C,YOR299W,0,-1.1208379,0.1912536472082138,0.9849849939346313,0.41651651263237
YLR206W,YMR065W,0,-1.121118,0.19119790196418762,0.9849849939346313,0.4166666567325592
YMR097C,YJR103W,0,-1.1213889,0.19114218652248383,0.9849849939346313,0.4168168306350708
YCR030C,YNL208W,0,-1.1217785,0.1910865157842636,0.9849849939346313,0.41696697473526
YHR002W,YHL034C,0,-1.1228429,0.19103087484836578,0.9849849939346313,0.4171171188354492
YMR112C,YBR173C,0,-1.1228632,0.19097524881362915,0.9849849939346313,0.4172672629356384
YLR047C,YKR026C,0,-1.1237298,0.1909196674823761,0.9849849939346313,0.41741740703582764
YLL040C,YLR348C,0,-1.1243082,0.19086413085460663,0.9849849939346313,0.41756758093833923
YLR165C,YMR301C,0,-1.1244648,0.19080860912799835,0.9849849939346313,0.41771772503852844
YIL083C,YDL045C,0,-1.1252575,0.19075313210487366,0.9849849939346313,0.41786786913871765
YOR138C,YDL198C,0,-1.1260853,0.19069766998291016,0.9849849939346313,0.41801801323890686
YOL103W-B,YBR031W,0,-1.126375,0.19064225256443024,0.9849849939346313,0.41816815733909607
YGR144W,YHR164C,0,-1.126609,0.1905868649482727,0.9849849939346313,0.41831833124160767
YMR065W,YML128C,0,-1.1267667,0.19053150713443756,0.9849849939346313,0.4184684753417969
YNL122C,YOL054W,0,-1.1269898,0.190476194024086,0.9849849939346313,0.4186186194419861
YMR319C,YER138C,0,-1.1278844,0.19042089581489563,0.9849849939346313,0.4187687635421753
YLL004W,YBL091C-A,0,-1.1281967,0.19036564230918884,0.9849849939346313,0.4189189076423645
YLR224W,YGR239C,0,-1.128234,0.19031041860580444,0.9849849939346313,0.4190690815448761
YBL041W,YLR401C,0,-1.1293626,0.19025522470474243,0.9849849939346313,0.4192192256450653
YMR123W,YLR213C,0,-1.1297343,0.1902000606060028,0.9849849939346313,0.4193693697452545
YHL012W,YCL034W,0,-1.1307969,0.19014492630958557,0.9849849939346313,0.4195195138454437
YOR145C,YLR329W,0,-1.1337324,0.19008982181549072,0.9849849939346313,0.41966965794563293
YMR269W,YJL029C,0,-1.133766,0.19003476202487946,0.9849849939346313,0.41981983184814453
YCR087C-A,YMR267W,0,-1.1355984,0.18997973203659058,0.9849849939346313,0.41996997594833374
YGL244W,YDR476C,0,-1.1356847,0.18992473185062408,0.9849849939346313,0.42012012004852295
YMR097C,YMR054W,0,-1.13626,0.1898697465658188,0.9849849939346313,0.42027026414871216
YIL061C,YMR272C,0,-1.1371548,0.18981482088565826,0.9849849939346313,0.42042040824890137
YDR527W,YMR114C,0,-1.1375937,0.18975991010665894,0.9849849939346313,0.42057058215141296
YOL141W,YLR244C,0,-1.1383829,0.189705029129982,0.9849849939346313,0.4207207262516022
YCR014C,YER017C,0,-1.1396116,0.18965019285678864,0.9849849939346313,0.4208708703517914
YDL206W,YAR002C-A,0,-1.14026,0.18959537148475647,0.9849849939346313,0.4210210144519806
YLR305C,YPL110C,0,-1.1405828,0.18954059481620789,0.9849849939346313,0.4211711585521698
YDR261C-D,YGL183C,0,-1.1407644,0.1894858479499817,0.9849849939346313,0.4213213324546814
YGL051W,YBR281C,0,-1.1411481,0.18943113088607788,0.9849849939346313,0.4214714765548706
YER137C-A,YKL165C,0,-1.1411911,0.18937644362449646,0.9849849939346313,0.4216216206550598
YMR117C,YBR257W,0,-1.1420672,0.18932178616523743,0.9849849939346313,0.421771764755249
YDR306C,YLR270W,0,-1.143106,0.18926717340946198,0.9849849939346313,0.42192190885543823
YMR200W,YBR141C,0,-1.1436348,0.18921257555484772,0.9849849939346313,0.42207208275794983
YJR127C,YGR118W,0,-1.1440612,0.18915802240371704,0.9849849939346313,0.42222222685813904
YGL244W,YJL029C,0,-1.1443771,0.18910348415374756,0.9849849939346313,0.42237237095832825
YOR363C,YJL210W,1,-1.1451404,0.18933717906475067,0.9864864945411682,0.42237237095832825
YIL006W,YLR344W,0,-1.1475165,0.18928262591362,0.9864864945411682,0.42252251505851746
YBR172C,YGR012W,0,-1.1476556,0.1892281174659729,0.9864864945411682,0.42267265915870667
YFL054C,YPR133W-A,0,-1.1477644,0.189173623919487,0.9864864945411682,0.42282283306121826
YPR200C,YOR393W,0,-1.1481639,0.18911917507648468,0.9864864945411682,0.42297297716140747
YHR060W,YDL047W,0,-1.1482453,0.18906474113464355,0.9864864945411682,0.4231231212615967
YPL213W,YOR020C,0,-1.1484954,0.189010351896286,0.9864864945411682,0.4232732653617859
YIL170W,YDR410C,0,-1.1487402,0.18895599246025085,0.9864864945411682,0.4234234094619751
YDL217C,YFL057C,0,-1.1495703,0.18890166282653809,0.9864864945411682,0.4235735833644867
YLR268W,YGR239C,0,-1.1497153,0.1888473629951477,0.9864864945411682,0.4237237274646759
YGR258C,YLR389C,0,-1.1524316,0.1887931078672409,0.9864864945411682,0.4238738715648651
YLR227W-B,YJR140C,0,-1.1534469,0.1887388676404953,0.9864864945411682,0.4240240156650543
YGR179C,YBL113C,0,-1.1541632,0.18868465721607208,0.9864864945411682,0.42417415976524353
YAR002C-A,YGR271W,0,-1.1543336,0.18863049149513245,0.9864864945411682,0.4243243336677551
YHR004C,YHR085W,0,-1.1548371,0.1885763555765152,0.9864864945411682,0.42447447776794434
YOL141W,YJL005W,0,-1.1557419,0.18852223455905914,0.9864864945411682,0.42462462186813354
YPL147W,YER019C-A,0,-1.1557457,0.18846815824508667,0.9864864945411682,0.42477476596832275
YHR132C,YKR020W,0,-1.1574708,0.18841411173343658,0.9864864945411682,0.42492491006851196
YPR189W,YKL074C,0,-1.1574821,0.1883600950241089,0.9864864945411682,0.42507508397102356
YFR031C,YLR389C,0,-1.1580211,0.18830610811710358,0.9864864945411682,0.42522522807121277
YDR034C,YOR243C,0,-1.1584831,0.18825215101242065,0.9864864945411682,0.425375372171402
YOR304W,YLR410W-B,0,-1.1586001,0.18819822371006012,0.9864864945411682,0.4255255162715912
YDR472W,YMR246W,0,-1.1590484,0.18814432621002197,0.9864864945411682,0.4256756901741028
YGL014W,YGL236C,0,-1.1601685,0.1880904734134674,0.9864864945411682,0.425825834274292
YNL153C,YGR084C,0,-1.1606779,0.18803663551807404,0.9864864945411682,0.4259759783744812
YJL060W,YDR527W,0,-1.1606841,0.18798282742500305,0.9864864945411682,0.4261261224746704
YMR025W,YKL064W,0,-1.16092,0.18792906403541565,0.9864864945411682,0.4262762665748596
YJL172W,YJR130C,0,-1.1617227,0.18787531554698944,0.9864864945411682,0.4264264404773712
YMR005W,YCL034W,0,-1.162647,0.18782161176204681,0.9864864945411682,0.4265765845775604
YHR211W,YKL206C,0,-1.1629872,0.18776793777942657,0.9864864945411682,0.42672672867774963
YIL135C,YIL076W,0,-1.1637322,0.18771427869796753,0.9864864945411682,0.42687687277793884
YOR324C,YDR229W,0,-1.1651809,0.18766066431999207,0.9864864945411682,0.42702701687812805
YLL029W,YDR144C,0,-1.1661308,0.187607079744339,0.9864864945411682,0.42717719078063965
YPR119W,YML036W,0,-1.1662164,0.1875535249710083,0.9864864945411682,0.42732733488082886
YAL063C,YKL168C,0,-1.1670829,0.1875,0.9864864945411682,0.42747747898101807
YER185W,YGL220W,0,-1.1673875,0.1874465048313141,0.9864864945411682,0.4276276230812073
YBL041W,YNL050C,0,-1.1675386,0.18739303946495056,0.9864864945411682,0.4277777671813965
YEL053C,YBR115C,0,-1.1676986,0.18733960390090942,0.9864864945411682,0.4279279410839081
YLR130C,YPR006C,0,-1.1678314,0.18728619813919067,0.9864864945411682,0.4280780851840973
YNL273W,YNR035C,0,-1.1682088,0.1872328370809555,0.9864864945411682,0.4282282292842865
YBR196C,YOR180C,0,-1.1711112,0.18717949092388153,0.9864864945411682,0.4283783733844757
YOL010W,YDL024C,0,-1.1712017,0.18712617456912994,0.9864864945411682,0.4285285174846649
YGL186C,YML052W,0,-1.171669,0.18707288801670074,0.9864864945411682,0.4286786913871765
YDR263C,YNL121C,0,-1.171834,0.18701964616775513,0.9864864945411682,0.4288288354873657
YIL177C,YJR053W,0,-1.1730464,0.1869664192199707,0.9864864945411682,0.42897897958755493
YKR069W,YLR301W,0,-1.1731313,0.18691322207450867,0.9864864945411682,0.42912912368774414
YDR034C,YLR383W,0,-1.1736698,0.1868600696325302,0.9864864945411682,0.42927926778793335
YOR074C,YCR011C,0,-1.1742122,0.18680693209171295,0.9864864945411682,0.42942944169044495
YDR131C,YNL070W,0,-1.1744566,0.18675383925437927,0.9864864945411682,0.42957958579063416
YGR161W-B,YBR006W,0,-1.1747739,0.1867007613182068,0.9864864945411682,0.42972972989082336
YOR106W,YJR034W,0,-1.1762083,0.18664772808551788,0.9864864945411682,0.4298798739910126
YPR125W,YDR140W,0,-1.1764057,0.18659472465515137,0.9864864945411682,0.4300300180912018
YLL033W,YNL284C,0,-1.1773754,0.18654173612594604,0.9864864945411682,0.4301801919937134
YJR010W,YIL159W,0,-1.1775795,0.1864887923002243,0.9864864945411682,0.4303303360939026
YAL017W,YKL175W,0,-1.1778028,0.18643586337566376,0.9864864945411682,0.4304804801940918
YPR189W,YOR324C,0,-1.1779673,0.1863829791545868,0.9864864945411682,0.430630624294281
YAR002C-A,YGR020C,0,-1.1782367,0.18633012473583221,0.9864864945411682,0.4307807683944702
YJL225C,YLL019C,0,-1.1783397,0.18627728521823883,0.9864864945411682,0.4309309422969818
YNR067C,YAL040C,0,-1.1798853,0.18622449040412903,0.9864864945411682,0.431081086397171
YLR314C,YHR135C,0,-1.1818368,0.1861717253923416,0.9864864945411682,0.43123123049736023
YOR377W,YPL112C,0,-1.1821588,0.1861189752817154,0.9864864945411682,0.43138137459754944
YMR093W,YGL051W,0,-1.1828407,0.18606626987457275,0.9864864945411682,0.43153151869773865
YEL043W,YHR005C-A,0,-1.1837348,0.1860135942697525,0.9864864945411682,0.43168169260025024
YGL170C,YMR186W,0,-1.1845248,0.18596093356609344,0.9864864945411682,0.43183183670043945
YBR125C,YJR101W,0,-1.1848826,0.18590831756591797,0.9864864945411682,0.43198198080062866
YDR351W,YLR386W,0,-1.1850588,0.18585573136806488,0.9864864945411682,0.43213212490081787
YEL069C,YKR055W,0,-1.1850674,0.18580316007137299,0.9864864945411682,0.4322822690010071
YDL142C,YNL092W,0,-1.1850955,0.18575063347816467,0.9864864945411682,0.4324324429035187
YOL103W-B,YPR080W,0,-1.1854606,0.18569813668727875,0.9864864945411682,0.4325825870037079
YBR118W,YJL134W,0,-1.1881316,0.1856456696987152,0.9864864945411682,0.4327327311038971
YGR072W,YPR133W-A,0,-1.1884109,0.18559321761131287,0.9864864945411682,0.4328828752040863
YDR381C-A,YGL071W,0,-1.1897485,0.1855408102273941,0.9864864945411682,0.4330330193042755
YNR057C,YMR143W,0,-1.1898315,0.18548841774463654,0.9864864945411682,0.4331831932067871
YMR238W,YGL212W,0,-1.1901262,0.18543606996536255,0.9864864945411682,0.4333333373069763
YGR161W-B,YMR304W,0,-1.1902063,0.18538375198841095,0.9864864945411682,0.4334834814071655
YMR145C,YNL208W,0,-1.1902752,0.18533144891262054,0.9864864945411682,0.43363362550735474
YLR151C,YIL048W,0,-1.1910807,0.18527919054031372,0.9864864945411682,0.43378376960754395
YPL244C,YBR173C,0,-1.1912948,0.1852269470691681,0.9864864945411682,0.43393394351005554
YDR518W,YNL238W,0,-1.1916791,0.18517474830150604,0.9864864945411682,0.43408408761024475
YOR194C,YKR026C,0,-1.1926308,0.1851225644350052,0.9864864945411682,0.43423423171043396
YMR173W,YIR018W,0,-1.192764,0.18507042527198792,0.9864864945411682,0.43438437581062317
YKL161C,YLR350W,0,-1.1937689,0.18501830101013184,0.9864864945411682,0.4345345199108124
YFL010W-A,YDR404C,0,-1.1939187,0.18496622145175934,0.9864864945411682,0.434684693813324
YEL053C,YKL210W,0,-1.1952631,0.18491415679454803,0.9864864945411682,0.4348348379135132
YLL027W,YLR348C,0,-1.1961133,0.18486212193965912,0.9864864945411682,0.4349849820137024
YGL186C,YNL078W,0,-1.1961586,0.18481013178825378,0.9864864945411682,0.4351351261138916
YDR254W,YBR282W,0,-1.1966878,0.18475815653800964,0.9864864945411682,0.4352853000164032
YLR447C,YLR020C,0,-1.1969755,0.1847062110900879,0.9864864945411682,0.4354354441165924
YLR103C,YLR330W,0,-1.197476,0.18465429544448853,0.9864864945411682,0.4355855882167816
YGL083W,YOR187W,0,-1.1980926,0.18460240960121155,0.9864864945411682,0.4357357323169708
YDR090C,YKR019C,0,-1.1982063,0.18455056846141815,0.9864864945411682,0.43588587641716003
YMR180C,YDL170W,0,-1.1986387,0.18449874222278595,0.9864864945411682,0.43603605031967163
YPL113C,YBL052C,0,-1.2000383,0.18444694578647614,0.9864864945411682,0.43618619441986084
YDL140C,YGR229C,0,-1.2009128,0.1843951791524887,0.9864864945411682,0.43633633852005005
YJR057W,YIL094C,0,-1.2020247,0.18434342741966248,0.9864864945411682,0.43648648262023926
YPL223C,YHR060W,0,-1.2029557,0.18429172039031982,0.9864864945411682,0.43663662672042847
YOR313C,YER019C-A,0,-1.2049537,0.18424004316329956,0.9864864945411682,0.43678680062294006
YGL062W,YHR156C,0,-1.2050152,0.18418839573860168,0.9864864945411682,0.4369369447231293
YHR005C-A,YJL141C,0,-1.2051209,0.1841367781162262,0.9864864945411682,0.4370870888233185
YBR275C,YCL008C,0,-1.205324,0.1840851753950119,0.9864864945411682,0.4372372329235077
YJR147W,YBR052C,0,-1.2053971,0.1840336173772812,0.9864864945411682,0.4373873770236969
YGL172W,YJR101W,0,-1.2061474,0.18398207426071167,0.9864864945411682,0.4375375509262085
YOL141W,YBL089W,0,-1.2067988,0.18393057584762573,0.9864864945411682,0.4376876950263977
YNR003C,YGL216W,0,-1.2071011,0.183879092335701,0.9864864945411682,0.4378378391265869
YDR453C,YIL132C,0,-1.2071147,0.18382763862609863,0.9864864945411682,0.4379879832267761
YGR264C,YAL016W,0,-1.2071942,0.18377622961997986,0.9864864945411682,0.43813812732696533
YLR183C,YBL091C-A,0,-1.2074769,0.18372483551502228,0.9864864945411682,0.43828830122947693
YDL245C,YKR028W,0,-1.2086451,0.18367347121238708,0.9864864945411682,0.43843844532966614
YGR020C,YJR130C,0,-1.2095213,0.18362213671207428,0.9864864945411682,0.43858858942985535
YOR299W,YBR010W,0,-1.2095677,0.18357083201408386,0.9864864945411682,0.43873873353004456
YMR013C,YMR061W,0,-1.2096066,0.18351955711841583,0.9864864945411682,0.43888887763023376
YHR132C,YIR018W,0,-1.2107455,0.1834683120250702,0.9864864945411682,0.43903905153274536
YGL068W,YBR230C,0,-1.2116036,0.18341708183288574,0.9864864945411682,0.43918919563293457
YPL127C,YJL155C,0,-1.2116952,0.18336589634418488,0.9864864945411682,0.4393393397331238
YKL165C,YJR032W,0,-1.212043,0.1833147257566452,0.9864864945411682,0.439489483833313
YLR289W,YBR230C,0,-1.2124348,0.1832635998725891,0.9864864945411682,0.4396396279335022
YPL042C,YFR052W,0,-1.2139866,0.1832124888896942,0.9864864945411682,0.4397898018360138
YKR071C,YOR298W,0,-1.2154298,0.1831614226102829,0.9864864945411682,0.439939945936203
YOR285W,YMR075W,0,-1.2160478,0.18311037123203278,0.9864864945411682,0.4400900900363922
YBR118W,YLR227W-B,0,-1.2176886,0.18305934965610504,0.9864864945411682,0.4402402341365814
YMR172W,YCR046C,0,-1.2195853,0.1830083578824997,0.9864864945411682,0.44039037823677063
YJL112W,YDL206W,0,-1.2203428,0.18295739591121674,0.9864864945411682,0.4405405521392822
YPL122C,YPL087W,0,-1.2205886,0.18290646374225616,0.9864864945411682,0.44069069623947144
YDL061C,YER137C-A,0,-1.2208198,0.1828555464744568,0.9864864945411682,0.44084084033966064
YBR150C,YJL172W,0,-1.2210197,0.182804673910141,0.9864864945411682,0.44099098443984985
YOR291W,YKR054C,0,-1.2216647,0.18275383114814758,0.9864864945411682,0.44114112854003906
YNL026W,YLR028C,0,-1.2225084,0.18270300328731537,0.9864864945411682,0.44129130244255066
YNL095C,YNL070W,0,-1.2231832,0.18265220522880554,0.9864864945411682,0.44144144654273987
YMR117C,YMR228W,0,-1.2238588,0.1826014518737793,0.9864864945411682,0.4415915906429291
YGR288W,YBR170C,0,-1.2243025,0.18255071341991425,0.9864864945411682,0.4417417347431183
YDR064W,YDR392W,0,-1.2244623,0.18250000476837158,0.9864864945411682,0.4418918788433075
YML112W,YDL111C,0,-1.2251234,0.1824493259191513,0.9864864945411682,0.4420420527458191
YDR405W,YOL028C,0,-1.2252954,0.18239866197109222,0.9864864945411682,0.4421921968460083
YLL019C,YLR410W-B,0,-1.2257448,0.18234804272651672,0.9864864945411682,0.4423423409461975
YGR169C,YJR140C,0,-1.2263037,0.1822974532842636,0.9864864945411682,0.4424924850463867
YML099C,YDR404C,0,-1.2269201,0.1822468787431717,0.9864864945411682,0.4426426291465759
YDR460W,YNR010W,0,-1.2269303,0.18219633400440216,0.9864864945411682,0.4427928030490875
YPL257W-B,YKL130C,0,-1.2269305,0.1821458339691162,0.9864864945411682,0.44294294714927673
YJL030W,YKL095W,0,-1.2283574,0.18209534883499146,0.9864864945411682,0.44309309124946594
YBR183W,YGR258C,0,-1.2295636,0.1820448935031891,0.9864864945411682,0.44324323534965515
YLR105C,YGR109W-B,0,-1.2297633,0.1819944530725479,0.9864864945411682,0.44339337944984436
YMR169C,YBR275C,0,-1.2300658,0.18194405734539032,0.9864864945411682,0.44354355335235596
YGL244W,YOL093W,0,-1.2302427,0.18189369142055511,0.9864864945411682,0.44369369745254517
YGR113W,YDR195W,0,-1.231283,0.1818433403968811,0.9864864945411682,0.4438438415527344
YGR036C,YDL078C,0,-1.2324007,0.18179303407669067,0.9864864945411682,0.4439939856529236
YBR223C,YLR425W,0,-1.233355,0.18174274265766144,0.9864864945411682,0.4441441297531128
YKL064W,YNR002C,0,-1.2340856,0.1816924810409546,0.9864864945411682,0.4442943036556244
YKR103W,YPR149W,0,-1.2343068,0.18164224922657013,0.9864864945411682,0.4444444477558136
YGL004C,YPL065W,0,-1.2355341,0.18159204721450806,0.9864864945411682,0.4445945918560028
YPL151C,YBR196C,0,-1.2358012,0.18154186010360718,0.9864864945411682,0.444744735956192
YOR393W,YOL108C,0,-1.2361162,0.18149171769618988,0.9864864945411682,0.4448948800563812
YBR196C,YMR025W,0,-1.2366197,0.18144159018993378,0.9864864945411682,0.4450450539588928
YBR261C,YDR373W,0,-1.2371995,0.18139149248600006,0.9864864945411682,0.44519519805908203
YGL026C,YDR423C,0,-1.2379868,0.18134142458438873,0.9864864945411682,0.44534534215927124
YMR173W,YMR179W,0,-1.2383264,0.1812913864850998,0.9864864945411682,0.44549548625946045
YPL200W,YGL103W,0,-1.2386243,0.18124137818813324,0.9864864945411682,0.44564566016197205
YML073C,YBR115C,0,-1.238903,0.18119139969348907,0.9864864945411682,0.44579580426216125
YDR167W,YHR059W,0,-1.2391051,0.1811414361000061,0.9864864945411682,0.44594594836235046
YLR105C,YFL023W,0,-1.2394952,0.1810915172100067,0.9864864945411682,0.4460960924625397
YLR107W,YOL090W,0,-1.240588,0.18104161322116852,0.9864864945411682,0.4462462365627289
YPR125W,YDR260C,0,-1.2406899,0.1809917390346527,0.9864864945411682,0.4463964104652405
YLL002W,YJL053W,0,-1.2432,0.1809418946504593,0.9864864945411682,0.4465465545654297
YEL069C,YBR141C,0,-1.2446291,0.18089206516742706,0.9864864945411682,0.4466966986656189
YJL004C,YOL004W,0,-1.2463379,0.18084228038787842,0.9864864945411682,0.4468468427658081
YGL010W,YHR077C,0,-1.2474484,0.18079251050949097,0.9864864945411682,0.4469969868659973
YKL013C,YDR389W,0,-1.2488033,0.1807427853345871,0.9864864945411682,0.4471471607685089
YNL070W,YNL274C,0,-1.2494317,0.18069307506084442,0.9864864945411682,0.4472973048686981
YDR451C,YER162C,0,-1.249591,0.18064339458942413,0.9864864945411682,0.44744744896888733
YJR028W,YCL057W,0,-1.2503977,0.18059372901916504,0.9864864945411682,0.44759759306907654
YDL059C,YOR025W,0,-1.2506295,0.18054410815238953,0.9864864945411682,0.44774773716926575
YJL149W,YMR240C,0,-1.2516481,0.1804945021867752,0.9864864945411682,0.44789791107177734
YDR138W,YGL071W,0,-1.2517575,0.18044492602348328,0.9864864945411682,0.44804805517196655
YOL043C,YER104W,0,-1.2519401,0.18039539456367493,0.9864864945411682,0.44819819927215576
YDR460W,YNL044W,0,-1.2519798,0.18034586310386658,0.9864864945411682,0.44834834337234497
YHR041C,YNL092W,0,-1.2528291,0.1802963763475418,0.9864864945411682,0.4484984874725342
YPL083C,YPR159W,0,-1.2531235,0.18024691939353943,0.9864864945411682,0.4486486613750458
YHR077C,YFL045C,0,-1.2534523,0.18019747734069824,0.9864864945411682,0.448798805475235
YHR059W,YNL298W,0,-1.2535697,0.18014806509017944,0.9864864945411682,0.4489489495754242
YFR029W,YLR047C,0,-1.2537779,0.18009868264198303,0.9864864945411682,0.4490990936756134
YGL172W,YDR109C,0,-1.2542802,0.180049329996109,0.9864864945411682,0.4492492377758026
YNL131W,YER130C,0,-1.255682,0.18000000715255737,0.9864864945411682,0.4493994116783142
YNL163C,YGR246C,0,-1.256595,0.17995069921016693,0.9864864945411682,0.4495495557785034
YBR195C,YDL225W,0,-1.2567437,0.17990142107009888,0.9864864945411682,0.4496996998786926
YER168C,YNR010W,0,-1.2572582,0.1798521727323532,0.9864864945411682,0.44984984397888184
YMR180C,YOL107W,0,-1.2584789,0.17980295419692993,0.9864864945411682,0.44999998807907104
YER117W,YOL062C,0,-1.2587359,0.17975376546382904,0.9864864945411682,0.45015016198158264
YJR036C,YCR052W,0,-1.2590592,0.17970459163188934,0.9864864945411682,0.45030030608177185
YFL057C,YMR186W,0,-1.2606902,0.17965546250343323,0.9864864945411682,0.45045045018196106
YML032C,YGR285C,0,-1.261076,0.1796063482761383,0.9864864945411682,0.45060059428215027
YKL201C,YJR063W,0,-1.2611039,0.17955724895000458,0.9864864945411682,0.4507507383823395
YGL237C,YCL043C,0,-1.2620625,0.17950819432735443,0.9864864945411682,0.4509009122848511
YGL050W,YNR018W,0,-1.2633591,0.17945916950702667,0.9864864945411682,0.4510510563850403
YNL271C,YOL141W,0,-1.2640613,0.1794101595878601,0.9864864945411682,0.4512012004852295
YHR060W,YMR246W,0,-1.2647076,0.17936117947101593,0.9864864945411682,0.4513513445854187
YMR246W,YGL259W,0,-1.2649164,0.17931222915649414,0.9864864945411682,0.4515014886856079
YKL174C,YCL008C,0,-1.2650372,0.17926330864429474,0.9864864945411682,0.4516516625881195
YKR056W,YJL206C,0,-1.265441,0.17921440303325653,0.9864864945411682,0.4518018066883087
YLR295C,YNR021W,0,-1.267688,0.1791655272245407,0.9864864945411682,0.4519519507884979
YKL170W,YOL066C,0,-1.2683113,0.17911668121814728,0.9864864945411682,0.45210209488868713
YPR200C,YGL113W,0,-1.2683356,0.17906786501407623,0.9864864945411682,0.45225223898887634
YJL087C,YNL138W,0,-1.2694026,0.17901907861232758,0.9864864945411682,0.45240241289138794
YMR194W,YPL007C,0,-1.2703648,0.1789703071117401,0.9864864945411682,0.45255255699157715
YNL153C,YGL163C,0,-1.2708917,0.17892156541347504,0.9864864945411682,0.45270270109176636
YJL114W,YER117W,0,-1.2711949,0.17887285351753235,0.9864864945411682,0.45285284519195557
YOR237W,YPR127W,0,-1.2727039,0.17882417142391205,0.9864864945411682,0.4530029892921448
YER101C,YOL101C,0,-1.2729304,0.17877550423145294,0.9864864945411682,0.45315316319465637
YPR072W,YDL246C,0,-1.2737166,0.17872688174247742,0.9864864945411682,0.4533033072948456
YNL073W,YPL078C,0,-1.273721,0.17867827415466309,0.9864864945411682,0.4534534513950348
YNL273W,YMR065W,0,-1.2743996,0.17862969636917114,0.9864864945411682,0.453603595495224
YOR237W,YNL208W,0,-1.2744999,0.1785811334848404,0.9864864945411682,0.4537537395954132
YNR067C,YJL004C,0,-1.2746586,0.17853261530399323,0.9864864945411682,0.4539039134979248
YPL167C,YGR089W,0,-1.2747126,0.17848411202430725,0.9864864945411682,0.454054057598114
YHR047C,YPL183W-A,0,-1.2751195,0.17843563854694366,0.9864864945411682,0.4542042016983032
YHR002W,YBR287W,0,-1.2759006,0.17838717997074127,0.9864864945411682,0.45435434579849243
YNL283C,YLL017W,0,-1.2762282,0.17833876609802246,0.9864864945411682,0.45450448989868164
YDR383C,YNR060W,0,-1.2764487,0.17829036712646484,0.9864864945411682,0.45465466380119324
YGL209W,YEL012W,0,-1.277432,0.17824199795722961,0.9864864945411682,0.45480480790138245
YJR026W,YBL092W,0,-1.2785742,0.17819365859031677,0.9864864945411682,0.45495495200157166
YOL107W,YMR160W,0,-1.2790432,0.17814533412456512,0.9864864945411682,0.45510509610176086
YGL209W,YIL135C,0,-1.2792292,0.17809703946113586,0.9864864945411682,0.45525527000427246
YNR074C,YMR246W,0,-1.2794201,0.178048774600029,0.9864864945411682,0.45540541410446167
YBR081C,YIL048W,0,-1.2799339,0.1780005395412445,0.9864864945411682,0.4555555582046509
YNL261W,YKL001C,0,-1.2803341,0.1779523342847824,0.9864864945411682,0.4557057023048401
YBL026W,YMR159C,0,-1.2817302,0.1779041439294815,0.9864864945411682,0.4558558464050293
YJR055W,YOR025W,0,-1.2824854,0.177855983376503,0.9864864945411682,0.4560060203075409
YDR072C,YDR245W,0,-1.284277,0.17780785262584686,0.9864864945411682,0.4561561644077301
YGR167W,YBR120C,0,-1.2850959,0.17775973677635193,0.9864864945411682,0.4563063085079193
YNL258C,YLR016C,0,-1.2852414,0.17771165072917938,0.9864864945411682,0.4564564526081085
YOR323C,YMR228W,0,-1.2856529,0.17766360938549042,0.9864864945411682,0.45660659670829773
YAR035W,YHR079C,0,-1.2873626,0.17761556804180145,0.9864864945411682,0.4567567706108093
YDR144C,YKL174C,0,-1.288667,0.17756757140159607,0.9864864945411682,0.45690691471099854
YGR034W,YGL216W,0,-1.2887661,0.17751958966255188,0.9864864945411682,0.45705705881118774
YJR006W,YDR410C,0,-1.2899851,0.17747163772583008,0.9864864945411682,0.45720720291137695
YJR032W,YBR222C,0,-1.2903973,0.17742371559143066,0.9864864945411682,0.45735734701156616
YMR090W,YLR145W,0,-1.2905116,0.17737580835819244,0.9864864945411682,0.45750752091407776
YMR173W,YPR083W,0,-1.2907965,0.1773279309272766,0.9864864945411682,0.45765766501426697
YDR473C,YGL216W,0,-1.2915285,0.17728008329868317,0.9864864945411682,0.4578078091144562
YBR020W,YBL112C,0,-1.2918615,0.1772322654724121,0.9864864945411682,0.4579579532146454
YBR195C,YIL002C,0,-1.2921357,0.17718446254730225,0.9864864945411682,0.4581080973148346
YGL170C,YLL043W,0,-1.2924048,0.17713668942451477,0.9864864945411682,0.4582582712173462
YKR066C,YDR353W,0,-1.2933668,0.17708894610404968,0.9864864945411682,0.4584084153175354
YHR030C,YLR224W,0,-1.2988937,0.17704123258590698,0.9864864945411682,0.4585585594177246
YMR061W,YGR077C,0,-1.299194,0.17699353396892548,0.9864864945411682,0.4587087035179138
YJL128C,YGR185C,0,-1.3008002,0.17694586515426636,0.9864864945411682,0.458858847618103
YNL160W,YOR377W,0,-1.301262,0.17689822614192963,0.9864864945411682,0.4590090215206146
YDR174W,YAR027W,0,-1.3014147,0.1768506020307541,0.9864864945411682,0.45915916562080383
YKL064W,YBR072W,0,-1.3016653,0.17680300772190094,0.9864864945411682,0.45930930972099304
YJR078W,YLR129W,0,-1.302979,0.17675544321537018,0.9864864945411682,0.45945945382118225
YHR012W,YGL103W,0,-1.3038512,0.1767079085111618,0.9864864945411682,0.45960959792137146
YFL038C,YDR332W,0,-1.3043088,0.17666038870811462,0.9864864945411682,0.45975977182388306
YOL093W,YFR018C,0,-1.3050387,0.17661289870738983,0.9864864945411682,0.45990991592407227
YER125W,YMR267W,0,-1.3073055,0.17656543850898743,0.9864864945411682,0.4600600600242615
YOR176W,YLR440C,0,-1.3105786,0.1765180081129074,0.9864864945411682,0.4602102041244507
YDR423C,YPL093W,0,-1.310599,0.1764705926179886,0.9864864945411682,0.4603603482246399
YNL026W,YBR145W,0,-1.3118178,0.17642320692539215,0.9864864945411682,0.4605105221271515
YFR033C,YKR069W,0,-1.3118353,0.1763758361339569,0.9864864945411682,0.4606606662273407
YPL064C,YBR192W,0,-1.3119433,0.17632849514484406,0.9864864945411682,0.4608108103275299
YBR274W,YOR377W,0,-1.3129435,0.1762811839580536,0.9864864945411682,0.4609609544277191
YDR527W,YPL082C,0,-1.3132107,0.1762339025735855,0.9864864945411682,0.4611110985279083
YGR161W-B,YKL124W,0,-1.314683,0.17618665099143982,0.9864864945411682,0.4612612724304199
YOR301W,YNL202W,0,-1.3147769,0.17613941431045532,0.9864864945411682,0.46141141653060913
YER008C,YFL002W-B,0,-1.314835,0.1760922074317932,0.9864864945411682,0.46156156063079834
YER165W,YER115C,0,-1.3148367,0.1760450154542923,0.9864864945411682,0.46171170473098755
YBR006W,YHR005C-A,0,-1.3162781,0.17599785327911377,0.9864864945411682,0.46186184883117676
YNL163C,YLR394W,0,-1.3171127,0.17595072090625763,0.9864864945411682,0.46201202273368835
YMR033W,YJL191W,0,-1.3178844,0.17590361833572388,0.9864864945411682,0.46216216683387756
YDL059C,YKL082C,0,-1.3194534,0.17585653066635132,0.9864864945411682,0.4623123109340668
YML051W,YMR210W,0,-1.3203617,0.17580947279930115,0.9864864945411682,0.462462455034256
YBR002C,YDR146C,0,-1.3203909,0.17576244473457336,0.9864864945411682,0.4626125991344452
YDL059C,YIL135C,0,-1.3207399,0.17571543157100677,0.9864864945411682,0.4627627730369568
YJR057W,YER150W,0,-1.321285,0.17566844820976257,0.9864864945411682,0.462912917137146
YOL052C,YOR327C,0,-1.3215227,0.17562149465084076,0.9864864945411682,0.4630630612373352
YKL201C,YDR281C,0,-1.3226798,0.17557455599308014,0.9864864945411682,0.4632132053375244
YHR030C,YNL261W,0,-1.3227663,0.1755276471376419,0.9864864945411682,0.4633633494377136
YEL022W,YKL095W,0,-1.3233011,0.17548076808452606,0.9864864945411682,0.4635135233402252
YNL147W,YKL168C,0,-1.3237107,0.1754339188337326,0.9864864945411682,0.46366366744041443
YLR016C,YLR213C,0,-1.3238844,0.17538708448410034,0.9864864945411682,0.46381381154060364
YLR157C,YDL202W,0,-1.3240998,0.17534026503562927,0.9864864945411682,0.46396395564079285
YGL186C,YNR003C,0,-1.3262868,0.17529349029064178,0.9864864945411682,0.46411409974098206
YFR013W,YOR311C,0,-1.3268512,0.1752467304468155,0.9864864945411682,0.46426427364349365
YKL093W,YMR250W,0,-1.3276889,0.17520000040531158,0.9864864945411682,0.46441441774368286
YDL133C-A,YOR232W,0,-1.3281524,0.17515328526496887,0.9864864945411682,0.46456456184387207
YLR009W,YBL079W,0,-1.3285816,0.17510661482810974,0.9864864945411682,0.4647147059440613
YKL082C,YPL027W,0,-1.3286717,0.1750599592924118,0.9864864945411682,0.4648648500442505
YIL088C,YCR012W,0,-1.3288076,0.17501331865787506,0.9864864945411682,0.4650150239467621
YPL042C,YLR050C,0,-1.3297381,0.1749667078256607,0.9864864945411682,0.4651651680469513
YDR137W,YER137C,0,-1.3297688,0.17492012679576874,0.9864864945411682,0.4653153121471405
YKL170W,YJL081C,0,-1.3301637,0.17487357556819916,0.9864864945411682,0.4654654562473297
YER098W,YOL026C,0,-1.3310721,0.17482703924179077,0.9864864945411682,0.4656156301498413
YML051W,YNL283C,0,-1.3312244,0.17478053271770477,0.9864864945411682,0.4657657742500305
YDR476C,YHR174W,0,-1.3321271,0.17473404109477997,0.9864864945411682,0.4659159183502197
YEL040W,YLR227W-B,0,-1.3336607,0.17468757927417755,0.9864864945411682,0.46606606245040894
YKL095W,YNL239W,0,-1.334881,0.17464114725589752,0.9864864945411682,0.46621620655059814
YNL102W,YGL170C,0,-1.3352346,0.17459474503993988,0.9864864945411682,0.46636638045310974
YDR146C,YLR270W,0,-1.335321,0.17454835772514343,0.9864864945411682,0.46651652455329895
YCR011C,YFR001W,0,-1.3354046,0.17450198531150818,0.9864864945411682,0.46666666865348816
YDR499W,YLR330W,0,-1.3367872,0.1744556576013565,0.9864864945411682,0.46681681275367737
YPR072W,YMR019W,0,-1.3369719,0.17440934479236603,0.9864864945411682,0.4669669568538666
YBR059C,YGL174W,0,-1.3373593,0.17436306178569794,0.9864864945411682,0.4671171307563782
YKR055W,YOR261C,0,-1.3380742,0.17431679368019104,0.9864864945411682,0.4672672748565674
YHR056C,YGL122C,0,-1.3390737,0.17427055537700653,0.9864864945411682,0.4674174189567566
YLR157C,YBR072W,0,-1.3391004,0.1742243468761444,0.9864864945411682,0.4675675630569458
YDR423C,YLR390W,0,-1.339138,0.17417815327644348,0.9864864945411682,0.467717707157135
YPL218W,YPR160W,0,-1.3392295,0.17413198947906494,0.9864864945411682,0.4678678810596466
YDL197C,YOR025W,0,-1.339347,0.1740858554840088,0.9864864945411682,0.4680180251598358
YDR472W,YDR222W,0,-1.3398359,0.17403973639011383,0.9864864945411682,0.468168169260025
YDL179W,YIL048W,0,-1.3401823,0.17399364709854126,0.9864864945411682,0.46831831336021423
YDR419W,YER098W,0,-1.341186,0.17394757270812988,0.9864864945411682,0.46846845746040344
YAL016W,YCR012W,0,-1.3412106,0.1739015281200409,0.9864864945411682,0.46861863136291504
YDL215C,YMR008C,0,-1.3428388,0.1738555133342743,0.9864864945411682,0.46876877546310425
YLR395C,YAR035W,0,-1.3431777,0.17380952835083008,0.9864864945411682,0.46891891956329346
YJR006W,YNL182C,0,-1.3433626,0.17376355826854706,0.9864864945411682,0.46906906366348267
YPR162C,YCR087C-A,0,-1.3448064,0.17371760308742523,0.9864864945411682,0.4692192077636719
YPR111W,YOL028C,0,-1.346036,0.173671692609787,0.9864864945411682,0.46936938166618347
YMR169C,YLR312W-A,0,-1.3476143,0.17362579703330994,0.9864864945411682,0.4695195257663727
YPL163C,YMR034C,0,-1.3481131,0.17357991635799408,0.9864864945411682,0.4696696698665619
YDR261C-D,YLR278C,0,-1.3497202,0.1735340654850006,0.9864864945411682,0.4698198139667511
YBR170C,YLL027W,0,-1.3512545,0.17348824441432953,0.9864864945411682,0.4699699580669403
YLR452C,YJR026W,0,-1.3513945,0.17344245314598083,0.9864864945411682,0.4701201319694519
YGR161W-B,YBR243C,0,-1.3543913,0.17339667677879333,0.9864864945411682,0.4702702760696411
YKL082C,YKR002W,0,-1.3552582,0.17335093021392822,0.9864864945411682,0.4704204201698303
YBL041W,YDR174W,0,-1.3552676,0.1733051985502243,0.9864864945411682,0.47057056427001953
YBR059C,YGR089W,0,-1.355489,0.17325949668884277,0.9864864945411682,0.47072070837020874
YJR119C,YPR035W,0,-1.3558598,0.17321380972862244,0.9864864945411682,0.47087088227272034
YKL206C,YIR039C,0,-1.3568268,0.17316816747188568,0.9864864945411682,0.47102102637290955
YMR049C,YLL040C,0,-1.3571348,0.17312252521514893,0.9864864945411682,0.47117117047309875
YKL171W,YLR312W-A,0,-1.3573852,0.17307692766189575,0.9864864945411682,0.47132131457328796
YLL029W,YGR214W,0,-1.3574301,0.17303134500980377,0.9864864945411682,0.4714714586734772
YDR499W,YNR002C,0,-1.3598106,0.17298577725887299,0.9864864945411682,0.47162163257598877
YBL089W,YKR006C,0,-1.3600333,0.17294025421142578,0.9864864945411682,0.471771776676178
YLR182W,YOL090W,0,-1.3600633,0.17289473116397858,0.9864864945411682,0.4719219207763672
YLR182W,YML030W,0,-1.3601688,0.17284925282001495,0.9864864945411682,0.4720720648765564
YOR291W,YLR107W,0,-1.3602688,0.17280378937721252,0.9864864945411682,0.4722222089767456
YHL034C,YOR327C,0,-1.3604695,0.17275835573673248,0.9864864945411682,0.4723723828792572
YJR057W,YJL024C,0,-1.3632098,0.17271293699741364,0.9864864945411682,0.4725225269794464
YGR221C,YLR390W,0,-1.3632771,0.17266754806041718,0.9864864945411682,0.4726726710796356
YBR282W,YPL007C,0,-1.3637114,0.1726221740245819,0.9864864945411682,0.47282281517982483
YKL013C,YER137C-A,0,-1.3643924,0.17257682979106903,0.9864864945411682,0.47297295928001404
YFL048C,YJL171C,0,-1.3643925,0.17253151535987854,0.9864864945411682,0.47312313318252563
YJL087C,YDR419W,0,-1.3647906,0.17248621582984924,0.9864864945411682,0.47327327728271484
YEL043W,YNR072W,0,-1.364808,0.17244094610214233,0.9864864945411682,0.47342342138290405
YHR156C,YBR061C,0,-1.3656441,0.17239569127559662,0.9864864945411682,0.47357356548309326
YKR055W,YLR088W,0,-1.3661981,0.1723504662513733,0.9864864945411682,0.47372370958328247
YBR196C,YDR164C,0,-1.3676411,0.17230527102947235,0.9864864945411682,0.47387388348579407
YIL140W,YIL047C,0,-1.3678741,0.1722600907087326,0.9864864945411682,0.4740240275859833
YDR449C,YMR273C,0,-1.368237,0.17221494019031525,0.9864864945411682,0.4741741716861725
YNL138W,YMR210W,0,-1.3682549,0.17216980457305908,0.9864864945411682,0.4743243157863617
YDL227C,YKL205W,0,-1.3690991,0.1721246987581253,0.9864864945411682,0.4744744598865509
YJL166W,YLR301W,0,-1.3706803,0.17207962274551392,0.9864864945411682,0.4746246337890625
YGR052W,YPR091C,0,-1.3716803,0.17203456163406372,0.9864864945411682,0.4747747778892517
YGR134W,YER104W,0,-1.3718485,0.1719895303249359,0.9864864945411682,0.4749249219894409
YPL002C,YDR262W,0,-1.3720919,0.1719445139169693,0.9864864945411682,0.4750750660896301
YKL078W,YJL128C,0,-1.3725121,0.17189952731132507,0.9864864945411682,0.4752252399921417
YOR074C,YNL163C,0,-1.3726012,0.17185457050800323,0.9864864945411682,0.47537538409233093
YIL139C,YNR072W,0,-1.3726273,0.1718096286058426,0.9864864945411682,0.47552552819252014
YOR126C,YNL273W,0,-1.3730803,0.17176470160484314,0.9864864945411682,0.47567567229270935
YDL055C,YOR355W,0,-1.3735976,0.17171980440616608,0.9864864945411682,0.47582581639289856
YKL130C,YOR275C,0,-1.374307,0.1716749370098114,0.9864864945411682,0.47597599029541016
YLR380W,YFR001W,0,-1.3768631,0.1716300994157791,0.9864864945411682,0.47612613439559937
YBR002C,YPL163C,0,-1.3773959,0.17158527672290802,0.9864864945411682,0.4762762784957886
YJL194W,YDR403W,0,-1.3774173,0.17154046893119812,0.9864864945411682,0.4764264225959778
YIL132C,YLR348C,0,-1.3783662,0.1714956909418106,0.9864864945411682,0.476576566696167
YOR287C,YJL192C,0,-1.378549,0.17145094275474548,0.9864864945411682,0.4767267405986786
YOR084W,YER150W,0,-1.3794166,0.17140620946884155,0.9864864945411682,0.4768768846988678
YJR092W,YJL144W,0,-1.3804026,0.17136150598526,0.9864864945411682,0.477027028799057
YPL110C,YJL149W,0,-1.3804613,0.17131681740283966,0.9864864945411682,0.4771771728992462
YHR060W,YOL052C,0,-1.3812134,0.1712721586227417,0.9864864945411682,0.4773273169994354
YGR077C,YHR150W,1,-1.3821365,0.17148813605308533,0.9879879951477051,0.4773273169994354
YGR161W-B,YFL048C,0,-1.3821725,0.17144346237182617,0.9879879951477051,0.477477490901947
YJR082C,YOR074C,0,-1.3839738,0.1713988035917282,0.9879879951477051,0.47762763500213623
YDR026C,YEL053C,0,-1.3842275,0.17135415971279144,0.9879879951477051,0.47777777910232544
YMR238W,YML109W,0,-1.3863912,0.17130956053733826,0.9879879951477051,0.47792792320251465
YHR175W,YOR215C,0,-1.3870287,0.17126496136188507,0.9879879951477051,0.47807806730270386
YNL192W,YBR276C,0,-1.3873197,0.17122040688991547,0.9879879951477051,0.47822824120521545
YBR128C,YPL050C,0,-1.3892505,0.17117585241794586,0.9879879951477051,0.47837838530540466
YDL208W,YPL027W,0,-1.3894367,0.17113134264945984,0.9879879951477051,0.47852852940559387
YBR170C,YNL080C,0,-1.3895378,0.171086847782135,0.9879879951477051,0.4786786735057831
YIL135C,YGL030W,0,-1.3896663,0.17104236781597137,0.9879879951477051,0.4788288176059723
YEL037C,YCL024W,0,-1.3909359,0.17099791765213013,0.9879879951477051,0.4789789915084839
YDR451C,YDR461W,0,-1.3922026,0.17095349729061127,0.9879879951477051,0.4791291356086731
YMR117C,YNR031C,0,-1.3927041,0.1709090918302536,0.9879879951477051,0.4792792797088623
YKR028W,YBL068W,0,-1.3941923,0.17086471617221832,0.9879879951477051,0.4794294238090515
YPR072W,YBR195C,0,-1.3949927,0.17082035541534424,0.9879879951477051,0.4795795679092407
YPR162C,YMR137C,0,-1.3956127,0.17077602446079254,0.9879879951477051,0.4797297418117523
YKR101W,YBR010W,0,-1.3967134,0.17073170840740204,0.9879879951477051,0.47987988591194153
YOR239W,YDR332W,0,-1.3973038,0.17068742215633392,0.9879879951477051,0.48003003001213074
YDR351W,YHR058C,0,-1.3981127,0.170643150806427,0.9879879951477051,0.48018017411231995
YNL008C,YIL108W,0,-1.3983197,0.17059890925884247,0.9879879951477051,0.48033031821250916
YOR343W-B,YBR271W,0,-1.398963,0.17055469751358032,0.9879879951477051,0.48048049211502075
YML071C,YMR093W,0,-1.3995385,0.17051050066947937,0.9879879951477051,0.48063063621520996
YJR032W,YDL035C,0,-1.3996171,0.1704663187265396,0.9879879951477051,0.48078078031539917
YDR353W,YBR141C,0,-1.40022,0.17042216658592224,0.9879879951477051,0.4809309244155884
YMR168C,YOR025W,0,-1.4009495,0.17037804424762726,0.9879879951477051,0.4810810685157776
YIL035C,YDR392W,0,-1.4010638,0.17033393681049347,0.9879879951477051,0.4812312424182892
YFR013W,YGR032W,0,-1.401091,0.17028985917568207,0.9879879951477051,0.4813813865184784
YLR305C,YPR149W,0,-1.4014666,0.17024579644203186,0.9879879951477051,0.4815315306186676
YIL088C,YPR171W,0,-1.4024413,0.17020176351070404,0.9879879951477051,0.4816816747188568
YGR246C,YMR250W,0,-1.4030188,0.17015774548053741,0.9879879951477051,0.481831818819046
YNL027W,YPR060C,0,-1.403249,0.17011375725269318,0.9879879951477051,0.4819819927215576
YLR080W,YLR380W,0,-1.4035587,0.17006978392601013,0.9879879951477051,0.4821321368217468
YFR031C,YDR159W,0,-1.404279,0.17002584040164948,0.9879879951477051,0.48228228092193604
YHR056C,YBR238C,0,-1.404299,0.16998191177845,0.9879879951477051,0.48243242502212524
YBR002C,YPL257W-B,0,-1.405367,0.16993801295757294,0.9879879951477051,0.48258256912231445
YGL212W,YGR222W,0,-1.4055095,0.16989414393901825,0.9879879951477051,0.48273274302482605
YBR002C,YKL022C,0,-1.4056442,0.16985028982162476,0.9879879951477051,0.48288288712501526
YPR182W,YIR032C,0,-1.4071052,0.16980645060539246,0.9879879951477051,0.48303303122520447
YLR228C,YEL036C,0,-1.4072406,0.16976264119148254,0.9879879951477051,0.4831831753253937
YLR353W,YPL122C,0,-1.4075193,0.16971886157989502,0.9879879951477051,0.4833333194255829
YHR041C,YEL070W,0,-1.408304,0.1696750968694687,0.9879879951477051,0.4834834933280945
YLL045C,YLR025W,0,-1.4086261,0.16963134706020355,0.9879879951477051,0.4836336374282837
YER087W,YDL140C,0,-1.408905,0.1695876270532608,0.9879879951477051,0.4837837815284729
YOL129W,YLR394W,0,-1.4089841,0.16954393684864044,0.9879879951477051,0.4839339256286621
YML006C,YPL007C,0,-1.4092135,0.16950026154518127,0.9879879951477051,0.4840840697288513
YGL209W,YDR373W,0,-1.4102423,0.1694566011428833,0.9879879951477051,0.4842342436313629
YNL281W,YKL144C,0,-1.4103215,0.16941297054290771,0.9879879951477051,0.4843843877315521
YBR120C,YDR226W,0,-1.4110142,0.16936936974525452,0.9879879951477051,0.48453453183174133
YNL010W,YDR159W,0,-1.4115946,0.1693257838487625,0.9879879951477051,0.48468467593193054
YFL013C,YDL045C,0,-1.4123054,0.1692822277545929,0.9879879951477051,0.48483482003211975
YKL161C,YML099C,0,-1.413466,0.16923868656158447,0.9879879951477051,0.48498499393463135
YEL036C,YIL079C,0,-1.4136419,0.16919516026973724,0.9879879951477051,0.48513513803482056
YJR055W,YDL216C,0,-1.4139037,0.1691516637802124,0.9879879951477051,0.48528528213500977
YGR118W,YOR313C,0,-1.4150188,0.16910819709300995,0.9879879951477051,0.485435426235199
YOR274W,YPL163C,0,-1.4153514,0.1690647453069687,0.9879879951477051,0.48558560013771057
YLL008W,YDR109C,0,-1.4155393,0.16902132332324982,0.9879879951477051,0.4857357442378998
YPR196W,YER137C-A,0,-1.4163449,0.16897791624069214,0.9879879951477051,0.485885888338089
YMR168C,YAL063C,0,-1.4168613,0.16893452405929565,0.9879879951477051,0.4860360324382782
YIL170W,YBR129C,0,-1.4186769,0.16889117658138275,0.9879879951477051,0.4861861765384674
YDR034C,YNR035C,0,-1.4186902,0.16884782910346985,0.9879879951477051,0.486336350440979
YDL059C,YDR211W,0,-1.4191165,0.16880451142787933,0.9879879951477051,0.4864864945411682
YDR261C-D,YOL101C,0,-1.4207792,0.1687612235546112,0.9879879951477051,0.4866366386413574
YPR026W,YLL041C,0,-1.4217792,0.16871795058250427,0.9879879951477051,0.48678678274154663
YFL038C,YBL089W,0,-1.4221992,0.16867469251155853,0.9879879951477051,0.48693692684173584
YJR078W,YOR311C,0,-1.4222925,0.16863146424293518,0.9879879951477051,0.48708710074424744
YHR047C,YNL304W,0,-1.422435,0.16858826577663422,0.9879879951477051,0.48723724484443665
YAL024C,YFL021W,0,-1.4231348,0.16854508221149445,0.9879879951477051,0.48738738894462585
YDR460W,YBR173C,0,-1.4254085,0.16850191354751587,0.9879879951477051,0.48753753304481506
YDR034C,YKL203C,0,-1.426708,0.16845877468585968,0.9879879951477051,0.4876876771450043
YLR208W,YMR179W,0,-1.4276996,0.16841566562652588,0.9879879951477051,0.48783785104751587
YOL070C,YGR285C,0,-1.428026,0.16837257146835327,0.9879879951477051,0.4879879951477051
YDR261C-D,YPL244C,0,-1.4280511,0.16832949221134186,0.9879879951477051,0.4881381392478943
YGR169C,YBR294W,0,-1.4299798,0.16828644275665283,0.9879879951477051,0.4882882833480835
YMR240C,YNL259C,0,-1.4325914,0.1682434231042862,0.9879879951477051,0.4884384274482727
YIL076W,YOL108C,0,-1.4336641,0.16820040345191956,0.9879879951477051,0.4885886013507843
YDR405W,YLL043W,0,-1.4345797,0.1681574285030365,0.9879879951477051,0.4887387454509735
YDR419W,YPL042C,0,-1.4375577,0.16811445355415344,0.9879879951477051,0.4888888895511627
YKL093W,YDR405W,0,-1.4382737,0.16807152330875397,0.9879879951477051,0.48903903365135193
YLL033W,YIR039C,0,-1.4386674,0.16802860796451569,0.9879879951477051,0.48918917775154114
YLR227W-B,YFL045C,0,-1.4393828,0.1679857075214386,0.9879879951477051,0.48933935165405273
YNL073W,YMR210W,0,-1.4403204,0.1679428219795227,0.9879879951477051,0.48948949575424194
YHR175W,YLR410W-B,0,-1.4421325,0.1678999811410904,0.9879879951477051,0.48963963985443115
YER013W,YGR084C,0,-1.4430192,0.16785714030265808,0.9879879951477051,0.48978978395462036
YMR019W,YDR146C,0,-1.4431934,0.16781432926654816,0.9879879951477051,0.48993992805480957
YIL135C,YPR119W,0,-1.4434524,0.16777154803276062,0.9879879951477051,0.49009010195732117
YMR020W,YPL183W-A,0,-1.444335,0.16772878170013428,0.9879879951477051,0.4902402460575104
YKL074C,YEL070W,0,-1.4467956,0.16768603026866913,0.9879879951477051,0.4903903901576996
YLR080W,YNR010W,0,-1.4472806,0.16764330863952637,0.9879879951477051,0.4905405342578888
YKL117W,YDR240C,0,-1.4484879,0.167600616812706,0.9879879951477051,0.490690678358078
YGR161W-B,YKL172W,0,-1.4488423,0.16755792498588562,0.9879879951477051,0.4908408522605896
YPR011C,YBR061C,0,-1.4490725,0.16751527786254883,0.9879879951477051,0.4909909963607788
YER125W,YGR113W,0,-1.4495547,0.16747264564037323,0.9879879951477051,0.491141140460968
YDR196C,YFL038C,0,-1.4498246,0.16743002831935883,0.9879879951477051,0.4912912845611572
YOL038W,YML080W,0,-1.4498556,0.16738742589950562,0.9879879951477051,0.49144142866134644
YMR038C,YNL080C,0,-1.4498774,0.167344868183136,0.9879879951477051,0.49159160256385803
YGR052W,YLL033W,0,-1.4503952,0.16730231046676636,0.9879879951477051,0.49174174666404724
YCL004W,YGL220W,0,-1.4507587,0.16725978255271912,0.9879879951477051,0.49189189076423645
YOR304C-A,YER019C-A,0,-1.4520257,0.16721728444099426,0.9879879951477051,0.49204203486442566
YGR282C,YOR343W-B,0,-1.4532355,0.1671748012304306,0.9879879951477051,0.49219217896461487
YDR383C,YML036W,0,-1.4561684,0.16713233292102814,0.9879879951477051,0.49234235286712646
YEL052W,YOR008C,0,-1.4568214,0.16708989441394806,0.9879879951477051,0.4924924969673157
YGR288W,YLR386W,0,-1.4574724,0.16704747080802917,0.9879879951477051,0.4926426410675049
YNL073W,YMR115W,0,-1.4579769,0.16700507700443268,0.9879879951477051,0.4927927851676941
YDR261C-D,YEL062W,0,-1.4581845,0.16696269810199738,0.9879879951477051,0.4929429292678833
YGL225W,YKL206C,0,-1.4588974,0.16692034900188446,0.9879879951477051,0.4930931031703949
YMR061W,YLL033W,0,-1.4594841,0.16687801480293274,0.9879879951477051,0.4932432472705841
YFL066C,YGL220W,0,-1.460012,0.1668356955051422,0.9879879951477051,0.4933933913707733
YPL188W,YDR332W,0,-1.4615622,0.16679340600967407,0.9879879951477051,0.4935435354709625
YKL182W,YHR077C,0,-1.4630474,0.16675114631652832,0.9879879951477051,0.49369367957115173
YDL217C,YBL041W,0,-1.4633504,0.16670888662338257,0.9879879951477051,0.49384385347366333
YOR287C,YJL124C,0,-1.463362,0.1666666716337204,0.9879879951477051,0.49399399757385254
YOL038W,YPL050C,0,-1.4640895,0.16662445664405823,0.9879879951477051,0.49414414167404175
YIL139C,YJL029C,0,-1.464664,0.16658227145671844,0.9879879951477051,0.49429428577423096
YPL151C,YDR499W,0,-1.4664805,0.16654011607170105,0.9879879951477051,0.49444442987442017
YKR019C,YLR285W,0,-1.4676536,0.16649797558784485,0.9879879951477051,0.49459460377693176
YDR196C,YDL015C,0,-1.4686306,0.16645585000514984,0.9879879951477051,0.49474474787712097
YML032C,YNL070W,0,-1.4690826,0.16641375422477722,0.9879879951477051,0.4948948919773102
YHR211W,YLR029C,0,-1.4695258,0.166371688246727,0.9879879951477051,0.4950450360774994
YKR055W,YGL051W,0,-1.4698879,0.16632962226867676,0.9879879951477051,0.495195209980011
YOR363C,YMR204C,1,-1.4699692,0.16654030978679657,0.9894894957542419,0.495195209980011
YHR061C,YNR044W,0,-1.4721466,0.16649822890758514,0.9894894957542419,0.4953453540802002
YGR169C,YMR308C,0,-1.4722652,0.1664561778306961,0.9894894957542419,0.4954954981803894
YOR106W,YFL023W,0,-1.4734412,0.16641414165496826,0.9894894957542419,0.4956456422805786
YBR115C,YKR006C,0,-1.4740554,0.1663721352815628,0.9894894957542419,0.4957957863807678
YDR159W,YDR404C,0,-1.474849,0.16633012890815735,0.9894894957542419,0.4959459602832794
YKR008W,YMR321C,0,-1.4752196,0.16628816723823547,0.9894894957542419,0.49609610438346863
YOL155C,YGL148W,0,-1.4756458,0.1662462204694748,0.9894894957542419,0.49624624848365784
YGR167W,YLR129W,0,-1.4760286,0.1662042886018753,0.9894894957542419,0.49639639258384705
YOR204W,YOL108C,0,-1.4778206,0.1661623865365982,0.9894894957542419,0.49654653668403625
YNL182C,YDL077C,0,-1.4785521,0.1661204993724823,0.9894894957542419,0.49669671058654785
YAL063C,YLR047C,0,-1.4812117,0.1660786271095276,0.9894894957542419,0.49684685468673706
YJR092W,YLR224W,0,-1.4817442,0.16603678464889526,0.9894894957542419,0.49699699878692627
YML099C,YMR025W,0,-1.48225,0.16599495708942413,0.9894894957542419,0.4971471428871155
YCL018W,YFR001W,0,-1.4823163,0.1659531593322754,0.9894894957542419,0.4972972869873047
YPR011C,YCL008C,0,-1.4827993,0.16591137647628784,0.9894894957542419,0.4974474608898163
YMR089C,YLR160C,0,-1.4833283,0.16586962342262268,0.9894894957542419,0.4975976049900055
YDR233C,YPL131W,0,-1.4837537,0.1658278852701187,0.9894894957542419,0.4977477490901947
YBR202W,YKR002W,0,-1.4840788,0.16578616201877594,0.9894894957542419,0.4978978931903839
YNL178W,YOR138C,0,-1.4863279,0.16574446856975555,0.9894894957542419,0.4980480372905731
YNR067C,YGR105W,0,-1.4864805,0.16570279002189636,0.9894894957542419,0.4981982111930847
YPR127W,YIL035C,0,-1.4869168,0.16566114127635956,0.9894894957542419,0.4983483552932739
YGL172W,YOR147W,0,-1.4890947,0.16561950743198395,0.9894894957542419,0.49849849939346313
YMR182C,YGR258C,0,-1.4898835,0.16557788848876953,0.9894894957542419,0.49864864349365234
YGR264C,YPL078C,0,-1.49009,0.1655362993478775,0.9894894957542419,0.49879878759384155
YCL018W,YBR026C,0,-1.4907899,0.16549472510814667,0.9894894957542419,0.49894896149635315
YGR258C,YOR187W,0,-1.4909594,0.16545318067073822,0.9894894957542419,0.49909910559654236
YEL069C,YMR087W,0,-1.4916126,0.16541165113449097,0.9894894957542419,0.49924924969673157
YER101C,YKL189W,0,-1.491678,0.1653701364994049,0.9894894957542419,0.4993993937969208
YGR052W,YER185W,0,-1.4922978,0.16532865166664124,0.9894894957542419,0.49954953789711
YLR107W,YPL127C,0,-1.4926403,0.16528718173503876,0.9894894957542419,0.4996997117996216
YOR301W,YJL128C,0,-1.4927721,0.16524574160575867,0.9894894957542419,0.4998498558998108
YHR061C,YIL042C,0,-1.4929377,0.16520431637763977,0.9894894957542419,0.5
YHR030C,YHR057C,0,-1.4932221,0.16516290605068207,0.9894894957542419,0.5001501441001892
YLR157C,YOL107W,0,-1.4935019,0.16512152552604675,0.9894894957542419,0.5003002882003784
YGR145W,YOR377W,0,-1.494317,0.16508015990257263,0.9894894957542419,0.5004504323005676
YER103W,YCR060W,0,-1.4943956,0.1650388240814209,0.9894894957542419,0.5006005764007568
YIR018W,YGR255C,0,-1.4944671,0.16499750316143036,0.9894894957542419,0.5007507801055908
YGR020C,YOL111C,0,-1.4952772,0.164956197142601,0.9894894957542419,0.50090092420578
YGL220W,YOR340C,0,-1.4964582,0.16491492092609406,0.9894894957542419,0.5010510683059692
YBL041W,YDR218C,0,-1.4973766,0.1648736596107483,0.9894894957542419,0.5012012124061584
YOR378W,YBL011W,0,-1.4978187,0.16483241319656372,0.9894894957542419,0.5013513565063477
YPR171W,YMR115W,0,-1.4982641,0.16479119658470154,0.9894894957542419,0.5015015006065369
YOR299W,YDR416W,0,-1.4984682,0.16474999487400055,0.9894894957542419,0.5016516447067261
YOL129W,YIL035C,0,-1.4986391,0.16470882296562195,0.9894894957542419,0.5018017888069153
YMR146C,YGL068W,0,-1.4992075,0.16466766595840454,0.9894894957542419,0.5019519329071045
YNL008C,YMR229C,0,-1.499938,0.16462652385234833,0.9894894957542419,0.5021020770072937
YHR214C-B,YGL026C,0,-1.5006435,0.1645854115486145,0.9894894957542419,0.5022522807121277
YNL107W,YJL155C,0,-1.5009773,0.16454431414604187,0.9894894957542419,0.5024024248123169
YJR034W,YOR294W,0,-1.5012058,0.16450324654579163,0.9894894957542419,0.5025525689125061
YJL191W,YDL216C,0,-1.5012896,0.16446219384670258,0.9894894957542419,0.5027027130126953
YLR305C,YLR380W,0,-1.5020895,0.16442115604877472,0.9894894957542419,0.5028528571128845
YLL002W,YLR197W,0,-1.50307,0.16438014805316925,0.9894894957542419,0.5030030012130737
YHR047C,YLR410W-B,0,-1.5045971,0.16433915495872498,0.9894894957542419,0.5031531453132629
YPL180W,YFR018C,0,-1.5051475,0.1642981767654419,0.9894894957542419,0.5033032894134521
YKL130C,YMR099C,0,-1.5059716,0.1642572283744812,0.9894894957542419,0.5034534335136414
YJR119C,YJR133W,0,-1.5064716,0.1642162948846817,0.9894894957542419,0.5036035776138306
YJR055W,YIL006W,0,-1.5065792,0.1641753911972046,0.9894894957542419,0.5037537813186646
YPR043W,YOR180C,0,-1.5072875,0.16413450241088867,0.9894894957542419,0.5039039254188538
YNL079C,YNL032W,0,-1.5082023,0.16409362852573395,0.9894894957542419,0.504054069519043
YML112W,YMR321C,0,-1.5083565,0.16405276954174042,0.9894894957542419,0.5042042136192322
YLR295C,YMR267W,0,-1.5095209,0.16401194036006927,0.9894894957542419,0.5043543577194214
YDR512C,YLR344W,0,-1.511236,0.16397114098072052,0.9894894957542419,0.5045045018196106
YGL237C,YER087W,0,-1.5125389,0.16393034160137177,0.9894894957542419,0.5046546459197998
YMR239C,YGL163C,0,-1.5159206,0.1638895869255066,0.9894894957542419,0.504804790019989
YPL244C,YDR470C,0,-1.5160264,0.16384883224964142,0.9894894957542419,0.5049549341201782
YML058W-A,YBR080C,0,-1.5164287,0.16380810737609863,0.9894894957542419,0.5051050782203674
YLR256W-A,YKL175W,0,-1.5181177,0.16376739740371704,0.9894894957542419,0.5052552819252014
YLR440C,YGL233W,0,-1.5219047,0.16372670233249664,0.9894894957542419,0.5054054260253906
YPR080W,YLR209C,0,-1.5220731,0.16368603706359863,0.9894894957542419,0.5055555701255798
YLR206W,YDR229W,0,-1.522105,0.16364538669586182,0.9894894957542419,0.505705714225769
YNL283C,YDL078C,0,-1.5240301,0.1636047661304474,0.9894894957542419,0.5058558583259583
YCR093W,YKL078W,0,-1.5240823,0.16356416046619415,0.9894894957542419,0.5060060024261475
YDR067C,YLR164W,0,-1.5263791,0.1635235697031021,0.9894894957542419,0.5061561465263367
YKL124W,YGL051W,0,-1.5265522,0.16348300874233246,0.9894894957542419,0.5063062906265259
YKL126W,YLR113W,0,-1.5285295,0.163442462682724,0.9894894957542419,0.5064564347267151
YOR071C,YMR179W,0,-1.5290056,0.16340193152427673,0.9894894957542419,0.5066065788269043
YCR060W,YDL111C,0,-1.5294216,0.16336143016815186,0.9894894957542419,0.5067567825317383
YLR429W,YDL035C,0,-1.5319514,0.16332094371318817,0.9894894957542419,0.5069069266319275
YDR137W,YNL073W,0,-1.5337934,0.16328047215938568,0.9894894957542419,0.5070570707321167
YPR189W,YPR191W,0,-1.5346446,0.16324003040790558,0.9894894957542419,0.5072072148323059
YNL283C,YMR078C,0,-1.5353566,0.16319960355758667,0.9894894957542419,0.5073573589324951
YPL147W,YCL025C,0,-1.5359511,0.16315919160842896,0.9894894957542419,0.5075075030326843
YLR113W,YMR093W,0,-1.53687,0.16311880946159363,0.9894894957542419,0.5076576471328735
YIL128W,YLR182W,0,-1.5370524,0.1630784422159195,0.9894894957542419,0.5078077912330627
YOR142W,YHR109W,0,-1.5372376,0.16303810477256775,0.9894894957542419,0.507957935333252
YIL135C,YLR389C,0,-1.53803,0.162997767329216,0.9894894957542419,0.5081080794334412
YNL314W,YGL004C,0,-1.5382351,0.16295747458934784,0.9894894957542419,0.5082582831382751
YHL027W,YDR109C,0,-1.5389358,0.16291718184947968,0.9894894957542419,0.5084084272384644
YJR051W,YML099C,0,-1.5408747,0.1628769189119339,0.9894894957542419,0.5085585713386536
YJL117W,YGR271W,0,-1.5416793,0.16283667087554932,0.9894894957542419,0.5087087154388428
YGL172W,YOL062C,0,-1.5425129,0.16279643774032593,0.9894894957542419,0.508858859539032
YGR171C,YOL158C,0,-1.5426176,0.16275623440742493,0.9894894957542419,0.5090090036392212
YLR029C,YJR040W,0,-1.5431759,0.16271604597568512,0.9894894957542419,0.5091591477394104
YLR329W,YGR185C,0,-1.5431851,0.1626758873462677,0.9894894957542419,0.5093092918395996
YPR189W,YJL176C,0,-1.5433564,0.16263572871685028,0.9894894957542419,0.5094594359397888
YLL051C,YMR218C,0,-1.543472,0.16259561479091644,0.9894894957542419,0.509609580039978
YER162C,YMR304W,0,-1.5446205,0.1625555008649826,0.9894894957542419,0.509759783744812
YDR378C,YBR120C,0,-1.5457081,0.16251541674137115,0.9894894957542419,0.5099099278450012
YDR499W,YOR038C,0,-1.5470033,0.1624753475189209,0.9894894957542419,0.5100600719451904
YDR332W,YOR020C,0,-1.5482776,0.16243529319763184,0.9894894957542419,0.5102102160453796
YDR034C,YAL017W,0,-1.5489103,0.16239526867866516,0.9894894957542419,0.5103603601455688
YIL132C,YLL040C,0,-1.5490452,0.16235525906085968,0.9894894957542419,0.5105105042457581
YFR018C,YOL101C,0,-1.5494456,0.1623152643442154,0.9894894957542419,0.5106606483459473
YMR087W,YKL201C,0,-1.5495069,0.1622752994298935,0.9894894957542419,0.5108107924461365
YMR227C,YBR155W,0,-1.5496228,0.1622353494167328,0.9894894957542419,0.5109609365463257
YGL186C,YNL006W,0,-1.5499053,0.16219542920589447,0.9894894957542419,0.5111111402511597
YOL145C,YDL215C,0,-1.550458,0.16215550899505615,0.9894894957542419,0.5112612843513489
YMR180C,YNL302C,0,-1.5512123,0.16211561858654022,0.9894894957542419,0.5114114284515381
YDL227C,YGL163C,0,-1.5520672,0.16207574307918549,0.9894894957542419,0.5115615725517273
YDR492W,YHR109W,0,-1.5541084,0.16203589737415314,0.9894894957542419,0.5117117166519165
YGL010W,YLR380W,0,-1.5541635,0.16199606657028198,0.9894894957542419,0.5118618607521057
YJR083C,YER115C,0,-1.5546324,0.16195625066757202,0.9894894957542419,0.5120120048522949
YLR203C,YGL190C,0,-1.5547795,0.16191646456718445,0.9894894957542419,0.5121621489524841
YBR196C,YLR227W-B,0,-1.5551558,0.16187669336795807,0.9894894957542419,0.5123122930526733
YLR029C,YER052C,0,-1.5557511,0.16183693706989288,0.9894894957542419,0.5124624371528625
YLL051C,YDL206W,0,-1.5568771,0.1617971956729889,0.9894894957542419,0.5126126408576965
YLR130C,YDR173C,0,-1.5577716,0.1617574840784073,0.9894894957542419,0.5127627849578857
YNL079C,YNL307C,0,-1.5597627,0.16171778738498688,0.9894894957542419,0.512912929058075
YNR013C,YLR213C,0,-1.5599729,0.16167812049388885,0.9894894957542419,0.5130630731582642
YHR209W,YKR006C,0,-1.5606371,0.16163845360279083,0.9894894957542419,0.5132132172584534
YOR363C,YGR077C,1,-1.5607288,0.16184404492378235,0.9909909963607788,0.5132132172584534
YKR036C,YOR074C,0,-1.5607402,0.16180436313152313,0.9909909963607788,0.5133633613586426
YDR064W,YMR075W,0,-1.5627737,0.1617647111415863,0.9909909963607788,0.5135135054588318
YER185W,YNL283C,0,-1.565259,0.16172507405281067,0.9909909963607788,0.513663649559021
YPR083W,YBL085W,0,-1.5660299,0.16168545186519623,0.9909909963607788,0.5138137936592102
YML097C,YGR255C,0,-1.5663086,0.16164584457874298,0.9909909963607788,0.5139639377593994
YER154W,YBR172C,0,-1.5683093,0.16160626709461212,0.9909909963607788,0.5141141414642334
YGR052W,YER115C,0,-1.5683494,0.16156670451164246,0.9909909963607788,0.5142642855644226
YMR136W,YNR013C,0,-1.5684068,0.16152717173099518,0.9909909963607788,0.5144144296646118
YNR067C,YBR257W,0,-1.5687647,0.1614876389503479,0.9909909963607788,0.514564573764801
YLL051C,YLR348C,0,-1.5690411,0.161448135972023,0.9909909963607788,0.5147147178649902
YDL054C,YOR377W,0,-1.573103,0.1614086627960205,0.9909909963607788,0.5148648619651794
YLR410W-A,YPL167C,0,-1.5745809,0.161369189620018,0.9909909963607788,0.5150150060653687
YDR261C-D,YOR232W,0,-1.5758829,0.1613297462463379,0.9909909963607788,0.5151651501655579
YBR118W,YFR045W,0,-1.5759921,0.16129031777381897,0.9909909963607788,0.5153152942657471
YNL044W,YBR052C,0,-1.5762367,0.16125091910362244,0.9909909963607788,0.5154654383659363
YFR018C,YOR222W,0,-1.5772922,0.1612115353345871,0.9909909963607788,0.5156156420707703
YMR315W,YJL085W,0,-1.5783738,0.16117216646671295,0.9909909963607788,0.5157657861709595
YPL150W,YPL252C,0,-1.5784824,0.1611328125,0.9909909963607788,0.5159159302711487
YER049W,YDR245W,0,-1.5789948,0.16109348833560944,0.9909909963607788,0.5160660743713379
YDR405W,YFL001W,0,-1.5792646,0.16105417907238007,0.9909909963607788,0.5162162184715271
YPL188W,YLR350W,0,-1.5795522,0.1610148847103119,0.9909909963607788,0.5163663625717163
YKR055W,YHR085W,0,-1.5796672,0.1609756052494049,0.9909909963607788,0.5165165066719055
YJL087C,YLR208W,0,-1.5819786,0.1609363555908203,0.9909909963607788,0.5166666507720947
YOR025W,YPL027W,0,-1.5821044,0.1608971208333969,0.9909909963607788,0.5168167948722839
YDR461W,YDR497C,0,-1.5851964,0.1608579158782959,0.9909909963607788,0.5169669389724731
YCL043C,YKR028W,0,-1.5862284,0.16081871092319489,0.9909909963607788,0.5171171426773071
YLR187W,YMR229C,0,-1.5867236,0.16077953577041626,0.9909909963607788,0.5172672867774963
YPL110C,YGR255C,0,-1.5873026,0.16074037551879883,0.9909909963607788,0.5174174308776855
YFL033C,YPL188W,0,-1.5884906,0.16070124506950378,0.9909909963607788,0.5175675749778748
YBR195C,YBR129C,0,-1.5889987,0.16066212952136993,0.9909909963607788,0.517717719078064
YHR179W,YBR243C,0,-1.5890787,0.16062302887439728,0.9909909963607788,0.5178678631782532
YOL086C,YGR214W,0,-1.5892223,0.16058394312858582,0.9909909963607788,0.5180180072784424
YER103W,YDL227C,0,-1.5899603,0.16054487228393555,0.9909909963607788,0.5181681513786316
YDL036C,YDR210C-C,0,-1.5901413,0.16050583124160767,0.9909909963607788,0.5183182954788208
YLL043W,YDR173C,0,-1.5913861,0.16046680510044098,0.9909909963607788,0.51846843957901
YDR423C,YGL004C,0,-1.5916764,0.16042780876159668,0.9909909963607788,0.518618643283844
YNL079C,YDR416W,0,-1.5921103,0.16038882732391357,0.9909909963607788,0.5187687873840332
YBR195C,YPR026W,0,-1.5925266,0.16034986078739166,0.9909909963607788,0.5189189314842224
YOR317W,YLR325C,0,-1.5930796,0.16031090915203094,0.9909909963607788,0.5190690755844116
YIL088C,YOR338W,0,-1.5937679,0.16027197241783142,0.9909909963607788,0.5192192196846008
YLR103C,YER130C,0,-1.5977659,0.16023306548595428,0.9909909963607788,0.51936936378479
YGR161W-B,YGR177C,0,-1.5981927,0.16019417345523834,0.9909909963607788,0.5195195078849792
YPR137C-A,YGL004C,0,-1.5982137,0.1601552963256836,0.9909909963607788,0.5196696519851685
YGL010W,YLL004W,0,-1.598254,0.16011644899845123,0.9909909963607788,0.5198197960853577
YER013W,YGL174W,0,-1.5982801,0.16007761657238007,0.9909909963607788,0.5199699401855469
YPR171W,YBL026W,0,-1.5985194,0.1600387990474701,0.9909909963607788,0.5201201438903809
YPR035W,YPL257W-B,0,-1.5997373,0.1599999964237213,0.9909909963607788,0.5202702879905701
YOL090W,YML056C,0,-1.5997767,0.15996122360229492,0.9909909963607788,0.5204204320907593
YDR492W,YLR113W,0,-1.5998039,0.15992246568202972,0.9909909963607788,0.5205705761909485
YMR176W,YLR227W-B,0,-1.5998089,0.15988372266292572,0.9909909963607788,0.5207207202911377
YJL112W,YNR060W,0,-1.6008382,0.1598449945449829,0.9909909963607788,0.5208708643913269
YOL103W-B,YER125W,0,-1.6015978,0.1598062962293625,0.9909909963607788,0.5210210084915161
YFR013W,YDR261C-D,0,-1.6018474,0.15976761281490326,0.9909909963607788,0.5211711525917053
YOR138C,YLR160C,0,-1.6018814,0.15972894430160522,0.9909909963607788,0.5213212966918945
YDL246C,YJR063W,0,-1.6021426,0.15969029068946838,0.9909909963607788,0.5214715003967285
YJL079C,YFL013C,0,-1.6033044,0.15965166687965393,0.9909909963607788,0.5216216444969177
YDR067C,YPR113W,0,-1.6047595,0.15961305797100067,0.9909909963607788,0.5217717885971069
YGR251W,YDL225W,0,-1.6051221,0.1595744639635086,0.9909909963607788,0.5219219326972961
YAR002C-A,YGL236C,0,-1.6056128,0.15953589975833893,0.9909909963607788,0.5220720767974854
YJR036C,YIL177C,0,-1.6057847,0.15949733555316925,0.9909909963607788,0.5222222208976746
YER014C-A,YGR229C,0,-1.6072989,0.15945880115032196,0.9909909963607788,0.5223723649978638
YMR200W,YLL033W,0,-1.6081827,0.15942029654979706,0.9909909963607788,0.522522509098053
YLL003W,YLR410W-B,0,-1.6084896,0.15938179194927216,0.9909909963607788,0.5226726531982422
YLL003W,YPL082C,0,-1.6087404,0.15934331715106964,0.9909909963607788,0.5228227972984314
YDR079W,YKL174C,0,-1.6105398,0.15930485725402832,0.9909909963607788,0.5229730010032654
YDR383C,YOL052C,0,-1.6107949,0.1592664122581482,0.9909909963607788,0.5231231451034546
YNL335W,YLR016C,0,-1.6117691,0.15922798216342926,0.9909909963607788,0.5232732892036438
YMR008C,YDR281C,0,-1.6124127,0.15918958187103271,0.9909909963607788,0.523423433303833
YHR059W,YJL082W,0,-1.6133554,0.15915119647979736,0.9909909963607788,0.5235735774040222
YLR380W,YNR003C,0,-1.6138349,0.1591128259897232,0.9909909963607788,0.5237237215042114
YGR282C,YJL206C,0,-1.614429,0.15907447040081024,0.9909909963607788,0.5238738656044006
YML030W,YMR145C,0,-1.6145787,0.15903614461421967,0.9909909963607788,0.5240240097045898
YBR187W,YDR392W,0,-1.6149089,0.15899783372879028,0.9909909963607788,0.524174153804779
YNL223W,YKL015W,0,-1.6152201,0.1589595377445221,0.9909909963607788,0.5243242979049683
YGR161W-B,YOL043C,0,-1.618192,0.1589212566614151,0.9909909963607788,0.5244745016098022
YPL223C,YOR285W,0,-1.619235,0.1588830053806305,0.9909909963607788,0.5246246457099915
YBR195C,YHR168W,0,-1.6202075,0.15884476900100708,0.9909909963607788,0.5247747898101807
YGR032W,YBL098W,0,-1.6206145,0.15880654752254486,0.9909909963607788,0.5249249339103699
YIL142W,YOR304C-A,0,-1.6210043,0.15876834094524384,0.9909909963607788,0.5250750780105591
YLR107W,YDR109C,0,-1.621161,0.1587301641702652,0.9909909963607788,0.5252252221107483
YNL281W,YNL050C,0,-1.6215318,0.15869198739528656,0.9909909963607788,0.5253753662109375
YKL119C,YOR343W-B,0,-1.6220899,0.1586538404226303,0.9909909963607788,0.5255255103111267
YPR113W,YLR182W,0,-1.6224974,0.15861572325229645,0.9909909963607788,0.5256756544113159
YDR378C,YML045W-A,0,-1.623165,0.15857760608196259,0.9909909963607788,0.5258257985115051
YOR089C,YJL006C,0,-1.6242243,0.1585395187139511,0.9909909963607788,0.5259760022163391
YNL153C,YLR410W-B,0,-1.6243194,0.15850144624710083,0.9909909963607788,0.5261261463165283
YBR278W,YOL155C,0,-1.6259774,0.15846338868141174,0.9909909963607788,0.5262762904167175
YHR209W,YBR287W,0,-1.6264569,0.15842534601688385,0.9909909963607788,0.5264264345169067
YOL103W-B,YGR072W,0,-1.6271666,0.15838733315467834,0.9909909963607788,0.526576578617096
YER185W,YBR096W,0,-1.6289576,0.15834933519363403,0.9909909963607788,0.5267267227172852
YKL203C,YKL205W,0,-1.6302516,0.15831135213375092,0.9909909963607788,0.5268768668174744
YPL274W,YDL045C,0,-1.6314582,0.158273383975029,0.9909909963607788,0.5270270109176636
YJR006W,YBL068W,0,-1.6319541,0.15823543071746826,0.9909909963607788,0.5271771550178528
YGR268C,YJR083C,0,-1.6319987,0.15819750726222992,0.9909909963607788,0.527327299118042
YPL127C,YHR069C,0,-1.6320801,0.15815959870815277,0.9909909963607788,0.527477502822876
YMR284W,YFL001W,0,-1.6325684,0.15812170505523682,0.9909909963607788,0.5276276469230652
YBR125C,YBR010W,0,-1.6332471,0.15808382630348206,0.9909909963607788,0.5277777910232544
YCL014W,YBR093C,0,-1.63351,0.15804597735404968,0.9909909963607788,0.5279279351234436
YJR055W,YLR330W,0,-1.6339128,0.1580081433057785,0.9909909963607788,0.5280780792236328
YLR043C,YPL002C,0,-1.63461,0.15797032415866852,0.9909909963607788,0.528228223323822
YEL040W,YBL052C,0,-1.6349059,0.15793251991271973,0.9909909963607788,0.5283783674240112
YNL172W,YDL148C,0,-1.6350513,0.15789473056793213,0.9909909963607788,0.5285285115242004
YPR080W,YMR173W,0,-1.6356019,0.15785697102546692,0.9909909963607788,0.5286786556243896
YOR142W-B,YDR470C,0,-1.6387666,0.1578192263841629,0.9909909963607788,0.5288287997245789
YOL103W-B,YGL244W,0,-1.6402421,0.15778149664402008,0.9909909963607788,0.5289790034294128
YIL079C,YOL151W,0,-1.6406231,0.15774378180503845,0.9909909963607788,0.529129147529602
YIL128W,YLR256W-A,0,-1.6406927,0.1577060967683792,0.9909909963607788,0.5292792916297913
YPR119W,YKR026C,0,-1.6409233,0.15766841173171997,0.9909909963607788,0.5294294357299805
YOR317W,YBR093C,0,-1.6413629,0.15763075649738312,0.9909909963607788,0.5295795798301697
YGL212W,YPR006C,0,-1.6424243,0.15759311616420746,0.9909909963607788,0.5297297239303589
YGR161W-B,YJR147W,0,-1.6431737,0.1575555056333542,0.9909909963607788,0.5298798680305481
YGR109W-B,YEL070W,0,-1.6438953,0.15751789510250092,0.9909909963607788,0.5300300121307373
YBL092W,YLR251W,0,-1.6442523,0.15748031437397003,0.9909909963607788,0.5301801562309265
YOL103W-B,YGR199W,0,-1.6443644,0.15744274854660034,0.9909909963607788,0.5303303599357605
YDL061C,YNL223W,0,-1.6445699,0.15740519762039185,0.9909909963607788,0.5304805040359497
YJR057W,YOL101C,0,-1.6453302,0.15736766159534454,0.9909909963607788,0.5306306481361389
YGR264C,YJL178C,0,-1.647228,0.15733015537261963,0.9909909963607788,0.5307807922363281
YAL060W,YHR082C,0,-1.6483992,0.1572926640510559,0.9909909963607788,0.5309309363365173
YPL131W,YKL165C,0,-1.6495737,0.15725518763065338,0.9909909963607788,0.5310810804367065
YGR113W,YCR057C,0,-1.6499765,0.15721772611141205,0.9909909963607788,0.5312312245368958
YLR452C,YOR142W,0,-1.6504328,0.1571802794933319,0.9909909963607788,0.531381368637085
YJL060W,YMR099C,0,-1.651858,0.15714286267757416,0.9909909963607788,0.5315315127372742
YPL167C,YBL068W,0,-1.6530628,0.1571054458618164,0.9909909963607788,0.5316816568374634
YGR052W,YJL149W,0,-1.6531866,0.15706805884838104,0.9909909963607788,0.5318318605422974
YMR218C,YKL182W,0,-1.6533709,0.15703068673610687,0.9909909963607788,0.5319820046424866
YGR221C,YDR527W,0,-1.6535355,0.1569933444261551,0.9909909963607788,0.5321321487426758
YOL070C,YER090W,0,-1.6535758,0.1569560021162033,0.9909909963607788,0.532282292842865
YKL103C,YDR453C,0,-1.6543696,0.1569186896085739,0.9909909963607788,0.5324324369430542
YLR141W,YBR257W,0,-1.6559968,0.1568813920021057,0.9909909963607788,0.5325825810432434
YLR410W-A,YDL225W,0,-1.6564593,0.1568441092967987,0.9909909963607788,0.5327327251434326
YCL018W,YGR145W,0,-1.6573005,0.1568068414926529,0.9909909963607788,0.5328828692436218
YDL077C,YAL029C,0,-1.6573842,0.15676960349082947,0.9909909963607788,0.533033013343811
YCL036W,YGR070W,0,-1.6578292,0.15673236548900604,0.9909909963607788,0.5331831574440002
YNL282W,YGR143W,0,-1.6589009,0.156695157289505,0.9909909963607788,0.5333333611488342
YKR054C,YOR215C,0,-1.6592457,0.15665796399116516,0.9909909963607788,0.5334835052490234
YGR268C,YDR229W,0,-1.659664,0.1566207855939865,0.9909909963607788,0.5336336493492126
YPR024W,YDR306C,0,-1.6602652,0.15658363699913025,0.9909909963607788,0.5337837934494019
YMR296C,YGL030W,0,-1.660753,0.156546488404274,0.9909909963607788,0.5339339375495911
YFR031C,YDR381C-A,0,-1.6611059,0.1565093696117401,0.9909909963607788,0.5340840816497803
YMR173W,YMR114C,0,-1.6612109,0.15647226572036743,0.9909909963607788,0.5342342257499695
YOR054C,YOR204W,0,-1.6615673,0.15643517673015594,0.9909909963607788,0.5343843698501587
YLR452C,YNL232W,0,-1.662296,0.15639810264110565,0.9909909963607788,0.5345345139503479
YHR132C,YLR163C,0,-1.6626346,0.15636105835437775,0.9909909963607788,0.5346846580505371
YDL059C,YCL057W,0,-1.6637347,0.15632401406764984,0.9909909963607788,0.5348348617553711
YOL045W,YOR304W,0,-1.6666182,0.15628699958324432,0.9909909963607788,0.5349850058555603
YKL201C,YPR119W,0,-1.6668044,0.15625,0.9909909963607788,0.5351351499557495
YMR117C,YOR145C,0,-1.666988,0.15621301531791687,0.9909909963607788,0.5352852940559387
YKL166C,YLR209C,0,-1.6675651,0.15617606043815613,0.9909909963607788,0.5354354381561279
YMR315W,YKL095W,0,-1.6676363,0.15613910555839539,0.9909909963607788,0.5355855822563171
YLR244C,YAR027W,0,-1.6679739,0.15610218048095703,0.9909909963607788,0.5357357263565063
YPL131W,YGR112W,0,-1.6680081,0.15606527030467987,0.9909909963607788,0.5358858704566956
YLR394W,YLR429W,0,-1.6696107,0.1560283750295639,0.9909909963607788,0.5360360145568848
YEL070W,YBL098W,0,-1.6700846,0.15599149465560913,0.9909909963607788,0.536186158657074
YNL153C,YFL023W,0,-1.6704843,0.15595462918281555,0.9909909963607788,0.536336362361908
YML032C,YIL108W,0,-1.671038,0.15591779351234436,0.9909909963607788,0.5364865064620972
YDR512C,YJR112W,0,-1.6714101,0.15588095784187317,0.9909909963607788,0.5366366505622864
YKL171W,YPL129W,0,-1.6717725,0.15584415197372437,0.9909909963607788,0.5367867946624756
YMR238W,YOR313C,0,-1.6723479,0.15580736100673676,0.9909909963607788,0.5369369387626648
YNL121C,YOL108C,0,-1.6730343,0.15577059984207153,0.9909909963607788,0.537087082862854
YLR305C,YKL161C,0,-1.6738248,0.1557338386774063,0.9909909963607788,0.5372372269630432
YMR228W,YCL034W,0,-1.674967,0.15569709241390228,0.9909909963607788,0.5373873710632324
YGR010W,YJL053W,0,-1.675005,0.15566037595272064,0.9909909963607788,0.5375375151634216
YJL134W,YMR295C,0,-1.676136,0.1556236743927002,0.9909909963607788,0.5376876592636108
YDL059C,YNL290W,0,-1.6764996,0.15558698773384094,0.9909909963607788,0.5378378629684448
YDR296W,YNL027W,0,-1.676683,0.15555031597614288,0.9909909963607788,0.537988007068634
YMR146C,YGL050W,0,-1.677646,0.15551365911960602,0.9909909963607788,0.5381381511688232
YPR001W,YPR160W,0,-1.679848,0.15547703206539154,0.9909909963607788,0.5382882952690125
YIL128W,YER022W,0,-1.680091,0.15544041991233826,0.9909909963607788,0.5384384393692017
YER175C,YER185W,0,-1.6810904,0.15540380775928497,0.9909909963607788,0.5385885834693909
YEL069C,YNR002C,0,-1.6813703,0.15536722540855408,0.9909909963607788,0.5387387275695801
YDL245C,YAL040C,0,-1.6817179,0.15533067286014557,0.9909909963607788,0.5388888716697693
YNL050C,YBR061C,0,-1.6817507,0.15529412031173706,0.9909909963607788,0.5390390157699585
YOR159C,YKL144C,0,-1.6826775,0.15525758266448975,0.9909909963607788,0.5391891598701477
YPL122C,YFR033C,0,-1.6826892,0.15522107481956482,0.9909909963607788,0.5393393635749817
YOL026C,YOR194C,0,-1.6832218,0.1551845818758011,0.9909909963607788,0.5394895076751709
YMR284W,YLR141W,0,-1.683997,0.15514808893203735,0.9909909963607788,0.5396396517753601
YMR013C,YMR295C,0,-1.6841848,0.1551116406917572,0.9909909963607788,0.5397897958755493
YPL213W,YJL071W,0,-1.6842155,0.15507519245147705,0.9909909963607788,0.5399399399757385
YDR144C,YIL143C,0,-1.6847547,0.1550387591123581,0.9909909963607788,0.5400900840759277
YDL197C,YIL094C,0,-1.6857209,0.15500235557556152,0.9909909963607788,0.5402402281761169
YGR161W-B,YNR003C,0,-1.6860764,0.15496595203876495,0.9909909963607788,0.5403903722763062
YDL197C,YBR155W,0,-1.6862905,0.15492957830429077,0.9909909963607788,0.5405405163764954
YOL066C,YLR187W,0,-1.6874084,0.15489321947097778,0.9909909963607788,0.5406907200813293
YJR040W,YDR173C,0,-1.687453,0.154856875538826,0.9909909963607788,0.5408408641815186
YFR029W,YMR193W,0,-1.6892245,0.1548205465078354,0.9909909963607788,0.5409910082817078
YGR161W-B,YBR294W,0,-1.6893277,0.15478424727916718,0.9909909963607788,0.541141152381897
YNL258C,YNR015W,0,-1.6899073,0.15474794805049896,0.9909909963607788,0.5412912964820862
YLR386W,YGR155W,0,-1.692013,0.15471167862415314,0.9909909963607788,0.5414414405822754
YDL170W,YDR226W,0,-1.6928098,0.1546754091978073,0.9909909963607788,0.5415915846824646
YMR315W,YKR103W,0,-1.6931466,0.15463916957378387,0.9909909963607788,0.5417417287826538
YPL163C,YBL052C,0,-1.6946946,0.15460294485092163,0.9909909963607788,0.541891872882843
YBR150C,YGL233W,0,-1.6952491,0.15456674993038177,0.9909909963607788,0.5420420169830322
YCL043C,YMR143W,0,-1.6955956,0.15453055500984192,0.9909909963607788,0.5421922206878662
YKL074C,YMR304W,0,-1.6972845,0.15449437499046326,0.9909909963607788,0.5423423647880554
YDR026C,YKL009W,0,-1.6977317,0.15445822477340698,0.9909909963607788,0.5424925088882446
YML071C,YOR098C,0,-1.6990826,0.1544220894575119,0.9909909963607788,0.5426426529884338
YNL271C,YPR187W,0,-1.6995957,0.15438596904277802,0.9909909963607788,0.542792797088623
YIR004W,YOR084W,1,-1.7006705,0.15458372235298157,0.9924924969673157,0.542792797088623
YDR454C,YOR222W,0,-1.700794,0.1545475870370865,0.9924924969673157,0.5429429411888123
YBR052C,YOR294W,0,-1.7019515,0.1545114517211914,0.9924924969673157,0.5430930852890015
YER022W,YNL259C,0,-1.7020614,0.1544753462076187,0.9924924969673157,0.5432432293891907
YDR144C,YER137C-A,0,-1.7025428,0.15443925559520721,0.9924924969673157,0.5433933734893799
YHR030C,YLR309C,0,-1.7038553,0.1544031798839569,0.9924924969673157,0.5435435175895691
YPR137W,YMR115W,0,-1.7046899,0.1543671190738678,0.9924924969673157,0.5436937212944031
YDR405W,YHR060W,0,-1.7063398,0.15433107316493988,0.9924924969673157,0.5438438653945923
YOR292C,YDL045C,0,-1.7063586,0.15429505705833435,0.9924924969673157,0.5439940094947815
YKL182W,YHR119W,0,-1.7065437,0.15425904095172882,0.9924924969673157,0.5441441535949707
YIL047C,YAL029C,0,-1.7070696,0.15422305464744568,0.9924924969673157,0.5442942976951599
YEL012W,YLR278C,0,-1.7081544,0.15418708324432373,0.9924924969673157,0.5444444417953491
YNR013C,YJL006C,0,-1.7087598,0.15415112674236298,0.9924924969673157,0.5445945858955383
YBR271W,YMR246W,0,-1.7091804,0.15411518514156342,0.9924924969673157,0.5447447299957275
YMR270C,YKR044W,0,-1.7095122,0.15407925844192505,0.9924924969673157,0.5448948740959167
YHR109W,YNR015W,0,-1.7095644,0.15404334664344788,0.9924924969673157,0.545045018196106
YDL179W,YGR012W,0,-1.7098615,0.1540074497461319,0.9924924969673157,0.5451952219009399
YGL162W,YFL057C,0,-1.711098,0.1539715826511383,0.9924924969673157,0.5453453660011292
YDR072C,YOR209C,0,-1.7115406,0.1539357304573059,0.9924924969673157,0.5454955101013184
YBR066C,YDR444W,0,-1.7123697,0.1538998782634735,0.9924924969673157,0.5456456542015076
YOR142W-B,YJL171C,0,-1.7124567,0.1538640558719635,0.9924924969673157,0.5457957983016968
YGL062W,YDL215C,0,-1.712747,0.15382824838161469,0.9924924969673157,0.545945942401886
YLR289W,YGR251W,0,-1.7128401,0.15379245579242706,0.9924924969673157,0.5460960865020752
YIR038C,YEL056W,0,-1.7130005,0.15375669300556183,0.9924924969673157,0.5462462306022644
YEL069C,YIL095W,0,-1.7132666,0.1537209302186966,0.9924924969673157,0.5463963747024536
YGL010W,YML080W,0,-1.7134451,0.15368518233299255,0.9924924969673157,0.5465465188026428
YJR138W,YPR138C,0,-1.7137687,0.1536494642496109,0.9924924969673157,0.5466967225074768
YOL141W,YGL200C,0,-1.7144909,0.15361376106739044,0.9924924969673157,0.546846866607666
YFR045W,YER168C,0,-1.7150538,0.15357807278633118,0.9924924969673157,0.5469970107078552
YNL102W,YMR159C,0,-1.7162758,0.1535423994064331,0.9924924969673157,0.5471471548080444
YLL002W,YHR119W,0,-1.7167983,0.15350674092769623,0.9924924969673157,0.5472972989082336
YKR103W,YLR219W,0,-1.717365,0.15347109735012054,0.9924924969673157,0.5474474430084229
YOL141W,YDR414C,0,-1.7178379,0.15343546867370605,0.9924924969673157,0.5475975871086121
YDR211W,YHL027W,0,-1.7178818,0.15339985489845276,0.9924924969673157,0.5477477312088013
YDL054C,YLR389C,0,-1.7187288,0.15336427092552185,0.9924924969673157,0.5478978753089905
YOL103W-B,YNL232W,0,-1.719326,0.15332868695259094,0.9924924969673157,0.5480480194091797
YCL018W,YML099C,0,-1.7205619,0.15329313278198242,0.9924924969673157,0.5481982231140137
YER154W,YKL020C,0,-1.7218374,0.1532575935125351,0.9924924969673157,0.5483483672142029
YKL020C,YIL020C,0,-1.721853,0.15322206914424896,0.9924924969673157,0.5484985113143921
YNR031C,YLR380W,0,-1.7223665,0.15318655967712402,0.9924924969673157,0.5486486554145813
YGL226C-A,YBL085W,0,-1.7233229,0.15315106511116028,0.9924924969673157,0.5487987995147705
YOL004W,YLR316C,0,-1.7234796,0.15311558544635773,0.9924924969673157,0.5489489436149597
YDR530C,YAR027W,0,-1.725051,0.15308013558387756,0.9924924969673157,0.5490990877151489
YGR221C,YGR118W,0,-1.7262381,0.1530446857213974,0.9924924969673157,0.5492492318153381
YHR132C,YMR176W,0,-1.726577,0.15300926566123962,0.9924924969673157,0.5493993759155273
YOR327C,YDL045C,0,-1.7267728,0.15297384560108185,0.9924924969673157,0.5495495200157166
YGR167W,YGL225W,0,-1.7271171,0.15293845534324646,0.9924924969673157,0.5496997237205505
YPR194C,YNL122C,0,-1.727139,0.15290307998657227,0.9924924969673157,0.5498498678207397
YPL259C,YBR173C,0,-1.7271708,0.15286771953105927,0.9924924969673157,0.550000011920929
YML045W-A,YDR262W,0,-1.7287874,0.15283237397670746,0.9924924969673157,0.5501501560211182
YEL012W,YKL119C,0,-1.7294936,0.15279704332351685,0.9924924969673157,0.5503003001213074
YPL259C,YIL047C,0,-1.7299573,0.15276172757148743,0.9924924969673157,0.5504504442214966
YER154W,YDR260C,0,-1.7304065,0.1527264267206192,0.9924924969673157,0.5506005883216858
YCL025C,YFL010W-A,0,-1.7307191,0.15269115567207336,0.9924924969673157,0.550750732421875
YCR030C,YDR414C,0,-1.7314689,0.15265588462352753,0.9924924969673157,0.5509008765220642
YHL012W,YNL102W,0,-1.7326136,0.15262064337730408,0.9924924969673157,0.5510510802268982
YML073C,YJR101W,0,-1.7328858,0.15258541703224182,0.9924924969673157,0.5512012243270874
YGL014W,YNR006W,0,-1.7332746,0.15255019068717957,0.9924924969673157,0.5513513684272766
YDR473C,YDR296W,0,-1.7334967,0.1525149941444397,0.9924924969673157,0.5515015125274658
YKL144C,YIL042C,0,-1.7355965,0.15247981250286102,0.9924924969673157,0.551651656627655
YIR005W,YAL039C,0,-1.7359359,0.15244464576244354,0.9924924969673157,0.5518018007278442
YJR082C,YDR494W,0,-1.7379146,0.15240949392318726,0.9924924969673157,0.5519519448280334
YPL257W-B,YNL307C,0,-1.7381005,0.15237437188625336,0.9924924969673157,0.5521020889282227
YPR113W,YPR043W,0,-1.7390997,0.15233924984931946,0.9924924969673157,0.5522522330284119
YKL067W,YFL017W-A,0,-1.7405115,0.15230414271354675,0.9924924969673157,0.5524023771286011
YGR169C,YNL297C,0,-1.7405992,0.15226906538009644,0.9924924969673157,0.5525525808334351
YLR105C,YOL124C,0,-1.7419276,0.15223398804664612,0.9924924969673157,0.5527027249336243
YJR101W,YBR222C,0,-1.7422233,0.1521989405155182,0.9924924969673157,0.5528528690338135
YLR203C,YOR313C,0,-1.743131,0.15216390788555145,0.9924924969673157,0.5530030131340027
YDL217C,YKL117W,0,-1.7434194,0.1521288901567459,0.9924924969673157,0.5531531572341919
YGR161W-B,YNL274C,0,-1.743756,0.15209387242794037,0.9924924969673157,0.5533033013343811
YLR209C,YOR285W,0,-1.7439551,0.15205888450145721,0.9924924969673157,0.5534534454345703
YMR176W,YLL061W,0,-1.746052,0.15202392637729645,0.9924924969673157,0.5536035895347595
YJL225C,YIR005W,0,-1.7472577,0.15198896825313568,0.9924924969673157,0.5537537336349487
YJR082C,YNL080C,0,-1.7473451,0.1519540250301361,0.9924924969673157,0.5539038777351379
YLR386W,YFL017W-A,0,-1.7473723,0.15191909670829773,0.9924924969673157,0.5540540814399719
YML058W-A,YDL061C,0,-1.7477703,0.15188419818878174,0.9924924969673157,0.5542042255401611
YPR191W,YGL220W,0,-1.747988,0.15184929966926575,0.9924924969673157,0.5543543696403503
YNR004W,YHR041C,0,-1.748164,0.15181443095207214,0.9924924969673157,0.5545045137405396
YDR492W,YGR246C,0,-1.748677,0.15177956223487854,0.9924924969673157,0.5546546578407288
YJR101W,YOR204W,0,-1.7487514,0.15174472332000732,0.9924924969673157,0.554804801940918
YDL217C,YAL029C,0,-1.7488389,0.1517098993062973,0.9924924969673157,0.5549549460411072
YJR028W,YBR128C,0,-1.7490643,0.15167507529258728,0.9924924969673157,0.5551050901412964
YKL170W,YJR140C,0,-1.7498956,0.15164028108119965,0.9924924969673157,0.5552552342414856
YNL297C,YGR134W,0,-1.7502663,0.1516055017709732,0.9924924969673157,0.5554053783416748
YMR097C,YKR020W,0,-1.7503618,0.15157073736190796,0.9924924969673157,0.5555555820465088
YLR325C,YIR032C,0,-1.750431,0.1515359878540039,0.9924924969673157,0.555705726146698
YDR460W,YAL033W,0,-1.7510815,0.15150125324726105,0.9924924969673157,0.5558558702468872
YAL024C,YJL071W,0,-1.751637,0.15146654844284058,0.9924924969673157,0.5560060143470764
YPR158C-C,YDR392W,0,-1.751686,0.1514318436384201,0.9924924969673157,0.5561561584472656
YNL122C,YKR044W,0,-1.751815,0.15139715373516083,0.9924924969673157,0.5563063025474548
YDR518W,YBL089W,0,-1.7518864,0.15136249363422394,0.9924924969673157,0.556456446647644
YHR004C,YNL175C,0,-1.7528989,0.15132783353328705,0.9924924969673157,0.5566065907478333
YKL117W,YDL170W,0,-1.7530162,0.15129320323467255,0.9924924969673157,0.5567567348480225
YMR284W,YJL085W,0,-1.7536334,0.15125858783721924,0.9924924969673157,0.5569068789482117
YDL227C,YLR270W,0,-1.7542188,0.15122397243976593,0.9924924969673157,0.5570570826530457
YBR002C,YLR295C,0,-1.7550809,0.151189386844635,0.9924924969673157,0.5572072267532349
YJR092W,YEL041W,0,-1.755306,0.15115481615066528,0.9924924969673157,0.5573573708534241
YGR105W,YJL053W,0,-1.7555975,0.15112026035785675,0.9924924969673157,0.5575075149536133
YGR281W,YLR227W-B,0,-1.7557831,0.1510857194662094,0.9924924969673157,0.5576576590538025
YER087W,YPL188W,0,-1.7558517,0.15105119347572327,0.9924924969673157,0.5578078031539917
YNL178W,YPR083W,0,-1.755985,0.15101668238639832,0.9924924969673157,0.5579579472541809
YDR371W,YBR061C,0,-1.7568202,0.15098218619823456,0.9924924969673157,0.5581080913543701
YBR261C,YIL042C,0,-1.7570952,0.150947704911232,0.9924924969673157,0.5582582354545593
YLR107W,YBR282W,0,-1.7603302,0.15091323852539062,0.9924924969673157,0.5584083795547485
YOR038C,YJL176C,0,-1.7611756,0.15087880194187164,0.9924924969673157,0.5585585832595825
YGR077C,YOR353C,0,-1.7612593,0.15084436535835266,0.9924924969673157,0.5587087273597717
YDR261W-A,YKR026C,0,-1.7619517,0.15080994367599487,0.9924924969673157,0.5588588714599609
YDR240C,YDR262W,0,-1.7620025,0.15077555179595947,0.9924924969673157,0.5590090155601501
YGR155W,YBL079W,0,-1.7645197,0.15074115991592407,0.9924924969673157,0.5591591596603394
YKL174C,YNL297C,0,-1.765389,0.15070679783821106,0.9924924969673157,0.5593093037605286
YMR182C,YCL052C,0,-1.7664224,0.15067243576049805,0.9924924969673157,0.5594594478607178
YGL026C,YLR047C,0,-1.7669202,0.15063810348510742,0.9924924969673157,0.559609591960907
YGR180C,YKL022C,0,-1.7672548,0.150603786110878,0.9924924969673157,0.5597597360610962
YGR180C,YJR036C,0,-1.7678593,0.15056946873664856,0.9924924969673157,0.5599098801612854
YPR111W,YGL225W,0,-1.7683051,0.15053518116474152,0.9924924969673157,0.5600600838661194
YMR049C,YNL107W,0,-1.7691739,0.15050090849399567,0.9924924969673157,0.5602102279663086
YGR010W,YGL212W,0,-1.7710733,0.150466650724411,0.9924924969673157,0.5603603720664978
YLR285W,YIL079C,0,-1.771344,0.15043240785598755,0.9924924969673157,0.560510516166687
YJL117W,YNR013C,0,-1.7718374,0.15039817988872528,0.9924924969673157,0.5606606602668762
YKL182W,YGL019W,0,-1.7719098,0.1503639668226242,0.9924924969673157,0.5608108043670654
YKL217W,YDL021W,0,-1.7722111,0.15032976865768433,0.9924924969673157,0.5609609484672546
YOR138C,YIL079C,0,-1.7726841,0.15029558539390564,0.9924924969673157,0.5611110925674438
YMR173W,YJL191W,0,-1.7730322,0.15026141703128815,0.9924924969673157,0.5612612366676331
YOR142W,YFL017W-A,0,-1.7732115,0.15022727847099304,0.9924924969673157,0.561411440372467
YKL130C,YOL090W,0,-1.7737621,0.15019313991069794,0.9924924969673157,0.5615615844726562
YKL126W,YKL103C,0,-1.7747895,0.15015901625156403,0.9924924969673157,0.5617117285728455
YGR052W,YER137C-A,0,-1.7751787,0.1501249074935913,0.9924924969673157,0.5618618726730347
YGR282C,YGR229C,0,-1.7758507,0.15009082853794098,0.9924924969673157,0.5620120167732239
YPL147W,YGR072W,0,-1.776188,0.15005674958229065,0.9924924969673157,0.5621621608734131
YPL078C,YKL189W,0,-1.7770877,0.1500227004289627,0.9924924969673157,0.5623123049736023
YCL036W,YJL214W,0,-1.7774458,0.14998865127563477,0.9924924969673157,0.5624624490737915
YOR377W,YDR404C,0,-1.77781,0.1499546319246292,0.9924924969673157,0.5626125931739807
YGR161W-B,YPR171W,0,-1.7782028,0.14992061257362366,0.9924924969673157,0.5627627372741699
YBR223C,YOL028C,0,-1.7783481,0.1498866230249405,0.9924924969673157,0.5629129409790039
YHR047C,YGR084C,0,-1.7796025,0.14985264837741852,0.9924924969673157,0.5630630850791931
YBR067C,YHR008C,0,-1.7798951,0.14981867372989655,0.9924924969673157,0.5632132291793823
YPR113W,YPR190C,0,-1.7802591,0.14978472888469696,0.9924924969673157,0.5633633732795715
YDR512C,YNL314W,0,-1.7814846,0.14975079894065857,0.9924924969673157,0.5635135173797607
YDL021W,YOL136C,0,-1.7824676,0.14971686899662018,0.9924924969673157,0.56366366147995
YER022W,YMR180C,0,-1.7829341,0.14968296885490417,0.9924924969673157,0.5638138055801392
YIL108W,YNR017W,0,-1.7860562,0.14964908361434937,0.9924924969673157,0.5639639496803284
YLR206W,YIL135C,0,-1.7863209,0.14961521327495575,0.9924924969673157,0.5641140937805176
YPL257W-B,YBR243C,0,-1.7863659,0.14958135783672333,0.9924924969673157,0.5642642378807068
YLR107W,YDL225W,0,-1.7865154,0.1495475172996521,0.9924924969673157,0.5644144415855408
YBR066C,YFL054C,0,-1.7874398,0.14951369166374207,0.9924924969673157,0.56456458568573
YDL078C,YLR251W,0,-1.7880752,0.14947986602783203,0.9924924969673157,0.5647147297859192
YIL061C,YJL200C,0,-1.7894052,0.14944607019424438,0.9924924969673157,0.5648648738861084
YNR017W,YKR102W,0,-1.7896495,0.14941228926181793,0.9924924969673157,0.5650150179862976
YDR285W,YMR038C,0,-1.7898331,0.14937853813171387,0.9924924969673157,0.5651651620864868
YGL172W,YMR296C,0,-1.7898922,0.1493447870016098,0.9924924969673157,0.565315306186676
YHR160C,YPL112C,1,-1.7928021,0.14953693747520447,0.9939939975738525,0.565315306186676
YPL104W,YLR251W,0,-1.7932452,0.14950315654277802,0.9939939975738525,0.5654654502868652
YMR038C,YGR222W,0,-1.7941623,0.14946940541267395,0.9939939975738525,0.5656155943870544
YBR274W,YJR063W,0,-1.7947114,0.14943566918373108,0.9939939975738525,0.5657657384872437
YBR081C,YKL061W,0,-1.7950809,0.1494019478559494,0.9939939975738525,0.5659159421920776
YNL284C,YLR309C,0,-1.7963376,0.14936822652816772,0.9939939975738525,0.5660660862922668
YLR208W,YBL034C,0,-1.7968554,0.14933453500270844,0.9939939975738525,0.566216230392456
YNL107W,YER002W,0,-1.7969098,0.14930085837841034,0.9939939975738525,0.5663663744926453
YEL030W,YGR185C,0,-1.7987335,0.14926719665527344,0.9939939975738525,0.5665165185928345
YOR142W-B,YGL010W,0,-1.7992675,0.14923354983329773,0.9939939975738525,0.5666666626930237
YOL141W,YKL203C,0,-1.8011837,0.14919990301132202,0.9939939975738525,0.5668168067932129
YKL217W,YBR141C,0,-1.8014169,0.1491662859916687,0.9939939975738525,0.5669669508934021
YHR029C,YPR171W,0,-1.8016537,0.14913268387317657,0.9939939975738525,0.5671170949935913
YKL007W,YDL111C,0,-1.8022312,0.14909909665584564,0.9939939975738525,0.5672672390937805
YJL114W,YLR107W,0,-1.8024211,0.1490655243396759,0.9939939975738525,0.5674174427986145
YDR337W,YBR061C,0,-1.8041147,0.14903196692466736,0.9939939975738525,0.5675675868988037
YDL246C,YNL304W,0,-1.8044276,0.14899842441082,0.9939939975738525,0.5677177309989929
YDR378C,YCL032W,0,-1.8045964,0.14896489679813385,0.9939939975738525,0.5678678750991821
YDR210C-C,YOR142W,0,-1.8051546,0.1489313840866089,0.9939939975738525,0.5680180191993713
YLR113W,YNL239W,0,-1.8067396,0.14889788627624512,0.9939939975738525,0.5681681632995605
YPL223C,YML097C,0,-1.8089586,0.14886440336704254,0.9939939975738525,0.5683183073997498
YMR020W,YNR044W,0,-1.809877,0.14883093535900116,0.9939939975738525,0.568468451499939
YKR068C,YMR308C,0,-1.8105786,0.14879748225212097,0.9939939975738525,0.5686185956001282
YGL186C,YKR044W,0,-1.8108697,0.14876404404640198,0.9939939975738525,0.5687687397003174
YBR202W,YPR160W,0,-1.8116663,0.14873062074184418,0.9939939975738525,0.5689189434051514
YHR175W,YGR118W,0,-1.8131925,0.14869721233844757,0.9939939975738525,0.5690690875053406
YOL086C,YER162C,0,-1.8136889,0.14866381883621216,0.9939939975738525,0.5692192316055298
YJL053W,YJL082W,0,-1.8141155,0.14863044023513794,0.9939939975738525,0.569369375705719
YOR054C,YGR012W,0,-1.8145992,0.14859707653522491,0.9939939975738525,0.5695195198059082
YOL142W,YPR001W,0,-1.8150332,0.14856372773647308,0.9939939975738525,0.5696696639060974
YDR138W,YDR416W,0,-1.81561,0.14853040874004364,0.9939939975738525,0.5698198080062866
YLR206W,YDL024C,0,-1.8164291,0.1484970897436142,0.9939939975738525,0.5699699521064758
YLR197W,YML056C,0,-1.8169775,0.14846378564834595,0.9939939975738525,0.570120096206665
YOL103W-B,YMR276W,0,-1.8185072,0.1484304964542389,0.9939939975738525,0.570270299911499
YKL171W,YJR103W,0,-1.818808,0.14839722216129303,0.9939939975738525,0.5704204440116882
YPR137C-A,YBL011W,0,-1.8189676,0.14836396276950836,0.9939939975738525,0.5705705881118774
YHR047C,YGR251W,0,-1.8208653,0.1483307182788849,0.9939939975738525,0.5707207322120667
YKL130C,YBL092W,0,-1.821788,0.1482974886894226,0.9939939975738525,0.5708708763122559
YGL237C,YDL170W,0,-1.8218744,0.14826427400112152,0.9939939975738525,0.5710210204124451
YOR168W,YKL205W,0,-1.8224771,0.14823107421398163,0.9939939975738525,0.5711711645126343
YOL145C,YNL092W,0,-1.8232929,0.14819788932800293,0.9939939975738525,0.5713213086128235
YFL002W-B,YBR010W,0,-1.8234115,0.14816473424434662,0.9939939975738525,0.5714714527130127
YGR085C,YHR168W,0,-1.8243951,0.1481315791606903,0.9939939975738525,0.5716215968132019
YMR186W,YAL031C,0,-1.8247194,0.1480984389781952,0.9939939975738525,0.5717718005180359
YKL090W,YGR255C,0,-1.8251508,0.14806531369686127,0.9939939975738525,0.5719219446182251
YMR315W,YLL003W,0,-1.8263947,0.14803220331668854,0.9939939975738525,0.5720720887184143
YDR261C-D,YDR472W,0,-1.8267927,0.147999107837677,0.9939939975738525,0.5722222328186035
YER151C,YMR173W,0,-1.827211,0.14796602725982666,0.9939939975738525,0.5723723769187927
YGR095C,YNL192W,0,-1.8275387,0.1479329615831375,0.9939939975738525,0.5725225210189819
YOR020C,YBR072W,0,-1.8292956,0.14789991080760956,0.9939939975738525,0.5726726651191711
YGR167W,YDR461W,0,-1.8298588,0.1478668749332428,0.9939939975738525,0.5728228092193604
YDR381C-A,YAL031C,0,-1.8301972,0.14783385396003723,0.9939939975738525,0.5729729533195496
YLR228C,YKR035W-A,0,-1.8304166,0.14780084788799286,0.9939939975738525,0.5731230974197388
YPL113C,YMR200W,0,-1.8312731,0.14776785671710968,0.9939939975738525,0.5732733011245728
YMR019W,YGL237C,0,-1.8327774,0.1477348804473877,0.9939939975738525,0.573423445224762
YGR214W,YCL032W,0,-1.8333522,0.1477019190788269,0.9939939975738525,0.5735735893249512
YOR298W,YMR273C,0,-1.8340559,0.1476689726114273,0.9939939975738525,0.5737237334251404
YOR237W,YGL014W,0,-1.835054,0.1476360410451889,0.9939939975738525,0.5738738775253296
YIR018W,YFR036W,0,-1.8361962,0.1476031243801117,0.9939939975738525,0.5740240216255188
YJR006W,YPL244C,0,-1.8364283,0.14757022261619568,0.9939939975738525,0.574174165725708
YGR145W,YGR084C,0,-1.8365413,0.14753733575344086,0.9939939975738525,0.5743243098258972
YOR393W,YML056C,0,-1.8375189,0.14750444889068604,0.9939939975738525,0.5744744539260864
YBR202W,YBR155W,0,-1.8376081,0.1474715918302536,0.9939939975738525,0.5746245980262756
YMR089C,YOR317W,0,-1.8399374,0.14743874967098236,0.9939939975738525,0.5747748017311096
YNL284C-A,YNR035C,0,-1.8408487,0.14740592241287231,0.9939939975738525,0.5749249458312988
YGR077C,YNR018W,0,-1.8408954,0.14737311005592346,0.9939939975738525,0.575075089931488
YOR323C,YLR047C,0,-1.8415898,0.1473403126001358,0.9939939975738525,0.5752252340316772
YKL074C,YPL259C,0,-1.8419265,0.14730751514434814,0.9939939975738525,0.5753753781318665
YHR030C,YGL113W,0,-1.8430274,0.14727474749088287,0.9939939975738525,0.5755255222320557
YFL038C,YGL037C,0,-1.8434765,0.1472419947385788,0.9939939975738525,0.5756756663322449
YNL117W,YOR226C,0,-1.8438225,0.1472092568874359,0.9939939975738525,0.5758258104324341
YLR410W-B,YNR010W,0,-1.8444985,0.14717651903629303,0.9939939975738525,0.5759759545326233
YLR314C,YDL179W,0,-1.8445694,0.14714381098747253,0.9939939975738525,0.5761260986328125
YBR274W,YDR172W,0,-1.8446127,0.14711111783981323,0.9939939975738525,0.5762763023376465
YNL153C,YMR075W,0,-1.8451267,0.14707842469215393,0.9939939975738525,0.5764264464378357
YMR089C,YNL259C,0,-1.8460611,0.14704576134681702,0.9939939975738525,0.5765765905380249
YKL038W,YKL186C,0,-1.8485801,0.1470130980014801,0.9939939975738525,0.5767267346382141
YEL069C,YNL262W,0,-1.848634,0.14698046445846558,0.9939939975738525,0.5768768787384033
YGR175C,YPR198W,0,-1.8491533,0.14694783091545105,0.9939939975738525,0.5770270228385925
YOL070C,YKR002W,0,-1.8492751,0.1469152271747589,0.9939939975738525,0.5771771669387817
YOR168W,YDR261W-A,0,-1.8494194,0.14688262343406677,0.9939939975738525,0.577327311038971
YDR473C,YNL070W,0,-1.8508284,0.14685004949569702,0.9939939975738525,0.5774774551391602
YBR183W,YML073C,0,-1.8510345,0.14681747555732727,0.9939939975738525,0.5776275992393494
YML058W-A,YIL177C,0,-1.8516939,0.1467849165201187,0.9939939975738525,0.5777778029441833
YKR056W,YGL174W,0,-1.8519955,0.14675238728523254,0.9939939975738525,0.5779279470443726
YDR174W,YGR199W,0,-1.852877,0.14671985805034637,0.9939939975738525,0.5780780911445618
YGL162W,YDR205W,0,-1.8531673,0.1466873437166214,0.9939939975738525,0.578228235244751
YNL236W,YML056C,0,-1.8532679,0.14665484428405762,0.9939939975738525,0.5783783793449402
YOR126C,YNL010W,0,-1.8533057,0.14662237465381622,0.9939939975738525,0.5785285234451294
YOL103W-B,YKL170W,0,-1.8533652,0.14658990502357483,0.9939939975738525,0.5786786675453186
YBR182C,YMR210W,0,-1.8543206,0.14655745029449463,0.9939939975738525,0.5788288116455078
YBR145W,YNR010W,0,-1.8550589,0.14652501046657562,0.9939939975738525,0.578978955745697
YLR103C,YPL257W-B,0,-1.8569909,0.1464925855398178,0.9939939975738525,0.5791290998458862
YLR278C,YLR325C,0,-1.8573366,0.1464601755142212,0.9939939975738525,0.5792793035507202
YDR174W,YLL012W,0,-1.857429,0.14642778038978577,0.9939939975738525,0.5794294476509094
YPR196W,YKL205W,0,-1.858381,0.14639540016651154,0.9939939975738525,0.5795795917510986
YJR130C,YFL023W,0,-1.8596919,0.1463630348443985,0.9939939975738525,0.5797297358512878
YNL208W,YKR069W,0,-1.8604715,0.14633068442344666,0.9939939975738525,0.579879879951477
YOR324C,YGL169W,0,-1.8617291,0.146298348903656,0.9939939975738525,0.5800300240516663
YNL073W,YDR261C-D,0,-1.8619158,0.14626601338386536,0.9939939975738525,0.5801801681518555
YJL085W,YBL092W,0,-1.8621004,0.1462337076663971,0.9939939975738525,0.5803303122520447
YPR158C-C,YNR006W,0,-1.8628192,0.14620141685009003,0.9939939975738525,0.5804804563522339
YHR175W,YDL015C,0,-1.862987,0.14616912603378296,0.9939939975738525,0.5806306600570679
YPL252C,YFL013C,0,-1.8630471,0.14613686501979828,0.9939939975738525,0.5807808041572571
YLR130C,YOR008C,0,-1.8651614,0.1461046189069748,0.9939939975738525,0.5809309482574463
YNL092W,YPR138C,0,-1.8657427,0.1460723727941513,0.9939939975738525,0.5810810923576355
YCL018W,YKL015W,0,-1.86587,0.1460401564836502,0.9939939975738525,0.5812312364578247
YDR261C-D,YGR095C,0,-1.8661425,0.1460079401731491,0.9939939975738525,0.5813813805580139
YKL022C,YNL052W,0,-1.8661712,0.1459757387638092,0.9939939975738525,0.5815315246582031
YIL042C,YJR103W,0,-1.8690474,0.1459435671567917,0.9939939975738525,0.5816816687583923
YDR419W,YDL171C,0,-1.8690861,0.14591139554977417,0.9939939975738525,0.5818318128585815
YOL103W-B,YPL208W,0,-1.869528,0.14587923884391785,0.9939939975738525,0.5819819569587708
YFL002W-B,YCL034W,0,-1.869617,0.14584709703922272,0.9939939975738525,0.5821321606636047
YLL055W,YPL011C,0,-1.869764,0.14581498503684998,0.9939939975738525,0.582282304763794
YMR203W,YKL168C,0,-1.8705682,0.14578287303447723,0.9939939975738525,0.5824324488639832
YPR191W,YOR142W-A,0,-1.8711176,0.14575077593326569,0.9939939975738525,0.5825825929641724
YGL103W,YDR226W,0,-1.8713238,0.14571869373321533,0.9939939975738525,0.5827327370643616
YBL058W,YGR276C,0,-1.8715774,0.14568662643432617,0.9939939975738525,0.5828828811645508
YHR058C,YML132W,0,-1.8721002,0.145654559135437,0.9939939975738525,0.58303302526474
YIL020C,YBR281C,0,-1.8735297,0.14562252163887024,0.9939939975738525,0.5831831693649292
YAL060W,YPR133W-A,0,-1.8746327,0.14559049904346466,0.9939939975738525,0.5833333134651184
YJL194W,YOR025W,0,-1.8754194,0.14555849134922028,0.9939939975738525,0.5834834575653076
YDL133C-A,YMR090W,0,-1.875864,0.1455264836549759,0.9939939975738525,0.5836336612701416
YJR051W,YDR373W,0,-1.8758886,0.1454945057630539,0.9939939975738525,0.5837838053703308
YPL064C,YDR472W,0,-1.8774574,0.1454625427722931,0.9939939975738525,0.58393394947052
YNL192W,YOR393W,0,-1.877603,0.1454305797815323,0.9939939975738525,0.5840840935707092
YGR214W,YPR138C,0,-1.8776555,0.14539863169193268,0.9939939975738525,0.5842342376708984
YDR518W,YOR317W,0,-1.8802023,0.14536671340465546,0.9939939975738525,0.5843843817710876
YOR145C,YNR013C,0,-1.8815424,0.14533479511737823,0.9939939975738525,0.5845345258712769
YIL134W,YLR348C,0,-1.8823472,0.1453028917312622,0.9939939975738525,0.5846846699714661
YDL036C,YNL219C,0,-1.8832686,0.14527101814746857,0.9939939975738525,0.5848348140716553
YHR179W,YDL179W,0,-1.8848615,0.14523914456367493,0.9939939975738525,0.5849849581718445
YJL030W,YGL122C,0,-1.8849261,0.14520728588104248,0.9939939975738525,0.5851351618766785
YOR274W,YJR083C,0,-1.8864274,0.14517544209957123,0.9939939975738525,0.5852853059768677
YPL257W-B,YBR287W,0,-1.8865927,0.14514361321926117,0.9939939975738525,0.5854354500770569
YPR072W,YLL045C,0,-1.886611,0.1451117992401123,0.9939939975738525,0.5855855941772461
YGR161W-B,YHR079C,0,-1.887071,0.14507998526096344,0.9939939975738525,0.5857357382774353
YML030W,YOL040C,0,-1.8883647,0.14504820108413696,0.9939939975738525,0.5858858823776245
YGL158W,YKL180W,0,-1.8884189,0.14501643180847168,0.9939939975738525,0.5860360264778137
YMR061W,YFL021W,0,-1.888969,0.1449846625328064,0.9939939975738525,0.5861861705780029
YPR158C-C,YJL006C,0,-1.8894095,0.1449529230594635,0.9939939975738525,0.5863363146781921
YJL194W,YGL094C,0,-1.8897402,0.1449211835861206,0.9939939975738525,0.5864864587783813
YMR054W,YJL071W,0,-1.8906527,0.1448894739151001,0.9939939975738525,0.5866366624832153
YDR261C-D,YKR068C,0,-1.8914326,0.1448577642440796,0.9939939975738525,0.5867868065834045
YKL186C,YMR250W,0,-1.8931473,0.14482608437538147,0.9939939975738525,0.5869369506835938
YMR008C,YNL092W,0,-1.8931553,0.14479440450668335,0.9939939975738525,0.587087094783783
YOL145C,YDR415C,0,-1.8934371,0.14476273953914642,0.9939939975738525,0.5872372388839722
YDR210C-C,YOL151W,0,-1.893681,0.1447310894727707,0.9939939975738525,0.5873873829841614
YKL119C,YPL078C,0,-1.8937037,0.14469945430755615,0.9939939975738525,0.5875375270843506
YPR035W,YOR123C,0,-1.894959,0.1446678340435028,0.9939939975738525,0.5876876711845398
YLR440C,YOR209C,0,-1.8952663,0.14463622868061066,0.9939939975738525,0.587837815284729
YHR209W,YFL017W-A,0,-1.8954339,0.1446046382188797,0.9939939975738525,0.5879879593849182
YOL026C,YGL071W,0,-1.8963712,0.14457304775714874,0.9939939975738525,0.5881381630897522
YPR167C,YFL023W,0,-1.898556,0.14454148709774017,0.9939939975738525,0.5882883071899414
YKR056W,YML006C,0,-1.8988595,0.1445099264383316,0.9939939975738525,0.5884384512901306
YIL134W,YGR225W,0,-1.9006783,0.14447839558124542,0.9939939975738525,0.5885885953903198
YNL223W,YPL093W,0,-1.9007999,0.14444686472415924,0.9939939975738525,0.588738739490509
YBR223C,YOL004W,0,-1.9015937,0.14441536366939545,0.9939939975738525,0.5888888835906982
YGR134W,YER115C,0,-1.9019878,0.14438386261463165,0.9939939975738525,0.5890390276908875
YLR244C,YPL098C,0,-1.9028077,0.14435237646102905,0.9939939975738525,0.5891891717910767
YDR210C-C,YJL134W,0,-1.9031855,0.14432090520858765,0.9939939975738525,0.5893393158912659
YNL192W,YPR160W,0,-1.9034727,0.14428944885730743,0.9939939975738525,0.5894894599914551
YLR305C,YHR174W,0,-1.9045913,0.14425800740718842,0.9939939975738525,0.5896396636962891
YPR111W,YLR197W,0,-1.904647,0.1442265808582306,0.9939939975738525,0.5897898077964783
YNR003C,YGR084C,0,-1.9052213,0.14419516921043396,0.9939939975738525,0.5899399518966675
YGL112C,YML045W-A,0,-1.9059517,0.14416375756263733,0.9939939975738525,0.5900900959968567
YCL025C,YDR373W,0,-1.9060583,0.14413237571716309,0.9939939975738525,0.5902402400970459
YDR210C-C,YBR170C,0,-1.9061762,0.14410099387168884,0.9939939975738525,0.5903903841972351
YPR072W,YMR227C,0,-1.9072435,0.144069641828537,0.9939939975738525,0.5905405282974243
YML051W,YLR025W,0,-1.9076566,0.14403828978538513,0.9939939975738525,0.5906906723976135
YPL094C,YIL135C,0,-1.9077852,0.14400696754455566,0.9939939975738525,0.5908408164978027
YPL113C,YOR204W,0,-1.9087793,0.1439756453037262,0.9939939975738525,0.5909910202026367
YPL064C,YER046W,0,-1.9090574,0.14394433796405792,0.9939939975738525,0.5911411643028259
YBR067C,YNL307C,0,-1.9093623,0.14391304552555084,0.9939939975738525,0.5912913084030151
YDR306C,YMR229C,0,-1.9094443,0.14388176798820496,0.9939939975738525,0.5914414525032043
YLR182W,YNL117W,0,-1.9096665,0.14385050535202026,0.9939939975738525,0.5915915966033936
YGR177C,YOR251C,0,-1.9110167,0.14381924271583557,0.9939939975738525,0.5917417407035828
YML099C,YOR349W,0,-1.9114294,0.14378800988197327,0.9939939975738525,0.591891884803772
YDR146C,YNL138W,0,-1.9114304,0.14375679194927216,0.9939939975738525,0.5920420289039612
YLR300W,YLL033W,0,-1.9122394,0.14372557401657104,0.9939939975738525,0.5921921730041504
YOR212W,YLR344W,0,-1.9131007,0.14369437098503113,0.9939939975738525,0.5923423171043396
YBR067C,YBR282W,0,-1.9133167,0.1436631977558136,0.9939939975738525,0.5924925208091736
YDL047W,YDR373W,0,-1.9135206,0.14363202452659607,0.9939939975738525,0.5926426649093628
YML030W,YGR179C,0,-1.9139321,0.14360086619853973,0.9939939975738525,0.592792809009552
YER117W,YKL015W,0,-1.9145777,0.1435697227716446,0.9939939975738525,0.5929429531097412
YDL142C,YNL182C,0,-1.915518,0.14353859424591064,0.9939939975738525,0.5930930972099304
YJL166W,YNL223W,0,-1.9170209,0.1435074806213379,0.9939939975738525,0.5932432413101196
YHR030C,YJR032W,0,-1.9173446,0.14347638189792633,0.9939939975738525,0.5933933854103088
YPL276W,YOR237W,0,-1.9176927,0.14344528317451477,0.9939939975738525,0.593543529510498
YLR024C,YBR238C,0,-1.917982,0.1434142142534256,0.9939939975738525,0.5936936736106873
YBL041W,YFL010W-A,0,-1.9186141,0.14338314533233643,0.9939939975738525,0.5938438177108765
YOL086C,YBR081C,0,-1.9193885,0.14335210621356964,0.9939939975738525,0.5939940214157104
YDL045W-A,YEL070W,0,-1.9205006,0.14332106709480286,0.9939939975738525,0.5941441655158997
YMR193W,YMR159C,0,-1.9206226,0.14329004287719727,0.9939939975738525,0.5942943096160889
YBR150C,YBR074W,0,-1.9207695,0.14325903356075287,0.9939939975738525,0.5944444537162781
YBR223C,YLR256W-A,0,-1.9211172,0.14322803914546967,0.9939939975738525,0.5945945978164673
YDL061C,YPR125W,0,-1.9223056,0.14319705963134766,0.9939939975738525,0.5947447419166565
YLR264W,YPL112C,0,-1.9229636,0.14316609501838684,0.9939939975738525,0.5948948860168457
YCL018W,YPR119W,0,-1.9231057,0.14313513040542603,0.9939939975738525,0.5950450301170349
YDR082W,YGL236C,0,-1.9232924,0.1431041955947876,0.9939939975738525,0.5951951742172241
YPR158C-C,YPR187W,0,-1.9239976,0.14307326078414917,0.9939939975738525,0.5953453183174133
YPL064C,YGL244W,0,-1.9245191,0.14304235577583313,0.9939939975738525,0.5954955220222473
YNL117W,YER154W,0,-1.9245366,0.1430114507675171,0.9939939975738525,0.5956456661224365
YDR304C,YFR036W,0,-1.9251615,0.14298056066036224,0.9939939975738525,0.5957958102226257
YLR305C,YNL027W,0,-1.9252055,0.1429496854543686,0.9939939975738525,0.5959459543228149
YDR233C,YLR380W,0,-1.9253771,0.14291882514953613,0.9939939975738525,0.5960960984230042
YNL102W,YNL284C,0,-1.9271128,0.14288797974586487,0.9939939975738525,0.5962462425231934
YOR378W,YLR410W-A,0,-1.9272681,0.1428571492433548,0.9939939975738525,0.5963963866233826
YER165W,YMR115W,0,-1.9280794,0.14282631874084473,0.9939939975738525,0.5965465307235718
YLR183C,YNR006W,0,-1.928343,0.14279551804065704,0.9939939975738525,0.596696674823761
YDR518W,YLR183C,0,-1.928933,0.14276471734046936,0.9939939975738525,0.5968468189239502
YNR018W,YBL092W,0,-1.9294243,0.14273393154144287,0.9939939975738525,0.5969970226287842
YDR144C,YIL006W,0,-1.9297346,0.14270317554473877,0.9939939975738525,0.5971471667289734
YJR055W,YNL232W,0,-1.9298191,0.14267241954803467,0.9939939975738525,0.5972973108291626
YHR029C,YKR019C,0,-1.9311891,0.14264167845249176,0.9939939975738525,0.5974474549293518
YJR053W,YKR006C,0,-1.9313631,0.14261093735694885,0.9939939975738525,0.597597599029541
YGR285C,YIL047C,0,-1.9320195,0.14258022606372833,0.9939939975738525,0.5977477431297302
YHR047C,YKR026C,0,-1.9342428,0.142549529671669,0.9939939975738525,0.5978978872299194
YPL276W,YKL078W,0,-1.9344386,0.14251883327960968,0.9939939975738525,0.5980480313301086
YOR363C,YHR150W,1,-1.9345074,0.14270339906215668,0.9954954981803894,0.5980480313301086
YJR151C,YNL307C,0,-1.9346666,0.14267268776893616,0.9954954981803894,0.5981981754302979
YNL095C,YFR033C,0,-1.9347589,0.14264199137687683,0.9954954981803894,0.5983483195304871
YOL141W,YIL140W,0,-1.9370165,0.1426113098859787,0.9954954981803894,0.598498523235321
YBR120C,YER190W,0,-1.9378618,0.14258064329624176,0.9954954981803894,0.5986486673355103
YDR419W,YIL132C,0,-1.9380484,0.14254999160766602,0.9954954981803894,0.5987988114356995
YBR026C,YMR075W,0,-1.9386663,0.14251933991909027,0.9954954981803894,0.5989489555358887
YOL141W,YJL079C,0,-1.9387202,0.14248871803283691,0.9954954981803894,0.5990990996360779
YGL083W,YDL077C,0,-1.9395069,0.14245809614658356,0.9954954981803894,0.5992492437362671
YGR144W,YOR168W,0,-1.9395206,0.1424275040626526,0.9954954981803894,0.5993993878364563
YML097C,YMR090W,0,-1.9396358,0.14239691197872162,0.9954954981803894,0.5995495319366455
YDR245W,YEL053C,0,-1.9404237,0.14236633479595184,0.9954954981803894,0.5996996760368347
YDR207C,YDR416W,0,-1.9406706,0.14233577251434326,0.9954954981803894,0.5998498201370239
YDR453C,YPL257W-B,0,-1.940968,0.14230521023273468,0.9954954981803894,0.6000000238418579
YPR137W,YKR044W,0,-1.941313,0.1422746777534485,0.9954954981803894,0.6001501679420471
YDR512C,YOR251C,0,-1.9419197,0.1422441601753235,0.9954954981803894,0.6003003120422363
YOR388C,YJL213W,0,-1.942276,0.1422136425971985,0.9954954981803894,0.6004504561424255
YGR199W,YOL093W,0,-1.9423321,0.14218313992023468,0.9954954981803894,0.6006006002426147
YPR083W,YIL133C,0,-1.9427683,0.14215265214443207,0.9954954981803894,0.600750744342804
YNL044W,YLR301W,0,-1.9428478,0.14212217926979065,0.9954954981803894,0.6009008884429932
YDL170W,YDR470C,0,-1.9442543,0.14209172129631042,0.9954954981803894,0.6010510325431824
YMR020W,YNL304W,0,-1.9442759,0.1420612782239914,0.9954954981803894,0.6012011766433716
YFL010W-A,YER115C,0,-1.9442909,0.14203085005283356,0.9954954981803894,0.6013513803482056
YPL078C,YOR393W,0,-1.9448256,0.14200042188167572,0.9954954981803894,0.6015015244483948
YNL027W,YFL017W-A,0,-1.9453013,0.14197002351284027,0.9954954981803894,0.601651668548584
YKR008W,YBL076C,0,-1.9454832,0.14193962514400482,0.9954954981803894,0.6018018126487732
YGL172W,YML045W-A,0,-1.9459742,0.14190924167633057,0.9954954981803894,0.6019519567489624
YMR194W,YOR251C,0,-1.9460747,0.1418788731098175,0.9954954981803894,0.6021021008491516
YER165W,YPL257W-B,0,-1.9474028,0.14184851944446564,0.9954954981803894,0.6022522449493408
YKL096W-A,YNR044W,0,-1.948904,0.14181818068027496,0.9954954981803894,0.60240238904953
YLR410W-B,YOR222W,0,-1.9493445,0.14178785681724548,0.9954954981803894,0.6025525331497192
YLR359W,YMR272C,0,-1.9496217,0.141757532954216,0.9954954981803894,0.6027026772499084
YDR405W,YFR033C,0,-1.950722,0.1417272388935089,0.9954954981803894,0.6028528809547424
YPL213W,YDR195W,0,-1.9510503,0.14169694483280182,0.9954954981803894,0.6030030250549316
YKL180W,YNL092W,0,-1.9512961,0.14166666567325592,0.9954954981803894,0.6031531691551208
YIL139C,YPL094C,0,-1.9528389,0.14163640141487122,0.9954954981803894,0.6033033132553101
YDL061C,YOR324C,0,-1.9531498,0.1416061520576477,0.9954954981803894,0.6034534573554993
YDR381C-A,YJL149W,0,-1.9533689,0.1415759176015854,0.9954954981803894,0.6036036014556885
YDL021W,YFL001W,0,-1.9543028,0.14154568314552307,0.9954954981803894,0.6037537455558777
YDL059C,YCL008C,0,-1.9546709,0.14151547849178314,0.9954954981803894,0.6039038896560669
YMR019W,YKR008W,0,-1.9553357,0.1414852738380432,0.9954954981803894,0.6040540337562561
YLR289W,YGL122C,0,-1.9584286,0.14145508408546448,0.9954954981803894,0.6042041778564453
YKL174C,YER145C,0,-1.9617805,0.14142490923404694,0.9954954981803894,0.6043543815612793
YIR018W,YDR389W,0,-1.9637312,0.1413947492837906,0.9954954981803894,0.6045045256614685
YPR080W,YLR386W,0,-1.9639184,0.14136460423469543,0.9954954981803894,0.6046546697616577
YLR206W,YJL192C,0,-1.9640545,0.14133447408676147,0.9954954981803894,0.6048048138618469
YGR264C,YLR073C,0,-1.9648597,0.14130434393882751,0.9954954981803894,0.6049549579620361
YOR343W-B,YGR077C,0,-1.9657311,0.14127424359321594,0.9954954981803894,0.6051051020622253
YAL063C,YOL043C,0,-1.9669087,0.14124414324760437,0.9954954981803894,0.6052552461624146
YDR527W,YGL259W,0,-1.9674895,0.141214057803154,0.9954954981803894,0.6054053902626038
YGR167W,YFL013C,0,-1.9681752,0.1411839872598648,0.9954954981803894,0.605555534362793
YDR261C-D,YLR394W,0,-1.9686081,0.14115393161773682,0.9954954981803894,0.6057056784629822
YBL041W,YDL198C,0,-1.9689859,0.14112387597560883,0.9954954981803894,0.6058558821678162
YML036W,YDR508C,0,-1.9719706,0.14109385013580322,0.9954954981803894,0.6060060262680054
YDL059C,YKR101W,0,-1.9721258,0.14106382429599762,0.9954954981803894,0.6061561703681946
YBR080C,YJR026W,0,-1.9723451,0.1410338282585144,0.9954954981803894,0.6063063144683838
YBR020W,YOR194C,0,-1.9726137,0.1410038322210312,0.9954954981803894,0.606456458568573
YLL003W,YDL040C,0,-1.9730147,0.14097385108470917,0.9954954981803894,0.6066066026687622
YOR287C,YEL029C,0,-1.9737697,0.14094388484954834,0.9954954981803894,0.6067567467689514
YPR158C-C,YPL104W,0,-1.9740434,0.1409139186143875,0.9954954981803894,0.6069068908691406
YOL045W,YOR148C,0,-1.9754126,0.14088398218154907,0.9954954981803894,0.6070570349693298
YNL236W,YCR052W,0,-1.9757491,0.14085404574871063,0.9954954981803894,0.607207179069519
YGL112C,YBR061C,0,-1.9760864,0.1408241242170334,0.9954954981803894,0.607357382774353
YBL011W,YER104W,0,-1.9762042,0.14079421758651733,0.9954954981803894,0.6075075268745422
YMR089C,YBR276C,0,-1.9769926,0.14076432585716248,0.9954954981803894,0.6076576709747314
YLR244C,YOR275C,0,-1.9773846,0.1407344490289688,0.9954954981803894,0.6078078150749207
YML036W,YLR330W,0,-1.9777254,0.14070458710193634,0.9954954981803894,0.6079579591751099
YOR099W,YDR373W,0,-1.978464,0.14067472517490387,0.9954954981803894,0.6081081032752991
YBR059C,YJL085W,0,-1.9788116,0.1406448930501938,0.9954954981803894,0.6082582473754883
YPR113W,YIL170W,0,-1.9788201,0.1406150609254837,0.9954954981803894,0.6084083914756775
YLR197W,YFL057C,0,-1.9794923,0.14058524370193481,0.9954954981803894,0.6085585355758667
YER090W,YGL103W,0,-1.9804308,0.14055544137954712,0.9954954981803894,0.6087086796760559
YCR093W,YHR109W,0,-1.9806367,0.14052563905715942,0.9954954981803894,0.6088588833808899
YDR210C-C,YLR153C,0,-1.9822037,0.14049586653709412,0.9954954981803894,0.6090090274810791
YHR029C,YKL172W,0,-1.9825357,0.14046610891819,0.9954954981803894,0.6091591715812683
YBL112C,YPL093W,0,-1.9842025,0.1404363512992859,0.9954954981803894,0.6093093156814575
YGL237C,YER175C,0,-1.9850564,0.14040660858154297,0.9954954981803894,0.6094594597816467
YDR378C,YBL089W,0,-1.9874806,0.14037688076496124,0.9954954981803894,0.6096096038818359
YCR060W,YBL079W,0,-1.9893876,0.1403471678495407,0.9954954981803894,0.6097597479820251
YDR494W,YPL274W,0,-1.9896013,0.14031745493412018,0.9954954981803894,0.6099098920822144
YMR300C,YOR349W,0,-1.9899291,0.14028777182102203,0.9954954981803894,0.6100600361824036
YKL082C,YFL017W-A,0,-1.9906466,0.1402580887079239,0.9954954981803894,0.6102102398872375
YCR087C-A,YJL128C,0,-1.9907341,0.14022842049598694,0.9954954981803894,0.6103603839874268
YOL057W,YNL044W,0,-1.99224,0.14019876718521118,0.9954954981803894,0.610510528087616
YDR172W,YGL010W,0,-1.9925032,0.14016912877559662,0.9954954981803894,0.6106606721878052
YHR174W,YDR337W,0,-1.993161,0.14013950526714325,0.9954954981803894,0.6108108162879944
YGL112C,YDR140W,0,-1.9933356,0.14010989665985107,0.9954954981803894,0.6109609603881836
YLR401C,YMR176W,0,-1.9942577,0.1400802880525589,0.9954954981803894,0.6111111044883728
YHR069C,YDR306C,0,-1.9943819,0.14005069434642792,0.9954954981803894,0.611261248588562
YGR221C,YOR142W-B,0,-1.9947767,0.14002111554145813,0.9954954981803894,0.6114113926887512
YGR113W,YDR081C,0,-1.9957035,0.13999155163764954,0.9954954981803894,0.6115615367889404
YNL016W,YJL176C,0,-1.9971089,0.13996200263500214,0.9954954981803894,0.6117117404937744
YGR161W-B,YEL022W,0,-1.9974833,0.13993245363235474,0.9954954981803894,0.6118618845939636
YGL186C,YJL141C,0,-1.998347,0.13990293443202972,0.9954954981803894,0.6120120286941528
YDR512C,YOL141W,0,-1.9986683,0.1398734152317047,0.9954954981803894,0.612162172794342
YCR060W,YJR053W,0,-1.9987769,0.1398439109325409,0.9954954981803894,0.6123123168945312
YPR083W,YHR079C,0,-1.9991231,0.13981442153453827,0.9954954981803894,0.6124624609947205
YDR371W,YNL231C,0,-1.999147,0.13978494703769684,0.9954954981803894,0.6126126050949097
YDR079W,YJR031C,0,-2.0002134,0.1397554874420166,0.9954954981803894,0.6127627491950989
YDL021W,YLR386W,0,-2.000299,0.13972602784633636,0.9954954981803894,0.6129128932952881
YOR054C,YOR299W,0,-2.0012066,0.13969658315181732,0.9954954981803894,0.6130630373954773
YDR146C,YML109W,0,-2.002201,0.13966715335845947,0.9954954981803894,0.6132132411003113
YMR061W,YMR179W,0,-2.0023746,0.13963773846626282,0.9954954981803894,0.6133633852005005
YAL063C,YMR321C,0,-2.002563,0.13960833847522736,0.9954954981803894,0.6135135293006897
YGR255C,YBR061C,0,-2.0040743,0.1395789533853531,0.9954954981803894,0.6136636734008789
YJL172W,YDR381C-A,0,-2.0048075,0.13954956829547882,0.9954954981803894,0.6138138175010681
YPR182W,YNR018W,0,-2.0061707,0.13952019810676575,0.9954954981803894,0.6139639616012573
YDR449C,YML036W,0,-2.0062706,0.13949084281921387,0.9954954981803894,0.6141141057014465
YNL044W,YLR312W-A,0,-2.0065258,0.13946150243282318,0.9954954981803894,0.6142642498016357
YDL179W,YJL192C,0,-2.0066254,0.1394321769475937,0.9954954981803894,0.614414393901825
YPL098C,YBL079W,0,-2.0068562,0.1394028663635254,0.9954954981803894,0.6145645380020142
YGR085C,YMR099C,0,-2.008348,0.1393735557794571,0.9954954981803894,0.6147147417068481
YDR419W,YPR138C,0,-2.008605,0.13934426009655,0.9954954981803894,0.6148648858070374
YGL172W,YDR497C,0,-2.009791,0.13931497931480408,0.9954954981803894,0.6150150299072266
YMR194W,YEL062W,0,-2.0099976,0.13928571343421936,0.9954954981803894,0.6151651740074158
YBL058W,YGR169C,0,-2.0102334,0.13925646245479584,0.9954954981803894,0.615315318107605
YIL134W,YKR103W,0,-2.0109196,0.13922721147537231,0.9954954981803894,0.6154654622077942
YGL122C,YER046W,0,-2.0114164,0.13919799029827118,0.9954954981803894,0.6156156063079834
YHR047C,YNR067C,0,-2.0115042,0.13916876912117004,0.9954954981803894,0.6157657504081726
YGL226C-A,YNL182C,0,-2.0129447,0.1391395628452301,0.9954954981803894,0.6159158945083618
YIL143C,YNL281W,0,-2.0136535,0.13911037147045135,0.9954954981803894,0.616066038608551
YBR195C,YGL241W,0,-2.0159209,0.1390811800956726,0.9954954981803894,0.616216242313385
YKR056W,YGR222W,0,-2.0162625,0.13905201852321625,0.9954954981803894,0.6163663864135742
YNL080C,YBR141C,0,-2.01855,0.1390228569507599,0.9954954981803894,0.6165165305137634
YLR227W-B,YIL076W,0,-2.0228148,0.13899371027946472,0.9954954981803894,0.6166666746139526
YHR030C,YBR257W,0,-2.022815,0.13896457850933075,0.9954954981803894,0.6168168187141418
YFL038C,YAR031W,0,-2.0244012,0.13893546164035797,0.9954954981803894,0.616966962814331
YGR161W-B,YER022W,0,-2.024855,0.1389063447713852,0.9954954981803894,0.6171171069145203
YEL040W,YPR138C,0,-2.0250432,0.1388772577047348,0.9954954981803894,0.6172672510147095
YMR321C,YMR273C,0,-2.025543,0.1388481706380844,0.9954954981803894,0.6174173951148987
YDL036C,YBL041W,0,-2.0257456,0.13881909847259521,0.9954954981803894,0.6175675392150879
YKL170W,YNL290W,0,-2.0261579,0.1387900412082672,0.9954954981803894,0.6177177429199219
YGR199W,YLR316C,0,-2.0267134,0.1387609839439392,0.9954954981803894,0.6178678870201111
YGR268C,YPL257W-B,0,-2.0267754,0.1387319564819336,0.9954954981803894,0.6180180311203003
YBL011W,YNL298W,0,-2.0278468,0.13870292901992798,0.9954954981803894,0.6181681752204895
YMR025W,YCL003W,0,-2.0281978,0.13867391645908356,0.9954954981803894,0.6183183193206787
YDR512C,YHR061C,0,-2.0284753,0.13864491879940033,0.9954954981803894,0.6184684634208679
YDR090C,YMR005W,0,-2.0288246,0.1386159360408783,0.9954954981803894,0.6186186075210571
YNL282W,YML045W-A,0,-2.0307405,0.13858695328235626,0.9954954981803894,0.6187687516212463
YBR278W,YPL276W,0,-2.0310357,0.13855800032615662,0.9954954981803894,0.6189188957214355
YBR223C,YML097C,0,-2.0314426,0.13852904736995697,0.9954954981803894,0.6190690398216248
YOR323C,YDR210C-C,0,-2.0315409,0.13850010931491852,0.9954954981803894,0.6192192435264587
YOR292C,YDL225W,0,-2.0326571,0.13847117125988007,0.9954954981803894,0.619369387626648
YNL073W,YKR055W,0,-2.0338817,0.138442263007164,0.9954954981803894,0.6195195317268372
YJR005W,YMR180C,0,-2.0339122,0.13841335475444794,0.9954954981803894,0.6196696758270264
YOR343W-B,YOR298W,0,-2.0348215,0.13838447630405426,0.9954954981803894,0.6198198199272156
YLL045C,YMR099C,0,-2.03684,0.13835559785366058,0.9954954981803894,0.6199699640274048
YBL085W,YDR062W,0,-2.0382812,0.1383267194032669,0.9954954981803894,0.620120108127594
YGR095C,YPL027W,0,-2.0387986,0.13829787075519562,0.9954954981803894,0.6202702522277832
YHR056C,YFL066C,0,-2.039699,0.13826903700828552,0.9954954981803894,0.6204203963279724
YBR067C,YLR256W-A,0,-2.0397305,0.13824020326137543,0.9954954981803894,0.6205706000328064
YOR301W,YKL082C,0,-2.040864,0.13821138441562653,0.9954954981803894,0.6207207441329956
YPR158C-C,YLL043W,0,-2.041925,0.13818258047103882,0.9954954981803894,0.6208708882331848
YOR297C,YDR210C-C,0,-2.043268,0.1381537765264511,0.9954954981803894,0.621021032333374
YKL190W,YOL111C,0,-2.0451832,0.1381250023841858,0.9954954981803894,0.6211711764335632
YDR530C,YHR059W,0,-2.0452766,0.13809622824192047,0.9954954981803894,0.6213213205337524
YLR380W,YMR240C,0,-2.0468264,0.13806746900081635,0.9954954981803894,0.6214714646339417
YPL094C,YIL021W,0,-2.047642,0.1380387246608734,0.9954954981803894,0.6216216087341309
YDR034C,YLR113W,0,-2.0485833,0.13800999522209167,0.9954954981803894,0.6217717528343201
YFL066C,YIL132C,0,-2.0486882,0.13798126578330994,0.9954954981803894,0.6219218969345093
YKL013C,YGR010W,0,-2.0502717,0.13795256614685059,0.9954954981803894,0.6220721006393433
YDR083W,YKL038W,0,-2.0503001,0.13792386651039124,0.9954954981803894,0.6222222447395325
YDL070W,YLL043W,0,-2.0504801,0.13789518177509308,0.9954954981803894,0.6223723888397217
YDR353W,YFL017W-A,0,-2.0509796,0.13786649703979492,0.9954954981803894,0.6225225329399109
YBR020W,YAL024C,0,-2.0525126,0.13783784210681915,0.9954954981803894,0.6226726770401001
YGR175C,YOR351C,0,-2.0536673,0.13780918717384338,0.9954954981803894,0.6228228211402893
YEL037C,YGL122C,0,-2.0556808,0.1377805471420288,0.9954954981803894,0.6229729652404785
YLR295C,YHR109W,0,-2.0558825,0.13775192201137543,0.9954954981803894,0.6231231093406677
YER125W,YOL151W,0,-2.0559225,0.13772331178188324,0.9954954981803894,0.6232732534408569
YDL070W,YHR079C,0,-2.0560887,0.13769470155239105,0.9954954981803894,0.6234233975410461
YMR213W,YFL021W,0,-2.0564158,0.13766610622406006,0.9954954981803894,0.6235736012458801
YGR225W,YPR137W,0,-2.05757,0.13763754069805145,0.9954954981803894,0.6237237453460693
YDR411C,YDR226W,0,-2.057979,0.13760896027088165,0.9954954981803894,0.6238738894462585
YML099C,YJL214W,0,-2.0583482,0.13758040964603424,0.9954954981803894,0.6240240335464478
YMR218C,YPL112C,0,-2.058598,0.13755187392234802,0.9954954981803894,0.624174177646637
YNL202W,YMR025W,0,-2.0586214,0.1375233381986618,0.9954954981803894,0.6243243217468262
YER151C,YLR359W,0,-2.0592926,0.13749481737613678,0.9954954981803894,0.6244744658470154
YJL112W,YHL034C,0,-2.0596347,0.13746631145477295,0.9954954981803894,0.6246246099472046
YHR132C,YDR146C,0,-2.059763,0.13743780553340912,0.9954954981803894,0.6247747540473938
YGR109W-B,YDL077C,0,-2.0602016,0.13740932941436768,0.9954954981803894,0.624924898147583
YLR394W,YGL148W,0,-2.060419,0.13738085329532623,0.9954954981803894,0.625075101852417
YEL031W,YDL055C,0,-2.0607834,0.13735239207744598,0.9954954981803894,0.6252252459526062
YCR093W,YGR085C,0,-2.0614903,0.13732394576072693,0.9954954981803894,0.6253753900527954
YMR039C,YPL163C,0,-2.063714,0.13729549944400787,0.9954954981803894,0.6255255341529846
YNR003C,YDR062W,0,-2.064323,0.1372670829296112,0.9954954981803894,0.6256756782531738
YPR158C-C,YOL151W,0,-2.0646915,0.13723866641521454,0.9954954981803894,0.625825822353363
YMR013C,YNL121C,0,-2.0681925,0.13721026480197906,0.9954954981803894,0.6259759664535522
YLR452C,YBR170C,0,-2.0682557,0.13718187808990479,0.9954954981803894,0.6261261105537415
YJR107W,YLR256W-A,0,-2.0686255,0.1371534913778305,0.9954954981803894,0.6262762546539307
YFL066C,YNL307C,0,-2.0689695,0.1371251344680786,0.9954954981803894,0.6264263987541199
YMR269W,YGR276C,0,-2.0699959,0.13709677755832672,0.9954954981803894,0.6265766024589539
YJR026W,YER090W,0,-2.0724235,0.13706843554973602,0.9954954981803894,0.6267267465591431
YOL066C,YLL061W,0,-2.0730371,0.13704009354114532,0.9954954981803894,0.6268768906593323
YOR343W-B,YGR246C,0,-2.0734775,0.13701178133487701,0.9954954981803894,0.6270270347595215
YPR072W,YGL122C,0,-2.0738664,0.1369834691286087,0.9954954981803894,0.6271771788597107
YDR451C,YGL169W,0,-2.0755115,0.1369551718235016,0.9954954981803894,0.6273273229598999
YDL121C,YIL017W,0,-2.0755682,0.13692688941955566,0.9954954981803894,0.6274774670600891
YIL143C,YOR285W,0,-2.0759702,0.13689862191677094,0.9954954981803894,0.6276276111602783
YNL172W,YNR028W,0,-2.0767012,0.1368703544139862,0.9954954981803894,0.6277777552604675
YGR225W,YGR118W,0,-2.0768151,0.13684210181236267,0.9954954981803894,0.6279278993606567
YDL245C,YML045W-A,0,-2.0770721,0.13681386411190033,0.9954954981803894,0.6280781030654907
YJR078W,YHL027W,0,-2.0771163,0.13678564131259918,0.9954954981803894,0.6282282471656799
YDR260C,YCR012W,0,-2.0788355,0.13675741851329803,0.9954954981803894,0.6283783912658691
YGR221C,YGR252W,0,-2.078972,0.13672922551631927,0.9954954981803894,0.6285285353660583
YNL262W,YDR173C,0,-2.0790677,0.13670103251934052,0.9954954981803894,0.6286786794662476
YOR343W-B,YFR045W,0,-2.080061,0.13667285442352295,0.9954954981803894,0.6288288235664368
YEL031W,YCR046C,0,-2.0808754,0.13664467632770538,0.9954954981803894,0.628978967666626
YDR473C,YLR009W,0,-2.0823436,0.1366165280342102,0.9954954981803894,0.6291291117668152
YGR081C,YGR161W-B,0,-2.08272,0.13658837974071503,0.9954954981803894,0.6292792558670044
YDL179W,YGR145W,0,-2.0839922,0.13656024634838104,0.9954954981803894,0.6294293999671936
YDL121C,YDR072C,0,-2.084052,0.13653212785720825,0.9954954981803894,0.6295796036720276
YKR036C,YDR405W,0,-2.0840774,0.13650400936603546,0.9954954981803894,0.6297297477722168
YDR240C,YER104W,0,-2.085759,0.13647592067718506,0.9954954981803894,0.629879891872406
YDR518W,YOR378W,0,-2.08606,0.13644783198833466,0.9954954981803894,0.6300300359725952
YLR312W-A,YER017C,0,-2.0861478,0.13641975820064545,0.9954954981803894,0.6301801800727844
YOL070C,YDR460W,0,-2.0867896,0.13639168441295624,0.9954954981803894,0.6303303241729736
YKL210W,YGL226C-A,0,-2.0875697,0.13636364042758942,0.9954954981803894,0.6304804682731628
YLR182W,YOR304C-A,0,-2.0897396,0.1363355964422226,0.9954954981803894,0.630630612373352
YDR449C,YOL111C,0,-2.0904539,0.13630756735801697,0.9954954981803894,0.6307807564735413
YPR113W,YBR275C,0,-2.0924664,0.13627955317497253,0.9954954981803894,0.6309309601783752
YER013W,YPR133W-A,0,-2.0928082,0.1362515389919281,0.9954954981803894,0.6310811042785645
YLR227W-B,YKR068C,0,-2.0937989,0.13622353971004486,0.9954954981803894,0.6312312483787537
YDR240C,YFR052W,0,-2.0940907,0.136195570230484,0.9954954981803894,0.6313813924789429
YGR285C,YBR173C,0,-2.0946608,0.13616758584976196,0.9954954981803894,0.6315315365791321
YNR074C,YOR194C,0,-2.0950122,0.1361396312713623,0.9954954981803894,0.6316816806793213
YAR035W,YPR159W,0,-2.0951943,0.13611167669296265,0.9954954981803894,0.6318318247795105
YAL054C,YPR152C,0,-2.0963097,0.13608373701572418,0.9954954981803894,0.6319819688796997
YBL101W-B,YNL092W,0,-2.0979316,0.1360558122396469,0.9954954981803894,0.6321321129798889
YOR098C,YLR042C,0,-2.09898,0.13602790236473083,0.9954954981803894,0.6322822570800781
YNL008C,YNR002C,0,-2.099834,0.13600000739097595,0.9954954981803894,0.6324324607849121
YIR018W,YER052C,0,-2.100222,0.13597211241722107,0.9954954981803894,0.6325826048851013
YBR081C,YKL186C,0,-2.101725,0.13594423234462738,0.9954954981803894,0.6327327489852905
YOL028C,YFL021W,0,-2.1021085,0.1359163522720337,0.9954954981803894,0.6328828930854797
YDR473C,YDR229W,0,-2.102361,0.1358885020017624,0.9954954981803894,0.633033037185669
YNL284C-A,YMR267W,0,-2.1027458,0.1358606517314911,0.9954954981803894,0.6331831812858582
YOL103W-B,YGR012W,0,-2.1034412,0.13583281636238098,0.9954954981803894,0.6333333253860474
YGL112C,YAR027W,0,-2.1039288,0.13580499589443207,0.9954954981803894,0.6334834694862366
YGR225W,YMR186W,0,-2.1049376,0.13577719032764435,0.9954954981803894,0.6336336135864258
YER013W,YJR107W,0,-2.1053107,0.13574938476085663,0.9954954981803894,0.633783757686615
YOL145C,YGR113W,0,-2.1055515,0.1357215940952301,0.9954954981803894,0.633933961391449
YPR158C-C,YMR077C,0,-2.1062837,0.13569381833076477,0.9954954981803894,0.6340841054916382
YDR067C,YNL284C-A,0,-2.106516,0.13566605746746063,0.9954954981803894,0.6342342495918274
YOR142W-A,YPL188W,0,-2.106936,0.1356382966041565,0.9954954981803894,0.6343843936920166
YPR002W,YLL040C,0,-2.1071248,0.13561055064201355,0.9954954981803894,0.6345345377922058
YGR199W,YLR073C,0,-2.1073203,0.1355828195810318,0.9954954981803894,0.634684681892395
YDR310C,YMR077C,0,-2.108744,0.13555510342121124,0.9954954981803894,0.6348348259925842
YLL027W,YKL172W,0,-2.1102052,0.13552738726139069,0.9954954981803894,0.6349849700927734
YEL012W,YOR393W,0,-2.112329,0.13549968600273132,0.9954954981803894,0.6351351141929626
YKL009W,YHR057C,0,-2.1124358,0.13547199964523315,0.9954954981803894,0.6352852582931519
YKL166C,YKL210W,0,-2.113364,0.13544432818889618,0.9954954981803894,0.6354354619979858
YLR380W,YOR340C,0,-2.114728,0.1354166716337204,0.9954954981803894,0.635585606098175
YCR087C-A,YHR109W,0,-2.115309,0.13538901507854462,0.9954954981803894,0.6357357501983643
YMR097C,YHR004C,0,-2.1162333,0.13536137342453003,0.9954954981803894,0.6358858942985535
YKL038W,YKL168C,0,-2.116383,0.13533374667167664,0.9954954981803894,0.6360360383987427
YNL236W,YHR060W,0,-2.1189923,0.13530611991882324,0.9954954981803894,0.6361861824989319
YIL094C,YDR229W,0,-2.1195922,0.13527850806713104,0.9954954981803894,0.6363363265991211
YGR085C,YPR119W,0,-2.1207013,0.13525091111660004,0.9954954981803894,0.6364864706993103
YOR363C,YOR084W,1,-2.1211934,0.1354272961616516,0.9969969987869263,0.6364864706993103
YNR015W,YML128C,0,-2.1213412,0.13539966940879822,0.9969969987869263,0.6366366147994995
YKR057W,YOR275C,0,-2.1215224,0.1353720724582672,0.9969969987869263,0.6367867588996887
YNL008C,YDL216C,0,-2.1215782,0.1353444755077362,0.9969969987869263,0.6369369626045227
YLR305C,YKL119C,0,-2.1218138,0.1353168934583664,0.9969969987869263,0.6370871067047119
YBL005W-B,YLR383W,0,-2.1218333,0.13528932631015778,0.9969969987869263,0.6372372508049011
YNL232W,YGR032W,0,-2.122022,0.13526175916194916,0.9969969987869263,0.6373873949050903
YLR160C,YGR239C,0,-2.123927,0.13523422181606293,0.9969969987869263,0.6375375390052795
YGL083W,YPR159W,0,-2.1257925,0.1352066844701767,0.9969969987869263,0.6376876831054688
YFR019W,YDR226W,0,-2.1260116,0.13517914712429047,0.9969969987869263,0.637837827205658
YOR212W,YIL159W,0,-2.1266108,0.13515163958072662,0.9969969987869263,0.6379879713058472
YJL034W,YDR261C-D,0,-2.1267352,0.13512413203716278,0.9969969987869263,0.6381381154060364
YDR473C,YPL065W,0,-2.1268914,0.13509663939476013,0.9969969987869263,0.6382882595062256
YNL309W,YLR316C,0,-2.1279352,0.13506916165351868,0.9969969987869263,0.6384384632110596
YER055C,YER168C,0,-2.1298816,0.13504169881343842,0.9969969987869263,0.6385886073112488
YEL022W,YDR062W,0,-2.1302433,0.13501423597335815,0.9969969987869263,0.638738751411438
YPR113W,YNL073W,0,-2.1304724,0.1349867880344391,0.9969969987869263,0.6388888955116272
YNL153C,YNL107W,0,-2.1307611,0.1349593549966812,0.9969969987869263,0.6390390396118164
YLR145W,YCL034W,0,-2.130814,0.13493192195892334,0.9969969987869263,0.6391891837120056
YER014C-A,YKL201C,0,-2.1324544,0.13490450382232666,0.9969969987869263,0.6393393278121948
YHR005C-A,YLL055W,0,-2.1326876,0.13487710058689117,0.9969969987869263,0.639489471912384
YDL054C,YGR175C,0,-2.132932,0.13484971225261688,0.9969969987869263,0.6396396160125732
YOR020C,YFR052W,0,-2.1330624,0.13482233881950378,0.9969969987869263,0.6397897601127625
YOL028C,YLL040C,0,-2.1343675,0.13479496538639069,0.9969969987869263,0.6399399638175964
YHR074W,YER019C-A,0,-2.1347442,0.13476760685443878,0.9969969987869263,0.6400901079177856
YNL261W,YBL112C,0,-2.135177,0.13474026322364807,0.9969969987869263,0.6402402520179749
YDL107W,YPR163C,0,-2.1362107,0.13471291959285736,0.9969969987869263,0.6403903961181641
YLR305C,YOR353C,0,-2.1363564,0.13468560576438904,0.9969969987869263,0.6405405402183533
YCR060W,YJL103C,0,-2.1366687,0.13465827703475952,0.9969969987869263,0.6406906843185425
YOR212W,YHR135C,0,-2.1371026,0.1346309781074524,0.9969969987869263,0.6408408284187317
YEL022W,YKL020C,0,-2.1385126,0.13460369408130646,0.9969969987869263,0.6409909725189209
YGR255C,YDR381C-A,0,-2.1409051,0.13457641005516052,0.9969969987869263,0.6411411166191101
YLR208W,YPR137W,0,-2.1413178,0.13454914093017578,0.9969969987869263,0.6412913203239441
YPR189W,YMR143W,0,-2.1424983,0.13452188670635223,0.9969969987869263,0.6414414644241333
YGR216C,YER168C,0,-2.1432996,0.1344946324825287,0.9969969987869263,0.6415916085243225
YKL097W-A,YBR173C,0,-2.143964,0.13446739315986633,0.9969969987869263,0.6417417526245117
YGR268C,YDL047W,0,-2.1441612,0.13444016873836517,0.9969969987869263,0.6418918967247009
YDR378C,YGR089W,0,-2.1447723,0.1344129592180252,0.9969969987869263,0.6420420408248901
YNL016W,YOR349W,0,-2.1460745,0.13438574969768524,0.9969969987869263,0.6421921849250793
YCR030C,YER019C-A,0,-2.1479077,0.13435855507850647,0.9969969987869263,0.6423423290252686
YMR176W,YDR304C,0,-2.1494493,0.1343313753604889,0.9969969987869263,0.6424924731254578
YGR161W-B,YDL039C,0,-2.1498034,0.1343042105436325,0.9969969987869263,0.642642617225647
YFR013W,YHR082C,0,-2.1498945,0.13427704572677612,0.9969969987869263,0.642792820930481
YCL036W,YPL208W,0,-2.1500347,0.13424989581108093,0.9969969987869263,0.6429429650306702
YPR182W,YOR313C,0,-2.1502771,0.13422276079654694,0.9969969987869263,0.6430931091308594
YCL025C,YCL060C,0,-2.151723,0.13419564068317413,0.9969969987869263,0.6432432532310486
YGR052W,YGL225W,0,-2.1523838,0.13416852056980133,0.9969969987869263,0.6433933973312378
YIR018W,YBR238C,0,-2.1531563,0.13414141535758972,0.9969969987869263,0.643543541431427
YPL200W,YGR095C,0,-2.1536412,0.1341143250465393,0.9969969987869263,0.6436936855316162
YHR179W,YOR142W-A,0,-2.1545768,0.1340872347354889,0.9969969987869263,0.6438438296318054
YGR179C,YPL027W,0,-2.154922,0.13406015932559967,0.9969969987869263,0.6439939737319946
YGL158W,YBL101W-B,0,-2.1552587,0.13403309881687164,0.9969969987869263,0.6441441178321838
YLR228C,YOR226C,0,-2.157426,0.1340060532093048,0.9969969987869263,0.6442943215370178
YFR013W,YIL170W,0,-2.1585052,0.13397902250289917,0.9969969987869263,0.644444465637207
YDR196C,YER190W,0,-2.1627057,0.13395199179649353,0.9969969987869263,0.6445946097373962
YPR158C-C,YDL084W,0,-2.16326,0.13392497599124908,0.9969969987869263,0.6447447538375854
YNL147W,YOR239W,0,-2.1646004,0.13389796018600464,0.9969969987869263,0.6448948979377747
YGL083W,YGR222W,0,-2.164696,0.13387097418308258,0.9969969987869263,0.6450450420379639
YOL028C,YGR271W,0,-2.1655653,0.13384398818016052,0.9969969987869263,0.6451951861381531
YNL281W,YEL029C,0,-2.1658072,0.13381700217723846,0.9969969987869263,0.6453453302383423
YCL043C,YPR200C,0,-2.1664047,0.1337900459766388,0.9969969987869263,0.6454954743385315
YHR060W,YMR301C,0,-2.1668992,0.13376308977603912,0.9969969987869263,0.6456456184387207
YPR191W,YDL133C-A,0,-2.168608,0.13373614847660065,0.9969969987869263,0.6457958221435547
YDR451C,YPL129W,0,-2.1687207,0.13370922207832336,0.9969969987869263,0.6459459662437439
YNL284C-A,YDR415C,0,-2.168942,0.13368231058120728,0.9969969987869263,0.6460961103439331
YOL145C,YDL045W-A,0,-2.1697803,0.1336553990840912,0.9969969987869263,0.6462462544441223
YPR158C-C,YKL117W,0,-2.1699078,0.1336285024881363,0.9969969987869263,0.6463963985443115
YOR038C,YER137C,0,-2.1701672,0.1336016058921814,0.9969969987869263,0.6465465426445007
YOR159C,YMR193W,0,-2.1703436,0.1335747390985489,0.9969969987869263,0.6466966867446899
YHR002W,YBR271W,0,-2.1707387,0.13354787230491638,0.9969969987869263,0.6468468308448792
YMR276W,YCR055C,0,-2.1710742,0.13352102041244507,0.9969969987869263,0.6469969749450684
YDR473C,YDL045W-A,0,-2.1724908,0.13349416851997375,0.9969969987869263,0.6471471190452576
YJL194W,YGR012W,0,-2.1731534,0.13346733152866364,0.9969969987869263,0.6472973227500916
YOR054C,YLL012W,0,-2.1743922,0.1334405094385147,0.9969969987869263,0.6474474668502808
YNL008C,YMR172W,0,-2.174554,0.13341370224952698,0.9969969987869263,0.64759761095047
YOL136C,YPL027W,0,-2.1754754,0.13338689506053925,0.9969969987869263,0.6477477550506592
YOL103W-B,YDR140W,0,-2.1767259,0.1333601176738739,0.9969969987869263,0.6478978991508484
YOR159C,YER019C-A,0,-2.17723,0.13333334028720856,0.9969969987869263,0.6480480432510376
YDR378C,YJR034W,0,-2.178183,0.1333065629005432,0.9969969987869263,0.6481981873512268
YCR060W,YLR073C,0,-2.1785638,0.13327980041503906,0.9969969987869263,0.648348331451416
YGR238C,YBL101W-B,0,-2.1790075,0.1332530677318573,0.9969969987869263,0.6484984755516052
YGL209W,YNL202W,0,-2.1791692,0.13322632014751434,0.9969969987869263,0.6486486196517944
YJL030W,YMR267W,0,-2.180258,0.13319960236549377,0.9969969987869263,0.6487988233566284
YGL236C,YPR159W,0,-2.1814647,0.1331728845834732,0.9969969987869263,0.6489489674568176
YKL117W,YNL147W,0,-2.1833177,0.13314618170261383,0.9969969987869263,0.6490991115570068
YAR002C-A,YDR170C,0,-2.183321,0.13311949372291565,0.9969969987869263,0.649249255657196
YDL206W,YDR261W-A,0,-2.1837168,0.13309280574321747,0.9969969987869263,0.6493993997573853
YOL103W-B,YPL065W,0,-2.1837506,0.13306613266468048,0.9969969987869263,0.6495495438575745
YOL052C,YJR140C,0,-2.1839895,0.1330394744873047,0.9969969987869263,0.6496996879577637
YOR071C,YMR228W,0,-2.1842132,0.1330128163099289,0.9969969987869263,0.6498498320579529
YER049W,YDR090C,0,-2.1856613,0.1329861879348755,0.9969969987869263,0.6499999761581421
YLR359W,YER104W,0,-2.185718,0.1329595446586609,0.9969969987869263,0.6501501798629761
YBL041W,YKL009W,0,-2.1863766,0.13293293118476868,0.9969969987869263,0.6503003239631653
YPL094C,YDR062W,0,-2.1865163,0.13290631771087646,0.9969969987869263,0.6504504680633545
YBR170C,YGL256W,0,-2.186616,0.13287973403930664,0.9969969987869263,0.6506006121635437
YOR313C,YMR213W,0,-2.1869836,0.13285313546657562,0.9969969987869263,0.6507507562637329
YDL198C,YPR138C,0,-2.1872575,0.132826566696167,0.9969969987869263,0.6509009003639221
YBR020W,YIL048W,0,-2.1876101,0.13279999792575836,0.9969969987869263,0.6510510444641113
YOR279C,YJR032W,0,-2.1882875,0.13277344405651093,0.9969969987869263,0.6512011885643005
YBR120C,YJR031C,0,-2.1885214,0.13274690508842468,0.9969969987869263,0.6513513326644897
YIL132C,YKL124W,0,-2.1890645,0.13272036612033844,0.9969969987869263,0.651501476764679
YBR170C,YLL033W,0,-2.1891184,0.1326938420534134,0.9969969987869263,0.6516516804695129
YIL159W,YAL029C,0,-2.18932,0.13266733288764954,0.9969969987869263,0.6518018245697021
YGR012W,YBR129C,0,-2.1902595,0.13264082372188568,0.9969969987869263,0.6519519686698914
YOR038C,YGL113W,0,-2.1917439,0.1326143443584442,0.9969969987869263,0.6521021127700806
YDR371W,YOL124C,0,-2.191772,0.13258786499500275,0.9969969987869263,0.6522522568702698
YPR190C,YGL216W,0,-2.1920831,0.13256138563156128,0.9969969987869263,0.652402400970459
YHR164C,YEL062W,0,-2.192775,0.1325349360704422,0.9969969987869263,0.6525525450706482
YMR137C,YOL136C,0,-2.1934195,0.13250848650932312,0.9969969987869263,0.6527026891708374
YNL284C-A,YOR089C,0,-2.193779,0.13248203694820404,0.9969969987869263,0.6528528332710266
YNL236W,YLR429W,0,-2.1943393,0.13245561718940735,0.9969969987869263,0.6530029773712158
YFL038C,YOL028C,0,-2.1945643,0.13242919743061066,0.9969969987869263,0.6531531810760498
YDL078C,YDR389W,0,-2.1951914,0.13240279257297516,0.9969969987869263,0.653303325176239
YDR310C,YOL136C,0,-2.1957273,0.13237640261650085,0.9969969987869263,0.6534534692764282
YPR024W,YIR039C,0,-2.1958618,0.13235001266002655,0.9969969987869263,0.6536036133766174
YNL236W,YMR020W,0,-2.1971626,0.13232363760471344,0.9969969987869263,0.6537537574768066
YPL257W-B,YKR101W,0,-2.1977148,0.13229727745056152,0.9969969987869263,0.6539039015769958
YBR230C,YOR351C,0,-2.1995435,0.1322709172964096,0.9969969987869263,0.6540540456771851
YKL130C,YDR109C,0,-2.2008333,0.13224457204341888,0.9969969987869263,0.6542041897773743
YKL180W,YGL220W,0,-2.2010512,0.13221824169158936,0.9969969987869263,0.6543543338775635
YDR415C,YDR218C,0,-2.2029214,0.13219191133975983,0.9969969987869263,0.6545044779777527
YER130C,YGL071W,0,-2.2041762,0.13216561079025269,0.9969969987869263,0.6546546816825867
YER125W,YBR074W,0,-2.2046845,0.13213931024074554,0.9969969987869263,0.6548048257827759
YLR163C,YDR159W,0,-2.2047176,0.1321130096912384,0.9969969987869263,0.6549549698829651
YOL141W,YHR057C,0,-2.2077813,0.13208673894405365,0.9969969987869263,0.6551051139831543
YIL017W,YOR162C,0,-2.2083445,0.1320604681968689,0.9969969987869263,0.6552552580833435
YOR142W-A,YGL220W,0,-2.2097106,0.13203419744968414,0.9969969987869263,0.6554054021835327
YNL107W,YPR060C,0,-2.2097945,0.13200795650482178,0.9969969987869263,0.6555555462837219
YNL267W,YBL029C-A,0,-2.2101555,0.1319817155599594,0.9969969987869263,0.6557056903839111
YOL086C,YDR137W,0,-2.2111537,0.13195548951625824,0.9969969987869263,0.6558558344841003
YPR158C-C,YKL038W,0,-2.2116756,0.13192926347255707,0.9969969987869263,0.6560059785842896
YCR087C-A,YLL017W,0,-2.2128496,0.1319030523300171,0.9969969987869263,0.6561561822891235
YGR084C,YFL001W,0,-2.214324,0.1318768560886383,0.9969969987869263,0.6563063263893127
YDL074C,YOR025W,0,-2.214405,0.13185067474842072,0.9969969987869263,0.656456470489502
YLR359W,YDR364C,0,-2.2152524,0.13182449340820312,0.9969969987869263,0.6566066145896912
YDR492W,YDR423C,0,-2.2155795,0.13179832696914673,0.9969969987869263,0.6567567586898804
YKL203C,YOL040C,0,-2.2160094,0.13177217543125153,0.9969969987869263,0.6569069027900696
YGR109W-B,YIL140W,0,-2.2164261,0.13174603879451752,0.9969969987869263,0.6570570468902588
YKL117W,YKL189W,0,-2.216437,0.1317199021577835,0.9969969987869263,0.657207190990448
YPR158C-C,YJL095W,0,-2.217638,0.1316937655210495,0.9969969987869263,0.6573573350906372
YNL262W,YMR296C,0,-2.2214386,0.13166765868663788,0.9969969987869263,0.6575074791908264
YBR182C,YLL061W,0,-2.222069,0.13164155185222626,0.9969969987869263,0.6576576828956604
YAL060W,YML045W-A,0,-2.2230859,0.13161545991897583,0.9969969987869263,0.6578078269958496
YER019C-A,YGL190C,0,-2.2232823,0.1315893828868866,0.9969969987869263,0.6579579710960388
YLR157C,YMR075W,0,-2.223825,0.13156330585479736,0.9969969987869263,0.658108115196228
YPL002C,YNR028W,0,-2.2238255,0.13153724372386932,0.9969969987869263,0.6582582592964172
YGL233W,YJL006C,0,-2.2238731,0.13151119649410248,0.9969969987869263,0.6584084033966064
YCR055C,YFL021W,0,-2.22391,0.13148514926433563,0.9969969987869263,0.6585585474967957
YJL071W,YBR238C,0,-2.2246075,0.13145911693572998,0.9969969987869263,0.6587086915969849
YEL040W,YNL284C,0,-2.2248206,0.13143309950828552,0.9969969987869263,0.6588588356971741
YDR492W,YGL256W,0,-2.2254074,0.13140708208084106,0.9969969987869263,0.6590089797973633
YLR325C,YHR051W,0,-2.2257845,0.1313810795545578,0.9969969987869263,0.6591591835021973
YDL202W,YGR134W,0,-2.2261505,0.13135509192943573,0.9969969987869263,0.6593093276023865
YPR137C-A,YFL023W,0,-2.226651,0.13132911920547485,0.9969969987869263,0.6594594717025757
YOR215C,YDR416W,0,-2.227048,0.13130314648151398,0.9969969987869263,0.6596096158027649
YER013W,YJL194W,0,-2.2315183,0.1312771886587143,0.9969969987869263,0.6597597599029541
YKL175W,YGL103W,0,-2.2322564,0.1312512308359146,0.9969969987869263,0.6599099040031433
YKL217W,YKL096W-A,0,-2.2331052,0.13122530281543732,0.9969969987869263,0.6600600481033325
YKL038W,YIL079C,0,-2.2332015,0.13119937479496002,0.9969969987869263,0.6602101922035217
YDR174W,YLR350W,0,-2.235528,0.13117344677448273,0.9969969987869263,0.6603603363037109
YFR013W,YIR039C,0,-2.2367501,0.13114753365516663,0.9969969987869263,0.6605105400085449
YOL038W,YLR264W,0,-2.236878,0.1311216503381729,0.9969969987869263,0.6606606841087341
YKL119C,YHR039C-A,0,-2.2369804,0.131095752120018,0.9969969987869263,0.6608108282089233
YNL304W,YDL074C,0,-2.2370536,0.13106988370418549,0.9969969987869263,0.6609609723091125
YKR008W,YPR135W,0,-2.2374518,0.13104401528835297,0.9969969987869263,0.6611111164093018
YIL046W,YNL182C,0,-2.2375183,0.13101814687252045,0.9969969987869263,0.661261260509491
YLR295C,YGR179C,0,-2.2390482,0.13099230825901031,0.9969969987869263,0.6614114046096802
YHR030C,YEL053C,0,-2.2408953,0.13096646964550018,0.9969969987869263,0.6615615487098694
YKL200C,YNL117W,0,-2.2411904,0.13094064593315125,0.9969969987869263,0.6617116928100586
YMR168C,YKR069W,0,-2.242663,0.1309148222208023,0.9969969987869263,0.6618618369102478
YOR098C,YMR304W,0,-2.2436736,0.13088901340961456,0.9969969987869263,0.6620120406150818
YPR198W,YLR187W,0,-2.2457976,0.130863219499588,0.9969969987869263,0.662162184715271
YPR158C-C,YBR230C,0,-2.2473614,0.13083744049072266,0.9969969987869263,0.6623123288154602
YBR182C,YNR002C,0,-2.2476974,0.1308116614818573,0.9969969987869263,0.6624624729156494
YMR038C,YNL182C,0,-2.2480516,0.13078589737415314,0.9969969987869263,0.6626126170158386
YDR261C-D,YPL273W,0,-2.249472,0.13076014816761017,0.9969969987869263,0.6627627611160278
YKL217W,YMR321C,0,-2.2496324,0.1307343989610672,0.9969969987869263,0.662912905216217
YMR049C,YGL180W,0,-2.2500138,0.13070866465568542,0.9969969987869263,0.6630630493164062
YNL283C,YOL108C,0,-2.2507691,0.13068293035030365,0.9969969987869263,0.6632131934165955
YPL042C,YHR039C-A,0,-2.2529259,0.13065722584724426,0.9969969987869263,0.6633633375167847
YNL095C,YHR109W,0,-2.253314,0.13063152134418488,0.9969969987869263,0.6635135412216187
YOL124C,YEL070W,0,-2.254377,0.1306058168411255,0.9969969987869263,0.6636636853218079
YKL013C,YKL175W,0,-2.2543938,0.1305801421403885,0.9969969987869263,0.6638138294219971
YBL028C,YDR170C,0,-2.2554893,0.1305544674396515,0.9969969987869263,0.6639639735221863
YJR005W,YDR381C-A,0,-2.2555254,0.1305287927389145,0.9969969987869263,0.6641141176223755
YFL038C,YKL203C,0,-2.2568045,0.13050314784049988,0.9969969987869263,0.6642642617225647
YDR034C,YOR187W,0,-2.2591794,0.13047750294208527,0.9969969987869263,0.6644144058227539
YJR070C,YDR403W,0,-2.260948,0.13045187294483185,0.9969969987869263,0.6645645499229431
YNR003C,YLR026C,0,-2.2612147,0.13042624294757843,0.9969969987869263,0.6647146940231323
YBL112C,YNL262W,0,-2.2612572,0.1304006278514862,0.9969969987869263,0.6648648381233215
YGR264C,YNL273W,0,-2.2613642,0.13037502765655518,0.9969969987869263,0.6650150418281555
YLL061W,YLR026C,0,-2.2614117,0.13034942746162415,0.9969969987869263,0.6651651859283447
YKL217W,YDR167W,0,-2.2627456,0.1303238421678543,0.9969969987869263,0.6653153300285339
YPR011C,YOR187W,0,-2.2632756,0.13029827177524567,0.9969969987869263,0.6654654741287231
YBR287W,YPL113C,0,-2.2633667,0.13027271628379822,0.9969969987869263,0.6656156182289124
YNL271C,YPR137C-A,0,-2.263641,0.13024716079235077,0.9969969987869263,0.6657657623291016
YDR261C-D,YDL045C,0,-2.2638478,0.13022160530090332,0.9969969987869263,0.6659159064292908
YJR040W,YBL029C-A,0,-2.2640374,0.13019607961177826,0.9969969987869263,0.66606605052948
YOR147W,YGR084C,0,-2.2649322,0.1301705539226532,0.9969969987869263,0.6662161946296692
YOR382W,YOL151W,0,-2.265021,0.13014504313468933,0.9969969987869263,0.6663663387298584
YMR241W,YGL220W,0,-2.2658815,0.13011953234672546,0.9969969987869263,0.6665165424346924
YDR499W,YHR058C,0,-2.2670531,0.1300940364599228,0.9969969987869263,0.6666666865348816
YLR005W,YBR222C,0,-2.26714,0.1300685554742813,0.9969969987869263,0.6668168306350708
YDR261C-D,YKL094W,0,-2.2674131,0.13004308938980103,0.9969969987869263,0.66696697473526
YPR190C,YDR381C-A,0,-2.26791,0.13001762330532074,0.9969969987869263,0.6671171188354492
YLR165C,YBL098W,0,-2.268601,0.12999217212200165,0.9969969987869263,0.6672672629356384
YMR269W,YOL102C,0,-2.2700288,0.12996672093868256,0.9969969987869263,0.6674174070358276
YPR196W,YOL043C,0,-2.2710478,0.12994128465652466,0.9969969987869263,0.6675675511360168
YLR305C,YNL121C,0,-2.2715967,0.12991586327552795,0.9969969987869263,0.667717695236206
YKL189W,YKR044W,0,-2.2717772,0.12989045679569244,0.9969969987869263,0.6678678393363953
YBR074W,YER104W,0,-2.2722862,0.12986505031585693,0.9969969987869263,0.6680180430412292
YKL217W,YDR381C-A,0,-2.2725677,0.12983965873718262,0.9969969987869263,0.6681681871414185
YJR119C,YHR085W,0,-2.2730145,0.1298142671585083,0.9969969987869263,0.6683183312416077
YNL284C-A,YNR002C,0,-2.2732322,0.12978889048099518,0.9969969987869263,0.6684684753417969
YOR274W,YHR051W,0,-2.2750301,0.12976352870464325,0.9969969987869263,0.6686186194419861
YAL054C,YCL004W,0,-2.2759275,0.12973818182945251,0.9969969987869263,0.6687687635421753
YPR167C,YKR054C,0,-2.2776215,0.12971283495426178,0.9969969987869263,0.6689189076423645
YKL093W,YMR123W,0,-2.2786875,0.12968750298023224,0.9969969987869263,0.6690690517425537
YJR127C,YHR061C,0,-2.2791297,0.1296621710062027,0.9969969987869263,0.6692191958427429
YOR038C,YDR415C,0,-2.2794566,0.12963685393333435,0.9969969987869263,0.6693693399429321
YIR018W,YNL208W,0,-2.2794657,0.1296115517616272,0.9969969987869263,0.6695195436477661
YPL180W,YOL062C,0,-2.2794905,0.12958626449108124,0.9969969987869263,0.6696696877479553
YLR329W,YCL026C-B,0,-2.2807996,0.12956097722053528,0.9969969987869263,0.6698198318481445
YMR319C,YOL102C,0,-2.2809615,0.1295357048511505,0.9969969987869263,0.6699699759483337
YPR137C-A,YJL081C,0,-2.2817502,0.12951043248176575,0.9969969987869263,0.670120120048523
YPR158C-C,YDR457W,0,-2.2821684,0.12948517501354218,0.9969969987869263,0.6702702641487122
YKL200C,YOR324C,0,-2.2827141,0.1294599324464798,0.9969969987869263,0.6704204082489014
YMR019W,YJR082C,0,-2.2830682,0.1294347047805786,0.9969969987869263,0.6705705523490906
YER117W,YNL239W,0,-2.2832916,0.12940947711467743,0.9969969987869263,0.6707206964492798
YBR182C,YNL230C,0,-2.2835958,0.12938424944877625,0.9969969987869263,0.6708709001541138
YPR171W,YKR006C,0,-2.2842388,0.12935905158519745,0.9969969987869263,0.671021044254303
YEL052W,YPR158C-C,0,-2.2845173,0.12933385372161865,0.9969969987869263,0.6711711883544922
YJR147W,YDR138W,0,-2.2850618,0.12930867075920105,0.9969969987869263,0.6713213324546814
YLR289W,YOR327C,0,-2.2851696,0.12928348779678345,0.9969969987869263,0.6714714765548706
YKL067W,YBL026W,0,-2.2879777,0.12925831973552704,0.9969969987869263,0.6716216206550598
YOR142W-B,YKL166C,0,-2.2896163,0.12923316657543182,0.9969969987869263,0.671771764755249
YER055C,YBL085W,0,-2.29054,0.1292080134153366,0.9969969987869263,0.6719219088554382
YJL194W,YLR213C,0,-2.291419,0.1291828751564026,0.9969969987869263,0.6720720529556274
YOR142W-A,YJL128C,0,-2.2933445,0.12915775179862976,0.9969969987869263,0.6722221970558167
YIL088C,YOR187W,0,-2.2935734,0.12913262844085693,0.9969969987869263,0.6723724007606506
YDR512C,YHR059W,0,-2.2942429,0.1291075199842453,0.9969969987869263,0.6725225448608398
YGR252W,YOR393W,0,-2.2945337,0.12908242642879486,0.9969969987869263,0.672672688961029
YDL142C,YER074W,0,-2.294783,0.12905733287334442,0.9969969987869263,0.6728228330612183
YNL267W,YML045W-A,0,-2.2954,0.12903225421905518,0.9969969987869263,0.6729729771614075
YGL237C,YLR141W,0,-2.2954535,0.12900719046592712,0.9969969987869263,0.6731231212615967
YDR210C-C,YLR047C,0,-2.2955036,0.12898212671279907,0.9969969987869263,0.6732732653617859
YOR142W-B,YMR180C,0,-2.2957654,0.12895707786083221,0.9969969987869263,0.6734234094619751
YOR071C,YMR296C,0,-2.2959929,0.12893204391002655,0.9969969987869263,0.6735735535621643
YGR052W,YDR210C-C,0,-2.2963097,0.1289070099592209,0.9969969987869263,0.6737236976623535
YJR057W,YOR393W,0,-2.2970445,0.12888199090957642,0.9969969987869263,0.6738739013671875
YKR069W,YOR294W,0,-2.2975976,0.12885697185993195,0.9969969987869263,0.6740240454673767
YKL013C,YPL244C,0,-2.2984548,0.12883198261260986,0.9969969987869263,0.6741741895675659
YNL284C-A,YGL212W,0,-2.2999754,0.1288069784641266,0.9969969987869263,0.6743243336677551
YGR246C,YJR083C,0,-2.3004103,0.1287820041179657,0.9969969987869263,0.6744744777679443
YPR158C-C,YLL040C,0,-2.3005743,0.1287570297718048,0.9969969987869263,0.6746246218681335
YER190W,YFL017W-A,0,-2.3008327,0.12873207032680511,0.9969969987869263,0.6747747659683228
YKL200C,YML128C,0,-2.301085,0.12870711088180542,0.9969969987869263,0.674924910068512
YOR226C,YFR036W,0,-2.301275,0.12868216633796692,0.9969969987869263,0.6750750541687012
YOR291W,YNL202W,0,-2.3036802,0.1286572366952896,0.9969969987869263,0.6752251982688904
YKL093W,YGL062W,0,-2.3048167,0.1286323070526123,0.9969969987869263,0.6753754019737244
YDR081C,YDR392W,0,-2.3051891,0.1286073923110962,0.9969969987869263,0.6755255460739136
YBR066C,YOR355W,0,-2.3070505,0.12858249247074127,0.9969969987869263,0.6756756901741028
YOR074C,YBR093C,0,-2.3081365,0.12855759263038635,0.9969969987869263,0.675825834274292
YGL083W,YPL065W,0,-2.3083498,0.12853270769119263,0.9969969987869263,0.6759759783744812
YPL139C,YAL039C,0,-2.3088305,0.1285078376531601,0.9969969987869263,0.6761261224746704
YDR371W,YKR057W,0,-2.3090024,0.12848296761512756,0.9969969987869263,0.6762762665748596
YHR060W,YMR173W,0,-2.310177,0.12845811247825623,0.9969969987869263,0.6764264106750488
YPL151C,YPR133W-A,0,-2.310382,0.12843327224254608,0.9969969987869263,0.676576554775238
YLR073C,YJL006C,0,-2.3115375,0.12840843200683594,0.9969969987869263,0.6767266988754272
YOR310C,YMR238W,0,-2.3125544,0.128383606672287,0.9969969987869263,0.6768769025802612
YHR039C-A,YBR243C,0,-2.3155081,0.12835878133773804,0.9969969987869263,0.6770270466804504
YKL090W,YCL026C-B,0,-2.3167202,0.12833397090435028,0.9969969987869263,0.6771771907806396
YGR109W-B,YMR090W,0,-2.3167286,0.12830917537212372,0.9969969987869263,0.6773273348808289
YOR106W,YDL202W,0,-2.3171062,0.12828439474105835,0.9969969987869263,0.6774774789810181
YER013W,YPL183W-A,0,-2.3177726,0.12825961410999298,0.9969969987869263,0.6776276230812073
YGR246C,YAL039C,0,-2.3177981,0.1282348334789276,0.9969969987869263,0.6777777671813965
YNL284C-A,YOR194C,0,-2.3189929,0.12821008265018463,0.9969969987869263,0.6779279112815857
YDR144C,YBR066C,0,-2.3190947,0.12818533182144165,0.9969969987869263,0.6780780553817749
YGL122C,YNL006W,0,-2.3202858,0.12816058099269867,0.9969969987869263,0.6782281994819641
YDR138W,YCR012W,0,-2.320507,0.12813585996627808,0.9969969987869263,0.6783784031867981
YNL261W,YBR150C,0,-2.3209124,0.12811113893985748,0.9969969987869263,0.6785285472869873
YLR050C,YJL082W,0,-2.3217824,0.1280864179134369,0.9969969987869263,0.6786786913871765
YPR200C,YIL132C,0,-2.3218124,0.1280617117881775,0.9969969987869263,0.6788288354873657
YJL087C,YPR144C,0,-2.3224354,0.12803702056407928,0.9969969987869263,0.6789789795875549
YDL059C,YNL163C,0,-2.3234901,0.12801234424114227,0.9969969987869263,0.6791291236877441
YNL273W,YDR081C,0,-2.3240724,0.12798766791820526,0.9969969987869263,0.6792792677879333
YOR147W,YMR038C,0,-2.3245916,0.12796299159526825,0.9969969987869263,0.6794294118881226
YLL051C,YGL216W,0,-2.3247063,0.12793834507465363,0.9969969987869263,0.6795795559883118
YER014C-A,YLR020C,0,-2.3259552,0.127913698554039,0.9969969987869263,0.679729700088501
YFR045W,YLR227W-B,0,-2.3260078,0.12788906693458557,0.9969969987869263,0.679879903793335
YDR310C,YER125W,0,-2.3265407,0.12786443531513214,0.9969969987869263,0.6800300478935242
YPR158C-C,YDR146C,0,-2.3267243,0.1278398185968399,0.9969969987869263,0.6801801919937134
YJL214W,YBL089W,0,-2.326919,0.12781520187854767,0.9969969987869263,0.6803303360939026
YBL079W,YNL298W,0,-2.3280544,0.12779061496257782,0.9969969987869263,0.6804804801940918
YKL124W,YBR072W,0,-2.3282719,0.12776601314544678,0.9969969987869263,0.680630624294281
YNL307C,YAR031W,0,-2.328747,0.12774144113063812,0.9969969987869263,0.6807807683944702
YDL107W,YPL064C,0,-2.329595,0.12771686911582947,0.9969969987869263,0.6809309124946594
YJL079C,YPL274W,0,-2.3307097,0.127692312002182,0.9969969987869263,0.6810810565948486
YKL009W,YHL027W,0,-2.331083,0.12766775488853455,0.9969969987869263,0.6812312602996826
YOR142W-B,YJR083C,0,-2.3331108,0.12764321267604828,0.9969969987869263,0.6813814043998718
YLL004W,YCR057C,0,-2.333281,0.1276186853647232,0.9969969987869263,0.681531548500061
YEL031W,YDR081C,0,-2.333437,0.12759415805339813,0.9969969987869263,0.6816816926002502
YML080W,YCR097WB,0,-2.3339467,0.12756964564323425,0.9969969987869263,0.6818318367004395
YOR212W,YLR050C,0,-2.3340397,0.12754513323307037,0.9969969987869263,0.6819819808006287
YPR191W,YOR324C,0,-2.3348951,0.12752065062522888,0.9969969987869263,0.6821321249008179
YNR067C,YJR040W,0,-2.3351145,0.1274961531162262,0.9969969987869263,0.6822822690010071
YPL180W,YHR079C,0,-2.3375227,0.1274716854095459,0.9969969987869263,0.6824324131011963
YLR383W,YGL203C,0,-2.3406258,0.1274472177028656,0.9969969987869263,0.6825825572013855
YMR123W,YGR271W,0,-2.3416152,0.1274227648973465,0.9969969987869263,0.6827327609062195
YPL083C,YOR349W,0,-2.3416266,0.1273983120918274,0.9969969987869263,0.6828829050064087
YOR142W-A,YDL035C,0,-2.3423703,0.12737387418746948,0.9969969987869263,0.6830330491065979
YCR060W,YDL128W,0,-2.342503,0.12734945118427277,0.9969969987869263,0.6831831932067871
YNL271C,YGR034W,0,-2.3427663,0.12732502818107605,0.9969969987869263,0.6833333373069763
YML097C,YOR299W,0,-2.3429337,0.12730062007904053,0.9969969987869263,0.6834834814071655
YDR419W,YHR179W,0,-2.343164,0.127276211977005,0.9969969987869263,0.6836336255073547
YBR067C,YKL067W,0,-2.3436224,0.12725181877613068,0.9969969987869263,0.683783769607544
YER117W,YDR131C,0,-2.3443828,0.12722744047641754,0.9969969987869263,0.6839339137077332
YMR117C,YPR001W,0,-2.3450315,0.1272030621767044,0.9969969987869263,0.6840840578079224
YLR244C,YJL141C,0,-2.347776,0.12717869877815247,0.9969969987869263,0.6842342615127563
YFR013W,YBR238C,0,-2.3480582,0.12715435028076172,0.9969969987869263,0.6843844056129456
YLR029C,YML071C,0,-2.3480701,0.12713000178337097,0.9969969987869263,0.6845345497131348
YPR011C,YCR055C,0,-2.3482661,0.12710566818714142,0.9969969987869263,0.684684693813324
YNR067C,YHL034C,0,-2.3503084,0.12708133459091187,0.9969969987869263,0.6848348379135132
YBR115C,YCL026C-B,0,-2.3503113,0.1270570158958435,0.9969969987869263,0.6849849820137024
YGR118W,YLR224W,0,-2.3513827,0.12703271210193634,0.9969969987869263,0.6851351261138916
YCR052W,YBL034C,0,-2.352385,0.12700842320919037,0.9969969987869263,0.6852852702140808
YFL038C,YBL101W-B,0,-2.3524003,0.1269841343164444,0.9969969987869263,0.68543541431427
YBR170C,YKL210W,0,-2.3525727,0.12695984542369843,0.9969969987869263,0.6855855584144592
YLR429W,YGR089W,0,-2.3526402,0.12693557143211365,0.9969969987869263,0.6857357621192932
YGR288W,YPL274W,0,-2.3527393,0.12691131234169006,0.9969969987869263,0.6858859062194824
YKR008W,YKR026C,0,-2.3540823,0.12688706815242767,0.9969969987869263,0.6860360503196716
YGL112C,YKR101W,0,-2.354567,0.12686282396316528,0.9969969987869263,0.6861861944198608
YLR305C,YDL208W,0,-2.3556986,0.1268385797739029,0.9969969987869263,0.68633633852005
YLR219W,YLR264W,0,-2.3558748,0.1268143653869629,0.9969969987869263,0.6864864826202393
YNL261W,YNL044W,0,-2.3560205,0.1267901510000229,0.9969969987869263,0.6866366267204285
YHR079C,YNL219C,0,-2.356391,0.12676593661308289,0.9969969987869263,0.6867867708206177
YPL094C,YCL024W,0,-2.3570638,0.12674175202846527,0.9969969987869263,0.6869369149208069
YDR210C-C,YEL053C,0,-2.35777,0.12671755254268646,0.9969969987869263,0.6870870590209961
YML030W,YDR364C,0,-2.3585024,0.12669338285923004,0.9969969987869263,0.6872372627258301
YDR137W,YBL029C-A,0,-2.3590584,0.12666921317577362,0.9969969987869263,0.6873874068260193
YBL058W,YER046W,0,-2.359604,0.1266450434923172,0.9969969987869263,0.6875375509262085
YOR038C,YHR168W,0,-2.3620553,0.12662090361118317,0.9969969987869263,0.6876876950263977
YLR020C,YLR391W,0,-2.362849,0.12659676373004913,0.9969969987869263,0.6878378391265869
YDR030C,YLR452C,0,-2.3633192,0.1265726238489151,0.9969969987869263,0.6879879832267761
YJL103C,YCL026C-B,0,-2.364559,0.12654849886894226,0.9969969987869263,0.6881381273269653
YNL273W,YGR239C,0,-2.364842,0.12652438879013062,0.9969969987869263,0.6882882714271545
YGL212W,YLR088W,0,-2.3648949,0.12650027871131897,0.9969969987869263,0.6884384155273438
YDR079W,YPL200W,0,-2.3666153,0.12647618353366852,0.9969969987869263,0.688588559627533
YBR196C,YGL046W,0,-2.3667755,0.12645210325717926,0.9969969987869263,0.6887387633323669
YLR005W,YDR353W,0,-2.3670585,0.12642802298069,0.9969969987869263,0.6888889074325562
YNL236W,YJL085W,0,-2.3684635,0.12640395760536194,0.9969969987869263,0.6890390515327454
YER098W,YGR034W,0,-2.3686013,0.12637990713119507,0.9969969987869263,0.6891891956329346
YGL170C,YPL167C,0,-2.3686914,0.1263558566570282,0.9969969987869263,0.6893393397331238
YGL019W,YER019C-A,0,-2.3688822,0.12633180618286133,0.9969969987869263,0.689489483833313
YMR145C,YJL085W,0,-2.369129,0.12630778551101685,0.9969969987869263,0.6896396279335022
YKL097W-A,YPR043W,0,-2.369145,0.12628376483917236,0.9969969987869263,0.6897897720336914
YOR382W,YER087C-B,0,-2.3701017,0.12625974416732788,0.9969969987869263,0.6899399161338806
YOL057W,YGL113W,0,-2.3705523,0.1262357383966446,0.9969969987869263,0.6900901198387146
YGR109W-B,YPL007C,0,-2.3709064,0.1262117475271225,0.9969969987869263,0.6902402639389038
YCL043C,YGR143W,0,-2.3716285,0.1261877566576004,0.9969969987869263,0.690390408039093
YPR137C-A,YCL034W,0,-2.3719018,0.1261637806892395,0.9969969987869263,0.6905405521392822
YLR268W,YCL026C-B,0,-2.3726306,0.1261398196220398,0.9969969987869263,0.6906906962394714
YLR359W,YHR119W,0,-2.37427,0.1261158585548401,0.9969969987869263,0.6908408403396606
YBL058W,YNR006W,0,-2.3743098,0.12609191238880157,0.9969969987869263,0.6909909844398499
YAL060W,YOR098C,0,-2.3745685,0.12606796622276306,0.9969969987869263,0.6911411285400391
YBR002C,YAR035W,0,-2.3746846,0.12604403495788574,0.9969969987869263,0.6912912726402283
YKL041W,YDR210C-C,0,-2.3761728,0.12602011859416962,0.9969969987869263,0.6914414167404175
YDR144C,YGL062W,0,-2.3781455,0.1259962022304535,0.9969969987869263,0.6915916204452515
YPR137C-A,YBR257W,0,-2.378623,0.12597230076789856,0.9969969987869263,0.6917417645454407
YPR137W,YPL183W-A,0,-2.3790429,0.12594839930534363,0.9969969987869263,0.6918919086456299
YDR405W,YLL004W,0,-2.3828402,0.12592452764511108,0.9969969987869263,0.6920420527458191
YML045W-A,YGL233W,0,-2.3831882,0.12590064108371735,0.9969969987869263,0.6921921968460083
YMR146C,YLR350W,0,-2.3839028,0.125876784324646,0.9969969987869263,0.6923423409461975
YNL282W,YKL210W,0,-2.3844981,0.12585291266441345,0.9969969987869263,0.6924924850463867
YEL022W,YJL191W,0,-2.385365,0.1258290708065033,0.9969969987869263,0.6926426291465759
YHR059W,YDR159W,0,-2.3855736,0.12580522894859314,0.9969969987869263,0.6927927732467651
YOR145C,YPL200W,0,-2.3863149,0.12578140199184418,0.9969969987869263,0.6929429173469543
YNL223W,YBL089W,0,-2.3864589,0.12575757503509521,0.9969969987869263,0.6930931210517883
YGL122C,YOR378W,0,-2.3871007,0.12573376297950745,0.9969969987869263,0.6932432651519775
YLR024C,YBL026W,0,-2.387436,0.12570995092391968,0.9969969987869263,0.6933934092521667
YPR189W,YBR271W,0,-2.3876486,0.1256861686706543,0.9969969987869263,0.693543553352356
YGR085C,YJR034W,0,-2.38876,0.12566237151622772,0.9969969987869263,0.6936936974525452
YER145C,YPR159W,0,-2.3889332,0.12563860416412354,0.9969969987869263,0.6938438415527344
YKL097W-A,YOR393W,0,-2.3889925,0.12561483681201935,0.9969969987869263,0.6939939856529236
YOL104C,YDL039C,0,-2.3890533,0.12559106945991516,0.9969969987869263,0.6941441297531128
YHR004C,YCL060C,0,-2.3891792,0.12556731700897217,0.9969969987869263,0.694294273853302
YGR161W-B,YDR423C,0,-2.389693,0.12554357945919037,0.9969969987869263,0.6944444179534912
YFR001W,YJL079C,0,-2.3902094,0.12551984190940857,0.9969969987869263,0.6945946216583252
YLR206W,YLL033W,0,-2.3902988,0.12549611926078796,0.9969969987869263,0.6947447657585144
YLR203C,YPL147W,0,-2.391219,0.12547241151332855,0.9969969987869263,0.6948949098587036
YER013W,YMR117C,0,-2.3914392,0.12544870376586914,0.9969969987869263,0.6950450539588928
YLR153C,YDR151C,0,-2.3928626,0.12542501091957092,0.9969969987869263,0.695195198059082
YDL028C,YPL273W,0,-2.3933437,0.1254013180732727,0.9969969987869263,0.6953453421592712
YPR167C,YOR162C,0,-2.3935099,0.12537764012813568,0.9969969987869263,0.6954954862594604
YJR006W,YNL307C,0,-2.3936636,0.12535397708415985,0.9969969987869263,0.6956456303596497
YGR118W,YBR141C,0,-2.393834,0.12533031404018402,0.9969969987869263,0.6957957744598389
YLR429W,YKL203C,0,-2.3941948,0.12530666589736938,0.9969969987869263,0.6959459185600281
YML112W,YPL257W-B,0,-2.3952422,0.12528301775455475,0.9969969987869263,0.6960961222648621
YPL083C,YOL028C,0,-2.396138,0.1252593845129013,0.9969969987869263,0.6962462663650513
YOR074C,YBL112C,0,-2.3969026,0.12523576617240906,0.9969969987869263,0.6963964104652405
YKL007W,YOR313C,0,-2.3971148,0.1252121478319168,0.9969969987869263,0.6965465545654297
YLR344W,YCL026C-B,0,-2.3973408,0.12518854439258575,0.9969969987869263,0.6966966986656189
YNR067C,YNR057C,0,-2.3975158,0.1251649409532547,0.9969969987869263,0.6968468427658081
YIL143C,YIL139C,0,-2.3979511,0.12514135241508484,0.9969969987869263,0.6969969868659973
YGR246C,YNL239W,0,-2.3983183,0.12511776387691498,0.9969969987869263,0.6971471309661865
YPL094C,YKL082C,0,-2.3984754,0.1250941902399063,0.9969969987869263,0.6972972750663757
YJL081C,YLL027W,0,-2.3986301,0.12507063150405884,0.9969969987869263,0.6974474191665649
YOL070C,YDL084W,0,-2.3987088,0.12504708766937256,0.9969969987869263,0.6975976228713989
YOL145C,YPL007C,0,-2.3992796,0.12502352893352509,0.9969969987869263,0.6977477669715881
YJL194W,YLR429W,0,-2.3997087,0.125,0.9969969987869263,0.6978979110717773
YFL057C,YLR050C,0,-2.3997917,0.12497647106647491,0.9969969987869263,0.6980480551719666
YER125W,YHR005C-A,0,-2.4015665,0.12495295703411102,0.9969969987869263,0.6981981992721558
YOR275C,YML109W,0,-2.4021828,0.12492944300174713,0.9969969987869263,0.698348343372345
YML045W-A,YLR151C,0,-2.403386,0.12490594387054443,0.9969969987869263,0.6984984874725342
YMR112C,YGL014W,0,-2.4047446,0.12488245218992233,0.9969969987869263,0.6986486315727234
YLR105C,YKL210W,0,-2.4058588,0.12485896795988083,0.9969969987869263,0.6987987756729126
YDL217C,YJL187C,0,-2.4059515,0.12483549863100052,0.9969969987869263,0.6989489197731018
YGL083W,YNL302C,0,-2.4060693,0.12481202930212021,0.9969969987869263,0.6990991234779358
YPR182W,YNR074C,0,-2.4090762,0.12478857487440109,0.9969969987869263,0.699249267578125
YGR169C,YKL186C,0,-2.409975,0.12476512789726257,0.9969969987869263,0.6993994116783142
YGR077C,YKL197C,1,-2.4103782,0.12492954730987549,0.9984984993934631,0.6993994116783142
YMR038C,YER130C,0,-2.4109325,0.12490608543157578,0.9984984993934631,0.6995495557785034
YOL142W,YOR215C,0,-2.4111829,0.12488263100385666,0.9984984993934631,0.6996996998786926
YIR005W,YBL092W,0,-2.4115415,0.12485918402671814,0.9984984993934631,0.6998498439788818
YER150W,YHR057C,0,-2.4117894,0.12483574450016022,0.9984984993934631,0.699999988079071
YKR055W,YCR012W,0,-2.4121616,0.12481231242418289,0.9984984993934631,0.7001501321792603
YOR148C,YNL262W,0,-2.4122472,0.12478888779878616,0.9984984993934631,0.7003002762794495
YLR289W,YGR012W,0,-2.413126,0.12476547807455063,0.9984984993934631,0.7004504799842834
YER014C-A,YDR389W,0,-2.4136786,0.12474207580089569,0.9984984993934631,0.7006006240844727
YNL284C-A,YNR010W,0,-2.414341,0.12471868097782135,0.9984984993934631,0.7007507681846619
YJL034W,YGR161W-B,0,-2.415309,0.1246952936053276,0.9984984993934631,0.7009009122848511
YOR025W,YGR072W,0,-2.4164622,0.12467191368341446,0.9984984993934631,0.7010510563850403
YOL010W,YEL012W,0,-2.4189944,0.1246485486626625,0.9984984993934631,0.7012012004852295
YDR527W,YBL076C,0,-2.4197838,0.12462519109249115,0.9984984993934631,0.7013513445854187
YNL284C-A,YCL032W,0,-2.4201822,0.1246018335223198,0.9984984993934631,0.7015014886856079
YKL210W,YIL079C,0,-2.4204946,0.12457849085330963,0.9984984993934631,0.7016516327857971
YLR182W,YBR155W,0,-2.4209824,0.12455516308546066,0.9984984993934631,0.7018017768859863
YOR323C,YDR492W,0,-2.422368,0.1245318353176117,0.9984984993934631,0.7019519805908203
YPR200C,YIR038C,0,-2.4225118,0.12450852245092392,0.9984984993934631,0.7021021246910095
YDR205W,YCR080W,0,-2.4226198,0.12448520958423615,0.9984984993934631,0.7022522687911987
YDR263C,YJL071W,0,-2.424017,0.12446191161870956,0.9984984993934631,0.7024024128913879
YBR238C,YKR069W,0,-2.424406,0.12443862110376358,0.9984984993934631,0.7025525569915771
YNL163C,YOL026C,0,-2.4250045,0.1244153380393982,0.9984984993934631,0.7027027010917664
YPL082C,YOL104C,0,-2.4250073,0.124392069876194,0.9984984993934631,0.7028528451919556
YBR187W,YPR091C,0,-2.425032,0.12436880171298981,0.9984984993934631,0.7030029892921448
YKL078W,YDR207C,0,-2.4257617,0.12434554845094681,0.9984984993934631,0.703153133392334
YNR074C,YIL094C,0,-2.4258552,0.1243223026394844,0.9984984993934631,0.7033032774925232
YOR283W,YIL159W,0,-2.428074,0.1242990642786026,0.9984984993934631,0.7034534811973572
YMR241W,YBR031W,0,-2.429401,0.12427583336830139,0.9984984993934631,0.7036036252975464
YFR031C,YMR200W,0,-2.4300408,0.12425261735916138,0.9984984993934631,0.7037537693977356
YNL172W,YMR218C,0,-2.4311097,0.12422940135002136,0.9984984993934631,0.7039039134979248
YKL007W,YLR268W,0,-2.4314835,0.12420620024204254,0.9984984993934631,0.704054057598114
YJR082C,YGL225W,0,-2.431768,0.12418300658464432,0.9984984993934631,0.7042042016983032
YIL079C,YJL085W,0,-2.432498,0.12415982037782669,0.9984984993934631,0.7043543457984924
YAR002C-A,YJR101W,0,-2.4326046,0.12413664162158966,0.9984984993934631,0.7045044898986816
YDL107W,YLR390W,0,-2.4341083,0.12411347776651382,0.9984984993934631,0.7046546339988708
YHR079C,YPR160W,0,-2.434496,0.12409031391143799,0.9984984993934631,0.7048047780990601
YOR283W,YOL052C,0,-2.4346201,0.12406716495752335,0.9984984993934631,0.704954981803894
YNL274C,YDR109C,0,-2.4348295,0.1240440234541893,0.9984984993934631,0.7051051259040833
YOR215C,YCR097WB,0,-2.4354744,0.12402088940143585,0.9984984993934631,0.7052552700042725
YDR306C,YKL182W,0,-2.436177,0.123997762799263,0.9984984993934631,0.7054054141044617
YML045W-A,YOR215C,0,-2.4363146,0.12397464364767075,0.9984984993934631,0.7055555582046509
YBR196C,YDR416W,0,-2.438127,0.12395153939723969,0.9984984993934631,0.7057057023048401
YNL232W,YJL024C,0,-2.4390502,0.12392843514680862,0.9984984993934631,0.7058558464050293
YDL121C,YBR173C,0,-2.4392774,0.12390534579753876,0.9984984993934631,0.7060059905052185
YDR144C,YMR300C,0,-2.439424,0.12388226389884949,0.9984984993934631,0.7061561346054077
YLR359W,YLR227W-B,0,-2.4400978,0.12385918945074081,0.9984984993934631,0.7063062787055969
YPR187W,YOR008C,0,-2.4403546,0.12383612990379333,0.9984984993934631,0.7064564824104309
YBL034C,YDL148C,0,-2.4414675,0.12381307035684586,0.9984984993934631,0.7066066265106201
YIL139C,YOL040C,0,-2.4435167,0.12379002571105957,0.9984984993934631,0.7067567706108093
YGR056W,YGL103W,0,-2.4436984,0.12376698106527328,0.9984984993934631,0.7069069147109985
YMR246W,YFL021W,0,-2.446011,0.1237439513206482,0.9984984993934631,0.7070570588111877
YMR078C,YKL001C,0,-2.4464064,0.1237209290266037,0.9984984993934631,0.707207202911377
YPR035W,YKR028W,0,-2.448422,0.1236979141831398,0.9984984993934631,0.7073573470115662
YDR451C,YCR087C-A,0,-2.449491,0.1236749142408371,0.9984984993934631,0.7075074911117554
YER014C-A,YOR204W,0,-2.4495115,0.1236519142985344,0.9984984993934631,0.7076576352119446
YLR113W,YBR075W,0,-2.4503512,0.12362892925739288,0.9984984993934631,0.7078077793121338
YDR159W,YLL040C,0,-2.451448,0.12360595166683197,0.9984984993934631,0.7079579830169678
YLL008W,YJR053W,0,-2.4515464,0.12358297407627106,0.9984984993934631,0.708108127117157
YOR304C-A,YOL102C,0,-2.451596,0.12356001138687134,0.9984984993934631,0.7082582712173462
YIL143C,YBR059C,0,-2.4516816,0.12353706359863281,0.9984984993934631,0.7084084153175354
YOR393W,YIL047C,0,-2.4521856,0.12351411581039429,0.9984984993934631,0.7085585594177246
YKL161C,YCL024W,0,-2.4538443,0.12349118292331696,0.9984984993934631,0.7087087035179138
YLR359W,YOL090W,0,-2.4542835,0.12346825003623962,0.9984984993934631,0.708858847618103
YNL273W,YKL096W-A,0,-2.4554663,0.12344533205032349,0.9984984993934631,0.7090089917182922
YLR024C,YJL006C,0,-2.4557834,0.12342242151498795,0.9984984993934631,0.7091591358184814
YML045W-A,YBR243C,0,-2.456972,0.123399518430233,0.9984984993934631,0.7093092799186707
YFR013W,YGR255C,0,-2.4572096,0.12337662279605865,0.9984984993934631,0.7094594836235046
YKL182W,YJR101W,0,-2.4586124,0.1233537346124649,0.9984984993934631,0.7096096277236938
YLL027W,YGL103W,0,-2.459073,0.12333086133003235,0.9984984993934631,0.7097597718238831
YBR202W,YBR072W,0,-2.4594116,0.12330799549818039,0.9984984993934631,0.7099099159240723
YLL041C,YLL033W,0,-2.4610775,0.12328512966632843,0.9984984993934631,0.7100600600242615
YOR106W,YDL140C,0,-2.4611359,0.12326227873563766,0.9984984993934631,0.7102102041244507
YCR080W,YOL151W,0,-2.4616258,0.1232394352555275,0.9984984993934631,0.7103603482246399
YPR189W,YNR006W,0,-2.4627087,0.12321659922599792,0.9984984993934631,0.7105104923248291
YOR343W-B,YHR058C,0,-2.4633083,0.12319377809762955,0.9984984993934631,0.7106606364250183
YER171W,YDR140W,0,-2.4634807,0.12317095696926117,0.9984984993934631,0.7108108401298523
YJR092W,YNL110C,0,-2.4640713,0.12314815074205399,0.9984984993934631,0.7109609842300415
YNR067C,YNL284C,0,-2.4645023,0.1231253445148468,0.9984984993934631,0.7111111283302307
YNL079C,YNL302C,0,-2.464766,0.12310255318880081,0.9984984993934631,0.7112612724304199
YGL172W,YGR036C,0,-2.4651132,0.12307976931333542,0.9984984993934631,0.7114114165306091
YJR006W,YGL169W,0,-2.465423,0.12305699288845062,0.9984984993934631,0.7115615606307983
YMR137C,YKR069W,0,-2.4661808,0.12303422391414642,0.9984984993934631,0.7117117047309875
YDL225W,YBR074W,0,-2.4662201,0.12301146984100342,0.9984984993934631,0.7118618488311768
YIL139C,YFR019W,0,-2.466383,0.12298871576786041,0.9984984993934631,0.712011992931366
YBR066C,YOR126C,0,-2.4666038,0.1229659765958786,0.9984984993934631,0.7121621370315552
YDR233C,YNL175C,0,-2.4667158,0.12294324487447739,0.9984984993934631,0.7123123407363892
YBR187W,YFR052W,0,-2.4674995,0.12292052060365677,0.9984984993934631,0.7124624848365784
YJL112W,YOR313C,0,-2.4679022,0.12289780378341675,0.9984984993934631,0.7126126289367676
YLR305C,YGL051W,0,-2.4679494,0.12287509441375732,0.9984984993934631,0.7127627730369568
YOR283W,YOR020C,0,-2.4689631,0.1228523924946785,0.9984984993934631,0.712912917137146
YJR092W,YKL038W,0,-2.4697232,0.12282969802618027,0.9984984993934631,0.7130630612373352
YKR019C,YGL046W,0,-2.470511,0.12280701845884323,0.9984984993934631,0.7132132053375244
YFL033C,YER074W,0,-2.4705997,0.12278434634208679,0.9984984993934631,0.7133633494377136
YMR054W,YBR095C,0,-2.4720135,0.12276167422533035,0.9984984993934631,0.7135134935379028
YLR206W,YIR039C,0,-2.473145,0.12273901700973511,0.9984984993934631,0.713663637638092
YJR028W,YFL035C,0,-2.4742873,0.12271636724472046,0.9984984993934631,0.713813841342926
YDR492W,YJR149W,0,-2.4745545,0.12269372493028641,0.9984984993934631,0.7139639854431152
YOL043C,YIL170W,0,-2.4747567,0.12267109751701355,0.9984984993934631,0.7141141295433044
YPL099C,YNR013C,0,-2.4758155,0.12264847010374069,0.9984984993934631,0.7142642736434937
YDR285W,YMR229C,0,-2.47613,0.12262585014104843,0.9984984993934631,0.7144144177436829
YDL111C,YER017C,0,-2.4761999,0.12260324507951736,0.9984984993934631,0.7145645618438721
YER185W,YBR031W,0,-2.47689,0.1225806474685669,0.9984984993934631,0.7147147059440613
YMR038C,YCL003W,0,-2.4790118,0.12255805730819702,0.9984984993934631,0.7148648500442505
YNL178W,YKL097W-A,0,-2.4790668,0.12253546714782715,0.9984984993934631,0.7150149941444397
YNL008C,YBR072W,0,-2.4795742,0.12251289933919907,0.9984984993934631,0.7151651382446289
YDR159W,YNL078W,0,-2.4795916,0.12249033153057098,0.9984984993934631,0.7153153419494629
YEL069C,YEL041W,0,-2.4797049,0.1224677711725235,0.9984984993934631,0.7154654860496521
YOL090W,YDL035C,0,-2.4807916,0.12244521826505661,0.9984984993934631,0.7156156301498413
YMR038C,YBL028C,0,-2.480934,0.12242268025875092,0.9984984993934631,0.7157657742500305
YLR145W,YKL094W,0,-2.4814944,0.12240014970302582,0.9984984993934631,0.7159159183502197
YOL062C,YMR075W,0,-2.481699,0.12237761914730072,0.9984984993934631,0.7160660624504089
YPL180W,YCR052W,0,-2.4820237,0.12235510349273682,0.9984984993934631,0.7162162065505981
YJR028W,YLR391W,0,-2.4827683,0.12233259528875351,0.9984984993934631,0.7163663506507874
YGR169C,YGL190C,0,-2.4827728,0.1223100945353508,0.9984984993934631,0.7165164947509766
YBL091C-A,YBR287W,0,-2.4849002,0.12228760868310928,0.9984984993934631,0.7166666388511658
YJR031C,YMR239C,0,-2.4855309,0.12226512283086777,0.9984984993934631,0.7168168425559998
YDL246C,YPL200W,0,-2.4855342,0.12224264442920685,0.9984984993934631,0.716966986656189
YNL284C-A,YLR291C,0,-2.4860005,0.12222018092870712,0.9984984993934631,0.7171171307563782
YDR530C,YOR230W,0,-2.486248,0.122197724878788,0.9984984993934631,0.7172672748565674
YEL052W,YMR032W,0,-2.4863265,0.12217526882886887,0.9984984993934631,0.7174174189567566
YLR383W,YDR207C,0,-2.4867632,0.12215282768011093,0.9984984993934631,0.7175675630569458
YDR210C-C,YDR059C,0,-2.4871264,0.1221303939819336,0.9984984993934631,0.717717707157135
YGR077C,YGR239C,1,-2.4874306,0.12229158729314804,1.0,0.717717707157135
YGR216C,YFL045C,0,-2.4888995,0.12226913869380951,1.0,0.7178678512573242
YCR093W,YMR172W,0,-2.4889007,0.12224669754505157,1.0,0.7180179953575134
YBR155W,YLR256W-A,0,-2.4896202,0.12222426384687424,1.0,0.7181681394577026
YDR411C,YNL073W,0,-2.4902043,0.1222018375992775,1.0,0.7183183431625366
YIL143C,YJL225C,0,-2.4918272,0.12217941880226135,1.0,0.7184684872627258
YNL107W,YKL067W,0,-2.4931114,0.1221570074558258,1.0,0.718618631362915
YPL259C,YOR311C,0,-2.4933,0.12213460355997086,1.0,0.7187687754631042
YAR002C-A,YDR494W,0,-2.4940474,0.1221122145652771,1.0,0.7189189195632935
YOR071C,YDR260C,0,-2.495647,0.12208982557058334,1.0,0.7190690636634827
YOR377W,YOR209C,0,-2.4964485,0.12206745147705078,1.0,0.7192192077636719
YCL024W,YCR080W,0,-2.4974408,0.12204507738351822,1.0,0.7193693518638611
YLR129W,YPR127W,0,-2.4980407,0.12202271819114685,1.0,0.7195194959640503
YPR158C-C,YNL208W,0,-2.5007675,0.12200036644935608,1.0,0.7196696400642395
YOR279C,YNL302C,0,-2.5010948,0.1219780221581459,1.0,0.7198198437690735
YKL170W,YPL098C,0,-2.504222,0.12195568531751633,1.0,0.7199699878692627
YLR005W,YJR140C,0,-2.5048459,0.12193335592746735,1.0,0.7201201319694519
YDR146C,YPR198W,0,-2.5056448,0.12191104143857956,1.0,0.7202702760696411
YBR247C,YEL030W,0,-2.5065312,0.12188872694969177,1.0,0.7204204201698303
YOR038C,YHR057C,0,-2.5067058,0.12186641991138458,1.0,0.7205705642700195
YML097C,YFR033C,0,-2.507921,0.12184412777423859,1.0,0.7207207083702087
YGL068W,YMR025W,0,-2.5080786,0.12182184308767319,1.0,0.720870852470398
YGR175C,YDR195W,0,-2.508633,0.12179955840110779,1.0,0.7210209965705872
YGR052W,YLR429W,0,-2.5087414,0.12177728861570358,1.0,0.7211712002754211
YFR018C,YDR461W,0,-2.508994,0.12175502628087997,1.0,0.7213213443756104
YBL101W-B,YNL032W,0,-2.5094,0.12173277139663696,1.0,0.7214714884757996
YLL002W,YPR200C,0,-2.510183,0.12171052396297455,1.0,0.7216216325759888
YPL180W,YCL060C,0,-2.5107245,0.12168829143047333,1.0,0.721771776676178
YML058W-A,YAL016W,0,-2.5111063,0.1216660588979721,1.0,0.7219219207763672
YER014C-A,YPR091C,0,-2.5116444,0.12164383381605148,1.0,0.7220720648765564
YKL117W,YER171W,0,-2.5116835,0.12162162363529205,1.0,0.7222222089767456
YOR378W,YMR173W,0,-2.5119643,0.12159941345453262,1.0,0.7223723530769348
YLL040C,YLR325C,0,-2.5125146,0.12157721817493439,1.0,0.722522497177124
YDR530C,YAR035W,0,-2.5132754,0.12155503034591675,1.0,0.722672700881958
YOL070C,YLR316C,0,-2.5136042,0.1215328499674797,1.0,0.7228228449821472
YKL170W,YIL177C,0,-2.5138211,0.12151066958904266,1.0,0.7229729890823364
YOR147W,YLR113W,0,-2.5141296,0.12148851156234741,1.0,0.7231231331825256
YCL018W,YMR039C,0,-2.5147762,0.12146635353565216,1.0,0.7232732772827148
YJR107W,YER154W,0,-2.5149593,0.1214442029595375,1.0,0.723423421382904
YHR069C,YLR348C,0,-2.514977,0.12142205983400345,1.0,0.7235735654830933
YOL141W,YCL026C-B,0,-2.5152876,0.12139992415904999,1.0,0.7237237095832825
YOR071C,YGR012W,0,-2.515575,0.12137780338525772,1.0,0.7238738536834717
YML030W,YMR240C,0,-2.515619,0.12135568261146545,1.0,0.7240239977836609
YGR012W,YJR140C,0,-2.515997,0.12133357673883438,1.0,0.7241742014884949
YJR092W,YER055C,0,-2.5178695,0.1213114783167839,1.0,0.7243243455886841
YKL175W,YCL004W,0,-2.5188422,0.12128937989473343,1.0,0.7244744896888733
YML099C,YPL011C,0,-2.519322,0.12126729637384415,1.0,0.7246246337890625
YER098W,YCL060C,0,-2.5208066,0.12124522030353546,1.0,0.7247747778892517
YJR082C,YFR001W,0,-2.5217125,0.12122315168380737,1.0,0.7249249219894409
YIL132C,YMR246W,0,-2.5220616,0.12120109051465988,1.0,0.7250750660896301
YOL010W,YHR069C,0,-2.5221977,0.12117903679609299,1.0,0.7252252101898193
YLL033W,YFL013C,0,-2.5223963,0.12115699797868729,1.0,0.7253753542900085
YLR295C,YKL161C,0,-2.5238824,0.12113495916128159,1.0,0.7255254983901978
YJR140C,YER190W,0,-2.5244675,0.12111292779445648,1.0,0.7256757020950317
YMR301C,YCR055C,0,-2.5262325,0.12109091132879257,1.0,0.725825846195221
YMR137C,YMR065W,0,-2.5263917,0.12106889486312866,1.0,0.7259759902954102
YKR006C,YOR327C,0,-2.5280466,0.12104689329862595,1.0,0.7261261343955994
YFL038C,YOL104C,0,-2.528285,0.12102489918470383,1.0,0.7262762784957886
YKL117W,YFL035C,0,-2.5286164,0.12100290507078171,1.0,0.7264264225959778
YKL217W,YIL021W,0,-2.5287414,0.12098092585802078,1.0,0.726576566696167
YDR030C,YGL046W,0,-2.5288591,0.12095895409584045,1.0,0.7267267107963562
YKL130C,YDR496C,0,-2.5299885,0.12093698978424072,1.0,0.7268768548965454
YJR053W,YPR160W,0,-2.530005,0.12091503292322159,1.0,0.7270269989967346
YBR006W,YGL046W,0,-2.530398,0.12089308351278305,1.0,0.7271772027015686
YFR013W,YOL093W,0,-2.5309343,0.12087114155292511,1.0,0.7273273468017578
YLR325C,YCL026C-B,0,-2.53124,0.12084920704364777,1.0,0.727477490901947
YNL027W,YCR055C,0,-2.5319347,0.12082728743553162,1.0,0.7276276350021362
YGR221C,YDL202W,0,-2.5326257,0.12080536782741547,1.0,0.7277777791023254
YDR449C,YNL298W,0,-2.5343208,0.12078346312046051,1.0,0.7279279232025146
YMR182C,YHL012W,0,-2.5360649,0.12076155841350555,1.0,0.7280780673027039
YPR144C,YOR285W,0,-2.5382013,0.12073966860771179,1.0,0.7282282114028931
YNL284C-A,YDL045C,0,-2.5386233,0.12071777880191803,1.0,0.7283783555030823
YFR013W,YOR275C,0,-2.5396247,0.12069590389728546,1.0,0.7285284996032715
YKL180W,YJL128C,0,-2.540085,0.12067403644323349,1.0,0.7286787033081055
YJL200C,YNL304W,0,-2.540216,0.12065217643976212,1.0,0.7288288474082947
YIL108W,YKL097W-A,0,-2.5403376,0.12063032388687134,1.0,0.7289789915084839
YGR180C,YBR118W,0,-2.5404682,0.12060847878456116,1.0,0.7291291356086731
YHR058C,YDL039C,0,-2.5410178,0.12058664113283157,1.0,0.7292792797088623
YOR106W,YLL061W,0,-2.541111,0.12056481093168259,1.0,0.7294294238090515
YDR083W,YPR083W,0,-2.5412028,0.1205429881811142,1.0,0.7295795679092407
YLR080W,YGR171C,0,-2.5418503,0.1205211728811264,1.0,0.7297297120094299
YKR057W,YPL147W,0,-2.5419931,0.12049936503171921,1.0,0.7298798561096191
YDR353W,YOR020C,0,-2.5421867,0.1204775720834732,1.0,0.7300300598144531
YKR036C,YPR162C,0,-2.542755,0.1204557791352272,1.0,0.7301802039146423
YNL095C,YBR093C,0,-2.5428133,0.1204339936375618,1.0,0.7303303480148315
YNR017W,YPL113C,0,-2.5431974,0.12041222304105759,1.0,0.7304804921150208
YJR107W,YAR002C-A,0,-2.54359,0.12039045244455338,1.0,0.73063063621521
YCL060C,YHR057C,0,-2.544888,0.12036869674921036,1.0,0.7307807803153992
YDR079W,YBL101W-B,0,-2.545084,0.12034694850444794,1.0,0.7309309244155884
YMR032W,YOR020C,0,-2.5453777,0.12032520025968552,1.0,0.7310810685157776
YPL274W,YDL225W,0,-2.5455606,0.12030346691608429,1.0,0.7312312126159668
YMR186W,YPL112C,0,-2.545815,0.12028174102306366,1.0,0.731381356716156
YER171W,YMR099C,0,-2.5463128,0.12026002258062363,1.0,0.73153156042099
YNR057C,YBR145W,0,-2.5487022,0.12023831158876419,1.0,0.7316817045211792
YMR112C,YKL097W-A,0,-2.549899,0.12021660804748535,1.0,0.7318318486213684
YBR223C,YNL259C,0,-2.5501933,0.12019491195678711,1.0,0.7319819927215576
YLR183C,YGR222W,0,-2.5530047,0.12017322331666946,1.0,0.7321321368217468
YDR423C,YOR251C,0,-2.5530462,0.12015154212713242,1.0,0.732282280921936
YMR218C,YHR085W,0,-2.5530515,0.12012986838817596,1.0,0.7324324250221252
YGL122C,YEL070W,0,-2.5531042,0.12010820209980011,1.0,0.7325825691223145
YDR211W,YER104W,0,-2.5532641,0.12008655071258545,1.0,0.7327327132225037
YER049W,YLL045C,0,-2.5548983,0.12006489932537079,1.0,0.7328828573226929
YOR148C,YGL169W,0,-2.5549424,0.12004325538873672,1.0,0.7330330610275269
YDR131C,YKR035W-A,0,-2.5564384,0.12002162635326385,1.0,0.7331832051277161
YKL067W,YER130C,0,-2.5565543,0.11999999731779099,1.0,0.7333333492279053
YDL246C,YER019C-A,0,-2.55753,0.11997838318347931,1.0,0.7334834933280945
YLR395C,YKL020C,0,-2.5575814,0.11995676904916763,1.0,0.7336336374282837
YMR246W,YDR444W,0,-2.5585146,0.11993516981601715,1.0,0.7337837815284729
YGR070W,YGL046W,0,-2.5593681,0.11991357803344727,1.0,0.7339339256286621
YLL055W,YLR391W,0,-2.5600495,0.11989198625087738,1.0,0.7340840697288513
YER087W,YOR222W,0,-2.5603714,0.11987040936946869,1.0,0.7342342138290405
YIL142W,YBR276C,0,-2.561058,0.1198488399386406,1.0,0.7343843579292297
YDR240C,YKL061W,0,-2.5617518,0.1198272779583931,1.0,0.7345345616340637
YEL041W,YGR027C,0,-2.5619702,0.1198057234287262,1.0,0.7346847057342529
YNL107W,YOL043C,0,-2.5625188,0.11978417634963989,1.0,0.7348348498344421
YLR107W,YPL110C,0,-2.5657544,0.11976262927055359,1.0,0.7349849939346313
YLR395C,YKR006C,0,-2.5659325,0.11974109709262848,1.0,0.7351351380348206
YBL101W-B,YAR027W,0,-2.5698042,0.11971957236528397,1.0,0.7352852821350098
YBR170C,YAL038W,0,-2.5703435,0.11969806253910065,1.0,0.735435426235199
YMR146C,YOR098C,0,-2.5707176,0.11967655271291733,1.0,0.7355855703353882
YNL304W,YGR072W,0,-2.5710282,0.1196550503373146,1.0,0.7357357144355774
YER014C-A,YLR165C,0,-2.5716138,0.11963355541229248,1.0,0.7358858585357666
YBR075W,YKR035W-A,0,-2.5717847,0.11961206793785095,1.0,0.7360360622406006
YJR051W,YNL239W,0,-2.5719118,0.11959058791399002,1.0,0.7361862063407898
YLR256W-A,YPL027W,0,-2.5719333,0.11956912279129028,1.0,0.736336350440979
YCR087C-A,YJL085W,0,-2.5719585,0.11954765766859055,1.0,0.7364864945411682
YDL227C,YBR141C,0,-2.5734615,0.1195261999964714,1.0,0.7366366386413574
YDL140C,YDR281C,0,-2.573875,0.11950475722551346,1.0,0.7367867827415466
YIL134W,YDR410C,0,-2.574262,0.11948331445455551,1.0,0.7369369268417358
YMR315W,YAL033W,0,-2.5747852,0.11946188658475876,1.0,0.737087070941925
YNL138W,YCL025C,0,-2.5748854,0.119440458714962,1.0,0.7372372150421143
YNL284C,YBR074W,0,-2.5753388,0.11941904574632645,1.0,0.7373873591423035
YDL107W,YJL006C,0,-2.5755794,0.11939763277769089,1.0,0.7375375628471375
YBR075W,YPL065W,0,-2.576948,0.11937623471021652,1.0,0.7376877069473267
YFR018C,YPL096W,0,-2.5780492,0.11935483664274216,1.0,0.7378378510475159
YER046W,YDR081C,0,-2.5798974,0.11933345347642899,1.0,0.7379879951477051
YDR034C,YNL230C,0,-2.580883,0.11931207776069641,1.0,0.7381381392478943
YKR069W,YDR062W,0,-2.5811343,0.11929070204496384,1.0,0.7382882833480835
YCL043C,YLR268W,0,-2.5817945,0.11926934123039246,1.0,0.7384384274482727
YLR325C,YER104W,0,-2.5820165,0.11924798786640167,1.0,0.7385885715484619
YPL200W,YNL182C,0,-2.582275,0.11922663450241089,1.0,0.7387387156486511
YLR141W,YIL076W,0,-2.5832014,0.1192052960395813,1.0,0.7388888597488403
YOL086C,YOR251C,0,-2.5832667,0.1191839650273323,1.0,0.7390390634536743
YOR301W,YGL172W,0,-2.583626,0.11916264146566391,1.0,0.7391892075538635
YNL284C-A,YNL302C,0,-2.5837479,0.11914132535457611,1.0,0.7393393516540527
YJR070C,YDR146C,0,-2.584583,0.11912001669406891,1.0,0.7394894957542419
YGL083W,YJL030W,0,-2.5846367,0.1190987154841423,1.0,0.7396396398544312
YGL068W,YNL290W,0,-2.5852509,0.1190774217247963,1.0,0.7397897839546204
YGL172W,YNL117W,0,-2.5872073,0.11905612796545029,1.0,0.7399399280548096
YMR304W,YNL092W,0,-2.5876467,0.11903484910726547,1.0,0.7400900721549988
YKL097W-A,YPL065W,0,-2.5890055,0.11901357769966125,1.0,0.740240216255188
YMR269W,YML128C,0,-2.590312,0.11899231374263763,1.0,0.740390419960022
YGR077C,YFL001W,0,-2.5906777,0.11897106468677521,1.0,0.7405405640602112
YOL141W,YER098W,0,-2.5914416,0.11894981563091278,1.0,0.7406907081604004
YPR144C,YCR052W,0,-2.5929604,0.11892857402563095,1.0,0.7408408522605896
YER013W,YGL183C,0,-2.5930853,0.11890733987092972,1.0,0.7409909963607788
YPR200C,YLL055W,0,-2.59464,0.11888611316680908,1.0,0.741141140460968
YDR144C,YLR391W,0,-2.5959125,0.11886489391326904,1.0,0.7412912845611572
YDR310C,YDR072C,0,-2.5959692,0.1188436821103096,1.0,0.7414414286613464
YMR321C,YIL017W,0,-2.5963612,0.11882247775793076,1.0,0.7415915727615356
YIR025W,YCR080W,0,-2.5968513,0.11880128085613251,1.0,0.7417417168617249
YBR274W,YCR097WB,0,-2.5971756,0.11878009885549545,1.0,0.7418919205665588
YKL170W,YDR034C,0,-2.5979874,0.1187589168548584,1.0,0.742042064666748
YOL043C,YOL054W,0,-2.5986547,0.11873774230480194,1.0,0.7421922087669373
YDR429C,YBR042C,0,-2.599183,0.11871657520532608,1.0,0.7423423528671265
YKL067W,YKL097W-A,0,-2.5998273,0.11869542300701141,1.0,0.7424924969673157
YER052C,YGL163C,0,-2.6001587,0.11867427080869675,1.0,0.7426426410675049
YNL223W,YPL096W,0,-2.6002269,0.11865312606096268,1.0,0.7427927851676941
YBR067C,YDR081C,0,-2.6006026,0.1186319887638092,1.0,0.7429429292678833
YNL307C,YDR260C,0,-2.6009324,0.11861086636781693,1.0,0.7430930733680725
YGR282C,YDR083W,0,-2.6015327,0.11858974397182465,1.0,0.7432432174682617
YLR447C,YBR222C,0,-2.6031606,0.11856862902641296,1.0,0.7433934211730957
YIR038C,YAR031W,0,-2.6047688,0.11854752898216248,1.0,0.7435435652732849
YLR020C,YCR097WB,0,-2.604797,0.11852642893791199,1.0,0.7436937093734741
YER014C-A,YOR294W,0,-2.6048121,0.1185053363442421,1.0,0.7438438534736633
YOR274W,YPR133W-A,0,-2.6048357,0.1184842586517334,1.0,0.7439939975738525
YLR009W,YLR024C,0,-2.6053514,0.1184631809592247,1.0,0.7441441416740417
YDL111C,YER104W,0,-2.605875,0.1184421107172966,1.0,0.744294285774231
YPR204W,YLR380W,0,-2.6062088,0.1184210553765297,1.0,0.7444444298744202
YKR020W,YLR391W,0,-2.6065855,0.11840000003576279,1.0,0.7445945739746094
YNL282W,YNR015W,0,-2.6071563,0.11837895214557648,1.0,0.7447447180747986
YMR146C,YJR006W,0,-2.6082077,0.11835791915655136,1.0,0.7448949217796326
YOL145C,YAL063C,0,-2.6089861,0.11833688616752625,1.0,0.7450450658798218
YPR113W,YMR176W,0,-2.610096,0.11831586062908173,1.0,0.745195209980011
YLR264W,YOR261C,0,-2.6114502,0.1182948499917984,1.0,0.7453453540802002
YPR182W,YER117W,0,-2.612092,0.11827383935451508,1.0,0.7454954981803894
YMR218C,YOL093W,0,-2.6122618,0.11825284361839294,1.0,0.7456456422805786
YER130C,YDR444W,0,-2.6123872,0.11823184788227081,1.0,0.7457957863807678
YGL122C,YML030W,0,-2.6126513,0.11821085959672928,1.0,0.745945930480957
YNL147W,YOL040C,0,-2.6144958,0.11818988621234894,1.0,0.7460960745811462
YDL171C,YPL129W,0,-2.6146617,0.1181689128279686,1.0,0.7462462186813354
YNL175C,YLR213C,0,-2.6161892,0.11814795434474945,1.0,0.7463964223861694
YBR059C,YCL043C,0,-2.618708,0.1181269958615303,1.0,0.7465465664863586
YMR203W,YDR476C,0,-2.619021,0.11810604482889175,1.0,0.7466967105865479
YKL119C,YBL092W,0,-2.6191964,0.1180851086974144,1.0,0.7468468546867371
YDR146C,YCL060C,0,-2.620434,0.11806417256593704,1.0,0.7469969987869263
YOR311C,YCR097WB,0,-2.6210973,0.11804324388504028,1.0,0.7471471428871155
YDL111C,YPL087W,0,-2.6215844,0.11802233010530472,1.0,0.7472972869873047
YMR182C,YDL029W,0,-2.6223426,0.11800141632556915,1.0,0.7474474310874939
YNR004W,YCL003W,0,-2.6239672,0.11798051744699478,1.0,0.7475975751876831
YPL147W,YNL016W,0,-2.6243742,0.11795961856842041,1.0,0.7477477192878723
YKL053C-A,YLR026C,0,-2.6258621,0.11793872714042664,1.0,0.7478979229927063
YDL133C-A,YLL040C,0,-2.6271887,0.11791785061359406,1.0,0.7480480670928955
YOR038C,YOL136C,0,-2.6280305,0.11789697408676147,1.0,0.7481982111930847
YNL073W,YLR016C,0,-2.6284118,0.11787610501050949,1.0,0.7483483552932739
YFR031C,YMR246W,0,-2.6284971,0.1178552433848381,1.0,0.7484984993934631
YGR034W,YNL258C,0,-2.628614,0.11783439666032791,1.0,0.7486486434936523
YER055C,YJR133W,0,-2.6286373,0.11781354993581772,1.0,0.7487987875938416
YDR076W,YLR391W,0,-2.629149,0.11779271066188812,1.0,0.7489489316940308
YDR211W,YKL097W-A,0,-2.629654,0.11777188628911972,1.0,0.74909907579422
YNL284C-A,YDR304C,0,-2.6298506,0.11775106191635132,1.0,0.7492492198944092
YEL052W,YOL136C,0,-2.6299953,0.11773024499416351,1.0,0.7493994235992432
YPR190C,YNL026W,0,-2.6302254,0.1177094355225563,1.0,0.7495495676994324
YFR036W,YLR224W,0,-2.630825,0.11768864095211029,1.0,0.7496997117996216
YBR006W,YCL003W,0,-2.6309927,0.11766784638166428,1.0,0.7498498558998108
YDL142C,YOL040C,0,-2.6324615,0.11764705926179886,1.0,0.75
YLR285W,YPL093W,0,-2.6326666,0.11762627959251404,1.0,0.7501501441001892
YER017C,YOR324C,0,-2.6329412,0.11760550737380981,1.0,0.7503002882003784
YBR223C,YPR171W,0,-2.6337461,0.11758474260568619,1.0,0.7504504323005676
YLR107W,YPL273W,0,-2.6339622,0.11756399273872375,1.0,0.7506005764007568
YPR083W,YDR226W,0,-2.6343184,0.11754324287176132,1.0,0.7507507801055908
YNL223W,YLR141W,0,-2.634371,0.11752250045537949,1.0,0.75090092420578
YIL021W,YOL026C,0,-2.635795,0.11750176548957825,1.0,0.7510510683059692
YPL163C,YHR119W,0,-2.635797,0.1174810379743576,1.0,0.7512012124061584
YDR378C,YKL074C,0,-2.6366234,0.11746031790971756,1.0,0.7513513565063477
YDR499W,YKR056W,0,-2.6370249,0.11743960529565811,1.0,0.7515015006065369
YPR024W,YLR141W,0,-2.6375833,0.11741890013217926,1.0,0.7516516447067261
YNL160W,YOR219C,0,-2.6393287,0.117398202419281,1.0,0.7518017888069153
YDR140W,YDR260C,0,-2.6393886,0.11737751215696335,1.0,0.7519519329071045
YFL014W,YBL076C,0,-2.6398196,0.11735682934522629,1.0,0.7521020770072937
YBR080C,YPL188W,0,-2.6408892,0.11733615398406982,1.0,0.7522522807121277
YER185W,YLL008W,0,-2.6415753,0.11731548607349396,1.0,0.7524024248123169
YGL256W,YMR075W,0,-2.6419778,0.11729482561349869,1.0,0.7525525689125061
YDL084W,YLR429W,0,-2.6439385,0.11727416515350342,1.0,0.7527027130126953
YMR172W,YHR135C,0,-2.644105,0.11725351959466934,1.0,0.7528528571128845
YBR075W,YCL003W,0,-2.6445363,0.11723288148641586,1.0,0.7530030012130737
YFR045W,YPR160W,0,-2.6450007,0.11721225082874298,1.0,0.7531531453132629
YPL083C,YDL035C,0,-2.6454704,0.1171916276216507,1.0,0.7533032894134521
YNL230C,YBL085W,0,-2.6458523,0.11717100441455841,1.0,0.7534534335136414
YMR019W,YOR294W,0,-2.646678,0.11715039610862732,1.0,0.7536035776138306
YMR078C,YPR030W,0,-2.646782,0.11712979525327682,1.0,0.7537537813186646
YDR083W,YNL284C-A,0,-2.647011,0.11710919439792633,1.0,0.7539039254188538
YDR059C,YLL040C,0,-2.6470838,0.11708860844373703,1.0,0.754054069519043
YML112W,YML006C,0,-2.6491735,0.11706802248954773,1.0,0.7542042136192322
YLR395C,YPL200W,0,-2.6506846,0.11704745143651962,1.0,0.7543543577194214
YHR209W,YBL092W,0,-2.6507807,0.11702688783407211,1.0,0.7545045018196106
YHR132C,YKL186C,0,-2.651444,0.1170063242316246,1.0,0.7546546459197998
YGL256W,YCL060C,0,-2.6518705,0.11698577553033829,1.0,0.754804790019989
YHR211W,YER087C-B,0,-2.6523037,0.11696522682905197,1.0,0.7549549341201782
YAL054C,YIL048W,0,-2.6534781,0.11694468557834625,1.0,0.7551050782203674
YMR203W,YER087C-B,0,-2.6534858,0.11692415922880173,1.0,0.7552552819252014
YDL045W-A,YOR311C,0,-2.65452,0.1169036328792572,1.0,0.7554054260253906
YEL037C,YDR449C,0,-2.6550746,0.11688311398029327,1.0,0.7555555701255798
YCR080W,YLR391W,0,-2.6553185,0.11686260998249054,1.0,0.755705714225769
YBR202W,YMR273C,0,-2.6558895,0.1168421059846878,1.0,0.7558558583259583
YDL021W,YDR229W,0,-2.657107,0.11682160943746567,1.0,0.7560060024261475
YDR497C,YFL021W,0,-2.6572587,0.11680112034082413,1.0,0.7561561465263367
YJR092W,YCL014W,0,-2.6572824,0.11678063869476318,1.0,0.7563062906265259
YBR278W,YCR002C,0,-2.6577208,0.11676017194986343,1.0,0.7564564347267151
YMR146C,YPL147W,0,-2.65804,0.11673970520496368,1.0,0.7566065788269043
YJR036C,YFL002W-B,0,-2.6609583,0.11671924591064453,1.0,0.7567567825317383
YPR011C,YPL065W,0,-2.6618063,0.11669879406690598,1.0,0.7569069266319275
YMR267W,YBL052C,0,-2.6624818,0.11667834967374802,1.0,0.7570570707321167
YLR321C,YDR416W,0,-2.6638987,0.11665790528059006,1.0,0.7572072148323059
YKL170W,YER049W,0,-2.6645856,0.11663747578859329,1.0,0.7573573589324951
YOR219C,YFL054C,0,-2.6648598,0.11661705374717712,1.0,0.7575075030326843
YDL078C,YHR119W,0,-2.6649463,0.11659663915634155,1.0,0.7576576471328735
YJR055W,YPL042C,0,-2.665784,0.11657623201608658,1.0,0.7578077912330627
YAL054C,YOR275C,0,-2.6662831,0.1165558248758316,1.0,0.757957935333252
YFR013W,YDR067C,0,-2.666707,0.11653543263673782,1.0,0.7581080794334412
YDR494W,YDR444W,0,-2.6678667,0.11651504784822464,1.0,0.7582582831382751
YOR274W,YLR206W,0,-2.6681404,0.11649466305971146,1.0,0.7584084272384644
YDL084W,YLR425W,0,-2.6683626,0.11647429317235947,1.0,0.7585585713386536
YDR137W,YFL035C,0,-2.668448,0.11645392328500748,1.0,0.7587087154388428
YOR206W,YOR338W,0,-2.6689644,0.11643356829881668,1.0,0.758858859539032
YOR212W,YER087C-B,0,-2.66917,0.11641321331262589,1.0,0.7590090036392212
YNL267W,YGL030W,0,-2.6693196,0.11639287322759628,1.0,0.7591591477394104
YOR099W,YHR168W,0,-2.6693206,0.11637253314256668,1.0,0.7593092918395996
YCR055C,YLR164W,0,-2.6697273,0.11635220050811768,1.0,0.7594594359397888
YOL142W,YGL212W,0,-2.672189,0.11633187532424927,1.0,0.759609580039978
YEL037C,YPR160W,0,-2.6737795,0.11631155759096146,1.0,0.759759783744812
YHR041C,YOR353C,0,-2.6741908,0.11629125475883484,1.0,0.7599099278450012
YGR180C,YKR028W,0,-2.6747484,0.11627095192670822,1.0,0.7600600719451904
YJL030W,YIL133C,0,-2.675338,0.1162506565451622,1.0,0.7602102160453796
YLR312W-A,YCR052W,0,-2.675564,0.11623036861419678,1.0,0.7603603601455688
YBR002C,YGL026C,0,-2.6763597,0.11621008813381195,1.0,0.7605105042457581
YPR144C,YJL095W,0,-2.6775084,0.11618981510400772,1.0,0.7606606483459473
YDR240C,YDR497C,0,-2.6791246,0.11616954207420349,1.0,0.7608107924461365
YJR051W,YEL041W,0,-2.6794167,0.11614928394556046,1.0,0.7609609365463257
YML045W-A,YGL148W,0,-2.679646,0.11612903326749802,1.0,0.7611111402511597
YPL151C,YGL103W,0,-2.680809,0.11610879004001617,1.0,0.7612612843513489
YPR158C-C,YBR182C,0,-2.6810555,0.11608854681253433,1.0,0.7614114284515381
YGL162W,YDR498C,0,-2.6811552,0.11606831848621368,1.0,0.7615615725517273
YOR038C,YBR141C,0,-2.6823382,0.11604809015989304,1.0,0.7617117166519165
YFL035C,YMR099C,0,-2.6825593,0.11602787673473358,1.0,0.7618618607521057
YDR059C,YNL309W,0,-2.6850939,0.11600766330957413,1.0,0.7620120048522949
YDR310C,YLR391W,0,-2.685399,0.11598745733499527,1.0,0.7621621489524841
YGR180C,YLL003W,0,-2.6857069,0.1159672662615776,1.0,0.7623122930526733
YKL117W,YGL226C-A,0,-2.6858215,0.11594707518815994,1.0,0.7624624371528625
YLR183C,YPL183W-A,0,-2.6869502,0.11592689156532288,1.0,0.7626126408576965
YFL033C,YPL147W,0,-2.6891117,0.1159067153930664,1.0,0.7627627849578857
YNR017W,YKL097W-A,0,-2.6897607,0.11588654667139053,1.0,0.762912929058075
YDL107W,YKR102W,0,-2.6907835,0.11586638540029526,1.0,0.7630630731582642
YOR377W,YLR285W,0,-2.6907997,0.11584623157978058,1.0,0.7632132172584534
YJR147W,YOR099W,0,-2.6908002,0.1158260852098465,1.0,0.7633633613586426
YKL172W,YMR308C,0,-2.6908436,0.11580594629049301,1.0,0.7635135054588318
YBR081C,YAL033W,0,-2.6915,0.11578581482172012,1.0,0.763663649559021
YIL088C,YCL060C,0,-2.6918304,0.11576569080352783,1.0,0.7638137936592102
YJR147W,YCR080W,0,-2.6925063,0.11574556678533554,1.0,0.7639639377593994
YKL165C,YAL031C,0,-2.6936064,0.11572545766830444,1.0,0.7641141414642334
YPL083C,YKL203C,0,-2.6948261,0.11570534855127335,1.0,0.7642642855644226
YMR296C,YJL149W,0,-2.6952477,0.11568525433540344,1.0,0.7644144296646118
YKR056W,YKL097W-A,0,-2.6975584,0.11566516011953354,1.0,0.764564573764801
YLL051C,YGR169C,0,-2.6988583,0.11564508080482483,1.0,0.7647147178649902
YJL225C,YMR143W,0,-2.7016315,0.11562500149011612,1.0,0.7648648619651794
YBR278W,YFL035C,0,-2.702948,0.115604929625988,1.0,0.7650150060653687
YLL034C,YBR115C,0,-2.7040873,0.11558486521244049,1.0,0.7651651501655579
YNL073W,YHR061C,0,-2.7043395,0.11556480824947357,1.0,0.7653152942657471
YNR044W,YCR055C,0,-2.705938,0.11554475873708725,1.0,0.7654654383659363
YCR057C,YNL027W,0,-2.7065656,0.11552471667528152,1.0,0.7656156420707703
YOR098C,YLR391W,0,-2.7074633,0.1155046820640564,1.0,0.7657657861709595
YNL172W,YGR285C,0,-2.7076015,0.11548465490341187,1.0,0.7659159302711487
YPL139C,YMR213W,0,-2.7080297,0.11546463519334793,1.0,0.7660660743713379
YMR049C,YEL012W,0,-2.7086482,0.115444615483284,1.0,0.7662162184715271
YDR499W,YDR218C,0,-2.7086558,0.11542461067438126,1.0,0.7663663625717163
YML058W-A,YDL206W,0,-2.7089264,0.11540460586547852,1.0,0.7665165066719055
YDR461W,YBR276C,0,-2.7092888,0.11538461595773697,1.0,0.7666666507720947
YKL200C,YLR208W,0,-2.7103112,0.11536462604999542,1.0,0.7668167948722839
YCL025C,YNR028W,0,-2.7127352,0.11534465104341507,1.0,0.7669669389724731
YPR194C,YCR055C,0,-2.7130396,0.11532467603683472,1.0,0.7671171426773071
YKL097W-A,YLR033W,0,-2.7131448,0.11530470848083496,1.0,0.7672672867774963
YOR323C,YDR151C,0,-2.7136798,0.1152847483754158,1.0,0.7674174308776855
YOR287C,YDR508C,0,-2.7137465,0.11526479572057724,1.0,0.7675675749778748
YGR179C,YMR295C,0,-2.7143755,0.11524485051631927,1.0,0.767717719078064
YLR228C,YGR134W,0,-2.714617,0.1152249127626419,1.0,0.7678678631782532
YCR097WB,YOR020C,0,-2.7148461,0.11520498245954514,1.0,0.7680180072784424
YOL070C,YLR033W,0,-2.7150886,0.11518505960702896,1.0,0.7681681513786316
YBR278W,YMR136W,0,-2.7153077,0.11516513675451279,1.0,0.7683182954788208
YOL026C,YKL097W-A,0,-2.7164216,0.1151452288031578,1.0,0.76846843957901
YMR172W,YAL031C,0,-2.7173316,0.11512532085180283,1.0,0.768618643283844
YNL070W,YHR051W,0,-2.71751,0.11510542780160904,1.0,0.7687687873840332
YNL262W,YPR006C,0,-2.7176607,0.11508553475141525,1.0,0.7689189314842224
YOR304W,YOR299W,0,-2.7176862,0.11506565660238266,1.0,0.7690690755844116
YBL101W-B,YKR020W,0,-2.7179475,0.11504577845335007,1.0,0.7692192196846008
YMR227C,YAR035W,0,-2.7184877,0.11502590775489807,1.0,0.76936936378479
YMR315W,YBR222C,0,-2.718605,0.11500604450702667,1.0,0.7695195078849792
YHR135C,YLR391W,0,-2.719051,0.11498618870973587,1.0,0.7696696519851685
YLR305C,YCR055C,0,-2.7190897,0.11496634036302567,1.0,0.7698197960853577
YKL097W-A,YIL048W,0,-2.7204328,0.11494649946689606,1.0,0.7699699401855469
YJR078W,YER137C,0,-2.720623,0.11492665857076645,1.0,0.7701201438903809
YMR054W,YCL026C-B,0,-2.7215433,0.11490683257579803,1.0,0.7702702879905701
YHR069C,YOR099W,0,-2.721832,0.11488701403141022,1.0,0.7704204320907593
YDR351W,YGL103W,0,-2.722114,0.1148671954870224,1.0,0.7705705761909485
YKL097W-A,YPL273W,0,-2.7226248,0.11484738439321518,1.0,0.7707207202911377
YIL094C,YPR080W,0,-2.723268,0.11482758820056915,1.0,0.7708708643913269
YLL061W,YLL033W,0,-2.7232833,0.11480779200792313,1.0,0.7710210084915161
YLR314C,YCR080W,0,-2.7235131,0.1147880032658577,1.0,0.7711711525917053
YCR080W,YPR149W,0,-2.7235813,0.11476822197437286,1.0,0.7713212966918945
YHR056C,YNL138W-A,0,-2.7236192,0.11474844813346863,1.0,0.7714715003967285
YDR014W-A,YPR133W-A,0,-2.7236192,0.11472868174314499,1.0,0.7716216444969177
YBR111W-A,YHR058C,0,-2.7236192,0.11470892280340195,1.0,0.7717717885971069
YGR031C-A,YFL021W,0,-2.7236192,0.1146891713142395,1.0,0.7719219326972961
YDR014W-A,YDL047W,0,-2.7236192,0.11466941982507706,1.0,0.7720720767974854
YGR031C-A,YPR204W,0,-2.7236192,0.1146496832370758,1.0,0.7722222208976746
YNL232W,YMR268W-A,0,-2.7236192,0.11462994664907455,1.0,0.7723723649978638
YFL011W-A,YLL017W,0,-2.7236192,0.1146102249622345,1.0,0.772522509098053
YGR010W,YBR111W-A,0,-2.7236192,0.11459050327539444,1.0,0.7726726531982422
YPL200W,YFL011W-A,0,-2.7236192,0.11457078903913498,1.0,0.7728227972984314
YOL086C,YGR031C-A,0,-2.7236192,0.11455108225345612,1.0,0.7729730010032654
YGR031C-A,YDL040C,0,-2.7236192,0.11453138291835785,1.0,0.7731231451034546
YGR031C-A,YJL140W,0,-2.7236192,0.11451169103384018,1.0,0.7732732892036438
YKL041W,YFL035C,0,-2.7236192,0.1144920065999031,1.0,0.773423433303833
YOL082W,YFL011W-A,0,-2.7236192,0.11447232961654663,1.0,0.7735735774040222
YNL138W-A,YOL052C,0,-2.7236192,0.11445265263319016,1.0,0.7737237215042114
YFL011W-A,YCL008C,0,-2.7236192,0.11443299055099487,1.0,0.7738738656044006
YJL144W,YMR268W-A,0,-2.7236192,0.11441332846879959,1.0,0.7740240097045898
YMR268W-A,YHR051W,0,-2.7236192,0.1143936812877655,1.0,0.774174153804779
YLR391W-A,YIL132C,0,-2.7236192,0.11437403410673141,1.0,0.7743242979049683
YPL150W,YKL200C,0,-2.7236192,0.11435439437627792,1.0,0.7744745016098022
YBL029C-A,YIL017W,0,-2.7236192,0.11433476209640503,1.0,0.7746246457099915
YOL129W,YMR268W-A,0,-2.7236192,0.11431513726711273,1.0,0.7747747898101807
YKL182W,YKL097W-A,0,-2.7236192,0.11429551988840103,1.0,0.7749249339103699
YDR014W-A,YHL027W,0,-2.7236192,0.11427590996026993,1.0,0.7750750780105591
YFL011W-A,YOR209C,0,-2.7236192,0.11425630748271942,1.0,0.7752252221107483
YBR196C,YNL138W-A,0,-2.7236192,0.11423670500516891,1.0,0.7753753662109375
YLR391W-A,YPR043W,0,-2.7236192,0.1142171174287796,1.0,0.7755255103111267
YLR391W-A,YPL167C,0,-2.7236192,0.11419752985239029,1.0,0.7756756544113159
YGR031C-A,YGL169W,0,-2.7236192,0.11417794972658157,1.0,0.7758257985115051
YBR111W-A,YBR129C,0,-2.7236192,0.11415838450193405,1.0,0.7759760022163391
YOL038W,YMR268W-A,0,-2.7236192,0.11413881927728653,1.0,0.7761261463165283
YGL170C,YFL011W-A,0,-2.7236192,0.1141192615032196,1.0,0.7762762904167175
YDR059C,YMR268W-A,0,-2.7236192,0.11409971117973328,1.0,0.7764264345169067
YFL011W-A,YOR226C,0,-2.7236192,0.11408016085624695,1.0,0.776576578617096
YLR447C,YDR014W-A,0,-2.7236192,0.11406062543392181,1.0,0.7767267227172852
YBR111W-A,YLR033W,0,-2.7236192,0.11404109746217728,1.0,0.7768768668174744
YPR163C,YLR154W-A,0,-2.7236192,0.11402156949043274,1.0,0.7770270109176636
YJR055W,YNL138W-A,0,-2.7236192,0.1140020564198494,1.0,0.7771771550178528
YER090W,YMR268W-A,0,-2.7236192,0.11398254334926605,1.0,0.777327299118042
YBR111W-A,YIL095W,0,-2.7236192,0.1139630377292633,1.0,0.777477502822876
YBR066C,YLR154W-A,0,-2.7236192,0.11394353955984116,1.0,0.7776276469230652
YDR014W-A,YMR308C,0,-2.7236192,0.1139240488409996,1.0,0.7777777910232544
YNR021W,YOL053C-A,0,-2.7236192,0.11390456557273865,1.0,0.7779279351234436
YFL011W-A,YDR140W,0,-2.7236192,0.11388508975505829,1.0,0.7780780792236328
YLR410W-B,YER087C-B,0,-2.7236192,0.11386562138795853,1.0,0.778228223323822
YER171W,YMR268W-A,0,-2.7236192,0.11384615302085876,1.0,0.7783783674240112
YPL127C,YCR055C,0,-2.7236192,0.1138266995549202,1.0,0.7785285115242004
YGR031C-A,YGL225W,0,-2.7236192,0.11380724608898163,1.0,0.7786786556243896
YPL151C,YBR111W-A,0,-2.7236192,0.11378780007362366,1.0,0.7788287997245789
YJR036C,YOL053C-A,0,-2.7236192,0.11376836150884628,1.0,0.7789790034294128
YBR111W-A,YAL038W,0,-2.7236192,0.1137489303946495,1.0,0.779129147529602
YLR410W-A,YIL017W,0,-2.7236192,0.11372950673103333,1.0,0.7792792916297913
YNL138W-A,YDR159W,0,-2.7236192,0.11371009051799774,1.0,0.7794294357299805
YGR031C-A,YOR138C,0,-2.7236192,0.11369068175554276,1.0,0.7795795798301697
YFL033C,YMR268W-A,0,-2.7236192,0.11367127299308777,1.0,0.7797297239303589
YNR031C,YIL017W,0,-2.7236192,0.11365187913179398,1.0,0.7798798680305481
YPR191W,YBR111W-A,0,-2.7236192,0.11363248527050018,1.0,0.7800300121307373
YLR391W-A,YOL043C,0,-2.7236192,0.11361309885978699,1.0,0.7801801562309265
YLR154W-A,YBR074W,0,-2.7236192,0.11359371989965439,1.0,0.7803303599357605
YDR014W-A,YBR238C,0,-2.7236192,0.11357434839010239,1.0,0.7804805040359497
YIL080W,YOL053C-A,0,-2.7236192,0.11355498433113098,1.0,0.7806306481361389
YDR195W,YDR381C-A,0,-2.7236192,0.11353562772274017,1.0,0.7807807922363281
YOR215C,YMR268W-A,0,-2.7236192,0.11351627856492996,1.0,0.7809309363365173
YLR391W-A,YOR340C,0,-2.7236192,0.11349692940711975,1.0,0.7810810804367065
YGR052W,YLR391W-A,0,-2.7236192,0.11347759515047073,1.0,0.7812312245368958
YKL190W,YFL011W-A,0,-2.7236192,0.11345826089382172,1.0,0.781381368637085
YML052W,YOL053C-A,0,-2.7236192,0.1134389340877533,1.0,0.7815315127372742
YNL138W-A,YCR014C,0,-2.7236192,0.11341962218284607,1.0,0.7816816568374634
YBR111W-A,YNL138W,0,-2.7236192,0.11340030282735825,1.0,0.7818318605422974
YGR031C-A,YPL139C,0,-2.7236192,0.11338099837303162,1.0,0.7819820046424866
YDR014W-A,YDL045C,0,-2.7236192,0.11336170136928558,1.0,0.7821321487426758
YGR221C,YLR154W-A,0,-2.7236192,0.11334241181612015,1.0,0.782282292842865
YNL138W-A,YGR095C,0,-2.7236192,0.11332312226295471,1.0,0.7824324369430542
YGR031C-A,YKL117W,0,-2.7236192,0.11330384761095047,1.0,0.7825825810432434
YOR142W-B,YOL053C-A,0,-2.7236192,0.11328457295894623,1.0,0.7827327251434326
YLR391W-A,YDR415C,0,-2.7236192,0.11326530575752258,1.0,0.7828828692436218
YLR154W-A,YJR103W,0,-2.7236192,0.11324604600667953,1.0,0.783033013343811
YOL155C,YOL053C-A,0,-2.7236192,0.11322679370641708,1.0,0.7831831574440002
YBR111W-A,YOR008C,0,-2.7236192,0.11320754885673523,1.0,0.7833333611488342
YFL011W-A,YPR190C,0,-2.7236192,0.11318830400705338,1.0,0.7834835052490234
YGR031C-A,YLR268W,0,-2.7236192,0.11316907405853271,1.0,0.7836336493492126
YKL119C,YNL138W-A,0,-2.7236192,0.11314984411001205,1.0,0.7837837934494019
YBL101W-B,YFL010W-A,0,-2.7236192,0.11313062906265259,1.0,0.7839339375495911
YBR111W-A,YLR278C,0,-2.7236192,0.11311141401529312,1.0,0.7840840816497803
YDR014W-A,YKR026C,0,-2.7236192,0.11309220641851425,1.0,0.7842342257499695
YBR111W-A,YEL029C,0,-2.7236192,0.11307300627231598,1.0,0.7843843698501587
YNL160W,YLR391W-A,0,-2.7236192,0.1130538135766983,1.0,0.7845345139503479
YDL133C-A,YCR055C,0,-2.7236192,0.11303462088108063,1.0,0.7846846580505371
YNL138W-A,YGL259W,0,-2.7236192,0.11301544308662415,1.0,0.7848348617553711
YFL035C,YMR268W-A,0,-2.7236192,0.11299626529216766,1.0,0.7849850058555603
YGR031C-A,YDR369C,0,-2.7236192,0.11297710239887238,1.0,0.7851351499557495
YGR031C-A,YGR171C,0,-2.7236192,0.11295793950557709,1.0,0.7852852940559387
YDR423C,YLR154W-A,0,-2.7236192,0.1129387840628624,1.0,0.7854354381561279
YDR233C,YDR014W-A,0,-2.7236192,0.1129196360707283,1.0,0.7855855822563171
YBR111W-A,YLR316C,0,-2.7236192,0.11290048807859421,1.0,0.7857357263565063
YGR179C,YCL060C,0,-2.7241282,0.11288135498762131,1.0,0.7858858704566956
YKL097W-A,YBR061C,0,-2.7246652,0.112862229347229,1.0,0.7860360145568848
YPR080W,YLR103C,0,-2.7256985,0.1128431037068367,1.0,0.786186158657074
YKR019C,YCR097WB,0,-2.7257617,0.112823985517025,1.0,0.786336362361908
YDR233C,YCR097WB,0,-2.7263515,0.11280487477779388,1.0,0.7864865064620972
YLR391W,YGR027C,0,-2.7264357,0.11278577148914337,1.0,0.7866366505622864
YKL097W-A,YNL307C,0,-2.7264361,0.11276667565107346,1.0,0.7867867946624756
YPR001W,YGL037C,0,-2.7274034,0.11274758726358414,1.0,0.7869369387626648
YBR243C,YIR005W,0,-2.727476,0.11272850632667542,1.0,0.787087082862854
YOL165C,YBR282W,0,-2.7295296,0.1127094253897667,1.0,0.7872372269630432
YDR034C,YAL031C,0,-2.729568,0.11269035190343857,1.0,0.7873873710632324
YNL307C,YFL023W,0,-2.730847,0.11267129331827164,1.0,0.7875375151634216
YKL206C,YOR025W,0,-2.733301,0.1126522347331047,1.0,0.7876876592636108
YGR084C,YAL039C,0,-2.7334373,0.11263318359851837,1.0,0.7878378629684448
YNR017W,YMR038C,0,-2.7341413,0.11261413246393204,1.0,0.787988007068634
YEL036C,YBR080C,0,-2.7352176,0.1125950962305069,1.0,0.7881381511688232
YML051W,YGL200C,0,-2.7356734,0.11257606744766235,1.0,0.7882882952690125
YKR103W,YDL039C,0,-2.7362587,0.11255703866481781,1.0,0.7884384393692017
YEL022W,YJL012C-A,0,-2.7363906,0.11253801733255386,1.0,0.7885885834693909
YOL070C,YIL170W,0,-2.7380643,0.11251900345087051,1.0,0.7887387275695801
YMR117C,YGL169W,0,-2.7410092,0.11249999701976776,1.0,0.7888888716697693
YDR492W,YER090W,0,-2.742456,0.1124809980392456,1.0,0.7890390157699585
YHR047C,YDR457W,0,-2.7428164,0.11246200650930405,1.0,0.7891891598701477
YML058W-A,YOR285W,0,-2.7437425,0.11244302242994308,1.0,0.7893393635749817
YNL178W,YNR044W,0,-2.7445064,0.11242403835058212,1.0,0.7894895076751709
YHR164C,YOL112W,0,-2.7447536,0.11240506172180176,1.0,0.7896396517753601
YOL057W,YPL078C,0,-2.7451382,0.11238609254360199,1.0,0.7897897958755493
YJR055W,YDR245W,0,-2.7461104,0.11236713081598282,1.0,0.7899399399757385
YJL187C,YDL148C,0,-2.7464786,0.11234817653894424,1.0,0.7900900840759277
YGL256W,YKL201C,0,-2.7475734,0.11232922971248627,1.0,0.7902402281761169
YDR079W,YNL290W,0,-2.7492507,0.11231029033660889,1.0,0.7903903722763062
YLR395C,YGR264C,0,-2.7507114,0.1122913509607315,1.0,0.7905405163764954
YMR182C,YLR321C,0,-2.7518473,0.11227241903543472,1.0,0.7906907200813293
YGR012W,YLR344W,0,-2.7519326,0.11225349456071854,1.0,0.7908408641815186
YFR013W,YIL061C,0,-2.7519832,0.11223457753658295,1.0,0.7909910082817078
YPR204W,YJR040W,0,-2.7541752,0.11221566796302795,1.0,0.791141152381897
YHR061C,YKL053C-A,0,-2.754983,0.11219676584005356,1.0,0.7912912964820862
YER013W,YLR026C,0,-2.75534,0.11217787116765976,1.0,0.7914414405822754
YBR026C,YDR497C,0,-2.7566466,0.11215897649526596,1.0,0.7915915846824646
YEL012W,YGR239C,0,-2.758263,0.11214008927345276,1.0,0.7917417287826538
YMR123W,YDL128W,0,-2.7588038,0.11212120950222015,1.0,0.791891872882843
YEL037C,YDR211W,0,-2.7589798,0.11210233718156815,1.0,0.7920420169830322
YMR123W,YKL201C,0,-2.759024,0.11208347231149673,1.0,0.7921922206878662
YMR276W,YNL026W,0,-2.7605135,0.11206461489200592,1.0,0.7923423647880554
YER101C,YER074W,0,-2.7614946,0.1120457574725151,1.0,0.7924925088882446
YPR144C,YDL024C,0,-2.7628908,0.11202691495418549,1.0,0.7926426529884338
YNL044W,YKL009W,0,-2.7637525,0.11200807243585587,1.0,0.792792797088623
YPL134C,YER046W,0,-2.7638905,0.11198923736810684,1.0,0.7929429411888123
YGR010W,YNL283C,0,-2.7640162,0.11197040975093842,1.0,0.7930930852890015
YER165W,YGR276C,0,-2.764146,0.11195158958435059,1.0,0.7932432293891907
YER055C,YHR168W,0,-2.76421,0.11193276941776276,1.0,0.7933933734893799
YBR120C,YOR216C,0,-2.7659535,0.11191396415233612,1.0,0.7935435175895691
YLR016C,YJR034W,0,-2.766602,0.11189515888690948,1.0,0.7936937212944031
YKL096W-A,YDR281C,0,-2.7669752,0.11187636852264404,1.0,0.7938438653945923
YJL004C,YDR353W,0,-2.7689605,0.1118575781583786,1.0,0.7939940094947815
YDR079W,YJR053W,0,-2.7697587,0.11183878779411316,1.0,0.7941441535949707
YMR284W,YPR080W,0,-2.7743073,0.11182001233100891,1.0,0.7942942976951599
YDR281C,YNL239W,0,-2.7745838,0.11180124431848526,1.0,0.7944444417953491
YNL008C,YML109W,0,-2.7756658,0.11178247630596161,1.0,0.7945945858955383
YDL055C,YHR041C,0,-2.7764862,0.11176371574401855,1.0,0.7947447299957275
YBL029C-A,YOR008C,0,-2.7781615,0.1117449700832367,1.0,0.7948948740959167
YBL026W,YPL093W,0,-2.7787232,0.11172621697187424,1.0,0.795045018196106
YLR410W-B,YOL026C,0,-2.7800784,0.11170747876167297,1.0,0.7951952219009399
YPL274W,YLL061W,0,-2.7806468,0.11168874800205231,1.0,0.7953453660011292
YIL142W,YDR072C,0,-2.7807465,0.11167001724243164,1.0,0.7954955101013184
YDR079W,YKL190W,0,-2.7845414,0.11165130138397217,1.0,0.7956456542015076
YDR240C,YNL026W,0,-2.7857294,0.1116325855255127,1.0,0.7957957983016968
YPR191W,YDL208W,0,-2.788149,0.11161387711763382,1.0,0.795945942401886
YPR137C-A,YDR173C,0,-2.7886443,0.11159517616033554,1.0,0.7960960865020752
YOR230W,YJR101W,0,-2.7890077,0.11157647520303726,1.0,0.7962462306022644
YDR296W,YNL202W,0,-2.7890472,0.11155778914690018,1.0,0.7963963747024536
YLL002W,YDR410C,0,-2.7892256,0.11153910309076309,1.0,0.7965465188026428
YGL112C,YMR054W,0,-2.7906396,0.1115204319357872,1.0,0.7966967225074768
YKR002W,YOR226C,0,-2.7922122,0.11150176078081131,1.0,0.796846866607666
YLR386W,YER130C,0,-2.7930834,0.11148309707641602,1.0,0.7969970107078552
YJL176C,YGL190C,0,-2.7933912,0.11146443337202072,1.0,0.7971471548080444
YDR476C,YIR005W,0,-2.7938237,0.11144578456878662,1.0,0.7972972989082336
YPR137C-A,YLR329W,0,-2.7944362,0.11142713576555252,1.0,0.7974474430084229
YLR141W,YGR034W,0,-2.7954795,0.11140849441289902,1.0,0.7975975871086121
YOR147W,YLR024C,0,-2.7956793,0.11138986796140671,1.0,0.7977477312088013
YNL273W,YGR089W,0,-2.7968993,0.1113712340593338,1.0,0.7978978753089905
YGL083W,YFL010W-A,0,-2.7969537,0.11135261505842209,1.0,0.7980480194091797
YGR268C,YKR035W-A,0,-2.7985153,0.11133400350809097,1.0,0.7981982231140137
YJL103C,YOR008C,0,-2.7991004,0.11131539195775986,1.0,0.7983483672142029
YNL163C,YOR085W,0,-2.799954,0.11129678785800934,1.0,0.7984985113143921
YER055C,YOR382W,0,-2.8008995,0.11127819865942001,1.0,0.7986486554145813
YLR401C,YNL192W,0,-2.8011785,0.11125960946083069,1.0,0.7987987995147705
YHR061C,YOL052C,0,-2.8030577,0.11124102026224136,1.0,0.7989489436149597
YLR043C,YPR190C,0,-2.8044279,0.11122244596481323,1.0,0.7990990877151489
YPR113W,YIR011C,0,-2.8053646,0.1112038716673851,1.0,0.7992492318153381
YDR306C,YBR072W,0,-2.8062868,0.11118531227111816,1.0,0.7993993759155273
YBR202W,YAL063C,0,-2.8068786,0.11116675287485123,1.0,0.7995495200157166
YPR135W,YDR245W,0,-2.8072708,0.11114820092916489,1.0,0.7996997237205505
YNL236W,YOL028C,0,-2.8093452,0.11112964898347855,1.0,0.7998498678207397
YKL180W,YMR304W,0,-2.8093772,0.1111111119389534,1.0,0.800000011920929
YGR175C,YDL128W,0,-2.812358,0.11109257489442825,1.0,0.8001501560211182
YDR453C,YOL111C,0,-2.8125653,0.1110740527510643,1.0,0.8003003001213074
YGR252W,YPR198W,0,-2.8137689,0.11105553060770035,1.0,0.8004504442214966
YLR016C,YOR222W,0,-2.8145273,0.11103701591491699,1.0,0.8006005883216858
YIL083C,YML036W,0,-2.8154857,0.11101850122213364,1.0,0.800750732421875
YMR117C,YGL163C,0,-2.8171134,0.11100000143051147,1.0,0.8009008765220642
YDR492W,YGR072W,0,-2.8179681,0.11098150163888931,1.0,0.8010510802268982
YNL010W,YKL172W,0,-2.8189201,0.11096300929784775,1.0,0.8012012243270874
YMR097C,YMR173W,0,-2.8197937,0.11094452440738678,1.0,0.8013513684272766
YPR080W,YJL081C,0,-2.8202996,0.11092604696750641,1.0,0.8015015125274658
YNL153C,YJL176C,0,-2.8212495,0.11090757697820663,1.0,0.801651656627655
YCR087C-A,YCR026C,0,-2.8231478,0.11088911443948746,1.0,0.8018018007278442
YIL020C,YJL192C,0,-2.8248725,0.11087065190076828,1.0,0.8019519448280334
YMR238W,YCL026C-B,0,-2.8274755,0.1108521968126297,1.0,0.8021020889282227
YBR282W,YKL096W-A,0,-2.8276854,0.11083374917507172,1.0,0.8022522330284119
YPL082C,YHR058C,0,-2.8283038,0.11081530898809433,1.0,0.8024023771286011
YHR030C,YLL040C,0,-2.8290634,0.11079686880111694,1.0,0.8025525808334351
YGL172W,YDR498C,0,-2.8303757,0.11077844351530075,1.0,0.8027027249336243
YKL013C,YNL284C-A,0,-2.8308132,0.11076001822948456,1.0,0.8028528690338135
YER014C-A,YDR451C,0,-2.8322659,0.11074160039424896,1.0,0.8030030131340027
YML058W-A,YLR016C,0,-2.834185,0.11072319000959396,1.0,0.8031531572341919
YBL029C-A,YCL032W,0,-2.835134,0.11070478707551956,1.0,0.8033033013343811
YGL183C,YJR063W,0,-2.8356528,0.11068639159202576,1.0,0.8034534454345703
YIL143C,YFL038C,0,-2.83572,0.11066799610853195,1.0,0.8036035895347595
YML058W-A,YML128C,0,-2.8361735,0.11064960807561874,1.0,0.8037537336349487
YDR233C,YGR113W,0,-2.83645,0.11063122749328613,1.0,0.8039038777351379
YBR230C,YNR028W,0,-2.836542,0.11061285436153412,1.0,0.8040540814399719
YDR369C,YAL040C,0,-2.8376114,0.1105944886803627,1.0,0.8042042255401611
YBR281C,YJR063W,0,-2.8384814,0.11057612299919128,1.0,0.8043543696403503
YPR182W,YKL078W,0,-2.8411312,0.11055777221918106,1.0,0.8045045137405396
YPL087W,YPR133W-A,0,-2.841907,0.11053942143917084,1.0,0.8046546578407288
YOR148C,YNR060W,0,-2.8436508,0.11052107810974121,1.0,0.804804801940918
YIL128W,YDR083W,0,-2.8458807,0.11050273478031158,1.0,0.8049549460411072
YNL153C,YIR038C,0,-2.8474271,0.11048440635204315,1.0,0.8051050901412964
YGR252W,YAL038W,0,-2.848208,0.11046607792377472,1.0,0.8052552342414856
YMR315W,YIR018W,0,-2.8482609,0.11044776439666748,1.0,0.8054053783416748
YNL073W,YJR063W,0,-2.850342,0.11042945086956024,1.0,0.8055555820465088
YIL076W,YMR246W,0,-2.8504257,0.110411137342453,1.0,0.805705726146698
YDR167W,YAL024C,0,-2.8508015,0.11039283871650696,1.0,0.8058558702468872
YDR494W,YGR084C,0,-2.8556905,0.11037454754114151,1.0,0.8060060143470764
YMR169C,YLL041C,0,-2.856481,0.11035625636577606,1.0,0.8061561584472656
YIL083C,YER052C,0,-2.857051,0.11033797264099121,1.0,0.8063063025474548
YGR177C,YPR163C,0,-2.858779,0.11031969636678696,1.0,0.806456446647644
YOR310C,YPL183W-A,0,-2.8592634,0.1103014275431633,1.0,0.8066065907478333
YPL183W-A,YJL085W,0,-2.861386,0.11028315871953964,1.0,0.8067567348480225
YGR251W,YCR002C,0,-2.8639054,0.11026489734649658,1.0,0.8069068789482117
YNL261W,YNL208W,0,-2.8644485,0.11024665087461472,1.0,0.8070570826530457
YMR089C,YCL032W,0,-2.865341,0.11022840440273285,1.0,0.8072072267532349
YMR269W,YLR353W,0,-2.8654904,0.11021015793085098,1.0,0.8073573708534241
YOL142W,YER052C,0,-2.8665788,0.11019192636013031,1.0,0.8075075149536133
YOL103W-B,YBR120C,0,-2.8668034,0.11017369478940964,1.0,0.8076576590538025
YPL007C,YHR109W,0,-2.8677974,0.11015547811985016,1.0,0.8078078031539917
YLR383W,YKL166C,0,-2.8679838,0.11013726145029068,1.0,0.8079579472541809
YJR151C,YDL045W-A,0,-2.8694117,0.1101190447807312,1.0,0.8081080913543701
YKR056W,YPL180W,0,-2.8704705,0.11010084301233292,1.0,0.8082582354545593
YNL102W,YCR052W,0,-2.870943,0.11008264124393463,1.0,0.8084083795547485
YDR076W,YPR152C,0,-2.8724923,0.11006445437669754,1.0,0.8085585832595825
YBR006W,YJL191W,0,-2.87343,0.11004626750946045,1.0,0.8087087273597717
YDR306C,YLR187W,0,-2.8752658,0.11002808809280396,1.0,0.8088588714599609
YPR191W,YDR369C,0,-2.8766305,0.11000990867614746,1.0,0.8090090155601501
YNL102W,YGR134W,0,-2.876849,0.10999174416065216,1.0,0.8091591596603394
YBR278W,YIL170W,0,-2.8775184,0.10997357964515686,1.0,0.8093093037605286
YPR011C,YMR304W,0,-2.8808353,0.10995542258024216,1.0,0.8094594478607178
YEL043W,YNL122C,0,-2.8809705,0.10993727296590805,1.0,0.809609591960907
YLL045C,YJR112W,0,-2.8826232,0.10991913080215454,1.0,0.8097597360610962
YEL052W,YGL094C,0,-2.8831592,0.10990098863840103,1.0,0.8099098801612854
YMR093W,YER171W,0,-2.8834538,0.10988285392522812,1.0,0.8100600838661194
YPR011C,YPL119C,0,-2.885451,0.1098647341132164,1.0,0.8102102279663086
YPL151C,YNR072W,0,-2.88583,0.10984661430120468,1.0,0.8103603720664978
YLR429W,YER019C-A,0,-2.8882065,0.10982849448919296,1.0,0.810510516166687
YNL314W,YIR038C,0,-2.890287,0.10981038957834244,1.0,0.8106606602668762
YKL144C,YKL015W,0,-2.8902912,0.10979228466749191,1.0,0.8108108043670654
YLL043W,YBR281C,0,-2.890996,0.10977418720722198,1.0,0.8109609484672546
YDR059C,YMR304W,0,-2.8916266,0.10975609719753265,1.0,0.8111110925674438
YML032C,YDR245W,0,-2.8924074,0.10973801463842392,1.0,0.8112612366676331
YMR093W,YPL065W,0,-2.893734,0.10971993207931519,1.0,0.811411440372467
YJL134W,YKR026C,0,-2.897318,0.10970186442136765,1.0,0.8115615844726562
YGR145W,YDL148C,0,-2.8979607,0.1096837967634201,1.0,0.8117117285728455
YMR089C,YKL210W,0,-2.8983548,0.10966573655605316,1.0,0.8118618726730347
YDR064W,YLL040C,0,-2.8997242,0.10964767634868622,1.0,0.8120120167732239
YDR411C,YOL040C,0,-2.9009094,0.10962963104248047,1.0,0.8121621608734131
YBR002C,YKL180W,0,-2.9017243,0.10961158573627472,1.0,0.8123123049736023
YLR009W,YOL004W,0,-2.90306,0.10959354788064957,1.0,0.8124624490737915
YPR171W,YGL103W,0,-2.9038758,0.10957551747560501,1.0,0.8126125931739807
YBR275C,YMR240C,0,-2.9038868,0.10955749452114105,1.0,0.8127627372741699
YLR447C,YER008C,0,-2.905478,0.1095394715666771,1.0,0.8129129409790039
YHR135C,YJR133W,0,-2.9055595,0.10952146351337433,1.0,0.8130630850791931
YDL078C,YER130C,0,-2.907592,0.10950345546007156,1.0,0.8132132291793823
YOR025W,YBL034C,0,-2.9083672,0.1094854548573494,1.0,0.8133633732795715
YNL309W,YBL079W,0,-2.9126215,0.10946745425462723,1.0,0.8135135173797607
YDR090C,YNR013C,0,-2.912986,0.10944946855306625,1.0,0.81366366147995
YPR137W,YOR351C,0,-2.9136457,0.10943148285150528,1.0,0.8138138055801392
YML058W-A,YNL223W,0,-2.9139366,0.1094135046005249,1.0,0.8139639496803284
YHR066W,YMR097C,0,-2.915822,0.10939553380012512,1.0,0.8141140937805176
YNL163C,YDR423C,0,-2.91614,0.10937756299972534,1.0,0.8142642378807068
YOL141W,YIL035C,0,-2.916203,0.10935960710048676,1.0,0.8144144415855408
YLR228C,YLR348C,0,-2.9183764,0.10934165120124817,1.0,0.81456458568573
YLR129W,YNL016W,0,-2.918419,0.10932370275259018,1.0,0.8147147297859192
YFL010W-A,YMR301C,0,-2.91868,0.10930576175451279,1.0,0.8148648738861084
YDR423C,YML080W,0,-2.9199889,0.1092878207564354,1.0,0.8150150179862976
YIL088C,YCL043C,0,-2.920278,0.1092698946595192,1.0,0.8151651620864868
YHR074W,YEL053C,0,-2.9209738,0.109251968562603,1.0,0.815315306186676
YNL070W,YBR129C,0,-2.921174,0.1092340499162674,1.0,0.8154654502868652
YHR175W,YKL182W,0,-2.921726,0.10921613872051239,1.0,0.8156155943870544
YDR034C,YOR142W,0,-2.925373,0.10919822752475739,1.0,0.8157657384872437
YOR145C,YIL108W,0,-2.925424,0.10918033123016357,1.0,0.8159159421920776
YGL162W,YGL122C,0,-2.9296763,0.10916243493556976,1.0,0.8160660862922668
YPR144C,YBR170C,0,-2.9299207,0.10914454609155655,1.0,0.816216230392456
YHR074W,YLR228C,0,-2.9314632,0.10912665724754333,1.0,0.8163663744926453
YAL063C,YLR440C,0,-2.9325762,0.10910878330469131,1.0,0.8165165185928345
YCL014W,YGL226C-A,0,-2.932758,0.1090909093618393,1.0,0.8166666626930237
YJR092W,YCL026C-B,0,-2.9330306,0.10907304286956787,1.0,0.8168168067932129
YKL094W,YGL103W,0,-2.9342399,0.10905518382787704,1.0,0.8169669508934021
YGR052W,YMR194W,0,-2.934968,0.10903732478618622,1.0,0.8171170949935913
YDR419W,YOR355W,0,-2.9352407,0.10901948064565659,1.0,0.8172672390937805
YER055C,YOR162C,0,-2.9355752,0.10900163650512695,1.0,0.8174174427986145
YNR035C,YER019C-A,0,-2.9356985,0.10898379981517792,1.0,0.8175675868988037
YPR171W,YOL107W,0,-2.9369674,0.10896597057580948,1.0,0.8177177309989929
YBR067C,YDR195W,0,-2.9381208,0.10894814133644104,1.0,0.8178678750991821
YNL230C,YDR497C,0,-2.9397383,0.1089303269982338,1.0,0.8180180191993713
YOR232W,YER074W,0,-2.9399896,0.10891251266002655,1.0,0.8181681632995605
YBR230C,YOR008C,0,-2.9403877,0.1088947057723999,1.0,0.8183183073997498
YOL142W,YOR261C,0,-2.9412112,0.10887689888477325,1.0,0.818468451499939
YJL081C,YDR173C,0,-2.9412355,0.1088591068983078,1.0,0.8186185956001282
YBR026C,YGL103W,0,-2.9414024,0.10884131491184235,1.0,0.8187687397003174
YGL068W,YCL025C,0,-2.9418006,0.10882353037595749,1.0,0.8189189434051514
YIR018W,YMR246W,0,-2.941959,0.10880575329065323,1.0,0.8190690875053406
YHR156C,YLR213C,0,-2.9422572,0.10878797620534897,1.0,0.8192192316055298
YDL045W-A,YFL033C,0,-2.9459064,0.1087702140212059,1.0,0.819369375705719
YPL127C,YMR078C,0,-2.9460187,0.10875245183706284,1.0,0.8195195198059082
YML073C,YPL183W-A,0,-2.9466586,0.10873469710350037,1.0,0.8196696639060974
YBR120C,YOL107W,0,-2.9470851,0.1087169423699379,1.0,0.8198198080062866
YNL282W,YLR251W,0,-2.948657,0.10869920253753662,1.0,0.8199699521064758
YBR002C,YNL259C,0,-2.9489017,0.10868146270513535,1.0,0.820120096206665
YJL081C,YNL175C,0,-2.9490004,0.10866373032331467,1.0,0.820270299911499
YHR132C,YGR285C,0,-2.9510784,0.10864600539207458,1.0,0.8204204440116882
YPL223C,YPR163C,0,-2.9515886,0.1086282804608345,1.0,0.8205705881118774
YMR115W,YMR246W,0,-2.9520564,0.10861057043075562,1.0,0.8207207322120667
YKL180W,YLR005W,0,-2.9531088,0.10859286040067673,1.0,0.8208708763122559
YPL139C,YDR146C,0,-2.9533625,0.10857515782117844,1.0,0.8210210204124451
YLR401C,YHR077C,0,-2.954203,0.10855745524168015,1.0,0.8211711645126343
YNL070W,YBR031W,0,-2.9569192,0.10853976756334305,1.0,0.8213213086128235
YMR039C,YHR109W,0,-2.9572437,0.10852207988500595,1.0,0.8214714527130127
YIL061C,YIR005W,0,-2.9579868,0.10850439965724945,1.0,0.8216215968132019
YGL172W,YNR021W,0,-2.9589357,0.10848672688007355,1.0,0.8217718005180359
YKL170W,YDR062W,0,-2.962244,0.10846905410289764,1.0,0.8219219446182251
YLR024C,YGR155W,0,-2.9624414,0.10845138877630234,1.0,0.8220720887184143
YLL002W,YHL034C,0,-2.962493,0.10843373835086823,1.0,0.8222222328186035
YLR182W,YPL223C,0,-2.963737,0.10841608047485352,1.0,0.8223723769187927
YOR299W,YGL071W,0,-2.9647162,0.1083984375,1.0,0.8225225210189819
YNR004W,YLR285W,0,-2.9651837,0.10838079452514648,1.0,0.8226726651191711
YMR241W,YNL238W,0,-2.9658527,0.10836316645145416,1.0,0.8228228092193604
YDR064W,YKR035W-A,0,-2.966631,0.10834553092718124,1.0,0.8229729533195496
YGL209W,YLL019C,0,-2.9692354,0.10832791030406952,1.0,0.8231230974197388
YKR057W,YDR496C,0,-2.9692974,0.10831029713153839,1.0,0.8232733011245728
YJL012C-A,YBL098W,0,-2.9696689,0.10829268395900726,1.0,0.823423445224762
YJL012C-A,YKR044W,0,-2.9696689,0.10827507823705673,1.0,0.8235735893249512
YJL012C-A,YPL027W,0,-2.9696689,0.1082574799656868,1.0,0.8237237334251404
YJL012C-A,YBL011W,0,-2.9696689,0.10823988169431686,1.0,0.8238738775253296
YGR036C,YBR075W,0,-2.969673,0.10822229087352753,1.0,0.8240240216255188
YLR295C,YGR285C,0,-2.9701514,0.10820471495389938,1.0,0.824174165725708
YPL223C,YAL038W,0,-2.9735935,0.10818713158369064,1.0,0.8243243098258972
YMR123W,YAL039C,0,-2.9740462,0.1081695631146431,1.0,0.8244744539260864
YLR183C,YIR032C,0,-2.9761426,0.10815199464559555,1.0,0.8246245980262756
YLR213C,YFL017W-A,0,-2.976796,0.1081344410777092,1.0,0.8247748017311096
YPR190C,YKL206C,0,-2.977131,0.10811688005924225,1.0,0.8249249458312988
YER008C,YNL178W,0,-2.9804883,0.10809933394193649,1.0,0.825075089931488
YJL144W,YBR074W,0,-2.981382,0.10808179527521133,1.0,0.8252252340316772
YMR097C,YCR046C,0,-2.9822736,0.10806425660848618,1.0,0.8253753781318665
YKL168C,YOL040C,0,-2.9825897,0.10804672539234161,1.0,0.8255255222320557
YBR037C,YLR151C,0,-2.9841373,0.10802919417619705,1.0,0.8256756663322449
YNR067C,YER130C,0,-2.9841628,0.10801167786121368,1.0,0.8258258104324341
YJL081C,YNR015W,0,-2.9843354,0.10799416154623032,1.0,0.8259759545326233
YPR196W,YDR492W,0,-2.984665,0.10797665268182755,1.0,0.8261260986328125
YLR182W,YOR008C,0,-2.991127,0.10795915126800537,1.0,0.8262763023376465
YEL037C,YLR394W,0,-2.9920936,0.1079416498541832,1.0,0.8264264464378357
YNL262W,YFR052W,0,-2.9930875,0.10792416334152222,1.0,0.8265765905380249
YKR056W,YOR311C,0,-2.9953685,0.10790667682886124,1.0,0.8267267346382141
YEL036C,YNL298W,0,-2.995967,0.10788919776678085,1.0,0.8268768787384033
YMR246W,YDR226W,0,-3.0002785,0.10787171870470047,1.0,0.8270270228385925
YGL236C,YPL007C,0,-3.0030856,0.10785425454378128,1.0,0.8271771669387817
YLR228C,YCR046C,0,-3.0043106,0.10783679038286209,1.0,0.827327311038971
YLR153C,YIL035C,0,-3.005158,0.1078193262219429,1.0,0.8274774551391602
YHR179W,YGL068W,0,-3.0056572,0.1078018769621849,1.0,0.8276275992393494
YGL220W,YBR037C,0,-3.0057921,0.10778442770242691,1.0,0.8277778029441833
YOR176W,YCL043C,0,-3.005836,0.10776699334383011,1.0,0.8279279470443726
YBR261C,YIL048W,0,-3.0058703,0.10774955153465271,1.0,0.8280780911445618
YOR071C,YNR057C,0,-3.0064912,0.1077321246266365,1.0,0.828228235244751
YGR056W,YDL208W,0,-3.007196,0.1077147051692009,1.0,0.8283783793449402
YPR190C,YDR449C,0,-3.0075078,0.10769728571176529,1.0,0.8285285234451294
YDR416W,YDL077C,0,-3.0091763,0.10767987370491028,1.0,0.8286786675453186
YPR191W,YJL213W,0,-3.0107353,0.10766246169805527,1.0,0.8288288116455078
YBR275C,YDL083C,0,-3.0111556,0.10764506459236145,1.0,0.828978955745697
YKL205W,YFR036W,0,-3.0120902,0.10762766748666763,1.0,0.8291290998458862
YMR039C,YGR222W,0,-3.013585,0.10761027783155441,1.0,0.8292793035507202
YLL033W,YHL027W,0,-3.0159712,0.10759288817644119,1.0,0.8294294476509094
YOR323C,YCR087C-A,0,-3.0162365,0.10757551342248917,1.0,0.8295795917510986
YNL010W,YOR340C,0,-3.0166945,0.10755813866853714,1.0,0.8297297358512878
YBL076C,YCR087C-A,0,-3.0184174,0.10754077136516571,1.0,0.829879879951477
YJR005W,YNR018W,0,-3.0189562,0.10752341151237488,1.0,0.8300300240516663
YNL283C,YOR340C,0,-3.019034,0.10750605165958405,1.0,0.8301801681518555
YJR147W,YHR079C,0,-3.019193,0.10748869925737381,1.0,0.8303303122520447
YFL045C,YDR470C,0,-3.0195317,0.10747135430574417,1.0,0.8304804563522339
YGL068W,YML036W,0,-3.0197134,0.10745401680469513,1.0,0.8306306600570679
YDR423C,YDR461W,0,-3.0208106,0.10743668675422668,1.0,0.8307808041572571
YDL045W-A,YKL189W,0,-3.0214458,0.10741935670375824,1.0,0.8309309482574463
YGR175C,YHR085W,0,-3.0236335,0.10740203410387039,1.0,0.8310810923576355
YPR113W,YBR052C,0,-3.0251327,0.10738471150398254,1.0,0.8312312364578247
YJR092W,YKL206C,0,-3.0262687,0.10736740380525589,1.0,0.8313813805580139
YDR457W,YDR403W,0,-3.026711,0.10735009610652924,1.0,0.8315315246582031
YLR383W,YIL135C,0,-3.0273256,0.10733279585838318,1.0,0.8316816687583923
YGR056W,YAL038W,0,-3.0288024,0.10731550306081772,1.0,0.8318318128585815
YFL010W-A,YBL068W,0,-3.0302203,0.10729821026325226,1.0,0.8319819569587708
YLR203C,YDR353W,0,-3.0307467,0.1072809249162674,1.0,0.8321321606636047
YBR150C,YCR057C,0,-3.0307791,0.10726364701986313,1.0,0.832282304763794
YPR144C,YNL267W,0,-3.031331,0.10724637657403946,1.0,0.8324324488639832
YLR103C,YJR103W,0,-3.031703,0.10722910612821579,1.0,0.8325825929641724
YPR135W,YMR321C,0,-3.0318666,0.10721185058355331,1.0,0.8327327370643616
YDR174W,YNL052W,0,-3.0319235,0.10719459503889084,1.0,0.8328828811645508
YNL223W,YJL095W,0,-3.034124,0.10717733949422836,1.0,0.83303302526474
YML030W,YDR404C,0,-3.0370784,0.10716009885072708,1.0,0.8331831693649292
YGL237C,YNL298W,0,-3.0412345,0.1071428582072258,1.0,0.8333333134651184
YGL209W,YIL076W,0,-3.0428314,0.10712562501430511,1.0,0.8334834575653076
YER117W,YOR219C,0,-3.0431652,0.10710839182138443,1.0,0.8336336612701416
YGR167W,YNR044W,0,-3.0433762,0.10709117352962494,1.0,0.8337838053703308
YGR145W,YDR476C,0,-3.0436797,0.10707395523786545,1.0,0.83393394947052
YOL026C,YNR003C,0,-3.0441866,0.10705674439668655,1.0,0.8340840935707092
YNL271C,YLR033W,0,-3.0442762,0.10703953355550766,1.0,0.8342342376708984
YNL283C,YGL236C,0,-3.044503,0.10702233761548996,1.0,0.8343843817710876
YNL178W,YKL015W,0,-3.0445507,0.10700514167547226,1.0,0.8345345258712769
YGL244W,YDR211W,0,-3.0456614,0.10698795318603516,1.0,0.8346846699714661
YLR383W,YMR300C,0,-3.0475175,0.10697076469659805,1.0,0.8348348140716553
YLL051C,YBR129C,0,-3.0479474,0.10695359110832214,1.0,0.8349849581718445
YPR135W,YKR002W,0,-3.0513687,0.10693641752004623,1.0,0.8351351618766785
YPL180W,YFL045C,0,-3.0514166,0.10691925138235092,1.0,0.8352853059768677
YAL033W,YDR454C,0,-3.0531828,0.10690208524465561,1.0,0.8354354500770569
YNL236W,YDL078C,0,-3.0549877,0.1068849265575409,1.0,0.8355855941772461
YML032C,YNL290W,0,-3.0558493,0.10686778277158737,1.0,0.8357357382774353
YPR171W,YGL236C,0,-3.0565653,0.10685063153505325,1.0,0.8358858823776245
YOR187W,YJL128C,0,-3.0579157,0.10683349519968033,1.0,0.8360360264778137
YJL194W,YDL084W,0,-3.058508,0.1068163588643074,1.0,0.8361861705780029
YOL052C,YLR270W,0,-3.0593085,0.10679922997951508,1.0,0.8363363146781921
YGR180C,YJR034W,0,-3.0598404,0.10678210854530334,1.0,0.8364864587783813
YGR268C,YGR155W,0,-3.0616295,0.10676498711109161,1.0,0.8366366624832153
YKL217W,YDR454C,0,-3.0618992,0.10674787312746048,1.0,0.8367868065834045
YDR174W,YDR337W,0,-3.0621266,0.10673076659440994,1.0,0.8369369506835938
YLR278C,YER115C,0,-3.0630202,0.10671366751194,1.0,0.837087094783783
YER150W,YJR133W,0,-3.0641317,0.10669656842947006,1.0,0.8372372388839722
YDL133C-A,YOL054W,0,-3.0657,0.10667948424816132,1.0,0.8373873829841614
YNL283C,YLR285W,0,-3.0664177,0.10666239261627197,1.0,0.8375375270843506
YBL079W,YJR063W,0,-3.066945,0.10664531588554382,1.0,0.8376876711845398
YIL142W,YPR190C,0,-3.067884,0.10662823915481567,1.0,0.837837815284729
YPL122C,YNL026W,0,-3.0691905,0.10661116987466812,1.0,0.8379879593849182
YJL030W,YNR072W,0,-3.0702567,0.10659410804510117,1.0,0.8381381630897522
YJR055W,YOR338W,0,-3.0705075,0.10657705366611481,1.0,0.8382883071899414
YJR055W,YDR281C,0,-3.072413,0.10655999928712845,1.0,0.8384384512901306
YHR179W,YDR369C,0,-3.0727448,0.10654295235872269,1.0,0.8385885953903198
YNL282W,YLR380W,0,-3.0727506,0.10652591288089752,1.0,0.838738739490509
YOR145C,YDR423C,0,-3.0741959,0.10650887340307236,1.0,0.8388888835906982
YHR030C,YGR077C,0,-3.075148,0.10649184882640839,1.0,0.8390390276908875
YDR064W,YPL104W,0,-3.0789952,0.10647481679916382,1.0,0.8391891717910767
YMR033W,YMR179W,0,-3.080298,0.10645779967308044,1.0,0.8393393158912659
YML056C,YGL190C,0,-3.0821004,0.10644078999757767,1.0,0.8394894599914551
YJL030W,YLR301W,0,-3.083253,0.10642378032207489,1.0,0.8396396636962891
YOL043C,YLR026C,0,-3.0835009,0.10640677064657211,1.0,0.8397898077964783
YMR019W,YJR140C,0,-3.0841942,0.10638977587223053,1.0,0.8399399518966675
YMR169C,YGR081C,0,-3.0844042,0.10637278109788895,1.0,0.8400900959968567
YLR401C,YCL026C-B,0,-3.084451,0.10635579377412796,1.0,0.8402402400970459
YNL267W,YDL074C,0,-3.084834,0.10633881390094757,1.0,0.8403903841972351
YJR082C,YIR038C,0,-3.0858521,0.10632184147834778,1.0,0.8405405282974243
YGR010W,YLR291C,0,-3.0863166,0.10630486905574799,1.0,0.8406906723976135
YOR206W,YBL112C,0,-3.0877497,0.10628790408372879,1.0,0.8408408164978027
YDR240C,YMR272C,0,-3.0882115,0.10627094656229019,1.0,0.8409910202026367
YOL070C,YFL013C,0,-3.0902123,0.10625398904085159,1.0,0.8411411643028259
YHR164C,YNL175C,0,-3.0925527,0.10623703896999359,1.0,0.8412913084030151
YJL081C,YMR099C,0,-3.0937657,0.10622009634971619,1.0,0.8414414525032043
YJR101W,YLR209C,0,-3.0938444,0.10620315372943878,1.0,0.8415915966033936
YFR001W,YNL026W,0,-3.0983815,0.10618622601032257,1.0,0.8417417407035828
YDR296W,YNL304W,0,-3.0996413,0.10616929829120636,1.0,0.841891884803772
YNL073W,YML128C,0,-3.1002307,0.10615237802267075,1.0,0.8420420289039612
YPR135W,YPL078C,0,-3.102354,0.10613545775413513,1.0,0.8421921730041504
YLR316C,YPR138C,0,-3.1036777,0.10611854493618011,1.0,0.8423423171043396
YPR204W,YIL079C,0,-3.1039548,0.1061016395688057,1.0,0.8424925208091736
YNL095C,YBL079W,0,-3.1041367,0.10608474165201187,1.0,0.8426426649093628
YPR191W,YLR316C,0,-3.1054134,0.10606784373521805,1.0,0.842792809009552
YMR078C,YLR005W,0,-3.105707,0.10605095326900482,1.0,0.8429429531097412
YOL070C,YJL034W,0,-3.1057951,0.10603407025337219,1.0,0.8430930972099304
YJL166W,YDR472W,0,-3.1064322,0.10601719468832016,1.0,0.8432432413101196
YBR202W,YHR132C,0,-3.1075425,0.10600031912326813,1.0,0.8433933854103088
YHR061C,YJL053W,0,-3.1089175,0.10598345100879669,1.0,0.843543529510498
YPR011C,YGR145W,0,-3.1092324,0.10596659034490585,1.0,0.8436936736106873
YDL107W,YLR268W,0,-3.1107097,0.10594972968101501,1.0,0.8438438177108765
YER125W,YNL307C,0,-3.1130302,0.10593287646770477,1.0,0.8439940214157104
YCL043C,YPL112C,0,-3.1131635,0.10591603070497513,1.0,0.8441441655158997
YMR284W,YGL180W,0,-3.1153445,0.10589919239282608,1.0,0.8442943096160889
YHR002W,YER049W,0,-3.115756,0.10588235408067703,1.0,0.8444444537162781
YNL102W,YFL001W,0,-3.1157749,0.10586552321910858,1.0,0.8445945978164673
YKR055W,YLR291C,0,-3.1166654,0.10584869980812073,1.0,0.8447447419166565
YPL213W,YLR047C,0,-3.1188388,0.10583187639713287,1.0,0.8448948860168457
YMR182C,YNL304W,0,-3.1198115,0.10581506043672562,1.0,0.8450450301170349
YER055C,YDR498C,0,-3.1222255,0.10579825192689896,1.0,0.8451951742172241
YJR082C,YOR377W,0,-3.123393,0.1057814508676529,1.0,0.8453453183174133
YOR206W,YBR072W,0,-3.1237583,0.10576464980840683,1.0,0.8454955220222473
YBR177C,YOR251C,0,-3.1241355,0.10574785619974136,1.0,0.8456456661224365
YEL037C,YOR393W,0,-3.1271029,0.1057310700416565,1.0,0.8457958102226257
YIL021W,YGL183C,0,-3.1294198,0.10571428388357162,1.0,0.8459459543228149
YLR312W-A,YOR294W,0,-3.1301,0.10569750517606735,1.0,0.8460960984230042
YNL122C,YHR008C,0,-3.1312704,0.10568073391914368,1.0,0.8462462425231934
YNL110C,YPR030W,0,-3.1327477,0.1056639701128006,1.0,0.8463963866233826
YOR323C,YOL155C,0,-3.1329887,0.10564720630645752,1.0,0.8465465307235718
YBR037C,YMR213W,0,-3.1347728,0.10563044995069504,1.0,0.846696674823761
YEL022W,YEL043W,0,-3.1360202,0.10561370104551315,1.0,0.8468468189239502
YOL142W,YOR126C,0,-3.139741,0.10559695214033127,1.0,0.8469970226287842
YHR066W,YGL241W,0,-3.140089,0.10558021813631058,1.0,0.8471471667289734
YHL012W,YLR350W,0,-3.14225,0.10556348413228989,1.0,0.8472973108291626
YPL104W,YMR065W,0,-3.1438127,0.1055467501282692,1.0,0.8474474549293518
YNL044W,YKL172W,0,-3.1441798,0.1055300235748291,1.0,0.847597599029541
YHR175W,YBR074W,0,-3.1447542,0.1055133044719696,1.0,0.8477477431297302
YLR203C,YAL016W,0,-3.1462543,0.1054965928196907,1.0,0.8478978872299194
YLR228C,YFR045W,0,-3.1475682,0.1054798886179924,1.0,0.8480480313301086
YPR137W,YCL052C,0,-3.1497157,0.1054631844162941,1.0,0.8481981754302979
YCL018W,YGL163C,0,-3.1500921,0.10544648766517639,1.0,0.8483483195304871
YOL136C,YGL216W,0,-3.150406,0.10542979091405869,1.0,0.848498523235321
YBL058W,YBR261C,0,-3.150736,0.10541310906410217,1.0,0.8486486673355103
YGR179C,YHR174W,0,-3.151762,0.10539641976356506,1.0,0.8487988114356995
YGR281W,YGL103W,0,-3.151978,0.10537974536418915,1.0,0.8489489555358887
YLR401C,YML006C,0,-3.1519914,0.10536307841539383,1.0,0.8490990996360779
YER150W,YDR218C,0,-3.152391,0.10534641146659851,1.0,0.8492492437362671
YGL050W,YDL047W,0,-3.1541266,0.10532975196838379,1.0,0.8493993878364563
YLR395C,YIL159W,0,-3.1586661,0.10531309247016907,1.0,0.8495495319366455
YOL028C,YLR251W,0,-3.159056,0.10529644042253494,1.0,0.8496996760368347
YLL034C,YFR018C,0,-3.1620352,0.10527979582548141,1.0,0.8498498201370239
YGL236C,YFL045C,0,-3.1634316,0.10526315867900848,1.0,0.8500000238418579
YDL061C,YHR058C,0,-3.166058,0.10524652153253555,1.0,0.8501501679420471
YER125W,YOR099W,0,-3.1677961,0.10522989183664322,1.0,0.8503003120422363
YOR138C,YGR199W,0,-3.1678226,0.10521326959133148,1.0,0.8504504561424255
YIL079C,YLR130C,0,-3.16794,0.10519665479660034,1.0,0.8506006002426147
YOL026C,YMR295C,0,-3.1689239,0.1051800400018692,1.0,0.850750744342804
YER055C,YKR056W,0,-3.1704297,0.10516343265771866,1.0,0.8509008884429932
YNL122C,YOR020C,0,-3.171751,0.10514682531356812,1.0,0.8510510325431824
YNL309W,YNL192W,0,-3.1720686,0.10513022541999817,1.0,0.8512011766433716
YOR323C,YNL006W,0,-3.1743956,0.10511363297700882,1.0,0.8513513803482056
YPL042C,YGR012W,0,-3.1760688,0.10509704798460007,1.0,0.8515015244483948
YMR020W,YBR026C,0,-3.1788797,0.10508047044277191,1.0,0.851651668548584
YBR177C,YHL027W,0,-3.1791868,0.10506389290094376,1.0,0.8518018126487732
YER151C,YLR344W,0,-3.1796176,0.1050473153591156,1.0,0.8519519567489624
YDR419W,YDR064W,0,-3.180233,0.10503075271844864,1.0,0.8521021008491516
YNR017W,YLL027W,0,-3.1812456,0.10501419007778168,1.0,0.8522522449493408
YCL026C-B,YML109W,0,-3.1814342,0.10499763488769531,1.0,0.85240238904953
YGL014W,YPL093W,0,-3.1817062,0.10498108714818954,1.0,0.8525525331497192
YGR095C,YKL206C,0,-3.183587,0.10496453940868378,1.0,0.8527026772499084
YMR272C,YEL056W,0,-3.1864944,0.1049479991197586,1.0,0.8528528809547424
YHR164C,YAL029C,0,-3.187802,0.10493146628141403,1.0,0.8530030250549316
YKL165C,YGR027C,0,-3.1885238,0.10491493344306946,1.0,0.8531531691551208
YCR087C-A,YDL097C,0,-3.1895437,0.10489840805530548,1.0,0.8533033132553101
YKL013C,YGR095C,0,-3.1897063,0.1048818901181221,1.0,0.8534534573554993
YML056C,YCL052C,0,-3.1905122,0.10486537218093872,1.0,0.8536036014556885
YOL010W,YOR025W,0,-3.1912127,0.10484886914491653,1.0,0.8537537455558777
YMR039C,YOL104C,0,-3.1929762,0.10483236610889435,1.0,0.8539038896560669
YJR082C,YBR282W,0,-3.196735,0.10481586307287216,1.0,0.8540540337562561
YDR310C,YJR133W,0,-3.1970885,0.10479936748743057,1.0,0.8542041778564453
YOR106W,YDL055C,0,-3.2018101,0.10478287935256958,1.0,0.8543543815612793
YJL124C,YER046W,0,-3.204142,0.10476639866828918,1.0,0.8545045256614685
YNL010W,YGL216W,0,-3.2061543,0.10474991798400879,1.0,0.8546546697616577
YPL096W,YPR133W-A,0,-3.207045,0.10473345220088959,1.0,0.8548048138618469
YHR132C,YGR199W,0,-3.2091324,0.10471697896718979,1.0,0.8549549579620361
YKL093W,YJL172W,0,-3.2097175,0.10470052063465118,1.0,0.8551051020622253
YBR287W,YBR145W,0,-3.210372,0.10468406230211258,1.0,0.8552552461624146
YJR101W,YPR091C,0,-3.2134926,0.10466761142015457,1.0,0.8554053902626038
YJL194W,YGR169C,0,-3.2139373,0.10465116053819656,1.0,0.855555534362793
YPL113C,YHL027W,0,-3.2166057,0.10463472455739975,1.0,0.8557056784629822
YKL074C,YMR246W,0,-3.2177057,0.10461828112602234,1.0,0.8558558821678162
YOR323C,YMR032W,0,-3.2177744,0.10460185259580612,1.0,0.8560060262680054
YJL194W,YLR348C,0,-3.218124,0.1045854240655899,1.0,0.8561561703681946
YOR317W,YNL032W,0,-3.2192283,0.10456900298595428,1.0,0.8563063144683838
YGR199W,YIL140W,0,-3.2196593,0.10455258935689926,1.0,0.856456458568573
YJR092W,YBR075W,0,-3.2196631,0.10453618317842484,1.0,0.8566066026687622
YDL061C,YJL081C,0,-3.2201676,0.10451977699995041,1.0,0.8567567467689514
YDR170C,YLR187W,0,-3.2202692,0.10450337082147598,1.0,0.8569068908691406
YOL043C,YOL101C,0,-3.221138,0.10448697954416275,1.0,0.8570570349693298
YDR460W,YKL172W,0,-3.2211492,0.10447058826684952,1.0,0.857207179069519
YGL172W,YER090W,0,-3.2243695,0.10445420444011688,1.0,0.857357382774353
YER014C-A,YNL131W,0,-3.2269073,0.10443782061338425,1.0,0.8575075268745422
YGR085C,YML128C,0,-3.2270746,0.1044214516878128,1.0,0.8576576709747314
YHR132C,YOR393W,0,-3.2272425,0.10440508276224136,1.0,0.8578078150749207
YGL233W,YFR036W,0,-3.2288246,0.10438871383666992,1.0,0.8579579591751099
YDR090C,YBR074W,0,-3.2292447,0.10437235236167908,1.0,0.8581081032752991
YNL283C,YIR005W,0,-3.229258,0.10435599833726883,1.0,0.8582582473754883
YJR127C,YOR382W,0,-3.2314377,0.10433965176343918,1.0,0.8584083914756775
YHR060W,YLR264W,0,-3.2322693,0.10432330518960953,1.0,0.8585585355758667
YLR043C,YBL052C,0,-3.233118,0.10430696606636047,1.0,0.8587086796760559
YPR171W,YGR239C,0,-3.2360148,0.10429063439369202,1.0,0.8588588833808899
YPR182W,YER168C,0,-3.2365541,0.10427431017160416,1.0,0.8590090274810791
YHR132C,YPR159W,0,-3.2380776,0.1042579859495163,1.0,0.8591591715812683
YPR001W,YPR043W,0,-3.2381876,0.10424166172742844,1.0,0.8593093156814575
YNL073W,YLR425W,0,-3.2389655,0.10422535240650177,1.0,0.8594594597816467
YOL070C,YLR314C,0,-3.2391667,0.1042090430855751,1.0,0.8596096038818359
YNL261W,YGL122C,0,-3.2400553,0.10419274121522903,1.0,0.8597597479820251
YLR080W,YER171W,0,-3.240665,0.10417643934488297,1.0,0.8599098920822144
YIL020C,YOR299W,0,-3.2410016,0.10416015237569809,1.0,0.8600600361824036
YPL188W,YGL019W,0,-3.24154,0.10414386540651321,1.0,0.8602102398872375
YDL074C,YER046W,0,-3.243173,0.10412757843732834,1.0,0.8603603839874268
YOR142W,YKR069W,0,-3.2451403,0.10411129891872406,1.0,0.860510528087616
YDR211W,YPL113C,0,-3.2463021,0.10409502685070038,1.0,0.8606606721878052
YOR176W,YLR043C,0,-3.2469802,0.1040787622332573,1.0,0.8608108162879944
YDR090C,YML080W,0,-3.2482796,0.10406249761581421,1.0,0.8609609603881836
YAL040C,YBR093C,0,-3.2499483,0.10404624044895172,1.0,0.8611111044883728
YDL133C-A,YFR031C,0,-3.2517867,0.10402999073266983,1.0,0.861261248588562
YGR081C,YOR274W,0,-3.2540622,0.10401374101638794,1.0,0.8614113926887512
YGR095C,YOL151W,0,-3.2542996,0.10399749875068665,1.0,0.8615615367889404
YPR001W,YBR282W,0,-3.2544792,0.10398126393556595,1.0,0.8617117404937744
YKL170W,YDL140C,0,-3.25472,0.10396502912044525,1.0,0.8618618845939636
YMR039C,YML097C,0,-3.2565532,0.10394880920648575,1.0,0.8620120286941528
YPR171W,YLL043W,0,-3.2571805,0.10393258184194565,1.0,0.862162172794342
YNL273W,YHR039C-A,0,-3.2574983,0.10391636937856674,1.0,0.8623123168945312
YJL200C,YKL206C,0,-3.2580385,0.10390015691518784,1.0,0.8624624609947205
YPR171W,YHR135C,0,-3.2580593,0.10388395190238953,1.0,0.8626126050949097
YLR182W,YNL273W,0,-3.258353,0.10386774688959122,1.0,0.8627627491950989
YNL273W,YMR229C,0,-3.259122,0.1038515493273735,1.0,0.8629128932952881
YMR032W,YJL117W,0,-3.260303,0.10383535921573639,1.0,0.8630630373954773
YPR171W,YDR229W,0,-3.261365,0.10381917655467987,1.0,0.8632132411003113
YOR106W,YNL267W,0,-3.2662234,0.10380299389362335,1.0,0.8633633852005005
YMR182C,YGR155W,0,-3.2668686,0.10378681868314743,1.0,0.8635135293006897
YKL165C,YMR308C,0,-3.2689204,0.10377064347267151,1.0,0.8636636734008789
YDR405W,YBL113C,0,-3.269062,0.10375447571277618,1.0,0.8638138175010681
YPL134C,YGR089W,0,-3.2699747,0.10373831540346146,1.0,0.8639639616012573
YDR090C,YDR207C,0,-3.2713664,0.10372216254472733,1.0,0.8641141057014465
YJL140W,YGR155W,0,-3.2716186,0.1037060096859932,1.0,0.8642642498016357
YOL010W,YHR074W,0,-3.272698,0.10368986427783966,1.0,0.864414393901825
YKR002W,YOL054W,0,-3.2751842,0.10367372632026672,1.0,0.8645645380020142
YGR221C,YPL183W-A,0,-3.276992,0.10365758836269379,1.0,0.8647147417068481
YOR230W,YPR133W-A,0,-3.2781847,0.10364145785570145,1.0,0.8648648858070374
YHR179W,YJL060W,0,-3.2782345,0.1036253273487091,1.0,0.8650150299072266
YOR301W,YDR353W,0,-3.279244,0.10360921174287796,1.0,0.8651651740074158
YNL236W,YKL205W,0,-3.2800171,0.10359309613704681,1.0,0.865315318107605
YGR252W,YDR218C,0,-3.2817783,0.10357698053121567,1.0,0.8654654622077942
YLR429W,YNR018W,0,-3.2826633,0.10356087982654572,1.0,0.8656156063079834
YJL166W,YHR079C,0,-3.282917,0.10354477912187576,1.0,0.8657657504081726
YMR005W,YLR183C,0,-3.2856007,0.10352867841720581,1.0,0.8659158945083618
YGL237C,YPL200W,0,-3.2864218,0.10351259261369705,1.0,0.866066038608551
YLR401C,YPL244C,0,-3.2873592,0.1034965068101883,1.0,0.866216242313385
YGR251W,YBR026C,0,-3.288855,0.10348042100667953,1.0,0.8663663864135742
YKR054C,YDL179W,0,-3.2921827,0.10346435010433197,1.0,0.8665165305137634
YMR089C,YLR295C,0,-3.2931738,0.1034482792019844,1.0,0.8666666746139526
YGR171C,YBR192W,0,-3.295969,0.10343220829963684,1.0,0.8668168187141418
YHR030C,YGR052W,0,-3.2961178,0.10341615229845047,1.0,0.866966962814331
YOR275C,YGL046W,0,-3.2988944,0.1034000962972641,1.0,0.8671171069145203
YDR461W,YHR135C,0,-3.299368,0.10338404029607773,1.0,0.8672672510147095
YLR312W-A,YMR296C,0,-3.3005466,0.10336799919605255,1.0,0.8674173951148987
YFL066C,YBR187W,0,-3.301156,0.10335195809602737,1.0,0.8675675392150879
YKL182W,YPL274W,0,-3.3015487,0.1033359169960022,1.0,0.8677177429199219
YIL143C,YMR238W,0,-3.3031316,0.10331989079713821,1.0,0.8678678870201111
YLR321C,YNL122C,0,-3.3053942,0.10330386459827423,1.0,0.8680180311203003
YDL084W,YNL262W,0,-3.30704,0.10328783839941025,1.0,0.8681681752204895
YJR032W,YJL214W,0,-3.3072577,0.10327182710170746,1.0,0.8683183193206787
YOR098C,YJR103W,0,-3.308165,0.10325581580400467,1.0,0.8684684634208679
YGR179C,YML080W,0,-3.3082643,0.10323980450630188,1.0,0.8686186075210571
YDR245W,YGL190C,0,-3.3085122,0.10322380810976028,1.0,0.8687687516212463
YGR185C,YJR103W,0,-3.3107708,0.10320781171321869,1.0,0.8689188957214355
YCL036W,YLR380W,0,-3.31107,0.1031918153166771,1.0,0.8690690398216248
YPL188W,YNL080C,0,-3.311112,0.10317583382129669,1.0,0.8692192435264587
YDL036C,YNL262W,0,-3.3120165,0.10315985232591629,1.0,0.869369387626648
YNL160W,YGR034W,0,-3.314644,0.10314387828111649,1.0,0.8695195317268372
YOR176W,YBR026C,0,-3.3153534,0.10312790423631668,1.0,0.8696696758270264
YOR126C,YGR175C,0,-3.3156588,0.10311193764209747,1.0,0.8698198199272156
YBR093C,YDR364C,0,-3.3157775,0.10309597849845886,1.0,0.8699699640274048
YKL085W,YNL121C,0,-3.322267,0.10308001935482025,1.0,0.870120108127594
YJR006W,YGL030W,0,-3.322795,0.10306406766176224,1.0,0.8702702522277832
YPR080W,YOL090W,0,-3.3239274,0.10304812341928482,1.0,0.8704203963279724
YGR052W,YDL061C,0,-3.3247643,0.1030321791768074,1.0,0.8705706000328064
YGR180C,YFL023W,0,-3.3264856,0.10301624238491058,1.0,0.8707207441329956
YLL002W,YDL148C,0,-3.3278682,0.10300030559301376,1.0,0.8708708882331848
YJL191W,YJL128C,0,-3.3326592,0.10298438370227814,1.0,0.871021032333374
YGR282C,YMR210W,0,-3.3331666,0.10296846181154251,1.0,0.8711711764335632
YJR127C,YOR323C,0,-3.3334305,0.10295253992080688,1.0,0.8713213205337524
YLR080W,YMR308C,0,-3.333879,0.10293663293123245,1.0,0.8714714646339417
YOR298W,YER115C,0,-3.3347268,0.10292072594165802,1.0,0.8716216087341309
YNL271C,YDR496C,0,-3.335292,0.10290481895208359,1.0,0.8717717528343201
YER013W,YER055C,0,-3.3373785,0.10288892686367035,1.0,0.8719218969345093
YOR147W,YPR091C,0,-3.3404403,0.10287302732467651,1.0,0.8720721006393433
YNL121C,YGL004C,0,-3.3421926,0.10285714268684387,1.0,0.8722222447395325
YIL132C,YGL259W,0,-3.343439,0.10284125804901123,1.0,0.8723723888397217
YJL155C,YIL079C,0,-3.3441622,0.10282538086175919,1.0,0.8725225329399109
YPL151C,YDR140W,0,-3.3450837,0.10280951112508774,1.0,0.8726726770401001
YEL037C,YGL046W,0,-3.3452418,0.10279364138841629,1.0,0.8728228211402893
YOR261C,YJL085W,0,-3.3456573,0.10277777910232544,1.0,0.8729729652404785
YMR182C,YPR159W,0,-3.3465228,0.10276191681623459,1.0,0.8731231093406677
YML073C,YPL011C,0,-3.3479319,0.10274606943130493,1.0,0.8732732534408569
YDR332W,YDR497C,0,-3.3483846,0.10273021459579468,1.0,0.8734233975410461
YMR093W,YBR222C,0,-3.3488972,0.10271437466144562,1.0,0.8735736012458801
YGR216C,YPR160W,0,-3.3489237,0.10269853472709656,1.0,0.8737237453460693
YKL175W,YOR393W,0,-3.3497617,0.1026827022433281,1.0,0.8738738894462585
YKR054C,YBL092W,0,-3.3501081,0.10266686975955963,1.0,0.8740240335464478
YLL008W,YDR416W,0,-3.350674,0.10265104472637177,1.0,0.874174177646637
YDR492W,YGR012W,0,-3.3510685,0.1026352271437645,1.0,0.8743243217468262
YCR060W,YOR304C-A,0,-3.3515563,0.10261941701173782,1.0,0.8744744658470154
YGL046W,YMR308C,0,-3.3526587,0.10260360687971115,1.0,0.8746246099472046
YLR429W,YDL040C,0,-3.3526716,0.10258779674768448,1.0,0.8747747540473938
YLR103C,YNL052W,0,-3.3529139,0.102572001516819,1.0,0.874924898147583
YNL073W,YGR032W,0,-3.358617,0.10255620628595352,1.0,0.875075101852417
YJL103C,YML128C,0,-3.359414,0.10254041850566864,1.0,0.8752252459526062
YOR099W,YPL050C,0,-3.3595924,0.10252463072538376,1.0,0.8753753900527954
YPL007C,YLR344W,0,-3.359813,0.10250885039567947,1.0,0.8755255341529846
YBR002C,YEL012W,0,-3.359818,0.10249307751655579,1.0,0.8756756782531738
YGL172W,YMR146C,0,-3.3617291,0.1024773046374321,1.0,0.875825822353363
YNL073W,YNL010W,0,-3.3629613,0.10246153920888901,1.0,0.8759759664535522
YGL237C,YDR453C,0,-3.3639894,0.10244578123092651,1.0,0.8761261105537415
YPR189W,YNR003C,0,-3.3688712,0.10243002325296402,1.0,0.8762762546539307
YOR323C,YMR112C,0,-3.3694901,0.10241427272558212,1.0,0.8764263987541199
YPR144C,YMR176W,0,-3.3713982,0.10239852219820023,1.0,0.8765766024589539
YGR084C,YCL052C,0,-3.3716145,0.10238277912139893,1.0,0.8767267465591431
YNL267W,YFL045C,0,-3.3740788,0.10236704349517822,1.0,0.8768768906593323
YLR206W,YJL081C,0,-3.374846,0.10235131531953812,1.0,0.8770270347595215
YIL159W,YJL128C,0,-3.3779883,0.10233558714389801,1.0,0.8771771788597107
YER017C,YAL029C,0,-3.379134,0.1023198664188385,1.0,0.8773273229598999
YDL097C,YGL148W,0,-3.3792348,0.10230414569377899,1.0,0.8774774670600891
YDR454C,YKL085W,0,-3.3815053,0.10228843241930008,1.0,0.8776276111602783
YDR159W,YBL098W,0,-3.3833184,0.10227272659540176,1.0,0.8777777552604675
YPL134C,YIL048W,0,-3.3874397,0.10225702077150345,1.0,0.8779278993606567
YPR191W,YDR138W,0,-3.388085,0.10224132984876633,1.0,0.8780781030654907
YDL074C,YCR052W,0,-3.3905315,0.10222563147544861,1.0,0.8782282471656799
YLR105C,YBL076C,0,-3.39094,0.10220994800329208,1.0,0.8783783912658691
YPR113W,YGL233W,0,-3.391556,0.10219426453113556,1.0,0.8785285353660583
YGL241W,YGL046W,0,-3.3919146,0.10217858105897903,1.0,0.8786786794662476
YFR001W,YLR160C,0,-3.3965473,0.1021629050374031,1.0,0.8788288235664368
YJR082C,YMR272C,0,-3.3969326,0.10214723646640778,1.0,0.878978967666626
YDL036C,YER104W,0,-3.397012,0.10213157534599304,1.0,0.8791291117668152
YMR039C,YDR207C,0,-3.3978767,0.10211591422557831,1.0,0.8792792558670044
YNL290W,YMR240C,0,-3.399015,0.10210026055574417,1.0,0.8794293999671936
YOR297C,YLR440C,0,-3.3993053,0.10208461433649063,1.0,0.8795796036720276
YER074W,YDR332W,0,-3.3996305,0.10206896811723709,1.0,0.8797297477722168
YKL182W,YJL053W,0,-3.4002838,0.10205332189798355,1.0,0.879879891872406
YJR004C,YOL093W,0,-3.4015489,0.1020376905798912,1.0,0.8800300359725952
YOR301W,YAR002C-A,0,-3.4033818,0.10202205926179886,1.0,0.8801801800727844
YFL013C,YMR273C,0,-3.4041042,0.10200643539428711,1.0,0.8803303241729736
YPL094C,YHR168W,0,-3.4060636,0.10199081152677536,1.0,0.8804804682731628
YPL082C,YLR024C,0,-3.4086618,0.10197519510984421,1.0,0.880630612373352
YNL175C,YER115C,0,-3.411621,0.10195958614349365,1.0,0.8807807564735413
YGL186C,YLR042C,0,-3.412805,0.1019439771771431,1.0,0.8809309601783752
YLR300W,YBL029C-A,0,-3.4130082,0.10192837566137314,1.0,0.8810811042785645
YPL180W,YLR353W,0,-3.413589,0.10191277414560318,1.0,0.8812312483787537
YPR189W,YPR190C,0,-3.4147763,0.10189718753099442,1.0,0.8813813924789429
YAL022C,YER154W,0,-3.4165988,0.10188159346580505,1.0,0.8815315365791321
YOL145C,YJL081C,0,-3.4174638,0.10186601430177689,1.0,0.8816816806793213
YLR105C,YBR081C,0,-3.420458,0.10185043513774872,1.0,0.8818318247795105
YOR291W,YJR078W,0,-3.4207435,0.10183486342430115,1.0,0.8819819688796997
YGL046W,YFL021W,0,-3.4213922,0.10181929171085358,1.0,0.8821321129798889
YDL217C,YMR099C,0,-3.4216058,0.1018037274479866,1.0,0.8822822570800781
YNR015W,YOR351C,0,-3.4272447,0.10178817063570023,1.0,0.8824324607849121
YKR066C,YBR115C,0,-3.4291394,0.10177261382341385,1.0,0.8825826048851013
YDL227C,YPL113C,0,-3.4294364,0.10175706446170807,1.0,0.8827327489852905
YOR074C,YER165W,0,-3.4302878,0.10174152255058289,1.0,0.8828828930854797
YOR301W,YGR222W,0,-3.430409,0.1017259806394577,1.0,0.883033037185669
YPL134C,YML073C,0,-3.4332452,0.10171044617891312,1.0,0.8831831812858582
YER022W,YOL155C,0,-3.4347925,0.10169491171836853,1.0,0.8833333253860474
YKL170W,YEL036C,0,-3.4419281,0.10167939215898514,1.0,0.8834834694862366
YGR180C,YMR273C,0,-3.4429998,0.10166386514902115,1.0,0.8836336135864258
YLR105C,YHR079C,0,-3.445746,0.10164835304021835,1.0,0.883783757686615
YBR278W,YNR072W,0,-3.4458804,0.10163284093141556,1.0,0.883933961391449
YGR112W,YDL083C,0,-3.4466655,0.10161733627319336,1.0,0.8840841054916382
YPR024W,YBL011W,0,-3.4482126,0.10160183161497116,1.0,0.8842342495918274
YNL032W,YGR027C,0,-3.4484324,0.10158633440732956,1.0,0.8843843936920166
YGR199W,YOR204W,0,-3.450921,0.10157083719968796,1.0,0.8845345377922058
YNL172W,YGL148W,0,-3.451827,0.10155535489320755,1.0,0.884684681892395
YJL124C,YNR018W,0,-3.454316,0.10153987258672714,1.0,0.8848348259925842
YOL142W,YDL179W,0,-3.4551501,0.10152439028024673,1.0,0.8849849700927734
YPR194C,YIR025W,0,-3.4570727,0.10150891542434692,1.0,0.8851351141929626
YIL095W,YML080W,0,-3.457974,0.10149344801902771,1.0,0.8852852582931519
YOL043C,YMR160W,0,-3.4586277,0.1014779806137085,1.0,0.8854354619979858
YHR047C,YGL004C,0,-3.459149,0.10146252065896988,1.0,0.885585606098175
YEL070W,YHR058C,0,-3.4631057,0.10144706815481186,1.0,0.8857357501983643
YLR129W,YMR186W,0,-3.463889,0.10143161565065384,1.0,0.8858858942985535
YGR251W,YGL060W,0,-3.466575,0.10141617059707642,1.0,0.8860360383987427
YOR283W,YMR160W,0,-3.4665818,0.10140073299407959,1.0,0.8861861824989319
YOR304W,YMR218C,0,-3.4679313,0.10138529539108276,1.0,0.8863363265991211
YLL012W,YOR180C,0,-3.4684935,0.10136986523866653,1.0,0.8864864706993103
YDR460W,YDR429C,0,-3.4693935,0.1013544350862503,1.0,0.8866366147994995
YPL147W,YLR264W,0,-3.469678,0.10133901238441467,1.0,0.8867867588996887
YOR230W,YGR089W,0,-3.4706807,0.10132359713315964,1.0,0.8869369626045227
YGL172W,YJR119C,0,-3.4732342,0.1013081818819046,1.0,0.8870871067047119
YMR315W,YPL042C,0,-3.4734094,0.10129277408123016,1.0,0.8872372508049011
YJR006W,YER190W,0,-3.4738734,0.10127737373113632,1.0,0.8873873949050903
YER117W,YLR050C,0,-3.476519,0.10126197338104248,1.0,0.8875375390052795
YMR033W,YFL001W,0,-3.4768715,0.10124658048152924,1.0,0.8876876831054688
YGL209W,YPR043W,0,-3.477024,0.10123118758201599,1.0,0.887837827205658
YPL104W,YOR162C,0,-3.4770846,0.10121580213308334,1.0,0.8879879713058472
YOL010W,YOR148C,0,-3.480299,0.10120042413473129,1.0,0.8881381154060364
YER154W,YNL163C,0,-3.4805574,0.10118505358695984,1.0,0.8882882595062256
YDR492W,YBR257W,0,-3.48205,0.10116968303918839,1.0,0.8884384632110596
YPL007C,YER104W,0,-3.4837027,0.10115431249141693,1.0,0.8885886073112488
YBR247C,YKL182W,0,-3.484611,0.10113894939422607,1.0,0.888738751411438
YMR319C,YNL219C,0,-3.4922066,0.10112359374761581,1.0,0.8888888955116272
YNL102W,YLR024C,0,-3.493687,0.10110824555158615,1.0,0.8890390396118164
YLR005W,YHR168W,0,-3.495563,0.10109289735555649,1.0,0.8891891837120056
YGR084C,YHR039C-A,0,-3.495818,0.10107755661010742,1.0,0.8893393278121948
YLL008W,YOR180C,0,-3.4964418,0.10106221586465836,1.0,0.889489471912384
YOR297C,YAL029C,0,-3.497069,0.10104688256978989,1.0,0.8896396160125732
YNL122C,YLR145W,0,-3.498885,0.10103155672550201,1.0,0.8897897601127625
YGL183C,YFR001W,0,-3.50081,0.10101623088121414,1.0,0.8899399638175964
YER013W,YOR323C,0,-3.5029848,0.10100091248750687,1.0,0.8900901079177856
YOL093W,YDR159W,0,-3.5031028,0.10098559409379959,1.0,0.8902402520179749
YGL236C,YMR160W,0,-3.503522,0.10097028315067291,1.0,0.8903903961181641
YPR137W,YOR355W,0,-3.50359,0.10095497965812683,1.0,0.8905405402183533
YMR123W,YDR454C,0,-3.5038571,0.10093967616558075,1.0,0.8906906843185425
YPL252C,YBL113C,0,-3.5040088,0.10092438012361526,1.0,0.8908408284187317
YBR202W,YIL076W,0,-3.5117712,0.10090909153223038,1.0,0.8909909725189209
YDR405W,YJL187C,0,-3.5129886,0.10089380294084549,1.0,0.8911411166191101
YJR082C,YER052C,0,-3.5133715,0.1008785218000412,1.0,0.8912913203239441
YDL170W,YPR159W,0,-3.513845,0.10086324065923691,1.0,0.8914414644241333
YBR247C,YGR252W,0,-3.5158455,0.10084797441959381,1.0,0.8915916085243225
YMR267W,YLR350W,0,-3.5166574,0.10083270072937012,1.0,0.8917417526245117
YBR195C,YHR039C-A,0,-3.5177336,0.10081744194030762,1.0,0.8918918967247009
YGR084C,YKL094W,0,-3.5232253,0.10080218315124512,1.0,0.8920420408248901
YDR240C,YLR301W,0,-3.5237522,0.10078692436218262,1.0,0.8921921849250793
YBL028C,YAL040C,0,-3.523954,0.10077167302370071,1.0,0.8923423290252686
YNL232W,YKL064W,0,-3.5254457,0.10075642913579941,1.0,0.8924924731254578
YAL063C,YEL062W,0,-3.5266755,0.1007411852478981,1.0,0.892642617225647
YKL180W,YDR496C,0,-3.5272055,0.10072595626115799,1.0,0.892792820930481
YFR013W,YNL307C,0,-3.5276423,0.10071071982383728,1.0,0.8929429650306702
YGR169C,YLR268W,0,-3.5282335,0.10069549083709717,1.0,0.8930931091308594
YNL102W,YDR306C,0,-3.5321593,0.10068026930093765,1.0,0.8932432532310486
YBR202W,YDL083C,0,-3.532868,0.10066505521535873,1.0,0.8933933973312378
YNL231C,YBR145W,0,-3.5348856,0.10064984112977982,1.0,0.893543541431427
YGR282C,YKL182W,0,-3.5373688,0.1006346344947815,1.0,0.8936936855316162
YGR084C,YLR268W,0,-3.5382843,0.10061942785978317,1.0,0.8938438296318054
YDL227C,YCL032W,0,-3.539692,0.10060422867536545,1.0,0.8939939737319946
YDR499W,YOR216C,0,-3.5411658,0.10058903694152832,1.0,0.8941441178321838
YBR183W,YPL094C,0,-3.5414455,0.10057384520769119,1.0,0.8942943215370178
YBR275C,YGR214W,0,-3.5415432,0.10055866092443466,1.0,0.894444465637207
YCL043C,YMR250W,0,-3.5442517,0.10054347664117813,1.0,0.8945946097373962
YDL121C,YPL163C,0,-3.5456648,0.1005282998085022,1.0,0.8947447538375854
YCR087C-A,YGL174W,0,-3.5489607,0.10051313042640686,1.0,0.8948948979377747
YBR187W,YOR327C,0,-3.5512452,0.10049796104431152,1.0,0.8950450420379639
YGR251W,YER190W,0,-3.5515666,0.10048279911279678,1.0,0.8951951861381531
YLR197W,YNL282W,0,-3.558785,0.10046764463186264,1.0,0.8953453302383423
YGR252W,YHR168W,0,-3.5602078,0.1004524901509285,1.0,0.8954954743385315
YLR163C,YER019C-A,0,-3.5616255,0.10043734312057495,1.0,0.8956456184387207
YGL174W,YOL108C,0,-3.5631294,0.1004221960902214,1.0,0.8957958221435547
YOL101C,YMR210W,0,-3.5645735,0.10040705651044846,1.0,0.8959459662437439
YDR499W,YGL183C,0,-3.5694919,0.1003919169306755,1.0,0.8960961103439331
YLR208W,YGL236C,0,-3.5702858,0.10037679225206375,1.0,0.8962462544441223
YER074W,YDR496C,0,-3.5748596,0.1003616601228714,1.0,0.8963963985443115
YHR059W,YGL190C,0,-3.5761764,0.10034654289484024,1.0,0.8965465426445007
YOL028C,YDR472W,0,-3.5767946,0.10033142566680908,1.0,0.8966966867446899
YPL131W,YDR240C,0,-3.5772245,0.10031631588935852,1.0,0.8968468308448792
YNL010W,YHR059W,0,-3.579979,0.10030120611190796,1.0,0.8969969749450684
YNL122C,YKL172W,0,-3.581174,0.100286103785038,1.0,0.8971471190452576
YOL151W,YMR034C,0,-3.5812032,0.10027100145816803,1.0,0.8972973227500916
YGL162W,YDR245W,0,-3.5822814,0.10025590658187866,1.0,0.8974474668502808
YKL090W,YGL103W,0,-3.5856943,0.10024081915616989,1.0,0.89759761095047
YBR177C,YGR177C,0,-3.586932,0.10022573173046112,1.0,0.8977477550506592
YKL170W,YMR308C,0,-3.5926871,0.10021065175533295,1.0,0.8978978991508484
YOL145C,YGL169W,0,-3.5928612,0.10019557923078537,1.0,0.8980480432510376
YLR264W,YLR028C,0,-3.5941553,0.10018050670623779,1.0,0.8981981873512268
YDR405W,YOL124C,0,-3.5950468,0.10016544163227081,1.0,0.898348331451416
YPL139C,YAL029C,0,-3.595786,0.10015037655830383,1.0,0.8984984755516052
YPR080W,YDR062W,0,-3.5986204,0.10013531893491745,1.0,0.8986486196517944
YGR036C,YER168C,0,-3.5996718,0.10012026131153107,1.0,0.8987988233566284
YGL212W,YPR160W,0,-3.601234,0.10010521858930588,1.0,0.8989489674568176
YKL117W,YIL133C,0,-3.6048012,0.10009016841650009,1.0,0.8990991115570068
YLL034C,YFL033C,0,-3.6050901,0.1000751331448555,1.0,0.899249255657196
YOL082W,YNL202W,0,-3.605741,0.10006009787321091,1.0,0.8993993997573853
YDR137W,YKL096W-A,0,-3.6060555,0.10004506260156631,1.0,0.8995495438575745
YBR230C,YMR239C,0,-3.6068096,0.10003004223108292,1.0,0.8996996879577637
YOR274W,YGR171C,0,-3.6099365,0.10001501441001892,1.0,0.8998498320579529
YFL013C,YNL219C,0,-3.6155827,0.10000000149011612,1.0,0.8999999761581421
YDL140C,YDR337W,0,-3.6167107,0.09998498857021332,1.0,0.9001501798629761
YCL043C,YHR077C,0,-3.6185772,0.09996997565031052,1.0,0.9003003239631653
YOR388C,YGR255C,0,-3.6205955,0.09995497763156891,1.0,0.9004504680633545
YBR006W,YLL045C,0,-3.6209154,0.0999399796128273,1.0,0.9006006121635437
YHR074W,YOL052C,0,-3.621435,0.0999249815940857,1.0,0.9007507562637329
YOR292C,YCL026C-B,0,-3.624196,0.09990999102592468,1.0,0.9009009003639221
YER049W,YPL139C,0,-3.6276255,0.09989500790834427,1.0,0.9010510444641113
YLR105C,YNL016W,0,-3.6278045,0.09988002479076385,1.0,0.9012011885643005
YNL102W,YOL101C,0,-3.629341,0.09986504912376404,1.0,0.9013513326644897
YPR024W,YCL024W,0,-3.634005,0.09985007345676422,1.0,0.901501476764679
YIL143C,YIL076W,0,-3.634673,0.099835105240345,1.0,0.9016516804695129
YOR206W,YGR167W,0,-3.637269,0.09982014447450638,1.0,0.9018018245697021
YMR319C,YPL259C,0,-3.6375074,0.09980518370866776,1.0,0.9019519686698914
YMR146C,YDR131C,0,-3.637543,0.09979023039340973,1.0,0.9021021127700806
YPR002W,YKL186C,0,-3.640473,0.0997752845287323,1.0,0.9022522568702698
YNL309W,YGL259W,0,-3.6404986,0.09976033866405487,1.0,0.902402400970459
YNL079C,YFR001W,0,-3.6425729,0.09974539279937744,1.0,0.9025525450706482
YPR135W,YMR180C,0,-3.643536,0.0997304618358612,1.0,0.9027026891708374
YDL024C,YIR039C,0,-3.6437707,0.09971552342176437,1.0,0.9028528332710266
YBR275C,YNL122C,0,-3.6444654,0.09970059990882874,1.0,0.9030029773712158
YJL194W,YFL001W,0,-3.6446548,0.0996856763958931,1.0,0.9031531810760498
YHR047C,YKL203C,0,-3.6451364,0.09967076033353806,1.0,0.903303325176239
YOL129W,YOR243C,0,-3.6452894,0.09965584427118301,1.0,0.9034534692764282
YGR010W,YDR260C,0,-3.6466928,0.09964093565940857,1.0,0.9036036133766174
YLR203C,YBR287W,0,-3.653513,0.09962602704763412,1.0,0.9037537574768066
YMR269W,YMR246W,0,-3.656754,0.09961112588644028,1.0,0.9039039015769958
YKL022C,YGL148W,0,-3.6570215,0.09959623217582703,1.0,0.9040540456771851
YBR066C,YDL083C,0,-3.6583712,0.09958133846521378,1.0,0.9042041897773743
YPL139C,YHR119W,0,-3.6620421,0.09956645220518112,1.0,0.9043543338775635
YER117W,YOR138C,0,-3.6624308,0.09955156594514847,1.0,0.9045044779777527
YHR132C,YAL040C,0,-3.664744,0.09953669458627701,1.0,0.9046546816825867
YPR113W,YBR230C,0,-3.6677418,0.09952181577682495,1.0,0.9048048257827759
YKL170W,YNL175C,0,-3.6704001,0.09950694441795349,1.0,0.9049549698829651
YKL180W,YER145C,0,-3.6728656,0.09949208050966263,1.0,0.9051051139831543
YLR107W,YDR281C,0,-3.67621,0.09947722405195236,1.0,0.9052552580833435
YPL200W,YPR159W,0,-3.6770818,0.0994623675942421,1.0,0.9054054021835327
YGR113W,YDR211W,0,-3.6783128,0.09944751113653183,1.0,0.9055555462837219
YGL068W,YLR300W,0,-3.6786737,0.09943266957998276,1.0,0.9057056903839111
YOL057W,YNL283C,0,-3.6803112,0.09941782057285309,1.0,0.9058558344841003
YOL057W,YLL034C,0,-3.6820335,0.09940298646688461,1.0,0.9060059785842896
YLR270W,YPR060C,0,-3.6856427,0.09938815236091614,1.0,0.9061561822891235
YDR498C,YER115C,0,-3.6865263,0.09937331825494766,1.0,0.9063063263893127
YCR046C,YML109W,0,-3.6884022,0.09935849905014038,1.0,0.906456470489502
YPL078C,YOR098C,0,-3.6921077,0.0993436723947525,1.0,0.9066066145896912
YPL007C,YPR006C,0,-3.6936646,0.09932886064052582,1.0,0.9067567586898804
YDR473C,YHR132C,0,-3.6937115,0.09931404888629913,1.0,0.9069069027900696
YLR312W-A,YGR077C,0,-3.6946335,0.09929923713207245,1.0,0.9070570468902588
YDR405W,YDR170C,0,-3.6952848,0.09928443282842636,1.0,0.907207190990448
YIL143C,YPL180W,0,-3.6976352,0.09926963597536087,1.0,0.9073573350906372
YOR209C,YFL048C,0,-3.7005334,0.09925484657287598,1.0,0.9075074791908264
YOR054C,YDR461W,0,-3.702609,0.09924005717039108,1.0,0.9076576828956604
YLR305C,YOR355W,0,-3.7027562,0.09922526776790619,1.0,0.9078078269958496
YNL110C,YOR393W,0,-3.706048,0.09921048581600189,1.0,0.9079579710960388
YOR301W,YMR180C,0,-3.7101803,0.09919571131467819,1.0,0.908108115196228
YMR321C,YDR373W,0,-3.7109728,0.09918093681335449,1.0,0.9082582592964172
YPR127W,YGR027C,0,-3.7121,0.09916616976261139,1.0,0.9084084033966064
YPR006C,YMR270C,0,-3.7127497,0.09915141016244888,1.0,0.9085585474967957
YOR099W,YHR008C,0,-3.714194,0.09913665056228638,1.0,0.9087086915969849
YJL200C,YER168C,0,-3.715464,0.09912189096212387,1.0,0.9088588356971741
YMR241W,YNR060W,0,-3.7192936,0.09910714626312256,1.0,0.9090089797973633
YIL079C,YER052C,0,-3.720053,0.09909239411354065,1.0,0.9091591835021973
YGR012W,YDR508C,0,-3.7251139,0.09907765686511993,1.0,0.9093093276023865
YPL134C,YDL059C,0,-3.7290602,0.09906291961669922,1.0,0.9094594717025757
YNL010W,YOR285W,0,-3.7322998,0.0990481823682785,1.0,0.9096096158027649
YPL273W,YFL001W,0,-3.7362142,0.09903346002101898,1.0,0.9097597599029541
YLR228C,YPR160W,0,-3.7385135,0.09901873022317886,1.0,0.9099099040031433
YOL093W,YPR152C,0,-3.7393765,0.09900401532649994,1.0,0.9100600481033325
YPL122C,YJR083C,0,-3.7413578,0.09898930042982101,1.0,0.9102101922035217
YPR182W,YOR310C,0,-3.7416282,0.09897458553314209,1.0,0.9103603363037109
YLR029C,YMR227C,0,-3.7419095,0.09895987808704376,1.0,0.9105105400085449
YOR176W,YPL064C,0,-3.7428203,0.09894517809152603,1.0,0.9106606841087341
YLR182W,YLL033W,0,-3.743074,0.0989304780960083,1.0,0.9108108282089233
YLR203C,YBL076C,0,-3.7444332,0.09891578555107117,1.0,0.9109609723091125
YOR209C,YNR015W,0,-3.7445135,0.09890110045671463,1.0,0.9111111164093018
YPL122C,YDR364C,0,-3.7448668,0.0988864153623581,1.0,0.911261260509491
YCR087C-A,YDR195W,0,-3.7528758,0.09887173026800156,1.0,0.9114114046096802
YJL081C,YMR295C,0,-3.7529647,0.09885706007480621,1.0,0.9115615487098694
YDR473C,YPL078C,0,-3.754239,0.09884238988161087,1.0,0.9117116928100586
YDL045W-A,YOR123C,0,-3.756919,0.09882771968841553,1.0,0.9118618369102478
YKR057W,YIL021W,0,-3.7571921,0.09881305694580078,1.0,0.9120120406150818
YPR187W,YPL139C,0,-3.7574205,0.09879839420318604,1.0,0.912162184715271
YMR115W,YDR281C,0,-3.7624102,0.09878374636173248,1.0,0.9123123288154602
YOR243C,YCL014W,0,-3.7626252,0.09876909106969833,1.0,0.9124624729156494
YNL236W,YGL046W,0,-3.7642844,0.09875445067882538,1.0,0.9126126170158386
YHR074W,YLR359W,0,-3.7655654,0.09873981028795242,1.0,0.9127627611160278
YFR029W,YIL094C,0,-3.7658072,0.09872516989707947,1.0,0.912912905216217
YKL165C,YMR143W,0,-3.767442,0.09871053695678711,1.0,0.9130630493164062
YJL191W,YNL258C,0,-3.7690601,0.09869591146707535,1.0,0.9132131934165955
YKL170W,YDR518W,0,-3.7694452,0.09868128597736359,1.0,0.9133633375167847
YOR292C,YBL091C-A,0,-3.770885,0.09866666793823242,1.0,0.9135135412216187
YMR146C,YNL131W,0,-3.7709312,0.09865204989910126,1.0,0.9136636853218079
YNL262W,YHR057C,0,-3.7713194,0.09863743931055069,1.0,0.9138138294219971
YJL030W,YHR059W,0,-3.7731614,0.09862283617258072,1.0,0.9139639735221863
YGR268C,YBL076C,0,-3.7751806,0.09860823303461075,1.0,0.9141141176223755
YDR449C,YIL177C,0,-3.7755017,0.09859363734722137,1.0,0.9142642617225647
YJR005W,YHR079C,0,-3.7756138,0.098579041659832,1.0,0.9144144058227539
YBL079W,YML109W,0,-3.7760003,0.09856445342302322,1.0,0.9145645499229431
YOR243C,YGL046W,0,-3.7780654,0.09854986518621445,1.0,0.9147146940231323
YDR492W,YCL034W,0,-3.7786827,0.09853528439998627,1.0,0.9148648381233215
YHR060W,YLR344W,0,-3.7794178,0.09852071106433868,1.0,0.9150150418281555
YPR125W,YNL262W,0,-3.7809033,0.0985061377286911,1.0,0.9151651859283447
YJR082C,YER046W,0,-3.7813456,0.09849157184362411,1.0,0.9153153300285339
YDR262W,YBR072W,0,-3.781683,0.09847700595855713,1.0,0.9154654741287231
YGL256W,YGR155W,0,-3.784181,0.09846244752407074,1.0,0.9156156182289124
YMR276W,YMR229C,0,-3.7873027,0.09844789654016495,1.0,0.9157657623291016
YGL112C,YAL029C,0,-3.7894483,0.09843334555625916,1.0,0.9159159064292908
YHR066W,YCR057C,0,-3.7900271,0.09841879457235336,1.0,0.91606605052948
YJL071W,YGR134W,0,-3.7937984,0.09840425848960876,1.0,0.9162161946296692
YOL010W,YDR470C,0,-3.79385,0.09838971495628357,1.0,0.9163663387298584
YER150W,YBR155W,0,-3.7974544,0.09837518632411957,1.0,0.9165165424346924
YOR292C,YBR075W,0,-3.7987137,0.09836065769195557,1.0,0.9166666865348816
YHR179W,YER145C,0,-3.8010325,0.09834612905979156,1.0,0.9168168306350708
YHR132C,YLR429W,0,-3.8019984,0.09833160787820816,1.0,0.91696697473526
YER017C,YLR285W,0,-3.8025708,0.09831709414720535,1.0,0.9171171188354492
YNL052W,YPR138C,0,-3.8051407,0.09830258041620255,1.0,0.9172672629356384
YJR006W,YHR005C-A,0,-3.8052478,0.09828807413578033,1.0,0.9174174070358276
YGR251W,YPL119C,0,-3.8067403,0.09827357530593872,1.0,0.9175675511360168
YER017C,YKR101W,0,-3.8068666,0.0982590764760971,1.0,0.917717695236206
YGR258C,YLR386W,0,-3.809709,0.0982445776462555,1.0,0.9178678393363953
YDR419W,YDR472W,0,-3.8110683,0.09823008626699448,1.0,0.9180180430412292
YDL045W-A,YDR451C,0,-3.8115044,0.09821560233831406,1.0,0.9181681871414185
YML112W,YKL020C,0,-3.818585,0.09820111840963364,1.0,0.9183183312416077
YIL021W,YPR060C,0,-3.8189752,0.09818664193153381,1.0,0.9184684753417969
YOR145C,YDR245W,0,-3.8212874,0.09817217290401459,1.0,0.9186186194419861
YER154W,YPL183W-A,0,-3.821654,0.09815770387649536,1.0,0.9187687635421753
YNR017W,YOL108C,0,-3.8220122,0.09814323484897614,1.0,0.9189189076423645
YDR494W,YPR190C,0,-3.8242655,0.0981287732720375,1.0,0.9190690517425537
YOR215C,YJL117W,0,-3.8271852,0.09811431914567947,1.0,0.9192191958427429
YNL102W,YGL200C,0,-3.8283954,0.09809986501932144,1.0,0.9193693399429321
YLL008W,YMR227C,0,-3.8290248,0.098085418343544,1.0,0.9195195436477661
YJR101W,YJR053W,0,-3.8336484,0.09807097911834717,1.0,0.9196696877479553
YBR002C,YPR091C,0,-3.8342571,0.09805653989315033,1.0,0.9198198318481445
YMR025W,YIR032C,0,-3.8358164,0.09804210066795349,1.0,0.9199699759483337
YDR461W,YDR218C,0,-3.836155,0.09802766889333725,1.0,0.920120120048523
YGL237C,YOR297C,0,-3.8495522,0.0980132445693016,1.0,0.9202702641487122
YMR176W,YFL010W-A,0,-3.8508806,0.09799882024526596,1.0,0.9204204082489014
YOL052C,YKL094W,0,-3.8587396,0.09798440337181091,1.0,0.9205705523490906
YLR080W,YLR129W,0,-3.864471,0.09796999394893646,1.0,0.9207206964492798
YLR103C,YEL053C,0,-3.865355,0.09795558452606201,1.0,0.9208709001541138
YMR005W,YML080W,0,-3.8719537,0.09794117510318756,1.0,0.921021044254303
YER074W,YPL093W,0,-3.8757126,0.09792677313089371,1.0,0.9211711883544922
YEL022W,YEL040W,0,-3.8777387,0.09791237860918045,1.0,0.9213213324546814
YGL244W,YKR026C,0,-3.877818,0.0978979840874672,1.0,0.9214714765548706
YNR017W,YKR028W,0,-3.8804936,0.09788359701633453,1.0,0.9216216206550598
YEL040W,YER190W,0,-3.8815162,0.09786921739578247,1.0,0.921771764755249
YOR209C,YHR077C,0,-3.8868518,0.09785483032464981,1.0,0.9219219088554382
YHR132C,YEL040W,0,-3.889121,0.09784045815467834,1.0,0.9220720529556274
YPL082C,YLR309C,0,-3.8932467,0.09782608598470688,1.0,0.9222221970558167
YDR083W,YKL203C,0,-3.8953273,0.09781172126531601,1.0,0.9223724007606506
YPL163C,YNL192W,0,-3.8963747,0.09779735654592514,1.0,0.9225225448608398
YKL174C,YDL039C,0,-3.896522,0.09778299927711487,1.0,0.922672688961029
YDR454C,YGL162W,0,-3.9007168,0.0977686420083046,1.0,0.9228228330612183
YKR103W,YPR043W,0,-3.9016562,0.09775429219007492,1.0,0.9229729771614075
YGR214W,YJL006C,0,-3.9031963,0.09773994982242584,1.0,0.9231231212615967
YLL041C,YEL041W,0,-3.9074738,0.09772560745477676,1.0,0.9232732653617859
YOR237W,YMR160W,0,-3.9079356,0.09771126508712769,1.0,0.9234234094619751
YEL022W,YGR177C,0,-3.9173162,0.0976969376206398,1.0,0.9235735535621643
YDR518W,YIR018W,0,-3.9182606,0.09768260270357132,1.0,0.9237236976623535
YEL052W,YAL029C,0,-3.921733,0.09766828268766403,1.0,0.9238739013671875
YCL014W,YPL082C,0,-3.9243968,0.09765395522117615,1.0,0.9240240454673767
YGR251W,YER019C-A,0,-3.924456,0.09763964265584946,1.0,0.9241741895675659
YJL081C,YMR160W,0,-3.9252524,0.09762533009052277,1.0,0.9243243336677551
YLR043C,YOR251C,0,-3.9262793,0.09761102497577667,1.0,0.9244744777679443
YDL045W-A,YNR067C,0,-3.9276614,0.09759671986103058,1.0,0.9246246218681335
YHR041C,YGR072W,0,-3.9285765,0.09758241474628448,1.0,0.9247747659683228
YAL054C,YER185W,0,-3.929043,0.09756812453269958,1.0,0.924924910068512
YNL175C,YBL079W,0,-3.9309015,0.09755382686853409,1.0,0.9250750541687012
YLR197W,YGR084C,0,-3.9337692,0.09753954410552979,1.0,0.9252251982688904
YLR129W,YOR204W,0,-3.935034,0.09752526134252548,1.0,0.9253754019737244
YHR132C,YAL017W,0,-3.9388049,0.09751097857952118,1.0,0.9255255460739136
YER022W,YNL178W,0,-3.9393256,0.09749670326709747,1.0,0.9256756901741028
YDL061C,YER130C,0,-3.9458127,0.09748243540525436,1.0,0.925825834274292
YGL122C,YOR299W,0,-3.9479983,0.09746816754341125,1.0,0.9259759783744812
YMR089C,YML073C,0,-3.9508176,0.09745390713214874,1.0,0.9261261224746704
YOR187W,YGL169W,0,-3.951756,0.09743964672088623,1.0,0.9262762665748596
YML051W,YPR152C,0,-3.9524918,0.09742539376020432,1.0,0.9264264106750488
YML030W,YPL098C,0,-3.953723,0.097411148250103,1.0,0.926576554775238
YGL172W,YAL031C,0,-3.9551537,0.09739690274000168,1.0,0.9267266988754272
YHR069C,YBR155W,0,-3.9562802,0.09738265722990036,1.0,0.9268769025802612
YLR033W,YPL244C,0,-3.9584866,0.09736841917037964,1.0,0.9270270466804504
YPR167C,YGR112W,0,-3.9594898,0.09735418856143951,1.0,0.9271771907806396
YIL142W,YGR179C,0,-3.959917,0.09733995795249939,1.0,0.9273273348808289
YDL197C,YBL091C-A,0,-3.9615006,0.09732573479413986,1.0,0.9274774789810181
YBR278W,YNR060W,0,-3.9640017,0.09731151163578033,1.0,0.9276276230812073
YMR049C,YNL274C,0,-3.9669518,0.0972972959280014,1.0,0.9277777671813965
YDL084W,YLL045C,0,-3.9679022,0.09728308767080307,1.0,0.9279279112815857
YOR304W,YFL017W-A,0,-3.968085,0.09726887941360474,1.0,0.9280780553817749
YDR026C,YDR492W,0,-3.9694393,0.0972546711564064,1.0,0.9282281994819641
YMR061W,YGL071W,0,-3.973709,0.09724047034978867,1.0,0.9283784031867981
YER171W,YPL093W,0,-3.9739914,0.09722627699375153,1.0,0.9285285472869873
YPR144C,YNL283C,0,-3.97648,0.09721208363771439,1.0,0.9286786913871765
YML097C,YLR330W,0,-3.9771726,0.09719789773225784,1.0,0.9288288354873657
YGL112C,YMR143W,0,-3.9784343,0.0971837118268013,1.0,0.9289789795875549
YJL117W,YHR135C,0,-3.980902,0.09716953337192535,1.0,0.9291291236877441
YGL233W,YML109W,0,-3.9816828,0.09715536236763,1.0,0.9292792677879333
YJL066C,YMR025W,0,-3.9840617,0.09714119136333466,1.0,0.9294294118881226
YJL140W,YBR145W,0,-3.9889865,0.0971270203590393,1.0,0.9295795559883118
YGR285C,YNR003C,0,-3.9909358,0.09711286425590515,1.0,0.929729700088501
YNL172W,YGR246C,0,-3.993246,0.0970987007021904,1.0,0.929879903793335
YFL013C,YEL056W,0,-3.9955072,0.09708454459905624,1.0,0.9300300478935242
YJR082C,YBR020W,0,-3.9962873,0.09707039594650269,1.0,0.9301801919937134
YDR416W,YKR026C,0,-3.9993327,0.09705625474452972,1.0,0.9303303360939026
YGL244W,YJL176C,0,-4.00045,0.09704211354255676,1.0,0.9304804801940918
YJR063W,YPR138C,0,-4.003851,0.0970279723405838,1.0,0.930630624294281
YMR321C,YNL262W,0,-4.0045757,0.09701383858919144,1.0,0.9307807683944702
YDR296W,YLL033W,0,-4.0128913,0.09699971228837967,1.0,0.9309309124946594
YHL012W,YLR344W,0,-4.022309,0.0969855859875679,1.0,0.9310810565948486
YMR267W,YMR229C,0,-4.0228405,0.09697145968675613,1.0,0.9312312602996826
YAL033W,YBR141C,0,-4.024558,0.09695734828710556,1.0,0.9313814043998718
YMR032W,YML036W,0,-4.0252075,0.09694322943687439,1.0,0.931531548500061
YOR310C,YLR026C,0,-4.026011,0.09692912548780441,1.0,0.9316816926002502
YDR454C,YKL009W,0,-4.0262613,0.09691501408815384,1.0,0.9318318367004395
YDL202W,YDR146C,0,-4.026743,0.09690091758966446,1.0,0.9319819808006287
YBR081C,YNR006W,0,-4.0305967,0.09688682109117508,1.0,0.9321321249008179
YDR138W,YFL017W-A,0,-4.0319653,0.0968727245926857,1.0,0.9322822690010071
YLL041C,YGR112W,0,-4.032009,0.09685863554477692,1.0,0.9324324131011963
YOR292C,YJL081C,0,-4.03496,0.09684455394744873,1.0,0.9325825572013855
YLR153C,YMR246W,0,-4.0380044,0.09683047235012054,1.0,0.9327327609062195
YIL083C,YDL208W,0,-4.0387874,0.09681639820337296,1.0,0.9328829050064087
YDR254W,YMR246W,0,-4.039898,0.09680232405662537,1.0,0.9330330491065979
YOR304W,YNL232W,0,-4.041765,0.09678825736045837,1.0,0.9331831932067871
YJL206C,YPR163C,0,-4.042686,0.09677419066429138,1.0,0.9333333373069763
YNL008C,YOL054W,0,-4.0456867,0.09676013141870499,1.0,0.9334834814071655
YLR033W,YPR160W,0,-4.046363,0.09674607962369919,1.0,0.9336336255073547
YLR383W,YOR340C,0,-4.0472383,0.09673202782869339,1.0,0.933783769607544
YBR120C,YGR255C,0,-4.052685,0.09671797603368759,1.0,0.9339339137077332
YPR191W,YJR133W,0,-4.0548005,0.09670393168926239,1.0,0.9340840578079224
YNL110C,YHR119W,0,-4.055061,0.09668989479541779,1.0,0.9342342615127563
YPR144C,YLR330W,0,-4.0560694,0.09667585790157318,1.0,0.9343844056129456
YBR066C,YLR285W,0,-4.0608177,0.09666182845830917,1.0,0.9345345497131348
YFL017W-A,YMR229C,0,-4.061066,0.09664779901504517,1.0,0.934684693813324
YER050C,YKL165C,0,-4.0619926,0.09663377702236176,1.0,0.9348348379135132
YDR079W,YGR032W,0,-4.062118,0.09661976248025894,1.0,0.9349849820137024
YGL212W,YER046W,0,-4.0649185,0.09660574048757553,1.0,0.9351351261138916
YDL179W,YAL029C,0,-4.0693645,0.09659173339605331,1.0,0.9352852702140808
YKR057W,YKL166C,0,-4.0694237,0.0965777263045311,1.0,0.93543541431427
YMR032W,YOL104C,0,-4.0700517,0.09656372666358948,1.0,0.9355855584144592
YPR144C,YDR067C,0,-4.071986,0.09654972702264786,1.0,0.9357357621192932
YER050C,YKL009W,0,-4.0722976,0.09653572738170624,1.0,0.9358859062194824
YNL121C,YOR085W,0,-4.0724773,0.09652174264192581,1.0,0.9360360503196716
YMR005W,YOR287C,0,-4.0745115,0.09650775045156479,1.0,0.9361861944198608
YPL094C,YGL071W,0,-4.07605,0.09649377316236496,1.0,0.93633633852005
YOL145C,YBL085W,0,-4.079732,0.09647978842258453,1.0,0.9364864826202393
YOL028C,YOL054W,0,-4.082161,0.0964658185839653,1.0,0.9366366267204285
YPL252C,YPL065W,0,-4.0828075,0.09645184874534607,1.0,0.9367867708206177
YGR285C,YGR118W,0,-4.0856986,0.09643787890672684,1.0,0.9369369149208069
YKR036C,YOL136C,0,-4.0863466,0.0964239165186882,1.0,0.9370870590209961
YGR177C,YPL112C,0,-4.0864615,0.09640996158123016,1.0,0.9372372627258301
YPL083C,YMR008C,0,-4.0867,0.09639600664377213,1.0,0.9373874068260193
YOR138C,YDR151C,0,-4.088994,0.09638205170631409,1.0,0.9375375509262085
YEL041W,YDR281C,0,-4.090666,0.09636811167001724,1.0,0.9376876950263977
YDR195W,YOL040C,0,-4.091833,0.0963541641831398,1.0,0.9378378391265869
YML073C,YNL208W,0,-4.0961366,0.09634023159742355,1.0,0.9379879832267761
YOL145C,YGL113W,0,-4.099064,0.09632629156112671,1.0,0.9381381273269653
YGR180C,YBR120C,0,-4.100535,0.09631236642599106,1.0,0.9382882714271545
YDR137W,YML073C,0,-4.1068783,0.09629844129085541,1.0,0.9384384155273438
YLR129W,YPR083W,0,-4.1079154,0.09628451615571976,1.0,0.938588559627533
YPL273W,YJL082W,0,-4.1090508,0.0962705984711647,1.0,0.9387387633323669
YNL010W,YML049C,0,-4.110306,0.09625668078660965,1.0,0.9388889074325562
YIL061C,YFR021W,0,-4.1131926,0.09624277800321579,1.0,0.9390390515327454
YDR451C,YJL024C,0,-4.1157594,0.09622886776924133,1.0,0.9391891956329346
YGR221C,YPR191W,0,-4.120403,0.09621496498584747,1.0,0.9393393397331238
YBR066C,YHL034C,0,-4.1225457,0.09620106965303421,1.0,0.939489483833313
YDR419W,YIL133C,0,-4.127474,0.09618717432022095,1.0,0.9396396279335022
YOL142W,YLR268W,0,-4.130195,0.09617328643798828,1.0,0.9397897720336914
YKL130C,YDR364C,0,-4.131179,0.09615939855575562,1.0,0.9399399161338806
YLR105C,YER014C-A,0,-4.131266,0.09614551812410355,1.0,0.9400901198387146
YPL134C,YKL165C,0,-4.1331315,0.09613163769245148,1.0,0.9402402639389038
YMR019W,YNL050C,0,-4.133642,0.09611776471138,1.0,0.940390408039093
YBL113C,YMR296C,0,-4.1348224,0.09610389918088913,1.0,0.9405405521392822
YER013W,YOR145C,0,-4.134825,0.09609003365039825,1.0,0.9406906962394714
YMR241W,YER013W,0,-4.135626,0.09607616811990738,1.0,0.9408408403396606
YGL209W,YKL180W,0,-4.136695,0.0960623100399971,1.0,0.9409909844398499
YBR095C,YDR159W,0,-4.13902,0.09604845941066742,1.0,0.9411411285400391
YOR148C,YKL082C,0,-4.139356,0.09603460878133774,1.0,0.9412912726402283
YOR323C,YPL011C,0,-4.1399546,0.09602075815200806,1.0,0.9414414167404175
YNL232W,YMR065W,0,-4.1400537,0.09600692242383957,1.0,0.9415916204452515
YKL038W,YDR389W,0,-4.1432223,0.09599307924509048,1.0,0.9417417645454407
YNR067C,YKL038W,0,-4.143753,0.0959792509675026,1.0,0.9418919086456299
YLR183C,YLR285W,0,-4.1453605,0.0959654152393341,1.0,0.9420420527458191
YPL134C,YPR198W,0,-4.1518173,0.09595159441232681,1.0,0.9421921968460083
YLR344W,YOR340C,0,-4.1519575,0.09593777358531952,1.0,0.9423423409461975
YBR172C,YLR359W,0,-4.155734,0.09592395275831223,1.0,0.9424924850463867
YGL209W,YPL218W,0,-4.1581626,0.09591013938188553,1.0,0.9426426291465759
YLR401C,YGR229C,0,-4.1592717,0.09589632600545883,1.0,0.9427927732467651
YLL045C,YJR031C,0,-4.1614256,0.09588252007961273,1.0,0.9429429173469543
YLR401C,YNL027W,0,-4.1636195,0.09586872160434723,1.0,0.9430931210517883
YLR295C,YPL252C,0,-4.1672177,0.09585492312908173,1.0,0.9432432651519775
YPR080W,YNL163C,0,-4.167793,0.09584112465381622,1.0,0.9433934092521667
YNL122C,YMR296C,0,-4.1714935,0.09582734107971191,1.0,0.943543553352356
YHR066W,YOR226C,0,-4.173388,0.09581355005502701,1.0,0.9436936974525452
YGL209W,YLR268W,0,-4.1737704,0.0957997664809227,1.0,0.9438438415527344
YGR112W,YIL177C,0,-4.174378,0.09578599035739899,1.0,0.9439939856529236
YJR127C,YDR137W,0,-4.174834,0.09577221423387527,1.0,0.9441441297531128
YOR176W,YJL082W,0,-4.176021,0.09575844556093216,1.0,0.944294273853302
YNR021W,YDR211W,0,-4.1766944,0.09574468433856964,1.0,0.9444444179534912
YKL085W,YPR152C,0,-4.1771607,0.09573091566562653,1.0,0.9445946216583252
YDL111C,YEL043W,0,-4.1784387,0.0957171618938446,1.0,0.9447447657585144
YOL004W,YDR062W,0,-4.1813273,0.09570340812206268,1.0,0.9448949098587036
YKL009W,YLR353W,0,-4.1848354,0.09568965435028076,1.0,0.9450450539588928
YJL103C,YPL087W,0,-4.1852036,0.09567590802907944,1.0,0.945195198059082
YDL170W,YHR079C,0,-4.1857934,0.09566216915845871,1.0,0.9453453421592712
YGR281W,YBL098W,0,-4.18678,0.09564843028783798,1.0,0.9454954862594604
YJR070C,YDR229W,0,-4.192491,0.09563469141721725,1.0,0.9456456303596497
YKR036C,YER150W,0,-4.194328,0.09562095999717712,1.0,0.9457957744598389
YER049W,YFR031C,0,-4.201163,0.09560723602771759,1.0,0.9459459185600281
YGR171C,YPL078C,0,-4.2057595,0.09559351205825806,1.0,0.9460961222648621
YPL273W,YOL054W,0,-4.206797,0.09557979553937912,1.0,0.9462462663650513
YOL010W,YGR264C,0,-4.2161183,0.09556607902050018,1.0,0.9463964104652405
YJL191W,YLL012W,0,-4.2181673,0.09555236995220184,1.0,0.9465465545654297
YIL061C,YKL094W,0,-4.2206607,0.0955386608839035,1.0,0.9466966986656189
YJR127C,YGL014W,0,-4.2215734,0.09552495926618576,1.0,0.9468468427658081
YPL082C,YDR444W,0,-4.221679,0.09551125764846802,1.0,0.9469969868659973
YKR103W,YLR325C,0,-4.22325,0.09549756348133087,1.0,0.9471471309661865
YLR145W,YFL017W-A,0,-4.2259974,0.09548386931419373,1.0,0.9472972750663757
YHL012W,YGR214W,0,-4.2260394,0.09547018259763718,1.0,0.9474474191665649
YBL028C,YFL021W,0,-4.2297473,0.09545650333166122,1.0,0.9475976228713989
YPR190C,YBR037C,0,-4.2402434,0.09544281661510468,1.0,0.9477477669715881
YOR209C,YOL111C,0,-4.2442,0.09542914479970932,1.0,0.9478979110717773
YMR172W,YGR214W,0,-4.245196,0.09541547298431396,1.0,0.9480480551719666
YDR079W,YLR268W,0,-4.2469993,0.0954018086194992,1.0,0.9481981992721558
YLR395C,YOR168W,0,-4.247084,0.09538814425468445,1.0,0.948348343372345
YLR043C,YMR093W,0,-4.2490897,0.09537447988986969,1.0,0.9484984874725342
YDL179W,YGR027C,0,-4.2506747,0.09536082297563553,1.0,0.9486486315727234
YJL087C,YBL092W,0,-4.2558827,0.09534717351198196,1.0,0.9487987756729126
YER154W,YMR099C,0,-4.2565436,0.0953335240483284,1.0,0.9489489197731018
YNL182C,YGR276C,0,-4.257842,0.09531988203525543,1.0,0.9490991234779358
YDR240C,YPR160W,0,-4.265885,0.09530624002218246,1.0,0.949249267578125
YPL098C,YGL148W,0,-4.2665567,0.0952926054596901,1.0,0.9493994116783142
YMR005W,YDR518W,0,-4.2778974,0.09527897089719772,1.0,0.9495495557785034
YBR282W,YGR112W,0,-4.280257,0.09526534378528595,1.0,0.9496996998786926
YDR159W,YMR229C,0,-4.2807765,0.09525171667337418,1.0,0.9498498439788818
YLR203C,YOR204W,0,-4.282201,0.095238097012043,1.0,0.949999988079071
YNR017W,YPL147W,0,-4.282735,0.09522447735071182,1.0,0.9501501321792603
YNR035C,YGL103W,0,-4.2855453,0.09521086513996124,1.0,0.9503002762794495
YDR364C,YGL030W,0,-4.2884808,0.09519725292921066,1.0,0.9504504799842834
YLR103C,YDL083C,0,-4.290928,0.09518364816904068,1.0,0.9506006240844727
YLR183C,YNL219C,0,-4.2909884,0.0951700508594513,1.0,0.9507507681846619
YMR093W,YPR133W-A,0,-4.2946315,0.09515645354986191,1.0,0.9509009122848511
YER022W,YNL267W,0,-4.2952075,0.09514285624027252,1.0,0.9510510563850403
YLR029C,YHR074W,0,-4.2967167,0.09512926638126373,1.0,0.9512012004852295
YLL008W,YGL019W,0,-4.301566,0.09511568397283554,1.0,0.9513513445854187
YLR316C,YER019C-A,0,-4.3020325,0.09510210156440735,1.0,0.9515014886856079
YPL139C,YMR308C,0,-4.304319,0.09508851915597916,1.0,0.9516516327857971
YLR183C,YBR052C,0,-4.3056436,0.09507494419813156,1.0,0.9518017768859863
YLR105C,YKL020C,0,-4.3073006,0.09506137669086456,1.0,0.9519519805908203
YNL160W,YKR057W,0,-4.311424,0.09504780918359756,1.0,0.9521021246910095
YOL043C,YKL124W,0,-4.3125844,0.09503424912691116,1.0,0.9522522687911987
YCR060W,YJR051W,0,-4.3170824,0.09502068907022476,1.0,0.9524024128913879
YMR123W,YFL038C,0,-4.3260913,0.09500712901353836,1.0,0.9525525569915771
YLR105C,YPR149W,0,-4.3262563,0.09499358385801315,1.0,0.9527027010917664
YER049W,YLR316C,0,-4.327501,0.09498003125190735,1.0,0.9528528451919556
YPR001W,YBR093C,0,-4.329592,0.09496649354696274,1.0,0.9530029892921448
YMR227C,YGR118W,0,-4.3307896,0.09495294839143753,1.0,0.953153133392334
YOR038C,YFL010W-A,0,-4.3327622,0.09493941813707352,1.0,0.9533032774925232
YJL191W,YGL046W,0,-4.33368,0.0949258804321289,1.0,0.9534534811973572
YOR297C,YLR380W,0,-4.3428516,0.09491235762834549,1.0,0.9536036252975464
YIL083C,YKR028W,0,-4.345739,0.09489883482456207,1.0,0.9537537693977356
YDR454C,YJR147W,0,-4.349452,0.09488531202077866,1.0,0.9539039134979248
YNR017W,YKL053C-A,0,-4.3498144,0.09487179666757584,1.0,0.954054057598114
YGR081C,YER171W,0,-4.353574,0.09485828131437302,1.0,0.9542042016983032
YOR317W,YDL022W,0,-4.3545394,0.0948447734117508,1.0,0.9543543457984924
YBR120C,YKL180W,0,-4.3552322,0.09483126550912857,1.0,0.9545044898986816
YJR092W,YOL124C,0,-4.3571105,0.09481776505708694,1.0,0.9546546339988708
YMR089C,YGR268C,0,-4.3582544,0.09480427205562592,1.0,0.9548047780990601
YDL140C,YBR230C,0,-4.3591743,0.09479077905416489,1.0,0.954954981803894
YHR066W,YGL174W,0,-4.3650727,0.09477728605270386,1.0,0.9551051259040833
YML097C,YDR498C,0,-4.368467,0.09476380050182343,1.0,0.9552552700042725
YKR057W,YDR195W,0,-4.3735733,0.09475032240152359,1.0,0.9554054141044617
YNL261W,YER154W,0,-4.3741508,0.09473684430122375,1.0,0.9555555582046509
YPR137W,YDR470C,0,-4.3780546,0.09472336620092392,1.0,0.9557057023048401
YGR145W,YLR325C,0,-4.3865633,0.09470989555120468,1.0,0.9558558464050293
YJL140W,YIL020C,0,-4.3896837,0.09469643235206604,1.0,0.9560059905052185
YGR144W,YMR034C,0,-4.406024,0.0946829691529274,1.0,0.9561561346054077
YDR083W,YKR068C,0,-4.408174,0.09466950595378876,1.0,0.9563062787055969
YJL191W,YBL068W,0,-4.4095826,0.09465605765581131,1.0,0.9564564824104309
YNL232W,YBL034C,0,-4.4101653,0.09464260190725327,1.0,0.9566066265106201
YBL028C,YBR061C,0,-4.41275,0.09462915360927582,1.0,0.9567567706108093
YOL142W,YDL055C,0,-4.4179883,0.09461571276187897,1.0,0.9569069147109985
YBR081C,YOR106W,0,-4.4226017,0.09460227191448212,1.0,0.9570570588111877
YJL066C,YLR009W,0,-4.4226184,0.09458883851766586,1.0,0.957207202911377
YGL209W,YBR010W,0,-4.424316,0.09457540512084961,1.0,0.9573573470115662
YBR275C,YGR185C,0,-4.424541,0.09456197917461395,1.0,0.9575074911117554
YJL071W,YGL183C,0,-4.4277487,0.0945485532283783,1.0,0.9576576352119446
YMR049C,YMR240C,0,-4.433221,0.09453513473272324,1.0,0.9578077793121338
YEL052W,YLR380W,0,-4.4338794,0.09452171623706818,1.0,0.9579579830169678
YMR019W,YBR172C,0,-4.435169,0.09450829774141312,1.0,0.958108127117157
YPL127C,YDR353W,0,-4.4353757,0.09449489414691925,1.0,0.9582582712173462
YLR105C,YPL131W,0,-4.4357977,0.09448148310184479,1.0,0.9584084153175354
YLR182W,YJR031C,0,-4.436373,0.09446808695793152,1.0,0.9585585594177246
YMR182C,YNL147W,0,-4.4439664,0.09445469081401825,1.0,0.9587087035179138
YNR003C,YNL175C,0,-4.44885,0.09444129467010498,1.0,0.958858847618103
YOR206W,YCL026C-B,0,-4.4515977,0.09442790597677231,1.0,0.9590089917182922
YOR287C,YKL180W,0,-4.4524827,0.09441451728343964,1.0,0.9591591358184814
YLR321C,YOR294W,0,-4.4545584,0.09440113604068756,1.0,0.9593092799186707
YMR319C,YMR246W,0,-4.455273,0.09438775479793549,1.0,0.9594594836235046
YPR024W,YLR383W,0,-4.4562716,0.09437438100576401,1.0,0.9596096277236938
YJL166W,YBR075W,0,-4.461004,0.09436100721359253,1.0,0.9597597718238831
YLR264W,YMR270C,0,-4.4639287,0.09434764087200165,1.0,0.9599099159240723
YHR069C,YHL034C,0,-4.4661994,0.09433427453041077,1.0,0.9600600600242615
YGR171C,YGL046W,0,-4.467174,0.09432091563940048,1.0,0.9602102041244507
YGL209W,YEL031W,0,-4.4781528,0.0943075641989708,1.0,0.9603603482246399
YPR144C,YOR304W,0,-4.4807477,0.09429421275854111,1.0,0.9605104923248291
YPR011C,YMR210W,0,-4.483041,0.09428086131811142,1.0,0.9606606364250183
YGL172W,YHR168W,0,-4.4839063,0.09426751732826233,1.0,0.9608108401298523
YKR008W,YPL274W,0,-4.486516,0.09425417333841324,1.0,0.9609609842300415
YDR079W,YDR454C,0,-4.4903307,0.09424083679914474,1.0,0.9611111283302307
YGL256W,YPL259C,0,-4.4965234,0.09422750771045685,1.0,0.9612612724304199
YKL170W,YBR031W,0,-4.4994416,0.09421417117118835,1.0,0.9614114165306091
YMR089C,YLR228C,0,-4.5000644,0.09420084953308105,1.0,0.9615615606307983
YPR024W,YGR171C,0,-4.5030313,0.09418752789497375,1.0,0.9617117047309875
YMR276W,YHR066W,0,-4.5067067,0.09417420625686646,1.0,0.9618618488311768
YPR144C,YLR026C,0,-4.5101743,0.09416089206933975,1.0,0.962011992931366
YDR492W,YDL198C,0,-4.5124927,0.09414758533239365,1.0,0.9621621370315552
YNL282W,YER165W,0,-4.517523,0.09413427859544754,1.0,0.9623123407363892
YLR359W,YNL302C,0,-4.519998,0.09412097185850143,1.0,0.9624624848365784
YMR315W,YPL002C,0,-4.5201163,0.09410767257213593,1.0,0.9626126289367676
YHR132C,YNL236W,0,-4.52128,0.09409437328577042,1.0,0.9627627730369568
YKR008W,YNL121C,0,-4.525209,0.0940810814499855,1.0,0.962912917137146
YER117W,YBR187W,0,-4.527353,0.09406779706478119,1.0,0.9630630612373352
YHR069C,YKL182W,0,-4.532903,0.09405451267957687,1.0,0.9632132053375244
YHR066W,YFL021W,0,-4.5348063,0.09404122829437256,1.0,0.9633633494377136
YOR176W,YNL262W,0,-4.5361047,0.09402795135974884,1.0,0.9635134935379028
YBR177C,YDR262W,0,-4.537292,0.09401468187570572,1.0,0.963663637638092
YJL079C,YKL168C,0,-4.5441575,0.0940014123916626,1.0,0.963813841342926
YMR241W,YLR103C,0,-4.55056,0.09398814290761948,1.0,0.9639639854431152
YOR206W,YFR036W,0,-4.55138,0.09397488087415695,1.0,0.9641141295433044
YDR405W,YBR238C,0,-4.5551267,0.09396162629127502,1.0,0.9642642736434937
YJR063W,YMR143W,0,-4.556912,0.0939483717083931,1.0,0.9644144177436829
YLR395C,YGL256W,0,-4.558535,0.09393511712551117,1.0,0.9645645618438721
YLR197W,YIL006W,0,-4.5619497,0.09392186999320984,1.0,0.9647147059440613
YGR251W,YGR264C,0,-4.562014,0.0939086303114891,1.0,0.9648648500442505
YGR252W,YNL095C,0,-4.564408,0.09389539062976837,1.0,0.9650149941444397
YJL166W,YBR042C,0,-4.5675235,0.09388215094804764,1.0,0.9651651382446289
YMR049C,YPL064C,0,-4.5722013,0.0938689187169075,1.0,0.9653153419494629
YFR031C,YDL140C,0,-4.578299,0.09385569393634796,1.0,0.9654654860496521
YGR081C,YPL244C,0,-4.579725,0.09384246915578842,1.0,0.9656156301498413
YDL021W,YEL041W,0,-4.584106,0.09382924437522888,1.0,0.9657657742500305
YDR454C,YOR275C,0,-4.5868707,0.09381602704524994,1.0,0.9659159183502197
YLR009W,YMR240C,0,-4.587897,0.09380281716585159,1.0,0.9660660624504089
YBR278W,YGL259W,0,-4.5884743,0.09378960728645325,1.0,0.9662162065505981
YLR359W,YHR168W,0,-4.588757,0.0937763974070549,1.0,0.9663663506507874
YMR276W,YGL068W,0,-4.590518,0.09376319497823715,1.0,0.9665164947509766
YJL066C,YFR001W,0,-4.5913544,0.09375,1.0,0.9666666388511658
YBL028C,YOL026C,0,-4.5918155,0.09373680502176285,1.0,0.9668168425559998
YDR492W,YKR056W,0,-4.5949464,0.09372361749410629,1.0,0.966966986656189
YOR297C,YDR449C,0,-4.59954,0.09371042996644974,1.0,0.9671171307563782
YPL087W,YLR251W,0,-4.605325,0.09369724243879318,1.0,0.9672672748565674
YDR296W,YFL038C,0,-4.615085,0.09368406236171722,1.0,0.9674174189567566
YFL045C,YBL034C,0,-4.619279,0.09367088973522186,1.0,0.9675675630569458
YER022W,YPR080W,0,-4.6222606,0.0936577171087265,1.0,0.967717707157135
YOR297C,YLR344W,0,-4.62555,0.09364454448223114,1.0,0.9678678512573242
YER165W,YGR185C,0,-4.627922,0.09363137930631638,1.0,0.9680179953575134
YDL078C,YDL148C,0,-4.630195,0.09361821413040161,1.0,0.9681681394577026
YNR067C,YOR340C,0,-4.6368575,0.09360505640506744,1.0,0.9683183431625366
YNL110C,YOR020C,0,-4.6389413,0.09359190613031387,1.0,0.9684684872627258
YBR093C,YNL175C,0,-4.6398373,0.0935787558555603,1.0,0.968618631362915
YDR167W,YPR190C,0,-4.6405177,0.09356560558080673,1.0,0.9687687754631042
YPL093W,YIL133C,0,-4.6470103,0.09355246275663376,1.0,0.9689189195632935
YNL178W,YCL014W,0,-4.647227,0.09353932738304138,1.0,0.9690690636634827
YER150W,YPL098C,0,-4.6551037,0.093526192009449,1.0,0.9692192077636719
YMR241W,YLR191W,0,-4.665294,0.09351305663585663,1.0,0.9693693518638611
YER055C,YER002W,0,-4.667306,0.09349992871284485,1.0,0.9695194959640503
YOR206W,YOL136C,0,-4.6734414,0.09348680824041367,1.0,0.9696696400642395
YLR182W,YER074W,0,-4.6827283,0.09347368776798248,1.0,0.9698198437690735
YJR005W,YGR027C,0,-4.6861753,0.0934605672955513,1.0,0.9699699878692627
YER154W,YMR097C,0,-4.6918025,0.09344745427370071,1.0,0.9701201319694519
YDL206W,YHR005C-A,0,-4.6991506,0.09343434125185013,1.0,0.9702702760696411
YMR137C,YNL298W,0,-4.704906,0.09342123568058014,1.0,0.9704204201698303
YOR209C,YLR153C,0,-4.705732,0.09340813755989075,1.0,0.9705705642700195
YGL112C,YKL130C,0,-4.7108536,0.09339503943920135,1.0,0.9707207083702087
YGL172W,YOL104C,0,-4.7128453,0.09338194131851196,1.0,0.970870852470398
YER145C,YMR308C,0,-4.714322,0.09336885064840317,1.0,0.9710209965705872
YOL141W,YLR285W,0,-4.7216144,0.09335575997829437,1.0,0.9711712002754211
YPR002W,YLR285W,0,-4.72642,0.09334267675876617,1.0,0.9713213443756104
YBR170C,YKL144C,0,-4.729246,0.09332959353923798,1.0,0.9714714884757996
YDR144C,YPL094C,0,-4.731649,0.09331651777029037,1.0,0.9716216325759888
YJL192C,YER074W,0,-4.7344356,0.09330344945192337,1.0,0.971771776676178
YLR183C,YFL010W-A,0,-4.737798,0.09329037368297577,1.0,0.9719219207763672
YGR251W,YLR291C,0,-4.740314,0.09327731281518936,1.0,0.9720720648765564
YIL142W,YIL021W,0,-4.743324,0.09326425194740295,1.0,0.9722222089767456
YGL162W,YMR229C,0,-4.7512965,0.09325119107961655,1.0,0.9723723530769348
YDL111C,YLR219W,0,-4.753757,0.09323813766241074,1.0,0.972522497177124
YIL061C,YNL095C,0,-4.760713,0.09322508424520493,1.0,0.972672700881958
YHR132C,YGR134W,0,-4.7611527,0.09321203827857971,1.0,0.9728228449821472
YER049W,YPR198W,0,-4.7630286,0.0931989923119545,1.0,0.9729729890823364
YEL031W,YLR073C,0,-4.7651386,0.09318595379590988,1.0,0.9731231331825256
YJL172W,YDR497C,0,-4.7697177,0.09317291527986526,1.0,0.9732732772827148
YLR401C,YNR015W,0,-4.769937,0.09315988421440125,1.0,0.973423421382904
YKL078W,YGL233W,0,-4.7790465,0.09314685314893723,1.0,0.9735735654830933
YLL002W,YGL014W,0,-4.7835765,0.0931338295340538,1.0,0.9737237095832825
YJL011C,YHR060W,0,-4.7844877,0.09312080591917038,1.0,0.9738738536834717
YEL052W,YMR308C,0,-4.791347,0.09310778975486755,1.0,0.9740239977836609
YDR378C,YKL217W,0,-4.79668,0.09309477359056473,1.0,0.9741742014884949
YOR230W,YMR308C,0,-4.7995424,0.0930817574262619,1.0,0.9743243455886841
YOL142W,YOL102C,0,-4.8014865,0.09306875616312027,1.0,0.9744744896888733
YMR112C,YDR494W,0,-4.801821,0.09305574744939804,1.0,0.9746246337890625
YPR135W,YBR238C,0,-4.8067784,0.09304274618625641,1.0,0.9747747778892517
YPR190C,YNL274C,0,-4.808445,0.09302975237369537,1.0,0.9749249219894409
YDL045W-A,YGR145W,0,-4.808616,0.09301675856113434,1.0,0.9750750660896301
YNL110C,YKL001C,0,-4.812438,0.0930037721991539,1.0,0.9752252101898193
YLL002W,YOR243C,0,-4.815347,0.09299078583717346,1.0,0.9753753542900085
YMR145C,YNL219C,0,-4.819164,0.09297779947519302,1.0,0.9755254983901978
YDL121C,YJR147W,0,-4.822963,0.09296482056379318,1.0,0.9756757020950317
YLR183C,YMR250W,0,-4.8245344,0.09295184910297394,1.0,0.975825846195221
YBR081C,YMR269W,0,-4.8402915,0.0929388776421547,1.0,0.9759759902954102
YER013W,YIL142W,0,-4.8525186,0.09292591363191605,1.0,0.9761261343955994
YDR296W,YGR238C,0,-4.8535047,0.0929129496216774,1.0,0.9762762784957886
YIL094C,YNR017W,0,-4.8549986,0.09289998561143875,1.0,0.9764264225959778
YBR081C,YDL055C,0,-4.892235,0.0928870290517807,1.0,0.976576566696167
YNL239W,YOR285W,0,-4.9016585,0.09287407249212265,1.0,0.9767267107963562
YMR093W,YOR215C,0,-4.9107375,0.0928611233830452,1.0,0.9768768548965454
YLR350W,YDR496C,0,-4.9150777,0.09284818172454834,1.0,0.9770269989967346
YPL163C,YOR098C,0,-4.9173408,0.09283524006605148,1.0,0.9771772027015686
YPL139C,YGR027C,0,-4.9225955,0.09282229840755463,1.0,0.9773273468017578
YDR310C,YNL110C,0,-4.9258018,0.09280936419963837,1.0,0.977477490901947
YBR093C,YIL035C,0,-4.9338136,0.0927964299917221,1.0,0.9776276350021362
YFL045C,YGL060W,0,-4.9352,0.09278350323438644,1.0,0.9777777791023254
YLR183C,YMR218C,0,-4.9409003,0.09277058392763138,1.0,0.9779279232025146
YDL084W,YAL029C,0,-4.947726,0.09275765717029572,1.0,0.9780780673027039
YMR089C,YFL010W-A,0,-4.9530916,0.09274474531412125,1.0,0.9782282114028931
YOR206W,YDL047W,0,-4.9604993,0.09273182600736618,1.0,0.9783783555030823
YMR241W,YLR401C,0,-4.9618335,0.09271892160177231,1.0,0.9785284996032715
YMR123W,YNL274C,0,-4.9626303,0.09270600974559784,1.0,0.9786787033081055
YAL038W,YGL060W,0,-4.9700656,0.09269311279058456,1.0,0.9788288474082947
YNR017W,YLR103C,0,-4.9735827,0.09268020838499069,1.0,0.9789789915084839
YPR191W,YDR211W,0,-4.984446,0.09266731888055801,1.0,0.9791291356086731
YOL010W,YDR064W,0,-4.9874616,0.09265442192554474,1.0,0.9792792797088623
YDL140C,YER019C-A,0,-5.0026135,0.09264153242111206,1.0,0.9794294238090515
YOR176W,YER165W,0,-5.0084243,0.09262865036725998,1.0,0.9795795679092407
YDR451C,YNL230C,0,-5.0140386,0.0926157683134079,1.0,0.9797297120094299
YLL061W,YPR163C,0,-5.014564,0.09260289371013641,1.0,0.9798798561096191
YLR295C,YER130C,0,-5.0153337,0.09259001910686493,1.0,0.9800300598144531
YGR118W,YBR074W,0,-5.0173745,0.09257714450359344,1.0,0.9801802039146423
YDL142C,YBR067C,0,-5.022485,0.09256427735090256,1.0,0.9803303480148315
YPR182W,YMR241W,0,-5.022872,0.09255141764879227,1.0,0.9804804921150208
YOR243C,YNL304W,0,-5.0253177,0.09253855794668198,1.0,0.98063063621521
YNL044W,YNL290W,0,-5.026106,0.09252569824457169,1.0,0.9807807803153992
YMR093W,YLR153C,0,-5.0281315,0.09251284599304199,1.0,0.9809309244155884
YPR137W,YKL205W,0,-5.032554,0.0925000011920929,1.0,0.9810810685157776
YPR190C,YDL208W,0,-5.033378,0.0924871563911438,1.0,0.9812312126159668
YBL028C,YOL052C,0,-5.0437713,0.0924743115901947,1.0,0.981381356716156
YPR011C,YPL151C,0,-5.0521626,0.0924614742398262,1.0,0.98153156042099
YER055C,YNL095C,0,-5.0616765,0.0924486368894577,1.0,0.9816817045211792
YGR282C,YJL079C,0,-5.068542,0.0924358069896698,1.0,0.9818318486213684
YNR017W,YJR032W,0,-5.0750537,0.0924229845404625,1.0,0.9819819927215576
YEL029C,YPR163C,0,-5.0884914,0.09241015464067459,1.0,0.9821321368217468
YKL009W,YDR508C,0,-5.1027117,0.09239733964204788,1.0,0.982282280921936
YMR089C,YHL034C,0,-5.1221213,0.09238451719284058,1.0,0.9824324250221252
YNR017W,YBR010W,0,-5.134729,0.09237170964479446,1.0,0.9825825691223145
YMR093W,YBR037C,0,-5.1354294,0.09235889464616776,1.0,0.9827327132225037
YPL129W,YLR330W,0,-5.1419296,0.09234608709812164,1.0,0.9828828573226929
YKL009W,YKL094W,0,-5.144735,0.09233328700065613,1.0,0.9830330610275269
YMR169C,YML128C,0,-5.145326,0.09232048690319061,1.0,0.9831832051277161
YLR383W,YOR204W,0,-5.1501193,0.0923076942563057,1.0,0.9833333492279053
YER103W,YER150W,0,-5.162637,0.09229490160942078,1.0,0.9834834933280945
YDR454C,YGL071W,0,-5.1766276,0.09228210896253586,1.0,0.9836336374282837
YGL122C,YMR246W,0,-5.180577,0.09226932376623154,1.0,0.9837837815284729
YPR187W,YOR216C,0,-5.1892405,0.09225654602050781,1.0,0.9839339256286621
YLR080W,YEL012W,0,-5.199102,0.09224376827478409,1.0,0.9840840697288513
YOR299W,YOR204W,0,-5.2148848,0.09223099052906036,1.0,0.9842342138290405
YMR089C,YBL091C-A,0,-5.2277474,0.09221822023391724,1.0,0.9843843579292297
YNL095C,YOL093W,0,-5.2316103,0.0922054573893547,1.0,0.9845345616340637
YMR112C,YKR103W,0,-5.2417045,0.09219269454479218,1.0,0.9846847057342529
YGL172W,YLR401C,0,-5.244016,0.09217993170022964,1.0,0.9848348498344421
YBL112C,YDL171C,0,-5.244987,0.09216717630624771,1.0,0.9849849939346313
YLR103C,YOR261C,0,-5.2457213,0.09215442091226578,1.0,0.9851351380348206
YJL066C,YJL082W,0,-5.269999,0.09214167296886444,1.0,0.9852852821350098
YBR081C,YDR496C,0,-5.272524,0.0921289250254631,1.0,0.985435426235199
YGR081C,YML128C,0,-5.291797,0.09211618453264236,1.0,0.9855855703353882
YBR081C,YGR177C,0,-5.292932,0.09210344403982162,1.0,0.9857357144355774
YGR225W,YGL236C,0,-5.299117,0.09209071099758148,1.0,0.9858858585357666
YCR060W,YFR021W,0,-5.299632,0.09207797795534134,1.0,0.9860360622406006
YBR081C,YDR449C,0,-5.302351,0.0920652449131012,1.0,0.9861862063407898
YLR029C,YOR216C,0,-5.30814,0.09205251932144165,1.0,0.986336350440979
YPL087W,YMR210W,0,-5.312467,0.0920398011803627,1.0,0.9864864945411682
YNL102W,YBL092W,0,-5.322265,0.09202708303928375,1.0,0.9866366386413574
YER013W,YOR310C,0,-5.3505254,0.0920143648982048,1.0,0.9867867827415466
YDL140C,YPL050C,0,-5.3518066,0.09200165420770645,1.0,0.9869369268417358
YMR267W,YFL001W,0,-5.3739223,0.0919889509677887,1.0,0.987087070941925
YJL191W,YNL182C,0,-5.3803854,0.09197624772787094,1.0,0.9872372150421143
YML032C,YKL182W,0,-5.3865294,0.09196354448795319,1.0,0.9873873591423035
YMR049C,YMR203W,0,-5.3934555,0.09195084869861603,1.0,0.9875375628471375
YNL102W,YDL227C,0,-5.3953333,0.09193815290927887,1.0,0.9876877069473267
YDL227C,YGR118W,0,-5.400263,0.09192546457052231,1.0,0.9878378510475159
YNL175C,YDR508C,0,-5.4049015,0.09191277623176575,1.0,0.9879879951477051
YOR297C,YDR306C,0,-5.4265065,0.09190009534358978,1.0,0.9881381392478943
YLR182W,YBR276C,0,-5.4382033,0.09188741445541382,1.0,0.9882882833480835
YJR070C,YHR079C,0,-5.4411063,0.09187474101781845,1.0,0.9884384274482727
YPL252C,YOR099W,0,-5.4541335,0.09186206758022308,1.0,0.9885885715484619
YGL112C,YGL014W,0,-5.466498,0.09184940159320831,1.0,0.9887387156486511
YOR310C,YML071C,0,-5.4738154,0.09183673560619354,1.0,0.9888888597488403
YNL178W,YFL014W,0,-5.484985,0.09182406961917877,1.0,0.9890390634536743
YGR145W,YLL043W,0,-5.486754,0.0918114110827446,1.0,0.9891892075538635
YHR085W,YER145C,0,-5.5132403,0.09179875999689102,1.0,0.9893393516540527
YDR233C,YJL178C,0,-5.521154,0.09178610891103745,1.0,0.9894894957542419
YJL011C,YPR060C,0,-5.540893,0.09177345782518387,1.0,0.9896396398544312
YDR281C,YJL206C,0,-5.5441833,0.09176081418991089,1.0,0.9897897839546204
YOR283W,YGR072W,0,-5.544866,0.0917481780052185,1.0,0.9899399280548096
YBR247C,YKR066C,0,-5.5541577,0.09173553436994553,1.0,0.9900900721549988
YOR310C,YLR321C,0,-5.557984,0.09172290563583374,1.0,0.990240216255188
YNL273W,YEL040W,0,-5.5810466,0.09171026945114136,1.0,0.990390419960022
YOR206W,YMR240C,0,-5.607636,0.09169764816761017,1.0,0.9905405640602112
YBL028C,YOR215C,0,-5.612608,0.09168501943349838,1.0,0.9906907081604004
YBR187W,YML052W,0,-5.6185017,0.09167240560054779,1.0,0.9908408522605896
YBR274W,YBL092W,0,-5.6254764,0.0916597843170166,1.0,0.9909909963607788
YPR191W,YGR264C,0,-5.6279764,0.09164717048406601,1.0,0.991141140460968
YEL052W,YIL108W,0,-5.6645446,0.09163456410169601,1.0,0.9912912845611572
YNL110C,YJR112W,0,-5.668276,0.09162195771932602,1.0,0.9914414286613464
YDR064W,YLR009W,0,-5.688382,0.09160935133695602,1.0,0.9915915727615356
YLL008W,YGL190C,0,-5.7124515,0.09159675240516663,1.0,0.9917417168617249
YJL200C,YGL190C,0,-5.7199016,0.09158416092395782,1.0,0.9918919205665588
YNL232W,YMR137C,0,-5.7256503,0.09157156944274902,1.0,0.992042064666748
YNL050C,YIL133C,0,-5.7411976,0.09155897796154022,1.0,0.9921922087669373
YOR243C,YML036W,0,-5.760736,0.09154639393091202,1.0,0.9923423528671265
YMR321C,YFL014W,0,-5.76189,0.09153380990028381,1.0,0.9924924969673157
YJR070C,YNR003C,0,-5.7619123,0.0915212333202362,1.0,0.9926426410675049
YDL074C,YPR163C,0,-5.7621293,0.0915086567401886,1.0,0.9927927851676941
YGL030W,YGL103W,0,-5.8351164,0.09149608761072159,1.0,0.9929429292678833
YNL232W,YMR269W,0,-5.843825,0.09148351848125458,1.0,0.9930930733680725
YNR067C,YOL026C,0,-5.8482146,0.09147094935178757,1.0,0.9932432174682617
YLL002W,YCL025C,0,-5.851602,0.09145838767290115,1.0,0.9933934211730957
YDL021W,YLR270W,0,-5.892717,0.09144583344459534,1.0,0.9935435652732849
YGR145W,YIL133C,0,-5.9176674,0.09143327921628952,1.0,0.9936937093734741
YMR032W,YER074W,0,-5.9633317,0.0914207249879837,1.0,0.9938438534736633
YBL028C,YGR246C,0,-5.9839215,0.09140817821025848,1.0,0.9939939975738525
YLR395C,YOR287C,0,-5.9861326,0.09139563888311386,1.0,0.9941441416740417
YGR285C,YFR001W,0,-6.0282226,0.09138309210538864,1.0,0.994294285774231
YLR321C,YFL023W,0,-6.0911603,0.09137056022882462,1.0,0.9944444298744202
YGR180C,YKL144C,0,-6.1197195,0.09135802835226059,1.0,0.9945945739746094
YDL036C,YKL078W,0,-6.134414,0.09134549647569656,1.0,0.9947447180747986
YDR064W,YFL023W,0,-6.135608,0.09133296459913254,1.0,0.9948949217796326
YLL008W,YOR355W,0,-6.193335,0.0913204476237297,1.0,0.9950450658798218
YBR081C,YGR185C,0,-6.2156606,0.09130792319774628,1.0,0.995195209980011
YLL008W,YPL196W,0,-6.2564626,0.09129540622234344,1.0,0.9953453540802002
YPR190C,YKL067W,0,-6.2609715,0.09128289669752121,1.0,0.9954954981803894
YOR142W,YJR063W,0,-6.27564,0.09127038717269897,1.0,0.9956456422805786
YLR447C,YGR072W,0,-6.275728,0.09125787764787674,1.0,0.9957957863807678
YLL034C,YGL071W,0,-6.284306,0.0912453755736351,1.0,0.995945930480957
YDR083W,YMR194W,0,-6.4206643,0.09123287349939346,1.0,0.9960960745811462
YPR187W,YDR496C,0,-6.436811,0.09122037887573242,1.0,0.9962462186813354
YJL060W,YNL208W,0,-6.4667935,0.09120789170265198,1.0,0.9963964223861694
YLR264W,YLR325C,0,-6.5159173,0.09119539707899094,1.0,0.9965465664863586
YOR206W,YNL095C,0,-6.664742,0.09118290990591049,1.0,0.9966967105865479
YGR264C,YMR229C,0,-6.7856426,0.09117043018341064,1.0,0.9968468546867371
YJL011C,YHR085W,0,-6.895549,0.0911579504609108,1.0,0.9969969987869263
YMR241W,YLR129W,0,-6.901117,0.09114547818899155,1.0,0.9971471428871155
YDL021W,YMR250W,0,-6.9280005,0.0911330059170723,1.0,0.9972972869873047
YLL008W,YLL034C,0,-6.9289947,0.09112053364515305,1.0,0.9974474310874939
YMR049C,YGR118W,0,-6.929062,0.09110806882381439,1.0,0.9975975751876831
YOR297C,YLR141W,0,-6.950077,0.09109561145305634,1.0,0.9977477192878723
YDR454C,YGL037C,0,-7.07198,0.09108315408229828,1.0,0.9978979229927063
YFR001W,YLR073C,0,-7.077883,0.09107069671154022,1.0,0.9980480670928955
YPR191W,YKR019C,0,-7.1808147,0.09105824679136276,1.0,0.9981982111930847
YBL028C,YBR230C,0,-7.2266555,0.0910457968711853,1.0,0.9983483552932739
YBR247C,YLL043W,0,-7.2506576,0.09103335440158844,1.0,0.9984984993934631
YLL002W,YPR138C,0,-7.292355,0.09102091193199158,1.0,0.9986486434936523
YOR187W,YBR238C,0,-7.3669333,0.09100846946239471,1.0,0.9987987875938416
YKL009W,YPR160W,0,-7.4264965,0.09099603444337845,1.0,0.9989489316940308
YNL274C,YLR251W,0,-7.4499474,0.09098360687494278,1.0,0.99909907579422
YJL166W,YOL093W,0,-7.460501,0.09097117930650711,1.0,0.9992492198944092
YLR321C,YBR031W,0,-7.629559,0.09095875173807144,1.0,0.9993994235992432
YPR113W,YJR083C,0,-7.7115073,0.09094633162021637,1.0,0.9995495676994324
YJL191W,YOR340C,0,-7.755409,0.0909339189529419,1.0,0.9996997117996216
YLR029C,YGR118W,0,-8.004398,0.09092149883508682,1.0,0.9998498558998108
YBL028C,YBR031W,0,-9.3021145,0.09090909361839294,1.0,1.0
